Datetime,Open,High,Low,Close,Volume,Dividends,Stock Splits
2022-09-08 10:30:00-04:00,0.8999999761581421,0.9495999813079834,0.8999999761581421,0.9259999990463257,7549,0.0,0.0
2022-09-08 11:30:00-04:00,0.9229999780654907,0.9259999990463257,0.9178000092506409,0.9259999990463257,8495,0.0,0.0
2022-09-08 12:30:00-04:00,0.9203000068664551,0.9203000068664551,0.9203000068664551,0.9203000068664551,100,0.0,0.0
2022-09-08 13:30:00-04:00,0.9146000146865845,0.9259999990463257,0.9146000146865845,0.9259999990463257,1901,0.0,0.0
2022-09-08 14:30:00-04:00,0.9160000085830688,0.9259999990463257,0.9160000085830688,0.9259999990463257,1148,0.0,0.0
2022-09-08 15:30:00-04:00,0.9160000085830688,0.9259999990463257,0.9129999876022339,0.9259999990463257,1822,0.0,0.0
2022-09-09 09:30:00-04:00,0.9259999990463257,0.9259999990463257,0.8999999761581421,0.9200000166893005,22230,0.0,0.0
2022-09-09 10:30:00-04:00,0.9199000000953674,0.9222999811172485,0.8939999938011169,0.9222999811172485,8486,0.0,0.0
2022-09-09 11:30:00-04:00,0.9222999811172485,0.9380999803543091,0.8939999938011169,0.925000011920929,12232,0.0,0.0
2022-09-09 12:30:00-04:00,0.925000011920929,0.925000011920929,0.910099983215332,0.9139999747276306,3599,0.0,0.0
2022-09-09 13:30:00-04:00,0.9100000262260437,0.9240000247955322,0.9100000262260437,0.9240000247955322,940,0.0,0.0
2022-09-09 14:30:00-04:00,0.910099983215332,0.925000011920929,0.8939999938011169,0.9240000247955322,13174,0.0,0.0
2022-09-09 15:30:00-04:00,0.9240000247955322,0.9300000071525574,0.9100000262260437,0.9300000071525574,5592,0.0,0.0
2022-09-12 09:30:00-04:00,0.9301000237464905,0.9350399971008301,0.8940489888191223,0.9198160171508789,36726,0.0,0.0
2022-09-12 10:30:00-04:00,0.9398990273475647,0.9495999813079834,0.9125999808311462,0.9434000253677368,18475,0.0,0.0
2022-09-12 11:30:00-04:00,0.9495999813079834,0.9998990297317505,0.9399999976158142,0.9998990297317505,30629,0.0,0.0
2022-09-12 12:30:00-04:00,0.984000027179718,0.9998990297317505,0.9617999792098999,0.9617999792098999,38976,0.0,0.0
2022-09-12 13:30:00-04:00,0.9635000228881836,0.9900000095367432,0.9635000228881836,0.9850000143051147,1558,0.0,0.0
2022-09-12 14:30:00-04:00,0.9850000143051147,0.9850000143051147,0.949999988079071,0.9850000143051147,15583,0.0,0.0
2022-09-12 15:30:00-04:00,0.9850000143051147,0.9890000224113464,0.96670001745224,0.9672999978065491,2664,0.0,0.0
2022-09-13 09:30:00-04:00,0.9416000247001648,0.946399986743927,0.8756999969482422,0.9200000166893005,42530,0.0,0.0
2022-09-13 10:30:00-04:00,0.9307000041007996,0.9462990164756775,0.9307000041007996,0.9370499849319458,5830,0.0,0.0
2022-09-13 11:30:00-04:00,0.9440000057220459,0.9440000057220459,0.930109977722168,0.9301999807357788,1350,0.0,0.0
2022-09-13 12:30:00-04:00,0.9440000057220459,0.9775000214576721,0.9416999816894531,0.9416999816894531,24215,0.0,0.0
2022-09-13 13:30:00-04:00,0.9775000214576721,1.0198999643325806,0.9699000120162964,0.9800000190734863,23916,0.0,0.0
2022-09-13 14:30:00-04:00,1.0,1.0,0.9761000275611877,0.9800999760627747,12473,0.0,0.0
2022-09-13 15:30:00-04:00,0.9800000190734863,0.9891999959945679,0.9441999793052673,0.9891999959945679,7192,0.0,0.0
2022-09-14 09:30:00-04:00,0.9502000212669373,0.9800000190734863,0.9502000212669373,0.9800000190734863,0,0.0,0.0
2022-09-14 10:30:00-04:00,0.9700000286102295,0.9800000190734863,0.9700000286102295,0.9799990057945251,10489,0.0,0.0
2022-09-14 11:30:00-04:00,0.9899899959564209,0.9900000095367432,0.9800999760627747,0.9801999926567078,24255,0.0,0.0
2022-09-14 12:30:00-04:00,0.9800999760627747,0.9900000095367432,0.9800999760627747,0.9900000095367432,13301,0.0,0.0
2022-09-14 13:30:00-04:00,0.9919999837875366,1.0,0.9800000190734863,0.9955999851226807,9134,0.0,0.0
2022-09-14 14:30:00-04:00,1.0042999982833862,1.0099999904632568,0.9904999732971191,0.9952999949455261,32404,0.0,0.0
2022-09-14 15:30:00-04:00,0.9916999936103821,1.0,0.9901000261306763,0.9973000288009644,20785,0.0,0.0
2022-09-15 09:30:00-04:00,1.0,1.0226999521255493,1.0,1.0199999809265137,23523,0.0,0.0
2022-09-15 10:30:00-04:00,1.0099999904632568,1.0199999809265137,1.0051000118255615,1.0051000118255615,15393,0.0,0.0
2022-09-15 11:30:00-04:00,1.0,1.0099999904632568,1.0,1.0099999904632568,835,0.0,0.0
2022-09-15 12:30:00-04:00,1.0,1.0199999809265137,0.9840999841690063,1.0049999952316284,23069,0.0,0.0
2022-09-15 13:30:00-04:00,1.009600043296814,1.0499999523162842,1.006500005722046,1.0300999879837036,30497,0.0,0.0
2022-09-15 14:30:00-04:00,1.031499981880188,1.0700000524520874,1.0311000347137451,1.065000057220459,105051,0.0,0.0
2022-09-15 15:30:00-04:00,1.0700000524520874,1.100000023841858,1.059999942779541,1.0700000524520874,55341,0.0,0.0
2022-09-16 09:30:00-04:00,1.100000023841858,1.100000023841858,0.9900000095367432,1.0199999809265137,55785,0.0,0.0
2022-09-16 10:30:00-04:00,1.0355000495910645,1.0355000495910645,1.0,1.0149999856948853,1114,0.0,0.0
2022-09-16 11:30:00-04:00,1.0099999904632568,1.0099999904632568,1.0,1.0099999904632568,7327,0.0,0.0
2022-09-16 12:30:00-04:00,1.0099999904632568,1.0099999904632568,0.949999988079071,1.0,33176,0.0,0.0
2022-09-16 13:30:00-04:00,1.0329999923706055,1.0329999923706055,0.9502999782562256,0.9749000072479248,6290,0.0,0.0
2022-09-16 14:30:00-04:00,0.960099995136261,0.9898999929428101,0.960099995136261,0.9897000193595886,2991,0.0,0.0
2022-09-16 15:30:00-04:00,0.980400025844574,1.0199999809265137,0.9803490042686462,1.0199999809265137,2916,0.0,0.0
2022-09-19 09:30:00-04:00,0.9800000190734863,1.0,0.9700000286102295,0.9950000047683716,4719,0.0,0.0
2022-09-19 10:30:00-04:00,0.9800000190734863,0.9872999787330627,0.949999988079071,0.949999988079071,5210,0.0,0.0
2022-09-19 11:30:00-04:00,0.9506000280380249,0.9700000286102295,0.949999988079071,0.9699000120162964,9634,0.0,0.0
2022-09-19 12:30:00-04:00,0.9599999785423279,0.9599999785423279,0.949999988079071,0.9593999981880188,1406,0.0,0.0
2022-09-19 13:30:00-04:00,0.9570000171661377,0.9570000171661377,0.9200000166893005,0.9300000071525574,26088,0.0,0.0
2022-09-19 14:30:00-04:00,0.9156000018119812,0.9699000120162964,0.901199996471405,0.9699000120162964,23518,0.0,0.0
2022-09-19 15:30:00-04:00,0.9399999976158142,0.9399999976158142,0.9120000004768372,0.9393879771232605,3234,0.0,0.0
2022-09-20 09:30:00-04:00,0.9300000071525574,0.9397990107536316,0.9002000093460083,0.9397990107536316,4769,0.0,0.0
2022-09-20 10:30:00-04:00,0.9293500185012817,0.9379000067710876,0.9293500185012817,0.9358999729156494,2703,0.0,0.0
2022-09-20 11:30:00-04:00,0.9100000262260437,0.9100000262260437,0.8999999761581421,0.8999999761581421,6577,0.0,0.0
2022-09-20 12:30:00-04:00,0.890999972820282,0.9028000235557556,0.8899999856948853,0.8901000022888184,2635,0.0,0.0
2022-09-20 13:30:00-04:00,0.8984990119934082,0.8999999761581421,0.8984990119934082,0.8997989892959595,2217,0.0,0.0
2022-09-20 14:30:00-04:00,0.8901010155677795,0.8949000239372253,0.8899999856948853,0.8901000022888184,10201,0.0,0.0
2022-09-20 15:30:00-04:00,0.8913000226020813,0.8913000226020813,0.8913000226020813,0.8913000226020813,1510,0.0,0.0
2022-09-21 09:30:00-04:00,0.8899999856948853,0.9572499990463257,0.8801000118255615,0.8802000284194946,27701,0.0,0.0
2022-09-21 10:30:00-04:00,0.9199000000953674,0.949999988079071,0.8841000199317932,0.8841000199317932,30852,0.0,0.0
2022-09-21 11:30:00-04:00,0.9099000096321106,0.9099000096321106,0.8633999824523926,0.8650000095367432,27188,0.0,0.0
2022-09-21 12:30:00-04:00,0.909600019454956,0.909600019454956,0.909600019454956,0.909600019454956,1006,0.0,0.0
2022-09-21 13:30:00-04:00,0.8715999722480774,0.8715999722480774,0.8715999722480774,0.8715999722480774,224,0.0,0.0
2022-09-21 14:30:00-04:00,0.871999979019165,0.9097999930381775,0.871999979019165,0.9097999930381775,6789,0.0,0.0
2022-09-21 15:30:00-04:00,0.8810999989509583,0.8810999989509583,0.8700000047683716,0.8700000047683716,4140,0.0,0.0
2022-09-22 09:30:00-04:00,0.8802000284194946,0.8802000284194946,0.8773000240325928,0.8773000240325928,2919,0.0,0.0
2022-09-22 10:30:00-04:00,0.8500000238418579,0.8500000238418579,0.8230000138282776,0.8248999714851379,16518,0.0,0.0
2022-09-22 11:30:00-04:00,0.8223000168800354,0.8223000168800354,0.8199999928474426,0.8201000094413757,15926,0.0,0.0
2022-09-22 12:30:00-04:00,0.8201000094413757,0.8600000143051147,0.8199999928474426,0.8598999977111816,15473,0.0,0.0
2022-09-22 13:30:00-04:00,0.8598999977111816,0.8598999977111816,0.8521999716758728,0.8549000024795532,1679,0.0,0.0
2022-09-22 14:30:00-04:00,0.8598999977111816,0.8799999952316284,0.8550000190734863,0.8675000071525574,6205,0.0,0.0
2022-09-22 15:30:00-04:00,0.8643509745597839,0.8644000291824341,0.8643509745597839,0.8644000291824341,266,0.0,0.0
2022-09-23 09:30:00-04:00,0.8521999716758728,0.8521999716758728,0.8199999928474426,0.8299999833106995,7657,0.0,0.0
2022-09-23 10:30:00-04:00,0.8299999833106995,0.8500000238418579,0.824999988079071,0.824999988079071,1166,0.0,0.0
2022-09-23 11:30:00-04:00,0.8211010098457336,0.830498993396759,0.8211010098457336,0.8299000263214111,2808,0.0,0.0
2022-09-23 12:30:00-04:00,0.8299000263214111,0.8399999737739563,0.829800009727478,0.8349000215530396,7827,0.0,0.0
2022-09-23 13:30:00-04:00,0.8399999737739563,0.8399999737739563,0.8199999928474426,0.839900016784668,14561,0.0,0.0
2022-09-23 14:30:00-04:00,0.8199999928474426,0.8399999737739563,0.8199999928474426,0.8399999737739563,6858,0.0,0.0
2022-09-23 15:30:00-04:00,0.8500000238418579,0.8500000238418579,0.8500000238418579,0.8500000238418579,717,0.0,0.0
2022-09-26 09:30:00-04:00,0.8598999977111816,0.8701009750366211,0.8202000260353088,0.8700010180473328,17856,0.0,0.0
2022-09-26 10:30:00-04:00,0.8700000047683716,0.8718510270118713,0.8695489764213562,0.8718510270118713,2214,0.0,0.0
2022-09-26 12:30:00-04:00,0.8777989745140076,0.8779000043869019,0.8700000047683716,0.871399998664856,2586,0.0,0.0
2022-09-26 13:30:00-04:00,0.8725000023841858,0.8726000189781189,0.8723999857902527,0.8725000023841858,2022,0.0,0.0
2022-09-26 14:30:00-04:00,0.8650000095367432,0.8687000274658203,0.8650000095367432,0.8687000274658203,592,0.0,0.0
2022-09-26 15:30:00-04:00,0.8650000095367432,0.8725000023841858,0.8457000255584717,0.8725000023841858,7705,0.0,0.0
2022-09-27 09:30:00-04:00,0.8450000286102295,0.8450000286102295,0.8374999761581421,0.8399999737739563,0,0.0,0.0
2022-09-27 10:30:00-04:00,0.8500009775161743,0.8500009775161743,0.8399999737739563,0.8399999737739563,2372,0.0,0.0
2022-09-27 11:30:00-04:00,0.8450000286102295,0.8450000286102295,0.8304010033607483,0.8342999815940857,2367,0.0,0.0
2022-09-27 12:30:00-04:00,0.8343999981880188,0.8708999752998352,0.8299999833106995,0.8299999833106995,7560,0.0,0.0
2022-09-27 13:30:00-04:00,0.8580999970436096,0.8580999970436096,0.8526999950408936,0.8526999950408936,1176,0.0,0.0
2022-09-27 15:30:00-04:00,0.8629999756813049,0.8629999756813049,0.8500000238418579,0.8500000238418579,3024,0.0,0.0
2022-09-28 09:30:00-04:00,0.8999999761581421,0.8999999761581421,0.8560000061988831,0.8889999985694885,0,0.0,0.0
2022-09-28 10:30:00-04:00,0.8885999917984009,0.8889999985694885,0.8885999917984009,0.8889999985694885,449,0.0,0.0
2022-09-28 11:30:00-04:00,0.8889999985694885,0.8889999985694885,0.8845999836921692,0.8845999836921692,2509,0.0,0.0
2022-09-28 12:30:00-04:00,0.8845000267028809,0.8847000002861023,0.8799999952316284,0.8847000002861023,1184,0.0,0.0
2022-09-28 13:30:00-04:00,0.8847000002861023,0.8847000002861023,0.8847000002861023,0.8847000002861023,282,0.0,0.0
2022-09-28 14:30:00-04:00,0.8889999985694885,0.9124000072479248,0.8859999775886536,0.9124000072479248,16379,0.0,0.0
2022-09-28 15:30:00-04:00,0.9294000267982483,0.9294000267982483,0.8925999999046326,0.9072999954223633,3813,0.0,0.0
2022-09-29 09:30:00-04:00,0.8956999778747559,0.9190000295639038,0.8956999778747559,0.9189000129699707,2768,0.0,0.0
2022-09-29 10:30:00-04:00,0.9000999927520752,0.9190000295639038,0.9000999927520752,0.9096999764442444,1515,0.0,0.0
2022-09-29 11:30:00-04:00,0.9014999866485596,0.9014999866485596,0.8950999975204468,0.8950999975204468,3319,0.0,0.0
2022-09-29 12:30:00-04:00,0.8949999809265137,0.8949999809265137,0.892799973487854,0.892799973487854,1489,0.0,0.0
2022-09-29 13:30:00-04:00,0.8729000091552734,0.8837000131607056,0.8600000143051147,0.8622000217437744,1624,0.0,0.0
2022-09-29 14:30:00-04:00,0.8622000217437744,0.8622000217437744,0.8600000143051147,0.8600000143051147,962,0.0,0.0
2022-09-29 15:30:00-04:00,0.8809999823570251,0.8809999823570251,0.8809999823570251,0.8809999823570251,100,0.0,0.0
2022-09-30 09:30:00-04:00,0.8571000099182129,0.8597999811172485,0.8303999900817871,0.8597999811172485,2456,0.0,0.0
2022-09-30 10:30:00-04:00,0.8597999811172485,0.9412999749183655,0.8597999811172485,0.9412999749183655,2773,0.0,0.0
2022-09-30 12:30:00-04:00,0.9057999849319458,0.9397000074386597,0.9057999849319458,0.9315999746322632,8706,0.0,0.0
2022-09-30 13:30:00-04:00,0.9233999848365784,0.9233999848365784,0.9233999848365784,0.9233999848365784,254,0.0,0.0
2022-09-30 14:30:00-04:00,0.9233999848365784,0.9233999848365784,0.9058099985122681,0.9058099985122681,1982,0.0,0.0
2022-09-30 15:30:00-04:00,0.9233999848365784,0.9266999959945679,0.9233999848365784,0.9266999959945679,397,0.0,0.0
2022-10-03 09:30:00-04:00,0.9399999976158142,0.9399999976158142,0.8899999856948853,0.9199000000953674,8585,0.0,0.0
2022-10-03 10:30:00-04:00,0.9199000000953674,0.9199000000953674,0.9199000000953674,0.9199000000953674,500,0.0,0.0
2022-10-03 11:30:00-04:00,0.8901000022888184,0.9199000000953674,0.8901000022888184,0.9199000000953674,1275,0.0,0.0
2022-10-03 12:30:00-04:00,0.890999972820282,0.890999972820282,0.8889999985694885,0.8889999985694885,1025,0.0,0.0
2022-10-03 13:30:00-04:00,0.8889999985694885,0.9197999835014343,0.8889999985694885,0.9197999835014343,203,0.0,0.0
2022-10-03 14:30:00-04:00,0.8989499807357788,0.8989499807357788,0.8766000270843506,0.8766000270843506,2200,0.0,0.0
2022-10-04 09:30:00-04:00,0.8999999761581421,0.9399999976158142,0.8999999761581421,0.9399999976158142,8345,0.0,0.0
2022-10-04 10:30:00-04:00,0.935699999332428,0.9399999976158142,0.921999990940094,0.921999990940094,3235,0.0,0.0
2022-10-04 11:30:00-04:00,0.9221000075340271,0.9222000241279602,0.9221000075340271,0.9222000241279602,1329,0.0,0.0
2022-10-04 12:30:00-04:00,0.9290000200271606,0.9300000071525574,0.9251009821891785,0.9251009821891785,11303,0.0,0.0
2022-10-04 13:30:00-04:00,0.9251000285148621,0.9343000054359436,0.9251000285148621,0.9341999888420105,4484,0.0,0.0
2022-10-04 14:30:00-04:00,0.9200000166893005,0.9200000166893005,0.9100000262260437,0.916038990020752,8872,0.0,0.0
2022-10-04 15:30:00-04:00,0.9165999889373779,0.9165999889373779,0.883400022983551,0.8899999856948853,4196,0.0,0.0
2022-10-05 09:30:00-04:00,0.895048975944519,0.9376000165939331,0.8784999847412109,0.8784999847412109,2041,0.0,0.0
2022-10-05 10:30:00-04:00,0.8781009912490845,0.9039999842643738,0.8600000143051147,0.8600000143051147,20288,0.0,0.0
2022-10-05 11:30:00-04:00,0.8701000213623047,0.8701009750366211,0.8701000213623047,0.8701000213623047,48319,0.0,0.0
2022-10-05 12:30:00-04:00,0.880200982093811,0.8813179731369019,0.8799999952316284,0.8799999952316284,9328,0.0,0.0
2022-10-05 13:30:00-04:00,0.8799999952316284,0.8801000118255615,0.8799999952316284,0.8799999952316284,2428,0.0,0.0
2022-10-05 14:30:00-04:00,0.8801000118255615,0.8801000118255615,0.8700000047683716,0.8743000030517578,5239,0.0,0.0
2022-10-06 09:30:00-04:00,0.8749989867210388,0.8799999952316284,0.8700000047683716,0.8799999952316284,0,0.0,0.0
2022-10-06 10:30:00-04:00,0.9060999751091003,0.9060999751091003,0.9060999751091003,0.9060999751091003,1000,0.0,0.0
2022-10-06 11:30:00-04:00,0.9015510082244873,0.9015510082244873,0.8999999761581421,0.8999999761581421,1324,0.0,0.0
2022-10-06 12:30:00-04:00,0.8998000025749207,0.8998000025749207,0.8998000025749207,0.8998000025749207,1010,0.0,0.0
2022-10-06 13:30:00-04:00,0.8850489854812622,0.8899999856948853,0.8700000047683716,0.8700000047683716,2780,0.0,0.0
2022-10-06 14:30:00-04:00,0.8741000294685364,0.8761000037193298,0.8741000294685364,0.8761000037193298,3864,0.0,0.0
2022-10-06 15:30:00-04:00,0.8781999945640564,0.8781999945640564,0.8781999945640564,0.8781999945640564,223,0.0,0.0
2022-10-07 09:30:00-04:00,0.8799999952316284,0.9397000074386597,0.8799999952316284,0.8999999761581421,0,0.0,0.0
2022-10-07 10:30:00-04:00,0.8999999761581421,0.8999999761581421,0.8830999732017517,0.8830999732017517,1436,0.0,0.0
2022-10-07 11:30:00-04:00,0.8877000212669373,0.8999000191688538,0.8877000212669373,0.8998000025749207,2401,0.0,0.0
2022-10-07 12:30:00-04:00,0.8999999761581421,0.8999999761581421,0.8830000162124634,0.8830000162124634,3051,0.0,0.0
2022-10-07 13:30:00-04:00,0.8831009864807129,0.8999000191688538,0.8831009864807129,0.8899999856948853,1748,0.0,0.0
2022-10-07 14:30:00-04:00,0.8932499885559082,0.8999999761581421,0.8799999952316284,0.8899999856948853,4271,0.0,0.0
2022-10-07 15:30:00-04:00,0.8934000134468079,0.9052000045776367,0.8799999952316284,0.8908010125160217,1440,0.0,0.0
2022-10-10 09:30:00-04:00,0.9099500179290771,0.9099500179290771,0.8799999952316284,0.8988000154495239,14596,0.0,0.0
2022-10-10 10:30:00-04:00,0.8801000118255615,0.8801000118255615,0.8801000118255615,0.8801000118255615,5992,0.0,0.0
2022-10-10 11:30:00-04:00,0.8914999961853027,0.8914999961853027,0.8914999961853027,0.8914999961853027,2399,0.0,0.0
2022-10-10 12:30:00-04:00,0.8914999961853027,0.8914999961853027,0.8799999952316284,0.8799999952316284,0,0.0,0.0
2022-10-11 09:30:00-04:00,0.8791999816894531,0.8791999816894531,0.8791999816894531,0.8791999816894531,1154,0.0,0.0
2022-10-11 12:30:00-04:00,0.9228000044822693,0.9228000044822693,0.9228000044822693,0.9228000044822693,272,0.0,0.0
2022-10-11 13:30:00-04:00,0.9200000166893005,0.9200000166893005,0.9025999903678894,0.9112989902496338,1958,0.0,0.0
2022-10-11 14:30:00-04:00,0.9200000166893005,0.9200000166893005,0.8989999890327454,0.8989999890327454,876,0.0,0.0
2022-10-11 15:30:00-04:00,0.9077000021934509,0.9199000000953674,0.9077000021934509,0.9199000000953674,255,0.0,0.0
2022-10-12 09:30:00-04:00,0.8899999856948853,0.8899999856948853,0.8899999856948853,0.8899999856948853,1089,0.0,0.0
2022-10-12 10:30:00-04:00,0.8869510293006897,0.8986999988555908,0.8752009868621826,0.8986999988555908,651,0.0,0.0
2022-10-12 11:30:00-04:00,0.8985999822616577,0.8985999822616577,0.8985999822616577,0.8985999822616577,103,0.0,0.0
2022-10-12 12:30:00-04:00,0.8751999735832214,0.8751999735832214,0.8751999735832214,0.8751999735832214,7862,0.0,0.0
2022-10-12 13:30:00-04:00,0.8751000165939331,0.8751000165939331,0.828499972820282,0.8698999881744385,25095,0.0,0.0
2022-10-12 15:30:00-04:00,0.875,0.875,0.875,0.875,0,0.0,0.0
2022-10-13 09:30:00-04:00,0.8288000226020813,0.8748000264167786,0.8199999928474426,0.8574489951133728,2919,0.0,0.0
2022-10-13 11:30:00-04:00,0.8500000238418579,0.8744000196456909,0.8500000238418579,0.8730000257492065,2084,0.0,0.0
2022-10-13 12:30:00-04:00,0.8539000153541565,0.8669000267982483,0.8539000153541565,0.8669000267982483,1932,0.0,0.0
2022-10-13 13:30:00-04:00,0.8519999980926514,0.8600000143051147,0.8519999980926514,0.8519999980926514,2021,0.0,0.0
2022-10-13 14:30:00-04:00,0.8668000102043152,0.8668000102043152,0.8593999743461609,0.8593999743461609,308,0.0,0.0
2022-10-13 15:30:00-04:00,0.8593999743461609,0.8604000210762024,0.8593999743461609,0.8604000210762024,0,0.0,0.0
2022-10-14 09:30:00-04:00,0.8600000143051147,0.8658999800682068,0.8519999980926514,0.8658999800682068,3820,0.0,0.0
2022-10-14 10:30:00-04:00,0.8500000238418579,0.8500000238418579,0.8500000238418579,0.8500000238418579,403,0.0,0.0
2022-10-14 12:30:00-04:00,0.8281999826431274,0.8294000029563904,0.8281999826431274,0.8294000029563904,999,0.0,0.0
2022-10-14 13:30:00-04:00,0.8472859859466553,0.8472859859466553,0.8472859859466553,0.8472859859466553,976,0.0,0.0
2022-10-14 14:30:00-04:00,0.847599983215332,0.847599983215332,0.847599983215332,0.847599983215332,1000,0.0,0.0
2022-10-14 15:30:00-04:00,0.8203999996185303,0.847698986530304,0.8199999928474426,0.8270999789237976,4351,0.0,0.0
2022-10-17 09:30:00-04:00,0.8299999833106995,0.8299999833106995,0.8199999928474426,0.8277999758720398,0,0.0,0.0
2022-10-17 10:30:00-04:00,0.8201000094413757,0.8294900059700012,0.8201000094413757,0.829200029373169,1940,0.0,0.0
2022-10-17 11:30:00-04:00,0.8288000226020813,0.8288000226020813,0.8288000226020813,0.8288000226020813,130,0.0,0.0
2022-10-17 12:30:00-04:00,0.8287000060081482,0.8288000226020813,0.8199999928474426,0.8199999928474426,3488,0.0,0.0
2022-10-17 13:30:00-04:00,0.824150025844574,0.8281999826431274,0.8199999928474426,0.8281999826431274,6243,0.0,0.0
2022-10-17 14:30:00-04:00,0.8300999999046326,0.8535990118980408,0.8300999999046326,0.8535990118980408,2165,0.0,0.0
2022-10-17 15:30:00-04:00,0.8478000164031982,0.8478000164031982,0.8460999727249146,0.8460999727249146,393,0.0,0.0
2022-10-18 09:30:00-04:00,0.8199999928474426,0.8539490103721619,0.8199999928474426,0.8288429975509644,4129,0.0,0.0
2022-10-18 10:30:00-04:00,0.8224999904632568,0.833899974822998,0.8220000267028809,0.8220000267028809,6942,0.0,0.0
2022-10-18 13:30:00-04:00,0.8650000095367432,0.8659999966621399,0.8500000238418579,0.8518000245094299,2274,0.0,0.0
2022-10-18 14:30:00-04:00,0.8518000245094299,0.8518000245094299,0.8518000245094299,0.8518000245094299,475,0.0,0.0
2022-10-18 15:30:00-04:00,0.8300099968910217,0.8300099968910217,0.8300099968910217,0.8300099968910217,222,0.0,0.0
2022-10-19 09:30:00-04:00,0.8399999737739563,0.8399999737739563,0.8202009797096252,0.8202009797096252,932,0.0,0.0
2022-10-19 10:30:00-04:00,0.8202999830245972,0.8332499861717224,0.8202999830245972,0.8223990201950073,4964,0.0,0.0
2022-10-19 11:30:00-04:00,0.8199999928474426,0.8210999965667725,0.8140000104904175,0.8170499801635742,6899,0.0,0.0
2022-10-19 12:30:00-04:00,0.8198000192642212,0.8198000192642212,0.8140000104904175,0.8197000026702881,2300,0.0,0.0
2022-10-19 13:30:00-04:00,0.8199999928474426,0.8199999928474426,0.8140000104904175,0.8140000104904175,1484,0.0,0.0
2022-10-19 14:30:00-04:00,0.8140000104904175,0.8140000104904175,0.8100000023841858,0.8100000023841858,3464,0.0,0.0
2022-10-19 15:30:00-04:00,0.8100000023841858,0.8438990116119385,0.8100000023841858,0.8438990116119385,657,0.0,0.0
2022-10-20 09:30:00-04:00,0.8270000219345093,0.8270000219345093,0.8199999928474426,0.8209999799728394,6855,0.0,0.0
2022-10-20 10:30:00-04:00,0.8251000046730042,0.8251000046730042,0.8251000046730042,0.8251000046730042,107,0.0,0.0
2022-10-20 11:30:00-04:00,0.8499000072479248,0.8499000072479248,0.8499000072479248,0.8499000072479248,200,0.0,0.0
2022-10-20 14:30:00-04:00,0.8251000046730042,0.8251000046730042,0.8251000046730042,0.8251000046730042,1239,0.0,0.0
2022-10-20 15:30:00-04:00,0.8450999855995178,0.8450999855995178,0.8450999855995178,0.8450999855995178,301,0.0,0.0
2022-10-21 09:30:00-04:00,0.8360009789466858,0.8360009789466858,0.8220009803771973,0.8220009803771973,0,0.0,0.0
2022-10-21 10:30:00-04:00,0.8499990105628967,0.8499990105628967,0.8399999737739563,0.8432000279426575,2325,0.0,0.0
2022-10-21 11:30:00-04:00,0.8299999833106995,0.8303509950637817,0.8100000023841858,0.8100000023841858,4633,0.0,0.0
2022-10-21 12:30:00-04:00,0.8240000009536743,0.8240000009536743,0.82389897108078,0.82389897108078,396,0.0,0.0
2022-10-21 13:30:00-04:00,0.8149999976158142,0.8169999718666077,0.8100000023841858,0.8100990056991577,4124,0.0,0.0
2022-10-21 14:30:00-04:00,0.8100000023841858,0.8126999735832214,0.8062000274658203,0.8088499903678894,3243,0.0,0.0
2022-10-21 15:30:00-04:00,0.8051009774208069,0.8112990260124207,0.8050000071525574,0.8112990260124207,724,0.0,0.0
2022-10-24 09:30:00-04:00,0.8127999901771545,0.8496999740600586,0.8127999901771545,0.8199999928474426,7019,0.0,0.0
2022-10-24 10:30:00-04:00,0.8100000023841858,0.8100000023841858,0.8100000023841858,0.8100000023841858,1553,0.0,0.0
2022-10-24 11:30:00-04:00,0.8199999928474426,0.8199999928474426,0.8001000285148621,0.8004999756813049,2794,0.0,0.0
2022-10-24 12:30:00-04:00,0.8105000257492065,0.8198999762535095,0.8015000224113464,0.8198999762535095,579,0.0,0.0
2022-10-24 13:30:00-04:00,0.8009999990463257,0.8177000284194946,0.7849000096321106,0.8177000284194946,16559,0.0,0.0
2022-10-24 15:30:00-04:00,0.7850000262260437,0.7850000262260437,0.7850000262260437,0.7850000262260437,0,0.0,0.0
2022-10-25 09:30:00-04:00,0.7998999953269958,0.8300999999046326,0.7949489951133728,0.8299999833106995,43495,0.0,0.0
2022-10-25 10:30:00-04:00,0.839900016784668,0.8399999737739563,0.7949000000953674,0.8040000200271606,11082,0.0,0.0
2022-10-25 11:30:00-04:00,0.7950999736785889,0.7960000038146973,0.7699999809265137,0.7909489870071411,33633,0.0,0.0
2022-10-25 12:30:00-04:00,0.7799000144004822,0.7919999957084656,0.7613000273704529,0.7919999957084656,6604,0.0,0.0
2022-10-25 13:30:00-04:00,0.800000011920929,0.800000011920929,0.7900000214576721,0.7900000214576721,549,0.0,0.0
2022-10-25 14:30:00-04:00,0.7801010012626648,0.804980993270874,0.7801010012626648,0.804980993270874,4662,0.0,0.0
2022-10-25 15:30:00-04:00,0.7900000214576721,0.7900000214576721,0.7900000214576721,0.7900000214576721,0,0.0,0.0
2022-10-26 09:30:00-04:00,0.8278849720954895,0.8398990035057068,0.7699999809265137,0.7699999809265137,3603,0.0,0.0
2022-10-26 10:30:00-04:00,0.7897999882698059,0.7935010194778442,0.7777000069618225,0.7935010194778442,28507,0.0,0.0
2022-10-26 11:30:00-04:00,0.7968000173568726,0.7968000173568726,0.7831000089645386,0.7831000089645386,3131,0.0,0.0
2022-10-26 12:30:00-04:00,0.7773000001907349,0.7799999713897705,0.7773000001907349,0.7799999713897705,1438,0.0,0.0
2022-10-26 13:30:00-04:00,0.8109999895095825,0.8109999895095825,0.7900000214576721,0.7940009832382202,2613,0.0,0.0
2022-10-26 14:30:00-04:00,0.7926999926567078,0.7926999926567078,0.7926999926567078,0.7926999926567078,252,0.0,0.0
2022-10-26 15:30:00-04:00,0.7900000214576721,0.7900000214576721,0.7662000060081482,0.7662000060081482,8637,0.0,0.0
2022-10-27 09:30:00-04:00,0.7739999890327454,0.8417999744415283,0.7739999890327454,0.8348000049591064,2775,0.0,0.0
2022-10-27 10:30:00-04:00,0.7799999713897705,0.7799999713897705,0.7651000022888184,0.7797999978065491,4572,0.0,0.0
2022-10-27 11:30:00-04:00,0.7768999934196472,0.7768999934196472,0.7713000178337097,0.7713000178337097,602,0.0,0.0
2022-10-27 12:30:00-04:00,0.7712000012397766,0.7712000012397766,0.7682499885559082,0.7699999809265137,1615,0.0,0.0
2022-10-27 13:30:00-04:00,0.7700999975204468,0.7749999761581421,0.7699999809265137,0.7749999761581421,2810,0.0,0.0
2022-10-27 14:30:00-04:00,0.7700999975204468,0.7732999920845032,0.75,0.7549999952316284,12130,0.0,0.0
2022-10-27 15:30:00-04:00,0.75,0.763500988483429,0.75,0.7609999775886536,48263,0.0,0.0
2022-10-28 09:30:00-04:00,0.7599999904632568,0.7699999809265137,0.75,0.7559999823570251,14258,0.0,0.0
2022-10-28 10:30:00-04:00,0.762499988079071,0.7644000053405762,0.7559999823570251,0.761900007724762,5487,0.0,0.0
2022-10-28 11:30:00-04:00,0.7599999904632568,0.7599999904632568,0.75,0.7540510296821594,30627,0.0,0.0
2022-10-28 12:30:00-04:00,0.7601000070571899,0.786300003528595,0.7480000257492065,0.7608799934387207,60530,0.0,0.0
2022-10-28 13:30:00-04:00,0.7599999904632568,0.792900025844574,0.7598999738693237,0.7599999904632568,6581,0.0,0.0
2022-10-28 14:30:00-04:00,0.7599999904632568,0.7888990044593811,0.7519999742507935,0.7599999904632568,6118,0.0,0.0
2022-10-28 15:30:00-04:00,0.7692999839782715,0.7940999865531921,0.7644000053405762,0.7766000032424927,9670,0.0,0.0
2022-10-31 09:30:00-04:00,0.8500000238418579,0.8500000238418579,0.7699999809265137,0.7803999781608582,12363,0.0,0.0
2022-10-31 10:30:00-04:00,0.7878000140190125,0.7908999919891357,0.7878000140190125,0.7908999919891357,330,0.0,0.0
2022-10-31 11:30:00-04:00,0.7803999781608582,0.8122000098228455,0.7803999781608582,0.8122000098228455,5769,0.0,0.0
2022-10-31 12:30:00-04:00,0.8042010068893433,0.8105000257492065,0.8042010068893433,0.8098000288009644,834,0.0,0.0
2022-10-31 13:30:00-04:00,0.8072999715805054,0.8107929825782776,0.8040000200271606,0.8040000200271606,10415,0.0,0.0
2022-10-31 14:30:00-04:00,0.8040000200271606,0.8040000200271606,0.7821999788284302,0.7821999788284302,5378,0.0,0.0
2022-10-31 15:30:00-04:00,0.8064000010490417,0.8064000010490417,0.8064000010490417,0.8064000010490417,100,0.0,0.0
2022-11-01 09:30:00-04:00,0.8100000023841858,0.8295000195503235,0.789900004863739,0.7956010103225708,5270,0.0,0.0
2022-11-01 10:30:00-04:00,0.8197500109672546,0.8197500109672546,0.7935000061988831,0.8130000233650208,4751,0.0,0.0
2022-11-01 11:30:00-04:00,0.8130000233650208,0.8130000233650208,0.7723000049591064,0.8050000071525574,1648,0.0,0.0
2022-11-01 12:30:00-04:00,0.7720000147819519,0.8098999857902527,0.7720000147819519,0.8098999857902527,3783,0.0,0.0
2022-11-01 13:30:00-04:00,0.80520099401474,0.80520099401474,0.80520099401474,0.80520099401474,1005,0.0,0.0
2022-11-01 14:30:00-04:00,0.8008999824523926,0.8008999824523926,0.8008999824523926,0.8008999824523926,0,0.0,0.0
2022-11-02 09:30:00-04:00,0.75,0.7919989824295044,0.75,0.7651000022888184,9785,0.0,0.0
2022-11-02 10:30:00-04:00,0.7919999957084656,0.7919999957084656,0.770101010799408,0.770101010799408,1723,0.0,0.0
2022-11-02 11:30:00-04:00,0.7885050177574158,0.7885050177574158,0.75,0.75,12298,0.0,0.0
2022-11-02 12:30:00-04:00,0.75,0.75,0.75,0.75,300,0.0,0.0
2022-11-02 14:30:00-04:00,0.7900000214576721,0.7900000214576721,0.7900000214576721,0.7900000214576721,1105,0.0,0.0
2022-11-02 15:30:00-04:00,0.7799999713897705,0.7811999917030334,0.7799999713897705,0.7799999713897705,305,0.0,0.0
2022-11-03 09:30:00-04:00,0.7749000191688538,0.7998999953269958,0.7699999809265137,0.7850000262260437,0,0.0,0.0
2022-11-03 10:30:00-04:00,0.7850000262260437,0.8220999836921692,0.7850000262260437,0.8220999836921692,28472,0.0,0.0
2022-11-03 11:30:00-04:00,0.8259999752044678,0.8335009813308716,0.824999988079071,0.824999988079071,4051,0.0,0.0
2022-11-03 12:30:00-04:00,0.8331000208854675,0.8420000076293945,0.8199999928474426,0.8310999870300293,61687,0.0,0.0
2022-11-03 13:30:00-04:00,0.8310999870300293,0.8310999870300293,0.7972999811172485,0.8078010082244873,4285,0.0,0.0
2022-11-03 14:30:00-04:00,0.8077509999275208,0.8078010082244873,0.7893000245094299,0.7893000245094299,6104,0.0,0.0
2022-11-03 15:30:00-04:00,0.800000011920929,0.8140000104904175,0.7300999760627747,0.7300999760627747,28952,0.0,0.0
2022-11-04 09:30:00-04:00,0.7850000262260437,0.7850000262260437,0.7599999904632568,0.7599999904632568,1835,0.0,0.0
2022-11-04 10:30:00-04:00,0.7620999813079834,0.7641000151634216,0.7620999813079834,0.7636989951133728,4103,0.0,0.0
2022-11-04 11:30:00-04:00,0.7618499994277954,0.761900007724762,0.75,0.761900007724762,3773,0.0,0.0
2022-11-04 12:30:00-04:00,0.761900007724762,0.761900007724762,0.761900007724762,0.761900007724762,229,0.0,0.0
2022-11-04 13:30:00-04:00,0.7687000036239624,0.7687000036239624,0.75,0.75,7013,0.0,0.0
2022-11-04 14:30:00-04:00,0.75,0.75,0.75,0.75,1002,0.0,0.0
2022-11-04 15:30:00-04:00,0.7717000246047974,0.7724000215530396,0.760899007320404,0.7699999809265137,1693,0.0,0.0
2022-11-07 09:30:00-05:00,0.5799000263214111,0.5799000263214111,0.44999998807907104,0.44999998807907104,583470,0.0,0.0
2022-11-07 10:30:00-05:00,0.4950000047683716,0.5187000036239624,0.48890000581741333,0.48890000581741333,181316,0.0,0.0
2022-11-07 11:30:00-05:00,0.4843989908695221,0.5,0.45100000500679016,0.46000000834465027,265788,0.0,0.0
2022-11-07 12:30:00-05:00,0.460099995136261,0.4968999922275543,0.45500001311302185,0.4650000035762787,457741,0.0,0.0
2022-11-07 13:30:00-05:00,0.4821000099182129,0.4999989867210388,0.4699999988079071,0.4699999988079071,56452,0.0,0.0
2022-11-07 14:30:00-05:00,0.4839000105857849,0.48399999737739563,0.4650000035762787,0.4650000035762787,114748,0.0,0.0
2022-11-07 15:30:00-05:00,0.4650999903678894,0.47999998927116394,0.453000009059906,0.4530999958515167,77975,0.0,0.0
2022-11-08 09:30:00-05:00,0.5,0.5,0.46000000834465027,0.4918999969959259,119537,0.0,0.0
2022-11-08 10:30:00-05:00,0.4699999988079071,0.4995979964733124,0.44999998807907104,0.49900001287460327,36817,0.0,0.0
2022-11-08 11:30:00-05:00,0.4999000132083893,0.4999000132083893,0.49799999594688416,0.49810001254081726,18284,0.0,0.0
2022-11-08 12:30:00-05:00,0.49810001254081726,0.49810001254081726,0.49799999594688416,0.49799999594688416,9098,0.0,0.0
2022-11-08 13:30:00-05:00,0.49799999594688416,0.49810001254081726,0.49799999594688416,0.49799999594688416,6662,0.0,0.0
2022-11-08 14:30:00-05:00,0.49810001254081726,0.5074999928474426,0.49799999594688416,0.49900001287460327,51936,0.0,0.0
2022-11-08 15:30:00-05:00,0.49975699186325073,0.49975699186325073,0.4799500107765198,0.47999998927116394,0,0.0,0.0
2022-11-09 09:30:00-05:00,0.5099999904632568,0.5145009756088257,0.48930099606513977,0.49000000953674316,20586,0.0,0.0
2022-11-09 10:30:00-05:00,0.49000000953674316,0.4950000047683716,0.4530999958515167,0.4530999958515167,10807,0.0,0.0
2022-11-09 11:30:00-05:00,0.47999998927116394,0.47999998927116394,0.47999998927116394,0.47999998927116394,1230,0.0,0.0
2022-11-09 12:30:00-05:00,0.46000000834465027,0.46000000834465027,0.45527398586273193,0.45989999175071716,7048,0.0,0.0
2022-11-09 13:30:00-05:00,0.4593000113964081,0.45989999175071716,0.44999998807907104,0.45989999175071716,15021,0.0,0.0
2022-11-09 14:30:00-05:00,0.4587000012397766,0.45989999175071716,0.4587000012397766,0.4596000015735626,3288,0.0,0.0
2022-11-09 15:30:00-05:00,0.4596000015735626,0.45989999175071716,0.4593000113964081,0.45989999175071716,13052,0.0,0.0
2022-11-10 09:30:00-05:00,0.46000000834465027,0.49000000953674316,0.4401000142097473,0.44020000100135803,32106,0.0,0.0
2022-11-10 10:30:00-05:00,0.4799000024795532,0.47999998927116394,0.4401000142097473,0.46000000834465027,29184,0.0,0.0
2022-11-10 11:30:00-05:00,0.45010000467300415,0.46004998683929443,0.44999998807907104,0.46000000834465027,99252,0.0,0.0
2022-11-10 12:30:00-05:00,0.46004998683929443,0.47999998927116394,0.46000000834465027,0.47999998927116394,62967,0.0,0.0
2022-11-10 13:30:00-05:00,0.47999998927116394,0.47999998927116394,0.460099995136261,0.47999998927116394,70800,0.0,0.0
2022-11-10 14:30:00-05:00,0.47999998927116394,0.47999998927116394,0.4602000117301941,0.47999998927116394,39717,0.0,0.0
2022-11-10 15:30:00-05:00,0.4652000069618225,0.47999998927116394,0.460099995136261,0.460099995136261,18274,0.0,0.0
2022-11-11 09:30:00-05:00,0.47999998927116394,0.4999000132083893,0.47999998927116394,0.49000000953674316,0,0.0,0.0
2022-11-11 10:30:00-05:00,0.47999998927116394,0.47999998927116394,0.47999998927116394,0.47999998927116394,10000,0.0,0.0
2022-11-11 11:30:00-05:00,0.5,0.5,0.47999998927116394,0.47999998927116394,11836,0.0,0.0
2022-11-11 12:30:00-05:00,0.5,0.5,0.4880000054836273,0.5,22024,0.0,0.0
2022-11-11 13:30:00-05:00,0.5,0.5,0.49994999170303345,0.49996399879455566,1963,0.0,0.0
2022-11-11 14:30:00-05:00,0.4999000132083893,0.5199999809265137,0.49869999289512634,0.5199999809265137,38159,0.0,0.0
2022-11-11 15:30:00-05:00,0.5026999711990356,0.5026999711990356,0.5,0.5,700,0.0,0.0
2022-11-14 09:30:00-05:00,0.5299999713897705,0.5349000096321106,0.5101000070571899,0.5101000070571899,9698,0.0,0.0
2022-11-14 10:30:00-05:00,0.5152009725570679,0.5449000000953674,0.5152009725570679,0.5437999963760376,330602,0.0,0.0
2022-11-14 11:30:00-05:00,0.543349027633667,0.5436999797821045,0.5266500115394592,0.5266500115394592,24898,0.0,0.0
2022-11-14 12:30:00-05:00,0.5399990081787109,0.5432000160217285,0.5285000205039978,0.5432000160217285,1110,0.0,0.0
2022-11-14 13:30:00-05:00,0.5271009802818298,0.5335999727249146,0.5099999904632568,0.5199990272521973,34582,0.0,0.0
2022-11-14 14:30:00-05:00,0.5299999713897705,0.5404000282287598,0.5253999829292297,0.5390999913215637,6646,0.0,0.0
2022-11-14 15:30:00-05:00,0.5396000146865845,0.54339998960495,0.5396000146865845,0.5425999760627747,0,0.0,0.0
2022-11-15 09:30:00-05:00,0.5340999960899353,0.6998999714851379,0.5340999960899353,0.6299999952316284,180565,0.0,0.0
2022-11-15 10:30:00-05:00,0.6148999929428101,0.6198999881744385,0.6000999808311462,0.6100000143051147,70718,0.0,0.0
2022-11-15 11:30:00-05:00,0.6200000047683716,0.6200000047683716,0.6104999780654907,0.618399977684021,16213,0.0,0.0
2022-11-15 12:30:00-05:00,0.6191499829292297,0.6200000047683716,0.618399977684021,0.6196749806404114,5717,0.0,0.0
2022-11-15 13:30:00-05:00,0.619700014591217,0.6499999761581421,0.6107000112533569,0.6107000112533569,45612,0.0,0.0
2022-11-15 14:30:00-05:00,0.6200000047683716,0.6299999952316284,0.6198999881744385,0.6198999881744385,37199,0.0,0.0
2022-11-15 15:30:00-05:00,0.6248999834060669,0.6262000203132629,0.6133000254631042,0.6200000047683716,0,0.0,0.0
2022-11-16 09:30:00-05:00,0.6100000143051147,0.6100000143051147,0.5751010179519653,0.6100000143051147,28162,0.0,0.0
2022-11-16 10:30:00-05:00,0.6098999977111816,0.6200000047683716,0.5799999833106995,0.5801010131835938,70840,0.0,0.0
2022-11-16 11:30:00-05:00,0.6062999963760376,0.6198999881744385,0.6062999963760376,0.6198999881744385,2272,0.0,0.0
2022-11-16 12:30:00-05:00,0.5944100022315979,0.6198999881744385,0.5944100022315979,0.6069999933242798,15115,0.0,0.0
2022-11-16 13:30:00-05:00,0.6198999881744385,0.6198999881744385,0.5942000150680542,0.6197999715805054,12640,0.0,0.0
2022-11-16 14:30:00-05:00,0.619700014591217,0.6197999715805054,0.5900999903678894,0.6197999715805054,1574,0.0,0.0
2022-11-16 15:30:00-05:00,0.6197999715805054,0.6200000047683716,0.6103000044822693,0.6189000010490417,16860,0.0,0.0
2022-11-17 09:30:00-05:00,0.6154999732971191,0.6399999856948853,0.6000000238418579,0.6399999856948853,54492,0.0,0.0
2022-11-17 10:30:00-05:00,0.6427000164985657,0.6699000000953674,0.6427000164985657,0.6600000262260437,56351,0.0,0.0
2022-11-17 11:30:00-05:00,0.6697999835014343,0.75,0.6697999835014343,0.6996999979019165,14293,0.0,0.0
2022-11-17 12:30:00-05:00,0.6899999976158142,0.6948000192642212,0.6700000166893005,0.6845999956130981,49700,0.0,0.0
2022-11-17 13:30:00-05:00,0.6700000166893005,0.699999988079071,0.6700000166893005,0.6999989748001099,20452,0.0,0.0
2022-11-17 14:30:00-05:00,0.6969299912452698,0.6969299912452698,0.6899999976158142,0.6899999976158142,35963,0.0,0.0
2022-11-17 15:30:00-05:00,0.6899999976158142,0.6916000247001648,0.6899999976158142,0.6908000111579895,7507,0.0,0.0
2022-11-18 09:30:00-05:00,0.7113000154495239,0.7299000024795532,0.6899999976158142,0.7099999785423279,68887,0.0,0.0
2022-11-18 10:30:00-05:00,0.7116000056266785,0.7116000056266785,0.682699978351593,0.6898999810218811,66901,0.0,0.0
2022-11-18 11:30:00-05:00,0.699999988079071,0.7063999772071838,0.6801000237464905,0.7032999992370605,24022,0.0,0.0
2022-11-18 12:30:00-05:00,0.7030990123748779,0.7031999826431274,0.6916000247001648,0.6927000284194946,2382,0.0,0.0
2022-11-18 13:30:00-05:00,0.6927000284194946,0.7200000286102295,0.6927000284194946,0.7149999737739563,25741,0.0,0.0
2022-11-18 14:30:00-05:00,0.6929000020027161,0.7027999758720398,0.6929000020027161,0.7027999758720398,753,0.0,0.0
2022-11-18 15:30:00-05:00,0.6988499760627747,0.7197999954223633,0.6988499760627747,0.7197999954223633,1469,0.0,0.0
2022-11-21 09:30:00-05:00,0.699999988079071,0.699999988079071,0.5952000021934509,0.5952000021934509,5569,0.0,0.0
2022-11-21 10:30:00-05:00,0.6000009775161743,0.6899999976158142,0.5971999764442444,0.6800000071525574,15400,0.0,0.0
2022-11-21 11:30:00-05:00,0.6323999762535095,0.6323999762535095,0.6323999762535095,0.6323999762535095,1103,0.0,0.0
2022-11-21 12:30:00-05:00,0.6998999714851379,0.6998999714851379,0.6998999714851379,0.6998999714851379,582,0.0,0.0
2022-11-21 13:30:00-05:00,0.6409000158309937,0.6409000158309937,0.6409000158309937,0.6409000158309937,414,0.0,0.0
2022-11-21 14:30:00-05:00,0.6381000280380249,0.6690499782562256,0.6381000280380249,0.6690499782562256,395,0.0,0.0
2022-11-22 09:30:00-05:00,0.6771000027656555,0.699999988079071,0.6299999952316284,0.6302000284194946,11269,0.0,0.0
2022-11-22 10:30:00-05:00,0.6869999766349792,0.6869999766349792,0.6301000118255615,0.6301000118255615,3827,0.0,0.0
2022-11-22 11:30:00-05:00,0.6338000297546387,0.6869999766349792,0.5899999737739563,0.621042013168335,5927,0.0,0.0
2022-11-22 12:30:00-05:00,0.6520000100135803,0.6520000100135803,0.6499999761581421,0.6499999761581421,200,0.0,0.0
2022-11-22 13:30:00-05:00,0.6600000262260437,0.6600000262260437,0.6499999761581421,0.6499999761581421,1165,0.0,0.0
2022-11-22 14:30:00-05:00,0.6499999761581421,0.6869999766349792,0.6499999761581421,0.6869999766349792,672,0.0,0.0
2022-11-22 15:30:00-05:00,0.6800000071525574,0.6800000071525574,0.6800000071525574,0.6800000071525574,100,0.0,0.0
2022-11-23 09:30:00-05:00,0.6499999761581421,0.6700000166893005,0.6499999761581421,0.6700000166893005,0,0.0,0.0
2022-11-23 10:30:00-05:00,0.6700000166893005,0.6700000166893005,0.6650009751319885,0.6650009751319885,1278,0.0,0.0
2022-11-23 13:30:00-05:00,0.6800000071525574,0.6800000071525574,0.6800000071525574,0.6800000071525574,200,0.0,0.0
2022-11-23 14:30:00-05:00,0.6797999739646912,0.6797999739646912,0.6700000166893005,0.6700000166893005,400,0.0,0.0
2022-11-23 15:30:00-05:00,0.6699000000953674,0.6699000000953674,0.661300003528595,0.661300003528595,475,0.0,0.0
2022-11-25 09:30:00-05:00,0.6499999761581421,0.6499999761581421,0.6499999761581421,0.6499999761581421,10568,0.0,0.0
2022-11-25 10:30:00-05:00,0.6382499933242798,0.6700000166893005,0.6104000210762024,0.6700000166893005,12128,0.0,0.0
2022-11-25 11:30:00-05:00,0.6700000166893005,0.6700000166893005,0.6700000166893005,0.6700000166893005,407,0.0,0.0
2022-11-28 09:30:00-05:00,0.6700000166893005,0.6700000166893005,0.6700000166893005,0.6700000166893005,334,0.0,0.0
2022-11-28 10:30:00-05:00,0.6698989868164062,0.6698989868164062,0.6698989868164062,0.6698989868164062,2107,0.0,0.0
2022-11-28 11:30:00-05:00,0.5964499711990356,0.5964499711990356,0.5964499711990356,0.5964499711990356,101,0.0,0.0
2022-11-28 12:30:00-05:00,0.6499999761581421,0.6700000166893005,0.6499999761581421,0.6542180180549622,3008,0.0,0.0
2022-11-28 13:30:00-05:00,0.6000999808311462,0.6635000109672546,0.6000999808311462,0.6635000109672546,11213,0.0,0.0
2022-11-28 14:30:00-05:00,0.6633999943733215,0.6635000109672546,0.6367499828338623,0.6635000109672546,4430,0.0,0.0
2022-11-28 15:30:00-05:00,0.6632999777793884,0.6632999777793884,0.6632999777793884,0.6632999777793884,435,0.0,0.0
2022-11-29 09:30:00-05:00,0.6600000262260437,0.6600000262260437,0.6600000262260437,0.6600000262260437,1083,0.0,0.0
2022-11-29 10:30:00-05:00,0.5965999960899353,0.5981000065803528,0.5965999960899353,0.5981000065803528,3400,0.0,0.0
2022-11-29 11:30:00-05:00,0.6599000096321106,0.6599000096321106,0.6599000096321106,0.6599000096321106,1006,0.0,0.0
2022-11-29 12:30:00-05:00,0.6599000096321106,0.6599000096321106,0.6599000096321106,0.6599000096321106,205,0.0,0.0
2022-11-29 15:30:00-05:00,0.6399999856948853,0.6399999856948853,0.5924999713897705,0.5924999713897705,3832,0.0,0.0
2022-11-30 09:30:00-05:00,0.66839998960495,0.66839998960495,0.6000000238418579,0.6000000238418579,0,0.0,0.0
2022-11-30 10:30:00-05:00,0.58160001039505,0.6200010180473328,0.58160001039505,0.6200010180473328,2677,0.0,0.0
2022-11-30 11:30:00-05:00,0.6298999786376953,0.6298999786376953,0.6298999786376953,0.6298999786376953,1000,0.0,0.0
2022-11-30 12:30:00-05:00,0.6049990057945251,0.6049990057945251,0.6049990057945251,0.6049990057945251,372,0.0,0.0
2022-12-01 09:30:00-05:00,0.6200000047683716,0.6200000047683716,0.6200000047683716,0.6200000047683716,756,0.0,0.0
2022-12-01 10:30:00-05:00,0.6093000173568726,0.6150000095367432,0.5899999737739563,0.6150000095367432,2202,0.0,0.0
2022-12-01 12:30:00-05:00,0.5975000262260437,0.6148999929428101,0.5927000045776367,0.5927000045776367,4613,0.0,0.0
2022-12-01 13:30:00-05:00,0.5927000045776367,0.6111999750137329,0.5856999754905701,0.6000000238418579,14182,0.0,0.0
2022-12-02 09:30:00-05:00,0.65829998254776,0.667900025844574,0.5609999895095825,0.6599000096321106,0,0.0,0.0
2022-12-02 10:30:00-05:00,0.6299999952316284,0.6299999952316284,0.6100000143051147,0.6100000143051147,1993,0.0,0.0
2022-12-02 12:30:00-05:00,0.6100000143051147,0.6100000143051147,0.6100000143051147,0.6100000143051147,519,0.0,0.0
2022-12-02 14:30:00-05:00,0.5984489917755127,0.5984489917755127,0.5984489917755127,0.5984489917755127,354,0.0,0.0
2022-12-02 15:30:00-05:00,0.5741000175476074,0.5741000175476074,0.5741000175476074,0.5741000175476074,6280,0.0,0.0
2022-12-05 09:30:00-05:00,0.5299999713897705,0.6039999723434448,0.5299999713897705,0.6000000238418579,17941,0.0,0.0
2022-12-05 10:30:00-05:00,0.5998989939689636,0.6000000238418579,0.5985000133514404,0.6000000238418579,1029,0.0,0.0
2022-12-05 11:30:00-05:00,0.5960999727249146,0.5960999727249146,0.5906000137329102,0.5906000137329102,3021,0.0,0.0
2022-12-05 12:30:00-05:00,0.5812000036239624,0.5812000036239624,0.5756499767303467,0.5799999833106995,9967,0.0,0.0
2022-12-05 13:30:00-05:00,0.5799999833106995,0.5814999938011169,0.5799999833106995,0.5814999938011169,1125,0.0,0.0
2022-12-05 14:30:00-05:00,0.5849999785423279,0.5849999785423279,0.5669000148773193,0.5669000148773193,2767,0.0,0.0
2022-12-05 15:30:00-05:00,0.5669000148773193,0.5716999769210815,0.5375000238418579,0.550000011920929,11998,0.0,0.0
2022-12-06 09:30:00-05:00,0.5601000189781189,0.5999000072479248,0.560001015663147,0.5699999928474426,1277,0.0,0.0
2022-12-06 10:30:00-05:00,0.5702000260353088,0.5702000260353088,0.5702000260353088,0.5702000260353088,3011,0.0,0.0
2022-12-06 12:30:00-05:00,0.5849999785423279,0.5849999785423279,0.5849999785423279,0.5849999785423279,200,0.0,0.0
2022-12-06 13:30:00-05:00,0.5899999737739563,0.5899999737739563,0.5701010227203369,0.5702999830245972,4935,0.0,0.0
2022-12-06 14:30:00-05:00,0.5699999928474426,0.5699999928474426,0.5649999976158142,0.5649999976158142,2231,0.0,0.0
2022-12-06 15:30:00-05:00,0.5400000214576721,0.5400000214576721,0.5400000214576721,0.5400000214576721,0,0.0,0.0
2022-12-07 09:30:00-05:00,0.5669999718666077,0.5799999833106995,0.5669999718666077,0.5799999833106995,3161,0.0,0.0
2022-12-07 10:30:00-05:00,0.5799000263214111,0.5799000263214111,0.5300009846687317,0.5300009846687317,2327,0.0,0.0
2022-12-07 14:30:00-05:00,0.5400000214576721,0.5400000214576721,0.5400000214576721,0.5400000214576721,100,0.0,0.0
2022-12-08 09:30:00-05:00,0.5299999713897705,0.5400000214576721,0.47999998927116394,0.48500001430511475,84810,0.0,0.0
2022-12-08 10:30:00-05:00,0.48489901423454285,0.5,0.4772000014781952,0.49000000953674316,23107,0.0,0.0
2022-12-08 11:30:00-05:00,0.48500001430511475,0.48989999294281006,0.48500001430511475,0.4887000024318695,6273,0.0,0.0
2022-12-08 12:30:00-05:00,0.49000000953674316,0.5,0.48899999260902405,0.4950000047683716,1775,0.0,0.0
2022-12-08 13:30:00-05:00,0.4950000047683716,0.5098999738693237,0.4885999858379364,0.5087000131607056,13492,0.0,0.0
2022-12-08 14:30:00-05:00,0.5099999904632568,0.5099999904632568,0.5024999976158142,0.5024999976158142,528,0.0,0.0
2022-12-08 15:30:00-05:00,0.5149999856948853,0.5199999809265137,0.5099999904632568,0.5185999870300293,15709,0.0,0.0
2022-12-09 09:30:00-05:00,0.48500001430511475,0.49000000953674316,0.4700999855995178,0.49000000953674316,45532,0.0,0.0
2022-12-09 10:30:00-05:00,0.48989999294281006,0.4918999969959259,0.48989999294281006,0.48989999294281006,4600,0.0,0.0
2022-12-09 11:30:00-05:00,0.4984999895095825,0.5,0.48020100593566895,0.5,4029,0.0,0.0
2022-12-09 12:30:00-05:00,0.5,0.5,0.5,0.5,891,0.0,0.0
2022-12-09 13:30:00-05:00,0.49879899621009827,0.5050489902496338,0.49779999256134033,0.49779999256134033,6564,0.0,0.0
2022-12-09 14:30:00-05:00,0.49995100498199463,0.49995100498199463,0.4952999949455261,0.49720001220703125,789,0.0,0.0
2022-12-09 15:30:00-05:00,0.49720001220703125,0.5,0.49000000953674316,0.4999000132083893,2800,0.0,0.0
2022-12-12 09:30:00-05:00,0.4699999988079071,0.4991999864578247,0.4699999988079071,0.47510001063346863,6651,0.0,0.0
2022-12-12 10:30:00-05:00,0.47600001096725464,0.4999000132083893,0.47510001063346863,0.4902999997138977,17085,0.0,0.0
2022-12-12 11:30:00-05:00,0.49514999985694885,0.5099999904632568,0.4909999966621399,0.4909999966621399,9830,0.0,0.0
2022-12-12 12:30:00-05:00,0.492000013589859,0.492000013589859,0.4909999966621399,0.4909999966621399,415,0.0,0.0
2022-12-12 13:30:00-05:00,0.49991101026535034,0.5367000102996826,0.49991101026535034,0.5367000102996826,9899,0.0,0.0
2022-12-12 14:30:00-05:00,0.550000011920929,0.5785999894142151,0.49000000953674316,0.5600000023841858,34108,0.0,0.0
2022-12-12 15:30:00-05:00,0.5600000023841858,0.5601000189781189,0.5,0.5,10747,0.0,0.0
2022-12-13 09:30:00-05:00,0.5099999904632568,0.5795999765396118,0.5,0.5795999765396118,16397,0.0,0.0
2022-12-13 10:30:00-05:00,0.5600000023841858,0.5849999785423279,0.5600000023841858,0.5799999833106995,0,0.0,0.0
2022-12-13 11:30:00-05:00,0.5799999833106995,0.5849999785423279,0.5001000165939331,0.5699989795684814,81222,0.0,0.0
2022-12-13 12:30:00-05:00,0.5550000071525574,0.5590000152587891,0.5099999904632568,0.5099999904632568,1628,0.0,0.0
2022-12-13 13:30:00-05:00,0.5400000214576721,0.5400000214576721,0.5099999904632568,0.5400000214576721,19266,0.0,0.0
2022-12-13 14:30:00-05:00,0.5356000065803528,0.5357000231742859,0.5098999738693237,0.5098999738693237,38362,0.0,0.0
2022-12-13 15:30:00-05:00,0.5098999738693237,0.5098999738693237,0.5049999952316284,0.5049999952316284,0,0.0,0.0
2022-12-14 09:30:00-05:00,0.5299999713897705,0.550000011920929,0.5246999859809875,0.5299990177154541,18246,0.0,0.0
2022-12-14 10:30:00-05:00,0.5099999904632568,0.5699999928474426,0.49000000953674316,0.5199999809265137,10332,0.0,0.0
2022-12-14 11:30:00-05:00,0.5299000144004822,0.5498999953269958,0.5,0.5400000214576721,3490,0.0,0.0
2022-12-14 12:30:00-05:00,0.5400000214576721,0.5498999953269958,0.5400000214576721,0.5498999953269958,2055,0.0,0.0
2022-12-14 13:30:00-05:00,0.5497990250587463,0.5501009821891785,0.5497990250587463,0.5501009821891785,2600,0.0,0.0
2022-12-14 14:30:00-05:00,0.550000011920929,0.550000011920929,0.5400999784469604,0.5400999784469604,740,0.0,0.0
2022-12-15 09:30:00-05:00,0.5099999904632568,0.5397999882698059,0.5099999904632568,0.5200999975204468,2310,0.0,0.0
2022-12-15 10:30:00-05:00,0.5099999904632568,0.5299990177154541,0.5099999904632568,0.5105000138282776,2653,0.0,0.0
2022-12-15 11:30:00-05:00,0.5299000144004822,0.539900004863739,0.5199999809265137,0.5299999713897705,4857,0.0,0.0
2022-12-15 12:30:00-05:00,0.5350000262260437,0.5353000164031982,0.5299999713897705,0.5353000164031982,1908,0.0,0.0
2022-12-15 13:30:00-05:00,0.5205000042915344,0.539900004863739,0.5205000042915344,0.539900004863739,488,0.0,0.0
2022-12-15 14:30:00-05:00,0.5275009870529175,0.5275009870529175,0.5275009870529175,0.5275009870529175,135,0.0,0.0
2022-12-15 15:30:00-05:00,0.5396000146865845,0.5396000146865845,0.5365999937057495,0.5382000207901001,0,0.0,0.0
2022-12-16 10:30:00-05:00,0.5099999904632568,0.5299999713897705,0.5,0.5099999904632568,20684,0.0,0.0
2022-12-16 11:30:00-05:00,0.5354999899864197,0.5354999899864197,0.5,0.5249999761581421,20960,0.0,0.0
2022-12-16 12:30:00-05:00,0.5249999761581421,0.5249999761581421,0.5249999761581421,0.5249999761581421,412,0.0,0.0
2022-12-16 13:30:00-05:00,0.5105999708175659,0.5105999708175659,0.5105999708175659,0.5105999708175659,148,0.0,0.0
2022-12-16 14:30:00-05:00,0.5360999703407288,0.5450000166893005,0.5360999703407288,0.5450000166893005,1675,0.0,0.0
2022-12-16 15:30:00-05:00,0.5105000138282776,0.5105000138282776,0.5105000138282776,0.5105000138282776,100,0.0,0.0
2022-12-19 09:30:00-05:00,0.5001999735832214,0.5439000129699707,0.5001999735832214,0.5299000144004822,4841,0.0,0.0
2022-12-19 10:30:00-05:00,0.5,0.5299999713897705,0.5,0.5001000165939331,14288,0.0,0.0
2022-12-19 11:30:00-05:00,0.5250999927520752,0.5250999927520752,0.5001999735832214,0.5099999904632568,1397,0.0,0.0
2022-12-19 12:30:00-05:00,0.5099999904632568,0.529899001121521,0.5099999904632568,0.529899001121521,838,0.0,0.0
2022-12-19 13:30:00-05:00,0.5099999904632568,0.5299999713897705,0.5099999904632568,0.5299999713897705,8267,0.0,0.0
2022-12-19 14:30:00-05:00,0.5151000022888184,0.5199999809265137,0.5002999901771545,0.5199999809265137,2384,0.0,0.0
2022-12-19 15:30:00-05:00,0.5099999904632568,0.5299999713897705,0.5001999735832214,0.5001999735832214,4783,0.0,0.0
2022-12-20 09:30:00-05:00,0.5001999735832214,0.5015000104904175,0.5001999735832214,0.5002999901771545,7268,0.0,0.0
2022-12-20 10:30:00-05:00,0.5099999904632568,0.5199999809265137,0.5099999904632568,0.5199999809265137,2754,0.0,0.0
2022-12-20 11:30:00-05:00,0.5199999809265137,0.5199999809265137,0.5199999809265137,0.5199999809265137,268,0.0,0.0
2022-12-20 12:30:00-05:00,0.5105010271072388,0.5361009836196899,0.5048999786376953,0.5204989910125732,7606,0.0,0.0
2022-12-20 13:30:00-05:00,0.5204989910125732,0.5204989910125732,0.5204989910125732,0.5204989910125732,2039,0.0,0.0
2022-12-20 14:30:00-05:00,0.501101016998291,0.5260999798774719,0.501101016998291,0.5012999773025513,22874,0.0,0.0
2022-12-20 15:30:00-05:00,0.5098999738693237,0.5099999904632568,0.5049999952316284,0.5098999738693237,3452,0.0,0.0
2022-12-21 09:30:00-05:00,0.5,0.5098999738693237,0.5,0.5001000165939331,0,0.0,0.0
2022-12-21 10:30:00-05:00,0.5001000165939331,0.5099999904632568,0.5,0.5,9939,0.0,0.0
2022-12-21 11:30:00-05:00,0.5,0.5,0.4860000014305115,0.5,8587,0.0,0.0
2022-12-21 12:30:00-05:00,0.5,0.5101000070571899,0.5,0.5101000070571899,1602,0.0,0.0
2022-12-21 14:30:00-05:00,0.5200999975204468,0.5200999975204468,0.5,0.5,2762,0.0,0.0
2022-12-22 09:30:00-05:00,0.5,0.5,0.4699999988079071,0.4699999988079071,12188,0.0,0.0
2022-12-22 10:30:00-05:00,0.4699999988079071,0.482450008392334,0.4699999988079071,0.4699999988079071,9476,0.0,0.0
2022-12-22 11:30:00-05:00,0.4699999988079071,0.47999998927116394,0.4699999988079071,0.47999998927116394,204,0.0,0.0
2022-12-22 12:30:00-05:00,0.4699999988079071,0.4934999942779541,0.4699999988079071,0.4934999942779541,892,0.0,0.0
2022-12-22 13:30:00-05:00,0.5,0.5,0.4749999940395355,0.4749999940395355,3596,0.0,0.0
2022-12-22 14:30:00-05:00,0.4772000014781952,0.47999998927116394,0.4749999940395355,0.47999998927116394,6342,0.0,0.0
2022-12-22 15:30:00-05:00,0.47999998927116394,0.47999998927116394,0.47999998927116394,0.47999998927116394,0,0.0,0.0
2022-12-23 09:30:00-05:00,0.5299000144004822,0.5400000214576721,0.5,0.5,2948,0.0,0.0
2022-12-23 10:30:00-05:00,0.5101000070571899,0.539900004863739,0.4871000051498413,0.49000298976898193,9282,0.0,0.0
2022-12-23 12:30:00-05:00,0.49000000953674316,0.5,0.4699999988079071,0.4799000024795532,7834,0.0,0.0
2022-12-23 13:30:00-05:00,0.48010000586509705,0.4802989959716797,0.4699999988079071,0.4699999988079071,7513,0.0,0.0
2022-12-23 14:30:00-05:00,0.5,0.5,0.4648999869823456,0.5,13302,0.0,0.0
2022-12-23 15:30:00-05:00,0.49494999647140503,0.49494999647140503,0.49494999647140503,0.49494999647140503,1005,0.0,0.0
2022-12-27 09:30:00-05:00,0.4925999939441681,0.5299999713897705,0.46209999918937683,0.4950009882450104,12958,0.0,0.0
2022-12-27 10:30:00-05:00,0.48010000586509705,0.4950000047683716,0.4602000117301941,0.4602000117301941,3427,0.0,0.0
2022-12-27 11:30:00-05:00,0.461899995803833,0.47999998927116394,0.46000000834465027,0.47999998927116394,59723,0.0,0.0
2022-12-27 12:30:00-05:00,0.4893999993801117,0.4893999993801117,0.478549987077713,0.4867999851703644,958,0.0,0.0
2022-12-27 13:30:00-05:00,0.47999998927116394,0.49000000953674316,0.4699999988079071,0.4699999988079071,7505,0.0,0.0
2022-12-27 14:30:00-05:00,0.48730000853538513,0.49000000953674316,0.4500010013580322,0.460099995136261,75661,0.0,0.0
2022-12-27 15:30:00-05:00,0.44999998807907104,0.49000000953674316,0.44999998807907104,0.44999998807907104,6456,0.0,0.0
2022-12-28 09:30:00-05:00,0.46000000834465027,0.49000000953674316,0.4519999921321869,0.49000000953674316,120280,0.0,0.0
2022-12-28 10:30:00-05:00,0.49000000953674316,0.5392000079154968,0.48989999294281006,0.5234509706497192,141201,0.0,0.0
2022-12-28 11:30:00-05:00,0.5220000147819519,0.5400000214576721,0.5199490189552307,0.5199509859085083,43195,0.0,0.0
2022-12-28 12:30:00-05:00,0.529899001121521,0.529899001121521,0.4999000132083893,0.5112810134887695,500,0.0,0.0
2022-12-28 13:30:00-05:00,0.527999997138977,0.5299999713897705,0.5199990272521973,0.5199990272521973,5962,0.0,0.0
2022-12-28 14:30:00-05:00,0.5199999809265137,0.5199999809265137,0.49000000953674316,0.49000000953674316,3648,0.0,0.0
2022-12-28 15:30:00-05:00,0.5099999904632568,0.5099999904632568,0.49010100960731506,0.49010100960731506,0,0.0,0.0
2022-12-29 09:30:00-05:00,0.47540000081062317,0.5299999713897705,0.45080000162124634,0.4699999988079071,14875,0.0,0.0
2022-12-29 10:30:00-05:00,0.4799000024795532,0.5299999713897705,0.47519999742507935,0.5001000165939331,20724,0.0,0.0
2022-12-29 11:30:00-05:00,0.5122169852256775,0.5450000166893005,0.501649022102356,0.5400000214576721,29142,0.0,0.0
2022-12-29 12:30:00-05:00,0.510001003742218,0.510001003742218,0.5099999904632568,0.5099999904632568,2513,0.0,0.0
2022-12-29 13:30:00-05:00,0.5101000070571899,0.5138999819755554,0.5101000070571899,0.5138999819755554,851,0.0,0.0
2022-12-29 14:30:00-05:00,0.5249999761581421,0.5299999713897705,0.5099999904632568,0.5099999904632568,2529,0.0,0.0
2022-12-29 15:30:00-05:00,0.5098000168800354,0.5098000168800354,0.5098000168800354,0.5098000168800354,2000,0.0,0.0
2022-12-30 09:30:00-05:00,0.5299999713897705,0.5314000248908997,0.5,0.5,0,0.0,0.0
2022-12-30 10:30:00-05:00,0.4999000132083893,0.4999000132083893,0.47999998927116394,0.49000000953674316,3403,0.0,0.0
2022-12-30 11:30:00-05:00,0.49000000953674316,0.5099999904632568,0.48010000586509705,0.5099999904632568,12275,0.0,0.0
2022-12-30 12:30:00-05:00,0.5099999904632568,0.5299999713897705,0.5099999904632568,0.5299000144004822,15116,0.0,0.0
2022-12-30 13:30:00-05:00,0.5,0.510200023651123,0.5,0.5,2810,0.0,0.0
2022-12-30 14:30:00-05:00,0.5099999904632568,0.5099999904632568,0.48019999265670776,0.48019999265670776,85405,0.0,0.0
2022-12-30 15:30:00-05:00,0.49000000953674316,0.5,0.49000000953674316,0.5,2504,0.0,0.0
2023-01-03 09:30:00-05:00,0.48500001430511475,0.5242000222206116,0.48500001430511475,0.5242000222206116,0,0.0,0.0
2023-01-03 10:30:00-05:00,0.5299999713897705,0.5299999713897705,0.5199999809265137,0.5199999809265137,1101,0.0,0.0
2023-01-03 11:30:00-05:00,0.5450000166893005,0.5450000166893005,0.5450000166893005,0.5450000166893005,1363,0.0,0.0
2023-01-03 12:30:00-05:00,0.5275499820709229,0.5275499820709229,0.5275499820709229,0.5275499820709229,1157,0.0,0.0
2023-01-03 14:30:00-05:00,0.5101000070571899,0.5174999833106995,0.5101000070571899,0.5174999833106995,1981,0.0,0.0
2023-01-03 15:30:00-05:00,0.5422000288963318,0.5422000288963318,0.5422000288963318,0.5422000288963318,0,0.0,0.0
2023-01-04 09:30:00-05:00,0.550000011920929,0.5799999833106995,0.550000011920929,0.574999988079071,4627,0.0,0.0
2023-01-04 10:30:00-05:00,0.5382000207901001,0.5382000207901001,0.5224000215530396,0.5350000262260437,3133,0.0,0.0
2023-01-04 11:30:00-05:00,0.535099983215332,0.5699999928474426,0.5151000022888184,0.5601000189781189,5421,0.0,0.0
2023-01-04 12:30:00-05:00,0.5651999711990356,0.574999988079071,0.5600000023841858,0.5600000023841858,1729,0.0,0.0
2023-01-04 14:30:00-05:00,0.5242000222206116,0.5242000222206116,0.5241000056266785,0.5242000222206116,26631,0.0,0.0
2023-01-04 15:30:00-05:00,0.5596989989280701,0.5596989989280701,0.5547450184822083,0.5547450184822083,2182,0.0,0.0
2023-01-05 09:30:00-05:00,0.5418999791145325,0.5504000186920166,0.5400000214576721,0.5504000186920166,7095,0.0,0.0
2023-01-05 10:30:00-05:00,0.5799999833106995,0.5799999833106995,0.5799000263214111,0.5799000263214111,4358,0.0,0.0
2023-01-05 11:30:00-05:00,0.5789999961853027,0.5789999961853027,0.5789999961853027,0.5789999961853027,311,0.0,0.0
2023-01-05 12:30:00-05:00,0.572700023651123,0.572700023651123,0.572700023651123,0.572700023651123,201,0.0,0.0
2023-01-05 13:30:00-05:00,0.5641000270843506,0.5766000151634216,0.5504000186920166,0.5507000088691711,1189,0.0,0.0
2023-01-05 14:30:00-05:00,0.5763000249862671,0.5763000249862671,0.5710210204124451,0.5710210204124451,1255,0.0,0.0
2023-01-05 15:30:00-05:00,0.5508999824523926,0.5508999824523926,0.5503000020980835,0.5503000020980835,595,0.0,0.0
2023-01-06 09:30:00-05:00,0.5583999752998352,0.5583999752998352,0.5583999752998352,0.5583999752998352,0,0.0,0.0
2023-01-06 10:30:00-05:00,0.5501000285148621,0.5952000021934509,0.5501000285148621,0.5952000021934509,7701,0.0,0.0
2023-01-06 11:30:00-05:00,0.5504000186920166,0.5799999833106995,0.550000011920929,0.5669000148773193,5532,0.0,0.0
2023-01-06 13:30:00-05:00,0.5799999833106995,0.5799999833106995,0.5701000094413757,0.5701000094413757,1200,0.0,0.0
2023-01-06 14:30:00-05:00,0.5501000285148621,0.5547000169754028,0.5501000285148621,0.5539000034332275,4041,0.0,0.0
2023-01-09 09:30:00-05:00,0.578000009059906,0.578000009059906,0.5777999758720398,0.5777999758720398,0,0.0,0.0
2023-01-09 10:30:00-05:00,0.5655999779701233,0.5999000072479248,0.5501999855041504,0.574999988079071,9335,0.0,0.0
2023-01-09 11:30:00-05:00,0.5900999903678894,0.5905860066413879,0.5699999928474426,0.5699999928474426,17200,0.0,0.0
2023-01-09 12:30:00-05:00,0.5501000285148621,0.5501000285148621,0.5501000285148621,0.5501000285148621,407,0.0,0.0
2023-01-09 14:30:00-05:00,0.5601009726524353,0.5601009726524353,0.5601009726524353,0.5601009726524353,1001,0.0,0.0
2023-01-09 15:30:00-05:00,0.5774999856948853,0.5799999833106995,0.5774999856948853,0.5799999833106995,0,0.0,0.0
2023-01-10 09:30:00-05:00,0.5501999855041504,0.6000000238418579,0.5501000285148621,0.5898990035057068,8228,0.0,0.0
2023-01-10 10:30:00-05:00,0.5859000086784363,0.5898990035057068,0.5799999833106995,0.5799999833106995,2045,0.0,0.0
2023-01-10 11:30:00-05:00,0.5799999833106995,0.5799999833106995,0.5799999833106995,0.5799999833106995,110,0.0,0.0
2023-01-10 12:30:00-05:00,0.5999000072479248,0.5999000072479248,0.5999000072479248,0.5999000072479248,153,0.0,0.0
2023-01-10 13:30:00-05:00,0.5799999833106995,0.5979999899864197,0.5752000212669373,0.589900016784668,1801,0.0,0.0
2023-01-10 14:30:00-05:00,0.5971999764442444,0.5999000072479248,0.597100019454956,0.5989750027656555,4217,0.0,0.0
2023-01-10 15:30:00-05:00,0.5997999906539917,0.6000000238418579,0.5979999899864197,0.5979999899864197,965,0.0,0.0
2023-01-11 09:30:00-05:00,0.5979999899864197,0.6000000238418579,0.5979999899864197,0.6000000238418579,0,0.0,0.0
2023-01-11 10:30:00-05:00,0.6000000238418579,0.6683989763259888,0.5999000072479248,0.6683989763259888,18406,0.0,0.0
2023-01-11 11:30:00-05:00,0.6682999730110168,0.6682999730110168,0.659500002861023,0.6680999994277954,2600,0.0,0.0
2023-01-11 12:30:00-05:00,0.6581000089645386,0.6581000089645386,0.6201000213623047,0.6201000213623047,9813,0.0,0.0
2023-01-11 13:30:00-05:00,0.6200000047683716,0.6395509839057922,0.6200000047683716,0.6395509839057922,5570,0.0,0.0
2023-01-11 14:30:00-05:00,0.6427000164985657,0.6427000164985657,0.6400009989738464,0.6400009989738464,966,0.0,0.0
2023-01-12 09:30:00-05:00,0.6399999856948853,0.6399999856948853,0.6399999856948853,0.6399999856948853,383,0.0,0.0
2023-01-12 10:30:00-05:00,0.6399999856948853,0.6592000126838684,0.6399999856948853,0.6575999855995178,3781,0.0,0.0
2023-01-12 11:30:00-05:00,0.6592000126838684,0.6592000126838684,0.6592000126838684,0.6592000126838684,235,0.0,0.0
2023-01-12 12:30:00-05:00,0.6399999856948853,0.6700000166893005,0.6399999856948853,0.6549999713897705,3402,0.0,0.0
2023-01-12 13:30:00-05:00,0.6700000166893005,0.6700000166893005,0.6402000188827515,0.6402999758720398,11329,0.0,0.0
2023-01-12 14:30:00-05:00,0.6406000256538391,0.6406000256538391,0.6406000256538391,0.6406000256538391,327,0.0,0.0
2023-01-12 15:30:00-05:00,0.640500009059906,0.640500009059906,0.6402999758720398,0.6402999758720398,1085,0.0,0.0
2023-01-13 09:30:00-05:00,0.6700000166893005,0.6700000166893005,0.6596999764442444,0.6628000140190125,0,0.0,0.0
2023-01-13 10:30:00-05:00,0.6403999924659729,0.6437000036239624,0.6017000079154968,0.6299999952316284,14633,0.0,0.0
2023-01-13 11:30:00-05:00,0.6299999952316284,0.6301000118255615,0.6299999952316284,0.6299999952316284,8200,0.0,0.0
2023-01-13 12:30:00-05:00,0.6299999952316284,0.6299999952316284,0.5794000029563904,0.5799999833106995,26320,0.0,0.0
2023-01-13 13:30:00-05:00,0.5713000297546387,0.5875999927520752,0.5713000297546387,0.5875999927520752,8801,0.0,0.0
2023-01-13 14:30:00-05:00,0.5799999833106995,0.5838000178337097,0.5702000260353088,0.5800999999046326,6030,0.0,0.0
2023-01-13 15:30:00-05:00,0.5799999833106995,0.6098999977111816,0.5799999833106995,0.6097530126571655,1985,0.0,0.0
2023-01-17 09:30:00-05:00,0.5902000069618225,0.6198999881744385,0.5902000069618225,0.6198999881744385,0,0.0,0.0
2023-01-17 10:30:00-05:00,0.6198999881744385,0.6200000047683716,0.6185160279273987,0.6200000047683716,5941,0.0,0.0
2023-01-17 12:30:00-05:00,0.6200000047683716,0.6500999927520752,0.6200000047683716,0.6500999927520752,2577,0.0,0.0
2023-01-17 13:30:00-05:00,0.6570900082588196,0.6598989963531494,0.6301000118255615,0.6304000020027161,4800,0.0,0.0
2023-01-17 14:30:00-05:00,0.6449999809265137,0.6449999809265137,0.6449999809265137,0.6449999809265137,1010,0.0,0.0
2023-01-17 15:30:00-05:00,0.6301000118255615,0.6301000118255615,0.6301000118255615,0.6301000118255615,200,0.0,0.0
2023-01-18 09:30:00-05:00,0.6499999761581421,0.6700000166893005,0.6156989932060242,0.6700000166893005,22550,0.0,0.0
2023-01-18 10:30:00-05:00,0.6798999905586243,0.6800000071525574,0.670199990272522,0.6728000044822693,23133,0.0,0.0
2023-01-18 11:30:00-05:00,0.6728000044822693,0.6787999868392944,0.6700000166893005,0.6700000166893005,15619,0.0,0.0
2023-01-18 12:30:00-05:00,0.6697999835014343,0.6697999835014343,0.6609200239181519,0.6696000099182129,800,0.0,0.0
2023-01-18 14:30:00-05:00,0.6435999870300293,0.6668000221252441,0.6435999870300293,0.6668000221252441,921,0.0,0.0
2023-01-18 15:30:00-05:00,0.656000018119812,0.656000018119812,0.656000018119812,0.656000018119812,540,0.0,0.0
2023-01-19 09:30:00-05:00,0.582099974155426,0.5928999781608582,0.582099974155426,0.5928999781608582,0,0.0,0.0
2023-01-19 10:30:00-05:00,0.6414999961853027,0.6682000160217285,0.6414999961853027,0.6682000160217285,2600,0.0,0.0
2023-01-19 11:30:00-05:00,0.6499999761581421,0.6499999761581421,0.6399999856948853,0.6499999761581421,4472,0.0,0.0
2023-01-19 12:30:00-05:00,0.6697999835014343,0.6697999835014343,0.652646005153656,0.652646005153656,2550,0.0,0.0
2023-01-19 13:30:00-05:00,0.6697999835014343,0.7299000024795532,0.6501759886741638,0.7299000024795532,25210,0.0,0.0
2023-01-19 14:30:00-05:00,0.6787999868392944,0.6927000284194946,0.6499999761581421,0.6499999761581421,2406,0.0,0.0
2023-01-19 15:30:00-05:00,0.6600000262260437,0.6600000262260437,0.6528000235557556,0.6528000235557556,0,0.0,0.0
2023-01-20 09:30:00-05:00,0.6854000091552734,0.6999989748001099,0.6854000091552734,0.692300021648407,19817,0.0,0.0
2023-01-20 10:30:00-05:00,0.6880999803543091,0.6923999786376953,0.6417999863624573,0.6923999786376953,6608,0.0,0.0
2023-01-20 12:30:00-05:00,0.6518009901046753,0.6518009901046753,0.6518009901046753,0.6518009901046753,354,0.0,0.0
2023-01-20 13:30:00-05:00,0.6848999857902527,0.6848999857902527,0.6600000262260437,0.6827999949455261,1821,0.0,0.0
2023-01-20 14:30:00-05:00,0.6827999949455261,0.6827999949455261,0.6801000237464905,0.6827999949455261,1628,0.0,0.0
2023-01-20 15:30:00-05:00,0.6801000237464905,0.6826000213623047,0.6800000071525574,0.6801000237464905,1679,0.0,0.0
2023-01-23 09:30:00-05:00,0.699999988079071,0.699999988079071,0.6998999714851379,0.699999988079071,13642,0.0,0.0
2023-01-23 10:30:00-05:00,0.712348997592926,0.7300000190734863,0.6618000268936157,0.7300000190734863,15125,0.0,0.0
2023-01-23 11:30:00-05:00,0.7300000190734863,0.7300000190734863,0.6997489929199219,0.7289999723434448,5633,0.0,0.0
2023-01-23 12:30:00-05:00,0.7200000286102295,0.7299000024795532,0.67010098695755,0.7099999785423279,14396,0.0,0.0
2023-01-23 13:30:00-05:00,0.7200000286102295,0.7200000286102295,0.7200000286102295,0.7200000286102295,45099,0.0,0.0
2023-01-23 14:30:00-05:00,0.7099999785423279,0.7300000190734863,0.7099999785423279,0.7275000214576721,14287,0.0,0.0
2023-01-23 15:30:00-05:00,0.7279999852180481,0.7879999876022339,0.7275999784469604,0.7520999908447266,42394,0.0,0.0
2023-01-24 09:30:00-05:00,0.7879999876022339,0.9200000166893005,0.7750009894371033,0.8999999761581421,123305,0.0,0.0
2023-01-24 10:30:00-05:00,0.9100000262260437,0.9300000071525574,0.8500000238418579,0.8949000239372253,118636,0.0,0.0
2023-01-24 11:30:00-05:00,0.8799999952316284,0.8799999952316284,0.8500000238418579,0.8650000095367432,22953,0.0,0.0
2023-01-24 12:30:00-05:00,0.8686000108718872,0.9298999905586243,0.8686000108718872,0.8859999775886536,13275,0.0,0.0
2023-01-24 13:30:00-05:00,0.8900009989738464,0.8999999761581421,0.8600000143051147,0.8700000047683716,8780,0.0,0.0
2023-01-24 14:30:00-05:00,0.8500000238418579,0.8798999786376953,0.8500000238418579,0.8650000095367432,4766,0.0,0.0
2023-01-24 15:30:00-05:00,0.8799999952316284,0.9200000166893005,0.866100013256073,0.9100000262260437,1892151,0.0,0.0
2023-01-25 09:30:00-05:00,0.9995999932289124,1.1572999954223633,0.9100000262260437,1.0149999856948853,5674238,0.0,0.0
2023-01-25 10:30:00-05:00,1.0149999856948853,1.0311000347137451,0.9700000286102295,1.0149999856948853,467610,0.0,0.0
2023-01-25 11:30:00-05:00,1.0149999856948853,1.0700000524520874,1.0023000240325928,1.0549999475479126,391530,0.0,0.0
2023-01-25 12:30:00-05:00,1.0700000524520874,1.0800000429153442,0.7810999751091003,0.8899999856948853,775084,0.0,0.0
2023-01-25 13:30:00-05:00,0.8899999856948853,0.9200000166893005,0.8399999737739563,0.8532000184059143,706048,0.0,0.0
2023-01-25 14:30:00-05:00,0.8503999710083008,0.8700000047683716,0.8084999918937683,0.8600999712944031,324229,0.0,0.0
2023-01-25 15:30:00-05:00,0.8525000214576721,0.9312999844551086,0.8399999737739563,0.8598999977111816,311672,0.0,0.0
2023-01-26 09:30:00-05:00,0.7192000150680542,0.8199999928474426,0.699999988079071,0.7699999809265137,463034,0.0,0.0
2023-01-26 10:30:00-05:00,0.7400000095367432,0.7599999904632568,0.7300000190734863,0.75,65737,0.0,0.0
2023-01-26 11:30:00-05:00,0.7698000073432922,0.7749999761581421,0.6901000142097473,0.7027000188827515,166941,0.0,0.0
2023-01-26 12:30:00-05:00,0.7141000032424927,0.7200000286102295,0.703000009059906,0.7049999833106995,18608,0.0,0.0
2023-01-26 13:30:00-05:00,0.7199000120162964,0.7706000208854675,0.7099999785423279,0.7649999856948853,31130,0.0,0.0
2023-01-26 14:30:00-05:00,0.7451000213623047,0.7746999859809875,0.7350999712944031,0.7649999856948853,25612,0.0,0.0
2023-01-26 15:30:00-05:00,0.7599999904632568,0.800000011920929,0.7200000286102295,0.7200000286102295,52505,0.0,0.0
2023-01-27 09:30:00-05:00,0.7440000176429749,0.7440000176429749,0.6801000237464905,0.7300000190734863,139877,0.0,0.0
2023-01-27 10:30:00-05:00,0.7149999737739563,0.7159010171890259,0.6499999761581421,0.67010098695755,68566,0.0,0.0
2023-01-27 11:30:00-05:00,0.675000011920929,0.6974999904632568,0.6700000166893005,0.6766999959945679,23841,0.0,0.0
2023-01-27 12:30:00-05:00,0.6740999817848206,0.7034000158309937,0.6600000262260437,0.6827999949455261,78018,0.0,0.0
2023-01-27 13:30:00-05:00,0.6606000065803528,0.699999988079071,0.6600000262260437,0.699999988079071,23176,0.0,0.0
2023-01-27 14:30:00-05:00,0.6830000281333923,0.699999988079071,0.6669999957084656,0.6669999957084656,21750,0.0,0.0
2023-01-27 15:30:00-05:00,0.6700000166893005,0.6988999843597412,0.6600000262260437,0.6600000262260437,62532,0.0,0.0
2023-01-30 09:30:00-05:00,0.6510999798774719,0.7900000214576721,0.6510999798774719,0.7402999997138977,61725,0.0,0.0
2023-01-30 10:30:00-05:00,0.7383009791374207,0.75,0.7179999947547913,0.7350000143051147,81500,0.0,0.0
2023-01-30 11:30:00-05:00,0.7383999824523926,0.75,0.7179999947547913,0.7437000274658203,67805,0.0,0.0
2023-01-30 12:30:00-05:00,0.7490000128746033,0.75,0.7317000031471252,0.7419000267982483,13620,0.0,0.0
2023-01-30 13:30:00-05:00,0.7498999834060669,0.7519999742507935,0.7407500147819519,0.7519999742507935,16137,0.0,0.0
2023-01-30 14:30:00-05:00,0.7555999755859375,0.7652999758720398,0.7531499862670898,0.7605999708175659,22969,0.0,0.0
2023-01-30 15:30:00-05:00,0.7627999782562256,0.7649999856948853,0.7131999731063843,0.7131999731063843,22936,0.0,0.0
2023-01-31 09:30:00-05:00,0.6988999843597412,0.7160000205039978,0.6901000142097473,0.7160000205039978,23304,0.0,0.0
2023-01-31 10:30:00-05:00,0.7289999723434448,0.7289999723434448,0.6909999847412109,0.6909999847412109,1802,0.0,0.0
2023-01-31 11:30:00-05:00,0.7260000109672546,0.75,0.7110000252723694,0.7299000024795532,66783,0.0,0.0
2023-01-31 12:30:00-05:00,0.7202000021934509,0.7299000024795532,0.7200999855995178,0.7204999923706055,4578,0.0,0.0
2023-01-31 13:30:00-05:00,0.7300000190734863,0.7465000152587891,0.7251999974250793,0.7386999726295471,73749,0.0,0.0
2023-01-31 14:30:00-05:00,0.7386999726295471,0.7465999722480774,0.7202000021934509,0.7300000190734863,13979,0.0,0.0
2023-01-31 15:30:00-05:00,0.7202000021934509,0.7333999872207642,0.7200000286102295,0.7200000286102295,17114,0.0,0.0
2023-02-01 09:30:00-05:00,0.7142000198364258,0.7285000085830688,0.6899999976158142,0.7071999907493591,10266,0.0,0.0
2023-02-01 10:30:00-05:00,0.707099974155426,0.7285000085830688,0.707099974155426,0.7285000085830688,4751,0.0,0.0
2023-02-01 11:30:00-05:00,0.7249500155448914,0.7307000160217285,0.7214000225067139,0.7214000225067139,912,0.0,0.0
2023-02-01 12:30:00-05:00,0.7299000024795532,0.7430999875068665,0.7009999752044678,0.7400000095367432,90695,0.0,0.0
2023-02-01 13:30:00-05:00,0.7400000095367432,0.7799000144004822,0.701200008392334,0.7351999878883362,36591,0.0,0.0
2023-02-01 14:30:00-05:00,0.7286999821662903,0.7649999856948853,0.7049999833106995,0.7390999794006348,4505,0.0,0.0
2023-02-01 15:30:00-05:00,0.7257999777793884,0.736549973487854,0.7257999777793884,0.736549973487854,315,0.0,0.0
2023-02-02 09:30:00-05:00,0.7263000011444092,0.8222000002861023,0.7263000011444092,0.7954999804496765,172128,0.0,0.0
2023-02-02 10:30:00-05:00,0.7910000085830688,0.79544997215271,0.7300000190734863,0.789900004863739,61266,0.0,0.0
2023-02-02 11:30:00-05:00,0.7663000226020813,0.7799999713897705,0.7426999807357788,0.7799999713897705,5940,0.0,0.0
2023-02-02 12:30:00-05:00,0.7799999713897705,0.7799999713897705,0.7601000070571899,0.7741000056266785,7183,0.0,0.0
2023-02-02 13:30:00-05:00,0.781499981880188,0.7889999747276306,0.7599999904632568,0.7889999747276306,6225,0.0,0.0
2023-02-02 14:30:00-05:00,0.7601000070571899,0.7889999747276306,0.7342000007629395,0.7342000007629395,14437,0.0,0.0
2023-02-02 15:30:00-05:00,0.7616000175476074,0.7889999747276306,0.7488999962806702,0.7889999747276306,3094,0.0,0.0
2023-02-03 09:30:00-05:00,0.8199999928474426,0.8299999833106995,0.785099983215332,0.7975999712944031,2357,0.0,0.0
2023-02-03 10:30:00-05:00,0.7928000092506409,0.7928000092506409,0.7756010293960571,0.785099983215332,2123,0.0,0.0
2023-02-03 11:30:00-05:00,0.7875000238418579,0.7889999747276306,0.774599015712738,0.788798987865448,1628,0.0,0.0
2023-02-03 12:30:00-05:00,0.785099983215332,0.7889000177383423,0.7724490165710449,0.7724999785423279,2226,0.0,0.0
2023-02-03 13:30:00-05:00,0.7724999785423279,0.7799999713897705,0.7724999785423279,0.7799999713897705,3930,0.0,0.0
2023-02-03 14:30:00-05:00,0.7726010084152222,0.7860999703407288,0.7484999895095825,0.7860000133514404,13824,0.0,0.0
2023-02-03 15:30:00-05:00,0.7799999713897705,0.7860000133514404,0.7587000131607056,0.7699999809265137,2663,0.0,0.0
2023-02-06 09:30:00-05:00,0.7633000016212463,0.7699000239372253,0.7192000150680542,0.75,10956,0.0,0.0
2023-02-06 10:30:00-05:00,0.7472000122070312,0.7699999809265137,0.7110009789466858,0.7699999809265137,12883,0.0,0.0
2023-02-06 11:30:00-05:00,0.7549999952316284,0.7799999713897705,0.739300012588501,0.7799999713897705,1120,0.0,0.0
2023-02-06 12:30:00-05:00,0.7851009964942932,0.8299999833106995,0.7699999809265137,0.8299999833106995,14308,0.0,0.0
2023-02-06 13:30:00-05:00,0.7603999972343445,0.777649998664856,0.7488999962806702,0.777649998664856,8664,0.0,0.0
2023-02-06 14:30:00-05:00,0.7775999903678894,0.800000011920929,0.7595000267028809,0.7595000267028809,3883,0.0,0.0
2023-02-06 15:30:00-05:00,0.7746999859809875,0.7746999859809875,0.7594000101089478,0.7594000101089478,391,0.0,0.0
2023-02-07 09:30:00-05:00,0.7480000257492065,0.8062000274658203,0.734000027179718,0.7978000044822693,27006,0.0,0.0
2023-02-07 10:30:00-05:00,0.7949000000953674,0.8299999833106995,0.7601000070571899,0.8299999833106995,75955,0.0,0.0
2023-02-07 11:30:00-05:00,0.8082000017166138,0.8299999833106995,0.7599999904632568,0.7699000239372253,13970,0.0,0.0
2023-02-07 12:30:00-05:00,0.7749999761581421,0.8199999928474426,0.7383000254631042,0.7806000113487244,13825,0.0,0.0
2023-02-07 13:30:00-05:00,0.7639999985694885,0.800000011920929,0.7639999985694885,0.800000011920929,4840,0.0,0.0
2023-02-07 14:30:00-05:00,0.800000011920929,0.8100000023841858,0.800000011920929,0.8100000023841858,1776,0.0,0.0
2023-02-07 15:30:00-05:00,0.8100000023841858,0.8199999928474426,0.7520009875297546,0.7520009875297546,43821,0.0,0.0
2023-02-08 09:30:00-05:00,0.7369999885559082,0.7997999787330627,0.6899999976158142,0.7427999973297119,37410,0.0,0.0
2023-02-08 10:30:00-05:00,0.7426990270614624,0.7426990270614624,0.7101010084152222,0.7110999822616577,7309,0.0,0.0
2023-02-08 11:30:00-05:00,0.7110000252723694,0.7300000190734863,0.7110000252723694,0.7200000286102295,2228,0.0,0.0
2023-02-08 12:30:00-05:00,0.7249500155448914,0.7299000024795532,0.7195000052452087,0.7195000052452087,2040,0.0,0.0
2023-02-08 13:30:00-05:00,0.7149999737739563,0.7799999713897705,0.7149999737739563,0.7799999713897705,41761,0.0,0.0
2023-02-08 14:30:00-05:00,0.7900000214576721,0.8151000142097473,0.789900004863739,0.7997999787330627,31222,0.0,0.0
2023-02-08 15:30:00-05:00,0.7450000047683716,0.8100000023841858,0.7200000286102295,0.7300000190734863,10280,0.0,0.0
2023-02-09 09:30:00-05:00,0.7900000214576721,0.7900999784469604,0.7347000241279602,0.7897999882698059,19212,0.0,0.0
2023-02-09 10:30:00-05:00,0.7896000146865845,0.7940000295639038,0.75,0.75,43333,0.0,0.0
2023-02-09 11:30:00-05:00,0.75,0.7957990169525146,0.75,0.7695000171661377,4844,0.0,0.0
2023-02-09 12:30:00-05:00,0.75,0.7749999761581421,0.75,0.7501009702682495,1560,0.0,0.0
2023-02-09 13:30:00-05:00,0.7699999809265137,0.7699999809265137,0.75,0.7599999904632568,1307,0.0,0.0
2023-02-09 14:30:00-05:00,0.7599999904632568,0.7699999809265137,0.7444999814033508,0.75,4049,0.0,0.0
2023-02-09 15:30:00-05:00,0.7400000095367432,0.7699999809265137,0.7350000143051147,0.7400000095367432,4251,0.0,0.0
2023-02-10 09:30:00-05:00,0.7499200105667114,0.7499200105667114,0.7103000283241272,0.734699010848999,2625,0.0,0.0
2023-02-10 10:30:00-05:00,0.7400000095367432,0.75,0.7300000190734863,0.75,3350,0.0,0.0
2023-02-10 11:30:00-05:00,0.75,0.75,0.7301009893417358,0.7318999767303467,2334,0.0,0.0
2023-02-10 12:30:00-05:00,0.7488999962806702,0.7488999962806702,0.7300000190734863,0.7372999787330627,4652,0.0,0.0
2023-02-10 13:30:00-05:00,0.7386999726295471,0.7400000095367432,0.7250000238418579,0.7346000075340271,1636,0.0,0.0
2023-02-10 14:30:00-05:00,0.7365999817848206,0.7365999817848206,0.7272999882698059,0.734000027179718,868,0.0,0.0
2023-02-10 15:30:00-05:00,0.7322999835014343,0.7322999835014343,0.7099999785423279,0.7284510135650635,11617,0.0,0.0
2023-02-13 09:30:00-05:00,0.699999988079071,0.7497000098228455,0.6899999976158142,0.6920999884605408,28661,0.0,0.0
2023-02-13 10:30:00-05:00,0.7397000193595886,0.7397000193595886,0.7002000212669373,0.7099999785423279,6412,0.0,0.0
2023-02-13 11:30:00-05:00,0.7299000024795532,0.7299000024795532,0.7196000218391418,0.7196000218391418,2768,0.0,0.0
2023-02-13 12:30:00-05:00,0.7199000120162964,0.7199000120162964,0.7149999737739563,0.7149999737739563,3968,0.0,0.0
2023-02-13 13:30:00-05:00,0.7197999954223633,0.7197999954223633,0.7099999785423279,0.7099999785423279,7565,0.0,0.0
2023-02-13 14:30:00-05:00,0.7095999717712402,0.720300018787384,0.6940000057220459,0.7200000286102295,3331,0.0,0.0
2023-02-13 15:30:00-05:00,0.7124999761581421,0.7300000190734863,0.6940000057220459,0.6940000057220459,8966,0.0,0.0
2023-02-14 09:30:00-05:00,0.7400000095367432,0.7400000095367432,0.6899999976158142,0.7071999907493591,10659,0.0,0.0
2023-02-14 10:30:00-05:00,0.7020000219345093,0.7020000219345093,0.6700000166893005,0.6951000094413757,50960,0.0,0.0
2023-02-14 11:30:00-05:00,0.7074000239372253,0.7074000239372253,0.6837999820709229,0.683899998664856,19050,0.0,0.0
2023-02-14 12:30:00-05:00,0.683899998664856,0.7074000239372253,0.6837999820709229,0.7046999931335449,4550,0.0,0.0
2023-02-14 13:30:00-05:00,0.6899999976158142,0.715499997138977,0.683899998664856,0.7095999717712402,6316,0.0,0.0
2023-02-14 14:30:00-05:00,0.6862000226974487,0.7099999785423279,0.6862000226974487,0.7049499750137329,6091,0.0,0.0
2023-02-14 15:30:00-05:00,0.7099000215530396,0.7099000215530396,0.6899999976158142,0.6899999976158142,9086,0.0,0.0
2023-02-15 09:30:00-05:00,0.6899999976158142,0.727400004863739,0.6711000204086304,0.6998999714851379,11595,0.0,0.0
2023-02-15 10:30:00-05:00,0.6972000002861023,0.7300000190734863,0.6712999939918518,0.7200000286102295,13145,0.0,0.0
2023-02-15 11:30:00-05:00,0.7300000190734863,0.7300000190734863,0.7045000195503235,0.7199000120162964,5647,0.0,0.0
2023-02-15 12:30:00-05:00,0.7199000120162964,0.7300000190734863,0.7045000195503235,0.7200000286102295,5215,0.0,0.0
2023-02-15 13:30:00-05:00,0.7300000190734863,0.7300000190734863,0.6933000087738037,0.6933000087738037,6426,0.0,0.0
2023-02-15 14:30:00-05:00,0.7300000190734863,0.75,0.6947000026702881,0.75,8295,0.0,0.0
2023-02-15 15:30:00-05:00,0.7436010241508484,0.75,0.699999988079071,0.7448999881744385,14429,0.0,0.0
2023-02-16 09:30:00-05:00,0.7599999904632568,0.7599999904632568,0.7195000052452087,0.7595000267028809,25815,0.0,0.0
2023-02-16 10:30:00-05:00,0.7210000157356262,0.7595000267028809,0.7005000114440918,0.7592999935150146,16413,0.0,0.0
2023-02-16 11:30:00-05:00,0.7592999935150146,0.7592999935150146,0.7163000106811523,0.7592999935150146,2478,0.0,0.0
2023-02-16 12:30:00-05:00,0.7591999769210815,0.7592999935150146,0.7400000095367432,0.75,3700,0.0,0.0
2023-02-16 13:30:00-05:00,0.7592999935150146,0.7592999935150146,0.7235010266304016,0.7549999952316284,14805,0.0,0.0
2023-02-16 14:30:00-05:00,0.7549999952316284,0.7799999713897705,0.7099999785423279,0.7426000237464905,69190,0.0,0.0
2023-02-16 15:30:00-05:00,0.7572000026702881,0.7598000168800354,0.7099999785423279,0.7243000268936157,12922,0.0,0.0
2023-02-17 09:30:00-05:00,0.717199981212616,0.7595000267028809,0.7050999999046326,0.7372999787330627,0,0.0,0.0
2023-02-17 10:30:00-05:00,0.7372000217437744,0.7398999929428101,0.7099999785423279,0.7105000019073486,4635,0.0,0.0
2023-02-17 11:30:00-05:00,0.739799976348877,0.739799976348877,0.7200999855995178,0.7300000190734863,4413,0.0,0.0
2023-02-17 12:30:00-05:00,0.7300000190734863,0.7443000078201294,0.7099999785423279,0.7372999787330627,12332,0.0,0.0
2023-02-17 13:30:00-05:00,0.7398999929428101,0.7400000095367432,0.7300000190734863,0.7400000095367432,7252,0.0,0.0
2023-02-17 14:30:00-05:00,0.7573000192642212,0.7599999904632568,0.7443000078201294,0.7599999904632568,4896,0.0,0.0
2023-02-17 15:30:00-05:00,0.7599999904632568,0.7599999904632568,0.7597000002861023,0.7599999904632568,5117,0.0,0.0
2023-02-21 09:30:00-05:00,0.7599999904632568,0.7599999904632568,0.7103999853134155,0.7207000255584717,7811,0.0,0.0
2023-02-21 10:30:00-05:00,0.7595000267028809,0.7595000267028809,0.7501000165939331,0.7562000155448914,7265,0.0,0.0
2023-02-21 11:30:00-05:00,0.7593989968299866,0.7598000168800354,0.7300000190734863,0.7300000190734863,17632,0.0,0.0
2023-02-21 12:30:00-05:00,0.7598000168800354,0.760200023651123,0.7300000190734863,0.760200023651123,3588,0.0,0.0
2023-02-21 13:30:00-05:00,0.7601000070571899,0.794700026512146,0.7598999738693237,0.789900004863739,44883,0.0,0.0
2023-02-21 14:30:00-05:00,0.7699999809265137,0.7943990230560303,0.7504000067710876,0.7504000067710876,25719,0.0,0.0
2023-02-21 15:30:00-05:00,0.7598999738693237,0.7598999738693237,0.7300000190734863,0.7562000155448914,0,0.0,0.0
2023-02-22 09:30:00-05:00,0.7400000095367432,0.7996990084648132,0.7117999792098999,0.7501000165939331,58939,0.0,0.0
2023-02-22 10:30:00-05:00,0.7501000165939331,0.7501000165939331,0.7501000165939331,0.7501000165939331,508,0.0,0.0
2023-02-22 11:30:00-05:00,0.7519999742507935,0.7599999904632568,0.7400000095367432,0.7599999904632568,2660,0.0,0.0
2023-02-22 12:30:00-05:00,0.7301999926567078,0.7598999738693237,0.7301999926567078,0.7598999738693237,343,0.0,0.0
2023-02-22 13:30:00-05:00,0.75,0.75,0.7300000190734863,0.7498999834060669,7071,0.0,0.0
2023-02-22 14:30:00-05:00,0.75,0.75,0.7310000061988831,0.7310000061988831,866,0.0,0.0
2023-02-22 15:30:00-05:00,0.75,0.75,0.7239999771118164,0.7239999771118164,8873,0.0,0.0
2023-02-23 09:30:00-05:00,0.7049999833106995,0.7437000274658203,0.699999988079071,0.7398999929428101,30942,0.0,0.0
2023-02-23 10:30:00-05:00,0.7300000190734863,0.7300000190734863,0.699999988079071,0.699999988079071,2834,0.0,0.0
2023-02-23 11:30:00-05:00,0.6880999803543091,0.7300000190734863,0.6880999803543091,0.699999988079071,17541,0.0,0.0
2023-02-23 12:30:00-05:00,0.699999988079071,0.7200000286102295,0.699999988079071,0.7200000286102295,3205,0.0,0.0
2023-02-23 13:30:00-05:00,0.7200000286102295,0.7350000143051147,0.7143999934196472,0.7143999934196472,6675,0.0,0.0
2023-02-23 14:30:00-05:00,0.7002000212669373,0.7200000286102295,0.7002000212669373,0.7037000060081482,3504,0.0,0.0
2023-02-23 15:30:00-05:00,0.7002000212669373,0.7300000190734863,0.6800000071525574,0.6990000009536743,13885,0.0,0.0
2023-02-24 09:30:00-05:00,0.6990000009536743,0.7260000109672546,0.6990000009536743,0.7200000286102295,8111,0.0,0.0
2023-02-24 10:30:00-05:00,0.697700023651123,0.7247989773750305,0.695900022983551,0.7247989773750305,3070,0.0,0.0
2023-02-24 11:30:00-05:00,0.7226999998092651,0.7249000072479248,0.6854010224342346,0.7249000072479248,8620,0.0,0.0
2023-02-24 12:30:00-05:00,0.6851999759674072,0.7249000072479248,0.6851999759674072,0.7249000072479248,1340,0.0,0.0
2023-02-24 14:30:00-05:00,0.709850013256073,0.709850013256073,0.709850013256073,0.709850013256073,217,0.0,0.0
2023-02-24 15:30:00-05:00,0.7239000201225281,0.7249000072479248,0.7239000201225281,0.7249000072479248,2450,0.0,0.0
2023-02-27 09:30:00-05:00,0.7299000024795532,0.7416999936103821,0.7029439806938171,0.7400000095367432,5949,0.0,0.0
2023-02-27 10:30:00-05:00,0.7254499793052673,0.7406989932060242,0.7250000238418579,0.7281000018119812,11945,0.0,0.0
2023-02-27 11:30:00-05:00,0.7250000238418579,0.7408999800682068,0.6800000071525574,0.6861010193824768,37728,0.0,0.0
2023-02-27 12:30:00-05:00,0.7174999713897705,0.7398999929428101,0.682699978351593,0.682699978351593,10900,0.0,0.0
2023-02-27 13:30:00-05:00,0.7167999744415283,0.7349990010261536,0.7094500064849854,0.7099999785423279,2912,0.0,0.0
2023-02-27 14:30:00-05:00,0.715499997138977,0.7290999889373779,0.7095000147819519,0.7290999889373779,417,0.0,0.0
2023-02-27 15:30:00-05:00,0.6859999895095825,0.7239999771118164,0.6833999752998352,0.7098000049591064,0,0.0,0.0
2023-02-28 09:30:00-05:00,0.7200000286102295,0.7243000268936157,0.7200000286102295,0.7243000268936157,6841,0.0,0.0
2023-02-28 10:30:00-05:00,0.7200000286102295,0.7243000268936157,0.7200000286102295,0.7200999855995178,4736,0.0,0.0
2023-02-28 11:30:00-05:00,0.7200000286102295,0.7200000286102295,0.6901000142097473,0.699999988079071,21407,0.0,0.0
2023-02-28 12:30:00-05:00,0.7197999954223633,0.7197999954223633,0.7197999954223633,0.7197999954223633,1068,0.0,0.0
2023-02-28 13:30:00-05:00,0.7199000120162964,0.7199000120162964,0.7199000120162964,0.7199000120162964,115,0.0,0.0
2023-02-28 14:30:00-05:00,0.7099999785423279,0.7243000268936157,0.7099999785423279,0.7243000268936157,654,0.0,0.0
2023-03-01 09:30:00-05:00,0.7759000062942505,0.7759000062942505,0.705299973487854,0.75,11694,0.0,0.0
2023-03-01 10:30:00-05:00,0.7156010270118713,0.7156010270118713,0.7156010270118713,0.7156010270118713,1010,0.0,0.0
2023-03-01 11:30:00-05:00,0.7644990086555481,0.7644990086555481,0.720100998878479,0.720100998878479,2232,0.0,0.0
2023-03-01 12:30:00-05:00,0.7250000238418579,0.7393990159034729,0.7250000238418579,0.7250999808311462,1400,0.0,0.0
2023-03-01 14:30:00-05:00,0.7494999766349792,0.7699000239372253,0.7494999766349792,0.7698000073432922,8260,0.0,0.0
2023-03-01 15:30:00-05:00,0.7699000239372253,0.7699999809265137,0.7322999835014343,0.7699000239372253,7505,0.0,0.0
2023-03-02 09:30:00-05:00,0.7200000286102295,0.7894999980926514,0.7200000286102295,0.7422000169754028,0,0.0,0.0
2023-03-02 10:30:00-05:00,0.75,0.75,0.7390000224113464,0.75,8815,0.0,0.0
2023-03-02 11:30:00-05:00,0.7369999885559082,0.7448999881744385,0.7350000143051147,0.7400000095367432,4940,0.0,0.0
2023-03-02 12:30:00-05:00,0.7350000143051147,0.7350000143051147,0.7215999960899353,0.7215999960899353,2800,0.0,0.0
2023-03-02 13:30:00-05:00,0.7448999881744385,0.7448999881744385,0.7215999960899353,0.7215999960899353,1165,0.0,0.0
2023-03-02 14:30:00-05:00,0.7215999960899353,0.7219099998474121,0.7001000046730042,0.7001000046730042,2156,0.0,0.0
2023-03-02 15:30:00-05:00,0.7050999999046326,0.7099000215530396,0.7050999999046326,0.7099000215530396,506,0.0,0.0
2023-03-03 09:30:00-05:00,0.7200000286102295,0.7200000286102295,0.7013000249862671,0.7065010070800781,2273,0.0,0.0
2023-03-03 10:30:00-05:00,0.7124000191688538,0.7249490022659302,0.7124000191688538,0.7249490022659302,1143,0.0,0.0
2023-03-03 11:30:00-05:00,0.7249000072479248,0.7249000072479248,0.7189409732818604,0.7189409732818604,1540,0.0,0.0
2023-03-03 12:30:00-05:00,0.710099995136261,0.7200000286102295,0.7099999785423279,0.7099999785423279,22028,0.0,0.0
2023-03-03 13:30:00-05:00,0.7099999785423279,0.7197999954223633,0.7099999785423279,0.7197999954223633,309,0.0,0.0
2023-03-03 14:30:00-05:00,0.7159000039100647,0.7199000120162964,0.7120000123977661,0.7139000296592712,11923,0.0,0.0
2023-03-03 15:30:00-05:00,0.7128000259399414,0.7300000190734863,0.7128000259399414,0.7254999876022339,886,0.0,0.0
2023-03-06 09:30:00-05:00,0.7149509787559509,0.7198500037193298,0.7020000219345093,0.7099999785423279,0,0.0,0.0
2023-03-06 11:30:00-05:00,0.7398999929428101,0.7398999929428101,0.7014999985694885,0.7014999985694885,20778,0.0,0.0
2023-03-06 12:30:00-05:00,0.7015010118484497,0.7015010118484497,0.6944000124931335,0.6944000124931335,16903,0.0,0.0
2023-03-06 13:30:00-05:00,0.7289999723434448,0.7289999723434448,0.7093999981880188,0.7093999981880188,2421,0.0,0.0
2023-03-06 14:30:00-05:00,0.7193999886512756,0.7193999886512756,0.7193999886512756,0.7193999886512756,185,0.0,0.0
2023-03-06 15:30:00-05:00,0.718999981880188,0.718999981880188,0.7099999785423279,0.7099999785423279,1086,0.0,0.0
2023-03-07 09:30:00-05:00,0.8149999976158142,0.8149999976158142,0.6811000108718872,0.6899999976158142,69707,0.0,0.0
2023-03-07 10:30:00-05:00,0.6869999766349792,0.7204999923706055,0.6614999771118164,0.6798999905586243,174257,0.0,0.0
2023-03-07 11:30:00-05:00,0.6700000166893005,0.7398999929428101,0.6664999723434448,0.7398999929428101,30215,0.0,0.0
2023-03-07 12:30:00-05:00,0.7001000046730042,0.7192999720573425,0.6848999857902527,0.7192999720573425,54531,0.0,0.0
2023-03-07 13:30:00-05:00,0.7200000286102295,0.7396000027656555,0.7099999785423279,0.7099999785423279,5088,0.0,0.0
2023-03-07 14:30:00-05:00,0.7049999833106995,0.7099999785423279,0.7049999833106995,0.7049999833106995,676,0.0,0.0
2023-03-07 15:30:00-05:00,0.7049999833106995,0.7099999785423279,0.699999988079071,0.699999988079071,2214,0.0,0.0
2023-03-08 09:30:00-05:00,0.7501000165939331,0.800000011920929,0.6614000201225281,0.6919999718666077,1570028,0.0,0.0
2023-03-08 10:30:00-05:00,0.6919999718666077,0.7200999855995178,0.6919999718666077,0.711899995803833,75057,0.0,0.0
2023-03-08 11:30:00-05:00,0.7188000082969666,0.7394999861717224,0.6800000071525574,0.7049999833106995,127640,0.0,0.0
2023-03-08 12:30:00-05:00,0.7045999765396118,0.7045999765396118,0.675000011920929,0.6898999810218811,43260,0.0,0.0
2023-03-08 13:30:00-05:00,0.6898999810218811,0.6992999911308289,0.6769999861717224,0.6801000237464905,16872,0.0,0.0
2023-03-08 14:30:00-05:00,0.6899999976158142,0.7099999785423279,0.6790000200271606,0.7072820067405701,46490,0.0,0.0
2023-03-08 15:30:00-05:00,0.7099000215530396,0.7149999737739563,0.6850000023841858,0.6890000104904175,59173,0.0,0.0
2023-03-09 09:30:00-05:00,0.6800000071525574,0.6998000144958496,0.5799999833106995,0.6502000093460083,288005,0.0,0.0
2023-03-09 10:30:00-05:00,0.6651999950408936,0.6700000166893005,0.6291000247001648,0.6320000290870667,15501,0.0,0.0
2023-03-09 11:30:00-05:00,0.6399000287055969,0.6682999730110168,0.6309999823570251,0.6403999924659729,104031,0.0,0.0
2023-03-09 12:30:00-05:00,0.6499999761581421,0.6600000262260437,0.6309999823570251,0.6389999985694885,114900,0.0,0.0
2023-03-09 13:30:00-05:00,0.6327009797096252,0.6335999965667725,0.6309999823570251,0.631600022315979,31258,0.0,0.0
2023-03-09 14:30:00-05:00,0.6309999823570251,0.6315000057220459,0.6309999823570251,0.6310999989509583,22315,0.0,0.0
2023-03-09 15:30:00-05:00,0.6310999989509583,0.6499999761581421,0.6309999823570251,0.6309999823570251,18988,0.0,0.0
2023-03-10 09:30:00-05:00,0.6758999824523926,0.6758999824523926,0.5199999809265137,0.6050000190734863,171898,0.0,0.0
2023-03-10 10:30:00-05:00,0.6050000190734863,0.6466000080108643,0.5782999992370605,0.6466000080108643,198866,0.0,0.0
2023-03-10 11:30:00-05:00,0.6466000080108643,0.6700000166893005,0.6381999850273132,0.6600000262260437,33203,0.0,0.0
2023-03-10 12:30:00-05:00,0.6510999798774719,0.6650000214576721,0.6510999798774719,0.6511009931564331,14546,0.0,0.0
2023-03-10 13:30:00-05:00,0.651199996471405,0.6740000247955322,0.6510999798774719,0.6740000247955322,40645,0.0,0.0
2023-03-10 14:30:00-05:00,0.6740000247955322,0.6800000071525574,0.6571999788284302,0.6689000129699707,19293,0.0,0.0
2023-03-10 15:30:00-05:00,0.660099983215332,0.6690000295639038,0.660099983215332,0.6636999845504761,12668,0.0,0.0
2023-03-13 09:30:00-04:00,0.7975000143051147,0.7975000143051147,0.699999988079071,0.7296000123023987,516256,0.0,0.0
2023-03-13 10:30:00-04:00,0.7297000288963318,0.7297999858856201,0.7099999785423279,0.7218999862670898,96188,0.0,0.0
2023-03-13 11:30:00-04:00,0.7238500118255615,0.7498999834060669,0.7124500274658203,0.7365009784698486,91073,0.0,0.0
2023-03-13 12:30:00-04:00,0.7382000088691711,0.7400000095367432,0.7329999804496765,0.7386500239372253,91886,0.0,0.0
2023-03-13 13:30:00-04:00,0.7386000156402588,0.7400000095367432,0.7009999752044678,0.7350000143051147,155455,0.0,0.0
2023-03-13 14:30:00-04:00,0.7246999740600586,0.7601000070571899,0.7246999740600586,0.7425000071525574,178122,0.0,0.0
2023-03-13 15:30:00-04:00,0.7425000071525574,0.7696999907493591,0.7400000095367432,0.7498999834060669,151261,0.0,0.0
2023-03-14 09:30:00-04:00,0.7994999885559082,0.8930000066757202,0.7885000109672546,0.86080002784729,430926,0.0,0.0
2023-03-14 10:30:00-04:00,0.8799999952316284,0.934499979019165,0.7710999846458435,0.8123000264167786,294973,0.0,0.0
2023-03-14 11:30:00-04:00,0.8126999735832214,0.8567000031471252,0.7620000243186951,0.7799999713897705,147312,0.0,0.0
2023-03-14 12:30:00-04:00,0.7900000214576721,0.8371000289916992,0.6901000142097473,0.7110000252723694,256793,0.0,0.0
2023-03-14 13:30:00-04:00,0.729882001876831,0.75,0.7049999833106995,0.7329999804496765,31200,0.0,0.0
2023-03-14 14:30:00-04:00,0.7478839755058289,0.75,0.722000002861023,0.7400000095367432,21315,0.0,0.0
2023-03-14 15:30:00-04:00,0.7400000095367432,0.75,0.6700999736785889,0.6800000071525574,87801,0.0,0.0
2023-03-15 09:30:00-04:00,0.6600000262260437,0.7599999904632568,0.6600000262260437,0.7001000046730042,158057,0.0,0.0
2023-03-15 10:30:00-04:00,0.7099999785423279,0.7198989987373352,0.6708999872207642,0.710099995136261,42873,0.0,0.0
2023-03-15 11:30:00-04:00,0.7001000046730042,0.7184000015258789,0.6952000260353088,0.7049999833106995,40833,0.0,0.0
2023-03-15 12:30:00-04:00,0.7049000263214111,0.7488999962806702,0.7049000263214111,0.7448999881744385,83510,0.0,0.0
2023-03-15 13:30:00-04:00,0.7437000274658203,0.8299999833106995,0.7202000021934509,0.7319999933242798,183757,0.0,0.0
2023-03-15 14:30:00-04:00,0.7319999933242798,0.7394999861717224,0.7300000190734863,0.734000027179718,32849,0.0,0.0
2023-03-15 15:30:00-04:00,0.7340989708900452,0.7340999841690063,0.6970000267028809,0.699999988079071,78102,0.0,0.0
2023-03-16 09:30:00-04:00,0.800000011920929,0.8199999928474426,0.7299000024795532,0.7299000024795532,716935,0.0,0.0
2023-03-16 10:30:00-04:00,0.7239999771118164,0.7498999834060669,0.7074999809265137,0.7495909929275513,150316,0.0,0.0
2023-03-16 11:30:00-04:00,0.7498999834060669,0.7498999834060669,0.7250000238418579,0.7348999977111816,60340,0.0,0.0
2023-03-16 12:30:00-04:00,0.7300000190734863,0.7398989796638489,0.7099999785423279,0.713699996471405,96551,0.0,0.0
2023-03-16 13:30:00-04:00,0.7132009863853455,0.7149999737739563,0.7099999785423279,0.7145000100135803,28327,0.0,0.0
2023-03-16 14:30:00-04:00,0.7124999761581421,0.7141000032424927,0.7099999785423279,0.7128000259399414,136314,0.0,0.0
2023-03-16 15:30:00-04:00,0.7121000289916992,0.7293999791145325,0.6970999836921692,0.6970999836921692,107465,0.0,0.0
2023-03-17 09:30:00-04:00,0.7211999893188477,0.7395020127296448,0.6764000058174133,0.6775000095367432,233249,0.0,0.0
2023-03-17 10:30:00-04:00,0.6800000071525574,0.7164000272750854,0.6779999732971191,0.6967999935150146,43440,0.0,0.0
2023-03-17 11:30:00-04:00,0.6955000162124634,0.7142000198364258,0.6790000200271606,0.6951000094413757,44841,0.0,0.0
2023-03-17 12:30:00-04:00,0.6909999847412109,0.7096999883651733,0.6804999709129333,0.699999988079071,32954,0.0,0.0
2023-03-17 13:30:00-04:00,0.699999988079071,0.7092990279197693,0.6804999709129333,0.685001015663147,34836,0.0,0.0
2023-03-17 14:30:00-04:00,0.6850000023841858,0.699999988079071,0.652899980545044,0.6699000000953674,64837,0.0,0.0
2023-03-17 15:30:00-04:00,0.6607999801635742,0.6789000034332275,0.6499999761581421,0.6600000262260437,66828,0.0,0.0
2023-03-20 09:30:00-04:00,0.6000000238418579,0.6499999761581421,0.6000000238418579,0.6090999841690063,168467,0.0,0.0
2023-03-20 10:30:00-04:00,0.609000027179718,0.6126999855041504,0.6000000238418579,0.6103000044822693,70067,0.0,0.0
2023-03-20 11:30:00-04:00,0.6200000047683716,0.6294000148773193,0.6004999876022339,0.600600004196167,35996,0.0,0.0
2023-03-20 12:30:00-04:00,0.600600004196167,0.6198999881744385,0.6003000140190125,0.612500011920929,18148,0.0,0.0
2023-03-20 13:30:00-04:00,0.612500011920929,0.6198999881744385,0.602400004863739,0.6148999929428101,50922,0.0,0.0
2023-03-20 14:30:00-04:00,0.6148999929428101,0.6193000078201294,0.6000000238418579,0.6193000078201294,38223,0.0,0.0
2023-03-20 15:30:00-04:00,0.6100000143051147,0.6179999709129333,0.6000000238418579,0.6000000238418579,13586,0.0,0.0
2023-03-21 09:30:00-04:00,0.6019999980926514,0.6439999938011169,0.6019999980926514,0.6200000047683716,77760,0.0,0.0
2023-03-21 10:30:00-04:00,0.6100999712944031,0.6147329807281494,0.6050000190734863,0.612500011920929,31882,0.0,0.0
2023-03-21 11:30:00-04:00,0.6129999756813049,0.6200000047683716,0.6019999980926514,0.6104999780654907,11304,0.0,0.0
2023-03-21 12:30:00-04:00,0.6079999804496765,0.6100000143051147,0.6025000214576721,0.6098999977111816,16480,0.0,0.0
2023-03-21 13:30:00-04:00,0.6025999784469604,0.6098999977111816,0.6025999784469604,0.6097000241279602,2209,0.0,0.0
2023-03-21 14:30:00-04:00,0.6097990274429321,0.6104999780654907,0.6019999980926514,0.6097999811172485,19334,0.0,0.0
2023-03-21 15:30:00-04:00,0.6020010113716125,0.6097999811172485,0.6019999980926514,0.6075999736785889,7469,0.0,0.0
2023-03-22 09:30:00-04:00,0.6499999761581421,0.6499999761581421,0.59579998254776,0.6200000047683716,48752,0.0,0.0
2023-03-22 10:30:00-04:00,0.6190000176429749,0.6190000176429749,0.6000000238418579,0.6190000176429749,6199,0.0,0.0
2023-03-22 11:30:00-04:00,0.600400984287262,0.6189000010490417,0.5924999713897705,0.6000000238418579,36489,0.0,0.0
2023-03-22 12:30:00-04:00,0.6000000238418579,0.6049000024795532,0.6000000238418579,0.6021000146865845,22382,0.0,0.0
2023-03-22 13:30:00-04:00,0.6021010279655457,0.6229000091552734,0.6021000146865845,0.6100000143051147,13942,0.0,0.0
2023-03-22 14:30:00-04:00,0.6100000143051147,0.6255999803543091,0.6100000143051147,0.6202999949455261,2819,0.0,0.0
2023-03-22 15:30:00-04:00,0.6255999803543091,0.6585000157356262,0.6202999949455261,0.6585000157356262,0,0.0,0.0
2023-03-23 09:30:00-04:00,0.638700008392334,0.6549000144004822,0.6287999749183655,0.6287999749183655,31476,0.0,0.0
2023-03-23 10:30:00-04:00,0.6299999952316284,0.6499999761581421,0.6247010231018066,0.6247010231018066,13438,0.0,0.0
2023-03-23 11:30:00-04:00,0.6499999761581421,0.7099999785423279,0.6255999803543091,0.7081000208854675,81787,0.0,0.0
2023-03-23 12:30:00-04:00,0.7067000269889832,0.7300000190734863,0.7067000269889832,0.7300000190734863,152290,0.0,0.0
2023-03-23 13:30:00-04:00,0.7300000190734863,0.7300000190734863,0.7099999785423279,0.729898989200592,75245,0.0,0.0
2023-03-23 14:30:00-04:00,0.7299000024795532,0.7299000024795532,0.6902999877929688,0.699999988079071,8110,0.0,0.0
2023-03-23 15:30:00-04:00,0.6800000071525574,0.715499997138977,0.6800000071525574,0.7077999711036682,8679,0.0,0.0
2023-03-24 09:30:00-04:00,0.7200000286102295,0.7250000238418579,0.6801000237464905,0.7099999785423279,40520,0.0,0.0
2023-03-24 10:30:00-04:00,0.6901000142097473,0.710099995136261,0.6900100111961365,0.710099995136261,3696,0.0,0.0
2023-03-24 11:30:00-04:00,0.7200000286102295,0.7279999852180481,0.7200000286102295,0.7279999852180481,85054,0.0,0.0
2023-03-24 12:30:00-04:00,0.7199000120162964,0.7199000120162964,0.7199000120162964,0.7199000120162964,648,0.0,0.0
2023-03-24 13:30:00-04:00,0.7200000286102295,0.7200000286102295,0.6916000247001648,0.7001000046730042,3396,0.0,0.0
2023-03-24 14:30:00-04:00,0.7200000286102295,0.722000002861023,0.699999988079071,0.7057999968528748,49905,0.0,0.0
2023-03-24 15:30:00-04:00,0.710099995136261,0.710099995136261,0.7002000212669373,0.7002000212669373,1215,0.0,0.0
2023-03-27 09:30:00-04:00,0.7961999773979187,0.8198999762535095,0.7599999904632568,0.8100000023841858,909926,0.0,0.0
2023-03-27 10:30:00-04:00,0.8100000023841858,0.8198999762535095,0.7799999713897705,0.7900000214576721,216256,0.0,0.0
2023-03-27 11:30:00-04:00,0.7983999848365784,0.7997999787330627,0.7702000141143799,0.7827000021934509,76670,0.0,0.0
2023-03-27 12:30:00-04:00,0.7809000015258789,0.7850000262260437,0.7350000143051147,0.7401999831199646,153498,0.0,0.0
2023-03-27 13:30:00-04:00,0.7453659772872925,0.7797999978065491,0.7228999733924866,0.7494999766349792,119251,0.0,0.0
2023-03-27 14:30:00-04:00,0.7468000054359436,0.7799999713897705,0.7468000054359436,0.7699999809265137,52640,0.0,0.0
2023-03-27 15:30:00-04:00,0.7605000138282776,0.7699000239372253,0.75,0.7501999735832214,26671,0.0,0.0
2023-03-28 09:30:00-04:00,0.777999997138977,0.7799999713897705,0.6811000108718872,0.7347999811172485,436059,0.0,0.0
2023-03-28 10:30:00-04:00,0.7299000024795532,0.7299000024795532,0.6899999976158142,0.7031999826431274,80856,0.0,0.0
2023-03-28 11:30:00-04:00,0.7063999772071838,0.7063999772071838,0.6876130104064941,0.6998999714851379,69958,0.0,0.0
2023-03-28 12:30:00-04:00,0.6992239952087402,0.7282000184059143,0.6899999976158142,0.7282000184059143,57149,0.0,0.0
2023-03-28 13:30:00-04:00,0.7279999852180481,0.7281000018119812,0.7099999785423279,0.7099999785423279,16821,0.0,0.0
2023-03-28 14:30:00-04:00,0.7099999785423279,0.7160000205039978,0.7016010284423828,0.7159000039100647,43073,0.0,0.0
2023-03-28 15:30:00-04:00,0.7102500200271606,0.7246000170707703,0.6951000094413757,0.7200000286102295,46339,0.0,0.0
2023-03-29 09:30:00-04:00,0.7300000190734863,0.7595000267028809,0.7200000286102295,0.7250000238418579,147409,0.0,0.0
2023-03-29 10:30:00-04:00,0.7239999771118164,0.7277989983558655,0.6970000267028809,0.7001000046730042,96366,0.0,0.0
2023-03-29 11:30:00-04:00,0.7001000046730042,0.7249000072479248,0.699999988079071,0.710099995136261,20425,0.0,0.0
2023-03-29 12:30:00-04:00,0.7099999785423279,0.7198989987373352,0.699999988079071,0.7120000123977661,39741,0.0,0.0
2023-03-29 13:30:00-04:00,0.7120010256767273,0.7200000286102295,0.699999988079071,0.7105000019073486,18687,0.0,0.0
2023-03-29 14:30:00-04:00,0.7105000019073486,0.7189000248908997,0.699999988079071,0.702301025390625,46575,0.0,0.0
2023-03-29 15:30:00-04:00,0.7020999789237976,0.7024999856948853,0.6998999714851379,0.699999988079071,29227,0.0,0.0
2023-03-30 09:30:00-04:00,0.7250000238418579,0.7250000238418579,0.6899999976158142,0.7099999785423279,116257,0.0,0.0
2023-03-30 10:30:00-04:00,0.699999988079071,0.7181000113487244,0.6499999761581421,0.6660000085830688,136044,0.0,0.0
2023-03-30 11:30:00-04:00,0.6700000166893005,0.6700000166893005,0.6499999761581421,0.6600000262260437,67079,0.0,0.0
2023-03-30 12:30:00-04:00,0.6600000262260437,0.6643999814987183,0.6299999952316284,0.6348999738693237,48152,0.0,0.0
2023-03-30 13:30:00-04:00,0.6349999904632568,0.6700000166893005,0.6349999904632568,0.660099983215332,45283,0.0,0.0
2023-03-30 14:30:00-04:00,0.660099983215332,0.6798999905586243,0.660099983215332,0.6779999732971191,58533,0.0,0.0
2023-03-30 15:30:00-04:00,0.677049994468689,0.6800000071525574,0.6600000262260437,0.6747999787330627,24865,0.0,0.0
2023-03-31 09:30:00-04:00,0.6886000037193298,0.6919999718666077,0.6700000166893005,0.6800000071525574,49036,0.0,0.0
2023-03-31 10:30:00-04:00,0.6834999918937683,0.684499979019165,0.6694999933242798,0.6738989949226379,14933,0.0,0.0
2023-03-31 11:30:00-04:00,0.6797999739646912,0.6797999739646912,0.6694999933242798,0.669700026512146,17578,0.0,0.0
2023-03-31 12:30:00-04:00,0.6694999933242798,0.6700000166893005,0.6692500114440918,0.6692500114440918,8971,0.0,0.0
2023-03-31 13:30:00-04:00,0.6694999933242798,0.6700000166893005,0.6351000070571899,0.6460000276565552,75369,0.0,0.0
2023-03-31 14:30:00-04:00,0.6460000276565552,0.6620000004768372,0.6449999809265137,0.6460999846458435,31773,0.0,0.0
2023-03-31 15:30:00-04:00,0.6485440135002136,0.6604999899864197,0.6424999833106995,0.6477000117301941,15904,0.0,0.0
2023-04-03 09:30:00-04:00,0.6499999761581421,0.6600000262260437,0.6000000238418579,0.6376000046730042,167620,0.0,0.0
2023-04-03 10:30:00-04:00,0.630486011505127,0.6376990079879761,0.6100999712944031,0.6165000200271606,34160,0.0,0.0
2023-04-03 11:30:00-04:00,0.6194999814033508,0.6320000290870667,0.6194999814033508,0.6320000290870667,11955,0.0,0.0
2023-04-03 12:30:00-04:00,0.6320000290870667,0.6320000290870667,0.6200000047683716,0.6297990083694458,13375,0.0,0.0
2023-04-03 13:30:00-04:00,0.6297000050544739,0.6297000050544739,0.6165000200271606,0.6287999749183655,16679,0.0,0.0
2023-04-03 14:30:00-04:00,0.6200000047683716,0.625,0.6100000143051147,0.6169999837875366,54252,0.0,0.0
2023-04-03 15:30:00-04:00,0.625,0.625,0.6110000014305115,0.619700014591217,13154,0.0,0.0
2023-04-04 09:30:00-04:00,0.6000000238418579,0.6305000185966492,0.6000000238418579,0.6211000084877014,76073,0.0,0.0
2023-04-04 10:30:00-04:00,0.6209999918937683,0.6330000162124634,0.6200000047683716,0.6237000226974487,149501,0.0,0.0
2023-04-04 11:30:00-04:00,0.6237000226974487,0.6274999976158142,0.6014999747276306,0.6014999747276306,22832,0.0,0.0
2023-04-04 12:30:00-04:00,0.6014999747276306,0.6273999810218811,0.6001999974250793,0.6138499975204468,38541,0.0,0.0
2023-04-04 13:30:00-04:00,0.6272000074386597,0.6272000074386597,0.6003999710083008,0.6005010008811951,21540,0.0,0.0
2023-04-04 14:30:00-04:00,0.6004999876022339,0.6145009994506836,0.6004999876022339,0.612500011920929,1657,0.0,0.0
2023-04-04 15:30:00-04:00,0.6200000047683716,0.6200000047683716,0.6040999889373779,0.607699990272522,3661,0.0,0.0
2023-04-05 09:30:00-04:00,0.6013000011444092,0.6100000143051147,0.6010000109672546,0.6098999977111816,21850,0.0,0.0
2023-04-05 10:30:00-04:00,0.6019999980926514,0.6215000152587891,0.6010000109672546,0.6100000143051147,5146,0.0,0.0
2023-04-05 11:30:00-04:00,0.6100000143051147,0.6100000143051147,0.6100000143051147,0.6100000143051147,175,0.0,0.0
2023-04-05 12:30:00-04:00,0.6100999712944031,0.6100999712944031,0.6100000143051147,0.6100000143051147,3209,0.0,0.0
2023-04-05 13:30:00-04:00,0.6100000143051147,0.6200000047683716,0.6100000143051147,0.6100000143051147,1797,0.0,0.0
2023-04-05 14:30:00-04:00,0.6100999712944031,0.6150000095367432,0.6100000143051147,0.6150000095367432,6661,0.0,0.0
2023-04-05 15:30:00-04:00,0.6200000047683716,0.626800000667572,0.6100000143051147,0.620199978351593,2922,0.0,0.0
2023-04-06 09:30:00-04:00,0.6011999845504761,0.6100000143051147,0.5600000023841858,0.5756999850273132,119899,0.0,0.0
2023-04-06 10:30:00-04:00,0.5699999928474426,0.5799000263214111,0.5699999928474426,0.5799000263214111,19645,0.0,0.0
2023-04-06 11:30:00-04:00,0.5699999928474426,0.5756000280380249,0.5694000124931335,0.5699999928474426,6980,0.0,0.0
2023-04-06 12:30:00-04:00,0.5695989727973938,0.5699999928474426,0.5519999861717224,0.5648999810218811,17583,0.0,0.0
2023-04-06 13:30:00-04:00,0.5648999810218811,0.5648999810218811,0.5559999942779541,0.5570999979972839,23007,0.0,0.0
2023-04-06 14:30:00-04:00,0.5648990273475647,0.5649999976158142,0.5246999859809875,0.5648999810218811,63727,0.0,0.0
2023-04-06 15:30:00-04:00,0.5645999908447266,0.5699999928474426,0.550000011920929,0.5576000213623047,22683,0.0,0.0
2023-04-10 09:30:00-04:00,0.551800012588501,0.5598999857902527,0.5299999713897705,0.5400000214576721,15397,0.0,0.0
2023-04-10 10:30:00-04:00,0.5307999849319458,0.550000011920929,0.5013999938964844,0.5164999961853027,117293,0.0,0.0
2023-04-10 11:30:00-04:00,0.5200999975204468,0.546999990940094,0.5199999809265137,0.546999990940094,8537,0.0,0.0
2023-04-10 12:30:00-04:00,0.5299999713897705,0.5461999773979187,0.5199999809265137,0.5379999876022339,9458,0.0,0.0
2023-04-10 13:30:00-04:00,0.5231000185012817,0.5299000144004822,0.5231000185012817,0.5297999978065491,13483,0.0,0.0
2023-04-10 14:30:00-04:00,0.5297999978065491,0.5367000102996826,0.5231000185012817,0.5367000102996826,15743,0.0,0.0
2023-04-10 15:30:00-04:00,0.535099983215332,0.535099983215332,0.5275999903678894,0.531499981880188,13099,0.0,0.0
2023-04-11 09:30:00-04:00,0.5230000019073486,0.5299999713897705,0.5099999904632568,0.5202999711036682,79537,0.0,0.0
2023-04-11 10:30:00-04:00,0.5202999711036682,0.5299999713897705,0.5202000141143799,0.5250999927520752,4611,0.0,0.0
2023-04-11 11:30:00-04:00,0.5250999927520752,0.5299999713897705,0.5203999876976013,0.5281000137329102,4730,0.0,0.0
2023-04-11 12:30:00-04:00,0.5286999940872192,0.5343000292778015,0.5281999707221985,0.5343000292778015,4795,0.0,0.0
2023-04-11 13:30:00-04:00,0.5386999845504761,0.5386999845504761,0.53329998254776,0.5343000292778015,10269,0.0,0.0
2023-04-11 14:30:00-04:00,0.5342000126838684,0.5573999881744385,0.5342000126838684,0.5572999715805054,25330,0.0,0.0
2023-04-11 15:30:00-04:00,0.5572999715805054,0.5573999881744385,0.5501999855041504,0.5519999861717224,1781,0.0,0.0
2023-04-12 09:30:00-04:00,0.553600013256073,0.5799999833106995,0.553600013256073,0.5702999830245972,32563,0.0,0.0
2023-04-12 10:30:00-04:00,0.5718200206756592,0.5797989964485168,0.5699999928474426,0.5719000101089478,16724,0.0,0.0
2023-04-12 11:30:00-04:00,0.5719000101089478,0.5720000267028809,0.5699999928474426,0.5701000094413757,23107,0.0,0.0
2023-04-12 12:30:00-04:00,0.5699999928474426,0.5719000101089478,0.5649999976158142,0.5719000101089478,51121,0.0,0.0
2023-04-12 13:30:00-04:00,0.5719000101089478,0.5719000101089478,0.5649999976158142,0.5651000142097473,4440,0.0,0.0
2023-04-12 14:30:00-04:00,0.5719000101089478,0.5719000101089478,0.5548999905586243,0.5687999725341797,16194,0.0,0.0
2023-04-12 15:30:00-04:00,0.5550000071525574,0.5685999989509583,0.5548999905586243,0.5685999989509583,2813,0.0,0.0
2023-04-13 09:30:00-04:00,0.5458999872207642,0.5598989725112915,0.5425999760627747,0.5534999966621399,5271,0.0,0.0
2023-04-13 10:30:00-04:00,0.5471000075340271,0.5719000101089478,0.5437999963760376,0.5719000101089478,10193,0.0,0.0
2023-04-13 12:30:00-04:00,0.5698999762535095,0.5699999928474426,0.5698999762535095,0.5699999928474426,5179,0.0,0.0
2023-04-13 13:30:00-04:00,0.5699999928474426,0.5799999833106995,0.5688999891281128,0.574999988079071,10198,0.0,0.0
2023-04-13 14:30:00-04:00,0.5799999833106995,0.5799999833106995,0.574999988079071,0.5799000263214111,5312,0.0,0.0
2023-04-13 15:30:00-04:00,0.5799999833106995,0.5799999833106995,0.5563009977340698,0.5789999961853027,2793,0.0,0.0
2023-04-14 09:30:00-04:00,0.5649999976158142,0.5649999976158142,0.5600000023841858,0.5649999976158142,14521,0.0,0.0
2023-04-14 10:30:00-04:00,0.5625,0.5649999976158142,0.5601009726524353,0.5649999976158142,21077,0.0,0.0
2023-04-14 11:30:00-04:00,0.5604000091552734,0.5763999819755554,0.5604000091552734,0.5763999819755554,4629,0.0,0.0
2023-04-14 12:30:00-04:00,0.5683000087738037,0.5763999819755554,0.5602999925613403,0.5763999819755554,1617,0.0,0.0
2023-04-14 13:30:00-04:00,0.5690000057220459,0.5690000057220459,0.5634719729423523,0.5634719729423523,837,0.0,0.0
2023-04-14 14:30:00-04:00,0.567799985408783,0.5763999819755554,0.567799985408783,0.5687500238418579,1706,0.0,0.0
2023-04-14 15:30:00-04:00,0.5611000061035156,0.5763999819755554,0.5611000061035156,0.5763999819755554,2090,0.0,0.0
2023-04-17 09:30:00-04:00,0.5600000023841858,0.5699999928474426,0.5562000274658203,0.5649999976158142,33582,0.0,0.0
2023-04-17 10:30:00-04:00,0.5763999819755554,0.5763999819755554,0.5600000023841858,0.5752999782562256,12821,0.0,0.0
2023-04-17 11:30:00-04:00,0.5763999819755554,0.5763999819755554,0.5665010213851929,0.5758000016212463,5665,0.0,0.0
2023-04-17 12:30:00-04:00,0.5763999819755554,0.5763999819755554,0.5630000233650208,0.5763999819755554,11880,0.0,0.0
2023-04-17 13:30:00-04:00,0.5759999752044678,0.5799999833106995,0.5601000189781189,0.5604000091552734,30457,0.0,0.0
2023-04-17 14:30:00-04:00,0.5773000121116638,0.589900016784668,0.5701000094413757,0.5799999833106995,8167,0.0,0.0
2023-04-17 15:30:00-04:00,0.5794000029563904,0.5805000066757202,0.5723659992218018,0.5758000016212463,2406,0.0,0.0
2023-04-18 09:30:00-04:00,0.6800000071525574,0.6879000067710876,0.5899999737739563,0.6119999885559082,883735,0.0,0.0
2023-04-18 10:30:00-04:00,0.6140000224113464,0.6200000047683716,0.5899999737739563,0.5924999713897705,104313,0.0,0.0
2023-04-18 11:30:00-04:00,0.589900016784668,0.5899999737739563,0.550000011920929,0.5546000003814697,98586,0.0,0.0
2023-04-18 12:30:00-04:00,0.5550000071525574,0.5600000023841858,0.5347999930381775,0.5465999841690063,83299,0.0,0.0
2023-04-18 13:30:00-04:00,0.546500027179718,0.5465999841690063,0.5400000214576721,0.546500027179718,46241,0.0,0.0
2023-04-18 14:30:00-04:00,0.546500027179718,0.5598999857902527,0.546500027179718,0.5598000288009644,19811,0.0,0.0
2023-04-18 15:30:00-04:00,0.5598000288009644,0.5978000164031982,0.5598000288009644,0.567799985408783,76063,0.0,0.0
2023-04-19 09:30:00-04:00,0.567799985408783,0.5788999795913696,0.5597000122070312,0.5781999826431274,48758,0.0,0.0
2023-04-19 10:30:00-04:00,0.5788999795913696,0.5788999795913696,0.5701000094413757,0.5755000114440918,5387,0.0,0.0
2023-04-19 11:30:00-04:00,0.5701000094413757,0.5756000280380249,0.5601000189781189,0.569599986076355,47170,0.0,0.0
2023-04-19 12:30:00-04:00,0.5756000280380249,0.5756000280380249,0.5601000189781189,0.574999988079071,23250,0.0,0.0
2023-04-19 13:30:00-04:00,0.5740000009536743,0.5788999795913696,0.5605000257492065,0.5765500068664551,25781,0.0,0.0
2023-04-19 14:30:00-04:00,0.5742999911308289,0.5879999995231628,0.5742999911308289,0.574999988079071,17559,0.0,0.0
2023-04-19 15:30:00-04:00,0.5809999704360962,0.5809999704360962,0.5699999928474426,0.5700010061264038,33919,0.0,0.0
2023-04-20 09:30:00-04:00,0.5584999918937683,0.5759999752044678,0.5509999990463257,0.5748999714851379,19128,0.0,0.0
2023-04-20 10:30:00-04:00,0.5680999755859375,0.5759999752044678,0.5598999857902527,0.5598999857902527,15669,0.0,0.0
2023-04-20 11:30:00-04:00,0.5529999732971191,0.5748999714851379,0.5529999732971191,0.5748999714851379,9278,0.0,0.0
2023-04-20 12:30:00-04:00,0.5720000267028809,0.5803999900817871,0.5662999749183655,0.5762010216712952,10316,0.0,0.0
2023-04-20 13:30:00-04:00,0.5803999900817871,0.6148999929428101,0.579800009727478,0.603600025177002,25223,0.0,0.0
2023-04-20 14:30:00-04:00,0.6057000160217285,0.6381760239601135,0.5819010138511658,0.6000000238418579,55805,0.0,0.0
2023-04-20 15:30:00-04:00,0.5900999903678894,0.6098999977111816,0.5900999903678894,0.5906999707221985,3700,0.0,0.0
2023-04-21 09:30:00-04:00,0.6198999881744385,0.6213989853858948,0.5885000228881836,0.5946999788284302,5946,0.0,0.0
2023-04-21 10:30:00-04:00,0.5805000066757202,0.6198999881744385,0.5805000066757202,0.6150000095367432,3222,0.0,0.0
2023-04-21 11:30:00-04:00,0.5949000120162964,0.6150000095367432,0.5949000120162964,0.5952000021934509,1588,0.0,0.0
2023-04-21 12:30:00-04:00,0.6051499843597412,0.6258999705314636,0.6051499843597412,0.6258999705314636,6969,0.0,0.0
2023-04-21 13:30:00-04:00,0.6199989914894104,0.6200000047683716,0.5989999771118164,0.5989999771118164,14843,0.0,0.0
2023-04-21 14:30:00-04:00,0.6079009771347046,0.6207000017166138,0.5953999757766724,0.6000000238418579,3350,0.0,0.0
2023-04-24 09:30:00-04:00,0.5947999954223633,0.5947999954223633,0.5799999833106995,0.5802000164985657,22876,0.0,0.0
2023-04-24 10:30:00-04:00,0.5800999999046326,0.5947999954223633,0.5800999999046326,0.5899999737739563,4310,0.0,0.0
2023-04-24 11:30:00-04:00,0.5849999785423279,0.5899999737739563,0.5849999785423279,0.5874999761581421,5816,0.0,0.0
2023-04-24 12:30:00-04:00,0.5874509811401367,0.5999000072479248,0.5874509811401367,0.5999000072479248,1466,0.0,0.0
2023-04-24 13:30:00-04:00,0.5899999737739563,0.5899999737739563,0.5799999833106995,0.5799999833106995,10674,0.0,0.0
2023-04-24 14:30:00-04:00,0.574999988079071,0.5799000263214111,0.5699999928474426,0.5763999819755554,1198,0.0,0.0
2023-04-24 15:30:00-04:00,0.5730999708175659,0.5730999708175659,0.5730999708175659,0.5730999708175659,0,0.0,0.0
2023-04-25 09:30:00-04:00,0.5730000138282776,0.6200000047683716,0.5730000138282776,0.6000000238418579,12529,0.0,0.0
2023-04-25 10:30:00-04:00,0.6097999811172485,0.6100000143051147,0.5899999737739563,0.5899999737739563,24287,0.0,0.0
2023-04-25 11:30:00-04:00,0.589900016784668,0.600600004196167,0.5730010271072388,0.5799999833106995,0,0.0,0.0
2023-04-25 12:30:00-04:00,0.5748000144958496,0.5748000144958496,0.5748000144958496,0.5748000144958496,45960,0.0,0.0
2023-04-25 13:30:00-04:00,0.5755000114440918,0.5913000106811523,0.5734000205993652,0.5913000106811523,1350,0.0,0.0
2023-04-25 14:30:00-04:00,0.5899999737739563,0.6000000238418579,0.5800999999046326,0.5800999999046326,12465,0.0,0.0
2023-04-25 15:30:00-04:00,0.5799999833106995,0.597100019454956,0.5799999833106995,0.597100019454956,0,0.0,0.0
2023-04-26 09:30:00-04:00,0.5609999895095825,0.5669999718666077,0.550000011920929,0.5501000285148621,26874,0.0,0.0
2023-04-26 10:30:00-04:00,0.550000011920929,0.5526999831199646,0.550000011920929,0.550000011920929,30783,0.0,0.0
2023-04-26 11:30:00-04:00,0.550000011920929,0.5552999973297119,0.550000011920929,0.550000011920929,20286,0.0,0.0
2023-04-26 12:30:00-04:00,0.550000011920929,0.550000011920929,0.5200999975204468,0.5200999975204468,18878,0.0,0.0
2023-04-26 13:30:00-04:00,0.5249999761581421,0.5400000214576721,0.5116000175476074,0.539900004863739,33256,0.0,0.0
2023-04-26 14:30:00-04:00,0.5200999975204468,0.5379999876022339,0.5200999975204468,0.5299999713897705,8988,0.0,0.0
2023-04-26 15:30:00-04:00,0.5360000133514404,0.5498999953269958,0.5350000262260437,0.5498999953269958,0,0.0,0.0
2023-04-27 09:30:00-04:00,0.550000011920929,0.5526000261306763,0.49000000953674316,0.49320000410079956,85898,0.0,0.0
2023-04-27 10:30:00-04:00,0.5177000164985657,0.5289999842643738,0.49000000953674316,0.5082259774208069,25162,0.0,0.0
2023-04-27 11:30:00-04:00,0.5,0.5327000021934509,0.5,0.5299999713897705,7544,0.0,0.0
2023-04-27 12:30:00-04:00,0.5109999775886536,0.539900004863739,0.5109999775886536,0.5109999775886536,18371,0.0,0.0
2023-04-27 13:30:00-04:00,0.5109999775886536,0.5299999713897705,0.5109999775886536,0.5199999809265137,5919,0.0,0.0
2023-04-27 14:30:00-04:00,0.5205000042915344,0.527999997138977,0.5109999775886536,0.5199999809265137,27551,0.0,0.0
2023-04-27 15:30:00-04:00,0.5109999775886536,0.527999997138977,0.5109999775886536,0.527999997138977,0,0.0,0.0
2023-04-28 09:30:00-04:00,0.5199999809265137,0.5649999976158142,0.5199999809265137,0.5450000166893005,86395,0.0,0.0
2023-04-28 10:30:00-04:00,0.5635989904403687,0.5720000267028809,0.5400000214576721,0.5698999762535095,47984,0.0,0.0
2023-04-28 11:30:00-04:00,0.5647510290145874,0.5748900175094604,0.5497999787330627,0.5501999855041504,7697,0.0,0.0
2023-04-28 12:30:00-04:00,0.5350000262260437,0.5351009964942932,0.5350000262260437,0.5351009964942932,2816,0.0,0.0
2023-04-28 13:30:00-04:00,0.5548999905586243,0.574999988079071,0.5385000109672546,0.5568000078201294,15218,0.0,0.0
2023-04-28 14:30:00-04:00,0.5665000081062317,0.5724999904632568,0.5665000081062317,0.5724999904632568,1963,0.0,0.0
2023-04-28 15:30:00-04:00,0.5699999928474426,0.574999988079071,0.5587999820709229,0.5633999705314636,12324,0.0,0.0
2023-05-01 09:30:00-04:00,0.5419999957084656,0.5498989820480347,0.5419999957084656,0.5498989820480347,4019,0.0,0.0
2023-05-01 10:30:00-04:00,0.5400000214576721,0.5400000214576721,0.5299999713897705,0.5299999713897705,0,0.0,0.0
2023-05-01 11:30:00-04:00,0.5449000000953674,0.5449000000953674,0.5442990064620972,0.5442990064620972,8993,0.0,0.0
2023-05-01 12:30:00-04:00,0.5443000197410583,0.5587999820709229,0.5400000214576721,0.5587999820709229,9099,0.0,0.0
2023-05-01 13:30:00-04:00,0.5587999820709229,0.5748999714851379,0.5501000285148621,0.5501000285148621,30878,0.0,0.0
2023-05-01 14:30:00-04:00,0.5501000285148621,0.5727999806404114,0.550000011920929,0.572799026966095,5707,0.0,0.0
2023-05-01 15:30:00-04:00,0.5619999766349792,0.5623999834060669,0.551800012588501,0.5615000128746033,2427,0.0,0.0
2023-05-02 09:30:00-04:00,0.5741999745368958,0.5741999745368958,0.5356000065803528,0.5717989802360535,22052,0.0,0.0
2023-05-02 10:30:00-04:00,0.5716990232467651,0.5716990232467651,0.5716990232467651,0.5716990232467651,5225,0.0,0.0
2023-05-02 11:30:00-04:00,0.5512999892234802,0.5600000023841858,0.5410000085830688,0.5410000085830688,19357,0.0,0.0
2023-05-02 12:30:00-04:00,0.5423009991645813,0.5423009991645813,0.5423009991645813,0.5423009991645813,0,0.0,0.0
2023-05-02 13:30:00-04:00,0.5424000024795532,0.5600000023841858,0.5424000024795532,0.5511000156402588,53829,0.0,0.0
2023-05-02 14:30:00-04:00,0.5600000023841858,0.5600000023841858,0.5600000023841858,0.5600000023841858,5589,0.0,0.0
2023-05-02 15:30:00-04:00,0.550000011920929,0.5699999928474426,0.5440999865531921,0.5440999865531921,0,0.0,0.0
2023-05-03 09:30:00-04:00,0.5393999814987183,0.550000011920929,0.5332000255584717,0.5400000214576721,8162,0.0,0.0
2023-05-03 10:30:00-04:00,0.5400500297546387,0.5400999784469604,0.5400000214576721,0.5400000214576721,1845,0.0,0.0
2023-05-03 11:30:00-04:00,0.5400000214576721,0.550000011920929,0.5309000015258789,0.531000018119812,3565,0.0,0.0
2023-05-03 12:30:00-04:00,0.5485000014305115,0.5485000014305115,0.5310999751091003,0.5310999751091003,2197,0.0,0.0
2023-05-03 13:30:00-04:00,0.5442000031471252,0.5629000067710876,0.5442000031471252,0.5562999844551086,2426,0.0,0.0
2023-05-03 14:30:00-04:00,0.555899977684021,0.555899977684021,0.5299999713897705,0.5299999713897705,53841,0.0,0.0
2023-05-03 15:30:00-04:00,0.536300003528595,0.5497000217437744,0.5310999751091003,0.5310999751091003,1459,0.0,0.0
2023-05-04 09:30:00-04:00,0.5350000262260437,0.5698999762535095,0.5350000262260437,0.5475000143051147,15759,0.0,0.0
2023-05-04 11:30:00-04:00,0.5436999797821045,0.5444999933242798,0.5436999797821045,0.5444999933242798,1976,0.0,0.0
2023-05-04 12:30:00-04:00,0.5449000000953674,0.550000011920929,0.5449000000953674,0.550000011920929,1184,0.0,0.0
2023-05-04 13:30:00-04:00,0.5485159754753113,0.5485159754753113,0.5485159754753113,0.5485159754753113,420,0.0,0.0
2023-05-04 14:30:00-04:00,0.5498999953269958,0.5809999704360962,0.5491999983787537,0.5709999799728394,40752,0.0,0.0
2023-05-04 15:30:00-04:00,0.5859000086784363,0.5859000086784363,0.5579000115394592,0.5662500262260437,0,0.0,0.0
2023-05-05 09:30:00-04:00,0.5995000004768372,0.5995000004768372,0.5669999718666077,0.5701000094413757,0,0.0,0.0
2023-05-05 10:30:00-04:00,0.5701000094413757,0.5701000094413757,0.542900025844574,0.542900025844574,15765,0.0,0.0
2023-05-05 11:30:00-04:00,0.5580000281333923,0.5580000281333923,0.5501000285148621,0.5580000281333923,4113,0.0,0.0
2023-05-05 12:30:00-04:00,0.5580999851226807,0.5870000123977661,0.5551000237464905,0.5870000123977661,72492,0.0,0.0
2023-05-05 13:30:00-04:00,0.586899995803833,0.6200000047683716,0.5800999999046326,0.6000999808311462,95370,0.0,0.0
2023-05-05 14:30:00-04:00,0.6075000166893005,0.6499999761581421,0.6000999808311462,0.6301000118255615,140760,0.0,0.0
2023-05-05 15:30:00-04:00,0.6300510168075562,0.6549999713897705,0.6300510168075562,0.6474000215530396,0,0.0,0.0
2023-05-08 09:30:00-04:00,0.6299999952316284,0.6401000022888184,0.6000000238418579,0.6290000081062317,86501,0.0,0.0
2023-05-08 10:30:00-04:00,0.6251000165939331,0.6251999735832214,0.625,0.6251000165939331,5833,0.0,0.0
2023-05-08 11:30:00-04:00,0.6100000143051147,0.6299999952316284,0.6001009941101074,0.6298999786376953,8334,0.0,0.0
2023-05-08 12:30:00-04:00,0.6051009893417358,0.6298999786376953,0.6051009893417358,0.6298999786376953,4390,0.0,0.0
2023-05-08 13:30:00-04:00,0.6051999926567078,0.6259310245513916,0.6000000238418579,0.6259310245513916,3813,0.0,0.0
2023-05-08 14:30:00-04:00,0.6251000165939331,0.6269999742507935,0.6000000238418579,0.6000000238418579,2970,0.0,0.0
2023-05-08 15:30:00-04:00,0.6047000288963318,0.6299999952316284,0.6047000288963318,0.6299999952316284,1431,0.0,0.0
2023-05-09 09:30:00-04:00,0.6114000082015991,0.6349999904632568,0.6114000082015991,0.6200000047683716,17616,0.0,0.0
2023-05-09 10:30:00-04:00,0.6349999904632568,0.6398000121116638,0.6299999952316284,0.6299999952316284,5625,0.0,0.0
2023-05-09 11:30:00-04:00,0.6299999952316284,0.6399999856948853,0.6299999952316284,0.6299999952316284,16337,0.0,0.0
2023-05-09 12:30:00-04:00,0.6205999851226807,0.6299999952316284,0.6154999732971191,0.6200000047683716,684,0.0,0.0
2023-05-09 13:30:00-04:00,0.6111000180244446,0.6112009882926941,0.6111000180244446,0.6111000180244446,1862,0.0,0.0
2023-05-09 14:30:00-04:00,0.6001999974250793,0.6118000149726868,0.6001999974250793,0.6003000140190125,1690,0.0,0.0
2023-05-09 15:30:00-04:00,0.6000000238418579,0.6118000149726868,0.5997999906539917,0.6118000149726868,827,0.0,0.0
2023-05-10 09:30:00-04:00,0.6100000143051147,0.6233999729156494,0.6100000143051147,0.6229259967803955,2345,0.0,0.0
2023-05-10 10:30:00-04:00,0.6200000047683716,0.6200000047683716,0.6001009941101074,0.6100000143051147,0,0.0,0.0
2023-05-10 11:30:00-04:00,0.6000000238418579,0.6100000143051147,0.6000000238418579,0.6100000143051147,10479,0.0,0.0
2023-05-10 12:30:00-04:00,0.6000999808311462,0.6200000047683716,0.6000999808311462,0.6200000047683716,459,0.0,0.0
2023-05-10 13:30:00-04:00,0.6103010177612305,0.6103010177612305,0.6103010177612305,0.6103010177612305,173,0.0,0.0
2023-05-10 14:30:00-04:00,0.6107000112533569,0.6200000047683716,0.6107000112533569,0.6194000244140625,0,0.0,0.0
2023-05-10 15:30:00-04:00,0.6198999881744385,0.6198999881744385,0.6097009778022766,0.6097009778022766,313,0.0,0.0
2023-05-11 09:30:00-04:00,0.6100000143051147,0.6199989914894104,0.6100000143051147,0.6199989914894104,10387,0.0,0.0
2023-05-11 10:30:00-04:00,0.6200000047683716,0.6200000047683716,0.6000000238418579,0.6000000238418579,15803,0.0,0.0
2023-05-11 11:30:00-04:00,0.5999000072479248,0.6198999881744385,0.5733000040054321,0.6100000143051147,52877,0.0,0.0
2023-05-11 12:30:00-04:00,0.6151000261306763,0.6151000261306763,0.5879999995231628,0.5879999995231628,1546,0.0,0.0
2023-05-11 13:30:00-04:00,0.6096000075340271,0.6100000143051147,0.6079999804496765,0.6100000143051147,4550,0.0,0.0
2023-05-11 14:30:00-04:00,0.6100000143051147,0.6100000143051147,0.6097999811172485,0.6097999811172485,403,0.0,0.0
2023-05-11 15:30:00-04:00,0.6200000047683716,0.6200000047683716,0.6187999844551086,0.6187999844551086,1104,0.0,0.0
2023-05-12 09:30:00-04:00,0.5934000015258789,0.6200000047683716,0.5934000015258789,0.6200000047683716,7671,0.0,0.0
2023-05-12 10:30:00-04:00,0.6151999831199646,0.6198999881744385,0.6098999977111816,0.6100000143051147,15703,0.0,0.0
2023-05-12 11:30:00-04:00,0.6100000143051147,0.6100000143051147,0.6100000143051147,0.6100000143051147,1858,0.0,0.0
2023-05-12 12:30:00-04:00,0.6011999845504761,0.6011999845504761,0.6011999845504761,0.6011999845504761,0,0.0,0.0
2023-05-12 13:30:00-04:00,0.6098999977111816,0.6100000143051147,0.6098999977111816,0.6100000143051147,26883,0.0,0.0
2023-05-12 14:30:00-04:00,0.60521000623703,0.6200000047683716,0.60521000623703,0.6126000285148621,11718,0.0,0.0
2023-05-12 15:30:00-04:00,0.6200000047683716,0.6200000047683716,0.6128000020980835,0.6128000020980835,1040,0.0,0.0
2023-05-15 09:30:00-04:00,0.6294000148773193,0.6294000148773193,0.6001999974250793,0.6001999974250793,0,0.0,0.0
2023-05-15 10:30:00-04:00,0.6291990280151367,0.6798999905586243,0.6148999929428101,0.6789000034332275,34059,0.0,0.0
2023-05-15 11:30:00-04:00,0.6561999917030334,0.675000011920929,0.6202999949455261,0.6333010196685791,25334,0.0,0.0
2023-05-15 12:30:00-04:00,0.6499000191688538,0.6499000191688538,0.6211000084877014,0.6320000290870667,4474,0.0,0.0
2023-05-15 13:30:00-04:00,0.6642000079154968,0.6671000123023987,0.6499000191688538,0.6499000191688538,1648,0.0,0.0
2023-05-15 14:30:00-04:00,0.6200000047683716,0.6582000255584717,0.6140000224113464,0.6499999761581421,37380,0.0,0.0
2023-05-15 15:30:00-04:00,0.6499999761581421,0.6600000262260437,0.6499000191688538,0.6600000262260437,0,0.0,0.0
2023-05-16 09:30:00-04:00,0.6466000080108643,0.66839998960495,0.6186500191688538,0.6401000022888184,49088,0.0,0.0
2023-05-16 10:30:00-04:00,0.6601999998092651,0.6700000166893005,0.6399999856948853,0.6598989963531494,28268,0.0,0.0
2023-05-16 11:30:00-04:00,0.6399999856948853,0.6599000096321106,0.6399999856948853,0.6575000286102295,971,0.0,0.0
2023-05-16 12:30:00-04:00,0.6596999764442444,0.6597999930381775,0.6501010060310364,0.6549999713897705,5470,0.0,0.0
2023-05-16 13:30:00-04:00,0.6599000096321106,0.6599000096321106,0.6599000096321106,0.6599000096321106,166,0.0,0.0
2023-05-16 14:30:00-04:00,0.6600000262260437,0.6700000166893005,0.6504999995231628,0.6699000000953674,21304,0.0,0.0
2023-05-16 15:30:00-04:00,0.6574000120162964,0.6574000120162964,0.6510999798774719,0.651199996471405,0,0.0,0.0
2023-05-17 09:30:00-04:00,0.6399999856948853,0.6401000022888184,0.6000099778175354,0.6152999997138977,4066,0.0,0.0
2023-05-17 10:30:00-04:00,0.6449999809265137,0.6502000093460083,0.6111000180244446,0.6502000093460083,7559,0.0,0.0
2023-05-17 11:30:00-04:00,0.6417999863624573,0.6502000093460083,0.6110000014305115,0.6502000093460083,7792,0.0,0.0
2023-05-17 12:30:00-04:00,0.6502000093460083,0.6502000093460083,0.6502000093460083,0.6502000093460083,411,0.0,0.0
2023-05-17 13:30:00-04:00,0.6625490188598633,0.6700000166893005,0.6600000262260437,0.6600000262260437,3062,0.0,0.0
2023-05-17 14:30:00-04:00,0.650600016117096,0.650600016117096,0.650600016117096,0.650600016117096,1501,0.0,0.0
2023-05-18 09:30:00-04:00,0.6399999856948853,0.6599000096321106,0.6399999856948853,0.6500489711761475,2611,0.0,0.0
2023-05-18 10:30:00-04:00,0.6499999761581421,0.6499999761581421,0.6399999856948853,0.6401000022888184,6349,0.0,0.0
2023-05-18 11:30:00-04:00,0.6582000255584717,0.6582000255584717,0.6401000022888184,0.6401000022888184,1748,0.0,0.0
2023-05-18 12:30:00-04:00,0.6450999975204468,0.6744999885559082,0.6401000022888184,0.6420999765396118,23520,0.0,0.0
2023-05-18 13:30:00-04:00,0.642300009727478,0.666700005531311,0.6341000199317932,0.6481000185012817,0,0.0,0.0
2023-05-18 14:30:00-04:00,0.6347000002861023,0.6412000060081482,0.6212000250816345,0.6212000250816345,72520,0.0,0.0
2023-05-18 15:30:00-04:00,0.6215000152587891,0.6299999952316284,0.6215000152587891,0.6263999938964844,6249,0.0,0.0
2023-05-19 09:30:00-04:00,0.6284000277519226,0.667900025844574,0.6215999722480774,0.6499999761581421,24761,0.0,0.0
2023-05-19 10:30:00-04:00,0.6313999891281128,0.6499999761581421,0.6313999891281128,0.6496999859809875,4881,0.0,0.0
2023-05-19 11:30:00-04:00,0.6301000118255615,0.6478999853134155,0.6301000118255615,0.6478999853134155,11157,0.0,0.0
2023-05-19 12:30:00-04:00,0.6478999853134155,0.6499999761581421,0.6401000022888184,0.6410999894142151,10458,0.0,0.0
2023-05-19 13:30:00-04:00,0.6430000066757202,0.6499999761581421,0.6345999836921692,0.6480000019073486,5275,0.0,0.0
2023-05-19 14:30:00-04:00,0.6399999856948853,0.6399999856948853,0.6399999856948853,0.6399999856948853,113,0.0,0.0
2023-05-19 15:30:00-04:00,0.6399999856948853,0.6399999856948853,0.6399999856948853,0.6399999856948853,166,0.0,0.0
2023-05-22 09:30:00-04:00,0.6600000262260437,0.6614999771118164,0.65829998254776,0.65829998254776,1133,0.0,0.0
2023-05-22 10:30:00-04:00,0.6500999927520752,0.6502000093460083,0.6448000073432922,0.6448000073432922,5193,0.0,0.0
2023-05-22 11:30:00-04:00,0.6495000123977661,0.6499999761581421,0.6495000123977661,0.6499999761581421,2210,0.0,0.0
2023-05-22 12:30:00-04:00,0.6401000022888184,0.6401000022888184,0.6401000022888184,0.6401000022888184,1953,0.0,0.0
2023-05-22 13:30:00-04:00,0.6401000022888184,0.6401000022888184,0.6401000022888184,0.6401000022888184,3583,0.0,0.0
2023-05-22 14:30:00-04:00,0.6401000022888184,0.6568999886512756,0.6301000118255615,0.6410490274429321,6001,0.0,0.0
2023-05-22 15:30:00-04:00,0.6589999794960022,0.6589999794960022,0.6500999927520752,0.6589999794960022,0,0.0,0.0
2023-05-23 09:30:00-04:00,0.6600000262260437,0.6600000262260437,0.6362000107765198,0.6363999843597412,12673,0.0,0.0
2023-05-23 10:30:00-04:00,0.6363009810447693,0.6524999737739563,0.6363009810447693,0.6524999737739563,749,0.0,0.0
2023-05-23 11:30:00-04:00,0.6499999761581421,0.6499999761581421,0.6499999761581421,0.6499999761581421,698,0.0,0.0
2023-05-23 12:30:00-04:00,0.6500999927520752,0.6500999927520752,0.6500999927520752,0.6500999927520752,1017,0.0,0.0
2023-05-23 13:30:00-04:00,0.6549999713897705,0.6549999713897705,0.6299999952316284,0.6301000118255615,14479,0.0,0.0
2023-05-23 14:30:00-04:00,0.630200982093811,0.6577990055084229,0.630200982093811,0.6450009942054749,5493,0.0,0.0
2023-05-23 15:30:00-04:00,0.6399999856948853,0.6399999856948853,0.6299999952316284,0.6299999952316284,15433,0.0,0.0
2023-05-24 09:30:00-04:00,0.6100999712944031,0.6399999856948853,0.6010000109672546,0.6101009845733643,17962,0.0,0.0
2023-05-24 10:30:00-04:00,0.6150000095367432,0.6495000123977661,0.6150000095367432,0.649399995803833,9587,0.0,0.0
2023-05-24 11:30:00-04:00,0.6399999856948853,0.6399999856948853,0.6302000284194946,0.6302000284194946,19082,0.0,0.0
2023-05-24 12:30:00-04:00,0.6384649872779846,0.6384649872779846,0.6349999904632568,0.6349999904632568,1945,0.0,0.0
2023-05-24 13:30:00-04:00,0.6349999904632568,0.6349999904632568,0.6252009868621826,0.6300510168075562,801,0.0,0.0
2023-05-24 14:30:00-04:00,0.6349999904632568,0.6498000025749207,0.6349999904632568,0.6498000025749207,7521,0.0,0.0
2023-05-24 15:30:00-04:00,0.6402000188827515,0.6402000188827515,0.6301000118255615,0.6351000070571899,1007,0.0,0.0
2023-05-25 09:30:00-04:00,0.649399995803833,0.649399995803833,0.6103000044822693,0.6261000037193298,28481,0.0,0.0
2023-05-25 10:30:00-04:00,0.6193000078201294,0.6200000047683716,0.6193000078201294,0.6200000047683716,1417,0.0,0.0
2023-05-25 11:30:00-04:00,0.6110000014305115,0.6200000047683716,0.6108999848365784,0.6108999848365784,4603,0.0,0.0
2023-05-25 12:30:00-04:00,0.6154999732971191,0.6154999732971191,0.6108999848365784,0.6108999848365784,1404,0.0,0.0
2023-05-25 13:30:00-04:00,0.6108999848365784,0.6111279726028442,0.6011000275611877,0.6061999797821045,4843,0.0,0.0
2023-05-25 14:30:00-04:00,0.6069999933242798,0.6100000143051147,0.6000000238418579,0.6000000238418579,4020,0.0,0.0
2023-05-25 15:30:00-04:00,0.6100000143051147,0.6100000143051147,0.6100000143051147,0.6100000143051147,2473,0.0,0.0
2023-05-26 09:30:00-04:00,0.6000999808311462,0.6100000143051147,0.6000999808311462,0.6100000143051147,0,0.0,0.0
2023-05-26 10:30:00-04:00,0.6050000190734863,0.6050000190734863,0.6000999808311462,0.6000999808311462,2914,0.0,0.0
2023-05-26 11:30:00-04:00,0.6200000047683716,0.6200000047683716,0.6200000047683716,0.6200000047683716,899,0.0,0.0
2023-05-26 12:30:00-04:00,0.6200000047683716,0.6200000047683716,0.6100000143051147,0.6100000143051147,0,0.0,0.0
2023-05-26 13:30:00-04:00,0.6179999709129333,0.6179999709129333,0.6019999980926514,0.6179999709129333,29226,0.0,0.0
2023-05-26 14:30:00-04:00,0.6179999709129333,0.6179999709129333,0.6019999980926514,0.6019999980926514,1641,0.0,0.0
2023-05-26 15:30:00-04:00,0.6179999709129333,0.6179999709129333,0.6019999980926514,0.6159999966621399,6247,0.0,0.0
2023-05-30 09:30:00-04:00,0.6499999761581421,0.6499999761581421,0.6200000047683716,0.6300010085105896,12099,0.0,0.0
2023-05-30 10:30:00-04:00,0.6200010180473328,0.6449999809265137,0.6200000047683716,0.6324999928474426,8796,0.0,0.0
2023-05-30 11:30:00-04:00,0.6399999856948853,0.6399999856948853,0.620199978351593,0.620199978351593,2009,0.0,0.0
2023-05-30 15:30:00-04:00,0.6252999901771545,0.6299999952316284,0.6252999901771545,0.6299999952316284,0,0.0,0.0
2023-05-31 09:30:00-04:00,0.6201000213623047,0.620199978351593,0.5999000072479248,0.6042010188102722,35501,0.0,0.0
2023-05-31 10:30:00-04:00,0.6183000206947327,0.6299999952316284,0.6152009963989258,0.6299999952316284,5635,0.0,0.0
2023-05-31 11:30:00-04:00,0.6299999952316284,0.6299999952316284,0.6299999952316284,0.6299999952316284,1578,0.0,0.0
2023-05-31 12:30:00-04:00,0.6363000273704529,0.6363000273704529,0.6341999769210815,0.6362000107765198,7296,0.0,0.0
2023-05-31 13:30:00-04:00,0.6399999856948853,0.6498000025749207,0.6299999952316284,0.6498000025749207,17805,0.0,0.0
2023-05-31 14:30:00-04:00,0.6498000025749207,0.6779999732971191,0.6498000025749207,0.6747000217437744,29357,0.0,0.0
2023-05-31 15:30:00-04:00,0.6610000133514404,0.699999988079071,0.6607999801635742,0.6880000233650208,26137,0.0,0.0
2023-06-01 09:30:00-04:00,0.6674000024795532,0.7200000286102295,0.6674000024795532,0.699999988079071,40365,0.0,0.0
2023-06-01 10:30:00-04:00,0.7199000120162964,0.7200000286102295,0.6651009917259216,0.718999981880188,37244,0.0,0.0
2023-06-01 11:30:00-04:00,0.7099999785423279,0.718999981880188,0.6901999711990356,0.7150999903678894,11274,0.0,0.0
2023-06-01 12:30:00-04:00,0.7049999833106995,0.7200000286102295,0.6902999877929688,0.7200000286102295,13484,0.0,0.0
2023-06-01 13:30:00-04:00,0.699999988079071,0.7200000286102295,0.6908000111579895,0.6908000111579895,13859,0.0,0.0
2023-06-01 14:30:00-04:00,0.7099000215530396,0.7099999785423279,0.6973000168800354,0.699999988079071,18400,0.0,0.0
2023-06-01 15:30:00-04:00,0.699999988079071,0.7200000286102295,0.699999988079071,0.699999988079071,11780,0.0,0.0
2023-06-02 09:30:00-04:00,0.7202000021934509,0.7251999974250793,0.7001010179519653,0.7062000036239624,32919,0.0,0.0
2023-06-02 10:30:00-04:00,0.7121989727020264,0.7121989727020264,0.699999988079071,0.699999988079071,12113,0.0,0.0
2023-06-02 11:30:00-04:00,0.7041509747505188,0.7121999859809875,0.699999988079071,0.7111499905586243,19020,0.0,0.0
2023-06-02 12:30:00-04:00,0.7200000286102295,0.7200000286102295,0.7101010084152222,0.7101010084152222,7963,0.0,0.0
2023-06-02 13:30:00-04:00,0.710099995136261,0.7197999954223633,0.699999988079071,0.7002000212669373,5022,0.0,0.0
2023-06-02 14:30:00-04:00,0.7197989821434021,0.7197989821434021,0.699999988079071,0.7003999948501587,6704,0.0,0.0
2023-06-02 15:30:00-04:00,0.7099999785423279,0.7197999954223633,0.687300980091095,0.687300980091095,14942,0.0,0.0
2023-06-05 09:30:00-04:00,0.699999988079071,0.7200000286102295,0.699999988079071,0.699999988079071,3663,0.0,0.0
2023-06-05 10:30:00-04:00,0.7200000286102295,0.7200000286102295,0.7009999752044678,0.7009999752044678,1950,0.0,0.0
2023-06-05 11:30:00-04:00,0.7101500034332275,0.7250000238418579,0.7101500034332275,0.722000002861023,9296,0.0,0.0
2023-06-05 12:30:00-04:00,0.7250000238418579,0.7250000238418579,0.7210999727249146,0.7250000238418579,2149,0.0,0.0
2023-06-05 13:30:00-04:00,0.7210999727249146,0.7225509881973267,0.7001010179519653,0.7200999855995178,6611,0.0,0.0
2023-06-05 14:30:00-04:00,0.7100510001182556,0.7100510001182556,0.7001010179519653,0.7001010179519653,3282,0.0,0.0
2023-06-05 15:30:00-04:00,0.7127000093460083,0.7200999855995178,0.7107999920845032,0.7200999855995178,0,0.0,0.0
2023-06-06 09:30:00-04:00,0.699999988079071,0.7248989939689636,0.6901010274887085,0.7200999855995178,5222,0.0,0.0
2023-06-06 10:30:00-04:00,0.7001010179519653,0.7200999855995178,0.7001010179519653,0.7200999855995178,10182,0.0,0.0
2023-06-06 11:30:00-04:00,0.7200999855995178,0.7250000238418579,0.7200999855995178,0.7229999899864197,2464,0.0,0.0
2023-06-06 12:30:00-04:00,0.7232999801635742,0.7232999801635742,0.7200999855995178,0.7200999855995178,1328,0.0,0.0
2023-06-06 13:30:00-04:00,0.7200999855995178,0.7239999771118164,0.7099999785423279,0.7202000021934509,25530,0.0,0.0
2023-06-06 14:30:00-04:00,0.710099995136261,0.7239999771118164,0.595300018787384,0.5953999757766724,27801,0.0,0.0
2023-06-06 15:30:00-04:00,0.6274999976158142,0.7239999771118164,0.6274999976158142,0.6965000033378601,0,0.0,0.0
2023-06-07 09:30:00-04:00,0.6899999976158142,0.7082080245018005,0.6899999976158142,0.7001000046730042,4581,0.0,0.0
2023-06-07 10:30:00-04:00,0.7099999785423279,0.7099999785423279,0.7050510048866272,0.7050510048866272,2951,0.0,0.0
2023-06-07 11:30:00-04:00,0.7099999785423279,0.7099999785423279,0.7002009749412537,0.7002009749412537,853,0.0,0.0
2023-06-07 12:30:00-04:00,0.7099000215530396,0.7120000123977661,0.7059990167617798,0.7059990167617798,3732,0.0,0.0
2023-06-07 13:30:00-04:00,0.7118989825248718,0.7120000123977661,0.699999988079071,0.699999988079071,8859,0.0,0.0
2023-06-07 14:30:00-04:00,0.699999988079071,0.699999988079071,0.6800000071525574,0.699999988079071,2398,0.0,0.0
2023-06-08 09:30:00-04:00,0.6702010035514832,0.6702010035514832,0.6700000166893005,0.6700000166893005,1662,0.0,0.0
2023-06-08 10:30:00-04:00,0.6700000166893005,0.691100001335144,0.6700000166893005,0.6700999736785889,20771,0.0,0.0
2023-06-08 11:30:00-04:00,0.6848499774932861,0.6848499774932861,0.6848499774932861,0.6848499774932861,663,0.0,0.0
2023-06-08 13:30:00-04:00,0.6645489931106567,0.6700000166893005,0.6645489931106567,0.6700000166893005,2369,0.0,0.0
2023-06-08 14:30:00-04:00,0.675000011920929,0.675000011920929,0.660099983215332,0.660099983215332,1624,0.0,0.0
2023-06-08 15:30:00-04:00,0.6930999755859375,0.6930999755859375,0.6930999755859375,0.6930999755859375,0,0.0,0.0
2023-06-09 09:30:00-04:00,0.6899999976158142,0.699999988079071,0.6751999855041504,0.6940000057220459,11573,0.0,0.0
2023-06-09 11:30:00-04:00,0.6949999928474426,0.6949999928474426,0.6801000237464905,0.6801000237464905,2700,0.0,0.0
2023-06-09 12:30:00-04:00,0.699999988079071,0.699999988079071,0.6800000071525574,0.6998999714851379,1169,0.0,0.0
2023-06-09 13:30:00-04:00,0.6899999976158142,0.6899999976158142,0.6844000220298767,0.6844000220298767,2256,0.0,0.0
2023-06-09 14:30:00-04:00,0.6844000220298767,0.699999988079071,0.6844000220298767,0.699999988079071,2610,0.0,0.0
2023-06-09 15:30:00-04:00,0.699999988079071,0.699999988079071,0.699999988079071,0.699999988079071,1394,0.0,0.0
2023-06-12 09:30:00-04:00,0.7035999894142151,0.7098000049591064,0.6700999736785889,0.6700999736785889,4101,0.0,0.0
2023-06-12 10:30:00-04:00,0.6903989911079407,0.7099999785423279,0.6903989911079407,0.6998999714851379,7111,0.0,0.0
2023-06-12 11:30:00-04:00,0.6959999799728394,0.6966999769210815,0.6959999799728394,0.6966999769210815,495,0.0,0.0
2023-06-12 12:30:00-04:00,0.6899999976158142,0.6899999976158142,0.6401000022888184,0.6597999930381775,26670,0.0,0.0
2023-06-12 13:30:00-04:00,0.6659830212593079,0.6697999835014343,0.6659830212593079,0.6697999835014343,299,0.0,0.0
2023-06-12 14:30:00-04:00,0.6572999954223633,0.6728000044822693,0.6523000001907349,0.6728000044822693,1120,0.0,0.0
2023-06-12 15:30:00-04:00,0.6685000061988831,0.6740000247955322,0.6600000262260437,0.6600000262260437,2837,0.0,0.0
2023-06-13 09:30:00-04:00,0.6765000224113464,0.6800000071525574,0.6765000224113464,0.6800000071525574,5245,0.0,0.0
2023-06-13 10:30:00-04:00,0.6899999976158142,0.7087000012397766,0.6850500106811523,0.7087000012397766,9029,0.0,0.0
2023-06-13 12:30:00-04:00,0.692799985408783,0.692799985408783,0.6801000237464905,0.6801000237464905,1123,0.0,0.0
2023-06-13 13:30:00-04:00,0.6880000233650208,0.6899999976158142,0.6607000231742859,0.6700000166893005,3008,0.0,0.0
2023-06-13 14:30:00-04:00,0.675000011920929,0.675000011920929,0.6486999988555908,0.6486999988555908,5899,0.0,0.0
2023-06-13 15:30:00-04:00,0.6488000154495239,0.6699000000953674,0.6488000154495239,0.6699000000953674,6595,0.0,0.0
2023-06-14 09:30:00-04:00,0.660099983215332,0.6700000166893005,0.6593999862670898,0.6593999862670898,6025,0.0,0.0
2023-06-14 10:30:00-04:00,0.6700000166893005,0.6700000166893005,0.6592000126838684,0.6592000126838684,5995,0.0,0.0
2023-06-14 11:30:00-04:00,0.6592000126838684,0.6593000292778015,0.6435999870300293,0.6435999870300293,6759,0.0,0.0
2023-06-14 12:30:00-04:00,0.6549999713897705,0.669700026512146,0.6549500226974487,0.669700026512146,1375,0.0,0.0
2023-06-14 13:30:00-04:00,0.6499999761581421,0.6696000099182129,0.6408010125160217,0.6692000031471252,2459,0.0,0.0
2023-06-14 14:30:00-04:00,0.6499999761581421,0.6499999761581421,0.6399999856948853,0.640999972820282,10177,0.0,0.0
2023-06-14 15:30:00-04:00,0.6399999856948853,0.6499999761581421,0.6316999793052673,0.6499000191688538,11183,0.0,0.0
2023-06-15 09:30:00-04:00,0.6399999856948853,0.6399999856948853,0.621399998664856,0.621399998664856,1714,0.0,0.0
2023-06-15 10:30:00-04:00,0.6354010105133057,0.6489999890327454,0.6354010105133057,0.640300989151001,5601,0.0,0.0
2023-06-15 11:30:00-04:00,0.6414999961853027,0.6499999761581421,0.6402000188827515,0.6499999761581421,3317,0.0,0.0
2023-06-15 12:30:00-04:00,0.6499999761581421,0.6499999761581421,0.6376000046730042,0.6499999761581421,3515,0.0,0.0
2023-06-15 13:30:00-04:00,0.6401000022888184,0.6499999761581421,0.6401000022888184,0.6401000022888184,4476,0.0,0.0
2023-06-15 14:30:00-04:00,0.6401000022888184,0.6499999761581421,0.6301000118255615,0.6345999836921692,13209,0.0,0.0
2023-06-15 15:30:00-04:00,0.6345999836921692,0.6399999856948853,0.6150000095367432,0.6373000144958496,18238,0.0,0.0
2023-06-16 09:30:00-04:00,0.6200000047683716,0.6298999786376953,0.6150000095367432,0.6150000095367432,11145,0.0,0.0
2023-06-16 10:30:00-04:00,0.6298999786376953,0.6298999786376953,0.6298999786376953,0.6298999786376953,673,0.0,0.0
2023-06-16 11:30:00-04:00,0.6201000213623047,0.6499999761581421,0.6201000213623047,0.6471999883651733,43304,0.0,0.0
2023-06-16 12:30:00-04:00,0.6471999883651733,0.6600000262260437,0.6471999883651733,0.6471999883651733,23570,0.0,0.0
2023-06-16 13:30:00-04:00,0.6343010067939758,0.6436489820480347,0.6299999952316284,0.6436489820480347,1296,0.0,0.0
2023-06-16 14:30:00-04:00,0.6499999761581421,0.6597999930381775,0.6499999761581421,0.6597999930381775,1090,0.0,0.0
2023-06-16 15:30:00-04:00,0.6559000015258789,0.6593000292778015,0.6273000240325928,0.6399989724159241,4072,0.0,0.0
2023-06-20 09:30:00-04:00,0.6399999856948853,0.6499999761581421,0.6200000047683716,0.6200000047683716,23197,0.0,0.0
2023-06-20 10:30:00-04:00,0.6600000262260437,0.6600000262260437,0.6299999952316284,0.6299999952316284,8986,0.0,0.0
2023-06-20 11:30:00-04:00,0.6261000037193298,0.6499000191688538,0.6200000047683716,0.6200000047683716,6664,0.0,0.0
2023-06-20 12:30:00-04:00,0.6498000025749207,0.6498000025749207,0.6150000095367432,0.6150000095367432,9265,0.0,0.0
2023-06-20 13:30:00-04:00,0.6399989724159241,0.6399989724159241,0.6151000261306763,0.6151000261306763,1149,0.0,0.0
2023-06-20 14:30:00-04:00,0.6274999976158142,0.6274999976158142,0.6100000143051147,0.6248999834060669,1991,0.0,0.0
2023-06-20 15:30:00-04:00,0.6258999705314636,0.6398000121116638,0.6100000143051147,0.6100000143051147,6158,0.0,0.0
2023-06-21 09:30:00-04:00,0.6499000191688538,0.6499000191688538,0.6150000095367432,0.6200000047683716,13388,0.0,0.0
2023-06-21 10:30:00-04:00,0.6151000261306763,0.6200000047683716,0.6151000261306763,0.6198999881744385,858,0.0,0.0
2023-06-21 11:30:00-04:00,0.6298999786376953,0.6298999786376953,0.6180999875068665,0.620527982711792,2625,0.0,0.0
2023-06-21 12:30:00-04:00,0.6170009970664978,0.6298999786376953,0.6150000095367432,0.6298999786376953,14771,0.0,0.0
2023-06-21 13:30:00-04:00,0.6080999970436096,0.6259999871253967,0.5997999906539917,0.6259999871253967,8005,0.0,0.0
2023-06-21 14:30:00-04:00,0.6130620241165161,0.6130620241165161,0.6000000238418579,0.6100000143051147,660,0.0,0.0
2023-06-21 15:30:00-04:00,0.6100999712944031,0.6100999712944031,0.5825999975204468,0.5825999975204468,1619,0.0,0.0
2023-06-22 09:30:00-04:00,0.6200000047683716,0.6200000047683716,0.6200000047683716,0.6200000047683716,1021,0.0,0.0
2023-06-22 10:30:00-04:00,0.6225000023841858,0.6299999952316284,0.6225000023841858,0.6281999945640564,5381,0.0,0.0
2023-06-22 11:30:00-04:00,0.6299999952316284,0.6499999761581421,0.6285489797592163,0.6499999761581421,14261,0.0,0.0
2023-06-22 12:30:00-04:00,0.6553999781608582,0.6559990048408508,0.6302000284194946,0.6449999809265137,3576,0.0,0.0
2023-06-22 13:30:00-04:00,0.6399999856948853,0.6567999720573425,0.6399999856948853,0.6496999859809875,3146,0.0,0.0
2023-06-22 14:30:00-04:00,0.6302000284194946,0.6474490165710449,0.6299999952316284,0.6399999856948853,17243,0.0,0.0
2023-06-22 15:30:00-04:00,0.630200982093811,0.656000018119812,0.6301000118255615,0.656000018119812,0,0.0,0.0
2023-06-23 09:30:00-04:00,0.656000018119812,0.656000018119812,0.656000018119812,0.656000018119812,7806,0.0,0.0
2023-06-23 10:30:00-04:00,0.6299999952316284,0.6499999761581421,0.6299999952316284,0.6499999761581421,14887,0.0,0.0
2023-06-23 11:30:00-04:00,0.6565999984741211,0.6669989824295044,0.6299999952316284,0.6669989824295044,14441,0.0,0.0
2023-06-23 12:30:00-04:00,0.6617000102996826,0.6669999957084656,0.6499999761581421,0.6669999957084656,11183,0.0,0.0
2023-06-23 13:30:00-04:00,0.6699000000953674,0.6699000000953674,0.6401000022888184,0.6686990261077881,4731,0.0,0.0
2023-06-23 14:30:00-04:00,0.6399999856948853,0.6399999856948853,0.6399999856948853,0.6399999856948853,1142,0.0,0.0
2023-06-23 15:30:00-04:00,0.667900025844574,0.6769000291824341,0.667900025844574,0.6769000291824341,766,0.0,0.0
2023-06-26 09:30:00-04:00,0.6499999761581421,0.6869999766349792,0.6499999761581421,0.6832000017166138,0,0.0,0.0
2023-06-26 10:30:00-04:00,0.6801000237464905,0.6801000237464905,0.6700000166893005,0.6800000071525574,36432,0.0,0.0
2023-06-26 11:30:00-04:00,0.6800000071525574,0.6869999766349792,0.6690999865531921,0.6850000023841858,5715,0.0,0.0
2023-06-26 13:30:00-04:00,0.6880000233650208,0.6880000233650208,0.6714000105857849,0.6848999857902527,18974,0.0,0.0
2023-06-26 14:30:00-04:00,0.6714000105857849,0.6850000023841858,0.6714000105857849,0.6850000023841858,2665,0.0,0.0
2023-06-26 15:30:00-04:00,0.6850000023841858,0.6850000023841858,0.6714000105857849,0.6800000071525574,3271,0.0,0.0
2023-06-27 09:30:00-04:00,0.6800000071525574,0.6830000281333923,0.6150000095367432,0.6150000095367432,10573,0.0,0.0
2023-06-27 10:30:00-04:00,0.6000999808311462,0.6000999808311462,0.6000999808311462,0.6000999808311462,491,0.0,0.0
2023-06-27 11:30:00-04:00,0.6250990033149719,0.635549008846283,0.6250990033149719,0.635549008846283,1559,0.0,0.0
2023-06-27 12:30:00-04:00,0.6528000235557556,0.6597999930381775,0.6395999789237976,0.6395999789237976,1724,0.0,0.0
2023-06-27 13:30:00-04:00,0.6672000288963318,0.6673499941825867,0.6150000095367432,0.6673499941825867,10736,0.0,0.0
2023-06-27 14:30:00-04:00,0.6674000024795532,0.6766999959945679,0.6579999923706055,0.6740000247955322,1679,0.0,0.0
2023-06-27 15:30:00-04:00,0.6703000068664551,0.6969000101089478,0.6700000166893005,0.6969000101089478,0,0.0,0.0
2023-06-28 09:30:00-04:00,0.6499999761581421,0.6969000101089478,0.6399999856948853,0.6549999713897705,3711,0.0,0.0
2023-06-28 10:30:00-04:00,0.675000011920929,0.6897000074386597,0.6600000262260437,0.6600000262260437,12221,0.0,0.0
2023-06-28 11:30:00-04:00,0.6699000000953674,0.6700000166893005,0.6424999833106995,0.6689000129699707,20641,0.0,0.0
2023-06-28 13:30:00-04:00,0.6399999856948853,0.6599000096321106,0.6399999856948853,0.6599000096321106,2264,0.0,0.0
2023-06-28 14:30:00-04:00,0.617609977722168,0.6226999759674072,0.617609977722168,0.6212000250816345,5025,0.0,0.0
2023-06-28 15:30:00-04:00,0.6212000250816345,0.6599000096321106,0.6212000250816345,0.6291000247001648,2909,0.0,0.0
2023-06-29 09:30:00-04:00,0.6150000095367432,0.6276000142097473,0.5720999836921692,0.5996999740600586,84640,0.0,0.0
2023-06-29 10:30:00-04:00,0.5996999740600586,0.6098989844322205,0.5800999999046326,0.6098989844322205,108459,0.0,0.0
2023-06-29 11:30:00-04:00,0.6100000143051147,0.6100000143051147,0.5932999849319458,0.6048499941825867,53026,0.0,0.0
2023-06-29 12:30:00-04:00,0.6011000275611877,0.6100000143051147,0.5702000260353088,0.5999000072479248,102531,0.0,0.0
2023-06-29 13:30:00-04:00,0.57669997215271,0.6050999760627747,0.57669997215271,0.589900016784668,20573,0.0,0.0
2023-06-29 14:30:00-04:00,0.6000000238418579,0.6050999760627747,0.5699999928474426,0.5752000212669373,184380,0.0,0.0
2023-06-29 15:30:00-04:00,0.5942999720573425,0.6499999761581421,0.5605000257492065,0.599399983882904,160525,0.0,0.0
2023-06-30 09:30:00-04:00,3.359999895095825,3.799999952316284,3.0801000595092773,3.390000104904175,65256,0.0,0.0
2023-06-30 10:30:00-04:00,3.3919999599456787,3.4000000953674316,3.259999990463257,3.2850000858306885,7816,0.0,0.0
2023-06-30 11:30:00-04:00,3.305000066757202,3.490000009536743,3.305000066757202,3.4800000190734863,11271,0.0,0.0
2023-06-30 12:30:00-04:00,3.5499000549316406,3.559999942779541,3.299999952316284,3.3101000785827637,20843,0.0,0.0
2023-06-30 13:30:00-04:00,3.3550000190734863,3.4200000762939453,3.347599983215332,3.347599983215332,3136,0.0,0.0
2023-06-30 14:30:00-04:00,3.432800054550171,3.4600000381469727,3.2444000244140625,3.4600000381469727,4803,0.0,0.0
2023-06-30 15:30:00-04:00,3.450000047683716,3.609999895095825,3.450000047683716,3.609999895095825,4681,0.0,0.0
2023-07-03 09:30:00-04:00,3.319999933242798,3.5787999629974365,3.319999933242798,3.569999933242798,17340,0.0,0.0
2023-07-03 10:30:00-04:00,3.54010009765625,3.6500000953674316,3.509999990463257,3.6500000953674316,9757,0.0,0.0
2023-07-03 11:30:00-04:00,3.6301000118255615,3.690000057220459,3.444999933242798,3.5599000453948975,11455,0.0,0.0
2023-07-05 09:30:00-04:00,3.299999952316284,3.450000047683716,3.299999952316284,3.450000047683716,21281,0.0,0.0
2023-07-05 10:30:00-04:00,3.4749999046325684,3.529900074005127,3.4000000953674316,3.4100000858306885,2153,0.0,0.0
2023-07-05 11:30:00-04:00,3.4000000953674316,3.430000066757202,3.25,3.25,14504,0.0,0.0
2023-07-05 12:30:00-04:00,3.2850000858306885,3.3234000205993652,3.1500000953674316,3.200000047683716,4985,0.0,0.0
2023-07-05 13:30:00-04:00,3.2100000381469727,3.2300000190734863,2.940000057220459,2.990000009536743,28791,0.0,0.0
2023-07-05 14:30:00-04:00,2.9800000190734863,3.0399999618530273,2.829900026321411,2.859999895095825,17635,0.0,0.0
2023-07-05 15:30:00-04:00,2.819999933242798,3.0267999172210693,2.819999933242798,2.987299919128418,7867,0.0,0.0
2023-07-06 09:30:00-04:00,3.0,3.0,2.9800000190734863,2.9800000190734863,5241,0.0,0.0
2023-07-06 10:30:00-04:00,2.900599956512451,3.0299999713897705,2.9000000953674316,2.9000000953674316,12625,0.0,0.0
2023-07-06 11:30:00-04:00,2.869999885559082,2.869999885559082,2.7000999450683594,2.7899999618530273,15475,0.0,0.0
2023-07-06 12:30:00-04:00,2.7899999618530273,2.799999952316284,2.719899892807007,2.75,2074,0.0,0.0
2023-07-06 13:30:00-04:00,2.799999952316284,2.799999952316284,2.799999952316284,2.799999952316284,257,0.0,0.0
2023-07-06 14:30:00-04:00,2.79010009765625,2.819999933242798,2.7899999618530273,2.7899999618530273,6658,0.0,0.0
2023-07-06 15:30:00-04:00,2.8199000358581543,2.8199000358581543,2.700000047683716,2.7899999618530273,8450,0.0,0.0
2023-07-07 09:30:00-04:00,2.869999885559082,2.869999885559082,2.8299999237060547,2.8499999046325684,1857,0.0,0.0
2023-07-07 10:30:00-04:00,2.8499999046325684,3.0199999809265137,2.8350000381469727,2.9200000762939453,26190,0.0,0.0
2023-07-07 11:30:00-04:00,2.890000104904175,2.950000047683716,2.869999885559082,2.940000057220459,2668,0.0,0.0
2023-07-07 12:30:00-04:00,2.880000114440918,2.9200000762939453,2.799999952316284,2.9198999404907227,12388,0.0,0.0
2023-07-07 13:30:00-04:00,2.9100000858306885,2.9100000858306885,2.9100000858306885,2.9100000858306885,276,0.0,0.0
2023-07-07 14:30:00-04:00,2.940000057220459,2.9999001026153564,2.9000000953674316,2.9999001026153564,3746,0.0,0.0
2023-07-07 15:30:00-04:00,2.950000047683716,2.9500999450683594,2.950000047683716,2.950000047683716,1252,0.0,0.0
2023-07-10 09:30:00-04:00,2.9700000286102295,2.9702000617980957,2.799999952316284,2.9198999404907227,6122,0.0,0.0
2023-07-10 10:30:00-04:00,2.8132998943328857,2.890000104904175,2.799999952316284,2.799999952316284,1076,0.0,0.0
2023-07-10 11:30:00-04:00,2.8499999046325684,2.8499999046325684,2.8399999141693115,2.8499999046325684,4969,0.0,0.0
2023-07-10 12:30:00-04:00,2.8550000190734863,2.9100000858306885,2.8550000190734863,2.865000009536743,1644,0.0,0.0
2023-07-10 13:30:00-04:00,2.902400016784668,2.950000047683716,2.819999933242798,2.950000047683716,976,0.0,0.0
2023-07-10 14:30:00-04:00,2.980299949645996,2.990000009536743,2.9000000953674316,2.990000009536743,4052,0.0,0.0
2023-07-10 15:30:00-04:00,2.9800000190734863,3.0399999618530273,2.880000114440918,2.990000009536743,7485,0.0,0.0
2023-07-11 09:30:00-04:00,2.799999952316284,3.140000104904175,2.799999952316284,3.140000104904175,21982,0.0,0.0
2023-07-11 10:30:00-04:00,3.0199999809265137,3.116300106048584,2.9700000286102295,3.009999990463257,5509,0.0,0.0
2023-07-11 12:30:00-04:00,2.9398999214172363,2.9398999214172363,2.9398999214172363,2.9398999214172363,346,0.0,0.0
2023-07-11 14:30:00-04:00,2.899899959564209,2.966399908065796,2.890000104904175,2.966399908065796,3692,0.0,0.0
2023-07-11 15:30:00-04:00,2.9100000858306885,2.9700000286102295,2.8499999046325684,2.940000057220459,9786,0.0,0.0
2023-07-12 09:30:00-04:00,2.990000009536743,3.039900064468384,2.9600000381469727,2.9653000831604004,7722,0.0,0.0
2023-07-12 10:30:00-04:00,2.819999933242798,2.934999942779541,2.819999933242798,2.934999942779541,4277,0.0,0.0
2023-07-12 11:30:00-04:00,2.940000057220459,3.0499000549316406,2.940000057220459,2.9700000286102295,3530,0.0,0.0
2023-07-12 12:30:00-04:00,2.994999885559082,2.994999885559082,2.8399999141693115,2.8399999141693115,5041,0.0,0.0
2023-07-12 14:30:00-04:00,2.9251999855041504,2.9251999855041504,2.9251999855041504,2.9251999855041504,0,0.0,0.0
2023-07-13 09:30:00-04:00,2.880000114440918,2.949899911880493,2.880000114440918,2.890000104904175,3287,0.0,0.0
2023-07-13 10:30:00-04:00,2.9200000762939453,2.9200000762939453,2.9200000762939453,2.9200000762939453,286,0.0,0.0
2023-07-13 11:30:00-04:00,2.9100000858306885,2.9100000858306885,2.9100000858306885,2.9100000858306885,282,0.0,0.0
2023-07-13 12:30:00-04:00,2.930000066757202,2.940000057220459,2.9149999618530273,2.940000057220459,1349,0.0,0.0
2023-07-13 13:30:00-04:00,2.940000057220459,2.950000047683716,2.940000057220459,2.950000047683716,716,0.0,0.0
2023-07-13 14:30:00-04:00,2.9700000286102295,2.984999895095825,2.9700000286102295,2.984999895095825,583,0.0,0.0
2023-07-13 15:30:00-04:00,2.9700000286102295,2.984999895095825,2.880000114440918,2.930000066757202,4985,0.0,0.0
2023-07-14 09:30:00-04:00,2.9000000953674316,2.9200000762939453,2.880000114440918,2.880000114440918,2691,0.0,0.0
2023-07-14 10:30:00-04:00,2.940000057220459,2.940000057220459,2.7899999618530273,2.799999952316284,5007,0.0,0.0
2023-07-14 11:30:00-04:00,2.7899999618530273,2.940000057220459,2.7899999618530273,2.940000057220459,1189,0.0,0.0
2023-07-14 12:30:00-04:00,2.884999990463257,2.884999990463257,2.880000114440918,2.880000114440918,1982,0.0,0.0
2023-07-14 13:30:00-04:00,2.8499999046325684,2.8499999046325684,2.8499999046325684,2.8499999046325684,237,0.0,0.0
2023-07-14 14:30:00-04:00,2.940000057220459,2.940000057220459,2.799999952316284,2.799999952316284,3597,0.0,0.0
2023-07-14 15:30:00-04:00,2.880000114440918,2.880000114440918,2.821000099182129,2.8499999046325684,1105,0.0,0.0
2023-07-17 09:30:00-04:00,2.799999952316284,2.819999933242798,2.799999952316284,2.819999933242798,2686,0.0,0.0
2023-07-17 10:30:00-04:00,2.8101000785827637,2.8101000785827637,2.809999942779541,2.809999942779541,2989,0.0,0.0
2023-07-17 12:30:00-04:00,2.799999952316284,2.799999952316284,2.741499900817871,2.741499900817871,2086,0.0,0.0
2023-07-17 13:30:00-04:00,2.740000009536743,2.740000009536743,2.630000114440918,2.6500000953674316,4373,0.0,0.0
2023-07-17 14:30:00-04:00,2.740000009536743,2.759999990463257,2.640000104904175,2.640000104904175,4711,0.0,0.0
2023-07-17 15:30:00-04:00,2.694499969482422,2.7300000190734863,2.6600000858306885,2.700000047683716,1534,0.0,0.0
2023-07-18 09:30:00-04:00,2.7200000286102295,2.800100088119507,2.630000114440918,2.7300000190734863,13939,0.0,0.0
2023-07-18 10:30:00-04:00,2.746000051498413,2.746000051498413,2.700000047683716,2.700000047683716,2913,0.0,0.0
2023-07-18 11:30:00-04:00,2.690000057220459,2.7100000381469727,2.640000104904175,2.700000047683716,4771,0.0,0.0
2023-07-18 12:30:00-04:00,2.700000047683716,2.740000009536743,2.6700000762939453,2.740000009536743,2802,0.0,0.0
2023-07-18 13:30:00-04:00,2.700000047683716,2.700000047683716,2.661600112915039,2.661600112915039,722,0.0,0.0
2023-07-18 14:30:00-04:00,2.6700000762939453,2.6700000762939453,2.5999999046325684,2.6500000953674316,7232,0.0,0.0
2023-07-18 15:30:00-04:00,2.6572000980377197,2.6600000858306885,2.6500000953674316,2.6552000045776367,1099,0.0,0.0
2023-07-19 09:30:00-04:00,2.6700000762939453,2.7298998832702637,2.6600000858306885,2.719899892807007,1321,0.0,0.0
2023-07-19 11:30:00-04:00,2.619999885559082,2.619999885559082,2.619999885559082,2.619999885559082,190,0.0,0.0
2023-07-19 12:30:00-04:00,2.630000114440918,2.649899959564209,2.625,2.640000104904175,1403,0.0,0.0
2023-07-19 13:30:00-04:00,2.649899959564209,2.700000047683716,2.640000104904175,2.670099973678589,4146,0.0,0.0
2023-07-19 14:30:00-04:00,2.6700000762939453,2.700000047683716,2.6700000762939453,2.700000047683716,810,0.0,0.0
2023-07-19 15:30:00-04:00,2.7300000190734863,2.740000009536743,2.6500000953674316,2.680000066757202,0,0.0,0.0
2023-07-20 09:30:00-04:00,2.799999952316284,3.2100000381469727,2.619999885559082,2.917099952697754,127789,0.0,0.0
2023-07-20 10:30:00-04:00,2.9052000045776367,2.9100000858306885,2.640000104904175,2.7964000701904297,7792,0.0,0.0
2023-07-20 11:30:00-04:00,2.829900026321411,2.829900026321411,2.75,2.818700075149536,3054,0.0,0.0
2023-07-20 12:30:00-04:00,2.799999952316284,2.799999952316284,2.7699999809265137,2.7699999809265137,838,0.0,0.0
2023-07-20 13:30:00-04:00,2.7699999809265137,2.7699999809265137,2.75,2.75,2129,0.0,0.0
2023-07-20 14:30:00-04:00,2.8498001098632812,2.8498001098632812,2.7799999713897705,2.809999942779541,2194,0.0,0.0
2023-07-20 15:30:00-04:00,2.7799999713897705,2.8499999046325684,2.7799999713897705,2.799999952316284,4248,0.0,0.0
2023-07-21 09:30:00-04:00,2.7600998878479004,2.8027000427246094,2.75,2.8027000427246094,13812,0.0,0.0
2023-07-21 10:30:00-04:00,2.799999952316284,2.799999952316284,2.799999952316284,2.799999952316284,247,0.0,0.0
2023-07-21 11:30:00-04:00,2.784899950027466,2.809999942779541,2.784899950027466,2.809999942779541,763,0.0,0.0
2023-07-21 12:30:00-04:00,2.859999895095825,2.869999885559082,2.859999895095825,2.869999885559082,1289,0.0,0.0
2023-07-21 13:30:00-04:00,2.8499999046325684,2.8499999046325684,2.8499999046325684,2.8499999046325684,232,0.0,0.0
2023-07-21 14:30:00-04:00,2.8499999046325684,2.8499999046325684,2.8499999046325684,2.8499999046325684,377,0.0,0.0
2023-07-21 15:30:00-04:00,2.819999933242798,2.8399999141693115,2.6500000953674316,2.819999933242798,10189,0.0,0.0
2023-07-24 09:30:00-04:00,2.680000066757202,2.805000066757202,2.680000066757202,2.7899999618530273,1104,0.0,0.0
2023-07-24 10:30:00-04:00,2.7300000190734863,2.7300000190734863,2.6500000953674316,2.700000047683716,5434,0.0,0.0
2023-07-24 11:30:00-04:00,2.7100000381469727,2.7692999839782715,2.700000047683716,2.700000047683716,1481,0.0,0.0
2023-07-24 12:30:00-04:00,2.700000047683716,2.7300000190734863,2.579900026321411,2.7200000286102295,11401,0.0,0.0
2023-07-24 13:30:00-04:00,2.7100000381469727,2.7500998973846436,2.5,2.6600000858306885,9744,0.0,0.0
2023-07-24 14:30:00-04:00,2.6700000762939453,2.700000047683716,2.490000009536743,2.569999933242798,11275,0.0,0.0
2023-07-24 15:30:00-04:00,2.5999999046325684,2.630000114440918,2.569999933242798,2.5999999046325684,0,0.0,0.0
2023-07-25 09:30:00-04:00,2.6600000858306885,2.6600000858306885,2.6600000858306885,2.6600000858306885,1086,0.0,0.0
2023-07-25 10:30:00-04:00,2.630000114440918,2.6600000858306885,2.630000114440918,2.6401000022888184,6179,0.0,0.0
2023-07-25 11:30:00-04:00,2.6600000858306885,2.6600000858306885,2.538599967956543,2.5399999618530273,5285,0.0,0.0
2023-07-25 12:30:00-04:00,2.5999999046325684,2.6205999851226807,2.5999999046325684,2.619999885559082,977,0.0,0.0
2023-07-25 13:30:00-04:00,2.619999885559082,2.619999885559082,2.5799999237060547,2.5799999237060547,670,0.0,0.0
2023-07-25 14:30:00-04:00,2.575000047683716,2.5999999046325684,2.569999933242798,2.5999999046325684,833,0.0,0.0
2023-07-25 15:30:00-04:00,2.559999942779541,2.619999885559082,2.5299999713897705,2.5299999713897705,3583,0.0,0.0
2023-07-26 09:30:00-04:00,2.6700000762939453,2.6700000762939453,2.5694000720977783,2.609999895095825,2008,0.0,0.0
2023-07-26 10:30:00-04:00,2.5576999187469482,2.569999933242798,2.549999952316284,2.569999933242798,1099,0.0,0.0
2023-07-26 11:30:00-04:00,2.549999952316284,2.549999952316284,2.549999952316284,2.549999952316284,146,0.0,0.0
2023-07-26 12:30:00-04:00,2.5999999046325684,2.629300117492676,2.4200000762939453,2.5,10011,0.0,0.0
2023-07-26 13:30:00-04:00,2.5199999809265137,2.5199999809265137,2.501699924468994,2.501699924468994,445,0.0,0.0
2023-07-26 14:30:00-04:00,2.549999952316284,2.549999952316284,2.509999990463257,2.5499000549316406,1974,0.0,0.0
2023-07-26 15:30:00-04:00,2.5199999809265137,2.5399999618530273,2.4700000286102295,2.5,1544,0.0,0.0
2023-07-27 09:30:00-04:00,2.6489999294281006,2.7190001010894775,2.640000104904175,2.649899959564209,5898,0.0,0.0
2023-07-27 10:30:00-04:00,2.5999999046325684,2.5999999046325684,2.5999999046325684,2.5999999046325684,577,0.0,0.0
2023-07-27 12:30:00-04:00,2.565000057220459,2.565000057220459,2.565000057220459,2.565000057220459,369,0.0,0.0
2023-07-27 13:30:00-04:00,2.5899999141693115,2.5899999141693115,2.569999933242798,2.569999933242798,321,0.0,0.0
2023-07-27 14:30:00-04:00,2.5299999713897705,2.5299999713897705,2.4000000953674316,2.4000000953674316,5143,0.0,0.0
2023-07-27 15:30:00-04:00,2.4800000190734863,2.509999990463257,2.4700000286102295,2.490000009536743,3065,0.0,0.0
2023-07-28 09:30:00-04:00,2.5199999809265137,2.5999999046325684,2.490000009536743,2.509999990463257,3559,0.0,0.0
2023-07-28 10:30:00-04:00,2.509999990463257,2.569999933242798,2.509999990463257,2.569999933242798,1002,0.0,0.0
2023-07-28 11:30:00-04:00,2.5250000953674316,2.5250000953674316,2.5250000953674316,2.5250000953674316,250,0.0,0.0
2023-07-28 12:30:00-04:00,2.5199999809265137,2.5999999046325684,2.509999990463257,2.5199999809265137,1233,0.0,0.0
2023-07-28 13:30:00-04:00,2.5199999809265137,2.5399999618530273,2.430000066757202,2.430000066757202,2351,0.0,0.0
2023-07-28 14:30:00-04:00,2.490000009536743,2.490000009536743,2.4700000286102295,2.4700000286102295,1403,0.0,0.0
2023-07-28 15:30:00-04:00,2.4800000190734863,2.509999990463257,2.4000000953674316,2.4700000286102295,3813,0.0,0.0
2023-07-31 09:30:00-04:00,2.490000009536743,2.6449999809265137,2.490000009536743,2.6449999809265137,2056,0.0,0.0
2023-07-31 10:30:00-04:00,2.6298999786376953,2.6298999786376953,2.629300117492676,2.6298999786376953,4803,0.0,0.0
2023-07-31 11:30:00-04:00,2.630000114440918,2.700000047683716,2.630000114440918,2.6600000858306885,3161,0.0,0.0
2023-07-31 12:30:00-04:00,2.6700000762939453,2.6700000762939453,2.555000066757202,2.555000066757202,11053,0.0,0.0
2023-07-31 13:30:00-04:00,2.5399999618530273,2.549999952316284,2.5399999618530273,2.547499895095825,2135,0.0,0.0
2023-07-31 14:30:00-04:00,2.5499000549316406,2.559999942779541,2.526900053024292,2.559999942779541,1127,0.0,0.0
2023-07-31 15:30:00-04:00,2.549999952316284,2.559999942779541,2.5299999713897705,2.549999952316284,2148,0.0,0.0
2023-08-01 09:30:00-04:00,2.5999999046325684,2.5999999046325684,2.5999999046325684,2.5999999046325684,367,0.0,0.0
2023-08-01 10:30:00-04:00,2.5799999237060547,2.5899999141693115,2.4800000190734863,2.4800000190734863,13473,0.0,0.0
2023-08-01 12:30:00-04:00,2.559999942779541,2.559999942779541,2.490000009536743,2.490000009536743,2289,0.0,0.0
2023-08-01 13:30:00-04:00,2.5399999618530273,2.5799999237060547,2.5399999618530273,2.5799999237060547,1691,0.0,0.0
2023-08-01 14:30:00-04:00,2.589900016784668,2.700000047683716,2.569999933242798,2.6549999713897705,29874,0.0,0.0
2023-08-01 15:30:00-04:00,2.5999999046325684,2.5999999046325684,2.5299999713897705,2.5299999713897705,0,0.0,0.0
2023-08-02 09:30:00-04:00,2.525399923324585,2.5899999141693115,2.525399923324585,2.5899999141693115,2210,0.0,0.0
2023-08-02 11:30:00-04:00,2.5799999237060547,2.662400007247925,2.5799999237060547,2.662400007247925,535,0.0,0.0
2023-08-02 12:30:00-04:00,2.663300037384033,2.663300037384033,2.5999999046325684,2.5999999046325684,1438,0.0,0.0
2023-08-02 15:30:00-04:00,2.619999885559082,2.619999885559082,2.5,2.5299999713897705,0,0.0,0.0
2023-08-03 09:30:00-04:00,2.5596001148223877,2.5596001148223877,2.5596001148223877,2.5596001148223877,361,0.0,0.0
2023-08-03 11:30:00-04:00,2.575000047683716,2.575000047683716,2.575000047683716,2.575000047683716,1294,0.0,0.0
2023-08-03 13:30:00-04:00,2.5299999713897705,2.5299999713897705,2.5299999713897705,2.5299999713897705,105,0.0,0.0
2023-08-03 15:30:00-04:00,2.530100107192993,2.530100107192993,2.530100107192993,2.530100107192993,147,0.0,0.0
2023-08-04 09:30:00-04:00,2.569999933242798,2.636399984359741,2.569999933242798,2.636399984359741,4086,0.0,0.0
2023-08-04 10:30:00-04:00,2.6298999786376953,2.6298999786376953,2.5950000286102295,2.5950000286102295,3392,0.0,0.0
2023-08-04 13:30:00-04:00,2.549999952316284,2.630000114440918,2.549999952316284,2.5799999237060547,494,0.0,0.0
2023-08-04 14:30:00-04:00,2.5899999141693115,2.621000051498413,2.5299999713897705,2.5799999237060547,19597,0.0,0.0
2023-08-04 15:30:00-04:00,2.559999942779541,2.559999942779541,2.490000009536743,2.490000009536743,5275,0.0,0.0
2023-08-07 09:30:00-04:00,2.5,2.549999952316284,2.490000009536743,2.5,752,0.0,0.0
2023-08-07 10:30:00-04:00,2.490000009536743,2.490000009536743,2.490000009536743,2.490000009536743,8975,0.0,0.0
2023-08-07 11:30:00-04:00,2.5,2.5,2.5,2.5,651,0.0,0.0
2023-08-07 12:30:00-04:00,2.430000066757202,2.430000066757202,2.4000000953674316,2.4000000953674316,3296,0.0,0.0
2023-08-07 13:30:00-04:00,2.4000000953674316,2.430000066757202,2.299999952316284,2.430000066757202,5239,0.0,0.0
2023-08-07 15:30:00-04:00,2.4096999168395996,2.450000047683716,2.380000114440918,2.380000114440918,814,0.0,0.0
2023-08-08 09:30:00-04:00,2.380000114440918,2.490000009536743,2.380000114440918,2.490000009536743,2551,0.0,0.0
2023-08-08 10:30:00-04:00,2.380000114440918,2.440000057220459,2.380000114440918,2.430000066757202,912,0.0,0.0
2023-08-08 11:30:00-04:00,2.380000114440918,2.4000000953674316,2.380000114440918,2.4000000953674316,1581,0.0,0.0
2023-08-08 12:30:00-04:00,2.3499999046325684,2.3499999046325684,2.299999952316284,2.299999952316284,1376,0.0,0.0
2023-08-08 13:30:00-04:00,2.4000000953674316,2.4298999309539795,2.4000000953674316,2.4100000858306885,1369,0.0,0.0
2023-08-08 14:30:00-04:00,2.4000000953674316,2.415299892425537,2.4000000953674316,2.4000000953674316,3648,0.0,0.0
2023-08-08 15:30:00-04:00,2.4000000953674316,2.430000066757202,2.4000000953674316,2.4000000953674316,0,0.0,0.0
2023-08-09 10:30:00-04:00,2.4000000953674316,2.4200000762939453,2.4000000953674316,2.4200000762939453,533,0.0,0.0
2023-08-09 11:30:00-04:00,2.4000000953674316,2.4398999214172363,2.4000000953674316,2.4000000953674316,1288,0.0,0.0
2023-08-09 12:30:00-04:00,2.4000000953674316,2.4000000953674316,2.4000000953674316,2.4000000953674316,189,0.0,0.0
2023-08-09 14:30:00-04:00,2.4000000953674316,2.4000000953674316,2.4000000953674316,2.4000000953674316,109,0.0,0.0
2023-08-09 15:30:00-04:00,2.430000066757202,2.430000066757202,2.430000066757202,2.430000066757202,0,0.0,0.0
2023-08-10 09:30:00-04:00,2.4549999237060547,2.4549999237060547,2.4549999237060547,2.4549999237060547,523,0.0,0.0
2023-08-10 10:30:00-04:00,2.490000009536743,2.490000009536743,2.490000009536743,2.490000009536743,740,0.0,0.0
2023-08-10 11:30:00-04:00,2.509999990463257,2.549999952316284,2.509999990463257,2.549999952316284,1038,0.0,0.0
2023-08-10 12:30:00-04:00,2.549999952316284,2.559999942779541,2.5,2.5399999618530273,2380,0.0,0.0
2023-08-10 15:30:00-04:00,2.5,2.5,2.5,2.5,0,0.0,0.0
2023-08-11 09:30:00-04:00,2.509999990463257,2.569999933242798,2.509999990463257,2.569999933242798,840,0.0,0.0
2023-08-11 10:30:00-04:00,2.6089999675750732,2.6089999675750732,2.6080000400543213,2.6089999675750732,613,0.0,0.0
2023-08-11 11:30:00-04:00,2.5065999031066895,2.5736000537872314,2.5065999031066895,2.5455000400543213,1815,0.0,0.0
2023-08-11 12:30:00-04:00,2.549999952316284,2.549999952316284,2.549999952316284,2.549999952316284,571,0.0,0.0
2023-08-11 15:30:00-04:00,2.5,2.505000114440918,2.4100000858306885,2.4600000381469727,2131,0.0,0.0
2023-08-14 09:30:00-04:00,2.4800000190734863,2.4800000190734863,2.4800000190734863,2.4800000190734863,0,0.0,0.0
2023-08-14 11:30:00-04:00,2.410099983215332,2.539900064468384,2.410099983215332,2.539900064468384,953,0.0,0.0
2023-08-14 12:30:00-04:00,2.459700107574463,2.4700000286102295,2.459700107574463,2.4700000286102295,503,0.0,0.0
2023-08-14 14:30:00-04:00,2.4200000762939453,2.4200000762939453,2.4200000762939453,2.4200000762939453,239,0.0,0.0
2023-08-14 15:30:00-04:00,2.4749999046325684,2.490000009536743,2.4749999046325684,2.490000009536743,229,0.0,0.0
2023-08-15 09:30:00-04:00,2.450000047683716,2.4700000286102295,2.440000057220459,2.450000047683716,2460,0.0,0.0
2023-08-15 10:30:00-04:00,2.4619998931884766,2.5299999713897705,2.440000057220459,2.440000057220459,7724,0.0,0.0
2023-08-15 11:30:00-04:00,2.4214999675750732,2.5018999576568604,2.4214999675750732,2.5018999576568604,321,0.0,0.0
2023-08-15 12:30:00-04:00,2.45989990234375,2.45989990234375,2.45989990234375,2.45989990234375,401,0.0,0.0
2023-08-15 13:30:00-04:00,2.449899911880493,2.4999001026153564,2.4200000762939453,2.4999001026153564,1719,0.0,0.0
2023-08-15 14:30:00-04:00,2.4946000576019287,2.4946000576019287,2.4000000953674316,2.4000000953674316,3004,0.0,0.0
2023-08-15 15:30:00-04:00,2.4000000953674316,2.450000047683716,2.3399999141693115,2.3399999141693115,6273,0.0,0.0
2023-08-16 09:30:00-04:00,2.450000047683716,2.450000047683716,2.3399999141693115,2.3499999046325684,1407,0.0,0.0
2023-08-16 10:30:00-04:00,2.359999895095825,2.359999895095825,2.3499999046325684,2.3499999046325684,491,0.0,0.0
2023-08-16 11:30:00-04:00,2.3499999046325684,2.3499999046325684,2.2899999618530273,2.3299999237060547,3330,0.0,0.0
2023-08-16 12:30:00-04:00,2.3399999141693115,2.4200000762939453,2.299999952316284,2.299999952316284,4308,0.0,0.0
2023-08-16 14:30:00-04:00,2.299999952316284,2.299999952316284,2.2100000381469727,2.25,2821,0.0,0.0
2023-08-16 15:30:00-04:00,2.25,2.2799999713897705,2.25,2.250999927520752,0,0.0,0.0
2023-08-17 09:30:00-04:00,2.2799999713897705,2.6113998889923096,2.25,2.311000108718872,53512,0.0,0.0
2023-08-17 10:30:00-04:00,2.380000114440918,2.390000104904175,2.380000114440918,2.390000104904175,1489,0.0,0.0
2023-08-17 11:30:00-04:00,2.3132998943328857,2.450000047683716,2.3132998943328857,2.450000047683716,3334,0.0,0.0
2023-08-17 12:30:00-04:00,2.3499999046325684,2.359999895095825,2.190000057220459,2.190000057220459,6835,0.0,0.0
2023-08-17 13:30:00-04:00,2.194999933242798,2.194999933242798,2.109999895095825,2.1600000858306885,11124,0.0,0.0
2023-08-17 14:30:00-04:00,2.1510000228881836,2.1700000762939453,2.130000114440918,2.130000114440918,2146,0.0,0.0
2023-08-17 15:30:00-04:00,2.130000114440918,2.430000066757202,2.130000114440918,2.4200000762939453,26626,0.0,0.0
2023-08-18 09:30:00-04:00,2.3099000453948975,2.5450000762939453,2.3099000453948975,2.4198999404907227,38900,0.0,0.0
2023-08-18 10:30:00-04:00,2.365000009536743,2.365000009536743,2.309999942779541,2.365000009536743,1572,0.0,0.0
2023-08-18 11:30:00-04:00,2.3691999912261963,2.3691999912261963,2.299999952316284,2.299999952316284,3783,0.0,0.0
2023-08-18 12:30:00-04:00,2.259999990463257,2.2639999389648438,2.069999933242798,2.0999999046325684,33198,0.0,0.0
2023-08-18 13:30:00-04:00,2.200000047683716,2.4100000858306885,2.200000047683716,2.4100000858306885,11406,0.0,0.0
2023-08-18 14:30:00-04:00,2.380000114440918,2.3887999057769775,2.1500000953674316,2.2399001121520996,11503,0.0,0.0
2023-08-18 15:30:00-04:00,2.2183001041412354,2.234999895095825,2.1700000762939453,2.1700000762939453,2190,0.0,0.0
2023-08-21 09:30:00-04:00,2.2799999713897705,2.299999952316284,2.2109999656677246,2.299999952316284,1732,0.0,0.0
2023-08-21 10:30:00-04:00,2.259999990463257,2.259999990463257,2.180000066757202,2.2200000286102295,2596,0.0,0.0
2023-08-21 11:30:00-04:00,2.180000066757202,2.2300000190734863,2.180000066757202,2.2298998832702637,6434,0.0,0.0
2023-08-21 12:30:00-04:00,2.244999885559082,2.259999990463257,2.23009991645813,2.259999990463257,1479,0.0,0.0
2023-08-21 13:30:00-04:00,2.2799999713897705,2.3798999786376953,2.2799999713897705,2.3798999786376953,11997,0.0,0.0
2023-08-21 14:30:00-04:00,2.369999885559082,2.369999885559082,2.200000047683716,2.2100000381469727,2596,0.0,0.0
2023-08-21 15:30:00-04:00,2.265000104904175,2.2750000953674316,2.2200000286102295,2.2750000953674316,0,0.0,0.0
2023-08-22 09:30:00-04:00,2.225800037384033,2.225800037384033,2.1500000953674316,2.1500000953674316,4379,0.0,0.0
2023-08-22 10:30:00-04:00,2.2200000286102295,2.2200000286102295,2.2200000286102295,2.2200000286102295,1364,0.0,0.0
2023-08-22 11:30:00-04:00,2.2200000286102295,2.4098000526428223,2.2200000286102295,2.4098000526428223,5334,0.0,0.0
2023-08-22 12:30:00-04:00,2.4198999404907227,2.4198999404907227,2.075000047683716,2.1500000953674316,45100,0.0,0.0
2023-08-22 13:30:00-04:00,2.109999895095825,2.109999895095825,2.0250000953674316,2.049999952316284,12670,0.0,0.0
2023-08-22 14:30:00-04:00,2.115000009536743,2.1700000762939453,2.109999895095825,2.1500000953674316,3614,0.0,0.0
2023-08-22 15:30:00-04:00,2.055000066757202,2.1301000118255615,2.030600070953369,2.0399999618530273,4118,0.0,0.0
2023-08-23 09:30:00-04:00,2.069999933242798,2.199899911880493,2.069999933242798,2.199899911880493,1146,0.0,0.0
2023-08-23 10:30:00-04:00,2.109999895095825,2.109999895095825,2.0313000679016113,2.0313000679016113,0,0.0,0.0
2023-08-23 11:30:00-04:00,2.049999952316284,2.049999952316284,2.049999952316284,2.049999952316284,5541,0.0,0.0
2023-08-23 12:30:00-04:00,2.049999952316284,2.049999952316284,2.049999952316284,2.049999952316284,507,0.0,0.0
2023-08-23 13:30:00-04:00,2.0399999618530273,2.2144999504089355,2.0399999618530273,2.2144999504089355,41744,0.0,0.0
2023-08-23 14:30:00-04:00,2.2065999507904053,2.2065999507904053,2.2065999507904053,2.2065999507904053,280,0.0,0.0
2023-08-23 15:30:00-04:00,2.200000047683716,2.214200019836426,2.200000047683716,2.214200019836426,0,0.0,0.0
2023-08-24 09:30:00-04:00,2.2100000381469727,2.2100000381469727,2.009999990463257,2.109999895095825,44429,0.0,0.0
2023-08-24 10:30:00-04:00,2.109999895095825,2.1198999881744385,2.0299999713897705,2.088200092315674,6445,0.0,0.0
2023-08-24 11:30:00-04:00,2.059999942779541,2.059999942779541,2.049999952316284,2.049999952316284,2758,0.0,0.0
2023-08-24 12:30:00-04:00,2.049999952316284,2.049999952316284,2.0,2.009999990463257,4793,0.0,0.0
2023-08-24 13:30:00-04:00,2.0659000873565674,2.109999895095825,2.0350000858306885,2.109999895095825,2568,0.0,0.0
2023-08-24 14:30:00-04:00,2.109999895095825,2.109999895095825,2.0899999141693115,2.0994999408721924,325,0.0,0.0
2023-08-24 15:30:00-04:00,2.0687999725341797,2.2200000286102295,2.0687999725341797,2.2200000286102295,11229,0.0,0.0
2023-08-25 09:30:00-04:00,2.1050000190734863,2.123300075531006,2.1050000190734863,2.123300075531006,1103,0.0,0.0
2023-08-25 10:30:00-04:00,2.140000104904175,2.140000104904175,2.140000104904175,2.140000104904175,168,0.0,0.0
2023-08-25 11:30:00-04:00,2.1257998943328857,2.130000114440918,2.049999952316284,2.059999942779541,1200,0.0,0.0
2023-08-25 12:30:00-04:00,2.0999999046325684,2.0999999046325684,2.0199999809265137,2.049999952316284,21512,0.0,0.0
2023-08-25 13:30:00-04:00,2.049999952316284,2.049999952316284,2.0,2.049999952316284,11817,0.0,0.0
2023-08-25 14:30:00-04:00,2.0299999713897705,2.049999952316284,2.0299999713897705,2.049999952316284,944,0.0,0.0
2023-08-25 15:30:00-04:00,2.059999942779541,2.1500000953674316,2.049999952316284,2.109999895095825,9381,0.0,0.0
2023-08-28 09:30:00-04:00,2.069999933242798,2.1649999618530273,2.069999933242798,2.140700101852417,2839,0.0,0.0
2023-08-28 10:30:00-04:00,2.140000104904175,2.140000104904175,2.119999885559082,2.119999885559082,834,0.0,0.0
2023-08-28 11:30:00-04:00,2.1364998817443848,2.1364998817443848,2.1364998817443848,2.1364998817443848,3094,0.0,0.0
2023-08-28 12:30:00-04:00,2.119999885559082,2.119999885559082,2.115000009536743,2.119999885559082,10126,0.0,0.0
2023-08-28 13:30:00-04:00,2.059999942779541,2.059999942779541,2.059999942779541,2.059999942779541,1872,0.0,0.0
2023-08-28 14:30:00-04:00,2.050100088119507,2.050100088119507,2.036799907684326,2.0399999618530273,6280,0.0,0.0
2023-08-28 15:30:00-04:00,2.009999990463257,2.0299999713897705,2.0,2.0299999713897705,0,0.0,0.0
2023-08-29 09:30:00-04:00,2.000699996948242,2.109999895095825,2.000699996948242,2.109999895095825,1313,0.0,0.0
2023-08-29 10:30:00-04:00,2.055000066757202,2.055000066757202,2.055000066757202,2.055000066757202,110,0.0,0.0
2023-08-29 11:30:00-04:00,2.0899999141693115,2.099900007247925,2.0899999141693115,2.099900007247925,924,0.0,0.0
2023-08-29 12:30:00-04:00,2.1449999809265137,2.1600000858306885,2.049999952316284,2.0899999141693115,5157,0.0,0.0
2023-08-29 13:30:00-04:00,2.0850000381469727,2.0850000381469727,2.0850000381469727,2.0850000381469727,404,0.0,0.0
2023-08-29 14:30:00-04:00,2.0199999809265137,2.0299999713897705,1.9700000286102295,1.9800000190734863,7060,0.0,0.0
2023-08-29 15:30:00-04:00,2.0299999713897705,2.059999942779541,1.9900000095367432,1.9900000095367432,0,0.0,0.0
2023-08-30 09:30:00-04:00,2.009999990463257,2.009999990463257,2.0,2.003000020980835,2019,0.0,0.0
2023-08-30 10:30:00-04:00,2.0299999713897705,2.0299999713897705,2.0199999809265137,2.0199999809265137,1271,0.0,0.0
2023-08-30 13:30:00-04:00,2.059499979019165,2.059499979019165,2.059499979019165,2.059499979019165,449,0.0,0.0
2023-08-30 14:30:00-04:00,2.0199999809265137,2.0199999809265137,2.0199999809265137,2.0199999809265137,800,0.0,0.0
2023-08-30 15:30:00-04:00,2.075000047683716,2.075000047683716,2.075000047683716,2.075000047683716,0,0.0,0.0
2023-08-31 10:30:00-04:00,2.0699000358581543,2.069999933242798,2.0199999809265137,2.0199999809265137,2976,0.0,0.0
2023-08-31 11:30:00-04:00,2.049999952316284,2.049999952316284,2.049999952316284,2.049999952316284,645,0.0,0.0
2023-08-31 13:30:00-04:00,2.065000057220459,2.065000057220459,2.0499000549316406,2.049999952316284,971,0.0,0.0
2023-08-31 14:30:00-04:00,2.0220999717712402,2.069999933242798,2.0199999809265137,2.0666000843048096,3421,0.0,0.0
2023-08-31 15:30:00-04:00,2.069999933242798,2.069999933242798,2.009999990463257,2.009999990463257,0,0.0,0.0
2023-09-01 09:30:00-04:00,2.0999999046325684,2.1098999977111816,2.069999933242798,2.1071999073028564,1433,0.0,0.0
2023-09-01 10:30:00-04:00,2.0510001182556152,2.0510001182556152,2.049999952316284,2.049999952316284,371,0.0,0.0
2023-09-01 12:30:00-04:00,2.059999942779541,2.059999942779541,1.9600000381469727,1.9600000381469727,4730,0.0,0.0
2023-09-01 13:30:00-04:00,2.029400110244751,2.049999952316284,1.9600000381469727,2.049999952316284,1459,0.0,0.0
2023-09-01 14:30:00-04:00,2.0299999713897705,2.0299999713897705,1.988700032234192,2.0,2536,0.0,0.0
2023-09-01 15:30:00-04:00,1.999899983406067,2.0,1.9800000190734863,1.9800000190734863,2025,0.0,0.0
2023-09-05 09:30:00-04:00,1.9800000190734863,2.1500000953674316,1.9800000190734863,2.089900016784668,11995,0.0,0.0
2023-09-05 10:30:00-04:00,2.0899999141693115,2.194999933242798,2.0899999141693115,2.194999933242798,6533,0.0,0.0
2023-09-05 11:30:00-04:00,2.1700000762939453,2.194999933242798,2.1500000953674316,2.1500000953674316,2023,0.0,0.0
2023-09-05 12:30:00-04:00,2.1868999004364014,2.1868999004364014,2.1868999004364014,2.1868999004364014,913,0.0,0.0
2023-09-05 13:30:00-04:00,2.187700033187866,2.2298998832702637,2.187700033187866,2.2298998832702637,3041,0.0,0.0
2023-09-05 14:30:00-04:00,2.170099973678589,2.170099973678589,2.170099973678589,2.170099973678589,3388,0.0,0.0
2023-09-05 15:30:00-04:00,2.2200000286102295,2.299999952316284,2.2200000286102295,2.2899999618530273,0,0.0,0.0
2023-09-06 09:30:00-04:00,2.3299999237060547,2.3299999237060547,2.2799999713897705,2.2799999713897705,664,0.0,0.0
2023-09-06 10:30:00-04:00,2.319999933242798,2.356300115585327,2.2300000190734863,2.25,11250,0.0,0.0
2023-09-06 11:30:00-04:00,2.2699999809265137,2.3299999237060547,2.2699999809265137,2.2799999713897705,1126,0.0,0.0
2023-09-06 12:30:00-04:00,2.2701001167297363,2.3299999237060547,2.2701001167297363,2.3299999237060547,1194,0.0,0.0
2023-09-06 14:30:00-04:00,2.3299999237060547,2.5899999141693115,2.3299999237060547,2.4600000381469727,7566,0.0,0.0
2023-09-06 15:30:00-04:00,2.490000009536743,2.490000009536743,2.2699999809265137,2.3399999141693115,0,0.0,0.0
2023-09-07 09:30:00-04:00,2.1800999641418457,2.2699999809265137,2.1800999641418457,2.2699999809265137,14210,0.0,0.0
2023-09-07 10:30:00-04:00,2.259999990463257,2.259999990463257,2.130000114440918,2.130000114440918,6952,0.0,0.0
2023-09-07 11:30:00-04:00,2.1500000953674316,2.180000066757202,2.1500000953674316,2.1500000953674316,14202,0.0,0.0
2023-09-07 12:30:00-04:00,2.140000104904175,2.1500000953674316,2.140000104904175,2.1500000953674316,3156,0.0,0.0
2023-09-07 13:30:00-04:00,2.1500000953674316,2.200000047683716,2.1500000953674316,2.180000066757202,10874,0.0,0.0
2023-09-07 14:30:00-04:00,2.180299997329712,2.180299997329712,2.1700000762939453,2.1700000762939453,2279,0.0,0.0
2023-09-07 15:30:00-04:00,2.1700000762939453,2.1700000762939453,2.049999952316284,2.049999952316284,0,0.0,0.0
2023-09-08 09:30:00-04:00,2.0799999237060547,2.1705000400543213,2.0799999237060547,2.125,2056,0.0,0.0
2023-09-08 10:30:00-04:00,2.140000104904175,2.140000104904175,2.140000104904175,2.140000104904175,198,0.0,0.0
2023-09-08 11:30:00-04:00,2.0999999046325684,2.0999999046325684,2.0999999046325684,2.0999999046325684,116,0.0,0.0
2023-09-08 12:30:00-04:00,2.055000066757202,2.055000066757202,2.055000066757202,2.055000066757202,150,0.0,0.0
2023-09-08 13:30:00-04:00,2.0882999897003174,2.0882999897003174,2.0882999897003174,2.0882999897003174,137,0.0,0.0
2023-09-08 14:30:00-04:00,2.059999942779541,2.059999942779541,2.059999942779541,2.059999942779541,104,0.0,0.0
2023-09-08 15:30:00-04:00,2.0450000762939453,2.059999942779541,2.0199999809265137,2.0199999809265137,3673,0.0,0.0
2023-09-11 09:30:00-04:00,2.299999952316284,2.3399999141693115,2.0653998851776123,2.0653998851776123,34563,0.0,0.0
2023-09-11 10:30:00-04:00,2.228600025177002,2.309999942779541,2.2200000286102295,2.2200000286102295,2679,0.0,0.0
2023-09-11 11:30:00-04:00,2.240000009536743,2.309999942779541,2.130000114440918,2.1700000762939453,18283,0.0,0.0
2023-09-11 12:30:00-04:00,2.180000066757202,2.180000066757202,2.069999933242798,2.0899999141693115,1669,0.0,0.0
2023-09-11 13:30:00-04:00,2.0899999141693115,2.259999990463257,2.0799999237060547,2.0999999046325684,4572,0.0,0.0
2023-09-11 14:30:00-04:00,2.0899999141693115,2.144700050354004,2.059999942779541,2.069999933242798,14434,0.0,0.0
2023-09-11 15:30:00-04:00,2.059999942779541,2.119999885559082,2.0,2.0199999809265137,13506,0.0,0.0
2023-09-12 09:30:00-04:00,2.049999952316284,2.0950000286102295,2.049999952316284,2.0950000286102295,2385,0.0,0.0
2023-09-12 10:30:00-04:00,2.0950000286102295,2.140000104904175,2.049999952316284,2.059999942779541,12134,0.0,0.0
2023-09-12 11:30:00-04:00,2.049999952316284,2.1024999618530273,1.9700000286102295,1.9700000286102295,5968,0.0,0.0
2023-09-12 12:30:00-04:00,1.9700000286102295,2.0,1.9700000286102295,2.0,5207,0.0,0.0
2023-09-12 13:30:00-04:00,2.0,2.0,1.9991999864578247,1.9991999864578247,1018,0.0,0.0
2023-09-12 14:30:00-04:00,2.0,2.0,1.9600000381469727,1.9600000381469727,1830,0.0,0.0
2023-09-12 15:30:00-04:00,1.9500000476837158,2.0,1.909999966621399,1.9800000190734863,17510,0.0,0.0
2023-09-13 10:30:00-04:00,1.9499000310897827,1.9499000310897827,1.8600000143051147,1.8600000143051147,11087,0.0,0.0
2023-09-13 11:30:00-04:00,1.8600000143051147,1.8600000143051147,1.7800999879837036,1.8335000276565552,5685,0.0,0.0
2023-09-13 12:30:00-04:00,1.8300000429153442,1.850000023841858,1.7799999713897705,1.7999999523162842,6737,0.0,0.0
2023-09-13 13:30:00-04:00,1.7899999618530273,1.7999999523162842,1.7899999618530273,1.7999000549316406,1588,0.0,0.0
2023-09-13 14:30:00-04:00,1.7799999713897705,1.7899999618530273,1.7699999809265137,1.7799999713897705,3252,0.0,0.0
2023-09-13 15:30:00-04:00,1.7899999618530273,1.7899999618530273,1.7899999618530273,1.7899999618530273,527,0.0,0.0
2023-09-14 09:30:00-04:00,1.7799999713897705,1.809999942779541,1.75,1.75,10436,0.0,0.0
2023-09-14 10:30:00-04:00,1.7400000095367432,1.7972999811172485,1.7300000190734863,1.7972999811172485,1118,0.0,0.0
2023-09-14 11:30:00-04:00,1.75,1.75,1.75,1.75,361,0.0,0.0
2023-09-14 12:30:00-04:00,1.725000023841858,1.7300000190734863,1.7200000286102295,1.7200000286102295,2261,0.0,0.0
2023-09-14 13:30:00-04:00,1.7100000381469727,1.7400000095367432,1.7099000215530396,1.7300000190734863,11125,0.0,0.0
2023-09-14 14:30:00-04:00,1.725000023841858,1.7400000095367432,1.7000999450683594,1.7000999450683594,1923,0.0,0.0
2023-09-14 15:30:00-04:00,1.7000000476837158,1.7200000286102295,1.6799999475479126,1.6799999475479126,3002,0.0,0.0
2023-09-15 09:30:00-04:00,1.7899999618530273,1.7899999618530273,1.7000000476837158,1.7100000381469727,1061,0.0,0.0
2023-09-15 10:30:00-04:00,1.7200000286102295,1.73989999294281,1.6490000486373901,1.6497000455856323,5414,0.0,0.0
2023-09-15 11:30:00-04:00,1.6399999856948853,1.649999976158142,1.600000023841858,1.600000023841858,4864,0.0,0.0
2023-09-15 12:30:00-04:00,1.5499999523162842,1.5549999475479126,1.5399999618530273,1.5499999523162842,1773,0.0,0.0
2023-09-15 13:30:00-04:00,1.5499999523162842,1.582800030708313,1.5,1.5399999618530273,6820,0.0,0.0
2023-09-15 14:30:00-04:00,1.5499999523162842,1.600000023841858,1.5199999809265137,1.5399999618530273,9112,0.0,0.0
2023-09-15 15:30:00-04:00,1.5499999523162842,1.6399999856948853,1.5399999618530273,1.590000033378601,11705,0.0,0.0
2023-09-18 09:30:00-04:00,1.6100000143051147,1.6100000143051147,1.5099999904632568,1.5398000478744507,4623,0.0,0.0
2023-09-18 10:30:00-04:00,1.559999942779541,1.559999942779541,1.5,1.5,2310,0.0,0.0
2023-09-18 11:30:00-04:00,1.531000018119812,1.531000018119812,1.531000018119812,1.531000018119812,503,0.0,0.0
2023-09-18 12:30:00-04:00,1.5199999809265137,1.5299999713897705,1.5099999904632568,1.5299999713897705,1201,0.0,0.0
2023-09-18 13:30:00-04:00,1.5099999904632568,1.5199999809265137,1.5099999904632568,1.5199999809265137,690,0.0,0.0
2023-09-18 14:30:00-04:00,1.590000033378601,1.590000033378601,1.5099999904632568,1.5499999523162842,7215,0.0,0.0
2023-09-18 15:30:00-04:00,1.5449999570846558,1.5800000429153442,1.5,1.5,3273,0.0,0.0
2023-09-19 09:30:00-04:00,1.5,1.5197999477386475,1.3799999952316284,1.5027999877929688,10615,0.0,0.0
2023-09-19 10:30:00-04:00,1.5,1.5,1.0700000524520874,1.1100000143051147,266257,0.0,0.0
2023-09-19 11:30:00-04:00,1.1100000143051147,1.149999976158142,0.950501024723053,1.024999976158142,174089,0.0,0.0
2023-09-19 12:30:00-04:00,1.0026999711990356,1.0199999809265137,0.9506000280380249,1.0099999904632568,45660,0.0,0.0
2023-09-19 13:30:00-04:00,1.0,1.0700000524520874,1.0,1.0399999618530273,95562,0.0,0.0
2023-09-19 14:30:00-04:00,1.0449999570846558,1.0449999570846558,0.9900000095367432,0.9927999973297119,20263,0.0,0.0
2023-09-19 15:30:00-04:00,0.9926999807357788,1.0199999809265137,0.9900000095367432,0.9950000047683716,17241,0.0,0.0
2023-09-20 09:30:00-04:00,1.0700000524520874,1.0700000524520874,1.0099999904632568,1.0099999904632568,56508,0.0,0.0
2023-09-20 10:30:00-04:00,1.0289000272750854,1.0700000524520874,1.0199999809265137,1.0677000284194946,20246,0.0,0.0
2023-09-20 11:30:00-04:00,1.0699000358581543,1.1699999570846558,1.0649000406265259,1.1699999570846558,45548,0.0,0.0
2023-09-20 12:30:00-04:00,1.1311999559402466,1.3382999897003174,1.1311999559402466,1.2400000095367432,111383,0.0,0.0
2023-09-20 13:30:00-04:00,1.2200000286102295,1.25,1.149999976158142,1.249899983406067,17523,0.0,0.0
2023-09-20 14:30:00-04:00,1.2229000329971313,1.249899983406067,1.1601999998092651,1.1950000524520874,9830,0.0,0.0
2023-09-20 15:30:00-04:00,1.2300000190734863,1.2300000190734863,1.1699999570846558,1.1699999570846558,2587,0.0,0.0
2023-09-21 09:30:00-04:00,1.149999976158142,1.1699999570846558,1.1301000118255615,1.1603000164031982,18063,0.0,0.0
2023-09-21 10:30:00-04:00,1.190000057220459,1.2200000286102295,1.1699999570846558,1.215000033378601,4405,0.0,0.0
2023-09-21 11:30:00-04:00,1.2127000093460083,1.2300000190734863,1.2100000381469727,1.2300000190734863,3778,0.0,0.0
2023-09-21 12:30:00-04:00,1.2699999809265137,1.2900999784469604,1.25,1.25,12327,0.0,0.0
2023-09-21 13:30:00-04:00,1.2699999809265137,1.340000033378601,1.2319999933242798,1.340000033378601,20847,0.0,0.0
2023-09-21 14:30:00-04:00,1.2867000102996826,1.2999999523162842,1.2244999408721924,1.2244999408721924,2862,0.0,0.0
2023-09-21 15:30:00-04:00,1.2799999713897705,1.2899999618530273,1.23580002784729,1.25,0,0.0,0.0
2023-09-22 09:30:00-04:00,1.25,1.3450000286102295,1.25,1.3450000286102295,9362,0.0,0.0
2023-09-22 10:30:00-04:00,1.3200000524520874,1.3600000143051147,1.2400000095367432,1.2400000095367432,8598,0.0,0.0
2023-09-22 11:30:00-04:00,1.2999999523162842,1.2999999523162842,1.2999999523162842,1.2999999523162842,211,0.0,0.0
2023-09-22 12:30:00-04:00,1.2719999551773071,1.3350000381469727,1.2719999551773071,1.3350000381469727,549,0.0,0.0
2023-09-22 13:30:00-04:00,1.3049999475479126,1.3049999475479126,1.3049999475479126,1.3049999475479126,564,0.0,0.0
2023-09-22 14:30:00-04:00,1.2799999713897705,1.340000033378601,1.271299958229065,1.340000033378601,0,0.0,0.0
2023-09-22 15:30:00-04:00,1.2999999523162842,1.3020000457763672,1.25,1.25,38282,0.0,0.0
2023-09-25 09:30:00-04:00,1.2599999904632568,1.26010000705719,1.2599999904632568,1.26010000705719,828,0.0,0.0
2023-09-25 10:30:00-04:00,1.2619999647140503,1.2699999809265137,1.2619999647140503,1.2699999809265137,1128,0.0,0.0
2023-09-25 11:30:00-04:00,1.2899999618530273,1.340000033378601,1.2599999904632568,1.340000033378601,10419,0.0,0.0
2023-09-25 13:30:00-04:00,1.2699999809265137,1.3300000429153442,1.2699999809265137,1.3300000429153442,1229,0.0,0.0
2023-09-25 14:30:00-04:00,1.2972999811172485,1.2972999811172485,1.2972999811172485,1.2972999811172485,177,0.0,0.0
2023-09-25 15:30:00-04:00,1.2599999904632568,1.3200000524520874,1.2599999904632568,1.3200000524520874,1434,0.0,0.0
2023-09-26 09:30:00-04:00,1.2599999904632568,1.3299000263214111,1.2599999904632568,1.3184000253677368,2534,0.0,0.0
2023-09-26 10:30:00-04:00,1.3199000358581543,1.4900000095367432,1.3099000453948975,1.3899999856948853,20080,0.0,0.0
2023-09-26 11:30:00-04:00,1.440000057220459,1.4499000310897827,1.3799999952316284,1.3799999952316284,14039,0.0,0.0
2023-09-26 12:30:00-04:00,1.3899999856948853,1.399999976158142,1.3600000143051147,1.3600000143051147,2463,0.0,0.0
2023-09-26 13:30:00-04:00,1.3799999952316284,1.3799999952316284,1.3799999952316284,1.3799999952316284,113,0.0,0.0
2023-09-26 14:30:00-04:00,1.3600000143051147,1.3799999952316284,1.3431999683380127,1.3431999683380127,9430,0.0,0.0
2023-09-26 15:30:00-04:00,1.3776999711990356,1.3799999952316284,1.350000023841858,1.3799999952316284,0,0.0,0.0
2023-09-27 09:30:00-04:00,1.399999976158142,1.399999976158142,1.3453999757766724,1.3854000568389893,1055,0.0,0.0
2023-09-27 10:30:00-04:00,1.3880000114440918,1.409500002861023,1.3880000114440918,1.399999976158142,724,0.0,0.0
2023-09-27 11:30:00-04:00,1.3601000308990479,1.375100016593933,1.3601000308990479,1.375100016593933,691,0.0,0.0
2023-09-27 12:30:00-04:00,1.3700000047683716,1.399999976158142,1.3700000047683716,1.399999976158142,956,0.0,0.0
2023-09-27 13:30:00-04:00,1.399999976158142,1.399999976158142,1.3997999429702759,1.3997999429702759,367,0.0,0.0
2023-09-27 14:30:00-04:00,1.3601000308990479,1.409999966621399,1.3601000308990479,1.4000999927520752,11605,0.0,0.0
2023-09-27 15:30:00-04:00,1.399999976158142,1.409999966621399,1.3899999856948853,1.3899999856948853,3461,0.0,0.0
2023-09-28 09:30:00-04:00,1.3700000047683716,1.3700000047683716,1.3700000047683716,1.3700000047683716,7182,0.0,0.0
2023-09-28 11:30:00-04:00,1.409999966621399,1.409999966621399,1.409999966621399,1.409999966621399,178,0.0,0.0
2023-09-28 12:30:00-04:00,1.4299999475479126,1.4299999475479126,1.409999966621399,1.409999966621399,202,0.0,0.0
2023-09-28 13:30:00-04:00,1.4199999570846558,1.4900000095367432,1.4199999570846558,1.4459999799728394,10250,0.0,0.0
2023-09-28 14:30:00-04:00,1.4249999523162842,1.4700000286102295,1.4249999523162842,1.4700000286102295,1204,0.0,0.0
2023-09-28 15:30:00-04:00,1.4700000286102295,1.5,1.440000057220459,1.4700000286102295,4110,0.0,0.0
2023-09-29 09:30:00-04:00,1.4500000476837158,1.4600000381469727,1.4500000476837158,1.4500000476837158,1495,0.0,0.0
2023-09-29 10:30:00-04:00,1.4700000286102295,1.471500039100647,1.4200999736785889,1.4200999736785889,12482,0.0,0.0
2023-09-29 11:30:00-04:00,1.409999966621399,1.409999966621399,1.3799999952316284,1.3799999952316284,1433,0.0,0.0
2023-09-29 12:30:00-04:00,1.3600000143051147,1.4500000476837158,1.3600000143051147,1.4149999618530273,10321,0.0,0.0
2023-09-29 14:30:00-04:00,1.409999966621399,1.409999966621399,1.409999966621399,1.409999966621399,318,0.0,0.0
2023-09-29 15:30:00-04:00,1.3919999599456787,1.3919999599456787,1.3899999856948853,1.3899999856948853,8008,0.0,0.0
2023-10-02 09:30:00-04:00,1.3700000047683716,1.3854999542236328,1.3700000047683716,1.3854999542236328,2272,0.0,0.0
2023-10-02 11:30:00-04:00,1.3700000047683716,1.3899999856948853,1.3700000047683716,1.3899999856948853,1278,0.0,0.0
2023-10-02 13:30:00-04:00,1.3799999952316284,1.3799999952316284,1.3799999952316284,1.3799999952316284,217,0.0,0.0
2023-10-02 14:30:00-04:00,1.3799999952316284,1.3799999952316284,1.3799999952316284,1.3799999952316284,304,0.0,0.0
2023-10-02 15:30:00-04:00,1.3600000143051147,1.3600000143051147,1.3600000143051147,1.3600000143051147,283,0.0,0.0
2023-10-03 09:30:00-04:00,1.3650000095367432,1.3759000301361084,1.340000033378601,1.350000023841858,3683,0.0,0.0
2023-10-03 10:30:00-04:00,1.3724000453948975,1.3724000453948975,1.2900999784469604,1.2900999784469604,2354,0.0,0.0
2023-10-03 11:30:00-04:00,1.3350000381469727,1.440000057220459,1.309999942779541,1.4179999828338623,17868,0.0,0.0
2023-10-03 12:30:00-04:00,1.4198999404907227,1.4199999570846558,1.3944000005722046,1.3945000171661377,4397,0.0,0.0
2023-10-03 13:30:00-04:00,1.4049999713897705,1.4700000286102295,1.4000999927520752,1.4000999927520752,10803,0.0,0.0
2023-10-03 14:30:00-04:00,1.399999976158142,1.440000057220459,1.396399974822998,1.440000057220459,19510,0.0,0.0
2023-10-03 15:30:00-04:00,1.409999966621399,1.4299999475479126,1.399999976158142,1.399999976158142,4024139,0.0,0.0
2023-10-04 09:30:00-04:00,1.4700000286102295,1.5299999713897705,0.9200000166893005,0.9498990178108215,7398047,0.0,0.0
2023-10-04 10:30:00-04:00,0.9490000009536743,1.0,0.8981999754905701,0.9301499724388123,1042767,0.0,0.0
2023-10-04 11:30:00-04:00,0.9204999804496765,0.9700000286102295,0.9103000164031982,0.9301000237464905,185515,0.0,0.0
2023-10-04 12:30:00-04:00,0.9325000047683716,0.9498999714851379,0.8379999995231628,0.9348999857902527,484194,0.0,0.0
2023-10-04 13:30:00-04:00,0.9301009774208069,1.059999942779541,0.9258000254631042,0.9998999834060669,485691,0.0,0.0
2023-10-04 14:30:00-04:00,0.9998999834060669,1.0399999618530273,0.9501010179519653,1.0199999809265137,243351,0.0,0.0
2023-10-04 15:30:00-04:00,1.01010000705719,1.0299999713897705,0.9900000095367432,1.0099999904632568,234645,0.0,0.0
2023-10-05 09:30:00-04:00,0.9803000092506409,0.983299970626831,0.9100000262260437,0.910099983215332,173739,0.0,0.0
2023-10-05 10:30:00-04:00,0.9309899806976318,0.9490000009536743,0.8999999761581421,0.925000011920929,61435,0.0,0.0
2023-10-05 11:30:00-04:00,0.9229999780654907,0.9490000009536743,0.9229999780654907,0.9384999871253967,18498,0.0,0.0
2023-10-05 12:30:00-04:00,0.9379000067710876,0.9379000067710876,0.8863000273704529,0.9168999791145325,70536,0.0,0.0
2023-10-05 13:30:00-04:00,0.9200000166893005,0.9200000166893005,0.8999999761581421,0.9179999828338623,56812,0.0,0.0
2023-10-05 14:30:00-04:00,0.9179999828338623,0.919700026512146,0.8999999761581421,0.9175999760627747,39283,0.0,0.0
2023-10-05 15:30:00-04:00,0.9100000262260437,0.9174000024795532,0.8999999761581421,0.9086999893188477,13884,0.0,0.0
2023-10-06 09:30:00-04:00,0.8700000047683716,0.8756499886512756,0.8090999722480774,0.8101000189781189,177952,0.0,0.0
2023-10-06 10:30:00-04:00,0.8101000189781189,0.8600000143051147,0.8100000023841858,0.8600000143051147,0,0.0,0.0
2023-10-06 11:30:00-04:00,0.8500499725341797,0.9200000166893005,0.8500499725341797,0.8580999970436096,463246,0.0,0.0
2023-10-06 12:30:00-04:00,0.8899999856948853,0.9100000262260437,0.8159999847412109,0.8700000047683716,36529,0.0,0.0
2023-10-06 13:30:00-04:00,0.8701000213623047,0.9052000045776367,0.8701000213623047,0.9052000045776367,9481,0.0,0.0
2023-10-06 14:30:00-04:00,0.9093000292778015,0.9100000262260437,0.8906999826431274,0.8906999826431274,11632,0.0,0.0
2023-10-06 15:30:00-04:00,0.8907999992370605,0.8907999992370605,0.8816999793052673,0.8826000094413757,2509,0.0,0.0
2023-10-09 09:30:00-04:00,0.9007999897003174,0.9007999897003174,0.8100000023841858,0.8460000157356262,43107,0.0,0.0
2023-10-09 10:30:00-04:00,0.8460000157356262,0.8460000157356262,0.8199999928474426,0.8206999897956848,23945,0.0,0.0
2023-10-09 11:30:00-04:00,0.8209999799728394,0.8812999725341797,0.8100000023841858,0.8500000238418579,65805,0.0,0.0
2023-10-09 12:30:00-04:00,0.8282999992370605,0.8500000238418579,0.8281999826431274,0.8475000262260437,6010,0.0,0.0
2023-10-09 13:30:00-04:00,0.8473989963531494,0.8475000262260437,0.8473989963531494,0.8473989963531494,536,0.0,0.0
2023-10-09 14:30:00-04:00,0.8400999903678894,0.8439000248908997,0.8299999833106995,0.8299999833106995,12927,0.0,0.0
2023-10-09 15:30:00-04:00,0.8299999833106995,0.8708000183105469,0.8199999928474426,0.8199999928474426,33461,0.0,0.0
2023-10-10 09:30:00-04:00,0.8216999769210815,0.8364480137825012,0.7900000214576721,0.8248999714851379,48327,0.0,0.0
2023-10-10 10:30:00-04:00,0.8381999731063843,0.8543000221252441,0.8199999928474426,0.8543000221252441,3568,0.0,0.0
2023-10-10 11:30:00-04:00,0.8600000143051147,0.8600000143051147,0.8201000094413757,0.8428000211715698,24558,0.0,0.0
2023-10-10 12:30:00-04:00,0.8500000238418579,0.8500000238418579,0.8360999822616577,0.8500000238418579,3935,0.0,0.0
2023-10-10 13:30:00-04:00,0.8500000238418579,0.8500000238418579,0.8278999924659729,0.8500000238418579,2750,0.0,0.0
2023-10-10 14:30:00-04:00,0.8202999830245972,0.8669999837875366,0.8202999830245972,0.8300999999046326,8588,0.0,0.0
2023-10-10 15:30:00-04:00,0.8299999833106995,0.864799976348877,0.8299999833106995,0.8299999833106995,3114,0.0,0.0
2023-10-11 09:30:00-04:00,0.8323000073432922,0.9200000166893005,0.8216009736061096,0.8798999786376953,63233,0.0,0.0
2023-10-11 10:30:00-04:00,0.8798999786376953,0.9199000000953674,0.8712000250816345,0.8712000250816345,10499,0.0,0.0
2023-10-11 11:30:00-04:00,0.9100000262260437,0.9100000262260437,0.8700000047683716,0.8700000047683716,6574,0.0,0.0
2023-10-11 12:30:00-04:00,0.8899999856948853,0.8899999856948853,0.8464000225067139,0.8799999952316284,2382,0.0,0.0
2023-10-11 13:30:00-04:00,0.8632000088691711,0.8899999856948853,0.8317999839782715,0.8899999856948853,54203,0.0,0.0
2023-10-11 14:30:00-04:00,0.8899999856948853,0.8899999856948853,0.8600000143051147,0.8899999856948853,4243,0.0,0.0
2023-10-11 15:30:00-04:00,0.8804000020027161,0.8899999856948853,0.8600000143051147,0.8791999816894531,8870,0.0,0.0
2023-10-12 09:30:00-04:00,0.8575999736785889,0.8801000118255615,0.8575999736785889,0.8780999779701233,7416,0.0,0.0
2023-10-12 10:30:00-04:00,0.8601999878883362,0.8780999779701233,0.8500000238418579,0.8507009744644165,5386,0.0,0.0
2023-10-12 11:30:00-04:00,0.8318840265274048,0.8507000207901001,0.8318840265274048,0.8507000207901001,2301,0.0,0.0
2023-10-12 12:30:00-04:00,0.8507000207901001,0.8720999956130981,0.835099995136261,0.8420000076293945,640,0.0,0.0
2023-10-12 13:30:00-04:00,0.8700000047683716,0.8700000047683716,0.8600000143051147,0.8679999709129333,1259,0.0,0.0
2023-10-12 14:30:00-04:00,0.8679999709129333,0.9200000166893005,0.8500000238418579,0.9131010174751282,69201,0.0,0.0
2023-10-12 15:30:00-04:00,0.9114000201225281,0.9218000173568726,0.8869100213050842,0.9218000173568726,0,0.0,0.0
2023-10-13 09:30:00-04:00,0.8999000191688538,0.8999000191688538,0.8529000282287598,0.8895000219345093,15811,0.0,0.0
2023-10-13 10:30:00-04:00,0.8531100153923035,0.8894000053405762,0.8531100153923035,0.8797500133514404,1256,0.0,0.0
2023-10-13 11:30:00-04:00,0.8799999952316284,0.909600019454956,0.878000020980835,0.909600019454956,9165,0.0,0.0
2023-10-13 12:30:00-04:00,0.8999999761581421,0.9248999953269958,0.8999999761581421,0.9190000295639038,8018,0.0,0.0
2023-10-13 13:30:00-04:00,0.8999999761581421,0.8999999761581421,0.8914999961853027,0.8914999961853027,1597,0.0,0.0
2023-10-13 14:30:00-04:00,0.8830000162124634,0.8914999961853027,0.8828999996185303,0.8912000060081482,7715,0.0,0.0
2023-10-13 15:30:00-04:00,0.8974999785423279,0.964900016784668,0.8949999809265137,0.9412000179290771,75544,0.0,0.0
2023-10-16 09:30:00-04:00,0.9998000264167786,0.9998000264167786,0.9004999995231628,0.9380000233650208,134687,0.0,0.0
2023-10-16 10:30:00-04:00,0.9153000116348267,0.9300000071525574,0.8597000241279602,0.9099000096321106,18112,0.0,0.0
2023-10-16 11:30:00-04:00,0.9000999927520752,0.9506000280380249,0.8855000138282776,0.9352999925613403,6156,0.0,0.0
2023-10-16 12:30:00-04:00,0.9505000114440918,0.9505000114440918,0.9505000114440918,0.9505000114440918,1289,0.0,0.0
2023-10-16 13:30:00-04:00,0.949999988079071,0.9900000095367432,0.9401000142097473,0.9599999785423279,1950,0.0,0.0
2023-10-16 14:30:00-04:00,0.9799000024795532,0.9900000095367432,0.9401999711990356,0.9900000095367432,7929,0.0,0.0
2023-10-16 15:30:00-04:00,0.9850000143051147,1.059999942779541,0.9800000190734863,1.0399999618530273,26901,0.0,0.0
2023-10-17 09:30:00-04:00,1.0499999523162842,1.0499999523162842,0.9521999955177307,0.9599999785423279,22891,0.0,0.0
2023-10-17 10:30:00-04:00,0.9700000286102295,1.0299999713897705,0.9700000286102295,1.0199999809265137,458,0.0,0.0
2023-10-17 11:30:00-04:00,0.9700999855995178,1.0800000429153442,0.9700999855995178,1.0549999475479126,23687,0.0,0.0
2023-10-17 12:30:00-04:00,1.02114999294281,1.0800000429153442,1.02114999294281,1.0700000524520874,25384,0.0,0.0
2023-10-17 13:30:00-04:00,1.059999942779541,1.059999942779541,1.01010000705719,1.0299999713897705,21652,0.0,0.0
2023-10-17 14:30:00-04:00,1.0099999904632568,1.059999942779541,1.0099999904632568,1.0259000062942505,2523,0.0,0.0
2023-10-17 15:30:00-04:00,1.059999942779541,1.059999942779541,1.023800015449524,1.059999942779541,2954,0.0,0.0
2023-10-18 09:30:00-04:00,1.0299999713897705,1.0331000089645386,1.0,1.0175000429153442,14273,0.0,0.0
2023-10-18 10:30:00-04:00,1.0,1.0006999969482422,1.0,1.000100016593933,995,0.0,0.0
2023-10-18 11:30:00-04:00,0.9969000220298767,0.9969000220298767,0.960099995136261,0.9900000095367432,6356,0.0,0.0
2023-10-18 12:30:00-04:00,0.9603000283241272,0.9603999853134155,0.9603000283241272,0.9603999853134155,775,0.0,0.0
2023-10-18 13:30:00-04:00,0.9900000095367432,0.9900000095367432,0.9900000095367432,0.9900000095367432,102,0.0,0.0
2023-10-18 14:30:00-04:00,1.0,1.0,0.9812999963760376,0.9812999963760376,602,0.0,0.0
2023-10-18 15:30:00-04:00,0.9605000019073486,1.0299999713897705,0.9605000019073486,1.0299999713897705,0,0.0,0.0
2023-10-19 09:30:00-04:00,0.9886000156402588,1.0199999809265137,0.982200026512146,1.0199999809265137,9786,0.0,0.0
2023-10-19 10:30:00-04:00,0.9703999757766724,1.0199999809265137,0.9409999847412109,0.9599999785423279,22034,0.0,0.0
2023-10-19 11:30:00-04:00,0.9747499823570251,0.9747499823570251,0.9747499823570251,0.9747499823570251,112,0.0,0.0
2023-10-19 13:30:00-04:00,0.9750000238418579,0.9878000020980835,0.9750000238418579,0.9878000020980835,1618,0.0,0.0
2023-10-19 14:30:00-04:00,0.9800000190734863,0.9998000264167786,0.9351000189781189,0.9351000189781189,38531,0.0,0.0
2023-10-19 15:30:00-04:00,0.9352999925613403,0.9797989726066589,0.9151999950408936,0.9300000071525574,0,0.0,0.0
2023-10-20 09:30:00-04:00,0.9211000204086304,0.9211000204086304,0.9107000231742859,0.9209989905357361,3414,0.0,0.0
2023-10-20 10:30:00-04:00,0.9210990071296692,0.9210990071296692,0.88919997215271,0.8999999761581421,6863,0.0,0.0
2023-10-20 11:30:00-04:00,0.9041000008583069,0.9182000160217285,0.8899999856948853,0.9101999998092651,2184,0.0,0.0
2023-10-20 12:30:00-04:00,0.9100000262260437,0.9100000262260437,0.9100000262260437,0.9100000262260437,100,0.0,0.0
2023-10-20 13:30:00-04:00,0.9099000096321106,0.9099000096321106,0.9089000225067139,0.9089000225067139,304,0.0,0.0
2023-10-20 14:30:00-04:00,0.9099990129470825,0.9158499836921692,0.8899999856948853,0.8899999856948853,4764,0.0,0.0
2023-10-20 15:30:00-04:00,0.8999999761581421,0.9199000000953674,0.8899999856948853,0.9199000000953674,1401,0.0,0.0
2023-10-23 09:30:00-04:00,0.9399999976158142,0.9923999905586243,0.9301000237464905,0.9921500086784363,13862,0.0,0.0
2023-10-23 10:30:00-04:00,0.9161999821662903,0.9610499739646912,0.9161999821662903,0.9610499739646912,4299,0.0,0.0
2023-10-23 11:30:00-04:00,0.911300003528595,0.9598000049591064,0.911300003528595,0.9595500230789185,1066,0.0,0.0
2023-10-23 12:30:00-04:00,0.8927000164985657,0.9100000262260437,0.8927000164985657,0.8999999761581421,5244,0.0,0.0
2023-10-23 13:30:00-04:00,0.8949999809265137,0.8950999975204468,0.8939999938011169,0.8939999938011169,1391,0.0,0.0
2023-10-23 14:30:00-04:00,0.8939999938011169,0.9100000262260437,0.8600000143051147,0.8600000143051147,4121,0.0,0.0
2023-10-23 15:30:00-04:00,0.9099000096321106,0.9099000096321106,0.8539999723434448,0.8539999723434448,0,0.0,0.0
2023-10-24 09:30:00-04:00,0.8537999987602234,0.8999999761581421,0.8500999808311462,0.8998000025749207,8192,0.0,0.0
2023-10-24 10:30:00-04:00,0.8940010070800781,0.8940010070800781,0.8689010143280029,0.8689010143280029,4105,0.0,0.0
2023-10-24 11:30:00-04:00,0.8689000010490417,0.8689000010490417,0.8689000010490417,0.8689000010490417,137,0.0,0.0
2023-10-24 12:30:00-04:00,0.8867999911308289,0.8867999911308289,0.8519999980926514,0.8547999858856201,5404,0.0,0.0
2023-10-24 13:30:00-04:00,0.8500000238418579,0.867900013923645,0.8500000238418579,0.8503999710083008,2174,0.0,0.0
2023-10-24 14:30:00-04:00,0.859499990940094,0.9194999933242798,0.8496999740600586,0.9194999933242798,37564,0.0,0.0
2023-10-24 15:30:00-04:00,0.8999000191688538,0.8999000191688538,0.8600000143051147,0.8600000143051147,0,0.0,0.0
2023-10-25 09:30:00-04:00,0.9020000100135803,0.9300000071525574,0.9020000100135803,0.9233999848365784,2229,0.0,0.0
2023-10-25 10:30:00-04:00,0.9021000266075134,0.9021000266075134,0.9021000266075134,0.9021000266075134,417,0.0,0.0
2023-10-25 11:30:00-04:00,0.9233999848365784,0.9233999848365784,0.8600000143051147,0.8700000047683716,16893,0.0,0.0
2023-10-25 12:30:00-04:00,0.8899999856948853,0.8985000252723694,0.8285999894142151,0.8715999722480774,21196,0.0,0.0
2023-10-25 13:30:00-04:00,0.883899986743927,0.883899986743927,0.826200008392334,0.8349999785423279,8748,0.0,0.0
2023-10-25 14:30:00-04:00,0.8495990037918091,0.8495990037918091,0.8177000284194946,0.8212000131607056,0,0.0,0.0
2023-10-26 09:30:00-04:00,0.8622000217437744,0.8994989991188049,0.8622000217437744,0.8994989991188049,3521,0.0,0.0
2023-10-26 10:30:00-04:00,0.8623999953269958,0.8623999953269958,0.8339999914169312,0.8500000238418579,7896,0.0,0.0
2023-10-26 11:30:00-04:00,0.8500999808311462,0.8572999835014343,0.8199999928474426,0.8572999835014343,3610,0.0,0.0
2023-10-26 12:30:00-04:00,0.8799999952316284,0.8899999856948853,0.8550000190734863,0.855400025844574,3785,0.0,0.0
2023-10-26 13:30:00-04:00,0.855400025844574,0.855400025844574,0.8486999869346619,0.8486999869346619,3117,0.0,0.0
2023-10-26 14:30:00-04:00,0.8500000238418579,0.8500000238418579,0.8500000238418579,0.8500000238418579,400,0.0,0.0
2023-10-26 15:30:00-04:00,0.8399999737739563,0.8399999737739563,0.8399999737739563,0.8399999737739563,0,0.0,0.0
2023-10-27 09:30:00-04:00,0.8343999981880188,0.8343999981880188,0.8343999981880188,0.8343999981880188,722,0.0,0.0
2023-10-27 10:30:00-04:00,0.8705999851226807,0.8705999851226807,0.821399986743927,0.821399986743927,687,0.0,0.0
2023-10-27 11:30:00-04:00,0.8109999895095825,0.8700000047683716,0.8109999895095825,0.8700000047683716,2100,0.0,0.0
2023-10-27 12:30:00-04:00,0.8112999796867371,0.8596000075340271,0.8112999796867371,0.859000027179718,5912,0.0,0.0
2023-10-27 13:30:00-04:00,0.859000027179718,0.859000027179718,0.8398000001907349,0.8398000001907349,719,0.0,0.0
2023-10-27 14:30:00-04:00,0.8399999737739563,0.859000027179718,0.8384730219841003,0.859000027179718,2175,0.0,0.0
2023-10-27 15:30:00-04:00,0.8299999833106995,0.8420000076293945,0.8299999833106995,0.8323500156402588,830,0.0,0.0
2023-10-30 09:30:00-04:00,0.8401100039482117,0.8401100039482117,0.8401100039482117,0.8401100039482117,206,0.0,0.0
2023-10-30 10:30:00-04:00,0.8799999952316284,0.8799999952316284,0.8601999878883362,0.8601999878883362,1100,0.0,0.0
2023-10-30 11:30:00-04:00,0.8989999890327454,0.8989999890327454,0.8199999928474426,0.8980000019073486,13162,0.0,0.0
2023-10-30 12:30:00-04:00,0.8201000094413757,0.8201000094413757,0.8201000094413757,0.8201000094413757,475,0.0,0.0
2023-10-30 13:30:00-04:00,0.8799999952316284,0.8985000252723694,0.8596500158309937,0.8757500052452087,27045,0.0,0.0
2023-10-30 14:30:00-04:00,0.8399999737739563,0.8517000079154968,0.8349999785423279,0.8517000079154968,2678,0.0,0.0
2023-10-30 15:30:00-04:00,0.8600000143051147,0.869700014591217,0.8600000143051147,0.869700014591217,0,0.0,0.0
2023-10-31 09:30:00-04:00,0.869700014591217,0.869700014591217,0.8399999737739563,0.8499000072479248,5727,0.0,0.0
2023-10-31 10:30:00-04:00,0.8500000238418579,0.8565999865531921,0.8306000232696533,0.8399999737739563,5802,0.0,0.0
2023-10-31 12:30:00-04:00,0.8574000000953674,0.869700014591217,0.8574000000953674,0.869700014591217,581,0.0,0.0
2023-10-31 14:30:00-04:00,0.851993978023529,0.851993978023529,0.851993978023529,0.851993978023529,301,0.0,0.0
2023-10-31 15:30:00-04:00,0.869700014591217,0.885699987411499,0.8510000109672546,0.885699987411499,0,0.0,0.0
2023-11-01 09:30:00-04:00,0.8798999786376953,0.9470000267028809,0.8798999786376953,0.8860999941825867,13037,0.0,0.0
2023-11-01 10:30:00-04:00,0.8859999775886536,0.9269999861717224,0.8561000227928162,0.8651000261306763,8127,0.0,0.0
2023-11-01 11:30:00-04:00,0.9200000166893005,0.9398999810218811,0.8999999761581421,0.9398999810218811,15034,0.0,0.0
2023-11-01 12:30:00-04:00,0.8999999761581421,0.9300000071525574,0.8999999761581421,0.9001010060310364,11576,0.0,0.0
2023-11-01 13:30:00-04:00,0.9348999857902527,0.9348999857902527,0.9348999857902527,0.9348999857902527,108,0.0,0.0
2023-11-01 14:30:00-04:00,0.9348000288009644,0.9348000288009644,0.8610000014305115,0.8610000014305115,6195,0.0,0.0
2023-11-01 15:30:00-04:00,0.8700000047683716,0.8700000047683716,0.8299999833106995,0.8500000238418579,0,0.0,0.0
2023-11-02 09:30:00-04:00,0.9399999976158142,0.9399999976158142,0.8431000113487244,0.8600000143051147,3234,0.0,0.0
2023-11-02 10:30:00-04:00,0.8600000143051147,0.8600000143051147,0.8400009870529175,0.8400009870529175,687,0.0,0.0
2023-11-02 11:30:00-04:00,0.8499990105628967,0.9398000240325928,0.8320009708404541,0.9210000038146973,75074,0.0,0.0
2023-11-02 12:30:00-04:00,0.9208999872207642,0.9210000038146973,0.8799999952316284,0.9210000038146973,12113,0.0,0.0
2023-11-02 13:30:00-04:00,0.9210000038146973,0.9905999898910522,0.9004999995231628,0.9879999756813049,38941,0.0,0.0
2023-11-02 14:30:00-04:00,0.9889000058174133,1.0,0.9503009915351868,0.9900000095367432,22274,0.0,0.0
2023-11-02 15:30:00-04:00,0.9900000095367432,1.100000023841858,0.9729999899864197,1.0800000429153442,0,0.0,0.0
2023-11-03 09:30:00-04:00,1.059999942779541,1.059999942779541,1.0019999742507935,1.059999942779541,5241,0.0,0.0
2023-11-03 10:30:00-04:00,1.0199999809265137,1.0499999523162842,1.01010000705719,1.0499999523162842,16523,0.0,0.0
2023-11-03 11:30:00-04:00,1.0399999618530273,1.1200000047683716,1.031000018119812,1.0750000476837158,21461,0.0,0.0
2023-11-03 12:30:00-04:00,1.1080000400543213,1.1080000400543213,1.0399999618530273,1.100000023841858,16770,0.0,0.0
2023-11-03 13:30:00-04:00,1.100000023841858,1.100000023841858,1.0748000144958496,1.100000023841858,5632,0.0,0.0
2023-11-03 14:30:00-04:00,1.090000033378601,1.100000023841858,1.0299999713897705,1.100000023841858,32968,0.0,0.0
2023-11-03 15:30:00-04:00,1.0989999771118164,1.0989999771118164,1.0499999523162842,1.0499999523162842,2261,0.0,0.0
2023-11-06 09:30:00-05:00,1.0700000524520874,1.0700000524520874,1.0199999809265137,1.055899977684021,2988,0.0,0.0
2023-11-06 10:30:00-05:00,1.059999942779541,1.059999942779541,1.0400999784469604,1.0400999784469604,414,0.0,0.0
2023-11-06 11:30:00-05:00,1.0400999784469604,1.0400999784469604,1.0,1.0,7100,0.0,0.0
2023-11-06 13:30:00-05:00,1.0199999809265137,1.0199999809265137,1.0199999809265137,1.0199999809265137,114,0.0,0.0
2023-11-06 14:30:00-05:00,1.000100016593933,1.000100016593933,1.0,1.0,876,0.0,0.0
2023-11-06 15:30:00-05:00,1.0299999713897705,1.059999942779541,1.0299999713897705,1.059999942779541,736,0.0,0.0
2023-11-07 09:30:00-05:00,1.059999942779541,1.0699000358581543,0.973800003528595,1.0219000577926636,1651,0.0,0.0
2023-11-07 11:30:00-05:00,1.0300999879837036,1.0300999879837036,1.0300999879837036,1.0300999879837036,191,0.0,0.0
2023-11-07 12:30:00-05:00,1.059999942779541,1.1200000047683716,1.059999942779541,1.1200000047683716,31509,0.0,0.0
2023-11-07 13:30:00-05:00,1.1200000047683716,1.1200000047683716,1.0800000429153442,1.0800000429153442,1047,0.0,0.0
2023-11-07 14:30:00-05:00,1.065000057220459,1.100000023841858,1.065000057220459,1.100000023841858,348,0.0,0.0
2023-11-07 15:30:00-05:00,1.0800000429153442,1.1100000143051147,1.0800000429153442,1.1100000143051147,774,0.0,0.0
2023-11-08 09:30:00-05:00,1.100000023841858,1.100000023841858,1.059999942779541,1.0813000202178955,3469,0.0,0.0
2023-11-08 14:30:00-05:00,1.0700000524520874,1.0700000524520874,1.0700000524520874,1.0700000524520874,0,0.0,0.0
2023-11-09 09:30:00-05:00,1.1100000143051147,1.1200000047683716,1.0950000286102295,1.1100000143051147,4435,0.0,0.0
2023-11-09 10:30:00-05:00,1.100100040435791,1.1100000143051147,1.100100040435791,1.1100000143051147,3458,0.0,0.0
2023-11-09 11:30:00-05:00,1.1100000143051147,1.1100000143051147,1.0199999809265137,1.0199999809265137,20120,0.0,0.0
2023-11-09 12:30:00-05:00,1.0099999904632568,1.0199999809265137,1.0099999904632568,1.0199999809265137,18854,0.0,0.0
2023-11-09 14:30:00-05:00,1.0199999809265137,1.0199999809265137,1.0099999904632568,1.0147000551223755,1510,0.0,0.0
2023-11-09 15:30:00-05:00,1.0164999961853027,1.0164999961853027,1.0,1.0,0,0.0,0.0
2023-11-10 09:30:00-05:00,1.059999942779541,1.059999942779541,0.9959999918937683,1.0,2839,0.0,0.0
2023-11-10 10:30:00-05:00,1.0,1.0199999809265137,0.9750000238418579,1.0199999809265137,4825,0.0,0.0
2023-11-10 11:30:00-05:00,0.9764000177383423,1.0199999809265137,0.9753999710083008,0.9753999710083008,1792,0.0,0.0
2023-11-10 13:30:00-05:00,1.0198999643325806,1.0198999643325806,1.0198999643325806,1.0198999643325806,365,0.0,0.0
2023-11-10 15:30:00-05:00,1.0,1.0,1.0,1.0,825,0.0,0.0
2023-11-13 09:30:00-05:00,1.0,1.0099999904632568,0.8299999833106995,0.8907999992370605,26378,0.0,0.0
2023-11-13 10:30:00-05:00,0.9297990202903748,0.9700000286102295,0.8801000118255615,0.9700000286102295,2461,0.0,0.0
2023-11-13 11:30:00-05:00,0.9399999976158142,0.9399999976158142,0.9399999976158142,0.9399999976158142,100,0.0,0.0
2023-11-13 12:30:00-05:00,0.949999988079071,0.949999988079071,0.9200000166893005,0.9200000166893005,447,0.0,0.0
2023-11-13 13:30:00-05:00,0.9708999991416931,0.9708999991416931,0.949999988079071,0.949999988079071,288,0.0,0.0
2023-11-13 14:30:00-05:00,0.9599999785423279,0.9599999785423279,0.9399999976158142,0.9399999976158142,1450,0.0,0.0
2023-11-13 15:30:00-05:00,0.9660000205039978,0.9660000205039978,0.9373999834060669,0.9373999834060669,0,0.0,0.0
2023-11-14 09:30:00-05:00,1.0,1.0,0.9470000267028809,0.9470000267028809,3520,0.0,0.0
2023-11-14 10:30:00-05:00,0.963699996471405,0.9900000095367432,0.963699996471405,0.9638000130653381,818,0.0,0.0
2023-11-14 12:30:00-05:00,0.949999988079071,0.9514999985694885,0.949999988079071,0.9514999985694885,2336,0.0,0.0
2023-11-14 13:30:00-05:00,0.9598990082740784,0.9598990082740784,0.9598990082740784,0.9598990082740784,227,0.0,0.0
2023-11-14 14:30:00-05:00,0.9399999976158142,0.9399999976158142,0.9200000166893005,0.9200999736785889,1838,0.0,0.0
2023-11-14 15:30:00-05:00,0.9649999737739563,1.0,0.9325000047683716,0.9800000190734863,0,0.0,0.0
2023-11-15 09:30:00-05:00,0.8925999999046326,0.9800000190734863,0.8500000238418579,0.9800000190734863,16808,0.0,0.0
2023-11-15 10:30:00-05:00,0.9649999737739563,0.9800000190734863,0.9020000100135803,0.9800000190734863,14699,0.0,0.0
2023-11-15 11:30:00-05:00,0.9700000286102295,0.9800000190734863,0.9020000100135803,0.9020000100135803,3956,0.0,0.0
2023-11-15 12:30:00-05:00,0.926800012588501,0.949999988079071,0.9100000262260437,0.9300000071525574,1265,0.0,0.0
2023-11-15 14:30:00-05:00,0.9020000100135803,0.9210000038146973,0.9020000100135803,0.9210000038146973,1975,0.0,0.0
2023-11-15 15:30:00-05:00,0.9210000038146973,0.9210000038146973,0.9020000100135803,0.9210000038146973,1100,0.0,0.0
2023-11-16 09:30:00-05:00,0.949999988079071,0.949999988079071,0.8834999799728394,0.9120000004768372,3373,0.0,0.0
2023-11-16 10:30:00-05:00,0.9120000004768372,0.9150000214576721,0.8899999856948853,0.9150000214576721,16097,0.0,0.0
2023-11-16 11:30:00-05:00,0.8899999856948853,0.9347000122070312,0.8899999856948853,0.8999999761581421,2894,0.0,0.0
2023-11-16 12:30:00-05:00,0.9399999976158142,0.9399999976158142,0.8899999856948853,0.934499979019165,1073,0.0,0.0
2023-11-16 13:30:00-05:00,0.9399999976158142,0.9399999976158142,0.8899999856948853,0.8899999856948853,616,0.0,0.0
2023-11-16 14:30:00-05:00,0.8899999856948853,0.9398999810218811,0.8899999856948853,0.9200000166893005,929,0.0,0.0
2023-11-16 15:30:00-05:00,0.9276999831199646,0.949999988079071,0.9276999831199646,0.949999988079071,1348,0.0,0.0
2023-11-17 09:30:00-05:00,0.9204000234603882,0.949999988079071,0.8899999856948853,0.8899999856948853,13314,0.0,0.0
2023-11-17 10:30:00-05:00,0.8899999856948853,0.9399999976158142,0.8500000238418579,0.8500000238418579,81871,0.0,0.0
2023-11-17 11:30:00-05:00,0.8999999761581421,0.9200000166893005,0.8999999761581421,0.9200000166893005,2202,0.0,0.0
2023-11-17 12:30:00-05:00,0.8799999952316284,0.8956000208854675,0.8799999952316284,0.8889999985694885,5384,0.0,0.0
2023-11-17 13:30:00-05:00,0.9063000082969666,0.9063000082969666,0.8899999856948853,0.8999999761581421,5488,0.0,0.0
2023-11-17 14:30:00-05:00,0.8930000066757202,0.9100000262260437,0.8824999928474426,0.8999999761581421,4857,0.0,0.0
2023-11-17 15:30:00-05:00,0.8802000284194946,0.8802000284194946,0.8799999952316284,0.8799999952316284,1114,0.0,0.0
2023-11-20 09:30:00-05:00,0.8600000143051147,0.9397500157356262,0.8600000143051147,0.9397500157356262,0,0.0,0.0
2023-11-20 10:30:00-05:00,0.9004999995231628,0.9397500157356262,0.8610000014305115,0.9397500157356262,2304,0.0,0.0
2023-11-20 11:30:00-05:00,0.8619999885559082,0.8999999761581421,0.8610000014305115,0.8999999761581421,2600,0.0,0.0
2023-11-20 12:30:00-05:00,0.8999999761581421,0.9300000071525574,0.8500000238418579,0.8999999761581421,22408,0.0,0.0
2023-11-20 13:30:00-05:00,0.8610000014305115,0.8610000014305115,0.8510000109672546,0.8510000109672546,1320,0.0,0.0
2023-11-20 14:30:00-05:00,0.8999999761581421,0.8999999761581421,0.8999000191688538,0.8999000191688538,203,0.0,0.0
2023-11-20 15:30:00-05:00,0.8600000143051147,0.9100000262260437,0.8600000143051147,0.8604999780654907,0,0.0,0.0
2023-11-21 09:30:00-05:00,0.9200000166893005,0.9200000166893005,0.7980999946594238,0.8500000238418579,48873,0.0,0.0
2023-11-21 10:30:00-05:00,0.8500000238418579,0.8500000238418579,0.8299999833106995,0.8500000238418579,5589,0.0,0.0
2023-11-21 11:30:00-05:00,0.8500000238418579,0.8999999761581421,0.8500000238418579,0.8999999761581421,19273,0.0,0.0
2023-11-21 12:30:00-05:00,0.8999999761581421,0.8999999761581421,0.8899999856948853,0.8999999761581421,11498,0.0,0.0
2023-11-21 13:30:00-05:00,0.8999999761581421,0.9100000262260437,0.8999999761581421,0.8999999761581421,15411,0.0,0.0
2023-11-21 14:30:00-05:00,0.9002000093460083,0.9200000166893005,0.9002000093460083,0.9200000166893005,784,0.0,0.0
2023-11-21 15:30:00-05:00,0.9000999927520752,0.9749000072479248,0.9000999927520752,0.9399999976158142,0,0.0,0.0
2023-11-22 09:30:00-05:00,0.9150000214576721,0.9700000286102295,0.8999999761581421,0.9700000286102295,1136,0.0,0.0
2023-11-22 10:30:00-05:00,0.8899999856948853,0.8899999856948853,0.8899999856948853,0.8899999856948853,458,0.0,0.0
2023-11-22 11:30:00-05:00,0.9049990177154541,0.9049990177154541,0.8899999856948853,0.8899999856948853,2136,0.0,0.0
2023-11-22 13:30:00-05:00,0.9200000166893005,0.9200000166893005,0.9200000166893005,0.9200000166893005,106,0.0,0.0
2023-11-22 14:30:00-05:00,0.8999999761581421,0.9200000166893005,0.8999999761581421,0.9200000166893005,534,0.0,0.0
2023-11-22 15:30:00-05:00,0.9200000166893005,0.9200000166893005,0.9200000166893005,0.9200000166893005,4005,0.0,0.0
2023-11-24 09:30:00-05:00,0.906000018119812,0.9100000262260437,0.8700000047683716,0.8700000047683716,0,0.0,0.0
2023-11-27 09:30:00-05:00,0.9120000004768372,0.949999988079071,0.9100000262260437,0.925000011920929,243152,0.0,0.0
2023-11-27 10:30:00-05:00,0.9300000071525574,0.9490000009536743,0.9200999736785889,0.9200999736785889,1214,0.0,0.0
2023-11-27 11:30:00-05:00,0.947700023651123,0.947700023651123,0.9200000166893005,0.9200000166893005,7602,0.0,0.0
2023-11-27 12:30:00-05:00,0.8799999952316284,0.8799999952316284,0.8799999952316284,0.8799999952316284,513,0.0,0.0
2023-11-27 13:30:00-05:00,0.9397500157356262,0.9397500157356262,0.8799999952316284,0.8799999952316284,1151,0.0,0.0
2023-11-27 14:30:00-05:00,0.9240000247955322,0.9297500252723694,0.9240000247955322,0.9297500252723694,217,0.0,0.0
2023-11-28 09:30:00-05:00,0.8700000047683716,0.8700000047683716,0.8700000047683716,0.8700000047683716,1107,0.0,0.0
2023-11-28 10:30:00-05:00,0.8999999761581421,0.9398990273475647,0.8999999761581421,0.8999999761581421,9576,0.0,0.0
2023-11-28 11:30:00-05:00,0.8999999761581421,0.8999999761581421,0.8999000191688538,0.8999000191688538,543,0.0,0.0
2023-11-28 13:30:00-05:00,0.8999999761581421,0.8999999761581421,0.8999999761581421,0.8999999761581421,0,0.0,0.0
2023-11-29 10:30:00-05:00,0.9049000144004822,0.9049000144004822,0.8529999852180481,0.8529999852180481,35097,0.0,0.0
2023-11-29 11:30:00-05:00,0.9200000166893005,0.9380000233650208,0.8999999761581421,0.8999999761581421,1094,0.0,0.0
2023-11-29 13:30:00-05:00,0.8999999761581421,0.8999999761581421,0.8999999761581421,0.8999999761581421,542,0.0,0.0
2023-11-29 14:30:00-05:00,0.9179999828338623,0.9179999828338623,0.9179999828338623,0.9179999828338623,201,0.0,0.0
2023-11-29 15:30:00-05:00,0.8956999778747559,0.8956999778747559,0.8956999778747559,0.8956999778747559,195,0.0,0.0
2023-11-30 09:30:00-05:00,0.9150000214576721,0.9380000233650208,0.8500000238418579,0.8799999952316284,12573,0.0,0.0
2023-11-30 10:30:00-05:00,0.8999999761581421,0.8999999761581421,0.8999999761581421,0.8999999761581421,1220,0.0,0.0
2023-11-30 12:30:00-05:00,0.8999999761581421,0.9375,0.8999999761581421,0.9375,1347,0.0,0.0
2023-11-30 14:30:00-05:00,0.9300000071525574,0.9300000071525574,0.9300000071525574,0.9300000071525574,136,0.0,0.0
2023-11-30 15:30:00-05:00,0.9100000262260437,0.9375,0.9100000262260437,0.9375,0,0.0,0.0
2023-12-01 09:30:00-05:00,0.8999999761581421,0.8999999761581421,0.8999999761581421,0.8999999761581421,867,0.0,0.0
2023-12-01 10:30:00-05:00,0.8999999761581421,0.9300000071525574,0.8700000047683716,0.9300000071525574,3906,0.0,0.0
2023-12-01 11:30:00-05:00,0.8849999904632568,0.949999988079071,0.8849999904632568,0.9409000277519226,442,0.0,0.0
2023-12-01 12:30:00-05:00,0.9160000085830688,0.9160000085830688,0.8899999856948853,0.8899999856948853,477,0.0,0.0
2023-12-01 13:30:00-05:00,0.9298999905586243,0.9399999976158142,0.8999999761581421,0.8999999761581421,21947,0.0,0.0
2023-12-01 14:30:00-05:00,0.9100000262260437,0.9341999888420105,0.8999999761581421,0.9341999888420105,1904,0.0,0.0
2023-12-04 09:30:00-05:00,0.8844000101089478,0.9143999814987183,0.8504999876022339,0.8600000143051147,1333856,0.0,0.0
2023-12-04 10:30:00-05:00,0.8744999766349792,0.9261000156402588,0.8500000238418579,0.9026489853858948,75703,0.0,0.0
2023-12-04 11:30:00-05:00,0.8999999761581421,0.9700000286102295,0.8801000118255615,0.9154999852180481,25694,0.0,0.0
2023-12-04 12:30:00-05:00,0.9399999976158142,0.9698989987373352,0.9156000018119812,0.9697999954223633,17232,0.0,0.0
2023-12-04 13:30:00-05:00,0.9695410132408142,0.9699000120162964,0.9154999852180481,0.9580000042915344,40857,0.0,0.0
2023-12-04 14:30:00-05:00,0.9580000042915344,0.9800000190734863,0.9333000183105469,0.9799000024795532,29709,0.0,0.0
2023-12-04 15:30:00-05:00,0.9725000262260437,1.0198999643325806,0.9649999737739563,0.9925000071525574,40162,0.0,0.0
2023-12-05 09:30:00-05:00,0.9244999885559082,1.0,0.9100000262260437,0.9700000286102295,59938,0.0,0.0
2023-12-05 10:30:00-05:00,0.9750009775161743,1.0485999584197998,0.9599999785423279,1.0299999713897705,16470,0.0,0.0
2023-12-05 11:30:00-05:00,1.0399999618530273,1.2400000095367432,0.9950000047683716,1.059999942779541,278109,0.0,0.0
2023-12-05 12:30:00-05:00,1.0799000263214111,1.0799000263214111,1.0199999809265137,1.045199990272522,11109,0.0,0.0
2023-12-05 13:30:00-05:00,1.0299999713897705,1.0546000003814697,1.0003000497817993,1.0399999618530273,22562,0.0,0.0
2023-12-05 14:30:00-05:00,1.0300999879837036,1.0499999523162842,1.024999976158142,1.0299999713897705,18481,0.0,0.0
2023-12-05 15:30:00-05:00,1.0499999523162842,1.0700000524520874,1.034999966621399,1.034999966621399,0,0.0,0.0
2023-12-06 09:30:00-05:00,1.100000023841858,1.100000023841858,1.0299999713897705,1.0499999523162842,15910,0.0,0.0
2023-12-06 10:30:00-05:00,1.0499999523162842,1.100000023841858,1.0399999618530273,1.0456000566482544,14640,0.0,0.0
2023-12-06 11:30:00-05:00,1.0700000524520874,1.100000023841858,1.0600999593734741,1.0931999683380127,6182,0.0,0.0
2023-12-06 12:30:00-05:00,1.0700000524520874,1.100000023841858,1.059999942779541,1.0800000429153442,5974,0.0,0.0
2023-12-06 13:30:00-05:00,1.090000033378601,1.2000000476837158,1.090000033378601,1.1799999475479126,58643,0.0,0.0
2023-12-06 14:30:00-05:00,1.184999942779541,1.2400000095367432,1.1699999570846558,1.2000000476837158,40633,0.0,0.0
2023-12-06 15:30:00-05:00,1.2000000476837158,1.2200000286102295,1.160099983215332,1.190000057220459,0,0.0,0.0
2023-12-07 09:30:00-05:00,1.2300000190734863,1.2400000095367432,1.1299999952316284,1.132099986076355,33674,0.0,0.0
2023-12-07 10:30:00-05:00,1.159999966621399,1.2100000381469727,1.1549999713897705,1.2064000368118286,4487,0.0,0.0
2023-12-07 11:30:00-05:00,1.1927000284194946,1.2000000476837158,1.1812000274658203,1.1950000524520874,3123,0.0,0.0
2023-12-07 12:30:00-05:00,1.190000057220459,1.2100000381469727,1.1799999475479126,1.190000057220459,11324,0.0,0.0
2023-12-07 13:30:00-05:00,1.1799999475479126,1.1800999641418457,1.149999976158142,1.149999976158142,5744,0.0,0.0
2023-12-07 14:30:00-05:00,1.159999966621399,1.159999966621399,1.141700029373169,1.149999976158142,3449,0.0,0.0
2023-12-07 15:30:00-05:00,1.159999966621399,1.159999966621399,1.1418999433517456,1.159999966621399,0,0.0,0.0
2023-12-08 09:30:00-05:00,1.2000000476837158,1.2000000476837158,1.149999976158142,1.1754000186920166,13743,0.0,0.0
2023-12-08 10:30:00-05:00,1.1899000406265259,1.2283999919891357,1.1799999475479126,1.219599962234497,11628,0.0,0.0
2023-12-08 11:30:00-05:00,1.2000000476837158,1.2300000190734863,1.184999942779541,1.2100000381469727,19310,0.0,0.0
2023-12-08 12:30:00-05:00,1.2050000429153442,1.2400000095367432,1.2000000476837158,1.2400000095367432,4299,0.0,0.0
2023-12-08 13:30:00-05:00,1.2300000190734863,1.2400000095367432,1.225000023841858,1.2400000095367432,13113,0.0,0.0
2023-12-08 14:30:00-05:00,1.2400000095367432,1.2400000095367432,1.2253999710083008,1.2400000095367432,1281,0.0,0.0
2023-12-08 15:30:00-05:00,1.2400000095367432,1.2400000095367432,1.2100000381469727,1.2400000095367432,8519,0.0,0.0
2023-12-11 09:30:00-05:00,1.2799999713897705,1.4500000476837158,1.2799999713897705,1.399999976158142,68126,0.0,0.0
2023-12-11 10:30:00-05:00,1.3895000219345093,1.3899999856948853,1.309999942779541,1.309999942779541,14090,0.0,0.0
2023-12-11 11:30:00-05:00,1.3000999689102173,1.3000999689102173,1.2700999975204468,1.2851999998092651,11279,0.0,0.0
2023-12-11 12:30:00-05:00,1.2700999975204468,1.2799999713897705,1.25,1.263800024986267,15060,0.0,0.0
2023-12-11 13:30:00-05:00,1.2599999904632568,1.2719000577926636,1.2010999917984009,1.2010999917984009,18103,0.0,0.0
2023-12-11 14:30:00-05:00,1.2200000286102295,1.2489999532699585,1.2002999782562256,1.2299000024795532,15623,0.0,0.0
2023-12-11 15:30:00-05:00,1.2036000490188599,1.2699999809265137,1.2020000219345093,1.2300000190734863,7555,0.0,0.0
2023-12-12 09:30:00-05:00,1.309999942779541,1.309999942779541,1.2000000476837158,1.2599999904632568,17122,0.0,0.0
2023-12-12 10:30:00-05:00,1.25,1.25,1.1800999641418457,1.1800999641418457,9123,0.0,0.0
2023-12-12 11:30:00-05:00,1.2100000381469727,1.2300000190734863,1.2100000381469727,1.2295000553131104,1547,0.0,0.0
2023-12-12 12:30:00-05:00,1.2295000553131104,1.2598999738693237,1.190000057220459,1.190000057220459,6665,0.0,0.0
2023-12-12 13:30:00-05:00,1.2151999473571777,1.2335000038146973,1.1883000135421753,1.2253999710083008,6466,0.0,0.0
2023-12-12 14:30:00-05:00,1.2253999710083008,1.25,1.2253999710083008,1.25,2589,0.0,0.0
2023-12-12 15:30:00-05:00,1.2000000476837158,1.249400019645691,1.2000000476837158,1.2400000095367432,639,0.0,0.0
2023-12-13 09:30:00-05:00,1.309999942779541,1.309999942779541,1.149999976158142,1.149999976158142,23142,0.0,0.0
2023-12-13 10:30:00-05:00,1.1864999532699585,1.2450000047683716,1.1699999570846558,1.1699999570846558,12337,0.0,0.0
2023-12-13 11:30:00-05:00,1.1699999570846558,1.2200000286102295,1.1699999570846558,1.2000000476837158,5885,0.0,0.0
2023-12-13 12:30:00-05:00,1.2000000476837158,1.205299973487854,1.159999966621399,1.205299973487854,2885,0.0,0.0
2023-12-13 13:30:00-05:00,1.1699999570846558,1.2300000190734863,1.1699999570846558,1.2000000476837158,2862,0.0,0.0
2023-12-13 14:30:00-05:00,1.2000000476837158,1.2489999532699585,1.1799999475479126,1.1799999475479126,611,0.0,0.0
2023-12-13 15:30:00-05:00,1.248900055885315,1.2489999532699585,1.2200000286102295,1.2200000286102295,6083,0.0,0.0
2023-12-14 09:30:00-05:00,1.2200000286102295,1.3700000047683716,1.1916999816894531,1.3600000143051147,55135,0.0,0.0
2023-12-14 10:30:00-05:00,1.26010000705719,1.2799999713897705,1.26010000705719,1.2799999713897705,4776,0.0,0.0
2023-12-14 11:30:00-05:00,1.2699999809265137,1.2863999605178833,1.2646000385284424,1.2799999713897705,2953,0.0,0.0
2023-12-14 12:30:00-05:00,1.2799999713897705,1.2799999713897705,1.2599999904632568,1.2610000371932983,9271,0.0,0.0
2023-12-14 13:30:00-05:00,1.2599999904632568,1.2599999904632568,1.2599999904632568,1.2599999904632568,161,0.0,0.0
2023-12-14 14:30:00-05:00,1.2649999856948853,1.2798000574111938,1.2649999856948853,1.2798000574111938,1509,0.0,0.0
2023-12-14 15:30:00-05:00,1.2699999809265137,1.2999999523162842,1.2699999809265137,1.2999999523162842,3284,0.0,0.0
2023-12-15 09:30:00-05:00,1.350000023841858,1.3600000143051147,1.309999942779541,1.340000033378601,11494,0.0,0.0
2023-12-15 10:30:00-05:00,1.340000033378601,1.340000033378601,1.2699999809265137,1.2937999963760376,694,0.0,0.0
2023-12-15 11:30:00-05:00,1.2799999713897705,1.2999999523162842,1.2000000476837158,1.2999999523162842,36053,0.0,0.0
2023-12-15 12:30:00-05:00,1.2899999618530273,1.2899999618530273,1.190000057220459,1.2502000331878662,7396,0.0,0.0
2023-12-15 13:30:00-05:00,1.225000023841858,1.2400000095367432,1.1699999570846558,1.2300000190734863,4411,0.0,0.0
2023-12-15 14:30:00-05:00,1.2699999809265137,1.2899999618530273,1.2301000356674194,1.2799999713897705,11666,0.0,0.0
2023-12-15 15:30:00-05:00,1.2799999713897705,1.2799999713897705,1.2300000190734863,1.2300000190734863,7213,0.0,0.0
2023-12-18 09:30:00-05:00,1.25,1.319000005722046,1.25,1.319000005722046,4644,0.0,0.0
2023-12-18 10:30:00-05:00,1.2700999975204468,1.2700999975204468,1.2700999975204468,1.2700999975204468,5132,0.0,0.0
2023-12-18 11:30:00-05:00,1.2999999523162842,1.350000023841858,1.2999999523162842,1.3300000429153442,31981,0.0,0.0
2023-12-18 12:30:00-05:00,1.3300000429153442,1.3300000429153442,1.309999942779541,1.3200000524520874,6992,0.0,0.0
2023-12-18 13:30:00-05:00,1.2999999523162842,1.3140000104904175,1.2999999523162842,1.2999999523162842,5671,0.0,0.0
2023-12-18 14:30:00-05:00,1.3250000476837158,1.340000033378601,1.3250000476837158,1.340000033378601,571,0.0,0.0
2023-12-18 15:30:00-05:00,1.3494999408721924,1.3700000047683716,1.3288999795913696,1.3700000047683716,8334,0.0,0.0
2023-12-19 09:30:00-05:00,1.4199999570846558,1.4299999475479126,1.3535000085830688,1.3535000085830688,22867,0.0,0.0
2023-12-19 10:30:00-05:00,1.350000023841858,1.3600000143051147,1.2999999523162842,1.3000999689102173,10095,0.0,0.0
2023-12-19 11:30:00-05:00,1.340000033378601,1.3681000471115112,1.340000033378601,1.3450000286102295,5082,0.0,0.0
2023-12-19 12:30:00-05:00,1.3450000286102295,1.3700000047683716,1.3443000316619873,1.350000023841858,11927,0.0,0.0
2023-12-19 13:30:00-05:00,1.3700000047683716,1.3700000047683716,1.3100999593734741,1.3100999593734741,3514,0.0,0.0
2023-12-19 14:30:00-05:00,1.3411999940872192,1.3700000047683716,1.309999942779541,1.309999942779541,4023,0.0,0.0
2023-12-19 15:30:00-05:00,1.340000033378601,1.3799999952316284,1.340000033378601,1.350000023841858,7720,0.0,0.0
2023-12-20 09:30:00-05:00,1.3899999856948853,1.3899999856948853,1.309999942779541,1.3300000429153442,7595,0.0,0.0
2023-12-20 10:30:00-05:00,1.320099949836731,1.350000023841858,1.320099949836731,1.332900047302246,21062,0.0,0.0
2023-12-20 11:30:00-05:00,1.3100999593734741,1.340000033378601,1.2999999523162842,1.3200000524520874,29875,0.0,0.0
2023-12-20 12:30:00-05:00,1.2799999713897705,1.2899999618530273,1.2599999904632568,1.2599999904632568,1502,0.0,0.0
2023-12-20 13:30:00-05:00,1.2611000537872314,1.2899999618530273,1.2611000537872314,1.2899999618530273,4816,0.0,0.0
2023-12-20 14:30:00-05:00,1.2899999618530273,1.3098000288009644,1.2599999904632568,1.2599999904632568,19549,0.0,0.0
2023-12-20 15:30:00-05:00,1.274999976158142,1.2898999452590942,1.2200000286102295,1.2545000314712524,21006,0.0,0.0
2023-12-21 09:30:00-05:00,1.2799999713897705,1.299299955368042,1.2799999713897705,1.2899999618530273,3294,0.0,0.0
2023-12-21 10:30:00-05:00,1.2898999452590942,1.2999999523162842,1.2898999452590942,1.2999999523162842,1123,0.0,0.0
2023-12-21 11:30:00-05:00,1.2799999713897705,1.2799999713897705,1.2799999713897705,1.2799999713897705,856,0.0,0.0
2023-12-21 12:30:00-05:00,1.2699999809265137,1.2699999809265137,1.2100000381469727,1.2105000019073486,16813,0.0,0.0
2023-12-21 13:30:00-05:00,1.25,1.2599999904632568,1.25,1.2599999904632568,428,0.0,0.0
2023-12-21 14:30:00-05:00,1.2645000219345093,1.2645000219345093,1.2645000219345093,1.2645000219345093,835,0.0,0.0
2023-12-21 15:30:00-05:00,1.2695000171661377,1.2695000171661377,1.25,1.2599999904632568,0,0.0,0.0
2023-12-22 09:30:00-05:00,1.2999999523162842,1.2999999523162842,1.208299994468689,1.208299994468689,7276,0.0,0.0
2023-12-22 10:30:00-05:00,1.2100000381469727,1.350000023841858,1.2100000381469727,1.350000023841858,37992,0.0,0.0
2023-12-22 11:30:00-05:00,1.3102999925613403,1.350000023841858,1.309999942779541,1.3300000429153442,3413,0.0,0.0
2023-12-22 12:30:00-05:00,1.3350000381469727,1.340000033378601,1.3300000429153442,1.3300000429153442,850,0.0,0.0
2023-12-22 14:30:00-05:00,1.309999942779541,1.3700000047683716,1.309999942779541,1.3700000047683716,26339,0.0,0.0
2023-12-22 15:30:00-05:00,1.350000023841858,1.350000023841858,1.320099949836731,1.320099949836731,4587,0.0,0.0
2023-12-26 09:30:00-05:00,1.25,1.3600000143051147,1.25,1.2799999713897705,13851,0.0,0.0
2023-12-26 10:30:00-05:00,1.2799999713897705,1.2799999713897705,1.2350000143051147,1.246899962425232,18166,0.0,0.0
2023-12-26 11:30:00-05:00,1.247499942779541,1.3099000453948975,1.2450000047683716,1.2949999570846558,6998,0.0,0.0
2023-12-26 12:30:00-05:00,1.2799999713897705,1.2799999713897705,1.2000000476837158,1.2100000381469727,6646,0.0,0.0
2023-12-26 13:30:00-05:00,1.2139999866485596,1.2299000024795532,1.2000000476837158,1.210800051689148,9307,0.0,0.0
2023-12-26 14:30:00-05:00,1.215000033378601,1.2400000095367432,1.215000033378601,1.2302000522613525,15908,0.0,0.0
2023-12-26 15:30:00-05:00,1.2300000190734863,1.2400000095367432,1.2300000190734863,1.2400000095367432,2306,0.0,0.0
2023-12-27 09:30:00-05:00,1.190000057220459,1.2264000177383423,1.1399999856948853,1.1955000162124634,20401,0.0,0.0
2023-12-27 10:30:00-05:00,1.159999966621399,1.1994999647140503,1.1549999713897705,1.1601999998092651,8487,0.0,0.0
2023-12-27 11:30:00-05:00,1.184999942779541,1.190000057220459,1.1549999713897705,1.186400055885315,8077,0.0,0.0
2023-12-27 12:30:00-05:00,1.190000057220459,1.2000000476837158,1.1699999570846558,1.1699999570846558,1519,0.0,0.0
2023-12-27 13:30:00-05:00,1.1799999475479126,1.2000000476837158,1.159999966621399,1.1699999570846558,4683,0.0,0.0
2023-12-27 14:30:00-05:00,1.1699999570846558,1.184999942779541,1.1699999570846558,1.1699999570846558,2183,0.0,0.0
2023-12-27 15:30:00-05:00,1.1749999523162842,1.1799999475479126,1.1749999523162842,1.1799999475479126,648,0.0,0.0
2023-12-28 09:30:00-05:00,1.2000000476837158,1.2000000476837158,1.160599946975708,1.190000057220459,5116,0.0,0.0
2023-12-28 10:30:00-05:00,1.2000000476837158,1.2100000381469727,1.1999000310897827,1.2000000476837158,5954,0.0,0.0
2023-12-28 11:30:00-05:00,1.2200000286102295,1.2549999952316284,1.1794999837875366,1.190000057220459,16134,0.0,0.0
2023-12-28 12:30:00-05:00,1.2300000190734863,1.2599999904632568,1.2200000286102295,1.2200000286102295,4088,0.0,0.0
2023-12-28 13:30:00-05:00,1.250100016593933,1.2796000242233276,1.2400000095367432,1.2400000095367432,1752,0.0,0.0
2023-12-28 14:30:00-05:00,1.25,1.2640000581741333,1.2400000095367432,1.2400000095367432,2037,0.0,0.0
2023-12-28 15:30:00-05:00,1.2400000095367432,1.249899983406067,1.2200000286102295,1.2200000286102295,0,0.0,0.0
2023-12-29 09:30:00-05:00,1.2200000286102295,1.2669999599456787,1.2200000286102295,1.2200000286102295,283725,0.0,0.0
2023-12-29 10:30:00-05:00,1.2450000047683716,1.2699999809265137,1.2450000047683716,1.25,4050,0.0,0.0
2023-12-29 11:30:00-05:00,1.2699999809265137,1.2699999809265137,1.25,1.2553000450134277,4862,0.0,0.0
2023-12-29 12:30:00-05:00,1.25,1.25,1.2217999696731567,1.2217999696731567,1050,0.0,0.0
2023-12-29 13:30:00-05:00,1.2400000095367432,1.2699999809265137,1.2400000095367432,1.2699999809265137,5822,0.0,0.0
2023-12-29 14:30:00-05:00,1.2599999904632568,1.2599999904632568,1.25,1.25,713,0.0,0.0
2023-12-29 15:30:00-05:00,1.2599999904632568,1.2699999809265137,1.2511999607086182,1.2699999809265137,9394,0.0,0.0
2024-01-02 09:30:00-05:00,1.3300000429153442,1.3300000429153442,1.2979999780654907,1.2999999523162842,4481,0.0,0.0
2024-01-02 10:30:00-05:00,1.3200000524520874,1.3200000524520874,1.309999942779541,1.3200000524520874,12009,0.0,0.0
2024-01-02 11:30:00-05:00,1.3395999670028687,1.4500000476837158,1.3395999670028687,1.409999966621399,76529,0.0,0.0
2024-01-02 12:30:00-05:00,1.399999976158142,1.4199999570846558,1.3600000143051147,1.3600000143051147,14880,0.0,0.0
2024-01-02 13:30:00-05:00,1.3255000114440918,1.3799999952316284,1.2999999523162842,1.3502000570297241,29654,0.0,0.0
2024-01-02 14:30:00-05:00,1.3600000143051147,1.3899999856948853,1.309999942779541,1.3200000524520874,18186,0.0,0.0
2024-01-02 15:30:00-05:00,1.3200000524520874,1.3317999839782715,1.3200000524520874,1.3317999839782715,0,0.0,0.0
2024-01-03 09:30:00-05:00,1.3799999952316284,1.4035999774932861,1.3193000555038452,1.3700000047683716,3589,0.0,0.0
2024-01-03 10:30:00-05:00,1.3799999952316284,1.3898999691009521,1.3624999523162842,1.3624999523162842,2331,0.0,0.0
2024-01-03 11:30:00-05:00,1.375,1.3898999691009521,1.375,1.389799952507019,3658,0.0,0.0
2024-01-03 12:30:00-05:00,1.3741999864578247,1.399999976158142,1.3600000143051147,1.3600000143051147,20347,0.0,0.0
2024-01-03 13:30:00-05:00,1.368499994277954,1.368499994277954,1.3348000049591064,1.3348000049591064,1707,0.0,0.0
2024-01-03 14:30:00-05:00,1.3300000429153442,1.3300000429153442,1.26010000705719,1.2899999618530273,17469,0.0,0.0
2024-01-03 15:30:00-05:00,1.2700999975204468,1.2904000282287598,1.2700999975204468,1.2899999618530273,1805,0.0,0.0
2024-01-04 09:30:00-05:00,1.3700000047683716,1.3700000047683716,1.3250000476837158,1.3344999551773071,2889,0.0,0.0
2024-01-04 10:30:00-05:00,1.340000033378601,1.350000023841858,1.3300000429153442,1.3300000429153442,3862,0.0,0.0
2024-01-04 11:30:00-05:00,1.350000023841858,1.3600000143051147,1.340000033378601,1.340000033378601,2938,0.0,0.0
2024-01-04 12:30:00-05:00,1.350000023841858,1.350000023841858,1.340000033378601,1.340000033378601,1604,0.0,0.0
2024-01-04 13:30:00-05:00,1.340000033378601,1.340000033378601,1.340000033378601,1.340000033378601,168,0.0,0.0
2024-01-04 14:30:00-05:00,1.3384000062942505,1.3384000062942505,1.3384000062942505,1.3384000062942505,546,0.0,0.0
2024-01-04 15:30:00-05:00,1.3377000093460083,1.3377000093460083,1.3200000524520874,1.3300000429153442,4104,0.0,0.0
2024-01-05 09:30:00-05:00,1.350000023841858,1.350000023841858,1.3300000429153442,1.350000023841858,2995,0.0,0.0
2024-01-05 10:30:00-05:00,1.3600000143051147,1.3600000143051147,1.3600000143051147,1.3600000143051147,461,0.0,0.0
2024-01-05 11:30:00-05:00,1.3598999977111816,1.3598999977111816,1.340000033378601,1.340000033378601,3097,0.0,0.0
2024-01-05 12:30:00-05:00,1.350000023841858,1.357699990272522,1.3401000499725342,1.3401000499725342,3669,0.0,0.0
2024-01-05 14:30:00-05:00,1.350000023841858,1.350000023841858,1.340000033378601,1.350000023841858,1526,0.0,0.0
2024-01-05 15:30:00-05:00,1.350000023841858,1.3600000143051147,1.340000033378601,1.340000033378601,3636,0.0,0.0
2024-01-08 09:30:00-05:00,1.3600000143051147,1.4199999570846558,1.350000023841858,1.3934999704360962,9259,0.0,0.0
2024-01-08 10:30:00-05:00,1.350000023841858,1.350000023841858,1.340000033378601,1.340000033378601,425,0.0,0.0
2024-01-08 11:30:00-05:00,1.3703999519348145,1.3703999519348145,1.3703999519348145,1.3703999519348145,108,0.0,0.0
2024-01-08 12:30:00-05:00,1.3971999883651733,1.3971999883651733,1.3971999883651733,1.3971999883651733,391,0.0,0.0
2024-01-08 13:30:00-05:00,1.3700000047683716,1.3799999952316284,1.3700000047683716,1.3799999952316284,2657,0.0,0.0
2024-01-08 14:30:00-05:00,1.3799999952316284,1.3899999856948853,1.3799999952316284,1.3899999856948853,2130,0.0,0.0
2024-01-08 15:30:00-05:00,1.3899999856948853,1.3996000289916992,1.3899999856948853,1.3996000289916992,785,0.0,0.0
2024-01-09 09:30:00-05:00,1.3899999856948853,1.3899999856948853,1.3200000524520874,1.3200000524520874,17431,0.0,0.0
2024-01-09 10:30:00-05:00,1.3600000143051147,1.3899999856948853,1.3300000429153442,1.350100040435791,4950,0.0,0.0
2024-01-09 12:30:00-05:00,1.3799999952316284,1.3799999952316284,1.3799999952316284,1.3799999952316284,276,0.0,0.0
2024-01-09 14:30:00-05:00,1.3799999952316284,1.3799999952316284,1.3799999952316284,1.3799999952316284,173,0.0,0.0
2024-01-09 15:30:00-05:00,1.3898999691009521,1.3899999856948853,1.3799999952316284,1.3899999856948853,0,0.0,0.0
2024-01-10 09:30:00-05:00,1.3300000429153442,1.440000057220459,1.3300000429153442,1.4299999475479126,20071,0.0,0.0
2024-01-10 10:30:00-05:00,1.409999966621399,1.4378999471664429,1.399999976158142,1.399999976158142,10414,0.0,0.0
2024-01-10 11:30:00-05:00,1.399999976158142,1.4199999570846558,1.399999976158142,1.4198999404907227,4515,0.0,0.0
2024-01-10 12:30:00-05:00,1.399999976158142,1.4179999828338623,1.399999976158142,1.4179999828338623,2246,0.0,0.0
2024-01-10 13:30:00-05:00,1.409999966621399,1.4199999570846558,1.399999976158142,1.4198999404907227,4245,0.0,0.0
2024-01-10 14:30:00-05:00,1.399999976158142,1.4194999933242798,1.3799999952316284,1.3799999952316284,6790,0.0,0.0
2024-01-10 15:30:00-05:00,1.3899999856948853,1.4118000268936157,1.3799999952316284,1.399999976158142,0,0.0,0.0
2024-01-11 09:30:00-05:00,1.399999976158142,1.48989999294281,1.399999976158142,1.4700000286102295,18731,0.0,0.0
2024-01-11 10:30:00-05:00,1.4500999450683594,1.4500999450683594,1.309999942779541,1.350000023841858,29193,0.0,0.0
2024-01-11 11:30:00-05:00,1.3100999593734741,1.3600000143051147,1.3100999593734741,1.3600000143051147,7764,0.0,0.0
2024-01-11 12:30:00-05:00,1.3600000143051147,1.3600000143051147,1.350000023841858,1.350000023841858,1269,0.0,0.0
2024-01-11 13:30:00-05:00,1.378600001335144,1.378600001335144,1.378600001335144,1.378600001335144,146,0.0,0.0
2024-01-11 14:30:00-05:00,1.3799999952316284,1.3899999856948853,1.3700000047683716,1.3899999856948853,1302,0.0,0.0
2024-01-11 15:30:00-05:00,1.399999976158142,1.4199999570846558,1.3799999952316284,1.3799999952316284,0,0.0,0.0
2024-01-12 09:30:00-05:00,1.399999976158142,1.4399000406265259,1.3832999467849731,1.3832999467849731,7785,0.0,0.0
2024-01-12 10:30:00-05:00,1.4500000476837158,1.4730000495910645,1.399999976158142,1.4730000495910645,3453,0.0,0.0
2024-01-12 11:30:00-05:00,1.4106999635696411,1.4500000476837158,1.4106999635696411,1.4500000476837158,4231,0.0,0.0
2024-01-12 12:30:00-05:00,1.4500000476837158,1.4500000476837158,1.4478000402450562,1.4500000476837158,5234,0.0,0.0
2024-01-12 13:30:00-05:00,1.4499000310897827,1.4962999820709229,1.434999942779541,1.4800000190734863,37643,0.0,0.0
2024-01-12 14:30:00-05:00,1.4900000095367432,1.5499999523162842,1.4801000356674194,1.5,33218,0.0,0.0
2024-01-12 15:30:00-05:00,1.4900000095367432,1.6299999952316284,1.4900000095367432,1.6092000007629395,34041,0.0,0.0
2024-01-16 09:30:00-05:00,1.6200000047683716,1.7099000215530396,1.5814000368118286,1.6200000047683716,48911,0.0,0.0
2024-01-16 10:30:00-05:00,1.6390000581741333,1.6993999481201172,1.6049000024795532,1.6399999856948853,29671,0.0,0.0
2024-01-16 11:30:00-05:00,1.659999966621399,1.75,1.659999966621399,1.7300000190734863,45841,0.0,0.0
2024-01-16 12:30:00-05:00,1.7199000120162964,1.7450000047683716,1.690000057220459,1.7100000381469727,7828,0.0,0.0
2024-01-16 13:30:00-05:00,1.7359999418258667,1.7699999809265137,1.7000000476837158,1.7395000457763672,5100,0.0,0.0
2024-01-16 14:30:00-05:00,1.725000023841858,1.742900013923645,1.7200000286102295,1.7200000286102295,2475,0.0,0.0
2024-01-16 15:30:00-05:00,1.7359999418258667,1.7599999904632568,1.7200000286102295,1.7599999904632568,0,0.0,0.0
2024-01-17 09:30:00-05:00,1.690000057220459,1.690000057220459,1.600000023841858,1.6019999980926514,26411,0.0,0.0
2024-01-17 10:30:00-05:00,1.6180000305175781,1.649999976158142,1.600000023841858,1.600000023841858,15517,0.0,0.0
2024-01-17 11:30:00-05:00,1.624500036239624,1.624500036239624,1.6109999418258667,1.6200000047683716,3158,0.0,0.0
2024-01-17 12:30:00-05:00,1.6200000047683716,1.6449999809265137,1.6100000143051147,1.6449999809265137,10357,0.0,0.0
2024-01-17 13:30:00-05:00,1.6101000308990479,1.6101000308990479,1.6101000308990479,1.6101000308990479,294,0.0,0.0
2024-01-17 14:30:00-05:00,1.6649999618530273,1.6799999475479126,1.6649999618530273,1.6656999588012695,2626,0.0,0.0
2024-01-17 15:30:00-05:00,1.690000057220459,1.690000057220459,1.654099941253662,1.690000057220459,4682,0.0,0.0
2024-01-18 09:30:00-05:00,1.6299999952316284,1.649999976158142,1.6115000247955322,1.649899959564209,7321,0.0,0.0
2024-01-18 10:30:00-05:00,1.6399999856948853,1.7100000381469727,1.6399999856948853,1.7099000215530396,7875,0.0,0.0
2024-01-18 11:30:00-05:00,1.7378000020980835,1.7599999904632568,1.6799999475479126,1.7000000476837158,14641,0.0,0.0
2024-01-18 12:30:00-05:00,1.7100000381469727,1.7599999904632568,1.6799999475479126,1.7597999572753906,23491,0.0,0.0
2024-01-18 13:30:00-05:00,1.7400000095367432,1.7400000095367432,1.7100000381469727,1.7100000381469727,15951,0.0,0.0
2024-01-18 14:30:00-05:00,1.7253999710083008,1.7300000190734863,1.7000000476837158,1.7000000476837158,3843,0.0,0.0
2024-01-18 15:30:00-05:00,1.7000000476837158,1.7400000095367432,1.7000000476837158,1.7400000095367432,0,0.0,0.0
2024-01-19 09:30:00-05:00,1.725000023841858,1.7285000085830688,1.649999976158142,1.659999966621399,36402,0.0,0.0
2024-01-19 10:30:00-05:00,1.649999976158142,1.6531000137329102,1.6200000047683716,1.6200000047683716,6426,0.0,0.0
2024-01-19 11:30:00-05:00,1.6299999952316284,1.6399999856948853,1.624500036239624,1.6306999921798706,3274,0.0,0.0
2024-01-19 12:30:00-05:00,1.6334999799728394,1.6670000553131104,1.6334999799728394,1.6670000553131104,4002,0.0,0.0
2024-01-19 13:30:00-05:00,1.6699999570846558,1.690000057220459,1.6699999570846558,1.690000057220459,2055,0.0,0.0
2024-01-19 14:30:00-05:00,1.6649999618530273,1.7000000476837158,1.6649999618530273,1.7000000476837158,4506,0.0,0.0
2024-01-19 15:30:00-05:00,1.7000000476837158,1.719499945640564,1.7000000476837158,1.719499945640564,3691,0.0,0.0
2024-01-22 09:30:00-05:00,1.7200000286102295,1.7400000095367432,1.649999976158142,1.7100000381469727,21733,0.0,0.0
2024-01-22 10:30:00-05:00,1.7300000190734863,1.7482999563217163,1.6799999475479126,1.6799999475479126,11950,0.0,0.0
2024-01-22 11:30:00-05:00,1.6800999641418457,1.7177000045776367,1.659999966621399,1.659999966621399,2368,0.0,0.0
2024-01-22 12:30:00-05:00,1.6816999912261963,1.7100000381469727,1.6598999500274658,1.6598999500274658,8232,0.0,0.0
2024-01-22 13:30:00-05:00,1.659999966621399,1.659999966621399,1.656599998474121,1.656599998474121,6694,0.0,0.0
2024-01-22 14:30:00-05:00,1.6899000406265259,1.7599999904632568,1.659999966621399,1.7211999893188477,9188,0.0,0.0
2024-01-22 15:30:00-05:00,1.7395000457763672,1.7699999809265137,1.7100000381469727,1.7698999643325806,19040,0.0,0.0
2024-01-23 09:30:00-05:00,1.7799999713897705,1.8299000263214111,1.7200000286102295,1.7999999523162842,16497,0.0,0.0
2024-01-23 10:30:00-05:00,1.7799999713897705,1.8200000524520874,1.75,1.7620999813079834,10744,0.0,0.0
2024-01-23 11:30:00-05:00,1.774999976158142,1.8680000305175781,1.7620999813079834,1.8680000305175781,24775,0.0,0.0
2024-01-23 12:30:00-05:00,1.8616000413894653,1.9499000310897827,1.8348000049591064,1.909999966621399,46396,0.0,0.0
2024-01-23 13:30:00-05:00,1.8799999952316284,2.0399999618530273,1.8799999952316284,2.0399999618530273,60214,0.0,0.0
2024-01-23 14:30:00-05:00,2.0399999618530273,2.089900016784668,2.0,2.0420000553131104,39181,0.0,0.0
2024-01-23 15:30:00-05:00,2.049999952316284,2.1826999187469482,2.049999952316284,2.1826999187469482,33544,0.0,0.0
2024-01-24 09:30:00-05:00,2.259999990463257,2.4700000286102295,2.2402000427246094,2.369999885559082,132591,0.0,0.0
2024-01-24 10:30:00-05:00,2.380000114440918,2.8889999389648438,2.3499999046325684,2.805000066757202,148299,0.0,0.0
2024-01-24 11:30:00-05:00,2.809999942779541,2.809999942779541,2.5999999046325684,2.619999885559082,53529,0.0,0.0
2024-01-24 12:30:00-05:00,2.6019999980926514,2.7300000190734863,2.5999999046325684,2.640000104904175,34151,0.0,0.0
2024-01-24 13:30:00-05:00,2.6500000953674316,2.799999952316284,2.619999885559082,2.700000047683716,46314,0.0,0.0
2024-01-24 14:30:00-05:00,2.700000047683716,2.9398999214172363,2.686500072479248,2.934000015258789,57153,0.0,0.0
2024-01-24 15:30:00-05:00,2.9200000762939453,3.059999942779541,2.8499999046325684,2.9749999046325684,84380,0.0,0.0
2024-01-25 09:30:00-05:00,3.309999942779541,3.75,3.2100000381469727,3.5989999771118164,270569,0.0,0.0
2024-01-25 10:30:00-05:00,3.5834999084472656,3.700000047683716,3.509999990463257,3.672499895095825,104847,0.0,0.0
2024-01-25 11:30:00-05:00,3.6686999797821045,3.819999933242798,3.5220000743865967,3.6517999172210693,98883,0.0,0.0
2024-01-25 12:30:00-05:00,3.694999933242798,3.75,3.2100000381469727,3.255000114440918,146619,0.0,0.0
2024-01-25 13:30:00-05:00,3.2100000381469727,3.299999952316284,2.2651000022888184,2.680000066757202,337908,0.0,0.0
2024-01-25 14:30:00-05:00,2.630000114440918,2.690000057220459,2.4100000858306885,2.5899999141693115,50833,0.0,0.0
2024-01-25 15:30:00-05:00,2.549999952316284,2.6740000247955322,2.406100034713745,2.4200000762939453,49218,0.0,0.0
2024-01-26 09:30:00-05:00,2.75,3.099900007247925,2.6700000762939453,3.099900007247925,123593,0.0,0.0
2024-01-26 10:30:00-05:00,3.0899999141693115,3.4800000190734863,2.9886999130249023,3.259999990463257,354277,0.0,0.0
2024-01-26 11:30:00-05:00,3.2100000381469727,3.2699999809265137,2.9600000381469727,3.099900007247925,110475,0.0,0.0
2024-01-26 12:30:00-05:00,3.0947000980377197,3.1549999713897705,3.0,3.0399999618530273,28454,0.0,0.0
2024-01-26 13:30:00-05:00,3.0399999618530273,3.1898999214172363,3.0199999809265137,3.109999895095825,43372,0.0,0.0
2024-01-26 14:30:00-05:00,3.1187000274658203,3.190000057220459,3.059999942779541,3.130000114440918,38982,0.0,0.0
2024-01-26 15:30:00-05:00,3.125200033187866,3.130000114440918,2.9500999450683594,2.9697999954223633,47985,0.0,0.0
2024-01-29 09:30:00-05:00,2.990000009536743,3.299999952316284,2.990000009536743,3.134999990463257,124395,0.0,0.0
2024-01-29 10:30:00-05:00,3.1700000762939453,3.319999933242798,3.1700000762939453,3.2465999126434326,67771,0.0,0.0
2024-01-29 11:30:00-05:00,3.190000057220459,3.299999952316284,3.190000057220459,3.299999952316284,20445,0.0,0.0
2024-01-29 12:30:00-05:00,3.2583999633789062,3.2999000549316406,3.220599889755249,3.259999990463257,14601,0.0,0.0
2024-01-29 13:30:00-05:00,3.259999990463257,3.2799999713897705,3.2200000286102295,3.2799999713897705,7859,0.0,0.0
2024-01-29 14:30:00-05:00,3.2699999809265137,3.3199000358581543,3.2100000381469727,3.240000009536743,32867,0.0,0.0
2024-01-29 15:30:00-05:00,3.25,3.25,3.190000057220459,3.200000047683716,16300,0.0,0.0
2024-01-30 09:30:00-05:00,3.059999942779541,3.2390999794006348,2.9100000858306885,3.1549999713897705,104350,0.0,0.0
2024-01-30 10:30:00-05:00,3.0999999046325684,3.1649999618530273,2.9700000286102295,3.134999990463257,25628,0.0,0.0
2024-01-30 11:30:00-05:00,3.1041998863220215,3.130000114440918,3.0104000568389893,3.075000047683716,23202,0.0,0.0
2024-01-30 12:30:00-05:00,3.0999999046325684,3.125,3.059999942779541,3.059999942779541,2617,0.0,0.0
2024-01-30 13:30:00-05:00,3.0799999237060547,3.140000104904175,3.0799999237060547,3.140000104904175,10017,0.0,0.0
2024-01-30 14:30:00-05:00,3.1649999618530273,3.200000047683716,3.100100040435791,3.1714999675750732,7669,0.0,0.0
2024-01-30 15:30:00-05:00,3.1600000858306885,3.184999942779541,3.119999885559082,3.1500000953674316,8894,0.0,0.0
2024-01-31 09:30:00-05:00,3.1600000858306885,3.2873001098632812,3.0899999141693115,3.140000104904175,32850,0.0,0.0
2024-01-31 10:30:00-05:00,3.140000104904175,3.1577000617980957,3.0201001167297363,3.136199951171875,10800,0.0,0.0
2024-01-31 11:30:00-05:00,3.069999933242798,3.149399995803833,3.049999952316284,3.1050000190734863,3925,0.0,0.0
2024-01-31 12:30:00-05:00,3.059999942779541,3.200000047683716,3.059999942779541,3.109999895095825,20629,0.0,0.0
2024-01-31 13:30:00-05:00,3.1068999767303467,3.125,3.0850000381469727,3.0899999141693115,7985,0.0,0.0
2024-01-31 14:30:00-05:00,3.119999885559082,3.119999885559082,2.950000047683716,3.0589001178741455,48512,0.0,0.0
2024-01-31 15:30:00-05:00,3.0250000953674316,3.059999942779541,2.990000009536743,3.015500068664551,0,0.0,0.0
2024-02-01 09:30:00-05:00,3.0399999618530273,3.069999933242798,2.7899999618530273,2.79010009765625,39891,0.0,0.0
2024-02-01 10:30:00-05:00,2.869999885559082,2.9212000370025635,2.5999999046325684,2.6503000259399414,30997,0.0,0.0
2024-02-01 11:30:00-05:00,2.655100107192993,2.799999952316284,2.609999895095825,2.759999990463257,19728,0.0,0.0
2024-02-01 12:30:00-05:00,2.75,2.7999000549316406,2.609999895095825,2.609999895095825,15594,0.0,0.0
2024-02-01 13:30:00-05:00,2.700000047683716,2.7699999809265137,2.6215999126434326,2.759999990463257,8745,0.0,0.0
2024-02-01 14:30:00-05:00,2.7004001140594482,2.7699999809265137,2.7004001140594482,2.70989990234375,3946,0.0,0.0
2024-02-01 15:30:00-05:00,2.700000047683716,2.710099935531616,2.6700000762939453,2.700000047683716,8433,0.0,0.0
2024-02-02 09:30:00-05:00,2.609999895095825,2.700000047683716,2.2699999809265137,2.5999999046325684,117021,0.0,0.0
2024-02-02 10:30:00-05:00,2.619999885559082,2.634500026702881,2.4349000453948975,2.559999942779541,23396,0.0,0.0
2024-02-02 11:30:00-05:00,2.5299999713897705,2.550100088119507,2.4800000190734863,2.4800000190734863,4787,0.0,0.0
2024-02-02 12:30:00-05:00,2.490000009536743,2.5,2.367300033569336,2.4198999404907227,20146,0.0,0.0
2024-02-02 13:30:00-05:00,2.4200000762939453,2.4700000286102295,2.357100009918213,2.4700000286102295,8568,0.0,0.0
2024-02-02 14:30:00-05:00,2.5450000762939453,2.569999933242798,2.4600000381469727,2.4600000381469727,6521,0.0,0.0
2024-02-02 15:30:00-05:00,2.4700000286102295,2.5999999046325684,2.450000047683716,2.559999942779541,8084,0.0,0.0
2024-02-05 09:30:00-05:00,2.5199999809265137,2.6198999881744385,2.4600000381469727,2.4820001125335693,7520,0.0,0.0
2024-02-05 10:30:00-05:00,2.4600000381469727,2.5,2.440000057220459,2.4600000381469727,7055,0.0,0.0
2024-02-05 11:30:00-05:00,2.4300999641418457,2.5,2.4300999641418457,2.4974000453948975,3401,0.0,0.0
2024-02-05 12:30:00-05:00,2.4600000381469727,2.47379994392395,2.4600000381469727,2.47379994392395,4661,0.0,0.0
2024-02-05 13:30:00-05:00,2.484999895095825,2.569999933242798,2.4800000190734863,2.5450000762939453,6017,0.0,0.0
2024-02-05 14:30:00-05:00,2.490000009536743,2.579900026321411,2.490000009536743,2.5350000858306885,8107,0.0,0.0
2024-02-05 15:30:00-05:00,2.509999990463257,2.569999933242798,2.509999990463257,2.5399999618530273,1912,0.0,0.0
2024-02-06 09:30:00-05:00,2.700000047683716,3.0399999618530273,2.700000047683716,2.9923999309539795,59570,0.0,0.0
2024-02-06 10:30:00-05:00,2.994999885559082,3.3499999046325684,2.930000066757202,3.1617000102996826,79140,0.0,0.0
2024-02-06 11:30:00-05:00,3.2200000286102295,3.25,3.059999942779541,3.1489999294281006,61705,0.0,0.0
2024-02-06 12:30:00-05:00,3.140000104904175,3.190000057220459,2.9402999877929688,2.9700000286102295,125950,0.0,0.0
2024-02-06 13:30:00-05:00,2.9600000381469727,3.0299999713897705,2.799999952316284,2.9100000858306885,37968,0.0,0.0
2024-02-06 14:30:00-05:00,3.0055999755859375,3.0055999755859375,2.7699999809265137,2.7699999809265137,28630,0.0,0.0
2024-02-06 15:30:00-05:00,2.7899999618530273,2.9800000190734863,2.7899999618530273,2.9800000190734863,16092,0.0,0.0
2024-02-07 09:30:00-05:00,2.7100000381469727,2.8550000190734863,2.549999952316284,2.7699999809265137,789502,0.0,0.0
2024-02-07 10:30:00-05:00,2.7699999809265137,2.849900007247925,2.7100000381469727,2.734999895095825,51064,0.0,0.0
2024-02-07 11:30:00-05:00,2.734999895095825,2.734999895095825,2.5999999046325684,2.700000047683716,31489,0.0,0.0
2024-02-07 12:30:00-05:00,2.743499994277954,2.743499994277954,2.5999999046325684,2.7300000190734863,113568,0.0,0.0
2024-02-07 13:30:00-05:00,2.700000047683716,2.819999933242798,2.690000057220459,2.819999933242798,31969,0.0,0.0
2024-02-07 14:30:00-05:00,2.809999942779541,2.819999933242798,2.7799999713897705,2.7920000553131104,20596,0.0,0.0
2024-02-07 15:30:00-05:00,2.780100107192993,2.7899999618530273,2.7200000286102295,2.7249999046325684,34345,0.0,0.0
2024-02-08 09:30:00-05:00,2.7899999618530273,2.809999942779541,2.75,2.799999952316284,180415,0.0,0.0
2024-02-08 10:30:00-05:00,2.793600082397461,2.9798998832702637,2.7899999618530273,2.8420000076293945,95647,0.0,0.0
2024-02-08 11:30:00-05:00,2.840100049972534,2.8598999977111816,2.75,2.75,39458,0.0,0.0
2024-02-08 12:30:00-05:00,2.805799961090088,2.809999942779541,2.75,2.7999000549316406,14396,0.0,0.0
2024-02-08 13:30:00-05:00,2.7760000228881836,2.799999952316284,2.7760000228881836,2.7899999618530273,26608,0.0,0.0
2024-02-08 14:30:00-05:00,2.795099973678589,2.799999952316284,2.7799999713897705,2.7799999713897705,8402,0.0,0.0
2024-02-08 15:30:00-05:00,2.7799999713897705,2.7999000549316406,2.75,2.75,26069,0.0,0.0
2024-02-09 09:30:00-05:00,2.7899999618530273,2.809999942779541,2.684499979019165,2.7084999084472656,88018,0.0,0.0
2024-02-09 10:30:00-05:00,2.680000066757202,2.75,2.5999999046325684,2.720400094985962,35325,0.0,0.0
2024-02-09 11:30:00-05:00,2.734999895095825,2.76990008354187,2.720099925994873,2.753999948501587,6469,0.0,0.0
2024-02-09 12:30:00-05:00,2.7699999809265137,2.7699999809265137,2.6902999877929688,2.740000009536743,15078,0.0,0.0
2024-02-09 13:30:00-05:00,2.7606000900268555,2.7606000900268555,2.7304999828338623,2.742500066757202,1915,0.0,0.0
2024-02-09 14:30:00-05:00,2.75,2.75,2.690000057220459,2.6900999546051025,11867,0.0,0.0
2024-02-09 15:30:00-05:00,2.690000057220459,2.7200000286102295,2.680000066757202,2.7200000286102295,14048,0.0,0.0
2024-02-12 09:30:00-05:00,2.690000057220459,2.757999897003174,2.6721999645233154,2.743499994277954,12988,0.0,0.0
2024-02-12 10:30:00-05:00,2.7100000381469727,2.7300000190734863,2.535799980163574,2.554500102996826,43136,0.0,0.0
2024-02-12 11:30:00-05:00,2.605299949645996,2.680000066757202,2.5399999618530273,2.680000066757202,19421,0.0,0.0
2024-02-12 12:30:00-05:00,2.680000066757202,2.690000057220459,2.5999999046325684,2.5999999046325684,7148,0.0,0.0
2024-02-12 13:30:00-05:00,2.630000114440918,2.6500000953674316,2.5701000690460205,2.590100049972534,12702,0.0,0.0
2024-02-12 14:30:00-05:00,2.6500000953674316,2.6500000953674316,2.5899999141693115,2.619999885559082,2822,0.0,0.0
2024-02-12 15:30:00-05:00,2.5999999046325684,2.609999895095825,2.549999952316284,2.5606000423431396,7054,0.0,0.0
2024-02-13 09:30:00-05:00,2.549999952316284,2.5999999046325684,2.5199999809265137,2.5934998989105225,22690,0.0,0.0
2024-02-13 10:30:00-05:00,2.575000047683716,2.5999999046325684,2.5199999809265137,2.5399999618530273,79568,0.0,0.0
2024-02-13 11:30:00-05:00,2.5199999809265137,2.5469000339508057,2.5,2.5,18845,0.0,0.0
2024-02-13 12:30:00-05:00,2.5,2.5204999446868896,2.4339001178741455,2.478300094604492,19823,0.0,0.0
2024-02-13 13:30:00-05:00,2.4600000381469727,2.4700000286102295,2.4200000762939453,2.4600000381469727,12087,0.0,0.0
2024-02-13 14:30:00-05:00,2.4274001121520996,2.4700000286102295,2.4200000762939453,2.466599941253662,11433,0.0,0.0
2024-02-13 15:30:00-05:00,2.4655001163482666,2.4700000286102295,2.430000066757202,2.4700000286102295,10037,0.0,0.0
2024-02-14 09:30:00-05:00,2.5799999237060547,2.5799999237060547,2.4100000858306885,2.463399887084961,45105,0.0,0.0
2024-02-14 10:30:00-05:00,2.430000066757202,2.5999999046325684,2.4000000953674316,2.509999990463257,71840,0.0,0.0
2024-02-14 11:30:00-05:00,2.555000066757202,2.5899999141693115,2.5199999809265137,2.5899999141693115,3136,0.0,0.0
2024-02-14 12:30:00-05:00,2.5299999713897705,2.599900007247925,2.4686999320983887,2.549999952316284,2439,0.0,0.0
2024-02-14 13:30:00-05:00,2.549999952316284,2.5799999237060547,2.5299999713897705,2.5299999713897705,13636,0.0,0.0
2024-02-14 14:30:00-05:00,2.549999952316284,2.559999942779541,2.5299999713897705,2.5450000762939453,4613,0.0,0.0
2024-02-14 15:30:00-05:00,2.5299999713897705,2.5450000762939453,2.509999990463257,2.509999990463257,19329,0.0,0.0
2024-02-15 09:30:00-05:00,2.450000047683716,2.5999999046325684,2.450000047683716,2.5799999237060547,28283,0.0,0.0
2024-02-15 10:30:00-05:00,2.559999942779541,2.5799999237060547,2.4848999977111816,2.549999952316284,15839,0.0,0.0
2024-02-15 11:30:00-05:00,2.4869000911712646,2.5188000202178955,2.4000000953674316,2.5,69315,0.0,0.0
2024-02-15 12:30:00-05:00,2.4649999141693115,2.4999001026153564,2.420099973678589,2.4700000286102295,5238,0.0,0.0
2024-02-15 13:30:00-05:00,2.450000047683716,2.4869000911712646,2.4000000953674316,2.4158999919891357,9951,0.0,0.0
2024-02-15 14:30:00-05:00,2.424999952316284,2.430000066757202,2.380000114440918,2.4000000953674316,10569,0.0,0.0
2024-02-15 15:30:00-05:00,2.4200000762939453,2.4439001083374023,2.380000114440918,2.390000104904175,15868,0.0,0.0
2024-02-16 09:30:00-05:00,2.450000047683716,2.450000047683716,2.119999885559082,2.2100000381469727,67004,0.0,0.0
2024-02-16 10:30:00-05:00,2.209199905395508,2.2200000286102295,2.1500000953674316,2.190000057220459,12454,0.0,0.0
2024-02-16 11:30:00-05:00,2.190000057220459,2.2200000286102295,2.190000057220459,2.2049999237060547,21770,0.0,0.0
2024-02-16 12:30:00-05:00,2.2049999237060547,2.3299999237060547,2.190000057220459,2.2400999069213867,10335,0.0,0.0
2024-02-16 13:30:00-05:00,2.265000104904175,2.309999942779541,2.26200008392334,2.2980000972747803,6028,0.0,0.0
2024-02-16 14:30:00-05:00,2.2953999042510986,2.309999942779541,2.280100107192993,2.2950000762939453,7362,0.0,0.0
2024-02-16 15:30:00-05:00,2.280100107192993,2.369999885559082,2.280100107192993,2.3299999237060547,9786,0.0,0.0
2024-02-20 09:30:00-05:00,2.359999895095825,2.4100000858306885,2.3499999046325684,2.389899969100952,13270,0.0,0.0
2024-02-20 10:30:00-05:00,2.369999885559082,2.380000114440918,2.319999933242798,2.319999933242798,7902,0.0,0.0
2024-02-20 11:30:00-05:00,2.311500072479248,2.311500072479248,2.200000047683716,2.2399001121520996,10030,0.0,0.0
2024-02-20 12:30:00-05:00,2.2699999809265137,2.2699999809265137,2.194700002670288,2.194700002670288,8011,0.0,0.0
2024-02-20 13:30:00-05:00,2.2200000286102295,2.225399971008301,2.180000066757202,2.225399971008301,9490,0.0,0.0
2024-02-20 14:30:00-05:00,2.2300000190734863,2.319999933242798,2.2300000190734863,2.319999933242798,1495,0.0,0.0
2024-02-20 15:30:00-05:00,2.2750000953674316,2.309999942779541,2.2750000953674316,2.2799999713897705,0,0.0,0.0
2024-02-21 09:30:00-05:00,2.2200000286102295,2.375,2.2200000286102295,2.293600082397461,5005,0.0,0.0
2024-02-21 10:30:00-05:00,2.299999952316284,2.299999952316284,2.119999885559082,2.170099973678589,30309,0.0,0.0
2024-02-21 11:30:00-05:00,2.1500000953674316,2.200000047683716,2.1500000953674316,2.200000047683716,10020,0.0,0.0
2024-02-21 12:30:00-05:00,2.200000047683716,2.2300000190734863,2.200000047683716,2.2300000190734863,779,0.0,0.0
2024-02-21 13:30:00-05:00,2.2149999141693115,2.299999952316284,2.200000047683716,2.2300000190734863,2417,0.0,0.0
2024-02-21 14:30:00-05:00,2.200000047683716,2.2200000286102295,2.200000047683716,2.2200000286102295,2296,0.0,0.0
2024-02-21 15:30:00-05:00,2.200000047683716,2.259999990463257,2.200000047683716,2.2499001026153564,1138,0.0,0.0
2024-02-22 09:30:00-05:00,2.4000000953674316,2.4000000953674316,2.140000104904175,2.140000104904175,77096,0.0,0.0
2024-02-22 10:30:00-05:00,2.140000104904175,2.1549999713897705,2.0701000690460205,2.1500000953674316,25238,0.0,0.0
2024-02-22 11:30:00-05:00,2.1500000953674316,2.1500000953674316,2.0999999046325684,2.130000114440918,2631,0.0,0.0
2024-02-22 12:30:00-05:00,2.145400047302246,2.145400047302246,2.0880000591278076,2.0999999046325684,7856,0.0,0.0
2024-02-22 13:30:00-05:00,2.0899999141693115,2.1480000019073486,2.0199999809265137,2.069999933242798,18320,0.0,0.0
2024-02-22 14:30:00-05:00,2.069999933242798,2.115999937057495,2.069999933242798,2.114500045776367,3458,0.0,0.0
2024-02-22 15:30:00-05:00,2.124000072479248,2.1700000762939453,2.109999895095825,2.1700000762939453,3238,0.0,0.0
2024-02-23 09:30:00-05:00,2.180000066757202,2.2300000190734863,2.0999999046325684,2.0999999046325684,9461,0.0,0.0
2024-02-23 10:30:00-05:00,2.0894999504089355,2.125,2.065000057220459,2.125,7391,0.0,0.0
2024-02-23 11:30:00-05:00,2.110100030899048,2.119999885559082,2.0350000858306885,2.049999952316284,6295,0.0,0.0
2024-02-23 12:30:00-05:00,2.0399999618530273,2.0999999046325684,2.0350000858306885,2.0799999237060547,10257,0.0,0.0
2024-02-23 13:30:00-05:00,2.0999999046325684,2.119999885559082,2.0999999046325684,2.119999885559082,6920,0.0,0.0
2024-02-23 14:30:00-05:00,2.1050000190734863,2.130000114440918,2.059999942779541,2.0999999046325684,10936,0.0,0.0
2024-02-23 15:30:00-05:00,2.1108999252319336,2.1500000953674316,2.081199884414673,2.140000104904175,5338,0.0,0.0
2024-02-26 09:30:00-05:00,2.1600000858306885,2.1600000858306885,2.0302999019622803,2.0799999237060547,19322,0.0,0.0
2024-02-26 10:30:00-05:00,2.0861001014709473,2.119800090789795,2.069999933242798,2.119800090789795,4571,0.0,0.0
2024-02-26 11:30:00-05:00,2.109999895095825,2.2200000286102295,2.109999895095825,2.184999942779541,22039,0.0,0.0
2024-02-26 12:30:00-05:00,2.200000047683716,2.200000047683716,2.084399938583374,2.1898999214172363,5662,0.0,0.0
2024-02-26 13:30:00-05:00,2.1700000762939453,2.180000066757202,2.1600000858306885,2.180000066757202,1925,0.0,0.0
2024-02-26 14:30:00-05:00,2.1700000762939453,2.184000015258789,2.1600000858306885,2.184000015258789,9044,0.0,0.0
2024-02-26 15:30:00-05:00,2.190000057220459,2.2200000286102295,2.1700000762939453,2.1700000762939453,9753,0.0,0.0
2024-02-27 09:30:00-05:00,2.180000066757202,2.3499999046325684,2.1410000324249268,2.259999990463257,35495,0.0,0.0
2024-02-27 10:30:00-05:00,2.25,2.26990008354187,2.2300000190734863,2.26990008354187,3874,0.0,0.0
2024-02-27 11:30:00-05:00,2.2200000286102295,2.25,2.180000066757202,2.240000009536743,5133,0.0,0.0
2024-02-27 12:30:00-05:00,2.2437000274658203,2.26990008354187,2.2100000381469727,2.26990008354187,2710,0.0,0.0
2024-02-27 13:30:00-05:00,2.2300000190734863,2.2300000190734863,2.2300000190734863,2.2300000190734863,148,0.0,0.0
2024-02-27 14:30:00-05:00,2.2300000190734863,2.2300000190734863,2.2300000190734863,2.2300000190734863,591,0.0,0.0
2024-02-27 15:30:00-05:00,2.226099967956543,2.2699999809265137,2.190000057220459,2.25,3530,0.0,0.0
2024-02-28 09:30:00-05:00,2.2899999618530273,2.3062000274658203,2.1500000953674316,2.3062000274658203,15257,0.0,0.0
2024-02-28 10:30:00-05:00,2.2699999809265137,2.299999952316284,2.259999990463257,2.261699914932251,1875,0.0,0.0
2024-02-28 11:30:00-05:00,2.259999990463257,2.259999990463257,2.200000047683716,2.25,7434,0.0,0.0
2024-02-28 12:30:00-05:00,2.2100000381469727,2.2100000381469727,2.109999895095825,2.110100030899048,15442,0.0,0.0
2024-02-28 13:30:00-05:00,2.1401000022888184,2.2421000003814697,2.1401000022888184,2.2421000003814697,5681,0.0,0.0
2024-02-28 14:30:00-05:00,2.1600000858306885,2.1600000858306885,2.1600000858306885,2.1600000858306885,290,0.0,0.0
2024-02-28 15:30:00-05:00,2.190000057220459,2.2100000381469727,2.1700000762939453,2.180000066757202,3727,0.0,0.0
2024-02-29 09:30:00-05:00,2.319999933242798,2.349900007247925,2.1700000762939453,2.1700000762939453,21341,0.0,0.0
2024-02-29 10:30:00-05:00,2.2699999809265137,2.3099000453948975,2.171999931335449,2.200000047683716,7971,0.0,0.0
2024-02-29 11:30:00-05:00,2.1600000858306885,2.2100000381469727,2.1600000858306885,2.2100000381469727,4340,0.0,0.0
2024-02-29 12:30:00-05:00,2.190000057220459,2.2100000381469727,2.1700000762939453,2.1800999641418457,4119,0.0,0.0
2024-02-29 13:30:00-05:00,2.2300000190734863,2.240000009536743,2.180000066757202,2.240000009536743,1273,0.0,0.0
2024-02-29 14:30:00-05:00,2.2076001167297363,2.2076001167297363,2.200000047683716,2.200000047683716,683,0.0,0.0
2024-02-29 15:30:00-05:00,2.2200000286102295,2.2200000286102295,2.140000104904175,2.140000104904175,22371,0.0,0.0
2024-03-01 09:30:00-05:00,2.194999933242798,2.219899892807007,2.1884000301361084,2.219899892807007,6333,0.0,0.0
2024-03-01 10:30:00-05:00,2.1700000762939453,2.20989990234375,2.140000104904175,2.174999952316284,10063,0.0,0.0
2024-03-01 11:30:00-05:00,2.141900062561035,2.183799982070923,2.069999933242798,2.069999933242798,15739,0.0,0.0
2024-03-01 12:30:00-05:00,2.139699935913086,2.178999900817871,2.069999933242798,2.099900007247925,9555,0.0,0.0
2024-03-01 13:30:00-05:00,2.099900007247925,2.1500000953674316,2.099900007247925,2.1401000022888184,11828,0.0,0.0
2024-03-01 14:30:00-05:00,2.1401000022888184,2.1401000022888184,2.140000104904175,2.140000104904175,2034,0.0,0.0
2024-03-01 15:30:00-05:00,2.1389999389648438,2.184999942779541,2.119999885559082,2.1500000953674316,20633,0.0,0.0
2024-03-04 09:30:00-05:00,2.1751999855041504,2.199899911880493,2.0999999046325684,2.119999885559082,7367,0.0,0.0
2024-03-04 10:30:00-05:00,2.119999885559082,2.180000066757202,2.0899999141693115,2.180000066757202,13174,0.0,0.0
2024-03-04 11:30:00-05:00,2.0999999046325684,2.1700000762939453,2.0999999046325684,2.1700000762939453,941,0.0,0.0
2024-03-04 12:30:00-05:00,2.174999952316284,2.1791999340057373,2.1500000953674316,2.1500000953674316,8267,0.0,0.0
2024-03-04 13:30:00-05:00,2.130000114440918,2.180000066757202,2.130000114440918,2.180000066757202,202,0.0,0.0
2024-03-04 14:30:00-05:00,2.140000104904175,2.2100000381469727,2.140000104904175,2.2100000381469727,4060,0.0,0.0
2024-03-04 15:30:00-05:00,2.2100000381469727,2.25,2.200000047683716,2.25,15819,0.0,0.0
2024-03-05 09:30:00-05:00,2.2599000930786133,2.2599000930786133,2.190000057220459,2.2100000381469727,5036,0.0,0.0
2024-03-05 10:30:00-05:00,2.2200000286102295,2.3480000495910645,2.2200000286102295,2.3480000495910645,8235,0.0,0.0
2024-03-05 11:30:00-05:00,2.4079999923706055,2.440000057220459,2.3499999046325684,2.359999895095825,9197,0.0,0.0
2024-03-05 12:30:00-05:00,2.4000000953674316,2.4000000953674316,2.3749001026153564,2.3749001026153564,876,0.0,0.0
2024-03-05 13:30:00-05:00,2.365000009536743,2.365000009536743,2.2750000953674316,2.2799999713897705,14719,0.0,0.0
2024-03-05 14:30:00-05:00,2.259999990463257,2.3768999576568604,2.259999990463257,2.3768999576568604,5756,0.0,0.0
2024-03-05 15:30:00-05:00,2.359999895095825,2.4000000953674316,2.319999933242798,2.319999933242798,29704,0.0,0.0
2024-03-06 09:30:00-05:00,2.390000104904175,2.4000000953674316,2.299999952316284,2.299999952316284,9895,0.0,0.0
2024-03-06 10:30:00-05:00,2.308500051498413,2.3499999046325684,2.2300000190734863,2.272599935531616,10076,0.0,0.0
2024-03-06 11:30:00-05:00,2.270900011062622,2.380000114440918,2.270900011062622,2.299999952316284,4682,0.0,0.0
2024-03-06 12:30:00-05:00,2.300100088119507,2.4000000953674316,2.300100088119507,2.3499999046325684,5541,0.0,0.0
2024-03-06 13:30:00-05:00,2.3499999046325684,2.390000104904175,2.319999933242798,2.369999885559082,2062,0.0,0.0
2024-03-06 14:30:00-05:00,2.309999942779541,2.3282999992370605,2.309999942779541,2.3282999992370605,623,0.0,0.0
2024-03-06 15:30:00-05:00,2.3501999378204346,2.4100000858306885,2.3501999378204346,2.4100000858306885,21712,0.0,0.0
2024-03-07 09:30:00-05:00,2.4200000762939453,2.490000009536743,2.2899999618530273,2.399899959564209,15229,0.0,0.0
2024-03-07 10:30:00-05:00,2.390000104904175,2.4047000408172607,2.359999895095825,2.3701999187469482,4964,0.0,0.0
2024-03-07 11:30:00-05:00,2.390000104904175,2.390000104904175,2.3299999237060547,2.3745999336242676,2745,0.0,0.0
2024-03-07 12:30:00-05:00,2.3499999046325684,2.380000114440918,2.3499999046325684,2.355299949645996,13866,0.0,0.0
2024-03-07 13:30:00-05:00,2.390000104904175,2.4100000858306885,2.38100004196167,2.38100004196167,1110,0.0,0.0
2024-03-07 14:30:00-05:00,2.4000000953674316,2.4100000858306885,2.390000104904175,2.390000104904175,4224,0.0,0.0
2024-03-07 15:30:00-05:00,2.390000104904175,2.450000047683716,2.390000104904175,2.4200000762939453,0,0.0,0.0
2024-03-08 09:30:00-05:00,2.490000009536743,2.490000009536743,2.398699998855591,2.398699998855591,6518,0.0,0.0
2024-03-08 10:30:00-05:00,2.3994998931884766,2.4414000511169434,2.3994998931884766,2.4414000511169434,4675,0.0,0.0
2024-03-08 11:30:00-05:00,2.4200000762939453,2.4363999366760254,2.391200065612793,2.4363999366760254,6787,0.0,0.0
2024-03-08 12:30:00-05:00,2.4149999618530273,2.450000047683716,2.390000104904175,2.4149999618530273,8898,0.0,0.0
2024-03-08 14:30:00-05:00,2.3801000118255615,2.3801000118255615,2.3801000118255615,2.3801000118255615,3233,0.0,0.0
2024-03-08 15:30:00-05:00,2.424999952316284,2.450000047683716,2.424999952316284,2.450000047683716,950,0.0,0.0
2024-03-11 09:30:00-04:00,2.4600000381469727,2.4600000381469727,2.3299999237060547,2.380000114440918,6300,0.0,0.0
2024-03-11 10:30:00-04:00,2.4000000953674316,2.4000000953674316,2.2899999618530273,2.369999885559082,5866,0.0,0.0
2024-03-11 11:30:00-04:00,2.35509991645813,2.4314000606536865,2.3299999237060547,2.365000009536743,7839,0.0,0.0
2024-03-11 12:30:00-04:00,2.4240000247955322,2.430000066757202,2.375,2.4298999309539795,2863,0.0,0.0
2024-03-11 13:30:00-04:00,2.430000066757202,2.430000066757202,2.3101000785827637,2.370500087738037,4356,0.0,0.0
2024-03-11 14:30:00-04:00,2.4217000007629395,2.430000066757202,2.3361001014709473,2.3450000286102295,4494,0.0,0.0
2024-03-11 15:30:00-04:00,2.3299999237060547,2.4200000762939453,2.3299999237060547,2.3499999046325684,5300,0.0,0.0
2024-03-12 09:30:00-04:00,2.369999885559082,2.4200000762939453,2.359999895095825,2.390000104904175,2776,0.0,0.0
2024-03-12 10:30:00-04:00,2.350399971008301,2.390000104904175,2.2934000492095947,2.390000104904175,9159,0.0,0.0
2024-03-12 11:30:00-04:00,2.3299999237060547,2.3299999237060547,2.3299999237060547,2.3299999237060547,963,0.0,0.0
2024-03-12 12:30:00-04:00,2.29010009765625,2.3238000869750977,2.265000104904175,2.2757999897003174,5200,0.0,0.0
2024-03-12 13:30:00-04:00,2.262399911880493,2.2699999809265137,2.109999895095825,2.199700117111206,16971,0.0,0.0
2024-03-12 14:30:00-04:00,2.1949000358581543,2.2200000286102295,2.16129994392395,2.16129994392395,8118,0.0,0.0
2024-03-12 15:30:00-04:00,2.2200000286102295,2.2799999713897705,2.200000047683716,2.2799999713897705,4128,0.0,0.0
2024-03-13 09:30:00-04:00,2.2100000381469727,2.3499999046325684,2.2100000381469727,2.3499999046325684,4030,0.0,0.0
2024-03-13 10:30:00-04:00,2.2899999618530273,2.319999933242798,2.2300000190734863,2.2950000762939453,1840,0.0,0.0
2024-03-13 11:30:00-04:00,2.3097000122070312,2.3097000122070312,2.2750000953674316,2.2899999618530273,1214,0.0,0.0
2024-03-13 12:30:00-04:00,2.266400098800659,2.3090999126434326,2.259999990463257,2.3078999519348145,10201,0.0,0.0
2024-03-13 13:30:00-04:00,2.2804999351501465,2.2999000549316406,2.240000009536743,2.240000009536743,7189,0.0,0.0
2024-03-13 14:30:00-04:00,2.2939000129699707,2.2939000129699707,2.25,2.25,1356,0.0,0.0
2024-03-13 15:30:00-04:00,2.2699999809265137,2.2699999809265137,2.2400999069213867,2.2699999809265137,2840,0.0,0.0
2024-03-14 09:30:00-04:00,2.1700000762939453,2.299999952316284,2.151099920272827,2.1737000942230225,2502,0.0,0.0
2024-03-14 10:30:00-04:00,2.194999933242798,2.2100000381469727,2.109999895095825,2.1500000953674316,27486,0.0,0.0
2024-03-14 11:30:00-04:00,2.1600000858306885,2.1700000762939453,2.109999895095825,2.1401000022888184,3741,0.0,0.0
2024-03-14 12:30:00-04:00,2.1500000953674316,2.1500000953674316,2.119999885559082,2.119999885559082,3492,0.0,0.0
2024-03-14 13:30:00-04:00,2.1201000213623047,2.1449999809265137,2.119999885559082,2.134999990463257,6717,0.0,0.0
2024-03-14 14:30:00-04:00,2.130000114440918,2.1398000717163086,2.130000114440918,2.1398000717163086,535,0.0,0.0
2024-03-14 15:30:00-04:00,2.119999885559082,2.130000114440918,2.119999885559082,2.119999885559082,3018,0.0,0.0
2024-03-15 09:30:00-04:00,2.119999885559082,2.2091000080108643,2.109999895095825,2.184999942779541,4140,0.0,0.0
2024-03-15 10:30:00-04:00,2.184799909591675,2.184799909591675,2.1600000858306885,2.1600000858306885,2340,0.0,0.0
2024-03-15 11:30:00-04:00,2.0999999046325684,2.111999988555908,2.0999999046325684,2.111599922180176,4630,0.0,0.0
2024-03-15 12:30:00-04:00,2.052299976348877,2.109999895095825,2.052299976348877,2.109999895095825,2702,0.0,0.0
2024-03-15 13:30:00-04:00,2.119999885559082,2.1500000953674316,2.119999885559082,2.149899959564209,1497,0.0,0.0
2024-03-15 14:30:00-04:00,2.130000114440918,2.1700000762939453,2.130000114440918,2.1700000762939453,1513,0.0,0.0
2024-03-15 15:30:00-04:00,2.1600000858306885,2.1700000762939453,2.119999885559082,2.140000104904175,3129,0.0,0.0
2024-03-18 09:30:00-04:00,2.0799999237060547,2.1698999404907227,2.049999952316284,2.1201000213623047,14420,0.0,0.0
2024-03-18 10:30:00-04:00,2.109999895095825,2.146899938583374,2.0,2.0100998878479004,20143,0.0,0.0
2024-03-18 11:30:00-04:00,2.039900064468384,2.100100040435791,1.9600000381469727,2.0536000728607178,20852,0.0,0.0
2024-03-18 12:30:00-04:00,2.0566000938415527,2.06469988822937,2.0,2.0,7691,0.0,0.0
2024-03-18 13:30:00-04:00,2.0399999618530273,2.069999933242798,2.0250000953674316,2.0601000785827637,8637,0.0,0.0
2024-03-18 14:30:00-04:00,2.0999999046325684,2.0999999046325684,2.030100107192993,2.030100107192993,4949,0.0,0.0
2024-03-18 15:30:00-04:00,2.061500072479248,2.0840001106262207,2.0199999809265137,2.0199999809265137,7476,0.0,0.0
2024-03-19 09:30:00-04:00,1.9900000095367432,1.999899983406067,1.809999942779541,1.9550000429153442,32957,0.0,0.0
2024-03-19 10:30:00-04:00,1.9600000381469727,1.9700000286102295,1.940000057220459,1.9400999546051025,3690,0.0,0.0
2024-03-19 11:30:00-04:00,1.940000057220459,1.9600000381469727,1.9299999475479126,1.9599000215530396,11627,0.0,0.0
2024-03-19 12:30:00-04:00,1.930299997329712,2.0,1.930299997329712,2.0,5656,0.0,0.0
2024-03-19 13:30:00-04:00,2.0199999809265137,2.0199999809265137,1.9700000286102295,1.986799955368042,11057,0.0,0.0
2024-03-19 14:30:00-04:00,2.0,2.0,1.9800000190734863,1.9800000190734863,3077,0.0,0.0
2024-03-19 15:30:00-04:00,1.9800000190734863,1.9900000095367432,1.9500000476837158,1.9500000476837158,6841,0.0,0.0
2024-03-20 09:30:00-04:00,1.9700000286102295,1.9700000286102295,1.9128999710083008,1.9128999710083008,2195,0.0,0.0
2024-03-20 10:30:00-04:00,1.9700000286102295,2.0422000885009766,1.9400999546051025,2.0422000885009766,18802,0.0,0.0
2024-03-20 11:30:00-04:00,2.0473999977111816,2.0473999977111816,1.9700000286102295,2.0250000953674316,18941,0.0,0.0
2024-03-20 12:30:00-04:00,2.019200086593628,2.059999942779541,2.009999990463257,2.0399999618530273,6949,0.0,0.0
2024-03-20 13:30:00-04:00,2.04010009765625,2.0999999046325684,2.04010009765625,2.0999999046325684,16454,0.0,0.0
2024-03-20 15:30:00-04:00,2.0601000785827637,2.0601000785827637,2.049999952316284,2.049999952316284,7888,0.0,0.0
2024-03-21 09:30:00-04:00,2.200000047683716,2.200000047683716,1.9199999570846558,2.0599000453948975,20199,0.0,0.0
2024-03-21 10:30:00-04:00,2.059999942779541,2.299999952316284,2.059999942779541,2.2283999919891357,13786,0.0,0.0
2024-03-21 11:30:00-04:00,2.180000066757202,2.180000066757202,2.1500000953674316,2.1500000953674316,938,0.0,0.0
2024-03-21 12:30:00-04:00,2.174999952316284,2.20989990234375,2.174999952316284,2.2032999992370605,6242,0.0,0.0
2024-03-21 13:30:00-04:00,2.1989998817443848,2.200000047683716,2.1600000858306885,2.1600000858306885,3907,0.0,0.0
2024-03-21 14:30:00-04:00,2.1600000858306885,2.190000057220459,2.140000104904175,2.140000104904175,3491,0.0,0.0
2024-03-21 15:30:00-04:00,2.1500000953674316,2.1700000762939453,2.1500000953674316,2.1700000762939453,2195,0.0,0.0
2024-03-22 09:30:00-04:00,2.200000047683716,2.240799903869629,2.1403000354766846,2.240799903869629,4530,0.0,0.0
2024-03-22 10:30:00-04:00,2.2448999881744385,2.25,2.240000009536743,2.244999885559082,7948,0.0,0.0
2024-03-22 11:30:00-04:00,2.240000009536743,2.240000009536743,2.240000009536743,2.240000009536743,286,0.0,0.0
2024-03-22 12:30:00-04:00,2.240000009536743,2.240000009536743,2.2249999046325684,2.234999895095825,2334,0.0,0.0
2024-03-22 13:30:00-04:00,2.2300000190734863,2.2399001121520996,2.2300000190734863,2.23009991645813,1604,0.0,0.0
2024-03-22 15:30:00-04:00,2.2200000286102295,2.2200000286102295,2.2100000381469727,2.2100000381469727,1862,0.0,0.0
2024-03-25 09:30:00-04:00,2.3299999237060547,2.349900007247925,2.200000047683716,2.299999952316284,23652,0.0,0.0
2024-03-25 12:30:00-04:00,2.238300085067749,2.246500015258789,2.238300085067749,2.246500015258789,1741,0.0,0.0
2024-03-25 14:30:00-04:00,2.2100000381469727,2.2100000381469727,2.2100000381469727,2.2100000381469727,258,0.0,0.0
2024-03-25 15:30:00-04:00,2.2100000381469727,2.210099935531616,2.200000047683716,2.200000047683716,4729,0.0,0.0
2024-03-26 09:30:00-04:00,2.2100000381469727,2.309999942779541,2.2100000381469727,2.309999942779541,15050,0.0,0.0
2024-03-26 10:30:00-04:00,2.2799999713897705,2.2799999713897705,2.2799999713897705,2.2799999713897705,2678,0.0,0.0
2024-03-26 12:30:00-04:00,2.2300000190734863,2.2397000789642334,2.2300000190734863,2.2397000789642334,1013,0.0,0.0
2024-03-26 13:30:00-04:00,2.25,2.369999885559082,2.2200000286102295,2.369999885559082,20237,0.0,0.0
2024-03-26 14:30:00-04:00,2.2200000286102295,2.2657999992370605,2.2200000286102295,2.2657999992370605,679,0.0,0.0
2024-03-26 15:30:00-04:00,2.25,2.25,2.25,2.25,397,0.0,0.0
2024-03-27 09:30:00-04:00,2.259999990463257,2.305000066757202,2.25,2.25,5004,0.0,0.0
2024-03-27 10:30:00-04:00,2.2799999713897705,2.2899999618530273,2.2799999713897705,2.2899999618530273,1503,0.0,0.0
2024-03-27 11:30:00-04:00,2.2500998973846436,2.2899999618530273,2.2500998973846436,2.2899999618530273,1137,0.0,0.0
2024-03-27 13:30:00-04:00,2.2600998878479004,2.2806999683380127,2.259999990463257,2.2806999683380127,3566,0.0,0.0
2024-03-27 14:30:00-04:00,2.309999942779541,2.309999942779541,2.259999990463257,2.2699999809265137,801,0.0,0.0
2024-03-27 15:30:00-04:00,2.31850004196167,2.31850004196167,2.2643001079559326,2.2899999618530273,2425,0.0,0.0
2024-03-28 09:30:00-04:00,2.180000066757202,2.4447999000549316,2.1401000022888184,2.3350000381469727,44677,0.0,0.0
2024-03-28 10:30:00-04:00,2.240000009536743,2.240000009536743,2.240000009536743,2.240000009536743,687,0.0,0.0
2024-03-28 11:30:00-04:00,2.2137999534606934,2.240000009536743,2.0799999237060547,2.240000009536743,27451,0.0,0.0
2024-03-28 12:30:00-04:00,2.2300000190734863,2.2899999618530273,2.190000057220459,2.2899999618530273,17888,0.0,0.0
2024-03-28 13:30:00-04:00,2.2899999618530273,2.2999000549316406,2.2899999618530273,2.2999000549316406,2456,0.0,0.0
2024-03-28 15:30:00-04:00,2.180000066757202,2.184999942779541,2.1500000953674316,2.1600000858306885,4040,0.0,0.0
2024-04-01 09:30:00-04:00,2.200000047683716,2.234999895095825,2.069000005722046,2.0799999237060547,14979,0.0,0.0
2024-04-01 10:30:00-04:00,2.150700092315674,2.150700092315674,2.059999942779541,2.140000104904175,5759,0.0,0.0
2024-04-01 11:30:00-04:00,2.0869998931884766,2.1298999786376953,2.009999990463257,2.059999942779541,19638,0.0,0.0
2024-04-01 12:30:00-04:00,2.077899932861328,2.077899932861328,2.077899932861328,2.077899932861328,551,0.0,0.0
2024-04-01 13:30:00-04:00,2.1152000427246094,2.1152000427246094,2.100100040435791,2.100100040435791,619,0.0,0.0
2024-04-01 14:30:00-04:00,2.0999999046325684,2.2799999713897705,2.0999999046325684,2.2799999713897705,14950,0.0,0.0
2024-04-01 15:30:00-04:00,2.2799999713897705,2.2799999713897705,2.0999999046325684,2.0999999046325684,11035,0.0,0.0
2024-04-02 09:30:00-04:00,2.1500000953674316,2.289900064468384,2.1500000953674316,2.1700000762939453,7196,0.0,0.0
2024-04-02 10:30:00-04:00,2.2019999027252197,2.2019999027252197,2.1315999031066895,2.1315999031066895,1643,0.0,0.0
2024-04-02 12:30:00-04:00,2.1603000164031982,2.190000057220459,2.1602001190185547,2.1700000762939453,9261,0.0,0.0
2024-04-02 13:30:00-04:00,2.1500000953674316,2.1700000762939453,2.130000114440918,2.1649999618530273,7518,0.0,0.0
2024-04-02 14:30:00-04:00,2.1549999713897705,2.1549999713897705,2.130000114440918,2.1301000118255615,19504,0.0,0.0
2024-04-02 15:30:00-04:00,2.119999885559082,2.130000114440918,2.119999885559082,2.130000114440918,793,0.0,0.0
2024-04-03 09:30:00-04:00,2.1600000858306885,2.200000047683716,2.1600000858306885,2.200000047683716,3754,0.0,0.0
2024-04-03 10:30:00-04:00,2.2204999923706055,2.2799999713897705,2.0899999141693115,2.2799999713897705,13787,0.0,0.0
2024-04-03 11:30:00-04:00,2.253999948501587,2.253999948501587,2.1500000953674316,2.1500000953674316,621,0.0,0.0
2024-04-03 12:30:00-04:00,2.2699999809265137,2.2699999809265137,2.2699999809265137,2.2699999809265137,330,0.0,0.0
2024-04-03 13:30:00-04:00,2.1700000762939453,2.1700000762939453,2.1600000858306885,2.1700000762939453,2764,0.0,0.0
2024-04-03 14:30:00-04:00,2.259999990463257,2.259999990463257,2.1700000762939453,2.25,2532,0.0,0.0
2024-04-03 15:30:00-04:00,2.2100000381469727,2.2100000381469727,2.200000047683716,2.200000047683716,1034,0.0,0.0
2024-04-04 09:30:00-04:00,2.200000047683716,2.26990008354187,2.200000047683716,2.25,15321,0.0,0.0
2024-04-04 10:30:00-04:00,2.210200071334839,2.210200071334839,2.2100000381469727,2.2100000381469727,1481,0.0,0.0
2024-04-04 11:30:00-04:00,2.210599899291992,2.2109999656677246,2.210599899291992,2.2109999656677246,281,0.0,0.0
2024-04-04 12:30:00-04:00,2.2298998832702637,2.25,2.2200000286102295,2.247999906539917,4002,0.0,0.0
2024-04-04 14:30:00-04:00,2.240000009536743,2.259999990463257,2.2100000381469727,2.2200000286102295,5747,0.0,0.0
2024-04-04 15:30:00-04:00,2.200000047683716,2.2049999237060547,2.1500000953674316,2.1500000953674316,23592,0.0,0.0
2024-04-05 09:30:00-04:00,2.244999885559082,2.2699999809265137,2.200000047683716,2.234999895095825,16216,0.0,0.0
2024-04-05 10:30:00-04:00,2.174999952316284,2.219899892807007,2.174999952316284,2.21370005607605,4573,0.0,0.0
2024-04-05 11:30:00-04:00,2.180000066757202,2.180000066757202,2.180000066757202,2.180000066757202,413,0.0,0.0
2024-04-05 12:30:00-04:00,2.1886000633239746,2.1886000633239746,2.1886000633239746,2.1886000633239746,96,0.0,0.0
2024-04-05 13:30:00-04:00,2.180000066757202,2.201900005340576,2.1503000259399414,2.201900005340576,6155,0.0,0.0
2024-04-05 14:30:00-04:00,2.190000057220459,2.190000057220459,2.174999952316284,2.180000066757202,12919,0.0,0.0
2024-04-05 15:30:00-04:00,2.1919000148773193,2.2200000286102295,2.1700000762939453,2.1700000762939453,1536,0.0,0.0
2024-04-08 09:30:00-04:00,2.1700000762939453,2.259999990463257,2.1500000953674316,2.1600000858306885,23218,0.0,0.0
2024-04-08 10:30:00-04:00,2.1600000858306885,2.1600000858306885,2.1600000858306885,2.1600000858306885,5393,0.0,0.0
2024-04-08 13:30:00-04:00,2.174999952316284,2.190000057220459,2.174999952316284,2.190000057220459,1272,0.0,0.0
2024-04-08 14:30:00-04:00,2.160099983215332,2.184999942779541,2.160099983215332,2.1672000885009766,2170,0.0,0.0
2024-04-08 15:30:00-04:00,2.2049999237060547,2.2049999237060547,2.1500000953674316,2.1600000858306885,2572,0.0,0.0
2024-04-09 09:30:00-04:00,2.1500000953674316,2.1926000118255615,2.1500000953674316,2.1926000118255615,2123,0.0,0.0
2024-04-09 10:30:00-04:00,2.1700000762939453,2.1933000087738037,2.1700000762939453,2.1933000087738037,1156,0.0,0.0
2024-04-09 11:30:00-04:00,2.200000047683716,2.200000047683716,2.180000066757202,2.180000066757202,2121,0.0,0.0
2024-04-09 12:30:00-04:00,2.180000066757202,2.1928000450134277,2.119999885559082,2.1449999809265137,11875,0.0,0.0
2024-04-09 13:30:00-04:00,2.0799999237060547,2.0799999237060547,2.049999952316284,2.049999952316284,4377,0.0,0.0
2024-04-09 14:30:00-04:00,2.0799999237060547,2.1050000190734863,2.0799999237060547,2.0899999141693115,2121,0.0,0.0
2024-04-10 09:30:00-04:00,2.1700000762939453,2.1700000762939453,2.134999990463257,2.1600000858306885,3101,0.0,0.0
2024-04-10 10:30:00-04:00,2.140000104904175,2.1600000858306885,2.140000104904175,2.140000104904175,1304,0.0,0.0
2024-04-10 11:30:00-04:00,2.1600000858306885,2.1600000858306885,2.1298000812530518,2.134999990463257,1805,0.0,0.0
2024-04-10 12:30:00-04:00,2.134999990463257,2.1600000858306885,2.134999990463257,2.1600000858306885,3573,0.0,0.0
2024-04-10 13:30:00-04:00,2.150099992752075,2.181999921798706,2.150099992752075,2.181999921798706,2150,0.0,0.0
2024-04-10 14:30:00-04:00,2.1500000953674316,2.1700000762939453,2.130000114440918,2.1691999435424805,15433,0.0,0.0
2024-04-10 15:30:00-04:00,2.180000066757202,2.200000047683716,2.1500000953674316,2.1500000953674316,1366,0.0,0.0
2024-04-11 09:30:00-04:00,2.180000066757202,2.180000066757202,2.1500000953674316,2.1500000953674316,2430,0.0,0.0
2024-04-11 10:30:00-04:00,2.1626999378204346,2.1700000762939453,2.1500000953674316,2.1700000762939453,11302,0.0,0.0
2024-04-11 12:30:00-04:00,2.159899950027466,2.180000066757202,2.159899950027466,2.180000066757202,3314,0.0,0.0
2024-04-11 13:30:00-04:00,2.1800999641418457,2.1800999641418457,2.1800999641418457,2.1800999641418457,1111,0.0,0.0
2024-04-11 14:30:00-04:00,2.1800999641418457,2.240000009536743,2.1800999641418457,2.2399001121520996,5312,0.0,0.0
2024-04-11 15:30:00-04:00,2.240000009536743,2.25,2.190000057220459,2.25,1141,0.0,0.0
2024-04-12 09:30:00-04:00,2.180000066757202,2.202199935913086,2.150099992752075,2.1600000858306885,13980,0.0,0.0
2024-04-12 10:30:00-04:00,2.170599937438965,2.170599937438965,2.170599937438965,2.170599937438965,458,0.0,0.0
2024-04-12 11:30:00-04:00,2.180000066757202,2.180000066757202,2.1600000858306885,2.1742000579833984,1730,0.0,0.0
2024-04-12 12:30:00-04:00,2.1649999618530273,2.1649999618530273,2.1649999618530273,2.1649999618530273,410,0.0,0.0
2024-04-12 13:30:00-04:00,2.1500000953674316,2.1600000858306885,2.1500000953674316,2.1600000858306885,1079,0.0,0.0
2024-04-12 14:30:00-04:00,2.1600000858306885,2.2100000381469727,2.1500000953674316,2.1877999305725098,10484,0.0,0.0
2024-04-12 15:30:00-04:00,2.1500000953674316,2.190000057220459,2.1500000953674316,2.190000057220459,3430,0.0,0.0
2024-04-15 09:30:00-04:00,2.190000057220459,2.1916000843048096,2.1596999168395996,2.1596999168395996,2064,0.0,0.0
2024-04-15 10:30:00-04:00,2.180000066757202,2.180000066757202,2.1500000953674316,2.1500000953674316,6991,0.0,0.0
2024-04-15 11:30:00-04:00,2.1600000858306885,2.1600000858306885,2.1447999477386475,2.1447999477386475,0,0.0,0.0
2024-04-15 12:30:00-04:00,2.1500000953674316,2.240000009536743,2.1500000953674316,2.1500000953674316,9628,0.0,0.0
2024-04-15 13:30:00-04:00,2.180000066757202,2.240000009536743,2.180000066757202,2.240000009536743,4379,0.0,0.0
2024-04-15 14:30:00-04:00,2.180000066757202,2.190000057220459,2.1600000858306885,2.180000066757202,4878,0.0,0.0
2024-04-15 15:30:00-04:00,2.190000057220459,2.200000047683716,2.190000057220459,2.194999933242798,1318,0.0,0.0
2024-04-16 09:30:00-04:00,2.2980000972747803,2.299999952316284,2.164900064468384,2.1700000762939453,5195,0.0,0.0
2024-04-16 10:30:00-04:00,2.1700000762939453,2.1700000762939453,2.1700000762939453,2.1700000762939453,1757,0.0,0.0
2024-04-16 13:30:00-04:00,2.190000057220459,2.190000057220459,2.190000057220459,2.190000057220459,948,0.0,0.0
2024-04-16 14:30:00-04:00,2.1610000133514404,2.1610000133514404,2.1500000953674316,2.1500000953674316,4153,0.0,0.0
2024-04-16 15:30:00-04:00,2.130000114440918,2.130000114440918,2.125999927520752,2.125999927520752,1006,0.0,0.0
2024-04-17 09:30:00-04:00,2.200000047683716,2.200000047683716,2.130000114440918,2.180000066757202,10456,0.0,0.0
2024-04-17 10:30:00-04:00,2.1700000762939453,2.1700000762939453,2.109999895095825,2.109999895095825,0,0.0,0.0
2024-04-17 11:30:00-04:00,2.130000114440918,2.180000066757202,2.130000114440918,2.180000066757202,11506,0.0,0.0
2024-04-17 12:30:00-04:00,2.1549999713897705,2.1549999713897705,2.1500000953674316,2.1500000953674316,3942,0.0,0.0
2024-04-17 13:30:00-04:00,2.1449999809265137,2.1449999809265137,2.140000104904175,2.1449999809265137,10470,0.0,0.0
2024-04-17 14:30:00-04:00,2.1301000118255615,2.1449999809265137,2.130000114440918,2.1449999809265137,9974,0.0,0.0
2024-04-17 15:30:00-04:00,2.130000114440918,2.130000114440918,2.130000114440918,2.130000114440918,1010,0.0,0.0
2024-04-18 09:30:00-04:00,2.1019999980926514,2.140000104904175,2.0434999465942383,2.0803000926971436,8732,0.0,0.0
2024-04-18 10:30:00-04:00,2.0899999141693115,2.1361000537872314,2.0899999141693115,2.1361000537872314,4500,0.0,0.0
2024-04-18 11:30:00-04:00,2.119999885559082,2.1500000953674316,2.119999885559082,2.1500000953674316,6045,0.0,0.0
2024-04-18 12:30:00-04:00,2.119999885559082,2.119999885559082,2.119999885559082,2.119999885559082,2650,0.0,0.0
2024-04-18 13:30:00-04:00,2.0901999473571777,2.0901999473571777,2.0799999237060547,2.0799999237060547,5085,0.0,0.0
2024-04-18 14:30:00-04:00,2.0899999141693115,2.0899999141693115,2.0899999141693115,2.0899999141693115,572,0.0,0.0
2024-04-19 09:30:00-04:00,2.0999999046325684,2.1054999828338623,2.0399999618530273,2.1054999828338623,3297,0.0,0.0
2024-04-19 10:30:00-04:00,2.052799940109253,2.0899999141693115,2.049999952316284,2.059999942779541,11080,0.0,0.0
2024-04-19 11:30:00-04:00,2.059999942779541,2.0697999000549316,2.0199999809265137,2.065999984741211,16399,0.0,0.0
2024-04-19 12:30:00-04:00,2.059999942779541,2.0899999141693115,2.0201001167297363,2.069999933242798,6554,0.0,0.0
2024-04-19 13:30:00-04:00,2.0799999237060547,2.0848000049591064,2.0399999618530273,2.0399999618530273,4007,0.0,0.0
2024-04-19 14:30:00-04:00,2.049999952316284,2.0601000785827637,2.0199999809265137,2.0399999618530273,9437,0.0,0.0
2024-04-19 15:30:00-04:00,2.050100088119507,2.0799999237060547,2.050100088119507,2.0759999752044678,1593,0.0,0.0
2024-04-22 09:30:00-04:00,1.9500000476837158,1.9600000381469727,1.5800000429153442,1.6101000308990479,101112,0.0,0.0
2024-04-22 10:30:00-04:00,1.6198999881744385,2.0399999618530273,1.4299999475479126,1.5499999523162842,69345,0.0,0.0
2024-04-22 11:30:00-04:00,1.5499999523162842,1.5729000568389893,1.4900000095367432,1.5399999618530273,22785,0.0,0.0
2024-04-22 12:30:00-04:00,1.4900000095367432,1.6497999429702759,1.4700000286102295,1.5200999975204468,71734,0.0,0.0
2024-04-22 13:30:00-04:00,1.5299999713897705,1.6200000047683716,1.5299999713897705,1.5499999523162842,36208,0.0,0.0
2024-04-22 14:30:00-04:00,1.5499999523162842,1.5499999523162842,1.309999942779541,1.399999976158142,36357,0.0,0.0
2024-04-22 15:30:00-04:00,1.399999976158142,1.4399000406265259,1.3200000524520874,1.3700000047683716,30131,0.0,0.0
2024-04-23 09:30:00-04:00,1.440000057220459,1.5997999906539917,1.440000057220459,1.5700000524520874,35124,0.0,0.0
2024-04-23 10:30:00-04:00,1.5700000524520874,1.600000023841858,1.5399999618530273,1.5399999618530273,15974,0.0,0.0
2024-04-23 11:30:00-04:00,1.5400999784469604,1.5400999784469604,1.5400999784469604,1.5400999784469604,2363,0.0,0.0
2024-04-23 12:30:00-04:00,1.5499000549316406,1.590000033378601,1.5449999570846558,1.5850000381469727,21428,0.0,0.0
2024-04-23 13:30:00-04:00,1.5750000476837158,1.5799000263214111,1.559999942779541,1.5700000524520874,0,0.0,0.0
2024-04-23 14:30:00-04:00,1.5700000524520874,1.600000023841858,1.5700000524520874,1.590000033378601,4186,0.0,0.0
2024-04-23 15:30:00-04:00,1.5800000429153442,1.5800000429153442,1.559999942779541,1.5800000429153442,4382,0.0,0.0
2024-04-24 09:30:00-04:00,1.6299999952316284,1.6399999856948853,1.5432000160217285,1.6399999856948853,9946,0.0,0.0
2024-04-24 10:30:00-04:00,1.600100040435791,1.6649999618530273,1.600100040435791,1.6649999618530273,4736,0.0,0.0
2024-04-24 11:30:00-04:00,1.679900050163269,1.7400000095367432,1.6749999523162842,1.690000057220459,9451,0.0,0.0
2024-04-24 12:30:00-04:00,1.7300000190734863,1.840000033378601,1.7300000190734863,1.840000033378601,3955,0.0,0.0
2024-04-24 13:30:00-04:00,1.809999942779541,1.840000033378601,1.7800999879837036,1.8300000429153442,15388,0.0,0.0
2024-04-24 14:30:00-04:00,1.840000033378601,1.8600000143051147,1.8042999505996704,1.8300000429153442,0,0.0,0.0
2024-04-24 15:30:00-04:00,1.850000023841858,1.850000023841858,1.8200000524520874,1.840000033378601,61976,0.0,0.0
2024-04-25 09:30:00-04:00,1.8200000524520874,1.8200000524520874,1.711899995803833,1.7785999774932861,3685,0.0,0.0
2024-04-25 10:30:00-04:00,1.7699999809265137,1.7861000299453735,1.75,1.7719000577926636,4503,0.0,0.0
2024-04-25 11:30:00-04:00,1.8499000072479248,1.8499000072479248,1.8200000524520874,1.8200000524520874,6504,0.0,0.0
2024-04-25 13:30:00-04:00,1.8200000524520874,1.840000033378601,1.8200000524520874,1.840000033378601,1606,0.0,0.0
2024-04-25 14:30:00-04:00,1.8700000047683716,1.899999976158142,1.8700000047683716,1.899999976158142,4089,0.0,0.0
2024-04-25 15:30:00-04:00,1.8799999952316284,1.899999976158142,1.8799999952316284,1.899999976158142,967,0.0,0.0
2024-04-26 09:30:00-04:00,1.6699999570846558,1.7599999904632568,1.6699999570846558,1.7400000095367432,14830,0.0,0.0
2024-04-26 10:30:00-04:00,1.7395000457763672,1.8109999895095825,1.7100000381469727,1.7724000215530396,28114,0.0,0.0
2024-04-26 11:30:00-04:00,1.7714999914169312,1.7899999618530273,1.7100000381469727,1.7100000381469727,6466,0.0,0.0
2024-04-26 12:30:00-04:00,1.7000999450683594,1.7100000381469727,1.7000999450683594,1.7100000381469727,3642,0.0,0.0
2024-04-26 13:30:00-04:00,1.7100000381469727,1.7100000381469727,1.7009999752044678,1.7099000215530396,40925,0.0,0.0
2024-04-26 14:30:00-04:00,1.7000000476837158,1.7050000429153442,1.7000000476837158,1.7050000429153442,3919,0.0,0.0
2024-04-26 15:30:00-04:00,1.7050000429153442,1.7100000381469727,1.7000000476837158,1.7100000381469727,1083,0.0,0.0
2024-04-29 09:30:00-04:00,1.649999976158142,1.7599999904632568,1.649999976158142,1.7300000190734863,21144,0.0,0.0
2024-04-29 10:30:00-04:00,1.7100000381469727,1.7100000381469727,1.7100000381469727,1.7100000381469727,200,0.0,0.0
2024-04-29 11:30:00-04:00,1.6900999546051025,1.6900999546051025,1.6900999546051025,1.6900999546051025,2646,0.0,0.0
2024-04-29 12:30:00-04:00,1.75,1.75,1.690000057220459,1.690000057220459,1862,0.0,0.0
2024-04-29 13:30:00-04:00,1.6956000328063965,1.6956000328063965,1.6699999570846558,1.6699999570846558,3601,0.0,0.0
2024-04-29 14:30:00-04:00,1.6698999404907227,1.6698999404907227,1.600100040435791,1.6198999881744385,8297,0.0,0.0
2024-04-29 15:30:00-04:00,1.6101000308990479,1.6101000308990479,1.600000023841858,1.600000023841858,2203,0.0,0.0
2024-04-30 09:30:00-04:00,1.5399999618530273,1.5950000286102295,1.5399999618530273,1.5800000429153442,0,0.0,0.0
2024-04-30 10:30:00-04:00,1.5499999523162842,1.565000057220459,1.4800000190734863,1.4800000190734863,6460,0.0,0.0
2024-04-30 11:30:00-04:00,1.4700000286102295,1.51010000705719,1.4299999475479126,1.4699000120162964,14256,0.0,0.0
2024-04-30 12:30:00-04:00,1.4699000120162964,1.4700000286102295,1.4600000381469727,1.4600000381469727,3159,0.0,0.0
2024-04-30 13:30:00-04:00,1.48989999294281,1.5,1.4709999561309814,1.4950000047683716,8681,0.0,0.0
2024-04-30 14:30:00-04:00,1.4900000095367432,1.4900000095367432,1.4850000143051147,1.4850000143051147,1824,0.0,0.0
2024-04-30 15:30:00-04:00,1.4900000095367432,1.4900000095367432,1.4600000381469727,1.4600000381469727,13858,0.0,0.0
2024-05-01 09:30:00-04:00,1.4299999475479126,1.4500000476837158,1.3700000047683716,1.3940000534057617,32233,0.0,0.0
2024-05-01 10:30:00-04:00,1.3898999691009521,1.3898999691009521,1.3700000047683716,1.3799999952316284,18191,0.0,0.0
2024-05-01 11:30:00-04:00,1.375,1.3798999786376953,1.3696999549865723,1.3700000047683716,11514,0.0,0.0
2024-05-01 12:30:00-04:00,1.3700000047683716,1.3700000047683716,1.3698999881744385,1.3700000047683716,3050,0.0,0.0
2024-05-01 13:30:00-04:00,1.3650000095367432,1.368399977684021,1.3650000095367432,1.368399977684021,6090,0.0,0.0
2024-05-01 14:30:00-04:00,1.3650000095367432,1.3700000047683716,1.3650000095367432,1.3700000047683716,11346,0.0,0.0
2024-05-01 15:30:00-04:00,1.3650000095367432,1.3700000047683716,1.350000023841858,1.3550000190734863,11679,0.0,0.0
2024-05-02 09:30:00-04:00,1.3899999856948853,1.399999976158142,1.3508000373840332,1.3799999952316284,3031,0.0,0.0
2024-05-02 10:30:00-04:00,1.3899999856948853,1.399999976158142,1.3300000429153442,1.350000023841858,23252,0.0,0.0
2024-05-02 11:30:00-04:00,1.3674999475479126,1.3674999475479126,1.3674999475479126,1.3674999475479126,203,0.0,0.0
2024-05-02 12:30:00-04:00,1.3600000143051147,1.3601000308990479,1.350000023841858,1.350000023841858,6159,0.0,0.0
2024-05-02 13:30:00-04:00,1.340000033378601,1.340000033378601,1.299399971961975,1.2999000549316406,9206,0.0,0.0
2024-05-02 14:30:00-04:00,1.292799949645996,1.2999999523162842,1.2900999784469604,1.2999999523162842,3972,0.0,0.0
2024-05-02 15:30:00-04:00,1.2994999885559082,1.3200000524520874,1.2949999570846558,1.3200000524520874,23082,0.0,0.0
2024-05-03 09:30:00-04:00,1.3799999952316284,1.4610999822616577,1.350000023841858,1.4500000476837158,19745,0.0,0.0
2024-05-03 10:30:00-04:00,1.4921000003814697,1.4921000003814697,1.3899999856948853,1.3899999856948853,9746,0.0,0.0
2024-05-03 11:30:00-04:00,1.3899999856948853,1.399999976158142,1.3899999856948853,1.399999976158142,3794,0.0,0.0
2024-05-03 12:30:00-04:00,1.3899999856948853,1.3899999856948853,1.3899999856948853,1.3899999856948853,2522,0.0,0.0
2024-05-03 13:30:00-04:00,1.3700000047683716,1.3700000047683716,1.3700000047683716,1.3700000047683716,524,0.0,0.0
2024-05-03 14:30:00-04:00,1.3700000047683716,1.3899999856948853,1.3600000143051147,1.3899999856948853,9703,0.0,0.0
2024-05-03 15:30:00-04:00,1.3949999809265137,1.3949999809265137,1.3899999856948853,1.3899999856948853,707,0.0,0.0
2024-05-06 09:30:00-04:00,1.399999976158142,1.4500000476837158,1.3650000095367432,1.3700000047683716,37425,0.0,0.0
2024-05-06 10:30:00-04:00,1.3700000047683716,1.3899999856948853,1.3300000429153442,1.3300000429153442,5960,0.0,0.0
2024-05-06 11:30:00-04:00,1.340000033378601,1.3600000143051147,1.340000033378601,1.340000033378601,865,0.0,0.0
2024-05-06 12:30:00-04:00,1.3493000268936157,1.350000023841858,1.340000033378601,1.350000023841858,12423,0.0,0.0
2024-05-06 13:30:00-04:00,1.3450000286102295,1.350000023841858,1.3300000429153442,1.3357000350952148,6992,0.0,0.0
2024-05-06 14:30:00-04:00,1.3300000429153442,1.3300000429153442,1.3200000524520874,1.3200000524520874,2109,0.0,0.0
2024-05-06 15:30:00-04:00,1.2999999523162842,1.2999999523162842,1.2899999618530273,1.2899999618530273,5164,0.0,0.0
2024-05-07 09:30:00-04:00,1.2899999618530273,1.2899999618530273,1.2000999450683594,1.2130000591278076,17632,0.0,0.0
2024-05-07 10:30:00-04:00,1.2350000143051147,1.25,1.2300000190734863,1.2400000095367432,2814,0.0,0.0
2024-05-07 11:30:00-04:00,1.2300000190734863,1.2431000471115112,1.2300000190734863,1.2431000471115112,4176,0.0,0.0
2024-05-07 12:30:00-04:00,1.277899980545044,1.2799999713897705,1.277899980545044,1.2799999713897705,1486,0.0,0.0
2024-05-07 13:30:00-04:00,1.284000039100647,1.284000039100647,1.284000039100647,1.284000039100647,169,0.0,0.0
2024-05-07 14:30:00-04:00,1.284000039100647,1.284000039100647,1.274999976158142,1.274999976158142,763,0.0,0.0
2024-05-07 15:30:00-04:00,1.2799999713897705,1.2799999713897705,1.2599999904632568,1.2599999904632568,2361,0.0,0.0
2024-05-08 09:30:00-04:00,1.309999942779541,1.3984999656677246,1.309999942779541,1.3550000190734863,12044,0.0,0.0
2024-05-08 10:30:00-04:00,1.3550000190734863,1.3899999856948853,1.350000023841858,1.3899999856948853,0,0.0,0.0
2024-05-08 11:30:00-04:00,1.3899999856948853,1.5468000173568726,1.3899999856948853,1.5468000173568726,11040,0.0,0.0
2024-05-08 12:30:00-04:00,1.5199999809265137,1.5299999713897705,1.4000999927520752,1.4450000524520874,10151,0.0,0.0
2024-05-08 13:30:00-04:00,1.4450000524520874,1.4450000524520874,1.4004000425338745,1.4249999523162842,1008,0.0,0.0
2024-05-08 14:30:00-04:00,1.4199999570846558,1.420799970626831,1.4199999570846558,1.420799970626831,410,0.0,0.0
2024-05-08 15:30:00-04:00,1.399999976158142,1.399999976158142,1.399999976158142,1.399999976158142,446,0.0,0.0
2024-05-09 09:30:00-04:00,1.3899999856948853,1.3899999856948853,1.350000023841858,1.3700000047683716,14455,0.0,0.0
2024-05-09 10:30:00-04:00,1.3650000095367432,1.3798999786376953,1.350000023841858,1.350000023841858,1702,0.0,0.0
2024-05-09 11:30:00-04:00,1.3746999502182007,1.3799999952316284,1.350000023841858,1.350000023841858,3702,0.0,0.0
2024-05-09 12:30:00-04:00,1.3739999532699585,1.378000020980835,1.3600000143051147,1.3600000143051147,3970,0.0,0.0
2024-05-09 13:30:00-04:00,1.3600000143051147,1.3700000047683716,1.3600000143051147,1.3600000143051147,1801,0.0,0.0
2024-05-09 14:30:00-04:00,1.3650000095367432,1.3696000576019287,1.350000023841858,1.350000023841858,5099,0.0,0.0
2024-05-09 15:30:00-04:00,1.3539999723434448,1.3681000471115112,1.350000023841858,1.3600000143051147,3875,0.0,0.0
2024-05-10 09:30:00-04:00,1.399999976158142,1.399999976158142,1.350000023841858,1.3700000047683716,33055,0.0,0.0
2024-05-10 11:30:00-04:00,1.3672000169754028,1.3700000047683716,1.350000023841858,1.350000023841858,1951,0.0,0.0
2024-05-10 12:30:00-04:00,1.350100040435791,1.350100040435791,1.350100040435791,1.350100040435791,2150,0.0,0.0
2024-05-10 13:30:00-04:00,1.350000023841858,1.350000023841858,1.309999942779541,1.309999942779541,9103,0.0,0.0
2024-05-10 14:30:00-04:00,1.309999942779541,1.309999942779541,1.309999942779541,1.309999942779541,4555,0.0,0.0
2024-05-10 15:30:00-04:00,1.309999942779541,1.3200000524520874,1.309999942779541,1.309999942779541,4297,0.0,0.0
2024-05-13 09:30:00-04:00,1.309999942779541,1.375,1.3013999462127686,1.3650000095367432,2217,0.0,0.0
2024-05-13 10:30:00-04:00,1.3650000095367432,1.399999976158142,1.3650000095367432,1.399999976158142,2264,0.0,0.0
2024-05-13 11:30:00-04:00,1.3600000143051147,1.3624000549316406,1.3600000143051147,1.3624000549316406,673,0.0,0.0
2024-05-13 12:30:00-04:00,1.3700000047683716,1.3841999769210815,1.3700000047683716,1.3841999769210815,481,0.0,0.0
2024-05-13 13:30:00-04:00,1.3899999856948853,1.399999976158142,1.3799999952316284,1.3899999856948853,2666,0.0,0.0
2024-05-13 14:30:00-04:00,1.3600000143051147,1.3600000143051147,1.3509999513626099,1.3509999513626099,938,0.0,0.0
2024-05-13 15:30:00-04:00,1.3600000143051147,1.3600000143051147,1.3600000143051147,1.3600000143051147,714,0.0,0.0
2024-05-14 09:30:00-04:00,1.3799999952316284,1.3899999856948853,1.3600000143051147,1.3899999856948853,2192,0.0,0.0
2024-05-14 10:30:00-04:00,1.399999976158142,1.4199999570846558,1.399999976158142,1.409999966621399,545,0.0,0.0
2024-05-14 11:30:00-04:00,1.4179999828338623,1.4692000150680542,1.4178999662399292,1.4600000381469727,8902,0.0,0.0
2024-05-14 12:30:00-04:00,1.4700000286102295,1.4800000190734863,1.4500000476837158,1.4800000190734863,1351,0.0,0.0
2024-05-14 13:30:00-04:00,1.4500000476837158,1.5,1.4500000476837158,1.4900000095367432,4407,0.0,0.0
2024-05-14 14:30:00-04:00,1.4900000095367432,1.600000023841858,1.4900000095367432,1.600000023841858,22046,0.0,0.0
2024-05-14 15:30:00-04:00,1.5002000331878662,1.5449999570846558,1.4800000190734863,1.5399999618530273,8612,0.0,0.0
2024-05-15 09:30:00-04:00,1.5800000429153442,1.7200000286102295,1.5499999523162842,1.6100000143051147,202151,0.0,0.0
2024-05-15 10:30:00-04:00,1.6100000143051147,1.9499000310897827,1.6039999723434448,1.899999976158142,72553,0.0,0.0
2024-05-15 11:30:00-04:00,1.850000023841858,2.1600000858306885,1.6699999570846558,1.7999999523162842,199458,0.0,0.0
2024-05-15 12:30:00-04:00,1.7000000476837158,1.8700000047683716,1.7000000476837158,1.840000033378601,23097,0.0,0.0
2024-05-15 13:30:00-04:00,1.8700000047683716,1.9299999475479126,1.8000999689102173,1.909999966621399,22832,0.0,0.0
2024-05-15 14:30:00-04:00,1.8746999502182007,2.0,1.7999999523162842,1.934999942779541,18923,0.0,0.0
2024-05-15 15:30:00-04:00,1.9212000370025635,1.9900000095367432,1.909999966621399,1.975000023841858,22768,0.0,0.0
2024-05-16 09:30:00-04:00,1.8300000429153442,1.8300000429153442,1.690000057220459,1.725100040435791,28001,0.0,0.0
2024-05-16 10:30:00-04:00,1.7690000534057617,1.840000033378601,1.75,1.8200000524520874,13447,0.0,0.0
2024-05-16 11:30:00-04:00,1.840999960899353,1.9600000381469727,1.840999960899353,1.9222999811172485,4263,0.0,0.0
2024-05-16 12:30:00-04:00,1.909999966621399,1.9700000286102295,1.899999976158142,1.899999976158142,4888,0.0,0.0
2024-05-16 13:30:00-04:00,1.906000018119812,1.909999966621399,1.8700000047683716,1.8700000047683716,1244,0.0,0.0
2024-05-16 14:30:00-04:00,1.8600000143051147,1.8899999856948853,1.7599999904632568,1.784999966621399,33646,0.0,0.0
2024-05-16 15:30:00-04:00,1.7999999523162842,1.7999999523162842,1.7599999904632568,1.7599999904632568,4805,0.0,0.0
2024-05-17 09:30:00-04:00,1.7599999904632568,1.8799999952316284,1.7599999904632568,1.840000033378601,7874,0.0,0.0
2024-05-17 10:30:00-04:00,1.8844000101089478,1.8844000101089478,1.8844000101089478,1.8844000101089478,574,0.0,0.0
2024-05-17 11:30:00-04:00,1.7999999523162842,1.8799999952316284,1.7799999713897705,1.7799999713897705,23410,0.0,0.0
2024-05-17 12:30:00-04:00,1.7699999809265137,1.7813999652862549,1.7699999809265137,1.7740999460220337,4272,0.0,0.0
2024-05-17 13:30:00-04:00,1.742900013923645,1.742900013923645,1.742900013923645,1.742900013923645,149,0.0,0.0
2024-05-17 14:30:00-04:00,1.73989999294281,1.73989999294281,1.73989999294281,1.73989999294281,1018,0.0,0.0
2024-05-17 15:30:00-04:00,1.7371000051498413,1.75,1.715000033378601,1.7400000095367432,7233,0.0,0.0
2024-05-20 09:30:00-04:00,1.75,1.75,1.6348999738693237,1.6549999713897705,61941,0.0,0.0
2024-05-20 10:30:00-04:00,1.6349999904632568,1.6699999570846558,1.6299999952316284,1.6699999570846558,16196,0.0,0.0
2024-05-20 11:30:00-04:00,1.690000057220459,1.8300000429153442,1.6799999475479126,1.8300000429153442,8736,0.0,0.0
2024-05-20 12:30:00-04:00,1.809999942779541,1.850000023841858,1.7200000286102295,1.850000023841858,5736,0.0,0.0
2024-05-20 13:30:00-04:00,1.840000033378601,1.850000023841858,1.8193000555038452,1.850000023841858,11001,0.0,0.0
2024-05-20 14:30:00-04:00,1.8300000429153442,1.899999976158142,1.8104000091552734,1.8200000524520874,7099,0.0,0.0
2024-05-20 15:30:00-04:00,1.8300000429153442,1.840000033378601,1.809999942779541,1.809999942779541,8073,0.0,0.0
2024-05-21 09:30:00-04:00,1.9199999570846558,1.9199999570846558,1.7812999486923218,1.7999999523162842,7524,0.0,0.0
2024-05-21 10:30:00-04:00,1.7935999631881714,1.8398000001907349,1.7935999631881714,1.8398000001907349,3719,0.0,0.0
2024-05-21 11:30:00-04:00,1.7999999523162842,1.809999942779541,1.7999999523162842,1.809999942779541,400,0.0,0.0
2024-05-21 12:30:00-04:00,1.7649999856948853,1.840000033378601,1.7649999856948853,1.840000033378601,6058,0.0,0.0
2024-05-21 13:30:00-04:00,1.8997999429702759,1.899899959564209,1.8321000337600708,1.8899999856948853,1875,0.0,0.0
2024-05-21 14:30:00-04:00,1.8300000429153442,1.840000033378601,1.7799999713897705,1.8300000429153442,13707,0.0,0.0
2024-05-21 15:30:00-04:00,1.8700000047683716,1.9199999570846558,1.8700000047683716,1.8899999856948853,3538,0.0,0.0
2024-05-22 09:30:00-04:00,1.8600000143051147,1.909999966621399,1.7300000190734863,1.7300000190734863,1858,0.0,0.0
2024-05-22 10:30:00-04:00,1.7999999523162842,1.8698999881744385,1.7347999811172485,1.809999942779541,6231,0.0,0.0
2024-05-22 11:30:00-04:00,1.8055000305175781,1.8055000305175781,1.8055000305175781,1.8055000305175781,1195,0.0,0.0
2024-05-22 12:30:00-04:00,1.809999942779541,1.809999942779541,1.809999942779541,1.809999942779541,2686,0.0,0.0
2024-05-22 13:30:00-04:00,1.8300000429153442,1.8300000429153442,1.8300000429153442,1.8300000429153442,686,0.0,0.0
2024-05-22 15:30:00-04:00,1.8300000429153442,1.8899999856948853,1.8300000429153442,1.8899999856948853,17023,0.0,0.0
2024-05-23 09:30:00-04:00,1.8899999856948853,1.8899999856948853,1.770300030708313,1.770300030708313,1115,0.0,0.0
2024-05-23 10:30:00-04:00,1.853700041770935,1.8899999856948853,1.853700041770935,1.8899999856948853,1248,0.0,0.0
2024-05-23 11:30:00-04:00,1.8899999856948853,1.8899999856948853,1.7999999523162842,1.8799999952316284,16411,0.0,0.0
2024-05-23 12:30:00-04:00,1.8700000047683716,1.8799999952316284,1.8650000095367432,1.8799999952316284,2785,0.0,0.0
2024-05-23 13:30:00-04:00,1.839900016784668,1.839900016784668,1.7949999570846558,1.8049999475479126,6306,0.0,0.0
2024-05-23 15:30:00-04:00,1.8200000524520874,1.8300000429153442,1.8200000524520874,1.8300000429153442,382,0.0,0.0
2024-05-24 09:30:00-04:00,1.899999976158142,1.899999976158142,1.7799999713897705,1.809999942779541,8512,0.0,0.0
2024-05-24 10:30:00-04:00,1.7899999618530273,1.7899999618530273,1.7799999713897705,1.7799999713897705,2171,0.0,0.0
2024-05-24 11:30:00-04:00,1.7599999904632568,1.7999999523162842,1.7522000074386597,1.7999999523162842,989,0.0,0.0
2024-05-24 12:30:00-04:00,1.7812999486923218,1.8300000429153442,1.7812999486923218,1.829699993133545,3348,0.0,0.0
2024-05-24 14:30:00-04:00,1.840000033378601,1.840000033378601,1.809999942779541,1.809999942779541,1403,0.0,0.0
2024-05-24 15:30:00-04:00,1.8200000524520874,1.8401000499725342,1.75,1.809999942779541,16340,0.0,0.0
2024-05-28 09:30:00-04:00,1.840000033378601,1.840000033378601,1.840000033378601,1.840000033378601,2603,0.0,0.0
2024-05-28 10:30:00-04:00,1.7999999523162842,1.7999999523162842,1.7900999784469604,1.7900999784469604,770,0.0,0.0
2024-05-28 11:30:00-04:00,1.7702000141143799,1.7702000141143799,1.7702000141143799,1.7702000141143799,2000,0.0,0.0
2024-05-28 12:30:00-04:00,1.7799999713897705,1.7799999713897705,1.7799999713897705,1.7799999713897705,0,0.0,0.0
2024-05-28 14:30:00-04:00,1.7899999618530273,1.8260999917984009,1.7899999618530273,1.8260999917984009,940,0.0,0.0
2024-05-28 15:30:00-04:00,1.7799999713897705,1.7899999618530273,1.7400000095367432,1.7400000095367432,12715,0.0,0.0
2024-05-29 09:30:00-04:00,1.7999999523162842,1.8049999475479126,1.7999999523162842,1.8049999475479126,729,0.0,0.0
2024-05-29 10:30:00-04:00,1.809999942779541,1.809999942779541,1.8079999685287476,1.8079999685287476,1100,0.0,0.0
2024-05-29 11:30:00-04:00,1.7999999523162842,1.809999942779541,1.7999999523162842,1.8099000453948975,1917,0.0,0.0
2024-05-29 12:30:00-04:00,1.7999999523162842,1.809999942779541,1.7999999523162842,1.809999942779541,1689,0.0,0.0
2024-05-29 13:30:00-04:00,1.7999999523162842,1.809999942779541,1.7999999523162842,1.809999942779541,3383,0.0,0.0
2024-05-29 14:30:00-04:00,1.809999942779541,1.8200000524520874,1.809999942779541,1.815000057220459,10594,0.0,0.0
2024-05-30 09:30:00-04:00,1.809999942779541,1.815000057220459,1.809999942779541,1.809999942779541,2370,0.0,0.0
2024-05-30 10:30:00-04:00,1.8200000524520874,1.8200000524520874,1.8200000524520874,1.8200000524520874,460,0.0,0.0
2024-05-30 11:30:00-04:00,1.809999942779541,1.809999942779541,1.809999942779541,1.809999942779541,1362,0.0,0.0
2024-05-30 12:30:00-04:00,1.8198000192642212,1.8198000192642212,1.809999942779541,1.809999942779541,4537,0.0,0.0
2024-05-30 13:30:00-04:00,1.8101999759674072,1.8200000524520874,1.8101999759674072,1.8200000524520874,2600,0.0,0.0
2024-05-30 14:30:00-04:00,1.8200000524520874,1.8200000524520874,1.8200000524520874,1.8200000524520874,1593,0.0,0.0
2024-05-30 15:30:00-04:00,1.8001999855041504,1.8001999855041504,1.8001999855041504,1.8001999855041504,1186,0.0,0.0
2024-05-31 09:30:00-04:00,1.8200000524520874,1.840000033378601,1.8200000524520874,1.840000033378601,1209,0.0,0.0
2024-05-31 12:30:00-04:00,1.8200000524520874,1.8200000524520874,1.815000057220459,1.815000057220459,5421,0.0,0.0
2024-05-31 14:30:00-04:00,1.840000033378601,1.850000023841858,1.840000033378601,1.8489999771118164,26086,0.0,0.0
2024-05-31 15:30:00-04:00,1.8899999856948853,1.8899999856948853,1.8899999856948853,1.8899999856948853,390,0.0,0.0
2024-06-03 09:30:00-04:00,1.8798999786376953,1.8798999786376953,1.840000033378601,1.840000033378601,1353,0.0,0.0
2024-06-03 10:30:00-04:00,1.9049999713897705,1.9199999570846558,1.9049999713897705,1.9199999570846558,1288,0.0,0.0
2024-06-03 13:30:00-04:00,1.9076999425888062,1.9076999425888062,1.8600000143051147,1.8600000143051147,636,0.0,0.0
2024-06-03 14:30:00-04:00,1.9199999570846558,1.9199999570846558,1.812399983406067,1.812399983406067,718,0.0,0.0
2024-06-03 15:30:00-04:00,1.809999942779541,1.8200000524520874,1.809999942779541,1.809999942779541,6478,0.0,0.0
2024-06-04 09:30:00-04:00,1.8700000047683716,1.8876999616622925,1.6399999856948853,1.7301000356674194,3314,0.0,0.0
2024-06-04 10:30:00-04:00,1.8523999452590942,1.8597999811172485,1.8523999452590942,1.8597999811172485,1562,0.0,0.0
2024-06-04 11:30:00-04:00,1.8401000499725342,1.8401000499725342,1.8401000499725342,1.8401000499725342,1677,0.0,0.0
2024-06-04 13:30:00-04:00,1.8700000047683716,1.919700026512146,1.8700000047683716,1.919700026512146,3364,0.0,0.0
2024-06-04 14:30:00-04:00,1.9049999713897705,1.9154000282287598,1.7400000095367432,1.7999999523162842,14960,0.0,0.0
2024-06-04 15:30:00-04:00,1.809999942779541,1.8395999670028687,1.7698999643325806,1.8151999711990356,4370,0.0,0.0
2024-06-05 09:30:00-04:00,1.8200000524520874,1.8200000524520874,1.7999999523162842,1.7999999523162842,9753,0.0,0.0
2024-06-05 10:30:00-04:00,1.7929999828338623,1.7999000549316406,1.753999948501587,1.7599999904632568,6120,0.0,0.0
2024-06-05 11:30:00-04:00,1.7899999618530273,1.7956000566482544,1.750100016593933,1.7512999773025513,11213,0.0,0.0
2024-06-05 12:30:00-04:00,1.7700999975204468,1.7999999523162842,1.7700999975204468,1.7999999523162842,2120,0.0,0.0
2024-06-05 13:30:00-04:00,1.7999999523162842,1.7999999523162842,1.7999999523162842,1.7999999523162842,820,0.0,0.0
2024-06-05 15:30:00-04:00,1.75,1.75,1.7300000190734863,1.7300000190734863,4868,0.0,0.0
2024-06-06 09:30:00-04:00,1.7799999713897705,1.8299000263214111,1.7799999713897705,1.8299000263214111,320,0.0,0.0
2024-06-06 10:30:00-04:00,1.8200000524520874,1.8200000524520874,1.5,1.7617000341415405,18702,0.0,0.0
2024-06-06 13:30:00-04:00,1.7100000381469727,1.7109999656677246,1.7100000381469727,1.7100000381469727,1029,0.0,0.0
2024-06-06 14:30:00-04:00,1.714900016784668,1.714900016784668,1.659999966621399,1.659999966621399,3883,0.0,0.0
2024-06-06 15:30:00-04:00,1.6670000553131104,1.7200000286102295,1.659999966621399,1.659999966621399,660,0.0,0.0
2024-06-07 09:30:00-04:00,1.6200000047683716,1.6200000047683716,1.6200000047683716,1.6200000047683716,1447,0.0,0.0
2024-06-07 10:30:00-04:00,1.6679999828338623,1.690000057220459,1.6100000143051147,1.690000057220459,2018,0.0,0.0
2024-06-07 11:30:00-04:00,1.628499984741211,1.690000057220459,1.6207000017166138,1.690000057220459,3122,0.0,0.0
2024-06-07 12:30:00-04:00,1.6200000047683716,1.6950000524520874,1.6200000047683716,1.6950000524520874,481,0.0,0.0
2024-06-07 13:30:00-04:00,1.6375000476837158,1.6375000476837158,1.6136000156402588,1.6136000156402588,1527,0.0,0.0
2024-06-07 15:30:00-04:00,1.6200000047683716,1.690000057220459,1.6100000143051147,1.690000057220459,4846,0.0,0.0
2024-06-10 10:30:00-04:00,1.690999984741211,1.690999984741211,1.649999976158142,1.6699999570846558,2874,0.0,0.0
2024-06-10 12:30:00-04:00,1.659999966621399,1.659999966621399,1.6100000143051147,1.6100000143051147,2466,0.0,0.0
2024-06-10 13:30:00-04:00,1.6100000143051147,1.615399956703186,1.6100000143051147,1.615399956703186,640,0.0,0.0
2024-06-10 15:30:00-04:00,1.6100000143051147,1.679900050163269,1.5399999618530273,1.6200000047683716,8795,0.0,0.0
2024-06-11 09:30:00-04:00,1.559999942779541,1.5800000429153442,1.559999942779541,1.5700000524520874,4570,0.0,0.0
2024-06-11 11:30:00-04:00,1.6650999784469604,1.6650999784469604,1.590000033378601,1.590000033378601,313,0.0,0.0
2024-06-11 13:30:00-04:00,1.600000023841858,1.6399999856948853,1.600000023841858,1.6399999856948853,826,0.0,0.0
2024-06-11 15:30:00-04:00,1.590000033378601,1.590999960899353,1.559999942779541,1.590999960899353,6752,0.0,0.0
2024-06-12 09:30:00-04:00,1.6399999856948853,1.7102999687194824,1.6399999856948853,1.7102999687194824,264,0.0,0.0
2024-06-12 10:30:00-04:00,1.6399999856948853,1.6540000438690186,1.5399999618530273,1.6200000047683716,9106,0.0,0.0
2024-06-12 11:30:00-04:00,1.6449999809265137,1.6449999809265137,1.559999942779541,1.5819000005722046,1483,0.0,0.0
2024-06-12 13:30:00-04:00,1.5800000429153442,1.5801000595092773,1.5700000524520874,1.5700000524520874,2723,0.0,0.0
2024-06-12 14:30:00-04:00,1.5850000381469727,1.600000023841858,1.5800000429153442,1.5800000429153442,6738,0.0,0.0
2024-06-12 15:30:00-04:00,1.5800000429153442,1.600000023841858,1.5700000524520874,1.5800000429153442,3280,0.0,0.0
2024-06-13 10:30:00-04:00,1.5499999523162842,1.5499999523162842,1.5499999523162842,1.5499999523162842,451,0.0,0.0
2024-06-13 11:30:00-04:00,1.5499999523162842,1.5499999523162842,1.5399999618530273,1.5399999618530273,1164,0.0,0.0
2024-06-13 12:30:00-04:00,1.5299999713897705,1.544100046157837,1.5299999713897705,1.544100046157837,2373,0.0,0.0
2024-06-13 13:30:00-04:00,1.5399999618530273,1.5399999618530273,1.5399999618530273,1.5399999618530273,103,0.0,0.0
2024-06-13 14:30:00-04:00,1.5399999618530273,1.5399999618530273,1.5299999713897705,1.5399999618530273,2750,0.0,0.0
2024-06-13 15:30:00-04:00,1.5299999713897705,1.5299999713897705,1.5199999809265137,1.5299999713897705,1291,0.0,0.0
2024-06-14 09:30:00-04:00,1.5,1.5,1.5,1.5,1280,0.0,0.0
2024-06-14 10:30:00-04:00,1.5,1.5149999856948853,1.5,1.5149999856948853,2113,0.0,0.0
2024-06-14 11:30:00-04:00,1.4700000286102295,1.4700000286102295,1.4700000286102295,1.4700000286102295,112,0.0,0.0
2024-06-14 12:30:00-04:00,1.4800000190734863,1.4800000190734863,1.4700000286102295,1.4700000286102295,735,0.0,0.0
2024-06-14 13:30:00-04:00,1.4900000095367432,1.4900000095367432,1.4850000143051147,1.4850000143051147,622,0.0,0.0
2024-06-14 14:30:00-04:00,1.4850000143051147,1.5,1.3919999599456787,1.4600000381469727,9535,0.0,0.0
2024-06-14 15:30:00-04:00,1.4600000381469727,1.4900000095367432,1.4500000476837158,1.4900000095367432,1111,0.0,0.0
2024-06-17 09:30:00-04:00,1.4199999570846558,1.4800000190734863,1.4199999570846558,1.4800000190734863,4350,0.0,0.0
2024-06-17 10:30:00-04:00,1.4500999450683594,1.4500999450683594,1.4500000476837158,1.4500000476837158,2670,0.0,0.0
2024-06-17 11:30:00-04:00,1.4299999475479126,1.4479999542236328,1.4199999570846558,1.4479999542236328,1445,0.0,0.0
2024-06-17 12:30:00-04:00,1.4500000476837158,1.5199999809265137,1.4500000476837158,1.4700000286102295,3457,0.0,0.0
2024-06-17 13:30:00-04:00,1.4900000095367432,1.5,1.4900000095367432,1.5,1098,0.0,0.0
2024-06-17 14:30:00-04:00,1.5099999904632568,1.5099999904632568,1.5099999904632568,1.5099999904632568,334,0.0,0.0
2024-06-17 15:30:00-04:00,1.5700000524520874,1.5800000429153442,1.534999966621399,1.534999966621399,10235,0.0,0.0
2024-06-18 09:30:00-04:00,1.6366000175476074,1.6399999856948853,1.5399999618530273,1.5399999618530273,3856,0.0,0.0
2024-06-18 10:30:00-04:00,1.5556999444961548,1.5556999444961548,1.5556999444961548,1.5556999444961548,760,0.0,0.0
2024-06-18 11:30:00-04:00,1.472000002861023,1.5199999809265137,1.4700000286102295,1.4900000095367432,3142,0.0,0.0
2024-06-18 12:30:00-04:00,1.4800000190734863,1.5699000358581543,1.4800000190734863,1.5699000358581543,606,0.0,0.0
2024-06-18 13:30:00-04:00,1.4700000286102295,1.472499966621399,1.4700000286102295,1.472499966621399,347,0.0,0.0
2024-06-18 15:30:00-04:00,1.4900000095367432,1.524999976158142,1.4900000095367432,1.4900000095367432,4250,0.0,0.0
2024-06-20 09:30:00-04:00,1.4900000095367432,1.4900000095367432,1.4228999614715576,1.440000057220459,6482,0.0,0.0
2024-06-20 10:30:00-04:00,1.4199999570846558,1.4199999570846558,1.4199999570846558,1.4199999570846558,387,0.0,0.0
2024-06-20 11:30:00-04:00,1.440000057220459,1.440000057220459,1.4249999523162842,1.4263999462127686,4202,0.0,0.0
2024-06-20 12:30:00-04:00,1.4199999570846558,1.4199999570846558,1.4199999570846558,1.4199999570846558,117,0.0,0.0
2024-06-20 13:30:00-04:00,1.413699984550476,1.413699984550476,1.409999966621399,1.409999966621399,679,0.0,0.0
2024-06-20 14:30:00-04:00,1.409500002861023,1.4149999618530273,1.409500002861023,1.409999966621399,4808,0.0,0.0
2024-06-20 15:30:00-04:00,1.4299999475479126,1.4299999475479126,1.4299999475479126,1.4299999475479126,732,0.0,0.0
2024-06-21 09:30:00-04:00,1.409999966621399,1.4199999570846558,1.409999966621399,1.409999966621399,1869,0.0,0.0
2024-06-21 11:30:00-04:00,1.4450000524520874,1.4450000524520874,1.4450000524520874,1.4450000524520874,1266,0.0,0.0
2024-06-21 12:30:00-04:00,1.4014999866485596,1.4014999866485596,1.4014999866485596,1.4014999866485596,400,0.0,0.0
2024-06-21 13:30:00-04:00,1.409999966621399,1.4249999523162842,1.399999976158142,1.399999976158142,2315,0.0,0.0
2024-06-21 14:30:00-04:00,1.3600000143051147,1.3849999904632568,1.3600000143051147,1.3849999904632568,946,0.0,0.0
2024-06-21 15:30:00-04:00,1.3700000047683716,1.3899999856948853,1.3700000047683716,1.3899999856948853,3915,0.0,0.0
2024-06-24 09:30:00-04:00,1.4299999475479126,1.4299999475479126,1.4299999475479126,1.4299999475479126,430,0.0,0.0
2024-06-24 10:30:00-04:00,1.440000057220459,1.440000057220459,1.440000057220459,1.440000057220459,10478,0.0,0.0
2024-06-24 11:30:00-04:00,1.4049999713897705,1.4049999713897705,1.4049999713897705,1.4049999713897705,1476,0.0,0.0
2024-06-24 14:30:00-04:00,1.399999976158142,1.409999966621399,1.350000023841858,1.3700000047683716,6193,0.0,0.0
2024-06-24 15:30:00-04:00,1.3550000190734863,1.3550000190734863,1.3300000429153442,1.3300000429153442,4137,0.0,0.0
2024-06-25 09:30:00-04:00,1.3799999952316284,1.3799999952316284,1.3205000162124634,1.3250000476837158,925,0.0,0.0
2024-06-25 10:30:00-04:00,1.3299000263214111,1.399999976158142,1.3299000263214111,1.399999976158142,1541,0.0,0.0
2024-06-25 11:30:00-04:00,1.3401000499725342,1.3732000589370728,1.3401000499725342,1.3732000589370728,458,0.0,0.0
2024-06-25 13:30:00-04:00,1.399999976158142,1.399999976158142,1.350000023841858,1.350000023841858,1689,0.0,0.0
2024-06-25 15:30:00-04:00,1.340000033378601,1.3854999542236328,1.3300000429153442,1.3854999542236328,4328,0.0,0.0
2024-06-26 09:30:00-04:00,1.3899999856948853,1.4299999475479126,1.3899999856948853,1.4299999475479126,1004,0.0,0.0
2024-06-26 11:30:00-04:00,1.4199999570846558,1.4199999570846558,1.4199999570846558,1.4199999570846558,200,0.0,0.0
2024-06-26 12:30:00-04:00,1.4049999713897705,1.4194999933242798,1.3300000429153442,1.3300000429153442,9710,0.0,0.0
2024-06-26 13:30:00-04:00,1.309999942779541,1.3250000476837158,1.309999942779541,1.3250000476837158,8769,0.0,0.0
2024-06-26 14:30:00-04:00,1.309999942779541,1.309999942779541,1.2699999809265137,1.2699999809265137,4062,0.0,0.0
2024-06-26 15:30:00-04:00,1.409999966621399,1.409999966621399,1.3799999952316284,1.3799999952316284,718,0.0,0.0
2024-06-27 09:30:00-04:00,1.399999976158142,1.409999966621399,1.399999976158142,1.409999966621399,580,0.0,0.0
2024-06-27 10:30:00-04:00,1.409999966621399,1.5,1.409999966621399,1.5,10749,0.0,0.0
2024-06-27 11:30:00-04:00,1.4809999465942383,1.4809999465942383,1.4809999465942383,1.4809999465942383,0,0.0,0.0
2024-06-27 12:30:00-04:00,1.4450000524520874,1.4450000524520874,1.4450000524520874,1.4450000524520874,385,0.0,0.0
2024-06-27 13:30:00-04:00,1.440000057220459,1.440000057220459,1.440000057220459,1.440000057220459,188,0.0,0.0
2024-06-27 15:30:00-04:00,1.4124000072479248,1.434999942779541,1.3899999856948853,1.3899999856948853,3815,0.0,0.0
2024-06-28 09:30:00-04:00,1.3849999904632568,1.4464000463485718,1.3849999904632568,1.4464000463485718,1403,0.0,0.0
2024-06-28 10:30:00-04:00,1.4500000476837158,1.4500000476837158,1.4249999523162842,1.4249999523162842,998,0.0,0.0
2024-06-28 11:30:00-04:00,1.3899999856948853,1.3899999856948853,1.3799999952316284,1.3799999952316284,2635,0.0,0.0
2024-06-28 12:30:00-04:00,1.3899999856948853,1.399999976158142,1.3899999856948853,1.399999976158142,1100,0.0,0.0
2024-06-28 13:30:00-04:00,1.3200000524520874,1.3200000524520874,1.1699999570846558,1.2309999465942383,49629,0.0,0.0
2024-06-28 14:30:00-04:00,1.2400000095367432,1.2949999570846558,1.2400000095367432,1.2899999618530273,2367,0.0,0.0
2024-06-28 15:30:00-04:00,1.3099000453948975,1.3099000453948975,1.2100000381469727,1.2100000381469727,3367,0.0,0.0
2024-07-01 09:30:00-04:00,1.2400000095367432,1.2699999809265137,1.2400000095367432,1.2599999904632568,2891,0.0,0.0
2024-07-01 11:30:00-04:00,1.2400000095367432,1.25,1.1299999952316284,1.1299999952316284,26134,0.0,0.0
2024-07-01 12:30:00-04:00,1.2366000413894653,1.2366000413894653,1.2366000413894653,1.2366000413894653,3027,0.0,0.0
2024-07-01 13:30:00-04:00,1.2100000381469727,1.2598999738693237,1.2100000381469727,1.2598999738693237,9258,0.0,0.0
2024-07-01 14:30:00-04:00,1.225000023841858,1.2300000190734863,1.160099983215332,1.160099983215332,1706,0.0,0.0
2024-07-01 15:30:00-04:00,1.2400000095367432,1.2400000095367432,1.2300000190734863,1.2300000190734863,1318,0.0,0.0
2024-07-02 09:30:00-04:00,1.3099000453948975,1.3099000453948975,1.2000000476837158,1.2000000476837158,5035,0.0,0.0
2024-07-02 12:30:00-04:00,1.2799999713897705,1.2799999713897705,1.2100000381469727,1.2100000381469727,2208,0.0,0.0
2024-07-02 13:30:00-04:00,1.2350000143051147,1.2396999597549438,1.2350000143051147,1.2396999597549438,485,0.0,0.0
2024-07-02 15:30:00-04:00,1.2300000190734863,1.23989999294281,1.2200000286102295,1.2200000286102295,6823,0.0,0.0
2024-07-03 09:30:00-04:00,1.149999976158142,1.2100000381469727,1.149999976158142,1.2100000381469727,19682,0.0,0.0
2024-07-03 10:30:00-04:00,1.2100000381469727,1.249400019645691,1.1900999546051025,1.2400000095367432,7461,0.0,0.0
2024-07-03 11:30:00-04:00,1.2400000095367432,1.25,1.2100000381469727,1.23989999294281,5610,0.0,0.0
2024-07-03 12:30:00-04:00,1.2200000286102295,1.225000023841858,1.149999976158142,1.1505000591278076,35236,0.0,0.0
2024-07-05 09:30:00-04:00,1.2000000476837158,1.2098000049591064,1.1799999475479126,1.1799999475479126,2181,0.0,0.0
2024-07-05 10:30:00-04:00,1.2100000381469727,1.399999976158142,1.159999966621399,1.3450000286102295,17963,0.0,0.0
2024-07-05 11:30:00-04:00,1.2799999713897705,1.3300000429153442,1.2000000476837158,1.3200000524520874,3135,0.0,0.0
2024-07-05 12:30:00-04:00,1.2599999904632568,1.26010000705719,1.2599999904632568,1.26010000705719,510,0.0,0.0
2024-07-05 13:30:00-04:00,1.2599999904632568,1.2599999904632568,1.1399999856948853,1.1399999856948853,9096,0.0,0.0
2024-07-05 14:30:00-04:00,1.2100000381469727,1.2599999904632568,1.2000000476837158,1.2599999904632568,759,0.0,0.0
2024-07-05 15:30:00-04:00,1.2050000429153442,1.2549999952316284,1.149999976158142,1.190000057220459,6795,0.0,0.0
2024-07-08 09:30:00-04:00,1.2000000476837158,1.2000000476837158,1.2000000476837158,1.2000000476837158,427,0.0,0.0
2024-07-08 10:30:00-04:00,1.2098000049591064,1.2098000049591064,1.2098000049591064,1.2098000049591064,1108,0.0,0.0
2024-07-08 11:30:00-04:00,1.309999942779541,1.3450000286102295,1.2899999618530273,1.3450000286102295,771,0.0,0.0
2024-07-08 12:30:00-04:00,1.2899999618530273,1.378999948501587,1.2400000095367432,1.378999948501587,2576,0.0,0.0
2024-07-08 13:30:00-04:00,1.3597999811172485,1.3600000143051147,1.2799999713897705,1.2799999713897705,11733,0.0,0.0
2024-07-08 14:30:00-04:00,1.315000057220459,1.3899999856948853,1.2798999547958374,1.2798999547958374,16797,0.0,0.0
2024-07-08 15:30:00-04:00,1.2599999904632568,1.3804999589920044,1.2400000095367432,1.350000023841858,5764,0.0,0.0
2024-07-09 09:30:00-04:00,1.4199999570846558,1.4199999570846558,1.3600000143051147,1.3833999633789062,3031,0.0,0.0
2024-07-09 10:30:00-04:00,1.350000023841858,1.3600000143051147,1.309999942779541,1.350000023841858,1872,0.0,0.0
2024-07-09 12:30:00-04:00,1.350000023841858,1.3899999856948853,1.3420000076293945,1.3899999856948853,858,0.0,0.0
2024-07-09 14:30:00-04:00,1.3799999952316284,1.3799999952316284,1.3799999952316284,1.3799999952316284,126,0.0,0.0
2024-07-09 15:30:00-04:00,1.3300000429153442,1.3359999656677246,1.25,1.3359999656677246,10474,0.0,0.0
2024-07-10 09:30:00-04:00,1.309999942779541,1.3700000047683716,1.309999942779541,1.3700000047683716,1590,0.0,0.0
2024-07-10 11:30:00-04:00,1.3700000047683716,1.3700000047683716,1.3200000524520874,1.3600000143051147,15407,0.0,0.0
2024-07-10 12:30:00-04:00,1.340000033378601,1.350000023841858,1.3200000524520874,1.3200000524520874,1746,0.0,0.0
2024-07-10 13:30:00-04:00,1.3600000143051147,1.3600000143051147,1.3600000143051147,1.3600000143051147,414,0.0,0.0
2024-07-10 14:30:00-04:00,1.3300000429153442,1.344499945640564,1.2799999713897705,1.344499945640564,5078,0.0,0.0
2024-07-10 15:30:00-04:00,1.2699999809265137,1.3698999881744385,1.2699999809265137,1.3600000143051147,9955,0.0,0.0
2024-07-11 09:30:00-04:00,1.3450000286102295,1.409999966621399,1.3450000286102295,1.409999966621399,3951,0.0,0.0
2024-07-11 10:30:00-04:00,1.399999976158142,1.399999976158142,1.399999976158142,1.399999976158142,138,0.0,0.0
2024-07-11 11:30:00-04:00,1.409999966621399,1.4500000476837158,1.409999966621399,1.4500000476837158,3322,0.0,0.0
2024-07-11 12:30:00-04:00,1.434999942779541,1.4700000286102295,1.4300999641418457,1.4620000123977661,3263,0.0,0.0
2024-07-11 13:30:00-04:00,1.4589999914169312,1.5298999547958374,1.2300000190734863,1.2997000217437744,11780,0.0,0.0
2024-07-11 14:30:00-04:00,1.350000023841858,1.4931000471115112,1.350000023841858,1.434999942779541,766,0.0,0.0
2024-07-11 15:30:00-04:00,1.315500020980835,1.4350999593734741,1.3000999689102173,1.4350999593734741,1948,0.0,0.0
2024-07-12 09:30:00-04:00,1.4199999570846558,1.4600000381469727,1.409999966621399,1.4600000381469727,2962,0.0,0.0
2024-07-12 10:30:00-04:00,1.4900000095367432,1.492300033569336,1.4500999450683594,1.492300033569336,6755,0.0,0.0
2024-07-12 11:30:00-04:00,1.475000023841858,1.4900000095367432,1.475000023841858,1.4900000095367432,1717,0.0,0.0
2024-07-12 12:30:00-04:00,1.4900000095367432,1.4900000095367432,1.475000023841858,1.475000023841858,384,0.0,0.0
2024-07-12 13:30:00-04:00,1.5,1.5399999618530273,1.5,1.5104000568389893,6110,0.0,0.0
2024-07-12 14:30:00-04:00,1.498900055885315,1.498900055885315,1.4800000190734863,1.4800000190734863,699,0.0,0.0
2024-07-12 15:30:00-04:00,1.4700000286102295,1.4700000286102295,1.4500000476837158,1.4550000429153442,3565,0.0,0.0
2024-07-15 09:30:00-04:00,1.4500000476837158,1.4500000476837158,1.4104000329971313,1.4500000476837158,4789,0.0,0.0
2024-07-15 10:30:00-04:00,1.5049999952316284,1.5299999713897705,1.4668999910354614,1.520900011062622,3452,0.0,0.0
2024-07-15 11:30:00-04:00,1.4600000381469727,1.5299999713897705,1.4600000381469727,1.5299999713897705,4535,0.0,0.0
2024-07-15 14:30:00-04:00,1.4900000095367432,1.4900000095367432,1.4900000095367432,1.4900000095367432,277,0.0,0.0
2024-07-15 15:30:00-04:00,1.475000023841858,1.4900000095367432,1.475000023841858,1.4900000095367432,457,0.0,0.0
2024-07-16 09:30:00-04:00,1.5499999523162842,1.5499999523162842,1.3600000143051147,1.3600000143051147,3013,0.0,0.0
2024-07-16 10:30:00-04:00,1.4800000190734863,1.4800000190734863,1.4800000190734863,1.4800000190734863,1012,0.0,0.0
2024-07-16 11:30:00-04:00,1.4900000095367432,1.507200002670288,1.426900029182434,1.507200002670288,1669,0.0,0.0
2024-07-16 12:30:00-04:00,1.4900000095367432,1.600100040435791,1.4800000190734863,1.5800000429153442,3138,0.0,0.0
2024-07-16 13:30:00-04:00,1.413100004196167,1.5800000429153442,1.413100004196167,1.5700000524520874,4173,0.0,0.0
2024-07-16 14:30:00-04:00,1.5099999904632568,1.5382000207901,1.3799999952316284,1.5382000207901,5555,0.0,0.0
2024-07-16 15:30:00-04:00,1.4700000286102295,1.5399999618530273,1.4700000286102295,1.5399999618530273,11158,0.0,0.0
2024-07-17 09:30:00-04:00,1.44159996509552,1.4500000476837158,1.4200999736785889,1.4500000476837158,7371,0.0,0.0
2024-07-17 10:30:00-04:00,1.4900000095367432,1.4900000095367432,1.4600000381469727,1.4600000381469727,1650,0.0,0.0
2024-07-17 11:30:00-04:00,1.5,1.5099999904632568,1.5,1.5,18740,0.0,0.0
2024-07-17 12:30:00-04:00,1.4600000381469727,1.4850000143051147,1.4600000381469727,1.4850000143051147,911,0.0,0.0
2024-07-17 13:30:00-04:00,1.4900000095367432,1.499899983406067,1.4900000095367432,1.4926999807357788,1710,0.0,0.0
2024-07-17 14:30:00-04:00,1.4800000190734863,1.4800000190734863,1.4800000190734863,1.4800000190734863,2300,0.0,0.0
2024-07-17 15:30:00-04:00,1.4991999864578247,1.4991999864578247,1.4850000143051147,1.4900000095367432,4801,0.0,0.0
2024-07-18 09:30:00-04:00,1.4900000095367432,1.5299999713897705,1.4900000095367432,1.5296000242233276,1327,0.0,0.0
2024-07-18 12:30:00-04:00,1.5199999809265137,1.5199999809265137,1.5199999809265137,1.5199999809265137,801,0.0,0.0
2024-07-18 13:30:00-04:00,1.5299999713897705,1.6749999523162842,1.5,1.5750000476837158,41708,0.0,0.0
2024-07-18 14:30:00-04:00,1.4600000381469727,1.4600000381469727,1.4600000381469727,1.4600000381469727,4023,0.0,0.0
2024-07-18 15:30:00-04:00,1.4600000381469727,1.4600000381469727,1.4600000381469727,1.4600000381469727,905,0.0,0.0
2024-07-19 09:30:00-04:00,1.5399999618530273,1.5499999523162842,1.5299999713897705,1.5499999523162842,7737,0.0,0.0
2024-07-19 10:30:00-04:00,1.5449999570846558,1.559999942779541,1.5449999570846558,1.5499999523162842,9126,0.0,0.0
2024-07-19 11:30:00-04:00,1.5299999713897705,1.5700000524520874,1.5297000408172607,1.5499999523162842,4777,0.0,0.0
2024-07-19 12:30:00-04:00,1.5700000524520874,1.5700000524520874,1.5700000524520874,1.5700000524520874,387,0.0,0.0
2024-07-19 13:30:00-04:00,1.5700000524520874,1.5700000524520874,1.5700000524520874,1.5700000524520874,380,0.0,0.0
2024-07-19 14:30:00-04:00,1.5700000524520874,1.5700000524520874,1.3899999856948853,1.440000057220459,14953,0.0,0.0
2024-07-19 15:30:00-04:00,1.504699945449829,1.5500999689102173,1.4900000095367432,1.5500999689102173,3510,0.0,0.0
2024-07-22 09:30:00-04:00,1.5,1.5,1.4075000286102295,1.4075000286102295,1010,0.0,0.0
2024-07-22 10:30:00-04:00,1.3600000143051147,1.4600000381469727,1.3600000143051147,1.4600000381469727,1256,0.0,0.0
2024-07-22 11:30:00-04:00,1.4700000286102295,1.4700000286102295,1.4700000286102295,1.4700000286102295,1934,0.0,0.0
2024-07-22 14:30:00-04:00,1.4600000381469727,1.5094000101089478,1.4600000381469727,1.5094000101089478,1124,0.0,0.0
2024-07-22 15:30:00-04:00,1.5,1.5,1.4800000190734863,1.4800000190734863,2726,0.0,0.0
2024-07-23 09:30:00-04:00,1.5090999603271484,1.6100000143051147,1.4900000095367432,1.5702999830245972,838,0.0,0.0
2024-07-23 10:30:00-04:00,1.5399999618530273,1.5399999618530273,1.5399999618530273,1.5399999618530273,1324,0.0,0.0
2024-07-23 11:30:00-04:00,1.5199999809265137,1.5199999809265137,1.4900000095367432,1.4900000095367432,2052,0.0,0.0
2024-07-23 12:30:00-04:00,1.4700000286102295,1.4700000286102295,1.440000057220459,1.440000057220459,1224,0.0,0.0
2024-07-23 14:30:00-04:00,1.4900000095367432,1.5499999523162842,1.4700000286102295,1.4900000095367432,33381,0.0,0.0
2024-07-23 15:30:00-04:00,1.5499999523162842,1.559999942779541,1.5499999523162842,1.559999942779541,379,0.0,0.0
2024-07-24 09:30:00-04:00,1.5499999523162842,1.6299999952316284,1.5499999523162842,1.6299999952316284,5618,0.0,0.0
2024-07-24 10:30:00-04:00,1.6299999952316284,1.7000000476837158,1.6299999952316284,1.7000000476837158,5433,0.0,0.0
2024-07-24 11:30:00-04:00,1.590000033378601,1.7100000381469727,1.590000033378601,1.7100000381469727,14563,0.0,0.0
2024-07-24 12:30:00-04:00,1.7000000476837158,1.7000000476837158,1.590000033378601,1.649999976158142,8200,0.0,0.0
2024-07-24 13:30:00-04:00,1.590000033378601,1.6448999643325806,1.5499999523162842,1.5750000476837158,3554,0.0,0.0
2024-07-24 14:30:00-04:00,1.5707000494003296,1.5707000494003296,1.5199999809265137,1.559999942779541,7126,0.0,0.0
2024-07-24 15:30:00-04:00,1.5700000524520874,1.6950000524520874,1.565000057220459,1.6399999856948853,4582,0.0,0.0
2024-07-25 09:30:00-04:00,1.6720000505447388,1.6754000186920166,1.6720000505447388,1.6754000186920166,688,0.0,0.0
2024-07-25 10:30:00-04:00,1.5299999713897705,1.7300000190734863,1.5199999809265137,1.5199999809265137,2426,0.0,0.0
2024-07-25 11:30:00-04:00,1.5099999904632568,1.6299999952316284,1.5099999904632568,1.6299999952316284,2422,0.0,0.0
2024-07-25 13:30:00-04:00,1.534999966621399,1.534999966621399,1.534999966621399,1.534999966621399,858,0.0,0.0
2024-07-25 14:30:00-04:00,1.569599986076355,1.569599986076355,1.569599986076355,1.569599986076355,200,0.0,0.0
2024-07-25 15:30:00-04:00,1.590000033378601,1.600000023841858,1.590000033378601,1.600000023841858,190,0.0,0.0
2024-07-26 09:30:00-04:00,1.7300000190734863,1.7300000190734863,1.7007999420166016,1.7007999420166016,735,0.0,0.0
2024-07-26 10:30:00-04:00,1.6649999618530273,1.6649999618530273,1.6649999618530273,1.6649999618530273,302,0.0,0.0
2024-07-26 11:30:00-04:00,1.6603000164031982,1.6603000164031982,1.6603000164031982,1.6603000164031982,340,0.0,0.0
2024-07-26 13:30:00-04:00,1.6649999618530273,1.6649999618530273,1.6649999618530273,1.6649999618530273,733,0.0,0.0
2024-07-26 14:30:00-04:00,1.6799999475479126,1.6799999475479126,1.6799999475479126,1.6799999475479126,1813,0.0,0.0
2024-07-26 15:30:00-04:00,1.6749999523162842,1.6749999523162842,1.5399999618530273,1.5950000286102295,6264,0.0,0.0
2024-07-29 11:30:00-04:00,1.5700000524520874,1.5700000524520874,1.569700002670288,1.569700002670288,3126,0.0,0.0
2024-07-29 12:30:00-04:00,1.5449999570846558,1.6198999881744385,1.5449999570846558,1.600000023841858,2964,0.0,0.0
2024-07-29 13:30:00-04:00,1.565000057220459,1.565000057220459,1.565000057220459,1.565000057220459,1198,0.0,0.0
2024-07-29 14:30:00-04:00,1.565000057220459,1.565000057220459,1.4900000095367432,1.5099999904632568,19353,0.0,0.0
2024-07-29 15:30:00-04:00,1.5399999618530273,1.5499999523162842,1.5399999618530273,1.5499999523162842,880,0.0,0.0
2024-07-30 09:30:00-04:00,1.4800000190734863,1.5,1.4500000476837158,1.4500000476837158,8837,0.0,0.0
2024-07-30 10:30:00-04:00,1.4299999475479126,1.4800000190734863,1.399999976158142,1.4800000190734863,14845,0.0,0.0
2024-07-30 11:30:00-04:00,1.4700000286102295,1.5099999904632568,1.4700000286102295,1.5099999904632568,9384,0.0,0.0
2024-07-30 12:30:00-04:00,1.4800000190734863,1.4800000190734863,1.478700041770935,1.478700041770935,3278,0.0,0.0
2024-07-30 13:30:00-04:00,1.4800000190734863,1.4900000095367432,1.4800000190734863,1.4900000095367432,1244,0.0,0.0
2024-07-30 14:30:00-04:00,1.4700000286102295,1.4800000190734863,1.4700000286102295,1.4800000190734863,1180,0.0,0.0
2024-07-30 15:30:00-04:00,1.4700000286102295,1.5199999809265137,1.4299999475479126,1.4299999475479126,5191,0.0,0.0
2024-07-31 09:30:00-04:00,1.5147000551223755,1.5147000551223755,1.5147000551223755,1.5147000551223755,201,0.0,0.0
2024-07-31 10:30:00-04:00,1.4600000381469727,1.559999942779541,1.410099983215332,1.413100004196167,4596,0.0,0.0
2024-07-31 11:30:00-04:00,1.4500000476837158,1.4799000024795532,1.4500000476837158,1.479200005531311,1279,0.0,0.0
2024-07-31 12:30:00-04:00,1.440000057220459,1.4400999546051025,1.440000057220459,1.440000057220459,3128,0.0,0.0
2024-07-31 13:30:00-04:00,1.440000057220459,1.4400999546051025,1.4199999570846558,1.4199999570846558,6843,0.0,0.0
2024-07-31 14:30:00-04:00,1.399999976158142,1.4600000381469727,1.3799999952316284,1.4259999990463257,4963,0.0,0.0
2024-07-31 15:30:00-04:00,1.4474999904632568,1.4474999904632568,1.4474999904632568,1.4474999904632568,1350,0.0,0.0
2024-08-01 09:30:00-04:00,1.5199999809265137,1.5199999809265137,1.399999976158142,1.399999976158142,6914,0.0,0.0
2024-08-01 10:30:00-04:00,1.4485000371932983,1.4485000371932983,1.4485000371932983,1.4485000371932983,226,0.0,0.0
2024-08-01 11:30:00-04:00,1.409999966621399,1.409999966621399,1.409999966621399,1.409999966621399,2028,0.0,0.0
2024-08-01 12:30:00-04:00,1.4146000146865845,1.4146000146865845,1.3981000185012817,1.3981000185012817,0,0.0,0.0
2024-08-01 13:30:00-04:00,1.385599970817566,1.3899999856948853,1.36899995803833,1.36899995803833,3294,0.0,0.0
2024-08-01 15:30:00-04:00,1.399999976158142,1.399999976158142,1.399999976158142,1.399999976158142,411,0.0,0.0
2024-08-02 09:30:00-04:00,1.534999966621399,1.534999966621399,1.3600000143051147,1.476199984550476,3057,0.0,0.0
2024-08-02 10:30:00-04:00,1.3600000143051147,1.3600000143051147,1.3600000143051147,1.3600000143051147,313,0.0,0.0
2024-08-02 11:30:00-04:00,1.4900000095367432,1.4900000095367432,1.3700000047683716,1.4615999460220337,903,0.0,0.0
2024-08-02 12:30:00-04:00,1.4399000406265259,1.4399000406265259,1.4299999475479126,1.4299999475479126,5200,0.0,0.0
2024-08-02 13:30:00-04:00,1.4009000062942505,1.4500000476837158,1.3300000429153442,1.3300000429153442,7445,0.0,0.0
2024-08-02 14:30:00-04:00,1.3113000392913818,1.3113000392913818,1.3113000392913818,1.3113000392913818,940,0.0,0.0
2024-08-02 15:30:00-04:00,1.315000057220459,1.315000057220459,1.2899999618530273,1.2899999618530273,480,0.0,0.0
2024-08-05 09:30:00-04:00,1.25,1.2899999618530273,1.159999966621399,1.2899999618530273,15409,0.0,0.0
2024-08-05 11:30:00-04:00,1.3007999658584595,1.340000033378601,1.3007999658584595,1.340000033378601,1242,0.0,0.0
2024-08-05 12:30:00-04:00,1.340000033378601,1.350000023841858,1.340000033378601,1.340000033378601,3215,0.0,0.0
2024-08-05 14:30:00-04:00,1.3049999475479126,1.3049999475479126,1.3049999475479126,1.3049999475479126,1826,0.0,0.0
2024-08-05 15:30:00-04:00,1.5108000040054321,1.5108000040054321,1.2799999713897705,1.2799999713897705,551,0.0,0.0
2024-08-06 09:30:00-04:00,1.340000033378601,1.409999966621399,1.3097000122070312,1.399999976158142,2328,0.0,0.0
2024-08-06 10:30:00-04:00,1.340000033378601,1.4600000381469727,1.2999999523162842,1.4600000381469727,5233,0.0,0.0
2024-08-06 11:30:00-04:00,1.309999942779541,1.4141000509262085,1.309999942779541,1.4141000509262085,4132,0.0,0.0
2024-08-06 12:30:00-04:00,1.3949999809265137,1.3949999809265137,1.3949999809265137,1.3949999809265137,307,0.0,0.0
2024-08-06 13:30:00-04:00,1.3949999809265137,1.3949999809265137,1.3949999809265137,1.3949999809265137,1148,0.0,0.0
2024-08-06 14:30:00-04:00,1.340000033378601,1.3550000190734863,1.3200000524520874,1.3550000190734863,2237,0.0,0.0
2024-08-06 15:30:00-04:00,1.3100999593734741,1.3200000524520874,1.309999942779541,1.309999942779541,1690,0.0,0.0
2024-08-07 09:30:00-04:00,1.3173999786376953,1.3173999786376953,1.309999942779541,1.309999942779541,1741,0.0,0.0
2024-08-07 10:30:00-04:00,1.3700000047683716,1.3700000047683716,1.3700000047683716,1.3700000047683716,113,0.0,0.0
2024-08-07 12:30:00-04:00,1.3300000429153442,1.4743000268936157,1.3300000429153442,1.4743000268936157,422,0.0,0.0
2024-08-07 13:30:00-04:00,1.3228000402450562,1.3502999544143677,1.3200000524520874,1.3200000524520874,2135,0.0,0.0
2024-08-07 14:30:00-04:00,1.3300000429153442,1.3339999914169312,1.25,1.25,1554,0.0,0.0
2024-08-07 15:30:00-04:00,1.3486000299453735,1.3486000299453735,1.2699999809265137,1.2699999809265137,1565,0.0,0.0
2024-08-08 09:30:00-04:00,1.2949999570846558,1.2949999570846558,1.2949999570846558,1.2949999570846558,1300,0.0,0.0
2024-08-08 10:30:00-04:00,1.2999999523162842,1.2999999523162842,1.2999999523162842,1.2999999523162842,554,0.0,0.0
2024-08-08 11:30:00-04:00,1.3300000429153442,1.3300000429153442,1.3300000429153442,1.3300000429153442,401,0.0,0.0
2024-08-08 12:30:00-04:00,1.3200000524520874,1.340000033378601,1.3200000524520874,1.340000033378601,3094,0.0,0.0
2024-08-08 13:30:00-04:00,1.340000033378601,1.350000023841858,1.340000033378601,1.350000023841858,1335,0.0,0.0
2024-08-08 14:30:00-04:00,1.3600000143051147,1.4199999570846558,1.2899999618530273,1.350000023841858,12712,0.0,0.0
2024-08-08 15:30:00-04:00,1.2999999523162842,1.3200000524520874,1.2699999809265137,1.2899999618530273,2313,0.0,0.0
2024-08-09 09:30:00-04:00,1.2899999618530273,1.440000057220459,1.2899999618530273,1.440000057220459,440,0.0,0.0
2024-08-09 10:30:00-04:00,1.350000023841858,1.350000023841858,1.2700999975204468,1.2700999975204468,957,0.0,0.0
2024-08-09 12:30:00-04:00,1.3300000429153442,1.3300000429153442,1.3300000429153442,1.3300000429153442,162,0.0,0.0
2024-08-09 13:30:00-04:00,1.3589999675750732,1.3589999675750732,1.3589999675750732,1.3589999675750732,2122,0.0,0.0
2024-08-09 15:30:00-04:00,1.3300000429153442,1.3300000429153442,1.2799999713897705,1.2799999713897705,3878,0.0,0.0
2024-08-12 09:30:00-04:00,1.340000033378601,1.340000033378601,1.2799999713897705,1.2999999523162842,1572,0.0,0.0
2024-08-12 10:30:00-04:00,1.282099962234497,1.2999999523162842,1.2799999713897705,1.2999000549316406,5341,0.0,0.0
2024-08-12 12:30:00-04:00,1.3200000524520874,1.3200000524520874,1.3200000524520874,1.3200000524520874,596,0.0,0.0
2024-08-12 14:30:00-04:00,1.3799999952316284,1.3799999952316284,1.3300000429153442,1.3300000429153442,1831,0.0,0.0
2024-08-12 15:30:00-04:00,1.3200000524520874,1.3200000524520874,1.3200000524520874,1.3200000524520874,1946,0.0,0.0
2024-08-13 09:30:00-04:00,1.4082000255584717,1.409999966621399,1.3007999658584595,1.3007999658584595,745,0.0,0.0
2024-08-13 10:30:00-04:00,1.3531999588012695,1.3622000217437744,1.3531999588012695,1.3622000217437744,3259,0.0,0.0
2024-08-13 11:30:00-04:00,1.3700000047683716,1.3799999952316284,1.3700000047683716,1.3799999952316284,864,0.0,0.0
2024-08-13 12:30:00-04:00,1.3702000379562378,1.3899999856948853,1.3702000379562378,1.3899999856948853,691,0.0,0.0
2024-08-13 13:30:00-04:00,1.3799999952316284,1.3799999952316284,1.3799999952316284,1.3799999952316284,105,0.0,0.0
2024-08-13 15:30:00-04:00,1.350000023841858,1.3798999786376953,1.3200000524520874,1.3300000429153442,9901,0.0,0.0
2024-08-14 09:30:00-04:00,1.3799999952316284,1.3799999952316284,1.3799999952316284,1.3799999952316284,1307,0.0,0.0
2024-08-14 10:30:00-04:00,1.350000023841858,1.350000023841858,1.3200000524520874,1.3200000524520874,2616,0.0,0.0
2024-08-14 11:30:00-04:00,1.3200000524520874,1.3300000429153442,1.315000057220459,1.317199945449829,2501,0.0,0.0
2024-08-14 14:30:00-04:00,1.350000023841858,1.3650000095367432,1.2799999713897705,1.2899999618530273,5452,0.0,0.0
2024-08-14 15:30:00-04:00,1.2999999523162842,1.2999999523162842,1.2999999523162842,1.2999999523162842,1637,0.0,0.0
2024-08-15 09:30:00-04:00,1.3300000429153442,1.3300000429153442,1.3200000524520874,1.3200000524520874,2306,0.0,0.0
2024-08-15 10:30:00-04:00,1.3600000143051147,1.3898999691009521,1.3575999736785889,1.3898999691009521,316,0.0,0.0
2024-08-15 11:30:00-04:00,1.3300000429153442,1.350000023841858,1.3300000429153442,1.350000023841858,1103,0.0,0.0
2024-08-15 15:30:00-04:00,1.3600000143051147,1.3600000143051147,1.2000000476837158,1.2300000190734863,4246,0.0,0.0
2024-08-16 09:30:00-04:00,1.2799999713897705,1.3350000381469727,1.2000000476837158,1.2899999618530273,4678,0.0,0.0
2024-08-16 12:30:00-04:00,1.2450000047683716,1.2450000047683716,1.2450000047683716,1.2450000047683716,240,0.0,0.0
2024-08-16 14:30:00-04:00,1.25,1.25,1.25,1.25,384,0.0,0.0
2024-08-16 15:30:00-04:00,1.2400000095367432,1.2699999809265137,1.2400000095367432,1.2699999809265137,2265,0.0,0.0
2024-08-19 09:30:00-04:00,1.2899999618530273,1.3274999856948853,1.2899999618530273,1.3274999856948853,1130,0.0,0.0
2024-08-19 11:30:00-04:00,1.2599999904632568,1.2699999809265137,1.190000057220459,1.2698999643325806,5898,0.0,0.0
2024-08-19 12:30:00-04:00,1.3300000429153442,1.339900016784668,1.3300000429153442,1.339900016784668,3850,0.0,0.0
2024-08-19 13:30:00-04:00,1.340000033378601,1.375,1.2319999933242798,1.2319999933242798,4654,0.0,0.0
2024-08-19 14:30:00-04:00,1.340000033378601,1.350000023841858,1.2599999904632568,1.2799999713897705,2051,0.0,0.0
2024-08-19 15:30:00-04:00,1.3200000524520874,1.3200000524520874,1.2799999713897705,1.2799999713897705,444,0.0,0.0
2024-08-20 09:30:00-04:00,1.2899999618530273,1.2899999618530273,1.2899999618530273,1.2899999618530273,1423,0.0,0.0
2024-08-20 10:30:00-04:00,1.3650000095367432,1.590000033378601,1.3300000429153442,1.4600000381469727,52556,0.0,0.0
2024-08-20 11:30:00-04:00,1.4700000286102295,1.4800000190734863,1.399999976158142,1.468000054359436,4793,0.0,0.0
2024-08-20 12:30:00-04:00,1.4651000499725342,1.4700000286102295,1.309999942779541,1.3899999856948853,40279,0.0,0.0
2024-08-20 13:30:00-04:00,1.3600000143051147,1.409999966621399,1.3600000143051147,1.3600000143051147,2428,0.0,0.0
2024-08-20 14:30:00-04:00,1.3700000047683716,1.3700000047683716,1.3700000047683716,1.3700000047683716,1210,0.0,0.0
2024-08-20 15:30:00-04:00,1.3860000371932983,1.440000057220459,1.3700000047683716,1.409999966621399,12184,0.0,0.0
2024-08-21 09:30:00-04:00,1.4500000476837158,1.4500000476837158,1.4199999570846558,1.4199999570846558,2982,0.0,0.0
2024-08-21 10:30:00-04:00,1.409999966621399,1.409999966621399,1.3902000188827515,1.3902000188827515,710,0.0,0.0
2024-08-21 11:30:00-04:00,1.4199999570846558,1.4199999570846558,1.4199999570846558,1.4199999570846558,176,0.0,0.0
2024-08-21 12:30:00-04:00,1.4115999937057495,1.4115999937057495,1.4115999937057495,1.4115999937057495,962,0.0,0.0
2024-08-21 14:30:00-04:00,1.440000057220459,1.440000057220459,1.440000057220459,1.440000057220459,266,0.0,0.0
2024-08-21 15:30:00-04:00,1.399999976158142,1.4500000476837158,1.399999976158142,1.4500000476837158,3142,0.0,0.0
2024-08-22 09:30:00-04:00,1.4500000476837158,1.4800000190734863,1.4199999570846558,1.4701000452041626,9543,0.0,0.0
2024-08-22 10:30:00-04:00,1.4240000247955322,1.4240000247955322,1.4240000247955322,1.4240000247955322,175,0.0,0.0
2024-08-22 11:30:00-04:00,1.4299999475479126,1.4355000257492065,1.4299999475479126,1.4355000257492065,874,0.0,0.0
2024-08-22 13:30:00-04:00,1.350000023841858,1.350000023841858,1.350000023841858,1.350000023841858,4017,0.0,0.0
2024-08-22 14:30:00-04:00,1.3600000143051147,1.3600000143051147,1.3600000143051147,1.3600000143051147,0,0.0,0.0
2024-08-22 15:30:00-04:00,1.4500000476837158,1.4500000476837158,1.309000015258789,1.3700000047683716,7544,0.0,0.0
2024-08-23 09:30:00-04:00,1.340000033378601,1.399999976158142,1.340000033378601,1.3849999904632568,3533,0.0,0.0
2024-08-23 10:30:00-04:00,1.4049999713897705,1.4049999713897705,1.4049999713897705,1.4049999713897705,412,0.0,0.0
2024-08-23 11:30:00-04:00,1.4500000476837158,1.4600000381469727,1.4500000476837158,1.4600000381469727,645,0.0,0.0
2024-08-23 14:30:00-04:00,1.350100040435791,1.350100040435791,1.350000023841858,1.350000023841858,4968,0.0,0.0
2024-08-23 15:30:00-04:00,1.3899999856948853,1.4299999475479126,1.3899999856948853,1.4299999475479126,1714,0.0,0.0
2024-08-26 09:30:00-04:00,1.5299999713897705,1.5299999713897705,1.4600000381469727,1.5,3677,0.0,0.0
2024-08-26 10:30:00-04:00,1.4601000547409058,1.4889999628067017,1.4601000547409058,1.4646999835968018,3136,0.0,0.0
2024-08-26 11:30:00-04:00,1.475000023841858,1.475000023841858,1.409999966621399,1.468500018119812,11156,0.0,0.0
2024-08-26 13:30:00-04:00,1.4299999475479126,1.559999942779541,1.340000033378601,1.4700000286102295,52467,0.0,0.0
2024-08-26 14:30:00-04:00,1.4299999475479126,1.4800000190734863,1.350000023841858,1.3700000047683716,21092,0.0,0.0
2024-08-26 15:30:00-04:00,1.399999976158142,1.409999966621399,1.3899999856948853,1.409999966621399,984,0.0,0.0
2024-08-27 09:30:00-04:00,1.399999976158142,1.399999976158142,1.399999976158142,1.399999976158142,0,0.0,0.0
2024-08-27 11:30:00-04:00,1.440000057220459,1.440000057220459,1.440000057220459,1.440000057220459,123,0.0,0.0
2024-08-27 12:30:00-04:00,1.409999966621399,1.409999966621399,1.409999966621399,1.409999966621399,1551,0.0,0.0
2024-08-27 13:30:00-04:00,1.3600000143051147,1.3600000143051147,1.350000023841858,1.350000023841858,1358,0.0,0.0
2024-08-27 14:30:00-04:00,1.3949999809265137,1.3949999809265137,1.3634999990463257,1.3700000047683716,1734,0.0,0.0
2024-08-27 15:30:00-04:00,1.409999966621399,1.409999966621399,1.399999976158142,1.399999976158142,2742,0.0,0.0
2024-08-28 09:30:00-04:00,1.4220000505447388,1.4220000505447388,1.3640999794006348,1.3640999794006348,3678,0.0,0.0
2024-08-28 10:30:00-04:00,1.3783999681472778,1.3783999681472778,1.3783999681472778,1.3783999681472778,271,0.0,0.0
2024-08-28 11:30:00-04:00,1.309999942779541,1.379699945449829,1.309999942779541,1.379699945449829,6488,0.0,0.0
2024-08-28 12:30:00-04:00,1.3700000047683716,1.3700000047683716,1.3700000047683716,1.3700000047683716,618,0.0,0.0
2024-08-28 13:30:00-04:00,1.3600000143051147,1.3600000143051147,1.3600000143051147,1.3600000143051147,609,0.0,0.0
2024-08-28 15:30:00-04:00,1.350000023841858,1.3899999856948853,1.3450000286102295,1.3839999437332153,15224,0.0,0.0
2024-08-29 09:30:00-04:00,1.340000033378601,1.4198999404907227,1.340000033378601,1.4198999404907227,0,0.0,0.0
2024-08-29 12:30:00-04:00,1.4174000024795532,1.4174000024795532,1.4174000024795532,1.4174000024795532,585,0.0,0.0
2024-08-29 13:30:00-04:00,1.3538000583648682,1.3700000047683716,1.3538000583648682,1.3700000047683716,5204,0.0,0.0
2024-08-29 15:30:00-04:00,1.3600000143051147,1.3899999856948853,1.3600000143051147,1.3865000009536743,1075,0.0,0.0
2024-08-30 09:30:00-04:00,1.3300000429153442,1.3300000429153442,1.3300000429153442,1.3300000429153442,201,0.0,0.0
2024-08-30 10:30:00-04:00,1.3650000095367432,1.3799999952316284,1.3650000095367432,1.3799999952316284,1014,0.0,0.0
2024-08-30 12:30:00-04:00,1.38100004196167,1.3899999856948853,1.38100004196167,1.3899999856948853,1300,0.0,0.0
2024-08-30 14:30:00-04:00,1.3899999856948853,1.3899999856948853,1.3899999856948853,1.3899999856948853,363,0.0,0.0
2024-08-30 15:30:00-04:00,1.399999976158142,1.399999976158142,1.399999976158142,1.399999976158142,400,0.0,0.0
2024-09-03 11:30:00-04:00,1.3701000213623047,1.409999966621399,1.3701000213623047,1.409999966621399,642,0.0,0.0
2024-09-03 12:30:00-04:00,1.409999966621399,1.409999966621399,1.409999966621399,1.409999966621399,1116,0.0,0.0
2024-09-03 14:30:00-04:00,1.3600000143051147,1.3700000047683716,1.3250000476837158,1.3250000476837158,4378,0.0,0.0
2024-09-03 15:30:00-04:00,1.3899999856948853,1.3899999856948853,1.340000033378601,1.340000033378601,863,0.0,0.0
2024-09-04 09:30:00-04:00,1.3799999952316284,1.3899999856948853,1.3799999952316284,1.3899999856948853,381,0.0,0.0
2024-09-04 11:30:00-04:00,1.4299999475479126,1.4299999475479126,1.2781000137329102,1.336300015449524,938,0.0,0.0
2024-09-04 12:30:00-04:00,1.409999966621399,1.409999966621399,1.2699999809265137,1.2699999809265137,831,0.0,0.0
2024-09-04 13:30:00-04:00,1.375,1.375,1.375,1.375,4,0.0,0.0
2024-09-04 15:30:00-04:00,1.350000023841858,1.3600000143051147,1.309999942779541,1.350000023841858,2631,0.0,0.0
2024-09-05 09:30:00-04:00,1.340000033378601,1.340000033378601,1.340000033378601,1.340000033378601,628,0.0,0.0
2024-09-05 14:30:00-04:00,1.399999976158142,1.399999976158142,1.399999976158142,1.399999976158142,116,0.0,0.0
2024-09-05 15:30:00-04:00,1.3600000143051147,1.3600000143051147,1.3600000143051147,1.3600000143051147,448,0.0,0.0
2024-09-06 09:30:00-04:00,1.2799999713897705,1.339900016784668,1.2799999713897705,1.339900016784668,1723,0.0,0.0
2024-09-06 10:30:00-04:00,1.350000023841858,1.350000023841858,1.3401000499725342,1.3401000499725342,315,0.0,0.0
2024-09-06 11:30:00-04:00,1.3479000329971313,1.3479000329971313,1.3479000329971313,1.3479000329971313,175,0.0,0.0
2024-09-06 12:30:00-04:00,1.350000023841858,1.378600001335144,1.350000023841858,1.378600001335144,808,0.0,0.0
2024-09-06 13:30:00-04:00,1.3650000095367432,1.3799999952316284,1.3650000095367432,1.3700000047683716,1209,0.0,0.0
2024-09-06 14:30:00-04:00,1.350000023841858,1.3600000143051147,1.350000023841858,1.3600000143051147,951,0.0,0.0
2024-09-06 15:30:00-04:00,1.3600000143051147,1.3600000143051147,1.340000033378601,1.340000033378601,2680,0.0,0.0
