Datetime,Open,High,Low,Close,Volume,Dividends,Stock Splits,Capital Gains
2022-09-08 09:30:00-04:00,75.87000274658203,77.02999877929688,75.87000274658203,77.02999877929688,0,0.0,0.0,0.0
2022-09-08 11:30:00-04:00,76.0999984741211,76.0999984741211,75.63999938964844,75.64029693603516,1600,0.0,0.0,0.0
2022-09-08 13:30:00-04:00,76.9791030883789,76.9791030883789,76.9791030883789,76.9791030883789,342,0.0,0.0,0.0
2022-09-08 14:30:00-04:00,76.95999908447266,76.95999908447266,76.95999908447266,76.95999908447266,316,0.0,0.0,0.0
2022-09-08 15:30:00-04:00,77.02999877929688,77.02999877929688,77.02999877929688,77.02999877929688,0,0.0,0.0,0.0
2022-09-09 09:30:00-04:00,77.9800033569336,77.9800033569336,77.9800033569336,77.9800033569336,312,0.0,0.0,0.0
2022-09-09 11:30:00-04:00,77.98999786376953,77.98999786376953,77.98999786376953,77.98999786376953,674,0.0,0.0,0.0
2022-09-09 15:30:00-04:00,78.63999938964844,78.63999938964844,78.44000244140625,78.44000244140625,659,0.0,0.0,0.0
2022-09-12 09:30:00-04:00,78.72000122070312,79.63999938964844,78.72000122070312,79.63999938964844,639,0.0,0.0,0.0
2022-09-12 10:30:00-04:00,79.5199966430664,79.5199966430664,79.5199966430664,79.5199966430664,393,0.0,0.0,0.0
2022-09-12 11:30:00-04:00,79.36000061035156,79.36000061035156,79.3499984741211,79.3499984741211,204,0.0,0.0,0.0
2022-09-12 12:30:00-04:00,79.75,79.75,79.7300033569336,79.75,1031,0.0,0.0,0.0
2022-09-12 15:30:00-04:00,79.70999908447266,79.7300033569336,79.70999908447266,79.7300033569336,2615,0.0,0.0,0.0
2022-09-13 09:30:00-04:00,76.69999694824219,76.69999694824219,76.69999694824219,76.69999694824219,327,0.0,0.0,0.0
2022-09-13 10:30:00-04:00,75.12699890136719,75.12699890136719,75.12699890136719,75.12699890136719,502,0.0,0.0,0.0
2022-09-13 11:30:00-04:00,75.45999908447266,75.45999908447266,75.45999908447266,75.45999908447266,100,0.0,0.0,0.0
2022-09-13 12:30:00-04:00,75.5,75.58999633789062,75.5,75.58999633789062,264,0.0,0.0,0.0
2022-09-13 14:30:00-04:00,74.43000030517578,74.43000030517578,74.43000030517578,74.43000030517578,101,0.0,0.0,0.0
2022-09-13 15:30:00-04:00,73.91999816894531,73.91999816894531,73.91999816894531,73.91999816894531,0,0.0,0.0,0.0
2022-09-14 10:30:00-04:00,72.93000030517578,73.04000091552734,72.87000274658203,72.87000274658203,1892,0.0,0.0,0.0
2022-09-14 15:30:00-04:00,71.69999694824219,72.19999694824219,71.69999694824219,72.19999694824219,252,0.0,0.0,0.0
2022-09-15 09:30:00-04:00,72.11000061035156,72.11000061035156,72.11000061035156,72.11000061035156,224,0.0,0.0,0.0
2022-09-15 10:30:00-04:00,70.95490264892578,71.05069732666016,70.95490264892578,71.05069732666016,381,0.0,0.0,0.0
2022-09-15 12:30:00-04:00,70.88050079345703,70.88050079345703,70.88050079345703,70.88050079345703,189,0.0,0.0,0.0
2022-09-15 14:30:00-04:00,69.9800033569336,69.9800033569336,69.9800033569336,69.9800033569336,325,0.0,0.0,0.0
2022-09-15 15:30:00-04:00,69.54000091552734,69.54000091552734,69.44290161132812,69.44290161132812,0,0.0,0.0,0.0
2022-09-16 09:30:00-04:00,68.54000091552734,68.54000091552734,67.69170379638672,67.69170379638672,730,0.0,0.0,0.0
2022-09-16 13:30:00-04:00,68.20999908447266,68.6500015258789,68.20999908447266,68.6500015258789,348,0.0,0.0,0.0
2022-09-16 14:30:00-04:00,68.77999877929688,68.77999877929688,68.69999694824219,68.69999694824219,507,0.0,0.0,0.0
2022-09-16 15:30:00-04:00,69.16000366210938,69.20999908447266,68.91000366210938,69.1989974975586,2261,0.0,0.0,0.0
2022-09-19 09:30:00-04:00,67.54000091552734,67.85169982910156,67.54000091552734,67.85169982910156,364,0.0,0.0,0.0
2022-09-19 10:30:00-04:00,68.12000274658203,68.12000274658203,67.91000366210938,67.91000366210938,277,0.0,0.0,0.0
2022-09-19 12:30:00-04:00,68.01000213623047,68.2699966430664,68.01000213623047,68.2699966430664,298,0.0,0.0,0.0
2022-09-19 15:30:00-04:00,68.81999969482422,69.04000091552734,68.81999969482422,68.99430084228516,0,0.0,0.0,0.0
2022-09-20 11:30:00-04:00,66.62000274658203,66.62000274658203,66.62000274658203,66.62000274658203,271,0.0,0.0,0.0
2022-09-20 12:30:00-04:00,66.1698989868164,66.1698989868164,65.87999725341797,65.87999725341797,846,0.0,0.0,0.0
2022-09-20 13:30:00-04:00,65.4800033569336,65.69000244140625,65.33000183105469,65.69000244140625,828,0.0,0.0,0.0
2022-09-20 14:30:00-04:00,65.45999908447266,65.45999908447266,65.45999908447266,65.45999908447266,121,0.0,0.0,0.0
2022-09-20 15:30:00-04:00,65.68000030517578,66.08999633789062,65.66000366210938,65.66280364990234,2267,0.0,0.0,0.0
2022-09-21 09:30:00-04:00,66.04000091552734,66.91000366210938,66.04000091552734,66.91000366210938,540,0.0,0.0,0.0
2022-09-21 13:30:00-04:00,66.55000305175781,66.55000305175781,66.55000305175781,66.55000305175781,287,0.0,0.0,0.0
2022-09-21 15:30:00-04:00,63.65999984741211,63.68989944458008,63.36000061035156,63.36000061035156,4599,0.0,0.0,0.0
2022-09-22 09:30:00-04:00,61.97999954223633,62.29999923706055,61.97999954223633,62.290000915527344,2399,0.0,0.0,0.0
2022-09-22 10:30:00-04:00,62.02000045776367,62.130001068115234,61.86000061035156,62.130001068115234,535,0.0,0.0,0.0
2022-09-22 11:30:00-04:00,61.93000030517578,61.93000030517578,61.86000061035156,61.86000061035156,200,0.0,0.0,0.0
2022-09-22 12:30:00-04:00,61.84000015258789,61.84000015258789,61.84000015258789,61.84000015258789,182,0.0,0.0,0.0
2022-09-22 13:30:00-04:00,62.22999954223633,62.22999954223633,62.22999954223633,62.22999954223633,189,0.0,0.0,0.0
2022-09-22 15:30:00-04:00,62.599998474121094,62.65999984741211,62.599998474121094,62.65999984741211,977,0.0,0.0,0.0
2022-09-23 09:30:00-04:00,60.810001373291016,60.810001373291016,60.810001373291016,60.810001373291016,625,0.0,0.0,0.0
2022-09-23 11:30:00-04:00,60.599998474121094,60.599998474121094,60.2400016784668,60.2400016784668,513,0.0,0.0,0.0
2022-09-23 12:30:00-04:00,60.58000183105469,60.58000183105469,60.58000183105469,60.58000183105469,100,0.0,0.0,0.0
2022-09-23 13:30:00-04:00,60.310001373291016,60.47999954223633,59.59000015258789,59.810001373291016,3072,0.0,0.0,0.0
2022-09-23 14:30:00-04:00,59.45000076293945,59.849998474121094,59.23059844970703,59.849998474121094,767,0.0,0.0,0.0
2022-09-23 15:30:00-04:00,60.33000183105469,60.33000183105469,60.33000183105469,60.33000183105469,140,0.0,0.0,0.0
2022-09-26 09:30:00-04:00,58.52989959716797,59.339900970458984,58.08000183105469,59.339900970458984,4265,0.0,0.0,0.0
2022-09-26 10:30:00-04:00,59.10129928588867,59.10129928588867,57.68000030517578,57.68000030517578,1029,0.0,0.0,0.0
2022-09-26 11:30:00-04:00,57.11000061035156,57.369998931884766,56.5,56.640201568603516,4815,0.0,0.0,0.0
2022-09-26 12:30:00-04:00,56.27000045776367,56.342899322509766,56.15999984741211,56.15999984741211,813,0.0,0.0,0.0
2022-09-26 13:30:00-04:00,56.310001373291016,56.609901428222656,56.060001373291016,56.609901428222656,2922,0.0,0.0,0.0
2022-09-26 14:30:00-04:00,57.119998931884766,57.45000076293945,57.119998931884766,57.45000076293945,441,0.0,0.0,0.0
2022-09-26 15:30:00-04:00,57.619998931884766,57.7599983215332,57.20000076293945,57.20000076293945,0,0.0,0.0,0.0
2022-09-27 09:30:00-04:00,58.5,58.5,56.70069885253906,56.70500183105469,1925,0.0,0.0,0.0
2022-09-27 10:30:00-04:00,56.70000076293945,56.70000076293945,56.70000076293945,56.70000076293945,377,0.0,0.0,0.0
2022-09-27 11:30:00-04:00,56.36000061035156,56.36000061035156,56.08000183105469,56.08000183105469,418,0.0,0.0,0.0
2022-09-27 12:30:00-04:00,56.060001373291016,56.198001861572266,55.959999084472656,56.198001861572266,1205,0.0,0.0,0.0
2022-09-27 13:30:00-04:00,56.189998626708984,56.189998626708984,55.970001220703125,55.970001220703125,1421,0.0,0.0,0.0
2022-09-27 15:30:00-04:00,55.45000076293945,55.58449935913086,55.45000076293945,55.58449935913086,2306,0.0,0.0,0.0
2022-09-28 09:30:00-04:00,56.810001373291016,56.900001525878906,55.72999954223633,56.900001525878906,703,0.0,0.0,0.0
2022-09-28 10:30:00-04:00,57.28519821166992,57.59000015258789,57.28519821166992,57.59000015258789,552,0.0,0.0,0.0
2022-09-28 11:30:00-04:00,57.16999816894531,57.720001220703125,56.96229934692383,57.720001220703125,1265,0.0,0.0,0.0
2022-09-28 12:30:00-04:00,57.747501373291016,58.13999938964844,57.66999816894531,58.130001068115234,5902,0.0,0.0,0.0
2022-09-28 13:30:00-04:00,57.810001373291016,57.810001373291016,57.810001373291016,57.810001373291016,403,0.0,0.0,0.0
2022-09-28 14:30:00-04:00,57.72999954223633,57.72999954223633,57.72999954223633,57.72999954223633,205,0.0,0.0,0.0
2022-09-28 15:30:00-04:00,57.84000015258789,58.130001068115234,57.77000045776367,57.77000045776367,9217,0.0,0.0,0.0
2022-09-29 09:30:00-04:00,56.15800094604492,56.15800094604492,54.45500183105469,54.45500183105469,3364,0.0,0.0,0.0
2022-09-29 10:30:00-04:00,55.27399826049805,55.27399826049805,55.09000015258789,55.09000015258789,418,0.0,0.0,0.0
2022-09-29 11:30:00-04:00,54.970001220703125,54.970001220703125,54.970001220703125,54.970001220703125,105,0.0,0.0,0.0
2022-09-29 12:30:00-04:00,54.5,54.5,54.5,54.5,199,0.0,0.0,0.0
2022-09-29 13:30:00-04:00,54.40999984741211,54.40999984741211,54.0099983215332,54.060001373291016,5409,0.0,0.0,0.0
2022-09-29 14:30:00-04:00,54.029998779296875,54.029998779296875,54.029998779296875,54.029998779296875,147,0.0,0.0,0.0
2022-09-29 15:30:00-04:00,54.48759841918945,54.5099983215332,54.44990158081055,54.5099983215332,1170,0.0,0.0,0.0
2022-09-30 10:30:00-04:00,55.47010040283203,56.31999969482422,55.45000076293945,56.31999969482422,497,0.0,0.0,0.0
2022-09-30 11:30:00-04:00,55.7400016784668,55.7400016784668,55.40999984741211,55.47999954223633,410,0.0,0.0,0.0
2022-09-30 12:30:00-04:00,55.77000045776367,55.77000045776367,55.77000045776367,55.77000045776367,180,0.0,0.0,0.0
2022-09-30 13:30:00-04:00,55.97999954223633,55.97999954223633,55.97999954223633,55.97999954223633,234,0.0,0.0,0.0
2022-09-30 14:30:00-04:00,55.869998931884766,55.869998931884766,55.869998931884766,55.869998931884766,2119,0.0,0.0,0.0
2022-09-30 15:30:00-04:00,55.720001220703125,55.834999084472656,55.369998931884766,55.369998931884766,1950,0.0,0.0,0.0
2022-10-03 09:30:00-04:00,57.439998626708984,57.439998626708984,55.5,57.0,2418,0.0,0.0,0.0
2022-10-03 10:30:00-04:00,57.099998474121094,57.81999969482422,57.099998474121094,57.7599983215332,3758,0.0,0.0,0.0
2022-10-03 12:30:00-04:00,57.34000015258789,57.65999984741211,57.34000015258789,57.65999984741211,232,0.0,0.0,0.0
2022-10-03 13:30:00-04:00,57.779998779296875,57.81999969482422,57.779998779296875,57.81999969482422,751,0.0,0.0,0.0
2022-10-03 15:30:00-04:00,57.4900016784668,57.4900016784668,57.400001525878906,57.43000030517578,2153,0.0,0.0,0.0
2022-10-04 09:30:00-04:00,59.81999969482422,60.314998626708984,59.81999969482422,60.314998626708984,695,0.0,0.0,0.0
2022-10-04 10:30:00-04:00,60.150001525878906,60.150001525878906,59.91999816894531,59.91999816894531,342,0.0,0.0,0.0
2022-10-04 11:30:00-04:00,59.83000183105469,59.83000183105469,59.66999816894531,59.790000915527344,720,0.0,0.0,0.0
2022-10-04 12:30:00-04:00,59.169898986816406,59.169898986816406,59.169898986816406,59.169898986816406,300,0.0,0.0,0.0
2022-10-04 13:30:00-04:00,59.119998931884766,59.40999984741211,59.119998931884766,59.329898834228516,696,0.0,0.0,0.0
2022-10-05 09:30:00-04:00,57.70000076293945,58.07500076293945,55.95989990234375,56.03990173339844,1323,0.0,0.0,0.0
2022-10-05 11:30:00-04:00,55.845001220703125,56.709999084472656,55.845001220703125,56.709999084472656,372,0.0,0.0,0.0
2022-10-05 12:30:00-04:00,56.46500015258789,56.46500015258789,56.46500015258789,56.46500015258789,435,0.0,0.0,0.0
2022-10-05 13:30:00-04:00,56.845001220703125,56.845001220703125,56.845001220703125,56.845001220703125,185,0.0,0.0,0.0
2022-10-05 14:30:00-04:00,57.564998626708984,57.939998626708984,57.564998626708984,57.939998626708984,367,0.0,0.0,0.0
2022-10-05 15:30:00-04:00,57.2599983215332,57.37540054321289,57.22999954223633,57.37540054321289,0,0.0,0.0,0.0
2022-10-06 09:30:00-04:00,56.47999954223633,56.47999954223633,55.089900970458984,55.089900970458984,3634,0.0,0.0,0.0
2022-10-06 10:30:00-04:00,54.93000030517578,55.16999816894531,54.91999816894531,55.16999816894531,1311,0.0,0.0,0.0
2022-10-06 12:30:00-04:00,55.29349899291992,55.29349899291992,54.93000030517578,54.93000030517578,759,0.0,0.0,0.0
2022-10-06 13:30:00-04:00,54.60029983520508,54.60029983520508,54.60029983520508,54.60029983520508,212,0.0,0.0,0.0
2022-10-06 14:30:00-04:00,54.2400016784668,54.2400016784668,54.209999084472656,54.209999084472656,644,0.0,0.0,0.0
2022-10-06 15:30:00-04:00,54.19499969482422,54.19499969482422,54.09000015258789,54.09000015258789,0,0.0,0.0,0.0
2022-10-07 09:30:00-04:00,52.7599983215332,52.959999084472656,52.5099983215332,52.7599983215332,2231,0.0,0.0,0.0
2022-10-07 10:30:00-04:00,52.630001068115234,52.75,52.630001068115234,52.75,358,0.0,0.0,0.0
2022-10-07 11:30:00-04:00,52.20000076293945,52.20000076293945,52.20000076293945,52.20000076293945,763,0.0,0.0,0.0
2022-10-07 12:30:00-04:00,51.91999816894531,51.91999816894531,51.91999816894531,51.91999816894531,312,0.0,0.0,0.0
2022-10-07 13:30:00-04:00,52.068199157714844,52.068199157714844,52.013301849365234,52.064998626708984,1487,0.0,0.0,0.0
2022-10-07 14:30:00-04:00,51.0,51.0,51.0,51.0,134,0.0,0.0,0.0
2022-10-07 15:30:00-04:00,51.5099983215332,51.5099983215332,51.5099983215332,51.5099983215332,812,0.0,0.0,0.0
2022-10-10 09:30:00-04:00,51.400001525878906,52.11940002441406,51.400001525878906,52.099998474121094,9285,0.0,0.0,0.0
2022-10-10 10:30:00-04:00,51.83000183105469,51.83000183105469,51.099998474121094,51.099998474121094,4106,0.0,0.0,0.0
2022-10-10 13:30:00-04:00,51.02000045776367,51.470001220703125,51.02000045776367,51.21989822387695,812,0.0,0.0,0.0
2022-10-10 15:30:00-04:00,50.662498474121094,50.79999923706055,50.459999084472656,50.459999084472656,0,0.0,0.0,0.0
2022-10-11 09:30:00-04:00,50.18000030517578,50.18000030517578,49.54999923706055,50.11000061035156,3081,0.0,0.0,0.0
2022-10-11 10:30:00-04:00,50.72999954223633,51.150001525878906,50.720001220703125,50.720001220703125,2327,0.0,0.0,0.0
2022-10-11 11:30:00-04:00,51.0,51.2599983215332,51.0,51.02000045776367,494,0.0,0.0,0.0
2022-10-11 12:30:00-04:00,51.68000030517578,51.68000030517578,51.34920120239258,51.34920120239258,407,0.0,0.0,0.0
2022-10-11 13:30:00-04:00,51.29999923706055,51.29999923706055,51.29999923706055,51.29999923706055,115,0.0,0.0,0.0
2022-10-11 14:30:00-04:00,52.099998474121094,52.099998474121094,50.90999984741211,50.90999984741211,690,0.0,0.0,0.0
2022-10-11 15:30:00-04:00,51.41999816894531,51.54499816894531,51.41999816894531,51.54499816894531,415,0.0,0.0,0.0
2022-10-12 09:30:00-04:00,50.56999969482422,50.56999969482422,50.16999816894531,50.16999816894531,741,0.0,0.0,0.0
2022-10-12 10:30:00-04:00,50.47999954223633,50.47999954223633,50.47999954223633,50.47999954223633,102,0.0,0.0,0.0
2022-10-12 11:30:00-04:00,50.38999938964844,50.540000915527344,50.38999938964844,50.540000915527344,568,0.0,0.0,0.0
2022-10-12 13:30:00-04:00,50.869998931884766,50.869998931884766,50.869998931884766,50.869998931884766,458,0.0,0.0,0.0
2022-10-12 15:30:00-04:00,50.7599983215332,50.7599983215332,50.380001068115234,50.380001068115234,361,0.0,0.0,0.0
2022-10-13 09:30:00-04:00,48.619998931884766,49.34579849243164,47.65829849243164,48.9900016784668,2911,0.0,0.0,0.0
2022-10-13 10:30:00-04:00,48.900001525878906,48.93000030517578,48.790000915527344,48.93000030517578,834,0.0,0.0,0.0
2022-10-13 11:30:00-04:00,50.459999084472656,50.939998626708984,50.459999084472656,50.939998626708984,508,0.0,0.0,0.0
2022-10-13 12:30:00-04:00,51.29999923706055,51.63999938964844,51.29999923706055,51.63999938964844,606,0.0,0.0,0.0
2022-10-13 13:30:00-04:00,51.84000015258789,51.900001525878906,51.821800231933594,51.821800231933594,717,0.0,0.0,0.0
2022-10-13 14:30:00-04:00,52.0,52.0,52.0,52.0,331,0.0,0.0,0.0
2022-10-13 15:30:00-04:00,51.7400016784668,52.0,51.7400016784668,52.0,2350,0.0,0.0,0.0
2022-10-14 09:30:00-04:00,52.75,53.310001373291016,51.357601165771484,51.357601165771484,11549,0.0,0.0,0.0
2022-10-14 10:30:00-04:00,51.38999938964844,51.38999938964844,50.81999969482422,50.81999969482422,2187,0.0,0.0,0.0
2022-10-14 11:30:00-04:00,50.47999954223633,50.47999954223633,50.439998626708984,50.439998626708984,3118,0.0,0.0,0.0
2022-10-14 13:30:00-04:00,50.2588005065918,50.2588005065918,50.2588005065918,50.2588005065918,771,0.0,0.0,0.0
2022-10-14 15:30:00-04:00,49.599998474121094,49.599998474121094,49.220001220703125,49.220001220703125,1735,0.0,0.0,0.0
2022-10-17 09:30:00-04:00,50.7599983215332,53.099998474121094,50.7599983215332,53.099998474121094,5447,0.0,0.0,0.0
2022-10-17 10:30:00-04:00,53.220001220703125,53.220001220703125,53.016300201416016,53.016300201416016,416,0.0,0.0,0.0
2022-10-17 11:30:00-04:00,53.31999969482422,53.31999969482422,53.31999969482422,53.31999969482422,240,0.0,0.0,0.0
2022-10-17 12:30:00-04:00,52.790000915527344,52.790000915527344,52.72249984741211,52.72249984741211,502,0.0,0.0,0.0
2022-10-17 13:30:00-04:00,52.96689987182617,52.96689987182617,52.96689987182617,52.96689987182617,603,0.0,0.0,0.0
2022-10-17 15:30:00-04:00,52.83000183105469,52.880001068115234,52.81999969482422,52.81999969482422,1592,0.0,0.0,0.0
2022-10-18 09:30:00-04:00,54.31999969482422,55.380001068115234,54.31999969482422,54.689998626708984,3874,0.0,0.0,0.0
2022-10-18 10:30:00-04:00,54.65999984741211,54.65999984741211,54.04999923706055,54.04999923706055,1641,0.0,0.0,0.0
2022-10-18 15:30:00-04:00,53.720001220703125,53.970001220703125,53.720001220703125,53.970001220703125,336,0.0,0.0,0.0
2022-10-19 10:30:00-04:00,52.790000915527344,52.790000915527344,51.367000579833984,51.367000579833984,78,0.0,0.0,0.0
2022-10-20 09:30:00-04:00,51.18000030517578,51.95000076293945,51.18000030517578,51.95000076293945,2407,0.0,0.0,0.0
2022-10-20 10:30:00-04:00,52.15999984741211,52.15999984741211,52.15999984741211,52.15999984741211,225,0.0,0.0,0.0
2022-10-20 11:30:00-04:00,51.809898376464844,51.809898376464844,51.08000183105469,51.220001220703125,2053,0.0,0.0,0.0
2022-10-20 12:30:00-04:00,51.29499816894531,51.29499816894531,51.29499816894531,51.29499816894531,100,0.0,0.0,0.0
2022-10-20 13:30:00-04:00,51.27000045776367,51.27000045776367,51.060001373291016,51.060001373291016,969,0.0,0.0,0.0
2022-10-20 15:30:00-04:00,50.9900016784668,50.9900016784668,50.84000015258789,50.84000015258789,1101,0.0,0.0,0.0
2022-10-21 09:30:00-04:00,49.90999984741211,50.9744987487793,49.90999984741211,50.9744987487793,2131,0.0,0.0,0.0
2022-10-21 10:30:00-04:00,50.097198486328125,50.097198486328125,50.097198486328125,50.097198486328125,268,0.0,0.0,0.0
2022-10-21 11:30:00-04:00,50.13999938964844,50.31999969482422,50.13999938964844,50.31999969482422,1061,0.0,0.0,0.0
2022-10-21 13:30:00-04:00,51.20000076293945,51.20000076293945,51.20000076293945,51.20000076293945,333,0.0,0.0,0.0
2022-10-21 15:30:00-04:00,51.52000045776367,51.52000045776367,51.52000045776367,51.52000045776367,589,0.0,0.0,0.0
2022-10-24 09:30:00-04:00,52.029998779296875,52.029998779296875,52.029998779296875,52.029998779296875,1648,0.0,0.0,0.0
2022-10-24 10:30:00-04:00,51.459999084472656,51.459999084472656,51.459999084472656,51.459999084472656,148,0.0,0.0,0.0
2022-10-24 11:30:00-04:00,51.88930130004883,51.88930130004883,51.790000915527344,51.790000915527344,862,0.0,0.0,0.0
2022-10-24 15:30:00-04:00,51.60499954223633,51.60499954223633,51.40999984741211,51.40999984741211,2005,0.0,0.0,0.0
2022-10-25 09:30:00-04:00,51.619998931884766,51.619998931884766,51.619998931884766,51.619998931884766,0,0.0,0.0,0.0
2022-10-25 12:30:00-04:00,55.06999969482422,55.06999969482422,55.06999969482422,55.06999969482422,296,0.0,0.0,0.0
2022-10-25 13:30:00-04:00,54.970001220703125,54.970001220703125,54.93000030517578,54.93000030517578,1847,0.0,0.0,0.0
2022-10-25 15:30:00-04:00,55.279998779296875,55.279998779296875,55.279998779296875,55.279998779296875,212,0.0,0.0,0.0
2022-10-26 09:30:00-04:00,55.189998626708984,56.130001068115234,55.189998626708984,56.130001068115234,954,0.0,0.0,0.0
2022-10-26 11:30:00-04:00,56.709999084472656,56.709999084472656,56.709999084472656,56.709999084472656,1172,0.0,0.0,0.0
2022-10-26 12:30:00-04:00,56.39400100708008,56.39400100708008,56.290000915527344,56.290000915527344,326,0.0,0.0,0.0
2022-10-26 13:30:00-04:00,56.099998474121094,56.099998474121094,56.099998474121094,56.099998474121094,239,0.0,0.0,0.0
2022-10-26 15:30:00-04:00,56.06999969482422,56.06999969482422,55.75,55.75,974,0.0,0.0,0.0
2022-10-27 09:30:00-04:00,56.57929992675781,56.57929992675781,56.5,56.5,693,0.0,0.0,0.0
2022-10-27 12:30:00-04:00,56.22999954223633,56.22999954223633,56.22999954223633,56.22999954223633,214,0.0,0.0,0.0
2022-10-27 15:30:00-04:00,56.20000076293945,56.20000076293945,55.689998626708984,55.689998626708984,561,0.0,0.0,0.0
2022-10-28 09:30:00-04:00,56.11000061035156,56.95000076293945,56.11000061035156,56.95000076293945,662,0.0,0.0,0.0
2022-10-28 10:30:00-04:00,57.5275993347168,57.5275993347168,57.5275993347168,57.5275993347168,383,0.0,0.0,0.0
2022-10-28 11:30:00-04:00,57.47999954223633,57.47999954223633,57.47999954223633,57.47999954223633,191,0.0,0.0,0.0
2022-10-28 12:30:00-04:00,58.209999084472656,58.209999084472656,58.209999084472656,58.209999084472656,347,0.0,0.0,0.0
2022-10-28 14:30:00-04:00,58.46699905395508,58.46699905395508,58.46699905395508,58.46699905395508,555,0.0,0.0,0.0
2022-10-28 15:30:00-04:00,58.5099983215332,58.529998779296875,58.42499923706055,58.43149948120117,1504,0.0,0.0,0.0
2022-10-31 09:30:00-04:00,57.34000015258789,58.41999816894531,57.34000015258789,58.06999969482422,1657,0.0,0.0,0.0
2022-10-31 10:30:00-04:00,58.08000183105469,58.08000183105469,58.08000183105469,58.08000183105469,461,0.0,0.0,0.0
2022-10-31 11:30:00-04:00,58.25,58.4296989440918,58.25,58.4296989440918,462,0.0,0.0,0.0
2022-10-31 12:30:00-04:00,58.29999923706055,58.38100051879883,58.29990005493164,58.38100051879883,613,0.0,0.0,0.0
2022-10-31 14:30:00-04:00,58.310001373291016,58.310001373291016,58.310001373291016,58.310001373291016,125,0.0,0.0,0.0
2022-10-31 15:30:00-04:00,58.310001373291016,58.310001373291016,58.220001220703125,58.220001220703125,0,0.0,0.0,0.0
2022-11-01 09:30:00-04:00,59.07899856567383,59.290000915527344,58.380001068115234,58.55540084838867,3974,0.0,0.0,0.0
2022-11-01 10:30:00-04:00,58.904998779296875,58.904998779296875,58.4900016784668,58.4900016784668,426,0.0,0.0,0.0
2022-11-01 11:30:00-04:00,58.540000915527344,58.540000915527344,58.540000915527344,58.540000915527344,284,0.0,0.0,0.0
2022-11-01 15:30:00-04:00,58.2599983215332,58.2599983215332,58.150001525878906,58.150001525878906,991,0.0,0.0,0.0
2022-11-02 09:30:00-04:00,57.540000915527344,57.540000915527344,57.540000915527344,57.540000915527344,226,0.0,0.0,0.0
2022-11-02 14:30:00-04:00,56.1150016784668,56.15999984741211,56.1150016784668,56.15999984741211,537,0.0,0.0,0.0
2022-11-02 15:30:00-04:00,55.0,55.06999969482422,55.0,55.06999969482422,1003,0.0,0.0,0.0
2022-11-03 09:30:00-04:00,53.93000030517578,53.93000030517578,53.81679916381836,53.81679916381836,0,0.0,0.0,0.0
2022-11-03 10:30:00-04:00,54.08789825439453,54.08789825439453,54.08789825439453,54.08789825439453,316,0.0,0.0,0.0
2022-11-03 11:30:00-04:00,54.849998474121094,54.90999984741211,54.849998474121094,54.90999984741211,675,0.0,0.0,0.0
2022-11-03 12:30:00-04:00,55.380001068115234,55.380001068115234,55.380001068115234,55.380001068115234,306,0.0,0.0,0.0
2022-11-03 13:30:00-04:00,55.62990188598633,55.630001068115234,55.62990188598633,55.630001068115234,219,0.0,0.0,0.0
2022-11-03 15:30:00-04:00,54.880401611328125,54.88999938964844,54.81999969482422,54.88999938964844,441,0.0,0.0,0.0
2022-11-04 09:30:00-04:00,55.900001525878906,55.900001525878906,55.900001525878906,55.900001525878906,641,0.0,0.0,0.0
2022-11-04 10:30:00-04:00,56.619998931884766,56.619998931884766,56.619998931884766,56.619998931884766,211,0.0,0.0,0.0
2022-11-04 11:30:00-04:00,54.880001068115234,54.880001068115234,54.880001068115234,54.880001068115234,911,0.0,0.0,0.0
2022-11-04 14:30:00-04:00,55.43000030517578,55.43000030517578,55.43000030517578,55.43000030517578,134,0.0,0.0,0.0
2022-11-04 15:30:00-04:00,56.08000183105469,56.18000030517578,56.08000183105469,56.18000030517578,331,0.0,0.0,0.0
2022-11-07 12:30:00-05:00,56.11000061035156,56.13909912109375,56.11000061035156,56.13909912109375,1219,0.0,0.0,0.0
2022-11-07 15:30:00-05:00,56.5,56.5,56.369998931884766,56.369998931884766,0,0.0,0.0,0.0
2022-11-08 09:30:00-05:00,56.97999954223633,56.97999954223633,56.970001220703125,56.970001220703125,417,0.0,0.0,0.0
2022-11-08 10:30:00-05:00,57.45000076293945,57.63999938964844,57.45000076293945,57.63999938964844,1110,0.0,0.0,0.0
2022-11-08 11:30:00-05:00,57.880001068115234,57.880001068115234,57.880001068115234,57.880001068115234,1008,0.0,0.0,0.0
2022-11-08 15:30:00-05:00,57.54999923706055,57.54999923706055,56.849998474121094,56.849998474121094,693,0.0,0.0,0.0
2022-11-09 10:30:00-05:00,57.13309860229492,57.13309860229492,57.13309860229492,57.13309860229492,4196,0.0,0.0,0.0
2022-11-09 12:30:00-05:00,57.619998931884766,57.619998931884766,55.7318000793457,55.7318000793457,0,0.0,0.0,0.0
2022-11-10 09:30:00-05:00,60.0,62.547698974609375,60.0,62.5275993347168,8316,0.0,0.0,0.0
2022-11-10 10:30:00-05:00,63.3650016784668,63.3650016784668,63.3650016784668,63.3650016784668,505,0.0,0.0,0.0
2022-11-10 11:30:00-05:00,63.375,63.839900970458984,63.375,63.839900970458984,913,0.0,0.0,0.0
2022-11-10 12:30:00-05:00,63.13959884643555,63.13959884643555,62.75,62.75,1348,0.0,0.0,0.0
2022-11-10 14:30:00-05:00,62.67499923706055,63.973201751708984,62.67499923706055,63.973201751708984,0,0.0,0.0,0.0
2022-11-11 09:30:00-05:00,64.4000015258789,65.0,64.19999694824219,65.0,2255,0.0,0.0,0.0
2022-11-11 10:30:00-05:00,63.900001525878906,64.12000274658203,63.779998779296875,64.12000274658203,821,0.0,0.0,0.0
2022-11-11 11:30:00-05:00,63.619998931884766,63.630001068115234,63.619998931884766,63.630001068115234,1036,0.0,0.0,0.0
2022-11-11 12:30:00-05:00,63.63249969482422,63.900001525878906,63.63249969482422,63.900001525878906,2108,0.0,0.0,0.0
2022-11-11 14:30:00-05:00,64.25,64.25,64.25,64.25,276,0.0,0.0,0.0
2022-11-11 15:30:00-05:00,63.900001525878906,63.900001525878906,63.66999816894531,63.66999816894531,330,0.0,0.0,0.0
2022-11-14 09:30:00-05:00,63.0099983215332,63.1703987121582,62.015201568603516,62.23649978637695,1769,0.0,0.0,0.0
2022-11-14 10:30:00-05:00,62.09560012817383,62.09560012817383,62.09560012817383,62.09560012817383,161,0.0,0.0,0.0
2022-11-14 11:30:00-05:00,62.0,62.0099983215332,62.0,62.0099983215332,373,0.0,0.0,0.0
2022-11-14 14:30:00-05:00,61.66999816894531,61.66999816894531,60.62049865722656,60.62049865722656,0,0.0,0.0,0.0
2022-11-15 09:30:00-05:00,62.38589859008789,62.43000030517578,62.08000183105469,62.08000183105469,1624,0.0,0.0,0.0
2022-11-15 10:30:00-05:00,61.95000076293945,61.95000076293945,61.73870086669922,61.73870086669922,3019,0.0,0.0,0.0
2022-11-15 12:30:00-05:00,61.09000015258789,61.099998474121094,61.0,61.0,300,0.0,0.0,0.0
2022-11-15 13:30:00-05:00,60.70000076293945,61.130001068115234,60.70000076293945,61.130001068115234,382,0.0,0.0,0.0
2022-11-16 09:30:00-05:00,61.5099983215332,61.5099983215332,61.4900016784668,61.4900016784668,0,0.0,0.0,0.0
2022-11-16 10:30:00-05:00,61.279998779296875,61.470001220703125,61.279998779296875,61.470001220703125,283,0.0,0.0,0.0
2022-11-16 15:30:00-05:00,61.0620002746582,61.209999084472656,61.0620002746582,61.097801208496094,1210,0.0,0.0,0.0
2022-11-17 14:30:00-05:00,59.43629837036133,59.43629837036133,59.43629837036133,59.43629837036133,1215,0.0,0.0,0.0
2022-11-17 15:30:00-05:00,59.040000915527344,59.84000015258789,59.040000915527344,59.84000015258789,0,0.0,0.0,0.0
2022-11-18 09:30:00-05:00,60.310001373291016,61.14350128173828,60.310001373291016,61.14350128173828,738,0.0,0.0,0.0
2022-11-22 10:30:00-05:00,62.00640106201172,62.0880012512207,62.00640106201172,62.0880012512207,826,0.0,0.0,0.0
2022-11-22 11:30:00-05:00,61.87329864501953,61.87329864501953,61.87329864501953,61.87329864501953,125,0.0,0.0,0.0
2022-11-22 15:30:00-05:00,62.4900016784668,62.59830093383789,62.4900016784668,62.59830093383789,100,0.0,0.0,0.0
2022-11-23 09:30:00-05:00,62.970001220703125,63.02220153808594,62.970001220703125,63.02220153808594,0,0.0,0.0,0.0
2022-11-23 10:30:00-05:00,63.33000183105469,63.33000183105469,63.33000183105469,63.33000183105469,206,0.0,0.0,0.0
2022-11-23 11:30:00-05:00,62.58000183105469,62.58000183105469,62.5,62.5,426,0.0,0.0,0.0
2022-11-23 15:30:00-05:00,62.709999084472656,62.709999084472656,62.699501037597656,62.699501037597656,400,0.0,0.0,0.0
2022-11-25 12:30:00-05:00,63.58000183105469,63.58000183105469,63.58000183105469,63.58000183105469,0,0.0,0.0,0.0
2022-11-28 11:30:00-05:00,61.93000030517578,61.93000030517578,61.93000030517578,61.93000030517578,1980,0.0,0.0,0.0
2022-11-28 12:30:00-05:00,61.2599983215332,61.2599983215332,61.2599983215332,61.2599983215332,341,0.0,0.0,0.0
2022-11-28 13:30:00-05:00,60.7599983215332,60.7599983215332,60.75,60.75,324,0.0,0.0,0.0
2022-11-28 15:30:00-05:00,60.18000030517578,60.18000030517578,60.18000030517578,60.18000030517578,1750,0.0,0.0,0.0
2022-11-29 10:30:00-05:00,61.62409973144531,61.62409973144531,61.62409973144531,61.62409973144531,0,0.0,0.0,0.0
2022-11-29 11:30:00-05:00,61.01020050048828,61.01020050048828,61.01020050048828,61.01020050048828,642,0.0,0.0,0.0
2022-11-29 15:30:00-05:00,62.01679992675781,62.01679992675781,62.01679992675781,62.01679992675781,0,0.0,0.0,0.0
2022-11-30 12:30:00-05:00,61.36000061035156,61.36000061035156,61.36000061035156,61.36000061035156,317,0.0,0.0,0.0
2022-11-30 13:30:00-05:00,63.560001373291016,63.560001373291016,63.560001373291016,63.560001373291016,200,0.0,0.0,0.0
2022-11-30 14:30:00-05:00,63.45000076293945,63.45000076293945,63.45000076293945,63.45000076293945,265,0.0,0.0,0.0
2022-11-30 15:30:00-05:00,64.42410278320312,64.76909637451172,64.42410278320312,64.76909637451172,0,0.0,0.0,0.0
2022-12-01 10:30:00-05:00,64.80000305175781,64.80000305175781,64.58570098876953,64.58570098876953,253,0.0,0.0,0.0
2022-12-02 09:30:00-05:00,62.95000076293945,64.28690338134766,62.95000076293945,64.28690338134766,959,0.0,0.0,0.0
2022-12-05 15:30:00-05:00,62.0,62.0,61.9463005065918,61.9463005065918,349,0.0,0.0,0.0
2022-12-06 09:30:00-05:00,61.5,61.5,61.22999954223633,61.24169921875,356,0.0,0.0,0.0
2022-12-06 10:30:00-05:00,61.58000183105469,61.58000183105469,61.40999984741211,61.40999984741211,602,0.0,0.0,0.0
2022-12-06 11:30:00-05:00,60.994998931884766,60.994998931884766,60.994998931884766,60.994998931884766,835,0.0,0.0,0.0
2022-12-06 13:30:00-05:00,60.34000015258789,60.34000015258789,60.34000015258789,60.34000015258789,299,0.0,0.0,0.0
2022-12-06 15:30:00-05:00,60.459999084472656,60.73320007324219,60.459999084472656,60.73320007324219,0,0.0,0.0,0.0
2022-12-07 10:30:00-05:00,61.52000045776367,61.52000045776367,61.52000045776367,61.52000045776367,221,0.0,0.0,0.0
2022-12-07 11:30:00-05:00,61.43000030517578,61.43000030517578,61.43000030517578,61.43000030517578,108,0.0,0.0,0.0
2022-12-07 12:30:00-05:00,61.040000915527344,61.040000915527344,61.040000915527344,61.040000915527344,195,0.0,0.0,0.0
2022-12-07 14:30:00-05:00,60.9900016784668,61.04999923706055,60.9900016784668,61.04999923706055,337,0.0,0.0,0.0
2022-12-07 15:30:00-05:00,61.0099983215332,61.0099983215332,61.0099983215332,61.0099983215332,0,0.0,0.0,0.0
2022-12-08 15:30:00-05:00,61.9281005859375,61.9281005859375,61.918800354003906,61.918800354003906,256,0.0,0.0,0.0
2022-12-09 14:30:00-05:00,62.38740158081055,62.38740158081055,61.70669937133789,61.70669937133789,528,0.0,0.0,0.0
2022-12-12 13:30:00-05:00,61.70000076293945,62.5453987121582,61.70000076293945,62.5453987121582,11,0.0,0.0,0.0
2022-12-13 09:30:00-05:00,65.77999877929688,65.77999877929688,64.96869659423828,64.96869659423828,129,0.0,0.0,0.0
2022-12-14 15:30:00-05:00,63.95349884033203,64.06999969482422,63.95349884033203,64.02999877929688,529,0.0,0.0,0.0
2022-12-15 09:30:00-05:00,62.54999923706055,63.33000183105469,62.5099983215332,63.33000183105469,925,0.0,0.0,0.0
2022-12-15 10:30:00-05:00,62.11000061035156,62.21379852294922,62.11000061035156,62.21379852294922,0,0.0,0.0,0.0
2022-12-16 11:30:00-05:00,58.43190002441406,58.43190002441406,58.43190002441406,58.43190002441406,342,0.0,0.0,0.0
2022-12-16 13:30:00-05:00,58.40890121459961,58.40890121459961,58.40890121459961,58.40890121459961,377,0.0,0.0,0.0
2022-12-16 15:30:00-05:00,59.02000045776367,59.02000045776367,59.02000045776367,59.02000045776367,517,0.0,0.0,0.0
2022-12-19 09:30:00-05:00,58.40999984741211,58.40999984741211,58.40999984741211,58.40999984741211,277,0.0,0.0,0.0
2022-12-19 13:30:00-05:00,58.0,58.0,57.2776985168457,57.65489959716797,1107,0.0,0.0,0.0
2022-12-20 09:30:00-05:00,56.810001373291016,56.810001373291016,56.79999923706055,56.79999923706055,0,0.0,0.0,0.0
2022-12-20 10:30:00-05:00,57.185001373291016,57.185001373291016,57.185001373291016,57.185001373291016,181,0.0,0.0,0.0
2022-12-20 11:30:00-05:00,57.5,57.5,57.5,57.5,1147,0.0,0.0,0.0
2022-12-20 12:30:00-05:00,57.654998779296875,57.654998779296875,57.59000015258789,57.59000015258789,650,0.0,0.0,0.0
2022-12-20 14:30:00-05:00,57.22999954223633,57.22999954223633,57.22999954223633,57.22999954223633,217,0.0,0.0,0.0
2022-12-20 15:30:00-05:00,57.27939987182617,57.27939987182617,57.22999954223633,57.24789810180664,0,0.0,0.0,0.0
2022-12-21 10:30:00-05:00,59.3650016784668,59.3650016784668,59.3650016784668,59.3650016784668,259,0.0,0.0,0.0
2022-12-21 11:30:00-05:00,59.483699798583984,59.483699798583984,58.406700134277344,58.406700134277344,1059,0.0,0.0,0.0
2022-12-22 12:30:00-05:00,56.0,56.0,55.79999923706055,55.79999923706055,1214,0.0,0.0,0.0
2022-12-22 13:30:00-05:00,55.79999923706055,55.79999923706055,55.540000915527344,55.79999923706055,5018,0.0,0.0,0.0
2022-12-22 15:30:00-05:00,57.540000915527344,57.59000015258789,57.540000915527344,57.59000015258789,1800,0.0,0.0,0.0
2022-12-23 13:30:00-05:00,57.71229934692383,58.48929977416992,57.71229934692383,58.48929977416992,0,0.0,0.0,0.0
2022-12-27 09:30:00-05:00,57.94599914550781,57.94599914550781,57.720001220703125,57.720001220703125,1080,0.0,0.0,0.0
2022-12-27 11:30:00-05:00,58.04999923706055,58.04999923706055,58.04999923706055,58.04999923706055,382,0.0,0.0,0.0
2022-12-27 14:30:00-05:00,58.25,58.25,58.25,58.25,238,0.0,0.0,0.0
2022-12-27 15:30:00-05:00,58.41999816894531,58.41999816894531,58.400001525878906,58.41999816894531,928,0.0,0.0,0.0
2022-12-28 10:30:00-05:00,58.279998779296875,58.279998779296875,58.279998779296875,58.279998779296875,0,0.0,0.0,0.0
2022-12-28 11:30:00-05:00,58.0,58.0,57.33000183105469,57.33000183105469,1409,0.0,0.0,0.0
2022-12-28 13:30:00-05:00,57.28670120239258,57.28670120239258,57.15999984741211,57.15999984741211,1083,0.0,0.0,0.0
2022-12-28 14:30:00-05:00,56.824798583984375,56.824798583984375,56.824798583984375,56.824798583984375,297,0.0,0.0,0.0
2022-12-28 15:30:00-05:00,56.43000030517578,56.43000030517578,56.43000030517578,56.43000030517578,531,0.0,0.0,0.0
2022-12-29 10:30:00-05:00,58.640098571777344,58.640098571777344,58.22999954223633,58.27000045776367,1211,0.0,0.0,0.0
2022-12-29 11:30:00-05:00,58.29999923706055,59.040000915527344,58.29999923706055,59.029998779296875,3240,0.0,0.0,0.0
2022-12-29 12:30:00-05:00,59.09000015258789,59.099998474121094,58.810001373291016,58.81999969482422,2178,0.0,0.0,0.0
2022-12-29 13:30:00-05:00,58.79999923706055,58.86000061035156,58.45000076293945,58.45000076293945,1964,0.0,0.0,0.0
2022-12-29 14:30:00-05:00,58.400001525878906,58.790000915527344,58.400001525878906,58.7400016784668,2618,0.0,0.0,0.0
2022-12-29 15:30:00-05:00,58.66999816894531,59.029998779296875,58.66999816894531,58.790000915527344,0,0.0,0.0,0.0
2022-12-30 09:30:00-05:00,57.88999938964844,58.43000030517578,57.88999938964844,58.340999603271484,3041,0.0,0.0,0.0
2022-12-30 10:30:00-05:00,58.119998931884766,58.130001068115234,58.01100158691406,58.01100158691406,3692,0.0,0.0,0.0
2022-12-30 11:30:00-05:00,57.96989822387695,57.96989822387695,57.96989822387695,57.96989822387695,184,0.0,0.0,0.0
2022-12-30 13:30:00-05:00,57.480899810791016,57.480899810791016,57.31039810180664,57.31039810180664,360,0.0,0.0,0.0
2022-12-30 14:30:00-05:00,56.79999923706055,57.84260177612305,56.79999923706055,57.84260177612305,1738,0.0,0.0,0.0
2023-01-03 09:30:00-05:00,58.459999084472656,58.459999084472656,58.459999084472656,58.459999084472656,0,0.0,0.0,0.0
2023-01-03 10:30:00-05:00,57.91999816894531,58.349998474121094,57.91999816894531,58.349998474121094,387,0.0,0.0,0.0
2023-01-04 10:30:00-05:00,60.45009994506836,60.45009994506836,60.45000076293945,60.45000076293945,111,0.0,0.0,0.0
2023-01-04 12:30:00-05:00,61.599998474121094,61.599998474121094,61.36000061035156,61.36000061035156,543,0.0,0.0,0.0
2023-01-04 15:30:00-05:00,60.61000061035156,60.61000061035156,60.61000061035156,60.61000061035156,700,0.0,0.0,0.0
2023-01-05 09:30:00-05:00,59.40999984741211,59.40999984741211,57.849998474121094,57.849998474121094,335,0.0,0.0,0.0
2023-01-05 10:30:00-05:00,57.6682014465332,57.6682014465332,57.6682014465332,57.6682014465332,154,0.0,0.0,0.0
2023-01-05 14:30:00-05:00,58.16999816894531,58.16999816894531,58.16999816894531,58.16999816894531,337,0.0,0.0,0.0
2023-01-05 15:30:00-05:00,57.459999084472656,57.459999084472656,57.33000183105469,57.33000183105469,798,0.0,0.0,0.0
2023-01-06 10:30:00-05:00,59.15650177001953,59.279998779296875,59.15650177001953,59.27000045776367,3628,0.0,0.0,0.0
2023-01-06 13:30:00-05:00,60.099998474121094,60.099998474121094,60.099998474121094,60.099998474121094,228,0.0,0.0,0.0
2023-01-06 15:30:00-05:00,60.83000183105469,60.83000183105469,60.47999954223633,60.47999954223633,1104,0.0,0.0,0.0
2023-01-09 10:30:00-05:00,61.400001525878906,61.599998474121094,61.400001525878906,61.599998474121094,491,0.0,0.0,0.0
2023-01-09 11:30:00-05:00,61.5,61.5,61.459999084472656,61.459999084472656,2257,0.0,0.0,0.0
2023-01-09 15:30:00-05:00,60.5,60.5,60.470001220703125,60.470001220703125,950,0.0,0.0,0.0
2023-01-10 09:30:00-05:00,60.720001220703125,60.720001220703125,60.720001220703125,60.720001220703125,0,0.0,0.0,0.0
2023-01-10 13:30:00-05:00,60.2598991394043,60.2598991394043,60.2598991394043,60.2598991394043,117,0.0,0.0,0.0
2023-01-10 15:30:00-05:00,60.77000045776367,60.77000045776367,60.77000045776367,60.77000045776367,0,0.0,0.0,0.0
2023-01-11 09:30:00-05:00,62.95989990234375,63.099998474121094,62.95989990234375,63.099998474121094,458,0.0,0.0,0.0
2023-01-11 10:30:00-05:00,63.32429885864258,63.32429885864258,63.32429885864258,63.32429885864258,594,0.0,0.0,0.0
2023-01-11 13:30:00-05:00,64.30999755859375,64.30999755859375,64.30000305175781,64.30000305175781,855,0.0,0.0,0.0
2023-01-11 15:30:00-05:00,64.86000061035156,65.17500305175781,64.86000061035156,65.08999633789062,0,0.0,0.0,0.0
2023-01-12 09:30:00-05:00,65.13999938964844,65.13999938964844,65.13999938964844,65.13999938964844,885,0.0,0.0,0.0
2023-01-12 10:30:00-05:00,65.41000366210938,65.41000366210938,65.41000366210938,65.41000366210938,515,0.0,0.0,0.0
2023-01-12 11:30:00-05:00,65.1500015258789,66.02799987792969,65.10749816894531,66.02799987792969,829,0.0,0.0,0.0
2023-01-12 12:30:00-05:00,66.68000030517578,66.68000030517578,66.6500015258789,66.6500015258789,2200,0.0,0.0,0.0
2023-01-12 13:30:00-05:00,66.01750183105469,66.01750183105469,66.01750183105469,66.01750183105469,251,0.0,0.0,0.0
2023-01-12 14:30:00-05:00,66.70989990234375,66.70989990234375,66.4000015258789,66.44000244140625,915,0.0,0.0,0.0
2023-01-12 15:30:00-05:00,66.55000305175781,66.55000305175781,66.51000213623047,66.51000213623047,2304,0.0,0.0,0.0
2023-01-13 12:30:00-05:00,65.68990325927734,65.83070373535156,65.68990325927734,65.83070373535156,495,0.0,0.0,0.0
2023-01-17 12:30:00-05:00,66.33000183105469,66.33000183105469,66.2699966430664,66.2699966430664,137,0.0,0.0,0.0
2023-01-17 13:30:00-05:00,66.5199966430664,66.5199966430664,66.3499984741211,66.3499984741211,238,0.0,0.0,0.0
2023-01-17 14:30:00-05:00,66.37989807128906,66.37999725341797,65.92310333251953,65.92310333251953,0,0.0,0.0,0.0
2023-01-18 09:30:00-05:00,66.5,66.5,66.5,66.5,501,0.0,0.0,0.0
2023-01-18 10:30:00-05:00,65.95500183105469,65.95500183105469,65.95500183105469,65.95500183105469,332,0.0,0.0,0.0
2023-01-18 12:30:00-05:00,63.993900299072266,63.993900299072266,63.993900299072266,63.993900299072266,273,0.0,0.0,0.0
2023-01-19 09:30:00-05:00,63.84000015258789,64.4000015258789,63.84000015258789,64.4000015258789,800,0.0,0.0,0.0
2023-01-19 15:30:00-05:00,63.54999923706055,63.54999923706055,63.437801361083984,63.437801361083984,0,0.0,0.0,0.0
2023-01-20 09:30:00-05:00,62.86989974975586,62.86989974975586,62.86989974975586,62.86989974975586,212,0.0,0.0,0.0
2023-01-20 15:30:00-05:00,64.51000213623047,64.86689758300781,64.51000213623047,64.86689758300781,185,0.0,0.0,0.0
2023-01-23 10:30:00-05:00,65.06999969482422,65.5,65.06999969482422,65.5,278,0.0,0.0,0.0
2023-01-23 13:30:00-05:00,65.99500274658203,65.99500274658203,65.39450073242188,65.39450073242188,0,0.0,0.0,0.0
2023-01-24 09:30:00-05:00,65.16000366210938,65.16000366210938,65.16000366210938,65.16000366210938,437,0.0,0.0,0.0
2023-01-24 15:30:00-05:00,65.45999908447266,65.72750091552734,65.45999908447266,65.72750091552734,0,0.0,0.0,0.0
2023-01-25 09:30:00-05:00,65.13999938964844,65.52239990234375,64.70999908447266,65.52239990234375,167,0.0,0.0,0.0
2023-01-26 15:30:00-05:00,67.0,67.0,67.0,67.0,276,0.0,0.0,0.0
2023-01-27 11:30:00-05:00,68.0,68.0,68.0,68.0,239,0.0,0.0,0.0
2023-01-27 12:30:00-05:00,67.91999816894531,67.91999816894531,67.91999816894531,67.91999816894531,781,0.0,0.0,0.0
2023-01-27 15:30:00-05:00,68.87000274658203,68.87000274658203,68.37100219726562,68.37100219726562,615,0.0,0.0,0.0
2023-01-30 10:30:00-05:00,67.83000183105469,67.83000183105469,67.83000183105469,67.83000183105469,0,0.0,0.0,0.0
2023-01-30 14:30:00-05:00,67.08000183105469,67.08000183105469,67.08000183105469,67.08000183105469,698,0.0,0.0,0.0
2023-01-31 10:30:00-05:00,68.13999938964844,68.13999938964844,68.13999938964844,68.13999938964844,0,0.0,0.0,0.0
2023-01-31 11:30:00-05:00,68.13999938964844,68.13999938964844,67.99620056152344,67.99620056152344,239,0.0,0.0,0.0
2023-01-31 12:30:00-05:00,68.25,68.53009796142578,68.25,68.4800033569336,1162,0.0,0.0,0.0
2023-01-31 14:30:00-05:00,68.56649780273438,68.56649780273438,68.56649780273438,68.56649780273438,137,0.0,0.0,0.0
2023-01-31 15:30:00-05:00,68.47000122070312,69.12999725341797,68.47000122070312,69.12000274658203,828,0.0,0.0,0.0
2023-02-01 09:30:00-05:00,68.76000213623047,68.76000213623047,68.76000213623047,68.76000213623047,383,0.0,0.0,0.0
2023-02-01 10:30:00-05:00,67.9800033569336,68.08999633789062,67.97760009765625,68.08999633789062,481,0.0,0.0,0.0
2023-02-01 11:30:00-05:00,68.29570007324219,68.29570007324219,68.19999694824219,68.19999694824219,1198,0.0,0.0,0.0
2023-02-01 12:30:00-05:00,67.91999816894531,67.91999816894531,67.91999816894531,67.91999816894531,337,0.0,0.0,0.0
2023-02-01 14:30:00-05:00,68.2300033569336,68.2300033569336,68.2300033569336,68.2300033569336,417,0.0,0.0,0.0
2023-02-01 15:30:00-05:00,71.0,71.0,69.91999816894531,70.17579650878906,0,0.0,0.0,0.0
2023-02-02 11:30:00-05:00,74.15370178222656,74.15370178222656,74.15370178222656,74.15370178222656,473,0.0,0.0,0.0
2023-02-02 12:30:00-05:00,74.08000183105469,74.08000183105469,74.08000183105469,74.08000183105469,327,0.0,0.0,0.0
2023-02-02 14:30:00-05:00,72.77999877929688,72.77999877929688,72.30000305175781,72.30000305175781,898,0.0,0.0,0.0
2023-02-02 15:30:00-05:00,73.01000213623047,73.12999725341797,73.01000213623047,73.12339782714844,0,0.0,0.0,0.0
2023-02-03 09:30:00-05:00,69.86000061035156,70.0,69.86000061035156,69.86000061035156,512,0.0,0.0,0.0
2023-02-03 10:30:00-05:00,70.07559967041016,70.07559967041016,70.07559967041016,70.07559967041016,166,0.0,0.0,0.0
2023-02-03 12:30:00-05:00,70.13999938964844,70.37000274658203,70.0,70.0,816,0.0,0.0,0.0
2023-02-03 13:30:00-05:00,68.83000183105469,68.83000183105469,68.83000183105469,68.83000183105469,103,0.0,0.0,0.0
2023-02-03 14:30:00-05:00,69.25,70.33529663085938,69.25,70.33529663085938,154,0.0,0.0,0.0
2023-02-06 10:30:00-05:00,68.97000122070312,69.08999633789062,68.97000122070312,69.08999633789062,613,0.0,0.0,0.0
2023-02-06 14:30:00-05:00,69.37999725341797,69.37999725341797,69.31999969482422,69.36000061035156,616,0.0,0.0,0.0
2023-02-06 15:30:00-05:00,69.37000274658203,69.37000274658203,69.25,69.26589965820312,302,0.0,0.0,0.0
2023-02-07 09:30:00-05:00,68.05799865722656,68.05799865722656,68.05799865722656,68.05799865722656,0,0.0,0.0,0.0
2023-02-07 10:30:00-05:00,67.67400360107422,67.67400360107422,67.67400360107422,67.67400360107422,603,0.0,0.0,0.0
2023-02-07 14:30:00-05:00,69.26000213623047,69.26000213623047,69.25,69.25,319,0.0,0.0,0.0
2023-02-08 09:30:00-05:00,68.26000213623047,68.62000274658203,68.26000213623047,68.62000274658203,0,0.0,0.0,0.0
2023-02-08 15:30:00-05:00,68.54000091552734,68.54000091552734,68.4729995727539,68.49710083007812,1814,0.0,0.0,0.0
2023-02-09 09:30:00-05:00,69.41999816894531,69.41999816894531,69.41999816894531,69.41999816894531,0,0.0,0.0,0.0
2023-02-09 10:30:00-05:00,68.42500305175781,68.42500305175781,68.42500305175781,68.42500305175781,334,0.0,0.0,0.0
2023-02-09 14:30:00-05:00,67.06999969482422,67.06999969482422,67.06999969482422,67.06999969482422,322,0.0,0.0,0.0
2023-02-09 15:30:00-05:00,67.06999969482422,67.06999969482422,66.94989776611328,66.94989776611328,122,0.0,0.0,0.0
2023-02-10 09:30:00-05:00,65.80999755859375,65.80999755859375,65.80999755859375,65.80999755859375,0,0.0,0.0,0.0
2023-02-10 12:30:00-05:00,66.55570220947266,66.55570220947266,66.55570220947266,66.55570220947266,281,0.0,0.0,0.0
2023-02-10 15:30:00-05:00,67.5114974975586,67.5114974975586,67.51029968261719,67.51029968261719,1006,0.0,0.0,0.0
2023-02-13 12:30:00-05:00,68.67849731445312,68.67849731445312,68.51470184326172,68.51470184326172,1712,0.0,0.0,0.0
2023-02-14 10:30:00-05:00,67.7300033569336,68.04000091552734,67.7300033569336,68.04000091552734,307,0.0,0.0,0.0
2023-02-14 14:30:00-05:00,67.6957015991211,67.6957015991211,67.6957015991211,67.6957015991211,186,0.0,0.0,0.0
2023-02-14 15:30:00-05:00,67.56999969482422,67.56999969482422,67.56120300292969,67.56120300292969,101,0.0,0.0,0.0
2023-02-15 15:30:00-05:00,67.80999755859375,67.83670043945312,67.80999755859375,67.83670043945312,0,0.0,0.0,0.0
2023-02-16 12:30:00-05:00,67.30000305175781,67.30000305175781,67.30000305175781,67.30000305175781,387,0.0,0.0,0.0
2023-02-16 15:30:00-05:00,66.73999786376953,66.73999786376953,66.72000122070312,66.72000122070312,305,0.0,0.0,0.0
2023-02-21 09:30:00-05:00,64.81999969482422,64.81999969482422,64.0,64.0,382,0.0,0.0,0.0
2023-02-21 10:30:00-05:00,64.0,64.0,64.0,64.0,269,0.0,0.0,0.0
2023-02-21 11:30:00-05:00,63.68000030517578,63.68000030517578,63.59000015258789,63.59000015258789,270,0.0,0.0,0.0
2023-02-21 14:30:00-05:00,63.349998474121094,63.349998474121094,63.290000915527344,63.290000915527344,470,0.0,0.0,0.0
2023-02-21 15:30:00-05:00,63.508201599121094,63.508201599121094,63.508201599121094,63.508201599121094,0,0.0,0.0,0.0
2023-02-22 12:30:00-05:00,63.18000030517578,63.18000030517578,63.18000030517578,63.18000030517578,298,0.0,0.0,0.0
2023-02-22 13:30:00-05:00,63.619998931884766,63.619998931884766,63.2400016784668,63.2400016784668,5160,0.0,0.0,0.0
2023-02-22 14:30:00-05:00,62.61000061035156,62.61000061035156,62.61000061035156,62.61000061035156,178,0.0,0.0,0.0
2023-02-22 15:30:00-05:00,61.869998931884766,62.07310104370117,61.869998931884766,62.07310104370117,0,0.0,0.0,0.0
2023-02-23 10:30:00-05:00,62.25,62.25,62.25,62.25,146,0.0,0.0,0.0
2023-02-23 11:30:00-05:00,61.999900817871094,61.999900817871094,61.999900817871094,61.999900817871094,183,0.0,0.0,0.0
2023-02-23 13:30:00-05:00,62.459999084472656,62.459999084472656,62.459999084472656,62.459999084472656,100,0.0,0.0,0.0
2023-02-23 14:30:00-05:00,62.68000030517578,62.709999084472656,62.68000030517578,62.689998626708984,4138,0.0,0.0,0.0
2023-02-23 15:30:00-05:00,62.880001068115234,62.880001068115234,62.84360122680664,62.84360122680664,100,0.0,0.0,0.0
2023-02-24 12:30:00-05:00,60.650001525878906,60.86880111694336,60.63999938964844,60.86880111694336,0,0.0,0.0,0.0
2023-02-27 10:30:00-05:00,61.720001220703125,61.720001220703125,61.46009826660156,61.46009826660156,362,0.0,0.0,0.0
2023-02-27 15:30:00-05:00,60.84000015258789,60.95320129394531,60.84000015258789,60.95320129394531,0,0.0,0.0,0.0
2023-02-28 14:30:00-05:00,61.47999954223633,61.47999954223633,61.47999954223633,61.47999954223633,131,0.0,0.0,0.0
2023-02-28 15:30:00-05:00,61.15999984741211,61.2599983215332,60.91999816894531,60.91999816894531,694,0.0,0.0,0.0
2023-03-01 09:30:00-05:00,59.54999923706055,59.560001373291016,59.0,59.0,793,0.0,0.0,0.0
2023-03-01 10:30:00-05:00,59.42660140991211,59.42660140991211,58.45000076293945,58.45000076293945,1928,0.0,0.0,0.0
2023-03-01 11:30:00-05:00,58.83000183105469,58.9900016784668,58.83000183105469,58.9900016784668,584,0.0,0.0,0.0
2023-03-01 13:30:00-05:00,58.67399978637695,58.67399978637695,58.640899658203125,58.640899658203125,921,0.0,0.0,0.0
2023-03-01 15:30:00-05:00,59.2135009765625,59.34000015258789,59.09000015258789,59.09000015258789,868,0.0,0.0,0.0
2023-03-02 10:30:00-05:00,58.91999816894531,59.0,58.91999816894531,59.0,108,0.0,0.0,0.0
2023-03-02 14:30:00-05:00,60.08000183105469,60.08000183105469,60.08000183105469,60.08000183105469,112,0.0,0.0,0.0
2023-03-02 15:30:00-05:00,60.5099983215332,60.560001373291016,60.5099983215332,60.5099983215332,0,0.0,0.0,0.0
2023-03-03 09:30:00-05:00,61.9900016784668,61.9900016784668,61.9900016784668,61.9900016784668,205,0.0,0.0,0.0
2023-03-03 12:30:00-05:00,62.38990020751953,62.38990020751953,62.36989974975586,62.36989974975586,380,0.0,0.0,0.0
2023-03-03 13:30:00-05:00,62.22999954223633,62.2400016784668,62.22999954223633,62.2400016784668,561,0.0,0.0,0.0
2023-03-03 14:30:00-05:00,62.70000076293945,62.70000076293945,62.70000076293945,62.70000076293945,110,0.0,0.0,0.0
2023-03-03 15:30:00-05:00,62.33000183105469,62.42689895629883,62.2400016784668,62.2400016784668,450,0.0,0.0,0.0
2023-03-06 15:30:00-05:00,61.81999969482422,62.011199951171875,61.81999969482422,62.011199951171875,187,0.0,0.0,0.0
2023-03-07 10:30:00-05:00,60.58000183105469,60.58000183105469,60.0,60.0,772,0.0,0.0,0.0
2023-03-07 11:30:00-05:00,59.900001525878906,60.279998779296875,59.75,60.09000015258789,594,0.0,0.0,0.0
2023-03-07 14:30:00-05:00,59.119998931884766,59.310001373291016,59.119998931884766,59.310001373291016,875,0.0,0.0,0.0
2023-03-07 15:30:00-05:00,59.13999938964844,59.147098541259766,59.13999938964844,59.147098541259766,0,0.0,0.0,0.0
2023-03-08 11:30:00-05:00,61.04999923706055,61.169898986816406,61.04999923706055,61.127201080322266,1254,0.0,0.0,0.0
2023-03-08 12:30:00-05:00,60.54999923706055,60.54999923706055,60.54999923706055,60.54999923706055,102,0.0,0.0,0.0
2023-03-08 13:30:00-05:00,60.11000061035156,60.11000061035156,60.11000061035156,60.11000061035156,297,0.0,0.0,0.0
2023-03-08 15:30:00-05:00,60.334999084472656,60.41999816894531,60.334999084472656,60.380001068115234,851,0.0,0.0,0.0
2023-03-09 09:30:00-05:00,60.43000030517578,60.43000030517578,60.43000030517578,60.43000030517578,0,0.0,0.0,0.0
2023-03-09 12:30:00-05:00,59.68560028076172,59.68560028076172,59.68560028076172,59.68560028076172,301,0.0,0.0,0.0
2023-03-09 13:30:00-05:00,59.21009826660156,59.21009826660156,59.21009826660156,59.21009826660156,154,0.0,0.0,0.0
2023-03-09 14:30:00-05:00,58.63999938964844,58.720001220703125,57.671600341796875,57.671600341796875,0,0.0,0.0,0.0
2023-03-10 09:30:00-05:00,57.0,57.0,57.0,57.0,622,0.0,0.0,0.0
2023-03-10 10:30:00-05:00,56.84000015258789,56.84000015258789,56.84000015258789,56.84000015258789,358,0.0,0.0,0.0
2023-03-10 11:30:00-05:00,55.95000076293945,55.95000076293945,55.95000076293945,55.95000076293945,172,0.0,0.0,0.0
2023-03-10 12:30:00-05:00,54.5,54.5,54.5,54.5,623,0.0,0.0,0.0
2023-03-10 13:30:00-05:00,53.95000076293945,53.95000076293945,53.95000076293945,53.95000076293945,103,0.0,0.0,0.0
2023-03-10 14:30:00-05:00,53.97999954223633,54.66999816894531,53.970001220703125,54.66999816894531,6019,0.0,0.0,0.0
2023-03-10 15:30:00-05:00,54.0099983215332,54.0099983215332,53.79999923706055,53.97999954223633,2121,0.0,0.0,0.0
2023-03-13 10:30:00-04:00,55.349998474121094,55.349998474121094,55.349998474121094,55.349998474121094,463,0.0,0.0,0.0
2023-03-13 12:30:00-04:00,55.47999954223633,55.47999954223633,55.47999954223633,55.47999954223633,130,0.0,0.0,0.0
2023-03-13 13:30:00-04:00,55.79999923706055,55.79999923706055,55.79999923706055,55.79999923706055,100,0.0,0.0,0.0
2023-03-13 14:30:00-04:00,56.08000183105469,56.08000183105469,55.38959884643555,55.38959884643555,0,0.0,0.0,0.0
2023-03-14 11:30:00-04:00,56.94200134277344,56.94200134277344,56.81850051879883,56.81850051879883,646,0.0,0.0,0.0
2023-03-14 13:30:00-04:00,55.596900939941406,56.36940002441406,55.596900939941406,56.36940002441406,324,0.0,0.0,0.0
2023-03-15 10:30:00-04:00,56.01319885253906,56.01319885253906,56.01319885253906,56.01319885253906,0,0.0,0.0,0.0
2023-03-15 11:30:00-04:00,55.22999954223633,55.230098724365234,55.06010055541992,55.06010055541992,380,0.0,0.0,0.0
2023-03-15 13:30:00-04:00,56.189998626708984,56.189998626708984,56.18000030517578,56.18000030517578,1009,0.0,0.0,0.0
2023-03-15 14:30:00-04:00,56.15999984741211,56.16999816894531,56.15999984741211,56.16999816894531,216,0.0,0.0,0.0
2023-03-15 15:30:00-04:00,56.18000030517578,56.18000030517578,55.80799865722656,56.07899856567383,0,0.0,0.0,0.0
2023-03-16 12:30:00-04:00,55.66999816894531,56.36000061035156,55.66999816894531,56.349998474121094,102724,0.0,0.0,0.0
2023-03-16 13:30:00-04:00,56.20000076293945,56.31999969482422,55.56999969482422,55.56999969482422,11000,0.0,0.0,0.0
2023-03-16 14:30:00-04:00,55.61000061035156,55.7400016784668,55.529998779296875,55.7400016784668,5585,0.0,0.0,0.0
2023-03-16 15:30:00-04:00,56.400001525878906,56.52000045776367,56.2599983215332,56.31999969482422,837,0.0,0.0,0.0
2023-03-17 09:30:00-04:00,55.439998626708984,55.59000015258789,55.0,55.400001525878906,0,0.0,0.0,0.0
2023-03-17 11:30:00-04:00,54.54999923706055,54.54999923706055,54.54999923706055,54.54999923706055,1406,0.0,0.0,0.0
2023-03-17 14:30:00-04:00,53.6859016418457,53.6859016418457,53.6859016418457,53.6859016418457,1363,0.0,0.0,0.0
2023-03-17 15:30:00-04:00,53.79999923706055,53.79999923706055,53.540000915527344,53.558101654052734,640,0.0,0.0,0.0
2023-03-20 09:30:00-04:00,53.66999816894531,54.04999923706055,53.66999816894531,54.04999923706055,2834,0.0,0.0,0.0
2023-03-20 11:30:00-04:00,54.70000076293945,54.70000076293945,54.33000183105469,54.33000183105469,733,0.0,0.0,0.0
2023-03-20 14:30:00-04:00,54.52000045776367,54.52000045776367,54.52000045776367,54.52000045776367,264,0.0,0.0,0.0
2023-03-20 15:30:00-04:00,54.880001068115234,54.880001068115234,54.70000076293945,54.70000076293945,643,0.0,0.0,0.0
2023-03-21 10:30:00-04:00,54.81999969482422,54.81999969482422,54.81999969482422,54.81999969482422,482,0.0,0.0,0.0
2023-03-21 12:30:00-04:00,53.734100341796875,53.734100341796875,53.734100341796875,53.734100341796875,694,0.0,0.0,0.0
2023-03-21 14:30:00-04:00,53.5,53.79999923706055,53.5,53.79999923706055,727,0.0,0.0,0.0
2023-03-21 15:30:00-04:00,54.2599983215332,54.2599983215332,54.09669876098633,54.09669876098633,0,0.0,0.0,0.0
2023-03-22 09:30:00-04:00,53.0,53.0,52.38990020751953,52.38990020751953,656,0.0,0.0,0.0
2023-03-22 13:30:00-04:00,52.9900016784668,53.27000045776367,52.9900016784668,53.27000045776367,368,0.0,0.0,0.0
2023-03-22 14:30:00-04:00,51.5,52.26900100708008,51.5,52.26900100708008,970,0.0,0.0,0.0
2023-03-22 15:30:00-04:00,50.349998474121094,50.349998474121094,50.060001373291016,50.060001373291016,6502,0.0,0.0,0.0
2023-03-23 09:30:00-04:00,51.130001068115234,51.18000030517578,51.02000045776367,51.02000045776367,1845,0.0,0.0,0.0
2023-03-23 10:30:00-04:00,51.80009841918945,51.80009841918945,51.80009841918945,51.80009841918945,135,0.0,0.0,0.0
2023-03-23 11:30:00-04:00,51.59000015258789,51.59000015258789,51.59000015258789,51.59000015258789,295,0.0,0.0,0.0
2023-03-23 13:30:00-04:00,50.0,50.0,50.0,50.0,1633,0.0,0.0,0.0
2023-03-23 15:30:00-04:00,49.640098571777344,50.0,49.619998931884766,49.630001068115234,1725,0.0,0.0,0.0
2023-03-24 09:30:00-04:00,48.970001220703125,49.470001220703125,48.970001220703125,49.470001220703125,765,0.0,0.0,0.0
2023-03-24 10:30:00-04:00,49.849998474121094,49.849998474121094,49.529998779296875,49.529998779296875,514,0.0,0.0,0.0
2023-03-24 11:30:00-04:00,50.2599983215332,50.2599983215332,50.2599983215332,50.2599983215332,320,0.0,0.0,0.0
2023-03-24 12:30:00-04:00,50.869998931884766,50.869998931884766,50.869998931884766,50.869998931884766,324,0.0,0.0,0.0
2023-03-24 13:30:00-04:00,50.86989974975586,50.869998931884766,50.86989974975586,50.869998931884766,200,0.0,0.0,0.0
2023-03-24 14:30:00-04:00,51.34989929199219,51.47999954223633,51.34000015258789,51.47999954223633,595,0.0,0.0,0.0
2023-03-24 15:30:00-04:00,51.78499984741211,51.78499984741211,51.6703987121582,51.7494010925293,415,0.0,0.0,0.0
2023-03-27 09:30:00-04:00,52.834999084472656,52.834999084472656,51.83000183105469,51.83000183105469,2933,0.0,0.0,0.0
2023-03-27 10:30:00-04:00,51.91999816894531,51.91999816894531,51.91999816894531,51.91999816894531,619,0.0,0.0,0.0
2023-03-27 11:30:00-04:00,52.12200164794922,52.12200164794922,52.12200164794922,52.12200164794922,1184,0.0,0.0,0.0
2023-03-27 13:30:00-04:00,52.560001373291016,52.560001373291016,52.29499816894531,52.29499816894531,701,0.0,0.0,0.0
2023-03-27 15:30:00-04:00,51.974998474121094,51.974998474121094,51.72850036621094,51.72850036621094,0,0.0,0.0,0.0
2023-03-28 13:30:00-04:00,51.02000045776367,51.411399841308594,51.02000045776367,51.411399841308594,1746,0.0,0.0,0.0
2023-03-29 10:30:00-04:00,52.77000045776367,52.77000045776367,52.72719955444336,52.72719955444336,0,0.0,0.0,0.0
2023-03-29 11:30:00-04:00,53.22999954223633,53.22999954223633,53.20000076293945,53.20000076293945,224,0.0,0.0,0.0
2023-03-29 13:30:00-04:00,53.291900634765625,53.29999923706055,53.291900634765625,53.29999923706055,338,0.0,0.0,0.0
2023-03-29 15:30:00-04:00,53.78519821166992,53.78519821166992,53.7156982421875,53.7156982421875,0,0.0,0.0,0.0
2023-03-30 09:30:00-04:00,55.25,55.41999816894531,54.97999954223633,54.97999954223633,1316,0.0,0.0,0.0
2023-03-30 10:30:00-04:00,55.249900817871094,55.36000061035156,55.249900817871094,55.359901428222656,735,0.0,0.0,0.0
2023-03-30 11:30:00-04:00,55.189998626708984,55.189998626708984,55.189998626708984,55.189998626708984,1171,0.0,0.0,0.0
2023-03-30 12:30:00-04:00,55.060001373291016,55.060001373291016,54.939998626708984,54.939998626708984,354,0.0,0.0,0.0
2023-03-30 14:30:00-04:00,54.915000915527344,55.10540008544922,54.88100051879883,55.10540008544922,0,0.0,0.0,0.0
2023-03-31 09:30:00-04:00,56.209999084472656,56.209999084472656,56.209999084472656,56.209999084472656,114,0.0,0.0,0.0
2023-03-31 10:30:00-04:00,55.895599365234375,55.895599365234375,55.67179870605469,55.720001220703125,6630,0.0,0.0,0.0
2023-03-31 11:30:00-04:00,56.29999923706055,56.29999923706055,56.24250030517578,56.24250030517578,613,0.0,0.0,0.0
2023-03-31 13:30:00-04:00,55.93199920654297,57.50849914550781,55.93199920654297,57.50849914550781,262,0.0,0.0,0.0
2023-04-03 09:30:00-04:00,57.209999084472656,57.91999816894531,57.209999084472656,57.91999816894531,3460,0.0,0.0,0.0
2023-04-03 10:30:00-04:00,57.0099983215332,57.0099983215332,56.94770050048828,56.94770050048828,671,0.0,0.0,0.0
2023-04-03 11:30:00-04:00,57.03499984741211,57.03499984741211,57.03499984741211,57.03499984741211,185,0.0,0.0,0.0
2023-04-03 12:30:00-04:00,56.88999938964844,56.88999938964844,56.88999938964844,56.88999938964844,141,0.0,0.0,0.0
2023-04-03 14:30:00-04:00,56.08000183105469,56.45940017700195,55.880001068115234,56.45940017700195,0,0.0,0.0,0.0
2023-04-04 10:30:00-04:00,56.810001373291016,56.810001373291016,56.5099983215332,56.5099983215332,369,0.0,0.0,0.0
2023-04-04 12:30:00-04:00,56.209999084472656,56.209999084472656,56.209999084472656,56.209999084472656,148,0.0,0.0,0.0
2023-04-04 13:30:00-04:00,56.279998779296875,56.279998779296875,56.279998779296875,56.279998779296875,106,0.0,0.0,0.0
2023-04-04 15:30:00-04:00,56.459999084472656,56.459999084472656,56.459999084472656,56.459999084472656,0,0.0,0.0,0.0
2023-04-05 11:30:00-04:00,56.54999923706055,56.54999923706055,56.54999923706055,56.54999923706055,490,0.0,0.0,0.0
2023-04-05 15:30:00-04:00,55.959999084472656,55.959999084472656,55.959999084472656,55.959999084472656,200,0.0,0.0,0.0
2023-04-06 15:30:00-04:00,56.59000015258789,56.59000015258789,56.59000015258789,56.59000015258789,130,0.0,0.0,0.0
2023-04-10 09:30:00-04:00,55.879798889160156,55.879798889160156,55.879798889160156,55.879798889160156,335,0.0,0.0,0.0
2023-04-10 10:30:00-04:00,55.72010040283203,55.72010040283203,55.72010040283203,55.72010040283203,154,0.0,0.0,0.0
2023-04-10 11:30:00-04:00,55.53030014038086,55.53030014038086,55.53030014038086,55.53030014038086,267,0.0,0.0,0.0
2023-04-10 12:30:00-04:00,55.79999923706055,57.08660125732422,55.79999923706055,57.08660125732422,0,0.0,0.0,0.0
2023-04-11 12:30:00-04:00,57.59000015258789,57.689998626708984,57.59000015258789,57.689998626708984,621,0.0,0.0,0.0
2023-04-11 13:30:00-04:00,57.7400016784668,57.917598724365234,57.698299407958984,57.698299407958984,1558,0.0,0.0,0.0
2023-04-12 09:30:00-04:00,58.209999084472656,58.527801513671875,58.209999084472656,58.47999954223633,0,0.0,0.0,0.0
2023-04-12 10:30:00-04:00,58.542198181152344,58.61000061035156,58.542198181152344,58.61000061035156,621,0.0,0.0,0.0
2023-04-12 12:30:00-04:00,58.137298583984375,58.137298583984375,58.137298583984375,58.137298583984375,230,0.0,0.0,0.0
2023-04-12 14:30:00-04:00,57.880001068115234,57.880001068115234,57.880001068115234,57.880001068115234,128,0.0,0.0,0.0
2023-04-12 15:30:00-04:00,57.25,57.25,57.25,57.25,217,0.0,0.0,0.0
2023-04-13 13:30:00-04:00,56.91999816894531,57.02830123901367,56.919898986816406,57.02830123901367,539,0.0,0.0,0.0
2023-04-13 14:30:00-04:00,57.24530029296875,57.24530029296875,57.24530029296875,57.24530029296875,356,0.0,0.0,0.0
2023-04-13 15:30:00-04:00,56.970001220703125,56.970001220703125,56.899898529052734,56.899898529052734,190,0.0,0.0,0.0
2023-04-14 09:30:00-04:00,56.66999816894531,56.66999816894531,56.66999816894531,56.66999816894531,0,0.0,0.0,0.0
2023-04-14 10:30:00-04:00,55.709999084472656,55.709999084472656,55.709999084472656,55.709999084472656,384,0.0,0.0,0.0
2023-04-14 12:30:00-04:00,55.150001525878906,55.150001525878906,55.150001525878906,55.150001525878906,729,0.0,0.0,0.0
2023-04-14 13:30:00-04:00,54.84000015258789,54.880001068115234,54.84000015258789,54.880001068115234,873,0.0,0.0,0.0
2023-04-14 14:30:00-04:00,54.34000015258789,55.02730178833008,54.34000015258789,55.02730178833008,204,0.0,0.0,0.0
2023-04-17 10:30:00-04:00,56.792999267578125,56.792999267578125,56.792999267578125,56.792999267578125,0,0.0,0.0,0.0
2023-04-17 12:30:00-04:00,56.45000076293945,56.45000076293945,56.44240188598633,56.44240188598633,321,0.0,0.0,0.0
2023-04-17 14:30:00-04:00,56.40999984741211,57.38990020751953,56.40999984741211,57.38990020751953,342,0.0,0.0,0.0
2023-04-18 09:30:00-04:00,57.43000030517578,57.43000030517578,57.34450149536133,57.34450149536133,3,0.0,0.0,0.0
2023-04-19 09:30:00-04:00,57.060001373291016,57.060001373291016,57.04999923706055,57.04999923706055,3912,0.0,0.0,0.0
2023-04-19 10:30:00-04:00,57.34000015258789,57.34000015258789,57.34000015258789,57.34000015258789,1091,0.0,0.0,0.0
2023-04-19 11:30:00-04:00,57.814998626708984,57.814998626708984,57.814998626708984,57.814998626708984,429,0.0,0.0,0.0
2023-04-19 13:30:00-04:00,58.0099983215332,58.0099983215332,57.81269836425781,57.81269836425781,109,0.0,0.0,0.0
2023-04-20 10:30:00-04:00,56.810001373291016,56.810001373291016,56.810001373291016,56.810001373291016,0,0.0,0.0,0.0
2023-04-20 14:30:00-04:00,56.970001220703125,56.970001220703125,56.250099182128906,56.52539825439453,569,0.0,0.0,0.0
2023-04-21 11:30:00-04:00,56.59000015258789,56.59000015258789,56.49869918823242,56.49869918823242,295,0.0,0.0,0.0
2023-04-21 14:30:00-04:00,57.06999969482422,57.06999969482422,57.06999969482422,57.06999969482422,194,0.0,0.0,0.0
2023-04-21 15:30:00-04:00,56.678001403808594,56.678001403808594,56.66999816894531,56.66999816894531,0,0.0,0.0,0.0
2023-04-24 10:30:00-04:00,55.666099548339844,55.666099548339844,55.666099548339844,55.666099548339844,343,0.0,0.0,0.0
2023-04-24 12:30:00-04:00,56.07500076293945,56.358001708984375,56.07500076293945,56.358001708984375,0,0.0,0.0,0.0
2023-04-25 09:30:00-04:00,55.5099983215332,55.5099983215332,55.5099983215332,55.5099983215332,367,0.0,0.0,0.0
2023-04-25 10:30:00-04:00,55.90729904174805,55.90729904174805,55.90729904174805,55.90729904174805,282,0.0,0.0,0.0
2023-04-25 13:30:00-04:00,55.486000061035156,55.486000061035156,55.474998474121094,55.474998474121094,318,0.0,0.0,0.0
2023-04-25 14:30:00-04:00,55.32820129394531,55.59000015258789,55.32820129394531,55.32820129394531,102,0.0,0.0,0.0
2023-04-26 11:30:00-04:00,55.22999954223633,55.22999954223633,55.22999954223633,55.22999954223633,0,0.0,0.0,0.0
2023-04-26 13:30:00-04:00,55.09000015258789,55.09000015258789,54.36000061035156,54.68000030517578,597,0.0,0.0,0.0
2023-04-26 14:30:00-04:00,54.4900016784668,54.4900016784668,54.279998779296875,54.33000183105469,615,0.0,0.0,0.0
2023-04-26 15:30:00-04:00,54.209999084472656,56.91999816894531,54.099998474121094,54.43000030517578,1429,0.0,0.0,0.0
2023-04-28 10:30:00-04:00,58.548099517822266,58.548099517822266,58.04999923706055,58.04999923706055,618,0.0,0.0,0.0
2023-04-28 15:30:00-04:00,58.040199279785156,58.2400016784668,58.040199279785156,58.2400016784668,955,0.0,0.0,0.0
2023-05-02 10:30:00-04:00,55.25,55.5,55.08000183105469,55.08000183105469,1567,0.0,0.0,0.0
2023-05-02 15:30:00-04:00,55.38999938964844,55.38999938964844,55.38999938964844,55.38999938964844,0,0.0,0.0,0.0
2023-05-03 09:30:00-04:00,55.22999954223633,55.22999954223633,55.22999954223633,55.22999954223633,284,0.0,0.0,0.0
2023-05-03 10:30:00-04:00,54.72999954223633,54.72999954223633,54.72999954223633,54.72999954223633,157,0.0,0.0,0.0
2023-05-03 12:30:00-04:00,55.86989974975586,55.86989974975586,55.86989974975586,55.86989974975586,125,0.0,0.0,0.0
2023-05-03 13:30:00-04:00,56.43000030517578,56.43000030517578,56.43000030517578,56.43000030517578,149,0.0,0.0,0.0
2023-05-03 14:30:00-04:00,55.95000076293945,56.060001373291016,55.939998626708984,56.060001373291016,981,0.0,0.0,0.0
2023-05-03 15:30:00-04:00,54.66999816894531,54.66999816894531,54.54719924926758,54.54719924926758,0,0.0,0.0,0.0
2023-05-04 09:30:00-04:00,54.94940185546875,55.11000061035156,54.933101654052734,55.11000061035156,805,0.0,0.0,0.0
2023-05-04 10:30:00-04:00,55.11000061035156,55.11000061035156,55.11000061035156,55.11000061035156,185,0.0,0.0,0.0
2023-05-04 12:30:00-04:00,55.54999923706055,55.54999923706055,55.54999923706055,55.54999923706055,211,0.0,0.0,0.0
2023-05-04 14:30:00-04:00,55.4900016784668,55.55059814453125,55.310001373291016,55.55059814453125,0,0.0,0.0,0.0
2023-05-05 09:30:00-04:00,56.599998474121094,56.599998474121094,56.599998474121094,56.599998474121094,0,0.0,0.0,0.0
2023-05-05 10:30:00-04:00,56.779998779296875,56.779998779296875,56.599998474121094,56.599998474121094,0,0.0,0.0,0.0
2023-05-05 13:30:00-04:00,56.95000076293945,56.95000076293945,56.95000076293945,56.95000076293945,1277,0.0,0.0,0.0
2023-05-05 14:30:00-04:00,57.150001525878906,57.20069885253906,57.150001525878906,57.20069885253906,0,0.0,0.0,0.0
2023-05-08 09:30:00-04:00,57.040000915527344,57.040000915527344,57.040000915527344,57.040000915527344,479,0.0,0.0,0.0
2023-05-08 12:30:00-04:00,56.48500061035156,56.48500061035156,56.48500061035156,56.48500061035156,308,0.0,0.0,0.0
2023-05-08 13:30:00-04:00,56.099998474121094,56.46969985961914,56.099998474121094,56.46969985961914,0,0.0,0.0,0.0
2023-05-09 09:30:00-04:00,54.900001525878906,54.900001525878906,54.900001525878906,54.900001525878906,0,0.0,0.0,0.0
2023-05-09 10:30:00-04:00,55.54010009765625,55.54010009765625,55.54010009765625,55.54010009765625,0,0.0,0.0,0.0
2023-05-09 12:30:00-04:00,55.81999969482422,55.81999969482422,55.81999969482422,55.81999969482422,0,0.0,0.0,0.0
2023-05-09 15:30:00-04:00,56.18000030517578,56.18000030517578,55.93000030517578,55.93000030517578,1285,0.0,0.0,0.0
2023-05-10 11:30:00-04:00,57.1599006652832,57.1599006652832,57.1599006652832,57.1599006652832,217,0.0,0.0,0.0
2023-05-10 12:30:00-04:00,56.810001373291016,56.810001373291016,56.810001373291016,56.810001373291016,0,0.0,0.0,0.0
2023-05-10 15:30:00-04:00,57.349998474121094,57.349998474121094,56.9900016784668,57.01240158081055,2776,0.0,0.0,0.0
2023-05-11 09:30:00-04:00,55.439998626708984,55.439998626708984,55.16999816894531,55.16999816894531,322,0.0,0.0,0.0
2023-05-11 10:30:00-04:00,55.86000061035156,55.86000061035156,55.86000061035156,55.86000061035156,342,0.0,0.0,0.0
2023-05-11 14:30:00-04:00,55.60200119018555,55.60200119018555,55.60200119018555,55.60200119018555,205,0.0,0.0,0.0
2023-05-11 15:30:00-04:00,55.88999938964844,55.88999938964844,55.842498779296875,55.87540054321289,0,0.0,0.0,0.0
2023-05-12 09:30:00-04:00,56.02000045776367,56.02000045776367,56.02000045776367,56.02000045776367,330,0.0,0.0,0.0
2023-05-12 13:30:00-04:00,55.237098693847656,55.237098693847656,55.237098693847656,55.237098693847656,374,0.0,0.0,0.0
2023-05-12 14:30:00-04:00,55.599998474121094,55.985599517822266,55.599998474121094,55.985599517822266,103,0.0,0.0,0.0
2023-05-15 11:30:00-04:00,55.53070068359375,55.53070068359375,55.53070068359375,55.53070068359375,445,0.0,0.0,0.0
2023-05-15 12:30:00-04:00,56.060001373291016,56.13240051269531,55.69200134277344,55.69200134277344,0,0.0,0.0,0.0
2023-05-16 09:30:00-04:00,55.20000076293945,55.20000076293945,54.52619934082031,54.52619934082031,406,0.0,0.0,0.0
2023-05-16 10:30:00-04:00,54.145999908447266,54.145999908447266,54.145999908447266,54.145999908447266,547,0.0,0.0,0.0
2023-05-16 11:30:00-04:00,53.70100021362305,53.7599983215332,53.547401428222656,53.547401428222656,960,0.0,0.0,0.0
2023-05-16 13:30:00-04:00,53.46799850463867,53.46799850463867,52.93579864501953,52.93579864501953,0,0.0,0.0,0.0
2023-05-17 09:30:00-04:00,53.0,53.130001068115234,52.9900016784668,53.130001068115234,816,0.0,0.0,0.0
2023-05-17 10:30:00-04:00,53.36000061035156,53.369998931884766,53.22999954223633,53.22999954223633,2081,0.0,0.0,0.0
2023-05-17 12:30:00-04:00,53.52000045776367,53.52000045776367,53.52000045776367,53.52000045776367,248,0.0,0.0,0.0
2023-05-17 15:30:00-04:00,54.15999984741211,54.15999984741211,54.15999984741211,54.15999984741211,569,0.0,0.0,0.0
2023-05-18 09:30:00-04:00,53.720001220703125,53.720001220703125,53.720001220703125,53.720001220703125,174,0.0,0.0,0.0
2023-05-18 10:30:00-04:00,53.85810089111328,53.85810089111328,53.69200134277344,53.7599983215332,903,0.0,0.0,0.0
2023-05-18 11:30:00-04:00,53.864200592041016,53.97999954223633,53.40999984741211,53.40999984741211,581,0.0,0.0,0.0
2023-05-18 12:30:00-04:00,53.099998474121094,53.189998626708984,53.099998474121094,53.18000030517578,304,0.0,0.0,0.0
2023-05-18 13:30:00-04:00,52.869998931884766,52.869998931884766,52.869998931884766,52.869998931884766,236,0.0,0.0,0.0
2023-05-18 14:30:00-04:00,53.49549865722656,53.49549865722656,52.849998474121094,53.49549865722656,974,0.0,0.0,0.0
2023-05-19 09:30:00-04:00,54.24570083618164,54.24570083618164,54.24570083618164,54.24570083618164,490,0.0,0.0,0.0
2023-05-19 10:30:00-04:00,53.790000915527344,53.790000915527344,53.790000915527344,53.790000915527344,103,0.0,0.0,0.0
2023-05-19 11:30:00-04:00,53.06999969482422,53.25,53.06999969482422,53.209999084472656,998,0.0,0.0,0.0
2023-05-19 12:30:00-04:00,53.40999984741211,53.507999420166016,53.40999984741211,53.507999420166016,349,0.0,0.0,0.0
2023-05-19 14:30:00-04:00,53.459999084472656,53.459999084472656,53.459999084472656,53.459999084472656,220,0.0,0.0,0.0
2023-05-19 15:30:00-04:00,53.380001068115234,53.380001068115234,53.34000015258789,53.34000015258789,314,0.0,0.0,0.0
2023-05-22 09:30:00-04:00,53.70000076293945,53.70000076293945,53.11000061035156,53.11000061035156,388,0.0,0.0,0.0
2023-05-22 10:30:00-04:00,54.03499984741211,54.03499984741211,54.03499984741211,54.03499984741211,115,0.0,0.0,0.0
2023-05-22 12:30:00-04:00,54.130001068115234,54.130001068115234,54.06999969482422,54.06999969482422,202,0.0,0.0,0.0
2023-05-22 14:30:00-04:00,54.38010025024414,54.38010025024414,54.38010025024414,54.38010025024414,107,0.0,0.0,0.0
2023-05-22 15:30:00-04:00,54.15999984741211,54.15999984741211,54.02629852294922,54.02629852294922,0,0.0,0.0,0.0
2023-05-23 09:30:00-04:00,53.720001220703125,53.720001220703125,53.720001220703125,53.720001220703125,309,0.0,0.0,0.0
2023-05-23 10:30:00-04:00,53.985801696777344,54.13999938964844,53.985801696777344,54.13999938964844,402,0.0,0.0,0.0
2023-05-23 11:30:00-04:00,53.939998626708984,53.939998626708984,53.55500030517578,53.55500030517578,1297,0.0,0.0,0.0
2023-05-23 12:30:00-04:00,53.099998474121094,53.150001525878906,53.09000015258789,53.150001525878906,1183,0.0,0.0,0.0
2023-05-23 13:30:00-04:00,52.616600036621094,52.83000183105469,52.616600036621094,52.616600036621094,158,0.0,0.0,0.0
2023-05-24 09:30:00-04:00,52.04999923706055,52.04999923706055,52.04999923706055,52.04999923706055,301,0.0,0.0,0.0
2023-05-24 10:30:00-04:00,51.54999923706055,51.54999923706055,51.34000015258789,51.35969924926758,473,0.0,0.0,0.0
2023-05-24 11:30:00-04:00,51.270999908447266,51.270999908447266,50.720001220703125,50.7400016784668,1968,0.0,0.0,0.0
2023-05-24 12:30:00-04:00,50.630001068115234,50.630001068115234,50.62799835205078,50.62799835205078,2203,0.0,0.0,0.0
2023-05-24 13:30:00-04:00,50.79999923706055,50.79999923706055,50.66999816894531,50.66999816894531,321,0.0,0.0,0.0
2023-05-24 14:30:00-04:00,50.47999954223633,50.47999954223633,50.47999954223633,50.47999954223633,122,0.0,0.0,0.0
2023-05-24 15:30:00-04:00,50.45500183105469,50.45500183105469,50.2400016784668,50.33000183105469,0,0.0,0.0,0.0
2023-05-25 10:30:00-04:00,50.20000076293945,50.20000076293945,50.20000076293945,50.20000076293945,545,0.0,0.0,0.0
2023-05-25 11:30:00-04:00,50.119998931884766,50.119998931884766,50.119998931884766,50.119998931884766,154,0.0,0.0,0.0
2023-05-25 13:30:00-04:00,51.129798889160156,51.129798889160156,51.129798889160156,51.129798889160156,427,0.0,0.0,0.0
2023-05-25 15:30:00-04:00,50.599098205566406,50.624698638916016,50.57099914550781,50.599098205566406,390,0.0,0.0,0.0
2023-05-26 10:30:00-04:00,51.45000076293945,51.45000076293945,51.31999969482422,51.31999969482422,337,0.0,0.0,0.0
2023-05-26 11:30:00-04:00,51.189998626708984,51.297298431396484,51.189998626708984,51.297298431396484,3788,0.0,0.0,0.0
2023-05-26 15:30:00-04:00,51.970001220703125,51.970001220703125,51.78960037231445,51.78960037231445,590,0.0,0.0,0.0
2023-05-30 10:30:00-04:00,52.11000061035156,52.11000061035156,52.0099983215332,52.0099983215332,248,0.0,0.0,0.0
2023-05-30 12:30:00-04:00,52.2400016784668,52.2400016784668,52.2400016784668,52.2400016784668,120,0.0,0.0,0.0
2023-05-30 14:30:00-04:00,51.91999816894531,52.0078010559082,51.91999816894531,52.0078010559082,0,0.0,0.0,0.0
2023-05-31 11:30:00-04:00,52.18000030517578,52.18000030517578,52.18000030517578,52.18000030517578,173,0.0,0.0,0.0
2023-05-31 13:30:00-04:00,52.45000076293945,52.47999954223633,52.45000076293945,52.47999954223633,201,0.0,0.0,0.0
2023-05-31 14:30:00-04:00,52.71620178222656,52.71620178222656,52.56999969482422,52.71620178222656,142,0.0,0.0,0.0
2023-06-01 10:30:00-04:00,52.65660095214844,52.65660095214844,52.61000061035156,52.65660095214844,227,0.0,0.0,0.0
2023-06-02 09:30:00-04:00,53.47999954223633,54.15999984741211,53.47999954223633,54.15999984741211,439,0.0,0.0,0.0
2023-06-02 10:30:00-04:00,54.240699768066406,54.309898376464844,54.22999954223633,54.309898376464844,942,0.0,0.0,0.0
2023-06-02 12:30:00-04:00,54.96969985961914,54.96969985961914,54.96969985961914,54.96969985961914,336,0.0,0.0,0.0
2023-06-02 14:30:00-04:00,54.90999984741211,55.029998779296875,54.900001525878906,54.97169876098633,1174,0.0,0.0,0.0
2023-06-05 10:30:00-04:00,54.91999816894531,54.91999816894531,54.91999816894531,54.91999816894531,358,0.0,0.0,0.0
2023-06-05 12:30:00-04:00,54.95000076293945,54.95000076293945,54.95000076293945,54.95000076293945,1000,0.0,0.0,0.0
2023-06-05 13:30:00-04:00,54.59000015258789,54.59000015258789,54.58000183105469,54.5802001953125,1127,0.0,0.0,0.0
2023-06-05 14:30:00-04:00,54.38999938964844,54.38999938964844,54.36690139770508,54.36690139770508,0,0.0,0.0,0.0
2023-06-06 09:30:00-04:00,54.5,54.5,54.5,54.5,181,0.0,0.0,0.0
2023-06-06 10:30:00-04:00,54.619998931884766,54.619998931884766,54.619998931884766,54.619998931884766,400,0.0,0.0,0.0
2023-06-06 11:30:00-04:00,55.024200439453125,55.130001068115234,55.024200439453125,55.130001068115234,532,0.0,0.0,0.0
2023-06-06 12:30:00-04:00,54.880001068115234,54.880001068115234,54.880001068115234,54.880001068115234,147,0.0,0.0,0.0
2023-06-06 13:30:00-04:00,54.572200775146484,54.572200775146484,54.572200775146484,54.572200775146484,203,0.0,0.0,0.0
2023-06-06 15:30:00-04:00,55.11259841918945,55.11259841918945,55.11259841918945,55.11259841918945,0,0.0,0.0,0.0
2023-06-07 09:30:00-04:00,55.347999572753906,55.48789978027344,55.347999572753906,55.48789978027344,616,0.0,0.0,0.0
2023-06-07 11:30:00-04:00,56.27000045776367,56.27000045776367,56.27000045776367,56.27000045776367,391,0.0,0.0,0.0
2023-06-07 12:30:00-04:00,56.559898376464844,56.869998931884766,56.559898376464844,56.869998931884766,1554,0.0,0.0,0.0
2023-06-07 15:30:00-04:00,57.08000183105469,57.08000183105469,56.93619918823242,57.0,446,0.0,0.0,0.0
2023-06-08 09:30:00-04:00,55.72010040283203,55.790000915527344,55.72010040283203,55.790000915527344,1254,0.0,0.0,0.0
2023-06-08 12:30:00-04:00,55.93000030517578,56.237998962402344,55.93000030517578,56.237998962402344,0,0.0,0.0,0.0
2023-06-09 11:30:00-04:00,55.56999969482422,55.674400329589844,55.56999969482422,55.674400329589844,373,0.0,0.0,0.0
2023-06-09 12:30:00-04:00,55.56999969482422,55.580101013183594,55.56999969482422,55.580101013183594,724,0.0,0.0,0.0
2023-06-09 15:30:00-04:00,55.68000030517578,55.689701080322266,55.674400329589844,55.674400329589844,1618,0.0,0.0,0.0
2023-06-12 11:30:00-04:00,54.90800094604492,54.90800094604492,54.90800094604492,54.90800094604492,0,0.0,0.0,0.0
2023-06-12 12:30:00-04:00,55.0,55.0,55.0,55.0,267,0.0,0.0,0.0
2023-06-12 13:30:00-04:00,54.90919876098633,54.96160125732422,54.90919876098633,54.96160125732422,457,0.0,0.0,0.0
2023-06-12 14:30:00-04:00,55.54999923706055,55.54999923706055,55.54999923706055,55.54999923706055,132,0.0,0.0,0.0
2023-06-12 15:30:00-04:00,55.59000015258789,55.59000015258789,55.586700439453125,55.586700439453125,595,0.0,0.0,0.0
2023-06-13 09:30:00-04:00,56.25790023803711,56.25790023803711,56.25790023803711,56.25790023803711,0,0.0,0.0,0.0
2023-06-13 12:30:00-04:00,55.9900016784668,55.9900016784668,55.9900016784668,55.9900016784668,413,0.0,0.0,0.0
2023-06-13 13:30:00-04:00,56.400001525878906,56.400001525878906,56.3754997253418,56.3754997253418,0,0.0,0.0,0.0
2023-06-14 09:30:00-04:00,56.95000076293945,56.95000076293945,56.95000076293945,56.95000076293945,352,0.0,0.0,0.0
2023-06-14 13:30:00-04:00,57.16999816894531,57.16999816894531,56.380001068115234,56.87919998168945,0,0.0,0.0,0.0
2023-06-15 12:30:00-04:00,56.84749984741211,56.84749984741211,56.84749984741211,56.84749984741211,571,0.0,0.0,0.0
2023-06-15 14:30:00-04:00,57.099998474121094,57.20000076293945,57.099998474121094,57.20000076293945,370,0.0,0.0,0.0
2023-06-15 15:30:00-04:00,57.15999984741211,57.36000061035156,57.15999984741211,57.36000061035156,456,0.0,0.0,0.0
2023-06-16 09:30:00-04:00,58.0,58.130001068115234,58.0,58.130001068115234,393,0.0,0.0,0.0
2023-06-16 10:30:00-04:00,57.900001525878906,57.900001525878906,57.900001525878906,57.900001525878906,207,0.0,0.0,0.0
2023-06-16 12:30:00-04:00,57.900001525878906,57.900001525878906,57.900001525878906,57.900001525878906,450,0.0,0.0,0.0
2023-06-16 15:30:00-04:00,57.369998931884766,57.369998931884766,57.2400016784668,57.26279830932617,202,0.0,0.0,0.0
2023-06-20 09:30:00-04:00,55.5,55.53300094604492,55.5,55.5,693,0.0,0.0,0.0
2023-06-20 11:30:00-04:00,55.919898986816406,55.95000076293945,55.900001525878906,55.95000076293945,37478,0.0,0.0,0.0
2023-06-20 12:30:00-04:00,56.06999969482422,56.08700180053711,56.06999969482422,56.08700180053711,266,0.0,0.0,0.0
2023-06-21 09:30:00-04:00,54.970001220703125,55.229400634765625,54.81999969482422,55.229400634765625,0,0.0,0.0,0.0
2023-06-21 10:30:00-04:00,55.369998931884766,55.369998931884766,55.369998931884766,55.369998931884766,319,0.0,0.0,0.0
2023-06-21 15:30:00-04:00,55.40999984741211,55.529998779296875,55.40999984741211,55.529998779296875,494,0.0,0.0,0.0
2023-06-22 09:30:00-04:00,55.150001525878906,55.40999984741211,53.29999923706055,53.650001525878906,7841,0.0,0.0,0.0
2023-06-22 10:30:00-04:00,53.29999923706055,53.29999923706055,53.29999923706055,53.29999923706055,150,0.0,0.0,0.0
2023-06-22 12:30:00-04:00,53.61000061035156,53.61000061035156,53.61000061035156,53.61000061035156,165,0.0,0.0,0.0
2023-06-22 14:30:00-04:00,54.02000045776367,54.02000045776367,54.019901275634766,54.019901275634766,620,0.0,0.0,0.0
2023-06-22 15:30:00-04:00,53.7400016784668,53.810001373291016,53.709999084472656,53.804901123046875,1832,0.0,0.0,0.0
2023-06-23 10:30:00-04:00,53.049800872802734,53.049800872802734,52.74259948730469,52.74259948730469,654,0.0,0.0,0.0
2023-06-26 09:30:00-04:00,53.3125,53.3125,53.3125,53.3125,153,0.0,0.0,0.0
2023-06-26 10:30:00-04:00,53.7599983215332,53.939998626708984,53.7599983215332,53.939998626708984,28225,0.0,0.0,0.0
2023-06-26 11:30:00-04:00,54.25,54.53499984741211,54.209999084472656,54.53499984741211,11339,0.0,0.0,0.0
2023-06-26 12:30:00-04:00,54.72999954223633,54.72999954223633,54.72999954223633,54.72999954223633,207,0.0,0.0,0.0
2023-06-26 15:30:00-04:00,54.83000183105469,54.84669876098633,54.83000183105469,54.84669876098633,0,0.0,0.0,0.0
2023-06-27 09:30:00-04:00,55.179901123046875,55.179901123046875,55.179901123046875,55.179901123046875,538,0.0,0.0,0.0
2023-06-27 11:30:00-04:00,56.01900100708008,56.01900100708008,55.970001220703125,55.970001220703125,322,0.0,0.0,0.0
2023-06-27 12:30:00-04:00,55.959999084472656,56.18000030517578,55.959999084472656,56.13999938964844,1075,0.0,0.0,0.0
2023-06-27 13:30:00-04:00,56.2598991394043,56.33000183105469,56.2598991394043,56.33000183105469,482,0.0,0.0,0.0
2023-06-27 14:30:00-04:00,56.29999923706055,56.29999923706055,56.29999923706055,56.29999923706055,139,0.0,0.0,0.0
2023-06-27 15:30:00-04:00,56.19380187988281,56.333499908447266,56.19380187988281,56.19380187988281,2671,0.0,0.0,0.0
2023-06-28 09:30:00-04:00,55.70000076293945,55.70000076293945,55.70000076293945,55.70000076293945,502,0.0,0.0,0.0
2023-06-28 12:30:00-04:00,56.31999969482422,56.36000061035156,56.11000061035156,56.22380065917969,1076,0.0,0.0,0.0
2023-06-29 09:30:00-04:00,56.375,56.41999816894531,56.27000045776367,56.27000045776367,287,0.0,0.0,0.0
2023-06-29 10:30:00-04:00,56.19990158081055,56.19990158081055,56.19990158081055,56.19990158081055,406,0.0,0.0,0.0
2023-06-29 13:30:00-04:00,57.16999816894531,57.16999816894531,57.16999816894531,57.16999816894531,306,0.0,0.0,0.0
2023-06-29 14:30:00-04:00,57.08000183105469,57.08000183105469,57.08000183105469,57.08000183105469,208,0.0,0.0,0.0
2023-06-29 15:30:00-04:00,57.279998779296875,57.358699798583984,57.279998779296875,57.358699798583984,0,0.0,0.0,0.0
2023-06-30 09:30:00-04:00,58.209999084472656,58.665000915527344,57.93299865722656,57.989898681640625,2584,0.0,0.0,0.0
2023-06-30 10:30:00-04:00,57.790000915527344,57.790000915527344,57.790000915527344,57.790000915527344,169,0.0,0.0,0.0
2023-06-30 12:30:00-04:00,57.13570022583008,57.13570022583008,57.13570022583008,57.13570022583008,537,0.0,0.0,0.0
2023-06-30 15:30:00-04:00,57.149898529052734,58.06919860839844,57.149898529052734,58.06919860839844,686,0.0,0.0,0.0
2023-07-03 09:30:00-04:00,57.83000183105469,58.92499923706055,57.83000183105469,58.92499923706055,538,0.0,0.0,0.0
2023-07-03 10:30:00-04:00,59.2400016784668,59.2400016784668,59.2400016784668,59.2400016784668,248,0.0,0.0,0.0
2023-07-03 11:30:00-04:00,59.25,59.25,59.20989990234375,59.20989990234375,493,0.0,0.0,0.0
2023-07-05 09:30:00-04:00,58.310001373291016,58.310001373291016,58.06999969482422,58.11000061035156,2417,0.0,0.0,0.0
2023-07-05 10:30:00-04:00,59.15999984741211,60.0,59.15999984741211,60.0,361,0.0,0.0,0.0
2023-07-05 12:30:00-04:00,59.959999084472656,59.959999084472656,59.959999084472656,59.959999084472656,396,0.0,0.0,0.0
2023-07-05 15:30:00-04:00,59.54999923706055,59.54999923706055,59.54999923706055,59.54999923706055,0,0.0,0.0,0.0
2023-07-06 09:30:00-04:00,57.45000076293945,57.45000076293945,57.34000015258789,57.34000015258789,1028,0.0,0.0,0.0
2023-07-06 11:30:00-04:00,58.029998779296875,58.13999938964844,58.029998779296875,58.13999938964844,590,0.0,0.0,0.0
2023-07-06 14:30:00-04:00,58.875,58.875,58.875,58.875,293,0.0,0.0,0.0
2023-07-06 15:30:00-04:00,58.790000915527344,59.0,58.66999816894531,58.9828987121582,0,0.0,0.0,0.0
2023-07-07 10:30:00-04:00,58.619998931884766,58.63800048828125,58.4900016784668,58.4900016784668,3167,0.0,0.0,0.0
2023-07-07 11:30:00-04:00,58.33000183105469,58.33110046386719,58.33000183105469,58.33110046386719,1102,0.0,0.0,0.0
2023-07-07 12:30:00-04:00,58.540000915527344,59.0099983215332,58.540000915527344,59.0099983215332,333,0.0,0.0,0.0
2023-07-07 13:30:00-04:00,58.65999984741211,58.65999984741211,58.65999984741211,58.65999984741211,200,0.0,0.0,0.0
2023-07-07 14:30:00-04:00,58.45709991455078,58.45709991455078,58.45709991455078,58.45709991455078,150,0.0,0.0,0.0
2023-07-07 15:30:00-04:00,58.40999984741211,58.41999816894531,58.290000915527344,58.29389953613281,1078,0.0,0.0,0.0
2023-07-10 09:30:00-04:00,58.529998779296875,58.529998779296875,58.04499816894531,58.04499816894531,398,0.0,0.0,0.0
2023-07-10 10:30:00-04:00,57.709999084472656,57.709999084472656,57.709999084472656,57.709999084472656,208,0.0,0.0,0.0
2023-07-10 13:30:00-04:00,58.650001525878906,58.650001525878906,58.650001525878906,58.650001525878906,151,0.0,0.0,0.0
2023-07-10 15:30:00-04:00,58.56999969482422,58.619998931884766,58.56999969482422,58.58610153198242,1686,0.0,0.0,0.0
2023-07-11 09:30:00-04:00,58.83000183105469,59.04999923706055,58.709999084472656,59.04999923706055,1472,0.0,0.0,0.0
2023-07-11 10:30:00-04:00,58.95989990234375,58.95989990234375,58.95989990234375,58.95989990234375,332,0.0,0.0,0.0
2023-07-11 11:30:00-04:00,59.43009948730469,59.43009948730469,59.43009948730469,59.43009948730469,132,0.0,0.0,0.0
2023-07-11 12:30:00-04:00,59.32630157470703,59.32630157470703,59.32630157470703,59.32630157470703,0,0.0,0.0,0.0
2023-07-11 13:30:00-04:00,59.3739013671875,59.3739013671875,59.3739013671875,59.3739013671875,2291,0.0,0.0,0.0
2023-07-11 14:30:00-04:00,59.419898986816406,59.99399948120117,59.419898986816406,59.99399948120117,0,0.0,0.0,0.0
2023-07-12 09:30:00-04:00,61.54999923706055,61.54999923706055,61.19990158081055,61.29999923706055,1232,0.0,0.0,0.0
2023-07-12 11:30:00-04:00,61.06999969482422,61.06999969482422,60.93000030517578,60.93000030517578,402,0.0,0.0,0.0
2023-07-12 15:30:00-04:00,60.989898681640625,60.989898681640625,60.63180160522461,60.63180160522461,0,0.0,0.0,0.0
2023-07-13 14:30:00-04:00,60.810001373291016,60.810001373291016,60.810001373291016,60.810001373291016,0,0.0,0.0,0.0
2023-07-13 15:30:00-04:00,61.0,61.36320114135742,61.0,61.36320114135742,16,0.0,0.0,0.0
2023-07-14 09:30:00-04:00,60.744998931884766,60.744998931884766,60.70500183105469,60.70500183105469,351,0.0,0.0,0.0
2023-07-14 11:30:00-04:00,60.869998931884766,61.24879837036133,60.869998931884766,61.24879837036133,194,0.0,0.0,0.0
2023-07-17 10:30:00-04:00,60.540000915527344,60.68510055541992,60.540000915527344,60.68510055541992,1756,0.0,0.0,0.0
2023-07-17 12:30:00-04:00,60.44499969482422,60.44499969482422,60.44499969482422,60.44499969482422,154,0.0,0.0,0.0
2023-07-17 14:30:00-04:00,60.41999816894531,60.45800018310547,60.32170104980469,60.32170104980469,0,0.0,0.0,0.0
2023-07-18 09:30:00-04:00,60.81999969482422,60.81999969482422,59.6598014831543,60.0,1313,0.0,0.0,0.0
2023-07-18 12:30:00-04:00,58.56869888305664,58.56869888305664,58.45000076293945,58.45000076293945,2460,0.0,0.0,0.0
2023-07-18 13:30:00-04:00,58.681400299072266,58.681400299072266,58.681400299072266,58.681400299072266,171,0.0,0.0,0.0
2023-07-18 14:30:00-04:00,59.12710189819336,59.12710189819336,59.12710189819336,59.12710189819336,170,0.0,0.0,0.0
2023-07-18 15:30:00-04:00,59.220001220703125,59.220001220703125,59.220001220703125,59.220001220703125,127,0.0,0.0,0.0
2023-07-19 09:30:00-04:00,59.619998931884766,59.619998931884766,59.619998931884766,59.619998931884766,380,0.0,0.0,0.0
2023-07-19 13:30:00-04:00,60.590999603271484,60.59199905395508,60.5900993347168,60.5900993347168,1574,0.0,0.0,0.0
2023-07-19 14:30:00-04:00,60.84000015258789,60.84000015258789,60.84000015258789,60.84000015258789,415,0.0,0.0,0.0
2023-07-19 15:30:00-04:00,60.564998626708984,60.564998626708984,60.564998626708984,60.564998626708984,0,0.0,0.0,0.0
2023-07-20 09:30:00-04:00,59.20000076293945,59.20000076293945,58.422000885009766,59.11000061035156,822,0.0,0.0,0.0
2023-07-20 10:30:00-04:00,59.149898529052734,59.149898529052734,59.149898529052734,59.149898529052734,174,0.0,0.0,0.0
2023-07-20 12:30:00-04:00,59.65999984741211,60.0004997253418,59.65999984741211,60.0004997253418,0,0.0,0.0,0.0
2023-07-21 10:30:00-04:00,60.698001861572266,60.790000915527344,60.627601623535156,60.627601623535156,1886,0.0,0.0,0.0
2023-07-24 09:30:00-04:00,61.43000030517578,61.5,60.959999084472656,60.959999084472656,711,0.0,0.0,0.0
2023-07-24 12:30:00-04:00,61.59560012817383,61.59560012817383,61.54999923706055,61.560001373291016,370,0.0,0.0,0.0
2023-07-24 13:30:00-04:00,61.51499938964844,61.746299743652344,61.51499938964844,61.746299743652344,0,0.0,0.0,0.0
2023-07-25 09:30:00-04:00,61.79990005493164,62.0,61.34000015258789,61.34000015258789,1988,0.0,0.0,0.0
2023-07-25 12:30:00-04:00,61.290000915527344,61.290000915527344,60.959999084472656,60.959999084472656,401,0.0,0.0,0.0
2023-07-25 15:30:00-04:00,61.09000015258789,61.09000015258789,60.81999969482422,60.922298431396484,0,0.0,0.0,0.0
2023-07-26 12:30:00-04:00,61.22370147705078,61.22370147705078,61.22370147705078,61.22370147705078,507,0.0,0.0,0.0
2023-07-26 13:30:00-04:00,60.93000030517578,60.93000030517578,60.93000030517578,60.93000030517578,133,0.0,0.0,0.0
2023-07-26 14:30:00-04:00,61.060001373291016,61.13850021362305,60.54999923706055,61.13850021362305,0,0.0,0.0,0.0
2023-07-27 09:30:00-04:00,61.415000915527344,61.415000915527344,61.415000915527344,61.415000915527344,588,0.0,0.0,0.0
2023-07-27 10:30:00-04:00,60.369998931884766,60.369998931884766,59.900001525878906,59.900001525878906,359,0.0,0.0,0.0
2023-07-27 12:30:00-04:00,59.979698181152344,59.979698181152344,59.979698181152344,59.979698181152344,525,0.0,0.0,0.0
2023-07-27 13:30:00-04:00,59.47650146484375,59.47650146484375,59.47650146484375,59.47650146484375,259,0.0,0.0,0.0
2023-07-27 14:30:00-04:00,59.040000915527344,59.040000915527344,59.040000915527344,59.040000915527344,212,0.0,0.0,0.0
2023-07-27 15:30:00-04:00,58.720001220703125,58.720001220703125,58.720001220703125,58.720001220703125,418,0.0,0.0,0.0
2023-07-28 09:30:00-04:00,59.55500030517578,59.55500030517578,59.55500030517578,59.55500030517578,211,0.0,0.0,0.0
2023-07-28 11:30:00-04:00,58.5,58.5,58.5,58.5,132,0.0,0.0,0.0
2023-07-28 14:30:00-04:00,58.595001220703125,58.595001220703125,58.595001220703125,58.595001220703125,192,0.0,0.0,0.0
2023-07-28 15:30:00-04:00,58.45000076293945,58.499000549316406,58.380001068115234,58.380001068115234,513,0.0,0.0,0.0
2023-07-31 09:30:00-04:00,58.52000045776367,59.22010040283203,58.52000045776367,59.22010040283203,0,0.0,0.0,0.0
2023-07-31 10:30:00-04:00,59.5099983215332,59.5099983215332,59.5099983215332,59.5099983215332,0,0.0,0.0,0.0
2023-07-31 11:30:00-04:00,59.25,59.25,59.25,59.25,969,0.0,0.0,0.0
2023-08-01 15:30:00-04:00,58.93009948730469,59.03179931640625,58.93009948730469,59.03179931640625,1,0.0,0.0,0.0
2023-08-02 09:30:00-04:00,58.39139938354492,58.39139938354492,58.0,58.144798278808594,834,0.0,0.0,0.0
2023-08-02 10:30:00-04:00,58.119998931884766,58.119998931884766,58.119998931884766,58.119998931884766,219,0.0,0.0,0.0
2023-08-02 12:30:00-04:00,58.4900016784668,58.4900016784668,58.43439865112305,58.43439865112305,322,0.0,0.0,0.0
2023-08-02 15:30:00-04:00,58.5099983215332,58.5099983215332,58.50960159301758,58.50960159301758,0,0.0,0.0,0.0
2023-08-03 09:30:00-04:00,57.38999938964844,57.38999938964844,56.0625,56.0625,1500,0.0,0.0,0.0
2023-08-03 10:30:00-04:00,55.689998626708984,55.79819869995117,55.59000015258789,55.630001068115234,2120,0.0,0.0,0.0
2023-08-03 11:30:00-04:00,55.33089828491211,55.5099983215332,55.33089828491211,55.5099983215332,1188,0.0,0.0,0.0
2023-08-03 12:30:00-04:00,56.20500183105469,56.20500183105469,56.20500183105469,56.20500183105469,214,0.0,0.0,0.0
2023-08-03 13:30:00-04:00,56.287601470947266,56.287601470947266,56.287601470947266,56.287601470947266,131,0.0,0.0,0.0
2023-08-03 14:30:00-04:00,56.768001556396484,56.89419937133789,56.63800048828125,56.89419937133789,435,0.0,0.0,0.0
2023-08-04 09:30:00-04:00,56.52669906616211,56.52669906616211,56.5099983215332,56.5099983215332,833,0.0,0.0,0.0
2023-08-04 12:30:00-04:00,57.31999969482422,57.369998931884766,57.04999923706055,57.04999923706055,418,0.0,0.0,0.0
2023-08-04 13:30:00-04:00,56.939998626708984,56.939998626708984,55.69430160522461,55.69430160522461,448,0.0,0.0,0.0
2023-08-07 10:30:00-04:00,56.65999984741211,56.65999984741211,56.65999984741211,56.65999984741211,420,0.0,0.0,0.0
2023-08-07 13:30:00-04:00,56.77000045776367,57.08599853515625,56.77000045776367,57.08599853515625,0,0.0,0.0,0.0
2023-08-08 09:30:00-04:00,55.88010025024414,55.88010025024414,55.88010025024414,55.88010025024414,663,0.0,0.0,0.0
2023-08-08 10:30:00-04:00,56.601200103759766,56.601200103759766,56.601200103759766,56.601200103759766,0,0.0,0.0,0.0
2023-08-09 09:30:00-04:00,56.5,56.5,56.5,56.5,187,0.0,0.0,0.0
2023-08-09 10:30:00-04:00,56.900001525878906,56.900001525878906,56.900001525878906,56.900001525878906,263,0.0,0.0,0.0
2023-08-09 11:30:00-04:00,56.69580078125,56.69580078125,56.4098014831543,56.4098014831543,0,0.0,0.0,0.0
2023-08-11 09:30:00-04:00,55.96099853515625,55.96099853515625,55.96099853515625,55.96099853515625,1061,0.0,0.0,0.0
2023-08-11 12:30:00-04:00,56.189998626708984,56.4995002746582,56.189998626708984,56.4995002746582,494,0.0,0.0,0.0
2023-08-14 14:30:00-04:00,55.779998779296875,55.817501068115234,55.779998779296875,55.817501068115234,1593,0.0,0.0,0.0
2023-08-14 15:30:00-04:00,54.90140151977539,55.96950149536133,54.90140151977539,54.90140151977539,0,0.0,0.0,0.0
2023-08-16 13:30:00-04:00,54.00019836425781,54.05500030517578,53.516998291015625,53.516998291015625,518,0.0,0.0,0.0
2023-08-17 09:30:00-04:00,53.70000076293945,53.70000076293945,53.70000076293945,53.70000076293945,298,0.0,0.0,0.0
2023-08-17 14:30:00-04:00,53.0,53.19350051879883,53.0,53.19350051879883,2363,0.0,0.0,0.0
2023-08-17 15:30:00-04:00,53.27000045776367,53.27000045776367,52.73680114746094,52.88010025024414,0,0.0,0.0,0.0
2023-08-21 09:30:00-04:00,52.70000076293945,52.70000076293945,52.25,52.4744987487793,1689,0.0,0.0,0.0
2023-08-21 11:30:00-04:00,51.190101623535156,51.25,51.190101623535156,51.25,731,0.0,0.0,0.0
2023-08-21 12:30:00-04:00,51.38010025024414,51.63090133666992,51.380001068115234,51.63090133666992,1406,0.0,0.0,0.0
2023-08-21 15:30:00-04:00,52.0348014831543,52.316898345947266,52.0348014831543,52.316898345947266,0,0.0,0.0,0.0
2023-08-23 11:30:00-04:00,53.529998779296875,53.529998779296875,53.529998779296875,53.529998779296875,981,0.0,0.0,0.0
2023-08-23 12:30:00-04:00,53.77000045776367,53.77000045776367,53.77000045776367,53.77000045776367,108,0.0,0.0,0.0
2023-08-23 13:30:00-04:00,53.827999114990234,53.880001068115234,53.827999114990234,53.880001068115234,669,0.0,0.0,0.0
2023-08-23 14:30:00-04:00,53.83409881591797,53.83409881591797,53.712799072265625,53.712799072265625,0,0.0,0.0,0.0
2023-08-24 09:30:00-04:00,54.650001525878906,55.22129821777344,54.650001525878906,55.22129821777344,817,0.0,0.0,0.0
2023-08-24 10:30:00-04:00,54.849998474121094,54.849998474121094,54.849998474121094,54.849998474121094,189,0.0,0.0,0.0
2023-08-24 13:30:00-04:00,53.47639846801758,53.47639846801758,53.47639846801758,53.47639846801758,159,0.0,0.0,0.0
2023-08-24 14:30:00-04:00,53.360198974609375,53.6343994140625,53.360198974609375,53.6343994140625,0,0.0,0.0,0.0
2023-08-28 15:30:00-04:00,54.52000045776367,54.52000045776367,54.45000076293945,54.45000076293945,2055,0.0,0.0,0.0
2023-08-29 11:30:00-04:00,55.28229904174805,55.28229904174805,55.28229904174805,55.28229904174805,566,0.0,0.0,0.0
2023-08-29 13:30:00-04:00,55.40999984741211,55.41999816894531,55.31990051269531,55.31990051269531,1708,0.0,0.0,0.0
2023-08-29 14:30:00-04:00,55.25,55.25,55.25,55.25,109,0.0,0.0,0.0
2023-08-29 15:30:00-04:00,55.369998931884766,55.619998931884766,55.369998931884766,55.619998931884766,0,0.0,0.0,0.0
2023-08-30 10:30:00-04:00,55.59450149536133,55.59450149536133,55.59450149536133,55.59450149536133,220,0.0,0.0,0.0
2023-08-30 14:30:00-04:00,55.98860168457031,55.98860168457031,55.95819854736328,55.95819854736328,500,0.0,0.0,0.0
2023-08-31 09:30:00-04:00,56.380001068115234,56.380001068115234,56.380001068115234,56.380001068115234,1654,0.0,0.0,0.0
2023-08-31 11:30:00-04:00,55.5099983215332,55.5099983215332,55.48080062866211,55.48080062866211,283,0.0,0.0,0.0
2023-08-31 13:30:00-04:00,55.5099983215332,55.5099983215332,55.5099983215332,55.5099983215332,251,0.0,0.0,0.0
2023-08-31 14:30:00-04:00,55.10710144042969,55.10710144042969,55.10710144042969,55.10710144042969,406,0.0,0.0,0.0
2023-08-31 15:30:00-04:00,55.34000015258789,55.34000015258789,55.13999938964844,55.217498779296875,0,0.0,0.0,0.0
2023-09-01 12:30:00-04:00,54.83000183105469,54.83000183105469,54.83000183105469,54.83000183105469,598,0.0,0.0,0.0
2023-09-01 13:30:00-04:00,54.87269973754883,54.87269973754883,54.87269973754883,54.87269973754883,100,0.0,0.0,0.0
2023-09-01 14:30:00-04:00,54.9099006652832,55.11259841918945,54.9099006652832,55.11259841918945,463,0.0,0.0,0.0
2023-09-05 09:30:00-04:00,55.130001068115234,55.130001068115234,55.130001068115234,55.130001068115234,270,0.0,0.0,0.0
2023-09-05 13:30:00-04:00,54.13759994506836,54.13759994506836,54.04999923706055,54.04999923706055,708,0.0,0.0,0.0
2023-09-05 14:30:00-04:00,54.21009826660156,54.21009826660156,54.21009826660156,54.21009826660156,410,0.0,0.0,0.0
2023-09-05 15:30:00-04:00,54.099998474121094,54.099998474121094,54.04999923706055,54.06549835205078,0,0.0,0.0,0.0
2023-09-06 10:30:00-04:00,53.814998626708984,53.814998626708984,53.814998626708984,53.814998626708984,225,0.0,0.0,0.0
2023-09-06 14:30:00-04:00,53.5,53.5,53.5,53.5,0,0.0,0.0,0.0
2023-09-06 15:30:00-04:00,53.7400016784668,53.7400016784668,53.7400016784668,53.7400016784668,500,0.0,0.0,0.0
2023-09-07 09:30:00-04:00,53.900001525878906,53.9900016784668,53.900001525878906,53.9900016784668,1315,0.0,0.0,0.0
2023-09-07 13:30:00-04:00,54.7599983215332,54.7599983215332,54.7599983215332,54.7599983215332,100,0.0,0.0,0.0
2023-09-08 12:30:00-04:00,54.14059829711914,54.14059829711914,54.14059829711914,54.14059829711914,501,0.0,0.0,0.0
2023-09-08 13:30:00-04:00,53.7400016784668,53.7400016784668,53.7400016784668,53.7400016784668,407,0.0,0.0,0.0
2023-09-08 14:30:00-04:00,53.75809860229492,53.75809860229492,53.75809860229492,53.75809860229492,110,0.0,0.0,0.0
2023-09-08 15:30:00-04:00,53.810001373291016,53.81999969482422,53.79999923706055,53.80780029296875,550,0.0,0.0,0.0
2023-09-11 09:30:00-04:00,53.849998474121094,53.849998474121094,53.849998474121094,53.849998474121094,0,0.0,0.0,0.0
2023-09-11 11:30:00-04:00,53.46500015258789,53.494998931884766,53.46500015258789,53.494998931884766,393,0.0,0.0,0.0
2023-09-11 15:30:00-04:00,53.95439910888672,53.95439910888672,53.811798095703125,53.811798095703125,0,0.0,0.0,0.0
2023-09-12 11:30:00-04:00,53.70000076293945,53.70000076293945,53.65999984741211,53.65999984741211,473,0.0,0.0,0.0
2023-09-12 15:30:00-04:00,53.810001373291016,53.8921012878418,53.810001373291016,53.8921012878418,0,0.0,0.0,0.0
2023-09-13 14:30:00-04:00,52.92499923706055,52.92499923706055,52.92499923706055,52.92499923706055,320,0.0,0.0,0.0
2023-09-13 15:30:00-04:00,52.77000045776367,52.77880096435547,52.77000045776367,52.77880096435547,101,0.0,0.0,0.0
2023-09-14 09:30:00-04:00,53.2400016784668,53.2400016784668,53.2400016784668,53.2400016784668,348,0.0,0.0,0.0
2023-09-14 11:30:00-04:00,54.369998931884766,54.369998931884766,54.33000183105469,54.33000183105469,1044,0.0,0.0,0.0
2023-09-14 12:30:00-04:00,54.54999923706055,54.54999923706055,54.54999923706055,54.54999923706055,150,0.0,0.0,0.0
2023-09-14 13:30:00-04:00,54.599998474121094,54.599998474121094,54.599998474121094,54.599998474121094,1654,0.0,0.0,0.0
2023-09-14 15:30:00-04:00,54.70000076293945,54.709999084472656,54.17959976196289,54.17959976196289,0,0.0,0.0,0.0
2023-09-19 11:30:00-04:00,52.54990005493164,52.54990005493164,52.54990005493164,52.54990005493164,333,0.0,0.0,0.0
2023-09-19 14:30:00-04:00,52.9099006652832,52.9099006652832,52.9099006652832,52.9099006652832,430,0.0,0.0,0.0
2023-09-19 15:30:00-04:00,52.74330139160156,52.74330139160156,52.74330139160156,52.74330139160156,0,0.0,0.0,0.0
2023-09-20 11:30:00-04:00,53.70000076293945,53.70000076293945,53.70000076293945,53.70000076293945,264,0.0,0.0,0.0
2023-09-20 12:30:00-04:00,53.81999969482422,53.81999969482422,53.81999969482422,53.81999969482422,143,0.0,0.0,0.0
2023-09-20 13:30:00-04:00,53.2599983215332,53.2599983215332,52.6593017578125,52.6593017578125,0,0.0,0.0,0.0
2023-09-21 10:30:00-04:00,50.640899658203125,50.640899658203125,50.640899658203125,50.640899658203125,608,0.0,0.0,0.0
2023-09-21 13:30:00-04:00,49.97489929199219,49.97489929199219,49.97489929199219,49.97489929199219,451,0.0,0.0,0.0
2023-09-21 14:30:00-04:00,49.2400016784668,49.2400016784668,49.2400016784668,49.2400016784668,1123,0.0,0.0,0.0
2023-09-21 15:30:00-04:00,49.220001220703125,49.22999954223633,49.05009841918945,49.05609893798828,0,0.0,0.0,0.0
2023-09-22 09:30:00-04:00,48.72999954223633,48.72999954223633,48.720001220703125,48.720001220703125,1229,0.0,0.0,0.0
2023-09-22 13:30:00-04:00,48.959999084472656,48.959999084472656,48.959999084472656,48.959999084472656,173,0.0,0.0,0.0
2023-09-22 15:30:00-04:00,48.439998626708984,48.439998626708984,48.264198303222656,48.264198303222656,240,0.0,0.0,0.0
2023-09-25 11:30:00-04:00,47.84659957885742,47.84659957885742,47.84659957885742,47.84659957885742,0,0.0,0.0,0.0
2023-09-25 12:30:00-04:00,48.119998931884766,48.119998931884766,48.060001373291016,48.060001373291016,1125,0.0,0.0,0.0
2023-09-25 14:30:00-04:00,48.15999984741211,48.15999984741211,48.125,48.125,449,0.0,0.0,0.0
2023-09-25 15:30:00-04:00,47.880001068115234,48.10060119628906,47.880001068115234,48.10060119628906,0,0.0,0.0,0.0
2023-09-26 10:30:00-04:00,47.130001068115234,47.130001068115234,47.130001068115234,47.130001068115234,235,0.0,0.0,0.0
2023-09-26 11:30:00-04:00,46.7401008605957,46.7401008605957,46.7401008605957,46.7401008605957,1200,0.0,0.0,0.0
2023-09-26 12:30:00-04:00,46.58000183105469,46.58000183105469,46.58000183105469,46.58000183105469,165,0.0,0.0,0.0
2023-09-26 13:30:00-04:00,46.54010009765625,46.54010009765625,46.45000076293945,46.4900016784668,6985,0.0,0.0,0.0
2023-09-26 14:30:00-04:00,46.45000076293945,46.529998779296875,46.45000076293945,46.52000045776367,8482,0.0,0.0,0.0
2023-09-26 15:30:00-04:00,46.630001068115234,46.630001068115234,46.4900016784668,46.50299835205078,0,0.0,0.0,0.0
2023-09-27 10:30:00-04:00,46.5,46.5,46.22999954223633,46.22999954223633,934,0.0,0.0,0.0
2023-09-27 13:30:00-04:00,45.45000076293945,45.45000076293945,45.45000076293945,45.45000076293945,538,0.0,0.0,0.0
2023-09-27 14:30:00-04:00,46.14099884033203,46.310001373291016,46.13999938964844,46.310001373291016,861,0.0,0.0,0.0
2023-09-27 15:30:00-04:00,45.7400016784668,45.7400016784668,45.6953010559082,45.6953010559082,0,0.0,0.0,0.0
2023-09-28 09:30:00-04:00,46.43009948730469,46.430301666259766,46.36000061035156,46.36000061035156,1055,0.0,0.0,0.0
2023-09-28 10:30:00-04:00,46.119998931884766,46.130001068115234,46.119998931884766,46.130001068115234,586,0.0,0.0,0.0
2023-09-28 15:30:00-04:00,46.5,46.5,46.489498138427734,46.489498138427734,0,0.0,0.0,0.0
2023-09-29 09:30:00-04:00,47.72169876098633,47.83000183105469,47.470001220703125,47.470001220703125,3470,0.0,0.0,0.0
2023-09-29 11:30:00-04:00,47.13999938964844,47.13999938964844,47.13999938964844,47.13999938964844,193,0.0,0.0,0.0
2023-09-29 13:30:00-04:00,46.86000061035156,46.86000061035156,46.459999084472656,46.459999084472656,322,0.0,0.0,0.0
2023-09-29 14:30:00-04:00,47.00630187988281,47.00630187988281,47.00630187988281,47.00630187988281,624,0.0,0.0,0.0
2023-09-29 15:30:00-04:00,47.08000183105469,47.08000183105469,46.8848991394043,46.8848991394043,301,0.0,0.0,0.0
2023-10-02 09:30:00-04:00,46.38999938964844,46.38999938964844,46.38999938964844,46.38999938964844,981,0.0,0.0,0.0
2023-10-02 10:30:00-04:00,46.20000076293945,46.33000183105469,46.20000076293945,46.33000183105469,742,0.0,0.0,0.0
2023-10-02 11:30:00-04:00,46.099998474121094,46.099998474121094,45.720001220703125,45.720001220703125,535,0.0,0.0,0.0
2023-10-02 13:30:00-04:00,44.880001068115234,44.880001068115234,44.880001068115234,44.880001068115234,366,0.0,0.0,0.0
2023-10-02 14:30:00-04:00,44.83000183105469,44.83000183105469,44.829898834228516,44.829898834228516,406,0.0,0.0,0.0
2023-10-02 15:30:00-04:00,45.2599983215332,45.2599983215332,45.11000061035156,45.24660110473633,0,0.0,0.0,0.0
2023-10-03 10:30:00-04:00,43.61000061035156,43.61000061035156,43.61000061035156,43.61000061035156,1292,0.0,0.0,0.0
2023-10-03 11:30:00-04:00,43.66999816894531,43.66999816894531,43.66999816894531,43.66999816894531,336,0.0,0.0,0.0
2023-10-03 15:30:00-04:00,43.36000061035156,43.5,43.36000061035156,43.5,0,0.0,0.0,0.0
2023-10-04 09:30:00-04:00,44.064998626708984,44.064998626708984,43.88999938964844,43.88999938964844,946,0.0,0.0,0.0
2023-10-04 11:30:00-04:00,44.0,44.0,44.0,44.0,219,0.0,0.0,0.0
2023-10-04 15:30:00-04:00,44.5,44.5,44.470001220703125,44.47079849243164,0,0.0,0.0,0.0
2023-10-05 09:30:00-04:00,44.2401008605957,44.709999084472656,44.2401008605957,44.709999084472656,5138,0.0,0.0,0.0
2023-10-05 10:30:00-04:00,44.04999923706055,44.04999923706055,44.04999923706055,44.04999923706055,579,0.0,0.0,0.0
2023-10-05 14:30:00-04:00,44.939998626708984,45.032901763916016,44.939998626708984,45.032901763916016,412,0.0,0.0,0.0
2023-10-06 09:30:00-04:00,44.22999954223633,44.22999954223633,43.86000061035156,43.86000061035156,0,0.0,0.0,0.0
2023-10-06 10:30:00-04:00,43.880001068115234,44.5,43.880001068115234,44.5,470,0.0,0.0,0.0
2023-10-06 14:30:00-04:00,45.869998931884766,45.869998931884766,45.869998931884766,45.869998931884766,205,0.0,0.0,0.0
2023-10-06 15:30:00-04:00,45.63520050048828,45.63520050048828,45.63520050048828,45.63520050048828,100,0.0,0.0,0.0
2023-10-09 09:30:00-04:00,45.25,45.310001373291016,45.25,45.310001373291016,360,0.0,0.0,0.0
2023-10-09 10:30:00-04:00,45.619998931884766,45.709999084472656,45.619998931884766,45.709999084472656,0,0.0,0.0,0.0
2023-10-09 11:30:00-04:00,46.04999923706055,46.04999923706055,46.04999923706055,46.04999923706055,1072,0.0,0.0,0.0
2023-10-09 14:30:00-04:00,46.470001220703125,46.472801208496094,46.470001220703125,46.472801208496094,0,0.0,0.0,0.0
2023-10-10 10:30:00-04:00,47.369998931884766,47.369998931884766,47.369998931884766,47.369998931884766,159,0.0,0.0,0.0
2023-10-10 13:30:00-04:00,47.00299835205078,47.00299835205078,46.84629821777344,46.84629821777344,0,0.0,0.0,0.0
2023-10-11 09:30:00-04:00,47.96179962158203,47.96179962158203,47.96179962158203,47.96179962158203,286,0.0,0.0,0.0
2023-10-11 11:30:00-04:00,47.65999984741211,47.65999984741211,47.65999984741211,47.65999984741211,235,0.0,0.0,0.0
2023-10-11 15:30:00-04:00,48.63999938964844,48.69969940185547,48.63999938964844,48.69969940185547,0,0.0,0.0,0.0
2023-10-12 09:30:00-04:00,47.95500183105469,47.95500183105469,47.95000076293945,47.95000076293945,359,0.0,0.0,0.0
2023-10-12 10:30:00-04:00,47.470001220703125,47.470001220703125,47.459999084472656,47.459999084472656,853,0.0,0.0,0.0
2023-10-12 12:30:00-04:00,47.849998474121094,47.849998474121094,47.46590042114258,47.46590042114258,0,0.0,0.0,0.0
2023-10-13 11:30:00-04:00,47.27909851074219,47.3203010559082,47.27909851074219,47.3203010559082,505,0.0,0.0,0.0
2023-10-16 10:30:00-04:00,48.0099983215332,48.400699615478516,48.0099983215332,48.400699615478516,1077,0.0,0.0,0.0
2023-10-17 10:30:00-04:00,48.45000076293945,48.45000076293945,48.45000076293945,48.45000076293945,232,0.0,0.0,0.0
2023-10-17 12:30:00-04:00,48.084999084472656,48.084999084472656,48.084999084472656,48.084999084472656,161,0.0,0.0,0.0
2023-10-17 13:30:00-04:00,47.5275993347168,47.7953987121582,47.5275993347168,47.7953987121582,0,0.0,0.0,0.0
2023-10-18 09:30:00-04:00,46.790000915527344,46.790000915527344,46.790000915527344,46.790000915527344,343,0.0,0.0,0.0
2023-10-18 14:30:00-04:00,46.400001525878906,46.400001525878906,46.16999816894531,46.16999816894531,5048,0.0,0.0,0.0
2023-10-18 15:30:00-04:00,46.08000183105469,46.08000183105469,45.790000915527344,45.804901123046875,0,0.0,0.0,0.0
2023-10-19 11:30:00-04:00,44.83000183105469,45.20000076293945,44.779998779296875,45.20000076293945,411,0.0,0.0,0.0
2023-10-19 12:30:00-04:00,44.79999923706055,44.93000030517578,44.43000030517578,44.93000030517578,879,0.0,0.0,0.0
2023-10-19 14:30:00-04:00,44.25,44.25,44.25,44.25,170,0.0,0.0,0.0
2023-10-19 15:30:00-04:00,43.68000030517578,43.68000030517578,43.570899963378906,43.570899963378906,0,0.0,0.0,0.0
2023-10-20 09:30:00-04:00,43.7400016784668,43.7400016784668,43.540000915527344,43.54999923706055,521,0.0,0.0,0.0
2023-10-20 11:30:00-04:00,43.58000183105469,43.58000183105469,43.58000183105469,43.58000183105469,181,0.0,0.0,0.0
2023-10-20 14:30:00-04:00,43.7599983215332,43.7599983215332,43.7599983215332,43.7599983215332,108,0.0,0.0,0.0
2023-10-20 15:30:00-04:00,43.06999969482422,43.06999969482422,43.052101135253906,43.052101135253906,679,0.0,0.0,0.0
2023-10-23 15:30:00-04:00,42.34000015258789,42.34000015258789,42.23749923706055,42.23749923706055,532,0.0,0.0,0.0
2023-10-24 15:30:00-04:00,43.310001373291016,43.310001373291016,43.244998931884766,43.290000915527344,1831,0.0,0.0,0.0
2023-10-25 10:30:00-04:00,42.06999969482422,42.06999969482422,42.06999969482422,42.06999969482422,244,0.0,0.0,0.0
2023-10-25 15:30:00-04:00,41.470001220703125,41.470001220703125,41.44150161743164,41.44150161743164,0,0.0,0.0,0.0
2023-10-26 09:30:00-04:00,42.97999954223633,42.97999954223633,42.959999084472656,42.959999084472656,5836,0.0,0.0,0.0
2023-10-26 11:30:00-04:00,43.349998474121094,43.349998474121094,43.29999923706055,43.29999923706055,459,0.0,0.0,0.0
2023-10-26 12:30:00-04:00,42.970001220703125,43.06669998168945,42.970001220703125,43.06669998168945,538,0.0,0.0,0.0
2023-10-26 14:30:00-04:00,43.290000915527344,43.290000915527344,43.220001220703125,43.220001220703125,215,0.0,0.0,0.0
2023-10-26 15:30:00-04:00,43.29010009765625,43.29010009765625,43.21369934082031,43.21369934082031,0,0.0,0.0,0.0
2023-10-27 09:30:00-04:00,43.08000183105469,43.08000183105469,42.42530059814453,42.42530059814453,1073,0.0,0.0,0.0
2023-10-27 10:30:00-04:00,42.040000915527344,42.040000915527344,42.040000915527344,42.040000915527344,155,0.0,0.0,0.0
2023-10-27 12:30:00-04:00,42.08980178833008,42.08980178833008,41.66999816894531,41.66999816894531,603,0.0,0.0,0.0
2023-10-27 14:30:00-04:00,41.648399353027344,41.648399353027344,41.648399353027344,41.648399353027344,193,0.0,0.0,0.0
2023-10-30 09:30:00-04:00,42.06999969482422,42.06999969482422,42.06999969482422,42.06999969482422,802,0.0,0.0,0.0
2023-10-30 10:30:00-04:00,41.0,41.0,41.0,41.0,100,0.0,0.0,0.0
2023-10-30 11:30:00-04:00,41.189998626708984,41.189998626708984,41.189998626708984,41.189998626708984,182,0.0,0.0,0.0
2023-10-31 13:30:00-04:00,43.74129867553711,43.74129867553711,43.400001525878906,43.400001525878906,477,0.0,0.0,0.0
2023-11-01 09:30:00-04:00,44.09000015258789,44.09000015258789,44.09000015258789,44.09000015258789,0,0.0,0.0,0.0
2023-11-01 10:30:00-04:00,43.63600158691406,43.63600158691406,43.63600158691406,43.63600158691406,263,0.0,0.0,0.0
2023-11-01 12:30:00-04:00,43.640098571777344,43.709999084472656,43.59000015258789,43.59000015258789,1006,0.0,0.0,0.0
2023-11-01 14:30:00-04:00,44.099998474121094,44.099998474121094,44.099998474121094,44.099998474121094,371,0.0,0.0,0.0
2023-11-01 15:30:00-04:00,44.119998931884766,44.189998626708984,44.119998931884766,44.182098388671875,731,0.0,0.0,0.0
2023-11-02 09:30:00-04:00,45.5099983215332,46.25,45.5099983215332,46.25,0,0.0,0.0,0.0
2023-11-02 10:30:00-04:00,46.22380065917969,46.71369934082031,46.22380065917969,46.71369934082031,1717,0.0,0.0,0.0
2023-11-02 11:30:00-04:00,46.949501037597656,46.949501037597656,46.80500030517578,46.88999938964844,2711,0.0,0.0,0.0
2023-11-02 12:30:00-04:00,46.86000061035156,46.880001068115234,46.86000061035156,46.880001068115234,325,0.0,0.0,0.0
2023-11-02 13:30:00-04:00,47.119998931884766,47.119998931884766,47.119998931884766,47.119998931884766,312,0.0,0.0,0.0
2023-11-02 14:30:00-04:00,46.970001220703125,46.970001220703125,46.720001220703125,46.77000045776367,2347,0.0,0.0,0.0
2023-11-02 15:30:00-04:00,46.97999954223633,46.97999954223633,46.883399963378906,46.883399963378906,0,0.0,0.0,0.0
2023-11-03 09:30:00-04:00,47.97999954223633,49.80500030517578,47.97999954223633,49.80500030517578,2779,0.0,0.0,0.0
2023-11-03 10:30:00-04:00,49.56990051269531,49.56990051269531,49.56990051269531,49.56990051269531,237,0.0,0.0,0.0
2023-11-03 11:30:00-04:00,49.72990036010742,49.72999954223633,49.72990036010742,49.72999954223633,776,0.0,0.0,0.0
2023-11-03 13:30:00-04:00,49.72999954223633,49.72999954223633,49.72999954223633,49.72999954223633,486,0.0,0.0,0.0
2023-11-03 14:30:00-04:00,49.720001220703125,49.7400016784668,49.538700103759766,49.538700103759766,1172,0.0,0.0,0.0
2023-11-03 15:30:00-04:00,49.43000030517578,49.470001220703125,49.114498138427734,49.114498138427734,210,0.0,0.0,0.0
2023-11-06 09:30:00-05:00,49.369998931884766,49.369998931884766,47.640098571777344,47.640098571777344,3386,0.0,0.0,0.0
2023-11-06 10:30:00-05:00,47.68000030517578,47.68000030517578,47.68000030517578,47.68000030517578,105,0.0,0.0,0.0
2023-11-06 11:30:00-05:00,47.47999954223633,47.47999954223633,47.439998626708984,47.439998626708984,210,0.0,0.0,0.0
2023-11-06 12:30:00-05:00,47.46659851074219,47.46659851074219,47.46659851074219,47.46659851074219,209,0.0,0.0,0.0
2023-11-06 14:30:00-05:00,47.220001220703125,47.310001373291016,47.220001220703125,47.310001373291016,496,0.0,0.0,0.0
2023-11-06 15:30:00-05:00,47.43000030517578,47.64860153198242,47.43000030517578,47.64860153198242,0,0.0,0.0,0.0
2023-11-07 09:30:00-05:00,46.900001525878906,46.957000732421875,46.900001525878906,46.957000732421875,257,0.0,0.0,0.0
2023-11-07 10:30:00-05:00,46.95349884033203,46.95349884033203,46.95349884033203,46.95349884033203,144,0.0,0.0,0.0
2023-11-07 11:30:00-05:00,46.98939895629883,46.98939895629883,46.98939895629883,46.98939895629883,149,0.0,0.0,0.0
2023-11-07 12:30:00-05:00,46.88010025024414,46.88010025024414,46.88010025024414,46.88010025024414,100,0.0,0.0,0.0
2023-11-07 13:30:00-05:00,46.86009979248047,46.86009979248047,46.86009979248047,46.86009979248047,128,0.0,0.0,0.0
2023-11-07 14:30:00-05:00,46.849998474121094,46.849998474121094,46.849998474121094,46.849998474121094,425,0.0,0.0,0.0
2023-11-07 15:30:00-05:00,46.8474006652832,46.8474006652832,46.818199157714844,46.818199157714844,0,0.0,0.0,0.0
2023-11-08 09:30:00-05:00,47.06999969482422,47.5099983215332,47.06999969482422,47.369598388671875,43,0.0,0.0,0.0
2023-11-09 09:30:00-05:00,47.19300079345703,47.19300079345703,46.650001525878906,46.65010070800781,434,0.0,0.0,0.0
2023-11-09 11:30:00-05:00,47.1599006652832,47.1599006652832,46.970001220703125,46.970001220703125,322,0.0,0.0,0.0
2023-11-09 12:30:00-05:00,46.58000183105469,46.58000183105469,46.58000183105469,46.58000183105469,100,0.0,0.0,0.0
2023-11-09 13:30:00-05:00,46.290000915527344,46.290000915527344,46.290000915527344,46.290000915527344,1598,0.0,0.0,0.0
2023-11-09 14:30:00-05:00,45.9900016784668,45.9900016784668,45.9900016784668,45.9900016784668,152,0.0,0.0,0.0
2023-11-09 15:30:00-05:00,45.97999954223633,45.97999954223633,45.94089889526367,45.94089889526367,0,0.0,0.0,0.0
2023-11-10 10:30:00-05:00,45.90999984741211,45.90999984741211,45.90999984741211,45.90999984741211,491,0.0,0.0,0.0
2023-11-10 12:30:00-05:00,46.349998474121094,46.9552001953125,46.349998474121094,46.9552001953125,1021,0.0,0.0,0.0
2023-11-13 09:30:00-05:00,46.029998779296875,46.029998779296875,46.029998779296875,46.029998779296875,0,0.0,0.0,0.0
2023-11-13 12:30:00-05:00,46.1599006652832,46.1599006652832,46.1599006652832,46.1599006652832,544,0.0,0.0,0.0
2023-11-13 13:30:00-05:00,46.15999984741211,46.20899963378906,46.15999984741211,46.20899963378906,0,0.0,0.0,0.0
2023-11-14 09:30:00-05:00,50.2598991394043,50.709999084472656,50.09189987182617,50.70000076293945,2389,0.0,0.0,0.0
2023-11-14 10:30:00-05:00,51.060001373291016,51.24620056152344,51.060001373291016,51.24620056152344,634,0.0,0.0,0.0
2023-11-14 12:30:00-05:00,50.77000045776367,50.77000045776367,50.77000045776367,50.77000045776367,275,0.0,0.0,0.0
2023-11-14 13:30:00-05:00,50.84000015258789,50.97999954223633,50.84000015258789,50.97999954223633,516,0.0,0.0,0.0
2023-11-14 15:30:00-05:00,51.31999969482422,51.31999969482422,51.06779861450195,51.06779861450195,0,0.0,0.0,0.0
2023-11-15 09:30:00-05:00,51.75,51.939998626708984,51.75,51.939998626708984,484,0.0,0.0,0.0
2023-11-15 11:30:00-05:00,51.369998931884766,51.369998931884766,51.369998931884766,51.369998931884766,251,0.0,0.0,0.0
2023-11-15 12:30:00-05:00,51.349998474121094,51.349998474121094,51.26190185546875,51.30889892578125,481,0.0,0.0,0.0
2023-11-16 09:30:00-05:00,51.27000045776367,51.27000045776367,51.27000045776367,51.27000045776367,336,0.0,0.0,0.0
2023-11-16 10:30:00-05:00,51.13999938964844,51.13999938964844,51.13999938964844,51.13999938964844,160,0.0,0.0,0.0
2023-11-16 14:30:00-05:00,51.58000183105469,51.61000061035156,51.56999969482422,51.61000061035156,1188,0.0,0.0,0.0
2023-11-16 15:30:00-05:00,51.58000183105469,51.58000183105469,51.297298431396484,51.297298431396484,0,0.0,0.0,0.0
2023-11-17 11:30:00-05:00,51.04029846191406,51.04029846191406,51.04029846191406,51.04029846191406,429,0.0,0.0,0.0
2023-11-17 12:30:00-05:00,51.07099914550781,51.189998626708984,51.07099914550781,51.18000030517578,1382,0.0,0.0,0.0
2023-11-17 13:30:00-05:00,50.989898681640625,50.989898681640625,50.989898681640625,50.989898681640625,424,0.0,0.0,0.0
2023-11-17 14:30:00-05:00,50.974998474121094,51.07469940185547,50.974998474121094,51.07469940185547,1029,0.0,0.0,0.0
2023-11-20 09:30:00-05:00,50.75,50.75,50.25199890136719,50.439998626708984,506,0.0,0.0,0.0
2023-11-20 10:30:00-05:00,51.25,51.25,51.25,51.25,105,0.0,0.0,0.0
2023-11-20 12:30:00-05:00,51.46099853515625,51.46099853515625,51.46099853515625,51.46099853515625,250,0.0,0.0,0.0
2023-11-20 14:30:00-05:00,51.77000045776367,51.79759979248047,51.77000045776367,51.79759979248047,0,0.0,0.0,0.0
2023-11-21 09:30:00-05:00,51.52009963989258,51.52009963989258,51.52009963989258,51.52009963989258,426,0.0,0.0,0.0
2023-11-21 13:30:00-05:00,51.43000030517578,51.43000030517578,51.375301361083984,51.375301361083984,0,0.0,0.0,0.0
2023-11-22 09:30:00-05:00,52.25,52.25,51.65999984741211,51.65999984741211,532,0.0,0.0,0.0
2023-11-22 12:30:00-05:00,51.41999816894531,51.67890167236328,51.39799880981445,51.67890167236328,19029,0.0,0.0,0.0
2023-11-24 11:30:00-05:00,51.7401008605957,51.96080017089844,51.7401008605957,51.96080017089844,196,0.0,0.0,0.0
2023-11-27 09:30:00-05:00,51.95000076293945,52.45000076293945,51.95000076293945,52.45000076293945,597,0.0,0.0,0.0
2023-11-27 10:30:00-05:00,52.47999954223633,52.5098991394043,52.47999954223633,52.5098991394043,267,0.0,0.0,0.0
2023-11-27 15:30:00-05:00,52.369998931884766,52.38990020751953,52.369998931884766,52.38990020751953,100,0.0,0.0,0.0
2023-11-28 09:30:00-05:00,51.75,51.75,51.75,51.75,425,0.0,0.0,0.0
2023-11-28 11:30:00-05:00,52.70000076293945,52.70000076293945,52.70000076293945,52.70000076293945,534,0.0,0.0,0.0
2023-11-28 12:30:00-05:00,52.83000183105469,52.83000183105469,52.83000183105469,52.83000183105469,208,0.0,0.0,0.0
2023-11-28 15:30:00-05:00,52.86000061035156,52.951698303222656,52.84000015258789,52.951698303222656,0,0.0,0.0,0.0
2023-11-29 09:30:00-05:00,54.16999816894531,54.20500183105469,54.16999816894531,54.20500183105469,1365,0.0,0.0,0.0
2023-11-29 11:30:00-05:00,54.15230178833008,54.15230178833008,54.15230178833008,54.15230178833008,224,0.0,0.0,0.0
2023-11-29 13:30:00-05:00,54.08000183105469,54.08000183105469,54.06999969482422,54.06999969482422,510,0.0,0.0,0.0
2023-11-29 14:30:00-05:00,54.04999923706055,54.04999923706055,54.04999923706055,54.04999923706055,258,0.0,0.0,0.0
2023-11-29 15:30:00-05:00,53.7046012878418,53.7046012878418,53.7046012878418,53.7046012878418,0,0.0,0.0,0.0
2023-11-30 10:30:00-05:00,54.04999923706055,54.349998474121094,53.9900016784668,53.9900016784668,866,0.0,0.0,0.0
2023-11-30 11:30:00-05:00,53.95000076293945,53.95000076293945,53.95000076293945,53.95000076293945,283,0.0,0.0,0.0
2023-11-30 12:30:00-05:00,53.75,53.75,53.709999084472656,53.709999084472656,415,0.0,0.0,0.0
2023-11-30 15:30:00-05:00,54.38290023803711,54.619998931884766,54.38290023803711,54.58000183105469,0,0.0,0.0,0.0
2023-12-01 09:30:00-05:00,54.72990036010742,55.20000076293945,54.72990036010742,55.20000076293945,880,0.0,0.0,0.0
2023-12-01 10:30:00-05:00,55.305999755859375,55.52000045776367,55.305999755859375,55.52000045776367,424,0.0,0.0,0.0
2023-12-01 11:30:00-05:00,56.29999923706055,56.29999923706055,56.29999923706055,56.29999923706055,240,0.0,0.0,0.0
2023-12-01 13:30:00-05:00,56.40999984741211,56.650001525878906,56.40999984741211,56.650001525878906,1193,0.0,0.0,0.0
2023-12-01 14:30:00-05:00,56.560001373291016,56.68000030517578,56.560001373291016,56.68000030517578,1257,0.0,0.0,0.0
2023-12-01 15:30:00-05:00,56.510101318359375,56.89899826049805,56.510101318359375,56.89899826049805,400,0.0,0.0,0.0
2023-12-04 09:30:00-05:00,56.7859001159668,56.7859001159668,56.475101470947266,56.475101470947266,948,0.0,0.0,0.0
2023-12-04 12:30:00-05:00,57.209999084472656,57.209999084472656,57.209999084472656,57.209999084472656,304,0.0,0.0,0.0
2023-12-04 14:30:00-05:00,57.15999984741211,57.492698669433594,57.15999984741211,57.492698669433594,0,0.0,0.0,0.0
2023-12-05 10:30:00-05:00,56.540000915527344,56.540000915527344,56.540000915527344,56.540000915527344,474,0.0,0.0,0.0
2023-12-05 12:30:00-05:00,56.510101318359375,56.599998474121094,56.400001525878906,56.400001525878906,899,0.0,0.0,0.0
2023-12-05 14:30:00-05:00,56.94990158081055,56.983001708984375,56.94990158081055,56.983001708984375,0,0.0,0.0,0.0
2023-12-06 10:30:00-05:00,57.85499954223633,57.85499954223633,57.85499954223633,57.85499954223633,359,0.0,0.0,0.0
2023-12-06 12:30:00-05:00,57.290000915527344,57.290000915527344,56.5796012878418,56.5796012878418,0,0.0,0.0,0.0
2023-12-07 10:30:00-05:00,57.0,57.0,57.0,57.0,1016,0.0,0.0,0.0
2023-12-07 11:30:00-05:00,56.93000030517578,56.93000030517578,56.93000030517578,56.93000030517578,315,0.0,0.0,0.0
2023-12-07 15:30:00-05:00,56.68000030517578,56.684200286865234,56.650001525878906,56.684200286865234,0,0.0,0.0,0.0
2023-12-08 09:30:00-05:00,56.5,56.5,56.5,56.5,489,0.0,0.0,0.0
2023-12-08 10:30:00-05:00,55.900001525878906,55.93000030517578,55.72999954223633,55.72999954223633,461,0.0,0.0,0.0
2023-12-08 12:30:00-05:00,55.600101470947266,55.600101470947266,55.600101470947266,55.600101470947266,416,0.0,0.0,0.0
2023-12-08 15:30:00-05:00,56.470001220703125,56.470001220703125,56.470001220703125,56.470001220703125,100,0.0,0.0,0.0
2023-12-11 09:30:00-05:00,56.41999816894531,56.41999816894531,56.220001220703125,56.220001220703125,0,0.0,0.0,0.0
2023-12-11 10:30:00-05:00,56.33000183105469,56.58000183105469,56.329898834228516,56.58000183105469,18595,0.0,0.0,0.0
2023-12-11 12:30:00-05:00,56.70000076293945,56.70000076293945,56.70000076293945,56.70000076293945,288,0.0,0.0,0.0
2023-12-11 15:30:00-05:00,56.54999923706055,56.767799377441406,56.54999923706055,56.767799377441406,0,0.0,0.0,0.0
2023-12-12 10:30:00-05:00,56.83980178833008,56.83980178833008,56.83980178833008,56.83980178833008,448,0.0,0.0,0.0
2023-12-12 15:30:00-05:00,57.0,57.0,56.80270004272461,56.80270004272461,0,0.0,0.0,0.0
2023-12-13 09:30:00-05:00,57.15589904785156,57.15589904785156,57.15589904785156,57.15589904785156,988,0.0,0.0,0.0
2023-12-13 10:30:00-05:00,57.56999969482422,57.56999969482422,57.56999969482422,57.56999969482422,354,0.0,0.0,0.0
2023-12-13 12:30:00-05:00,57.31990051269531,57.31990051269531,57.31990051269531,57.31990051269531,249,0.0,0.0,0.0
2023-12-13 14:30:00-05:00,59.900001525878906,60.79999923706055,59.900001525878906,60.74589920043945,2268,0.0,0.0,0.0
2023-12-13 15:30:00-05:00,60.91999816894531,60.95000076293945,60.7599983215332,60.82640075683594,0,0.0,0.0,0.0
2023-12-14 09:30:00-05:00,63.58000183105469,63.917198181152344,63.58000183105469,63.66999816894531,2352,0.0,0.0,0.0
2023-12-14 11:30:00-05:00,64.53500366210938,65.0,64.53500366210938,65.0,2195,0.0,0.0,0.0
2023-12-14 12:30:00-05:00,64.80000305175781,64.80000305175781,64.12000274658203,64.23989868164062,3488,0.0,0.0,0.0
2023-12-14 15:30:00-05:00,63.79999923706055,64.06759643554688,63.79999923706055,64.06759643554688,0,0.0,0.0,0.0
2023-12-15 09:30:00-05:00,63.54999923706055,63.54999923706055,62.79499816894531,63.040000915527344,1563,0.0,0.0,0.0
2023-12-15 10:30:00-05:00,62.970001220703125,63.37200164794922,62.849998474121094,62.849998474121094,1833,0.0,0.0,0.0
2023-12-15 11:30:00-05:00,62.819000244140625,62.834999084472656,62.650001525878906,62.650001525878906,1039,0.0,0.0,0.0
2023-12-15 12:30:00-05:00,62.5,62.5,62.5,62.5,277,0.0,0.0,0.0
2023-12-15 13:30:00-05:00,61.97999954223633,61.9900016784668,61.97999954223633,61.97999954223633,719,0.0,0.0,0.0
2023-12-15 14:30:00-05:00,61.999900817871094,62.0098991394043,61.999900817871094,62.0098991394043,1101,0.0,0.0,0.0
2023-12-15 15:30:00-05:00,62.185001373291016,62.85129928588867,62.185001373291016,62.85129928588867,363,0.0,0.0,0.0
2023-12-18 09:30:00-05:00,62.9900016784668,62.9900016784668,62.9900016784668,62.9900016784668,0,0.0,0.0,0.0
2023-12-18 11:30:00-05:00,62.54999923706055,62.54999923706055,62.54999923706055,62.54999923706055,18474,0.0,0.0,0.0
2023-12-18 12:30:00-05:00,62.400001525878906,62.400001525878906,62.279998779296875,62.279998779296875,942,0.0,0.0,0.0
2023-12-18 13:30:00-05:00,62.36989974975586,62.375,62.36989974975586,62.375,284,0.0,0.0,0.0
2023-12-18 14:30:00-05:00,62.2599983215332,62.2599983215332,62.2599983215332,62.2599983215332,528,0.0,0.0,0.0
2023-12-18 15:30:00-05:00,62.34000015258789,62.34370040893555,62.34000015258789,62.34370040893555,0,0.0,0.0,0.0
2023-12-19 10:30:00-05:00,63.349998474121094,63.369998931884766,63.349998474121094,63.369998931884766,802,0.0,0.0,0.0
2023-12-19 11:30:00-05:00,63.306800842285156,63.306800842285156,63.306800842285156,63.306800842285156,132,0.0,0.0,0.0
2023-12-19 13:30:00-05:00,63.059898376464844,63.1702995300293,63.059898376464844,63.1702995300293,0,0.0,0.0,0.0
2023-12-20 09:30:00-05:00,62.78779983520508,62.859901428222656,62.78779983520508,62.859798431396484,1121,0.0,0.0,0.0
2023-12-20 10:30:00-05:00,63.06629943847656,63.06629943847656,63.06629943847656,63.06629943847656,482,0.0,0.0,0.0
2023-12-20 11:30:00-05:00,63.060001373291016,63.190799713134766,63.060001373291016,63.190799713134766,427,0.0,0.0,0.0
2023-12-20 13:30:00-05:00,63.189998626708984,63.24800109863281,63.189998626708984,63.24800109863281,632,0.0,0.0,0.0
2023-12-20 14:30:00-05:00,62.869998931884766,62.87990188598633,61.60499954223633,61.87099838256836,1955,0.0,0.0,0.0
2023-12-20 15:30:00-05:00,61.77000045776367,61.77000045776367,61.331600189208984,61.331600189208984,489,0.0,0.0,0.0
2023-12-21 09:30:00-05:00,62.470001220703125,62.470001220703125,61.81999969482422,61.81999969482422,646,0.0,0.0,0.0
2023-12-21 10:30:00-05:00,61.70000076293945,61.709999084472656,61.70000076293945,61.70000076293945,1088,0.0,0.0,0.0
2023-12-21 11:30:00-05:00,61.33000183105469,61.33000183105469,61.16999816894531,61.220001220703125,590,0.0,0.0,0.0
2023-12-21 12:30:00-05:00,61.18000030517578,61.279998779296875,61.18000030517578,61.279998779296875,680,0.0,0.0,0.0
2023-12-21 13:30:00-05:00,61.1427001953125,61.17499923706055,61.1427001953125,61.17499923706055,520,0.0,0.0,0.0
2023-12-21 14:30:00-05:00,61.20989990234375,61.34000015258789,61.20989990234375,61.277099609375,615,0.0,0.0,0.0
2023-12-21 15:30:00-05:00,61.720001220703125,62.073699951171875,61.720001220703125,62.073699951171875,0,0.0,0.0,0.0
2023-12-22 09:30:00-05:00,62.880001068115234,63.369998931884766,62.880001068115234,62.9900016784668,4323,0.0,0.0,0.0
2023-12-22 10:30:00-05:00,62.90999984741211,62.90999984741211,62.90999984741211,62.90999984741211,547,0.0,0.0,0.0
2023-12-22 13:30:00-05:00,62.418701171875,62.418701171875,62.380001068115234,62.380001068115234,360,0.0,0.0,0.0
2023-12-22 14:30:00-05:00,62.31919860839844,62.599998474121094,62.31919860839844,62.599998474121094,919,0.0,0.0,0.0
2023-12-22 15:30:00-05:00,62.54970169067383,62.625,62.54970169067383,62.60029983520508,623,0.0,0.0,0.0
2023-12-26 09:30:00-05:00,62.599998474121094,62.599998474121094,62.599998474121094,62.599998474121094,0,0.0,0.0,0.0
2023-12-26 10:30:00-05:00,62.939998626708984,62.939998626708984,62.939998626708984,62.939998626708984,100,0.0,0.0,0.0
2023-12-26 11:30:00-05:00,63.0994987487793,63.1593017578125,63.0994987487793,63.130001068115234,404,0.0,0.0,0.0
2023-12-26 13:30:00-05:00,63.04999923706055,63.43109893798828,63.04999923706055,63.43109893798828,1093,0.0,0.0,0.0
2023-12-26 14:30:00-05:00,63.650001525878906,63.79999923706055,63.630001068115234,63.79999923706055,964,0.0,0.0,0.0
2023-12-26 15:30:00-05:00,63.52320098876953,63.52320098876953,63.514801025390625,63.514801025390625,0,0.0,0.0,0.0
2023-12-27 09:30:00-05:00,63.96189880371094,63.96189880371094,63.96189880371094,63.96189880371094,396,0.0,0.0,0.0
2023-12-27 10:30:00-05:00,64.12000274658203,64.12000274658203,64.12000274658203,64.12000274658203,328,0.0,0.0,0.0
2023-12-27 11:30:00-05:00,64.06009674072266,64.06009674072266,64.06009674072266,64.06009674072266,357,0.0,0.0,0.0
2023-12-27 12:30:00-05:00,64.08480072021484,64.20999908447266,64.08480072021484,64.13999938964844,687,0.0,0.0,0.0
2023-12-27 13:30:00-05:00,63.880001068115234,63.880001068115234,63.880001068115234,63.880001068115234,175,0.0,0.0,0.0
2023-12-27 14:30:00-05:00,63.720001220703125,63.9109992980957,63.720001220703125,63.9109992980957,1204,0.0,0.0,0.0
2023-12-27 15:30:00-05:00,63.79999923706055,64.08999633789062,63.79999923706055,64.08999633789062,0,0.0,0.0,0.0
2023-12-28 09:30:00-05:00,64.20999908447266,64.20999908447266,64.20999908447266,64.20999908447266,644,0.0,0.0,0.0
2023-12-28 10:30:00-05:00,64.05999755859375,64.05999755859375,64.05999755859375,64.05999755859375,223,0.0,0.0,0.0
2023-12-28 13:30:00-05:00,64.33499908447266,64.33499908447266,64.33499908447266,64.33499908447266,184,0.0,0.0,0.0
2023-12-28 14:30:00-05:00,64.37000274658203,64.83869934082031,64.37000274658203,64.83869934082031,0,0.0,0.0,0.0
2023-12-29 09:30:00-05:00,64.533203125,64.56999969482422,64.533203125,64.56999969482422,932,0.0,0.0,0.0
2023-12-29 10:30:00-05:00,64.43299865722656,64.46189880371094,64.05960083007812,64.05960083007812,1507,0.0,0.0,0.0
2023-12-29 11:30:00-05:00,63.77299880981445,63.860198974609375,63.77299880981445,63.860198974609375,672,0.0,0.0,0.0
2023-12-29 12:30:00-05:00,64.13639831542969,64.13639831542969,64.10600280761719,64.10600280761719,575,0.0,0.0,0.0
2023-12-29 15:30:00-05:00,63.77000045776367,63.77000045776367,63.77000045776367,63.77000045776367,205,0.0,0.0,0.0
2024-01-02 09:30:00-05:00,63.29999923706055,64.03710174560547,63.22999954223633,63.939998626708984,4073,0.0,0.0,0.0
2024-01-02 10:30:00-05:00,63.849998474121094,64.18000030517578,63.849998474121094,64.18000030517578,680,0.0,0.0,0.0
2024-01-02 11:30:00-05:00,64.1500015258789,64.5,64.1500015258789,64.5,1769,0.0,0.0,0.0
2024-01-02 13:30:00-05:00,64.43000030517578,64.43000030517578,64.43000030517578,64.43000030517578,31272,0.0,0.0,0.0
2024-01-02 14:30:00-05:00,64.31379699707031,64.31379699707031,64.25,64.25,686,0.0,0.0,0.0
2024-01-02 15:30:00-05:00,64.33999633789062,64.66999816894531,64.30999755859375,64.66999816894531,0,0.0,0.0,0.0
2024-01-03 09:30:00-05:00,63.0,63.04499816894531,62.279998779296875,62.279998779296875,2583,0.0,0.0,0.0
2024-01-03 10:30:00-05:00,61.73500061035156,62.380001068115234,61.73500061035156,62.380001068115234,1219,0.0,0.0,0.0
2024-01-03 11:30:00-05:00,62.345001220703125,62.345001220703125,62.345001220703125,62.345001220703125,845,0.0,0.0,0.0
2024-01-03 12:30:00-05:00,62.72999954223633,62.72999954223633,62.709999084472656,62.709999084472656,435,0.0,0.0,0.0
2024-01-03 13:30:00-05:00,62.630001068115234,62.71500015258789,62.290000915527344,62.290000915527344,424,0.0,0.0,0.0
2024-01-03 14:30:00-05:00,62.599998474121094,62.599998474121094,61.831298828125,61.831298828125,384,0.0,0.0,0.0
2024-01-03 15:30:00-05:00,61.709999084472656,61.709999084472656,61.5,61.5,568,0.0,0.0,0.0
2024-01-04 11:30:00-05:00,61.5098991394043,61.5098991394043,61.5098991394043,61.5098991394043,714,0.0,0.0,0.0
2024-01-04 12:30:00-05:00,61.14509963989258,61.14509963989258,61.14509963989258,61.14509963989258,2358,0.0,0.0,0.0
2024-01-04 15:30:00-05:00,61.9900016784668,61.9900016784668,61.355201721191406,61.355201721191406,0,0.0,0.0,0.0
2024-01-05 10:30:00-05:00,61.70000076293945,61.70000076293945,61.70000076293945,61.70000076293945,536,0.0,0.0,0.0
2024-01-05 11:30:00-05:00,60.900001525878906,60.91999816894531,60.560001373291016,60.560001373291016,1420,0.0,0.0,0.0
2024-01-05 12:30:00-05:00,60.5099983215332,60.510101318359375,60.5099983215332,60.510101318359375,660,0.0,0.0,0.0
2024-01-05 15:30:00-05:00,61.060001373291016,61.12950134277344,61.060001373291016,61.12950134277344,500,0.0,0.0,0.0
2024-01-08 09:30:00-05:00,60.630001068115234,61.650001525878906,60.630001068115234,61.650001525878906,1339,0.0,0.0,0.0
2024-01-08 12:30:00-05:00,62.30350112915039,62.30350112915039,62.30350112915039,62.30350112915039,355,0.0,0.0,0.0
2024-01-08 13:30:00-05:00,62.25,62.394901275634766,62.25,62.394901275634766,653,0.0,0.0,0.0
2024-01-08 15:30:00-05:00,62.74980163574219,62.810001373291016,62.74980163574219,62.80730056762695,0,0.0,0.0,0.0
2024-01-09 09:30:00-05:00,61.810001373291016,61.810001373291016,61.810001373291016,61.810001373291016,216,0.0,0.0,0.0
2024-01-09 12:30:00-05:00,62.369998931884766,62.369998931884766,62.369998931884766,62.369998931884766,128,0.0,0.0,0.0
2024-01-09 13:30:00-05:00,61.83000183105469,61.83000183105469,61.83000183105469,61.83000183105469,130,0.0,0.0,0.0
2024-01-09 15:30:00-05:00,61.763999938964844,61.88520050048828,61.763999938964844,61.88520050048828,0,0.0,0.0,0.0
2024-01-10 10:30:00-05:00,62.0,62.0,62.0,62.0,453,0.0,0.0,0.0
2024-01-10 15:30:00-05:00,61.88999938964844,61.936500549316406,60.86009979248047,60.86009979248047,0,0.0,0.0,0.0
2024-01-12 10:30:00-05:00,61.54999923706055,61.54999923706055,61.54999923706055,61.54999923706055,83,0.0,0.0,0.0
2024-01-12 14:30:00-05:00,61.79999923706055,61.809200286865234,61.79999923706055,61.809200286865234,298,0.0,0.0,0.0
2024-01-12 15:30:00-05:00,61.790000915527344,61.790000915527344,61.790000915527344,61.790000915527344,376,0.0,0.0,0.0
2024-01-16 09:30:00-05:00,60.84000015258789,61.11989974975586,60.834999084472656,60.91999816894531,2395,0.0,0.0,0.0
2024-01-16 11:30:00-05:00,61.51319885253906,61.51319885253906,61.51319885253906,61.51319885253906,236,0.0,0.0,0.0
2024-01-16 13:30:00-05:00,60.66999816894531,60.66999816894531,60.66999816894531,60.66999816894531,185,0.0,0.0,0.0
2024-01-16 15:30:00-05:00,60.72999954223633,60.912899017333984,60.72010040283203,60.912899017333984,535,0.0,0.0,0.0
2024-01-17 09:30:00-05:00,59.540000915527344,60.04999923706055,59.209800720214844,60.04999923706055,0,0.0,0.0,0.0
2024-01-17 12:30:00-05:00,58.053001403808594,58.053001403808594,58.0,58.0,517,0.0,0.0,0.0
2024-01-17 13:30:00-05:00,57.599998474121094,58.73889923095703,57.599998474121094,58.73889923095703,0,0.0,0.0,0.0
2024-01-18 12:30:00-05:00,57.33300018310547,57.33300018310547,57.33300018310547,57.33300018310547,369,0.0,0.0,0.0
2024-01-18 13:30:00-05:00,57.606998443603516,57.606998443603516,57.606998443603516,57.606998443603516,487,0.0,0.0,0.0
2024-01-18 14:30:00-05:00,57.7400016784668,57.94879913330078,57.619998931884766,57.94879913330078,0,0.0,0.0,0.0
2024-01-19 09:30:00-05:00,58.08000183105469,58.08000183105469,58.08000183105469,58.08000183105469,954,0.0,0.0,0.0
2024-01-19 10:30:00-05:00,58.040000915527344,58.040000915527344,58.040000915527344,58.040000915527344,0,0.0,0.0,0.0
2024-01-19 11:30:00-05:00,57.88999938964844,57.88999938964844,57.88999938964844,57.88999938964844,9039,0.0,0.0,0.0
2024-01-19 12:30:00-05:00,58.380001068115234,58.4900016784668,58.380001068115234,58.4900016784668,368,0.0,0.0,0.0
2024-01-19 13:30:00-05:00,58.88999938964844,58.88999938964844,58.88999938964844,58.88999938964844,636,0.0,0.0,0.0
2024-01-19 15:30:00-05:00,59.04999923706055,59.04999923706055,59.04999923706055,59.04999923706055,200,0.0,0.0,0.0
2024-01-22 09:30:00-05:00,59.95000076293945,60.470001220703125,59.95000076293945,60.470001220703125,1110,0.0,0.0,0.0
2024-01-22 10:30:00-05:00,60.31999969482422,60.31999969482422,59.75,59.790000915527344,5081,0.0,0.0,0.0
2024-01-22 12:30:00-05:00,59.509700775146484,59.509700775146484,59.4900016784668,59.4900016784668,407,0.0,0.0,0.0
2024-01-22 15:30:00-05:00,59.69260025024414,59.69260025024414,59.69260025024414,59.69260025024414,0,0.0,0.0,0.0
2024-01-23 10:30:00-05:00,59.14889907836914,59.14889907836914,59.0625,59.0625,0,0.0,0.0,0.0
2024-01-24 09:30:00-05:00,59.75,59.75,59.75,59.75,408,0.0,0.0,0.0
2024-01-24 12:30:00-05:00,58.2599983215332,58.2599983215332,58.2599983215332,58.2599983215332,224,0.0,0.0,0.0
2024-01-24 13:30:00-05:00,57.580101013183594,57.580101013183594,57.580101013183594,57.580101013183594,441,0.0,0.0,0.0
2024-01-24 15:30:00-05:00,57.33000183105469,57.39099884033203,57.30139923095703,57.30139923095703,0,0.0,0.0,0.0
2024-01-25 11:30:00-05:00,58.599998474121094,58.599998474121094,58.599998474121094,58.599998474121094,371,0.0,0.0,0.0
2024-01-25 12:30:00-05:00,58.34000015258789,58.34000015258789,58.34000015258789,58.34000015258789,348,0.0,0.0,0.0
2024-01-25 15:30:00-05:00,58.71659851074219,58.71659851074219,58.71659851074219,58.71659851074219,0,0.0,0.0,0.0
2024-01-26 09:30:00-05:00,58.77000045776367,58.77000045776367,58.77000045776367,58.77000045776367,829,0.0,0.0,0.0
2024-01-26 11:30:00-05:00,58.5099983215332,58.5099983215332,58.5099983215332,58.5099983215332,318,0.0,0.0,0.0
2024-01-26 14:30:00-05:00,58.289100646972656,58.30070114135742,58.289100646972656,58.30070114135742,281,0.0,0.0,0.0
2024-01-29 10:30:00-05:00,58.130001068115234,58.47999954223633,58.130001068115234,58.459999084472656,3563,0.0,0.0,0.0
2024-01-29 13:30:00-05:00,58.380001068115234,58.380001068115234,58.380001068115234,58.380001068115234,100,0.0,0.0,0.0
2024-01-29 14:30:00-05:00,58.20000076293945,59.099998474121094,58.20000076293945,59.099998474121094,442,0.0,0.0,0.0
2024-01-29 15:30:00-05:00,58.959999084472656,59.0260009765625,58.959999084472656,59.0260009765625,0,0.0,0.0,0.0
2024-01-30 12:30:00-05:00,58.630001068115234,58.630001068115234,58.630001068115234,58.630001068115234,0,0.0,0.0,0.0
2024-01-30 13:30:00-05:00,58.58000183105469,58.58000183105469,58.58000183105469,58.58000183105469,667,0.0,0.0,0.0
2024-01-30 14:30:00-05:00,58.97380065917969,58.97380065917969,58.04389953613281,58.04389953613281,0,0.0,0.0,0.0
2024-01-31 09:30:00-05:00,57.70000076293945,57.70000076293945,57.70000076293945,57.70000076293945,430,0.0,0.0,0.0
2024-01-31 13:30:00-05:00,58.400001525878906,58.400001525878906,58.400001525878906,58.400001525878906,426,0.0,0.0,0.0
2024-01-31 14:30:00-05:00,59.12009811401367,59.12009811401367,57.0,57.310001373291016,974,0.0,0.0,0.0
2024-01-31 15:30:00-05:00,57.13999938964844,57.470001220703125,57.13999938964844,57.470001220703125,1556,0.0,0.0,0.0
2024-02-01 09:30:00-05:00,57.470001220703125,57.470001220703125,56.72999954223633,56.93000030517578,0,0.0,0.0,0.0
2024-02-01 10:30:00-05:00,56.62089920043945,56.62089920043945,56.59000015258789,56.59000015258789,608,0.0,0.0,0.0
2024-02-01 12:30:00-05:00,57.79999923706055,58.22010040283203,57.79999923706055,58.22010040283203,973,0.0,0.0,0.0
2024-02-01 15:30:00-05:00,58.84000015258789,59.06760025024414,58.72999954223633,59.06760025024414,723,0.0,0.0,0.0
2024-02-02 09:30:00-05:00,58.279998779296875,58.279998779296875,56.237998962402344,56.237998962402344,0,0.0,0.0,0.0
2024-02-02 10:30:00-05:00,56.52000045776367,56.56999969482422,56.52000045776367,56.56999969482422,872,0.0,0.0,0.0
2024-02-02 13:30:00-05:00,57.02000045776367,57.5099983215332,57.02000045776367,57.5099983215332,581,0.0,0.0,0.0
2024-02-02 14:30:00-05:00,57.77000045776367,57.77000045776367,57.7504997253418,57.7504997253418,225,0.0,0.0,0.0
2024-02-05 09:30:00-05:00,56.060001373291016,56.060001373291016,55.220001220703125,55.220001220703125,1314,0.0,0.0,0.0
2024-02-05 10:30:00-05:00,55.2400016784668,55.70970153808594,55.2400016784668,55.619998931884766,1221,0.0,0.0,0.0
2024-02-05 12:30:00-05:00,55.5,55.5,55.35599899291992,55.35599899291992,1219,0.0,0.0,0.0
2024-02-05 15:30:00-05:00,55.540000915527344,55.540000915527344,55.459999084472656,55.519798278808594,847,0.0,0.0,0.0
2024-02-06 09:30:00-05:00,55.15999984741211,56.3849983215332,55.15999984741211,56.31999969482422,0,0.0,0.0,0.0
2024-02-06 10:30:00-05:00,56.6151008605957,56.6151008605957,56.6151008605957,56.6151008605957,300,0.0,0.0,0.0
2024-02-06 11:30:00-05:00,56.78010177612305,56.78010177612305,56.77000045776367,56.77000045776367,464,0.0,0.0,0.0
2024-02-06 13:30:00-05:00,56.75,56.75,56.75,56.75,14405,0.0,0.0,0.0
2024-02-06 14:30:00-05:00,56.720001220703125,56.91080093383789,56.720001220703125,56.91080093383789,4427,0.0,0.0,0.0
2024-02-06 15:30:00-05:00,56.99660110473633,56.99660110473633,56.99660110473633,56.99660110473633,0,0.0,0.0,0.0
2024-02-07 11:30:00-05:00,57.0099983215332,57.0099983215332,57.0099983215332,57.0099983215332,232,0.0,0.0,0.0
2024-02-07 12:30:00-05:00,57.310001373291016,57.369998931884766,57.189998626708984,57.2400016784668,1782,0.0,0.0,0.0
2024-02-07 14:30:00-05:00,57.47999954223633,57.47999954223633,57.47999954223633,57.47999954223633,194,0.0,0.0,0.0
2024-02-07 15:30:00-05:00,57.20000076293945,57.20000076293945,56.85499954223633,56.939998626708984,5793,0.0,0.0,0.0
2024-02-08 09:30:00-05:00,56.7599983215332,57.36000061035156,56.720001220703125,57.189998626708984,10543,0.0,0.0,0.0
2024-02-08 10:30:00-05:00,56.93009948730469,56.930301666259766,56.93000030517578,56.930301666259766,1202,0.0,0.0,0.0
2024-02-08 12:30:00-05:00,57.2599983215332,57.462799072265625,57.2599983215332,57.462799072265625,0,0.0,0.0,0.0
2024-02-09 09:30:00-05:00,57.06999969482422,57.06999969482422,57.06999969482422,57.06999969482422,348,0.0,0.0,0.0
2024-02-09 10:30:00-05:00,56.86000061035156,56.97420120239258,56.86000061035156,56.97420120239258,1020,0.0,0.0,0.0
2024-02-09 11:30:00-05:00,56.78010177612305,56.78020095825195,56.7401008605957,56.77000045776367,1402,0.0,0.0,0.0
2024-02-09 12:30:00-05:00,56.90999984741211,57.15599822998047,56.90999984741211,57.13999938964844,764,0.0,0.0,0.0
2024-02-09 13:30:00-05:00,57.310001373291016,57.310001373291016,57.310001373291016,57.310001373291016,122,0.0,0.0,0.0
2024-02-09 15:30:00-05:00,57.4900016784668,57.705501556396484,57.43000030517578,57.705501556396484,340,0.0,0.0,0.0
2024-02-12 10:30:00-05:00,57.45000076293945,57.50469970703125,57.45000076293945,57.50469970703125,427,0.0,0.0,0.0
2024-02-12 11:30:00-05:00,58.08000183105469,58.08000183105469,58.08000183105469,58.08000183105469,110,0.0,0.0,0.0
2024-02-12 12:30:00-05:00,57.810001373291016,57.810001373291016,57.565799713134766,57.565799713134766,405,0.0,0.0,0.0
2024-02-12 13:30:00-05:00,57.40999984741211,57.40999984741211,57.40999984741211,57.40999984741211,804,0.0,0.0,0.0
2024-02-12 15:30:00-05:00,57.5,57.5,57.399898529052734,57.399898529052734,0,0.0,0.0,0.0
2024-02-13 09:30:00-05:00,55.75,55.75,54.25,54.25,776,0.0,0.0,0.0
2024-02-13 10:30:00-05:00,54.599998474121094,54.599998474121094,54.599998474121094,54.599998474121094,558,0.0,0.0,0.0
2024-02-13 15:30:00-05:00,54.09000015258789,55.225101470947266,54.09000015258789,55.225101470947266,0,0.0,0.0,0.0
2024-02-14 09:30:00-05:00,55.95000076293945,55.95000076293945,55.86000061035156,55.94499969482422,1248,0.0,0.0,0.0
2024-02-14 10:30:00-05:00,55.95000076293945,55.95000076293945,55.95000076293945,55.95000076293945,598,0.0,0.0,0.0
2024-02-14 11:30:00-05:00,55.665000915527344,55.665000915527344,55.665000915527344,55.665000915527344,554,0.0,0.0,0.0
2024-02-14 15:30:00-05:00,56.279998779296875,56.279998779296875,55.95000076293945,55.95000076293945,2092,0.0,0.0,0.0
2024-02-15 09:30:00-05:00,58.029998779296875,58.220001220703125,58.02000045776367,58.220001220703125,906,0.0,0.0,0.0
2024-02-15 10:30:00-05:00,57.91999816894531,57.91999816894531,57.91999816894531,57.91999816894531,376,0.0,0.0,0.0
2024-02-15 11:30:00-05:00,58.040000915527344,58.040000915527344,58.040000915527344,58.040000915527344,386,0.0,0.0,0.0
2024-02-15 15:30:00-05:00,58.619998931884766,58.619998931884766,58.599998474121094,58.61000061035156,0,0.0,0.0,0.0
2024-02-16 09:30:00-05:00,56.93000030517578,57.16999816894531,56.93000030517578,57.16999816894531,980,0.0,0.0,0.0
2024-02-16 10:30:00-05:00,57.59000015258789,57.59000015258789,57.59000015258789,57.59000015258789,246,0.0,0.0,0.0
2024-02-16 13:30:00-05:00,57.88999938964844,57.88999938964844,57.88999938964844,57.88999938964844,528,0.0,0.0,0.0
2024-02-16 14:30:00-05:00,57.5010986328125,57.5010986328125,57.5010986328125,57.5010986328125,181,0.0,0.0,0.0
2024-02-16 15:30:00-05:00,57.380001068115234,57.41600036621094,57.209999084472656,57.41600036621094,300,0.0,0.0,0.0
2024-02-20 09:30:00-05:00,57.560001373291016,57.560001373291016,57.560001373291016,57.560001373291016,330,0.0,0.0,0.0
2024-02-20 10:30:00-05:00,57.650001525878906,57.650001525878906,57.650001525878906,57.650001525878906,560,0.0,0.0,0.0
2024-02-20 13:30:00-05:00,56.95000076293945,56.95000076293945,56.95000076293945,56.95000076293945,2000,0.0,0.0,0.0
2024-02-20 14:30:00-05:00,57.279998779296875,57.279998779296875,57.279998779296875,57.279998779296875,108,0.0,0.0,0.0
2024-02-20 15:30:00-05:00,56.95000076293945,57.10689926147461,56.849998474121094,57.10689926147461,0,0.0,0.0,0.0
2024-02-21 09:30:00-05:00,57.70000076293945,57.790000915527344,57.5,57.58000183105469,8037,0.0,0.0,0.0
2024-02-21 10:30:00-05:00,57.5099983215332,57.560001373291016,57.5099983215332,57.560001373291016,3706,0.0,0.0,0.0
2024-02-21 12:30:00-05:00,57.720001220703125,57.720001220703125,57.720001220703125,57.720001220703125,237,0.0,0.0,0.0
2024-02-21 13:30:00-05:00,58.029998779296875,58.029998779296875,57.79999923706055,57.79999923706055,1090,0.0,0.0,0.0
2024-02-21 15:30:00-05:00,57.900001525878906,58.189998626708984,57.900001525878906,58.04999923706055,5000,0.0,0.0,0.0
2024-02-22 11:30:00-05:00,58.23149871826172,58.23149871826172,58.23149871826172,58.23149871826172,330,0.0,0.0,0.0
2024-02-22 14:30:00-05:00,58.40999984741211,58.45389938354492,58.4099006652832,58.45389938354492,734,0.0,0.0,0.0
2024-02-22 15:30:00-05:00,58.44499969482422,58.44499969482422,58.2599983215332,58.2599983215332,0,0.0,0.0,0.0
2024-02-23 10:30:00-05:00,58.69499969482422,58.69499969482422,58.69499969482422,58.69499969482422,316,0.0,0.0,0.0
2024-02-23 13:30:00-05:00,59.029998779296875,59.029998779296875,59.029998779296875,59.029998779296875,325,0.0,0.0,0.0
2024-02-23 14:30:00-05:00,58.79999923706055,58.80030059814453,58.79999923706055,58.79999923706055,2000,0.0,0.0,0.0
2024-02-23 15:30:00-05:00,58.79999923706055,58.79999923706055,58.47999954223633,58.4828987121582,501,0.0,0.0,0.0
2024-02-26 09:30:00-05:00,58.779998779296875,58.779998779296875,58.47999954223633,58.47999954223633,1187,0.0,0.0,0.0
2024-02-26 10:30:00-05:00,57.994998931884766,57.994998931884766,57.95000076293945,57.9900016784668,1496,0.0,0.0,0.0
2024-02-26 13:30:00-05:00,57.085899353027344,57.085899353027344,57.085899353027344,57.085899353027344,545,0.0,0.0,0.0
2024-02-26 15:30:00-05:00,57.470001220703125,57.470001220703125,57.17940139770508,57.17940139770508,0,0.0,0.0,0.0
2024-02-27 10:30:00-05:00,57.185001373291016,57.25,57.16999816894531,57.25,827,0.0,0.0,0.0
2024-02-27 11:30:00-05:00,57.29999923706055,57.29999923706055,57.29999923706055,57.29999923706055,227,0.0,0.0,0.0
2024-02-27 12:30:00-05:00,57.310001373291016,57.5,57.310001373291016,57.5,1314,0.0,0.0,0.0
2024-02-27 15:30:00-05:00,57.220001220703125,57.220001220703125,57.220001220703125,57.220001220703125,0,0.0,0.0,0.0
2024-02-28 10:30:00-05:00,58.053001403808594,58.053001403808594,58.03499984741211,58.03499984741211,363,0.0,0.0,0.0
2024-02-28 11:30:00-05:00,58.42190170288086,58.46590042114258,58.42190170288086,58.46590042114258,461,0.0,0.0,0.0
2024-02-28 15:30:00-05:00,58.68000030517578,58.68000030517578,58.60049819946289,58.60049819946289,0,0.0,0.0,0.0
2024-02-29 11:30:00-05:00,59.430198669433594,59.430198669433594,59.080101013183594,59.400001525878906,1635,0.0,0.0,0.0
2024-02-29 13:30:00-05:00,60.10499954223633,60.10499954223633,60.02000045776367,60.07929992675781,569,0.0,0.0,0.0
2024-02-29 14:30:00-05:00,60.2400016784668,60.2400016784668,60.2400016784668,60.2400016784668,650,0.0,0.0,0.0
2024-02-29 15:30:00-05:00,59.83000183105469,59.83000183105469,59.810001373291016,59.810001373291016,1088,0.0,0.0,0.0
2024-03-01 09:30:00-05:00,59.56999969482422,60.0,58.79999923706055,59.935001373291016,1399,0.0,0.0,0.0
2024-03-01 10:30:00-05:00,59.75979995727539,60.04010009765625,59.75979995727539,60.04010009765625,811,0.0,0.0,0.0
2024-03-01 11:30:00-05:00,59.7599983215332,59.81100082397461,59.7599983215332,59.81100082397461,4637,0.0,0.0,0.0
2024-03-01 12:30:00-05:00,59.81999969482422,59.83000183105469,59.81999969482422,59.83000183105469,4062,0.0,0.0,0.0
2024-03-01 13:30:00-05:00,60.0,60.0,60.0,60.0,606,0.0,0.0,0.0
2024-03-01 14:30:00-05:00,60.329898834228516,60.329898834228516,60.329898834228516,60.329898834228516,981,0.0,0.0,0.0
2024-03-01 15:30:00-05:00,60.439998626708984,60.84550094604492,60.439998626708984,60.84550094604492,567,0.0,0.0,0.0
2024-03-04 09:30:00-05:00,60.970001220703125,60.970001220703125,59.93109893798828,59.93109893798828,2947,0.0,0.0,0.0
2024-03-04 10:30:00-05:00,60.25,60.869998931884766,60.25,60.84000015258789,2515,0.0,0.0,0.0
2024-03-04 11:30:00-05:00,60.93000030517578,61.01689910888672,60.93000030517578,61.01689910888672,2192,0.0,0.0,0.0
2024-03-04 12:30:00-05:00,61.40999984741211,61.52000045776367,61.31999969482422,61.45000076293945,1225,0.0,0.0,0.0
2024-03-04 13:30:00-05:00,61.440799713134766,61.440799713134766,61.440799713134766,61.440799713134766,406,0.0,0.0,0.0
2024-03-04 14:30:00-05:00,61.90999984741211,62.27989959716797,61.90999984741211,62.27989959716797,568,0.0,0.0,0.0
2024-03-04 15:30:00-05:00,62.261600494384766,62.261600494384766,62.2041015625,62.2041015625,0,0.0,0.0,0.0
2024-03-05 09:30:00-05:00,61.97999954223633,62.4900016784668,61.97999954223633,62.4900016784668,1117,0.0,0.0,0.0
2024-03-05 11:30:00-05:00,61.83000183105469,61.83000183105469,61.83000183105469,61.83000183105469,175,0.0,0.0,0.0
2024-03-05 12:30:00-05:00,61.507999420166016,61.507999420166016,61.507999420166016,61.507999420166016,463,0.0,0.0,0.0
2024-03-05 15:30:00-05:00,60.721900939941406,60.778900146484375,60.721900939941406,60.778900146484375,0,0.0,0.0,0.0
2024-03-06 09:30:00-05:00,61.290000915527344,61.5,61.0015983581543,61.0015983581543,1738,0.0,0.0,0.0
2024-03-06 10:30:00-05:00,61.0099983215332,61.119998931884766,61.0,61.119998931884766,20026,0.0,0.0,0.0
2024-03-06 11:30:00-05:00,61.45000076293945,61.45000076293945,61.45000076293945,61.45000076293945,347,0.0,0.0,0.0
2024-03-06 13:30:00-05:00,60.93000030517578,61.36249923706055,60.93000030517578,61.36249923706055,0,0.0,0.0,0.0
2024-03-07 09:30:00-05:00,61.77750015258789,61.77750015258789,61.50579833984375,61.50579833984375,1333,0.0,0.0,0.0
2024-03-07 11:30:00-05:00,61.010799407958984,61.010799407958984,61.0,61.0,348,0.0,0.0,0.0
2024-03-07 12:30:00-05:00,60.96149826049805,60.9900016784668,60.96149826049805,60.9900016784668,363,0.0,0.0,0.0
2024-03-07 13:30:00-05:00,60.83000183105469,60.83000183105469,60.83000183105469,60.83000183105469,225,0.0,0.0,0.0
2024-03-07 14:30:00-05:00,60.77000045776367,60.77000045776367,60.77000045776367,60.77000045776367,180,0.0,0.0,0.0
2024-03-07 15:30:00-05:00,61.19309997558594,61.35559844970703,61.19309997558594,61.35559844970703,0,0.0,0.0,0.0
2024-03-08 09:30:00-05:00,62.64500045776367,62.6505012512207,62.64500045776367,62.650001525878906,693,0.0,0.0,0.0
2024-03-08 10:30:00-05:00,62.650001525878906,62.650001525878906,62.349998474121094,62.439998626708984,1058,0.0,0.0,0.0
2024-03-08 13:30:00-05:00,62.744998931884766,62.744998931884766,62.439701080322266,62.439701080322266,426,0.0,0.0,0.0
2024-03-08 15:30:00-05:00,62.560001373291016,62.880001068115234,62.560001373291016,62.74399948120117,2138,0.0,0.0,0.0
2024-03-11 09:30:00-04:00,62.75,62.75,61.560001373291016,61.619998931884766,0,0.0,0.0,0.0
2024-03-11 10:30:00-04:00,61.89500045776367,61.89500045776367,61.89500045776367,61.89500045776367,467,0.0,0.0,0.0
2024-03-11 13:30:00-04:00,62.1619987487793,62.1619987487793,61.869998931884766,61.869998931884766,386,0.0,0.0,0.0
2024-03-11 15:30:00-04:00,62.12329864501953,62.12329864501953,61.93980026245117,62.12329864501953,0,0.0,0.0,0.0
2024-03-12 10:30:00-04:00,61.97869873046875,61.97869873046875,61.97869873046875,61.97869873046875,363,0.0,0.0,0.0
2024-03-12 11:30:00-04:00,61.64500045776367,61.64500045776367,61.64500045776367,61.64500045776367,197,0.0,0.0,0.0
2024-03-12 14:30:00-04:00,61.70000076293945,61.7598991394043,61.70000076293945,61.7598991394043,677,0.0,0.0,0.0
2024-03-12 15:30:00-04:00,61.72999954223633,61.7400016784668,61.720001220703125,61.720001220703125,2630,0.0,0.0,0.0
2024-03-13 09:30:00-04:00,61.84000015258789,61.84000015258789,61.84000015258789,61.84000015258789,179,0.0,0.0,0.0
2024-03-13 10:30:00-04:00,61.88059997558594,61.929901123046875,61.761199951171875,61.76499938964844,2013,0.0,0.0,0.0
2024-03-13 12:30:00-04:00,61.709999084472656,61.709999084472656,61.630001068115234,61.68000030517578,2157,0.0,0.0,0.0
2024-03-13 13:30:00-04:00,61.6349983215332,61.722198486328125,61.6349983215332,61.722198486328125,785,0.0,0.0,0.0
2024-03-13 15:30:00-04:00,60.90999984741211,61.119998931884766,60.7599983215332,60.88999938964844,510,0.0,0.0,0.0
2024-03-14 09:30:00-04:00,60.41999816894531,60.41999816894531,59.0,59.0,1797,0.0,0.0,0.0
2024-03-14 11:30:00-04:00,58.9109992980957,58.9109992980957,58.86000061035156,58.86000061035156,645,0.0,0.0,0.0
2024-03-14 12:30:00-04:00,58.80059814453125,58.80059814453125,58.49449920654297,58.49449920654297,554,0.0,0.0,0.0
2024-03-14 13:30:00-04:00,58.43000030517578,59.20709991455078,58.400001525878906,59.20709991455078,1478,0.0,0.0,0.0
2024-03-15 09:30:00-04:00,58.25,58.25,58.22999954223633,58.22999954223633,1418,0.0,0.0,0.0
2024-03-15 10:30:00-04:00,59.290000915527344,59.290000915527344,59.1150016784668,59.1150016784668,311,0.0,0.0,0.0
2024-03-15 13:30:00-04:00,58.63999938964844,58.63999938964844,58.63999938964844,58.63999938964844,294,0.0,0.0,0.0
2024-03-15 14:30:00-04:00,58.720001220703125,59.18579864501953,58.720001220703125,59.18579864501953,302,0.0,0.0,0.0
2024-03-18 09:30:00-04:00,59.369998931884766,59.369998931884766,59.369998931884766,59.369998931884766,131,0.0,0.0,0.0
2024-03-18 10:30:00-04:00,59.56999969482422,59.56999969482422,59.52000045776367,59.52000045776367,36720,0.0,0.0,0.0
2024-03-18 11:30:00-04:00,59.59090042114258,59.7599983215332,59.59090042114258,59.7599983215332,578,0.0,0.0,0.0
2024-03-18 13:30:00-04:00,59.51900100708008,59.51900100708008,59.51900100708008,59.51900100708008,120,0.0,0.0,0.0
2024-03-18 14:30:00-04:00,59.310001373291016,59.310001373291016,59.27000045776367,59.27000045776367,1008,0.0,0.0,0.0
2024-03-18 15:30:00-04:00,58.97999954223633,59.029998779296875,58.97999954223633,59.029998779296875,0,0.0,0.0,0.0
2024-03-19 12:30:00-04:00,59.01919937133789,59.029300689697266,58.92499923706055,58.92499923706055,1053,0.0,0.0,0.0
2024-03-19 14:30:00-04:00,58.980098724365234,59.150901794433594,58.900001525878906,59.150901794433594,0,0.0,0.0,0.0
2024-03-20 10:30:00-04:00,58.650001525878906,58.650001525878906,58.650001525878906,58.650001525878906,281,0.0,0.0,0.0
2024-03-20 13:30:00-04:00,58.619998931884766,59.09000015258789,58.619998931884766,59.0099983215332,667,0.0,0.0,0.0
2024-03-20 14:30:00-04:00,59.630001068115234,59.63999938964844,59.630001068115234,59.63999938964844,300,0.0,0.0,0.0
2024-03-20 15:30:00-04:00,59.650001525878906,59.650001525878906,59.49679946899414,59.49679946899414,0,0.0,0.0,0.0
2024-03-21 09:30:00-04:00,59.95000076293945,60.470001220703125,59.95000076293945,60.09000015258789,2840,0.0,0.0,0.0
2024-03-21 10:30:00-04:00,59.99489974975586,59.99489974975586,59.99489974975586,59.99489974975586,581,0.0,0.0,0.0
2024-03-21 11:30:00-04:00,59.970001220703125,59.970001220703125,59.93000030517578,59.93000030517578,425,0.0,0.0,0.0
2024-03-21 12:30:00-04:00,59.64799880981445,60.014198303222656,59.64799880981445,60.014198303222656,0,0.0,0.0,0.0
2024-03-22 12:30:00-04:00,58.540000915527344,58.67210006713867,58.500099182128906,58.67210006713867,3474,0.0,0.0,0.0
2024-03-25 13:30:00-04:00,58.39189910888672,58.39189910888672,58.12220001220703,58.12220001220703,51,0.0,0.0,0.0
2024-03-26 09:30:00-04:00,58.04999923706055,58.04999923706055,58.04999923706055,58.04999923706055,508,0.0,0.0,0.0
2024-03-26 13:30:00-04:00,58.15399932861328,58.15399932861328,58.15399932861328,58.15399932861328,544,0.0,0.0,0.0
2024-03-26 14:30:00-04:00,58.20000076293945,58.20000076293945,58.20000076293945,58.20000076293945,271,0.0,0.0,0.0
2024-03-26 15:30:00-04:00,57.5099983215332,57.5099983215332,57.5099983215332,57.5099983215332,205,0.0,0.0,0.0
2024-03-27 09:30:00-04:00,58.380001068115234,58.380001068115234,58.380001068115234,58.380001068115234,220,0.0,0.0,0.0
2024-03-27 13:30:00-04:00,59.63990020751953,60.32809829711914,59.63990020751953,60.32809829711914,399,0.0,0.0,0.0
2024-03-28 09:30:00-04:00,60.61000061035156,60.61000061035156,60.61000061035156,60.61000061035156,0,0.0,0.0,0.0
2024-03-28 10:30:00-04:00,61.43000030517578,61.43000030517578,61.099998474121094,61.15079879760742,1810,0.0,0.0,0.0
2024-03-28 13:30:00-04:00,60.915000915527344,61.119998931884766,60.8671989440918,61.119998931884766,1816,0.0,0.0,0.0
2024-03-28 14:30:00-04:00,61.33000183105469,61.33000183105469,61.33000183105469,61.33000183105469,194,0.0,0.0,0.0
2024-03-28 15:30:00-04:00,61.189998626708984,61.189998626708984,61.189998626708984,61.189998626708984,321,0.0,0.0,0.0
2024-04-01 09:30:00-04:00,61.959999084472656,61.959999084472656,61.959999084472656,61.959999084472656,388,0.0,0.0,0.0
2024-04-01 10:30:00-04:00,59.41999816894531,59.779998779296875,59.41999816894531,59.779998779296875,407,0.0,0.0,0.0
2024-04-01 11:30:00-04:00,59.43009948730469,59.43009948730469,59.43009948730469,59.43009948730469,593,0.0,0.0,0.0
2024-04-01 12:30:00-04:00,59.5099983215332,59.5181999206543,59.22999954223633,59.22999954223633,8791,0.0,0.0,0.0
2024-04-01 14:30:00-04:00,59.36000061035156,59.369998931884766,59.31999969482422,59.369998931884766,39354,0.0,0.0,0.0
2024-04-01 15:30:00-04:00,59.29990005493164,59.29990005493164,59.18880081176758,59.18880081176758,0,0.0,0.0,0.0
2024-04-02 09:30:00-04:00,57.779998779296875,57.779998779296875,57.775001525878906,57.775001525878906,920,0.0,0.0,0.0
2024-04-02 10:30:00-04:00,57.65019989013672,57.79859924316406,57.65019989013672,57.79859924316406,308,0.0,0.0,0.0
2024-04-02 12:30:00-04:00,57.79499816894531,57.79499816894531,57.78260040283203,57.78260040283203,0,0.0,0.0,0.0
2024-04-03 10:30:00-04:00,57.570098876953125,57.570098876953125,57.570098876953125,57.570098876953125,272,0.0,0.0,0.0
2024-04-03 12:30:00-04:00,57.63999938964844,57.63999938964844,57.63999938964844,57.63999938964844,187,0.0,0.0,0.0
2024-04-03 15:30:00-04:00,57.88010025024414,57.907501220703125,57.88010025024414,57.907501220703125,0,0.0,0.0,0.0
2024-04-04 09:30:00-04:00,58.70000076293945,58.70000076293945,57.02439880371094,57.02439880371094,36,0.0,0.0,0.0
2024-04-05 09:30:00-04:00,56.93000030517578,56.93000030517578,56.93000030517578,56.93000030517578,566,0.0,0.0,0.0
2024-04-05 13:30:00-04:00,57.61119842529297,57.61119842529297,57.61119842529297,57.61119842529297,272,0.0,0.0,0.0
2024-04-05 14:30:00-04:00,57.490299224853516,57.72330093383789,57.47999954223633,57.72330093383789,1026,0.0,0.0,0.0
2024-04-08 11:30:00-04:00,58.29999923706055,58.31999969482422,58.29999923706055,58.31999969482422,22568,0.0,0.0,0.0
2024-04-08 13:30:00-04:00,58.439998626708984,58.48979949951172,58.439998626708984,58.48979949951172,0,0.0,0.0,0.0
2024-04-09 10:30:00-04:00,59.28499984741211,59.28499984741211,59.28499984741211,59.28499984741211,538,0.0,0.0,0.0
2024-04-09 14:30:00-04:00,59.70000076293945,59.70000076293945,59.70000076293945,59.70000076293945,719,0.0,0.0,0.0
2024-04-09 15:30:00-04:00,59.97800064086914,59.97800064086914,59.97600173950195,59.97600173950195,0,0.0,0.0,0.0
2024-04-10 09:30:00-04:00,56.540000915527344,56.68000030517578,55.849998474121094,55.849998474121094,2838,0.0,0.0,0.0
2024-04-10 10:30:00-04:00,55.54999923706055,55.54999923706055,55.4900016784668,55.4900016784668,417,0.0,0.0,0.0
2024-04-10 11:30:00-04:00,55.25,55.25,55.0,55.00170135498047,1137,0.0,0.0,0.0
2024-04-10 12:30:00-04:00,55.0,55.0,54.790000915527344,54.790000915527344,638,0.0,0.0,0.0
2024-04-10 13:30:00-04:00,55.0,55.0099983215332,54.849998474121094,55.007198333740234,627,0.0,0.0,0.0
2024-04-10 14:30:00-04:00,54.96989822387695,55.23249816894531,54.96989822387695,55.23249816894531,448,0.0,0.0,0.0
2024-04-10 15:30:00-04:00,55.1150016784668,55.189998626708984,55.1150016784668,55.189998626708984,0,0.0,0.0,0.0
2024-04-11 09:30:00-04:00,55.83000183105469,55.83000183105469,54.66899871826172,54.66899871826172,742,0.0,0.0,0.0
2024-04-11 10:30:00-04:00,54.66999816894531,54.66999816894531,54.66999816894531,54.66999816894531,148,0.0,0.0,0.0
2024-04-11 12:30:00-04:00,55.339900970458984,55.339900970458984,55.339900970458984,55.339900970458984,257,0.0,0.0,0.0
2024-04-11 15:30:00-04:00,55.29999923706055,55.30619812011719,55.29999923706055,55.30619812011719,0,0.0,0.0,0.0
2024-04-12 11:30:00-04:00,54.560001373291016,54.560001373291016,54.5099983215332,54.5099983215332,651,0.0,0.0,0.0
2024-04-12 15:30:00-04:00,54.02000045776367,54.02000045776367,54.013999938964844,54.013999938964844,200,0.0,0.0,0.0
2024-04-15 09:30:00-04:00,54.400001525878906,54.630001068115234,54.400001525878906,54.5,919,0.0,0.0,0.0
2024-04-15 10:30:00-04:00,53.349998474121094,53.349998474121094,52.959999084472656,52.959999084472656,22997,0.0,0.0,0.0
2024-04-15 11:30:00-04:00,53.2400016784668,53.2400016784668,53.2400016784668,53.2400016784668,2005,0.0,0.0,0.0
2024-04-15 14:30:00-04:00,52.0,52.0,51.830101013183594,51.84000015258789,3218,0.0,0.0,0.0
2024-04-15 15:30:00-04:00,52.02870178222656,52.25,52.02870178222656,52.247100830078125,0,0.0,0.0,0.0
2024-04-16 09:30:00-04:00,52.25,52.25,50.4900016784668,50.58000183105469,3282,0.0,0.0,0.0
2024-04-16 10:30:00-04:00,50.47999954223633,50.7599983215332,50.47999954223633,50.75,1925,0.0,0.0,0.0
2024-04-16 13:30:00-04:00,50.68000030517578,50.747501373291016,50.60820007324219,50.72999954223633,1298,0.0,0.0,0.0
2024-04-16 15:30:00-04:00,50.72999954223633,50.72999954223633,50.67290115356445,50.67290115356445,200,0.0,0.0,0.0
2024-04-17 09:30:00-04:00,50.040000915527344,50.040000915527344,50.0,50.02009963989258,0,0.0,0.0,0.0
2024-04-17 11:30:00-04:00,49.88999938964844,49.88999938964844,49.88999938964844,49.88999938964844,216,0.0,0.0,0.0
2024-04-17 12:30:00-04:00,50.040000915527344,50.040000915527344,50.040000915527344,50.040000915527344,418,0.0,0.0,0.0
2024-04-17 14:30:00-04:00,50.099998474121094,50.099998474121094,50.099998474121094,50.099998474121094,365,0.0,0.0,0.0
2024-04-17 15:30:00-04:00,50.13999938964844,50.15999984741211,49.86289978027344,49.86289978027344,0,0.0,0.0,0.0
2024-04-18 09:30:00-04:00,49.67660140991211,49.67660140991211,49.67660140991211,49.67660140991211,297,0.0,0.0,0.0
2024-04-18 11:30:00-04:00,49.790000915527344,49.790000915527344,49.7333984375,49.7333984375,0,0.0,0.0,0.0
2024-04-19 13:30:00-04:00,50.0,50.107398986816406,50.0,50.107398986816406,353,0.0,0.0,0.0
2024-04-22 09:30:00-04:00,50.4119987487793,50.45100021362305,50.4119987487793,50.45100021362305,1287,0.0,0.0,0.0
2024-04-22 13:30:00-04:00,51.119998931884766,51.119998931884766,51.08000183105469,51.08000183105469,412,0.0,0.0,0.0
2024-04-22 15:30:00-04:00,50.959999084472656,50.959999084472656,50.959999084472656,50.959999084472656,0,0.0,0.0,0.0
2024-04-23 10:30:00-04:00,51.869998931884766,51.869998931884766,51.869998931884766,51.869998931884766,445,0.0,0.0,0.0
2024-04-23 13:30:00-04:00,52.035301208496094,52.154998779296875,52.035301208496094,52.154998779296875,389,0.0,0.0,0.0
2024-04-23 14:30:00-04:00,51.75,51.796199798583984,51.70000076293945,51.796199798583984,0,0.0,0.0,0.0
2024-04-24 10:30:00-04:00,51.869998931884766,51.869998931884766,51.869998931884766,51.869998931884766,381,0.0,0.0,0.0
2024-04-24 15:30:00-04:00,52.244998931884766,52.305301666259766,51.6245002746582,51.6245002746582,139,0.0,0.0,0.0
2024-04-26 10:30:00-04:00,52.500099182128906,52.500099182128906,52.20009994506836,52.20009994506836,1274,0.0,0.0,0.0
2024-04-26 14:30:00-04:00,52.06010055541992,52.06010055541992,51.72370147705078,51.72370147705078,1276,0.0,0.0,0.0
2024-04-29 09:30:00-04:00,51.939998626708984,51.939998626708984,51.939998626708984,51.939998626708984,344,0.0,0.0,0.0
2024-04-29 14:30:00-04:00,52.17599868774414,52.699501037597656,52.17599868774414,52.699501037597656,255,0.0,0.0,0.0
2024-04-30 12:30:00-04:00,51.54010009765625,51.54010009765625,51.54010009765625,51.54010009765625,1031,0.0,0.0,0.0
2024-04-30 13:30:00-04:00,51.779998779296875,51.779998779296875,51.779998779296875,51.779998779296875,210,0.0,0.0,0.0
2024-04-30 14:30:00-04:00,51.66400146484375,51.68000030517578,51.66400146484375,51.68000030517578,835,0.0,0.0,0.0
2024-04-30 15:30:00-04:00,50.86000061035156,50.89799880981445,50.86000061035156,50.89799880981445,267,0.0,0.0,0.0
2024-05-01 09:30:00-04:00,50.79999923706055,50.79999923706055,50.79999923706055,50.79999923706055,966,0.0,0.0,0.0
2024-05-01 10:30:00-04:00,50.77009963989258,50.8754997253418,50.77009963989258,50.8754997253418,943,0.0,0.0,0.0
2024-05-01 12:30:00-04:00,51.08000183105469,51.08000183105469,50.99169921875,50.99169921875,0,0.0,0.0,0.0
2024-05-02 09:30:00-04:00,50.970001220703125,51.09000015258789,50.970001220703125,51.09000015258789,352,0.0,0.0,0.0
2024-05-02 14:30:00-04:00,52.40829849243164,52.40829849243164,52.27690124511719,52.27690124511719,0,0.0,0.0,0.0
2024-05-03 09:30:00-04:00,53.279998779296875,53.330299377441406,53.279998779296875,53.330299377441406,1795,0.0,0.0,0.0
2024-05-03 12:30:00-04:00,53.25199890136719,53.25199890136719,53.119300842285156,53.119300842285156,349,0.0,0.0,0.0
2024-05-06 15:30:00-04:00,53.13999938964844,53.13999938964844,53.13999938964844,53.13999938964844,514,0.0,0.0,0.0
2024-05-07 09:30:00-04:00,53.56999969482422,53.56999969482422,53.56999969482422,53.56999969482422,217,0.0,0.0,0.0
2024-05-07 10:30:00-04:00,54.05910110473633,54.099998474121094,54.05910110473633,54.099998474121094,481,0.0,0.0,0.0
2024-05-07 11:30:00-04:00,54.400001525878906,54.400001525878906,54.400001525878906,54.400001525878906,310,0.0,0.0,0.0
2024-05-07 15:30:00-04:00,54.2400016784668,54.2400016784668,54.2400016784668,54.2400016784668,0,0.0,0.0,0.0
2024-05-08 11:30:00-04:00,53.61000061035156,53.61000061035156,53.61000061035156,53.61000061035156,1053,0.0,0.0,0.0
2024-05-08 12:30:00-04:00,53.29999923706055,53.29999923706055,53.29999923706055,53.29999923706055,393,0.0,0.0,0.0
2024-05-08 13:30:00-04:00,53.290000915527344,53.290000915527344,53.290000915527344,53.290000915527344,232,0.0,0.0,0.0
2024-05-08 14:30:00-04:00,53.279998779296875,53.40999984741211,53.279998779296875,53.367698669433594,0,0.0,0.0,0.0
2024-05-09 09:30:00-04:00,54.650001525878906,55.0,54.650001525878906,55.0,1932,0.0,0.0,0.0
2024-05-09 10:30:00-04:00,55.229698181152344,55.229698181152344,55.229698181152344,55.229698181152344,183,0.0,0.0,0.0
2024-05-09 11:30:00-04:00,55.10240173339844,55.10240173339844,55.10240173339844,55.10240173339844,328,0.0,0.0,0.0
2024-05-09 12:30:00-04:00,55.349998474121094,55.349998474121094,55.349998474121094,55.349998474121094,712,0.0,0.0,0.0
2024-05-09 15:30:00-04:00,55.68080139160156,55.772701263427734,55.68080139160156,55.772701263427734,0,0.0,0.0,0.0
2024-05-10 09:30:00-04:00,55.869998931884766,55.869998931884766,55.70389938354492,55.70389938354492,5273,0.0,0.0,0.0
2024-05-10 14:30:00-04:00,55.308998107910156,55.426998138427734,55.308998107910156,55.426998138427734,215,0.0,0.0,0.0
2024-05-13 09:30:00-04:00,56.040000915527344,56.040000915527344,56.040000915527344,56.040000915527344,0,0.0,0.0,0.0
2024-05-13 11:30:00-04:00,55.15129852294922,55.15129852294922,55.15129852294922,55.15129852294922,423,0.0,0.0,0.0
2024-05-13 14:30:00-04:00,55.540000915527344,55.540000915527344,55.51150131225586,55.51150131225586,1094,0.0,0.0,0.0
2024-05-13 15:30:00-04:00,55.619998931884766,55.70000076293945,55.619998931884766,55.674400329589844,0,0.0,0.0,0.0
2024-05-14 09:30:00-04:00,56.5,56.5,56.5,56.5,1151,0.0,0.0,0.0
2024-05-14 10:30:00-04:00,56.45000076293945,56.45000076293945,56.45000076293945,56.45000076293945,532,0.0,0.0,0.0
2024-05-14 11:30:00-04:00,56.18000030517578,56.18000030517578,56.18000030517578,56.18000030517578,254,0.0,0.0,0.0
2024-05-14 14:30:00-04:00,56.42499923706055,56.42499923706055,56.349998474121094,56.349998474121094,3909,0.0,0.0,0.0
2024-05-15 09:30:00-04:00,58.30009841918945,58.39139938354492,57.939998626708984,57.939998626708984,789,0.0,0.0,0.0
2024-05-15 10:30:00-04:00,58.18009948730469,58.18009948730469,58.18009948730469,58.18009948730469,342,0.0,0.0,0.0
2024-05-15 11:30:00-04:00,58.331199645996094,58.331199645996094,58.331199645996094,58.331199645996094,380,0.0,0.0,0.0
2024-05-15 15:30:00-04:00,58.340999603271484,58.340999603271484,58.290000915527344,58.290000915527344,1307,0.0,0.0,0.0
2024-05-16 09:30:00-04:00,58.029998779296875,58.43000030517578,58.029998779296875,58.43000030517578,1579,0.0,0.0,0.0
2024-05-16 15:30:00-04:00,58.349998474121094,58.349998474121094,58.314998626708984,58.339698791503906,443,0.0,0.0,0.0
2024-05-17 09:30:00-04:00,57.779998779296875,58.188899993896484,57.779998779296875,58.11000061035156,1112,0.0,0.0,0.0
2024-05-17 11:30:00-04:00,58.11000061035156,58.11000061035156,57.99290084838867,57.99290084838867,2298,0.0,0.0,0.0
2024-05-20 09:30:00-04:00,57.47999954223633,57.47999954223633,57.30509948730469,57.45000076293945,1485,0.0,0.0,0.0
2024-05-20 10:30:00-04:00,58.099998474121094,58.119998931884766,58.099998474121094,58.119998931884766,594,0.0,0.0,0.0
2024-05-20 15:30:00-04:00,57.28990173339844,57.28990173339844,57.26940155029297,57.26940155029297,568,0.0,0.0,0.0
2024-05-21 13:30:00-04:00,57.08000183105469,57.209598541259766,57.08000183105469,57.209598541259766,1,0.0,0.0,0.0
2024-05-22 09:30:00-04:00,56.630001068115234,56.959999084472656,56.630001068115234,56.959999084472656,804,0.0,0.0,0.0
2024-05-22 13:30:00-04:00,56.91999816894531,56.91999816894531,56.880001068115234,56.880001068115234,1023,0.0,0.0,0.0
2024-05-22 15:30:00-04:00,56.119998931884766,56.119998931884766,55.88840103149414,56.111000061035156,0,0.0,0.0,0.0
2024-05-23 09:30:00-04:00,55.14500045776367,55.14500045776367,55.14500045776367,55.14500045776367,186,0.0,0.0,0.0
2024-05-23 10:30:00-04:00,54.97999954223633,54.97999954223633,54.970001220703125,54.970001220703125,1057,0.0,0.0,0.0
2024-05-23 13:30:00-04:00,54.41999816894531,54.41999816894531,53.77239990234375,53.77239990234375,0,0.0,0.0,0.0
2024-05-24 10:30:00-04:00,53.970001220703125,54.025001525878906,53.88999938964844,53.88999938964844,1603,0.0,0.0,0.0
2024-05-24 13:30:00-04:00,53.96200180053711,53.96200180053711,53.712398529052734,53.712398529052734,147,0.0,0.0,0.0
2024-05-28 09:30:00-04:00,54.220001220703125,54.220001220703125,54.220001220703125,54.220001220703125,702,0.0,0.0,0.0
2024-05-28 10:30:00-04:00,54.060001373291016,54.060001373291016,54.060001373291016,54.060001373291016,583,0.0,0.0,0.0
2024-05-28 12:30:00-04:00,53.869998931884766,53.869998931884766,53.869998931884766,53.869998931884766,214,0.0,0.0,0.0
2024-05-28 14:30:00-04:00,53.20000076293945,53.20000076293945,53.150001525878906,53.16999816894531,472,0.0,0.0,0.0
2024-05-28 15:30:00-04:00,53.209999084472656,53.209999084472656,53.04999923706055,53.061100006103516,0,0.0,0.0,0.0
2024-05-29 09:30:00-04:00,51.83000183105469,52.06999969482422,51.83000183105469,51.84000015258789,2049,0.0,0.0,0.0
2024-05-29 10:30:00-04:00,51.81999969482422,51.81999969482422,51.81999969482422,51.81999969482422,168,0.0,0.0,0.0
2024-05-29 11:30:00-04:00,52.16999816894531,52.16999816894531,52.04999923706055,52.04999923706055,327,0.0,0.0,0.0
2024-05-29 12:30:00-04:00,51.939998626708984,51.939998626708984,51.939998626708984,51.939998626708984,187,0.0,0.0,0.0
2024-05-29 13:30:00-04:00,51.92100143432617,52.09280014038086,51.92100143432617,52.09280014038086,0,0.0,0.0,0.0
2024-05-30 09:30:00-04:00,52.91999816894531,52.93000030517578,52.91999816894531,52.93000030517578,1752,0.0,0.0,0.0
2024-05-30 13:30:00-04:00,53.43579864501953,53.43579864501953,53.43579864501953,53.43579864501953,331,0.0,0.0,0.0
2024-05-30 15:30:00-04:00,53.380001068115234,53.52389907836914,53.380001068115234,53.52389907836914,0,0.0,0.0,0.0
2024-05-31 09:30:00-04:00,54.69599914550781,54.69599914550781,54.69599914550781,54.69599914550781,598,0.0,0.0,0.0
2024-05-31 10:30:00-04:00,54.69710159301758,54.72999954223633,54.69710159301758,54.72999954223633,614,0.0,0.0,0.0
2024-05-31 14:30:00-04:00,54.96500015258789,54.96500015258789,54.96500015258789,54.96500015258789,0,0.0,0.0,0.0
2024-05-31 15:30:00-04:00,55.58530044555664,55.58530044555664,55.58530044555664,55.58530044555664,2466,0.0,0.0,0.0
2024-06-03 09:30:00-04:00,55.63999938964844,56.02980041503906,55.459999084472656,56.029701232910156,2480,0.0,0.0,0.0
2024-06-03 10:30:00-04:00,55.47999954223633,55.61000061035156,55.47999954223633,55.61000061035156,210,0.0,0.0,0.0
2024-06-03 12:30:00-04:00,54.90999984741211,54.90999984741211,54.90999984741211,54.90999984741211,214,0.0,0.0,0.0
2024-06-03 15:30:00-04:00,55.17580032348633,55.17580032348633,55.17580032348633,55.17580032348633,0,0.0,0.0,0.0
2024-06-04 09:30:00-04:00,56.11000061035156,56.11000061035156,56.11000061035156,56.11000061035156,199,0.0,0.0,0.0
2024-06-04 10:30:00-04:00,56.279998779296875,56.36000061035156,56.27000045776367,56.36000061035156,637,0.0,0.0,0.0
2024-06-04 14:30:00-04:00,56.43000030517578,56.43000030517578,56.320499420166016,56.320499420166016,0,0.0,0.0,0.0
2024-06-05 09:30:00-04:00,55.900001525878906,55.900001525878906,55.685001373291016,55.685001373291016,293,0.0,0.0,0.0
2024-06-05 12:30:00-04:00,56.09000015258789,56.09000015258789,56.09000015258789,56.09000015258789,319,0.0,0.0,0.0
2024-06-05 13:30:00-04:00,56.09000015258789,56.09000015258789,56.08359909057617,56.08359909057617,0,0.0,0.0,0.0
2024-06-06 11:30:00-04:00,55.8849983215332,56.31159973144531,55.8849983215332,56.31159973144531,300,0.0,0.0,0.0
2024-06-07 09:30:00-04:00,54.779998779296875,54.779998779296875,54.68080139160156,54.68080139160156,2766,0.0,0.0,0.0
2024-06-07 10:30:00-04:00,55.249900817871094,55.398799896240234,55.249900817871094,55.398799896240234,333,0.0,0.0,0.0
2024-06-10 09:30:00-04:00,54.630001068115234,54.630001068115234,54.630001068115234,54.630001068115234,0,0.0,0.0,0.0
2024-06-10 10:30:00-04:00,55.33000183105469,55.470001220703125,55.33000183105469,55.470001220703125,838,0.0,0.0,0.0
2024-06-10 13:30:00-04:00,56.11000061035156,56.11000061035156,56.11000061035156,56.11000061035156,295,0.0,0.0,0.0
2024-06-10 15:30:00-04:00,55.869998931884766,55.900001525878906,55.869998931884766,55.898399353027344,580,0.0,0.0,0.0
2024-06-11 09:30:00-04:00,55.150001525878906,55.150001525878906,55.150001525878906,55.150001525878906,575,0.0,0.0,0.0
2024-06-11 10:30:00-04:00,55.900001525878906,55.900001525878906,55.900001525878906,55.900001525878906,381,0.0,0.0,0.0
2024-06-11 11:30:00-04:00,56.02000045776367,56.02000045776367,55.81999969482422,55.81999969482422,634,0.0,0.0,0.0
2024-06-11 12:30:00-04:00,55.790000915527344,55.790000915527344,55.790000915527344,55.790000915527344,323,0.0,0.0,0.0
2024-06-11 13:30:00-04:00,55.84000015258789,56.0099983215332,55.59299850463867,55.59299850463867,0,0.0,0.0,0.0
2024-06-12 09:30:00-04:00,58.03499984741211,58.03499984741211,58.03499984741211,58.03499984741211,297,0.0,0.0,0.0
2024-06-12 13:30:00-04:00,57.0099983215332,57.20000076293945,56.90999984741211,57.20000076293945,13013,0.0,0.0,0.0
2024-06-12 14:30:00-04:00,56.7599983215332,56.849998474121094,56.47610092163086,56.47610092163086,0,0.0,0.0,0.0
2024-06-13 09:30:00-04:00,57.09510040283203,57.09510040283203,57.09510040283203,57.09510040283203,353,0.0,0.0,0.0
2024-06-13 10:30:00-04:00,56.38999938964844,56.91559982299805,56.38999938964844,56.91559982299805,0,0.0,0.0,0.0
2024-06-14 09:30:00-04:00,57.1598014831543,57.1598014831543,56.884700775146484,56.884700775146484,1391,0.0,0.0,0.0
2024-06-17 09:30:00-04:00,56.150001525878906,56.150001525878906,56.150001525878906,56.150001525878906,333,0.0,0.0,0.0
2024-06-17 11:30:00-04:00,56.0099983215332,56.0099983215332,56.0099983215332,56.0099983215332,145,0.0,0.0,0.0
2024-06-17 13:30:00-04:00,56.35580062866211,56.35580062866211,56.32310104370117,56.32310104370117,0,0.0,0.0,0.0
2024-06-18 09:30:00-04:00,57.0,57.0,57.0,57.0,952,0.0,0.0,0.0
2024-06-18 14:30:00-04:00,56.750099182128906,56.750099182128906,56.667301177978516,56.667301177978516,2027,0.0,0.0,0.0
2024-06-18 15:30:00-04:00,56.639801025390625,56.689300537109375,56.639801025390625,56.689300537109375,815,0.0,0.0,0.0
2024-06-20 09:30:00-04:00,56.18000030517578,56.18009948730469,56.18000030517578,56.18009948730469,458,0.0,0.0,0.0
2024-06-20 10:30:00-04:00,56.3765983581543,56.3765983581543,56.3765983581543,56.3765983581543,308,0.0,0.0,0.0
2024-06-20 11:30:00-04:00,56.25,56.25,56.25,56.25,101,0.0,0.0,0.0
2024-06-20 12:30:00-04:00,56.400001525878906,56.400001525878906,56.400001525878906,56.400001525878906,206,0.0,0.0,0.0
2024-06-20 13:30:00-04:00,56.630001068115234,56.630001068115234,56.599998474121094,56.599998474121094,690,0.0,0.0,0.0
2024-06-20 15:30:00-04:00,56.47119903564453,56.48609924316406,56.47119903564453,56.48609924316406,0,0.0,0.0,0.0
2024-06-21 13:30:00-04:00,56.540000915527344,56.540000915527344,56.540000915527344,56.540000915527344,350,0.0,0.0,0.0
2024-06-21 14:30:00-04:00,56.505001068115234,56.59510040283203,56.505001068115234,56.59510040283203,374,0.0,0.0,0.0
2024-06-21 15:30:00-04:00,56.36000061035156,56.83000183105469,56.36000061035156,56.75490188598633,1801,0.0,0.0,0.0
2024-06-24 12:30:00-04:00,58.0452995300293,58.0452995300293,58.02000045776367,58.02000045776367,126,0.0,0.0,0.0
2024-06-24 13:30:00-04:00,57.83729934692383,57.83729934692383,57.83729934692383,57.83729934692383,103,0.0,0.0,0.0
2024-06-24 15:30:00-04:00,57.56999969482422,57.742000579833984,57.5275993347168,57.5275993347168,0,0.0,0.0,0.0
2024-06-25 10:30:00-04:00,56.400001525878906,56.400001525878906,56.380699157714844,56.380699157714844,668,0.0,0.0,0.0
2024-06-25 11:30:00-04:00,55.54999923706055,55.54999923706055,55.4901008605957,55.4901008605957,1940,0.0,0.0,0.0
2024-06-25 12:30:00-04:00,55.73899841308594,55.73899841308594,55.692501068115234,55.692501068115234,372,0.0,0.0,0.0
2024-06-25 13:30:00-04:00,55.78900146484375,55.915401458740234,55.74250030517578,55.915401458740234,0,0.0,0.0,0.0
2024-06-26 09:30:00-04:00,55.15999984741211,55.15999984741211,55.15999984741211,55.15999984741211,457,0.0,0.0,0.0
2024-06-26 13:30:00-04:00,55.010101318359375,55.010101318359375,55.010101318359375,55.010101318359375,420,0.0,0.0,0.0
2024-06-26 15:30:00-04:00,54.93000030517578,55.24140167236328,54.93000030517578,55.24140167236328,0,0.0,0.0,0.0
2024-06-27 09:30:00-04:00,55.64500045776367,55.64500045776367,55.64500045776367,55.64500045776367,222,0.0,0.0,0.0
2024-06-27 12:30:00-04:00,55.70000076293945,55.70000076293945,55.54990005493164,55.54990005493164,488,0.0,0.0,0.0
2024-06-27 15:30:00-04:00,55.83000183105469,56.119998931884766,55.83000183105469,56.119998931884766,1183,0.0,0.0,0.0
2024-06-28 09:30:00-04:00,56.459999084472656,56.459999084472656,56.459999084472656,56.459999084472656,304,0.0,0.0,0.0
2024-06-28 15:30:00-04:00,56.630001068115234,56.9650993347168,56.630001068115234,56.9650993347168,100,0.0,0.0,0.0
2024-07-01 09:30:00-04:00,56.90999984741211,56.91999816894531,56.90999984741211,56.91999816894531,587,0.0,0.0,0.0
2024-07-01 15:30:00-04:00,56.02000045776367,56.02000045776367,55.97679901123047,55.97679901123047,0,0.0,0.0,0.0
2024-07-02 09:30:00-04:00,56.29999923706055,56.29999923706055,56.29999923706055,56.29999923706055,139,0.0,0.0,0.0
2024-07-02 10:30:00-04:00,56.529998779296875,56.529998779296875,56.529998779296875,56.529998779296875,229,0.0,0.0,0.0
2024-07-02 12:30:00-04:00,56.025001525878906,56.025001525878906,55.959999084472656,55.959999084472656,200,0.0,0.0,0.0
2024-07-02 13:30:00-04:00,55.86000061035156,55.86000061035156,55.86000061035156,55.86000061035156,149,0.0,0.0,0.0
2024-07-02 14:30:00-04:00,56.13999938964844,56.13999938964844,56.13999938964844,56.13999938964844,308,0.0,0.0,0.0
2024-07-02 15:30:00-04:00,56.33000183105469,56.33000183105469,56.33000183105469,56.33000183105469,145,0.0,0.0,0.0
2024-07-03 09:30:00-04:00,56.90999984741211,56.90999984741211,56.90999984741211,56.90999984741211,835,0.0,0.0,0.0
2024-07-03 11:30:00-04:00,56.2400016784668,56.28350067138672,56.23500061035156,56.28350067138672,1170,0.0,0.0,0.0
2024-07-08 15:30:00-04:00,56.82590103149414,56.82590103149414,56.82590103149414,56.82590103149414,1,0.0,0.0,0.0
2024-07-09 09:30:00-04:00,56.81999969482422,56.81999969482422,56.81999969482422,56.81999969482422,210,0.0,0.0,0.0
2024-07-09 13:30:00-04:00,56.880001068115234,56.880001068115234,56.869998931884766,56.87919998168945,0,0.0,0.0,0.0
2024-07-10 11:30:00-04:00,56.60499954223633,56.60499954223633,56.60499954223633,56.60499954223633,195,0.0,0.0,0.0
2024-07-10 12:30:00-04:00,56.650001525878906,56.810001373291016,56.650001525878906,56.810001373291016,1576,0.0,0.0,0.0
2024-07-10 13:30:00-04:00,56.7599983215332,56.7599983215332,56.7599983215332,56.7599983215332,31418,0.0,0.0,0.0
2024-07-10 14:30:00-04:00,57.02000045776367,57.66849899291992,57.02000045776367,57.66849899291992,0,0.0,0.0,0.0
2024-07-11 09:30:00-04:00,59.08000183105469,61.20000076293945,59.08000183105469,60.810001373291016,2927,0.0,0.0,0.0
2024-07-11 10:30:00-04:00,60.43000030517578,60.72999954223633,60.43000030517578,60.72999954223633,3676,0.0,0.0,0.0
2024-07-11 11:30:00-04:00,60.959999084472656,60.959999084472656,60.959999084472656,60.959999084472656,377,0.0,0.0,0.0
2024-07-11 14:30:00-04:00,60.38990020751953,60.529998779296875,60.38990020751953,60.529998779296875,7330,0.0,0.0,0.0
2024-07-11 15:30:00-04:00,60.779998779296875,60.84989929199219,60.779998779296875,60.84989929199219,0,0.0,0.0,0.0
2024-07-12 09:30:00-04:00,61.869998931884766,61.880001068115234,61.38999938964844,61.790000915527344,4203,0.0,0.0,0.0
2024-07-12 10:30:00-04:00,61.83000183105469,62.0,61.83000183105469,62.0,1159,0.0,0.0,0.0
2024-07-12 11:30:00-04:00,61.529998779296875,61.529998779296875,61.34000015258789,61.5,1560,0.0,0.0,0.0
2024-07-12 13:30:00-04:00,62.0,62.14500045776367,62.0,62.14500045776367,445,0.0,0.0,0.0
2024-07-12 14:30:00-04:00,62.150001525878906,62.2599983215332,62.150001525878906,62.2599983215332,507,0.0,0.0,0.0
2024-07-12 15:30:00-04:00,62.24290084838867,62.24290084838867,61.58000183105469,61.58000183105469,520,0.0,0.0,0.0
2024-07-15 09:30:00-04:00,62.189998626708984,62.189998626708984,61.47919845581055,61.47919845581055,549,0.0,0.0,0.0
2024-07-15 10:30:00-04:00,61.45000076293945,61.709999084472656,61.45000076293945,61.709999084472656,207,0.0,0.0,0.0
2024-07-15 11:30:00-04:00,62.02000045776367,62.189998626708984,62.02000045776367,62.17100143432617,1371,0.0,0.0,0.0
2024-07-15 13:30:00-04:00,61.8849983215332,61.8849983215332,61.8849983215332,61.8849983215332,100,0.0,0.0,0.0
2024-07-15 14:30:00-04:00,61.849998474121094,61.959999084472656,61.849998474121094,61.959999084472656,298,0.0,0.0,0.0
2024-07-15 15:30:00-04:00,61.900001525878906,62.06999969482422,61.77790069580078,62.060001373291016,0,0.0,0.0,0.0
2024-07-16 09:30:00-04:00,62.849998474121094,62.900001525878906,62.510101318359375,62.510101318359375,1064,0.0,0.0,0.0
2024-07-16 10:30:00-04:00,62.279998779296875,62.349998474121094,62.060001373291016,62.34000015258789,33552,0.0,0.0,0.0
2024-07-16 11:30:00-04:00,62.84989929199219,62.84989929199219,62.84989929199219,62.84989929199219,242,0.0,0.0,0.0
2024-07-16 13:30:00-04:00,63.0,63.060001373291016,63.0,63.040000915527344,3002,0.0,0.0,0.0
2024-07-16 14:30:00-04:00,63.12689971923828,63.12689971923828,63.12689971923828,63.12689971923828,467,0.0,0.0,0.0
2024-07-16 15:30:00-04:00,63.189998626708984,63.29999923706055,63.099998474121094,63.29999923706055,0,0.0,0.0,0.0
2024-07-17 09:30:00-04:00,64.5,65.01000213623047,64.5,64.94000244140625,13512,0.0,0.0,0.0
2024-07-17 10:30:00-04:00,64.63500213623047,64.63500213623047,64.63500213623047,64.63500213623047,582,0.0,0.0,0.0
2024-07-17 12:30:00-04:00,63.650001525878906,63.650001525878906,63.650001525878906,63.650001525878906,115,0.0,0.0,0.0
2024-07-17 13:30:00-04:00,63.75,63.75,63.75,63.75,541,0.0,0.0,0.0
2024-07-17 15:30:00-04:00,64.06999969482422,64.22930145263672,64.06999969482422,64.22930145263672,0,0.0,0.0,0.0
2024-07-18 09:30:00-04:00,65.0,65.0,65.0,65.0,633,0.0,0.0,0.0
2024-07-18 10:30:00-04:00,65.37999725341797,65.37999725341797,65.12999725341797,65.37999725341797,1546,0.0,0.0,0.0
2024-07-18 11:30:00-04:00,65.33000183105469,65.33000183105469,65.33000183105469,65.33000183105469,379,0.0,0.0,0.0
2024-07-18 12:30:00-04:00,64.58999633789062,64.61000061035156,64.56999969482422,64.56999969482422,955,0.0,0.0,0.0
2024-07-18 13:30:00-04:00,63.980098724365234,63.980098724365234,63.61000061035156,63.61000061035156,2717,0.0,0.0,0.0
2024-07-18 14:30:00-04:00,63.540000915527344,63.540000915527344,63.540000915527344,63.540000915527344,591,0.0,0.0,0.0
2024-07-18 15:30:00-04:00,63.4995002746582,63.4995002746582,63.3047981262207,63.3047981262207,0,0.0,0.0,0.0
2024-07-19 12:30:00-04:00,63.02000045776367,63.02000045776367,63.02000045776367,63.02000045776367,242,0.0,0.0,0.0
2024-07-19 13:30:00-04:00,63.08000183105469,63.08000183105469,63.08000183105469,63.08000183105469,345,0.0,0.0,0.0
2024-07-19 15:30:00-04:00,63.02130126953125,63.130001068115234,63.010398864746094,63.010398864746094,485,0.0,0.0,0.0
2024-07-22 09:30:00-04:00,63.7599983215332,63.7599983215332,62.93000030517578,63.38999938964844,40641,0.0,0.0,0.0
2024-07-22 10:30:00-04:00,63.310001373291016,64.13990020751953,63.310001373291016,64.12000274658203,694,0.0,0.0,0.0
2024-07-22 11:30:00-04:00,63.70009994506836,63.70009994506836,63.70009994506836,63.70009994506836,200,0.0,0.0,0.0
2024-07-22 12:30:00-04:00,63.709999084472656,63.709999084472656,63.709999084472656,63.709999084472656,145,0.0,0.0,0.0
2024-07-22 13:30:00-04:00,63.701698303222656,63.701698303222656,63.701698303222656,63.701698303222656,319,0.0,0.0,0.0
2024-07-22 15:30:00-04:00,64.22000122070312,64.38999938964844,64.22000122070312,64.30999755859375,0,0.0,0.0,0.0
2024-07-23 09:30:00-04:00,64.05000305175781,64.19000244140625,63.84000015258789,63.84000015258789,594,0.0,0.0,0.0
2024-07-23 10:30:00-04:00,64.61000061035156,64.62000274658203,64.43000030517578,64.55999755859375,1085,0.0,0.0,0.0
2024-07-23 13:30:00-04:00,64.56939697265625,64.56939697265625,64.56939697265625,64.56939697265625,534,0.0,0.0,0.0
2024-07-23 14:30:00-04:00,64.31710052490234,64.31710052490234,64.30500030517578,64.30500030517578,996,0.0,0.0,0.0
2024-07-23 15:30:00-04:00,64.33999633789062,64.33999633789062,64.13680267333984,64.13680267333984,0,0.0,0.0,0.0
2024-07-24 09:30:00-04:00,63.79999923706055,63.79999923706055,63.79999923706055,63.79999923706055,234,0.0,0.0,0.0
2024-07-24 11:30:00-04:00,64.9000015258789,64.9000015258789,64.9000015258789,64.9000015258789,107,0.0,0.0,0.0
2024-07-24 12:30:00-04:00,64.52999877929688,64.52999877929688,64.52999877929688,64.52999877929688,131,0.0,0.0,0.0
2024-07-24 13:30:00-04:00,64.30000305175781,64.30000305175781,64.30000305175781,64.30000305175781,243,0.0,0.0,0.0
2024-07-24 14:30:00-04:00,63.099300384521484,63.099300384521484,62.35110092163086,62.35110092163086,0,0.0,0.0,0.0
2024-07-25 09:30:00-04:00,64.0,64.11000061035156,63.959999084472656,63.959999084472656,1174,0.0,0.0,0.0
2024-07-25 10:30:00-04:00,63.150001525878906,63.150001525878906,63.150001525878906,63.150001525878906,296,0.0,0.0,0.0
2024-07-25 12:30:00-04:00,62.5,62.5,62.5,62.5,134,0.0,0.0,0.0
2024-07-25 13:30:00-04:00,62.5,62.5,62.43000030517578,62.47999954223633,1788,0.0,0.0,0.0
2024-07-25 14:30:00-04:00,61.4900016784668,61.4900016784668,61.4900016784668,61.4900016784668,414,0.0,0.0,0.0
2024-07-25 15:30:00-04:00,62.16999816894531,62.189998626708984,61.829200744628906,61.829200744628906,0,0.0,0.0,0.0
2024-07-26 09:30:00-04:00,62.915000915527344,62.915000915527344,62.915000915527344,62.915000915527344,545,0.0,0.0,0.0
2024-07-26 12:30:00-04:00,63.52000045776367,63.52000045776367,63.52000045776367,63.52000045776367,181,0.0,0.0,0.0
2024-07-26 14:30:00-04:00,63.78499984741211,63.78499984741211,63.78499984741211,63.78499984741211,202,0.0,0.0,0.0
2024-07-26 15:30:00-04:00,63.88999938964844,63.88999938964844,63.63140106201172,63.63140106201172,100,0.0,0.0,0.0
2024-07-29 09:30:00-04:00,63.63999938964844,63.75,63.63999938964844,63.75,0,0.0,0.0,0.0
2024-07-29 10:30:00-04:00,63.349998474121094,63.90999984741211,63.349998474121094,63.90999984741211,783,0.0,0.0,0.0
2024-07-29 15:30:00-04:00,64.31009674072266,64.53829956054688,64.31009674072266,64.52050018310547,0,0.0,0.0,0.0
2024-07-30 09:30:00-04:00,65.0,65.0,65.0,65.0,362,0.0,0.0,0.0
2024-07-30 10:30:00-04:00,65.1500015258789,65.1500015258789,64.94000244140625,64.94000244140625,486,0.0,0.0,0.0
2024-07-30 11:30:00-04:00,64.91999816894531,64.91999816894531,64.68000030517578,64.68000030517578,291,0.0,0.0,0.0
2024-07-30 15:30:00-04:00,65.5,65.61000061035156,65.5,65.51689910888672,0,0.0,0.0,0.0
2024-07-31 09:30:00-04:00,65.0250015258789,66.06999969482422,65.0250015258789,66.06999969482422,622,0.0,0.0,0.0
2024-07-31 10:30:00-04:00,66.1449966430664,66.25,66.0199966430664,66.0199966430664,1678,0.0,0.0,0.0
2024-07-31 11:30:00-04:00,66.5,66.5,66.5,66.5,146,0.0,0.0,0.0
2024-07-31 12:30:00-04:00,66.54000091552734,66.54000091552734,66.43000030517578,66.43000030517578,2108,0.0,0.0,0.0
2024-07-31 14:30:00-04:00,66.25399780273438,66.41000366210938,65.2042007446289,65.2042007446289,0,0.0,0.0,0.0
2024-08-01 09:30:00-04:00,66.62000274658203,67.30000305175781,66.62000274658203,66.70800018310547,1085,0.0,0.0,0.0
2024-08-01 10:30:00-04:00,66.80000305175781,66.80000305175781,66.36009979248047,66.36009979248047,1594,0.0,0.0,0.0
2024-08-01 11:30:00-04:00,66.04000091552734,66.83000183105469,66.04000091552734,66.83000183105469,462,0.0,0.0,0.0
2024-08-01 12:30:00-04:00,66.90969848632812,66.9198989868164,66.66549682617188,66.66549682617188,5952,0.0,0.0,0.0
2024-08-01 13:30:00-04:00,66.49400329589844,66.72000122070312,66.42410278320312,66.42410278320312,2324,0.0,0.0,0.0
2024-08-01 15:30:00-04:00,66.7300033569336,66.96540069580078,66.58000183105469,66.96540069580078,0,0.0,0.0,0.0
2024-08-02 09:30:00-04:00,67.76000213623047,68.22000122070312,66.83399963378906,66.83399963378906,2164,0.0,0.0,0.0
2024-08-02 10:30:00-04:00,66.86000061035156,66.86000061035156,66.55850219726562,66.55850219726562,484,0.0,0.0,0.0
2024-08-02 11:30:00-04:00,66.80999755859375,67.06340026855469,66.70570373535156,66.94999694824219,1117,0.0,0.0,0.0
2024-08-02 12:30:00-04:00,67.16000366210938,67.16000366210938,66.55999755859375,66.56999969482422,809,0.0,0.0,0.0
2024-08-02 14:30:00-04:00,66.86150360107422,66.93000030517578,66.5,66.93000030517578,459,0.0,0.0,0.0
2024-08-02 15:30:00-04:00,66.8499984741211,67.23909759521484,66.8499984741211,67.23909759521484,1076,0.0,0.0,0.0
2024-08-05 09:30:00-04:00,65.95999908447266,65.95999908447266,63.97999954223633,64.93840026855469,3139,0.0,0.0,0.0
2024-08-05 10:30:00-04:00,64.98999786376953,66.51000213623047,64.98999786376953,66.51000213623047,3485,0.0,0.0,0.0
2024-08-05 11:30:00-04:00,66.00499725341797,66.08000183105469,65.89230346679688,65.89230346679688,932,0.0,0.0,0.0
2024-08-05 12:30:00-04:00,65.79000091552734,65.79000091552734,65.06999969482422,65.06999969482422,1773,0.0,0.0,0.0
2024-08-05 13:30:00-04:00,64.67019653320312,64.8499984741211,64.67019653320312,64.8499984741211,869,0.0,0.0,0.0
2024-08-05 14:30:00-04:00,64.4800033569336,64.4800033569336,64.02300262451172,64.02300262451172,536,0.0,0.0,0.0
2024-08-05 15:30:00-04:00,63.935298919677734,63.935298919677734,63.369998931884766,63.369998931884766,0,0.0,0.0,0.0
2024-08-06 09:30:00-04:00,63.08000183105469,65.93000030517578,63.08000183105469,65.93000030517578,1614,0.0,0.0,0.0
2024-08-06 10:30:00-04:00,65.74099731445312,65.74099731445312,65.69499969482422,65.69499969482422,349,0.0,0.0,0.0
2024-08-06 11:30:00-04:00,66.0,66.0,66.0,66.0,275,0.0,0.0,0.0
2024-08-06 13:30:00-04:00,66.66999816894531,66.66999816894531,66.66999816894531,66.66999816894531,322,0.0,0.0,0.0
2024-08-06 15:30:00-04:00,66.11000061035156,66.11000061035156,66.11000061035156,66.11000061035156,0,0.0,0.0,0.0
2024-08-07 09:30:00-04:00,67.03990173339844,67.03990173339844,67.03990173339844,67.03990173339844,334,0.0,0.0,0.0
2024-08-07 10:30:00-04:00,67.91010284423828,67.91010284423828,67.91010284423828,67.91010284423828,181,0.0,0.0,0.0
2024-08-07 11:30:00-04:00,68.18900299072266,68.18900299072266,68.11000061035156,68.11000061035156,1058,0.0,0.0,0.0
2024-08-07 12:30:00-04:00,66.92400360107422,66.92400360107422,66.86000061035156,66.86000061035156,231,0.0,0.0,0.0
2024-08-07 13:30:00-04:00,66.12000274658203,66.12000274658203,65.0552978515625,65.0552978515625,0,0.0,0.0,0.0
2024-08-08 09:30:00-04:00,64.99009704589844,64.99009704589844,64.99009704589844,64.99009704589844,149,0.0,0.0,0.0
2024-08-08 10:30:00-04:00,65.70999908447266,65.80000305175781,65.70999908447266,65.80000305175781,0,0.0,0.0,0.0
2024-08-08 11:30:00-04:00,65.83000183105469,65.94999694824219,65.83000183105469,65.94999694824219,604,0.0,0.0,0.0
2024-08-08 12:30:00-04:00,65.95999908447266,65.95999908447266,65.70999908447266,65.70999908447266,416,0.0,0.0,0.0
2024-08-08 14:30:00-04:00,66.26000213623047,66.26000213623047,66.26000213623047,66.26000213623047,100,0.0,0.0,0.0
2024-08-08 15:30:00-04:00,66.30999755859375,66.30999755859375,66.05000305175781,66.15879821777344,0,0.0,0.0,0.0
2024-08-09 10:30:00-04:00,66.37999725341797,66.45999908447266,66.23999786376953,66.45999908447266,2145,0.0,0.0,0.0
2024-08-09 11:30:00-04:00,66.31999969482422,66.42430114746094,66.31999969482422,66.42430114746094,3200,0.0,0.0,0.0
2024-08-09 12:30:00-04:00,66.39009857177734,66.44999694824219,66.38999938964844,66.4301986694336,1215,0.0,0.0,0.0
2024-08-09 13:30:00-04:00,67.2300033569336,67.2300033569336,66.6500015258789,66.75,9443,0.0,0.0,0.0
2024-08-09 14:30:00-04:00,66.80000305175781,66.94000244140625,66.80000305175781,66.8499984741211,683,0.0,0.0,0.0
2024-08-09 15:30:00-04:00,66.99829864501953,66.99829864501953,66.80999755859375,66.92310333251953,1444,0.0,0.0,0.0
2024-08-12 09:30:00-04:00,66.83999633789062,66.83999633789062,65.38999938964844,65.69000244140625,2834,0.0,0.0,0.0
2024-08-12 10:30:00-04:00,65.66999816894531,65.8949966430664,65.66999816894531,65.8499984741211,866,0.0,0.0,0.0
2024-08-12 15:30:00-04:00,65.72000122070312,65.92790222167969,65.72000122070312,65.92790222167969,0,0.0,0.0,0.0
2024-08-13 09:30:00-04:00,66.3447036743164,66.3447036743164,66.3447036743164,66.3447036743164,643,0.0,0.0,0.0
2024-08-13 11:30:00-04:00,66.62999725341797,66.62999725341797,66.61000061035156,66.61000061035156,689,0.0,0.0,0.0
2024-08-13 15:30:00-04:00,66.9988021850586,66.9988021850586,66.92410278320312,66.92410278320312,0,0.0,0.0,0.0
2024-08-14 09:30:00-04:00,67.05000305175781,67.30000305175781,67.05000305175781,67.30000305175781,1776,0.0,0.0,0.0
2024-08-14 10:30:00-04:00,67.4800033569336,67.7300033569336,67.4800033569336,67.7300033569336,446,0.0,0.0,0.0
2024-08-14 11:30:00-04:00,67.86229705810547,67.86229705810547,67.86229705810547,67.86229705810547,813,0.0,0.0,0.0
2024-08-14 15:30:00-04:00,67.52189636230469,67.57379913330078,67.52189636230469,67.57379913330078,0,0.0,0.0,0.0
2024-08-15 09:30:00-04:00,67.5011978149414,67.5011978149414,66.6500015258789,66.6500015258789,775,0.0,0.0,0.0
2024-08-15 10:30:00-04:00,67.31999969482422,67.31999969482422,67.31999969482422,67.31999969482422,111,0.0,0.0,0.0
2024-08-15 11:30:00-04:00,67.17500305175781,67.17500305175781,67.17500305175781,67.17500305175781,163,0.0,0.0,0.0
2024-08-15 13:30:00-04:00,67.18000030517578,67.18000030517578,67.16000366210938,67.16000366210938,421,0.0,0.0,0.0
2024-08-15 15:30:00-04:00,67.3499984741211,67.3499984741211,67.05909729003906,67.08000183105469,0,0.0,0.0,0.0
2024-08-16 10:30:00-04:00,66.52999877929688,66.52999877929688,66.52999877929688,66.52999877929688,196,0.0,0.0,0.0
2024-08-16 11:30:00-04:00,66.50379943847656,66.783203125,66.50379943847656,66.783203125,498,0.0,0.0,0.0
2024-08-19 09:30:00-04:00,67.18000030517578,67.69000244140625,67.18000030517578,67.69000244140625,29237,0.0,0.0,0.0
2024-08-19 10:30:00-04:00,67.58999633789062,67.80000305175781,67.58999633789062,67.5999984741211,948,0.0,0.0,0.0
2024-08-19 11:30:00-04:00,67.70999908447266,67.77010345458984,67.70999908447266,67.77010345458984,1010,0.0,0.0,0.0
2024-08-19 14:30:00-04:00,67.58000183105469,67.58000183105469,67.51000213623047,67.52899932861328,2129,0.0,0.0,0.0
2024-08-19 15:30:00-04:00,67.72000122070312,67.72000122070312,67.69170379638672,67.69170379638672,0,0.0,0.0,0.0
2024-08-20 09:30:00-04:00,67.8499984741211,67.8499984741211,67.44499969482422,67.44499969482422,1063,0.0,0.0,0.0
2024-08-20 10:30:00-04:00,67.5999984741211,67.5999984741211,67.5999984741211,67.5999984741211,150,0.0,0.0,0.0
2024-08-20 11:30:00-04:00,67.51000213623047,67.51000213623047,67.51000213623047,67.51000213623047,225,0.0,0.0,0.0
2024-08-20 14:30:00-04:00,67.58999633789062,67.58999633789062,67.58999633789062,67.58999633789062,1196,0.0,0.0,0.0
2024-08-20 15:30:00-04:00,67.9000015258789,67.9000015258789,67.75,67.80580139160156,325,0.0,0.0,0.0
2024-08-21 09:30:00-04:00,67.87000274658203,67.87000274658203,67.7249984741211,67.7249984741211,0,0.0,0.0,0.0
2024-08-21 10:30:00-04:00,67.30000305175781,67.4000015258789,67.30000305175781,67.4000015258789,207,0.0,0.0,0.0
2024-08-21 11:30:00-04:00,67.68000030517578,67.68000030517578,67.68000030517578,67.68000030517578,100,0.0,0.0,0.0
2024-08-21 12:30:00-04:00,67.86000061035156,67.86000061035156,67.86000061035156,67.86000061035156,344,0.0,0.0,0.0
2024-08-21 14:30:00-04:00,68.20999908447266,68.20999908447266,68.20999908447266,68.20999908447266,101,0.0,0.0,0.0
2024-08-21 15:30:00-04:00,68.39800262451172,68.39800262451172,68.37699890136719,68.37699890136719,101,0.0,0.0,0.0
2024-08-22 09:30:00-04:00,68.86000061035156,68.87999725341797,68.02999877929688,68.33509826660156,425,0.0,0.0,0.0
2024-08-22 10:30:00-04:00,68.6050033569336,68.6050033569336,68.6050033569336,68.6050033569336,299,0.0,0.0,0.0
2024-08-22 11:30:00-04:00,68.66999816894531,68.66999816894531,68.66999816894531,68.66999816894531,697,0.0,0.0,0.0
2024-08-22 14:30:00-04:00,68.75,68.75,68.75,68.75,622,0.0,0.0,0.0
2024-08-22 15:30:00-04:00,68.73999786376953,69.0,68.66000366210938,69.0,0,0.0,0.0,0.0
2024-08-23 09:30:00-04:00,70.00140380859375,70.71499633789062,70.00140380859375,70.71499633789062,1627,0.0,0.0,0.0
2024-08-23 10:30:00-04:00,70.76329803466797,71.63999938964844,70.76329803466797,71.53500366210938,2992,0.0,0.0,0.0
2024-08-23 11:30:00-04:00,71.47000122070312,71.47000122070312,71.13500213623047,71.20349884033203,4410,0.0,0.0,0.0
2024-08-23 12:30:00-04:00,71.07929992675781,71.07929992675781,71.07929992675781,71.07929992675781,867,0.0,0.0,0.0
2024-08-23 14:30:00-04:00,71.69670104980469,71.73999786376953,71.69670104980469,71.69999694824219,586,0.0,0.0,0.0
2024-08-23 15:30:00-04:00,71.58000183105469,71.83450317382812,71.52999877929688,71.83450317382812,332,0.0,0.0,0.0
2024-08-26 09:30:00-04:00,72.73999786376953,72.73999786376953,72.06500244140625,72.41999816894531,27635,0.0,0.0,0.0
2024-08-26 10:30:00-04:00,72.69000244140625,72.69000244140625,72.0,72.0,9093,0.0,0.0,0.0
2024-08-26 11:30:00-04:00,72.04499816894531,72.04499816894531,71.97000122070312,71.97000122070312,432,0.0,0.0,0.0
2024-08-26 12:30:00-04:00,71.8208999633789,71.91000366210938,71.79930114746094,71.9000015258789,1255,0.0,0.0,0.0
2024-08-26 13:30:00-04:00,71.81500244140625,71.81500244140625,71.5999984741211,71.5999984741211,511,0.0,0.0,0.0
2024-08-26 14:30:00-04:00,71.66000366210938,71.68499755859375,71.66000366210938,71.68499755859375,6781,0.0,0.0,0.0
2024-08-26 15:30:00-04:00,71.74009704589844,71.80000305175781,71.57659912109375,71.57659912109375,0,0.0,0.0,0.0
2024-08-27 09:30:00-04:00,71.58000183105469,71.58000183105469,70.60919952392578,71.0,1385,0.0,0.0,0.0
2024-08-27 12:30:00-04:00,71.51000213623047,72.00800323486328,71.51000213623047,72.00800323486328,942,0.0,0.0,0.0
2024-08-28 09:30:00-04:00,72.25,72.25,71.87999725341797,71.88009643554688,3076,0.0,0.0,0.0
2024-08-28 10:30:00-04:00,71.98999786376953,72.0,71.83999633789062,71.87999725341797,2522,0.0,0.0,0.0
2024-08-28 12:30:00-04:00,71.20999908447266,71.20999908447266,71.20999908447266,71.20999908447266,1062,0.0,0.0,0.0
2024-08-28 13:30:00-04:00,71.34700012207031,71.34700012207031,70.66999816894531,70.66999816894531,909,0.0,0.0,0.0
2024-08-28 14:30:00-04:00,71.27999877929688,71.27999877929688,71.27999877929688,71.27999877929688,107,0.0,0.0,0.0
2024-08-28 15:30:00-04:00,71.46309661865234,71.46309661865234,71.46309661865234,71.46309661865234,0,0.0,0.0,0.0
2024-08-29 10:30:00-04:00,71.16000366210938,71.16000366210938,71.16000366210938,71.16000366210938,401,0.0,0.0,0.0
2024-08-29 11:30:00-04:00,70.5895004272461,70.79499816894531,70.5895004272461,70.79499816894531,737,0.0,0.0,0.0
2024-08-29 12:30:00-04:00,70.65640258789062,70.65640258789062,70.65640258789062,70.65640258789062,166,0.0,0.0,0.0
2024-08-29 13:30:00-04:00,71.07990264892578,71.07990264892578,71.07990264892578,71.07990264892578,162,0.0,0.0,0.0
2024-08-29 15:30:00-04:00,70.91999816894531,70.91999816894531,70.88999938964844,70.91999816894531,778,0.0,0.0,0.0
2024-08-30 09:30:00-04:00,71.3949966430664,71.51499938964844,71.3949966430664,71.51499938964844,906,0.0,0.0,0.0
2024-08-30 11:30:00-04:00,70.73999786376953,70.73999786376953,70.73999786376953,70.73999786376953,231,0.0,0.0,0.0
2024-08-30 12:30:00-04:00,70.58999633789062,70.69000244140625,70.58999633789062,70.69000244140625,606,0.0,0.0,0.0
2024-08-30 14:30:00-04:00,71.02149963378906,71.08000183105469,71.02149963378906,71.08000183105469,478,0.0,0.0,0.0
2024-08-30 15:30:00-04:00,71.97000122070312,72.11000061035156,71.97000122070312,72.11000061035156,526,0.0,0.0,0.0
2024-09-03 09:30:00-04:00,71.79000091552734,72.41999816894531,71.68009948730469,72.01499938964844,2192,0.0,0.0,0.0
2024-09-03 10:30:00-04:00,72.43579864501953,72.847900390625,72.43579864501953,72.80000305175781,1002,0.0,0.0,0.0
2024-09-03 11:30:00-04:00,72.94000244140625,73.06999969482422,72.94000244140625,73.06999969482422,1327,0.0,0.0,0.0
2024-09-03 12:30:00-04:00,73.06999969482422,73.06999969482422,72.48500061035156,72.62409973144531,696,0.0,0.0,0.0
2024-09-03 13:30:00-04:00,72.80999755859375,73.12999725341797,72.80999755859375,73.12999725341797,3456,0.0,0.0,0.0
2024-09-03 14:30:00-04:00,73.12000274658203,73.12999725341797,72.73999786376953,72.73999786376953,43374,0.0,0.0,0.0
2024-09-03 15:30:00-04:00,72.06999969482422,72.377197265625,72.04389953613281,72.377197265625,0,0.0,0.0,0.0
2024-09-04 09:30:00-04:00,73.08000183105469,74.18499755859375,73.08000183105469,73.41999816894531,4375,0.0,0.0,0.0
2024-09-04 10:30:00-04:00,73.5,73.5199966430664,73.0,73.0,1802,0.0,0.0,0.0
2024-09-04 11:30:00-04:00,73.10330200195312,73.10330200195312,72.79499816894531,72.79499816894531,1707,0.0,0.0,0.0
2024-09-04 12:30:00-04:00,72.87999725341797,72.87999725341797,72.30999755859375,72.30999755859375,918,0.0,0.0,0.0
2024-09-04 13:30:00-04:00,72.18900299072266,72.18900299072266,72.18900299072266,72.18900299072266,324,0.0,0.0,0.0
2024-09-04 14:30:00-04:00,72.24700164794922,72.41000366210938,72.21009826660156,72.30999755859375,1723,0.0,0.0,0.0
2024-09-04 15:30:00-04:00,72.84329986572266,73.02320098876953,72.84329986572266,73.02320098876953,0,0.0,0.0,0.0
2024-09-05 09:30:00-04:00,73.45999908447266,73.72000122070312,73.45999908447266,73.56500244140625,1324,0.0,0.0,0.0
2024-09-05 10:30:00-04:00,73.02040100097656,73.02040100097656,72.9000015258789,72.9000015258789,604,0.0,0.0,0.0
2024-09-05 12:30:00-04:00,72.4000015258789,72.4000015258789,72.2300033569336,72.36000061035156,1689,0.0,0.0,0.0
2024-09-05 13:30:00-04:00,72.26000213623047,72.4800033569336,72.26000213623047,72.4800033569336,790,0.0,0.0,0.0
2024-09-05 14:30:00-04:00,72.66000366210938,72.66000366210938,72.37999725341797,72.37999725341797,723,0.0,0.0,0.0
2024-09-05 15:30:00-04:00,72.5199966430664,72.5199966430664,72.3499984741211,72.44999694824219,0,0.0,0.0,0.0
2024-09-06 09:30:00-04:00,71.2500991821289,71.2500991821289,71.2500991821289,71.2500991821289,113,0.0,0.0,0.0
2024-09-06 10:30:00-04:00,71.220703125,71.220703125,71.220703125,71.220703125,540,0.0,0.0,0.0
2024-09-06 12:30:00-04:00,71.58570098876953,71.58570098876953,71.58570098876953,71.58570098876953,323,0.0,0.0,0.0
2024-09-06 13:30:00-04:00,71.48999786376953,72.32669830322266,71.48999786376953,72.32669830322266,405,0.0,0.0,0.0
