Datetime,Open,High,Low,Close,Volume,Dividends,Stock Splits
2022-07-20 09:30:00-04:00,65.19999694824219,65.375,64.78500366210938,65.18499755859375,0,0.0,0.0
2022-07-20 10:30:00-04:00,65.18000030517578,65.625,64.98999786376953,65.38999938964844,333604,0.0,0.0
2022-07-20 11:30:00-04:00,65.38999938964844,65.62000274658203,65.22000122070312,65.3499984741211,229678,0.0,0.0
2022-07-20 12:30:00-04:00,65.36000061035156,65.47000122070312,65.05500030517578,65.22000122070312,167113,0.0,0.0
2022-07-20 13:30:00-04:00,65.22000122070312,65.38999938964844,65.05000305175781,65.38999938964844,305074,0.0,0.0
2022-07-20 14:30:00-04:00,65.4000015258789,65.5250015258789,65.1500015258789,65.44499969482422,445479,0.0,0.0
2022-07-20 15:30:00-04:00,65.44499969482422,65.6500015258789,65.33999633789062,65.58000183105469,475806,0.0,0.0
2022-07-21 09:30:00-04:00,65.93000030517578,66.58999633789062,65.4749984741211,65.86000061035156,467416,0.0,0.0
2022-07-21 10:30:00-04:00,65.8550033569336,66.06999969482422,65.73999786376953,65.83000183105469,247759,0.0,0.0
2022-07-21 11:30:00-04:00,65.83499908447266,66.13999938964844,65.79000091552734,66.13500213623047,251273,0.0,0.0
2022-07-21 12:30:00-04:00,66.13999938964844,66.18000030517578,65.83899688720703,65.91000366210938,115269,0.0,0.0
2022-07-21 13:30:00-04:00,65.88999938964844,65.95999908447266,65.79000091552734,65.87999725341797,180319,0.0,0.0
2022-07-21 14:30:00-04:00,65.88500213623047,66.18000030517578,65.81999969482422,66.0999984741211,217879,0.0,0.0
2022-07-21 15:30:00-04:00,66.08999633789062,66.19000244140625,65.94000244140625,66.04000091552734,473069,0.0,0.0
2022-07-22 09:30:00-04:00,66.2699966430664,66.43499755859375,65.83999633789062,66.08999633789062,220008,0.0,0.0
2022-07-22 10:30:00-04:00,66.09500122070312,66.12999725341797,65.91000366210938,66.02999877929688,220435,0.0,0.0
2022-07-22 11:30:00-04:00,66.05000305175781,66.08000183105469,65.91590118408203,65.98999786376953,115957,0.0,0.0
2022-07-22 12:30:00-04:00,66.0,66.12000274658203,65.76000213623047,65.76000213623047,97457,0.0,0.0
2022-07-22 13:30:00-04:00,65.75,65.81999969482422,65.5999984741211,65.69999694824219,100230,0.0,0.0
2022-07-22 14:30:00-04:00,65.69000244140625,66.04000091552734,65.66999816894531,66.02999877929688,174690,0.0,0.0
2022-07-22 15:30:00-04:00,66.05999755859375,66.16999816894531,65.96099853515625,66.16000366210938,284521,0.0,0.0
2022-07-25 09:30:00-04:00,66.27999877929688,66.4749984741211,65.8550033569336,65.91999816894531,500387,0.0,0.0
2022-07-25 10:30:00-04:00,65.93000030517578,66.25499725341797,65.85600280761719,66.23999786376953,273497,0.0,0.0
2022-07-25 11:30:00-04:00,66.22000122070312,66.36499786376953,66.0,66.05000305175781,152828,0.0,0.0
2022-07-25 12:30:00-04:00,66.05999755859375,66.40499877929688,66.05500030517578,66.33999633789062,206640,0.0,0.0
2022-07-25 13:30:00-04:00,66.34500122070312,66.47000122070312,66.25,66.26000213623047,173354,0.0,0.0
2022-07-25 14:30:00-04:00,66.26000213623047,66.30000305175781,66.0999984741211,66.13999938964844,149686,0.0,0.0
2022-07-25 15:30:00-04:00,66.13500213623047,66.30999755859375,66.12999725341797,66.22000122070312,392891,0.0,0.0
2022-07-26 09:30:00-04:00,66.62999725341797,66.62999725341797,65.97000122070312,66.16500091552734,275794,0.0,0.0
2022-07-26 10:30:00-04:00,66.18000030517578,66.20999908447266,65.9000015258789,66.13999938964844,178722,0.0,0.0
2022-07-26 11:30:00-04:00,66.125,66.33000183105469,66.0999984741211,66.32499694824219,201993,0.0,0.0
2022-07-26 12:30:00-04:00,66.31999969482422,66.45999908447266,66.19000244140625,66.43000030517578,215670,0.0,0.0
2022-07-26 13:30:00-04:00,66.4000015258789,66.72000122070312,66.38500213623047,66.61000061035156,175371,0.0,0.0
2022-07-26 14:30:00-04:00,66.61499786376953,66.66999816894531,66.43000030517578,66.62999725341797,513314,0.0,0.0
2022-07-26 15:30:00-04:00,66.62999725341797,66.77999877929688,66.58499908447266,66.70999908447266,634857,0.0,0.0
2022-07-27 09:30:00-04:00,67.0,67.06500244140625,65.80000305175781,66.31999969482422,657139,0.0,0.0
2022-07-27 10:30:00-04:00,66.30000305175781,66.30799865722656,65.9800033569336,66.12999725341797,399681,0.0,0.0
2022-07-27 11:30:00-04:00,66.13500213623047,66.20999908447266,66.0,66.0999984741211,153573,0.0,0.0
2022-07-27 12:30:00-04:00,66.08999633789062,66.11000061035156,65.93000030517578,66.0,138671,0.0,0.0
2022-07-27 13:30:00-04:00,66.0,66.25,65.79000091552734,66.08999633789062,309158,0.0,0.0
2022-07-27 14:30:00-04:00,66.0999984741211,66.80000305175781,65.95999908447266,66.7699966430664,447790,0.0,0.0
2022-07-27 15:30:00-04:00,66.77999877929688,66.80500030517578,66.58000183105469,66.6500015258789,672450,0.0,0.0
2022-07-28 09:30:00-04:00,61.75,62.65999984741211,58.904998779296875,60.084999084472656,2878353,0.0,0.0
2022-07-28 10:30:00-04:00,60.084999084472656,61.09000015258789,59.52000045776367,61.06999969482422,1497428,0.0,0.0
2022-07-28 11:30:00-04:00,61.064998626708984,61.099998474121094,60.4900016784668,60.73500061035156,626478,0.0,0.0
2022-07-28 12:30:00-04:00,60.73500061035156,60.810001373291016,60.220001220703125,60.72999954223633,606192,0.0,0.0
2022-07-28 13:30:00-04:00,60.75,60.86000061035156,60.45000076293945,60.65999984741211,983785,0.0,0.0
2022-07-28 14:30:00-04:00,60.63999938964844,60.83000183105469,59.790000915527344,59.875,963894,0.0,0.0
2022-07-28 15:30:00-04:00,59.869998931884766,59.93000030517578,59.5,59.5,1150848,0.0,0.0
2022-07-29 09:30:00-04:00,59.41999816894531,59.84000015258789,58.349998474121094,58.790000915527344,1373581,0.0,0.0
2022-07-29 10:30:00-04:00,58.78499984741211,59.040000915527344,58.29999923706055,58.326499938964844,868621,0.0,0.0
2022-07-29 11:30:00-04:00,58.33000183105469,58.61000061035156,57.91999816894531,58.25,706748,0.0,0.0
2022-07-29 12:30:00-04:00,58.2599983215332,58.61000061035156,58.2599983215332,58.41999816894531,278023,0.0,0.0
2022-07-29 13:30:00-04:00,58.41999816894531,58.43000030517578,58.0,58.209999084472656,542846,0.0,0.0
2022-07-29 14:30:00-04:00,58.20500183105469,58.64500045776367,58.130001068115234,58.63010025024414,552453,0.0,0.0
2022-07-29 15:30:00-04:00,58.630001068115234,58.810001373291016,58.529998779296875,58.65999984741211,1041374,0.0,0.0
2022-08-01 09:30:00-04:00,58.34000015258789,59.16999816894531,58.029998779296875,58.779998779296875,862117,0.0,0.0
2022-08-01 10:30:00-04:00,58.79999923706055,58.97999954223633,58.400001525878906,58.709999084472656,482574,0.0,0.0
2022-08-01 11:30:00-04:00,58.70000076293945,58.709999084472656,58.34000015258789,58.654998779296875,565313,0.0,0.0
2022-08-01 12:30:00-04:00,58.650001525878906,58.650001525878906,58.45000076293945,58.459999084472656,550777,0.0,0.0
2022-08-01 13:30:00-04:00,58.46500015258789,58.5099983215332,58.16999816894531,58.319000244140625,286399,0.0,0.0
2022-08-01 14:30:00-04:00,58.310001373291016,58.939998626708984,58.244998931884766,58.810001373291016,676081,0.0,0.0
2022-08-01 15:30:00-04:00,58.79999923706055,59.029998779296875,58.66999816894531,58.68000030517578,955327,0.0,0.0
2022-08-02 09:30:00-04:00,58.77000045776367,58.91999816894531,58.33000183105469,58.59000015258789,434527,0.0,0.0
2022-08-02 10:30:00-04:00,58.599998474121094,58.959999084472656,58.58000183105469,58.904998779296875,306792,0.0,0.0
2022-08-02 11:30:00-04:00,58.91999816894531,59.369998931884766,58.869998931884766,59.310001373291016,453155,0.0,0.0
2022-08-02 12:30:00-04:00,59.310001373291016,59.5,59.279998779296875,59.34000015258789,314406,0.0,0.0
2022-08-02 13:30:00-04:00,59.31999969482422,59.380001068115234,58.880001068115234,58.90999984741211,367400,0.0,0.0
2022-08-02 14:30:00-04:00,58.90999984741211,59.02000045776367,58.810001373291016,58.92499923706055,471387,0.0,0.0
2022-08-02 15:30:00-04:00,58.92499923706055,58.97999954223633,58.7599983215332,58.88999938964844,857249,0.0,0.0
2022-08-03 09:30:00-04:00,58.75,58.75,57.79999923706055,58.06999969482422,770369,0.0,0.0
2022-08-03 10:30:00-04:00,58.04999923706055,58.41999816894531,57.77000045776367,58.380001068115234,461212,0.0,0.0
2022-08-03 11:30:00-04:00,58.369998931884766,58.54570007324219,58.11000061035156,58.439998626708984,276894,0.0,0.0
2022-08-03 12:30:00-04:00,58.439998626708984,58.54999923706055,58.32500076293945,58.369998931884766,384389,0.0,0.0
2022-08-03 13:30:00-04:00,58.3650016784668,58.40999984741211,57.994998931884766,58.11000061035156,381208,0.0,0.0
2022-08-03 14:30:00-04:00,58.10499954223633,58.18000030517578,57.91999816894531,58.0,758360,0.0,0.0
2022-08-03 15:30:00-04:00,57.98500061035156,58.369998931884766,57.97140121459961,58.16999816894531,519831,0.0,0.0
2022-08-04 09:30:00-04:00,58.439998626708984,58.58000183105469,58.040000915527344,58.45000076293945,751790,0.0,0.0
2022-08-04 10:30:00-04:00,58.45000076293945,58.599998474121094,58.099998474121094,58.220001220703125,623736,0.0,0.0
2022-08-04 11:30:00-04:00,58.220001220703125,58.22999954223633,57.790000915527344,57.84000015258789,577862,0.0,0.0
2022-08-04 12:30:00-04:00,57.83000183105469,57.974998474121094,57.75,57.939998626708984,361721,0.0,0.0
2022-08-04 13:30:00-04:00,57.939998626708984,58.415000915527344,57.92499923706055,58.23500061035156,537014,0.0,0.0
2022-08-04 14:30:00-04:00,58.22999954223633,58.279998779296875,57.96500015258789,58.121299743652344,654005,0.0,0.0
2022-08-04 15:30:00-04:00,58.130001068115234,58.16999816894531,57.849998474121094,57.90999984741211,672756,0.0,0.0
2022-08-05 09:30:00-04:00,57.77000045776367,57.959999084472656,57.4900016784668,57.77000045776367,604392,0.0,0.0
2022-08-05 10:30:00-04:00,57.77000045776367,58.29499816894531,57.720001220703125,58.27510070800781,265543,0.0,0.0
2022-08-05 11:30:00-04:00,58.28499984741211,58.400001525878906,57.95000076293945,58.02000045776367,184192,0.0,0.0
2022-08-05 12:30:00-04:00,58.02000045776367,58.13999938964844,57.970001220703125,58.119998931884766,214937,0.0,0.0
2022-08-05 13:30:00-04:00,58.1349983215332,58.529998779296875,58.1349983215332,58.439998626708984,225079,0.0,0.0
2022-08-05 14:30:00-04:00,58.45000076293945,58.61000061035156,58.32500076293945,58.470001220703125,292221,0.0,0.0
2022-08-05 15:30:00-04:00,58.459999084472656,58.599998474121094,58.380001068115234,58.584999084472656,365131,0.0,0.0
2022-08-08 09:30:00-04:00,58.9900016784668,59.459999084472656,58.470001220703125,59.459999084472656,579632,0.0,0.0
2022-08-08 10:30:00-04:00,59.45000076293945,59.720001220703125,59.349998474121094,59.619998931884766,338900,0.0,0.0
2022-08-08 11:30:00-04:00,59.650001525878906,59.65999984741211,59.18899917602539,59.209999084472656,202659,0.0,0.0
2022-08-08 12:30:00-04:00,59.209999084472656,59.369998931884766,59.150001525878906,59.27000045776367,196218,0.0,0.0
2022-08-08 13:30:00-04:00,59.27000045776367,59.400001525878906,59.2400016784668,59.400001525878906,197417,0.0,0.0
2022-08-08 14:30:00-04:00,59.40999984741211,59.744998931884766,59.404998779296875,59.720001220703125,436410,0.0,0.0
2022-08-08 15:30:00-04:00,59.71500015258789,59.90999984741211,59.691001892089844,59.720001220703125,688187,0.0,0.0
2022-08-09 09:30:00-04:00,59.54999923706055,59.81999969482422,58.93000030517578,59.290000915527344,418272,0.0,0.0
2022-08-09 10:30:00-04:00,59.29999923706055,59.31999969482422,58.880001068115234,59.15999984741211,329490,0.0,0.0
2022-08-09 11:30:00-04:00,59.16999816894531,59.40999984741211,59.11000061035156,59.33000183105469,169045,0.0,0.0
2022-08-09 12:30:00-04:00,59.310001373291016,59.400001525878906,59.220001220703125,59.25,205500,0.0,0.0
2022-08-09 13:30:00-04:00,59.25,59.290000915527344,58.880001068115234,58.91999816894531,236676,0.0,0.0
2022-08-09 14:30:00-04:00,58.91999816894531,59.029998779296875,58.72999954223633,58.790000915527344,377727,0.0,0.0
2022-08-09 15:30:00-04:00,58.790000915527344,59.02000045776367,58.78499984741211,58.959999084472656,510320,0.0,0.0
2022-08-10 09:30:00-04:00,59.20000076293945,59.540000915527344,59.029998779296875,59.45000076293945,542728,0.0,0.0
2022-08-10 10:30:00-04:00,59.439998626708984,60.029998779296875,59.380001068115234,59.9900016784668,343869,0.0,0.0
2022-08-10 11:30:00-04:00,59.9900016784668,60.05500030517578,59.720001220703125,59.849998474121094,271456,0.0,0.0
2022-08-10 12:30:00-04:00,59.849998474121094,60.04499816894531,59.81999969482422,59.83000183105469,273138,0.0,0.0
2022-08-10 13:30:00-04:00,59.814998626708984,59.88999938964844,59.63999938964844,59.84000015258789,235759,0.0,0.0
2022-08-10 14:30:00-04:00,59.845001220703125,59.9900016784668,59.720001220703125,59.8650016784668,322083,0.0,0.0
2022-08-10 15:30:00-04:00,59.8650016784668,60.02000045776367,59.79999923706055,59.90999984741211,629643,0.0,0.0
2022-08-11 09:30:00-04:00,60.06999969482422,60.72999954223633,59.689998626708984,60.599998474121094,207726,0.0,0.0
2022-08-11 10:30:00-04:00,60.61000061035156,60.939998626708984,60.59000015258789,60.779998779296875,216706,0.0,0.0
2022-08-11 11:30:00-04:00,60.779998779296875,61.060001373291016,60.27000045776367,60.369998931884766,379108,0.0,0.0
2022-08-11 12:30:00-04:00,60.3650016784668,60.459999084472656,60.209999084472656,60.368099212646484,142706,0.0,0.0
2022-08-11 13:30:00-04:00,60.36000061035156,60.38999938964844,60.2400016784668,60.3650016784668,177590,0.0,0.0
2022-08-11 14:30:00-04:00,60.36000061035156,60.38999938964844,59.935001373291016,60.060001373291016,335868,0.0,0.0
2022-08-11 15:30:00-04:00,60.04999923706055,60.04999923706055,59.834999084472656,59.959999084472656,317746,0.0,0.0
2022-08-12 09:30:00-04:00,60.0099983215332,60.439998626708984,60.0099983215332,60.130001068115234,266410,0.0,0.0
2022-08-12 10:30:00-04:00,60.14500045776367,60.4900016784668,60.06999969482422,60.27000045776367,191690,0.0,0.0
2022-08-12 11:30:00-04:00,60.290000915527344,60.5,60.21500015258789,60.41999816894531,118174,0.0,0.0
2022-08-12 12:30:00-04:00,60.40999984741211,60.709999084472656,60.27040100097656,60.29999923706055,166717,0.0,0.0
2022-08-12 13:30:00-04:00,60.308101654052734,60.369998931884766,60.130001068115234,60.22999954223633,215834,0.0,0.0
2022-08-12 14:30:00-04:00,60.236698150634766,60.58000183105469,60.220001220703125,60.45000076293945,280453,0.0,0.0
2022-08-12 15:30:00-04:00,60.459999084472656,60.54899978637695,60.38999938964844,60.459999084472656,419037,0.0,0.0
2022-08-15 09:30:00-04:00,60.33000183105469,61.47999954223633,60.130001068115234,61.08000183105469,326863,0.0,0.0
2022-08-15 10:30:00-04:00,61.08000183105469,61.290000915527344,60.685001373291016,60.80500030517578,299788,0.0,0.0
2022-08-15 11:30:00-04:00,60.81999969482422,61.560001373291016,60.775001525878906,61.560001373291016,243004,0.0,0.0
2022-08-15 12:30:00-04:00,61.54999923706055,61.94499969482422,61.540000915527344,61.94499969482422,449968,0.0,0.0
2022-08-15 13:30:00-04:00,61.94499969482422,62.15999984741211,61.845001220703125,62.08000183105469,197909,0.0,0.0
2022-08-15 14:30:00-04:00,62.08000183105469,62.2400016784668,61.97999954223633,62.06999969482422,430650,0.0,0.0
2022-08-15 15:30:00-04:00,62.06999969482422,62.119998931884766,61.90999984741211,62.02000045776367,764220,0.0,0.0
2022-08-16 09:30:00-04:00,61.68000030517578,61.7599983215332,60.81999969482422,61.209999084472656,443748,0.0,0.0
2022-08-16 10:30:00-04:00,61.220001220703125,61.310001373291016,60.959999084472656,61.255001068115234,276461,0.0,0.0
2022-08-16 11:30:00-04:00,61.25,61.59000015258789,61.06999969482422,61.54999923706055,252477,0.0,0.0
2022-08-16 12:30:00-04:00,61.54999923706055,61.81999969482422,61.5,61.79999923706055,179470,0.0,0.0
2022-08-16 13:30:00-04:00,61.79999923706055,61.869998931884766,61.70000076293945,61.79999923706055,188151,0.0,0.0
2022-08-16 14:30:00-04:00,61.79999923706055,61.81999969482422,61.380001068115234,61.4900016784668,397302,0.0,0.0
2022-08-16 15:30:00-04:00,61.48500061035156,61.86000061035156,61.48500061035156,61.84000015258789,718183,0.0,0.0
2022-08-17 09:30:00-04:00,61.54999923706055,61.7599983215332,60.91999816894531,61.189998626708984,311329,0.0,0.0
2022-08-17 10:30:00-04:00,61.20000076293945,61.459999084472656,61.09000015258789,61.400001525878906,267526,0.0,0.0
2022-08-17 11:30:00-04:00,61.400001525878906,61.43000030517578,61.13999938964844,61.42499923706055,197988,0.0,0.0
2022-08-17 12:30:00-04:00,61.41999816894531,61.41999816894531,61.25,61.32500076293945,211546,0.0,0.0
2022-08-17 13:30:00-04:00,61.31999969482422,61.70500183105469,61.31999969482422,61.619998931884766,189593,0.0,0.0
2022-08-17 14:30:00-04:00,61.650001525878906,61.66999816894531,61.290000915527344,61.35499954223633,243110,0.0,0.0
2022-08-17 15:30:00-04:00,61.349998474121094,61.44499969482422,61.255001068115234,61.400001525878906,404914,0.0,0.0
2022-08-18 09:30:00-04:00,61.41999816894531,61.560001373291016,60.20000076293945,60.26499938964844,314648,0.0,0.0
2022-08-18 10:30:00-04:00,60.249900817871094,60.349998474121094,60.130001068115234,60.290000915527344,309575,0.0,0.0
2022-08-18 11:30:00-04:00,60.290000915527344,60.779998779296875,60.27000045776367,60.560001373291016,189449,0.0,0.0
2022-08-18 12:30:00-04:00,60.540000915527344,60.540000915527344,60.27000045776367,60.45000076293945,225888,0.0,0.0
2022-08-18 13:30:00-04:00,60.45000076293945,60.86000061035156,60.439998626708984,60.79999923706055,259343,0.0,0.0
2022-08-18 14:30:00-04:00,60.79999923706055,61.18000030517578,60.709999084472656,61.13999938964844,381400,0.0,0.0
2022-08-18 15:30:00-04:00,61.143001556396484,61.17499923706055,60.935001373291016,61.04999923706055,470113,0.0,0.0
2022-08-19 09:30:00-04:00,61.5099983215332,62.119998931884766,61.15999984741211,61.7400016784668,897317,0.0,0.0
2022-08-19 10:30:00-04:00,61.7400016784668,61.79999923706055,61.1713981628418,61.33000183105469,658930,0.0,0.0
2022-08-19 11:30:00-04:00,61.32500076293945,61.38999938964844,61.119998931884766,61.154998779296875,324793,0.0,0.0
2022-08-19 12:30:00-04:00,61.150001525878906,61.349998474121094,61.119998931884766,61.244998931884766,254012,0.0,0.0
2022-08-19 13:30:00-04:00,61.2400016784668,61.25,60.95000076293945,60.97999954223633,542267,0.0,0.0
2022-08-19 14:30:00-04:00,60.97999954223633,61.154998779296875,60.79499816894531,61.150001525878906,332836,0.0,0.0
2022-08-19 15:30:00-04:00,61.14500045776367,61.380001068115234,61.125,61.25,538245,0.0,0.0
2022-08-22 09:30:00-04:00,61.040000915527344,61.150001525878906,60.5,60.540000915527344,1373520,0.0,0.0
2022-08-22 10:30:00-04:00,60.529998779296875,60.66999816894531,60.34000015258789,60.4900016784668,258707,0.0,0.0
2022-08-22 11:30:00-04:00,60.48500061035156,60.505001068115234,60.040000915527344,60.11000061035156,172549,0.0,0.0
2022-08-22 12:30:00-04:00,60.11000061035156,60.220001220703125,60.0099983215332,60.05500030517578,207923,0.0,0.0
2022-08-22 13:30:00-04:00,60.060001373291016,60.08000183105469,59.755001068115234,59.84000015258789,224556,0.0,0.0
2022-08-22 14:30:00-04:00,59.83000183105469,59.84000015258789,59.529998779296875,59.72999954223633,244350,0.0,0.0
2022-08-22 15:30:00-04:00,59.72999954223633,59.810001373291016,59.58000183105469,59.689998626708984,509260,0.0,0.0
2022-08-23 09:30:00-04:00,59.310001373291016,59.54999923706055,58.880001068115234,59.2599983215332,331676,0.0,0.0
2022-08-23 10:30:00-04:00,59.279998779296875,59.400001525878906,58.93000030517578,59.060001373291016,278915,0.0,0.0
2022-08-23 11:30:00-04:00,59.06999969482422,59.209999084472656,58.720001220703125,58.72999954223633,191673,0.0,0.0
2022-08-23 12:30:00-04:00,58.72999954223633,59.0099983215332,58.70000076293945,58.95000076293945,228260,0.0,0.0
2022-08-23 13:30:00-04:00,58.939998626708984,58.9900016784668,58.790000915527344,58.8849983215332,154303,0.0,0.0
2022-08-23 14:30:00-04:00,58.8849983215332,58.915000915527344,58.72999954223633,58.83000183105469,224033,0.0,0.0
2022-08-23 15:30:00-04:00,58.84000015258789,58.915000915527344,58.65999984741211,58.66999816894531,553348,0.0,0.0
2022-08-24 09:30:00-04:00,58.54999923706055,58.900001525878906,58.34000015258789,58.790000915527344,1064185,0.0,0.0
2022-08-24 10:30:00-04:00,58.79999923706055,59.099998474121094,58.54999923706055,59.005001068115234,292960,0.0,0.0
2022-08-24 11:30:00-04:00,59.0099983215332,59.06999969482422,58.779998779296875,58.810001373291016,210568,0.0,0.0
2022-08-24 12:30:00-04:00,58.79999923706055,58.880001068115234,58.58000183105469,58.586700439453125,223406,0.0,0.0
2022-08-24 13:30:00-04:00,58.59000015258789,58.77000045776367,58.529998779296875,58.720001220703125,199380,0.0,0.0
2022-08-24 14:30:00-04:00,58.720001220703125,58.845001220703125,58.619998931884766,58.7400016784668,187715,0.0,0.0
2022-08-24 15:30:00-04:00,58.75,58.81999969482422,58.689998626708984,58.709999084472656,344561,0.0,0.0
2022-08-25 09:30:00-04:00,59.029998779296875,59.14500045776367,58.439998626708984,58.814998626708984,267793,0.0,0.0
2022-08-25 10:30:00-04:00,58.81999969482422,59.209999084472656,58.81999969482422,59.119998931884766,455875,0.0,0.0
2022-08-25 11:30:00-04:00,59.125,59.31999969482422,59.119998931884766,59.28499984741211,136015,0.0,0.0
2022-08-25 12:30:00-04:00,59.290000915527344,59.33000183105469,59.130001068115234,59.27000045776367,131172,0.0,0.0
2022-08-25 13:30:00-04:00,59.279998779296875,59.47999954223633,59.2400016784668,59.439998626708984,147703,0.0,0.0
2022-08-25 14:30:00-04:00,59.43000030517578,59.63999938964844,59.25,59.5099983215332,284444,0.0,0.0
2022-08-25 15:30:00-04:00,59.51499938964844,59.95000076293945,59.439998626708984,59.939998626708984,458597,0.0,0.0
2022-08-26 09:30:00-04:00,60.0,60.11000061035156,59.13999938964844,59.16999816894531,323082,0.0,0.0
2022-08-26 10:30:00-04:00,59.15999984741211,59.20000076293945,58.5099983215332,58.70000076293945,179099,0.0,0.0
2022-08-26 11:30:00-04:00,58.70000076293945,58.77000045776367,58.20000076293945,58.29999923706055,128086,0.0,0.0
2022-08-26 12:30:00-04:00,58.290000915527344,58.34000015258789,58.13999938964844,58.2599983215332,153297,0.0,0.0
2022-08-26 13:30:00-04:00,58.2599983215332,58.2599983215332,57.83000183105469,57.86000061035156,286666,0.0,0.0
2022-08-26 14:30:00-04:00,57.86000061035156,57.88999938964844,57.279998779296875,57.36000061035156,428137,0.0,0.0
2022-08-26 15:30:00-04:00,57.36000061035156,57.3650016784668,57.119998931884766,57.18000030517578,598694,0.0,0.0
2022-08-29 09:30:00-04:00,56.79999923706055,56.9900016784668,56.400001525878906,56.77000045776367,275052,0.0,0.0
2022-08-29 10:30:00-04:00,56.75,56.790000915527344,56.439998626708984,56.599998474121094,253975,0.0,0.0
2022-08-29 11:30:00-04:00,56.58000183105469,56.93000030517578,56.47999954223633,56.84000015258789,174690,0.0,0.0
2022-08-29 12:30:00-04:00,56.834999084472656,57.18000030517578,56.81999969482422,57.040000915527344,116280,0.0,0.0
2022-08-29 13:30:00-04:00,57.040000915527344,57.16999816894531,56.90999984741211,57.130001068115234,188288,0.0,0.0
2022-08-29 14:30:00-04:00,57.130001068115234,57.31999969482422,57.099998474121094,57.130001068115234,157940,0.0,0.0
2022-08-29 15:30:00-04:00,57.130001068115234,57.29999923706055,56.959999084472656,56.9900016784668,368888,0.0,0.0
2022-08-30 09:30:00-04:00,57.189998626708984,57.27000045776367,56.70500183105469,56.75,653450,0.0,0.0
2022-08-30 10:30:00-04:00,56.73500061035156,56.869998931884766,56.400001525878906,56.81999969482422,369828,0.0,0.0
2022-08-30 11:30:00-04:00,56.810001373291016,57.0099983215332,56.779998779296875,56.84000015258789,164847,0.0,0.0
2022-08-30 12:30:00-04:00,56.834999084472656,56.9900016784668,56.75,56.8650016784668,153226,0.0,0.0
2022-08-30 13:30:00-04:00,56.86000061035156,56.915000915527344,56.64580154418945,56.7400016784668,194837,0.0,0.0
2022-08-30 14:30:00-04:00,56.72679901123047,57.0099983215332,56.68000030517578,56.86840057373047,213982,0.0,0.0
2022-08-30 15:30:00-04:00,56.86000061035156,56.959999084472656,56.459999084472656,56.47999954223633,691359,0.0,0.0
2022-08-31 09:30:00-04:00,57.27000045776367,58.88999938964844,56.93199920654297,58.439998626708984,880711,0.0,0.0
2022-08-31 10:30:00-04:00,58.41999816894531,58.619998931884766,57.849998474121094,58.02000045776367,798585,0.0,0.0
2022-08-31 11:30:00-04:00,57.9900016784668,58.02000045776367,57.560001373291016,57.69499969482422,277376,0.0,0.0
2022-08-31 12:30:00-04:00,57.70500183105469,57.83000183105469,57.58000183105469,57.72999954223633,369916,0.0,0.0
2022-08-31 13:30:00-04:00,57.724998474121094,57.880001068115234,57.63999938964844,57.685001373291016,234762,0.0,0.0
2022-08-31 14:30:00-04:00,57.66999816894531,57.84000015258789,57.4900016784668,57.650001525878906,266952,0.0,0.0
2022-08-31 15:30:00-04:00,57.650001525878906,57.685001373291016,57.459999084472656,57.47999954223633,451361,0.0,0.0
2022-09-01 09:30:00-04:00,56.939998626708984,57.20000076293945,56.5,56.529998779296875,412536,0.0,0.0
2022-09-01 10:30:00-04:00,56.55500030517578,57.099998474121094,56.439998626708984,56.900001525878906,399429,0.0,0.0
2022-09-01 11:30:00-04:00,56.89500045776367,57.0,56.619998931884766,56.720001220703125,193804,0.0,0.0
2022-09-01 12:30:00-04:00,56.70000076293945,56.86000061035156,56.47489929199219,56.58000183105469,260694,0.0,0.0
2022-09-01 13:30:00-04:00,56.58000183105469,56.689998626708984,56.22999954223633,56.31999969482422,735789,0.0,0.0
2022-09-01 14:30:00-04:00,56.33000183105469,56.529998779296875,56.13999938964844,56.255001068115234,872344,0.0,0.0
2022-09-01 15:30:00-04:00,56.25,56.790000915527344,56.13999938964844,56.7599983215332,1048064,0.0,0.0
2022-09-02 09:30:00-04:00,57.060001373291016,57.220001220703125,56.209999084472656,56.869998931884766,395406,0.0,0.0
2022-09-02 10:30:00-04:00,56.86000061035156,57.25,56.81999969482422,57.15999984741211,217675,0.0,0.0
2022-09-02 11:30:00-04:00,57.16999816894531,57.349998474121094,56.93000030517578,56.94499969482422,158339,0.0,0.0
2022-09-02 12:30:00-04:00,56.939998626708984,56.970001220703125,56.06999969482422,56.09000015258789,227010,0.0,0.0
2022-09-02 13:30:00-04:00,56.084999084472656,56.209999084472656,55.875,56.09000015258789,219335,0.0,0.0
2022-09-02 14:30:00-04:00,56.06999969482422,56.2400016784668,55.9900016784668,56.119998931884766,373083,0.0,0.0
2022-09-02 15:30:00-04:00,56.11000061035156,56.25,55.91999816894531,56.2400016784668,727419,0.0,0.0
2022-09-06 09:30:00-04:00,56.4900016784668,56.529998779296875,55.1150016784668,55.369998931884766,410010,0.0,0.0
2022-09-06 10:30:00-04:00,55.3849983215332,55.494998931884766,55.060001373291016,55.08000183105469,412739,0.0,0.0
2022-09-06 11:30:00-04:00,55.08000183105469,55.33000183105469,54.7599983215332,54.86320114135742,304244,0.0,0.0
2022-09-06 12:30:00-04:00,54.849998474121094,54.900001525878906,54.45209884643555,54.5885009765625,336581,0.0,0.0
2022-09-06 13:30:00-04:00,54.59000015258789,54.95000076293945,54.59000015258789,54.810001373291016,241207,0.0,0.0
2022-09-06 14:30:00-04:00,54.810001373291016,54.86000061035156,54.56999969482422,54.7400016784668,359122,0.0,0.0
2022-09-06 15:30:00-04:00,54.7400016784668,54.7400016784668,54.52000045776367,54.66999816894531,611804,0.0,0.0
2022-09-07 09:30:00-04:00,54.7599983215332,55.619998931884766,54.505001068115234,55.540000915527344,444737,0.0,0.0
2022-09-07 10:30:00-04:00,55.540000915527344,57.7400016784668,55.540000915527344,57.400001525878906,2004604,0.0,0.0
2022-09-07 11:30:00-04:00,57.38999938964844,57.79999923706055,57.11000061035156,57.7400016784668,329698,0.0,0.0
2022-09-07 12:30:00-04:00,57.75,58.02000045776367,57.650001525878906,58.0,367019,0.0,0.0
2022-09-07 13:30:00-04:00,58.0099983215332,58.810001373291016,57.95000076293945,58.45899963378906,656357,0.0,0.0
2022-09-07 14:30:00-04:00,58.45000076293945,58.88999938964844,58.400001525878906,58.720001220703125,770023,0.0,0.0
2022-09-07 15:30:00-04:00,58.72999954223633,58.88999938964844,58.619998931884766,58.72999954223633,841999,0.0,0.0
2022-09-08 09:30:00-04:00,58.130001068115234,58.79999923706055,58.0,58.564998626708984,1724925,0.0,0.0
2022-09-08 10:30:00-04:00,58.54999923706055,59.099998474121094,58.52000045776367,58.79499816894531,385425,0.0,0.0
2022-09-08 11:30:00-04:00,58.79999923706055,58.93000030517578,58.16999816894531,58.34000015258789,373278,0.0,0.0
2022-09-08 12:30:00-04:00,58.33000183105469,58.8489990234375,58.27000045776367,58.61000061035156,267318,0.0,0.0
2022-09-08 13:30:00-04:00,58.619998931884766,58.75,58.41999816894531,58.630001068115234,276645,0.0,0.0
2022-09-08 14:30:00-04:00,58.625,58.86000061035156,58.33000183105469,58.47990036010742,330265,0.0,0.0
2022-09-08 15:30:00-04:00,58.47999954223633,58.720001220703125,58.400001525878906,58.709999084472656,485503,0.0,0.0
2022-09-09 09:30:00-04:00,58.93000030517578,59.45000076293945,58.68000030517578,59.38999938964844,220540,0.0,0.0
2022-09-09 10:30:00-04:00,59.38999938964844,59.45989990234375,59.150001525878906,59.16999816894531,274200,0.0,0.0
2022-09-09 11:30:00-04:00,59.185001373291016,59.3650016784668,59.15999984741211,59.29499816894531,262561,0.0,0.0
2022-09-09 12:30:00-04:00,59.310001373291016,59.44499969482422,59.220001220703125,59.34000015258789,265382,0.0,0.0
2022-09-09 13:30:00-04:00,59.36000061035156,59.599998474121094,59.36000061035156,59.599998474121094,175310,0.0,0.0
2022-09-09 14:30:00-04:00,59.60499954223633,59.78499984741211,59.529998779296875,59.73899841308594,299734,0.0,0.0
2022-09-09 15:30:00-04:00,59.720001220703125,59.810001373291016,59.5,59.529998779296875,436973,0.0,0.0
2022-09-12 09:30:00-04:00,59.779998779296875,60.209999084472656,59.7327995300293,60.15999984741211,231279,0.0,0.0
2022-09-12 10:30:00-04:00,60.15999984741211,60.369998931884766,60.060001373291016,60.33000183105469,282156,0.0,0.0
2022-09-12 11:30:00-04:00,60.33000183105469,60.38999938964844,59.66999816894531,59.900001525878906,165806,0.0,0.0
2022-09-12 12:30:00-04:00,59.900001525878906,60.18000030517578,59.900001525878906,60.040000915527344,180359,0.0,0.0
2022-09-12 13:30:00-04:00,60.04999923706055,60.11000061035156,59.76499938964844,59.849998474121094,317767,0.0,0.0
2022-09-12 14:30:00-04:00,59.849998474121094,59.93000030517578,59.70000076293945,59.71500015258789,207075,0.0,0.0
2022-09-12 15:30:00-04:00,59.71500015258789,59.81999969482422,59.63999938964844,59.779998779296875,496728,0.0,0.0
2022-09-13 09:30:00-04:00,58.7400016784668,59.165000915527344,58.61000061035156,58.75,225065,0.0,0.0
2022-09-13 10:30:00-04:00,58.755001068115234,59.02000045776367,58.529998779296875,58.88999938964844,189327,0.0,0.0
2022-09-13 11:30:00-04:00,58.869998931884766,58.93000030517578,58.654998779296875,58.7599983215332,139218,0.0,0.0
2022-09-13 12:30:00-04:00,58.7400016784668,59.0,58.67499923706055,59.0,148000,0.0,0.0
2022-09-13 13:30:00-04:00,58.9900016784668,59.0099983215332,58.75,58.75,174556,0.0,0.0
2022-09-13 14:30:00-04:00,58.75,58.75,58.34000015258789,58.349998474121094,234567,0.0,0.0
2022-09-13 15:30:00-04:00,58.36000061035156,58.400001525878906,57.97999954223633,58.13999938964844,622957,0.0,0.0
2022-09-14 09:30:00-04:00,58.29999923706055,58.935001373291016,58.150001525878906,58.3849983215332,866899,0.0,0.0
2022-09-14 10:30:00-04:00,58.375,59.22999954223633,58.369998931884766,59.14500045776367,302234,0.0,0.0
2022-09-14 11:30:00-04:00,59.150001525878906,59.400001525878906,59.02750015258789,59.310001373291016,210702,0.0,0.0
2022-09-14 12:30:00-04:00,59.31999969482422,59.47999954223633,59.16299819946289,59.16999816894531,268415,0.0,0.0
2022-09-14 13:30:00-04:00,59.18000030517578,59.20000076293945,58.93000030517578,59.10499954223633,316617,0.0,0.0
2022-09-14 14:30:00-04:00,59.099998474121094,59.244998931884766,58.81999969482422,58.939998626708984,319862,0.0,0.0
2022-09-14 15:30:00-04:00,58.939998626708984,59.150001525878906,58.75,59.1150016784668,356643,0.0,0.0
2022-09-15 09:30:00-04:00,59.119998931884766,60.33000183105469,59.119998931884766,59.790000915527344,582061,0.0,0.0
2022-09-15 10:30:00-04:00,59.79499816894531,59.90999984741211,59.26499938964844,59.31999969482422,400391,0.0,0.0
2022-09-15 11:30:00-04:00,59.34000015258789,59.41999816894531,58.83000183105469,58.95000076293945,236707,0.0,0.0
2022-09-15 12:30:00-04:00,58.970001220703125,59.45000076293945,58.939998626708984,59.40999984741211,261890,0.0,0.0
2022-09-15 13:30:00-04:00,59.40999984741211,59.46989822387695,58.849998474121094,58.900001525878906,186514,0.0,0.0
2022-09-15 14:30:00-04:00,58.900001525878906,58.93000030517578,58.58000183105469,58.880001068115234,269204,0.0,0.0
2022-09-15 15:30:00-04:00,58.880001068115234,59.04999923706055,58.79999923706055,58.970001220703125,536058,0.0,0.0
2022-09-16 09:30:00-04:00,58.72999954223633,58.72999954223633,58.20000076293945,58.41999816894531,564837,0.0,0.0
2022-09-16 10:30:00-04:00,58.41999816894531,58.82500076293945,58.41999816894531,58.5099983215332,150575,0.0,0.0
2022-09-16 11:30:00-04:00,58.52000045776367,58.59000015258789,58.22999954223633,58.2599983215332,130541,0.0,0.0
2022-09-16 12:30:00-04:00,58.2400016784668,58.4900016784668,58.2400016784668,58.33000183105469,171050,0.0,0.0
2022-09-16 13:30:00-04:00,58.334999084472656,58.529998779296875,58.130001068115234,58.29999923706055,168619,0.0,0.0
2022-09-16 14:30:00-04:00,58.29999923706055,58.59000015258789,58.178199768066406,58.31999969482422,269031,0.0,0.0
2022-09-16 15:30:00-04:00,58.31999969482422,58.38999938964844,58.099998474121094,58.18000030517578,757880,0.0,0.0
2022-09-19 09:30:00-04:00,57.88999938964844,57.970001220703125,56.61000061035156,56.790000915527344,302295,0.0,0.0
2022-09-19 10:30:00-04:00,56.790000915527344,57.52000045776367,56.77000045776367,57.09000015258789,273398,0.0,0.0
2022-09-19 11:30:00-04:00,57.099998474121094,57.540000915527344,57.040000915527344,57.41999816894531,190962,0.0,0.0
2022-09-19 12:30:00-04:00,57.41999816894531,57.84000015258789,57.415000915527344,57.755001068115234,283453,0.0,0.0
2022-09-19 13:30:00-04:00,57.755001068115234,57.900001525878906,57.6349983215332,57.73500061035156,324075,0.0,0.0
2022-09-19 14:30:00-04:00,57.75,58.4900016784668,57.75,58.41630172729492,512588,0.0,0.0
2022-09-19 15:30:00-04:00,58.43000030517578,58.57500076293945,58.380001068115234,58.439998626708984,421164,0.0,0.0
2022-09-20 09:30:00-04:00,58.029998779296875,58.029998779296875,56.59000015258789,56.77000045776367,410452,0.0,0.0
2022-09-20 10:30:00-04:00,56.779998779296875,57.09000015258789,56.61000061035156,56.880001068115234,231828,0.0,0.0
2022-09-20 11:30:00-04:00,56.86000061035156,57.119998931884766,56.720001220703125,56.96500015258789,140399,0.0,0.0
2022-09-20 12:30:00-04:00,56.970001220703125,56.970001220703125,56.529998779296875,56.564998626708984,105404,0.0,0.0
2022-09-20 13:30:00-04:00,56.55379867553711,56.619998931884766,56.31999969482422,56.3849983215332,117943,0.0,0.0
2022-09-20 14:30:00-04:00,56.380001068115234,56.75,56.189998626708984,56.70500183105469,206771,0.0,0.0
2022-09-20 15:30:00-04:00,56.70000076293945,56.849998474121094,56.525001525878906,56.58000183105469,349812,0.0,0.0
2022-09-21 09:30:00-04:00,56.540000915527344,57.09000015258789,56.540000915527344,57.029998779296875,184063,0.0,0.0
2022-09-21 10:30:00-04:00,57.02000045776367,57.02000045776367,56.70000076293945,56.709999084472656,140985,0.0,0.0
2022-09-21 11:30:00-04:00,56.709999084472656,56.75,56.540000915527344,56.59000015258789,133534,0.0,0.0
2022-09-21 12:30:00-04:00,56.59000015258789,56.720001220703125,56.439998626708984,56.51499938964844,169250,0.0,0.0
2022-09-21 13:30:00-04:00,56.529998779296875,56.67499923706055,55.720001220703125,55.93000030517578,229909,0.0,0.0
2022-09-21 14:30:00-04:00,55.93000030517578,57.02000045776367,55.84000015258789,55.91999816894531,320890,0.0,0.0
2022-09-21 15:30:00-04:00,55.90999984741211,55.96440124511719,55.45000076293945,55.459999084472656,411084,0.0,0.0
2022-09-22 09:30:00-04:00,55.220001220703125,55.560001373291016,55.0,55.560001373291016,217758,0.0,0.0
2022-09-22 10:30:00-04:00,55.59000015258789,55.77000045776367,55.369998931884766,55.654998779296875,269585,0.0,0.0
2022-09-22 11:30:00-04:00,55.650001525878906,55.90999984741211,55.529998779296875,55.779998779296875,230943,0.0,0.0
2022-09-22 12:30:00-04:00,55.77000045776367,55.875,55.36000061035156,55.40999984741211,230453,0.0,0.0
2022-09-22 13:30:00-04:00,55.41999816894531,55.560001373291016,55.349998474121094,55.54999923706055,189286,0.0,0.0
2022-09-22 14:30:00-04:00,55.540000915527344,55.9900016784668,55.525001525878906,55.65999984741211,620204,0.0,0.0
2022-09-22 15:30:00-04:00,55.66999816894531,55.7599983215332,55.36000061035156,55.36000061035156,471126,0.0,0.0
2022-09-23 09:30:00-04:00,55.189998626708984,55.58000183105469,55.09000015258789,55.41999816894531,318053,0.0,0.0
2022-09-23 10:30:00-04:00,55.40999984741211,55.45000076293945,55.16999816894531,55.189998626708984,228956,0.0,0.0
2022-09-23 11:30:00-04:00,55.18000030517578,55.224998474121094,54.56999969482422,54.599998474121094,244049,0.0,0.0
2022-09-23 12:30:00-04:00,54.61000061035156,55.040000915527344,54.55500030517578,54.88999938964844,292046,0.0,0.0
2022-09-23 13:30:00-04:00,54.900001525878906,55.04999923706055,54.630001068115234,54.66999816894531,234102,0.0,0.0
2022-09-23 14:30:00-04:00,54.68000030517578,55.15999984741211,54.61000061035156,55.14500045776367,361756,0.0,0.0
2022-09-23 15:30:00-04:00,55.14500045776367,55.459999084472656,55.130001068115234,55.43000030517578,611095,0.0,0.0
2022-09-26 09:30:00-04:00,55.15999984741211,55.489601135253906,54.900001525878906,55.34000015258789,298843,0.0,0.0
2022-09-26 10:30:00-04:00,55.33000183105469,55.33000183105469,54.86000061035156,54.86000061035156,218674,0.0,0.0
2022-09-26 11:30:00-04:00,54.869998931884766,54.970001220703125,54.380001068115234,54.380001068115234,168390,0.0,0.0
2022-09-26 12:30:00-04:00,54.36000061035156,54.40999984741211,53.81999969482422,54.0099983215332,333718,0.0,0.0
2022-09-26 13:30:00-04:00,54.02000045776367,54.540000915527344,54.0099983215332,54.369998931884766,383077,0.0,0.0
2022-09-26 14:30:00-04:00,54.349998474121094,54.86000061035156,54.25,54.7599983215332,311139,0.0,0.0
2022-09-26 15:30:00-04:00,54.75,55.19499969482422,54.66999816894531,54.90999984741211,570450,0.0,0.0
2022-09-27 09:30:00-04:00,55.34000015258789,55.5099983215332,54.86000061035156,55.040000915527344,360044,0.0,0.0
2022-09-27 10:30:00-04:00,55.06999969482422,55.310001373291016,54.619998931884766,54.68000030517578,313719,0.0,0.0
2022-09-27 11:30:00-04:00,54.65999984741211,54.77000045776367,53.779998779296875,54.0099983215332,262953,0.0,0.0
2022-09-27 12:30:00-04:00,53.97999954223633,54.16999816894531,53.849998474121094,54.07500076293945,175115,0.0,0.0
2022-09-27 13:30:00-04:00,54.06999969482422,54.209999084472656,53.92499923706055,54.029998779296875,184123,0.0,0.0
2022-09-27 14:30:00-04:00,54.04999923706055,54.25,54.0,54.04999923706055,317446,0.0,0.0
2022-09-27 15:30:00-04:00,54.040000915527344,54.43000030517578,53.959999084472656,54.29999923706055,578700,0.0,0.0
2022-09-28 09:30:00-04:00,54.869998931884766,55.0099983215332,54.54999923706055,55.0099983215332,399789,0.0,0.0
2022-09-28 10:30:00-04:00,55.005001068115234,55.435001373291016,54.95000076293945,55.150001525878906,275400,0.0,0.0
2022-09-28 11:30:00-04:00,55.150001525878906,55.38999938964844,55.029998779296875,55.26499938964844,306147,0.0,0.0
2022-09-28 12:30:00-04:00,55.27000045776367,55.75,55.27000045776367,55.61000061035156,229688,0.0,0.0
2022-09-28 13:30:00-04:00,55.60499954223633,55.779998779296875,55.439998626708984,55.59000015258789,318235,0.0,0.0
2022-09-28 14:30:00-04:00,55.58000183105469,55.7599983215332,55.45000076293945,55.630001068115234,334301,0.0,0.0
2022-09-28 15:30:00-04:00,55.630001068115234,55.915000915527344,55.4900016784668,55.54999923706055,703647,0.0,0.0
2022-09-29 09:30:00-04:00,55.41999816894531,55.61000061035156,54.68000030517578,54.82500076293945,310057,0.0,0.0
2022-09-29 10:30:00-04:00,54.81999969482422,55.650001525878906,54.7400016784668,55.59000015258789,341129,0.0,0.0
2022-09-29 11:30:00-04:00,55.58000183105469,55.97999954223633,55.349998474121094,55.45000076293945,443569,0.0,0.0
2022-09-29 12:30:00-04:00,55.45000076293945,55.65999984741211,55.40999984741211,55.5,327530,0.0,0.0
2022-09-29 13:30:00-04:00,55.4900016784668,55.65999984741211,55.191001892089844,55.31999969482422,297652,0.0,0.0
2022-09-29 14:30:00-04:00,55.310001373291016,55.380001068115234,55.060001373291016,55.18000030517578,425928,0.0,0.0
2022-09-29 15:30:00-04:00,55.189998626708984,55.44499969482422,55.16999816894531,55.310001373291016,662248,0.0,0.0
2022-09-30 09:30:00-04:00,55.5,55.70000076293945,55.099998474121094,55.361000061035156,398452,0.0,0.0
2022-09-30 10:30:00-04:00,55.380001068115234,55.709999084472656,55.369998931884766,55.44580078125,314030,0.0,0.0
2022-09-30 11:30:00-04:00,55.470001220703125,55.52000045776367,54.88999938964844,54.95000076293945,344182,0.0,0.0
2022-09-30 12:30:00-04:00,54.95000076293945,55.06999969482422,54.72999954223633,54.869998931884766,241432,0.0,0.0
2022-09-30 13:30:00-04:00,54.86000061035156,54.880001068115234,54.40999984741211,54.439998626708984,286763,0.0,0.0
2022-09-30 14:30:00-04:00,54.45000076293945,54.47999954223633,54.029998779296875,54.16999816894531,444167,0.0,0.0
2022-09-30 15:30:00-04:00,54.16999816894531,54.2599983215332,53.849998474121094,53.939998626708984,1035834,0.0,0.0
2022-10-03 09:30:00-04:00,54.25,55.77000045776367,53.810001373291016,55.709999084472656,587522,0.0,0.0
2022-10-03 10:30:00-04:00,55.709999084472656,55.93000030517578,55.32500076293945,55.5,431552,0.0,0.0
2022-10-03 11:30:00-04:00,55.4900016784668,55.58000183105469,55.0,55.005001068115234,216796,0.0,0.0
2022-10-03 12:30:00-04:00,54.970001220703125,55.3650016784668,54.849998474121094,55.290000915527344,209533,0.0,0.0
2022-10-03 13:30:00-04:00,55.29999923706055,55.599998474121094,55.279998779296875,55.540000915527344,199420,0.0,0.0
2022-10-03 14:30:00-04:00,55.540000915527344,55.880001068115234,55.52000045776367,55.779998779296875,286241,0.0,0.0
2022-10-03 15:30:00-04:00,55.77299880981445,55.83000183105469,55.47999954223633,55.58000183105469,490019,0.0,0.0
2022-10-04 09:30:00-04:00,56.16999816894531,57.29999923706055,56.06999969482422,57.04499816894531,535236,0.0,0.0
2022-10-04 10:30:00-04:00,57.040000915527344,57.529998779296875,56.970001220703125,57.41999816894531,529019,0.0,0.0
2022-10-04 11:30:00-04:00,57.42499923706055,57.599998474121094,57.27000045776367,57.59000015258789,218751,0.0,0.0
2022-10-04 12:30:00-04:00,57.58000183105469,57.61000061035156,56.9900016784668,57.194000244140625,170030,0.0,0.0
2022-10-04 13:30:00-04:00,57.19499969482422,57.33000183105469,57.0099983215332,57.02000045776367,237333,0.0,0.0
2022-10-04 14:30:00-04:00,57.0,57.22999954223633,56.915000915527344,57.220001220703125,376811,0.0,0.0
2022-10-04 15:30:00-04:00,57.20000076293945,57.46500015258789,57.042598724365234,57.45000076293945,542137,0.0,0.0
2022-10-05 09:30:00-04:00,56.939998626708984,57.45000076293945,56.720001220703125,56.900001525878906,233121,0.0,0.0
2022-10-05 10:30:00-04:00,56.869998931884766,57.119998931884766,56.7599983215332,57.060001373291016,216425,0.0,0.0
2022-10-05 11:30:00-04:00,57.06999969482422,57.459999084472656,57.02000045776367,57.33000183105469,169505,0.0,0.0
2022-10-05 12:30:00-04:00,57.31999969482422,57.75,57.29999923706055,57.65999984741211,178346,0.0,0.0
2022-10-05 13:30:00-04:00,57.650001525878906,57.849998474121094,57.47999954223633,57.845001220703125,195151,0.0,0.0
2022-10-05 14:30:00-04:00,57.849998474121094,58.22999954223633,57.84000015258789,58.15250015258789,419852,0.0,0.0
2022-10-05 15:30:00-04:00,58.14500045776367,58.189998626708984,57.630001068115234,57.720001220703125,524450,0.0,0.0
2022-10-06 09:30:00-04:00,57.529998779296875,57.70000076293945,56.540000915527344,56.59000015258789,168853,0.0,0.0
2022-10-06 10:30:00-04:00,56.59000015258789,57.06999969482422,56.459999084472656,56.959999084472656,268958,0.0,0.0
2022-10-06 11:30:00-04:00,56.95000076293945,57.02000045776367,56.630001068115234,56.849998474121094,188701,0.0,0.0
2022-10-06 12:30:00-04:00,56.849998474121094,56.939998626708984,56.59000015258789,56.68000030517578,1066608,0.0,0.0
2022-10-06 13:30:00-04:00,56.685001373291016,56.685001373291016,56.209999084472656,56.209999084472656,209196,0.0,0.0
2022-10-06 14:30:00-04:00,56.220001220703125,56.459999084472656,55.959999084472656,56.38999938964844,293209,0.0,0.0
2022-10-06 15:30:00-04:00,56.439998626708984,56.44499969482422,56.20000076293945,56.25,407793,0.0,0.0
2022-10-07 09:30:00-04:00,55.88999938964844,56.11000061035156,55.41999816894531,55.880001068115234,258292,0.0,0.0
2022-10-07 10:30:00-04:00,55.86000061035156,56.13999938964844,55.43000030517578,55.529998779296875,297100,0.0,0.0
2022-10-07 11:30:00-04:00,55.52000045776367,55.84000015258789,55.44499969482422,55.540000915527344,244346,0.0,0.0
2022-10-07 12:30:00-04:00,55.54999923706055,55.66999816894531,55.400001525878906,55.6349983215332,245178,0.0,0.0
2022-10-07 13:30:00-04:00,55.61000061035156,55.61000061035156,55.41999816894531,55.474998474121094,269746,0.0,0.0
2022-10-07 14:30:00-04:00,55.45000076293945,55.54999923706055,55.2599983215332,55.279998779296875,312073,0.0,0.0
2022-10-07 15:30:00-04:00,55.33000183105469,55.70000076293945,55.27000045776367,55.650001525878906,607180,0.0,0.0
2022-10-10 09:30:00-04:00,55.880001068115234,56.0,55.130001068115234,55.470001220703125,320511,0.0,0.0
2022-10-10 10:30:00-04:00,55.45000076293945,55.529998779296875,55.040000915527344,55.04999923706055,218351,0.0,0.0
2022-10-10 11:30:00-04:00,55.04999923706055,55.189998626708984,54.75,54.79750061035156,147764,0.0,0.0
2022-10-10 12:30:00-04:00,54.79999923706055,54.90999984741211,54.52040100097656,54.880001068115234,133739,0.0,0.0
2022-10-10 13:30:00-04:00,54.88999938964844,55.31999969482422,54.80500030517578,55.06999969482422,246158,0.0,0.0
2022-10-10 14:30:00-04:00,55.064998626708984,55.34000015258789,54.9900016784668,55.209999084472656,164096,0.0,0.0
2022-10-10 15:30:00-04:00,55.20000076293945,55.29999923706055,54.970001220703125,54.9900016784668,365251,0.0,0.0
2022-10-11 09:30:00-04:00,54.90999984741211,55.119998931884766,54.4900016784668,55.09000015258789,205120,0.0,0.0
2022-10-11 10:30:00-04:00,55.099998474121094,55.75,55.08000183105469,55.68000030517578,322500,0.0,0.0
2022-10-11 11:30:00-04:00,55.709999084472656,55.97999954223633,55.56999969482422,55.939998626708984,200960,0.0,0.0
2022-10-11 12:30:00-04:00,55.970001220703125,56.034000396728516,55.70000076293945,55.810001373291016,215990,0.0,0.0
2022-10-11 13:30:00-04:00,55.79999923706055,55.9900016784668,55.72999954223633,55.88999938964844,168543,0.0,0.0
2022-10-11 14:30:00-04:00,55.8849983215332,56.15999984741211,55.560001373291016,55.78499984741211,749847,0.0,0.0
2022-10-11 15:30:00-04:00,55.790000915527344,55.900001525878906,55.689998626708984,55.79999923706055,497639,0.0,0.0
2022-10-12 09:30:00-04:00,55.63999938964844,55.63999938964844,55.150001525878906,55.540000915527344,409555,0.0,0.0
2022-10-12 10:30:00-04:00,55.540000915527344,55.55500030517578,55.22999954223633,55.279998779296875,259495,0.0,0.0
2022-10-12 11:30:00-04:00,55.290000915527344,55.59000015258789,55.290000915527344,55.525001525878906,218496,0.0,0.0
2022-10-12 12:30:00-04:00,55.525001525878906,55.540000915527344,55.04999923706055,55.06999969482422,168737,0.0,0.0
2022-10-12 13:30:00-04:00,55.08000183105469,55.16999816894531,54.86000061035156,55.119998931884766,207317,0.0,0.0
2022-10-12 14:30:00-04:00,55.119998931884766,55.36000061035156,55.0629997253418,55.20000076293945,359136,0.0,0.0
2022-10-12 15:30:00-04:00,55.20000076293945,55.279998779296875,54.959999084472656,54.9900016784668,447377,0.0,0.0
2022-10-13 09:30:00-04:00,54.29999923706055,54.63999938964844,53.849998474121094,54.349998474121094,378279,0.0,0.0
2022-10-13 10:30:00-04:00,54.349998474121094,55.595001220703125,54.314998626708984,55.25,377501,0.0,0.0
2022-10-13 11:30:00-04:00,55.25,55.779998779296875,55.18000030517578,55.290000915527344,496853,0.0,0.0
2022-10-13 12:30:00-04:00,55.290000915527344,56.119998931884766,55.244998931884766,56.09000015258789,248829,0.0,0.0
2022-10-13 13:30:00-04:00,56.099998474121094,56.40999984741211,56.02000045776367,56.06999969482422,256615,0.0,0.0
2022-10-13 14:30:00-04:00,56.08000183105469,56.369998931884766,56.040000915527344,56.119998931884766,352692,0.0,0.0
2022-10-13 15:30:00-04:00,56.119998931884766,56.209999084472656,55.959999084472656,56.06999969482422,803557,0.0,0.0
2022-10-14 09:30:00-04:00,56.41999816894531,56.75,55.43000030517578,55.529998779296875,498406,0.0,0.0
2022-10-14 10:30:00-04:00,55.4900016784668,55.79499816894531,54.9900016784668,55.189998626708984,349318,0.0,0.0
2022-10-14 11:30:00-04:00,55.16999816894531,55.18000030517578,54.779998779296875,54.91999816894531,348097,0.0,0.0
2022-10-14 12:30:00-04:00,54.93000030517578,55.005001068115234,54.595001220703125,54.70000076293945,263766,0.0,0.0
2022-10-14 13:30:00-04:00,54.70000076293945,54.900001525878906,54.625,54.665000915527344,478014,0.0,0.0
2022-10-14 14:30:00-04:00,54.65999984741211,54.7400016784668,54.41999816894531,54.68000030517578,548224,0.0,0.0
2022-10-14 15:30:00-04:00,54.68000030517578,54.849998474121094,54.400001525878906,54.540000915527344,992470,0.0,0.0
2022-10-17 09:30:00-04:00,55.2599983215332,55.55500030517578,54.880001068115234,55.2400016784668,603218,0.0,0.0
2022-10-17 10:30:00-04:00,55.25,55.33000183105469,54.869998931884766,55.16999816894531,537460,0.0,0.0
2022-10-17 11:30:00-04:00,55.16999816894531,55.869998931884766,55.11000061035156,55.720001220703125,831568,0.0,0.0
2022-10-17 12:30:00-04:00,55.709999084472656,55.709999084472656,55.349998474121094,55.369998931884766,265255,0.0,0.0
2022-10-17 13:30:00-04:00,55.369998931884766,55.5,55.209999084472656,55.380001068115234,654040,0.0,0.0
2022-10-17 14:30:00-04:00,55.380001068115234,55.435001373291016,55.09000015258789,55.20000076293945,357521,0.0,0.0
2022-10-17 15:30:00-04:00,55.20000076293945,55.38999938964844,55.189998626708984,55.25,943479,0.0,0.0
2022-10-18 09:30:00-04:00,56.630001068115234,56.810001373291016,56.13999938964844,56.18000030517578,403536,0.0,0.0
2022-10-18 10:30:00-04:00,56.19499969482422,56.45000076293945,56.029998779296875,56.189998626708984,533334,0.0,0.0
2022-10-18 11:30:00-04:00,56.20000076293945,56.20000076293945,55.81999969482422,55.95000076293945,212724,0.0,0.0
2022-10-18 12:30:00-04:00,55.91999816894531,56.06999969482422,55.720001220703125,55.83000183105469,206869,0.0,0.0
2022-10-18 13:30:00-04:00,55.83000183105469,56.130001068115234,55.779998779296875,56.03499984741211,505810,0.0,0.0
2022-10-18 14:30:00-04:00,56.040000915527344,56.060001373291016,55.45000076293945,55.630001068115234,1009848,0.0,0.0
2022-10-18 15:30:00-04:00,55.619998931884766,55.79999923706055,55.52000045776367,55.599998474121094,987995,0.0,0.0
2022-10-19 09:30:00-04:00,55.400001525878906,56.47999954223633,55.33000183105469,56.22999954223633,790249,0.0,0.0
2022-10-19 10:30:00-04:00,56.22999954223633,56.27000045776367,55.5099983215332,55.54999923706055,1586483,0.0,0.0
2022-10-19 11:30:00-04:00,55.54999923706055,55.55500030517578,54.689998626708984,54.790000915527344,520249,0.0,0.0
2022-10-19 12:30:00-04:00,54.79999923706055,55.06999969482422,54.65999984741211,54.83000183105469,602978,0.0,0.0
2022-10-19 13:30:00-04:00,54.83000183105469,55.029998779296875,54.529998779296875,55.029998779296875,270845,0.0,0.0
2022-10-19 14:30:00-04:00,55.029998779296875,55.119998931884766,54.779998779296875,54.9900016784668,1064731,0.0,0.0
2022-10-19 15:30:00-04:00,55.0,55.34000015258789,54.915000915527344,55.310001373291016,1071495,0.0,0.0
2022-10-20 09:30:00-04:00,55.619998931884766,56.34000015258789,55.28499984741211,56.224998474121094,636685,0.0,0.0
2022-10-20 10:30:00-04:00,56.2400016784668,56.2599983215332,55.7599983215332,55.84000015258789,883980,0.0,0.0
2022-10-20 11:30:00-04:00,55.84000015258789,55.91999816894531,55.279998779296875,55.36000061035156,281949,0.0,0.0
2022-10-20 12:30:00-04:00,55.349998474121094,55.41999816894531,55.165000915527344,55.29999923706055,312183,0.0,0.0
2022-10-20 13:30:00-04:00,55.310001373291016,55.3650016784668,54.959999084472656,55.029998779296875,330562,0.0,0.0
2022-10-20 14:30:00-04:00,55.029998779296875,55.11000061035156,54.88819885253906,54.9900016784668,450241,0.0,0.0
2022-10-20 15:30:00-04:00,54.9900016784668,55.209999084472656,54.970001220703125,55.0,590598,0.0,0.0
2022-10-21 09:30:00-04:00,54.900001525878906,55.540000915527344,54.32500076293945,55.119998931884766,448176,0.0,0.0
2022-10-21 10:30:00-04:00,55.11000061035156,55.40999984741211,54.9900016784668,55.220001220703125,411479,0.0,0.0
2022-10-21 11:30:00-04:00,55.22999954223633,55.56999969482422,55.02000045776367,55.34000015258789,814026,0.0,0.0
2022-10-21 12:30:00-04:00,55.34000015258789,55.93000030517578,55.33000183105469,55.869998931884766,344477,0.0,0.0
2022-10-21 13:30:00-04:00,55.880001068115234,56.08000183105469,55.849998474121094,55.994998931884766,409281,0.0,0.0
2022-10-21 14:30:00-04:00,55.994998931884766,56.36000061035156,55.93000030517578,56.36000061035156,503564,0.0,0.0
2022-10-21 15:30:00-04:00,56.349998474121094,56.540000915527344,56.310001373291016,56.41999816894531,1130010,0.0,0.0
2022-10-24 09:30:00-04:00,56.91999816894531,57.279998779296875,56.470001220703125,56.91999816894531,714822,0.0,0.0
2022-10-24 10:30:00-04:00,56.900001525878906,57.33000183105469,56.77000045776367,57.06999969482422,842049,0.0,0.0
2022-10-24 11:30:00-04:00,57.06999969482422,57.08000183105469,56.5099983215332,56.51599884033203,381155,0.0,0.0
2022-10-24 12:30:00-04:00,56.51499938964844,56.56999969482422,56.2400016784668,56.40999984741211,198056,0.0,0.0
2022-10-24 13:30:00-04:00,56.40999984741211,56.40999984741211,56.18000030517578,56.38999938964844,290720,0.0,0.0
2022-10-24 14:30:00-04:00,56.38999938964844,56.470001220703125,56.27000045776367,56.34000015258789,280909,0.0,0.0
2022-10-24 15:30:00-04:00,56.34000015258789,56.529998779296875,56.29999923706055,56.45500183105469,637064,0.0,0.0
2022-10-25 09:30:00-04:00,56.189998626708984,56.7400016784668,55.959999084472656,56.72999954223633,843545,0.0,0.0
2022-10-25 10:30:00-04:00,56.72999954223633,56.76499938964844,56.400001525878906,56.54999923706055,675944,0.0,0.0
2022-10-25 11:30:00-04:00,56.54999923706055,56.61000061035156,56.28499984741211,56.51499938964844,249050,0.0,0.0
2022-10-25 12:30:00-04:00,56.51499938964844,56.540000915527344,56.314998626708984,56.47999954223633,269234,0.0,0.0
2022-10-25 13:30:00-04:00,56.4900016784668,56.904998779296875,56.470001220703125,56.54999923706055,474820,0.0,0.0
2022-10-25 14:30:00-04:00,56.54999923706055,57.029998779296875,56.53499984741211,56.939998626708984,692979,0.0,0.0
2022-10-25 15:30:00-04:00,56.939998626708984,57.20000076293945,56.93000030517578,57.11000061035156,930400,0.0,0.0
2022-10-26 09:30:00-04:00,57.47999954223633,58.119998931884766,57.09000015258789,57.98500061035156,858333,0.0,0.0
2022-10-26 10:30:00-04:00,57.90999984741211,58.040000915527344,57.66999816894531,57.939998626708984,789221,0.0,0.0
2022-10-26 11:30:00-04:00,57.939998626708984,58.025001525878906,57.84000015258789,58.0,311226,0.0,0.0
2022-10-26 12:30:00-04:00,58.0,58.099998474121094,57.83000183105469,57.8650016784668,303171,0.0,0.0
2022-10-26 13:30:00-04:00,57.86000061035156,57.9900016784668,57.599998474121094,57.654998779296875,560812,0.0,0.0
2022-10-26 14:30:00-04:00,57.650001525878906,57.849998474121094,57.59000015258789,57.7599983215332,532796,0.0,0.0
2022-10-26 15:30:00-04:00,57.7599983215332,57.83000183105469,57.52000045776367,57.619998931884766,1100245,0.0,0.0
2022-10-27 09:30:00-04:00,57.45000076293945,57.619998931884766,54.599998474121094,54.900001525878906,1533102,0.0,0.0
2022-10-27 10:30:00-04:00,54.915000915527344,55.03379821777344,54.25,54.564998626708984,1530271,0.0,0.0
2022-10-27 11:30:00-04:00,54.564998626708984,54.59000015258789,53.810001373291016,54.130001068115234,914169,0.0,0.0
2022-10-27 12:30:00-04:00,54.099998474121094,54.29999923706055,53.824100494384766,54.125,605581,0.0,0.0
2022-10-27 13:30:00-04:00,54.119998931884766,54.150001525878906,53.56999969482422,53.619998931884766,517526,0.0,0.0
2022-10-27 14:30:00-04:00,53.630001068115234,54.099998474121094,53.619998931884766,54.060001373291016,942840,0.0,0.0
2022-10-27 15:30:00-04:00,54.060001373291016,54.310001373291016,53.86000061035156,53.97999954223633,2040902,0.0,0.0
2022-10-28 09:30:00-04:00,53.599998474121094,55.630001068115234,53.599998474121094,54.9900016784668,1634700,0.0,0.0
2022-10-28 10:30:00-04:00,55.0,55.619998931884766,54.97999954223633,55.02000045776367,659107,0.0,0.0
2022-10-28 11:30:00-04:00,55.029998779296875,55.209999084472656,54.95000076293945,55.060001373291016,376846,0.0,0.0
2022-10-28 12:30:00-04:00,55.060001373291016,55.2692985534668,55.02000045776367,55.1349983215332,647630,0.0,0.0
2022-10-28 13:30:00-04:00,55.1349983215332,55.25,54.93000030517578,54.959999084472656,536257,0.0,0.0
2022-10-28 14:30:00-04:00,54.96500015258789,55.119998931884766,54.880001068115234,55.025001525878906,778290,0.0,0.0
2022-10-28 15:30:00-04:00,55.02000045776367,55.08000183105469,54.91999816894531,54.9900016784668,1283644,0.0,0.0
2022-10-31 09:30:00-04:00,54.959999084472656,55.04999923706055,54.22999954223633,54.40999984741211,805280,0.0,0.0
2022-10-31 10:30:00-04:00,54.415000915527344,54.66999816894531,54.33000183105469,54.529998779296875,431683,0.0,0.0
2022-10-31 11:30:00-04:00,54.529998779296875,54.685001373291016,54.470001220703125,54.529998779296875,386850,0.0,0.0
2022-10-31 12:30:00-04:00,54.5099983215332,54.58000183105469,54.3650016784668,54.56999969482422,314835,0.0,0.0
2022-10-31 13:30:00-04:00,54.560001373291016,54.599998474121094,54.369998931884766,54.400001525878906,381582,0.0,0.0
2022-10-31 14:30:00-04:00,54.400001525878906,54.59000015258789,54.130001068115234,54.400001525878906,559871,0.0,0.0
2022-10-31 15:30:00-04:00,54.38999938964844,54.52000045776367,54.29999923706055,54.349998474121094,905831,0.0,0.0
2022-11-01 09:30:00-04:00,54.689998626708984,54.970001220703125,54.31999969482422,54.630001068115234,497115,0.0,0.0
2022-11-01 10:30:00-04:00,54.619998931884766,54.68000030517578,53.709999084472656,53.900001525878906,515776,0.0,0.0
2022-11-01 11:30:00-04:00,53.88999938964844,54.15999984741211,53.709999084472656,54.099998474121094,294088,0.0,0.0
2022-11-01 12:30:00-04:00,54.130001068115234,54.38999938964844,54.09000015258789,54.22999954223633,280013,0.0,0.0
2022-11-01 13:30:00-04:00,54.23500061035156,54.35499954223633,54.084999084472656,54.165000915527344,294103,0.0,0.0
2022-11-01 14:30:00-04:00,54.16999816894531,54.23500061035156,53.970001220703125,53.974998474121094,450768,0.0,0.0
2022-11-01 15:30:00-04:00,53.974998474121094,54.04499816894531,53.7400016784668,53.77000045776367,695067,0.0,0.0
2022-11-02 09:30:00-04:00,53.47999954223633,53.584999084472656,52.91999816894531,53.380001068115234,489388,0.0,0.0
2022-11-02 10:30:00-04:00,53.38999938964844,53.560001373291016,53.23500061035156,53.45600128173828,402251,0.0,0.0
2022-11-02 11:30:00-04:00,53.45000076293945,53.689998626708984,53.43000030517578,53.45500183105469,215316,0.0,0.0
2022-11-02 12:30:00-04:00,53.45000076293945,53.4906005859375,53.279998779296875,53.430999755859375,191536,0.0,0.0
2022-11-02 13:30:00-04:00,53.439998626708984,53.95000076293945,53.36000061035156,53.869998931884766,336234,0.0,0.0
2022-11-02 14:30:00-04:00,53.88999938964844,53.97999954223633,52.45000076293945,52.564998626708984,760928,0.0,0.0
2022-11-02 15:30:00-04:00,52.54999923706055,52.54999923706055,51.90999984741211,51.91999816894531,963353,0.0,0.0
2022-11-03 09:30:00-04:00,51.40999984741211,51.40999984741211,50.5,50.790000915527344,644116,0.0,0.0
2022-11-03 10:30:00-04:00,50.779998779296875,50.994998931884766,50.52000045776367,50.58000183105469,323056,0.0,0.0
2022-11-03 11:30:00-04:00,50.58000183105469,50.78499984741211,50.43000030517578,50.75,330726,0.0,0.0
2022-11-03 12:30:00-04:00,50.7400016784668,50.849998474121094,50.61000061035156,50.75,201894,0.0,0.0
2022-11-03 13:30:00-04:00,50.744998931884766,50.970001220703125,50.709999084472656,50.95000076293945,396502,0.0,0.0
2022-11-03 14:30:00-04:00,50.94499969482422,51.025001525878906,50.775001525878906,50.79999923706055,377164,0.0,0.0
2022-11-03 15:30:00-04:00,50.79999923706055,50.95000076293945,50.42499923706055,50.459999084472656,574653,0.0,0.0
2022-11-04 09:30:00-04:00,50.77000045776367,50.79999923706055,49.83000183105469,50.665000915527344,347422,0.0,0.0
2022-11-04 10:30:00-04:00,50.584999084472656,50.95500183105469,50.52000045776367,50.52000045776367,401747,0.0,0.0
2022-11-04 11:30:00-04:00,50.529998779296875,50.625,50.05500030517578,50.2599983215332,332243,0.0,0.0
2022-11-04 12:30:00-04:00,50.2400016784668,50.31999969482422,50.099998474121094,50.18000030517578,527469,0.0,0.0
2022-11-04 13:30:00-04:00,50.185001373291016,50.43000030517578,50.185001373291016,50.400001525878906,518517,0.0,0.0
2022-11-04 14:30:00-04:00,50.4099006652832,50.560001373291016,50.290000915527344,50.4900016784668,480214,0.0,0.0
2022-11-04 15:30:00-04:00,50.4900016784668,50.630001068115234,50.40999984741211,50.599998474121094,829231,0.0,0.0
2022-11-07 09:30:00-05:00,50.79999923706055,51.86000061035156,50.66999816894531,50.75,748830,0.0,0.0
2022-11-07 10:30:00-05:00,50.755001068115234,50.970001220703125,50.689998626708984,50.86000061035156,316449,0.0,0.0
2022-11-07 11:30:00-05:00,50.869998931884766,51.0,50.64500045776367,51.0,259345,0.0,0.0
2022-11-07 12:30:00-05:00,51.005001068115234,51.630001068115234,50.92499923706055,51.5,902619,0.0,0.0
2022-11-07 13:30:00-05:00,51.5099983215332,52.18000030517578,51.380001068115234,51.72999954223633,574198,0.0,0.0
2022-11-07 14:30:00-05:00,51.75,52.130001068115234,51.650001525878906,52.02000045776367,544618,0.0,0.0
2022-11-07 15:30:00-05:00,52.016998291015625,52.349998474121094,52.01499938964844,52.32500076293945,675912,0.0,0.0
2022-11-08 09:30:00-05:00,52.27000045776367,52.47999954223633,51.0099983215332,52.459999084472656,987237,0.0,0.0
2022-11-08 10:30:00-05:00,52.47999954223633,53.09000015258789,52.36000061035156,53.06999969482422,457543,0.0,0.0
2022-11-08 11:30:00-05:00,53.060001373291016,53.255001068115234,52.97999954223633,53.025001525878906,319988,0.0,0.0
2022-11-08 12:30:00-05:00,53.02000045776367,53.040000915527344,52.470001220703125,52.4900016784668,430891,0.0,0.0
2022-11-08 13:30:00-05:00,52.47999954223633,52.65999984741211,52.28499984741211,52.28499984741211,418777,0.0,0.0
2022-11-08 14:30:00-05:00,52.279998779296875,52.849998474121094,52.18000030517578,52.790000915527344,553963,0.0,0.0
2022-11-08 15:30:00-05:00,52.790000915527344,52.9900016784668,52.63999938964844,52.66999816894531,994387,0.0,0.0
2022-11-09 09:30:00-05:00,52.810001373291016,53.060001373291016,52.25,52.73500061035156,468018,0.0,0.0
2022-11-09 10:30:00-05:00,52.720001220703125,52.73500061035156,52.349998474121094,52.61000061035156,281089,0.0,0.0
2022-11-09 11:30:00-05:00,52.59000015258789,52.755001068115234,52.45000076293945,52.58000183105469,197837,0.0,0.0
2022-11-09 12:30:00-05:00,52.58000183105469,52.63999938964844,52.22999954223633,52.22999954223633,182105,0.0,0.0
2022-11-09 13:30:00-05:00,52.236900329589844,52.34000015258789,52.18000030517578,52.27000045776367,315062,0.0,0.0
2022-11-09 14:30:00-05:00,52.27000045776367,52.349998474121094,51.95000076293945,51.95500183105469,727039,0.0,0.0
2022-11-09 15:30:00-05:00,51.95500183105469,52.0,51.630001068115234,51.65999984741211,680333,0.0,0.0
2022-11-10 09:30:00-05:00,53.34000015258789,53.560001373291016,52.91999816894531,53.040000915527344,536733,0.0,0.0
2022-11-10 10:30:00-05:00,53.040000915527344,53.2599983215332,52.8849983215332,53.130001068115234,1622609,0.0,0.0
2022-11-10 11:30:00-05:00,53.130001068115234,53.459999084472656,53.11000061035156,53.349998474121094,690854,0.0,0.0
2022-11-10 12:30:00-05:00,53.349998474121094,53.60900115966797,53.150001525878906,53.60900115966797,466638,0.0,0.0
2022-11-10 13:30:00-05:00,53.599998474121094,54.119998931884766,53.58000183105469,53.97999954223633,542282,0.0,0.0
2022-11-10 14:30:00-05:00,53.970001220703125,53.970001220703125,53.72999954223633,53.80500030517578,464466,0.0,0.0
2022-11-10 15:30:00-05:00,53.810001373291016,53.834999084472656,53.619998931884766,53.70000076293945,845920,0.0,0.0
2022-11-11 09:30:00-05:00,53.970001220703125,54.43000030517578,53.79999923706055,53.939998626708984,2050952,0.0,0.0
2022-11-11 10:30:00-05:00,53.94499969482422,54.43000030517578,53.90999984741211,54.244998931884766,1444358,0.0,0.0
2022-11-11 11:30:00-05:00,54.220001220703125,54.529998779296875,54.029998779296875,54.459999084472656,1225456,0.0,0.0
2022-11-11 12:30:00-05:00,54.459999084472656,54.79999923706055,54.450801849365234,54.755001068115234,518919,0.0,0.0
2022-11-11 13:30:00-05:00,54.755001068115234,55.09000015258789,54.599998474121094,54.970001220703125,1744546,0.0,0.0
2022-11-11 14:30:00-05:00,54.97999954223633,55.18000030517578,54.86000061035156,54.98500061035156,1348049,0.0,0.0
2022-11-11 15:30:00-05:00,54.98899841308594,55.130001068115234,54.810001373291016,54.869998931884766,1319659,0.0,0.0
2022-11-14 09:30:00-05:00,54.86000061035156,55.04999923706055,54.43000030517578,54.869998931884766,1080261,0.0,0.0
2022-11-14 10:30:00-05:00,54.880001068115234,54.95000076293945,53.880001068115234,53.97999954223633,384933,0.0,0.0
2022-11-14 11:30:00-05:00,53.96860122680664,54.23500061035156,53.630001068115234,53.79999923706055,324078,0.0,0.0
2022-11-14 12:30:00-05:00,53.7599983215332,54.15999984741211,53.65999984741211,54.13999938964844,258326,0.0,0.0
2022-11-14 13:30:00-05:00,54.13999938964844,54.209999084472656,53.959999084472656,54.06990051269531,288551,0.0,0.0
2022-11-14 14:30:00-05:00,54.060001373291016,54.060001373291016,53.63999938964844,53.76499938964844,382664,0.0,0.0
2022-11-14 15:30:00-05:00,53.7599983215332,53.90999984741211,53.65999984741211,53.68000030517578,720673,0.0,0.0
2022-11-15 09:30:00-05:00,54.029998779296875,54.880001068115234,53.810001373291016,54.58000183105469,784906,0.0,0.0
2022-11-15 10:30:00-05:00,54.56019973754883,54.77000045776367,54.38999938964844,54.4900016784668,432972,0.0,0.0
2022-11-15 11:30:00-05:00,54.5,54.709999084472656,54.2599983215332,54.2599983215332,258768,0.0,0.0
2022-11-15 12:30:00-05:00,54.25,54.59000015258789,53.869998931884766,53.90999984741211,478678,0.0,0.0
2022-11-15 13:30:00-05:00,53.90999984741211,54.22999954223633,53.65999984741211,54.16999816894531,581899,0.0,0.0
2022-11-15 14:30:00-05:00,54.18000030517578,54.470001220703125,54.09000015258789,54.34000015258789,572770,0.0,0.0
2022-11-15 15:30:00-05:00,54.349998474121094,54.39500045776367,54.220001220703125,54.33000183105469,579067,0.0,0.0
2022-11-16 09:30:00-05:00,54.560001373291016,55.61000061035156,54.560001373291016,54.66999816894531,1364158,0.0,0.0
2022-11-16 10:30:00-05:00,54.665000915527344,55.279998779296875,54.65999984741211,55.21929931640625,845793,0.0,0.0
2022-11-16 11:30:00-05:00,55.21500015258789,55.380001068115234,54.939998626708984,55.04499816894531,678905,0.0,0.0
2022-11-16 12:30:00-05:00,55.04999923706055,55.107601165771484,54.84000015258789,54.93000030517578,303419,0.0,0.0
2022-11-16 13:30:00-05:00,54.935001373291016,54.96500015258789,54.63999938964844,54.8130989074707,609101,0.0,0.0
2022-11-16 14:30:00-05:00,54.81999969482422,55.14500045776367,54.720001220703125,54.900001525878906,814383,0.0,0.0
2022-11-16 15:30:00-05:00,54.900001525878906,55.03499984741211,54.814998626708984,54.939998626708984,841619,0.0,0.0
2022-11-17 09:30:00-05:00,54.279998779296875,54.41999816894531,53.70000076293945,54.125,747835,0.0,0.0
2022-11-17 10:30:00-05:00,54.11000061035156,54.22999954223633,53.88999938964844,53.96500015258789,320292,0.0,0.0
2022-11-17 11:30:00-05:00,53.959999084472656,54.310001373291016,53.939998626708984,54.29999923706055,401862,0.0,0.0
2022-11-17 12:30:00-05:00,54.29999923706055,54.529998779296875,54.189998626708984,54.5,453095,0.0,0.0
2022-11-17 13:30:00-05:00,54.5,54.584999084472656,54.18000030517578,54.31999969482422,479367,0.0,0.0
2022-11-17 14:30:00-05:00,54.310001373291016,54.36000061035156,54.04999923706055,54.2599983215332,658518,0.0,0.0
2022-11-17 15:30:00-05:00,54.2599983215332,54.35499954223633,54.20000076293945,54.290000915527344,1211450,0.0,0.0
2022-11-18 09:30:00-05:00,55.0,55.290000915527344,54.810001373291016,54.970001220703125,764329,0.0,0.0
2022-11-18 10:30:00-05:00,54.970001220703125,55.060001373291016,54.560001373291016,54.77000045776367,425248,0.0,0.0
2022-11-18 11:30:00-05:00,54.77000045776367,54.970001220703125,54.52000045776367,54.71500015258789,358401,0.0,0.0
2022-11-18 12:30:00-05:00,54.70000076293945,54.79999923706055,54.599998474121094,54.79499816894531,203129,0.0,0.0
2022-11-18 13:30:00-05:00,54.79499816894531,54.900001525878906,54.57500076293945,54.7599983215332,256380,0.0,0.0
2022-11-18 14:30:00-05:00,54.7599983215332,54.959999084472656,54.689998626708984,54.95500183105469,364279,0.0,0.0
2022-11-18 15:30:00-05:00,54.959999084472656,55.040000915527344,54.790000915527344,55.0,1453435,0.0,0.0
2022-11-21 09:30:00-05:00,55.029998779296875,56.125,55.029998779296875,56.060001373291016,436844,0.0,0.0
2022-11-21 10:30:00-05:00,56.060001373291016,56.5099983215332,56.04999923706055,56.36000061035156,428000,0.0,0.0
2022-11-21 11:30:00-05:00,56.369998931884766,56.415000915527344,55.939998626708984,56.04999923706055,206528,0.0,0.0
2022-11-21 12:30:00-05:00,56.04499816894531,56.2400016784668,55.96609878540039,56.11000061035156,234037,0.0,0.0
2022-11-21 13:30:00-05:00,56.119998931884766,56.279998779296875,55.974998474121094,56.16999816894531,261544,0.0,0.0
2022-11-21 14:30:00-05:00,56.16999816894531,56.220001220703125,55.75,55.79999923706055,257240,0.0,0.0
2022-11-21 15:30:00-05:00,55.790000915527344,55.959999084472656,55.77000045776367,55.84000015258789,336760,0.0,0.0
2022-11-22 09:30:00-05:00,55.83000183105469,55.84000015258789,54.7599983215332,55.29999923706055,385437,0.0,0.0
2022-11-22 10:30:00-05:00,55.310001373291016,55.34000015258789,54.81999969482422,55.09000015258789,305340,0.0,0.0
2022-11-22 11:30:00-05:00,55.09000015258789,55.27000045776367,55.04999923706055,55.11000061035156,245590,0.0,0.0
2022-11-22 12:30:00-05:00,55.119998931884766,55.43000030517578,55.09000015258789,55.369998931884766,448118,0.0,0.0
2022-11-22 13:30:00-05:00,55.369998931884766,55.5099983215332,55.22999954223633,55.380001068115234,268186,0.0,0.0
2022-11-22 14:30:00-05:00,55.36000061035156,55.65999984741211,55.34000015258789,55.5,282311,0.0,0.0
2022-11-22 15:30:00-05:00,55.494998931884766,55.529998779296875,55.21500015258789,55.29999923706055,845441,0.0,0.0
2022-11-23 09:30:00-05:00,55.38999938964844,55.72999954223633,55.31999969482422,55.70500183105469,270429,0.0,0.0
2022-11-23 10:30:00-05:00,55.709999084472656,56.18000030517578,55.709999084472656,56.09000015258789,828293,0.0,0.0
2022-11-23 11:30:00-05:00,56.099998474121094,56.369998931884766,55.7599983215332,56.03499984741211,853945,0.0,0.0
2022-11-23 12:30:00-05:00,56.040000915527344,56.10499954223633,55.59000015258789,55.68000030517578,192993,0.0,0.0
2022-11-23 13:30:00-05:00,55.68000030517578,56.279998779296875,55.68000030517578,56.220001220703125,276304,0.0,0.0
2022-11-23 14:30:00-05:00,56.220001220703125,56.375,56.0099983215332,56.36000061035156,250109,0.0,0.0
2022-11-23 15:30:00-05:00,56.369998931884766,56.459999084472656,56.2599983215332,56.279998779296875,377521,0.0,0.0
2022-11-25 09:30:00-05:00,56.459999084472656,56.72999954223633,55.70000076293945,55.900001525878906,749417,0.0,0.0
2022-11-25 10:30:00-05:00,55.89500045776367,56.14500045776367,55.8650016784668,56.07500076293945,482791,0.0,0.0
2022-11-25 11:30:00-05:00,56.07500076293945,56.130001068115234,55.915000915527344,56.08000183105469,314192,0.0,0.0
2022-11-28 09:30:00-05:00,55.70000076293945,56.029998779296875,55.279998779296875,55.650001525878906,1220069,0.0,0.0
2022-11-28 10:30:00-05:00,55.650001525878906,55.689998626708984,55.31999969482422,55.439998626708984,471198,0.0,0.0
2022-11-28 11:30:00-05:00,55.45000076293945,55.4900016784668,55.20000076293945,55.27000045776367,261900,0.0,0.0
2022-11-28 12:30:00-05:00,55.27000045776367,55.38999938964844,55.099998474121094,55.255001068115234,261704,0.0,0.0
2022-11-28 13:30:00-05:00,55.2599983215332,55.319000244140625,55.11000061035156,55.28499984741211,318329,0.0,0.0
2022-11-28 14:30:00-05:00,55.29999923706055,55.310001373291016,55.02000045776367,55.102901458740234,373720,0.0,0.0
2022-11-28 15:30:00-05:00,55.10499954223633,55.22999954223633,55.04999923706055,55.16999816894531,680682,0.0,0.0
2022-11-29 09:30:00-05:00,55.0099983215332,55.43000030517578,54.720001220703125,55.18000030517578,424621,0.0,0.0
2022-11-29 10:30:00-05:00,55.18000030517578,55.86000061035156,55.18000030517578,55.5099983215332,709484,0.0,0.0
2022-11-29 11:30:00-05:00,55.5,55.72999954223633,55.43000030517578,55.70000076293945,276192,0.0,0.0
2022-11-29 12:30:00-05:00,55.689998626708984,55.84000015258789,55.22999954223633,55.2400016784668,487187,0.0,0.0
2022-11-29 13:30:00-05:00,55.2400016784668,55.7599983215332,55.209999084472656,55.51499938964844,519249,0.0,0.0
2022-11-29 14:30:00-05:00,55.5099983215332,55.540000915527344,55.23500061035156,55.275001525878906,347878,0.0,0.0
2022-11-29 15:30:00-05:00,55.27000045776367,55.349998474121094,55.16999816894531,55.31999969482422,779001,0.0,0.0
2022-11-30 09:30:00-05:00,55.47999954223633,55.939998626708984,55.279998779296875,55.36000061035156,295585,0.0,0.0
2022-11-30 10:30:00-05:00,55.369998931884766,55.474998474121094,55.099998474121094,55.189998626708984,446112,0.0,0.0
2022-11-30 11:30:00-05:00,55.19499969482422,55.41999816894531,54.939998626708984,54.94029998779297,339406,0.0,0.0
2022-11-30 12:30:00-05:00,54.94499969482422,55.05500030517578,54.88999938964844,54.98030090332031,197188,0.0,0.0
2022-11-30 13:30:00-05:00,54.97999954223633,55.869998931884766,54.93000030517578,55.7400016784668,373229,0.0,0.0
2022-11-30 14:30:00-05:00,55.7400016784668,56.20000076293945,55.650001525878906,56.15999984741211,599628,0.0,0.0
2022-11-30 15:30:00-05:00,56.15999984741211,56.54999923706055,56.125,56.540000915527344,1121709,0.0,0.0
2022-12-01 09:30:00-05:00,56.5,56.83000183105469,56.029998779296875,56.279998779296875,839232,0.0,0.0
2022-12-01 10:30:00-05:00,56.279998779296875,56.7599983215332,56.099998474121094,56.7400016784668,641702,0.0,0.0
2022-12-01 11:30:00-05:00,56.7400016784668,56.91999816894531,56.33000183105469,56.599998474121094,526597,0.0,0.0
2022-12-01 12:30:00-05:00,56.599998474121094,56.709999084472656,56.41999816894531,56.5099983215332,575295,0.0,0.0
2022-12-01 13:30:00-05:00,56.52000045776367,56.529998779296875,53.65999984741211,53.869998931884766,3097606,0.0,0.0
2022-12-01 14:30:00-05:00,53.849998474121094,54.0,52.7599983215332,52.939998626708984,1529881,0.0,0.0
2022-12-01 15:30:00-05:00,52.939998626708984,53.16999816894531,52.29999923706055,52.380001068115234,2879190,0.0,0.0
2022-12-02 09:30:00-05:00,51.880001068115234,52.869998931884766,51.779998779296875,52.470001220703125,1513984,0.0,0.0
2022-12-02 10:30:00-05:00,52.47999954223633,53.2400016784668,52.33000183105469,53.13999938964844,971856,0.0,0.0
2022-12-02 11:30:00-05:00,53.13999938964844,53.61000061035156,53.04999923706055,53.279998779296875,573509,0.0,0.0
2022-12-02 12:30:00-05:00,53.28499984741211,53.34000015258789,52.96500015258789,53.04499816894531,494824,0.0,0.0
2022-12-02 13:30:00-05:00,53.04499816894531,53.27000045776367,52.939998626708984,53.02000045776367,741524,0.0,0.0
2022-12-02 14:30:00-05:00,53.02000045776367,53.25,52.939998626708984,53.01499938964844,1018464,0.0,0.0
2022-12-02 15:30:00-05:00,53.0099983215332,53.25,52.77000045776367,53.209999084472656,1343075,0.0,0.0
2022-12-05 09:30:00-05:00,52.779998779296875,52.97999954223633,51.80009841918945,51.939998626708984,560723,0.0,0.0
2022-12-05 10:30:00-05:00,51.959999084472656,52.470001220703125,51.880001068115234,51.939998626708984,585953,0.0,0.0
2022-12-05 11:30:00-05:00,51.939998626708984,52.08000183105469,51.46500015258789,51.5,684395,0.0,0.0
2022-12-05 12:30:00-05:00,51.494998931884766,51.63999938964844,51.27000045776367,51.43000030517578,446350,0.0,0.0
2022-12-05 13:30:00-05:00,51.435001373291016,51.70000076293945,51.27000045776367,51.69499969482422,627032,0.0,0.0
2022-12-05 14:30:00-05:00,51.69499969482422,51.88999938964844,51.23500061035156,51.25,686914,0.0,0.0
2022-12-05 15:30:00-05:00,51.244998931884766,51.3849983215332,51.130001068115234,51.279998779296875,832680,0.0,0.0
2022-12-06 09:30:00-05:00,51.0,51.869998931884766,50.97999954223633,51.36000061035156,1146987,0.0,0.0
2022-12-06 10:30:00-05:00,51.36000061035156,51.45000076293945,51.0,51.22999954223633,514896,0.0,0.0
2022-12-06 11:30:00-05:00,51.22999954223633,51.38290023803711,51.08000183105469,51.1349983215332,341180,0.0,0.0
2022-12-06 12:30:00-05:00,51.130001068115234,51.18000030517578,50.875,50.939998626708984,383655,0.0,0.0
2022-12-06 13:30:00-05:00,50.935001373291016,51.25,50.92499923706055,51.18000030517578,330120,0.0,0.0
2022-12-06 14:30:00-05:00,51.15999984741211,51.279998779296875,50.9900016784668,51.19499969482422,516373,0.0,0.0
2022-12-06 15:30:00-05:00,51.19499969482422,51.529998779296875,51.19499969482422,51.5,1026086,0.0,0.0
2022-12-07 09:30:00-05:00,51.47999954223633,52.0,51.33000183105469,51.82500076293945,1620109,0.0,0.0
2022-12-07 10:30:00-05:00,51.81999969482422,51.90999984741211,51.5,51.720001220703125,380371,0.0,0.0
2022-12-07 11:30:00-05:00,51.720001220703125,52.15999984741211,51.63999938964844,52.130001068115234,403045,0.0,0.0
2022-12-07 12:30:00-05:00,52.150001525878906,52.70000076293945,52.13999938964844,52.66999816894531,488646,0.0,0.0
2022-12-07 13:30:00-05:00,52.66999816894531,52.77000045776367,52.35499954223633,52.36000061035156,403325,0.0,0.0
2022-12-07 14:30:00-05:00,52.36000061035156,52.46500015258789,52.27000045776367,52.33000183105469,453182,0.0,0.0
2022-12-07 15:30:00-05:00,52.33000183105469,52.400001525878906,52.17499923706055,52.349998474121094,699759,0.0,0.0
2022-12-08 09:30:00-05:00,52.43000030517578,52.79999923706055,52.099998474121094,52.54499816894531,484504,0.0,0.0
2022-12-08 10:30:00-05:00,52.54999923706055,52.974998474121094,52.540000915527344,52.83000183105469,448318,0.0,0.0
2022-12-08 11:30:00-05:00,52.81999969482422,53.154998779296875,52.81999969482422,53.0,460854,0.0,0.0
2022-12-08 12:30:00-05:00,53.005001068115234,53.04999923706055,52.54999923706055,52.7599983215332,286745,0.0,0.0
2022-12-08 13:30:00-05:00,52.77000045776367,52.900001525878906,52.400001525878906,52.459999084472656,228234,0.0,0.0
2022-12-08 14:30:00-05:00,52.45000076293945,52.67499923706055,52.415000915527344,52.619998931884766,335045,0.0,0.0
2022-12-08 15:30:00-05:00,52.6150016784668,52.65999984741211,52.46900177001953,52.630001068115234,496839,0.0,0.0
2022-12-09 09:30:00-05:00,52.439998626708984,53.099998474121094,52.33000183105469,52.64500045776367,1359558,0.0,0.0
2022-12-09 10:30:00-05:00,52.64500045776367,53.004398345947266,52.59000015258789,52.810001373291016,377011,0.0,0.0
2022-12-09 11:30:00-05:00,52.810001373291016,53.040000915527344,52.720001220703125,52.939998626708984,322284,0.0,0.0
2022-12-09 12:30:00-05:00,52.95000076293945,53.0099983215332,52.630001068115234,52.849998474121094,285420,0.0,0.0
2022-12-09 13:30:00-05:00,52.84000015258789,53.029998779296875,52.560001373291016,52.65999984741211,458010,0.0,0.0
2022-12-09 14:30:00-05:00,52.65250015258789,52.74599838256836,52.38999938964844,52.467498779296875,572258,0.0,0.0
2022-12-09 15:30:00-05:00,52.459999084472656,52.470001220703125,52.2599983215332,52.36000061035156,673987,0.0,0.0
2022-12-12 09:30:00-05:00,52.220001220703125,52.685001373291016,51.77000045776367,52.23500061035156,570127,0.0,0.0
2022-12-12 10:30:00-05:00,52.2400016784668,52.6349983215332,52.04999923706055,52.630001068115234,641535,0.0,0.0
2022-12-12 11:30:00-05:00,52.619998931884766,52.66999816894531,52.27000045776367,52.375,346745,0.0,0.0
2022-12-12 12:30:00-05:00,52.369998931884766,52.4900016784668,52.220001220703125,52.310001373291016,277627,0.0,0.0
2022-12-12 13:30:00-05:00,52.310001373291016,52.41999816894531,52.290000915527344,52.369998931884766,295812,0.0,0.0
2022-12-12 14:30:00-05:00,52.369998931884766,52.529998779296875,52.16999816894531,52.459999084472656,422346,0.0,0.0
2022-12-12 15:30:00-05:00,52.46500015258789,52.650001525878906,52.46500015258789,52.619998931884766,662584,0.0,0.0
2022-12-13 09:30:00-05:00,53.630001068115234,53.79999923706055,52.7599983215332,52.810001373291016,692337,0.0,0.0
2022-12-13 10:30:00-05:00,52.810001373291016,53.0,52.5099983215332,52.9900016784668,500209,0.0,0.0
2022-12-13 11:30:00-05:00,52.9900016784668,53.150001525878906,52.560001373291016,52.90999984741211,506208,0.0,0.0
2022-12-13 12:30:00-05:00,52.90999984741211,53.20000076293945,52.70000076293945,53.150001525878906,382240,0.0,0.0
2022-12-13 13:30:00-05:00,53.15999984741211,53.22999954223633,52.95000076293945,53.08000183105469,453028,0.0,0.0
2022-12-13 14:30:00-05:00,53.060001373291016,53.36000061035156,52.95000076293945,53.279998779296875,538858,0.0,0.0
2022-12-13 15:30:00-05:00,53.28499984741211,53.44499969482422,53.165000915527344,53.16999816894531,647429,0.0,0.0
2022-12-14 09:30:00-05:00,52.97999954223633,53.27000045776367,52.65999984741211,53.04999923706055,837397,0.0,0.0
2022-12-14 10:30:00-05:00,53.064998626708984,53.15999984741211,52.88999938964844,53.09000015258789,384215,0.0,0.0
2022-12-14 11:30:00-05:00,53.09000015258789,53.130001068115234,52.810001373291016,53.0,353144,0.0,0.0
2022-12-14 12:30:00-05:00,53.005001068115234,53.279998779296875,52.95000076293945,52.9900016784668,635374,0.0,0.0
2022-12-14 13:30:00-05:00,53.0,53.349998474121094,52.5,52.599998474121094,811238,0.0,0.0
2022-12-14 14:30:00-05:00,52.599998474121094,52.84000015258789,52.125,52.19499969482422,684156,0.0,0.0
2022-12-14 15:30:00-05:00,52.18000030517578,52.369998931884766,52.064998626708984,52.31999969482422,795510,0.0,0.0
2022-12-15 09:30:00-05:00,50.900001525878906,51.4900016784668,50.13999938964844,50.20000076293945,750181,0.0,0.0
2022-12-15 10:30:00-05:00,50.189998626708984,50.41999816894531,49.95000076293945,50.10499954223633,796729,0.0,0.0
2022-12-15 11:30:00-05:00,50.119998931884766,50.2400016784668,49.91999816894531,50.22999954223633,542069,0.0,0.0
2022-12-15 12:30:00-05:00,50.224998474121094,50.72999954223633,50.1775016784668,50.70000076293945,535515,0.0,0.0
2022-12-15 13:30:00-05:00,50.70000076293945,50.900001525878906,50.654998779296875,50.720001220703125,582044,0.0,0.0
2022-12-15 14:30:00-05:00,50.720001220703125,50.72999954223633,50.40999984741211,50.559898376464844,711544,0.0,0.0
2022-12-15 15:30:00-05:00,50.560001373291016,50.81999969482422,50.470001220703125,50.810001373291016,1146443,0.0,0.0
2022-12-16 09:30:00-05:00,50.400001525878906,50.869998931884766,50.36249923706055,50.44499969482422,1383824,0.0,0.0
2022-12-16 10:30:00-05:00,50.43000030517578,50.459999084472656,49.959999084472656,50.0,623062,0.0,0.0
2022-12-16 11:30:00-05:00,50.01499938964844,50.2400016784668,49.70500183105469,49.75,502084,0.0,0.0
2022-12-16 12:30:00-05:00,49.75,49.84000015258789,49.470001220703125,49.720001220703125,417464,0.0,0.0
2022-12-16 13:30:00-05:00,49.720001220703125,49.869998931884766,49.50550079345703,49.709999084472656,441357,0.0,0.0
2022-12-16 14:30:00-05:00,49.70000076293945,49.790000915527344,49.584999084472656,49.755001068115234,621384,0.0,0.0
2022-12-16 15:30:00-05:00,49.75270080566406,49.86000061035156,49.500999450683594,49.70000076293945,1147674,0.0,0.0
2022-12-19 09:30:00-05:00,49.0,50.029998779296875,49.0,50.029998779296875,588211,0.0,0.0
2022-12-19 10:30:00-05:00,50.04999923706055,50.06999969482422,49.709999084472656,49.9900016784668,553656,0.0,0.0
2022-12-19 11:30:00-05:00,49.97999954223633,50.189998626708984,49.86000061035156,50.13999938964844,411772,0.0,0.0
2022-12-19 12:30:00-05:00,50.150001525878906,50.275001525878906,50.04999923706055,50.09000015258789,371791,0.0,0.0
2022-12-19 13:30:00-05:00,50.095001220703125,50.130001068115234,49.810001373291016,49.83000183105469,368412,0.0,0.0
2022-12-19 14:30:00-05:00,49.810001373291016,49.97999954223633,49.7599983215332,49.935001373291016,443161,0.0,0.0
2022-12-19 15:30:00-05:00,49.935001373291016,50.040000915527344,49.84000015258789,49.95000076293945,714733,0.0,0.0
2022-12-20 09:30:00-05:00,49.849998474121094,50.130001068115234,49.59000015258789,50.06999969482422,912905,0.0,0.0
2022-12-20 10:30:00-05:00,50.08000183105469,50.28499984741211,49.76499938964844,49.82500076293945,464979,0.0,0.0
2022-12-20 11:30:00-05:00,49.82500076293945,50.130001068115234,49.79999923706055,49.974998474121094,525315,0.0,0.0
2022-12-20 12:30:00-05:00,49.974998474121094,50.18000030517578,49.849998474121094,50.0,531774,0.0,0.0
2022-12-20 13:30:00-05:00,50.0099983215332,50.349998474121094,49.97999954223633,50.20000076293945,509183,0.0,0.0
2022-12-20 14:30:00-05:00,50.20970153808594,50.2599983215332,49.9900016784668,50.10499954223633,2008187,0.0,0.0
2022-12-20 15:30:00-05:00,50.10499954223633,50.16999816894531,49.88999938964844,49.959999084472656,773678,0.0,0.0
2022-12-21 09:30:00-05:00,50.06999969482422,50.29999923706055,49.900001525878906,50.130001068115234,581886,0.0,0.0
2022-12-21 10:30:00-05:00,50.13999938964844,50.310001373291016,50.040000915527344,50.13999938964844,391172,0.0,0.0
2022-12-21 11:30:00-05:00,50.13999938964844,50.17499923706055,49.900001525878906,49.939998626708984,307190,0.0,0.0
2022-12-21 12:30:00-05:00,49.935001373291016,50.150001525878906,49.81999969482422,50.08000183105469,239346,0.0,0.0
2022-12-21 13:30:00-05:00,50.09000015258789,50.369998931884766,50.06999969482422,50.18000030517578,252905,0.0,0.0
2022-12-21 14:30:00-05:00,50.165000915527344,50.224998474121094,50.01100158691406,50.019901275634766,394873,0.0,0.0
2022-12-21 15:30:00-05:00,50.02000045776367,50.349998474121094,50.02000045776367,50.33000183105469,498976,0.0,0.0
2022-12-22 09:30:00-05:00,50.13999938964844,50.38999938964844,50.02000045776367,50.04499816894531,350171,0.0,0.0
2022-12-22 10:30:00-05:00,50.040000915527344,50.125,49.775001525878906,49.787899017333984,262482,0.0,0.0
2022-12-22 11:30:00-05:00,49.78499984741211,49.83000183105469,49.45000076293945,49.46500015258789,182706,0.0,0.0
2022-12-22 12:30:00-05:00,49.459999084472656,49.48500061035156,49.09000015258789,49.119998931884766,370682,0.0,0.0
2022-12-22 13:30:00-05:00,49.11000061035156,49.51499938964844,49.01300048828125,49.5099983215332,435341,0.0,0.0
2022-12-22 14:30:00-05:00,49.5,49.869998931884766,49.47999954223633,49.8650016784668,392496,0.0,0.0
2022-12-22 15:30:00-05:00,49.869998931884766,50.20000076293945,49.849998474121094,50.150001525878906,609665,0.0,0.0
2022-12-23 09:30:00-05:00,49.959999084472656,50.209999084472656,49.53499984741211,49.95399856567383,302066,0.0,0.0
2022-12-23 10:30:00-05:00,49.970001220703125,50.209999084472656,49.86000061035156,49.974998474121094,245680,0.0,0.0
2022-12-23 11:30:00-05:00,49.994998931884766,50.15999984741211,49.959999084472656,50.06999969482422,167955,0.0,0.0
2022-12-23 12:30:00-05:00,50.07500076293945,50.150001525878906,49.9900016784668,50.040000915527344,149159,0.0,0.0
2022-12-23 13:30:00-05:00,50.040000915527344,50.06999969482422,49.849998474121094,49.91299819946289,175796,0.0,0.0
2022-12-23 14:30:00-05:00,49.91999816894531,50.06999969482422,49.915000915527344,49.95000076293945,212103,0.0,0.0
2022-12-23 15:30:00-05:00,49.95009994506836,50.20000076293945,49.90999984741211,50.16999816894531,336341,0.0,0.0
2022-12-27 09:30:00-05:00,50.150001525878906,50.31999969482422,49.540000915527344,50.15999984741211,300927,0.0,0.0
2022-12-27 10:30:00-05:00,50.150001525878906,50.56999969482422,50.114601135253906,50.56999969482422,194707,0.0,0.0
2022-12-27 11:30:00-05:00,50.56999969482422,50.869998931884766,50.529998779296875,50.7400016784668,256600,0.0,0.0
2022-12-27 12:30:00-05:00,50.75,50.93000030517578,50.7400016784668,50.775001525878906,239997,0.0,0.0
2022-12-27 13:30:00-05:00,50.77000045776367,50.779998779296875,50.654998779296875,50.654998779296875,219359,0.0,0.0
2022-12-27 14:30:00-05:00,50.654998779296875,50.83000183105469,50.619998931884766,50.77000045776367,311526,0.0,0.0
2022-12-27 15:30:00-05:00,50.775001525878906,51.02000045776367,50.77000045776367,50.84000015258789,638317,0.0,0.0
2022-12-28 09:30:00-05:00,51.060001373291016,51.69499969482422,51.040000915527344,51.27000045776367,439066,0.0,0.0
2022-12-28 10:30:00-05:00,51.279998779296875,51.31999969482422,50.790000915527344,50.83000183105469,283209,0.0,0.0
2022-12-28 11:30:00-05:00,50.834999084472656,50.834999084472656,50.33000183105469,50.380001068115234,216895,0.0,0.0
2022-12-28 12:30:00-05:00,50.369998931884766,50.869998931884766,50.369998931884766,50.689998626708984,224833,0.0,0.0
2022-12-28 13:30:00-05:00,50.689998626708984,50.75,50.54999923706055,50.630001068115234,188217,0.0,0.0
2022-12-28 14:30:00-05:00,50.625,50.71500015258789,50.334999084472656,50.38999938964844,265875,0.0,0.0
2022-12-28 15:30:00-05:00,50.38999938964844,50.45000076293945,50.279998779296875,50.34000015258789,360231,0.0,0.0
2022-12-29 09:30:00-05:00,50.720001220703125,51.02000045776367,50.627498626708984,50.95800018310547,304649,0.0,0.0
2022-12-29 10:30:00-05:00,50.95500183105469,51.099998474121094,50.94499969482422,51.060001373291016,201095,0.0,0.0
2022-12-29 11:30:00-05:00,51.06999969482422,51.36000061035156,51.06999969482422,51.290000915527344,181556,0.0,0.0
2022-12-29 12:30:00-05:00,51.279998779296875,51.34000015258789,51.189998626708984,51.2599983215332,201339,0.0,0.0
2022-12-29 13:30:00-05:00,51.25,51.439998626708984,51.13999938964844,51.15999984741211,192355,0.0,0.0
2022-12-29 14:30:00-05:00,51.154998779296875,51.2400016784668,51.04999923706055,51.060001373291016,276474,0.0,0.0
2022-12-29 15:30:00-05:00,51.06999969482422,51.16999816894531,51.06100082397461,51.119998931884766,237475,0.0,0.0
2022-12-30 09:30:00-05:00,50.810001373291016,50.95000076293945,50.45000076293945,50.709999084472656,167351,0.0,0.0
2022-12-30 10:30:00-05:00,50.720001220703125,50.7599983215332,50.52000045776367,50.5620002746582,190968,0.0,0.0
2022-12-30 11:30:00-05:00,50.560001373291016,50.7400016784668,50.52000045776367,50.72999954223633,132593,0.0,0.0
2022-12-30 12:30:00-05:00,50.7400016784668,50.779998779296875,50.44499969482422,50.560001373291016,143574,0.0,0.0
2022-12-30 13:30:00-05:00,50.54999923706055,50.68000030517578,50.50979995727539,50.619998931884766,159690,0.0,0.0
2022-12-30 14:30:00-05:00,50.619998931884766,50.900001525878906,50.58000183105469,50.86000061035156,191603,0.0,0.0
2022-12-30 15:30:00-05:00,50.849998474121094,51.040000915527344,50.83000183105469,50.970001220703125,434035,0.0,0.0
2023-01-03 09:30:00-05:00,50.400001525878906,51.36000061035156,50.400001525878906,51.04499816894531,429594,0.0,0.0
2023-01-03 10:30:00-05:00,51.04499816894531,51.05799865722656,50.18000030517578,50.40999984741211,531772,0.0,0.0
2023-01-03 11:30:00-05:00,50.38999938964844,50.400001525878906,50.130001068115234,50.189998626708984,197417,0.0,0.0
2023-01-03 12:30:00-05:00,50.189998626708984,50.33000183105469,50.11000061035156,50.28499984741211,207787,0.0,0.0
2023-01-03 13:30:00-05:00,50.27000045776367,50.65999984741211,50.209999084472656,50.43000030517578,191489,0.0,0.0
2023-01-03 14:30:00-05:00,50.41999816894531,50.79999923706055,50.32500076293945,50.77000045776367,247849,0.0,0.0
2023-01-03 15:30:00-05:00,50.77000045776367,51.060001373291016,50.7599983215332,51.029998779296875,387046,0.0,0.0
2023-01-04 09:30:00-05:00,51.61000061035156,51.8849983215332,51.5,51.70000076293945,455425,0.0,0.0
2023-01-04 10:30:00-05:00,51.70000076293945,52.34000015258789,51.654998779296875,52.27000045776367,426173,0.0,0.0
2023-01-04 11:30:00-05:00,52.27000045776367,52.5,52.13999938964844,52.150001525878906,297542,0.0,0.0
2023-01-04 12:30:00-05:00,52.13999938964844,52.34000015258789,52.00170135498047,52.310001373291016,329151,0.0,0.0
2023-01-04 13:30:00-05:00,52.310001373291016,52.404998779296875,51.75,51.790000915527344,410073,0.0,0.0
2023-01-04 14:30:00-05:00,51.790000915527344,52.18000030517578,51.77000045776367,52.1150016784668,301199,0.0,0.0
2023-01-04 15:30:00-05:00,52.11000061035156,52.349998474121094,51.970001220703125,52.33000183105469,524124,0.0,0.0
2023-01-05 09:30:00-05:00,51.83000183105469,53.08000183105469,51.83000183105469,52.69499969482422,756147,0.0,0.0
2023-01-05 10:30:00-05:00,52.689998626708984,53.119998931884766,52.61000061035156,52.79999923706055,551880,0.0,0.0
2023-01-05 11:30:00-05:00,52.79999923706055,53.09000015258789,52.65999984741211,52.81999969482422,281517,0.0,0.0
2023-01-05 12:30:00-05:00,52.81999969482422,52.970001220703125,52.63999938964844,52.869998931884766,192174,0.0,0.0
2023-01-05 13:30:00-05:00,52.880001068115234,52.994998931884766,52.63999938964844,52.65999984741211,231920,0.0,0.0
2023-01-05 14:30:00-05:00,52.65999984741211,52.880001068115234,52.540000915527344,52.69499969482422,300919,0.0,0.0
2023-01-05 15:30:00-05:00,52.69499969482422,52.78499984741211,52.540000915527344,52.56999969482422,416170,0.0,0.0
2023-01-06 09:30:00-05:00,50.0,50.380001068115234,47.86000061035156,49.23500061035156,3101776,0.0,0.0
2023-01-06 10:30:00-05:00,49.25,49.9827995300293,49.22999954223633,49.91999816894531,1535807,0.0,0.0
2023-01-06 11:30:00-05:00,49.91999816894531,50.209999084472656,49.54999923706055,49.724998474121094,1528434,0.0,0.0
2023-01-06 12:30:00-05:00,49.72999954223633,49.88999938964844,49.099998474121094,49.099998474121094,547704,0.0,0.0
2023-01-06 13:30:00-05:00,49.099998474121094,49.34000015258789,48.779998779296875,48.970001220703125,1241008,0.0,0.0
2023-01-06 14:30:00-05:00,48.970001220703125,49.029998779296875,48.71500015258789,48.970001220703125,1034597,0.0,0.0
2023-01-06 15:30:00-05:00,48.974998474121094,49.005001068115234,48.40999984741211,48.459999084472656,1287107,0.0,0.0
2023-01-09 09:30:00-05:00,47.599998474121094,47.95000076293945,45.16999816894531,45.50299835205078,3438756,0.0,0.0
2023-01-09 10:30:00-05:00,45.47309875488281,46.23500061035156,45.459999084472656,45.7599983215332,1674643,0.0,0.0
2023-01-09 11:30:00-05:00,45.775001525878906,45.939998626708984,44.77000045776367,44.810001373291016,2175188,0.0,0.0
2023-01-09 12:30:00-05:00,44.810001373291016,45.18000030517578,44.470001220703125,45.04499816894531,1987206,0.0,0.0
2023-01-09 13:30:00-05:00,45.04999923706055,45.09000015258789,44.54999923706055,44.70000076293945,1205042,0.0,0.0
2023-01-09 14:30:00-05:00,44.709999084472656,44.86000061035156,44.47999954223633,44.619998931884766,1096435,0.0,0.0
2023-01-09 15:30:00-05:00,44.630001068115234,44.790000915527344,44.4900016784668,44.70000076293945,1465152,0.0,0.0
2023-01-10 09:30:00-05:00,45.31999969482422,45.66999816894531,45.02000045776367,45.59000015258789,1099202,0.0,0.0
2023-01-10 10:30:00-05:00,45.595001220703125,46.35499954223633,45.45000076293945,46.27000045776367,1035306,0.0,0.0
2023-01-10 11:30:00-05:00,46.27000045776367,46.41999816894531,45.5181999206543,45.52899932861328,551736,0.0,0.0
2023-01-10 12:30:00-05:00,45.52000045776367,46.0,45.51499938964844,45.78499984741211,424177,0.0,0.0
2023-01-10 13:30:00-05:00,45.78499984741211,45.84000015258789,45.209999084472656,45.38999938964844,675073,0.0,0.0
2023-01-10 14:30:00-05:00,45.380001068115234,45.540000915527344,45.209999084472656,45.53499984741211,686861,0.0,0.0
2023-01-10 15:30:00-05:00,45.53499984741211,45.7599983215332,45.47129821777344,45.7400016784668,744849,0.0,0.0
2023-01-11 09:30:00-05:00,45.93000030517578,46.0,45.279998779296875,45.84749984741211,901056,0.0,0.0
2023-01-11 10:30:00-05:00,45.86000061035156,45.900001525878906,45.29999923706055,45.426998138427734,540709,0.0,0.0
2023-01-11 11:30:00-05:00,45.439998626708984,45.72999954223633,45.27000045776367,45.720001220703125,458569,0.0,0.0
2023-01-11 12:30:00-05:00,45.72999954223633,45.779998779296875,45.5,45.59880065917969,367290,0.0,0.0
2023-01-11 13:30:00-05:00,45.599998474121094,45.61000061035156,45.369998931884766,45.529998779296875,712743,0.0,0.0
2023-01-11 14:30:00-05:00,45.55400085449219,45.619998931884766,45.45000076293945,45.494998931884766,713773,0.0,0.0
2023-01-11 15:30:00-05:00,45.4900016784668,45.512001037597656,45.279998779296875,45.43000030517578,1050230,0.0,0.0
2023-01-12 09:30:00-05:00,45.38999938964844,45.63999938964844,44.7400016784668,44.977500915527344,1086933,0.0,0.0
2023-01-12 10:30:00-05:00,44.974998474121094,45.18000030517578,44.867000579833984,45.06999969482422,970705,0.0,0.0
2023-01-12 11:30:00-05:00,45.060001373291016,45.29999923706055,44.95500183105469,45.16999816894531,1085999,0.0,0.0
2023-01-12 12:30:00-05:00,45.16999816894531,45.31999969482422,45.09000015258789,45.09000015258789,1662727,0.0,0.0
2023-01-12 13:30:00-05:00,45.08000183105469,45.40999984741211,45.005001068115234,45.33000183105469,1057130,0.0,0.0
2023-01-12 14:30:00-05:00,45.31999969482422,45.5,45.20000076293945,45.220001220703125,669673,0.0,0.0
2023-01-12 15:30:00-05:00,45.224998474121094,45.25,44.959999084472656,45.099998474121094,1454671,0.0,0.0
2023-01-13 09:30:00-05:00,44.970001220703125,45.060001373291016,44.66999816894531,44.820899963378906,1026795,0.0,0.0
2023-01-13 10:30:00-05:00,44.82500076293945,44.904998779296875,44.33000183105469,44.849998474121094,1463529,0.0,0.0
2023-01-13 11:30:00-05:00,44.849998474121094,44.974998474121094,44.7400016784668,44.910099029541016,522045,0.0,0.0
2023-01-13 12:30:00-05:00,44.91999816894531,45.0,44.79999923706055,44.80500030517578,427770,0.0,0.0
2023-01-13 13:30:00-05:00,44.80500030517578,44.999000549316406,44.79999923706055,44.86000061035156,481689,0.0,0.0
2023-01-13 14:30:00-05:00,44.86899948120117,45.029998779296875,44.77000045776367,44.85499954223633,682838,0.0,0.0
2023-01-13 15:30:00-05:00,44.86000061035156,44.8849983215332,44.755001068115234,44.83000183105469,1139644,0.0,0.0
2023-01-17 09:30:00-05:00,45.029998779296875,45.1150016784668,44.41999816894531,44.470001220703125,1007831,0.0,0.0
2023-01-17 10:30:00-05:00,44.470001220703125,44.542598724365234,44.22999954223633,44.375,939362,0.0,0.0
2023-01-17 11:30:00-05:00,44.375,44.58000183105469,44.33000183105469,44.45000076293945,752246,0.0,0.0
2023-01-17 12:30:00-05:00,44.45500183105469,44.810001373291016,44.41999816894531,44.77000045776367,666961,0.0,0.0
2023-01-17 13:30:00-05:00,44.77000045776367,44.939998626708984,44.709999084472656,44.880001068115234,596207,0.0,0.0
2023-01-17 14:30:00-05:00,44.875,45.099998474121094,44.79999923706055,44.810001373291016,748045,0.0,0.0
2023-01-17 15:30:00-05:00,44.80500030517578,44.82500076293945,44.625,44.7400016784668,994294,0.0,0.0
2023-01-18 09:30:00-05:00,44.79999923706055,44.97999954223633,44.41999816894531,44.6349983215332,1384852,0.0,0.0
2023-01-18 10:30:00-05:00,44.63999938964844,44.810001373291016,44.130001068115234,44.165000915527344,760695,0.0,0.0
2023-01-18 11:30:00-05:00,44.15999984741211,44.27000045776367,43.91999816894531,44.040000915527344,764748,0.0,0.0
2023-01-18 12:30:00-05:00,44.04990005493164,44.25,43.92150115966797,44.15999984741211,814209,0.0,0.0
2023-01-18 13:30:00-05:00,44.15999984741211,44.36909866333008,44.06999969482422,44.18000030517578,636271,0.0,0.0
2023-01-18 14:30:00-05:00,44.185001373291016,44.30739974975586,44.099998474121094,44.16899871826172,1084358,0.0,0.0
2023-01-18 15:30:00-05:00,44.165000915527344,44.16899871826172,43.970001220703125,44.0,1457255,0.0,0.0
2023-01-19 09:30:00-05:00,44.0,44.11000061035156,43.40999984741211,43.44499969482422,1722511,0.0,0.0
2023-01-19 10:30:00-05:00,43.44499969482422,43.65999984741211,43.36000061035156,43.474998474121094,1946363,0.0,0.0
2023-01-19 11:30:00-05:00,43.470001220703125,43.93000030517578,43.459999084472656,43.697601318359375,1716819,0.0,0.0
2023-01-19 12:30:00-05:00,43.709999084472656,43.900001525878906,43.61000061035156,43.900001525878906,2649142,0.0,0.0
2023-01-19 13:30:00-05:00,43.90999984741211,44.150001525878906,43.77000045776367,43.875,1172965,0.0,0.0
2023-01-19 14:30:00-05:00,43.875,43.95000076293945,43.76499938964844,43.94499969482422,941609,0.0,0.0
2023-01-19 15:30:00-05:00,43.94499969482422,43.959999084472656,43.599998474121094,43.650001525878906,1394815,0.0,0.0
2023-01-20 09:30:00-05:00,43.7400016784668,43.90999984741211,43.25,43.839900970458984,892604,0.0,0.0
2023-01-20 10:30:00-05:00,43.83000183105469,44.0,43.625,43.98500061035156,558969,0.0,0.0
2023-01-20 11:30:00-05:00,43.98500061035156,43.98500061035156,43.70000076293945,43.790000915527344,526200,0.0,0.0
2023-01-20 12:30:00-05:00,43.79999923706055,43.88880157470703,43.689998626708984,43.845001220703125,663533,0.0,0.0
2023-01-20 13:30:00-05:00,43.849998474121094,44.0,43.709999084472656,43.81999969482422,1591072,0.0,0.0
2023-01-20 14:30:00-05:00,43.8224983215332,43.95500183105469,43.70899963378906,43.814998626708984,1760188,0.0,0.0
2023-01-20 15:30:00-05:00,43.81999969482422,43.97999954223633,43.75,43.869998931884766,2168449,0.0,0.0
2023-01-23 09:30:00-05:00,44.0,44.595001220703125,43.9900016784668,44.400001525878906,1157976,0.0,0.0
2023-01-23 10:30:00-05:00,44.38999938964844,44.869998931884766,44.38999938964844,44.76499938964844,687399,0.0,0.0
2023-01-23 11:30:00-05:00,44.77000045776367,45.18000030517578,44.619998931884766,45.11000061035156,954060,0.0,0.0
2023-01-23 12:30:00-05:00,45.11000061035156,45.57500076293945,45.01499938964844,45.54499816894531,1296832,0.0,0.0
2023-01-23 13:30:00-05:00,45.54499816894531,45.584999084472656,45.19499969482422,45.220001220703125,809084,0.0,0.0
2023-01-23 14:30:00-05:00,45.22999954223633,45.29499816894531,44.935001373291016,45.154998779296875,750938,0.0,0.0
2023-01-23 15:30:00-05:00,45.15999984741211,45.23500061035156,45.02000045776367,45.150001525878906,1130017,0.0,0.0
2023-01-24 09:30:00-05:00,44.88999938964844,45.290000915527344,44.560001373291016,44.70000076293945,730426,0.0,0.0
2023-01-24 10:30:00-05:00,44.709999084472656,45.08000183105469,44.630001068115234,45.0099983215332,773914,0.0,0.0
2023-01-24 11:30:00-05:00,45.0,45.040000915527344,44.81999969482422,44.92499923706055,393032,0.0,0.0
2023-01-24 12:30:00-05:00,44.93000030517578,45.03860092163086,44.86000061035156,45.0099983215332,350255,0.0,0.0
2023-01-24 13:30:00-05:00,45.0099983215332,45.08000183105469,44.90999984741211,44.93000030517578,339057,0.0,0.0
2023-01-24 14:30:00-05:00,44.93000030517578,45.185001373291016,44.915000915527344,45.099998474121094,732060,0.0,0.0
2023-01-24 15:30:00-05:00,45.11000061035156,45.130001068115234,44.8849983215332,44.900001525878906,727425,0.0,0.0
2023-01-25 09:30:00-05:00,44.5,45.18000030517578,44.40999984741211,45.16999816894531,500816,0.0,0.0
2023-01-25 10:30:00-05:00,45.16999816894531,45.18989944458008,44.869998931884766,44.869998931884766,465658,0.0,0.0
2023-01-25 11:30:00-05:00,44.880001068115234,45.150001525878906,44.86000061035156,45.060001373291016,362394,0.0,0.0
2023-01-25 12:30:00-05:00,45.05500030517578,45.790000915527344,45.029998779296875,45.72999954223633,625926,0.0,0.0
2023-01-25 13:30:00-05:00,45.720001220703125,46.07500076293945,45.720001220703125,45.779998779296875,561708,0.0,0.0
2023-01-25 14:30:00-05:00,45.78499984741211,46.2400016784668,45.779998779296875,46.2400016784668,431553,0.0,0.0
2023-01-25 15:30:00-05:00,46.2400016784668,46.2599983215332,46.040000915527344,46.1349983215332,812173,0.0,0.0
2023-01-26 09:30:00-05:00,46.310001373291016,46.36869812011719,45.849998474121094,45.93000030517578,348660,0.0,0.0
2023-01-26 10:30:00-05:00,45.91999816894531,46.130001068115234,45.880001068115234,46.095001220703125,412181,0.0,0.0
2023-01-26 11:30:00-05:00,46.09989929199219,46.31999969482422,46.064998626708984,46.15999984741211,378014,0.0,0.0
2023-01-26 12:30:00-05:00,46.15999984741211,46.16999816894531,45.97999954223633,46.029998779296875,253071,0.0,0.0
2023-01-26 13:30:00-05:00,46.03099822998047,46.154998779296875,46.01499938964844,46.060001373291016,243954,0.0,0.0
2023-01-26 14:30:00-05:00,46.060001373291016,46.1349983215332,45.970001220703125,46.08000183105469,355129,0.0,0.0
2023-01-26 15:30:00-05:00,46.08000183105469,46.20500183105469,46.040000915527344,46.15999984741211,703126,0.0,0.0
2023-01-27 09:30:00-05:00,46.040000915527344,46.220001220703125,45.869998931884766,46.119998931884766,279958,0.0,0.0
2023-01-27 10:30:00-05:00,46.119998931884766,46.130001068115234,45.79869842529297,45.86000061035156,299149,0.0,0.0
2023-01-27 11:30:00-05:00,45.86000061035156,46.20500183105469,45.845001220703125,46.1349983215332,273363,0.0,0.0
2023-01-27 12:30:00-05:00,46.13999938964844,46.20500183105469,45.95000076293945,46.0099983215332,286239,0.0,0.0
2023-01-27 13:30:00-05:00,46.005001068115234,46.05830001831055,45.92499923706055,46.0,307422,0.0,0.0
2023-01-27 14:30:00-05:00,46.0099983215332,46.33000183105469,46.0099983215332,46.21500015258789,473503,0.0,0.0
2023-01-27 15:30:00-05:00,46.21500015258789,46.23749923706055,45.959999084472656,46.0,623088,0.0,0.0
2023-01-30 09:30:00-05:00,45.939998626708984,46.15999984741211,45.880001068115234,45.994998931884766,551125,0.0,0.0
2023-01-30 10:30:00-05:00,46.0099983215332,46.029998779296875,45.56999969482422,45.70000076293945,476706,0.0,0.0
2023-01-30 11:30:00-05:00,45.70500183105469,45.81999969482422,45.60499954223633,45.65999984741211,390176,0.0,0.0
2023-01-30 12:30:00-05:00,45.65999984741211,45.7599983215332,45.58000183105469,45.68000030517578,436630,0.0,0.0
2023-01-30 13:30:00-05:00,45.68000030517578,45.68000030517578,45.380001068115234,45.43000030517578,366519,0.0,0.0
2023-01-30 14:30:00-05:00,45.43000030517578,45.470001220703125,45.08000183105469,45.09000015258789,580777,0.0,0.0
2023-01-30 15:30:00-05:00,45.09000015258789,45.20500183105469,45.064998626708984,45.13999938964844,948923,0.0,0.0
2023-01-31 09:30:00-05:00,45.29999923706055,45.3849983215332,44.810001373291016,44.88999938964844,814978,0.0,0.0
2023-01-31 10:30:00-05:00,44.900001525878906,45.17499923706055,44.7599983215332,45.084999084472656,762837,0.0,0.0
2023-01-31 11:30:00-05:00,45.09000015258789,45.470001220703125,45.084999084472656,45.439998626708984,597916,0.0,0.0
2023-01-31 12:30:00-05:00,45.45000076293945,45.630001068115234,45.43000030517578,45.630001068115234,416128,0.0,0.0
2023-01-31 13:30:00-05:00,45.654998779296875,45.68000030517578,45.52000045776367,45.560001373291016,397869,0.0,0.0
2023-01-31 14:30:00-05:00,45.560001373291016,45.64849853515625,45.470001220703125,45.470001220703125,338206,0.0,0.0
2023-01-31 15:30:00-05:00,45.474998474121094,45.7599983215332,45.40999984741211,45.709999084472656,804272,0.0,0.0
2023-02-01 09:30:00-05:00,45.88999938964844,46.279998779296875,45.43000030517578,45.65999984741211,1057627,0.0,0.0
2023-02-01 10:30:00-05:00,45.650001525878906,45.91999816894531,45.36000061035156,45.43000030517578,776138,0.0,0.0
2023-02-01 11:30:00-05:00,45.43000030517578,45.625,45.29499816894531,45.540000915527344,713584,0.0,0.0
2023-02-01 12:30:00-05:00,45.54499816894531,45.63999938964844,45.35499954223633,45.63999938964844,817466,0.0,0.0
2023-02-01 13:30:00-05:00,45.64500045776367,45.79499816894531,45.4900016784668,45.6349983215332,876003,0.0,0.0
2023-02-01 14:30:00-05:00,45.63999938964844,46.314998626708984,45.45000076293945,46.1150016784668,1526407,0.0,0.0
2023-02-01 15:30:00-05:00,46.1150016784668,46.3650016784668,46.07500076293945,46.279998779296875,1285944,0.0,0.0
2023-02-02 09:30:00-05:00,46.41999816894531,46.7400016784668,46.0,46.63010025024414,813803,0.0,0.0
2023-02-02 10:30:00-05:00,46.63999938964844,47.22999954223633,46.6150016784668,46.89500045776367,934931,0.0,0.0
2023-02-02 11:30:00-05:00,46.88999938964844,46.900001525878906,46.619998931884766,46.69919967651367,1718592,0.0,0.0
2023-02-02 12:30:00-05:00,46.69499969482422,47.064998626708984,46.689998626708984,46.96500015258789,1552070,0.0,0.0
2023-02-02 13:30:00-05:00,46.96500015258789,47.20989990234375,46.8849983215332,46.900001525878906,1087078,0.0,0.0
2023-02-02 14:30:00-05:00,46.904998779296875,47.0,46.75,46.92499923706055,875865,0.0,0.0
2023-02-02 15:30:00-05:00,46.92499923706055,47.04999923706055,46.83000183105469,47.02000045776367,1340763,0.0,0.0
2023-02-03 09:30:00-05:00,46.810001373291016,47.029998779296875,46.345001220703125,46.7400016784668,398832,0.0,0.0
2023-02-03 10:30:00-05:00,46.75,47.0099983215332,46.7400016784668,47.005001068115234,361962,0.0,0.0
2023-02-03 11:30:00-05:00,47.000099182128906,47.150001525878906,46.744998931884766,47.119998931884766,377347,0.0,0.0
2023-02-03 12:30:00-05:00,47.119998931884766,47.125,46.79999923706055,47.04999923706055,378954,0.0,0.0
2023-02-03 13:30:00-05:00,47.040000915527344,47.08000183105469,46.5629997253418,46.68000030517578,1140540,0.0,0.0
2023-02-03 14:30:00-05:00,46.66999816894531,46.82500076293945,46.625,46.69499969482422,551192,0.0,0.0
2023-02-03 15:30:00-05:00,46.70000076293945,46.77000045776367,46.599998474121094,46.67499923706055,892838,0.0,0.0
2023-02-06 09:30:00-05:00,46.58000183105469,46.65999984741211,45.810001373291016,46.02000045776367,373878,0.0,0.0
2023-02-06 10:30:00-05:00,46.029998779296875,46.36000061035156,45.97999954223633,46.11009979248047,554231,0.0,0.0
2023-02-06 11:30:00-05:00,46.11000061035156,46.150001525878906,45.7599983215332,45.95500183105469,326411,0.0,0.0
2023-02-06 12:30:00-05:00,45.959999084472656,46.0,45.775001525878906,45.775001525878906,278271,0.0,0.0
2023-02-06 13:30:00-05:00,45.779998779296875,45.79999923706055,45.48500061035156,45.5099983215332,559609,0.0,0.0
2023-02-06 14:30:00-05:00,45.5,45.540000915527344,45.29999923706055,45.29999923706055,526697,0.0,0.0
2023-02-06 15:30:00-05:00,45.29999923706055,45.345001220703125,45.130001068115234,45.150001525878906,833929,0.0,0.0
2023-02-07 09:30:00-05:00,44.869998931884766,45.4900016784668,44.540000915527344,45.310001373291016,1930218,0.0,0.0
2023-02-07 10:30:00-05:00,45.31650161743164,45.5,45.06999969482422,45.209999084472656,726681,0.0,0.0
2023-02-07 11:30:00-05:00,45.209999084472656,45.47999954223633,45.209999084472656,45.38999938964844,604919,0.0,0.0
2023-02-07 12:30:00-05:00,45.39500045776367,45.82500076293945,45.290000915527344,45.290000915527344,618638,0.0,0.0
2023-02-07 13:30:00-05:00,45.290000915527344,45.560001373291016,45.06999969482422,45.505001068115234,377063,0.0,0.0
2023-02-07 14:30:00-05:00,45.505001068115234,45.650001525878906,45.36000061035156,45.595001220703125,478635,0.0,0.0
2023-02-07 15:30:00-05:00,45.599998474121094,45.70000076293945,45.540000915527344,45.630001068115234,662082,0.0,0.0
2023-02-08 09:30:00-05:00,45.369998931884766,46.11249923706055,45.34000015258789,45.999698638916016,468134,0.0,0.0
2023-02-08 10:30:00-05:00,45.97999954223633,46.029998779296875,45.59000015258789,45.6349983215332,549641,0.0,0.0
2023-02-08 11:30:00-05:00,45.6349983215332,45.86000061035156,45.4900016784668,45.86000061035156,507908,0.0,0.0
2023-02-08 12:30:00-05:00,45.86000061035156,45.935001373291016,45.630001068115234,45.869998931884766,326965,0.0,0.0
2023-02-08 13:30:00-05:00,45.86000061035156,45.939998626708984,45.7400016784668,45.759498596191406,357994,0.0,0.0
2023-02-08 14:30:00-05:00,45.7599983215332,45.77000045776367,45.5099983215332,45.59000015258789,412769,0.0,0.0
2023-02-08 15:30:00-05:00,45.587501525878906,45.720001220703125,45.470001220703125,45.70000076293945,946936,0.0,0.0
2023-02-09 09:30:00-05:00,41.43000030517578,41.5,38.58000183105469,40.28499984741211,9178006,0.0,0.0
2023-02-09 10:30:00-05:00,40.27000045776367,40.65999984741211,39.7599983215332,39.880001068115234,2818564,0.0,0.0
2023-02-09 11:30:00-05:00,39.88050079345703,40.36000061035156,39.79999923706055,40.34000015258789,1416604,0.0,0.0
2023-02-09 12:30:00-05:00,40.349998474121094,40.40999984741211,40.04499816894531,40.064998626708984,1065238,0.0,0.0
2023-02-09 13:30:00-05:00,40.060001373291016,40.94499969482422,40.0,40.13999938964844,1786973,0.0,0.0
2023-02-09 14:30:00-05:00,40.13999938964844,40.29999923706055,39.709999084472656,39.755001068115234,1768407,0.0,0.0
2023-02-09 15:30:00-05:00,39.75,40.290000915527344,39.68000030517578,40.150001525878906,3436137,0.0,0.0
2023-02-10 09:30:00-05:00,40.29999923706055,41.59000015258789,39.869998931884766,40.959999084472656,3131889,0.0,0.0
2023-02-10 10:30:00-05:00,40.95000076293945,41.220001220703125,40.33000183105469,41.040000915527344,1915003,0.0,0.0
2023-02-10 11:30:00-05:00,41.04999923706055,41.1150016784668,40.775001525878906,40.93000030517578,1278778,0.0,0.0
2023-02-10 12:30:00-05:00,40.93000030517578,41.07500076293945,40.72999954223633,41.06999969482422,809637,0.0,0.0
2023-02-10 13:30:00-05:00,41.08000183105469,41.08000183105469,40.76139831542969,40.95500183105469,1134942,0.0,0.0
2023-02-10 14:30:00-05:00,40.970001220703125,40.9900016784668,40.459999084472656,40.567501068115234,1585432,0.0,0.0
2023-02-10 15:30:00-05:00,40.564998626708984,41.02000045776367,40.5099983215332,40.95000076293945,1909023,0.0,0.0
2023-02-13 09:30:00-05:00,41.0,41.0,40.439998626708984,40.46500015258789,1067259,0.0,0.0
2023-02-13 10:30:00-05:00,40.470001220703125,40.5,40.04999923706055,40.13999938964844,877571,0.0,0.0
2023-02-13 11:30:00-05:00,40.13999938964844,40.47999954223633,40.0,40.18000030517578,991434,0.0,0.0
2023-02-13 12:30:00-05:00,40.18000030517578,40.29999923706055,40.084999084472656,40.130001068115234,779566,0.0,0.0
2023-02-13 13:30:00-05:00,40.13999938964844,40.439998626708984,40.13999938964844,40.255001068115234,930595,0.0,0.0
2023-02-13 14:30:00-05:00,40.255001068115234,40.38999938964844,40.21500015258789,40.38999938964844,849125,0.0,0.0
2023-02-13 15:30:00-05:00,40.380001068115234,40.540000915527344,40.3650016784668,40.5099983215332,1264355,0.0,0.0
2023-02-14 09:30:00-05:00,40.5,40.720001220703125,40.33000183105469,40.380001068115234,714853,0.0,0.0
2023-02-14 10:30:00-05:00,40.375,40.40999984741211,40.1150016784668,40.130001068115234,594552,0.0,0.0
2023-02-14 11:30:00-05:00,40.1349983215332,40.16999816894531,39.970001220703125,40.04999923706055,600607,0.0,0.0
2023-02-14 12:30:00-05:00,40.04999923706055,40.435001373291016,40.04999923706055,40.279998779296875,562798,0.0,0.0
2023-02-14 13:30:00-05:00,40.290000915527344,40.39500045776367,40.244998931884766,40.32500076293945,452165,0.0,0.0
2023-02-14 14:30:00-05:00,40.32500076293945,40.45000076293945,40.19499969482422,40.23500061035156,562424,0.0,0.0
2023-02-14 15:30:00-05:00,40.22999954223633,40.244998931884766,39.900001525878906,39.90999984741211,1278780,0.0,0.0
2023-02-15 09:30:00-05:00,39.810001373291016,39.95000076293945,39.47999954223633,39.54999923706055,1468045,0.0,0.0
2023-02-15 10:30:00-05:00,39.540000915527344,39.959999084472656,39.540000915527344,39.93510055541992,831832,0.0,0.0
2023-02-15 11:30:00-05:00,39.93000030517578,39.93989944458008,39.73500061035156,39.86000061035156,415400,0.0,0.0
2023-02-15 12:30:00-05:00,39.85499954223633,39.96500015258789,39.84000015258789,39.94029998779297,388494,0.0,0.0
2023-02-15 13:30:00-05:00,39.939998626708984,40.125,39.93000030517578,39.994998931884766,1071959,0.0,0.0
2023-02-15 14:30:00-05:00,39.994998931884766,40.130001068115234,39.939998626708984,40.025001525878906,678863,0.0,0.0
2023-02-15 15:30:00-05:00,40.025001525878906,40.08000183105469,39.970001220703125,40.06999969482422,866417,0.0,0.0
2023-02-16 09:30:00-05:00,39.709999084472656,39.790000915527344,39.22999954223633,39.619998931884766,804419,0.0,0.0
2023-02-16 10:30:00-05:00,39.61000061035156,40.064998626708984,39.54999923706055,40.04999923706055,675447,0.0,0.0
2023-02-16 11:30:00-05:00,40.040000915527344,40.255001068115234,40.029998779296875,40.08000183105469,572484,0.0,0.0
2023-02-16 12:30:00-05:00,40.09000015258789,40.15999984741211,39.939998626708984,39.98500061035156,566137,0.0,0.0
2023-02-16 13:30:00-05:00,39.98500061035156,40.20000076293945,39.98500061035156,40.165000915527344,475723,0.0,0.0
2023-02-16 14:30:00-05:00,40.165000915527344,40.29999923706055,40.06999969482422,40.07500076293945,834092,0.0,0.0
2023-02-16 15:30:00-05:00,40.06999969482422,40.09000015258789,39.79999923706055,39.79999923706055,966415,0.0,0.0
2023-02-17 09:30:00-05:00,39.91999816894531,40.130001068115234,39.58000183105469,40.10499954223633,4213758,0.0,0.0
2023-02-17 10:30:00-05:00,40.11000061035156,40.2599983215332,40.029998779296875,40.150001525878906,564772,0.0,0.0
2023-02-17 11:30:00-05:00,40.15829849243164,40.439998626708984,40.119998931884766,40.33000183105469,1572875,0.0,0.0
2023-02-17 12:30:00-05:00,40.31999969482422,40.66999816894531,40.279998779296875,40.630001068115234,656043,0.0,0.0
2023-02-17 13:30:00-05:00,40.625,40.84000015258789,40.45000076293945,40.81999969482422,740095,0.0,0.0
2023-02-17 14:30:00-05:00,40.81999969482422,41.040000915527344,40.77000045776367,40.900001525878906,702511,0.0,0.0
2023-02-17 15:30:00-05:00,40.89500045776367,41.040000915527344,40.814998626708984,41.0,1123311,0.0,0.0
2023-02-21 09:30:00-05:00,40.790000915527344,40.84000015258789,40.34000015258789,40.494998931884766,806690,0.0,0.0
2023-02-21 10:30:00-05:00,40.4900016784668,40.51499938964844,40.185001373291016,40.38990020751953,412248,0.0,0.0
2023-02-21 11:30:00-05:00,40.3849983215332,40.41999816894531,40.20000076293945,40.2400016784668,325769,0.0,0.0
2023-02-21 12:30:00-05:00,40.22999954223633,40.45000076293945,40.122100830078125,40.375,504314,0.0,0.0
2023-02-21 13:30:00-05:00,40.375,40.4275016784668,40.25,40.42499923706055,470848,0.0,0.0
2023-02-21 14:30:00-05:00,40.43000030517578,40.689998626708984,40.404998779296875,40.689998626708984,639347,0.0,0.0
2023-02-21 15:30:00-05:00,40.70000076293945,40.810001373291016,40.68000030517578,40.709999084472656,1329500,0.0,0.0
2023-02-22 09:30:00-05:00,40.81999969482422,40.900001525878906,40.5,40.65999984741211,608200,0.0,0.0
2023-02-22 10:30:00-05:00,40.650001525878906,40.904998779296875,40.459999084472656,40.83000183105469,528367,0.0,0.0
2023-02-22 11:30:00-05:00,40.834999084472656,41.2599983215332,40.7400016784668,41.23429870605469,1128950,0.0,0.0
2023-02-22 12:30:00-05:00,41.23500061035156,41.27000045776367,41.04999923706055,41.22999954223633,628395,0.0,0.0
2023-02-22 13:30:00-05:00,41.22999954223633,41.38999938964844,41.040000915527344,41.15999984741211,828119,0.0,0.0
2023-02-22 14:30:00-05:00,41.154998779296875,41.154998779296875,40.849998474121094,40.9900016784668,795589,0.0,0.0
2023-02-22 15:30:00-05:00,40.9900016784668,41.029998779296875,40.849998474121094,41.02000045776367,1090228,0.0,0.0
2023-02-23 09:30:00-05:00,40.63999938964844,41.040000915527344,40.34000015258789,40.650001525878906,670342,0.0,0.0
2023-02-23 10:30:00-05:00,40.63999938964844,40.7599983215332,40.279998779296875,40.31169891357422,659033,0.0,0.0
2023-02-23 11:30:00-05:00,40.310001373291016,40.435001373291016,40.2400016784668,40.3650016784668,497341,0.0,0.0
2023-02-23 12:30:00-05:00,40.36000061035156,40.4900016784668,40.13999938964844,40.185001373291016,399021,0.0,0.0
2023-02-23 13:30:00-05:00,40.189998626708984,40.439998626708984,40.060001373291016,40.415000915527344,349801,0.0,0.0
2023-02-23 14:30:00-05:00,40.40999984741211,40.78499984741211,40.400001525878906,40.77000045776367,746209,0.0,0.0
2023-02-23 15:30:00-05:00,40.77000045776367,40.78499984741211,40.47999954223633,40.52000045776367,1028346,0.0,0.0
2023-02-24 09:30:00-05:00,40.08000183105469,40.125,39.650001525878906,39.970001220703125,716174,0.0,0.0
2023-02-24 10:30:00-05:00,39.970001220703125,40.334999084472656,39.939998626708984,40.29499816894531,733736,0.0,0.0
2023-02-24 11:30:00-05:00,40.290000915527344,40.3650016784668,40.150001525878906,40.189998626708984,596363,0.0,0.0
2023-02-24 12:30:00-05:00,40.18000030517578,40.209999084472656,40.02000045776367,40.14500045776367,461824,0.0,0.0
2023-02-24 13:30:00-05:00,40.13999938964844,40.2599983215332,40.11000061035156,40.165000915527344,344434,0.0,0.0
2023-02-24 14:30:00-05:00,40.16999816894531,40.244998931884766,40.06999969482422,40.20500183105469,366827,0.0,0.0
2023-02-24 15:30:00-05:00,40.20000076293945,40.20000076293945,39.99449920654297,40.15999984741211,735320,0.0,0.0
2023-02-27 09:30:00-05:00,40.290000915527344,40.57500076293945,40.290000915527344,40.4900016784668,374289,0.0,0.0
2023-02-27 10:30:00-05:00,40.470001220703125,40.529998779296875,40.10499954223633,40.10499954223633,383802,0.0,0.0
2023-02-27 11:30:00-05:00,40.099998474121094,40.119998931884766,39.849998474121094,40.029998779296875,292570,0.0,0.0
2023-02-27 12:30:00-05:00,40.029998779296875,40.17499923706055,39.95000076293945,40.08000183105469,379097,0.0,0.0
2023-02-27 13:30:00-05:00,40.08000183105469,40.2400016784668,39.95249938964844,40.130001068115234,385428,0.0,0.0
2023-02-27 14:30:00-05:00,40.125,40.14500045776367,39.779998779296875,39.84000015258789,579008,0.0,0.0
2023-02-27 15:30:00-05:00,39.834999084472656,39.959999084472656,39.709999084472656,39.83000183105469,1287622,0.0,0.0
2023-02-28 09:30:00-05:00,39.709999084472656,39.82500076293945,39.400001525878906,39.790000915527344,2137403,0.0,0.0
2023-02-28 10:30:00-05:00,39.790000915527344,40.06999969482422,39.599998474121094,39.766998291015625,497550,0.0,0.0
2023-02-28 11:30:00-05:00,39.76499938964844,39.77000045776367,39.470001220703125,39.5099983215332,385785,0.0,0.0
2023-02-28 12:30:00-05:00,39.519901275634766,39.7400016784668,39.36000061035156,39.720001220703125,609007,0.0,0.0
2023-02-28 13:30:00-05:00,39.724998474121094,39.96500015258789,39.650001525878906,39.779998779296875,458998,0.0,0.0
2023-02-28 14:30:00-05:00,39.78499984741211,39.91999816894531,39.7599983215332,39.86000061035156,517700,0.0,0.0
2023-02-28 15:30:00-05:00,39.86000061035156,40.060001373291016,39.779998779296875,39.939998626708984,1084184,0.0,0.0
2023-03-01 09:30:00-05:00,39.849998474121094,39.95000076293945,39.34000015258789,39.38999938964844,1210047,0.0,0.0
2023-03-01 10:30:00-05:00,39.380001068115234,39.5099983215332,39.21500015258789,39.36000061035156,592729,0.0,0.0
2023-03-01 11:30:00-05:00,39.349998474121094,39.42499923706055,39.279998779296875,39.290000915527344,444480,0.0,0.0
2023-03-01 12:30:00-05:00,39.290000915527344,39.36000061035156,39.20000076293945,39.275001525878906,383169,0.0,0.0
2023-03-01 13:30:00-05:00,39.275001525878906,39.400001525878906,39.209999084472656,39.21500015258789,471981,0.0,0.0
2023-03-01 14:30:00-05:00,39.209999084472656,39.21500015258789,38.89360046386719,38.959999084472656,946854,0.0,0.0
2023-03-01 15:30:00-05:00,38.95000076293945,39.2599983215332,38.93000030517578,39.064998626708984,1798912,0.0,0.0
2023-03-02 09:30:00-05:00,38.709999084472656,39.3849983215332,38.61000061035156,39.34000015258789,845292,0.0,0.0
2023-03-02 10:30:00-05:00,39.34000015258789,39.38999938964844,39.154998779296875,39.27000045776367,491024,0.0,0.0
2023-03-02 11:30:00-05:00,39.275001525878906,39.369998931884766,39.18000030517578,39.369998931884766,311904,0.0,0.0
2023-03-02 12:30:00-05:00,39.369998931884766,39.52000045776367,39.349998474121094,39.51499938964844,327829,0.0,0.0
2023-03-02 13:30:00-05:00,39.5099983215332,39.7599983215332,39.45500183105469,39.470001220703125,401244,0.0,0.0
2023-03-02 14:30:00-05:00,39.474998474121094,39.59000015258789,39.415000915527344,39.58000183105469,429856,0.0,0.0
2023-03-02 15:30:00-05:00,39.584999084472656,39.685001373291016,39.56999969482422,39.65999984741211,867019,0.0,0.0
2023-03-03 09:30:00-05:00,40.060001373291016,40.08000183105469,39.689998626708984,40.01499938964844,511770,0.0,0.0
2023-03-03 10:30:00-05:00,40.02000045776367,40.060001373291016,39.90999984741211,39.97999954223633,322369,0.0,0.0
2023-03-03 11:30:00-05:00,39.97999954223633,40.25,39.96500015258789,40.125,399063,0.0,0.0
2023-03-03 12:30:00-05:00,40.125,40.33000183105469,40.005001068115234,40.10499954223633,465488,0.0,0.0
2023-03-03 13:30:00-05:00,40.10499954223633,40.20500183105469,39.95500183105469,40.154998779296875,536255,0.0,0.0
2023-03-03 14:30:00-05:00,40.15999984741211,40.15999984741211,39.86000061035156,39.904998779296875,540962,0.0,0.0
2023-03-03 15:30:00-05:00,39.900001525878906,39.959999084472656,39.8125,39.91999816894531,911095,0.0,0.0
2023-03-06 09:30:00-05:00,40.0,40.150001525878906,39.720001220703125,40.04999923706055,746415,0.0,0.0
2023-03-06 10:30:00-05:00,40.04999923706055,40.119998931884766,39.7599983215332,39.82500076293945,443046,0.0,0.0
2023-03-06 11:30:00-05:00,39.82500076293945,39.95500183105469,39.755001068115234,39.90999984741211,346960,0.0,0.0
2023-03-06 12:30:00-05:00,39.900001525878906,39.939998626708984,39.70000076293945,39.83000183105469,353912,0.0,0.0
2023-03-06 13:30:00-05:00,39.82500076293945,39.900001525878906,39.709999084472656,39.78499984741211,378268,0.0,0.0
2023-03-06 14:30:00-05:00,39.78499984741211,39.92499923706055,39.71500015258789,39.76499938964844,709616,0.0,0.0
2023-03-06 15:30:00-05:00,39.76499938964844,39.869998931884766,39.70000076293945,39.720001220703125,847650,0.0,0.0
2023-03-07 09:30:00-05:00,39.619998931884766,39.849998474121094,39.2400016784668,39.279998779296875,2550654,0.0,0.0
2023-03-07 10:30:00-05:00,39.27000045776367,39.400001525878906,39.05500030517578,39.209999084472656,731873,0.0,0.0
2023-03-07 11:30:00-05:00,39.209999084472656,39.404998779296875,39.06999969482422,39.28499984741211,493183,0.0,0.0
2023-03-07 12:30:00-05:00,39.279998779296875,39.31999969482422,39.119998931884766,39.18000030517578,478083,0.0,0.0
2023-03-07 13:30:00-05:00,39.18000030517578,39.25,39.119998931884766,39.14500045776367,346743,0.0,0.0
2023-03-07 14:30:00-05:00,39.14500045776367,39.20500183105469,39.004798889160156,39.03499984741211,443301,0.0,0.0
2023-03-07 15:30:00-05:00,39.03499984741211,39.09000015258789,38.970001220703125,38.9900016784668,805216,0.0,0.0
2023-03-08 09:30:00-05:00,38.79999923706055,39.064998626708984,38.79180145263672,38.970001220703125,779484,0.0,0.0
2023-03-08 10:30:00-05:00,38.96500015258789,39.39500045776367,38.95000076293945,39.2599983215332,615835,0.0,0.0
2023-03-08 11:30:00-05:00,39.25,39.41999816894531,39.244998931884766,39.400299072265625,486557,0.0,0.0
2023-03-08 12:30:00-05:00,39.38750076293945,39.38999938964844,39.119998931884766,39.252498626708984,306611,0.0,0.0
2023-03-08 13:30:00-05:00,39.25,39.290000915527344,39.18000030517578,39.22999954223633,315193,0.0,0.0
2023-03-08 14:30:00-05:00,39.22999954223633,39.5,39.209999084472656,39.5,859755,0.0,0.0
2023-03-08 15:30:00-05:00,39.494998931884766,39.54999923706055,39.40999984741211,39.439998626708984,1064264,0.0,0.0
2023-03-09 09:30:00-05:00,39.810001373291016,39.84000015258789,39.5099983215332,39.65999984741211,966975,0.0,0.0
2023-03-09 10:30:00-05:00,39.66899871826172,39.79999923706055,39.625,39.779998779296875,392450,0.0,0.0
2023-03-09 11:30:00-05:00,39.78499984741211,39.79999923706055,39.51499938964844,39.59000015258789,308708,0.0,0.0
2023-03-09 12:30:00-05:00,39.595001220703125,39.77000045776367,39.459999084472656,39.46989822387695,306530,0.0,0.0
2023-03-09 13:30:00-05:00,39.459999084472656,39.564998626708984,39.18000030517578,39.18000030517578,432495,0.0,0.0
2023-03-09 14:30:00-05:00,39.18000030517578,39.314998626708984,39.0099983215332,39.11000061035156,572000,0.0,0.0
2023-03-09 15:30:00-05:00,39.119998931884766,39.19499969482422,38.97999954223633,38.9900016784668,779490,0.0,0.0
2023-03-10 09:30:00-05:00,38.790000915527344,39.029998779296875,38.310001373291016,38.53499984741211,758955,0.0,0.0
2023-03-10 10:30:00-05:00,38.53499984741211,38.90999984741211,38.494998931884766,38.904998779296875,795013,0.0,0.0
2023-03-10 11:30:00-05:00,38.904998779296875,38.97809982299805,38.369998931884766,38.41999816894531,679911,0.0,0.0
2023-03-10 12:30:00-05:00,38.42499923706055,38.6150016784668,38.07500076293945,38.185001373291016,617301,0.0,0.0
2023-03-10 13:30:00-05:00,38.18000030517578,38.34000015258789,37.959999084472656,38.070098876953125,578326,0.0,0.0
2023-03-10 14:30:00-05:00,38.08000183105469,38.380001068115234,38.07500076293945,38.189998626708984,652249,0.0,0.0
2023-03-10 15:30:00-05:00,38.18000030517578,38.22999954223633,37.95000076293945,38.029998779296875,1048430,0.0,0.0
2023-03-13 09:30:00-04:00,38.0,38.939998626708984,37.744998931884766,38.84000015258789,973171,0.0,0.0
2023-03-13 10:30:00-04:00,38.845001220703125,39.244998931884766,38.52000045776367,39.18000030517578,594038,0.0,0.0
2023-03-13 11:30:00-04:00,39.18000030517578,39.189998626708984,38.790000915527344,38.91999816894531,608169,0.0,0.0
2023-03-13 12:30:00-04:00,38.93000030517578,39.005001068115234,38.60499954223633,38.75,624719,0.0,0.0
2023-03-13 13:30:00-04:00,38.755001068115234,39.125,38.68000030517578,39.0,590874,0.0,0.0
2023-03-13 14:30:00-04:00,39.0,39.17499923706055,38.91999816894531,38.974998474121094,742879,0.0,0.0
2023-03-13 15:30:00-04:00,38.970001220703125,39.21500015258789,38.880001068115234,38.90999984741211,1370821,0.0,0.0
2023-03-14 09:30:00-04:00,39.36000061035156,39.470001220703125,38.810001373291016,38.845001220703125,705757,0.0,0.0
2023-03-14 10:30:00-04:00,38.845001220703125,39.38999938964844,38.845001220703125,39.28499984741211,781133,0.0,0.0
2023-03-14 11:30:00-04:00,39.28499984741211,39.560001373291016,39.26499938964844,39.3849983215332,733480,0.0,0.0
2023-03-14 12:30:00-04:00,39.3849983215332,39.44499969482422,38.900001525878906,38.900001525878906,798781,0.0,0.0
2023-03-14 13:30:00-04:00,38.88999938964844,39.21500015258789,38.86000061035156,39.10499954223633,627355,0.0,0.0
2023-03-14 14:30:00-04:00,39.10540008544922,39.15999984741211,38.91999816894531,39.05500030517578,573016,0.0,0.0
2023-03-14 15:30:00-04:00,39.05500030517578,39.41999816894531,39.0,39.36000061035156,1115847,0.0,0.0
2023-03-15 09:30:00-04:00,38.779998779296875,38.880001068115234,38.5,38.529998779296875,747978,0.0,0.0
2023-03-15 10:30:00-04:00,38.52000045776367,38.560001373291016,38.15999984741211,38.165000915527344,590454,0.0,0.0
2023-03-15 11:30:00-04:00,38.165000915527344,38.244998931884766,38.0,38.119998931884766,626882,0.0,0.0
2023-03-15 12:30:00-04:00,38.119998931884766,38.2599983215332,37.994998931884766,38.22999954223633,634481,0.0,0.0
2023-03-15 13:30:00-04:00,38.22999954223633,38.290000915527344,37.994998931884766,38.150001525878906,644519,0.0,0.0
2023-03-15 14:30:00-04:00,38.15999984741211,38.36000061035156,38.09000015258789,38.26499938964844,673828,0.0,0.0
2023-03-15 15:30:00-04:00,38.2599983215332,38.314998626708984,38.040000915527344,38.2400016784668,943151,0.0,0.0
2023-03-16 09:30:00-04:00,37.86000061035156,38.15999984741211,37.82500076293945,37.95000076293945,567850,0.0,0.0
2023-03-16 10:30:00-04:00,37.95000076293945,38.595001220703125,37.845001220703125,38.53499984741211,556120,0.0,0.0
2023-03-16 11:30:00-04:00,38.540000915527344,38.564998626708984,38.22999954223633,38.399898529052734,574811,0.0,0.0
2023-03-16 12:30:00-04:00,38.400001525878906,38.619998931884766,38.2400016784668,38.46500015258789,536849,0.0,0.0
2023-03-16 13:30:00-04:00,38.46500015258789,38.560001373291016,38.25,38.29999923706055,573553,0.0,0.0
2023-03-16 14:30:00-04:00,38.309898376464844,38.400001525878906,38.2400016784668,38.380001068115234,551547,0.0,0.0
2023-03-16 15:30:00-04:00,38.380001068115234,38.400001525878906,38.21500015258789,38.369998931884766,1383400,0.0,0.0
2023-03-17 09:30:00-04:00,38.56999969482422,38.61000061035156,37.94499969482422,38.05500030517578,1030748,0.0,0.0
2023-03-17 10:30:00-04:00,38.060001373291016,38.08789825439453,37.47999954223633,37.54999923706055,514056,0.0,0.0
2023-03-17 11:30:00-04:00,37.54999923706055,37.685001373291016,37.459999084472656,37.61000061035156,493239,0.0,0.0
2023-03-17 12:30:00-04:00,37.61009979248047,37.7400016784668,37.47999954223633,37.57500076293945,322148,0.0,0.0
2023-03-17 13:30:00-04:00,37.57500076293945,37.685001373291016,37.345001220703125,37.375,468923,0.0,0.0
2023-03-17 14:30:00-04:00,37.369998931884766,37.779998779296875,37.3650016784668,37.744998931884766,986546,0.0,0.0
2023-03-17 15:30:00-04:00,37.75,37.7599983215332,37.56999969482422,37.58000183105469,1260529,0.0,0.0
2023-03-20 09:30:00-04:00,37.59000015258789,38.185001373291016,37.52000045776367,38.095001220703125,494883,0.0,0.0
2023-03-20 10:30:00-04:00,38.1150016784668,38.31999969482422,38.0,38.314998626708984,405583,0.0,0.0
2023-03-20 11:30:00-04:00,38.31999969482422,38.33000183105469,37.790000915527344,37.91999816894531,441696,0.0,0.0
2023-03-20 12:30:00-04:00,37.93000030517578,38.15999984741211,37.82500076293945,38.084999084472656,317328,0.0,0.0
2023-03-20 13:30:00-04:00,38.084999084472656,38.099998474121094,37.849998474121094,38.025001525878906,384358,0.0,0.0
2023-03-20 14:30:00-04:00,38.025001525878906,38.084999084472656,37.89500045776367,38.05500030517578,566473,0.0,0.0
2023-03-20 15:30:00-04:00,38.04999923706055,38.220001220703125,38.01499938964844,38.220001220703125,1042573,0.0,0.0
2023-03-21 09:30:00-04:00,38.599998474121094,39.09000015258789,38.584999084472656,39.040000915527344,890503,0.0,0.0
2023-03-21 10:30:00-04:00,39.04499816894531,39.36000061035156,38.974998474121094,39.34000015258789,879672,0.0,0.0
2023-03-21 11:30:00-04:00,39.34000015258789,39.415000915527344,39.19499969482422,39.21149826049805,819430,0.0,0.0
2023-03-21 12:30:00-04:00,39.21500015258789,39.30500030517578,39.165000915527344,39.29499816894531,746084,0.0,0.0
2023-03-21 13:30:00-04:00,39.29999923706055,39.470001220703125,39.14500045776367,39.165000915527344,997667,0.0,0.0
2023-03-21 14:30:00-04:00,39.165000915527344,39.44499969482422,39.03499984741211,39.33000183105469,1066629,0.0,0.0
2023-03-21 15:30:00-04:00,39.34000015258789,39.70500183105469,39.290000915527344,39.619998931884766,1203583,0.0,0.0
2023-03-22 09:30:00-04:00,39.599998474121094,40.04999923706055,39.439998626708984,39.994998931884766,771643,0.0,0.0
2023-03-22 10:30:00-04:00,39.9900016784668,40.095001220703125,39.90999984741211,40.040000915527344,881257,0.0,0.0
2023-03-22 11:30:00-04:00,40.040000915527344,40.14500045776367,39.94499969482422,39.94499969482422,748536,0.0,0.0
2023-03-22 12:30:00-04:00,39.935001373291016,39.959999084472656,39.68000030517578,39.73910140991211,830872,0.0,0.0
2023-03-22 13:30:00-04:00,39.72999954223633,40.060001373291016,39.65999984741211,39.86000061035156,568507,0.0,0.0
2023-03-22 14:30:00-04:00,39.85499954223633,40.125999450683594,39.494998931884766,39.746299743652344,938768,0.0,0.0
2023-03-22 15:30:00-04:00,39.744998931884766,39.755001068115234,39.130001068115234,39.13999938964844,1291047,0.0,0.0
2023-03-23 09:30:00-04:00,39.25,39.40999984741211,38.97999954223633,39.07500076293945,602242,0.0,0.0
2023-03-23 10:30:00-04:00,39.06999969482422,39.290000915527344,39.04999923706055,39.11000061035156,424407,0.0,0.0
2023-03-23 11:30:00-04:00,39.119998931884766,39.29499816894531,38.80500030517578,38.869998931884766,680143,0.0,0.0
2023-03-23 12:30:00-04:00,38.869998931884766,38.970001220703125,38.60499954223633,38.61000061035156,320908,0.0,0.0
2023-03-23 13:30:00-04:00,38.599998474121094,38.69499969482422,38.34000015258789,38.34000015258789,304726,0.0,0.0
2023-03-23 14:30:00-04:00,38.34989929199219,38.58000183105469,38.119998931884766,38.220001220703125,688056,0.0,0.0
2023-03-23 15:30:00-04:00,38.209999084472656,38.33000183105469,38.08000183105469,38.119998931884766,1252370,0.0,0.0
2023-03-24 09:30:00-04:00,38.2599983215332,38.77000045776367,38.13999938964844,38.709999084472656,1973351,0.0,0.0
2023-03-24 10:30:00-04:00,38.709999084472656,38.737300872802734,38.31999969482422,38.58000183105469,433583,0.0,0.0
2023-03-24 11:30:00-04:00,38.58000183105469,38.9900016784668,38.540000915527344,38.939998626708984,1019627,0.0,0.0
2023-03-24 12:30:00-04:00,38.935001373291016,39.10499954223633,38.78499984741211,38.83000183105469,623222,0.0,0.0
2023-03-24 13:30:00-04:00,38.83000183105469,39.39580154418945,38.80500030517578,39.349998474121094,504765,0.0,0.0
2023-03-24 14:30:00-04:00,39.349998474121094,39.470001220703125,39.06999969482422,39.334999084472656,732797,0.0,0.0
2023-03-24 15:30:00-04:00,39.334999084472656,39.459999084472656,39.13999938964844,39.22999954223633,1246864,0.0,0.0
2023-03-27 09:30:00-04:00,39.97999954223633,40.40999984741211,39.51499938964844,39.935001373291016,970821,0.0,0.0
2023-03-27 10:30:00-04:00,39.935001373291016,40.130001068115234,39.875,40.0,847757,0.0,0.0
2023-03-27 11:30:00-04:00,40.0,40.05500030517578,39.814998626708984,40.01499938964844,526319,0.0,0.0
2023-03-27 12:30:00-04:00,40.02000045776367,40.11000061035156,39.89500045776367,40.109901428222656,417719,0.0,0.0
2023-03-27 13:30:00-04:00,40.099998474121094,40.209999084472656,40.04999923706055,40.16999816894531,628014,0.0,0.0
2023-03-27 14:30:00-04:00,40.18000030517578,40.34000015258789,40.14500045776367,40.290000915527344,531402,0.0,0.0
2023-03-27 15:30:00-04:00,40.28499984741211,40.290000915527344,40.04999923706055,40.09000015258789,921739,0.0,0.0
2023-03-28 09:30:00-04:00,39.88999938964844,40.220001220703125,39.880001068115234,40.029998779296875,443794,0.0,0.0
2023-03-28 10:30:00-04:00,40.029998779296875,40.04999923706055,39.81999969482422,39.96500015258789,331342,0.0,0.0
2023-03-28 11:30:00-04:00,39.96500015258789,39.96500015258789,39.84000015258789,39.900001525878906,248938,0.0,0.0
2023-03-28 12:30:00-04:00,39.89500045776367,39.89500045776367,39.72999954223633,39.810001373291016,239294,0.0,0.0
2023-03-28 13:30:00-04:00,39.79999923706055,39.887001037597656,39.66999816894531,39.84000015258789,350174,0.0,0.0
2023-03-28 14:30:00-04:00,39.84000015258789,39.93000030517578,39.79499816894531,39.869998931884766,341513,0.0,0.0
2023-03-28 15:30:00-04:00,39.8650016784668,39.900001525878906,39.79499816894531,39.849998474121094,517161,0.0,0.0
2023-03-29 09:30:00-04:00,39.90999984741211,40.130001068115234,39.720001220703125,40.08000183105469,371429,0.0,0.0
2023-03-29 10:30:00-04:00,40.08000183105469,40.18000030517578,40.0,40.095001220703125,282229,0.0,0.0
2023-03-29 11:30:00-04:00,40.099998474121094,40.17499923706055,39.95000076293945,40.0,478997,0.0,0.0
2023-03-29 12:30:00-04:00,39.9900016784668,40.29499816894531,39.9900016784668,40.255001068115234,454413,0.0,0.0
2023-03-29 13:30:00-04:00,40.255001068115234,40.27000045776367,40.18000030517578,40.23249816894531,440611,0.0,0.0
2023-03-29 14:30:00-04:00,40.2400016784668,40.38999938964844,40.22999954223633,40.369998931884766,426899,0.0,0.0
2023-03-29 15:30:00-04:00,40.3650016784668,40.61000061035156,40.35499954223633,40.529998779296875,1051407,0.0,0.0
2023-03-30 09:30:00-04:00,40.9900016784668,41.11000061035156,40.439998626708984,40.63999938964844,830311,0.0,0.0
2023-03-30 10:30:00-04:00,40.63999938964844,40.775001525878906,40.58000183105469,40.630001068115234,428913,0.0,0.0
2023-03-30 11:30:00-04:00,40.630001068115234,40.69499969482422,40.415000915527344,40.435001373291016,414108,0.0,0.0
2023-03-30 12:30:00-04:00,40.43009948730469,40.470001220703125,40.31999969482422,40.44499969482422,427727,0.0,0.0
2023-03-30 13:30:00-04:00,40.45000076293945,40.5,40.32500076293945,40.39500045776367,565428,0.0,0.0
2023-03-30 14:30:00-04:00,40.39500045776367,40.43000030517578,40.26100158691406,40.36000061035156,473771,0.0,0.0
2023-03-30 15:30:00-04:00,40.36000061035156,40.3849983215332,40.2599983215332,40.310001373291016,776555,0.0,0.0
2023-03-31 09:30:00-04:00,40.47999954223633,40.630001068115234,40.27000045776367,40.59000015258789,458283,0.0,0.0
2023-03-31 10:30:00-04:00,40.59000015258789,40.63999938964844,40.4900016784668,40.56999969482422,253805,0.0,0.0
2023-03-31 11:30:00-04:00,40.564998626708984,40.584999084472656,40.45000076293945,40.459999084472656,274560,0.0,0.0
2023-03-31 12:30:00-04:00,40.459999084472656,40.54999923706055,40.38999938964844,40.46500015258789,319550,0.0,0.0
2023-03-31 13:30:00-04:00,40.46500015258789,40.519901275634766,40.34000015258789,40.42499923706055,280218,0.0,0.0
2023-03-31 14:30:00-04:00,40.42359924316406,40.5,40.349998474121094,40.494998931884766,683439,0.0,0.0
2023-03-31 15:30:00-04:00,40.494998931884766,40.56999969482422,40.380001068115234,40.560001373291016,1296332,0.0,0.0
2023-04-03 09:30:00-04:00,40.83000183105469,40.849998474121094,40.279998779296875,40.57500076293945,699850,0.0,0.0
2023-04-03 10:30:00-04:00,40.58000183105469,40.60499954223633,40.279998779296875,40.3849983215332,479080,0.0,0.0
2023-04-03 11:30:00-04:00,40.3849983215332,40.5,40.380001068115234,40.38999938964844,422226,0.0,0.0
2023-04-03 12:30:00-04:00,40.38999938964844,40.404998779296875,40.09000015258789,40.19499969482422,354345,0.0,0.0
2023-04-03 13:30:00-04:00,40.189998626708984,40.31999969482422,40.084999084472656,40.09000015258789,476495,0.0,0.0
2023-04-03 14:30:00-04:00,40.09000015258789,40.13999938964844,39.91999816894531,39.93220138549805,951870,0.0,0.0
2023-04-03 15:30:00-04:00,39.935001373291016,39.97999954223633,39.834999084472656,39.97999954223633,1604838,0.0,0.0
2023-04-04 09:30:00-04:00,39.970001220703125,40.685001373291016,39.665000915527344,40.494998931884766,1301931,0.0,0.0
2023-04-04 10:30:00-04:00,40.4900016784668,40.5,39.95000076293945,40.11000061035156,607119,0.0,0.0
2023-04-04 11:30:00-04:00,40.11000061035156,40.29499816894531,40.025001525878906,40.15999984741211,355787,0.0,0.0
2023-04-04 12:30:00-04:00,40.15999984741211,40.47999954223633,40.130001068115234,40.400001525878906,702148,0.0,0.0
2023-04-04 13:30:00-04:00,40.39500045776367,40.51499938964844,40.310001373291016,40.45500183105469,750973,0.0,0.0
2023-04-04 14:30:00-04:00,40.45000076293945,40.64500045776367,40.28499984741211,40.6150016784668,605220,0.0,0.0
2023-04-04 15:30:00-04:00,40.6150016784668,40.68000030517578,40.41999816894531,40.5099983215332,1720678,0.0,0.0
2023-04-05 09:30:00-04:00,40.689998626708984,41.22999954223633,40.61000061035156,41.119998931884766,2342021,0.0,0.0
2023-04-05 10:30:00-04:00,41.119998931884766,41.57500076293945,41.03269958496094,41.56999969482422,1520916,0.0,0.0
2023-04-05 11:30:00-04:00,41.57500076293945,41.80500030517578,41.375,41.75,1054171,0.0,0.0
2023-04-05 12:30:00-04:00,41.75,41.86000061035156,41.63999938964844,41.7599983215332,589523,0.0,0.0
2023-04-05 13:30:00-04:00,41.77000045776367,42.470001220703125,41.77000045776367,42.21500015258789,1651501,0.0,0.0
2023-04-05 14:30:00-04:00,42.209999084472656,42.29999923706055,42.121700286865234,42.16999816894531,970181,0.0,0.0
2023-04-05 15:30:00-04:00,42.16999816894531,42.36000061035156,42.13999938964844,42.25,1942086,0.0,0.0
2023-04-06 09:30:00-04:00,42.459999084472656,42.717201232910156,41.90299987792969,41.97999954223633,754081,0.0,0.0
2023-04-06 10:30:00-04:00,41.994998931884766,42.084999084472656,41.85499954223633,41.93000030517578,455270,0.0,0.0
2023-04-06 11:30:00-04:00,41.92499923706055,42.029998779296875,41.88999938964844,41.970001220703125,303602,0.0,0.0
2023-04-06 12:30:00-04:00,41.974998474121094,42.38999938964844,41.96500015258789,42.3650016784668,482452,0.0,0.0
2023-04-06 13:30:00-04:00,42.36000061035156,42.369998931884766,42.189998626708984,42.275001525878906,376969,0.0,0.0
2023-04-06 14:30:00-04:00,42.275001525878906,42.369998931884766,42.20000076293945,42.255001068115234,592440,0.0,0.0
2023-04-06 15:30:00-04:00,42.255001068115234,42.36000061035156,42.25,42.29999923706055,854587,0.0,0.0
2023-04-10 09:30:00-04:00,42.0,42.290000915527344,41.84000015258789,42.025001525878906,957354,0.0,0.0
2023-04-10 10:30:00-04:00,42.04999923706055,42.13999938964844,41.810001373291016,41.869998931884766,907444,0.0,0.0
2023-04-10 11:30:00-04:00,41.8650016784668,42.025001525878906,41.7400016784668,41.77000045776367,802573,0.0,0.0
2023-04-10 12:30:00-04:00,41.779998779296875,41.810001373291016,41.61000061035156,41.79999923706055,750826,0.0,0.0
2023-04-10 13:30:00-04:00,41.80500030517578,42.09000015258789,41.775001525878906,41.90999984741211,786178,0.0,0.0
2023-04-10 14:30:00-04:00,41.91999816894531,42.22999954223633,41.8650016784668,42.11000061035156,889624,0.0,0.0
2023-04-10 15:30:00-04:00,42.1150016784668,42.220001220703125,42.025001525878906,42.16999816894531,1453521,0.0,0.0
2023-04-11 09:30:00-04:00,42.4718017578125,42.97999954223633,42.4718017578125,42.96500015258789,531817,0.0,0.0
2023-04-11 10:30:00-04:00,42.96500015258789,43.1775016784668,42.849998474121094,43.150001525878906,391568,0.0,0.0
2023-04-11 11:30:00-04:00,43.150001525878906,43.21500015258789,42.91999816894531,42.970001220703125,494870,0.0,0.0
2023-04-11 12:30:00-04:00,42.970001220703125,43.03499984741211,42.904998779296875,42.95000076293945,298910,0.0,0.0
2023-04-11 13:30:00-04:00,42.95500183105469,43.00790023803711,42.86000061035156,42.994998931884766,436231,0.0,0.0
2023-04-11 14:30:00-04:00,42.9900016784668,43.040000915527344,42.834999084472656,42.974998474121094,567006,0.0,0.0
2023-04-11 15:30:00-04:00,42.9900016784668,43.029998779296875,42.869998931884766,42.900001525878906,1325445,0.0,0.0
2023-04-12 09:30:00-04:00,43.09000015258789,43.435001373291016,42.779998779296875,42.79999923706055,919609,0.0,0.0
2023-04-12 10:30:00-04:00,42.80500030517578,42.80500030517578,42.349998474121094,42.560001373291016,764236,0.0,0.0
2023-04-12 11:30:00-04:00,42.564998626708984,42.619998931884766,42.43000030517578,42.6150016784668,529282,0.0,0.0
2023-04-12 12:30:00-04:00,42.6150016784668,42.72999954223633,42.560001373291016,42.724998474121094,313332,0.0,0.0
2023-04-12 13:30:00-04:00,42.72999954223633,42.94499969482422,42.720001220703125,42.94499969482422,804278,0.0,0.0
2023-04-12 14:30:00-04:00,42.94499969482422,42.94499969482422,42.56999969482422,42.595001220703125,858483,0.0,0.0
2023-04-12 15:30:00-04:00,42.599998474121094,42.814998626708984,42.584999084472656,42.68000030517578,1512911,0.0,0.0
2023-04-13 09:30:00-04:00,42.77000045776367,43.54999923706055,42.77000045776367,43.42499923706055,2312078,0.0,0.0
2023-04-13 10:30:00-04:00,43.43000030517578,43.459999084472656,43.0099983215332,43.040000915527344,550863,0.0,0.0
2023-04-13 11:30:00-04:00,43.040000915527344,43.224998474121094,43.0,43.189998626708984,422383,0.0,0.0
2023-04-13 12:30:00-04:00,43.19499969482422,43.25,43.13999938964844,43.185001373291016,382358,0.0,0.0
2023-04-13 13:30:00-04:00,43.189998626708984,43.21500015258789,42.9900016784668,43.064998626708984,1350815,0.0,0.0
2023-04-13 14:30:00-04:00,43.064998626708984,43.24700164794922,43.05500030517578,43.224998474121094,937718,0.0,0.0
2023-04-13 15:30:00-04:00,43.224998474121094,43.40999984741211,43.150001525878906,43.18000030517578,1250119,0.0,0.0
2023-04-14 09:30:00-04:00,43.150001525878906,43.34000015258789,43.04999923706055,43.2400016784668,459790,0.0,0.0
2023-04-14 10:30:00-04:00,43.2400016784668,43.282501220703125,42.970001220703125,43.02000045776367,523243,0.0,0.0
2023-04-14 11:30:00-04:00,43.02000045776367,43.08919906616211,42.9900016784668,43.025001525878906,439584,0.0,0.0
2023-04-14 12:30:00-04:00,43.02000045776367,43.099998474121094,42.85499954223633,43.0,347536,0.0,0.0
2023-04-14 13:30:00-04:00,42.994998931884766,43.04499816894531,42.90999984741211,43.02000045776367,256954,0.0,0.0
2023-04-14 14:30:00-04:00,43.02000045776367,43.04999923706055,42.900001525878906,42.994998931884766,342406,0.0,0.0
2023-04-14 15:30:00-04:00,42.994998931884766,43.1349983215332,42.994998931884766,43.05500030517578,448451,0.0,0.0
2023-04-17 09:30:00-04:00,43.20000076293945,43.29999923706055,42.880001068115234,42.880001068115234,609077,0.0,0.0
2023-04-17 10:30:00-04:00,42.8849983215332,43.03499984741211,42.8849983215332,43.0,584429,0.0,0.0
2023-04-17 11:30:00-04:00,43.005001068115234,43.13999938964844,42.8849983215332,43.08000183105469,630201,0.0,0.0
2023-04-17 12:30:00-04:00,43.07500076293945,43.11000061035156,42.970001220703125,43.025001525878906,468970,0.0,0.0
2023-04-17 13:30:00-04:00,43.02000045776367,43.04499816894531,42.8849983215332,42.970001220703125,515661,0.0,0.0
2023-04-17 14:30:00-04:00,42.96500015258789,43.130001068115234,42.94499969482422,43.06999969482422,528375,0.0,0.0
2023-04-17 15:30:00-04:00,43.063499450683594,43.064998626708984,42.92499923706055,42.974998474121094,1317195,0.0,0.0
2023-04-18 09:30:00-04:00,43.0099983215332,43.053001403808594,42.73500061035156,42.849998474121094,597371,0.0,0.0
2023-04-18 10:30:00-04:00,42.83000183105469,43.005001068115234,42.71500015258789,43.005001068115234,330677,0.0,0.0
2023-04-18 11:30:00-04:00,43.0099983215332,43.01499938964844,42.775001525878906,42.935001373291016,353318,0.0,0.0
2023-04-18 12:30:00-04:00,42.935001373291016,42.994998931884766,42.849998474121094,42.849998474121094,254721,0.0,0.0
2023-04-18 13:30:00-04:00,42.849998474121094,43.05500030517578,42.83000183105469,42.994998931884766,465651,0.0,0.0
2023-04-18 14:30:00-04:00,42.994998931884766,43.060001373291016,42.939998626708984,42.98720169067383,388905,0.0,0.0
2023-04-18 15:30:00-04:00,42.98500061035156,42.98500061035156,42.79999923706055,42.81999969482422,511005,0.0,0.0
2023-04-19 09:30:00-04:00,42.959999084472656,43.70000076293945,42.91999816894531,43.63999938964844,837171,0.0,0.0
2023-04-19 10:30:00-04:00,43.630001068115234,43.69499969482422,43.220001220703125,43.2599983215332,785043,0.0,0.0
2023-04-19 11:30:00-04:00,43.255001068115234,43.599998474121094,43.20000076293945,43.59000015258789,437966,0.0,0.0
2023-04-19 12:30:00-04:00,43.59000015258789,43.6349983215332,43.51499938964844,43.53499984741211,330396,0.0,0.0
2023-04-19 13:30:00-04:00,43.53499984741211,43.665000915527344,43.5099983215332,43.630001068115234,357668,0.0,0.0
2023-04-19 14:30:00-04:00,43.625,43.75,43.599998474121094,43.724998474121094,436204,0.0,0.0
2023-04-19 15:30:00-04:00,43.724998474121094,43.7599983215332,43.45000076293945,43.61000061035156,1143728,0.0,0.0
2023-04-20 09:30:00-04:00,43.459999084472656,43.59000015258789,43.14500045776367,43.404998779296875,507176,0.0,0.0
2023-04-20 10:30:00-04:00,43.40999984741211,43.505001068115234,43.345001220703125,43.41999816894531,368719,0.0,0.0
2023-04-20 11:30:00-04:00,43.41999816894531,43.48500061035156,43.349998474121094,43.404998779296875,259086,0.0,0.0
2023-04-20 12:30:00-04:00,43.40999984741211,43.474998474121094,43.244998931884766,43.28499984741211,299684,0.0,0.0
2023-04-20 13:30:00-04:00,43.290000915527344,43.369998931884766,43.220001220703125,43.35499954223633,408995,0.0,0.0
2023-04-20 14:30:00-04:00,43.35499954223633,43.35499954223633,43.16999816894531,43.21500015258789,505589,0.0,0.0
2023-04-20 15:30:00-04:00,43.220001220703125,43.279998779296875,43.130001068115234,43.2599983215332,567392,0.0,0.0
2023-04-21 09:30:00-04:00,43.47999954223633,44.279998779296875,43.47999954223633,44.209999084472656,1622658,0.0,0.0
2023-04-21 10:30:00-04:00,44.21500015258789,44.47010040283203,44.165000915527344,44.439998626708984,1624528,0.0,0.0
2023-04-21 11:30:00-04:00,44.43000030517578,44.95000076293945,44.38999938964844,44.65999984741211,1282013,0.0,0.0
2023-04-21 12:30:00-04:00,44.630001068115234,44.86000061035156,44.619998931884766,44.79499816894531,678680,0.0,0.0
2023-04-21 13:30:00-04:00,44.79499816894531,45.154998779296875,44.7400016784668,45.0099983215332,1036137,0.0,0.0
2023-04-21 14:30:00-04:00,45.005001068115234,45.44499969482422,44.9900016784668,45.380001068115234,1799705,0.0,0.0
2023-04-21 15:30:00-04:00,45.3650016784668,45.42499923706055,45.15999984741211,45.290000915527344,1948055,0.0,0.0
2023-04-24 09:30:00-04:00,45.5,45.970001220703125,45.36000061035156,45.970001220703125,1760103,0.0,0.0
2023-04-24 10:30:00-04:00,45.970001220703125,45.97999954223633,45.70000076293945,45.810001373291016,973886,0.0,0.0
2023-04-24 11:30:00-04:00,45.81999969482422,45.8650016784668,45.709999084472656,45.7599983215332,1099116,0.0,0.0
2023-04-24 12:30:00-04:00,45.755001068115234,45.810001373291016,45.56999969482422,45.595001220703125,751579,0.0,0.0
2023-04-24 13:30:00-04:00,45.595001220703125,45.71500015258789,45.470001220703125,45.48500061035156,570394,0.0,0.0
2023-04-24 14:30:00-04:00,45.4900016784668,45.55500030517578,45.41999816894531,45.470001220703125,512054,0.0,0.0
2023-04-24 15:30:00-04:00,45.46500015258789,45.5,45.33000183105469,45.400001525878906,1256973,0.0,0.0
2023-04-25 09:30:00-04:00,45.09000015258789,45.53499984741211,45.070098876953125,45.345001220703125,692338,0.0,0.0
2023-04-25 10:30:00-04:00,45.34000015258789,45.79499816894531,45.2400016784668,45.724998474121094,717037,0.0,0.0
2023-04-25 11:30:00-04:00,45.724998474121094,45.97990036010742,45.54999923706055,45.974998474121094,598892,0.0,0.0
2023-04-25 12:30:00-04:00,45.94499969482422,45.96500015258789,45.51499938964844,45.654998779296875,1153579,0.0,0.0
2023-04-25 13:30:00-04:00,45.650001525878906,45.709999084472656,45.42499923706055,45.46500015258789,675293,0.0,0.0
2023-04-25 14:30:00-04:00,45.459999084472656,45.51499938964844,45.220001220703125,45.474998474121094,846190,0.0,0.0
2023-04-25 15:30:00-04:00,45.47999954223633,45.560001373291016,45.400001525878906,45.439998626708984,1154447,0.0,0.0
2023-04-26 09:30:00-04:00,44.81999969482422,45.439998626708984,44.72999954223633,45.349998474121094,727614,0.0,0.0
2023-04-26 10:30:00-04:00,45.33000183105469,45.935001373291016,45.310001373291016,45.91999816894531,777330,0.0,0.0
2023-04-26 11:30:00-04:00,45.935001373291016,46.07500076293945,45.779998779296875,46.040000915527344,667545,0.0,0.0
2023-04-26 12:30:00-04:00,46.03499984741211,46.59000015258789,45.9900016784668,46.57500076293945,884634,0.0,0.0
2023-04-26 13:30:00-04:00,46.57500076293945,46.57500076293945,46.060001373291016,46.2400016784668,847770,0.0,0.0
2023-04-26 14:30:00-04:00,46.244998931884766,46.2599983215332,45.970001220703125,46.150001525878906,725550,0.0,0.0
2023-04-26 15:30:00-04:00,46.150001525878906,46.17499923706055,45.98500061035156,46.08000183105469,1186162,0.0,0.0
2023-04-27 09:30:00-04:00,47.0,47.96500015258789,45.58250045776367,45.939998626708984,3805137,0.0,0.0
2023-04-27 10:30:00-04:00,45.970001220703125,46.220001220703125,45.060001373291016,45.685001373291016,1569864,0.0,0.0
2023-04-27 11:30:00-04:00,45.70000076293945,46.689998626708984,45.70000076293945,46.3849983215332,867770,0.0,0.0
2023-04-27 12:30:00-04:00,46.400001525878906,46.63999938964844,46.22999954223633,46.4900016784668,500688,0.0,0.0
2023-04-27 13:30:00-04:00,46.48500061035156,46.63999938964844,46.40999984741211,46.435001373291016,616505,0.0,0.0
2023-04-27 14:30:00-04:00,46.45000076293945,46.69499969482422,46.42250061035156,46.494998931884766,868537,0.0,0.0
2023-04-27 15:30:00-04:00,46.494998931884766,46.849998474121094,46.494998931884766,46.79999923706055,1891474,0.0,0.0
2023-04-28 09:30:00-04:00,46.939998626708984,47.599998474121094,46.68000030517578,47.38999938964844,1210303,0.0,0.0
2023-04-28 10:30:00-04:00,47.40999984741211,47.569400787353516,47.22359848022461,47.28499984741211,523081,0.0,0.0
2023-04-28 11:30:00-04:00,47.290000915527344,47.560001373291016,47.220001220703125,47.54499816894531,448478,0.0,0.0
2023-04-28 12:30:00-04:00,47.54999923706055,47.86000061035156,47.5099983215332,47.834999084472656,420107,0.0,0.0
2023-04-28 13:30:00-04:00,47.834999084472656,47.875,47.58000183105469,47.595001220703125,692283,0.0,0.0
2023-04-28 14:30:00-04:00,47.595001220703125,47.70500183105469,47.45000076293945,47.630001068115234,709133,0.0,0.0
2023-04-28 15:30:00-04:00,47.625,47.80500030517578,47.595001220703125,47.689998626708984,1197512,0.0,0.0
2023-05-01 09:30:00-04:00,47.59000015258789,48.22999954223633,47.45000076293945,47.68000030517578,438864,0.0,0.0
2023-05-01 10:30:00-04:00,47.689998626708984,47.70500183105469,47.30500030517578,47.435001373291016,346225,0.0,0.0
2023-05-01 11:30:00-04:00,47.41999816894531,47.630001068115234,47.369998931884766,47.571800231933594,219546,0.0,0.0
2023-05-01 12:30:00-04:00,47.560001373291016,47.65999984741211,47.52000045776367,47.56999969482422,221607,0.0,0.0
2023-05-01 13:30:00-04:00,47.560001373291016,47.564998626708984,47.43000030517578,47.5,450514,0.0,0.0
2023-05-01 14:30:00-04:00,47.4900016784668,47.55500030517578,47.40999984741211,47.5,497471,0.0,0.0
2023-05-01 15:30:00-04:00,47.494998931884766,47.5099983215332,47.34000015258789,47.38999938964844,872189,0.0,0.0
2023-05-02 09:30:00-04:00,47.189998626708984,47.56999969482422,46.95000076293945,47.16999816894531,533815,0.0,0.0
2023-05-02 10:30:00-04:00,47.16999816894531,47.17219924926758,46.83000183105469,47.06880187988281,593447,0.0,0.0
2023-05-02 11:30:00-04:00,47.06999969482422,47.290000915527344,46.9900016784668,47.13999938964844,596312,0.0,0.0
2023-05-02 12:30:00-04:00,47.14500045776367,47.290000915527344,47.11000061035156,47.16999816894531,375450,0.0,0.0
2023-05-02 13:30:00-04:00,47.15999984741211,47.244998931884766,47.05500030517578,47.119998931884766,318345,0.0,0.0
2023-05-02 14:30:00-04:00,47.1150016784668,47.28499984741211,47.05500030517578,47.18000030517578,397580,0.0,0.0
2023-05-02 15:30:00-04:00,47.17499923706055,47.17499923706055,46.9900016784668,47.02000045776367,539188,0.0,0.0
2023-05-03 09:30:00-04:00,47.15999984741211,47.540000915527344,47.0099983215332,47.224998474121094,530272,0.0,0.0
2023-05-03 10:30:00-04:00,47.22999954223633,47.25,46.77000045776367,46.90999984741211,306444,0.0,0.0
2023-05-03 11:30:00-04:00,46.90999984741211,47.094600677490234,46.90999984741211,47.094600677490234,172342,0.0,0.0
2023-05-03 12:30:00-04:00,47.099998474121094,47.28990173339844,47.06999969482422,47.22999954223633,149423,0.0,0.0
2023-05-03 13:30:00-04:00,47.2400016784668,47.380001068115234,47.04999923706055,47.130001068115234,241963,0.0,0.0
2023-05-03 14:30:00-04:00,47.130001068115234,47.2400016784668,46.619998931884766,46.619998931884766,458585,0.0,0.0
2023-05-03 15:30:00-04:00,46.61000061035156,46.7599983215332,46.470001220703125,46.4900016784668,1194342,0.0,0.0
2023-05-04 09:30:00-04:00,46.130001068115234,46.36000061035156,45.48500061035156,45.619998931884766,1219928,0.0,0.0
2023-05-04 10:30:00-04:00,45.61000061035156,45.91999816894531,45.58000183105469,45.599998474121094,468490,0.0,0.0
2023-05-04 11:30:00-04:00,45.599998474121094,45.689998626708984,45.279998779296875,45.6150016784668,243667,0.0,0.0
2023-05-04 12:30:00-04:00,45.619998931884766,45.67499923706055,45.31010055541992,45.619998931884766,230753,0.0,0.0
2023-05-04 13:30:00-04:00,45.61000061035156,45.650001525878906,45.349998474121094,45.43000030517578,296389,0.0,0.0
2023-05-04 14:30:00-04:00,45.43000030517578,45.45000076293945,45.220001220703125,45.244998931884766,508272,0.0,0.0
2023-05-04 15:30:00-04:00,45.2400016784668,45.470001220703125,45.2400016784668,45.29999923706055,852459,0.0,0.0
2023-05-05 09:30:00-04:00,45.540000915527344,45.619998931884766,45.310001373291016,45.40999984741211,450506,0.0,0.0
2023-05-05 10:30:00-04:00,45.40999984741211,45.79999923706055,45.40999984741211,45.720001220703125,341400,0.0,0.0
2023-05-05 11:30:00-04:00,45.720001220703125,45.84989929199219,45.6150016784668,45.779998779296875,248677,0.0,0.0
2023-05-05 12:30:00-04:00,45.80500030517578,45.8849983215332,45.709999084472656,45.8650016784668,224602,0.0,0.0
2023-05-05 13:30:00-04:00,45.875,45.94499969482422,45.77220153808594,45.875,275552,0.0,0.0
2023-05-05 14:30:00-04:00,45.875,46.16999816894531,45.81999969482422,46.09000015258789,629907,0.0,0.0
2023-05-05 15:30:00-04:00,46.09000015258789,46.15999984741211,46.0099983215332,46.08000183105469,731384,0.0,0.0
2023-05-08 09:30:00-04:00,46.5,47.2599983215332,45.290000915527344,45.67499923706055,1747011,0.0,0.0
2023-05-08 10:30:00-04:00,45.67499923706055,46.33000183105469,45.5,45.560001373291016,886990,0.0,0.0
2023-05-08 11:30:00-04:00,45.56999969482422,45.72999954223633,45.04999923706055,45.06999969482422,1161557,0.0,0.0
2023-05-08 12:30:00-04:00,45.06999969482422,45.72999954223633,44.81999969482422,45.709999084472656,687507,0.0,0.0
2023-05-08 13:30:00-04:00,45.71900177001953,46.0,45.619998931884766,45.880001068115234,1275948,0.0,0.0
2023-05-08 14:30:00-04:00,45.880001068115234,45.935001373291016,45.650001525878906,45.65599822998047,591708,0.0,0.0
2023-05-08 15:30:00-04:00,45.654998779296875,45.709999084472656,45.4900016784668,45.619998931884766,855757,0.0,0.0
2023-05-09 09:30:00-04:00,44.86000061035156,44.98500061035156,43.13999938964844,43.150001525878906,2509557,0.0,0.0
2023-05-09 10:30:00-04:00,43.150001525878906,43.27000045776367,42.790000915527344,43.02000045776367,1513196,0.0,0.0
2023-05-09 11:30:00-04:00,43.0099983215332,43.08000183105469,42.439998626708984,42.7400016784668,1182034,0.0,0.0
2023-05-09 12:30:00-04:00,42.744998931884766,43.150001525878906,42.720001220703125,43.029998779296875,637813,0.0,0.0
2023-05-09 13:30:00-04:00,43.02000045776367,43.459999084472656,43.0099983215332,43.33000183105469,860722,0.0,0.0
2023-05-09 14:30:00-04:00,43.31999969482422,43.3849983215332,43.064998626708984,43.119998931884766,676485,0.0,0.0
2023-05-09 15:30:00-04:00,43.1150016784668,43.17499923706055,43.005001068115234,43.09000015258789,1415034,0.0,0.0
2023-05-10 09:30:00-04:00,43.31999969482422,44.08000183105469,43.099998474121094,43.89250183105469,1620854,0.0,0.0
2023-05-10 10:30:00-04:00,43.90999984741211,44.18000030517578,43.77000045776367,43.904998779296875,1529675,0.0,0.0
2023-05-10 11:30:00-04:00,43.900001525878906,43.970001220703125,43.7599983215332,43.875,466285,0.0,0.0
2023-05-10 12:30:00-04:00,43.875,43.93000030517578,43.650001525878906,43.720001220703125,379190,0.0,0.0
2023-05-10 13:30:00-04:00,43.71500015258789,44.005001068115234,43.689998626708984,43.91999816894531,489354,0.0,0.0
2023-05-10 14:30:00-04:00,43.91999816894531,44.18000030517578,43.85499954223633,43.970001220703125,920201,0.0,0.0
2023-05-10 15:30:00-04:00,43.970001220703125,44.029998779296875,43.79999923706055,43.84000015258789,1279061,0.0,0.0
2023-05-11 09:30:00-04:00,43.810001373291016,43.869998931884766,43.2599983215332,43.525001525878906,616107,0.0,0.0
2023-05-11 10:30:00-04:00,43.52000045776367,43.56999969482422,43.04999923706055,43.095001220703125,844165,0.0,0.0
2023-05-11 11:30:00-04:00,43.099998474121094,43.31999969482422,43.095001220703125,43.13999938964844,2124328,0.0,0.0
2023-05-11 12:30:00-04:00,43.14500045776367,43.67499923706055,43.13999938964844,43.6349983215332,550496,0.0,0.0
2023-05-11 13:30:00-04:00,43.630001068115234,43.63999938964844,43.19499969482422,43.20000076293945,898873,0.0,0.0
2023-05-11 14:30:00-04:00,43.18000030517578,43.3650016784668,43.060001373291016,43.345001220703125,1151721,0.0,0.0
2023-05-11 15:30:00-04:00,43.349998474121094,43.5099983215332,43.349998474121094,43.380001068115234,1180266,0.0,0.0
2023-05-12 09:30:00-04:00,43.43000030517578,43.5,43.20500183105469,43.310001373291016,535312,0.0,0.0
2023-05-12 10:30:00-04:00,43.290000915527344,43.470001220703125,43.01499938964844,43.04999923706055,396766,0.0,0.0
2023-05-12 11:30:00-04:00,43.04999923706055,43.10499954223633,42.685001373291016,42.689998626708984,661284,0.0,0.0
2023-05-12 12:30:00-04:00,42.69499969482422,42.720001220703125,42.375,42.375,597825,0.0,0.0
2023-05-12 13:30:00-04:00,42.380001068115234,42.6150016784668,42.279998779296875,42.56999969482422,589372,0.0,0.0
2023-05-12 14:30:00-04:00,42.56999969482422,42.56999969482422,42.33000183105469,42.44499969482422,611077,0.0,0.0
2023-05-12 15:30:00-04:00,42.44499969482422,42.5099983215332,42.40999984741211,42.47999954223633,1179854,0.0,0.0
2023-05-15 09:30:00-04:00,42.56999969482422,42.810001373291016,42.22999954223633,42.76499938964844,482717,0.0,0.0
2023-05-15 10:30:00-04:00,42.7599983215332,42.810001373291016,42.47999954223633,42.790000915527344,606119,0.0,0.0
2023-05-15 11:30:00-04:00,42.790000915527344,42.82929992675781,42.654998779296875,42.81999969482422,298534,0.0,0.0
2023-05-15 12:30:00-04:00,42.83000183105469,43.13999938964844,42.814998626708984,43.040000915527344,305745,0.0,0.0
2023-05-15 13:30:00-04:00,43.029998779296875,43.060001373291016,42.79999923706055,42.83000183105469,322220,0.0,0.0
2023-05-15 14:30:00-04:00,42.834999084472656,42.900001525878906,42.75,42.779998779296875,478488,0.0,0.0
2023-05-15 15:30:00-04:00,42.772499084472656,42.83000183105469,42.744998931884766,42.83000183105469,910282,0.0,0.0
2023-05-16 09:30:00-04:00,42.630001068115234,43.47999954223633,42.59000015258789,43.47999954223633,1255740,0.0,0.0
2023-05-16 10:30:00-04:00,43.4900016784668,43.68000030517578,43.099998474121094,43.220001220703125,657467,0.0,0.0
2023-05-16 11:30:00-04:00,43.220001220703125,43.290000915527344,42.93000030517578,42.974998474121094,431990,0.0,0.0
2023-05-16 12:30:00-04:00,42.970001220703125,43.220001220703125,42.875,42.900001525878906,309940,0.0,0.0
2023-05-16 13:30:00-04:00,42.904998779296875,42.94139862060547,42.79999923706055,42.84000015258789,156634,0.0,0.0
2023-05-16 14:30:00-04:00,42.84000015258789,43.095001220703125,42.83000183105469,43.08000183105469,448209,0.0,0.0
2023-05-16 15:30:00-04:00,43.084999084472656,43.11000061035156,42.970001220703125,43.02000045776367,795193,0.0,0.0
2023-05-17 09:30:00-04:00,42.9900016784668,43.224998474121094,42.54999923706055,42.650001525878906,574196,0.0,0.0
2023-05-17 10:30:00-04:00,42.64500045776367,42.7599983215332,42.5,42.625,375814,0.0,0.0
2023-05-17 11:30:00-04:00,42.619998931884766,42.83000183105469,42.54999923706055,42.599998474121094,312788,0.0,0.0
2023-05-17 12:30:00-04:00,42.60499954223633,42.81999969482422,42.60499954223633,42.810001373291016,299891,0.0,0.0
2023-05-17 13:30:00-04:00,42.810001373291016,42.9900016784668,42.810001373291016,42.84000015258789,440779,0.0,0.0
2023-05-17 14:30:00-04:00,42.834999084472656,42.90999984741211,42.70000076293945,42.82500076293945,374356,0.0,0.0
2023-05-17 15:30:00-04:00,42.83000183105469,42.88999938964844,42.720001220703125,42.779998779296875,757010,0.0,0.0
2023-05-18 09:30:00-04:00,42.59000015258789,42.84000015258789,42.474998474121094,42.82500076293945,483004,0.0,0.0
2023-05-18 10:30:00-04:00,42.83000183105469,43.029998779296875,42.83000183105469,42.834999084472656,428095,0.0,0.0
2023-05-18 11:30:00-04:00,42.834999084472656,42.869998931884766,42.61000061035156,42.650001525878906,316978,0.0,0.0
2023-05-18 12:30:00-04:00,42.64500045776367,42.720001220703125,42.560001373291016,42.6349983215332,241517,0.0,0.0
2023-05-18 13:30:00-04:00,42.6349983215332,42.69499969482422,42.505001068115234,42.65999984741211,226144,0.0,0.0
2023-05-18 14:30:00-04:00,42.65999984741211,42.84000015258789,42.630001068115234,42.79999923706055,518315,0.0,0.0
2023-05-18 15:30:00-04:00,42.79999923706055,43.08000183105469,42.77000045776367,43.040000915527344,616326,0.0,0.0
2023-05-19 09:30:00-04:00,43.25,43.36000061035156,43.04999923706055,43.25090026855469,451717,0.0,0.0
2023-05-19 10:30:00-04:00,43.244998931884766,43.2599983215332,42.88999938964844,42.93000030517578,256450,0.0,0.0
2023-05-19 11:30:00-04:00,42.93000030517578,43.0,42.79999923706055,42.970001220703125,383153,0.0,0.0
2023-05-19 12:30:00-04:00,42.970001220703125,43.078800201416016,42.869998931884766,42.9900016784668,204528,0.0,0.0
2023-05-19 13:30:00-04:00,42.989898681640625,43.040000915527344,42.88999938964844,42.935001373291016,342722,0.0,0.0
2023-05-19 14:30:00-04:00,42.93000030517578,43.025001525878906,42.790000915527344,42.790000915527344,363626,0.0,0.0
2023-05-19 15:30:00-04:00,42.79999923706055,43.029998779296875,42.744998931884766,42.97999954223633,581800,0.0,0.0
2023-05-22 09:30:00-04:00,42.9900016784668,43.290000915527344,42.72999954223633,42.810001373291016,493089,0.0,0.0
2023-05-22 10:30:00-04:00,42.81999969482422,43.005001068115234,42.72999954223633,42.91999816894531,270254,0.0,0.0
2023-05-22 11:30:00-04:00,42.93000030517578,42.98500061035156,42.80500030517578,42.810001373291016,322867,0.0,0.0
2023-05-22 12:30:00-04:00,42.810001373291016,42.84000015258789,42.6150016784668,42.6150016784668,247329,0.0,0.0
2023-05-22 13:30:00-04:00,42.625,42.77000045776367,42.5,42.584999084472656,349057,0.0,0.0
2023-05-22 14:30:00-04:00,42.584999084472656,42.63999938964844,42.44499969482422,42.47999954223633,483647,0.0,0.0
2023-05-22 15:30:00-04:00,42.474998474121094,42.61000061035156,42.43000030517578,42.59000015258789,695814,0.0,0.0
2023-05-23 09:30:00-04:00,42.599998474121094,43.25,42.459999084472656,42.7599983215332,524539,0.0,0.0
2023-05-23 10:30:00-04:00,42.779998779296875,42.79499816894531,42.61000061035156,42.689998626708984,261077,0.0,0.0
2023-05-23 11:30:00-04:00,42.685001373291016,42.810001373291016,42.2400016784668,42.310001373291016,335362,0.0,0.0
2023-05-23 12:30:00-04:00,42.310001373291016,42.43000030517578,42.23500061035156,42.2400016784668,273531,0.0,0.0
2023-05-23 13:30:00-04:00,42.22999954223633,42.880001068115234,42.16999816894531,42.67499923706055,748890,0.0,0.0
2023-05-23 14:30:00-04:00,42.66999816894531,42.73500061035156,42.34000015258789,42.48500061035156,668244,0.0,0.0
2023-05-23 15:30:00-04:00,42.4900016784668,42.5099983215332,42.40999984741211,42.5,698767,0.0,0.0
2023-05-24 09:30:00-04:00,42.310001373291016,42.310001373291016,41.80500030517578,41.95000076293945,543113,0.0,0.0
2023-05-24 10:30:00-04:00,41.95000076293945,42.39500045776367,41.900001525878906,42.279998779296875,729173,0.0,0.0
2023-05-24 11:30:00-04:00,42.279998779296875,42.32500076293945,42.09000015258789,42.10499954223633,331783,0.0,0.0
2023-05-24 12:30:00-04:00,42.11000061035156,42.2599983215332,42.04999923706055,42.15999984741211,339689,0.0,0.0
2023-05-24 13:30:00-04:00,42.154998779296875,42.224998474121094,41.959999084472656,41.970001220703125,225135,0.0,0.0
2023-05-24 14:30:00-04:00,41.959999084472656,42.2400016784668,41.95000076293945,42.125,305990,0.0,0.0
2023-05-24 15:30:00-04:00,42.125,42.279998779296875,42.119998931884766,42.119998931884766,651928,0.0,0.0
2023-05-25 09:30:00-04:00,41.529998779296875,41.630001068115234,41.06999969482422,41.38999938964844,659510,0.0,0.0
2023-05-25 10:30:00-04:00,41.369998931884766,41.470001220703125,41.189998626708984,41.244998931884766,464545,0.0,0.0
2023-05-25 11:30:00-04:00,41.25,41.369998931884766,41.119998931884766,41.119998931884766,388448,0.0,0.0
2023-05-25 12:30:00-04:00,41.130001068115234,41.45000076293945,41.07500076293945,41.435001373291016,440577,0.0,0.0
2023-05-25 13:30:00-04:00,41.439998626708984,41.505001068115234,41.189998626708984,41.19499969482422,398442,0.0,0.0
2023-05-25 14:30:00-04:00,41.19499969482422,41.25,41.0,41.209999084472656,435682,0.0,0.0
2023-05-25 15:30:00-04:00,41.209999084472656,41.400001525878906,41.20500183105469,41.33000183105469,676156,0.0,0.0
2023-05-26 09:30:00-04:00,41.459999084472656,41.65999984741211,41.15999984741211,41.38999938964844,393425,0.0,0.0
2023-05-26 10:30:00-04:00,41.38999938964844,41.400001525878906,41.060001373291016,41.084999084472656,296433,0.0,0.0
2023-05-26 11:30:00-04:00,41.09000015258789,41.15999984741211,41.03499984741211,41.13999938964844,242925,0.0,0.0
2023-05-26 12:30:00-04:00,41.13999938964844,41.165000915527344,40.88999938964844,40.9900016784668,320248,0.0,0.0
2023-05-26 13:30:00-04:00,40.994998931884766,41.130001068115234,40.970001220703125,41.11000061035156,242523,0.0,0.0
2023-05-26 14:30:00-04:00,41.11000061035156,41.36000061035156,41.10499954223633,41.20500183105469,327983,0.0,0.0
2023-05-26 15:30:00-04:00,41.20000076293945,41.369998931884766,41.16999816894531,41.279998779296875,525873,0.0,0.0
2023-05-30 09:30:00-04:00,40.935001373291016,41.099998474121094,40.59000015258789,40.599998474121094,5379556,0.0,0.0
2023-05-30 10:30:00-04:00,40.599998474121094,40.779998779296875,40.470001220703125,40.55500030517578,533921,0.0,0.0
2023-05-30 11:30:00-04:00,40.55500030517578,40.70000076293945,40.47999954223633,40.68000030517578,258174,0.0,0.0
2023-05-30 12:30:00-04:00,40.67499923706055,40.70000076293945,40.47999954223633,40.494998931884766,224639,0.0,0.0
2023-05-30 13:30:00-04:00,40.4900016784668,40.600799560546875,40.369998931884766,40.400001525878906,321925,0.0,0.0
2023-05-30 14:30:00-04:00,40.404998779296875,40.5099983215332,40.345001220703125,40.369998931884766,773160,0.0,0.0
2023-05-30 15:30:00-04:00,40.369998931884766,40.400001525878906,40.22999954223633,40.33000183105469,814184,0.0,0.0
2023-05-31 09:30:00-04:00,40.209999084472656,40.279998779296875,39.91999816894531,40.20000076293945,1028472,0.0,0.0
2023-05-31 10:30:00-04:00,40.20000076293945,40.29999923706055,40.02000045776367,40.24079895019531,450296,0.0,0.0
2023-05-31 11:30:00-04:00,40.22999954223633,40.5,40.150001525878906,40.48500061035156,824460,0.0,0.0
2023-05-31 12:30:00-04:00,40.4900016784668,40.64500045776367,40.41999816894531,40.525001525878906,656540,0.0,0.0
2023-05-31 13:30:00-04:00,40.525001525878906,40.775001525878906,40.525001525878906,40.665000915527344,465998,0.0,0.0
2023-05-31 14:30:00-04:00,40.665000915527344,40.845001220703125,40.560001373291016,40.81999969482422,1232796,0.0,0.0
2023-05-31 15:30:00-04:00,40.814998626708984,40.94499969482422,40.619998931884766,40.720001220703125,1781821,0.0,0.0
2023-06-01 09:30:00-04:00,40.56999969482422,40.66999816894531,40.220001220703125,40.529998779296875,443476,0.0,0.0
2023-06-01 10:30:00-04:00,40.529998779296875,40.814998626708984,40.529998779296875,40.77000045776367,324595,0.0,0.0
2023-06-01 11:30:00-04:00,40.779998779296875,41.21900177001953,40.7400016784668,41.21099853515625,330295,0.0,0.0
2023-06-01 12:30:00-04:00,41.220001220703125,41.32500076293945,41.04999923706055,41.097999572753906,339130,0.0,0.0
2023-06-01 13:30:00-04:00,41.095001220703125,41.20500183105469,40.959999084472656,40.970001220703125,264856,0.0,0.0
2023-06-01 14:30:00-04:00,40.97999954223633,41.22999954223633,40.97999954223633,41.03499984741211,346638,0.0,0.0
2023-06-01 15:30:00-04:00,41.040000915527344,41.25,40.95000076293945,41.25,862488,0.0,0.0
2023-06-02 09:30:00-04:00,41.63999938964844,41.709999084472656,41.029998779296875,41.060001373291016,496748,0.0,0.0
2023-06-02 10:30:00-04:00,41.060001373291016,41.209999084472656,40.81999969482422,41.06999969482422,601899,0.0,0.0
2023-06-02 11:30:00-04:00,41.06999969482422,41.290000915527344,41.04999923706055,41.28010177612305,276137,0.0,0.0
2023-06-02 12:30:00-04:00,41.279998779296875,41.29499816894531,41.165000915527344,41.29499816894531,185080,0.0,0.0
2023-06-02 13:30:00-04:00,41.29999923706055,41.36000061035156,41.04999923706055,41.15999984741211,668511,0.0,0.0
2023-06-02 14:30:00-04:00,41.154998779296875,41.36000061035156,41.154998779296875,41.32500076293945,257866,0.0,0.0
2023-06-02 15:30:00-04:00,41.31999969482422,41.41999816894531,41.30500030517578,41.31999969482422,647728,0.0,0.0
2023-06-05 09:30:00-04:00,41.41999816894531,41.75,41.209999084472656,41.279998779296875,352865,0.0,0.0
2023-06-05 10:30:00-04:00,41.279998779296875,41.439998626708984,41.11000061035156,41.29499816894531,367939,0.0,0.0
2023-06-05 11:30:00-04:00,41.29999923706055,41.564998626708984,41.21379852294922,41.45500183105469,276038,0.0,0.0
2023-06-05 12:30:00-04:00,41.45500183105469,41.560001373291016,41.400001525878906,41.40999984741211,168614,0.0,0.0
2023-06-05 13:30:00-04:00,41.400001525878906,41.53499984741211,41.380001068115234,41.47999954223633,146661,0.0,0.0
2023-06-05 14:30:00-04:00,41.4900016784668,41.54499816894531,41.36000061035156,41.5099983215332,274975,0.0,0.0
2023-06-05 15:30:00-04:00,41.51499938964844,41.68000030517578,41.4900016784668,41.65999984741211,469110,0.0,0.0
2023-06-06 09:30:00-04:00,41.5,41.529998779296875,41.189998626708984,41.255001068115234,394664,0.0,0.0
2023-06-06 10:30:00-04:00,41.255001068115234,41.404998779296875,41.209999084472656,41.255001068115234,386656,0.0,0.0
2023-06-06 11:30:00-04:00,41.255001068115234,41.33000183105469,40.96500015258789,41.005001068115234,294679,0.0,0.0
2023-06-06 12:30:00-04:00,41.005001068115234,41.20000076293945,40.95500183105469,41.08000183105469,181950,0.0,0.0
2023-06-06 13:30:00-04:00,41.084999084472656,41.084999084472656,40.869998931884766,41.0,302095,0.0,0.0
2023-06-06 14:30:00-04:00,41.0,41.0,40.84000015258789,40.88999938964844,449135,0.0,0.0
2023-06-06 15:30:00-04:00,40.8849983215332,41.06999969482422,40.8849983215332,40.95000076293945,619496,0.0,0.0
2023-06-07 09:30:00-04:00,41.18000030517578,41.20000076293945,40.939998626708984,41.1150016784668,1528764,0.0,0.0
2023-06-07 10:30:00-04:00,41.10499954223633,41.52000045776367,41.07500076293945,41.44499969482422,407917,0.0,0.0
2023-06-07 11:30:00-04:00,41.439998626708984,41.5099983215332,41.345001220703125,41.505001068115234,233234,0.0,0.0
2023-06-07 12:30:00-04:00,41.5,41.92499923706055,41.494998931884766,41.92499923706055,319961,0.0,0.0
2023-06-07 13:30:00-04:00,41.900001525878906,42.1150016784668,41.850799560546875,41.959999084472656,455516,0.0,0.0
2023-06-07 14:30:00-04:00,41.965999603271484,42.08000183105469,41.90999984741211,42.08000183105469,308520,0.0,0.0
2023-06-07 15:30:00-04:00,42.07500076293945,42.220001220703125,42.0099983215332,42.15999984741211,746134,0.0,0.0
2023-06-08 09:30:00-04:00,42.25,42.380001068115234,41.529998779296875,41.59000015258789,749382,0.0,0.0
2023-06-08 10:30:00-04:00,41.58000183105469,41.755001068115234,41.060001373291016,41.08000183105469,650124,0.0,0.0
2023-06-08 11:30:00-04:00,41.060001373291016,41.119998931884766,40.64390182495117,40.82500076293945,1009238,0.0,0.0
2023-06-08 12:30:00-04:00,40.83000183105469,41.060001373291016,40.7599983215332,40.97999954223633,559906,0.0,0.0
2023-06-08 13:30:00-04:00,40.97999954223633,41.165000915527344,40.935001373291016,40.98500061035156,476284,0.0,0.0
2023-06-08 14:30:00-04:00,40.97999954223633,41.25,40.91999816894531,41.185001373291016,414260,0.0,0.0
2023-06-08 15:30:00-04:00,41.18000030517578,41.45000076293945,41.165000915527344,41.34000015258789,730948,0.0,0.0
2023-06-09 09:30:00-04:00,41.540000915527344,42.189998626708984,41.2400016784668,42.154998779296875,572607,0.0,0.0
2023-06-09 10:30:00-04:00,42.150001525878906,42.220001220703125,41.97999954223633,42.04010009765625,320391,0.0,0.0
2023-06-09 11:30:00-04:00,42.04499816894531,42.20500183105469,41.755001068115234,41.76679992675781,362150,0.0,0.0
2023-06-09 12:30:00-04:00,41.77000045776367,42.060001373291016,41.720001220703125,41.935001373291016,263118,0.0,0.0
2023-06-09 13:30:00-04:00,41.935001373291016,42.0099983215332,41.84000015258789,41.84980010986328,192685,0.0,0.0
2023-06-09 14:30:00-04:00,41.845001220703125,42.09000015258789,41.82500076293945,42.064998626708984,348098,0.0,0.0
2023-06-09 15:30:00-04:00,42.06999969482422,42.09000015258789,41.900001525878906,41.970001220703125,680661,0.0,0.0
2023-06-12 09:30:00-04:00,42.130001068115234,43.14500045776367,41.97999954223633,42.810001373291016,563288,0.0,0.0
2023-06-12 10:30:00-04:00,42.80500030517578,42.85499954223633,42.56999969482422,42.70000076293945,257914,0.0,0.0
2023-06-12 11:30:00-04:00,42.70949935913086,43.01499938964844,42.66999816894531,42.900001525878906,316107,0.0,0.0
2023-06-12 12:30:00-04:00,42.88999938964844,42.939998626708984,42.560001373291016,42.56999969482422,208270,0.0,0.0
2023-06-12 13:30:00-04:00,42.564998626708984,42.6150016784668,42.4900016784668,42.54499816894531,216951,0.0,0.0
2023-06-12 14:30:00-04:00,42.540000915527344,42.7400016784668,42.5099983215332,42.724998474121094,352022,0.0,0.0
2023-06-12 15:30:00-04:00,42.724998474121094,42.79999923706055,42.60499954223633,42.720001220703125,655992,0.0,0.0
2023-06-13 09:30:00-04:00,42.88999938964844,43.52000045776367,42.79999923706055,43.314998626708984,479479,0.0,0.0
2023-06-13 10:30:00-04:00,43.314998626708984,43.61989974975586,43.20000076293945,43.4900016784668,465891,0.0,0.0
2023-06-13 11:30:00-04:00,43.494998931884766,43.529998779296875,43.375,43.525001525878906,304716,0.0,0.0
2023-06-13 12:30:00-04:00,43.525001525878906,43.709999084472656,43.474998474121094,43.70500183105469,356709,0.0,0.0
2023-06-13 13:30:00-04:00,43.709999084472656,43.72999954223633,43.4900016784668,43.5099983215332,465509,0.0,0.0
2023-06-13 14:30:00-04:00,43.505001068115234,43.57500076293945,43.42499923706055,43.5099983215332,526570,0.0,0.0
2023-06-13 15:30:00-04:00,43.505001068115234,43.5099983215332,43.31999969482422,43.47999954223633,836169,0.0,0.0
2023-06-14 09:30:00-04:00,44.18000030517578,44.459999084472656,43.7400016784668,44.0,905084,0.0,0.0
2023-06-14 10:30:00-04:00,44.0,44.400001525878906,43.939998626708984,44.25,1270100,0.0,0.0
2023-06-14 11:30:00-04:00,44.2400016784668,44.46500015258789,44.15999984741211,44.209999084472656,424013,0.0,0.0
2023-06-14 12:30:00-04:00,44.209999084472656,44.2599983215332,43.849998474121094,43.849998474121094,465150,0.0,0.0
2023-06-14 13:30:00-04:00,43.849998474121094,43.959999084472656,43.47999954223633,43.6150016784668,545180,0.0,0.0
2023-06-14 14:30:00-04:00,43.619998931884766,43.88999938964844,43.54499816894531,43.63999938964844,694826,0.0,0.0
2023-06-14 15:30:00-04:00,43.630001068115234,43.650001525878906,43.45000076293945,43.459999084472656,830814,0.0,0.0
2023-06-15 09:30:00-04:00,43.380001068115234,43.97999954223633,43.310001373291016,43.619998931884766,446464,0.0,0.0
2023-06-15 10:30:00-04:00,43.599998474121094,43.720001220703125,43.32500076293945,43.689998626708984,365095,0.0,0.0
2023-06-15 11:30:00-04:00,43.685001373291016,43.85499954223633,43.4900016784668,43.81999969482422,343071,0.0,0.0
2023-06-15 12:30:00-04:00,43.81999969482422,43.82500076293945,43.6692008972168,43.70000076293945,313673,0.0,0.0
2023-06-15 13:30:00-04:00,43.70000076293945,44.09000015258789,43.650001525878906,44.06999969482422,353053,0.0,0.0
2023-06-15 14:30:00-04:00,44.06999969482422,44.55500030517578,44.04999923706055,44.5,680839,0.0,0.0
2023-06-15 15:30:00-04:00,44.5099983215332,44.584999084472656,44.38999938964844,44.459999084472656,867818,0.0,0.0
2023-06-16 09:30:00-04:00,45.16999816894531,45.400001525878906,44.790000915527344,45.02000045776367,1266643,0.0,0.0
2023-06-16 10:30:00-04:00,45.01570129394531,45.150001525878906,44.880001068115234,44.939998626708984,1018742,0.0,0.0
2023-06-16 11:30:00-04:00,44.95000076293945,45.290000915527344,44.900001525878906,45.20500183105469,551472,0.0,0.0
2023-06-16 12:30:00-04:00,45.212501525878906,45.38999938964844,45.19499969482422,45.380001068115234,459856,0.0,0.0
2023-06-16 13:30:00-04:00,45.375,45.380001068115234,45.03499984741211,45.18000030517578,601085,0.0,0.0
2023-06-16 14:30:00-04:00,45.17499923706055,45.23500061035156,45.099998474121094,45.1150016784668,637233,0.0,0.0
2023-06-16 15:30:00-04:00,45.119998931884766,45.529998779296875,45.119998931884766,45.369998931884766,1162534,0.0,0.0
2023-06-20 09:30:00-04:00,44.720001220703125,44.93000030517578,44.45000076293945,44.665000915527344,986980,0.0,0.0
2023-06-20 10:30:00-04:00,44.650001525878906,45.18000030517578,44.63999938964844,45.165000915527344,408965,0.0,0.0
2023-06-20 11:30:00-04:00,45.15999984741211,45.560001373291016,45.084999084472656,45.540000915527344,545204,0.0,0.0
2023-06-20 12:30:00-04:00,45.53499984741211,45.595001220703125,45.404998779296875,45.53499984741211,476395,0.0,0.0
2023-06-20 13:30:00-04:00,45.540000915527344,45.564998626708984,45.32500076293945,45.34000015258789,560154,0.0,0.0
2023-06-20 14:30:00-04:00,45.34000015258789,45.459999084472656,45.16999816894531,45.255001068115234,667731,0.0,0.0
2023-06-20 15:30:00-04:00,45.2599983215332,45.290000915527344,44.93000030517578,44.939998626708984,1074568,0.0,0.0
2023-06-21 09:30:00-04:00,44.81999969482422,44.88999938964844,43.9900016784668,44.119998931884766,842437,0.0,0.0
2023-06-21 10:30:00-04:00,44.130001068115234,44.755001068115234,44.09000015258789,44.7400016784668,377022,0.0,0.0
2023-06-21 11:30:00-04:00,44.7400016784668,44.86000061035156,44.53499984741211,44.654998779296875,207547,0.0,0.0
2023-06-21 12:30:00-04:00,44.65999984741211,44.72999954223633,44.435001373291016,44.540000915527344,282682,0.0,0.0
2023-06-21 13:30:00-04:00,44.529998779296875,44.790000915527344,44.5,44.724998474121094,262246,0.0,0.0
2023-06-21 14:30:00-04:00,44.71500015258789,44.86000061035156,44.709999084472656,44.78499984741211,335704,0.0,0.0
2023-06-21 15:30:00-04:00,44.790000915527344,44.88999938964844,44.71500015258789,44.83000183105469,542999,0.0,0.0
2023-06-22 09:30:00-04:00,45.060001373291016,45.5099983215332,44.93280029296875,45.02000045776367,1629076,0.0,0.0
2023-06-22 10:30:00-04:00,45.029998779296875,45.060001373291016,44.80500030517578,45.02000045776367,347803,0.0,0.0
2023-06-22 11:30:00-04:00,45.025001525878906,45.095001220703125,44.900001525878906,45.005001068115234,205438,0.0,0.0
2023-06-22 12:30:00-04:00,45.0,45.060001373291016,44.93000030517578,44.98500061035156,185637,0.0,0.0
2023-06-22 13:30:00-04:00,44.9900016784668,45.01499938964844,44.90999984741211,44.96500015258789,267516,0.0,0.0
2023-06-22 14:30:00-04:00,44.96500015258789,45.060001373291016,44.95000076293945,44.9911994934082,336801,0.0,0.0
2023-06-22 15:30:00-04:00,44.994998931884766,45.2599983215332,44.98500061035156,45.2400016784668,1103442,0.0,0.0
2023-06-23 09:30:00-04:00,45.0099983215332,45.31999969482422,44.81999969482422,45.03499984741211,408129,0.0,0.0
2023-06-23 10:30:00-04:00,45.03499984741211,45.119998931884766,44.97999954223633,45.029998779296875,314311,0.0,0.0
2023-06-23 11:30:00-04:00,45.02000045776367,45.02000045776367,44.79999923706055,44.98500061035156,221463,0.0,0.0
2023-06-23 12:30:00-04:00,44.9900016784668,45.09000015258789,44.900001525878906,44.959999084472656,358565,0.0,0.0
2023-06-23 13:30:00-04:00,44.95500183105469,45.06999969482422,44.845001220703125,44.959999084472656,306822,0.0,0.0
2023-06-23 14:30:00-04:00,44.95000076293945,45.08000183105469,44.89799880981445,45.029998779296875,578381,0.0,0.0
2023-06-23 15:30:00-04:00,45.029998779296875,45.09000015258789,44.810001373291016,45.04499816894531,1412389,0.0,0.0
2023-06-26 09:30:00-04:00,44.88999938964844,45.02000045776367,43.86000061035156,43.95000076293945,568246,0.0,0.0
2023-06-26 10:30:00-04:00,43.95000076293945,44.5,43.939998626708984,44.41999816894531,406852,0.0,0.0
2023-06-26 11:30:00-04:00,44.40999984741211,44.67499923706055,44.36000061035156,44.66999816894531,304244,0.0,0.0
2023-06-26 12:30:00-04:00,44.67890167236328,44.8650016784668,44.58000183105469,44.69499969482422,284079,0.0,0.0
2023-06-26 13:30:00-04:00,44.70000076293945,44.834999084472656,44.564998626708984,44.65999984741211,221851,0.0,0.0
2023-06-26 14:30:00-04:00,44.65999984741211,44.755001068115234,44.654998779296875,44.67499923706055,201055,0.0,0.0
2023-06-26 15:30:00-04:00,44.67499923706055,44.755001068115234,44.595001220703125,44.720001220703125,1032914,0.0,0.0
2023-06-27 09:30:00-04:00,44.689998626708984,44.849998474121094,44.22999954223633,44.599998474121094,766372,0.0,0.0
2023-06-27 10:30:00-04:00,44.61000061035156,44.88999938964844,44.53499984741211,44.880001068115234,520875,0.0,0.0
2023-06-27 11:30:00-04:00,44.869998931884766,45.375,44.849998474121094,45.375,576675,0.0,0.0
2023-06-27 12:30:00-04:00,45.380001068115234,45.55500030517578,45.13999938964844,45.51499938964844,350566,0.0,0.0
2023-06-27 13:30:00-04:00,45.5099983215332,45.58000183105469,45.48500061035156,45.57500076293945,345698,0.0,0.0
2023-06-27 14:30:00-04:00,45.58000183105469,45.58000183105469,45.345001220703125,45.400001525878906,460406,0.0,0.0
2023-06-27 15:30:00-04:00,45.400001525878906,45.5,45.33000183105469,45.400001525878906,988343,0.0,0.0
2023-06-28 09:30:00-04:00,45.380001068115234,45.380001068115234,44.834999084472656,44.90999984741211,422257,0.0,0.0
2023-06-28 10:30:00-04:00,44.915000915527344,45.255001068115234,44.915000915527344,45.255001068115234,342730,0.0,0.0
2023-06-28 11:30:00-04:00,45.2599983215332,45.2599983215332,44.97999954223633,45.06999969482422,405682,0.0,0.0
2023-06-28 12:30:00-04:00,45.08000183105469,45.1349983215332,44.8650016784668,45.0099983215332,322805,0.0,0.0
2023-06-28 13:30:00-04:00,45.01499938964844,45.040000915527344,44.92499923706055,44.974998474121094,278294,0.0,0.0
2023-06-28 14:30:00-04:00,44.974998474121094,45.03499984741211,44.91999816894531,44.974998474121094,375391,0.0,0.0
2023-06-28 15:30:00-04:00,44.970001220703125,45.09000015258789,44.915000915527344,45.09000015258789,412979,0.0,0.0
2023-06-29 09:30:00-04:00,44.63999938964844,44.93000030517578,44.060001373291016,44.724998474121094,985182,0.0,0.0
2023-06-29 10:30:00-04:00,44.72999954223633,44.72999954223633,44.119998931884766,44.310001373291016,465667,0.0,0.0
2023-06-29 11:30:00-04:00,44.310001373291016,44.310001373291016,43.959999084472656,44.20500183105469,355440,0.0,0.0
2023-06-29 12:30:00-04:00,44.21500015258789,44.474998474121094,44.16999816894531,44.3650016784668,349474,0.0,0.0
2023-06-29 13:30:00-04:00,44.3650016784668,44.45000076293945,44.19499969482422,44.36000061035156,303509,0.0,0.0
2023-06-29 14:30:00-04:00,44.35499954223633,44.779998779296875,44.35499954223633,44.73500061035156,671958,0.0,0.0
2023-06-29 15:30:00-04:00,44.72999954223633,44.755001068115234,44.57500076293945,44.709999084472656,1083310,0.0,0.0
2023-06-30 09:30:00-04:00,45.08000183105469,45.5,44.91999816894531,45.189998626708984,314812,0.0,0.0
2023-06-30 10:30:00-04:00,45.189998626708984,45.380001068115234,45.04999923706055,45.349998474121094,348392,0.0,0.0
2023-06-30 11:30:00-04:00,45.349998474121094,45.630001068115234,45.25,45.6150016784668,262801,0.0,0.0
2023-06-30 12:30:00-04:00,45.61249923706055,45.654998779296875,45.540000915527344,45.577301025390625,309338,0.0,0.0
2023-06-30 13:30:00-04:00,45.5890007019043,45.75,45.584999084472656,45.75,342386,0.0,0.0
2023-06-30 14:30:00-04:00,45.7400016784668,45.7400016784668,45.56999969482422,45.595001220703125,620717,0.0,0.0
2023-06-30 15:30:00-04:00,45.59000015258789,45.650001525878906,45.54999923706055,45.54999923706055,614727,0.0,0.0
2023-07-03 09:30:00-04:00,45.310001373291016,45.75,44.369998931884766,44.619998931884766,673896,0.0,0.0
2023-07-03 10:30:00-04:00,44.619998931884766,44.900001525878906,44.619998931884766,44.845001220703125,374760,0.0,0.0
2023-07-03 11:30:00-04:00,44.845001220703125,44.974998474121094,44.619998931884766,44.915000915527344,463578,0.0,0.0
2023-07-05 09:30:00-04:00,44.7599983215332,44.86000061035156,44.25,44.29999923706055,401765,0.0,0.0
2023-07-05 10:30:00-04:00,44.29999923706055,44.68000030517578,44.290000915527344,44.66999816894531,670488,0.0,0.0
2023-07-05 11:30:00-04:00,44.68000030517578,45.0,44.625,44.974998474121094,450203,0.0,0.0
2023-07-05 12:30:00-04:00,44.970001220703125,45.279998779296875,44.95000076293945,45.279998779296875,976963,0.0,0.0
2023-07-05 13:30:00-04:00,45.275001525878906,45.275001525878906,45.099998474121094,45.20000076293945,167183,0.0,0.0
2023-07-05 14:30:00-04:00,45.19499969482422,45.349998474121094,45.18000030517578,45.310001373291016,253243,0.0,0.0
2023-07-05 15:30:00-04:00,45.30500030517578,45.31999969482422,45.130001068115234,45.13999938964844,487122,0.0,0.0
2023-07-06 09:30:00-04:00,44.79999923706055,45.08000183105469,44.59120178222656,44.65999984741211,2182889,0.0,0.0
2023-07-06 10:30:00-04:00,44.650001525878906,45.084999084472656,44.599998474121094,45.04999923706055,474063,0.0,0.0
2023-07-06 11:30:00-04:00,45.04999923706055,45.369998931884766,45.02000045776367,45.2400016784668,668714,0.0,0.0
2023-07-06 12:30:00-04:00,45.2400016784668,45.310001373291016,45.20000076293945,45.26499938964844,248212,0.0,0.0
2023-07-06 13:30:00-04:00,45.27000045776367,45.45000076293945,45.25,45.415000915527344,326082,0.0,0.0
2023-07-06 14:30:00-04:00,45.415000915527344,45.6150016784668,45.400001525878906,45.595001220703125,683754,0.0,0.0
2023-07-06 15:30:00-04:00,45.599998474121094,45.7599983215332,45.54999923706055,45.599998474121094,1192098,0.0,0.0
2023-07-07 09:30:00-04:00,45.43000030517578,45.69499969482422,45.22999954223633,45.540000915527344,375999,0.0,0.0
2023-07-07 10:30:00-04:00,45.540000915527344,45.56999969482422,45.40999984741211,45.4900016784668,332832,0.0,0.0
2023-07-07 11:30:00-04:00,45.494998931884766,45.56999969482422,45.310001373291016,45.400001525878906,309680,0.0,0.0
2023-07-07 12:30:00-04:00,45.400001525878906,45.56999969482422,45.375,45.46500015258789,236133,0.0,0.0
2023-07-07 13:30:00-04:00,45.459999084472656,45.54499816894531,45.342498779296875,45.400001525878906,226835,0.0,0.0
2023-07-07 14:30:00-04:00,45.39500045776367,45.39500045776367,45.220001220703125,45.220001220703125,268445,0.0,0.0
2023-07-07 15:30:00-04:00,45.220001220703125,45.32500076293945,45.220001220703125,45.310001373291016,925679,0.0,0.0
2023-07-10 09:30:00-04:00,45.5,45.685001373291016,45.25,45.33000183105469,395829,0.0,0.0
2023-07-10 10:30:00-04:00,45.32099914550781,45.5,45.119998931884766,45.470001220703125,317719,0.0,0.0
2023-07-10 11:30:00-04:00,45.470001220703125,45.720001220703125,45.45500183105469,45.58000183105469,411219,0.0,0.0
2023-07-10 12:30:00-04:00,45.56999969482422,45.81999969482422,45.540000915527344,45.75,275472,0.0,0.0
2023-07-10 13:30:00-04:00,45.755001068115234,45.790000915527344,45.439998626708984,45.474998474121094,377441,0.0,0.0
2023-07-10 14:30:00-04:00,45.474998474121094,45.665000915527344,45.474998474121094,45.6150016784668,466291,0.0,0.0
2023-07-10 15:30:00-04:00,45.6150016784668,45.68000030517578,45.505001068115234,45.65999984741211,682121,0.0,0.0
2023-07-11 09:30:00-04:00,45.630001068115234,46.560001373291016,45.525001525878906,46.34000015258789,717407,0.0,0.0
2023-07-11 10:30:00-04:00,46.33000183105469,46.42499923706055,46.14500045776367,46.360198974609375,360697,0.0,0.0
2023-07-11 11:30:00-04:00,46.369998931884766,46.650001525878906,46.33000183105469,46.35499954223633,436948,0.0,0.0
2023-07-11 12:30:00-04:00,46.349998474121094,46.43000030517578,46.22999954223633,46.255001068115234,287190,0.0,0.0
2023-07-11 13:30:00-04:00,46.25,46.25,46.04100036621094,46.084999084472656,238293,0.0,0.0
2023-07-11 14:30:00-04:00,46.084999084472656,46.09000015258789,45.9900016784668,46.02000045776367,319226,0.0,0.0
2023-07-11 15:30:00-04:00,46.01499938964844,46.150001525878906,45.9900016784668,46.02000045776367,662321,0.0,0.0
2023-07-12 09:30:00-04:00,46.470001220703125,46.709999084472656,46.209999084472656,46.275001525878906,559242,0.0,0.0
2023-07-12 10:30:00-04:00,46.27000045776367,46.38999938964844,46.01499938964844,46.154998779296875,662209,0.0,0.0
2023-07-12 11:30:00-04:00,46.154998779296875,46.290000915527344,46.040000915527344,46.130001068115234,297389,0.0,0.0
2023-07-12 12:30:00-04:00,46.11000061035156,46.220001220703125,46.095001220703125,46.13999938964844,170725,0.0,0.0
2023-07-12 13:30:00-04:00,46.14500045776367,46.27000045776367,46.064998626708984,46.17499923706055,216538,0.0,0.0
2023-07-12 14:30:00-04:00,46.17499923706055,46.275001525878906,46.15999984741211,46.27000045776367,405808,0.0,0.0
2023-07-12 15:30:00-04:00,46.275001525878906,46.400001525878906,46.22999954223633,46.380001068115234,991717,0.0,0.0
2023-07-13 09:30:00-04:00,46.4900016784668,46.93000030517578,46.4900016784668,46.755001068115234,557626,0.0,0.0
2023-07-13 10:30:00-04:00,46.755001068115234,46.834999084472656,46.5,46.654998779296875,580585,0.0,0.0
2023-07-13 11:30:00-04:00,46.650001525878906,46.65999984741211,46.4900016784668,46.58000183105469,533660,0.0,0.0
2023-07-13 12:30:00-04:00,46.59000015258789,46.720001220703125,46.57500076293945,46.66999816894531,322133,0.0,0.0
2023-07-13 13:30:00-04:00,46.67499923706055,46.915000915527344,46.67499923706055,46.775001525878906,314091,0.0,0.0
2023-07-13 14:30:00-04:00,46.775001525878906,46.83000183105469,46.63999938964844,46.7401008605957,542887,0.0,0.0
2023-07-13 15:30:00-04:00,46.744998931884766,46.86000061035156,46.69499969482422,46.709999084472656,860492,0.0,0.0
2023-07-14 09:30:00-04:00,46.86000061035156,47.220001220703125,46.81999969482422,47.18000030517578,593948,0.0,0.0
2023-07-14 10:30:00-04:00,47.18000030517578,47.19499969482422,47.04499816894531,47.10499954223633,459431,0.0,0.0
2023-07-14 11:30:00-04:00,47.10499954223633,47.45000076293945,47.03499984741211,47.31999969482422,450415,0.0,0.0
2023-07-14 12:30:00-04:00,47.31999969482422,47.47999954223633,47.11000061035156,47.28499984741211,337228,0.0,0.0
2023-07-14 13:30:00-04:00,47.28499984741211,47.47999954223633,47.28499984741211,47.44499969482422,502997,0.0,0.0
2023-07-14 14:30:00-04:00,47.45000076293945,47.494998931884766,47.130001068115234,47.1349983215332,590935,0.0,0.0
2023-07-14 15:30:00-04:00,47.1349983215332,47.209999084472656,46.83000183105469,46.86000061035156,933351,0.0,0.0
2023-07-17 09:30:00-04:00,46.599998474121094,46.790000915527344,46.45000076293945,46.5099983215332,472615,0.0,0.0
2023-07-17 10:30:00-04:00,46.5099983215332,46.7400016784668,46.47999954223633,46.619998931884766,345228,0.0,0.0
2023-07-17 11:30:00-04:00,46.61000061035156,46.720001220703125,46.494998931884766,46.654998779296875,450590,0.0,0.0
2023-07-17 12:30:00-04:00,46.650001525878906,46.79499816894531,46.564998626708984,46.625,287516,0.0,0.0
2023-07-17 13:30:00-04:00,46.625,46.65999984741211,46.52000045776367,46.595001220703125,239079,0.0,0.0
2023-07-17 14:30:00-04:00,46.596099853515625,46.75,46.584999084472656,46.654998779296875,383546,0.0,0.0
2023-07-17 15:30:00-04:00,46.654998779296875,46.66999816894531,46.540000915527344,46.54999923706055,674310,0.0,0.0
2023-07-18 09:30:00-04:00,46.75,46.86000061035156,46.45000076293945,46.755001068115234,730497,0.0,0.0
2023-07-18 10:30:00-04:00,46.75,46.880001068115234,46.68000030517578,46.7400016784668,202016,0.0,0.0
2023-07-18 11:30:00-04:00,46.73500061035156,46.7599983215332,46.4900016784668,46.5099983215332,345698,0.0,0.0
2023-07-18 12:30:00-04:00,46.51499938964844,46.7400016784668,46.4900016784668,46.72999954223633,534431,0.0,0.0
2023-07-18 13:30:00-04:00,46.730098724365234,46.77000045776367,46.41999816894531,46.560001373291016,443567,0.0,0.0
2023-07-18 14:30:00-04:00,46.560001373291016,46.849998474121094,46.4900016784668,46.79999923706055,455215,0.0,0.0
2023-07-18 15:30:00-04:00,46.80500030517578,47.130001068115234,46.720001220703125,47.060001373291016,1189185,0.0,0.0
2023-07-19 09:30:00-04:00,47.20000076293945,47.7599983215332,47.11000061035156,47.31999969482422,1159526,0.0,0.0
2023-07-19 10:30:00-04:00,47.290000915527344,47.53499984741211,47.279998779296875,47.5099983215332,558179,0.0,0.0
2023-07-19 11:30:00-04:00,47.52000045776367,47.880001068115234,47.5,47.76499938964844,857162,0.0,0.0
2023-07-19 12:30:00-04:00,47.7599983215332,47.869998931884766,47.689998626708984,47.79999923706055,838750,0.0,0.0
2023-07-19 13:30:00-04:00,47.79999923706055,47.88999938964844,47.689998626708984,47.79499816894531,564294,0.0,0.0
2023-07-19 14:30:00-04:00,47.79499816894531,47.86000061035156,47.744998931884766,47.775001525878906,666072,0.0,0.0
2023-07-19 15:30:00-04:00,47.775001525878906,47.869998931884766,47.7400016784668,47.84000015258789,1129813,0.0,0.0
2023-07-20 09:30:00-04:00,49.625,50.209999084472656,48.119998931884766,48.60499954223633,3230418,0.0,0.0
2023-07-20 10:30:00-04:00,48.61000061035156,49.0099983215332,48.59000015258789,48.88999938964844,614189,0.0,0.0
2023-07-20 11:30:00-04:00,48.89500045776367,49.22999954223633,48.869998931884766,49.21500015258789,495675,0.0,0.0
2023-07-20 12:30:00-04:00,49.220001220703125,49.97999954223633,49.07500076293945,49.2599983215332,1983708,0.0,0.0
2023-07-20 13:30:00-04:00,49.22999954223633,49.43000030517578,49.22999954223633,49.26900100708008,384244,0.0,0.0
2023-07-20 14:30:00-04:00,49.27000045776367,49.5,49.255001068115234,49.27000045776367,583763,0.0,0.0
2023-07-20 15:30:00-04:00,49.275001525878906,49.45500183105469,49.255001068115234,49.29499816894531,1395049,0.0,0.0
2023-07-21 09:30:00-04:00,49.34000015258789,49.369998931884766,48.33000183105469,48.849998474121094,682549,0.0,0.0
2023-07-21 10:30:00-04:00,48.86000061035156,48.87900161743164,48.61000061035156,48.720001220703125,453175,0.0,0.0
2023-07-21 11:30:00-04:00,48.724998474121094,48.992000579833984,48.665000915527344,48.77000045776367,405997,0.0,0.0
2023-07-21 12:30:00-04:00,48.77000045776367,49.125,48.77000045776367,49.119998931884766,488248,0.0,0.0
2023-07-21 13:30:00-04:00,49.119998931884766,49.36000061035156,49.11000061035156,49.275001525878906,811299,0.0,0.0
2023-07-21 14:30:00-04:00,49.275001525878906,49.400001525878906,48.529998779296875,48.564998626708984,1081573,0.0,0.0
2023-07-21 15:30:00-04:00,48.56999969482422,48.630001068115234,48.39500045776367,48.55500030517578,1765841,0.0,0.0
2023-07-24 09:30:00-04:00,48.2400016784668,48.619998931884766,47.7400016784668,48.54999923706055,829010,0.0,0.0
2023-07-24 10:30:00-04:00,48.540000915527344,48.790000915527344,48.42499923706055,48.64500045776367,462574,0.0,0.0
2023-07-24 11:30:00-04:00,48.64500045776367,48.845001220703125,48.619998931884766,48.650001525878906,716431,0.0,0.0
2023-07-24 12:30:00-04:00,48.650001525878906,48.79999923706055,48.54999923706055,48.70000076293945,493945,0.0,0.0
2023-07-24 13:30:00-04:00,48.70500183105469,48.72999954223633,48.52000045776367,48.685001373291016,317038,0.0,0.0
2023-07-24 14:30:00-04:00,48.68000030517578,48.849998474121094,48.439998626708984,48.45000076293945,341475,0.0,0.0
2023-07-24 15:30:00-04:00,48.45000076293945,48.47999954223633,48.27000045776367,48.290000915527344,659506,0.0,0.0
2023-07-25 09:30:00-04:00,48.0099983215332,48.67499923706055,47.91999816894531,48.56999969482422,485411,0.0,0.0
2023-07-25 10:30:00-04:00,48.57500076293945,48.7599983215332,48.360198974609375,48.72999954223633,297546,0.0,0.0
2023-07-25 11:30:00-04:00,48.724998474121094,48.7400016784668,48.48500061035156,48.63029861450195,510651,0.0,0.0
2023-07-25 12:30:00-04:00,48.63999938964844,48.82170104980469,48.54999923706055,48.685001373291016,382140,0.0,0.0
2023-07-25 13:30:00-04:00,48.685001373291016,49.040000915527344,48.685001373291016,48.994998931884766,470521,0.0,0.0
2023-07-25 14:30:00-04:00,49.0,49.14500045776367,48.900001525878906,49.10499954223633,744842,0.0,0.0
2023-07-25 15:30:00-04:00,49.099998474121094,49.290000915527344,48.77000045776367,48.79999923706055,1182822,0.0,0.0
2023-07-26 09:30:00-04:00,48.650001525878906,48.88999938964844,48.54999923706055,48.77000045776367,2002639,0.0,0.0
2023-07-26 10:30:00-04:00,48.76499938964844,48.915000915527344,48.56999969482422,48.779998779296875,741612,0.0,0.0
2023-07-26 11:30:00-04:00,48.779998779296875,48.86000061035156,48.6349983215332,48.80500030517578,406380,0.0,0.0
2023-07-26 12:30:00-04:00,48.79999923706055,48.869998931884766,48.755001068115234,48.77000045776367,574317,0.0,0.0
2023-07-26 13:30:00-04:00,48.77000045776367,48.880001068115234,48.7400016784668,48.849998474121094,506292,0.0,0.0
2023-07-26 14:30:00-04:00,48.845001220703125,49.06999969482422,48.744998931884766,48.849998474121094,759113,0.0,0.0
2023-07-26 15:30:00-04:00,48.849998474121094,48.959999084472656,48.72999954223633,48.95000076293945,995196,0.0,0.0
2023-07-27 09:30:00-04:00,47.224998474121094,47.72999954223633,46.45000076293945,46.959999084472656,3239684,0.0,0.0
2023-07-27 10:30:00-04:00,46.95000076293945,47.38999938964844,46.650001525878906,46.86000061035156,905211,0.0,0.0
2023-07-27 11:30:00-04:00,46.8650016784668,47.01499938964844,46.66999816894531,46.970001220703125,904574,0.0,0.0
2023-07-27 12:30:00-04:00,46.96500015258789,47.07500076293945,46.779998779296875,46.89500045776367,621348,0.0,0.0
2023-07-27 13:30:00-04:00,46.89500045776367,46.939998626708984,45.9900016784668,45.9900016784668,1000332,0.0,0.0
2023-07-27 14:30:00-04:00,46.0,46.01499938964844,45.02000045776367,45.65999984741211,1689256,0.0,0.0
2023-07-27 15:30:00-04:00,45.65999984741211,45.720001220703125,45.459999084472656,45.47999954223633,1906564,0.0,0.0
2023-07-28 09:30:00-04:00,45.56999969482422,45.7599983215332,44.755001068115234,45.119998931884766,1048560,0.0,0.0
2023-07-28 10:30:00-04:00,45.130001068115234,46.38999938964844,45.04999923706055,46.38999938964844,1024017,0.0,0.0
2023-07-28 11:30:00-04:00,46.41999816894531,47.0099983215332,46.2599983215332,46.90999984741211,1398283,0.0,0.0
2023-07-28 12:30:00-04:00,46.91999816894531,47.33000183105469,46.849998474121094,47.0099983215332,1516524,0.0,0.0
2023-07-28 13:30:00-04:00,47.0,47.22999954223633,46.98500061035156,47.20500183105469,647443,0.0,0.0
2023-07-28 14:30:00-04:00,47.20500183105469,47.5099983215332,47.18000030517578,47.3650016784668,1168715,0.0,0.0
2023-07-28 15:30:00-04:00,47.3650016784668,47.459999084472656,47.0,47.02000045776367,2098229,0.0,0.0
2023-07-31 09:30:00-04:00,46.95000076293945,47.189998626708984,45.459999084472656,45.540000915527344,2719297,0.0,0.0
2023-07-31 10:30:00-04:00,45.54999923706055,46.01499938964844,45.47999954223633,45.63600158691406,1450731,0.0,0.0
2023-07-31 11:30:00-04:00,45.63999938964844,45.7599983215332,45.41999816894531,45.42499923706055,755457,0.0,0.0
2023-07-31 12:30:00-04:00,45.41999816894531,45.439998626708984,45.01499938964844,45.25,965315,0.0,0.0
2023-07-31 13:30:00-04:00,45.255001068115234,45.400001525878906,44.86000061035156,45.0099983215332,1524928,0.0,0.0
2023-07-31 14:30:00-04:00,45.02000045776367,45.619998931884766,45.0,45.58000183105469,1424624,0.0,0.0
2023-07-31 15:30:00-04:00,45.584999084472656,45.64500045776367,45.185001373291016,45.22999954223633,1803714,0.0,0.0
2023-08-01 09:30:00-04:00,45.29999923706055,45.310001373291016,44.77000045776367,45.04499816894531,1463608,0.0,0.0
2023-08-01 10:30:00-04:00,45.029998779296875,45.47999954223633,44.994998931884766,45.03499984741211,752495,0.0,0.0
2023-08-01 11:30:00-04:00,45.03499984741211,45.09000015258789,44.77000045776367,44.9900016784668,405640,0.0,0.0
2023-08-01 12:30:00-04:00,44.9900016784668,45.20500183105469,44.96500015258789,45.02000045776367,236551,0.0,0.0
2023-08-01 13:30:00-04:00,45.029998779296875,45.19499969482422,44.9900016784668,45.04499816894531,734231,0.0,0.0
2023-08-01 14:30:00-04:00,45.04499816894531,45.084999084472656,44.915000915527344,45.0,646051,0.0,0.0
2023-08-01 15:30:00-04:00,44.994998931884766,45.040000915527344,44.845001220703125,45.0,823791,0.0,0.0
2023-08-02 09:30:00-04:00,44.75,44.849998474121094,44.275001525878906,44.310001373291016,436679,0.0,0.0
2023-08-02 10:30:00-04:00,44.310001373291016,44.36000061035156,43.880001068115234,44.099998474121094,708079,0.0,0.0
2023-08-02 11:30:00-04:00,44.10499954223633,44.22999954223633,43.80500030517578,44.09299850463867,684938,0.0,0.0
2023-08-02 12:30:00-04:00,44.095001220703125,44.25,43.9900016784668,44.25,427309,0.0,0.0
2023-08-02 13:30:00-04:00,44.25,44.29999923706055,43.90999984741211,43.915000915527344,619532,0.0,0.0
2023-08-02 14:30:00-04:00,43.915000915527344,43.98500061035156,43.630001068115234,43.755001068115234,860046,0.0,0.0
2023-08-02 15:30:00-04:00,43.755001068115234,44.0,43.755001068115234,43.88999938964844,1083830,0.0,0.0
2023-08-03 09:30:00-04:00,43.70000076293945,43.900001525878906,43.560001373291016,43.61000061035156,365960,0.0,0.0
2023-08-03 10:30:00-04:00,43.599998474121094,43.83300018310547,43.599998474121094,43.79499816894531,374099,0.0,0.0
2023-08-03 11:30:00-04:00,43.79499816894531,43.904998779296875,43.668701171875,43.79499816894531,295863,0.0,0.0
2023-08-03 12:30:00-04:00,43.79999923706055,43.97999954223633,43.685001373291016,43.755001068115234,398400,0.0,0.0
2023-08-03 13:30:00-04:00,43.7599983215332,43.994998931884766,43.7400016784668,43.935001373291016,383464,0.0,0.0
2023-08-03 14:30:00-04:00,43.935001373291016,43.959999084472656,43.810001373291016,43.94499969482422,434103,0.0,0.0
2023-08-03 15:30:00-04:00,43.94499969482422,44.0,43.83000183105469,43.91999816894531,633623,0.0,0.0
2023-08-04 09:30:00-04:00,43.900001525878906,44.220001220703125,43.779998779296875,44.19049835205078,551240,0.0,0.0
2023-08-04 10:30:00-04:00,44.20000076293945,44.505001068115234,44.150001525878906,44.46500015258789,419329,0.0,0.0
2023-08-04 11:30:00-04:00,44.470001220703125,44.529998779296875,44.39500045776367,44.494998931884766,256142,0.0,0.0
2023-08-04 12:30:00-04:00,44.5,44.619998931884766,44.369998931884766,44.404998779296875,436705,0.0,0.0
2023-08-04 13:30:00-04:00,44.400001525878906,44.44499969482422,44.029998779296875,44.06999969482422,513824,0.0,0.0
2023-08-04 14:30:00-04:00,44.06999969482422,44.10499954223633,43.9900016784668,44.04499816894531,376638,0.0,0.0
2023-08-04 15:30:00-04:00,44.04999923706055,44.08000183105469,43.875,43.93000030517578,620233,0.0,0.0
2023-08-07 09:30:00-04:00,43.83000183105469,44.25,43.75,44.25,498700,0.0,0.0
2023-08-07 10:30:00-04:00,44.2599983215332,44.310001373291016,44.119998931884766,44.19499969482422,301462,0.0,0.0
2023-08-07 11:30:00-04:00,44.193599700927734,44.21500015258789,43.814998626708984,43.880001068115234,364139,0.0,0.0
2023-08-07 12:30:00-04:00,43.8849983215332,43.89500045776367,43.64500045776367,43.71500015258789,311609,0.0,0.0
2023-08-07 13:30:00-04:00,43.71500015258789,43.7599983215332,43.57500076293945,43.6150016784668,274887,0.0,0.0
2023-08-07 14:30:00-04:00,43.619998931884766,43.68000030517578,43.439998626708984,43.470001220703125,359671,0.0,0.0
2023-08-07 15:30:00-04:00,43.459999084472656,43.5989990234375,43.435001373291016,43.540000915527344,612075,0.0,0.0
2023-08-08 09:30:00-04:00,43.25,43.369998931884766,42.415000915527344,42.415000915527344,756598,0.0,0.0
2023-08-08 10:30:00-04:00,42.40999984741211,42.529998779296875,42.279998779296875,42.40999984741211,435338,0.0,0.0
2023-08-08 11:30:00-04:00,42.43000030517578,42.6349983215332,42.35499954223633,42.60499954223633,286892,0.0,0.0
2023-08-08 12:30:00-04:00,42.60499954223633,42.69499969482422,42.56999969482422,42.599998474121094,217031,0.0,0.0
2023-08-08 13:30:00-04:00,42.60499954223633,42.82500076293945,42.599998474121094,42.814998626708984,392983,0.0,0.0
2023-08-08 14:30:00-04:00,42.814998626708984,42.900001525878906,42.790000915527344,42.82500076293945,327905,0.0,0.0
2023-08-08 15:30:00-04:00,42.82500076293945,42.91999816894531,42.77000045776367,42.77000045776367,613810,0.0,0.0
2023-08-09 09:30:00-04:00,42.81999969482422,43.189998626708984,42.81999969482422,43.16999816894531,466638,0.0,0.0
2023-08-09 10:30:00-04:00,43.150001525878906,43.27000045776367,42.869998931884766,42.935001373291016,407166,0.0,0.0
2023-08-09 11:30:00-04:00,42.93000030517578,42.959999084472656,42.68000030517578,42.814998626708984,311445,0.0,0.0
2023-08-09 12:30:00-04:00,42.81999969482422,43.15999984741211,42.810001373291016,43.15999984741211,362093,0.0,0.0
2023-08-09 13:30:00-04:00,43.16999816894531,43.290000915527344,43.04499816894531,43.11000061035156,359063,0.0,0.0
2023-08-09 14:30:00-04:00,43.11000061035156,43.255001068115234,43.04999923706055,43.1150016784668,604817,0.0,0.0
2023-08-09 15:30:00-04:00,43.11000061035156,43.150001525878906,42.94499969482422,42.97999954223633,1045291,0.0,0.0
2023-08-10 09:30:00-04:00,42.959999084472656,43.439998626708984,42.95000076293945,43.244998931884766,350612,0.0,0.0
2023-08-10 10:30:00-04:00,43.244998931884766,43.36000061035156,43.119998931884766,43.25,244867,0.0,0.0
2023-08-10 11:30:00-04:00,43.244998931884766,43.290000915527344,42.939998626708984,43.0,284475,0.0,0.0
2023-08-10 12:30:00-04:00,42.994998931884766,43.119998931884766,42.94499969482422,42.96500015258789,223384,0.0,0.0
2023-08-10 13:30:00-04:00,42.959999084472656,43.06999969482422,42.84000015258789,43.02000045776367,181254,0.0,0.0
2023-08-10 14:30:00-04:00,43.02000045776367,43.16999816894531,42.98500061035156,43.0,287322,0.0,0.0
2023-08-10 15:30:00-04:00,43.005001068115234,43.04999923706055,42.935001373291016,42.97999954223633,620777,0.0,0.0
2023-08-11 09:30:00-04:00,42.84000015258789,43.15999984741211,42.68000030517578,42.994998931884766,313641,0.0,0.0
2023-08-11 10:30:00-04:00,42.9900016784668,43.154998779296875,42.91999816894531,43.029998779296875,419684,0.0,0.0
2023-08-11 11:30:00-04:00,43.029998779296875,43.185001373291016,42.95500183105469,43.13999938964844,257039,0.0,0.0
2023-08-11 12:30:00-04:00,43.14500045776367,43.29499816894531,43.08000183105469,43.290000915527344,210701,0.0,0.0
2023-08-11 13:30:00-04:00,43.290000915527344,43.314998626708984,43.119998931884766,43.20500183105469,273875,0.0,0.0
2023-08-11 14:30:00-04:00,43.209999084472656,43.35499954223633,43.16999816894531,43.279998779296875,285723,0.0,0.0
2023-08-11 15:30:00-04:00,43.279998779296875,43.31999969482422,43.220001220703125,43.25,544954,0.0,0.0
2023-08-14 09:30:00-04:00,43.25,43.349998474121094,42.84000015258789,43.040000915527344,407764,0.0,0.0
2023-08-14 10:30:00-04:00,43.04899978637695,43.09000015258789,42.77299880981445,42.83000183105469,168817,0.0,0.0
2023-08-14 11:30:00-04:00,42.81010055541992,42.9900016784668,42.775001525878906,42.959999084472656,170312,0.0,0.0
2023-08-14 12:30:00-04:00,42.959999084472656,43.029998779296875,42.869998931884766,42.94499969482422,149123,0.0,0.0
2023-08-14 13:30:00-04:00,42.95000076293945,42.959999084472656,42.80500030517578,42.90999984741211,162062,0.0,0.0
2023-08-14 14:30:00-04:00,42.90999984741211,42.939998626708984,42.78499984741211,42.849998474121094,380076,0.0,0.0
2023-08-14 15:30:00-04:00,42.86000061035156,42.88999938964844,42.77000045776367,42.810001373291016,492858,0.0,0.0
2023-08-15 09:30:00-04:00,42.599998474121094,42.65999984741211,42.16999816894531,42.47999954223633,430137,0.0,0.0
2023-08-15 10:30:00-04:00,42.470001220703125,42.52000045776367,42.345001220703125,42.42499923706055,199175,0.0,0.0
2023-08-15 11:30:00-04:00,42.41999816894531,42.45500183105469,42.19150161743164,42.22999954223633,264639,0.0,0.0
2023-08-15 12:30:00-04:00,42.22999954223633,42.27000045776367,42.150001525878906,42.209999084472656,167770,0.0,0.0
2023-08-15 13:30:00-04:00,42.209999084472656,42.30590057373047,42.165000915527344,42.250701904296875,218098,0.0,0.0
2023-08-15 14:30:00-04:00,42.255001068115234,42.404998779296875,42.224998474121094,42.244998931884766,341736,0.0,0.0
2023-08-15 15:30:00-04:00,42.2400016784668,42.42499923706055,42.15999984741211,42.36000061035156,821541,0.0,0.0
2023-08-16 09:30:00-04:00,42.18000030517578,42.40999984741211,42.18000030517578,42.404998779296875,340144,0.0,0.0
2023-08-16 10:30:00-04:00,42.415000915527344,42.4900016784668,42.290000915527344,42.400001525878906,293543,0.0,0.0
2023-08-16 11:30:00-04:00,42.404998779296875,42.41999816894531,42.275001525878906,42.3650016784668,561064,0.0,0.0
2023-08-16 12:30:00-04:00,42.36000061035156,42.40999984741211,42.18000030517578,42.255001068115234,187687,0.0,0.0
2023-08-16 13:30:00-04:00,42.25,42.36000061035156,42.21500015258789,42.310001373291016,198251,0.0,0.0
2023-08-16 14:30:00-04:00,42.31999969482422,42.369998931884766,42.040000915527344,42.05500030517578,330364,0.0,0.0
2023-08-16 15:30:00-04:00,42.060001373291016,42.150001525878906,42.040000915527344,42.08000183105469,657355,0.0,0.0
2023-08-17 09:30:00-04:00,42.09000015258789,42.26499938964844,41.970001220703125,42.06999969482422,402740,0.0,0.0
2023-08-17 10:30:00-04:00,42.07500076293945,42.165000915527344,41.939998626708984,41.96500015258789,225541,0.0,0.0
2023-08-17 11:30:00-04:00,41.959999084472656,41.994998931884766,41.810001373291016,41.849998474121094,212002,0.0,0.0
2023-08-17 12:30:00-04:00,41.849998474121094,41.869998931884766,41.564998626708984,41.56999969482422,264898,0.0,0.0
2023-08-17 13:30:00-04:00,41.56999969482422,41.69499969482422,41.5,41.650001525878906,335998,0.0,0.0
2023-08-17 14:30:00-04:00,41.650001525878906,41.84000015258789,41.599998474121094,41.80500030517578,399120,0.0,0.0
2023-08-17 15:30:00-04:00,41.79999923706055,41.83000183105469,41.71500015258789,41.7599983215332,557929,0.0,0.0
2023-08-18 09:30:00-04:00,41.540000915527344,42.019798278808594,41.52000045776367,41.880001068115234,464787,0.0,0.0
2023-08-18 10:30:00-04:00,41.8849983215332,41.959999084472656,41.66999816894531,41.775001525878906,375703,0.0,0.0
2023-08-18 11:30:00-04:00,41.779998779296875,41.849998474121094,41.75,41.79999923706055,359631,0.0,0.0
2023-08-18 12:30:00-04:00,41.79999923706055,41.89500045776367,41.775001525878906,41.83000183105469,412794,0.0,0.0
2023-08-18 13:30:00-04:00,41.834999084472656,41.90999984741211,41.814998626708984,41.8650016784668,571130,0.0,0.0
2023-08-18 14:30:00-04:00,41.869998931884766,41.90999984741211,41.709999084472656,41.7599983215332,584991,0.0,0.0
2023-08-18 15:30:00-04:00,41.7599983215332,41.82500076293945,41.744998931884766,41.790000915527344,666886,0.0,0.0
2023-08-21 09:30:00-04:00,42.060001373291016,42.125,41.84000015258789,42.029998779296875,452499,0.0,0.0
2023-08-21 10:30:00-04:00,42.01499938964844,42.040000915527344,41.814998626708984,41.880001068115234,317827,0.0,0.0
2023-08-21 11:30:00-04:00,41.88999938964844,41.904998779296875,41.720001220703125,41.779998779296875,330836,0.0,0.0
2023-08-21 12:30:00-04:00,41.779998779296875,41.974998474121094,41.779998779296875,41.94499969482422,230833,0.0,0.0
2023-08-21 13:30:00-04:00,41.94499969482422,42.21500015258789,41.94499969482422,42.1150016784668,448762,0.0,0.0
2023-08-21 14:30:00-04:00,42.119998931884766,42.209999084472656,42.11000061035156,42.154998779296875,357804,0.0,0.0
2023-08-21 15:30:00-04:00,42.154998779296875,42.209999084472656,42.0099983215332,42.029998779296875,527778,0.0,0.0
2023-08-22 09:30:00-04:00,41.900001525878906,42.0,41.185001373291016,41.220001220703125,439822,0.0,0.0
2023-08-22 10:30:00-04:00,41.209999084472656,41.25,40.665000915527344,40.66999816894531,354787,0.0,0.0
2023-08-22 11:30:00-04:00,40.65999984741211,41.2400016784668,40.650001525878906,41.23500061035156,643387,0.0,0.0
2023-08-22 12:30:00-04:00,41.2400016784668,41.459999084472656,41.150001525878906,41.275001525878906,246311,0.0,0.0
2023-08-22 13:30:00-04:00,41.275001525878906,41.415000915527344,41.22999954223633,41.404998779296875,149107,0.0,0.0
2023-08-22 14:30:00-04:00,41.40999984741211,41.689998626708984,41.40999984741211,41.67499923706055,484899,0.0,0.0
2023-08-22 15:30:00-04:00,41.67499923706055,41.689998626708984,41.560001373291016,41.619998931884766,707699,0.0,0.0
2023-08-23 09:30:00-04:00,41.88999938964844,42.25,41.54999923706055,41.61000061035156,432335,0.0,0.0
2023-08-23 10:30:00-04:00,41.61000061035156,41.630001068115234,41.45500183105469,41.459999084472656,283206,0.0,0.0
2023-08-23 11:30:00-04:00,41.45500183105469,41.529998779296875,41.279998779296875,41.39500045776367,359330,0.0,0.0
2023-08-23 12:30:00-04:00,41.38999938964844,41.56999969482422,41.375,41.4900016784668,262718,0.0,0.0
2023-08-23 13:30:00-04:00,41.5,41.59000015258789,41.314998626708984,41.3650016784668,352366,0.0,0.0
2023-08-23 14:30:00-04:00,41.3650016784668,41.375,41.255001068115234,41.35499954223633,368841,0.0,0.0
2023-08-23 15:30:00-04:00,41.35499954223633,41.435001373291016,41.31999969482422,41.40999984741211,524103,0.0,0.0
2023-08-24 09:30:00-04:00,41.34000015258789,41.709999084472656,40.93000030517578,41.65999984741211,355725,0.0,0.0
2023-08-24 10:30:00-04:00,41.665000915527344,41.88999938964844,41.59000015258789,41.84000015258789,201566,0.0,0.0
2023-08-24 11:30:00-04:00,41.83000183105469,41.84000015258789,41.619998931884766,41.68000030517578,301699,0.0,0.0
2023-08-24 12:30:00-04:00,41.68000030517578,41.689998626708984,41.474998474121094,41.48500061035156,135880,0.0,0.0
2023-08-24 13:30:00-04:00,41.4900016784668,41.54999923706055,41.43000030517578,41.43000030517578,149772,0.0,0.0
2023-08-24 14:30:00-04:00,41.439998626708984,41.665000915527344,41.38999938964844,41.619998931884766,246386,0.0,0.0
2023-08-24 15:30:00-04:00,41.619998931884766,41.650001525878906,41.45000076293945,41.459999084472656,486211,0.0,0.0
2023-08-25 09:30:00-04:00,41.4900016784668,41.77000045776367,41.2400016784668,41.33000183105469,1149094,0.0,0.0
2023-08-25 10:30:00-04:00,41.31999969482422,41.560001373291016,41.20000076293945,41.54999923706055,211608,0.0,0.0
2023-08-25 11:30:00-04:00,41.54999923706055,41.63999938964844,41.47999954223633,41.619998931884766,220019,0.0,0.0
2023-08-25 12:30:00-04:00,41.630001068115234,41.66749954223633,41.43000030517578,41.5099983215332,177782,0.0,0.0
2023-08-25 13:30:00-04:00,41.505001068115234,41.79499816894531,41.474998474121094,41.76499938964844,174597,0.0,0.0
2023-08-25 14:30:00-04:00,41.77000045776367,41.779998779296875,41.630001068115234,41.68000030517578,383667,0.0,0.0
2023-08-25 15:30:00-04:00,41.68000030517578,41.755001068115234,41.529998779296875,41.529998779296875,687356,0.0,0.0
2023-08-28 09:30:00-04:00,41.849998474121094,42.350101470947266,41.7599983215332,42.25,525383,0.0,0.0
2023-08-28 10:30:00-04:00,42.25,42.27000045776367,41.65999984741211,41.66999816894531,270550,0.0,0.0
2023-08-28 11:30:00-04:00,41.68000030517578,41.790000915527344,41.58000183105469,41.6349983215332,193953,0.0,0.0
2023-08-28 12:30:00-04:00,41.63999938964844,41.68000030517578,41.459999084472656,41.51639938354492,300560,0.0,0.0
2023-08-28 13:30:00-04:00,41.51499938964844,41.56999969482422,41.3849983215332,41.459999084472656,297921,0.0,0.0
2023-08-28 14:30:00-04:00,41.46500015258789,41.689998626708984,41.46500015258789,41.665000915527344,261252,0.0,0.0
2023-08-28 15:30:00-04:00,41.65999984741211,41.720001220703125,41.619998931884766,41.650001525878906,370550,0.0,0.0
2023-08-29 09:30:00-04:00,41.849998474121094,41.994998931884766,41.6349983215332,41.89500045776367,349053,0.0,0.0
2023-08-29 10:30:00-04:00,41.89500045776367,42.11000061035156,41.86000061035156,42.060001373291016,303861,0.0,0.0
2023-08-29 11:30:00-04:00,42.06999969482422,42.375,42.04999923706055,42.349998474121094,204415,0.0,0.0
2023-08-29 12:30:00-04:00,42.36000061035156,42.40999984741211,42.31999969482422,42.38999938964844,214913,0.0,0.0
2023-08-29 13:30:00-04:00,42.38999938964844,42.435001373291016,42.29999923706055,42.334999084472656,211774,0.0,0.0
2023-08-29 14:30:00-04:00,42.334999084472656,42.404998779296875,42.244998931884766,42.38999938964844,178487,0.0,0.0
2023-08-29 15:30:00-04:00,42.38999938964844,42.400001525878906,42.25,42.36000061035156,385474,0.0,0.0
2023-08-30 09:30:00-04:00,42.400001525878906,42.61000061035156,42.310001373291016,42.31999969482422,203437,0.0,0.0
2023-08-30 10:30:00-04:00,42.314998626708984,42.33000183105469,42.08000183105469,42.224998474121094,402107,0.0,0.0
2023-08-30 11:30:00-04:00,42.22999954223633,42.33000183105469,42.20500183105469,42.26499938964844,209901,0.0,0.0
2023-08-30 12:30:00-04:00,42.27000045776367,42.27000045776367,42.06999969482422,42.08000183105469,147389,0.0,0.0
2023-08-30 13:30:00-04:00,42.09000015258789,42.16999816894531,41.939998626708984,41.95000076293945,133739,0.0,0.0
2023-08-30 14:30:00-04:00,41.95000076293945,42.10499954223633,41.94499969482422,42.05500030517578,222717,0.0,0.0
2023-08-30 15:30:00-04:00,42.05099868774414,42.060001373291016,41.900001525878906,41.970001220703125,478200,0.0,0.0
2023-08-31 09:30:00-04:00,41.81999969482422,41.81999969482422,41.165000915527344,41.16999816894531,396369,0.0,0.0
2023-08-31 10:30:00-04:00,41.16999816894531,41.189998626708984,40.9900016784668,41.15999984741211,215299,0.0,0.0
2023-08-31 11:30:00-04:00,41.18000030517578,41.18000030517578,40.95000076293945,41.0099983215332,203705,0.0,0.0
2023-08-31 12:30:00-04:00,41.0099983215332,41.18000030517578,40.84000015258789,41.119998931884766,253339,0.0,0.0
2023-08-31 13:30:00-04:00,41.11000061035156,41.13999938964844,40.93000030517578,40.93199920654297,208624,0.0,0.0
2023-08-31 14:30:00-04:00,40.93000030517578,40.970001220703125,40.68000030517578,40.71500015258789,302781,0.0,0.0
2023-08-31 15:30:00-04:00,40.71009826660156,40.72999954223633,40.58000183105469,40.58000183105469,784894,0.0,0.0
2023-09-01 09:30:00-04:00,40.880001068115234,41.047000885009766,40.68000030517578,40.86000061035156,263937,0.0,0.0
2023-09-01 10:30:00-04:00,40.869998931884766,41.002498626708984,40.64970016479492,40.66999816894531,163540,0.0,0.0
2023-09-01 11:30:00-04:00,40.66999816894531,40.68000030517578,40.52000045776367,40.59000015258789,155405,0.0,0.0
2023-09-01 12:30:00-04:00,40.599998474121094,40.619998931884766,40.5,40.54999923706055,113909,0.0,0.0
2023-09-01 13:30:00-04:00,40.54999923706055,40.7599983215332,40.52000045776367,40.755001068115234,147542,0.0,0.0
2023-09-01 14:30:00-04:00,40.75,40.75,40.54999923706055,40.60499954223633,247674,0.0,0.0
2023-09-01 15:30:00-04:00,40.60499954223633,40.630001068115234,40.5,40.599998474121094,490414,0.0,0.0
2023-09-05 09:30:00-04:00,40.439998626708984,40.439998626708984,39.65999984741211,39.720001220703125,451017,0.0,0.0
2023-09-05 10:30:00-04:00,39.70000076293945,39.7599983215332,39.310001373291016,39.470001220703125,508425,0.0,0.0
2023-09-05 11:30:00-04:00,39.48500061035156,39.560001373291016,39.224998474121094,39.29999923706055,389553,0.0,0.0
2023-09-05 12:30:00-04:00,39.310001373291016,39.36000061035156,39.02000045776367,39.044898986816406,654221,0.0,0.0
2023-09-05 13:30:00-04:00,39.040000915527344,39.08000183105469,38.65999984741211,38.70000076293945,566497,0.0,0.0
2023-09-05 14:30:00-04:00,38.70500183105469,39.16999816894531,38.630001068115234,39.130001068115234,673903,0.0,0.0
2023-09-05 15:30:00-04:00,39.1349983215332,39.16999816894531,38.97999954223633,38.9900016784668,751348,0.0,0.0
2023-09-06 09:30:00-04:00,38.84000015258789,38.93000030517578,37.9900016784668,38.040000915527344,1637892,0.0,0.0
2023-09-06 10:30:00-04:00,38.04999923706055,38.834999084472656,38.0099983215332,38.755001068115234,1044888,0.0,0.0
2023-09-06 11:30:00-04:00,38.7599983215332,39.02000045776367,38.69499969482422,38.939998626708984,418554,0.0,0.0
2023-09-06 12:30:00-04:00,38.95000076293945,39.38999938964844,38.900001525878906,39.21500015258789,373211,0.0,0.0
2023-09-06 13:30:00-04:00,39.21500015258789,39.42499923706055,39.11000061035156,39.41999816894531,415487,0.0,0.0
2023-09-06 14:30:00-04:00,39.41999816894531,39.61000061035156,39.209999084472656,39.560001373291016,635356,0.0,0.0
2023-09-06 15:30:00-04:00,39.560001373291016,39.79999923706055,39.4900016784668,39.63999938964844,2054539,0.0,0.0
2023-09-07 09:30:00-04:00,39.65999984741211,39.84000015258789,38.81999969482422,39.349998474121094,1661234,0.0,0.0
2023-09-07 10:30:00-04:00,39.33000183105469,39.849998474121094,39.310001373291016,39.68000030517578,1063023,0.0,0.0
2023-09-07 11:30:00-04:00,39.654998779296875,39.91999816894531,39.595001220703125,39.63999938964844,725264,0.0,0.0
2023-09-07 12:30:00-04:00,39.650001525878906,39.7599983215332,39.13999938964844,39.369998931884766,426742,0.0,0.0
2023-09-07 13:30:00-04:00,39.369998931884766,39.380001068115234,39.18000030517578,39.23500061035156,271483,0.0,0.0
2023-09-07 14:30:00-04:00,39.23500061035156,39.255001068115234,39.07500076293945,39.13999938964844,416869,0.0,0.0
2023-09-07 15:30:00-04:00,39.1349983215332,39.16999816894531,38.95000076293945,38.970001220703125,880044,0.0,0.0
2023-09-08 09:30:00-04:00,38.970001220703125,38.990501403808594,38.45500183105469,38.52000045776367,300174,0.0,0.0
2023-09-08 10:30:00-04:00,38.529998779296875,38.6349983215332,38.36000061035156,38.380001068115234,243129,0.0,0.0
2023-09-08 11:30:00-04:00,38.380001068115234,38.55500030517578,38.279998779296875,38.54999923706055,355221,0.0,0.0
2023-09-08 12:30:00-04:00,38.54499816894531,38.56999969482422,38.27000045776367,38.27000045776367,241623,0.0,0.0
2023-09-08 13:30:00-04:00,38.2599983215332,38.51499938964844,38.2599983215332,38.505001068115234,252880,0.0,0.0
2023-09-08 14:30:00-04:00,38.5099983215332,38.61750030517578,38.40999984741211,38.57500076293945,247999,0.0,0.0
2023-09-08 15:30:00-04:00,38.58000183105469,38.689998626708984,38.56999969482422,38.66999816894531,425549,0.0,0.0
2023-09-11 09:30:00-04:00,38.93000030517578,39.025001525878906,38.66999816894531,38.9900016784668,339047,0.0,0.0
2023-09-11 10:30:00-04:00,38.9900016784668,39.13999938964844,38.69499969482422,38.790000915527344,291409,0.0,0.0
2023-09-11 11:30:00-04:00,38.79999923706055,39.060001373291016,38.79999923706055,39.03499984741211,193501,0.0,0.0
2023-09-11 12:30:00-04:00,39.02000045776367,39.06999969482422,38.88999938964844,38.92499923706055,219097,0.0,0.0
2023-09-11 13:30:00-04:00,38.93000030517578,38.959999084472656,38.731300354003906,38.7400016784668,176513,0.0,0.0
2023-09-11 14:30:00-04:00,38.73500061035156,38.91630172729492,38.720001220703125,38.744998931884766,352447,0.0,0.0
2023-09-11 15:30:00-04:00,38.7400016784668,38.778900146484375,38.564998626708984,38.70000076293945,646532,0.0,0.0
2023-09-12 09:30:00-04:00,38.939998626708984,38.9900016784668,38.40999984741211,38.52000045776367,293941,0.0,0.0
2023-09-12 10:30:00-04:00,38.52000045776367,38.759300231933594,38.52000045776367,38.685001373291016,231611,0.0,0.0
2023-09-12 11:30:00-04:00,38.68000030517578,38.75,38.595001220703125,38.64500045776367,219902,0.0,0.0
2023-09-12 12:30:00-04:00,38.650001525878906,38.650001525878906,38.470001220703125,38.60499954223633,175765,0.0,0.0
2023-09-12 13:30:00-04:00,38.60499954223633,38.60499954223633,38.470001220703125,38.54999923706055,159117,0.0,0.0
2023-09-12 14:30:00-04:00,38.540000915527344,38.540000915527344,38.29999923706055,38.30500030517578,230177,0.0,0.0
2023-09-12 15:30:00-04:00,38.30500030517578,38.369998931884766,38.220001220703125,38.33000183105469,436148,0.0,0.0
2023-09-13 09:30:00-04:00,38.22999954223633,38.86000061035156,38.22999954223633,38.78499984741211,300725,0.0,0.0
2023-09-13 10:30:00-04:00,38.775001525878906,38.849998474121094,38.56999969482422,38.625,333072,0.0,0.0
2023-09-13 11:30:00-04:00,38.619998931884766,38.720001220703125,38.474998474121094,38.720001220703125,197023,0.0,0.0
2023-09-13 12:30:00-04:00,38.720001220703125,38.76499938964844,38.6349983215332,38.654998779296875,192215,0.0,0.0
2023-09-13 13:30:00-04:00,38.65999984741211,38.70000076293945,38.525001525878906,38.66999816894531,222157,0.0,0.0
2023-09-13 14:30:00-04:00,38.66999816894531,38.900001525878906,38.66999816894531,38.89500045776367,345218,0.0,0.0
2023-09-13 15:30:00-04:00,38.89500045776367,39.130001068115234,38.880001068115234,39.130001068115234,1104696,0.0,0.0
2023-09-14 09:30:00-04:00,39.29999923706055,39.400001525878906,38.9900016784668,39.16999816894531,353371,0.0,0.0
2023-09-14 10:30:00-04:00,39.16999816894531,39.2400016784668,38.849998474121094,39.01499938964844,412642,0.0,0.0
2023-09-14 11:30:00-04:00,39.01499938964844,39.11000061035156,38.79999923706055,38.959999084472656,245266,0.0,0.0
2023-09-14 12:30:00-04:00,38.96500015258789,39.22999954223633,38.900001525878906,39.227901458740234,233394,0.0,0.0
2023-09-14 13:30:00-04:00,39.22999954223633,39.34000015258789,39.14500045776367,39.29999923706055,419426,0.0,0.0
2023-09-14 14:30:00-04:00,39.29499816894531,39.29999923706055,39.10499954223633,39.13999938964844,313378,0.0,0.0
2023-09-14 15:30:00-04:00,39.1349983215332,39.2400016784668,39.11000061035156,39.15999984741211,573701,0.0,0.0
2023-09-15 09:30:00-04:00,39.31999969482422,39.61289978027344,39.06999969482422,39.08000183105469,871733,0.0,0.0
2023-09-15 10:30:00-04:00,39.06999969482422,39.31999969482422,39.005001068115234,39.31999969482422,613429,0.0,0.0
2023-09-15 11:30:00-04:00,39.310001373291016,39.599998474121094,39.29999923706055,39.48500061035156,489264,0.0,0.0
2023-09-15 12:30:00-04:00,39.48500061035156,39.4900016784668,39.04499816894531,39.04999923706055,290030,0.0,0.0
2023-09-15 13:30:00-04:00,39.04499816894531,39.21500015258789,38.98500061035156,39.154998779296875,470335,0.0,0.0
2023-09-15 14:30:00-04:00,39.154998779296875,39.22999954223633,39.05500030517578,39.07500076293945,328924,0.0,0.0
2023-09-15 15:30:00-04:00,39.07500076293945,39.154998779296875,38.9900016784668,39.08000183105469,858287,0.0,0.0
2023-09-18 09:30:00-04:00,39.029998779296875,39.13999938964844,38.790000915527344,38.91999816894531,416421,0.0,0.0
2023-09-18 10:30:00-04:00,38.91999816894531,39.0,38.845001220703125,38.994998931884766,252254,0.0,0.0
2023-09-18 11:30:00-04:00,39.0,39.0099983215332,38.875,38.88999938964844,229417,0.0,0.0
2023-09-18 12:30:00-04:00,38.8849983215332,38.95000076293945,38.7400016784668,38.779998779296875,247374,0.0,0.0
2023-09-18 13:30:00-04:00,38.77000045776367,38.83000183105469,38.61000061035156,38.7599983215332,349671,0.0,0.0
2023-09-18 14:30:00-04:00,38.7599983215332,38.79999923706055,38.56999969482422,38.650001525878906,405517,0.0,0.0
2023-09-18 15:30:00-04:00,38.64500045776367,38.75,38.630001068115234,38.709999084472656,471774,0.0,0.0
2023-09-19 09:30:00-04:00,38.61000061035156,38.869998931884766,38.53499984741211,38.69929885864258,169047,0.0,0.0
2023-09-19 10:30:00-04:00,38.69499969482422,38.72999954223633,38.56999969482422,38.665000915527344,119902,0.0,0.0
2023-09-19 11:30:00-04:00,38.66999816894531,38.685001373291016,38.45500183105469,38.5,1051788,0.0,0.0
2023-09-19 12:30:00-04:00,38.5,38.650001525878906,38.4900016784668,38.625,520744,0.0,0.0
2023-09-19 13:30:00-04:00,38.630001068115234,38.77799987792969,38.619998931884766,38.76499938964844,205950,0.0,0.0
2023-09-19 14:30:00-04:00,38.76499938964844,38.974998474121094,38.76499938964844,38.939998626708984,436303,0.0,0.0
2023-09-19 15:30:00-04:00,38.94499969482422,38.97999954223633,38.90999984741211,38.959999084472656,455913,0.0,0.0
2023-09-20 09:30:00-04:00,39.2400016784668,39.27000045776367,38.79999923706055,39.0099983215332,519522,0.0,0.0
2023-09-20 10:30:00-04:00,38.9900016784668,38.9900016784668,38.66999816894531,38.78499984741211,259773,0.0,0.0
2023-09-20 11:30:00-04:00,38.790000915527344,38.810001373291016,38.709999084472656,38.709999084472656,167019,0.0,0.0
2023-09-20 12:30:00-04:00,38.709999084472656,38.755001068115234,38.599998474121094,38.67499923706055,176621,0.0,0.0
2023-09-20 13:30:00-04:00,38.66999816894531,38.71500015258789,38.380001068115234,38.55500030517578,420754,0.0,0.0
2023-09-20 14:30:00-04:00,38.540000915527344,38.630001068115234,38.349998474121094,38.375,453631,0.0,0.0
2023-09-20 15:30:00-04:00,38.37900161743164,38.47999954223633,38.29999923706055,38.459999084472656,639319,0.0,0.0
2023-09-21 09:30:00-04:00,38.25,38.44900131225586,38.06999969482422,38.15999984741211,508053,0.0,0.0
2023-09-21 10:30:00-04:00,38.154998779296875,38.209999084472656,38.064998626708984,38.17499923706055,382890,0.0,0.0
2023-09-21 11:30:00-04:00,38.17499923706055,38.189998626708984,38.0,38.099998474121094,385771,0.0,0.0
2023-09-21 12:30:00-04:00,38.099998474121094,38.18000030517578,38.03499984741211,38.08000183105469,172374,0.0,0.0
2023-09-21 13:30:00-04:00,38.084999084472656,38.130001068115234,38.029998779296875,38.05500030517578,320820,0.0,0.0
2023-09-21 14:30:00-04:00,38.04999923706055,38.119998931884766,37.974998474121094,38.04999923706055,566189,0.0,0.0
2023-09-21 15:30:00-04:00,38.040000915527344,38.14500045776367,38.0,38.119998931884766,1129033,0.0,0.0
2023-09-22 09:30:00-04:00,38.0099983215332,38.130001068115234,37.79999923706055,37.84000015258789,384502,0.0,0.0
2023-09-22 10:30:00-04:00,37.845001220703125,37.88999938964844,37.42499923706055,37.57500076293945,757610,0.0,0.0
2023-09-22 11:30:00-04:00,37.58000183105469,37.779998779296875,37.564998626708984,37.619998931884766,671930,0.0,0.0
2023-09-22 12:30:00-04:00,37.63999938964844,37.720001220703125,37.564998626708984,37.70000076293945,260160,0.0,0.0
2023-09-22 13:30:00-04:00,37.689998626708984,37.7400016784668,37.570701599121094,37.709999084472656,419568,0.0,0.0
2023-09-22 14:30:00-04:00,37.709999084472656,37.880001068115234,37.6150016784668,37.790000915527344,416319,0.0,0.0
2023-09-22 15:30:00-04:00,37.79499816894531,37.79999923706055,37.584999084472656,37.689998626708984,918768,0.0,0.0
2023-09-25 09:30:00-04:00,37.599998474121094,37.689998626708984,37.369998931884766,37.46500015258789,439463,0.0,0.0
2023-09-25 10:30:00-04:00,37.46500015258789,37.525001525878906,37.40140151977539,37.41999816894531,278096,0.0,0.0
2023-09-25 11:30:00-04:00,37.41999816894531,37.5099983215332,37.40999984741211,37.47999954223633,343221,0.0,0.0
2023-09-25 12:30:00-04:00,37.47999954223633,37.54999923706055,37.4010009765625,37.439998626708984,290307,0.0,0.0
2023-09-25 13:30:00-04:00,37.43000030517578,37.54999923706055,37.415000915527344,37.439998626708984,284053,0.0,0.0
2023-09-25 14:30:00-04:00,37.43000030517578,37.53499984741211,37.38999938964844,37.48500061035156,305757,0.0,0.0
2023-09-25 15:30:00-04:00,37.47999954223633,37.540000915527344,37.459999084472656,37.5,546983,0.0,0.0
2023-09-26 09:30:00-04:00,37.34000015258789,37.48500061035156,37.20000076293945,37.375,517072,0.0,0.0
2023-09-26 10:30:00-04:00,37.369998931884766,37.41999816894531,37.29050064086914,37.29499816894531,905177,0.0,0.0
2023-09-26 11:30:00-04:00,37.29999923706055,37.355201721191406,37.23910140991211,37.30500030517578,358932,0.0,0.0
2023-09-26 12:30:00-04:00,37.30500030517578,37.41999816894531,37.255001068115234,37.29999923706055,318798,0.0,0.0
2023-09-26 13:30:00-04:00,37.29499816894531,37.369998931884766,37.220001220703125,37.35499954223633,307479,0.0,0.0
2023-09-26 14:30:00-04:00,37.35499954223633,37.3650016784668,37.28499984741211,37.314998626708984,411815,0.0,0.0
2023-09-26 15:30:00-04:00,37.314998626708984,37.36000061035156,37.27000045776367,37.31999969482422,873132,0.0,0.0
2023-09-27 09:30:00-04:00,37.400001525878906,37.6349983215332,37.375,37.38999938964844,407500,0.0,0.0
2023-09-27 10:30:00-04:00,37.380001068115234,37.5099983215332,37.314998626708984,37.39500045776367,286267,0.0,0.0
2023-09-27 11:30:00-04:00,37.400001525878906,37.474998474121094,37.34000015258789,37.400001525878906,276350,0.0,0.0
2023-09-27 12:30:00-04:00,37.400001525878906,37.43000030517578,37.09000015258789,37.095001220703125,430807,0.0,0.0
2023-09-27 13:30:00-04:00,37.09000015258789,37.244998931884766,37.04999923706055,37.20500183105469,449246,0.0,0.0
2023-09-27 14:30:00-04:00,37.20500183105469,37.4286994934082,37.20500183105469,37.38999938964844,316246,0.0,0.0
2023-09-27 15:30:00-04:00,37.39500045776367,37.39500045776367,37.279998779296875,37.34000015258789,724743,0.0,0.0
2023-09-28 09:30:00-04:00,37.5099983215332,37.790000915527344,37.42390060424805,37.689998626708984,461208,0.0,0.0
2023-09-28 10:30:00-04:00,37.689998626708984,37.689998626708984,37.380001068115234,37.470001220703125,750591,0.0,0.0
2023-09-28 11:30:00-04:00,37.459999084472656,37.61000061035156,37.459999084472656,37.53499984741211,292760,0.0,0.0
2023-09-28 12:30:00-04:00,37.540000915527344,37.60499954223633,37.459999084472656,37.51499938964844,482252,0.0,0.0
2023-09-28 13:30:00-04:00,37.51499938964844,37.59000015258789,37.470001220703125,37.57500076293945,322039,0.0,0.0
2023-09-28 14:30:00-04:00,37.57500076293945,37.619998931884766,37.45500183105469,37.57500076293945,459003,0.0,0.0
2023-09-28 15:30:00-04:00,37.56999969482422,37.57500076293945,37.5,37.540000915527344,812552,0.0,0.0
2023-09-29 09:30:00-04:00,37.790000915527344,37.790000915527344,37.349998474121094,37.53499984741211,345620,0.0,0.0
2023-09-29 10:30:00-04:00,37.540000915527344,37.93000030517578,37.525001525878906,37.849998474121094,324551,0.0,0.0
2023-09-29 11:30:00-04:00,37.849998474121094,37.86000061035156,37.630001068115234,37.67499923706055,245615,0.0,0.0
2023-09-29 12:30:00-04:00,37.67499923706055,37.7400016784668,37.58000183105469,37.625,323037,0.0,0.0
2023-09-29 13:30:00-04:00,37.630001068115234,37.69499969482422,37.58000183105469,37.584999084472656,383259,0.0,0.0
2023-09-29 14:30:00-04:00,37.59000015258789,37.83000183105469,37.57500076293945,37.779998779296875,426893,0.0,0.0
2023-09-29 15:30:00-04:00,37.775001525878906,37.869998931884766,37.66999816894531,37.75,865947,0.0,0.0
2023-10-02 09:30:00-04:00,37.45000076293945,37.70000076293945,37.27000045776367,37.349998474121094,500703,0.0,0.0
2023-10-02 10:30:00-04:00,37.349998474121094,37.474998474121094,37.275001525878906,37.45500183105469,636768,0.0,0.0
2023-10-02 11:30:00-04:00,37.459999084472656,37.5,37.279998779296875,37.334999084472656,421101,0.0,0.0
2023-10-02 12:30:00-04:00,37.33000183105469,37.439998626708984,37.22999954223633,37.34000015258789,771215,0.0,0.0
2023-10-02 13:30:00-04:00,37.33000183105469,37.529998779296875,37.279998779296875,37.3650016784668,242776,0.0,0.0
2023-10-02 14:30:00-04:00,37.3650016784668,37.38999938964844,37.25,37.275001525878906,499341,0.0,0.0
2023-10-02 15:30:00-04:00,37.27000045776367,37.41999816894531,37.2599983215332,37.36000061035156,425547,0.0,0.0
2023-10-03 09:30:00-04:00,37.209999084472656,37.38999938964844,36.65999984741211,36.709999084472656,821706,0.0,0.0
2023-10-03 10:30:00-04:00,36.689998626708984,36.869998931884766,36.68000030517578,36.724998474121094,825577,0.0,0.0
2023-10-03 11:30:00-04:00,36.720001220703125,36.85499954223633,36.69499969482422,36.82500076293945,620807,0.0,0.0
2023-10-03 12:30:00-04:00,36.82500076293945,36.88999938964844,36.724998474121094,36.845001220703125,329351,0.0,0.0
2023-10-03 13:30:00-04:00,36.84299850463867,36.849998474121094,36.724998474121094,36.76499938964844,626263,0.0,0.0
2023-10-03 14:30:00-04:00,36.76499938964844,36.86000061035156,36.689998626708984,36.779998779296875,543449,0.0,0.0
2023-10-03 15:30:00-04:00,36.78499984741211,36.79999923706055,36.7599983215332,36.790000915527344,1096796,0.0,0.0
2023-10-04 09:30:00-04:00,36.88999938964844,37.0099983215332,36.65999984741211,36.685001373291016,729745,0.0,0.0
2023-10-04 10:30:00-04:00,36.68000030517578,36.900001525878906,36.66999816894531,36.79079818725586,426121,0.0,0.0
2023-10-04 11:30:00-04:00,36.79999923706055,36.93000030517578,36.75,36.869998931884766,258630,0.0,0.0
2023-10-04 12:30:00-04:00,36.869998931884766,36.88999938964844,36.67499923706055,36.689998626708984,395683,0.0,0.0
2023-10-04 13:30:00-04:00,36.68000030517578,36.814998626708984,36.67499923706055,36.75,390287,0.0,0.0
2023-10-04 14:30:00-04:00,36.74100112915039,36.9900016784668,36.68000030517578,36.89500045776367,446722,0.0,0.0
2023-10-04 15:30:00-04:00,36.900001525878906,37.040000915527344,36.900001525878906,36.95500183105469,576197,0.0,0.0
2023-10-05 09:30:00-04:00,36.97999954223633,37.09000015258789,36.790000915527344,36.95000076293945,339034,0.0,0.0
2023-10-05 10:30:00-04:00,36.94499969482422,37.01499938964844,36.82500076293945,36.974998474121094,446749,0.0,0.0
2023-10-05 11:30:00-04:00,36.970001220703125,37.1349983215332,36.939998626708984,37.1349983215332,412910,0.0,0.0
2023-10-05 12:30:00-04:00,37.130001068115234,37.150001525878906,36.91999816894531,36.994998931884766,545302,0.0,0.0
2023-10-05 13:30:00-04:00,36.994998931884766,37.08000183105469,36.970001220703125,37.029998779296875,1029127,0.0,0.0
2023-10-05 14:30:00-04:00,37.03499984741211,37.19499969482422,36.97999954223633,37.04499816894531,996295,0.0,0.0
2023-10-05 15:30:00-04:00,37.04499816894531,37.09000015258789,36.95000076293945,37.0099983215332,1392491,0.0,0.0
2023-10-06 09:30:00-04:00,36.7599983215332,36.880001068115234,36.685001373291016,36.810001373291016,1196917,0.0,0.0
2023-10-06 10:30:00-04:00,36.810001373291016,36.81999969482422,36.66999816894531,36.79999923706055,462040,0.0,0.0
2023-10-06 11:30:00-04:00,36.80500030517578,37.040000915527344,36.77000045776367,36.87200164794922,548543,0.0,0.0
2023-10-06 12:30:00-04:00,36.880001068115234,36.904998779296875,36.77000045776367,36.83000183105469,512792,0.0,0.0
2023-10-06 13:30:00-04:00,36.83000183105469,36.915000915527344,36.779998779296875,36.90999984741211,697219,0.0,0.0
2023-10-06 14:30:00-04:00,36.90999984741211,37.025001525878906,36.81999969482422,36.84000015258789,845212,0.0,0.0
2023-10-06 15:30:00-04:00,36.84000015258789,36.845001220703125,36.58000183105469,36.61000061035156,1565498,0.0,0.0
2023-10-09 09:30:00-04:00,36.369998931884766,36.46500015258789,36.06999969482422,36.125,1384607,0.0,0.0
2023-10-09 10:30:00-04:00,36.119998931884766,36.209999084472656,36.0099983215332,36.154998779296875,1264887,0.0,0.0
2023-10-09 11:30:00-04:00,36.15999984741211,36.27000045776367,36.1150016784668,36.20000076293945,603492,0.0,0.0
2023-10-09 12:30:00-04:00,36.20500183105469,36.209999084472656,36.130001068115234,36.17499923706055,562938,0.0,0.0
2023-10-09 13:30:00-04:00,36.17499923706055,36.52000045776367,36.17499923706055,36.439998626708984,514098,0.0,0.0
2023-10-09 14:30:00-04:00,36.44499969482422,36.47999954223633,36.314998626708984,36.35499954223633,597001,0.0,0.0
2023-10-09 15:30:00-04:00,36.35499954223633,36.5,36.32500076293945,36.5,860706,0.0,0.0
2023-10-10 09:30:00-04:00,36.70000076293945,36.79999923706055,36.35499954223633,36.76499938964844,885485,0.0,0.0
2023-10-10 10:30:00-04:00,36.76499938964844,37.275001525878906,36.70500183105469,37.17499923706055,713992,0.0,0.0
2023-10-10 11:30:00-04:00,37.17499923706055,37.349998474121094,37.095001220703125,37.28499984741211,453313,0.0,0.0
2023-10-10 12:30:00-04:00,37.28499984741211,37.36000061035156,37.150001525878906,37.165000915527344,506155,0.0,0.0
2023-10-10 13:30:00-04:00,37.15999984741211,37.310001373291016,37.1150016784668,37.130001068115234,698276,0.0,0.0
2023-10-10 14:30:00-04:00,37.13750076293945,37.20000076293945,37.05500030517578,37.150001525878906,615316,0.0,0.0
2023-10-10 15:30:00-04:00,37.14500045776367,37.35499954223633,37.13999938964844,37.32500076293945,1174399,0.0,0.0
2023-10-11 09:30:00-04:00,35.79999923706055,36.275001525878906,33.7599983215332,33.86000061035156,4862307,0.0,0.0
2023-10-11 10:30:00-04:00,33.869998931884766,34.2599983215332,33.58000183105469,33.970001220703125,2862936,0.0,0.0
2023-10-11 11:30:00-04:00,33.976200103759766,34.13999938964844,33.349998474121094,33.46500015258789,1852884,0.0,0.0
2023-10-11 12:30:00-04:00,33.46139907836914,33.59000015258789,33.20000076293945,33.32500076293945,1523785,0.0,0.0
2023-10-11 13:30:00-04:00,33.32099914550781,33.41780090332031,32.525001525878906,32.54790115356445,1634355,0.0,0.0
2023-10-11 14:30:00-04:00,32.54499816894531,32.625,32.30009841918945,32.625,2713021,0.0,0.0
2023-10-11 15:30:00-04:00,32.630001068115234,32.880001068115234,32.595001220703125,32.7400016784668,3636869,0.0,0.0
2023-10-12 09:30:00-04:00,33.0,33.31999969482422,32.30059814453125,32.489200592041016,6451997,0.0,0.0
2023-10-12 10:30:00-04:00,32.48500061035156,32.595001220703125,31.989999771118164,32.2599983215332,1624836,0.0,0.0
2023-10-12 11:30:00-04:00,32.2599983215332,32.29999923706055,32.02000045776367,32.21500015258789,1149692,0.0,0.0
2023-10-12 12:30:00-04:00,32.21500015258789,32.375,32.08000183105469,32.11000061035156,978537,0.0,0.0
2023-10-12 13:30:00-04:00,32.10499954223633,32.16999816894531,31.922500610351562,32.02000045776367,2170495,0.0,0.0
2023-10-12 14:30:00-04:00,32.025001525878906,32.03499984741211,31.729999542236328,31.78499984741211,1803494,0.0,0.0
2023-10-12 15:30:00-04:00,31.780099868774414,31.969999313354492,31.6299991607666,31.719999313354492,3422817,0.0,0.0
2023-10-13 09:30:00-04:00,31.549999237060547,32.189998626708984,31.467500686645508,31.700000762939453,1478354,0.0,0.0
2023-10-13 10:30:00-04:00,31.69499969482422,31.8799991607666,31.53499984741211,31.875,603398,0.0,0.0
2023-10-13 11:30:00-04:00,31.8799991607666,32.02000045776367,31.75,31.780000686645508,709326,0.0,0.0
2023-10-13 12:30:00-04:00,31.78499984741211,31.81999969482422,31.642000198364258,31.729999542236328,523596,0.0,0.0
2023-10-13 13:30:00-04:00,31.729999542236328,31.920000076293945,31.655000686645508,31.690000534057617,570820,0.0,0.0
2023-10-13 14:30:00-04:00,31.69499969482422,31.719999313354492,31.549999237060547,31.709999084472656,574567,0.0,0.0
2023-10-13 15:30:00-04:00,31.719999313354492,31.8799991607666,31.69499969482422,31.829999923706055,1114722,0.0,0.0
2023-10-16 09:30:00-04:00,31.84000015258789,31.90999984741211,31.020000457763672,31.149999618530273,2222871,0.0,0.0
2023-10-16 10:30:00-04:00,31.149999618530273,31.780000686645508,31.010000228881836,31.71500015258789,1159469,0.0,0.0
2023-10-16 11:30:00-04:00,31.719999313354492,32.27000045776367,31.690000534057617,32.23139953613281,714004,0.0,0.0
2023-10-16 12:30:00-04:00,32.23500061035156,32.347999572753906,32.13999938964844,32.28499984741211,1221087,0.0,0.0
2023-10-16 13:30:00-04:00,32.28499984741211,32.32500076293945,32.060001373291016,32.084999084472656,693488,0.0,0.0
2023-10-16 14:30:00-04:00,32.08470153808594,32.130001068115234,32.02000045776367,32.10499954223633,766480,0.0,0.0
2023-10-16 15:30:00-04:00,32.11000061035156,32.125,31.959999084472656,31.959999084472656,1232931,0.0,0.0
2023-10-17 09:30:00-04:00,31.639999389648438,32.439998626708984,31.31999969482422,32.220001220703125,1004235,0.0,0.0
2023-10-17 10:30:00-04:00,32.209999084472656,32.47999954223633,32.154998779296875,32.426700592041016,530906,0.0,0.0
2023-10-17 11:30:00-04:00,32.41999816894531,32.58000183105469,32.31999969482422,32.369998931884766,506466,0.0,0.0
2023-10-17 12:30:00-04:00,32.3650016784668,32.3849983215332,32.040000915527344,32.1150016784668,396375,0.0,0.0
2023-10-17 13:30:00-04:00,32.119998931884766,32.119998931884766,31.864999771118164,32.05500030517578,523146,0.0,0.0
2023-10-17 14:30:00-04:00,32.05500030517578,32.13999938964844,31.90089988708496,31.954999923706055,763856,0.0,0.0
2023-10-17 15:30:00-04:00,31.954999923706055,31.959999084472656,31.764999389648438,31.829999923706055,1034996,0.0,0.0
2023-10-18 09:30:00-04:00,31.809999465942383,32.189998626708984,31.661500930786133,32.029998779296875,833708,0.0,0.0
2023-10-18 10:30:00-04:00,32.02000045776367,32.279998779296875,31.969999313354492,32.23500061035156,1218113,0.0,0.0
2023-10-18 11:30:00-04:00,32.23500061035156,32.290000915527344,32.06930160522461,32.26499938964844,928201,0.0,0.0
2023-10-18 12:30:00-04:00,32.26499938964844,32.42499923706055,32.09000015258789,32.26499938964844,840799,0.0,0.0
2023-10-18 13:30:00-04:00,32.26499938964844,32.349998474121094,32.10499954223633,32.16749954223633,790531,0.0,0.0
2023-10-18 14:30:00-04:00,32.15999984741211,32.21500015258789,32.05500030517578,32.099998474121094,840099,0.0,0.0
2023-10-18 15:30:00-04:00,32.099998474121094,32.13999938964844,32.0,32.064998626708984,1615594,0.0,0.0
2023-10-19 09:30:00-04:00,32.029998779296875,32.34000015258789,31.81999969482422,31.850000381469727,768498,0.0,0.0
2023-10-19 10:30:00-04:00,31.850000381469727,32.11000061035156,31.700000762939453,32.060001373291016,927062,0.0,0.0
2023-10-19 11:30:00-04:00,32.06999969482422,32.720001220703125,32.060001373291016,32.619998931884766,664363,0.0,0.0
2023-10-19 12:30:00-04:00,32.630001068115234,33.2400016784668,32.61000061035156,33.05500030517578,770382,0.0,0.0
2023-10-19 13:30:00-04:00,32.970001220703125,32.97999954223633,32.5099983215332,32.54499816894531,757664,0.0,0.0
2023-10-19 14:30:00-04:00,32.540000915527344,32.650699615478516,32.494998931884766,32.6150016784668,608825,0.0,0.0
2023-10-19 15:30:00-04:00,32.6150016784668,32.70500183105469,32.5,32.61000061035156,927034,0.0,0.0
2023-10-20 09:30:00-04:00,32.58000183105469,32.959999084472656,32.56999969482422,32.65999984741211,750340,0.0,0.0
2023-10-20 10:30:00-04:00,32.65999984741211,32.880001068115234,32.54999923706055,32.73500061035156,452063,0.0,0.0
2023-10-20 11:30:00-04:00,32.72999954223633,33.08000183105469,32.665000915527344,33.04499816894531,512007,0.0,0.0
2023-10-20 12:30:00-04:00,33.040000915527344,33.1349983215332,32.93000030517578,33.05500030517578,679326,0.0,0.0
2023-10-20 13:30:00-04:00,33.060001373291016,33.130001068115234,32.9900016784668,32.9900016784668,834447,0.0,0.0
2023-10-20 14:30:00-04:00,32.9900016784668,33.029998779296875,32.755001068115234,32.82500076293945,879938,0.0,0.0
2023-10-20 15:30:00-04:00,32.82500076293945,32.86000061035156,32.66999816894531,32.689998626708984,903837,0.0,0.0
2023-10-23 09:30:00-04:00,32.5,32.9901008605957,32.5,32.70000076293945,399625,0.0,0.0
2023-10-23 10:30:00-04:00,32.689998626708984,32.85499954223633,32.61000061035156,32.852500915527344,411166,0.0,0.0
2023-10-23 11:30:00-04:00,32.85499954223633,32.970001220703125,32.77000045776367,32.82500076293945,421155,0.0,0.0
2023-10-23 12:30:00-04:00,32.81999969482422,32.97999954223633,32.80500030517578,32.849998474121094,285802,0.0,0.0
2023-10-23 13:30:00-04:00,32.849998474121094,32.962501525878906,32.7400016784668,32.85499954223633,616670,0.0,0.0
2023-10-23 14:30:00-04:00,32.86000061035156,32.970001220703125,32.70500183105469,32.810001373291016,571974,0.0,0.0
2023-10-23 15:30:00-04:00,32.810001373291016,32.869998931884766,32.7599983215332,32.849998474121094,1108846,0.0,0.0
2023-10-24 09:30:00-04:00,32.915000915527344,33.209999084472656,32.7599983215332,33.04499816894531,505546,0.0,0.0
2023-10-24 10:30:00-04:00,33.040000915527344,33.095001220703125,32.7599983215332,32.77000045776367,349403,0.0,0.0
2023-10-24 11:30:00-04:00,32.779998779296875,32.86000061035156,32.68000030517578,32.70000076293945,469042,0.0,0.0
2023-10-24 12:30:00-04:00,32.70500183105469,32.83000183105469,32.66999816894531,32.709999084472656,345654,0.0,0.0
2023-10-24 13:30:00-04:00,32.71500015258789,32.7599983215332,32.4900016784668,32.63999938964844,437882,0.0,0.0
2023-10-24 14:30:00-04:00,32.63999938964844,32.75,32.619998931884766,32.685001373291016,586106,0.0,0.0
2023-10-24 15:30:00-04:00,32.685001373291016,32.689998626708984,32.560001373291016,32.560001373291016,707983,0.0,0.0
2023-10-25 09:30:00-04:00,32.38999938964844,32.40999984741211,31.8799991607666,32.11000061035156,538619,0.0,0.0
2023-10-25 10:30:00-04:00,32.099998474121094,32.415000915527344,32.040000915527344,32.33100128173828,402058,0.0,0.0
2023-10-25 11:30:00-04:00,32.34000015258789,32.349998474121094,32.125,32.19499969482422,353178,0.0,0.0
2023-10-25 12:30:00-04:00,32.19499969482422,32.279998779296875,32.09000015258789,32.14500045776367,362628,0.0,0.0
2023-10-25 13:30:00-04:00,32.14360046386719,32.20500183105469,32.10499954223633,32.19499969482422,495826,0.0,0.0
2023-10-25 14:30:00-04:00,32.20000076293945,32.279998779296875,32.150001525878906,32.185001373291016,281394,0.0,0.0
2023-10-25 15:30:00-04:00,32.185001373291016,32.255001068115234,32.13999938964844,32.165000915527344,1013264,0.0,0.0
2023-10-26 09:30:00-04:00,32.0,32.2599983215332,31.889999389648438,31.940000534057617,546995,0.0,0.0
2023-10-26 10:30:00-04:00,31.93000030517578,32.459999084472656,31.889999389648438,32.380001068115234,454409,0.0,0.0
2023-10-26 11:30:00-04:00,32.369998931884766,32.52000045776367,32.2400016784668,32.41999816894531,826487,0.0,0.0
2023-10-26 12:30:00-04:00,32.41999816894531,32.51499938964844,32.349998474121094,32.47999954223633,864003,0.0,0.0
2023-10-26 13:30:00-04:00,32.474998474121094,32.5099983215332,32.400001525878906,32.494998931884766,324435,0.0,0.0
2023-10-26 14:30:00-04:00,32.4900016784668,32.665000915527344,32.40999984741211,32.435001373291016,589244,0.0,0.0
2023-10-26 15:30:00-04:00,32.435001373291016,32.4900016784668,32.380001068115234,32.470001220703125,1105712,0.0,0.0
2023-10-27 09:30:00-04:00,32.68000030517578,32.7400016784668,32.13999938964844,32.220001220703125,989847,0.0,0.0
2023-10-27 10:30:00-04:00,32.220001220703125,32.508201599121094,32.220001220703125,32.43000030517578,457311,0.0,0.0
2023-10-27 11:30:00-04:00,32.439998626708984,32.459999084472656,32.244998931884766,32.275001525878906,495176,0.0,0.0
2023-10-27 12:30:00-04:00,32.27000045776367,32.349998474121094,32.21500015258789,32.2599983215332,412618,0.0,0.0
2023-10-27 13:30:00-04:00,32.2599983215332,32.334999084472656,32.14500045776367,32.154998779296875,394041,0.0,0.0
2023-10-27 14:30:00-04:00,32.154998779296875,32.2400016784668,32.06999969482422,32.17499923706055,499131,0.0,0.0
2023-10-27 15:30:00-04:00,32.16999816894531,32.185001373291016,32.060001373291016,32.15999984741211,849836,0.0,0.0
2023-10-30 09:30:00-04:00,32.45000076293945,32.560001373291016,31.8700008392334,31.950000762939453,773033,0.0,0.0
2023-10-30 10:30:00-04:00,31.950000762939453,31.96500015258789,31.760000228881836,31.834999084472656,471768,0.0,0.0
2023-10-30 11:30:00-04:00,31.84000015258789,31.94300079345703,31.774999618530273,31.89109992980957,599328,0.0,0.0
2023-10-30 12:30:00-04:00,31.895000457763672,31.969999313354492,31.75,31.96500015258789,503787,0.0,0.0
2023-10-30 13:30:00-04:00,31.969999313354492,32.0099983215332,31.809999465942383,31.969999313354492,500549,0.0,0.0
2023-10-30 14:30:00-04:00,31.961000442504883,32.04499816894531,31.934999465942383,32.005001068115234,542134,0.0,0.0
2023-10-30 15:30:00-04:00,32.0,32.07500076293945,31.9950008392334,32.040000915527344,774321,0.0,0.0
2023-10-31 09:30:00-04:00,32.06999969482422,32.439998626708984,32.06999969482422,32.275001525878906,899812,0.0,0.0
2023-10-31 10:30:00-04:00,32.275001525878906,32.3849983215332,32.22999954223633,32.22999954223633,562749,0.0,0.0
2023-10-31 11:30:00-04:00,32.23500061035156,32.275001525878906,32.05500030517578,32.09109878540039,689504,0.0,0.0
2023-10-31 12:30:00-04:00,32.095001220703125,32.18000030517578,32.05500030517578,32.1349983215332,489515,0.0,0.0
2023-10-31 13:30:00-04:00,32.13999938964844,32.244998931884766,32.130001068115234,32.21500015258789,405071,0.0,0.0
2023-10-31 14:30:00-04:00,32.21500015258789,32.48500061035156,32.21500015258789,32.415000915527344,483270,0.0,0.0
2023-10-31 15:30:00-04:00,32.41999816894531,32.47999954223633,32.32500076293945,32.41999816894531,1085353,0.0,0.0
2023-11-01 09:30:00-04:00,32.45000076293945,32.560001373291016,32.220001220703125,32.39500045776367,724814,0.0,0.0
2023-11-01 10:30:00-04:00,32.39500045776367,32.6150016784668,32.349998474121094,32.369998931884766,555837,0.0,0.0
2023-11-01 11:30:00-04:00,32.369998931884766,32.56999969482422,32.345001220703125,32.551700592041016,380925,0.0,0.0
2023-11-01 12:30:00-04:00,32.5525016784668,32.59479904174805,32.45000076293945,32.52000045776367,349951,0.0,0.0
2023-11-01 13:30:00-04:00,32.52000045776367,32.66699981689453,32.474998474121094,32.595001220703125,461721,0.0,0.0
2023-11-01 14:30:00-04:00,32.595001220703125,32.810001373291016,32.4900016784668,32.779998779296875,828589,0.0,0.0
2023-11-01 15:30:00-04:00,32.779998779296875,32.849998474121094,32.720001220703125,32.790000915527344,1386322,0.0,0.0
2023-11-02 09:30:00-04:00,32.880001068115234,33.66999816894531,32.279998779296875,33.459999084472656,1522681,0.0,0.0
2023-11-02 10:30:00-04:00,33.459999084472656,34.119998931884766,33.40999984741211,34.084999084472656,1373262,0.0,0.0
2023-11-02 11:30:00-04:00,34.08000183105469,34.15999984741211,33.79999923706055,33.97019958496094,879755,0.0,0.0
2023-11-02 12:30:00-04:00,33.97999954223633,34.400001525878906,33.93000030517578,34.3650016784668,920193,0.0,0.0
2023-11-02 13:30:00-04:00,34.3650016784668,34.540000915527344,34.36000061035156,34.375,1084329,0.0,0.0
2023-11-02 14:30:00-04:00,34.369998931884766,34.369998931884766,34.099998474121094,34.275001525878906,753286,0.0,0.0
2023-11-02 15:30:00-04:00,34.279998779296875,34.29999923706055,34.130001068115234,34.25,1282040,0.0,0.0
2023-11-03 09:30:00-04:00,35.09000015258789,35.28499984741211,34.20000076293945,34.349998474121094,771863,0.0,0.0
2023-11-03 10:30:00-04:00,34.349998474121094,34.349998474121094,33.5,34.20000076293945,1382522,0.0,0.0
2023-11-03 11:30:00-04:00,34.209999084472656,34.29499816894531,33.66999816894531,33.67499923706055,1005577,0.0,0.0
2023-11-03 12:30:00-04:00,33.67499923706055,33.974998474121094,33.66999816894531,33.7599983215332,571681,0.0,0.0
2023-11-03 13:30:00-04:00,33.76110076904297,33.88999938964844,33.685001373291016,33.880001068115234,722923,0.0,0.0
2023-11-03 14:30:00-04:00,33.880001068115234,34.09000015258789,33.82500076293945,34.05500030517578,644157,0.0,0.0
2023-11-03 15:30:00-04:00,34.04999923706055,34.060001373291016,33.880001068115234,33.959999084472656,995183,0.0,0.0
2023-11-06 09:30:00-05:00,34.060001373291016,34.35499954223633,33.84000015258789,34.125,576095,0.0,0.0
2023-11-06 10:30:00-05:00,34.130001068115234,34.45000076293945,34.029998779296875,34.435001373291016,397986,0.0,0.0
2023-11-06 11:30:00-05:00,34.43000030517578,34.47999954223633,34.20000076293945,34.42499923706055,437753,0.0,0.0
2023-11-06 12:30:00-05:00,34.42499923706055,34.52000045776367,34.3849983215332,34.40999984741211,417905,0.0,0.0
2023-11-06 13:30:00-05:00,34.400001525878906,34.404998779296875,34.29029846191406,34.375,281428,0.0,0.0
2023-11-06 14:30:00-05:00,34.375,34.54999923706055,34.345001220703125,34.54499816894531,453763,0.0,0.0
2023-11-06 15:30:00-05:00,34.54499816894531,34.599998474121094,34.46179962158203,34.5,972921,0.0,0.0
2023-11-07 09:30:00-05:00,34.45000076293945,34.58000183105469,34.2400016784668,34.36000061035156,571065,0.0,0.0
2023-11-07 10:30:00-05:00,34.349998474121094,34.5,34.154998779296875,34.26499938964844,513107,0.0,0.0
2023-11-07 11:30:00-05:00,34.26919937133789,34.369998931884766,34.23500061035156,34.290000915527344,478166,0.0,0.0
2023-11-07 12:30:00-05:00,34.290000915527344,34.36000061035156,34.23500061035156,34.28499984741211,285225,0.0,0.0
2023-11-07 13:30:00-05:00,34.279998779296875,34.459999084472656,34.27000045776367,34.435001373291016,333696,0.0,0.0
2023-11-07 14:30:00-05:00,34.435001373291016,34.53499984741211,34.290000915527344,34.334999084472656,525275,0.0,0.0
2023-11-07 15:30:00-05:00,34.334999084472656,34.334999084472656,34.189998626708984,34.20000076293945,1321166,0.0,0.0
2023-11-08 09:30:00-05:00,34.459999084472656,34.459999084472656,34.040000915527344,34.125,417650,0.0,0.0
2023-11-08 10:30:00-05:00,34.119998931884766,34.125,33.880001068115234,34.0,595751,0.0,0.0
2023-11-08 11:30:00-05:00,34.0,34.064998626708984,33.8849983215332,33.95899963378906,376653,0.0,0.0
2023-11-08 12:30:00-05:00,33.959999084472656,34.0,33.83000183105469,33.90999984741211,351814,0.0,0.0
2023-11-08 13:30:00-05:00,33.90999984741211,34.02000045776367,33.900001525878906,33.939998626708984,379911,0.0,0.0
2023-11-08 14:30:00-05:00,33.93000030517578,34.060001373291016,33.91999816894531,34.005001068115234,644341,0.0,0.0
2023-11-08 15:30:00-05:00,34.0,34.1150016784668,33.98500061035156,34.04999923706055,678546,0.0,0.0
2023-11-09 09:30:00-05:00,33.95000076293945,34.07500076293945,33.380001068115234,33.42499923706055,807661,0.0,0.0
2023-11-09 10:30:00-05:00,33.41999816894531,33.46500015258789,33.189998626708984,33.31999969482422,385654,0.0,0.0
2023-11-09 11:30:00-05:00,33.31999969482422,33.41419982910156,33.261199951171875,33.279998779296875,309175,0.0,0.0
2023-11-09 12:30:00-05:00,33.27000045776367,33.380001068115234,33.244998931884766,33.29499816894531,425042,0.0,0.0
2023-11-09 13:30:00-05:00,33.29499816894531,33.29499816894531,32.904998779296875,32.970001220703125,501959,0.0,0.0
2023-11-09 14:30:00-05:00,32.970001220703125,33.06999969482422,32.880001068115234,32.935001373291016,1039336,0.0,0.0
2023-11-09 15:30:00-05:00,32.93000030517578,32.935001373291016,32.810001373291016,32.84000015258789,848300,0.0,0.0
2023-11-10 09:30:00-05:00,33.0,33.0,32.54999923706055,32.58000183105469,710100,0.0,0.0
2023-11-10 10:30:00-05:00,32.584999084472656,32.77000045776367,32.52000045776367,32.58000183105469,363936,0.0,0.0
2023-11-10 11:30:00-05:00,32.58000183105469,32.71500015258789,32.560001373291016,32.685001373291016,523139,0.0,0.0
2023-11-10 12:30:00-05:00,32.68000030517578,32.88999938964844,32.595001220703125,32.79999923706055,471499,0.0,0.0
2023-11-10 13:30:00-05:00,32.79999923706055,32.8380012512207,32.63999938964844,32.70000076293945,479784,0.0,0.0
2023-11-10 14:30:00-05:00,32.70500183105469,32.834999084472656,32.70000076293945,32.79999923706055,762229,0.0,0.0
2023-11-10 15:30:00-05:00,32.79999923706055,32.869998931884766,32.77000045776367,32.83000183105469,1007064,0.0,0.0
2023-11-13 09:30:00-05:00,33.27000045776367,33.66999816894531,33.0099983215332,33.209999084472656,1113487,0.0,0.0
2023-11-13 10:30:00-05:00,33.21500015258789,33.92499923706055,33.154998779296875,33.88999938964844,4729034,0.0,0.0
2023-11-13 11:30:00-05:00,33.89500045776367,34.119998931884766,33.83000183105469,34.09000015258789,389084,0.0,0.0
2023-11-13 12:30:00-05:00,34.08000183105469,34.084999084472656,33.915000915527344,34.0,323161,0.0,0.0
2023-11-13 13:30:00-05:00,34.005001068115234,34.130001068115234,33.935001373291016,33.959999084472656,368271,0.0,0.0
2023-11-13 14:30:00-05:00,33.959999084472656,33.959999084472656,33.70500183105469,33.72999954223633,637724,0.0,0.0
2023-11-13 15:30:00-05:00,33.73500061035156,33.81999969482422,33.6150016784668,33.709999084472656,966112,0.0,0.0
2023-11-14 09:30:00-05:00,34.0,34.5,34.0,34.279998779296875,624680,0.0,0.0
2023-11-14 10:30:00-05:00,34.2599983215332,34.70000076293945,34.25,34.689998626708984,357050,0.0,0.0
2023-11-14 11:30:00-05:00,34.69499969482422,34.72999954223633,34.095001220703125,34.165000915527344,521475,0.0,0.0
2023-11-14 12:30:00-05:00,34.165000915527344,34.25,34.099998474121094,34.209999084472656,318929,0.0,0.0
2023-11-14 13:30:00-05:00,34.22999954223633,34.29499816894531,34.060001373291016,34.08000183105469,302404,0.0,0.0
2023-11-14 14:30:00-05:00,34.07500076293945,34.39500045776367,34.07500076293945,34.3849983215332,381454,0.0,0.0
2023-11-14 15:30:00-05:00,34.380001068115234,34.380001068115234,34.290000915527344,34.34000015258789,1016772,0.0,0.0
2023-11-15 09:30:00-05:00,34.34000015258789,35.04880142211914,34.279998779296875,35.000099182128906,856787,0.0,0.0
2023-11-15 10:30:00-05:00,34.994998931884766,35.09000015258789,34.744998931884766,34.80500030517578,571238,0.0,0.0
2023-11-15 11:30:00-05:00,34.79999923706055,35.03950119018555,34.71500015258789,35.029998779296875,400510,0.0,0.0
2023-11-15 12:30:00-05:00,35.02000045776367,35.064998626708984,34.915000915527344,34.974998474121094,451835,0.0,0.0
2023-11-15 13:30:00-05:00,34.974998474121094,35.224998474121094,34.959999084472656,35.154998779296875,509673,0.0,0.0
2023-11-15 14:30:00-05:00,35.154998779296875,35.2599983215332,35.099998474121094,35.21500015258789,570076,0.0,0.0
2023-11-15 15:30:00-05:00,35.21500015258789,35.33000183105469,35.212501525878906,35.314998626708984,1751485,0.0,0.0
2023-11-16 09:30:00-05:00,35.290000915527344,35.5,35.01499938964844,35.13999938964844,682892,0.0,0.0
2023-11-16 10:30:00-05:00,35.1349983215332,35.31999969482422,35.1349983215332,35.269901275634766,460909,0.0,0.0
2023-11-16 11:30:00-05:00,35.27000045776367,35.349998474121094,35.07500076293945,35.29499816894531,738492,0.0,0.0
2023-11-16 12:30:00-05:00,35.29499816894531,35.474998474121094,35.209999084472656,35.44499969482422,952423,0.0,0.0
2023-11-16 13:30:00-05:00,35.439998626708984,35.494998931884766,35.310001373291016,35.43000030517578,397602,0.0,0.0
2023-11-16 14:30:00-05:00,35.43000030517578,35.52000045776367,35.38999938964844,35.42499923706055,550963,0.0,0.0
2023-11-16 15:30:00-05:00,35.42499923706055,35.54499816894531,35.349998474121094,35.439998626708984,956779,0.0,0.0
2023-11-17 09:30:00-05:00,35.65999984741211,35.7400016784668,35.463401794433594,35.60499954223633,1158313,0.0,0.0
2023-11-17 10:30:00-05:00,35.60499954223633,35.60499954223633,35.310001373291016,35.3650016784668,542654,0.0,0.0
2023-11-17 11:30:00-05:00,35.35499954223633,35.540000915527344,35.31999969482422,35.3380012512207,558733,0.0,0.0
2023-11-17 12:30:00-05:00,35.334999084472656,35.42499923706055,35.26499938964844,35.40999984741211,280451,0.0,0.0
2023-11-17 13:30:00-05:00,35.40999984741211,35.48500061035156,35.380001068115234,35.404998779296875,233444,0.0,0.0
2023-11-17 14:30:00-05:00,35.404998779296875,35.459999084472656,35.345001220703125,35.439998626708984,323971,0.0,0.0
2023-11-17 15:30:00-05:00,35.435001373291016,35.4900016784668,35.334999084472656,35.459999084472656,776130,0.0,0.0
2023-11-20 09:30:00-05:00,35.5,35.68550109863281,35.209999084472656,35.525001525878906,427913,0.0,0.0
2023-11-20 10:30:00-05:00,35.525001525878906,35.77000045776367,35.4900016784668,35.63999938964844,446754,0.0,0.0
2023-11-20 11:30:00-05:00,35.650001525878906,35.709999084472656,35.60929870605469,35.64500045776367,295109,0.0,0.0
2023-11-20 12:30:00-05:00,35.64500045776367,35.7599983215332,35.61000061035156,35.755001068115234,300465,0.0,0.0
2023-11-20 13:30:00-05:00,35.7599983215332,35.869998931884766,35.744998931884766,35.779998779296875,642566,0.0,0.0
2023-11-20 14:30:00-05:00,35.779998779296875,35.84000015258789,35.7599983215332,35.79999923706055,270555,0.0,0.0
2023-11-20 15:30:00-05:00,35.79999923706055,35.79999923706055,35.61000061035156,35.619998931884766,782010,0.0,0.0
2023-11-21 09:30:00-05:00,35.7599983215332,35.790000915527344,35.54999923706055,35.665000915527344,324947,0.0,0.0
2023-11-21 10:30:00-05:00,35.66999816894531,35.83000183105469,35.61000061035156,35.724998474121094,257465,0.0,0.0
2023-11-21 11:30:00-05:00,35.724998474121094,35.77000045776367,35.67499923706055,35.70000076293945,281989,0.0,0.0
2023-11-21 12:30:00-05:00,35.69499969482422,35.75,35.599998474121094,35.648799896240234,283265,0.0,0.0
2023-11-21 13:30:00-05:00,35.64500045776367,35.68000030517578,35.54999923706055,35.68000030517578,249343,0.0,0.0
2023-11-21 14:30:00-05:00,35.67499923706055,35.70000076293945,35.55500030517578,35.64500045776367,302259,0.0,0.0
2023-11-21 15:30:00-05:00,35.64500045776367,35.720001220703125,35.59000015258789,35.689998626708984,543559,0.0,0.0
2023-11-22 09:30:00-05:00,35.95000076293945,35.97999954223633,35.72999954223633,35.94499969482422,361594,0.0,0.0
2023-11-22 10:30:00-05:00,35.95000076293945,35.97999954223633,35.79499816894531,35.904998779296875,269334,0.0,0.0
2023-11-22 11:30:00-05:00,35.904998779296875,35.94499969482422,35.7400016784668,35.7400016784668,337409,0.0,0.0
2023-11-22 12:30:00-05:00,35.744998931884766,35.86000061035156,35.7400016784668,35.80500030517578,205056,0.0,0.0
2023-11-22 13:30:00-05:00,35.810001373291016,35.869998931884766,35.79499816894531,35.85499954223633,227182,0.0,0.0
2023-11-22 14:30:00-05:00,35.85499954223633,35.915000915527344,35.79499816894531,35.869998931884766,260923,0.0,0.0
2023-11-22 15:30:00-05:00,35.8650016784668,35.88999938964844,35.81999969482422,35.86000061035156,373542,0.0,0.0
2023-11-24 09:30:00-05:00,35.81999969482422,36.19499969482422,35.81999969482422,36.13999938964844,251341,0.0,0.0
2023-11-24 10:30:00-05:00,36.130001068115234,36.2400016784668,36.11000061035156,36.11000061035156,223724,0.0,0.0
2023-11-24 11:30:00-05:00,36.11000061035156,36.119998931884766,36.025001525878906,36.084999084472656,317719,0.0,0.0
2023-11-27 09:30:00-05:00,35.93000030517578,36.5,35.90999984741211,36.3849983215332,553141,0.0,0.0
2023-11-27 10:30:00-05:00,36.38999938964844,36.439998626708984,36.29499816894531,36.38999938964844,394215,0.0,0.0
2023-11-27 11:30:00-05:00,36.38999938964844,36.44499969482422,36.310001373291016,36.40999984741211,386023,0.0,0.0
2023-11-27 12:30:00-05:00,36.40999984741211,36.494998931884766,36.350101470947266,36.41999816894531,254180,0.0,0.0
2023-11-27 13:30:00-05:00,36.42499923706055,36.47999954223633,36.380001068115234,36.404998779296875,253630,0.0,0.0
2023-11-27 14:30:00-05:00,36.404998779296875,36.45500183105469,36.36000061035156,36.42499923706055,311298,0.0,0.0
2023-11-27 15:30:00-05:00,36.43000030517578,36.5,36.38999938964844,36.43000030517578,800323,0.0,0.0
2023-11-28 09:30:00-05:00,36.34000015258789,36.41999816894531,36.119998931884766,36.310001373291016,464392,0.0,0.0
2023-11-28 10:30:00-05:00,36.29999923706055,36.474998474121094,36.279998779296875,36.29999923706055,226103,0.0,0.0
2023-11-28 11:30:00-05:00,36.310001373291016,36.46500015258789,36.25,36.35499954223633,254533,0.0,0.0
2023-11-28 12:30:00-05:00,36.345001220703125,36.45000076293945,36.29999923706055,36.415000915527344,243943,0.0,0.0
2023-11-28 13:30:00-05:00,36.415000915527344,36.55500030517578,36.36000061035156,36.47999954223633,189022,0.0,0.0
2023-11-28 14:30:00-05:00,36.474998474121094,36.529998779296875,36.350799560546875,36.35499954223633,282943,0.0,0.0
2023-11-28 15:30:00-05:00,36.349998474121094,36.40999984741211,36.29499816894531,36.349998474121094,439289,0.0,0.0
2023-11-29 09:30:00-05:00,36.349998474121094,36.82500076293945,36.345001220703125,36.58000183105469,371721,0.0,0.0
2023-11-29 10:30:00-05:00,36.584999084472656,36.689998626708984,36.26499938964844,36.35499954223633,227695,0.0,0.0
2023-11-29 11:30:00-05:00,36.36000061035156,36.470001220703125,36.314998626708984,36.349998474121094,286995,0.0,0.0
2023-11-29 12:30:00-05:00,36.345001220703125,36.400001525878906,36.290000915527344,36.36000061035156,347533,0.0,0.0
2023-11-29 13:30:00-05:00,36.36159896850586,36.51499938964844,36.314998626708984,36.404998779296875,519754,0.0,0.0
2023-11-29 14:30:00-05:00,36.40999984741211,36.43000030517578,36.279998779296875,36.345001220703125,320373,0.0,0.0
2023-11-29 15:30:00-05:00,36.345001220703125,36.439998626708984,36.29499816894531,36.41999816894531,428006,0.0,0.0
2023-11-30 09:30:00-05:00,36.16999816894531,36.349998474121094,35.90999984741211,36.220001220703125,458091,0.0,0.0
2023-11-30 10:30:00-05:00,36.22999954223633,36.400001525878906,36.1349983215332,36.2599983215332,289440,0.0,0.0
2023-11-30 11:30:00-05:00,36.2599983215332,36.31999969482422,36.10499954223633,36.150001525878906,246268,0.0,0.0
2023-11-30 12:30:00-05:00,36.15999984741211,36.279998779296875,36.10499954223633,36.10499954223633,241014,0.0,0.0
2023-11-30 13:30:00-05:00,36.10499954223633,36.22999954223633,36.025001525878906,36.09000015258789,439878,0.0,0.0
2023-11-30 14:30:00-05:00,36.09000015258789,36.189998626708984,36.0099983215332,36.07500076293945,561853,0.0,0.0
2023-11-30 15:30:00-05:00,36.06999969482422,36.119998931884766,36.0,36.06999969482422,970822,0.0,0.0
2023-12-01 09:30:00-05:00,36.099998474121094,36.18000030517578,35.95000076293945,36.01499938964844,457237,0.0,0.0
2023-12-01 10:30:00-05:00,36.0099983215332,36.439998626708984,35.9900016784668,36.439998626708984,509645,0.0,0.0
2023-12-01 11:30:00-05:00,36.439998626708984,36.654998779296875,36.39500045776367,36.54999923706055,330620,0.0,0.0
2023-12-01 12:30:00-05:00,36.540000915527344,36.66999816894531,36.505001068115234,36.52000045776367,344143,0.0,0.0
2023-12-01 13:30:00-05:00,36.525001525878906,36.6349983215332,36.51499938964844,36.57500076293945,290739,0.0,0.0
2023-12-01 14:30:00-05:00,36.58000183105469,36.59000015258789,36.41999816894531,36.45500183105469,430237,0.0,0.0
2023-12-01 15:30:00-05:00,36.45500183105469,36.560001373291016,36.439998626708984,36.54999923706055,1009584,0.0,0.0
2023-12-04 09:30:00-05:00,36.27000045776367,36.84000015258789,36.165000915527344,36.720001220703125,359508,0.0,0.0
2023-12-04 10:30:00-05:00,36.724998474121094,37.18000030517578,36.70000076293945,37.060001373291016,487710,0.0,0.0
2023-12-04 11:30:00-05:00,37.040000915527344,37.084999084472656,36.92499923706055,37.08000183105469,434708,0.0,0.0
2023-12-04 12:30:00-05:00,37.07500076293945,37.1150016784668,36.86000061035156,36.904998779296875,721873,0.0,0.0
2023-12-04 13:30:00-05:00,36.900001525878906,36.91999816894531,36.7400016784668,36.81999969482422,425825,0.0,0.0
2023-12-04 14:30:00-05:00,36.82500076293945,36.93000030517578,36.80500030517578,36.8650016784668,442558,0.0,0.0
2023-12-04 15:30:00-05:00,36.875,36.95000076293945,36.81999969482422,36.88999938964844,633057,0.0,0.0
2023-12-05 09:30:00-05:00,36.689998626708984,36.79999923706055,36.060001373291016,36.14500045776367,408394,0.0,0.0
2023-12-05 10:30:00-05:00,36.14500045776367,36.18000030517578,35.939998626708984,36.07500076293945,279424,0.0,0.0
2023-12-05 11:30:00-05:00,36.08000183105469,36.099998474121094,35.83000183105469,35.834999084472656,371504,0.0,0.0
2023-12-05 12:30:00-05:00,35.834999084472656,35.869998931884766,35.720001220703125,35.810001373291016,238261,0.0,0.0
2023-12-05 13:30:00-05:00,35.81999969482422,35.84000015258789,35.73500061035156,35.76499938964844,263087,0.0,0.0
2023-12-05 14:30:00-05:00,35.77000045776367,35.91999816894531,35.77000045776367,35.86000061035156,337553,0.0,0.0
2023-12-05 15:30:00-05:00,35.85499954223633,35.89500045776367,35.755001068115234,35.79999923706055,631254,0.0,0.0
2023-12-06 09:30:00-05:00,35.849998474121094,36.029998779296875,35.619998931884766,35.8650016784668,530067,0.0,0.0
2023-12-06 10:30:00-05:00,35.86000061035156,36.005001068115234,35.775001525878906,35.91999816894531,255456,0.0,0.0
2023-12-06 11:30:00-05:00,35.90999984741211,36.0099983215332,35.814998626708984,35.935001373291016,202394,0.0,0.0
2023-12-06 12:30:00-05:00,35.939998626708984,35.970001220703125,35.810001373291016,35.900001525878906,227812,0.0,0.0
2023-12-06 13:30:00-05:00,35.89500045776367,35.9900016784668,35.8650016784668,35.880001068115234,212463,0.0,0.0
2023-12-06 14:30:00-05:00,35.875,36.130001068115234,35.861000061035156,36.01499938964844,315082,0.0,0.0
2023-12-06 15:30:00-05:00,36.01499938964844,36.064998626708984,35.900001525878906,35.93000030517578,718409,0.0,0.0
2023-12-07 09:30:00-05:00,36.06999969482422,36.27000045776367,35.90999984741211,36.189998626708984,453901,0.0,0.0
2023-12-07 10:30:00-05:00,36.19499969482422,36.310001373291016,35.90999984741211,36.099998474121094,629980,0.0,0.0
2023-12-07 11:30:00-05:00,36.10499954223633,36.220001220703125,36.01499938964844,36.150001525878906,378358,0.0,0.0
2023-12-07 12:30:00-05:00,36.14500045776367,36.31999969482422,36.078800201416016,36.29499816894531,273805,0.0,0.0
2023-12-07 13:30:00-05:00,36.29999923706055,36.45000076293945,36.290000915527344,36.349998474121094,241850,0.0,0.0
2023-12-07 14:30:00-05:00,36.349998474121094,36.4900016784668,36.290000915527344,36.470001220703125,496243,0.0,0.0
2023-12-07 15:30:00-05:00,36.474998474121094,36.58000183105469,36.45000076293945,36.529998779296875,940090,0.0,0.0
2023-12-08 09:30:00-05:00,36.630001068115234,36.672401428222656,36.28879928588867,36.3849983215332,266774,0.0,0.0
2023-12-08 10:30:00-05:00,36.380001068115234,36.459999084472656,36.11000061035156,36.22710037231445,310402,0.0,0.0
2023-12-08 11:30:00-05:00,36.22999954223633,36.34000015258789,36.16999816894531,36.2400016784668,361571,0.0,0.0
2023-12-08 12:30:00-05:00,36.2400016784668,36.275001525878906,36.165000915527344,36.22999954223633,171231,0.0,0.0
2023-12-08 13:30:00-05:00,36.220001220703125,36.22999954223633,36.130001068115234,36.20500183105469,265180,0.0,0.0
2023-12-08 14:30:00-05:00,36.209999084472656,36.2400016784668,36.1349983215332,36.21500015258789,342606,0.0,0.0
2023-12-08 15:30:00-05:00,36.209999084472656,36.220001220703125,36.07500076293945,36.150001525878906,759936,0.0,0.0
2023-12-11 09:30:00-05:00,36.20000076293945,36.349998474121094,36.08000183105469,36.34000015258789,525995,0.0,0.0
2023-12-11 10:30:00-05:00,36.36000061035156,36.4900016784668,36.310001373291016,36.439998626708984,435534,0.0,0.0
2023-12-11 11:30:00-05:00,36.44499969482422,36.44499969482422,36.185001373291016,36.220001220703125,454886,0.0,0.0
2023-12-11 12:30:00-05:00,36.220001220703125,36.2599983215332,36.1349983215332,36.209999084472656,283001,0.0,0.0
2023-12-11 13:30:00-05:00,36.209999084472656,36.34000015258789,36.19499969482422,36.310001373291016,476718,0.0,0.0
2023-12-11 14:30:00-05:00,36.310001373291016,36.40999984741211,36.27000045776367,36.39500045776367,349838,0.0,0.0
2023-12-11 15:30:00-05:00,36.39500045776367,36.459999084472656,36.33000183105469,36.40999984741211,488410,0.0,0.0
2023-12-12 09:30:00-05:00,36.61000061035156,36.61000061035156,35.959999084472656,36.349998474121094,748708,0.0,0.0
2023-12-12 10:30:00-05:00,36.349998474121094,36.455501556396484,36.310001373291016,36.40999984741211,467048,0.0,0.0
2023-12-12 11:30:00-05:00,36.41999816894531,36.709999084472656,36.380001068115234,36.70000076293945,441856,0.0,0.0
2023-12-12 12:30:00-05:00,36.70000076293945,36.790000915527344,36.66999816894531,36.709999084472656,289498,0.0,0.0
2023-12-12 13:30:00-05:00,36.709999084472656,36.71500015258789,36.540000915527344,36.560001373291016,259180,0.0,0.0
2023-12-12 14:30:00-05:00,36.560001373291016,36.755001068115234,36.525001525878906,36.70000076293945,517105,0.0,0.0
2023-12-12 15:30:00-05:00,36.69499969482422,36.709999084472656,36.58000183105469,36.70000076293945,642837,0.0,0.0
2023-12-13 09:30:00-05:00,36.56999969482422,36.790000915527344,36.404998779296875,36.755001068115234,655775,0.0,0.0
2023-12-13 10:30:00-05:00,36.7599983215332,36.904998779296875,36.72999954223633,36.875,199194,0.0,0.0
2023-12-13 11:30:00-05:00,36.880699157714844,36.935001373291016,36.779998779296875,36.834999084472656,207491,0.0,0.0
2023-12-13 12:30:00-05:00,36.84000015258789,36.900001525878906,36.80500030517578,36.89500045776367,250100,0.0,0.0
2023-12-13 13:30:00-05:00,36.89500045776367,37.255001068115234,36.85499954223633,37.13999938964844,425962,0.0,0.0
2023-12-13 14:30:00-05:00,37.150001525878906,37.63999938964844,37.14500045776367,37.56999969482422,581880,0.0,0.0
2023-12-13 15:30:00-05:00,37.564998626708984,37.66999816894531,37.52000045776367,37.63999938964844,816240,0.0,0.0
2023-12-14 09:30:00-05:00,38.2599983215332,38.513999938964844,38.13999938964844,38.45000076293945,662653,0.0,0.0
2023-12-14 10:30:00-05:00,38.459999084472656,38.82740020751953,38.38999938964844,38.79999923706055,551046,0.0,0.0
2023-12-14 11:30:00-05:00,38.80500030517578,39.09000015258789,38.775001525878906,39.084999084472656,461648,0.0,0.0
2023-12-14 12:30:00-05:00,39.09000015258789,39.20500183105469,38.939998626708984,38.95000076293945,651570,0.0,0.0
2023-12-14 13:30:00-05:00,38.95000076293945,39.150001525878906,38.84000015258789,38.92499923706055,713907,0.0,0.0
2023-12-14 14:30:00-05:00,38.91999816894531,39.0,38.79999923706055,38.95000076293945,736967,0.0,0.0
2023-12-14 15:30:00-05:00,38.959999084472656,39.03499984741211,38.81999969482422,38.95000076293945,1415374,0.0,0.0
2023-12-15 09:30:00-05:00,38.75,39.04499816894531,38.5099983215332,39.029998779296875,1202019,0.0,0.0
2023-12-15 10:30:00-05:00,39.03499984741211,39.16999816894531,38.95000076293945,39.040000915527344,633763,0.0,0.0
2023-12-15 11:30:00-05:00,39.03499984741211,39.03499984741211,38.65999984741211,38.71500015258789,330914,0.0,0.0
2023-12-15 12:30:00-05:00,38.71500015258789,38.77000045776367,38.564998626708984,38.642601013183594,475051,0.0,0.0
2023-12-15 13:30:00-05:00,38.64500045776367,38.66999816894531,38.54499816894531,38.599998474121094,306945,0.0,0.0
2023-12-15 14:30:00-05:00,38.61000061035156,38.7599983215332,38.57500076293945,38.654998779296875,380672,0.0,0.0
2023-12-15 15:30:00-05:00,38.65999984741211,38.790000915527344,38.59000015258789,38.720001220703125,890708,0.0,0.0
2023-12-18 09:30:00-05:00,38.849998474121094,38.849998474121094,38.314998626708984,38.375,342168,0.0,0.0
2023-12-18 10:30:00-05:00,38.38999938964844,38.70000076293945,38.345001220703125,38.4900016784668,383187,0.0,0.0
2023-12-18 11:30:00-05:00,38.5,38.6349983215332,38.48500061035156,38.6349983215332,251442,0.0,0.0
2023-12-18 12:30:00-05:00,38.630001068115234,38.68000030517578,38.42499923706055,38.42499923706055,209940,0.0,0.0
2023-12-18 13:30:00-05:00,38.4385986328125,38.470001220703125,38.314998626708984,38.44499969482422,259818,0.0,0.0
2023-12-18 14:30:00-05:00,38.439998626708984,38.45000076293945,38.34000015258789,38.40999984741211,312199,0.0,0.0
2023-12-18 15:30:00-05:00,38.41210174560547,38.418701171875,38.31999969482422,38.31999969482422,468874,0.0,0.0
2023-12-19 09:30:00-05:00,38.45000076293945,38.630001068115234,38.349998474121094,38.54499816894531,241000,0.0,0.0
2023-12-19 10:30:00-05:00,38.53499984741211,38.67499923706055,38.4900016784668,38.584999084472656,178666,0.0,0.0
2023-12-19 11:30:00-05:00,38.57500076293945,38.630001068115234,38.45000076293945,38.5099983215332,203201,0.0,0.0
2023-12-19 12:30:00-05:00,38.5,38.540000915527344,38.28499984741211,38.310001373291016,199922,0.0,0.0
2023-12-19 13:30:00-05:00,38.310001373291016,38.525001525878906,38.29999923706055,38.43000030517578,270081,0.0,0.0
2023-12-19 14:30:00-05:00,38.435001373291016,38.58000183105469,38.39500045776367,38.58000183105469,197323,0.0,0.0
2023-12-19 15:30:00-05:00,38.584999084472656,38.720001220703125,38.564998626708984,38.685001373291016,370675,0.0,0.0
2023-12-20 09:30:00-05:00,38.709999084472656,38.77000045776367,38.52000045776367,38.70899963378906,458920,0.0,0.0
2023-12-20 10:30:00-05:00,38.709999084472656,38.845001220703125,38.689998626708984,38.73500061035156,323711,0.0,0.0
2023-12-20 11:30:00-05:00,38.73310089111328,38.834999084472656,38.630001068115234,38.78499984741211,348347,0.0,0.0
2023-12-20 12:30:00-05:00,38.790000915527344,38.880001068115234,38.625,38.685001373291016,372920,0.0,0.0
2023-12-20 13:30:00-05:00,38.685001373291016,38.81999969482422,38.68000030517578,38.79999923706055,292071,0.0,0.0
2023-12-20 14:30:00-05:00,38.79499816894531,38.810001373291016,38.4900016784668,38.630001068115234,877437,0.0,0.0
2023-12-20 15:30:00-05:00,38.625,38.73500061035156,38.529998779296875,38.58000183105469,1108926,0.0,0.0
2023-12-21 09:30:00-05:00,38.709999084472656,38.814998626708984,38.369998931884766,38.720001220703125,432502,0.0,0.0
2023-12-21 10:30:00-05:00,38.72890090942383,38.82500076293945,38.665000915527344,38.779998779296875,479122,0.0,0.0
2023-12-21 11:30:00-05:00,38.790000915527344,38.810001373291016,38.375,38.38999938964844,1347998,0.0,0.0
2023-12-21 12:30:00-05:00,38.380001068115234,38.42900085449219,38.130001068115234,38.275001525878906,278832,0.0,0.0
2023-12-21 13:30:00-05:00,38.279998779296875,38.45000076293945,38.275001525878906,38.334999084472656,298498,0.0,0.0
2023-12-21 14:30:00-05:00,38.334999084472656,38.540000915527344,38.15999984741211,38.540000915527344,405507,0.0,0.0
2023-12-21 15:30:00-05:00,38.54999923706055,39.0098991394043,38.53499984741211,38.880001068115234,1237792,0.0,0.0
2023-12-22 09:30:00-05:00,39.150001525878906,39.459999084472656,38.779998779296875,38.83000183105469,502684,0.0,0.0
2023-12-22 10:30:00-05:00,38.83000183105469,38.83000183105469,38.470001220703125,38.53499984741211,677156,0.0,0.0
2023-12-22 11:30:00-05:00,38.540000915527344,38.689998626708984,38.41999816894531,38.47999954223633,302151,0.0,0.0
2023-12-22 12:30:00-05:00,38.4900016784668,38.595001220703125,38.45000076293945,38.57500076293945,215320,0.0,0.0
2023-12-22 13:30:00-05:00,38.57500076293945,38.58000183105469,38.36000061035156,38.36000061035156,463939,0.0,0.0
2023-12-22 14:30:00-05:00,38.3650016784668,38.52000045776367,38.32500076293945,38.439998626708984,366510,0.0,0.0
2023-12-22 15:30:00-05:00,38.45000076293945,38.45000076293945,38.29499816894531,38.380001068115234,1243117,0.0,0.0
2023-12-26 09:30:00-05:00,38.27000045776367,38.709999084472656,38.20000076293945,38.685001373291016,298367,0.0,0.0
2023-12-26 10:30:00-05:00,38.685001373291016,38.699798583984375,38.56999969482422,38.6150016784668,230175,0.0,0.0
2023-12-26 11:30:00-05:00,38.61000061035156,38.66999816894531,38.581199645996094,38.63999938964844,289291,0.0,0.0
2023-12-26 12:30:00-05:00,38.630001068115234,38.665000915527344,38.599998474121094,38.619998931884766,149067,0.0,0.0
2023-12-26 13:30:00-05:00,38.619998931884766,38.69499969482422,38.6150016784668,38.69499969482422,183595,0.0,0.0
2023-12-26 14:30:00-05:00,38.689998626708984,38.82500076293945,38.689998626708984,38.74599838256836,276195,0.0,0.0
2023-12-26 15:30:00-05:00,38.744998931884766,38.78900146484375,38.58000183105469,38.599998474121094,485671,0.0,0.0
2023-12-27 09:30:00-05:00,38.34000015258789,38.755001068115234,38.290000915527344,38.60499954223633,515620,0.0,0.0
2023-12-27 10:30:00-05:00,38.599998474121094,38.68000030517578,38.4900016784668,38.52000045776367,387541,0.0,0.0
2023-12-27 11:30:00-05:00,38.52080154418945,38.599998474121094,38.47999954223633,38.54499816894531,291369,0.0,0.0
2023-12-27 12:30:00-05:00,38.54499816894531,38.75,38.5,38.66999816894531,272549,0.0,0.0
2023-12-27 13:30:00-05:00,38.66999816894531,38.71500015258789,38.560001373291016,38.584999084472656,250408,0.0,0.0
2023-12-27 14:30:00-05:00,38.595001220703125,38.67499923706055,38.52000045776367,38.61000061035156,354131,0.0,0.0
2023-12-27 15:30:00-05:00,38.60499954223633,38.70000076293945,38.595001220703125,38.66999816894531,410369,0.0,0.0
2023-12-28 09:30:00-05:00,38.63999938964844,38.970001220703125,38.40999984741211,38.900001525878906,229680,0.0,0.0
2023-12-28 10:30:00-05:00,38.900001525878906,38.900001525878906,38.72999954223633,38.85499954223633,236114,0.0,0.0
2023-12-28 11:30:00-05:00,38.85499954223633,38.904998779296875,38.720001220703125,38.72100067138672,321569,0.0,0.0
2023-12-28 12:30:00-05:00,38.724998474121094,38.77000045776367,38.6150016784668,38.755001068115234,225900,0.0,0.0
2023-12-28 13:30:00-05:00,38.755001068115234,38.810001373291016,38.70500183105469,38.775001525878906,225746,0.0,0.0
2023-12-28 14:30:00-05:00,38.775001525878906,38.83000183105469,38.744998931884766,38.790000915527344,270472,0.0,0.0
2023-12-28 15:30:00-05:00,38.790000915527344,38.8650016784668,38.790000915527344,38.79999923706055,446705,0.0,0.0
2023-12-29 09:30:00-05:00,38.720001220703125,38.8650016784668,38.599998474121094,38.83000183105469,257164,0.0,0.0
2023-12-29 10:30:00-05:00,38.83000183105469,38.900001525878906,38.79499816894531,38.81999969482422,319351,0.0,0.0
2023-12-29 11:30:00-05:00,38.814998626708984,38.98500061035156,38.77000045776367,38.81119918823242,382187,0.0,0.0
2023-12-29 12:30:00-05:00,38.814998626708984,38.8849983215332,38.770599365234375,38.80500030517578,159051,0.0,0.0
2023-12-29 13:30:00-05:00,38.810001373291016,38.8650016784668,38.79499816894531,38.845001220703125,144456,0.0,0.0
2023-12-29 14:30:00-05:00,38.845001220703125,38.86000061035156,38.7400016784668,38.78499984741211,200120,0.0,0.0
2023-12-29 15:30:00-05:00,38.78499984741211,38.78499984741211,38.6150016784668,38.65999984741211,507837,0.0,0.0
2024-01-02 09:30:00-05:00,38.470001220703125,39.625,38.310001373291016,39.560001373291016,632727,0.0,0.0
2024-01-02 10:30:00-05:00,39.560001373291016,39.779998779296875,39.44089889526367,39.48500061035156,471609,0.0,0.0
2024-01-02 11:30:00-05:00,39.48500061035156,39.52000045776367,39.34000015258789,39.5,280744,0.0,0.0
2024-01-02 12:30:00-05:00,39.494998931884766,39.79499816894531,39.494998931884766,39.650001525878906,309578,0.0,0.0
2024-01-02 13:30:00-05:00,39.64500045776367,39.720001220703125,39.505001068115234,39.54690170288086,371414,0.0,0.0
2024-01-02 14:30:00-05:00,39.540000915527344,39.540000915527344,38.97999954223633,39.0099983215332,698531,0.0,0.0
2024-01-02 15:30:00-05:00,39.005001068115234,39.411598205566406,38.779998779296875,38.849998474121094,2156384,0.0,0.0
2024-01-03 09:30:00-05:00,38.599998474121094,38.87900161743164,38.18000030517578,38.665000915527344,626081,0.0,0.0
2024-01-03 10:30:00-05:00,38.65999984741211,38.65999984741211,38.119998931884766,38.209999084472656,422508,0.0,0.0
2024-01-03 11:30:00-05:00,38.209999084472656,38.5,38.04999923706055,38.470001220703125,854862,0.0,0.0
2024-01-03 12:30:00-05:00,38.470001220703125,38.744998931884766,38.45859909057617,38.68000030517578,308348,0.0,0.0
2024-01-03 13:30:00-05:00,38.689998626708984,38.75,38.5,38.649898529052734,285982,0.0,0.0
2024-01-03 14:30:00-05:00,38.650001525878906,38.709999084472656,38.119998931884766,38.209999084472656,560321,0.0,0.0
2024-01-03 15:30:00-05:00,38.21500015258789,38.31999969482422,38.119998931884766,38.130001068115234,1025200,0.0,0.0
2024-01-04 09:30:00-05:00,38.15999984741211,38.38999938964844,37.95000076293945,38.30500030517578,467245,0.0,0.0
2024-01-04 10:30:00-05:00,38.310001373291016,38.599998474121094,38.20989990234375,38.53499984741211,485754,0.0,0.0
2024-01-04 11:30:00-05:00,38.53900146484375,38.83000183105469,38.4900016784668,38.66999816894531,425862,0.0,0.0
2024-01-04 12:30:00-05:00,38.67499923706055,38.970001220703125,38.61000061035156,38.849998474121094,370032,0.0,0.0
2024-01-04 13:30:00-05:00,38.84000015258789,38.90999984741211,38.63999938964844,38.650001525878906,311956,0.0,0.0
2024-01-04 14:30:00-05:00,38.63999938964844,38.91999816894531,38.630001068115234,38.88520050048828,319589,0.0,0.0
2024-01-04 15:30:00-05:00,38.8849983215332,38.89500045776367,38.58000183105469,38.630001068115234,844186,0.0,0.0
2024-01-05 09:30:00-05:00,38.47999954223633,39.64500045776367,38.380001068115234,39.349998474121094,514970,0.0,0.0
2024-01-05 10:30:00-05:00,39.36000061035156,39.51499938964844,39.11000061035156,39.165000915527344,312094,0.0,0.0
2024-01-05 11:30:00-05:00,39.165000915527344,39.22999954223633,39.029998779296875,39.16999816894531,297801,0.0,0.0
2024-01-05 12:30:00-05:00,39.165000915527344,39.16999816894531,38.86000061035156,39.040000915527344,225442,0.0,0.0
2024-01-05 13:30:00-05:00,39.040000915527344,39.35499954223633,39.03499984741211,39.28499984741211,239333,0.0,0.0
2024-01-05 14:30:00-05:00,39.28499984741211,39.314998626708984,38.94499969482422,39.025001525878906,377365,0.0,0.0
2024-01-05 15:30:00-05:00,39.03499984741211,39.255001068115234,39.03499984741211,39.15999984741211,886508,0.0,0.0
2024-01-08 09:30:00-05:00,39.369998931884766,42.119998931884766,39.220001220703125,42.11000061035156,2406202,0.0,0.0
2024-01-08 10:30:00-05:00,42.119998931884766,42.23500061035156,41.32500076293945,42.02069854736328,1871120,0.0,0.0
2024-01-08 11:30:00-05:00,42.0,42.20000076293945,41.83000183105469,42.099998474121094,939941,0.0,0.0
2024-01-08 12:30:00-05:00,42.099998474121094,42.18000030517578,41.70000076293945,41.915000915527344,549205,0.0,0.0
2024-01-08 13:30:00-05:00,41.91999816894531,42.11000061035156,41.13999938964844,41.27870178222656,1439915,0.0,0.0
2024-01-08 14:30:00-05:00,41.27000045776367,41.279998779296875,40.61000061035156,40.63999938964844,1205213,0.0,0.0
2024-01-08 15:30:00-05:00,40.63999938964844,40.81999969482422,40.6150016784668,40.650001525878906,1408169,0.0,0.0
2024-01-09 09:30:00-05:00,40.45000076293945,41.02000045776367,40.369998931884766,40.9900016784668,689704,0.0,0.0
2024-01-09 10:30:00-05:00,40.97999954223633,41.084999084472656,40.834999084472656,41.08000183105469,687696,0.0,0.0
2024-01-09 11:30:00-05:00,41.08000183105469,41.2400016784668,40.84000015258789,40.869998931884766,450884,0.0,0.0
2024-01-09 12:30:00-05:00,40.880001068115234,40.974998474121094,40.814998626708984,40.904998779296875,382497,0.0,0.0
2024-01-09 13:30:00-05:00,40.903499603271484,41.04999923706055,40.775001525878906,40.801998138427734,392682,0.0,0.0
2024-01-09 14:30:00-05:00,40.79999923706055,40.83000183105469,40.625,40.7400016784668,308871,0.0,0.0
2024-01-09 15:30:00-05:00,40.7400016784668,40.77000045776367,40.650001525878906,40.65999984741211,604222,0.0,0.0
2024-01-10 09:30:00-05:00,40.70500183105469,40.810001373291016,40.279998779296875,40.28499984741211,302016,0.0,0.0
2024-01-10 10:30:00-05:00,40.279998779296875,40.380001068115234,40.119998931884766,40.375,318760,0.0,0.0
2024-01-10 11:30:00-05:00,40.380001068115234,40.439998626708984,40.349998474121094,40.349998474121094,219976,0.0,0.0
2024-01-10 12:30:00-05:00,40.34000015258789,40.48500061035156,40.25,40.2599983215332,201688,0.0,0.0
2024-01-10 13:30:00-05:00,40.2599983215332,40.30500030517578,40.130001068115234,40.29999923706055,215595,0.0,0.0
2024-01-10 14:30:00-05:00,40.30179977416992,40.494998931884766,40.290000915527344,40.36000061035156,226011,0.0,0.0
2024-01-10 15:30:00-05:00,40.349998474121094,40.380001068115234,40.20500183105469,40.279998779296875,451921,0.0,0.0
2024-01-11 09:30:00-05:00,40.2400016784668,40.36000061035156,39.869998931884766,40.189998626708984,351947,0.0,0.0
2024-01-11 10:30:00-05:00,40.185001373291016,40.220001220703125,39.79209899902344,39.959999084472656,258951,0.0,0.0
2024-01-11 11:30:00-05:00,39.959999084472656,40.07500076293945,39.8849983215332,40.0,241200,0.0,0.0
2024-01-11 12:30:00-05:00,40.005001068115234,40.108001708984375,39.96379852294922,40.06999969482422,170015,0.0,0.0
2024-01-11 13:30:00-05:00,40.064998626708984,40.16999816894531,39.97999954223633,40.167999267578125,186627,0.0,0.0
2024-01-11 14:30:00-05:00,40.165000915527344,40.16999816894531,39.93000030517578,39.935001373291016,251131,0.0,0.0
2024-01-11 15:30:00-05:00,39.93000030517578,40.09000015258789,39.93000030517578,40.029998779296875,488397,0.0,0.0
2024-01-12 09:30:00-05:00,40.25,40.40999984741211,39.90999984741211,39.92499923706055,397327,0.0,0.0
2024-01-12 10:30:00-05:00,39.92850112915039,40.04999923706055,39.85499954223633,39.9900016784668,257128,0.0,0.0
2024-01-12 11:30:00-05:00,40.0,40.064998626708984,39.959999084472656,40.0,268387,0.0,0.0
2024-01-12 12:30:00-05:00,40.0099983215332,40.060001373291016,39.959999084472656,40.005001068115234,216244,0.0,0.0
2024-01-12 13:30:00-05:00,40.0,40.08000183105469,39.91999816894531,40.04010009765625,250037,0.0,0.0
2024-01-12 14:30:00-05:00,40.040000915527344,40.040000915527344,39.95000076293945,40.0099983215332,366884,0.0,0.0
2024-01-12 15:30:00-05:00,40.01499938964844,40.04999923706055,39.970001220703125,40.0,676776,0.0,0.0
2024-01-16 09:30:00-05:00,39.68000030517578,39.720001220703125,39.029998779296875,39.084999084472656,642331,0.0,0.0
2024-01-16 10:30:00-05:00,39.08000183105469,39.28499984741211,39.02000045776367,39.20000076293945,584464,0.0,0.0
2024-01-16 11:30:00-05:00,39.209999084472656,39.28499984741211,39.04100036621094,39.05500030517578,429133,0.0,0.0
2024-01-16 12:30:00-05:00,39.05500030517578,39.224998474121094,39.040000915527344,39.150001525878906,428587,0.0,0.0
2024-01-16 13:30:00-05:00,39.154998779296875,39.15999984741211,38.97999954223633,39.07500076293945,416121,0.0,0.0
2024-01-16 14:30:00-05:00,39.07500076293945,39.19499969482422,39.025001525878906,39.04499816894531,365886,0.0,0.0
2024-01-16 15:30:00-05:00,39.040000915527344,39.060001373291016,38.935001373291016,39.04999923706055,819205,0.0,0.0
2024-01-17 09:30:00-05:00,38.81999969482422,39.154998779296875,38.79999923706055,39.07500076293945,430009,0.0,0.0
2024-01-17 10:30:00-05:00,39.06999969482422,39.125,38.9900016784668,39.04999923706055,312980,0.0,0.0
2024-01-17 11:30:00-05:00,39.04499816894531,39.07500076293945,38.790000915527344,38.79999923706055,268047,0.0,0.0
2024-01-17 12:30:00-05:00,38.79999923706055,38.904998779296875,38.65999984741211,38.69499969482422,218542,0.0,0.0
2024-01-17 13:30:00-05:00,38.69499969482422,38.724998474121094,38.55500030517578,38.599998474121094,348263,0.0,0.0
2024-01-17 14:30:00-05:00,38.61000061035156,38.709999084472656,38.560001373291016,38.625,309690,0.0,0.0
2024-01-17 15:30:00-05:00,38.630001068115234,38.709999084472656,38.560001373291016,38.689998626708984,912614,0.0,0.0
2024-01-18 09:30:00-05:00,38.5099983215332,38.75,38.150001525878906,38.36000061035156,530477,0.0,0.0
2024-01-18 10:30:00-05:00,38.36000061035156,38.38999938964844,38.064998626708984,38.130001068115234,284062,0.0,0.0
2024-01-18 11:30:00-05:00,38.1349983215332,38.16999816894531,38.01129913330078,38.119998931884766,269929,0.0,0.0
2024-01-18 12:30:00-05:00,38.119998931884766,38.47999954223633,38.10499954223633,38.400001525878906,315369,0.0,0.0
2024-01-18 13:30:00-05:00,38.400001525878906,38.48500061035156,38.290000915527344,38.474998474121094,188498,0.0,0.0
2024-01-18 14:30:00-05:00,38.47999954223633,38.689998626708984,38.45500183105469,38.689998626708984,313158,0.0,0.0
2024-01-18 15:30:00-05:00,38.689998626708984,38.849998474121094,38.654998779296875,38.849998474121094,751336,0.0,0.0
2024-01-19 09:30:00-05:00,38.880001068115234,38.880001068115234,38.39500045776367,38.5900993347168,414994,0.0,0.0
2024-01-19 10:30:00-05:00,38.59000015258789,38.630001068115234,38.4900016784668,38.4900016784668,240333,0.0,0.0
2024-01-19 11:30:00-05:00,38.4900016784668,38.52000045776367,38.33000183105469,38.415000915527344,265601,0.0,0.0
2024-01-19 12:30:00-05:00,38.41999816894531,38.720001220703125,38.3849983215332,38.720001220703125,214594,0.0,0.0
2024-01-19 13:30:00-05:00,38.720001220703125,38.814998626708984,38.650001525878906,38.70000076293945,298831,0.0,0.0
2024-01-19 14:30:00-05:00,38.70000076293945,38.709999084472656,38.52000045776367,38.6349983215332,374018,0.0,0.0
2024-01-19 15:30:00-05:00,38.63999938964844,38.71500015258789,38.59000015258789,38.61000061035156,416566,0.0,0.0
2024-01-22 09:30:00-05:00,38.709999084472656,39.22999954223633,38.58000183105469,39.16999816894531,428538,0.0,0.0
2024-01-22 10:30:00-05:00,39.18000030517578,39.2599983215332,38.72999954223633,38.79499816894531,345857,0.0,0.0
2024-01-22 11:30:00-05:00,38.79499816894531,38.90999984741211,38.654998779296875,38.875,283387,0.0,0.0
2024-01-22 12:30:00-05:00,38.875,38.900001525878906,38.65999984741211,38.68000030517578,143789,0.0,0.0
2024-01-22 13:30:00-05:00,38.67499923706055,38.75910186767578,38.65999984741211,38.70000076293945,141198,0.0,0.0
2024-01-22 14:30:00-05:00,38.69499969482422,38.84000015258789,38.67499923706055,38.810001373291016,201954,0.0,0.0
2024-01-22 15:30:00-05:00,38.814998626708984,38.834999084472656,38.67499923706055,38.72999954223633,603036,0.0,0.0
2024-01-23 09:30:00-05:00,38.95000076293945,39.02000045776367,38.41999816894531,38.459999084472656,220481,0.0,0.0
2024-01-23 10:30:00-05:00,38.459999084472656,38.5,38.19499969482422,38.209999084472656,352229,0.0,0.0
2024-01-23 11:30:00-05:00,38.209999084472656,38.44499969482422,38.20000076293945,38.369998931884766,141799,0.0,0.0
2024-01-23 12:30:00-05:00,38.380001068115234,38.47999954223633,38.349998474121094,38.38999938964844,159027,0.0,0.0
2024-01-23 13:30:00-05:00,38.38999938964844,38.40999984741211,38.29999923706055,38.375,125631,0.0,0.0
2024-01-23 14:30:00-05:00,38.380001068115234,38.529998779296875,38.37990188598633,38.47999954223633,167552,0.0,0.0
2024-01-23 15:30:00-05:00,38.48500061035156,38.494998931884766,38.40999984741211,38.40999984741211,345963,0.0,0.0
2024-01-24 09:30:00-05:00,38.29999923706055,38.59000015258789,37.959999084472656,38.18000030517578,433740,0.0,0.0
2024-01-24 10:30:00-05:00,38.189998626708984,38.26499938964844,38.11000061035156,38.189998626708984,227780,0.0,0.0
2024-01-24 11:30:00-05:00,38.189998626708984,38.20000076293945,37.90999984741211,37.970699310302734,196884,0.0,0.0
2024-01-24 12:30:00-05:00,37.970001220703125,38.064998626708984,37.88999938964844,37.939998626708984,158375,0.0,0.0
2024-01-24 13:30:00-05:00,37.932498931884766,38.11000061035156,37.90999984741211,38.092498779296875,144012,0.0,0.0
2024-01-24 14:30:00-05:00,38.099998474121094,38.18000030517578,38.02000045776367,38.06100082397461,187682,0.0,0.0
2024-01-24 15:30:00-05:00,38.064998626708984,38.07500076293945,37.869998931884766,37.880001068115234,316266,0.0,0.0
2024-01-25 09:30:00-05:00,38.220001220703125,38.52000045776367,38.150001525878906,38.36000061035156,318513,0.0,0.0
2024-01-25 10:30:00-05:00,38.35499954223633,38.38999938964844,38.19499969482422,38.30500030517578,255419,0.0,0.0
2024-01-25 11:30:00-05:00,38.30500030517578,38.375,38.244998931884766,38.32500076293945,210720,0.0,0.0
2024-01-25 12:30:00-05:00,38.32500076293945,38.529998779296875,38.314998626708984,38.45000076293945,217170,0.0,0.0
2024-01-25 13:30:00-05:00,38.44499969482422,38.817501068115234,38.44499969482422,38.809898376464844,276419,0.0,0.0
2024-01-25 14:30:00-05:00,38.80500030517578,38.845001220703125,38.58000183105469,38.790000915527344,379649,0.0,0.0
2024-01-25 15:30:00-05:00,38.779998779296875,39.0099983215332,38.7599983215332,39.0,594778,0.0,0.0
2024-01-26 09:30:00-05:00,39.209999084472656,39.31999969482422,38.845001220703125,38.90999984741211,244766,0.0,0.0
2024-01-26 10:30:00-05:00,38.900001525878906,39.185001373291016,38.875,39.185001373291016,235502,0.0,0.0
2024-01-26 11:30:00-05:00,39.17499923706055,39.20500183105469,39.01499938964844,39.04499816894531,272053,0.0,0.0
2024-01-26 12:30:00-05:00,39.04999923706055,39.05500030517578,38.744998931884766,38.744998931884766,254430,0.0,0.0
2024-01-26 13:30:00-05:00,38.742801666259766,38.77000045776367,38.625,38.75,209586,0.0,0.0
2024-01-26 14:30:00-05:00,38.74530029296875,38.92959976196289,38.72999954223633,38.86000061035156,189939,0.0,0.0
2024-01-26 15:30:00-05:00,38.86000061035156,38.875,38.720001220703125,38.78900146484375,341745,0.0,0.0
2024-01-29 09:30:00-05:00,38.61000061035156,38.9900016784668,38.47999954223633,38.79499816894531,512914,0.0,0.0
2024-01-29 10:30:00-05:00,38.79499816894531,39.0099983215332,38.78499984741211,38.9900016784668,318450,0.0,0.0
2024-01-29 11:30:00-05:00,39.0,39.29499816894531,38.9906005859375,39.29499816894531,253647,0.0,0.0
2024-01-29 12:30:00-05:00,39.29499816894531,39.369998931884766,39.13999938964844,39.249000549316406,286515,0.0,0.0
2024-01-29 13:30:00-05:00,39.2489013671875,39.26499938964844,39.060001373291016,39.084999084472656,158337,0.0,0.0
2024-01-29 14:30:00-05:00,39.08000183105469,39.21500015258789,38.970001220703125,39.150001525878906,272283,0.0,0.0
2024-01-29 15:30:00-05:00,39.150001525878906,39.22999954223633,39.06999969482422,39.08000183105469,593108,0.0,0.0
2024-01-30 09:30:00-05:00,39.16999816894531,39.16999816894531,38.689998626708984,38.779998779296875,246234,0.0,0.0
2024-01-30 10:30:00-05:00,38.779998779296875,38.834999084472656,38.63999938964844,38.779998779296875,202715,0.0,0.0
2024-01-30 11:30:00-05:00,38.78499984741211,38.92499923706055,38.7599983215332,38.91999816894531,122290,0.0,0.0
2024-01-30 12:30:00-05:00,38.90999984741211,38.96500015258789,38.70500183105469,38.73500061035156,200179,0.0,0.0
2024-01-30 13:30:00-05:00,38.73500061035156,38.790000915527344,38.6349983215332,38.755001068115234,214118,0.0,0.0
2024-01-30 14:30:00-05:00,38.755001068115234,38.89500045776367,38.7400016784668,38.78499984741211,239108,0.0,0.0
2024-01-30 15:30:00-05:00,38.779998779296875,38.78499984741211,38.665000915527344,38.689998626708984,433829,0.0,0.0
2024-01-31 09:30:00-05:00,39.0,39.3849983215332,38.900001525878906,39.27000045776367,512813,0.0,0.0
2024-01-31 10:30:00-05:00,39.275001525878906,39.349998474121094,39.08000183105469,39.08000183105469,188764,0.0,0.0
2024-01-31 11:30:00-05:00,39.06999969482422,39.095001220703125,38.900001525878906,39.07500076293945,163135,0.0,0.0
2024-01-31 12:30:00-05:00,39.07500076293945,39.15999984741211,38.9900016784668,39.025001525878906,223368,0.0,0.0
2024-01-31 13:30:00-05:00,39.029998779296875,39.05500030517578,38.685001373291016,38.779998779296875,399803,0.0,0.0
2024-01-31 14:30:00-05:00,38.779998779296875,39.11000061035156,38.61000061035156,38.68000030517578,549211,0.0,0.0
2024-01-31 15:30:00-05:00,38.68000030517578,38.79499816894531,38.64500045776367,38.68000030517578,421591,0.0,0.0
2024-02-01 09:30:00-05:00,38.560001373291016,38.81999969482422,38.439998626708984,38.79499816894531,401937,0.0,0.0
2024-02-01 10:30:00-05:00,38.79499816894531,38.915000915527344,38.75,38.875,331415,0.0,0.0
2024-02-01 11:30:00-05:00,38.880001068115234,39.41999816894531,38.880001068115234,39.33000183105469,238907,0.0,0.0
2024-02-01 12:30:00-05:00,39.33000183105469,39.51499938964844,39.31999969482422,39.375,183782,0.0,0.0
2024-02-01 13:30:00-05:00,39.3650016784668,39.43000030517578,39.27000045776367,39.345001220703125,187466,0.0,0.0
2024-02-01 14:30:00-05:00,39.349998474121094,39.41999816894531,39.099998474121094,39.2599983215332,343656,0.0,0.0
2024-02-01 15:30:00-05:00,39.2599983215332,39.31999969482422,39.119998931884766,39.18000030517578,767934,0.0,0.0
2024-02-02 09:30:00-05:00,39.029998779296875,39.040000915527344,38.45000076293945,38.689998626708984,496962,0.0,0.0
2024-02-02 10:30:00-05:00,38.709999084472656,38.92499923706055,38.619998931884766,38.78499984741211,310665,0.0,0.0
2024-02-02 11:30:00-05:00,38.810001373291016,38.849998474121094,38.6150016784668,38.71500015258789,195034,0.0,0.0
2024-02-02 12:30:00-05:00,38.71500015258789,38.814998626708984,38.564998626708984,38.74330139160156,174251,0.0,0.0
2024-02-02 13:30:00-05:00,38.744998931884766,39.02000045776367,38.720001220703125,39.0,185974,0.0,0.0
2024-02-02 14:30:00-05:00,39.005001068115234,39.26499938964844,38.98500061035156,39.26499938964844,233148,0.0,0.0
2024-02-02 15:30:00-05:00,39.269901275634766,39.27000045776367,38.97999954223633,38.97999954223633,577304,0.0,0.0
2024-02-05 09:30:00-05:00,38.70000076293945,39.165000915527344,38.61000061035156,38.79499816894531,519140,0.0,0.0
2024-02-05 10:30:00-05:00,38.79999923706055,38.90999984741211,38.650001525878906,38.769901275634766,215919,0.0,0.0
2024-02-05 11:30:00-05:00,38.755001068115234,38.79499816894531,38.599998474121094,38.67499923706055,165461,0.0,0.0
2024-02-05 12:30:00-05:00,38.68000030517578,38.695098876953125,38.54999923706055,38.55500030517578,138053,0.0,0.0
2024-02-05 13:30:00-05:00,38.54999923706055,38.69499969482422,38.540000915527344,38.65999984741211,145342,0.0,0.0
2024-02-05 14:30:00-05:00,38.665000915527344,38.685001373291016,38.59000015258789,38.650001525878906,205854,0.0,0.0
2024-02-05 15:30:00-05:00,38.65999984741211,38.65999984741211,38.52000045776367,38.52000045776367,579709,0.0,0.0
2024-02-06 09:30:00-05:00,38.540000915527344,38.869998931884766,38.474998474121094,38.810001373291016,257907,0.0,0.0
2024-02-06 10:30:00-05:00,38.81999969482422,39.217098236083984,38.79499816894531,39.19499969482422,168530,0.0,0.0
2024-02-06 11:30:00-05:00,39.19499969482422,39.564998626708984,39.08250045776367,39.55500030517578,350659,0.0,0.0
2024-02-06 12:30:00-05:00,39.560001373291016,39.654998779296875,39.375,39.439998626708984,459725,0.0,0.0
2024-02-06 13:30:00-05:00,39.45000076293945,39.66999816894531,39.45000076293945,39.59000015258789,376345,0.0,0.0
2024-02-06 14:30:00-05:00,39.59000015258789,39.630001068115234,39.375,39.415000915527344,346174,0.0,0.0
2024-02-06 15:30:00-05:00,39.43000030517578,39.72999954223633,39.38999938964844,39.72999954223633,928145,0.0,0.0
2024-02-07 09:30:00-05:00,39.79499816894531,39.88999938964844,39.349998474121094,39.380001068115234,832572,0.0,0.0
2024-02-07 10:30:00-05:00,39.38999938964844,39.47249984741211,39.185001373291016,39.185001373291016,389563,0.0,0.0
2024-02-07 11:30:00-05:00,39.185001373291016,39.404998779296875,39.15999984741211,39.20750045776367,347895,0.0,0.0
2024-02-07 12:30:00-05:00,39.20500183105469,39.435001373291016,39.09000015258789,39.3849983215332,573151,0.0,0.0
2024-02-07 13:30:00-05:00,39.3849983215332,39.43000030517578,39.27000045776367,39.314998626708984,1060567,0.0,0.0
2024-02-07 14:30:00-05:00,39.31999969482422,39.4900016784668,39.26499938964844,39.33000183105469,795421,0.0,0.0
2024-02-07 15:30:00-05:00,39.33000183105469,39.40999984741211,39.14500045776367,39.38999938964844,909317,0.0,0.0
2024-02-08 09:30:00-05:00,39.0,40.0,38.11000061035156,39.93000030517578,1758042,0.0,0.0
2024-02-08 10:30:00-05:00,39.93000030517578,40.27000045776367,39.33000183105469,39.59000015258789,1153448,0.0,0.0
2024-02-08 11:30:00-05:00,39.58000183105469,39.970001220703125,39.52000045776367,39.85499954223633,387533,0.0,0.0
2024-02-08 12:30:00-05:00,39.845001220703125,40.369998931884766,39.81999969482422,40.349998474121094,493578,0.0,0.0
2024-02-08 13:30:00-05:00,40.36000061035156,40.94499969482422,40.36000061035156,40.880001068115234,796483,0.0,0.0
2024-02-08 14:30:00-05:00,40.880001068115234,41.30500030517578,40.119998931884766,40.400001525878906,1051728,0.0,0.0
2024-02-08 15:30:00-05:00,40.400001525878906,40.547000885009766,40.279998779296875,40.459999084472656,1228553,0.0,0.0
2024-02-09 09:30:00-05:00,40.5,40.5,39.47999954223633,39.47999954223633,712628,0.0,0.0
2024-02-09 10:30:00-05:00,39.470001220703125,39.654998779296875,39.220001220703125,39.54999923706055,571444,0.0,0.0
2024-02-09 11:30:00-05:00,39.54499816894531,39.58000183105469,38.78499984741211,38.92499923706055,678292,0.0,0.0
2024-02-09 12:30:00-05:00,38.93000030517578,39.439998626708984,38.92499923706055,39.439998626708984,393310,0.0,0.0
2024-02-09 13:30:00-05:00,39.439998626708984,39.61000061035156,39.220001220703125,39.57500076293945,463932,0.0,0.0
2024-02-09 14:30:00-05:00,39.57500076293945,40.0099983215332,39.53099822998047,39.724998474121094,670113,0.0,0.0
2024-02-09 15:30:00-05:00,39.724998474121094,39.73500061035156,39.540000915527344,39.540000915527344,687902,0.0,0.0
2024-02-12 09:30:00-05:00,39.689998626708984,39.849998474121094,39.15999984741211,39.79999923706055,463915,0.0,0.0
2024-02-12 10:30:00-05:00,39.79999923706055,39.845001220703125,39.540000915527344,39.665000915527344,297521,0.0,0.0
2024-02-12 11:30:00-05:00,39.665000915527344,40.099998474121094,39.54999923706055,40.084999084472656,464649,0.0,0.0
2024-02-12 12:30:00-05:00,40.08000183105469,40.275001525878906,40.029998779296875,40.209999084472656,302726,0.0,0.0
2024-02-12 13:30:00-05:00,40.20000076293945,40.33000183105469,40.0,40.0,356721,0.0,0.0
2024-02-12 14:30:00-05:00,40.0,40.2599983215332,39.96500015258789,40.185001373291016,442196,0.0,0.0
2024-02-12 15:30:00-05:00,40.185001373291016,40.349998474121094,40.150001525878906,40.33000183105469,869599,0.0,0.0
2024-02-13 09:30:00-05:00,40.029998779296875,40.439998626708984,39.529998779296875,39.560001373291016,816065,0.0,0.0
2024-02-13 10:30:00-05:00,39.54999923706055,39.90999984741211,39.220001220703125,39.720001220703125,589973,0.0,0.0
2024-02-13 11:30:00-05:00,39.720001220703125,39.7400016784668,39.61000061035156,39.650001525878906,200510,0.0,0.0
2024-02-13 12:30:00-05:00,39.64500045776367,39.71889877319336,39.46500015258789,39.52000045776367,193125,0.0,0.0
2024-02-13 13:30:00-05:00,39.51499938964844,39.525001525878906,39.224998474121094,39.2400016784668,204602,0.0,0.0
2024-02-13 14:30:00-05:00,39.2400016784668,39.38999938964844,39.07500076293945,39.27000045776367,339024,0.0,0.0
2024-02-13 15:30:00-05:00,39.275001525878906,39.63999938964844,39.25,39.630001068115234,757482,0.0,0.0
2024-02-14 09:30:00-05:00,39.75,40.0,39.5,39.80500030517578,455623,0.0,0.0
2024-02-14 10:30:00-05:00,39.80500030517578,39.9900016784668,39.775001525878906,39.875,275623,0.0,0.0
2024-02-14 11:30:00-05:00,39.880001068115234,39.900001525878906,39.479400634765625,39.54499816894531,228448,0.0,0.0
2024-02-14 12:30:00-05:00,39.55500030517578,39.72999954223633,39.529998779296875,39.67190170288086,210379,0.0,0.0
2024-02-14 13:30:00-05:00,39.68000030517578,39.72999954223633,39.48500061035156,39.66999816894531,163837,0.0,0.0
2024-02-14 14:30:00-05:00,39.667999267578125,39.7599983215332,39.619998931884766,39.68000030517578,237620,0.0,0.0
2024-02-14 15:30:00-05:00,39.68000030517578,39.709999084472656,39.61000061035156,39.64500045776367,501318,0.0,0.0
2024-02-15 09:30:00-05:00,39.75,41.040000915527344,39.75,40.77000045776367,862781,0.0,0.0
2024-02-15 10:30:00-05:00,40.77000045776367,41.189998626708984,40.68000030517578,41.125,629302,0.0,0.0
2024-02-15 11:30:00-05:00,41.125,41.2599983215332,41.02000045776367,41.125,347900,0.0,0.0
2024-02-15 12:30:00-05:00,41.130001068115234,41.13999938964844,40.81999969482422,40.939998626708984,398101,0.0,0.0
2024-02-15 13:30:00-05:00,40.93899917602539,41.150001525878906,40.86000061035156,41.125,344174,0.0,0.0
2024-02-15 14:30:00-05:00,41.130001068115234,41.2599983215332,40.9900016784668,41.03499984741211,353967,0.0,0.0
2024-02-15 15:30:00-05:00,41.03499984741211,41.095001220703125,40.93000030517578,40.939998626708984,964693,0.0,0.0
2024-02-16 09:30:00-05:00,40.90999984741211,41.73500061035156,40.77000045776367,41.64500045776367,476388,0.0,0.0
2024-02-16 10:30:00-05:00,41.650001525878906,41.81999969482422,41.439998626708984,41.810001373291016,502362,0.0,0.0
2024-02-16 11:30:00-05:00,41.814998626708984,41.869998931884766,41.60200119018555,41.790000915527344,389263,0.0,0.0
2024-02-16 12:30:00-05:00,41.790000915527344,41.79999923706055,41.584999084472656,41.71500015258789,208665,0.0,0.0
2024-02-16 13:30:00-05:00,41.71500015258789,41.71500015258789,41.54499816894531,41.564998626708984,237198,0.0,0.0
2024-02-16 14:30:00-05:00,41.560001373291016,41.6150016784668,41.375,41.474998474121094,374876,0.0,0.0
2024-02-16 15:30:00-05:00,41.47999954223633,41.505001068115234,41.220001220703125,41.220001220703125,776380,0.0,0.0
2024-02-20 09:30:00-05:00,41.349998474121094,41.959999084472656,41.040000915527344,41.88999938964844,838196,0.0,0.0
2024-02-20 10:30:00-05:00,41.900001525878906,41.93000030517578,41.58000183105469,41.61000061035156,421243,0.0,0.0
2024-02-20 11:30:00-05:00,41.61000061035156,41.834999084472656,41.57500076293945,41.70000076293945,234600,0.0,0.0
2024-02-20 12:30:00-05:00,41.689998626708984,41.935001373291016,41.66999816894531,41.90999984741211,303195,0.0,0.0
2024-02-20 13:30:00-05:00,41.91120147705078,42.04999923706055,41.8650016784668,42.025001525878906,433131,0.0,0.0
2024-02-20 14:30:00-05:00,42.02009963989258,42.040000915527344,41.689998626708984,41.92499923706055,423555,0.0,0.0
2024-02-20 15:30:00-05:00,41.93000030517578,41.93000030517578,41.66999816894531,41.77000045776367,835433,0.0,0.0
2024-02-21 09:30:00-05:00,41.66999816894531,42.119998931884766,41.369998931884766,41.61000061035156,458479,0.0,0.0
2024-02-21 10:30:00-05:00,41.6150016784668,41.814998626708984,41.505001068115234,41.744998931884766,267286,0.0,0.0
2024-02-21 11:30:00-05:00,41.7400016784668,41.819698333740234,41.60530090332031,41.75,236852,0.0,0.0
2024-02-21 12:30:00-05:00,41.75,41.91999816894531,41.689998626708984,41.915000915527344,204460,0.0,0.0
2024-02-21 13:30:00-05:00,41.91749954223633,42.04999923706055,41.869998931884766,41.97999954223633,269173,0.0,0.0
2024-02-21 14:30:00-05:00,41.974998474121094,42.16999816894531,41.93000030517578,42.10499954223633,434208,0.0,0.0
2024-02-21 15:30:00-05:00,42.11000061035156,42.279998779296875,42.099998474121094,42.22999954223633,725489,0.0,0.0
2024-02-22 09:30:00-05:00,42.06999969482422,42.099998474121094,41.244998931884766,41.31999969482422,684670,0.0,0.0
2024-02-22 10:30:00-05:00,41.31999969482422,41.76499938964844,41.29499816894531,41.76499938964844,561085,0.0,0.0
2024-02-22 11:30:00-05:00,41.76499938964844,41.86000061035156,41.64500045776367,41.7599983215332,329934,0.0,0.0
2024-02-22 12:30:00-05:00,41.7599983215332,41.904998779296875,41.584999084472656,41.89500045776367,297847,0.0,0.0
2024-02-22 13:30:00-05:00,41.900001525878906,42.0974006652832,41.900001525878906,42.05500030517578,315682,0.0,0.0
2024-02-22 14:30:00-05:00,42.060001373291016,42.08000183105469,41.85499954223633,41.98500061035156,405192,0.0,0.0
2024-02-22 15:30:00-05:00,41.9900016784668,42.130001068115234,41.93000030517578,42.0099983215332,646426,0.0,0.0
2024-02-23 09:30:00-05:00,41.9900016784668,42.650001525878906,41.619998931884766,42.619998931884766,672377,0.0,0.0
2024-02-23 10:30:00-05:00,42.619998931884766,42.869998931884766,42.599998474121094,42.61000061035156,503232,0.0,0.0
2024-02-23 11:30:00-05:00,42.6150016784668,42.630001068115234,42.26499938964844,42.459999084472656,247652,0.0,0.0
2024-02-23 12:30:00-05:00,42.459999084472656,42.529998779296875,42.310001373291016,42.48500061035156,205899,0.0,0.0
2024-02-23 13:30:00-05:00,42.48500061035156,42.5099983215332,42.36000061035156,42.43000030517578,253354,0.0,0.0
2024-02-23 14:30:00-05:00,42.42499923706055,42.505001068115234,42.34000015258789,42.47999954223633,196831,0.0,0.0
2024-02-23 15:30:00-05:00,42.474998474121094,42.69499969482422,42.474998474121094,42.540000915527344,660297,0.0,0.0
2024-02-26 09:30:00-05:00,42.439998626708984,42.540000915527344,42.0099983215332,42.19499969482422,261876,0.0,0.0
2024-02-26 10:30:00-05:00,42.189998626708984,42.19499969482422,42.005001068115234,42.04999923706055,278028,0.0,0.0
2024-02-26 11:30:00-05:00,42.05500030517578,42.209999084472656,41.98500061035156,42.20500183105469,192897,0.0,0.0
2024-02-26 12:30:00-05:00,42.20000076293945,42.20000076293945,42.084999084472656,42.130001068115234,137290,0.0,0.0
2024-02-26 13:30:00-05:00,42.130001068115234,42.13999938964844,41.845001220703125,41.95000076293945,161977,0.0,0.0
2024-02-26 14:30:00-05:00,41.95500183105469,41.97999954223633,41.810001373291016,41.8849983215332,193559,0.0,0.0
2024-02-26 15:30:00-05:00,41.880001068115234,42.01499938964844,41.81999969482422,42.0,481933,0.0,0.0
2024-02-27 09:30:00-05:00,41.91999816894531,42.18000030517578,41.6349983215332,41.80500030517578,292475,0.0,0.0
2024-02-27 10:30:00-05:00,41.80500030517578,41.869998931884766,41.654998779296875,41.7599983215332,312209,0.0,0.0
2024-02-27 11:30:00-05:00,41.7599983215332,41.790000915527344,41.709999084472656,41.72999954223633,87406,0.0,0.0
2024-02-27 12:30:00-05:00,41.73500061035156,41.834999084472656,41.70000076293945,41.72999954223633,86418,0.0,0.0
2024-02-27 13:30:00-05:00,41.724998474121094,41.7400016784668,41.61000061035156,41.61000061035156,204837,0.0,0.0
2024-02-27 14:30:00-05:00,41.6150016784668,41.744998931884766,41.560001373291016,41.71500015258789,239666,0.0,0.0
2024-02-27 15:30:00-05:00,41.712100982666016,41.880001068115234,41.689998626708984,41.849998474121094,355513,0.0,0.0
2024-02-28 09:30:00-05:00,41.63999938964844,41.649600982666016,41.33000183105469,41.5,424698,0.0,0.0
2024-02-28 10:30:00-05:00,41.5,41.630001068115234,41.369998931884766,41.38999938964844,179202,0.0,0.0
2024-02-28 11:30:00-05:00,41.38999938964844,41.459999084472656,41.244998931884766,41.255001068115234,289052,0.0,0.0
2024-02-28 12:30:00-05:00,41.255001068115234,41.31999969482422,41.15999984741211,41.25,175130,0.0,0.0
2024-02-28 13:30:00-05:00,41.2599983215332,41.310001373291016,41.212501525878906,41.28499984741211,158399,0.0,0.0
2024-02-28 14:30:00-05:00,41.279998779296875,41.39500045776367,41.255001068115234,41.36000061035156,226389,0.0,0.0
2024-02-28 15:30:00-05:00,41.35499954223633,41.564998626708984,41.35499954223633,41.560001373291016,686873,0.0,0.0
2024-02-29 09:30:00-05:00,41.400001525878906,41.400001525878906,40.84000015258789,40.93000030517578,366083,0.0,0.0
2024-02-29 10:30:00-05:00,40.91999816894531,40.970001220703125,40.680999755859375,40.790000915527344,425451,0.0,0.0
2024-02-29 11:30:00-05:00,40.790000915527344,40.91999816894531,40.61000061035156,40.65999984741211,348954,0.0,0.0
2024-02-29 12:30:00-05:00,40.654998779296875,40.72999954223633,40.61000061035156,40.67499923706055,461782,0.0,0.0
2024-02-29 13:30:00-05:00,40.68000030517578,40.7599983215332,40.630001068115234,40.67499923706055,377688,0.0,0.0
2024-02-29 14:30:00-05:00,40.67499923706055,40.7599983215332,40.619998931884766,40.69499969482422,432703,0.0,0.0
2024-02-29 15:30:00-05:00,40.70000076293945,40.970001220703125,40.689998626708984,40.849998474121094,1323982,0.0,0.0
2024-03-01 09:30:00-05:00,40.91999816894531,40.91999816894531,40.27000045776367,40.869998931884766,503565,0.0,0.0
2024-03-01 10:30:00-05:00,40.869998931884766,41.20500183105469,40.86000061035156,41.005001068115234,287252,0.0,0.0
2024-03-01 11:30:00-05:00,41.0,41.00400161743164,40.78499984741211,40.900001525878906,206090,0.0,0.0
2024-03-01 12:30:00-05:00,40.904998779296875,41.040000915527344,40.88999938964844,40.90999984741211,150290,0.0,0.0
2024-03-01 13:30:00-05:00,40.90999984741211,41.040000915527344,40.869998931884766,41.040000915527344,200942,0.0,0.0
2024-03-01 14:30:00-05:00,41.040000915527344,41.06999969482422,40.94499969482422,40.974998474121094,268334,0.0,0.0
2024-03-01 15:30:00-05:00,40.974998474121094,41.04999923706055,40.93000030517578,41.0099983215332,559619,0.0,0.0
2024-03-04 09:30:00-05:00,41.0,41.869998931884766,40.88999938964844,41.619998931884766,828295,0.0,0.0
2024-03-04 10:30:00-05:00,41.619998931884766,41.970001220703125,41.5099983215332,41.904998779296875,387435,0.0,0.0
2024-03-04 11:30:00-05:00,41.904998779296875,42.404998779296875,41.875,42.296600341796875,942979,0.0,0.0
2024-03-04 12:30:00-05:00,42.290000915527344,42.63999938964844,42.2599983215332,42.560001373291016,437034,0.0,0.0
2024-03-04 13:30:00-05:00,42.560001373291016,42.60499954223633,42.11000061035156,42.32500076293945,430169,0.0,0.0
2024-03-04 14:30:00-05:00,42.32500076293945,42.61000061035156,42.130001068115234,42.16999816894531,751515,0.0,0.0
2024-03-04 15:30:00-05:00,42.16999816894531,42.540000915527344,42.084999084472656,42.4900016784668,1339104,0.0,0.0
2024-03-05 09:30:00-05:00,43.560001373291016,43.93000030517578,42.71500015258789,43.529998779296875,1612149,0.0,0.0
2024-03-05 10:30:00-05:00,43.540000915527344,43.75,42.90999984741211,43.20000076293945,1062058,0.0,0.0
2024-03-05 11:30:00-05:00,43.20000076293945,43.33060073852539,42.70000076293945,42.91999816894531,513348,0.0,0.0
2024-03-05 12:30:00-05:00,42.91999816894531,43.04999923706055,42.790000915527344,42.959999084472656,415201,0.0,0.0
2024-03-05 13:30:00-05:00,42.959999084472656,42.974998474121094,42.599998474121094,42.79499816894531,401477,0.0,0.0
2024-03-05 14:30:00-05:00,42.790000915527344,42.80500030517578,42.31999969482422,42.32749938964844,569419,0.0,0.0
2024-03-05 15:30:00-05:00,42.31999969482422,42.459999084472656,42.2400016784668,42.40999984741211,981059,0.0,0.0
2024-03-06 09:30:00-05:00,42.45000076293945,42.619998931884766,42.06999969482422,42.27000045776367,913500,0.0,0.0
2024-03-06 10:30:00-05:00,42.2400016784668,42.7400016784668,42.2400016784668,42.7400016784668,260113,0.0,0.0
2024-03-06 11:30:00-05:00,42.7400016784668,42.744998931884766,42.5093994140625,42.67499923706055,209884,0.0,0.0
2024-03-06 12:30:00-05:00,42.67499923706055,42.81999969482422,42.54999923706055,42.724998474121094,260004,0.0,0.0
2024-03-06 13:30:00-05:00,42.720001220703125,42.75,42.52000045776367,42.73500061035156,244483,0.0,0.0
2024-03-06 14:30:00-05:00,42.7400016784668,42.93000030517578,42.724998474121094,42.900001525878906,301542,0.0,0.0
2024-03-06 15:30:00-05:00,42.89500045776367,43.02000045776367,42.810001373291016,42.9900016784668,523326,0.0,0.0
2024-03-07 09:30:00-05:00,43.29999923706055,43.630001068115234,43.040000915527344,43.55500030517578,471765,0.0,0.0
2024-03-07 10:30:00-05:00,43.560001373291016,43.625,43.369998931884766,43.459999084472656,308325,0.0,0.0
2024-03-07 11:30:00-05:00,43.45000076293945,43.54999923706055,43.31999969482422,43.54999923706055,290995,0.0,0.0
2024-03-07 12:30:00-05:00,43.54999923706055,43.599998474121094,43.40999984741211,43.46500015258789,245813,0.0,0.0
2024-03-07 13:30:00-05:00,43.470001220703125,43.630001068115234,43.40999984741211,43.53499984741211,461707,0.0,0.0
2024-03-07 14:30:00-05:00,43.540000915527344,43.65999984741211,43.46500015258789,43.54499816894531,464527,0.0,0.0
2024-03-07 15:30:00-05:00,43.54499816894531,43.68000030517578,43.45000076293945,43.47999954223633,616107,0.0,0.0
2024-03-08 09:30:00-05:00,43.380001068115234,43.68000030517578,43.290000915527344,43.404998779296875,338449,0.0,0.0
2024-03-08 10:30:00-05:00,43.400001525878906,43.86000061035156,43.380001068115234,43.85499954223633,278117,0.0,0.0
2024-03-08 11:30:00-05:00,43.85499954223633,43.9900016784668,43.685001373291016,43.91999816894531,349603,0.0,0.0
2024-03-08 12:30:00-05:00,43.91999816894531,44.005001068115234,43.779998779296875,43.97999954223633,310062,0.0,0.0
2024-03-08 13:30:00-05:00,43.970001220703125,43.994998931884766,43.77000045776367,43.80500030517578,267721,0.0,0.0
2024-03-08 14:30:00-05:00,43.810001373291016,43.974998474121094,43.79999923706055,43.80500030517578,312439,0.0,0.0
2024-03-08 15:30:00-05:00,43.79999923706055,43.880001068115234,43.75,43.7599983215332,480636,0.0,0.0
2024-03-11 09:30:00-04:00,43.650001525878906,43.970001220703125,43.375,43.45000076293945,261231,0.0,0.0
2024-03-11 10:30:00-04:00,43.439998626708984,43.63999938964844,43.404998779296875,43.51499938964844,183159,0.0,0.0
2024-03-11 11:30:00-04:00,43.5099983215332,43.619998931884766,43.47999954223633,43.584999084472656,176013,0.0,0.0
2024-03-11 12:30:00-04:00,43.59000015258789,43.75,43.59000015258789,43.689998626708984,147046,0.0,0.0
2024-03-11 13:30:00-04:00,43.685001373291016,43.70000076293945,43.47999954223633,43.53499984741211,222569,0.0,0.0
2024-03-11 14:30:00-04:00,43.532501220703125,43.68000030517578,43.529998779296875,43.61000061035156,215766,0.0,0.0
2024-03-11 15:30:00-04:00,43.6150016784668,43.625,43.43000030517578,43.47999954223633,452474,0.0,0.0
2024-03-12 09:30:00-04:00,43.2599983215332,43.369998931884766,42.81999969482422,43.22999954223633,261868,0.0,0.0
2024-03-12 10:30:00-04:00,43.22999954223633,43.25,42.95000076293945,42.95000076293945,194433,0.0,0.0
2024-03-12 11:30:00-04:00,42.95500183105469,43.02000045776367,42.900001525878906,42.935001373291016,192963,0.0,0.0
2024-03-12 12:30:00-04:00,42.93000030517578,43.0099983215332,42.82500076293945,42.94499969482422,164337,0.0,0.0
2024-03-12 13:30:00-04:00,42.94499969482422,43.119998931884766,42.904998779296875,43.099998474121094,161083,0.0,0.0
2024-03-12 14:30:00-04:00,43.099998474121094,43.10499954223633,42.95500183105469,43.05500030517578,238242,0.0,0.0
2024-03-12 15:30:00-04:00,43.05500030517578,43.064998626708984,42.86000061035156,42.900001525878906,492535,0.0,0.0
2024-03-13 09:30:00-04:00,42.959999084472656,43.349998474121094,42.959999084472656,43.165000915527344,257689,0.0,0.0
2024-03-13 10:30:00-04:00,43.160099029541016,43.209999084472656,43.040000915527344,43.119998931884766,197489,0.0,0.0
2024-03-13 11:30:00-04:00,43.119998931884766,43.13999938964844,42.90999984741211,42.935001373291016,200788,0.0,0.0
2024-03-13 12:30:00-04:00,42.935001373291016,42.95000076293945,42.69499969482422,42.70750045776367,254109,0.0,0.0
2024-03-13 13:30:00-04:00,42.70500183105469,42.75,42.54999923706055,42.564998626708984,208404,0.0,0.0
2024-03-13 14:30:00-04:00,42.560001373291016,42.650001525878906,42.42499923706055,42.43000030517578,284039,0.0,0.0
2024-03-13 15:30:00-04:00,42.42499923706055,42.68000030517578,42.369998931884766,42.68000030517578,668202,0.0,0.0
2024-03-14 09:30:00-04:00,42.400001525878906,42.63999938964844,41.744998931884766,41.744998931884766,497620,0.0,0.0
2024-03-14 10:30:00-04:00,41.720001220703125,42.0,41.720001220703125,41.8650016784668,280936,0.0,0.0
2024-03-14 11:30:00-04:00,41.8650016784668,42.040000915527344,41.85499954223633,42.029998779296875,258443,0.0,0.0
2024-03-14 12:30:00-04:00,42.02000045776367,42.02000045776367,41.70000076293945,41.744998931884766,189207,0.0,0.0
2024-03-14 13:30:00-04:00,41.7400016784668,41.88999938964844,41.67499923706055,41.834999084472656,164587,0.0,0.0
2024-03-14 14:30:00-04:00,41.834999084472656,41.84000015258789,41.685001373291016,41.80500030517578,220044,0.0,0.0
2024-03-14 15:30:00-04:00,41.79999923706055,42.05500030517578,41.66999816894531,42.040000915527344,543687,0.0,0.0
2024-03-15 09:30:00-04:00,41.310001373291016,41.90999984741211,41.29999923706055,41.779998779296875,773609,0.0,0.0
2024-03-15 10:30:00-04:00,41.779998779296875,41.82899856567383,41.61000061035156,41.77000045776367,259562,0.0,0.0
2024-03-15 11:30:00-04:00,41.775001525878906,41.775001525878906,41.595001220703125,41.68000030517578,288491,0.0,0.0
2024-03-15 12:30:00-04:00,41.689998626708984,41.7400016784668,41.60499954223633,41.66999816894531,156426,0.0,0.0
2024-03-15 13:30:00-04:00,41.65999984741211,41.65999984741211,41.470001220703125,41.51499938964844,203371,0.0,0.0
2024-03-15 14:30:00-04:00,41.5099983215332,41.6150016784668,41.45500183105469,41.529998779296875,303732,0.0,0.0
2024-03-15 15:30:00-04:00,41.529998779296875,41.619998931884766,41.380001068115234,41.61000061035156,645181,0.0,0.0
2024-03-18 09:30:00-04:00,41.63999938964844,41.7400016784668,41.2400016784668,41.60499954223633,380936,0.0,0.0
2024-03-18 10:30:00-04:00,41.599998474121094,41.77000045776367,41.559898376464844,41.77000045776367,149842,0.0,0.0
2024-03-18 11:30:00-04:00,41.775001525878906,41.81999969482422,41.67499923706055,41.790000915527344,136738,0.0,0.0
2024-03-18 12:30:00-04:00,41.79499816894531,41.92499923706055,41.78499984741211,41.82500076293945,137733,0.0,0.0
2024-03-18 13:30:00-04:00,41.82500076293945,41.82500076293945,41.6150016784668,41.630001068115234,136556,0.0,0.0
2024-03-18 14:30:00-04:00,41.625,41.667999267578125,41.400001525878906,41.404998779296875,288452,0.0,0.0
2024-03-18 15:30:00-04:00,41.404998779296875,41.560001373291016,41.38999938964844,41.540000915527344,748418,0.0,0.0
2024-03-19 09:30:00-04:00,41.54999923706055,41.880001068115234,41.459999084472656,41.625,315713,0.0,0.0
2024-03-19 10:30:00-04:00,41.63999938964844,41.69499969482422,41.5,41.654998779296875,197196,0.0,0.0
2024-03-19 11:30:00-04:00,41.650001525878906,41.70000076293945,41.529998779296875,41.63999938964844,225870,0.0,0.0
2024-03-19 12:30:00-04:00,41.6349983215332,41.689998626708984,41.435001373291016,41.474998474121094,251720,0.0,0.0
2024-03-19 13:30:00-04:00,41.47990036010742,41.6150016784668,41.435001373291016,41.61199951171875,230273,0.0,0.0
2024-03-19 14:30:00-04:00,41.6150016784668,41.86000061035156,41.560001373291016,41.76499938964844,361051,0.0,0.0
2024-03-19 15:30:00-04:00,41.76359939575195,41.97999954223633,41.76359939575195,41.95000076293945,721136,0.0,0.0
2024-03-20 09:30:00-04:00,41.91999816894531,42.13999938964844,41.58000183105469,41.9192008972168,166944,0.0,0.0
2024-03-20 10:30:00-04:00,41.91999816894531,42.150001525878906,41.90999984741211,41.970001220703125,137268,0.0,0.0
2024-03-20 11:30:00-04:00,41.970001220703125,42.06999969482422,41.93000030517578,41.96500015258789,161696,0.0,0.0
2024-03-20 12:30:00-04:00,41.96500015258789,41.96500015258789,41.78499984741211,41.84000015258789,129628,0.0,0.0
2024-03-20 13:30:00-04:00,41.834999084472656,42.0099983215332,41.689998626708984,42.005001068115234,261860,0.0,0.0
2024-03-20 14:30:00-04:00,42.02000045776367,42.07500076293945,41.779998779296875,42.02000045776367,346544,0.0,0.0
2024-03-20 15:30:00-04:00,42.01499938964844,42.01499938964844,41.73500061035156,41.83000183105469,417349,0.0,0.0
2024-03-21 09:30:00-04:00,41.97999954223633,42.349998474121094,41.84000015258789,41.90999984741211,407038,0.0,0.0
2024-03-21 10:30:00-04:00,41.91999816894531,41.95000076293945,41.47999954223633,41.65999984741211,446390,0.0,0.0
2024-03-21 11:30:00-04:00,41.66999816894531,41.790000915527344,41.5,41.66379928588867,299817,0.0,0.0
2024-03-21 12:30:00-04:00,41.65999984741211,41.665000915527344,41.5,41.584999084472656,194565,0.0,0.0
2024-03-21 13:30:00-04:00,41.584999084472656,41.88999938964844,41.54499816894531,41.8650016784668,431919,0.0,0.0
2024-03-21 14:30:00-04:00,41.864898681640625,41.994998931884766,41.790000915527344,41.95000076293945,458812,0.0,0.0
2024-03-21 15:30:00-04:00,41.95500183105469,42.08000183105469,41.95000076293945,42.0099983215332,770384,0.0,0.0
2024-03-22 09:30:00-04:00,42.06999969482422,42.220001220703125,41.790000915527344,41.80500030517578,223173,0.0,0.0
2024-03-22 10:30:00-04:00,41.80500030517578,41.83000183105469,41.59000015258789,41.63999938964844,147191,0.0,0.0
2024-03-22 11:30:00-04:00,41.654998779296875,41.91999816894531,41.650001525878906,41.78499984741211,214443,0.0,0.0
2024-03-22 12:30:00-04:00,41.779998779296875,41.849998474121094,41.685001373291016,41.79999923706055,168997,0.0,0.0
2024-03-22 13:30:00-04:00,41.79029846191406,41.967498779296875,41.78499984741211,41.95750045776367,189796,0.0,0.0
2024-03-22 14:30:00-04:00,41.959999084472656,41.9900016784668,41.88999938964844,41.959999084472656,165600,0.0,0.0
2024-03-22 15:30:00-04:00,41.959999084472656,42.040000915527344,41.90999984741211,41.93000030517578,370065,0.0,0.0
2024-03-25 09:30:00-04:00,42.150001525878906,42.33000183105469,42.07500076293945,42.18000030517578,260891,0.0,0.0
2024-03-25 10:30:00-04:00,42.185001373291016,42.20000076293945,42.029998779296875,42.12009811401367,174536,0.0,0.0
2024-03-25 11:30:00-04:00,42.130001068115234,42.130001068115234,41.82500076293945,41.85499954223633,192668,0.0,0.0
2024-03-25 12:30:00-04:00,41.85020065307617,41.97999954223633,41.779998779296875,41.779998779296875,197909,0.0,0.0
2024-03-25 13:30:00-04:00,41.77000045776367,41.77000045776367,41.560001373291016,41.680198669433594,152052,0.0,0.0
2024-03-25 14:30:00-04:00,41.68000030517578,41.72999954223633,41.564998626708984,41.70500183105469,312958,0.0,0.0
2024-03-25 15:30:00-04:00,41.709999084472656,41.81999969482422,41.59000015258789,41.77000045776367,743965,0.0,0.0
2024-03-26 09:30:00-04:00,41.84000015258789,41.91999816894531,41.5099983215332,41.54499816894531,274129,0.0,0.0
2024-03-26 10:30:00-04:00,41.540000915527344,41.625,41.375,41.41999816894531,262741,0.0,0.0
2024-03-26 11:30:00-04:00,41.41999816894531,41.505001068115234,41.32500076293945,41.439998626708984,307021,0.0,0.0
2024-03-26 12:30:00-04:00,41.43000030517578,41.435001373291016,41.244998931884766,41.33000183105469,392724,0.0,0.0
2024-03-26 13:30:00-04:00,41.33000183105469,41.64500045776367,41.29999923706055,41.4900016784668,621937,0.0,0.0
2024-03-26 14:30:00-04:00,41.47999954223633,41.66999816894531,41.45000076293945,41.650001525878906,221272,0.0,0.0
2024-03-26 15:30:00-04:00,41.65999984741211,41.7400016784668,41.52000045776367,41.529998779296875,614384,0.0,0.0
2024-03-27 09:30:00-04:00,41.849998474121094,42.57500076293945,41.73500061035156,42.52000045776367,428010,0.0,0.0
2024-03-27 10:30:00-04:00,42.52000045776367,42.630001068115234,42.380001068115234,42.39500045776367,369502,0.0,0.0
2024-03-27 11:30:00-04:00,42.39500045776367,42.400001525878906,42.13999938964844,42.275001525878906,335274,0.0,0.0
2024-03-27 12:30:00-04:00,42.275001525878906,42.290000915527344,42.005001068115234,42.03369903564453,345421,0.0,0.0
2024-03-27 13:30:00-04:00,42.029998779296875,42.220001220703125,41.959999084472656,42.21500015258789,286905,0.0,0.0
2024-03-27 14:30:00-04:00,42.220001220703125,42.556400299072266,42.21500015258789,42.54499816894531,522048,0.0,0.0
2024-03-27 15:30:00-04:00,42.54499816894531,42.78499984741211,42.540000915527344,42.70000076293945,794175,0.0,0.0
2024-03-28 09:30:00-04:00,42.7400016784668,43.1150016784668,42.69499969482422,42.915000915527344,236135,0.0,0.0
2024-03-28 10:30:00-04:00,42.91999816894531,43.0099983215332,42.70000076293945,42.775001525878906,199979,0.0,0.0
2024-03-28 11:30:00-04:00,42.77000045776367,42.779998779296875,42.625,42.724998474121094,185423,0.0,0.0
2024-03-28 12:30:00-04:00,42.724998474121094,42.790000915527344,42.61000061035156,42.73500061035156,198215,0.0,0.0
2024-03-28 13:30:00-04:00,42.73500061035156,42.81999969482422,42.70000076293945,42.7400016784668,196768,0.0,0.0
2024-03-28 14:30:00-04:00,42.72999954223633,42.84000015258789,42.720001220703125,42.755001068115234,210501,0.0,0.0
2024-03-28 15:30:00-04:00,42.7599983215332,42.79999923706055,42.619998931884766,42.689998626708984,720473,0.0,0.0
2024-04-01 09:30:00-04:00,43.5,43.9900016784668,43.04999923706055,43.71500015258789,998809,0.0,0.0
2024-04-01 10:30:00-04:00,43.71200180053711,43.810001373291016,43.5,43.70000076293945,433266,0.0,0.0
2024-04-01 11:30:00-04:00,43.70000076293945,43.720001220703125,43.5,43.689998626708984,310842,0.0,0.0
2024-04-01 12:30:00-04:00,43.685001373291016,43.77000045776367,43.595001220703125,43.625,367379,0.0,0.0
2024-04-01 13:30:00-04:00,43.625,43.849998474121094,43.5,43.834999084472656,511667,0.0,0.0
2024-04-01 14:30:00-04:00,43.83000183105469,43.880001068115234,43.57500076293945,43.599998474121094,440339,0.0,0.0
2024-04-01 15:30:00-04:00,43.599998474121094,43.7400016784668,43.540000915527344,43.54999923706055,846279,0.0,0.0
2024-04-02 09:30:00-04:00,42.97999954223633,43.310001373291016,42.869998931884766,42.935001373291016,509550,0.0,0.0
2024-04-02 10:30:00-04:00,42.93000030517578,42.97999954223633,42.760101318359375,42.81999969482422,169235,0.0,0.0
2024-04-02 11:30:00-04:00,42.81999969482422,42.900001525878906,42.68000030517578,42.72999954223633,227305,0.0,0.0
2024-04-02 12:30:00-04:00,42.73500061035156,42.79999923706055,42.689998626708984,42.7598991394043,165023,0.0,0.0
2024-04-02 13:30:00-04:00,42.75,42.840301513671875,42.724998474121094,42.80400085449219,216078,0.0,0.0
2024-04-02 14:30:00-04:00,42.79499816894531,42.93000030517578,42.779998779296875,42.80500030517578,346524,0.0,0.0
2024-04-02 15:30:00-04:00,42.80500030517578,42.95000076293945,42.78499984741211,42.90999984741211,647074,0.0,0.0
2024-04-03 09:30:00-04:00,42.959999084472656,43.71500015258789,42.75,43.40999984741211,404747,0.0,0.0
2024-04-03 10:30:00-04:00,43.40999984741211,43.48500061035156,43.209999084472656,43.224998474121094,229050,0.0,0.0
2024-04-03 11:30:00-04:00,43.224998474121094,43.43000030517578,43.15999984741211,43.41999816894531,226402,0.0,0.0
2024-04-03 12:30:00-04:00,43.415000915527344,43.529998779296875,43.30500030517578,43.439998626708984,224289,0.0,0.0
2024-04-03 13:30:00-04:00,43.439998626708984,43.45000076293945,43.20500183105469,43.31999969482422,229600,0.0,0.0
2024-04-03 14:30:00-04:00,43.31919860839844,43.38999938964844,43.130001068115234,43.16999816894531,260269,0.0,0.0
2024-04-03 15:30:00-04:00,43.17499923706055,43.32500076293945,43.165000915527344,43.279998779296875,491467,0.0,0.0
2024-04-04 09:30:00-04:00,43.58000183105469,43.70000076293945,43.19499969482422,43.32500076293945,234987,0.0,0.0
2024-04-04 10:30:00-04:00,43.34000015258789,43.529998779296875,43.22999954223633,43.505001068115234,241926,0.0,0.0
2024-04-04 11:30:00-04:00,43.5099983215332,43.525001525878906,43.19499969482422,43.19499969482422,191729,0.0,0.0
2024-04-04 12:30:00-04:00,43.20000076293945,43.25,43.119998931884766,43.150001525878906,167267,0.0,0.0
2024-04-04 13:30:00-04:00,43.13999938964844,43.13999938964844,42.83000183105469,42.845001220703125,289587,0.0,0.0
2024-04-04 14:30:00-04:00,42.845001220703125,42.915000915527344,42.3849983215332,42.4900016784668,559058,0.0,0.0
2024-04-04 15:30:00-04:00,42.5,42.65999984741211,42.375,42.63999938964844,639831,0.0,0.0
2024-04-05 09:30:00-04:00,42.45000076293945,42.67499923706055,42.380001068115234,42.67499923706055,241790,0.0,0.0
2024-04-05 10:30:00-04:00,42.68000030517578,42.77000045776367,42.56999969482422,42.76499938964844,381741,0.0,0.0
2024-04-05 11:30:00-04:00,42.76499938964844,42.79999923706055,42.625,42.709999084472656,163985,0.0,0.0
2024-04-05 12:30:00-04:00,42.70000076293945,42.73500061035156,42.56999969482422,42.625,214140,0.0,0.0
2024-04-05 13:30:00-04:00,42.61000061035156,42.72999954223633,42.5625,42.630001068115234,293894,0.0,0.0
2024-04-05 14:30:00-04:00,42.630001068115234,42.709999084472656,42.595001220703125,42.63100051879883,245624,0.0,0.0
2024-04-05 15:30:00-04:00,42.630001068115234,42.709999084472656,42.58000183105469,42.611000061035156,673107,0.0,0.0
2024-04-08 09:30:00-04:00,42.54999923706055,42.779998779296875,42.099998474121094,42.470699310302734,292279,0.0,0.0
2024-04-08 10:30:00-04:00,42.48500061035156,42.595001220703125,42.349998474121094,42.349998474121094,204065,0.0,0.0
2024-04-08 11:30:00-04:00,42.349998474121094,42.45500183105469,42.33000183105469,42.435001373291016,201756,0.0,0.0
2024-04-08 12:30:00-04:00,42.43000030517578,42.474998474121094,42.31999969482422,42.45000076293945,184550,0.0,0.0
2024-04-08 13:30:00-04:00,42.45000076293945,42.584999084472656,42.3650016784668,42.38999938964844,162435,0.0,0.0
2024-04-08 14:30:00-04:00,42.38999938964844,42.5099983215332,42.3849983215332,42.404998779296875,197124,0.0,0.0
2024-04-08 15:30:00-04:00,42.404998779296875,42.439998626708984,42.25,42.25,477800,0.0,0.0
2024-04-09 09:30:00-04:00,42.40999984741211,42.599998474121094,42.310001373291016,42.5099983215332,292193,0.0,0.0
2024-04-09 10:30:00-04:00,42.5099983215332,42.5099983215332,42.209999084472656,42.30500030517578,318488,0.0,0.0
2024-04-09 11:30:00-04:00,42.310001373291016,42.31999969482422,42.16999816894531,42.18000030517578,234393,0.0,0.0
2024-04-09 12:30:00-04:00,42.189998626708984,42.54999923706055,42.189998626708984,42.471099853515625,144362,0.0,0.0
2024-04-09 13:30:00-04:00,42.474998474121094,42.564998626708984,42.459999084472656,42.48500061035156,156748,0.0,0.0
2024-04-09 14:30:00-04:00,42.4900016784668,42.849998474121094,42.45000076293945,42.845001220703125,352035,0.0,0.0
2024-04-09 15:30:00-04:00,42.845001220703125,42.86000061035156,42.66999816894531,42.83000183105469,524107,0.0,0.0
2024-04-10 09:30:00-04:00,42.2400016784668,42.26499938964844,41.630001068115234,41.939998626708984,387089,0.0,0.0
2024-04-10 10:30:00-04:00,41.94499969482422,42.04999923706055,41.78499984741211,41.83000183105469,211995,0.0,0.0
2024-04-10 11:30:00-04:00,41.84000015258789,41.845001220703125,41.54499816894531,41.57500076293945,191941,0.0,0.0
2024-04-10 12:30:00-04:00,41.57500076293945,41.59000015258789,41.33000183105469,41.5,237846,0.0,0.0
2024-04-10 13:30:00-04:00,41.4900016784668,41.68000030517578,41.470001220703125,41.61000061035156,429658,0.0,0.0
2024-04-10 14:30:00-04:00,41.60499954223633,41.90999984741211,41.56999969482422,41.85499954223633,446958,0.0,0.0
2024-04-10 15:30:00-04:00,41.86000061035156,42.10499954223633,41.810001373291016,41.9900016784668,1073081,0.0,0.0
2024-04-11 09:30:00-04:00,42.439998626708984,42.4452018737793,41.849998474121094,42.130001068115234,305779,0.0,0.0
2024-04-11 10:30:00-04:00,42.165000915527344,42.220001220703125,41.689998626708984,41.80500030517578,524527,0.0,0.0
2024-04-11 11:30:00-04:00,41.80500030517578,42.025001525878906,41.78499984741211,42.0,346776,0.0,0.0
2024-04-11 12:30:00-04:00,42.0,42.290000915527344,41.904998779296875,42.22999954223633,196799,0.0,0.0
2024-04-11 13:30:00-04:00,42.22999954223633,42.45000076293945,42.09000015258789,42.345001220703125,235914,0.0,0.0
2024-04-11 14:30:00-04:00,42.34000015258789,42.474998474121094,42.244998931884766,42.2599983215332,334463,0.0,0.0
2024-04-11 15:30:00-04:00,42.2599983215332,42.310001373291016,42.099998474121094,42.119998931884766,591422,0.0,0.0
2024-04-12 09:30:00-04:00,41.7400016784668,41.900001525878906,40.96500015258789,41.04999923706055,849545,0.0,0.0
2024-04-12 10:30:00-04:00,41.08000183105469,41.2400016784668,40.900001525878906,41.095001220703125,380027,0.0,0.0
2024-04-12 11:30:00-04:00,41.095001220703125,41.1150016784668,40.880001068115234,40.88999938964844,468559,0.0,0.0
2024-04-12 12:30:00-04:00,40.89500045776367,40.904998779296875,40.45000076293945,40.46500015258789,361935,0.0,0.0
2024-04-12 13:30:00-04:00,40.46500015258789,40.595001220703125,40.3849983215332,40.54999923706055,298491,0.0,0.0
2024-04-12 14:30:00-04:00,40.54499816894531,40.55500030517578,40.30500030517578,40.314998626708984,382381,0.0,0.0
2024-04-12 15:30:00-04:00,40.31999969482422,40.38999938964844,40.20500183105469,40.31999969482422,696771,0.0,0.0
2024-04-15 09:30:00-04:00,40.709999084472656,40.849998474121094,40.525001525878906,40.56999969482422,407686,0.0,0.0
2024-04-15 10:30:00-04:00,40.56999969482422,40.69499969482422,40.39500045776367,40.41999816894531,197216,0.0,0.0
2024-04-15 11:30:00-04:00,40.41999816894531,40.790000915527344,40.40999984741211,40.59000015258789,291541,0.0,0.0
2024-04-15 12:30:00-04:00,40.58000183105469,40.58000183105469,40.220001220703125,40.2400016784668,159279,0.0,0.0
2024-04-15 13:30:00-04:00,40.22999954223633,40.27000045776367,39.904998779296875,39.904998779296875,284691,0.0,0.0
2024-04-15 14:30:00-04:00,39.900001525878906,40.070098876953125,39.814998626708984,39.8849983215332,383005,0.0,0.0
2024-04-15 15:30:00-04:00,39.88999938964844,40.040000915527344,39.849998474121094,40.040000915527344,492970,0.0,0.0
2024-04-16 09:30:00-04:00,40.0,40.04999923706055,39.505001068115234,39.599998474121094,429339,0.0,0.0
2024-04-16 10:30:00-04:00,39.619998931884766,39.619998931884766,39.349998474121094,39.564998626708984,473933,0.0,0.0
2024-04-16 11:30:00-04:00,39.564998626708984,39.900001525878906,39.48500061035156,39.86000061035156,234015,0.0,0.0
2024-04-16 12:30:00-04:00,39.86000061035156,39.880001068115234,39.7599983215332,39.7599983215332,108079,0.0,0.0
2024-04-16 13:30:00-04:00,39.77000045776367,39.994998931884766,39.650001525878906,39.779998779296875,210481,0.0,0.0
2024-04-16 14:30:00-04:00,39.775001525878906,39.99100112915039,39.77000045776367,39.81999969482422,206780,0.0,0.0
2024-04-16 15:30:00-04:00,39.81999969482422,39.8650016784668,39.560001373291016,39.560001373291016,434682,0.0,0.0
2024-04-17 09:30:00-04:00,39.709999084472656,39.845001220703125,39.47999954223633,39.65999984741211,629576,0.0,0.0
2024-04-17 10:30:00-04:00,39.650001525878906,39.7400016784668,39.5,39.53499984741211,204896,0.0,0.0
2024-04-17 11:30:00-04:00,39.540000915527344,39.689998626708984,39.459999084472656,39.525001525878906,246918,0.0,0.0
2024-04-17 12:30:00-04:00,39.52000045776367,39.7599983215332,39.494998931884766,39.7599983215332,232721,0.0,0.0
2024-04-17 13:30:00-04:00,39.7599983215332,39.7599983215332,39.584999084472656,39.625,275571,0.0,0.0
2024-04-17 14:30:00-04:00,39.630001068115234,39.810001373291016,39.625,39.76499938964844,302083,0.0,0.0
2024-04-17 15:30:00-04:00,39.76499938964844,39.775001525878906,39.5099983215332,39.5099983215332,426131,0.0,0.0
2024-04-18 09:30:00-04:00,39.7400016784668,39.7400016784668,39.290000915527344,39.48500061035156,282679,0.0,0.0
2024-04-18 10:30:00-04:00,39.4900016784668,39.619998931884766,39.36000061035156,39.54999923706055,263817,0.0,0.0
2024-04-18 11:30:00-04:00,39.54999923706055,39.61000061035156,39.31999969482422,39.57500076293945,165248,0.0,0.0
2024-04-18 12:30:00-04:00,39.56999969482422,39.59000015258789,39.30500030517578,39.48500061035156,209792,0.0,0.0
2024-04-18 13:30:00-04:00,39.47999954223633,39.55500030517578,39.415000915527344,39.439998626708984,266211,0.0,0.0
2024-04-18 14:30:00-04:00,39.439998626708984,39.529998779296875,39.35499954223633,39.529998779296875,240718,0.0,0.0
2024-04-18 15:30:00-04:00,39.529998779296875,39.68000030517578,39.51499938964844,39.650001525878906,501687,0.0,0.0
2024-04-19 09:30:00-04:00,39.93000030517578,40.08000183105469,39.599998474121094,39.970001220703125,346828,0.0,0.0
2024-04-19 10:30:00-04:00,39.95000076293945,40.005001068115234,39.665000915527344,39.72999954223633,171900,0.0,0.0
2024-04-19 11:30:00-04:00,39.720001220703125,39.7599983215332,39.529998779296875,39.53499984741211,168104,0.0,0.0
2024-04-19 12:30:00-04:00,39.529998779296875,39.689998626708984,39.529998779296875,39.540000915527344,173339,0.0,0.0
2024-04-19 13:30:00-04:00,39.540000915527344,39.630001068115234,39.470001220703125,39.505001068115234,272480,0.0,0.0
2024-04-19 14:30:00-04:00,39.5,39.56999969482422,39.38999938964844,39.54999923706055,375096,0.0,0.0
2024-04-19 15:30:00-04:00,39.54999923706055,39.560001373291016,39.41999816894531,39.470001220703125,797659,0.0,0.0
2024-04-22 09:30:00-04:00,39.779998779296875,40.29999923706055,39.525001525878906,40.150001525878906,437288,0.0,0.0
2024-04-22 10:30:00-04:00,40.13999938964844,40.244998931884766,39.974998474121094,40.185001373291016,241524,0.0,0.0
2024-04-22 11:30:00-04:00,40.185001373291016,40.400001525878906,40.04499816894531,40.3650016784668,357423,0.0,0.0
2024-04-22 12:30:00-04:00,40.369998931884766,40.5099983215332,40.27000045776367,40.5,199101,0.0,0.0
2024-04-22 13:30:00-04:00,40.494998931884766,40.81999969482422,40.494998931884766,40.650001525878906,281980,0.0,0.0
2024-04-22 14:30:00-04:00,40.659698486328125,40.790000915527344,40.439998626708984,40.53499984741211,567498,0.0,0.0
2024-04-22 15:30:00-04:00,40.529998779296875,40.6349983215332,40.380001068115234,40.40999984741211,659254,0.0,0.0
2024-04-23 09:30:00-04:00,40.400001525878906,40.85749816894531,40.25,40.79499816894531,297531,0.0,0.0
2024-04-23 10:30:00-04:00,40.78499984741211,40.91999816894531,40.70500183105469,40.8650016784668,244049,0.0,0.0
2024-04-23 11:30:00-04:00,40.869998931884766,40.98500061035156,40.8650016784668,40.959999084472656,245143,0.0,0.0
2024-04-23 12:30:00-04:00,40.959999084472656,41.029998779296875,40.904998779296875,40.959999084472656,201339,0.0,0.0
2024-04-23 13:30:00-04:00,40.959999084472656,41.04499816894531,40.935001373291016,40.95000076293945,215624,0.0,0.0
2024-04-23 14:30:00-04:00,40.95000076293945,41.0,40.78499984741211,40.93000030517578,246209,0.0,0.0
2024-04-23 15:30:00-04:00,40.93000030517578,41.18000030517578,40.90999984741211,41.02000045776367,729905,0.0,0.0
2024-04-24 09:30:00-04:00,40.779998779296875,41.02000045776367,40.540000915527344,40.8849983215332,208518,0.0,0.0
2024-04-24 10:30:00-04:00,40.88999938964844,40.88999938964844,40.619998931884766,40.724998474121094,169575,0.0,0.0
2024-04-24 11:30:00-04:00,40.72999954223633,40.88999938964844,40.720001220703125,40.862998962402344,171269,0.0,0.0
2024-04-24 12:30:00-04:00,40.86000061035156,40.915000915527344,40.689998626708984,40.88999938964844,130404,0.0,0.0
2024-04-24 13:30:00-04:00,40.88999938964844,40.90999984741211,40.72999954223633,40.810001373291016,230810,0.0,0.0
2024-04-24 14:30:00-04:00,40.810001373291016,40.900001525878906,40.775001525878906,40.845001220703125,224881,0.0,0.0
2024-04-24 15:30:00-04:00,40.845001220703125,41.060001373291016,40.834999084472656,40.93000030517578,523331,0.0,0.0
2024-04-25 09:30:00-04:00,40.75,40.790000915527344,39.89500045776367,39.994998931884766,684082,0.0,0.0
2024-04-25 10:30:00-04:00,40.005001068115234,40.095001220703125,39.81999969482422,39.834999084472656,455783,0.0,0.0
2024-04-25 11:30:00-04:00,39.84000015258789,39.89500045776367,39.76499938964844,39.849998474121094,219575,0.0,0.0
2024-04-25 12:30:00-04:00,39.849998474121094,39.974998474121094,39.814998626708984,39.95000076293945,244663,0.0,0.0
2024-04-25 13:30:00-04:00,39.94499969482422,40.290000915527344,39.94499969482422,40.15999984741211,344170,0.0,0.0
2024-04-25 14:30:00-04:00,40.150001525878906,40.27000045776367,40.05500030517578,40.25,389688,0.0,0.0
2024-04-25 15:30:00-04:00,40.25,40.34000015258789,40.17499923706055,40.2400016784668,886245,0.0,0.0
2024-04-26 09:30:00-04:00,40.209999084472656,40.41999816894531,40.040000915527344,40.25,200820,0.0,0.0
2024-04-26 10:30:00-04:00,40.25,40.30500030517578,40.071998596191406,40.071998596191406,152471,0.0,0.0
2024-04-26 11:30:00-04:00,40.06999969482422,40.119998931884766,40.0,40.03499984741211,150384,0.0,0.0
2024-04-26 12:30:00-04:00,40.040000915527344,40.04999923706055,39.970001220703125,40.0,115276,0.0,0.0
2024-04-26 13:30:00-04:00,39.994998931884766,40.255001068115234,39.96500015258789,40.255001068115234,376379,0.0,0.0
2024-04-26 14:30:00-04:00,40.2599983215332,40.34000015258789,40.20000076293945,40.255001068115234,235301,0.0,0.0
2024-04-26 15:30:00-04:00,40.255001068115234,40.2599983215332,40.119998931884766,40.130001068115234,385144,0.0,0.0
2024-04-29 09:30:00-04:00,40.18000030517578,40.90999984741211,40.06999969482422,40.89500045776367,494295,0.0,0.0
2024-04-29 10:30:00-04:00,40.900001525878906,40.95500183105469,40.724998474121094,40.79499816894531,281185,0.0,0.0
2024-04-29 11:30:00-04:00,40.790000915527344,40.915000915527344,40.744998931884766,40.834999084472656,215849,0.0,0.0
2024-04-29 12:30:00-04:00,40.84000015258789,40.875,40.75,40.85499954223633,175489,0.0,0.0
2024-04-29 13:30:00-04:00,40.85499954223633,40.904998779296875,40.685001373291016,40.685001373291016,249450,0.0,0.0
2024-04-29 14:30:00-04:00,40.68000030517578,40.72999954223633,40.4900016784668,40.599998474121094,409793,0.0,0.0
2024-04-29 15:30:00-04:00,40.599998474121094,40.70500183105469,40.58000183105469,40.63999938964844,665007,0.0,0.0
2024-04-30 09:30:00-04:00,40.29999923706055,40.5099983215332,40.04999923706055,40.40999984741211,296729,0.0,0.0
2024-04-30 10:30:00-04:00,40.41999816894531,40.650001525878906,40.369998931884766,40.4900016784668,208493,0.0,0.0
2024-04-30 11:30:00-04:00,40.494998931884766,40.709999084472656,40.40999984741211,40.442501068115234,520524,0.0,0.0
2024-04-30 12:30:00-04:00,40.44499969482422,40.505001068115234,40.2599983215332,40.35499954223633,339348,0.0,0.0
2024-04-30 13:30:00-04:00,40.349998474121094,40.415000915527344,40.31999969482422,40.375,209364,0.0,0.0
2024-04-30 14:30:00-04:00,40.375,40.45500183105469,40.35499954223633,40.40999984741211,323907,0.0,0.0
2024-04-30 15:30:00-04:00,40.400001525878906,40.494998931884766,40.349998474121094,40.369998931884766,572238,0.0,0.0
2024-05-01 09:30:00-04:00,40.130001068115234,40.47999954223633,39.98500061035156,40.029998779296875,289012,0.0,0.0
2024-05-01 10:30:00-04:00,40.03499984741211,40.25,39.959999084472656,40.209999084472656,449439,0.0,0.0
2024-05-01 11:30:00-04:00,40.21500015258789,40.4900016784668,40.18000030517578,40.48500061035156,256754,0.0,0.0
2024-05-01 12:30:00-04:00,40.4900016784668,40.52000045776367,40.34000015258789,40.375,301892,0.0,0.0
2024-05-01 13:30:00-04:00,40.375,40.5,40.27009963989258,40.474998474121094,310004,0.0,0.0
2024-05-01 14:30:00-04:00,40.470001220703125,40.70000076293945,40.290000915527344,40.54499816894531,650585,0.0,0.0
2024-05-01 15:30:00-04:00,40.54499816894531,40.59000015258789,40.290000915527344,40.310001373291016,690049,0.0,0.0
2024-05-02 09:30:00-04:00,39.099998474121094,39.150001525878906,36.86000061035156,37.06999969482422,2505916,0.0,0.0
2024-05-02 10:30:00-04:00,37.095001220703125,37.290000915527344,36.70000076293945,37.130001068115234,1312445,0.0,0.0
2024-05-02 11:30:00-04:00,37.150001525878906,37.40999984741211,36.83000183105469,37.290000915527344,1133895,0.0,0.0
2024-05-02 12:30:00-04:00,37.310001373291016,37.33000183105469,36.7599983215332,36.904998779296875,1102705,0.0,0.0
2024-05-02 13:30:00-04:00,36.90999984741211,36.97999954223633,36.200599670410156,36.5099983215332,1384629,0.0,0.0
2024-05-02 14:30:00-04:00,36.505001068115234,37.31999969482422,36.505001068115234,37.30120086669922,1130076,0.0,0.0
2024-05-02 15:30:00-04:00,37.30500030517578,37.33000183105469,36.83250045776367,36.900001525878906,1626383,0.0,0.0
2024-05-03 09:30:00-04:00,37.22999954223633,37.43000030517578,36.5,36.595001220703125,877278,0.0,0.0
2024-05-03 10:30:00-04:00,36.595001220703125,36.849998474121094,36.54079818725586,36.79499816894531,576377,0.0,0.0
2024-05-03 11:30:00-04:00,36.79499816894531,37.130001068115234,36.66999816894531,37.07500076293945,651636,0.0,0.0
2024-05-03 12:30:00-04:00,37.08000183105469,37.279998779296875,36.9900016784668,37.275001525878906,452453,0.0,0.0
2024-05-03 13:30:00-04:00,37.275001525878906,37.36000061035156,37.150001525878906,37.154998779296875,464241,0.0,0.0
2024-05-03 14:30:00-04:00,37.150001525878906,37.150001525878906,36.53499984741211,36.76499938964844,968788,0.0,0.0
2024-05-03 15:30:00-04:00,36.76499938964844,36.9900016784668,36.630001068115234,36.89500045776367,1543902,0.0,0.0
2024-05-06 09:30:00-04:00,37.04999923706055,37.10499954223633,36.4109992980957,36.48910140991211,722624,0.0,0.0
2024-05-06 10:30:00-04:00,36.4900016784668,36.564998626708984,36.28499984741211,36.47999954223633,641516,0.0,0.0
2024-05-06 11:30:00-04:00,36.474998474121094,36.63999938964844,36.43000030517578,36.51499938964844,347586,0.0,0.0
2024-05-06 12:30:00-04:00,36.51499938964844,36.650001525878906,36.47999954223633,36.53499984741211,359376,0.0,0.0
2024-05-06 13:30:00-04:00,36.540000915527344,36.55500030517578,36.40999984741211,36.435001373291016,433857,0.0,0.0
2024-05-06 14:30:00-04:00,36.435001373291016,36.54999923706055,36.41999816894531,36.44499969482422,553034,0.0,0.0
2024-05-06 15:30:00-04:00,36.44499969482422,36.540000915527344,36.380001068115234,36.505001068115234,1075992,0.0,0.0
2024-05-07 09:30:00-04:00,36.77000045776367,36.80500030517578,36.349998474121094,36.505001068115234,887877,0.0,0.0
2024-05-07 10:30:00-04:00,36.5,36.58000183105469,36.40999984741211,36.415000915527344,786774,0.0,0.0
2024-05-07 11:30:00-04:00,36.41999816894531,36.43000030517578,36.154998779296875,36.255001068115234,548384,0.0,0.0
2024-05-07 12:30:00-04:00,36.255001068115234,36.27000045776367,35.96500015258789,36.099998474121094,626327,0.0,0.0
2024-05-07 13:30:00-04:00,36.10499954223633,36.220001220703125,36.05500030517578,36.220001220703125,323327,0.0,0.0
2024-05-07 14:30:00-04:00,36.22999954223633,36.22999954223633,36.119998931884766,36.154998779296875,391708,0.0,0.0
2024-05-07 15:30:00-04:00,36.15999984741211,36.209999084472656,36.064998626708984,36.11000061035156,984617,0.0,0.0
2024-05-08 09:30:00-04:00,35.9900016784668,36.209999084472656,35.95000076293945,36.02000045776367,655036,0.0,0.0
2024-05-08 10:30:00-04:00,36.029998779296875,36.150001525878906,35.974998474121094,36.125,462190,0.0,0.0
2024-05-08 11:30:00-04:00,36.130001068115234,36.189998626708984,35.95000076293945,35.994998931884766,330394,0.0,0.0
2024-05-08 12:30:00-04:00,35.994998931884766,36.0099983215332,35.95000076293945,35.9900016784668,256192,0.0,0.0
2024-05-08 13:30:00-04:00,35.98500061035156,36.09000015258789,35.92300033569336,35.94499969482422,425782,0.0,0.0
2024-05-08 14:30:00-04:00,35.94499969482422,35.959999084472656,35.810001373291016,35.869998931884766,599181,0.0,0.0
2024-05-08 15:30:00-04:00,35.86000061035156,35.880001068115234,35.709999084472656,35.7599983215332,1494309,0.0,0.0
2024-05-09 09:30:00-04:00,35.75,35.90999984741211,35.720001220703125,35.72999954223633,387870,0.0,0.0
2024-05-09 10:30:00-04:00,35.72999954223633,35.7599983215332,35.56999969482422,35.68000030517578,529118,0.0,0.0
2024-05-09 11:30:00-04:00,35.66999816894531,35.769901275634766,35.6349983215332,35.70000076293945,573525,0.0,0.0
2024-05-09 12:30:00-04:00,35.70500183105469,35.7400016784668,35.654998779296875,35.724998474121094,474244,0.0,0.0
2024-05-09 13:30:00-04:00,35.724998474121094,35.8650016784668,35.70500183105469,35.810001373291016,575596,0.0,0.0
2024-05-09 14:30:00-04:00,35.810001373291016,35.84000015258789,35.74250030517578,35.779998779296875,530004,0.0,0.0
2024-05-09 15:30:00-04:00,35.779998779296875,35.95000076293945,35.755001068115234,35.95000076293945,1289214,0.0,0.0
2024-05-10 09:30:00-04:00,35.619998931884766,36.150001525878906,35.61000061035156,36.060001373291016,582260,0.0,0.0
2024-05-10 10:30:00-04:00,36.04999923706055,36.09000015258789,35.6150016784668,35.688499450683594,401973,0.0,0.0
2024-05-10 11:30:00-04:00,35.685001373291016,35.70000076293945,35.54499816894531,35.55500030517578,443456,0.0,0.0
2024-05-10 12:30:00-04:00,35.55500030517578,35.70000076293945,35.55500030517578,35.67499923706055,355733,0.0,0.0
2024-05-10 13:30:00-04:00,35.67789840698242,35.829498291015625,35.6150016784668,35.73500061035156,329988,0.0,0.0
2024-05-10 14:30:00-04:00,35.72999954223633,35.80500030517578,35.68000030517578,35.689998626708984,422266,0.0,0.0
2024-05-10 15:30:00-04:00,35.689998626708984,35.7599983215332,35.63999938964844,35.689998626708984,822438,0.0,0.0
2024-05-13 09:30:00-04:00,35.70000076293945,36.08000183105469,35.70000076293945,35.84000015258789,677994,0.0,0.0
2024-05-13 10:30:00-04:00,35.84000015258789,35.880001068115234,35.65999984741211,35.70500183105469,486367,0.0,0.0
2024-05-13 11:30:00-04:00,35.66999816894531,35.69499969482422,35.51499938964844,35.529998779296875,399901,0.0,0.0
2024-05-13 12:30:00-04:00,35.52000045776367,35.54499816894531,35.435001373291016,35.494998931884766,337454,0.0,0.0
2024-05-13 13:30:00-04:00,35.494998931884766,35.55500030517578,35.470001220703125,35.503501892089844,363424,0.0,0.0
2024-05-13 14:30:00-04:00,35.505001068115234,35.54499816894531,35.38999938964844,35.435001373291016,492212,0.0,0.0
2024-05-13 15:30:00-04:00,35.435001373291016,35.5099983215332,35.400001525878906,35.42499923706055,1031751,0.0,0.0
2024-05-14 09:30:00-04:00,35.470001220703125,35.755001068115234,35.375,35.404998779296875,914402,0.0,0.0
2024-05-14 10:30:00-04:00,35.40999984741211,35.474998474121094,35.30500030517578,35.35499954223633,365011,0.0,0.0
2024-05-14 11:30:00-04:00,35.349998474121094,35.35499954223633,35.1150016784668,35.119998931884766,377875,0.0,0.0
2024-05-14 12:30:00-04:00,35.130001068115234,35.15999984741211,35.0099983215332,35.073299407958984,288689,0.0,0.0
2024-05-14 13:30:00-04:00,35.06999969482422,35.130001068115234,34.94499969482422,34.94499969482422,305526,0.0,0.0
2024-05-14 14:30:00-04:00,34.94499969482422,35.15999984741211,34.939998626708984,35.125,314320,0.0,0.0
2024-05-14 15:30:00-04:00,35.125,35.275001525878906,34.994998931884766,35.244998931884766,917977,0.0,0.0
2024-05-15 09:30:00-04:00,35.36000061035156,35.56999969482422,35.255001068115234,35.404998779296875,391684,0.0,0.0
2024-05-15 10:30:00-04:00,35.400001525878906,35.45500183105469,35.31999969482422,35.45500183105469,246490,0.0,0.0
2024-05-15 11:30:00-04:00,35.459999084472656,35.560001373291016,35.33000183105469,35.48500061035156,766935,0.0,0.0
2024-05-15 12:30:00-04:00,35.4900016784668,35.5,35.38999938964844,35.415000915527344,379609,0.0,0.0
2024-05-15 13:30:00-04:00,35.40999984741211,35.5,35.244998931884766,35.47999954223633,690137,0.0,0.0
2024-05-15 14:30:00-04:00,35.474998474121094,35.5,35.34000015258789,35.375,681244,0.0,0.0
2024-05-15 15:30:00-04:00,35.375,35.47999954223633,35.3650016784668,35.43000030517578,1069300,0.0,0.0
2024-05-16 09:30:00-04:00,35.47999954223633,35.560001373291016,35.279998779296875,35.439998626708984,445159,0.0,0.0
2024-05-16 10:30:00-04:00,35.435001373291016,35.57500076293945,35.310001373291016,35.529998779296875,295551,0.0,0.0
2024-05-16 11:30:00-04:00,35.52000045776367,35.52000045776367,35.36000061035156,35.39500045776367,252951,0.0,0.0
2024-05-16 12:30:00-04:00,35.39500045776367,35.5099983215332,35.23500061035156,35.40999984741211,2627606,0.0,0.0
2024-05-16 13:30:00-04:00,35.41999816894531,35.41999816894531,35.165000915527344,35.21500015258789,359961,0.0,0.0
2024-05-16 14:30:00-04:00,35.21500015258789,35.290000915527344,35.150001525878906,35.19499969482422,445089,0.0,0.0
2024-05-16 15:30:00-04:00,35.19889831542969,35.23500061035156,35.1150016784668,35.16999816894531,737007,0.0,0.0
2024-05-17 09:30:00-04:00,35.18000030517578,35.244998931884766,34.880001068115234,35.185001373291016,467534,0.0,0.0
2024-05-17 10:30:00-04:00,35.185001373291016,35.334999084472656,35.15999984741211,35.32500076293945,353029,0.0,0.0
2024-05-17 11:30:00-04:00,35.33000183105469,35.435001373291016,35.33000183105469,35.40890121459961,377255,0.0,0.0
2024-05-17 12:30:00-04:00,35.404998779296875,35.42499923706055,35.369998931884766,35.404998779296875,216583,0.0,0.0
2024-05-17 13:30:00-04:00,35.40999984741211,35.43000030517578,35.310001373291016,35.3473014831543,459930,0.0,0.0
2024-05-17 14:30:00-04:00,35.345001220703125,35.40999984741211,35.211700439453125,35.220001220703125,329051,0.0,0.0
2024-05-17 15:30:00-04:00,35.224998474121094,35.314998626708984,35.209999084472656,35.279998779296875,701200,0.0,0.0
2024-05-20 09:30:00-04:00,35.20000076293945,35.34000015258789,34.935001373291016,34.98500061035156,220986,0.0,0.0
2024-05-20 10:30:00-04:00,34.98500061035156,35.16999816894531,34.970001220703125,35.1349983215332,240029,0.0,0.0
2024-05-20 11:30:00-04:00,35.13999938964844,35.18000030517578,35.03499984741211,35.16999816894531,173531,0.0,0.0
2024-05-20 12:30:00-04:00,35.165000915527344,35.16999816894531,35.064998626708984,35.07500076293945,193502,0.0,0.0
2024-05-20 13:30:00-04:00,35.06999969482422,35.099998474121094,34.970001220703125,35.04990005493164,269525,0.0,0.0
2024-05-20 14:30:00-04:00,35.04999923706055,35.08000183105469,34.94499969482422,34.994998931884766,271781,0.0,0.0
2024-05-20 15:30:00-04:00,34.994998931884766,35.029998779296875,34.92499923706055,35.029998779296875,456511,0.0,0.0
2024-05-21 09:30:00-04:00,35.02000045776367,35.099998474121094,34.720001220703125,34.939998626708984,268744,0.0,0.0
2024-05-21 10:30:00-04:00,34.939998626708984,34.970001220703125,34.77000045776367,34.8650016784668,511299,0.0,0.0
2024-05-21 11:30:00-04:00,34.869998931884766,34.869998931884766,34.58000183105469,34.619998931884766,298626,0.0,0.0
2024-05-21 12:30:00-04:00,34.61000061035156,34.65999984741211,34.55500030517578,34.60499954223633,240371,0.0,0.0
2024-05-21 13:30:00-04:00,34.61000061035156,34.72999954223633,34.540000915527344,34.54499816894531,398330,0.0,0.0
2024-05-21 14:30:00-04:00,34.540000915527344,34.567501068115234,34.470001220703125,34.5,682352,0.0,0.0
2024-05-21 15:30:00-04:00,34.494998931884766,34.53499984741211,34.415000915527344,34.43000030517578,1001529,0.0,0.0
2024-05-22 09:30:00-04:00,34.380001068115234,34.66999816894531,34.349998474121094,34.584999084472656,326298,0.0,0.0
2024-05-22 10:30:00-04:00,34.584999084472656,34.70000076293945,34.58000183105469,34.619998931884766,352810,0.0,0.0
2024-05-22 11:30:00-04:00,34.6150016784668,34.619998931884766,34.5,34.51499938964844,170600,0.0,0.0
2024-05-22 12:30:00-04:00,34.51499938964844,34.65999984741211,34.5099983215332,34.60499954223633,185459,0.0,0.0
2024-05-22 13:30:00-04:00,34.60499954223633,34.619998931884766,34.415000915527344,34.42499923706055,224095,0.0,0.0
2024-05-22 14:30:00-04:00,34.43000030517578,34.51499938964844,34.380001068115234,34.474998474121094,305542,0.0,0.0
2024-05-22 15:30:00-04:00,34.47999954223633,34.529998779296875,34.345001220703125,34.349998474121094,583635,0.0,0.0
2024-05-23 09:30:00-04:00,34.040000915527344,34.20000076293945,33.58000183105469,33.915000915527344,450933,0.0,0.0
2024-05-23 10:30:00-04:00,33.90999984741211,34.125,33.834999084472656,34.03499984741211,996745,0.0,0.0
2024-05-23 11:30:00-04:00,34.03300094604492,34.08000183105469,33.915000915527344,33.98500061035156,614776,0.0,0.0
2024-05-23 12:30:00-04:00,33.98500061035156,34.0099983215332,33.89459991455078,33.97999954223633,695174,0.0,0.0
2024-05-23 13:30:00-04:00,33.970001220703125,34.064998626708984,33.8849983215332,34.005001068115234,757378,0.0,0.0
2024-05-23 14:30:00-04:00,34.005001068115234,34.15999984741211,33.95500183105469,34.150001525878906,795250,0.0,0.0
2024-05-23 15:30:00-04:00,34.14500045776367,34.16999816894531,33.92499923706055,34.0,1166497,0.0,0.0
2024-05-24 09:30:00-04:00,34.36000061035156,34.3849983215332,33.974998474121094,34.03499984741211,664360,0.0,0.0
2024-05-24 10:30:00-04:00,34.03499984741211,34.14500045776367,33.900001525878906,34.06990051269531,1015439,0.0,0.0
2024-05-24 11:30:00-04:00,34.06999969482422,34.08000183105469,33.915000915527344,33.97999954223633,269050,0.0,0.0
2024-05-24 12:30:00-04:00,33.9900016784668,34.0099983215332,33.91999816894531,33.959999084472656,382068,0.0,0.0
2024-05-24 13:30:00-04:00,33.95500183105469,34.05979919433594,33.90999984741211,33.90999984741211,842676,0.0,0.0
2024-05-24 14:30:00-04:00,33.90999984741211,33.90999984741211,33.779998779296875,33.845001220703125,682458,0.0,0.0
2024-05-24 15:30:00-04:00,33.84000015258789,33.900001525878906,33.79999923706055,33.900001525878906,538966,0.0,0.0
2024-05-28 09:30:00-04:00,33.7599983215332,34.084999084472656,33.52000045776367,33.95500183105469,445687,0.0,0.0
2024-05-28 10:30:00-04:00,33.95500183105469,33.974998474121094,33.810001373291016,33.915000915527344,247189,0.0,0.0
2024-05-28 11:30:00-04:00,33.90999984741211,33.95000076293945,33.88999938964844,33.915000915527344,342695,0.0,0.0
2024-05-28 12:30:00-04:00,33.90999984741211,33.935001373291016,33.79999923706055,33.84000015258789,458007,0.0,0.0
2024-05-28 13:30:00-04:00,33.84000015258789,33.88990020751953,33.720001220703125,33.72999954223633,342873,0.0,0.0
2024-05-28 14:30:00-04:00,33.73500061035156,33.814998626708984,33.720001220703125,33.79499816894531,398978,0.0,0.0
2024-05-28 15:30:00-04:00,33.79999923706055,33.869998931884766,33.78499984741211,33.86000061035156,649078,0.0,0.0
2024-05-29 09:30:00-04:00,33.70000076293945,33.869998931884766,33.224998474121094,33.36000061035156,596884,0.0,0.0
2024-05-29 10:30:00-04:00,33.35499954223633,33.4900016784668,33.29999923706055,33.474998474121094,362359,0.0,0.0
2024-05-29 11:30:00-04:00,33.47999954223633,33.5099983215332,33.37049865722656,33.415000915527344,339777,0.0,0.0
2024-05-29 12:30:00-04:00,33.41999816894531,33.45750045776367,33.36000061035156,33.38999938964844,428152,0.0,0.0
2024-05-29 13:30:00-04:00,33.3849983215332,33.43000030517578,33.34000015258789,33.36000061035156,546049,0.0,0.0
2024-05-29 14:30:00-04:00,33.36000061035156,33.380001068115234,33.279998779296875,33.334999084472656,482864,0.0,0.0
2024-05-29 15:30:00-04:00,33.33000183105469,33.38999938964844,33.150001525878906,33.189998626708984,812618,0.0,0.0
2024-05-30 09:30:00-04:00,33.0,33.439998626708984,33.0,33.345001220703125,382765,0.0,0.0
2024-05-30 10:30:00-04:00,33.345001220703125,33.55500030517578,33.31999969482422,33.529998779296875,331116,0.0,0.0
2024-05-30 11:30:00-04:00,33.53499984741211,33.57500076293945,33.310001373291016,33.38970184326172,304073,0.0,0.0
2024-05-30 12:30:00-04:00,33.38010025024414,33.52000045776367,33.290000915527344,33.31999969482422,376868,0.0,0.0
2024-05-30 13:30:00-04:00,33.31999969482422,33.349998474121094,33.25120162963867,33.275001525878906,425231,0.0,0.0
2024-05-30 14:30:00-04:00,33.275001525878906,33.439998626708984,33.22999954223633,33.42499923706055,363178,0.0,0.0
2024-05-30 15:30:00-04:00,33.43000030517578,33.5099983215332,33.349998474121094,33.439998626708984,832872,0.0,0.0
2024-05-31 09:30:00-04:00,33.22999954223633,33.75,33.20000076293945,33.66999816894531,701548,0.0,0.0
2024-05-31 10:30:00-04:00,33.66999816894531,33.939998626708984,33.650001525878906,33.779998779296875,882930,0.0,0.0
2024-05-31 11:30:00-04:00,33.779998779296875,33.779998779296875,33.60499954223633,33.724998474121094,459656,0.0,0.0
2024-05-31 12:30:00-04:00,33.724998474121094,33.7400016784668,33.584999084472656,33.70000076293945,258162,0.0,0.0
2024-05-31 13:30:00-04:00,33.70000076293945,33.84000015258789,33.63999938964844,33.79499816894531,278607,0.0,0.0
2024-05-31 14:30:00-04:00,33.79499816894531,33.974998474121094,33.79249954223633,33.935001373291016,350927,0.0,0.0
2024-05-31 15:30:00-04:00,33.93000030517578,34.11000061035156,33.904998779296875,34.099998474121094,1299047,0.0,0.0
2024-06-03 09:30:00-04:00,34.003299713134766,34.2599983215332,33.709999084472656,34.130001068115234,614983,0.0,0.0
2024-06-03 10:30:00-04:00,34.119998931884766,34.25,34.0,34.25,350848,0.0,0.0
2024-06-03 11:30:00-04:00,34.25,34.380001068115234,34.14500045776367,34.209999084472656,346114,0.0,0.0
2024-06-03 12:30:00-04:00,34.20000076293945,34.255001068115234,34.099998474121094,34.255001068115234,253942,0.0,0.0
2024-06-03 13:30:00-04:00,34.255001068115234,34.29999923706055,34.13999938964844,34.14500045776367,611669,0.0,0.0
2024-06-03 14:30:00-04:00,34.14500045776367,34.275001525878906,34.13999938964844,34.150001525878906,495151,0.0,0.0
2024-06-03 15:30:00-04:00,34.150001525878906,34.150001525878906,34.0,34.08000183105469,435716,0.0,0.0
2024-06-04 09:30:00-04:00,34.0,34.15999984741211,33.86000061035156,34.01499938964844,321515,0.0,0.0
2024-06-04 10:30:00-04:00,34.005001068115234,34.01499938964844,33.834999084472656,33.834999084472656,329291,0.0,0.0
2024-06-04 11:30:00-04:00,33.83000183105469,33.834999084472656,33.68000030517578,33.70500183105469,246553,0.0,0.0
2024-06-04 12:30:00-04:00,33.70500183105469,33.78499984741211,33.560001373291016,33.599998474121094,457815,0.0,0.0
2024-06-04 13:30:00-04:00,33.599998474121094,33.619998931884766,33.41999816894531,33.44499969482422,849854,0.0,0.0
2024-06-04 14:30:00-04:00,33.44499969482422,33.5,33.26499938964844,33.310001373291016,852667,0.0,0.0
2024-06-04 15:30:00-04:00,33.314998626708984,33.38999938964844,33.23500061035156,33.290000915527344,1215554,0.0,0.0
2024-06-05 09:30:00-04:00,33.27000045776367,33.27000045776367,32.83000183105469,33.064998626708984,821927,0.0,0.0
2024-06-05 10:30:00-04:00,33.067501068115234,33.06999969482422,32.90999984741211,33.029998779296875,849899,0.0,0.0
2024-06-05 11:30:00-04:00,33.03499984741211,33.15999984741211,32.97999954223633,33.025001525878906,1074058,0.0,0.0
2024-06-05 12:30:00-04:00,33.029998779296875,33.06999969482422,32.970001220703125,32.97999954223633,745985,0.0,0.0
2024-06-05 13:30:00-04:00,32.97999954223633,33.099998474121094,32.810001373291016,32.82500076293945,710496,0.0,0.0
2024-06-05 14:30:00-04:00,32.81999969482422,33.04999923706055,32.7599983215332,32.974998474121094,1015811,0.0,0.0
2024-06-05 15:30:00-04:00,32.974998474121094,33.2400016784668,32.95500183105469,33.189998626708984,1307350,0.0,0.0
2024-06-06 09:30:00-04:00,33.150001525878906,33.45000076293945,32.96039962768555,33.32500076293945,1063181,0.0,0.0
2024-06-06 10:30:00-04:00,33.32500076293945,33.400001525878906,33.244998931884766,33.345001220703125,453651,0.0,0.0
2024-06-06 11:30:00-04:00,33.345001220703125,33.43000030517578,33.20000076293945,33.314998626708984,614185,0.0,0.0
2024-06-06 12:30:00-04:00,33.314998626708984,33.5099983215332,33.27000045776367,33.48440170288086,351305,0.0,0.0
2024-06-06 13:30:00-04:00,33.48500061035156,33.52000045776367,33.38999938964844,33.45500183105469,270961,0.0,0.0
2024-06-06 14:30:00-04:00,33.459999084472656,33.529998779296875,33.38999938964844,33.4900016784668,403589,0.0,0.0
2024-06-06 15:30:00-04:00,33.4900016784668,33.4900016784668,33.18000030517578,33.31999969482422,988849,0.0,0.0
2024-06-07 09:30:00-04:00,33.150001525878906,33.189998626708984,32.87900161743164,33.119998931884766,689732,0.0,0.0
2024-06-07 10:30:00-04:00,33.125,33.40999984741211,33.125,33.334999084472656,555207,0.0,0.0
2024-06-07 11:30:00-04:00,33.334999084472656,33.349998474121094,33.119998931884766,33.125,357371,0.0,0.0
2024-06-07 12:30:00-04:00,33.130001068115234,33.209999084472656,33.02000045776367,33.15999984741211,551617,0.0,0.0
2024-06-07 13:30:00-04:00,33.15999984741211,33.17499923706055,33.04499816894531,33.14500045776367,547604,0.0,0.0
2024-06-07 14:30:00-04:00,33.14500045776367,33.244998931884766,33.064998626708984,33.099998474121094,633814,0.0,0.0
2024-06-07 15:30:00-04:00,33.095001220703125,33.209999084472656,33.07500076293945,33.15999984741211,776564,0.0,0.0
2024-06-10 09:30:00-04:00,33.08000183105469,33.125,32.689998626708984,32.95000076293945,537715,0.0,0.0
2024-06-10 10:30:00-04:00,32.94499969482422,33.04999923706055,32.779998779296875,32.90999984741211,337678,0.0,0.0
2024-06-10 11:30:00-04:00,32.90999984741211,32.94499969482422,32.84000015258789,32.880001068115234,264959,0.0,0.0
2024-06-10 12:30:00-04:00,32.875,32.90570068359375,32.72999954223633,32.845001220703125,222772,0.0,0.0
2024-06-10 13:30:00-04:00,32.84000015258789,33.029998779296875,32.82500076293945,33.025001525878906,320563,0.0,0.0
2024-06-10 14:30:00-04:00,33.029998779296875,33.060001373291016,32.88999938964844,32.98500061035156,859114,0.0,0.0
2024-06-10 15:30:00-04:00,32.98500061035156,33.0099983215332,32.79999923706055,32.88999938964844,789743,0.0,0.0
2024-06-11 09:30:00-04:00,32.84000015258789,32.86000061035156,32.47999954223633,32.630001068115234,349538,0.0,0.0
2024-06-11 10:30:00-04:00,32.6349983215332,32.7400016784668,32.599998474121094,32.709999084472656,263167,0.0,0.0
2024-06-11 11:30:00-04:00,32.70500183105469,32.77000045776367,32.58000183105469,32.65850067138672,570862,0.0,0.0
2024-06-11 12:30:00-04:00,32.65999984741211,32.7400016784668,32.630001068115234,32.67499923706055,286559,0.0,0.0
2024-06-11 13:30:00-04:00,32.67499923706055,32.744998931884766,32.619998931884766,32.71500015258789,437480,0.0,0.0
2024-06-11 14:30:00-04:00,32.720001220703125,32.79999923706055,32.689998626708984,32.689998626708984,534197,0.0,0.0
2024-06-11 15:30:00-04:00,32.685001373291016,32.88990020751953,32.654998779296875,32.880001068115234,1005027,0.0,0.0
2024-06-12 09:30:00-04:00,33.15999984741211,33.34000015258789,32.89500045776367,33.16999816894531,407815,0.0,0.0
2024-06-12 10:30:00-04:00,33.165000915527344,33.33000183105469,33.130001068115234,33.33000183105469,222584,0.0,0.0
2024-06-12 11:30:00-04:00,33.32500076293945,33.439998626708984,33.29999923706055,33.43000030517578,298450,0.0,0.0
2024-06-12 12:30:00-04:00,33.43000030517578,33.52000045776367,33.369998931884766,33.42499923706055,446748,0.0,0.0
2024-06-12 13:30:00-04:00,33.42499923706055,33.470001220703125,33.31999969482422,33.4656982421875,411424,0.0,0.0
2024-06-12 14:30:00-04:00,33.470001220703125,33.494998931884766,33.150001525878906,33.19499969482422,720721,0.0,0.0
2024-06-12 15:30:00-04:00,33.19499969482422,33.34000015258789,33.17250061035156,33.310001373291016,1180379,0.0,0.0
2024-06-13 09:30:00-04:00,33.150001525878906,33.220001220703125,32.91999816894531,32.992401123046875,397221,0.0,0.0
2024-06-13 10:30:00-04:00,33.0,33.04999923706055,32.95000076293945,33.005001068115234,565642,0.0,0.0
2024-06-13 11:30:00-04:00,33.0099983215332,33.08000183105469,32.9900016784668,33.06999969482422,203119,0.0,0.0
2024-06-13 12:30:00-04:00,33.064998626708984,33.27000045776367,33.060001373291016,33.244998931884766,425990,0.0,0.0
2024-06-13 13:30:00-04:00,33.244998931884766,33.43000030517578,33.2400016784668,33.42499923706055,332900,0.0,0.0
2024-06-13 14:30:00-04:00,33.42499923706055,33.790000915527344,33.41999816894531,33.77000045776367,978261,0.0,0.0
2024-06-13 15:30:00-04:00,33.77000045776367,33.779998779296875,33.68000030517578,33.720001220703125,990524,0.0,0.0
2024-06-14 09:30:00-04:00,33.560001373291016,33.649898529052734,33.404998779296875,33.52000045776367,682960,0.0,0.0
2024-06-14 10:30:00-04:00,33.52000045776367,33.63999938964844,33.470001220703125,33.619998931884766,346259,0.0,0.0
2024-06-14 11:30:00-04:00,33.625,33.71500015258789,33.53499984741211,33.685001373291016,265397,0.0,0.0
2024-06-14 12:30:00-04:00,33.68009948730469,33.709999084472656,33.619998931884766,33.630001068115234,240227,0.0,0.0
2024-06-14 13:30:00-04:00,33.619998931884766,33.709999084472656,33.560001373291016,33.709999084472656,305050,0.0,0.0
2024-06-14 14:30:00-04:00,33.70000076293945,33.83000183105469,33.70000076293945,33.779998779296875,486974,0.0,0.0
2024-06-14 15:30:00-04:00,33.779998779296875,33.790000915527344,33.70500183105469,33.7599983215332,817322,0.0,0.0
2024-06-17 09:30:00-04:00,33.5099983215332,33.81999969482422,33.459999084472656,33.63010025024414,633645,0.0,0.0
2024-06-17 10:30:00-04:00,33.630001068115234,33.81999969482422,33.599998474121094,33.79999923706055,281388,0.0,0.0
2024-06-17 11:30:00-04:00,33.79999923706055,33.900001525878906,33.7599983215332,33.900001525878906,239551,0.0,0.0
2024-06-17 12:30:00-04:00,33.89500045776367,34.060001373291016,33.869998931884766,33.94499969482422,462528,0.0,0.0
2024-06-17 13:30:00-04:00,33.95000076293945,34.189998626708984,33.94499969482422,34.17499923706055,346674,0.0,0.0
2024-06-17 14:30:00-04:00,34.18000030517578,34.18000030517578,33.900001525878906,33.994998931884766,470620,0.0,0.0
2024-06-17 15:30:00-04:00,33.994998931884766,34.025001525878906,33.86000061035156,33.90999984741211,937570,0.0,0.0
2024-06-18 09:30:00-04:00,34.0,34.1619987487793,33.915000915527344,33.994998931884766,372955,0.0,0.0
2024-06-18 10:30:00-04:00,33.994998931884766,34.1349983215332,33.93000030517578,33.974998474121094,409701,0.0,0.0
2024-06-18 11:30:00-04:00,33.97999954223633,34.0099983215332,33.70000076293945,33.75,399220,0.0,0.0
2024-06-18 12:30:00-04:00,33.75,33.83000183105469,33.69499969482422,33.79999923706055,419179,0.0,0.0
2024-06-18 13:30:00-04:00,33.79999923706055,33.880001068115234,33.779998779296875,33.82500076293945,346497,0.0,0.0
2024-06-18 14:30:00-04:00,33.82500076293945,33.875,33.665000915527344,33.78499984741211,698832,0.0,0.0
2024-06-18 15:30:00-04:00,33.78499984741211,33.83000183105469,33.689998626708984,33.75,789037,0.0,0.0
2024-06-20 09:30:00-04:00,33.58000183105469,34.099998474121094,33.5,33.970001220703125,423977,0.0,0.0
2024-06-20 10:30:00-04:00,33.95500183105469,34.084999084472656,33.95000076293945,34.064998626708984,334899,0.0,0.0
2024-06-20 11:30:00-04:00,34.060001373291016,34.13249969482422,34.0,34.07500076293945,499855,0.0,0.0
2024-06-20 12:30:00-04:00,34.08000183105469,34.15999984741211,34.029998779296875,34.09000015258789,390480,0.0,0.0
2024-06-20 13:30:00-04:00,34.099998474121094,34.209999084472656,34.06999969482422,34.18000030517578,277709,0.0,0.0
2024-06-20 14:30:00-04:00,34.185001373291016,34.22999954223633,34.06999969482422,34.220001220703125,443338,0.0,0.0
2024-06-20 15:30:00-04:00,34.220001220703125,34.2400016784668,34.0,34.0099983215332,842884,0.0,0.0
2024-06-21 09:30:00-04:00,34.09000015258789,34.2400016784668,33.95000076293945,34.14500045776367,542804,0.0,0.0
2024-06-21 10:30:00-04:00,34.14400100708008,34.16999816894531,34.0,34.040000915527344,243856,0.0,0.0
2024-06-21 11:30:00-04:00,34.04499816894531,34.11000061035156,33.9900016784668,34.099998474121094,234942,0.0,0.0
2024-06-21 12:30:00-04:00,34.095001220703125,34.150001525878906,34.09000015258789,34.125,211986,0.0,0.0
2024-06-21 13:30:00-04:00,34.125,34.25,34.119998931884766,34.23500061035156,274933,0.0,0.0
2024-06-21 14:30:00-04:00,34.2400016784668,34.310001373291016,34.209999084472656,34.2599983215332,347801,0.0,0.0
2024-06-21 15:30:00-04:00,34.255001068115234,34.36000061035156,34.154998779296875,34.279998779296875,925393,0.0,0.0
2024-06-24 09:30:00-04:00,34.27000045776367,34.36600112915039,33.91999816894531,34.10499954223633,444837,0.0,0.0
2024-06-24 10:30:00-04:00,34.10499954223633,34.10499954223633,33.95000076293945,34.005001068115234,281817,0.0,0.0
2024-06-24 11:30:00-04:00,34.005001068115234,34.060001373291016,33.974998474121094,34.005001068115234,260297,0.0,0.0
2024-06-24 12:30:00-04:00,34.005001068115234,34.04999923706055,33.92499923706055,34.03499984741211,430294,0.0,0.0
2024-06-24 13:30:00-04:00,34.03499984741211,34.19499969482422,34.01499938964844,34.18000030517578,182921,0.0,0.0
2024-06-24 14:30:00-04:00,34.185001373291016,34.2599983215332,34.04999923706055,34.06999969482422,576388,0.0,0.0
2024-06-24 15:30:00-04:00,34.060001373291016,34.2400016784668,34.040000915527344,34.189998626708984,725106,0.0,0.0
2024-06-25 09:30:00-04:00,34.08000183105469,34.220001220703125,34.0099983215332,34.029998779296875,324605,0.0,0.0
2024-06-25 10:30:00-04:00,34.03499984741211,34.119998931884766,33.970001220703125,34.084999084472656,333965,0.0,0.0
2024-06-25 11:30:00-04:00,34.07500076293945,34.11000061035156,33.834999084472656,33.880001068115234,315283,0.0,0.0
2024-06-25 12:30:00-04:00,33.880001068115234,34.0099983215332,33.849998474121094,33.95500183105469,318973,0.0,0.0
2024-06-25 13:30:00-04:00,33.95000076293945,33.96500015258789,33.900001525878906,33.939998626708984,287521,0.0,0.0
2024-06-25 14:30:00-04:00,33.94049835205078,34.0098991394043,33.89500045776367,33.994998931884766,372361,0.0,0.0
2024-06-25 15:30:00-04:00,33.994998931884766,34.04499816894531,33.94499969482422,33.959999084472656,744050,0.0,0.0
2024-06-26 09:30:00-04:00,33.65999984741211,33.78499984741211,33.5099983215332,33.56999969482422,378226,0.0,0.0
2024-06-26 10:30:00-04:00,33.56999969482422,33.65999984741211,33.470001220703125,33.53499984741211,453265,0.0,0.0
2024-06-26 11:30:00-04:00,33.53499984741211,33.654998779296875,33.52000045776367,33.6150016784668,187358,0.0,0.0
2024-06-26 12:30:00-04:00,33.6150016784668,33.880001068115234,33.58000183105469,33.834999084472656,255879,0.0,0.0
2024-06-26 13:30:00-04:00,33.834999084472656,33.88999938964844,33.779998779296875,33.78499984741211,251064,0.0,0.0
2024-06-26 14:30:00-04:00,33.78499984741211,33.880001068115234,33.72999954223633,33.849998474121094,396776,0.0,0.0
2024-06-26 15:30:00-04:00,33.845001220703125,33.970001220703125,33.84000015258789,33.900001525878906,801959,0.0,0.0
2024-06-27 09:30:00-04:00,33.900001525878906,33.900001525878906,33.470001220703125,33.6349983215332,380189,0.0,0.0
2024-06-27 10:30:00-04:00,33.6349983215332,33.654998779296875,33.540000915527344,33.55500030517578,282061,0.0,0.0
2024-06-27 11:30:00-04:00,33.55500030517578,33.625,33.5,33.51499938964844,205541,0.0,0.0
2024-06-27 12:30:00-04:00,33.5099983215332,33.53499984741211,33.44499969482422,33.519901275634766,280771,0.0,0.0
2024-06-27 13:30:00-04:00,33.51499938964844,33.52000045776367,33.44499969482422,33.47999954223633,360428,0.0,0.0
2024-06-27 14:30:00-04:00,33.48500061035156,33.5099983215332,33.470001220703125,33.505001068115234,389102,0.0,0.0
2024-06-27 15:30:00-04:00,33.505001068115234,33.540000915527344,33.42499923706055,33.5099983215332,713039,0.0,0.0
2024-06-28 09:30:00-04:00,33.65999984741211,33.752498626708984,33.33000183105469,33.44499969482422,410788,0.0,0.0
2024-06-28 10:30:00-04:00,33.45000076293945,33.6150016784668,33.44499969482422,33.560001373291016,224195,0.0,0.0
2024-06-28 11:30:00-04:00,33.560001373291016,33.58000183105469,33.47999954223633,33.51110076904297,253511,0.0,0.0
2024-06-28 12:30:00-04:00,33.51499938964844,33.630001068115234,33.51499938964844,33.53499984741211,530303,0.0,0.0
2024-06-28 13:30:00-04:00,33.53499984741211,33.599998474121094,33.099998474121094,33.36000061035156,1156979,0.0,0.0
2024-06-28 14:30:00-04:00,33.369998931884766,33.380001068115234,33.11000061035156,33.2599983215332,790724,0.0,0.0
2024-06-28 15:30:00-04:00,33.255001068115234,33.529998779296875,33.209999084472656,33.45000076293945,1601789,0.0,0.0
2024-07-01 09:30:00-04:00,33.5,34.18000030517578,33.5,33.85499954223633,626199,0.0,0.0
2024-07-01 10:30:00-04:00,33.86000061035156,33.875,33.61000061035156,33.630001068115234,516550,0.0,0.0
2024-07-01 11:30:00-04:00,33.6349983215332,33.73500061035156,33.29999923706055,33.30500030517578,412066,0.0,0.0
2024-07-01 12:30:00-04:00,33.29999923706055,33.3849983215332,33.2599983215332,33.334999084472656,463441,0.0,0.0
2024-07-01 13:30:00-04:00,33.334999084472656,33.375,33.255001068115234,33.290000915527344,465000,0.0,0.0
2024-07-01 14:30:00-04:00,33.27410125732422,33.36899948120117,33.06999969482422,33.10100173950195,703525,0.0,0.0
2024-07-01 15:30:00-04:00,33.10499954223633,33.275001525878906,33.060001373291016,33.060001373291016,771849,0.0,0.0
2024-07-02 09:30:00-04:00,33.099998474121094,33.279998779296875,33.04999923706055,33.095001220703125,238264,0.0,0.0
2024-07-02 10:30:00-04:00,33.09000015258789,33.09000015258789,32.91999816894531,32.95500183105469,180518,0.0,0.0
2024-07-02 11:30:00-04:00,32.959999084472656,32.98500061035156,32.86000061035156,32.87620162963867,228108,0.0,0.0
2024-07-02 12:30:00-04:00,32.875,32.90999984741211,32.83000183105469,32.90589904785156,227974,0.0,0.0
2024-07-02 13:30:00-04:00,32.904998779296875,32.91999816894531,32.73500061035156,32.744998931884766,1033402,0.0,0.0
2024-07-02 14:30:00-04:00,32.75,32.915000915527344,32.689998626708984,32.904998779296875,712497,0.0,0.0
2024-07-02 15:30:00-04:00,32.904998779296875,32.95000076293945,32.849998474121094,32.849998474121094,600317,0.0,0.0
2024-07-03 09:30:00-04:00,32.900001525878906,32.91999816894531,32.72999954223633,32.8849983215332,262077,0.0,0.0
2024-07-03 10:30:00-04:00,32.88999938964844,33.07500076293945,32.880001068115234,32.994998931884766,372911,0.0,0.0
2024-07-03 11:30:00-04:00,32.9900016784668,33.119998931884766,32.9900016784668,33.07500076293945,339519,0.0,0.0
2024-07-05 09:30:00-04:00,33.279998779296875,33.290000915527344,32.79499816894531,32.93000030517578,385586,0.0,0.0
2024-07-05 10:30:00-04:00,32.91590118408203,32.959999084472656,32.83000183105469,32.915000915527344,214851,0.0,0.0
2024-07-05 11:30:00-04:00,32.90999984741211,33.02000045776367,32.85499954223633,32.904998779296875,285764,0.0,0.0
2024-07-05 12:30:00-04:00,32.900001525878906,32.975101470947266,32.869998931884766,32.8849983215332,225246,0.0,0.0
2024-07-05 13:30:00-04:00,32.8849983215332,35.20000076293945,32.86000061035156,34.33000183105469,3589901,0.0,0.0
2024-07-05 14:30:00-04:00,34.34000015258789,34.779998779296875,34.125,34.65999984741211,2961542,0.0,0.0
2024-07-05 15:30:00-04:00,34.66999816894531,35.04999923706055,34.56999969482422,34.90999984741211,2754860,0.0,0.0
2024-07-08 09:30:00-04:00,34.77000045776367,34.869998931884766,33.45000076293945,33.875,1151053,0.0,0.0
2024-07-08 10:30:00-04:00,33.875,34.17499923706055,33.650001525878906,33.70500183105469,897009,0.0,0.0
2024-07-08 11:30:00-04:00,33.70000076293945,34.09000015258789,33.665000915527344,34.05500030517578,772675,0.0,0.0
2024-07-08 12:30:00-04:00,34.05500030517578,34.10499954223633,33.78499984741211,33.8650016784668,786875,0.0,0.0
2024-07-08 13:30:00-04:00,33.869998931884766,33.95000076293945,33.70500183105469,33.81999969482422,420345,0.0,0.0
2024-07-08 14:30:00-04:00,33.81999969482422,33.875,33.724998474121094,33.73500061035156,729693,0.0,0.0
2024-07-08 15:30:00-04:00,33.72999954223633,33.72999954223633,33.40999984741211,33.61000061035156,1319956,0.0,0.0
2024-07-09 09:30:00-04:00,33.790000915527344,33.88999938964844,33.380001068115234,33.775001525878906,611146,0.0,0.0
2024-07-09 10:30:00-04:00,33.77000045776367,33.880001068115234,33.66999816894531,33.72999954223633,729803,0.0,0.0
2024-07-09 11:30:00-04:00,33.72999954223633,33.75,33.66999816894531,33.709999084472656,320706,0.0,0.0
2024-07-09 12:30:00-04:00,33.720001220703125,33.95000076293945,33.709999084472656,33.904998779296875,247721,0.0,0.0
2024-07-09 13:30:00-04:00,33.900001525878906,33.93000030517578,33.685001373291016,33.685001373291016,476914,0.0,0.0
2024-07-09 14:30:00-04:00,33.68000030517578,33.79499816894531,33.5,33.790000915527344,526915,0.0,0.0
2024-07-09 15:30:00-04:00,33.790000915527344,34.11000061035156,33.790000915527344,34.0099983215332,1079499,0.0,0.0
2024-07-10 09:30:00-04:00,33.900001525878906,34.06999969482422,33.66999816894531,33.79999923706055,272221,0.0,0.0
2024-07-10 10:30:00-04:00,33.80500030517578,34.01499938964844,33.76499938964844,33.95000076293945,264070,0.0,0.0
2024-07-10 11:30:00-04:00,33.95000076293945,34.084999084472656,33.849998474121094,33.96500015258789,170061,0.0,0.0
2024-07-10 12:30:00-04:00,33.96500015258789,34.20000076293945,33.951698303222656,34.130001068115234,187190,0.0,0.0
2024-07-10 13:30:00-04:00,34.119998931884766,34.119998931884766,33.974998474121094,33.994998931884766,194454,0.0,0.0
2024-07-10 14:30:00-04:00,33.994998931884766,34.099998474121094,33.974998474121094,34.05500030517578,210227,0.0,0.0
2024-07-10 15:30:00-04:00,34.060001373291016,34.29999923706055,33.97999954223633,34.2400016784668,794863,0.0,0.0
2024-07-11 09:30:00-04:00,34.47999954223633,35.20000076293945,34.47999954223633,35.04999923706055,467081,0.0,0.0
2024-07-11 10:30:00-04:00,35.040000915527344,35.150001525878906,34.88999938964844,34.994998931884766,398136,0.0,0.0
2024-07-11 11:30:00-04:00,34.9900016784668,35.310001373291016,34.939998626708984,35.224998474121094,430909,0.0,0.0
2024-07-11 12:30:00-04:00,35.224998474121094,35.32500076293945,35.185001373291016,35.29499816894531,247217,0.0,0.0
2024-07-11 13:30:00-04:00,35.29499816894531,35.35499954223633,35.2599983215332,35.28499984741211,269063,0.0,0.0
2024-07-11 14:30:00-04:00,35.28499984741211,35.36000061035156,35.15999984741211,35.33000183105469,434674,0.0,0.0
2024-07-11 15:30:00-04:00,35.334999084472656,35.38999938964844,35.209999084472656,35.209999084472656,916666,0.0,0.0
2024-07-12 09:30:00-04:00,35.2599983215332,35.540000915527344,35.02000045776367,35.439998626708984,511590,0.0,0.0
2024-07-12 10:30:00-04:00,35.439998626708984,35.45000076293945,35.2400016784668,35.380001068115234,305027,0.0,0.0
2024-07-12 11:30:00-04:00,35.380001068115234,35.42900085449219,35.33000183105469,35.36000061035156,244152,0.0,0.0
2024-07-12 12:30:00-04:00,35.36000061035156,35.459999084472656,35.31999969482422,35.40999984741211,329971,0.0,0.0
2024-07-12 13:30:00-04:00,35.404998779296875,35.53499984741211,35.3849983215332,35.40999984741211,610073,0.0,0.0
2024-07-12 14:30:00-04:00,35.400001525878906,35.45500183105469,35.381099700927734,35.404998779296875,316749,0.0,0.0
2024-07-12 15:30:00-04:00,35.400001525878906,35.43000030517578,35.29999923706055,35.32500076293945,608529,0.0,0.0
2024-07-15 09:30:00-04:00,34.20000076293945,34.89500045776367,34.04999923706055,34.48500061035156,649758,0.0,0.0
2024-07-15 10:30:00-04:00,34.48500061035156,34.54499816894531,34.1349983215332,34.224998474121094,306584,0.0,0.0
2024-07-15 11:30:00-04:00,34.224998474121094,34.369998931884766,34.20090103149414,34.255001068115234,263096,0.0,0.0
2024-07-15 12:30:00-04:00,34.25,34.310001373291016,34.06999969482422,34.1150016784668,353957,0.0,0.0
2024-07-15 13:30:00-04:00,34.11000061035156,34.19499969482422,34.064998626708984,34.1349983215332,273394,0.0,0.0
2024-07-15 14:30:00-04:00,34.1349983215332,34.13999938964844,34.040000915527344,34.05500030517578,352098,0.0,0.0
2024-07-15 15:30:00-04:00,34.05500030517578,34.130001068115234,33.935001373291016,33.970001220703125,789472,0.0,0.0
2024-07-16 09:30:00-04:00,34.099998474121094,34.61000061035156,33.880001068115234,34.5,321156,0.0,0.0
2024-07-16 10:30:00-04:00,34.5099983215332,34.625,34.35499954223633,34.505001068115234,361780,0.0,0.0
2024-07-16 11:30:00-04:00,34.505001068115234,34.650001525878906,34.43000030517578,34.630001068115234,250410,0.0,0.0
2024-07-16 12:30:00-04:00,34.6349983215332,34.685001373291016,34.505001068115234,34.685001373291016,205407,0.0,0.0
2024-07-16 13:30:00-04:00,34.685001373291016,34.974998474121094,34.685001373291016,34.915000915527344,700830,0.0,0.0
2024-07-16 14:30:00-04:00,34.915000915527344,35.119998931884766,34.900001525878906,35.10499954223633,413738,0.0,0.0
2024-07-16 15:30:00-04:00,35.10499954223633,35.56999969482422,35.040000915527344,35.52000045776367,3211300,0.0,0.0
2024-07-17 09:30:00-04:00,35.619998931884766,36.369998931884766,35.459999084472656,36.08000183105469,571947,0.0,0.0
2024-07-17 10:30:00-04:00,36.07500076293945,36.17499923706055,35.689998626708984,35.69499969482422,341988,0.0,0.0
2024-07-17 11:30:00-04:00,35.689998626708984,35.779998779296875,35.57500076293945,35.685001373291016,1157076,0.0,0.0
2024-07-17 12:30:00-04:00,35.685001373291016,35.779998779296875,35.599998474121094,35.69499969482422,425190,0.0,0.0
2024-07-17 13:30:00-04:00,35.689998626708984,35.73500061035156,35.595001220703125,35.720001220703125,744785,0.0,0.0
2024-07-17 14:30:00-04:00,35.720001220703125,35.79999923706055,35.66999816894531,35.70500183105469,525037,0.0,0.0
2024-07-17 15:30:00-04:00,35.709999084472656,35.76499938964844,35.56999969482422,35.689998626708984,1154545,0.0,0.0
2024-07-18 09:30:00-04:00,35.52000045776367,36.18000030517578,35.4900016784668,35.97999954223633,294093,0.0,0.0
2024-07-18 10:30:00-04:00,35.9900016784668,36.31999969482422,35.900001525878906,36.290000915527344,402499,0.0,0.0
2024-07-18 11:30:00-04:00,36.28499984741211,36.369998931884766,36.084999084472656,36.130001068115234,554152,0.0,0.0
2024-07-18 12:30:00-04:00,36.1349983215332,36.189998626708984,35.67499923706055,35.70000076293945,531681,0.0,0.0
2024-07-18 13:30:00-04:00,35.70000076293945,35.86000061035156,35.595001220703125,35.66999816894531,430033,0.0,0.0
2024-07-18 14:30:00-04:00,35.665000915527344,35.77000045776367,35.595001220703125,35.599998474121094,418156,0.0,0.0
2024-07-18 15:30:00-04:00,35.599998474121094,35.70500183105469,35.47999954223633,35.650001525878906,1973276,0.0,0.0
2024-07-19 09:30:00-04:00,35.869998931884766,35.869998931884766,35.165000915527344,35.244998931884766,629155,0.0,0.0
2024-07-19 10:30:00-04:00,35.25,35.375,35.18000030517578,35.290000915527344,422609,0.0,0.0
2024-07-19 11:30:00-04:00,35.290000915527344,35.45000076293945,35.255001068115234,35.34000015258789,336454,0.0,0.0
2024-07-19 12:30:00-04:00,35.345001220703125,35.52000045776367,35.34000015258789,35.46500015258789,433919,0.0,0.0
2024-07-19 13:30:00-04:00,35.46500015258789,35.5099983215332,35.35499954223633,35.3650016784668,382883,0.0,0.0
2024-07-19 14:30:00-04:00,35.36750030517578,35.36750030517578,35.244998931884766,35.255001068115234,432115,0.0,0.0
2024-07-19 15:30:00-04:00,35.255001068115234,35.45000076293945,35.25,35.34000015258789,998161,0.0,0.0
