Datetime,Open,High,Low,Close,Volume,Dividends,Stock Splits,Capital Gains
2022-07-20 09:30:00-04:00,29.770000457763672,29.770000457763672,29.649999618530273,29.75,231885,0.0,0.0,0.0
2022-07-20 10:30:00-04:00,29.729999542236328,29.809999465942383,29.625,29.649999618530273,233486,0.0,0.0,0.0
2022-07-20 11:30:00-04:00,29.649999618530273,29.729999542236328,29.6200008392334,29.674999237060547,242116,0.0,0.0,0.0
2022-07-20 12:30:00-04:00,29.68000030517578,29.700000762939453,29.479999542236328,29.545000076293945,1307581,0.0,0.0,0.0
2022-07-20 13:30:00-04:00,29.530000686645508,29.56999969482422,29.459999084472656,29.56999969482422,344237,0.0,0.0,0.0
2022-07-20 14:30:00-04:00,29.575000762939453,29.62689971923828,29.559999465942383,29.610000610351562,314881,0.0,0.0,0.0
2022-07-20 15:30:00-04:00,29.610000610351562,29.6200008392334,29.559999465942383,29.575000762939453,476689,0.0,0.0,0.0
2022-07-21 09:30:00-04:00,29.25,29.5,29.200000762939453,29.34000015258789,384974,0.0,0.0,0.0
2022-07-21 10:30:00-04:00,29.34000015258789,29.579999923706055,29.34000015258789,29.530000686645508,148777,0.0,0.0,0.0
2022-07-21 11:30:00-04:00,29.549999237060547,29.665000915527344,29.549999237060547,29.665000915527344,146199,0.0,0.0,0.0
2022-07-21 12:30:00-04:00,29.670000076293945,29.674999237060547,29.600000381469727,29.610000610351562,641892,0.0,0.0,0.0
2022-07-21 13:30:00-04:00,29.600000381469727,29.610000610351562,29.530000686645508,29.59000015258789,291472,0.0,0.0,0.0
2022-07-21 14:30:00-04:00,29.59000015258789,29.6299991607666,29.559999465942383,29.6200008392334,98174,0.0,0.0,0.0
2022-07-21 15:30:00-04:00,29.627500534057617,29.760000228881836,29.610000610351562,29.719999313354492,241253,0.0,0.0,0.0
2022-07-22 09:30:00-04:00,29.780000686645508,29.950000762939453,29.760000228881836,29.84000015258789,342840,0.0,0.0,0.0
2022-07-22 10:30:00-04:00,29.84000015258789,29.899999618530273,29.80500030517578,29.829999923706055,186041,0.0,0.0,0.0
2022-07-22 11:30:00-04:00,29.84000015258789,29.84000015258789,29.700000762939453,29.739900588989258,192021,0.0,0.0,0.0
2022-07-22 12:30:00-04:00,29.739999771118164,29.760000228881836,29.6299991607666,29.649999618530273,308777,0.0,0.0,0.0
2022-07-22 13:30:00-04:00,29.645000457763672,29.661399841308594,29.5049991607666,29.540000915527344,390691,0.0,0.0,0.0
2022-07-22 14:30:00-04:00,29.549999237060547,29.56999969482422,29.4950008392334,29.565000534057617,231987,0.0,0.0,0.0
2022-07-22 15:30:00-04:00,29.565000534057617,29.635000228881836,29.540000915527344,29.635000228881836,454974,0.0,0.0,0.0
2022-07-25 09:30:00-04:00,30.0,30.049999237060547,29.920000076293945,29.959999084472656,550292,0.0,0.0,0.0
2022-07-25 10:30:00-04:00,29.959999084472656,29.969999313354492,29.860000610351562,29.96500015258789,190386,0.0,0.0,0.0
2022-07-25 11:30:00-04:00,29.969999313354492,30.030000686645508,29.934999465942383,29.979999542236328,253657,0.0,0.0,0.0
2022-07-25 12:30:00-04:00,29.979999542236328,30.059999465942383,29.979999542236328,30.040000915527344,745721,0.0,0.0,0.0
2022-07-25 13:30:00-04:00,30.039600372314453,30.040000915527344,29.989999771118164,30.014999389648438,192360,0.0,0.0,0.0
2022-07-25 14:30:00-04:00,30.010000228881836,30.03499984741211,29.959999084472656,29.989999771118164,203380,0.0,0.0,0.0
2022-07-25 15:30:00-04:00,29.989999771118164,30.06999969482422,29.985000610351562,30.065000534057617,384079,0.0,0.0,0.0
2022-07-26 09:30:00-04:00,29.989999771118164,30.0,29.8799991607666,29.954999923706055,322111,0.0,0.0,0.0
2022-07-26 10:30:00-04:00,29.959999084472656,30.05500030517578,29.950000762939453,29.959999084472656,206245,0.0,0.0,0.0
2022-07-26 11:30:00-04:00,29.954999923706055,29.969999313354492,29.8799991607666,29.94499969482422,313058,0.0,0.0,0.0
2022-07-26 12:30:00-04:00,29.950000762939453,30.010000228881836,29.899999618530273,30.0,929291,0.0,0.0,0.0
2022-07-26 13:30:00-04:00,30.0,30.010000228881836,29.920000076293945,29.920000076293945,267128,0.0,0.0,0.0
2022-07-26 14:30:00-04:00,29.924999237060547,29.940000534057617,29.889999389648438,29.93000030517578,0,0.0,0.0,0.0
2022-07-26 15:30:00-04:00,29.93000030517578,29.950000762939453,29.8799991607666,29.8799991607666,3040364,0.0,0.0,0.0
2022-07-27 09:30:00-04:00,30.200000762939453,30.21500015258789,30.1200008392334,30.139999389648438,379990,0.0,0.0,0.0
2022-07-27 10:30:00-04:00,30.1299991607666,30.190000534057617,30.104999542236328,30.174999237060547,409652,0.0,0.0,0.0
2022-07-27 11:30:00-04:00,30.15999984741211,30.170000076293945,30.1200008392334,30.135000228881836,183672,0.0,0.0,0.0
2022-07-27 12:30:00-04:00,30.135000228881836,30.15999984741211,30.1200008392334,30.125,148493,0.0,0.0,0.0
2022-07-27 13:30:00-04:00,30.125,30.25,30.114999771118164,30.209999084472656,269154,0.0,0.0,0.0
2022-07-27 14:30:00-04:00,30.200000762939453,30.610000610351562,30.100000381469727,30.610000610351562,914047,0.0,0.0,0.0
2022-07-27 15:30:00-04:00,30.610000610351562,30.635499954223633,30.530000686645508,30.594999313354492,2166927,0.0,0.0,0.0
2022-07-28 09:30:00-04:00,30.399999618530273,30.43000030517578,30.15999984741211,30.19499969482422,447994,0.0,0.0,0.0
2022-07-28 10:30:00-04:00,30.200000762939453,30.344999313354492,30.170000076293945,30.329999923706055,246278,0.0,0.0,0.0
2022-07-28 11:30:00-04:00,30.34000015258789,30.3700008392334,30.309999465942383,30.354999542236328,178033,0.0,0.0,0.0
2022-07-28 12:30:00-04:00,30.354999542236328,30.424999237060547,30.31999969482422,30.415000915527344,195562,0.0,0.0,0.0
2022-07-28 13:30:00-04:00,30.40999984741211,30.45989990234375,30.40999984741211,30.43000030517578,105803,0.0,0.0,0.0
2022-07-28 14:30:00-04:00,30.43000030517578,30.540000915527344,30.420000076293945,30.53499984741211,112709,0.0,0.0,0.0
2022-07-28 15:30:00-04:00,30.530099868774414,30.559999465942383,30.485000610351562,30.5,1050681,0.0,0.0,0.0
2022-07-29 09:30:00-04:00,30.489999771118164,30.65999984741211,30.450000762939453,30.639999389648438,165319,0.0,0.0,0.0
2022-07-29 10:30:00-04:00,30.639999389648438,30.81999969482422,30.600000381469727,30.790000915527344,762874,0.0,0.0,0.0
2022-07-29 11:30:00-04:00,30.790000915527344,30.829999923706055,30.735000610351562,30.739999771118164,1272907,0.0,0.0,0.0
2022-07-29 12:30:00-04:00,30.735000610351562,30.780000686645508,30.704999923706055,30.7450008392334,283664,0.0,0.0,0.0
2022-07-29 13:30:00-04:00,30.739999771118164,30.78499984741211,30.735000610351562,30.780000686645508,89704,0.0,0.0,0.0
2022-07-29 14:30:00-04:00,30.780000686645508,30.85759925842285,30.764999389648438,30.825000762939453,159925,0.0,0.0,0.0
2022-07-29 15:30:00-04:00,30.825000762939453,30.915000915527344,30.825000762939453,30.905000686645508,561736,0.0,0.0,0.0
2022-08-01 09:30:00-04:00,30.989999771118164,31.049999237060547,30.920000076293945,30.940000534057617,302998,0.0,0.0,0.0
2022-08-01 10:30:00-04:00,30.940000534057617,31.1299991607666,30.934999465942383,31.049999237060547,1084655,0.0,0.0,0.0
2022-08-01 11:30:00-04:00,31.05500030517578,31.059999465942383,30.954999923706055,30.969999313354492,164900,0.0,0.0,0.0
2022-08-01 12:30:00-04:00,30.969999313354492,30.979999542236328,30.875,30.8799991607666,816100,0.0,0.0,0.0
2022-08-01 13:30:00-04:00,30.8799991607666,30.899999618530273,30.829999923706055,30.889999389648438,230802,0.0,0.0,0.0
2022-08-01 14:30:00-04:00,30.889999389648438,30.954999923706055,30.850000381469727,30.90999984741211,193368,0.0,0.0,0.0
2022-08-01 15:30:00-04:00,30.900100708007812,30.940000534057617,30.860000610351562,30.905000686645508,628693,0.0,0.0,0.0
2022-08-02 09:30:00-04:00,30.93000030517578,30.985000610351562,30.709999084472656,30.850000381469727,600507,0.0,0.0,0.0
2022-08-02 10:30:00-04:00,30.854999542236328,30.920000076293945,30.770000457763672,30.895000457763672,455880,0.0,0.0,0.0
2022-08-02 11:30:00-04:00,30.899999618530273,30.940000534057617,30.825000762939453,30.934999465942383,217272,0.0,0.0,0.0
2022-08-02 12:30:00-04:00,30.940000534057617,30.950000762939453,30.78499984741211,30.790000915527344,180602,0.0,0.0,0.0
2022-08-02 13:30:00-04:00,30.790000915527344,30.795000076293945,30.700000762939453,30.774999618530273,213949,0.0,0.0,0.0
2022-08-02 14:30:00-04:00,30.774999618530273,30.790000915527344,30.674999237060547,30.711000442504883,200329,0.0,0.0,0.0
2022-08-02 15:30:00-04:00,30.709999084472656,30.7450008392334,30.6200008392334,30.6299991607666,255312,0.0,0.0,0.0
2022-08-03 09:30:00-04:00,30.790000915527344,30.80500030517578,30.610000610351562,30.670000076293945,455461,0.0,0.0,0.0
2022-08-03 10:30:00-04:00,30.665000915527344,30.704999923706055,30.600000381469727,30.690000534057617,223667,0.0,0.0,0.0
2022-08-03 11:30:00-04:00,30.690000534057617,30.799999237060547,30.690000534057617,30.78499984741211,181798,0.0,0.0,0.0
2022-08-03 12:30:00-04:00,30.780000686645508,30.809999465942383,30.77750015258789,30.809999465942383,134363,0.0,0.0,0.0
2022-08-03 13:30:00-04:00,30.81999969482422,30.82990074157715,30.795000076293945,30.815000534057617,679795,0.0,0.0,0.0
2022-08-03 14:30:00-04:00,30.815000534057617,30.81999969482422,30.7549991607666,30.799999237060547,179723,0.0,0.0,0.0
2022-08-03 15:30:00-04:00,30.807899475097656,30.8700008392334,30.799999237060547,30.809999465942383,242836,0.0,0.0,0.0
2022-08-04 09:30:00-04:00,30.739999771118164,30.78499984741211,30.684999465942383,30.700000762939453,342281,0.0,0.0,0.0
2022-08-04 10:30:00-04:00,30.700000762939453,30.795000076293945,30.665000915527344,30.795000076293945,204567,0.0,0.0,0.0
2022-08-04 11:30:00-04:00,30.799999237060547,30.81999969482422,30.729999542236328,30.809999465942383,161394,0.0,0.0,0.0
2022-08-04 12:30:00-04:00,30.799999237060547,30.809999465942383,30.739999771118164,30.790000915527344,244654,0.0,0.0,0.0
2022-08-04 13:30:00-04:00,30.790000915527344,30.815000534057617,30.780000686645508,30.809999465942383,51086,0.0,0.0,0.0
2022-08-04 14:30:00-04:00,30.81999969482422,30.84000015258789,30.760000228881836,30.809999465942383,188423,0.0,0.0,0.0
2022-08-04 15:30:00-04:00,30.815000534057617,30.81999969482422,30.764999389648438,30.809999465942383,512768,0.0,0.0,0.0
2022-08-05 09:30:00-04:00,30.40999984741211,30.670000076293945,30.399999618530273,30.649999618530273,308366,0.0,0.0,0.0
2022-08-05 10:30:00-04:00,30.649999618530273,30.670000076293945,30.5,30.5,266795,0.0,0.0,0.0
2022-08-05 11:30:00-04:00,30.5,30.594999313354492,30.5,30.59000015258789,160842,0.0,0.0,0.0
2022-08-05 12:30:00-04:00,30.59000015258789,30.700000762939453,30.56999969482422,30.649999618530273,122218,0.0,0.0,0.0
2022-08-05 13:30:00-04:00,30.65999984741211,30.68000030517578,30.599899291992188,30.599899291992188,134812,0.0,0.0,0.0
2022-08-05 14:30:00-04:00,30.59000015258789,30.649999618530273,30.584999084472656,30.649999618530273,188587,0.0,0.0,0.0
2022-08-05 15:30:00-04:00,30.645000457763672,30.700000762939453,30.6299991607666,30.639999389648438,458520,0.0,0.0,0.0
2022-08-08 09:30:00-04:00,30.969999313354492,31.016599655151367,30.941999435424805,30.959999084472656,289853,0.0,0.0,0.0
2022-08-08 10:30:00-04:00,30.969999313354492,30.969999313354492,30.875,30.895000457763672,549853,0.0,0.0,0.0
2022-08-08 11:30:00-04:00,30.889999389648438,30.90999984741211,30.719999313354492,30.735000610351562,185633,0.0,0.0,0.0
2022-08-08 12:30:00-04:00,30.729999542236328,30.78499984741211,30.709999084472656,30.739999771118164,108211,0.0,0.0,0.0
2022-08-08 13:30:00-04:00,30.739999771118164,30.790000915527344,30.719999313354492,30.730100631713867,94717,0.0,0.0,0.0
2022-08-08 14:30:00-04:00,30.739999771118164,30.75,30.684999465942383,30.73900032043457,149106,0.0,0.0,0.0
2022-08-08 15:30:00-04:00,30.729999542236328,30.764999389648438,30.709999084472656,30.739999771118164,251243,0.0,0.0,0.0
2022-08-09 09:30:00-04:00,30.8799991607666,30.959999084472656,30.8799991607666,30.920700073242188,213960,0.0,0.0,0.0
2022-08-09 10:30:00-04:00,30.93000030517578,30.959999084472656,30.829999923706055,30.864999771118164,910149,0.0,0.0,0.0
2022-08-09 11:30:00-04:00,30.864999771118164,30.899900436401367,30.825000762939453,30.829999923706055,0,0.0,0.0,0.0
2022-08-09 12:30:00-04:00,30.829999923706055,30.844999313354492,30.795000076293945,30.829999923706055,1553520,0.0,0.0,0.0
2022-08-09 13:30:00-04:00,30.829999923706055,30.84000015258789,30.739999771118164,30.75,330346,0.0,0.0,0.0
2022-08-09 14:30:00-04:00,30.739999771118164,30.799999237060547,30.735000610351562,30.78499984741211,1325765,0.0,0.0,0.0
2022-08-09 15:30:00-04:00,30.780000686645508,30.795000076293945,30.75,30.770000457763672,257446,0.0,0.0,0.0
2022-08-10 09:30:00-04:00,31.219999313354492,31.25,31.104999542236328,31.229999542236328,497211,0.0,0.0,0.0
2022-08-10 10:30:00-04:00,31.235000610351562,31.364999771118164,31.229999542236328,31.364999771118164,184997,0.0,0.0,0.0
2022-08-10 11:30:00-04:00,31.360000610351562,31.395000457763672,31.270000457763672,31.290000915527344,293094,0.0,0.0,0.0
2022-08-10 12:30:00-04:00,31.299999237060547,31.31999969482422,31.264999389648438,31.280000686645508,218256,0.0,0.0,0.0
2022-08-10 13:30:00-04:00,31.290000915527344,31.334999084472656,31.239999771118164,31.239999771118164,151542,0.0,0.0,0.0
2022-08-10 14:30:00-04:00,31.239999771118164,31.260000228881836,31.18000030517578,31.219999313354492,211385,0.0,0.0,0.0
2022-08-10 15:30:00-04:00,31.219999313354492,31.27829933166504,31.209999084472656,31.264999389648438,420351,0.0,0.0,0.0
2022-08-11 09:30:00-04:00,31.190000534057617,31.219999313354492,31.1200008392334,31.204999923706055,263949,0.0,0.0,0.0
2022-08-11 10:30:00-04:00,31.204999923706055,31.25,31.065000534057617,31.135000228881836,340945,0.0,0.0,0.0
2022-08-11 11:30:00-04:00,31.1299991607666,31.190000534057617,31.104999542236328,31.18000030517578,1581578,0.0,0.0,0.0
2022-08-11 12:30:00-04:00,31.174999237060547,31.229999542236328,31.17009925842285,31.190000534057617,439612,0.0,0.0,0.0
2022-08-11 13:30:00-04:00,31.19499969482422,31.19499969482422,31.100000381469727,31.1299991607666,1625351,0.0,0.0,0.0
2022-08-11 14:30:00-04:00,31.125,31.1299991607666,31.049999237060547,31.094999313354492,365035,0.0,0.0,0.0
2022-08-11 15:30:00-04:00,31.09000015258789,31.1200008392334,31.03499984741211,31.079999923706055,1079012,0.0,0.0,0.0
2022-08-12 09:30:00-04:00,30.969999313354492,31.020000457763672,30.889999389648438,30.975000381469727,306104,0.0,0.0,0.0
2022-08-12 10:30:00-04:00,30.969999313354492,31.03499984741211,30.950000762939453,31.020000457763672,294385,0.0,0.0,0.0
2022-08-12 11:30:00-04:00,31.014999389648438,31.1200008392334,31.010000228881836,31.1200008392334,1154126,0.0,0.0,0.0
2022-08-12 12:30:00-04:00,31.1200008392334,31.190000534057617,31.1200008392334,31.184999465942383,919684,0.0,0.0,0.0
2022-08-12 13:30:00-04:00,31.190000534057617,31.219999313354492,31.18000030517578,31.19499969482422,1626167,0.0,0.0,0.0
2022-08-12 14:30:00-04:00,31.19499969482422,31.219999313354492,31.190000534057617,31.209999084472656,340044,0.0,0.0,0.0
2022-08-12 15:30:00-04:00,31.204999923706055,31.260000228881836,31.190000534057617,31.25,373496,0.0,0.0,0.0
2022-08-15 09:30:00-04:00,30.899999618530273,30.934999465942383,30.84000015258789,30.905000686645508,568155,0.0,0.0,0.0
2022-08-15 10:30:00-04:00,30.899999618530273,30.959999084472656,30.899999618530273,30.940000534057617,282524,0.0,0.0,0.0
2022-08-15 11:30:00-04:00,30.93000030517578,31.040000915527344,30.93000030517578,30.994300842285156,97345,0.0,0.0,0.0
2022-08-15 12:30:00-04:00,31.0,31.05500030517578,30.9950008392334,31.014999389648438,181875,0.0,0.0,0.0
2022-08-15 13:30:00-04:00,31.010000228881836,31.010000228881836,30.959999084472656,30.979999542236328,151010,0.0,0.0,0.0
2022-08-15 14:30:00-04:00,30.979999542236328,31.014999389648438,30.959999084472656,31.014999389648438,329362,0.0,0.0,0.0
2022-08-15 15:30:00-04:00,31.014999389648438,31.024999618530273,30.989999771118164,31.010000228881836,217315,0.0,0.0,0.0
2022-08-16 09:30:00-04:00,31.010000228881836,31.15999984741211,31.010000228881836,31.139999389648438,330375,0.0,0.0,0.0
2022-08-16 10:30:00-04:00,31.1299991607666,31.18000030517578,31.100000381469727,31.13010025024414,124655,0.0,0.0,0.0
2022-08-16 11:30:00-04:00,31.135000228881836,31.145000457763672,31.079999923706055,31.1299991607666,91207,0.0,0.0,0.0
2022-08-16 12:30:00-04:00,31.1299991607666,31.139999389648438,31.100000381469727,31.1200008392334,77867,0.0,0.0,0.0
2022-08-16 13:30:00-04:00,31.110000610351562,31.239999771118164,31.110000610351562,31.235000610351562,403485,0.0,0.0,0.0
2022-08-16 14:30:00-04:00,31.229999542236328,31.239999771118164,31.110000610351562,31.170000076293945,205766,0.0,0.0,0.0
2022-08-16 15:30:00-04:00,31.165000915527344,31.209999084472656,31.15999984741211,31.190000534057617,166320,0.0,0.0,0.0
2022-08-17 09:30:00-04:00,30.969999313354492,31.010000228881836,30.899999618530273,30.950000762939453,263743,0.0,0.0,0.0
2022-08-17 10:30:00-04:00,30.954999923706055,30.979999542236328,30.850000381469727,30.899999618530273,154936,0.0,0.0,0.0
2022-08-17 11:30:00-04:00,30.905000686645508,30.93000030517578,30.829999923706055,30.93000030517578,157597,0.0,0.0,0.0
2022-08-17 12:30:00-04:00,30.93000030517578,30.979999542236328,30.924999237060547,30.969999313354492,136241,0.0,0.0,0.0
2022-08-17 13:30:00-04:00,30.979999542236328,31.110000610351562,30.959999084472656,31.09000015258789,316838,0.0,0.0,0.0
2022-08-17 14:30:00-04:00,31.09000015258789,31.132699966430664,30.954999923706055,30.979999542236328,513333,0.0,0.0,0.0
2022-08-17 15:30:00-04:00,30.979999542236328,31.0049991607666,30.950000762939453,30.989999771118164,158393,0.0,0.0,0.0
2022-08-18 09:30:00-04:00,30.959999084472656,31.0,30.8700008392334,30.934999465942383,167386,0.0,0.0,0.0
2022-08-18 10:30:00-04:00,30.940000534057617,30.989999771118164,30.905000686645508,30.959999084472656,97570,0.0,0.0,0.0
2022-08-18 11:30:00-04:00,30.969999313354492,30.979999542236328,30.860000610351562,30.8799991607666,93797,0.0,0.0,0.0
2022-08-18 12:30:00-04:00,30.871000289916992,30.875,30.79960060119629,30.829999923706055,69668,0.0,0.0,0.0
2022-08-18 13:30:00-04:00,30.825000762939453,30.860000610351562,30.81999969482422,30.854999542236328,45794,0.0,0.0,0.0
2022-08-18 14:30:00-04:00,30.854999542236328,30.920000076293945,30.844200134277344,30.905000686645508,85176,0.0,0.0,0.0
2022-08-18 15:30:00-04:00,30.905000686645508,30.920000076293945,30.860000610351562,30.899999618530273,77171,0.0,0.0,0.0
2022-08-19 09:30:00-04:00,30.670000076293945,30.690000534057617,30.549999237060547,30.579999923706055,123095,0.0,0.0,0.0
2022-08-19 10:30:00-04:00,30.579999923706055,30.59819984436035,30.450000762939453,30.489999771118164,217455,0.0,0.0,0.0
2022-08-19 11:30:00-04:00,30.4950008392334,30.59000015258789,30.4950008392334,30.549999237060547,70454,0.0,0.0,0.0
2022-08-19 12:30:00-04:00,30.549999237060547,30.6200008392334,30.545000076293945,30.59000015258789,58764,0.0,0.0,0.0
2022-08-19 13:30:00-04:00,30.59000015258789,30.59000015258789,30.530000686645508,30.56999969482422,327485,0.0,0.0,0.0
2022-08-19 14:30:00-04:00,30.559999465942383,30.579999923706055,30.5,30.545000076293945,89090,0.0,0.0,0.0
2022-08-19 15:30:00-04:00,30.549999237060547,30.59000015258789,30.530099868774414,30.565000534057617,181807,0.0,0.0,0.0
2022-08-22 09:30:00-04:00,30.389999389648438,30.440000534057617,30.329999923706055,30.340700149536133,352992,0.0,0.0,0.0
2022-08-22 10:30:00-04:00,30.34000015258789,30.400400161743164,30.31999969482422,30.31999969482422,469560,0.0,0.0,0.0
2022-08-22 11:30:00-04:00,30.325000762939453,30.424999237060547,30.319900512695312,30.399999618530273,276926,0.0,0.0,0.0
2022-08-22 12:30:00-04:00,30.399999618530273,30.420000076293945,30.344999313354492,30.350000381469727,296202,0.0,0.0,0.0
2022-08-22 13:30:00-04:00,30.350000381469727,30.350000381469727,30.280000686645508,30.299999237060547,76641,0.0,0.0,0.0
2022-08-22 14:30:00-04:00,30.290000915527344,30.322900772094727,30.260000228881836,30.290000915527344,63040,0.0,0.0,0.0
2022-08-22 15:30:00-04:00,30.290000915527344,30.315000534057617,30.2549991607666,30.299999237060547,942299,0.0,0.0,0.0
2022-08-23 09:30:00-04:00,30.200000762939453,30.459999084472656,30.170000076293945,30.34000015258789,333167,0.0,0.0,0.0
2022-08-23 10:30:00-04:00,30.334999084472656,30.440000534057617,30.295000076293945,30.360000610351562,175067,0.0,0.0,0.0
2022-08-23 11:30:00-04:00,30.360000610351562,30.420000076293945,30.325000762939453,30.329999923706055,77478,0.0,0.0,0.0
2022-08-23 12:30:00-04:00,30.325000762939453,30.40999984741211,30.325000762939453,30.350000381469727,67851,0.0,0.0,0.0
2022-08-23 13:30:00-04:00,30.354999542236328,30.3700008392334,30.260000228881836,30.309999465942383,104816,0.0,0.0,0.0
2022-08-23 14:30:00-04:00,30.299999237060547,30.34000015258789,30.270000457763672,30.315000534057617,98323,0.0,0.0,0.0
2022-08-23 15:30:00-04:00,30.31999969482422,30.364999771118164,30.299999237060547,30.34000015258789,395706,0.0,0.0,0.0
2022-08-24 09:30:00-04:00,30.0,30.155000686645508,29.9950008392334,30.149999618530273,223542,0.0,0.0,0.0
2022-08-24 10:30:00-04:00,30.149999618530273,30.290000915527344,30.075000762939453,30.202999114990234,143465,0.0,0.0,0.0
2022-08-24 11:30:00-04:00,30.209999084472656,30.25,30.190000534057617,30.190000534057617,156204,0.0,0.0,0.0
2022-08-24 12:30:00-04:00,30.184999465942383,30.190000534057617,30.100000381469727,30.110000610351562,387846,0.0,0.0,0.0
2022-08-24 13:30:00-04:00,30.120100021362305,30.170000076293945,30.110000610351562,30.155000686645508,137383,0.0,0.0,0.0
2022-08-24 14:30:00-04:00,30.155000686645508,30.200000762939453,30.1200008392334,30.18000030517578,482411,0.0,0.0,0.0
2022-08-24 15:30:00-04:00,30.18000030517578,30.229999542236328,30.170000076293945,30.18000030517578,315567,0.0,0.0,0.0
2022-08-25 09:30:00-04:00,30.25,30.34000015258789,30.15999984741211,30.31999969482422,158588,0.0,0.0,0.0
2022-08-25 10:30:00-04:00,30.31999969482422,30.389999389648438,30.25,30.280000686645508,376576,0.0,0.0,0.0
2022-08-25 11:30:00-04:00,30.280000686645508,30.295000076293945,30.209999084472656,30.270000457763672,317145,0.0,0.0,0.0
2022-08-25 12:30:00-04:00,30.264999389648438,30.331499099731445,30.23979949951172,30.329999923706055,226101,0.0,0.0,0.0
2022-08-25 13:30:00-04:00,30.325000762939453,30.354999542236328,30.295000076293945,30.329999923706055,334076,0.0,0.0,0.0
2022-08-25 14:30:00-04:00,30.34000015258789,30.375,30.290000915527344,30.360000610351562,140427,0.0,0.0,0.0
2022-08-25 15:30:00-04:00,30.360000610351562,30.43000030517578,30.350000381469727,30.43000030517578,147882,0.0,0.0,0.0
2022-08-26 09:30:00-04:00,30.420000076293945,30.510000228881836,30.18000030517578,30.209999084472656,458544,0.0,0.0,0.0
2022-08-26 10:30:00-04:00,30.190000534057617,30.200000762939453,29.899999618530273,29.969999313354492,314002,0.0,0.0,0.0
2022-08-26 11:30:00-04:00,29.975000381469727,30.020000457763672,29.889999389648438,29.905000686645508,324272,0.0,0.0,0.0
2022-08-26 12:30:00-04:00,29.899999618530273,29.959999084472656,29.8700008392334,29.924999237060547,384525,0.0,0.0,0.0
2022-08-26 13:30:00-04:00,29.920000076293945,29.920000076293945,29.799999237060547,29.829999923706055,0,0.0,0.0,0.0
2022-08-26 14:30:00-04:00,29.829999923706055,29.844999313354492,29.770000457763672,29.809999465942383,2695106,0.0,0.0,0.0
2022-08-26 15:30:00-04:00,29.799999237060547,29.809999465942383,29.719999313354492,29.75,233408,0.0,0.0,0.0
2022-08-29 09:30:00-04:00,29.59000015258789,29.8700008392334,29.565000534057617,29.80500030517578,2273205,0.0,0.0,0.0
2022-08-29 10:30:00-04:00,29.80500030517578,29.854999542236328,29.665000915527344,29.729999542236328,2582058,0.0,0.0,0.0
2022-08-29 11:30:00-04:00,29.729999542236328,29.860000610351562,29.709999084472656,29.799999237060547,649926,0.0,0.0,0.0
2022-08-29 12:30:00-04:00,29.799999237060547,29.8700008392334,29.7450008392334,29.84000015258789,526020,0.0,0.0,0.0
2022-08-29 13:30:00-04:00,29.829999923706055,29.889999389648438,29.780000686645508,29.80500030517578,1106596,0.0,0.0,0.0
2022-08-29 14:30:00-04:00,29.805400848388672,29.834999084472656,29.739999771118164,29.75,679752,0.0,0.0,0.0
2022-08-29 15:30:00-04:00,29.75,29.790000915527344,29.729999542236328,29.7450008392334,1299320,0.0,0.0,0.0
2022-08-30 09:30:00-04:00,29.739999771118164,29.760000228881836,29.459999084472656,29.524200439453125,757114,0.0,0.0,0.0
2022-08-30 10:30:00-04:00,29.520000457763672,29.530000686645508,29.290000915527344,29.399999618530273,944911,0.0,0.0,0.0
2022-08-30 11:30:00-04:00,29.395000457763672,29.46500015258789,29.329999923706055,29.375,582358,0.0,0.0,0.0
2022-08-30 12:30:00-04:00,29.375,29.375,29.274999618530273,29.30500030517578,291538,0.0,0.0,0.0
2022-08-30 13:30:00-04:00,29.300800323486328,29.350000381469727,29.260000228881836,29.280000686645508,303011,0.0,0.0,0.0
2022-08-30 14:30:00-04:00,29.290000915527344,29.389999389648438,29.270000457763672,29.334999084472656,199119,0.0,0.0,0.0
2022-08-30 15:30:00-04:00,29.34000015258789,29.344999313354492,29.280000686645508,29.290000915527344,361864,0.0,0.0,0.0
2022-08-31 09:30:00-04:00,28.99220085144043,29.1299991607666,28.979900360107422,29.040000915527344,452899,0.0,0.0,0.0
2022-08-31 10:30:00-04:00,29.032899856567383,29.190000534057617,29.010000228881836,29.045000076293945,344414,0.0,0.0,0.0
2022-08-31 11:30:00-04:00,29.045000076293945,29.079999923706055,28.979999542236328,29.020000457763672,333599,0.0,0.0,0.0
2022-08-31 12:30:00-04:00,29.014999389648438,29.040000915527344,28.959999084472656,28.979999542236328,672682,0.0,0.0,0.0
2022-08-31 13:30:00-04:00,28.985000610351562,29.020000457763672,28.934999465942383,28.979999542236328,205128,0.0,0.0,0.0
2022-08-31 14:30:00-04:00,28.979999542236328,29.010000228881836,28.905000686645508,28.940000534057617,161598,0.0,0.0,0.0
2022-08-31 15:30:00-04:00,28.934999465942383,28.985000610351562,28.899999618530273,28.905000686645508,534986,0.0,0.0,0.0
2022-09-01 09:30:00-04:00,28.40999984741211,28.440000534057617,28.19499969482422,28.350000381469727,520007,0.0,0.0,0.0
2022-09-01 10:30:00-04:00,28.350000381469727,28.354999542236328,28.155000686645508,28.21500015258789,516976,0.0,0.0,0.0
2022-09-01 11:30:00-04:00,28.209999084472656,28.309999465942383,28.209999084472656,28.299999237060547,382815,0.0,0.0,0.0
2022-09-01 12:30:00-04:00,28.290000915527344,28.3700008392334,28.229999542236328,28.3700008392334,237476,0.0,0.0,0.0
2022-09-01 13:30:00-04:00,28.3700008392334,28.395000457763672,28.299999237060547,28.390100479125977,157533,0.0,0.0,0.0
2022-09-01 14:30:00-04:00,28.395000457763672,28.43000030517578,28.354999542236328,28.36989974975586,649839,0.0,0.0,0.0
2022-09-01 15:30:00-04:00,28.360000610351562,28.440000534057617,28.31999969482422,28.43000030517578,3043374,0.0,0.0,0.0
2022-09-02 09:30:00-04:00,28.75,28.85300064086914,28.6200008392334,28.85300064086914,497032,0.0,0.0,0.0
2022-09-02 10:30:00-04:00,28.860000610351562,28.920000076293945,28.860000610351562,28.889999389648438,582771,0.0,0.0,0.0
2022-09-02 11:30:00-04:00,28.885000228881836,28.920000076293945,28.700000762939453,28.71500015258789,230704,0.0,0.0,0.0
2022-09-02 12:30:00-04:00,28.709999084472656,28.7450008392334,28.389999389648438,28.40999984741211,500003,0.0,0.0,0.0
2022-09-02 13:30:00-04:00,28.40999984741211,28.469999313354492,28.360000610351562,28.46500015258789,581171,0.0,0.0,0.0
2022-09-02 14:30:00-04:00,28.459999084472656,28.479999542236328,28.385000228881836,28.40999984741211,186308,0.0,0.0,0.0
2022-09-02 15:30:00-04:00,28.40999984741211,28.43000030517578,28.31999969482422,28.43000030517578,408195,0.0,0.0,0.0
2022-09-06 09:30:00-04:00,28.920000076293945,28.959999084472656,28.6200008392334,28.790000915527344,640524,0.0,0.0,0.0
2022-09-06 10:30:00-04:00,28.790000915527344,29.0,28.760000228881836,28.850000381469727,362126,0.0,0.0,0.0
2022-09-06 11:30:00-04:00,28.850000381469727,28.93000030517578,28.7450008392334,28.780000686645508,197120,0.0,0.0,0.0
2022-09-06 12:30:00-04:00,28.780000686645508,28.825000762939453,28.690000534057617,28.700000762939453,208285,0.0,0.0,0.0
2022-09-06 13:30:00-04:00,28.690000534057617,28.770000457763672,28.649999618530273,28.725000381469727,143403,0.0,0.0,0.0
2022-09-06 14:30:00-04:00,28.729999542236328,28.75,28.670000076293945,28.68000030517578,347214,0.0,0.0,0.0
2022-09-06 15:30:00-04:00,28.684999465942383,28.71500015258789,28.6299991607666,28.670000076293945,449274,0.0,0.0,0.0
2022-09-07 09:30:00-04:00,28.31999969482422,28.420000076293945,28.25,28.41990089416504,345793,0.0,0.0,0.0
2022-09-07 10:30:00-04:00,28.420000076293945,28.545000076293945,28.420000076293945,28.5,190760,0.0,0.0,0.0
2022-09-07 11:30:00-04:00,28.5,28.520000457763672,28.350000381469727,28.38960075378418,233323,0.0,0.0,0.0
2022-09-07 12:30:00-04:00,28.3799991607666,28.545000076293945,28.375,28.514999389648438,156228,0.0,0.0,0.0
2022-09-07 13:30:00-04:00,28.520000457763672,28.6200008392334,28.520000457763672,28.56999969482422,124562,0.0,0.0,0.0
2022-09-07 14:30:00-04:00,28.579999923706055,28.649999618530273,28.559999465942383,28.649999618530273,180857,0.0,0.0,0.0
2022-09-07 15:30:00-04:00,28.65999984741211,28.65999984741211,28.610000610351562,28.635000228881836,1160455,0.0,0.0,0.0
2022-09-08 09:30:00-04:00,28.309999465942383,28.520000457763672,28.25,28.520000457763672,356063,0.0,0.0,0.0
2022-09-08 10:30:00-04:00,28.510000228881836,28.670000076293945,28.510000228881836,28.610000610351562,244436,0.0,0.0,0.0
2022-09-08 11:30:00-04:00,28.610000610351562,28.639999389648438,28.350000381469727,28.399999618530273,274482,0.0,0.0,0.0
2022-09-08 12:30:00-04:00,28.399999618530273,28.579999923706055,28.389999389648438,28.56999969482422,227353,0.0,0.0,0.0
2022-09-08 13:30:00-04:00,28.579999923706055,28.610000610351562,28.530000686645508,28.600000381469727,207644,0.0,0.0,0.0
2022-09-08 14:30:00-04:00,28.600000381469727,28.62700080871582,28.489999771118164,28.540000915527344,133486,0.0,0.0,0.0
2022-09-08 15:30:00-04:00,28.540000915527344,28.610000610351562,28.520299911499023,28.604999542236328,236469,0.0,0.0,0.0
2022-09-09 09:30:00-04:00,29.18000030517578,29.290000915527344,29.1299991607666,29.25,241177,0.0,0.0,0.0
2022-09-09 10:30:00-04:00,29.25,29.309999465942383,29.200000762939453,29.229999542236328,123209,0.0,0.0,0.0
2022-09-09 11:30:00-04:00,29.229999542236328,29.25,29.15999984741211,29.219999313354492,157038,0.0,0.0,0.0
2022-09-09 12:30:00-04:00,29.219999313354492,29.283700942993164,29.209999084472656,29.270000457763672,72915,0.0,0.0,0.0
2022-09-09 13:30:00-04:00,29.274999618530273,29.290000915527344,29.239999771118164,29.290000915527344,157434,0.0,0.0,0.0
2022-09-09 14:30:00-04:00,29.295000076293945,29.334999084472656,29.260000228881836,29.325000762939453,170465,0.0,0.0,0.0
2022-09-09 15:30:00-04:00,29.325000762939453,29.344999313354492,29.30500030517578,29.329999923706055,653562,0.0,0.0,0.0
2022-09-12 09:30:00-04:00,29.829999923706055,29.989999771118164,29.764999389648438,29.97800064086914,403388,0.0,0.0,0.0
2022-09-12 10:30:00-04:00,29.979999542236328,29.979999542236328,29.875,29.969999313354492,443761,0.0,0.0,0.0
2022-09-12 11:30:00-04:00,29.959999084472656,29.969999313354492,29.850000381469727,29.920000076293945,316989,0.0,0.0,0.0
2022-09-12 12:30:00-04:00,29.90999984741211,29.954999923706055,29.899999618530273,29.94499969482422,356130,0.0,0.0,0.0
2022-09-12 13:30:00-04:00,29.950000762939453,29.950000762939453,29.850000381469727,29.860000610351562,184373,0.0,0.0,0.0
2022-09-12 14:30:00-04:00,29.854999542236328,29.8700008392334,29.829999923706055,29.850000381469727,1705347,0.0,0.0,0.0
2022-09-12 15:30:00-04:00,29.84000015258789,29.8799991607666,29.795000076293945,29.809999465942383,349676,0.0,0.0,0.0
2022-09-13 09:30:00-04:00,29.34000015258789,29.489999771118164,29.280000686645508,29.34000015258789,1523146,0.0,0.0,0.0
2022-09-13 10:30:00-04:00,29.329999923706055,29.34000015258789,29.174999237060547,29.190000534057617,378323,0.0,0.0,0.0
2022-09-13 11:30:00-04:00,29.190000534057617,29.219999313354492,29.1200008392334,29.149999618530273,340254,0.0,0.0,0.0
2022-09-13 12:30:00-04:00,29.149999618530273,29.21500015258789,29.1299991607666,29.209999084472656,225891,0.0,0.0,0.0
2022-09-13 13:30:00-04:00,29.21500015258789,29.225000381469727,29.09000015258789,29.100000381469727,212571,0.0,0.0,0.0
2022-09-13 14:30:00-04:00,29.100000381469727,29.110000610351562,28.94499969482422,28.950000762939453,211644,0.0,0.0,0.0
2022-09-13 15:30:00-04:00,28.940000534057617,28.948299407958984,28.854999542236328,28.875,615354,0.0,0.0,0.0
2022-09-14 09:30:00-04:00,28.860000610351562,28.989999771118164,28.719999313354492,28.729999542236328,505481,0.0,0.0,0.0
2022-09-14 10:30:00-04:00,28.729999542236328,28.959999084472656,28.729900360107422,28.850000381469727,222454,0.0,0.0,0.0
2022-09-14 11:30:00-04:00,28.860000610351562,28.93000030517578,28.84000015258789,28.90999984741211,153649,0.0,0.0,0.0
2022-09-14 12:30:00-04:00,28.90999984741211,28.96500015258789,28.895000457763672,28.940000534057617,114540,0.0,0.0,0.0
2022-09-14 13:30:00-04:00,28.940000534057617,28.947500228881836,28.795000076293945,28.81999969482422,168872,0.0,0.0,0.0
2022-09-14 14:30:00-04:00,28.829999923706055,28.8700008392334,28.729999542236328,28.74799919128418,160829,0.0,0.0,0.0
2022-09-14 15:30:00-04:00,28.7450008392334,28.889999389648438,28.709999084472656,28.889999389648438,200976,0.0,0.0,0.0
2022-09-15 09:30:00-04:00,28.56999969482422,28.790000915527344,28.565000534057617,28.68000030517578,368486,0.0,0.0,0.0
2022-09-15 10:30:00-04:00,28.68000030517578,28.7450008392334,28.625,28.700000762939453,364954,0.0,0.0,0.0
2022-09-15 11:30:00-04:00,28.700000762939453,28.700000762939453,28.549999237060547,28.579999923706055,213657,0.0,0.0,0.0
2022-09-15 12:30:00-04:00,28.584999084472656,28.770000457763672,28.58009910583496,28.760000228881836,119677,0.0,0.0,0.0
2022-09-15 13:30:00-04:00,28.75,28.75,28.59000015258789,28.635000228881836,79389,0.0,0.0,0.0
2022-09-15 14:30:00-04:00,28.6299991607666,28.639999389648438,28.5,28.510000228881836,148692,0.0,0.0,0.0
2022-09-15 15:30:00-04:00,28.510000228881836,28.59000015258789,28.510000228881836,28.565000534057617,686569,0.0,0.0,0.0
2022-09-16 09:30:00-04:00,28.329999923706055,28.459999084472656,28.274999618530273,28.399999618530273,355248,0.0,0.0,0.0
2022-09-16 10:30:00-04:00,28.399999618530273,28.4950008392334,28.329999923706055,28.329999923706055,244987,0.0,0.0,0.0
2022-09-16 11:30:00-04:00,28.329999923706055,28.3700008392334,28.18000030517578,28.190000534057617,370838,0.0,0.0,0.0
2022-09-16 12:30:00-04:00,28.19499969482422,28.290000915527344,28.190000534057617,28.2549991607666,267675,0.0,0.0,0.0
2022-09-16 13:30:00-04:00,28.25,28.309999465942383,28.204999923706055,28.299999237060547,168365,0.0,0.0,0.0
2022-09-16 14:30:00-04:00,28.299999237060547,28.3700008392334,28.280000686645508,28.31999969482422,279438,0.0,0.0,0.0
2022-09-16 15:30:00-04:00,28.309999465942383,28.43000030517578,28.280000686645508,28.360000610351562,691781,0.0,0.0,0.0
2022-09-19 09:30:00-04:00,28.049999237060547,28.350000381469727,28.049999237060547,28.344999313354492,492668,0.0,0.0,0.0
2022-09-19 10:30:00-04:00,28.34000015258789,28.459999084472656,28.31999969482422,28.329999923706055,303680,0.0,0.0,0.0
2022-09-19 11:30:00-04:00,28.325000762939453,28.3700008392334,28.290000915527344,28.329999923706055,487254,0.0,0.0,0.0
2022-09-19 12:30:00-04:00,28.334999084472656,28.389999389648438,28.31999969482422,28.375,392222,0.0,0.0,0.0
2022-09-19 13:30:00-04:00,28.3799991607666,28.385000228881836,28.295000076293945,28.360000610351562,223461,0.0,0.0,0.0
2022-09-19 14:30:00-04:00,28.354999542236328,28.4950008392334,28.34000015258789,28.479999542236328,432219,0.0,0.0,0.0
2022-09-19 15:30:00-04:00,28.479999542236328,28.5049991607666,28.459999084472656,28.485000610351562,261131,0.0,0.0,0.0
2022-09-20 09:30:00-04:00,28.149999618530273,28.15999984741211,28.049999237060547,28.110000610351562,409713,0.0,0.0,0.0
2022-09-20 10:30:00-04:00,28.110000610351562,28.184999465942383,28.040000915527344,28.110000610351562,799866,0.0,0.0,0.0
2022-09-20 11:30:00-04:00,28.104999542236328,28.219999313354492,28.100000381469727,28.110000610351562,405900,0.0,0.0,0.0
2022-09-20 12:30:00-04:00,28.1200008392334,28.1200008392334,27.959999084472656,27.959999084472656,458381,0.0,0.0,0.0
2022-09-20 13:30:00-04:00,27.959999084472656,27.989999771118164,27.90999984741211,27.959999084472656,311175,0.0,0.0,0.0
2022-09-20 14:30:00-04:00,27.959999084472656,28.059999465942383,27.90999984741211,28.059999465942383,228374,0.0,0.0,0.0
2022-09-20 15:30:00-04:00,28.05500030517578,28.1299991607666,28.030000686645508,28.079999923706055,265311,0.0,0.0,0.0
2022-09-21 09:30:00-04:00,28.18000030517578,28.200000762939453,28.0049991607666,28.1299991607666,311078,0.0,0.0,0.0
2022-09-21 10:30:00-04:00,28.1299991607666,28.1299991607666,28.06999969482422,28.110000610351562,159027,0.0,0.0,0.0
2022-09-21 11:30:00-04:00,28.104999542236328,28.19499969482422,28.100000381469727,28.170000076293945,321181,0.0,0.0,0.0
2022-09-21 12:30:00-04:00,28.165000915527344,28.165000915527344,28.100000381469727,28.114999771118164,78858,0.0,0.0,0.0
2022-09-21 13:30:00-04:00,28.1200008392334,28.184999465942383,27.799999237060547,27.93000030517578,437150,0.0,0.0,0.0
2022-09-21 14:30:00-04:00,27.920000076293945,28.34000015258789,27.8799991607666,27.950000762939453,960255,0.0,0.0,0.0
2022-09-21 15:30:00-04:00,27.920000076293945,27.9950008392334,27.809999465942383,27.81999969482422,631615,0.0,0.0,0.0
2022-09-22 09:30:00-04:00,27.959999084472656,28.020000457763672,27.709999084472656,27.799999237060547,640326,0.0,0.0,0.0
2022-09-22 10:30:00-04:00,27.809999465942383,27.844999313354492,27.6299991607666,27.65999984741211,2331341,0.0,0.0,0.0
2022-09-22 11:30:00-04:00,27.649999618530273,27.7450008392334,27.6299991607666,27.700000762939453,601062,0.0,0.0,0.0
2022-09-22 12:30:00-04:00,27.684999465942383,27.75,27.65999984741211,27.704999923706055,85726,0.0,0.0,0.0
2022-09-22 13:30:00-04:00,27.704999923706055,27.75,27.639999389648438,27.670000076293945,206184,0.0,0.0,0.0
2022-09-22 14:30:00-04:00,27.670000076293945,27.795000076293945,27.655000686645508,27.764999389648438,311470,0.0,0.0,0.0
2022-09-22 15:30:00-04:00,27.770000457763672,27.834999084472656,27.729999542236328,27.739999771118164,547300,0.0,0.0,0.0
2022-09-23 09:30:00-04:00,26.709999084472656,26.739999771118164,26.34000015258789,26.454999923706055,1250016,0.0,0.0,0.0
2022-09-23 10:30:00-04:00,26.457399368286133,26.46500015258789,26.239999771118164,26.309999465942383,799435,0.0,0.0,0.0
2022-09-23 11:30:00-04:00,26.31999969482422,26.3799991607666,26.200000762939453,26.200000762939453,1154248,0.0,0.0,0.0
2022-09-23 12:30:00-04:00,26.197799682617188,26.334999084472656,26.135000228881836,26.239900588989258,528224,0.0,0.0,0.0
2022-09-23 13:30:00-04:00,26.235000610351562,26.280000686645508,26.13990020751953,26.174999237060547,332937,0.0,0.0,0.0
2022-09-23 14:30:00-04:00,26.179899215698242,26.225000381469727,26.07069969177246,26.200000762939453,360965,0.0,0.0,0.0
2022-09-23 15:30:00-04:00,26.190000534057617,26.290000915527344,26.183399200439453,26.239999771118164,763112,0.0,0.0,0.0
2022-09-26 09:30:00-04:00,25.920000076293945,26.209999084472656,25.889999389648438,26.149999618530273,1488510,0.0,0.0,0.0
2022-09-26 10:30:00-04:00,26.139999389648438,26.19499969482422,26.014999389648438,26.014999389648438,1156475,0.0,0.0,0.0
2022-09-26 11:30:00-04:00,26.024999618530273,26.049999237060547,25.684999465942383,25.725000381469727,3313501,0.0,0.0,0.0
2022-09-26 12:30:00-04:00,25.719999313354492,25.790000915527344,25.6200008392334,25.645000457763672,1763826,0.0,0.0,0.0
2022-09-26 13:30:00-04:00,25.649999618530273,25.69659996032715,25.579999923706055,25.579999923706055,451296,0.0,0.0,0.0
2022-09-26 14:30:00-04:00,25.59000015258789,25.735000610351562,25.559999465942383,25.68000030517578,579860,0.0,0.0,0.0
2022-09-26 15:30:00-04:00,25.68000030517578,25.860000610351562,25.655000686645508,25.764999389648438,959795,0.0,0.0,0.0
2022-09-27 09:30:00-04:00,25.950000762939453,26.100000381469727,25.829999923706055,25.90999984741211,974600,0.0,0.0,0.0
2022-09-27 10:30:00-04:00,25.90999984741211,26.075000762939453,25.795000076293945,25.809999465942383,814177,0.0,0.0,0.0
2022-09-27 11:30:00-04:00,25.809999465942383,25.8700008392334,25.5,25.575000762939453,736379,0.0,0.0,0.0
2022-09-27 12:30:00-04:00,25.56999969482422,25.6200008392334,25.454999923706055,25.489999771118164,1242231,0.0,0.0,0.0
2022-09-27 13:30:00-04:00,25.4950008392334,25.559999465942383,25.454999923706055,25.53499984741211,1229278,0.0,0.0,0.0
2022-09-27 14:30:00-04:00,25.530000686645508,25.670000076293945,25.510000228881836,25.604999542236328,619223,0.0,0.0,0.0
2022-09-27 15:30:00-04:00,25.604999542236328,25.674999237060547,25.540000915527344,25.639999389648438,717389,0.0,0.0,0.0
2022-09-28 09:30:00-04:00,25.469999313354492,25.735000610351562,25.360000610351562,25.735000610351562,1019138,0.0,0.0,0.0
2022-09-28 10:30:00-04:00,25.735000610351562,25.899999618530273,25.704999923706055,25.850000381469727,1359102,0.0,0.0,0.0
2022-09-28 11:30:00-04:00,25.860000610351562,26.15999984741211,25.799999237060547,26.010000228881836,1366496,0.0,0.0,0.0
2022-09-28 12:30:00-04:00,26.010000228881836,26.270000457763672,26.010000228881836,26.190000534057617,835712,0.0,0.0,0.0
2022-09-28 13:30:00-04:00,26.190000534057617,26.2549991607666,26.15999984741211,26.170000076293945,1041250,0.0,0.0,0.0
2022-09-28 14:30:00-04:00,26.18000030517578,26.299999237060547,26.170000076293945,26.239999771118164,589186,0.0,0.0,0.0
2022-09-28 15:30:00-04:00,26.239999771118164,26.329999923706055,26.235000610351562,26.2549991607666,1202519,0.0,0.0,0.0
2022-09-29 09:30:00-04:00,25.989999771118164,26.010000228881836,25.729999542236328,25.84000015258789,1377450,0.0,0.0,0.0
2022-09-29 10:30:00-04:00,25.83009910583496,26.200000762939453,25.729999542236328,26.010000228881836,2655384,0.0,0.0,0.0
2022-09-29 11:30:00-04:00,26.014999389648438,26.274999618530273,26.014999389648438,26.139999389648438,1410192,0.0,0.0,0.0
2022-09-29 12:30:00-04:00,26.139999389648438,26.229999542236328,26.094999313354492,26.1200008392334,897219,0.0,0.0,0.0
2022-09-29 13:30:00-04:00,26.1200008392334,26.170000076293945,26.030000686645508,26.09000015258789,1596397,0.0,0.0,0.0
2022-09-29 14:30:00-04:00,26.084999084472656,26.1299991607666,26.020000457763672,26.100000381469727,1618330,0.0,0.0,0.0
2022-09-29 15:30:00-04:00,26.110000610351562,26.219999313354492,26.100000381469727,26.200000762939453,760136,0.0,0.0,0.0
2022-09-30 09:30:00-04:00,26.1299991607666,26.34000015258789,26.075000762939453,26.2549991607666,1012872,0.0,0.0,0.0
2022-09-30 10:30:00-04:00,26.260000228881836,26.520000457763672,26.260000228881836,26.420000076293945,1018499,0.0,0.0,0.0
2022-09-30 11:30:00-04:00,26.43000030517578,26.43000030517578,26.15999984741211,26.219999313354492,920711,0.0,0.0,0.0
2022-09-30 12:30:00-04:00,26.219900131225586,26.270000457763672,26.200000762939453,26.260000228881836,307435,0.0,0.0,0.0
2022-09-30 13:30:00-04:00,26.260000228881836,26.278900146484375,26.190000534057617,26.209999084472656,642796,0.0,0.0,0.0
2022-09-30 14:30:00-04:00,26.209999084472656,26.25,26.149999618530273,26.209999084472656,1059870,0.0,0.0,0.0
2022-09-30 15:30:00-04:00,26.209999084472656,26.235000610351562,26.149999618530273,26.21500015258789,1133497,0.0,0.0,0.0
2022-10-03 09:30:00-04:00,26.59000015258789,26.864999771118164,26.5,26.795000076293945,1657134,0.0,0.0,0.0
2022-10-03 10:30:00-04:00,26.799999237060547,26.93000030517578,26.739999771118164,26.844999313354492,1429666,0.0,0.0,0.0
2022-10-03 11:30:00-04:00,26.844999313354492,26.860000610351562,26.709999084472656,26.71500015258789,644782,0.0,0.0,0.0
2022-10-03 12:30:00-04:00,26.719999313354492,26.799999237060547,26.700000762939453,26.764999389648438,622812,0.0,0.0,0.0
2022-10-03 13:30:00-04:00,26.760000228881836,26.93000030517578,26.760000228881836,26.93000030517578,941928,0.0,0.0,0.0
2022-10-03 14:30:00-04:00,26.93000030517578,26.979999542236328,26.899999618530273,26.959999084472656,804931,0.0,0.0,0.0
2022-10-03 15:30:00-04:00,26.954999923706055,26.979999542236328,26.8700008392334,26.889999389648438,772126,0.0,0.0,0.0
2022-10-04 09:30:00-04:00,27.520000457763672,27.770000457763672,27.5,27.690000534057617,1208207,0.0,0.0,0.0
2022-10-04 10:30:00-04:00,27.690000534057617,27.875,27.68000030517578,27.850000381469727,880282,0.0,0.0,0.0
2022-10-04 11:30:00-04:00,27.850000381469727,27.915000915527344,27.760000228881836,27.90999984741211,436827,0.0,0.0,0.0
2022-10-04 12:30:00-04:00,27.899999618530273,27.950000762939453,27.68000030517578,27.770000457763672,851420,0.0,0.0,0.0
2022-10-04 13:30:00-04:00,27.77090072631836,27.829999923706055,27.729999542236328,27.7549991607666,1047027,0.0,0.0,0.0
2022-10-04 14:30:00-04:00,27.75,27.875,27.75,27.799999237060547,741967,0.0,0.0,0.0
2022-10-04 15:30:00-04:00,27.799999237060547,27.8799991607666,27.780000686645508,27.8700008392334,722498,0.0,0.0,0.0
2022-10-05 09:30:00-04:00,27.329999923706055,27.454999923706055,27.139999389648438,27.18000030517578,819358,0.0,0.0,0.0
2022-10-05 10:30:00-04:00,27.18000030517578,27.274999618530273,27.145000457763672,27.270000457763672,377566,0.0,0.0,0.0
2022-10-05 11:30:00-04:00,27.270000457763672,27.450000762939453,27.25,27.3799991607666,254854,0.0,0.0,0.0
2022-10-05 12:30:00-04:00,27.3799991607666,27.55500030517578,27.3799991607666,27.510000228881836,315942,0.0,0.0,0.0
2022-10-05 13:30:00-04:00,27.510000228881836,27.559999465942383,27.440000534057617,27.549999237060547,197147,0.0,0.0,0.0
2022-10-05 14:30:00-04:00,27.549999237060547,27.649999618530273,27.5,27.610000610351562,581422,0.0,0.0,0.0
2022-10-05 15:30:00-04:00,27.610000610351562,27.6299991607666,27.46500015258789,27.489999771118164,511247,0.0,0.0,0.0
2022-10-06 09:30:00-04:00,26.940000534057617,27.065000534057617,26.84000015258789,26.90999984741211,637241,0.0,0.0,0.0
2022-10-06 10:30:00-04:00,26.905000686645508,26.969999313354492,26.84000015258789,26.94499969482422,400720,0.0,0.0,0.0
2022-10-06 11:30:00-04:00,26.940000534057617,26.94499969482422,26.71500015258789,26.829999923706055,866997,0.0,0.0,0.0
2022-10-06 12:30:00-04:00,26.829999923706055,26.934999465942383,26.799999237060547,26.934999465942383,346820,0.0,0.0,0.0
2022-10-06 13:30:00-04:00,26.93000030517578,26.934999465942383,26.84000015258789,26.854999542236328,441989,0.0,0.0,0.0
2022-10-06 14:30:00-04:00,26.850000381469727,26.895000457763672,26.739999771118164,26.81999969482422,432481,0.0,0.0,0.0
2022-10-06 15:30:00-04:00,26.832599639892578,26.84000015258789,26.780000686645508,26.799999237060547,961184,0.0,0.0,0.0
2022-10-07 09:30:00-04:00,26.81999969482422,26.915000915527344,26.6200008392334,26.7549991607666,518974,0.0,0.0,0.0
2022-10-07 10:30:00-04:00,26.760000228881836,26.860000610351562,26.684999465942383,26.780000686645508,344883,0.0,0.0,0.0
2022-10-07 11:30:00-04:00,26.780000686645508,26.799999237060547,26.700000762939453,26.709999084472656,188984,0.0,0.0,0.0
2022-10-07 12:30:00-04:00,26.700000762939453,26.71500015258789,26.639999389648438,26.709999084472656,302567,0.0,0.0,0.0
2022-10-07 13:30:00-04:00,26.68000030517578,26.709999084472656,26.600000381469727,26.610000610351562,206333,0.0,0.0,0.0
2022-10-07 14:30:00-04:00,26.610000610351562,26.6200008392334,26.5,26.5049991607666,458646,0.0,0.0,0.0
2022-10-07 15:30:00-04:00,26.5,26.670000076293945,26.4950008392334,26.649999618530273,763957,0.0,0.0,0.0
2022-10-10 09:30:00-04:00,26.56999969482422,26.6299991607666,26.530000686645508,26.59000015258789,442235,0.0,0.0,0.0
2022-10-10 10:30:00-04:00,26.579999923706055,26.65999984741211,26.43000030517578,26.469999313354492,412565,0.0,0.0,0.0
2022-10-10 11:30:00-04:00,26.469999313354492,26.510000228881836,26.385000228881836,26.395000457763672,120949,0.0,0.0,0.0
2022-10-10 12:30:00-04:00,26.399999618530273,26.440000534057617,26.34000015258789,26.430099487304688,230227,0.0,0.0,0.0
2022-10-10 13:30:00-04:00,26.43000030517578,26.610000610351562,26.424999237060547,26.510000228881836,273356,0.0,0.0,0.0
2022-10-10 14:30:00-04:00,26.510000228881836,26.575000762939453,26.479999542236328,26.5049991607666,249063,0.0,0.0,0.0
2022-10-10 15:30:00-04:00,26.5049991607666,26.540000915527344,26.450000762939453,26.450000762939453,367622,0.0,0.0,0.0
2022-10-11 09:30:00-04:00,26.270000457763672,26.290000915527344,26.100000381469727,26.190000534057617,765076,0.0,0.0,0.0
2022-10-11 10:30:00-04:00,26.18790054321289,26.3799991607666,26.15999984741211,26.330799102783203,615783,0.0,0.0,0.0
2022-10-11 11:30:00-04:00,26.34000015258789,26.510000228881836,26.34000015258789,26.489999771118164,555664,0.0,0.0,0.0
2022-10-11 12:30:00-04:00,26.5,26.600000381469727,26.440000534057617,26.44499969482422,318860,0.0,0.0,0.0
2022-10-11 13:30:00-04:00,26.450000762939453,26.489999771118164,26.395000457763672,26.450000762939453,834511,0.0,0.0,0.0
2022-10-11 14:30:00-04:00,26.450000762939453,26.479999542236328,25.889999389648438,25.940000534057617,3846374,0.0,0.0,0.0
2022-10-11 15:30:00-04:00,25.94499969482422,26.020000457763672,25.895000457763672,25.940000534057617,1474389,0.0,0.0,0.0
2022-10-12 09:30:00-04:00,25.84000015258789,26.020000457763672,25.78499984741211,25.979999542236328,753782,0.0,0.0,0.0
2022-10-12 10:30:00-04:00,25.979999542236328,26.084999084472656,25.899999618530273,26.020000457763672,579140,0.0,0.0,0.0
2022-10-12 11:30:00-04:00,26.030000686645508,26.09000015258789,25.969999313354492,25.989999771118164,2572594,0.0,0.0,0.0
2022-10-12 12:30:00-04:00,25.989999771118164,26.010000228881836,25.93910026550293,26.010000228881836,417592,0.0,0.0,0.0
2022-10-12 13:30:00-04:00,25.989999771118164,26.1299991607666,25.940000534057617,26.110000610351562,802438,0.0,0.0,0.0
2022-10-12 14:30:00-04:00,26.110000610351562,26.1200008392334,25.98550033569336,26.049999237060547,1079034,0.0,0.0,0.0
2022-10-12 15:30:00-04:00,26.045000076293945,26.084999084472656,25.989999771118164,25.989999771118164,454863,0.0,0.0,0.0
2022-10-13 09:30:00-04:00,25.920000076293945,26.329999923706055,25.850000381469727,26.18000030517578,3976814,0.0,0.0,0.0
2022-10-13 10:30:00-04:00,26.165000915527344,26.809999465942383,26.165000915527344,26.700000762939453,2185115,0.0,0.0,0.0
2022-10-13 11:30:00-04:00,26.709999084472656,26.989999771118164,26.670000076293945,26.75,830669,0.0,0.0,0.0
2022-10-13 12:30:00-04:00,26.75,26.940000534057617,26.719999313354492,26.899999618530273,1750093,0.0,0.0,0.0
2022-10-13 13:30:00-04:00,26.920000076293945,26.990100860595703,26.780000686645508,26.790000915527344,334694,0.0,0.0,0.0
2022-10-13 14:30:00-04:00,26.799999237060547,26.94499969482422,26.799999237060547,26.84000015258789,727134,0.0,0.0,0.0
2022-10-13 15:30:00-04:00,26.84000015258789,26.920000076293945,26.809999465942383,26.864999771118164,702230,0.0,0.0,0.0
2022-10-14 09:30:00-04:00,26.959999084472656,27.030000686645508,26.389999389648438,26.469999313354492,1916813,0.0,0.0,0.0
2022-10-14 10:30:00-04:00,26.459999084472656,26.670000076293945,26.3700008392334,26.530000686645508,694296,0.0,0.0,0.0
2022-10-14 11:30:00-04:00,26.530000686645508,26.530000686645508,26.295000076293945,26.399999618530273,663862,0.0,0.0,0.0
2022-10-14 12:30:00-04:00,26.405000686645508,26.43000030517578,26.299999237060547,26.360000610351562,249814,0.0,0.0,0.0
2022-10-14 13:30:00-04:00,26.350000381469727,26.405000686645508,26.295000076293945,26.31999969482422,189227,0.0,0.0,0.0
2022-10-14 14:30:00-04:00,26.31999969482422,26.350000381469727,26.25,26.334999084472656,413097,0.0,0.0,0.0
2022-10-14 15:30:00-04:00,26.329999923706055,26.360000610351562,26.25,26.290000915527344,817266,0.0,0.0,0.0
2022-10-17 09:30:00-04:00,27.030000686645508,27.209999084472656,27.0,27.18000030517578,1987858,0.0,0.0,0.0
2022-10-17 10:30:00-04:00,27.184999465942383,27.264999389648438,27.100000381469727,27.170000076293945,742818,0.0,0.0,0.0
2022-10-17 11:30:00-04:00,27.170000076293945,27.229999542236328,27.1200008392334,27.149999618530273,391581,0.0,0.0,0.0
2022-10-17 12:30:00-04:00,27.145000457763672,27.170000076293945,27.059999465942383,27.114999771118164,233034,0.0,0.0,0.0
2022-10-17 13:30:00-04:00,27.1200008392334,27.1299991607666,26.9950008392334,27.020000457763672,349636,0.0,0.0,0.0
2022-10-17 14:30:00-04:00,27.020000457763672,27.056299209594727,26.959999084472656,27.0,359742,0.0,0.0,0.0
2022-10-17 15:30:00-04:00,27.0,27.024999618530273,26.959999084472656,26.979999542236328,953173,0.0,0.0,0.0
2022-10-18 09:30:00-04:00,27.209999084472656,27.25,27.020000457763672,27.030000686645508,556789,0.0,0.0,0.0
2022-10-18 10:30:00-04:00,27.024999618530273,27.079999923706055,26.889999389648438,26.93000030517578,446544,0.0,0.0,0.0
2022-10-18 11:30:00-04:00,26.920000076293945,27.030000686645508,26.860000610351562,26.975000381469727,402318,0.0,0.0,0.0
2022-10-18 12:30:00-04:00,26.975000381469727,27.059999465942383,26.8700008392334,27.030000686645508,926471,0.0,0.0,0.0
2022-10-18 13:30:00-04:00,27.030000686645508,27.100000381469727,27.0,27.040000915527344,439799,0.0,0.0,0.0
2022-10-18 14:30:00-04:00,27.045000076293945,27.049999237060547,26.90999984741211,26.989999771118164,415917,0.0,0.0,0.0
2022-10-18 15:30:00-04:00,26.989999771118164,27.09000015258789,26.985000610351562,27.079999923706055,1068060,0.0,0.0,0.0
2022-10-19 09:30:00-04:00,26.799999237060547,26.94499969482422,26.729999542236328,26.93000030517578,498410,0.0,0.0,0.0
2022-10-19 10:30:00-04:00,26.940000534057617,26.950000762939453,26.80500030517578,26.834999084472656,345425,0.0,0.0,0.0
2022-10-19 11:30:00-04:00,26.829999923706055,26.854999542236328,26.709999084472656,26.719999313354492,164190,0.0,0.0,0.0
2022-10-19 12:30:00-04:00,26.71500015258789,26.729999542236328,26.559999465942383,26.645000457763672,330126,0.0,0.0,0.0
2022-10-19 13:30:00-04:00,26.645000457763672,26.7549991607666,26.6299991607666,26.730100631713867,154920,0.0,0.0,0.0
2022-10-19 14:30:00-04:00,26.739999771118164,26.75,26.645000457763672,26.67449951171875,275243,0.0,0.0,0.0
2022-10-19 15:30:00-04:00,26.68000030517578,26.790000915527344,26.66010093688965,26.780000686645508,805520,0.0,0.0,0.0
2022-10-20 09:30:00-04:00,26.799999237060547,27.125,26.729999542236328,27.114999771118164,487672,0.0,0.0,0.0
2022-10-20 10:30:00-04:00,27.1200008392334,27.1200008392334,26.969999313354492,27.0,439497,0.0,0.0,0.0
2022-10-20 11:30:00-04:00,27.0,27.059999465942383,26.81999969482422,26.850000381469727,399787,0.0,0.0,0.0
2022-10-20 12:30:00-04:00,26.850000381469727,26.8700008392334,26.719999313354492,26.790000915527344,178016,0.0,0.0,0.0
2022-10-20 13:30:00-04:00,26.78499984741211,26.799999237060547,26.690000534057617,26.700000762939453,440023,0.0,0.0,0.0
2022-10-20 14:30:00-04:00,26.700000762939453,26.815000534057617,26.674999237060547,26.690000534057617,227981,0.0,0.0,0.0
2022-10-20 15:30:00-04:00,26.69499969482422,26.799999237060547,26.655000686645508,26.770000457763672,488722,0.0,0.0,0.0
2022-10-21 09:30:00-04:00,26.489999771118164,26.950000762939453,26.420000076293945,26.709999084472656,853457,0.0,0.0,0.0
2022-10-21 10:30:00-04:00,26.71500015258789,26.989999771118164,26.674999237060547,26.94499969482422,599101,0.0,0.0,0.0
2022-10-21 11:30:00-04:00,26.940000534057617,27.149999618530273,26.8700008392334,26.969999313354492,2010328,0.0,0.0,0.0
2022-10-21 12:30:00-04:00,26.979999542236328,27.100000381469727,26.969999313354492,27.049999237060547,790114,0.0,0.0,0.0
2022-10-21 13:30:00-04:00,27.045000076293945,27.100000381469727,27.0049991607666,27.040000915527344,504585,0.0,0.0,0.0
2022-10-21 14:30:00-04:00,27.059999465942383,27.200000762939453,27.040000915527344,27.18000030517578,733896,0.0,0.0,0.0
2022-10-21 15:30:00-04:00,27.18000030517578,27.200000762939453,27.1299991607666,27.200000762939453,1307320,0.0,0.0,0.0
2022-10-24 09:30:00-04:00,27.18000030517578,27.479999542236328,27.1200008392334,27.209999084472656,547458,0.0,0.0,0.0
2022-10-24 10:30:00-04:00,27.209999084472656,27.360000610351562,27.200000762939453,27.28499984741211,395052,0.0,0.0,0.0
2022-10-24 11:30:00-04:00,27.290000915527344,27.350000381469727,27.21500015258789,27.290000915527344,303905,0.0,0.0,0.0
2022-10-24 12:30:00-04:00,27.295000076293945,27.299999237060547,27.21500015258789,27.2450008392334,153898,0.0,0.0,0.0
2022-10-24 13:30:00-04:00,27.239999771118164,27.290000915527344,27.229999542236328,27.270000457763672,83752,0.0,0.0,0.0
2022-10-24 14:30:00-04:00,27.264999389648438,27.360000610351562,27.2450008392334,27.329999923706055,222053,0.0,0.0,0.0
2022-10-24 15:30:00-04:00,27.325000762939453,27.329999923706055,27.235000610351562,27.260000228881836,277642,0.0,0.0,0.0
2022-10-25 09:30:00-04:00,27.3700008392334,27.6299991607666,27.343399047851562,27.59000015258789,255021,0.0,0.0,0.0
2022-10-25 10:30:00-04:00,27.594999313354492,27.684999465942383,27.53499984741211,27.684999465942383,177581,0.0,0.0,0.0
2022-10-25 11:30:00-04:00,27.68000030517578,27.68199920654297,27.579999923706055,27.610000610351562,124339,0.0,0.0,0.0
2022-10-25 12:30:00-04:00,27.610000610351562,27.649999618530273,27.55500030517578,27.579999923706055,122404,0.0,0.0,0.0
2022-10-25 13:30:00-04:00,27.59000015258789,27.6200008392334,27.55500030517578,27.600000381469727,365291,0.0,0.0,0.0
2022-10-25 14:30:00-04:00,27.604999542236328,27.645000457763672,27.552000045776367,27.635000228881836,131632,0.0,0.0,0.0
2022-10-25 15:30:00-04:00,27.649999618530273,27.65999984741211,27.600000381469727,27.645000457763672,243462,0.0,0.0,0.0
2022-10-26 09:30:00-04:00,27.68000030517578,27.979999542236328,27.68000030517578,27.973100662231445,1036636,0.0,0.0,0.0
2022-10-26 10:30:00-04:00,27.989999771118164,28.155000686645508,27.93000030517578,28.139999389648438,523776,0.0,0.0,0.0
2022-10-26 11:30:00-04:00,28.114999771118164,28.219999313354492,28.100000381469727,28.192899703979492,959819,0.0,0.0,0.0
2022-10-26 12:30:00-04:00,28.200000762939453,28.225000381469727,28.065000534057617,28.065000534057617,246811,0.0,0.0,0.0
2022-10-26 13:30:00-04:00,28.065000534057617,28.174999237060547,28.040000915527344,28.110000610351562,181515,0.0,0.0,0.0
2022-10-26 14:30:00-04:00,28.100000381469727,28.139999389648438,28.059999465942383,28.084999084472656,441417,0.0,0.0,0.0
2022-10-26 15:30:00-04:00,28.084999084472656,28.110000610351562,28.040000915527344,28.06999969482422,278882,0.0,0.0,0.0
2022-10-27 09:30:00-04:00,28.100000381469727,28.350000381469727,28.06999969482422,28.329999923706055,345458,0.0,0.0,0.0
2022-10-27 10:30:00-04:00,28.329999923706055,28.360000610351562,28.165000915527344,28.229999542236328,342847,0.0,0.0,0.0
2022-10-27 11:30:00-04:00,28.219999313354492,28.239999771118164,28.065000534057617,28.065000534057617,283401,0.0,0.0,0.0
2022-10-27 12:30:00-04:00,28.059999465942383,28.219999313354492,28.055700302124023,28.170000076293945,264319,0.0,0.0,0.0
2022-10-27 13:30:00-04:00,28.170000076293945,28.18000030517578,28.06999969482422,28.100000381469727,279029,0.0,0.0,0.0
2022-10-27 14:30:00-04:00,28.100000381469727,28.1200008392334,28.020000457763672,28.104999542236328,271533,0.0,0.0,0.0
2022-10-27 15:30:00-04:00,28.100000381469727,28.1299991607666,28.020000457763672,28.049999237060547,531013,0.0,0.0,0.0
2022-10-28 09:30:00-04:00,27.969999313354492,28.100000381469727,27.90999984741211,28.06999969482422,520492,0.0,0.0,0.0
2022-10-28 10:30:00-04:00,28.06999969482422,28.140100479125977,28.0,28.1200008392334,1257736,0.0,0.0,0.0
2022-10-28 11:30:00-04:00,28.1299991607666,28.18000030517578,28.075000762939453,28.15999984741211,241313,0.0,0.0,0.0
2022-10-28 12:30:00-04:00,28.170000076293945,28.219999313354492,28.139999389648438,28.18000030517578,119992,0.0,0.0,0.0
2022-10-28 13:30:00-04:00,28.18000030517578,28.229999542236328,28.170000076293945,28.200000762939453,92976,0.0,0.0,0.0
2022-10-28 14:30:00-04:00,28.20009994506836,28.28499984741211,28.20009994506836,28.280000686645508,80044,0.0,0.0,0.0
2022-10-28 15:30:00-04:00,28.274999618530273,28.329999923706055,28.260000228881836,28.31999969482422,247619,0.0,0.0,0.0
2022-10-31 09:30:00-04:00,28.0,28.200000762939453,28.0,28.155000686645508,381541,0.0,0.0,0.0
2022-10-31 10:30:00-04:00,28.155000686645508,28.209999084472656,28.114999771118164,28.18000030517578,706386,0.0,0.0,0.0
2022-10-31 11:30:00-04:00,28.18000030517578,28.190000534057617,28.06999969482422,28.084999084472656,179442,0.0,0.0,0.0
2022-10-31 12:30:00-04:00,28.094999313354492,28.094999313354492,27.985000610351562,28.05500030517578,104717,0.0,0.0,0.0
2022-10-31 13:30:00-04:00,28.05500030517578,28.09000015258789,28.0,28.05500030517578,103311,0.0,0.0,0.0
2022-10-31 14:30:00-04:00,28.059999465942383,28.100000381469727,27.979999542236328,28.020000457763672,141705,0.0,0.0,0.0
2022-10-31 15:30:00-04:00,28.010000228881836,28.069900512695312,28.010000228881836,28.040000915527344,327850,0.0,0.0,0.0
2022-11-01 09:30:00-04:00,28.65999984741211,28.68000030517578,28.405000686645508,28.479999542236328,574726,0.0,0.0,0.0
2022-11-01 10:30:00-04:00,28.489999771118164,28.520000457763672,28.239999771118164,28.31999969482422,211945,0.0,0.0,0.0
2022-11-01 11:30:00-04:00,28.31999969482422,28.440000534057617,28.2450008392334,28.299999237060547,212358,0.0,0.0,0.0
2022-11-01 12:30:00-04:00,28.290000915527344,28.34000015258789,28.239999771118164,28.309999465942383,129233,0.0,0.0,0.0
2022-11-01 13:30:00-04:00,28.309999465942383,28.3799991607666,28.299999237060547,28.344999313354492,88592,0.0,0.0,0.0
2022-11-01 14:30:00-04:00,28.350000381469727,28.3700008392334,28.299999237060547,28.31999969482422,189333,0.0,0.0,0.0
2022-11-01 15:30:00-04:00,28.329999923706055,28.3799991607666,28.295000076293945,28.3700008392334,246298,0.0,0.0,0.0
2022-11-02 09:30:00-04:00,28.280000686645508,28.28499984741211,28.149999618530273,28.155000686645508,227705,0.0,0.0,0.0
2022-11-02 10:30:00-04:00,28.15999984741211,28.260000228881836,28.139999389648438,28.209999084472656,145107,0.0,0.0,0.0
2022-11-02 11:30:00-04:00,28.204999923706055,28.225000381469727,28.149999618530273,28.149999618530273,100398,0.0,0.0,0.0
2022-11-02 12:30:00-04:00,28.15999984741211,28.200000762939453,28.110000610351562,28.165000915527344,69272,0.0,0.0,0.0
2022-11-02 13:30:00-04:00,28.170000076293945,28.520000457763672,28.165000915527344,28.520000457763672,206285,0.0,0.0,0.0
2022-11-02 14:30:00-04:00,28.514999389648438,28.600000381469727,27.8700008392334,27.940000534057617,1011632,0.0,0.0,0.0
2022-11-02 15:30:00-04:00,27.90999984741211,27.989999771118164,27.84000015258789,27.850000381469727,313812,0.0,0.0,0.0
2022-11-03 09:30:00-04:00,27.329999923706055,27.6200008392334,27.299999237060547,27.610000610351562,640403,0.0,0.0,0.0
2022-11-03 10:30:00-04:00,27.610000610351562,27.709999084472656,27.530000686645508,27.639999389648438,243535,0.0,0.0,0.0
2022-11-03 11:30:00-04:00,27.6299991607666,27.71500015258789,27.584999084472656,27.670000076293945,145486,0.0,0.0,0.0
2022-11-03 12:30:00-04:00,27.670000076293945,27.729999542236328,27.610000610351562,27.719999313354492,96344,0.0,0.0,0.0
2022-11-03 13:30:00-04:00,27.729999542236328,27.739999771118164,27.635000228881836,27.69499969482422,142473,0.0,0.0,0.0
2022-11-03 14:30:00-04:00,27.69499969482422,27.729999542236328,27.674999237060547,27.729999542236328,135728,0.0,0.0,0.0
2022-11-03 15:30:00-04:00,27.719999313354492,27.739999771118164,27.6200008392334,27.649999618530273,276855,0.0,0.0,0.0
2022-11-04 09:30:00-04:00,28.450000762939453,28.780000686645508,28.329999923706055,28.760000228881836,1193614,0.0,0.0,0.0
2022-11-04 10:30:00-04:00,28.739999771118164,28.81999969482422,28.542800903320312,28.542800903320312,679522,0.0,0.0,0.0
2022-11-04 11:30:00-04:00,28.549999237060547,28.639999389648438,28.399999618530273,28.6299991607666,656241,0.0,0.0,0.0
2022-11-04 12:30:00-04:00,28.6299991607666,28.6299991607666,28.479999542236328,28.560100555419922,528682,0.0,0.0,0.0
2022-11-04 13:30:00-04:00,28.549999237060547,28.639999389648438,28.5,28.6299991607666,130720,0.0,0.0,0.0
2022-11-04 14:30:00-04:00,28.639999389648438,28.799999237060547,28.6200008392334,28.739999771118164,138532,0.0,0.0,0.0
2022-11-04 15:30:00-04:00,28.729999542236328,28.809999465942383,28.709999084472656,28.799999237060547,173659,0.0,0.0,0.0
2022-11-07 09:30:00-05:00,28.8700008392334,28.90999984741211,28.719999313354492,28.75,359428,0.0,0.0,0.0
2022-11-07 10:30:00-05:00,28.760000228881836,28.829999923706055,28.729999542236328,28.81999969482422,246402,0.0,0.0,0.0
2022-11-07 11:30:00-05:00,28.844999313354492,28.854999542236328,28.729999542236328,28.81999969482422,320502,0.0,0.0,0.0
2022-11-07 12:30:00-05:00,28.815000534057617,28.860000610351562,28.780000686645508,28.860000610351562,162829,0.0,0.0,0.0
2022-11-07 13:30:00-05:00,28.8700008392334,28.899999618530273,28.829999923706055,28.895000457763672,153630,0.0,0.0,0.0
2022-11-07 14:30:00-05:00,28.889999389648438,28.920000076293945,28.8700008392334,28.8799991607666,293589,0.0,0.0,0.0
2022-11-07 15:30:00-05:00,28.885000228881836,28.90999984741211,28.735000610351562,28.760000228881836,355331,0.0,0.0,0.0
2022-11-08 09:30:00-05:00,28.799999237060547,28.985000610351562,28.7450008392334,28.93000030517578,1124535,0.0,0.0,0.0
2022-11-08 10:30:00-05:00,28.93000030517578,29.104999542236328,28.920000076293945,29.079999923706055,484218,0.0,0.0,0.0
2022-11-08 11:30:00-05:00,29.075000762939453,29.15999984741211,29.075000762939453,29.092100143432617,177547,0.0,0.0,0.0
2022-11-08 12:30:00-05:00,29.100000381469727,29.1299991607666,28.93000030517578,28.940000534057617,158076,0.0,0.0,0.0
2022-11-08 13:30:00-05:00,28.940000534057617,29.010000228881836,28.799999237060547,28.809999465942383,213173,0.0,0.0,0.0
2022-11-08 14:30:00-05:00,28.809999465942383,29.020000457763672,28.780000686645508,29.020000457763672,259640,0.0,0.0,0.0
2022-11-08 15:30:00-05:00,29.020000457763672,29.06999969482422,28.95009994506836,28.959999084472656,363400,0.0,0.0,0.0
2022-11-09 09:30:00-05:00,28.56999969482422,28.764999389648438,28.540000915527344,28.625,844414,0.0,0.0,0.0
2022-11-09 10:30:00-05:00,28.625,28.709999084472656,28.4950008392334,28.690000534057617,331766,0.0,0.0,0.0
2022-11-09 11:30:00-05:00,28.684999465942383,28.719999313354492,28.59000015258789,28.600000381469727,156344,0.0,0.0,0.0
2022-11-09 12:30:00-05:00,28.600000381469727,28.649999618530273,28.549999237060547,28.55500030517578,162464,0.0,0.0,0.0
2022-11-09 13:30:00-05:00,28.541099548339844,28.545000076293945,28.43000030517578,28.479999542236328,121229,0.0,0.0,0.0
2022-11-09 14:30:00-05:00,28.469999313354492,28.475000381469727,28.375,28.434999465942383,161970,0.0,0.0,0.0
2022-11-09 15:30:00-05:00,28.434999465942383,28.440000534057617,28.3700008392334,28.389999389648438,321186,0.0,0.0,0.0
2022-11-10 09:30:00-05:00,29.479999542236328,29.770000457763672,29.350000381469727,29.770000457763672,1356521,0.0,0.0,0.0
2022-11-10 10:30:00-05:00,29.770000457763672,29.780000686645508,29.594999313354492,29.69499969482422,610889,0.0,0.0,0.0
2022-11-10 11:30:00-05:00,29.709999084472656,29.7450008392334,29.56999969482422,29.56999969482422,262769,0.0,0.0,0.0
2022-11-10 12:30:00-05:00,29.56999969482422,29.579999923706055,29.459999084472656,29.56999969482422,152866,0.0,0.0,0.0
2022-11-10 13:30:00-05:00,29.575000762939453,29.639999389648438,29.540000915527344,29.639999389648438,296881,0.0,0.0,0.0
2022-11-10 14:30:00-05:00,29.6299991607666,29.729999542236328,29.6200008392334,29.725000381469727,158083,0.0,0.0,0.0
2022-11-10 15:30:00-05:00,29.729999542236328,29.829999923706055,29.709999084472656,29.809999465942383,324824,0.0,0.0,0.0
2022-11-11 09:30:00-05:00,29.670000076293945,29.809999465942383,29.56999969482422,29.774999618530273,1729136,0.0,0.0,0.0
2022-11-11 10:30:00-05:00,29.770000457763672,29.795000076293945,29.665000915527344,29.709999084472656,306053,0.0,0.0,0.0
2022-11-11 11:30:00-05:00,29.690000534057617,29.809999465942383,29.670000076293945,29.795000076293945,211478,0.0,0.0,0.0
2022-11-11 12:30:00-05:00,29.799999237060547,29.90999984741211,29.790000915527344,29.90999984741211,101891,0.0,0.0,0.0
2022-11-11 13:30:00-05:00,29.90999984741211,29.920000076293945,29.860000610351562,29.920000076293945,782350,0.0,0.0,0.0
2022-11-11 14:30:00-05:00,29.915000915527344,29.940000534057617,29.829999923706055,29.8700008392334,495247,0.0,0.0,0.0
2022-11-11 15:30:00-05:00,29.8700008392334,29.93000030517578,29.860000610351562,29.8700008392334,1956743,0.0,0.0,0.0
2022-11-14 09:30:00-05:00,29.81999969482422,30.014999389648438,29.81999969482422,29.899999618530273,309964,0.0,0.0,0.0
2022-11-14 10:30:00-05:00,29.889999389648438,29.91010093688965,29.760000228881836,29.84000015258789,252575,0.0,0.0,0.0
2022-11-14 11:30:00-05:00,29.829999923706055,29.8799991607666,29.780000686645508,29.860000610351562,162377,0.0,0.0,0.0
2022-11-14 12:30:00-05:00,29.860000610351562,29.979999542236328,29.81999969482422,29.975000381469727,747987,0.0,0.0,0.0
2022-11-14 13:30:00-05:00,29.969999313354492,30.0,29.924999237060547,29.940000534057617,208282,0.0,0.0,0.0
2022-11-14 14:30:00-05:00,29.940000534057617,29.950000762939453,29.829999923706055,29.8799991607666,221272,0.0,0.0,0.0
2022-11-14 15:30:00-05:00,29.8700008392334,29.895000457763672,29.709999084472656,29.719999313354492,351991,0.0,0.0,0.0
2022-11-15 09:30:00-05:00,30.280000686645508,30.34000015258789,30.086999893188477,30.165000915527344,751523,0.0,0.0,0.0
2022-11-15 10:30:00-05:00,30.15999984741211,30.204999923706055,30.040000915527344,30.100000381469727,885416,0.0,0.0,0.0
2022-11-15 11:30:00-05:00,30.100000381469727,30.18000030517578,30.040000915527344,30.09000015258789,181354,0.0,0.0,0.0
2022-11-15 12:30:00-05:00,30.09000015258789,30.139999389648438,29.790000915527344,29.81999969482422,311344,0.0,0.0,0.0
2022-11-15 13:30:00-05:00,29.81999969482422,29.989999771118164,29.690000534057617,29.90999984741211,877308,0.0,0.0,0.0
2022-11-15 14:30:00-05:00,29.909900665283203,30.059999465942383,29.8799991607666,30.0221004486084,288838,0.0,0.0,0.0
2022-11-15 15:30:00-05:00,30.030000686645508,30.040000915527344,29.885000228881836,29.93000030517578,385071,0.0,0.0,0.0
2022-11-16 09:30:00-05:00,30.110000610351562,30.139999389648438,29.93000030517578,30.024999618530273,251598,0.0,0.0,0.0
2022-11-16 10:30:00-05:00,30.030000686645508,30.079999923706055,30.010000228881836,30.059999465942383,252557,0.0,0.0,0.0
2022-11-16 11:30:00-05:00,30.059999465942383,30.084999084472656,29.975000381469727,30.020000457763672,558191,0.0,0.0,0.0
2022-11-16 12:30:00-05:00,30.010000228881836,30.110000610351562,29.985000610351562,29.989999771118164,344936,0.0,0.0,0.0
2022-11-16 13:30:00-05:00,30.0,30.021099090576172,29.924999237060547,30.010000228881836,122237,0.0,0.0,0.0
2022-11-16 14:30:00-05:00,30.0,30.07990074157715,29.975000381469727,30.075000762939453,706484,0.0,0.0,0.0
2022-11-16 15:30:00-05:00,30.075000762939453,30.1200008392334,30.050100326538086,30.059999465942383,422760,0.0,0.0,0.0
2022-11-17 09:30:00-05:00,29.709999084472656,29.924999237060547,29.709999084472656,29.90999984741211,344012,0.0,0.0,0.0
2022-11-17 10:30:00-05:00,29.90999984741211,29.920000076293945,29.760000228881836,29.799999237060547,218740,0.0,0.0,0.0
2022-11-17 11:30:00-05:00,29.809999465942383,29.979999542236328,29.780000686645508,29.940000534057617,174087,0.0,0.0,0.0
2022-11-17 12:30:00-05:00,29.934999465942383,30.06999969482422,29.93000030517578,30.049999237060547,102583,0.0,0.0,0.0
2022-11-17 13:30:00-05:00,30.049999237060547,30.075000762939453,30.0,30.020000457763672,102053,0.0,0.0,0.0
2022-11-17 14:30:00-05:00,30.030000686645508,30.06999969482422,30.0,30.040000915527344,157047,0.0,0.0,0.0
2022-11-17 15:30:00-05:00,30.045000076293945,30.139999389648438,30.045000076293945,30.110000610351562,374500,0.0,0.0,0.0
2022-11-18 09:30:00-05:00,30.290000915527344,30.290000915527344,30.139999389648438,30.280000686645508,567751,0.0,0.0,0.0
2022-11-18 10:30:00-05:00,30.270000457763672,30.360000610351562,30.239999771118164,30.329999923706055,188532,0.0,0.0,0.0
2022-11-18 11:30:00-05:00,30.34000015258789,30.350000381469727,30.149999618530273,30.190000534057617,110374,0.0,0.0,0.0
2022-11-18 12:30:00-05:00,30.191099166870117,30.239999771118164,30.149999618530273,30.239999771118164,67508,0.0,0.0,0.0
2022-11-18 13:30:00-05:00,30.25,30.25,30.18000030517578,30.229999542236328,92924,0.0,0.0,0.0
2022-11-18 14:30:00-05:00,30.239999771118164,30.315000534057617,30.200000762939453,30.315000534057617,95938,0.0,0.0,0.0
2022-11-18 15:30:00-05:00,30.31999969482422,30.329999923706055,30.239999771118164,30.270000457763672,231251,0.0,0.0,0.0
2022-11-21 09:30:00-05:00,30.06999969482422,30.100000381469727,29.915000915527344,29.940000534057617,851783,0.0,0.0,0.0
2022-11-21 10:30:00-05:00,29.934999465942383,29.975000381469727,29.889999389648438,29.959999084472656,445059,0.0,0.0,0.0
2022-11-21 11:30:00-05:00,29.959999084472656,30.024999618530273,29.90999984741211,30.014999389648438,400894,0.0,0.0,0.0
2022-11-21 12:30:00-05:00,30.014999389648438,30.155899047851562,30.014999389648438,30.129899978637695,120553,0.0,0.0,0.0
2022-11-21 13:30:00-05:00,30.125,30.15959930419922,30.100000381469727,30.135000228881836,108950,0.0,0.0,0.0
2022-11-21 14:30:00-05:00,30.1299991607666,30.15999984741211,30.100000381469727,30.114999771118164,156912,0.0,0.0,0.0
2022-11-21 15:30:00-05:00,30.1200008392334,30.18000030517578,30.114999771118164,30.1299991607666,299454,0.0,0.0,0.0
2022-11-22 09:30:00-05:00,30.329999923706055,30.520000457763672,30.329999923706055,30.520000457763672,184741,0.0,0.0,0.0
2022-11-22 10:30:00-05:00,30.514999389648438,30.545000076293945,30.440000534057617,30.469999313354492,103390,0.0,0.0,0.0
2022-11-22 11:30:00-05:00,30.46500015258789,30.50909996032715,30.434999465942383,30.459999084472656,82057,0.0,0.0,0.0
2022-11-22 12:30:00-05:00,30.459999084472656,30.549999237060547,30.459999084472656,30.549999237060547,85189,0.0,0.0,0.0
2022-11-22 13:30:00-05:00,30.55500030517578,30.555099487304688,30.5049991607666,30.524999618530273,46943,0.0,0.0,0.0
2022-11-22 14:30:00-05:00,30.521699905395508,30.56999969482422,30.5,30.559999465942383,97164,0.0,0.0,0.0
2022-11-22 15:30:00-05:00,30.559999465942383,30.604999542236328,30.549999237060547,30.59000015258789,195471,0.0,0.0,0.0
2022-11-23 09:30:00-05:00,30.770000457763672,30.959999084472656,30.770000457763672,30.90999984741211,350163,0.0,0.0,0.0
2022-11-23 10:30:00-05:00,30.920000076293945,31.040000915527344,30.90999984741211,31.030000686645508,246869,0.0,0.0,0.0
2022-11-23 11:30:00-05:00,31.03499984741211,31.03499984741211,30.875,30.915000915527344,341152,0.0,0.0,0.0
2022-11-23 12:30:00-05:00,30.920000076293945,30.920000076293945,30.850000381469727,30.905000686645508,149782,0.0,0.0,0.0
2022-11-23 13:30:00-05:00,30.90999984741211,31.045000076293945,30.8799991607666,31.0049991607666,171971,0.0,0.0,0.0
2022-11-23 14:30:00-05:00,31.0,31.030000686645508,30.93000030517578,31.0049991607666,194994,0.0,0.0,0.0
2022-11-23 15:30:00-05:00,31.0,31.030000686645508,30.979999542236328,31.020000457763672,153005,0.0,0.0,0.0
2022-11-25 09:30:00-05:00,31.059999465942383,31.135000228881836,31.024999618530273,31.059999465942383,341885,0.0,0.0,0.0
2022-11-25 10:30:00-05:00,31.059999465942383,31.190000534057617,31.05500030517578,31.170000076293945,174875,0.0,0.0,0.0
2022-11-25 11:30:00-05:00,31.170000076293945,31.235000610351562,31.149999618530273,31.204999923706055,113782,0.0,0.0,0.0
2022-11-28 09:30:00-05:00,30.940000534057617,31.110000610351562,30.924999237060547,31.079999923706055,404139,0.0,0.0,0.0
2022-11-28 10:30:00-05:00,31.09000015258789,31.104999542236328,30.959999084472656,30.969999313354492,201024,0.0,0.0,0.0
2022-11-28 11:30:00-05:00,30.969999313354492,31.030000686645508,30.93000030517578,30.985000610351562,264502,0.0,0.0,0.0
2022-11-28 12:30:00-05:00,30.979999542236328,31.0,30.864999771118164,30.864999771118164,143527,0.0,0.0,0.0
2022-11-28 13:30:00-05:00,30.8700008392334,30.8799991607666,30.78499984741211,30.790000915527344,134260,0.0,0.0,0.0
2022-11-28 14:30:00-05:00,30.780000686645508,30.799999237060547,30.71500015258789,30.729999542236328,266032,0.0,0.0,0.0
2022-11-28 15:30:00-05:00,30.729999542236328,30.770000457763672,30.700000762939453,30.739999771118164,269645,0.0,0.0,0.0
2022-11-29 09:30:00-05:00,30.959999084472656,31.190000534057617,30.959999084472656,31.184999465942383,330595,0.0,0.0,0.0
2022-11-29 10:30:00-05:00,31.190000534057617,31.198299407958984,30.950000762939453,30.979999542236328,324327,0.0,0.0,0.0
2022-11-29 11:30:00-05:00,30.979999542236328,31.06999969482422,30.979999542236328,31.010000228881836,160071,0.0,0.0,0.0
2022-11-29 12:30:00-05:00,31.010000228881836,31.06999969482422,30.989999771118164,30.9950008392334,370797,0.0,0.0,0.0
2022-11-29 13:30:00-05:00,31.0,31.079999923706055,30.9950008392334,31.0,509951,0.0,0.0,0.0
2022-11-29 14:30:00-05:00,31.0,31.030000686645508,30.964000701904297,31.010000228881836,258048,0.0,0.0,0.0
2022-11-29 15:30:00-05:00,31.020000457763672,31.040000915527344,30.979999542236328,30.989999771118164,303962,0.0,0.0,0.0
2022-11-30 09:30:00-05:00,31.3799991607666,31.420000076293945,31.1299991607666,31.149999618530273,439985,0.0,0.0,0.0
2022-11-30 10:30:00-05:00,31.15999984741211,31.19499969482422,31.079999923706055,31.170000076293945,140009,0.0,0.0,0.0
2022-11-30 11:30:00-05:00,31.170000076293945,31.190000534057617,31.06999969482422,31.1200008392334,214225,0.0,0.0,0.0
2022-11-30 12:30:00-05:00,31.1200008392334,31.1200008392334,31.020000457763672,31.040000915527344,146788,0.0,0.0,0.0
2022-11-30 13:30:00-05:00,31.040000915527344,31.559999465942383,31.010000228881836,31.51300048828125,639705,0.0,0.0,0.0
2022-11-30 14:30:00-05:00,31.510000228881836,31.6200008392334,31.469999313354492,31.614999771118164,292719,0.0,0.0,0.0
2022-11-30 15:30:00-05:00,31.610000610351562,31.645000457763672,31.520000457763672,31.540000915527344,671368,0.0,0.0,0.0
2022-12-01 09:30:00-05:00,31.940000534057617,32.06999969482422,31.8799991607666,31.889999389648438,680889,0.0,0.0,0.0
2022-12-01 10:30:00-05:00,31.889999389648438,31.940000534057617,31.825000762939453,31.84000015258789,622363,0.0,0.0,0.0
2022-12-01 11:30:00-05:00,31.850000381469727,31.90999984741211,31.75,31.850000381469727,541065,0.0,0.0,0.0
2022-12-01 12:30:00-05:00,31.860000610351562,31.920000076293945,31.825000762939453,31.829999923706055,528372,0.0,0.0,0.0
2022-12-01 13:30:00-05:00,31.829999923706055,31.860000610351562,31.795000076293945,31.834999084472656,956045,0.0,0.0,0.0
2022-12-01 14:30:00-05:00,31.84000015258789,31.8799991607666,31.799999237060547,31.815000534057617,752386,0.0,0.0,0.0
2022-12-01 15:30:00-05:00,31.809999465942383,31.860000610351562,31.799999237060547,31.809999465942383,624519,0.0,0.0,0.0
2022-12-02 09:30:00-05:00,31.639999389648438,31.829999923706055,31.639999389648438,31.735000610351562,304391,0.0,0.0,0.0
2022-12-02 10:30:00-05:00,31.729999542236328,31.8700008392334,31.71500015258789,31.8700008392334,137313,0.0,0.0,0.0
2022-12-02 11:30:00-05:00,31.860000610351562,31.985000610351562,31.850000381469727,31.940000534057617,754175,0.0,0.0,0.0
2022-12-02 12:30:00-05:00,31.93000030517578,31.940000534057617,31.8700008392334,31.899999618530273,116401,0.0,0.0,0.0
2022-12-02 13:30:00-05:00,31.889999389648438,31.920000076293945,31.84000015258789,31.885000228881836,145546,0.0,0.0,0.0
2022-12-02 14:30:00-05:00,31.885000228881836,32.0,31.8799991607666,31.96500015258789,319541,0.0,0.0,0.0
2022-12-02 15:30:00-05:00,31.96500015258789,31.975000381469727,31.889999389648438,31.899999618530273,599951,0.0,0.0,0.0
2022-12-05 09:30:00-05:00,31.950000762939453,32.06990051269531,31.760000228881836,31.829999923706055,1210934,0.0,0.0,0.0
2022-12-05 10:30:00-05:00,31.834999084472656,31.889999389648438,31.770000457763672,31.815000534057617,342218,0.0,0.0,0.0
2022-12-05 11:30:00-05:00,31.809999465942383,31.809999465942383,31.65999984741211,31.75,290780,0.0,0.0,0.0
2022-12-05 12:30:00-05:00,31.739999771118164,31.75,31.684999465942383,31.709999084472656,216566,0.0,0.0,0.0
2022-12-05 13:30:00-05:00,31.709999084472656,31.735000610351562,31.614999771118164,31.635000228881836,294484,0.0,0.0,0.0
2022-12-05 14:30:00-05:00,31.6299991607666,31.655000686645508,31.579999923706055,31.610000610351562,556236,0.0,0.0,0.0
2022-12-05 15:30:00-05:00,31.610000610351562,31.700000762939453,31.604999542236328,31.65999984741211,295170,0.0,0.0,0.0
2022-12-06 09:30:00-05:00,31.649999618530273,31.770000457763672,31.600000381469727,31.600000381469727,303464,0.0,0.0,0.0
2022-12-06 10:30:00-05:00,31.600000381469727,31.81999969482422,31.540000915527344,31.760000228881836,208507,0.0,0.0,0.0
2022-12-06 11:30:00-05:00,31.7549991607666,31.760000228881836,31.549999237060547,31.579999923706055,169246,0.0,0.0,0.0
2022-12-06 12:30:00-05:00,31.56999969482422,31.579999923706055,31.415000915527344,31.42329978942871,139927,0.0,0.0,0.0
2022-12-06 13:30:00-05:00,31.424999237060547,31.600000381469727,31.399999618530273,31.55500030517578,195987,0.0,0.0,0.0
2022-12-06 14:30:00-05:00,31.55500030517578,31.579999923706055,31.514999389648438,31.540000915527344,255850,0.0,0.0,0.0
2022-12-06 15:30:00-05:00,31.545000076293945,31.600000381469727,31.545000076293945,31.594999313354492,491855,0.0,0.0,0.0
2022-12-07 09:30:00-05:00,31.600000381469727,31.719999313354492,31.5,31.709999084472656,844842,0.0,0.0,0.0
2022-12-07 10:30:00-05:00,31.719999313354492,31.729999542236328,31.44499969482422,31.44499969482422,1654428,0.0,0.0,0.0
2022-12-07 11:30:00-05:00,31.450000762939453,31.56999969482422,31.399999618530273,31.530000686645508,4276725,0.0,0.0,0.0
2022-12-07 12:30:00-05:00,31.524999618530273,31.6200008392334,31.514999389648438,31.59000015258789,432461,0.0,0.0,0.0
2022-12-07 13:30:00-05:00,31.59000015258789,31.59000015258789,31.479999542236328,31.53499984741211,347300,0.0,0.0,0.0
2022-12-07 14:30:00-05:00,31.530000686645508,31.56999969482422,31.479999542236328,31.510000228881836,417287,0.0,0.0,0.0
2022-12-07 15:30:00-05:00,31.510000228881836,31.549999237060547,31.5049991607666,31.5049991607666,697921,0.0,0.0,0.0
2022-12-08 09:30:00-05:00,31.469999313354492,31.56999969482422,31.3799991607666,31.510000228881836,787564,0.0,0.0,0.0
2022-12-08 10:30:00-05:00,31.510000228881836,31.540000915527344,31.43000030517578,31.489999771118164,220896,0.0,0.0,0.0
2022-12-08 11:30:00-05:00,31.5,31.524999618530273,31.454999923706055,31.489999771118164,162621,0.0,0.0,0.0
2022-12-08 12:30:00-05:00,31.479999542236328,31.549999237060547,31.479999542236328,31.549999237060547,257304,0.0,0.0,0.0
2022-12-08 13:30:00-05:00,31.549999237060547,31.584999084472656,31.469999313354492,31.489900588989258,147499,0.0,0.0,0.0
2022-12-08 14:30:00-05:00,31.489999771118164,31.524999618530273,31.469999313354492,31.520000457763672,139671,0.0,0.0,0.0
2022-12-08 15:30:00-05:00,31.524999618530273,31.540000915527344,31.475000381469727,31.530000686645508,236340,0.0,0.0,0.0
2022-12-09 09:30:00-05:00,31.559999465942383,31.68000030517578,31.545000076293945,31.59000015258789,381822,0.0,0.0,0.0
2022-12-09 10:30:00-05:00,31.59000015258789,31.684999465942383,31.575000762939453,31.670000076293945,140512,0.0,0.0,0.0
2022-12-09 11:30:00-05:00,31.674999237060547,31.729999542236328,31.610000610351562,31.6200008392334,320655,0.0,0.0,0.0
2022-12-09 12:30:00-05:00,31.6299991607666,31.639999389648438,31.540000915527344,31.56999969482422,495065,0.0,0.0,0.0
2022-12-09 13:30:00-05:00,31.559999465942383,31.594999313354492,31.520000457763672,31.59000015258789,331401,0.0,0.0,0.0
2022-12-09 14:30:00-05:00,31.59000015258789,31.600000381469727,31.540000915527344,31.545000076293945,116938,0.0,0.0,0.0
2022-12-09 15:30:00-05:00,31.540000915527344,31.549999237060547,31.454999923706055,31.510000228881836,688351,0.0,0.0,0.0
2022-12-12 09:30:00-05:00,31.469999313354492,31.53499984741211,31.44499969482422,31.489999771118164,337833,0.0,0.0,0.0
2022-12-12 10:30:00-05:00,31.479999542236328,31.520000457763672,31.3700008392334,31.450000762939453,545553,0.0,0.0,0.0
2022-12-12 11:30:00-05:00,31.459999084472656,31.514999389648438,31.430099487304688,31.466899871826172,337028,0.0,0.0,0.0
2022-12-12 12:30:00-05:00,31.459999084472656,31.485000610351562,31.405000686645508,31.415000915527344,220936,0.0,0.0,0.0
2022-12-12 13:30:00-05:00,31.420000076293945,31.44499969482422,31.3799991607666,31.40999984741211,919429,0.0,0.0,0.0
2022-12-12 14:30:00-05:00,31.40999984741211,31.524200439453125,31.399999618530273,31.507299423217773,280706,0.0,0.0,0.0
2022-12-12 15:30:00-05:00,31.510000228881836,31.540000915527344,31.5,31.540000915527344,509923,0.0,0.0,0.0
2022-12-13 09:30:00-05:00,31.719999313354492,31.829999923706055,31.59000015258789,31.600000381469727,730219,0.0,0.0,0.0
2022-12-13 10:30:00-05:00,31.594999313354492,31.65999984741211,31.459999084472656,31.5,508732,0.0,0.0,0.0
2022-12-13 11:30:00-05:00,31.5,31.540000915527344,31.34000015258789,31.3799991607666,251103,0.0,0.0,0.0
2022-12-13 12:30:00-05:00,31.3700008392334,31.474199295043945,31.290000915527344,31.450000762939453,1875732,0.0,0.0,0.0
2022-12-13 13:30:00-05:00,31.450000762939453,31.479999542236328,31.375,31.43000030517578,526592,0.0,0.0,0.0
2022-12-13 14:30:00-05:00,31.43000030517578,31.510000228881836,31.360000610351562,31.469999313354492,524325,0.0,0.0,0.0
2022-12-13 15:30:00-05:00,31.475000381469727,31.5049991607666,31.4325008392334,31.434999465942383,505544,0.0,0.0,0.0
2022-12-14 09:30:00-05:00,31.479999542236328,31.545000076293945,31.469999313354492,31.53499984741211,248197,0.0,0.0,0.0
2022-12-14 10:30:00-05:00,31.53499984741211,31.635000228881836,31.5,31.6299991607666,244098,0.0,0.0,0.0
2022-12-14 11:30:00-05:00,31.6299991607666,31.65999984741211,31.579999923706055,31.614999771118164,648239,0.0,0.0,0.0
2022-12-14 12:30:00-05:00,31.614999771118164,31.670000076293945,31.600000381469727,31.665000915527344,566775,0.0,0.0,0.0
2022-12-14 13:30:00-05:00,31.65999984741211,31.729999542236328,31.370100021362305,31.479999542236328,355722,0.0,0.0,0.0
2022-12-14 14:30:00-05:00,31.489999771118164,31.690000534057617,31.280000686645508,31.489999771118164,661398,0.0,0.0,0.0
2022-12-14 15:30:00-05:00,31.479999542236328,31.59000015258789,31.450000762939453,31.479999542236328,353761,0.0,0.0,0.0
2022-12-15 09:30:00-05:00,31.200000762939453,31.219999313354492,30.90999984741211,30.940000534057617,487143,0.0,0.0,0.0
2022-12-15 10:30:00-05:00,30.940000534057617,31.0,30.84000015258789,30.860000610351562,583614,0.0,0.0,0.0
2022-12-15 11:30:00-05:00,30.8700008392334,30.90999984741211,30.81999969482422,30.8799991607666,1546870,0.0,0.0,0.0
2022-12-15 12:30:00-05:00,30.885000228881836,30.905000686645508,30.770000457763672,30.829999923706055,865375,0.0,0.0,0.0
2022-12-15 13:30:00-05:00,30.825000762939453,30.889999389648438,30.809999465942383,30.864999771118164,818254,0.0,0.0,0.0
2022-12-15 14:30:00-05:00,30.860000610351562,30.959999084472656,30.860000610351562,30.920000076293945,562925,0.0,0.0,0.0
2022-12-15 15:30:00-05:00,30.924999237060547,30.931100845336914,30.860000610351562,30.90999984741211,453228,0.0,0.0,0.0
2022-12-16 09:30:00-05:00,30.3799991607666,30.540000915527344,30.280000686645508,30.290000915527344,509220,0.0,0.0,0.0
2022-12-16 10:30:00-05:00,30.28499984741211,30.397499084472656,30.25,30.344999313354492,210085,0.0,0.0,0.0
2022-12-16 11:30:00-05:00,30.344999313354492,30.399999618530273,30.315000534057617,30.395000457763672,577316,0.0,0.0,0.0
2022-12-16 12:30:00-05:00,30.399999618530273,30.440000534057617,30.360000610351562,30.360000610351562,390425,0.0,0.0,0.0
2022-12-16 13:30:00-05:00,30.360000610351562,30.415000915527344,30.354999542236328,30.364999771118164,275402,0.0,0.0,0.0
2022-12-16 14:30:00-05:00,30.364999771118164,30.450000762939453,30.34000015258789,30.440000534057617,259263,0.0,0.0,0.0
2022-12-16 15:30:00-05:00,30.44499969482422,30.469999313354492,30.389999389648438,30.40999984741211,546109,0.0,0.0,0.0
2022-12-19 09:30:00-05:00,30.56999969482422,30.635000228881836,30.520000457763672,30.614999771118164,311598,0.0,0.0,0.0
2022-12-19 10:30:00-05:00,30.610000610351562,30.610000610351562,30.40999984741211,30.540000915527344,331124,0.0,0.0,0.0
2022-12-19 11:30:00-05:00,30.540000915527344,30.559900283813477,30.469999313354492,30.540000915527344,233085,0.0,0.0,0.0
2022-12-19 12:30:00-05:00,30.540000915527344,30.565000534057617,30.485000610351562,30.489999771118164,302930,0.0,0.0,0.0
2022-12-19 13:30:00-05:00,30.489999771118164,30.489999771118164,30.350000381469727,30.350000381469727,164709,0.0,0.0,0.0
2022-12-19 14:30:00-05:00,30.360000610351562,30.385000228881836,30.31999969482422,30.34000015258789,206319,0.0,0.0,0.0
2022-12-19 15:30:00-05:00,30.344999313354492,30.399999618530273,30.34000015258789,30.385000228881836,348600,0.0,0.0,0.0
2022-12-20 09:30:00-05:00,30.399999618530273,30.575000762939453,30.389999389648438,30.566699981689453,191780,0.0,0.0,0.0
2022-12-20 10:30:00-05:00,30.579999923706055,30.594999313354492,30.40999984741211,30.420000076293945,176713,0.0,0.0,0.0
2022-12-20 11:30:00-05:00,30.424999237060547,30.545000076293945,30.424999237060547,30.510000228881836,111285,0.0,0.0,0.0
2022-12-20 12:30:00-05:00,30.510000228881836,30.549999237060547,30.479999542236328,30.540000915527344,85282,0.0,0.0,0.0
2022-12-20 13:30:00-05:00,30.545000076293945,30.584999084472656,30.524999618530273,30.549999237060547,90065,0.0,0.0,0.0
2022-12-20 14:30:00-05:00,30.559999465942383,30.559999465942383,30.510000228881836,30.540000915527344,123705,0.0,0.0,0.0
2022-12-20 15:30:00-05:00,30.540000915527344,30.579999923706055,30.520000457763672,30.530000686645508,244430,0.0,0.0,0.0
2022-12-21 09:30:00-05:00,30.690000534057617,30.799999237060547,30.65999984741211,30.795000076293945,113696,0.0,0.0,0.0
2022-12-21 10:30:00-05:00,30.795000076293945,30.885000228881836,30.795000076293945,30.844999313354492,145396,0.0,0.0,0.0
2022-12-21 11:30:00-05:00,30.84000015258789,30.8799991607666,30.78499984741211,30.809999465942383,180668,0.0,0.0,0.0
2022-12-21 12:30:00-05:00,30.81800079345703,30.899999618530273,30.809999465942383,30.850000381469727,157820,0.0,0.0,0.0
2022-12-21 13:30:00-05:00,30.850000381469727,30.96500015258789,30.850000381469727,30.93000030517578,145183,0.0,0.0,0.0
2022-12-21 14:30:00-05:00,30.93000030517578,30.950000762939453,30.8700008392334,30.885000228881836,152299,0.0,0.0,0.0
2022-12-21 15:30:00-05:00,30.885000228881836,30.920000076293945,30.875,30.8799991607666,193286,0.0,0.0,0.0
2022-12-22 09:30:00-05:00,30.770000457763672,30.770000457763672,30.610000610351562,30.6299991607666,235564,0.0,0.0,0.0
2022-12-22 10:30:00-05:00,30.610000610351562,30.639999389648438,30.520000457763672,30.530000686645508,2407146,0.0,0.0,0.0
2022-12-22 11:30:00-05:00,30.524999618530273,30.59000015258789,30.43000030517578,30.440000534057617,165008,0.0,0.0,0.0
2022-12-22 12:30:00-05:00,30.440000534057617,30.450000762939453,30.350099563598633,30.360000610351562,112033,0.0,0.0,0.0
2022-12-22 13:30:00-05:00,30.350099563598633,30.420000076293945,30.325000762939453,30.420000076293945,125947,0.0,0.0,0.0
2022-12-22 14:30:00-05:00,30.420000076293945,30.6299991607666,30.415000915527344,30.614999771118164,609399,0.0,0.0,0.0
2022-12-22 15:30:00-05:00,30.6200008392334,30.6299991607666,30.56999969482422,30.6200008392334,532040,0.0,0.0,0.0
2022-12-23 09:30:00-05:00,30.540000915527344,30.75,30.530000686645508,30.729999542236328,349210,0.0,0.0,0.0
2022-12-23 10:30:00-05:00,30.770000457763672,30.81999969482422,30.68000030517578,30.719999313354492,185925,0.0,0.0,0.0
2022-12-23 11:30:00-05:00,30.71500015258789,30.799999237060547,30.709999084472656,30.78499984741211,97656,0.0,0.0,0.0
2022-12-23 12:30:00-05:00,30.78499984741211,30.802099227905273,30.700000762939453,30.725000381469727,122613,0.0,0.0,0.0
2022-12-23 13:30:00-05:00,30.729999542236328,30.735000610351562,30.665000915527344,30.720800399780273,191424,0.0,0.0,0.0
2022-12-23 14:30:00-05:00,30.725000381469727,30.790000915527344,30.719999313354492,30.743499755859375,130406,0.0,0.0,0.0
2022-12-23 15:30:00-05:00,30.739999771118164,30.809999465942383,30.729999542236328,30.799999237060547,96538,0.0,0.0,0.0
2022-12-27 09:30:00-05:00,30.84000015258789,30.899999618530273,30.729999542236328,30.889999389648438,276720,0.0,0.0,0.0
2022-12-27 10:30:00-05:00,30.8799991607666,30.890300750732422,30.815000534057617,30.84000015258789,179376,0.0,0.0,0.0
2022-12-27 11:30:00-05:00,30.844999313354492,30.8799991607666,30.81999969482422,30.844999313354492,164484,0.0,0.0,0.0
2022-12-27 12:30:00-05:00,30.844999313354492,30.844999313354492,30.790000915527344,30.825000762939453,88699,0.0,0.0,0.0
2022-12-27 13:30:00-05:00,30.81999969482422,30.850000381469727,30.780000686645508,30.780000686645508,71002,0.0,0.0,0.0
2022-12-27 14:30:00-05:00,30.780000686645508,30.829999923706055,30.75,30.829999923706055,114443,0.0,0.0,0.0
2022-12-27 15:30:00-05:00,30.829999923706055,30.8799991607666,30.829999923706055,30.829999923706055,208021,0.0,0.0,0.0
2022-12-28 09:30:00-05:00,31.030000686645508,31.1200008392334,30.829999923706055,30.834999084472656,312876,0.0,0.0,0.0
2022-12-28 10:30:00-05:00,30.84000015258789,30.84000015258789,30.709999084472656,30.709999084472656,235665,0.0,0.0,0.0
2022-12-28 11:30:00-05:00,30.719999313354492,30.719999313354492,30.6299991607666,30.65999984741211,160307,0.0,0.0,0.0
2022-12-28 12:30:00-05:00,30.670000076293945,30.799999237060547,30.65999984741211,30.735000610351562,123869,0.0,0.0,0.0
2022-12-28 13:30:00-05:00,30.729999542236328,30.729999542236328,30.635000228881836,30.670000076293945,99358,0.0,0.0,0.0
2022-12-28 14:30:00-05:00,30.65999984741211,30.69499969482422,30.594999313354492,30.600000381469727,250155,0.0,0.0,0.0
2022-12-28 15:30:00-05:00,30.600000381469727,30.614999771118164,30.540000915527344,30.540000915527344,178480,0.0,0.0,0.0
2022-12-29 09:30:00-05:00,30.729999542236328,30.795000076293945,30.700000762939453,30.75,109370,0.0,0.0,0.0
2022-12-29 10:30:00-05:00,30.75,30.84000015258789,30.75,30.81909942626953,83118,0.0,0.0,0.0
2022-12-29 11:30:00-05:00,30.81999969482422,30.885000228881836,30.81999969482422,30.850000381469727,37433,0.0,0.0,0.0
2022-12-29 12:30:00-05:00,30.854999542236328,30.889999389648438,30.829999923706055,30.850000381469727,83160,0.0,0.0,0.0
2022-12-29 13:30:00-05:00,30.850000381469727,30.885000228881836,30.84000015258789,30.850000381469727,88463,0.0,0.0,0.0
2022-12-29 14:30:00-05:00,30.850000381469727,30.875,30.815000534057617,30.829999923706055,57083,0.0,0.0,0.0
2022-12-29 15:30:00-05:00,30.834999084472656,30.844999313354492,30.799999237060547,30.809999465942383,182400,0.0,0.0,0.0
2022-12-30 09:30:00-05:00,30.6299991607666,30.799999237060547,30.625,30.65999984741211,182765,0.0,0.0,0.0
2022-12-30 10:30:00-05:00,30.670000076293945,30.700000762939453,30.56999969482422,30.579999923706055,172862,0.0,0.0,0.0
2022-12-30 11:30:00-05:00,30.579999923706055,30.635000228881836,30.559999465942383,30.6299991607666,116128,0.0,0.0,0.0
2022-12-30 12:30:00-05:00,30.635000228881836,30.700000762939453,30.559999465942383,30.614999771118164,324071,0.0,0.0,0.0
2022-12-30 13:30:00-05:00,30.610000610351562,30.645000457763672,30.575000762939453,30.614999771118164,157895,0.0,0.0,0.0
2022-12-30 14:30:00-05:00,30.614999771118164,30.639999389648438,30.559999465942383,30.6299991607666,180596,0.0,0.0,0.0
2022-12-30 15:30:00-05:00,30.6299991607666,30.7549991607666,30.625,30.674999237060547,694613,0.0,0.0,0.0
2023-01-03 09:30:00-05:00,30.920000076293945,31.110000610351562,30.829999923706055,30.854999542236328,376948,0.0,0.0,0.0
2023-01-03 10:30:00-05:00,30.860000610351562,31.00790023803711,30.80500030517578,30.84000015258789,255746,0.0,0.0,0.0
2023-01-03 11:30:00-05:00,30.829999923706055,30.834999084472656,30.719999313354492,30.725000381469727,401743,0.0,0.0,0.0
2023-01-03 12:30:00-05:00,30.719999313354492,30.799999237060547,30.670000076293945,30.799999237060547,181698,0.0,0.0,0.0
2023-01-03 13:30:00-05:00,30.790000915527344,30.799999237060547,30.709999084472656,30.729999542236328,186619,0.0,0.0,0.0
2023-01-03 14:30:00-05:00,30.729999542236328,30.829999923706055,30.69499969482422,30.760000228881836,246254,0.0,0.0,0.0
2023-01-03 15:30:00-05:00,30.760000228881836,30.79789924621582,30.760000228881836,30.780000686645508,246807,0.0,0.0,0.0
2023-01-04 09:30:00-05:00,31.040000915527344,31.1299991607666,30.8799991607666,31.0,385256,0.0,0.0,0.0
2023-01-04 10:30:00-05:00,31.0049991607666,31.059999465942383,30.959999084472656,31.020000457763672,116798,0.0,0.0,0.0
2023-01-04 11:30:00-05:00,31.020000457763672,31.139999389648438,31.020000457763672,31.125,84054,0.0,0.0,0.0
2023-01-04 12:30:00-05:00,31.1299991607666,31.165000915527344,31.09000015258789,31.1200008392334,182537,0.0,0.0,0.0
2023-01-04 13:30:00-05:00,31.114999771118164,31.1299991607666,30.979999542236328,30.979999542236328,236397,0.0,0.0,0.0
2023-01-04 14:30:00-05:00,30.979999542236328,31.094999313354492,30.979999542236328,31.06999969482422,180344,0.0,0.0,0.0
2023-01-04 15:30:00-05:00,31.059999465942383,31.1200008392334,31.014999389648438,31.110000610351562,466605,0.0,0.0,0.0
2023-01-05 09:30:00-05:00,30.93000030517578,31.049999237060547,30.895000457763672,30.90999984741211,488378,0.0,0.0,0.0
2023-01-05 10:30:00-05:00,30.90999984741211,30.950000762939453,30.8700008392334,30.940000534057617,237675,0.0,0.0,0.0
2023-01-05 11:30:00-05:00,30.93000030517578,30.975000381469727,30.885000228881836,30.969999313354492,82101,0.0,0.0,0.0
2023-01-05 12:30:00-05:00,30.959999084472656,31.040000915527344,30.934999465942383,31.010000228881836,70146,0.0,0.0,0.0
2023-01-05 13:30:00-05:00,31.010000228881836,31.049999237060547,30.979999542236328,30.979999542236328,79155,0.0,0.0,0.0
2023-01-05 14:30:00-05:00,30.989999771118164,31.049999237060547,30.96500015258789,30.979999542236328,123683,0.0,0.0,0.0
2023-01-05 15:30:00-05:00,30.969999313354492,30.989999771118164,30.950000762939453,30.96500015258789,254079,0.0,0.0,0.0
2023-01-06 09:30:00-05:00,31.100000381469727,31.389999389648438,31.010000228881836,31.329999923706055,641605,0.0,0.0,0.0
2023-01-06 10:30:00-05:00,31.325000762939453,31.520000457763672,31.325000762939453,31.510000228881836,1387253,0.0,0.0,0.0
2023-01-06 11:30:00-05:00,31.510000228881836,31.579999923706055,31.5,31.559999465942383,224095,0.0,0.0,0.0
2023-01-06 12:30:00-05:00,31.559999465942383,31.600000381469727,31.540000915527344,31.600000381469727,107185,0.0,0.0,0.0
2023-01-06 13:30:00-05:00,31.600000381469727,31.684999465942383,31.59000015258789,31.665000915527344,212655,0.0,0.0,0.0
2023-01-06 14:30:00-05:00,31.665000915527344,31.729999542236328,31.665000915527344,31.709999084472656,255208,0.0,0.0,0.0
2023-01-06 15:30:00-05:00,31.709999084472656,31.739999771118164,31.690000534057617,31.700000762939453,339050,0.0,0.0,0.0
2023-01-09 09:30:00-05:00,31.8799991607666,31.950000762939453,31.81999969482422,31.940000534057617,295795,0.0,0.0,0.0
2023-01-09 10:30:00-05:00,31.940000534057617,32.02000045776367,31.940000534057617,31.989999771118164,295482,0.0,0.0,0.0
2023-01-09 11:30:00-05:00,31.989999771118164,32.0,31.901199340820312,31.90999984741211,226549,0.0,0.0,0.0
2023-01-09 12:30:00-05:00,31.90999984741211,31.940000534057617,31.864999771118164,31.90999984741211,221132,0.0,0.0,0.0
2023-01-09 13:30:00-05:00,31.91010093688965,31.920000076293945,31.815000534057617,31.899999618530273,287203,0.0,0.0,0.0
2023-01-09 14:30:00-05:00,31.899999618530273,31.90999984741211,31.809999465942383,31.809999465942383,207585,0.0,0.0,0.0
2023-01-09 15:30:00-05:00,31.815000534057617,31.81999969482422,31.770000457763672,31.78499984741211,359433,0.0,0.0,0.0
2023-01-10 09:30:00-05:00,31.809999465942383,31.8799991607666,31.729999542236328,31.795000076293945,304920,0.0,0.0,0.0
2023-01-10 10:30:00-05:00,31.780000686645508,31.834999084472656,31.702800750732422,31.780000686645508,56652,0.0,0.0,0.0
2023-01-10 11:30:00-05:00,31.790000915527344,31.809999465942383,31.75,31.799999237060547,127318,0.0,0.0,0.0
2023-01-10 12:30:00-05:00,31.799999237060547,31.829999923706055,31.772899627685547,31.799999237060547,82228,0.0,0.0,0.0
2023-01-10 13:30:00-05:00,31.799999237060547,31.8799991607666,31.790000915527344,31.8700008392334,68032,0.0,0.0,0.0
2023-01-10 14:30:00-05:00,31.8700008392334,31.8799991607666,31.834999084472656,31.860000610351562,94416,0.0,0.0,0.0
2023-01-10 15:30:00-05:00,31.860000610351562,31.889999389648438,31.850000381469727,31.8700008392334,454444,0.0,0.0,0.0
2023-01-11 09:30:00-05:00,32.02000045776367,32.02000045776367,31.93000030517578,31.950000762939453,193928,0.0,0.0,0.0
2023-01-11 10:30:00-05:00,31.940000534057617,31.940000534057617,31.799999237060547,31.829999923706055,191892,0.0,0.0,0.0
2023-01-11 11:30:00-05:00,31.825000762939453,31.864999771118164,31.809999465942383,31.834999084472656,135146,0.0,0.0,0.0
2023-01-11 12:30:00-05:00,31.834999084472656,31.93000030517578,31.80500030517578,31.860000610351562,734502,0.0,0.0,0.0
2023-01-11 13:30:00-05:00,31.860000610351562,31.899999618530273,31.860000610351562,31.8799991607666,713887,0.0,0.0,0.0
2023-01-11 14:30:00-05:00,31.875,31.969999313354492,31.8700008392334,31.950000762939453,688005,0.0,0.0,0.0
2023-01-11 15:30:00-05:00,31.950000762939453,32.0,31.93000030517578,31.9950008392334,328549,0.0,0.0,0.0
2023-01-12 09:30:00-05:00,32.15999984741211,32.209999084472656,31.844999313354492,32.11000061035156,2140806,0.0,0.0,0.0
2023-01-12 10:30:00-05:00,32.11000061035156,32.2599983215332,32.07500076293945,32.21900177001953,2093062,0.0,0.0,0.0
2023-01-12 11:30:00-05:00,32.22999954223633,32.34000015258789,32.150001525878906,32.334999084472656,163907,0.0,0.0,0.0
2023-01-12 12:30:00-05:00,32.334999084472656,32.440101623535156,32.33000183105469,32.33000183105469,181202,0.0,0.0,0.0
2023-01-12 13:30:00-05:00,32.33000183105469,32.41999816894531,32.31999969482422,32.34000015258789,102421,0.0,0.0,0.0
2023-01-12 14:30:00-05:00,32.34000015258789,32.39500045776367,32.31999969482422,32.3473014831543,127800,0.0,0.0,0.0
2023-01-12 15:30:00-05:00,32.34000015258789,32.375,32.310001373291016,32.369998931884766,223589,0.0,0.0,0.0
2023-01-13 09:30:00-05:00,32.34000015258789,32.59000015258789,32.34000015258789,32.54999923706055,414223,0.0,0.0,0.0
2023-01-13 10:30:00-05:00,32.560001373291016,32.58000183105469,32.459999084472656,32.5099983215332,324045,0.0,0.0,0.0
2023-01-13 11:30:00-05:00,32.5099983215332,32.525001525878906,32.439998626708984,32.51499938964844,103972,0.0,0.0,0.0
2023-01-13 12:30:00-05:00,32.5099983215332,32.540000915527344,32.5,32.51499938964844,54115,0.0,0.0,0.0
2023-01-13 13:30:00-05:00,32.52000045776367,32.58000183105469,32.51499938964844,32.57500076293945,75843,0.0,0.0,0.0
2023-01-13 14:30:00-05:00,32.57500076293945,32.599998474121094,32.54999923706055,32.599998474121094,79825,0.0,0.0,0.0
2023-01-13 15:30:00-05:00,32.599998474121094,32.6349983215332,32.599998474121094,32.61000061035156,323727,0.0,0.0,0.0
2023-01-17 09:30:00-05:00,32.75,32.84000015258789,32.68000030517578,32.69499969482422,306412,0.0,0.0,0.0
2023-01-17 10:30:00-05:00,32.70000076293945,32.70500183105469,32.60499954223633,32.68000030517578,211435,0.0,0.0,0.0
2023-01-17 11:30:00-05:00,32.68000030517578,32.71500015258789,32.63999938964844,32.63999938964844,135530,0.0,0.0,0.0
2023-01-17 12:30:00-05:00,32.63999938964844,32.68949890136719,32.625,32.66999816894531,123913,0.0,0.0,0.0
2023-01-17 13:30:00-05:00,32.665000915527344,32.689998626708984,32.63999938964844,32.689998626708984,242165,0.0,0.0,0.0
2023-01-17 14:30:00-05:00,32.689998626708984,32.72999954223633,32.67399978637695,32.685001373291016,91619,0.0,0.0,0.0
2023-01-17 15:30:00-05:00,32.685001373291016,32.70000076293945,32.665000915527344,32.69499969482422,218780,0.0,0.0,0.0
2023-01-18 09:30:00-05:00,33.040000915527344,33.09000015258789,32.95000076293945,33.0,328230,0.0,0.0,0.0
2023-01-18 10:30:00-05:00,33.0,33.0,32.80500030517578,32.84000015258789,180433,0.0,0.0,0.0
2023-01-18 11:30:00-05:00,32.84000015258789,32.84000015258789,32.66999816894531,32.689998626708984,154452,0.0,0.0,0.0
2023-01-18 12:30:00-05:00,32.68000030517578,32.70000076293945,32.62200164794922,32.63999938964844,111632,0.0,0.0,0.0
2023-01-18 13:30:00-05:00,32.63999938964844,32.709999084472656,32.61000061035156,32.70000076293945,2585801,0.0,0.0,0.0
2023-01-18 14:30:00-05:00,32.70000076293945,32.709999084472656,32.654998779296875,32.689998626708984,110009,0.0,0.0,0.0
2023-01-18 15:30:00-05:00,32.685001373291016,32.685001373291016,32.61000061035156,32.61000061035156,288037,0.0,0.0,0.0
2023-01-19 09:30:00-05:00,32.487998962402344,32.598201751708984,32.459999084472656,32.58000183105469,249107,0.0,0.0,0.0
2023-01-19 10:30:00-05:00,32.56999969482422,32.59000015258789,32.5099983215332,32.529998779296875,111247,0.0,0.0,0.0
2023-01-19 11:30:00-05:00,32.52000045776367,32.630001068115234,32.47999954223633,32.57500076293945,109167,0.0,0.0,0.0
2023-01-19 12:30:00-05:00,32.57500076293945,32.63999938964844,32.54499816894531,32.619998931884766,388321,0.0,0.0,0.0
2023-01-19 13:30:00-05:00,32.630001068115234,32.71500015258789,32.62779998779297,32.71500015258789,182725,0.0,0.0,0.0
2023-01-19 14:30:00-05:00,32.709999084472656,32.75,32.70000076293945,32.7400016784668,104306,0.0,0.0,0.0
2023-01-19 15:30:00-05:00,32.7400016784668,32.75,32.68000030517578,32.68000030517578,144692,0.0,0.0,0.0
2023-01-20 09:30:00-05:00,32.52000045776367,32.67499923706055,32.4900016784668,32.67499923706055,245829,0.0,0.0,0.0
2023-01-20 10:30:00-05:00,32.67499923706055,32.68000030517578,32.58000183105469,32.63999938964844,193078,0.0,0.0,0.0
2023-01-20 11:30:00-05:00,32.63999938964844,32.63999938964844,32.564998626708984,32.61000061035156,103008,0.0,0.0,0.0
2023-01-20 12:30:00-05:00,32.60499954223633,32.650001525878906,32.54999923706055,32.59000015258789,190662,0.0,0.0,0.0
2023-01-20 13:30:00-05:00,32.595001220703125,32.68000030517578,32.595001220703125,32.68000030517578,134800,0.0,0.0,0.0
2023-01-20 14:30:00-05:00,32.68000030517578,32.75,32.66999816894531,32.720001220703125,136816,0.0,0.0,0.0
2023-01-20 15:30:00-05:00,32.720001220703125,32.790000915527344,32.70000076293945,32.790000915527344,204816,0.0,0.0,0.0
2023-01-23 09:30:00-05:00,32.59000015258789,32.67499923706055,32.57500076293945,32.650001525878906,172908,0.0,0.0,0.0
2023-01-23 10:30:00-05:00,32.650001525878906,32.7599983215332,32.630001068115234,32.70000076293945,108721,0.0,0.0,0.0
2023-01-23 11:30:00-05:00,32.689998626708984,32.69089889526367,32.621700286865234,32.654998779296875,88599,0.0,0.0,0.0
2023-01-23 12:30:00-05:00,32.65620040893555,32.72999954223633,32.650001525878906,32.720001220703125,509816,0.0,0.0,0.0
2023-01-23 13:30:00-05:00,32.72999954223633,32.790000915527344,32.720001220703125,32.724998474121094,1415250,0.0,0.0,0.0
2023-01-23 14:30:00-05:00,32.72999954223633,32.73500061035156,32.6150016784668,32.67499923706055,429737,0.0,0.0,0.0
2023-01-23 15:30:00-05:00,32.68000030517578,32.7599983215332,32.65999984741211,32.7599983215332,169261,0.0,0.0,0.0
2023-01-24 09:30:00-05:00,32.29999923706055,32.38019943237305,32.21500015258789,32.38019943237305,284249,0.0,0.0,0.0
2023-01-24 10:30:00-05:00,32.380001068115234,32.470001220703125,32.32500076293945,32.470001220703125,126973,0.0,0.0,0.0
2023-01-24 11:30:00-05:00,32.470001220703125,32.474998474121094,32.404998779296875,32.440101623535156,306201,0.0,0.0,0.0
2023-01-24 12:30:00-05:00,32.439998626708984,32.470001220703125,32.40999984741211,32.46500015258789,76339,0.0,0.0,0.0
2023-01-24 13:30:00-05:00,32.46500015258789,32.470001220703125,32.415000915527344,32.45000076293945,57231,0.0,0.0,0.0
2023-01-24 14:30:00-05:00,32.44499969482422,32.5,32.439998626708984,32.46500015258789,102148,0.0,0.0,0.0
2023-01-24 15:30:00-05:00,32.46500015258789,32.470001220703125,32.40999984741211,32.46500015258789,277954,0.0,0.0,0.0
2023-01-25 09:30:00-05:00,32.279998779296875,32.45500183105469,32.2599983215332,32.380001068115234,325124,0.0,0.0,0.0
2023-01-25 10:30:00-05:00,32.38999938964844,32.43000030517578,32.290000915527344,32.415000915527344,229171,0.0,0.0,0.0
2023-01-25 11:30:00-05:00,32.41999816894531,32.529998779296875,32.40999984741211,32.505001068115234,488550,0.0,0.0,0.0
2023-01-25 12:30:00-05:00,32.505001068115234,32.619998931884766,32.505001068115234,32.60499954223633,158017,0.0,0.0,0.0
2023-01-25 13:30:00-05:00,32.60499954223633,32.630001068115234,32.56999969482422,32.584999084472656,918257,0.0,0.0,0.0
2023-01-25 14:30:00-05:00,32.58000183105469,32.6349983215332,32.560001373291016,32.595001220703125,410205,0.0,0.0,0.0
2023-01-25 15:30:00-05:00,32.595001220703125,32.630001068115234,32.58000183105469,32.630001068115234,382507,0.0,0.0,0.0
2023-01-26 09:30:00-05:00,32.63999938964844,32.70000076293945,32.48500061035156,32.564998626708984,184905,0.0,0.0,0.0
2023-01-26 10:30:00-05:00,32.560001373291016,32.57500076293945,32.463401794433594,32.529998779296875,62078,0.0,0.0,0.0
2023-01-26 11:30:00-05:00,32.529998779296875,32.61000061035156,32.505001068115234,32.599998474121094,60311,0.0,0.0,0.0
2023-01-26 12:30:00-05:00,32.59000015258789,32.61000061035156,32.560001373291016,32.61000061035156,60588,0.0,0.0,0.0
2023-01-26 13:30:00-05:00,32.619998931884766,32.665000915527344,32.61000061035156,32.6349983215332,261660,0.0,0.0,0.0
2023-01-26 14:30:00-05:00,32.63999938964844,32.72999954223633,32.63999938964844,32.720001220703125,68340,0.0,0.0,0.0
2023-01-26 15:30:00-05:00,32.709999084472656,32.75,32.709999084472656,32.72999954223633,159300,0.0,0.0,0.0
2023-01-27 09:30:00-05:00,32.54999923706055,32.654998779296875,32.459999084472656,32.54999923706055,321178,0.0,0.0,0.0
2023-01-27 10:30:00-05:00,32.54999923706055,32.57500076293945,32.400001525878906,32.564998626708984,204931,0.0,0.0,0.0
2023-01-27 11:30:00-05:00,32.56999969482422,32.6349983215332,32.56999969482422,32.61000061035156,441966,0.0,0.0,0.0
2023-01-27 12:30:00-05:00,32.608001708984375,32.665000915527344,32.584999084472656,32.595001220703125,322009,0.0,0.0,0.0
2023-01-27 13:30:00-05:00,32.599998474121094,32.650001525878906,32.58000183105469,32.650001525878906,179358,0.0,0.0,0.0
2023-01-27 14:30:00-05:00,32.650001525878906,32.689998626708984,32.630001068115234,32.654998779296875,233182,0.0,0.0,0.0
2023-01-27 15:30:00-05:00,32.654998779296875,32.65999984741211,32.560001373291016,32.59000015258789,1646188,0.0,0.0,0.0
2023-01-30 09:30:00-05:00,32.58000183105469,32.69499969482422,32.58000183105469,32.650001525878906,257076,0.0,0.0,0.0
2023-01-30 10:30:00-05:00,32.654998779296875,32.69499969482422,32.599998474121094,32.65999984741211,139396,0.0,0.0,0.0
2023-01-30 11:30:00-05:00,32.665000915527344,32.67499923706055,32.619998931884766,32.63999938964844,100324,0.0,0.0,0.0
2023-01-30 12:30:00-05:00,32.63999938964844,32.64500045776367,32.595001220703125,32.63010025024414,99004,0.0,0.0,0.0
2023-01-30 13:30:00-05:00,32.630001068115234,32.630001068115234,32.54999923706055,32.560001373291016,135590,0.0,0.0,0.0
2023-01-30 14:30:00-05:00,32.55500030517578,32.58000183105469,32.53499984741211,32.540000915527344,99179,0.0,0.0,0.0
2023-01-30 15:30:00-05:00,32.540000915527344,32.584999084472656,32.529998779296875,32.529998779296875,198121,0.0,0.0,0.0
2023-01-31 09:30:00-05:00,32.36000061035156,32.40999984741211,32.310001373291016,32.3849983215332,143638,0.0,0.0,0.0
2023-01-31 10:30:00-05:00,32.38999938964844,32.470001220703125,32.38999938964844,32.45000076293945,71960,0.0,0.0,0.0
2023-01-31 11:30:00-05:00,32.45000076293945,32.494998931884766,32.435001373291016,32.459999084472656,109632,0.0,0.0,0.0
2023-01-31 12:30:00-05:00,32.459999084472656,32.47999954223633,32.45000076293945,32.474998474121094,42842,0.0,0.0,0.0
2023-01-31 13:30:00-05:00,32.47999954223633,32.5099983215332,32.470001220703125,32.505001068115234,66864,0.0,0.0,0.0
2023-01-31 14:30:00-05:00,32.505001068115234,32.52000045776367,32.459999084472656,32.470001220703125,54341,0.0,0.0,0.0
2023-01-31 15:30:00-05:00,32.474998474121094,32.584999084472656,32.474998474121094,32.58000183105469,263129,0.0,0.0,0.0
2023-02-01 09:30:00-05:00,32.4900016784668,32.540000915527344,32.349998474121094,32.38999938964844,148557,0.0,0.0,0.0
2023-02-01 10:30:00-05:00,32.38999938964844,32.41999816894531,32.31999969482422,32.35499954223633,1310958,0.0,0.0,0.0
2023-02-01 11:30:00-05:00,32.349998474121094,32.380001068115234,32.27000045776367,32.27000045776367,183383,0.0,0.0,0.0
2023-02-01 12:30:00-05:00,32.275001525878906,32.30500030517578,32.22999954223633,32.29999923706055,460937,0.0,0.0,0.0
2023-02-01 13:30:00-05:00,32.29999923706055,32.380001068115234,32.220001220703125,32.314998626708984,116357,0.0,0.0,0.0
2023-02-01 14:30:00-05:00,32.31999969482422,32.7400016784668,32.20000076293945,32.71500015258789,869622,0.0,0.0,0.0
2023-02-01 15:30:00-05:00,32.71500015258789,32.80500030517578,32.630001068115234,32.68000030517578,614766,0.0,0.0,0.0
2023-02-02 09:30:00-05:00,32.68000030517578,32.70000076293945,32.27000045776367,32.38999938964844,419139,0.0,0.0,0.0
2023-02-02 10:30:00-05:00,32.38999938964844,32.4900016784668,32.38999938964844,32.459999084472656,275412,0.0,0.0,0.0
2023-02-02 11:30:00-05:00,32.45000076293945,32.46500015258789,32.3849983215332,32.456600189208984,461090,0.0,0.0,0.0
2023-02-02 12:30:00-05:00,32.459999084472656,32.470001220703125,32.38999938964844,32.42499923706055,223940,0.0,0.0,0.0
2023-02-02 13:30:00-05:00,32.43000030517578,32.4900016784668,32.36000061035156,32.36000061035156,234625,0.0,0.0,0.0
2023-02-02 14:30:00-05:00,32.36000061035156,32.375,32.310001373291016,32.35499954223633,267746,0.0,0.0,0.0
2023-02-02 15:30:00-05:00,32.36000061035156,32.38990020751953,32.32500076293945,32.369998931884766,502032,0.0,0.0,0.0
2023-02-03 09:30:00-05:00,32.2400016784668,32.44499969482422,32.15999984741211,32.369998931884766,269576,0.0,0.0,0.0
2023-02-03 10:30:00-05:00,32.36000061035156,32.43000030517578,32.310001373291016,32.36000061035156,910925,0.0,0.0,0.0
2023-02-03 11:30:00-05:00,32.36000061035156,32.369998931884766,32.290000915527344,32.36000061035156,220434,0.0,0.0,0.0
2023-02-03 12:30:00-05:00,32.35499954223633,32.38999938964844,32.224998474121094,32.25,140561,0.0,0.0,0.0
2023-02-03 13:30:00-05:00,32.2400016784668,32.2599983215332,32.189998626708984,32.21179962158203,197575,0.0,0.0,0.0
2023-02-03 14:30:00-05:00,32.20000076293945,32.2400016784668,32.16999816894531,32.21500015258789,92574,0.0,0.0,0.0
2023-02-03 15:30:00-05:00,32.220001220703125,32.25,32.19499969482422,32.22999954223633,144685,0.0,0.0,0.0
2023-02-06 09:30:00-05:00,32.02000045776367,32.060001373291016,31.809999465942383,31.81999969482422,287019,0.0,0.0,0.0
2023-02-06 10:30:00-05:00,31.809999465942383,31.905000686645508,31.790000915527344,31.8799991607666,108308,0.0,0.0,0.0
2023-02-06 11:30:00-05:00,31.885000228881836,31.895000457763672,31.81999969482422,31.850000381469727,91582,0.0,0.0,0.0
2023-02-06 12:30:00-05:00,31.850000381469727,31.889999389648438,31.84000015258789,31.8799991607666,39760,0.0,0.0,0.0
2023-02-06 13:30:00-05:00,31.8700008392334,31.959999084472656,31.8700008392334,31.959999084472656,41709,0.0,0.0,0.0
2023-02-06 14:30:00-05:00,31.954999923706055,31.959999084472656,31.895000457763672,31.899999618530273,300290,0.0,0.0,0.0
2023-02-06 15:30:00-05:00,31.889999389648438,31.93000030517578,31.8700008392334,31.924999237060547,344594,0.0,0.0,0.0
2023-02-07 09:30:00-05:00,31.850000381469727,31.915000915527344,31.815000534057617,31.860000610351562,153675,0.0,0.0,0.0
2023-02-07 10:30:00-05:00,31.850000381469727,31.9950008392334,31.850000381469727,31.989999771118164,82848,0.0,0.0,0.0
2023-02-07 11:30:00-05:00,31.989999771118164,32.01499938964844,31.96500015258789,31.96500015258789,212108,0.0,0.0,0.0
2023-02-07 12:30:00-05:00,31.969999313354492,32.29999923706055,31.950000762939453,31.979999542236328,303198,0.0,0.0,0.0
2023-02-07 13:30:00-05:00,31.959999084472656,32.130001068115234,31.8799991607666,32.11000061035156,118765,0.0,0.0,0.0
2023-02-07 14:30:00-05:00,32.1150016784668,32.189998626708984,32.099998474121094,32.189998626708984,125176,0.0,0.0,0.0
2023-02-07 15:30:00-05:00,32.19499969482422,32.275001525878906,32.18000030517578,32.2599983215332,210999,0.0,0.0,0.0
2023-02-08 09:30:00-05:00,32.380001068115234,32.41999816894531,32.279998779296875,32.29999923706055,254671,0.0,0.0,0.0
2023-02-08 10:30:00-05:00,32.310001373291016,32.33000183105469,32.224998474121094,32.244998931884766,160268,0.0,0.0,0.0
2023-02-08 11:30:00-05:00,32.25,32.30500030517578,32.20000076293945,32.29999923706055,122144,0.0,0.0,0.0
2023-02-08 12:30:00-05:00,32.29999923706055,32.334999084472656,32.25,32.290000915527344,63959,0.0,0.0,0.0
2023-02-08 13:30:00-05:00,32.290000915527344,32.30500030517578,32.255001068115234,32.27000045776367,92514,0.0,0.0,0.0
2023-02-08 14:30:00-05:00,32.26499938964844,32.279998779296875,32.20000076293945,32.220001220703125,88821,0.0,0.0,0.0
2023-02-08 15:30:00-05:00,32.22999954223633,32.27000045776367,32.220001220703125,32.2599983215332,121899,0.0,0.0,0.0
2023-02-09 09:30:00-05:00,32.849998474121094,32.900001525878906,32.709999084472656,32.720001220703125,534016,0.0,0.0,0.0
2023-02-09 10:30:00-05:00,32.71500015258789,32.75,32.650001525878906,32.65999984741211,465081,0.0,0.0,0.0
2023-02-09 11:30:00-05:00,32.665000915527344,32.689998626708984,32.619998931884766,32.679901123046875,162839,0.0,0.0,0.0
2023-02-09 12:30:00-05:00,32.665000915527344,32.66999816894531,32.54499816894531,32.58000183105469,168783,0.0,0.0,0.0
2023-02-09 13:30:00-05:00,32.56999969482422,32.61000061035156,32.5,32.505001068115234,95073,0.0,0.0,0.0
2023-02-09 14:30:00-05:00,32.5099983215332,32.525001525878906,32.44499969482422,32.45000076293945,140510,0.0,0.0,0.0
2023-02-09 15:30:00-05:00,32.45009994506836,32.505001068115234,32.41999816894531,32.470001220703125,201019,0.0,0.0,0.0
2023-02-10 09:30:00-05:00,32.43000030517578,32.43000030517578,32.28499984741211,32.38999938964844,167208,0.0,0.0,0.0
2023-02-10 10:30:00-05:00,32.38999938964844,32.40999984741211,32.255001068115234,32.31999969482422,163526,0.0,0.0,0.0
2023-02-10 11:30:00-05:00,32.314998626708984,32.35499954223633,32.27000045776367,32.290000915527344,57972,0.0,0.0,0.0
2023-02-10 12:30:00-05:00,32.290000915527344,32.369998931884766,32.290000915527344,32.349998474121094,99265,0.0,0.0,0.0
2023-02-10 13:30:00-05:00,32.349998474121094,32.369998931884766,32.310001373291016,32.32500076293945,64520,0.0,0.0,0.0
2023-02-10 14:30:00-05:00,32.31999969482422,32.36000061035156,32.314998626708984,32.349998474121094,74195,0.0,0.0,0.0
2023-02-10 15:30:00-05:00,32.349998474121094,32.38999938964844,32.345001220703125,32.36000061035156,104930,0.0,0.0,0.0
2023-02-13 09:30:00-05:00,32.529998779296875,32.720001220703125,32.5,32.71500015258789,133004,0.0,0.0,0.0
2023-02-13 10:30:00-05:00,32.720001220703125,32.77000045776367,32.68000030517578,32.72999954223633,1506166,0.0,0.0,0.0
2023-02-13 11:30:00-05:00,32.7400016784668,32.790000915527344,32.70000076293945,32.779998779296875,318924,0.0,0.0,0.0
2023-02-13 12:30:00-05:00,32.78499984741211,32.810001373291016,32.7599983215332,32.790000915527344,282060,0.0,0.0,0.0
2023-02-13 13:30:00-05:00,32.790000915527344,32.84000015258789,32.790000915527344,32.790000915527344,271435,0.0,0.0,0.0
2023-02-13 14:30:00-05:00,32.79999923706055,32.79999923706055,32.7599983215332,32.79999923706055,268010,0.0,0.0,0.0
2023-02-13 15:30:00-05:00,32.79999923706055,32.83000183105469,32.79499816894531,32.82500076293945,204977,0.0,0.0,0.0
2023-02-14 09:30:00-05:00,32.790000915527344,33.18000030517578,32.75,33.099998474121094,328617,0.0,0.0,0.0
2023-02-14 10:30:00-05:00,33.099998474121094,33.119998931884766,32.81999969482422,32.88999938964844,377096,0.0,0.0,0.0
2023-02-14 11:30:00-05:00,32.88999938964844,32.959999084472656,32.79999923706055,32.93000030517578,650694,0.0,0.0,0.0
2023-02-14 12:30:00-05:00,32.93000030517578,33.060001373291016,32.92959976196289,33.025001525878906,115558,0.0,0.0,0.0
2023-02-14 13:30:00-05:00,33.029998779296875,33.04499816894531,32.959999084472656,32.9900016784668,506485,0.0,0.0,0.0
2023-02-14 14:30:00-05:00,32.9900016784668,33.060001373291016,32.98500061035156,33.040000915527344,81109,0.0,0.0,0.0
2023-02-14 15:30:00-05:00,33.04499816894531,33.09000015258789,33.025001525878906,33.060001373291016,282047,0.0,0.0,0.0
2023-02-15 09:30:00-05:00,32.5,32.619998931884766,32.4900016784668,32.59000015258789,172362,0.0,0.0,0.0
2023-02-15 10:30:00-05:00,32.59000015258789,32.63999938964844,32.54999923706055,32.630001068115234,92459,0.0,0.0,0.0
2023-02-15 11:30:00-05:00,32.61000061035156,32.689998626708984,32.58000183105469,32.61000061035156,82913,0.0,0.0,0.0
2023-02-15 12:30:00-05:00,32.599998474121094,32.66999816894531,32.59000015258789,32.665000915527344,31313,0.0,0.0,0.0
2023-02-15 13:30:00-05:00,32.68000030517578,32.72999954223633,32.65999984741211,32.724998474121094,80396,0.0,0.0,0.0
2023-02-15 14:30:00-05:00,32.72010040283203,32.739898681640625,32.70000076293945,32.724998474121094,84983,0.0,0.0,0.0
2023-02-15 15:30:00-05:00,32.72999954223633,32.79499816894531,32.720001220703125,32.790000915527344,191810,0.0,0.0,0.0
2023-02-16 09:30:00-05:00,32.52000045776367,32.6349983215332,32.47999954223633,32.630001068115234,232273,0.0,0.0,0.0
2023-02-16 10:30:00-05:00,32.63999938964844,32.724998474121094,32.6349983215332,32.709999084472656,158283,0.0,0.0,0.0
2023-02-16 11:30:00-05:00,32.720001220703125,32.779998779296875,32.70000076293945,32.77000045776367,195518,0.0,0.0,0.0
2023-02-16 12:30:00-05:00,32.77000045776367,32.83000183105469,32.77000045776367,32.77000045776367,47716,0.0,0.0,0.0
2023-02-16 13:30:00-05:00,32.77000045776367,32.845001220703125,32.77000045776367,32.84000015258789,24739,0.0,0.0,0.0
2023-02-16 14:30:00-05:00,32.834999084472656,32.84000015258789,32.66999816894531,32.66999816894531,206821,0.0,0.0,0.0
2023-02-16 15:30:00-05:00,32.66999816894531,32.67499923706055,32.630001068115234,32.665000915527344,160878,0.0,0.0,0.0
2023-02-17 09:30:00-05:00,32.540000915527344,32.75,32.505001068115234,32.65999984741211,189401,0.0,0.0,0.0
2023-02-17 10:30:00-05:00,32.65999984741211,32.77000045776367,32.595001220703125,32.619998931884766,72359,0.0,0.0,0.0
2023-02-17 11:30:00-05:00,32.6150016784668,32.790000915527344,32.599998474121094,32.775001525878906,76628,0.0,0.0,0.0
2023-02-17 12:30:00-05:00,32.775001525878906,32.790000915527344,32.71500015258789,32.7599983215332,64828,0.0,0.0,0.0
2023-02-17 13:30:00-05:00,32.75,32.827999114990234,32.73500061035156,32.79999923706055,72613,0.0,0.0,0.0
2023-02-17 14:30:00-05:00,32.810001373291016,32.849998474121094,32.80500030517578,32.80500030517578,48431,0.0,0.0,0.0
2023-02-17 15:30:00-05:00,32.79999923706055,32.84000015258789,32.79010009765625,32.79999923706055,109143,0.0,0.0,0.0
2023-02-21 09:30:00-05:00,32.849998474121094,32.900001525878906,32.76499938964844,32.8849983215332,325975,0.0,0.0,0.0
2023-02-21 10:30:00-05:00,32.8849983215332,33.0099983215332,32.869998931884766,32.900001525878906,274042,0.0,0.0,0.0
2023-02-21 11:30:00-05:00,32.900001525878906,32.91999816894531,32.849998474121094,32.875,152343,0.0,0.0,0.0
2023-02-21 12:30:00-05:00,32.869998931884766,32.935001373291016,32.845001220703125,32.849998474121094,118303,0.0,0.0,0.0
2023-02-21 13:30:00-05:00,32.849998474121094,32.85409927368164,32.77000045776367,32.790000915527344,142413,0.0,0.0,0.0
2023-02-21 14:30:00-05:00,32.79499816894531,32.84000015258789,32.78499984741211,32.80500030517578,176568,0.0,0.0,0.0
2023-02-21 15:30:00-05:00,32.80500030517578,32.84000015258789,32.779998779296875,32.79999923706055,220864,0.0,0.0,0.0
2023-02-22 09:30:00-05:00,32.630001068115234,32.63999938964844,32.474998474121094,32.5099983215332,788340,0.0,0.0,0.0
2023-02-22 10:30:00-05:00,32.5099983215332,32.56999969482422,32.45500183105469,32.5099983215332,482278,0.0,0.0,0.0
2023-02-22 11:30:00-05:00,32.5,32.595001220703125,32.5,32.579898834228516,274359,0.0,0.0,0.0
2023-02-22 12:30:00-05:00,32.58000183105469,32.625,32.560001373291016,32.61000061035156,69032,0.0,0.0,0.0
2023-02-22 13:30:00-05:00,32.599998474121094,32.630001068115234,32.4900016784668,32.52000045776367,142720,0.0,0.0,0.0
2023-02-22 14:30:00-05:00,32.5099983215332,32.5099983215332,32.40679931640625,32.420101165771484,115772,0.0,0.0,0.0
2023-02-22 15:30:00-05:00,32.41999816894531,32.459999084472656,32.400001525878906,32.45000076293945,130063,0.0,0.0,0.0
2023-02-23 09:30:00-05:00,32.584999084472656,32.63999938964844,32.4900016784668,32.57500076293945,202264,0.0,0.0,0.0
2023-02-23 10:30:00-05:00,32.56999969482422,32.56999969482422,32.40999984741211,32.43000030517578,103059,0.0,0.0,0.0
2023-02-23 11:30:00-05:00,32.43000030517578,32.43000030517578,32.29499816894531,32.334999084472656,122046,0.0,0.0,0.0
2023-02-23 12:30:00-05:00,32.33000183105469,32.3849983215332,32.33000183105469,32.3650016784668,78271,0.0,0.0,0.0
2023-02-23 13:30:00-05:00,32.369998931884766,32.48500061035156,32.36000061035156,32.48500061035156,65736,0.0,0.0,0.0
2023-02-23 14:30:00-05:00,32.4900016784668,32.560001373291016,32.4900016784668,32.54999923706055,155825,0.0,0.0,0.0
2023-02-23 15:30:00-05:00,32.55500030517578,32.59000015258789,32.54999923706055,32.54999923706055,202773,0.0,0.0,0.0
2023-02-24 09:30:00-05:00,32.150001525878906,32.22999954223633,32.07500076293945,32.13999938964844,257140,0.0,0.0,0.0
2023-02-24 10:30:00-05:00,32.13999938964844,32.16999816894531,32.061100006103516,32.1599006652832,121635,0.0,0.0,0.0
2023-02-24 11:30:00-05:00,32.154998779296875,32.20000076293945,32.09000015258789,32.189998626708984,138313,0.0,0.0,0.0
2023-02-24 12:30:00-05:00,32.189998626708984,32.209999084472656,32.11000061035156,32.16999816894531,77044,0.0,0.0,0.0
2023-02-24 13:30:00-05:00,32.15999984741211,32.220001220703125,32.150001525878906,32.209999084472656,71914,0.0,0.0,0.0
2023-02-24 14:30:00-05:00,32.20500183105469,32.275001525878906,32.185001373291016,32.2400016784668,75792,0.0,0.0,0.0
2023-02-24 15:30:00-05:00,32.244998931884766,32.279998779296875,32.20500183105469,32.25,151735,0.0,0.0,0.0
2023-02-27 09:30:00-05:00,32.5099983215332,32.65999984741211,32.46049880981445,32.650001525878906,208387,0.0,0.0,0.0
2023-02-27 10:30:00-05:00,32.630001068115234,32.63999938964844,32.5099983215332,32.53499984741211,115685,0.0,0.0,0.0
2023-02-27 11:30:00-05:00,32.540000915527344,32.60499954223633,32.505001068115234,32.599998474121094,133898,0.0,0.0,0.0
2023-02-27 12:30:00-05:00,32.61000061035156,32.66999816894531,32.61000061035156,32.650001525878906,46636,0.0,0.0,0.0
2023-02-27 13:30:00-05:00,32.65999984741211,32.69499969482422,32.619998931884766,32.650001525878906,116646,0.0,0.0,0.0
2023-02-27 14:30:00-05:00,32.650001525878906,32.66999816894531,32.60499954223633,32.619998931884766,87302,0.0,0.0,0.0
2023-02-27 15:30:00-05:00,32.619998931884766,32.63999938964844,32.58000183105469,32.630001068115234,119382,0.0,0.0,0.0
2023-02-28 09:30:00-05:00,32.540000915527344,32.560001373291016,32.43000030517578,32.538700103759766,356274,0.0,0.0,0.0
2023-02-28 10:30:00-05:00,32.540000915527344,32.59000015258789,32.4900016784668,32.529998779296875,78210,0.0,0.0,0.0
2023-02-28 11:30:00-05:00,32.525001525878906,32.529998779296875,32.439998626708984,32.44499969482422,82152,0.0,0.0,0.0
2023-02-28 12:30:00-05:00,32.45000076293945,32.5099983215332,32.41999816894531,32.439998626708984,43646,0.0,0.0,0.0
2023-02-28 13:30:00-05:00,32.439998626708984,32.45000076293945,32.369998931884766,32.369998931884766,90858,0.0,0.0,0.0
2023-02-28 14:30:00-05:00,32.369998931884766,32.38999938964844,32.31999969482422,32.34000015258789,85219,0.0,0.0,0.0
2023-02-28 15:30:00-05:00,32.33000183105469,32.339900970458984,32.279998779296875,32.290000915527344,148180,0.0,0.0,0.0
2023-03-01 09:30:00-05:00,32.47999954223633,32.560001373291016,32.3650016784668,32.42499923706055,275018,0.0,0.0,0.0
2023-03-01 10:30:00-05:00,32.40999984741211,32.540000915527344,32.31999969482422,32.40999984741211,169376,0.0,0.0,0.0
2023-03-01 11:30:00-05:00,32.415000915527344,32.529998779296875,32.404998779296875,32.474998474121094,122191,0.0,0.0,0.0
2023-03-01 12:30:00-05:00,32.47999954223633,32.52000045776367,32.439998626708984,32.439998626708984,55448,0.0,0.0,0.0
2023-03-01 13:30:00-05:00,32.439998626708984,32.44499969482422,32.39500045776367,32.404998779296875,165344,0.0,0.0,0.0
2023-03-01 14:30:00-05:00,32.40999984741211,32.48500061035156,32.38999938964844,32.45000076293945,192816,0.0,0.0,0.0
2023-03-01 15:30:00-05:00,32.45000076293945,32.49610137939453,32.44499969482422,32.47999954223633,251987,0.0,0.0,0.0
2023-03-02 09:30:00-05:00,32.20000076293945,32.39690017700195,32.20000076293945,32.349998474121094,194959,0.0,0.0,0.0
2023-03-02 10:30:00-05:00,32.349998474121094,32.43000030517578,32.310001373291016,32.369998931884766,253594,0.0,0.0,0.0
2023-03-02 11:30:00-05:00,32.369998931884766,32.415000915527344,32.33000183105469,32.349998474121094,87643,0.0,0.0,0.0
2023-03-02 12:30:00-05:00,32.349998474121094,32.380001068115234,32.330101013183594,32.34000015258789,44864,0.0,0.0,0.0
2023-03-02 13:30:00-05:00,32.34000015258789,32.47999954223633,32.34000015258789,32.46500015258789,86272,0.0,0.0,0.0
2023-03-02 14:30:00-05:00,32.47999954223633,32.48500061035156,32.43000030517578,32.47999954223633,61569,0.0,0.0,0.0
2023-03-02 15:30:00-05:00,32.474998474121094,32.525001525878906,32.470001220703125,32.5,119503,0.0,0.0,0.0
2023-03-03 09:30:00-05:00,32.439998626708984,32.54999923706055,32.40999984741211,32.47999954223633,192047,0.0,0.0,0.0
2023-03-03 10:30:00-05:00,32.4900016784668,32.5,32.43669891357422,32.4995002746582,127480,0.0,0.0,0.0
2023-03-03 11:30:00-05:00,32.5,32.540000915527344,32.45500183105469,32.525001525878906,152141,0.0,0.0,0.0
2023-03-03 12:30:00-05:00,32.529998779296875,32.61000061035156,32.51499938964844,32.59000015258789,99799,0.0,0.0,0.0
2023-03-03 13:30:00-05:00,32.584999084472656,32.6349983215332,32.560001373291016,32.625,100114,0.0,0.0,0.0
2023-03-03 14:30:00-05:00,32.625,32.709999084472656,32.625,32.685001373291016,190843,0.0,0.0,0.0
2023-03-03 15:30:00-05:00,32.68000030517578,32.709999084472656,32.64500045776367,32.70000076293945,178121,0.0,0.0,0.0
2023-03-06 09:30:00-05:00,32.400001525878906,32.52000045776367,32.380001068115234,32.47999954223633,151606,0.0,0.0,0.0
2023-03-06 10:30:00-05:00,32.47999954223633,32.529998779296875,32.470001220703125,32.5099983215332,120217,0.0,0.0,0.0
2023-03-06 11:30:00-05:00,32.52000045776367,32.61000061035156,32.52000045776367,32.58000183105469,65038,0.0,0.0,0.0
2023-03-06 12:30:00-05:00,32.58000183105469,32.580101013183594,32.529998779296875,32.55009841918945,42848,0.0,0.0,0.0
2023-03-06 13:30:00-05:00,32.54999923706055,32.54999923706055,32.494998931884766,32.5099983215332,123297,0.0,0.0,0.0
2023-03-06 14:30:00-05:00,32.51499938964844,32.529998779296875,32.4900016784668,32.5,67123,0.0,0.0,0.0
2023-03-06 15:30:00-05:00,32.494998931884766,32.529998779296875,32.4900016784668,32.52000045776367,152793,0.0,0.0,0.0
2023-03-07 09:30:00-05:00,32.4900016784668,32.4900016784668,32.09000015258789,32.18000030517578,379876,0.0,0.0,0.0
2023-03-07 10:30:00-05:00,32.17499923706055,32.2400016784668,32.02000045776367,32.02000045776367,242024,0.0,0.0,0.0
2023-03-07 11:30:00-05:00,32.01499938964844,32.09000015258789,31.983999252319336,32.04499816894531,231756,0.0,0.0,0.0
2023-03-07 12:30:00-05:00,32.040000915527344,32.04999923706055,31.924999237060547,31.940000534057617,125594,0.0,0.0,0.0
2023-03-07 13:30:00-05:00,31.950000762939453,31.950000762939453,31.854999542236328,31.864999771118164,57883,0.0,0.0,0.0
2023-03-07 14:30:00-05:00,31.8700008392334,31.889999389648438,31.81999969482422,31.860000610351562,316945,0.0,0.0,0.0
2023-03-07 15:30:00-05:00,31.864999771118164,31.905000686645508,31.860000610351562,31.8799991607666,218874,0.0,0.0,0.0
2023-03-08 09:30:00-05:00,31.969999313354492,32.09000015258789,31.940000534057617,32.04999923706055,255367,0.0,0.0,0.0
2023-03-08 10:30:00-05:00,32.04999923706055,32.13999938964844,32.005001068115234,32.060001373291016,297137,0.0,0.0,0.0
2023-03-08 11:30:00-05:00,32.060001373291016,32.07500076293945,31.985000610351562,32.005001068115234,150957,0.0,0.0,0.0
2023-03-08 12:30:00-05:00,32.005001068115234,32.040000915527344,31.950000762939453,31.959999084472656,224831,0.0,0.0,0.0
2023-03-08 13:30:00-05:00,31.950000762939453,31.990100860595703,31.934999465942383,31.989999771118164,74831,0.0,0.0,0.0
2023-03-08 14:30:00-05:00,31.989900588989258,31.9950008392334,31.954999923706055,31.959999084472656,72179,0.0,0.0,0.0
2023-03-08 15:30:00-05:00,31.969999313354492,32.04999923706055,31.969900131225586,32.040000915527344,88480,0.0,0.0,0.0
2023-03-09 09:30:00-05:00,32.11000061035156,32.16999816894531,32.060001373291016,32.07500076293945,647754,0.0,0.0,0.0
2023-03-09 10:30:00-05:00,32.08000183105469,32.13999938964844,32.040000915527344,32.07500076293945,118532,0.0,0.0,0.0
2023-03-09 11:30:00-05:00,32.08000183105469,32.10499954223633,32.029998779296875,32.06999969482422,104988,0.0,0.0,0.0
2023-03-09 12:30:00-05:00,32.07500076293945,32.08000183105469,31.985000610351562,31.9950008392334,127898,0.0,0.0,0.0
2023-03-09 13:30:00-05:00,31.989999771118164,31.997299194335938,31.940000534057617,31.950000762939453,256277,0.0,0.0,0.0
2023-03-09 14:30:00-05:00,31.950000762939453,31.950000762939453,31.780000686645508,31.795000076293945,209737,0.0,0.0,0.0
2023-03-09 15:30:00-05:00,31.790000915527344,31.834999084472656,31.78499984741211,31.809999465942383,200048,0.0,0.0,0.0
2023-03-10 09:30:00-05:00,31.81999969482422,32.0,31.75,31.899999618530273,406239,0.0,0.0,0.0
2023-03-10 10:30:00-05:00,31.90999984741211,31.979999542236328,31.825000762939453,31.864999771118164,197706,0.0,0.0,0.0
2023-03-10 11:30:00-05:00,31.860000610351562,31.940000534057617,31.709999084472656,31.760000228881836,149707,0.0,0.0,0.0
2023-03-10 12:30:00-05:00,31.770000457763672,31.799999237060547,31.604999542236328,31.610000610351562,181572,0.0,0.0,0.0
2023-03-10 13:30:00-05:00,31.6200008392334,31.65999984741211,31.530000686645508,31.56999969482422,163923,0.0,0.0,0.0
2023-03-10 14:30:00-05:00,31.56999969482422,31.670000076293945,31.56999969482422,31.610000610351562,126516,0.0,0.0,0.0
2023-03-10 15:30:00-05:00,31.600000381469727,31.6200008392334,31.530000686645508,31.56999969482422,285688,0.0,0.0,0.0
2023-03-13 09:30:00-04:00,31.219999313354492,31.520000457763672,31.190000534057617,31.299999237060547,756041,0.0,0.0,0.0
2023-03-13 10:30:00-04:00,31.299999237060547,31.579999923706055,31.295000076293945,31.549999237060547,491081,0.0,0.0,0.0
2023-03-13 11:30:00-04:00,31.559999465942383,31.579999923706055,31.309999465942383,31.360000610351562,375165,0.0,0.0,0.0
2023-03-13 12:30:00-04:00,31.360000610351562,31.40999984741211,31.2450008392334,31.389999389648438,1770231,0.0,0.0,0.0
2023-03-13 13:30:00-04:00,31.3799991607666,31.479999542236328,31.34000015258789,31.454999923706055,1385571,0.0,0.0,0.0
2023-03-13 14:30:00-04:00,31.459999084472656,31.485000610351562,31.354999542236328,31.3700008392334,549472,0.0,0.0,0.0
2023-03-13 15:30:00-04:00,31.364999771118164,31.450000762939453,31.34000015258789,31.360000610351562,435853,0.0,0.0,0.0
2023-03-14 09:30:00-04:00,31.600000381469727,31.68000030517578,31.530000686645508,31.649999618530273,302794,0.0,0.0,0.0
2023-03-14 10:30:00-04:00,31.65999984741211,31.690000534057617,31.545000076293945,31.674999237060547,123360,0.0,0.0,0.0
2023-03-14 11:30:00-04:00,31.674999237060547,31.69499969482422,31.610000610351562,31.614999771118164,162688,0.0,0.0,0.0
2023-03-14 12:30:00-04:00,31.6299991607666,31.690000534057617,31.540000915527344,31.600000381469727,325948,0.0,0.0,0.0
2023-03-14 13:30:00-04:00,31.600000381469727,31.649999618530273,31.545000076293945,31.635000228881836,434189,0.0,0.0,0.0
2023-03-14 14:30:00-04:00,31.635000228881836,31.639999389648438,31.5049991607666,31.559999465942383,452854,0.0,0.0,0.0
2023-03-14 15:30:00-04:00,31.565000534057617,31.719999313354492,31.559999465942383,31.700000762939453,667749,0.0,0.0,0.0
2023-03-15 09:30:00-04:00,30.5,30.649999618530273,30.40999984741211,30.520000457763672,657316,0.0,0.0,0.0
2023-03-15 10:30:00-04:00,30.510000228881836,30.549999237060547,30.389999389648438,30.415000915527344,474158,0.0,0.0,0.0
2023-03-15 11:30:00-04:00,30.40999984741211,30.440000534057617,30.104999542236328,30.135000228881836,396204,0.0,0.0,0.0
2023-03-15 12:30:00-04:00,30.139999389648438,30.229999542236328,30.0,30.229999542236328,401290,0.0,0.0,0.0
2023-03-15 13:30:00-04:00,30.22480010986328,30.4950008392334,30.189899444580078,30.420000076293945,415112,0.0,0.0,0.0
2023-03-15 14:30:00-04:00,30.43000030517578,30.514999389648438,30.360000610351562,30.450000762939453,509459,0.0,0.0,0.0
2023-03-15 15:30:00-04:00,30.450000762939453,30.489999771118164,30.3799991607666,30.489999771118164,4325928,0.0,0.0,0.0
2023-03-16 09:30:00-04:00,30.239999771118164,30.530000686645508,30.225000381469727,30.34000015258789,585710,0.0,0.0,0.0
2023-03-16 10:30:00-04:00,30.350000381469727,30.670000076293945,30.329999923706055,30.6299991607666,416113,0.0,0.0,0.0
2023-03-16 11:30:00-04:00,30.6299991607666,30.736000061035156,30.55500030517578,30.649999618530273,275139,0.0,0.0,0.0
2023-03-16 12:30:00-04:00,30.649999618530273,30.795000076293945,30.610000610351562,30.78499984741211,327406,0.0,0.0,0.0
2023-03-16 13:30:00-04:00,30.790000915527344,30.790000915527344,30.71500015258789,30.760000228881836,282054,0.0,0.0,0.0
2023-03-16 14:30:00-04:00,30.760000228881836,30.81999969482422,30.719999313354492,30.809999465942383,763609,0.0,0.0,0.0
2023-03-16 15:30:00-04:00,30.809999465942383,30.899999618530273,30.780000686645508,30.899999618530273,535963,0.0,0.0,0.0
2023-03-17 09:30:00-04:00,30.520000457763672,30.6200008392334,30.399999618530273,30.459999084472656,1125400,0.0,0.0,0.0
2023-03-17 10:30:00-04:00,30.450000762939453,30.4950008392334,30.329999923706055,30.395000457763672,1403050,0.0,0.0,0.0
2023-03-17 11:30:00-04:00,30.3799991607666,30.510000228881836,30.329999923706055,30.489999771118164,168655,0.0,0.0,0.0
2023-03-17 12:30:00-04:00,30.5049991607666,30.54010009765625,30.459999084472656,30.479999542236328,144919,0.0,0.0,0.0
2023-03-17 13:30:00-04:00,30.489999771118164,30.545000076293945,30.434999465942383,30.454999923706055,101254,0.0,0.0,0.0
2023-03-17 14:30:00-04:00,30.450000762939453,30.540000915527344,30.440000534057617,30.510000228881836,137818,0.0,0.0,0.0
2023-03-17 15:30:00-04:00,30.510000228881836,30.510000228881836,30.420000076293945,30.440000534057617,186117,0.0,0.0,0.0
2023-03-20 09:30:00-04:00,30.790000915527344,30.950000762939453,30.770000457763672,30.950000762939453,331504,0.0,0.0,0.0
2023-03-20 10:30:00-04:00,30.940000534057617,31.075000762939453,30.90999984741211,31.075000762939453,503036,0.0,0.0,0.0
2023-03-20 11:30:00-04:00,31.079999923706055,31.094999313354492,30.94499969482422,31.030000686645508,168166,0.0,0.0,0.0
2023-03-20 12:30:00-04:00,31.045000076293945,31.15999984741211,31.024999618530273,31.1200008392334,106945,0.0,0.0,0.0
2023-03-20 13:30:00-04:00,31.1200008392334,31.135000228881836,31.06999969482422,31.110000610351562,67492,0.0,0.0,0.0
2023-03-20 14:30:00-04:00,31.100000381469727,31.1299991607666,31.059999465942383,31.084999084472656,154738,0.0,0.0,0.0
2023-03-20 15:30:00-04:00,31.084999084472656,31.100000381469727,31.065000534057617,31.084999084472656,151601,0.0,0.0,0.0
2023-03-21 09:30:00-04:00,31.520000457763672,31.59000015258789,31.354999542236328,31.389999389648438,339515,0.0,0.0,0.0
2023-03-21 10:30:00-04:00,31.389999389648438,31.480100631713867,31.3700008392334,31.375,187078,0.0,0.0,0.0
2023-03-21 11:30:00-04:00,31.3799991607666,31.405000686645508,31.315000534057617,31.385000228881836,137988,0.0,0.0,0.0
2023-03-21 12:30:00-04:00,31.3799991607666,31.43600082397461,31.34000015258789,31.424999237060547,131938,0.0,0.0,0.0
2023-03-21 13:30:00-04:00,31.43000030517578,31.459999084472656,31.399999618530273,31.450000762939453,88926,0.0,0.0,0.0
2023-03-21 14:30:00-04:00,31.450000762939453,31.516000747680664,31.43000030517578,31.489999771118164,109216,0.0,0.0,0.0
2023-03-21 15:30:00-04:00,31.4950008392334,31.565000534057617,31.4950008392334,31.520000457763672,201247,0.0,0.0,0.0
2023-03-22 09:30:00-04:00,31.56999969482422,31.65999984741211,31.559999465942383,31.655000686645508,207105,0.0,0.0,0.0
2023-03-22 10:30:00-04:00,31.649999618530273,31.729999542236328,31.639999389648438,31.674999237060547,117191,0.0,0.0,0.0
2023-03-22 11:30:00-04:00,31.670000076293945,31.674999237060547,31.59980010986328,31.610000610351562,130434,0.0,0.0,0.0
2023-03-22 12:30:00-04:00,31.610000610351562,31.639999389648438,31.56999969482422,31.6299991607666,42555,0.0,0.0,0.0
2023-03-22 13:30:00-04:00,31.635000228881836,31.8799991607666,31.625,31.799999237060547,196855,0.0,0.0,0.0
2023-03-22 14:30:00-04:00,31.799999237060547,31.969999313354492,31.559999465942383,31.790000915527344,341516,0.0,0.0,0.0
2023-03-22 15:30:00-04:00,31.790000915527344,31.790000915527344,31.44499969482422,31.459999084472656,255435,0.0,0.0,0.0
2023-03-23 09:30:00-04:00,31.610000610351562,31.645000457763672,31.549999237060547,31.600000381469727,199556,0.0,0.0,0.0
2023-03-23 10:30:00-04:00,31.610000610351562,31.739999771118164,31.549999237060547,31.700000762939453,121090,0.0,0.0,0.0
2023-03-23 11:30:00-04:00,31.719999313354492,31.725000381469727,31.604999542236328,31.610000610351562,160983,0.0,0.0,0.0
2023-03-23 12:30:00-04:00,31.6200008392334,31.6200008392334,31.3799991607666,31.399999618530273,148298,0.0,0.0,0.0
2023-03-23 13:30:00-04:00,31.389999389648438,31.450000762939453,31.290000915527344,31.290000915527344,119472,0.0,0.0,0.0
2023-03-23 14:30:00-04:00,31.290000915527344,31.31999969482422,31.110000610351562,31.18000030517578,372934,0.0,0.0,0.0
2023-03-23 15:30:00-04:00,31.170000076293945,31.31999969482422,31.15999984741211,31.25,158100,0.0,0.0,0.0
2023-03-24 09:30:00-04:00,30.959999084472656,31.010000228881836,30.81999969482422,30.93000030517578,244947,0.0,0.0,0.0
2023-03-24 10:30:00-04:00,30.93000030517578,30.950000762939453,30.80500030517578,30.860000610351562,361089,0.0,0.0,0.0
2023-03-24 11:30:00-04:00,30.864999771118164,31.030000686645508,30.84000015258789,30.940000534057617,1200769,0.0,0.0,0.0
2023-03-24 12:30:00-04:00,30.950000762939453,31.049999237060547,30.950000762939453,31.040000915527344,204025,0.0,0.0,0.0
2023-03-24 13:30:00-04:00,31.040000915527344,31.06999969482422,31.0049991607666,31.040000915527344,133428,0.0,0.0,0.0
2023-03-24 14:30:00-04:00,31.049999237060547,31.12849998474121,31.040000915527344,31.11709976196289,2049201,0.0,0.0,0.0
2023-03-24 15:30:00-04:00,31.1200008392334,31.1200008392334,31.040000915527344,31.104999542236328,231615,0.0,0.0,0.0
2023-03-27 09:30:00-04:00,31.399999618530273,31.450000762939453,31.350000381469727,31.399999618530273,663947,0.0,0.0,0.0
2023-03-27 10:30:00-04:00,31.395000457763672,31.40999984741211,31.325000762939453,31.389999389648438,172239,0.0,0.0,0.0
2023-03-27 11:30:00-04:00,31.389999389648438,31.44499969482422,31.34000015258789,31.44499969482422,87197,0.0,0.0,0.0
2023-03-27 12:30:00-04:00,31.450000762939453,31.489999771118164,31.415000915527344,31.479999542236328,79974,0.0,0.0,0.0
2023-03-27 13:30:00-04:00,31.479999542236328,31.520099639892578,31.459999084472656,31.511199951171875,71143,0.0,0.0,0.0
2023-03-27 14:30:00-04:00,31.520000457763672,31.540000915527344,31.489999771118164,31.514999389648438,105042,0.0,0.0,0.0
2023-03-27 15:30:00-04:00,31.514999389648438,31.524999618530273,31.475000381469727,31.510000228881836,173080,0.0,0.0,0.0
2023-03-28 09:30:00-04:00,31.459999084472656,31.559999465942383,31.440000534057617,31.549999237060547,0,0.0,0.0,0.0
2023-03-28 10:30:00-04:00,31.54439926147461,31.610000610351562,31.489999771118164,31.610000610351562,107475,0.0,0.0,0.0
2023-03-28 11:30:00-04:00,31.610000610351562,31.6299991607666,31.559999465942383,31.56999969482422,50735,0.0,0.0,0.0
2023-03-28 12:30:00-04:00,31.569900512695312,31.579999923706055,31.530000686645508,31.54990005493164,61853,0.0,0.0,0.0
2023-03-28 13:30:00-04:00,31.540000915527344,31.545000076293945,31.450000762939453,31.454999923706055,84432,0.0,0.0,0.0
2023-03-28 14:30:00-04:00,31.450000762939453,31.489999771118164,31.43000030517578,31.469999313354492,114189,0.0,0.0,0.0
2023-03-28 15:30:00-04:00,31.469999313354492,31.520000457763672,31.459999084472656,31.4950008392334,173968,0.0,0.0,0.0
2023-03-29 09:30:00-04:00,31.850000381469727,31.899999618530273,31.780000686645508,31.860000610351562,186672,0.0,0.0,0.0
2023-03-29 10:30:00-04:00,31.854999542236328,31.875,31.770000457763672,31.829999923706055,217412,0.0,0.0,0.0
2023-03-29 11:30:00-04:00,31.829999923706055,31.899999618530273,31.829999923706055,31.854999542236328,117108,0.0,0.0,0.0
2023-03-29 12:30:00-04:00,31.850000381469727,31.864999771118164,31.829999923706055,31.850000381469727,74975,0.0,0.0,0.0
2023-03-29 13:30:00-04:00,31.850000381469727,31.864999771118164,31.795000076293945,31.825000762939453,137737,0.0,0.0,0.0
2023-03-29 14:30:00-04:00,31.824199676513672,31.875,31.81999969482422,31.8700008392334,333270,0.0,0.0,0.0
2023-03-29 15:30:00-04:00,31.8700008392334,31.905000686645508,31.844999313354492,31.8700008392334,202621,0.0,0.0,0.0
2023-03-30 09:30:00-04:00,32.22999954223633,32.2599983215332,32.18000030517578,32.22999954223633,205155,0.0,0.0,0.0
2023-03-30 10:30:00-04:00,32.220001220703125,32.26499938964844,32.20000076293945,32.2400016784668,165348,0.0,0.0,0.0
2023-03-30 11:30:00-04:00,32.2400016784668,32.2599983215332,32.209999084472656,32.2400016784668,95384,0.0,0.0,0.0
2023-03-30 12:30:00-04:00,32.22999954223633,32.25,32.209999084472656,32.22999954223633,220552,0.0,0.0,0.0
2023-03-30 13:30:00-04:00,32.22999954223633,32.26499938964844,32.19499969482422,32.26499938964844,301092,0.0,0.0,0.0
2023-03-30 14:30:00-04:00,32.27000045776367,32.27000045776367,32.22999954223633,32.2599983215332,114322,0.0,0.0,0.0
2023-03-30 15:30:00-04:00,32.2599983215332,32.290000915527344,32.25,32.279998779296875,162286,0.0,0.0,0.0
2023-03-31 09:30:00-04:00,32.34000015258789,32.400001525878906,32.29999923706055,32.310001373291016,247871,0.0,0.0,0.0
2023-03-31 10:30:00-04:00,32.310001373291016,32.34000015258789,32.255001068115234,32.29999923706055,237200,0.0,0.0,0.0
2023-03-31 11:30:00-04:00,32.30500030517578,32.310001373291016,32.2400016784668,32.275001525878906,283824,0.0,0.0,0.0
2023-03-31 12:30:00-04:00,32.27000045776367,32.27000045776367,32.22999954223633,32.22999954223633,90403,0.0,0.0,0.0
2023-03-31 13:30:00-04:00,32.22999954223633,32.2599983215332,32.189998626708984,32.22999954223633,109484,0.0,0.0,0.0
2023-03-31 14:30:00-04:00,32.236000061035156,32.290000915527344,32.236000061035156,32.290000915527344,446559,0.0,0.0,0.0
2023-03-31 15:30:00-04:00,32.28499984741211,32.290000915527344,32.22999954223633,32.2599983215332,520886,0.0,0.0,0.0
2023-04-03 09:30:00-04:00,32.52000045776367,32.70000076293945,32.52000045776367,32.68199920654297,312183,0.0,0.0,0.0
2023-04-03 10:30:00-04:00,32.685001373291016,32.689998626708984,32.492000579833984,32.505001068115234,141694,0.0,0.0,0.0
2023-04-03 11:30:00-04:00,32.505001068115234,32.595001220703125,32.5,32.584999084472656,524664,0.0,0.0,0.0
2023-04-03 12:30:00-04:00,32.58000183105469,32.60499954223633,32.560001373291016,32.58000183105469,145591,0.0,0.0,0.0
2023-04-03 13:30:00-04:00,32.58000183105469,32.63999938964844,32.564998626708984,32.63169860839844,141864,0.0,0.0,0.0
2023-04-03 14:30:00-04:00,32.635799407958984,32.6968994140625,32.630001068115234,32.69089889526367,202590,0.0,0.0,0.0
2023-04-03 15:30:00-04:00,32.689998626708984,32.7400016784668,32.66999816894531,32.72999954223633,229645,0.0,0.0,0.0
2023-04-04 09:30:00-04:00,32.790000915527344,32.83000183105469,32.73350143432617,32.775001525878906,206644,0.0,0.0,0.0
2023-04-04 10:30:00-04:00,32.779998779296875,32.814998626708984,32.6349983215332,32.650001525878906,953414,0.0,0.0,0.0
2023-04-04 11:30:00-04:00,32.654998779296875,32.68000030517578,32.58000183105469,32.61000061035156,1286660,0.0,0.0,0.0
2023-04-04 12:30:00-04:00,32.61000061035156,32.68000030517578,32.599998474121094,32.67499923706055,866430,0.0,0.0,0.0
2023-04-04 13:30:00-04:00,32.66999816894531,32.685001373291016,32.650001525878906,32.650001525878906,183068,0.0,0.0,0.0
2023-04-04 14:30:00-04:00,32.650001525878906,32.66999816894531,32.630001068115234,32.630001068115234,169769,0.0,0.0,0.0
2023-04-04 15:30:00-04:00,32.6349983215332,32.70000076293945,32.619998931884766,32.689998626708984,214613,0.0,0.0,0.0
2023-04-05 09:30:00-04:00,32.75,32.869998931884766,32.70000076293945,32.724998474121094,558459,0.0,0.0,0.0
2023-04-05 10:30:00-04:00,32.72999954223633,32.75,32.599998474121094,32.70500183105469,195007,0.0,0.0,0.0
2023-04-05 11:30:00-04:00,32.70000076293945,32.77000045776367,32.689998626708984,32.73550033569336,755095,0.0,0.0,0.0
2023-04-05 12:30:00-04:00,32.720001220703125,32.7599983215332,32.68429946899414,32.744998931884766,163323,0.0,0.0,0.0
2023-04-05 13:30:00-04:00,32.7400016784668,32.76499938964844,32.70000076293945,32.73500061035156,544968,0.0,0.0,0.0
2023-04-05 14:30:00-04:00,32.7400016784668,32.78499984741211,32.72999954223633,32.75,723714,0.0,0.0,0.0
2023-04-05 15:30:00-04:00,32.75,32.779998779296875,32.75,32.779998779296875,240305,0.0,0.0,0.0
2023-04-06 09:30:00-04:00,32.91999816894531,33.0,32.8849983215332,32.96500015258789,367248,0.0,0.0,0.0
2023-04-06 10:30:00-04:00,32.97119903564453,33.029998779296875,32.95000076293945,32.994998931884766,222669,0.0,0.0,0.0
2023-04-06 11:30:00-04:00,33.0,33.130001068115234,33.0,33.099998474121094,125807,0.0,0.0,0.0
2023-04-06 12:30:00-04:00,33.099998474121094,33.150001525878906,33.099998474121094,33.1150016784668,87340,0.0,0.0,0.0
2023-04-06 13:30:00-04:00,33.119998931884766,33.150001525878906,33.1150016784668,33.13600158691406,106566,0.0,0.0,0.0
2023-04-06 14:30:00-04:00,33.1349983215332,33.13999938964844,33.06999969482422,33.08000183105469,88821,0.0,0.0,0.0
2023-04-06 15:30:00-04:00,33.084999084472656,33.09000015258789,33.04999923706055,33.064998626708984,167182,0.0,0.0,0.0
2023-04-10 09:30:00-04:00,32.88999938964844,32.994998931884766,32.88999938964844,32.89500045776367,213619,0.0,0.0,0.0
2023-04-10 10:30:00-04:00,32.89500045776367,33.04499816894531,32.8942985534668,33.02000045776367,105289,0.0,0.0,0.0
2023-04-10 11:30:00-04:00,33.029998779296875,33.029998779296875,32.93000030517578,32.97999954223633,110009,0.0,0.0,0.0
2023-04-10 12:30:00-04:00,32.9900016784668,33.05500030517578,32.9900016784668,33.029998779296875,80204,0.0,0.0,0.0
2023-04-10 13:30:00-04:00,33.03499984741211,33.06529998779297,33.01499938964844,33.05500030517578,43357,0.0,0.0,0.0
2023-04-10 14:30:00-04:00,33.05500030517578,33.07500076293945,33.029998779296875,33.03499984741211,187182,0.0,0.0,0.0
2023-04-10 15:30:00-04:00,33.03499984741211,33.09000015258789,33.02000045776367,33.084999084472656,237051,0.0,0.0,0.0
2023-04-11 09:30:00-04:00,33.13999938964844,33.20000076293945,33.11000061035156,33.189998626708984,371749,0.0,0.0,0.0
2023-04-11 10:30:00-04:00,33.19169998168945,33.19169998168945,33.1349983215332,33.14500045776367,196244,0.0,0.0,0.0
2023-04-11 11:30:00-04:00,33.13999938964844,33.149898529052734,33.11000061035156,33.13999938964844,542754,0.0,0.0,0.0
2023-04-11 12:30:00-04:00,33.14500045776367,33.1599006652832,33.119998931884766,33.13999938964844,58900,0.0,0.0,0.0
2023-04-11 13:30:00-04:00,33.13999938964844,33.18000030517578,33.130001068115234,33.165000915527344,132563,0.0,0.0,0.0
2023-04-11 14:30:00-04:00,33.16999816894531,33.185001373291016,33.150001525878906,33.17499923706055,76428,0.0,0.0,0.0
2023-04-11 15:30:00-04:00,33.17499923706055,33.18000030517578,33.1150016784668,33.13999938964844,149583,0.0,0.0,0.0
2023-04-12 09:30:00-04:00,33.47999954223633,33.540000915527344,33.400001525878906,33.505001068115234,162399,0.0,0.0,0.0
2023-04-12 10:30:00-04:00,33.5,33.5,33.345001220703125,33.42499923706055,132293,0.0,0.0,0.0
2023-04-12 11:30:00-04:00,33.41999816894531,33.54499816894531,33.38999938964844,33.529998779296875,165191,0.0,0.0,0.0
2023-04-12 12:30:00-04:00,33.540000915527344,33.54999923706055,33.5,33.53499984741211,99136,0.0,0.0,0.0
2023-04-12 13:30:00-04:00,33.53499984741211,33.595001220703125,33.52000045776367,33.525001525878906,134126,0.0,0.0,0.0
2023-04-12 14:30:00-04:00,33.525001525878906,33.525001525878906,33.41999816894531,33.41999816894531,188199,0.0,0.0,0.0
2023-04-12 15:30:00-04:00,33.41999816894531,33.459999084472656,33.40999984741211,33.439998626708984,159345,0.0,0.0,0.0
2023-04-13 09:30:00-04:00,33.68000030517578,33.68000030517578,33.599998474121094,33.65999984741211,1131366,0.0,0.0,0.0
2023-04-13 10:30:00-04:00,33.65999984741211,33.689998626708984,33.595001220703125,33.689998626708984,169037,0.0,0.0,0.0
2023-04-13 11:30:00-04:00,33.69499969482422,33.72999954223633,33.689998626708984,33.70500183105469,69833,0.0,0.0,0.0
2023-04-13 12:30:00-04:00,33.709999084472656,33.75,33.689998626708984,33.720001220703125,122765,0.0,0.0,0.0
2023-04-13 13:30:00-04:00,33.724998474121094,33.775001525878906,33.720001220703125,33.766998291015625,233845,0.0,0.0,0.0
2023-04-13 14:30:00-04:00,33.76499938964844,33.779998779296875,33.752899169921875,33.76499938964844,275717,0.0,0.0,0.0
2023-04-13 15:30:00-04:00,33.76499938964844,33.78499984741211,33.7400016784668,33.77000045776367,349892,0.0,0.0,0.0
2023-04-14 09:30:00-04:00,33.72999954223633,33.79999923706055,33.60499954223633,33.619998931884766,234623,0.0,0.0,0.0
2023-04-14 10:30:00-04:00,33.619998931884766,33.63999938964844,33.540000915527344,33.54999923706055,102450,0.0,0.0,0.0
2023-04-14 11:30:00-04:00,33.560001373291016,33.564998626708984,33.5,33.52000045776367,295754,0.0,0.0,0.0
2023-04-14 12:30:00-04:00,33.51499938964844,33.54499816894531,33.459999084472656,33.5099983215332,100975,0.0,0.0,0.0
2023-04-14 13:30:00-04:00,33.5099983215332,33.560001373291016,33.48310089111328,33.55500030517578,101229,0.0,0.0,0.0
2023-04-14 14:30:00-04:00,33.560001373291016,33.58000183105469,33.52000045776367,33.57500076293945,179984,0.0,0.0,0.0
2023-04-14 15:30:00-04:00,33.564998626708984,33.599998474121094,33.560001373291016,33.58000183105469,259575,0.0,0.0,0.0
2023-04-17 09:30:00-04:00,33.540000915527344,33.54499816894531,33.42219924926758,33.439998626708984,287573,0.0,0.0,0.0
2023-04-17 10:30:00-04:00,33.444000244140625,33.45500183105469,33.369998931884766,33.40729904174805,198955,0.0,0.0,0.0
2023-04-17 11:30:00-04:00,33.400001525878906,33.43000030517578,33.35499954223633,33.41999816894531,134745,0.0,0.0,0.0
2023-04-17 12:30:00-04:00,33.41999816894531,33.45000076293945,33.404998779296875,33.44499969482422,91938,0.0,0.0,0.0
2023-04-17 13:30:00-04:00,33.45000076293945,33.459999084472656,33.40999984741211,33.43000030517578,80311,0.0,0.0,0.0
2023-04-17 14:30:00-04:00,33.435001373291016,33.4900016784668,33.435001373291016,33.4900016784668,99561,0.0,0.0,0.0
2023-04-17 15:30:00-04:00,33.48500061035156,33.540000915527344,33.470001220703125,33.52000045776367,173743,0.0,0.0,0.0
2023-04-18 09:30:00-04:00,33.650001525878906,33.70000076293945,33.619998931884766,33.65999984741211,303697,0.0,0.0,0.0
2023-04-18 10:30:00-04:00,33.66999816894531,33.689998626708984,33.650001525878906,33.66999816894531,159827,0.0,0.0,0.0
2023-04-18 11:30:00-04:00,33.66999816894531,33.68000030517578,33.619998931884766,33.66999816894531,202427,0.0,0.0,0.0
2023-04-18 12:30:00-04:00,33.68000030517578,33.685001373291016,33.65999984741211,33.66999816894531,92127,0.0,0.0,0.0
2023-04-18 13:30:00-04:00,33.665000915527344,33.689998626708984,33.65999984741211,33.685001373291016,113459,0.0,0.0,0.0
2023-04-18 14:30:00-04:00,33.685001373291016,33.70500183105469,33.64500045776367,33.689998626708984,89035,0.0,0.0,0.0
2023-04-18 15:30:00-04:00,33.689998626708984,33.724998474121094,33.68000030517578,33.70000076293945,208318,0.0,0.0,0.0
2023-04-19 09:30:00-04:00,33.66999816894531,33.722198486328125,33.650001525878906,33.71500015258789,233693,0.0,0.0,0.0
2023-04-19 10:30:00-04:00,33.71500015258789,33.72999954223633,33.654998779296875,33.66999816894531,167303,0.0,0.0,0.0
2023-04-19 11:30:00-04:00,33.66999816894531,33.66999816894531,33.6349983215332,33.650001525878906,74349,0.0,0.0,0.0
2023-04-19 12:30:00-04:00,33.650001525878906,33.69499969482422,33.650001525878906,33.67539978027344,64351,0.0,0.0,0.0
2023-04-19 13:30:00-04:00,33.67210006713867,33.70000076293945,33.65999984741211,33.67499923706055,44155,0.0,0.0,0.0
2023-04-19 14:30:00-04:00,33.66999816894531,33.685001373291016,33.65999984741211,33.67499923706055,74877,0.0,0.0,0.0
2023-04-19 15:30:00-04:00,33.67499923706055,33.68000030517578,33.65999984741211,33.68000030517578,105296,0.0,0.0,0.0
2023-04-20 09:30:00-04:00,33.619998931884766,33.72999954223633,33.619998931884766,33.71500015258789,217584,0.0,0.0,0.0
2023-04-20 10:30:00-04:00,33.71500015258789,33.75,33.69499969482422,33.709999084472656,273439,0.0,0.0,0.0
2023-04-20 11:30:00-04:00,33.709999084472656,33.75,33.709999084472656,33.7400016784668,111352,0.0,0.0,0.0
2023-04-20 12:30:00-04:00,33.7400016784668,33.779998779296875,33.72999954223633,33.76499938964844,48658,0.0,0.0,0.0
2023-04-20 13:30:00-04:00,33.76499938964844,33.77000045776367,33.720001220703125,33.720001220703125,112311,0.0,0.0,0.0
2023-04-20 14:30:00-04:00,33.720001220703125,33.720001220703125,33.630001068115234,33.6349983215332,110843,0.0,0.0,0.0
2023-04-20 15:30:00-04:00,33.63999938964844,33.709999084472656,33.625,33.709999084472656,233160,0.0,0.0,0.0
2023-04-21 09:30:00-04:00,33.68000030517578,33.69499969482422,33.5099983215332,33.65999984741211,277773,0.0,0.0,0.0
2023-04-21 10:30:00-04:00,33.66999816894531,33.689998626708984,33.564998626708984,33.6349983215332,149890,0.0,0.0,0.0
2023-04-21 11:30:00-04:00,33.63999938964844,33.7400016784668,33.6349983215332,33.71500015258789,246919,0.0,0.0,0.0
2023-04-21 12:30:00-04:00,33.71500015258789,33.7400016784668,33.70000076293945,33.70500183105469,58036,0.0,0.0,0.0
2023-04-21 13:30:00-04:00,33.709999084472656,33.77750015258789,33.709999084472656,33.755001068115234,71333,0.0,0.0,0.0
2023-04-21 14:30:00-04:00,33.755001068115234,33.7599983215332,33.709999084472656,33.755001068115234,61588,0.0,0.0,0.0
2023-04-21 15:30:00-04:00,33.7599983215332,33.790000915527344,33.75,33.7599983215332,116024,0.0,0.0,0.0
2023-04-24 09:30:00-04:00,33.75,33.845001220703125,33.724998474121094,33.814998626708984,125066,0.0,0.0,0.0
2023-04-24 10:30:00-04:00,33.814998626708984,33.84000015258789,33.78499984741211,33.790000915527344,153745,0.0,0.0,0.0
2023-04-24 11:30:00-04:00,33.78499984741211,33.810001373291016,33.75,33.79999923706055,95402,0.0,0.0,0.0
2023-04-24 12:30:00-04:00,33.79999923706055,33.81999969482422,33.78499984741211,33.81999969482422,90225,0.0,0.0,0.0
2023-04-24 13:30:00-04:00,33.81999969482422,33.85499954223633,33.81999969482422,33.83000183105469,108993,0.0,0.0,0.0
2023-04-24 14:30:00-04:00,33.83000183105469,33.84000015258789,33.81290054321289,33.82500076293945,130911,0.0,0.0,0.0
2023-04-24 15:30:00-04:00,33.81999969482422,33.849998474121094,33.81999969482422,33.834999084472656,193597,0.0,0.0,0.0
2023-04-25 09:30:00-04:00,33.68000030517578,33.68000030517578,33.459999084472656,33.4900016784668,347199,0.0,0.0,0.0
2023-04-25 10:30:00-04:00,33.47999954223633,33.6150016784668,33.47999954223633,33.58000183105469,86737,0.0,0.0,0.0
2023-04-25 11:30:00-04:00,33.56999969482422,33.56999969482422,33.525001525878906,33.529998779296875,67660,0.0,0.0,0.0
2023-04-25 12:30:00-04:00,33.53499984741211,33.55500030517578,33.439998626708984,33.470001220703125,54529,0.0,0.0,0.0
2023-04-25 13:30:00-04:00,33.470001220703125,33.470001220703125,33.415000915527344,33.459999084472656,59447,0.0,0.0,0.0
2023-04-25 14:30:00-04:00,33.467498779296875,33.47999954223633,33.41999816894531,33.46989822387695,351226,0.0,0.0,0.0
2023-04-25 15:30:00-04:00,33.46500015258789,33.47999954223633,33.40999984741211,33.41999816894531,237521,0.0,0.0,0.0
2023-04-26 09:30:00-04:00,33.709999084472656,33.72639846801758,33.5,33.5,244707,0.0,0.0,0.0
2023-04-26 10:30:00-04:00,33.5099983215332,33.599998474121094,33.5099983215332,33.58000183105469,124739,0.0,0.0,0.0
2023-04-26 11:30:00-04:00,33.58000183105469,33.64500045776367,33.58000183105469,33.59000015258789,331080,0.0,0.0,0.0
2023-04-26 12:30:00-04:00,33.584999084472656,33.61000061035156,33.564998626708984,33.57500076293945,113359,0.0,0.0,0.0
2023-04-26 13:30:00-04:00,33.58000183105469,33.58000183105469,33.45009994506836,33.45500183105469,127215,0.0,0.0,0.0
2023-04-26 14:30:00-04:00,33.45500183105469,33.459999084472656,33.40999984741211,33.41999816894531,187422,0.0,0.0,0.0
2023-04-26 15:30:00-04:00,33.41999816894531,33.4900016784668,33.400001525878906,33.44499969482422,219955,0.0,0.0,0.0
2023-04-27 09:30:00-04:00,33.5,33.64500045776367,33.48500061035156,33.540000915527344,407448,0.0,0.0,0.0
2023-04-27 10:30:00-04:00,33.54499816894531,33.59000015258789,33.48500061035156,33.584999084472656,140598,0.0,0.0,0.0
2023-04-27 11:30:00-04:00,33.59000015258789,33.60499954223633,33.54499816894531,33.56999969482422,130458,0.0,0.0,0.0
2023-04-27 12:30:00-04:00,33.57500076293945,33.60499954223633,33.56999969482422,33.60499954223633,53183,0.0,0.0,0.0
2023-04-27 13:30:00-04:00,33.61000061035156,33.70500183105469,33.60499954223633,33.70500183105469,342972,0.0,0.0,0.0
2023-04-27 14:30:00-04:00,33.70500183105469,33.777400970458984,33.70000076293945,33.755001068115234,302779,0.0,0.0,0.0
2023-04-27 15:30:00-04:00,33.755001068115234,33.76499938964844,33.72999954223633,33.75,446598,0.0,0.0,0.0
2023-04-28 09:30:00-04:00,33.630001068115234,33.79999923706055,33.630001068115234,33.79499816894531,314015,0.0,0.0,0.0
2023-04-28 10:30:00-04:00,33.79999923706055,33.95000076293945,33.766300201416016,33.939998626708984,130032,0.0,0.0,0.0
2023-04-28 11:30:00-04:00,33.939998626708984,34.0099983215332,33.935001373291016,33.994998931884766,309135,0.0,0.0,0.0
2023-04-28 12:30:00-04:00,33.9900016784668,34.0099983215332,33.970001220703125,33.9900016784668,153103,0.0,0.0,0.0
2023-04-28 13:30:00-04:00,33.999000549316406,33.999000549316406,33.935001373291016,33.935001373291016,115579,0.0,0.0,0.0
2023-04-28 14:30:00-04:00,33.930999755859375,33.939998626708984,33.880001068115234,33.8849983215332,239475,0.0,0.0,0.0
2023-04-28 15:30:00-04:00,33.88999938964844,33.959999084472656,33.880001068115234,33.939998626708984,351177,0.0,0.0,0.0
2023-05-01 09:30:00-04:00,33.880001068115234,34.04499816894531,33.880001068115234,33.91830062866211,266915,0.0,0.0,0.0
2023-05-01 10:30:00-04:00,33.91999816894531,34.02000045776367,33.88999938964844,33.88999938964844,1181419,0.0,0.0,0.0
2023-05-01 11:30:00-04:00,33.89500045776367,33.91999816894531,33.845001220703125,33.89500045776367,120198,0.0,0.0,0.0
2023-05-01 12:30:00-04:00,33.900001525878906,33.95000076293945,33.900001525878906,33.92499923706055,285161,0.0,0.0,0.0
2023-05-01 13:30:00-04:00,33.92499923706055,33.96609878540039,33.89500045776367,33.94499969482422,355914,0.0,0.0,0.0
2023-05-01 14:30:00-04:00,33.95000076293945,33.95000076293945,33.83000183105469,33.84090042114258,226996,0.0,0.0,0.0
2023-05-01 15:30:00-04:00,33.845001220703125,33.86000061035156,33.810001373291016,33.83000183105469,373342,0.0,0.0,0.0
2023-05-02 09:30:00-04:00,33.529998779296875,33.540000915527344,33.279998779296875,33.279998779296875,519477,0.0,0.0,0.0
2023-05-02 10:30:00-04:00,33.29999923706055,33.3849983215332,33.224998474121094,33.224998474121094,395269,0.0,0.0,0.0
2023-05-02 11:30:00-04:00,33.22999954223633,33.29010009765625,33.18000030517578,33.279998779296875,239214,0.0,0.0,0.0
2023-05-02 12:30:00-04:00,33.279998779296875,33.317501068115234,33.275001525878906,33.314998626708984,215843,0.0,0.0,0.0
2023-05-02 13:30:00-04:00,33.310001373291016,33.35060119628906,33.290000915527344,33.314998626708984,143562,0.0,0.0,0.0
2023-05-02 14:30:00-04:00,33.31999969482422,33.380001068115234,33.31010055541992,33.380001068115234,178390,0.0,0.0,0.0
2023-05-02 15:30:00-04:00,33.369998931884766,33.400001525878906,33.35499954223633,33.380001068115234,269557,0.0,0.0,0.0
2023-05-03 09:30:00-04:00,33.470001220703125,33.540000915527344,33.41999816894531,33.494998931884766,357830,0.0,0.0,0.0
2023-05-03 10:30:00-04:00,33.5,33.54999923706055,33.459999084472656,33.54499816894531,472861,0.0,0.0,0.0
2023-05-03 11:30:00-04:00,33.54499816894531,33.564998626708984,33.4900016784668,33.560001373291016,146587,0.0,0.0,0.0
2023-05-03 12:30:00-04:00,33.560001373291016,33.60499954223633,33.540000915527344,33.599998474121094,102764,0.0,0.0,0.0
2023-05-03 13:30:00-04:00,33.61000061035156,33.689998626708984,33.540000915527344,33.619998931884766,276874,0.0,0.0,0.0
2023-05-03 14:30:00-04:00,33.625,33.68000030517578,33.46500015258789,33.470001220703125,304197,0.0,0.0,0.0
2023-05-03 15:30:00-04:00,33.459999084472656,33.470001220703125,33.43000030517578,33.43000030517578,235871,0.0,0.0,0.0
2023-05-04 09:30:00-04:00,33.369998931884766,33.459999084472656,33.2599983215332,33.275001525878906,412186,0.0,0.0,0.0
2023-05-04 10:30:00-04:00,33.27000045776367,33.33000183105469,33.25,33.279998779296875,166192,0.0,0.0,0.0
2023-05-04 11:30:00-04:00,33.290000915527344,33.334999084472656,33.25,33.334999084472656,213105,0.0,0.0,0.0
2023-05-04 12:30:00-04:00,33.33980178833008,33.43000030517578,33.31380081176758,33.410099029541016,541370,0.0,0.0,0.0
2023-05-04 13:30:00-04:00,33.41999816894531,33.435001373291016,33.332801818847656,33.34000015258789,206657,0.0,0.0,0.0
2023-05-04 14:30:00-04:00,33.33000183105469,33.38600158691406,33.31399917602539,33.34000015258789,279032,0.0,0.0,0.0
2023-05-04 15:30:00-04:00,33.34000015258789,33.380001068115234,33.30500030517578,33.31999969482422,311565,0.0,0.0,0.0
2023-05-05 09:30:00-04:00,33.529998779296875,33.69499969482422,33.5099983215332,33.67570114135742,492942,0.0,0.0,0.0
2023-05-05 10:30:00-04:00,33.68000030517578,33.779998779296875,33.650001525878906,33.775001525878906,282318,0.0,0.0,0.0
2023-05-05 11:30:00-04:00,33.77920150756836,33.816001892089844,33.75400161743164,33.80009841918945,276172,0.0,0.0,0.0
2023-05-05 12:30:00-04:00,33.80009841918945,33.84000015258789,33.79999923706055,33.81999969482422,142258,0.0,0.0,0.0
2023-05-05 13:30:00-04:00,33.82899856567383,33.861000061035156,33.810001373291016,33.859798431396484,275714,0.0,0.0,0.0
2023-05-05 14:30:00-04:00,33.86000061035156,33.920501708984375,33.86000061035156,33.900001525878906,211044,0.0,0.0,0.0
2023-05-05 15:30:00-04:00,33.900001525878906,33.900001525878906,33.86000061035156,33.880001068115234,179495,0.0,0.0,0.0
2023-05-08 09:30:00-04:00,33.939998626708984,33.959999084472656,33.880001068115234,33.887901306152344,380001,0.0,0.0,0.0
2023-05-08 10:30:00-04:00,33.88999938964844,33.95989990234375,33.88999938964844,33.939998626708984,618684,0.0,0.0,0.0
2023-05-08 11:30:00-04:00,33.940101623535156,33.989898681640625,33.935001373291016,33.959999084472656,628481,0.0,0.0,0.0
2023-05-08 12:30:00-04:00,33.95500183105469,33.965301513671875,33.89500045776367,33.900001525878906,192712,0.0,0.0,0.0
2023-05-08 13:30:00-04:00,33.904998779296875,33.915000915527344,33.81999969482422,33.875,123836,0.0,0.0,0.0
2023-05-08 14:30:00-04:00,33.879798889160156,33.89500045776367,33.834999084472656,33.834999084472656,212954,0.0,0.0,0.0
2023-05-08 15:30:00-04:00,33.834999084472656,33.86000061035156,33.81999969482422,33.85020065307617,227660,0.0,0.0,0.0
2023-05-09 09:30:00-04:00,33.5,33.630001068115234,33.48500061035156,33.61000061035156,180271,0.0,0.0,0.0
2023-05-09 10:30:00-04:00,33.60499954223633,33.650001525878906,33.57210159301758,33.59000015258789,258705,0.0,0.0,0.0
2023-05-09 11:30:00-04:00,33.595001220703125,33.64500045776367,33.59000015258789,33.625,181854,0.0,0.0,0.0
2023-05-09 12:30:00-04:00,33.630001068115234,33.63999938964844,33.595001220703125,33.63999938964844,48971,0.0,0.0,0.0
2023-05-09 13:30:00-04:00,33.63999938964844,33.689998626708984,33.63990020751953,33.68000030517578,185590,0.0,0.0,0.0
2023-05-09 14:30:00-04:00,33.68000030517578,33.68870162963867,33.654998779296875,33.67499923706055,156572,0.0,0.0,0.0
2023-05-09 15:30:00-04:00,33.66999816894531,33.68000030517578,33.630001068115234,33.630001068115234,87315,0.0,0.0,0.0
2023-05-10 09:30:00-04:00,33.7400016784668,33.7400016784668,33.52000045776367,33.595001220703125,697585,0.0,0.0,0.0
2023-05-10 10:30:00-04:00,33.599998474121094,33.6150016784668,33.470001220703125,33.54499816894531,454413,0.0,0.0,0.0
2023-05-10 11:30:00-04:00,33.540000915527344,33.54999923706055,33.4906005859375,33.52040100097656,248249,0.0,0.0,0.0
2023-05-10 12:30:00-04:00,33.52989959716797,33.529998779296875,33.3849983215332,33.38999938964844,326351,0.0,0.0,0.0
2023-05-10 13:30:00-04:00,33.38999938964844,33.505001068115234,33.369998931884766,33.505001068115234,172063,0.0,0.0,0.0
2023-05-10 14:30:00-04:00,33.5099983215332,33.619998931884766,33.5099983215332,33.6150016784668,317965,0.0,0.0,0.0
2023-05-10 15:30:00-04:00,33.61000061035156,33.625,33.57500076293945,33.58000183105469,178479,0.0,0.0,0.0
2023-05-11 09:30:00-04:00,33.20000076293945,33.20000076293945,33.02069854736328,33.10499954223633,338264,0.0,0.0,0.0
2023-05-11 10:30:00-04:00,33.10499954223633,33.27000045776367,33.095001220703125,33.2400016784668,614645,0.0,0.0,0.0
2023-05-11 11:30:00-04:00,33.2400016784668,33.28499984741211,33.209999084472656,33.27000045776367,453685,0.0,0.0,0.0
2023-05-11 12:30:00-04:00,33.279998779296875,33.29999923706055,33.26369857788086,33.27000045776367,274368,0.0,0.0,0.0
2023-05-11 13:30:00-04:00,33.27000045776367,33.290000915527344,33.220001220703125,33.26100158691406,391674,0.0,0.0,0.0
2023-05-11 14:30:00-04:00,33.27000045776367,33.317100524902344,33.26499938964844,33.29999923706055,170706,0.0,0.0,0.0
2023-05-11 15:30:00-04:00,33.29999923706055,33.33000183105469,33.28499984741211,33.310001373291016,564193,0.0,0.0,0.0
2023-05-12 09:30:00-04:00,33.34000015258789,33.40999984741211,33.32500076293945,33.35499954223633,189766,0.0,0.0,0.0
2023-05-12 10:30:00-04:00,33.349998474121094,33.349998474121094,33.220001220703125,33.23030090332031,342771,0.0,0.0,0.0
2023-05-12 11:30:00-04:00,33.23500061035156,33.25,33.165000915527344,33.165000915527344,535686,0.0,0.0,0.0
2023-05-12 12:30:00-04:00,33.165000915527344,33.209999084472656,33.130001068115234,33.20500183105469,253108,0.0,0.0,0.0
2023-05-12 13:30:00-04:00,33.20500183105469,33.21500015258789,33.11370086669922,33.125,251349,0.0,0.0,0.0
2023-05-12 14:30:00-04:00,33.125,33.15999984741211,33.10499954223633,33.154998779296875,98547,0.0,0.0,0.0
2023-05-12 15:30:00-04:00,33.15999984741211,33.22999954223633,33.154998779296875,33.224998474121094,160623,0.0,0.0,0.0
2023-05-15 09:30:00-04:00,33.45000076293945,33.459999084472656,33.3849983215332,33.435001373291016,206763,0.0,0.0,0.0
2023-05-15 10:30:00-04:00,33.43000030517578,33.470001220703125,33.42499923706055,33.459999084472656,226109,0.0,0.0,0.0
2023-05-15 11:30:00-04:00,33.459999084472656,33.494998931884766,33.459999084472656,33.48540115356445,174987,0.0,0.0,0.0
2023-05-15 12:30:00-04:00,33.48249816894531,33.57500076293945,33.48249816894531,33.540000915527344,119273,0.0,0.0,0.0
2023-05-15 13:30:00-04:00,33.540000915527344,33.54499816894531,33.4900016784668,33.522499084472656,174644,0.0,0.0,0.0
2023-05-15 14:30:00-04:00,33.529998779296875,33.54999923706055,33.51499938964844,33.529998779296875,88403,0.0,0.0,0.0
2023-05-15 15:30:00-04:00,33.52989959716797,33.54999923706055,33.52000045776367,33.54999923706055,86245,0.0,0.0,0.0
2023-05-16 09:30:00-04:00,33.349998474121094,33.43000030517578,33.230098724365234,33.310001373291016,155808,0.0,0.0,0.0
2023-05-16 10:30:00-04:00,33.33000183105469,33.33000183105469,33.22999954223633,33.27000045776367,106369,0.0,0.0,0.0
2023-05-16 11:30:00-04:00,33.260101318359375,33.275001525878906,33.20000076293945,33.2400016784668,53810,0.0,0.0,0.0
2023-05-16 12:30:00-04:00,33.2400016784668,33.275001525878906,33.224998474121094,33.23500061035156,82008,0.0,0.0,0.0
2023-05-16 13:30:00-04:00,33.2400016784668,33.2400016784668,33.20000076293945,33.209999084472656,39828,0.0,0.0,0.0
2023-05-16 14:30:00-04:00,33.209999084472656,33.22999954223633,33.20500183105469,33.209999084472656,40327,0.0,0.0,0.0
2023-05-16 15:30:00-04:00,33.209999084472656,33.209999084472656,33.150001525878906,33.15999984741211,74325,0.0,0.0,0.0
2023-05-17 09:30:00-04:00,33.22999954223633,33.25,33.040000915527344,33.099998474121094,140415,0.0,0.0,0.0
2023-05-17 10:30:00-04:00,33.11000061035156,33.1150016784668,33.02000045776367,33.09000015258789,185870,0.0,0.0,0.0
2023-05-17 11:30:00-04:00,33.09000015258789,33.190101623535156,33.08000183105469,33.190101623535156,87772,0.0,0.0,0.0
2023-05-17 12:30:00-04:00,33.20000076293945,33.310001373291016,33.19969940185547,33.30500030517578,139913,0.0,0.0,0.0
2023-05-17 13:30:00-04:00,33.30500030517578,33.31999969482422,33.27450180053711,33.28499984741211,100231,0.0,0.0,0.0
2023-05-17 14:30:00-04:00,33.28499984741211,33.29499816894531,33.24399948120117,33.255001068115234,235454,0.0,0.0,0.0
2023-05-17 15:30:00-04:00,33.2599983215332,33.310001373291016,33.255001068115234,33.30500030517578,219521,0.0,0.0,0.0
2023-05-18 09:30:00-04:00,33.15999984741211,33.16999816894531,33.03499984741211,33.084999084472656,202356,0.0,0.0,0.0
2023-05-18 10:30:00-04:00,33.089599609375,33.125,33.029998779296875,33.07500076293945,343983,0.0,0.0,0.0
2023-05-18 11:30:00-04:00,33.08000183105469,33.11000061035156,32.974998474121094,32.980098724365234,275084,0.0,0.0,0.0
2023-05-18 12:30:00-04:00,32.98500061035156,33.0,32.959999084472656,32.970001220703125,142755,0.0,0.0,0.0
2023-05-18 13:30:00-04:00,32.970001220703125,33.005001068115234,32.935001373291016,33.005001068115234,110523,0.0,0.0,0.0
2023-05-18 14:30:00-04:00,33.005001068115234,33.04999923706055,33.0,33.03919982910156,91262,0.0,0.0,0.0
2023-05-18 15:30:00-04:00,33.03499984741211,33.130001068115234,33.03499984741211,33.119998931884766,280476,0.0,0.0,0.0
2023-05-19 09:30:00-04:00,33.2599983215332,33.34000015258789,33.22999954223633,33.29499816894531,200185,0.0,0.0,0.0
2023-05-19 10:30:00-04:00,33.29499816894531,33.3849983215332,33.24399948120117,33.29999923706055,474981,0.0,0.0,0.0
2023-05-19 11:30:00-04:00,33.289398193359375,33.290000915527344,33.209999084472656,33.229698181152344,328168,0.0,0.0,0.0
2023-05-19 12:30:00-04:00,33.22600173950195,33.29999923706055,33.185001373291016,33.26499938964844,121527,0.0,0.0,0.0
2023-05-19 13:30:00-04:00,33.27000045776367,33.28499984741211,33.23500061035156,33.24919891357422,121671,0.0,0.0,0.0
2023-05-19 14:30:00-04:00,33.244998931884766,33.2760009765625,33.23500061035156,33.2599983215332,418525,0.0,0.0,0.0
2023-05-19 15:30:00-04:00,33.255001068115234,33.33000183105469,33.24399948120117,33.314998626708984,423995,0.0,0.0,0.0
2023-05-22 09:30:00-04:00,33.20000076293945,33.314998626708984,33.16400146484375,33.215999603271484,279760,0.0,0.0,0.0
2023-05-22 10:30:00-04:00,33.220001220703125,33.22420120239258,33.154998779296875,33.19499969482422,256469,0.0,0.0,0.0
2023-05-22 11:30:00-04:00,33.19499969482422,33.2598991394043,33.17399978637695,33.23500061035156,192905,0.0,0.0,0.0
2023-05-22 12:30:00-04:00,33.2400016784668,33.2599983215332,33.220699310302734,33.255001068115234,432556,0.0,0.0,0.0
2023-05-22 13:30:00-04:00,33.255001068115234,33.279998779296875,33.25,33.279998779296875,102737,0.0,0.0,0.0
2023-05-22 14:30:00-04:00,33.290000915527344,33.29999923706055,33.22999954223633,33.23500061035156,56994,0.0,0.0,0.0
2023-05-22 15:30:00-04:00,33.23500061035156,33.23979949951172,33.20000076293945,33.22999954223633,162782,0.0,0.0,0.0
2023-05-23 09:30:00-04:00,33.209999084472656,33.22999954223633,33.14500045776367,33.19499969482422,132240,0.0,0.0,0.0
2023-05-23 10:30:00-04:00,33.20500183105469,33.21500015258789,33.154998779296875,33.170101165771484,1726366,0.0,0.0,0.0
2023-05-23 11:30:00-04:00,33.17499923706055,33.220001220703125,33.1349983215332,33.14500045776367,488659,0.0,0.0,0.0
2023-05-23 12:30:00-04:00,33.13999938964844,33.14659881591797,33.084999084472656,33.095001220703125,277507,0.0,0.0,0.0
2023-05-23 13:30:00-04:00,33.09000015258789,33.11600112915039,33.0,33.02000045776367,150320,0.0,0.0,0.0
2023-05-23 14:30:00-04:00,33.02000045776367,33.04999923706055,33.0,33.031898498535156,281174,0.0,0.0,0.0
2023-05-23 15:30:00-04:00,33.03499984741211,33.040000915527344,32.97999954223633,33.0,305237,0.0,0.0,0.0
2023-05-24 09:30:00-04:00,32.560001373291016,32.560001373291016,32.31999969482422,32.38019943237305,630305,0.0,0.0,0.0
2023-05-24 10:30:00-04:00,32.39500045776367,32.46500015258789,32.36000061035156,32.4281005859375,974308,0.0,0.0,0.0
2023-05-24 11:30:00-04:00,32.43000030517578,32.496498107910156,32.41999816894531,32.435001373291016,568225,0.0,0.0,0.0
2023-05-24 12:30:00-04:00,32.435001373291016,32.47999954223633,32.42499923706055,32.439998626708984,305334,0.0,0.0,0.0
2023-05-24 13:30:00-04:00,32.439998626708984,32.47999954223633,32.41999816894531,32.427101135253906,705310,0.0,0.0,0.0
2023-05-24 14:30:00-04:00,32.42399978637695,32.470001220703125,32.38999938964844,32.440101623535156,222455,0.0,0.0,0.0
2023-05-24 15:30:00-04:00,32.439998626708984,32.474998474121094,32.38999938964844,32.41999816894531,333231,0.0,0.0,0.0
2023-05-25 09:30:00-04:00,32.2400016784668,32.2400016784668,32.10499954223633,32.165000915527344,496781,0.0,0.0,0.0
2023-05-25 10:30:00-04:00,32.15999984741211,32.24599838256836,32.130001068115234,32.14500045776367,552501,0.0,0.0,0.0
2023-05-25 11:30:00-04:00,32.14500045776367,32.150001525878906,32.040000915527344,32.088600158691406,255712,0.0,0.0,0.0
2023-05-25 12:30:00-04:00,32.09000015258789,32.1349983215332,32.040000915527344,32.1349983215332,359257,0.0,0.0,0.0
2023-05-25 13:30:00-04:00,32.13600158691406,32.20399856567383,32.130001068115234,32.17499923706055,451501,0.0,0.0,0.0
2023-05-25 14:30:00-04:00,32.1796989440918,32.18000030517578,32.099998474121094,32.16999816894531,586463,0.0,0.0,0.0
2023-05-25 15:30:00-04:00,32.16999816894531,32.18000030517578,32.13999938964844,32.16999816894531,208070,0.0,0.0,0.0
2023-05-26 09:30:00-04:00,32.349998474121094,32.474998474121094,32.34000015258789,32.435001373291016,334739,0.0,0.0,0.0
2023-05-26 10:30:00-04:00,32.439998626708984,32.45000076293945,32.36009979248047,32.3650016784668,1076579,0.0,0.0,0.0
2023-05-26 11:30:00-04:00,32.369998931884766,32.41999816894531,32.3400993347168,32.41210174560547,1022469,0.0,0.0,0.0
2023-05-26 12:30:00-04:00,32.41600036621094,32.43000030517578,32.39500045776367,32.40999984741211,506016,0.0,0.0,0.0
2023-05-26 13:30:00-04:00,32.404998779296875,32.44960021972656,32.3927001953125,32.445701599121094,197442,0.0,0.0,0.0
2023-05-26 14:30:00-04:00,32.44929885864258,32.47999954223633,32.43000030517578,32.439998626708984,315143,0.0,0.0,0.0
2023-05-26 15:30:00-04:00,32.435001373291016,32.46500015258789,32.400001525878906,32.45000076293945,799067,0.0,0.0,0.0
2023-05-30 09:30:00-04:00,32.380001068115234,32.38999938964844,32.20000076293945,32.220001220703125,641993,0.0,0.0,0.0
2023-05-30 10:30:00-04:00,32.24599838256836,32.267799377441406,32.03499984741211,32.06570053100586,1273697,0.0,0.0,0.0
2023-05-30 11:30:00-04:00,32.06999969482422,32.10599899291992,32.04499816894531,32.089698791503906,909069,0.0,0.0,0.0
2023-05-30 12:30:00-04:00,32.08599853515625,32.10599899291992,32.02790069580078,32.03499984741211,355634,0.0,0.0,0.0
2023-05-30 13:30:00-04:00,32.029998779296875,32.084999084472656,32.01499938964844,32.084999084472656,196348,0.0,0.0,0.0
2023-05-30 14:30:00-04:00,32.08089828491211,32.130001068115234,32.06999969482422,32.119998931884766,162740,0.0,0.0,0.0
2023-05-30 15:30:00-04:00,32.125,32.145999908447266,32.11000061035156,32.1349983215332,243288,0.0,0.0,0.0
2023-05-31 09:30:00-04:00,31.899999618530273,31.93000030517578,31.709999084472656,31.719999313354492,349133,0.0,0.0,0.0
2023-05-31 10:30:00-04:00,31.735000610351562,31.79599952697754,31.682300567626953,31.700000762939453,1344463,0.0,0.0,0.0
2023-05-31 11:30:00-04:00,31.69499969482422,31.766000747680664,31.68000030517578,31.70989990234375,1416133,0.0,0.0,0.0
2023-05-31 12:30:00-04:00,31.709999084472656,31.756000518798828,31.690000534057617,31.7450008392334,535961,0.0,0.0,0.0
2023-05-31 13:30:00-04:00,31.75,31.875,31.75,31.870100021362305,385655,0.0,0.0,0.0
2023-05-31 14:30:00-04:00,31.8700008392334,31.8799991607666,31.815000534057617,31.844999313354492,265001,0.0,0.0,0.0
2023-05-31 15:30:00-04:00,31.84000015258789,31.920000076293945,31.834999084472656,31.90999984741211,766626,0.0,0.0,0.0
2023-06-01 09:30:00-04:00,32.0,32.165000915527344,31.975000381469727,32.14899826049805,1107285,0.0,0.0,0.0
2023-06-01 10:30:00-04:00,32.14500045776367,32.29999923706055,32.13169860839844,32.29499816894531,1897616,0.0,0.0,0.0
2023-06-01 11:30:00-04:00,32.290199279785156,32.33000183105469,32.279998779296875,32.32500076293945,777349,0.0,0.0,0.0
2023-06-01 12:30:00-04:00,32.32500076293945,32.34000015258789,32.300899505615234,32.325599670410156,310950,0.0,0.0,0.0
2023-06-01 13:30:00-04:00,32.32500076293945,32.349998474121094,32.310001373291016,32.334999084472656,297154,0.0,0.0,0.0
2023-06-01 14:30:00-04:00,32.338401794433594,32.349998474121094,32.310001373291016,32.310001373291016,372584,0.0,0.0,0.0
2023-06-01 15:30:00-04:00,32.313201904296875,32.31999969482422,32.275001525878906,32.29999923706055,399239,0.0,0.0,0.0
2023-06-02 09:30:00-04:00,32.63999938964844,32.689998626708984,32.60499954223633,32.630001068115234,395829,0.0,0.0,0.0
2023-06-02 10:30:00-04:00,32.6349983215332,32.65999984741211,32.59000015258789,32.63999938964844,467445,0.0,0.0,0.0
2023-06-02 11:30:00-04:00,32.63999938964844,32.63999938964844,32.52989959716797,32.584999084472656,246373,0.0,0.0,0.0
2023-06-02 12:30:00-04:00,32.59000015258789,32.62990188598633,32.59000015258789,32.619998931884766,182643,0.0,0.0,0.0
2023-06-02 13:30:00-04:00,32.619998931884766,32.625701904296875,32.5900993347168,32.619998931884766,159425,0.0,0.0,0.0
2023-06-02 14:30:00-04:00,32.61989974975586,32.654998779296875,32.61199951171875,32.64500045776367,145649,0.0,0.0,0.0
2023-06-02 15:30:00-04:00,32.63999938964844,32.654998779296875,32.61000061035156,32.6150016784668,300733,0.0,0.0,0.0
2023-06-05 09:30:00-04:00,32.540000915527344,32.57600021362305,32.39500045776367,32.45000076293945,310322,0.0,0.0,0.0
2023-06-05 10:30:00-04:00,32.440399169921875,32.494998931884766,32.42399978637695,32.45000076293945,166635,0.0,0.0,0.0
2023-06-05 11:30:00-04:00,32.45000076293945,32.53499984741211,32.42499923706055,32.52000045776367,143595,0.0,0.0,0.0
2023-06-05 12:30:00-04:00,32.525001525878906,32.525001525878906,32.459999084472656,32.47010040283203,342804,0.0,0.0,0.0
2023-06-05 13:30:00-04:00,32.474998474121094,32.48500061035156,32.44499969482422,32.470001220703125,419842,0.0,0.0,0.0
2023-06-05 14:30:00-04:00,32.47999954223633,32.47999954223633,32.40999984741211,32.435001373291016,625394,0.0,0.0,0.0
2023-06-05 15:30:00-04:00,32.435001373291016,32.459999084472656,32.41999816894531,32.439998626708984,732361,0.0,0.0,0.0
2023-06-06 09:30:00-04:00,32.43000030517578,32.52000045776367,32.41999816894531,32.500099182128906,281640,0.0,0.0,0.0
2023-06-06 10:30:00-04:00,32.5,32.599998474121094,32.5,32.5901985168457,655480,0.0,0.0,0.0
2023-06-06 11:30:00-04:00,32.595001220703125,32.63999938964844,32.58000183105469,32.61000061035156,552967,0.0,0.0,0.0
2023-06-06 12:30:00-04:00,32.61000061035156,32.63999938964844,32.599998474121094,32.6150016784668,94293,0.0,0.0,0.0
2023-06-06 13:30:00-04:00,32.619998931884766,32.630001068115234,32.56999969482422,32.625,227404,0.0,0.0,0.0
2023-06-06 14:30:00-04:00,32.620201110839844,32.65999984741211,32.619998931884766,32.650001525878906,109738,0.0,0.0,0.0
2023-06-06 15:30:00-04:00,32.654998779296875,32.66999816894531,32.63999938964844,32.65999984741211,630988,0.0,0.0,0.0
2023-06-07 09:30:00-04:00,32.150001525878906,32.20500183105469,32.06010055541992,32.0796012878418,325407,0.0,0.0,0.0
2023-06-07 10:30:00-04:00,32.09000015258789,32.09579849243164,32.0099983215332,32.04499816894531,330744,0.0,0.0,0.0
2023-06-07 11:30:00-04:00,32.04890060424805,32.07500076293945,31.989999771118164,32.0098991394043,264343,0.0,0.0,0.0
2023-06-07 12:30:00-04:00,32.005001068115234,32.02000045776367,31.959400177001953,31.979999542236328,235138,0.0,0.0,0.0
2023-06-07 13:30:00-04:00,31.97010040283203,32.03499984741211,31.954999923706055,32.02000045776367,234108,0.0,0.0,0.0
2023-06-07 14:30:00-04:00,32.020599365234375,32.05500030517578,32.00090026855469,32.040000915527344,230903,0.0,0.0,0.0
2023-06-07 15:30:00-04:00,32.040000915527344,32.060001373291016,32.0099983215332,32.02000045776367,180987,0.0,0.0,0.0
2023-06-08 09:30:00-04:00,32.11000061035156,32.18000030517578,32.05500030517578,32.17499923706055,204168,0.0,0.0,0.0
2023-06-08 10:30:00-04:00,32.18000030517578,32.197898864746094,32.13999938964844,32.197898864746094,146384,0.0,0.0,0.0
2023-06-08 11:30:00-04:00,32.20500183105469,32.220001220703125,32.130001068115234,32.220001220703125,408832,0.0,0.0,0.0
2023-06-08 12:30:00-04:00,32.209999084472656,32.2338981628418,32.20000076293945,32.220001220703125,80667,0.0,0.0,0.0
2023-06-08 13:30:00-04:00,32.220001220703125,32.23500061035156,32.20000076293945,32.23500061035156,175606,0.0,0.0,0.0
2023-06-08 14:30:00-04:00,32.2400016784668,32.2599983215332,32.224998474121094,32.255001068115234,125314,0.0,0.0,0.0
2023-06-08 15:30:00-04:00,32.255001068115234,32.29499816894531,32.25,32.290000915527344,225189,0.0,0.0,0.0
2023-06-09 09:30:00-04:00,32.09000015258789,32.19850158691406,32.04999923706055,32.18000030517578,136948,0.0,0.0,0.0
2023-06-09 10:30:00-04:00,32.189998626708984,32.189998626708984,32.11000061035156,32.11000061035156,156341,0.0,0.0,0.0
2023-06-09 11:30:00-04:00,32.11000061035156,32.165000915527344,32.084999084472656,32.1349983215332,378622,0.0,0.0,0.0
2023-06-09 12:30:00-04:00,32.1349983215332,32.15999984741211,32.11399841308594,32.150001525878906,235403,0.0,0.0,0.0
2023-06-09 13:30:00-04:00,32.150001525878906,32.18000030517578,32.14500045776367,32.150001525878906,93990,0.0,0.0,0.0
2023-06-09 14:30:00-04:00,32.1599006652832,32.15999984741211,32.1349983215332,32.154998779296875,266167,0.0,0.0,0.0
2023-06-09 15:30:00-04:00,32.15549850463867,32.16999816894531,32.130001068115234,32.16999816894531,151069,0.0,0.0,0.0
2023-06-12 09:30:00-04:00,32.08000183105469,32.11000061035156,31.950000762939453,31.96500015258789,215088,0.0,0.0,0.0
2023-06-12 10:30:00-04:00,31.96500015258789,31.985000610351562,31.93000030517578,31.940000534057617,164389,0.0,0.0,0.0
2023-06-12 11:30:00-04:00,31.940000534057617,31.950000762939453,31.895000457763672,31.930500030517578,186284,0.0,0.0,0.0
2023-06-12 12:30:00-04:00,31.93000030517578,31.954999923706055,31.93000030517578,31.934600830078125,154318,0.0,0.0,0.0
2023-06-12 13:30:00-04:00,31.93000030517578,31.969999313354492,31.920799255371094,31.954999923706055,187486,0.0,0.0,0.0
2023-06-12 14:30:00-04:00,31.950000762939453,32.007999420166016,31.950000762939453,31.9950008392334,243368,0.0,0.0,0.0
2023-06-12 15:30:00-04:00,31.9950008392334,32.02000045776367,31.99250030517578,32.02000045776367,254931,0.0,0.0,0.0
2023-06-13 09:30:00-04:00,32.2400016784668,32.35499954223633,32.220001220703125,32.34989929199219,421116,0.0,0.0,0.0
2023-06-13 10:30:00-04:00,32.345001220703125,32.3650016784668,32.29999923706055,32.32500076293945,1701526,0.0,0.0,0.0
2023-06-13 11:30:00-04:00,32.33000183105469,32.334999084472656,32.28160095214844,32.32500076293945,394470,0.0,0.0,0.0
2023-06-13 12:30:00-04:00,32.32500076293945,32.349998474121094,32.31999969482422,32.34000015258789,209460,0.0,0.0,0.0
2023-06-13 13:30:00-04:00,32.3400993347168,32.3400993347168,32.27000045776367,32.27000045776367,127340,0.0,0.0,0.0
2023-06-13 14:30:00-04:00,32.279300689697266,32.29999923706055,32.252498626708984,32.29010009765625,340376,0.0,0.0,0.0
2023-06-13 15:30:00-04:00,32.29499816894531,32.33000183105469,32.28010177612305,32.31999969482422,373155,0.0,0.0,0.0
2023-06-14 09:30:00-04:00,32.599998474121094,32.665000915527344,32.57500076293945,32.58000183105469,478131,0.0,0.0,0.0
2023-06-14 10:30:00-04:00,32.58000183105469,32.6150016784668,32.564998626708984,32.595001220703125,392546,0.0,0.0,0.0
2023-06-14 11:30:00-04:00,32.599998474121094,32.60919952392578,32.5099983215332,32.55500030517578,476142,0.0,0.0,0.0
2023-06-14 12:30:00-04:00,32.55500030517578,32.56999969482422,32.52000045776367,32.52939987182617,271381,0.0,0.0,0.0
2023-06-14 13:30:00-04:00,32.525001525878906,32.55500030517578,32.310001373291016,32.349998474121094,579223,0.0,0.0,0.0
2023-06-14 14:30:00-04:00,32.34000015258789,32.54499816894531,32.33000183105469,32.470001220703125,652264,0.0,0.0,0.0
2023-06-14 15:30:00-04:00,32.470001220703125,32.5,32.40999984741211,32.45000076293945,840206,0.0,0.0,0.0
2023-06-15 09:30:00-04:00,32.61000061035156,32.790000915527344,32.58000183105469,32.78139877319336,198071,0.0,0.0,0.0
2023-06-15 10:30:00-04:00,32.78499984741211,32.880001068115234,32.76499938964844,32.880001068115234,485470,0.0,0.0,0.0
2023-06-15 11:30:00-04:00,32.869998931884766,32.900001525878906,32.834999084472656,32.8849983215332,217226,0.0,0.0,0.0
2023-06-15 12:30:00-04:00,32.8849983215332,32.88999938964844,32.85279846191406,32.8849983215332,244854,0.0,0.0,0.0
2023-06-15 13:30:00-04:00,32.8849983215332,32.91999816894531,32.8849983215332,32.91999816894531,117025,0.0,0.0,0.0
2023-06-15 14:30:00-04:00,32.915000915527344,32.974998474121094,32.915000915527344,32.959999084472656,89297,0.0,0.0,0.0
2023-06-15 15:30:00-04:00,32.959999084472656,32.970001220703125,32.904998779296875,32.95000076293945,201328,0.0,0.0,0.0
2023-06-16 09:30:00-04:00,33.099998474121094,33.150001525878906,33.04499816894531,33.06990051269531,587262,0.0,0.0,0.0
2023-06-16 10:30:00-04:00,33.069698333740234,33.09989929199219,33.0099983215332,33.029998779296875,170504,0.0,0.0,0.0
2023-06-16 11:30:00-04:00,33.040000915527344,33.04499816894531,32.970001220703125,33.04499816894531,357039,0.0,0.0,0.0
2023-06-16 12:30:00-04:00,33.04499816894531,33.06999969482422,33.04499816894531,33.060001373291016,67022,0.0,0.0,0.0
2023-06-16 13:30:00-04:00,33.04999923706055,33.060001373291016,33.029998779296875,33.04999923706055,90022,0.0,0.0,0.0
2023-06-16 14:30:00-04:00,33.04499816894531,33.04999923706055,32.98500061035156,33.0,100416,0.0,0.0,0.0
2023-06-16 15:30:00-04:00,32.994998931884766,33.0,32.93000030517578,32.95000076293945,487276,0.0,0.0,0.0
2023-06-20 09:30:00-04:00,32.650001525878906,32.650001525878906,32.4900016784668,32.50199890136719,245531,0.0,0.0,0.0
2023-06-20 10:30:00-04:00,32.5,32.56010055541992,32.48500061035156,32.494998931884766,269162,0.0,0.0,0.0
2023-06-20 11:30:00-04:00,32.5,32.540000915527344,32.46070098876953,32.53499984741211,384813,0.0,0.0,0.0
2023-06-20 12:30:00-04:00,32.540000915527344,32.60860061645508,32.522701263427734,32.59000015258789,189180,0.0,0.0,0.0
2023-06-20 13:30:00-04:00,32.59000015258789,32.60499954223633,32.54999923706055,32.57500076293945,261066,0.0,0.0,0.0
2023-06-20 14:30:00-04:00,32.57789993286133,32.59000015258789,32.54999923706055,32.56999969482422,147736,0.0,0.0,0.0
2023-06-20 15:30:00-04:00,32.56999969482422,32.584999084472656,32.53499984741211,32.540000915527344,122289,0.0,0.0,0.0
2023-06-21 09:30:00-04:00,32.349998474121094,32.45000076293945,32.28499984741211,32.45000076293945,352867,0.0,0.0,0.0
2023-06-21 10:30:00-04:00,32.459999084472656,32.48500061035156,32.3849983215332,32.45500183105469,302573,0.0,0.0,0.0
2023-06-21 11:30:00-04:00,32.45500183105469,32.49570083618164,32.430198669433594,32.494998931884766,514794,0.0,0.0,0.0
2023-06-21 12:30:00-04:00,32.49919891357422,32.52000045776367,32.470001220703125,32.474998474121094,178524,0.0,0.0,0.0
2023-06-21 13:30:00-04:00,32.47999954223633,32.56999969482422,32.474998474121094,32.56269836425781,186232,0.0,0.0,0.0
2023-06-21 14:30:00-04:00,32.570701599121094,32.57500076293945,32.52000045776367,32.529998779296875,111374,0.0,0.0,0.0
2023-06-21 15:30:00-04:00,32.525001525878906,32.529998779296875,32.47999954223633,32.47999954223633,152746,0.0,0.0,0.0
2023-06-22 09:30:00-04:00,32.2400016784668,32.26499938964844,32.17499923706055,32.21500015258789,255560,0.0,0.0,0.0
2023-06-22 10:30:00-04:00,32.21989822387695,32.22999954223633,32.17900085449219,32.20000076293945,374894,0.0,0.0,0.0
2023-06-22 11:30:00-04:00,32.20000076293945,32.314998626708984,32.189998626708984,32.27000045776367,308505,0.0,0.0,0.0
2023-06-22 12:30:00-04:00,32.279998779296875,32.28810119628906,32.22999954223633,32.25,159603,0.0,0.0,0.0
2023-06-22 13:30:00-04:00,32.25,32.29999923706055,32.22999954223633,32.290000915527344,132095,0.0,0.0,0.0
2023-06-22 14:30:00-04:00,32.29499816894531,32.314998626708984,32.27000045776367,32.27000045776367,118710,0.0,0.0,0.0
2023-06-22 15:30:00-04:00,32.265899658203125,32.31999969482422,32.2599983215332,32.29999923706055,338887,0.0,0.0,0.0
2023-06-23 09:30:00-04:00,31.950000762939453,32.06999969482422,31.91200065612793,32.067901611328125,230160,0.0,0.0,0.0
2023-06-23 10:30:00-04:00,32.06999969482422,32.10499954223633,31.96500015258789,31.979999542236328,110580,0.0,0.0,0.0
2023-06-23 11:30:00-04:00,31.985000610351562,32.040000915527344,31.985000610351562,32.012699127197266,122707,0.0,0.0,0.0
2023-06-23 12:30:00-04:00,32.02000045776367,32.040000915527344,32.005001068115234,32.029998779296875,46265,0.0,0.0,0.0
2023-06-23 13:30:00-04:00,32.029998779296875,32.04499816894531,32.005001068115234,32.005001068115234,231651,0.0,0.0,0.0
2023-06-23 14:30:00-04:00,32.005001068115234,32.0099983215332,31.944599151611328,31.959999084472656,119951,0.0,0.0,0.0
2023-06-23 15:30:00-04:00,31.959999084472656,32.0,31.950000762939453,31.979999542236328,192178,0.0,0.0,0.0
2023-06-26 09:30:00-04:00,31.950000762939453,32.03499984741211,31.940000534057617,31.969999313354492,280000,0.0,0.0,0.0
2023-06-26 10:30:00-04:00,31.96500015258789,32.01499938964844,31.934999465942383,31.979999542236328,195807,0.0,0.0,0.0
2023-06-26 11:30:00-04:00,31.985000610351562,32.03499984741211,31.985000610351562,32.025001525878906,95551,0.0,0.0,0.0
2023-06-26 12:30:00-04:00,32.025001525878906,32.064998626708984,32.005001068115234,32.064998626708984,158638,0.0,0.0,0.0
2023-06-26 13:30:00-04:00,32.064998626708984,32.06999969482422,32.029998779296875,32.0369987487793,79569,0.0,0.0,0.0
2023-06-26 14:30:00-04:00,32.040000915527344,32.06999969482422,32.03260040283203,32.04999923706055,89366,0.0,0.0,0.0
2023-06-26 15:30:00-04:00,32.04999923706055,32.060001373291016,32.0099983215332,32.01499938964844,167350,0.0,0.0,0.0
2023-06-27 09:30:00-04:00,32.04999923706055,32.06999969482422,31.97249984741211,32.05500030517578,273900,0.0,0.0,0.0
2023-06-27 10:30:00-04:00,32.060001373291016,32.11000061035156,32.05149841308594,32.10499954223633,291484,0.0,0.0,0.0
2023-06-27 11:30:00-04:00,32.11000061035156,32.13999938964844,32.09000015258789,32.1150016784668,263500,0.0,0.0,0.0
2023-06-27 12:30:00-04:00,32.1150016784668,32.165000915527344,32.1150016784668,32.154998779296875,100630,0.0,0.0,0.0
2023-06-27 13:30:00-04:00,32.15959930419922,32.189998626708984,32.154998779296875,32.18000030517578,112276,0.0,0.0,0.0
2023-06-27 14:30:00-04:00,32.18000030517578,32.220001220703125,32.17499923706055,32.21379852294922,143041,0.0,0.0,0.0
2023-06-27 15:30:00-04:00,32.21500015258789,32.224998474121094,32.18000030517578,32.189998626708984,212970,0.0,0.0,0.0
2023-06-28 09:30:00-04:00,32.0099983215332,32.0099983215332,31.90999984741211,31.924999237060547,342274,0.0,0.0,0.0
2023-06-28 10:30:00-04:00,31.920000076293945,31.989999771118164,31.8799991607666,31.975000381469727,357421,0.0,0.0,0.0
2023-06-28 11:30:00-04:00,31.975000381469727,32.019901275634766,31.951000213623047,32.0099983215332,261469,0.0,0.0,0.0
2023-06-28 12:30:00-04:00,32.01499938964844,32.0172004699707,31.94499969482422,31.9950008392334,213756,0.0,0.0,0.0
2023-06-28 13:30:00-04:00,32.0,32.0099983215332,31.96500015258789,32.00749969482422,117674,0.0,0.0,0.0
2023-06-28 14:30:00-04:00,32.005001068115234,32.0099983215332,31.969999313354492,31.979999542236328,101916,0.0,0.0,0.0
2023-06-28 15:30:00-04:00,31.975000381469727,31.989999771118164,31.959999084472656,31.989999771118164,171796,0.0,0.0,0.0
2023-06-29 09:30:00-04:00,31.709999084472656,31.86750030517578,31.700000762939453,31.850000381469727,303843,0.0,0.0,0.0
2023-06-29 10:30:00-04:00,31.850000381469727,31.867000579833984,31.793800354003906,31.809999465942383,284025,0.0,0.0,0.0
2023-06-29 11:30:00-04:00,31.809999465942383,31.860000610351562,31.790000915527344,31.854999542236328,265761,0.0,0.0,0.0
2023-06-29 12:30:00-04:00,31.860000610351562,31.86989974975586,31.8346004486084,31.850000381469727,164248,0.0,0.0,0.0
2023-06-29 13:30:00-04:00,31.850000381469727,31.8799991607666,31.829999923706055,31.8700008392334,84898,0.0,0.0,0.0
2023-06-29 14:30:00-04:00,31.8700008392334,31.889999389648438,31.850000381469727,31.8799991607666,113121,0.0,0.0,0.0
2023-06-29 15:30:00-04:00,31.885000228881836,31.895000457763672,31.860000610351562,31.889999389648438,189277,0.0,0.0,0.0
2023-06-30 09:30:00-04:00,32.290000915527344,32.40999984741211,32.27000045776367,32.36629867553711,258942,0.0,0.0,0.0
2023-06-30 10:30:00-04:00,32.369998931884766,32.380001068115234,32.290000915527344,32.29999923706055,556664,0.0,0.0,0.0
2023-06-30 11:30:00-04:00,32.290000915527344,32.33769989013672,32.26499938964844,32.33000183105469,224177,0.0,0.0,0.0
2023-06-30 12:30:00-04:00,32.33000183105469,32.36000061035156,32.31999969482422,32.345001220703125,141630,0.0,0.0,0.0
2023-06-30 13:30:00-04:00,32.34000015258789,32.3406982421875,32.31990051269531,32.334999084472656,103133,0.0,0.0,0.0
2023-06-30 14:30:00-04:00,32.334999084472656,32.349998474121094,32.314998626708984,32.33000183105469,140760,0.0,0.0,0.0
2023-06-30 15:30:00-04:00,32.334999084472656,32.36000061035156,32.31999969482422,32.34000015258789,178734,0.0,0.0,0.0
2023-07-03 09:30:00-04:00,32.2599983215332,32.2599983215332,32.185001373291016,32.209999084472656,350829,0.0,0.0,0.0
2023-07-03 10:30:00-04:00,32.209999084472656,32.248199462890625,32.19499969482422,32.20000076293945,220329,0.0,0.0,0.0
2023-07-03 11:30:00-04:00,32.20000076293945,32.26499938964844,32.165000915527344,32.26499938964844,181797,0.0,0.0,0.0
2023-07-05 09:30:00-04:00,32.029998779296875,32.060001373291016,31.944299697875977,31.96500015258789,497547,0.0,0.0,0.0
2023-07-05 10:30:00-04:00,31.96500015258789,31.969999313354492,31.8700008392334,31.905000686645508,812898,0.0,0.0,0.0
2023-07-05 11:30:00-04:00,31.90999984741211,31.950000762939453,31.889999389648438,31.915000915527344,414554,0.0,0.0,0.0
2023-07-05 12:30:00-04:00,31.915000915527344,31.920000076293945,31.8799991607666,31.889999389648438,190593,0.0,0.0,0.0
2023-07-05 13:30:00-04:00,31.895000457763672,31.915000915527344,31.83009910583496,31.844999313354492,250413,0.0,0.0,0.0
2023-07-05 14:30:00-04:00,31.850000381469727,31.875,31.84000015258789,31.8700008392334,210561,0.0,0.0,0.0
2023-07-05 15:30:00-04:00,31.8700008392334,31.875,31.850000381469727,31.854999542236328,328862,0.0,0.0,0.0
2023-07-06 09:30:00-04:00,31.440000534057617,31.459999084472656,31.165000915527344,31.165000915527344,654260,0.0,0.0,0.0
2023-07-06 10:30:00-04:00,31.15999984741211,31.16900062561035,31.110000610351562,31.145000457763672,903598,0.0,0.0,0.0
2023-07-06 11:30:00-04:00,31.149999618530273,31.31999969482422,31.145000457763672,31.274999618530273,298307,0.0,0.0,0.0
2023-07-06 12:30:00-04:00,31.272600173950195,31.325899124145508,31.270000457763672,31.315900802612305,150926,0.0,0.0,0.0
2023-07-06 13:30:00-04:00,31.31999969482422,31.325000762939453,31.295000076293945,31.295000076293945,159898,0.0,0.0,0.0
2023-07-06 14:30:00-04:00,31.295000076293945,31.350000381469727,31.295000076293945,31.315000534057617,161372,0.0,0.0,0.0
2023-07-06 15:30:00-04:00,31.309999465942383,31.350000381469727,31.299999237060547,31.309999465942383,384985,0.0,0.0,0.0
2023-07-07 09:30:00-04:00,31.219999313354492,31.395000457763672,31.219999313354492,31.3799991607666,652921,0.0,0.0,0.0
2023-07-07 10:30:00-04:00,31.375,31.430700302124023,31.364999771118164,31.381200790405273,272681,0.0,0.0,0.0
2023-07-07 11:30:00-04:00,31.389999389648438,31.459999084472656,31.389999389648438,31.459999084472656,127863,0.0,0.0,0.0
2023-07-07 12:30:00-04:00,31.45800018310547,31.55500030517578,31.450000762939453,31.55500030517578,284155,0.0,0.0,0.0
2023-07-07 13:30:00-04:00,31.550199508666992,31.55500030517578,31.500099182128906,31.514999389648438,150357,0.0,0.0,0.0
2023-07-07 14:30:00-04:00,31.520000457763672,31.524999618530273,31.479999542236328,31.479999542236328,336351,0.0,0.0,0.0
2023-07-07 15:30:00-04:00,31.479999542236328,31.489900588989258,31.43000030517578,31.440000534057617,408082,0.0,0.0,0.0
2023-07-10 09:30:00-04:00,31.329999923706055,31.524999618530273,31.329999923706055,31.440000534057617,236403,0.0,0.0,0.0
2023-07-10 10:30:00-04:00,31.440000534057617,31.475000381469727,31.399999618530273,31.44499969482422,235956,0.0,0.0,0.0
2023-07-10 11:30:00-04:00,31.44499969482422,31.469999313354492,31.42099952697754,31.460100173950195,173152,0.0,0.0,0.0
2023-07-10 12:30:00-04:00,31.46500015258789,31.489999771118164,31.453100204467773,31.475000381469727,84838,0.0,0.0,0.0
2023-07-10 13:30:00-04:00,31.479999542236328,31.489999771118164,31.459999084472656,31.489900588989258,77176,0.0,0.0,0.0
2023-07-10 14:30:00-04:00,31.48699951171875,31.5,31.47909927368164,31.4950008392334,100100,0.0,0.0,0.0
2023-07-10 15:30:00-04:00,31.49570083618164,31.510000228881836,31.450000762939453,31.489999771118164,148807,0.0,0.0,0.0
2023-07-11 09:30:00-04:00,31.56999969482422,31.6299991607666,31.549999237060547,31.610000610351562,103292,0.0,0.0,0.0
2023-07-11 10:30:00-04:00,31.600000381469727,31.655000686645508,31.58009910583496,31.610000610351562,587966,0.0,0.0,0.0
2023-07-11 11:30:00-04:00,31.610000610351562,31.6875,31.610000610351562,31.66189956665039,426369,0.0,0.0,0.0
2023-07-11 12:30:00-04:00,31.665000915527344,31.719999313354492,31.65999984741211,31.704999923706055,544543,0.0,0.0,0.0
2023-07-11 13:30:00-04:00,31.70400047302246,31.729999542236328,31.690000534057617,31.7091007232666,249808,0.0,0.0,0.0
2023-07-11 14:30:00-04:00,31.709999084472656,31.75,31.702999114990234,31.739999771118164,311505,0.0,0.0,0.0
2023-07-11 15:30:00-04:00,31.739999771118164,31.780000686645508,31.729999542236328,31.780000686645508,166576,0.0,0.0,0.0
2023-07-12 09:30:00-04:00,32.369998931884766,32.435001373291016,32.31999969482422,32.400001525878906,524236,0.0,0.0,0.0
2023-07-12 10:30:00-04:00,32.400001525878906,32.487098693847656,32.39500045776367,32.47999954223633,386708,0.0,0.0,0.0
2023-07-12 11:30:00-04:00,32.474998474121094,32.47999954223633,32.380001068115234,32.40999984741211,745291,0.0,0.0,0.0
2023-07-12 12:30:00-04:00,32.404998779296875,32.44599914550781,32.404998779296875,32.42499923706055,342376,0.0,0.0,0.0
2023-07-12 13:30:00-04:00,32.42940139770508,32.44499969482422,32.410099029541016,32.435001373291016,145700,0.0,0.0,0.0
2023-07-12 14:30:00-04:00,32.432498931884766,32.45500183105469,32.3849983215332,32.404998779296875,101194,0.0,0.0,0.0
2023-07-12 15:30:00-04:00,32.40999984741211,32.439998626708984,32.400001525878906,32.439998626708984,333192,0.0,0.0,0.0
2023-07-13 09:30:00-04:00,32.84000015258789,32.93899917602539,32.810001373291016,32.87770080566406,410139,0.0,0.0,0.0
2023-07-13 10:30:00-04:00,32.875,32.90999984741211,32.85499954223633,32.86000061035156,373572,0.0,0.0,0.0
2023-07-13 11:30:00-04:00,32.86009979248047,32.90999984741211,32.834999084472656,32.89500045776367,135938,0.0,0.0,0.0
2023-07-13 12:30:00-04:00,32.89500045776367,32.917701721191406,32.880001068115234,32.904998779296875,202886,0.0,0.0,0.0
2023-07-13 13:30:00-04:00,32.904998779296875,32.939998626708984,32.900001525878906,32.92499923706055,267212,0.0,0.0,0.0
2023-07-13 14:30:00-04:00,32.92499923706055,32.970001220703125,32.92499923706055,32.959999084472656,156618,0.0,0.0,0.0
2023-07-13 15:30:00-04:00,32.970001220703125,32.977500915527344,32.915000915527344,32.93000030517578,235160,0.0,0.0,0.0
2023-07-14 09:30:00-04:00,33.040000915527344,33.040000915527344,32.859901428222656,32.86119842529297,337990,0.0,0.0,0.0
2023-07-14 10:30:00-04:00,32.86000061035156,32.89899826049805,32.830101013183594,32.8849983215332,365039,0.0,0.0,0.0
2023-07-14 11:30:00-04:00,32.88999938964844,32.88999938964844,32.775001525878906,32.775001525878906,275516,0.0,0.0,0.0
2023-07-14 12:30:00-04:00,32.77000045776367,32.809898376464844,32.755001068115234,32.77000045776367,138696,0.0,0.0,0.0
2023-07-14 13:30:00-04:00,32.775001525878906,32.790000915527344,32.77170181274414,32.779998779296875,127882,0.0,0.0,0.0
2023-07-14 14:30:00-04:00,32.779998779296875,32.790000915527344,32.75,32.7599983215332,118790,0.0,0.0,0.0
2023-07-14 15:30:00-04:00,32.7599983215332,32.77000045776367,32.709999084472656,32.72999954223633,267060,0.0,0.0,0.0
2023-07-17 09:30:00-04:00,32.650001525878906,32.724998474121094,32.584999084472656,32.69499969482422,191708,0.0,0.0,0.0
2023-07-17 10:30:00-04:00,32.70000076293945,32.70989990234375,32.65399932861328,32.665000915527344,318881,0.0,0.0,0.0
2023-07-17 11:30:00-04:00,32.66999816894531,32.68000030517578,32.64250183105469,32.68000030517578,169983,0.0,0.0,0.0
2023-07-17 12:30:00-04:00,32.68000030517578,32.685001373291016,32.65999984741211,32.67499923706055,125921,0.0,0.0,0.0
2023-07-17 13:30:00-04:00,32.67499923706055,32.706199645996094,32.66999816894531,32.685001373291016,77060,0.0,0.0,0.0
2023-07-17 14:30:00-04:00,32.689998626708984,32.720001220703125,32.66999816894531,32.70989990234375,97816,0.0,0.0,0.0
2023-07-17 15:30:00-04:00,32.70500183105469,32.70989990234375,32.66999816894531,32.685001373291016,130876,0.0,0.0,0.0
2023-07-18 09:30:00-04:00,32.65999984741211,32.814998626708984,32.650001525878906,32.810001373291016,201478,0.0,0.0,0.0
2023-07-18 10:30:00-04:00,32.814998626708984,32.87990188598633,32.79999923706055,32.849998474121094,397743,0.0,0.0,0.0
2023-07-18 11:30:00-04:00,32.849998474121094,32.849998474121094,32.7599983215332,32.775001525878906,546841,0.0,0.0,0.0
2023-07-18 12:30:00-04:00,32.779998779296875,32.779998779296875,32.720001220703125,32.744998931884766,165957,0.0,0.0,0.0
2023-07-18 13:30:00-04:00,32.7400016784668,32.77000045776367,32.72999954223633,32.7599983215332,90095,0.0,0.0,0.0
2023-07-18 14:30:00-04:00,32.76499938964844,32.79750061035156,32.75,32.790000915527344,119874,0.0,0.0,0.0
2023-07-18 15:30:00-04:00,32.790000915527344,32.79999923706055,32.772499084472656,32.779998779296875,182591,0.0,0.0,0.0
2023-07-19 09:30:00-04:00,32.97999954223633,33.11000061035156,32.959999084472656,33.0,283574,0.0,0.0,0.0
2023-07-19 10:30:00-04:00,33.0,33.01499938964844,32.939998626708984,33.0099983215332,744571,0.0,0.0,0.0
2023-07-19 11:30:00-04:00,33.005001068115234,33.01499938964844,32.959800720214844,32.974998474121094,871905,0.0,0.0,0.0
2023-07-19 12:30:00-04:00,32.970001220703125,33.040000915527344,32.95000076293945,33.040000915527344,488865,0.0,0.0,0.0
2023-07-19 13:30:00-04:00,33.03499984741211,33.04999923706055,33.010799407958984,33.03990173339844,344543,0.0,0.0,0.0
2023-07-19 14:30:00-04:00,33.040000915527344,33.099998474121094,33.040000915527344,33.09000015258789,401809,0.0,0.0,0.0
2023-07-19 15:30:00-04:00,33.095001220703125,33.099998474121094,33.060001373291016,33.099998474121094,1583095,0.0,0.0,0.0
2023-07-20 09:30:00-04:00,33.16999816894531,33.279998779296875,33.119998931884766,33.130001068115234,372844,0.0,0.0,0.0
2023-07-20 10:30:00-04:00,33.12990188598633,33.18000030517578,33.099998474121094,33.15729904174805,715077,0.0,0.0,0.0
2023-07-20 11:30:00-04:00,33.154998779296875,33.16999816894531,33.1150016784668,33.15520095825195,423999,0.0,0.0,0.0
2023-07-20 12:30:00-04:00,33.15999984741211,33.189998626708984,33.125,33.189998626708984,348890,0.0,0.0,0.0
2023-07-20 13:30:00-04:00,33.189998626708984,33.209999084472656,33.150001525878906,33.150001525878906,150341,0.0,0.0,0.0
2023-07-20 14:30:00-04:00,33.13999938964844,33.189998626708984,33.13999938964844,33.154998779296875,331964,0.0,0.0,0.0
2023-07-20 15:30:00-04:00,33.150001525878906,33.2400016784668,33.150001525878906,33.209999084472656,930004,0.0,0.0,0.0
2023-07-21 09:30:00-04:00,33.2400016784668,33.27000045776367,33.1349983215332,33.189998626708984,670147,0.0,0.0,0.0
2023-07-21 10:30:00-04:00,33.189998626708984,33.215999603271484,33.15340042114258,33.20920181274414,759227,0.0,0.0,0.0
2023-07-21 11:30:00-04:00,33.20920181274414,33.2599983215332,33.20069885253906,33.2400016784668,385607,0.0,0.0,0.0
2023-07-21 12:30:00-04:00,33.2400016784668,33.279998779296875,33.220001220703125,33.27000045776367,249303,0.0,0.0,0.0
2023-07-21 13:30:00-04:00,33.27000045776367,33.27000045776367,33.2599983215332,33.27000045776367,116804,0.0,0.0,0.0
2023-07-21 14:30:00-04:00,33.26499938964844,33.290000915527344,33.2239990234375,33.25,209162,0.0,0.0,0.0
2023-07-21 15:30:00-04:00,33.25,33.27000045776367,33.2400016784668,33.26499938964844,223474,0.0,0.0,0.0
2023-07-24 09:30:00-04:00,33.099998474121094,33.220001220703125,33.07400131225586,33.08570098876953,391768,0.0,0.0,0.0
2023-07-24 10:30:00-04:00,33.09000015258789,33.24599838256836,33.09000015258789,33.244998931884766,350006,0.0,0.0,0.0
2023-07-24 11:30:00-04:00,33.249900817871094,33.27000045776367,33.224998474121094,33.23500061035156,212501,0.0,0.0,0.0
2023-07-24 12:30:00-04:00,33.23500061035156,33.290000915527344,33.23500061035156,33.275001525878906,114650,0.0,0.0,0.0
2023-07-24 13:30:00-04:00,33.279998779296875,33.279998779296875,33.25400161743164,33.263999938964844,56853,0.0,0.0,0.0
2023-07-24 14:30:00-04:00,33.26499938964844,33.269901275634766,33.209999084472656,33.209999084472656,87056,0.0,0.0,0.0
2023-07-24 15:30:00-04:00,33.20000076293945,33.22999954223633,33.20000076293945,33.22999954223633,87476,0.0,0.0,0.0
2023-07-25 09:30:00-04:00,33.2599983215332,33.375,33.2599983215332,33.35499954223633,292391,0.0,0.0,0.0
2023-07-25 10:30:00-04:00,33.35499954223633,33.400001525878906,33.33000183105469,33.400001525878906,238872,0.0,0.0,0.0
2023-07-25 11:30:00-04:00,33.40449905395508,33.435001373291016,33.38999938964844,33.38999938964844,259816,0.0,0.0,0.0
2023-07-25 12:30:00-04:00,33.400001525878906,33.415000915527344,33.38999938964844,33.404998779296875,82874,0.0,0.0,0.0
2023-07-25 13:30:00-04:00,33.400001525878906,33.419898986816406,33.400001525878906,33.419898986816406,170102,0.0,0.0,0.0
2023-07-25 14:30:00-04:00,33.415000915527344,33.44990158081055,33.40999984741211,33.41999816894531,151055,0.0,0.0,0.0
2023-07-25 15:30:00-04:00,33.42499923706055,33.439998626708984,33.40999984741211,33.42300033569336,154931,0.0,0.0,0.0
2023-07-26 09:30:00-04:00,33.27000045776367,33.42499923706055,33.27000045776367,33.395999908447266,397795,0.0,0.0,0.0
2023-07-26 10:30:00-04:00,33.390098571777344,33.51499938964844,33.380001068115234,33.494998931884766,355798,0.0,0.0,0.0
2023-07-26 11:30:00-04:00,33.49420166015625,33.54999923706055,33.47999954223633,33.51499938964844,338841,0.0,0.0,0.0
2023-07-26 12:30:00-04:00,33.51499938964844,33.52000045776367,33.47999954223633,33.47999954223633,69381,0.0,0.0,0.0
2023-07-26 13:30:00-04:00,33.47999954223633,33.529998779296875,33.45000076293945,33.470001220703125,151966,0.0,0.0,0.0
2023-07-26 14:30:00-04:00,33.470001220703125,33.64500045776367,33.45500183105469,33.52000045776367,449700,0.0,0.0,0.0
2023-07-26 15:30:00-04:00,33.529998779296875,33.58000183105469,33.51499938964844,33.58000183105469,698367,0.0,0.0,0.0
2023-07-27 09:30:00-04:00,33.45000076293945,33.45000076293945,33.3307991027832,33.34989929199219,206165,0.0,0.0,0.0
2023-07-27 10:30:00-04:00,33.349998474121094,33.415000915527344,33.31999969482422,33.415000915527344,428359,0.0,0.0,0.0
2023-07-27 11:30:00-04:00,33.4119987487793,33.415000915527344,33.33000183105469,33.345001220703125,332723,0.0,0.0,0.0
2023-07-27 12:30:00-04:00,33.345001220703125,33.36000061035156,33.290000915527344,33.290000915527344,451586,0.0,0.0,0.0
2023-07-27 13:30:00-04:00,33.29560089111328,33.29560089111328,33.13999938964844,33.13999938964844,423278,0.0,0.0,0.0
2023-07-27 14:30:00-04:00,33.150001525878906,33.150001525878906,33.04999923706055,33.05500030517578,596401,0.0,0.0,0.0
2023-07-27 15:30:00-04:00,33.05500030517578,33.060001373291016,32.9900016784668,33.029998779296875,362008,0.0,0.0,0.0
2023-07-28 09:30:00-04:00,33.34000015258789,33.45000076293945,33.27000045776367,33.370201110839844,419184,0.0,0.0,0.0
2023-07-28 10:30:00-04:00,33.375,33.40999984741211,33.345001220703125,33.375,377626,0.0,0.0,0.0
2023-07-28 11:30:00-04:00,33.375,33.38600158691406,33.334999084472656,33.36000061035156,238610,0.0,0.0,0.0
2023-07-28 12:30:00-04:00,33.36000061035156,33.365501403808594,33.279998779296875,33.279998779296875,143412,0.0,0.0,0.0
2023-07-28 13:30:00-04:00,33.27000045776367,33.279998779296875,33.22999954223633,33.25400161743164,255709,0.0,0.0,0.0
2023-07-28 14:30:00-04:00,33.255001068115234,33.279998779296875,33.2400016784668,33.27000045776367,185474,0.0,0.0,0.0
2023-07-28 15:30:00-04:00,33.275001525878906,33.279998779296875,33.2599983215332,33.279998779296875,305099,0.0,0.0,0.0
2023-07-31 09:30:00-04:00,33.349998474121094,33.486000061035156,33.349998474121094,33.415000915527344,0,0.0,0.0,0.0
2023-07-31 10:30:00-04:00,33.41999816894531,33.44599914550781,33.3849983215332,33.3849983215332,1458643,0.0,0.0,0.0
2023-07-31 11:30:00-04:00,33.3849983215332,33.38999938964844,33.32500076293945,33.359901428222656,253369,0.0,0.0,0.0
2023-07-31 12:30:00-04:00,33.35499954223633,33.3650016784668,33.33000183105469,33.34000015258789,199218,0.0,0.0,0.0
2023-07-31 13:30:00-04:00,33.334999084472656,33.349998474121094,33.29999923706055,33.30400085449219,262780,0.0,0.0,0.0
2023-07-31 14:30:00-04:00,33.310001373291016,33.31999969482422,33.290000915527344,33.30500030517578,177562,0.0,0.0,0.0
2023-07-31 15:30:00-04:00,33.30500030517578,33.310001373291016,33.290000915527344,33.30500030517578,182538,0.0,0.0,0.0
2023-08-01 09:30:00-04:00,33.06999969482422,33.17499923706055,33.03499984741211,33.04999923706055,363026,0.0,0.0,0.0
2023-08-01 10:30:00-04:00,33.04990005493164,33.04999923706055,32.91999816894531,32.92499923706055,464426,0.0,0.0,0.0
2023-08-01 11:30:00-04:00,32.92499923706055,32.95000076293945,32.904998779296875,32.94499969482422,265877,0.0,0.0,0.0
2023-08-01 12:30:00-04:00,32.94499969482422,32.970001220703125,32.935001373291016,32.95500183105469,148390,0.0,0.0,0.0
2023-08-01 13:30:00-04:00,32.95000076293945,32.9900016784668,32.940101623535156,32.974998474121094,597524,0.0,0.0,0.0
2023-08-01 14:30:00-04:00,32.97999954223633,33.0,32.970001220703125,33.0,359608,0.0,0.0,0.0
2023-08-01 15:30:00-04:00,33.0,33.02000045776367,32.9900016784668,33.0,356088,0.0,0.0,0.0
2023-08-02 09:30:00-04:00,32.5099983215332,32.54999923706055,32.34000015258789,32.359901428222656,407792,0.0,0.0,0.0
2023-08-02 10:30:00-04:00,32.349998474121094,32.404998779296875,32.25,32.34000015258789,457658,0.0,0.0,0.0
2023-08-02 11:30:00-04:00,32.340599060058594,32.40999984741211,32.34000015258789,32.400001525878906,700279,0.0,0.0,0.0
2023-08-02 12:30:00-04:00,32.400001525878906,32.45000076293945,32.400001525878906,32.439998626708984,448881,0.0,0.0,0.0
2023-08-02 13:30:00-04:00,32.439998626708984,32.45000076293945,32.400001525878906,32.400001525878906,363988,0.0,0.0,0.0
2023-08-02 14:30:00-04:00,32.400001525878906,32.43000030517578,32.349998474121094,32.35499954223633,676264,0.0,0.0,0.0
2023-08-02 15:30:00-04:00,32.35499954223633,32.404998779296875,32.349998474121094,32.36000061035156,513450,0.0,0.0,0.0
2023-08-03 09:30:00-04:00,32.06999969482422,32.220001220703125,32.064998626708984,32.20009994506836,292641,0.0,0.0,0.0
2023-08-03 10:30:00-04:00,32.20000076293945,32.329898834228516,32.189998626708984,32.29999923706055,753524,0.0,0.0,0.0
2023-08-03 11:30:00-04:00,32.29999923706055,32.36000061035156,32.29999923706055,32.349998474121094,457781,0.0,0.0,0.0
2023-08-03 12:30:00-04:00,32.36000061035156,32.400001525878906,32.349998474121094,32.380001068115234,266558,0.0,0.0,0.0
2023-08-03 13:30:00-04:00,32.375,32.380001068115234,32.31999969482422,32.36009979248047,0,0.0,0.0,0.0
2023-08-03 14:30:00-04:00,32.36000061035156,32.400001525878906,32.29999923706055,32.35499954223633,3270105,0.0,0.0,0.0
2023-08-03 15:30:00-04:00,32.35499954223633,32.400001525878906,32.349998474121094,32.349998474121094,656089,0.0,0.0,0.0
2023-08-04 09:30:00-04:00,32.36000061035156,32.54999923706055,32.36000061035156,32.54999923706055,259097,0.0,0.0,0.0
2023-08-04 10:30:00-04:00,32.54999923706055,32.64500045776367,32.53070068359375,32.64500045776367,763667,0.0,0.0,0.0
2023-08-04 11:30:00-04:00,32.64500045776367,32.65999984741211,32.599998474121094,32.649600982666016,269211,0.0,0.0,0.0
2023-08-04 12:30:00-04:00,32.650001525878906,32.67499923706055,32.630001068115234,32.63010025024414,320629,0.0,0.0,0.0
2023-08-04 13:30:00-04:00,32.630001068115234,32.65010070800781,32.444000244140625,32.45500183105469,431311,0.0,0.0,0.0
2023-08-04 14:30:00-04:00,32.45949935913086,32.46989822387695,32.36000061035156,32.369998931884766,211638,0.0,0.0,0.0
2023-08-04 15:30:00-04:00,32.369998931884766,32.3849983215332,32.29999923706055,32.34000015258789,993493,0.0,0.0,0.0
2023-08-07 09:30:00-04:00,32.529998779296875,32.59000015258789,32.400001525878906,32.52000045776367,472703,0.0,0.0,0.0
2023-08-07 10:30:00-04:00,32.52000045776367,32.584999084472656,32.502899169921875,32.540000915527344,815620,0.0,0.0,0.0
2023-08-07 11:30:00-04:00,32.540000915527344,32.59000015258789,32.529998779296875,32.570098876953125,299130,0.0,0.0,0.0
2023-08-07 12:30:00-04:00,32.58000183105469,32.619998931884766,32.560001373291016,32.59000015258789,212205,0.0,0.0,0.0
2023-08-07 13:30:00-04:00,32.595001220703125,32.64500045776367,32.5900993347168,32.60499954223633,227993,0.0,0.0,0.0
2023-08-07 14:30:00-04:00,32.60499954223633,32.63999938964844,32.599998474121094,32.609901428222656,229307,0.0,0.0,0.0
2023-08-07 15:30:00-04:00,32.60499954223633,32.65999984741211,32.599998474121094,32.63999938964844,255687,0.0,0.0,0.0
2023-08-08 09:30:00-04:00,32.27000045776367,32.290000915527344,32.18000030517578,32.279998779296875,331324,0.0,0.0,0.0
2023-08-08 10:30:00-04:00,32.27000045776367,32.33000183105469,32.22999954223633,32.31999969482422,186218,0.0,0.0,0.0
2023-08-08 11:30:00-04:00,32.31999969482422,32.375,32.310001373291016,32.35499954223633,495491,0.0,0.0,0.0
2023-08-08 12:30:00-04:00,32.36000061035156,32.39799880981445,32.34000015258789,32.37990188598633,823822,0.0,0.0,0.0
2023-08-08 13:30:00-04:00,32.380001068115234,32.439998626708984,32.369998931884766,32.41999816894531,298537,0.0,0.0,0.0
2023-08-08 14:30:00-04:00,32.41999816894531,32.5,32.40399932861328,32.494998931884766,337599,0.0,0.0,0.0
2023-08-08 15:30:00-04:00,32.494998931884766,32.529998779296875,32.470001220703125,32.5099983215332,1048813,0.0,0.0,0.0
2023-08-09 09:30:00-04:00,32.59000015258789,32.75,32.59000015258789,32.720001220703125,283439,0.0,0.0,0.0
2023-08-09 10:30:00-04:00,32.709999084472656,32.7400016784668,32.58000183105469,32.584999084472656,195199,0.0,0.0,0.0
2023-08-09 11:30:00-04:00,32.584999084472656,32.64500045776367,32.58000183105469,32.59339904785156,458891,0.0,0.0,0.0
2023-08-09 12:30:00-04:00,32.599998474121094,32.709999084472656,32.595699310302734,32.66999816894531,535997,0.0,0.0,0.0
2023-08-09 13:30:00-04:00,32.68000030517578,32.720001220703125,32.66999816894531,32.709999084472656,379552,0.0,0.0,0.0
2023-08-09 14:30:00-04:00,32.70920181274414,32.720001220703125,32.683998107910156,32.709999084472656,280247,0.0,0.0,0.0
2023-08-09 15:30:00-04:00,32.70500183105469,32.709999084472656,32.630001068115234,32.630001068115234,233583,0.0,0.0,0.0
2023-08-10 09:30:00-04:00,32.90999984741211,33.04999923706055,32.900001525878906,33.0,268802,0.0,0.0,0.0
2023-08-10 10:30:00-04:00,33.0099983215332,33.029998779296875,32.869998931884766,32.915000915527344,392423,0.0,0.0,0.0
2023-08-10 11:30:00-04:00,32.910301208496094,32.939998626708984,32.810001373291016,32.834999084472656,165606,0.0,0.0,0.0
2023-08-10 12:30:00-04:00,32.834999084472656,32.88999938964844,32.724998474121094,32.724998474121094,253916,0.0,0.0,0.0
2023-08-10 13:30:00-04:00,32.72999954223633,32.72999954223633,32.630001068115234,32.709999084472656,286823,0.0,0.0,0.0
2023-08-10 14:30:00-04:00,32.709999084472656,32.7400016784668,32.66999816894531,32.68000030517578,231487,0.0,0.0,0.0
2023-08-10 15:30:00-04:00,32.66999816894531,32.67499923706055,32.630001068115234,32.64500045776367,120626,0.0,0.0,0.0
2023-08-11 09:30:00-04:00,32.36000061035156,32.52000045776367,32.33000183105469,32.494998931884766,332504,0.0,0.0,0.0
2023-08-11 10:30:00-04:00,32.5,32.57500076293945,32.43389892578125,32.435001373291016,617072,0.0,0.0,0.0
2023-08-11 11:30:00-04:00,32.439998626708984,32.47999954223633,32.40010070800781,32.44499969482422,662777,0.0,0.0,0.0
2023-08-11 12:30:00-04:00,32.45000076293945,32.46500015258789,32.404998779296875,32.459999084472656,314937,0.0,0.0,0.0
2023-08-11 13:30:00-04:00,32.459999084472656,32.470001220703125,32.40999984741211,32.45500183105469,253297,0.0,0.0,0.0
2023-08-11 14:30:00-04:00,32.459999084472656,32.47999954223633,32.44499969482422,32.474998474121094,273812,0.0,0.0,0.0
2023-08-11 15:30:00-04:00,32.474998474121094,32.5,32.45249938964844,32.47999954223633,246144,0.0,0.0,0.0
2023-08-14 09:30:00-04:00,32.130001068115234,32.25,32.03010177612305,32.209999084472656,381618,0.0,0.0,0.0
2023-08-14 10:30:00-04:00,32.220001220703125,32.345001220703125,32.220001220703125,32.320098876953125,885326,0.0,0.0,0.0
2023-08-14 11:30:00-04:00,32.31999969482422,32.3849983215332,32.314998626708984,32.347801208496094,763223,0.0,0.0,0.0
2023-08-14 12:30:00-04:00,32.34000015258789,32.380001068115234,32.33000183105469,32.354698181152344,259110,0.0,0.0,0.0
2023-08-14 13:30:00-04:00,32.35499954223633,32.3650016784668,32.314998626708984,32.32500076293945,438865,0.0,0.0,0.0
2023-08-14 14:30:00-04:00,32.32500076293945,32.36000061035156,32.290000915527344,32.345001220703125,550930,0.0,0.0,0.0
2023-08-14 15:30:00-04:00,32.345001220703125,32.380001068115234,32.334999084472656,32.380001068115234,188816,0.0,0.0,0.0
2023-08-15 09:30:00-04:00,32.09000015258789,32.09000015258789,31.879899978637695,31.889999389648438,385038,0.0,0.0,0.0
2023-08-15 10:30:00-04:00,31.885000228881836,31.979999542236328,31.850099563598633,31.934999465942383,549525,0.0,0.0,0.0
2023-08-15 11:30:00-04:00,31.940000534057617,31.96500015258789,31.899999618530273,31.905000686645508,224109,0.0,0.0,0.0
2023-08-15 12:30:00-04:00,31.905000686645508,31.90999984741211,31.864999771118164,31.905000686645508,130776,0.0,0.0,0.0
2023-08-15 13:30:00-04:00,31.905000686645508,31.90999984741211,31.875,31.889999389648438,390307,0.0,0.0,0.0
2023-08-15 14:30:00-04:00,31.899999618530273,31.920000076293945,31.81999969482422,31.81999969482422,285029,0.0,0.0,0.0
2023-08-15 15:30:00-04:00,31.809999465942383,31.8700008392334,31.800100326538086,31.860000610351562,260475,0.0,0.0,0.0
2023-08-16 09:30:00-04:00,31.709999084472656,31.8799991607666,31.690000534057617,31.84000015258789,214432,0.0,0.0,0.0
2023-08-16 10:30:00-04:00,31.84000015258789,31.885000228881836,31.780000686645508,31.84000015258789,358874,0.0,0.0,0.0
2023-08-16 11:30:00-04:00,31.844999313354492,31.864999771118164,31.774999618530273,31.78499984741211,299519,0.0,0.0,0.0
2023-08-16 12:30:00-04:00,31.790000915527344,31.81999969482422,31.7101993560791,31.739999771118164,720034,0.0,0.0,0.0
2023-08-16 13:30:00-04:00,31.729999542236328,31.83970069885254,31.729999542236328,31.819900512695312,609075,0.0,0.0,0.0
2023-08-16 14:30:00-04:00,31.81999969482422,31.844999313354492,31.670000076293945,31.68000030517578,440173,0.0,0.0,0.0
2023-08-16 15:30:00-04:00,31.684999465942383,31.719999313354492,31.68000030517578,31.690000534057617,183369,0.0,0.0,0.0
2023-08-17 09:30:00-04:00,31.84000015258789,31.885000228881836,31.739999771118164,31.790000915527344,181512,0.0,0.0,0.0
2023-08-17 10:30:00-04:00,31.780000686645508,31.790000915527344,31.665000915527344,31.68000030517578,319173,0.0,0.0,0.0
2023-08-17 11:30:00-04:00,31.68000030517578,31.760000228881836,31.645000457763672,31.75,484481,0.0,0.0,0.0
2023-08-17 12:30:00-04:00,31.75,31.7549991607666,31.670000076293945,31.68000030517578,301493,0.0,0.0,0.0
2023-08-17 13:30:00-04:00,31.674999237060547,31.674999237060547,31.594999313354492,31.614999771118164,160617,0.0,0.0,0.0
2023-08-17 14:30:00-04:00,31.610000610351562,31.610000610351562,31.514999389648438,31.56999969482422,231101,0.0,0.0,0.0
2023-08-17 15:30:00-04:00,31.56999969482422,31.610000610351562,31.559999465942383,31.579999923706055,493816,0.0,0.0,0.0
2023-08-18 09:30:00-04:00,31.25,31.3799991607666,31.25,31.33449935913086,225862,0.0,0.0,0.0
2023-08-18 10:30:00-04:00,31.34000015258789,31.510000228881836,31.329999923706055,31.469999313354492,1152969,0.0,0.0,0.0
2023-08-18 11:30:00-04:00,31.469999313354492,31.5,31.434999465942383,31.485000610351562,687115,0.0,0.0,0.0
2023-08-18 12:30:00-04:00,31.479999542236328,31.520000457763672,31.440000534057617,31.475000381469727,182014,0.0,0.0,0.0
2023-08-18 13:30:00-04:00,31.479999542236328,31.510000228881836,31.459999084472656,31.48889923095703,187951,0.0,0.0,0.0
2023-08-18 14:30:00-04:00,31.489999771118164,31.510000228881836,31.430700302124023,31.475000381469727,288576,0.0,0.0,0.0
2023-08-18 15:30:00-04:00,31.475000381469727,31.514999389648438,31.459999084472656,31.469999313354492,146451,0.0,0.0,0.0
2023-08-21 09:30:00-04:00,31.510000228881836,31.579999923706055,31.41069984436035,31.424999237060547,345761,0.0,0.0,0.0
2023-08-21 10:30:00-04:00,31.420000076293945,31.485000610351562,31.390100479125977,31.44499969482422,462364,0.0,0.0,0.0
2023-08-21 11:30:00-04:00,31.44499969482422,31.489900588989258,31.399999618530273,31.485000610351562,355897,0.0,0.0,0.0
2023-08-21 12:30:00-04:00,31.485000610351562,31.524999618530273,31.459999084472656,31.520000457763672,233689,0.0,0.0,0.0
2023-08-21 13:30:00-04:00,31.524999618530273,31.540000915527344,31.5049991607666,31.520099639892578,87767,0.0,0.0,0.0
2023-08-21 14:30:00-04:00,31.520000457763672,31.56999969482422,31.510000228881836,31.55500030517578,120849,0.0,0.0,0.0
2023-08-21 15:30:00-04:00,31.559999465942383,31.579999923706055,31.53499984741211,31.559999465942383,174733,0.0,0.0,0.0
2023-08-22 09:30:00-04:00,31.559999465942383,31.600000381469727,31.440000534057617,31.450000762939453,3109041,0.0,0.0,0.0
2023-08-22 10:30:00-04:00,31.440000534057617,31.475000381469727,31.40999984741211,31.450000762939453,497380,0.0,0.0,0.0
2023-08-22 11:30:00-04:00,31.459999084472656,31.46500015258789,31.40999984741211,31.440099716186523,377495,0.0,0.0,0.0
2023-08-22 12:30:00-04:00,31.440900802612305,31.459999084472656,31.405000686645508,31.430099487304688,305585,0.0,0.0,0.0
2023-08-22 13:30:00-04:00,31.43000030517578,31.43000030517578,31.395000457763672,31.420000076293945,338906,0.0,0.0,0.0
2023-08-22 14:30:00-04:00,31.424999237060547,31.45330047607422,31.41010093688965,31.420000076293945,273968,0.0,0.0,0.0
2023-08-22 15:30:00-04:00,31.40999984741211,31.43000030517578,31.385000228881836,31.415000915527344,379989,0.0,0.0,0.0
2023-08-23 09:30:00-04:00,31.43000030517578,31.524999618530273,31.40999984741211,31.514999389648438,164619,0.0,0.0,0.0
2023-08-23 10:30:00-04:00,31.514999389648438,31.579999923706055,31.454999923706055,31.575000762939453,311061,0.0,0.0,0.0
2023-08-23 11:30:00-04:00,31.575000762939453,31.59000015258789,31.549999237060547,31.575000762939453,509189,0.0,0.0,0.0
2023-08-23 12:30:00-04:00,31.575000762939453,31.639999389648438,31.56999969482422,31.625,380173,0.0,0.0,0.0
2023-08-23 13:30:00-04:00,31.6299991607666,31.649999618530273,31.579999923706055,31.594999313354492,378623,0.0,0.0,0.0
2023-08-23 14:30:00-04:00,31.59000015258789,31.610000610351562,31.559999465942383,31.604999542236328,330711,0.0,0.0,0.0
2023-08-23 15:30:00-04:00,31.610000610351562,31.6299991607666,31.59000015258789,31.600000381469727,488412,0.0,0.0,0.0
2023-08-24 09:30:00-04:00,31.469999313354492,31.639999389648438,31.469999313354492,31.540000915527344,232485,0.0,0.0,0.0
2023-08-24 10:30:00-04:00,31.530000686645508,31.56999969482422,31.485000610351562,31.510000228881836,284973,0.0,0.0,0.0
2023-08-24 11:30:00-04:00,31.510000228881836,31.510000228881836,31.434999465942383,31.459999084472656,257055,0.0,0.0,0.0
2023-08-24 12:30:00-04:00,31.459999084472656,31.485000610351562,31.399999618530273,31.40999984741211,392216,0.0,0.0,0.0
2023-08-24 13:30:00-04:00,31.40999984741211,31.43000030517578,31.389999389648438,31.405000686645508,141809,0.0,0.0,0.0
2023-08-24 14:30:00-04:00,31.40999984741211,31.420000076293945,31.375,31.40999984741211,147437,0.0,0.0,0.0
2023-08-24 15:30:00-04:00,31.405000686645508,31.40999984741211,31.309999465942383,31.309999465942383,177316,0.0,0.0,0.0
2023-08-25 09:30:00-04:00,31.56999969482422,31.604999542236328,31.360000610351562,31.372100830078125,292993,0.0,0.0,0.0
2023-08-25 10:30:00-04:00,31.375,31.388099670410156,31.260000228881836,31.370100021362305,327134,0.0,0.0,0.0
2023-08-25 11:30:00-04:00,31.375,31.43000030517578,31.299999237060547,31.424999237060547,458176,0.0,0.0,0.0
2023-08-25 12:30:00-04:00,31.424999237060547,31.450000762939453,31.37019920349121,31.389999389648438,301451,0.0,0.0,0.0
2023-08-25 13:30:00-04:00,31.389999389648438,31.5049991607666,31.350000381469727,31.5049991607666,392058,0.0,0.0,0.0
2023-08-25 14:30:00-04:00,31.5049991607666,31.545000076293945,31.489999771118164,31.540000915527344,322755,0.0,0.0,0.0
2023-08-25 15:30:00-04:00,31.540000915527344,31.540000915527344,31.46500015258789,31.489999771118164,160674,0.0,0.0,0.0
2023-08-28 09:30:00-04:00,31.639999389648438,31.854999542236328,31.639999389648438,31.790000915527344,252346,0.0,0.0,0.0
2023-08-28 10:30:00-04:00,31.790000915527344,31.790000915527344,31.690000534057617,31.735000610351562,147982,0.0,0.0,0.0
2023-08-28 11:30:00-04:00,31.735000610351562,31.780000686645508,31.729999542236328,31.770000457763672,388846,0.0,0.0,0.0
2023-08-28 12:30:00-04:00,31.764999389648438,31.809999465942383,31.760000228881836,31.789499282836914,282796,0.0,0.0,0.0
2023-08-28 13:30:00-04:00,31.790000915527344,31.799999237060547,31.709999084472656,31.735000610351562,211975,0.0,0.0,0.0
2023-08-28 14:30:00-04:00,31.735000610351562,31.774999618530273,31.729999542236328,31.7549991607666,159763,0.0,0.0,0.0
2023-08-28 15:30:00-04:00,31.7549991607666,31.829999923706055,31.75,31.81999969482422,241708,0.0,0.0,0.0
2023-08-29 09:30:00-04:00,31.799999237060547,32.025001525878906,31.780000686645508,32.02000045776367,718417,0.0,0.0,0.0
2023-08-29 10:30:00-04:00,32.01029968261719,32.02000045776367,31.885000228881836,32.005001068115234,495591,0.0,0.0,0.0
2023-08-29 11:30:00-04:00,32.005001068115234,32.04499816894531,31.985000610351562,32.029998779296875,134605,0.0,0.0,0.0
2023-08-29 12:30:00-04:00,32.029998779296875,32.08000183105469,32.0,32.064998626708984,82951,0.0,0.0,0.0
2023-08-29 13:30:00-04:00,32.064998626708984,32.095001220703125,32.04499816894531,32.05500030517578,0,0.0,0.0,0.0
2023-08-29 14:30:00-04:00,32.059898376464844,32.14500045776367,32.05500030517578,32.13999938964844,1821185,0.0,0.0,0.0
2023-08-29 15:30:00-04:00,32.13999938964844,32.150001525878906,32.130001068115234,32.150001525878906,180545,0.0,0.0,0.0
2023-08-30 09:30:00-04:00,32.34000015258789,32.43000030517578,32.279998779296875,32.28499984741211,172391,0.0,0.0,0.0
2023-08-30 10:30:00-04:00,32.28499984741211,32.345001220703125,32.279998779296875,32.33000183105469,123434,0.0,0.0,0.0
2023-08-30 11:30:00-04:00,32.31999969482422,32.345001220703125,32.29999923706055,32.33000183105469,462871,0.0,0.0,0.0
2023-08-30 12:30:00-04:00,32.31999969482422,32.33000183105469,32.29999923706055,32.31999969482422,167064,0.0,0.0,0.0
2023-08-30 13:30:00-04:00,32.31340026855469,32.33000183105469,32.2400016784668,32.2400016784668,121442,0.0,0.0,0.0
2023-08-30 14:30:00-04:00,32.2400016784668,32.29999923706055,32.2400016784668,32.27000045776367,79313,0.0,0.0,0.0
2023-08-30 15:30:00-04:00,32.275001525878906,32.29499816894531,32.27000045776367,32.279998779296875,180045,0.0,0.0,0.0
2023-08-31 09:30:00-04:00,32.27000045776367,32.27000045776367,32.15999984741211,32.16999816894531,367397,0.0,0.0,0.0
2023-08-31 10:30:00-04:00,32.17499923706055,32.17499923706055,32.07500076293945,32.08000183105469,273245,0.0,0.0,0.0
2023-08-31 11:30:00-04:00,32.08000183105469,32.08000183105469,31.950000762939453,31.954999923706055,397267,0.0,0.0,0.0
2023-08-31 12:30:00-04:00,31.959999084472656,32.02000045776367,31.920000076293945,32.005001068115234,75031,0.0,0.0,0.0
2023-08-31 13:30:00-04:00,32.0099983215332,32.040000915527344,31.985000610351562,32.03990173339844,73233,0.0,0.0,0.0
2023-08-31 14:30:00-04:00,32.03499984741211,32.03499984741211,31.954099655151367,31.989999771118164,84023,0.0,0.0,0.0
2023-08-31 15:30:00-04:00,31.989999771118164,32.02799987792969,31.985000610351562,31.985000610351562,181447,0.0,0.0,0.0
2023-09-01 09:30:00-04:00,32.279998779296875,32.310001373291016,32.08000183105469,32.13999938964844,281230,0.0,0.0,0.0
2023-09-01 10:30:00-04:00,32.13999938964844,32.13999938964844,31.9950008392334,31.9950008392334,193172,0.0,0.0,0.0
2023-09-01 11:30:00-04:00,32.0,32.005001068115234,31.9414005279541,31.985000610351562,192599,0.0,0.0,0.0
2023-09-01 12:30:00-04:00,31.985000610351562,32.02000045776367,31.959999084472656,32.005001068115234,84620,0.0,0.0,0.0
2023-09-01 13:30:00-04:00,32.005001068115234,32.027801513671875,31.9950008392334,32.0,44805,0.0,0.0,0.0
2023-09-01 14:30:00-04:00,32.000099182128906,32.03499984741211,31.99180030822754,32.029998779296875,64873,0.0,0.0,0.0
2023-09-01 15:30:00-04:00,32.029998779296875,32.04999923706055,32.0099983215332,32.04999923706055,174111,0.0,0.0,0.0
2023-09-05 09:30:00-04:00,31.979999542236328,32.0,31.825000762939453,31.8799991607666,148820,0.0,0.0,0.0
2023-09-05 10:30:00-04:00,31.8799991607666,31.885000228881836,31.780000686645508,31.78499984741211,137255,0.0,0.0,0.0
2023-09-05 11:30:00-04:00,31.77989959716797,31.860000610351562,31.77989959716797,31.815000534057617,134224,0.0,0.0,0.0
2023-09-05 12:30:00-04:00,31.815000534057617,31.81999969482422,31.7549991607666,31.76650047302246,154715,0.0,0.0,0.0
2023-09-05 13:30:00-04:00,31.760000228881836,31.770000457763672,31.733999252319336,31.760000228881836,133663,0.0,0.0,0.0
2023-09-05 14:30:00-04:00,31.760000228881836,31.764999389648438,31.709999084472656,31.729999542236328,129503,0.0,0.0,0.0
2023-09-05 15:30:00-04:00,31.729999542236328,31.760000228881836,31.719999313354492,31.719999313354492,235590,0.0,0.0,0.0
2023-09-06 09:30:00-04:00,31.65999984741211,31.729999542236328,31.559900283813477,31.559900283813477,264348,0.0,0.0,0.0
2023-09-06 10:30:00-04:00,31.549999237060547,31.604999542236328,31.540000915527344,31.57990074157715,168279,0.0,0.0,0.0
2023-09-06 11:30:00-04:00,31.57900047302246,31.59000015258789,31.53179931640625,31.53499984741211,401412,0.0,0.0,0.0
2023-09-06 12:30:00-04:00,31.53499984741211,31.549999237060547,31.485000610351562,31.53499984741211,402866,0.0,0.0,0.0
2023-09-06 13:30:00-04:00,31.53499984741211,31.56999969482422,31.520000457763672,31.565000534057617,237017,0.0,0.0,0.0
2023-09-06 14:30:00-04:00,31.559999465942383,31.59000015258789,31.540000915527344,31.579999923706055,328751,0.0,0.0,0.0
2023-09-06 15:30:00-04:00,31.579999923706055,31.579999923706055,31.55500030517578,31.56999969482422,1029116,0.0,0.0,0.0
2023-09-07 09:30:00-04:00,31.59000015258789,31.65999984741211,31.520000457763672,31.524999618530273,396807,0.0,0.0,0.0
2023-09-07 10:30:00-04:00,31.530099868774414,31.6299991607666,31.490100860595703,31.600099563598633,601360,0.0,0.0,0.0
2023-09-07 11:30:00-04:00,31.609899520874023,31.649999618530273,31.594999313354492,31.634199142456055,363661,0.0,0.0,0.0
2023-09-07 12:30:00-04:00,31.639999389648438,31.649999618530273,31.610000610351562,31.639999389648438,123630,0.0,0.0,0.0
2023-09-07 13:30:00-04:00,31.639999389648438,31.649999618530273,31.59000015258789,31.59000015258789,87245,0.0,0.0,0.0
2023-09-07 14:30:00-04:00,31.59000015258789,31.604999542236328,31.57349967956543,31.600000381469727,279001,0.0,0.0,0.0
2023-09-07 15:30:00-04:00,31.594999313354492,31.625,31.582500457763672,31.59000015258789,203542,0.0,0.0,0.0
2023-09-08 09:30:00-04:00,31.670000076293945,31.81999969482422,31.635000228881836,31.809999465942383,668668,0.0,0.0,0.0
2023-09-08 10:30:00-04:00,31.809999465942383,31.815000534057617,31.764999389648438,31.780000686645508,179099,0.0,0.0,0.0
2023-09-08 11:30:00-04:00,31.774999618530273,31.815000534057617,31.750099182128906,31.790000915527344,112773,0.0,0.0,0.0
2023-09-08 12:30:00-04:00,31.780000686645508,31.799999237060547,31.760000228881836,31.774999618530273,130238,0.0,0.0,0.0
2023-09-08 13:30:00-04:00,31.774999618530273,31.799100875854492,31.7450008392334,31.7450008392334,64171,0.0,0.0,0.0
2023-09-08 14:30:00-04:00,31.74799919128418,31.75,31.719999313354492,31.739999771118164,82480,0.0,0.0,0.0
2023-09-08 15:30:00-04:00,31.729999542236328,31.760000228881836,31.729999542236328,31.760000228881836,92830,0.0,0.0,0.0
2023-09-11 09:30:00-04:00,31.940000534057617,32.025001525878906,31.864999771118164,32.02000045776367,176777,0.0,0.0,0.0
2023-09-11 10:30:00-04:00,32.0099983215332,32.029998779296875,31.950000762939453,31.989999771118164,89171,0.0,0.0,0.0
2023-09-11 11:30:00-04:00,31.985000610351562,32.060001373291016,31.979900360107422,32.060001373291016,97559,0.0,0.0,0.0
2023-09-11 12:30:00-04:00,32.05500030517578,32.060001373291016,32.0099983215332,32.02790069580078,154649,0.0,0.0,0.0
2023-09-11 13:30:00-04:00,32.029998779296875,32.029998779296875,31.989999771118164,31.9950008392334,147234,0.0,0.0,0.0
2023-09-11 14:30:00-04:00,31.989999771118164,32.0098991394043,31.969999313354492,31.9950008392334,123454,0.0,0.0,0.0
2023-09-11 15:30:00-04:00,31.9950008392334,32.0,31.979999542236328,32.0,121673,0.0,0.0,0.0
2023-09-12 09:30:00-04:00,31.950000762939453,32.04999923706055,31.950000762939453,31.954999923706055,225222,0.0,0.0,0.0
2023-09-12 10:30:00-04:00,31.96500015258789,32.040000915527344,31.959999084472656,32.03499984741211,374001,0.0,0.0,0.0
2023-09-12 11:30:00-04:00,32.029998779296875,32.11000061035156,32.005001068115234,32.084999084472656,443574,0.0,0.0,0.0
2023-09-12 12:30:00-04:00,32.085201263427734,32.13999938964844,32.064998626708984,32.119998931884766,73881,0.0,0.0,0.0
2023-09-12 13:30:00-04:00,32.130001068115234,32.1349983215332,32.064998626708984,32.095001220703125,93449,0.0,0.0,0.0
2023-09-12 14:30:00-04:00,32.09000015258789,32.099998474121094,32.005001068115234,32.01499938964844,104940,0.0,0.0,0.0
2023-09-12 15:30:00-04:00,32.02000045776367,32.029998779296875,31.989999771118164,32.0,250568,0.0,0.0,0.0
2023-09-13 09:30:00-04:00,32.04999923706055,32.13999938964844,32.02000045776367,32.029998779296875,103141,0.0,0.0,0.0
2023-09-13 10:30:00-04:00,32.029998779296875,32.1349983215332,32.025001525878906,32.11000061035156,97884,0.0,0.0,0.0
2023-09-13 11:30:00-04:00,32.11000061035156,32.11000061035156,32.02000045776367,32.060001373291016,236124,0.0,0.0,0.0
2023-09-13 12:30:00-04:00,32.060001373291016,32.064998626708984,32.0099983215332,32.040000915527344,544896,0.0,0.0,0.0
2023-09-13 13:30:00-04:00,32.03499984741211,32.04999923706055,32.018699645996094,32.03499984741211,303488,0.0,0.0,0.0
2023-09-13 14:30:00-04:00,32.03499984741211,32.040000915527344,31.950000762939453,31.979999542236328,172722,0.0,0.0,0.0
2023-09-13 15:30:00-04:00,31.979999542236328,32.029998779296875,31.97010040283203,32.02000045776367,91177,0.0,0.0,0.0
2023-09-14 09:30:00-04:00,32.25,32.380001068115234,32.25,32.37009811401367,349478,0.0,0.0,0.0
2023-09-14 10:30:00-04:00,32.380001068115234,32.525001525878906,32.369998931884766,32.525001525878906,280073,0.0,0.0,0.0
2023-09-14 11:30:00-04:00,32.52000045776367,32.525001525878906,32.45009994506836,32.4900016784668,256804,0.0,0.0,0.0
2023-09-14 12:30:00-04:00,32.5,32.560001373291016,32.49409866333008,32.529998779296875,192997,0.0,0.0,0.0
2023-09-14 13:30:00-04:00,32.529998779296875,32.540000915527344,32.494998931884766,32.51499938964844,217260,0.0,0.0,0.0
2023-09-14 14:30:00-04:00,32.5099983215332,32.560001373291016,32.5099983215332,32.54999923706055,185169,0.0,0.0,0.0
2023-09-14 15:30:00-04:00,32.54499816894531,32.58000183105469,32.529998779296875,32.560001373291016,393087,0.0,0.0,0.0
2023-09-15 09:30:00-04:00,32.630001068115234,32.775001525878906,32.619998931884766,32.685001373291016,285115,0.0,0.0,0.0
2023-09-15 10:30:00-04:00,32.68000030517578,32.70500183105469,32.584999084472656,32.66999816894531,115470,0.0,0.0,0.0
2023-09-15 11:30:00-04:00,32.66999816894531,32.66999816894531,32.55500030517578,32.56999969482422,214801,0.0,0.0,0.0
2023-09-15 12:30:00-04:00,32.564998626708984,32.599998474121094,32.5098991394043,32.51499938964844,290911,0.0,0.0,0.0
2023-09-15 13:30:00-04:00,32.51499938964844,32.560001373291016,32.5,32.519798278808594,111122,0.0,0.0,0.0
2023-09-15 14:30:00-04:00,32.5099983215332,32.54999923706055,32.5099983215332,32.53499984741211,139666,0.0,0.0,0.0
2023-09-15 15:30:00-04:00,32.53499984741211,32.540000915527344,32.4900016784668,32.4900016784668,185395,0.0,0.0,0.0
2023-09-18 09:30:00-04:00,32.40999984741211,32.40999984741211,32.2400016784668,32.275001525878906,934788,0.0,0.0,0.0
2023-09-18 10:30:00-04:00,32.279998779296875,32.349998474121094,32.2599983215332,32.314998626708984,258729,0.0,0.0,0.0
2023-09-18 11:30:00-04:00,32.31269836425781,32.380001068115234,32.31269836425781,32.349998474121094,206527,0.0,0.0,0.0
2023-09-18 12:30:00-04:00,32.36000061035156,32.37580108642578,32.349998474121094,32.35499954223633,178563,0.0,0.0,0.0
2023-09-18 13:30:00-04:00,32.359901428222656,32.369998931884766,32.310001373291016,32.314998626708984,104284,0.0,0.0,0.0
2023-09-18 14:30:00-04:00,32.314998626708984,32.33000183105469,32.290000915527344,32.29999923706055,144513,0.0,0.0,0.0
2023-09-18 15:30:00-04:00,32.29499816894531,32.34000015258789,32.279998779296875,32.34000015258789,221319,0.0,0.0,0.0
2023-09-19 09:30:00-04:00,32.380001068115234,32.45000076293945,32.310001373291016,32.349998474121094,275385,0.0,0.0,0.0
2023-09-19 10:30:00-04:00,32.349998474121094,32.369998931884766,32.290000915527344,32.34000015258789,223931,0.0,0.0,0.0
2023-09-19 11:30:00-04:00,32.334999084472656,32.36000061035156,32.29999923706055,32.31999969482422,292212,0.0,0.0,0.0
2023-09-19 12:30:00-04:00,32.31999969482422,32.32500076293945,32.27000045776367,32.314998626708984,231619,0.0,0.0,0.0
2023-09-19 13:30:00-04:00,32.31919860839844,32.380001068115234,32.314998626708984,32.345001220703125,187478,0.0,0.0,0.0
2023-09-19 14:30:00-04:00,32.345001220703125,32.39500045776367,32.34000015258789,32.3650016784668,209197,0.0,0.0,0.0
2023-09-19 15:30:00-04:00,32.3650016784668,32.380001068115234,32.36000061035156,32.36000061035156,198694,0.0,0.0,0.0
2023-09-20 09:30:00-04:00,32.619998931884766,32.75,32.599998474121094,32.720001220703125,220632,0.0,0.0,0.0
2023-09-20 10:30:00-04:00,32.724998474121094,32.72999954223633,32.65999984741211,32.69499969482422,248195,0.0,0.0,0.0
2023-09-20 11:30:00-04:00,32.689998626708984,32.73500061035156,32.66999816894531,32.73500061035156,102887,0.0,0.0,0.0
2023-09-20 12:30:00-04:00,32.73500061035156,32.755001068115234,32.720001220703125,32.720001220703125,160348,0.0,0.0,0.0
2023-09-20 13:30:00-04:00,32.71500015258789,32.71989822387695,32.54999923706055,32.619998931884766,228722,0.0,0.0,0.0
2023-09-20 14:30:00-04:00,32.61000061035156,32.689998626708984,32.470001220703125,32.52000045776367,338806,0.0,0.0,0.0
2023-09-20 15:30:00-04:00,32.52000045776367,32.52000045776367,32.38999938964844,32.40999984741211,197315,0.0,0.0,0.0
2023-09-21 09:30:00-04:00,32.36000061035156,32.380001068115234,32.224998474121094,32.349998474121094,579895,0.0,0.0,0.0
2023-09-21 10:30:00-04:00,32.34000015258789,32.35499954223633,32.20249938964844,32.220001220703125,244233,0.0,0.0,0.0
2023-09-21 11:30:00-04:00,32.220001220703125,32.22999954223633,32.15999984741211,32.189998626708984,395221,0.0,0.0,0.0
2023-09-21 12:30:00-04:00,32.185001373291016,32.244998931884766,32.18000030517578,32.2400016784668,230793,0.0,0.0,0.0
2023-09-21 13:30:00-04:00,32.2400016784668,32.255001068115234,32.16999816894531,32.17499923706055,182103,0.0,0.0,0.0
2023-09-21 14:30:00-04:00,32.17499923706055,32.17499923706055,32.10499954223633,32.10499954223633,319881,0.0,0.0,0.0
2023-09-21 15:30:00-04:00,32.10499954223633,32.119998931884766,32.03499984741211,32.040000915527344,508728,0.0,0.0,0.0
2023-09-22 09:30:00-04:00,32.22999954223633,32.314998626708984,32.15999984741211,32.279998779296875,212021,0.0,0.0,0.0
2023-09-22 10:30:00-04:00,32.279998779296875,32.310001373291016,32.11000061035156,32.15999984741211,305213,0.0,0.0,0.0
2023-09-22 11:30:00-04:00,32.15999984741211,32.15999984741211,32.05009841918945,32.088600158691406,430253,0.0,0.0,0.0
2023-09-22 12:30:00-04:00,32.09000015258789,32.130001068115234,32.060001373291016,32.060001373291016,111605,0.0,0.0,0.0
2023-09-22 13:30:00-04:00,32.05500030517578,32.05500030517578,31.985000610351562,32.01499938964844,116282,0.0,0.0,0.0
2023-09-22 14:30:00-04:00,32.0099983215332,32.09400177001953,31.965200424194336,32.079898834228516,142700,0.0,0.0,0.0
2023-09-22 15:30:00-04:00,32.07500076293945,32.08000183105469,31.989999771118164,32.005001068115234,348731,0.0,0.0,0.0
2023-09-25 09:30:00-04:00,31.670000076293945,31.735000610351562,31.600000381469727,31.6299991607666,364062,0.0,0.0,0.0
2023-09-25 10:30:00-04:00,31.6299991607666,31.77739906311035,31.610000610351562,31.764999389648438,432038,0.0,0.0,0.0
2023-09-25 11:30:00-04:00,31.770000457763672,31.8799991607666,31.770000457763672,31.875,330043,0.0,0.0,0.0
2023-09-25 12:30:00-04:00,31.875,31.885000228881836,31.815000534057617,31.829999923706055,318276,0.0,0.0,0.0
2023-09-25 13:30:00-04:00,31.829999923706055,31.86639976501465,31.81100082397461,31.831199645996094,286047,0.0,0.0,0.0
2023-09-25 14:30:00-04:00,31.83009910583496,31.86009979248047,31.795000076293945,31.82990074157715,280569,0.0,0.0,0.0
2023-09-25 15:30:00-04:00,31.81999969482422,31.864999771118164,31.815000534057617,31.860000610351562,252973,0.0,0.0,0.0
2023-09-26 09:30:00-04:00,31.770000457763672,31.875,31.65999984741211,31.739999771118164,351142,0.0,0.0,0.0
2023-09-26 10:30:00-04:00,31.74090003967285,31.799999237060547,31.684999465942383,31.69099998474121,405878,0.0,0.0,0.0
2023-09-26 11:30:00-04:00,31.690000534057617,31.700000762939453,31.614700317382812,31.674999237060547,376466,0.0,0.0,0.0
2023-09-26 12:30:00-04:00,31.674999237060547,31.68000030517578,31.639999389648438,31.639999389648438,379476,0.0,0.0,0.0
2023-09-26 13:30:00-04:00,31.639999389648438,31.645000457763672,31.565000534057617,31.56999969482422,132118,0.0,0.0,0.0
2023-09-26 14:30:00-04:00,31.56999969482422,31.59000015258789,31.537500381469727,31.545000076293945,261954,0.0,0.0,0.0
2023-09-26 15:30:00-04:00,31.545000076293945,31.579999923706055,31.53499984741211,31.545000076293945,324394,0.0,0.0,0.0
2023-09-27 09:30:00-04:00,31.639999389648438,31.649999618530273,31.489999771118164,31.510000228881836,220418,0.0,0.0,0.0
2023-09-27 10:30:00-04:00,31.514999389648438,31.520000457763672,31.389999389648438,31.494199752807617,276750,0.0,0.0,0.0
2023-09-27 11:30:00-04:00,31.489999771118164,31.5049991607666,31.3700008392334,31.3799991607666,421119,0.0,0.0,0.0
2023-09-27 12:30:00-04:00,31.385000228881836,31.440000534057617,31.295000076293945,31.295000076293945,210820,0.0,0.0,0.0
2023-09-27 13:30:00-04:00,31.299999237060547,31.377500534057617,31.270000457763672,31.375,777883,0.0,0.0,0.0
2023-09-27 14:30:00-04:00,31.3799991607666,31.540000915527344,31.3799991607666,31.489999771118164,233639,0.0,0.0,0.0
2023-09-27 15:30:00-04:00,31.489999771118164,31.5,31.43000030517578,31.5,124556,0.0,0.0,0.0
2023-09-28 09:30:00-04:00,31.559999465942383,31.65999984741211,31.485000610351562,31.649999618530273,409128,0.0,0.0,0.0
2023-09-28 10:30:00-04:00,31.649999618530273,31.7450008392334,31.600000381469727,31.725000381469727,327806,0.0,0.0,0.0
2023-09-28 11:30:00-04:00,31.729999542236328,31.84000015258789,31.729999542236328,31.834999084472656,187562,0.0,0.0,0.0
2023-09-28 12:30:00-04:00,31.84000015258789,31.84000015258789,31.71500015258789,31.719999313354492,311000,0.0,0.0,0.0
2023-09-28 13:30:00-04:00,31.719999313354492,31.7450008392334,31.679100036621094,31.739999771118164,173287,0.0,0.0,0.0
2023-09-28 14:30:00-04:00,31.739999771118164,31.764999389648438,31.68000030517578,31.760000228881836,101806,0.0,0.0,0.0
2023-09-28 15:30:00-04:00,31.764999389648438,31.764999389648438,31.690000534057617,31.719999313354492,224351,0.0,0.0,0.0
2023-09-29 09:30:00-04:00,32.029998779296875,32.029998779296875,31.770000457763672,31.809999465942383,0,0.0,0.0,0.0
2023-09-29 10:30:00-04:00,31.81999969482422,31.90999984741211,31.780000686645508,31.799999237060547,686707,0.0,0.0,0.0
2023-09-29 11:30:00-04:00,31.799999237060547,31.809999465942383,31.700000762939453,31.7549991607666,406349,0.0,0.0,0.0
2023-09-29 12:30:00-04:00,31.7549991607666,31.760000228881836,31.604999542236328,31.649999618530273,267475,0.0,0.0,0.0
2023-09-29 13:30:00-04:00,31.649999618530273,31.65999984741211,31.56999969482422,31.579999923706055,193556,0.0,0.0,0.0
2023-09-29 14:30:00-04:00,31.579999923706055,31.684999465942383,31.565000534057617,31.649999618530273,422532,0.0,0.0,0.0
2023-09-29 15:30:00-04:00,31.649999618530273,31.690000534057617,31.610000610351562,31.6299991607666,856079,0.0,0.0,0.0
2023-10-02 09:30:00-04:00,31.389999389648438,31.434999465942383,31.1200008392334,31.1299991607666,443639,0.0,0.0,0.0
2023-10-02 10:30:00-04:00,31.1200008392334,31.199899673461914,31.040000915527344,31.15999984741211,471053,0.0,0.0,0.0
2023-10-02 11:30:00-04:00,31.170000076293945,31.200000762939453,31.040000915527344,31.065000534057617,198997,0.0,0.0,0.0
2023-10-02 12:30:00-04:00,31.059999465942383,31.06999969482422,31.003299713134766,31.05500030517578,419178,0.0,0.0,0.0
2023-10-02 13:30:00-04:00,31.059999465942383,31.100000381469727,31.0049991607666,31.0049991607666,144110,0.0,0.0,0.0
2023-10-02 14:30:00-04:00,31.010000228881836,31.045000076293945,30.979999542236328,31.024999618530273,691588,0.0,0.0,0.0
2023-10-02 15:30:00-04:00,31.030000686645508,31.049999237060547,31.0137996673584,31.030000686645508,621978,0.0,0.0,0.0
2023-10-03 09:30:00-04:00,31.010000228881836,31.06999969482422,30.81999969482422,30.8700008392334,687168,0.0,0.0,0.0
2023-10-03 10:30:00-04:00,30.860000610351562,30.93000030517578,30.799999237060547,30.829999923706055,396523,0.0,0.0,0.0
2023-10-03 11:30:00-04:00,30.829999923706055,30.915000915527344,30.780000686645508,30.915000915527344,199353,0.0,0.0,0.0
2023-10-03 12:30:00-04:00,30.920000076293945,30.927799224853516,30.860000610351562,30.899999618530273,116091,0.0,0.0,0.0
2023-10-03 13:30:00-04:00,30.899999618530273,30.899999618530273,30.764999389648438,30.790000915527344,142461,0.0,0.0,0.0
2023-10-03 14:30:00-04:00,30.799999237060547,30.864999771118164,30.799999237060547,30.834999084472656,144956,0.0,0.0,0.0
2023-10-03 15:30:00-04:00,30.834999084472656,30.875,30.815000534057617,30.850000381469727,188870,0.0,0.0,0.0
2023-10-04 09:30:00-04:00,30.969999313354492,30.979999542236328,30.604999542236328,30.604999542236328,254568,0.0,0.0,0.0
2023-10-04 10:30:00-04:00,30.610000610351562,30.760000228881836,30.56999969482422,30.7450008392334,309811,0.0,0.0,0.0
2023-10-04 11:30:00-04:00,30.75,30.850000381469727,30.729999542236328,30.850000381469727,235032,0.0,0.0,0.0
2023-10-04 12:30:00-04:00,30.850000381469727,30.8799991607666,30.764999389648438,30.768600463867188,576991,0.0,0.0,0.0
2023-10-04 13:30:00-04:00,30.770000457763672,30.77989959716797,30.700000762939453,30.73419952392578,138828,0.0,0.0,0.0
2023-10-04 14:30:00-04:00,30.739999771118164,30.829999923706055,30.719999313354492,30.809999465942383,92355,0.0,0.0,0.0
2023-10-04 15:30:00-04:00,30.815000534057617,30.864999771118164,30.80500030517578,30.850000381469727,150984,0.0,0.0,0.0
2023-10-05 09:30:00-04:00,30.93000030517578,31.110000610351562,30.920000076293945,31.079599380493164,334953,0.0,0.0,0.0
2023-10-05 10:30:00-04:00,31.079999923706055,31.087499618530273,30.940000534057617,30.979999542236328,229714,0.0,0.0,0.0
2023-10-05 11:30:00-04:00,30.979999542236328,31.040000915527344,30.959999084472656,31.03499984741211,142443,0.0,0.0,0.0
2023-10-05 12:30:00-04:00,31.040000915527344,31.049999237060547,30.950000762939453,31.014999389648438,577437,0.0,0.0,0.0
2023-10-05 13:30:00-04:00,31.010299682617188,31.094999313354492,30.989999771118164,31.06999969482422,272425,0.0,0.0,0.0
2023-10-05 14:30:00-04:00,31.079999923706055,31.1299991607666,31.075000762939453,31.100000381469727,146713,0.0,0.0,0.0
2023-10-05 15:30:00-04:00,31.104999542236328,31.1200008392334,31.079999923706055,31.084999084472656,217475,0.0,0.0,0.0
2023-10-06 09:30:00-04:00,31.110000610351562,31.170000076293945,30.8700008392334,31.020000457763672,374041,0.0,0.0,0.0
2023-10-06 10:30:00-04:00,31.020000457763672,31.3799991607666,31.020000457763672,31.3799991607666,400979,0.0,0.0,0.0
2023-10-06 11:30:00-04:00,31.375,31.507699966430664,31.354999542236328,31.434999465942383,469102,0.0,0.0,0.0
2023-10-06 12:30:00-04:00,31.439899444580078,31.5,31.405000686645508,31.489999771118164,310746,0.0,0.0,0.0
2023-10-06 13:30:00-04:00,31.489999771118164,31.524999618530273,31.450000762939453,31.524999618530273,109907,0.0,0.0,0.0
2023-10-06 14:30:00-04:00,31.530000686645508,31.559999465942383,31.50029945373535,31.524999618530273,243977,0.0,0.0,0.0
2023-10-06 15:30:00-04:00,31.530000686645508,31.530000686645508,31.46500015258789,31.469999313354492,290110,0.0,0.0,0.0
2023-10-09 09:30:00-04:00,31.290000915527344,31.440000534057617,31.290000915527344,31.315000534057617,198134,0.0,0.0,0.0
2023-10-09 10:30:00-04:00,31.31999969482422,31.34000015258789,31.260000228881836,31.315000534057617,124448,0.0,0.0,0.0
2023-10-09 11:30:00-04:00,31.31999969482422,31.325000762939453,31.260000228881836,31.280000686645508,126344,0.0,0.0,0.0
2023-10-09 12:30:00-04:00,31.280000686645508,31.34000015258789,31.2549991607666,31.34000015258789,139776,0.0,0.0,0.0
2023-10-09 13:30:00-04:00,31.34000015258789,31.530000686645508,31.34000015258789,31.524999618530273,134883,0.0,0.0,0.0
2023-10-09 14:30:00-04:00,31.530000686645508,31.549999237060547,31.5,31.530000686645508,139087,0.0,0.0,0.0
2023-10-09 15:30:00-04:00,31.530000686645508,31.53499984741211,31.5049991607666,31.524999618530273,165033,0.0,0.0,0.0
2023-10-10 09:30:00-04:00,31.90999984741211,32.0,31.850000381469727,31.969999313354492,189298,0.0,0.0,0.0
2023-10-10 10:30:00-04:00,31.969999313354492,32.04499816894531,31.94499969482422,32.025001525878906,187128,0.0,0.0,0.0
2023-10-10 11:30:00-04:00,32.025001525878906,32.11000061035156,32.0099983215332,32.10499954223633,229743,0.0,0.0,0.0
2023-10-10 12:30:00-04:00,32.099998474121094,32.11000061035156,31.979999542236328,32.0098991394043,236056,0.0,0.0,0.0
2023-10-10 13:30:00-04:00,32.02000045776367,32.03499984741211,31.985700607299805,32.005001068115234,350449,0.0,0.0,0.0
2023-10-10 14:30:00-04:00,32.0099983215332,32.060001373291016,31.979999542236328,32.005001068115234,153676,0.0,0.0,0.0
2023-10-10 15:30:00-04:00,32.0099983215332,32.04499816894531,31.989999771118164,32.005001068115234,270664,0.0,0.0,0.0
2023-10-11 09:30:00-04:00,32.209999084472656,32.244998931884766,32.1150016784668,32.14500045776367,213151,0.0,0.0,0.0
2023-10-11 10:30:00-04:00,32.150001525878906,32.15999984741211,32.03499984741211,32.08000183105469,149614,0.0,0.0,0.0
2023-10-11 11:30:00-04:00,32.084999084472656,32.095001220703125,32.0099983215332,32.0099983215332,117107,0.0,0.0,0.0
2023-10-11 12:30:00-04:00,32.02000045776367,32.04499816894531,31.989999771118164,32.01499938964844,80516,0.0,0.0,0.0
2023-10-11 13:30:00-04:00,32.0099983215332,32.06999969482422,31.963300704956055,32.04999923706055,292837,0.0,0.0,0.0
2023-10-11 14:30:00-04:00,32.05500030517578,32.13999938964844,32.05500030517578,32.1349983215332,483903,0.0,0.0,0.0
2023-10-11 15:30:00-04:00,32.130001068115234,32.16999816894531,32.125,32.165000915527344,283311,0.0,0.0,0.0
2023-10-12 09:30:00-04:00,32.16999816894531,32.17499923706055,32.02000045776367,32.060001373291016,280550,0.0,0.0,0.0
2023-10-12 10:30:00-04:00,32.06999969482422,32.07500076293945,31.979999542236328,31.989999771118164,254810,0.0,0.0,0.0
2023-10-12 11:30:00-04:00,31.989999771118164,32.029998779296875,31.93000030517578,32.0099983215332,144179,0.0,0.0,0.0
2023-10-12 12:30:00-04:00,32.01499938964844,32.02000045776367,31.809999465942383,31.809999465942383,152802,0.0,0.0,0.0
2023-10-12 13:30:00-04:00,31.809999465942383,31.829999923706055,31.729999542236328,31.80030059814453,229754,0.0,0.0,0.0
2023-10-12 14:30:00-04:00,31.799999237060547,31.850000381469727,31.790000915527344,31.834999084472656,235306,0.0,0.0,0.0
2023-10-12 15:30:00-04:00,31.84000015258789,31.8799991607666,31.834999084472656,31.860000610351562,245995,0.0,0.0,0.0
2023-10-13 09:30:00-04:00,31.829999923706055,31.920000076293945,31.709999084472656,31.729999542236328,310390,0.0,0.0,0.0
2023-10-13 10:30:00-04:00,31.729999542236328,31.78499984741211,31.584999084472656,31.610000610351562,132759,0.0,0.0,0.0
2023-10-13 11:30:00-04:00,31.610000610351562,31.700000762939453,31.59000015258789,31.690000534057617,161133,0.0,0.0,0.0
2023-10-13 12:30:00-04:00,31.690000534057617,31.704999923706055,31.59000015258789,31.59000015258789,171403,0.0,0.0,0.0
2023-10-13 13:30:00-04:00,31.594999313354492,31.700000762939453,31.570100784301758,31.67959976196289,178207,0.0,0.0,0.0
2023-10-13 14:30:00-04:00,31.68000030517578,31.71500015258789,31.649999618530273,31.684999465942383,208651,0.0,0.0,0.0
2023-10-13 15:30:00-04:00,31.680099487304688,31.7091007232666,31.649999618530273,31.670000076293945,354629,0.0,0.0,0.0
2023-10-16 09:30:00-04:00,31.760000228881836,31.850000381469727,31.700000762939453,31.84000015258789,551779,0.0,0.0,0.0
2023-10-16 10:30:00-04:00,31.844999313354492,31.959999084472656,31.844999313354492,31.915000915527344,438971,0.0,0.0,0.0
2023-10-16 11:30:00-04:00,31.90999984741211,31.920000076293945,31.8700008392334,31.90999984741211,116432,0.0,0.0,0.0
2023-10-16 12:30:00-04:00,31.90999984741211,31.975000381469727,31.850000381469727,31.920000076293945,145120,0.0,0.0,0.0
2023-10-16 13:30:00-04:00,31.915000915527344,31.975000381469727,31.90410041809082,31.93000030517578,102746,0.0,0.0,0.0
2023-10-16 14:30:00-04:00,31.924999237060547,32.0,31.920000076293945,32.0,123139,0.0,0.0,0.0
2023-10-16 15:30:00-04:00,32.0,32.01539993286133,31.969999313354492,31.989999771118164,218517,0.0,0.0,0.0
2023-10-17 09:30:00-04:00,31.850000381469727,32.04999923706055,31.850000381469727,32.029998779296875,247825,0.0,0.0,0.0
2023-10-17 10:30:00-04:00,32.025001525878906,32.130001068115234,32.0,32.095001220703125,137744,0.0,0.0,0.0
2023-10-17 11:30:00-04:00,32.09000015258789,32.244998931884766,32.09000015258789,32.244998931884766,510696,0.0,0.0,0.0
2023-10-17 12:30:00-04:00,32.244998931884766,32.25,31.94499969482422,32.04999923706055,993133,0.0,0.0,0.0
2023-10-17 13:30:00-04:00,32.04999923706055,32.04999923706055,31.959999084472656,32.02000045776367,124578,0.0,0.0,0.0
2023-10-17 14:30:00-04:00,32.0099983215332,32.07500076293945,31.975000381469727,32.060001373291016,245875,0.0,0.0,0.0
2023-10-17 15:30:00-04:00,32.07500076293945,32.08000183105469,32.02399826049805,32.08000183105469,152616,0.0,0.0,0.0
2023-10-18 09:30:00-04:00,31.790000915527344,31.84000015258789,31.629600524902344,31.629600524902344,1118223,0.0,0.0,0.0
2023-10-18 10:30:00-04:00,31.625699996948242,31.66029930114746,31.54010009765625,31.600000381469727,320959,0.0,0.0,0.0
2023-10-18 11:30:00-04:00,31.594999313354492,31.604999542236328,31.4950008392334,31.514999389648438,314226,0.0,0.0,0.0
2023-10-18 12:30:00-04:00,31.520000457763672,31.65999984741211,31.5049991607666,31.6200008392334,451146,0.0,0.0,0.0
2023-10-18 13:30:00-04:00,31.6200008392334,31.655000686645508,31.549999237060547,31.600000381469727,140658,0.0,0.0,0.0
2023-10-18 14:30:00-04:00,31.604999542236328,31.625,31.5,31.520000457763672,198029,0.0,0.0,0.0
2023-10-18 15:30:00-04:00,31.520000457763672,31.53499984741211,31.475000381469727,31.510000228881836,294128,0.0,0.0,0.0
2023-10-19 09:30:00-04:00,31.260000228881836,31.329999923706055,31.229999542236328,31.229999542236328,312053,0.0,0.0,0.0
2023-10-19 10:30:00-04:00,31.225000381469727,31.295000076293945,31.19499969482422,31.270000457763672,260922,0.0,0.0,0.0
2023-10-19 11:30:00-04:00,31.270000457763672,31.40999984741211,31.15999984741211,31.309999465942383,347844,0.0,0.0,0.0
2023-10-19 12:30:00-04:00,31.309999465942383,31.41990089416504,31.139999389648438,31.399999618530273,186570,0.0,0.0,0.0
2023-10-19 13:30:00-04:00,31.3799991607666,31.3799991607666,31.239999771118164,31.25,166429,0.0,0.0,0.0
2023-10-19 14:30:00-04:00,31.2549991607666,31.2549991607666,31.135000228881836,31.155000686645508,247876,0.0,0.0,0.0
2023-10-19 15:30:00-04:00,31.15999984741211,31.18000030517578,31.094999313354492,31.15999984741211,240206,0.0,0.0,0.0
2023-10-20 09:30:00-04:00,30.93000030517578,31.010000228881836,30.790000915527344,30.790000915527344,519824,0.0,0.0,0.0
2023-10-20 10:30:00-04:00,30.799999237060547,30.929899215698242,30.799999237060547,30.8700008392334,143335,0.0,0.0,0.0
2023-10-20 11:30:00-04:00,30.863100051879883,30.93000030517578,30.831100463867188,30.8799991607666,204278,0.0,0.0,0.0
2023-10-20 12:30:00-04:00,30.8799991607666,30.96500015258789,30.8799991607666,30.93000030517578,89841,0.0,0.0,0.0
2023-10-20 13:30:00-04:00,30.940000534057617,30.950000762939453,30.850000381469727,30.860000610351562,408804,0.0,0.0,0.0
2023-10-20 14:30:00-04:00,30.850000381469727,30.905000686645508,30.834999084472656,30.864999771118164,198130,0.0,0.0,0.0
2023-10-20 15:30:00-04:00,30.8700008392334,30.875,30.80500030517578,30.825000762939453,407484,0.0,0.0,0.0
2023-10-23 09:30:00-04:00,30.739999771118164,30.860000610351562,30.614999771118164,30.84000015258789,431605,0.0,0.0,0.0
2023-10-23 10:30:00-04:00,30.84000015258789,30.940200805664062,30.790000915527344,30.899999618530273,160432,0.0,0.0,0.0
2023-10-23 11:30:00-04:00,30.905000686645508,30.954999923706055,30.860000610351562,30.899999618530273,132435,0.0,0.0,0.0
2023-10-23 12:30:00-04:00,30.90999984741211,30.985000610351562,30.895000457763672,30.930099487304688,149980,0.0,0.0,0.0
2023-10-23 13:30:00-04:00,30.924999237060547,30.979999542236328,30.899999618530273,30.920000076293945,138140,0.0,0.0,0.0
2023-10-23 14:30:00-04:00,30.924999237060547,30.959999084472656,30.84000015258789,30.844999313354492,266004,0.0,0.0,0.0
2023-10-23 15:30:00-04:00,30.84000015258789,30.860000610351562,30.825000762939453,30.829999923706055,167671,0.0,0.0,0.0
2023-10-24 09:30:00-04:00,30.760000228881836,30.889999389648438,30.719999313354492,30.889999389648438,197583,0.0,0.0,0.0
2023-10-24 10:30:00-04:00,30.8799991607666,30.920000076293945,30.799999237060547,30.799999237060547,185973,0.0,0.0,0.0
2023-10-24 11:30:00-04:00,30.809999465942383,30.844200134277344,30.774999618530273,30.77989959716797,101538,0.0,0.0,0.0
2023-10-24 12:30:00-04:00,30.770099639892578,30.825000762939453,30.739999771118164,30.815000534057617,186522,0.0,0.0,0.0
2023-10-24 13:30:00-04:00,30.81999969482422,30.84760093688965,30.799999237060547,30.84760093688965,75338,0.0,0.0,0.0
2023-10-24 14:30:00-04:00,30.850000381469727,30.885000228881836,30.844999313354492,30.8700008392334,180362,0.0,0.0,0.0
2023-10-24 15:30:00-04:00,30.8700008392334,30.885000228881836,30.84000015258789,30.850000381469727,189283,0.0,0.0,0.0
2023-10-25 09:30:00-04:00,30.799999237060547,30.834999084472656,30.670000076293945,30.739999771118164,474171,0.0,0.0,0.0
2023-10-25 10:30:00-04:00,30.729999542236328,30.969999313354492,30.710899353027344,30.90999984741211,876883,0.0,0.0,0.0
2023-10-25 11:30:00-04:00,30.915000915527344,30.940000534057617,30.825000762939453,30.84000015258789,153726,0.0,0.0,0.0
2023-10-25 12:30:00-04:00,30.84000015258789,30.864999771118164,30.770000457763672,30.780000686645508,200735,0.0,0.0,0.0
2023-10-25 13:30:00-04:00,30.770000457763672,30.780000686645508,30.725000381469727,30.760000228881836,128576,0.0,0.0,0.0
2023-10-25 14:30:00-04:00,30.760000228881836,30.790000915527344,30.729999542236328,30.770000457763672,143023,0.0,0.0,0.0
2023-10-25 15:30:00-04:00,30.770000457763672,30.780000686645508,30.729999542236328,30.739999771118164,133202,0.0,0.0,0.0
2023-10-26 09:30:00-04:00,30.68000030517578,30.739999771118164,30.509000778198242,30.55500030517578,337946,0.0,0.0,0.0
2023-10-26 10:30:00-04:00,30.565000534057617,30.670000076293945,30.538999557495117,30.549999237060547,135896,0.0,0.0,0.0
2023-10-26 11:30:00-04:00,30.549999237060547,30.584999084472656,30.44499969482422,30.479999542236328,249552,0.0,0.0,0.0
2023-10-26 12:30:00-04:00,30.489999771118164,30.520000457763672,30.440099716186523,30.46500015258789,162927,0.0,0.0,0.0
2023-10-26 13:30:00-04:00,30.459999084472656,30.579999923706055,30.434999465942383,30.559999465942383,177761,0.0,0.0,0.0
2023-10-26 14:30:00-04:00,30.559999465942383,30.635000228881836,30.559999465942383,30.56999969482422,166646,0.0,0.0,0.0
2023-10-26 15:30:00-04:00,30.56999969482422,30.575000762939453,30.514999389648438,30.530000686645508,277617,0.0,0.0,0.0
2023-10-27 09:30:00-04:00,30.59000015258789,30.6200008392334,30.360000610351562,30.3799991607666,255673,0.0,0.0,0.0
2023-10-27 10:30:00-04:00,30.3700008392334,30.40999984741211,30.264999389648438,30.385000228881836,115838,0.0,0.0,0.0
2023-10-27 11:30:00-04:00,30.3799991607666,30.389999389648438,30.309999465942383,30.329999923706055,119111,0.0,0.0,0.0
2023-10-27 12:30:00-04:00,30.324100494384766,30.334999084472656,30.202600479125977,30.219999313354492,176216,0.0,0.0,0.0
2023-10-27 13:30:00-04:00,30.219999313354492,30.229999542236328,30.184999465942383,30.190000534057617,86204,0.0,0.0,0.0
2023-10-27 14:30:00-04:00,30.18000030517578,30.229999542236328,30.145000457763672,30.18120002746582,118934,0.0,0.0,0.0
2023-10-27 15:30:00-04:00,30.190000534057617,30.225000381469727,30.139999389648438,30.219999313354492,336658,0.0,0.0,0.0
2023-10-30 09:30:00-04:00,30.579999923706055,30.649999618530273,30.44099998474121,30.46500015258789,1039829,0.0,0.0,0.0
2023-10-30 10:30:00-04:00,30.459999084472656,30.525699615478516,30.43000030517578,30.479900360107422,922418,0.0,0.0,0.0
2023-10-30 11:30:00-04:00,30.489900588989258,30.530000686645508,30.44499969482422,30.450000762939453,567351,0.0,0.0,0.0
2023-10-30 12:30:00-04:00,30.450000762939453,30.514999389648438,30.405000686645508,30.510000228881836,894318,0.0,0.0,0.0
2023-10-30 13:30:00-04:00,30.520000457763672,30.56999969482422,30.510000228881836,30.531099319458008,78501,0.0,0.0,0.0
2023-10-30 14:30:00-04:00,30.546100616455078,30.59000015258789,30.540000915527344,30.56999969482422,125552,0.0,0.0,0.0
2023-10-30 15:30:00-04:00,30.56999969482422,30.600000381469727,30.559999465942383,30.56999969482422,162954,0.0,0.0,0.0
2023-10-31 09:30:00-04:00,30.479999542236328,30.579999923706055,30.40999984741211,30.479999542236328,321609,0.0,0.0,0.0
2023-10-31 10:30:00-04:00,30.489999771118164,30.5,30.405000686645508,30.420299530029297,761855,0.0,0.0,0.0
2023-10-31 11:30:00-04:00,30.43000030517578,30.450000762939453,30.34000015258789,30.3700008392334,468277,0.0,0.0,0.0
2023-10-31 12:30:00-04:00,30.375,30.459999084472656,30.360000610351562,30.43000030517578,259271,0.0,0.0,0.0
2023-10-31 13:30:00-04:00,30.438100814819336,30.469999313354492,30.41990089416504,30.420000076293945,82128,0.0,0.0,0.0
2023-10-31 14:30:00-04:00,30.415000915527344,30.5049991607666,30.415000915527344,30.489999771118164,237152,0.0,0.0,0.0
2023-10-31 15:30:00-04:00,30.489999771118164,30.510000228881836,30.459999084472656,30.5,167680,0.0,0.0,0.0
2023-11-01 09:30:00-04:00,30.549999237060547,30.68000030517578,30.514999389648438,30.649999618530273,279051,0.0,0.0,0.0
2023-11-01 10:30:00-04:00,30.65999984741211,30.700000762939453,30.489999771118164,30.5,331533,0.0,0.0,0.0
2023-11-01 11:30:00-04:00,30.489999771118164,30.587499618530273,30.475000381469727,30.475000381469727,111646,0.0,0.0,0.0
2023-11-01 12:30:00-04:00,30.479999542236328,30.5,30.420000076293945,30.475000381469727,121082,0.0,0.0,0.0
2023-11-01 13:30:00-04:00,30.469999313354492,30.540000915527344,30.440000534057617,30.489999771118164,125912,0.0,0.0,0.0
2023-11-01 14:30:00-04:00,30.489999771118164,30.655000686645508,30.399999618530273,30.635000228881836,261052,0.0,0.0,0.0
2023-11-01 15:30:00-04:00,30.639999389648438,30.665000915527344,30.6200008392334,30.639999389648438,212029,0.0,0.0,0.0
2023-11-02 09:30:00-04:00,31.09000015258789,31.19499969482422,31.03499984741211,31.09000015258789,720634,0.0,0.0,0.0
2023-11-02 10:30:00-04:00,31.079999923706055,31.174999237060547,31.06999969482422,31.075000762939453,520880,0.0,0.0,0.0
2023-11-02 11:30:00-04:00,31.06999969482422,31.110000610351562,31.020000457763672,31.049999237060547,148121,0.0,0.0,0.0
2023-11-02 12:30:00-04:00,31.049999237060547,31.149999618530273,31.040000915527344,31.149999618530273,433669,0.0,0.0,0.0
2023-11-02 13:30:00-04:00,31.149999618530273,31.19499969482422,31.149999618530273,31.190000534057617,85193,0.0,0.0,0.0
2023-11-02 14:30:00-04:00,31.184999465942383,31.200000762939453,31.170000076293945,31.184999465942383,63081,0.0,0.0,0.0
2023-11-02 15:30:00-04:00,31.184999465942383,31.219999313354492,31.18000030517578,31.209999084472656,568859,0.0,0.0,0.0
2023-11-03 09:30:00-04:00,31.360000610351562,31.459999084472656,31.235000610351562,31.25,704137,0.0,0.0,0.0
2023-11-03 10:30:00-04:00,31.25,31.350000381469727,31.225000381469727,31.309999465942383,288150,0.0,0.0,0.0
2023-11-03 11:30:00-04:00,31.309999465942383,31.360000610351562,31.290000915527344,31.350000381469727,278585,0.0,0.0,0.0
2023-11-03 12:30:00-04:00,31.350000381469727,31.40999984741211,31.325000762939453,31.329999923706055,113960,0.0,0.0,0.0
2023-11-03 13:30:00-04:00,31.34000015258789,31.3799991607666,31.3302001953125,31.3799991607666,106924,0.0,0.0,0.0
2023-11-03 14:30:00-04:00,31.384700775146484,31.405000686645508,31.3700008392334,31.375,115231,0.0,0.0,0.0
2023-11-03 15:30:00-04:00,31.375,31.375,31.31999969482422,31.350000381469727,130775,0.0,0.0,0.0
2023-11-06 09:30:00-05:00,31.549999237060547,31.584999084472656,31.420000076293945,31.459999084472656,308281,0.0,0.0,0.0
2023-11-06 10:30:00-05:00,31.46030044555664,31.530000686645508,31.44499969482422,31.479999542236328,200838,0.0,0.0,0.0
2023-11-06 11:30:00-05:00,31.479999542236328,31.5,31.440000534057617,31.44499969482422,81733,0.0,0.0,0.0
2023-11-06 12:30:00-05:00,31.44499969482422,31.454999923706055,31.3799991607666,31.399999618530273,212259,0.0,0.0,0.0
2023-11-06 13:30:00-05:00,31.395000457763672,31.420000076293945,31.364999771118164,31.389999389648438,53433,0.0,0.0,0.0
2023-11-06 14:30:00-05:00,31.389999389648438,31.420000076293945,31.389999389648438,31.395000457763672,58702,0.0,0.0,0.0
2023-11-06 15:30:00-05:00,31.399999618530273,31.405000686645508,31.375,31.389999389648438,172383,0.0,0.0,0.0
2023-11-07 09:30:00-05:00,31.260000228881836,31.270000457763672,31.18000030517578,31.21500015258789,165287,0.0,0.0,0.0
2023-11-07 10:30:00-05:00,31.209999084472656,31.260000228881836,31.18000030517578,31.184999465942383,426970,0.0,0.0,0.0
2023-11-07 11:30:00-05:00,31.184999465942383,31.219999313354492,31.100000381469727,31.104999542236328,229196,0.0,0.0,0.0
2023-11-07 12:30:00-05:00,31.104999542236328,31.162500381469727,31.084999084472656,31.155000686645508,188989,0.0,0.0,0.0
2023-11-07 13:30:00-05:00,31.155000686645508,31.200000762939453,31.155000686645508,31.19499969482422,122805,0.0,0.0,0.0
2023-11-07 14:30:00-05:00,31.200000762939453,31.207500457763672,31.135000228881836,31.155000686645508,124167,0.0,0.0,0.0
2023-11-07 15:30:00-05:00,31.155000686645508,31.18000030517578,31.1299991607666,31.149999618530273,192091,0.0,0.0,0.0
2023-11-08 09:30:00-05:00,31.149999618530273,31.260000228881836,31.1299991607666,31.165000915527344,445264,0.0,0.0,0.0
2023-11-08 10:30:00-05:00,31.15999984741211,31.200000762939453,31.125,31.149999618530273,106738,0.0,0.0,0.0
2023-11-08 11:30:00-05:00,31.139999389648438,31.149999618530273,31.030000686645508,31.059999465942383,276717,0.0,0.0,0.0
2023-11-08 12:30:00-05:00,31.059999465942383,31.09000015258789,31.024999618530273,31.059999465942383,342900,0.0,0.0,0.0
2023-11-08 13:30:00-05:00,31.06999969482422,31.079999923706055,31.049999237060547,31.065000534057617,177637,0.0,0.0,0.0
2023-11-08 14:30:00-05:00,31.059999465942383,31.07900047302246,31.030000686645508,31.059999465942383,228795,0.0,0.0,0.0
2023-11-08 15:30:00-05:00,31.049999237060547,31.104999542236328,31.044599533081055,31.075000762939453,142949,0.0,0.0,0.0
2023-11-09 09:30:00-05:00,31.3700008392334,31.459999084472656,31.350000381469727,31.40999984741211,415328,0.0,0.0,0.0
2023-11-09 10:30:00-05:00,31.40999984741211,31.450000762939453,31.360000610351562,31.420000076293945,133920,0.0,0.0,0.0
2023-11-09 11:30:00-05:00,31.419099807739258,31.43000030517578,31.3799991607666,31.3799991607666,304895,0.0,0.0,0.0
2023-11-09 12:30:00-05:00,31.3799991607666,31.389999389648438,31.219999313354492,31.34000015258789,261778,0.0,0.0,0.0
2023-11-09 13:30:00-05:00,31.329999923706055,31.329999923706055,31.1299991607666,31.170000076293945,134956,0.0,0.0,0.0
2023-11-09 14:30:00-05:00,31.170000076293945,31.170000076293945,31.104999542236328,31.139999389648438,116717,0.0,0.0,0.0
2023-11-09 15:30:00-05:00,31.139999389648438,31.149900436401367,31.100000381469727,31.1200008392334,135982,0.0,0.0,0.0
2023-11-10 09:30:00-05:00,30.8799991607666,30.93000030517578,30.634899139404297,30.639999389648438,382575,0.0,0.0,0.0
2023-11-10 10:30:00-05:00,30.639999389648438,30.815000534057617,30.600099563598633,30.80500030517578,851435,0.0,0.0,0.0
2023-11-10 11:30:00-05:00,30.799999237060547,30.899999618530273,30.770000457763672,30.8700008392334,149806,0.0,0.0,0.0
2023-11-10 12:30:00-05:00,30.8700008392334,30.999099731445312,30.8700008392334,30.9950008392334,96891,0.0,0.0,0.0
2023-11-10 13:30:00-05:00,30.989999771118164,31.05500030517578,30.989999771118164,31.040000915527344,60331,0.0,0.0,0.0
2023-11-10 14:30:00-05:00,31.03499984741211,31.05500030517578,31.0,31.05500030517578,189986,0.0,0.0,0.0
2023-11-10 15:30:00-05:00,31.05500030517578,31.06999969482422,31.030000686645508,31.049999237060547,136786,0.0,0.0,0.0
2023-11-13 09:30:00-05:00,31.06999969482422,31.125,31.0,31.1200008392334,190837,0.0,0.0,0.0
2023-11-13 10:30:00-05:00,31.1200008392334,31.229999542236328,31.1200008392334,31.229999542236328,128349,0.0,0.0,0.0
2023-11-13 11:30:00-05:00,31.229999542236328,31.290000915527344,31.229999542236328,31.27869987487793,150473,0.0,0.0,0.0
2023-11-13 12:30:00-05:00,31.270000457763672,31.270000457763672,31.225000381469727,31.235000610351562,116283,0.0,0.0,0.0
2023-11-13 13:30:00-05:00,31.229999542236328,31.28499984741211,31.219999313354492,31.264999389648438,175311,0.0,0.0,0.0
2023-11-13 14:30:00-05:00,31.264999389648438,31.29680061340332,31.260000228881836,31.28499984741211,599804,0.0,0.0,0.0
2023-11-13 15:30:00-05:00,31.280000686645508,31.290000915527344,31.260000228881836,31.274999618530273,249553,0.0,0.0,0.0
2023-11-14 09:30:00-05:00,31.700000762939453,31.850000381469727,31.700000762939453,31.84000015258789,343371,0.0,0.0,0.0
2023-11-14 10:30:00-05:00,31.84000015258789,31.860000610351562,31.729999542236328,31.84119987487793,128180,0.0,0.0,0.0
2023-11-14 11:30:00-05:00,31.844999313354492,31.852699279785156,31.7450008392334,31.75,131804,0.0,0.0,0.0
2023-11-14 12:30:00-05:00,31.75,31.790000915527344,31.739999771118164,31.780000686645508,346767,0.0,0.0,0.0
2023-11-14 13:30:00-05:00,31.780000686645508,31.795000076293945,31.743999481201172,31.78499984741211,160870,0.0,0.0,0.0
2023-11-14 14:30:00-05:00,31.78499984741211,31.864999771118164,31.78499984741211,31.864999771118164,130067,0.0,0.0,0.0
2023-11-14 15:30:00-05:00,31.864999771118164,31.8700008392334,31.799999237060547,31.829999923706055,243112,0.0,0.0,0.0
2023-11-15 09:30:00-05:00,31.940000534057617,31.969999313354492,31.81999969482422,31.860000610351562,345283,0.0,0.0,0.0
2023-11-15 10:30:00-05:00,31.864999771118164,31.940000534057617,31.854999542236328,31.889999389648438,459479,0.0,0.0,0.0
2023-11-15 11:30:00-05:00,31.885000228881836,31.889999389648438,31.823699951171875,31.8799991607666,203506,0.0,0.0,0.0
2023-11-15 12:30:00-05:00,31.8799991607666,31.889999389648438,31.815000534057617,31.834999084472656,125866,0.0,0.0,0.0
2023-11-15 13:30:00-05:00,31.84000015258789,31.860000610351562,31.815000534057617,31.854999542236328,70398,0.0,0.0,0.0
2023-11-15 14:30:00-05:00,31.854999542236328,31.860000610351562,31.809999465942383,31.815000534057617,155813,0.0,0.0,0.0
2023-11-15 15:30:00-05:00,31.815000534057617,31.829999923706055,31.780000686645508,31.799999237060547,170910,0.0,0.0,0.0
2023-11-16 09:30:00-05:00,31.6299991607666,31.730300903320312,31.6299991607666,31.725000381469727,234659,0.0,0.0,0.0
2023-11-16 10:30:00-05:00,31.725000381469727,31.760000228881836,31.570100784301758,31.579999923706055,481213,0.0,0.0,0.0
2023-11-16 11:30:00-05:00,31.579999923706055,31.614999771118164,31.545000076293945,31.610000610351562,608680,0.0,0.0,0.0
2023-11-16 12:30:00-05:00,31.610000610351562,31.6200008392334,31.575000762939453,31.594999313354492,95777,0.0,0.0,0.0
2023-11-16 13:30:00-05:00,31.594999313354492,31.610000610351562,31.56999969482422,31.584999084472656,77908,0.0,0.0,0.0
2023-11-16 14:30:00-05:00,31.584999084472656,31.6200008392334,31.584999084472656,31.604999542236328,62698,0.0,0.0,0.0
2023-11-16 15:30:00-05:00,31.600000381469727,31.6299991607666,31.600000381469727,31.6299991607666,259404,0.0,0.0,0.0
2023-11-17 09:30:00-05:00,31.950000762939453,31.989999771118164,31.864999771118164,31.989999771118164,256858,0.0,0.0,0.0
2023-11-17 10:30:00-05:00,31.989999771118164,32.029998779296875,31.969999313354492,31.979999542236328,148029,0.0,0.0,0.0
2023-11-17 11:30:00-05:00,31.971200942993164,32.060001373291016,31.969999313354492,32.01499938964844,405151,0.0,0.0,0.0
2023-11-17 12:30:00-05:00,32.02000045776367,32.07500076293945,32.01499938964844,32.06999969482422,333514,0.0,0.0,0.0
2023-11-17 13:30:00-05:00,32.06999969482422,32.1150016784668,32.06999969482422,32.084999084472656,88371,0.0,0.0,0.0
2023-11-17 14:30:00-05:00,32.09000015258789,32.1150016784668,32.06999969482422,32.11000061035156,119587,0.0,0.0,0.0
2023-11-17 15:30:00-05:00,32.10499954223633,32.11000061035156,32.060001373291016,32.099998474121094,314885,0.0,0.0,0.0
2023-11-20 09:30:00-05:00,31.979999542236328,32.1150016784668,31.969999313354492,32.11000061035156,149076,0.0,0.0,0.0
2023-11-20 10:30:00-05:00,32.11000061035156,32.13999938964844,32.084999084472656,32.12009811401367,438076,0.0,0.0,0.0
2023-11-20 11:30:00-05:00,32.12030029296875,32.18000030517578,32.10020065307617,32.15420150756836,685001,0.0,0.0,0.0
2023-11-20 12:30:00-05:00,32.150001525878906,32.189998626708984,32.09000015258789,32.160701751708984,630872,0.0,0.0,0.0
2023-11-20 13:30:00-05:00,32.160701751708984,32.16999816894531,32.119998931884766,32.1349983215332,233012,0.0,0.0,0.0
2023-11-20 14:30:00-05:00,32.13999938964844,32.18000030517578,32.13999938964844,32.17499923706055,50125,0.0,0.0,0.0
2023-11-20 15:30:00-05:00,32.16999816894531,32.18000030517578,32.119998931884766,32.13999938964844,113877,0.0,0.0,0.0
2023-11-21 09:30:00-05:00,32.15999984741211,32.23500061035156,32.154998779296875,32.17499923706055,298636,0.0,0.0,0.0
2023-11-21 10:30:00-05:00,32.18000030517578,32.209999084472656,32.154998779296875,32.16999816894531,207331,0.0,0.0,0.0
2023-11-21 11:30:00-05:00,32.16999816894531,32.224998474121094,32.165000915527344,32.20899963378906,121610,0.0,0.0,0.0
2023-11-21 12:30:00-05:00,32.209999084472656,32.224998474121094,32.1349983215332,32.13999938964844,166386,0.0,0.0,0.0
2023-11-21 13:30:00-05:00,32.13999938964844,32.20000076293945,32.13999938964844,32.19499969482422,87644,0.0,0.0,0.0
2023-11-21 14:30:00-05:00,32.20000076293945,32.209999084472656,32.18000030517578,32.182098388671875,92215,0.0,0.0,0.0
2023-11-21 15:30:00-05:00,32.189998626708984,32.209999084472656,32.18000030517578,32.20000076293945,117544,0.0,0.0,0.0
2023-11-22 09:30:00-05:00,31.989999771118164,32.04499816894531,31.8799991607666,31.94499969482422,327608,0.0,0.0,0.0
2023-11-22 10:30:00-05:00,31.940000534057617,31.959999084472656,31.90999984741211,31.934999465942383,197912,0.0,0.0,0.0
2023-11-22 11:30:00-05:00,31.934999465942383,32.01499938964844,31.93000030517578,32.0099983215332,350059,0.0,0.0,0.0
2023-11-22 12:30:00-05:00,32.0099983215332,32.02000045776367,31.940000534057617,32.02000045776367,383724,0.0,0.0,0.0
2023-11-22 13:30:00-05:00,32.02000045776367,32.040000915527344,31.9950008392334,32.03499984741211,163165,0.0,0.0,0.0
2023-11-22 14:30:00-05:00,32.03499984741211,32.060001373291016,31.979999542236328,32.05500030517578,272784,0.0,0.0,0.0
2023-11-22 15:30:00-05:00,32.05500030517578,32.09000015258789,32.05500030517578,32.06999969482422,138792,0.0,0.0,0.0
2023-11-24 09:30:00-05:00,32.279998779296875,32.45000076293945,32.279998779296875,32.41999816894531,461070,0.0,0.0,0.0
2023-11-24 10:30:00-05:00,32.415000915527344,32.48500061035156,32.40999984741211,32.459999084472656,429907,0.0,0.0,0.0
2023-11-24 11:30:00-05:00,32.46500015258789,32.474998474121094,32.43989944458008,32.46500015258789,312662,0.0,0.0,0.0
2023-11-27 09:30:00-05:00,32.400001525878906,32.41999816894531,32.34000015258789,32.3849983215332,177419,0.0,0.0,0.0
2023-11-27 10:30:00-05:00,32.3849983215332,32.3849983215332,32.310001373291016,32.34000015258789,102651,0.0,0.0,0.0
2023-11-27 11:30:00-05:00,32.334999084472656,32.34749984741211,32.290000915527344,32.29999923706055,91242,0.0,0.0,0.0
2023-11-27 12:30:00-05:00,32.29499816894531,32.345001220703125,32.29499816894531,32.3291015625,109102,0.0,0.0,0.0
2023-11-27 13:30:00-05:00,32.33000183105469,32.369998931884766,32.32500076293945,32.3650016784668,125345,0.0,0.0,0.0
2023-11-27 14:30:00-05:00,32.3650016784668,32.380001068115234,32.35029983520508,32.3650016784668,66275,0.0,0.0,0.0
2023-11-27 15:30:00-05:00,32.369998931884766,32.369998931884766,32.349998474121094,32.35499954223633,168106,0.0,0.0,0.0
2023-11-28 09:30:00-05:00,32.36000061035156,32.40999984741211,32.310001373291016,32.400001525878906,105142,0.0,0.0,0.0
2023-11-28 10:30:00-05:00,32.400001525878906,32.525001525878906,32.38999938964844,32.5099983215332,199371,0.0,0.0,0.0
2023-11-28 11:30:00-05:00,32.505001068115234,32.54999923706055,32.494998931884766,32.505001068115234,161230,0.0,0.0,0.0
2023-11-28 12:30:00-05:00,32.505001068115234,32.505001068115234,32.36000061035156,32.400001525878906,131325,0.0,0.0,0.0
2023-11-28 13:30:00-05:00,32.400001525878906,32.41999816894531,32.380001068115234,32.400001525878906,66341,0.0,0.0,0.0
2023-11-28 14:30:00-05:00,32.400001525878906,32.439998626708984,32.38999938964844,32.42499923706055,125799,0.0,0.0,0.0
2023-11-28 15:30:00-05:00,32.42499923706055,32.45000076293945,32.40999984741211,32.43000030517578,169013,0.0,0.0,0.0
2023-11-29 09:30:00-05:00,32.43000030517578,32.470001220703125,32.28499984741211,32.30149841308594,164387,0.0,0.0,0.0
2023-11-29 10:30:00-05:00,32.29999923706055,32.405799865722656,32.291099548339844,32.31999969482422,85019,0.0,0.0,0.0
2023-11-29 11:30:00-05:00,32.31999969482422,32.3849983215332,32.29999923706055,32.380001068115234,116639,0.0,0.0,0.0
2023-11-29 12:30:00-05:00,32.380001068115234,32.439998626708984,32.375,32.439998626708984,144278,0.0,0.0,0.0
2023-11-29 13:30:00-05:00,32.43009948730469,32.486000061035156,32.415000915527344,32.45500183105469,422482,0.0,0.0,0.0
2023-11-29 14:30:00-05:00,32.45500183105469,32.45500183105469,32.35459899902344,32.35499954223633,485673,0.0,0.0,0.0
2023-11-29 15:30:00-05:00,32.350101470947266,32.369998931884766,32.349998474121094,32.36000061035156,128521,0.0,0.0,0.0
2023-11-30 09:30:00-05:00,32.439998626708984,32.477500915527344,32.349998474121094,32.42599868774414,175912,0.0,0.0,0.0
2023-11-30 10:30:00-05:00,32.41999816894531,32.459999084472656,32.36000061035156,32.36000061035156,410417,0.0,0.0,0.0
2023-11-30 11:30:00-05:00,32.36000061035156,32.39500045776367,32.334999084472656,32.350101470947266,333468,0.0,0.0,0.0
2023-11-30 12:30:00-05:00,32.35499954223633,32.400001525878906,32.34120178222656,32.375,220482,0.0,0.0,0.0
2023-11-30 13:30:00-05:00,32.369998931884766,32.39500045776367,32.34000015258789,32.387901306152344,193875,0.0,0.0,0.0
2023-11-30 14:30:00-05:00,32.38010025024414,32.41999816894531,32.34000015258789,32.35499954223633,162346,0.0,0.0,0.0
2023-11-30 15:30:00-05:00,32.349998474121094,32.40999984741211,32.349998474121094,32.400001525878906,128016,0.0,0.0,0.0
2023-12-01 09:30:00-05:00,32.47999954223633,32.72209930419922,32.47999954223633,32.690101623535156,307845,0.0,0.0,0.0
2023-12-01 10:30:00-05:00,32.69499969482422,32.79999923706055,32.650001525878906,32.79999923706055,357354,0.0,0.0,0.0
2023-12-01 11:30:00-05:00,32.79999923706055,32.880001068115234,32.775001525878906,32.869998931884766,709652,0.0,0.0,0.0
2023-12-01 12:30:00-05:00,32.869998931884766,32.91999816894531,32.8650016784668,32.90999984741211,94848,0.0,0.0,0.0
2023-12-01 13:30:00-05:00,32.90999984741211,32.91999816894531,32.880001068115234,32.89500045776367,87507,0.0,0.0,0.0
2023-12-01 14:30:00-05:00,32.89500045776367,32.895301818847656,32.85499954223633,32.875,130689,0.0,0.0,0.0
2023-12-01 15:30:00-05:00,32.875,32.880001068115234,32.849998474121094,32.880001068115234,89608,0.0,0.0,0.0
2023-12-04 09:30:00-05:00,32.540000915527344,32.720001220703125,32.540000915527344,32.56999969482422,669431,0.0,0.0,0.0
2023-12-04 10:30:00-05:00,32.56999969482422,32.57500076293945,32.5099983215332,32.57500076293945,403298,0.0,0.0,0.0
2023-12-04 11:30:00-05:00,32.58000183105469,32.6593017578125,32.56999969482422,32.630001068115234,123149,0.0,0.0,0.0
2023-12-04 12:30:00-05:00,32.630001068115234,32.64500045776367,32.58000183105469,32.58000183105469,54758,0.0,0.0,0.0
2023-12-04 13:30:00-05:00,32.56999969482422,32.59000015258789,32.54999923706055,32.564998626708984,67920,0.0,0.0,0.0
2023-12-04 14:30:00-05:00,32.56999969482422,32.60499954223633,32.560001373291016,32.584999084472656,150280,0.0,0.0,0.0
2023-12-04 15:30:00-05:00,32.584999084472656,32.619998931884766,32.57500076293945,32.61000061035156,101127,0.0,0.0,0.0
2023-12-05 09:30:00-05:00,32.43000030517578,32.505001068115234,32.36949920654297,32.44499969482422,1012648,0.0,0.0,0.0
2023-12-05 10:30:00-05:00,32.45000076293945,32.494998931884766,32.380001068115234,32.43000030517578,274939,0.0,0.0,0.0
2023-12-05 11:30:00-05:00,32.43000030517578,32.439998626708984,32.369998931884766,32.439998626708984,101147,0.0,0.0,0.0
2023-12-05 12:30:00-05:00,32.439998626708984,32.44499969482422,32.375,32.400001525878906,105765,0.0,0.0,0.0
2023-12-05 13:30:00-05:00,32.38999938964844,32.404998779296875,32.3650016784668,32.3849983215332,100033,0.0,0.0,0.0
2023-12-05 14:30:00-05:00,32.3849983215332,32.39500045776367,32.3650016784668,32.3849983215332,78446,0.0,0.0,0.0
2023-12-05 15:30:00-05:00,32.3849983215332,32.38999938964844,32.369998931884766,32.369998931884766,129897,0.0,0.0,0.0
2023-12-06 09:30:00-05:00,32.59000015258789,32.6150016784668,32.5099983215332,32.584999084472656,170114,0.0,0.0,0.0
2023-12-06 10:30:00-05:00,32.584999084472656,32.63999938964844,32.54499816894531,32.54499816894531,135125,0.0,0.0,0.0
2023-12-06 11:30:00-05:00,32.54499816894531,32.54499816894531,32.43000030517578,32.43000030517578,89967,0.0,0.0,0.0
2023-12-06 12:30:00-05:00,32.43000030517578,32.45500183105469,32.404998779296875,32.43000030517578,142855,0.0,0.0,0.0
2023-12-06 13:30:00-05:00,32.435001373291016,32.440101623535156,32.39500045776367,32.39500045776367,27971,0.0,0.0,0.0
2023-12-06 14:30:00-05:00,32.39500045776367,32.4099006652832,32.321998596191406,32.32500076293945,50645,0.0,0.0,0.0
2023-12-06 15:30:00-05:00,32.32109832763672,32.334999084472656,32.29999923706055,32.310001373291016,129734,0.0,0.0,0.0
2023-12-07 09:30:00-05:00,32.439998626708984,32.439998626708984,32.29499816894531,32.39500045776367,190558,0.0,0.0,0.0
2023-12-07 10:30:00-05:00,32.39500045776367,32.494998931884766,32.380001068115234,32.459999084472656,163723,0.0,0.0,0.0
2023-12-07 11:30:00-05:00,32.45500183105469,32.470001220703125,32.42499923706055,32.46500015258789,182700,0.0,0.0,0.0
2023-12-07 12:30:00-05:00,32.470001220703125,32.525001525878906,32.46500015258789,32.4900016784668,156015,0.0,0.0,0.0
2023-12-07 13:30:00-05:00,32.4900016784668,32.525001525878906,32.480098724365234,32.5099983215332,58712,0.0,0.0,0.0
2023-12-07 14:30:00-05:00,32.5099983215332,32.525001525878906,32.47999954223633,32.52000045776367,55435,0.0,0.0,0.0
2023-12-07 15:30:00-05:00,32.52000045776367,32.529998779296875,32.47999954223633,32.4900016784668,145384,0.0,0.0,0.0
2023-12-08 09:30:00-05:00,32.43000030517578,32.65999984741211,32.43000030517578,32.64500045776367,273559,0.0,0.0,0.0
2023-12-08 10:30:00-05:00,32.63999938964844,32.650001525878906,32.47999954223633,32.5099983215332,144409,0.0,0.0,0.0
2023-12-08 11:30:00-05:00,32.5099983215332,32.53499984741211,32.44499969482422,32.505001068115234,141025,0.0,0.0,0.0
2023-12-08 12:30:00-05:00,32.5005989074707,32.560001373291016,32.5,32.55009841918945,46901,0.0,0.0,0.0
2023-12-08 13:30:00-05:00,32.54999923706055,32.56999969482422,32.54029846191406,32.56990051269531,120367,0.0,0.0,0.0
2023-12-08 14:30:00-05:00,32.56610107421875,32.56999969482422,32.540000915527344,32.560001373291016,122986,0.0,0.0,0.0
2023-12-08 15:30:00-05:00,32.560001373291016,32.584999084472656,32.55500030517578,32.56999969482422,83562,0.0,0.0,0.0
2023-12-11 09:30:00-05:00,32.47999954223633,32.595001220703125,32.470001220703125,32.54999923706055,139997,0.0,0.0,0.0
2023-12-11 10:30:00-05:00,32.54999923706055,32.579898834228516,32.5099983215332,32.540000915527344,141968,0.0,0.0,0.0
2023-12-11 11:30:00-05:00,32.529998779296875,32.54359817504883,32.5,32.529998779296875,136031,0.0,0.0,0.0
2023-12-11 12:30:00-05:00,32.524898529052734,32.560001373291016,32.51499938964844,32.54999923706055,45695,0.0,0.0,0.0
2023-12-11 13:30:00-05:00,32.54999923706055,32.58000183105469,32.54999923706055,32.57500076293945,30423,0.0,0.0,0.0
2023-12-11 14:30:00-05:00,32.57500076293945,32.584999084472656,32.54999923706055,32.560001373291016,114692,0.0,0.0,0.0
2023-12-11 15:30:00-05:00,32.560001373291016,32.56999969482422,32.55500030517578,32.560001373291016,132380,0.0,0.0,0.0
2023-12-12 09:30:00-05:00,32.560001373291016,32.560001373291016,32.41999816894531,32.540000915527344,204617,0.0,0.0,0.0
2023-12-12 10:30:00-05:00,32.529998779296875,32.579898834228516,32.5099983215332,32.525001525878906,120255,0.0,0.0,0.0
2023-12-12 11:30:00-05:00,32.525001525878906,32.53499984741211,32.474998474121094,32.525001525878906,87970,0.0,0.0,0.0
2023-12-12 12:30:00-05:00,32.529998779296875,32.53670120239258,32.470001220703125,32.525001525878906,90573,0.0,0.0,0.0
2023-12-12 13:30:00-05:00,32.525001525878906,32.564998626708984,32.525001525878906,32.55889892578125,133065,0.0,0.0,0.0
2023-12-12 14:30:00-05:00,32.559200286865234,32.595001220703125,32.54999923706055,32.59000015258789,84151,0.0,0.0,0.0
2023-12-12 15:30:00-05:00,32.595001220703125,32.61000061035156,32.56999969482422,32.599998474121094,100443,0.0,0.0,0.0
2023-12-13 09:30:00-05:00,32.630001068115234,32.630001068115234,32.470001220703125,32.5099983215332,296428,0.0,0.0,0.0
2023-12-13 10:30:00-05:00,32.529998779296875,32.58000183105469,32.494998931884766,32.5,119737,0.0,0.0,0.0
2023-12-13 11:30:00-05:00,32.5,32.52000045776367,32.47999954223633,32.48500061035156,62172,0.0,0.0,0.0
2023-12-13 12:30:00-05:00,32.47999954223633,32.48500061035156,32.43000030517578,32.43000030517578,48717,0.0,0.0,0.0
2023-12-13 13:30:00-05:00,32.41999816894531,32.75,32.41999816894531,32.7400016784668,119857,0.0,0.0,0.0
2023-12-13 14:30:00-05:00,32.73500061035156,32.970001220703125,32.720001220703125,32.88999938964844,407679,0.0,0.0,0.0
2023-12-13 15:30:00-05:00,32.88999938964844,32.98500061035156,32.880001068115234,32.97999954223633,216439,0.0,0.0,0.0
2023-12-14 09:30:00-05:00,33.40999984741211,33.505001068115234,33.310001373291016,33.3650016784668,360079,0.0,0.0,0.0
2023-12-14 10:30:00-05:00,33.3650016784668,33.54999923706055,33.36000061035156,33.54499816894531,309897,0.0,0.0,0.0
2023-12-14 11:30:00-05:00,33.54499816894531,33.619998931884766,33.51499938964844,33.619998931884766,263104,0.0,0.0,0.0
2023-12-14 12:30:00-05:00,33.619998931884766,33.64500045776367,33.48500061035156,33.48500061035156,117700,0.0,0.0,0.0
2023-12-14 13:30:00-05:00,33.48500061035156,33.52000045776367,33.45000076293945,33.500099182128906,144184,0.0,0.0,0.0
2023-12-14 14:30:00-05:00,33.505001068115234,33.540000915527344,33.47999954223633,33.52000045776367,341587,0.0,0.0,0.0
2023-12-14 15:30:00-05:00,33.52000045776367,33.53499984741211,33.505001068115234,33.52000045776367,748192,0.0,0.0,0.0
2023-12-15 09:30:00-05:00,33.06999969482422,33.130001068115234,33.0099983215332,33.099998474121094,247430,0.0,0.0,0.0
2023-12-15 10:30:00-05:00,33.09000015258789,33.11000061035156,32.994998931884766,33.03499984741211,195823,0.0,0.0,0.0
2023-12-15 11:30:00-05:00,33.02000045776367,33.06999969482422,33.0099983215332,33.060001373291016,328451,0.0,0.0,0.0
2023-12-15 12:30:00-05:00,33.060001373291016,33.064998626708984,33.0,33.005001068115234,67807,0.0,0.0,0.0
2023-12-15 13:30:00-05:00,33.000099182128906,33.025001525878906,32.93000030517578,32.935001373291016,344480,0.0,0.0,0.0
2023-12-15 14:30:00-05:00,32.939998626708984,32.96500015258789,32.915000915527344,32.93899917602539,172444,0.0,0.0,0.0
2023-12-15 15:30:00-05:00,32.935001373291016,32.935001373291016,32.86000061035156,32.869998931884766,386358,0.0,0.0,0.0
2023-12-18 09:30:00-05:00,33.13999938964844,33.15999984741211,33.0010986328125,33.060001373291016,188026,0.0,0.0,0.0
2023-12-18 10:30:00-05:00,33.04999923706055,33.095001220703125,33.0099983215332,33.095001220703125,117999,0.0,0.0,0.0
2023-12-18 11:30:00-05:00,33.09000015258789,33.119998931884766,33.060001373291016,33.11000061035156,108566,0.0,0.0,0.0
2023-12-18 12:30:00-05:00,33.10499954223633,33.1150016784668,33.07500076293945,33.084999084472656,213238,0.0,0.0,0.0
2023-12-18 13:30:00-05:00,33.09000015258789,33.099998474121094,33.060001373291016,33.060001373291016,48490,0.0,0.0,0.0
2023-12-18 14:30:00-05:00,33.05799865722656,33.1150016784668,33.04999923706055,33.10499954223633,84754,0.0,0.0,0.0
2023-12-18 15:30:00-05:00,33.10499954223633,33.10499954223633,33.08000183105469,33.084999084472656,121021,0.0,0.0,0.0
2023-12-19 09:30:00-05:00,33.279998779296875,33.400001525878906,33.279998779296875,33.400001525878906,215406,0.0,0.0,0.0
2023-12-19 10:30:00-05:00,33.39500045776367,33.470001220703125,33.37990188598633,33.459999084472656,115013,0.0,0.0,0.0
2023-12-19 11:30:00-05:00,33.45500183105469,33.470001220703125,33.41999816894531,33.44499969482422,666981,0.0,0.0,0.0
2023-12-19 12:30:00-05:00,33.44499969482422,33.459999084472656,33.40999984741211,33.415000915527344,339281,0.0,0.0,0.0
2023-12-19 13:30:00-05:00,33.41999816894531,33.45000076293945,33.415000915527344,33.435001373291016,454818,0.0,0.0,0.0
2023-12-19 14:30:00-05:00,33.435001373291016,33.44770050048828,33.415000915527344,33.42499923706055,199449,0.0,0.0,0.0
2023-12-19 15:30:00-05:00,33.42499923706055,33.45000076293945,33.42499923706055,33.43000030517578,408617,0.0,0.0,0.0
2023-12-20 09:30:00-05:00,32.7599983215332,32.84000015258789,32.709999084472656,32.775001525878906,653556,0.0,0.0,0.0
2023-12-20 10:30:00-05:00,32.77000045776367,32.86000061035156,32.744998931884766,32.85499954223633,196824,0.0,0.0,0.0
2023-12-20 11:30:00-05:00,32.86000061035156,32.8650016784668,32.790000915527344,32.83000183105469,175178,0.0,0.0,0.0
2023-12-20 12:30:00-05:00,32.83000183105469,32.8650016784668,32.820098876953125,32.83000183105469,65746,0.0,0.0,0.0
2023-12-20 13:30:00-05:00,32.834999084472656,32.85499954223633,32.79499816894531,32.80500030517578,115468,0.0,0.0,0.0
2023-12-20 14:30:00-05:00,32.80500030517578,32.810001373291016,32.519901275634766,32.560001373291016,530743,0.0,0.0,0.0
2023-12-20 15:30:00-05:00,32.560001373291016,32.58000183105469,32.439998626708984,32.45000076293945,231670,0.0,0.0,0.0
2023-12-21 09:30:00-05:00,32.709999084472656,32.790000915527344,32.63999938964844,32.689998626708984,381798,0.0,0.0,0.0
2023-12-21 10:30:00-05:00,32.689998626708984,32.7400016784668,32.68000030517578,32.72999954223633,116730,0.0,0.0,0.0
2023-12-21 11:30:00-05:00,32.72999954223633,32.72999954223633,32.6349983215332,32.63999938964844,135909,0.0,0.0,0.0
2023-12-21 12:30:00-05:00,32.64500045776367,32.68769836425781,32.609901428222656,32.66999816894531,130318,0.0,0.0,0.0
2023-12-21 13:30:00-05:00,32.66999816894531,32.709999084472656,32.64500045776367,32.70009994506836,118425,0.0,0.0,0.0
2023-12-21 14:30:00-05:00,32.70500183105469,32.76499938964844,32.698001861572266,32.76499938964844,149750,0.0,0.0,0.0
2023-12-21 15:30:00-05:00,32.77000045776367,32.81999969482422,32.75,32.810001373291016,418800,0.0,0.0,0.0
2023-12-22 09:30:00-05:00,33.040000915527344,33.07500076293945,32.939998626708984,33.0099983215332,262260,0.0,0.0,0.0
2023-12-22 10:30:00-05:00,33.00310134887695,33.02000045776367,32.89500045776367,32.96500015258789,161345,0.0,0.0,0.0
2023-12-22 11:30:00-05:00,32.970001220703125,32.9900016784668,32.939998626708984,32.94449996948242,192674,0.0,0.0,0.0
2023-12-22 12:30:00-05:00,32.94499969482422,33.0,32.94499969482422,32.994998931884766,87608,0.0,0.0,0.0
2023-12-22 13:30:00-05:00,33.0,33.0,32.85139846801758,32.85499954223633,82229,0.0,0.0,0.0
2023-12-22 14:30:00-05:00,32.85499954223633,32.94900131225586,32.83000183105469,32.91999816894531,178015,0.0,0.0,0.0
2023-12-22 15:30:00-05:00,32.915000915527344,32.95000076293945,32.869998931884766,32.93000030517578,338518,0.0,0.0,0.0
2023-12-26 09:30:00-05:00,32.959999084472656,33.064998626708984,32.90999984741211,33.029998779296875,188972,0.0,0.0,0.0
2023-12-26 10:30:00-05:00,33.040000915527344,33.05500030517578,33.0099983215332,33.02009963989258,79315,0.0,0.0,0.0
2023-12-26 11:30:00-05:00,33.025001525878906,33.04999923706055,33.0,33.03499984741211,182051,0.0,0.0,0.0
2023-12-26 12:30:00-05:00,33.03499984741211,33.064998626708984,33.01499938964844,33.064998626708984,99351,0.0,0.0,0.0
2023-12-26 13:30:00-05:00,33.06999969482422,33.11000061035156,33.064998626708984,33.09000015258789,104726,0.0,0.0,0.0
2023-12-26 14:30:00-05:00,33.09000015258789,33.130001068115234,33.084999084472656,33.125,218463,0.0,0.0,0.0
2023-12-26 15:30:00-05:00,33.125,33.13999938964844,33.08000183105469,33.09000015258789,349722,0.0,0.0,0.0
2023-12-27 09:30:00-05:00,33.119998931884766,33.17499923706055,33.09000015258789,33.17499923706055,204021,0.0,0.0,0.0
2023-12-27 10:30:00-05:00,33.18000030517578,33.220001220703125,33.130001068115234,33.220001220703125,86895,0.0,0.0,0.0
2023-12-27 11:30:00-05:00,33.22999954223633,33.2400016784668,33.19499969482422,33.220001220703125,111833,0.0,0.0,0.0
2023-12-27 12:30:00-05:00,33.209999084472656,33.25,33.18000030517578,33.220001220703125,120679,0.0,0.0,0.0
2023-12-27 13:30:00-05:00,33.22999954223633,33.22999954223633,33.150001525878906,33.20000076293945,84009,0.0,0.0,0.0
2023-12-27 14:30:00-05:00,33.189998626708984,33.209999084472656,33.15999984741211,33.18199920654297,52216,0.0,0.0,0.0
2023-12-27 15:30:00-05:00,33.185001373291016,33.220001220703125,33.15999984741211,33.220001220703125,77508,0.0,0.0,0.0
2023-12-28 09:30:00-05:00,33.099998474121094,33.209999084472656,33.099998474121094,33.165000915527344,228035,0.0,0.0,0.0
2023-12-28 10:30:00-05:00,33.165000915527344,33.16999816894531,33.060001373291016,33.06999969482422,178263,0.0,0.0,0.0
2023-12-28 11:30:00-05:00,33.07500076293945,33.099998474121094,33.060001373291016,33.06999969482422,96669,0.0,0.0,0.0
2023-12-28 12:30:00-05:00,33.06999969482422,33.099998474121094,33.025001525878906,33.04999923706055,107350,0.0,0.0,0.0
2023-12-28 13:30:00-05:00,33.04999923706055,33.07500076293945,33.03499984741211,33.064998626708984,103517,0.0,0.0,0.0
2023-12-28 14:30:00-05:00,33.064998626708984,33.07500076293945,33.04999923706055,33.060001373291016,205098,0.0,0.0,0.0
2023-12-28 15:30:00-05:00,33.064998626708984,33.084999084472656,33.029998779296875,33.029998779296875,143007,0.0,0.0,0.0
2023-12-29 09:30:00-05:00,33.04999923706055,33.130001068115234,33.01499938964844,33.11989974975586,338553,0.0,0.0,0.0
2023-12-29 10:30:00-05:00,33.1150016784668,33.119998931884766,32.935001373291016,32.95000076293945,333343,0.0,0.0,0.0
2023-12-29 11:30:00-05:00,32.95000076293945,33.005001068115234,32.94499969482422,32.98360061645508,168592,0.0,0.0,0.0
2023-12-29 12:30:00-05:00,32.9900016784668,33.040000915527344,32.98500061035156,33.0099983215332,152061,0.0,0.0,0.0
2023-12-29 13:30:00-05:00,33.005001068115234,33.04499816894531,32.9900016784668,32.9900016784668,116227,0.0,0.0,0.0
2023-12-29 14:30:00-05:00,32.994998931884766,33.06999969482422,32.994998931884766,33.060001373291016,78161,0.0,0.0,0.0
2023-12-29 15:30:00-05:00,33.060001373291016,33.06520080566406,33.0,33.040000915527344,482755,0.0,0.0,0.0
2024-01-02 09:30:00-05:00,32.720001220703125,32.779998779296875,32.65999984741211,32.7599983215332,591066,0.0,0.0,0.0
2024-01-02 10:30:00-05:00,32.755001068115234,32.79999923706055,32.720001220703125,32.73500061035156,286551,0.0,0.0,0.0
2024-01-02 11:30:00-05:00,32.72999954223633,32.86000061035156,32.72999954223633,32.86000061035156,178722,0.0,0.0,0.0
2024-01-02 12:30:00-05:00,32.869998931884766,32.89500045776367,32.845001220703125,32.86000061035156,225054,0.0,0.0,0.0
2024-01-02 13:30:00-05:00,32.849998474121094,32.869998931884766,32.779998779296875,32.790000915527344,64210,0.0,0.0,0.0
2024-01-02 14:30:00-05:00,32.79389953613281,32.79999923706055,32.730098724365234,32.7400016784668,106517,0.0,0.0,0.0
2024-01-02 15:30:00-05:00,32.7400016784668,32.7400016784668,32.70000076293945,32.7400016784668,493559,0.0,0.0,0.0
2024-01-03 09:30:00-05:00,32.560001373291016,32.68000030517578,32.525001525878906,32.619998931884766,232979,0.0,0.0,0.0
2024-01-03 10:30:00-05:00,32.6150016784668,32.654998779296875,32.540000915527344,32.63999938964844,289338,0.0,0.0,0.0
2024-01-03 11:30:00-05:00,32.64500045776367,32.689998626708984,32.63010025024414,32.68000030517578,109366,0.0,0.0,0.0
2024-01-03 12:30:00-05:00,32.685001373291016,32.755001068115234,32.685001373291016,32.75,96963,0.0,0.0,0.0
2024-01-03 13:30:00-05:00,32.75,32.83000183105469,32.68000030517578,32.814998626708984,174961,0.0,0.0,0.0
2024-01-03 14:30:00-05:00,32.81999969482422,32.83000183105469,32.724998474121094,32.73899841308594,168867,0.0,0.0,0.0
2024-01-03 15:30:00-05:00,32.73500061035156,32.775001525878906,32.72249984741211,32.7400016784668,142655,0.0,0.0,0.0
2024-01-04 09:30:00-05:00,32.81999969482422,32.97999954223633,32.810001373291016,32.974998474121094,260696,0.0,0.0,0.0
2024-01-04 10:30:00-05:00,32.974998474121094,33.01499938964844,32.95500183105469,33.005001068115234,181577,0.0,0.0,0.0
2024-01-04 11:30:00-05:00,33.0,33.0,32.89500045776367,32.93000030517578,319585,0.0,0.0,0.0
2024-01-04 12:30:00-05:00,32.93000030517578,32.93000030517578,32.872501373291016,32.899898529052734,138847,0.0,0.0,0.0
2024-01-04 13:30:00-05:00,32.89500045776367,32.904998779296875,32.86009979248047,32.869998931884766,79255,0.0,0.0,0.0
2024-01-04 14:30:00-05:00,32.8650016784668,32.89500045776367,32.845001220703125,32.86000061035156,80105,0.0,0.0,0.0
2024-01-04 15:30:00-05:00,32.859901428222656,32.875,32.82500076293945,32.849998474121094,158424,0.0,0.0,0.0
2024-01-05 09:30:00-05:00,32.75,33.07500076293945,32.7400016784668,33.0099983215332,289243,0.0,0.0,0.0
2024-01-05 10:30:00-05:00,33.0,33.064998626708984,32.939998626708984,32.94499969482422,442670,0.0,0.0,0.0
2024-01-05 11:30:00-05:00,32.95000076293945,32.970001220703125,32.81999969482422,32.81999969482422,444319,0.0,0.0,0.0
2024-01-05 12:30:00-05:00,32.81999969482422,32.85499954223633,32.77000045776367,32.834999084472656,484742,0.0,0.0,0.0
2024-01-05 13:30:00-05:00,32.84000015258789,32.92499923706055,32.84000015258789,32.88999938964844,221783,0.0,0.0,0.0
2024-01-05 14:30:00-05:00,32.88999938964844,32.90999984741211,32.80099868774414,32.83000183105469,94118,0.0,0.0,0.0
2024-01-05 15:30:00-05:00,32.81999969482422,32.85499954223633,32.810001373291016,32.84000015258789,139173,0.0,0.0,0.0
2024-01-08 09:30:00-05:00,32.880001068115234,32.91999816894531,32.81370162963867,32.91999816894531,232202,0.0,0.0,0.0
2024-01-08 10:30:00-05:00,32.93000030517578,32.97999954223633,32.90999984741211,32.97999954223633,116097,0.0,0.0,0.0
2024-01-08 11:30:00-05:00,32.97999954223633,33.05500030517578,32.97999954223633,33.0182991027832,103127,0.0,0.0,0.0
2024-01-08 12:30:00-05:00,33.02000045776367,33.04999923706055,33.0099983215332,33.02000045776367,97666,0.0,0.0,0.0
2024-01-08 13:30:00-05:00,33.02000045776367,33.084999084472656,33.0099983215332,33.06999969482422,138899,0.0,0.0,0.0
2024-01-08 14:30:00-05:00,33.08000183105469,33.10499954223633,33.060001373291016,33.08000183105469,148784,0.0,0.0,0.0
2024-01-08 15:30:00-05:00,33.08000183105469,33.125,33.08000183105469,33.11000061035156,145344,0.0,0.0,0.0
2024-01-09 09:30:00-05:00,32.90999984741211,32.939998626708984,32.84000015258789,32.88999938964844,139034,0.0,0.0,0.0
2024-01-09 10:30:00-05:00,32.88999938964844,32.89500045776367,32.807498931884766,32.85499954223633,137333,0.0,0.0,0.0
2024-01-09 11:30:00-05:00,32.86000061035156,32.875,32.82500076293945,32.845001220703125,110131,0.0,0.0,0.0
2024-01-09 12:30:00-05:00,32.845001220703125,32.875,32.80500030517578,32.80500030517578,491818,0.0,0.0,0.0
2024-01-09 13:30:00-05:00,32.79999923706055,32.839900970458984,32.77000045776367,32.779998779296875,97468,0.0,0.0,0.0
2024-01-09 14:30:00-05:00,32.779998779296875,32.814998626708984,32.76499938964844,32.80839920043945,88603,0.0,0.0,0.0
2024-01-09 15:30:00-05:00,32.79999923706055,32.810001373291016,32.76499938964844,32.79999923706055,140219,0.0,0.0,0.0
2024-01-10 09:30:00-05:00,32.790000915527344,32.82500076293945,32.77000045776367,32.779998779296875,122286,0.0,0.0,0.0
2024-01-10 10:30:00-05:00,32.779998779296875,32.83000183105469,32.77000045776367,32.78499984741211,113116,0.0,0.0,0.0
2024-01-10 11:30:00-05:00,32.779998779296875,32.779998779296875,32.75,32.77000045776367,126340,0.0,0.0,0.0
2024-01-10 12:30:00-05:00,32.77000045776367,32.80609893798828,32.76499938964844,32.79499816894531,56509,0.0,0.0,0.0
2024-01-10 13:30:00-05:00,32.790000915527344,32.83000183105469,32.790000915527344,32.83000183105469,73313,0.0,0.0,0.0
2024-01-10 14:30:00-05:00,32.83000183105469,32.85499954223633,32.80500030517578,32.814998626708984,117777,0.0,0.0,0.0
2024-01-10 15:30:00-05:00,32.810001373291016,32.83000183105469,32.779998779296875,32.81999969482422,380152,0.0,0.0,0.0
2024-01-11 09:30:00-05:00,32.86000061035156,32.869998931884766,32.47999954223633,32.54999923706055,339676,0.0,0.0,0.0
2024-01-11 10:30:00-05:00,32.560001373291016,32.599998474121094,32.435001373291016,32.44499969482422,273308,0.0,0.0,0.0
2024-01-11 11:30:00-05:00,32.44499969482422,32.48500061035156,32.404998779296875,32.435001373291016,234487,0.0,0.0,0.0
2024-01-11 12:30:00-05:00,32.435001373291016,32.560001373291016,32.435001373291016,32.54999923706055,188933,0.0,0.0,0.0
2024-01-11 13:30:00-05:00,32.54880142211914,32.619998931884766,32.525001525878906,32.619998931884766,127259,0.0,0.0,0.0
2024-01-11 14:30:00-05:00,32.625,32.65739822387695,32.56999969482422,32.61000061035156,107031,0.0,0.0,0.0
2024-01-11 15:30:00-05:00,32.60499954223633,32.650001525878906,32.59000015258789,32.63999938964844,181506,0.0,0.0,0.0
2024-01-12 09:30:00-05:00,32.90999984741211,32.95500183105469,32.81999969482422,32.849998474121094,361073,0.0,0.0,0.0
2024-01-12 10:30:00-05:00,32.849998474121094,32.86000061035156,32.75,32.77000045776367,107062,0.0,0.0,0.0
2024-01-12 11:30:00-05:00,32.775001525878906,32.779998779296875,32.68000030517578,32.70000076293945,84838,0.0,0.0,0.0
2024-01-12 12:30:00-05:00,32.709999084472656,32.75740051269531,32.685001373291016,32.755001068115234,137072,0.0,0.0,0.0
2024-01-12 13:30:00-05:00,32.755001068115234,32.78499984741211,32.74190139770508,32.775001525878906,86783,0.0,0.0,0.0
2024-01-12 14:30:00-05:00,32.775001525878906,32.775001525878906,32.724998474121094,32.74250030517578,108180,0.0,0.0,0.0
2024-01-12 15:30:00-05:00,32.744998931884766,32.77000045776367,32.7400016784668,32.75,144215,0.0,0.0,0.0
2024-01-16 09:30:00-05:00,32.2599983215332,32.27000045776367,32.125,32.22999954223633,295500,0.0,0.0,0.0
2024-01-16 10:30:00-05:00,32.224998474121094,32.28499984741211,32.15999984741211,32.220001220703125,395948,0.0,0.0,0.0
2024-01-16 11:30:00-05:00,32.220001220703125,32.25,32.05500030517578,32.060001373291016,352423,0.0,0.0,0.0
2024-01-16 12:30:00-05:00,32.060001373291016,32.099998474121094,32.040000915527344,32.099998474121094,164539,0.0,0.0,0.0
2024-01-16 13:30:00-05:00,32.11000061035156,32.119998931884766,31.9950008392334,32.025001525878906,180745,0.0,0.0,0.0
2024-01-16 14:30:00-05:00,32.02000045776367,32.05500030517578,32.0099983215332,32.03990173339844,121248,0.0,0.0,0.0
2024-01-16 15:30:00-05:00,32.040000915527344,32.06999969482422,32.02280044555664,32.060001373291016,150838,0.0,0.0,0.0
2024-01-17 09:30:00-05:00,31.610000610351562,31.675199508666992,31.510000228881836,31.670000076293945,490417,0.0,0.0,0.0
2024-01-17 10:30:00-05:00,31.670000076293945,31.768299102783203,31.645000457763672,31.719999313354492,284590,0.0,0.0,0.0
2024-01-17 11:30:00-05:00,31.725000381469727,31.759000778198242,31.690000534057617,31.69499969482422,401953,0.0,0.0,0.0
2024-01-17 12:30:00-05:00,31.69499969482422,31.739999771118164,31.65999984741211,31.674999237060547,266662,0.0,0.0,0.0
2024-01-17 13:30:00-05:00,31.68000030517578,31.75,31.65999984741211,31.725000381469727,217949,0.0,0.0,0.0
2024-01-17 14:30:00-05:00,31.729999542236328,31.756000518798828,31.69499969482422,31.700000762939453,202488,0.0,0.0,0.0
2024-01-17 15:30:00-05:00,31.700000762939453,31.790000915527344,31.700000762939453,31.770000457763672,184906,0.0,0.0,0.0
2024-01-18 09:30:00-05:00,31.809999465942383,31.809999465942383,31.694900512695312,31.780000686645508,303501,0.0,0.0,0.0
2024-01-18 10:30:00-05:00,31.774999618530273,31.854999542236328,31.735000610351562,31.834999084472656,304805,0.0,0.0,0.0
2024-01-18 11:30:00-05:00,31.829999923706055,31.834999084472656,31.7450008392334,31.780000686645508,197368,0.0,0.0,0.0
2024-01-18 12:30:00-05:00,31.774999618530273,31.790000915527344,31.7450008392334,31.770000457763672,283441,0.0,0.0,0.0
2024-01-18 13:30:00-05:00,31.764999389648438,31.889999389648438,31.764999389648438,31.889999389648438,77885,0.0,0.0,0.0
2024-01-18 14:30:00-05:00,31.889999389648438,31.924999237060547,31.854999542236328,31.924999237060547,119361,0.0,0.0,0.0
2024-01-18 15:30:00-05:00,31.93000030517578,31.950000762939453,31.90999984741211,31.940000534057617,230896,0.0,0.0,0.0
2024-01-19 09:30:00-05:00,31.84000015258789,31.889999389648438,31.725000381469727,31.760000228881836,384135,0.0,0.0,0.0
2024-01-19 10:30:00-05:00,31.75,31.84000015258789,31.725000381469727,31.795000076293945,391225,0.0,0.0,0.0
2024-01-19 11:30:00-05:00,31.790000915527344,31.825000762939453,31.739999771118164,31.81999969482422,123051,0.0,0.0,0.0
2024-01-19 12:30:00-05:00,31.825000762939453,31.889999389648438,31.825000762939453,31.889999389648438,184289,0.0,0.0,0.0
2024-01-19 13:30:00-05:00,31.895000457763672,31.954999923706055,31.882699966430664,31.94610023498535,133987,0.0,0.0,0.0
2024-01-19 14:30:00-05:00,31.94499969482422,31.96500015258789,31.924999237060547,31.950000762939453,129625,0.0,0.0,0.0
2024-01-19 15:30:00-05:00,31.950000762939453,31.969999313354492,31.94499969482422,31.959999084472656,131155,0.0,0.0,0.0
2024-01-22 09:30:00-05:00,32.0,32.084999084472656,31.93000030517578,32.084999084472656,421955,0.0,0.0,0.0
2024-01-22 10:30:00-05:00,32.084999084472656,32.095001220703125,32.01499938964844,32.04999923706055,322299,0.0,0.0,0.0
2024-01-22 11:30:00-05:00,32.04999923706055,32.05500030517578,31.9950008392334,32.03990173339844,225764,0.0,0.0,0.0
2024-01-22 12:30:00-05:00,32.03820037841797,32.04499816894531,31.96380043029785,31.96500015258789,328392,0.0,0.0,0.0
2024-01-22 13:30:00-05:00,31.969999313354492,32.01499938964844,31.950000762939453,31.96500015258789,55345,0.0,0.0,0.0
2024-01-22 14:30:00-05:00,31.969999313354492,32.0099983215332,31.96500015258789,32.0099983215332,121486,0.0,0.0,0.0
2024-01-22 15:30:00-05:00,32.01499938964844,32.02000045776367,31.989999771118164,32.02000045776367,186347,0.0,0.0,0.0
2024-01-23 09:30:00-05:00,31.90999984741211,31.9950008392334,31.899999618530273,31.975000381469727,282195,0.0,0.0,0.0
2024-01-23 10:30:00-05:00,31.969999313354492,31.975000381469727,31.875,31.905000686645508,256712,0.0,0.0,0.0
2024-01-23 11:30:00-05:00,31.905000686645508,31.905000686645508,31.84000015258789,31.885000228881836,367030,0.0,0.0,0.0
2024-01-23 12:30:00-05:00,31.885000228881836,31.924999237060547,31.864999771118164,31.920000076293945,148586,0.0,0.0,0.0
2024-01-23 13:30:00-05:00,31.92009925842285,31.950000762939453,31.913999557495117,31.950000762939453,167163,0.0,0.0,0.0
2024-01-23 14:30:00-05:00,31.94499969482422,32.0099983215332,31.940000534057617,31.9950008392334,137748,0.0,0.0,0.0
2024-01-23 15:30:00-05:00,31.989999771118164,32.0099983215332,31.979999542236328,32.0,252310,0.0,0.0,0.0
2024-01-24 09:30:00-05:00,32.290000915527344,32.34000015258789,32.20500183105469,32.27000045776367,431750,0.0,0.0,0.0
2024-01-24 10:30:00-05:00,32.27000045776367,32.27000045776367,32.209999084472656,32.2599983215332,391465,0.0,0.0,0.0
2024-01-24 11:30:00-05:00,32.255001068115234,32.26499938964844,32.21500015258789,32.244998931884766,182251,0.0,0.0,0.0
2024-01-24 12:30:00-05:00,32.2400016784668,32.2599983215332,32.15999984741211,32.18000030517578,335979,0.0,0.0,0.0
2024-01-24 13:30:00-05:00,32.17499923706055,32.17919921875,32.10499954223633,32.125,196583,0.0,0.0,0.0
2024-01-24 14:30:00-05:00,32.125,32.165000915527344,32.10499954223633,32.10499954223633,302438,0.0,0.0,0.0
2024-01-24 15:30:00-05:00,32.10499954223633,32.150001525878906,32.09000015258789,32.09000015258789,166084,0.0,0.0,0.0
2024-01-25 09:30:00-05:00,32.209999084472656,32.209999084472656,32.095001220703125,32.154998779296875,325097,0.0,0.0,0.0
2024-01-25 10:30:00-05:00,32.154998779296875,32.154998779296875,32.06399917602539,32.130001068115234,207467,0.0,0.0,0.0
2024-01-25 11:30:00-05:00,32.130001068115234,32.150001525878906,32.07500076293945,32.13669967651367,249333,0.0,0.0,0.0
2024-01-25 12:30:00-05:00,32.1349983215332,32.185001373291016,32.095001220703125,32.15999984741211,146364,0.0,0.0,0.0
2024-01-25 13:30:00-05:00,32.15999984741211,32.20000076293945,32.13999938964844,32.20000076293945,0,0.0,0.0,0.0
2024-01-25 14:30:00-05:00,32.20500183105469,32.23500061035156,32.19419860839844,32.224998474121094,1290150,0.0,0.0,0.0
2024-01-25 15:30:00-05:00,32.224998474121094,32.27000045776367,32.224998474121094,32.2599983215332,164587,0.0,0.0,0.0
2024-01-26 09:30:00-05:00,32.689998626708984,32.755001068115234,32.6150016784668,32.6150016784668,308446,0.0,0.0,0.0
2024-01-26 10:30:00-05:00,32.6150016784668,32.665000915527344,32.595001220703125,32.654998779296875,285957,0.0,0.0,0.0
2024-01-26 11:30:00-05:00,32.654998779296875,32.654998779296875,32.599998474121094,32.625,171024,0.0,0.0,0.0
2024-01-26 12:30:00-05:00,32.625,32.6349983215332,32.56999969482422,32.619998931884766,84726,0.0,0.0,0.0
2024-01-26 13:30:00-05:00,32.625,32.63999938964844,32.59000015258789,32.6349983215332,137935,0.0,0.0,0.0
2024-01-26 14:30:00-05:00,32.630001068115234,32.665000915527344,32.619998931884766,32.630001068115234,360672,0.0,0.0,0.0
2024-01-26 15:30:00-05:00,32.6349983215332,32.63999938964844,32.619998931884766,32.630001068115234,138688,0.0,0.0,0.0
2024-01-29 09:30:00-05:00,32.56999969482422,32.56999969482422,32.4900016784668,32.510101318359375,162235,0.0,0.0,0.0
2024-01-29 10:30:00-05:00,32.51499938964844,32.53499984741211,32.494998931884766,32.51499938964844,140159,0.0,0.0,0.0
2024-01-29 11:30:00-05:00,32.51499938964844,32.54999923706055,32.5,32.54499816894531,165534,0.0,0.0,0.0
2024-01-29 12:30:00-05:00,32.54499816894531,32.55500030517578,32.5099983215332,32.53499984741211,115962,0.0,0.0,0.0
2024-01-29 13:30:00-05:00,32.540000915527344,32.564998626708984,32.529998779296875,32.560001373291016,100779,0.0,0.0,0.0
2024-01-29 14:30:00-05:00,32.560001373291016,32.720001220703125,32.560001373291016,32.70000076293945,183805,0.0,0.0,0.0
2024-01-29 15:30:00-05:00,32.69499969482422,32.709999084472656,32.66999816894531,32.70000076293945,235696,0.0,0.0,0.0
2024-01-30 09:30:00-05:00,32.689998626708984,32.744998931884766,32.58000183105469,32.61000061035156,559627,0.0,0.0,0.0
2024-01-30 10:30:00-05:00,32.6150016784668,32.65999984741211,32.599998474121094,32.654998779296875,249812,0.0,0.0,0.0
2024-01-30 11:30:00-05:00,32.65999984741211,32.72999954223633,32.640098571777344,32.70500183105469,413511,0.0,0.0,0.0
2024-01-30 12:30:00-05:00,32.70000076293945,32.709999084472656,32.68009948730469,32.709999084472656,111668,0.0,0.0,0.0
2024-01-30 13:30:00-05:00,32.70500183105469,32.7599983215332,32.70500183105469,32.755001068115234,94513,0.0,0.0,0.0
2024-01-30 14:30:00-05:00,32.755001068115234,32.78499984741211,32.755001068115234,32.775001525878906,116586,0.0,0.0,0.0
2024-01-30 15:30:00-05:00,32.775001525878906,32.775001525878906,32.75,32.77000045776367,204886,0.0,0.0,0.0
2024-01-31 09:30:00-05:00,32.849998474121094,32.904998779296875,32.779998779296875,32.79499816894531,347523,0.0,0.0,0.0
2024-01-31 10:30:00-05:00,32.79499816894531,32.814998626708984,32.68000030517578,32.68000030517578,165918,0.0,0.0,0.0
2024-01-31 11:30:00-05:00,32.68000030517578,32.685001373291016,32.595001220703125,32.62799835205078,298787,0.0,0.0,0.0
2024-01-31 12:30:00-05:00,32.619998931884766,32.650001525878906,32.59000015258789,32.619998931884766,241143,0.0,0.0,0.0
2024-01-31 13:30:00-05:00,32.625,32.68000030517578,32.529998779296875,32.56999969482422,169191,0.0,0.0,0.0
2024-01-31 14:30:00-05:00,32.56999969482422,32.7400016784668,32.370201110839844,32.45000076293945,318465,0.0,0.0,0.0
2024-01-31 15:30:00-05:00,32.439998626708984,32.45000076293945,32.380001068115234,32.43000030517578,168114,0.0,0.0,0.0
2024-02-01 09:30:00-05:00,32.54999923706055,32.59000015258789,32.47999954223633,32.54999923706055,333275,0.0,0.0,0.0
2024-02-01 10:30:00-05:00,32.54999923706055,32.54999923706055,32.46500015258789,32.529998779296875,297638,0.0,0.0,0.0
2024-02-01 11:30:00-05:00,32.540000915527344,32.7400016784668,32.540000915527344,32.709999084472656,135693,0.0,0.0,0.0
2024-02-01 12:30:00-05:00,32.71500015258789,32.744998931884766,32.65010070800781,32.70500183105469,155464,0.0,0.0,0.0
2024-02-01 13:30:00-05:00,32.70500183105469,32.760101318359375,32.70500183105469,32.73249816894531,559123,0.0,0.0,0.0
2024-02-01 14:30:00-05:00,32.7400016784668,32.790000915527344,32.709999084472656,32.775001525878906,646427,0.0,0.0,0.0
2024-02-01 15:30:00-05:00,32.779998779296875,32.79990005493164,32.7599983215332,32.779998779296875,228558,0.0,0.0,0.0
2024-02-02 09:30:00-05:00,32.5099983215332,32.529998779296875,32.400001525878906,32.44499969482422,196034,0.0,0.0,0.0
2024-02-02 10:30:00-05:00,32.45000076293945,32.494998931884766,32.35499954223633,32.380001068115234,250986,0.0,0.0,0.0
2024-02-02 11:30:00-05:00,32.38999938964844,32.40140151977539,32.34000015258789,32.400001525878906,196449,0.0,0.0,0.0
2024-02-02 12:30:00-05:00,32.3931999206543,32.42599868774414,32.32500076293945,32.39500045776367,206752,0.0,0.0,0.0
2024-02-02 13:30:00-05:00,32.39500045776367,32.44499969482422,32.380001068115234,32.43000030517578,207122,0.0,0.0,0.0
2024-02-02 14:30:00-05:00,32.43000030517578,32.494998931884766,32.43000030517578,32.494998931884766,227173,0.0,0.0,0.0
2024-02-02 15:30:00-05:00,32.494998931884766,32.494998931884766,32.44499969482422,32.459999084472656,260672,0.0,0.0,0.0
2024-02-05 09:30:00-05:00,32.22999954223633,32.25,32.05500030517578,32.099998474121094,640252,0.0,0.0,0.0
2024-02-05 10:30:00-05:00,32.099998474121094,32.119998931884766,32.04399871826172,32.064998626708984,435483,0.0,0.0,0.0
2024-02-05 11:30:00-05:00,32.06999969482422,32.165000915527344,32.064998626708984,32.165000915527344,182645,0.0,0.0,0.0
2024-02-05 12:30:00-05:00,32.16999816894531,32.209999084472656,32.16999816894531,32.185001373291016,387690,0.0,0.0,0.0
2024-02-05 13:30:00-05:00,32.185001373291016,32.22999954223633,32.18009948730469,32.22010040283203,185772,0.0,0.0,0.0
2024-02-05 14:30:00-05:00,32.224998474121094,32.25,32.17499923706055,32.21500015258789,123231,0.0,0.0,0.0
2024-02-05 15:30:00-05:00,32.21500015258789,32.22999954223633,32.18000030517578,32.189998626708984,213406,0.0,0.0,0.0
2024-02-06 09:30:00-05:00,32.38999938964844,32.47999954223633,32.38999938964844,32.465999603271484,226329,0.0,0.0,0.0
2024-02-06 10:30:00-05:00,32.46500015258789,32.57500076293945,32.45949935913086,32.560001373291016,522750,0.0,0.0,0.0
2024-02-06 11:30:00-05:00,32.560001373291016,32.599998474121094,32.529998779296875,32.599998474121094,609952,0.0,0.0,0.0
2024-02-06 12:30:00-05:00,32.595001220703125,32.6150016784668,32.560001373291016,32.58470153808594,355744,0.0,0.0,0.0
2024-02-06 13:30:00-05:00,32.59000015258789,32.619998931884766,32.56010055541992,32.58000183105469,156267,0.0,0.0,0.0
2024-02-06 14:30:00-05:00,32.57500076293945,32.619998931884766,32.560001373291016,32.595001220703125,348559,0.0,0.0,0.0
2024-02-06 15:30:00-05:00,32.595001220703125,32.654998779296875,32.58399963378906,32.650001525878906,287993,0.0,0.0,0.0
2024-02-07 09:30:00-05:00,32.5099983215332,32.560001373291016,32.40999984741211,32.494998931884766,945761,0.0,0.0,0.0
2024-02-07 10:30:00-05:00,32.5,32.50019836425781,32.380001068115234,32.38999938964844,1228907,0.0,0.0,0.0
2024-02-07 11:30:00-05:00,32.38999938964844,32.44499969482422,32.38999938964844,32.40850067138672,790263,0.0,0.0,0.0
2024-02-07 12:30:00-05:00,32.400001525878906,32.47010040283203,32.400001525878906,32.46500015258789,532575,0.0,0.0,0.0
2024-02-07 13:30:00-05:00,32.470001220703125,32.479801177978516,32.42499923706055,32.45009994506836,285909,0.0,0.0,0.0
2024-02-07 14:30:00-05:00,32.45500183105469,32.47999954223633,32.45000076293945,32.45989990234375,208186,0.0,0.0,0.0
2024-02-07 15:30:00-05:00,32.45750045776367,32.470001220703125,32.439998626708984,32.459999084472656,286425,0.0,0.0,0.0
2024-02-08 09:30:00-05:00,32.279998779296875,32.34000015258789,32.23400115966797,32.275001525878906,390070,0.0,0.0,0.0
2024-02-08 10:30:00-05:00,32.279998779296875,32.290000915527344,32.17499923706055,32.189998626708984,888897,0.0,0.0,0.0
2024-02-08 11:30:00-05:00,32.19499969482422,32.239898681640625,32.189998626708984,32.23500061035156,706104,0.0,0.0,0.0
2024-02-08 12:30:00-05:00,32.2400016784668,32.30500030517578,32.230098724365234,32.28799819946289,393385,0.0,0.0,0.0
2024-02-08 13:30:00-05:00,32.28499984741211,32.316001892089844,32.279998779296875,32.290000915527344,228648,0.0,0.0,0.0
2024-02-08 14:30:00-05:00,32.290000915527344,32.32500076293945,32.27399826049805,32.31959915161133,248079,0.0,0.0,0.0
2024-02-08 15:30:00-05:00,32.314998626708984,32.334999084472656,32.29249954223633,32.31999969482422,221771,0.0,0.0,0.0
2024-02-09 09:30:00-05:00,32.209999084472656,32.2599983215332,32.09049987792969,32.125999450683594,474709,0.0,0.0,0.0
2024-02-09 10:30:00-05:00,32.125,32.187801361083984,32.102500915527344,32.154998779296875,935154,0.0,0.0,0.0
2024-02-09 11:30:00-05:00,32.15999984741211,32.16600036621094,32.119998931884766,32.15399932861328,693353,0.0,0.0,0.0
2024-02-09 12:30:00-05:00,32.15119934082031,32.22999954223633,32.13999938964844,32.2239990234375,446776,0.0,0.0,0.0
2024-02-09 13:30:00-05:00,32.224998474121094,32.25600051879883,32.220001220703125,32.255001068115234,297583,0.0,0.0,0.0
2024-02-09 14:30:00-05:00,32.2599983215332,32.2599983215332,32.20119857788086,32.22999954223633,445114,0.0,0.0,0.0
2024-02-09 15:30:00-05:00,32.23500061035156,32.25,32.220001220703125,32.2400016784668,289364,0.0,0.0,0.0
2024-02-12 09:30:00-05:00,32.099998474121094,32.19990158081055,32.08000183105469,32.099700927734375,535372,0.0,0.0,0.0
2024-02-12 10:30:00-05:00,32.099998474121094,32.13999938964844,32.09000015258789,32.13999938964844,330355,0.0,0.0,0.0
2024-02-12 11:30:00-05:00,32.13999938964844,32.1974983215332,32.129600524902344,32.192901611328125,419190,0.0,0.0,0.0
2024-02-12 12:30:00-05:00,32.19200134277344,32.22999954223633,32.189998626708984,32.208499908447266,137503,0.0,0.0,0.0
2024-02-12 13:30:00-05:00,32.20000076293945,32.22999954223633,32.15999984741211,32.16999816894531,187985,0.0,0.0,0.0
2024-02-12 14:30:00-05:00,32.1702995300293,32.189998626708984,32.1416015625,32.185001373291016,74017,0.0,0.0,0.0
2024-02-12 15:30:00-05:00,32.185001373291016,32.20000076293945,32.18000030517578,32.20000076293945,156804,0.0,0.0,0.0
2024-02-13 09:30:00-05:00,31.8700008392334,31.90999984741211,31.701499938964844,31.780000686645508,249540,0.0,0.0,0.0
2024-02-13 10:30:00-05:00,31.774999618530273,31.829999923706055,31.719999313354492,31.795000076293945,1209023,0.0,0.0,0.0
2024-02-13 11:30:00-05:00,31.795000076293945,31.829999923706055,31.760000228881836,31.761499404907227,163640,0.0,0.0,0.0
2024-02-13 12:30:00-05:00,31.770000457763672,31.799999237060547,31.709999084472656,31.725000381469727,116465,0.0,0.0,0.0
2024-02-13 13:30:00-05:00,31.719999313354492,31.719999313354492,31.625,31.645000457763672,159384,0.0,0.0,0.0
2024-02-13 14:30:00-05:00,31.639999389648438,31.665000915527344,31.575000762939453,31.609899520874023,135415,0.0,0.0,0.0
2024-02-13 15:30:00-05:00,31.604999542236328,31.690000534057617,31.604999542236328,31.690000534057617,163076,0.0,0.0,0.0
2024-02-14 09:30:00-05:00,31.959999084472656,31.985000610351562,31.93000030517578,31.950000762939453,290667,0.0,0.0,0.0
2024-02-14 10:30:00-05:00,31.94499969482422,31.954999923706055,31.899999618530273,31.90999984741211,206556,0.0,0.0,0.0
2024-02-14 11:30:00-05:00,31.899999618530273,31.950000762939453,31.864999771118164,31.915000915527344,330410,0.0,0.0,0.0
2024-02-14 12:30:00-05:00,31.915000915527344,31.954999923706055,31.90999984741211,31.920000076293945,138131,0.0,0.0,0.0
2024-02-14 13:30:00-05:00,31.93000030517578,31.979999542236328,31.90999984741211,31.954999923706055,109271,0.0,0.0,0.0
2024-02-14 14:30:00-05:00,31.959999084472656,32.01499938964844,31.954999923706055,32.011600494384766,129802,0.0,0.0,0.0
2024-02-14 15:30:00-05:00,32.0099983215332,32.029998779296875,31.985000610351562,32.02000045776367,280431,0.0,0.0,0.0
2024-02-15 09:30:00-05:00,32.06999969482422,32.290000915527344,32.06999969482422,32.27000045776367,321614,0.0,0.0,0.0
2024-02-15 10:30:00-05:00,32.27000045776367,32.27000045776367,32.18000030517578,32.20000076293945,270701,0.0,0.0,0.0
2024-02-15 11:30:00-05:00,32.19499969482422,32.25,32.189998626708984,32.25,141323,0.0,0.0,0.0
2024-02-15 12:30:00-05:00,32.25,32.30500030517578,32.2400016784668,32.30500030517578,77257,0.0,0.0,0.0
2024-02-15 13:30:00-05:00,32.310001373291016,32.345001220703125,32.290000915527344,32.32500076293945,120021,0.0,0.0,0.0
2024-02-15 14:30:00-05:00,32.33000183105469,32.36000061035156,32.33000183105469,32.35499954223633,164936,0.0,0.0,0.0
2024-02-15 15:30:00-05:00,32.35499954223633,32.380001068115234,32.34000015258789,32.375,210497,0.0,0.0,0.0
2024-02-16 09:30:00-05:00,32.61000061035156,32.685001373291016,32.540000915527344,32.66999816894531,677745,0.0,0.0,0.0
2024-02-16 10:30:00-05:00,32.65999984741211,32.724998474121094,32.64500045776367,32.71989822387695,445147,0.0,0.0,0.0
2024-02-16 11:30:00-05:00,32.71500015258789,32.76599884033203,32.70500183105469,32.73500061035156,380369,0.0,0.0,0.0
2024-02-16 12:30:00-05:00,32.7400016784668,32.77000045776367,32.70500183105469,32.7400016784668,156823,0.0,0.0,0.0
2024-02-16 13:30:00-05:00,32.744998931884766,32.79999923706055,32.744998931884766,32.79399871826172,125403,0.0,0.0,0.0
2024-02-16 14:30:00-05:00,32.790000915527344,32.790000915527344,32.689998626708984,32.71500015258789,328702,0.0,0.0,0.0
2024-02-16 15:30:00-05:00,32.720001220703125,32.720001220703125,32.65999984741211,32.689998626708984,293695,0.0,0.0,0.0
2024-02-20 09:30:00-05:00,32.93000030517578,32.96120071411133,32.8849983215332,32.94599914550781,379572,0.0,0.0,0.0
2024-02-20 10:30:00-05:00,32.939998626708984,32.939998626708984,32.86000061035156,32.900001525878906,295236,0.0,0.0,0.0
2024-02-20 11:30:00-05:00,32.89500045776367,32.904998779296875,32.81399917602539,32.81399917602539,216856,0.0,0.0,0.0
2024-02-20 12:30:00-05:00,32.810001373291016,32.845001220703125,32.79999923706055,32.814998626708984,164942,0.0,0.0,0.0
2024-02-20 13:30:00-05:00,32.814998626708984,32.834999084472656,32.79999923706055,32.82500076293945,124310,0.0,0.0,0.0
2024-02-20 14:30:00-05:00,32.82500076293945,32.849998474121094,32.814998626708984,32.849998474121094,180235,0.0,0.0,0.0
2024-02-20 15:30:00-05:00,32.849998474121094,32.8588981628418,32.80500030517578,32.845001220703125,369932,0.0,0.0,0.0
2024-02-21 09:30:00-05:00,32.59000015258789,32.630001068115234,32.54999923706055,32.59000015258789,302602,0.0,0.0,0.0
2024-02-21 10:30:00-05:00,32.59000015258789,32.608699798583984,32.55870056152344,32.595001220703125,192966,0.0,0.0,0.0
2024-02-21 11:30:00-05:00,32.595001220703125,32.60499954223633,32.55500030517578,32.56999969482422,203860,0.0,0.0,0.0
2024-02-21 12:30:00-05:00,32.56999969482422,32.579898834228516,32.52000045776367,32.56999969482422,213299,0.0,0.0,0.0
2024-02-21 13:30:00-05:00,32.56999969482422,32.619998931884766,32.54499816894531,32.564998626708984,481873,0.0,0.0,0.0
2024-02-21 14:30:00-05:00,32.564998626708984,32.56999969482422,32.505001068115234,32.54999923706055,287836,0.0,0.0,0.0
2024-02-21 15:30:00-05:00,32.55500030517578,32.654998779296875,32.55500030517578,32.650001525878906,353361,0.0,0.0,0.0
2024-02-22 09:30:00-05:00,32.720001220703125,32.790000915527344,32.67499923706055,32.72999954223633,413110,0.0,0.0,0.0
2024-02-22 10:30:00-05:00,32.720001220703125,32.812198638916016,32.720001220703125,32.80500030517578,1031779,0.0,0.0,0.0
2024-02-22 11:30:00-05:00,32.810001373291016,32.83000183105469,32.75,32.82500076293945,967632,0.0,0.0,0.0
2024-02-22 12:30:00-05:00,32.82500076293945,32.86000061035156,32.80500030517578,32.86000061035156,768700,0.0,0.0,0.0
2024-02-22 13:30:00-05:00,32.86000061035156,32.90999984741211,32.85499954223633,32.904998779296875,140050,0.0,0.0,0.0
2024-02-22 14:30:00-05:00,32.904998779296875,32.9099006652832,32.849998474121094,32.875,422002,0.0,0.0,0.0
2024-02-22 15:30:00-05:00,32.869998931884766,32.900001525878906,32.86000061035156,32.8849983215332,277248,0.0,0.0,0.0
2024-02-23 09:30:00-05:00,32.91999816894531,33.0099983215332,32.88999938964844,32.98889923095703,194006,0.0,0.0,0.0
2024-02-23 10:30:00-05:00,32.97999954223633,33.0,32.94499969482422,32.98500061035156,174275,0.0,0.0,0.0
2024-02-23 11:30:00-05:00,32.9900016784668,33.01499938964844,32.974998474121094,32.994998931884766,226331,0.0,0.0,0.0
2024-02-23 12:30:00-05:00,32.9900016784668,33.029998779296875,32.9900016784668,33.025001525878906,211636,0.0,0.0,0.0
2024-02-23 13:30:00-05:00,33.029998779296875,33.03499984741211,32.970001220703125,32.974998474121094,218471,0.0,0.0,0.0
2024-02-23 14:30:00-05:00,32.974998474121094,33.01499938964844,32.970001220703125,32.9911003112793,86302,0.0,0.0,0.0
2024-02-23 15:30:00-05:00,32.994998931884766,33.02000045776367,32.98500061035156,33.0,152525,0.0,0.0,0.0
2024-02-26 09:30:00-05:00,32.959999084472656,32.994998931884766,32.904998779296875,32.93000030517578,146691,0.0,0.0,0.0
2024-02-26 10:30:00-05:00,32.92499923706055,32.935001373291016,32.869998931884766,32.909400939941406,193110,0.0,0.0,0.0
2024-02-26 11:30:00-05:00,32.904998779296875,32.92499923706055,32.88999938964844,32.915000915527344,200437,0.0,0.0,0.0
2024-02-26 12:30:00-05:00,32.91419982910156,32.91419982910156,32.85499954223633,32.86000061035156,93440,0.0,0.0,0.0
2024-02-26 13:30:00-05:00,32.859901428222656,32.900001525878906,32.84000015258789,32.8849983215332,84608,0.0,0.0,0.0
2024-02-26 14:30:00-05:00,32.88999938964844,32.935298919677734,32.87990188598633,32.935001373291016,114218,0.0,0.0,0.0
2024-02-26 15:30:00-05:00,32.935001373291016,32.939998626708984,32.90999984741211,32.915000915527344,159894,0.0,0.0,0.0
2024-02-27 09:30:00-05:00,32.849998474121094,32.89500045776367,32.834999084472656,32.880001068115234,167648,0.0,0.0,0.0
2024-02-27 10:30:00-05:00,32.880001068115234,32.95000076293945,32.869998931884766,32.93000030517578,116705,0.0,0.0,0.0
2024-02-27 11:30:00-05:00,32.93000030517578,32.93000030517578,32.875,32.899898529052734,146527,0.0,0.0,0.0
2024-02-27 12:30:00-05:00,32.89500045776367,32.94599914550781,32.89400100708008,32.93000030517578,140640,0.0,0.0,0.0
2024-02-27 13:30:00-05:00,32.91999816894531,32.937198638916016,32.900001525878906,32.904998779296875,59312,0.0,0.0,0.0
2024-02-27 14:30:00-05:00,32.90999984741211,32.91600036621094,32.880001068115234,32.904998779296875,94199,0.0,0.0,0.0
2024-02-27 15:30:00-05:00,32.90999984741211,32.93000030517578,32.900001525878906,32.92499923706055,104573,0.0,0.0,0.0
2024-02-28 09:30:00-05:00,32.61000061035156,32.6349983215332,32.58000183105469,32.6150016784668,240010,0.0,0.0,0.0
2024-02-28 10:30:00-05:00,32.61000061035156,32.64939880371094,32.569000244140625,32.580501556396484,158290,0.0,0.0,0.0
2024-02-28 11:30:00-05:00,32.584999084472656,32.645999908447266,32.560001373291016,32.6150016784668,203724,0.0,0.0,0.0
2024-02-28 12:30:00-05:00,32.61000061035156,32.619998931884766,32.560001373291016,32.6150016784668,137325,0.0,0.0,0.0
2024-02-28 13:30:00-05:00,32.619998931884766,32.619998931884766,32.540000915527344,32.54999923706055,121941,0.0,0.0,0.0
2024-02-28 14:30:00-05:00,32.54999923706055,32.58000183105469,32.513999938964844,32.57500076293945,104625,0.0,0.0,0.0
2024-02-28 15:30:00-05:00,32.58000183105469,32.58000183105469,32.54999923706055,32.58000183105469,99107,0.0,0.0,0.0
2024-02-29 09:30:00-05:00,32.869998931884766,32.88999938964844,32.78499984741211,32.79990005493164,328852,0.0,0.0,0.0
2024-02-29 10:30:00-05:00,32.7958984375,32.79999923706055,32.66400146484375,32.66999816894531,375271,0.0,0.0,0.0
2024-02-29 11:30:00-05:00,32.65999984741211,32.65999984741211,32.564998626708984,32.584999084472656,418676,0.0,0.0,0.0
2024-02-29 12:30:00-05:00,32.584999084472656,32.68000030517578,32.57500076293945,32.68000030517578,282916,0.0,0.0,0.0
2024-02-29 13:30:00-05:00,32.66999816894531,32.724998474121094,32.66999816894531,32.689998626708984,154529,0.0,0.0,0.0
2024-02-29 14:30:00-05:00,32.70000076293945,32.70500183105469,32.650001525878906,32.689998626708984,136924,0.0,0.0,0.0
2024-02-29 15:30:00-05:00,32.689998626708984,32.7599983215332,32.685001373291016,32.7400016784668,397842,0.0,0.0,0.0
2024-03-01 09:30:00-05:00,32.75,32.8474006652832,32.58000183105469,32.834999084472656,336754,0.0,0.0,0.0
2024-03-01 10:30:00-05:00,32.84000015258789,32.91680145263672,32.82500076293945,32.86000061035156,208786,0.0,0.0,0.0
2024-03-01 11:30:00-05:00,32.85499954223633,32.919898986816406,32.845001220703125,32.9010009765625,91313,0.0,0.0,0.0
2024-03-01 12:30:00-05:00,32.900001525878906,32.90999984741211,32.869998931884766,32.900001525878906,173163,0.0,0.0,0.0
2024-03-01 13:30:00-05:00,32.89509963989258,32.90999984741211,32.880001068115234,32.904998779296875,130925,0.0,0.0,0.0
2024-03-01 14:30:00-05:00,32.90999984741211,32.915000915527344,32.880001068115234,32.880001068115234,158876,0.0,0.0,0.0
2024-03-01 15:30:00-05:00,32.880001068115234,32.91999816894531,32.869998931884766,32.900001525878906,316702,0.0,0.0,0.0
2024-03-04 09:30:00-05:00,32.709999084472656,32.790000915527344,32.709999084472656,32.775001525878906,255248,0.0,0.0,0.0
2024-03-04 10:30:00-05:00,32.779998779296875,32.837100982666016,32.775001525878906,32.79999923706055,115722,0.0,0.0,0.0
2024-03-04 11:30:00-05:00,32.79499816894531,32.859100341796875,32.79499816894531,32.845001220703125,177721,0.0,0.0,0.0
2024-03-04 12:30:00-05:00,32.84989929199219,32.849998474121094,32.810001373291016,32.81999969482422,77978,0.0,0.0,0.0
2024-03-04 13:30:00-05:00,32.814998626708984,32.84000015258789,32.79499816894531,32.814998626708984,55414,0.0,0.0,0.0
2024-03-04 14:30:00-05:00,32.814998626708984,32.86000061035156,32.814998626708984,32.83000183105469,262183,0.0,0.0,0.0
2024-03-04 15:30:00-05:00,32.83000183105469,32.834999084472656,32.79999923706055,32.810001373291016,147325,0.0,0.0,0.0
2024-03-05 09:30:00-05:00,32.79999923706055,32.95000076293945,32.78499984741211,32.869998931884766,217273,0.0,0.0,0.0
2024-03-05 10:30:00-05:00,32.880001068115234,32.915000915527344,32.85499954223633,32.875,186434,0.0,0.0,0.0
2024-03-05 11:30:00-05:00,32.880001068115234,32.915000915527344,32.834999084472656,32.90380096435547,230257,0.0,0.0,0.0
2024-03-05 12:30:00-05:00,32.900001525878906,32.900001525878906,32.86000061035156,32.880001068115234,81937,0.0,0.0,0.0
2024-03-05 13:30:00-05:00,32.869998931884766,32.900001525878906,32.814998626708984,32.85499954223633,79761,0.0,0.0,0.0
2024-03-05 14:30:00-05:00,32.849998474121094,32.849998474121094,32.73500061035156,32.75,119790,0.0,0.0,0.0
2024-03-05 15:30:00-05:00,32.75,32.83000183105469,32.74100112915039,32.810001373291016,216970,0.0,0.0,0.0
2024-03-06 09:30:00-05:00,33.06999969482422,33.125,33.0,33.005001068115234,179797,0.0,0.0,0.0
2024-03-06 10:30:00-05:00,33.0,33.099998474121094,32.994998931884766,33.099998474121094,100176,0.0,0.0,0.0
2024-03-06 11:30:00-05:00,33.099998474121094,33.150001525878906,33.064998626708984,33.14789962768555,212751,0.0,0.0,0.0
2024-03-06 12:30:00-05:00,33.14500045776367,33.154998779296875,33.09000015258789,33.140098571777344,77627,0.0,0.0,0.0
2024-03-06 13:30:00-05:00,33.14500045776367,33.14500045776367,33.02399826049805,33.06999969482422,187138,0.0,0.0,0.0
2024-03-06 14:30:00-05:00,33.08000183105469,33.08000183105469,33.02989959716797,33.04999923706055,206247,0.0,0.0,0.0
2024-03-06 15:30:00-05:00,33.05500030517578,33.07500076293945,33.025001525878906,33.06999969482422,200193,0.0,0.0,0.0
2024-03-07 09:30:00-05:00,33.31999969482422,33.39509963989258,33.28499984741211,33.34000015258789,175715,0.0,0.0,0.0
2024-03-07 10:30:00-05:00,33.33000183105469,33.42499923706055,33.32500076293945,33.415000915527344,222983,0.0,0.0,0.0
2024-03-07 11:30:00-05:00,33.40999984741211,33.41999816894531,33.3650016784668,33.38999938964844,200878,0.0,0.0,0.0
2024-03-07 12:30:00-05:00,33.38999938964844,33.435001373291016,33.3650016784668,33.42509841918945,135499,0.0,0.0,0.0
2024-03-07 13:30:00-05:00,33.43000030517578,33.459999084472656,33.42499923706055,33.42499923706055,112867,0.0,0.0,0.0
2024-03-07 14:30:00-05:00,33.43000030517578,33.439998626708984,33.39500045776367,33.404998779296875,180512,0.0,0.0,0.0
2024-03-07 15:30:00-05:00,33.404998779296875,33.43000030517578,33.39500045776367,33.415000915527344,304627,0.0,0.0,0.0
2024-03-08 09:30:00-05:00,33.43000030517578,33.4900016784668,33.39500045776367,33.439998626708984,274188,0.0,0.0,0.0
2024-03-08 10:30:00-05:00,33.439998626708984,33.5099983215332,33.3849983215332,33.38999938964844,166377,0.0,0.0,0.0
2024-03-08 11:30:00-05:00,33.38999938964844,33.40999984741211,33.35499954223633,33.40999984741211,247445,0.0,0.0,0.0
2024-03-08 12:30:00-05:00,33.40999984741211,33.41999816894531,33.32500076293945,33.33000183105469,317566,0.0,0.0,0.0
2024-03-08 13:30:00-05:00,33.33000183105469,33.380001068115234,33.290000915527344,33.380001068115234,126953,0.0,0.0,0.0
2024-03-08 14:30:00-05:00,33.380001068115234,33.404998779296875,33.32500076293945,33.32500076293945,1426465,0.0,0.0,0.0
2024-03-08 15:30:00-05:00,33.32500076293945,33.349998474121094,33.31999969482422,33.334999084472656,197007,0.0,0.0,0.0
2024-03-11 09:30:00-04:00,33.22999954223633,33.279998779296875,33.150001525878906,33.150001525878906,368326,0.0,0.0,0.0
2024-03-11 10:30:00-04:00,33.15999984741211,33.2150993347168,33.12820053100586,33.20000076293945,263755,0.0,0.0,0.0
2024-03-11 11:30:00-04:00,33.19499969482422,33.309898376464844,33.19499969482422,33.29990005493164,332084,0.0,0.0,0.0
2024-03-11 12:30:00-04:00,33.29999923706055,33.36000061035156,33.26499938964844,33.35499954223633,531015,0.0,0.0,0.0
2024-03-11 13:30:00-04:00,33.35499954223633,33.380001068115234,33.33000183105469,33.375,174922,0.0,0.0,0.0
2024-03-11 14:30:00-04:00,33.375,33.404998779296875,33.349998474121094,33.39500045776367,71090,0.0,0.0,0.0
2024-03-11 15:30:00-04:00,33.38999938964844,33.404998779296875,33.369998931884766,33.39500045776367,143457,0.0,0.0,0.0
2024-03-12 09:30:00-04:00,33.56999969482422,33.584999084472656,33.46500015258789,33.560001373291016,239315,0.0,0.0,0.0
2024-03-12 10:30:00-04:00,33.560001373291016,33.59000015258789,33.525001525878906,33.560001373291016,362166,0.0,0.0,0.0
2024-03-12 11:30:00-04:00,33.560001373291016,33.625,33.55500030517578,33.56999969482422,254880,0.0,0.0,0.0
2024-03-12 12:30:00-04:00,33.57500076293945,33.59980010986328,33.52399826049805,33.57509994506836,244744,0.0,0.0,0.0
2024-03-12 13:30:00-04:00,33.57979965209961,33.6349983215332,33.57500076293945,33.6349983215332,121678,0.0,0.0,0.0
2024-03-12 14:30:00-04:00,33.63999938964844,33.654998779296875,33.6150016784668,33.64500045776367,529322,0.0,0.0,0.0
2024-03-12 15:30:00-04:00,33.64500045776367,33.650001525878906,33.619998931884766,33.6349983215332,151824,0.0,0.0,0.0
2024-03-13 09:30:00-04:00,33.70000076293945,33.755001068115234,33.70000076293945,33.73419952392578,321289,0.0,0.0,0.0
2024-03-13 10:30:00-04:00,33.7400016784668,33.78499984741211,33.709999084472656,33.77000045776367,266063,0.0,0.0,0.0
2024-03-13 11:30:00-04:00,33.77000045776367,33.796600341796875,33.73500061035156,33.73910140991211,269655,0.0,0.0,0.0
2024-03-13 12:30:00-04:00,33.7400016784668,33.810001373291016,33.720001220703125,33.79999923706055,193870,0.0,0.0,0.0
2024-03-13 13:30:00-04:00,33.79999923706055,33.809898376464844,33.78499984741211,33.790000915527344,143774,0.0,0.0,0.0
2024-03-13 14:30:00-04:00,33.790000915527344,33.80500030517578,33.70000076293945,33.720001220703125,99705,0.0,0.0,0.0
2024-03-13 15:30:00-04:00,33.720001220703125,33.7599983215332,33.71979904174805,33.75,152872,0.0,0.0,0.0
2024-03-14 09:30:00-04:00,33.709999084472656,33.72999954223633,33.53499984741211,33.540000915527344,357303,0.0,0.0,0.0
2024-03-14 10:30:00-04:00,33.54999923706055,33.56019973754883,33.3849983215332,33.38999938964844,296080,0.0,0.0,0.0
2024-03-14 11:30:00-04:00,33.3849983215332,33.52000045776367,33.3849983215332,33.5099983215332,833859,0.0,0.0,0.0
2024-03-14 12:30:00-04:00,33.51499938964844,33.540000915527344,33.41999816894531,33.41999816894531,539620,0.0,0.0,0.0
2024-03-14 13:30:00-04:00,33.404998779296875,33.4900016784668,33.38999938964844,33.45500183105469,101653,0.0,0.0,0.0
2024-03-14 14:30:00-04:00,33.45500183105469,33.47999954223633,33.3849983215332,33.400001525878906,105684,0.0,0.0,0.0
2024-03-14 15:30:00-04:00,33.39500045776367,33.5099983215332,33.3650016784668,33.5099983215332,239125,0.0,0.0,0.0
2024-03-15 09:30:00-04:00,33.47999954223633,33.52000045776367,33.42499923706055,33.45000076293945,391306,0.0,0.0,0.0
2024-03-15 10:30:00-04:00,33.439998626708984,33.474998474121094,33.41999816894531,33.45000076293945,410084,0.0,0.0,0.0
2024-03-15 11:30:00-04:00,33.459999084472656,33.467498779296875,33.3849983215332,33.400001525878906,387487,0.0,0.0,0.0
2024-03-15 12:30:00-04:00,33.400001525878906,33.40010070800781,33.31999969482422,33.36000061035156,648830,0.0,0.0,0.0
2024-03-15 13:30:00-04:00,33.36750030517578,33.395999908447266,33.349998474121094,33.369998931884766,198884,0.0,0.0,0.0
2024-03-15 14:30:00-04:00,33.380001068115234,33.41999816894531,33.380001068115234,33.404998779296875,265933,0.0,0.0,0.0
2024-03-15 15:30:00-04:00,33.404998779296875,33.42499923706055,33.380001068115234,33.41999816894531,268073,0.0,0.0,0.0
2024-03-18 09:30:00-04:00,33.439998626708984,33.459999084472656,33.349998474121094,33.369998931884766,481382,0.0,0.0,0.0
2024-03-18 10:30:00-04:00,33.369998931884766,33.380001068115234,33.29499816894531,33.34000015258789,406049,0.0,0.0,0.0
2024-03-18 11:30:00-04:00,33.34000015258789,33.380001068115234,33.314998626708984,33.34000015258789,323858,0.0,0.0,0.0
2024-03-18 12:30:00-04:00,33.34000015258789,33.34000015258789,33.30400085449219,33.334999084472656,246937,0.0,0.0,0.0
2024-03-18 13:30:00-04:00,33.334999084472656,33.349998474121094,33.290000915527344,33.349998474121094,208098,0.0,0.0,0.0
2024-03-18 14:30:00-04:00,33.345001220703125,33.36000061035156,33.31999969482422,33.34000015258789,172984,0.0,0.0,0.0
2024-03-18 15:30:00-04:00,33.34000015258789,33.347999572753906,33.30500030517578,33.31999969482422,115785,0.0,0.0,0.0
2024-03-19 09:30:00-04:00,33.27000045776367,33.30500030517578,33.24100112915039,33.290000915527344,265784,0.0,0.0,0.0
2024-03-19 10:30:00-04:00,33.28499984741211,33.345001220703125,33.27000045776367,33.33679962158203,141649,0.0,0.0,0.0
2024-03-19 11:30:00-04:00,33.339900970458984,33.38999938964844,33.334999084472656,33.38999938964844,240759,0.0,0.0,0.0
2024-03-19 12:30:00-04:00,33.400001525878906,33.439998626708984,33.38399887084961,33.404998779296875,578358,0.0,0.0,0.0
2024-03-19 13:30:00-04:00,33.404998779296875,33.415000915527344,33.36009979248047,33.380001068115234,123693,0.0,0.0,0.0
2024-03-19 14:30:00-04:00,33.380001068115234,33.390098571777344,33.35499954223633,33.380001068115234,131082,0.0,0.0,0.0
2024-03-19 15:30:00-04:00,33.369998931884766,33.400001525878906,33.369998931884766,33.380001068115234,207183,0.0,0.0,0.0
2024-03-20 09:30:00-04:00,33.30500030517578,33.38999938964844,33.30500030517578,33.375,279595,0.0,0.0,0.0
2024-03-20 10:30:00-04:00,33.375,33.40999984741211,33.35499954223633,33.404998779296875,218844,0.0,0.0,0.0
2024-03-20 11:30:00-04:00,33.400001525878906,33.415000915527344,33.36389923095703,33.400001525878906,218461,0.0,0.0,0.0
2024-03-20 12:30:00-04:00,33.38999938964844,33.40999984741211,33.3650016784668,33.39500045776367,266962,0.0,0.0,0.0
2024-03-20 13:30:00-04:00,33.39500045776367,33.54999923706055,33.375,33.52000045776367,300640,0.0,0.0,0.0
2024-03-20 14:30:00-04:00,33.52000045776367,33.71500015258789,33.43000030517578,33.709999084472656,601361,0.0,0.0,0.0
2024-03-20 15:30:00-04:00,33.709999084472656,33.72999954223633,33.685001373291016,33.720001220703125,265268,0.0,0.0,0.0
2024-03-21 09:30:00-04:00,33.93000030517578,34.040000915527344,33.904998779296875,33.959999084472656,722345,0.0,0.0,0.0
2024-03-21 10:30:00-04:00,33.959999084472656,34.0099983215332,33.935001373291016,33.95500183105469,416315,0.0,0.0,0.0
2024-03-21 11:30:00-04:00,33.95000076293945,33.98500061035156,33.89400100708008,33.91999816894531,425744,0.0,0.0,0.0
2024-03-21 12:30:00-04:00,33.915000915527344,33.939998626708984,33.8849983215332,33.90999984741211,211053,0.0,0.0,0.0
2024-03-21 13:30:00-04:00,33.915000915527344,33.915000915527344,33.8849983215332,33.904998779296875,115055,0.0,0.0,0.0
2024-03-21 14:30:00-04:00,33.904998779296875,33.9099006652832,33.8849983215332,33.89500045776367,179133,0.0,0.0,0.0
2024-03-21 15:30:00-04:00,33.900001525878906,33.905399322509766,33.8650016784668,33.869998931884766,122314,0.0,0.0,0.0
2024-03-22 09:30:00-04:00,33.959999084472656,33.9911994934082,33.934898376464844,33.95000076293945,601837,0.0,0.0,0.0
2024-03-22 10:30:00-04:00,33.95000076293945,34.0,33.944000244140625,33.994998931884766,831928,0.0,0.0,0.0
2024-03-22 11:30:00-04:00,34.0,34.0,33.935001373291016,33.95000076293945,165370,0.0,0.0,0.0
2024-03-22 12:30:00-04:00,33.94499969482422,33.970001220703125,33.91999816894531,33.94499969482422,309010,0.0,0.0,0.0
2024-03-22 13:30:00-04:00,33.94499969482422,33.95600128173828,33.92399978637695,33.95000076293945,280279,0.0,0.0,0.0
2024-03-22 14:30:00-04:00,33.94419860839844,33.94499969482422,33.880001068115234,33.900001525878906,203927,0.0,0.0,0.0
2024-03-22 15:30:00-04:00,33.89979934692383,33.91999816894531,33.88999938964844,33.900001525878906,192445,0.0,0.0,0.0
2024-03-25 09:30:00-04:00,33.91999816894531,34.060001373291016,33.91999816894531,34.060001373291016,208210,0.0,0.0,0.0
2024-03-25 10:30:00-04:00,34.04999923706055,34.04999923706055,34.02000045776367,34.040000915527344,123767,0.0,0.0,0.0
2024-03-25 11:30:00-04:00,34.040000915527344,34.040000915527344,33.9900016784668,34.0,143868,0.0,0.0,0.0
2024-03-25 12:30:00-04:00,34.005001068115234,34.005001068115234,33.94499969482422,33.96500015258789,106166,0.0,0.0,0.0
2024-03-25 13:30:00-04:00,33.970001220703125,33.970001220703125,33.95249938964844,33.96500015258789,93098,0.0,0.0,0.0
2024-03-25 14:30:00-04:00,33.959999084472656,33.959999084472656,33.91999816894531,33.93000030517578,110673,0.0,0.0,0.0
2024-03-25 15:30:00-04:00,33.93000030517578,33.93989944458008,33.880001068115234,33.89500045776367,231000,0.0,0.0,0.0
2024-03-26 09:30:00-04:00,34.02000045776367,34.029998779296875,33.95500183105469,33.97990036010742,203485,0.0,0.0,0.0
2024-03-26 10:30:00-04:00,33.976600646972656,34.02000045776367,33.933998107910156,33.95000076293945,367092,0.0,0.0,0.0
2024-03-26 11:30:00-04:00,33.95000076293945,34.02000045776367,33.924800872802734,34.0099983215332,142508,0.0,0.0,0.0
2024-03-26 12:30:00-04:00,34.02000045776367,34.029998779296875,33.980499267578125,33.9900016784668,263768,0.0,0.0,0.0
2024-03-26 13:30:00-04:00,33.994998931884766,34.0,33.970001220703125,34.0,137003,0.0,0.0,0.0
2024-03-26 14:30:00-04:00,34.0,34.0,33.96500015258789,33.96500015258789,442863,0.0,0.0,0.0
2024-03-26 15:30:00-04:00,33.96500015258789,33.96500015258789,33.88999938964844,33.89500045776367,159542,0.0,0.0,0.0
2024-03-27 09:30:00-04:00,33.86000061035156,33.96500015258789,33.83039855957031,33.96500015258789,307018,0.0,0.0,0.0
2024-03-27 10:30:00-04:00,33.96500015258789,34.0099983215332,33.944000244140625,33.994998931884766,211418,0.0,0.0,0.0
2024-03-27 11:30:00-04:00,33.9900016784668,34.0099983215332,33.95500183105469,33.974998474121094,90091,0.0,0.0,0.0
2024-03-27 12:30:00-04:00,33.97999954223633,34.0265998840332,33.974998474121094,34.025001525878906,210756,0.0,0.0,0.0
2024-03-27 13:30:00-04:00,34.02000045776367,34.025001525878906,33.97999954223633,34.02000045776367,76385,0.0,0.0,0.0
2024-03-27 14:30:00-04:00,34.02000045776367,34.02560043334961,33.9900016784668,34.01499938964844,233369,0.0,0.0,0.0
2024-03-27 15:30:00-04:00,34.01499938964844,34.084999084472656,34.01499938964844,34.08000183105469,313810,0.0,0.0,0.0
2024-03-28 09:30:00-04:00,34.11000061035156,34.189998626708984,34.11000061035156,34.1349983215332,359523,0.0,0.0,0.0
2024-03-28 10:30:00-04:00,34.13999938964844,34.20000076293945,34.1349983215332,34.17499923706055,502100,0.0,0.0,0.0
2024-03-28 11:30:00-04:00,34.16999816894531,34.16999816894531,34.125,34.150001525878906,905440,0.0,0.0,0.0
2024-03-28 12:30:00-04:00,34.150001525878906,34.25,34.125,34.244998931884766,4507404,0.0,0.0,0.0
2024-03-28 13:30:00-04:00,34.25,34.25,34.21500015258789,34.224998474121094,345176,0.0,0.0,0.0
2024-03-28 14:30:00-04:00,34.224998474121094,34.22999954223633,34.20000076293945,34.224998474121094,111278,0.0,0.0,0.0
2024-03-28 15:30:00-04:00,34.224998474121094,34.224998474121094,34.19499969482422,34.20500183105469,140581,0.0,0.0,0.0
2024-04-01 09:30:00-04:00,34.25,34.314998626708984,34.095001220703125,34.11000061035156,416426,0.0,0.0,0.0
2024-04-01 10:30:00-04:00,34.11000061035156,34.1150016784668,34.03499984741211,34.05500030517578,363198,0.0,0.0,0.0
2024-04-01 11:30:00-04:00,34.04999923706055,34.09000015258789,34.01499938964844,34.09000015258789,586485,0.0,0.0,0.0
2024-04-01 12:30:00-04:00,34.084999084472656,34.13999938964844,34.084999084472656,34.1349983215332,639837,0.0,0.0,0.0
2024-04-01 13:30:00-04:00,34.1349983215332,34.150001525878906,34.1150016784668,34.130001068115234,291893,0.0,0.0,0.0
2024-04-01 14:30:00-04:00,34.1349983215332,34.13999938964844,34.09000015258789,34.095001220703125,418061,0.0,0.0,0.0
2024-04-01 15:30:00-04:00,34.095001220703125,34.119998931884766,34.09000015258789,34.10499954223633,353950,0.0,0.0,0.0
2024-04-02 09:30:00-04:00,33.88999938964844,33.959999084472656,33.84000015258789,33.94499969482422,587445,0.0,0.0,0.0
2024-04-02 10:30:00-04:00,33.939998626708984,33.959999084472656,33.880001068115234,33.92499923706055,391972,0.0,0.0,0.0
2024-04-02 11:30:00-04:00,33.92499923706055,33.9900016784668,33.869998931884766,33.9900016784668,964567,0.0,0.0,0.0
2024-04-02 12:30:00-04:00,33.9900016784668,34.029998779296875,33.94499969482422,33.94499969482422,1794691,0.0,0.0,0.0
2024-04-02 13:30:00-04:00,33.94499969482422,33.97999954223633,33.90999984741211,33.97999954223633,515298,0.0,0.0,0.0
2024-04-02 14:30:00-04:00,33.97999954223633,34.005001068115234,33.96189880371094,33.994998931884766,1703269,0.0,0.0,0.0
2024-04-02 15:30:00-04:00,33.994998931884766,34.02000045776367,33.98500061035156,34.0099983215332,129226,0.0,0.0,0.0
2024-04-03 09:30:00-04:00,33.86000061035156,34.04130172729492,33.845001220703125,34.0,220842,0.0,0.0,0.0
2024-04-03 10:30:00-04:00,34.0,34.10499954223633,33.98899841308594,34.09000015258789,188869,0.0,0.0,0.0
2024-04-03 11:30:00-04:00,34.095001220703125,34.13999938964844,34.06019973754883,34.1349983215332,191880,0.0,0.0,0.0
2024-04-03 12:30:00-04:00,34.13999938964844,34.20000076293945,34.095001220703125,34.19499969482422,814971,0.0,0.0,0.0
2024-04-03 13:30:00-04:00,34.20000076293945,34.2150993347168,34.189998626708984,34.19160079956055,306756,0.0,0.0,0.0
2024-04-03 14:30:00-04:00,34.189998626708984,34.20000076293945,34.119998931884766,34.130001068115234,184495,0.0,0.0,0.0
2024-04-03 15:30:00-04:00,34.125,34.18000030517578,34.125,34.16999816894531,593023,0.0,0.0,0.0
2024-04-04 09:30:00-04:00,34.5099983215332,34.525699615478516,34.435001373291016,34.470001220703125,342752,0.0,0.0,0.0
2024-04-04 10:30:00-04:00,34.46500015258789,34.47999954223633,34.423099517822266,34.43000030517578,354006,0.0,0.0,0.0
2024-04-04 11:30:00-04:00,34.43000030517578,34.46500015258789,34.42499923706055,34.45000076293945,215800,0.0,0.0,0.0
2024-04-04 12:30:00-04:00,34.44499969482422,34.44499969482422,34.400001525878906,34.40999984741211,188887,0.0,0.0,0.0
2024-04-04 13:30:00-04:00,34.404998779296875,34.40999984741211,34.22999954223633,34.22999954223633,322108,0.0,0.0,0.0
2024-04-04 14:30:00-04:00,34.224998474121094,34.224998474121094,34.005001068115234,34.005001068115234,451973,0.0,0.0,0.0
2024-04-04 15:30:00-04:00,34.0099983215332,34.040000915527344,33.959999084472656,34.0099983215332,1722087,0.0,0.0,0.0
2024-04-05 09:30:00-04:00,33.939998626708984,34.0,33.869998931884766,33.970001220703125,0,0.0,0.0,0.0
2024-04-05 10:30:00-04:00,33.970001220703125,34.04999923706055,33.959999084472656,34.029998779296875,134015,0.0,0.0,0.0
2024-04-05 11:30:00-04:00,34.03499984741211,34.149200439453125,34.029998779296875,34.1349983215332,397634,0.0,0.0,0.0
2024-04-05 12:30:00-04:00,34.1349983215332,34.18000030517578,34.12200164794922,34.13999938964844,167295,0.0,0.0,0.0
2024-04-05 13:30:00-04:00,34.13999938964844,34.150001525878906,34.064998626708984,34.099998474121094,153872,0.0,0.0,0.0
2024-04-05 14:30:00-04:00,34.099998474121094,34.125,34.06999969482422,34.1150016784668,198961,0.0,0.0,0.0
2024-04-05 15:30:00-04:00,34.1150016784668,34.17499923706055,34.099998474121094,34.150001525878906,1437345,0.0,0.0,0.0
2024-04-08 09:30:00-04:00,34.290000915527344,34.33000183105469,34.154998779296875,34.220001220703125,138295,0.0,0.0,0.0
2024-04-08 10:30:00-04:00,34.220001220703125,34.30500030517578,34.21500015258789,34.29499816894531,81611,0.0,0.0,0.0
2024-04-08 11:30:00-04:00,34.29499816894531,34.30500030517578,34.209999084472656,34.2400016784668,1700463,0.0,0.0,0.0
2024-04-08 12:30:00-04:00,34.23500061035156,34.29499816894531,34.232200622558594,34.29499816894531,173905,0.0,0.0,0.0
2024-04-08 13:30:00-04:00,34.29499816894531,34.314998626708984,34.290000915527344,34.314998626708984,74507,0.0,0.0,0.0
2024-04-08 14:30:00-04:00,34.310001373291016,34.310001373291016,34.279998779296875,34.29999923706055,82510,0.0,0.0,0.0
2024-04-08 15:30:00-04:00,34.29999923706055,34.310001373291016,34.2599983215332,34.279998779296875,252580,0.0,0.0,0.0
2024-04-09 09:30:00-04:00,34.43000030517578,34.5,34.334999084472656,34.369998931884766,500275,0.0,0.0,0.0
2024-04-09 10:30:00-04:00,34.34000015258789,34.3650016784668,34.20000076293945,34.23500061035156,854877,0.0,0.0,0.0
2024-04-09 11:30:00-04:00,34.2400016784668,34.29999923706055,34.2400016784668,34.27000045776367,929886,0.0,0.0,0.0
2024-04-09 12:30:00-04:00,34.279998779296875,34.290000915527344,34.2400016784668,34.255001068115234,101630,0.0,0.0,0.0
2024-04-09 13:30:00-04:00,34.2599983215332,34.285099029541016,34.224998474121094,34.25,641329,0.0,0.0,0.0
2024-04-09 14:30:00-04:00,34.2400016784668,34.29999923706055,34.209999084472656,34.29999923706055,528962,0.0,0.0,0.0
2024-04-09 15:30:00-04:00,34.30500030517578,34.349998474121094,34.275001525878906,34.34000015258789,456375,0.0,0.0,0.0
2024-04-10 09:30:00-04:00,34.040000915527344,34.1349983215332,33.904998779296875,34.10499954223633,302707,0.0,0.0,0.0
2024-04-10 10:30:00-04:00,34.099998474121094,34.16999816894531,34.01499938964844,34.029998779296875,155104,0.0,0.0,0.0
2024-04-10 11:30:00-04:00,34.04499816894531,34.04499816894531,33.96009826660156,33.970001220703125,70829,0.0,0.0,0.0
2024-04-10 12:30:00-04:00,33.95500183105469,34.06999969482422,33.910099029541016,34.0099983215332,220123,0.0,0.0,0.0
2024-04-10 13:30:00-04:00,34.0,34.07500076293945,33.95000076293945,33.994998931884766,192237,0.0,0.0,0.0
2024-04-10 14:30:00-04:00,34.0,34.07500076293945,33.959999084472656,34.060001373291016,351490,0.0,0.0,0.0
2024-04-10 15:30:00-04:00,34.060001373291016,34.119998931884766,34.029998779296875,34.08000183105469,182335,0.0,0.0,0.0
2024-04-11 09:30:00-04:00,34.16999816894531,34.16999816894531,33.72999954223633,33.7400016784668,391815,0.0,0.0,0.0
2024-04-11 10:30:00-04:00,33.7400016784668,33.8650016784668,33.724998474121094,33.82500076293945,358091,0.0,0.0,0.0
2024-04-11 11:30:00-04:00,33.82500076293945,33.93000030517578,33.82500076293945,33.900001525878906,190313,0.0,0.0,0.0
2024-04-11 12:30:00-04:00,33.88999938964844,34.02000045776367,33.880001068115234,34.0099983215332,172331,0.0,0.0,0.0
2024-04-11 13:30:00-04:00,34.01499938964844,34.11000061035156,34.0,34.099998474121094,868938,0.0,0.0,0.0
2024-04-11 14:30:00-04:00,34.099998474121094,34.13999938964844,34.095001220703125,34.1349983215332,653492,0.0,0.0,0.0
2024-04-11 15:30:00-04:00,34.130001068115234,34.150001525878906,34.09000015258789,34.095001220703125,374540,0.0,0.0,0.0
2024-04-12 09:30:00-04:00,34.06999969482422,34.22999954223633,34.02000045776367,34.060001373291016,233648,0.0,0.0,0.0
2024-04-12 10:30:00-04:00,34.04999923706055,34.08000183105469,33.95000076293945,34.0,148541,0.0,0.0,0.0
2024-04-12 11:30:00-04:00,34.0099983215332,34.040000915527344,33.91999816894531,33.91999816894531,101429,0.0,0.0,0.0
2024-04-12 12:30:00-04:00,33.91999816894531,33.92070007324219,33.79499816894531,33.79999923706055,88747,0.0,0.0,0.0
2024-04-12 13:30:00-04:00,33.79499816894531,33.877601623535156,33.775001525878906,33.79999923706055,87177,0.0,0.0,0.0
2024-04-12 14:30:00-04:00,33.790000915527344,33.790000915527344,33.689998626708984,33.689998626708984,172748,0.0,0.0,0.0
2024-04-12 15:30:00-04:00,33.689998626708984,33.744998931884766,33.684898376464844,33.724998474121094,269018,0.0,0.0,0.0
2024-04-15 09:30:00-04:00,34.06999969482422,34.11000061035156,33.91999816894531,33.92499923706055,300452,0.0,0.0,0.0
2024-04-15 10:30:00-04:00,33.919898986816406,33.959999084472656,33.80500030517578,33.849998474121094,155795,0.0,0.0,0.0
2024-04-15 11:30:00-04:00,33.86000061035156,33.91999816894531,33.80500030517578,33.814998626708984,307380,0.0,0.0,0.0
2024-04-15 12:30:00-04:00,33.810001373291016,33.817501068115234,33.67499923706055,33.68000030517578,149583,0.0,0.0,0.0
2024-04-15 13:30:00-04:00,33.67499923706055,33.68000030517578,33.599998474121094,33.60499954223633,282031,0.0,0.0,0.0
2024-04-15 14:30:00-04:00,33.599998474121094,33.654998779296875,33.53499984741211,33.56999969482422,340671,0.0,0.0,0.0
2024-04-15 15:30:00-04:00,33.56999969482422,33.63999938964844,33.56999969482422,33.630001068115234,200997,0.0,0.0,0.0
2024-04-16 09:30:00-04:00,33.34000015258789,33.349998474121094,33.150001525878906,33.15999984741211,245295,0.0,0.0,0.0
2024-04-16 10:30:00-04:00,33.16999816894531,33.244998931884766,33.165000915527344,33.18000030517578,118605,0.0,0.0,0.0
2024-04-16 11:30:00-04:00,33.16999816894531,33.27000045776367,33.16999816894531,33.224998474121094,154513,0.0,0.0,0.0
2024-04-16 12:30:00-04:00,33.224998474121094,33.275001525878906,33.220001220703125,33.22999954223633,197317,0.0,0.0,0.0
2024-04-16 13:30:00-04:00,33.2400016784668,33.369998931884766,33.119998931884766,33.209999084472656,153074,0.0,0.0,0.0
2024-04-16 14:30:00-04:00,33.220001220703125,33.33000183105469,33.20500183105469,33.314998626708984,118191,0.0,0.0,0.0
2024-04-16 15:30:00-04:00,33.310001373291016,33.310001373291016,33.20500183105469,33.220001220703125,356320,0.0,0.0,0.0
2024-04-17 09:30:00-04:00,33.54999923706055,33.61000061035156,33.39500045776367,33.470001220703125,259108,0.0,0.0,0.0
2024-04-17 10:30:00-04:00,33.47850036621094,33.47999954223633,33.38999938964844,33.43000030517578,229277,0.0,0.0,0.0
2024-04-17 11:30:00-04:00,33.43000030517578,33.43000030517578,33.30500030517578,33.349998474121094,1596031,0.0,0.0,0.0
2024-04-17 12:30:00-04:00,33.345001220703125,33.380001068115234,33.275001525878906,33.369998931884766,1333029,0.0,0.0,0.0
2024-04-17 13:30:00-04:00,33.380001068115234,33.48500061035156,33.369998931884766,33.45000076293945,402320,0.0,0.0,0.0
2024-04-17 14:30:00-04:00,33.439998626708984,33.54999923706055,33.38399887084961,33.40999984741211,287591,0.0,0.0,0.0
2024-04-17 15:30:00-04:00,33.40999984741211,33.45500183105469,33.39500045776367,33.41999816894531,325959,0.0,0.0,0.0
2024-04-18 09:30:00-04:00,33.380001068115234,33.46500015258789,33.310001373291016,33.439998626708984,225251,0.0,0.0,0.0
2024-04-18 10:30:00-04:00,33.45000076293945,33.527198791503906,33.43000030517578,33.5099983215332,78645,0.0,0.0,0.0
2024-04-18 11:30:00-04:00,33.5099983215332,33.527801513671875,33.43000030517578,33.474998474121094,87106,0.0,0.0,0.0
2024-04-18 12:30:00-04:00,33.494998931884766,33.5,33.310001373291016,33.369998931884766,93580,0.0,0.0,0.0
2024-04-18 13:30:00-04:00,33.369998931884766,33.369998931884766,33.29499816894531,33.31999969482422,121392,0.0,0.0,0.0
2024-04-18 14:30:00-04:00,33.32099914550781,33.375,33.285099029541016,33.36000061035156,102685,0.0,0.0,0.0
2024-04-18 15:30:00-04:00,33.35499954223633,33.38999938964844,33.32500076293945,33.349998474121094,264327,0.0,0.0,0.0
2024-04-19 09:30:00-04:00,33.29999923706055,33.4900016784668,33.29999923706055,33.4900016784668,201211,0.0,0.0,0.0
2024-04-19 10:30:00-04:00,33.5099983215332,33.529998779296875,33.43000030517578,33.45500183105469,100250,0.0,0.0,0.0
2024-04-19 11:30:00-04:00,33.45000076293945,33.505001068115234,33.369998931884766,33.369998931884766,85453,0.0,0.0,0.0
2024-04-19 12:30:00-04:00,33.369998931884766,33.5,33.369998931884766,33.45500183105469,28191,0.0,0.0,0.0
2024-04-19 13:30:00-04:00,33.46689987182617,33.52000045776367,33.43000030517578,33.439998626708984,57736,0.0,0.0,0.0
2024-04-19 14:30:00-04:00,33.43000030517578,33.470001220703125,33.3849983215332,33.470001220703125,57128,0.0,0.0,0.0
2024-04-19 15:30:00-04:00,33.470001220703125,33.5,33.435001373291016,33.5,252383,0.0,0.0,0.0
2024-04-22 09:30:00-04:00,33.720001220703125,33.77000045776367,33.65010070800781,33.77000045776367,87466,0.0,0.0,0.0
2024-04-22 10:30:00-04:00,33.779998779296875,33.834999084472656,33.75,33.810001373291016,90922,0.0,0.0,0.0
2024-04-22 11:30:00-04:00,33.810001373291016,33.869998931884766,33.77000045776367,33.849998474121094,77531,0.0,0.0,0.0
2024-04-22 12:30:00-04:00,33.84000015258789,33.939998626708984,33.84000015258789,33.939998626708984,28633,0.0,0.0,0.0
2024-04-22 13:30:00-04:00,33.939998626708984,34.025001525878906,33.93170166015625,34.02000045776367,61120,0.0,0.0,0.0
2024-04-22 14:30:00-04:00,34.029998779296875,34.037498474121094,33.93000030517578,33.94499969482422,55188,0.0,0.0,0.0
2024-04-22 15:30:00-04:00,33.939998626708984,33.939998626708984,33.8849983215332,33.91999816894531,309868,0.0,0.0,0.0
2024-04-23 09:30:00-04:00,33.97999954223633,34.150001525878906,33.939998626708984,34.119998931884766,443600,0.0,0.0,0.0
2024-04-23 10:30:00-04:00,34.11000061035156,34.16999816894531,34.084999084472656,34.15999984741211,180244,0.0,0.0,0.0
2024-04-23 11:30:00-04:00,34.150001525878906,34.22999954223633,34.130001068115234,34.224998474121094,125237,0.0,0.0,0.0
2024-04-23 12:30:00-04:00,34.22999954223633,34.32500076293945,34.229000091552734,34.32500076293945,399514,0.0,0.0,0.0
2024-04-23 13:30:00-04:00,34.32500076293945,34.345001220703125,34.310001373291016,34.345001220703125,265076,0.0,0.0,0.0
2024-04-23 14:30:00-04:00,34.34000015258789,34.35499954223633,34.314998626708984,34.334999084472656,289044,0.0,0.0,0.0
2024-04-23 15:30:00-04:00,34.33000183105469,34.34000015258789,34.275001525878906,34.290000915527344,182293,0.0,0.0,0.0
2024-04-24 09:30:00-04:00,34.36000061035156,34.36000061035156,34.18989944458008,34.19499969482422,281597,0.0,0.0,0.0
2024-04-24 10:30:00-04:00,34.19499969482422,34.20000076293945,34.10499954223633,34.125,322631,0.0,0.0,0.0
2024-04-24 11:30:00-04:00,34.130001068115234,34.13999938964844,34.084999084472656,34.12699890136719,204410,0.0,0.0,0.0
2024-04-24 12:30:00-04:00,34.10499954223633,34.185001373291016,34.09000015258789,34.1797981262207,224913,0.0,0.0,0.0
2024-04-24 13:30:00-04:00,34.18000030517578,34.23500061035156,34.165000915527344,34.18479919433594,267931,0.0,0.0,0.0
2024-04-24 14:30:00-04:00,34.185001373291016,34.244998931884766,34.15999984741211,34.2400016784668,290804,0.0,0.0,0.0
2024-04-24 15:30:00-04:00,34.2400016784668,34.25,34.220001220703125,34.220001220703125,208170,0.0,0.0,0.0
2024-04-25 09:30:00-04:00,34.279998779296875,34.439998626708984,34.244998931884766,34.43000030517578,488100,0.0,0.0,0.0
2024-04-25 10:30:00-04:00,34.41999816894531,34.4900016784668,34.369998931884766,34.47999954223633,345569,0.0,0.0,0.0
2024-04-25 11:30:00-04:00,34.47999954223633,34.5099983215332,34.46500015258789,34.4900016784668,292837,0.0,0.0,0.0
2024-04-25 12:30:00-04:00,34.48500061035156,34.54499816894531,34.47999954223633,34.5099983215332,408412,0.0,0.0,0.0
2024-04-25 13:30:00-04:00,34.5,34.59000015258789,34.5,34.51499938964844,376691,0.0,0.0,0.0
2024-04-25 14:30:00-04:00,34.51499938964844,34.619998931884766,34.51499938964844,34.6150016784668,508038,0.0,0.0,0.0
2024-04-25 15:30:00-04:00,34.6150016784668,34.619998931884766,34.560001373291016,34.58000183105469,460583,0.0,0.0,0.0
2024-04-26 09:30:00-04:00,34.689998626708984,34.775001525878906,34.68000030517578,34.73500061035156,190136,0.0,0.0,0.0
2024-04-26 10:30:00-04:00,34.73500061035156,34.7400016784668,34.619998931884766,34.65999984741211,233365,0.0,0.0,0.0
2024-04-26 11:30:00-04:00,34.665000915527344,34.790000915527344,34.63990020751953,34.78499984741211,159492,0.0,0.0,0.0
2024-04-26 12:30:00-04:00,34.78889846801758,34.810001373291016,34.779998779296875,34.78799819946289,127245,0.0,0.0,0.0
2024-04-26 13:30:00-04:00,34.78499984741211,34.84669876098633,34.78499984741211,34.82500076293945,176509,0.0,0.0,0.0
2024-04-26 14:30:00-04:00,34.82500076293945,34.86000061035156,34.814998626708984,34.82500076293945,244594,0.0,0.0,0.0
2024-04-26 15:30:00-04:00,34.83000183105469,34.83000183105469,34.78499984741211,34.81999969482422,380424,0.0,0.0,0.0
2024-04-29 09:30:00-04:00,34.90999984741211,34.970001220703125,34.8650016784668,34.94499969482422,96648,0.0,0.0,0.0
2024-04-29 10:30:00-04:00,34.94499969482422,34.9900016784668,34.920101165771484,34.959999084472656,93852,0.0,0.0,0.0
2024-04-29 11:30:00-04:00,34.95500183105469,35.025001525878906,34.92499923706055,35.01499938964844,55634,0.0,0.0,0.0
2024-04-29 12:30:00-04:00,35.02000045776367,35.02510070800781,35.0,35.01940155029297,38470,0.0,0.0,0.0
2024-04-29 13:30:00-04:00,35.01499938964844,35.02000045776367,34.96480178833008,34.970001220703125,38747,0.0,0.0,0.0
2024-04-29 14:30:00-04:00,34.959999084472656,34.97999954223633,34.875,34.91999816894531,320669,0.0,0.0,0.0
2024-04-29 15:30:00-04:00,34.92499923706055,34.9900016784668,34.90999984741211,34.974998474121094,160391,0.0,0.0,0.0
2024-04-30 09:30:00-04:00,34.93000030517578,35.03499984741211,34.90999984741211,34.9900016784668,170026,0.0,0.0,0.0
2024-04-30 10:30:00-04:00,34.98500061035156,34.9900016784668,34.79499816894531,34.84000015258789,176860,0.0,0.0,0.0
2024-04-30 11:30:00-04:00,34.84000015258789,34.84000015258789,34.79499816894531,34.79999923706055,102404,0.0,0.0,0.0
2024-04-30 12:30:00-04:00,34.79499816894531,34.80500030517578,34.73500061035156,34.78499984741211,93310,0.0,0.0,0.0
2024-04-30 13:30:00-04:00,34.790000915527344,34.85969924926758,34.779998779296875,34.810001373291016,75109,0.0,0.0,0.0
2024-04-30 14:30:00-04:00,34.81999969482422,34.84000015258789,34.76499938964844,34.78499984741211,79797,0.0,0.0,0.0
2024-04-30 15:30:00-04:00,34.78499984741211,34.790000915527344,34.70500183105469,34.70500183105469,205521,0.0,0.0,0.0
2024-05-01 09:30:00-04:00,34.68000030517578,34.755001068115234,34.63999938964844,34.6796989440918,291871,0.0,0.0,0.0
2024-05-01 10:30:00-04:00,34.67499923706055,34.67499923706055,34.602500915527344,34.650001525878906,165691,0.0,0.0,0.0
2024-05-01 11:30:00-04:00,34.650001525878906,34.654998779296875,34.595001220703125,34.630001068115234,88151,0.0,0.0,0.0
2024-05-01 12:30:00-04:00,34.630001068115234,34.630001068115234,34.55500030517578,34.57500076293945,71271,0.0,0.0,0.0
2024-05-01 13:30:00-04:00,34.58000183105469,34.68000030517578,34.560001373291016,34.68000030517578,189205,0.0,0.0,0.0
2024-05-01 14:30:00-04:00,34.68000030517578,34.90999984741211,34.560001373291016,34.779998779296875,457093,0.0,0.0,0.0
2024-05-01 15:30:00-04:00,34.779998779296875,34.78499984741211,34.56999969482422,34.58000183105469,279785,0.0,0.0,0.0
2024-05-02 09:30:00-04:00,34.91999816894531,34.92499923706055,34.7599983215332,34.869998931884766,192488,0.0,0.0,0.0
2024-05-02 10:30:00-04:00,34.880001068115234,34.90999984741211,34.810001373291016,34.900001525878906,93281,0.0,0.0,0.0
2024-05-02 11:30:00-04:00,34.890098571777344,34.939998626708984,34.85499954223633,34.93000030517578,132141,0.0,0.0,0.0
2024-05-02 12:30:00-04:00,34.91999816894531,35.02989959716797,34.899898529052734,35.02989959716797,118662,0.0,0.0,0.0
2024-05-02 13:30:00-04:00,35.029998779296875,35.07749938964844,35.005001068115234,35.064998626708984,205065,0.0,0.0,0.0
2024-05-02 14:30:00-04:00,35.060001373291016,35.119998931884766,35.060001373291016,35.099998474121094,161081,0.0,0.0,0.0
2024-05-02 15:30:00-04:00,35.09000015258789,35.099998474121094,35.01499938964844,35.060001373291016,413157,0.0,0.0,0.0
2024-05-03 09:30:00-04:00,35.34000015258789,35.439998626708984,35.125,35.18000030517578,536392,0.0,0.0,0.0
2024-05-03 10:30:00-04:00,35.18000030517578,35.220001220703125,35.13999938964844,35.21500015258789,227237,0.0,0.0,0.0
2024-05-03 11:30:00-04:00,35.220001220703125,35.310001373291016,35.220001220703125,35.29499816894531,72558,0.0,0.0,0.0
2024-05-03 12:30:00-04:00,35.29999923706055,35.32500076293945,35.279998779296875,35.29499816894531,643562,0.0,0.0,0.0
2024-05-03 13:30:00-04:00,35.29499816894531,35.34000015258789,35.279998779296875,35.33530044555664,139393,0.0,0.0,0.0
2024-05-03 14:30:00-04:00,35.33000183105469,35.34000015258789,35.30500030517578,35.322601318359375,146093,0.0,0.0,0.0
2024-05-03 15:30:00-04:00,35.33000183105469,35.349998474121094,35.310001373291016,35.334999084472656,184426,0.0,0.0,0.0
2024-05-06 09:30:00-04:00,35.47999954223633,35.505001068115234,35.41999816894531,35.4900016784668,267611,0.0,0.0,0.0
2024-05-06 10:30:00-04:00,35.47999954223633,35.5,35.43000030517578,35.435001373291016,210723,0.0,0.0,0.0
2024-05-06 11:30:00-04:00,35.435001373291016,35.474998474121094,35.435001373291016,35.46500015258789,102865,0.0,0.0,0.0
2024-05-06 12:30:00-04:00,35.470001220703125,35.52000045776367,35.459999084472656,35.48500061035156,150084,0.0,0.0,0.0
2024-05-06 13:30:00-04:00,35.48500061035156,35.564998626708984,35.482200622558594,35.560001373291016,291171,0.0,0.0,0.0
2024-05-06 14:30:00-04:00,35.560001373291016,35.56999969482422,35.525001525878906,35.540000915527344,342600,0.0,0.0,0.0
2024-05-06 15:30:00-04:00,35.540000915527344,35.58000183105469,35.540000915527344,35.57500076293945,256704,0.0,0.0,0.0
2024-05-07 09:30:00-04:00,35.7400016784668,35.78499984741211,35.68000030517578,35.69499969482422,864296,0.0,0.0,0.0
2024-05-07 10:30:00-04:00,35.689998626708984,35.73099899291992,35.67499923706055,35.68000030517578,526931,0.0,0.0,0.0
2024-05-07 11:30:00-04:00,35.68000030517578,35.70899963378906,35.65999984741211,35.70000076293945,86594,0.0,0.0,0.0
2024-05-07 12:30:00-04:00,35.70500183105469,35.70500183105469,35.66999816894531,35.69499969482422,45367,0.0,0.0,0.0
2024-05-07 13:30:00-04:00,35.70000076293945,35.70100021362305,35.6150016784668,35.625,42622,0.0,0.0,0.0
2024-05-07 14:30:00-04:00,35.619998931884766,35.66999816894531,35.60499954223633,35.665000915527344,70639,0.0,0.0,0.0
2024-05-07 15:30:00-04:00,35.66999816894531,35.695098876953125,35.654998779296875,35.67499923706055,126279,0.0,0.0,0.0
2024-05-08 09:30:00-04:00,35.56999969482422,35.724998474121094,35.540000915527344,35.720001220703125,122525,0.0,0.0,0.0
2024-05-08 10:30:00-04:00,35.709999084472656,35.709999084472656,35.665000915527344,35.689998626708984,68508,0.0,0.0,0.0
2024-05-08 11:30:00-04:00,35.689998626708984,35.73809814453125,35.685001373291016,35.709999084472656,50134,0.0,0.0,0.0
2024-05-08 12:30:00-04:00,35.70500183105469,35.720001220703125,35.68000030517578,35.709999084472656,59321,0.0,0.0,0.0
2024-05-08 13:30:00-04:00,35.709999084472656,35.73500061035156,35.70000076293945,35.724998474121094,26817,0.0,0.0,0.0
2024-05-08 14:30:00-04:00,35.72999954223633,35.744998931884766,35.70500183105469,35.72999954223633,64398,0.0,0.0,0.0
2024-05-08 15:30:00-04:00,35.73500061035156,35.7599983215332,35.72999954223633,35.755001068115234,113733,0.0,0.0,0.0
2024-05-09 09:30:00-04:00,35.7599983215332,35.93190002441406,35.7599983215332,35.93000030517578,55812,0.0,0.0,0.0
2024-05-09 10:30:00-04:00,35.939998626708984,35.96500015258789,35.89500045776367,35.900001525878906,51392,0.0,0.0,0.0
2024-05-09 11:30:00-04:00,35.900001525878906,35.937801361083984,35.86240005493164,35.93000030517578,46618,0.0,0.0,0.0
2024-05-09 12:30:00-04:00,35.935001373291016,35.994998931884766,35.915000915527344,35.994998931884766,58071,0.0,0.0,0.0
2024-05-09 13:30:00-04:00,35.9900016784668,36.00899887084961,35.970001220703125,36.00899887084961,59520,0.0,0.0,0.0
2024-05-09 14:30:00-04:00,36.0099983215332,36.04499816894531,36.0098991394043,36.029998779296875,124858,0.0,0.0,0.0
2024-05-09 15:30:00-04:00,36.040000915527344,36.06999969482422,36.033599853515625,36.060001373291016,168755,0.0,0.0,0.0
2024-05-10 09:30:00-04:00,36.2400016784668,36.244998931884766,36.13999938964844,36.13999938964844,97854,0.0,0.0,0.0
2024-05-10 10:30:00-04:00,36.150001525878906,36.20000076293945,36.14500045776367,36.185001373291016,60246,0.0,0.0,0.0
2024-05-10 11:30:00-04:00,36.185001373291016,36.19499969482422,36.150001525878906,36.17499923706055,58687,0.0,0.0,0.0
2024-05-10 12:30:00-04:00,36.18000030517578,36.19499969482422,36.14500045776367,36.154998779296875,35135,0.0,0.0,0.0
2024-05-10 13:30:00-04:00,36.15999984741211,36.16999816894531,36.13999938964844,36.140098571777344,60990,0.0,0.0,0.0
2024-05-10 14:30:00-04:00,36.14789962768555,36.1786994934082,36.130001068115234,36.17499923706055,80966,0.0,0.0,0.0
2024-05-10 15:30:00-04:00,36.17499923706055,36.18000030517578,36.14500045776367,36.15999984741211,82748,0.0,0.0,0.0
2024-05-13 09:30:00-04:00,36.189998626708984,36.27000045776367,36.16999816894531,36.21699905395508,127256,0.0,0.0,0.0
2024-05-13 10:30:00-04:00,36.21500015258789,36.2599983215332,36.16999816894531,36.18000030517578,139100,0.0,0.0,0.0
2024-05-13 11:30:00-04:00,36.16999816894531,36.19499969482422,36.15999984741211,36.182498931884766,84505,0.0,0.0,0.0
2024-05-13 12:30:00-04:00,36.189998626708984,36.189998626708984,36.1150016784668,36.14500045776367,403160,0.0,0.0,0.0
2024-05-13 13:30:00-04:00,36.14500045776367,36.150001525878906,36.119998931884766,36.119998931884766,48277,0.0,0.0,0.0
2024-05-13 14:30:00-04:00,36.125,36.150001525878906,36.119998931884766,36.130001068115234,86471,0.0,0.0,0.0
2024-05-13 15:30:00-04:00,36.1349983215332,36.16999816894531,36.119998931884766,36.165000915527344,169472,0.0,0.0,0.0
2024-05-14 09:30:00-04:00,36.34000015258789,36.349998474121094,36.2599983215332,36.28499984741211,73296,0.0,0.0,0.0
2024-05-14 10:30:00-04:00,36.290000915527344,36.35499954223633,36.269901275634766,36.310001373291016,110105,0.0,0.0,0.0
2024-05-14 11:30:00-04:00,36.310001373291016,36.34000015258789,36.29999923706055,36.310001373291016,193731,0.0,0.0,0.0
2024-05-14 12:30:00-04:00,36.30780029296875,36.32500076293945,36.29990005493164,36.30500030517578,59730,0.0,0.0,0.0
2024-05-14 13:30:00-04:00,36.30500030517578,36.369998931884766,36.29999923706055,36.36000061035156,38798,0.0,0.0,0.0
2024-05-14 14:30:00-04:00,36.36000061035156,36.404998779296875,36.349998474121094,36.3849983215332,115341,0.0,0.0,0.0
2024-05-14 15:30:00-04:00,36.3849983215332,36.43000030517578,36.380001068115234,36.415000915527344,130219,0.0,0.0,0.0
2024-05-15 09:30:00-04:00,36.54999923706055,36.60499954223633,36.45500183105469,36.4900016784668,168967,0.0,0.0,0.0
2024-05-15 10:30:00-04:00,36.47999954223633,36.630001068115234,36.47990036010742,36.625,92540,0.0,0.0,0.0
2024-05-15 11:30:00-04:00,36.625,36.63999938964844,36.584999084472656,36.63999938964844,57981,0.0,0.0,0.0
2024-05-15 12:30:00-04:00,36.64509963989258,36.67530059814453,36.64500045776367,36.65999984741211,204084,0.0,0.0,0.0
2024-05-15 13:30:00-04:00,36.665000915527344,36.68000030517578,36.63999938964844,36.650001525878906,86365,0.0,0.0,0.0
2024-05-15 14:30:00-04:00,36.64929962158203,36.650001525878906,36.625,36.650001525878906,30226,0.0,0.0,0.0
2024-05-15 15:30:00-04:00,36.650001525878906,36.685001373291016,36.63999938964844,36.66999816894531,151993,0.0,0.0,0.0
2024-05-16 09:30:00-04:00,36.72999954223633,36.75,36.625,36.70500183105469,133559,0.0,0.0,0.0
2024-05-16 10:30:00-04:00,36.70500183105469,36.710201263427734,36.595001220703125,36.63999938964844,154530,0.0,0.0,0.0
2024-05-16 11:30:00-04:00,36.63999938964844,36.724998474121094,36.63999938964844,36.69499969482422,114472,0.0,0.0,0.0
2024-05-16 12:30:00-04:00,36.69499969482422,36.70859909057617,36.63999938964844,36.65999984741211,148578,0.0,0.0,0.0
2024-05-16 13:30:00-04:00,36.65999984741211,36.66999816894531,36.61000061035156,36.64500045776367,91687,0.0,0.0,0.0
2024-05-16 14:30:00-04:00,36.650001525878906,36.68000030517578,36.650001525878906,36.66999816894531,85699,0.0,0.0,0.0
2024-05-16 15:30:00-04:00,36.66999816894531,36.68989944458008,36.630001068115234,36.650001525878906,123827,0.0,0.0,0.0
2024-05-17 09:30:00-04:00,36.56999969482422,36.68000030517578,36.54499816894531,36.68000030517578,68732,0.0,0.0,0.0
2024-05-17 10:30:00-04:00,36.685001373291016,36.724998474121094,36.6598014831543,36.689998626708984,78252,0.0,0.0,0.0
2024-05-17 11:30:00-04:00,36.689998626708984,36.72999954223633,36.665000915527344,36.70500183105469,168562,0.0,0.0,0.0
2024-05-17 12:30:00-04:00,36.70000076293945,36.755001068115234,36.70000076293945,36.749000549316406,42440,0.0,0.0,0.0
2024-05-17 13:30:00-04:00,36.75,36.755001068115234,36.689998626708984,36.71500015258789,55890,0.0,0.0,0.0
2024-05-17 14:30:00-04:00,36.720001220703125,36.755001068115234,36.720001220703125,36.744998931884766,85466,0.0,0.0,0.0
2024-05-17 15:30:00-04:00,36.75,36.755001068115234,36.72999954223633,36.744998931884766,115484,0.0,0.0,0.0
2024-05-20 09:30:00-04:00,36.720001220703125,36.76499938964844,36.65999984741211,36.7400016784668,50030,0.0,0.0,0.0
2024-05-20 10:30:00-04:00,36.74020004272461,36.755001068115234,36.71500015258789,36.71500015258789,31181,0.0,0.0,0.0
2024-05-20 11:30:00-04:00,36.720001220703125,36.720001220703125,36.685001373291016,36.70000076293945,32884,0.0,0.0,0.0
2024-05-20 12:30:00-04:00,36.709999084472656,36.7400016784668,36.69499969482422,36.69499969482422,55006,0.0,0.0,0.0
2024-05-20 13:30:00-04:00,36.69129943847656,36.70000076293945,36.630001068115234,36.65999984741211,39979,0.0,0.0,0.0
2024-05-20 14:30:00-04:00,36.65999984741211,36.665000915527344,36.625,36.625,30109,0.0,0.0,0.0
2024-05-20 15:30:00-04:00,36.630001068115234,36.6349983215332,36.599998474121094,36.619998931884766,74332,0.0,0.0,0.0
2024-05-21 09:30:00-04:00,36.63999938964844,36.75,36.625,36.7400016784668,84355,0.0,0.0,0.0
2024-05-21 10:30:00-04:00,36.7400016784668,36.76499938964844,36.720001220703125,36.724998474121094,60559,0.0,0.0,0.0
2024-05-21 11:30:00-04:00,36.72990036010742,36.73500061035156,36.70199966430664,36.70500183105469,54412,0.0,0.0,0.0
2024-05-21 12:30:00-04:00,36.709999084472656,36.724998474121094,36.68000030517578,36.70500183105469,16554,0.0,0.0,0.0
2024-05-21 13:30:00-04:00,36.709999084472656,36.7400016784668,36.709999084472656,36.724998474121094,32120,0.0,0.0,0.0
2024-05-21 14:30:00-04:00,36.72100067138672,36.744998931884766,36.70100021362305,36.7400016784668,22745,0.0,0.0,0.0
2024-05-21 15:30:00-04:00,36.7400016784668,36.7599983215332,36.7400016784668,36.75,28298,0.0,0.0,0.0
2024-05-22 09:30:00-04:00,36.529998779296875,36.584999084472656,36.44499969482422,36.44990158081055,122389,0.0,0.0,0.0
2024-05-22 10:30:00-04:00,36.44499969482422,36.53499984741211,36.43000030517578,36.53499984741211,130981,0.0,0.0,0.0
2024-05-22 11:30:00-04:00,36.529998779296875,36.54999923706055,36.48500061035156,36.52510070800781,153579,0.0,0.0,0.0
2024-05-22 12:30:00-04:00,36.529998779296875,36.560001373291016,36.52000045776367,36.53020095825195,74283,0.0,0.0,0.0
2024-05-22 13:30:00-04:00,36.53580093383789,36.53580093383789,36.345001220703125,36.345001220703125,114753,0.0,0.0,0.0
2024-05-22 14:30:00-04:00,36.345001220703125,36.40999984741211,36.339900970458984,36.404998779296875,66171,0.0,0.0,0.0
2024-05-22 15:30:00-04:00,36.40999984741211,36.47999954223633,36.404998779296875,36.47999954223633,368644,0.0,0.0,0.0
2024-05-23 09:30:00-04:00,36.58000183105469,36.599998474121094,36.349998474121094,36.38999938964844,136846,0.0,0.0,0.0
2024-05-23 10:30:00-04:00,36.38999938964844,36.420101165771484,36.33399963378906,36.375,167353,0.0,0.0,0.0
2024-05-23 11:30:00-04:00,36.380001068115234,36.40999984741211,36.349998474121094,36.38999938964844,117660,0.0,0.0,0.0
2024-05-23 12:30:00-04:00,36.390098571777344,36.40999984741211,36.255001068115234,36.275001525878906,106075,0.0,0.0,0.0
2024-05-23 13:30:00-04:00,36.275001525878906,36.275001525878906,36.064998626708984,36.064998626708984,245946,0.0,0.0,0.0
2024-05-23 14:30:00-04:00,36.064998626708984,36.084999084472656,36.0099983215332,36.060001373291016,286413,0.0,0.0,0.0
2024-05-23 15:30:00-04:00,36.060001373291016,36.099998474121094,36.060001373291016,36.099998474121094,144761,0.0,0.0,0.0
2024-05-24 09:30:00-04:00,36.25,36.380001068115234,36.25,36.349998474121094,127145,0.0,0.0,0.0
2024-05-24 10:30:00-04:00,36.350101470947266,36.42599868774414,36.330101013183594,36.38999938964844,129573,0.0,0.0,0.0
2024-05-24 11:30:00-04:00,36.38999938964844,36.41999816894531,36.314998626708984,36.40999984741211,76316,0.0,0.0,0.0
2024-05-24 12:30:00-04:00,36.4099006652832,36.415000915527344,36.359500885009766,36.37009811401367,27607,0.0,0.0,0.0
2024-05-24 13:30:00-04:00,36.369998931884766,36.39500045776367,36.35200119018555,36.3650016784668,24580,0.0,0.0,0.0
2024-05-24 14:30:00-04:00,36.36009979248047,36.369998931884766,36.314998626708984,36.34000015258789,61541,0.0,0.0,0.0
2024-05-24 15:30:00-04:00,36.334999084472656,36.36000061035156,36.334999084472656,36.349998474121094,107567,0.0,0.0,0.0
2024-05-28 09:30:00-04:00,36.36000061035156,36.369998931884766,36.119998931884766,36.165000915527344,124982,0.0,0.0,0.0
2024-05-28 10:30:00-04:00,36.15999984741211,36.185001373291016,36.099998474121094,36.185001373291016,149084,0.0,0.0,0.0
2024-05-28 11:30:00-04:00,36.189998626708984,36.23500061035156,36.165000915527344,36.20000076293945,105530,0.0,0.0,0.0
2024-05-28 12:30:00-04:00,36.209999084472656,36.23500061035156,36.154998779296875,36.16999816894531,49788,0.0,0.0,0.0
2024-05-28 13:30:00-04:00,36.16999816894531,36.18000030517578,36.064998626708984,36.0703010559082,60963,0.0,0.0,0.0
2024-05-28 14:30:00-04:00,36.06999969482422,36.1150016784668,36.029998779296875,36.084999084472656,72097,0.0,0.0,0.0
2024-05-28 15:30:00-04:00,36.09000015258789,36.14500045776367,36.09000015258789,36.13999938964844,52620,0.0,0.0,0.0
2024-05-29 09:30:00-04:00,35.770301818847656,35.83000183105469,35.71500015258789,35.75,165995,0.0,0.0,0.0
2024-05-29 10:30:00-04:00,35.744998931884766,35.77000045776367,35.6349983215332,35.65999984741211,142534,0.0,0.0,0.0
2024-05-29 11:30:00-04:00,35.665000915527344,35.709999084472656,35.63169860839844,35.70500183105469,84651,0.0,0.0,0.0
2024-05-29 12:30:00-04:00,35.70000076293945,35.720001220703125,35.64500045776367,35.685001373291016,89559,0.0,0.0,0.0
2024-05-29 13:30:00-04:00,35.689998626708984,35.689998626708984,35.64500045776367,35.64500045776367,43735,0.0,0.0,0.0
2024-05-29 14:30:00-04:00,35.640098571777344,35.66999816894531,35.6150016784668,35.654998779296875,107997,0.0,0.0,0.0
2024-05-29 15:30:00-04:00,35.650001525878906,35.665000915527344,35.619998931884766,35.64500045776367,106888,0.0,0.0,0.0
2024-05-30 09:30:00-04:00,35.81999969482422,35.93000030517578,35.810001373291016,35.89500045776367,85010,0.0,0.0,0.0
2024-05-30 10:30:00-04:00,35.88999938964844,35.994998931884766,35.86000061035156,35.97999954223633,92936,0.0,0.0,0.0
2024-05-30 11:30:00-04:00,35.974998474121094,36.005001068115234,35.92499923706055,35.974998474121094,42840,0.0,0.0,0.0
2024-05-30 12:30:00-04:00,35.974998474121094,36.02000045776367,35.974998474121094,36.005001068115234,30614,0.0,0.0,0.0
2024-05-30 13:30:00-04:00,36.005001068115234,36.005001068115234,35.95000076293945,35.97999954223633,38306,0.0,0.0,0.0
2024-05-30 14:30:00-04:00,35.974998474121094,35.994998931884766,35.95000076293945,35.970001220703125,47206,0.0,0.0,0.0
2024-05-30 15:30:00-04:00,35.970001220703125,35.98500061035156,35.875,35.95000076293945,83276,0.0,0.0,0.0
2024-05-31 09:30:00-04:00,36.119998931884766,36.220001220703125,36.08000183105469,36.13999938964844,109476,0.0,0.0,0.0
2024-05-31 10:30:00-04:00,36.130001068115234,36.140499114990234,36.07500076293945,36.11000061035156,111120,0.0,0.0,0.0
2024-05-31 11:30:00-04:00,36.11000061035156,36.150001525878906,36.060001373291016,36.07320022583008,82446,0.0,0.0,0.0
2024-05-31 12:30:00-04:00,36.084999084472656,36.160099029541016,36.07500076293945,36.150901794433594,46923,0.0,0.0,0.0
2024-05-31 13:30:00-04:00,36.154998779296875,36.18989944458008,36.119998931884766,36.180301666259766,101663,0.0,0.0,0.0
2024-05-31 14:30:00-04:00,36.185001373291016,36.209999084472656,36.15999984741211,36.189998626708984,34143,0.0,0.0,0.0
2024-05-31 15:30:00-04:00,36.185001373291016,36.34000015258789,36.165000915527344,36.334999084472656,278855,0.0,0.0,0.0
2024-06-03 09:30:00-04:00,36.22999954223633,36.349998474121094,36.16999816894531,36.2599983215332,292826,0.0,0.0,0.0
2024-06-03 10:30:00-04:00,36.26499938964844,36.279998779296875,36.150001525878906,36.209999084472656,91278,0.0,0.0,0.0
2024-06-03 11:30:00-04:00,36.19499969482422,36.21500015258789,36.11000061035156,36.119998931884766,256661,0.0,0.0,0.0
2024-06-03 12:30:00-04:00,36.119998931884766,36.150001525878906,36.06990051269531,36.150001525878906,42599,0.0,0.0,0.0
2024-06-03 13:30:00-04:00,36.14500045776367,36.209999084472656,36.130001068115234,36.189998626708984,56523,0.0,0.0,0.0
2024-06-03 14:30:00-04:00,36.189998626708984,36.2400016784668,36.17499923706055,36.21500015258789,91021,0.0,0.0,0.0
2024-06-03 15:30:00-04:00,36.209999084472656,36.244998931884766,36.19499969482422,36.21500015258789,302200,0.0,0.0,0.0
2024-06-04 09:30:00-04:00,36.060001373291016,36.13999938964844,36.025001525878906,36.11000061035156,185638,0.0,0.0,0.0
2024-06-04 10:30:00-04:00,36.11000061035156,36.13010025024414,36.02000045776367,36.084999084472656,145320,0.0,0.0,0.0
2024-06-04 11:30:00-04:00,36.09000015258789,36.09000015258789,35.994998931884766,36.064998626708984,157344,0.0,0.0,0.0
2024-06-04 12:30:00-04:00,36.060001373291016,36.119998931884766,36.029998779296875,36.119998931884766,29866,0.0,0.0,0.0
2024-06-04 13:30:00-04:00,36.125,36.16999816894531,36.099998474121094,36.14500045776367,118827,0.0,0.0,0.0
2024-06-04 14:30:00-04:00,36.13999938964844,36.13999938964844,36.040000915527344,36.099998474121094,110145,0.0,0.0,0.0
2024-06-04 15:30:00-04:00,36.099998474121094,36.15869903564453,36.06999969482422,36.13999938964844,102818,0.0,0.0,0.0
2024-06-05 09:30:00-04:00,36.2400016784668,36.2599983215332,36.060001373291016,36.07500076293945,203005,0.0,0.0,0.0
2024-06-05 10:30:00-04:00,36.08000183105469,36.16999816894531,36.08000183105469,36.119998931884766,92668,0.0,0.0,0.0
2024-06-05 11:30:00-04:00,36.119998931884766,36.130001068115234,36.060001373291016,36.084999084472656,39677,0.0,0.0,0.0
2024-06-05 12:30:00-04:00,36.084999084472656,36.119998931884766,36.079898834228516,36.09000015258789,80024,0.0,0.0,0.0
2024-06-05 13:30:00-04:00,36.095001220703125,36.13999938964844,36.08000183105469,36.13999938964844,78844,0.0,0.0,0.0
2024-06-05 14:30:00-04:00,36.13999938964844,36.21500015258789,36.13999938964844,36.19499969482422,312806,0.0,0.0,0.0
2024-06-05 15:30:00-04:00,36.189998626708984,36.22999954223633,36.169898986816406,36.224998474121094,97600,0.0,0.0,0.0
2024-06-06 09:30:00-04:00,36.25,36.349998474121094,36.22999954223633,36.29359817504883,66660,0.0,0.0,0.0
2024-06-06 10:30:00-04:00,36.29999923706055,36.380001068115234,36.275001525878906,36.380001068115234,78469,0.0,0.0,0.0
2024-06-06 11:30:00-04:00,36.380001068115234,36.400001525878906,36.349998474121094,36.36000061035156,41643,0.0,0.0,0.0
2024-06-06 12:30:00-04:00,36.36000061035156,36.39500045776367,36.33000183105469,36.38999938964844,34813,0.0,0.0,0.0
2024-06-06 13:30:00-04:00,36.39860153198242,36.40999984741211,36.310001373291016,36.357601165771484,30087,0.0,0.0,0.0
2024-06-06 14:30:00-04:00,36.349998474121094,36.40999984741211,36.349998474121094,36.39500045776367,18405,0.0,0.0,0.0
2024-06-06 15:30:00-04:00,36.38999938964844,36.40999984741211,36.3650016784668,36.380001068115234,77264,0.0,0.0,0.0
2024-06-07 09:30:00-04:00,36.08000183105469,36.15999984741211,35.9900016784668,36.154998779296875,70757,0.0,0.0,0.0
2024-06-07 10:30:00-04:00,36.149898529052734,36.18000030517578,36.05500030517578,36.060001373291016,65085,0.0,0.0,0.0
2024-06-07 11:30:00-04:00,36.064998626708984,36.064998626708984,36.0,36.04499816894531,128055,0.0,0.0,0.0
2024-06-07 12:30:00-04:00,36.04999923706055,36.05500030517578,35.98500061035156,36.019901275634766,106643,0.0,0.0,0.0
2024-06-07 13:30:00-04:00,36.0099983215332,36.02000045776367,35.91999816894531,35.970001220703125,121723,0.0,0.0,0.0
2024-06-07 14:30:00-04:00,35.970001220703125,35.98500061035156,35.93000030517578,35.95000076293945,56788,0.0,0.0,0.0
2024-06-07 15:30:00-04:00,35.94499969482422,35.955101013183594,35.900001525878906,35.90999984741211,84969,0.0,0.0,0.0
2024-06-10 09:30:00-04:00,35.81999969482422,35.880001068115234,35.7599983215332,35.86000061035156,66304,0.0,0.0,0.0
2024-06-10 10:30:00-04:00,35.855098724365234,35.939998626708984,35.85499954223633,35.935001373291016,91365,0.0,0.0,0.0
2024-06-10 11:30:00-04:00,35.939998626708984,36.025001525878906,35.935001373291016,36.005001068115234,51745,0.0,0.0,0.0
2024-06-10 12:30:00-04:00,36.005001068115234,36.0099983215332,35.970001220703125,35.994998931884766,60254,0.0,0.0,0.0
2024-06-10 13:30:00-04:00,35.994998931884766,36.064998626708984,35.994998931884766,36.025001525878906,62876,0.0,0.0,0.0
2024-06-10 14:30:00-04:00,36.025001525878906,36.07640075683594,36.025001525878906,36.05500030517578,92698,0.0,0.0,0.0
2024-06-10 15:30:00-04:00,36.04499816894531,36.04999923706055,36.005001068115234,36.029998779296875,119691,0.0,0.0,0.0
2024-06-11 09:30:00-04:00,34.93000030517578,34.93000030517578,34.744998931884766,34.845001220703125,138376,0.0,0.0,0.0
2024-06-11 10:30:00-04:00,34.845001220703125,34.939998626708984,34.845001220703125,34.875,103963,0.0,0.0,0.0
2024-06-11 11:30:00-04:00,34.880001068115234,34.904998779296875,34.8218994140625,34.82500076293945,125593,0.0,0.0,0.0
2024-06-11 12:30:00-04:00,34.8224983215332,34.900001525878906,34.8224983215332,34.85499954223633,105932,0.0,0.0,0.0
2024-06-11 13:30:00-04:00,34.859901428222656,34.95500183105469,34.85499954223633,34.942501068115234,147363,0.0,0.0,0.0
2024-06-11 14:30:00-04:00,34.95000076293945,34.970001220703125,34.91999816894531,34.929901123046875,130359,0.0,0.0,0.0
2024-06-11 15:30:00-04:00,34.91999816894531,34.92499923706055,34.849998474121094,34.88999938964844,290361,0.0,0.0,0.0
2024-06-12 09:30:00-04:00,35.56999969482422,35.599998474121094,35.41999816894531,35.5,333192,0.0,0.0,0.0
2024-06-12 10:30:00-04:00,35.5,35.510101318359375,35.45000076293945,35.5,94753,0.0,0.0,0.0
2024-06-12 11:30:00-04:00,35.494998931884766,35.5,35.435001373291016,35.47999954223633,75776,0.0,0.0,0.0
2024-06-12 12:30:00-04:00,35.474998474121094,35.533199310302734,35.474998474121094,35.5099983215332,182639,0.0,0.0,0.0
2024-06-12 13:30:00-04:00,35.5099983215332,35.52000045776367,35.34000015258789,35.47999954223633,188309,0.0,0.0,0.0
2024-06-12 14:30:00-04:00,35.4900016784668,35.5099983215332,35.275001525878906,35.279998779296875,92715,0.0,0.0,0.0
2024-06-12 15:30:00-04:00,35.279998779296875,35.38999938964844,35.2599983215332,35.34000015258789,125258,0.0,0.0,0.0
2024-06-13 09:30:00-04:00,35.18000030517578,35.189998626708984,34.9900016784668,35.0,161655,0.0,0.0,0.0
2024-06-13 10:30:00-04:00,35.0099983215332,35.029998779296875,34.95989990234375,34.994998931884766,259658,0.0,0.0,0.0
2024-06-13 11:30:00-04:00,34.994998931884766,35.040000915527344,34.959999084472656,34.970001220703125,27077,0.0,0.0,0.0
2024-06-13 12:30:00-04:00,34.970001220703125,35.05500030517578,34.970001220703125,35.04999923706055,685241,0.0,0.0,0.0
2024-06-13 13:30:00-04:00,35.04999923706055,35.09000015258789,35.01499938964844,35.09000015258789,145893,0.0,0.0,0.0
2024-06-13 14:30:00-04:00,35.09000015258789,35.119998931884766,35.05500030517578,35.09000015258789,167690,0.0,0.0,0.0
2024-06-13 15:30:00-04:00,35.09000015258789,35.1150016784668,35.07500076293945,35.09000015258789,135437,0.0,0.0,0.0
2024-06-14 09:30:00-04:00,34.75,34.834999084472656,34.660099029541016,34.689998626708984,126369,0.0,0.0,0.0
2024-06-14 10:30:00-04:00,34.70000076293945,34.84000015258789,34.64500045776367,34.81999969482422,1061915,0.0,0.0,0.0
2024-06-14 11:30:00-04:00,34.81999969482422,34.84000015258789,34.75,34.81999969482422,47506,0.0,0.0,0.0
2024-06-14 12:30:00-04:00,34.81999969482422,34.88999938964844,34.81999969482422,34.869998931884766,34295,0.0,0.0,0.0
2024-06-14 13:30:00-04:00,34.869998931884766,34.880001068115234,34.79209899902344,34.81999969482422,56094,0.0,0.0,0.0
2024-06-14 14:30:00-04:00,34.81999969482422,34.880001068115234,34.81990051269531,34.869998931884766,47577,0.0,0.0,0.0
2024-06-14 15:30:00-04:00,34.869998931884766,34.93000030517578,34.85499954223633,34.92499923706055,100645,0.0,0.0,0.0
2024-06-17 09:30:00-04:00,34.7599983215332,34.77000045776367,34.64500045776367,34.685001373291016,114860,0.0,0.0,0.0
2024-06-17 10:30:00-04:00,34.68080139160156,34.80609893798828,34.68000030517578,34.80500030517578,49635,0.0,0.0,0.0
2024-06-17 11:30:00-04:00,34.790000915527344,34.84000015258789,34.76499938964844,34.84000015258789,62223,0.0,0.0,0.0
2024-06-17 12:30:00-04:00,34.849998474121094,34.88999938964844,34.834999084472656,34.8650016784668,105408,0.0,0.0,0.0
2024-06-17 13:30:00-04:00,34.869998931884766,34.940101623535156,34.869998931884766,34.935001373291016,35082,0.0,0.0,0.0
2024-06-17 14:30:00-04:00,34.93980026245117,34.96009826660156,34.93000030517578,34.939998626708984,27080,0.0,0.0,0.0
2024-06-17 15:30:00-04:00,34.939998626708984,34.97999954223633,34.92499923706055,34.959999084472656,78796,0.0,0.0,0.0
2024-06-18 09:30:00-04:00,34.970001220703125,35.09000015258789,34.970001220703125,35.05500030517578,143692,0.0,0.0,0.0
2024-06-18 10:30:00-04:00,35.060001373291016,35.06999969482422,34.980098724365234,35.005001068115234,62512,0.0,0.0,0.0
2024-06-18 11:30:00-04:00,35.0099983215332,35.07500076293945,35.0099983215332,35.04499816894531,96874,0.0,0.0,0.0
2024-06-18 12:30:00-04:00,35.040000915527344,35.07500076293945,35.029998779296875,35.064998626708984,87016,0.0,0.0,0.0
2024-06-18 13:30:00-04:00,35.060001373291016,35.06999969482422,35.0099983215332,35.040000915527344,24950,0.0,0.0,0.0
2024-06-18 14:30:00-04:00,35.03499984741211,35.03499984741211,34.9900016784668,35.0,255472,0.0,0.0,0.0
2024-06-18 15:30:00-04:00,35.005001068115234,35.060001373291016,34.994998931884766,35.04499816894531,228565,0.0,0.0,0.0
2024-06-20 09:30:00-04:00,35.209999084472656,35.310001373291016,35.150001525878906,35.290000915527344,168089,0.0,0.0,0.0
2024-06-20 10:30:00-04:00,35.29499816894531,35.33000183105469,35.26499938964844,35.29999923706055,137415,0.0,0.0,0.0
2024-06-20 11:30:00-04:00,35.29999923706055,35.32500076293945,35.255001068115234,35.28010177612305,190589,0.0,0.0,0.0
2024-06-20 12:30:00-04:00,35.279998779296875,35.32500076293945,35.26499938964844,35.26499938964844,142211,0.0,0.0,0.0
2024-06-20 13:30:00-04:00,35.275001525878906,35.37990188598633,35.25,35.37009811401367,124908,0.0,0.0,0.0
2024-06-20 14:30:00-04:00,35.375,35.38990020751953,35.275001525878906,35.31100082397461,140897,0.0,0.0,0.0
2024-06-20 15:30:00-04:00,35.310001373291016,35.375,35.29499816894531,35.34000015258789,242792,0.0,0.0,0.0
2024-06-21 09:30:00-04:00,35.04999923706055,35.154998779296875,34.9900016784668,35.15010070800781,120093,0.0,0.0,0.0
2024-06-21 10:30:00-04:00,35.150001525878906,35.175201416015625,35.0703010559082,35.07500076293945,153740,0.0,0.0,0.0
2024-06-21 11:30:00-04:00,35.06999969482422,35.1150016784668,35.02000045776367,35.084999084472656,186617,0.0,0.0,0.0
2024-06-21 12:30:00-04:00,35.084999084472656,35.1349983215332,35.070098876953125,35.10029983520508,204023,0.0,0.0,0.0
2024-06-21 13:30:00-04:00,35.099998474121094,35.130001068115234,35.09000015258789,35.130001068115234,161678,0.0,0.0,0.0
2024-06-21 14:30:00-04:00,35.130001068115234,35.1349983215332,35.11000061035156,35.130001068115234,101928,0.0,0.0,0.0
2024-06-21 15:30:00-04:00,35.125,35.1349983215332,35.0900993347168,35.1150016784668,107199,0.0,0.0,0.0
2024-06-24 09:30:00-04:00,35.369998931884766,35.560001373291016,35.349998474121094,35.529998779296875,400563,0.0,0.0,0.0
2024-06-24 10:30:00-04:00,35.529998779296875,35.55619812011719,35.4900016784668,35.529998779296875,325040,0.0,0.0,0.0
2024-06-24 11:30:00-04:00,35.52000045776367,35.525001525878906,35.38999938964844,35.435001373291016,159732,0.0,0.0,0.0
2024-06-24 12:30:00-04:00,35.435001373291016,35.439998626708984,35.369998931884766,35.400001525878906,91639,0.0,0.0,0.0
2024-06-24 13:30:00-04:00,35.39500045776367,35.42499923706055,35.380001068115234,35.41999816894531,107088,0.0,0.0,0.0
2024-06-24 14:30:00-04:00,35.41999816894531,35.470001220703125,35.40999984741211,35.45989990234375,71391,0.0,0.0,0.0
2024-06-24 15:30:00-04:00,35.45500183105469,35.47999954223633,35.45500183105469,35.459999084472656,115381,0.0,0.0,0.0
2024-06-25 09:30:00-04:00,35.29999923706055,35.349998474121094,35.26499938964844,35.290000915527344,174450,0.0,0.0,0.0
2024-06-25 10:30:00-04:00,35.29999923706055,35.320098876953125,35.255001068115234,35.275001525878906,172199,0.0,0.0,0.0
2024-06-25 11:30:00-04:00,35.275001525878906,35.275001525878906,35.18000030517578,35.19499969482422,69925,0.0,0.0,0.0
2024-06-25 12:30:00-04:00,35.189998626708984,35.25,35.150001525878906,35.25,59986,0.0,0.0,0.0
2024-06-25 13:30:00-04:00,35.25,35.29999923706055,35.244998931884766,35.29999923706055,46566,0.0,0.0,0.0
2024-06-25 14:30:00-04:00,35.29999923706055,35.314998626708984,35.27000045776367,35.310001373291016,63921,0.0,0.0,0.0
2024-06-25 15:30:00-04:00,35.310001373291016,35.310001373291016,35.2599983215332,35.2599983215332,99844,0.0,0.0,0.0
2024-06-26 09:30:00-04:00,35.0099983215332,35.084999084472656,34.95000076293945,35.04999923706055,126150,0.0,0.0,0.0
2024-06-26 10:30:00-04:00,35.040000915527344,35.06999969482422,35.0099983215332,35.060001373291016,82297,0.0,0.0,0.0
2024-06-26 11:30:00-04:00,35.05500030517578,35.084999084472656,34.9900016784668,35.07500076293945,93743,0.0,0.0,0.0
2024-06-26 12:30:00-04:00,35.07500076293945,35.084999084472656,35.025001525878906,35.04499816894531,63065,0.0,0.0,0.0
2024-06-26 13:30:00-04:00,35.04999923706055,35.07500076293945,35.029998779296875,35.03499984741211,39972,0.0,0.0,0.0
2024-06-26 14:30:00-04:00,35.03030014038086,35.040000915527344,34.98500061035156,35.005001068115234,45314,0.0,0.0,0.0
2024-06-26 15:30:00-04:00,35.005001068115234,35.06999969482422,34.994998931884766,35.029998779296875,120766,0.0,0.0,0.0
2024-06-27 09:30:00-04:00,35.04999923706055,35.08000183105469,35.02000045776367,35.040000915527344,105417,0.0,0.0,0.0
2024-06-27 10:30:00-04:00,35.040000915527344,35.064998626708984,34.875,34.875,72674,0.0,0.0,0.0
2024-06-27 11:30:00-04:00,34.880001068115234,34.91999816894531,34.8650016784668,34.915000915527344,35753,0.0,0.0,0.0
2024-06-27 12:30:00-04:00,34.91999816894531,34.95000076293945,34.900001525878906,34.939998626708984,57879,0.0,0.0,0.0
2024-06-27 13:30:00-04:00,34.935001373291016,34.939998626708984,34.834999084472656,34.84000015258789,28024,0.0,0.0,0.0
2024-06-27 14:30:00-04:00,34.83000183105469,34.88999938964844,34.82500076293945,34.88999938964844,39410,0.0,0.0,0.0
2024-06-27 15:30:00-04:00,34.8849983215332,34.915000915527344,34.88019943237305,34.90999984741211,200328,0.0,0.0,0.0
2024-06-28 09:30:00-04:00,34.90999984741211,34.97999954223633,34.845001220703125,34.915000915527344,142678,0.0,0.0,0.0
2024-06-28 10:30:00-04:00,34.91999816894531,34.93000030517578,34.790000915527344,34.85499954223633,179843,0.0,0.0,0.0
2024-06-28 11:30:00-04:00,34.86000061035156,34.8755989074707,34.779998779296875,34.85499954223633,201784,0.0,0.0,0.0
2024-06-28 12:30:00-04:00,34.849998474121094,34.86000061035156,34.79999923706055,34.83000183105469,66567,0.0,0.0,0.0
2024-06-28 13:30:00-04:00,34.81999969482422,34.849998474121094,34.78499984741211,34.79999923706055,42021,0.0,0.0,0.0
2024-06-28 14:30:00-04:00,34.790000915527344,34.79999923706055,34.755001068115234,34.76499938964844,69887,0.0,0.0,0.0
2024-06-28 15:30:00-04:00,34.76499938964844,34.880001068115234,34.71500015258789,34.86000061035156,112333,0.0,0.0,0.0
2024-07-01 09:30:00-04:00,34.9900016784668,35.20000076293945,34.94499969482422,34.97999954223633,165075,0.0,0.0,0.0
2024-07-01 10:30:00-04:00,34.970001220703125,34.970001220703125,34.84000015258789,34.8650016784668,105369,0.0,0.0,0.0
2024-07-01 11:30:00-04:00,34.86000061035156,34.86000061035156,34.775001525878906,34.86000061035156,57507,0.0,0.0,0.0
2024-07-01 12:30:00-04:00,34.86000061035156,34.869998931884766,34.834999084472656,34.86000061035156,80703,0.0,0.0,0.0
2024-07-01 13:30:00-04:00,34.86000061035156,34.86000061035156,34.779998779296875,34.78010177612305,65889,0.0,0.0,0.0
2024-07-01 14:30:00-04:00,34.78499984741211,34.80500030517578,34.77050018310547,34.78499984741211,44110,0.0,0.0,0.0
2024-07-01 15:30:00-04:00,34.78499984741211,34.83000183105469,34.78499984741211,34.81999969482422,92225,0.0,0.0,0.0
2024-07-02 09:30:00-04:00,34.72999954223633,34.790000915527344,34.65010070800781,34.70000076293945,162735,0.0,0.0,0.0
2024-07-02 10:30:00-04:00,34.709999084472656,34.7599983215332,34.65999984741211,34.744998931884766,78207,0.0,0.0,0.0
2024-07-02 11:30:00-04:00,34.75,34.7599983215332,34.66999816894531,34.73500061035156,58521,0.0,0.0,0.0
2024-07-02 12:30:00-04:00,34.72999954223633,34.744998931884766,34.70000076293945,34.744998931884766,19260,0.0,0.0,0.0
2024-07-02 13:30:00-04:00,34.744998931884766,34.80500030517578,34.72010040283203,34.79130172729492,48714,0.0,0.0,0.0
2024-07-02 14:30:00-04:00,34.790000915527344,34.86000061035156,34.790000915527344,34.85499954223633,25202,0.0,0.0,0.0
2024-07-02 15:30:00-04:00,34.86000061035156,34.880001068115234,34.849998474121094,34.86000061035156,223138,0.0,0.0,0.0
2024-07-03 09:30:00-04:00,35.09000015258789,35.23500061035156,35.040000915527344,35.15999984741211,263514,0.0,0.0,0.0
2024-07-03 10:30:00-04:00,35.16999816894531,35.22669982910156,35.13999938964844,35.189998626708984,118993,0.0,0.0,0.0
2024-07-03 11:30:00-04:00,35.185001373291016,35.27000045776367,35.165000915527344,35.24800109863281,54908,0.0,0.0,0.0
2024-07-05 09:30:00-04:00,35.61000061035156,35.61000061035156,35.29999923706055,35.310001373291016,243564,0.0,0.0,0.0
2024-07-05 10:30:00-04:00,35.30500030517578,35.40999984741211,35.29499816894531,35.369998931884766,1423452,0.0,0.0,0.0
2024-07-05 11:30:00-04:00,35.369998931884766,35.41999816894531,35.3650016784668,35.38629913330078,60869,0.0,0.0,0.0
2024-07-05 12:30:00-04:00,35.380001068115234,35.3849983215332,35.36000061035156,35.37990188598633,207158,0.0,0.0,0.0
2024-07-05 13:30:00-04:00,35.380001068115234,35.43000030517578,35.380001068115234,35.420101165771484,53177,0.0,0.0,0.0
2024-07-05 14:30:00-04:00,35.41999816894531,35.470001220703125,35.415000915527344,35.44499969482422,62627,0.0,0.0,0.0
2024-07-05 15:30:00-04:00,35.44499969482422,35.4900016784668,35.439998626708984,35.459999084472656,341814,0.0,0.0,0.0
2024-07-08 09:30:00-04:00,35.599998474121094,35.625,35.5099983215332,35.519901275634766,69051,0.0,0.0,0.0
2024-07-08 10:30:00-04:00,35.5099983215332,35.52000045776367,35.42499923706055,35.43000030517578,55876,0.0,0.0,0.0
2024-07-08 11:30:00-04:00,35.43000030517578,35.435001373291016,35.380001068115234,35.41999816894531,67497,0.0,0.0,0.0
2024-07-08 12:30:00-04:00,35.41999816894531,35.45000076293945,35.40999984741211,35.43000030517578,47261,0.0,0.0,0.0
2024-07-08 13:30:00-04:00,35.4297981262207,35.439998626708984,35.41999816894531,35.42499923706055,43112,0.0,0.0,0.0
2024-07-08 14:30:00-04:00,35.42499923706055,35.42509841918945,35.375,35.40999984741211,22634,0.0,0.0,0.0
2024-07-08 15:30:00-04:00,35.40840148925781,35.4364013671875,35.38999938964844,35.39500045776367,105154,0.0,0.0,0.0
2024-07-09 09:30:00-04:00,35.20000076293945,35.21500015258789,35.099998474121094,35.130001068115234,91217,0.0,0.0,0.0
2024-07-09 10:30:00-04:00,35.130001068115234,35.189998626708984,35.040000915527344,35.060001373291016,75842,0.0,0.0,0.0
2024-07-09 11:30:00-04:00,35.05500030517578,35.154998779296875,35.029998779296875,35.154998779296875,196858,0.0,0.0,0.0
2024-07-09 12:30:00-04:00,35.154998779296875,35.249000549316406,35.13999938964844,35.19900131225586,177803,0.0,0.0,0.0
2024-07-09 13:30:00-04:00,35.19499969482422,35.229000091552734,35.154998779296875,35.15999984741211,324442,0.0,0.0,0.0
2024-07-09 14:30:00-04:00,35.150001525878906,35.18000030517578,35.1349983215332,35.150001525878906,32938,0.0,0.0,0.0
2024-07-09 15:30:00-04:00,35.150001525878906,35.17499923706055,35.14500045776367,35.15999984741211,67214,0.0,0.0,0.0
2024-07-10 09:30:00-04:00,35.34000015258789,35.43000030517578,35.30500030517578,35.41999816894531,164742,0.0,0.0,0.0
2024-07-10 10:30:00-04:00,35.42499923706055,35.470001220703125,35.3650016784668,35.45500183105469,91974,0.0,0.0,0.0
2024-07-10 11:30:00-04:00,35.45500183105469,35.525001525878906,35.45500183105469,35.52000045776367,62147,0.0,0.0,0.0
2024-07-10 12:30:00-04:00,35.5099983215332,35.52000045776367,35.45000076293945,35.45500183105469,79664,0.0,0.0,0.0
2024-07-10 13:30:00-04:00,35.459999084472656,35.47050094604492,35.45000076293945,35.46549987792969,40381,0.0,0.0,0.0
2024-07-10 14:30:00-04:00,35.46989822387695,35.494998931884766,35.46989822387695,35.48500061035156,80317,0.0,0.0,0.0
2024-07-10 15:30:00-04:00,35.4900016784668,35.560001373291016,35.47999954223633,35.52000045776367,126305,0.0,0.0,0.0
2024-07-11 09:30:00-04:00,35.66999816894531,35.81999969482422,35.66999816894531,35.7599983215332,137745,0.0,0.0,0.0
2024-07-11 10:30:00-04:00,35.77000045776367,35.810001373291016,35.7400016784668,35.78499984741211,175401,0.0,0.0,0.0
2024-07-11 11:30:00-04:00,35.779998779296875,35.810001373291016,35.7400016784668,35.76499938964844,73075,0.0,0.0,0.0
2024-07-11 12:30:00-04:00,35.7599983215332,35.79999923706055,35.73500061035156,35.78499984741211,53401,0.0,0.0,0.0
2024-07-11 13:30:00-04:00,35.779998779296875,35.814998626708984,35.74449920654297,35.78990173339844,55528,0.0,0.0,0.0
2024-07-11 14:30:00-04:00,35.779998779296875,35.81999969482422,35.779998779296875,35.779998779296875,97871,0.0,0.0,0.0
2024-07-11 15:30:00-04:00,35.78499984741211,35.814998626708984,35.77000045776367,35.775001525878906,185265,0.0,0.0,0.0
2024-07-12 09:30:00-04:00,36.0,36.1349983215332,36.0,36.1349983215332,89584,0.0,0.0,0.0
2024-07-12 10:30:00-04:00,36.13999938964844,36.165000915527344,36.101898193359375,36.1349983215332,56976,0.0,0.0,0.0
2024-07-12 11:30:00-04:00,36.1349983215332,36.154998779296875,36.084999084472656,36.11000061035156,71061,0.0,0.0,0.0
2024-07-12 12:30:00-04:00,36.10179901123047,36.14820098876953,36.099998474121094,36.130001068115234,26046,0.0,0.0,0.0
2024-07-12 13:30:00-04:00,36.1349983215332,36.17499923706055,36.1150016784668,36.130001068115234,33379,0.0,0.0,0.0
2024-07-12 14:30:00-04:00,36.130001068115234,36.150001525878906,36.119998931884766,36.14500045776367,51744,0.0,0.0,0.0
2024-07-12 15:30:00-04:00,36.13999938964844,36.13999938964844,36.04499816894531,36.05500030517578,92905,0.0,0.0,0.0
2024-07-15 09:30:00-04:00,35.880001068115234,35.90999984741211,35.78499984741211,35.81999969482422,109943,0.0,0.0,0.0
2024-07-15 10:30:00-04:00,35.84000015258789,35.869998931884766,35.79499816894531,35.810001373291016,58118,0.0,0.0,0.0
2024-07-15 11:30:00-04:00,35.814998626708984,35.849998474121094,35.76499938964844,35.779998779296875,200220,0.0,0.0,0.0
2024-07-15 12:30:00-04:00,35.779998779296875,35.814998626708984,35.69499969482422,35.69499969482422,47974,0.0,0.0,0.0
2024-07-15 13:30:00-04:00,35.689998626708984,35.749000549316406,35.65999984741211,35.744998931884766,23264,0.0,0.0,0.0
2024-07-15 14:30:00-04:00,35.744998931884766,35.79499816894531,35.73500061035156,35.779998779296875,305090,0.0,0.0,0.0
2024-07-15 15:30:00-04:00,35.779998779296875,35.78499984741211,35.70000076293945,35.709999084472656,55136,0.0,0.0,0.0
2024-07-16 09:30:00-04:00,35.5,35.58000183105469,35.46500015258789,35.564998626708984,490003,0.0,0.0,0.0
2024-07-16 10:30:00-04:00,35.560001373291016,35.63999938964844,35.54999923706055,35.63999938964844,406604,0.0,0.0,0.0
2024-07-16 11:30:00-04:00,35.630001068115234,35.665000915527344,35.60499954223633,35.654998779296875,23264,0.0,0.0,0.0
2024-07-16 12:30:00-04:00,35.650001525878906,35.69499969482422,35.63999938964844,35.6864013671875,74677,0.0,0.0,0.0
2024-07-16 13:30:00-04:00,35.68000030517578,35.75,35.68000030517578,35.7400016784668,44218,0.0,0.0,0.0
2024-07-16 14:30:00-04:00,35.72999954223633,35.779998779296875,35.724998474121094,35.779998779296875,43345,0.0,0.0,0.0
2024-07-16 15:30:00-04:00,35.78499984741211,35.82550048828125,35.77000045776367,35.82109832763672,59895,0.0,0.0,0.0
2024-07-17 09:30:00-04:00,35.849998474121094,36.0,35.83000183105469,35.974998474121094,158244,0.0,0.0,0.0
2024-07-17 10:30:00-04:00,35.970001220703125,35.97999954223633,35.87329864501953,35.89500045776367,155931,0.0,0.0,0.0
2024-07-17 11:30:00-04:00,35.88999938964844,35.92959976196289,35.845001220703125,35.8849983215332,146512,0.0,0.0,0.0
2024-07-17 12:30:00-04:00,35.8849983215332,35.91999816894531,35.849998474121094,35.875,64110,0.0,0.0,0.0
2024-07-17 13:30:00-04:00,35.880001068115234,35.915000915527344,35.849998474121094,35.915000915527344,45129,0.0,0.0,0.0
2024-07-17 14:30:00-04:00,35.915000915527344,35.94499969482422,35.904998779296875,35.94499969482422,64709,0.0,0.0,0.0
2024-07-17 15:30:00-04:00,35.94499969482422,35.970001220703125,35.900001525878906,35.959999084472656,108344,0.0,0.0,0.0
2024-07-18 09:30:00-04:00,36.06999969482422,36.130001068115234,35.970001220703125,36.01499938964844,498474,0.0,0.0,0.0
2024-07-18 10:30:00-04:00,36.02000045776367,36.025001525878906,35.869998931884766,35.869998931884766,122060,0.0,0.0,0.0
2024-07-18 11:30:00-04:00,35.8650016784668,35.88999938964844,35.810001373291016,35.82500076293945,1315600,0.0,0.0,0.0
2024-07-18 12:30:00-04:00,35.81999969482422,35.849998474121094,35.80500030517578,35.83000183105469,63052,0.0,0.0,0.0
2024-07-18 13:30:00-04:00,35.83000183105469,35.8380012512207,35.654998779296875,35.66999816894531,77829,0.0,0.0,0.0
2024-07-18 14:30:00-04:00,35.65999984741211,35.68000030517578,35.58000183105469,35.61000061035156,87510,0.0,0.0,0.0
2024-07-18 15:30:00-04:00,35.61000061035156,35.67250061035156,35.599998474121094,35.630001068115234,436040,0.0,0.0,0.0
2024-07-19 09:30:00-04:00,35.540000915527344,35.56999969482422,35.45500183105469,35.5099983215332,160564,0.0,0.0,0.0
2024-07-19 10:30:00-04:00,35.505001068115234,35.54499816894531,35.44499969482422,35.45000076293945,148958,0.0,0.0,0.0
2024-07-19 11:30:00-04:00,35.45000076293945,35.584999084472656,35.42499923706055,35.53499984741211,114145,0.0,0.0,0.0
2024-07-19 12:30:00-04:00,35.540000915527344,35.54999923706055,35.46500015258789,35.5099983215332,84528,0.0,0.0,0.0
2024-07-19 13:30:00-04:00,35.505001068115234,35.55500030517578,35.494998931884766,35.52000045776367,53694,0.0,0.0,0.0
2024-07-19 14:30:00-04:00,35.51499938964844,35.564998626708984,35.47999954223633,35.54499816894531,50532,0.0,0.0,0.0
2024-07-19 15:30:00-04:00,35.54499816894531,35.55500030517578,35.5,35.525001525878906,240234,0.0,0.0,0.0
