Datetime,Open,High,Low,Close,Volume,Dividends,Stock Splits
2022-07-21 12:30:00-04:00,24.719999313354492,24.719999313354492,24.719999313354492,24.719999313354492,0,0.0,0.0
2022-07-21 14:30:00-04:00,24.950000762939453,24.950000762939453,24.850000381469727,24.850000381469727,236,0.0,0.0
2022-07-21 15:30:00-04:00,24.850000381469727,24.850000381469727,24.850000381469727,24.850000381469727,100,0.0,0.0
2022-07-22 09:30:00-04:00,25.06999969482422,25.06999969482422,25.06999969482422,25.06999969482422,0,0.0,0.0
2022-07-22 11:30:00-04:00,25.06999969482422,25.06999969482422,25.06999969482422,25.06999969482422,304,0.0,0.0
2022-07-22 12:30:00-04:00,25.06999969482422,25.06999969482422,25.06999969482422,25.06999969482422,886,0.0,0.0
2022-07-22 14:30:00-04:00,24.770000457763672,24.770000457763672,24.649999618530273,24.649999618530273,325,0.0,0.0
2022-07-25 10:30:00-04:00,25.0,25.0,25.0,25.0,320,0.0,0.0
2022-07-25 11:30:00-04:00,25.15999984741211,25.15999984741211,25.0,25.0,1001,0.0,0.0
2022-07-25 14:30:00-04:00,25.09000015258789,25.09000015258789,25.049999237060547,25.089399337768555,1011,0.0,0.0
2022-07-25 15:30:00-04:00,25.360000610351562,25.360000610351562,25.360000610351562,25.360000610351562,193,0.0,0.0
2022-07-26 09:30:00-04:00,25.229999542236328,25.229999542236328,25.049999237060547,25.049999237060547,0,0.0,0.0
2022-07-26 13:30:00-04:00,25.079999923706055,25.079999923706055,25.079999923706055,25.079999923706055,245,0.0,0.0
2022-07-26 15:30:00-04:00,25.329999923706055,25.329999923706055,25.329999923706055,25.329999923706055,200,0.0,0.0
2022-07-27 09:30:00-04:00,25.13170051574707,25.13170051574707,25.1299991607666,25.1299991607666,1759,0.0,0.0
2022-07-27 10:30:00-04:00,25.010000228881836,25.010000228881836,25.010000228881836,25.010000228881836,335,0.0,0.0
2022-07-27 14:30:00-04:00,25.244400024414062,25.244400024414062,25.244400024414062,25.244400024414062,425,0.0,0.0
2022-07-27 15:30:00-04:00,25.288000106811523,25.288000106811523,25.288000106811523,25.288000106811523,0,0.0,0.0
2022-07-28 15:30:00-04:00,24.799999237060547,24.799999237060547,24.799999237060547,24.799999237060547,3,0.0,0.0
2022-07-29 10:30:00-04:00,24.799999237060547,24.799999237060547,24.799999237060547,24.799999237060547,280,0.0,0.0
2022-07-29 15:30:00-04:00,24.850000381469727,24.850000381469727,24.850000381469727,24.850000381469727,100,0.0,0.0
2022-08-01 09:30:00-04:00,25.09000015258789,25.09000015258789,25.09000015258789,25.09000015258789,713,0.0,0.0
2022-08-01 12:30:00-04:00,25.190000534057617,25.190000534057617,25.190000534057617,25.190000534057617,210,0.0,0.0
2022-08-01 13:30:00-04:00,25.209999084472656,25.209999084472656,25.190000534057617,25.190000534057617,685,0.0,0.0
2022-08-01 15:30:00-04:00,25.399999618530273,25.489999771118164,25.3799991607666,25.489999771118164,911,0.0,0.0
2022-08-02 09:30:00-04:00,25.270000457763672,25.280000686645508,25.270000457763672,25.270000457763672,0,0.0,0.0
2022-08-03 12:30:00-04:00,25.350000381469727,25.389999389648438,25.350000381469727,25.389999389648438,161,0.0,0.0
2022-08-04 12:30:00-04:00,25.28499984741211,25.28499984741211,25.28499984741211,25.28499984741211,544,0.0,0.0
2022-08-05 09:30:00-04:00,25.6299991607666,25.6299991607666,25.5,25.5,509,0.0,0.0
2022-08-05 11:30:00-04:00,25.625,25.625,25.5,25.5,502,0.0,0.0
2022-08-08 12:30:00-04:00,25.75,25.75,25.75,25.75,4,0.0,0.0
2022-08-08 13:30:00-04:00,25.600000381469727,25.600000381469727,25.600000381469727,25.600000381469727,884,0.0,0.0
2022-08-08 14:30:00-04:00,25.674999237060547,25.747499465942383,25.674999237060547,25.709999084472656,1718,0.0,0.0
2022-08-08 15:30:00-04:00,25.729999542236328,25.729999542236328,25.729999542236328,25.729999542236328,111,0.0,0.0
2022-08-09 15:30:00-04:00,25.749900817871094,25.749900817871094,25.670000076293945,25.670000076293945,1023,0.0,0.0
2022-08-10 10:30:00-04:00,25.200000762939453,25.375,25.200000762939453,25.209999084472656,1776,0.0,0.0
2022-08-10 14:30:00-04:00,25.219999313354492,25.219999313354492,25.219999313354492,25.219999313354492,248,0.0,0.0
2022-08-10 15:30:00-04:00,25.040000915527344,25.040000915527344,25.040000915527344,25.040000915527344,147,0.0,0.0
2022-08-11 09:30:00-04:00,25.25,25.25,25.25,25.25,0,0.0,0.0
2022-08-11 12:30:00-04:00,25.415000915527344,25.415000915527344,25.415000915527344,25.415000915527344,541,0.0,0.0
2022-08-11 15:30:00-04:00,25.34000015258789,25.350000381469727,25.049999237060547,25.049999237060547,1177,0.0,0.0
2022-08-12 11:30:00-04:00,25.08139991760254,25.08139991760254,25.079999923706055,25.079999923706055,333,0.0,0.0
2022-08-15 09:30:00-04:00,25.579999923706055,25.579999923706055,25.5,25.5,872,0.0,0.0
2022-08-15 11:30:00-04:00,25.499900817871094,25.5,25.48870086669922,25.48870086669922,3443,0.0,0.0
2022-08-15 12:30:00-04:00,25.5,25.5,25.5,25.5,1172,0.0,0.0
2022-08-15 14:30:00-04:00,25.1200008392334,25.170000076293945,25.1200008392334,25.149999618530273,0,0.0,0.0
2022-08-16 12:30:00-04:00,25.399999618530273,25.399999618530273,25.399999618530273,25.399999618530273,809,0.0,0.0
2022-08-16 15:30:00-04:00,25.700000762939453,25.709999084472656,25.700000762939453,25.709999084472656,425,0.0,0.0
2022-08-17 10:30:00-04:00,25.385000228881836,25.56999969482422,25.385000228881836,25.56999969482422,601,0.0,0.0
2022-08-17 11:30:00-04:00,25.579999923706055,25.634000778198242,25.56999969482422,25.634000778198242,1392,0.0,0.0
2022-08-18 09:30:00-04:00,25.719999313354492,25.75,25.650100708007812,25.650100708007812,0,0.0,0.0
2022-08-18 10:30:00-04:00,26.176300048828125,26.176300048828125,25.899999618530273,25.899999618530273,215,0.0,0.0
2022-08-18 11:30:00-04:00,26.100000381469727,26.155000686645508,25.899999618530273,26.155000686645508,1125,0.0,0.0
2022-08-18 12:30:00-04:00,26.0,26.0,26.0,26.0,756,0.0,0.0
2022-08-18 14:30:00-04:00,26.0,26.0,26.0,26.0,400,0.0,0.0
2022-08-18 15:30:00-04:00,25.579999923706055,25.579999923706055,25.579999923706055,25.579999923706055,1923,0.0,0.0
2022-08-19 09:30:00-04:00,25.5,25.5,25.5,25.5,0,0.0,0.0
2022-08-19 10:30:00-04:00,25.549999237060547,26.020000457763672,25.549999237060547,26.020000457763672,963,0.0,0.0
2022-08-19 11:30:00-04:00,26.020000457763672,26.020000457763672,26.020000457763672,26.020000457763672,200,0.0,0.0
2022-08-19 12:30:00-04:00,26.020000457763672,26.049999237060547,26.0,26.040000915527344,6846,0.0,0.0
2022-08-19 13:30:00-04:00,26.049999237060547,26.049999237060547,26.0,26.0,1320,0.0,0.0
2022-08-22 09:30:00-04:00,25.950000762939453,26.100000381469727,25.950000762939453,26.100000381469727,0,0.0,0.0
2022-08-22 10:30:00-04:00,26.100000381469727,26.100000381469727,25.829999923706055,26.040000915527344,1237,0.0,0.0
2022-08-22 11:30:00-04:00,26.0,26.799999237060547,26.0,26.799999237060547,2140,0.0,0.0
2022-08-22 12:30:00-04:00,26.625,26.75,26.5,26.75,850,0.0,0.0
2022-08-22 13:30:00-04:00,26.700000762939453,26.700000762939453,26.25,26.479999542236328,2283,0.0,0.0
2022-08-22 14:30:00-04:00,26.329999923706055,26.329999923706055,26.329999923706055,26.329999923706055,241,0.0,0.0
2022-08-23 10:30:00-04:00,26.43000030517578,26.43000030517578,26.43000030517578,26.43000030517578,0,0.0,0.0
2022-08-23 13:30:00-04:00,26.5,26.5,26.5,26.5,847,0.0,0.0
2022-08-23 15:30:00-04:00,27.139999389648438,27.139999389648438,27.139999389648438,27.139999389648438,130,0.0,0.0
2022-08-24 09:30:00-04:00,27.200000762939453,27.200000762939453,26.600000381469727,26.760000228881836,0,0.0,0.0
2022-08-24 10:30:00-04:00,26.639999389648438,26.639999389648438,26.600000381469727,26.600000381469727,1369,0.0,0.0
2022-08-24 12:30:00-04:00,26.299999237060547,26.670000076293945,26.299999237060547,26.5,2646,0.0,0.0
2022-08-24 13:30:00-04:00,26.510000228881836,26.510000228881836,26.510000228881836,26.510000228881836,243,0.0,0.0
2022-08-24 14:30:00-04:00,26.420000076293945,26.420000076293945,26.400999069213867,26.420000076293945,421,0.0,0.0
2022-08-24 15:30:00-04:00,26.350000381469727,26.350000381469727,26.350000381469727,26.350000381469727,102,0.0,0.0
2022-08-25 10:30:00-04:00,26.299999237060547,26.299999237060547,26.299999237060547,26.299999237060547,0,0.0,0.0
2022-08-25 11:30:00-04:00,26.399999618530273,26.399999618530273,26.399999618530273,26.399999618530273,976,0.0,0.0
2022-08-25 14:30:00-04:00,26.450000762939453,26.450000762939453,26.350000381469727,26.350000381469727,350,0.0,0.0
2022-08-25 15:30:00-04:00,26.450000762939453,26.450000762939453,26.450000762939453,26.450000762939453,274,0.0,0.0
2022-08-26 15:30:00-04:00,25.760000228881836,25.780000686645508,25.760000228881836,25.780000686645508,250,0.0,0.0
2022-08-29 09:30:00-04:00,25.420000076293945,25.420000076293945,25.420000076293945,25.420000076293945,732,0.0,0.0
2022-08-29 14:30:00-04:00,25.733999252319336,26.049999237060547,25.71500015258789,25.799999237060547,0,0.0,0.0
2022-08-30 09:30:00-04:00,25.420000076293945,25.420000076293945,25.420000076293945,25.420000076293945,499,0.0,0.0
2022-08-30 13:30:00-04:00,25.69499969482422,25.69499969482422,25.69499969482422,25.69499969482422,694,0.0,0.0
2022-09-06 13:30:00-04:00,25.3799991607666,25.3799991607666,25.3799991607666,25.3799991607666,866,0.0,0.0
2022-09-06 15:30:00-04:00,25.270000457763672,25.270000457763672,25.270000457763672,25.270000457763672,0,0.0,0.0
2022-09-07 09:30:00-04:00,25.280000686645508,25.280000686645508,25.280000686645508,25.280000686645508,388,0.0,0.0
2022-09-07 12:30:00-04:00,25.290000915527344,25.290000915527344,25.290000915527344,25.290000915527344,268,0.0,0.0
2022-09-07 14:30:00-04:00,25.45199966430664,25.530000686645508,25.399999618530273,25.530000686645508,1320,0.0,0.0
2022-09-07 15:30:00-04:00,25.454999923706055,25.454999923706055,25.450199127197266,25.450199127197266,200,0.0,0.0
2022-09-08 09:30:00-04:00,25.299999237060547,25.59000015258789,25.299999237060547,25.59000015258789,885,0.0,0.0
2022-09-08 13:30:00-04:00,25.829999923706055,25.829999923706055,25.829999923706055,25.829999923706055,0,0.0,0.0
2022-09-09 12:30:00-04:00,25.280000686645508,25.639999389648438,25.280000686645508,25.639999389648438,1638,0.0,0.0
2022-09-09 13:30:00-04:00,25.600000381469727,25.600000381469727,25.600000381469727,25.600000381469727,490,0.0,0.0
2022-09-09 14:30:00-04:00,25.469999313354492,25.469999313354492,25.469999313354492,25.469999313354492,166,0.0,0.0
2022-09-09 15:30:00-04:00,25.399999618530273,25.399999618530273,25.399999618530273,25.399999618530273,103,0.0,0.0
2022-09-12 10:30:00-04:00,25.5,25.5,25.5,25.5,329,0.0,0.0
2022-09-12 11:30:00-04:00,25.5,25.5,25.5,25.5,707,0.0,0.0
2022-09-12 15:30:00-04:00,25.329999923706055,25.329999923706055,25.260000228881836,25.270000457763672,320,0.0,0.0
2022-09-13 09:30:00-04:00,25.25,25.25,25.25,25.25,0,0.0,0.0
2022-09-13 10:30:00-04:00,25.25,25.25,25.25,25.25,448,0.0,0.0
2022-09-13 11:30:00-04:00,25.25,25.25,25.25,25.25,236,0.0,0.0
2022-09-13 13:30:00-04:00,25.25,25.25,25.209999084472656,25.25,1175,0.0,0.0
2022-09-13 15:30:00-04:00,25.364999771118164,25.364999771118164,25.364999771118164,25.364999771118164,607,0.0,0.0
2022-09-14 09:30:00-04:00,25.229999542236328,25.229999542236328,25.229999542236328,25.229999542236328,0,0.0,0.0
2022-09-14 12:30:00-04:00,25.239999771118164,25.31999969482422,25.209999084472656,25.209999084472656,1985,0.0,0.0
2022-09-14 15:30:00-04:00,25.1200008392334,25.1200008392334,25.1200008392334,25.1200008392334,164,0.0,0.0
2022-09-15 09:30:00-04:00,25.049999237060547,25.049999237060547,25.049999237060547,25.049999237060547,0,0.0,0.0
2022-09-15 10:30:00-04:00,25.25,25.25,25.25,25.25,521,0.0,0.0
2022-09-15 11:30:00-04:00,25.25,25.25,25.25,25.25,804,0.0,0.0
2022-09-15 14:30:00-04:00,25.25,25.25,25.25,25.25,0,0.0,0.0
2022-09-16 09:30:00-04:00,25.110000610351562,25.110000610351562,25.110000610351562,25.110000610351562,179,0.0,0.0
2022-09-16 12:30:00-04:00,25.110000610351562,25.110000610351562,25.110000610351562,25.110000610351562,496,0.0,0.0
2022-09-16 13:30:00-04:00,25.110000610351562,25.110000610351562,25.100000381469727,25.100000381469727,846,0.0,0.0
2022-09-16 14:30:00-04:00,25.149999618530273,25.149999618530273,25.149999618530273,25.149999618530273,471,0.0,0.0
2022-09-16 15:30:00-04:00,25.219999313354492,27.0,25.219999313354492,27.0,2665,0.0,0.0
2022-09-19 09:30:00-04:00,26.450000762939453,26.450000762939453,26.450000762939453,26.450000762939453,375,0.0,0.0
2022-09-19 10:30:00-04:00,26.450000762939453,26.450000762939453,26.450000762939453,26.450000762939453,256,0.0,0.0
2022-09-19 11:30:00-04:00,26.075000762939453,26.075000762939453,26.075000762939453,26.075000762939453,316,0.0,0.0
2022-09-19 12:30:00-04:00,26.0,26.020000457763672,26.0,26.020000457763672,612,0.0,0.0
2022-09-19 15:30:00-04:00,25.739999771118164,25.739999771118164,25.709999084472656,25.709999084472656,775,0.0,0.0
2022-09-20 09:30:00-04:00,25.440000534057617,26.0,25.440000534057617,25.825000762939453,2029,0.0,0.0
2022-09-20 11:30:00-04:00,25.924999237060547,25.924999237060547,25.899999618530273,25.899999618530273,431,0.0,0.0
2022-09-20 12:30:00-04:00,25.850000381469727,25.850000381469727,25.850000381469727,25.850000381469727,234,0.0,0.0
2022-09-20 13:30:00-04:00,25.868000030517578,25.920000076293945,25.200000762939453,25.200000762939453,2140,0.0,0.0
2022-09-20 14:30:00-04:00,25.75,25.75,25.75,25.75,170,0.0,0.0
2022-09-20 15:30:00-04:00,25.7450008392334,25.7450008392334,25.209999084472656,25.729999542236328,1501,0.0,0.0
2022-09-21 09:30:00-04:00,25.899999618530273,25.899999618530273,25.899999618530273,25.899999618530273,0,0.0,0.0
2022-09-21 10:30:00-04:00,25.950000762939453,26.0,25.950000762939453,26.0,745,0.0,0.0
2022-09-21 11:30:00-04:00,26.0,26.225000381469727,25.899999618530273,25.899999618530273,2248,0.0,0.0
2022-09-21 14:30:00-04:00,25.920000076293945,25.920000076293945,25.920000076293945,25.920000076293945,114,0.0,0.0
2022-09-22 09:30:00-04:00,26.149999618530273,26.249900817871094,25.610000610351562,26.249900817871094,0,0.0,0.0
2022-09-22 10:30:00-04:00,26.25,26.25,26.25,26.25,202,0.0,0.0
2022-09-22 11:30:00-04:00,26.125,26.125,26.125,26.125,220,0.0,0.0
2022-09-22 12:30:00-04:00,26.25,26.25,26.25,26.25,302,0.0,0.0
2022-09-22 14:30:00-04:00,26.200000762939453,26.200000762939453,26.200000762939453,26.200000762939453,219,0.0,0.0
2022-09-23 09:30:00-04:00,26.0,26.0,25.809999465942383,25.8700008392334,876,0.0,0.0
2022-09-23 10:30:00-04:00,25.81999969482422,25.81999969482422,25.81999969482422,25.81999969482422,101,0.0,0.0
2022-09-23 11:30:00-04:00,25.905000686645508,25.905000686645508,25.889999389648438,25.889999389648438,1026,0.0,0.0
2022-09-23 14:30:00-04:00,25.889999389648438,25.899999618530273,25.889999389648438,25.899999618530273,447,0.0,0.0
2022-09-23 15:30:00-04:00,25.940000534057617,25.940000534057617,25.940000534057617,25.940000534057617,210,0.0,0.0
2022-09-26 10:30:00-04:00,25.579999923706055,25.799999237060547,25.579999923706055,25.799999237060547,777,0.0,0.0
2022-09-26 12:30:00-04:00,25.895000457763672,25.899999618530273,25.850000381469727,25.868000030517578,888,0.0,0.0
2022-09-26 14:30:00-04:00,25.860000610351562,25.860000610351562,25.860000610351562,25.860000610351562,653,0.0,0.0
2022-09-27 09:30:00-04:00,26.0,26.0,25.950000762939453,25.950000762939453,0,0.0,0.0
2022-09-27 11:30:00-04:00,26.0,26.299999237060547,26.0,26.09000015258789,3197,0.0,0.0
2022-09-27 12:30:00-04:00,26.040000915527344,26.100000381469727,26.040000915527344,26.100000381469727,553,0.0,0.0
2022-09-28 09:30:00-04:00,26.700000762939453,26.700000762939453,26.049999237060547,26.049999237060547,0,0.0,0.0
2022-09-28 12:30:00-04:00,26.239999771118164,26.350000381469727,26.239999771118164,26.25,1285,0.0,0.0
2022-09-29 09:30:00-04:00,26.299999237060547,26.299999237060547,26.299999237060547,26.299999237060547,0,0.0,0.0
2022-09-29 11:30:00-04:00,26.010000228881836,26.010000228881836,26.010000228881836,26.010000228881836,301,0.0,0.0
2022-09-29 12:30:00-04:00,26.0,26.350000381469727,26.0,26.350000381469727,842,0.0,0.0
2022-09-29 13:30:00-04:00,25.899999618530273,25.899999618530273,25.899999618530273,25.899999618530273,279,0.0,0.0
2022-09-29 15:30:00-04:00,25.514999389648438,25.514999389648438,25.514999389648438,25.514999389648438,134,0.0,0.0
2022-09-30 09:30:00-04:00,25.700000762939453,26.030000686645508,25.700000762939453,26.030000686645508,0,0.0,0.0
2022-09-30 10:30:00-04:00,26.399999618530273,26.399999618530273,26.059999465942383,26.299999237060547,759,0.0,0.0
2022-09-30 14:30:00-04:00,26.040000915527344,26.040000915527344,26.040000915527344,26.040000915527344,949,0.0,0.0
2022-09-30 15:30:00-04:00,25.700000762939453,25.700000762939453,25.700000762939453,25.700000762939453,469,0.0,0.0
2022-10-03 09:30:00-04:00,26.0,26.0,26.0,26.0,0,0.0,0.0
2022-10-03 10:30:00-04:00,25.75,25.75,25.75,25.75,476,0.0,0.0
2022-10-03 13:30:00-04:00,25.9153995513916,25.9153995513916,25.75,25.75,1433,0.0,0.0
2022-10-03 14:30:00-04:00,25.760000228881836,25.760000228881836,25.760000228881836,25.760000228881836,525,0.0,0.0
2022-10-04 09:30:00-04:00,25.850000381469727,25.850000381469727,25.68000030517578,25.68000030517578,755,0.0,0.0
2022-10-04 15:30:00-04:00,26.0,26.0,26.0,26.0,170,0.0,0.0
2022-10-05 09:30:00-04:00,25.68000030517578,25.68000030517578,25.68000030517578,25.68000030517578,113,0.0,0.0
2022-10-05 10:30:00-04:00,25.639999389648438,25.639999389648438,25.639999389648438,25.639999389648438,215,0.0,0.0
2022-10-05 11:30:00-04:00,25.75,25.75,25.75,25.75,278,0.0,0.0
2022-10-06 09:30:00-04:00,25.899999618530273,25.899999618530273,25.899999618530273,25.899999618530273,0,0.0,0.0
2022-10-06 13:30:00-04:00,25.90999984741211,25.938800811767578,25.90999984741211,25.938800811767578,482,0.0,0.0
2022-10-07 09:30:00-04:00,26.0,26.0,26.0,26.0,0,0.0,0.0
2022-10-07 11:30:00-04:00,26.0,26.0,26.0,26.0,129,0.0,0.0
2022-10-07 12:30:00-04:00,25.950000762939453,25.969999313354492,25.950000762939453,25.969999313354492,693,0.0,0.0
2022-10-07 13:30:00-04:00,25.969999313354492,25.969999313354492,25.969999313354492,25.969999313354492,326,0.0,0.0
2022-10-10 09:30:00-04:00,25.16010093688965,25.16010093688965,25.16010093688965,25.16010093688965,0,0.0,0.0
2022-10-10 15:30:00-04:00,25.299999237060547,25.299999237060547,25.299999237060547,25.299999237060547,0,0.0,0.0
2022-10-11 10:30:00-04:00,25.7096004486084,25.7096004486084,25.700000762939453,25.700000762939453,460,0.0,0.0
2022-10-11 11:30:00-04:00,25.75,25.75,25.75,25.75,628,0.0,0.0
2022-10-11 15:30:00-04:00,25.346099853515625,25.346099853515625,25.270000457763672,25.270000457763672,1802,0.0,0.0
2022-10-12 10:30:00-04:00,25.23110008239746,25.685100555419922,25.23110008239746,25.67959976196289,1334,0.0,0.0
2022-10-12 11:30:00-04:00,25.600099563598633,25.600099563598633,25.600000381469727,25.600000381469727,778,0.0,0.0
2022-10-12 12:30:00-04:00,25.54400062561035,25.600000381469727,25.520000457763672,25.600000381469727,2754,0.0,0.0
2022-10-12 13:30:00-04:00,25.599899291992188,25.600000381469727,25.59000015258789,25.600000381469727,5593,0.0,0.0
2022-10-12 14:30:00-04:00,25.600099563598633,25.600099563598633,25.15999984741211,25.15999984741211,0,0.0,0.0
2022-10-13 09:30:00-04:00,25.149999618530273,25.43000030517578,25.149999618530273,25.43000030517578,604,0.0,0.0
2022-10-13 11:30:00-04:00,25.59000015258789,25.600000381469727,25.59000015258789,25.600000381469727,3036,0.0,0.0
2022-10-13 12:30:00-04:00,25.59000015258789,25.600000381469727,25.559999465942383,25.59000015258789,1778,0.0,0.0
2022-10-13 13:30:00-04:00,25.549999237060547,25.600000381469727,25.549999237060547,25.600000381469727,4223,0.0,0.0
2022-10-13 14:30:00-04:00,25.6200008392334,25.6200008392334,25.600000381469727,25.600000381469727,1461,0.0,0.0
2022-10-14 09:30:00-04:00,26.0,26.049999237060547,26.0,26.031999588012695,0,0.0,0.0
2022-10-14 10:30:00-04:00,25.649999618530273,25.649999618530273,25.649999618530273,25.649999618530273,114,0.0,0.0
2022-10-14 13:30:00-04:00,25.709999084472656,25.709999084472656,25.709999084472656,25.709999084472656,334,0.0,0.0
2022-10-17 09:30:00-04:00,26.06999969482422,26.06999969482422,25.5,25.5,0,0.0,0.0
2022-10-18 10:30:00-04:00,25.549999237060547,25.549999237060547,25.549999237060547,25.549999237060547,0,0.0,0.0
2022-10-18 11:30:00-04:00,25.790000915527344,25.790000915527344,25.790000915527344,25.790000915527344,702,0.0,0.0
2022-10-18 14:30:00-04:00,25.81999969482422,25.81999969482422,25.81999969482422,25.81999969482422,217,0.0,0.0
2022-10-20 09:30:00-04:00,25.729999542236328,25.729999542236328,25.729999542236328,25.729999542236328,758,0.0,0.0
2022-10-20 10:30:00-04:00,25.729999542236328,25.729999542236328,25.729999542236328,25.729999542236328,175,0.0,0.0
2022-10-20 12:30:00-04:00,25.690000534057617,25.690000534057617,25.690000534057617,25.690000534057617,239,0.0,0.0
2022-10-21 09:30:00-04:00,26.0,26.0,26.0,26.0,0,0.0,0.0
2022-10-21 10:30:00-04:00,26.0,26.0,26.0,26.0,535,0.0,0.0
2022-10-21 13:30:00-04:00,25.989999771118164,26.049999237060547,25.989999771118164,26.030000686645508,711,0.0,0.0
2022-10-24 13:30:00-04:00,25.31999969482422,25.610000610351562,25.222200393676758,25.59239959716797,0,0.0,0.0
2022-10-25 09:30:00-04:00,25.999900817871094,25.999900817871094,25.999900817871094,25.999900817871094,462,0.0,0.0
2022-10-25 13:30:00-04:00,25.950000762939453,25.950000762939453,25.950000762939453,25.950000762939453,426,0.0,0.0
2022-10-25 14:30:00-04:00,25.950000762939453,25.950000762939453,25.75,25.75,604,0.0,0.0
2022-10-25 15:30:00-04:00,26.0,26.0,26.0,26.0,200,0.0,0.0
2022-10-26 09:30:00-04:00,26.0,26.0,26.0,26.0,0,0.0,0.0
2022-10-26 12:30:00-04:00,25.850000381469727,25.850000381469727,25.850000381469727,25.850000381469727,588,0.0,0.0
2022-10-26 15:30:00-04:00,25.40999984741211,25.40999984741211,25.40999984741211,25.40999984741211,0,0.0,0.0
2022-10-28 09:30:00-04:00,26.0,26.09000015258789,25.549999237060547,25.549999237060547,819,0.0,0.0
2022-10-28 10:30:00-04:00,26.04170036315918,26.04170036315918,26.04170036315918,26.04170036315918,680,0.0,0.0
2022-10-28 14:30:00-04:00,25.950000762939453,25.950000762939453,25.850000381469727,25.850000381469727,871,0.0,0.0
2022-10-31 11:30:00-04:00,26.110000610351562,26.110000610351562,26.110000610351562,26.110000610351562,0,0.0,0.0
2022-11-02 12:30:00-04:00,26.25,26.25,26.25,26.25,0,0.0,0.0
2022-11-02 13:30:00-04:00,26.200000762939453,26.200000762939453,26.200000762939453,26.200000762939453,101,0.0,0.0
2022-11-02 15:30:00-04:00,25.950000762939453,25.950000762939453,25.950000762939453,25.950000762939453,268,0.0,0.0
2022-11-03 09:30:00-04:00,27.200000762939453,27.200000762939453,27.200000762939453,27.200000762939453,235,0.0,0.0
2022-11-03 14:30:00-04:00,26.118200302124023,26.118200302124023,26.111499786376953,26.111499786376953,475,0.0,0.0
2022-11-03 15:30:00-04:00,26.200000762939453,26.200000762939453,26.200000762939453,26.200000762939453,0,0.0,0.0
2022-11-04 14:30:00-04:00,26.989999771118164,26.989999771118164,25.620100021362305,25.620100021362305,2088,0.0,0.0
2022-11-04 15:30:00-04:00,25.90999984741211,26.450000762939453,25.90999984741211,26.450000762939453,256,0.0,0.0
2022-11-07 14:30:00-05:00,26.125,26.125,26.125,26.125,1,0.0,0.0
2022-11-08 09:30:00-05:00,26.375,26.375,26.375,26.375,111,0.0,0.0
2022-11-08 11:30:00-05:00,26.149999618530273,26.149999618530273,26.049999237060547,26.049999237060547,330,0.0,0.0
2022-11-08 12:30:00-05:00,26.0,26.0,26.0,26.0,147,0.0,0.0
2022-11-08 15:30:00-05:00,25.809999465942383,25.809999465942383,25.809999465942383,25.809999465942383,0,0.0,0.0
2022-11-09 09:30:00-05:00,25.769100189208984,25.769100189208984,25.769100189208984,25.769100189208984,1154,0.0,0.0
2022-11-09 12:30:00-05:00,25.709999084472656,25.709999084472656,25.40999984741211,25.40999984741211,1857,0.0,0.0
2022-11-09 13:30:00-05:00,25.399900436401367,25.399999618530273,25.399900436401367,25.399999618530273,4152,0.0,0.0
2022-11-10 11:30:00-05:00,25.523399353027344,25.704999923706055,25.469999313354492,25.469999313354492,584,0.0,0.0
2022-11-10 12:30:00-05:00,25.729999542236328,25.729999542236328,25.729999542236328,25.729999542236328,0,0.0,0.0
2022-11-11 09:30:00-05:00,25.450000762939453,25.450000762939453,25.450000762939453,25.450000762939453,451,0.0,0.0
2022-11-11 10:30:00-05:00,25.860000610351562,25.8799991607666,25.860000610351562,25.8799991607666,465,0.0,0.0
2022-11-11 12:30:00-05:00,25.549999237060547,25.549999237060547,25.450000762939453,25.450000762939453,479,0.0,0.0
2022-11-11 15:30:00-05:00,25.700000762939453,25.700000762939453,25.700000762939453,25.700000762939453,386,0.0,0.0
2022-11-14 10:30:00-05:00,25.884899139404297,25.884899139404297,25.884899139404297,25.884899139404297,250,0.0,0.0
2022-11-14 14:30:00-05:00,25.479999542236328,25.5,25.479999542236328,25.5,631,0.0,0.0
2022-11-14 15:30:00-05:00,25.600000381469727,25.600000381469727,25.600000381469727,25.600000381469727,0,0.0,0.0
2022-11-15 09:30:00-05:00,25.530000686645508,25.530000686645508,25.530000686645508,25.530000686645508,163,0.0,0.0
2022-11-15 10:30:00-05:00,25.66360092163086,25.66360092163086,25.65999984741211,25.65999984741211,1572,0.0,0.0
2022-11-15 13:30:00-05:00,25.549999237060547,25.549999237060547,25.549999237060547,25.549999237060547,760,0.0,0.0
2022-11-15 14:30:00-05:00,25.946500778198242,25.946500778198242,25.946500778198242,25.946500778198242,2058,0.0,0.0
2022-11-15 15:30:00-05:00,25.729999542236328,25.739999771118164,25.729999542236328,25.729999542236328,674,0.0,0.0
2022-11-16 10:30:00-05:00,25.625,25.625,25.625,25.625,0,0.0,0.0
2022-11-16 11:30:00-05:00,25.749900817871094,25.749900817871094,25.749900817871094,25.749900817871094,4002,0.0,0.0
2022-11-16 15:30:00-05:00,25.600000381469727,25.600000381469727,25.600000381469727,25.600000381469727,474,0.0,0.0
2022-11-17 12:30:00-05:00,25.600000381469727,25.600000381469727,25.600000381469727,25.600000381469727,0,0.0,0.0
2022-11-17 14:30:00-05:00,25.59000015258789,25.59000015258789,25.450000762939453,25.59000015258789,754,0.0,0.0
2022-11-17 15:30:00-05:00,25.600000381469727,25.600000381469727,25.600000381469727,25.600000381469727,0,0.0,0.0
2022-11-18 13:30:00-05:00,25.600000381469727,25.600000381469727,25.600000381469727,25.600000381469727,336,0.0,0.0
2022-11-18 14:30:00-05:00,25.75,25.75,25.75,25.75,271,0.0,0.0
2022-11-18 15:30:00-05:00,25.749900817871094,25.75,25.6200008392334,25.75,4283,0.0,0.0
2022-11-21 10:30:00-05:00,25.799999237060547,25.799999237060547,25.56999969482422,25.56999969482422,265,0.0,0.0
2022-11-21 13:30:00-05:00,25.600000381469727,25.600000381469727,25.600000381469727,25.600000381469727,462,0.0,0.0
2022-11-22 09:30:00-05:00,25.510000228881836,25.724000930786133,25.5,25.5,1848,0.0,0.0
2022-11-22 13:30:00-05:00,25.5,25.507999420166016,25.5,25.5,1176,0.0,0.0
2022-11-23 09:30:00-05:00,25.600000381469727,25.600000381469727,25.5,25.5,0,0.0,0.0
2022-11-23 10:30:00-05:00,25.5,25.5,25.5,25.5,231,0.0,0.0
2022-11-23 11:30:00-05:00,25.479999542236328,25.81839942932129,25.252500534057617,25.252500534057617,2038,0.0,0.0
2022-11-23 15:30:00-05:00,25.489999771118164,25.489999771118164,25.489999771118164,25.489999771118164,161,0.0,0.0
2022-11-25 11:30:00-05:00,25.649999618530273,25.649999618530273,25.649999618530273,25.649999618530273,651,0.0,0.0
2022-11-28 09:30:00-05:00,25.690000534057617,25.800800323486328,25.600000381469727,25.800800323486328,669,0.0,0.0
2022-11-28 10:30:00-05:00,25.950000762939453,25.950000762939453,25.940000534057617,25.940000534057617,524,0.0,0.0
2022-11-28 11:30:00-05:00,25.959999084472656,25.969999313354492,25.93000030517578,25.969999313354492,300,0.0,0.0
2022-11-28 12:30:00-05:00,25.979999542236328,26.0,25.760000228881836,26.0,624,0.0,0.0
2022-11-28 13:30:00-05:00,26.0,26.799999237060547,25.850000381469727,26.31999969482422,2333,0.0,0.0
2022-11-28 14:30:00-05:00,26.010000228881836,26.600000381469727,26.010000228881836,26.600000381469727,0,0.0,0.0
2022-11-29 14:30:00-05:00,26.0,26.0,25.684999465942383,25.684999465942383,1113,0.0,0.0
2022-11-29 15:30:00-05:00,25.989999771118164,26.139400482177734,25.674999237060547,25.674999237060547,1717,0.0,0.0
2022-11-30 09:30:00-05:00,26.0,26.906999588012695,26.0,26.906999588012695,906,0.0,0.0
2022-11-30 10:30:00-05:00,26.269899368286133,26.269899368286133,26.269899368286133,26.269899368286133,230,0.0,0.0
2022-11-30 14:30:00-05:00,26.229999542236328,26.229999542236328,25.540000915527344,25.540000915527344,1088,0.0,0.0
2022-11-30 15:30:00-05:00,25.559999465942383,25.559999465942383,24.342857360839844,24.342857360839844,276,0.0,0.0
2022-12-01 09:30:00-05:00,25.649999618530273,25.649999618530273,25.649999618530273,25.649999618530273,229,0.0,0.0
2022-12-01 10:30:00-05:00,25.040000915527344,25.149999618530273,25.040000915527344,25.149999618530273,1178,0.0,0.0
2022-12-01 11:30:00-05:00,24.959299087524414,25.25,24.959299087524414,25.25,2264,0.0,0.0
2022-12-01 12:30:00-05:00,25.229999542236328,25.239999771118164,24.55500030517578,24.55500030517578,3509,0.0,0.0
2022-12-01 13:30:00-05:00,25.14889907836914,25.14889907836914,25.100000381469727,25.100000381469727,3247,0.0,0.0
2022-12-01 15:30:00-05:00,25.050500869750977,25.09000015258789,25.04990005493164,25.09000015258789,1018,0.0,0.0
2022-12-02 09:30:00-05:00,25.139999389648438,25.139999389648438,25.139999389648438,25.139999389648438,285,0.0,0.0
2022-12-02 11:30:00-05:00,24.76799964904785,25.524999618530273,24.76799964904785,25.209999084472656,7627,0.0,0.0
2022-12-02 12:30:00-05:00,25.450000762939453,25.450000762939453,25.450000762939453,25.450000762939453,177,0.0,0.0
2022-12-02 15:30:00-05:00,25.1737003326416,25.1737003326416,25.1737003326416,25.1737003326416,131,0.0,0.0
2022-12-05 09:30:00-05:00,24.75,24.75,23.980100631713867,23.980100631713867,1156,0.0,0.0
2022-12-05 10:30:00-05:00,24.200000762939453,25.100000381469727,24.200000762939453,24.25,2984,0.0,0.0
2022-12-05 11:30:00-05:00,24.299999237060547,24.614999771118164,24.219999313354492,24.614999771118164,1895,0.0,0.0
2022-12-05 13:30:00-05:00,24.219999313354492,24.799999237060547,24.219999313354492,24.649999618530273,7438,0.0,0.0
2022-12-05 14:30:00-05:00,24.510000228881836,24.510000228881836,24.510000228881836,24.510000228881836,1515,0.0,0.0
2022-12-05 15:30:00-05:00,24.699899673461914,24.899999618530273,24.649999618530273,24.899999618530273,2309,0.0,0.0
2022-12-06 10:30:00-05:00,24.700000762939453,24.71500015258789,24.700000762939453,24.700700759887695,0,0.0,0.0
2022-12-06 12:30:00-05:00,24.739999771118164,24.739999771118164,24.739999771118164,24.739999771118164,525,0.0,0.0
2022-12-06 13:30:00-05:00,24.59000015258789,24.59000015258789,24.579999923706055,24.579999923706055,755,0.0,0.0
2022-12-06 15:30:00-05:00,24.450000762939453,24.552000045776367,24.450000762939453,24.450000762939453,2364,0.0,0.0
2022-12-07 09:30:00-05:00,24.299999237060547,24.299999237060547,24.299999237060547,24.299999237060547,931,0.0,0.0
2022-12-07 10:30:00-05:00,24.249900817871094,24.299999237060547,24.229999542236328,24.299999237060547,17467,0.0,0.0
2022-12-07 11:30:00-05:00,24.329999923706055,24.329999923706055,24.329999923706055,24.329999923706055,615,0.0,0.0
2022-12-07 12:30:00-05:00,24.299999237060547,24.40999984741211,24.280000686645508,24.399999618530273,1965,0.0,0.0
2022-12-07 15:30:00-05:00,24.469999313354492,24.5,24.389999389648438,24.389999389648438,2851,0.0,0.0
2022-12-08 13:30:00-05:00,24.1299991607666,24.1299991607666,24.1299991607666,24.1299991607666,1118,0.0,0.0
2022-12-09 09:30:00-05:00,24.299999237060547,24.299999237060547,24.299999237060547,24.299999237060547,0,0.0,0.0
2022-12-09 11:30:00-05:00,24.62030029296875,24.62030029296875,24.299999237060547,24.299999237060547,1013,0.0,0.0
2022-12-09 12:30:00-05:00,24.399999618530273,24.399999618530273,24.299999237060547,24.299999237060547,977,0.0,0.0
2022-12-09 15:30:00-05:00,24.375,24.375,24.299999237060547,24.299999237060547,1197,0.0,0.0
2022-12-12 09:30:00-05:00,24.219999313354492,24.219999313354492,24.219999313354492,24.219999313354492,0,0.0,0.0
2022-12-12 14:30:00-05:00,24.200000762939453,24.299999237060547,24.200000762939453,24.200000762939453,924,0.0,0.0
2022-12-12 15:30:00-05:00,24.219999313354492,24.219999313354492,24.219999313354492,24.219999313354492,692,0.0,0.0
2022-12-13 09:30:00-05:00,24.309999465942383,24.357900619506836,24.309999465942383,24.357900619506836,1291,0.0,0.0
2022-12-13 10:30:00-05:00,24.31999969482422,24.31999969482422,24.31999969482422,24.31999969482422,682,0.0,0.0
2022-12-13 11:30:00-05:00,25.0,25.429899215698242,24.350000381469727,25.420000076293945,11246,0.0,0.0
2022-12-13 14:30:00-05:00,24.969999313354492,24.969999313354492,24.920000076293945,24.93000030517578,762,0.0,0.0
2022-12-13 15:30:00-05:00,24.330299377441406,24.330299377441406,24.330299377441406,24.330299377441406,446,0.0,0.0
2022-12-14 09:30:00-05:00,24.260000228881836,24.260000228881836,24.260000228881836,24.260000228881836,0,0.0,0.0
2022-12-14 11:30:00-05:00,24.309999465942383,24.309999465942383,24.2549991607666,24.2549991607666,354,0.0,0.0
2022-12-14 12:30:00-05:00,24.59000015258789,24.59000015258789,24.59000015258789,24.59000015258789,103,0.0,0.0
2022-12-14 13:30:00-05:00,24.260000228881836,24.260000228881836,24.260000228881836,24.260000228881836,329,0.0,0.0
2022-12-14 14:30:00-05:00,24.420000076293945,24.75,24.420000076293945,24.75,2189,0.0,0.0
2022-12-14 15:30:00-05:00,24.389999389648438,24.969999313354492,23.760000228881836,23.850000381469727,9728,0.0,0.0
2022-12-15 09:30:00-05:00,23.950000762939453,24.0,23.739999771118164,23.75,2494,0.0,0.0
2022-12-15 10:30:00-05:00,23.75,23.75,23.75,23.75,808,0.0,0.0
2022-12-15 11:30:00-05:00,23.86240005493164,23.86240005493164,23.5,23.5,2707,0.0,0.0
2022-12-15 12:30:00-05:00,23.450000762939453,23.850000381469727,23.434999465942383,23.850000381469727,3979,0.0,0.0
2022-12-15 15:30:00-05:00,23.979999542236328,23.979999542236328,22.899999618530273,22.90999984741211,16950,0.0,0.0
2022-12-16 09:30:00-05:00,22.899999618530273,22.899999618530273,22.690000534057617,22.707599639892578,0,0.0,0.0
2022-12-16 10:30:00-05:00,23.200000762939453,23.200000762939453,22.979999542236328,22.979999542236328,1182,0.0,0.0
2022-12-16 11:30:00-05:00,22.889999389648438,22.899999618530273,22.889999389648438,22.899999618530273,982,0.0,0.0
2022-12-16 12:30:00-05:00,23.0,23.059999465942383,23.0,23.059999465942383,1703,0.0,0.0
2022-12-16 13:30:00-05:00,23.06999969482422,23.06999969482422,23.0,23.0,1380,0.0,0.0
2022-12-16 14:30:00-05:00,23.0,23.049999237060547,23.0,23.049999237060547,2728,0.0,0.0
2022-12-16 15:30:00-05:00,23.09000015258789,23.09000015258789,21.760000228881836,22.061500549316406,11240,0.0,0.0
2022-12-19 09:30:00-05:00,22.0,22.020000457763672,22.0,22.020000457763672,1401,0.0,0.0
2022-12-19 11:30:00-05:00,22.0,22.066699981689453,21.7549991607666,21.895700454711914,5391,0.0,0.0
2022-12-19 12:30:00-05:00,21.889999389648438,21.899999618530273,21.84000015258789,21.84000015258789,2876,0.0,0.0
2022-12-19 13:30:00-05:00,21.780000686645508,21.780000686645508,21.43779945373535,21.489999771118164,1142,0.0,0.0
2022-12-19 14:30:00-05:00,21.5,22.19219970703125,21.5,22.19219970703125,1357,0.0,0.0
2022-12-19 15:30:00-05:00,21.34000015258789,21.690000534057617,20.670000076293945,21.049999237060547,9108,0.0,0.0
2022-12-20 09:30:00-05:00,21.190000534057617,21.49049949645996,21.100000381469727,21.15089988708496,0,0.0,0.0
2022-12-20 12:30:00-05:00,21.839000701904297,21.839000701904297,21.839000701904297,21.839000701904297,292,0.0,0.0
2022-12-20 14:30:00-05:00,21.989999771118164,21.989999771118164,21.75,21.850000381469727,6717,0.0,0.0
2022-12-20 15:30:00-05:00,21.850000381469727,21.93000030517578,21.56999969482422,21.93000030517578,9926,0.0,0.0
2022-12-21 12:30:00-05:00,21.90999984741211,21.90999984741211,21.90999984741211,21.90999984741211,0,0.0,0.0
2022-12-21 15:30:00-05:00,21.812999725341797,21.812999725341797,21.812999725341797,21.812999725341797,352,0.0,0.0
2022-12-22 09:30:00-05:00,21.260000228881836,21.260000228881836,21.260000228881836,21.260000228881836,30,0.0,0.0
2022-12-22 14:30:00-05:00,21.709999084472656,21.709999084472656,21.709999084472656,21.709999084472656,295,0.0,0.0
2022-12-22 15:30:00-05:00,21.719999313354492,21.719999313354492,21.540000915527344,21.540000915527344,516,0.0,0.0
2022-12-23 09:30:00-05:00,21.719999313354492,21.719999313354492,21.719999313354492,21.719999313354492,0,0.0,0.0
2022-12-27 09:30:00-05:00,21.989999771118164,21.989999771118164,21.989999771118164,21.989999771118164,388,0.0,0.0
2022-12-27 10:30:00-05:00,21.785600662231445,21.785600662231445,21.785600662231445,21.785600662231445,190,0.0,0.0
2022-12-27 12:30:00-05:00,22.25,22.25,22.25,22.25,663,0.0,0.0
2022-12-27 15:30:00-05:00,22.229999542236328,22.229999542236328,22.229999542236328,22.229999542236328,100,0.0,0.0
2022-12-28 09:30:00-05:00,22.1299991607666,22.479999542236328,21.523500442504883,21.523500442504883,0,0.0,0.0
2022-12-28 10:30:00-05:00,22.15999984741211,22.273000717163086,22.15999984741211,22.273000717163086,384,0.0,0.0
2022-12-28 11:30:00-05:00,22.149999618530273,22.149999618530273,22.149999618530273,22.149999618530273,392,0.0,0.0
2022-12-28 12:30:00-05:00,22.200000762939453,22.200000762939453,22.200000762939453,22.200000762939453,106,0.0,0.0
2022-12-28 13:30:00-05:00,22.368000030517578,22.469999313354492,22.190000534057617,22.469999313354492,6988,0.0,0.0
2022-12-28 14:30:00-05:00,22.645000457763672,22.645000457763672,22.645000457763672,22.645000457763672,311,0.0,0.0
2022-12-28 15:30:00-05:00,22.5,22.761899948120117,22.5,22.56999969482422,1142,0.0,0.0
2022-12-29 09:30:00-05:00,22.639999389648438,22.75,22.5,22.75,16980,0.0,0.0
2022-12-29 10:30:00-05:00,22.850000381469727,22.920000076293945,22.639999389648438,22.639999389648438,3806,0.0,0.0
2022-12-29 12:30:00-05:00,22.700000762939453,22.850000381469727,22.700000762939453,22.760000228881836,2007,0.0,0.0
2022-12-29 14:30:00-05:00,22.860000610351562,22.860000610351562,22.860000610351562,22.860000610351562,101,0.0,0.0
2022-12-29 15:30:00-05:00,22.860000610351562,22.860000610351562,22.760000228881836,22.770000457763672,416,0.0,0.0
2022-12-30 09:30:00-05:00,22.75,22.75,22.75,22.75,0,0.0,0.0
2022-12-30 11:30:00-05:00,22.6299991607666,22.6299991607666,22.5,22.629899978637695,25410,0.0,0.0
2022-12-30 12:30:00-05:00,22.610000610351562,22.610000610351562,22.610000610351562,22.610000610351562,184,0.0,0.0
2022-12-30 13:30:00-05:00,22.56999969482422,22.56999969482422,22.56999969482422,22.56999969482422,219,0.0,0.0
2022-12-30 14:30:00-05:00,22.610000610351562,22.610000610351562,22.610000610351562,22.610000610351562,204,0.0,0.0
2022-12-30 15:30:00-05:00,22.600000381469727,22.610000610351562,22.360000610351562,22.360000610351562,337,0.0,0.0
2023-01-03 09:30:00-05:00,22.6299991607666,22.6299991607666,22.4468994140625,22.4468994140625,0,0.0,0.0
2023-01-03 10:30:00-05:00,22.475000381469727,22.475000381469727,22.475000381469727,22.475000381469727,276,0.0,0.0
2023-01-03 14:30:00-05:00,22.329999923706055,22.547800064086914,22.329999923706055,22.547800064086914,1609,0.0,0.0
2023-01-03 15:30:00-05:00,22.329999923706055,22.34000015258789,22.329999923706055,22.329999923706055,1243,0.0,0.0
2023-01-04 09:30:00-05:00,22.329999923706055,22.329999923706055,22.329999923706055,22.329999923706055,666,0.0,0.0
2023-01-04 13:30:00-05:00,22.479999542236328,22.479999542236328,22.329999923706055,22.329999923706055,1760,0.0,0.0
2023-01-05 09:30:00-05:00,22.441499710083008,22.441499710083008,22.441499710083008,22.441499710083008,0,0.0,0.0
2023-01-05 10:30:00-05:00,22.2450008392334,22.2450008392334,22.135000228881836,22.135000228881836,360,0.0,0.0
2023-01-05 11:30:00-05:00,22.26020050048828,22.26020050048828,22.26020050048828,22.26020050048828,364,0.0,0.0
2023-01-05 12:30:00-05:00,22.1299991607666,22.1299991607666,22.1299991607666,22.1299991607666,344,0.0,0.0
2023-01-05 15:30:00-05:00,22.1200008392334,22.1200008392334,22.049999237060547,22.049999237060547,726,0.0,0.0
2023-01-06 09:30:00-05:00,22.0,22.0,21.959999084472656,21.959999084472656,0,0.0,0.0
2023-01-06 10:30:00-05:00,21.969999313354492,21.969999313354492,21.969999313354492,21.969999313354492,202,0.0,0.0
2023-01-06 11:30:00-05:00,21.889999389648438,21.959999084472656,21.889999389648438,21.959999084472656,372,0.0,0.0
2023-01-06 12:30:00-05:00,21.729999542236328,21.729999542236328,21.729999542236328,21.729999542236328,1615,0.0,0.0
2023-01-09 09:30:00-05:00,21.719999313354492,21.719999313354492,21.719999313354492,21.719999313354492,0,0.0,0.0
2023-01-09 11:30:00-05:00,21.809999465942383,21.809999465942383,21.809999465942383,21.809999465942383,114,0.0,0.0
2023-01-09 13:30:00-05:00,22.044700622558594,22.044700622558594,22.044700622558594,22.044700622558594,256,0.0,0.0
2023-01-10 09:30:00-05:00,21.93000030517578,21.93000030517578,21.360000610351562,21.80500030517578,545,0.0,0.0
2023-01-10 10:30:00-05:00,21.958200454711914,21.958200454711914,21.958200454711914,21.958200454711914,176,0.0,0.0
2023-01-10 12:30:00-05:00,21.90999984741211,21.90999984741211,21.90999984741211,21.90999984741211,405,0.0,0.0
2023-01-10 13:30:00-05:00,21.940000534057617,21.940000534057617,21.940000534057617,21.940000534057617,152,0.0,0.0
2023-01-10 15:30:00-05:00,22.239999771118164,22.239999771118164,22.239999771118164,22.239999771118164,354,0.0,0.0
2023-01-11 09:30:00-05:00,22.020000457763672,22.020000457763672,22.020000457763672,22.020000457763672,0,0.0,0.0
2023-01-11 14:30:00-05:00,22.329999923706055,22.329999923706055,22.329999923706055,22.329999923706055,445,0.0,0.0
2023-01-11 15:30:00-05:00,22.34000015258789,22.34000015258789,22.34000015258789,22.34000015258789,296,0.0,0.0
2023-01-12 09:30:00-05:00,22.579999923706055,22.59000015258789,22.44729995727539,22.44729995727539,0,0.0,0.0
2023-01-12 10:30:00-05:00,22.3799991607666,22.3799991607666,22.3799991607666,22.3799991607666,202,0.0,0.0
2023-01-12 13:30:00-05:00,22.450000762939453,22.450000762939453,22.450000762939453,22.450000762939453,128,0.0,0.0
2023-01-12 14:30:00-05:00,22.68000030517578,22.68000030517578,22.68000030517578,22.68000030517578,170,0.0,0.0
2023-01-12 15:30:00-05:00,22.70989990234375,22.709999084472656,22.485000610351562,22.709999084472656,1900,0.0,0.0
2023-01-13 09:30:00-05:00,22.6200008392334,22.6200008392334,22.6200008392334,22.6200008392334,0,0.0,0.0
2023-01-13 13:30:00-05:00,22.75,22.75,22.75,22.75,465,0.0,0.0
2023-01-13 14:30:00-05:00,22.850000381469727,22.854999542236328,22.850000381469727,22.854999542236328,357,0.0,0.0
2023-01-13 15:30:00-05:00,22.770000457763672,22.770000457763672,22.770000457763672,22.770000457763672,203,0.0,0.0
2023-01-17 09:30:00-05:00,22.96109962463379,22.96109962463379,22.8700008392334,22.8700008392334,474,0.0,0.0
2023-01-17 10:30:00-05:00,22.940000534057617,22.940000534057617,22.889999389648438,22.889999389648438,453,0.0,0.0
2023-01-17 11:30:00-05:00,22.989900588989258,22.989900588989258,22.989900588989258,22.989900588989258,368,0.0,0.0
2023-01-17 12:30:00-05:00,22.93000030517578,23.197399139404297,22.895000457763672,22.895000457763672,2566,0.0,0.0
2023-01-17 13:30:00-05:00,22.950000762939453,23.110000610351562,22.899999618530273,23.110000610351562,5162,0.0,0.0
2023-01-17 14:30:00-05:00,23.0,23.0,22.899999618530273,22.975000381469727,2526,0.0,0.0
2023-01-17 15:30:00-05:00,22.95009994506836,23.15999984741211,22.95009994506836,23.15999984741211,1491,0.0,0.0
2023-01-18 09:30:00-05:00,22.870800018310547,22.870800018310547,22.75,22.75,0,0.0,0.0
2023-01-18 11:30:00-05:00,22.399999618530273,22.940000534057617,22.375,22.848100662231445,2160,0.0,0.0
2023-01-18 14:30:00-05:00,22.75,22.75,22.75,22.75,460,0.0,0.0
2023-01-18 15:30:00-05:00,22.325000762939453,22.325000762939453,22.309999465942383,22.31999969482422,806,0.0,0.0
2023-01-19 09:30:00-05:00,22.360000610351562,22.505800247192383,22.360000610351562,22.450000762939453,0,0.0,0.0
2023-01-19 10:30:00-05:00,22.25,22.25,22.25,22.25,150,0.0,0.0
2023-01-19 11:30:00-05:00,22.4601993560791,22.4601993560791,22.4601993560791,22.4601993560791,2955,0.0,0.0
2023-01-19 14:30:00-05:00,22.139999389648438,22.450000762939453,22.139999389648438,22.450000762939453,2095,0.0,0.0
2023-01-19 15:30:00-05:00,22.072200775146484,22.31999969482422,22.072200775146484,22.31999969482422,597,0.0,0.0
2023-01-20 09:30:00-05:00,22.31999969482422,22.31999969482422,22.31999969482422,22.31999969482422,0,0.0,0.0
2023-01-20 11:30:00-05:00,22.184999465942383,22.184999465942383,22.184999465942383,22.184999465942383,158,0.0,0.0
2023-01-20 13:30:00-05:00,22.209999084472656,22.209999084472656,22.209999084472656,22.209999084472656,354,0.0,0.0
2023-01-20 14:30:00-05:00,22.209999084472656,22.209999084472656,22.209999084472656,22.209999084472656,124,0.0,0.0
2023-01-20 15:30:00-05:00,22.360000610351562,22.360000610351562,22.360000610351562,22.360000610351562,254,0.0,0.0
2023-01-24 09:30:00-05:00,22.190000534057617,22.190000534057617,22.190000534057617,22.190000534057617,149,0.0,0.0
2023-01-24 13:30:00-05:00,22.360000610351562,22.360000610351562,22.360000610351562,22.360000610351562,208,0.0,0.0
2023-01-24 14:30:00-05:00,22.25,22.25,22.25,22.25,104,0.0,0.0
2023-01-24 15:30:00-05:00,22.149999618530273,22.149999618530273,22.149999618530273,22.149999618530273,207,0.0,0.0
2023-01-25 09:30:00-05:00,22.0,22.0,22.0,22.0,384,0.0,0.0
2023-01-25 11:30:00-05:00,22.0,22.350000381469727,22.0,22.16790008544922,0,0.0,0.0
2023-01-26 10:30:00-05:00,22.114999771118164,22.114999771118164,22.114999771118164,22.114999771118164,155,0.0,0.0
2023-01-26 12:30:00-05:00,22.1200008392334,22.1200008392334,22.1200008392334,22.1200008392334,286,0.0,0.0
2023-01-27 09:30:00-05:00,22.25279998779297,22.25279998779297,22.25279998779297,22.25279998779297,541,0.0,0.0
2023-01-27 11:30:00-05:00,22.125,22.125,22.125,22.125,219,0.0,0.0
2023-01-30 15:30:00-05:00,22.200000762939453,22.200000762939453,22.200000762939453,22.200000762939453,1124,0.0,0.0
2023-01-31 09:30:00-05:00,22.079999923706055,22.18000030517578,22.079999923706055,22.18000030517578,0,0.0,0.0
2023-01-31 10:30:00-05:00,22.253700256347656,22.253700256347656,22.253700256347656,22.253700256347656,310,0.0,0.0
2023-01-31 14:30:00-05:00,22.260000228881836,22.260000228881836,22.25,22.260000228881836,685,0.0,0.0
2023-01-31 15:30:00-05:00,22.25,22.264799118041992,22.25,22.264799118041992,1788,0.0,0.0
2023-02-01 13:30:00-05:00,22.280000686645508,22.299999237060547,22.229999542236328,22.299999237060547,1435,0.0,0.0
2023-02-02 10:30:00-05:00,22.989999771118164,23.0,22.961700439453125,23.0,863,0.0,0.0
2023-02-02 12:30:00-05:00,22.750099182128906,22.750099182128906,22.750099182128906,22.750099182128906,296,0.0,0.0
2023-02-02 13:30:00-05:00,22.75,22.75,22.75,22.75,419,0.0,0.0
2023-02-03 09:30:00-05:00,23.0,25.18000030517578,23.0,23.584999084472656,5239,0.0,0.0
2023-02-03 10:30:00-05:00,23.5,23.5,23.5,23.5,1728,0.0,0.0
2023-02-03 11:30:00-05:00,23.5,23.5,23.5,23.5,828,0.0,0.0
2023-02-03 12:30:00-05:00,23.269699096679688,23.269699096679688,23.269699096679688,23.269699096679688,4402,0.0,0.0
2023-02-03 15:30:00-05:00,24.200000762939453,24.200000762939453,24.200000762939453,24.200000762939453,792,0.0,0.0
2023-02-06 10:30:00-05:00,23.65999984741211,23.65999984741211,23.65999984741211,23.65999984741211,1094,0.0,0.0
2023-02-06 11:30:00-05:00,23.44499969482422,23.44499969482422,23.44499969482422,23.44499969482422,987,0.0,0.0
2023-02-06 12:30:00-05:00,23.600000381469727,23.600000381469727,23.600000381469727,23.600000381469727,1732,0.0,0.0
2023-02-07 10:30:00-05:00,23.3799991607666,23.537700653076172,23.010000228881836,23.537700653076172,5985,0.0,0.0
2023-02-07 11:30:00-05:00,23.549999237060547,23.549999237060547,23.549999237060547,23.549999237060547,576,0.0,0.0
2023-02-07 13:30:00-05:00,23.440000534057617,23.440000534057617,23.440000534057617,23.440000534057617,0,0.0,0.0
2023-02-08 10:30:00-05:00,23.049999237060547,23.049999237060547,23.049999237060547,23.049999237060547,4266,0.0,0.0
2023-02-08 12:30:00-05:00,23.1299991607666,23.1299991607666,23.1299991607666,23.1299991607666,1355,0.0,0.0
2023-02-08 13:30:00-05:00,23.139999389648438,23.139999389648438,23.139999389648438,23.139999389648438,630,0.0,0.0
2023-02-08 15:30:00-05:00,23.0,23.0,22.780000686645508,22.780000686645508,746,0.0,0.0
2023-02-09 10:30:00-05:00,23.299999237060547,23.299999237060547,23.299999237060547,23.299999237060547,5999,0.0,0.0
2023-02-09 13:30:00-05:00,23.0,23.010000228881836,22.979999542236328,22.979999542236328,2200,0.0,0.0
2023-02-13 09:30:00-05:00,23.3700008392334,23.3700008392334,23.3700008392334,23.3700008392334,541,0.0,0.0
2023-02-13 10:30:00-05:00,23.0,23.0,23.0,23.0,610,0.0,0.0
2023-02-13 13:30:00-05:00,22.801300048828125,22.801300048828125,22.801300048828125,22.801300048828125,71,0.0,0.0
2023-02-14 11:30:00-05:00,22.899999618530273,23.0,22.899999618530273,23.0,3892,0.0,0.0
2023-02-14 14:30:00-05:00,22.989999771118164,22.989999771118164,22.989999771118164,22.989999771118164,114,0.0,0.0
2023-02-15 09:30:00-05:00,22.899999618530273,22.950000762939453,22.899999618530273,22.950000762939453,0,0.0,0.0
2023-02-15 10:30:00-05:00,23.059999465942383,23.059999465942383,23.059999465942383,23.059999465942383,1107,0.0,0.0
2023-02-15 11:30:00-05:00,22.899999618530273,22.93000030517578,22.899999618530273,22.912200927734375,7053,0.0,0.0
2023-02-15 12:30:00-05:00,22.951000213623047,22.951000213623047,22.951000213623047,22.951000213623047,1471,0.0,0.0
2023-02-15 13:30:00-05:00,22.959999084472656,22.959999084472656,22.959999084472656,22.959999084472656,268,0.0,0.0
2023-02-15 15:30:00-05:00,23.350000381469727,23.350000381469727,23.350000381469727,23.350000381469727,105,0.0,0.0
2023-02-16 09:30:00-05:00,22.93000030517578,22.93000030517578,22.93000030517578,22.93000030517578,1256,0.0,0.0
2023-02-16 14:30:00-05:00,23.09000015258789,23.09000015258789,23.09000015258789,23.09000015258789,695,0.0,0.0
2023-02-16 15:30:00-05:00,23.100000381469727,23.100000381469727,22.91360092163086,22.91360092163086,413,0.0,0.0
2023-02-17 09:30:00-05:00,22.899999618530273,23.149999618530273,22.899999618530273,23.007400512695312,0,0.0,0.0
2023-02-17 11:30:00-05:00,22.950000762939453,23.100000381469727,22.950000762939453,23.030000686645508,2958,0.0,0.0
2023-02-17 15:30:00-05:00,23.239999771118164,23.239999771118164,23.030000686645508,23.030000686645508,1940,0.0,0.0
2023-02-21 09:30:00-05:00,22.899999618530273,22.899999618530273,22.899999618530273,22.899999618530273,2015,0.0,0.0
2023-02-21 12:30:00-05:00,23.1200008392334,23.1200008392334,23.1200008392334,23.1200008392334,0,0.0,0.0
2023-02-22 09:30:00-05:00,23.350000381469727,23.350000381469727,23.350000381469727,23.350000381469727,2185,0.0,0.0
2023-02-22 12:30:00-05:00,22.90999984741211,22.90999984741211,22.90999984741211,22.90999984741211,497,0.0,0.0
2023-02-22 14:30:00-05:00,22.969999313354492,22.969999313354492,22.93000030517578,22.93000030517578,418,0.0,0.0
2023-02-23 09:30:00-05:00,23.020000457763672,23.020000457763672,23.020000457763672,23.020000457763672,0,0.0,0.0
2023-02-24 11:30:00-05:00,23.010000228881836,23.010000228881836,23.010000228881836,23.010000228881836,194,0.0,0.0
2023-02-24 15:30:00-05:00,23.208999633789062,23.209400177001953,23.20840072631836,23.208999633789062,1511,0.0,0.0
2023-02-27 09:30:00-05:00,23.280000686645508,23.280000686645508,23.010099411010742,23.051799774169922,2841,0.0,0.0
2023-02-27 10:30:00-05:00,23.170000076293945,23.170000076293945,23.110000610351562,23.15999984741211,821,0.0,0.0
2023-02-27 11:30:00-05:00,23.15999984741211,23.31999969482422,23.020000457763672,23.020000457763672,720,0.0,0.0
2023-02-27 12:30:00-05:00,23.149999618530273,23.375,23.139999389648438,23.3700008392334,801,0.0,0.0
2023-02-27 13:30:00-05:00,23.389999389648438,23.389999389648438,23.030000686645508,23.25,1118,0.0,0.0
2023-02-27 14:30:00-05:00,23.3799991607666,23.3799991607666,23.312400817871094,23.360000610351562,1033,0.0,0.0
2023-02-27 15:30:00-05:00,23.149999618530273,23.149999618530273,23.149999618530273,23.149999618530273,102,0.0,0.0
2023-02-28 09:30:00-05:00,23.110000610351562,23.110000610351562,23.110000610351562,23.110000610351562,0,0.0,0.0
2023-02-28 10:30:00-05:00,23.049999237060547,23.049999237060547,23.049999237060547,23.049999237060547,548,0.0,0.0
2023-02-28 13:30:00-05:00,23.040000915527344,23.200000762939453,23.040000915527344,23.100000381469727,695,0.0,0.0
2023-02-28 14:30:00-05:00,23.155000686645508,23.155000686645508,23.155000686645508,23.155000686645508,122,0.0,0.0
2023-02-28 15:30:00-05:00,23.3799991607666,23.3799991607666,23.360000610351562,23.360000610351562,373,0.0,0.0
2023-03-01 09:30:00-05:00,23.25,23.25,23.030000686645508,23.040000915527344,0,0.0,0.0
2023-03-01 10:30:00-05:00,23.040000915527344,23.18000030517578,23.030000686645508,23.030000686645508,1835,0.0,0.0
2023-03-01 11:30:00-05:00,23.030000686645508,23.030000686645508,23.030000686645508,23.030000686645508,1455,0.0,0.0
2023-03-01 12:30:00-05:00,23.09280014038086,23.110000610351562,23.09280014038086,23.110000610351562,1408,0.0,0.0
2023-03-01 13:30:00-05:00,23.030000686645508,23.030000686645508,23.030000686645508,23.030000686645508,1379,0.0,0.0
2023-03-01 14:30:00-05:00,23.049999237060547,23.049999237060547,22.899999618530273,22.899999618530273,2216,0.0,0.0
2023-03-01 15:30:00-05:00,22.969999313354492,22.969999313354492,22.969999313354492,22.969999313354492,261,0.0,0.0
2023-03-02 09:30:00-05:00,22.940000534057617,23.3174991607666,22.940000534057617,23.3174991607666,0,0.0,0.0
2023-03-02 13:30:00-05:00,23.069900512695312,23.069900512695312,23.069900512695312,23.069900512695312,1042,0.0,0.0
2023-03-02 14:30:00-05:00,23.06999969482422,23.25,23.06999969482422,23.25,312,0.0,0.0
2023-03-02 15:30:00-05:00,23.190000534057617,23.190000534057617,23.190000534057617,23.190000534057617,135,0.0,0.0
2023-03-03 09:30:00-05:00,23.1200008392334,23.1200008392334,23.1200008392334,23.1200008392334,233,0.0,0.0
2023-03-03 10:30:00-05:00,23.06999969482422,23.06999969482422,23.06999969482422,23.06999969482422,270,0.0,0.0
2023-03-03 12:30:00-05:00,23.06999969482422,23.06999969482422,23.06999969482422,23.06999969482422,405,0.0,0.0
2023-03-03 13:30:00-05:00,23.06999969482422,23.06999969482422,23.06999969482422,23.06999969482422,357,0.0,0.0
2023-03-03 14:30:00-05:00,23.06999969482422,23.209999084472656,23.06999969482422,23.18000030517578,1805,0.0,0.0
2023-03-06 11:30:00-05:00,22.850000381469727,22.850000381469727,22.850000381469727,22.850000381469727,181,0.0,0.0
2023-03-06 13:30:00-05:00,23.049999237060547,23.049999237060547,23.049999237060547,23.049999237060547,671,0.0,0.0
2023-03-06 14:30:00-05:00,23.049999237060547,23.049999237060547,23.049999237060547,23.049999237060547,687,0.0,0.0
2023-03-06 15:30:00-05:00,23.049999237060547,23.100000381469727,23.049999237060547,23.100000381469727,494,0.0,0.0
2023-03-07 09:30:00-05:00,23.049999237060547,23.234899520874023,23.049999237060547,23.234899520874023,0,0.0,0.0
2023-03-07 10:30:00-05:00,22.700000762939453,22.700000762939453,22.700000762939453,22.700000762939453,100,0.0,0.0
2023-03-07 11:30:00-05:00,22.75,22.75,22.75,22.75,791,0.0,0.0
2023-03-08 09:30:00-05:00,22.700000762939453,22.899999618530273,22.700000762939453,22.899999618530273,0,0.0,0.0
2023-03-08 11:30:00-05:00,22.649999618530273,22.649999618530273,22.649999618530273,22.649999618530273,204,0.0,0.0
2023-03-08 12:30:00-05:00,22.610000610351562,22.610000610351562,22.610000610351562,22.610000610351562,106,0.0,0.0
2023-03-08 13:30:00-05:00,22.600000381469727,22.639999389648438,22.600000381469727,22.639999389648438,596,0.0,0.0
2023-03-08 14:30:00-05:00,22.6200008392334,22.6200008392334,22.56999969482422,22.56999969482422,683,0.0,0.0
2023-03-09 09:30:00-05:00,22.549999237060547,22.739999771118164,22.549999237060547,22.739999771118164,372,0.0,0.0
2023-03-09 12:30:00-05:00,22.574899673461914,22.574899673461914,22.479999542236328,22.479999542236328,2131,0.0,0.0
2023-03-09 14:30:00-05:00,22.489999771118164,22.489999771118164,22.459999084472656,22.459999084472656,206,0.0,0.0
2023-03-09 15:30:00-05:00,22.31999969482422,22.329999923706055,21.864999771118164,21.989999771118164,5445,0.0,0.0
2023-03-10 09:30:00-05:00,22.170000076293945,22.170000076293945,22.170000076293945,22.170000076293945,0,0.0,0.0
2023-03-10 10:30:00-05:00,21.510000228881836,21.510000228881836,21.510000228881836,21.510000228881836,238,0.0,0.0
2023-03-10 13:30:00-05:00,21.58989906311035,21.58989906311035,21.29010009765625,21.29010009765625,427,0.0,0.0
2023-03-13 12:30:00-04:00,22.204999923706055,22.204999923706055,22.18630027770996,22.18630027770996,661,0.0,0.0
2023-03-13 14:30:00-04:00,21.899999618530273,21.936500549316406,21.899999618530273,21.899999618530273,4109,0.0,0.0
2023-03-13 15:30:00-04:00,22.0,22.0,21.899999618530273,21.90999984741211,5087,0.0,0.0
2023-03-14 09:30:00-04:00,22.375,22.375,22.375,22.375,0,0.0,0.0
2023-03-14 14:30:00-04:00,21.989999771118164,22.309999465942383,21.989999771118164,22.209999084472656,1106,0.0,0.0
2023-03-14 15:30:00-04:00,22.014999389648438,22.020000457763672,22.0,22.0,1037,0.0,0.0
2023-03-15 09:30:00-04:00,22.350000381469727,22.350000381469727,22.350000381469727,22.350000381469727,0,0.0,0.0
2023-03-15 12:30:00-04:00,21.770000457763672,21.780000686645508,21.770000457763672,21.780000686645508,404,0.0,0.0
2023-03-16 13:30:00-04:00,21.828800201416016,21.828800201416016,21.828800201416016,21.828800201416016,0,0.0,0.0
2023-03-17 09:30:00-04:00,21.850000381469727,21.850000381469727,21.770000457763672,21.770000457763672,204,0.0,0.0
2023-03-17 11:30:00-04:00,21.770000457763672,21.770000457763672,21.579999923706055,21.579999923706055,3691,0.0,0.0
2023-03-17 12:30:00-04:00,21.350000381469727,21.350000381469727,21.350000381469727,21.350000381469727,245,0.0,0.0
2023-03-17 13:30:00-04:00,21.350000381469727,21.350000381469727,21.350000381469727,21.350000381469727,658,0.0,0.0
2023-03-17 15:30:00-04:00,21.290000915527344,21.290000915527344,21.149999618530273,21.149999618530273,2183,0.0,0.0
2023-03-20 09:30:00-04:00,21.209999084472656,21.228300094604492,21.209999084472656,21.228300094604492,432,0.0,0.0
2023-03-20 11:30:00-04:00,21.290000915527344,21.290000915527344,20.489999771118164,20.6200008392334,5251,0.0,0.0
2023-03-20 12:30:00-04:00,20.75,20.999900817871094,20.75,20.999900817871094,1029,0.0,0.0
2023-03-20 14:30:00-04:00,20.700000762939453,20.700000762939453,20.700000762939453,20.700000762939453,145,0.0,0.0
2023-03-21 09:30:00-04:00,21.07270050048828,21.07270050048828,21.07270050048828,21.07270050048828,0,0.0,0.0
2023-03-21 13:30:00-04:00,21.100000381469727,21.100000381469727,21.0,21.0,2292,0.0,0.0
2023-03-21 14:30:00-04:00,21.099899291992188,21.100000381469727,21.099899291992188,21.100000381469727,2613,0.0,0.0
2023-03-22 09:30:00-04:00,21.389999389648438,21.389999389648438,21.389999389648438,21.389999389648438,0,0.0,0.0
2023-03-22 10:30:00-04:00,21.399999618530273,21.399999618530273,21.149999618530273,21.149999618530273,438,0.0,0.0
2023-03-22 11:30:00-04:00,21.149999618530273,21.149999618530273,21.149999618530273,21.149999618530273,181,0.0,0.0
2023-03-22 12:30:00-04:00,21.3799991607666,21.3799991607666,21.3799991607666,21.3799991607666,960,0.0,0.0
2023-03-22 15:30:00-04:00,21.317899703979492,21.317899703979492,21.317899703979492,21.317899703979492,327,0.0,0.0
2023-03-23 11:30:00-04:00,20.764999389648438,20.764999389648438,20.764999389648438,20.764999389648438,0,0.0,0.0
2023-03-23 13:30:00-04:00,20.850000381469727,20.850000381469727,20.850000381469727,20.850000381469727,327,0.0,0.0
2023-03-24 10:30:00-04:00,21.0,21.0,21.0,21.0,0,0.0,0.0
2023-03-24 12:30:00-04:00,20.766599655151367,20.766599655151367,20.766599655151367,20.766599655151367,2346,0.0,0.0
2023-03-27 10:30:00-04:00,21.139999389648438,21.139999389648438,21.139999389648438,21.139999389648438,125,0.0,0.0
2023-03-28 15:30:00-04:00,21.18000030517578,21.18000030517578,21.18000030517578,21.18000030517578,532,0.0,0.0
2023-03-29 13:30:00-04:00,20.729999542236328,20.729999542236328,20.729999542236328,20.729999542236328,1575,0.0,0.0
2023-03-29 15:30:00-04:00,20.649999618530273,20.649999618530273,20.649999618530273,20.649999618530273,0,0.0,0.0
2023-03-30 10:30:00-04:00,20.90999984741211,20.90999984741211,20.90999984741211,20.90999984741211,345,0.0,0.0
2023-03-30 13:30:00-04:00,20.700000762939453,20.854999542236328,20.700000762939453,20.700000762939453,1015,0.0,0.0
2023-03-30 14:30:00-04:00,20.700000762939453,20.700000762939453,20.700000762939453,20.700000762939453,507,0.0,0.0
2023-03-30 15:30:00-04:00,20.74850082397461,20.74850082397461,20.700000762939453,20.700000762939453,400,0.0,0.0
2023-03-31 12:30:00-04:00,20.815000534057617,20.815000534057617,20.815000534057617,20.815000534057617,0,0.0,0.0
2023-03-31 13:30:00-04:00,20.719999313354492,20.719999313354492,20.649999618530273,20.649999618530273,809,0.0,0.0
2023-03-31 14:30:00-04:00,20.700000762939453,20.700000762939453,20.700000762939453,20.700000762939453,286,0.0,0.0
2023-03-31 15:30:00-04:00,20.75,20.75,20.75,20.75,344,0.0,0.0
2023-04-03 09:30:00-04:00,20.8700008392334,20.8700008392334,20.8700008392334,20.8700008392334,0,0.0,0.0
2023-04-03 11:30:00-04:00,20.8700008392334,20.8700008392334,20.8700008392334,20.8700008392334,839,0.0,0.0
2023-04-03 12:30:00-04:00,20.700000762939453,21.069900512695312,20.520000457763672,21.069900512695312,4129,0.0,0.0
2023-04-03 15:30:00-04:00,20.8799991607666,20.8799991607666,20.8799991607666,20.8799991607666,316,0.0,0.0
2023-04-04 13:30:00-04:00,20.899999618530273,20.899999618530273,20.87969970703125,20.87969970703125,310,0.0,0.0
2023-04-05 13:30:00-04:00,20.709999084472656,20.96299934387207,20.6200008392334,20.96299934387207,0,0.0,0.0
2023-04-06 13:30:00-04:00,20.739999771118164,20.739999771118164,20.670000076293945,20.670000076293945,417,0.0,0.0
2023-04-06 14:30:00-04:00,20.739999771118164,20.739999771118164,20.65999984741211,20.65999984741211,525,0.0,0.0
2023-04-06 15:30:00-04:00,20.65999984741211,20.670000076293945,20.649999618530273,20.670000076293945,406,0.0,0.0
2023-04-10 09:30:00-04:00,20.75,20.75,20.67530059814453,20.67530059814453,448,0.0,0.0
2023-04-10 10:30:00-04:00,20.799999237060547,20.864999771118164,20.690000534057617,20.86009979248047,1461,0.0,0.0
2023-04-10 12:30:00-04:00,20.811399459838867,20.811399459838867,20.811399459838867,20.811399459838867,296,0.0,0.0
2023-04-10 15:30:00-04:00,20.799999237060547,20.799999237060547,20.799999237060547,20.799999237060547,203,0.0,0.0
2023-04-11 09:30:00-04:00,21.040000915527344,21.040000915527344,21.040000915527344,21.040000915527344,1117,0.0,0.0
2023-04-11 11:30:00-04:00,20.690000534057617,20.78820037841797,20.65130043029785,20.78820037841797,1239,0.0,0.0
2023-04-11 12:30:00-04:00,20.899999618530273,21.299999237060547,20.899999618530273,21.200000762939453,3187,0.0,0.0
2023-04-11 13:30:00-04:00,21.110000610351562,21.110000610351562,21.110000610351562,21.110000610351562,216,0.0,0.0
2023-04-11 15:30:00-04:00,21.149999618530273,21.149999618530273,21.12150001525879,21.12150001525879,211,0.0,0.0
2023-04-12 09:30:00-04:00,20.90999984741211,20.90999984741211,20.90999984741211,20.90999984741211,0,0.0,0.0
2023-04-12 14:30:00-04:00,21.0,21.246000289916992,20.899999618530273,21.100000381469727,2838,0.0,0.0
2023-04-12 15:30:00-04:00,21.094999313354492,21.094999313354492,20.989999771118164,20.989999771118164,476,0.0,0.0
2023-04-13 11:30:00-04:00,21.1200008392334,21.1200008392334,21.1200008392334,21.1200008392334,0,0.0,0.0
2023-04-13 12:30:00-04:00,21.059999465942383,21.059999465942383,21.049999237060547,21.049999237060547,466,0.0,0.0
2023-04-13 14:30:00-04:00,21.239999771118164,21.360000610351562,21.239999771118164,21.360000610351562,227,0.0,0.0
2023-04-13 15:30:00-04:00,21.299999237060547,21.329999923706055,21.299999237060547,21.309999465942383,302,0.0,0.0
2023-04-17 09:30:00-04:00,21.1299991607666,21.3799991607666,21.1299991607666,21.3799991607666,301,0.0,0.0
2023-04-17 14:30:00-04:00,21.213899612426758,21.213899612426758,21.114999771118164,21.114999771118164,554,0.0,0.0
2023-04-17 15:30:00-04:00,21.260000228881836,21.299999237060547,21.260000228881836,21.299999237060547,0,0.0,0.0
2023-04-19 11:30:00-04:00,20.899999618530273,20.899999618530273,20.899999618530273,20.899999618530273,358,0.0,0.0
2023-04-19 13:30:00-04:00,20.950000762939453,20.950000762939453,20.950000762939453,20.950000762939453,394,0.0,0.0
2023-04-20 09:30:00-04:00,20.850000381469727,20.850000381469727,20.850000381469727,20.850000381469727,0,0.0,0.0
2023-04-20 11:30:00-04:00,20.899999618530273,20.899999618530273,20.899999618530273,20.899999618530273,612,0.0,0.0
2023-04-21 14:30:00-04:00,20.700000762939453,20.700000762939453,20.700000762939453,20.700000762939453,316,0.0,0.0
2023-04-24 15:30:00-04:00,20.46419906616211,20.575000762939453,20.46419906616211,20.575000762939453,3116,0.0,0.0
2023-04-25 12:30:00-04:00,20.3700008392334,20.3700008392334,20.3700008392334,20.3700008392334,0,0.0,0.0
2023-04-25 15:30:00-04:00,20.360000610351562,20.3700008392334,20.350000381469727,20.3700008392334,0,0.0,0.0
2023-04-26 09:30:00-04:00,20.260000228881836,20.280000686645508,20.260000228881836,20.270000457763672,0,0.0,0.0
2023-04-26 11:30:00-04:00,20.25,20.327199935913086,20.25,20.327199935913086,2961,0.0,0.0
2023-04-26 12:30:00-04:00,20.875,20.875,20.875,20.875,100,0.0,0.0
2023-04-26 15:30:00-04:00,20.260000228881836,20.299999237060547,20.260000228881836,20.299999237060547,442,0.0,0.0
2023-04-27 09:30:00-04:00,20.559999465942383,20.875,20.260000228881836,20.875,1255,0.0,0.0
2023-04-27 10:30:00-04:00,20.299999237060547,20.299999237060547,20.299999237060547,20.299999237060547,252,0.0,0.0
2023-04-27 11:30:00-04:00,20.270000457763672,20.270000457763672,20.270000457763672,20.270000457763672,198,0.0,0.0
2023-04-27 12:30:00-04:00,21.40999984741211,21.40999984741211,21.40999984741211,21.40999984741211,718,0.0,0.0
2023-04-27 14:30:00-04:00,20.644399642944336,20.644399642944336,20.644399642944336,20.644399642944336,457,0.0,0.0
2023-04-27 15:30:00-04:00,20.639999389648438,20.639999389648438,20.639999389648438,20.639999389648438,188,0.0,0.0
2023-04-28 09:30:00-04:00,20.6200008392334,20.6200008392334,20.6200008392334,20.6200008392334,262,0.0,0.0
2023-04-28 11:30:00-04:00,20.469999313354492,20.469999313354492,20.469999313354492,20.469999313354492,757,0.0,0.0
2023-04-28 15:30:00-04:00,20.329999923706055,20.329999923706055,20.329999923706055,20.329999923706055,314,0.0,0.0
2023-05-01 11:30:00-04:00,20.6299991607666,20.6299991607666,20.600000381469727,20.600000381469727,292,0.0,0.0
2023-05-01 13:30:00-04:00,20.600000381469727,20.600000381469727,20.600000381469727,20.600000381469727,356,0.0,0.0
2023-05-01 14:30:00-04:00,20.600000381469727,20.600000381469727,20.600000381469727,20.600000381469727,100,0.0,0.0
2023-05-02 09:30:00-04:00,20.399999618530273,20.399999618530273,20.399999618530273,20.399999618530273,322,0.0,0.0
2023-05-02 10:30:00-04:00,20.572799682617188,20.572799682617188,20.572799682617188,20.572799682617188,159,0.0,0.0
2023-05-02 11:30:00-04:00,20.25,20.399999618530273,20.25,20.25,1239,0.0,0.0
2023-05-02 12:30:00-04:00,20.350000381469727,20.350000381469727,20.350000381469727,20.350000381469727,252,0.0,0.0
2023-05-02 13:30:00-04:00,20.5,20.5,20.5,20.5,619,0.0,0.0
2023-05-02 15:30:00-04:00,20.549999237060547,20.549999237060547,20.549999237060547,20.549999237060547,2246,0.0,0.0
2023-05-03 09:30:00-04:00,20.700000762939453,20.700000762939453,20.69969940185547,20.69969940185547,2659,0.0,0.0
2023-05-03 14:30:00-04:00,20.6200008392334,20.66029930114746,20.6200008392334,20.66029930114746,0,0.0,0.0
2023-05-03 15:30:00-04:00,20.950000762939453,20.950000762939453,20.950000762939453,20.950000762939453,3174,0.0,0.0
2023-05-04 09:30:00-04:00,20.399999618530273,20.399999618530273,20.100000381469727,20.100000381469727,0,0.0,0.0
2023-05-04 10:30:00-04:00,20.100000381469727,20.100000381469727,19.815000534057617,19.815000534057617,1006,0.0,0.0
2023-05-04 11:30:00-04:00,19.850000381469727,19.850000381469727,19.850000381469727,19.850000381469727,299,0.0,0.0
2023-05-04 14:30:00-04:00,19.31999969482422,19.31999969482422,19.31999969482422,19.31999969482422,514,0.0,0.0
2023-05-04 15:30:00-04:00,19.469999313354492,19.499000549316406,19.469999313354492,19.469999313354492,201,0.0,0.0
2023-05-05 09:30:00-04:00,19.56999969482422,20.200000762939453,19.56999969482422,20.200000762939453,0,0.0,0.0
2023-05-05 10:30:00-04:00,20.0,20.0,19.520000457763672,19.520000457763672,1327,0.0,0.0
2023-05-05 11:30:00-04:00,19.729999542236328,19.950000762939453,19.729999542236328,19.950000762939453,1576,0.0,0.0
2023-05-05 12:30:00-04:00,19.78499984741211,19.78499984741211,19.670000076293945,19.780000686645508,514,0.0,0.0
2023-05-05 13:30:00-04:00,19.770000457763672,19.799999237060547,19.649999618530273,19.770000457763672,1897,0.0,0.0
2023-05-05 14:30:00-04:00,19.760000228881836,19.799999237060547,19.700000762939453,19.709999084472656,1563,0.0,0.0
2023-05-08 09:30:00-04:00,19.979999542236328,19.979999542236328,19.979999542236328,19.979999542236328,0,0.0,0.0
2023-05-08 10:30:00-04:00,19.222000122070312,19.222000122070312,19.222000122070312,19.222000122070312,1619,0.0,0.0
2023-05-08 13:30:00-04:00,19.270000457763672,19.399999618530273,19.270000457763672,19.399999618530273,382,0.0,0.0
2023-05-08 14:30:00-04:00,19.459999084472656,19.459999084472656,19.459999084472656,19.459999084472656,757,0.0,0.0
2023-05-08 15:30:00-04:00,19.700000762939453,19.700000762939453,19.700000762939453,19.700000762939453,860,0.0,0.0
2023-05-09 09:30:00-04:00,19.690000534057617,19.859600067138672,19.690000534057617,19.859600067138672,0,0.0,0.0
2023-05-09 10:30:00-04:00,19.700000762939453,19.700000762939453,19.700000762939453,19.700000762939453,1537,0.0,0.0
2023-05-09 11:30:00-04:00,19.75,19.75,19.75,19.75,1665,0.0,0.0
2023-05-10 09:30:00-04:00,19.709999084472656,19.799999237060547,19.709999084472656,19.799999237060547,889,0.0,0.0
2023-05-10 11:30:00-04:00,19.739999771118164,19.75,19.739999771118164,19.75,855,0.0,0.0
2023-05-10 14:30:00-04:00,19.75,19.75,19.75,19.75,1211,0.0,0.0
2023-05-10 15:30:00-04:00,19.81999969482422,19.825000762939453,19.739999771118164,19.760000228881836,893,0.0,0.0
2023-05-11 09:30:00-04:00,19.6299991607666,19.670000076293945,19.6299991607666,19.670000076293945,342,0.0,0.0
2023-05-11 12:30:00-04:00,19.610000610351562,19.610000610351562,19.610000610351562,19.610000610351562,0,0.0,0.0
2023-05-11 14:30:00-04:00,19.75,19.75,19.700000762939453,19.739999771118164,1558,0.0,0.0
2023-05-11 15:30:00-04:00,19.6299991607666,19.6299991607666,19.6299991607666,19.6299991607666,0,0.0,0.0
2023-05-12 09:30:00-04:00,19.770000457763672,19.780000686645508,19.709999084472656,19.709999084472656,3349,0.0,0.0
2023-05-12 10:30:00-04:00,19.719999313354492,19.790000915527344,19.719999313354492,19.790000915527344,772,0.0,0.0
2023-05-12 11:30:00-04:00,19.760000228881836,19.760000228881836,19.760000228881836,19.760000228881836,144,0.0,0.0
2023-05-12 12:30:00-04:00,19.899900436401367,19.899900436401367,19.899900436401367,19.899900436401367,500,0.0,0.0
2023-05-12 13:30:00-04:00,19.899900436401367,19.899900436401367,19.899900436401367,19.899900436401367,709,0.0,0.0
2023-05-15 10:30:00-04:00,20.979999542236328,20.979999542236328,20.969900131225586,20.969900131225586,685,0.0,0.0
2023-05-15 11:30:00-04:00,20.049999237060547,20.049999237060547,20.0,20.049999237060547,466,0.0,0.0
2023-05-15 14:30:00-04:00,20.11669921875,20.11669921875,20.11669921875,20.11669921875,700,0.0,0.0
2023-05-15 15:30:00-04:00,20.1299991607666,20.1299991607666,20.059999465942383,20.1299991607666,315,0.0,0.0
2023-05-16 10:30:00-04:00,20.047000885009766,20.479999542236328,20.020000457763672,20.190000534057617,885,0.0,0.0
2023-05-16 11:30:00-04:00,20.25,20.260000228881836,20.25,20.25,480,0.0,0.0
2023-05-16 12:30:00-04:00,20.219999313354492,20.219999313354492,20.149999618530273,20.149999618530273,1155,0.0,0.0
2023-05-16 13:30:00-04:00,20.129899978637695,20.190000534057617,20.100000381469727,20.190000534057617,4459,0.0,0.0
2023-05-16 14:30:00-04:00,20.139999389648438,20.139999389648438,20.139999389648438,20.139999389648438,0,0.0,0.0
2023-05-17 10:30:00-04:00,20.190000534057617,20.190000534057617,20.190000534057617,20.190000534057617,432,0.0,0.0
2023-05-17 14:30:00-04:00,20.209999084472656,20.209999084472656,20.209999084472656,20.209999084472656,293,0.0,0.0
2023-05-18 09:30:00-04:00,20.459999084472656,20.459999084472656,20.459999084472656,20.459999084472656,123,0.0,0.0
2023-05-18 11:30:00-04:00,20.40999984741211,20.40999984741211,20.40999984741211,20.40999984741211,100,0.0,0.0
2023-05-18 13:30:00-04:00,20.31999969482422,20.479999542236328,20.31999969482422,20.479999542236328,0,0.0,0.0
2023-05-18 14:30:00-04:00,20.489999771118164,20.5,20.489999771118164,20.5,1039,0.0,0.0
2023-05-19 11:30:00-04:00,20.5,20.5,20.209999084472656,20.469999313354492,100,0.0,0.0
2023-05-19 12:30:00-04:00,20.149999618530273,20.149999618530273,20.149999618530273,20.149999618530273,100,0.0,0.0
2023-05-19 13:30:00-04:00,20.499900817871094,20.5,20.049999237060547,20.450000762939453,3432,0.0,0.0
2023-05-19 14:30:00-04:00,20.450000762939453,20.96500015258789,20.15999984741211,20.5,1297,0.0,0.0
2023-05-19 15:30:00-04:00,20.489999771118164,20.799999237060547,20.489999771118164,20.690000534057617,0,0.0,0.0
2023-05-22 09:30:00-04:00,20.459999084472656,20.459999084472656,20.459999084472656,20.459999084472656,370,0.0,0.0
2023-05-22 14:30:00-04:00,20.399999618530273,20.399999618530273,20.25,20.25,0,0.0,0.0
2023-05-22 15:30:00-04:00,20.15999984741211,20.15999984741211,20.15999984741211,20.15999984741211,112,0.0,0.0
2023-05-23 10:30:00-04:00,20.25,20.25,20.25,20.25,687,0.0,0.0
2023-05-23 11:30:00-04:00,20.489999771118164,20.5,20.489999771118164,20.5,450,0.0,0.0
2023-05-23 14:30:00-04:00,20.260000228881836,20.260000228881836,20.2450008392334,20.2450008392334,691,0.0,0.0
2023-05-23 15:30:00-04:00,20.440000534057617,20.440000534057617,20.440000534057617,20.440000534057617,217,0.0,0.0
2023-05-24 09:30:00-04:00,20.989999771118164,20.989999771118164,20.25,20.270000457763672,0,0.0,0.0
2023-05-24 10:30:00-04:00,20.200000762939453,20.200000762939453,20.200000762939453,20.200000762939453,323,0.0,0.0
2023-05-24 11:30:00-04:00,20.209999084472656,20.429899215698242,20.209999084472656,20.429899215698242,1200,0.0,0.0
2023-05-24 12:30:00-04:00,20.0,20.0,20.0,20.0,435,0.0,0.0
2023-05-24 14:30:00-04:00,20.040000915527344,20.5,20.040000915527344,20.5,1678,0.0,0.0
2023-05-24 15:30:00-04:00,20.420000076293945,20.420000076293945,20.299999237060547,20.299999237060547,854,0.0,0.0
2023-05-25 10:30:00-04:00,20.200000762939453,20.200000762939453,20.200000762939453,20.200000762939453,319,0.0,0.0
2023-05-25 12:30:00-04:00,20.200000762939453,20.200000762939453,20.200000762939453,20.200000762939453,1046,0.0,0.0
2023-05-25 14:30:00-04:00,20.389999389648438,20.389999389648438,20.15999984741211,20.239999771118164,5418,0.0,0.0
2023-05-26 09:30:00-04:00,20.049999237060547,20.399999618530273,20.0,20.260000228881836,0,0.0,0.0
2023-05-26 10:30:00-04:00,20.264999389648438,20.375,20.25749969482422,20.354999542236328,0,0.0,0.0
2023-05-26 11:30:00-04:00,20.290000915527344,20.614999771118164,20.264999389648438,20.614999771118164,3376,0.0,0.0
2023-05-26 12:30:00-04:00,20.489999771118164,20.5,20.385000228881836,20.450000762939453,880,0.0,0.0
2023-05-26 13:30:00-04:00,20.399999618530273,20.739999771118164,20.0,20.3799991607666,1269,0.0,0.0
2023-05-26 14:30:00-04:00,20.530000686645508,20.530000686645508,20.530000686645508,20.530000686645508,282,0.0,0.0
2023-05-30 09:30:00-04:00,20.149999618530273,20.149999618530273,20.149999618530273,20.149999618530273,0,0.0,0.0
2023-05-30 10:30:00-04:00,20.40999984741211,20.40999984741211,20.40999984741211,20.40999984741211,260,0.0,0.0
2023-05-30 12:30:00-04:00,20.40999984741211,20.40999984741211,20.40999984741211,20.40999984741211,206,0.0,0.0
2023-05-30 14:30:00-04:00,20.639999389648438,20.639999389648438,20.639999389648438,20.639999389648438,142,0.0,0.0
2023-05-30 15:30:00-04:00,20.5,21.0,20.5,21.0,203,0.0,0.0
2023-05-31 09:30:00-04:00,20.979999542236328,20.979999542236328,20.309999465942383,20.969999313354492,537,0.0,0.0
2023-05-31 12:30:00-04:00,20.440000534057617,20.440000534057617,20.440000534057617,20.440000534057617,357,0.0,0.0
2023-05-31 15:30:00-04:00,20.674999237060547,20.674999237060547,20.530000686645508,20.530000686645508,0,0.0,0.0
2023-06-01 11:30:00-04:00,20.600000381469727,20.600000381469727,20.600000381469727,20.600000381469727,598,0.0,0.0
2023-06-01 13:30:00-04:00,20.790000915527344,20.790000915527344,20.790000915527344,20.790000915527344,281,0.0,0.0
2023-06-02 12:30:00-04:00,21.398000717163086,21.398000717163086,21.200000762939453,21.200000762939453,348,0.0,0.0
2023-06-02 13:30:00-04:00,21.350000381469727,21.350000381469727,21.350000381469727,21.350000381469727,673,0.0,0.0
2023-06-02 14:30:00-04:00,21.200000762939453,21.350000381469727,21.200000762939453,21.350000381469727,234,0.0,0.0
2023-06-02 15:30:00-04:00,21.209999084472656,21.354999542236328,21.209999084472656,21.354999542236328,306,0.0,0.0
2023-06-05 14:30:00-04:00,21.249900817871094,21.25,21.24799919128418,21.25,1023,0.0,0.0
2023-06-06 10:30:00-04:00,21.510000228881836,21.510000228881836,21.315000534057617,21.315000534057617,679,0.0,0.0
2023-06-06 12:30:00-04:00,21.469999313354492,21.469999313354492,21.469999313354492,21.469999313354492,0,0.0,0.0
2023-06-07 14:30:00-04:00,21.780000686645508,21.81999969482422,21.780000686645508,21.81999969482422,699,0.0,0.0
2023-06-08 09:30:00-04:00,21.969999313354492,22.0,21.62190055847168,21.62190055847168,58,0.0,0.0
2023-06-09 10:30:00-04:00,21.350000381469727,21.350000381469727,21.350000381469727,21.350000381469727,213,0.0,0.0
2023-06-09 13:30:00-04:00,21.549999237060547,21.549999237060547,21.549999237060547,21.549999237060547,212,0.0,0.0
2023-06-12 15:30:00-04:00,21.5,21.5,21.5,21.5,0,0.0,0.0
2023-06-13 09:30:00-04:00,21.6205997467041,21.6205997467041,21.6205997467041,21.6205997467041,52,0.0,0.0
2023-06-14 09:30:00-04:00,21.625,21.625,21.625,21.625,222,0.0,0.0
2023-06-14 10:30:00-04:00,22.19849967956543,22.19849967956543,22.19849967956543,22.19849967956543,240,0.0,0.0
2023-06-14 12:30:00-04:00,21.978200912475586,21.978200912475586,21.709999084472656,21.709999084472656,615,0.0,0.0
2023-06-14 14:30:00-04:00,21.75,21.75,21.75,21.75,612,0.0,0.0
2023-06-15 09:30:00-04:00,21.649999618530273,21.649999618530273,21.649999618530273,21.649999618530273,477,0.0,0.0
2023-06-15 12:30:00-04:00,21.690000534057617,21.709999084472656,21.649999618530273,21.649999618530273,712,0.0,0.0
2023-06-15 13:30:00-04:00,21.649999618530273,21.649999618530273,21.649999618530273,21.649999618530273,127,0.0,0.0
2023-06-15 14:30:00-04:00,21.739999771118164,21.739999771118164,21.739999771118164,21.739999771118164,522,0.0,0.0
2023-06-15 15:30:00-04:00,21.700000762939453,21.700000762939453,21.700000762939453,21.700000762939453,454,0.0,0.0
2023-06-16 14:30:00-04:00,21.921300888061523,21.921300888061523,21.5,21.5,2836,0.0,0.0
2023-06-16 15:30:00-04:00,21.450000762939453,22.25,21.450000762939453,22.25,1709,0.0,0.0
2023-06-20 09:30:00-04:00,22.110000610351562,22.110000610351562,22.110000610351562,22.110000610351562,262,0.0,0.0
2023-06-20 10:30:00-04:00,21.75,21.75,21.75,21.75,689,0.0,0.0
2023-06-20 11:30:00-04:00,21.549999237060547,21.75,21.549999237060547,21.75,2372,0.0,0.0
2023-06-21 11:30:00-04:00,22.11359977722168,22.11359977722168,22.11359977722168,22.11359977722168,0,0.0,0.0
2023-06-21 15:30:00-04:00,22.174999237060547,22.200000762939453,22.174999237060547,22.200000762939453,254,0.0,0.0
2023-06-22 09:30:00-04:00,22.09000015258789,22.09000015258789,22.09000015258789,22.09000015258789,0,0.0,0.0
2023-06-22 13:30:00-04:00,21.75,21.75,21.75,21.75,52,0.0,0.0
2023-06-23 11:30:00-04:00,21.9591007232666,21.9591007232666,21.95490074157715,21.95490074157715,1448,0.0,0.0
2023-06-26 15:30:00-04:00,21.950000762939453,21.950000762939453,21.949899673461914,21.949899673461914,836,0.0,0.0
2023-06-27 09:30:00-04:00,21.949899673461914,21.949899673461914,21.949899673461914,21.949899673461914,123,0.0,0.0
2023-06-27 14:30:00-04:00,22.1200008392334,22.1200008392334,22.1200008392334,22.1200008392334,203,0.0,0.0
2023-06-27 15:30:00-04:00,21.75,21.799999237060547,21.75,21.799999237060547,902,0.0,0.0
2023-06-28 09:30:00-04:00,21.780000686645508,22.0,21.500099182128906,21.500099182128906,0,0.0,0.0
2023-06-28 11:30:00-04:00,21.75,21.75,21.75,21.75,2347,0.0,0.0
2023-06-28 13:30:00-04:00,21.600000381469727,21.600000381469727,21.600000381469727,21.600000381469727,727,0.0,0.0
2023-06-28 14:30:00-04:00,21.549999237060547,21.549999237060547,21.549999237060547,21.549999237060547,434,0.0,0.0
2023-06-28 15:30:00-04:00,21.510000228881836,21.549999237060547,21.510000228881836,21.549999237060547,1024,0.0,0.0
2023-06-29 09:30:00-04:00,21.600000381469727,21.610000610351562,21.5,21.610000610351562,0,0.0,0.0
2023-06-29 11:30:00-04:00,21.610000610351562,21.86989974975586,21.610000610351562,21.69499969482422,1100,0.0,0.0
2023-06-29 12:30:00-04:00,21.86989974975586,21.899999618530273,21.690000534057617,21.899999618530273,4205,0.0,0.0
2023-06-29 15:30:00-04:00,21.899999618530273,21.899999618530273,21.899999618530273,21.899999618530273,900,0.0,0.0
2023-06-30 09:30:00-04:00,21.93000030517578,21.940000534057617,21.93000030517578,21.932100296020508,354,0.0,0.0
2023-06-30 13:30:00-04:00,21.940000534057617,21.940000534057617,21.93000030517578,21.93000030517578,235,0.0,0.0
2023-06-30 14:30:00-04:00,21.899999618530273,21.899999618530273,21.899999618530273,21.899999618530273,128,0.0,0.0
2023-06-30 15:30:00-04:00,21.790000915527344,21.790000915527344,21.790000915527344,21.790000915527344,100,0.0,0.0
2023-07-05 09:30:00-04:00,21.899999618530273,21.899999618530273,21.899999618530273,21.899999618530273,736,0.0,0.0
2023-07-05 11:30:00-04:00,21.93000030517578,21.93000030517578,21.899999618530273,21.899999618530273,1482,0.0,0.0
2023-07-05 13:30:00-04:00,22.0,22.0,22.0,22.0,693,0.0,0.0
2023-07-05 15:30:00-04:00,22.0,22.0,22.0,22.0,500,0.0,0.0
2023-07-06 11:30:00-04:00,21.899999618530273,22.290000915527344,21.899999618530273,21.899999618530273,682,0.0,0.0
2023-07-06 12:30:00-04:00,21.75,22.450000762939453,21.75,22.450000762939453,1392,0.0,0.0
2023-07-06 13:30:00-04:00,21.18320083618164,22.299999237060547,21.18320083618164,22.299999237060547,990,0.0,0.0
2023-07-06 15:30:00-04:00,21.950000762939453,22.360000610351562,21.950000762939453,22.360000610351562,343,0.0,0.0
2023-07-07 14:30:00-04:00,21.829999923706055,21.829999923706055,21.829999923706055,21.829999923706055,484,0.0,0.0
2023-07-10 09:30:00-04:00,21.68000030517578,21.68000030517578,21.450000762939453,21.450000762939453,865,0.0,0.0
2023-07-10 12:30:00-04:00,21.600000381469727,21.600000381469727,21.5,21.5,1565,0.0,0.0
2023-07-11 12:30:00-04:00,21.6200008392334,21.6200008392334,21.610000610351562,21.610000610351562,0,0.0,0.0
2023-07-11 14:30:00-04:00,21.649999618530273,21.649999618530273,21.399999618530273,21.399999618530273,1571,0.0,0.0
2023-07-11 15:30:00-04:00,21.399999618530273,21.610000610351562,21.399999618530273,21.399999618530273,548,0.0,0.0
2023-07-12 09:30:00-04:00,21.530000686645508,21.530000686645508,21.450000762939453,21.450000762939453,0,0.0,0.0
2023-07-12 13:30:00-04:00,21.450000762939453,21.450000762939453,21.25,21.25,1693,0.0,0.0
2023-07-12 14:30:00-04:00,21.25,21.389999389648438,21.25,21.389999389648438,1214,0.0,0.0
2023-07-13 09:30:00-04:00,21.299999237060547,21.299999237060547,21.10059928894043,21.25,1257,0.0,0.0
2023-07-13 10:30:00-04:00,21.25,21.299999237060547,20.399999618530273,21.030000686645508,8078,0.0,0.0
2023-07-13 12:30:00-04:00,21.249900817871094,21.249900817871094,21.199899673461914,21.199899673461914,4061,0.0,0.0
2023-07-13 15:30:00-04:00,21.199899673461914,21.25,21.195499420166016,21.25,5374,0.0,0.0
2023-07-14 09:30:00-04:00,21.329999923706055,21.600000381469727,21.329999923706055,21.600000381469727,4462,0.0,0.0
2023-07-14 10:30:00-04:00,21.600000381469727,21.600000381469727,21.600000381469727,21.600000381469727,1798,0.0,0.0
2023-07-14 11:30:00-04:00,21.59000015258789,21.600000381469727,21.520000457763672,21.520000457763672,3028,0.0,0.0
2023-07-14 14:30:00-04:00,21.600000381469727,21.600000381469727,21.59000015258789,21.600000381469727,1016,0.0,0.0
2023-07-17 09:30:00-04:00,21.510000228881836,21.600000381469727,21.510000228881836,21.600000381469727,623,0.0,0.0
2023-07-17 10:30:00-04:00,21.599899291992188,21.599899291992188,21.599899291992188,21.599899291992188,280,0.0,0.0
2023-07-17 13:30:00-04:00,21.336000442504883,21.336000442504883,21.336000442504883,21.336000442504883,204,0.0,0.0
2023-07-17 14:30:00-04:00,21.3799991607666,21.3799991607666,21.350000381469727,21.350000381469727,2050,0.0,0.0
2023-07-17 15:30:00-04:00,21.360000610351562,21.360000610351562,21.360000610351562,21.360000610351562,507,0.0,0.0
2023-07-18 11:30:00-04:00,21.399900436401367,21.399999618530273,21.149999618530273,21.399999618530273,2115,0.0,0.0
2023-07-18 14:30:00-04:00,21.3700008392334,21.399999618530273,21.3700008392334,21.399999618530273,1688,0.0,0.0
2023-07-19 09:30:00-04:00,21.469999313354492,21.499900817871094,21.21500015258789,21.21500015258789,817,0.0,0.0
2023-07-19 13:30:00-04:00,21.399999618530273,21.610000610351562,21.399999618530273,21.5,2686,0.0,0.0
2023-07-19 15:30:00-04:00,21.499900817871094,21.499900817871094,21.499900817871094,21.499900817871094,100,0.0,0.0
2023-07-20 09:30:00-04:00,21.610000610351562,21.610000610351562,21.260000228881836,21.260000228881836,0,0.0,0.0
2023-07-20 10:30:00-04:00,21.489999771118164,21.540000915527344,21.489999771118164,21.524999618530273,1157,0.0,0.0
2023-07-20 11:30:00-04:00,21.540000915527344,21.540000915527344,21.329999923706055,21.5,1091,0.0,0.0
2023-07-20 13:30:00-04:00,21.5,21.5,21.5,21.5,505,0.0,0.0
2023-07-20 15:30:00-04:00,21.5,21.5,21.389999389648438,21.389999389648438,1631,0.0,0.0
2023-07-21 11:30:00-04:00,21.489999771118164,21.5,21.489999771118164,21.499900817871094,1758,0.0,0.0
2023-07-21 13:30:00-04:00,21.3799991607666,21.5,21.3799991607666,21.5,1256,0.0,0.0
2023-07-21 15:30:00-04:00,21.610000610351562,21.610000610351562,21.610000610351562,21.610000610351562,130,0.0,0.0
2023-07-24 09:30:00-04:00,21.709299087524414,21.709299087524414,21.709299087524414,21.709299087524414,0,0.0,0.0
2023-07-24 10:30:00-04:00,21.049999237060547,21.690000534057617,21.049999237060547,21.690000534057617,320,0.0,0.0
2023-07-24 11:30:00-04:00,21.5,21.600000381469727,21.5,21.600000381469727,600,0.0,0.0
2023-07-24 12:30:00-04:00,21.610000610351562,21.610000610351562,21.600000381469727,21.600000381469727,840,0.0,0.0
2023-07-24 13:30:00-04:00,21.600000381469727,21.600000381469727,21.59000015258789,21.599899291992188,1663,0.0,0.0
2023-07-24 15:30:00-04:00,21.5,21.5,21.5,21.5,230,0.0,0.0
2023-07-25 10:30:00-04:00,21.899999618530273,21.899999618530273,21.899999618530273,21.899999618530273,0,0.0,0.0
2023-07-25 11:30:00-04:00,21.18000030517578,21.18000030517578,21.18000030517578,21.18000030517578,363,0.0,0.0
2023-07-25 13:30:00-04:00,21.40999984741211,21.40999984741211,21.399999618530273,21.399999618530273,1200,0.0,0.0
2023-07-25 15:30:00-04:00,21.399900436401367,21.399999618530273,21.389999389648438,21.399999618530273,0,0.0,0.0
2023-07-26 13:30:00-04:00,21.399999618530273,21.5,21.399999618530273,21.4778995513916,2952,0.0,0.0
2023-07-26 14:30:00-04:00,21.489999771118164,21.5,21.329999923706055,21.5,4003,0.0,0.0
2023-07-26 15:30:00-04:00,21.399999618530273,21.399999618530273,21.399999618530273,21.399999618530273,111,0.0,0.0
2023-07-27 10:30:00-04:00,21.379899978637695,21.379899978637695,21.110000610351562,21.110000610351562,605,0.0,0.0
2023-07-27 13:30:00-04:00,21.209999084472656,21.229999542236328,21.209999084472656,21.22949981689453,1467,0.0,0.0
2023-07-27 14:30:00-04:00,21.349899291992188,21.349899291992188,21.349899291992188,21.349899291992188,1125,0.0,0.0
2023-07-27 15:30:00-04:00,21.349899291992188,21.3799991607666,21.270000457763672,21.270000457763672,0,0.0,0.0
2023-07-28 10:30:00-04:00,21.299999237060547,21.299999237060547,21.25,21.29990005493164,1931,0.0,0.0
2023-07-28 12:30:00-04:00,21.290000915527344,21.299999237060547,21.290000915527344,21.29990005493164,645,0.0,0.0
2023-07-28 13:30:00-04:00,21.290000915527344,21.29990005493164,21.239999771118164,21.29990005493164,1503,0.0,0.0
2023-07-28 14:30:00-04:00,21.280000686645508,21.280000686645508,21.280000686645508,21.280000686645508,230,0.0,0.0
2023-07-28 15:30:00-04:00,21.29990005493164,21.29990005493164,21.29990005493164,21.29990005493164,300,0.0,0.0
2023-07-31 09:30:00-04:00,21.25,21.25,21.25,21.25,0,0.0,0.0
2023-07-31 12:30:00-04:00,21.225200653076172,21.225200653076172,21.225200653076172,21.225200653076172,1594,0.0,0.0
2023-07-31 14:30:00-04:00,21.213899612426758,21.213899612426758,21.213899612426758,21.213899612426758,1126,0.0,0.0
2023-08-01 12:30:00-04:00,21.25,21.25,21.170000076293945,21.225000381469727,1246,0.0,0.0
2023-08-01 13:30:00-04:00,21.239999771118164,21.239999771118164,21.170000076293945,21.170000076293945,2299,0.0,0.0
2023-08-01 15:30:00-04:00,21.249900817871094,21.249900817871094,21.170000076293945,21.170000076293945,0,0.0,0.0
2023-08-02 12:30:00-04:00,21.204999923706055,21.204999923706055,20.8710994720459,20.8710994720459,2362,0.0,0.0
2023-08-03 09:30:00-04:00,20.860000610351562,20.860000610351562,20.860000610351562,20.860000610351562,152,0.0,0.0
2023-08-03 11:30:00-04:00,20.901899337768555,21.030000686645508,20.86240005493164,20.86240005493164,1484,0.0,0.0
2023-08-03 12:30:00-04:00,20.800100326538086,20.800100326538086,20.800100326538086,20.800100326538086,495,0.0,0.0
2023-08-03 13:30:00-04:00,21.1200008392334,21.25,21.100000381469727,21.165000915527344,2902,0.0,0.0
2023-08-03 14:30:00-04:00,21.1299991607666,21.25,20.950000762939453,21.231800079345703,3617,0.0,0.0
2023-08-04 11:30:00-04:00,21.110000610351562,21.25,21.110000610351562,21.214399337768555,590,0.0,0.0
2023-08-04 12:30:00-04:00,21.18400001525879,21.18400001525879,21.18400001525879,21.18400001525879,1385,0.0,0.0
2023-08-07 11:30:00-04:00,21.170000076293945,21.200000762939453,21.170000076293945,21.199899673461914,789,0.0,0.0
2023-08-07 12:30:00-04:00,21.200000762939453,21.200000762939453,21.200000762939453,21.200000762939453,326,0.0,0.0
2023-08-07 13:30:00-04:00,21.200000762939453,21.200000762939453,21.200000762939453,21.200000762939453,268,0.0,0.0
2023-08-07 14:30:00-04:00,21.040000915527344,21.040000915527344,21.040000915527344,21.040000915527344,250,0.0,0.0
2023-08-07 15:30:00-04:00,21.110000610351562,21.110000610351562,21.110000610351562,21.110000610351562,156,0.0,0.0
2023-08-08 11:30:00-04:00,20.799999237060547,20.799999237060547,20.799999237060547,20.799999237060547,236,0.0,0.0
2023-08-08 14:30:00-04:00,21.155000686645508,21.155000686645508,21.155000686645508,21.155000686645508,222,0.0,0.0
2023-08-08 15:30:00-04:00,21.079999923706055,21.09000015258789,21.059999465942383,21.059999465942383,0,0.0,0.0
2023-08-09 15:30:00-04:00,20.850000381469727,20.860000610351562,20.809999465942383,20.860000610351562,3673,0.0,0.0
2023-08-10 10:30:00-04:00,20.674999237060547,20.68000030517578,20.670000076293945,20.68000030517578,418,0.0,0.0
2023-08-10 11:30:00-04:00,20.684999465942383,21.199899673461914,20.68000030517578,21.199899673461914,1407,0.0,0.0
2023-08-10 12:30:00-04:00,20.729999542236328,20.729999542236328,20.729999542236328,20.729999542236328,102,0.0,0.0
2023-08-10 13:30:00-04:00,20.729999542236328,20.729999542236328,20.670000076293945,20.729999542236328,356,0.0,0.0
2023-08-10 15:30:00-04:00,20.510000228881836,21.189899444580078,20.510000228881836,20.75,3559,0.0,0.0
2023-08-11 11:30:00-04:00,20.75,20.75,20.75,20.75,1146,0.0,0.0
2023-08-11 14:30:00-04:00,20.75,20.799999237060547,20.75,20.75,1444,0.0,0.0
2023-08-11 15:30:00-04:00,20.75,20.780000686645508,20.600000381469727,20.610000610351562,4208,0.0,0.0
2023-08-14 10:30:00-04:00,20.260000228881836,20.352399826049805,20.260000228881836,20.352399826049805,407,0.0,0.0
2023-08-14 13:30:00-04:00,20.450000762939453,20.489900588989258,20.399999618530273,20.450000762939453,1299,0.0,0.0
2023-08-15 09:30:00-04:00,20.280000686645508,20.69499969482422,20.200000762939453,20.69499969482422,415,0.0,0.0
2023-08-15 14:30:00-04:00,20.639999389648438,20.639999389648438,20.639999389648438,20.639999389648438,305,0.0,0.0
2023-08-15 15:30:00-04:00,20.219999313354492,20.219999313354492,20.219999313354492,20.219999313354492,0,0.0,0.0
2023-08-16 09:30:00-04:00,20.219999313354492,20.260000228881836,20.219999313354492,20.260000228881836,1961,0.0,0.0
2023-08-16 11:30:00-04:00,20.149999618530273,20.149999618530273,20.149999618530273,20.149999618530273,125,0.0,0.0
2023-08-16 12:30:00-04:00,20.149999618530273,20.149999618530273,20.059999465942383,20.059999465942383,0,0.0,0.0
2023-08-17 09:30:00-04:00,20.18000030517578,20.18000030517578,20.18000030517578,20.18000030517578,0,0.0,0.0
2023-08-17 11:30:00-04:00,20.450000762939453,20.450000762939453,20.200000762939453,20.344999313354492,2936,0.0,0.0
2023-08-17 12:30:00-04:00,20.450000762939453,20.450000762939453,20.350000381469727,20.350000381469727,1119,0.0,0.0
2023-08-17 13:30:00-04:00,20.449899673461914,20.449899673461914,20.449899673461914,20.449899673461914,228,0.0,0.0
2023-08-17 14:30:00-04:00,20.440000534057617,20.450000762939453,20.399999618530273,20.40999984741211,0,0.0,0.0
2023-08-18 09:30:00-04:00,20.377899169921875,20.377899169921875,20.377899169921875,20.377899169921875,2664,0.0,0.0
2023-08-18 14:30:00-04:00,20.299999237060547,20.452999114990234,20.197099685668945,20.452999114990234,628,0.0,0.0
2023-08-18 15:30:00-04:00,20.25,20.469999313354492,20.25,20.459999084472656,1316,0.0,0.0
2023-08-21 10:30:00-04:00,20.170000076293945,20.264299392700195,20.170000076293945,20.264299392700195,599,0.0,0.0
2023-08-21 11:30:00-04:00,20.260000228881836,20.299999237060547,20.260000228881836,20.299999237060547,503,0.0,0.0
2023-08-21 13:30:00-04:00,20.299999237060547,20.299999237060547,20.272300720214844,20.272300720214844,639,0.0,0.0
2023-08-21 15:30:00-04:00,20.3700008392334,20.3700008392334,20.0,20.0,1528,0.0,0.0
2023-08-22 09:30:00-04:00,20.0,20.0,20.0,20.0,998,0.0,0.0
2023-08-22 10:30:00-04:00,20.0,20.0,20.0,20.0,611,0.0,0.0
2023-08-22 12:30:00-04:00,19.899999618530273,19.899999618530273,19.899999618530273,19.899999618530273,272,0.0,0.0
2023-08-22 13:30:00-04:00,19.975400924682617,19.975400924682617,19.899999618530273,19.899999618530273,1255,0.0,0.0
2023-08-22 14:30:00-04:00,19.799999237060547,19.909900665283203,19.799999237060547,19.909900665283203,934,0.0,0.0
2023-08-23 09:30:00-04:00,19.670000076293945,19.670000076293945,19.530000686645508,19.530000686645508,569,0.0,0.0
2023-08-23 10:30:00-04:00,19.43000030517578,19.43000030517578,19.416500091552734,19.416500091552734,520,0.0,0.0
2023-08-23 12:30:00-04:00,19.350099563598633,19.350099563598633,19.350000381469727,19.350000381469727,630,0.0,0.0
2023-08-23 15:30:00-04:00,19.360000610351562,19.360000610351562,19.360000610351562,19.360000610351562,200,0.0,0.0
2023-08-24 09:30:00-04:00,19.399999618530273,19.399999618530273,19.399999618530273,19.399999618530273,0,0.0,0.0
2023-08-24 10:30:00-04:00,19.469999313354492,19.469999313354492,19.399999618530273,19.399999618530273,616,0.0,0.0
2023-08-24 13:30:00-04:00,19.530000686645508,19.530000686645508,19.399999618530273,19.399999618530273,475,0.0,0.0
2023-08-25 13:30:00-04:00,19.799999237060547,19.799999237060547,19.799999237060547,19.799999237060547,390,0.0,0.0
2023-08-25 14:30:00-04:00,19.83989906311035,19.83989906311035,19.299999237060547,19.34000015258789,940,0.0,0.0
2023-08-25 15:30:00-04:00,19.600000381469727,19.799999237060547,19.600000381469727,19.799999237060547,1783,0.0,0.0
2023-08-28 10:30:00-04:00,19.823699951171875,19.823699951171875,19.823699951171875,19.823699951171875,327,0.0,0.0
2023-08-28 12:30:00-04:00,19.760000228881836,19.81329917907715,19.760000228881836,19.809999465942383,814,0.0,0.0
2023-08-29 09:30:00-04:00,19.8799991607666,19.989999771118164,19.649999618530273,19.649999618530273,526,0.0,0.0
2023-08-29 11:30:00-04:00,19.549999237060547,19.549999237060547,19.549999237060547,19.549999237060547,251,0.0,0.0
2023-08-29 12:30:00-04:00,19.372699737548828,19.372699737548828,19.372699737548828,19.372699737548828,100,0.0,0.0
2023-08-29 13:30:00-04:00,19.370100021362305,19.370100021362305,19.370100021362305,19.370100021362305,1694,0.0,0.0
2023-08-29 14:30:00-04:00,19.3799991607666,19.3799991607666,19.360000610351562,19.360000610351562,967,0.0,0.0
2023-08-29 15:30:00-04:00,19.469999313354492,19.469999313354492,19.469999313354492,19.469999313354492,0,0.0,0.0
2023-08-30 10:30:00-04:00,19.450000762939453,19.450000762939453,19.450000762939453,19.450000762939453,822,0.0,0.0
2023-08-30 15:30:00-04:00,19.5,19.5,19.5,19.5,0,0.0,0.0
2023-08-31 11:30:00-04:00,19.399999618530273,19.399999618530273,19.399999618530273,19.399999618530273,1029,0.0,0.0
2023-08-31 14:30:00-04:00,19.34000015258789,19.34000015258789,19.34000015258789,19.34000015258789,498,0.0,0.0
2023-08-31 15:30:00-04:00,19.18000030517578,19.360000610351562,19.18000030517578,19.360000610351562,550,0.0,0.0
2023-09-01 09:30:00-04:00,19.40999984741211,19.5,19.399900436401367,19.399900436401367,0,0.0,0.0
2023-09-01 10:30:00-04:00,19.399900436401367,19.399999618530273,19.149999618530273,19.399999618530273,2581,0.0,0.0
2023-09-01 11:30:00-04:00,19.399999618530273,19.399999618530273,19.200000762939453,19.299999237060547,2272,0.0,0.0
2023-09-01 13:30:00-04:00,19.4950008392334,19.5,19.489999771118164,19.5,830,0.0,0.0
2023-09-01 14:30:00-04:00,19.40999984741211,19.5,19.40999984741211,19.5,1401,0.0,0.0
2023-09-05 09:30:00-04:00,19.549999237060547,19.549999237060547,19.549999237060547,19.549999237060547,0,0.0,0.0
2023-09-05 11:30:00-04:00,19.600000381469727,19.600000381469727,19.600000381469727,19.600000381469727,227,0.0,0.0
2023-09-05 14:30:00-04:00,19.360000610351562,19.360000610351562,19.31999969482422,19.31999969482422,1646,0.0,0.0
2023-09-06 09:30:00-04:00,19.440000534057617,19.440000534057617,19.2450008392334,19.270000457763672,1705,0.0,0.0
2023-09-06 12:30:00-04:00,19.200000762939453,19.200000762939453,19.200000762939453,19.200000762939453,178,0.0,0.0
2023-09-06 13:30:00-04:00,19.1200008392334,19.1200008392334,19.1200008392334,19.1200008392334,0,0.0,0.0
2023-09-07 09:30:00-04:00,19.326900482177734,19.326900482177734,19.326900482177734,19.326900482177734,749,0.0,0.0
2023-09-07 12:30:00-04:00,19.1200008392334,19.1200008392334,19.049999237060547,19.049999237060547,372,0.0,0.0
2023-09-07 13:30:00-04:00,19.09000015258789,19.09000015258789,19.09000015258789,19.09000015258789,1221,0.0,0.0
2023-09-07 14:30:00-04:00,19.05500030517578,19.05500030517578,19.049999237060547,19.049999237060547,626,0.0,0.0
2023-09-07 15:30:00-04:00,19.010000228881836,19.010000228881836,19.010000228881836,19.010000228881836,0,0.0,0.0
2023-09-08 11:30:00-04:00,19.034299850463867,19.034299850463867,19.034299850463867,19.034299850463867,306,0.0,0.0
2023-09-08 14:30:00-04:00,19.030000686645508,19.030000686645508,19.030000686645508,19.030000686645508,0,0.0,0.0
2023-09-08 15:30:00-04:00,19.049999237060547,19.059999465942383,19.0,19.0,1440,0.0,0.0
2023-09-11 09:30:00-04:00,19.06999969482422,19.25,19.06999969482422,19.25,370,0.0,0.0
2023-09-11 10:30:00-04:00,19.299999237060547,19.383800506591797,19.25,19.25,1159,0.0,0.0
2023-09-11 11:30:00-04:00,19.25,19.489900588989258,19.25,19.25,1386,0.0,0.0
2023-09-11 13:30:00-04:00,19.075000762939453,19.075000762939453,19.075000762939453,19.075000762939453,100,0.0,0.0
2023-09-11 14:30:00-04:00,19.06999969482422,19.1200008392334,19.065000534057617,19.100000381469727,1449,0.0,0.0
2023-09-11 15:30:00-04:00,19.114999771118164,19.1200008392334,19.100000381469727,19.1200008392334,753,0.0,0.0
2023-09-12 09:30:00-04:00,19.020000457763672,19.281400680541992,19.020000457763672,19.281400680541992,0,0.0,0.0
2023-09-12 13:30:00-04:00,19.0,19.0,18.989999771118164,19.0,1158,0.0,0.0
2023-09-12 14:30:00-04:00,18.719999313354492,19.040000915527344,18.59000015258789,19.040000915527344,887,0.0,0.0
2023-09-12 15:30:00-04:00,19.0,19.0,19.0,19.0,300,0.0,0.0
2023-09-13 09:30:00-04:00,18.739999771118164,18.799999237060547,18.739999771118164,18.790000915527344,499,0.0,0.0
2023-09-13 10:30:00-04:00,18.75,18.799999237060547,18.75,18.761499404907227,2454,0.0,0.0
2023-09-13 13:30:00-04:00,18.75,18.885000228881836,18.75,18.799999237060547,900,0.0,0.0
2023-09-13 14:30:00-04:00,19.0,19.0,18.799999237060547,18.799999237060547,359,0.0,0.0
2023-09-13 15:30:00-04:00,18.75,18.75,18.75,18.75,174,0.0,0.0
2023-09-14 09:30:00-04:00,18.84000015258789,19.30780029296875,18.84000015258789,19.30780029296875,0,0.0,0.0
2023-09-14 10:30:00-04:00,19.269899368286133,19.269899368286133,19.01580047607422,19.01580047607422,1923,0.0,0.0
2023-09-14 12:30:00-04:00,19.020000457763672,19.020000457763672,19.020000457763672,19.020000457763672,400,0.0,0.0
2023-09-14 13:30:00-04:00,18.850000381469727,18.860000610351562,18.850000381469727,18.854999542236328,610,0.0,0.0
2023-09-14 14:30:00-04:00,18.949899673461914,18.949899673461914,18.84000015258789,18.84000015258789,1420,0.0,0.0
2023-09-14 15:30:00-04:00,18.889999389648438,18.899999618530273,18.850000381469727,18.850000381469727,0,0.0,0.0
2023-09-15 09:30:00-04:00,18.934999465942383,18.934999465942383,18.934999465942383,18.934999465942383,280,0.0,0.0
2023-09-15 11:30:00-04:00,18.899999618530273,18.899999618530273,18.899999618530273,18.899999618530273,558,0.0,0.0
2023-09-15 12:30:00-04:00,18.93000030517578,18.93000030517578,18.899999618530273,18.899999618530273,682,0.0,0.0
2023-09-15 13:30:00-04:00,18.899999618530273,18.93000030517578,18.899999618530273,18.899999618530273,760,0.0,0.0
2023-09-15 14:30:00-04:00,18.940000534057617,18.975000381469727,18.899999618530273,18.975000381469727,604,0.0,0.0
2023-09-15 15:30:00-04:00,18.950000762939453,19.5,18.899999618530273,19.489999771118164,5765,0.0,0.0
2023-09-18 09:30:00-04:00,19.290000915527344,19.290000915527344,19.290000915527344,19.290000915527344,303,0.0,0.0
2023-09-18 10:30:00-04:00,19.31999969482422,19.31999969482422,19.31999969482422,19.31999969482422,115,0.0,0.0
2023-09-18 11:30:00-04:00,19.832399368286133,19.832399368286133,19.530000686645508,19.606599807739258,952,0.0,0.0
2023-09-18 13:30:00-04:00,19.510000228881836,19.88990020751953,19.510000228881836,19.646400451660156,2801,0.0,0.0
2023-09-18 14:30:00-04:00,19.649999618530273,19.65999984741211,19.260000228881836,19.260000228881836,1133,0.0,0.0
2023-09-18 15:30:00-04:00,19.260000228881836,19.539899826049805,19.1299991607666,19.1299991607666,0,0.0,0.0
2023-09-19 09:30:00-04:00,19.236000061035156,19.236000061035156,19.020000457763672,19.020000457763672,401,0.0,0.0
2023-09-19 10:30:00-04:00,19.100000381469727,19.100000381469727,19.100000381469727,19.100000381469727,128,0.0,0.0
2023-09-19 11:30:00-04:00,19.08989906311035,19.097200393676758,19.0,19.097200393676758,2041,0.0,0.0
2023-09-19 12:30:00-04:00,19.079999923706055,19.079999923706055,18.93000030517578,18.93000030517578,319,0.0,0.0
2023-09-19 14:30:00-04:00,19.06999969482422,19.06999969482422,19.06999969482422,19.06999969482422,364,0.0,0.0
2023-09-19 15:30:00-04:00,19.079999923706055,19.079999923706055,18.969999313354492,18.969999313354492,0,0.0,0.0
2023-09-20 10:30:00-04:00,19.0,19.0,19.0,19.0,587,0.0,0.0
2023-09-20 14:30:00-04:00,18.924999237060547,19.0,18.924999237060547,19.0,0,0.0,0.0
2023-09-21 10:30:00-04:00,18.938199996948242,18.938199996948242,18.81999969482422,18.829999923706055,578,0.0,0.0
2023-09-21 14:30:00-04:00,18.84000015258789,18.84000015258789,18.809999465942383,18.815000534057617,1284,0.0,0.0
2023-09-21 15:30:00-04:00,18.809999465942383,18.81999969482422,18.809900283813477,18.809999465942383,2306,0.0,0.0
2023-09-22 09:30:00-04:00,18.75,18.75,18.75,18.75,0,0.0,0.0
2023-09-22 10:30:00-04:00,18.77560043334961,18.790000915527344,18.77560043334961,18.790000915527344,864,0.0,0.0
2023-09-22 11:30:00-04:00,18.850000381469727,18.850000381469727,18.75,18.75,809,0.0,0.0
2023-09-25 09:30:00-04:00,18.059999465942383,18.7450008392334,18.059999465942383,18.510000228881836,13168,0.0,0.0
2023-09-25 10:30:00-04:00,18.899999618530273,18.899999618530273,18.299999237060547,18.299999237060547,1458,0.0,0.0
2023-09-25 11:30:00-04:00,18.94499969482422,18.94499969482422,18.94499969482422,18.94499969482422,578,0.0,0.0
2023-09-25 12:30:00-04:00,18.5,18.5,18.5,18.5,579,0.0,0.0
2023-09-25 13:30:00-04:00,18.5,18.645999908447266,18.5,18.549999237060547,689,0.0,0.0
2023-09-25 14:30:00-04:00,18.639999389648438,18.639999389648438,17.871000289916992,18.100000381469727,4488,0.0,0.0
2023-09-25 15:30:00-04:00,18.010000228881836,18.010000228881836,18.0,18.0,980,0.0,0.0
2023-09-26 09:30:00-04:00,18.4960994720459,18.4960994720459,18.399999618530273,18.399999618530273,0,0.0,0.0
2023-09-26 10:30:00-04:00,18.049999237060547,18.389999389648438,18.0,18.0,3757,0.0,0.0
2023-09-26 12:30:00-04:00,17.610000610351562,18.170000076293945,17.610000610351562,18.170000076293945,940,0.0,0.0
2023-09-26 15:30:00-04:00,17.75,18.139999389648438,17.75,18.1299991607666,0,0.0,0.0
2023-09-27 10:30:00-04:00,17.90999984741211,17.989999771118164,17.782499313354492,17.782499313354492,1207,0.0,0.0
2023-09-27 12:30:00-04:00,17.889999389648438,18.170000076293945,17.80500030517578,18.170000076293945,1353,0.0,0.0
2023-09-27 14:30:00-04:00,18.145000457763672,18.145000457763672,17.81999969482422,17.979999542236328,1006,0.0,0.0
2023-09-28 09:30:00-04:00,17.739999771118164,17.739999771118164,17.739999771118164,17.739999771118164,418,0.0,0.0
2023-09-28 12:30:00-04:00,17.860000610351562,17.860000610351562,17.860000610351562,17.860000610351562,562,0.0,0.0
2023-09-28 13:30:00-04:00,18.0,18.092500686645508,18.0,18.09000015258789,998,0.0,0.0
2023-09-28 14:30:00-04:00,18.049999237060547,18.270000457763672,17.969999313354492,18.260000228881836,2739,0.0,0.0
2023-09-28 15:30:00-04:00,18.0,18.239599227905273,18.0,18.239599227905273,477,0.0,0.0
2023-09-29 09:30:00-04:00,18.290000915527344,18.290000915527344,18.290000915527344,18.290000915527344,115,0.0,0.0
2023-09-29 10:30:00-04:00,18.290000915527344,18.290000915527344,18.229999542236328,18.229999542236328,1450,0.0,0.0
2023-09-29 12:30:00-04:00,18.454999923706055,18.454999923706055,18.454999923706055,18.454999923706055,462,0.0,0.0
2023-09-29 15:30:00-04:00,17.989999771118164,18.5049991607666,17.983699798583984,18.030000686645508,1256,0.0,0.0
2023-10-02 13:30:00-04:00,18.190000534057617,18.190000534057617,18.190000534057617,18.190000534057617,1721,0.0,0.0
2023-10-02 14:30:00-04:00,18.149900436401367,18.149900436401367,17.969999313354492,17.969999313354492,1922,0.0,0.0
2023-10-02 15:30:00-04:00,18.020000457763672,18.020000457763672,17.989999771118164,18.0,480,0.0,0.0
2023-10-03 09:30:00-04:00,18.15999984741211,18.15999984741211,18.100000381469727,18.100000381469727,0,0.0,0.0
2023-10-03 10:30:00-04:00,17.809999465942383,17.944700241088867,17.799999237060547,17.944700241088867,500,0.0,0.0
2023-10-03 11:30:00-04:00,17.799999237060547,17.799999237060547,17.799999237060547,17.799999237060547,809,0.0,0.0
2023-10-03 13:30:00-04:00,17.799999237060547,18.049999237060547,17.799999237060547,18.049999237060547,913,0.0,0.0
2023-10-03 15:30:00-04:00,18.020000457763672,18.020000457763672,18.020000457763672,18.020000457763672,0,0.0,0.0
2023-10-04 12:30:00-04:00,18.0,18.0,18.0,18.0,62,0.0,0.0
2023-10-05 11:30:00-04:00,17.90999984741211,17.90999984741211,17.899999618530273,17.899999618530273,812,0.0,0.0
2023-10-05 12:30:00-04:00,17.90999984741211,17.90999984741211,17.90999984741211,17.90999984741211,333,0.0,0.0
2023-10-05 13:30:00-04:00,17.86750030517578,17.86750030517578,17.799999237060547,17.799999237060547,397,0.0,0.0
2023-10-05 14:30:00-04:00,17.920000076293945,17.920000076293945,17.665000915527344,17.795000076293945,782,0.0,0.0
2023-10-05 15:30:00-04:00,17.81999969482422,17.93000030517578,17.81999969482422,17.920000076293945,898,0.0,0.0
2023-10-06 10:30:00-04:00,17.709999084472656,17.709999084472656,17.709999084472656,17.709999084472656,115,0.0,0.0
2023-10-06 13:30:00-04:00,17.760000228881836,17.760000228881836,17.760000228881836,17.760000228881836,118,0.0,0.0
2023-10-06 15:30:00-04:00,18.020000457763672,18.020000457763672,18.020000457763672,18.020000457763672,515,0.0,0.0
2023-10-09 14:30:00-04:00,17.719999313354492,17.719999313354492,17.719999313354492,17.719999313354492,0,0.0,0.0
2023-10-10 13:30:00-04:00,18.15999984741211,18.200000762939453,18.15999984741211,18.200000762939453,351,0.0,0.0
2023-10-10 14:30:00-04:00,18.200000762939453,18.200000762939453,18.200000762939453,18.200000762939453,226,0.0,0.0
2023-10-10 15:30:00-04:00,18.200000762939453,18.29949951171875,18.200000762939453,18.29949951171875,1191,0.0,0.0
2023-10-11 09:30:00-04:00,19.486900329589844,19.486900329589844,18.25,18.5,0,0.0,0.0
2023-10-11 15:30:00-04:00,18.459999084472656,18.459999084472656,18.459999084472656,18.459999084472656,0,0.0,0.0
2023-10-12 09:30:00-04:00,18.024999618530273,18.024999618530273,18.024999618530273,18.024999618530273,608,0.0,0.0
2023-10-12 15:30:00-04:00,18.139999389648438,18.139999389648438,17.63010025024414,18.0,3345,0.0,0.0
2023-10-16 10:30:00-04:00,18.5,18.5,18.398500442504883,18.398500442504883,553,0.0,0.0
2023-10-16 11:30:00-04:00,18.52720069885254,18.52720069885254,18.52720069885254,18.52720069885254,1265,0.0,0.0
2023-10-16 14:30:00-04:00,18.059999465942383,18.110000610351562,18.059999465942383,18.09000015258789,875,0.0,0.0
2023-10-17 09:30:00-04:00,17.989999771118164,17.989999771118164,17.989999771118164,17.989999771118164,0,0.0,0.0
2023-10-17 12:30:00-04:00,18.00200080871582,18.040000915527344,18.0,18.0,953,0.0,0.0
2023-10-17 14:30:00-04:00,18.0,18.110000610351562,18.0,18.110000610351562,618,0.0,0.0
2023-10-17 15:30:00-04:00,18.124300003051758,18.124300003051758,18.124300003051758,18.124300003051758,360,0.0,0.0
2023-10-18 09:30:00-04:00,18.0,18.0,18.0,18.0,0,0.0,0.0
2023-10-18 13:30:00-04:00,17.960599899291992,17.960599899291992,17.960599899291992,17.960599899291992,196,0.0,0.0
2023-10-18 15:30:00-04:00,17.679899215698242,17.68000030517578,17.530000686645508,17.530000686645508,993,0.0,0.0
2023-10-19 09:30:00-04:00,17.719999313354492,17.719999313354492,17.719999313354492,17.719999313354492,103,0.0,0.0
2023-10-19 10:30:00-04:00,17.649999618530273,17.649999618530273,17.62070083618164,17.62070083618164,363,0.0,0.0
2023-10-19 11:30:00-04:00,17.56999969482422,17.56999969482422,17.350000381469727,17.350000381469727,1555,0.0,0.0
2023-10-19 12:30:00-04:00,17.389999389648438,17.399999618530273,17.389999389648438,17.399999618530273,582,0.0,0.0
2023-10-19 15:30:00-04:00,17.5,17.5,17.5,17.5,495,0.0,0.0
2023-10-20 09:30:00-04:00,17.350000381469727,17.709999084472656,17.350000381469727,17.709999084472656,717,0.0,0.0
2023-10-20 10:30:00-04:00,17.600000381469727,17.600000381469727,17.600000381469727,17.600000381469727,202,0.0,0.0
2023-10-20 12:30:00-04:00,17.75279998779297,17.75279998779297,17.75279998779297,17.75279998779297,283,0.0,0.0
2023-10-20 15:30:00-04:00,17.700000762939453,17.700000762939453,17.399999618530273,17.5,720,0.0,0.0
2023-10-23 10:30:00-04:00,17.5,17.5,17.5,17.5,0,0.0,0.0
2023-10-23 11:30:00-04:00,17.5,17.5,17.5,17.5,100,0.0,0.0
2023-10-23 12:30:00-04:00,17.559999465942383,17.559999465942383,17.559999465942383,17.559999465942383,316,0.0,0.0
2023-10-23 13:30:00-04:00,17.518600463867188,17.518600463867188,17.518600463867188,17.518600463867188,7784,0.0,0.0
2023-10-23 14:30:00-04:00,17.5,17.649999618530273,17.5,17.549999237060547,852,0.0,0.0
2023-10-23 15:30:00-04:00,17.5,17.5,17.5,17.5,178,0.0,0.0
2023-10-24 09:30:00-04:00,17.290000915527344,17.549999237060547,17.17329978942871,17.549999237060547,0,0.0,0.0
2023-10-24 10:30:00-04:00,17.25,17.25,17.25,17.25,337,0.0,0.0
2023-10-24 12:30:00-04:00,18.030000686645508,18.049999237060547,18.030000686645508,18.049999237060547,1480,0.0,0.0
2023-10-24 15:30:00-04:00,17.260000228881836,17.260000228881836,17.260000228881836,17.260000228881836,0,0.0,0.0
2023-10-25 09:30:00-04:00,17.718599319458008,17.718599319458008,17.718599319458008,17.718599319458008,223,0.0,0.0
2023-10-25 10:30:00-04:00,17.600000381469727,17.600000381469727,16.91010093688965,17.200000762939453,2974,0.0,0.0
2023-10-25 11:30:00-04:00,16.975000381469727,16.975000381469727,16.90060043334961,16.90060043334961,1189,0.0,0.0
2023-10-25 13:30:00-04:00,16.489999771118164,16.489999771118164,16.489999771118164,16.489999771118164,485,0.0,0.0
2023-10-25 15:30:00-04:00,16.600000381469727,16.600000381469727,16.5,16.600000381469727,0,0.0,0.0
2023-10-26 09:30:00-04:00,16.940000534057617,16.940000534057617,16.5,16.5,3659,0.0,0.0
2023-10-26 11:30:00-04:00,16.850000381469727,16.850000381469727,16.850000381469727,16.850000381469727,266,0.0,0.0
2023-10-26 13:30:00-04:00,16.829999923706055,16.829999923706055,16.829999923706055,16.829999923706055,0,0.0,0.0
2023-10-27 10:30:00-04:00,16.780000686645508,17.04990005493164,16.780000686645508,17.04990005493164,776,0.0,0.0
2023-10-27 13:30:00-04:00,16.600000381469727,16.600000381469727,16.600000381469727,16.600000381469727,115,0.0,0.0
2023-10-27 15:30:00-04:00,16.729999542236328,16.729999542236328,16.709999084472656,16.709999084472656,208,0.0,0.0
2023-10-30 09:30:00-04:00,16.510000228881836,16.510000228881836,16.510000228881836,16.510000228881836,625,0.0,0.0
2023-10-30 10:30:00-04:00,17.149999618530273,17.440000534057617,17.1200008392334,17.1200008392334,825,0.0,0.0
2023-10-30 11:30:00-04:00,17.229999542236328,17.229999542236328,16.78499984741211,16.850000381469727,2653,0.0,0.0
2023-10-30 14:30:00-04:00,16.940000534057617,17.0,16.940000534057617,16.950000762939453,1645,0.0,0.0
2023-10-30 15:30:00-04:00,16.81999969482422,17.0,16.799999237060547,16.799999237060547,0,0.0,0.0
2023-10-31 10:30:00-04:00,16.5,16.5,16.5,16.5,527,0.0,0.0
2023-10-31 13:30:00-04:00,16.600000381469727,16.600000381469727,16.600000381469727,16.600000381469727,497,0.0,0.0
2023-10-31 14:30:00-04:00,16.700000762939453,16.700000762939453,16.700000762939453,16.700000762939453,498,0.0,0.0
2023-10-31 15:30:00-04:00,16.700000762939453,16.700000762939453,16.699899673461914,16.699899673461914,0,0.0,0.0
2023-11-01 10:30:00-04:00,16.579999923706055,16.579999923706055,16.549999237060547,16.549999237060547,962,0.0,0.0
2023-11-01 15:30:00-04:00,17.0,17.010000228881836,17.0,17.0,0,0.0,0.0
2023-11-02 13:30:00-04:00,17.0762996673584,17.0762996673584,17.0762996673584,17.0762996673584,1059,0.0,0.0
2023-11-02 14:30:00-04:00,17.0,17.010000228881836,16.99519920349121,16.99519920349121,0,0.0,0.0
2023-11-03 09:30:00-04:00,17.0,17.0,17.0,17.0,584,0.0,0.0
2023-11-03 10:30:00-04:00,16.77669906616211,17.0,16.77669906616211,17.0,1415,0.0,0.0
2023-11-03 11:30:00-04:00,17.31049919128418,17.582700729370117,17.31049919128418,17.582700729370117,1404,0.0,0.0
2023-11-03 12:30:00-04:00,18.139999389648438,18.139999389648438,18.139999389648438,18.139999389648438,1138,0.0,0.0
2023-11-03 14:30:00-04:00,17.639999389648438,17.639999389648438,17.639999389648438,17.639999389648438,223,0.0,0.0
2023-11-03 15:30:00-04:00,18.0,18.0,18.0,18.0,273,0.0,0.0
2023-11-06 09:30:00-05:00,17.989999771118164,17.989999771118164,17.989999771118164,17.989999771118164,0,0.0,0.0
2023-11-06 12:30:00-05:00,17.760000228881836,17.760000228881836,17.760000228881836,17.760000228881836,120,0.0,0.0
2023-11-06 13:30:00-05:00,18.149999618530273,18.149999618530273,18.149999618530273,18.149999618530273,276,0.0,0.0
2023-11-06 14:30:00-05:00,17.760000228881836,17.760000228881836,17.760000228881836,17.760000228881836,187,0.0,0.0
2023-11-06 15:30:00-05:00,17.760000228881836,17.790000915527344,17.760000228881836,17.790000915527344,213,0.0,0.0
2023-11-07 15:30:00-05:00,17.75,17.75,17.5,17.5,586,0.0,0.0
2023-11-08 11:30:00-05:00,17.610000610351562,17.610000610351562,17.610000610351562,17.610000610351562,0,0.0,0.0
2023-11-08 14:30:00-05:00,17.770000457763672,17.770000457763672,17.770000457763672,17.770000457763672,151,0.0,0.0
2023-11-08 15:30:00-05:00,17.700000762939453,17.700000762939453,17.700000762939453,17.700000762939453,0,0.0,0.0
2023-11-09 09:30:00-05:00,17.690500259399414,17.690500259399414,17.690500259399414,17.690500259399414,390,0.0,0.0
2023-11-09 10:30:00-05:00,17.700000762939453,17.950000762939453,17.700000762939453,17.950000762939453,465,0.0,0.0
2023-11-09 11:30:00-05:00,17.950000762939453,17.950000762939453,17.950000762939453,17.950000762939453,513,0.0,0.0
2023-11-09 13:30:00-05:00,18.25,18.25,18.25,18.25,783,0.0,0.0
2023-11-09 14:30:00-05:00,18.25,18.25,18.25,18.25,1,0.0,0.0
2023-11-10 11:30:00-05:00,18.93000030517578,18.93000030517578,18.93000030517578,18.93000030517578,202,0.0,0.0
2023-11-13 09:30:00-05:00,18.6299991607666,18.920000076293945,18.6299991607666,18.920000076293945,917,0.0,0.0
2023-11-13 12:30:00-05:00,18.791799545288086,18.791799545288086,18.5,18.5,0,0.0,0.0
2023-11-14 09:30:00-05:00,18.655000686645508,18.68000030517578,18.517000198364258,18.65999984741211,1397,0.0,0.0
2023-11-14 10:30:00-05:00,18.84000015258789,19.0,18.84000015258789,19.0,608,0.0,0.0
2023-11-14 12:30:00-05:00,19.25,19.25,19.25,19.25,101,0.0,0.0
2023-11-14 13:30:00-05:00,19.024999618530273,19.024999618530273,19.024999618530273,19.024999618530273,172,0.0,0.0
2023-11-14 15:30:00-05:00,18.75,18.75,18.75,18.75,0,0.0,0.0
2023-11-15 09:30:00-05:00,19.0,19.0,19.0,19.0,511,0.0,0.0
2023-11-15 10:30:00-05:00,18.75,18.995800018310547,18.75,18.81999969482422,366,0.0,0.0
2023-11-15 11:30:00-05:00,18.899999618530273,18.899999618530273,18.899999618530273,18.899999618530273,395,0.0,0.0
2023-11-15 15:30:00-05:00,18.8799991607666,18.8799991607666,18.8799991607666,18.8799991607666,0,0.0,0.0
2023-11-16 12:30:00-05:00,18.892499923706055,18.892499923706055,18.892499923706055,18.892499923706055,554,0.0,0.0
2023-11-16 13:30:00-05:00,18.760000228881836,18.8799991607666,18.540000915527344,18.650100708007812,0,0.0,0.0
2023-11-17 09:30:00-05:00,19.0,19.0,19.0,19.0,530,0.0,0.0
2023-11-20 09:30:00-05:00,19.0,19.0,19.0,19.0,117,0.0,0.0
2023-11-20 10:30:00-05:00,18.572200775146484,18.572200775146484,18.572200775146484,18.572200775146484,502,0.0,0.0
2023-11-20 11:30:00-05:00,18.90999984741211,18.90999984741211,18.899999618530273,18.899999618530273,778,0.0,0.0
2023-11-20 12:30:00-05:00,19.299999237060547,19.299999237060547,19.299999237060547,19.299999237060547,230,0.0,0.0
2023-11-20 13:30:00-05:00,19.299999237060547,19.299999237060547,19.299999237060547,19.299999237060547,168,0.0,0.0
2023-11-20 14:30:00-05:00,19.25429916381836,19.25429916381836,19.25429916381836,19.25429916381836,0,0.0,0.0
2023-11-21 10:30:00-05:00,19.440000534057617,19.5,19.440000534057617,19.5,954,0.0,0.0
2023-11-21 11:30:00-05:00,19.5,19.5,19.5,19.5,229,0.0,0.0
2023-11-21 12:30:00-05:00,19.540000915527344,19.540000915527344,19.5,19.5,761,0.0,0.0
2023-11-21 14:30:00-05:00,19.5,19.540000915527344,19.5,19.5,0,0.0,0.0
2023-11-22 10:30:00-05:00,19.200000762939453,19.270000457763672,19.200000762939453,19.270000457763672,531,0.0,0.0
2023-11-24 10:30:00-05:00,19.399999618530273,19.399999618530273,19.399999618530273,19.399999618530273,287,0.0,0.0
2023-11-24 11:30:00-05:00,19.600000381469727,19.600000381469727,19.600000381469727,19.600000381469727,136,0.0,0.0
2023-11-24 12:30:00-05:00,19.600000381469727,19.649999618530273,19.600000381469727,19.649999618530273,207,0.0,0.0
2023-11-27 09:30:00-05:00,19.739999771118164,19.739999771118164,19.649999618530273,19.690000534057617,0,0.0,0.0
2023-11-27 10:30:00-05:00,19.690000534057617,19.700000762939453,19.690000534057617,19.700000762939453,830,0.0,0.0
2023-11-27 11:30:00-05:00,19.700000762939453,19.739999771118164,19.700000762939453,19.729999542236328,1327,0.0,0.0
2023-11-27 12:30:00-05:00,19.719999313354492,19.719999313354492,19.690000534057617,19.690000534057617,880,0.0,0.0
2023-11-27 13:30:00-05:00,19.700000762939453,19.700000762939453,19.700000762939453,19.700000762939453,614,0.0,0.0
2023-11-27 14:30:00-05:00,19.700000762939453,19.850000381469727,19.083900451660156,19.083900451660156,1846,0.0,0.0
2023-11-28 09:30:00-05:00,19.3799991607666,19.3799991607666,19.3799991607666,19.3799991607666,310,0.0,0.0
2023-11-28 10:30:00-05:00,19.979999542236328,19.979999542236328,19.979999542236328,19.979999542236328,168,0.0,0.0
2023-11-28 12:30:00-05:00,19.549999237060547,19.549999237060547,19.549999237060547,19.549999237060547,283,0.0,0.0
2023-11-28 13:30:00-05:00,19.68000030517578,19.68000030517578,19.68000030517578,19.68000030517578,552,0.0,0.0
2023-11-28 14:30:00-05:00,19.848600387573242,19.848600387573242,19.848600387573242,19.848600387573242,0,0.0,0.0
2023-11-29 09:30:00-05:00,19.84000015258789,19.950000762939453,19.84000015258789,19.950000762939453,815,0.0,0.0
2023-11-29 10:30:00-05:00,19.66990089416504,19.68779945373535,19.66990089416504,19.68779945373535,717,0.0,0.0
2023-11-30 09:30:00-05:00,19.600000381469727,19.600000381469727,19.209999084472656,19.600000381469727,1709,0.0,0.0
2023-11-30 11:30:00-05:00,19.219999313354492,19.219999313354492,19.219999313354492,19.219999313354492,262,0.0,0.0
2023-11-30 13:30:00-05:00,19.260000228881836,19.260000228881836,19.260000228881836,19.260000228881836,646,0.0,0.0
2023-11-30 15:30:00-05:00,19.125,19.125,19.125,19.125,0,0.0,0.0
2023-12-01 10:30:00-05:00,19.450000762939453,19.450000762939453,19.399999618530273,19.399999618530273,538,0.0,0.0
2023-12-01 14:30:00-05:00,19.93000030517578,20.0,19.100000381469727,19.100000381469727,3001,0.0,0.0
2023-12-01 15:30:00-05:00,19.149999618530273,19.149999618530273,19.149999618530273,19.149999618530273,105,0.0,0.0
2023-12-04 12:30:00-05:00,19.999900817871094,19.999900817871094,19.999900817871094,19.999900817871094,93,0.0,0.0
2023-12-05 09:30:00-05:00,18.610000610351562,18.610000610351562,18.610000610351562,18.610000610351562,572,0.0,0.0
2023-12-05 13:30:00-05:00,19.739999771118164,19.739999771118164,19.739999771118164,19.739999771118164,817,0.0,0.0
2023-12-06 09:30:00-05:00,19.280000686645508,19.280000686645508,19.280000686645508,19.280000686645508,0,0.0,0.0
2023-12-06 10:30:00-05:00,19.5137996673584,19.5137996673584,19.5137996673584,19.5137996673584,273,0.0,0.0
2023-12-06 15:30:00-05:00,19.459999084472656,19.600000381469727,19.459999084472656,19.600000381469727,0,0.0,0.0
2023-12-07 09:30:00-05:00,19.209699630737305,19.209699630737305,19.209699630737305,19.209699630737305,961,0.0,0.0
2023-12-07 12:30:00-05:00,19.5,19.5,19.5,19.5,541,0.0,0.0
2023-12-07 15:30:00-05:00,19.600000381469727,19.75,19.600000381469727,19.75,710,0.0,0.0
2023-12-08 09:30:00-05:00,19.440000534057617,19.440000534057617,19.440000534057617,19.440000534057617,0,0.0,0.0
2023-12-08 13:30:00-05:00,20.110000610351562,20.110000610351562,20.110000610351562,20.110000610351562,1523,0.0,0.0
2023-12-08 15:30:00-05:00,20.1200008392334,20.610000610351562,20.1200008392334,20.260000228881836,2199,0.0,0.0
2023-12-11 09:30:00-05:00,20.649999618530273,20.649999618530273,20.03499984741211,20.03499984741211,2969,0.0,0.0
2023-12-11 10:30:00-05:00,20.25,20.25,19.709999084472656,20.239999771118164,457,0.0,0.0
2023-12-11 11:30:00-05:00,20.239999771118164,20.239999771118164,20.239999771118164,20.239999771118164,430,0.0,0.0
2023-12-11 13:30:00-05:00,20.239999771118164,20.239999771118164,20.239999771118164,20.239999771118164,0,0.0,0.0
2023-12-12 09:30:00-05:00,19.829999923706055,19.829999923706055,19.739999771118164,19.75,646,0.0,0.0
2023-12-12 10:30:00-05:00,19.240999221801758,19.240999221801758,19.240999221801758,19.240999221801758,576,0.0,0.0
2023-12-12 11:30:00-05:00,20.10890007019043,20.10890007019043,20.10890007019043,20.10890007019043,181,0.0,0.0
2023-12-12 13:30:00-05:00,19.611400604248047,19.611400604248047,19.611400604248047,19.611400604248047,308,0.0,0.0
2023-12-13 11:30:00-05:00,19.600000381469727,19.600000381469727,19.600000381469727,19.600000381469727,667,0.0,0.0
2023-12-14 09:30:00-05:00,19.219999313354492,20.0,19.0,19.100000381469727,7003,0.0,0.0
2023-12-14 10:30:00-05:00,19.239999771118164,19.299999237060547,19.010000228881836,19.299999237060547,1333,0.0,0.0
2023-12-14 11:30:00-05:00,19.405000686645508,19.809999465942383,19.299999237060547,19.420000076293945,2970,0.0,0.0
2023-12-14 12:30:00-05:00,19.28499984741211,19.299999237060547,19.149999618530273,19.149999618530273,690,0.0,0.0
2023-12-14 13:30:00-05:00,19.299999237060547,19.299999237060547,19.0,19.0,875,0.0,0.0
2023-12-14 14:30:00-05:00,19.299999237060547,19.790000915527344,19.020000457763672,19.639999389648438,3858,0.0,0.0
2023-12-14 15:30:00-05:00,19.299999237060547,19.299999237060547,19.299999237060547,19.299999237060547,809,0.0,0.0
2023-12-15 09:30:00-05:00,19.360000610351562,19.360000610351562,19.31999969482422,19.31999969482422,1861,0.0,0.0
2023-12-18 09:30:00-05:00,19.399999618530273,19.399999618530273,19.399999618530273,19.399999618530273,171,0.0,0.0
2023-12-18 10:30:00-05:00,18.40850067138672,19.139999389648438,18.40850067138672,19.110599517822266,807,0.0,0.0
2023-12-18 14:30:00-05:00,19.110000610351562,19.68000030517578,19.110000610351562,19.6299991607666,2943,0.0,0.0
2023-12-18 15:30:00-05:00,19.280000686645508,19.280000686645508,19.280000686645508,19.280000686645508,0,0.0,0.0
2023-12-19 10:30:00-05:00,19.260000228881836,19.280000686645508,19.190000534057617,19.280000686645508,1130,0.0,0.0
2023-12-19 11:30:00-05:00,19.3700008392334,19.524999618530273,19.3700008392334,19.524999618530273,1494,0.0,0.0
2023-12-19 14:30:00-05:00,19.670000076293945,19.68000030517578,19.670000076293945,19.68000030517578,220,0.0,0.0
2023-12-19 15:30:00-05:00,19.700000762939453,19.700000762939453,19.68000030517578,19.68000030517578,0,0.0,0.0
2023-12-20 12:30:00-05:00,19.18000030517578,19.600000381469727,19.18000030517578,19.600000381469727,1831,0.0,0.0
2023-12-20 14:30:00-05:00,19.764999389648438,19.764999389648438,19.700000762939453,19.729999542236328,940,0.0,0.0
2023-12-20 15:30:00-05:00,19.5,19.5,19.485000610351562,19.485000610351562,342,0.0,0.0
2023-12-21 13:30:00-05:00,19.374099731445312,19.374099731445312,19.374099731445312,19.374099731445312,137,0.0,0.0
2023-12-21 14:30:00-05:00,19.190000534057617,19.219999313354492,19.110000610351562,19.194700241088867,0,0.0,0.0
2023-12-22 09:30:00-05:00,19.329999923706055,19.329999923706055,19.329999923706055,19.329999923706055,1592,0.0,0.0
2023-12-22 10:30:00-05:00,19.329999923706055,19.34000015258789,19.329999923706055,19.329999923706055,2942,0.0,0.0
2023-12-22 12:30:00-05:00,19.329999923706055,19.420000076293945,19.329999923706055,19.420000076293945,531,0.0,0.0
2023-12-22 13:30:00-05:00,19.350000381469727,19.40999984741211,19.350000381469727,19.40999984741211,474,0.0,0.0
2023-12-26 12:30:00-05:00,19.53969955444336,19.53969955444336,19.53969955444336,19.53969955444336,542,0.0,0.0
2023-12-26 13:30:00-05:00,19.59000015258789,19.639999389648438,19.59000015258789,19.639999389648438,1110,0.0,0.0
2023-12-26 14:30:00-05:00,19.6299991607666,19.639999389648438,19.6299991607666,19.639999389648438,0,0.0,0.0
2023-12-27 13:30:00-05:00,19.399999618530273,19.399999618530273,19.399999618530273,19.399999618530273,1711,0.0,0.0
2023-12-27 15:30:00-05:00,19.360000610351562,19.3700008392334,19.360000610351562,19.3700008392334,253,0.0,0.0
2023-12-28 09:30:00-05:00,19.34000015258789,19.34000015258789,19.34000015258789,19.34000015258789,545,0.0,0.0
2023-12-28 12:30:00-05:00,19.65999984741211,19.65999984741211,19.549999237060547,19.559999465942383,1147,0.0,0.0
2023-12-28 13:30:00-05:00,19.659900665283203,19.659900665283203,19.659900665283203,19.659900665283203,725,0.0,0.0
2023-12-28 14:30:00-05:00,19.68000030517578,19.68000030517578,19.350000381469727,19.350000381469727,1671,0.0,0.0
2023-12-28 15:30:00-05:00,19.360000610351562,19.360000610351562,19.360000610351562,19.360000610351562,0,0.0,0.0
2023-12-29 09:30:00-05:00,19.280000686645508,19.299999237060547,19.280000686645508,19.299999237060547,663,0.0,0.0
2023-12-29 10:30:00-05:00,19.14109992980957,19.14109992980957,19.14109992980957,19.14109992980957,547,0.0,0.0
2023-12-29 11:30:00-05:00,19.31999969482422,19.31999969482422,19.31999969482422,19.31999969482422,305,0.0,0.0
2023-12-29 15:30:00-05:00,19.795000076293945,19.795000076293945,19.795000076293945,19.795000076293945,100,0.0,0.0
2024-01-02 15:30:00-05:00,19.760000228881836,19.760000228881836,19.760000228881836,19.760000228881836,205,0.0,0.0
2024-01-03 10:30:00-05:00,19.760000228881836,19.799999237060547,19.760000228881836,19.799999237060547,1329,0.0,0.0
2024-01-03 11:30:00-05:00,19.809999465942383,19.809999465942383,19.809999465942383,19.809999465942383,301,0.0,0.0
2024-01-03 12:30:00-05:00,19.81999969482422,19.850000381469727,19.81999969482422,19.850000381469727,536,0.0,0.0
2024-01-03 13:30:00-05:00,19.850000381469727,19.850000381469727,19.850000381469727,19.850000381469727,515,0.0,0.0
2024-01-03 15:30:00-05:00,20.21500015258789,20.21500015258789,19.40999984741211,19.40999984741211,0,0.0,0.0
2024-01-04 10:30:00-05:00,20.25,20.25,19.639999389648438,19.639999389648438,1004,0.0,0.0
2024-01-04 11:30:00-05:00,19.640100479125977,20.219999313354492,19.389999389648438,19.389999389648438,1680,0.0,0.0
2024-01-04 14:30:00-05:00,19.420000076293945,19.420000076293945,19.420000076293945,19.420000076293945,174,0.0,0.0
2024-01-05 09:30:00-05:00,19.649999618530273,19.649999618530273,19.649999618530273,19.649999618530273,105,0.0,0.0
2024-01-05 10:30:00-05:00,19.639999389648438,19.825000762939453,19.639999389648438,19.825000762939453,1368,0.0,0.0
2024-01-08 09:30:00-05:00,19.649999618530273,20.15220069885254,19.649999618530273,20.15220069885254,0,0.0,0.0
2024-01-08 10:30:00-05:00,19.844999313354492,19.844999313354492,19.75,19.75,2038,0.0,0.0
2024-01-08 13:30:00-05:00,19.799999237060547,19.850000381469727,19.799999237060547,19.850000381469727,570,0.0,0.0
2024-01-08 14:30:00-05:00,20.040000915527344,20.040000915527344,20.0,20.040000915527344,0,0.0,0.0
2024-01-09 09:30:00-05:00,20.049999237060547,20.049999237060547,20.049999237060547,20.049999237060547,383,0.0,0.0
2024-01-09 12:30:00-05:00,20.0,20.118000030517578,20.0,20.118000030517578,1016,0.0,0.0
2024-01-09 13:30:00-05:00,20.170000076293945,20.229900360107422,20.170000076293945,20.229900360107422,1385,0.0,0.0
2024-01-09 14:30:00-05:00,20.219999313354492,20.229999542236328,20.219999313354492,20.229999542236328,964,0.0,0.0
2024-01-09 15:30:00-05:00,20.229999542236328,20.229999542236328,20.125,20.229999542236328,0,0.0,0.0
2024-01-10 09:30:00-05:00,20.219999313354492,20.219999313354492,20.219999313354492,20.219999313354492,329,0.0,0.0
2024-01-10 10:30:00-05:00,20.200000762939453,20.25,20.200000762939453,20.25,3736,0.0,0.0
2024-01-10 11:30:00-05:00,20.219999313354492,20.239999771118164,20.219999313354492,20.239999771118164,525,0.0,0.0
2024-01-10 12:30:00-05:00,20.209999084472656,20.454999923706055,20.20989990234375,20.454999923706055,2334,0.0,0.0
2024-01-10 13:30:00-05:00,20.219999313354492,20.239999771118164,20.219999313354492,20.239999771118164,600,0.0,0.0
2024-01-10 14:30:00-05:00,20.329999923706055,20.329999923706055,20.209999084472656,20.229999542236328,2529,0.0,0.0
2024-01-10 15:30:00-05:00,20.209999084472656,20.209999084472656,20.209999084472656,20.209999084472656,427,0.0,0.0
2024-01-11 09:30:00-05:00,20.25,20.25,20.25,20.25,1591,0.0,0.0
2024-01-11 11:30:00-05:00,20.200000762939453,20.200000762939453,20.049999237060547,20.189899444580078,1487,0.0,0.0
2024-01-11 12:30:00-05:00,20.1299991607666,20.190000534057617,20.100000381469727,20.110000610351562,7635,0.0,0.0
2024-01-11 13:30:00-05:00,20.100000381469727,20.100000381469727,20.100000381469727,20.100000381469727,1009,0.0,0.0
2024-01-11 14:30:00-05:00,20.100000381469727,20.100000381469727,20.020000457763672,20.020000457763672,1598,0.0,0.0
2024-01-11 15:30:00-05:00,19.760000228881836,19.760000228881836,19.760000228881836,19.760000228881836,132,0.0,0.0
2024-01-12 12:30:00-05:00,19.799999237060547,19.799999237060547,19.799999237060547,19.799999237060547,176,0.0,0.0
2024-01-12 13:30:00-05:00,19.799999237060547,19.800100326538086,19.799999237060547,19.800100326538086,965,0.0,0.0
2024-01-12 14:30:00-05:00,19.799999237060547,19.799999237060547,19.799999237060547,19.799999237060547,599,0.0,0.0
2024-01-16 09:30:00-05:00,20.010000228881836,20.100000381469727,20.010000228881836,20.100000381469727,1136,0.0,0.0
2024-01-16 12:30:00-05:00,20.66510009765625,20.66510009765625,20.66510009765625,20.66510009765625,134,0.0,0.0
2024-01-16 13:30:00-05:00,20.209999084472656,20.209999084472656,20.209999084472656,20.209999084472656,337,0.0,0.0
2024-01-16 14:30:00-05:00,20.209999084472656,20.209999084472656,20.209999084472656,20.209999084472656,260,0.0,0.0
2024-01-17 09:30:00-05:00,20.549999237060547,20.549999237060547,20.54990005493164,20.549999237060547,0,0.0,0.0
2024-01-17 14:30:00-05:00,20.364999771118164,20.364999771118164,20.364999771118164,20.364999771118164,0,0.0,0.0
2024-01-18 09:30:00-05:00,20.54990005493164,20.54990005493164,20.54990005493164,20.54990005493164,301,0.0,0.0
2024-01-18 10:30:00-05:00,20.549999237060547,20.698699951171875,20.549999237060547,20.698699951171875,526,0.0,0.0
2024-01-18 11:30:00-05:00,20.700000762939453,20.700000762939453,20.690000534057617,20.690000534057617,532,0.0,0.0
2024-01-18 13:30:00-05:00,20.5,20.5,20.392900466918945,20.392900466918945,321,0.0,0.0
2024-01-18 14:30:00-05:00,20.700000762939453,20.700000762939453,20.700000762939453,20.700000762939453,454,0.0,0.0
2024-01-18 15:30:00-05:00,20.555999755859375,20.555999755859375,20.555999755859375,20.555999755859375,0,0.0,0.0
2024-01-19 12:30:00-05:00,20.549999237060547,20.549999237060547,20.549999237060547,20.549999237060547,376,0.0,0.0
2024-01-19 14:30:00-05:00,20.399999618530273,20.399999618530273,20.399999618530273,20.399999618530273,329,0.0,0.0
2024-01-19 15:30:00-05:00,20.40999984741211,20.597999572753906,20.40999984741211,20.597999572753906,603,0.0,0.0
2024-01-22 11:30:00-05:00,20.510000228881836,20.649999618530273,20.510000228881836,20.649999618530273,904,0.0,0.0
2024-01-23 09:30:00-05:00,20.40999984741211,20.40999984741211,20.40999984741211,20.40999984741211,0,0.0,0.0
2024-01-23 13:30:00-05:00,20.392099380493164,20.392099380493164,20.3700008392334,20.3700008392334,1040,0.0,0.0
2024-01-23 15:30:00-05:00,20.3700008392334,20.3700008392334,20.3700008392334,20.3700008392334,678,0.0,0.0
2024-01-24 15:30:00-05:00,20.3700008392334,20.3700008392334,20.3700008392334,20.3700008392334,480,0.0,0.0
2024-01-25 14:30:00-05:00,20.560100555419922,20.75,20.560100555419922,20.75,1720,0.0,0.0
2024-01-26 09:30:00-05:00,21.5,21.5,21.5,21.5,315,0.0,0.0
2024-01-26 10:30:00-05:00,20.389999389648438,21.075000762939453,20.389999389648438,21.075000762939453,464,0.0,0.0
2024-01-29 15:30:00-05:00,21.479900360107422,21.479900360107422,21.479900360107422,21.479900360107422,124,0.0,0.0
2024-01-31 09:30:00-05:00,21.2898006439209,21.2898006439209,21.2898006439209,21.2898006439209,2309,0.0,0.0
2024-01-31 10:30:00-05:00,21.290000915527344,21.375,21.290000915527344,21.375,2554,0.0,0.0
2024-02-01 10:30:00-05:00,21.318099975585938,21.318099975585938,21.318099975585938,21.318099975585938,0,0.0,0.0
2024-02-02 14:30:00-05:00,21.43000030517578,21.43000030517578,21.0,21.0,1553,0.0,0.0
2024-02-05 09:30:00-05:00,21.0,21.0,21.0,21.0,560,0.0,0.0
2024-02-05 10:30:00-05:00,20.65999984741211,20.65999984741211,20.65999984741211,20.65999984741211,281,0.0,0.0
2024-02-05 15:30:00-05:00,20.65999984741211,21.40999984741211,20.632299423217773,21.010000228881836,2431,0.0,0.0
2024-02-06 09:30:00-05:00,21.110000610351562,21.110000610351562,21.110000610351562,21.110000610351562,0,0.0,0.0
2024-02-06 12:30:00-05:00,20.559999465942383,21.65999984741211,20.0,20.0,8244,0.0,0.0
2024-02-06 13:30:00-05:00,20.25,20.25,20.25,20.25,1004,0.0,0.0
2024-02-06 15:30:00-05:00,20.020000457763672,20.030000686645508,20.020000457763672,20.020000457763672,498,0.0,0.0
2024-02-07 09:30:00-05:00,20.0,20.0,19.309999465942383,19.69499969482422,0,0.0,0.0
2024-02-07 10:30:00-05:00,19.25,19.25,19.24530029296875,19.24530029296875,1015,0.0,0.0
2024-02-07 12:30:00-05:00,19.1200008392334,19.1200008392334,19.1200008392334,19.1200008392334,0,0.0,0.0
2024-02-08 13:30:00-05:00,19.75,19.8799991607666,19.75,19.8700008392334,2108,0.0,0.0
2024-02-09 09:30:00-05:00,19.4950008392334,19.4950008392334,19.4950008392334,19.4950008392334,313,0.0,0.0
2024-02-09 12:30:00-05:00,19.68000030517578,19.68000030517578,19.68000030517578,19.68000030517578,136,0.0,0.0
2024-02-09 13:30:00-05:00,20.040000915527344,20.040000915527344,20.040000915527344,20.040000915527344,221,0.0,0.0
2024-02-12 09:30:00-05:00,20.040000915527344,20.8799991607666,20.040000915527344,20.39940071105957,203,0.0,0.0
2024-02-12 10:30:00-05:00,20.05500030517578,20.05500030517578,19.95199966430664,19.95199966430664,928,0.0,0.0
2024-02-12 12:30:00-05:00,20.999900817871094,20.999900817871094,20.4950008392334,20.4950008392334,675,0.0,0.0
2024-02-12 14:30:00-05:00,20.719999313354492,20.75,20.719999313354492,20.75,815,0.0,0.0
2024-02-13 09:30:00-05:00,19.290000915527344,19.790000915527344,19.1156005859375,19.790000915527344,56,0.0,0.0
2024-02-14 11:30:00-05:00,19.5,19.5,19.5,19.5,331,0.0,0.0
2024-02-14 15:30:00-05:00,19.65999984741211,19.65999984741211,19.65999984741211,19.65999984741211,127,0.0,0.0
2024-02-15 10:30:00-05:00,19.9064998626709,19.9064998626709,19.9064998626709,19.9064998626709,858,0.0,0.0
2024-02-15 12:30:00-05:00,20.0,20.0,20.0,20.0,194,0.0,0.0
2024-02-15 14:30:00-05:00,19.670000076293945,19.670000076293945,19.670000076293945,19.670000076293945,0,0.0,0.0
2024-02-16 10:30:00-05:00,19.940000534057617,19.940000534057617,19.860599517822266,19.860599517822266,839,0.0,0.0
2024-02-20 09:30:00-05:00,19.75,19.75,19.75,19.75,0,0.0,0.0
2024-02-20 10:30:00-05:00,19.139799118041992,19.139799118041992,19.139799118041992,19.139799118041992,583,0.0,0.0
2024-02-20 13:30:00-05:00,19.209999084472656,19.209999084472656,19.209999084472656,19.209999084472656,462,0.0,0.0
2024-02-21 14:30:00-05:00,19.200000762939453,19.545000076293945,19.200000762939453,19.545000076293945,108,0.0,0.0
2024-02-22 12:30:00-05:00,19.350099563598633,19.350099563598633,19.350099563598633,19.350099563598633,503,0.0,0.0
2024-02-22 14:30:00-05:00,19.93000030517578,19.93000030517578,19.93000030517578,19.93000030517578,115,0.0,0.0
2024-02-23 11:30:00-05:00,19.3799991607666,19.59000015258789,19.280000686645508,19.59000015258789,1295,0.0,0.0
2024-02-26 09:30:00-05:00,19.200000762939453,19.959999084472656,19.200000762939453,19.93000030517578,747,0.0,0.0
2024-02-26 10:30:00-05:00,19.989999771118164,20.0,19.989999771118164,20.0,565,0.0,0.0
2024-02-26 11:30:00-05:00,19.89430046081543,20.0,19.700000762939453,20.0,1438,0.0,0.0
2024-02-26 12:30:00-05:00,20.0,20.469999313354492,19.450000762939453,20.260000228881836,1758,0.0,0.0
2024-02-26 13:30:00-05:00,20.440000534057617,20.440000534057617,20.0,20.0,318,0.0,0.0
2024-02-26 14:30:00-05:00,20.0,20.389999389648438,20.0,20.299999237060547,744,0.0,0.0
2024-02-26 15:30:00-05:00,20.190000534057617,20.200000762939453,20.190000534057617,20.200000762939453,0,0.0,0.0
2024-02-27 10:30:00-05:00,19.700000762939453,20.200000762939453,19.700000762939453,20.200000762939453,930,0.0,0.0
2024-02-27 11:30:00-05:00,20.200000762939453,20.200000762939453,20.200000762939453,20.200000762939453,987,0.0,0.0
2024-02-27 14:30:00-05:00,20.729999542236328,20.729999542236328,19.299999237060547,20.690000534057617,682,0.0,0.0
2024-02-27 15:30:00-05:00,19.780000686645508,20.1299991607666,19.19969940185547,19.920000076293945,4609,0.0,0.0
2024-02-28 09:30:00-05:00,20.100000381469727,20.100000381469727,19.94499969482422,19.94499969482422,0,0.0,0.0
2024-02-28 10:30:00-05:00,19.549999237060547,19.93000030517578,19.549999237060547,19.93000030517578,2152,0.0,0.0
2024-02-28 13:30:00-05:00,20.229999542236328,20.229999542236328,19.700000762939453,19.799999237060547,0,0.0,0.0
2024-02-29 09:30:00-05:00,20.739999771118164,20.770000457763672,20.0,20.229999542236328,2115,0.0,0.0
2024-02-29 13:30:00-05:00,19.43000030517578,19.43000030517578,19.43000030517578,19.43000030517578,1440,0.0,0.0
2024-03-01 09:30:00-05:00,19.399999618530273,19.399999618530273,19.399999618530273,19.399999618530273,1070,0.0,0.0
2024-03-04 14:30:00-05:00,19.6299991607666,19.6299991607666,19.6299991607666,19.6299991607666,0,0.0,0.0
2024-03-06 09:30:00-05:00,19.959999084472656,19.979999542236328,19.747600555419922,19.979999542236328,891,0.0,0.0
2024-03-06 11:30:00-05:00,19.79360008239746,19.79360008239746,19.79360008239746,19.79360008239746,600,0.0,0.0
2024-03-06 12:30:00-05:00,21.16790008544922,21.16790008544922,21.16790008544922,21.16790008544922,534,0.0,0.0
2024-03-06 13:30:00-05:00,20.280000686645508,20.280000686645508,20.020000457763672,20.020000457763672,0,0.0,0.0
2024-03-07 12:30:00-05:00,20.477500915527344,20.547100067138672,20.477500915527344,20.5,5292,0.0,0.0
2024-03-07 13:30:00-05:00,20.5,20.5,20.5,20.5,603,0.0,0.0
2024-03-07 15:30:00-05:00,20.18000030517578,20.229999542236328,20.18000030517578,20.229999542236328,0,0.0,0.0
2024-03-08 12:30:00-05:00,20.5,20.5,20.5,20.5,1283,0.0,0.0
2024-03-08 13:30:00-05:00,20.270000457763672,20.270000457763672,20.18000030517578,20.18000030517578,907,0.0,0.0
2024-03-11 09:30:00-04:00,20.450000762939453,20.645200729370117,20.450000762939453,20.645200729370117,957,0.0,0.0
2024-03-11 13:30:00-04:00,20.204999923706055,20.204999923706055,20.204999923706055,20.204999923706055,0,0.0,0.0
2024-03-12 09:30:00-04:00,20.149999618530273,20.149999618530273,20.0,20.0,718,0.0,0.0
2024-03-12 10:30:00-04:00,19.950000762939453,19.950000762939453,19.628000259399414,19.628000259399414,1120,0.0,0.0
2024-03-12 11:30:00-04:00,19.65999984741211,19.65999984741211,19.65999984741211,19.65999984741211,192,0.0,0.0
2024-03-12 12:30:00-04:00,19.649999618530273,19.649999618530273,19.5,19.5,0,0.0,0.0
2024-03-13 10:30:00-04:00,19.530000686645508,19.649999618530273,19.25,19.299999237060547,8184,0.0,0.0
2024-03-13 11:30:00-04:00,19.499900817871094,19.5,19.479999542236328,19.49370002746582,3033,0.0,0.0
2024-03-13 12:30:00-04:00,19.270000457763672,19.270000457763672,19.270000457763672,19.270000457763672,463,0.0,0.0
2024-03-13 13:30:00-04:00,19.479999542236328,19.498699188232422,19.270000457763672,19.270000457763672,1245,0.0,0.0
2024-03-13 14:30:00-04:00,19.270000457763672,19.309999465942383,19.149999618530273,19.309999465942383,2198,0.0,0.0
2024-03-13 15:30:00-04:00,19.309999465942383,19.309999465942383,19.299999237060547,19.299999237060547,528,0.0,0.0
2024-03-14 09:30:00-04:00,19.149999618530273,19.149999618530273,19.149999618530273,19.149999618530273,1121,0.0,0.0
2024-03-14 10:30:00-04:00,19.479999542236328,19.5,19.0,19.450000762939453,4263,0.0,0.0
2024-03-14 11:30:00-04:00,19.100000381469727,19.100000381469727,18.866899490356445,18.950000762939453,3597,0.0,0.0
2024-03-14 12:30:00-04:00,18.899999618530273,19.0,18.610000610351562,19.0,1246,0.0,0.0
2024-03-14 13:30:00-04:00,19.0,19.0,18.600000381469727,18.920400619506836,3767,0.0,0.0
2024-03-14 14:30:00-04:00,18.899999618530273,19.174999237060547,18.700000762939453,18.700000762939453,5037,0.0,0.0
2024-03-14 15:30:00-04:00,18.75,18.7549991607666,18.610000610351562,18.700000762939453,3081,0.0,0.0
2024-03-15 09:30:00-04:00,19.0,19.0,19.0,19.0,932,0.0,0.0
2024-03-15 11:30:00-04:00,19.249399185180664,19.249399185180664,19.249399185180664,19.249399185180664,184,0.0,0.0
2024-03-15 12:30:00-04:00,19.2450008392334,19.2450008392334,19.2450008392334,19.2450008392334,311,0.0,0.0
2024-03-15 14:30:00-04:00,19.539899826049805,19.539899826049805,19.539899826049805,19.539899826049805,354,0.0,0.0
2024-03-18 09:30:00-04:00,19.200000762939453,19.25,19.200000762939453,19.25,0,0.0,0.0
2024-03-18 11:30:00-04:00,19.209999084472656,19.209999084472656,19.209999084472656,19.209999084472656,933,0.0,0.0
2024-03-19 10:30:00-04:00,19.68000030517578,19.68000030517578,19.68000030517578,19.68000030517578,0,0.0,0.0
2024-03-19 12:30:00-04:00,19.680599212646484,19.97949981689453,19.040000915527344,19.040000915527344,2235,0.0,0.0
2024-03-19 13:30:00-04:00,19.81999969482422,19.81999969482422,19.81999969482422,19.81999969482422,202,0.0,0.0
2024-03-19 15:30:00-04:00,19.889999389648438,19.889999389648438,19.889999389648438,19.889999389648438,422,0.0,0.0
2024-03-21 13:30:00-04:00,19.951000213623047,19.951000213623047,19.951000213623047,19.951000213623047,0,0.0,0.0
2024-03-21 14:30:00-04:00,19.200000762939453,19.209999084472656,19.155000686645508,19.200000762939453,1218,0.0,0.0
2024-03-22 12:30:00-04:00,19.684999465942383,19.684999465942383,19.684999465942383,19.684999465942383,0,0.0,0.0
2024-03-22 13:30:00-04:00,19.100000381469727,19.100000381469727,19.049999237060547,19.049999237060547,758,0.0,0.0
2024-03-22 14:30:00-04:00,19.09000015258789,19.09000015258789,19.09000015258789,19.09000015258789,714,0.0,0.0
2024-03-25 11:30:00-04:00,19.698200225830078,19.698200225830078,19.698200225830078,19.698200225830078,0,0.0,0.0
2024-03-25 13:30:00-04:00,19.049999237060547,19.049999237060547,19.049999237060547,19.049999237060547,313,0.0,0.0
2024-03-26 09:30:00-04:00,19.979999542236328,19.979999542236328,19.979999542236328,19.979999542236328,2282,0.0,0.0
2024-03-26 10:30:00-04:00,19.28030014038086,19.28030014038086,19.28030014038086,19.28030014038086,1605,0.0,0.0
2024-03-27 10:30:00-04:00,19.399999618530273,19.600000381469727,19.399999618530273,19.5,2808,0.0,0.0
2024-03-27 14:30:00-04:00,19.100000381469727,19.299699783325195,19.100000381469727,19.29010009765625,831,0.0,0.0
2024-03-28 11:30:00-04:00,19.850000381469727,19.850000381469727,19.850000381469727,19.850000381469727,645,0.0,0.0
2024-03-28 15:30:00-04:00,19.200000762939453,19.200000762939453,19.200000762939453,19.200000762939453,430,0.0,0.0
2024-04-01 09:30:00-04:00,19.399999618530273,19.399999618530273,19.399999618530273,19.399999618530273,252,0.0,0.0
2024-04-01 14:30:00-04:00,19.673500061035156,19.673500061035156,19.673500061035156,19.673500061035156,677,0.0,0.0
2024-04-01 15:30:00-04:00,19.290000915527344,19.290000915527344,19.290000915527344,19.290000915527344,330,0.0,0.0
2024-04-02 09:30:00-04:00,19.86949920654297,19.86949920654297,19.86949920654297,19.86949920654297,661,0.0,0.0
2024-04-03 10:30:00-04:00,19.940000534057617,19.940000534057617,19.940000534057617,19.940000534057617,896,0.0,0.0
2024-04-03 12:30:00-04:00,19.594999313354492,19.594999313354492,19.594999313354492,19.594999313354492,201,0.0,0.0
2024-04-04 14:30:00-04:00,19.61090087890625,19.61090087890625,19.260000228881836,19.290000915527344,2208,0.0,0.0
2024-04-05 11:30:00-04:00,19.100099563598633,19.850000381469727,19.0,19.030000686645508,2658,0.0,0.0
2024-04-05 12:30:00-04:00,19.0,19.0,19.0,19.0,109,0.0,0.0
2024-04-08 10:30:00-04:00,19.50149917602539,19.50149917602539,19.50149917602539,19.50149917602539,451,0.0,0.0
2024-04-08 12:30:00-04:00,19.524999618530273,19.524999618530273,19.25,19.25,602,0.0,0.0
2024-04-08 13:30:00-04:00,19.200000762939453,19.200000762939453,19.200000762939453,19.200000762939453,200,0.0,0.0
2024-04-08 14:30:00-04:00,19.100000381469727,19.100000381469727,19.100000381469727,19.100000381469727,94,0.0,0.0
2024-04-09 12:30:00-04:00,19.0,19.0,19.0,19.0,0,0.0,0.0
2024-04-09 13:30:00-04:00,19.850000381469727,19.850000381469727,19.25,19.25,1881,0.0,0.0
2024-04-10 09:30:00-04:00,19.0,19.0,19.0,19.0,915,0.0,0.0
2024-04-10 12:30:00-04:00,19.239999771118164,19.25,19.229999542236328,19.229999542236328,2907,0.0,0.0
2024-04-12 09:30:00-04:00,19.010000228881836,19.110000610351562,19.010000228881836,19.110000610351562,673,0.0,0.0
2024-04-15 09:30:00-04:00,19.360000610351562,19.450000762939453,19.360000610351562,19.450000762939453,248,0.0,0.0
2024-04-15 10:30:00-04:00,19.450000762939453,19.75,19.450000762939453,19.75,1264,0.0,0.0
2024-04-15 14:30:00-04:00,19.75,19.75,19.75,19.75,303,0.0,0.0
2024-04-15 15:30:00-04:00,19.749900817871094,19.749900817871094,19.749900817871094,19.749900817871094,267,0.0,0.0
2024-04-16 10:30:00-04:00,19.68000030517578,19.68000030517578,19.68000030517578,19.68000030517578,257,0.0,0.0
2024-04-16 14:30:00-04:00,19.699899673461914,19.699899673461914,19.699899673461914,19.699899673461914,634,0.0,0.0
2024-04-17 13:30:00-04:00,19.299999237060547,19.299999237060547,19.18000030517578,19.18000030517578,774,0.0,0.0
2024-04-17 15:30:00-04:00,19.260000228881836,19.260000228881836,19.200000762939453,19.200000762939453,4252,0.0,0.0
2024-04-18 14:30:00-04:00,19.0,19.0,19.0,19.0,1293,0.0,0.0
2024-04-19 09:30:00-04:00,19.0,19.0,19.0,19.0,329,0.0,0.0
2024-04-19 10:30:00-04:00,19.0,19.0,19.0,19.0,220,0.0,0.0
2024-04-22 10:30:00-04:00,19.269899368286133,19.269899368286133,19.269899368286133,19.269899368286133,484,0.0,0.0
2024-04-22 11:30:00-04:00,19.200000762939453,19.344999313354492,19.200000762939453,19.344999313354492,1526,0.0,0.0
2024-04-22 12:30:00-04:00,19.25,19.25,19.25,19.25,1998,0.0,0.0
2024-04-22 13:30:00-04:00,19.200000762939453,19.200000762939453,19.200000762939453,19.200000762939453,667,0.0,0.0
2024-04-23 10:30:00-04:00,19.229999542236328,19.229999542236328,19.229999542236328,19.229999542236328,0,0.0,0.0
2024-04-24 09:30:00-04:00,19.249900817871094,19.249900817871094,19.249900817871094,19.249900817871094,500,0.0,0.0
2024-04-24 10:30:00-04:00,19.06999969482422,19.06999969482422,19.0,19.0,1674,0.0,0.0
2024-04-24 11:30:00-04:00,18.760000228881836,18.760000228881836,18.760000228881836,18.760000228881836,1908,0.0,0.0
2024-04-24 15:30:00-04:00,19.000099182128906,19.000099182128906,19.000099182128906,19.000099182128906,356,0.0,0.0
2024-04-25 13:30:00-04:00,19.0,19.0,19.0,19.0,232,0.0,0.0
2024-04-29 14:30:00-04:00,18.799999237060547,18.799999237060547,18.479999542236328,18.530000686645508,2850,0.0,0.0
2024-04-29 15:30:00-04:00,18.450000762939453,18.450000762939453,18.450000762939453,18.450000762939453,141,0.0,0.0
2024-04-30 09:30:00-04:00,18.149999618530273,18.565000534057617,18.149999618530273,18.565000534057617,1236,0.0,0.0
2024-04-30 11:30:00-04:00,18.600000381469727,18.600000381469727,18.25,18.25,1667,0.0,0.0
2024-04-30 12:30:00-04:00,18.149999618530273,18.149999618530273,18.149999618530273,18.149999618530273,928,0.0,0.0
2024-04-30 13:30:00-04:00,18.1299991607666,18.170000076293945,18.1299991607666,18.1299991607666,1215,0.0,0.0
2024-04-30 14:30:00-04:00,18.059999465942383,18.059999465942383,18.0,18.0,2180,0.0,0.0
2024-05-01 10:30:00-04:00,17.899999618530273,18.0,17.899999618530273,17.99970054626465,2593,0.0,0.0
2024-05-01 11:30:00-04:00,18.315000534057617,18.315000534057617,18.315000534057617,18.315000534057617,205,0.0,0.0
2024-05-01 12:30:00-04:00,18.315000534057617,18.315000534057617,18.315000534057617,18.315000534057617,81,0.0,0.0
2024-05-01 13:30:00-04:00,18.299999237060547,18.315000534057617,18.0,18.000099182128906,3486,0.0,0.0
2024-05-01 14:30:00-04:00,18.0,18.0,18.0,18.0,648,0.0,0.0
2024-05-01 15:30:00-04:00,18.25,18.25,18.25,18.25,237,0.0,0.0
2024-05-02 14:30:00-04:00,18.639999389648438,18.670000076293945,18.639999389648438,18.670000076293945,452,0.0,0.0
2024-05-02 15:30:00-04:00,18.4950008392334,18.4950008392334,18.4950008392334,18.4950008392334,632,0.0,0.0
2024-05-03 09:30:00-04:00,19.18079948425293,19.18079948425293,19.18079948425293,19.18079948425293,346,0.0,0.0
2024-05-03 10:30:00-04:00,18.459999084472656,18.459999084472656,18.459999084472656,18.459999084472656,412,0.0,0.0
2024-05-03 11:30:00-04:00,18.549999237060547,18.944000244140625,18.549999237060547,18.944000244140625,863,0.0,0.0
2024-05-03 15:30:00-04:00,18.784799575805664,18.784799575805664,18.784799575805664,18.784799575805664,156,0.0,0.0
2024-05-06 09:30:00-04:00,18.510000228881836,18.510000228881836,18.510000228881836,18.510000228881836,0,0.0,0.0
2024-05-06 10:30:00-04:00,18.600000381469727,18.6200008392334,18.600000381469727,18.600000381469727,1223,0.0,0.0
2024-05-07 09:30:00-04:00,18.850000381469727,18.850000381469727,18.850000381469727,18.850000381469727,209,0.0,0.0
2024-05-07 10:30:00-04:00,19.0,19.0,19.0,19.0,202,0.0,0.0
2024-05-07 11:30:00-04:00,19.149900436401367,19.149900436401367,19.149900436401367,19.149900436401367,1500,0.0,0.0
2024-05-07 13:30:00-04:00,19.149999618530273,19.1560001373291,19.0,19.0,1471,0.0,0.0
2024-05-08 11:30:00-04:00,19.56999969482422,19.56999969482422,19.0,19.0,766,0.0,0.0
2024-05-08 12:30:00-04:00,19.0,19.279499053955078,19.0,19.149999618530273,762,0.0,0.0
2024-05-08 13:30:00-04:00,18.65999984741211,18.65999984741211,18.65999984741211,18.65999984741211,506,0.0,0.0
2024-05-08 14:30:00-04:00,18.969999313354492,18.989999771118164,18.899999618530273,18.899999618530273,1045,0.0,0.0
2024-05-09 12:30:00-04:00,18.850000381469727,18.850000381469727,18.850000381469727,18.850000381469727,637,0.0,0.0
2024-05-09 13:30:00-04:00,19.697999954223633,19.697999954223633,18.899999618530273,18.899999618530273,1199,0.0,0.0
2024-05-09 15:30:00-04:00,19.0,19.0,19.0,19.0,289,0.0,0.0
2024-05-10 15:30:00-04:00,19.3799991607666,19.399999618530273,19.354999542236328,19.354999542236328,745,0.0,0.0
2024-05-13 09:30:00-04:00,19.280000686645508,19.280000686645508,19.110000610351562,19.110000610351562,2476,0.0,0.0
2024-05-13 11:30:00-04:00,19.166000366210938,19.166000366210938,19.166000366210938,19.166000366210938,2223,0.0,0.0
2024-05-13 12:30:00-04:00,19.34000015258789,19.34000015258789,19.31999969482422,19.31999969482422,713,0.0,0.0
2024-05-13 14:30:00-04:00,19.235000610351562,19.235000610351562,19.235000610351562,19.235000610351562,1410,0.0,0.0
2024-05-13 15:30:00-04:00,19.34000015258789,19.34000015258789,19.25,19.25,302,0.0,0.0
2024-05-14 12:30:00-04:00,19.0841007232666,19.0841007232666,19.0841007232666,19.0841007232666,625,0.0,0.0
2024-05-15 09:30:00-04:00,19.190000534057617,19.190000534057617,19.190000534057617,19.190000534057617,647,0.0,0.0
2024-05-15 14:30:00-04:00,19.168800354003906,19.168800354003906,19.168800354003906,19.168800354003906,740,0.0,0.0
2024-05-15 15:30:00-04:00,19.170000076293945,19.170000076293945,19.170000076293945,19.170000076293945,135,0.0,0.0
2024-05-16 09:30:00-04:00,18.975000381469727,18.975000381469727,18.975000381469727,18.975000381469727,0,0.0,0.0
2024-05-16 10:30:00-04:00,19.149999618530273,19.149999618530273,19.149999618530273,19.149999618530273,2186,0.0,0.0
2024-05-16 12:30:00-04:00,19.114999771118164,19.114999771118164,19.114999771118164,19.114999771118164,412,0.0,0.0
2024-05-17 10:30:00-04:00,19.139999389648438,19.139999389648438,19.139999389648438,19.139999389648438,0,0.0,0.0
2024-05-17 11:30:00-04:00,19.030000686645508,19.030000686645508,19.030000686645508,19.030000686645508,1061,0.0,0.0
2024-05-17 13:30:00-04:00,19.00320053100586,19.149999618530273,19.00320053100586,19.139999389648438,1284,0.0,0.0
2024-05-17 14:30:00-04:00,19.139999389648438,19.139999389648438,19.139999389648438,19.139999389648438,547,0.0,0.0
2024-05-20 09:30:00-04:00,18.979999542236328,18.979999542236328,18.979999542236328,18.979999542236328,0,0.0,0.0
2024-05-20 11:30:00-04:00,19.0,19.018199920654297,19.0,19.018199920654297,1253,0.0,0.0
2024-05-20 12:30:00-04:00,19.04990005493164,19.04990005493164,19.04990005493164,19.04990005493164,631,0.0,0.0
2024-05-20 14:30:00-04:00,19.100000381469727,19.190000534057617,19.024999618530273,19.189899444580078,3226,0.0,0.0
2024-05-20 15:30:00-04:00,19.190000534057617,19.190000534057617,19.190000534057617,19.190000534057617,185,0.0,0.0
2024-05-21 09:30:00-04:00,18.899999618530273,19.579999923706055,18.899999618530273,18.920000076293945,4733,0.0,0.0
2024-05-21 15:30:00-04:00,19.25,19.25,19.25,19.25,120,0.0,0.0
2024-05-22 09:30:00-04:00,19.299999237060547,19.389999389648438,19.299999237060547,19.389999389648438,519,0.0,0.0
2024-05-22 13:30:00-04:00,19.450000762939453,19.5,19.450000762939453,19.5,1114,0.0,0.0
2024-05-22 15:30:00-04:00,19.5,19.5,19.5,19.5,274,0.0,0.0
2024-05-23 09:30:00-04:00,19.059999465942383,19.059999465942383,18.950000762939453,18.950000762939453,0,0.0,0.0
2024-05-23 13:30:00-04:00,19.0,19.0,19.0,19.0,300,0.0,0.0
2024-05-23 14:30:00-04:00,19.0,19.0,18.899999618530273,18.899999618530273,3767,0.0,0.0
2024-05-23 15:30:00-04:00,18.899999618530273,18.899999618530273,18.899999618530273,18.899999618530273,2963,0.0,0.0
2024-05-24 09:30:00-04:00,19.217500686645508,19.217500686645508,19.217500686645508,19.217500686645508,300,0.0,0.0
2024-05-24 10:30:00-04:00,19.5,19.5,19.049999237060547,19.049999237060547,1418,0.0,0.0
2024-05-24 12:30:00-04:00,19.5,19.530000686645508,19.5,19.530000686645508,508,0.0,0.0
2024-05-24 13:30:00-04:00,19.530000686645508,19.540000915527344,19.110000610351562,19.28499984741211,2533,0.0,0.0
2024-05-24 14:30:00-04:00,19.450000762939453,19.475000381469727,19.450000762939453,19.475000381469727,962,0.0,0.0
2024-05-28 09:30:00-04:00,19.540000915527344,19.549999237060547,19.540000915527344,19.549999237060547,1124,0.0,0.0
2024-05-28 11:30:00-04:00,19.450000762939453,19.462499618530273,19.450000762939453,19.462499618530273,551,0.0,0.0
2024-05-28 12:30:00-04:00,19.5,19.5,19.5,19.5,789,0.0,0.0
2024-05-29 09:30:00-04:00,19.729999542236328,19.75,18.950000762939453,19.75,2058,0.0,0.0
2024-05-29 10:30:00-04:00,19.499900817871094,19.499900817871094,19.499900817871094,19.499900817871094,162,0.0,0.0
2024-05-29 12:30:00-04:00,19.170000076293945,19.170000076293945,19.170000076293945,19.170000076293945,1117,0.0,0.0
2024-05-30 10:30:00-04:00,19.250099182128906,19.250099182128906,19.250099182128906,19.250099182128906,318,0.0,0.0
2024-05-30 15:30:00-04:00,19.489999771118164,19.489999771118164,19.489999771118164,19.489999771118164,300,0.0,0.0
2024-06-03 11:30:00-04:00,19.766599655151367,19.766599655151367,19.766599655151367,19.766599655151367,1236,0.0,0.0
2024-06-03 12:30:00-04:00,19.5049991607666,19.5049991607666,19.5049991607666,19.5049991607666,328,0.0,0.0
2024-06-04 09:30:00-04:00,18.950000762939453,18.950000762939453,18.950000762939453,18.950000762939453,0,0.0,0.0
2024-06-04 14:30:00-04:00,19.999900817871094,19.999900817871094,19.520000457763672,19.520000457763672,638,0.0,0.0
2024-06-04 15:30:00-04:00,19.84000015258789,19.84000015258789,19.84000015258789,19.84000015258789,199,0.0,0.0
2024-06-05 09:30:00-04:00,19.360000610351562,19.360000610351562,19.360000610351562,19.360000610351562,2888,0.0,0.0
2024-06-06 09:30:00-04:00,19.489999771118164,19.489999771118164,19.489999771118164,19.489999771118164,800,0.0,0.0
2024-06-06 10:30:00-04:00,19.4950008392334,19.4950008392334,19.4950008392334,19.4950008392334,259,0.0,0.0
2024-06-06 11:30:00-04:00,19.489999771118164,19.489999771118164,19.489999771118164,19.489999771118164,611,0.0,0.0
2024-06-07 09:30:00-04:00,19.06999969482422,19.06999969482422,19.06999969482422,19.06999969482422,254,0.0,0.0
2024-06-07 12:30:00-04:00,19.25,19.25,19.25,19.25,385,0.0,0.0
2024-06-11 09:30:00-04:00,19.010000228881836,19.010000228881836,19.010000228881836,19.010000228881836,878,0.0,0.0
2024-06-12 09:30:00-04:00,19.040000915527344,19.040000915527344,19.040000915527344,19.040000915527344,0,0.0,0.0
2024-06-12 14:30:00-04:00,19.259199142456055,19.259199142456055,19.259199142456055,19.259199142456055,713,0.0,0.0
2024-06-13 09:30:00-04:00,19.010000228881836,19.1658992767334,19.010000228881836,19.149999618530273,3465,0.0,0.0
2024-06-13 13:30:00-04:00,19.174999237060547,19.174999237060547,19.174999237060547,19.174999237060547,384,0.0,0.0
2024-06-14 10:30:00-04:00,19.020000457763672,19.020000457763672,19.020000457763672,19.020000457763672,202,0.0,0.0
2024-06-17 09:30:00-04:00,18.40999984741211,19.0,18.40999984741211,19.0,7299,0.0,0.0
2024-06-17 12:30:00-04:00,19.020099639892578,19.020099639892578,19.020099639892578,19.020099639892578,309,0.0,0.0
2024-06-18 10:30:00-04:00,19.25,19.25,19.25,19.25,1154,0.0,0.0
2024-06-18 12:30:00-04:00,19.299999237060547,19.299999237060547,19.299999237060547,19.299999237060547,259,0.0,0.0
2024-06-18 13:30:00-04:00,19.299999237060547,19.299999237060547,19.299999237060547,19.299999237060547,877,0.0,0.0
2024-06-20 09:30:00-04:00,19.350000381469727,19.350000381469727,19.350000381469727,19.350000381469727,289,0.0,0.0
2024-06-21 09:30:00-04:00,19.200000762939453,19.200000762939453,19.200000762939453,19.200000762939453,210,0.0,0.0
2024-06-21 10:30:00-04:00,19.299999237060547,19.299999237060547,19.299999237060547,19.299999237060547,1239,0.0,0.0
2024-06-24 09:30:00-04:00,18.75,18.75,18.75,18.75,597,0.0,0.0
2024-06-24 10:30:00-04:00,19.104999542236328,19.104999542236328,19.104999542236328,19.104999542236328,280,0.0,0.0
2024-06-24 11:30:00-04:00,18.927900314331055,19.25,18.927799224853516,19.25,2375,0.0,0.0
2024-06-25 09:30:00-04:00,19.18000030517578,19.25,19.18000030517578,19.25,4798,0.0,0.0
2024-06-25 10:30:00-04:00,19.25,19.25,19.25,19.25,739,0.0,0.0
2024-06-26 12:30:00-04:00,19.369699478149414,19.369699478149414,19.369699478149414,19.369699478149414,318,0.0,0.0
2024-06-26 14:30:00-04:00,19.360000610351562,19.360000610351562,19.360000610351562,19.360000610351562,163,0.0,0.0
2024-06-28 14:30:00-04:00,19.469999313354492,19.5,19.174999237060547,19.5,3348,0.0,0.0
2024-06-28 15:30:00-04:00,19.5,19.5,19.469999313354492,19.5,1758,0.0,0.0
2024-07-01 11:30:00-04:00,19.485000610351562,19.485000610351562,19.475000381469727,19.475000381469727,2781,0.0,0.0
2024-07-02 09:30:00-04:00,19.020000457763672,19.065000534057617,19.020000457763672,19.065000534057617,0,0.0,0.0
2024-07-05 09:30:00-04:00,19.149999618530273,19.149999618530273,19.149999618530273,19.149999618530273,0,0.0,0.0
2024-07-08 11:30:00-04:00,19.43000030517578,19.43000030517578,19.43000030517578,19.43000030517578,764,0.0,0.0
2024-07-08 13:30:00-04:00,19.450000762939453,19.450000762939453,19.450000762939453,19.450000762939453,698,0.0,0.0
2024-07-08 15:30:00-04:00,19.260000228881836,19.719999313354492,19.260000228881836,19.719999313354492,460,0.0,0.0
2024-07-09 09:30:00-04:00,19.5,19.5,19.5,19.5,374,0.0,0.0
2024-07-09 13:30:00-04:00,19.625,19.625,19.5,19.55620002746582,4453,0.0,0.0
2024-07-10 09:30:00-04:00,19.31999969482422,19.31999969482422,19.209999084472656,19.209999084472656,370,0.0,0.0
2024-07-10 10:30:00-04:00,19.299999237060547,19.399999618530273,19.299999237060547,19.399999618530273,3392,0.0,0.0
2024-07-10 14:30:00-04:00,19.75,19.75,19.75,19.75,140,0.0,0.0
2024-07-10 15:30:00-04:00,19.26289939880371,19.424999237060547,19.100099563598633,19.424999237060547,3053,0.0,0.0
2024-07-11 09:30:00-04:00,19.229999542236328,19.229999542236328,19.229999542236328,19.229999542236328,0,0.0,0.0
2024-07-11 11:30:00-04:00,19.600000381469727,19.600000381469727,19.450000762939453,19.600000381469727,4775,0.0,0.0
2024-07-12 09:30:00-04:00,19.31999969482422,19.31999969482422,19.31999969482422,19.31999969482422,1320,0.0,0.0
2024-07-12 11:30:00-04:00,19.389999389648438,19.389999389648438,19.389999389648438,19.389999389648438,2430,0.0,0.0
2024-07-12 15:30:00-04:00,19.124399185180664,19.124399185180664,19.124399185180664,19.124399185180664,2098,0.0,0.0
2024-07-15 09:30:00-04:00,19.174100875854492,19.309999465942383,19.174100875854492,19.309999465942383,1136,0.0,0.0
2024-07-15 11:30:00-04:00,19.5,19.5,19.5,19.5,2952,0.0,0.0
2024-07-15 14:30:00-04:00,19.5,19.5,19.5,19.5,730,0.0,0.0
2024-07-16 11:30:00-04:00,19.600000381469727,19.600000381469727,19.600000381469727,19.600000381469727,0,0.0,0.0
2024-07-16 14:30:00-04:00,19.75,19.75,19.75,19.75,1313,0.0,0.0
2024-07-16 15:30:00-04:00,19.940000534057617,19.940000534057617,19.940000534057617,19.940000534057617,856,0.0,0.0
2024-07-17 09:30:00-04:00,19.61009979248047,19.61009979248047,19.61009979248047,19.61009979248047,961,0.0,0.0
2024-07-17 12:30:00-04:00,19.75,19.75,19.690000534057617,19.75,1382,0.0,0.0
2024-07-17 13:30:00-04:00,19.850000381469727,19.979999542236328,19.850000381469727,19.979999542236328,3618,0.0,0.0
2024-07-17 15:30:00-04:00,20.010000228881836,20.010000228881836,20.010000228881836,20.010000228881836,245,0.0,0.0
2024-07-18 09:30:00-04:00,19.989999771118164,19.989999771118164,19.989999771118164,19.989999771118164,0,0.0,0.0
2024-07-18 10:30:00-04:00,19.760000228881836,19.760000228881836,19.760000228881836,19.760000228881836,804,0.0,0.0
2024-07-19 12:30:00-04:00,20.5,20.5,20.5,20.5,593,0.0,0.0
