Datetime,Open,High,Low,Close,Volume,Dividends,Stock Splits
2024-08-05 09:00:00+08:00,1.149999976158142,1.159999966621399,1.1399999856948853,1.1399999856948853,124100,0.0,0.0
2024-08-05 09:05:00+08:00,1.1399999856948853,1.149999976158142,1.1399999856948853,1.1399999856948853,637000,0.0,0.0
2024-08-05 09:06:00+08:00,1.1399999856948853,1.1399999856948853,1.1399999856948853,1.1399999856948853,4600,0.0,0.0
2024-08-05 09:08:00+08:00,1.1399999856948853,1.1399999856948853,1.1299999952316284,1.1299999952316284,5100,0.0,0.0
2024-08-05 09:10:00+08:00,1.1299999952316284,1.1299999952316284,1.1200000047683716,1.1200000047683716,118200,0.0,0.0
2024-08-05 09:11:00+08:00,1.1200000047683716,1.1299999952316284,1.1200000047683716,1.1200000047683716,68400,0.0,0.0
2024-08-05 09:12:00+08:00,1.1200000047683716,1.1200000047683716,1.1200000047683716,1.1200000047683716,35000,0.0,0.0
2024-08-05 09:13:00+08:00,1.1200000047683716,1.1299999952316284,1.1200000047683716,1.1299999952316284,373600,0.0,0.0
2024-08-05 09:18:00+08:00,1.1299999952316284,1.1299999952316284,1.1200000047683716,1.1200000047683716,5100,0.0,0.0
2024-08-05 09:23:00+08:00,1.1200000047683716,1.1299999952316284,1.1200000047683716,1.1200000047683716,70300,0.0,0.0
2024-08-05 09:24:00+08:00,1.1200000047683716,1.1299999952316284,1.1200000047683716,1.1200000047683716,19900,0.0,0.0
2024-08-05 09:26:00+08:00,1.1200000047683716,1.1299999952316284,1.1200000047683716,1.1299999952316284,109200,0.0,0.0
2024-08-05 09:27:00+08:00,1.1299999952316284,1.1399999856948853,1.1299999952316284,1.1399999856948853,124000,0.0,0.0
2024-08-05 09:28:00+08:00,1.1399999856948853,1.1399999856948853,1.1299999952316284,1.1299999952316284,900,0.0,0.0
2024-08-05 09:29:00+08:00,1.1299999952316284,1.1299999952316284,1.1299999952316284,1.1299999952316284,2200,0.0,0.0
2024-08-05 09:30:00+08:00,1.1299999952316284,1.1299999952316284,1.1299999952316284,1.1299999952316284,5000,0.0,0.0
2024-08-05 09:32:00+08:00,1.1299999952316284,1.1399999856948853,1.1200000047683716,1.1299999952316284,145300,0.0,0.0
2024-08-05 09:36:00+08:00,1.1299999952316284,1.1399999856948853,1.1299999952316284,1.1299999952316284,42900,0.0,0.0
2024-08-05 09:38:00+08:00,1.1299999952316284,1.1399999856948853,1.1299999952316284,1.1399999856948853,43200,0.0,0.0
2024-08-05 09:39:00+08:00,1.1399999856948853,1.1399999856948853,1.1299999952316284,1.1299999952316284,1000,0.0,0.0
2024-08-05 09:40:00+08:00,1.1299999952316284,1.1399999856948853,1.1299999952316284,1.1299999952316284,25300,0.0,0.0
2024-08-05 09:41:00+08:00,1.1299999952316284,1.1299999952316284,1.1299999952316284,1.1299999952316284,21900,0.0,0.0
2024-08-05 09:42:00+08:00,1.1299999952316284,1.1299999952316284,1.1299999952316284,1.1299999952316284,300,0.0,0.0
2024-08-05 09:43:00+08:00,1.1299999952316284,1.1299999952316284,1.1299999952316284,1.1299999952316284,200,0.0,0.0
2024-08-05 09:44:00+08:00,1.1299999952316284,1.1299999952316284,1.1299999952316284,1.1299999952316284,38300,0.0,0.0
2024-08-05 09:50:00+08:00,1.1299999952316284,1.1299999952316284,1.1200000047683716,1.1200000047683716,200,0.0,0.0
2024-08-05 09:51:00+08:00,1.1200000047683716,1.1299999952316284,1.1200000047683716,1.1299999952316284,400,0.0,0.0
2024-08-05 09:53:00+08:00,1.1299999952316284,1.1299999952316284,1.1299999952316284,1.1299999952316284,62400,0.0,0.0
2024-08-05 09:56:00+08:00,1.1299999952316284,1.1299999952316284,1.1200000047683716,1.1299999952316284,1100,0.0,0.0
2024-08-05 10:00:00+08:00,1.1299999952316284,1.1299999952316284,1.1200000047683716,1.1200000047683716,2147700,0.0,0.0
2024-08-05 10:03:00+08:00,1.1200000047683716,1.1299999952316284,1.1200000047683716,1.1299999952316284,4400,0.0,0.0
2024-08-05 10:09:00+08:00,1.1299999952316284,1.1299999952316284,1.1200000047683716,1.1200000047683716,55800,0.0,0.0
2024-08-05 10:10:00+08:00,1.1200000047683716,1.1299999952316284,1.1200000047683716,1.1299999952316284,100,0.0,0.0
2024-08-05 10:12:00+08:00,1.1299999952316284,1.1299999952316284,1.1299999952316284,1.1299999952316284,100,0.0,0.0
2024-08-05 10:14:00+08:00,1.1299999952316284,1.1299999952316284,1.1200000047683716,1.1299999952316284,700,0.0,0.0
2024-08-05 10:18:00+08:00,1.1299999952316284,1.1299999952316284,1.1299999952316284,1.1299999952316284,10600,0.0,0.0
2024-08-05 10:21:00+08:00,1.1299999952316284,1.1299999952316284,1.1299999952316284,1.1299999952316284,600,0.0,0.0
2024-08-05 10:25:00+08:00,1.1299999952316284,1.1299999952316284,1.1299999952316284,1.1299999952316284,29100,0.0,0.0
2024-08-05 10:31:00+08:00,1.1299999952316284,1.1299999952316284,1.1299999952316284,1.1299999952316284,3000,0.0,0.0
2024-08-05 10:32:00+08:00,1.1299999952316284,1.1299999952316284,1.1299999952316284,1.1299999952316284,10000,0.0,0.0
2024-08-05 10:37:00+08:00,1.1299999952316284,1.1299999952316284,1.1299999952316284,1.1299999952316284,3000,0.0,0.0
2024-08-05 10:39:00+08:00,1.1299999952316284,1.1299999952316284,1.1200000047683716,1.1299999952316284,84500,0.0,0.0
2024-08-05 10:40:00+08:00,1.1299999952316284,1.1299999952316284,1.1299999952316284,1.1299999952316284,200,0.0,0.0
2024-08-05 10:41:00+08:00,1.1299999952316284,1.1299999952316284,1.1200000047683716,1.1200000047683716,7600,0.0,0.0
2024-08-05 10:42:00+08:00,1.1200000047683716,1.1200000047683716,1.1200000047683716,1.1200000047683716,2500,0.0,0.0
2024-08-05 10:44:00+08:00,1.1200000047683716,1.1299999952316284,1.1200000047683716,1.1299999952316284,65200,0.0,0.0
2024-08-05 10:46:00+08:00,1.1299999952316284,1.1299999952316284,1.1200000047683716,1.1299999952316284,27100,0.0,0.0
2024-08-05 10:49:00+08:00,1.1299999952316284,1.1299999952316284,1.1200000047683716,1.1200000047683716,700,0.0,0.0
2024-08-05 10:51:00+08:00,1.1200000047683716,1.1200000047683716,1.1200000047683716,1.1200000047683716,100,0.0,0.0
2024-08-05 11:02:00+08:00,1.1200000047683716,1.1299999952316284,1.1200000047683716,1.1299999952316284,2500,0.0,0.0
2024-08-05 11:14:00+08:00,1.1299999952316284,1.1299999952316284,1.1299999952316284,1.1299999952316284,200,0.0,0.0
2024-08-05 11:18:00+08:00,1.1299999952316284,1.1299999952316284,1.1200000047683716,1.1200000047683716,50100,0.0,0.0
2024-08-05 11:24:00+08:00,1.1200000047683716,1.1299999952316284,1.1200000047683716,1.1299999952316284,3000,0.0,0.0
2024-08-05 11:31:00+08:00,1.1299999952316284,1.1299999952316284,1.1299999952316284,1.1299999952316284,1600,0.0,0.0
2024-08-05 11:32:00+08:00,1.1299999952316284,1.1299999952316284,1.1299999952316284,1.1299999952316284,200,0.0,0.0
2024-08-05 11:43:00+08:00,1.1299999952316284,1.1299999952316284,1.1299999952316284,1.1299999952316284,1100,0.0,0.0
2024-08-05 11:45:00+08:00,1.1299999952316284,1.1299999952316284,1.1200000047683716,1.1299999952316284,173700,0.0,0.0
2024-08-05 11:47:00+08:00,1.1299999952316284,1.1299999952316284,1.1299999952316284,1.1299999952316284,100,0.0,0.0
2024-08-05 11:51:00+08:00,1.1299999952316284,1.1299999952316284,1.1200000047683716,1.1200000047683716,1200,0.0,0.0
2024-08-05 11:54:00+08:00,1.1200000047683716,1.1200000047683716,1.1200000047683716,1.1200000047683716,3300,0.0,0.0
2024-08-05 11:57:00+08:00,1.1200000047683716,1.1299999952316284,1.1200000047683716,1.1299999952316284,5400,0.0,0.0
2024-08-05 11:58:00+08:00,1.1299999952316284,1.1299999952316284,1.1200000047683716,1.1200000047683716,1200,0.0,0.0
2024-08-05 12:58:00+08:00,1.1299999952316284,1.1299999952316284,1.1299999952316284,1.1299999952316284,3000,0.0,0.0
2024-08-05 13:00:00+08:00,1.1299999952316284,1.1299999952316284,1.1200000047683716,1.1299999952316284,2400,0.0,0.0
2024-08-05 13:05:00+08:00,1.1299999952316284,1.1299999952316284,1.1299999952316284,1.1299999952316284,600,0.0,0.0
2024-08-05 13:08:00+08:00,1.1299999952316284,1.1299999952316284,1.1299999952316284,1.1299999952316284,0,0.0,0.0
2024-08-05 13:09:00+08:00,1.1299999952316284,1.1299999952316284,1.1200000047683716,1.1200000047683716,2703600,0.0,0.0
2024-08-05 13:13:00+08:00,1.1200000047683716,1.1299999952316284,1.1200000047683716,1.1299999952316284,27000,0.0,0.0
2024-08-05 13:14:00+08:00,1.1299999952316284,1.1299999952316284,1.1200000047683716,1.1200000047683716,200,0.0,0.0
2024-08-05 13:18:00+08:00,1.1200000047683716,1.1299999952316284,1.1200000047683716,1.1299999952316284,10700,0.0,0.0
2024-08-05 13:21:00+08:00,1.1299999952316284,1.1299999952316284,1.1200000047683716,1.1299999952316284,1100,0.0,0.0
2024-08-05 13:23:00+08:00,1.1299999952316284,1.1299999952316284,1.1200000047683716,1.1200000047683716,5400,0.0,0.0
2024-08-05 13:24:00+08:00,1.1200000047683716,1.1200000047683716,1.1200000047683716,1.1200000047683716,10800,0.0,0.0
2024-08-05 13:25:00+08:00,1.1200000047683716,1.1200000047683716,1.1100000143051147,1.1200000047683716,278700,0.0,0.0
2024-08-05 13:30:00+08:00,1.1200000047683716,1.1200000047683716,1.1100000143051147,1.1100000143051147,53700,0.0,0.0
2024-08-05 13:31:00+08:00,1.1100000143051147,1.1200000047683716,1.1100000143051147,1.1200000047683716,100,0.0,0.0
2024-08-05 13:34:00+08:00,1.1200000047683716,1.1200000047683716,1.1100000143051147,1.1100000143051147,2200,0.0,0.0
2024-08-05 13:40:00+08:00,1.1100000143051147,1.1100000143051147,1.1100000143051147,1.1100000143051147,900,0.0,0.0
2024-08-05 13:44:00+08:00,1.1100000143051147,1.1100000143051147,1.1100000143051147,1.1100000143051147,3300,0.0,0.0
2024-08-05 13:54:00+08:00,1.1100000143051147,1.1100000143051147,1.1100000143051147,1.1100000143051147,300,0.0,0.0
2024-08-05 13:55:00+08:00,1.1100000143051147,1.1200000047683716,1.1100000143051147,1.1200000047683716,10800,0.0,0.0
2024-08-05 14:02:00+08:00,1.1200000047683716,1.1200000047683716,1.1200000047683716,1.1200000047683716,200,0.0,0.0
2024-08-05 14:05:00+08:00,1.1200000047683716,1.1200000047683716,1.1100000143051147,1.1100000143051147,1100,0.0,0.0
2024-08-05 14:06:00+08:00,1.1100000143051147,1.1200000047683716,1.1100000143051147,1.1200000047683716,2900,0.0,0.0
2024-08-05 14:12:00+08:00,1.1200000047683716,1.1200000047683716,1.1100000143051147,1.1100000143051147,1100,0.0,0.0
2024-08-05 14:14:00+08:00,1.1100000143051147,1.1100000143051147,1.100000023841858,1.100000023841858,170200,0.0,0.0
2024-08-05 14:34:00+08:00,1.100000023841858,1.100000023841858,1.100000023841858,1.100000023841858,7900,0.0,0.0
2024-08-05 14:35:00+08:00,1.100000023841858,1.100000023841858,1.100000023841858,1.100000023841858,30700,0.0,0.0
2024-08-05 14:36:00+08:00,1.100000023841858,1.100000023841858,1.100000023841858,1.100000023841858,24700,0.0,0.0
2024-08-05 14:38:00+08:00,1.100000023841858,1.100000023841858,1.100000023841858,1.100000023841858,24700,0.0,0.0
2024-08-05 14:42:00+08:00,1.100000023841858,1.100000023841858,1.100000023841858,1.100000023841858,25900,0.0,0.0
2024-08-05 14:43:00+08:00,1.100000023841858,1.100000023841858,1.100000023841858,1.100000023841858,18400,0.0,0.0
2024-08-05 14:46:00+08:00,1.100000023841858,1.100000023841858,1.100000023841858,1.100000023841858,15600,0.0,0.0
2024-08-05 14:50:00+08:00,1.100000023841858,1.1100000143051147,1.100000023841858,1.1100000143051147,3300,0.0,0.0
2024-08-05 15:02:00+08:00,1.1100000143051147,1.1100000143051147,1.1100000143051147,1.1100000143051147,100,0.0,0.0
2024-08-05 15:20:00+08:00,1.1100000143051147,1.1100000143051147,1.1100000143051147,1.1100000143051147,200,0.0,0.0
2024-08-05 15:28:00+08:00,1.1100000143051147,1.1100000143051147,1.100000023841858,1.100000023841858,1000,0.0,0.0
2024-08-05 15:29:00+08:00,1.100000023841858,1.1100000143051147,1.100000023841858,1.1100000143051147,100,0.0,0.0
2024-08-05 15:31:00+08:00,1.1100000143051147,1.1100000143051147,1.1100000143051147,1.1100000143051147,1600,0.0,0.0
2024-08-05 15:36:00+08:00,1.1100000143051147,1.1100000143051147,1.100000023841858,1.1100000143051147,300,0.0,0.0
2024-08-05 15:44:00+08:00,1.1100000143051147,1.1100000143051147,1.1100000143051147,1.1100000143051147,900,0.0,0.0
2024-08-05 15:50:00+08:00,1.1100000143051147,1.1100000143051147,1.100000023841858,1.1100000143051147,700,0.0,0.0
2024-08-05 15:53:00+08:00,1.1100000143051147,1.1100000143051147,1.1100000143051147,1.1100000143051147,500,0.0,0.0
2024-08-05 15:54:00+08:00,1.1100000143051147,1.1100000143051147,1.100000023841858,1.1100000143051147,1100,0.0,0.0
2024-08-05 16:00:00+08:00,1.1100000143051147,1.1100000143051147,1.090000033378601,1.100000023841858,134300,0.0,0.0
2024-08-05 16:07:00+08:00,1.100000023841858,1.100000023841858,1.100000023841858,1.100000023841858,55300,0.0,0.0
2024-08-05 16:08:00+08:00,1.100000023841858,1.100000023841858,1.090000033378601,1.100000023841858,7700,0.0,0.0
2024-08-05 16:11:00+08:00,1.100000023841858,1.100000023841858,1.100000023841858,1.100000023841858,100,0.0,0.0
2024-08-05 16:16:00+08:00,1.100000023841858,1.1100000143051147,1.100000023841858,1.1100000143051147,500,0.0,0.0
2024-08-05 16:19:00+08:00,1.1100000143051147,1.1100000143051147,1.100000023841858,1.100000023841858,5100,0.0,0.0
2024-08-05 16:30:00+08:00,1.100000023841858,1.100000023841858,1.100000023841858,1.100000023841858,5000,0.0,0.0
2024-08-05 16:31:00+08:00,1.100000023841858,1.1100000143051147,1.100000023841858,1.1100000143051147,300,0.0,0.0
2024-08-05 16:37:00+08:00,1.1100000143051147,1.1100000143051147,1.100000023841858,1.100000023841858,1700,0.0,0.0
2024-08-05 16:38:00+08:00,1.100000023841858,1.1100000143051147,1.100000023841858,1.1100000143051147,400,0.0,0.0
2024-08-05 16:46:00+08:00,1.1100000143051147,1.1100000143051147,1.100000023841858,1.1100000143051147,400,0.0,0.0
2024-08-05 16:48:00+08:00,1.1100000143051147,1.1100000143051147,1.100000023841858,1.100000023841858,15500,0.0,0.0
2024-08-05 16:49:00+08:00,1.100000023841858,1.1100000143051147,1.100000023841858,1.100000023841858,1900,0.0,0.0
2024-08-05 16:50:00+08:00,1.100000023841858,1.100000023841858,1.100000023841858,1.100000023841858,7200,0.0,0.0
2024-08-05 16:51:00+08:00,1.100000023841858,1.1100000143051147,1.100000023841858,1.1100000143051147,1900,0.0,0.0
2024-08-05 16:52:00+08:00,1.1100000143051147,1.1100000143051147,1.100000023841858,1.1100000143051147,300,0.0,0.0
2024-08-05 16:57:00+08:00,1.1100000143051147,1.1100000143051147,1.100000023841858,1.1100000143051147,102100,0.0,0.0
2024-08-05 16:58:00+08:00,1.1100000143051147,1.1100000143051147,1.100000023841858,1.1100000143051147,200,0.0,0.0
2024-08-05 16:59:00+08:00,1.1100000143051147,1.1100000143051147,1.100000023841858,1.100000023841858,14100,0.0,0.0
2024-08-06 09:00:00+08:00,1.1100000143051147,1.1100000143051147,1.100000023841858,1.1100000143051147,70200,0.0,0.0
2024-08-06 09:01:00+08:00,1.1100000143051147,1.1100000143051147,1.1100000143051147,1.1100000143051147,600,0.0,0.0
2024-08-06 09:06:00+08:00,1.1100000143051147,1.1100000143051147,1.1100000143051147,1.1100000143051147,3100,0.0,0.0
2024-08-06 09:07:00+08:00,1.1100000143051147,1.1100000143051147,1.1100000143051147,1.1100000143051147,900,0.0,0.0
2024-08-06 09:13:00+08:00,1.1100000143051147,1.1100000143051147,1.1100000143051147,1.1100000143051147,9600,0.0,0.0
2024-08-06 09:30:00+08:00,1.1100000143051147,1.1100000143051147,1.1100000143051147,1.1100000143051147,3000,0.0,0.0
2024-08-06 09:31:00+08:00,1.1100000143051147,1.1100000143051147,1.1100000143051147,1.1100000143051147,900,0.0,0.0
2024-08-06 09:34:00+08:00,1.1100000143051147,1.1100000143051147,1.100000023841858,1.100000023841858,72600,0.0,0.0
2024-08-06 09:35:00+08:00,1.100000023841858,1.100000023841858,1.100000023841858,1.100000023841858,6300,0.0,0.0
2024-08-06 09:39:00+08:00,1.100000023841858,1.100000023841858,1.100000023841858,1.100000023841858,11100,0.0,0.0
2024-08-06 09:42:00+08:00,1.100000023841858,1.100000023841858,1.090000033378601,1.090000033378601,101000,0.0,0.0
2024-08-06 09:48:00+08:00,1.090000033378601,1.100000023841858,1.090000033378601,1.100000023841858,2500,0.0,0.0
2024-08-06 09:52:00+08:00,1.100000023841858,1.100000023841858,1.090000033378601,1.090000033378601,4500,0.0,0.0
2024-08-06 09:54:00+08:00,1.090000033378601,1.090000033378601,1.090000033378601,1.090000033378601,113500,0.0,0.0
2024-08-06 09:57:00+08:00,1.090000033378601,1.090000033378601,1.090000033378601,1.090000033378601,5500,0.0,0.0
2024-08-06 10:04:00+08:00,1.090000033378601,1.090000033378601,1.090000033378601,1.090000033378601,7000,0.0,0.0
2024-08-06 10:05:00+08:00,1.090000033378601,1.100000023841858,1.090000033378601,1.100000023841858,1300,0.0,0.0
2024-08-06 10:07:00+08:00,1.100000023841858,1.100000023841858,1.090000033378601,1.090000033378601,3600,0.0,0.0
2024-08-06 10:11:00+08:00,1.090000033378601,1.100000023841858,1.090000033378601,1.100000023841858,3000,0.0,0.0
2024-08-06 10:13:00+08:00,1.100000023841858,1.100000023841858,1.090000033378601,1.100000023841858,500,0.0,0.0
2024-08-06 10:16:00+08:00,1.100000023841858,1.100000023841858,1.090000033378601,1.100000023841858,4200,0.0,0.0
2024-08-06 10:17:00+08:00,1.100000023841858,1.100000023841858,1.090000033378601,1.090000033378601,500,0.0,0.0
2024-08-06 10:18:00+08:00,1.090000033378601,1.100000023841858,1.090000033378601,1.090000033378601,300,0.0,0.0
2024-08-06 10:19:00+08:00,1.090000033378601,1.100000023841858,1.090000033378601,1.090000033378601,200,0.0,0.0
2024-08-06 10:20:00+08:00,1.090000033378601,1.100000023841858,1.090000033378601,1.090000033378601,400,0.0,0.0
2024-08-06 10:22:00+08:00,1.090000033378601,1.100000023841858,1.090000033378601,1.100000023841858,600,0.0,0.0
2024-08-06 10:23:00+08:00,1.100000023841858,1.100000023841858,1.100000023841858,1.100000023841858,600,0.0,0.0
2024-08-06 10:27:00+08:00,1.100000023841858,1.100000023841858,1.090000033378601,1.090000033378601,4600,0.0,0.0
2024-08-06 10:28:00+08:00,1.090000033378601,1.100000023841858,1.090000033378601,1.090000033378601,600,0.0,0.0
2024-08-06 10:29:00+08:00,1.090000033378601,1.100000023841858,1.090000033378601,1.090000033378601,1300,0.0,0.0
2024-08-06 10:30:00+08:00,1.090000033378601,1.100000023841858,1.090000033378601,1.100000023841858,1100,0.0,0.0
2024-08-06 10:32:00+08:00,1.100000023841858,1.100000023841858,1.100000023841858,1.100000023841858,800,0.0,0.0
2024-08-06 10:33:00+08:00,1.100000023841858,1.100000023841858,1.100000023841858,1.100000023841858,100,0.0,0.0
2024-08-06 10:37:00+08:00,1.100000023841858,1.100000023841858,1.100000023841858,1.100000023841858,700,0.0,0.0
2024-08-06 10:42:00+08:00,1.100000023841858,1.100000023841858,1.090000033378601,1.100000023841858,500,0.0,0.0
2024-08-06 10:43:00+08:00,1.100000023841858,1.100000023841858,1.100000023841858,1.100000023841858,100,0.0,0.0
2024-08-06 10:48:00+08:00,1.100000023841858,1.100000023841858,1.090000033378601,1.090000033378601,700,0.0,0.0
2024-08-06 10:51:00+08:00,1.090000033378601,1.090000033378601,1.090000033378601,1.090000033378601,0,0.0,0.0
2024-08-06 10:59:00+08:00,1.090000033378601,1.100000023841858,1.090000033378601,1.100000023841858,504500,0.0,0.0
2024-08-06 11:02:00+08:00,1.100000023841858,1.100000023841858,1.100000023841858,1.100000023841858,11000,0.0,0.0
2024-08-06 11:03:00+08:00,1.100000023841858,1.100000023841858,1.100000023841858,1.100000023841858,100,0.0,0.0
2024-08-06 11:05:00+08:00,1.100000023841858,1.100000023841858,1.100000023841858,1.100000023841858,200,0.0,0.0
2024-08-06 11:11:00+08:00,1.100000023841858,1.100000023841858,1.100000023841858,1.100000023841858,1100,0.0,0.0
2024-08-06 11:13:00+08:00,1.100000023841858,1.100000023841858,1.100000023841858,1.100000023841858,300,0.0,0.0
2024-08-06 11:15:00+08:00,1.100000023841858,1.100000023841858,1.100000023841858,1.100000023841858,300,0.0,0.0
2024-08-06 11:16:00+08:00,1.100000023841858,1.100000023841858,1.090000033378601,1.100000023841858,19200,0.0,0.0
2024-08-06 11:17:00+08:00,1.100000023841858,1.100000023841858,1.090000033378601,1.090000033378601,300,0.0,0.0
2024-08-06 11:18:00+08:00,1.090000033378601,1.100000023841858,1.090000033378601,1.100000023841858,6000,0.0,0.0
2024-08-06 11:19:00+08:00,1.100000023841858,1.100000023841858,1.100000023841858,1.100000023841858,500,0.0,0.0
2024-08-06 11:21:00+08:00,1.100000023841858,1.100000023841858,1.100000023841858,1.100000023841858,200,0.0,0.0
2024-08-06 11:23:00+08:00,1.100000023841858,1.100000023841858,1.100000023841858,1.100000023841858,200,0.0,0.0
2024-08-06 11:24:00+08:00,1.100000023841858,1.100000023841858,1.100000023841858,1.100000023841858,200,0.0,0.0
2024-08-06 11:25:00+08:00,1.100000023841858,1.100000023841858,1.100000023841858,1.100000023841858,100,0.0,0.0
2024-08-06 11:29:00+08:00,1.100000023841858,1.100000023841858,1.100000023841858,1.100000023841858,0,0.0,0.0
2024-08-06 11:32:00+08:00,1.100000023841858,1.100000023841858,1.100000023841858,1.100000023841858,545300,0.0,0.0
2024-08-06 11:33:00+08:00,1.100000023841858,1.100000023841858,1.100000023841858,1.100000023841858,200,0.0,0.0
2024-08-06 11:41:00+08:00,1.100000023841858,1.100000023841858,1.100000023841858,1.100000023841858,1400,0.0,0.0
2024-08-06 11:44:00+08:00,1.100000023841858,1.100000023841858,1.090000033378601,1.090000033378601,100,0.0,0.0
2024-08-06 11:46:00+08:00,1.090000033378601,1.100000023841858,1.090000033378601,1.090000033378601,5400,0.0,0.0
2024-08-06 11:47:00+08:00,1.090000033378601,1.100000023841858,1.090000033378601,1.090000033378601,300,0.0,0.0
2024-08-06 11:49:00+08:00,1.090000033378601,1.090000033378601,1.090000033378601,1.090000033378601,100,0.0,0.0
2024-08-06 11:50:00+08:00,1.090000033378601,1.100000023841858,1.090000033378601,1.090000033378601,200,0.0,0.0
2024-08-06 11:51:00+08:00,1.090000033378601,1.090000033378601,1.090000033378601,1.090000033378601,100,0.0,0.0
2024-08-06 11:52:00+08:00,1.090000033378601,1.090000033378601,1.090000033378601,1.090000033378601,100,0.0,0.0
2024-08-06 11:53:00+08:00,1.090000033378601,1.100000023841858,1.090000033378601,1.090000033378601,4300,0.0,0.0
2024-08-06 11:54:00+08:00,1.090000033378601,1.100000023841858,1.090000033378601,1.100000023841858,200,0.0,0.0
2024-08-06 11:56:00+08:00,1.100000023841858,1.100000023841858,1.100000023841858,1.100000023841858,100,0.0,0.0
2024-08-06 12:58:00+08:00,1.100000023841858,1.100000023841858,1.100000023841858,1.100000023841858,1400,0.0,0.0
2024-08-06 13:00:00+08:00,1.100000023841858,1.100000023841858,1.090000033378601,1.090000033378601,100,0.0,0.0
2024-08-06 13:12:00+08:00,1.090000033378601,1.090000033378601,1.090000033378601,1.090000033378601,300,0.0,0.0
2024-08-06 13:15:00+08:00,1.090000033378601,1.100000023841858,1.090000033378601,1.100000023841858,100,0.0,0.0
2024-08-06 13:19:00+08:00,1.100000023841858,1.100000023841858,1.090000033378601,1.090000033378601,1100,0.0,0.0
2024-08-06 13:35:00+08:00,1.090000033378601,1.100000023841858,1.090000033378601,1.100000023841858,200,0.0,0.0
2024-08-06 13:57:00+08:00,1.100000023841858,1.100000023841858,1.100000023841858,1.100000023841858,100,0.0,0.0
2024-08-06 14:04:00+08:00,1.100000023841858,1.100000023841858,1.100000023841858,1.100000023841858,100,0.0,0.0
2024-08-06 14:07:00+08:00,1.100000023841858,1.100000023841858,1.100000023841858,1.100000023841858,100,0.0,0.0
2024-08-06 14:09:00+08:00,1.100000023841858,1.100000023841858,1.090000033378601,1.090000033378601,100,0.0,0.0
2024-08-06 14:10:00+08:00,1.090000033378601,1.090000033378601,1.090000033378601,1.090000033378601,200,0.0,0.0
2024-08-06 14:13:00+08:00,1.090000033378601,1.100000023841858,1.090000033378601,1.100000023841858,7200,0.0,0.0
2024-08-06 14:18:00+08:00,1.100000023841858,1.100000023841858,1.090000033378601,1.090000033378601,200,0.0,0.0
2024-08-06 14:22:00+08:00,1.090000033378601,1.090000033378601,1.090000033378601,1.090000033378601,100,0.0,0.0
2024-08-06 14:23:00+08:00,1.090000033378601,1.090000033378601,1.090000033378601,1.090000033378601,100,0.0,0.0
2024-08-06 14:24:00+08:00,1.090000033378601,1.100000023841858,1.090000033378601,1.100000023841858,100,0.0,0.0
2024-08-06 14:41:00+08:00,1.100000023841858,1.100000023841858,1.090000033378601,1.100000023841858,12100,0.0,0.0
2024-08-06 14:45:00+08:00,1.100000023841858,1.100000023841858,1.090000033378601,1.090000033378601,200,0.0,0.0
2024-08-06 14:52:00+08:00,1.100000023841858,1.100000023841858,1.100000023841858,1.100000023841858,0,0.0,0.0
2024-08-06 15:03:00+08:00,1.100000023841858,1.100000023841858,1.090000033378601,1.090000033378601,581900,0.0,0.0
2024-08-06 15:04:00+08:00,1.090000033378601,1.100000023841858,1.090000033378601,1.100000023841858,7100,0.0,0.0
2024-08-06 15:08:00+08:00,1.100000023841858,1.100000023841858,1.100000023841858,1.100000023841858,100,0.0,0.0
2024-08-06 15:11:00+08:00,1.100000023841858,1.100000023841858,1.090000033378601,1.090000033378601,15700,0.0,0.0
2024-08-06 15:12:00+08:00,1.090000033378601,1.090000033378601,1.090000033378601,1.090000033378601,300,0.0,0.0
2024-08-06 15:15:00+08:00,1.090000033378601,1.090000033378601,1.090000033378601,1.090000033378601,200,0.0,0.0
2024-08-06 15:21:00+08:00,1.090000033378601,1.100000023841858,1.090000033378601,1.100000023841858,0,0.0,0.0
2024-08-06 15:31:00+08:00,1.100000023841858,1.100000023841858,1.090000033378601,1.100000023841858,605700,0.0,0.0
2024-08-06 15:39:00+08:00,1.100000023841858,1.100000023841858,1.100000023841858,1.100000023841858,300,0.0,0.0
2024-08-06 15:40:00+08:00,1.100000023841858,1.100000023841858,1.090000033378601,1.100000023841858,300,0.0,0.0
2024-08-06 15:41:00+08:00,1.100000023841858,1.100000023841858,1.100000023841858,1.100000023841858,100,0.0,0.0
2024-08-06 15:42:00+08:00,1.100000023841858,1.100000023841858,1.100000023841858,1.100000023841858,200,0.0,0.0
2024-08-06 15:43:00+08:00,1.100000023841858,1.100000023841858,1.100000023841858,1.100000023841858,200,0.0,0.0
2024-08-06 15:45:00+08:00,1.100000023841858,1.100000023841858,1.090000033378601,1.090000033378601,200,0.0,0.0
2024-08-06 15:46:00+08:00,1.090000033378601,1.100000023841858,1.090000033378601,1.090000033378601,23800,0.0,0.0
2024-08-06 15:48:00+08:00,1.090000033378601,1.090000033378601,1.090000033378601,1.090000033378601,600,0.0,0.0
2024-08-06 15:52:00+08:00,1.090000033378601,1.090000033378601,1.090000033378601,1.090000033378601,200,0.0,0.0
2024-08-06 16:02:00+08:00,1.090000033378601,1.100000023841858,1.090000033378601,1.100000023841858,100,0.0,0.0
2024-08-06 16:03:00+08:00,1.100000023841858,1.100000023841858,1.090000033378601,1.090000033378601,100,0.0,0.0
2024-08-06 16:07:00+08:00,1.090000033378601,1.100000023841858,1.090000033378601,1.100000023841858,200,0.0,0.0
2024-08-06 16:08:00+08:00,1.100000023841858,1.100000023841858,1.100000023841858,1.100000023841858,100,0.0,0.0
2024-08-06 16:10:00+08:00,1.100000023841858,1.100000023841858,1.100000023841858,1.100000023841858,100,0.0,0.0
2024-08-06 16:11:00+08:00,1.100000023841858,1.100000023841858,1.090000033378601,1.090000033378601,100,0.0,0.0
2024-08-06 16:12:00+08:00,1.090000033378601,1.100000023841858,1.090000033378601,1.100000023841858,100,0.0,0.0
2024-08-06 16:15:00+08:00,1.100000023841858,1.100000023841858,1.090000033378601,1.100000023841858,300,0.0,0.0
2024-08-06 16:19:00+08:00,1.100000023841858,1.100000023841858,1.090000033378601,1.100000023841858,200,0.0,0.0
2024-08-06 16:23:00+08:00,1.100000023841858,1.100000023841858,1.090000033378601,1.090000033378601,700,0.0,0.0
2024-08-06 16:24:00+08:00,1.090000033378601,1.100000023841858,1.090000033378601,1.100000023841858,100,0.0,0.0
2024-08-06 16:25:00+08:00,1.100000023841858,1.100000023841858,1.090000033378601,1.100000023841858,600,0.0,0.0
2024-08-06 16:26:00+08:00,1.100000023841858,1.100000023841858,1.100000023841858,1.100000023841858,200,0.0,0.0
2024-08-06 16:27:00+08:00,1.100000023841858,1.100000023841858,1.090000033378601,1.090000033378601,800,0.0,0.0
2024-08-06 16:28:00+08:00,1.090000033378601,1.100000023841858,1.090000033378601,1.100000023841858,700,0.0,0.0
2024-08-06 16:29:00+08:00,1.100000023841858,1.100000023841858,1.090000033378601,1.100000023841858,500,0.0,0.0
2024-08-06 16:30:00+08:00,1.100000023841858,1.100000023841858,1.100000023841858,1.100000023841858,300,0.0,0.0
2024-08-06 16:32:00+08:00,1.100000023841858,1.100000023841858,1.090000033378601,1.100000023841858,1400,0.0,0.0
2024-08-06 16:33:00+08:00,1.100000023841858,1.100000023841858,1.100000023841858,1.100000023841858,1000,0.0,0.0
2024-08-06 16:35:00+08:00,1.100000023841858,1.100000023841858,1.100000023841858,1.100000023841858,1300,0.0,0.0
2024-08-06 16:36:00+08:00,1.100000023841858,1.100000023841858,1.100000023841858,1.100000023841858,100,0.0,0.0
2024-08-06 16:37:00+08:00,1.100000023841858,1.100000023841858,1.100000023841858,1.100000023841858,100,0.0,0.0
2024-08-06 16:38:00+08:00,1.100000023841858,1.100000023841858,1.100000023841858,1.100000023841858,2700,0.0,0.0
2024-08-06 16:39:00+08:00,1.100000023841858,1.100000023841858,1.100000023841858,1.100000023841858,200,0.0,0.0
2024-08-06 16:40:00+08:00,1.100000023841858,1.100000023841858,1.100000023841858,1.100000023841858,1800,0.0,0.0
2024-08-06 16:41:00+08:00,1.100000023841858,1.100000023841858,1.090000033378601,1.090000033378601,400,0.0,0.0
2024-08-06 16:42:00+08:00,1.090000033378601,1.100000023841858,1.090000033378601,1.100000023841858,2400,0.0,0.0
2024-08-06 16:43:00+08:00,1.100000023841858,1.100000023841858,1.100000023841858,1.100000023841858,1200,0.0,0.0
2024-08-06 16:44:00+08:00,1.100000023841858,1.100000023841858,1.100000023841858,1.100000023841858,200,0.0,0.0
2024-08-06 16:46:00+08:00,1.100000023841858,1.100000023841858,1.100000023841858,1.100000023841858,3000,0.0,0.0
2024-08-06 16:48:00+08:00,1.100000023841858,1.100000023841858,1.100000023841858,1.100000023841858,2100,0.0,0.0
2024-08-06 16:50:00+08:00,1.100000023841858,1.100000023841858,1.090000033378601,1.100000023841858,2900,0.0,0.0
2024-08-06 16:51:00+08:00,1.100000023841858,1.100000023841858,1.090000033378601,1.090000033378601,400,0.0,0.0
2024-08-06 16:52:00+08:00,1.090000033378601,1.100000023841858,1.090000033378601,1.100000023841858,100,0.0,0.0
2024-08-06 16:53:00+08:00,1.100000023841858,1.100000023841858,1.090000033378601,1.100000023841858,3700,0.0,0.0
2024-08-06 16:54:00+08:00,1.100000023841858,1.100000023841858,1.090000033378601,1.100000023841858,500,0.0,0.0
2024-08-06 16:55:00+08:00,1.100000023841858,1.100000023841858,1.090000033378601,1.100000023841858,5700,0.0,0.0
2024-08-06 16:56:00+08:00,1.100000023841858,1.100000023841858,1.090000033378601,1.090000033378601,6200,0.0,0.0
2024-08-06 16:57:00+08:00,1.090000033378601,1.100000023841858,1.090000033378601,1.100000023841858,28300,0.0,0.0
2024-08-06 16:58:00+08:00,1.100000023841858,1.100000023841858,1.090000033378601,1.100000023841858,22100,0.0,0.0
2024-08-06 16:59:00+08:00,1.100000023841858,1.100000023841858,1.090000033378601,1.100000023841858,14800,0.0,0.0
2024-08-07 09:00:00+08:00,1.090000033378601,1.090000033378601,1.090000033378601,1.090000033378601,38800,0.0,0.0
2024-08-07 09:03:00+08:00,1.090000033378601,1.090000033378601,1.090000033378601,1.090000033378601,5000,0.0,0.0
2024-08-07 09:04:00+08:00,1.090000033378601,1.100000023841858,1.090000033378601,1.100000023841858,1300,0.0,0.0
2024-08-07 09:09:00+08:00,1.100000023841858,1.100000023841858,1.090000033378601,1.090000033378601,74400,0.0,0.0
2024-08-07 09:10:00+08:00,1.090000033378601,1.100000023841858,1.090000033378601,1.100000023841858,1700,0.0,0.0
2024-08-07 09:11:00+08:00,1.100000023841858,1.100000023841858,1.090000033378601,1.090000033378601,1800,0.0,0.0
2024-08-07 09:12:00+08:00,1.090000033378601,1.100000023841858,1.090000033378601,1.100000023841858,500,0.0,0.0
2024-08-07 09:28:00+08:00,1.100000023841858,1.100000023841858,1.100000023841858,1.100000023841858,52400,0.0,0.0
2024-08-07 09:29:00+08:00,1.100000023841858,1.1100000143051147,1.100000023841858,1.1100000143051147,15700,0.0,0.0
2024-08-07 09:30:00+08:00,1.1100000143051147,1.1100000143051147,1.100000023841858,1.100000023841858,100,0.0,0.0
2024-08-07 09:32:00+08:00,1.100000023841858,1.1100000143051147,1.100000023841858,1.1100000143051147,68300,0.0,0.0
2024-08-07 09:33:00+08:00,1.1100000143051147,1.1100000143051147,1.100000023841858,1.100000023841858,132600,0.0,0.0
2024-08-07 09:41:00+08:00,1.100000023841858,1.1100000143051147,1.100000023841858,1.1100000143051147,200,0.0,0.0
2024-08-07 09:53:00+08:00,1.1100000143051147,1.1100000143051147,1.100000023841858,1.100000023841858,1200,0.0,0.0
2024-08-07 10:07:00+08:00,1.100000023841858,1.100000023841858,1.100000023841858,1.100000023841858,7400,0.0,0.0
2024-08-07 10:12:00+08:00,1.100000023841858,1.100000023841858,1.100000023841858,1.100000023841858,300,0.0,0.0
2024-08-07 10:17:00+08:00,1.100000023841858,1.100000023841858,1.100000023841858,1.100000023841858,100,0.0,0.0
2024-08-07 10:18:00+08:00,1.100000023841858,1.100000023841858,1.100000023841858,1.100000023841858,200,0.0,0.0
2024-08-07 10:19:00+08:00,1.100000023841858,1.100000023841858,1.100000023841858,1.100000023841858,200,0.0,0.0
2024-08-07 10:22:00+08:00,1.100000023841858,1.100000023841858,1.100000023841858,1.100000023841858,200,0.0,0.0
2024-08-07 10:25:00+08:00,1.100000023841858,1.1100000143051147,1.100000023841858,1.1100000143051147,1400,0.0,0.0
2024-08-07 10:26:00+08:00,1.1100000143051147,1.1100000143051147,1.100000023841858,1.100000023841858,100,0.0,0.0
2024-08-07 10:28:00+08:00,1.100000023841858,1.1100000143051147,1.100000023841858,1.100000023841858,400,0.0,0.0
2024-08-07 10:30:00+08:00,1.100000023841858,1.1100000143051147,1.100000023841858,1.1100000143051147,100,0.0,0.0
2024-08-07 10:31:00+08:00,1.1100000143051147,1.1100000143051147,1.1100000143051147,1.1100000143051147,100,0.0,0.0
2024-08-07 10:32:00+08:00,1.1100000143051147,1.1100000143051147,1.100000023841858,1.100000023841858,100,0.0,0.0
2024-08-07 10:33:00+08:00,1.100000023841858,1.1100000143051147,1.100000023841858,1.1100000143051147,100,0.0,0.0
2024-08-07 10:35:00+08:00,1.1100000143051147,1.1100000143051147,1.100000023841858,1.1100000143051147,400,0.0,0.0
2024-08-07 10:39:00+08:00,1.1100000143051147,1.1100000143051147,1.100000023841858,1.100000023841858,200,0.0,0.0
2024-08-07 10:40:00+08:00,1.100000023841858,1.1100000143051147,1.100000023841858,1.1100000143051147,100,0.0,0.0
2024-08-07 10:42:00+08:00,1.1100000143051147,1.1100000143051147,1.100000023841858,1.1100000143051147,1400,0.0,0.0
2024-08-07 10:43:00+08:00,1.1100000143051147,1.1100000143051147,1.100000023841858,1.100000023841858,200,0.0,0.0
2024-08-07 10:44:00+08:00,1.100000023841858,1.1100000143051147,1.100000023841858,1.1100000143051147,100,0.0,0.0
2024-08-07 10:45:00+08:00,1.1100000143051147,1.1100000143051147,1.100000023841858,1.100000023841858,100,0.0,0.0
2024-08-07 10:46:00+08:00,1.100000023841858,1.1100000143051147,1.100000023841858,1.1100000143051147,300,0.0,0.0
2024-08-07 10:47:00+08:00,1.100000023841858,1.100000023841858,1.100000023841858,1.100000023841858,0,0.0,0.0
2024-08-07 10:48:00+08:00,1.100000023841858,1.1100000143051147,1.100000023841858,1.1100000143051147,410300,0.0,0.0
2024-08-07 10:49:00+08:00,1.1100000143051147,1.1100000143051147,1.1100000143051147,1.1100000143051147,100,0.0,0.0
2024-08-07 10:50:00+08:00,1.1100000143051147,1.1100000143051147,1.100000023841858,1.1100000143051147,300,0.0,0.0
2024-08-07 10:51:00+08:00,1.1100000143051147,1.1100000143051147,1.100000023841858,1.100000023841858,200,0.0,0.0
2024-08-07 10:52:00+08:00,1.100000023841858,1.1100000143051147,1.100000023841858,1.1100000143051147,200,0.0,0.0
2024-08-07 10:53:00+08:00,1.1100000143051147,1.1100000143051147,1.100000023841858,1.1100000143051147,300,0.0,0.0
2024-08-07 10:55:00+08:00,1.1100000143051147,1.1100000143051147,1.100000023841858,1.100000023841858,200,0.0,0.0
2024-08-07 10:56:00+08:00,1.100000023841858,1.100000023841858,1.100000023841858,1.100000023841858,200,0.0,0.0
2024-08-07 10:57:00+08:00,1.100000023841858,1.1100000143051147,1.100000023841858,1.1100000143051147,400,0.0,0.0
2024-08-07 10:58:00+08:00,1.1100000143051147,1.1100000143051147,1.100000023841858,1.100000023841858,100,0.0,0.0
2024-08-07 10:59:00+08:00,1.100000023841858,1.1100000143051147,1.100000023841858,1.1100000143051147,300,0.0,0.0
2024-08-07 11:01:00+08:00,1.1100000143051147,1.1100000143051147,1.100000023841858,1.100000023841858,100,0.0,0.0
2024-08-07 11:02:00+08:00,1.100000023841858,1.1100000143051147,1.100000023841858,1.1100000143051147,12700,0.0,0.0
2024-08-07 11:05:00+08:00,1.1100000143051147,1.1100000143051147,1.100000023841858,1.1100000143051147,1900,0.0,0.0
2024-08-07 11:06:00+08:00,1.1100000143051147,1.1100000143051147,1.1100000143051147,1.1100000143051147,100,0.0,0.0
2024-08-07 11:07:00+08:00,1.1100000143051147,1.1100000143051147,1.100000023841858,1.100000023841858,200,0.0,0.0
2024-08-07 11:08:00+08:00,1.100000023841858,1.1100000143051147,1.100000023841858,1.1100000143051147,100,0.0,0.0
2024-08-07 11:09:00+08:00,1.1100000143051147,1.1100000143051147,1.100000023841858,1.100000023841858,100,0.0,0.0
2024-08-07 11:10:00+08:00,1.100000023841858,1.1100000143051147,1.100000023841858,1.1100000143051147,200,0.0,0.0
2024-08-07 11:11:00+08:00,1.1100000143051147,1.1100000143051147,1.1100000143051147,1.1100000143051147,100,0.0,0.0
2024-08-07 11:12:00+08:00,1.1100000143051147,1.1100000143051147,1.100000023841858,1.100000023841858,500,0.0,0.0
2024-08-07 11:13:00+08:00,1.100000023841858,1.1100000143051147,1.100000023841858,1.100000023841858,400,0.0,0.0
2024-08-07 11:15:00+08:00,1.100000023841858,1.1100000143051147,1.100000023841858,1.1100000143051147,400,0.0,0.0
2024-08-07 11:16:00+08:00,1.1100000143051147,1.1100000143051147,1.100000023841858,1.100000023841858,300,0.0,0.0
2024-08-07 11:17:00+08:00,1.100000023841858,1.1100000143051147,1.100000023841858,1.1100000143051147,100,0.0,0.0
2024-08-07 11:18:00+08:00,1.1100000143051147,1.1100000143051147,1.100000023841858,1.100000023841858,100,0.0,0.0
2024-08-07 11:19:00+08:00,1.100000023841858,1.1100000143051147,1.100000023841858,1.1100000143051147,100,0.0,0.0
2024-08-07 11:20:00+08:00,1.1100000143051147,1.1100000143051147,1.100000023841858,1.100000023841858,400,0.0,0.0
2024-08-07 11:22:00+08:00,1.100000023841858,1.1100000143051147,1.100000023841858,1.1100000143051147,200,0.0,0.0
2024-08-07 11:23:00+08:00,1.1100000143051147,1.1100000143051147,1.100000023841858,1.100000023841858,100,0.0,0.0
2024-08-07 11:24:00+08:00,1.100000023841858,1.1100000143051147,1.100000023841858,1.100000023841858,400,0.0,0.0
2024-08-07 11:26:00+08:00,1.100000023841858,1.100000023841858,1.100000023841858,1.100000023841858,431200,0.0,0.0
2024-08-07 11:28:00+08:00,1.100000023841858,1.100000023841858,1.100000023841858,1.100000023841858,200,0.0,0.0
2024-08-07 11:29:00+08:00,1.100000023841858,1.1100000143051147,1.100000023841858,1.1100000143051147,300,0.0,0.0
2024-08-07 11:30:00+08:00,1.1100000143051147,1.1100000143051147,1.100000023841858,1.100000023841858,400,0.0,0.0
2024-08-07 11:32:00+08:00,1.100000023841858,1.1100000143051147,1.100000023841858,1.100000023841858,200,0.0,0.0
2024-08-07 11:33:00+08:00,1.100000023841858,1.100000023841858,1.100000023841858,1.100000023841858,100,0.0,0.0
2024-08-07 11:34:00+08:00,1.100000023841858,1.1100000143051147,1.100000023841858,1.1100000143051147,300,0.0,0.0
2024-08-07 11:37:00+08:00,1.1100000143051147,1.1100000143051147,1.100000023841858,1.100000023841858,1300,0.0,0.0
2024-08-07 11:38:00+08:00,1.100000023841858,1.1100000143051147,1.100000023841858,1.1100000143051147,500,0.0,0.0
2024-08-07 11:40:00+08:00,1.1100000143051147,1.1100000143051147,1.100000023841858,1.100000023841858,200,0.0,0.0
2024-08-07 11:41:00+08:00,1.100000023841858,1.100000023841858,1.100000023841858,1.100000023841858,100,0.0,0.0
2024-08-07 11:42:00+08:00,1.100000023841858,1.1100000143051147,1.100000023841858,1.1100000143051147,100,0.0,0.0
2024-08-07 11:43:00+08:00,1.1100000143051147,1.1100000143051147,1.100000023841858,1.1100000143051147,25000,0.0,0.0
2024-08-07 11:44:00+08:00,1.1100000143051147,1.1100000143051147,1.100000023841858,1.100000023841858,86900,0.0,0.0
2024-08-07 11:51:00+08:00,1.100000023841858,1.100000023841858,1.100000023841858,1.100000023841858,100,0.0,0.0
2024-08-07 11:52:00+08:00,1.100000023841858,1.100000023841858,1.100000023841858,1.100000023841858,100,0.0,0.0
2024-08-07 12:58:00+08:00,1.1100000143051147,1.1100000143051147,1.1100000143051147,1.1100000143051147,1000,0.0,0.0
2024-08-07 13:00:00+08:00,1.1100000143051147,1.1100000143051147,1.100000023841858,1.1100000143051147,500,0.0,0.0
2024-08-07 13:04:00+08:00,1.1100000143051147,1.1100000143051147,1.100000023841858,1.100000023841858,1700,0.0,0.0
2024-08-07 13:05:00+08:00,1.100000023841858,1.1100000143051147,1.100000023841858,1.1100000143051147,200,0.0,0.0
2024-08-07 13:11:00+08:00,1.1100000143051147,1.1100000143051147,1.100000023841858,1.100000023841858,100,0.0,0.0
2024-08-07 13:31:00+08:00,1.100000023841858,1.100000023841858,1.100000023841858,1.100000023841858,100,0.0,0.0
2024-08-07 13:32:00+08:00,1.100000023841858,1.100000023841858,1.100000023841858,1.100000023841858,100,0.0,0.0
2024-08-07 13:34:00+08:00,1.100000023841858,1.100000023841858,1.100000023841858,1.100000023841858,200,0.0,0.0
2024-08-07 13:36:00+08:00,1.100000023841858,1.100000023841858,1.100000023841858,1.100000023841858,200,0.0,0.0
2024-08-07 13:37:00+08:00,1.100000023841858,1.1100000143051147,1.100000023841858,1.1100000143051147,100,0.0,0.0
2024-08-07 13:38:00+08:00,1.1100000143051147,1.1100000143051147,1.100000023841858,1.100000023841858,1300,0.0,0.0
2024-08-07 13:39:00+08:00,1.100000023841858,1.1100000143051147,1.100000023841858,1.1100000143051147,300,0.0,0.0
2024-08-07 13:42:00+08:00,1.1100000143051147,1.1100000143051147,1.100000023841858,1.100000023841858,100,0.0,0.0
2024-08-07 13:44:00+08:00,1.100000023841858,1.100000023841858,1.100000023841858,1.100000023841858,100,0.0,0.0
2024-08-07 13:46:00+08:00,1.100000023841858,1.100000023841858,1.100000023841858,1.100000023841858,100,0.0,0.0
2024-08-07 13:47:00+08:00,1.100000023841858,1.100000023841858,1.100000023841858,1.100000023841858,300,0.0,0.0
2024-08-07 13:49:00+08:00,1.100000023841858,1.1100000143051147,1.100000023841858,1.100000023841858,200,0.0,0.0
2024-08-07 13:51:00+08:00,1.100000023841858,1.100000023841858,1.100000023841858,1.100000023841858,400,0.0,0.0
2024-08-07 13:52:00+08:00,1.100000023841858,1.100000023841858,1.100000023841858,1.100000023841858,100,0.0,0.0
2024-08-07 13:53:00+08:00,1.100000023841858,1.1100000143051147,1.100000023841858,1.1100000143051147,100,0.0,0.0
2024-08-07 13:54:00+08:00,1.1100000143051147,1.1100000143051147,1.100000023841858,1.100000023841858,300,0.0,0.0
2024-08-07 13:55:00+08:00,1.100000023841858,1.100000023841858,1.100000023841858,1.100000023841858,200,0.0,0.0
2024-08-07 13:56:00+08:00,1.100000023841858,1.100000023841858,1.100000023841858,1.100000023841858,200,0.0,0.0
2024-08-07 13:59:00+08:00,1.100000023841858,1.100000023841858,1.100000023841858,1.100000023841858,100,0.0,0.0
2024-08-07 14:00:00+08:00,1.100000023841858,1.100000023841858,1.100000023841858,1.100000023841858,200,0.0,0.0
2024-08-07 14:01:00+08:00,1.100000023841858,1.1100000143051147,1.100000023841858,1.1100000143051147,100,0.0,0.0
2024-08-07 14:02:00+08:00,1.1100000143051147,1.1100000143051147,1.100000023841858,1.1100000143051147,1600,0.0,0.0
2024-08-07 14:04:00+08:00,1.1100000143051147,1.1100000143051147,1.100000023841858,1.1100000143051147,200,0.0,0.0
2024-08-07 14:09:00+08:00,1.1100000143051147,1.1100000143051147,1.100000023841858,1.100000023841858,100,0.0,0.0
2024-08-07 14:10:00+08:00,1.100000023841858,1.100000023841858,1.100000023841858,1.100000023841858,100,0.0,0.0
2024-08-07 14:15:00+08:00,1.100000023841858,1.1100000143051147,1.100000023841858,1.100000023841858,300,0.0,0.0
2024-08-07 14:16:00+08:00,1.100000023841858,1.100000023841858,1.100000023841858,1.100000023841858,100,0.0,0.0
2024-08-07 14:18:00+08:00,1.100000023841858,1.1100000143051147,1.100000023841858,1.1100000143051147,100,0.0,0.0
2024-08-07 14:20:00+08:00,1.1100000143051147,1.1100000143051147,1.100000023841858,1.100000023841858,300,0.0,0.0
2024-08-07 14:22:00+08:00,1.100000023841858,1.1100000143051147,1.100000023841858,1.1100000143051147,200,0.0,0.0
2024-08-07 14:23:00+08:00,1.1100000143051147,1.1100000143051147,1.100000023841858,1.100000023841858,200,0.0,0.0
2024-08-07 14:24:00+08:00,1.100000023841858,1.1100000143051147,1.100000023841858,1.100000023841858,200,0.0,0.0
2024-08-07 14:26:00+08:00,1.100000023841858,1.100000023841858,1.100000023841858,1.100000023841858,100,0.0,0.0
2024-08-07 14:27:00+08:00,1.100000023841858,1.1100000143051147,1.100000023841858,1.1100000143051147,200,0.0,0.0
2024-08-07 14:28:00+08:00,1.1100000143051147,1.1100000143051147,1.100000023841858,1.100000023841858,100,0.0,0.0
2024-08-07 14:29:00+08:00,1.100000023841858,1.100000023841858,1.100000023841858,1.100000023841858,100,0.0,0.0
2024-08-07 14:34:00+08:00,1.100000023841858,1.1100000143051147,1.100000023841858,1.100000023841858,1300,0.0,0.0
2024-08-07 14:35:00+08:00,1.100000023841858,1.1100000143051147,1.100000023841858,1.1100000143051147,600,0.0,0.0
2024-08-07 14:36:00+08:00,1.1100000143051147,1.1100000143051147,1.100000023841858,1.100000023841858,100,0.0,0.0
2024-08-07 14:37:00+08:00,1.100000023841858,1.100000023841858,1.100000023841858,1.100000023841858,200,0.0,0.0
2024-08-07 14:40:00+08:00,1.100000023841858,1.1100000143051147,1.100000023841858,1.100000023841858,500,0.0,0.0
2024-08-07 14:41:00+08:00,1.100000023841858,1.100000023841858,1.100000023841858,1.100000023841858,100,0.0,0.0
2024-08-07 14:42:00+08:00,1.100000023841858,1.1100000143051147,1.100000023841858,1.100000023841858,400,0.0,0.0
2024-08-07 14:43:00+08:00,1.100000023841858,1.100000023841858,1.100000023841858,1.100000023841858,100,0.0,0.0
2024-08-07 14:44:00+08:00,1.100000023841858,1.1100000143051147,1.100000023841858,1.100000023841858,300,0.0,0.0
2024-08-07 14:45:00+08:00,1.100000023841858,1.1100000143051147,1.100000023841858,1.1100000143051147,100,0.0,0.0
2024-08-07 14:46:00+08:00,1.1100000143051147,1.1100000143051147,1.100000023841858,1.100000023841858,200,0.0,0.0
2024-08-07 14:47:00+08:00,1.100000023841858,1.1100000143051147,1.100000023841858,1.100000023841858,500,0.0,0.0
2024-08-07 14:48:00+08:00,1.100000023841858,1.100000023841858,1.100000023841858,1.100000023841858,100,0.0,0.0
2024-08-07 14:49:00+08:00,1.100000023841858,1.1100000143051147,1.100000023841858,1.100000023841858,300,0.0,0.0
2024-08-07 14:50:00+08:00,1.100000023841858,1.1100000143051147,1.100000023841858,1.1100000143051147,200,0.0,0.0
2024-08-07 14:53:00+08:00,1.1100000143051147,1.1100000143051147,1.100000023841858,1.100000023841858,200,0.0,0.0
2024-08-07 14:54:00+08:00,1.100000023841858,1.1100000143051147,1.100000023841858,1.1100000143051147,100,0.0,0.0
2024-08-07 14:57:00+08:00,1.1100000143051147,1.1100000143051147,1.100000023841858,1.100000023841858,200,0.0,0.0
2024-08-07 14:59:00+08:00,1.100000023841858,1.1100000143051147,1.100000023841858,1.100000023841858,5200,0.0,0.0
2024-08-07 15:00:00+08:00,1.100000023841858,1.1100000143051147,1.100000023841858,1.1100000143051147,1400,0.0,0.0
2024-08-07 15:01:00+08:00,1.1100000143051147,1.1100000143051147,1.100000023841858,1.1100000143051147,1400,0.0,0.0
2024-08-07 15:02:00+08:00,1.1100000143051147,1.1100000143051147,1.1100000143051147,1.1100000143051147,200,0.0,0.0
2024-08-07 15:03:00+08:00,1.1100000143051147,1.1100000143051147,1.100000023841858,1.100000023841858,600,0.0,0.0
2024-08-07 15:04:00+08:00,1.100000023841858,1.1100000143051147,1.100000023841858,1.1100000143051147,800,0.0,0.0
2024-08-07 15:05:00+08:00,1.1100000143051147,1.1100000143051147,1.100000023841858,1.100000023841858,100,0.0,0.0
2024-08-07 15:06:00+08:00,1.100000023841858,1.1100000143051147,1.100000023841858,1.1100000143051147,100,0.0,0.0
2024-08-07 15:07:00+08:00,1.1100000143051147,1.1100000143051147,1.100000023841858,1.100000023841858,300,0.0,0.0
2024-08-07 15:08:00+08:00,1.100000023841858,1.100000023841858,1.100000023841858,1.100000023841858,100,0.0,0.0
2024-08-07 15:09:00+08:00,1.100000023841858,1.1100000143051147,1.100000023841858,1.100000023841858,700,0.0,0.0
2024-08-07 15:10:00+08:00,1.100000023841858,1.1100000143051147,1.100000023841858,1.1100000143051147,200,0.0,0.0
2024-08-07 15:12:00+08:00,1.1100000143051147,1.1100000143051147,1.100000023841858,1.100000023841858,500,0.0,0.0
2024-08-07 15:13:00+08:00,1.100000023841858,1.100000023841858,1.100000023841858,1.100000023841858,400,0.0,0.0
2024-08-07 15:14:00+08:00,1.100000023841858,1.100000023841858,1.100000023841858,1.100000023841858,300,0.0,0.0
2024-08-07 15:15:00+08:00,1.100000023841858,1.1100000143051147,1.100000023841858,1.1100000143051147,200,0.0,0.0
2024-08-07 15:16:00+08:00,1.1100000143051147,1.1100000143051147,1.100000023841858,1.100000023841858,200,0.0,0.0
2024-08-07 15:17:00+08:00,1.100000023841858,1.1100000143051147,1.100000023841858,1.100000023841858,300,0.0,0.0
2024-08-07 15:19:00+08:00,1.100000023841858,1.100000023841858,1.100000023841858,1.100000023841858,700,0.0,0.0
2024-08-07 15:21:00+08:00,1.100000023841858,1.1100000143051147,1.100000023841858,1.100000023841858,200,0.0,0.0
2024-08-07 15:22:00+08:00,1.100000023841858,1.1100000143051147,1.100000023841858,1.1100000143051147,200,0.0,0.0
2024-08-07 15:23:00+08:00,1.1100000143051147,1.1100000143051147,1.100000023841858,1.100000023841858,200,0.0,0.0
2024-08-07 15:24:00+08:00,1.100000023841858,1.100000023841858,1.100000023841858,1.100000023841858,300,0.0,0.0
2024-08-07 15:25:00+08:00,1.100000023841858,1.1100000143051147,1.100000023841858,1.100000023841858,1800,0.0,0.0
2024-08-07 15:26:00+08:00,1.100000023841858,1.1100000143051147,1.100000023841858,1.1100000143051147,300,0.0,0.0
2024-08-07 15:27:00+08:00,1.1100000143051147,1.1100000143051147,1.100000023841858,1.100000023841858,100,0.0,0.0
2024-08-07 15:28:00+08:00,1.100000023841858,1.1100000143051147,1.100000023841858,1.100000023841858,300,0.0,0.0
2024-08-07 15:29:00+08:00,1.100000023841858,1.100000023841858,1.100000023841858,1.100000023841858,700,0.0,0.0
2024-08-07 15:30:00+08:00,1.100000023841858,1.1100000143051147,1.100000023841858,1.1100000143051147,400,0.0,0.0
2024-08-07 15:31:00+08:00,1.1100000143051147,1.1100000143051147,1.1100000143051147,1.1100000143051147,100,0.0,0.0
2024-08-07 15:32:00+08:00,1.1100000143051147,1.1100000143051147,1.100000023841858,1.1100000143051147,500,0.0,0.0
2024-08-07 15:33:00+08:00,1.1100000143051147,1.1100000143051147,1.100000023841858,1.100000023841858,6800,0.0,0.0
2024-08-07 15:34:00+08:00,1.100000023841858,1.100000023841858,1.100000023841858,1.100000023841858,100,0.0,0.0
2024-08-07 15:35:00+08:00,1.100000023841858,1.1100000143051147,1.100000023841858,1.1100000143051147,600,0.0,0.0
2024-08-07 15:36:00+08:00,1.1100000143051147,1.1100000143051147,1.100000023841858,1.1100000143051147,200,0.0,0.0
2024-08-07 15:37:00+08:00,1.1100000143051147,1.1100000143051147,1.100000023841858,1.100000023841858,100,0.0,0.0
2024-08-07 15:38:00+08:00,1.100000023841858,1.1100000143051147,1.100000023841858,1.100000023841858,400,0.0,0.0
2024-08-07 15:39:00+08:00,1.100000023841858,1.100000023841858,1.100000023841858,1.100000023841858,800,0.0,0.0
2024-08-07 15:41:00+08:00,1.100000023841858,1.1100000143051147,1.100000023841858,1.1100000143051147,500,0.0,0.0
2024-08-07 15:42:00+08:00,1.1100000143051147,1.1100000143051147,1.100000023841858,1.100000023841858,200,0.0,0.0
2024-08-07 15:43:00+08:00,1.100000023841858,1.1100000143051147,1.100000023841858,1.100000023841858,1300,0.0,0.0
2024-08-07 15:44:00+08:00,1.100000023841858,1.1100000143051147,1.100000023841858,1.1100000143051147,1200,0.0,0.0
2024-08-07 15:45:00+08:00,1.1100000143051147,1.1100000143051147,1.100000023841858,1.100000023841858,200,0.0,0.0
2024-08-07 15:46:00+08:00,1.100000023841858,1.100000023841858,1.100000023841858,1.100000023841858,400,0.0,0.0
2024-08-07 15:47:00+08:00,1.100000023841858,1.1100000143051147,1.100000023841858,1.100000023841858,3700,0.0,0.0
2024-08-07 15:48:00+08:00,1.100000023841858,1.1100000143051147,1.100000023841858,1.1100000143051147,300,0.0,0.0
2024-08-07 15:49:00+08:00,1.1100000143051147,1.1100000143051147,1.100000023841858,1.1100000143051147,700,0.0,0.0
2024-08-07 15:50:00+08:00,1.1100000143051147,1.1100000143051147,1.100000023841858,1.100000023841858,400,0.0,0.0
2024-08-07 15:51:00+08:00,1.100000023841858,1.100000023841858,1.100000023841858,1.100000023841858,100,0.0,0.0
2024-08-07 15:52:00+08:00,1.100000023841858,1.1100000143051147,1.100000023841858,1.100000023841858,300,0.0,0.0
2024-08-07 15:53:00+08:00,1.100000023841858,1.100000023841858,1.100000023841858,1.100000023841858,1000,0.0,0.0
2024-08-07 15:54:00+08:00,1.100000023841858,1.1100000143051147,1.100000023841858,1.1100000143051147,300,0.0,0.0
2024-08-07 15:55:00+08:00,1.1100000143051147,1.1100000143051147,1.100000023841858,1.100000023841858,500,0.0,0.0
2024-08-07 15:57:00+08:00,1.100000023841858,1.100000023841858,1.100000023841858,1.100000023841858,400,0.0,0.0
2024-08-07 15:58:00+08:00,1.100000023841858,1.1100000143051147,1.100000023841858,1.1100000143051147,700,0.0,0.0
2024-08-07 15:59:00+08:00,1.1100000143051147,1.1100000143051147,1.100000023841858,1.1100000143051147,500,0.0,0.0
2024-08-07 16:00:00+08:00,1.1100000143051147,1.1100000143051147,1.100000023841858,1.1100000143051147,800,0.0,0.0
2024-08-07 16:01:00+08:00,1.1100000143051147,1.1100000143051147,1.100000023841858,1.100000023841858,100,0.0,0.0
2024-08-07 16:02:00+08:00,1.100000023841858,1.1100000143051147,1.100000023841858,1.1100000143051147,1500,0.0,0.0
2024-08-07 16:03:00+08:00,1.1100000143051147,1.1100000143051147,1.100000023841858,1.100000023841858,400,0.0,0.0
2024-08-07 16:04:00+08:00,1.100000023841858,1.1100000143051147,1.100000023841858,1.1100000143051147,1600,0.0,0.0
2024-08-07 16:05:00+08:00,1.1100000143051147,1.1100000143051147,1.100000023841858,1.100000023841858,800,0.0,0.0
2024-08-07 16:06:00+08:00,1.100000023841858,1.1100000143051147,1.100000023841858,1.1100000143051147,1400,0.0,0.0
2024-08-07 16:07:00+08:00,1.1100000143051147,1.1100000143051147,1.100000023841858,1.100000023841858,700,0.0,0.0
2024-08-07 16:08:00+08:00,1.100000023841858,1.1100000143051147,1.100000023841858,1.100000023841858,1500,0.0,0.0
2024-08-07 16:09:00+08:00,1.100000023841858,1.1100000143051147,1.100000023841858,1.1100000143051147,3900,0.0,0.0
2024-08-07 16:10:00+08:00,1.1100000143051147,1.1100000143051147,1.100000023841858,1.100000023841858,700,0.0,0.0
2024-08-07 16:11:00+08:00,1.100000023841858,1.1100000143051147,1.100000023841858,1.1100000143051147,2000,0.0,0.0
2024-08-07 16:12:00+08:00,1.1100000143051147,1.1100000143051147,1.100000023841858,1.1100000143051147,2000,0.0,0.0
2024-08-07 16:13:00+08:00,1.1100000143051147,1.1100000143051147,1.100000023841858,1.100000023841858,1300,0.0,0.0
2024-08-07 16:14:00+08:00,1.100000023841858,1.1100000143051147,1.100000023841858,1.1100000143051147,2400,0.0,0.0
2024-08-07 16:15:00+08:00,1.1100000143051147,1.1100000143051147,1.100000023841858,1.100000023841858,2900,0.0,0.0
2024-08-07 16:16:00+08:00,1.100000023841858,1.1100000143051147,1.100000023841858,1.100000023841858,2200,0.0,0.0
2024-08-07 16:17:00+08:00,1.100000023841858,1.1100000143051147,1.100000023841858,1.100000023841858,1200,0.0,0.0
2024-08-07 16:18:00+08:00,1.100000023841858,1.100000023841858,1.100000023841858,1.100000023841858,1600,0.0,0.0
2024-08-07 16:19:00+08:00,1.100000023841858,1.1100000143051147,1.100000023841858,1.100000023841858,2000,0.0,0.0
2024-08-07 16:20:00+08:00,1.100000023841858,1.1100000143051147,1.100000023841858,1.100000023841858,1000,0.0,0.0
2024-08-07 16:21:00+08:00,1.100000023841858,1.100000023841858,1.100000023841858,1.100000023841858,1400,0.0,0.0
2024-08-07 16:22:00+08:00,1.100000023841858,1.1100000143051147,1.100000023841858,1.100000023841858,1000,0.0,0.0
2024-08-07 16:23:00+08:00,1.100000023841858,1.1100000143051147,1.100000023841858,1.100000023841858,13100,0.0,0.0
2024-08-07 16:24:00+08:00,1.100000023841858,1.1100000143051147,1.100000023841858,1.100000023841858,5000,0.0,0.0
2024-08-07 16:25:00+08:00,1.100000023841858,1.1100000143051147,1.100000023841858,1.100000023841858,1200,0.0,0.0
2024-08-07 16:26:00+08:00,1.100000023841858,1.1100000143051147,1.100000023841858,1.100000023841858,1900,0.0,0.0
2024-08-07 16:27:00+08:00,1.100000023841858,1.1100000143051147,1.100000023841858,1.100000023841858,2000,0.0,0.0
2024-08-07 16:28:00+08:00,1.100000023841858,1.1100000143051147,1.100000023841858,1.100000023841858,1600,0.0,0.0
2024-08-07 16:29:00+08:00,1.100000023841858,1.1100000143051147,1.100000023841858,1.100000023841858,1800,0.0,0.0
2024-08-07 16:30:00+08:00,1.100000023841858,1.1100000143051147,1.100000023841858,1.100000023841858,2400,0.0,0.0
2024-08-07 16:31:00+08:00,1.100000023841858,1.1100000143051147,1.100000023841858,1.100000023841858,1400,0.0,0.0
2024-08-07 16:32:00+08:00,1.100000023841858,1.1100000143051147,1.100000023841858,1.100000023841858,4000,0.0,0.0
2024-08-07 16:33:00+08:00,1.100000023841858,1.100000023841858,1.100000023841858,1.100000023841858,2800,0.0,0.0
2024-08-07 16:34:00+08:00,1.100000023841858,1.1100000143051147,1.100000023841858,1.100000023841858,2100,0.0,0.0
2024-08-07 16:35:00+08:00,1.100000023841858,1.100000023841858,1.100000023841858,1.100000023841858,1700,0.0,0.0
2024-08-07 16:36:00+08:00,1.100000023841858,1.100000023841858,1.100000023841858,1.100000023841858,3700,0.0,0.0
2024-08-07 16:37:00+08:00,1.100000023841858,1.1100000143051147,1.100000023841858,1.1100000143051147,1200,0.0,0.0
2024-08-07 16:38:00+08:00,1.1100000143051147,1.1100000143051147,1.100000023841858,1.100000023841858,3200,0.0,0.0
2024-08-07 16:39:00+08:00,1.100000023841858,1.100000023841858,1.100000023841858,1.100000023841858,4100,0.0,0.0
2024-08-07 16:40:00+08:00,1.100000023841858,1.100000023841858,1.100000023841858,1.100000023841858,2100,0.0,0.0
2024-08-07 16:41:00+08:00,1.100000023841858,1.100000023841858,1.100000023841858,1.100000023841858,2300,0.0,0.0
2024-08-07 16:42:00+08:00,1.100000023841858,1.1100000143051147,1.100000023841858,1.100000023841858,2400,0.0,0.0
2024-08-07 16:43:00+08:00,1.100000023841858,1.100000023841858,1.100000023841858,1.100000023841858,1900,0.0,0.0
2024-08-07 16:44:00+08:00,1.100000023841858,1.100000023841858,1.100000023841858,1.100000023841858,4500,0.0,0.0
2024-08-07 16:45:00+08:00,1.100000023841858,1.1100000143051147,1.100000023841858,1.1100000143051147,2800,0.0,0.0
2024-08-07 16:46:00+08:00,1.1100000143051147,1.1100000143051147,1.100000023841858,1.100000023841858,4700,0.0,0.0
2024-08-07 16:47:00+08:00,1.100000023841858,1.100000023841858,1.100000023841858,1.100000023841858,4500,0.0,0.0
2024-08-07 16:48:00+08:00,1.100000023841858,1.100000023841858,1.100000023841858,1.100000023841858,3300,0.0,0.0
2024-08-07 16:49:00+08:00,1.100000023841858,1.100000023841858,1.100000023841858,1.100000023841858,2500,0.0,0.0
2024-08-07 16:50:00+08:00,1.100000023841858,1.100000023841858,1.100000023841858,1.100000023841858,4000,0.0,0.0
2024-08-07 16:51:00+08:00,1.100000023841858,1.100000023841858,1.100000023841858,1.100000023841858,3400,0.0,0.0
2024-08-07 16:52:00+08:00,1.100000023841858,1.100000023841858,1.100000023841858,1.100000023841858,4600,0.0,0.0
2024-08-07 16:53:00+08:00,1.100000023841858,1.100000023841858,1.100000023841858,1.100000023841858,4700,0.0,0.0
2024-08-07 16:54:00+08:00,1.100000023841858,1.100000023841858,1.100000023841858,1.100000023841858,4300,0.0,0.0
2024-08-07 16:55:00+08:00,1.100000023841858,1.1100000143051147,1.100000023841858,1.100000023841858,3100,0.0,0.0
2024-08-07 16:56:00+08:00,1.100000023841858,1.1100000143051147,1.100000023841858,1.100000023841858,7100,0.0,0.0
2024-08-07 16:57:00+08:00,1.100000023841858,1.100000023841858,1.100000023841858,1.100000023841858,5000,0.0,0.0
2024-08-07 16:58:00+08:00,1.100000023841858,1.1100000143051147,1.100000023841858,1.100000023841858,3500,0.0,0.0
2024-08-07 16:59:00+08:00,1.100000023841858,1.1100000143051147,1.100000023841858,1.100000023841858,16700,0.0,0.0
2024-08-08 09:00:00+08:00,1.1100000143051147,1.1100000143051147,1.090000033378601,1.100000023841858,26800,0.0,0.0
2024-08-08 09:12:00+08:00,1.100000023841858,1.100000023841858,1.090000033378601,1.100000023841858,900,0.0,0.0
2024-08-08 09:14:00+08:00,1.100000023841858,1.100000023841858,1.100000023841858,1.100000023841858,400,0.0,0.0
2024-08-08 09:16:00+08:00,1.100000023841858,1.100000023841858,1.100000023841858,1.100000023841858,15400,0.0,0.0
2024-08-08 09:30:00+08:00,1.100000023841858,1.100000023841858,1.100000023841858,1.100000023841858,400,0.0,0.0
2024-08-08 09:31:00+08:00,1.100000023841858,1.100000023841858,1.100000023841858,1.100000023841858,0,0.0,0.0
2024-08-08 09:34:00+08:00,1.100000023841858,1.100000023841858,1.100000023841858,1.100000023841858,63700,0.0,0.0
2024-08-08 09:40:00+08:00,1.100000023841858,1.100000023841858,1.100000023841858,1.100000023841858,400,0.0,0.0
2024-08-08 09:46:00+08:00,1.100000023841858,1.100000023841858,1.100000023841858,1.100000023841858,400,0.0,0.0
2024-08-08 09:54:00+08:00,1.100000023841858,1.100000023841858,1.100000023841858,1.100000023841858,200,0.0,0.0
2024-08-08 09:56:00+08:00,1.100000023841858,1.100000023841858,1.090000033378601,1.090000033378601,3900,0.0,0.0
2024-08-08 10:04:00+08:00,1.090000033378601,1.090000033378601,1.090000033378601,1.090000033378601,100,0.0,0.0
2024-08-08 10:05:00+08:00,1.090000033378601,1.100000023841858,1.090000033378601,1.100000023841858,200,0.0,0.0
2024-08-08 10:07:00+08:00,1.100000023841858,1.100000023841858,1.090000033378601,1.090000033378601,500,0.0,0.0
2024-08-08 10:08:00+08:00,1.090000033378601,1.100000023841858,1.090000033378601,1.100000023841858,200,0.0,0.0
2024-08-08 10:14:00+08:00,1.100000023841858,1.100000023841858,1.090000033378601,1.100000023841858,300,0.0,0.0
2024-08-08 10:16:00+08:00,1.100000023841858,1.100000023841858,1.090000033378601,1.090000033378601,500,0.0,0.0
2024-08-08 10:18:00+08:00,1.090000033378601,1.100000023841858,1.090000033378601,1.100000023841858,300,0.0,0.0
2024-08-08 10:23:00+08:00,1.100000023841858,1.100000023841858,1.090000033378601,1.100000023841858,1200,0.0,0.0
2024-08-08 10:25:00+08:00,1.100000023841858,1.100000023841858,1.090000033378601,1.090000033378601,400,0.0,0.0
2024-08-08 10:26:00+08:00,1.090000033378601,1.090000033378601,1.090000033378601,1.090000033378601,100,0.0,0.0
2024-08-08 10:27:00+08:00,1.090000033378601,1.090000033378601,1.090000033378601,1.090000033378601,2100,0.0,0.0
2024-08-08 10:28:00+08:00,1.090000033378601,1.090000033378601,1.090000033378601,1.090000033378601,400,0.0,0.0
2024-08-08 10:29:00+08:00,1.090000033378601,1.090000033378601,1.090000033378601,1.090000033378601,200,0.0,0.0
2024-08-08 10:33:00+08:00,1.090000033378601,1.100000023841858,1.090000033378601,1.090000033378601,200,0.0,0.0
2024-08-08 10:34:00+08:00,1.090000033378601,1.090000033378601,1.090000033378601,1.090000033378601,100,0.0,0.0
2024-08-08 10:37:00+08:00,1.090000033378601,1.100000023841858,1.090000033378601,1.100000023841858,300,0.0,0.0
2024-08-08 10:38:00+08:00,1.100000023841858,1.100000023841858,1.090000033378601,1.090000033378601,700,0.0,0.0
2024-08-08 10:39:00+08:00,1.090000033378601,1.090000033378601,1.090000033378601,1.090000033378601,100,0.0,0.0
2024-08-08 10:40:00+08:00,1.090000033378601,1.090000033378601,1.090000033378601,1.090000033378601,100,0.0,0.0
2024-08-08 10:41:00+08:00,1.090000033378601,1.090000033378601,1.090000033378601,1.090000033378601,300,0.0,0.0
2024-08-08 10:42:00+08:00,1.090000033378601,1.090000033378601,1.090000033378601,1.090000033378601,300,0.0,0.0
2024-08-08 10:44:00+08:00,1.090000033378601,1.100000023841858,1.090000033378601,1.100000023841858,300,0.0,0.0
2024-08-08 10:45:00+08:00,1.100000023841858,1.100000023841858,1.090000033378601,1.090000033378601,300,0.0,0.0
2024-08-08 10:47:00+08:00,1.090000033378601,1.100000023841858,1.090000033378601,1.100000023841858,600,0.0,0.0
2024-08-08 10:49:00+08:00,1.100000023841858,1.100000023841858,1.090000033378601,1.090000033378601,300,0.0,0.0
2024-08-08 10:50:00+08:00,1.090000033378601,1.100000023841858,1.090000033378601,1.100000023841858,100,0.0,0.0
2024-08-08 10:51:00+08:00,1.100000023841858,1.100000023841858,1.090000033378601,1.090000033378601,100,0.0,0.0
2024-08-08 10:52:00+08:00,1.090000033378601,1.100000023841858,1.090000033378601,1.100000023841858,300,0.0,0.0
2024-08-08 10:54:00+08:00,1.100000023841858,1.100000023841858,1.090000033378601,1.090000033378601,500,0.0,0.0
2024-08-08 10:56:00+08:00,1.090000033378601,1.090000033378601,1.090000033378601,1.090000033378601,100,0.0,0.0
2024-08-08 10:58:00+08:00,1.090000033378601,1.090000033378601,1.090000033378601,1.090000033378601,100,0.0,0.0
2024-08-08 10:59:00+08:00,1.090000033378601,1.090000033378601,1.090000033378601,1.090000033378601,700,0.0,0.0
2024-08-08 11:00:00+08:00,1.090000033378601,1.090000033378601,1.090000033378601,1.090000033378601,100,0.0,0.0
2024-08-08 11:01:00+08:00,1.090000033378601,1.100000023841858,1.090000033378601,1.100000023841858,300,0.0,0.0
2024-08-08 11:03:00+08:00,1.100000023841858,1.100000023841858,1.090000033378601,1.100000023841858,800,0.0,0.0
2024-08-08 11:04:00+08:00,1.100000023841858,1.100000023841858,1.090000033378601,1.100000023841858,2900,0.0,0.0
2024-08-08 11:11:00+08:00,1.100000023841858,1.100000023841858,1.090000033378601,1.100000023841858,500,0.0,0.0
2024-08-08 11:12:00+08:00,1.100000023841858,1.100000023841858,1.090000033378601,1.100000023841858,600,0.0,0.0
2024-08-08 11:13:00+08:00,1.100000023841858,1.100000023841858,1.090000033378601,1.090000033378601,600,0.0,0.0
2024-08-08 11:14:00+08:00,1.090000033378601,1.100000023841858,1.090000033378601,1.100000023841858,100,0.0,0.0
2024-08-08 11:16:00+08:00,1.100000023841858,1.100000023841858,1.090000033378601,1.090000033378601,200,0.0,0.0
2024-08-08 11:18:00+08:00,1.090000033378601,1.100000023841858,1.090000033378601,1.090000033378601,800,0.0,0.0
2024-08-08 11:19:00+08:00,1.090000033378601,1.100000023841858,1.090000033378601,1.100000023841858,400,0.0,0.0
2024-08-08 11:21:00+08:00,1.100000023841858,1.100000023841858,1.100000023841858,1.100000023841858,100,0.0,0.0
2024-08-08 11:22:00+08:00,1.100000023841858,1.100000023841858,1.090000033378601,1.090000033378601,200,0.0,0.0
2024-08-08 11:24:00+08:00,1.090000033378601,1.090000033378601,1.090000033378601,1.090000033378601,200,0.0,0.0
2024-08-08 11:25:00+08:00,1.090000033378601,1.090000033378601,1.090000033378601,1.090000033378601,100,0.0,0.0
2024-08-08 11:28:00+08:00,1.090000033378601,1.090000033378601,1.090000033378601,1.090000033378601,100,0.0,0.0
2024-08-08 11:30:00+08:00,1.090000033378601,1.090000033378601,1.090000033378601,1.090000033378601,0,0.0,0.0
2024-08-08 11:31:00+08:00,1.090000033378601,1.090000033378601,1.090000033378601,1.090000033378601,89200,0.0,0.0
2024-08-08 11:33:00+08:00,1.090000033378601,1.090000033378601,1.090000033378601,1.090000033378601,100,0.0,0.0
2024-08-08 11:34:00+08:00,1.090000033378601,1.100000023841858,1.090000033378601,1.100000023841858,300,0.0,0.0
2024-08-08 11:35:00+08:00,1.100000023841858,1.100000023841858,1.100000023841858,1.100000023841858,100,0.0,0.0
2024-08-08 11:36:00+08:00,1.100000023841858,1.100000023841858,1.090000033378601,1.090000033378601,600,0.0,0.0
2024-08-08 11:38:00+08:00,1.090000033378601,1.100000023841858,1.090000033378601,1.090000033378601,300,0.0,0.0
2024-08-08 11:39:00+08:00,1.090000033378601,1.100000023841858,1.090000033378601,1.100000023841858,300,0.0,0.0
2024-08-08 11:41:00+08:00,1.100000023841858,1.100000023841858,1.090000033378601,1.090000033378601,100,0.0,0.0
2024-08-08 11:42:00+08:00,1.090000033378601,1.090000033378601,1.090000033378601,1.090000033378601,100,0.0,0.0
2024-08-08 11:45:00+08:00,1.100000023841858,1.100000023841858,1.090000033378601,1.100000023841858,800,0.0,0.0
2024-08-08 11:46:00+08:00,1.100000023841858,1.100000023841858,1.100000023841858,1.100000023841858,100,0.0,0.0
2024-08-08 11:47:00+08:00,1.090000033378601,1.100000023841858,1.090000033378601,1.100000023841858,400,0.0,0.0
2024-08-08 11:48:00+08:00,1.100000023841858,1.100000023841858,1.090000033378601,1.090000033378601,100,0.0,0.0
2024-08-08 11:49:00+08:00,1.090000033378601,1.100000023841858,1.090000033378601,1.100000023841858,200,0.0,0.0
2024-08-08 11:50:00+08:00,1.100000023841858,1.100000023841858,1.090000033378601,1.090000033378601,200,0.0,0.0
2024-08-08 11:51:00+08:00,1.090000033378601,1.090000033378601,1.090000033378601,1.090000033378601,100,0.0,0.0
2024-08-08 11:52:00+08:00,1.090000033378601,1.100000023841858,1.090000033378601,1.100000023841858,100,0.0,0.0
2024-08-08 11:53:00+08:00,1.100000023841858,1.100000023841858,1.100000023841858,1.100000023841858,100,0.0,0.0
2024-08-08 11:55:00+08:00,1.100000023841858,1.100000023841858,1.090000033378601,1.090000033378601,5200,0.0,0.0
2024-08-08 11:56:00+08:00,1.090000033378601,1.090000033378601,1.090000033378601,1.090000033378601,300,0.0,0.0
2024-08-08 11:57:00+08:00,1.090000033378601,1.090000033378601,1.090000033378601,1.090000033378601,200,0.0,0.0
2024-08-08 11:58:00+08:00,1.090000033378601,1.090000033378601,1.090000033378601,1.090000033378601,300,0.0,0.0
2024-08-08 11:59:00+08:00,1.090000033378601,1.100000023841858,1.090000033378601,1.100000023841858,200,0.0,0.0
2024-08-08 12:58:00+08:00,1.100000023841858,1.100000023841858,1.100000023841858,1.100000023841858,3900,0.0,0.0
2024-08-08 13:00:00+08:00,1.100000023841858,1.100000023841858,1.090000033378601,1.100000023841858,3400,0.0,0.0
2024-08-08 13:01:00+08:00,1.100000023841858,1.100000023841858,1.090000033378601,1.100000023841858,400,0.0,0.0
2024-08-08 13:02:00+08:00,1.100000023841858,1.100000023841858,1.100000023841858,1.100000023841858,200,0.0,0.0
2024-08-08 13:03:00+08:00,1.100000023841858,1.100000023841858,1.100000023841858,1.100000023841858,100,0.0,0.0
2024-08-08 13:04:00+08:00,1.100000023841858,1.100000023841858,1.100000023841858,1.100000023841858,100,0.0,0.0
2024-08-08 13:05:00+08:00,1.100000023841858,1.100000023841858,1.090000033378601,1.090000033378601,200,0.0,0.0
2024-08-08 13:07:00+08:00,1.100000023841858,1.100000023841858,1.100000023841858,1.100000023841858,0,0.0,0.0
2024-08-08 13:11:00+08:00,1.100000023841858,1.100000023841858,1.090000033378601,1.100000023841858,120100,0.0,0.0
2024-08-08 13:13:00+08:00,1.100000023841858,1.100000023841858,1.090000033378601,1.100000023841858,600,0.0,0.0
2024-08-08 13:15:00+08:00,1.100000023841858,1.100000023841858,1.100000023841858,1.100000023841858,200,0.0,0.0
2024-08-08 13:17:00+08:00,1.100000023841858,1.100000023841858,1.090000033378601,1.100000023841858,300,0.0,0.0
2024-08-08 13:19:00+08:00,1.100000023841858,1.100000023841858,1.090000033378601,1.100000023841858,500,0.0,0.0
2024-08-08 13:20:00+08:00,1.100000023841858,1.100000023841858,1.100000023841858,1.100000023841858,100,0.0,0.0
2024-08-08 13:22:00+08:00,1.100000023841858,1.100000023841858,1.100000023841858,1.100000023841858,200,0.0,0.0
2024-08-08 13:24:00+08:00,1.100000023841858,1.100000023841858,1.090000033378601,1.090000033378601,200,0.0,0.0
2024-08-08 13:26:00+08:00,1.090000033378601,1.100000023841858,1.090000033378601,1.100000023841858,300,0.0,0.0
2024-08-08 13:27:00+08:00,1.100000023841858,1.100000023841858,1.100000023841858,1.100000023841858,400,0.0,0.0
2024-08-08 13:29:00+08:00,1.100000023841858,1.100000023841858,1.090000033378601,1.100000023841858,200,0.0,0.0
2024-08-08 13:30:00+08:00,1.100000023841858,1.100000023841858,1.100000023841858,1.100000023841858,100,0.0,0.0
2024-08-08 13:32:00+08:00,1.100000023841858,1.100000023841858,1.100000023841858,1.100000023841858,200,0.0,0.0
2024-08-08 13:36:00+08:00,1.100000023841858,1.100000023841858,1.100000023841858,1.100000023841858,100,0.0,0.0
2024-08-08 13:37:00+08:00,1.100000023841858,1.100000023841858,1.090000033378601,1.100000023841858,900,0.0,0.0
2024-08-08 13:39:00+08:00,1.100000023841858,1.100000023841858,1.100000023841858,1.100000023841858,100,0.0,0.0
2024-08-08 13:48:00+08:00,1.100000023841858,1.100000023841858,1.100000023841858,1.100000023841858,100,0.0,0.0
2024-08-08 13:49:00+08:00,1.100000023841858,1.100000023841858,1.100000023841858,1.100000023841858,200,0.0,0.0
2024-08-08 13:55:00+08:00,1.100000023841858,1.100000023841858,1.090000033378601,1.090000033378601,100,0.0,0.0
2024-08-08 14:01:00+08:00,1.090000033378601,1.100000023841858,1.090000033378601,1.100000023841858,900,0.0,0.0
2024-08-08 14:02:00+08:00,1.100000023841858,1.100000023841858,1.100000023841858,1.100000023841858,200,0.0,0.0
2024-08-08 14:08:00+08:00,1.100000023841858,1.100000023841858,1.090000033378601,1.100000023841858,700,0.0,0.0
2024-08-08 14:09:00+08:00,1.100000023841858,1.100000023841858,1.090000033378601,1.090000033378601,100,0.0,0.0
2024-08-08 14:19:00+08:00,1.090000033378601,1.100000023841858,1.090000033378601,1.100000023841858,900,0.0,0.0
2024-08-08 14:20:00+08:00,1.100000023841858,1.100000023841858,1.090000033378601,1.100000023841858,500,0.0,0.0
2024-08-08 14:21:00+08:00,1.100000023841858,1.100000023841858,1.090000033378601,1.100000023841858,500,0.0,0.0
2024-08-08 14:23:00+08:00,1.100000023841858,1.100000023841858,1.090000033378601,1.090000033378601,100,0.0,0.0
2024-08-08 14:24:00+08:00,1.090000033378601,1.100000023841858,1.090000033378601,1.090000033378601,400,0.0,0.0
2024-08-08 14:41:00+08:00,1.090000033378601,1.100000023841858,1.090000033378601,1.100000023841858,100,0.0,0.0
2024-08-08 14:42:00+08:00,1.100000023841858,1.100000023841858,1.100000023841858,1.100000023841858,100,0.0,0.0
2024-08-08 14:54:00+08:00,1.100000023841858,1.100000023841858,1.100000023841858,1.100000023841858,100,0.0,0.0
2024-08-08 14:55:00+08:00,1.100000023841858,1.100000023841858,1.090000033378601,1.100000023841858,900,0.0,0.0
2024-08-08 14:57:00+08:00,1.100000023841858,1.100000023841858,1.100000023841858,1.100000023841858,200,0.0,0.0
2024-08-08 15:01:00+08:00,1.100000023841858,1.100000023841858,1.100000023841858,1.100000023841858,100,0.0,0.0
2024-08-08 15:02:00+08:00,1.100000023841858,1.100000023841858,1.100000023841858,1.100000023841858,100,0.0,0.0
2024-08-08 15:07:00+08:00,1.100000023841858,1.100000023841858,1.090000033378601,1.100000023841858,73300,0.0,0.0
2024-08-08 15:08:00+08:00,1.100000023841858,1.100000023841858,1.090000033378601,1.100000023841858,1100,0.0,0.0
2024-08-08 15:10:00+08:00,1.100000023841858,1.100000023841858,1.100000023841858,1.100000023841858,200,0.0,0.0
2024-08-08 15:12:00+08:00,1.100000023841858,1.100000023841858,1.090000033378601,1.100000023841858,300,0.0,0.0
2024-08-08 15:15:00+08:00,1.100000023841858,1.100000023841858,1.100000023841858,1.100000023841858,100,0.0,0.0
2024-08-08 15:17:00+08:00,1.100000023841858,1.100000023841858,1.090000033378601,1.100000023841858,6300,0.0,0.0
2024-08-08 15:20:00+08:00,1.100000023841858,1.100000023841858,1.100000023841858,1.100000023841858,100,0.0,0.0
2024-08-08 15:22:00+08:00,1.100000023841858,1.100000023841858,1.090000033378601,1.100000023841858,1500,0.0,0.0
2024-08-08 15:23:00+08:00,1.100000023841858,1.100000023841858,1.090000033378601,1.090000033378601,300,0.0,0.0
2024-08-08 15:24:00+08:00,1.090000033378601,1.100000023841858,1.090000033378601,1.100000023841858,2600,0.0,0.0
2024-08-08 15:25:00+08:00,1.100000023841858,1.100000023841858,1.100000023841858,1.100000023841858,400,0.0,0.0
2024-08-08 15:30:00+08:00,1.100000023841858,1.100000023841858,1.100000023841858,1.100000023841858,100,0.0,0.0
2024-08-08 15:34:00+08:00,1.100000023841858,1.100000023841858,1.090000033378601,1.090000033378601,200,0.0,0.0
2024-08-08 15:37:00+08:00,1.090000033378601,1.100000023841858,1.090000033378601,1.100000023841858,5200,0.0,0.0
2024-08-08 15:39:00+08:00,1.100000023841858,1.100000023841858,1.100000023841858,1.100000023841858,800,0.0,0.0
2024-08-08 15:40:00+08:00,1.100000023841858,1.100000023841858,1.090000033378601,1.090000033378601,100,0.0,0.0
2024-08-08 15:42:00+08:00,1.090000033378601,1.100000023841858,1.090000033378601,1.100000023841858,200,0.0,0.0
2024-08-08 15:48:00+08:00,1.100000023841858,1.100000023841858,1.100000023841858,1.100000023841858,900,0.0,0.0
2024-08-08 15:49:00+08:00,1.100000023841858,1.100000023841858,1.100000023841858,1.100000023841858,200,0.0,0.0
2024-08-08 15:50:00+08:00,1.100000023841858,1.100000023841858,1.100000023841858,1.100000023841858,200,0.0,0.0
2024-08-08 15:55:00+08:00,1.100000023841858,1.100000023841858,1.100000023841858,1.100000023841858,200,0.0,0.0
2024-08-08 16:00:00+08:00,1.100000023841858,1.100000023841858,1.100000023841858,1.100000023841858,100,0.0,0.0
2024-08-08 16:03:00+08:00,1.100000023841858,1.100000023841858,1.100000023841858,1.100000023841858,200,0.0,0.0
2024-08-08 16:06:00+08:00,1.100000023841858,1.100000023841858,1.100000023841858,1.100000023841858,1200,0.0,0.0
2024-08-08 16:07:00+08:00,1.100000023841858,1.100000023841858,1.100000023841858,1.100000023841858,200,0.0,0.0
2024-08-08 16:10:00+08:00,1.100000023841858,1.100000023841858,1.100000023841858,1.100000023841858,600,0.0,0.0
2024-08-08 16:14:00+08:00,1.100000023841858,1.100000023841858,1.100000023841858,1.100000023841858,100,0.0,0.0
2024-08-08 16:15:00+08:00,1.100000023841858,1.100000023841858,1.090000033378601,1.090000033378601,100,0.0,0.0
2024-08-08 16:17:00+08:00,1.090000033378601,1.100000023841858,1.090000033378601,1.100000023841858,200,0.0,0.0
2024-08-08 16:19:00+08:00,1.100000023841858,1.100000023841858,1.100000023841858,1.100000023841858,100,0.0,0.0
2024-08-08 16:20:00+08:00,1.100000023841858,1.100000023841858,1.100000023841858,1.100000023841858,100,0.0,0.0
2024-08-08 16:21:00+08:00,1.100000023841858,1.100000023841858,1.100000023841858,1.100000023841858,200,0.0,0.0
2024-08-08 16:23:00+08:00,1.100000023841858,1.100000023841858,1.100000023841858,1.100000023841858,200,0.0,0.0
2024-08-08 16:25:00+08:00,1.100000023841858,1.100000023841858,1.100000023841858,1.100000023841858,100,0.0,0.0
2024-08-08 16:27:00+08:00,1.100000023841858,1.100000023841858,1.090000033378601,1.100000023841858,8100,0.0,0.0
2024-08-08 16:29:00+08:00,1.100000023841858,1.100000023841858,1.090000033378601,1.090000033378601,200,0.0,0.0
2024-08-08 16:37:00+08:00,1.090000033378601,1.100000023841858,1.090000033378601,1.090000033378601,900,0.0,0.0
2024-08-08 16:38:00+08:00,1.090000033378601,1.100000023841858,1.090000033378601,1.100000023841858,31600,0.0,0.0
2024-08-08 16:40:00+08:00,1.100000023841858,1.100000023841858,1.100000023841858,1.100000023841858,100,0.0,0.0
2024-08-08 16:42:00+08:00,1.100000023841858,1.100000023841858,1.090000033378601,1.100000023841858,2000,0.0,0.0
2024-08-08 16:45:00+08:00,1.100000023841858,1.100000023841858,1.090000033378601,1.100000023841858,1400,0.0,0.0
2024-08-08 16:48:00+08:00,1.100000023841858,1.100000023841858,1.100000023841858,1.100000023841858,100,0.0,0.0
2024-08-08 16:49:00+08:00,1.100000023841858,1.100000023841858,1.090000033378601,1.090000033378601,6500,0.0,0.0
2024-08-08 16:50:00+08:00,1.090000033378601,1.100000023841858,1.090000033378601,1.090000033378601,800,0.0,0.0
2024-08-08 16:51:00+08:00,1.090000033378601,1.100000023841858,1.090000033378601,1.100000023841858,200,0.0,0.0
2024-08-08 16:52:00+08:00,1.100000023841858,1.100000023841858,1.090000033378601,1.090000033378601,2700,0.0,0.0
2024-08-08 16:53:00+08:00,1.100000023841858,1.100000023841858,1.090000033378601,1.090000033378601,200,0.0,0.0
2024-08-08 16:54:00+08:00,1.090000033378601,1.100000023841858,1.090000033378601,1.100000023841858,2600,0.0,0.0
2024-08-08 16:55:00+08:00,1.100000023841858,1.100000023841858,1.090000033378601,1.090000033378601,2700,0.0,0.0
2024-08-08 16:56:00+08:00,1.090000033378601,1.100000023841858,1.090000033378601,1.090000033378601,200,0.0,0.0
2024-08-08 16:57:00+08:00,1.090000033378601,1.100000023841858,1.090000033378601,1.100000023841858,2300,0.0,0.0
2024-08-08 16:58:00+08:00,1.100000023841858,1.100000023841858,1.090000033378601,1.090000033378601,700,0.0,0.0
2024-08-08 16:59:00+08:00,1.090000033378601,1.100000023841858,1.090000033378601,1.100000023841858,4200,0.0,0.0
