Datetime,Open,High,Low,Close,Volume,Dividends,Stock Splits
2024-08-22 09:00:00+09:00,22600.0,23450.0,22450.0,23450.0,0,0.0,0.0
2024-08-22 09:05:00+09:00,23400.0,24100.0,23050.0,23500.0,28415,0.0,0.0
2024-08-22 09:10:00+09:00,23500.0,23600.0,23200.0,23300.0,6300,0.0,0.0
2024-08-22 09:15:00+09:00,23300.0,23450.0,22950.0,22950.0,11252,0.0,0.0
2024-08-22 09:20:00+09:00,23100.0,23250.0,22900.0,23150.0,9810,0.0,0.0
2024-08-22 09:25:00+09:00,23150.0,23450.0,23000.0,23350.0,3945,0.0,0.0
2024-08-22 09:30:00+09:00,23300.0,23450.0,23000.0,23050.0,5759,0.0,0.0
2024-08-22 09:35:00+09:00,23100.0,23100.0,22900.0,22950.0,3518,0.0,0.0
2024-08-22 09:40:00+09:00,22950.0,23150.0,22850.0,22900.0,5438,0.0,0.0
2024-08-22 09:45:00+09:00,22950.0,23400.0,22850.0,23400.0,3878,0.0,0.0
2024-08-22 09:50:00+09:00,23400.0,23800.0,23300.0,23350.0,14433,0.0,0.0
2024-08-22 09:55:00+09:00,23350.0,23600.0,23350.0,23500.0,4933,0.0,0.0
2024-08-22 10:00:00+09:00,23500.0,23550.0,23000.0,23000.0,6170,0.0,0.0
2024-08-22 10:05:00+09:00,23000.0,23250.0,22950.0,23100.0,6763,0.0,0.0
2024-08-22 10:10:00+09:00,23100.0,23250.0,22950.0,23100.0,4482,0.0,0.0
2024-08-22 10:15:00+09:00,23100.0,23250.0,23000.0,23100.0,1593,0.0,0.0
2024-08-22 10:20:00+09:00,23150.0,23150.0,22950.0,23150.0,1361,0.0,0.0
2024-08-22 10:25:00+09:00,23150.0,23150.0,22950.0,23050.0,1159,0.0,0.0
2024-08-22 10:30:00+09:00,23050.0,23050.0,22750.0,22750.0,6945,0.0,0.0
2024-08-22 10:35:00+09:00,22750.0,22800.0,22650.0,22750.0,4938,0.0,0.0
2024-08-22 10:40:00+09:00,22750.0,22750.0,22500.0,22550.0,7056,0.0,0.0
2024-08-22 10:45:00+09:00,22550.0,22650.0,22250.0,22350.0,9937,0.0,0.0
2024-08-22 10:50:00+09:00,22350.0,22850.0,22350.0,22700.0,3318,0.0,0.0
2024-08-22 10:55:00+09:00,22700.0,22900.0,22700.0,22850.0,1459,0.0,0.0
2024-08-22 11:00:00+09:00,22850.0,22900.0,22600.0,22650.0,2216,0.0,0.0
2024-08-22 11:05:00+09:00,22700.0,22700.0,22600.0,22650.0,1061,0.0,0.0
2024-08-22 11:10:00+09:00,22650.0,22800.0,22600.0,22800.0,534,0.0,0.0
2024-08-22 11:15:00+09:00,22750.0,22800.0,22500.0,22500.0,3253,0.0,0.0
2024-08-22 11:20:00+09:00,22500.0,22550.0,22350.0,22450.0,3039,0.0,0.0
2024-08-22 11:25:00+09:00,22500.0,22600.0,22400.0,22550.0,1343,0.0,0.0
2024-08-22 11:30:00+09:00,22550.0,22550.0,22350.0,22350.0,3192,0.0,0.0
2024-08-22 11:35:00+09:00,22400.0,22750.0,22350.0,22650.0,4058,0.0,0.0
2024-08-22 11:40:00+09:00,22600.0,22600.0,22400.0,22400.0,1991,0.0,0.0
2024-08-22 11:45:00+09:00,22400.0,22550.0,22400.0,22500.0,458,0.0,0.0
2024-08-22 11:50:00+09:00,22500.0,22750.0,22450.0,22600.0,840,0.0,0.0
2024-08-22 11:55:00+09:00,22600.0,22700.0,22600.0,22650.0,905,0.0,0.0
2024-08-22 12:00:00+09:00,22650.0,22650.0,22500.0,22500.0,1716,0.0,0.0
2024-08-22 12:05:00+09:00,22500.0,22650.0,22500.0,22550.0,336,0.0,0.0
2024-08-22 12:10:00+09:00,22650.0,22650.0,22300.0,22300.0,3103,0.0,0.0
2024-08-22 12:15:00+09:00,22300.0,22400.0,22250.0,22300.0,2165,0.0,0.0
2024-08-22 12:20:00+09:00,22300.0,22400.0,22250.0,22400.0,800,0.0,0.0
2024-08-22 12:25:00+09:00,22400.0,22450.0,22400.0,22400.0,819,0.0,0.0
2024-08-22 12:30:00+09:00,22400.0,22650.0,22350.0,22550.0,2409,0.0,0.0
2024-08-22 12:35:00+09:00,22650.0,22650.0,22550.0,22550.0,993,0.0,0.0
2024-08-22 12:40:00+09:00,22600.0,22600.0,22500.0,22500.0,2053,0.0,0.0
2024-08-22 12:45:00+09:00,22450.0,22550.0,22400.0,22400.0,1236,0.0,0.0
2024-08-22 12:50:00+09:00,22400.0,22500.0,22350.0,22450.0,999,0.0,0.0
2024-08-22 12:55:00+09:00,22450.0,22600.0,22400.0,22600.0,800,0.0,0.0
2024-08-22 13:00:00+09:00,22600.0,22800.0,22550.0,22800.0,1538,0.0,0.0
2024-08-22 13:05:00+09:00,22800.0,23100.0,22800.0,23100.0,6019,0.0,0.0
2024-08-22 13:10:00+09:00,23100.0,23150.0,22700.0,22850.0,3786,0.0,0.0
2024-08-22 13:15:00+09:00,22850.0,23000.0,22600.0,22600.0,1902,0.0,0.0
2024-08-22 13:20:00+09:00,22650.0,22900.0,22600.0,22600.0,532,0.0,0.0
2024-08-22 13:25:00+09:00,22800.0,22800.0,22600.0,22750.0,666,0.0,0.0
2024-08-22 13:30:00+09:00,22750.0,22850.0,22650.0,22700.0,468,0.0,0.0
2024-08-22 13:35:00+09:00,22700.0,22750.0,22600.0,22600.0,1190,0.0,0.0
2024-08-22 13:40:00+09:00,22600.0,22700.0,22600.0,22700.0,549,0.0,0.0
2024-08-22 13:45:00+09:00,22650.0,22700.0,22550.0,22550.0,1665,0.0,0.0
2024-08-22 13:50:00+09:00,22550.0,22600.0,22500.0,22500.0,2544,0.0,0.0
2024-08-22 13:55:00+09:00,22600.0,22700.0,22450.0,22450.0,1289,0.0,0.0
2024-08-22 14:00:00+09:00,22500.0,22550.0,22400.0,22400.0,2904,0.0,0.0
2024-08-22 14:05:00+09:00,22450.0,22500.0,22400.0,22400.0,1451,0.0,0.0
2024-08-22 14:10:00+09:00,22450.0,22500.0,22350.0,22450.0,1113,0.0,0.0
2024-08-22 14:15:00+09:00,22450.0,22550.0,22450.0,22550.0,1027,0.0,0.0
2024-08-22 14:20:00+09:00,22600.0,22600.0,22450.0,22500.0,1162,0.0,0.0
2024-08-22 14:25:00+09:00,22450.0,22550.0,22450.0,22550.0,213,0.0,0.0
2024-08-22 14:30:00+09:00,22500.0,22550.0,22450.0,22500.0,610,0.0,0.0
2024-08-22 14:35:00+09:00,22450.0,22500.0,22450.0,22450.0,954,0.0,0.0
2024-08-22 14:40:00+09:00,22450.0,22700.0,22450.0,22700.0,2591,0.0,0.0
2024-08-22 14:45:00+09:00,22700.0,22700.0,22600.0,22700.0,531,0.0,0.0
2024-08-22 14:50:00+09:00,22700.0,22700.0,22500.0,22650.0,1458,0.0,0.0
2024-08-22 14:55:00+09:00,22600.0,22600.0,22500.0,22500.0,1420,0.0,0.0
2024-08-23 09:00:00+09:00,21650.0,22300.0,21250.0,22100.0,10368,0.0,0.0
2024-08-23 09:05:00+09:00,22050.0,22050.0,20950.0,21050.0,13414,0.0,0.0
2024-08-23 09:10:00+09:00,21100.0,21650.0,20900.0,21300.0,10946,0.0,0.0
2024-08-23 09:15:00+09:00,21300.0,21450.0,21050.0,21250.0,8753,0.0,0.0
2024-08-23 09:20:00+09:00,21100.0,21300.0,21100.0,21300.0,5724,0.0,0.0
2024-08-23 09:25:00+09:00,21350.0,21400.0,21200.0,21250.0,2408,0.0,0.0
2024-08-23 09:30:00+09:00,21250.0,21750.0,21250.0,21700.0,5384,0.0,0.0
2024-08-23 09:35:00+09:00,21700.0,21800.0,21600.0,21600.0,1533,0.0,0.0
2024-08-23 09:40:00+09:00,21600.0,21850.0,21600.0,21800.0,2385,0.0,0.0
2024-08-23 09:45:00+09:00,21750.0,21850.0,21500.0,21500.0,3033,0.0,0.0
2024-08-23 09:50:00+09:00,21600.0,21800.0,21400.0,21800.0,1561,0.0,0.0
2024-08-23 09:55:00+09:00,21850.0,21850.0,21700.0,21700.0,1332,0.0,0.0
2024-08-23 10:00:00+09:00,21750.0,21750.0,21500.0,21500.0,3051,0.0,0.0
2024-08-23 10:05:00+09:00,21550.0,21550.0,21450.0,21500.0,1653,0.0,0.0
2024-08-23 10:10:00+09:00,21500.0,21500.0,21450.0,21500.0,655,0.0,0.0
2024-08-23 10:15:00+09:00,21450.0,21500.0,21350.0,21400.0,1010,0.0,0.0
2024-08-23 10:20:00+09:00,21400.0,21550.0,21400.0,21500.0,666,0.0,0.0
2024-08-23 10:25:00+09:00,21500.0,21500.0,21300.0,21300.0,1955,0.0,0.0
2024-08-23 10:30:00+09:00,21350.0,21400.0,21300.0,21400.0,393,0.0,0.0
2024-08-23 10:35:00+09:00,21400.0,21400.0,21200.0,21200.0,1451,0.0,0.0
2024-08-23 10:40:00+09:00,21250.0,21350.0,21200.0,21200.0,1570,0.0,0.0
2024-08-23 10:45:00+09:00,21200.0,21300.0,21100.0,21250.0,2758,0.0,0.0
2024-08-23 10:50:00+09:00,21250.0,21300.0,21150.0,21300.0,1136,0.0,0.0
2024-08-23 10:55:00+09:00,21150.0,21300.0,21150.0,21250.0,672,0.0,0.0
2024-08-23 11:00:00+09:00,21250.0,21300.0,21200.0,21200.0,779,0.0,0.0
2024-08-23 11:05:00+09:00,21200.0,21350.0,21200.0,21350.0,384,0.0,0.0
2024-08-23 11:10:00+09:00,21350.0,21350.0,21250.0,21250.0,1645,0.0,0.0
2024-08-23 11:15:00+09:00,21300.0,21300.0,21200.0,21250.0,838,0.0,0.0
2024-08-23 11:20:00+09:00,21250.0,21300.0,21250.0,21250.0,170,0.0,0.0
2024-08-23 11:25:00+09:00,21300.0,21300.0,21200.0,21200.0,582,0.0,0.0
2024-08-23 11:30:00+09:00,21250.0,21300.0,21200.0,21300.0,175,0.0,0.0
2024-08-23 11:35:00+09:00,21300.0,21350.0,21300.0,21350.0,687,0.0,0.0
2024-08-23 11:40:00+09:00,21350.0,21350.0,21250.0,21250.0,505,0.0,0.0
2024-08-23 11:45:00+09:00,21250.0,21250.0,21200.0,21250.0,788,0.0,0.0
2024-08-23 11:50:00+09:00,21300.0,21300.0,21200.0,21250.0,960,0.0,0.0
2024-08-23 11:55:00+09:00,21200.0,21350.0,21200.0,21300.0,1250,0.0,0.0
2024-08-23 12:00:00+09:00,21350.0,21500.0,21300.0,21450.0,1430,0.0,0.0
2024-08-23 12:05:00+09:00,21500.0,21550.0,21400.0,21400.0,335,0.0,0.0
2024-08-23 12:10:00+09:00,21450.0,21450.0,21300.0,21350.0,602,0.0,0.0
2024-08-23 12:15:00+09:00,21350.0,21500.0,21350.0,21400.0,1091,0.0,0.0
2024-08-23 12:20:00+09:00,21400.0,21400.0,21400.0,21400.0,706,0.0,0.0
2024-08-23 12:25:00+09:00,21500.0,21550.0,21400.0,21400.0,364,0.0,0.0
2024-08-23 12:30:00+09:00,21450.0,21550.0,21450.0,21500.0,288,0.0,0.0
2024-08-23 12:35:00+09:00,21500.0,21600.0,21450.0,21600.0,686,0.0,0.0
2024-08-23 12:40:00+09:00,21600.0,21650.0,21550.0,21650.0,641,0.0,0.0
2024-08-23 12:45:00+09:00,21650.0,21750.0,21600.0,21650.0,957,0.0,0.0
2024-08-23 12:50:00+09:00,21650.0,21700.0,21600.0,21600.0,250,0.0,0.0
2024-08-23 12:55:00+09:00,21650.0,21650.0,21600.0,21600.0,297,0.0,0.0
2024-08-23 13:00:00+09:00,21600.0,21650.0,21550.0,21550.0,1473,0.0,0.0
2024-08-23 13:05:00+09:00,21550.0,21550.0,21500.0,21500.0,208,0.0,0.0
2024-08-23 13:10:00+09:00,21500.0,21650.0,21500.0,21650.0,275,0.0,0.0
2024-08-23 13:15:00+09:00,21650.0,21700.0,21600.0,21600.0,560,0.0,0.0
2024-08-23 13:20:00+09:00,21600.0,21600.0,21550.0,21550.0,338,0.0,0.0
2024-08-23 13:25:00+09:00,21500.0,21500.0,21400.0,21400.0,1835,0.0,0.0
2024-08-23 13:30:00+09:00,21400.0,21500.0,21400.0,21500.0,1249,0.0,0.0
2024-08-23 13:35:00+09:00,21450.0,21450.0,21450.0,21450.0,830,0.0,0.0
2024-08-23 13:40:00+09:00,21450.0,21600.0,21450.0,21600.0,515,0.0,0.0
2024-08-23 13:45:00+09:00,21650.0,21650.0,21600.0,21600.0,305,0.0,0.0
2024-08-23 13:50:00+09:00,21600.0,21600.0,21500.0,21550.0,160,0.0,0.0
2024-08-23 13:55:00+09:00,21550.0,21550.0,21450.0,21450.0,743,0.0,0.0
2024-08-23 14:00:00+09:00,21450.0,21500.0,21400.0,21400.0,52,0.0,0.0
2024-08-23 14:05:00+09:00,21450.0,21500.0,21350.0,21400.0,1454,0.0,0.0
2024-08-23 14:10:00+09:00,21400.0,21400.0,21250.0,21250.0,1878,0.0,0.0
2024-08-23 14:15:00+09:00,21250.0,21350.0,21250.0,21250.0,320,0.0,0.0
2024-08-23 14:20:00+09:00,21300.0,21400.0,21300.0,21300.0,829,0.0,0.0
2024-08-23 14:25:00+09:00,21300.0,21400.0,21300.0,21400.0,172,0.0,0.0
2024-08-23 14:30:00+09:00,21400.0,21600.0,21400.0,21600.0,2289,0.0,0.0
2024-08-23 14:35:00+09:00,21600.0,21700.0,21550.0,21550.0,1129,0.0,0.0
2024-08-23 14:40:00+09:00,21600.0,21950.0,21600.0,21900.0,3750,0.0,0.0
2024-08-23 14:45:00+09:00,21900.0,21900.0,21750.0,21800.0,544,0.0,0.0
2024-08-23 14:50:00+09:00,21800.0,21900.0,21800.0,21800.0,750,0.0,0.0
2024-08-23 14:55:00+09:00,21900.0,21900.0,21700.0,21700.0,1859,0.0,0.0
2024-08-26 09:00:00+09:00,22450.0,22550.0,21400.0,21400.0,0,0.0,0.0
2024-08-26 09:05:00+09:00,21400.0,21800.0,21300.0,21650.0,10896,0.0,0.0
2024-08-26 09:10:00+09:00,21650.0,21750.0,21450.0,21450.0,3867,0.0,0.0
2024-08-26 09:15:00+09:00,21450.0,21650.0,21350.0,21450.0,2346,0.0,0.0
2024-08-26 09:20:00+09:00,21450.0,21500.0,21200.0,21200.0,5715,0.0,0.0
2024-08-26 09:25:00+09:00,21200.0,21300.0,20900.0,20950.0,5470,0.0,0.0
2024-08-26 09:30:00+09:00,20950.0,21250.0,20900.0,21200.0,4408,0.0,0.0
2024-08-26 09:35:00+09:00,21250.0,21800.0,21250.0,21750.0,5194,0.0,0.0
2024-08-26 09:40:00+09:00,21700.0,21750.0,21500.0,21550.0,950,0.0,0.0
2024-08-26 09:45:00+09:00,21500.0,21550.0,21300.0,21550.0,2573,0.0,0.0
2024-08-26 09:50:00+09:00,21400.0,21550.0,21350.0,21400.0,502,0.0,0.0
2024-08-26 09:55:00+09:00,21400.0,21500.0,21400.0,21450.0,421,0.0,0.0
2024-08-26 10:00:00+09:00,21500.0,21600.0,21400.0,21450.0,1225,0.0,0.0
2024-08-26 10:05:00+09:00,21450.0,21500.0,21350.0,21450.0,2080,0.0,0.0
2024-08-26 10:10:00+09:00,21450.0,21500.0,21400.0,21500.0,327,0.0,0.0
2024-08-26 10:15:00+09:00,21450.0,21500.0,21350.0,21350.0,2538,0.0,0.0
2024-08-26 10:20:00+09:00,21300.0,21350.0,21250.0,21250.0,1628,0.0,0.0
2024-08-26 10:25:00+09:00,21300.0,21350.0,21250.0,21300.0,437,0.0,0.0
2024-08-26 10:30:00+09:00,21300.0,21300.0,21200.0,21250.0,627,0.0,0.0
2024-08-26 10:35:00+09:00,21200.0,21300.0,21200.0,21200.0,1456,0.0,0.0
2024-08-26 10:40:00+09:00,21200.0,21250.0,21200.0,21200.0,230,0.0,0.0
2024-08-26 10:45:00+09:00,21200.0,21250.0,21200.0,21200.0,756,0.0,0.0
2024-08-26 10:50:00+09:00,21250.0,21300.0,21250.0,21300.0,354,0.0,0.0
2024-08-26 10:55:00+09:00,21250.0,21300.0,21200.0,21200.0,729,0.0,0.0
2024-08-26 11:00:00+09:00,21250.0,21250.0,21200.0,21200.0,506,0.0,0.0
2024-08-26 11:05:00+09:00,21250.0,21250.0,21200.0,21200.0,808,0.0,0.0
2024-08-26 11:10:00+09:00,21200.0,21250.0,21050.0,21100.0,4849,0.0,0.0
2024-08-26 11:15:00+09:00,21050.0,21100.0,20950.0,20950.0,3943,0.0,0.0
2024-08-26 11:20:00+09:00,20950.0,21000.0,20650.0,20700.0,9116,0.0,0.0
2024-08-26 11:25:00+09:00,20750.0,20800.0,20650.0,20700.0,3025,0.0,0.0
2024-08-26 11:30:00+09:00,20700.0,20750.0,20600.0,20600.0,2588,0.0,0.0
2024-08-26 11:35:00+09:00,20600.0,20600.0,20550.0,20550.0,816,0.0,0.0
2024-08-26 11:40:00+09:00,20550.0,20600.0,20550.0,20600.0,643,0.0,0.0
2024-08-26 11:45:00+09:00,20600.0,20600.0,20600.0,20600.0,209,0.0,0.0
2024-08-26 11:50:00+09:00,20600.0,20600.0,20550.0,20550.0,465,0.0,0.0
2024-08-26 11:55:00+09:00,20550.0,20600.0,20550.0,20600.0,621,0.0,0.0
2024-08-26 12:00:00+09:00,20600.0,20600.0,20550.0,20600.0,65,0.0,0.0
2024-08-26 12:05:00+09:00,20650.0,20650.0,20600.0,20600.0,276,0.0,0.0
2024-08-26 12:10:00+09:00,20650.0,20750.0,20600.0,20750.0,243,0.0,0.0
2024-08-26 12:15:00+09:00,20700.0,20750.0,20650.0,20750.0,427,0.0,0.0
2024-08-26 12:20:00+09:00,20750.0,20850.0,20700.0,20800.0,727,0.0,0.0
2024-08-26 12:25:00+09:00,20850.0,20900.0,20800.0,20900.0,731,0.0,0.0
2024-08-26 12:30:00+09:00,20900.0,20900.0,20800.0,20800.0,234,0.0,0.0
2024-08-26 12:35:00+09:00,20800.0,20800.0,20700.0,20700.0,808,0.0,0.0
2024-08-26 12:40:00+09:00,20750.0,20750.0,20700.0,20750.0,235,0.0,0.0
2024-08-26 12:45:00+09:00,20750.0,20800.0,20700.0,20800.0,509,0.0,0.0
2024-08-26 12:50:00+09:00,20800.0,20800.0,20750.0,20800.0,401,0.0,0.0
2024-08-26 12:55:00+09:00,20800.0,20950.0,20800.0,20850.0,943,0.0,0.0
2024-08-26 13:00:00+09:00,20850.0,20850.0,20800.0,20800.0,533,0.0,0.0
2024-08-26 13:05:00+09:00,20850.0,20850.0,20750.0,20750.0,464,0.0,0.0
2024-08-26 13:10:00+09:00,20800.0,20850.0,20750.0,20800.0,303,0.0,0.0
2024-08-26 13:15:00+09:00,20800.0,20800.0,20800.0,20800.0,520,0.0,0.0
2024-08-26 13:20:00+09:00,20800.0,20950.0,20800.0,20900.0,632,0.0,0.0
2024-08-26 13:25:00+09:00,20950.0,20950.0,20900.0,20950.0,229,0.0,0.0
2024-08-26 13:30:00+09:00,20950.0,21050.0,20850.0,20900.0,903,0.0,0.0
2024-08-26 13:35:00+09:00,20850.0,21050.0,20850.0,21050.0,151,0.0,0.0
2024-08-26 13:40:00+09:00,21000.0,21000.0,20800.0,20800.0,477,0.0,0.0
2024-08-26 13:45:00+09:00,20800.0,20950.0,20800.0,20850.0,198,0.0,0.0
2024-08-26 13:50:00+09:00,20850.0,20850.0,20800.0,20850.0,213,0.0,0.0
2024-08-26 13:55:00+09:00,20900.0,20900.0,20850.0,20900.0,60,0.0,0.0
2024-08-26 14:00:00+09:00,20900.0,20900.0,20850.0,20850.0,917,0.0,0.0
2024-08-26 14:05:00+09:00,20900.0,20900.0,20850.0,20850.0,120,0.0,0.0
2024-08-26 14:10:00+09:00,20850.0,20900.0,20800.0,20800.0,990,0.0,0.0
2024-08-26 14:15:00+09:00,20800.0,20850.0,20800.0,20850.0,134,0.0,0.0
2024-08-26 14:20:00+09:00,20800.0,20900.0,20800.0,20800.0,524,0.0,0.0
2024-08-26 14:25:00+09:00,20850.0,20850.0,20700.0,20700.0,1837,0.0,0.0
2024-08-26 14:30:00+09:00,20700.0,20700.0,20550.0,20600.0,4311,0.0,0.0
2024-08-26 14:35:00+09:00,20550.0,20650.0,20550.0,20600.0,563,0.0,0.0
2024-08-26 14:40:00+09:00,20600.0,20650.0,20550.0,20600.0,1600,0.0,0.0
2024-08-26 14:45:00+09:00,20600.0,20650.0,20600.0,20650.0,561,0.0,0.0
2024-08-26 14:50:00+09:00,20650.0,20700.0,20650.0,20700.0,0,0.0,0.0
2024-08-26 14:55:00+09:00,20700.0,20700.0,20650.0,20650.0,965,0.0,0.0
2024-08-27 09:00:00+09:00,21000.0,21000.0,20600.0,20800.0,6346,0.0,0.0
2024-08-27 09:05:00+09:00,20900.0,20900.0,20650.0,20700.0,3895,0.0,0.0
2024-08-27 09:10:00+09:00,20700.0,20700.0,20450.0,20450.0,4867,0.0,0.0
2024-08-27 09:15:00+09:00,20450.0,20600.0,20350.0,20600.0,3402,0.0,0.0
2024-08-27 09:20:00+09:00,20550.0,20650.0,20500.0,20550.0,844,0.0,0.0
2024-08-27 09:25:00+09:00,20550.0,20600.0,20450.0,20500.0,1960,0.0,0.0
2024-08-27 09:30:00+09:00,20500.0,21000.0,20500.0,21000.0,2435,0.0,0.0
2024-08-27 09:35:00+09:00,21000.0,21200.0,20950.0,21100.0,2599,0.0,0.0
2024-08-27 09:40:00+09:00,21100.0,21100.0,20950.0,21050.0,484,0.0,0.0
2024-08-27 09:45:00+09:00,21050.0,21050.0,20950.0,21000.0,1118,0.0,0.0
2024-08-27 09:50:00+09:00,21100.0,21250.0,21050.0,21050.0,1160,0.0,0.0
2024-08-27 09:55:00+09:00,21050.0,21150.0,21000.0,21000.0,467,0.0,0.0
2024-08-27 10:00:00+09:00,21000.0,21200.0,21000.0,21050.0,1092,0.0,0.0
2024-08-27 10:05:00+09:00,21050.0,21150.0,21050.0,21100.0,712,0.0,0.0
2024-08-27 10:10:00+09:00,21100.0,21100.0,21050.0,21100.0,628,0.0,0.0
2024-08-27 10:15:00+09:00,21050.0,21100.0,21050.0,21050.0,297,0.0,0.0
2024-08-27 10:20:00+09:00,21050.0,21050.0,21000.0,21050.0,1038,0.0,0.0
2024-08-27 10:25:00+09:00,21050.0,21100.0,21050.0,21100.0,292,0.0,0.0
2024-08-27 10:30:00+09:00,21100.0,21100.0,21000.0,21000.0,642,0.0,0.0
2024-08-27 10:35:00+09:00,21000.0,21050.0,20950.0,20950.0,1163,0.0,0.0
2024-08-27 10:40:00+09:00,20950.0,21000.0,20950.0,21000.0,405,0.0,0.0
2024-08-27 10:45:00+09:00,21000.0,21050.0,20950.0,21050.0,577,0.0,0.0
2024-08-27 10:50:00+09:00,20950.0,20950.0,20950.0,20950.0,85,0.0,0.0
2024-08-27 10:55:00+09:00,20950.0,20950.0,20950.0,20950.0,356,0.0,0.0
2024-08-27 11:00:00+09:00,20900.0,20900.0,20800.0,20800.0,683,0.0,0.0
2024-08-27 11:05:00+09:00,20800.0,20900.0,20700.0,20900.0,773,0.0,0.0
2024-08-27 11:10:00+09:00,20850.0,20900.0,20850.0,20850.0,254,0.0,0.0
2024-08-27 11:15:00+09:00,20850.0,21000.0,20850.0,21000.0,153,0.0,0.0
2024-08-27 11:20:00+09:00,21000.0,21050.0,21000.0,21050.0,477,0.0,0.0
2024-08-27 11:25:00+09:00,21050.0,21050.0,20950.0,21000.0,239,0.0,0.0
2024-08-27 11:30:00+09:00,21000.0,21000.0,20950.0,20950.0,130,0.0,0.0
2024-08-27 11:35:00+09:00,20950.0,21000.0,20900.0,20900.0,244,0.0,0.0
2024-08-27 11:40:00+09:00,20950.0,20950.0,20900.0,20900.0,109,0.0,0.0
2024-08-27 11:45:00+09:00,20950.0,20950.0,20950.0,20950.0,97,0.0,0.0
2024-08-27 11:50:00+09:00,20950.0,20950.0,20900.0,20900.0,46,0.0,0.0
2024-08-27 11:55:00+09:00,20950.0,21050.0,20950.0,21000.0,945,0.0,0.0
2024-08-27 12:00:00+09:00,21000.0,21000.0,20950.0,20950.0,251,0.0,0.0
2024-08-27 12:05:00+09:00,20950.0,20950.0,20850.0,20900.0,140,0.0,0.0
2024-08-27 12:10:00+09:00,20900.0,20900.0,20850.0,20900.0,160,0.0,0.0
2024-08-27 12:15:00+09:00,20850.0,20900.0,20850.0,20900.0,161,0.0,0.0
2024-08-27 12:20:00+09:00,20900.0,20900.0,20850.0,20850.0,195,0.0,0.0
2024-08-27 12:25:00+09:00,20850.0,20900.0,20800.0,20900.0,557,0.0,0.0
2024-08-27 12:30:00+09:00,20800.0,21000.0,20800.0,21000.0,350,0.0,0.0
2024-08-27 12:35:00+09:00,21000.0,21000.0,20900.0,20900.0,114,0.0,0.0
2024-08-27 12:40:00+09:00,20900.0,20900.0,20850.0,20900.0,652,0.0,0.0
2024-08-27 12:45:00+09:00,20950.0,21100.0,20900.0,21050.0,701,0.0,0.0
2024-08-27 12:50:00+09:00,21050.0,21200.0,21050.0,21150.0,1065,0.0,0.0
2024-08-27 12:55:00+09:00,21150.0,21150.0,21050.0,21100.0,247,0.0,0.0
2024-08-27 13:00:00+09:00,21050.0,21100.0,21050.0,21100.0,47,0.0,0.0
2024-08-27 13:05:00+09:00,21100.0,21100.0,21050.0,21050.0,252,0.0,0.0
2024-08-27 13:10:00+09:00,21000.0,21050.0,21000.0,21050.0,86,0.0,0.0
2024-08-27 13:15:00+09:00,21050.0,21050.0,21000.0,21000.0,299,0.0,0.0
2024-08-27 13:20:00+09:00,20950.0,21000.0,20950.0,20950.0,308,0.0,0.0
2024-08-27 13:25:00+09:00,20950.0,20950.0,20900.0,20900.0,563,0.0,0.0
2024-08-27 13:30:00+09:00,20950.0,20950.0,20900.0,20900.0,566,0.0,0.0
2024-08-27 13:35:00+09:00,21000.0,21050.0,20900.0,20900.0,106,0.0,0.0
2024-08-27 13:40:00+09:00,20900.0,20900.0,20850.0,20850.0,364,0.0,0.0
2024-08-27 13:45:00+09:00,20850.0,20950.0,20800.0,20950.0,2672,0.0,0.0
2024-08-27 13:50:00+09:00,20950.0,20950.0,20950.0,20950.0,30,0.0,0.0
2024-08-27 13:55:00+09:00,20900.0,20900.0,20900.0,20900.0,725,0.0,0.0
2024-08-27 14:00:00+09:00,20950.0,21100.0,20900.0,20950.0,185,0.0,0.0
2024-08-27 14:05:00+09:00,20950.0,20950.0,20850.0,20850.0,559,0.0,0.0
2024-08-27 14:10:00+09:00,20850.0,20950.0,20800.0,20950.0,1065,0.0,0.0
2024-08-27 14:15:00+09:00,20950.0,20950.0,20850.0,20900.0,273,0.0,0.0
2024-08-27 14:20:00+09:00,20950.0,20950.0,20900.0,20950.0,187,0.0,0.0
2024-08-27 14:25:00+09:00,20950.0,20950.0,20900.0,20950.0,202,0.0,0.0
2024-08-27 14:30:00+09:00,20950.0,21100.0,20950.0,21100.0,635,0.0,0.0
2024-08-27 14:35:00+09:00,21150.0,21300.0,21100.0,21100.0,970,0.0,0.0
2024-08-27 14:40:00+09:00,21150.0,21150.0,21050.0,21050.0,601,0.0,0.0
2024-08-27 14:45:00+09:00,21050.0,21050.0,20950.0,21050.0,509,0.0,0.0
2024-08-27 14:50:00+09:00,21000.0,21000.0,21000.0,21000.0,200,0.0,0.0
2024-08-27 14:55:00+09:00,21000.0,21050.0,20950.0,21000.0,629,0.0,0.0
2024-08-28 09:00:00+09:00,21000.0,21150.0,20750.0,21050.0,2624,0.0,0.0
2024-08-28 09:05:00+09:00,21050.0,21100.0,20950.0,21100.0,1197,0.0,0.0
2024-08-28 09:10:00+09:00,21100.0,21400.0,20950.0,21350.0,5015,0.0,0.0
2024-08-28 09:15:00+09:00,21350.0,21450.0,21000.0,21050.0,3086,0.0,0.0
2024-08-28 09:20:00+09:00,21050.0,21100.0,20950.0,20950.0,1461,0.0,0.0
2024-08-28 09:25:00+09:00,21000.0,21300.0,21000.0,21200.0,339,0.0,0.0
2024-08-28 09:30:00+09:00,21200.0,21350.0,21150.0,21300.0,1105,0.0,0.0
2024-08-28 09:35:00+09:00,21350.0,21500.0,21350.0,21450.0,3068,0.0,0.0
2024-08-28 09:40:00+09:00,21450.0,21750.0,21300.0,21350.0,11746,0.0,0.0
2024-08-28 09:45:00+09:00,21350.0,21600.0,21350.0,21450.0,4657,0.0,0.0
2024-08-28 09:50:00+09:00,21450.0,21450.0,21100.0,21150.0,2973,0.0,0.0
2024-08-28 09:55:00+09:00,21150.0,21150.0,20950.0,20950.0,2408,0.0,0.0
2024-08-28 10:00:00+09:00,20950.0,21100.0,20900.0,21000.0,978,0.0,0.0
2024-08-28 10:05:00+09:00,21000.0,21050.0,20900.0,20950.0,410,0.0,0.0
2024-08-28 10:10:00+09:00,20950.0,21000.0,20750.0,20750.0,2322,0.0,0.0
2024-08-28 10:15:00+09:00,20750.0,20900.0,20750.0,20850.0,387,0.0,0.0
2024-08-28 10:20:00+09:00,20850.0,20900.0,20850.0,20900.0,548,0.0,0.0
2024-08-28 10:25:00+09:00,20800.0,20900.0,20700.0,20850.0,1671,0.0,0.0
2024-08-28 10:30:00+09:00,20850.0,20850.0,20700.0,20750.0,571,0.0,0.0
2024-08-28 10:35:00+09:00,20700.0,20800.0,20700.0,20750.0,516,0.0,0.0
2024-08-28 10:40:00+09:00,20800.0,20800.0,20700.0,20800.0,460,0.0,0.0
2024-08-28 10:45:00+09:00,20750.0,20800.0,20700.0,20700.0,1753,0.0,0.0
2024-08-28 10:50:00+09:00,20750.0,20750.0,20550.0,20550.0,2107,0.0,0.0
2024-08-28 10:55:00+09:00,20650.0,20700.0,20550.0,20550.0,315,0.0,0.0
2024-08-28 11:00:00+09:00,20550.0,20700.0,20500.0,20550.0,2185,0.0,0.0
2024-08-28 11:05:00+09:00,20550.0,20600.0,20550.0,20550.0,254,0.0,0.0
2024-08-28 11:10:00+09:00,20500.0,20600.0,20500.0,20550.0,234,0.0,0.0
2024-08-28 11:15:00+09:00,20550.0,20700.0,20500.0,20700.0,583,0.0,0.0
2024-08-28 11:20:00+09:00,20700.0,20700.0,20600.0,20650.0,211,0.0,0.0
2024-08-28 11:25:00+09:00,20600.0,20650.0,20400.0,20400.0,3124,0.0,0.0
2024-08-28 11:30:00+09:00,20450.0,20450.0,20350.0,20450.0,522,0.0,0.0
2024-08-28 11:35:00+09:00,20400.0,20500.0,20400.0,20500.0,200,0.0,0.0
2024-08-28 11:40:00+09:00,20500.0,20500.0,20400.0,20400.0,767,0.0,0.0
2024-08-28 11:45:00+09:00,20400.0,20450.0,20250.0,20350.0,2125,0.0,0.0
2024-08-28 11:50:00+09:00,20350.0,20400.0,20200.0,20200.0,1707,0.0,0.0
2024-08-28 11:55:00+09:00,20250.0,20250.0,20100.0,20100.0,2600,0.0,0.0
2024-08-28 12:00:00+09:00,20100.0,20250.0,20100.0,20250.0,311,0.0,0.0
2024-08-28 12:05:00+09:00,20250.0,20300.0,20150.0,20300.0,1175,0.0,0.0
2024-08-28 12:10:00+09:00,20250.0,20300.0,20250.0,20300.0,371,0.0,0.0
2024-08-28 12:15:00+09:00,20350.0,20450.0,20350.0,20400.0,420,0.0,0.0
2024-08-28 12:20:00+09:00,20400.0,20500.0,20400.0,20400.0,320,0.0,0.0
2024-08-28 12:25:00+09:00,20400.0,20400.0,20350.0,20400.0,36,0.0,0.0
2024-08-28 12:30:00+09:00,20400.0,20400.0,20300.0,20350.0,497,0.0,0.0
2024-08-28 12:35:00+09:00,20300.0,20400.0,20300.0,20400.0,17,0.0,0.0
2024-08-28 12:40:00+09:00,20400.0,20450.0,20400.0,20400.0,118,0.0,0.0
2024-08-28 12:45:00+09:00,20450.0,20850.0,20400.0,20650.0,2314,0.0,0.0
2024-08-28 12:50:00+09:00,20600.0,20600.0,20450.0,20600.0,73,0.0,0.0
2024-08-28 12:55:00+09:00,20550.0,20800.0,20500.0,20600.0,346,0.0,0.0
2024-08-28 13:00:00+09:00,20700.0,20700.0,20450.0,20500.0,1251,0.0,0.0
2024-08-28 13:05:00+09:00,20500.0,20550.0,20350.0,20350.0,543,0.0,0.0
2024-08-28 13:10:00+09:00,20350.0,20400.0,20300.0,20300.0,568,0.0,0.0
2024-08-28 13:15:00+09:00,20300.0,20350.0,20300.0,20350.0,0,0.0,0.0
2024-08-28 13:20:00+09:00,20350.0,20350.0,20300.0,20350.0,1262,0.0,0.0
2024-08-28 13:25:00+09:00,20350.0,20450.0,20350.0,20400.0,319,0.0,0.0
2024-08-28 13:30:00+09:00,20450.0,20450.0,20350.0,20450.0,277,0.0,0.0
2024-08-28 13:35:00+09:00,20450.0,20450.0,20350.0,20350.0,240,0.0,0.0
2024-08-28 13:40:00+09:00,20350.0,20350.0,20300.0,20300.0,497,0.0,0.0
2024-08-28 13:45:00+09:00,20350.0,20400.0,20300.0,20350.0,116,0.0,0.0
2024-08-28 13:50:00+09:00,20350.0,20400.0,20350.0,20350.0,232,0.0,0.0
2024-08-28 13:55:00+09:00,20400.0,20450.0,20350.0,20350.0,270,0.0,0.0
2024-08-28 14:00:00+09:00,20400.0,20400.0,20350.0,20350.0,396,0.0,0.0
2024-08-28 14:05:00+09:00,20350.0,20350.0,20300.0,20350.0,404,0.0,0.0
2024-08-28 14:10:00+09:00,20300.0,20300.0,20250.0,20250.0,859,0.0,0.0
2024-08-28 14:15:00+09:00,20250.0,20300.0,20200.0,20300.0,303,0.0,0.0
2024-08-28 14:20:00+09:00,20300.0,20350.0,20300.0,20300.0,409,0.0,0.0
2024-08-28 14:25:00+09:00,20300.0,20300.0,20250.0,20300.0,107,0.0,0.0
2024-08-28 14:30:00+09:00,20350.0,20350.0,20300.0,20350.0,128,0.0,0.0
2024-08-28 14:35:00+09:00,20350.0,20450.0,20350.0,20400.0,180,0.0,0.0
2024-08-28 14:40:00+09:00,20400.0,20450.0,20200.0,20200.0,804,0.0,0.0
2024-08-28 14:45:00+09:00,20300.0,20350.0,20300.0,20300.0,93,0.0,0.0
2024-08-28 14:50:00+09:00,20300.0,20350.0,20250.0,20250.0,284,0.0,0.0
2024-08-28 14:55:00+09:00,20250.0,20350.0,20200.0,20350.0,733,0.0,0.0
2024-08-29 09:00:00+09:00,19890.0,20300.0,19680.0,20150.0,6052,0.0,0.0
2024-08-29 09:05:00+09:00,20300.0,20550.0,20300.0,20500.0,2976,0.0,0.0
2024-08-29 09:10:00+09:00,20500.0,20550.0,20300.0,20400.0,5142,0.0,0.0
2024-08-29 09:15:00+09:00,20400.0,20600.0,20400.0,20450.0,2807,0.0,0.0
2024-08-29 09:20:00+09:00,20400.0,20500.0,20250.0,20300.0,3341,0.0,0.0
2024-08-29 09:25:00+09:00,20300.0,20350.0,20250.0,20350.0,568,0.0,0.0
2024-08-29 09:30:00+09:00,20350.0,20500.0,20350.0,20400.0,588,0.0,0.0
2024-08-29 09:35:00+09:00,20400.0,20450.0,20400.0,20450.0,246,0.0,0.0
2024-08-29 09:40:00+09:00,20450.0,20550.0,20400.0,20500.0,1159,0.0,0.0
2024-08-29 09:45:00+09:00,20500.0,20600.0,20500.0,20500.0,1073,0.0,0.0
2024-08-29 09:50:00+09:00,20500.0,20700.0,20500.0,20700.0,2210,0.0,0.0
2024-08-29 09:55:00+09:00,20700.0,20750.0,20650.0,20750.0,1009,0.0,0.0
2024-08-29 10:00:00+09:00,20750.0,21200.0,20750.0,21150.0,10750,0.0,0.0
2024-08-29 10:05:00+09:00,21150.0,21200.0,20700.0,20750.0,3073,0.0,0.0
2024-08-29 10:10:00+09:00,20850.0,20950.0,20750.0,20900.0,1147,0.0,0.0
2024-08-29 10:15:00+09:00,20900.0,20950.0,20750.0,20800.0,1651,0.0,0.0
2024-08-29 10:20:00+09:00,20750.0,20750.0,20650.0,20650.0,1707,0.0,0.0
2024-08-29 10:25:00+09:00,20650.0,20750.0,20650.0,20700.0,1315,0.0,0.0
2024-08-29 10:30:00+09:00,20700.0,20900.0,20650.0,20800.0,0,0.0,0.0
2024-08-29 10:35:00+09:00,20700.0,20700.0,20650.0,20700.0,496,0.0,0.0
2024-08-29 10:40:00+09:00,20700.0,20750.0,20700.0,20700.0,890,0.0,0.0
2024-08-29 10:45:00+09:00,20700.0,20750.0,20600.0,20600.0,592,0.0,0.0
2024-08-29 10:50:00+09:00,20600.0,20700.0,20500.0,20700.0,964,0.0,0.0
2024-08-29 10:55:00+09:00,20700.0,20700.0,20600.0,20600.0,627,0.0,0.0
2024-08-29 11:00:00+09:00,20600.0,20700.0,20600.0,20650.0,792,0.0,0.0
2024-08-29 11:05:00+09:00,20700.0,21000.0,20700.0,20900.0,2523,0.0,0.0
2024-08-29 11:10:00+09:00,20900.0,21000.0,20800.0,20900.0,544,0.0,0.0
2024-08-29 11:15:00+09:00,20900.0,20900.0,20700.0,20700.0,997,0.0,0.0
2024-08-29 11:20:00+09:00,20750.0,21000.0,20700.0,20800.0,1578,0.0,0.0
2024-08-29 11:25:00+09:00,20800.0,20900.0,20700.0,20900.0,794,0.0,0.0
2024-08-29 11:30:00+09:00,20850.0,20850.0,20650.0,20650.0,496,0.0,0.0
2024-08-29 11:35:00+09:00,20650.0,20700.0,20550.0,20650.0,491,0.0,0.0
2024-08-29 11:40:00+09:00,20600.0,20650.0,20500.0,20650.0,434,0.0,0.0
2024-08-29 11:45:00+09:00,20550.0,20600.0,20500.0,20550.0,887,0.0,0.0
2024-08-29 11:50:00+09:00,20500.0,20500.0,20450.0,20450.0,468,0.0,0.0
2024-08-29 11:55:00+09:00,20450.0,20500.0,20450.0,20500.0,413,0.0,0.0
2024-08-29 12:00:00+09:00,20500.0,20500.0,20400.0,20400.0,538,0.0,0.0
2024-08-29 12:05:00+09:00,20400.0,20450.0,20400.0,20450.0,477,0.0,0.0
2024-08-29 12:10:00+09:00,20450.0,20450.0,20350.0,20350.0,286,0.0,0.0
2024-08-29 12:15:00+09:00,20350.0,20400.0,20350.0,20400.0,1313,0.0,0.0
2024-08-29 12:20:00+09:00,20400.0,20450.0,20350.0,20350.0,324,0.0,0.0
2024-08-29 12:25:00+09:00,20350.0,20450.0,20350.0,20400.0,503,0.0,0.0
2024-08-29 12:30:00+09:00,20400.0,20600.0,20400.0,20600.0,959,0.0,0.0
2024-08-29 12:35:00+09:00,20550.0,20550.0,20450.0,20550.0,323,0.0,0.0
2024-08-29 12:40:00+09:00,20500.0,20500.0,20500.0,20500.0,526,0.0,0.0
2024-08-29 12:45:00+09:00,20500.0,20550.0,20500.0,20500.0,174,0.0,0.0
2024-08-29 12:50:00+09:00,20450.0,20550.0,20450.0,20450.0,1025,0.0,0.0
2024-08-29 12:55:00+09:00,20450.0,20450.0,20400.0,20400.0,408,0.0,0.0
2024-08-29 13:00:00+09:00,20400.0,20450.0,20400.0,20450.0,406,0.0,0.0
2024-08-29 13:05:00+09:00,20450.0,20450.0,20400.0,20400.0,512,0.0,0.0
2024-08-29 13:10:00+09:00,20400.0,20450.0,20350.0,20350.0,376,0.0,0.0
2024-08-29 13:15:00+09:00,20350.0,20350.0,20300.0,20350.0,860,0.0,0.0
2024-08-29 13:20:00+09:00,20400.0,20400.0,20350.0,20350.0,462,0.0,0.0
2024-08-29 13:25:00+09:00,20350.0,20400.0,20350.0,20350.0,305,0.0,0.0
2024-08-29 13:30:00+09:00,20350.0,20400.0,20350.0,20400.0,224,0.0,0.0
2024-08-29 13:35:00+09:00,20350.0,20350.0,20200.0,20250.0,1724,0.0,0.0
2024-08-29 13:40:00+09:00,20250.0,20250.0,20200.0,20250.0,342,0.0,0.0
2024-08-29 13:45:00+09:00,20250.0,20250.0,20200.0,20250.0,403,0.0,0.0
2024-08-29 13:50:00+09:00,20250.0,20350.0,20200.0,20250.0,732,0.0,0.0
2024-08-29 13:55:00+09:00,20300.0,20350.0,20250.0,20300.0,513,0.0,0.0
2024-08-29 14:00:00+09:00,20350.0,20450.0,20350.0,20400.0,535,0.0,0.0
2024-08-29 14:05:00+09:00,20400.0,20400.0,20350.0,20350.0,557,0.0,0.0
2024-08-29 14:10:00+09:00,20350.0,20550.0,20350.0,20550.0,426,0.0,0.0
2024-08-29 14:15:00+09:00,20550.0,20600.0,20500.0,20550.0,637,0.0,0.0
2024-08-29 14:20:00+09:00,20550.0,21100.0,20550.0,20800.0,7516,0.0,0.0
2024-08-29 14:25:00+09:00,20850.0,21400.0,20800.0,21200.0,9388,0.0,0.0
2024-08-29 14:30:00+09:00,21200.0,21450.0,20950.0,21250.0,7998,0.0,0.0
2024-08-29 14:35:00+09:00,21250.0,21600.0,21150.0,21500.0,6792,0.0,0.0
2024-08-29 14:40:00+09:00,21500.0,21550.0,21300.0,21350.0,4829,0.0,0.0
2024-08-29 14:45:00+09:00,21350.0,21350.0,21000.0,21100.0,5225,0.0,0.0
2024-08-29 14:50:00+09:00,21100.0,21300.0,21050.0,21300.0,1758,0.0,0.0
2024-08-29 14:55:00+09:00,21300.0,21300.0,21200.0,21250.0,1466,0.0,0.0
2024-08-30 09:00:00+09:00,21000.0,21250.0,20950.0,21250.0,5956,0.0,0.0
2024-08-30 09:05:00+09:00,21250.0,21450.0,21200.0,21300.0,3391,0.0,0.0
2024-08-30 09:10:00+09:00,21300.0,21350.0,21100.0,21100.0,3362,0.0,0.0
2024-08-30 09:15:00+09:00,21100.0,21300.0,21000.0,21050.0,2956,0.0,0.0
2024-08-30 09:20:00+09:00,21000.0,21050.0,20900.0,20950.0,4113,0.0,0.0
2024-08-30 09:25:00+09:00,20950.0,20950.0,20700.0,20850.0,3083,0.0,0.0
2024-08-30 09:30:00+09:00,20850.0,20950.0,20750.0,20900.0,3058,0.0,0.0
2024-08-30 09:35:00+09:00,20900.0,21000.0,20900.0,20900.0,472,0.0,0.0
2024-08-30 09:40:00+09:00,21000.0,21000.0,20850.0,20850.0,1331,0.0,0.0
2024-08-30 09:45:00+09:00,20850.0,20850.0,20750.0,20850.0,1535,0.0,0.0
2024-08-30 09:50:00+09:00,20850.0,20850.0,20750.0,20750.0,665,0.0,0.0
2024-08-30 09:55:00+09:00,20750.0,20950.0,20700.0,20950.0,1516,0.0,0.0
2024-08-30 10:00:00+09:00,20950.0,21000.0,20900.0,20950.0,62,0.0,0.0
2024-08-30 10:05:00+09:00,20950.0,21350.0,20950.0,21350.0,1105,0.0,0.0
2024-08-30 10:10:00+09:00,21350.0,21350.0,21150.0,21200.0,684,0.0,0.0
2024-08-30 10:15:00+09:00,21200.0,22350.0,21200.0,21650.0,12808,0.0,0.0
2024-08-30 10:20:00+09:00,21650.0,21750.0,21300.0,21400.0,2571,0.0,0.0
2024-08-30 10:25:00+09:00,21400.0,21650.0,21400.0,21650.0,1134,0.0,0.0
2024-08-30 10:30:00+09:00,21650.0,21750.0,21550.0,21750.0,1278,0.0,0.0
2024-08-30 10:35:00+09:00,21700.0,21750.0,21500.0,21650.0,1048,0.0,0.0
2024-08-30 10:40:00+09:00,21650.0,22050.0,21650.0,21900.0,4409,0.0,0.0
2024-08-30 10:45:00+09:00,21900.0,21900.0,21700.0,21800.0,1111,0.0,0.0
2024-08-30 10:50:00+09:00,21750.0,21800.0,21650.0,21650.0,900,0.0,0.0
2024-08-30 10:55:00+09:00,21650.0,21650.0,21450.0,21450.0,1930,0.0,0.0
2024-08-30 11:00:00+09:00,21450.0,21600.0,21450.0,21600.0,0,0.0,0.0
2024-08-30 11:05:00+09:00,21550.0,21600.0,21450.0,21500.0,350,0.0,0.0
2024-08-30 11:10:00+09:00,21500.0,21550.0,21500.0,21550.0,346,0.0,0.0
2024-08-30 11:15:00+09:00,21550.0,21550.0,21450.0,21550.0,1319,0.0,0.0
2024-08-30 11:20:00+09:00,21550.0,21650.0,21550.0,21600.0,336,0.0,0.0
2024-08-30 11:25:00+09:00,21600.0,21600.0,21550.0,21550.0,202,0.0,0.0
2024-08-30 11:30:00+09:00,21550.0,21700.0,21500.0,21500.0,415,0.0,0.0
2024-08-30 11:35:00+09:00,21550.0,21550.0,21450.0,21450.0,728,0.0,0.0
2024-08-30 11:40:00+09:00,21450.0,21600.0,21350.0,21600.0,480,0.0,0.0
2024-08-30 11:45:00+09:00,21500.0,21600.0,21500.0,21500.0,470,0.0,0.0
2024-08-30 11:50:00+09:00,21550.0,21700.0,21550.0,21650.0,679,0.0,0.0
2024-08-30 11:55:00+09:00,21650.0,21700.0,21500.0,21500.0,632,0.0,0.0
2024-08-30 12:00:00+09:00,21500.0,21500.0,21450.0,21450.0,235,0.0,0.0
2024-08-30 12:05:00+09:00,21400.0,21500.0,21350.0,21500.0,227,0.0,0.0
2024-08-30 12:10:00+09:00,21500.0,21500.0,21450.0,21450.0,76,0.0,0.0
2024-08-30 12:15:00+09:00,21450.0,21450.0,21400.0,21400.0,253,0.0,0.0
2024-08-30 12:20:00+09:00,21450.0,21450.0,21400.0,21450.0,181,0.0,0.0
2024-08-30 12:25:00+09:00,21450.0,21600.0,21450.0,21500.0,191,0.0,0.0
2024-08-30 12:30:00+09:00,21500.0,21500.0,21400.0,21500.0,152,0.0,0.0
2024-08-30 12:35:00+09:00,21500.0,21600.0,21500.0,21600.0,336,0.0,0.0
2024-08-30 12:40:00+09:00,21550.0,21650.0,21550.0,21650.0,210,0.0,0.0
2024-08-30 12:45:00+09:00,21650.0,21700.0,21600.0,21600.0,580,0.0,0.0
2024-08-30 12:50:00+09:00,21650.0,21650.0,21600.0,21650.0,304,0.0,0.0
2024-08-30 12:55:00+09:00,21600.0,21600.0,21500.0,21500.0,682,0.0,0.0
2024-08-30 13:00:00+09:00,21450.0,21500.0,21400.0,21450.0,485,0.0,0.0
2024-08-30 13:05:00+09:00,21450.0,21500.0,21400.0,21400.0,528,0.0,0.0
2024-08-30 13:10:00+09:00,21500.0,21500.0,21500.0,21500.0,30,0.0,0.0
2024-08-30 13:15:00+09:00,21500.0,21900.0,21500.0,21900.0,2001,0.0,0.0
2024-08-30 13:20:00+09:00,21900.0,21900.0,21650.0,21650.0,1563,0.0,0.0
2024-08-30 13:25:00+09:00,21800.0,21950.0,21650.0,21750.0,1257,0.0,0.0
2024-08-30 13:30:00+09:00,21750.0,21800.0,21700.0,21750.0,477,0.0,0.0
2024-08-30 13:35:00+09:00,21750.0,21900.0,21700.0,21900.0,882,0.0,0.0
2024-08-30 13:40:00+09:00,21850.0,21850.0,21700.0,21850.0,435,0.0,0.0
2024-08-30 13:45:00+09:00,21850.0,21850.0,21650.0,21700.0,1221,0.0,0.0
2024-08-30 13:50:00+09:00,21750.0,22350.0,21750.0,22250.0,18079,0.0,0.0
2024-08-30 13:55:00+09:00,22250.0,22250.0,21700.0,21800.0,19372,0.0,0.0
2024-08-30 14:00:00+09:00,21800.0,22000.0,21750.0,21800.0,3536,0.0,0.0
2024-08-30 14:05:00+09:00,21850.0,21950.0,21850.0,21950.0,931,0.0,0.0
2024-08-30 14:10:00+09:00,21950.0,21950.0,21750.0,21750.0,2892,0.0,0.0
2024-08-30 14:15:00+09:00,21750.0,21800.0,21650.0,21700.0,1553,0.0,0.0
2024-08-30 14:20:00+09:00,21750.0,21850.0,21700.0,21800.0,1971,0.0,0.0
2024-08-30 14:25:00+09:00,21800.0,21850.0,21650.0,21650.0,1955,0.0,0.0
2024-08-30 14:30:00+09:00,21650.0,21800.0,21650.0,21750.0,511,0.0,0.0
2024-08-30 14:35:00+09:00,21750.0,21750.0,21600.0,21600.0,2436,0.0,0.0
2024-08-30 14:40:00+09:00,21650.0,21750.0,21650.0,21750.0,476,0.0,0.0
2024-08-30 14:45:00+09:00,21750.0,21800.0,21700.0,21750.0,406,0.0,0.0
2024-08-30 14:50:00+09:00,21750.0,21750.0,21650.0,21750.0,729,0.0,0.0
2024-08-30 14:55:00+09:00,21700.0,21700.0,21600.0,21650.0,1120,0.0,0.0
2024-09-02 09:00:00+09:00,22800.0,22850.0,22300.0,22500.0,0,0.0,0.0
2024-09-02 09:05:00+09:00,22500.0,22600.0,22300.0,22500.0,6871,0.0,0.0
2024-09-02 09:10:00+09:00,22450.0,22450.0,22050.0,22200.0,5470,0.0,0.0
2024-09-02 09:15:00+09:00,22250.0,22450.0,22200.0,22450.0,1659,0.0,0.0
2024-09-02 09:20:00+09:00,22450.0,22500.0,22350.0,22500.0,1798,0.0,0.0
2024-09-02 09:25:00+09:00,22450.0,22500.0,22350.0,22350.0,3594,0.0,0.0
2024-09-02 09:30:00+09:00,22350.0,22350.0,22100.0,22200.0,3542,0.0,0.0
2024-09-02 09:35:00+09:00,22200.0,22700.0,22200.0,22600.0,3498,0.0,0.0
2024-09-02 09:40:00+09:00,22600.0,22600.0,22250.0,22350.0,2458,0.0,0.0
2024-09-02 09:45:00+09:00,22350.0,22350.0,22150.0,22250.0,1501,0.0,0.0
2024-09-02 09:50:00+09:00,22300.0,22300.0,22200.0,22300.0,1935,0.0,0.0
2024-09-02 09:55:00+09:00,22300.0,22350.0,22100.0,22350.0,1444,0.0,0.0
2024-09-02 10:00:00+09:00,22350.0,22600.0,22200.0,22500.0,3200,0.0,0.0
2024-09-02 10:05:00+09:00,22500.0,22600.0,22450.0,22550.0,2151,0.0,0.0
2024-09-02 10:10:00+09:00,22550.0,22600.0,22500.0,22600.0,1746,0.0,0.0
2024-09-02 10:15:00+09:00,22600.0,22700.0,22550.0,22650.0,3205,0.0,0.0
2024-09-02 10:20:00+09:00,22700.0,22750.0,22500.0,22600.0,2640,0.0,0.0
2024-09-02 10:25:00+09:00,22600.0,22600.0,22500.0,22550.0,1438,0.0,0.0
2024-09-02 10:30:00+09:00,22500.0,22550.0,22400.0,22400.0,1160,0.0,0.0
2024-09-02 10:35:00+09:00,22400.0,22650.0,22350.0,22650.0,1856,0.0,0.0
2024-09-02 10:40:00+09:00,22650.0,22950.0,22650.0,22900.0,10923,0.0,0.0
2024-09-02 10:45:00+09:00,22900.0,22900.0,22800.0,22800.0,2086,0.0,0.0
2024-09-02 10:50:00+09:00,22750.0,22850.0,22550.0,22700.0,3589,0.0,0.0
2024-09-02 10:55:00+09:00,22700.0,22800.0,22600.0,22600.0,2136,0.0,0.0
2024-09-02 11:00:00+09:00,22650.0,22850.0,22600.0,22800.0,4652,0.0,0.0
2024-09-02 11:05:00+09:00,22750.0,22750.0,22600.0,22650.0,1024,0.0,0.0
2024-09-02 11:10:00+09:00,22650.0,22800.0,22650.0,22700.0,950,0.0,0.0
2024-09-02 11:15:00+09:00,22700.0,22700.0,22650.0,22650.0,729,0.0,0.0
2024-09-02 11:20:00+09:00,22650.0,22750.0,22600.0,22750.0,1427,0.0,0.0
2024-09-02 11:25:00+09:00,22750.0,22750.0,22500.0,22550.0,1572,0.0,0.0
2024-09-02 11:30:00+09:00,22550.0,22600.0,22500.0,22600.0,487,0.0,0.0
2024-09-02 11:35:00+09:00,22600.0,22600.0,22500.0,22550.0,778,0.0,0.0
2024-09-02 11:40:00+09:00,22600.0,22600.0,22550.0,22550.0,290,0.0,0.0
2024-09-02 11:45:00+09:00,22550.0,22550.0,22500.0,22550.0,536,0.0,0.0
2024-09-02 11:50:00+09:00,22550.0,22650.0,22550.0,22650.0,391,0.0,0.0
2024-09-02 11:55:00+09:00,22700.0,22700.0,22600.0,22700.0,266,0.0,0.0
2024-09-02 12:00:00+09:00,22700.0,22750.0,22700.0,22700.0,508,0.0,0.0
2024-09-02 12:05:00+09:00,22700.0,22700.0,22600.0,22600.0,540,0.0,0.0
2024-09-02 12:10:00+09:00,22650.0,22650.0,22500.0,22500.0,1168,0.0,0.0
2024-09-02 12:15:00+09:00,22500.0,22600.0,22500.0,22600.0,0,0.0,0.0
2024-09-02 12:20:00+09:00,22550.0,22600.0,22500.0,22500.0,773,0.0,0.0
2024-09-02 12:25:00+09:00,22500.0,22500.0,22400.0,22500.0,1502,0.0,0.0
2024-09-02 12:30:00+09:00,22500.0,22500.0,22450.0,22500.0,542,0.0,0.0
2024-09-02 12:35:00+09:00,22500.0,22500.0,22450.0,22450.0,402,0.0,0.0
2024-09-02 12:40:00+09:00,22500.0,22600.0,22400.0,22600.0,1317,0.0,0.0
2024-09-02 12:45:00+09:00,22600.0,22600.0,22550.0,22600.0,491,0.0,0.0
2024-09-02 12:50:00+09:00,22650.0,22700.0,22450.0,22600.0,2438,0.0,0.0
2024-09-02 12:55:00+09:00,22600.0,22700.0,22600.0,22700.0,175,0.0,0.0
2024-09-02 13:00:00+09:00,22700.0,22700.0,22600.0,22600.0,136,0.0,0.0
2024-09-02 13:05:00+09:00,22600.0,22600.0,22450.0,22550.0,1004,0.0,0.0
2024-09-02 13:10:00+09:00,22550.0,22550.0,22450.0,22500.0,182,0.0,0.0
2024-09-02 13:15:00+09:00,22500.0,22550.0,22450.0,22450.0,155,0.0,0.0
2024-09-02 13:20:00+09:00,22500.0,22500.0,22400.0,22450.0,446,0.0,0.0
2024-09-02 13:25:00+09:00,22450.0,22500.0,22400.0,22450.0,703,0.0,0.0
2024-09-02 13:30:00+09:00,22500.0,22500.0,22450.0,22450.0,381,0.0,0.0
2024-09-02 13:35:00+09:00,22550.0,22550.0,22350.0,22350.0,2506,0.0,0.0
2024-09-02 13:40:00+09:00,22350.0,22400.0,22250.0,22350.0,1980,0.0,0.0
2024-09-02 13:45:00+09:00,22350.0,22350.0,22150.0,22200.0,2551,0.0,0.0
2024-09-02 13:50:00+09:00,22250.0,22250.0,22250.0,22250.0,0,0.0,0.0
2024-09-02 13:55:00+09:00,22250.0,22300.0,22200.0,22250.0,483,0.0,0.0
2024-09-02 14:00:00+09:00,22250.0,22250.0,22150.0,22200.0,788,0.0,0.0
2024-09-02 14:05:00+09:00,22200.0,22550.0,22150.0,22300.0,1696,0.0,0.0
2024-09-02 14:10:00+09:00,22300.0,22300.0,22200.0,22250.0,76,0.0,0.0
2024-09-02 14:15:00+09:00,22250.0,22300.0,22200.0,22250.0,209,0.0,0.0
2024-09-02 14:20:00+09:00,22250.0,22250.0,22200.0,22200.0,196,0.0,0.0
2024-09-02 14:25:00+09:00,22200.0,22250.0,22150.0,22250.0,1088,0.0,0.0
2024-09-02 14:30:00+09:00,22250.0,22300.0,22200.0,22200.0,88,0.0,0.0
2024-09-02 14:35:00+09:00,22250.0,22500.0,22250.0,22500.0,1454,0.0,0.0
2024-09-02 14:40:00+09:00,22500.0,22500.0,22350.0,22450.0,1363,0.0,0.0
2024-09-02 14:45:00+09:00,22500.0,22500.0,22400.0,22400.0,642,0.0,0.0
2024-09-02 14:50:00+09:00,22400.0,23400.0,22400.0,23150.0,15401,0.0,0.0
2024-09-02 14:55:00+09:00,23250.0,23550.0,23000.0,23450.0,25358,0.0,0.0
2024-09-03 09:00:00+09:00,22950.0,23450.0,22600.0,23100.0,13684,0.0,0.0
2024-09-03 09:05:00+09:00,23000.0,23100.0,22750.0,23000.0,6681,0.0,0.0
2024-09-03 09:10:00+09:00,23000.0,23000.0,22850.0,22850.0,4225,0.0,0.0
2024-09-03 09:15:00+09:00,22850.0,23200.0,22850.0,23000.0,2376,0.0,0.0
2024-09-03 09:20:00+09:00,23100.0,23100.0,22950.0,22950.0,2520,0.0,0.0
2024-09-03 09:25:00+09:00,22950.0,23100.0,22900.0,22900.0,1765,0.0,0.0
2024-09-03 09:30:00+09:00,22900.0,23000.0,22800.0,22800.0,3375,0.0,0.0
2024-09-03 09:35:00+09:00,22800.0,22900.0,22800.0,22800.0,1229,0.0,0.0
2024-09-03 09:40:00+09:00,22850.0,23000.0,22800.0,22850.0,817,0.0,0.0
2024-09-03 09:45:00+09:00,22850.0,23000.0,22800.0,22950.0,1436,0.0,0.0
2024-09-03 09:50:00+09:00,22950.0,23000.0,22850.0,22900.0,1367,0.0,0.0
2024-09-03 09:55:00+09:00,22850.0,22950.0,22800.0,22850.0,1641,0.0,0.0
2024-09-03 10:00:00+09:00,22850.0,22850.0,22750.0,22850.0,1866,0.0,0.0
2024-09-03 10:05:00+09:00,22800.0,22850.0,22800.0,22850.0,302,0.0,0.0
2024-09-03 10:10:00+09:00,22950.0,23000.0,22850.0,22900.0,1096,0.0,0.0
2024-09-03 10:15:00+09:00,22900.0,23100.0,22900.0,23100.0,1283,0.0,0.0
2024-09-03 10:20:00+09:00,23050.0,23150.0,23050.0,23150.0,520,0.0,0.0
2024-09-03 10:25:00+09:00,23150.0,23250.0,23000.0,23000.0,2212,0.0,0.0
2024-09-03 10:30:00+09:00,23000.0,23000.0,22950.0,22950.0,1540,0.0,0.0
2024-09-03 10:35:00+09:00,22950.0,23150.0,22950.0,23150.0,306,0.0,0.0
2024-09-03 10:40:00+09:00,23100.0,23100.0,23050.0,23050.0,545,0.0,0.0
2024-09-03 10:45:00+09:00,23050.0,23200.0,23000.0,23100.0,1652,0.0,0.0
2024-09-03 10:50:00+09:00,23100.0,23100.0,22950.0,23100.0,1253,0.0,0.0
2024-09-03 10:55:00+09:00,23100.0,23200.0,23100.0,23150.0,308,0.0,0.0
2024-09-03 11:00:00+09:00,23150.0,23150.0,23100.0,23150.0,672,0.0,0.0
2024-09-03 11:05:00+09:00,23200.0,23200.0,23150.0,23200.0,326,0.0,0.0
2024-09-03 11:10:00+09:00,23150.0,23250.0,23100.0,23250.0,1188,0.0,0.0
2024-09-03 11:15:00+09:00,23250.0,23300.0,23150.0,23250.0,1198,0.0,0.0
2024-09-03 11:20:00+09:00,23250.0,23250.0,22950.0,23200.0,1749,0.0,0.0
2024-09-03 11:25:00+09:00,23100.0,23100.0,23000.0,23050.0,331,0.0,0.0
2024-09-03 11:30:00+09:00,23050.0,23100.0,23000.0,23000.0,136,0.0,0.0
2024-09-03 11:35:00+09:00,23100.0,23150.0,23050.0,23100.0,48,0.0,0.0
2024-09-03 11:40:00+09:00,23100.0,23100.0,23050.0,23050.0,485,0.0,0.0
2024-09-03 11:45:00+09:00,23050.0,23050.0,23050.0,23050.0,96,0.0,0.0
2024-09-03 11:50:00+09:00,23050.0,23100.0,23000.0,23050.0,206,0.0,0.0
2024-09-03 11:55:00+09:00,23100.0,23250.0,23100.0,23150.0,580,0.0,0.0
2024-09-03 12:00:00+09:00,23100.0,23150.0,23050.0,23050.0,501,0.0,0.0
2024-09-03 12:05:00+09:00,23050.0,23050.0,23050.0,23050.0,138,0.0,0.0
2024-09-03 12:10:00+09:00,23000.0,23250.0,22950.0,23050.0,971,0.0,0.0
2024-09-03 12:15:00+09:00,23150.0,23250.0,23100.0,23100.0,485,0.0,0.0
2024-09-03 12:20:00+09:00,23100.0,23150.0,23000.0,23000.0,544,0.0,0.0
2024-09-03 12:25:00+09:00,23000.0,23000.0,23000.0,23000.0,204,0.0,0.0
2024-09-03 12:30:00+09:00,23000.0,23100.0,23000.0,23100.0,48,0.0,0.0
2024-09-03 12:35:00+09:00,23100.0,23150.0,22950.0,23150.0,481,0.0,0.0
2024-09-03 12:40:00+09:00,23150.0,23150.0,23000.0,23000.0,165,0.0,0.0
2024-09-03 12:45:00+09:00,22950.0,23100.0,22950.0,23100.0,306,0.0,0.0
2024-09-03 12:50:00+09:00,23100.0,23200.0,23000.0,23150.0,1144,0.0,0.0
2024-09-03 12:55:00+09:00,23150.0,23150.0,23000.0,23000.0,138,0.0,0.0
2024-09-03 13:00:00+09:00,23100.0,23100.0,22950.0,23000.0,800,0.0,0.0
2024-09-03 13:05:00+09:00,23050.0,23100.0,23050.0,23100.0,106,0.0,0.0
2024-09-03 13:10:00+09:00,23050.0,23100.0,23000.0,23000.0,1018,0.0,0.0
2024-09-03 13:15:00+09:00,23000.0,23000.0,23000.0,23000.0,45,0.0,0.0
2024-09-03 13:20:00+09:00,23000.0,23050.0,22950.0,23000.0,1958,0.0,0.0
2024-09-03 13:25:00+09:00,22950.0,23000.0,22900.0,23000.0,894,0.0,0.0
2024-09-03 13:30:00+09:00,22900.0,22950.0,22900.0,22950.0,32,0.0,0.0
2024-09-03 13:35:00+09:00,23000.0,23000.0,22950.0,22950.0,418,0.0,0.0
2024-09-03 13:40:00+09:00,22950.0,23050.0,22950.0,23050.0,377,0.0,0.0
2024-09-03 13:45:00+09:00,23100.0,23250.0,23100.0,23150.0,1964,0.0,0.0
2024-09-03 13:50:00+09:00,23200.0,23300.0,23200.0,23300.0,1108,0.0,0.0
2024-09-03 13:55:00+09:00,23300.0,23450.0,23250.0,23250.0,7384,0.0,0.0
2024-09-03 14:00:00+09:00,23300.0,23600.0,23250.0,23600.0,3971,0.0,0.0
2024-09-03 14:05:00+09:00,23550.0,23550.0,23200.0,23200.0,2357,0.0,0.0
2024-09-03 14:10:00+09:00,23200.0,23350.0,23200.0,23200.0,692,0.0,0.0
2024-09-03 14:15:00+09:00,23200.0,23300.0,23200.0,23300.0,334,0.0,0.0
2024-09-03 14:20:00+09:00,23300.0,23300.0,23100.0,23250.0,638,0.0,0.0
2024-09-03 14:25:00+09:00,23150.0,23200.0,23100.0,23100.0,817,0.0,0.0
2024-09-03 14:30:00+09:00,23200.0,23200.0,23100.0,23100.0,298,0.0,0.0
2024-09-03 14:35:00+09:00,23100.0,23250.0,23100.0,23100.0,1057,0.0,0.0
2024-09-03 14:40:00+09:00,23100.0,23100.0,23000.0,23050.0,620,0.0,0.0
2024-09-03 14:45:00+09:00,23100.0,23100.0,22950.0,23100.0,3080,0.0,0.0
2024-09-03 14:50:00+09:00,23000.0,23050.0,22900.0,22900.0,2644,0.0,0.0
2024-09-03 14:55:00+09:00,22950.0,23000.0,22900.0,22950.0,977,0.0,0.0
2024-09-04 09:00:00+09:00,21800.0,22250.0,21200.0,21900.0,16299,0.0,0.0
2024-09-04 09:05:00+09:00,21900.0,22600.0,21900.0,22400.0,8461,0.0,0.0
2024-09-04 09:10:00+09:00,22400.0,22550.0,22300.0,22500.0,2848,0.0,0.0
2024-09-04 09:15:00+09:00,22500.0,22550.0,22300.0,22300.0,2890,0.0,0.0
2024-09-04 09:20:00+09:00,22300.0,22750.0,22300.0,22750.0,3200,0.0,0.0
2024-09-04 09:25:00+09:00,22750.0,22850.0,22600.0,22650.0,3413,0.0,0.0
2024-09-04 09:30:00+09:00,22650.0,22900.0,22650.0,22900.0,2097,0.0,0.0
2024-09-04 09:35:00+09:00,22900.0,23250.0,22800.0,22900.0,8697,0.0,0.0
2024-09-04 09:40:00+09:00,22850.0,22900.0,22750.0,22750.0,1913,0.0,0.0
2024-09-04 09:45:00+09:00,22750.0,23000.0,22700.0,23000.0,1480,0.0,0.0
2024-09-04 09:50:00+09:00,22950.0,23000.0,22750.0,22750.0,909,0.0,0.0
2024-09-04 09:55:00+09:00,22750.0,23050.0,22750.0,23050.0,1785,0.0,0.0
2024-09-04 10:00:00+09:00,23050.0,23100.0,22950.0,23000.0,3042,0.0,0.0
2024-09-04 10:05:00+09:00,23000.0,23000.0,22950.0,22950.0,1560,0.0,0.0
2024-09-04 10:10:00+09:00,22950.0,23000.0,22900.0,22900.0,176,0.0,0.0
2024-09-04 10:15:00+09:00,22900.0,23050.0,22900.0,22900.0,2123,0.0,0.0
2024-09-04 10:20:00+09:00,22900.0,22950.0,22900.0,22900.0,252,0.0,0.0
2024-09-04 10:25:00+09:00,22900.0,23000.0,22850.0,22900.0,1368,0.0,0.0
2024-09-04 10:30:00+09:00,22900.0,23100.0,22900.0,23000.0,2424,0.0,0.0
2024-09-04 10:35:00+09:00,23000.0,23200.0,22950.0,23200.0,5371,0.0,0.0
2024-09-04 10:40:00+09:00,23200.0,23550.0,23200.0,23400.0,8119,0.0,0.0
2024-09-04 10:45:00+09:00,23500.0,23600.0,23200.0,23600.0,3649,0.0,0.0
2024-09-04 10:50:00+09:00,23600.0,23850.0,23500.0,23600.0,11609,0.0,0.0
2024-09-04 10:55:00+09:00,23700.0,23700.0,23400.0,23400.0,1753,0.0,0.0
2024-09-04 11:00:00+09:00,23400.0,23400.0,23200.0,23350.0,3283,0.0,0.0
2024-09-04 11:05:00+09:00,23300.0,23350.0,23200.0,23250.0,535,0.0,0.0
2024-09-04 11:10:00+09:00,23250.0,23350.0,23200.0,23250.0,369,0.0,0.0
2024-09-04 11:15:00+09:00,23250.0,23250.0,23150.0,23250.0,694,0.0,0.0
2024-09-04 11:20:00+09:00,23250.0,23300.0,23150.0,23300.0,604,0.0,0.0
2024-09-04 11:25:00+09:00,23300.0,23350.0,23150.0,23300.0,1825,0.0,0.0
2024-09-04 11:30:00+09:00,23200.0,23250.0,23150.0,23250.0,1013,0.0,0.0
2024-09-04 11:35:00+09:00,23250.0,23250.0,23100.0,23100.0,1108,0.0,0.0
2024-09-04 11:40:00+09:00,23100.0,23150.0,23050.0,23150.0,508,0.0,0.0
2024-09-04 11:45:00+09:00,23100.0,23150.0,23100.0,23100.0,337,0.0,0.0
2024-09-04 11:50:00+09:00,23100.0,23150.0,23050.0,23150.0,751,0.0,0.0
2024-09-04 11:55:00+09:00,23150.0,23200.0,23050.0,23100.0,470,0.0,0.0
2024-09-04 12:00:00+09:00,23100.0,23400.0,23100.0,23250.0,2939,0.0,0.0
2024-09-04 12:05:00+09:00,23150.0,23300.0,23150.0,23300.0,152,0.0,0.0
2024-09-04 12:10:00+09:00,23300.0,23300.0,23150.0,23150.0,547,0.0,0.0
2024-09-04 12:15:00+09:00,23150.0,23350.0,23150.0,23350.0,651,0.0,0.0
2024-09-04 12:20:00+09:00,23350.0,23400.0,23300.0,23400.0,787,0.0,0.0
2024-09-04 12:25:00+09:00,23400.0,23400.0,23250.0,23250.0,714,0.0,0.0
2024-09-04 12:30:00+09:00,23300.0,23800.0,23250.0,23600.0,5386,0.0,0.0
2024-09-04 12:35:00+09:00,23500.0,23550.0,23500.0,23500.0,1578,0.0,0.0
2024-09-04 12:40:00+09:00,23500.0,23550.0,23400.0,23500.0,1753,0.0,0.0
2024-09-04 12:45:00+09:00,23500.0,23500.0,23400.0,23500.0,1191,0.0,0.0
2024-09-04 12:50:00+09:00,23500.0,23600.0,23450.0,23500.0,1993,0.0,0.0
2024-09-04 12:55:00+09:00,23600.0,23750.0,23500.0,23500.0,2475,0.0,0.0
2024-09-04 13:00:00+09:00,23500.0,23650.0,23450.0,23650.0,3042,0.0,0.0
2024-09-04 13:05:00+09:00,23650.0,23650.0,23450.0,23550.0,3581,0.0,0.0
2024-09-04 13:10:00+09:00,23500.0,23500.0,23400.0,23450.0,2133,0.0,0.0
2024-09-04 13:15:00+09:00,23500.0,23550.0,23450.0,23550.0,306,0.0,0.0
2024-09-04 13:20:00+09:00,23550.0,23600.0,23450.0,23500.0,2182,0.0,0.0
2024-09-04 13:25:00+09:00,23550.0,23700.0,23550.0,23650.0,1090,0.0,0.0
2024-09-04 13:30:00+09:00,23600.0,23600.0,23350.0,23500.0,5064,0.0,0.0
2024-09-04 13:35:00+09:00,23500.0,23600.0,23500.0,23500.0,536,0.0,0.0
2024-09-04 13:40:00+09:00,23500.0,23550.0,23450.0,23550.0,380,0.0,0.0
2024-09-04 13:45:00+09:00,23550.0,23550.0,23450.0,23550.0,776,0.0,0.0
2024-09-04 13:50:00+09:00,23450.0,23600.0,23400.0,23600.0,2277,0.0,0.0
2024-09-04 13:55:00+09:00,23450.0,23600.0,23450.0,23500.0,740,0.0,0.0
2024-09-04 14:00:00+09:00,23550.0,23550.0,23400.0,23400.0,1364,0.0,0.0
2024-09-04 14:05:00+09:00,23450.0,23500.0,23050.0,23200.0,3842,0.0,0.0
2024-09-04 14:10:00+09:00,23200.0,23500.0,23100.0,23400.0,2320,0.0,0.0
2024-09-04 14:15:00+09:00,23400.0,23600.0,23350.0,23550.0,2648,0.0,0.0
2024-09-04 14:20:00+09:00,23550.0,23550.0,23200.0,23300.0,6612,0.0,0.0
2024-09-04 14:25:00+09:00,23300.0,23600.0,23250.0,23600.0,2047,0.0,0.0
2024-09-04 14:30:00+09:00,23600.0,23600.0,23450.0,23450.0,1232,0.0,0.0
2024-09-04 14:35:00+09:00,23450.0,23450.0,23300.0,23400.0,543,0.0,0.0
2024-09-04 14:40:00+09:00,23400.0,23450.0,23350.0,23400.0,1086,0.0,0.0
2024-09-04 14:45:00+09:00,23500.0,23500.0,23400.0,23450.0,1579,0.0,0.0
2024-09-04 14:50:00+09:00,23400.0,23450.0,23400.0,23450.0,541,0.0,0.0
2024-09-04 14:55:00+09:00,23450.0,23450.0,23300.0,23350.0,2287,0.0,0.0
2024-09-05 09:00:00+09:00,23350.0,23550.0,23000.0,23100.0,8946,0.0,0.0
2024-09-05 09:05:00+09:00,23000.0,23250.0,22800.0,23000.0,3172,0.0,0.0
2024-09-05 09:10:00+09:00,23000.0,23100.0,22750.0,22750.0,6284,0.0,0.0
2024-09-05 09:15:00+09:00,22750.0,22800.0,22500.0,22600.0,5035,0.0,0.0
2024-09-05 09:20:00+09:00,22700.0,22900.0,22600.0,22900.0,2036,0.0,0.0
2024-09-05 09:25:00+09:00,22900.0,23100.0,22800.0,22950.0,2013,0.0,0.0
2024-09-05 09:30:00+09:00,22950.0,23000.0,22850.0,22900.0,647,0.0,0.0
2024-09-05 09:35:00+09:00,22850.0,22900.0,22750.0,22800.0,1616,0.0,0.0
2024-09-05 09:40:00+09:00,22850.0,22900.0,22800.0,22800.0,519,0.0,0.0
2024-09-05 09:45:00+09:00,22800.0,22900.0,22700.0,22800.0,831,0.0,0.0
2024-09-05 09:50:00+09:00,22800.0,22850.0,22700.0,22750.0,993,0.0,0.0
2024-09-05 09:55:00+09:00,22700.0,22750.0,22400.0,22500.0,7376,0.0,0.0
2024-09-05 10:00:00+09:00,22500.0,22750.0,22500.0,22650.0,1806,0.0,0.0
2024-09-05 10:05:00+09:00,22650.0,22650.0,22500.0,22650.0,2142,0.0,0.0
2024-09-05 10:10:00+09:00,22500.0,22550.0,22400.0,22400.0,1646,0.0,0.0
2024-09-05 10:15:00+09:00,22450.0,22500.0,22250.0,22350.0,1776,0.0,0.0
2024-09-05 10:20:00+09:00,22250.0,22450.0,22250.0,22350.0,1343,0.0,0.0
2024-09-05 10:25:00+09:00,22350.0,22700.0,22350.0,22700.0,1241,0.0,0.0
2024-09-05 10:30:00+09:00,22550.0,22600.0,22450.0,22550.0,324,0.0,0.0
2024-09-05 10:35:00+09:00,22450.0,22500.0,22450.0,22450.0,483,0.0,0.0
2024-09-05 10:40:00+09:00,22450.0,22450.0,22250.0,22300.0,1643,0.0,0.0
2024-09-05 10:45:00+09:00,22300.0,22700.0,22100.0,22250.0,3834,0.0,0.0
2024-09-05 10:50:00+09:00,22250.0,22450.0,21750.0,22050.0,6474,0.0,0.0
2024-09-05 10:55:00+09:00,21900.0,21900.0,21250.0,21350.0,9292,0.0,0.0
2024-09-05 11:00:00+09:00,21300.0,21500.0,21100.0,21100.0,6725,0.0,0.0
2024-09-05 11:05:00+09:00,21100.0,21250.0,20350.0,20650.0,7682,0.0,0.0
2024-09-05 11:10:00+09:00,20800.0,21200.0,20700.0,21000.0,7476,0.0,0.0
2024-09-05 11:15:00+09:00,21000.0,21100.0,20500.0,20500.0,7496,0.0,0.0
2024-09-05 11:20:00+09:00,20550.0,20850.0,20100.0,20550.0,7587,0.0,0.0
2024-09-05 11:25:00+09:00,20500.0,20550.0,20400.0,20500.0,3595,0.0,0.0
2024-09-05 11:30:00+09:00,20500.0,20950.0,20400.0,20750.0,4766,0.0,0.0
2024-09-05 11:35:00+09:00,20750.0,21050.0,20700.0,21050.0,3152,0.0,0.0
2024-09-05 11:40:00+09:00,21050.0,21050.0,20800.0,20850.0,2482,0.0,0.0
2024-09-05 11:45:00+09:00,20850.0,21000.0,20750.0,20950.0,1207,0.0,0.0
2024-09-05 11:50:00+09:00,20900.0,21000.0,20850.0,20900.0,722,0.0,0.0
2024-09-05 11:55:00+09:00,20900.0,21000.0,20900.0,21000.0,995,0.0,0.0
2024-09-05 12:00:00+09:00,21050.0,21100.0,20900.0,21000.0,1341,0.0,0.0
2024-09-05 12:05:00+09:00,20950.0,21100.0,20900.0,20900.0,1782,0.0,0.0
2024-09-05 12:10:00+09:00,20900.0,20950.0,20750.0,20800.0,2963,0.0,0.0
2024-09-05 12:15:00+09:00,20700.0,20700.0,20550.0,20600.0,2350,0.0,0.0
2024-09-05 12:20:00+09:00,20600.0,20650.0,20500.0,20600.0,2638,0.0,0.0
2024-09-05 12:25:00+09:00,20600.0,20600.0,20050.0,20200.0,13405,0.0,0.0
2024-09-05 12:30:00+09:00,20200.0,20250.0,20000.0,20200.0,3118,0.0,0.0
2024-09-05 12:35:00+09:00,20200.0,20200.0,20000.0,20100.0,3330,0.0,0.0
2024-09-05 12:40:00+09:00,20100.0,20250.0,20050.0,20100.0,2944,0.0,0.0
2024-09-05 12:45:00+09:00,20100.0,20250.0,20100.0,20250.0,295,0.0,0.0
2024-09-05 12:50:00+09:00,20250.0,20250.0,20050.0,20050.0,2424,0.0,0.0
2024-09-05 12:55:00+09:00,20050.0,20250.0,20000.0,20150.0,1958,0.0,0.0
2024-09-05 13:00:00+09:00,20200.0,20300.0,20200.0,20300.0,1205,0.0,0.0
2024-09-05 13:05:00+09:00,20300.0,20400.0,20200.0,20400.0,1622,0.0,0.0
2024-09-05 13:10:00+09:00,20450.0,20500.0,20350.0,20500.0,1038,0.0,0.0
2024-09-05 13:15:00+09:00,20500.0,20650.0,20450.0,20550.0,1961,0.0,0.0
2024-09-05 13:20:00+09:00,20450.0,20650.0,20300.0,20650.0,1213,0.0,0.0
2024-09-05 13:25:00+09:00,20600.0,20600.0,20350.0,20350.0,278,0.0,0.0
2024-09-05 13:30:00+09:00,20350.0,20650.0,20350.0,20350.0,2048,0.0,0.0
2024-09-05 13:35:00+09:00,20350.0,20450.0,20150.0,20150.0,2758,0.0,0.0
2024-09-05 13:40:00+09:00,20200.0,20200.0,20150.0,20200.0,1387,0.0,0.0
2024-09-05 13:45:00+09:00,20200.0,20300.0,19700.0,19800.0,26521,0.0,0.0
2024-09-05 13:50:00+09:00,19790.0,20000.0,19790.0,19850.0,4164,0.0,0.0
2024-09-05 13:55:00+09:00,19830.0,19830.0,19560.0,19570.0,5015,0.0,0.0
2024-09-05 14:00:00+09:00,19330.0,19490.0,19120.0,19280.0,11616,0.0,0.0
2024-09-05 14:05:00+09:00,19210.0,19340.0,19190.0,19340.0,1392,0.0,0.0
2024-09-05 14:10:00+09:00,19290.0,19740.0,19220.0,19740.0,3043,0.0,0.0
2024-09-05 14:15:00+09:00,19740.0,19790.0,19660.0,19670.0,3564,0.0,0.0
2024-09-05 14:20:00+09:00,19770.0,19780.0,19610.0,19610.0,613,0.0,0.0
2024-09-05 14:25:00+09:00,19610.0,19690.0,19610.0,19650.0,679,0.0,0.0
2024-09-05 14:30:00+09:00,19700.0,19870.0,19660.0,19870.0,2162,0.0,0.0
2024-09-05 14:35:00+09:00,19870.0,20050.0,19800.0,19980.0,3441,0.0,0.0
2024-09-05 14:40:00+09:00,19980.0,20000.0,19770.0,19950.0,2078,0.0,0.0
2024-09-05 14:45:00+09:00,19950.0,20000.0,19890.0,19970.0,703,0.0,0.0
2024-09-05 14:50:00+09:00,19970.0,19970.0,19820.0,19820.0,1807,0.0,0.0
2024-09-05 14:55:00+09:00,19830.0,19870.0,19820.0,19860.0,700,0.0,0.0
2024-09-06 09:00:00+09:00,20500.0,20500.0,19440.0,19680.0,6315,0.0,0.0
2024-09-06 09:05:00+09:00,19680.0,20000.0,19200.0,19540.0,8277,0.0,0.0
2024-09-06 09:10:00+09:00,19300.0,19500.0,19170.0,19190.0,6121,0.0,0.0
2024-09-06 09:15:00+09:00,19170.0,19190.0,18460.0,18460.0,17533,0.0,0.0
2024-09-06 09:20:00+09:00,18340.0,18580.0,17600.0,18320.0,25004,0.0,0.0
2024-09-06 09:25:00+09:00,18310.0,18310.0,17570.0,17570.0,17771,0.0,0.0
2024-09-06 09:30:00+09:00,17570.0,18000.0,17550.0,17580.0,14092,0.0,0.0
2024-09-06 09:35:00+09:00,17570.0,17580.0,17250.0,17480.0,15871,0.0,0.0
2024-09-06 09:40:00+09:00,17450.0,17480.0,16850.0,16950.0,25671,0.0,0.0
2024-09-06 09:45:00+09:00,16950.0,17100.0,16700.0,16700.0,10840,0.0,0.0
2024-09-06 09:50:00+09:00,16700.0,17110.0,16690.0,17110.0,10838,0.0,0.0
2024-09-06 09:55:00+09:00,17110.0,17210.0,16890.0,17040.0,8948,0.0,0.0
2024-09-06 10:00:00+09:00,17030.0,17030.0,16520.0,16520.0,13722,0.0,0.0
2024-09-06 10:05:00+09:00,16530.0,16700.0,16500.0,16650.0,12862,0.0,0.0
2024-09-06 10:10:00+09:00,16690.0,16830.0,16600.0,16600.0,5311,0.0,0.0
2024-09-06 10:15:00+09:00,16610.0,16830.0,16600.0,16800.0,3730,0.0,0.0
2024-09-06 10:20:00+09:00,16810.0,16950.0,16660.0,16950.0,5512,0.0,0.0
2024-09-06 10:25:00+09:00,16950.0,16960.0,16760.0,16890.0,3213,0.0,0.0
2024-09-06 10:30:00+09:00,16890.0,16890.0,16560.0,16560.0,7288,0.0,0.0
2024-09-06 10:35:00+09:00,16570.0,16700.0,16520.0,16690.0,7755,0.0,0.0
2024-09-06 10:40:00+09:00,16640.0,16830.0,16550.0,16790.0,7218,0.0,0.0
2024-09-06 10:45:00+09:00,16790.0,16900.0,16580.0,16900.0,3129,0.0,0.0
2024-09-06 10:50:00+09:00,16900.0,16950.0,16900.0,16910.0,2647,0.0,0.0
2024-09-06 10:55:00+09:00,16920.0,16920.0,16710.0,16760.0,4782,0.0,0.0
2024-09-06 11:00:00+09:00,16760.0,16810.0,16700.0,16810.0,1006,0.0,0.0
2024-09-06 11:05:00+09:00,16800.0,16850.0,16770.0,16800.0,665,0.0,0.0
2024-09-06 11:10:00+09:00,16800.0,16800.0,16720.0,16730.0,1679,0.0,0.0
2024-09-06 11:15:00+09:00,16730.0,16730.0,16630.0,16660.0,4433,0.0,0.0
2024-09-06 11:20:00+09:00,16640.0,16690.0,16630.0,16630.0,2696,0.0,0.0
2024-09-06 11:25:00+09:00,16670.0,16730.0,16620.0,16730.0,1883,0.0,0.0
2024-09-06 11:30:00+09:00,16720.0,16810.0,16680.0,16810.0,392,0.0,0.0
2024-09-06 11:35:00+09:00,16810.0,16810.0,16650.0,16660.0,1562,0.0,0.0
2024-09-06 11:40:00+09:00,16660.0,16660.0,16640.0,16650.0,1641,0.0,0.0
2024-09-06 11:45:00+09:00,16650.0,16670.0,16640.0,16650.0,330,0.0,0.0
2024-09-06 11:50:00+09:00,16650.0,16680.0,16640.0,16670.0,844,0.0,0.0
2024-09-06 11:55:00+09:00,16670.0,16730.0,16650.0,16670.0,638,0.0,0.0
2024-09-06 12:00:00+09:00,16690.0,16690.0,16660.0,16680.0,278,0.0,0.0
2024-09-06 12:05:00+09:00,16690.0,16860.0,16680.0,16810.0,1223,0.0,0.0
2024-09-06 12:10:00+09:00,16810.0,16850.0,16770.0,16850.0,646,0.0,0.0
2024-09-06 12:15:00+09:00,16810.0,16860.0,16800.0,16800.0,902,0.0,0.0
2024-09-06 12:20:00+09:00,16800.0,16800.0,16770.0,16780.0,1568,0.0,0.0
2024-09-06 12:25:00+09:00,16780.0,16780.0,16750.0,16760.0,897,0.0,0.0
2024-09-06 12:30:00+09:00,16760.0,16770.0,16720.0,16750.0,824,0.0,0.0
2024-09-06 12:35:00+09:00,16750.0,16760.0,16710.0,16760.0,912,0.0,0.0
2024-09-06 12:40:00+09:00,16770.0,16930.0,16750.0,16920.0,1903,0.0,0.0
2024-09-06 12:45:00+09:00,16900.0,16930.0,16890.0,16890.0,1378,0.0,0.0
2024-09-06 12:50:00+09:00,16900.0,17000.0,16890.0,16980.0,1543,0.0,0.0
2024-09-06 12:55:00+09:00,16990.0,17000.0,16830.0,16830.0,2067,0.0,0.0
2024-09-06 13:00:00+09:00,16830.0,16830.0,16740.0,16740.0,649,0.0,0.0
2024-09-06 13:05:00+09:00,16750.0,16750.0,16700.0,16730.0,1264,0.0,0.0
2024-09-06 13:10:00+09:00,16730.0,16730.0,16680.0,16680.0,1316,0.0,0.0
2024-09-06 13:15:00+09:00,16680.0,16690.0,16660.0,16670.0,1230,0.0,0.0
2024-09-06 13:20:00+09:00,16670.0,16860.0,16660.0,16830.0,1679,0.0,0.0
2024-09-06 13:25:00+09:00,16820.0,16870.0,16810.0,16830.0,971,0.0,0.0
2024-09-06 13:30:00+09:00,16830.0,16870.0,16800.0,16870.0,485,0.0,0.0
2024-09-06 13:35:00+09:00,16870.0,16950.0,16870.0,16920.0,659,0.0,0.0
2024-09-06 13:40:00+09:00,16900.0,16960.0,16900.0,16950.0,755,0.0,0.0
2024-09-06 13:45:00+09:00,16940.0,16940.0,16900.0,16910.0,1206,0.0,0.0
2024-09-06 13:50:00+09:00,16910.0,17060.0,16910.0,16990.0,2827,0.0,0.0
2024-09-06 13:55:00+09:00,17010.0,17050.0,16920.0,16920.0,1875,0.0,0.0
2024-09-06 14:00:00+09:00,16920.0,16950.0,16900.0,16920.0,1458,0.0,0.0
2024-09-06 14:05:00+09:00,16920.0,16940.0,16830.0,16830.0,2262,0.0,0.0
2024-09-06 14:10:00+09:00,16830.0,16850.0,16800.0,16800.0,448,0.0,0.0
2024-09-06 14:15:00+09:00,16800.0,16850.0,16700.0,16810.0,1378,0.0,0.0
2024-09-06 14:20:00+09:00,16810.0,16850.0,16650.0,16650.0,3378,0.0,0.0
2024-09-06 14:25:00+09:00,16660.0,16840.0,16660.0,16810.0,830,0.0,0.0
2024-09-06 14:30:00+09:00,16770.0,16810.0,16690.0,16750.0,1669,0.0,0.0
2024-09-06 14:35:00+09:00,16750.0,16800.0,16690.0,16740.0,2232,0.0,0.0
2024-09-06 14:40:00+09:00,16720.0,16760.0,16720.0,16730.0,681,0.0,0.0
2024-09-06 14:45:00+09:00,16730.0,16830.0,16730.0,16830.0,1600,0.0,0.0
2024-09-06 14:50:00+09:00,16820.0,16910.0,16800.0,16900.0,1154,0.0,0.0
2024-09-06 14:55:00+09:00,16910.0,17000.0,16890.0,16970.0,3361,0.0,0.0
2024-09-09 09:00:00+09:00,16020.0,16570.0,15700.0,16320.0,0,0.0,0.0
2024-09-09 09:05:00+09:00,16320.0,16550.0,15600.0,16450.0,3858,0.0,0.0
2024-09-09 09:10:00+09:00,16560.0,16560.0,16410.0,16470.0,776,0.0,0.0
2024-09-09 09:15:00+09:00,16440.0,16440.0,16330.0,16330.0,1659,0.0,0.0
2024-09-09 09:20:00+09:00,16330.0,16340.0,16200.0,16210.0,1255,0.0,0.0
2024-09-09 09:25:00+09:00,16300.0,16540.0,16300.0,16430.0,2089,0.0,0.0
2024-09-09 09:30:00+09:00,16420.0,16540.0,16350.0,16400.0,2843,0.0,0.0
2024-09-09 09:35:00+09:00,16400.0,16400.0,16380.0,16390.0,674,0.0,0.0
2024-09-09 09:40:00+09:00,16390.0,16530.0,16390.0,16450.0,237,0.0,0.0
2024-09-09 09:45:00+09:00,16450.0,16450.0,16210.0,16220.0,4758,0.0,0.0
2024-09-09 09:50:00+09:00,16230.0,16750.0,16200.0,16490.0,3697,0.0,0.0
2024-09-09 09:55:00+09:00,16500.0,16500.0,16290.0,16290.0,869,0.0,0.0
2024-09-09 10:00:00+09:00,16280.0,16390.0,16230.0,16280.0,1078,0.0,0.0
2024-09-09 10:05:00+09:00,16280.0,16390.0,16260.0,16390.0,218,0.0,0.0
2024-09-09 10:10:00+09:00,16320.0,16350.0,16240.0,16350.0,456,0.0,0.0
2024-09-09 10:15:00+09:00,16320.0,16350.0,16260.0,16280.0,124,0.0,0.0
2024-09-09 10:20:00+09:00,16350.0,16350.0,16300.0,16330.0,96,0.0,0.0
2024-09-09 10:25:00+09:00,16340.0,16480.0,16330.0,16400.0,196,0.0,0.0
2024-09-09 10:30:00+09:00,16400.0,16490.0,16330.0,16490.0,102,0.0,0.0
2024-09-09 10:35:00+09:00,16490.0,16490.0,16430.0,16430.0,173,0.0,0.0
2024-09-09 10:40:00+09:00,16400.0,16450.0,16400.0,16450.0,32,0.0,0.0
2024-09-09 10:45:00+09:00,16440.0,16480.0,16440.0,16480.0,230,0.0,0.0
2024-09-09 10:50:00+09:00,16480.0,16550.0,16420.0,16540.0,117,0.0,0.0
2024-09-09 10:55:00+09:00,16550.0,16670.0,16510.0,16640.0,693,0.0,0.0
2024-09-09 11:00:00+09:00,16630.0,16630.0,16500.0,16530.0,411,0.0,0.0
2024-09-09 11:05:00+09:00,16540.0,16540.0,16490.0,16500.0,530,0.0,0.0
2024-09-09 11:10:00+09:00,16500.0,16500.0,16450.0,16490.0,127,0.0,0.0
2024-09-09 11:15:00+09:00,16450.0,16550.0,16450.0,16550.0,95,0.0,0.0
2024-09-09 11:20:00+09:00,16500.0,16550.0,16500.0,16500.0,200,0.0,0.0
2024-09-09 11:25:00+09:00,16550.0,16590.0,16510.0,16570.0,358,0.0,0.0
2024-09-09 11:30:00+09:00,16570.0,16590.0,16550.0,16590.0,109,0.0,0.0
2024-09-09 11:35:00+09:00,16570.0,16590.0,16560.0,16580.0,78,0.0,0.0
2024-09-09 11:40:00+09:00,16550.0,16570.0,16520.0,16540.0,298,0.0,0.0
2024-09-09 11:45:00+09:00,16540.0,16570.0,16500.0,16500.0,735,0.0,0.0
2024-09-09 11:50:00+09:00,16550.0,16550.0,16400.0,16450.0,1804,0.0,0.0
2024-09-09 11:55:00+09:00,16400.0,16450.0,16400.0,16450.0,0,0.0,0.0
2024-09-09 12:00:00+09:00,16420.0,16520.0,16410.0,16520.0,157,0.0,0.0
2024-09-09 12:05:00+09:00,16450.0,16520.0,16420.0,16520.0,309,0.0,0.0
2024-09-09 12:10:00+09:00,16420.0,16420.0,16360.0,16400.0,1162,0.0,0.0
2024-09-09 12:15:00+09:00,16420.0,16540.0,16420.0,16480.0,795,0.0,0.0
2024-09-09 12:20:00+09:00,16450.0,16450.0,16400.0,16400.0,144,0.0,0.0
2024-09-09 12:25:00+09:00,16480.0,16480.0,16410.0,16410.0,575,0.0,0.0
2024-09-09 12:30:00+09:00,16410.0,16410.0,16400.0,16400.0,348,0.0,0.0
2024-09-09 12:35:00+09:00,16420.0,16420.0,16410.0,16420.0,117,0.0,0.0
2024-09-09 12:40:00+09:00,16420.0,16420.0,16420.0,16420.0,43,0.0,0.0
2024-09-09 12:45:00+09:00,16420.0,16420.0,16420.0,16420.0,837,0.0,0.0
2024-09-09 12:50:00+09:00,16420.0,16460.0,16420.0,16450.0,93,0.0,0.0
2024-09-09 12:55:00+09:00,16440.0,16440.0,16380.0,16380.0,599,0.0,0.0
2024-09-09 13:00:00+09:00,16390.0,16430.0,16380.0,16380.0,999,0.0,0.0
2024-09-09 13:05:00+09:00,16390.0,16390.0,16370.0,16370.0,0,0.0,0.0
2024-09-09 13:10:00+09:00,16370.0,16460.0,16370.0,16430.0,66,0.0,0.0
2024-09-09 13:15:00+09:00,16430.0,16430.0,16420.0,16420.0,38,0.0,0.0
2024-09-09 13:20:00+09:00,16430.0,16540.0,16430.0,16450.0,354,0.0,0.0
2024-09-09 13:25:00+09:00,16490.0,16540.0,16490.0,16500.0,134,0.0,0.0
2024-09-09 13:30:00+09:00,16540.0,16540.0,16490.0,16490.0,49,0.0,0.0
2024-09-09 13:35:00+09:00,16500.0,16540.0,16480.0,16540.0,134,0.0,0.0
2024-09-09 13:40:00+09:00,16540.0,16580.0,16500.0,16550.0,383,0.0,0.0
2024-09-09 13:45:00+09:00,16550.0,16730.0,16550.0,16570.0,427,0.0,0.0
2024-09-09 13:50:00+09:00,16610.0,16730.0,16610.0,16630.0,1426,0.0,0.0
2024-09-09 13:55:00+09:00,16630.0,16780.0,16630.0,16750.0,1395,0.0,0.0
2024-09-09 14:00:00+09:00,16750.0,16920.0,16710.0,16920.0,1641,0.0,0.0
2024-09-09 14:05:00+09:00,16860.0,16910.0,16750.0,16820.0,1467,0.0,0.0
2024-09-09 14:10:00+09:00,16820.0,16840.0,16810.0,16810.0,1222,0.0,0.0
2024-09-09 14:15:00+09:00,16810.0,16810.0,16770.0,16770.0,90,0.0,0.0
2024-09-09 14:20:00+09:00,16770.0,16800.0,16770.0,16800.0,131,0.0,0.0
2024-09-09 14:25:00+09:00,16800.0,16800.0,16800.0,16800.0,58,0.0,0.0
2024-09-09 14:30:00+09:00,16800.0,16820.0,16800.0,16820.0,125,0.0,0.0
2024-09-09 14:35:00+09:00,16820.0,16820.0,16800.0,16810.0,68,0.0,0.0
2024-09-09 14:40:00+09:00,16830.0,16840.0,16810.0,16810.0,177,0.0,0.0
2024-09-09 14:45:00+09:00,16810.0,16810.0,16670.0,16740.0,1965,0.0,0.0
2024-09-09 14:50:00+09:00,16740.0,16740.0,16700.0,16700.0,458,0.0,0.0
2024-09-09 14:55:00+09:00,16710.0,16720.0,16660.0,16670.0,845,0.0,0.0
2024-09-10 09:00:00+09:00,16650.0,16840.0,16500.0,16790.0,1867,0.0,0.0
2024-09-10 09:05:00+09:00,16560.0,16560.0,16440.0,16440.0,1191,0.0,0.0
2024-09-10 09:10:00+09:00,16440.0,16490.0,16300.0,16490.0,3108,0.0,0.0
2024-09-10 09:15:00+09:00,16370.0,16500.0,16330.0,16460.0,477,0.0,0.0
2024-09-10 09:20:00+09:00,16450.0,16480.0,16350.0,16420.0,483,0.0,0.0
2024-09-10 09:25:00+09:00,16420.0,16440.0,16420.0,16440.0,390,0.0,0.0
2024-09-10 09:30:00+09:00,16440.0,16450.0,16400.0,16410.0,794,0.0,0.0
2024-09-10 09:35:00+09:00,16410.0,16410.0,16330.0,16340.0,1408,0.0,0.0
2024-09-10 09:40:00+09:00,16380.0,16410.0,16330.0,16330.0,596,0.0,0.0
2024-09-10 09:45:00+09:00,16330.0,16400.0,16250.0,16330.0,745,0.0,0.0
2024-09-10 09:50:00+09:00,16340.0,16410.0,16250.0,16260.0,671,0.0,0.0
2024-09-10 09:55:00+09:00,16300.0,16690.0,16260.0,16260.0,2140,0.0,0.0
2024-09-10 10:00:00+09:00,16400.0,16590.0,16400.0,16500.0,29,0.0,0.0
2024-09-10 10:05:00+09:00,16450.0,16580.0,16400.0,16570.0,176,0.0,0.0
2024-09-10 10:10:00+09:00,16570.0,16590.0,16500.0,16590.0,183,0.0,0.0
2024-09-10 10:15:00+09:00,16590.0,16590.0,16550.0,16550.0,55,0.0,0.0
2024-09-10 10:20:00+09:00,16510.0,16550.0,16510.0,16550.0,98,0.0,0.0
2024-09-10 10:25:00+09:00,16560.0,16650.0,16550.0,16640.0,948,0.0,0.0
2024-09-10 10:30:00+09:00,16640.0,16640.0,16590.0,16590.0,1435,0.0,0.0
2024-09-10 10:35:00+09:00,16600.0,16600.0,16500.0,16500.0,129,0.0,0.0
2024-09-10 10:40:00+09:00,16500.0,16570.0,16460.0,16510.0,495,0.0,0.0
2024-09-10 10:45:00+09:00,16550.0,16560.0,16550.0,16560.0,50,0.0,0.0
2024-09-10 10:50:00+09:00,16510.0,16560.0,16510.0,16510.0,165,0.0,0.0
2024-09-10 10:55:00+09:00,16560.0,16560.0,16510.0,16510.0,0,0.0,0.0
2024-09-10 11:00:00+09:00,16540.0,16540.0,16470.0,16470.0,508,0.0,0.0
2024-09-10 11:05:00+09:00,16460.0,16460.0,16400.0,16400.0,1196,0.0,0.0
2024-09-10 11:10:00+09:00,16400.0,16400.0,16310.0,16330.0,585,0.0,0.0
2024-09-10 11:15:00+09:00,16310.0,16330.0,16310.0,16330.0,92,0.0,0.0
2024-09-10 11:20:00+09:00,16330.0,16370.0,16310.0,16370.0,256,0.0,0.0
2024-09-10 11:25:00+09:00,16330.0,16330.0,16290.0,16290.0,93,0.0,0.0
2024-09-10 11:30:00+09:00,16300.0,16340.0,16300.0,16340.0,314,0.0,0.0
2024-09-10 11:35:00+09:00,16340.0,16480.0,16310.0,16310.0,155,0.0,0.0
2024-09-10 11:40:00+09:00,16310.0,16360.0,16310.0,16310.0,69,0.0,0.0
2024-09-10 11:45:00+09:00,16310.0,16310.0,16310.0,16310.0,0,0.0,0.0
2024-09-10 11:50:00+09:00,16330.0,16350.0,16300.0,16350.0,463,0.0,0.0
2024-09-10 11:55:00+09:00,16350.0,16350.0,16350.0,16350.0,1,0.0,0.0
2024-09-10 12:00:00+09:00,16350.0,16350.0,16350.0,16350.0,14,0.0,0.0
2024-09-10 12:05:00+09:00,16350.0,16350.0,16350.0,16350.0,6,0.0,0.0
2024-09-10 12:10:00+09:00,16350.0,16350.0,16340.0,16340.0,12,0.0,0.0
2024-09-10 12:15:00+09:00,16340.0,16340.0,16310.0,16320.0,43,0.0,0.0
2024-09-10 12:20:00+09:00,16330.0,16390.0,16330.0,16390.0,3,0.0,0.0
2024-09-10 12:25:00+09:00,16390.0,16390.0,16350.0,16350.0,101,0.0,0.0
2024-09-10 12:30:00+09:00,16360.0,16360.0,16310.0,16310.0,77,0.0,0.0
2024-09-10 12:35:00+09:00,16310.0,16310.0,16300.0,16300.0,342,0.0,0.0
2024-09-10 12:40:00+09:00,16300.0,16340.0,16300.0,16340.0,0,0.0,0.0
2024-09-10 12:45:00+09:00,16340.0,16360.0,16340.0,16360.0,22,0.0,0.0
2024-09-10 12:50:00+09:00,16350.0,16350.0,16340.0,16340.0,591,0.0,0.0
2024-09-10 12:55:00+09:00,16340.0,16360.0,16300.0,16360.0,140,0.0,0.0
2024-09-10 13:00:00+09:00,16370.0,16370.0,16320.0,16370.0,6,0.0,0.0
2024-09-10 13:05:00+09:00,16350.0,16350.0,16300.0,16300.0,143,0.0,0.0
2024-09-10 13:10:00+09:00,16300.0,16300.0,16240.0,16240.0,955,0.0,0.0
2024-09-10 13:15:00+09:00,16290.0,16290.0,16290.0,16290.0,18,0.0,0.0
2024-09-10 13:20:00+09:00,16290.0,16290.0,16290.0,16290.0,316,0.0,0.0
2024-09-10 13:25:00+09:00,16290.0,16290.0,16290.0,16290.0,325,0.0,0.0
2024-09-10 13:30:00+09:00,16290.0,16290.0,16270.0,16270.0,0,0.0,0.0
2024-09-10 13:35:00+09:00,16270.0,16270.0,16200.0,16250.0,685,0.0,0.0
2024-09-10 13:40:00+09:00,16260.0,16270.0,16250.0,16250.0,28,0.0,0.0
2024-09-10 13:45:00+09:00,16300.0,16300.0,16240.0,16240.0,1112,0.0,0.0
2024-09-10 13:50:00+09:00,16300.0,16360.0,16190.0,16190.0,2223,0.0,0.0
2024-09-10 13:55:00+09:00,16250.0,16260.0,16210.0,16210.0,0,0.0,0.0
2024-09-10 14:00:00+09:00,16260.0,16300.0,16190.0,16300.0,126,0.0,0.0
2024-09-10 14:05:00+09:00,16200.0,16250.0,16200.0,16250.0,0,0.0,0.0
2024-09-10 14:10:00+09:00,16250.0,16250.0,16250.0,16250.0,81,0.0,0.0
2024-09-10 14:15:00+09:00,16250.0,16300.0,16180.0,16190.0,401,0.0,0.0
2024-09-10 14:20:00+09:00,16220.0,16220.0,16200.0,16200.0,0,0.0,0.0
2024-09-10 14:25:00+09:00,16200.0,16200.0,16200.0,16200.0,209,0.0,0.0
2024-09-10 14:30:00+09:00,16200.0,16250.0,16200.0,16250.0,0,0.0,0.0
2024-09-10 14:35:00+09:00,16250.0,16250.0,16250.0,16250.0,137,0.0,0.0
2024-09-10 14:40:00+09:00,16260.0,16260.0,16210.0,16210.0,285,0.0,0.0
2024-09-10 14:45:00+09:00,16210.0,16260.0,16210.0,16210.0,150,0.0,0.0
2024-09-10 14:50:00+09:00,16210.0,16400.0,16200.0,16400.0,1264,0.0,0.0
2024-09-10 14:55:00+09:00,16400.0,16400.0,16300.0,16300.0,27,0.0,0.0
2024-09-11 09:00:00+09:00,16320.0,16580.0,16320.0,16500.0,1069,0.0,0.0
2024-09-11 09:05:00+09:00,16490.0,16590.0,16350.0,16580.0,1436,0.0,0.0
2024-09-11 09:10:00+09:00,16410.0,16670.0,16410.0,16580.0,1165,0.0,0.0
2024-09-11 09:15:00+09:00,16630.0,16680.0,16520.0,16660.0,3185,0.0,0.0
2024-09-11 09:20:00+09:00,16660.0,17050.0,16660.0,16980.0,5173,0.0,0.0
2024-09-11 09:25:00+09:00,16950.0,17100.0,16800.0,17010.0,3093,0.0,0.0
2024-09-11 09:30:00+09:00,17100.0,17900.0,17010.0,17350.0,9124,0.0,0.0
2024-09-11 09:35:00+09:00,17350.0,17580.0,17220.0,17530.0,3802,0.0,0.0
2024-09-11 09:40:00+09:00,17580.0,17950.0,17580.0,17950.0,4724,0.0,0.0
2024-09-11 09:45:00+09:00,17990.0,18440.0,17820.0,18190.0,27583,0.0,0.0
2024-09-11 09:50:00+09:00,18120.0,18190.0,17810.0,17830.0,5929,0.0,0.0
2024-09-11 09:55:00+09:00,17970.0,17970.0,17790.0,17790.0,1394,0.0,0.0
2024-09-11 10:00:00+09:00,17790.0,18090.0,17730.0,17730.0,4498,0.0,0.0
2024-09-11 10:05:00+09:00,17730.0,18000.0,17640.0,17900.0,4367,0.0,0.0
2024-09-11 10:10:00+09:00,17860.0,18090.0,17800.0,18090.0,3387,0.0,0.0
2024-09-11 10:15:00+09:00,17930.0,18040.0,17810.0,17840.0,1443,0.0,0.0
2024-09-11 10:20:00+09:00,17810.0,17840.0,17720.0,17720.0,733,0.0,0.0
2024-09-11 10:25:00+09:00,17720.0,17990.0,17710.0,17990.0,1946,0.0,0.0
2024-09-11 10:30:00+09:00,17970.0,18000.0,17760.0,17760.0,1872,0.0,0.0
2024-09-11 10:35:00+09:00,17720.0,17720.0,17400.0,17410.0,2299,0.0,0.0
2024-09-11 10:40:00+09:00,17420.0,17600.0,17380.0,17540.0,1216,0.0,0.0
2024-09-11 10:45:00+09:00,17550.0,17600.0,17480.0,17580.0,861,0.0,0.0
2024-09-11 10:50:00+09:00,17580.0,17770.0,17440.0,17770.0,728,0.0,0.0
2024-09-11 10:55:00+09:00,17770.0,17770.0,17540.0,17650.0,283,0.0,0.0
2024-09-11 11:00:00+09:00,17570.0,17670.0,17550.0,17570.0,1103,0.0,0.0
2024-09-11 11:05:00+09:00,17560.0,17640.0,17550.0,17550.0,1090,0.0,0.0
2024-09-11 11:10:00+09:00,17550.0,17580.0,17430.0,17580.0,864,0.0,0.0
2024-09-11 11:15:00+09:00,17580.0,17690.0,17580.0,17690.0,316,0.0,0.0
2024-09-11 11:20:00+09:00,17690.0,17690.0,17610.0,17640.0,59,0.0,0.0
2024-09-11 11:25:00+09:00,17690.0,17690.0,17400.0,17680.0,1103,0.0,0.0
2024-09-11 11:30:00+09:00,17680.0,17690.0,17530.0,17530.0,342,0.0,0.0
2024-09-11 11:35:00+09:00,17520.0,17590.0,17420.0,17450.0,815,0.0,0.0
2024-09-11 11:40:00+09:00,17500.0,17600.0,17440.0,17600.0,307,0.0,0.0
2024-09-11 11:45:00+09:00,17600.0,17600.0,17440.0,17440.0,425,0.0,0.0
2024-09-11 11:50:00+09:00,17440.0,17490.0,17430.0,17490.0,405,0.0,0.0
2024-09-11 11:55:00+09:00,17440.0,17540.0,17430.0,17540.0,347,0.0,0.0
2024-09-11 12:00:00+09:00,17440.0,17530.0,17210.0,17330.0,1498,0.0,0.0
2024-09-11 12:05:00+09:00,17300.0,17470.0,17300.0,17330.0,706,0.0,0.0
2024-09-11 12:10:00+09:00,17320.0,17390.0,17280.0,17290.0,108,0.0,0.0
2024-09-11 12:15:00+09:00,17280.0,17300.0,17230.0,17240.0,610,0.0,0.0
2024-09-11 12:20:00+09:00,17290.0,17400.0,17240.0,17390.0,541,0.0,0.0
2024-09-11 12:25:00+09:00,17390.0,17400.0,17250.0,17360.0,86,0.0,0.0
2024-09-11 12:30:00+09:00,17370.0,17370.0,17260.0,17260.0,373,0.0,0.0
2024-09-11 12:35:00+09:00,17260.0,17400.0,17260.0,17400.0,549,0.0,0.0
2024-09-11 12:40:00+09:00,17470.0,17540.0,17470.0,17530.0,269,0.0,0.0
2024-09-11 12:45:00+09:00,17520.0,17570.0,17520.0,17570.0,70,0.0,0.0
2024-09-11 12:50:00+09:00,17590.0,17640.0,17560.0,17640.0,213,0.0,0.0
2024-09-11 12:55:00+09:00,17640.0,17640.0,17560.0,17570.0,559,0.0,0.0
2024-09-11 13:00:00+09:00,17560.0,17570.0,17560.0,17560.0,187,0.0,0.0
2024-09-11 13:05:00+09:00,17570.0,17640.0,17530.0,17570.0,226,0.0,0.0
2024-09-11 13:10:00+09:00,17640.0,17640.0,17580.0,17620.0,183,0.0,0.0
2024-09-11 13:15:00+09:00,17620.0,17620.0,17580.0,17620.0,68,0.0,0.0
2024-09-11 13:20:00+09:00,17610.0,17610.0,17440.0,17440.0,417,0.0,0.0
2024-09-11 13:25:00+09:00,17480.0,17480.0,17370.0,17370.0,139,0.0,0.0
2024-09-11 13:30:00+09:00,17450.0,17450.0,17360.0,17440.0,472,0.0,0.0
2024-09-11 13:35:00+09:00,17430.0,17430.0,17300.0,17400.0,770,0.0,0.0
2024-09-11 13:40:00+09:00,17400.0,17400.0,17300.0,17300.0,380,0.0,0.0
2024-09-11 13:45:00+09:00,17300.0,17360.0,17290.0,17300.0,182,0.0,0.0
2024-09-11 13:50:00+09:00,17300.0,17400.0,17300.0,17390.0,185,0.0,0.0
2024-09-11 13:55:00+09:00,17320.0,17390.0,17320.0,17380.0,109,0.0,0.0
2024-09-11 14:00:00+09:00,17370.0,17380.0,17360.0,17360.0,86,0.0,0.0
2024-09-11 14:05:00+09:00,17360.0,17600.0,17360.0,17600.0,1515,0.0,0.0
2024-09-11 14:10:00+09:00,17550.0,17620.0,17450.0,17500.0,400,0.0,0.0
2024-09-11 14:15:00+09:00,17420.0,17420.0,17420.0,17420.0,50,0.0,0.0
2024-09-11 14:20:00+09:00,17410.0,17490.0,17370.0,17370.0,255,0.0,0.0
2024-09-11 14:25:00+09:00,17360.0,17360.0,17260.0,17260.0,635,0.0,0.0
2024-09-11 14:30:00+09:00,17260.0,17270.0,17210.0,17230.0,432,0.0,0.0
2024-09-11 14:35:00+09:00,17230.0,17270.0,17220.0,17220.0,456,0.0,0.0
2024-09-11 14:40:00+09:00,17230.0,17290.0,17100.0,17290.0,967,0.0,0.0
2024-09-11 14:45:00+09:00,17170.0,17400.0,17170.0,17390.0,432,0.0,0.0
2024-09-11 14:50:00+09:00,17390.0,17480.0,17240.0,17480.0,757,0.0,0.0
2024-09-11 14:55:00+09:00,17450.0,17590.0,17440.0,17590.0,1122,0.0,0.0
2024-09-12 09:00:00+09:00,17730.0,17980.0,17580.0,17720.0,2033,0.0,0.0
2024-09-12 09:05:00+09:00,17850.0,17980.0,17730.0,17780.0,911,0.0,0.0
2024-09-12 09:10:00+09:00,17820.0,17950.0,17740.0,17830.0,618,0.0,0.0
2024-09-12 09:15:00+09:00,17890.0,17960.0,17820.0,17820.0,1842,0.0,0.0
2024-09-12 09:20:00+09:00,17760.0,17890.0,17760.0,17890.0,1110,0.0,0.0
2024-09-12 09:25:00+09:00,17890.0,17890.0,17780.0,17810.0,349,0.0,0.0
2024-09-12 09:30:00+09:00,17810.0,17930.0,17810.0,17820.0,968,0.0,0.0
2024-09-12 09:35:00+09:00,17840.0,17890.0,17800.0,17890.0,996,0.0,0.0
2024-09-12 09:40:00+09:00,17900.0,17900.0,17710.0,17890.0,2232,0.0,0.0
2024-09-12 09:45:00+09:00,17830.0,17830.0,17780.0,17780.0,210,0.0,0.0
2024-09-12 09:50:00+09:00,17720.0,17740.0,17650.0,17650.0,670,0.0,0.0
2024-09-12 09:55:00+09:00,17650.0,17650.0,17590.0,17620.0,1206,0.0,0.0
2024-09-12 10:00:00+09:00,17600.0,17620.0,17550.0,17550.0,920,0.0,0.0
2024-09-12 10:05:00+09:00,17540.0,17610.0,17500.0,17610.0,279,0.0,0.0
2024-09-12 10:10:00+09:00,17510.0,17610.0,17510.0,17530.0,56,0.0,0.0
2024-09-12 10:15:00+09:00,17530.0,17610.0,17530.0,17600.0,22,0.0,0.0
2024-09-12 10:20:00+09:00,17580.0,17580.0,17520.0,17530.0,392,0.0,0.0
2024-09-12 10:25:00+09:00,17530.0,17530.0,17380.0,17380.0,1322,0.0,0.0
2024-09-12 10:30:00+09:00,17480.0,17530.0,17380.0,17530.0,621,0.0,0.0
2024-09-12 10:35:00+09:00,17570.0,17580.0,17300.0,17470.0,888,0.0,0.0
2024-09-12 10:40:00+09:00,17460.0,17460.0,17340.0,17350.0,109,0.0,0.0
2024-09-12 10:45:00+09:00,17350.0,17550.0,17350.0,17390.0,208,0.0,0.0
2024-09-12 10:50:00+09:00,17540.0,17540.0,17380.0,17500.0,228,0.0,0.0
2024-09-12 10:55:00+09:00,17500.0,17570.0,17500.0,17500.0,105,0.0,0.0
2024-09-12 11:00:00+09:00,17500.0,17610.0,17500.0,17610.0,130,0.0,0.0
2024-09-12 11:05:00+09:00,17610.0,17650.0,17580.0,17650.0,78,0.0,0.0
2024-09-12 11:10:00+09:00,17650.0,17700.0,17590.0,17600.0,110,0.0,0.0
2024-09-12 11:15:00+09:00,17620.0,17620.0,17600.0,17620.0,97,0.0,0.0
2024-09-12 11:20:00+09:00,17620.0,17710.0,17620.0,17650.0,87,0.0,0.0
2024-09-12 11:25:00+09:00,17650.0,17660.0,17650.0,17660.0,68,0.0,0.0
2024-09-12 11:30:00+09:00,17700.0,17700.0,17590.0,17590.0,214,0.0,0.0
2024-09-12 11:40:00+09:00,17600.0,17600.0,17600.0,17600.0,163,0.0,0.0
2024-09-12 11:45:00+09:00,17620.0,17700.0,17590.0,17700.0,175,0.0,0.0
2024-09-12 11:50:00+09:00,17700.0,17710.0,17690.0,17710.0,59,0.0,0.0
2024-09-12 11:55:00+09:00,17730.0,17740.0,17730.0,17740.0,72,0.0,0.0
2024-09-12 12:00:00+09:00,17750.0,17750.0,17750.0,17750.0,0,0.0,0.0
2024-09-12 12:05:00+09:00,17620.0,17720.0,17610.0,17720.0,266,0.0,0.0
2024-09-12 12:10:00+09:00,17720.0,17720.0,17700.0,17700.0,35,0.0,0.0
2024-09-12 12:15:00+09:00,17640.0,17650.0,17600.0,17650.0,32,0.0,0.0
2024-09-12 12:20:00+09:00,17700.0,17700.0,17620.0,17620.0,132,0.0,0.0
2024-09-12 12:25:00+09:00,17620.0,17700.0,17620.0,17700.0,2,0.0,0.0
2024-09-12 12:30:00+09:00,17700.0,17710.0,17700.0,17700.0,200,0.0,0.0
2024-09-12 12:35:00+09:00,17650.0,17790.0,17650.0,17790.0,77,0.0,0.0
2024-09-12 12:40:00+09:00,17790.0,17890.0,17720.0,17880.0,1736,0.0,0.0
2024-09-12 12:45:00+09:00,17880.0,17890.0,17780.0,17780.0,617,0.0,0.0
2024-09-12 12:50:00+09:00,17780.0,18250.0,17740.0,18020.0,5211,0.0,0.0
2024-09-12 12:55:00+09:00,18030.0,18500.0,18030.0,18160.0,12952,0.0,0.0
2024-09-12 13:00:00+09:00,18160.0,18400.0,17860.0,18190.0,7249,0.0,0.0
2024-09-12 13:05:00+09:00,18190.0,18260.0,18010.0,18180.0,1049,0.0,0.0
2024-09-12 13:10:00+09:00,18180.0,18180.0,17940.0,17960.0,3491,0.0,0.0
2024-09-12 13:15:00+09:00,17960.0,18070.0,17940.0,18030.0,478,0.0,0.0
2024-09-12 13:20:00+09:00,18020.0,18030.0,17890.0,17930.0,1628,0.0,0.0
2024-09-12 13:25:00+09:00,17920.0,18090.0,17850.0,18070.0,1767,0.0,0.0
2024-09-12 13:30:00+09:00,18020.0,18040.0,17930.0,17990.0,420,0.0,0.0
2024-09-12 13:35:00+09:00,17930.0,18060.0,17930.0,17930.0,356,0.0,0.0
2024-09-12 13:40:00+09:00,18000.0,18040.0,17940.0,18020.0,168,0.0,0.0
2024-09-12 13:45:00+09:00,17970.0,17970.0,17890.0,17890.0,512,0.0,0.0
2024-09-12 13:50:00+09:00,17940.0,17950.0,17840.0,17930.0,894,0.0,0.0
2024-09-12 13:55:00+09:00,17900.0,17960.0,17860.0,17930.0,602,0.0,0.0
2024-09-12 14:00:00+09:00,17930.0,17960.0,17900.0,17960.0,232,0.0,0.0
2024-09-12 14:05:00+09:00,17960.0,18390.0,17960.0,18170.0,3888,0.0,0.0
2024-09-12 14:10:00+09:00,18170.0,18320.0,18130.0,18130.0,2230,0.0,0.0
2024-09-12 14:15:00+09:00,18130.0,18230.0,18130.0,18170.0,1170,0.0,0.0
2024-09-12 14:20:00+09:00,18200.0,18230.0,18030.0,18030.0,1498,0.0,0.0
2024-09-12 14:25:00+09:00,18030.0,18100.0,18010.0,18040.0,1540,0.0,0.0
2024-09-12 14:30:00+09:00,18020.0,18020.0,18010.0,18010.0,159,0.0,0.0
2024-09-12 14:35:00+09:00,18020.0,18100.0,17990.0,18100.0,1669,0.0,0.0
2024-09-12 14:40:00+09:00,18100.0,18170.0,18050.0,18170.0,454,0.0,0.0
2024-09-12 14:45:00+09:00,18160.0,18170.0,18100.0,18170.0,890,0.0,0.0
2024-09-12 14:50:00+09:00,18220.0,18220.0,18150.0,18200.0,963,0.0,0.0
2024-09-12 14:55:00+09:00,18210.0,18210.0,18180.0,18210.0,670,0.0,0.0
2024-09-13 09:00:00+09:00,18380.0,18480.0,17820.0,17820.0,8819,0.0,0.0
2024-09-13 09:05:00+09:00,17810.0,18010.0,17800.0,18010.0,1887,0.0,0.0
2024-09-13 09:10:00+09:00,18020.0,18020.0,17850.0,17850.0,2544,0.0,0.0
2024-09-13 09:15:00+09:00,17850.0,18020.0,17850.0,17860.0,431,0.0,0.0
2024-09-13 09:20:00+09:00,17980.0,17980.0,17810.0,17820.0,1181,0.0,0.0
2024-09-13 09:25:00+09:00,17820.0,17890.0,17800.0,17800.0,740,0.0,0.0
2024-09-13 09:30:00+09:00,17810.0,17890.0,17810.0,17880.0,61,0.0,0.0
2024-09-13 09:35:00+09:00,17880.0,17880.0,17820.0,17820.0,108,0.0,0.0
2024-09-13 09:40:00+09:00,17820.0,17920.0,17820.0,17920.0,609,0.0,0.0
2024-09-13 09:45:00+09:00,17900.0,17900.0,17820.0,17860.0,775,0.0,0.0
2024-09-13 09:50:00+09:00,17860.0,17900.0,17850.0,17850.0,0,0.0,0.0
2024-09-13 09:55:00+09:00,17840.0,17840.0,17800.0,17800.0,879,0.0,0.0
2024-09-13 10:00:00+09:00,17800.0,17890.0,17800.0,17890.0,73,0.0,0.0
2024-09-13 10:05:00+09:00,17890.0,17890.0,17860.0,17860.0,234,0.0,0.0
2024-09-13 10:10:00+09:00,17860.0,17860.0,17850.0,17860.0,96,0.0,0.0
2024-09-13 10:15:00+09:00,17860.0,17860.0,17850.0,17850.0,509,0.0,0.0
2024-09-13 10:20:00+09:00,17890.0,17890.0,17850.0,17850.0,0,0.0,0.0
2024-09-13 10:25:00+09:00,17850.0,17860.0,17850.0,17860.0,269,0.0,0.0
2024-09-13 10:30:00+09:00,17860.0,17860.0,17810.0,17820.0,988,0.0,0.0
2024-09-13 10:35:00+09:00,17830.0,17830.0,17830.0,17830.0,89,0.0,0.0
2024-09-13 10:40:00+09:00,17850.0,17850.0,17850.0,17850.0,0,0.0,0.0
2024-09-13 10:45:00+09:00,17850.0,17850.0,17830.0,17830.0,1035,0.0,0.0
2024-09-13 10:50:00+09:00,17830.0,17860.0,17820.0,17860.0,0,0.0,0.0
2024-09-13 10:55:00+09:00,17860.0,17860.0,17820.0,17820.0,26,0.0,0.0
2024-09-13 11:00:00+09:00,17820.0,17820.0,17740.0,17740.0,1642,0.0,0.0
2024-09-13 11:05:00+09:00,17740.0,17740.0,17710.0,17730.0,181,0.0,0.0
2024-09-13 11:10:00+09:00,17780.0,17780.0,17730.0,17770.0,116,0.0,0.0
2024-09-13 11:15:00+09:00,17770.0,17770.0,17720.0,17740.0,116,0.0,0.0
2024-09-13 11:20:00+09:00,17730.0,17730.0,17670.0,17670.0,1203,0.0,0.0
2024-09-13 11:25:00+09:00,17670.0,17670.0,17660.0,17660.0,172,0.0,0.0
2024-09-13 11:30:00+09:00,17670.0,17670.0,17630.0,17640.0,107,0.0,0.0
2024-09-13 11:35:00+09:00,17640.0,17640.0,17640.0,17640.0,168,0.0,0.0
2024-09-13 11:40:00+09:00,17640.0,17740.0,17640.0,17740.0,31,0.0,0.0
2024-09-13 11:45:00+09:00,17650.0,17650.0,17640.0,17640.0,47,0.0,0.0
2024-09-13 11:50:00+09:00,17640.0,17640.0,17600.0,17620.0,873,0.0,0.0
2024-09-13 11:55:00+09:00,17620.0,17680.0,17610.0,17620.0,42,0.0,0.0
2024-09-13 12:00:00+09:00,17620.0,17620.0,17620.0,17620.0,64,0.0,0.0
2024-09-13 12:05:00+09:00,17630.0,17630.0,17630.0,17630.0,0,0.0,0.0
2024-09-13 12:10:00+09:00,17620.0,17640.0,17620.0,17640.0,103,0.0,0.0
2024-09-13 12:15:00+09:00,17630.0,17680.0,17620.0,17620.0,51,0.0,0.0
2024-09-13 12:25:00+09:00,17670.0,17670.0,17670.0,17670.0,0,0.0,0.0
2024-09-13 12:35:00+09:00,17670.0,17670.0,17630.0,17670.0,165,0.0,0.0
2024-09-13 12:40:00+09:00,17670.0,17700.0,17670.0,17700.0,289,0.0,0.0
2024-09-13 12:45:00+09:00,17700.0,17700.0,17700.0,17700.0,142,0.0,0.0
2024-09-13 12:50:00+09:00,17710.0,17710.0,17630.0,17630.0,345,0.0,0.0
2024-09-13 13:00:00+09:00,17640.0,17710.0,17640.0,17640.0,0,0.0,0.0
2024-09-13 13:05:00+09:00,17700.0,17700.0,17690.0,17690.0,121,0.0,0.0
2024-09-13 13:10:00+09:00,17690.0,17690.0,17670.0,17670.0,81,0.0,0.0
2024-09-13 13:15:00+09:00,17650.0,17650.0,17650.0,17650.0,198,0.0,0.0
2024-09-13 13:20:00+09:00,17650.0,17700.0,17650.0,17700.0,614,0.0,0.0
2024-09-13 13:25:00+09:00,17700.0,17700.0,17620.0,17620.0,668,0.0,0.0
2024-09-13 13:30:00+09:00,17700.0,17700.0,17600.0,17700.0,126,0.0,0.0
2024-09-13 13:35:00+09:00,17620.0,17730.0,17620.0,17730.0,19,0.0,0.0
2024-09-13 13:40:00+09:00,17650.0,17740.0,17630.0,17740.0,148,0.0,0.0
2024-09-13 13:45:00+09:00,17730.0,17730.0,17720.0,17720.0,117,0.0,0.0
2024-09-13 13:50:00+09:00,17720.0,17720.0,17670.0,17670.0,203,0.0,0.0
2024-09-13 13:55:00+09:00,17720.0,17750.0,17720.0,17720.0,252,0.0,0.0
2024-09-13 14:00:00+09:00,17740.0,17740.0,17450.0,17470.0,3751,0.0,0.0
2024-09-13 14:05:00+09:00,17460.0,17460.0,17310.0,17310.0,1991,0.0,0.0
2024-09-13 14:10:00+09:00,17310.0,17550.0,17300.0,17320.0,1697,0.0,0.0
2024-09-13 14:15:00+09:00,17310.0,17320.0,17080.0,17210.0,3824,0.0,0.0
2024-09-13 14:20:00+09:00,17170.0,17260.0,16980.0,17030.0,4925,0.0,0.0
2024-09-13 14:25:00+09:00,17030.0,17280.0,17030.0,17110.0,1872,0.0,0.0
2024-09-13 14:30:00+09:00,17120.0,17200.0,17100.0,17190.0,1811,0.0,0.0
2024-09-13 14:35:00+09:00,17200.0,17240.0,17130.0,17160.0,1413,0.0,0.0
2024-09-13 14:40:00+09:00,17150.0,17220.0,17120.0,17190.0,1753,0.0,0.0
2024-09-13 14:45:00+09:00,17190.0,17190.0,17120.0,17120.0,1739,0.0,0.0
2024-09-13 14:50:00+09:00,17120.0,17180.0,17110.0,17170.0,1566,0.0,0.0
2024-09-13 14:55:00+09:00,17170.0,17170.0,17110.0,17110.0,1557,0.0,0.0
2024-09-19 09:00:00+09:00,17120.0,17230.0,17090.0,17110.0,0,0.0,0.0
2024-09-19 09:05:00+09:00,17180.0,17200.0,16700.0,16750.0,3691,0.0,0.0
2024-09-19 09:10:00+09:00,16870.0,17100.0,16770.0,17100.0,752,0.0,0.0
2024-09-19 09:15:00+09:00,16850.0,16970.0,16850.0,16950.0,841,0.0,0.0
2024-09-19 09:20:00+09:00,17030.0,17030.0,16820.0,17000.0,582,0.0,0.0
2024-09-19 09:25:00+09:00,16980.0,17030.0,16860.0,17000.0,667,0.0,0.0
2024-09-19 09:30:00+09:00,17020.0,17020.0,16850.0,16880.0,659,0.0,0.0
2024-09-19 09:35:00+09:00,16870.0,16880.0,16800.0,16880.0,1082,0.0,0.0
2024-09-19 09:40:00+09:00,16810.0,16870.0,16810.0,16870.0,712,0.0,0.0
2024-09-19 09:45:00+09:00,16880.0,17000.0,16850.0,16970.0,1696,0.0,0.0
2024-09-19 09:50:00+09:00,16960.0,16960.0,16890.0,16890.0,41,0.0,0.0
2024-09-19 09:55:00+09:00,16890.0,16890.0,16890.0,16890.0,110,0.0,0.0
2024-09-19 10:00:00+09:00,16900.0,16920.0,16900.0,16910.0,53,0.0,0.0
2024-09-19 10:05:00+09:00,16910.0,16910.0,16830.0,16880.0,1327,0.0,0.0
2024-09-19 10:10:00+09:00,16880.0,16880.0,16820.0,16820.0,1282,0.0,0.0
2024-09-19 10:15:00+09:00,16820.0,16830.0,16820.0,16830.0,462,0.0,0.0
2024-09-19 10:20:00+09:00,16830.0,16830.0,16800.0,16800.0,374,0.0,0.0
2024-09-19 10:25:00+09:00,16800.0,16850.0,16800.0,16850.0,17,0.0,0.0
2024-09-19 10:30:00+09:00,16850.0,16860.0,16840.0,16840.0,128,0.0,0.0
2024-09-19 10:35:00+09:00,16840.0,16880.0,16810.0,16880.0,333,0.0,0.0
2024-09-19 10:40:00+09:00,16840.0,16950.0,16840.0,16930.0,63,0.0,0.0
2024-09-19 10:45:00+09:00,16930.0,16930.0,16860.0,16860.0,112,0.0,0.0
2024-09-19 10:50:00+09:00,16860.0,16890.0,16840.0,16840.0,239,0.0,0.0
2024-09-19 10:55:00+09:00,16890.0,16890.0,16890.0,16890.0,14,0.0,0.0
2024-09-19 11:00:00+09:00,16900.0,16960.0,16900.0,16960.0,167,0.0,0.0
2024-09-19 11:05:00+09:00,16960.0,16990.0,16950.0,16950.0,270,0.0,0.0
2024-09-19 11:10:00+09:00,16960.0,16960.0,16940.0,16950.0,216,0.0,0.0
2024-09-19 11:15:00+09:00,16950.0,16950.0,16920.0,16920.0,26,0.0,0.0
2024-09-19 11:20:00+09:00,16920.0,16920.0,16890.0,16920.0,1116,0.0,0.0
2024-09-19 11:25:00+09:00,16930.0,16940.0,16910.0,16910.0,76,0.0,0.0
2024-09-19 11:30:00+09:00,16910.0,16910.0,16910.0,16910.0,83,0.0,0.0
2024-09-19 11:35:00+09:00,16910.0,16930.0,16910.0,16910.0,139,0.0,0.0
2024-09-19 11:40:00+09:00,16900.0,16900.0,16890.0,16890.0,102,0.0,0.0
2024-09-19 11:45:00+09:00,16890.0,16890.0,16890.0,16890.0,0,0.0,0.0
2024-09-19 11:50:00+09:00,16890.0,16890.0,16870.0,16890.0,70,0.0,0.0
2024-09-19 11:55:00+09:00,16890.0,16890.0,16890.0,16890.0,404,0.0,0.0
2024-09-19 12:00:00+09:00,16930.0,16950.0,16930.0,16940.0,835,0.0,0.0
2024-09-19 12:05:00+09:00,16920.0,16920.0,16920.0,16920.0,100,0.0,0.0
2024-09-19 12:10:00+09:00,16920.0,16920.0,16920.0,16920.0,1,0.0,0.0
2024-09-19 12:15:00+09:00,16920.0,16920.0,16920.0,16920.0,35,0.0,0.0
2024-09-19 12:20:00+09:00,16920.0,16920.0,16890.0,16920.0,204,0.0,0.0
2024-09-19 12:25:00+09:00,16910.0,16910.0,16890.0,16890.0,123,0.0,0.0
2024-09-19 12:30:00+09:00,16890.0,16890.0,16880.0,16890.0,139,0.0,0.0
2024-09-19 12:35:00+09:00,16870.0,16870.0,16850.0,16850.0,254,0.0,0.0
2024-09-19 12:40:00+09:00,16880.0,16880.0,16860.0,16860.0,80,0.0,0.0
2024-09-19 12:45:00+09:00,16860.0,16890.0,16860.0,16860.0,112,0.0,0.0
2024-09-19 12:50:00+09:00,16890.0,16910.0,16890.0,16910.0,348,0.0,0.0
2024-09-19 12:55:00+09:00,16910.0,16910.0,16910.0,16910.0,39,0.0,0.0
2024-09-19 13:00:00+09:00,16910.0,16910.0,16910.0,16910.0,27,0.0,0.0
2024-09-19 13:05:00+09:00,16910.0,16910.0,16860.0,16910.0,80,0.0,0.0
2024-09-19 13:10:00+09:00,16910.0,16910.0,16910.0,16910.0,644,0.0,0.0
2024-09-19 13:15:00+09:00,16910.0,16910.0,16860.0,16910.0,63,0.0,0.0
2024-09-19 13:20:00+09:00,16860.0,16910.0,16860.0,16910.0,131,0.0,0.0
2024-09-19 13:25:00+09:00,16870.0,16870.0,16870.0,16870.0,314,0.0,0.0
2024-09-19 13:30:00+09:00,16910.0,16910.0,16900.0,16910.0,0,0.0,0.0
2024-09-19 13:35:00+09:00,16910.0,17040.0,16900.0,17040.0,1221,0.0,0.0
2024-09-19 13:40:00+09:00,17050.0,17100.0,17010.0,17100.0,218,0.0,0.0
2024-09-19 13:45:00+09:00,17100.0,17110.0,17100.0,17100.0,267,0.0,0.0
2024-09-19 13:50:00+09:00,17110.0,17160.0,17110.0,17140.0,935,0.0,0.0
2024-09-19 13:55:00+09:00,17160.0,17160.0,17130.0,17160.0,90,0.0,0.0
2024-09-19 14:00:00+09:00,17160.0,17160.0,17140.0,17150.0,556,0.0,0.0
2024-09-19 14:05:00+09:00,17150.0,17150.0,17080.0,17080.0,1241,0.0,0.0
2024-09-19 14:10:00+09:00,17110.0,17150.0,17110.0,17150.0,616,0.0,0.0
2024-09-19 14:15:00+09:00,17130.0,17150.0,17090.0,17090.0,57,0.0,0.0
2024-09-19 14:20:00+09:00,17090.0,17090.0,17090.0,17090.0,11,0.0,0.0
2024-09-19 14:25:00+09:00,17090.0,17090.0,17090.0,17090.0,0,0.0,0.0
2024-09-19 14:30:00+09:00,17080.0,17090.0,17080.0,17080.0,52,0.0,0.0
2024-09-19 14:35:00+09:00,17090.0,17090.0,17090.0,17090.0,50,0.0,0.0
2024-09-19 14:40:00+09:00,17080.0,17090.0,17080.0,17080.0,104,0.0,0.0
2024-09-19 14:45:00+09:00,17080.0,17100.0,17070.0,17100.0,242,0.0,0.0
2024-09-19 14:50:00+09:00,17090.0,17100.0,17090.0,17100.0,91,0.0,0.0
2024-09-19 14:55:00+09:00,17090.0,17120.0,17090.0,17110.0,40,0.0,0.0
2024-09-20 09:00:00+09:00,17500.0,17500.0,17010.0,17010.0,1438,0.0,0.0
2024-09-20 09:05:00+09:00,17140.0,17350.0,17010.0,17310.0,2722,0.0,0.0
2024-09-20 09:10:00+09:00,17310.0,17310.0,17250.0,17250.0,247,0.0,0.0
2024-09-20 09:15:00+09:00,17250.0,17350.0,17230.0,17350.0,2037,0.0,0.0
2024-09-20 09:20:00+09:00,17350.0,17360.0,17240.0,17250.0,0,0.0,0.0
2024-09-20 09:25:00+09:00,17250.0,17580.0,17250.0,17520.0,3599,0.0,0.0
2024-09-20 09:30:00+09:00,17520.0,17610.0,17500.0,17550.0,986,0.0,0.0
2024-09-20 09:35:00+09:00,17550.0,17550.0,17390.0,17490.0,592,0.0,0.0
2024-09-20 09:40:00+09:00,17490.0,17490.0,17390.0,17490.0,338,0.0,0.0
2024-09-20 09:45:00+09:00,17400.0,17490.0,17400.0,17400.0,357,0.0,0.0
2024-09-20 09:50:00+09:00,17400.0,17410.0,17400.0,17410.0,138,0.0,0.0
2024-09-20 09:55:00+09:00,17410.0,17490.0,17410.0,17490.0,105,0.0,0.0
2024-09-20 10:00:00+09:00,17490.0,17500.0,17460.0,17500.0,28,0.0,0.0
2024-09-20 10:05:00+09:00,17500.0,17500.0,17390.0,17390.0,492,0.0,0.0
2024-09-20 10:10:00+09:00,17390.0,17400.0,17260.0,17260.0,246,0.0,0.0
2024-09-20 10:15:00+09:00,17260.0,17260.0,17240.0,17240.0,231,0.0,0.0
2024-09-20 10:20:00+09:00,17230.0,17230.0,17160.0,17160.0,106,0.0,0.0
2024-09-20 10:25:00+09:00,17160.0,17160.0,17110.0,17150.0,228,0.0,0.0
2024-09-20 10:30:00+09:00,17120.0,17160.0,17100.0,17160.0,333,0.0,0.0
2024-09-20 10:35:00+09:00,17160.0,17160.0,17100.0,17110.0,181,0.0,0.0
2024-09-20 10:40:00+09:00,17110.0,17110.0,17100.0,17100.0,281,0.0,0.0
2024-09-20 10:45:00+09:00,17100.0,17200.0,17100.0,17110.0,67,0.0,0.0
2024-09-20 10:50:00+09:00,17110.0,17160.0,17110.0,17160.0,85,0.0,0.0
2024-09-20 10:55:00+09:00,17160.0,17160.0,17110.0,17110.0,247,0.0,0.0
2024-09-20 11:00:00+09:00,17110.0,17160.0,17110.0,17110.0,160,0.0,0.0
2024-09-20 11:05:00+09:00,17120.0,17130.0,17100.0,17130.0,201,0.0,0.0
2024-09-20 11:10:00+09:00,17130.0,17130.0,17100.0,17100.0,221,0.0,0.0
2024-09-20 11:15:00+09:00,17130.0,17130.0,17130.0,17130.0,0,0.0,0.0
2024-09-20 11:20:00+09:00,17130.0,17130.0,17080.0,17100.0,82,0.0,0.0
2024-09-20 11:25:00+09:00,17150.0,17150.0,17070.0,17070.0,192,0.0,0.0
2024-09-20 11:30:00+09:00,17150.0,17150.0,17150.0,17150.0,62,0.0,0.0
2024-09-20 11:35:00+09:00,17130.0,17150.0,17060.0,17150.0,160,0.0,0.0
2024-09-20 11:40:00+09:00,17150.0,17150.0,17110.0,17150.0,34,0.0,0.0
2024-09-20 11:45:00+09:00,17150.0,17150.0,17100.0,17140.0,316,0.0,0.0
2024-09-20 11:50:00+09:00,17080.0,17140.0,17080.0,17140.0,83,0.0,0.0
2024-09-20 11:55:00+09:00,17090.0,17090.0,17050.0,17050.0,300,0.0,0.0
2024-09-20 12:00:00+09:00,17060.0,17130.0,17060.0,17130.0,0,0.0,0.0
2024-09-20 12:05:00+09:00,17100.0,17130.0,17060.0,17060.0,122,0.0,0.0
2024-09-20 12:10:00+09:00,17060.0,17120.0,17060.0,17120.0,168,0.0,0.0
2024-09-20 12:20:00+09:00,17120.0,17120.0,17060.0,17120.0,263,0.0,0.0
2024-09-20 12:30:00+09:00,17120.0,17120.0,17120.0,17120.0,111,0.0,0.0
2024-09-20 12:35:00+09:00,17120.0,17130.0,17080.0,17080.0,48,0.0,0.0
2024-09-20 12:40:00+09:00,17090.0,17130.0,17090.0,17130.0,2,0.0,0.0
2024-09-20 12:45:00+09:00,17130.0,17150.0,17130.0,17150.0,279,0.0,0.0
2024-09-20 12:50:00+09:00,17150.0,17150.0,17090.0,17090.0,12,0.0,0.0
2024-09-20 12:55:00+09:00,17150.0,17150.0,17120.0,17150.0,36,0.0,0.0
2024-09-20 13:00:00+09:00,17150.0,17150.0,17150.0,17150.0,39,0.0,0.0
2024-09-20 13:05:00+09:00,17150.0,17150.0,17150.0,17150.0,0,0.0,0.0
2024-09-20 13:10:00+09:00,17150.0,17150.0,17120.0,17120.0,68,0.0,0.0
2024-09-20 13:15:00+09:00,17110.0,17150.0,17100.0,17150.0,318,0.0,0.0
2024-09-20 13:20:00+09:00,17150.0,17150.0,17130.0,17150.0,59,0.0,0.0
2024-09-20 13:25:00+09:00,17130.0,17150.0,17130.0,17130.0,11,0.0,0.0
2024-09-20 13:30:00+09:00,17130.0,17130.0,17080.0,17080.0,1211,0.0,0.0
2024-09-20 13:35:00+09:00,17150.0,17150.0,17150.0,17150.0,0,0.0,0.0
2024-09-20 13:40:00+09:00,17150.0,17300.0,17150.0,17300.0,850,0.0,0.0
2024-09-20 13:45:00+09:00,17290.0,17290.0,17170.0,17170.0,0,0.0,0.0
2024-09-20 13:50:00+09:00,17280.0,17280.0,17210.0,17210.0,249,0.0,0.0
2024-09-20 13:55:00+09:00,17210.0,17210.0,17180.0,17210.0,0,0.0,0.0
2024-09-20 14:00:00+09:00,17190.0,17190.0,17150.0,17150.0,196,0.0,0.0
2024-09-20 14:05:00+09:00,17150.0,17200.0,17150.0,17180.0,33,0.0,0.0
2024-09-20 14:10:00+09:00,17170.0,17170.0,17100.0,17120.0,762,0.0,0.0
2024-09-20 14:15:00+09:00,17100.0,17100.0,17080.0,17080.0,79,0.0,0.0
2024-09-20 14:20:00+09:00,17090.0,17090.0,17080.0,17080.0,42,0.0,0.0
2024-09-20 14:25:00+09:00,17080.0,17090.0,17080.0,17080.0,160,0.0,0.0
2024-09-20 14:30:00+09:00,17080.0,17080.0,17040.0,17040.0,1368,0.0,0.0
2024-09-20 14:35:00+09:00,17050.0,17080.0,17020.0,17080.0,256,0.0,0.0
2024-09-20 14:40:00+09:00,17020.0,17050.0,16970.0,17010.0,2429,0.0,0.0
2024-09-20 14:50:00+09:00,17000.0,17000.0,16920.0,16930.0,75,0.0,0.0
2024-09-20 14:55:00+09:00,16910.0,16940.0,16900.0,16900.0,833,0.0,0.0
