Datetime,Open,High,Low,Close,Volume,Dividends,Stock Splits
2022-09-29 09:00:00+09:00,22150.0,22550.0,22150.0,22350.0,0,0.0,0.0
2022-09-29 10:00:00+09:00,22400.0,22600.0,22350.0,22500.0,5482,0.0,0.0
2022-09-29 11:00:00+09:00,22450.0,22450.0,22250.0,22300.0,2384,0.0,0.0
2022-09-29 12:00:00+09:00,22250.0,22500.0,22200.0,22300.0,7214,0.0,0.0
2022-09-29 13:00:00+09:00,22350.0,22500.0,22250.0,22450.0,5398,0.0,0.0
2022-09-29 14:00:00+09:00,22400.0,22450.0,22150.0,22150.0,6642,0.0,0.0
2022-09-30 09:00:00+09:00,22000.0,22150.0,21450.0,21800.0,0,0.0,0.0
2022-09-30 10:00:00+09:00,21800.0,22100.0,21600.0,22100.0,7853,0.0,0.0
2022-09-30 11:00:00+09:00,22100.0,22450.0,21800.0,22350.0,11358,0.0,0.0
2022-09-30 12:00:00+09:00,22350.0,22450.0,22150.0,22200.0,5701,0.0,0.0
2022-09-30 13:00:00+09:00,22300.0,22350.0,21950.0,22150.0,7243,0.0,0.0
2022-09-30 14:00:00+09:00,22100.0,22550.0,22000.0,22350.0,10540,0.0,0.0
2022-10-04 09:00:00+09:00,22600.0,23250.0,22600.0,23000.0,0,0.0,0.0
2022-10-04 10:00:00+09:00,23050.0,23150.0,22650.0,22650.0,6000,0.0,0.0
2022-10-04 11:00:00+09:00,22650.0,22750.0,22550.0,22700.0,4916,0.0,0.0
2022-10-04 12:00:00+09:00,22700.0,22800.0,22550.0,22800.0,7114,0.0,0.0
2022-10-04 13:00:00+09:00,22800.0,23000.0,22700.0,22900.0,13393,0.0,0.0
2022-10-04 14:00:00+09:00,22900.0,23000.0,22650.0,22850.0,8282,0.0,0.0
2022-10-05 09:00:00+09:00,23150.0,23150.0,22750.0,22850.0,0,0.0,0.0
2022-10-05 10:00:00+09:00,22850.0,23050.0,22750.0,22800.0,8482,0.0,0.0
2022-10-05 11:00:00+09:00,22850.0,22950.0,22700.0,22750.0,6274,0.0,0.0
2022-10-05 12:00:00+09:00,22750.0,23000.0,22700.0,23000.0,4625,0.0,0.0
2022-10-05 13:00:00+09:00,22950.0,23000.0,22650.0,22750.0,6036,0.0,0.0
2022-10-05 14:00:00+09:00,22700.0,22950.0,22550.0,22900.0,8524,0.0,0.0
2022-10-06 09:00:00+09:00,22450.0,22900.0,22450.0,22750.0,0,0.0,0.0
2022-10-06 10:00:00+09:00,22750.0,22900.0,22600.0,22650.0,3069,0.0,0.0
2022-10-06 11:00:00+09:00,22700.0,23200.0,22700.0,23200.0,8413,0.0,0.0
2022-10-06 12:00:00+09:00,23200.0,23400.0,22850.0,23350.0,10012,0.0,0.0
2022-10-06 13:00:00+09:00,23350.0,23350.0,23200.0,23250.0,6740,0.0,0.0
2022-10-06 14:00:00+09:00,23200.0,23300.0,22950.0,23200.0,4195,0.0,0.0
2022-10-07 09:00:00+09:00,22600.0,23050.0,22550.0,22700.0,0,0.0,0.0
2022-10-07 10:00:00+09:00,22700.0,22700.0,22550.0,22600.0,6851,0.0,0.0
2022-10-07 11:00:00+09:00,22600.0,22850.0,22600.0,22800.0,2839,0.0,0.0
2022-10-07 12:00:00+09:00,22850.0,22950.0,22600.0,22700.0,2197,0.0,0.0
2022-10-07 13:00:00+09:00,22650.0,22700.0,22400.0,22450.0,7740,0.0,0.0
2022-10-07 14:00:00+09:00,22500.0,22750.0,22450.0,22650.0,4434,0.0,0.0
2022-10-11 09:00:00+09:00,22300.0,22300.0,21100.0,21200.0,0,0.0,0.0
2022-10-11 10:00:00+09:00,21200.0,21450.0,21150.0,21200.0,9538,0.0,0.0
2022-10-11 11:00:00+09:00,21200.0,21250.0,21050.0,21150.0,7070,0.0,0.0
2022-10-11 12:00:00+09:00,21100.0,21500.0,21050.0,21450.0,6750,0.0,0.0
2022-10-11 13:00:00+09:00,21400.0,21750.0,21400.0,21650.0,15106,0.0,0.0
2022-10-11 14:00:00+09:00,21650.0,21800.0,21400.0,21550.0,14793,0.0,0.0
2022-10-12 09:00:00+09:00,21050.0,21500.0,21050.0,21400.0,0,0.0,0.0
2022-10-12 10:00:00+09:00,21450.0,21500.0,21000.0,21350.0,7104,0.0,0.0
2022-10-12 11:00:00+09:00,21300.0,21400.0,21150.0,21350.0,3675,0.0,0.0
2022-10-12 12:00:00+09:00,21400.0,21500.0,21300.0,21450.0,3269,0.0,0.0
2022-10-12 13:00:00+09:00,21450.0,21700.0,21400.0,21700.0,5893,0.0,0.0
2022-10-12 14:00:00+09:00,21700.0,21700.0,21400.0,21550.0,6611,0.0,0.0
2022-10-13 09:00:00+09:00,21200.0,21500.0,21050.0,21200.0,0,0.0,0.0
2022-10-13 10:00:00+09:00,21200.0,21250.0,21000.0,21100.0,10387,0.0,0.0
2022-10-13 11:00:00+09:00,21100.0,21100.0,20950.0,21000.0,5856,0.0,0.0
2022-10-13 12:00:00+09:00,21000.0,21050.0,20950.0,20950.0,7911,0.0,0.0
2022-10-13 13:00:00+09:00,20950.0,20950.0,20700.0,20900.0,9301,0.0,0.0
2022-10-13 14:00:00+09:00,20850.0,21050.0,20850.0,21050.0,9468,0.0,0.0
2022-10-14 09:00:00+09:00,20900.0,21200.0,20750.0,21050.0,0,0.0,0.0
2022-10-14 10:00:00+09:00,21050.0,21900.0,21000.0,21900.0,31625,0.0,0.0
2022-10-14 11:00:00+09:00,21900.0,22150.0,21900.0,22100.0,15164,0.0,0.0
2022-10-14 12:00:00+09:00,22100.0,22200.0,21950.0,22150.0,8032,0.0,0.0
2022-10-14 13:00:00+09:00,22100.0,22150.0,22000.0,22150.0,7617,0.0,0.0
2022-10-14 14:00:00+09:00,22150.0,22300.0,22050.0,22150.0,13060,0.0,0.0
2022-10-17 09:00:00+09:00,21750.0,22150.0,21550.0,22100.0,0,0.0,0.0
2022-10-17 10:00:00+09:00,22100.0,22150.0,21650.0,21750.0,6898,0.0,0.0
2022-10-17 11:00:00+09:00,21750.0,21900.0,21750.0,21900.0,4143,0.0,0.0
2022-10-17 12:00:00+09:00,21900.0,21900.0,21700.0,21750.0,2146,0.0,0.0
2022-10-17 13:00:00+09:00,21750.0,21750.0,21600.0,21600.0,4262,0.0,0.0
2022-10-17 14:00:00+09:00,21650.0,21800.0,21600.0,21700.0,2981,0.0,0.0
2022-10-18 09:00:00+09:00,21950.0,22750.0,21950.0,22750.0,0,0.0,0.0
2022-10-18 10:00:00+09:00,22750.0,22800.0,22350.0,22450.0,9248,0.0,0.0
2022-10-18 11:00:00+09:00,22450.0,22500.0,22150.0,22450.0,6740,0.0,0.0
2022-10-18 12:00:00+09:00,22500.0,22650.0,22350.0,22650.0,4792,0.0,0.0
2022-10-18 13:00:00+09:00,22650.0,22900.0,22550.0,22850.0,10351,0.0,0.0
2022-10-18 14:00:00+09:00,22850.0,22850.0,22600.0,22600.0,6097,0.0,0.0
2022-10-19 09:00:00+09:00,22600.0,22850.0,22400.0,22600.0,0,0.0,0.0
2022-10-19 10:00:00+09:00,22600.0,22950.0,22550.0,22800.0,4730,0.0,0.0
2022-10-19 11:00:00+09:00,22800.0,22800.0,22450.0,22450.0,3351,0.0,0.0
2022-10-19 12:00:00+09:00,22500.0,22550.0,22350.0,22350.0,5103,0.0,0.0
2022-10-19 13:00:00+09:00,22400.0,22650.0,22150.0,22250.0,7797,0.0,0.0
2022-10-19 14:00:00+09:00,22300.0,22350.0,22000.0,22050.0,6300,0.0,0.0
2022-10-20 09:00:00+09:00,21750.0,22150.0,21600.0,21850.0,0,0.0,0.0
2022-10-20 10:00:00+09:00,21750.0,21900.0,21650.0,21800.0,6229,0.0,0.0
2022-10-20 11:00:00+09:00,21750.0,21900.0,21650.0,21800.0,3172,0.0,0.0
2022-10-20 12:00:00+09:00,21950.0,21950.0,21650.0,21650.0,4023,0.0,0.0
2022-10-20 13:00:00+09:00,21700.0,21850.0,21600.0,21750.0,6698,0.0,0.0
2022-10-20 14:00:00+09:00,21750.0,21950.0,21700.0,21800.0,5765,0.0,0.0
2022-10-21 09:00:00+09:00,21600.0,22350.0,21550.0,22050.0,0,0.0,0.0
2022-10-21 10:00:00+09:00,22050.0,22250.0,21950.0,22200.0,9274,0.0,0.0
2022-10-21 11:00:00+09:00,22150.0,22350.0,22100.0,22200.0,2934,0.0,0.0
2022-10-21 12:00:00+09:00,22200.0,22450.0,22150.0,22200.0,6975,0.0,0.0
2022-10-21 13:00:00+09:00,22200.0,22200.0,22050.0,22050.0,1904,0.0,0.0
2022-10-21 14:00:00+09:00,22050.0,22150.0,21950.0,22050.0,2737,0.0,0.0
2022-10-24 09:00:00+09:00,22450.0,22850.0,22400.0,22600.0,0,0.0,0.0
2022-10-24 10:00:00+09:00,22550.0,22600.0,22300.0,22300.0,6376,0.0,0.0
2022-10-24 11:00:00+09:00,22300.0,22600.0,22300.0,22550.0,3896,0.0,0.0
2022-10-24 12:00:00+09:00,22550.0,22550.0,22300.0,22500.0,5129,0.0,0.0
2022-10-24 13:00:00+09:00,22450.0,22750.0,22450.0,22750.0,10908,0.0,0.0
2022-10-24 14:00:00+09:00,22750.0,22800.0,22500.0,22500.0,10545,0.0,0.0
2022-10-25 09:00:00+09:00,22650.0,22750.0,22350.0,22350.0,0,0.0,0.0
2022-10-25 10:00:00+09:00,22350.0,22400.0,22150.0,22200.0,8200,0.0,0.0
2022-10-25 11:00:00+09:00,22250.0,22250.0,21950.0,22000.0,12731,0.0,0.0
2022-10-25 12:00:00+09:00,22000.0,22200.0,21950.0,22150.0,2318,0.0,0.0
2022-10-25 13:00:00+09:00,22200.0,22200.0,22000.0,22100.0,3023,0.0,0.0
2022-10-25 14:00:00+09:00,22050.0,22100.0,21950.0,21950.0,4692,0.0,0.0
2022-10-26 09:00:00+09:00,21950.0,22200.0,21850.0,21850.0,0,0.0,0.0
2022-10-26 10:00:00+09:00,21850.0,22000.0,21700.0,21850.0,7030,0.0,0.0
2022-10-26 11:00:00+09:00,21900.0,21950.0,21750.0,21950.0,2864,0.0,0.0
2022-10-26 12:00:00+09:00,21900.0,21950.0,21800.0,21900.0,3383,0.0,0.0
2022-10-26 13:00:00+09:00,21950.0,21950.0,21800.0,21800.0,4341,0.0,0.0
2022-10-26 14:00:00+09:00,21800.0,21950.0,21650.0,21750.0,9423,0.0,0.0
2022-10-27 09:00:00+09:00,22000.0,22150.0,21900.0,22000.0,0,0.0,0.0
2022-10-27 10:00:00+09:00,22050.0,22250.0,22000.0,22150.0,9883,0.0,0.0
2022-10-27 11:00:00+09:00,22100.0,22150.0,22000.0,22050.0,8581,0.0,0.0
2022-10-27 12:00:00+09:00,22100.0,22100.0,21800.0,21800.0,7370,0.0,0.0
2022-10-27 13:00:00+09:00,21850.0,22000.0,21800.0,21950.0,8163,0.0,0.0
2022-10-27 14:00:00+09:00,21950.0,22050.0,21850.0,22000.0,6875,0.0,0.0
2022-10-28 09:00:00+09:00,22050.0,22050.0,21600.0,21800.0,8395,0.0,0.0
2022-10-28 10:00:00+09:00,21800.0,21800.0,21600.0,21800.0,4122,0.0,0.0
2022-10-28 11:00:00+09:00,21800.0,21900.0,21700.0,21750.0,3662,0.0,0.0
2022-10-28 12:00:00+09:00,21750.0,21750.0,21600.0,21750.0,3931,0.0,0.0
2022-10-28 13:00:00+09:00,21750.0,21750.0,21600.0,21700.0,3211,0.0,0.0
2022-10-28 14:00:00+09:00,21650.0,21700.0,21500.0,21550.0,4699,0.0,0.0
2022-10-31 09:00:00+09:00,21650.0,21700.0,21400.0,21550.0,0,0.0,0.0
2022-10-31 10:00:00+09:00,21500.0,21550.0,21300.0,21550.0,2526,0.0,0.0
2022-10-31 11:00:00+09:00,21500.0,21700.0,21400.0,21600.0,3028,0.0,0.0
2022-10-31 12:00:00+09:00,21600.0,21700.0,21550.0,21600.0,1160,0.0,0.0
2022-10-31 13:00:00+09:00,21600.0,21600.0,21300.0,21350.0,3774,0.0,0.0
2022-10-31 14:00:00+09:00,21450.0,21500.0,21350.0,21400.0,1730,0.0,0.0
2022-11-01 09:00:00+09:00,21350.0,21850.0,21350.0,21750.0,0,0.0,0.0
2022-11-01 10:00:00+09:00,21750.0,21950.0,21700.0,21900.0,3033,0.0,0.0
2022-11-01 11:00:00+09:00,21900.0,21900.0,21750.0,21850.0,2063,0.0,0.0
2022-11-01 12:00:00+09:00,21850.0,21850.0,21700.0,21800.0,1666,0.0,0.0
2022-11-01 13:00:00+09:00,21800.0,21800.0,21600.0,21600.0,2529,0.0,0.0
2022-11-01 14:00:00+09:00,21600.0,21850.0,21600.0,21800.0,4089,0.0,0.0
2022-11-02 09:00:00+09:00,21600.0,21850.0,21450.0,21800.0,0,0.0,0.0
2022-11-02 10:00:00+09:00,21800.0,22100.0,21700.0,22100.0,6140,0.0,0.0
2022-11-02 11:00:00+09:00,22100.0,22350.0,22000.0,22200.0,13418,0.0,0.0
2022-11-02 12:00:00+09:00,22200.0,22350.0,22150.0,22350.0,9099,0.0,0.0
2022-11-02 13:00:00+09:00,22350.0,22500.0,22300.0,22400.0,10912,0.0,0.0
2022-11-02 14:00:00+09:00,22400.0,22500.0,22250.0,22400.0,8131,0.0,0.0
2022-11-03 09:00:00+09:00,22100.0,22250.0,21850.0,22050.0,0,0.0,0.0
2022-11-03 10:00:00+09:00,22000.0,22200.0,22000.0,22100.0,4401,0.0,0.0
2022-11-03 11:00:00+09:00,22150.0,22200.0,22000.0,22050.0,2732,0.0,0.0
2022-11-03 12:00:00+09:00,22050.0,22150.0,22000.0,22100.0,1696,0.0,0.0
2022-11-03 13:00:00+09:00,22100.0,22150.0,22050.0,22100.0,1949,0.0,0.0
2022-11-03 14:00:00+09:00,22100.0,22250.0,22050.0,22050.0,4145,0.0,0.0
2022-11-04 09:00:00+09:00,21950.0,21950.0,21600.0,21650.0,0,0.0,0.0
2022-11-04 10:00:00+09:00,21600.0,21600.0,21250.0,21350.0,15733,0.0,0.0
2022-11-04 11:00:00+09:00,21400.0,21450.0,21300.0,21350.0,2860,0.0,0.0
2022-11-04 12:00:00+09:00,21350.0,21450.0,21250.0,21450.0,5386,0.0,0.0
2022-11-04 13:00:00+09:00,21500.0,21950.0,21450.0,21950.0,11387,0.0,0.0
2022-11-04 14:00:00+09:00,22000.0,22300.0,21950.0,22050.0,13722,0.0,0.0
2022-11-07 09:00:00+09:00,22050.0,22650.0,21750.0,22450.0,0,0.0,0.0
2022-11-07 10:00:00+09:00,22400.0,22600.0,22200.0,22500.0,4775,0.0,0.0
2022-11-07 11:00:00+09:00,22500.0,22550.0,22400.0,22500.0,1501,0.0,0.0
2022-11-07 12:00:00+09:00,22450.0,22500.0,22250.0,22400.0,2030,0.0,0.0
2022-11-07 13:00:00+09:00,22450.0,22750.0,22350.0,22550.0,12757,0.0,0.0
2022-11-07 14:00:00+09:00,22550.0,22650.0,22450.0,22500.0,9489,0.0,0.0
2022-11-08 09:00:00+09:00,22800.0,23100.0,22650.0,23000.0,0,0.0,0.0
2022-11-08 10:00:00+09:00,23000.0,23350.0,22900.0,23250.0,10448,0.0,0.0
2022-11-08 11:00:00+09:00,23300.0,23400.0,23200.0,23400.0,7666,0.0,0.0
2022-11-08 12:00:00+09:00,23400.0,23450.0,23250.0,23400.0,9139,0.0,0.0
2022-11-08 13:00:00+09:00,23400.0,23500.0,23300.0,23450.0,7316,0.0,0.0
2022-11-08 14:00:00+09:00,23450.0,23900.0,23300.0,23900.0,31764,0.0,0.0
2022-11-09 09:00:00+09:00,23750.0,23950.0,23650.0,23850.0,0,0.0,0.0
2022-11-09 10:00:00+09:00,23850.0,23900.0,23600.0,23650.0,4564,0.0,0.0
2022-11-09 11:00:00+09:00,23650.0,23800.0,23600.0,23650.0,2223,0.0,0.0
2022-11-09 12:00:00+09:00,23650.0,23700.0,23500.0,23500.0,4504,0.0,0.0
2022-11-09 13:00:00+09:00,23500.0,23600.0,23350.0,23450.0,4179,0.0,0.0
2022-11-09 14:00:00+09:00,23450.0,23500.0,23200.0,23400.0,6684,0.0,0.0
2022-11-10 09:00:00+09:00,23200.0,23250.0,22800.0,23050.0,0,0.0,0.0
2022-11-10 10:00:00+09:00,23100.0,23250.0,22900.0,22950.0,6785,0.0,0.0
2022-11-10 11:00:00+09:00,22950.0,22950.0,22750.0,22800.0,12265,0.0,0.0
2022-11-10 12:00:00+09:00,22800.0,23050.0,22800.0,23050.0,6162,0.0,0.0
2022-11-10 13:00:00+09:00,23000.0,23100.0,22850.0,22900.0,4731,0.0,0.0
2022-11-10 14:00:00+09:00,22900.0,23100.0,22900.0,22950.0,4977,0.0,0.0
2022-11-11 09:00:00+09:00,23700.0,24200.0,23700.0,24100.0,0,0.0,0.0
2022-11-11 10:00:00+09:00,24100.0,24200.0,24000.0,24050.0,9485,0.0,0.0
2022-11-11 11:00:00+09:00,24050.0,24100.0,23950.0,24050.0,5067,0.0,0.0
2022-11-11 12:00:00+09:00,24050.0,24100.0,23950.0,24050.0,4929,0.0,0.0
2022-11-11 13:00:00+09:00,24100.0,24450.0,24100.0,24450.0,20847,0.0,0.0
2022-11-11 14:00:00+09:00,24450.0,24500.0,24400.0,24500.0,18621,0.0,0.0
2022-11-14 09:00:00+09:00,24150.0,24500.0,24150.0,24250.0,0,0.0,0.0
2022-11-14 10:00:00+09:00,24200.0,24800.0,24200.0,24600.0,11626,0.0,0.0
2022-11-14 11:00:00+09:00,24650.0,24700.0,24400.0,24600.0,6134,0.0,0.0
2022-11-14 12:00:00+09:00,24650.0,24750.0,24400.0,24750.0,6334,0.0,0.0
2022-11-14 13:00:00+09:00,24750.0,24850.0,24650.0,24750.0,7052,0.0,0.0
2022-11-14 14:00:00+09:00,24800.0,24800.0,24300.0,24300.0,9732,0.0,0.0
2022-11-15 09:00:00+09:00,24200.0,24600.0,23950.0,24000.0,0,0.0,0.0
2022-11-15 10:00:00+09:00,23950.0,24200.0,23850.0,24050.0,9213,0.0,0.0
2022-11-15 11:00:00+09:00,24050.0,24200.0,24000.0,24000.0,6506,0.0,0.0
2022-11-15 12:00:00+09:00,24050.0,24200.0,24000.0,24150.0,8268,0.0,0.0
2022-11-15 13:00:00+09:00,24100.0,24350.0,24100.0,24250.0,8839,0.0,0.0
2022-11-15 14:00:00+09:00,24300.0,24450.0,24250.0,24400.0,8021,0.0,0.0
2022-11-16 09:00:00+09:00,24800.0,24800.0,23950.0,23950.0,0,0.0,0.0
2022-11-16 10:00:00+09:00,23950.0,24100.0,23900.0,23950.0,5627,0.0,0.0
2022-11-16 11:00:00+09:00,24050.0,24300.0,24000.0,24150.0,2643,0.0,0.0
2022-11-16 12:00:00+09:00,24150.0,24200.0,24050.0,24200.0,2447,0.0,0.0
2022-11-16 13:00:00+09:00,24200.0,24200.0,23950.0,24050.0,3112,0.0,0.0
2022-11-16 14:00:00+09:00,24000.0,24150.0,23800.0,23850.0,9100,0.0,0.0
2022-11-17 10:00:00+09:00,23800.0,24000.0,23600.0,23600.0,9690,0.0,0.0
2022-11-17 11:00:00+09:00,23650.0,23700.0,23550.0,23700.0,6900,0.0,0.0
2022-11-17 12:00:00+09:00,23700.0,23700.0,23500.0,23500.0,5342,0.0,0.0
2022-11-17 13:00:00+09:00,23500.0,23600.0,23450.0,23450.0,6631,0.0,0.0
2022-11-17 14:00:00+09:00,23450.0,23600.0,23400.0,23500.0,5277,0.0,0.0
2022-11-18 09:00:00+09:00,23550.0,23900.0,23500.0,23700.0,0,0.0,0.0
2022-11-18 10:00:00+09:00,23700.0,23850.0,23600.0,23600.0,3331,0.0,0.0
2022-11-18 11:00:00+09:00,23600.0,23600.0,23450.0,23500.0,0,0.0,0.0
2022-11-18 12:00:00+09:00,23500.0,23600.0,23500.0,23550.0,13473,0.0,0.0
2022-11-18 13:00:00+09:00,23550.0,23600.0,23550.0,23600.0,2932,0.0,0.0
2022-11-18 14:00:00+09:00,23550.0,23650.0,23350.0,23450.0,8450,0.0,0.0
2022-11-21 09:00:00+09:00,23250.0,23500.0,22950.0,22950.0,0,0.0,0.0
2022-11-21 10:00:00+09:00,22950.0,23000.0,22800.0,22850.0,8644,0.0,0.0
2022-11-21 11:00:00+09:00,22850.0,22850.0,22600.0,22600.0,7736,0.0,0.0
2022-11-21 12:00:00+09:00,22600.0,22700.0,22500.0,22600.0,7851,0.0,0.0
2022-11-21 13:00:00+09:00,22600.0,22650.0,22500.0,22500.0,9442,0.0,0.0
2022-11-21 14:00:00+09:00,22500.0,22550.0,22400.0,22450.0,10922,0.0,0.0
2022-11-22 09:00:00+09:00,22350.0,22700.0,22300.0,22500.0,0,0.0,0.0
2022-11-22 10:00:00+09:00,22550.0,22800.0,22450.0,22550.0,4776,0.0,0.0
2022-11-22 11:00:00+09:00,22650.0,22650.0,22550.0,22650.0,558,0.0,0.0
2022-11-22 12:00:00+09:00,22650.0,22700.0,22550.0,22600.0,2985,0.0,0.0
2022-11-22 13:00:00+09:00,22600.0,22600.0,22500.0,22550.0,2618,0.0,0.0
2022-11-22 14:00:00+09:00,22550.0,22600.0,22450.0,22450.0,2790,0.0,0.0
2022-11-23 09:00:00+09:00,22800.0,23000.0,22650.0,22850.0,0,0.0,0.0
2022-11-23 10:00:00+09:00,22850.0,23100.0,22850.0,23100.0,9472,0.0,0.0
2022-11-23 11:00:00+09:00,23100.0,23150.0,22850.0,22950.0,8089,0.0,0.0
2022-11-23 12:00:00+09:00,22950.0,23100.0,22900.0,23050.0,2228,0.0,0.0
2022-11-23 13:00:00+09:00,23000.0,23050.0,22200.0,22250.0,18251,0.0,0.0
2022-11-23 14:00:00+09:00,22250.0,22700.0,22150.0,22600.0,18888,0.0,0.0
2022-11-24 09:00:00+09:00,22550.0,23000.0,22550.0,22750.0,0,0.0,0.0
2022-11-24 10:00:00+09:00,22800.0,22950.0,22700.0,22900.0,2876,0.0,0.0
2022-11-24 11:00:00+09:00,22900.0,23350.0,22900.0,23050.0,10711,0.0,0.0
2022-11-24 12:00:00+09:00,23000.0,23200.0,23000.0,23200.0,2603,0.0,0.0
2022-11-24 13:00:00+09:00,23150.0,23300.0,23100.0,23300.0,5050,0.0,0.0
2022-11-24 14:00:00+09:00,23250.0,23300.0,23200.0,23250.0,3769,0.0,0.0
2022-11-25 09:00:00+09:00,23100.0,23250.0,22850.0,23000.0,0,0.0,0.0
2022-11-25 10:00:00+09:00,23050.0,23200.0,22900.0,22900.0,3974,0.0,0.0
2022-11-25 11:00:00+09:00,22900.0,23000.0,22850.0,22900.0,2082,0.0,0.0
2022-11-25 12:00:00+09:00,22900.0,22950.0,22800.0,22800.0,1431,0.0,0.0
2022-11-25 13:00:00+09:00,22850.0,22950.0,22800.0,22900.0,2757,0.0,0.0
2022-11-25 14:00:00+09:00,22900.0,22900.0,22700.0,22800.0,4677,0.0,0.0
2022-11-28 09:00:00+09:00,22600.0,22650.0,22100.0,22100.0,0,0.0,0.0
2022-11-28 10:00:00+09:00,22150.0,22150.0,22000.0,22100.0,14150,0.0,0.0
2022-11-28 11:00:00+09:00,22150.0,22200.0,21950.0,22100.0,10255,0.0,0.0
2022-11-28 12:00:00+09:00,22100.0,22400.0,22100.0,22350.0,10341,0.0,0.0
2022-11-28 13:00:00+09:00,22400.0,22450.0,22200.0,22300.0,7751,0.0,0.0
2022-11-28 14:00:00+09:00,22300.0,22300.0,22050.0,22150.0,13350,0.0,0.0
2022-11-29 09:00:00+09:00,22300.0,22350.0,22050.0,22300.0,0,0.0,0.0
2022-11-29 10:00:00+09:00,22250.0,22400.0,22150.0,22300.0,5030,0.0,0.0
2022-11-29 11:00:00+09:00,22350.0,22500.0,22350.0,22450.0,3952,0.0,0.0
2022-11-29 12:00:00+09:00,22450.0,22700.0,22450.0,22600.0,5563,0.0,0.0
2022-11-29 13:00:00+09:00,22600.0,22950.0,22600.0,22950.0,9571,0.0,0.0
2022-11-29 14:00:00+09:00,22950.0,23850.0,22950.0,23750.0,37742,0.0,0.0
2022-11-30 09:00:00+09:00,23900.0,24300.0,23550.0,23950.0,0,0.0,0.0
2022-11-30 10:00:00+09:00,24000.0,24200.0,23950.0,24000.0,8326,0.0,0.0
2022-11-30 11:00:00+09:00,24000.0,24100.0,23900.0,24000.0,4179,0.0,0.0
2022-11-30 12:00:00+09:00,23950.0,24000.0,23900.0,23900.0,1451,0.0,0.0
2022-11-30 13:00:00+09:00,23900.0,23950.0,23800.0,23900.0,3931,0.0,0.0
2022-11-30 14:00:00+09:00,23850.0,23950.0,23800.0,23800.0,4098,0.0,0.0
2022-12-01 09:00:00+09:00,24300.0,24850.0,24200.0,24800.0,0,0.0,0.0
2022-12-01 10:00:00+09:00,24800.0,24950.0,24650.0,24700.0,16475,0.0,0.0
2022-12-01 11:00:00+09:00,24750.0,24850.0,24650.0,24750.0,7795,0.0,0.0
2022-12-01 12:00:00+09:00,24700.0,24800.0,24400.0,24450.0,6217,0.0,0.0
2022-12-01 13:00:00+09:00,24450.0,24550.0,24200.0,24400.0,7930,0.0,0.0
2022-12-01 14:00:00+09:00,24450.0,24750.0,24350.0,24700.0,9611,0.0,0.0
2022-12-02 09:00:00+09:00,24450.0,25700.0,24300.0,25350.0,0,0.0,0.0
2022-12-02 10:00:00+09:00,25300.0,25500.0,25150.0,25200.0,15093,0.0,0.0
2022-12-02 11:00:00+09:00,25200.0,25300.0,25100.0,25150.0,7954,0.0,0.0
2022-12-02 12:00:00+09:00,25150.0,25150.0,24950.0,25050.0,5953,0.0,0.0
2022-12-02 13:00:00+09:00,25050.0,25100.0,24900.0,25100.0,7834,0.0,0.0
2022-12-02 14:00:00+09:00,25100.0,25100.0,24750.0,24850.0,7664,0.0,0.0
2022-12-05 09:00:00+09:00,25300.0,26050.0,25050.0,25650.0,0,0.0,0.0
2022-12-05 10:00:00+09:00,25650.0,26200.0,25600.0,26150.0,37628,0.0,0.0
2022-12-05 11:00:00+09:00,26100.0,26150.0,25900.0,25900.0,18061,0.0,0.0
2022-12-05 12:00:00+09:00,25900.0,26200.0,25850.0,26000.0,18130,0.0,0.0
2022-12-05 13:00:00+09:00,25950.0,26050.0,25600.0,25850.0,15534,0.0,0.0
2022-12-05 14:00:00+09:00,25900.0,26000.0,25850.0,25900.0,16092,0.0,0.0
2022-12-06 09:00:00+09:00,25650.0,25750.0,25200.0,25450.0,0,0.0,0.0
2022-12-06 10:00:00+09:00,25450.0,25800.0,25400.0,25500.0,10968,0.0,0.0
2022-12-06 11:00:00+09:00,25500.0,25550.0,25150.0,25150.0,10297,0.0,0.0
2022-12-06 12:00:00+09:00,25200.0,25250.0,24950.0,25050.0,12468,0.0,0.0
2022-12-06 13:00:00+09:00,25050.0,25200.0,25000.0,25150.0,5443,0.0,0.0
2022-12-06 14:00:00+09:00,25200.0,25200.0,24750.0,24850.0,10204,0.0,0.0
2022-12-07 09:00:00+09:00,24950.0,25400.0,24700.0,25150.0,18196,0.0,0.0
2022-12-07 10:00:00+09:00,25100.0,25400.0,24800.0,25350.0,9000,0.0,0.0
2022-12-07 11:00:00+09:00,25300.0,25350.0,25200.0,25300.0,3410,0.0,0.0
2022-12-07 12:00:00+09:00,25250.0,25400.0,25200.0,25350.0,4428,0.0,0.0
2022-12-07 13:00:00+09:00,25400.0,25700.0,25350.0,25650.0,8269,0.0,0.0
2022-12-07 14:00:00+09:00,25650.0,25700.0,25350.0,25350.0,8053,0.0,0.0
2022-12-08 09:00:00+09:00,25400.0,25450.0,24650.0,24700.0,0,0.0,0.0
2022-12-08 10:00:00+09:00,24750.0,25050.0,24650.0,25050.0,7820,0.0,0.0
2022-12-08 11:00:00+09:00,25050.0,25100.0,24800.0,24950.0,1349,0.0,0.0
2022-12-08 12:00:00+09:00,25000.0,25000.0,24800.0,25000.0,4563,0.0,0.0
2022-12-08 13:00:00+09:00,25000.0,25050.0,24850.0,24900.0,3061,0.0,0.0
2022-12-08 14:00:00+09:00,24850.0,25050.0,24800.0,25000.0,5958,0.0,0.0
2022-12-09 09:00:00+09:00,25000.0,25150.0,24700.0,25150.0,0,0.0,0.0
2022-12-09 10:00:00+09:00,25050.0,25800.0,25050.0,25750.0,21236,0.0,0.0
2022-12-09 11:00:00+09:00,25750.0,26000.0,25600.0,25850.0,33190,0.0,0.0
2022-12-09 12:00:00+09:00,25850.0,26200.0,25850.0,25950.0,27099,0.0,0.0
2022-12-09 13:00:00+09:00,26000.0,26050.0,25500.0,25800.0,49846,0.0,0.0
2022-12-09 14:00:00+09:00,25800.0,26000.0,25600.0,25950.0,17562,0.0,0.0
2022-12-12 09:00:00+09:00,25950.0,25950.0,25300.0,25350.0,0,0.0,0.0
2022-12-12 10:00:00+09:00,25350.0,25650.0,25350.0,25450.0,10540,0.0,0.0
2022-12-12 11:00:00+09:00,25450.0,25550.0,25350.0,25450.0,6949,0.0,0.0
2022-12-12 12:00:00+09:00,25450.0,25550.0,25400.0,25450.0,3336,0.0,0.0
2022-12-12 13:00:00+09:00,25400.0,25550.0,25300.0,25300.0,10420,0.0,0.0
2022-12-12 14:00:00+09:00,25300.0,25400.0,25250.0,25300.0,8139,0.0,0.0
2022-12-13 09:00:00+09:00,25000.0,25400.0,24750.0,24900.0,0,0.0,0.0
2022-12-13 10:00:00+09:00,24900.0,24950.0,24700.0,24900.0,6895,0.0,0.0
2022-12-13 11:00:00+09:00,24850.0,25200.0,24800.0,25150.0,3934,0.0,0.0
2022-12-13 12:00:00+09:00,25150.0,25350.0,25150.0,25350.0,3015,0.0,0.0
2022-12-13 13:00:00+09:00,25350.0,25350.0,25150.0,25300.0,3930,0.0,0.0
2022-12-13 14:00:00+09:00,25300.0,25450.0,24950.0,24950.0,9303,0.0,0.0
2022-12-14 09:00:00+09:00,25550.0,25550.0,25150.0,25200.0,0,0.0,0.0
2022-12-14 10:00:00+09:00,25300.0,25500.0,25050.0,25100.0,23473,0.0,0.0
2022-12-14 11:00:00+09:00,25150.0,25850.0,25050.0,25450.0,29972,0.0,0.0
2022-12-14 12:00:00+09:00,25450.0,25600.0,25450.0,25550.0,4044,0.0,0.0
2022-12-14 13:00:00+09:00,25550.0,25600.0,25450.0,25450.0,4976,0.0,0.0
2022-12-14 14:00:00+09:00,25500.0,25650.0,25450.0,25550.0,5503,0.0,0.0
2022-12-15 09:00:00+09:00,25600.0,25600.0,25200.0,25300.0,0,0.0,0.0
2022-12-15 10:00:00+09:00,25350.0,25450.0,25100.0,25100.0,5472,0.0,0.0
2022-12-15 11:00:00+09:00,25100.0,25200.0,25000.0,25050.0,6361,0.0,0.0
2022-12-15 12:00:00+09:00,25050.0,25050.0,24950.0,24950.0,3433,0.0,0.0
2022-12-15 13:00:00+09:00,24950.0,24950.0,24900.0,24950.0,4117,0.0,0.0
2022-12-15 14:00:00+09:00,24950.0,25050.0,24850.0,24900.0,6801,0.0,0.0
2022-12-16 09:00:00+09:00,24500.0,24550.0,24200.0,24400.0,0,0.0,0.0
2022-12-16 10:00:00+09:00,24500.0,24700.0,24400.0,24650.0,5512,0.0,0.0
2022-12-16 11:00:00+09:00,24650.0,24900.0,24600.0,24850.0,3592,0.0,0.0
2022-12-16 12:00:00+09:00,24750.0,24850.0,24650.0,24700.0,4929,0.0,0.0
2022-12-16 13:00:00+09:00,24700.0,25700.0,24650.0,25500.0,44082,0.0,0.0
2022-12-16 14:00:00+09:00,25500.0,26800.0,25200.0,26000.0,274633,0.0,0.0
2022-12-19 09:00:00+09:00,26000.0,27600.0,25700.0,26050.0,169868,0.0,0.0
2022-12-19 10:00:00+09:00,26050.0,26200.0,25800.0,25800.0,38910,0.0,0.0
2022-12-19 11:00:00+09:00,25800.0,26200.0,25800.0,26100.0,9201,0.0,0.0
2022-12-19 12:00:00+09:00,26100.0,26100.0,25900.0,25950.0,2134,0.0,0.0
2022-12-19 13:00:00+09:00,25900.0,26100.0,25900.0,26000.0,4931,0.0,0.0
2022-12-19 14:00:00+09:00,26000.0,26000.0,25850.0,25900.0,6882,0.0,0.0
2022-12-20 09:00:00+09:00,26100.0,26100.0,25250.0,25700.0,0,0.0,0.0
2022-12-20 10:00:00+09:00,25700.0,25700.0,25450.0,25650.0,3366,0.0,0.0
2022-12-20 11:00:00+09:00,25700.0,25750.0,25600.0,25650.0,5080,0.0,0.0
2022-12-20 12:00:00+09:00,25650.0,25650.0,25350.0,25550.0,6793,0.0,0.0
2022-12-20 13:00:00+09:00,25550.0,25550.0,25200.0,25350.0,7567,0.0,0.0
2022-12-20 14:00:00+09:00,25350.0,25350.0,25050.0,25200.0,12833,0.0,0.0
2022-12-21 09:00:00+09:00,25450.0,25950.0,25200.0,25950.0,0,0.0,0.0
2022-12-21 10:00:00+09:00,25900.0,26600.0,25900.0,26500.0,68321,0.0,0.0
2022-12-21 11:00:00+09:00,26500.0,26800.0,26450.0,26700.0,47079,0.0,0.0
2022-12-21 12:00:00+09:00,26700.0,26750.0,26000.0,26100.0,22082,0.0,0.0
2022-12-21 13:00:00+09:00,26050.0,26250.0,26000.0,26150.0,13291,0.0,0.0
2022-12-21 14:00:00+09:00,26050.0,26400.0,26000.0,26200.0,13138,0.0,0.0
2022-12-22 09:00:00+09:00,26550.0,27900.0,26550.0,27800.0,0,0.0,0.0
2022-12-22 10:00:00+09:00,27850.0,27900.0,27450.0,27700.0,58689,0.0,0.0
2022-12-22 11:00:00+09:00,27700.0,27750.0,27400.0,27400.0,32480,0.0,0.0
2022-12-22 12:00:00+09:00,27450.0,27700.0,27400.0,27650.0,31079,0.0,0.0
2022-12-22 13:00:00+09:00,27600.0,28000.0,27500.0,27850.0,54268,0.0,0.0
2022-12-22 14:00:00+09:00,27850.0,27950.0,27600.0,27650.0,47500,0.0,0.0
2022-12-23 09:00:00+09:00,27550.0,27750.0,27000.0,27500.0,0,0.0,0.0
2022-12-23 10:00:00+09:00,27550.0,28200.0,27300.0,27750.0,58868,0.0,0.0
2022-12-23 11:00:00+09:00,27800.0,27950.0,27500.0,27800.0,22200,0.0,0.0
2022-12-23 12:00:00+09:00,27800.0,27850.0,27600.0,27700.0,14134,0.0,0.0
2022-12-23 13:00:00+09:00,27700.0,27800.0,27550.0,27600.0,12788,0.0,0.0
2022-12-23 14:00:00+09:00,27550.0,27950.0,27550.0,27850.0,24567,0.0,0.0
2022-12-26 09:00:00+09:00,27450.0,28250.0,27250.0,27550.0,0,0.0,0.0
2022-12-26 10:00:00+09:00,27550.0,27900.0,27450.0,27900.0,10556,0.0,0.0
2022-12-26 11:00:00+09:00,27900.0,28000.0,27850.0,27950.0,11553,0.0,0.0
2022-12-26 12:00:00+09:00,27950.0,28150.0,27900.0,28000.0,11718,0.0,0.0
2022-12-26 13:00:00+09:00,28050.0,28100.0,27800.0,27800.0,10194,0.0,0.0
2022-12-26 14:00:00+09:00,27850.0,28000.0,27700.0,27750.0,16441,0.0,0.0
2022-12-27 09:00:00+09:00,27900.0,29600.0,27900.0,29100.0,0,0.0,0.0
2022-12-27 10:00:00+09:00,29150.0,29450.0,28900.0,29450.0,46479,0.0,0.0
2022-12-27 11:00:00+09:00,29400.0,29450.0,29150.0,29350.0,25956,0.0,0.0
2022-12-27 12:00:00+09:00,29300.0,29400.0,29000.0,29050.0,17639,0.0,0.0
2022-12-27 13:00:00+09:00,29050.0,29200.0,29000.0,29100.0,20952,0.0,0.0
2022-12-27 14:00:00+09:00,29050.0,29400.0,28900.0,29300.0,39997,0.0,0.0
2022-12-28 09:00:00+09:00,29050.0,29350.0,28300.0,29000.0,0,0.0,0.0
2022-12-28 10:00:00+09:00,28950.0,29300.0,28900.0,28950.0,32491,0.0,0.0
2022-12-28 11:00:00+09:00,29000.0,29000.0,28400.0,28400.0,23907,0.0,0.0
2022-12-28 12:00:00+09:00,28400.0,28500.0,28200.0,28350.0,18237,0.0,0.0
2022-12-28 13:00:00+09:00,28400.0,28750.0,28250.0,28250.0,18364,0.0,0.0
2022-12-28 14:00:00+09:00,28250.0,28750.0,28250.0,28500.0,20248,0.0,0.0
2022-12-29 09:00:00+09:00,28100.0,28350.0,27600.0,27750.0,0,0.0,0.0
2022-12-29 10:00:00+09:00,27750.0,27800.0,27300.0,27650.0,17743,0.0,0.0
2022-12-29 11:00:00+09:00,27650.0,27750.0,27500.0,27550.0,9726,0.0,0.0
2022-12-29 12:00:00+09:00,27550.0,27600.0,27300.0,27500.0,12728,0.0,0.0
2022-12-29 13:00:00+09:00,27500.0,28200.0,27450.0,28100.0,27293,0.0,0.0
2022-12-29 14:00:00+09:00,28100.0,28300.0,27950.0,28100.0,14167,0.0,0.0
2023-01-02 10:00:00+09:00,27750.0,28300.0,26950.0,26950.0,43246,0.0,0.0
2023-01-02 11:00:00+09:00,27000.0,27250.0,26750.0,27200.0,17992,0.0,0.0
2023-01-02 12:00:00+09:00,27200.0,27200.0,26850.0,26900.0,11243,0.0,0.0
2023-01-02 13:00:00+09:00,26900.0,27400.0,26850.0,27400.0,11874,0.0,0.0
2023-01-02 14:00:00+09:00,27400.0,27450.0,26950.0,27400.0,18513,0.0,0.0
2023-01-03 09:00:00+09:00,27000.0,27800.0,26550.0,27000.0,0,0.0,0.0
2023-01-03 10:00:00+09:00,27050.0,27050.0,26550.0,26750.0,22188,0.0,0.0
2023-01-03 11:00:00+09:00,26800.0,27050.0,26650.0,26950.0,11097,0.0,0.0
2023-01-03 12:00:00+09:00,27000.0,27400.0,26800.0,26850.0,8916,0.0,0.0
2023-01-03 13:00:00+09:00,26850.0,27600.0,26800.0,27350.0,32196,0.0,0.0
2023-01-03 14:00:00+09:00,27400.0,27600.0,27350.0,27450.0,32030,0.0,0.0
2023-01-04 09:00:00+09:00,27150.0,27250.0,26650.0,26900.0,0,0.0,0.0
2023-01-04 10:00:00+09:00,26850.0,27350.0,26850.0,27300.0,11112,0.0,0.0
2023-01-04 11:00:00+09:00,27300.0,27450.0,27100.0,27300.0,15206,0.0,0.0
2023-01-04 12:00:00+09:00,27250.0,27400.0,27100.0,27250.0,13412,0.0,0.0
2023-01-04 13:00:00+09:00,27200.0,27300.0,27100.0,27200.0,9437,0.0,0.0
2023-01-04 14:00:00+09:00,27250.0,28150.0,26900.0,27900.0,44575,0.0,0.0
2023-01-05 09:00:00+09:00,28250.0,29550.0,27350.0,29450.0,0,0.0,0.0
2023-01-05 10:00:00+09:00,29500.0,29500.0,28900.0,29500.0,75937,0.0,0.0
2023-01-05 11:00:00+09:00,29450.0,29550.0,29150.0,29300.0,38601,0.0,0.0
2023-01-05 12:00:00+09:00,29300.0,29350.0,28950.0,29050.0,21642,0.0,0.0
2023-01-05 13:00:00+09:00,29050.0,29100.0,28500.0,28850.0,37003,0.0,0.0
2023-01-05 14:00:00+09:00,28850.0,29250.0,28800.0,28950.0,49762,0.0,0.0
2023-01-06 09:00:00+09:00,28650.0,28950.0,27900.0,28050.0,0,0.0,0.0
2023-01-06 10:00:00+09:00,28000.0,28050.0,27500.0,27650.0,30474,0.0,0.0
2023-01-06 11:00:00+09:00,27650.0,27800.0,27350.0,27800.0,19896,0.0,0.0
2023-01-06 12:00:00+09:00,27800.0,27950.0,27700.0,27800.0,11738,0.0,0.0
2023-01-06 13:00:00+09:00,27850.0,28600.0,27800.0,28350.0,24401,0.0,0.0
2023-01-06 14:00:00+09:00,28350.0,28450.0,27900.0,27950.0,22201,0.0,0.0
2023-01-09 09:00:00+09:00,28000.0,28900.0,28000.0,28450.0,0,0.0,0.0
2023-01-09 10:00:00+09:00,28450.0,28500.0,28200.0,28500.0,10209,0.0,0.0
2023-01-09 11:00:00+09:00,28450.0,28700.0,28300.0,28350.0,11887,0.0,0.0
2023-01-09 12:00:00+09:00,28300.0,28350.0,28050.0,28200.0,10831,0.0,0.0
2023-01-09 13:00:00+09:00,28250.0,29100.0,28150.0,29050.0,42398,0.0,0.0
2023-01-09 14:00:00+09:00,29050.0,29150.0,28000.0,28300.0,44024,0.0,0.0
2023-01-10 09:00:00+09:00,28250.0,28850.0,27650.0,27800.0,0,0.0,0.0
2023-01-10 10:00:00+09:00,27750.0,27950.0,27600.0,27900.0,18456,0.0,0.0
2023-01-10 11:00:00+09:00,27900.0,27900.0,27400.0,27450.0,26170,0.0,0.0
2023-01-10 12:00:00+09:00,27450.0,27800.0,27400.0,27600.0,10300,0.0,0.0
2023-01-10 13:00:00+09:00,27650.0,27750.0,27000.0,27050.0,35271,0.0,0.0
2023-01-10 14:00:00+09:00,27050.0,27300.0,26900.0,27100.0,32632,0.0,0.0
2023-01-11 09:00:00+09:00,26900.0,27450.0,26900.0,27250.0,0,0.0,0.0
2023-01-11 10:00:00+09:00,27250.0,27450.0,27250.0,27350.0,9384,0.0,0.0
2023-01-11 11:00:00+09:00,27350.0,27550.0,27200.0,27500.0,12285,0.0,0.0
2023-01-11 12:00:00+09:00,27500.0,27650.0,27450.0,27650.0,7298,0.0,0.0
2023-01-11 13:00:00+09:00,27650.0,27750.0,27550.0,27700.0,11640,0.0,0.0
2023-01-11 14:00:00+09:00,27750.0,28000.0,27600.0,27750.0,17705,0.0,0.0
2023-01-12 09:00:00+09:00,27550.0,27650.0,26800.0,26900.0,0,0.0,0.0
2023-01-12 10:00:00+09:00,26900.0,27150.0,26800.0,26950.0,16065,0.0,0.0
2023-01-12 11:00:00+09:00,26950.0,27100.0,26850.0,27050.0,5403,0.0,0.0
2023-01-12 12:00:00+09:00,27050.0,27100.0,26950.0,27000.0,4675,0.0,0.0
2023-01-12 13:00:00+09:00,27000.0,27250.0,26900.0,27200.0,12603,0.0,0.0
2023-01-12 14:00:00+09:00,27200.0,27200.0,26950.0,27150.0,6080,0.0,0.0
2023-01-13 09:00:00+09:00,27150.0,27350.0,26950.0,27200.0,0,0.0,0.0
2023-01-13 10:00:00+09:00,27200.0,27300.0,27000.0,27100.0,15647,0.0,0.0
2023-01-13 11:00:00+09:00,27100.0,27150.0,27000.0,27050.0,5680,0.0,0.0
2023-01-13 12:00:00+09:00,27000.0,27550.0,26850.0,27500.0,25887,0.0,0.0
2023-01-13 13:00:00+09:00,27450.0,27500.0,27050.0,27200.0,6666,0.0,0.0
2023-01-13 14:00:00+09:00,27200.0,27300.0,27000.0,27050.0,8418,0.0,0.0
2023-01-16 09:00:00+09:00,27750.0,28200.0,27400.0,28200.0,0,0.0,0.0
2023-01-16 10:00:00+09:00,28150.0,28300.0,28100.0,28300.0,14708,0.0,0.0
2023-01-16 11:00:00+09:00,28300.0,28300.0,28100.0,28150.0,5427,0.0,0.0
2023-01-16 12:00:00+09:00,28200.0,28200.0,27950.0,27950.0,4156,0.0,0.0
2023-01-16 13:00:00+09:00,28000.0,28050.0,27750.0,27850.0,3541,0.0,0.0
2023-01-16 14:00:00+09:00,27850.0,27850.0,27700.0,27800.0,4510,0.0,0.0
2023-01-17 09:00:00+09:00,27750.0,28400.0,27500.0,28300.0,0,0.0,0.0
2023-01-17 10:00:00+09:00,28250.0,28750.0,28050.0,28150.0,42796,0.0,0.0
2023-01-17 11:00:00+09:00,28150.0,28450.0,28050.0,28200.0,10605,0.0,0.0
2023-01-17 12:00:00+09:00,28200.0,28300.0,28100.0,28200.0,9867,0.0,0.0
2023-01-17 13:00:00+09:00,28200.0,28300.0,28100.0,28250.0,9099,0.0,0.0
2023-01-17 14:00:00+09:00,28250.0,28250.0,28050.0,28200.0,10868,0.0,0.0
2023-01-18 09:00:00+09:00,28000.0,28550.0,27950.0,28450.0,0,0.0,0.0
2023-01-18 10:00:00+09:00,28450.0,28900.0,28300.0,28650.0,28622,0.0,0.0
2023-01-18 11:00:00+09:00,28700.0,28900.0,28600.0,28850.0,22808,0.0,0.0
2023-01-18 12:00:00+09:00,28850.0,28900.0,28700.0,28800.0,12745,0.0,0.0
2023-01-18 13:00:00+09:00,28750.0,28900.0,28700.0,28900.0,16493,0.0,0.0
2023-01-18 14:00:00+09:00,28900.0,29050.0,28850.0,29050.0,33035,0.0,0.0
2023-01-19 09:00:00+09:00,28500.0,29050.0,28350.0,28800.0,0,0.0,0.0
2023-01-19 10:00:00+09:00,28800.0,29850.0,28750.0,29650.0,89814,0.0,0.0
2023-01-19 11:00:00+09:00,29550.0,30450.0,29550.0,30350.0,118791,0.0,0.0
2023-01-19 12:00:00+09:00,30350.0,30500.0,30150.0,30350.0,47212,0.0,0.0
2023-01-19 13:00:00+09:00,30350.0,30600.0,30100.0,30300.0,76546,0.0,0.0
2023-01-19 14:00:00+09:00,30300.0,30600.0,29850.0,30500.0,95504,0.0,0.0
2023-01-20 09:00:00+09:00,30600.0,30600.0,30050.0,30200.0,0,0.0,0.0
2023-01-20 10:00:00+09:00,30150.0,30550.0,30000.0,30450.0,15001,0.0,0.0
2023-01-20 11:00:00+09:00,30450.0,30800.0,30400.0,30550.0,24130,0.0,0.0
2023-01-20 12:00:00+09:00,30550.0,30650.0,30450.0,30500.0,10981,0.0,0.0
2023-01-20 13:00:00+09:00,30550.0,30950.0,30550.0,30950.0,27943,0.0,0.0
2023-01-20 14:00:00+09:00,30950.0,30950.0,30450.0,30600.0,20168,0.0,0.0
2023-01-25 09:00:00+09:00,30500.0,31000.0,29950.0,30250.0,0,0.0,0.0
2023-01-25 10:00:00+09:00,30250.0,30350.0,29950.0,30000.0,11679,0.0,0.0
2023-01-25 11:00:00+09:00,30050.0,30300.0,29900.0,30300.0,10618,0.0,0.0
2023-01-25 12:00:00+09:00,30300.0,30350.0,30100.0,30250.0,7276,0.0,0.0
2023-01-25 13:00:00+09:00,30300.0,30400.0,30150.0,30250.0,9581,0.0,0.0
2023-01-25 14:00:00+09:00,30250.0,30300.0,30050.0,30100.0,11119,0.0,0.0
2023-01-26 09:00:00+09:00,30300.0,30300.0,29950.0,30150.0,0,0.0,0.0
2023-01-26 10:00:00+09:00,30200.0,30200.0,29950.0,30000.0,15064,0.0,0.0
2023-01-26 11:00:00+09:00,30000.0,30050.0,29500.0,29600.0,30871,0.0,0.0
2023-01-26 12:00:00+09:00,29600.0,29700.0,29400.0,29650.0,18978,0.0,0.0
2023-01-26 13:00:00+09:00,29700.0,29750.0,29250.0,29500.0,24837,0.0,0.0
2023-01-26 14:00:00+09:00,29550.0,29550.0,29300.0,29500.0,29342,0.0,0.0
2023-01-27 09:00:00+09:00,29350.0,29950.0,29350.0,29850.0,0,0.0,0.0
2023-01-27 10:00:00+09:00,29850.0,29950.0,29400.0,29400.0,15492,0.0,0.0
2023-01-27 11:00:00+09:00,29400.0,29600.0,29350.0,29450.0,9321,0.0,0.0
2023-01-27 12:00:00+09:00,29500.0,30000.0,29450.0,29800.0,25362,0.0,0.0
2023-01-27 13:00:00+09:00,29800.0,30650.0,29800.0,30600.0,65242,0.0,0.0
2023-01-27 14:00:00+09:00,30600.0,30900.0,30550.0,30600.0,71031,0.0,0.0
2023-01-30 09:00:00+09:00,30500.0,30850.0,30200.0,30200.0,0,0.0,0.0
2023-01-30 10:00:00+09:00,30200.0,30250.0,29900.0,30050.0,11426,0.0,0.0
2023-01-30 11:00:00+09:00,30050.0,30100.0,29800.0,29850.0,16097,0.0,0.0
2023-01-30 12:00:00+09:00,29950.0,30000.0,29800.0,29800.0,9855,0.0,0.0
2023-01-30 13:00:00+09:00,29800.0,29850.0,29550.0,29650.0,12793,0.0,0.0
2023-01-30 14:00:00+09:00,29600.0,29700.0,29050.0,29450.0,46161,0.0,0.0
2023-01-31 09:00:00+09:00,29700.0,29950.0,29350.0,29750.0,22081,0.0,0.0
2023-01-31 10:00:00+09:00,29750.0,29750.0,29200.0,29650.0,12205,0.0,0.0
2023-01-31 11:00:00+09:00,29700.0,29700.0,29350.0,29500.0,4746,0.0,0.0
2023-01-31 12:00:00+09:00,29500.0,29550.0,29150.0,29450.0,14903,0.0,0.0
2023-01-31 13:00:00+09:00,29400.0,29600.0,29350.0,29550.0,5008,0.0,0.0
2023-01-31 14:00:00+09:00,29500.0,29650.0,29100.0,29350.0,31702,0.0,0.0
2023-02-01 09:00:00+09:00,29550.0,29650.0,28650.0,28650.0,44101,0.0,0.0
2023-02-01 10:00:00+09:00,28700.0,29100.0,28650.0,28800.0,20414,0.0,0.0
2023-02-01 11:00:00+09:00,28800.0,28950.0,28700.0,28900.0,18495,0.0,0.0
2023-02-01 12:00:00+09:00,28900.0,29100.0,28750.0,29050.0,24384,0.0,0.0
2023-02-01 13:00:00+09:00,29050.0,29100.0,28900.0,28950.0,11244,0.0,0.0
2023-02-01 14:00:00+09:00,29000.0,29150.0,28850.0,29150.0,14941,0.0,0.0
2023-02-02 09:00:00+09:00,29100.0,30000.0,29100.0,29700.0,34362,0.0,0.0
2023-02-02 10:00:00+09:00,29700.0,29850.0,29600.0,29700.0,11635,0.0,0.0
2023-02-02 11:00:00+09:00,29700.0,29850.0,29650.0,29800.0,10638,0.0,0.0
2023-02-02 12:00:00+09:00,29800.0,29850.0,29650.0,29700.0,7920,0.0,0.0
2023-02-02 13:00:00+09:00,29700.0,29850.0,29500.0,29650.0,16475,0.0,0.0
2023-02-02 14:00:00+09:00,29600.0,29750.0,29500.0,29600.0,19481,0.0,0.0
2023-02-03 09:00:00+09:00,29550.0,29700.0,28950.0,29050.0,31234,0.0,0.0
2023-02-03 10:00:00+09:00,29100.0,29300.0,29050.0,29050.0,9063,0.0,0.0
2023-02-03 11:00:00+09:00,29050.0,29150.0,29050.0,29150.0,4627,0.0,0.0
2023-02-03 12:00:00+09:00,29100.0,29350.0,29100.0,29350.0,10689,0.0,0.0
2023-02-03 13:00:00+09:00,29300.0,29400.0,29300.0,29350.0,8277,0.0,0.0
2023-02-03 14:00:00+09:00,29350.0,29400.0,29050.0,29100.0,30421,0.0,0.0
2023-02-06 09:00:00+09:00,29150.0,29400.0,28350.0,28900.0,0,0.0,0.0
2023-02-06 10:00:00+09:00,28900.0,29450.0,28850.0,29400.0,10620,0.0,0.0
2023-02-06 11:00:00+09:00,29400.0,29500.0,29150.0,29150.0,9166,0.0,0.0
2023-02-06 12:00:00+09:00,29200.0,29450.0,29100.0,29350.0,6889,0.0,0.0
2023-02-06 13:00:00+09:00,29300.0,29850.0,29200.0,29800.0,21004,0.0,0.0
2023-02-06 14:00:00+09:00,29800.0,29850.0,29700.0,29800.0,25394,0.0,0.0
2023-02-07 09:00:00+09:00,29900.0,29900.0,29250.0,29250.0,19666,0.0,0.0
2023-02-07 10:00:00+09:00,29250.0,29450.0,29150.0,29250.0,13197,0.0,0.0
2023-02-07 11:00:00+09:00,29150.0,29350.0,29100.0,29200.0,9167,0.0,0.0
2023-02-07 12:00:00+09:00,29200.0,29350.0,29150.0,29150.0,6259,0.0,0.0
2023-02-07 13:00:00+09:00,29150.0,29350.0,29100.0,29200.0,14596,0.0,0.0
2023-02-07 14:00:00+09:00,29200.0,29450.0,29150.0,29350.0,8631,0.0,0.0
2023-02-08 09:00:00+09:00,29400.0,29600.0,29200.0,29300.0,9650,0.0,0.0
2023-02-08 10:00:00+09:00,29350.0,29450.0,29300.0,29350.0,12172,0.0,0.0
2023-02-08 11:00:00+09:00,29300.0,29650.0,29200.0,29350.0,28038,0.0,0.0
2023-02-08 12:00:00+09:00,29350.0,29400.0,29150.0,29200.0,11812,0.0,0.0
2023-02-08 13:00:00+09:00,29200.0,29250.0,29050.0,29050.0,13721,0.0,0.0
2023-02-08 14:00:00+09:00,29050.0,29150.0,28900.0,29050.0,31287,0.0,0.0
2023-02-09 09:00:00+09:00,29150.0,29350.0,29050.0,29350.0,16547,0.0,0.0
2023-02-09 10:00:00+09:00,29300.0,30100.0,29300.0,29750.0,46210,0.0,0.0
2023-02-09 11:00:00+09:00,29850.0,29850.0,29550.0,29650.0,0,0.0,0.0
2023-02-09 12:00:00+09:00,29600.0,29650.0,29550.0,29600.0,78028,0.0,0.0
2023-02-09 13:00:00+09:00,29600.0,29650.0,29400.0,29400.0,7876,0.0,0.0
2023-02-09 14:00:00+09:00,29400.0,29450.0,29400.0,29400.0,4578,0.0,0.0
2023-02-10 09:00:00+09:00,29350.0,29850.0,29100.0,29350.0,32735,0.0,0.0
2023-02-10 10:00:00+09:00,29300.0,29400.0,28950.0,28950.0,19173,0.0,0.0
2023-02-10 11:00:00+09:00,29000.0,29200.0,28850.0,28900.0,13748,0.0,0.0
2023-02-10 12:00:00+09:00,28900.0,28950.0,28750.0,28900.0,22940,0.0,0.0
2023-02-10 13:00:00+09:00,28850.0,28900.0,28700.0,28750.0,13717,0.0,0.0
2023-02-10 14:00:00+09:00,28800.0,29100.0,28700.0,28950.0,19123,0.0,0.0
2023-02-13 09:00:00+09:00,28800.0,29100.0,28650.0,28750.0,0,0.0,0.0
2023-02-13 10:00:00+09:00,28750.0,28850.0,28600.0,28700.0,7816,0.0,0.0
2023-02-13 11:00:00+09:00,28750.0,29050.0,28700.0,29000.0,5760,0.0,0.0
2023-02-13 12:00:00+09:00,29000.0,29200.0,28950.0,29150.0,7271,0.0,0.0
2023-02-13 13:00:00+09:00,29150.0,29250.0,28950.0,29100.0,6393,0.0,0.0
2023-02-13 14:00:00+09:00,29100.0,29150.0,28750.0,28950.0,8508,0.0,0.0
2023-02-14 09:00:00+09:00,29200.0,29450.0,29050.0,29300.0,0,0.0,0.0
2023-02-14 10:00:00+09:00,29250.0,29350.0,29000.0,29150.0,7928,0.0,0.0
2023-02-14 11:00:00+09:00,29150.0,29450.0,29050.0,29400.0,7755,0.0,0.0
2023-02-14 12:00:00+09:00,29450.0,29600.0,29300.0,29550.0,13018,0.0,0.0
2023-02-14 13:00:00+09:00,29550.0,29550.0,29350.0,29450.0,9561,0.0,0.0
2023-02-14 14:00:00+09:00,29500.0,29500.0,29250.0,29450.0,12907,0.0,0.0
2023-02-15 09:00:00+09:00,29450.0,29500.0,28800.0,29000.0,16574,0.0,0.0
2023-02-15 10:00:00+09:00,29000.0,29350.0,28800.0,28900.0,12716,0.0,0.0
2023-02-15 11:00:00+09:00,28850.0,28900.0,28750.0,28800.0,13618,0.0,0.0
2023-02-15 12:00:00+09:00,28800.0,28900.0,28700.0,28700.0,7457,0.0,0.0
2023-02-15 13:00:00+09:00,28750.0,28750.0,28500.0,28550.0,10200,0.0,0.0
2023-02-15 14:00:00+09:00,28550.0,28550.0,28250.0,28350.0,32405,0.0,0.0
2023-02-16 09:00:00+09:00,28600.0,28900.0,28500.0,28800.0,12681,0.0,0.0
2023-02-16 10:00:00+09:00,28800.0,29150.0,28750.0,29100.0,12370,0.0,0.0
2023-02-16 11:00:00+09:00,29100.0,29150.0,28750.0,28850.0,6126,0.0,0.0
2023-02-16 12:00:00+09:00,28850.0,29050.0,28800.0,28900.0,5603,0.0,0.0
2023-02-16 13:00:00+09:00,28900.0,28900.0,28350.0,28650.0,12948,0.0,0.0
2023-02-16 14:00:00+09:00,28600.0,28750.0,28450.0,28750.0,11299,0.0,0.0
2023-02-17 09:00:00+09:00,28400.0,28600.0,28100.0,28400.0,10659,0.0,0.0
2023-02-17 10:00:00+09:00,28450.0,28650.0,28300.0,28450.0,10248,0.0,0.0
2023-02-17 11:00:00+09:00,28400.0,28550.0,28350.0,28450.0,4163,0.0,0.0
2023-02-17 12:00:00+09:00,28500.0,28500.0,28300.0,28300.0,4559,0.0,0.0
2023-02-17 13:00:00+09:00,28300.0,28350.0,28100.0,28150.0,16439,0.0,0.0
2023-02-17 14:00:00+09:00,28150.0,28300.0,28050.0,28150.0,19460,0.0,0.0
2023-02-20 09:00:00+09:00,28150.0,28850.0,28000.0,28750.0,0,0.0,0.0
2023-02-20 10:00:00+09:00,28800.0,29050.0,28700.0,28950.0,16521,0.0,0.0
2023-02-20 11:00:00+09:00,28950.0,29050.0,28850.0,28950.0,7112,0.0,0.0
2023-02-20 12:00:00+09:00,28950.0,29050.0,28850.0,28850.0,5599,0.0,0.0
2023-02-20 13:00:00+09:00,28850.0,28950.0,28700.0,28750.0,10560,0.0,0.0
2023-02-20 14:00:00+09:00,28800.0,28850.0,28650.0,28700.0,5541,0.0,0.0
2023-02-21 09:00:00+09:00,28600.0,28650.0,27950.0,27950.0,0,0.0,0.0
2023-02-21 10:00:00+09:00,27900.0,27950.0,27700.0,27800.0,33030,0.0,0.0
2023-02-21 11:00:00+09:00,27800.0,28150.0,27800.0,28100.0,9386,0.0,0.0
2023-02-21 12:00:00+09:00,28100.0,28150.0,27900.0,28000.0,7138,0.0,0.0
2023-02-21 13:00:00+09:00,28000.0,28050.0,27850.0,27900.0,7216,0.0,0.0
2023-02-21 14:00:00+09:00,27900.0,28000.0,27750.0,27800.0,15057,0.0,0.0
2023-02-22 09:00:00+09:00,27550.0,27850.0,27300.0,27500.0,0,0.0,0.0
2023-02-22 10:00:00+09:00,27500.0,27550.0,27200.0,27250.0,14843,0.0,0.0
2023-02-22 11:00:00+09:00,27250.0,27500.0,27250.0,27450.0,10996,0.0,0.0
2023-02-22 12:00:00+09:00,27500.0,27850.0,27450.0,27850.0,21354,0.0,0.0
2023-02-22 13:00:00+09:00,27850.0,27850.0,27350.0,27450.0,23993,0.0,0.0
2023-02-22 14:00:00+09:00,27450.0,28000.0,27450.0,27750.0,31060,0.0,0.0
2023-02-23 09:00:00+09:00,27550.0,28250.0,27550.0,27850.0,0,0.0,0.0
2023-02-23 10:00:00+09:00,27900.0,28350.0,27750.0,28300.0,16576,0.0,0.0
2023-02-23 11:00:00+09:00,28300.0,28350.0,28100.0,28200.0,7332,0.0,0.0
2023-02-23 12:00:00+09:00,28200.0,28200.0,28050.0,28150.0,4637,0.0,0.0
2023-02-23 13:00:00+09:00,28200.0,28200.0,28050.0,28200.0,6939,0.0,0.0
2023-02-23 14:00:00+09:00,28200.0,28300.0,27850.0,28050.0,14358,0.0,0.0
2023-02-24 09:00:00+09:00,27550.0,27850.0,27450.0,27600.0,0,0.0,0.0
2023-02-24 10:00:00+09:00,27600.0,27700.0,27300.0,27500.0,11545,0.0,0.0
2023-02-24 11:00:00+09:00,27550.0,27650.0,27350.0,27400.0,9347,0.0,0.0
2023-02-24 12:00:00+09:00,27400.0,27400.0,27150.0,27200.0,12465,0.0,0.0
2023-02-24 13:00:00+09:00,27150.0,27400.0,27150.0,27300.0,13855,0.0,0.0
2023-02-24 14:00:00+09:00,27300.0,27600.0,27250.0,27350.0,19251,0.0,0.0
2023-02-27 09:00:00+09:00,27150.0,27300.0,26500.0,26750.0,0,0.0,0.0
2023-02-27 10:00:00+09:00,26750.0,27000.0,26550.0,26950.0,24951,0.0,0.0
2023-02-27 11:00:00+09:00,26950.0,27050.0,26650.0,26750.0,14781,0.0,0.0
2023-02-27 12:00:00+09:00,26750.0,26950.0,26700.0,26900.0,13182,0.0,0.0
2023-02-27 13:00:00+09:00,26900.0,26950.0,26750.0,26900.0,12214,0.0,0.0
2023-02-27 14:00:00+09:00,26900.0,26900.0,26700.0,26700.0,12631,0.0,0.0
2023-02-28 09:00:00+09:00,26700.0,27150.0,26650.0,26950.0,0,0.0,0.0
2023-02-28 10:00:00+09:00,27000.0,27200.0,26800.0,27050.0,11204,0.0,0.0
2023-02-28 11:00:00+09:00,27050.0,27200.0,27000.0,27200.0,8488,0.0,0.0
2023-02-28 12:00:00+09:00,27200.0,27450.0,27150.0,27450.0,14636,0.0,0.0
2023-02-28 13:00:00+09:00,27400.0,27500.0,27250.0,27250.0,9640,0.0,0.0
2023-02-28 14:00:00+09:00,27250.0,27350.0,27000.0,27150.0,12408,0.0,0.0
2023-03-02 09:00:00+09:00,27150.0,27400.0,26900.0,27000.0,0,0.0,0.0
2023-03-02 10:00:00+09:00,27000.0,27050.0,26650.0,26800.0,24959,0.0,0.0
2023-03-02 11:00:00+09:00,26800.0,27000.0,26700.0,26900.0,17271,0.0,0.0
2023-03-02 12:00:00+09:00,26850.0,27200.0,26800.0,27050.0,12640,0.0,0.0
2023-03-02 13:00:00+09:00,27050.0,27200.0,27000.0,27150.0,9599,0.0,0.0
2023-03-02 14:00:00+09:00,27150.0,27250.0,26950.0,27150.0,17675,0.0,0.0
2023-03-03 09:00:00+09:00,27300.0,27400.0,26650.0,26750.0,0,0.0,0.0
2023-03-03 10:00:00+09:00,26800.0,26850.0,26550.0,26550.0,18820,0.0,0.0
2023-03-03 11:00:00+09:00,26600.0,26600.0,26500.0,26500.0,11530,0.0,0.0
2023-03-03 12:00:00+09:00,26550.0,26650.0,26400.0,26550.0,18280,0.0,0.0
2023-03-03 13:00:00+09:00,26550.0,26700.0,26400.0,26600.0,21989,0.0,0.0
2023-03-03 14:00:00+09:00,26600.0,26600.0,26400.0,26500.0,20102,0.0,0.0
2023-03-06 09:00:00+09:00,26600.0,26650.0,26200.0,26300.0,0,0.0,0.0
2023-03-06 10:00:00+09:00,26300.0,26400.0,26150.0,26400.0,13623,0.0,0.0
2023-03-06 11:00:00+09:00,26400.0,26600.0,26250.0,26550.0,7316,0.0,0.0
2023-03-06 12:00:00+09:00,26500.0,26600.0,26500.0,26600.0,3677,0.0,0.0
2023-03-06 13:00:00+09:00,26600.0,26600.0,26350.0,26500.0,5794,0.0,0.0
2023-03-06 14:00:00+09:00,26550.0,26550.0,26300.0,26400.0,7410,0.0,0.0
2023-03-07 09:00:00+09:00,26450.0,26450.0,25700.0,25850.0,0,0.0,0.0
2023-03-07 10:00:00+09:00,25850.0,25850.0,25600.0,25800.0,21900,0.0,0.0
2023-03-07 11:00:00+09:00,25750.0,25800.0,25600.0,25600.0,20957,0.0,0.0
2023-03-07 12:00:00+09:00,25600.0,25700.0,25550.0,25650.0,18943,0.0,0.0
2023-03-07 13:00:00+09:00,25650.0,25700.0,25450.0,25700.0,32343,0.0,0.0
2023-03-07 14:00:00+09:00,25700.0,25800.0,25550.0,25650.0,27316,0.0,0.0
2023-03-08 09:00:00+09:00,25300.0,25650.0,25150.0,25200.0,25931,0.0,0.0
2023-03-08 10:00:00+09:00,25200.0,25300.0,24900.0,25000.0,29922,0.0,0.0
2023-03-08 11:00:00+09:00,24950.0,25150.0,24900.0,25150.0,28855,0.0,0.0
2023-03-08 12:00:00+09:00,25100.0,25400.0,25050.0,25150.0,26348,0.0,0.0
2023-03-08 13:00:00+09:00,25150.0,25200.0,24950.0,25000.0,23188,0.0,0.0
2023-03-08 14:00:00+09:00,25000.0,25250.0,24950.0,25100.0,26447,0.0,0.0
2023-03-09 09:00:00+09:00,25050.0,25550.0,25050.0,25350.0,25545,0.0,0.0
2023-03-09 10:00:00+09:00,25400.0,25400.0,25050.0,25100.0,17443,0.0,0.0
2023-03-09 11:00:00+09:00,25100.0,25550.0,25100.0,25250.0,11583,0.0,0.0
2023-03-09 12:00:00+09:00,25250.0,25400.0,25200.0,25300.0,8247,0.0,0.0
2023-03-09 13:00:00+09:00,25300.0,25450.0,25250.0,25350.0,8146,0.0,0.0
2023-03-09 14:00:00+09:00,25300.0,25400.0,25250.0,25350.0,10518,0.0,0.0
2023-03-10 09:00:00+09:00,24950.0,25000.0,24350.0,24450.0,43011,0.0,0.0
2023-03-10 10:00:00+09:00,24400.0,24550.0,24000.0,24350.0,40037,0.0,0.0
2023-03-10 11:00:00+09:00,24300.0,24400.0,24250.0,24350.0,21452,0.0,0.0
2023-03-10 12:00:00+09:00,24400.0,24500.0,24250.0,24350.0,25646,0.0,0.0
2023-03-10 13:00:00+09:00,24400.0,24650.0,24300.0,24350.0,26793,0.0,0.0
2023-03-10 14:00:00+09:00,24350.0,24700.0,24350.0,24450.0,19718,0.0,0.0
2023-03-13 09:00:00+09:00,24550.0,24800.0,24100.0,24250.0,0,0.0,0.0
2023-03-13 10:00:00+09:00,24300.0,24350.0,23850.0,24000.0,27883,0.0,0.0
2023-03-13 11:00:00+09:00,23950.0,24700.0,23950.0,24650.0,11551,0.0,0.0
2023-03-13 12:00:00+09:00,24550.0,24650.0,24450.0,24450.0,7764,0.0,0.0
2023-03-13 13:00:00+09:00,24450.0,24550.0,24150.0,24200.0,9671,0.0,0.0
2023-03-13 14:00:00+09:00,24200.0,24550.0,24200.0,24400.0,10764,0.0,0.0
2023-03-14 09:00:00+09:00,24150.0,24350.0,23550.0,23600.0,0,0.0,0.0
2023-03-14 10:00:00+09:00,23650.0,23650.0,23450.0,23450.0,16426,0.0,0.0
2023-03-14 11:00:00+09:00,23450.0,23850.0,23450.0,23850.0,9844,0.0,0.0
2023-03-14 12:00:00+09:00,23750.0,23800.0,23450.0,23500.0,7307,0.0,0.0
2023-03-14 13:00:00+09:00,23500.0,23600.0,23300.0,23350.0,17974,0.0,0.0
2023-03-14 14:00:00+09:00,23300.0,23350.0,23050.0,23150.0,40681,0.0,0.0
2023-03-15 09:00:00+09:00,23300.0,23650.0,23000.0,23200.0,0,0.0,0.0
2023-03-15 10:00:00+09:00,23200.0,23200.0,22950.0,23100.0,34173,0.0,0.0
2023-03-15 11:00:00+09:00,23100.0,23250.0,23050.0,23250.0,15629,0.0,0.0
2023-03-15 12:00:00+09:00,23250.0,23250.0,23150.0,23200.0,9959,0.0,0.0
2023-03-15 13:00:00+09:00,23150.0,23200.0,22600.0,22750.0,61865,0.0,0.0
2023-03-15 14:00:00+09:00,22750.0,23000.0,22700.0,22950.0,25665,0.0,0.0
2023-03-16 09:00:00+09:00,22550.0,22750.0,21950.0,22550.0,0,0.0,0.0
2023-03-16 10:00:00+09:00,22550.0,22750.0,22350.0,22600.0,14405,0.0,0.0
2023-03-16 11:00:00+09:00,22600.0,22850.0,22550.0,22850.0,8398,0.0,0.0
2023-03-16 12:00:00+09:00,22800.0,22850.0,22500.0,22500.0,7543,0.0,0.0
2023-03-16 13:00:00+09:00,22500.0,22850.0,22450.0,22800.0,10287,0.0,0.0
2023-03-16 14:00:00+09:00,22800.0,22950.0,22700.0,22800.0,18934,0.0,0.0
2023-03-17 09:00:00+09:00,23100.0,23400.0,22950.0,22950.0,0,0.0,0.0
2023-03-17 10:00:00+09:00,23000.0,23300.0,22900.0,23250.0,11173,0.0,0.0
2023-03-17 11:00:00+09:00,23250.0,23450.0,23250.0,23350.0,9261,0.0,0.0
2023-03-17 12:00:00+09:00,23350.0,23400.0,23050.0,23250.0,5589,0.0,0.0
2023-03-17 13:00:00+09:00,23200.0,23400.0,23200.0,23400.0,3792,0.0,0.0
2023-03-17 14:00:00+09:00,23400.0,23500.0,23150.0,23200.0,21051,0.0,0.0
2023-03-20 09:00:00+09:00,23400.0,23900.0,23100.0,23700.0,0,0.0,0.0
2023-03-20 10:00:00+09:00,23650.0,23700.0,23450.0,23550.0,12048,0.0,0.0
2023-03-20 11:00:00+09:00,23550.0,23550.0,23400.0,23500.0,4047,0.0,0.0
2023-03-20 12:00:00+09:00,23500.0,23550.0,23250.0,23500.0,12162,0.0,0.0
2023-03-20 13:00:00+09:00,23450.0,23650.0,23350.0,23450.0,8052,0.0,0.0
2023-03-20 14:00:00+09:00,23500.0,23600.0,23400.0,23450.0,6630,0.0,0.0
2023-03-21 09:00:00+09:00,23500.0,23550.0,23200.0,23250.0,0,0.0,0.0
2023-03-21 10:00:00+09:00,23250.0,23450.0,23100.0,23350.0,12630,0.0,0.0
2023-03-21 11:00:00+09:00,23400.0,23550.0,23350.0,23400.0,8854,0.0,0.0
2023-03-21 12:00:00+09:00,23350.0,23550.0,23250.0,23550.0,9677,0.0,0.0
2023-03-21 13:00:00+09:00,23550.0,23600.0,23450.0,23550.0,6506,0.0,0.0
2023-03-21 14:00:00+09:00,23550.0,23750.0,23400.0,23600.0,14572,0.0,0.0
2023-03-22 09:00:00+09:00,23750.0,23800.0,23050.0,23100.0,0,0.0,0.0
2023-03-22 10:00:00+09:00,23050.0,23150.0,22950.0,23100.0,16291,0.0,0.0
2023-03-22 11:00:00+09:00,23050.0,23100.0,22750.0,22800.0,22595,0.0,0.0
2023-03-22 12:00:00+09:00,22800.0,23050.0,22750.0,22900.0,14507,0.0,0.0
2023-03-22 13:00:00+09:00,22950.0,22950.0,22750.0,22800.0,14469,0.0,0.0
2023-03-22 14:00:00+09:00,22800.0,22900.0,22700.0,22850.0,30719,0.0,0.0
2023-03-23 09:00:00+09:00,22900.0,22900.0,22450.0,22550.0,0,0.0,0.0
2023-03-23 10:00:00+09:00,22550.0,22900.0,22500.0,22850.0,12466,0.0,0.0
2023-03-23 11:00:00+09:00,22800.0,22850.0,22650.0,22700.0,10940,0.0,0.0
2023-03-23 12:00:00+09:00,22750.0,22750.0,22600.0,22600.0,19122,0.0,0.0
2023-03-23 13:00:00+09:00,22650.0,22750.0,22550.0,22650.0,17296,0.0,0.0
2023-03-23 14:00:00+09:00,22700.0,22850.0,22550.0,22700.0,25472,0.0,0.0
2023-03-24 09:00:00+09:00,22800.0,22800.0,22400.0,22750.0,0,0.0,0.0
2023-03-24 10:00:00+09:00,22650.0,22850.0,22650.0,22750.0,12102,0.0,0.0
2023-03-24 11:00:00+09:00,22750.0,22850.0,22700.0,22750.0,3931,0.0,0.0
2023-03-24 12:00:00+09:00,22800.0,22850.0,22650.0,22800.0,5933,0.0,0.0
2023-03-24 13:00:00+09:00,22800.0,22850.0,22700.0,22750.0,3469,0.0,0.0
2023-03-24 14:00:00+09:00,22750.0,23100.0,22700.0,22950.0,20644,0.0,0.0
2023-03-27 09:00:00+09:00,22850.0,22850.0,22350.0,22400.0,0,0.0,0.0
2023-03-27 10:00:00+09:00,22350.0,22450.0,22150.0,22350.0,27937,0.0,0.0
2023-03-27 11:00:00+09:00,22350.0,22500.0,22300.0,22450.0,10012,0.0,0.0
2023-03-27 12:00:00+09:00,22450.0,22700.0,22350.0,22650.0,13215,0.0,0.0
2023-03-27 13:00:00+09:00,22650.0,22800.0,22500.0,22750.0,19299,0.0,0.0
2023-03-27 14:00:00+09:00,22700.0,22800.0,22550.0,22550.0,24832,0.0,0.0
2023-03-28 09:00:00+09:00,22800.0,23150.0,22650.0,23100.0,0,0.0,0.0
2023-03-28 10:00:00+09:00,23100.0,23200.0,22950.0,23150.0,12937,0.0,0.0
2023-03-28 11:00:00+09:00,23150.0,23250.0,23100.0,23150.0,9593,0.0,0.0
2023-03-28 12:00:00+09:00,23150.0,23250.0,22950.0,23100.0,8757,0.0,0.0
2023-03-28 13:00:00+09:00,23100.0,23650.0,23050.0,23350.0,26627,0.0,0.0
2023-03-28 14:00:00+09:00,23400.0,23950.0,23350.0,23550.0,33672,0.0,0.0
2023-03-29 09:00:00+09:00,23550.0,23850.0,23350.0,23600.0,0,0.0,0.0
2023-03-29 10:00:00+09:00,23650.0,23700.0,23350.0,23350.0,16447,0.0,0.0
2023-03-29 11:00:00+09:00,23400.0,23400.0,23200.0,23250.0,9756,0.0,0.0
2023-03-29 12:00:00+09:00,23300.0,23450.0,23050.0,23250.0,14358,0.0,0.0
2023-03-29 13:00:00+09:00,23250.0,23650.0,23150.0,23600.0,13994,0.0,0.0
2023-03-29 14:00:00+09:00,23600.0,23650.0,23400.0,23400.0,17431,0.0,0.0
2023-03-30 09:00:00+09:00,23550.0,23600.0,23100.0,23450.0,0,0.0,0.0
2023-03-30 10:00:00+09:00,23400.0,23500.0,23200.0,23400.0,12952,0.0,0.0
2023-03-30 11:00:00+09:00,23450.0,23450.0,23250.0,23300.0,7317,0.0,0.0
2023-03-30 12:00:00+09:00,23300.0,23500.0,23300.0,23400.0,4047,0.0,0.0
2023-03-30 13:00:00+09:00,23400.0,23650.0,23400.0,23550.0,13994,0.0,0.0
2023-03-30 14:00:00+09:00,23600.0,23700.0,23550.0,23600.0,18310,0.0,0.0
2023-03-31 09:00:00+09:00,23500.0,23700.0,23400.0,23450.0,0,0.0,0.0
2023-03-31 10:00:00+09:00,23500.0,23850.0,23450.0,23600.0,13547,0.0,0.0
2023-03-31 11:00:00+09:00,23550.0,23650.0,23450.0,23550.0,10532,0.0,0.0
2023-03-31 12:00:00+09:00,23500.0,23600.0,23500.0,23550.0,5160,0.0,0.0
2023-03-31 13:00:00+09:00,23500.0,23650.0,23500.0,23600.0,5613,0.0,0.0
2023-03-31 14:00:00+09:00,23650.0,23800.0,23600.0,23750.0,21440,0.0,0.0
2023-04-03 09:00:00+09:00,23750.0,23850.0,23500.0,23600.0,0,0.0,0.0
2023-04-03 10:00:00+09:00,23550.0,23650.0,23250.0,23300.0,21680,0.0,0.0
2023-04-03 11:00:00+09:00,23300.0,23350.0,23250.0,23250.0,10705,0.0,0.0
2023-04-03 12:00:00+09:00,23300.0,23350.0,23200.0,23300.0,12064,0.0,0.0
2023-04-03 13:00:00+09:00,23300.0,23350.0,23200.0,23250.0,9822,0.0,0.0
2023-04-03 14:00:00+09:00,23300.0,23550.0,23200.0,23300.0,26212,0.0,0.0
2023-04-04 09:00:00+09:00,23350.0,23600.0,23000.0,23050.0,17747,0.0,0.0
2023-04-04 10:00:00+09:00,23000.0,23350.0,22950.0,23300.0,30064,0.0,0.0
2023-04-04 11:00:00+09:00,23250.0,23500.0,23150.0,23200.0,19412,0.0,0.0
2023-04-04 12:00:00+09:00,23200.0,23350.0,23150.0,23250.0,17991,0.0,0.0
2023-04-04 13:00:00+09:00,23250.0,23550.0,23200.0,23550.0,22430,0.0,0.0
2023-04-04 14:00:00+09:00,23500.0,23600.0,23400.0,23400.0,29779,0.0,0.0
2023-04-05 09:00:00+09:00,23600.0,24300.0,23250.0,23750.0,0,0.0,0.0
2023-04-05 10:00:00+09:00,23750.0,24050.0,23750.0,23850.0,12389,0.0,0.0
2023-04-05 11:00:00+09:00,23800.0,23850.0,23650.0,23800.0,4274,0.0,0.0
2023-04-05 12:00:00+09:00,23750.0,23850.0,23700.0,23750.0,7788,0.0,0.0
2023-04-05 13:00:00+09:00,23700.0,23800.0,23650.0,23700.0,7424,0.0,0.0
2023-04-05 14:00:00+09:00,23650.0,23700.0,23500.0,23550.0,7828,0.0,0.0
2023-04-06 09:00:00+09:00,23500.0,23500.0,23000.0,23100.0,0,0.0,0.0
2023-04-06 10:00:00+09:00,23100.0,23200.0,22850.0,23050.0,23125,0.0,0.0
2023-04-06 11:00:00+09:00,23000.0,23100.0,22950.0,23000.0,6273,0.0,0.0
2023-04-06 12:00:00+09:00,23000.0,23050.0,22900.0,22900.0,10468,0.0,0.0
2023-04-06 13:00:00+09:00,22950.0,23050.0,22900.0,22900.0,6670,0.0,0.0
2023-04-06 14:00:00+09:00,22900.0,22950.0,22750.0,22800.0,27028,0.0,0.0
2023-04-07 09:00:00+09:00,23050.0,23150.0,22750.0,23000.0,0,0.0,0.0
2023-04-07 10:00:00+09:00,23000.0,23050.0,22900.0,23000.0,5049,0.0,0.0
2023-04-07 11:00:00+09:00,22950.0,23000.0,22750.0,22800.0,13489,0.0,0.0
2023-04-07 12:00:00+09:00,22750.0,22800.0,22600.0,22650.0,15747,0.0,0.0
2023-04-07 13:00:00+09:00,22650.0,22900.0,22650.0,22700.0,15452,0.0,0.0
2023-04-07 14:00:00+09:00,22700.0,22850.0,22650.0,22800.0,25252,0.0,0.0
2023-04-10 09:00:00+09:00,22800.0,22900.0,22200.0,22400.0,0,0.0,0.0
2023-04-10 10:00:00+09:00,22400.0,22650.0,22300.0,22600.0,9991,0.0,0.0
2023-04-10 11:00:00+09:00,22550.0,22700.0,22300.0,22500.0,15108,0.0,0.0
2023-04-10 12:00:00+09:00,22500.0,22700.0,22500.0,22550.0,8852,0.0,0.0
2023-04-10 13:00:00+09:00,22550.0,22650.0,22350.0,22600.0,20173,0.0,0.0
2023-04-10 14:00:00+09:00,22600.0,22700.0,22500.0,22600.0,14140,0.0,0.0
2023-04-11 09:00:00+09:00,22400.0,22750.0,22300.0,22600.0,0,0.0,0.0
2023-04-11 10:00:00+09:00,22650.0,23200.0,22600.0,23050.0,25784,0.0,0.0
2023-04-11 11:00:00+09:00,23050.0,23150.0,22950.0,23000.0,11269,0.0,0.0
2023-04-11 12:00:00+09:00,23000.0,23050.0,22850.0,22950.0,14399,0.0,0.0
2023-04-11 13:00:00+09:00,23000.0,23050.0,22850.0,23000.0,17929,0.0,0.0
2023-04-11 14:00:00+09:00,23000.0,23100.0,22900.0,23050.0,16875,0.0,0.0
2023-04-12 09:00:00+09:00,23200.0,23200.0,22750.0,22950.0,13262,0.0,0.0
2023-04-12 10:00:00+09:00,23000.0,23100.0,22900.0,23050.0,10209,0.0,0.0
2023-04-12 11:00:00+09:00,23050.0,23100.0,22850.0,23100.0,5188,0.0,0.0
2023-04-12 12:00:00+09:00,23100.0,23200.0,23050.0,23100.0,7671,0.0,0.0
2023-04-12 13:00:00+09:00,23100.0,23100.0,22850.0,23050.0,11153,0.0,0.0
2023-04-12 14:00:00+09:00,23000.0,23150.0,22900.0,22950.0,9210,0.0,0.0
2023-04-13 09:00:00+09:00,23050.0,23300.0,22850.0,22950.0,18726,0.0,0.0
2023-04-13 10:00:00+09:00,22950.0,23000.0,22800.0,23000.0,10073,0.0,0.0
2023-04-13 11:00:00+09:00,23000.0,23050.0,22950.0,22950.0,5514,0.0,0.0
2023-04-13 12:00:00+09:00,22950.0,23100.0,22900.0,23050.0,5382,0.0,0.0
2023-04-13 13:00:00+09:00,23050.0,23200.0,23000.0,23150.0,5681,0.0,0.0
2023-04-13 14:00:00+09:00,23200.0,23500.0,23200.0,23300.0,39163,0.0,0.0
2023-04-14 09:00:00+09:00,23250.0,23800.0,23200.0,23600.0,21107,0.0,0.0
2023-04-14 10:00:00+09:00,23600.0,23700.0,23500.0,23650.0,6760,0.0,0.0
2023-04-14 11:00:00+09:00,23650.0,23750.0,23600.0,23650.0,9464,0.0,0.0
2023-04-14 12:00:00+09:00,23700.0,23850.0,23650.0,23750.0,13679,0.0,0.0
2023-04-14 13:00:00+09:00,23750.0,23800.0,23600.0,23750.0,12783,0.0,0.0
2023-04-14 14:00:00+09:00,23750.0,23750.0,23500.0,23550.0,13335,0.0,0.0
2023-04-17 09:00:00+09:00,23550.0,23550.0,23050.0,23050.0,0,0.0,0.0
2023-04-17 10:00:00+09:00,23050.0,23250.0,23000.0,23050.0,8024,0.0,0.0
2023-04-17 11:00:00+09:00,23100.0,23200.0,23050.0,23150.0,5787,0.0,0.0
2023-04-17 12:00:00+09:00,23150.0,23200.0,23050.0,23150.0,4753,0.0,0.0
2023-04-17 13:00:00+09:00,23100.0,23150.0,23050.0,23100.0,6779,0.0,0.0
2023-04-17 14:00:00+09:00,23050.0,23200.0,23050.0,23150.0,9320,0.0,0.0
2023-04-18 09:00:00+09:00,23200.0,23200.0,22900.0,23000.0,18177,0.0,0.0
2023-04-18 10:00:00+09:00,23000.0,23200.0,22850.0,23150.0,20026,0.0,0.0
2023-04-18 11:00:00+09:00,23200.0,23900.0,23200.0,23850.0,35891,0.0,0.0
2023-04-18 12:00:00+09:00,23900.0,24600.0,23850.0,24550.0,91519,0.0,0.0
2023-04-18 13:00:00+09:00,24500.0,25800.0,24500.0,25250.0,320894,0.0,0.0
2023-04-18 14:00:00+09:00,25250.0,25550.0,24900.0,25300.0,129288,0.0,0.0
2023-04-19 09:00:00+09:00,25850.0,25900.0,24900.0,25000.0,129171,0.0,0.0
2023-04-19 10:00:00+09:00,25000.0,25200.0,24700.0,25100.0,37082,0.0,0.0
2023-04-19 11:00:00+09:00,25050.0,25050.0,24750.0,24800.0,21540,0.0,0.0
2023-04-19 12:00:00+09:00,24800.0,24950.0,24750.0,24850.0,10252,0.0,0.0
2023-04-19 13:00:00+09:00,24850.0,25000.0,24800.0,24900.0,16552,0.0,0.0
2023-04-19 14:00:00+09:00,24900.0,25200.0,24700.0,25050.0,53461,0.0,0.0
2023-04-20 09:00:00+09:00,24900.0,25250.0,24350.0,24400.0,0,0.0,0.0
2023-04-20 10:00:00+09:00,24450.0,25250.0,24300.0,24500.0,61040,0.0,0.0
2023-04-20 11:00:00+09:00,24450.0,24600.0,24400.0,24450.0,10781,0.0,0.0
2023-04-20 12:00:00+09:00,24400.0,24950.0,24400.0,24850.0,16819,0.0,0.0
2023-04-20 13:00:00+09:00,24900.0,24900.0,24500.0,24550.0,11248,0.0,0.0
2023-04-20 14:00:00+09:00,24550.0,24600.0,24300.0,24450.0,28136,0.0,0.0
2023-04-21 09:00:00+09:00,24350.0,24350.0,23400.0,23400.0,50783,0.0,0.0
2023-04-21 10:00:00+09:00,23450.0,23750.0,23300.0,23650.0,25810,0.0,0.0
2023-04-21 11:00:00+09:00,23500.0,23650.0,23200.0,23200.0,33558,0.0,0.0
2023-04-21 12:00:00+09:00,23200.0,23300.0,23050.0,23100.0,35395,0.0,0.0
2023-04-21 13:00:00+09:00,23100.0,23250.0,22950.0,23100.0,51950,0.0,0.0
2023-04-21 14:00:00+09:00,23100.0,23300.0,23000.0,23000.0,42556,0.0,0.0
2023-04-24 09:00:00+09:00,23050.0,23200.0,22650.0,22700.0,0,0.0,0.0
2023-04-24 10:00:00+09:00,22750.0,22800.0,22400.0,22500.0,40178,0.0,0.0
2023-04-24 11:00:00+09:00,22450.0,22500.0,22300.0,22300.0,20575,0.0,0.0
2023-04-24 12:00:00+09:00,22300.0,22450.0,22250.0,22400.0,15862,0.0,0.0
2023-04-24 13:00:00+09:00,22400.0,22650.0,22400.0,22600.0,16442,0.0,0.0
2023-04-24 14:00:00+09:00,22550.0,22750.0,22500.0,22550.0,10577,0.0,0.0
2023-04-25 09:00:00+09:00,22500.0,22750.0,22500.0,22700.0,0,0.0,0.0
2023-04-25 10:00:00+09:00,22750.0,22800.0,22400.0,22450.0,16980,0.0,0.0
2023-04-25 11:00:00+09:00,22500.0,22500.0,22200.0,22300.0,20903,0.0,0.0
2023-04-25 12:00:00+09:00,22250.0,22350.0,22200.0,22200.0,14832,0.0,0.0
2023-04-25 13:00:00+09:00,22250.0,22350.0,22150.0,22200.0,18192,0.0,0.0
2023-04-25 14:00:00+09:00,22150.0,22350.0,22150.0,22150.0,20797,0.0,0.0
2023-04-26 09:00:00+09:00,22250.0,22750.0,22150.0,22700.0,24081,0.0,0.0
2023-04-26 10:00:00+09:00,22700.0,23000.0,22650.0,22900.0,26261,0.0,0.0
2023-04-26 11:00:00+09:00,22900.0,22900.0,22500.0,22550.0,7769,0.0,0.0
2023-04-26 12:00:00+09:00,22500.0,22650.0,22400.0,22500.0,6639,0.0,0.0
2023-04-26 13:00:00+09:00,22500.0,22650.0,22400.0,22500.0,4972,0.0,0.0
2023-04-26 14:00:00+09:00,22500.0,22600.0,22350.0,22450.0,7141,0.0,0.0
2023-04-27 09:00:00+09:00,22550.0,22650.0,22300.0,22400.0,0,0.0,0.0
2023-04-27 10:00:00+09:00,22400.0,22450.0,22250.0,22450.0,9213,0.0,0.0
2023-04-27 11:00:00+09:00,22450.0,22450.0,22300.0,22350.0,5028,0.0,0.0
2023-04-27 12:00:00+09:00,22350.0,22400.0,22100.0,22250.0,23866,0.0,0.0
2023-04-27 13:00:00+09:00,22250.0,22350.0,22100.0,22350.0,12862,0.0,0.0
2023-04-27 14:00:00+09:00,22350.0,22450.0,22250.0,22450.0,11280,0.0,0.0
2023-04-28 09:00:00+09:00,22300.0,22550.0,22000.0,22450.0,0,0.0,0.0
2023-04-28 10:00:00+09:00,22500.0,22650.0,22350.0,22600.0,43784,0.0,0.0
2023-04-28 11:00:00+09:00,22600.0,22650.0,22300.0,22350.0,11256,0.0,0.0
2023-04-28 12:00:00+09:00,22300.0,22400.0,22250.0,22250.0,8101,0.0,0.0
2023-04-28 13:00:00+09:00,22250.0,22400.0,22200.0,22200.0,19094,0.0,0.0
2023-04-28 14:00:00+09:00,22250.0,22400.0,22150.0,22300.0,31803,0.0,0.0
2023-05-02 09:00:00+09:00,22250.0,22500.0,22000.0,22300.0,0,0.0,0.0
2023-05-02 10:00:00+09:00,22250.0,22450.0,22250.0,22300.0,4859,0.0,0.0
2023-05-02 11:00:00+09:00,22350.0,22400.0,22200.0,22350.0,7553,0.0,0.0
2023-05-02 12:00:00+09:00,22350.0,22400.0,22300.0,22400.0,3345,0.0,0.0
2023-05-02 13:00:00+09:00,22400.0,22650.0,22350.0,22550.0,17347,0.0,0.0
2023-05-02 14:00:00+09:00,22550.0,22600.0,22400.0,22450.0,6823,0.0,0.0
2023-05-03 09:00:00+09:00,22300.0,22550.0,22200.0,22200.0,0,0.0,0.0
2023-05-03 10:00:00+09:00,22250.0,22250.0,22100.0,22150.0,12010,0.0,0.0
2023-05-03 11:00:00+09:00,22150.0,22150.0,22050.0,22150.0,15629,0.0,0.0
2023-05-03 12:00:00+09:00,22150.0,22150.0,22000.0,22050.0,26190,0.0,0.0
2023-05-03 13:00:00+09:00,22050.0,22050.0,21850.0,21900.0,34406,0.0,0.0
2023-05-03 14:00:00+09:00,21900.0,21950.0,21750.0,21750.0,44590,0.0,0.0
2023-05-04 09:00:00+09:00,21800.0,21950.0,21650.0,21800.0,0,0.0,0.0
2023-05-04 10:00:00+09:00,21800.0,21800.0,21600.0,21650.0,16355,0.0,0.0
2023-05-04 11:00:00+09:00,21700.0,21800.0,21550.0,21750.0,10346,0.0,0.0
2023-05-04 12:00:00+09:00,21750.0,21950.0,21750.0,21950.0,9023,0.0,0.0
2023-05-04 13:00:00+09:00,21900.0,21950.0,21750.0,21850.0,9610,0.0,0.0
2023-05-04 14:00:00+09:00,21850.0,22100.0,21800.0,22050.0,21523,0.0,0.0
2023-05-08 09:00:00+09:00,21950.0,22400.0,21950.0,22150.0,0,0.0,0.0
2023-05-08 10:00:00+09:00,22100.0,22250.0,22100.0,22150.0,4671,0.0,0.0
2023-05-08 11:00:00+09:00,22200.0,22200.0,22050.0,22150.0,5773,0.0,0.0
2023-05-08 12:00:00+09:00,22150.0,22200.0,22000.0,22150.0,4324,0.0,0.0
2023-05-08 13:00:00+09:00,22100.0,22150.0,22000.0,22000.0,2809,0.0,0.0
2023-05-08 14:00:00+09:00,22000.0,22150.0,22000.0,22150.0,5696,0.0,0.0
2023-05-09 09:00:00+09:00,22050.0,22150.0,21900.0,21900.0,0,0.0,0.0
2023-05-09 10:00:00+09:00,22000.0,22050.0,21900.0,21950.0,9244,0.0,0.0
2023-05-09 11:00:00+09:00,21950.0,22100.0,21950.0,22000.0,4202,0.0,0.0
2023-05-09 12:00:00+09:00,22000.0,22100.0,21950.0,21950.0,10030,0.0,0.0
2023-05-09 13:00:00+09:00,21950.0,22050.0,21900.0,21900.0,20841,0.0,0.0
2023-05-09 14:00:00+09:00,21900.0,22200.0,21850.0,22050.0,23053,0.0,0.0
2023-05-10 09:00:00+09:00,22250.0,22700.0,22000.0,22450.0,0,0.0,0.0
2023-05-10 10:00:00+09:00,22450.0,22700.0,22400.0,22550.0,19932,0.0,0.0
2023-05-10 11:00:00+09:00,22550.0,22700.0,22300.0,22300.0,12042,0.0,0.0
2023-05-10 12:00:00+09:00,22300.0,22500.0,22300.0,22400.0,9454,0.0,0.0
2023-05-10 13:00:00+09:00,22350.0,22400.0,22200.0,22250.0,11939,0.0,0.0
2023-05-10 14:00:00+09:00,22250.0,22350.0,22200.0,22200.0,17795,0.0,0.0
2023-05-11 09:00:00+09:00,22450.0,22600.0,22200.0,22500.0,0,0.0,0.0
2023-05-11 10:00:00+09:00,22550.0,22550.0,22350.0,22500.0,12551,0.0,0.0
2023-05-11 11:00:00+09:00,22500.0,22550.0,22400.0,22400.0,5932,0.0,0.0
2023-05-11 12:00:00+09:00,22450.0,22450.0,22300.0,22350.0,15805,0.0,0.0
2023-05-11 13:00:00+09:00,22350.0,22400.0,22250.0,22300.0,11734,0.0,0.0
2023-05-11 14:00:00+09:00,22300.0,22400.0,22250.0,22350.0,15129,0.0,0.0
2023-05-12 09:00:00+09:00,22300.0,22350.0,22100.0,22300.0,15521,0.0,0.0
2023-05-12 10:00:00+09:00,22350.0,22350.0,22100.0,22150.0,8876,0.0,0.0
2023-05-12 11:00:00+09:00,22200.0,22300.0,22150.0,22200.0,5198,0.0,0.0
2023-05-12 12:00:00+09:00,22200.0,22300.0,22200.0,22250.0,3674,0.0,0.0
2023-05-12 13:00:00+09:00,22200.0,22350.0,22200.0,22300.0,4172,0.0,0.0
2023-05-12 14:00:00+09:00,22300.0,22300.0,22150.0,22150.0,5085,0.0,0.0
2023-05-15 09:00:00+09:00,21950.0,22050.0,21400.0,21500.0,0,0.0,0.0
2023-05-15 10:00:00+09:00,21500.0,21500.0,21050.0,21050.0,60548,0.0,0.0
2023-05-15 11:00:00+09:00,21100.0,21150.0,20800.0,20850.0,56023,0.0,0.0
2023-05-15 12:00:00+09:00,20900.0,20950.0,20750.0,20850.0,32968,0.0,0.0
2023-05-15 13:00:00+09:00,20850.0,20950.0,20800.0,20900.0,23996,0.0,0.0
2023-05-15 14:00:00+09:00,20950.0,21100.0,20900.0,21050.0,24511,0.0,0.0
2023-05-16 09:00:00+09:00,21050.0,21300.0,20950.0,21000.0,0,0.0,0.0
2023-05-16 10:00:00+09:00,21050.0,21050.0,20850.0,20850.0,15238,0.0,0.0
2023-05-16 11:00:00+09:00,20850.0,20900.0,20800.0,20800.0,10465,0.0,0.0
2023-05-16 12:00:00+09:00,20800.0,20900.0,20650.0,20800.0,20493,0.0,0.0
2023-05-16 13:00:00+09:00,20750.0,20850.0,20700.0,20800.0,11554,0.0,0.0
2023-05-16 14:00:00+09:00,20800.0,21050.0,20750.0,20800.0,22206,0.0,0.0
2023-05-17 09:00:00+09:00,20850.0,21200.0,20850.0,21150.0,0,0.0,0.0
2023-05-17 10:00:00+09:00,21150.0,21300.0,21050.0,21200.0,19421,0.0,0.0
2023-05-17 11:00:00+09:00,21200.0,21250.0,21050.0,21200.0,9054,0.0,0.0
2023-05-17 12:00:00+09:00,21200.0,21250.0,21150.0,21200.0,6625,0.0,0.0
2023-05-17 13:00:00+09:00,21150.0,21250.0,21150.0,21250.0,5820,0.0,0.0
2023-05-17 14:00:00+09:00,21250.0,21250.0,21050.0,21200.0,9194,0.0,0.0
2023-05-18 09:00:00+09:00,21150.0,21300.0,21000.0,21050.0,18603,0.0,0.0
2023-05-18 10:00:00+09:00,21000.0,21200.0,21000.0,21100.0,6009,0.0,0.0
2023-05-18 11:00:00+09:00,21100.0,21100.0,21000.0,21100.0,4341,0.0,0.0
2023-05-18 12:00:00+09:00,21100.0,21150.0,21000.0,21100.0,5677,0.0,0.0
2023-05-18 13:00:00+09:00,21050.0,21150.0,21000.0,21100.0,3974,0.0,0.0
2023-05-18 14:00:00+09:00,21100.0,21150.0,21000.0,21050.0,9553,0.0,0.0
2023-05-19 09:00:00+09:00,21100.0,21400.0,21100.0,21300.0,0,0.0,0.0
2023-05-19 10:00:00+09:00,21350.0,21350.0,21050.0,21100.0,9257,0.0,0.0
2023-05-19 11:00:00+09:00,21100.0,21250.0,21050.0,21100.0,7133,0.0,0.0
2023-05-19 12:00:00+09:00,21100.0,21250.0,21100.0,21150.0,5587,0.0,0.0
2023-05-19 13:00:00+09:00,21150.0,21300.0,21100.0,21250.0,6859,0.0,0.0
2023-05-19 14:00:00+09:00,21200.0,21600.0,21200.0,21600.0,33568,0.0,0.0
2023-05-22 09:00:00+09:00,21600.0,21650.0,21350.0,21500.0,0,0.0,0.0
2023-05-22 10:00:00+09:00,21550.0,21750.0,21550.0,21750.0,17627,0.0,0.0
2023-05-22 11:00:00+09:00,21750.0,21800.0,21600.0,21650.0,8922,0.0,0.0
2023-05-22 12:00:00+09:00,21650.0,21750.0,21600.0,21650.0,9833,0.0,0.0
2023-05-22 13:00:00+09:00,21700.0,21700.0,21550.0,21600.0,7471,0.0,0.0
2023-05-22 14:00:00+09:00,21600.0,21750.0,21600.0,21700.0,9078,0.0,0.0
2023-05-23 09:00:00+09:00,21650.0,21750.0,21500.0,21650.0,11367,0.0,0.0
2023-05-23 10:00:00+09:00,21650.0,21800.0,21600.0,21750.0,10747,0.0,0.0
2023-05-23 11:00:00+09:00,21700.0,21800.0,21650.0,21750.0,7652,0.0,0.0
2023-05-23 12:00:00+09:00,21750.0,21800.0,21650.0,21750.0,14006,0.0,0.0
2023-05-23 13:00:00+09:00,21750.0,21800.0,21650.0,21800.0,7940,0.0,0.0
2023-05-23 14:00:00+09:00,21800.0,21850.0,21750.0,21850.0,6617,0.0,0.0
2023-05-24 09:00:00+09:00,21550.0,21650.0,21400.0,21500.0,15803,0.0,0.0
2023-05-24 10:00:00+09:00,21550.0,21700.0,21500.0,21600.0,7281,0.0,0.0
2023-05-24 11:00:00+09:00,21600.0,21650.0,21550.0,21600.0,2295,0.0,0.0
2023-05-24 12:00:00+09:00,21550.0,21700.0,21550.0,21650.0,3298,0.0,0.0
2023-05-24 13:00:00+09:00,21650.0,21700.0,21550.0,21550.0,2532,0.0,0.0
2023-05-24 14:00:00+09:00,21600.0,21700.0,21550.0,21600.0,4009,0.0,0.0
2023-05-25 09:00:00+09:00,21500.0,21700.0,21500.0,21650.0,0,0.0,0.0
2023-05-25 10:00:00+09:00,21650.0,21700.0,21400.0,21550.0,13008,0.0,0.0
2023-05-25 11:00:00+09:00,21550.0,21600.0,21450.0,21450.0,5690,0.0,0.0
2023-05-25 12:00:00+09:00,21450.0,21550.0,21350.0,21400.0,7865,0.0,0.0
2023-05-25 13:00:00+09:00,21400.0,21450.0,21300.0,21350.0,8040,0.0,0.0
2023-05-25 14:00:00+09:00,21300.0,21450.0,21300.0,21400.0,8257,0.0,0.0
2023-05-26 09:00:00+09:00,21350.0,21400.0,21200.0,21250.0,0,0.0,0.0
2023-05-26 10:00:00+09:00,21250.0,21300.0,21150.0,21150.0,16704,0.0,0.0
2023-05-26 11:00:00+09:00,21200.0,21200.0,21100.0,21100.0,10904,0.0,0.0
2023-05-26 12:00:00+09:00,21100.0,21150.0,21000.0,21150.0,10479,0.0,0.0
2023-05-26 13:00:00+09:00,21100.0,21100.0,21000.0,21050.0,4444,0.0,0.0
2023-05-26 14:00:00+09:00,21050.0,21200.0,21050.0,21100.0,7052,0.0,0.0
2023-05-30 09:00:00+09:00,21100.0,21350.0,20950.0,21100.0,0,0.0,0.0
2023-05-30 10:00:00+09:00,21100.0,21200.0,21050.0,21150.0,5791,0.0,0.0
2023-05-30 11:00:00+09:00,21150.0,21200.0,21100.0,21100.0,0,0.0,0.0
2023-05-30 12:00:00+09:00,21150.0,21150.0,21050.0,21100.0,32124,0.0,0.0
2023-05-30 13:00:00+09:00,21100.0,21200.0,21000.0,21200.0,3945,0.0,0.0
2023-05-30 14:00:00+09:00,21200.0,21250.0,21150.0,21200.0,5711,0.0,0.0
2023-05-31 09:00:00+09:00,21200.0,21350.0,21050.0,21250.0,0,0.0,0.0
2023-05-31 10:00:00+09:00,21250.0,21450.0,21200.0,21250.0,10591,0.0,0.0
2023-05-31 11:00:00+09:00,21300.0,21350.0,21200.0,21350.0,6560,0.0,0.0
2023-05-31 12:00:00+09:00,21350.0,21400.0,21200.0,21350.0,6733,0.0,0.0
2023-05-31 13:00:00+09:00,21350.0,21400.0,21250.0,21350.0,6752,0.0,0.0
2023-05-31 14:00:00+09:00,21350.0,21350.0,21150.0,21150.0,7108,0.0,0.0
2023-06-01 09:00:00+09:00,21150.0,21200.0,21000.0,21100.0,0,0.0,0.0
2023-06-01 10:00:00+09:00,21150.0,21400.0,21100.0,21300.0,10646,0.0,0.0
2023-06-01 11:00:00+09:00,21300.0,21350.0,21250.0,21300.0,2600,0.0,0.0
2023-06-01 12:00:00+09:00,21300.0,21350.0,21200.0,21350.0,3066,0.0,0.0
2023-06-01 13:00:00+09:00,21300.0,21400.0,21300.0,21300.0,5637,0.0,0.0
2023-06-01 14:00:00+09:00,21350.0,21400.0,21200.0,21350.0,8128,0.0,0.0
2023-06-02 09:00:00+09:00,21450.0,21450.0,21150.0,21200.0,0,0.0,0.0
2023-06-02 10:00:00+09:00,21200.0,21250.0,21150.0,21150.0,7301,0.0,0.0
2023-06-02 11:00:00+09:00,21150.0,21300.0,21150.0,21250.0,3356,0.0,0.0
2023-06-02 12:00:00+09:00,21250.0,21300.0,21150.0,21250.0,9071,0.0,0.0
2023-06-02 13:00:00+09:00,21250.0,21300.0,21200.0,21250.0,2519,0.0,0.0
2023-06-02 14:00:00+09:00,21250.0,21350.0,21200.0,21250.0,6881,0.0,0.0
2023-06-05 09:00:00+09:00,21450.0,21600.0,21250.0,21550.0,0,0.0,0.0
2023-06-05 10:00:00+09:00,21550.0,21550.0,21350.0,21350.0,5081,0.0,0.0
2023-06-05 11:00:00+09:00,21350.0,21550.0,21350.0,21450.0,4172,0.0,0.0
2023-06-05 12:00:00+09:00,21500.0,21700.0,21450.0,21600.0,14490,0.0,0.0
2023-06-05 13:00:00+09:00,21650.0,21700.0,21500.0,21550.0,6138,0.0,0.0
2023-06-05 14:00:00+09:00,21500.0,21600.0,21450.0,21500.0,6610,0.0,0.0
2023-06-07 09:00:00+09:00,21550.0,21850.0,21550.0,21750.0,0,0.0,0.0
2023-06-07 10:00:00+09:00,21800.0,21850.0,21650.0,21700.0,11610,0.0,0.0
2023-06-07 11:00:00+09:00,21750.0,21800.0,21700.0,21800.0,7999,0.0,0.0
2023-06-07 12:00:00+09:00,21800.0,21800.0,21600.0,21650.0,7000,0.0,0.0
2023-06-07 13:00:00+09:00,21600.0,21700.0,21500.0,21550.0,9453,0.0,0.0
2023-06-07 14:00:00+09:00,21550.0,21600.0,21450.0,21450.0,6339,0.0,0.0
2023-06-08 09:00:00+09:00,21150.0,21500.0,21150.0,21200.0,16662,0.0,0.0
2023-06-08 10:00:00+09:00,21200.0,21300.0,21150.0,21150.0,15002,0.0,0.0
2023-06-08 11:00:00+09:00,21150.0,21300.0,21100.0,21200.0,5783,0.0,0.0
2023-06-08 12:00:00+09:00,21250.0,21350.0,21200.0,21250.0,4896,0.0,0.0
2023-06-08 13:00:00+09:00,21200.0,21250.0,21100.0,21150.0,6104,0.0,0.0
2023-06-08 14:00:00+09:00,21200.0,21300.0,21150.0,21250.0,4663,0.0,0.0
2023-06-09 09:00:00+09:00,21250.0,21750.0,21150.0,21550.0,0,0.0,0.0
2023-06-09 10:00:00+09:00,21550.0,21650.0,21450.0,21500.0,6455,0.0,0.0
2023-06-09 11:00:00+09:00,21500.0,21500.0,21300.0,21400.0,6692,0.0,0.0
2023-06-09 12:00:00+09:00,21350.0,21400.0,21300.0,21350.0,4704,0.0,0.0
2023-06-09 13:00:00+09:00,21350.0,21450.0,21300.0,21450.0,8152,0.0,0.0
2023-06-09 14:00:00+09:00,21450.0,21450.0,21250.0,21300.0,9638,0.0,0.0
2023-06-12 09:00:00+09:00,21250.0,21300.0,20950.0,20950.0,0,0.0,0.0
2023-06-12 10:00:00+09:00,20950.0,20950.0,20750.0,20800.0,27586,0.0,0.0
2023-06-12 11:00:00+09:00,20750.0,20850.0,20700.0,20750.0,15393,0.0,0.0
2023-06-12 12:00:00+09:00,20800.0,20800.0,20700.0,20800.0,10721,0.0,0.0
2023-06-12 13:00:00+09:00,20800.0,20850.0,20700.0,20800.0,12823,0.0,0.0
2023-06-12 14:00:00+09:00,20800.0,20850.0,20750.0,20850.0,10839,0.0,0.0
2023-06-13 09:00:00+09:00,20900.0,21150.0,20900.0,21000.0,0,0.0,0.0
2023-06-13 10:00:00+09:00,21050.0,21050.0,20900.0,21000.0,6395,0.0,0.0
2023-06-13 11:00:00+09:00,20950.0,21000.0,20750.0,20750.0,7836,0.0,0.0
2023-06-13 12:00:00+09:00,20750.0,20850.0,20750.0,20800.0,4844,0.0,0.0
2023-06-13 13:00:00+09:00,20800.0,20800.0,20700.0,20750.0,9450,0.0,0.0
2023-06-13 14:00:00+09:00,20750.0,20950.0,20750.0,20900.0,9278,0.0,0.0
2023-06-14 09:00:00+09:00,20850.0,20850.0,20600.0,20700.0,0,0.0,0.0
2023-06-14 10:00:00+09:00,20750.0,20850.0,20700.0,20750.0,6190,0.0,0.0
2023-06-14 11:00:00+09:00,20750.0,20750.0,20650.0,20700.0,2722,0.0,0.0
2023-06-14 12:00:00+09:00,20700.0,20700.0,20650.0,20700.0,2785,0.0,0.0
2023-06-14 13:00:00+09:00,20650.0,20700.0,20550.0,20550.0,17876,0.0,0.0
2023-06-14 14:00:00+09:00,20600.0,20700.0,20500.0,20650.0,13360,0.0,0.0
2023-06-15 09:00:00+09:00,20600.0,20750.0,20500.0,20550.0,19272,0.0,0.0
2023-06-15 10:00:00+09:00,20550.0,20600.0,20150.0,20150.0,31687,0.0,0.0
2023-06-15 11:00:00+09:00,20150.0,20250.0,20100.0,20150.0,16198,0.0,0.0
2023-06-15 12:00:00+09:00,20150.0,20350.0,20150.0,20350.0,8097,0.0,0.0
2023-06-15 13:00:00+09:00,20350.0,20350.0,20150.0,20150.0,5095,0.0,0.0
2023-06-15 14:00:00+09:00,20150.0,20500.0,20150.0,20400.0,12386,0.0,0.0
2023-06-16 09:00:00+09:00,20300.0,20800.0,20300.0,20600.0,28642,0.0,0.0
2023-06-16 10:00:00+09:00,20650.0,20650.0,20450.0,20450.0,7070,0.0,0.0
2023-06-16 11:00:00+09:00,20500.0,20500.0,20350.0,20350.0,5571,0.0,0.0
2023-06-16 12:00:00+09:00,20350.0,20450.0,20200.0,20300.0,11931,0.0,0.0
2023-06-16 13:00:00+09:00,20350.0,20400.0,20250.0,20250.0,7629,0.0,0.0
2023-06-16 14:00:00+09:00,20300.0,20400.0,20250.0,20300.0,8428,0.0,0.0
2023-06-19 09:00:00+09:00,20300.0,20300.0,20000.0,20050.0,0,0.0,0.0
2023-06-19 10:00:00+09:00,20050.0,20150.0,20000.0,20050.0,10050,0.0,0.0
2023-06-19 11:00:00+09:00,20100.0,20100.0,20000.0,20050.0,13096,0.0,0.0
2023-06-19 12:00:00+09:00,20050.0,20100.0,19990.0,20050.0,12365,0.0,0.0
2023-06-19 13:00:00+09:00,20100.0,20100.0,19990.0,20100.0,7523,0.0,0.0
2023-06-19 14:00:00+09:00,20100.0,20200.0,20000.0,20150.0,13590,0.0,0.0
2023-06-20 09:00:00+09:00,20250.0,21350.0,20150.0,20750.0,20278,0.0,0.0
2023-06-20 10:00:00+09:00,20750.0,20800.0,20650.0,20650.0,13036,0.0,0.0
2023-06-20 11:00:00+09:00,20650.0,20750.0,20650.0,20700.0,5493,0.0,0.0
2023-06-20 12:00:00+09:00,20700.0,20800.0,20700.0,20750.0,7623,0.0,0.0
2023-06-20 13:00:00+09:00,20750.0,20800.0,20600.0,20600.0,6468,0.0,0.0
2023-06-20 14:00:00+09:00,20600.0,20650.0,20500.0,20550.0,17576,0.0,0.0
2023-06-21 09:00:00+09:00,20700.0,20700.0,20200.0,20200.0,21093,0.0,0.0
2023-06-21 10:00:00+09:00,20250.0,20250.0,19990.0,20100.0,36562,0.0,0.0
2023-06-21 11:00:00+09:00,20150.0,20250.0,20100.0,20150.0,5914,0.0,0.0
2023-06-21 12:00:00+09:00,20150.0,20200.0,20100.0,20150.0,6368,0.0,0.0
2023-06-21 13:00:00+09:00,20100.0,20150.0,20050.0,20050.0,7438,0.0,0.0
2023-06-21 14:00:00+09:00,20100.0,20150.0,20050.0,20100.0,9996,0.0,0.0
2023-06-22 09:00:00+09:00,20050.0,20150.0,19850.0,20050.0,0,0.0,0.0
2023-06-22 10:00:00+09:00,20050.0,20200.0,20050.0,20100.0,8690,0.0,0.0
2023-06-22 11:00:00+09:00,20100.0,20100.0,20000.0,20050.0,3205,0.0,0.0
2023-06-22 12:00:00+09:00,20050.0,20050.0,19960.0,20000.0,5804,0.0,0.0
2023-06-22 13:00:00+09:00,20000.0,20100.0,19930.0,19940.0,7718,0.0,0.0
2023-06-22 14:00:00+09:00,19930.0,20100.0,19920.0,20000.0,16799,0.0,0.0
2023-06-23 09:00:00+09:00,20000.0,20000.0,19780.0,19780.0,23746,0.0,0.0
2023-06-23 10:00:00+09:00,19790.0,19800.0,19650.0,19700.0,27491,0.0,0.0
2023-06-23 11:00:00+09:00,19700.0,20050.0,19700.0,19920.0,13164,0.0,0.0
2023-06-23 12:00:00+09:00,19920.0,19960.0,19840.0,19850.0,5778,0.0,0.0
2023-06-23 13:00:00+09:00,19840.0,19860.0,19720.0,19780.0,14235,0.0,0.0
2023-06-23 14:00:00+09:00,19790.0,19820.0,19720.0,19770.0,4320,0.0,0.0
2023-06-26 09:00:00+09:00,19770.0,19890.0,19320.0,19890.0,0,0.0,0.0
2023-06-26 10:00:00+09:00,19900.0,20100.0,19860.0,20000.0,12030,0.0,0.0
2023-06-26 11:00:00+09:00,20000.0,20000.0,19920.0,19920.0,6465,0.0,0.0
2023-06-26 12:00:00+09:00,19920.0,19920.0,19780.0,19790.0,2630,0.0,0.0
2023-06-26 13:00:00+09:00,19790.0,19830.0,19780.0,19790.0,4560,0.0,0.0
2023-06-26 14:00:00+09:00,19770.0,19770.0,19720.0,19730.0,3655,0.0,0.0
2023-06-27 09:00:00+09:00,19730.0,19810.0,19570.0,19690.0,0,0.0,0.0
2023-06-27 10:00:00+09:00,19710.0,19730.0,19580.0,19710.0,8996,0.0,0.0
2023-06-27 11:00:00+09:00,19710.0,19710.0,19600.0,19610.0,5201,0.0,0.0
2023-06-27 12:00:00+09:00,19620.0,19620.0,19600.0,19620.0,2146,0.0,0.0
2023-06-27 13:00:00+09:00,19620.0,19720.0,19440.0,19470.0,25539,0.0,0.0
2023-06-27 14:00:00+09:00,19470.0,19550.0,19440.0,19550.0,10527,0.0,0.0
2023-06-28 09:00:00+09:00,19550.0,19610.0,19390.0,19410.0,0,0.0,0.0
2023-06-28 10:00:00+09:00,19420.0,19420.0,19110.0,19120.0,32797,0.0,0.0
2023-06-28 11:00:00+09:00,19120.0,19290.0,19090.0,19230.0,17103,0.0,0.0
2023-06-28 12:00:00+09:00,19230.0,19550.0,19220.0,19460.0,12812,0.0,0.0
2023-06-28 13:00:00+09:00,19460.0,19560.0,19360.0,19500.0,11222,0.0,0.0
2023-06-28 14:00:00+09:00,19510.0,19540.0,19330.0,19330.0,7325,0.0,0.0
2023-06-29 09:00:00+09:00,19540.0,19540.0,19220.0,19220.0,11461,0.0,0.0
2023-06-29 10:00:00+09:00,19220.0,19220.0,19010.0,19010.0,28638,0.0,0.0
2023-06-29 11:00:00+09:00,19010.0,19030.0,18840.0,19030.0,50046,0.0,0.0
2023-06-29 12:00:00+09:00,19070.0,19070.0,18850.0,19000.0,10774,0.0,0.0
2023-06-29 13:00:00+09:00,18980.0,19040.0,18900.0,18960.0,11644,0.0,0.0
2023-06-29 14:00:00+09:00,18950.0,18980.0,18870.0,18890.0,12817,0.0,0.0
2023-06-30 09:00:00+09:00,18890.0,19080.0,18840.0,18970.0,0,0.0,0.0
2023-06-30 10:00:00+09:00,18990.0,19110.0,18970.0,19040.0,9751,0.0,0.0
2023-06-30 11:00:00+09:00,19040.0,19130.0,19030.0,19050.0,5360,0.0,0.0
2023-06-30 12:00:00+09:00,19050.0,19110.0,19030.0,19080.0,3534,0.0,0.0
2023-06-30 13:00:00+09:00,19070.0,19090.0,19030.0,19050.0,4787,0.0,0.0
2023-06-30 14:00:00+09:00,19050.0,19200.0,19030.0,19120.0,16956,0.0,0.0
2023-07-03 09:00:00+09:00,19100.0,19330.0,19060.0,19230.0,0,0.0,0.0
2023-07-03 10:00:00+09:00,19230.0,19340.0,19080.0,19330.0,12546,0.0,0.0
2023-07-03 11:00:00+09:00,19340.0,19340.0,19210.0,19220.0,5523,0.0,0.0
2023-07-03 12:00:00+09:00,19230.0,19230.0,19160.0,19190.0,3831,0.0,0.0
2023-07-03 13:00:00+09:00,19190.0,19190.0,19050.0,19080.0,9654,0.0,0.0
2023-07-03 14:00:00+09:00,19080.0,19200.0,19070.0,19130.0,6468,0.0,0.0
2023-07-04 09:00:00+09:00,19140.0,19160.0,18880.0,18920.0,0,0.0,0.0
2023-07-04 10:00:00+09:00,18920.0,19200.0,18900.0,19110.0,9169,0.0,0.0
2023-07-04 11:00:00+09:00,19100.0,19150.0,19030.0,19050.0,5116,0.0,0.0
2023-07-04 12:00:00+09:00,19050.0,19160.0,19040.0,19130.0,3680,0.0,0.0
2023-07-04 13:00:00+09:00,19110.0,19160.0,19070.0,19110.0,3781,0.0,0.0
2023-07-04 14:00:00+09:00,19100.0,19110.0,19060.0,19060.0,6086,0.0,0.0
2023-07-05 09:00:00+09:00,19050.0,19190.0,18950.0,19010.0,13267,0.0,0.0
2023-07-05 10:00:00+09:00,19020.0,19070.0,18960.0,19010.0,6885,0.0,0.0
2023-07-05 11:00:00+09:00,19010.0,19030.0,18920.0,18950.0,11949,0.0,0.0
2023-07-05 12:00:00+09:00,18970.0,18980.0,18950.0,18960.0,5936,0.0,0.0
2023-07-05 13:00:00+09:00,18970.0,18990.0,18910.0,18930.0,11315,0.0,0.0
2023-07-05 14:00:00+09:00,18930.0,18950.0,18910.0,18920.0,7329,0.0,0.0
2023-07-06 09:00:00+09:00,18720.0,18890.0,18480.0,18520.0,0,0.0,0.0
2023-07-06 10:00:00+09:00,18520.0,18570.0,18500.0,18510.0,8573,0.0,0.0
2023-07-06 11:00:00+09:00,18510.0,18510.0,18410.0,18430.0,15767,0.0,0.0
2023-07-06 12:00:00+09:00,18420.0,18440.0,18300.0,18310.0,17281,0.0,0.0
2023-07-06 13:00:00+09:00,18300.0,18300.0,18220.0,18240.0,25558,0.0,0.0
2023-07-06 14:00:00+09:00,18240.0,18340.0,18220.0,18260.0,22007,0.0,0.0
2023-07-07 09:00:00+09:00,18110.0,18430.0,18080.0,18220.0,0,0.0,0.0
2023-07-07 10:00:00+09:00,18220.0,18310.0,18080.0,18090.0,20943,0.0,0.0
2023-07-07 11:00:00+09:00,18090.0,18090.0,17990.0,18010.0,16572,0.0,0.0
2023-07-07 12:00:00+09:00,18010.0,18140.0,18010.0,18120.0,5722,0.0,0.0
2023-07-07 13:00:00+09:00,18110.0,18160.0,18060.0,18060.0,9638,0.0,0.0
2023-07-07 14:00:00+09:00,18060.0,18150.0,18030.0,18050.0,8865,0.0,0.0
2023-07-10 09:00:00+09:00,17960.0,18190.0,17910.0,18010.0,0,0.0,0.0
2023-07-10 10:00:00+09:00,18010.0,18100.0,17960.0,18020.0,7091,0.0,0.0
2023-07-10 11:00:00+09:00,18020.0,18100.0,18000.0,18080.0,7752,0.0,0.0
2023-07-10 12:00:00+09:00,18080.0,18090.0,17950.0,17980.0,13945,0.0,0.0
2023-07-10 13:00:00+09:00,17990.0,18080.0,17920.0,18030.0,10741,0.0,0.0
2023-07-10 14:00:00+09:00,18040.0,18080.0,17910.0,17970.0,11437,0.0,0.0
2023-07-11 09:00:00+09:00,17970.0,18390.0,17960.0,18320.0,0,0.0,0.0
2023-07-11 10:00:00+09:00,18320.0,18360.0,18140.0,18160.0,9604,0.0,0.0
2023-07-11 11:00:00+09:00,18160.0,18190.0,18110.0,18120.0,5327,0.0,0.0
2023-07-11 12:00:00+09:00,18120.0,18180.0,18100.0,18170.0,5883,0.0,0.0
2023-07-11 13:00:00+09:00,18170.0,18190.0,18100.0,18140.0,6099,0.0,0.0
2023-07-11 14:00:00+09:00,18140.0,18310.0,18140.0,18300.0,8850,0.0,0.0
2023-07-12 09:00:00+09:00,18300.0,18440.0,18160.0,18380.0,0,0.0,0.0
2023-07-12 10:00:00+09:00,18380.0,18380.0,18260.0,18290.0,14010,0.0,0.0
2023-07-12 11:00:00+09:00,18290.0,18350.0,18270.0,18290.0,3431,0.0,0.0
2023-07-12 12:00:00+09:00,18290.0,18350.0,18290.0,18340.0,4376,0.0,0.0
2023-07-12 13:00:00+09:00,18330.0,18390.0,18330.0,18380.0,7072,0.0,0.0
2023-07-12 14:00:00+09:00,18390.0,18530.0,18350.0,18460.0,13780,0.0,0.0
2023-07-13 09:00:00+09:00,18680.0,18900.0,18540.0,18590.0,0,0.0,0.0
2023-07-13 10:00:00+09:00,18590.0,18630.0,18320.0,18340.0,25027,0.0,0.0
2023-07-13 11:00:00+09:00,18340.0,18370.0,18170.0,18180.0,33485,0.0,0.0
2023-07-13 12:00:00+09:00,18180.0,18200.0,18040.0,18050.0,30800,0.0,0.0
2023-07-13 13:00:00+09:00,18050.0,18260.0,18030.0,18220.0,24167,0.0,0.0
2023-07-13 14:00:00+09:00,18220.0,18300.0,18150.0,18250.0,6675,0.0,0.0
2023-07-14 09:00:00+09:00,18490.0,18490.0,18110.0,18160.0,23749,0.0,0.0
2023-07-14 10:00:00+09:00,18170.0,18180.0,18050.0,18100.0,15030,0.0,0.0
2023-07-14 11:00:00+09:00,18100.0,18270.0,18100.0,18200.0,13905,0.0,0.0
2023-07-14 12:00:00+09:00,18200.0,18440.0,18160.0,18280.0,20323,0.0,0.0
2023-07-14 13:00:00+09:00,18280.0,18340.0,18230.0,18280.0,12820,0.0,0.0
2023-07-14 14:00:00+09:00,18280.0,18300.0,18190.0,18210.0,16522,0.0,0.0
2023-07-17 09:00:00+09:00,18150.0,18280.0,18020.0,18160.0,0,0.0,0.0
2023-07-17 10:00:00+09:00,18160.0,18360.0,18150.0,18310.0,10593,0.0,0.0
2023-07-17 11:00:00+09:00,18340.0,18440.0,18260.0,18280.0,10552,0.0,0.0
2023-07-17 12:00:00+09:00,18280.0,18280.0,18190.0,18230.0,8527,0.0,0.0
2023-07-17 13:00:00+09:00,18220.0,18270.0,18180.0,18250.0,10009,0.0,0.0
2023-07-17 14:00:00+09:00,18250.0,18290.0,18230.0,18270.0,7303,0.0,0.0
2023-07-18 09:00:00+09:00,18150.0,18450.0,18060.0,18100.0,29733,0.0,0.0
2023-07-18 10:00:00+09:00,18110.0,18230.0,18030.0,18040.0,14331,0.0,0.0
2023-07-18 11:00:00+09:00,18030.0,18080.0,17950.0,17970.0,10866,0.0,0.0
2023-07-18 12:00:00+09:00,17960.0,17990.0,17950.0,17970.0,7059,0.0,0.0
2023-07-18 13:00:00+09:00,17970.0,18020.0,17970.0,17990.0,4314,0.0,0.0
2023-07-18 14:00:00+09:00,18000.0,18030.0,17980.0,18000.0,6500,0.0,0.0
2023-07-19 09:00:00+09:00,17980.0,18150.0,17800.0,17810.0,28009,0.0,0.0
2023-07-19 10:00:00+09:00,17810.0,17840.0,17710.0,17760.0,12901,0.0,0.0
2023-07-19 11:00:00+09:00,17770.0,17780.0,17730.0,17740.0,6014,0.0,0.0
2023-07-19 12:00:00+09:00,17740.0,17750.0,17700.0,17730.0,11522,0.0,0.0
2023-07-19 13:00:00+09:00,17730.0,17900.0,17720.0,17890.0,9677,0.0,0.0
2023-07-19 14:00:00+09:00,17880.0,17970.0,17750.0,17810.0,16385,0.0,0.0
2023-07-20 09:00:00+09:00,17740.0,18010.0,17680.0,17830.0,19224,0.0,0.0
2023-07-20 10:00:00+09:00,17830.0,18150.0,17830.0,18080.0,17042,0.0,0.0
2023-07-20 11:00:00+09:00,18070.0,18090.0,18000.0,18090.0,13862,0.0,0.0
2023-07-20 12:00:00+09:00,18100.0,18150.0,18040.0,18130.0,5230,0.0,0.0
2023-07-20 13:00:00+09:00,18120.0,18140.0,18020.0,18050.0,5366,0.0,0.0
2023-07-20 14:00:00+09:00,18060.0,18090.0,17960.0,18060.0,9210,0.0,0.0
2023-07-21 09:00:00+09:00,17930.0,18120.0,17820.0,18020.0,21379,0.0,0.0
2023-07-21 10:00:00+09:00,18020.0,18340.0,17920.0,18220.0,24450,0.0,0.0
2023-07-21 11:00:00+09:00,18220.0,18350.0,18210.0,18330.0,13638,0.0,0.0
2023-07-21 12:00:00+09:00,18320.0,18340.0,18160.0,18200.0,10731,0.0,0.0
2023-07-21 13:00:00+09:00,18200.0,18270.0,18160.0,18190.0,7728,0.0,0.0
2023-07-21 14:00:00+09:00,18200.0,18200.0,18080.0,18180.0,10550,0.0,0.0
2023-07-24 09:00:00+09:00,18120.0,18190.0,17580.0,17680.0,0,0.0,0.0
2023-07-24 10:00:00+09:00,17680.0,17760.0,17560.0,17690.0,20914,0.0,0.0
2023-07-24 11:00:00+09:00,17690.0,17790.0,17650.0,17670.0,13400,0.0,0.0
2023-07-24 12:00:00+09:00,17660.0,17740.0,17620.0,17670.0,15185,0.0,0.0
2023-07-24 13:00:00+09:00,17670.0,17690.0,17480.0,17480.0,41452,0.0,0.0
2023-07-24 14:00:00+09:00,17490.0,17500.0,17300.0,17380.0,36420,0.0,0.0
2023-07-25 09:00:00+09:00,17410.0,17460.0,17030.0,17070.0,32232,0.0,0.0
2023-07-25 10:00:00+09:00,17070.0,17200.0,17030.0,17110.0,20618,0.0,0.0
2023-07-25 11:00:00+09:00,17120.0,17120.0,17050.0,17090.0,10928,0.0,0.0
2023-07-25 12:00:00+09:00,17090.0,17100.0,17000.0,17000.0,14477,0.0,0.0
2023-07-25 13:00:00+09:00,17000.0,17010.0,16880.0,16890.0,18664,0.0,0.0
2023-07-25 14:00:00+09:00,16890.0,17040.0,16860.0,16920.0,16139,0.0,0.0
2023-07-26 09:00:00+09:00,16760.0,16830.0,16430.0,16430.0,50950,0.0,0.0
2023-07-26 10:00:00+09:00,16440.0,16440.0,16080.0,16150.0,37844,0.0,0.0
2023-07-26 11:00:00+09:00,16150.0,16260.0,16040.0,16200.0,22497,0.0,0.0
2023-07-26 12:00:00+09:00,16200.0,16240.0,16010.0,16030.0,21936,0.0,0.0
2023-07-26 13:00:00+09:00,16030.0,16310.0,15990.0,16150.0,40576,0.0,0.0
2023-07-26 14:00:00+09:00,16170.0,16280.0,16010.0,16230.0,24631,0.0,0.0
2023-07-27 09:00:00+09:00,16180.0,17070.0,16180.0,17040.0,58798,0.0,0.0
2023-07-27 10:00:00+09:00,17050.0,17270.0,16990.0,17200.0,31691,0.0,0.0
2023-07-27 11:00:00+09:00,17190.0,17280.0,17110.0,17210.0,14913,0.0,0.0
2023-07-27 12:00:00+09:00,17220.0,17260.0,17140.0,17180.0,13717,0.0,0.0
2023-07-27 13:00:00+09:00,17180.0,17210.0,17140.0,17140.0,9284,0.0,0.0
2023-07-27 14:00:00+09:00,17160.0,17190.0,17040.0,17170.0,17938,0.0,0.0
2023-07-28 09:00:00+09:00,17300.0,17350.0,16950.0,17050.0,22899,0.0,0.0
2023-07-28 10:00:00+09:00,17050.0,17290.0,17050.0,17100.0,8842,0.0,0.0
2023-07-28 11:00:00+09:00,17100.0,17200.0,17100.0,17150.0,5798,0.0,0.0
2023-07-28 12:00:00+09:00,17150.0,17260.0,17100.0,17120.0,7919,0.0,0.0
2023-07-28 13:00:00+09:00,17110.0,17190.0,17060.0,17130.0,5614,0.0,0.0
2023-07-28 14:00:00+09:00,17140.0,17190.0,17080.0,17190.0,6370,0.0,0.0
2023-07-31 09:00:00+09:00,17250.0,17250.0,16960.0,17090.0,0,0.0,0.0
2023-07-31 10:00:00+09:00,17100.0,17290.0,17080.0,17190.0,6555,0.0,0.0
2023-07-31 11:00:00+09:00,17170.0,17240.0,17140.0,17160.0,3060,0.0,0.0
2023-07-31 12:00:00+09:00,17160.0,17160.0,17070.0,17110.0,3666,0.0,0.0
2023-07-31 13:00:00+09:00,17110.0,17210.0,17100.0,17200.0,3790,0.0,0.0
2023-07-31 14:00:00+09:00,17180.0,17390.0,17130.0,17350.0,11112,0.0,0.0
2023-08-01 09:00:00+09:00,17130.0,17600.0,17130.0,17540.0,23758,0.0,0.0
2023-08-01 10:00:00+09:00,17530.0,17740.0,17430.0,17580.0,21186,0.0,0.0
2023-08-01 11:00:00+09:00,17580.0,17600.0,17470.0,17540.0,12425,0.0,0.0
2023-08-01 12:00:00+09:00,17540.0,17590.0,17500.0,17510.0,5521,0.0,0.0
2023-08-01 13:00:00+09:00,17500.0,17530.0,17360.0,17420.0,12355,0.0,0.0
2023-08-01 14:00:00+09:00,17420.0,17570.0,17390.0,17450.0,10043,0.0,0.0
2023-08-02 09:00:00+09:00,17610.0,17780.0,17440.0,17760.0,20015,0.0,0.0
2023-08-02 10:00:00+09:00,17770.0,17820.0,17640.0,17700.0,13396,0.0,0.0
2023-08-02 11:00:00+09:00,17700.0,17700.0,17530.0,17570.0,11787,0.0,0.0
2023-08-02 12:00:00+09:00,17570.0,17600.0,17450.0,17480.0,9331,0.0,0.0
2023-08-02 13:00:00+09:00,17480.0,17530.0,17400.0,17460.0,11013,0.0,0.0
2023-08-02 14:00:00+09:00,17450.0,17490.0,17370.0,17430.0,10506,0.0,0.0
2023-08-03 09:00:00+09:00,17320.0,17600.0,17210.0,17500.0,16422,0.0,0.0
2023-08-03 10:00:00+09:00,17520.0,17720.0,17480.0,17490.0,15872,0.0,0.0
2023-08-03 11:00:00+09:00,17480.0,17680.0,17480.0,17600.0,6372,0.0,0.0
2023-08-03 12:00:00+09:00,17610.0,17800.0,17610.0,17800.0,17754,0.0,0.0
2023-08-03 13:00:00+09:00,17790.0,17910.0,17780.0,17780.0,16786,0.0,0.0
2023-08-03 14:00:00+09:00,17780.0,17820.0,17640.0,17670.0,13191,0.0,0.0
2023-08-04 09:00:00+09:00,17530.0,17940.0,17470.0,17920.0,16541,0.0,0.0
2023-08-04 10:00:00+09:00,17920.0,17940.0,17690.0,17850.0,10124,0.0,0.0
2023-08-04 11:00:00+09:00,17880.0,17930.0,17780.0,17930.0,5994,0.0,0.0
2023-08-04 12:00:00+09:00,17930.0,17940.0,17820.0,17910.0,4677,0.0,0.0
2023-08-04 13:00:00+09:00,17910.0,18100.0,17840.0,17910.0,14295,0.0,0.0
2023-08-04 14:00:00+09:00,17910.0,17990.0,17890.0,17970.0,5885,0.0,0.0
2023-08-07 09:00:00+09:00,17830.0,18080.0,17650.0,17890.0,0,0.0,0.0
2023-08-07 10:00:00+09:00,17870.0,18090.0,17870.0,18050.0,12425,0.0,0.0
2023-08-07 11:00:00+09:00,18050.0,18050.0,17860.0,18010.0,6690,0.0,0.0
2023-08-07 12:00:00+09:00,18020.0,18020.0,17980.0,17990.0,3986,0.0,0.0
2023-08-07 13:00:00+09:00,17990.0,18090.0,17950.0,18070.0,12068,0.0,0.0
2023-08-07 14:00:00+09:00,18060.0,18070.0,17950.0,17980.0,8516,0.0,0.0
2023-08-08 09:00:00+09:00,18110.0,18180.0,17840.0,17900.0,11288,0.0,0.0
2023-08-08 10:00:00+09:00,17910.0,17910.0,17670.0,17770.0,11527,0.0,0.0
2023-08-08 11:00:00+09:00,17780.0,17810.0,17670.0,17750.0,8048,0.0,0.0
2023-08-08 12:00:00+09:00,17750.0,17850.0,17690.0,17760.0,8070,0.0,0.0
2023-08-08 13:00:00+09:00,17760.0,17840.0,17510.0,17540.0,26338,0.0,0.0
2023-08-08 14:00:00+09:00,17540.0,17550.0,17370.0,17400.0,37405,0.0,0.0
2023-08-09 09:00:00+09:00,17300.0,17690.0,17300.0,17600.0,11285,0.0,0.0
2023-08-09 10:00:00+09:00,17590.0,17760.0,17580.0,17690.0,11238,0.0,0.0
2023-08-09 11:00:00+09:00,17690.0,17820.0,17640.0,17800.0,15075,0.0,0.0
2023-08-09 12:00:00+09:00,17820.0,17940.0,17770.0,17930.0,7587,0.0,0.0
2023-08-09 13:00:00+09:00,17920.0,18000.0,17900.0,17920.0,10156,0.0,0.0
2023-08-09 14:00:00+09:00,17920.0,17940.0,17860.0,17910.0,6323,0.0,0.0
2023-08-10 09:00:00+09:00,18310.0,19440.0,18270.0,19150.0,213318,0.0,0.0
2023-08-10 10:00:00+09:00,19150.0,19520.0,19020.0,19390.0,89941,0.0,0.0
2023-08-10 11:00:00+09:00,19390.0,19440.0,18810.0,18950.0,59897,0.0,0.0
2023-08-10 12:00:00+09:00,18950.0,19200.0,18900.0,19140.0,20406,0.0,0.0
2023-08-10 13:00:00+09:00,19140.0,19260.0,18960.0,19230.0,42685,0.0,0.0
2023-08-10 14:00:00+09:00,19220.0,19410.0,19120.0,19390.0,77778,0.0,0.0
2023-08-11 09:00:00+09:00,19480.0,19500.0,18740.0,19140.0,91915,0.0,0.0
2023-08-11 10:00:00+09:00,19140.0,19170.0,18630.0,18890.0,78709,0.0,0.0
2023-08-11 11:00:00+09:00,18890.0,19100.0,18800.0,18930.0,17241,0.0,0.0
2023-08-11 12:00:00+09:00,18940.0,18940.0,18830.0,18910.0,12139,0.0,0.0
2023-08-11 13:00:00+09:00,18910.0,18950.0,18850.0,18930.0,9165,0.0,0.0
2023-08-11 14:00:00+09:00,18930.0,18940.0,18820.0,18830.0,10220,0.0,0.0
2023-08-14 09:00:00+09:00,18840.0,19910.0,18840.0,19620.0,0,0.0,0.0
2023-08-14 10:00:00+09:00,19610.0,19630.0,19300.0,19410.0,24523,0.0,0.0
2023-08-14 11:00:00+09:00,19410.0,19530.0,19260.0,19270.0,21864,0.0,0.0
2023-08-14 12:00:00+09:00,19270.0,19330.0,19250.0,19300.0,6813,0.0,0.0
2023-08-14 13:00:00+09:00,19290.0,19310.0,19120.0,19160.0,18102,0.0,0.0
2023-08-14 14:00:00+09:00,19150.0,19340.0,19040.0,19200.0,30243,0.0,0.0
2023-08-16 09:00:00+09:00,19220.0,19220.0,18400.0,18490.0,0,0.0,0.0
2023-08-16 10:00:00+09:00,18490.0,18500.0,18310.0,18390.0,24018,0.0,0.0
2023-08-16 11:00:00+09:00,18400.0,18460.0,18210.0,18270.0,17938,0.0,0.0
2023-08-16 12:00:00+09:00,18270.0,18440.0,18250.0,18350.0,12073,0.0,0.0
2023-08-16 13:00:00+09:00,18360.0,18750.0,18310.0,18390.0,32397,0.0,0.0
2023-08-16 14:00:00+09:00,18380.0,18550.0,18380.0,18440.0,13414,0.0,0.0
2023-08-17 09:00:00+09:00,18540.0,18550.0,17890.0,17960.0,51279,0.0,0.0
2023-08-17 10:00:00+09:00,17970.0,18120.0,17850.0,17930.0,15967,0.0,0.0
2023-08-17 11:00:00+09:00,17940.0,18110.0,17900.0,18020.0,11693,0.0,0.0
2023-08-17 12:00:00+09:00,18030.0,18140.0,17970.0,18080.0,7353,0.0,0.0
2023-08-17 13:00:00+09:00,18080.0,18140.0,18020.0,18090.0,8366,0.0,0.0
2023-08-17 14:00:00+09:00,18080.0,18140.0,17930.0,17960.0,11911,0.0,0.0
2023-08-18 09:00:00+09:00,17620.0,18650.0,17610.0,18320.0,49544,0.0,0.0
2023-08-18 10:00:00+09:00,18310.0,18350.0,18080.0,18090.0,12236,0.0,0.0
2023-08-18 11:00:00+09:00,18090.0,18200.0,18030.0,18050.0,4666,0.0,0.0
2023-08-18 12:00:00+09:00,18040.0,18200.0,18040.0,18170.0,4674,0.0,0.0
2023-08-18 13:00:00+09:00,18170.0,18180.0,18050.0,18080.0,4634,0.0,0.0
2023-08-18 14:00:00+09:00,18080.0,18220.0,18030.0,18040.0,5957,0.0,0.0
2023-08-21 09:00:00+09:00,18260.0,18370.0,17770.0,18320.0,0,0.0,0.0
2023-08-21 10:00:00+09:00,18320.0,18480.0,18150.0,18350.0,17308,0.0,0.0
2023-08-21 11:00:00+09:00,18350.0,18540.0,18220.0,18280.0,10531,0.0,0.0
2023-08-21 12:00:00+09:00,18280.0,18340.0,18220.0,18290.0,4429,0.0,0.0
2023-08-21 13:00:00+09:00,18300.0,18350.0,18200.0,18280.0,9991,0.0,0.0
2023-08-21 14:00:00+09:00,18270.0,18310.0,18080.0,18170.0,8718,0.0,0.0
2023-08-22 09:00:00+09:00,18130.0,18160.0,17750.0,18160.0,44523,0.0,0.0
2023-08-22 10:00:00+09:00,18160.0,18220.0,17830.0,17910.0,17163,0.0,0.0
2023-08-22 11:00:00+09:00,17910.0,18110.0,17850.0,18010.0,12067,0.0,0.0
2023-08-22 12:00:00+09:00,18000.0,18100.0,17970.0,18070.0,6042,0.0,0.0
2023-08-22 13:00:00+09:00,18060.0,18060.0,17850.0,17940.0,9066,0.0,0.0
2023-08-22 14:00:00+09:00,17930.0,18010.0,17890.0,17950.0,9943,0.0,0.0
2023-08-23 09:00:00+09:00,17820.0,17960.0,17740.0,17950.0,0,0.0,0.0
2023-08-23 10:00:00+09:00,17950.0,18080.0,17890.0,18030.0,5183,0.0,0.0
2023-08-23 11:00:00+09:00,18040.0,18090.0,17950.0,17990.0,5183,0.0,0.0
2023-08-23 12:00:00+09:00,17990.0,18010.0,17900.0,17900.0,3043,0.0,0.0
2023-08-23 13:00:00+09:00,17910.0,17950.0,17790.0,17800.0,6624,0.0,0.0
2023-08-23 14:00:00+09:00,17800.0,17840.0,17750.0,17820.0,4019,0.0,0.0
2023-08-24 09:00:00+09:00,17870.0,18080.0,17620.0,17860.0,26655,0.0,0.0
2023-08-24 10:00:00+09:00,17860.0,17930.0,17750.0,17840.0,11972,0.0,0.0
2023-08-24 11:00:00+09:00,17840.0,17910.0,17830.0,17890.0,6216,0.0,0.0
2023-08-24 12:00:00+09:00,17900.0,17910.0,17870.0,17880.0,6792,0.0,0.0
2023-08-24 13:00:00+09:00,17890.0,18010.0,17870.0,17930.0,9111,0.0,0.0
2023-08-24 14:00:00+09:00,17920.0,18000.0,17890.0,17950.0,8016,0.0,0.0
2023-08-25 09:00:00+09:00,17620.0,18270.0,17620.0,18180.0,31990,0.0,0.0
2023-08-25 10:00:00+09:00,18180.0,18350.0,18170.0,18330.0,9648,0.0,0.0
2023-08-25 11:00:00+09:00,18330.0,18570.0,18220.0,18260.0,23139,0.0,0.0
2023-08-25 12:00:00+09:00,18270.0,18340.0,18240.0,18290.0,3692,0.0,0.0
2023-08-25 13:00:00+09:00,18290.0,18470.0,18240.0,18360.0,7740,0.0,0.0
2023-08-25 14:00:00+09:00,18370.0,18470.0,18330.0,18410.0,6855,0.0,0.0
2023-08-28 09:00:00+09:00,18550.0,18940.0,18530.0,18660.0,0,0.0,0.0
2023-08-28 10:00:00+09:00,18680.0,18680.0,18570.0,18630.0,7372,0.0,0.0
2023-08-28 11:00:00+09:00,18630.0,18680.0,18580.0,18610.0,4593,0.0,0.0
2023-08-28 12:00:00+09:00,18600.0,18600.0,18530.0,18590.0,4563,0.0,0.0
2023-08-28 13:00:00+09:00,18590.0,18600.0,18420.0,18420.0,5925,0.0,0.0
2023-08-28 14:00:00+09:00,18420.0,18460.0,18300.0,18430.0,29584,0.0,0.0
2023-08-29 09:00:00+09:00,18550.0,18720.0,18500.0,18710.0,13922,0.0,0.0
2023-08-29 10:00:00+09:00,18710.0,18830.0,18580.0,18580.0,19832,0.0,0.0
2023-08-29 11:00:00+09:00,18580.0,18650.0,18580.0,18630.0,4688,0.0,0.0
2023-08-29 12:00:00+09:00,18650.0,18770.0,18630.0,18640.0,10016,0.0,0.0
2023-08-29 13:00:00+09:00,18640.0,18740.0,18630.0,18690.0,8309,0.0,0.0
2023-08-29 14:00:00+09:00,18690.0,18740.0,18670.0,18700.0,10145,0.0,0.0
2023-08-30 09:00:00+09:00,18720.0,18970.0,18620.0,18760.0,42047,0.0,0.0
2023-08-30 10:00:00+09:00,18760.0,18970.0,18750.0,18900.0,17713,0.0,0.0
2023-08-30 11:00:00+09:00,18910.0,18980.0,18850.0,18850.0,8172,0.0,0.0
2023-08-30 12:00:00+09:00,18870.0,18930.0,18800.0,18820.0,7016,0.0,0.0
2023-08-30 13:00:00+09:00,18830.0,18900.0,18810.0,18870.0,4359,0.0,0.0
2023-08-30 14:00:00+09:00,18870.0,18900.0,18810.0,18850.0,8506,0.0,0.0
2023-08-31 09:00:00+09:00,18870.0,18980.0,18790.0,18940.0,25193,0.0,0.0
2023-08-31 10:00:00+09:00,18930.0,18980.0,18860.0,18860.0,19520,0.0,0.0
2023-08-31 11:00:00+09:00,18860.0,18860.0,18760.0,18760.0,11958,0.0,0.0
2023-08-31 12:00:00+09:00,18760.0,18760.0,18620.0,18670.0,14495,0.0,0.0
2023-08-31 13:00:00+09:00,18660.0,18730.0,18620.0,18670.0,12354,0.0,0.0
2023-08-31 14:00:00+09:00,18670.0,18710.0,18570.0,18640.0,15883,0.0,0.0
2023-09-01 09:00:00+09:00,18450.0,18770.0,18410.0,18560.0,11858,0.0,0.0
2023-09-01 10:00:00+09:00,18550.0,18560.0,18460.0,18510.0,11651,0.0,0.0
2023-09-01 11:00:00+09:00,18510.0,18600.0,18450.0,18550.0,8686,0.0,0.0
2023-09-01 12:00:00+09:00,18540.0,18730.0,18510.0,18650.0,13041,0.0,0.0
2023-09-01 13:00:00+09:00,18640.0,18680.0,18490.0,18500.0,6563,0.0,0.0
2023-09-01 14:00:00+09:00,18490.0,18550.0,18410.0,18480.0,10154,0.0,0.0
2023-09-04 09:00:00+09:00,18490.0,18490.0,18190.0,18310.0,0,0.0,0.0
2023-09-04 10:00:00+09:00,18300.0,18300.0,18190.0,18260.0,5102,0.0,0.0
2023-09-04 11:00:00+09:00,18270.0,18370.0,18270.0,18310.0,1494,0.0,0.0
2023-09-04 12:00:00+09:00,18310.0,18360.0,18190.0,18250.0,6613,0.0,0.0
2023-09-04 13:00:00+09:00,18260.0,18290.0,18160.0,18240.0,7846,0.0,0.0
2023-09-04 14:00:00+09:00,18240.0,18280.0,18180.0,18210.0,11812,0.0,0.0
2023-09-05 09:00:00+09:00,18110.0,18430.0,18020.0,18020.0,20502,0.0,0.0
2023-09-05 10:00:00+09:00,18030.0,18100.0,17890.0,17990.0,27291,0.0,0.0
2023-09-05 11:00:00+09:00,17990.0,18080.0,17900.0,17900.0,9019,0.0,0.0
2023-09-05 12:00:00+09:00,17910.0,17980.0,17770.0,17850.0,22217,0.0,0.0
2023-09-05 13:00:00+09:00,17850.0,17980.0,17800.0,17860.0,10913,0.0,0.0
2023-09-05 14:00:00+09:00,17870.0,18060.0,17840.0,17950.0,14245,0.0,0.0
2023-09-06 09:00:00+09:00,17920.0,18020.0,17800.0,17830.0,10595,0.0,0.0
2023-09-06 10:00:00+09:00,17830.0,17850.0,17740.0,17740.0,12525,0.0,0.0
2023-09-06 11:00:00+09:00,17740.0,17880.0,17680.0,17700.0,10445,0.0,0.0
2023-09-06 12:00:00+09:00,17700.0,17730.0,17650.0,17660.0,9446,0.0,0.0
2023-09-06 13:00:00+09:00,17650.0,17720.0,17580.0,17600.0,11621,0.0,0.0
2023-09-06 14:00:00+09:00,17590.0,17660.0,17540.0,17560.0,14471,0.0,0.0
2023-09-07 09:00:00+09:00,17560.0,17730.0,17350.0,17350.0,16841,0.0,0.0
2023-09-07 10:00:00+09:00,17350.0,17500.0,17320.0,17340.0,12643,0.0,0.0
2023-09-07 11:00:00+09:00,17350.0,17420.0,17310.0,17360.0,4891,0.0,0.0
2023-09-07 12:00:00+09:00,17360.0,17400.0,17310.0,17390.0,4441,0.0,0.0
2023-09-07 13:00:00+09:00,17390.0,17400.0,17270.0,17270.0,9127,0.0,0.0
2023-09-07 14:00:00+09:00,17270.0,17350.0,17190.0,17210.0,11443,0.0,0.0
2023-09-08 09:00:00+09:00,17180.0,17340.0,16880.0,17220.0,30047,0.0,0.0
2023-09-08 10:00:00+09:00,17230.0,17440.0,17160.0,17400.0,8081,0.0,0.0
2023-09-08 11:00:00+09:00,17400.0,17450.0,17300.0,17410.0,5285,0.0,0.0
2023-09-08 12:00:00+09:00,17410.0,17430.0,17310.0,17380.0,3538,0.0,0.0
2023-09-08 13:00:00+09:00,17400.0,17420.0,17140.0,17150.0,14523,0.0,0.0
2023-09-08 14:00:00+09:00,17160.0,17260.0,17140.0,17200.0,22678,0.0,0.0
2023-09-11 09:00:00+09:00,17490.0,17500.0,17080.0,17130.0,0,0.0,0.0
2023-09-11 10:00:00+09:00,17130.0,17140.0,17000.0,17000.0,17030,0.0,0.0
2023-09-11 11:00:00+09:00,17000.0,17060.0,16950.0,16960.0,12639,0.0,0.0
2023-09-11 12:00:00+09:00,16960.0,17110.0,16950.0,17080.0,7141,0.0,0.0
2023-09-11 13:00:00+09:00,17090.0,17210.0,17090.0,17150.0,9317,0.0,0.0
2023-09-11 14:00:00+09:00,17160.0,17290.0,17060.0,17180.0,12880,0.0,0.0
2023-09-12 09:00:00+09:00,17380.0,17680.0,17130.0,17340.0,35275,0.0,0.0
2023-09-12 10:00:00+09:00,17340.0,17450.0,17260.0,17280.0,6849,0.0,0.0
2023-09-12 11:00:00+09:00,17280.0,17440.0,17280.0,17440.0,8480,0.0,0.0
2023-09-12 12:00:00+09:00,17440.0,17460.0,17300.0,17390.0,6436,0.0,0.0
2023-09-12 13:00:00+09:00,17380.0,17420.0,17260.0,17280.0,5417,0.0,0.0
2023-09-12 14:00:00+09:00,17280.0,17350.0,17230.0,17300.0,9014,0.0,0.0
2023-09-13 09:00:00+09:00,17200.0,17380.0,17190.0,17190.0,14453,0.0,0.0
2023-09-13 10:00:00+09:00,17180.0,17200.0,16960.0,16990.0,16544,0.0,0.0
2023-09-13 11:00:00+09:00,16980.0,17090.0,16950.0,16970.0,11443,0.0,0.0
2023-09-13 12:00:00+09:00,16980.0,17090.0,16960.0,17000.0,7485,0.0,0.0
2023-09-13 13:00:00+09:00,16990.0,17110.0,16970.0,17100.0,6405,0.0,0.0
2023-09-13 14:00:00+09:00,17100.0,17100.0,17000.0,17010.0,6882,0.0,0.0
2023-09-14 09:00:00+09:00,17170.0,17190.0,16980.0,17130.0,11603,0.0,0.0
2023-09-14 10:00:00+09:00,17120.0,17160.0,17010.0,17160.0,6713,0.0,0.0
2023-09-14 11:00:00+09:00,17160.0,17220.0,17130.0,17170.0,3491,0.0,0.0
2023-09-14 12:00:00+09:00,17170.0,17200.0,17140.0,17190.0,2504,0.0,0.0
2023-09-14 13:00:00+09:00,17180.0,17190.0,17090.0,17100.0,4239,0.0,0.0
2023-09-14 14:00:00+09:00,17100.0,17170.0,17090.0,17130.0,3746,0.0,0.0
2023-09-15 09:00:00+09:00,17100.0,17380.0,17100.0,17330.0,19608,0.0,0.0
2023-09-15 10:00:00+09:00,17340.0,17770.0,17340.0,17740.0,30620,0.0,0.0
2023-09-15 11:00:00+09:00,17750.0,17960.0,17730.0,17950.0,22902,0.0,0.0
2023-09-15 12:00:00+09:00,17950.0,18090.0,17950.0,18050.0,30194,0.0,0.0
2023-09-15 13:00:00+09:00,18050.0,18140.0,17960.0,17970.0,29620,0.0,0.0
2023-09-15 14:00:00+09:00,17980.0,18000.0,17810.0,17880.0,16983,0.0,0.0
2023-09-18 09:00:00+09:00,17890.0,18100.0,17650.0,17980.0,0,0.0,0.0
2023-09-18 10:00:00+09:00,17990.0,18270.0,17990.0,18220.0,26744,0.0,0.0
2023-09-18 11:00:00+09:00,18220.0,18340.0,18190.0,18250.0,23730,0.0,0.0
2023-09-18 12:00:00+09:00,18270.0,18360.0,18200.0,18230.0,18421,0.0,0.0
2023-09-18 13:00:00+09:00,18240.0,18310.0,18190.0,18230.0,16199,0.0,0.0
2023-09-18 14:00:00+09:00,18230.0,18280.0,18180.0,18210.0,15946,0.0,0.0
2023-09-19 09:00:00+09:00,18120.0,18130.0,17900.0,17980.0,17956,0.0,0.0
2023-09-19 10:00:00+09:00,17970.0,18080.0,17930.0,18020.0,8123,0.0,0.0
2023-09-19 11:00:00+09:00,18020.0,18070.0,17990.0,18000.0,7169,0.0,0.0
2023-09-19 12:00:00+09:00,18000.0,18190.0,17940.0,18170.0,10525,0.0,0.0
2023-09-19 13:00:00+09:00,18160.0,18260.0,18100.0,18200.0,12058,0.0,0.0
2023-09-19 14:00:00+09:00,18200.0,18200.0,18050.0,18110.0,6140,0.0,0.0
2023-09-20 09:00:00+09:00,18290.0,18290.0,17830.0,17890.0,15092,0.0,0.0
2023-09-20 10:00:00+09:00,17890.0,17910.0,17690.0,17760.0,8571,0.0,0.0
2023-09-20 11:00:00+09:00,17750.0,17770.0,17660.0,17680.0,6700,0.0,0.0
2023-09-20 12:00:00+09:00,17680.0,17750.0,17670.0,17670.0,4007,0.0,0.0
2023-09-20 13:00:00+09:00,17670.0,17780.0,17670.0,17700.0,4585,0.0,0.0
2023-09-20 14:00:00+09:00,17700.0,17760.0,17680.0,17710.0,5201,0.0,0.0
2023-09-21 09:00:00+09:00,17680.0,17680.0,17460.0,17480.0,12067,0.0,0.0
2023-09-21 10:00:00+09:00,17470.0,17510.0,17370.0,17430.0,18652,0.0,0.0
2023-09-21 11:00:00+09:00,17430.0,17450.0,17400.0,17400.0,2006,0.0,0.0
2023-09-21 12:00:00+09:00,17400.0,17410.0,17360.0,17390.0,2034,0.0,0.0
2023-09-21 13:00:00+09:00,17390.0,17390.0,17250.0,17310.0,9445,0.0,0.0
2023-09-21 14:00:00+09:00,17300.0,17300.0,17150.0,17170.0,10153,0.0,0.0
2023-09-22 09:00:00+09:00,16900.0,17270.0,16800.0,17040.0,12151,0.0,0.0
2023-09-22 10:00:00+09:00,17030.0,17180.0,16970.0,17050.0,5067,0.0,0.0
2023-09-22 11:00:00+09:00,17050.0,17150.0,16970.0,17010.0,6927,0.0,0.0
2023-09-22 12:00:00+09:00,17020.0,17030.0,16900.0,16960.0,4000,0.0,0.0
2023-09-22 13:00:00+09:00,16960.0,17000.0,16800.0,16870.0,7839,0.0,0.0
2023-09-22 14:00:00+09:00,16870.0,16890.0,16760.0,16770.0,7780,0.0,0.0
2023-09-25 09:00:00+09:00,16540.0,17250.0,16540.0,17200.0,0,0.0,0.0
2023-09-25 10:00:00+09:00,17200.0,17340.0,17020.0,17060.0,6940,0.0,0.0
2023-09-25 11:00:00+09:00,17040.0,17070.0,16890.0,16950.0,5444,0.0,0.0
2023-09-25 12:00:00+09:00,16920.0,17000.0,16910.0,16930.0,2728,0.0,0.0
2023-09-25 13:00:00+09:00,16940.0,16980.0,16920.0,16940.0,2288,0.0,0.0
2023-09-25 14:00:00+09:00,16930.0,16930.0,16840.0,16850.0,6545,0.0,0.0
2023-09-26 09:00:00+09:00,16860.0,17000.0,16560.0,16570.0,24380,0.0,0.0
2023-09-26 10:00:00+09:00,16560.0,16570.0,16420.0,16430.0,12254,0.0,0.0
2023-09-26 11:00:00+09:00,16430.0,16440.0,16360.0,16360.0,6589,0.0,0.0
2023-09-26 12:00:00+09:00,16360.0,16490.0,16350.0,16450.0,5106,0.0,0.0
2023-09-26 13:00:00+09:00,16450.0,16450.0,16350.0,16360.0,7835,0.0,0.0
2023-09-26 14:00:00+09:00,16360.0,16430.0,16320.0,16420.0,8222,0.0,0.0
2023-09-27 09:00:00+09:00,16470.0,16580.0,16380.0,16470.0,9478,0.0,0.0
2023-09-27 10:00:00+09:00,16430.0,16480.0,16420.0,16440.0,2135,0.0,0.0
2023-09-27 11:00:00+09:00,16430.0,16440.0,16310.0,16310.0,6662,0.0,0.0
2023-09-27 12:00:00+09:00,16310.0,16370.0,16280.0,16340.0,3702,0.0,0.0
2023-09-27 13:00:00+09:00,16340.0,16500.0,16340.0,16500.0,5168,0.0,0.0
2023-09-27 14:00:00+09:00,16490.0,16670.0,16470.0,16580.0,7210,0.0,0.0
2023-10-04 09:00:00+09:00,16410.0,16430.0,16040.0,16080.0,0,0.0,0.0
2023-10-04 10:00:00+09:00,16080.0,16180.0,16040.0,16090.0,27309,0.0,0.0
2023-10-04 11:00:00+09:00,16080.0,16150.0,16050.0,16080.0,8866,0.0,0.0
2023-10-04 12:00:00+09:00,16070.0,16140.0,16000.0,16050.0,16287,0.0,0.0
2023-10-04 13:00:00+09:00,16060.0,16150.0,16000.0,16090.0,8601,0.0,0.0
2023-10-04 14:00:00+09:00,16080.0,16120.0,16000.0,16070.0,8055,0.0,0.0
2023-10-05 09:00:00+09:00,16000.0,16220.0,15990.0,16110.0,16234,0.0,0.0
2023-10-05 10:00:00+09:00,16140.0,16240.0,16080.0,16230.0,15366,0.0,0.0
2023-10-05 11:00:00+09:00,16230.0,16290.0,16160.0,16290.0,6528,0.0,0.0
2023-10-05 12:00:00+09:00,16290.0,16300.0,16230.0,16280.0,4821,0.0,0.0
2023-10-05 13:00:00+09:00,16270.0,16290.0,16220.0,16230.0,7543,0.0,0.0
2023-10-05 14:00:00+09:00,16230.0,16230.0,15960.0,15980.0,9863,0.0,0.0
2023-10-06 09:00:00+09:00,15950.0,16130.0,15910.0,15950.0,13313,0.0,0.0
2023-10-06 10:00:00+09:00,15950.0,15980.0,15880.0,15910.0,10230,0.0,0.0
2023-10-06 11:00:00+09:00,15900.0,15930.0,15820.0,15860.0,7878,0.0,0.0
2023-10-06 12:00:00+09:00,15860.0,15950.0,15840.0,15870.0,5624,0.0,0.0
2023-10-06 13:00:00+09:00,15870.0,15940.0,15860.0,15870.0,5109,0.0,0.0
2023-10-06 14:00:00+09:00,15870.0,15930.0,15830.0,15840.0,9239,0.0,0.0
2023-10-10 09:00:00+09:00,15910.0,16280.0,15900.0,16120.0,0,0.0,0.0
2023-10-10 10:00:00+09:00,16120.0,16250.0,16090.0,16140.0,8874,0.0,0.0
2023-10-10 11:00:00+09:00,16150.0,16150.0,15900.0,16080.0,4582,0.0,0.0
2023-10-10 12:00:00+09:00,16070.0,16140.0,15870.0,15870.0,5986,0.0,0.0
2023-10-10 13:00:00+09:00,15870.0,15930.0,15700.0,15740.0,14886,0.0,0.0
2023-10-10 14:00:00+09:00,15740.0,15740.0,15350.0,15380.0,46546,0.0,0.0
2023-10-11 09:00:00+09:00,15600.0,15970.0,15540.0,15970.0,27114,0.0,0.0
2023-10-11 10:00:00+09:00,15970.0,15980.0,15860.0,15940.0,11628,0.0,0.0
2023-10-11 11:00:00+09:00,15930.0,15940.0,15840.0,15920.0,12911,0.0,0.0
2023-10-11 12:00:00+09:00,15910.0,15930.0,15800.0,15870.0,10338,0.0,0.0
2023-10-11 13:00:00+09:00,15870.0,15940.0,15800.0,15830.0,11654,0.0,0.0
2023-10-11 14:00:00+09:00,15830.0,15830.0,15760.0,15760.0,15995,0.0,0.0
2023-10-12 09:00:00+09:00,15720.0,15920.0,15710.0,15810.0,13169,0.0,0.0
2023-10-12 10:00:00+09:00,15810.0,15950.0,15810.0,15930.0,7672,0.0,0.0
2023-10-12 11:00:00+09:00,15930.0,15950.0,15890.0,15950.0,4294,0.0,0.0
2023-10-12 12:00:00+09:00,15950.0,15970.0,15860.0,15960.0,6695,0.0,0.0
2023-10-12 13:00:00+09:00,15960.0,16000.0,15950.0,15980.0,5921,0.0,0.0
2023-10-12 14:00:00+09:00,15990.0,16010.0,15910.0,15990.0,7140,0.0,0.0
2023-10-13 09:00:00+09:00,15760.0,16000.0,15700.0,15810.0,11769,0.0,0.0
2023-10-13 10:00:00+09:00,15810.0,15810.0,15510.0,15540.0,18540,0.0,0.0
2023-10-13 11:00:00+09:00,15540.0,15560.0,15520.0,15520.0,8659,0.0,0.0
2023-10-13 12:00:00+09:00,15530.0,15620.0,15480.0,15480.0,8754,0.0,0.0
2023-10-13 13:00:00+09:00,15480.0,15620.0,15450.0,15480.0,9527,0.0,0.0
2023-10-13 14:00:00+09:00,15480.0,15630.0,15470.0,15550.0,14617,0.0,0.0
2023-10-16 09:00:00+09:00,15800.0,15800.0,15470.0,15580.0,0,0.0,0.0
2023-10-16 10:00:00+09:00,15600.0,15880.0,15570.0,15790.0,7463,0.0,0.0
2023-10-16 11:00:00+09:00,15790.0,15810.0,15730.0,15770.0,10372,0.0,0.0
2023-10-16 12:00:00+09:00,15770.0,15800.0,15710.0,15730.0,7911,0.0,0.0
2023-10-16 13:00:00+09:00,15730.0,15740.0,15640.0,15660.0,5585,0.0,0.0
2023-10-16 14:00:00+09:00,15660.0,15710.0,15640.0,15710.0,5780,0.0,0.0
2023-10-17 09:00:00+09:00,15740.0,16480.0,15740.0,16290.0,27698,0.0,0.0
2023-10-17 10:00:00+09:00,16320.0,16450.0,16320.0,16430.0,8137,0.0,0.0
2023-10-17 11:00:00+09:00,16440.0,16450.0,16400.0,16430.0,3625,0.0,0.0
2023-10-17 12:00:00+09:00,16420.0,16440.0,16330.0,16340.0,3628,0.0,0.0
2023-10-17 13:00:00+09:00,16330.0,16420.0,16240.0,16250.0,5337,0.0,0.0
2023-10-17 14:00:00+09:00,16250.0,16350.0,16240.0,16290.0,7201,0.0,0.0
2023-10-18 09:00:00+09:00,16300.0,16400.0,16030.0,16030.0,18989,0.0,0.0
2023-10-18 10:00:00+09:00,16040.0,16210.0,16020.0,16210.0,4685,0.0,0.0
2023-10-18 11:00:00+09:00,16210.0,16300.0,16180.0,16210.0,6802,0.0,0.0
2023-10-18 12:00:00+09:00,16220.0,16300.0,16220.0,16230.0,3987,0.0,0.0
2023-10-18 13:00:00+09:00,16230.0,16270.0,16170.0,16200.0,4872,0.0,0.0
2023-10-18 14:00:00+09:00,16190.0,16280.0,16070.0,16160.0,24346,0.0,0.0
2023-10-19 09:00:00+09:00,15720.0,15990.0,15720.0,15950.0,18654,0.0,0.0
2023-10-19 10:00:00+09:00,15930.0,16110.0,15900.0,15930.0,12371,0.0,0.0
2023-10-19 11:00:00+09:00,15930.0,15970.0,15810.0,15810.0,13175,0.0,0.0
2023-10-19 12:00:00+09:00,15820.0,15890.0,15730.0,15760.0,5895,0.0,0.0
2023-10-19 13:00:00+09:00,15740.0,15840.0,15720.0,15800.0,7548,0.0,0.0
2023-10-19 14:00:00+09:00,15790.0,15800.0,15720.0,15720.0,6609,0.0,0.0
2023-10-20 09:00:00+09:00,15700.0,15750.0,15160.0,15230.0,33053,0.0,0.0
2023-10-20 10:00:00+09:00,15230.0,15450.0,15220.0,15300.0,15522,0.0,0.0
2023-10-20 11:00:00+09:00,15310.0,15560.0,15300.0,15510.0,13174,0.0,0.0
2023-10-20 12:00:00+09:00,15510.0,15580.0,15470.0,15570.0,3634,0.0,0.0
2023-10-20 13:00:00+09:00,15570.0,15830.0,15540.0,15670.0,10819,0.0,0.0
2023-10-20 14:00:00+09:00,15670.0,15740.0,15530.0,15540.0,7246,0.0,0.0
2023-10-23 09:00:00+09:00,15320.0,15830.0,15320.0,15650.0,0,0.0,0.0
2023-10-23 10:00:00+09:00,15650.0,15920.0,15620.0,15890.0,9365,0.0,0.0
2023-10-23 11:00:00+09:00,15890.0,15890.0,15720.0,15720.0,3986,0.0,0.0
2023-10-23 12:00:00+09:00,15740.0,15810.0,15670.0,15740.0,3130,0.0,0.0
2023-10-23 13:00:00+09:00,15740.0,15780.0,15680.0,15680.0,4193,0.0,0.0
2023-10-23 14:00:00+09:00,15680.0,15700.0,15670.0,15670.0,4091,0.0,0.0
2023-10-24 09:00:00+09:00,15740.0,15960.0,15690.0,15720.0,16654,0.0,0.0
2023-10-24 10:00:00+09:00,15740.0,15780.0,15450.0,15490.0,7927,0.0,0.0
2023-10-24 11:00:00+09:00,15490.0,15680.0,15490.0,15630.0,8313,0.0,0.0
2023-10-24 12:00:00+09:00,15620.0,15680.0,15550.0,15610.0,3609,0.0,0.0
2023-10-24 13:00:00+09:00,15610.0,15710.0,15510.0,15700.0,5526,0.0,0.0
2023-10-24 14:00:00+09:00,15700.0,15920.0,15700.0,15900.0,11943,0.0,0.0
2023-10-25 09:00:00+09:00,15970.0,16270.0,15920.0,16220.0,19043,0.0,0.0
2023-10-25 10:00:00+09:00,16230.0,16370.0,16150.0,16370.0,9264,0.0,0.0
2023-10-25 11:00:00+09:00,16380.0,16400.0,16230.0,16280.0,8205,0.0,0.0
2023-10-25 12:00:00+09:00,16270.0,16390.0,16250.0,16390.0,9008,0.0,0.0
2023-10-25 13:00:00+09:00,16390.0,16450.0,16300.0,16350.0,18404,0.0,0.0
2023-10-25 14:00:00+09:00,16350.0,16430.0,16300.0,16350.0,12151,0.0,0.0
2023-10-26 09:00:00+09:00,16200.0,16420.0,16130.0,16240.0,16940,0.0,0.0
2023-10-26 10:00:00+09:00,16250.0,16290.0,16110.0,16120.0,10017,0.0,0.0
2023-10-26 11:00:00+09:00,16100.0,16180.0,16060.0,16060.0,4464,0.0,0.0
2023-10-26 12:00:00+09:00,16060.0,16180.0,16060.0,16120.0,10485,0.0,0.0
2023-10-26 13:00:00+09:00,16120.0,16170.0,16050.0,16100.0,10120,0.0,0.0
2023-10-26 14:00:00+09:00,16100.0,16230.0,16080.0,16130.0,14580,0.0,0.0
2023-10-27 09:00:00+09:00,16470.0,16540.0,16060.0,16100.0,22249,0.0,0.0
2023-10-27 10:00:00+09:00,16090.0,16490.0,16070.0,16450.0,15286,0.0,0.0
2023-10-27 11:00:00+09:00,16450.0,16490.0,16230.0,16260.0,9274,0.0,0.0
2023-10-27 12:00:00+09:00,16260.0,16320.0,16080.0,16140.0,8835,0.0,0.0
2023-10-27 13:00:00+09:00,16140.0,16190.0,16000.0,16140.0,12492,0.0,0.0
2023-10-27 14:00:00+09:00,16150.0,16180.0,16000.0,16150.0,7816,0.0,0.0
2023-10-30 09:00:00+09:00,16250.0,16500.0,16060.0,16400.0,0,0.0,0.0
2023-10-30 10:00:00+09:00,16390.0,16530.0,16350.0,16520.0,4718,0.0,0.0
2023-10-30 11:00:00+09:00,16510.0,16510.0,16240.0,16300.0,3074,0.0,0.0
2023-10-30 12:00:00+09:00,16330.0,16440.0,16220.0,16330.0,4778,0.0,0.0
2023-10-30 13:00:00+09:00,16330.0,16390.0,16240.0,16280.0,4530,0.0,0.0
2023-10-30 14:00:00+09:00,16280.0,16360.0,16230.0,16300.0,5624,0.0,0.0
2023-10-31 09:00:00+09:00,16250.0,16780.0,16250.0,16650.0,29523,0.0,0.0
2023-10-31 10:00:00+09:00,16660.0,16900.0,16650.0,16820.0,28088,0.0,0.0
2023-10-31 11:00:00+09:00,16810.0,16810.0,16630.0,16640.0,5992,0.0,0.0
2023-10-31 12:00:00+09:00,16630.0,16640.0,16510.0,16530.0,8485,0.0,0.0
2023-10-31 13:00:00+09:00,16550.0,16620.0,16500.0,16550.0,5018,0.0,0.0
2023-10-31 14:00:00+09:00,16550.0,16570.0,16470.0,16530.0,6671,0.0,0.0
2023-11-01 09:00:00+09:00,16630.0,16760.0,16450.0,16590.0,12464,0.0,0.0
2023-11-01 10:00:00+09:00,16600.0,16690.0,16450.0,16450.0,6491,0.0,0.0
2023-11-01 11:00:00+09:00,16450.0,16620.0,16450.0,16510.0,5929,0.0,0.0
2023-11-01 12:00:00+09:00,16510.0,16590.0,16510.0,16530.0,2518,0.0,0.0
2023-11-01 13:00:00+09:00,16530.0,16550.0,16450.0,16470.0,2995,0.0,0.0
2023-11-01 14:00:00+09:00,16460.0,16590.0,16460.0,16590.0,6325,0.0,0.0
2023-11-02 09:00:00+09:00,16990.0,17040.0,16510.0,16680.0,0,0.0,0.0
2023-11-02 10:00:00+09:00,16690.0,16750.0,16530.0,16530.0,21364,0.0,0.0
2023-11-02 11:00:00+09:00,16540.0,16610.0,16450.0,16470.0,3480,0.0,0.0
2023-11-02 12:00:00+09:00,16470.0,16550.0,16460.0,16490.0,3888,0.0,0.0
2023-11-02 13:00:00+09:00,16490.0,16560.0,16490.0,16540.0,4830,0.0,0.0
2023-11-02 14:00:00+09:00,16540.0,16580.0,16510.0,16540.0,5510,0.0,0.0
2023-11-03 09:00:00+09:00,16510.0,16620.0,16200.0,16240.0,17855,0.0,0.0
2023-11-03 10:00:00+09:00,16250.0,16510.0,16230.0,16470.0,7451,0.0,0.0
2023-11-03 11:00:00+09:00,16470.0,16690.0,16450.0,16570.0,9960,0.0,0.0
2023-11-03 12:00:00+09:00,16570.0,16570.0,16500.0,16540.0,3731,0.0,0.0
2023-11-03 13:00:00+09:00,16540.0,16630.0,16540.0,16630.0,3288,0.0,0.0
2023-11-03 14:00:00+09:00,16640.0,16640.0,16530.0,16540.0,4353,0.0,0.0
2023-11-06 09:00:00+09:00,16600.0,16810.0,16530.0,16780.0,0,0.0,0.0
2023-11-06 10:00:00+09:00,16770.0,16900.0,16640.0,16790.0,18735,0.0,0.0
2023-11-06 11:00:00+09:00,16760.0,16760.0,16650.0,16720.0,13455,0.0,0.0
2023-11-06 12:00:00+09:00,16720.0,16870.0,16710.0,16740.0,11831,0.0,0.0
2023-11-06 13:00:00+09:00,16740.0,16830.0,16720.0,16790.0,8112,0.0,0.0
2023-11-06 14:00:00+09:00,16790.0,16870.0,16760.0,16860.0,8529,0.0,0.0
2023-11-07 09:00:00+09:00,17050.0,17080.0,16810.0,17030.0,15986,0.0,0.0
2023-11-07 10:00:00+09:00,17030.0,17030.0,16850.0,16860.0,8975,0.0,0.0
2023-11-07 11:00:00+09:00,16860.0,16910.0,16730.0,16760.0,12660,0.0,0.0
2023-11-07 12:00:00+09:00,16760.0,16760.0,16610.0,16610.0,14220,0.0,0.0
2023-11-07 13:00:00+09:00,16620.0,16810.0,16600.0,16690.0,12325,0.0,0.0
2023-11-07 14:00:00+09:00,16690.0,16990.0,16670.0,16930.0,20548,0.0,0.0
2023-11-08 09:00:00+09:00,17040.0,17160.0,16800.0,16800.0,13338,0.0,0.0
2023-11-08 10:00:00+09:00,16810.0,17090.0,16810.0,17010.0,9930,0.0,0.0
2023-11-08 11:00:00+09:00,16970.0,17030.0,16910.0,16960.0,3213,0.0,0.0
2023-11-08 12:00:00+09:00,17000.0,17000.0,16840.0,16840.0,2050,0.0,0.0
2023-11-08 13:00:00+09:00,16850.0,16880.0,16810.0,16850.0,2817,0.0,0.0
2023-11-08 14:00:00+09:00,16850.0,16950.0,16820.0,16940.0,5988,0.0,0.0
2023-11-09 09:00:00+09:00,17170.0,17170.0,16850.0,16860.0,7251,0.0,0.0
2023-11-09 10:00:00+09:00,16860.0,16970.0,16850.0,16860.0,4385,0.0,0.0
2023-11-09 11:00:00+09:00,16870.0,16900.0,16850.0,16890.0,1511,0.0,0.0
2023-11-09 12:00:00+09:00,16870.0,16890.0,16800.0,16830.0,3117,0.0,0.0
2023-11-09 13:00:00+09:00,16850.0,16900.0,16790.0,16820.0,2124,0.0,0.0
2023-11-09 14:00:00+09:00,16830.0,16910.0,16800.0,16800.0,1919,0.0,0.0
2023-11-10 09:00:00+09:00,16700.0,16750.0,16430.0,16460.0,13041,0.0,0.0
2023-11-10 10:00:00+09:00,16460.0,16630.0,16450.0,16620.0,3666,0.0,0.0
2023-11-10 11:00:00+09:00,16630.0,16630.0,16460.0,16560.0,1615,0.0,0.0
2023-11-10 12:00:00+09:00,16550.0,16580.0,16500.0,16550.0,2780,0.0,0.0
2023-11-10 13:00:00+09:00,16550.0,16550.0,16490.0,16490.0,4160,0.0,0.0
2023-11-10 14:00:00+09:00,16490.0,16510.0,16420.0,16420.0,3726,0.0,0.0
2023-11-13 09:00:00+09:00,16470.0,16550.0,16270.0,16290.0,0,0.0,0.0
2023-11-13 10:00:00+09:00,16290.0,16300.0,16200.0,16210.0,4244,0.0,0.0
2023-11-13 11:00:00+09:00,16200.0,16210.0,16010.0,16010.0,6457,0.0,0.0
2023-11-13 12:00:00+09:00,16010.0,16020.0,15900.0,15940.0,5938,0.0,0.0
2023-11-13 13:00:00+09:00,15950.0,15950.0,15880.0,15880.0,3383,0.0,0.0
2023-11-13 14:00:00+09:00,15890.0,16130.0,15880.0,16090.0,7165,0.0,0.0
2023-11-14 09:00:00+09:00,15930.0,16320.0,15930.0,16220.0,8687,0.0,0.0
2023-11-14 10:00:00+09:00,16200.0,16310.0,16200.0,16310.0,3853,0.0,0.0
2023-11-14 11:00:00+09:00,16310.0,16330.0,16220.0,16330.0,3116,0.0,0.0
2023-11-14 12:00:00+09:00,16330.0,16380.0,16300.0,16340.0,4898,0.0,0.0
2023-11-14 13:00:00+09:00,16320.0,16380.0,16310.0,16350.0,4746,0.0,0.0
2023-11-14 14:00:00+09:00,16350.0,16400.0,16310.0,16400.0,3538,0.0,0.0
2023-11-15 09:00:00+09:00,16400.0,16620.0,16400.0,16460.0,7383,0.0,0.0
2023-11-15 10:00:00+09:00,16460.0,16540.0,16440.0,16450.0,7546,0.0,0.0
2023-11-15 11:00:00+09:00,16480.0,16570.0,16450.0,16530.0,2880,0.0,0.0
2023-11-15 12:00:00+09:00,16530.0,16530.0,16480.0,16480.0,2108,0.0,0.0
2023-11-15 13:00:00+09:00,16480.0,16590.0,16460.0,16520.0,8993,0.0,0.0
2023-11-15 14:00:00+09:00,16550.0,16650.0,16510.0,16510.0,9478,0.0,0.0
2023-11-16 10:00:00+09:00,16550.0,16560.0,16350.0,16350.0,8045,0.0,0.0
2023-11-16 11:00:00+09:00,16350.0,16350.0,16230.0,16310.0,3789,0.0,0.0
2023-11-16 12:00:00+09:00,16310.0,16430.0,16310.0,16430.0,2094,0.0,0.0
2023-11-16 13:00:00+09:00,16430.0,16460.0,16380.0,16460.0,1449,0.0,0.0
2023-11-16 14:00:00+09:00,16450.0,16470.0,16410.0,16440.0,1558,0.0,0.0
2023-11-17 09:00:00+09:00,16420.0,16440.0,16200.0,16250.0,7535,0.0,0.0
2023-11-17 10:00:00+09:00,16250.0,16260.0,16190.0,16190.0,4466,0.0,0.0
2023-11-17 11:00:00+09:00,16200.0,16300.0,16150.0,16170.0,8449,0.0,0.0
2023-11-17 12:00:00+09:00,16170.0,16250.0,16110.0,16200.0,9384,0.0,0.0
2023-11-17 13:00:00+09:00,16200.0,16200.0,16150.0,16200.0,6015,0.0,0.0
2023-11-17 14:00:00+09:00,16190.0,16200.0,16150.0,16150.0,4070,0.0,0.0
2023-11-20 09:00:00+09:00,16170.0,16330.0,16040.0,16280.0,0,0.0,0.0
2023-11-20 10:00:00+09:00,16270.0,16300.0,16230.0,16280.0,1800,0.0,0.0
2023-11-20 11:00:00+09:00,16280.0,16360.0,16280.0,16320.0,8297,0.0,0.0
2023-11-20 12:00:00+09:00,16320.0,16350.0,16300.0,16340.0,2623,0.0,0.0
2023-11-20 13:00:00+09:00,16350.0,16570.0,16330.0,16560.0,12103,0.0,0.0
2023-11-20 14:00:00+09:00,16560.0,16570.0,16530.0,16550.0,3700,0.0,0.0
2023-11-21 09:00:00+09:00,16530.0,16620.0,16410.0,16450.0,6170,0.0,0.0
2023-11-21 10:00:00+09:00,16450.0,16540.0,16440.0,16530.0,1822,0.0,0.0
2023-11-21 11:00:00+09:00,16520.0,16530.0,16460.0,16470.0,1627,0.0,0.0
2023-11-21 12:00:00+09:00,16470.0,16530.0,16450.0,16470.0,1136,0.0,0.0
2023-11-21 13:00:00+09:00,16480.0,16510.0,16410.0,16430.0,3445,0.0,0.0
2023-11-21 14:00:00+09:00,16430.0,16550.0,16430.0,16530.0,5420,0.0,0.0
2023-11-22 09:00:00+09:00,16280.0,16380.0,16210.0,16220.0,9053,0.0,0.0
2023-11-22 10:00:00+09:00,16220.0,16240.0,16170.0,16240.0,7216,0.0,0.0
2023-11-22 11:00:00+09:00,16240.0,16530.0,16220.0,16410.0,5423,0.0,0.0
2023-11-22 12:00:00+09:00,16420.0,16420.0,16280.0,16370.0,2910,0.0,0.0
2023-11-22 13:00:00+09:00,16390.0,16460.0,16390.0,16420.0,3087,0.0,0.0
2023-11-22 14:00:00+09:00,16430.0,16500.0,16330.0,16390.0,5551,0.0,0.0
2023-11-23 09:00:00+09:00,16430.0,16430.0,16230.0,16270.0,5733,0.0,0.0
2023-11-23 10:00:00+09:00,16270.0,16270.0,16190.0,16200.0,29716,0.0,0.0
2023-11-23 11:00:00+09:00,16210.0,16270.0,16200.0,16270.0,5213,0.0,0.0
2023-11-23 12:00:00+09:00,16270.0,16270.0,16230.0,16230.0,1769,0.0,0.0
2023-11-23 13:00:00+09:00,16230.0,16290.0,16210.0,16290.0,3727,0.0,0.0
2023-11-23 14:00:00+09:00,16290.0,16290.0,16250.0,16250.0,1541,0.0,0.0
2023-11-24 09:00:00+09:00,16280.0,16320.0,16200.0,16230.0,2837,0.0,0.0
2023-11-24 10:00:00+09:00,16210.0,16230.0,16180.0,16180.0,4671,0.0,0.0
2023-11-24 11:00:00+09:00,16180.0,16240.0,16180.0,16220.0,2005,0.0,0.0
2023-11-24 12:00:00+09:00,16220.0,16220.0,16180.0,16190.0,2526,0.0,0.0
2023-11-24 13:00:00+09:00,16190.0,16210.0,16160.0,16170.0,2346,0.0,0.0
2023-11-24 14:00:00+09:00,16170.0,16170.0,16140.0,16150.0,2845,0.0,0.0
2023-11-27 09:00:00+09:00,16160.0,16220.0,16100.0,16150.0,0,0.0,0.0
2023-11-27 10:00:00+09:00,16150.0,16270.0,16130.0,16250.0,4874,0.0,0.0
2023-11-27 11:00:00+09:00,16230.0,16230.0,16120.0,16120.0,4014,0.0,0.0
2023-11-27 12:00:00+09:00,16120.0,16130.0,16050.0,16070.0,5701,0.0,0.0
2023-11-27 13:00:00+09:00,16070.0,16100.0,16050.0,16090.0,2297,0.0,0.0
2023-11-27 14:00:00+09:00,16090.0,16150.0,16080.0,16110.0,3232,0.0,0.0
2023-11-28 09:00:00+09:00,16060.0,16150.0,16050.0,16100.0,5186,0.0,0.0
2023-11-28 10:00:00+09:00,16100.0,16160.0,16080.0,16150.0,4470,0.0,0.0
2023-11-28 11:00:00+09:00,16150.0,16190.0,16140.0,16170.0,3004,0.0,0.0
2023-11-28 12:00:00+09:00,16170.0,16190.0,16130.0,16190.0,1645,0.0,0.0
2023-11-28 13:00:00+09:00,16190.0,16210.0,16140.0,16210.0,3453,0.0,0.0
2023-11-28 14:00:00+09:00,16210.0,16210.0,16090.0,16110.0,4054,0.0,0.0
2023-11-29 09:00:00+09:00,16050.0,16170.0,15900.0,15960.0,11903,0.0,0.0
2023-11-29 10:00:00+09:00,15960.0,16040.0,15940.0,15950.0,5752,0.0,0.0
2023-11-29 11:00:00+09:00,15950.0,15950.0,15910.0,15920.0,5024,0.0,0.0
2023-11-29 12:00:00+09:00,15920.0,15920.0,15850.0,15880.0,11717,0.0,0.0
2023-11-29 13:00:00+09:00,15880.0,15880.0,15810.0,15840.0,9980,0.0,0.0
2023-11-29 14:00:00+09:00,15820.0,15840.0,15750.0,15760.0,9903,0.0,0.0
2023-11-30 09:00:00+09:00,15750.0,15800.0,15560.0,15560.0,12162,0.0,0.0
2023-11-30 10:00:00+09:00,15570.0,15570.0,15520.0,15530.0,9345,0.0,0.0
2023-11-30 11:00:00+09:00,15520.0,15700.0,15520.0,15540.0,6347,0.0,0.0
2023-11-30 12:00:00+09:00,15540.0,15550.0,15520.0,15530.0,5417,0.0,0.0
2023-11-30 13:00:00+09:00,15520.0,15600.0,15510.0,15590.0,8092,0.0,0.0
2023-11-30 14:00:00+09:00,15560.0,15690.0,15540.0,15690.0,8510,0.0,0.0
2023-12-01 09:00:00+09:00,15620.0,15670.0,15540.0,15570.0,10593,0.0,0.0
2023-12-01 10:00:00+09:00,15560.0,15680.0,15560.0,15620.0,3020,0.0,0.0
2023-12-01 11:00:00+09:00,15610.0,15630.0,15580.0,15580.0,3023,0.0,0.0
2023-12-01 12:00:00+09:00,15610.0,15610.0,15550.0,15550.0,2897,0.0,0.0
2023-12-01 13:00:00+09:00,15560.0,15650.0,15550.0,15570.0,3520,0.0,0.0
2023-12-01 14:00:00+09:00,15580.0,15690.0,15520.0,15530.0,10560,0.0,0.0
2023-12-04 09:00:00+09:00,15600.0,15670.0,15410.0,15540.0,0,0.0,0.0
2023-12-04 10:00:00+09:00,15520.0,15620.0,15490.0,15550.0,8596,0.0,0.0
2023-12-04 11:00:00+09:00,15550.0,15630.0,15500.0,15600.0,5335,0.0,0.0
2023-12-04 12:00:00+09:00,15600.0,15740.0,15600.0,15680.0,4578,0.0,0.0
2023-12-04 13:00:00+09:00,15680.0,15710.0,15660.0,15700.0,1408,0.0,0.0
2023-12-04 14:00:00+09:00,15700.0,15720.0,15650.0,15680.0,3186,0.0,0.0
2023-12-05 09:00:00+09:00,15740.0,16050.0,15500.0,15950.0,30937,0.0,0.0
2023-12-05 10:00:00+09:00,15970.0,16010.0,15930.0,16010.0,4498,0.0,0.0
2023-12-05 11:00:00+09:00,16010.0,16410.0,15990.0,16170.0,25693,0.0,0.0
2023-12-05 12:00:00+09:00,16170.0,16350.0,16170.0,16350.0,8157,0.0,0.0
2023-12-05 13:00:00+09:00,16350.0,16670.0,16310.0,16580.0,28287,0.0,0.0
2023-12-05 14:00:00+09:00,16580.0,16640.0,16560.0,16570.0,17929,0.0,0.0
2023-12-06 09:00:00+09:00,16490.0,16600.0,16310.0,16320.0,14477,0.0,0.0
2023-12-06 10:00:00+09:00,16330.0,16660.0,16270.0,16660.0,16424,0.0,0.0
2023-12-06 11:00:00+09:00,16640.0,16660.0,16580.0,16620.0,6753,0.0,0.0
2023-12-06 12:00:00+09:00,16620.0,16680.0,16600.0,16630.0,12176,0.0,0.0
2023-12-06 13:00:00+09:00,16640.0,16840.0,16610.0,16800.0,22109,0.0,0.0
2023-12-06 14:00:00+09:00,16790.0,16820.0,16750.0,16800.0,7678,0.0,0.0
2023-12-07 09:00:00+09:00,16800.0,17170.0,16540.0,17030.0,33826,0.0,0.0
2023-12-07 10:00:00+09:00,17020.0,17090.0,16890.0,17080.0,13850,0.0,0.0
2023-12-07 11:00:00+09:00,17080.0,17220.0,17070.0,17210.0,26057,0.0,0.0
2023-12-07 12:00:00+09:00,17200.0,17270.0,17200.0,17270.0,9798,0.0,0.0
2023-12-07 13:00:00+09:00,17270.0,17350.0,17140.0,17250.0,18367,0.0,0.0
2023-12-07 14:00:00+09:00,17250.0,17300.0,17190.0,17270.0,12704,0.0,0.0
2023-12-08 09:00:00+09:00,17390.0,17390.0,17010.0,17160.0,14757,0.0,0.0
2023-12-08 10:00:00+09:00,17140.0,17170.0,17030.0,17150.0,5213,0.0,0.0
2023-12-08 11:00:00+09:00,17140.0,17180.0,17140.0,17170.0,3513,0.0,0.0
2023-12-08 12:00:00+09:00,17170.0,17240.0,17150.0,17220.0,4863,0.0,0.0
2023-12-08 13:00:00+09:00,17220.0,17300.0,17200.0,17280.0,6600,0.0,0.0
2023-12-08 14:00:00+09:00,17290.0,17300.0,17170.0,17180.0,6165,0.0,0.0
2023-12-11 09:00:00+09:00,16940.0,17250.0,16910.0,17160.0,0,0.0,0.0
2023-12-11 10:00:00+09:00,17150.0,17170.0,17010.0,17020.0,5293,0.0,0.0
2023-12-11 11:00:00+09:00,17030.0,17030.0,16960.0,16970.0,5886,0.0,0.0
2023-12-11 12:00:00+09:00,16970.0,16970.0,16860.0,16880.0,5539,0.0,0.0
2023-12-11 13:00:00+09:00,16880.0,16990.0,16880.0,16970.0,806,0.0,0.0
2023-12-11 14:00:00+09:00,16960.0,16980.0,16900.0,16940.0,5998,0.0,0.0
2023-12-12 09:00:00+09:00,17180.0,17180.0,16800.0,16810.0,10036,0.0,0.0
2023-12-12 10:00:00+09:00,16840.0,16850.0,16780.0,16790.0,7758,0.0,0.0
2023-12-12 11:00:00+09:00,16780.0,16800.0,16740.0,16740.0,2828,0.0,0.0
2023-12-12 12:00:00+09:00,16750.0,16780.0,16730.0,16760.0,3934,0.0,0.0
2023-12-12 13:00:00+09:00,16760.0,16880.0,16750.0,16850.0,4878,0.0,0.0
2023-12-12 14:00:00+09:00,16840.0,16870.0,16770.0,16850.0,2132,0.0,0.0
2023-12-13 09:00:00+09:00,16730.0,16850.0,16660.0,16710.0,5614,0.0,0.0
2023-12-13 10:00:00+09:00,16710.0,16810.0,16700.0,16760.0,6802,0.0,0.0
2023-12-13 11:00:00+09:00,16770.0,16990.0,16760.0,16990.0,9902,0.0,0.0
2023-12-13 12:00:00+09:00,16990.0,16990.0,16860.0,16870.0,4504,0.0,0.0
2023-12-13 13:00:00+09:00,16860.0,16940.0,16800.0,16890.0,3285,0.0,0.0
2023-12-13 14:00:00+09:00,16890.0,16990.0,16890.0,16960.0,7521,0.0,0.0
2023-12-14 09:00:00+09:00,17130.0,17450.0,16940.0,17270.0,33683,0.0,0.0
2023-12-14 10:00:00+09:00,17280.0,17350.0,17210.0,17230.0,13428,0.0,0.0
2023-12-14 11:00:00+09:00,17230.0,17330.0,17170.0,17180.0,7411,0.0,0.0
2023-12-14 12:00:00+09:00,17190.0,17240.0,17120.0,17170.0,6777,0.0,0.0
2023-12-14 13:00:00+09:00,17240.0,17330.0,17150.0,17320.0,8367,0.0,0.0
2023-12-14 14:00:00+09:00,17310.0,17320.0,17200.0,17240.0,7649,0.0,0.0
2023-12-15 09:00:00+09:00,17400.0,17400.0,17060.0,17170.0,6512,0.0,0.0
2023-12-15 10:00:00+09:00,17160.0,17170.0,17010.0,17020.0,6877,0.0,0.0
2023-12-15 11:00:00+09:00,17020.0,17080.0,17020.0,17030.0,1866,0.0,0.0
2023-12-15 12:00:00+09:00,17040.0,17080.0,17000.0,17020.0,3201,0.0,0.0
2023-12-15 13:00:00+09:00,17010.0,17030.0,16810.0,16810.0,13417,0.0,0.0
2023-12-15 14:00:00+09:00,16810.0,16990.0,16790.0,16930.0,8793,0.0,0.0
2023-12-18 09:00:00+09:00,16800.0,17130.0,16800.0,16970.0,0,0.0,0.0
2023-12-18 10:00:00+09:00,16980.0,17120.0,16970.0,17090.0,11344,0.0,0.0
2023-12-18 11:00:00+09:00,17100.0,17200.0,17100.0,17180.0,7930,0.0,0.0
2023-12-18 12:00:00+09:00,17170.0,17190.0,17100.0,17140.0,3053,0.0,0.0
2023-12-18 13:00:00+09:00,17130.0,17250.0,17060.0,17230.0,10762,0.0,0.0
2023-12-18 14:00:00+09:00,17230.0,17240.0,17130.0,17130.0,7228,0.0,0.0
2023-12-19 09:00:00+09:00,17190.0,17300.0,17110.0,17250.0,16012,0.0,0.0
2023-12-19 10:00:00+09:00,17250.0,17250.0,17080.0,17080.0,9069,0.0,0.0
2023-12-19 11:00:00+09:00,17090.0,17170.0,17080.0,17150.0,5840,0.0,0.0
2023-12-19 12:00:00+09:00,17150.0,17260.0,17100.0,17230.0,20307,0.0,0.0
2023-12-19 13:00:00+09:00,17230.0,17270.0,17200.0,17200.0,4832,0.0,0.0
2023-12-19 14:00:00+09:00,17200.0,17390.0,17200.0,17390.0,6381,0.0,0.0
2023-12-20 09:00:00+09:00,17490.0,17560.0,17300.0,17550.0,16460,0.0,0.0
2023-12-20 10:00:00+09:00,17560.0,17670.0,17490.0,17500.0,9093,0.0,0.0
2023-12-20 11:00:00+09:00,17500.0,17520.0,17490.0,17500.0,5406,0.0,0.0
2023-12-20 12:00:00+09:00,17500.0,17630.0,17450.0,17610.0,8060,0.0,0.0
2023-12-20 13:00:00+09:00,17620.0,17650.0,17610.0,17640.0,11532,0.0,0.0
2023-12-20 14:00:00+09:00,17640.0,17750.0,17580.0,17710.0,12117,0.0,0.0
2023-12-21 09:00:00+09:00,17700.0,17810.0,17590.0,17710.0,15558,0.0,0.0
2023-12-21 10:00:00+09:00,17710.0,17710.0,17340.0,17350.0,21924,0.0,0.0
2023-12-21 11:00:00+09:00,17350.0,17480.0,17350.0,17460.0,7855,0.0,0.0
2023-12-21 12:00:00+09:00,17460.0,17470.0,17370.0,17380.0,7983,0.0,0.0
2023-12-21 13:00:00+09:00,17380.0,17420.0,17370.0,17410.0,5899,0.0,0.0
2023-12-21 14:00:00+09:00,17420.0,17420.0,17390.0,17400.0,5127,0.0,0.0
2023-12-22 09:00:00+09:00,17380.0,17450.0,17380.0,17380.0,5883,0.0,0.0
2023-12-22 10:00:00+09:00,17380.0,17390.0,17370.0,17380.0,2379,0.0,0.0
2023-12-22 11:00:00+09:00,17370.0,17540.0,17370.0,17420.0,5125,0.0,0.0
2023-12-22 12:00:00+09:00,17420.0,17580.0,17380.0,17540.0,5054,0.0,0.0
2023-12-22 13:00:00+09:00,17540.0,17590.0,17510.0,17510.0,3951,0.0,0.0
2023-12-22 14:00:00+09:00,17510.0,17510.0,17420.0,17420.0,4890,0.0,0.0
2023-12-26 09:00:00+09:00,17450.0,17570.0,17270.0,17330.0,0,0.0,0.0
2023-12-26 10:00:00+09:00,17340.0,17340.0,17290.0,17290.0,2423,0.0,0.0
2023-12-26 11:00:00+09:00,17290.0,17320.0,17280.0,17300.0,2142,0.0,0.0
2023-12-26 12:00:00+09:00,17300.0,17320.0,17280.0,17290.0,1861,0.0,0.0
2023-12-26 13:00:00+09:00,17300.0,17400.0,17290.0,17380.0,2353,0.0,0.0
2023-12-26 14:00:00+09:00,17380.0,17450.0,17370.0,17380.0,4367,0.0,0.0
2023-12-27 09:00:00+09:00,17270.0,17480.0,17150.0,17160.0,18607,0.0,0.0
2023-12-27 10:00:00+09:00,17160.0,17340.0,17150.0,17290.0,5430,0.0,0.0
2023-12-27 11:00:00+09:00,17290.0,17330.0,17280.0,17300.0,2474,0.0,0.0
2023-12-27 12:00:00+09:00,17300.0,17460.0,17300.0,17450.0,3664,0.0,0.0
2023-12-27 13:00:00+09:00,17450.0,17800.0,17350.0,17400.0,23596,0.0,0.0
2023-12-27 14:00:00+09:00,17440.0,17530.0,17350.0,17380.0,13836,0.0,0.0
2023-12-28 09:00:00+09:00,17240.0,17740.0,17150.0,17690.0,18895,0.0,0.0
2023-12-28 10:00:00+09:00,17700.0,18000.0,17700.0,17940.0,30877,0.0,0.0
2023-12-28 11:00:00+09:00,17930.0,17960.0,17880.0,17920.0,4742,0.0,0.0
2023-12-28 12:00:00+09:00,17920.0,17940.0,17840.0,17940.0,5561,0.0,0.0
2023-12-28 13:00:00+09:00,17940.0,17950.0,17850.0,17950.0,10102,0.0,0.0
2023-12-28 14:00:00+09:00,17950.0,17950.0,17840.0,17860.0,8129,0.0,0.0
2024-01-02 10:00:00+09:00,17780.0,17940.0,17580.0,17650.0,20028,0.0,0.0
2024-01-02 11:00:00+09:00,17660.0,17860.0,17650.0,17790.0,6377,0.0,0.0
2024-01-02 12:00:00+09:00,17790.0,17870.0,17790.0,17850.0,4248,0.0,0.0
2024-01-02 13:00:00+09:00,17850.0,17970.0,17800.0,17890.0,10976,0.0,0.0
2024-01-02 14:00:00+09:00,17890.0,17960.0,17800.0,17800.0,9131,0.0,0.0
2024-01-03 09:00:00+09:00,17550.0,17910.0,17510.0,17800.0,29422,0.0,0.0
2024-01-03 10:00:00+09:00,17810.0,17990.0,17650.0,17990.0,35652,0.0,0.0
2024-01-03 11:00:00+09:00,17990.0,18100.0,17970.0,17970.0,15348,0.0,0.0
2024-01-03 12:00:00+09:00,17970.0,17990.0,17850.0,17930.0,13149,0.0,0.0
2024-01-03 13:00:00+09:00,17930.0,17930.0,17800.0,17870.0,7579,0.0,0.0
2024-01-03 14:00:00+09:00,17870.0,17870.0,17760.0,17790.0,12659,0.0,0.0
2024-01-04 09:00:00+09:00,17500.0,17810.0,17500.0,17510.0,15104,0.0,0.0
2024-01-04 10:00:00+09:00,17510.0,17520.0,17310.0,17320.0,18673,0.0,0.0
2024-01-04 11:00:00+09:00,17320.0,17340.0,17300.0,17320.0,6647,0.0,0.0
2024-01-04 12:00:00+09:00,17320.0,17530.0,17310.0,17410.0,4890,0.0,0.0
2024-01-04 13:00:00+09:00,17400.0,17400.0,17340.0,17370.0,3845,0.0,0.0
2024-01-04 14:00:00+09:00,17360.0,17400.0,17350.0,17360.0,12394,0.0,0.0
2024-01-05 09:00:00+09:00,17370.0,18320.0,17240.0,17890.0,72177,0.0,0.0
2024-01-05 10:00:00+09:00,17890.0,17920.0,17650.0,17690.0,22653,0.0,0.0
2024-01-05 11:00:00+09:00,17690.0,17770.0,17650.0,17710.0,8474,0.0,0.0
2024-01-05 12:00:00+09:00,17710.0,17880.0,17660.0,17770.0,8709,0.0,0.0
2024-01-05 13:00:00+09:00,17770.0,17840.0,17600.0,17650.0,13239,0.0,0.0
2024-01-05 14:00:00+09:00,17690.0,17760.0,17660.0,17760.0,8648,0.0,0.0
2024-01-08 09:00:00+09:00,18150.0,18150.0,17700.0,17820.0,0,0.0,0.0
2024-01-08 10:00:00+09:00,17860.0,17870.0,17770.0,17830.0,5498,0.0,0.0
2024-01-08 11:00:00+09:00,17820.0,17820.0,17700.0,17720.0,8397,0.0,0.0
2024-01-08 12:00:00+09:00,17710.0,17710.0,17600.0,17650.0,13893,0.0,0.0
2024-01-08 13:00:00+09:00,17650.0,17690.0,17650.0,17670.0,2839,0.0,0.0
2024-01-08 14:00:00+09:00,17670.0,17690.0,17600.0,17620.0,9746,0.0,0.0
2024-01-09 09:00:00+09:00,17630.0,18000.0,17630.0,17940.0,30245,0.0,0.0
2024-01-09 10:00:00+09:00,17940.0,17990.0,17900.0,17950.0,10237,0.0,0.0
2024-01-09 11:00:00+09:00,17930.0,17990.0,17890.0,17890.0,10008,0.0,0.0
2024-01-09 12:00:00+09:00,17900.0,18080.0,17900.0,17940.0,18558,0.0,0.0
2024-01-09 13:00:00+09:00,17940.0,18010.0,17900.0,17950.0,9932,0.0,0.0
2024-01-09 14:00:00+09:00,17940.0,17970.0,17930.0,17950.0,2389,0.0,0.0
2024-01-10 09:00:00+09:00,18100.0,18100.0,17800.0,17880.0,9105,0.0,0.0
2024-01-10 10:00:00+09:00,17880.0,17950.0,17790.0,17950.0,4540,0.0,0.0
2024-01-10 11:00:00+09:00,17950.0,18090.0,17900.0,18080.0,9149,0.0,0.0
2024-01-10 12:00:00+09:00,18080.0,18170.0,17970.0,18160.0,16526,0.0,0.0
2024-01-10 13:00:00+09:00,18160.0,18170.0,17900.0,17920.0,9294,0.0,0.0
2024-01-10 14:00:00+09:00,17920.0,18010.0,17850.0,17900.0,5704,0.0,0.0
2024-01-11 09:00:00+09:00,17850.0,18080.0,17850.0,17890.0,12794,0.0,0.0
2024-01-11 10:00:00+09:00,17900.0,18060.0,17900.0,18050.0,2843,0.0,0.0
2024-01-11 11:00:00+09:00,18050.0,18050.0,17980.0,17980.0,3307,0.0,0.0
2024-01-11 12:00:00+09:00,17990.0,17990.0,17860.0,17870.0,4564,0.0,0.0
2024-01-11 13:00:00+09:00,17880.0,17970.0,17880.0,17930.0,4243,0.0,0.0
2024-01-11 14:00:00+09:00,17970.0,18000.0,17930.0,17930.0,5814,0.0,0.0
2024-01-12 09:00:00+09:00,17940.0,17940.0,17420.0,17450.0,18264,0.0,0.0
2024-01-12 10:00:00+09:00,17450.0,17450.0,17330.0,17410.0,17233,0.0,0.0
2024-01-12 11:00:00+09:00,17410.0,17420.0,17340.0,17350.0,6494,0.0,0.0
2024-01-12 12:00:00+09:00,17350.0,17380.0,17330.0,17360.0,4978,0.0,0.0
2024-01-12 13:00:00+09:00,17360.0,17410.0,17330.0,17340.0,27621,0.0,0.0
2024-01-12 14:00:00+09:00,17340.0,17490.0,17340.0,17490.0,6059,0.0,0.0
2024-01-15 09:00:00+09:00,17380.0,17470.0,17290.0,17330.0,0,0.0,0.0
2024-01-15 10:00:00+09:00,17330.0,17400.0,17170.0,17220.0,13001,0.0,0.0
2024-01-15 11:00:00+09:00,17210.0,17280.0,17170.0,17230.0,5290,0.0,0.0
2024-01-15 12:00:00+09:00,17230.0,17230.0,17170.0,17180.0,2674,0.0,0.0
2024-01-15 13:00:00+09:00,17180.0,17200.0,17160.0,17190.0,6137,0.0,0.0
2024-01-15 14:00:00+09:00,17200.0,17200.0,17130.0,17140.0,5727,0.0,0.0
2024-01-16 09:00:00+09:00,17130.0,17320.0,17130.0,17160.0,10594,0.0,0.0
2024-01-16 10:00:00+09:00,17150.0,17190.0,17110.0,17180.0,4101,0.0,0.0
2024-01-16 11:00:00+09:00,17180.0,17270.0,17160.0,17240.0,1262,0.0,0.0
2024-01-16 12:00:00+09:00,17240.0,17350.0,17230.0,17340.0,2382,0.0,0.0
2024-01-16 13:00:00+09:00,17340.0,17340.0,17280.0,17280.0,2407,0.0,0.0
2024-01-16 14:00:00+09:00,17270.0,17290.0,17220.0,17220.0,2186,0.0,0.0
2024-01-17 09:00:00+09:00,17320.0,17340.0,16980.0,17000.0,13616,0.0,0.0
2024-01-17 10:00:00+09:00,16990.0,16990.0,16870.0,16890.0,5223,0.0,0.0
2024-01-17 11:00:00+09:00,16890.0,16890.0,16830.0,16840.0,3805,0.0,0.0
2024-01-17 12:00:00+09:00,16840.0,16860.0,16800.0,16800.0,2767,0.0,0.0
2024-01-17 13:00:00+09:00,16810.0,16850.0,16710.0,16830.0,6999,0.0,0.0
2024-01-17 14:00:00+09:00,16830.0,16830.0,16710.0,16760.0,3801,0.0,0.0
2024-01-18 09:00:00+09:00,16980.0,17130.0,16850.0,17110.0,8999,0.0,0.0
2024-01-18 10:00:00+09:00,17110.0,17190.0,17050.0,17100.0,8179,0.0,0.0
2024-01-18 11:00:00+09:00,17100.0,17190.0,17030.0,17070.0,4566,0.0,0.0
2024-01-18 12:00:00+09:00,17070.0,17110.0,17020.0,17090.0,3037,0.0,0.0
2024-01-18 13:00:00+09:00,17090.0,17110.0,16660.0,16700.0,34694,0.0,0.0
2024-01-18 14:00:00+09:00,16700.0,16790.0,16680.0,16730.0,11657,0.0,0.0
2024-01-19 09:00:00+09:00,17180.0,17180.0,16880.0,17090.0,17383,0.0,0.0
2024-01-19 10:00:00+09:00,17100.0,17140.0,16830.0,16870.0,6766,0.0,0.0
2024-01-19 11:00:00+09:00,16870.0,16990.0,16840.0,16850.0,3764,0.0,0.0
2024-01-19 12:00:00+09:00,16850.0,16940.0,16830.0,16860.0,5257,0.0,0.0
2024-01-19 13:00:00+09:00,16860.0,16930.0,16860.0,16860.0,4864,0.0,0.0
2024-01-19 14:00:00+09:00,16860.0,16880.0,16820.0,16830.0,2789,0.0,0.0
2024-01-22 09:00:00+09:00,17170.0,17170.0,16950.0,17080.0,0,0.0,0.0
2024-01-22 10:00:00+09:00,17090.0,17110.0,16670.0,16680.0,12431,0.0,0.0
2024-01-22 11:00:00+09:00,16670.0,16740.0,16660.0,16680.0,3779,0.0,0.0
2024-01-22 12:00:00+09:00,16690.0,16770.0,16660.0,16740.0,4784,0.0,0.0
2024-01-22 13:00:00+09:00,16750.0,16830.0,16710.0,16760.0,4432,0.0,0.0
2024-01-22 14:00:00+09:00,16750.0,16850.0,16750.0,16830.0,3167,0.0,0.0
2024-01-23 09:00:00+09:00,16940.0,17010.0,16710.0,17010.0,7863,0.0,0.0
2024-01-23 10:00:00+09:00,17010.0,17020.0,16860.0,16980.0,6107,0.0,0.0
2024-01-23 11:00:00+09:00,17000.0,17010.0,16960.0,16970.0,3245,0.0,0.0
2024-01-23 12:00:00+09:00,16970.0,16970.0,16820.0,16830.0,3199,0.0,0.0
2024-01-23 13:00:00+09:00,16840.0,16930.0,16800.0,16870.0,2437,0.0,0.0
2024-01-23 14:00:00+09:00,16870.0,16990.0,16830.0,16950.0,2406,0.0,0.0
2024-01-24 09:00:00+09:00,16990.0,17110.0,16900.0,16970.0,11406,0.0,0.0
2024-01-24 10:00:00+09:00,16990.0,17100.0,16970.0,17020.0,7332,0.0,0.0
2024-01-24 11:00:00+09:00,17020.0,17150.0,16960.0,17130.0,6776,0.0,0.0
2024-01-24 12:00:00+09:00,17130.0,17180.0,17110.0,17170.0,7502,0.0,0.0
2024-01-24 13:00:00+09:00,17160.0,17160.0,17010.0,17020.0,7389,0.0,0.0
2024-01-24 14:00:00+09:00,17010.0,17100.0,16960.0,16970.0,5392,0.0,0.0
2024-01-25 09:00:00+09:00,17000.0,17170.0,16760.0,16770.0,15051,0.0,0.0
2024-01-25 10:00:00+09:00,16770.0,16830.0,16620.0,16620.0,9905,0.0,0.0
2024-01-25 11:00:00+09:00,16630.0,16630.0,16550.0,16550.0,7399,0.0,0.0
2024-01-25 12:00:00+09:00,16550.0,16560.0,16520.0,16540.0,7578,0.0,0.0
2024-01-25 13:00:00+09:00,16540.0,16680.0,16520.0,16590.0,12485,0.0,0.0
2024-01-25 14:00:00+09:00,16590.0,16720.0,16580.0,16630.0,12859,0.0,0.0
2024-01-26 09:00:00+09:00,16570.0,16880.0,16570.0,16820.0,9167,0.0,0.0
2024-01-26 10:00:00+09:00,16830.0,16910.0,16780.0,16860.0,5495,0.0,0.0
2024-01-26 11:00:00+09:00,16860.0,16910.0,16850.0,16870.0,5508,0.0,0.0
2024-01-26 12:00:00+09:00,16870.0,16910.0,16850.0,16870.0,2465,0.0,0.0
2024-01-26 13:00:00+09:00,16870.0,16900.0,16710.0,16710.0,8090,0.0,0.0
2024-01-26 14:00:00+09:00,16710.0,16730.0,16680.0,16690.0,3481,0.0,0.0
2024-01-29 09:00:00+09:00,16730.0,16730.0,16400.0,16440.0,0,0.0,0.0
2024-01-29 10:00:00+09:00,16440.0,16440.0,16350.0,16420.0,10924,0.0,0.0
2024-01-29 11:00:00+09:00,16420.0,16420.0,16350.0,16370.0,4392,0.0,0.0
2024-01-29 12:00:00+09:00,16370.0,16400.0,16350.0,16360.0,5137,0.0,0.0
2024-01-29 13:00:00+09:00,16370.0,16380.0,16320.0,16340.0,0,0.0,0.0
2024-01-29 14:00:00+09:00,16340.0,16360.0,16310.0,16330.0,67933,0.0,0.0
2024-01-30 09:00:00+09:00,16340.0,16470.0,16280.0,16350.0,8093,0.0,0.0
2024-01-30 10:00:00+09:00,16340.0,16370.0,16310.0,16310.0,10277,0.0,0.0
2024-01-30 11:00:00+09:00,16320.0,16330.0,16250.0,16250.0,6096,0.0,0.0
2024-01-30 12:00:00+09:00,16250.0,16280.0,16170.0,16170.0,5716,0.0,0.0
2024-01-30 13:00:00+09:00,16170.0,16300.0,16160.0,16260.0,5830,0.0,0.0
2024-01-30 14:00:00+09:00,16260.0,16300.0,16250.0,16290.0,5775,0.0,0.0
2024-01-31 09:00:00+09:00,16360.0,16520.0,16120.0,16210.0,9353,0.0,0.0
2024-01-31 10:00:00+09:00,16220.0,16220.0,16100.0,16110.0,5979,0.0,0.0
2024-01-31 11:00:00+09:00,16110.0,16110.0,16020.0,16030.0,8464,0.0,0.0
2024-01-31 12:00:00+09:00,16040.0,16050.0,16000.0,16010.0,7232,0.0,0.0
2024-01-31 13:00:00+09:00,16030.0,16030.0,15970.0,15990.0,5548,0.0,0.0
2024-01-31 14:00:00+09:00,15990.0,15990.0,15920.0,15960.0,11036,0.0,0.0
2024-02-01 09:00:00+09:00,16100.0,16100.0,15950.0,15980.0,5222,0.0,0.0
2024-02-01 10:00:00+09:00,15980.0,16200.0,15970.0,16170.0,11285,0.0,0.0
2024-02-01 11:00:00+09:00,16180.0,16180.0,16060.0,16100.0,7773,0.0,0.0
2024-02-01 12:00:00+09:00,16100.0,16200.0,16100.0,16180.0,11920,0.0,0.0
2024-02-01 13:00:00+09:00,16170.0,16170.0,16120.0,16130.0,3031,0.0,0.0
2024-02-01 14:00:00+09:00,16130.0,16190.0,16090.0,16170.0,10988,0.0,0.0
2024-02-02 09:00:00+09:00,16680.0,16680.0,16330.0,16420.0,12429,0.0,0.0
2024-02-02 10:00:00+09:00,16420.0,16590.0,16390.0,16580.0,11299,0.0,0.0
2024-02-02 11:00:00+09:00,16580.0,16650.0,16510.0,16650.0,10328,0.0,0.0
2024-02-02 12:00:00+09:00,16650.0,16660.0,16590.0,16660.0,5837,0.0,0.0
2024-02-02 13:00:00+09:00,16660.0,16660.0,16560.0,16560.0,8290,0.0,0.0
2024-02-02 14:00:00+09:00,16560.0,16620.0,16450.0,16490.0,14893,0.0,0.0
2024-02-05 09:00:00+09:00,16370.0,16520.0,16250.0,16350.0,0,0.0,0.0
2024-02-05 10:00:00+09:00,16350.0,16450.0,16340.0,16440.0,10739,0.0,0.0
2024-02-05 11:00:00+09:00,16430.0,16430.0,16350.0,16410.0,8172,0.0,0.0
2024-02-05 12:00:00+09:00,16410.0,16640.0,16400.0,16620.0,12593,0.0,0.0
2024-02-05 13:00:00+09:00,16610.0,16620.0,16570.0,16590.0,7079,0.0,0.0
2024-02-05 14:00:00+09:00,16590.0,16660.0,16590.0,16610.0,10868,0.0,0.0
2024-02-06 09:00:00+09:00,16830.0,16840.0,16400.0,16410.0,10486,0.0,0.0
2024-02-06 10:00:00+09:00,16410.0,16610.0,16410.0,16590.0,5393,0.0,0.0
2024-02-06 11:00:00+09:00,16610.0,16750.0,16610.0,16640.0,4271,0.0,0.0
2024-02-06 12:00:00+09:00,16640.0,16640.0,16570.0,16620.0,7025,0.0,0.0
2024-02-06 13:00:00+09:00,16620.0,16890.0,16570.0,16850.0,9861,0.0,0.0
2024-02-06 14:00:00+09:00,16860.0,16900.0,16780.0,16850.0,13094,0.0,0.0
2024-02-07 09:00:00+09:00,16800.0,16870.0,16480.0,16560.0,15906,0.0,0.0
2024-02-07 10:00:00+09:00,16560.0,16650.0,16540.0,16570.0,6000,0.0,0.0
2024-02-07 11:00:00+09:00,16580.0,16610.0,16580.0,16590.0,4058,0.0,0.0
2024-02-07 12:00:00+09:00,16600.0,16620.0,16580.0,16580.0,3489,0.0,0.0
2024-02-07 13:00:00+09:00,16580.0,16590.0,16480.0,16500.0,9657,0.0,0.0
2024-02-07 14:00:00+09:00,16510.0,16570.0,16510.0,16550.0,4055,0.0,0.0
2024-02-08 09:00:00+09:00,16700.0,16700.0,16500.0,16580.0,0,0.0,0.0
2024-02-08 10:00:00+09:00,16570.0,16600.0,16550.0,16560.0,11323,0.0,0.0
2024-02-08 11:00:00+09:00,16560.0,16590.0,16530.0,16580.0,4854,0.0,0.0
2024-02-08 12:00:00+09:00,16590.0,16720.0,16560.0,16660.0,10314,0.0,0.0
2024-02-08 13:00:00+09:00,16650.0,16710.0,16570.0,16570.0,5709,0.0,0.0
2024-02-08 14:00:00+09:00,16570.0,16690.0,16560.0,16620.0,4351,0.0,0.0
2024-02-13 09:00:00+09:00,16660.0,16700.0,16240.0,16310.0,0,0.0,0.0
2024-02-13 10:00:00+09:00,16320.0,16400.0,16270.0,16290.0,11841,0.0,0.0
2024-02-13 11:00:00+09:00,16300.0,16530.0,16280.0,16370.0,11623,0.0,0.0
2024-02-13 12:00:00+09:00,16380.0,16380.0,16280.0,16310.0,5344,0.0,0.0
2024-02-13 13:00:00+09:00,16320.0,16330.0,16270.0,16300.0,9792,0.0,0.0
2024-02-13 14:00:00+09:00,16300.0,16340.0,16270.0,16300.0,8218,0.0,0.0
2024-02-14 09:00:00+09:00,16270.0,16270.0,15960.0,16000.0,29055,0.0,0.0
2024-02-14 10:00:00+09:00,15990.0,16070.0,15950.0,16010.0,15635,0.0,0.0
2024-02-14 11:00:00+09:00,16010.0,16020.0,15980.0,15980.0,9488,0.0,0.0
2024-02-14 12:00:00+09:00,15980.0,16240.0,15980.0,16220.0,9396,0.0,0.0
2024-02-14 13:00:00+09:00,16220.0,16240.0,16100.0,16120.0,9706,0.0,0.0
2024-02-14 14:00:00+09:00,16130.0,16160.0,16060.0,16070.0,13845,0.0,0.0
2024-02-15 09:00:00+09:00,16120.0,16300.0,16030.0,16230.0,15558,0.0,0.0
2024-02-15 10:00:00+09:00,16230.0,16370.0,16210.0,16320.0,10435,0.0,0.0
2024-02-15 11:00:00+09:00,16310.0,16370.0,16290.0,16370.0,8080,0.0,0.0
2024-02-15 12:00:00+09:00,16360.0,16410.0,16340.0,16340.0,8455,0.0,0.0
2024-02-15 13:00:00+09:00,16340.0,16390.0,16260.0,16300.0,8386,0.0,0.0
2024-02-15 14:00:00+09:00,16300.0,16350.0,16230.0,16280.0,7808,0.0,0.0
2024-02-16 09:00:00+09:00,16360.0,16360.0,16140.0,16200.0,9578,0.0,0.0
2024-02-16 10:00:00+09:00,16200.0,16390.0,16200.0,16350.0,6091,0.0,0.0
2024-02-16 11:00:00+09:00,16350.0,16390.0,16350.0,16370.0,3210,0.0,0.0
2024-02-16 12:00:00+09:00,16370.0,16380.0,16350.0,16360.0,2232,0.0,0.0
2024-02-16 13:00:00+09:00,16360.0,16510.0,16360.0,16500.0,12895,0.0,0.0
2024-02-16 14:00:00+09:00,16500.0,16600.0,16470.0,16480.0,11018,0.0,0.0
2024-02-19 09:00:00+09:00,16620.0,16800.0,16480.0,16790.0,0,0.0,0.0
2024-02-19 10:00:00+09:00,16800.0,16830.0,16710.0,16710.0,17805,0.0,0.0
2024-02-19 11:00:00+09:00,16710.0,16740.0,16680.0,16740.0,3290,0.0,0.0
2024-02-19 12:00:00+09:00,16740.0,16800.0,16690.0,16690.0,3491,0.0,0.0
2024-02-19 13:00:00+09:00,16690.0,16720.0,16630.0,16650.0,7317,0.0,0.0
2024-02-19 14:00:00+09:00,16650.0,16660.0,16590.0,16610.0,5477,0.0,0.0
2024-02-20 09:00:00+09:00,16640.0,16650.0,16410.0,16510.0,12887,0.0,0.0
2024-02-20 10:00:00+09:00,16510.0,16630.0,16510.0,16600.0,3221,0.0,0.0
2024-02-20 11:00:00+09:00,16600.0,16620.0,16540.0,16620.0,2410,0.0,0.0
2024-02-20 12:00:00+09:00,16620.0,16630.0,16550.0,16550.0,4782,0.0,0.0
2024-02-20 13:00:00+09:00,16550.0,16610.0,16510.0,16550.0,4156,0.0,0.0
2024-02-20 14:00:00+09:00,16560.0,16560.0,16510.0,16530.0,1792,0.0,0.0
2024-02-21 09:00:00+09:00,16350.0,16490.0,16260.0,16460.0,11841,0.0,0.0
2024-02-21 10:00:00+09:00,16470.0,16480.0,16360.0,16470.0,5756,0.0,0.0
2024-02-21 11:00:00+09:00,16460.0,16470.0,16400.0,16400.0,2371,0.0,0.0
2024-02-21 12:00:00+09:00,16390.0,16410.0,16360.0,16400.0,2445,0.0,0.0
2024-02-21 13:00:00+09:00,16400.0,16460.0,16400.0,16400.0,1674,0.0,0.0
2024-02-21 14:00:00+09:00,16410.0,16470.0,16380.0,16410.0,5392,0.0,0.0
2024-02-22 09:00:00+09:00,16640.0,16640.0,16390.0,16540.0,6476,0.0,0.0
2024-02-22 10:00:00+09:00,16530.0,16530.0,16330.0,16330.0,8822,0.0,0.0
2024-02-22 11:00:00+09:00,16340.0,16350.0,16310.0,16340.0,2023,0.0,0.0
2024-02-22 12:00:00+09:00,16330.0,16340.0,16290.0,16330.0,5790,0.0,0.0
2024-02-22 13:00:00+09:00,16330.0,16410.0,16290.0,16360.0,9518,0.0,0.0
2024-02-22 14:00:00+09:00,16350.0,16480.0,16350.0,16400.0,8925,0.0,0.0
2024-02-23 09:00:00+09:00,16470.0,16470.0,16250.0,16280.0,6882,0.0,0.0
2024-02-23 10:00:00+09:00,16280.0,16330.0,16270.0,16290.0,2318,0.0,0.0
2024-02-23 11:00:00+09:00,16300.0,16300.0,16220.0,16220.0,6624,0.0,0.0
2024-02-23 12:00:00+09:00,16220.0,16240.0,16130.0,16190.0,6930,0.0,0.0
2024-02-23 13:00:00+09:00,16190.0,16200.0,16130.0,16180.0,4432,0.0,0.0
2024-02-23 14:00:00+09:00,16180.0,16190.0,16140.0,16150.0,5186,0.0,0.0
2024-02-26 09:00:00+09:00,16160.0,16160.0,16070.0,16100.0,0,0.0,0.0
2024-02-26 10:00:00+09:00,16110.0,16140.0,16040.0,16090.0,6058,0.0,0.0
2024-02-26 11:00:00+09:00,16090.0,16120.0,16080.0,16120.0,2128,0.0,0.0
2024-02-26 12:00:00+09:00,16110.0,16110.0,16090.0,16090.0,2263,0.0,0.0
2024-02-26 13:00:00+09:00,16100.0,16150.0,16080.0,16100.0,3222,0.0,0.0
2024-02-26 14:00:00+09:00,16090.0,16110.0,16030.0,16040.0,7765,0.0,0.0
2024-02-27 09:00:00+09:00,16010.0,16100.0,15970.0,15990.0,9513,0.0,0.0
2024-02-27 10:00:00+09:00,15990.0,16050.0,15990.0,16000.0,4078,0.0,0.0
2024-02-27 11:00:00+09:00,16000.0,16000.0,15970.0,15980.0,3321,0.0,0.0
2024-02-27 12:00:00+09:00,15980.0,15980.0,15820.0,15820.0,18781,0.0,0.0
2024-02-27 13:00:00+09:00,15820.0,15850.0,15700.0,15780.0,16105,0.0,0.0
2024-02-27 14:00:00+09:00,15770.0,15770.0,15680.0,15680.0,10674,0.0,0.0
2024-02-28 09:00:00+09:00,15530.0,15820.0,15530.0,15780.0,7518,0.0,0.0
2024-02-28 10:00:00+09:00,15780.0,15810.0,15760.0,15780.0,3486,0.0,0.0
2024-02-28 11:00:00+09:00,15780.0,15790.0,15670.0,15680.0,9105,0.0,0.0
2024-02-28 12:00:00+09:00,15670.0,15680.0,15600.0,15610.0,7060,0.0,0.0
2024-02-28 13:00:00+09:00,15620.0,15670.0,15610.0,15630.0,4146,0.0,0.0
2024-02-28 14:00:00+09:00,15630.0,15650.0,15610.0,15620.0,5764,0.0,0.0
2024-02-29 09:00:00+09:00,15520.0,15660.0,15410.0,15600.0,11526,0.0,0.0
2024-02-29 10:00:00+09:00,15610.0,15620.0,15550.0,15560.0,4432,0.0,0.0
2024-02-29 11:00:00+09:00,15560.0,15570.0,15490.0,15510.0,7792,0.0,0.0
2024-02-29 12:00:00+09:00,15510.0,15510.0,15450.0,15460.0,6214,0.0,0.0
2024-02-29 13:00:00+09:00,15460.0,15470.0,15450.0,15470.0,4949,0.0,0.0
2024-02-29 14:00:00+09:00,15470.0,15480.0,15440.0,15450.0,11054,0.0,0.0
2024-03-04 09:00:00+09:00,15500.0,15670.0,15440.0,15480.0,0,0.0,0.0
2024-03-04 10:00:00+09:00,15480.0,15510.0,15400.0,15440.0,10217,0.0,0.0
2024-03-04 11:00:00+09:00,15420.0,15420.0,15270.0,15290.0,14371,0.0,0.0
2024-03-04 12:00:00+09:00,15290.0,15300.0,15270.0,15290.0,4109,0.0,0.0
2024-03-04 13:00:00+09:00,15290.0,15300.0,15250.0,15280.0,8583,0.0,0.0
2024-03-04 14:00:00+09:00,15270.0,15280.0,15250.0,15270.0,5094,0.0,0.0
2024-03-05 09:00:00+09:00,15210.0,15340.0,15200.0,15230.0,13350,0.0,0.0
2024-03-05 10:00:00+09:00,15230.0,15270.0,15210.0,15210.0,5540,0.0,0.0
2024-03-05 11:00:00+09:00,15210.0,15220.0,15170.0,15180.0,7716,0.0,0.0
2024-03-05 12:00:00+09:00,15170.0,15190.0,15120.0,15120.0,9745,0.0,0.0
2024-03-05 13:00:00+09:00,15120.0,15130.0,15100.0,15110.0,7902,0.0,0.0
2024-03-05 14:00:00+09:00,15120.0,15120.0,15020.0,15030.0,12664,0.0,0.0
2024-03-06 09:00:00+09:00,15000.0,15020.0,14370.0,14380.0,103585,0.0,0.0
2024-03-06 10:00:00+09:00,14390.0,14490.0,14370.0,14430.0,28286,0.0,0.0
2024-03-06 11:00:00+09:00,14430.0,14470.0,14410.0,14420.0,9639,0.0,0.0
2024-03-06 12:00:00+09:00,14420.0,14470.0,14420.0,14470.0,7828,0.0,0.0
2024-03-06 13:00:00+09:00,14470.0,14480.0,14420.0,14420.0,10600,0.0,0.0
2024-03-06 14:00:00+09:00,14420.0,14440.0,14410.0,14420.0,11157,0.0,0.0
2024-03-07 09:00:00+09:00,14220.0,14500.0,14220.0,14250.0,24122,0.0,0.0
2024-03-07 10:00:00+09:00,14250.0,14370.0,14250.0,14300.0,16420,0.0,0.0
2024-03-07 11:00:00+09:00,14310.0,14320.0,14260.0,14280.0,5890,0.0,0.0
2024-03-07 12:00:00+09:00,14290.0,14330.0,14260.0,14260.0,7114,0.0,0.0
2024-03-07 13:00:00+09:00,14270.0,14290.0,14250.0,14280.0,5276,0.0,0.0
2024-03-07 14:00:00+09:00,14280.0,14300.0,14270.0,14280.0,3862,0.0,0.0
2024-03-08 09:00:00+09:00,14480.0,14540.0,14400.0,14520.0,15370,0.0,0.0
2024-03-08 10:00:00+09:00,14520.0,14540.0,14410.0,14540.0,11103,0.0,0.0
2024-03-08 11:00:00+09:00,14510.0,14680.0,14510.0,14560.0,13083,0.0,0.0
2024-03-08 12:00:00+09:00,14560.0,14620.0,14500.0,14600.0,6869,0.0,0.0
2024-03-08 13:00:00+09:00,14620.0,14640.0,14550.0,14600.0,7629,0.0,0.0
2024-03-08 14:00:00+09:00,14600.0,14600.0,14530.0,14530.0,11512,0.0,0.0
2024-03-11 09:00:00+09:00,14500.0,14890.0,14480.0,14890.0,0,0.0,0.0
2024-03-11 10:00:00+09:00,14900.0,14900.0,14710.0,14750.0,12906,0.0,0.0
2024-03-11 11:00:00+09:00,14750.0,14750.0,14670.0,14700.0,9940,0.0,0.0
2024-03-11 12:00:00+09:00,14700.0,14740.0,14670.0,14720.0,6655,0.0,0.0
2024-03-11 13:00:00+09:00,14720.0,14790.0,14680.0,14720.0,8835,0.0,0.0
2024-03-11 14:00:00+09:00,14720.0,14800.0,14720.0,14760.0,7716,0.0,0.0
2024-03-12 09:00:00+09:00,14710.0,14820.0,14690.0,14720.0,12117,0.0,0.0
2024-03-12 10:00:00+09:00,14720.0,14730.0,14670.0,14680.0,4934,0.0,0.0
2024-03-12 11:00:00+09:00,14690.0,14700.0,14650.0,14660.0,3291,0.0,0.0
2024-03-12 12:00:00+09:00,14660.0,14660.0,14500.0,14520.0,16799,0.0,0.0
2024-03-12 13:00:00+09:00,14510.0,14580.0,14500.0,14550.0,5461,0.0,0.0
2024-03-12 14:00:00+09:00,14540.0,14640.0,14520.0,14590.0,8596,0.0,0.0
2024-03-13 09:00:00+09:00,14510.0,14680.0,14510.0,14590.0,14509,0.0,0.0
2024-03-13 10:00:00+09:00,14600.0,14600.0,14480.0,14500.0,12195,0.0,0.0
2024-03-13 11:00:00+09:00,14510.0,14550.0,14490.0,14500.0,4796,0.0,0.0
2024-03-13 12:00:00+09:00,14490.0,14540.0,14480.0,14490.0,4130,0.0,0.0
2024-03-13 13:00:00+09:00,14490.0,14600.0,14470.0,14540.0,12170,0.0,0.0
2024-03-13 14:00:00+09:00,14530.0,14600.0,14520.0,14550.0,5478,0.0,0.0
2024-03-14 09:00:00+09:00,14470.0,14660.0,14470.0,14630.0,10813,0.0,0.0
2024-03-14 10:00:00+09:00,14600.0,14620.0,14460.0,14480.0,7851,0.0,0.0
2024-03-14 11:00:00+09:00,14480.0,14530.0,14460.0,14500.0,3548,0.0,0.0
2024-03-14 12:00:00+09:00,14500.0,14510.0,14470.0,14490.0,3325,0.0,0.0
2024-03-14 13:00:00+09:00,14480.0,14520.0,14480.0,14490.0,5537,0.0,0.0
2024-03-14 14:00:00+09:00,14510.0,14540.0,14470.0,14510.0,4794,0.0,0.0
2024-03-15 09:00:00+09:00,14410.0,14470.0,14210.0,14320.0,15558,0.0,0.0
2024-03-15 10:00:00+09:00,14330.0,14380.0,14280.0,14300.0,12290,0.0,0.0
2024-03-15 11:00:00+09:00,14300.0,14360.0,14290.0,14340.0,11629,0.0,0.0
2024-03-15 12:00:00+09:00,14330.0,14370.0,14330.0,14350.0,1299,0.0,0.0
2024-03-15 13:00:00+09:00,14360.0,14450.0,14350.0,14370.0,4937,0.0,0.0
2024-03-15 14:00:00+09:00,14380.0,14580.0,14380.0,14500.0,13162,0.0,0.0
2024-03-18 09:00:00+09:00,14600.0,14650.0,14510.0,14570.0,0,0.0,0.0
2024-03-18 10:00:00+09:00,14590.0,14600.0,14530.0,14560.0,3430,0.0,0.0
2024-03-18 11:00:00+09:00,14560.0,14590.0,14520.0,14570.0,3264,0.0,0.0
2024-03-18 12:00:00+09:00,14570.0,14570.0,14530.0,14570.0,2900,0.0,0.0
2024-03-18 13:00:00+09:00,14570.0,14580.0,14550.0,14580.0,2481,0.0,0.0
2024-03-18 14:00:00+09:00,14580.0,14840.0,14580.0,14800.0,21638,0.0,0.0
2024-03-19 09:00:00+09:00,14740.0,14790.0,14610.0,14760.0,15529,0.0,0.0
2024-03-19 10:00:00+09:00,14760.0,14930.0,14740.0,14740.0,23821,0.0,0.0
2024-03-19 11:00:00+09:00,14740.0,14860.0,14730.0,14780.0,3867,0.0,0.0
2024-03-19 12:00:00+09:00,14780.0,14790.0,14650.0,14740.0,8107,0.0,0.0
2024-03-19 13:00:00+09:00,14740.0,14750.0,14670.0,14710.0,2306,0.0,0.0
2024-03-19 14:00:00+09:00,14700.0,14720.0,14650.0,14700.0,7336,0.0,0.0
2024-03-20 09:00:00+09:00,14710.0,14820.0,14640.0,14790.0,6305,0.0,0.0
2024-03-20 10:00:00+09:00,14790.0,14810.0,14690.0,14700.0,4814,0.0,0.0
2024-03-20 11:00:00+09:00,14690.0,14800.0,14670.0,14690.0,7959,0.0,0.0
2024-03-20 12:00:00+09:00,14680.0,14740.0,14680.0,14700.0,3389,0.0,0.0
2024-03-20 13:00:00+09:00,14710.0,14760.0,14710.0,14730.0,2308,0.0,0.0
2024-03-20 14:00:00+09:00,14730.0,14750.0,14710.0,14750.0,4655,0.0,0.0
2024-03-21 09:00:00+09:00,14800.0,14950.0,14780.0,14810.0,15025,0.0,0.0
2024-03-21 10:00:00+09:00,14820.0,14840.0,14630.0,14680.0,13698,0.0,0.0
2024-03-21 11:00:00+09:00,14670.0,14700.0,14670.0,14680.0,4606,0.0,0.0
2024-03-21 12:00:00+09:00,14680.0,14750.0,14680.0,14710.0,5655,0.0,0.0
2024-03-21 13:00:00+09:00,14710.0,14720.0,14700.0,14700.0,3200,0.0,0.0
2024-03-21 14:00:00+09:00,14710.0,14790.0,14690.0,14700.0,8469,0.0,0.0
2024-03-22 09:00:00+09:00,14720.0,14770.0,14690.0,14750.0,5580,0.0,0.0
2024-03-22 10:00:00+09:00,14750.0,14900.0,14750.0,14850.0,10882,0.0,0.0
2024-03-22 11:00:00+09:00,14850.0,14910.0,14840.0,14850.0,4991,0.0,0.0
2024-03-22 12:00:00+09:00,14860.0,14860.0,14810.0,14810.0,6584,0.0,0.0
2024-03-22 13:00:00+09:00,14810.0,14850.0,14810.0,14810.0,1844,0.0,0.0
2024-03-22 14:00:00+09:00,14820.0,14850.0,14810.0,14820.0,3594,0.0,0.0
2024-03-25 09:00:00+09:00,14780.0,14880.0,14730.0,14850.0,0,0.0,0.0
2024-03-25 10:00:00+09:00,14850.0,14870.0,14750.0,14800.0,9129,0.0,0.0
2024-03-25 11:00:00+09:00,14800.0,14860.0,14800.0,14810.0,4857,0.0,0.0
2024-03-25 12:00:00+09:00,14810.0,14840.0,14800.0,14820.0,4144,0.0,0.0
2024-03-25 13:00:00+09:00,14810.0,14840.0,14810.0,14820.0,3935,0.0,0.0
2024-03-25 14:00:00+09:00,14830.0,14850.0,14810.0,14840.0,4407,0.0,0.0
2024-03-26 09:00:00+09:00,14800.0,14960.0,14750.0,14950.0,12190,0.0,0.0
2024-03-26 10:00:00+09:00,14930.0,14940.0,14840.0,14870.0,7843,0.0,0.0
2024-03-26 11:00:00+09:00,14860.0,14930.0,14840.0,14890.0,4575,0.0,0.0
2024-03-26 12:00:00+09:00,14890.0,14890.0,14800.0,14810.0,8117,0.0,0.0
2024-03-26 13:00:00+09:00,14810.0,14850.0,14790.0,14830.0,6191,0.0,0.0
2024-03-26 14:00:00+09:00,14830.0,14860.0,14800.0,14800.0,2573,0.0,0.0
2024-03-27 09:00:00+09:00,14850.0,14940.0,14770.0,14890.0,11590,0.0,0.0
2024-03-27 10:00:00+09:00,14890.0,14900.0,14850.0,14850.0,4217,0.0,0.0
2024-03-27 11:00:00+09:00,14850.0,14890.0,14810.0,14860.0,1911,0.0,0.0
2024-03-27 12:00:00+09:00,14860.0,14890.0,14810.0,14850.0,5297,0.0,0.0
2024-03-27 13:00:00+09:00,14860.0,14890.0,14840.0,14860.0,6843,0.0,0.0
2024-03-27 14:00:00+09:00,14870.0,14890.0,14840.0,14850.0,4464,0.0,0.0
2024-03-28 09:00:00+09:00,14830.0,15030.0,14830.0,15000.0,12488,0.0,0.0
2024-03-28 10:00:00+09:00,15000.0,15140.0,14960.0,15100.0,9016,0.0,0.0
2024-03-28 11:00:00+09:00,15100.0,15190.0,15000.0,15020.0,13969,0.0,0.0
2024-03-28 12:00:00+09:00,15030.0,15030.0,14960.0,14960.0,6459,0.0,0.0
2024-03-28 13:00:00+09:00,14970.0,14990.0,14940.0,14990.0,5055,0.0,0.0
2024-03-28 14:00:00+09:00,15000.0,15010.0,14950.0,14960.0,3931,0.0,0.0
2024-03-29 09:00:00+09:00,14900.0,14990.0,14800.0,14820.0,12883,0.0,0.0
2024-03-29 10:00:00+09:00,14820.0,14880.0,14810.0,14850.0,3754,0.0,0.0
2024-03-29 11:00:00+09:00,14850.0,14850.0,14790.0,14790.0,5122,0.0,0.0
2024-03-29 12:00:00+09:00,14790.0,14790.0,14750.0,14780.0,4275,0.0,0.0
2024-03-29 13:00:00+09:00,14780.0,14790.0,14750.0,14750.0,5589,0.0,0.0
2024-03-29 14:00:00+09:00,14750.0,14760.0,14690.0,14720.0,12145,0.0,0.0
2024-04-01 09:00:00+09:00,14920.0,15360.0,14750.0,15330.0,0,0.0,0.0
2024-04-01 10:00:00+09:00,15330.0,15410.0,15290.0,15360.0,28277,0.0,0.0
2024-04-01 11:00:00+09:00,15360.0,15560.0,15330.0,15560.0,26913,0.0,0.0
2024-04-01 12:00:00+09:00,15560.0,15680.0,15550.0,15620.0,41425,0.0,0.0
2024-04-01 13:00:00+09:00,15620.0,15750.0,15550.0,15740.0,35406,0.0,0.0
2024-04-01 14:00:00+09:00,15750.0,15790.0,15670.0,15720.0,24546,0.0,0.0
2024-04-02 09:00:00+09:00,15520.0,15700.0,15370.0,15410.0,39312,0.0,0.0
2024-04-02 10:00:00+09:00,15420.0,15450.0,15320.0,15390.0,10615,0.0,0.0
2024-04-02 11:00:00+09:00,15400.0,15450.0,15390.0,15420.0,4478,0.0,0.0
2024-04-02 12:00:00+09:00,15430.0,15450.0,15370.0,15440.0,3285,0.0,0.0
2024-04-02 13:00:00+09:00,15440.0,15450.0,15350.0,15410.0,6096,0.0,0.0
2024-04-02 14:00:00+09:00,15420.0,15440.0,15370.0,15430.0,4495,0.0,0.0
2024-04-03 09:00:00+09:00,15490.0,15500.0,15300.0,15380.0,17188,0.0,0.0
2024-04-03 10:00:00+09:00,15380.0,15480.0,15370.0,15460.0,3433,0.0,0.0
2024-04-03 11:00:00+09:00,15460.0,15470.0,15340.0,15340.0,3433,0.0,0.0
2024-04-03 12:00:00+09:00,15340.0,15360.0,15310.0,15340.0,1686,0.0,0.0
2024-04-03 13:00:00+09:00,15340.0,15380.0,15320.0,15340.0,3339,0.0,0.0
2024-04-03 14:00:00+09:00,15340.0,15360.0,15340.0,15360.0,2391,0.0,0.0
2024-04-04 09:00:00+09:00,15400.0,15550.0,15290.0,15310.0,21119,0.0,0.0
2024-04-04 10:00:00+09:00,15310.0,15370.0,15220.0,15320.0,11822,0.0,0.0
2024-04-04 11:00:00+09:00,15320.0,15870.0,15320.0,15760.0,43165,0.0,0.0
2024-04-04 12:00:00+09:00,15770.0,15970.0,15740.0,15820.0,19447,0.0,0.0
2024-04-04 13:00:00+09:00,15820.0,15890.0,15800.0,15840.0,10055,0.0,0.0
2024-04-04 14:00:00+09:00,15820.0,15820.0,15580.0,15670.0,12776,0.0,0.0
2024-04-05 09:00:00+09:00,15520.0,15860.0,15460.0,15640.0,14587,0.0,0.0
2024-04-05 10:00:00+09:00,15630.0,15660.0,15490.0,15490.0,4536,0.0,0.0
2024-04-05 11:00:00+09:00,15490.0,15660.0,15460.0,15540.0,2697,0.0,0.0
2024-04-05 12:00:00+09:00,15550.0,15600.0,15550.0,15560.0,1162,0.0,0.0
2024-04-05 13:00:00+09:00,15560.0,15620.0,15560.0,15580.0,1591,0.0,0.0
2024-04-05 14:00:00+09:00,15580.0,15590.0,15460.0,15480.0,3773,0.0,0.0
2024-04-08 09:00:00+09:00,15650.0,15650.0,15120.0,15130.0,0,0.0,0.0
2024-04-08 10:00:00+09:00,15140.0,15540.0,15130.0,15280.0,4555,0.0,0.0
2024-04-08 11:00:00+09:00,15280.0,15280.0,15210.0,15220.0,1777,0.0,0.0
2024-04-08 12:00:00+09:00,15220.0,15260.0,15220.0,15230.0,1457,0.0,0.0
2024-04-08 13:00:00+09:00,15230.0,15230.0,15140.0,15170.0,3832,0.0,0.0
2024-04-08 14:00:00+09:00,15180.0,15190.0,15140.0,15160.0,7297,0.0,0.0
2024-04-09 09:00:00+09:00,15040.0,15230.0,15000.0,15160.0,11824,0.0,0.0
2024-04-09 10:00:00+09:00,15120.0,15190.0,15000.0,15140.0,9737,0.0,0.0
2024-04-09 11:00:00+09:00,15140.0,15170.0,15050.0,15100.0,3947,0.0,0.0
2024-04-09 12:00:00+09:00,15100.0,15280.0,15010.0,15060.0,10716,0.0,0.0
2024-04-09 13:00:00+09:00,15060.0,15150.0,15020.0,15030.0,8224,0.0,0.0
2024-04-09 14:00:00+09:00,15040.0,15060.0,14870.0,14890.0,13369,0.0,0.0
2024-04-11 09:00:00+09:00,14840.0,14920.0,14660.0,14710.0,0,0.0,0.0
2024-04-11 10:00:00+09:00,14760.0,14970.0,14720.0,14950.0,6207,0.0,0.0
2024-04-11 11:00:00+09:00,14950.0,14990.0,14720.0,14730.0,11915,0.0,0.0
2024-04-11 12:00:00+09:00,14730.0,14850.0,14700.0,14730.0,11935,0.0,0.0
2024-04-11 13:00:00+09:00,14730.0,15030.0,14730.0,14880.0,14548,0.0,0.0
2024-04-11 14:00:00+09:00,14880.0,15090.0,14830.0,15080.0,15805,0.0,0.0
2024-04-12 09:00:00+09:00,15170.0,15270.0,14930.0,15180.0,11015,0.0,0.0
2024-04-12 10:00:00+09:00,15200.0,15200.0,15040.0,15040.0,2047,0.0,0.0
2024-04-12 11:00:00+09:00,15040.0,15080.0,15000.0,15000.0,3456,0.0,0.0
2024-04-12 12:00:00+09:00,15010.0,15030.0,14980.0,14990.0,3339,0.0,0.0
2024-04-12 13:00:00+09:00,14990.0,15050.0,14960.0,15050.0,6089,0.0,0.0
2024-04-12 14:00:00+09:00,15050.0,15050.0,14970.0,14970.0,3442,0.0,0.0
2024-04-15 09:00:00+09:00,14930.0,15050.0,14810.0,14820.0,0,0.0,0.0
2024-04-15 10:00:00+09:00,14830.0,14920.0,14760.0,14870.0,8935,0.0,0.0
2024-04-15 11:00:00+09:00,14870.0,14870.0,14810.0,14830.0,1760,0.0,0.0
2024-04-15 12:00:00+09:00,14840.0,14870.0,14830.0,14860.0,1138,0.0,0.0
2024-04-15 13:00:00+09:00,14860.0,14860.0,14820.0,14850.0,2170,0.0,0.0
2024-04-15 14:00:00+09:00,14860.0,14880.0,14850.0,14850.0,1793,0.0,0.0
2024-04-16 09:00:00+09:00,14610.0,14840.0,14610.0,14670.0,5276,0.0,0.0
2024-04-16 10:00:00+09:00,14670.0,14710.0,14600.0,14610.0,3966,0.0,0.0
2024-04-16 11:00:00+09:00,14610.0,14620.0,14560.0,14610.0,5509,0.0,0.0
2024-04-16 12:00:00+09:00,14610.0,14610.0,14570.0,14580.0,1769,0.0,0.0
2024-04-16 13:00:00+09:00,14580.0,14610.0,14510.0,14530.0,7870,0.0,0.0
2024-04-16 14:00:00+09:00,14530.0,14570.0,14400.0,14460.0,11418,0.0,0.0
2024-04-17 09:00:00+09:00,14400.0,14860.0,14400.0,14800.0,11988,0.0,0.0
2024-04-17 10:00:00+09:00,14800.0,14810.0,14660.0,14690.0,5855,0.0,0.0
2024-04-17 11:00:00+09:00,14700.0,14760.0,14660.0,14740.0,6610,0.0,0.0
2024-04-17 12:00:00+09:00,14740.0,14750.0,14690.0,14700.0,1524,0.0,0.0
2024-04-17 13:00:00+09:00,14690.0,14760.0,14690.0,14720.0,4679,0.0,0.0
2024-04-17 14:00:00+09:00,14720.0,14760.0,14700.0,14730.0,6723,0.0,0.0
2024-04-18 09:00:00+09:00,14720.0,15120.0,14720.0,14950.0,10030,0.0,0.0
2024-04-18 10:00:00+09:00,14940.0,15040.0,14940.0,14970.0,5744,0.0,0.0
2024-04-18 11:00:00+09:00,14970.0,15040.0,14950.0,15030.0,5990,0.0,0.0
2024-04-18 12:00:00+09:00,14990.0,15300.0,14990.0,15190.0,14972,0.0,0.0
2024-04-18 13:00:00+09:00,15200.0,15390.0,15200.0,15310.0,18474,0.0,0.0
2024-04-18 14:00:00+09:00,15370.0,15380.0,15220.0,15360.0,13867,0.0,0.0
2024-04-19 09:00:00+09:00,15250.0,15770.0,15180.0,15770.0,26436,0.0,0.0
2024-04-19 10:00:00+09:00,15770.0,15890.0,15640.0,15730.0,29366,0.0,0.0
2024-04-19 11:00:00+09:00,15730.0,15740.0,15550.0,15630.0,21824,0.0,0.0
2024-04-19 12:00:00+09:00,15630.0,15760.0,15620.0,15690.0,13434,0.0,0.0
2024-04-19 13:00:00+09:00,15690.0,15690.0,15530.0,15640.0,11259,0.0,0.0
2024-04-19 14:00:00+09:00,15650.0,15680.0,15540.0,15580.0,10712,0.0,0.0
2024-04-22 09:00:00+09:00,15860.0,15870.0,15540.0,15610.0,0,0.0,0.0
2024-04-22 10:00:00+09:00,15590.0,15630.0,15490.0,15540.0,5932,0.0,0.0
2024-04-22 11:00:00+09:00,15550.0,15580.0,15500.0,15500.0,2532,0.0,0.0
2024-04-22 12:00:00+09:00,15500.0,15580.0,15490.0,15550.0,3117,0.0,0.0
2024-04-22 13:00:00+09:00,15550.0,15670.0,15530.0,15610.0,6845,0.0,0.0
2024-04-22 14:00:00+09:00,15610.0,15650.0,15520.0,15610.0,6907,0.0,0.0
2024-04-23 09:00:00+09:00,15440.0,15740.0,15440.0,15600.0,7631,0.0,0.0
2024-04-23 10:00:00+09:00,15610.0,15640.0,15440.0,15440.0,4567,0.0,0.0
2024-04-23 11:00:00+09:00,15440.0,15490.0,15440.0,15440.0,2545,0.0,0.0
2024-04-23 12:00:00+09:00,15450.0,15460.0,15400.0,15420.0,2668,0.0,0.0
2024-04-23 13:00:00+09:00,15420.0,15450.0,15410.0,15420.0,2275,0.0,0.0
2024-04-23 14:00:00+09:00,15420.0,15450.0,15400.0,15400.0,2699,0.0,0.0
2024-04-24 09:00:00+09:00,15530.0,15600.0,15390.0,15430.0,4769,0.0,0.0
2024-04-24 10:00:00+09:00,15420.0,15430.0,15310.0,15320.0,6201,0.0,0.0
2024-04-24 11:00:00+09:00,15330.0,15420.0,15300.0,15320.0,0,0.0,0.0
2024-04-24 12:00:00+09:00,15330.0,15420.0,15290.0,15290.0,29608,0.0,0.0
2024-04-24 13:00:00+09:00,15290.0,15390.0,15260.0,15280.0,20458,0.0,0.0
2024-04-24 14:00:00+09:00,15280.0,15380.0,15240.0,15280.0,14578,0.0,0.0
2024-04-25 09:00:00+09:00,15120.0,15290.0,15120.0,15200.0,5939,0.0,0.0
2024-04-25 10:00:00+09:00,15200.0,15320.0,15190.0,15300.0,5698,0.0,0.0
2024-04-25 11:00:00+09:00,15290.0,15330.0,15210.0,15270.0,3723,0.0,0.0
2024-04-25 12:00:00+09:00,15270.0,15300.0,15260.0,15270.0,1328,0.0,0.0
2024-04-25 13:00:00+09:00,15270.0,15370.0,15270.0,15370.0,7287,0.0,0.0
2024-04-25 14:00:00+09:00,15360.0,15360.0,15220.0,15260.0,4217,0.0,0.0
2024-04-26 09:00:00+09:00,15430.0,15430.0,15200.0,15310.0,5688,0.0,0.0
2024-04-26 10:00:00+09:00,15300.0,15340.0,15210.0,15270.0,5152,0.0,0.0
2024-04-26 11:00:00+09:00,15270.0,15280.0,15210.0,15240.0,795,0.0,0.0
2024-04-26 12:00:00+09:00,15240.0,15310.0,15230.0,15260.0,735,0.0,0.0
2024-04-26 13:00:00+09:00,15260.0,15300.0,15250.0,15260.0,3430,0.0,0.0
2024-04-26 14:00:00+09:00,15260.0,15300.0,15240.0,15260.0,2720,0.0,0.0
2024-04-29 09:00:00+09:00,15150.0,15620.0,15150.0,15520.0,0,0.0,0.0
2024-04-29 10:00:00+09:00,15520.0,15530.0,15400.0,15420.0,4696,0.0,0.0
2024-04-29 11:00:00+09:00,15420.0,15500.0,15410.0,15500.0,2153,0.0,0.0
2024-04-29 12:00:00+09:00,15500.0,15600.0,15500.0,15560.0,6846,0.0,0.0
2024-04-29 13:00:00+09:00,15570.0,15570.0,15540.0,15560.0,2661,0.0,0.0
2024-04-29 14:00:00+09:00,15560.0,15600.0,15550.0,15580.0,4818,0.0,0.0
2024-04-30 09:00:00+09:00,15670.0,15830.0,15510.0,15710.0,16378,0.0,0.0
2024-04-30 10:00:00+09:00,15730.0,15810.0,15620.0,15790.0,8579,0.0,0.0
2024-04-30 11:00:00+09:00,15780.0,15790.0,15730.0,15770.0,4629,0.0,0.0
2024-04-30 12:00:00+09:00,15760.0,15810.0,15740.0,15770.0,6434,0.0,0.0
2024-04-30 13:00:00+09:00,15780.0,15900.0,15760.0,15840.0,15475,0.0,0.0
2024-04-30 14:00:00+09:00,15840.0,15860.0,15780.0,15860.0,5603,0.0,0.0
2024-05-02 09:00:00+09:00,15850.0,16110.0,15660.0,15720.0,0,0.0,0.0
2024-05-02 10:00:00+09:00,15710.0,15900.0,15710.0,15900.0,6435,0.0,0.0
2024-05-02 11:00:00+09:00,15900.0,15970.0,15880.0,15910.0,4679,0.0,0.0
2024-05-02 12:00:00+09:00,15910.0,15950.0,15840.0,15890.0,4468,0.0,0.0
2024-05-02 13:00:00+09:00,15890.0,15930.0,15780.0,15880.0,7728,0.0,0.0
2024-05-02 14:00:00+09:00,15880.0,15880.0,15730.0,15730.0,5798,0.0,0.0
2024-05-03 09:00:00+09:00,16010.0,16010.0,15710.0,15730.0,6808,0.0,0.0
2024-05-03 10:00:00+09:00,15730.0,15740.0,15700.0,15730.0,2353,0.0,0.0
2024-05-03 11:00:00+09:00,15720.0,15730.0,15700.0,15730.0,924,0.0,0.0
2024-05-03 12:00:00+09:00,15740.0,15790.0,15730.0,15770.0,2198,0.0,0.0
2024-05-03 13:00:00+09:00,15770.0,15880.0,15730.0,15780.0,5038,0.0,0.0
2024-05-03 14:00:00+09:00,15780.0,15870.0,15740.0,15820.0,4392,0.0,0.0
2024-05-07 09:00:00+09:00,15980.0,15980.0,15750.0,15800.0,0,0.0,0.0
2024-05-07 10:00:00+09:00,15820.0,15870.0,15770.0,15780.0,2890,0.0,0.0
2024-05-07 11:00:00+09:00,15780.0,15860.0,15760.0,15830.0,12469,0.0,0.0
2024-05-07 12:00:00+09:00,15820.0,15910.0,15790.0,15880.0,9729,0.0,0.0
2024-05-07 13:00:00+09:00,15870.0,15950.0,15840.0,15910.0,13771,0.0,0.0
2024-05-07 14:00:00+09:00,15910.0,15930.0,15820.0,15860.0,6291,0.0,0.0
2024-05-08 09:00:00+09:00,15830.0,15940.0,15740.0,15740.0,5362,0.0,0.0
2024-05-08 10:00:00+09:00,15750.0,15770.0,15700.0,15770.0,2392,0.0,0.0
2024-05-08 11:00:00+09:00,15750.0,15760.0,15710.0,15720.0,1643,0.0,0.0
2024-05-08 12:00:00+09:00,15720.0,15730.0,15660.0,15680.0,4171,0.0,0.0
2024-05-08 13:00:00+09:00,15680.0,15710.0,15630.0,15690.0,3475,0.0,0.0
2024-05-08 14:00:00+09:00,15690.0,15730.0,15610.0,15610.0,5883,0.0,0.0
2024-05-09 09:00:00+09:00,15540.0,15740.0,15540.0,15630.0,8995,0.0,0.0
2024-05-09 10:00:00+09:00,15630.0,15670.0,15560.0,15560.0,7648,0.0,0.0
2024-05-09 11:00:00+09:00,15560.0,15570.0,15460.0,15460.0,8029,0.0,0.0
2024-05-09 12:00:00+09:00,15490.0,15560.0,15470.0,15560.0,9981,0.0,0.0
2024-05-09 13:00:00+09:00,15550.0,15900.0,15510.0,15900.0,30504,0.0,0.0
2024-05-09 14:00:00+09:00,15910.0,15940.0,15670.0,15760.0,29429,0.0,0.0
2024-05-10 09:00:00+09:00,15750.0,16000.0,15720.0,15830.0,20227,0.0,0.0
2024-05-10 10:00:00+09:00,15820.0,16070.0,15790.0,16020.0,15353,0.0,0.0
2024-05-10 11:00:00+09:00,16020.0,16410.0,15800.0,16340.0,74191,0.0,0.0
2024-05-10 12:00:00+09:00,16310.0,16470.0,16190.0,16300.0,33823,0.0,0.0
2024-05-10 13:00:00+09:00,16270.0,16320.0,16150.0,16200.0,10380,0.0,0.0
2024-05-10 14:00:00+09:00,16200.0,16250.0,16130.0,16180.0,14538,0.0,0.0
2024-05-13 09:00:00+09:00,16180.0,16650.0,16140.0,16230.0,0,0.0,0.0
2024-05-13 10:00:00+09:00,16240.0,16430.0,16240.0,16400.0,18757,0.0,0.0
2024-05-13 11:00:00+09:00,16400.0,16450.0,16350.0,16410.0,4820,0.0,0.0
2024-05-13 12:00:00+09:00,16410.0,16420.0,16340.0,16340.0,8439,0.0,0.0
2024-05-13 13:00:00+09:00,16340.0,16410.0,16180.0,16280.0,0,0.0,0.0
2024-05-13 14:00:00+09:00,16280.0,16370.0,16220.0,16280.0,95873,0.0,0.0
2024-05-14 09:00:00+09:00,16190.0,16370.0,16190.0,16260.0,13151,0.0,0.0
2024-05-14 10:00:00+09:00,16260.0,16300.0,16150.0,16180.0,11774,0.0,0.0
2024-05-14 11:00:00+09:00,16180.0,16230.0,16150.0,16200.0,2893,0.0,0.0
2024-05-14 12:00:00+09:00,16190.0,16310.0,16190.0,16310.0,4885,0.0,0.0
2024-05-14 13:00:00+09:00,16320.0,16330.0,16240.0,16280.0,5137,0.0,0.0
2024-05-14 14:00:00+09:00,16290.0,16360.0,16290.0,16360.0,4502,0.0,0.0
2024-05-16 09:00:00+09:00,16510.0,16620.0,16410.0,16580.0,0,0.0,0.0
2024-05-16 10:00:00+09:00,16590.0,16590.0,16430.0,16500.0,20646,0.0,0.0
2024-05-16 11:00:00+09:00,16500.0,16550.0,16430.0,16450.0,7050,0.0,0.0
2024-05-16 12:00:00+09:00,16450.0,16460.0,16410.0,16410.0,4954,0.0,0.0
2024-05-16 13:00:00+09:00,16420.0,16430.0,16360.0,16390.0,4685,0.0,0.0
2024-05-16 14:00:00+09:00,16400.0,16400.0,16330.0,16360.0,3815,0.0,0.0
2024-05-17 09:00:00+09:00,16550.0,16550.0,16310.0,16530.0,34724,0.0,0.0
2024-05-17 10:00:00+09:00,16520.0,16640.0,16480.0,16600.0,21060,0.0,0.0
2024-05-17 11:00:00+09:00,16600.0,16620.0,16590.0,16600.0,6121,0.0,0.0
2024-05-17 12:00:00+09:00,16610.0,16630.0,16580.0,16610.0,8830,0.0,0.0
2024-05-17 13:00:00+09:00,16610.0,16610.0,16500.0,16520.0,11216,0.0,0.0
2024-05-17 14:00:00+09:00,16530.0,16550.0,16480.0,16490.0,5087,0.0,0.0
2024-05-20 09:00:00+09:00,16550.0,16580.0,16400.0,16500.0,0,0.0,0.0
2024-05-20 10:00:00+09:00,16500.0,16500.0,16390.0,16420.0,10233,0.0,0.0
2024-05-20 11:00:00+09:00,16420.0,16490.0,16400.0,16490.0,2969,0.0,0.0
2024-05-20 12:00:00+09:00,16480.0,16490.0,16340.0,16360.0,6104,0.0,0.0
2024-05-20 13:00:00+09:00,16360.0,16420.0,16360.0,16390.0,4610,0.0,0.0
2024-05-20 14:00:00+09:00,16400.0,16420.0,16360.0,16390.0,4544,0.0,0.0
2024-05-21 09:00:00+09:00,16430.0,16730.0,16300.0,16720.0,36246,0.0,0.0
2024-05-21 10:00:00+09:00,16720.0,16720.0,16520.0,16550.0,20180,0.0,0.0
2024-05-21 11:00:00+09:00,16550.0,16550.0,16450.0,16500.0,8400,0.0,0.0
2024-05-21 12:00:00+09:00,16500.0,16570.0,16450.0,16520.0,3242,0.0,0.0
2024-05-21 13:00:00+09:00,16520.0,16550.0,16470.0,16530.0,5296,0.0,0.0
2024-05-21 14:00:00+09:00,16530.0,16670.0,16500.0,16670.0,8539,0.0,0.0
2024-05-22 09:00:00+09:00,16800.0,16850.0,16590.0,16820.0,26310,0.0,0.0
2024-05-22 10:00:00+09:00,16820.0,16890.0,16760.0,16850.0,19265,0.0,0.0
2024-05-22 11:00:00+09:00,16850.0,16860.0,16770.0,16790.0,8168,0.0,0.0
2024-05-22 12:00:00+09:00,16770.0,16840.0,16770.0,16830.0,2825,0.0,0.0
2024-05-22 13:00:00+09:00,16840.0,16840.0,16760.0,16770.0,8461,0.0,0.0
2024-05-22 14:00:00+09:00,16770.0,16800.0,16700.0,16750.0,16162,0.0,0.0
2024-05-23 09:00:00+09:00,16660.0,16700.0,16410.0,16590.0,28204,0.0,0.0
2024-05-23 10:00:00+09:00,16590.0,16690.0,16590.0,16690.0,5465,0.0,0.0
2024-05-23 11:00:00+09:00,16690.0,16740.0,16660.0,16660.0,4693,0.0,0.0
2024-05-23 12:00:00+09:00,16660.0,16700.0,16560.0,16610.0,6331,0.0,0.0
2024-05-23 13:00:00+09:00,16610.0,16640.0,16530.0,16620.0,11687,0.0,0.0
2024-05-23 14:00:00+09:00,16640.0,16650.0,16360.0,16390.0,51010,0.0,0.0
2024-05-24 09:00:00+09:00,16230.0,16350.0,16150.0,16260.0,17577,0.0,0.0
2024-05-24 10:00:00+09:00,16270.0,16360.0,16240.0,16300.0,5285,0.0,0.0
2024-05-24 11:00:00+09:00,16310.0,16310.0,16230.0,16250.0,4664,0.0,0.0
2024-05-24 12:00:00+09:00,16260.0,16280.0,16160.0,16270.0,10343,0.0,0.0
2024-05-24 13:00:00+09:00,16280.0,16330.0,16250.0,16330.0,5153,0.0,0.0
2024-05-24 14:00:00+09:00,16340.0,16420.0,16290.0,16290.0,7148,0.0,0.0
2024-05-27 09:00:00+09:00,16310.0,16430.0,16180.0,16230.0,0,0.0,0.0
2024-05-27 10:00:00+09:00,16220.0,16220.0,16150.0,16150.0,8998,0.0,0.0
2024-05-27 11:00:00+09:00,16150.0,16330.0,16000.0,16010.0,12109,0.0,0.0
2024-05-27 12:00:00+09:00,16020.0,16130.0,16020.0,16080.0,5381,0.0,0.0
2024-05-27 13:00:00+09:00,16090.0,16270.0,16050.0,16100.0,7671,0.0,0.0
2024-05-27 14:00:00+09:00,16090.0,16130.0,16000.0,16060.0,13832,0.0,0.0
2024-05-28 09:00:00+09:00,16150.0,16210.0,15880.0,15910.0,23681,0.0,0.0
2024-05-28 10:00:00+09:00,15910.0,15930.0,15760.0,15760.0,12634,0.0,0.0
2024-05-28 11:00:00+09:00,15770.0,15770.0,15670.0,15710.0,11449,0.0,0.0
2024-05-28 12:00:00+09:00,15710.0,15770.0,15690.0,15720.0,10420,0.0,0.0
2024-05-28 13:00:00+09:00,15720.0,15720.0,15690.0,15710.0,8283,0.0,0.0
2024-05-28 14:00:00+09:00,15710.0,15760.0,15700.0,15720.0,5689,0.0,0.0
2024-05-29 09:00:00+09:00,15690.0,15810.0,15500.0,15600.0,23542,0.0,0.0
2024-05-29 10:00:00+09:00,15600.0,15750.0,15570.0,15750.0,7558,0.0,0.0
2024-05-29 11:00:00+09:00,15750.0,15810.0,15710.0,15770.0,4696,0.0,0.0
2024-05-29 12:00:00+09:00,15780.0,15940.0,15780.0,15930.0,10241,0.0,0.0
2024-05-29 13:00:00+09:00,15940.0,15940.0,15830.0,15860.0,3699,0.0,0.0
2024-05-29 14:00:00+09:00,15860.0,15920.0,15830.0,15830.0,5142,0.0,0.0
2024-05-30 09:00:00+09:00,15820.0,16060.0,15620.0,15950.0,19088,0.0,0.0
2024-05-30 10:00:00+09:00,15940.0,16080.0,15930.0,16020.0,8804,0.0,0.0
2024-05-30 11:00:00+09:00,16010.0,16020.0,15850.0,15910.0,5428,0.0,0.0
2024-05-30 12:00:00+09:00,15910.0,15980.0,15890.0,15930.0,2338,0.0,0.0
2024-05-30 13:00:00+09:00,15950.0,15950.0,15860.0,15910.0,5348,0.0,0.0
2024-05-30 14:00:00+09:00,15900.0,16000.0,15890.0,15960.0,11386,0.0,0.0
2024-05-31 09:00:00+09:00,16000.0,16550.0,16000.0,16240.0,73058,0.0,0.0
2024-05-31 10:00:00+09:00,16240.0,16390.0,16150.0,16220.0,28130,0.0,0.0
2024-05-31 11:00:00+09:00,16210.0,16340.0,16210.0,16280.0,19398,0.0,0.0
2024-05-31 12:00:00+09:00,16290.0,16290.0,16140.0,16140.0,11100,0.0,0.0
2024-05-31 13:00:00+09:00,16130.0,16270.0,16000.0,16160.0,20454,0.0,0.0
2024-05-31 14:00:00+09:00,16160.0,16250.0,15960.0,15990.0,44923,0.0,0.0
2024-06-03 09:00:00+09:00,15910.0,16090.0,15800.0,15970.0,0,0.0,0.0
2024-06-03 10:00:00+09:00,15970.0,16020.0,15760.0,15840.0,15462,0.0,0.0
2024-06-03 11:00:00+09:00,15840.0,15900.0,15770.0,15820.0,13361,0.0,0.0
2024-06-03 12:00:00+09:00,15820.0,15870.0,15770.0,15830.0,5935,0.0,0.0
2024-06-03 13:00:00+09:00,15840.0,15890.0,15770.0,15870.0,8433,0.0,0.0
2024-06-03 14:00:00+09:00,15870.0,15970.0,15810.0,15890.0,11588,0.0,0.0
2024-06-04 09:00:00+09:00,15870.0,15950.0,15800.0,15920.0,14427,0.0,0.0
2024-06-04 10:00:00+09:00,15910.0,15910.0,15730.0,15770.0,25473,0.0,0.0
2024-06-04 11:00:00+09:00,15790.0,15790.0,15710.0,15710.0,7246,0.0,0.0
2024-06-04 12:00:00+09:00,15710.0,15740.0,15670.0,15720.0,7330,0.0,0.0
2024-06-04 13:00:00+09:00,15710.0,15750.0,15660.0,15680.0,9366,0.0,0.0
2024-06-04 14:00:00+09:00,15690.0,15690.0,15580.0,15580.0,12089,0.0,0.0
2024-06-05 09:00:00+09:00,15510.0,15780.0,15340.0,15460.0,19507,0.0,0.0
2024-06-05 10:00:00+09:00,15460.0,15460.0,15350.0,15440.0,11116,0.0,0.0
2024-06-05 11:00:00+09:00,15430.0,15440.0,15340.0,15350.0,6742,0.0,0.0
2024-06-05 12:00:00+09:00,15340.0,15460.0,15330.0,15390.0,6874,0.0,0.0
2024-06-05 13:00:00+09:00,15390.0,15450.0,15340.0,15420.0,4344,0.0,0.0
2024-06-05 14:00:00+09:00,15420.0,15490.0,15400.0,15410.0,6987,0.0,0.0
2024-06-07 09:00:00+09:00,15300.0,15450.0,15300.0,15340.0,0,0.0,0.0
2024-06-07 10:00:00+09:00,15340.0,15360.0,15200.0,15230.0,11008,0.0,0.0
2024-06-07 11:00:00+09:00,15250.0,15320.0,15190.0,15200.0,17627,0.0,0.0
2024-06-07 12:00:00+09:00,15200.0,15230.0,15180.0,15190.0,4523,0.0,0.0
2024-06-07 13:00:00+09:00,15200.0,15260.0,15170.0,15180.0,5045,0.0,0.0
2024-06-07 14:00:00+09:00,15170.0,15180.0,15090.0,15150.0,14355,0.0,0.0
2024-06-10 09:00:00+09:00,15150.0,15190.0,15010.0,15110.0,0,0.0,0.0
2024-06-10 10:00:00+09:00,15120.0,15130.0,15010.0,15080.0,6276,0.0,0.0
2024-06-10 11:00:00+09:00,15090.0,15120.0,15030.0,15030.0,3437,0.0,0.0
2024-06-10 12:00:00+09:00,15030.0,15080.0,15010.0,15020.0,5472,0.0,0.0
2024-06-10 13:00:00+09:00,15030.0,15040.0,15010.0,15030.0,2347,0.0,0.0
2024-06-10 14:00:00+09:00,15030.0,15060.0,15020.0,15040.0,2068,0.0,0.0
2024-06-11 09:00:00+09:00,15000.0,15190.0,15000.0,15070.0,13546,0.0,0.0
2024-06-11 10:00:00+09:00,15070.0,15120.0,15000.0,15020.0,7490,0.0,0.0
2024-06-11 11:00:00+09:00,15030.0,15060.0,14900.0,14930.0,15225,0.0,0.0
2024-06-11 12:00:00+09:00,14930.0,14930.0,14820.0,14840.0,13603,0.0,0.0
2024-06-11 13:00:00+09:00,14840.0,14920.0,14820.0,14870.0,7854,0.0,0.0
2024-06-11 14:00:00+09:00,14860.0,14870.0,14850.0,14860.0,3514,0.0,0.0
2024-06-12 09:00:00+09:00,14830.0,15070.0,14830.0,15010.0,8470,0.0,0.0
2024-06-12 10:00:00+09:00,15000.0,15050.0,14970.0,15020.0,5598,0.0,0.0
2024-06-12 11:00:00+09:00,15020.0,15020.0,14970.0,15000.0,2976,0.0,0.0
2024-06-12 12:00:00+09:00,15000.0,15040.0,15000.0,15010.0,1275,0.0,0.0
2024-06-12 13:00:00+09:00,15010.0,15020.0,14990.0,15000.0,3564,0.0,0.0
2024-06-12 14:00:00+09:00,15000.0,15130.0,14960.0,15110.0,13982,0.0,0.0
2024-06-13 09:00:00+09:00,15120.0,15290.0,15040.0,15050.0,12334,0.0,0.0
2024-06-13 10:00:00+09:00,15040.0,15250.0,15040.0,15140.0,13968,0.0,0.0
2024-06-13 11:00:00+09:00,15140.0,15250.0,15140.0,15230.0,9172,0.0,0.0
2024-06-13 12:00:00+09:00,15230.0,15280.0,15210.0,15210.0,15054,0.0,0.0
2024-06-13 13:00:00+09:00,15210.0,15280.0,15190.0,15190.0,9488,0.0,0.0
2024-06-13 14:00:00+09:00,15190.0,15250.0,15170.0,15210.0,6359,0.0,0.0
2024-06-14 09:00:00+09:00,15070.0,15530.0,15070.0,15310.0,49732,0.0,0.0
2024-06-14 10:00:00+09:00,15310.0,15380.0,15210.0,15330.0,15158,0.0,0.0
2024-06-14 11:00:00+09:00,15340.0,15450.0,15300.0,15400.0,11806,0.0,0.0
2024-06-14 12:00:00+09:00,15420.0,15740.0,15410.0,15670.0,43931,0.0,0.0
2024-06-14 13:00:00+09:00,15700.0,15940.0,15660.0,15860.0,52947,0.0,0.0
2024-06-14 14:00:00+09:00,15870.0,15880.0,15790.0,15840.0,18917,0.0,0.0
2024-06-17 09:00:00+09:00,15830.0,15860.0,15600.0,15650.0,0,0.0,0.0
2024-06-17 10:00:00+09:00,15640.0,15640.0,15520.0,15570.0,10102,0.0,0.0
2024-06-17 11:00:00+09:00,15570.0,15590.0,15520.0,15550.0,6666,0.0,0.0
2024-06-17 12:00:00+09:00,15550.0,16130.0,15540.0,16110.0,42918,0.0,0.0
2024-06-17 13:00:00+09:00,16120.0,16210.0,16080.0,16170.0,21835,0.0,0.0
2024-06-17 14:00:00+09:00,16180.0,16270.0,16130.0,16200.0,26877,0.0,0.0
2024-06-18 09:00:00+09:00,16290.0,16290.0,15970.0,16170.0,17363,0.0,0.0
2024-06-18 10:00:00+09:00,16180.0,16190.0,15970.0,15990.0,11567,0.0,0.0
2024-06-18 11:00:00+09:00,15990.0,16140.0,15960.0,16010.0,5482,0.0,0.0
2024-06-18 12:00:00+09:00,15990.0,16040.0,15950.0,15970.0,8171,0.0,0.0
2024-06-18 13:00:00+09:00,15980.0,16030.0,15950.0,16010.0,2992,0.0,0.0
2024-06-18 14:00:00+09:00,16010.0,16120.0,15960.0,15990.0,9175,0.0,0.0
2024-06-19 09:00:00+09:00,16200.0,16280.0,16070.0,16160.0,23488,0.0,0.0
2024-06-19 10:00:00+09:00,16160.0,16160.0,15870.0,15900.0,16216,0.0,0.0
2024-06-19 11:00:00+09:00,15910.0,15940.0,15780.0,15800.0,8201,0.0,0.0
2024-06-19 12:00:00+09:00,15800.0,15900.0,15690.0,15700.0,11208,0.0,0.0
2024-06-19 13:00:00+09:00,15710.0,15820.0,15670.0,15790.0,8719,0.0,0.0
2024-06-19 14:00:00+09:00,15790.0,15860.0,15700.0,15750.0,11012,0.0,0.0
2024-06-20 09:00:00+09:00,15770.0,15810.0,15670.0,15750.0,9717,0.0,0.0
2024-06-20 10:00:00+09:00,15760.0,15860.0,15650.0,15780.0,9867,0.0,0.0
2024-06-20 11:00:00+09:00,15780.0,15820.0,15710.0,15760.0,6697,0.0,0.0
2024-06-20 12:00:00+09:00,15750.0,15790.0,15710.0,15730.0,6854,0.0,0.0
2024-06-20 13:00:00+09:00,15740.0,15750.0,15640.0,15670.0,10663,0.0,0.0
2024-06-20 14:00:00+09:00,15670.0,15720.0,15660.0,15680.0,6329,0.0,0.0
2024-06-21 09:00:00+09:00,16010.0,19120.0,15950.0,18500.0,2004265,0.0,0.0
2024-06-21 10:00:00+09:00,18510.0,19000.0,18010.0,18580.0,1109187,0.0,0.0
2024-06-21 11:00:00+09:00,18550.0,18860.0,18050.0,18250.0,530793,0.0,0.0
2024-06-21 12:00:00+09:00,18250.0,18310.0,18020.0,18220.0,212574,0.0,0.0
2024-06-21 13:00:00+09:00,18220.0,18270.0,17820.0,18150.0,247416,0.0,0.0
2024-06-21 14:00:00+09:00,18160.0,18210.0,17860.0,18210.0,214949,0.0,0.0
2024-06-24 09:00:00+09:00,18220.0,18840.0,18000.0,18510.0,0,0.0,0.0
2024-06-24 10:00:00+09:00,18520.0,19430.0,18500.0,19000.0,643612,0.0,0.0
2024-06-24 11:00:00+09:00,19000.0,19130.0,18600.0,18880.0,174931,0.0,0.0
2024-06-24 12:00:00+09:00,18870.0,19280.0,18670.0,18730.0,321506,0.0,0.0
2024-06-24 13:00:00+09:00,18730.0,18950.0,18710.0,18910.0,54757,0.0,0.0
2024-06-24 14:00:00+09:00,18900.0,18960.0,18810.0,18910.0,58128,0.0,0.0
2024-06-25 09:00:00+09:00,19270.0,19400.0,18860.0,19050.0,277642,0.0,0.0
2024-06-25 10:00:00+09:00,19050.0,19080.0,18830.0,18880.0,80470,0.0,0.0
2024-06-25 11:00:00+09:00,18880.0,19020.0,18790.0,18890.0,50813,0.0,0.0
2024-06-25 12:00:00+09:00,18880.0,19100.0,18860.0,19000.0,45854,0.0,0.0
2024-06-25 13:00:00+09:00,19000.0,19080.0,18860.0,18880.0,51882,0.0,0.0
2024-06-25 14:00:00+09:00,18880.0,18930.0,18700.0,18800.0,53588,0.0,0.0
2024-06-26 09:00:00+09:00,18880.0,19320.0,18750.0,18850.0,170751,0.0,0.0
2024-06-26 10:00:00+09:00,18850.0,19970.0,18700.0,19090.0,759144,0.0,0.0
2024-06-26 11:00:00+09:00,19090.0,19260.0,18700.0,18740.0,179359,0.0,0.0
2024-06-26 12:00:00+09:00,18730.0,18750.0,18500.0,18630.0,92815,0.0,0.0
2024-06-26 13:00:00+09:00,18630.0,18710.0,18510.0,18630.0,51374,0.0,0.0
2024-06-26 14:00:00+09:00,18630.0,18670.0,18580.0,18600.0,34121,0.0,0.0
2024-06-27 09:00:00+09:00,18710.0,19120.0,18370.0,18470.0,261418,0.0,0.0
2024-06-27 10:00:00+09:00,18470.0,18510.0,18210.0,18310.0,61794,0.0,0.0
2024-06-27 11:00:00+09:00,18320.0,18500.0,18250.0,18380.0,20349,0.0,0.0
2024-06-27 12:00:00+09:00,18380.0,18490.0,18320.0,18340.0,16733,0.0,0.0
2024-06-27 13:00:00+09:00,18340.0,18350.0,18060.0,18130.0,44570,0.0,0.0
2024-06-27 14:00:00+09:00,18140.0,18350.0,18090.0,18230.0,39968,0.0,0.0
2024-06-28 09:00:00+09:00,18220.0,18260.0,17690.0,17920.0,115721,0.0,0.0
2024-06-28 10:00:00+09:00,17940.0,18070.0,17750.0,17840.0,28539,0.0,0.0
2024-06-28 11:00:00+09:00,17840.0,18060.0,17830.0,18030.0,22059,0.0,0.0
2024-06-28 12:00:00+09:00,17990.0,18050.0,17890.0,17980.0,13781,0.0,0.0
2024-06-28 13:00:00+09:00,17970.0,18010.0,17860.0,17930.0,18098,0.0,0.0
2024-06-28 14:00:00+09:00,17930.0,17940.0,17820.0,17850.0,28182,0.0,0.0
2024-07-01 09:00:00+09:00,17950.0,18510.0,17860.0,18440.0,0,0.0,0.0
2024-07-01 10:00:00+09:00,18440.0,18470.0,18180.0,18260.0,37780,0.0,0.0
2024-07-01 11:00:00+09:00,18240.0,18450.0,18190.0,18310.0,25704,0.0,0.0
2024-07-01 12:00:00+09:00,18310.0,18550.0,18290.0,18500.0,45448,0.0,0.0
2024-07-01 13:00:00+09:00,18500.0,18750.0,18400.0,18630.0,73432,0.0,0.0
2024-07-01 14:00:00+09:00,18630.0,18750.0,18430.0,18430.0,56565,0.0,0.0
2024-07-02 09:00:00+09:00,18540.0,18550.0,18000.0,18150.0,92017,0.0,0.0
2024-07-02 10:00:00+09:00,18160.0,18220.0,18020.0,18030.0,36915,0.0,0.0
2024-07-02 11:00:00+09:00,18040.0,18140.0,17950.0,17970.0,23746,0.0,0.0
2024-07-02 12:00:00+09:00,17970.0,18010.0,17820.0,17830.0,19403,0.0,0.0
2024-07-02 13:00:00+09:00,17830.0,17930.0,17780.0,17830.0,29160,0.0,0.0
2024-07-02 14:00:00+09:00,17830.0,17980.0,17830.0,17980.0,9015,0.0,0.0
2024-07-03 09:00:00+09:00,17790.0,17800.0,17250.0,17300.0,86960,0.0,0.0
2024-07-03 10:00:00+09:00,17370.0,17370.0,17090.0,17100.0,44980,0.0,0.0
2024-07-03 11:00:00+09:00,17110.0,17180.0,16930.0,17160.0,46742,0.0,0.0
2024-07-03 12:00:00+09:00,17170.0,17190.0,16980.0,17010.0,24318,0.0,0.0
2024-07-03 13:00:00+09:00,17000.0,17080.0,16970.0,17020.0,18427,0.0,0.0
2024-07-03 14:00:00+09:00,17020.0,17200.0,16990.0,17130.0,20740,0.0,0.0
2024-07-04 09:00:00+09:00,17000.0,17180.0,16940.0,17110.0,42080,0.0,0.0
2024-07-04 10:00:00+09:00,17110.0,17250.0,17040.0,17110.0,34228,0.0,0.0
2024-07-04 11:00:00+09:00,17110.0,17170.0,17010.0,17060.0,14451,0.0,0.0
2024-07-04 12:00:00+09:00,17040.0,17270.0,16880.0,17090.0,46074,0.0,0.0
2024-07-04 13:00:00+09:00,17100.0,17370.0,17070.0,17260.0,53994,0.0,0.0
2024-07-04 14:00:00+09:00,17250.0,17400.0,17190.0,17240.0,34610,0.0,0.0
2024-07-05 09:00:00+09:00,17290.0,17460.0,17160.0,17170.0,46088,0.0,0.0
2024-07-05 10:00:00+09:00,17160.0,17190.0,17060.0,17140.0,23207,0.0,0.0
2024-07-05 11:00:00+09:00,17130.0,17210.0,17110.0,17150.0,12522,0.0,0.0
2024-07-05 12:00:00+09:00,17150.0,17170.0,17100.0,17140.0,8897,0.0,0.0
2024-07-05 13:00:00+09:00,17140.0,17350.0,17130.0,17240.0,13816,0.0,0.0
2024-07-05 14:00:00+09:00,17230.0,17250.0,17130.0,17160.0,14067,0.0,0.0
2024-07-08 09:00:00+09:00,17230.0,17410.0,17200.0,17310.0,0,0.0,0.0
2024-07-08 10:00:00+09:00,17310.0,17420.0,17220.0,17350.0,15070,0.0,0.0
2024-07-08 11:00:00+09:00,17360.0,17400.0,17290.0,17380.0,6098,0.0,0.0
2024-07-08 12:00:00+09:00,17380.0,17400.0,17300.0,17340.0,7390,0.0,0.0
2024-07-08 13:00:00+09:00,17350.0,17460.0,17260.0,17330.0,42960,0.0,0.0
2024-07-08 14:00:00+09:00,17340.0,17470.0,17330.0,17430.0,39709,0.0,0.0
2024-07-09 09:00:00+09:00,17660.0,17670.0,17150.0,17170.0,58351,0.0,0.0
2024-07-09 10:00:00+09:00,17160.0,17180.0,17010.0,17040.0,30384,0.0,0.0
2024-07-09 11:00:00+09:00,17040.0,17070.0,16990.0,17020.0,22629,0.0,0.0
2024-07-09 12:00:00+09:00,17020.0,17120.0,17000.0,17060.0,7817,0.0,0.0
2024-07-09 13:00:00+09:00,17050.0,17060.0,16790.0,16800.0,47825,0.0,0.0
2024-07-09 14:00:00+09:00,16810.0,16850.0,16710.0,16710.0,39884,0.0,0.0
2024-07-10 09:00:00+09:00,16760.0,17100.0,16750.0,17050.0,33705,0.0,0.0
2024-07-10 10:00:00+09:00,17040.0,17040.0,16970.0,16990.0,10158,0.0,0.0
2024-07-10 11:00:00+09:00,16990.0,17000.0,16970.0,17000.0,7804,0.0,0.0
2024-07-10 12:00:00+09:00,17000.0,17010.0,16910.0,16910.0,6139,0.0,0.0
2024-07-10 13:00:00+09:00,16910.0,16920.0,16800.0,16830.0,11405,0.0,0.0
2024-07-10 14:00:00+09:00,16840.0,16860.0,16750.0,16860.0,19350,0.0,0.0
2024-07-11 09:00:00+09:00,16900.0,16980.0,16740.0,16760.0,32708,0.0,0.0
2024-07-11 10:00:00+09:00,16760.0,16770.0,16510.0,16530.0,48010,0.0,0.0
2024-07-11 11:00:00+09:00,16530.0,16630.0,16470.0,16610.0,33159,0.0,0.0
2024-07-11 12:00:00+09:00,16610.0,16630.0,16510.0,16590.0,26918,0.0,0.0
2024-07-11 13:00:00+09:00,16600.0,16630.0,16510.0,16510.0,28365,0.0,0.0
2024-07-11 14:00:00+09:00,16520.0,16590.0,16500.0,16540.0,19730,0.0,0.0
2024-07-12 09:00:00+09:00,16860.0,16860.0,16550.0,16680.0,32729,0.0,0.0
2024-07-12 10:00:00+09:00,16600.0,16720.0,16570.0,16690.0,20825,0.0,0.0
2024-07-12 11:00:00+09:00,16700.0,16780.0,16660.0,16660.0,14354,0.0,0.0
2024-07-12 12:00:00+09:00,16670.0,16790.0,16660.0,16690.0,15344,0.0,0.0
2024-07-12 13:00:00+09:00,16700.0,16780.0,16690.0,16730.0,11293,0.0,0.0
2024-07-12 14:00:00+09:00,16730.0,16790.0,16720.0,16760.0,6898,0.0,0.0
2024-07-15 09:00:00+09:00,16850.0,16860.0,16660.0,16700.0,0,0.0,0.0
2024-07-15 10:00:00+09:00,16700.0,16770.0,16650.0,16700.0,7048,0.0,0.0
2024-07-15 11:00:00+09:00,16710.0,16720.0,16670.0,16710.0,2270,0.0,0.0
2024-07-15 12:00:00+09:00,16710.0,16730.0,16690.0,16690.0,2659,0.0,0.0
2024-07-15 13:00:00+09:00,16690.0,16750.0,16670.0,16710.0,2936,0.0,0.0
2024-07-15 14:00:00+09:00,16710.0,16740.0,16690.0,16700.0,5754,0.0,0.0
2024-07-16 09:00:00+09:00,16950.0,16950.0,16650.0,16670.0,30349,0.0,0.0
2024-07-16 10:00:00+09:00,16670.0,16710.0,16470.0,16470.0,27235,0.0,0.0
2024-07-16 11:00:00+09:00,16470.0,16520.0,16370.0,16370.0,19808,0.0,0.0
2024-07-16 12:00:00+09:00,16370.0,16440.0,16300.0,16350.0,24717,0.0,0.0
2024-07-16 13:00:00+09:00,16340.0,16470.0,16320.0,16320.0,25490,0.0,0.0
2024-07-16 14:00:00+09:00,16320.0,16450.0,16290.0,16300.0,26371,0.0,0.0
2024-07-17 09:00:00+09:00,16400.0,16550.0,16400.0,16500.0,28590,0.0,0.0
2024-07-17 10:00:00+09:00,16500.0,16670.0,16460.0,16630.0,29444,0.0,0.0
2024-07-17 11:00:00+09:00,16630.0,16670.0,16610.0,16640.0,8456,0.0,0.0
2024-07-17 12:00:00+09:00,16640.0,16870.0,16630.0,16850.0,31533,0.0,0.0
2024-07-17 13:00:00+09:00,16850.0,16920.0,16770.0,16800.0,17581,0.0,0.0
2024-07-17 14:00:00+09:00,16790.0,16810.0,16640.0,16640.0,19980,0.0,0.0
2024-07-18 09:00:00+09:00,16800.0,17240.0,16610.0,17240.0,102333,0.0,0.0
2024-07-18 10:00:00+09:00,17240.0,17320.0,17060.0,17070.0,47162,0.0,0.0
2024-07-18 11:00:00+09:00,17070.0,17200.0,17050.0,17130.0,13096,0.0,0.0
2024-07-18 12:00:00+09:00,17140.0,17220.0,17110.0,17150.0,18283,0.0,0.0
2024-07-18 13:00:00+09:00,17140.0,17160.0,16920.0,16970.0,33337,0.0,0.0
2024-07-18 14:00:00+09:00,16980.0,17070.0,16940.0,17050.0,12793,0.0,0.0
2024-07-19 09:00:00+09:00,17160.0,17240.0,16770.0,16890.0,31421,0.0,0.0
2024-07-19 10:00:00+09:00,16890.0,16890.0,16650.0,16690.0,24170,0.0,0.0
2024-07-19 11:00:00+09:00,16700.0,16730.0,16650.0,16670.0,7198,0.0,0.0
2024-07-19 12:00:00+09:00,16660.0,16720.0,16580.0,16590.0,11772,0.0,0.0
2024-07-19 13:00:00+09:00,16600.0,16750.0,16580.0,16730.0,9219,0.0,0.0
2024-07-19 14:00:00+09:00,16720.0,16840.0,16710.0,16820.0,10361,0.0,0.0
2024-07-22 09:00:00+09:00,16670.0,17170.0,16610.0,16740.0,0,0.0,0.0
2024-07-22 10:00:00+09:00,16740.0,16900.0,16740.0,16820.0,12139,0.0,0.0
2024-07-22 11:00:00+09:00,16820.0,16900.0,16790.0,16890.0,5571,0.0,0.0
2024-07-22 12:00:00+09:00,16880.0,16890.0,16800.0,16820.0,6870,0.0,0.0
2024-07-22 13:00:00+09:00,16820.0,16870.0,16800.0,16840.0,8137,0.0,0.0
2024-07-22 14:00:00+09:00,16820.0,16990.0,16760.0,16880.0,17099,0.0,0.0
2024-07-23 09:00:00+09:00,17020.0,17150.0,16900.0,16940.0,25607,0.0,0.0
2024-07-23 10:00:00+09:00,16950.0,17010.0,16830.0,16850.0,17121,0.0,0.0
2024-07-23 11:00:00+09:00,16850.0,16900.0,16820.0,16840.0,6346,0.0,0.0
2024-07-23 12:00:00+09:00,16850.0,16860.0,16760.0,16810.0,7556,0.0,0.0
2024-07-23 13:00:00+09:00,16800.0,16850.0,16760.0,16820.0,5223,0.0,0.0
2024-07-23 14:00:00+09:00,16800.0,16870.0,16790.0,16860.0,9875,0.0,0.0
2024-07-24 09:00:00+09:00,16790.0,17080.0,16630.0,16940.0,44700,0.0,0.0
2024-07-24 10:00:00+09:00,16940.0,17010.0,16900.0,16950.0,16098,0.0,0.0
2024-07-24 11:00:00+09:00,16960.0,17000.0,16930.0,16940.0,5283,0.0,0.0
2024-07-24 12:00:00+09:00,16940.0,17000.0,16890.0,16970.0,11351,0.0,0.0
2024-07-24 13:00:00+09:00,16960.0,16970.0,16920.0,16930.0,4789,0.0,0.0
2024-07-24 14:00:00+09:00,16930.0,16960.0,16910.0,16940.0,2486,0.0,0.0
2024-07-25 09:00:00+09:00,16700.0,16940.0,16690.0,16910.0,24638,0.0,0.0
2024-07-25 10:00:00+09:00,16910.0,16930.0,16840.0,16900.0,12014,0.0,0.0
2024-07-25 11:00:00+09:00,16880.0,16940.0,16830.0,16830.0,17963,0.0,0.0
2024-07-25 12:00:00+09:00,16830.0,16920.0,16800.0,16860.0,15341,0.0,0.0
2024-07-25 13:00:00+09:00,16870.0,16910.0,16830.0,16830.0,5281,0.0,0.0
2024-07-25 14:00:00+09:00,16830.0,16880.0,16800.0,16840.0,8875,0.0,0.0
2024-07-26 09:00:00+09:00,16770.0,17140.0,16770.0,17130.0,22558,0.0,0.0
2024-07-26 10:00:00+09:00,17120.0,17130.0,17030.0,17050.0,14048,0.0,0.0
2024-07-26 11:00:00+09:00,17050.0,17130.0,17000.0,17130.0,11578,0.0,0.0
2024-07-26 12:00:00+09:00,17130.0,17130.0,17020.0,17060.0,6480,0.0,0.0
2024-07-26 13:00:00+09:00,17060.0,17100.0,17020.0,17040.0,14663,0.0,0.0
2024-07-26 14:00:00+09:00,17050.0,17090.0,17010.0,17010.0,13267,0.0,0.0
2024-07-29 09:00:00+09:00,17160.0,17340.0,17000.0,17300.0,0,0.0,0.0
2024-07-29 10:00:00+09:00,17290.0,17320.0,17180.0,17200.0,13998,0.0,0.0
2024-07-29 11:00:00+09:00,17200.0,17300.0,17190.0,17260.0,9392,0.0,0.0
2024-07-29 12:00:00+09:00,17240.0,17480.0,17220.0,17470.0,27395,0.0,0.0
2024-07-29 13:00:00+09:00,17470.0,17600.0,17410.0,17550.0,58968,0.0,0.0
2024-07-29 14:00:00+09:00,17550.0,17590.0,17470.0,17470.0,25576,0.0,0.0
2024-07-30 09:00:00+09:00,17530.0,17820.0,17300.0,17340.0,53761,0.0,0.0
2024-07-30 10:00:00+09:00,17340.0,17420.0,17240.0,17290.0,14289,0.0,0.0
2024-07-30 11:00:00+09:00,17300.0,17350.0,16500.0,17200.0,31786,0.0,0.0
2024-07-30 12:00:00+09:00,17190.0,17220.0,17060.0,17140.0,10024,0.0,0.0
2024-07-30 13:00:00+09:00,17140.0,17180.0,17040.0,17090.0,16374,0.0,0.0
2024-07-30 14:00:00+09:00,17090.0,17090.0,17050.0,17070.0,4048,0.0,0.0
2024-07-31 09:00:00+09:00,17060.0,17090.0,16890.0,17000.0,27852,0.0,0.0
2024-07-31 10:00:00+09:00,17020.0,17110.0,16930.0,17020.0,14895,0.0,0.0
2024-07-31 11:00:00+09:00,16970.0,17040.0,16930.0,17000.0,12370,0.0,0.0
2024-07-31 12:00:00+09:00,17010.0,17040.0,16940.0,16980.0,5401,0.0,0.0
2024-07-31 13:00:00+09:00,16980.0,16980.0,16770.0,16830.0,18045,0.0,0.0
2024-07-31 14:00:00+09:00,16840.0,17000.0,16680.0,16800.0,61693,0.0,0.0
2024-08-01 09:00:00+09:00,17030.0,17140.0,16880.0,17030.0,27755,0.0,0.0
2024-08-01 10:00:00+09:00,17030.0,17080.0,17000.0,17060.0,5256,0.0,0.0
2024-08-01 11:00:00+09:00,17060.0,17110.0,17040.0,17080.0,6359,0.0,0.0
2024-08-01 12:00:00+09:00,17060.0,17160.0,17060.0,17120.0,9975,0.0,0.0
2024-08-01 13:00:00+09:00,17140.0,17190.0,17100.0,17150.0,9079,0.0,0.0
2024-08-01 14:00:00+09:00,17170.0,17190.0,17120.0,17140.0,9892,0.0,0.0
2024-08-02 09:00:00+09:00,17060.0,17060.0,16640.0,16680.0,38494,0.0,0.0
2024-08-02 10:00:00+09:00,16680.0,16740.0,16510.0,16510.0,23101,0.0,0.0
2024-08-02 11:00:00+09:00,16510.0,16520.0,16310.0,16320.0,31707,0.0,0.0
2024-08-02 12:00:00+09:00,16340.0,16350.0,16160.0,16280.0,23816,0.0,0.0
2024-08-02 13:00:00+09:00,16300.0,16490.0,16260.0,16410.0,25048,0.0,0.0
2024-08-02 14:00:00+09:00,16400.0,16410.0,16220.0,16230.0,19089,0.0,0.0
2024-08-05 09:00:00+09:00,16000.0,16220.0,15500.0,15510.0,0,0.0,0.0
2024-08-05 10:00:00+09:00,15510.0,15790.0,15410.0,15550.0,30285,0.0,0.0
2024-08-05 11:00:00+09:00,15550.0,15600.0,15230.0,15310.0,22182,0.0,0.0
2024-08-05 12:00:00+09:00,15310.0,15380.0,15190.0,15190.0,17852,0.0,0.0
2024-08-05 13:00:00+09:00,15290.0,15330.0,15180.0,15200.0,22817,0.0,0.0
2024-08-05 14:00:00+09:00,15200.0,15200.0,14310.0,14430.0,42988,0.0,0.0
2024-08-06 09:00:00+09:00,14730.0,15450.0,14730.0,15430.0,58238,0.0,0.0
2024-08-06 10:00:00+09:00,15430.0,15470.0,14930.0,15180.0,25679,0.0,0.0
2024-08-06 11:00:00+09:00,15150.0,15370.0,15040.0,15370.0,10726,0.0,0.0
2024-08-06 12:00:00+09:00,15360.0,15630.0,15270.0,15610.0,27372,0.0,0.0
2024-08-06 13:00:00+09:00,15610.0,15700.0,15520.0,15540.0,16934,0.0,0.0
2024-08-06 14:00:00+09:00,15540.0,15550.0,15330.0,15550.0,7076,0.0,0.0
2024-08-07 09:00:00+09:00,15160.0,15230.0,14950.0,15170.0,31129,0.0,0.0
2024-08-07 10:00:00+09:00,15170.0,15550.0,15160.0,15440.0,14884,0.0,0.0
2024-08-07 11:00:00+09:00,15440.0,15550.0,15330.0,15480.0,14105,0.0,0.0
2024-08-07 12:00:00+09:00,15480.0,15540.0,15420.0,15480.0,6359,0.0,0.0
2024-08-07 13:00:00+09:00,15490.0,15500.0,15420.0,15470.0,9155,0.0,0.0
2024-08-07 14:00:00+09:00,15470.0,15470.0,15300.0,15400.0,0,0.0,0.0
2024-08-08 09:00:00+09:00,15070.0,15230.0,15010.0,15160.0,23995,0.0,0.0
2024-08-08 10:00:00+09:00,15150.0,15290.0,15090.0,15270.0,26773,0.0,0.0
2024-08-08 11:00:00+09:00,15240.0,15310.0,15230.0,15310.0,3531,0.0,0.0
2024-08-08 12:00:00+09:00,15310.0,15360.0,15270.0,15280.0,5513,0.0,0.0
2024-08-08 13:00:00+09:00,15280.0,15330.0,15190.0,15250.0,12430,0.0,0.0
2024-08-08 14:00:00+09:00,15270.0,15350.0,15250.0,15300.0,6633,0.0,0.0
2024-08-09 09:00:00+09:00,15500.0,15890.0,15370.0,15880.0,34719,0.0,0.0
2024-08-09 10:00:00+09:00,15880.0,15930.0,15670.0,15830.0,24756,0.0,0.0
2024-08-09 11:00:00+09:00,15840.0,15840.0,15750.0,15760.0,5630,0.0,0.0
2024-08-09 12:00:00+09:00,15760.0,15830.0,15750.0,15790.0,2578,0.0,0.0
2024-08-09 13:00:00+09:00,15800.0,15810.0,15710.0,15720.0,3706,0.0,0.0
2024-08-09 14:00:00+09:00,15720.0,15760.0,15590.0,15700.0,13551,0.0,0.0
2024-08-12 09:00:00+09:00,15580.0,15860.0,15510.0,15650.0,0,0.0,0.0
2024-08-12 10:00:00+09:00,15640.0,15750.0,15560.0,15740.0,10033,0.0,0.0
2024-08-12 11:00:00+09:00,15740.0,15740.0,15630.0,15630.0,6596,0.0,0.0
2024-08-12 12:00:00+09:00,15640.0,15730.0,15620.0,15680.0,3778,0.0,0.0
2024-08-12 13:00:00+09:00,15680.0,15690.0,15560.0,15630.0,12412,0.0,0.0
2024-08-12 14:00:00+09:00,15620.0,15700.0,15590.0,15630.0,10877,0.0,0.0
2024-08-13 09:00:00+09:00,15510.0,15610.0,15160.0,15270.0,29980,0.0,0.0
2024-08-13 10:00:00+09:00,15280.0,15390.0,15190.0,15230.0,40562,0.0,0.0
2024-08-13 11:00:00+09:00,15230.0,15320.0,15200.0,15300.0,11629,0.0,0.0
2024-08-13 12:00:00+09:00,15290.0,15330.0,15270.0,15300.0,9679,0.0,0.0
2024-08-13 13:00:00+09:00,15300.0,15350.0,15260.0,15310.0,7620,0.0,0.0
2024-08-13 14:00:00+09:00,15320.0,15360.0,15260.0,15300.0,9960,0.0,0.0
2024-08-14 09:00:00+09:00,15420.0,15570.0,15350.0,15350.0,14899,0.0,0.0
2024-08-14 10:00:00+09:00,15360.0,15530.0,15360.0,15530.0,10966,0.0,0.0
2024-08-14 11:00:00+09:00,15530.0,15680.0,15470.0,15620.0,19931,0.0,0.0
2024-08-14 12:00:00+09:00,15630.0,15750.0,15580.0,15650.0,16387,0.0,0.0
2024-08-14 13:00:00+09:00,15660.0,15710.0,15610.0,15650.0,11058,0.0,0.0
2024-08-14 14:00:00+09:00,15650.0,15850.0,15610.0,15820.0,13386,0.0,0.0
2024-08-16 09:00:00+09:00,15790.0,15890.0,15600.0,15730.0,0,0.0,0.0
2024-08-16 10:00:00+09:00,15730.0,15830.0,15670.0,15700.0,11217,0.0,0.0
2024-08-16 11:00:00+09:00,15690.0,15700.0,15610.0,15690.0,9483,0.0,0.0
2024-08-16 12:00:00+09:00,15670.0,15740.0,15640.0,15670.0,6747,0.0,0.0
2024-08-16 13:00:00+09:00,15680.0,15740.0,15630.0,15630.0,5502,0.0,0.0
2024-08-16 14:00:00+09:00,15620.0,15680.0,15620.0,15630.0,6032,0.0,0.0
2024-08-19 09:00:00+09:00,15640.0,15830.0,15510.0,15510.0,0,0.0,0.0
2024-08-19 10:00:00+09:00,15510.0,15540.0,15480.0,15480.0,6319,0.0,0.0
2024-08-19 11:00:00+09:00,15480.0,15510.0,15450.0,15460.0,7583,0.0,0.0
2024-08-19 12:00:00+09:00,15450.0,15660.0,15450.0,15620.0,9650,0.0,0.0
2024-08-19 13:00:00+09:00,15610.0,15610.0,15490.0,15510.0,9557,0.0,0.0
2024-08-19 14:00:00+09:00,15520.0,15620.0,15450.0,15530.0,12604,0.0,0.0
2024-08-20 09:00:00+09:00,15520.0,15560.0,15410.0,15430.0,12212,0.0,0.0
2024-08-20 10:00:00+09:00,15430.0,15460.0,15330.0,15440.0,15976,0.0,0.0
2024-08-20 11:00:00+09:00,15450.0,15610.0,15450.0,15570.0,16887,0.0,0.0
2024-08-20 12:00:00+09:00,15570.0,15600.0,15490.0,15600.0,9636,0.0,0.0
2024-08-20 13:00:00+09:00,15600.0,15610.0,15540.0,15570.0,8518,0.0,0.0
2024-08-20 14:00:00+09:00,15550.0,15580.0,15510.0,15540.0,7982,0.0,0.0
2024-08-21 09:00:00+09:00,15350.0,15570.0,15350.0,15460.0,11338,0.0,0.0
2024-08-21 10:00:00+09:00,15470.0,15470.0,15370.0,15380.0,5583,0.0,0.0
2024-08-21 11:00:00+09:00,15380.0,15380.0,15250.0,15280.0,10197,0.0,0.0
2024-08-21 12:00:00+09:00,15270.0,15470.0,15250.0,15260.0,3588,0.0,0.0
2024-08-21 13:00:00+09:00,15260.0,15290.0,15130.0,15210.0,15519,0.0,0.0
2024-08-21 14:00:00+09:00,15220.0,15390.0,15220.0,15330.0,15857,0.0,0.0
2024-08-22 09:00:00+09:00,15480.0,15550.0,15210.0,15260.0,24346,0.0,0.0
2024-08-22 10:00:00+09:00,15270.0,15330.0,15240.0,15270.0,12927,0.0,0.0
2024-08-22 11:00:00+09:00,15270.0,15320.0,15180.0,15190.0,9559,0.0,0.0
2024-08-22 12:00:00+09:00,15190.0,15200.0,15140.0,15150.0,9483,0.0,0.0
2024-08-22 13:00:00+09:00,15150.0,15280.0,15150.0,15230.0,5940,0.0,0.0
2024-08-22 14:00:00+09:00,15230.0,15260.0,15190.0,15200.0,3185,0.0,0.0
2024-08-23 09:00:00+09:00,15240.0,15250.0,15090.0,15120.0,12188,0.0,0.0
2024-08-23 10:00:00+09:00,15120.0,15150.0,15020.0,15020.0,9022,0.0,0.0
2024-08-23 11:00:00+09:00,15020.0,15180.0,15020.0,15080.0,4040,0.0,0.0
2024-08-23 12:00:00+09:00,15080.0,15210.0,15070.0,15190.0,3578,0.0,0.0
2024-08-23 13:00:00+09:00,15190.0,15230.0,15120.0,15150.0,8371,0.0,0.0
2024-08-23 14:00:00+09:00,15170.0,15250.0,15150.0,15150.0,5213,0.0,0.0
2024-08-26 09:00:00+09:00,15160.0,15160.0,14810.0,15050.0,0,0.0,0.0
2024-08-26 10:00:00+09:00,15050.0,15120.0,14990.0,15040.0,6947,0.0,0.0
2024-08-26 11:00:00+09:00,15040.0,15040.0,14960.0,15020.0,4246,0.0,0.0
2024-08-26 12:00:00+09:00,15020.0,15030.0,14920.0,14970.0,4723,0.0,0.0
2024-08-26 13:00:00+09:00,14970.0,15020.0,14920.0,14950.0,8496,0.0,0.0
2024-08-26 14:00:00+09:00,14950.0,15060.0,14930.0,15010.0,7448,0.0,0.0
2024-08-27 09:00:00+09:00,15280.0,15360.0,14860.0,15010.0,21751,0.0,0.0
2024-08-27 10:00:00+09:00,15010.0,15120.0,15010.0,15070.0,14004,0.0,0.0
2024-08-27 11:00:00+09:00,15060.0,15070.0,15010.0,15020.0,7191,0.0,0.0
2024-08-27 12:00:00+09:00,15020.0,15050.0,14950.0,14970.0,6558,0.0,0.0
2024-08-27 13:00:00+09:00,14970.0,15110.0,14970.0,15100.0,7506,0.0,0.0
2024-08-27 14:00:00+09:00,15090.0,15280.0,15090.0,15210.0,21620,0.0,0.0
2024-08-28 09:00:00+09:00,15170.0,15290.0,15100.0,15150.0,12426,0.0,0.0
2024-08-28 10:00:00+09:00,15170.0,15200.0,15110.0,15160.0,6392,0.0,0.0
2024-08-28 11:00:00+09:00,15180.0,15220.0,15140.0,15160.0,2967,0.0,0.0
2024-08-28 12:00:00+09:00,15140.0,15230.0,15140.0,15180.0,6444,0.0,0.0
2024-08-28 13:00:00+09:00,15190.0,15240.0,15160.0,15200.0,7866,0.0,0.0
2024-08-28 14:00:00+09:00,15200.0,15230.0,15150.0,15200.0,4288,0.0,0.0
2024-08-29 09:00:00+09:00,15050.0,15200.0,15050.0,15090.0,19933,0.0,0.0
2024-08-29 10:00:00+09:00,15090.0,15130.0,15060.0,15080.0,13648,0.0,0.0
2024-08-29 11:00:00+09:00,15080.0,15090.0,15040.0,15080.0,4555,0.0,0.0
2024-08-29 12:00:00+09:00,15080.0,15110.0,14970.0,14980.0,11886,0.0,0.0
2024-08-29 13:00:00+09:00,14980.0,15010.0,14960.0,14990.0,6022,0.0,0.0
2024-08-29 14:00:00+09:00,14990.0,15010.0,14950.0,14960.0,6971,0.0,0.0
2024-08-30 09:00:00+09:00,14970.0,15120.0,14970.0,15060.0,6797,0.0,0.0
2024-08-30 10:00:00+09:00,15050.0,15050.0,15010.0,15030.0,3216,0.0,0.0
2024-08-30 11:00:00+09:00,15020.0,15040.0,14990.0,15020.0,4568,0.0,0.0
2024-08-30 12:00:00+09:00,15010.0,15010.0,14980.0,15010.0,1710,0.0,0.0
2024-08-30 13:00:00+09:00,15010.0,15040.0,15010.0,15020.0,2470,0.0,0.0
2024-08-30 14:00:00+09:00,15020.0,15110.0,14990.0,15080.0,12997,0.0,0.0
2024-09-02 09:00:00+09:00,15350.0,15750.0,15350.0,15450.0,31601,0.0,0.0
2024-09-02 10:00:00+09:00,15440.0,15440.0,15250.0,15290.0,15314,0.0,0.0
2024-09-02 11:00:00+09:00,15290.0,15290.0,15230.0,15230.0,5521,0.0,0.0
2024-09-02 12:00:00+09:00,15240.0,15300.0,15230.0,15260.0,5768,0.0,0.0
2024-09-02 13:00:00+09:00,15260.0,15380.0,15260.0,15290.0,11803,0.0,0.0
2024-09-02 14:00:00+09:00,15290.0,15360.0,15250.0,15310.0,18640,0.0,0.0
2024-09-03 09:00:00+09:00,15300.0,15520.0,15190.0,15370.0,38068,0.0,0.0
2024-09-03 10:00:00+09:00,15380.0,15540.0,15330.0,15530.0,15575,0.0,0.0
2024-09-03 11:00:00+09:00,15540.0,15610.0,15400.0,15410.0,15155,0.0,0.0
2024-09-03 12:00:00+09:00,15410.0,15410.0,15280.0,15290.0,17539,0.0,0.0
2024-09-03 13:00:00+09:00,15300.0,15390.0,15260.0,15330.0,17795,0.0,0.0
2024-09-03 14:00:00+09:00,15320.0,15320.0,15240.0,15240.0,12917,0.0,0.0
2024-09-04 09:00:00+09:00,14800.0,14980.0,14650.0,14710.0,52801,0.0,0.0
2024-09-04 10:00:00+09:00,14710.0,14880.0,14690.0,14850.0,5269,0.0,0.0
2024-09-04 11:00:00+09:00,14850.0,14870.0,14770.0,14780.0,6033,0.0,0.0
2024-09-04 12:00:00+09:00,14780.0,14780.0,14680.0,14690.0,7103,0.0,0.0
2024-09-04 13:00:00+09:00,14690.0,14790.0,14690.0,14720.0,8124,0.0,0.0
2024-09-04 14:00:00+09:00,14710.0,14740.0,14670.0,14670.0,14075,0.0,0.0
2024-09-05 09:00:00+09:00,14650.0,15330.0,14650.0,15190.0,32526,0.0,0.0
2024-09-05 10:00:00+09:00,15200.0,15230.0,14930.0,14940.0,7285,0.0,0.0
2024-09-05 11:00:00+09:00,14950.0,15060.0,14890.0,15020.0,6821,0.0,0.0
2024-09-05 12:00:00+09:00,15010.0,15010.0,14840.0,14960.0,13795,0.0,0.0
2024-09-05 13:00:00+09:00,14920.0,15070.0,14840.0,14940.0,15065,0.0,0.0
2024-09-05 14:00:00+09:00,14930.0,15070.0,14910.0,14950.0,9540,0.0,0.0
2024-09-06 09:00:00+09:00,15200.0,15200.0,14690.0,14750.0,20455,0.0,0.0
2024-09-06 10:00:00+09:00,14740.0,14820.0,14650.0,14710.0,16711,0.0,0.0
2024-09-06 11:00:00+09:00,14710.0,14740.0,14640.0,14640.0,8438,0.0,0.0
2024-09-06 12:00:00+09:00,14640.0,14730.0,14640.0,14660.0,6437,0.0,0.0
2024-09-06 13:00:00+09:00,14660.0,14810.0,14660.0,14730.0,4761,0.0,0.0
2024-09-06 14:00:00+09:00,14740.0,14750.0,14650.0,14660.0,6346,0.0,0.0
2024-09-09 09:00:00+09:00,14320.0,14600.0,14320.0,14450.0,0,0.0,0.0
2024-09-09 10:00:00+09:00,14440.0,14600.0,14420.0,14500.0,8392,0.0,0.0
2024-09-09 11:00:00+09:00,14500.0,14730.0,14480.0,14700.0,6795,0.0,0.0
2024-09-09 12:00:00+09:00,14710.0,14760.0,14690.0,14720.0,2602,0.0,0.0
2024-09-09 13:00:00+09:00,14730.0,14870.0,14730.0,14850.0,3605,0.0,0.0
2024-09-09 14:00:00+09:00,14850.0,14880.0,14830.0,14850.0,2412,0.0,0.0
2024-09-10 09:00:00+09:00,14810.0,15060.0,14730.0,14890.0,21271,0.0,0.0
2024-09-10 10:00:00+09:00,14900.0,14900.0,14780.0,14870.0,6208,0.0,0.0
2024-09-10 11:00:00+09:00,14880.0,14880.0,14720.0,14770.0,6645,0.0,0.0
2024-09-10 12:00:00+09:00,14760.0,14890.0,14720.0,14800.0,5631,0.0,0.0
2024-09-10 13:00:00+09:00,14800.0,14830.0,14730.0,14740.0,3271,0.0,0.0
2024-09-10 14:00:00+09:00,14740.0,14740.0,14580.0,14610.0,8624,0.0,0.0
2024-09-11 09:00:00+09:00,14670.0,14830.0,14650.0,14710.0,10144,0.0,0.0
2024-09-11 10:00:00+09:00,14730.0,14730.0,14560.0,14580.0,7281,0.0,0.0
2024-09-11 11:00:00+09:00,14590.0,14680.0,14590.0,14640.0,3631,0.0,0.0
2024-09-11 12:00:00+09:00,14650.0,14680.0,14620.0,14650.0,4219,0.0,0.0
2024-09-11 13:00:00+09:00,14650.0,14730.0,14620.0,14630.0,6968,0.0,0.0
2024-09-11 14:00:00+09:00,14630.0,14630.0,14500.0,14580.0,11189,0.0,0.0
2024-09-12 09:00:00+09:00,14620.0,14850.0,14620.0,14670.0,16618,0.0,0.0
2024-09-12 10:00:00+09:00,14690.0,14720.0,14620.0,14690.0,7376,0.0,0.0
2024-09-12 11:00:00+09:00,14690.0,14810.0,14690.0,14790.0,8739,0.0,0.0
2024-09-12 12:00:00+09:00,14790.0,14820.0,14760.0,14820.0,5129,0.0,0.0
2024-09-12 13:00:00+09:00,14820.0,14840.0,14800.0,14830.0,7045,0.0,0.0
2024-09-12 14:00:00+09:00,14820.0,14990.0,14800.0,14970.0,12347,0.0,0.0
2024-09-13 09:00:00+09:00,14800.0,14990.0,14750.0,14810.0,11257,0.0,0.0
2024-09-13 10:00:00+09:00,14810.0,14810.0,14650.0,14700.0,15259,0.0,0.0
2024-09-13 11:00:00+09:00,14710.0,14820.0,14670.0,14780.0,9277,0.0,0.0
2024-09-13 12:00:00+09:00,14770.0,14800.0,14720.0,14760.0,7262,0.0,0.0
2024-09-13 13:00:00+09:00,14770.0,14850.0,14720.0,14820.0,12861,0.0,0.0
2024-09-13 14:00:00+09:00,14820.0,14900.0,14810.0,14850.0,14338,0.0,0.0
2024-09-19 09:00:00+09:00,14990.0,14990.0,14610.0,14650.0,0,0.0,0.0
2024-09-19 10:00:00+09:00,14650.0,14660.0,14350.0,14370.0,36145,0.0,0.0
2024-09-19 11:00:00+09:00,14370.0,14410.0,14300.0,14310.0,18119,0.0,0.0
2024-09-19 12:00:00+09:00,14320.0,14500.0,14240.0,14350.0,22637,0.0,0.0
2024-09-19 13:00:00+09:00,14360.0,14510.0,14350.0,14440.0,10391,0.0,0.0
2024-09-19 14:00:00+09:00,14440.0,14520.0,14410.0,14420.0,14895,0.0,0.0
2024-09-20 09:00:00+09:00,14420.0,14710.0,14420.0,14640.0,16843,0.0,0.0
2024-09-20 10:00:00+09:00,14630.0,14640.0,14470.0,14500.0,16686,0.0,0.0
2024-09-20 11:00:00+09:00,14510.0,14530.0,14460.0,14480.0,4002,0.0,0.0
2024-09-20 12:00:00+09:00,14480.0,14520.0,14460.0,14490.0,2933,0.0,0.0
2024-09-20 13:00:00+09:00,14490.0,14530.0,14470.0,14490.0,8584,0.0,0.0
2024-09-20 14:00:00+09:00,14500.0,14540.0,14430.0,14440.0,6998,0.0,0.0
2024-09-23 09:00:00+09:00,14440.0,14830.0,14330.0,14690.0,0,0.0,0.0
2024-09-23 10:00:00+09:00,14680.0,14760.0,14620.0,14720.0,5276,0.0,0.0
2024-09-23 11:00:00+09:00,14710.0,14720.0,14640.0,14660.0,5568,0.0,0.0
2024-09-23 12:00:00+09:00,14660.0,14730.0,14660.0,14710.0,6875,0.0,0.0
2024-09-23 13:00:00+09:00,14710.0,14720.0,14660.0,14690.0,7129,0.0,0.0
2024-09-23 14:00:00+09:00,14690.0,14700.0,14600.0,14600.0,6103,0.0,0.0
2024-09-24 09:00:00+09:00,14570.0,14760.0,14570.0,14640.0,14655,0.0,0.0
2024-09-24 10:00:00+09:00,14650.0,14710.0,14600.0,14610.0,3794,0.0,0.0
2024-09-24 11:00:00+09:00,14620.0,14620.0,14600.0,14610.0,1798,0.0,0.0
2024-09-24 12:00:00+09:00,14610.0,14620.0,14580.0,14580.0,3162,0.0,0.0
2024-09-24 13:00:00+09:00,14590.0,14650.0,14590.0,14640.0,2819,0.0,0.0
2024-09-24 14:00:00+09:00,14650.0,14690.0,14620.0,14660.0,4456,0.0,0.0
2024-09-25 09:00:00+09:00,14850.0,15640.0,14830.0,15480.0,108349,0.0,0.0
2024-09-25 10:00:00+09:00,15470.0,15630.0,15430.0,15480.0,62408,0.0,0.0
2024-09-25 11:00:00+09:00,15480.0,15610.0,15410.0,15610.0,32745,0.0,0.0
2024-09-25 12:00:00+09:00,15600.0,15710.0,15540.0,15610.0,35411,0.0,0.0
2024-09-25 13:00:00+09:00,15610.0,15620.0,15520.0,15540.0,28429,0.0,0.0
2024-09-25 14:00:00+09:00,15540.0,15540.0,15250.0,15260.0,37277,0.0,0.0
2024-09-26 09:00:00+09:00,15460.0,15510.0,15260.0,15290.0,22256,0.0,0.0
2024-09-26 10:00:00+09:00,15290.0,15470.0,15220.0,15470.0,16618,0.0,0.0
2024-09-26 11:00:00+09:00,15470.0,15490.0,15410.0,15420.0,4392,0.0,0.0
2024-09-26 12:00:00+09:00,15420.0,15480.0,15380.0,15390.0,8887,0.0,0.0
2024-09-26 13:00:00+09:00,15390.0,15450.0,15320.0,15420.0,9416,0.0,0.0
2024-09-26 14:00:00+09:00,15420.0,15450.0,15410.0,15410.0,7293,0.0,0.0
2024-09-27 09:00:00+09:00,15290.0,15450.0,15200.0,15390.0,34031,0.0,0.0
2024-09-27 10:00:00+09:00,15390.0,15540.0,15330.0,15380.0,22255,0.0,0.0
2024-09-27 11:00:00+09:00,15380.0,15470.0,15280.0,15350.0,13949,0.0,0.0
2024-09-27 12:00:00+09:00,15350.0,15450.0,15350.0,15440.0,7516,0.0,0.0
2024-09-27 13:00:00+09:00,15440.0,15450.0,15410.0,15450.0,4495,0.0,0.0
2024-09-27 14:00:00+09:00,15430.0,15440.0,15250.0,15410.0,14820,0.0,0.0
