Datetime,Open,High,Low,Close,Volume,Dividends,Stock Splits
2024-08-12 09:30:00-04:00,58.54999923706055,59.040000915527344,58.54999923706055,59.040000915527344,8255,0.0,0.0
2024-08-12 09:33:00-04:00,58.47999954223633,58.47999954223633,58.47999954223633,58.47999954223633,829,0.0,0.0
2024-08-12 09:35:00-04:00,58.775001525878906,58.775001525878906,58.775001525878906,58.775001525878906,814,0.0,0.0
2024-08-12 09:37:00-04:00,58.970001220703125,59.04999923706055,58.83000183105469,58.9099006652832,1775,0.0,0.0
2024-08-12 09:38:00-04:00,58.82500076293945,58.82500076293945,58.82500076293945,58.82500076293945,1122,0.0,0.0
2024-08-12 09:40:00-04:00,58.81999969482422,59.0099983215332,58.814998626708984,59.0099983215332,975,0.0,0.0
2024-08-12 09:41:00-04:00,59.0099983215332,59.04999923706055,58.97999954223633,59.04999923706055,2481,0.0,0.0
2024-08-12 09:42:00-04:00,59.14500045776367,59.20000076293945,59.14500045776367,59.20000076293945,3574,0.0,0.0
2024-08-12 09:43:00-04:00,59.290000915527344,59.290000915527344,59.220001220703125,59.255001068115234,662,0.0,0.0
2024-08-12 09:44:00-04:00,59.11000061035156,59.11000061035156,58.869998931884766,58.869998931884766,2701,0.0,0.0
2024-08-12 09:45:00-04:00,58.869998931884766,58.869998931884766,58.869998931884766,58.869998931884766,795,0.0,0.0
2024-08-12 09:46:00-04:00,59.18000030517578,59.19499969482422,59.18000030517578,59.19499969482422,1779,0.0,0.0
2024-08-12 09:47:00-04:00,59.19499969482422,59.19499969482422,59.0099983215332,59.07500076293945,10946,0.0,0.0
2024-08-12 09:48:00-04:00,59.150001525878906,59.15999984741211,59.099998474121094,59.099998474121094,2017,0.0,0.0
2024-08-12 09:49:00-04:00,59.099998474121094,59.099998474121094,59.099998474121094,59.099998474121094,1645,0.0,0.0
2024-08-12 09:50:00-04:00,59.10499954223633,59.22999954223633,59.10499954223633,59.18000030517578,1737,0.0,0.0
2024-08-12 09:51:00-04:00,59.165000915527344,59.165000915527344,59.165000915527344,59.165000915527344,1051,0.0,0.0
2024-08-12 09:52:00-04:00,59.165000915527344,59.19499969482422,59.150001525878906,59.19499969482422,2018,0.0,0.0
2024-08-12 09:53:00-04:00,59.279998779296875,59.349998474121094,59.18000030517578,59.29999923706055,3088,0.0,0.0
2024-08-12 09:54:00-04:00,59.220001220703125,59.26499938964844,59.119998931884766,59.2400016784668,4255,0.0,0.0
2024-08-12 09:55:00-04:00,59.27000045776367,59.27000045776367,59.255001068115234,59.255001068115234,1833,0.0,0.0
2024-08-12 09:56:00-04:00,59.224998474121094,59.224998474121094,59.224998474121094,59.224998474121094,1825,0.0,0.0
2024-08-12 09:58:00-04:00,59.224998474121094,59.224998474121094,58.77000045776367,58.77000045776367,11896,0.0,0.0
2024-08-12 09:59:00-04:00,58.77000045776367,58.900001525878906,58.599998474121094,58.599998474121094,1745,0.0,0.0
2024-08-12 10:00:00-04:00,58.775001525878906,58.779998779296875,58.775001525878906,58.779998779296875,815,0.0,0.0
2024-08-12 10:01:00-04:00,58.744998931884766,58.744998931884766,58.744998931884766,58.744998931884766,320,0.0,0.0
2024-08-12 10:02:00-04:00,58.90999984741211,59.16999816894531,58.849998474121094,59.16999816894531,2885,0.0,0.0
2024-08-12 10:03:00-04:00,59.220001220703125,59.53499984741211,59.220001220703125,59.53499984741211,3843,0.0,0.0
2024-08-12 10:04:00-04:00,59.53499984741211,59.53499984741211,59.529998779296875,59.529998779296875,610,0.0,0.0
2024-08-12 10:05:00-04:00,59.5099983215332,59.619998931884766,59.5099983215332,59.53499984741211,838,0.0,0.0
2024-08-12 10:06:00-04:00,59.61000061035156,59.6349983215332,59.61000061035156,59.6349983215332,2887,0.0,0.0
2024-08-12 10:07:00-04:00,59.720001220703125,59.84000015258789,59.63999938964844,59.84000015258789,1569,0.0,0.0
2024-08-12 10:08:00-04:00,59.83000183105469,59.869998931884766,59.7400016784668,59.869998931884766,1222,0.0,0.0
2024-08-12 10:09:00-04:00,59.880001068115234,60.11000061035156,59.880001068115234,60.11000061035156,1973,0.0,0.0
2024-08-12 10:10:00-04:00,60.03499984741211,60.099998474121094,59.959999084472656,60.06999969482422,3880,0.0,0.0
2024-08-12 10:11:00-04:00,59.9900016784668,59.9900016784668,59.900001525878906,59.96500015258789,2673,0.0,0.0
2024-08-12 10:12:00-04:00,59.96500015258789,59.96500015258789,59.814998626708984,59.880001068115234,2324,0.0,0.0
2024-08-12 10:13:00-04:00,59.880001068115234,59.880001068115234,59.880001068115234,59.880001068115234,714,0.0,0.0
2024-08-12 10:14:00-04:00,59.95000076293945,59.96500015258789,59.904998779296875,59.904998779296875,329,0.0,0.0
2024-08-12 10:15:00-04:00,59.904998779296875,59.904998779296875,59.72999954223633,59.7400016784668,2050,0.0,0.0
2024-08-12 10:16:00-04:00,59.72999954223633,59.72999954223633,59.72999954223633,59.72999954223633,362,0.0,0.0
2024-08-12 10:17:00-04:00,59.724998474121094,59.810001373291016,59.724998474121094,59.810001373291016,342,0.0,0.0
2024-08-12 10:18:00-04:00,59.790000915527344,59.959999084472656,59.779998779296875,59.959999084472656,1943,0.0,0.0
2024-08-12 10:19:00-04:00,59.97999954223633,59.97999954223633,59.97999954223633,59.97999954223633,106,0.0,0.0
2024-08-12 10:20:00-04:00,60.0,60.0,60.0,60.0,408,0.0,0.0
2024-08-12 10:21:00-04:00,60.040000915527344,60.18000030517578,60.040000915527344,60.18000030517578,1688,0.0,0.0
2024-08-12 10:22:00-04:00,60.16999816894531,60.25,60.16999816894531,60.25,1099,0.0,0.0
2024-08-12 10:23:00-04:00,60.165000915527344,60.165000915527344,60.165000915527344,60.165000915527344,114,0.0,0.0
2024-08-12 10:24:00-04:00,60.25,60.290000915527344,60.23500061035156,60.2400016784668,916,0.0,0.0
2024-08-12 10:25:00-04:00,60.244998931884766,60.244998931884766,60.2400016784668,60.2400016784668,645,0.0,0.0
2024-08-12 10:26:00-04:00,60.21500015258789,60.31999969482422,60.21500015258789,60.31999969482422,282,0.0,0.0
2024-08-12 10:27:00-04:00,60.16999816894531,60.209999084472656,60.16999816894531,60.209999084472656,311,0.0,0.0
2024-08-12 10:28:00-04:00,60.21799850463867,60.290000915527344,60.20500183105469,60.290000915527344,605,0.0,0.0
2024-08-12 10:29:00-04:00,60.209999084472656,60.209999084472656,60.060001373291016,60.099998474121094,3771,0.0,0.0
2024-08-12 10:30:00-04:00,60.150001525878906,60.150001525878906,60.05500030517578,60.05500030517578,584,0.0,0.0
2024-08-12 10:31:00-04:00,60.0,60.05500030517578,60.0,60.05500030517578,585,0.0,0.0
2024-08-12 10:32:00-04:00,60.05500030517578,60.05500030517578,60.05500030517578,60.05500030517578,699,0.0,0.0
2024-08-12 10:34:00-04:00,60.130001068115234,60.130001068115234,60.130001068115234,60.130001068115234,152,0.0,0.0
2024-08-12 10:35:00-04:00,60.04499816894531,60.16999816894531,60.04499816894531,60.04499816894531,2634,0.0,0.0
2024-08-12 10:36:00-04:00,60.04999923706055,60.25,59.959999084472656,60.189998626708984,3794,0.0,0.0
2024-08-12 10:37:00-04:00,60.150001525878906,60.154998779296875,60.130001068115234,60.154998779296875,1794,0.0,0.0
2024-08-12 10:40:00-04:00,59.939998626708984,60.15999984741211,59.939998626708984,60.15999984741211,967,0.0,0.0
2024-08-12 10:44:00-04:00,60.06999969482422,60.06999969482422,60.064998626708984,60.064998626708984,707,0.0,0.0
2024-08-12 10:45:00-04:00,59.959999084472656,59.959999084472656,59.939998626708984,59.939998626708984,3767,0.0,0.0
2024-08-12 10:50:00-04:00,59.939998626708984,59.939998626708984,59.869998931884766,59.869998931884766,2141,0.0,0.0
2024-08-12 10:53:00-04:00,60.18000030517578,60.18000030517578,60.18000030517578,60.18000030517578,2238,0.0,0.0
2024-08-12 10:54:00-04:00,60.18000030517578,60.20000076293945,60.18000030517578,60.20000076293945,2623,0.0,0.0
2024-08-12 10:55:00-04:00,60.21500015258789,60.21500015258789,60.21500015258789,60.21500015258789,1218,0.0,0.0
2024-08-12 10:56:00-04:00,60.099998474121094,60.21500015258789,60.08000183105469,60.209999084472656,1461,0.0,0.0
2024-08-12 10:57:00-04:00,60.290000915527344,60.290000915527344,60.290000915527344,60.290000915527344,478,0.0,0.0
2024-08-12 10:58:00-04:00,60.2400016784668,60.2400016784668,60.2400016784668,60.2400016784668,813,0.0,0.0
2024-08-12 11:01:00-04:00,60.27000045776367,60.27000045776367,60.119998931884766,60.119998931884766,1697,0.0,0.0
2024-08-12 11:02:00-04:00,60.189998626708984,60.20000076293945,60.189998626708984,60.20000076293945,597,0.0,0.0
2024-08-12 11:03:00-04:00,60.130001068115234,60.154998779296875,60.130001068115234,60.154998779296875,576,0.0,0.0
2024-08-12 11:06:00-04:00,60.040000915527344,60.040000915527344,60.040000915527344,60.040000915527344,900,0.0,0.0
2024-08-12 11:07:00-04:00,60.10499954223633,60.10499954223633,60.10499954223633,60.10499954223633,481,0.0,0.0
2024-08-12 11:08:00-04:00,60.099998474121094,60.099998474121094,60.099998474121094,60.099998474121094,290,0.0,0.0
2024-08-12 11:09:00-04:00,60.099998474121094,60.099998474121094,60.099998474121094,60.099998474121094,495,0.0,0.0
2024-08-12 11:10:00-04:00,60.189998626708984,60.25,60.18000030517578,60.25,1287,0.0,0.0
2024-08-12 11:12:00-04:00,60.27000045776367,60.27000045776367,60.27000045776367,60.27000045776367,173,0.0,0.0
2024-08-12 11:13:00-04:00,60.27000045776367,60.27000045776367,60.209999084472656,60.209999084472656,1118,0.0,0.0
2024-08-12 11:14:00-04:00,60.18000030517578,60.18000030517578,60.18000030517578,60.18000030517578,1329,0.0,0.0
2024-08-12 11:17:00-04:00,60.25,60.25,60.25,60.25,492,0.0,0.0
2024-08-12 11:18:00-04:00,60.17499923706055,60.17499923706055,60.17499923706055,60.17499923706055,387,0.0,0.0
2024-08-12 11:19:00-04:00,60.27000045776367,60.27000045776367,60.13999938964844,60.13999938964844,996,0.0,0.0
2024-08-12 11:20:00-04:00,60.279998779296875,60.31999969482422,60.279998779296875,60.28630065917969,603,0.0,0.0
2024-08-12 11:21:00-04:00,60.2599983215332,60.2599983215332,60.22999954223633,60.255001068115234,1341,0.0,0.0
2024-08-12 11:22:00-04:00,60.2599983215332,60.2599983215332,60.099998474121094,60.099998474121094,2728,0.0,0.0
2024-08-12 11:23:00-04:00,60.084999084472656,60.150001525878906,59.849998474121094,59.88999938964844,3817,0.0,0.0
2024-08-12 11:24:00-04:00,59.89500045776367,59.89500045776367,59.779998779296875,59.779998779296875,3163,0.0,0.0
2024-08-12 11:25:00-04:00,59.70000076293945,59.70000076293945,59.630001068115234,59.630001068115234,1530,0.0,0.0
2024-08-12 11:26:00-04:00,59.63999938964844,59.63999938964844,59.63999938964844,59.63999938964844,286,0.0,0.0
2024-08-12 11:27:00-04:00,59.72999954223633,59.75,59.720001220703125,59.720001220703125,1702,0.0,0.0
2024-08-12 11:28:00-04:00,59.630001068115234,59.63999938964844,59.630001068115234,59.63999938964844,583,0.0,0.0
2024-08-12 11:29:00-04:00,59.779998779296875,59.84000015258789,59.779998779296875,59.84000015258789,731,0.0,0.0
2024-08-12 11:30:00-04:00,59.68000030517578,59.69499969482422,59.68000030517578,59.69499969482422,833,0.0,0.0
2024-08-12 11:31:00-04:00,59.59000015258789,59.63999938964844,59.540000915527344,59.560001373291016,1834,0.0,0.0
2024-08-12 11:33:00-04:00,59.68000030517578,59.779998779296875,59.68000030517578,59.779998779296875,1642,0.0,0.0
2024-08-12 11:34:00-04:00,59.779998779296875,59.779998779296875,59.779998779296875,59.779998779296875,447,0.0,0.0
2024-08-12 11:35:00-04:00,59.779998779296875,59.779998779296875,59.66999816894531,59.68000030517578,1392,0.0,0.0
2024-08-12 11:36:00-04:00,59.68000030517578,59.68000030517578,59.68000030517578,59.68000030517578,633,0.0,0.0
2024-08-12 11:38:00-04:00,59.779998779296875,59.779998779296875,59.77000045776367,59.77000045776367,609,0.0,0.0
2024-08-12 11:39:00-04:00,59.75,59.75,59.75,59.75,446,0.0,0.0
2024-08-12 11:41:00-04:00,59.66999816894531,59.66999816894531,59.58000183105469,59.58000183105469,3140,0.0,0.0
2024-08-12 11:42:00-04:00,59.650001525878906,59.75,59.650001525878906,59.75,1633,0.0,0.0
2024-08-12 11:50:00-04:00,59.790000915527344,59.970001220703125,59.75,59.970001220703125,1979,0.0,0.0
2024-08-12 11:51:00-04:00,59.970001220703125,59.970001220703125,59.970001220703125,59.970001220703125,1074,0.0,0.0
2024-08-12 11:52:00-04:00,59.970001220703125,59.970001220703125,59.970001220703125,59.970001220703125,142,0.0,0.0
2024-08-12 11:54:00-04:00,60.029998779296875,60.029998779296875,60.029998779296875,60.029998779296875,279,0.0,0.0
2024-08-12 11:55:00-04:00,60.0099983215332,60.0099983215332,60.005001068115234,60.005001068115234,276,0.0,0.0
2024-08-12 11:56:00-04:00,60.0,60.0,60.0,60.0,232,0.0,0.0
2024-08-12 11:58:00-04:00,60.04999923706055,60.04999923706055,60.04999923706055,60.04999923706055,174,0.0,0.0
2024-08-12 11:59:00-04:00,60.04999923706055,60.04999923706055,60.04999923706055,60.04999923706055,451,0.0,0.0
2024-08-12 12:00:00-04:00,60.099998474121094,60.099998474121094,60.09000015258789,60.09000015258789,956,0.0,0.0
2024-08-12 12:03:00-04:00,60.099998474121094,60.16999816894531,60.04999923706055,60.04999923706055,4080,0.0,0.0
2024-08-12 12:05:00-04:00,60.1150016784668,60.1150016784668,60.0099983215332,60.07500076293945,1104,0.0,0.0
2024-08-12 12:06:00-04:00,60.07500076293945,60.07500076293945,59.9900016784668,59.9900016784668,1409,0.0,0.0
2024-08-12 12:07:00-04:00,59.9900016784668,59.9900016784668,59.9900016784668,59.9900016784668,1160,0.0,0.0
2024-08-12 12:10:00-04:00,60.05500030517578,60.05500030517578,60.05500030517578,60.05500030517578,713,0.0,0.0
2024-08-12 12:13:00-04:00,60.09000015258789,60.16999816894531,60.09000015258789,60.16999816894531,2083,0.0,0.0
2024-08-12 12:14:00-04:00,60.16999816894531,60.16999816894531,60.16999816894531,60.16999816894531,246,0.0,0.0
2024-08-12 12:15:00-04:00,60.15999984741211,60.15999984741211,60.154998779296875,60.15999984741211,1049,0.0,0.0
2024-08-12 12:16:00-04:00,60.15999984741211,60.15999984741211,60.09000015258789,60.09000015258789,472,0.0,0.0
2024-08-12 12:17:00-04:00,60.02000045776367,60.06999969482422,60.02000045776367,60.060001373291016,2129,0.0,0.0
2024-08-12 12:18:00-04:00,60.119998931884766,60.119998931884766,60.07500076293945,60.07500076293945,608,0.0,0.0
2024-08-12 12:19:00-04:00,60.07500076293945,60.07500076293945,60.07500076293945,60.07500076293945,365,0.0,0.0
2024-08-12 12:20:00-04:00,60.16999816894531,60.16999816894531,60.16999816894531,60.16999816894531,260,0.0,0.0
2024-08-12 12:21:00-04:00,60.16999816894531,60.16999816894531,60.16999816894531,60.16999816894531,450,0.0,0.0
2024-08-12 12:22:00-04:00,60.20000076293945,60.20000076293945,60.060001373291016,60.060001373291016,2518,0.0,0.0
2024-08-12 12:23:00-04:00,60.04999923706055,60.060001373291016,60.04999923706055,60.060001373291016,775,0.0,0.0
2024-08-12 12:24:00-04:00,60.095001220703125,60.095001220703125,60.095001220703125,60.095001220703125,434,0.0,0.0
2024-08-12 12:25:00-04:00,60.09749984741211,60.09749984741211,60.095001220703125,60.095001220703125,592,0.0,0.0
2024-08-12 12:26:00-04:00,60.040000915527344,60.04999923706055,60.02000045776367,60.04999923706055,722,0.0,0.0
2024-08-12 12:27:00-04:00,60.0,60.02000045776367,59.9900016784668,60.02000045776367,3140,0.0,0.0
2024-08-12 12:31:00-04:00,60.08000183105469,60.08000183105469,60.06999969482422,60.06999969482422,313,0.0,0.0
2024-08-12 12:32:00-04:00,60.040000915527344,60.040000915527344,60.040000915527344,60.040000915527344,274,0.0,0.0
2024-08-12 12:33:00-04:00,60.040000915527344,60.040000915527344,60.040000915527344,60.040000915527344,149,0.0,0.0
2024-08-12 12:35:00-04:00,60.040000915527344,60.040000915527344,60.040000915527344,60.040000915527344,184,0.0,0.0
2024-08-12 12:36:00-04:00,60.040000915527344,60.040000915527344,60.040000915527344,60.040000915527344,446,0.0,0.0
2024-08-12 12:37:00-04:00,60.040000915527344,60.060001373291016,59.97999954223633,60.040000915527344,853,0.0,0.0
2024-08-12 12:38:00-04:00,60.040000915527344,60.119998931884766,59.97999954223633,60.084999084472656,5333,0.0,0.0
2024-08-12 12:39:00-04:00,60.084999084472656,60.084999084472656,60.084999084472656,60.084999084472656,987,0.0,0.0
2024-08-12 12:41:00-04:00,60.029998779296875,60.119998931884766,60.02000045776367,60.08000183105469,2351,0.0,0.0
2024-08-12 12:43:00-04:00,60.130001068115234,60.150001525878906,60.08000183105469,60.11000061035156,2178,0.0,0.0
2024-08-12 12:45:00-04:00,60.10499954223633,60.11000061035156,60.10499954223633,60.10499954223633,1024,0.0,0.0
2024-08-12 12:46:00-04:00,60.10499954223633,60.20500183105469,60.10499954223633,60.20500183105469,4992,0.0,0.0
2024-08-12 12:48:00-04:00,60.220001220703125,60.220001220703125,60.220001220703125,60.220001220703125,315,0.0,0.0
2024-08-12 12:49:00-04:00,60.18000030517578,60.23500061035156,60.18000030517578,60.23500061035156,1231,0.0,0.0
2024-08-12 12:50:00-04:00,60.22999954223633,60.22999954223633,60.15999984741211,60.220001220703125,1761,0.0,0.0
2024-08-12 12:53:00-04:00,60.2599983215332,60.290000915527344,60.209999084472656,60.25,3926,0.0,0.0
2024-08-12 12:54:00-04:00,60.22999954223633,60.22999954223633,60.22999954223633,60.22999954223633,257,0.0,0.0
2024-08-12 12:55:00-04:00,60.310001373291016,60.310001373291016,60.099998474121094,60.099998474121094,5359,0.0,0.0
2024-08-12 12:56:00-04:00,60.029998779296875,60.029998779296875,59.970001220703125,60.025001525878906,1251,0.0,0.0
2024-08-12 12:57:00-04:00,60.025001525878906,60.025001525878906,60.025001525878906,60.025001525878906,125,0.0,0.0
2024-08-12 12:58:00-04:00,60.06999969482422,60.06999969482422,60.06999969482422,60.06999969482422,690,0.0,0.0
2024-08-12 13:00:00-04:00,59.970001220703125,60.0,59.959999084472656,59.97999954223633,2574,0.0,0.0
2024-08-12 13:01:00-04:00,60.029998779296875,60.04999923706055,60.029998779296875,60.029998779296875,2309,0.0,0.0
2024-08-12 13:09:00-04:00,60.040000915527344,60.165000915527344,60.040000915527344,60.04999923706055,2834,0.0,0.0
2024-08-12 13:12:00-04:00,59.959999084472656,59.959999084472656,59.959999084472656,59.959999084472656,565,0.0,0.0
2024-08-12 13:14:00-04:00,59.959999084472656,59.959999084472656,59.959999084472656,59.959999084472656,541,0.0,0.0
2024-08-12 13:16:00-04:00,60.08000183105469,60.099998474121094,60.08000183105469,60.099998474121094,1137,0.0,0.0
2024-08-12 13:19:00-04:00,60.16999816894531,60.16999816894531,60.09000015258789,60.16999816894531,2193,0.0,0.0
2024-08-12 13:21:00-04:00,60.154998779296875,60.189998626708984,60.130001068115234,60.17499923706055,3521,0.0,0.0
2024-08-12 13:22:00-04:00,60.17499923706055,60.17499923706055,60.154998779296875,60.154998779296875,1083,0.0,0.0
2024-08-12 13:23:00-04:00,60.130001068115234,60.18000030517578,60.130001068115234,60.18000030517578,1613,0.0,0.0
2024-08-12 13:25:00-04:00,60.099998474121094,60.130001068115234,60.06999969482422,60.130001068115234,2923,0.0,0.0
2024-08-12 13:26:00-04:00,60.025001525878906,60.025001525878906,59.97999954223633,59.97999954223633,799,0.0,0.0
2024-08-12 13:27:00-04:00,60.060001373291016,60.11000061035156,60.060001373291016,60.11000061035156,803,0.0,0.0
2024-08-12 13:28:00-04:00,60.130001068115234,60.130001068115234,60.060001373291016,60.060001373291016,560,0.0,0.0
2024-08-12 13:30:00-04:00,60.130001068115234,60.130001068115234,60.099998474121094,60.130001068115234,1678,0.0,0.0
2024-08-12 13:31:00-04:00,60.095001220703125,60.095001220703125,60.095001220703125,60.095001220703125,519,0.0,0.0
2024-08-12 13:33:00-04:00,60.15999984741211,60.20000076293945,60.15999984741211,60.189998626708984,1857,0.0,0.0
2024-08-12 13:34:00-04:00,60.209999084472656,60.2400016784668,60.209999084472656,60.2400016784668,1162,0.0,0.0
2024-08-12 13:35:00-04:00,60.209999084472656,60.22999954223633,60.209999084472656,60.21500015258789,1210,0.0,0.0
2024-08-12 13:36:00-04:00,60.21500015258789,60.21500015258789,60.21500015258789,60.21500015258789,501,0.0,0.0
2024-08-12 13:37:00-04:00,60.24850082397461,60.2599983215332,60.209999084472656,60.22999954223633,3461,0.0,0.0
2024-08-12 13:38:00-04:00,60.22999954223633,60.22999954223633,60.09000015258789,60.11000061035156,3090,0.0,0.0
2024-08-12 13:39:00-04:00,60.15999984741211,60.15999984741211,60.125,60.125,2095,0.0,0.0
2024-08-12 13:44:00-04:00,60.125,60.125,60.125,60.125,531,0.0,0.0
2024-08-12 13:48:00-04:00,60.08000183105469,60.08000183105469,60.08000183105469,60.08000183105469,684,0.0,0.0
2024-08-12 13:49:00-04:00,60.060001373291016,60.06999969482422,60.04999923706055,60.060001373291016,1946,0.0,0.0
2024-08-12 13:50:00-04:00,60.06999969482422,60.06999969482422,60.029998779296875,60.029998779296875,1369,0.0,0.0
2024-08-12 13:52:00-04:00,60.029998779296875,60.060001373291016,60.0099983215332,60.040000915527344,1718,0.0,0.0
2024-08-12 13:53:00-04:00,60.040000915527344,60.09000015258789,60.040000915527344,60.06999969482422,731,0.0,0.0
2024-08-12 13:54:00-04:00,60.060001373291016,60.060001373291016,60.060001373291016,60.060001373291016,103,0.0,0.0
2024-08-12 13:55:00-04:00,60.051998138427734,60.060001373291016,60.051998138427734,60.060001373291016,1501,0.0,0.0
2024-08-12 13:57:00-04:00,60.060001373291016,60.060001373291016,60.060001373291016,60.060001373291016,406,0.0,0.0
2024-08-12 13:58:00-04:00,60.05500030517578,60.05500030517578,60.05500030517578,60.05500030517578,705,0.0,0.0
2024-08-12 14:00:00-04:00,60.04999923706055,60.04999923706055,60.04999923706055,60.04999923706055,274,0.0,0.0
2024-08-12 14:01:00-04:00,60.060001373291016,60.060001373291016,60.060001373291016,60.060001373291016,114,0.0,0.0
2024-08-12 14:02:00-04:00,60.05500030517578,60.05500030517578,60.05500030517578,60.05500030517578,389,0.0,0.0
2024-08-12 14:03:00-04:00,60.04999923706055,60.04999923706055,60.04999923706055,60.04999923706055,497,0.0,0.0
2024-08-12 14:04:00-04:00,60.09000015258789,60.130001068115234,60.064998626708984,60.084999084472656,2718,0.0,0.0
2024-08-12 14:05:00-04:00,60.084999084472656,60.084999084472656,60.084999084472656,60.084999084472656,793,0.0,0.0
2024-08-12 14:06:00-04:00,60.084999084472656,60.084999084472656,60.084999084472656,60.084999084472656,373,0.0,0.0
2024-08-12 14:08:00-04:00,60.130001068115234,60.130001068115234,60.08000183105469,60.08000183105469,328,0.0,0.0
2024-08-12 14:09:00-04:00,60.150001525878906,60.209999084472656,60.13999938964844,60.19499969482422,1861,0.0,0.0
2024-08-12 14:11:00-04:00,60.15999984741211,60.19499969482422,60.13999938964844,60.18000030517578,4032,0.0,0.0
2024-08-12 14:12:00-04:00,60.18000030517578,60.25,60.18000030517578,60.23500061035156,2268,0.0,0.0
2024-08-12 14:13:00-04:00,60.23500061035156,60.23500061035156,60.23500061035156,60.23500061035156,235,0.0,0.0
2024-08-12 14:15:00-04:00,60.220001220703125,60.22999954223633,60.150001525878906,60.185001373291016,1839,0.0,0.0
2024-08-12 14:16:00-04:00,60.185001373291016,60.185001373291016,60.185001373291016,60.185001373291016,701,0.0,0.0
2024-08-12 14:19:00-04:00,60.150001525878906,60.18000030517578,60.09000015258789,60.130001068115234,1589,0.0,0.0
2024-08-12 14:20:00-04:00,60.150001525878906,60.189998626708984,60.13999938964844,60.150001525878906,2267,0.0,0.0
2024-08-12 14:22:00-04:00,60.220001220703125,60.220001220703125,60.16999816894531,60.16999816894531,434,0.0,0.0
2024-08-12 14:23:00-04:00,60.16999816894531,60.16999816894531,60.16999816894531,60.16999816894531,975,0.0,0.0
2024-08-12 14:24:00-04:00,60.11000061035156,60.119998931884766,60.04999923706055,60.08000183105469,2226,0.0,0.0
2024-08-12 14:25:00-04:00,60.119998931884766,60.130001068115234,60.084999084472656,60.084999084472656,937,0.0,0.0
2024-08-12 14:26:00-04:00,60.125,60.17499923706055,60.125,60.16999816894531,1315,0.0,0.0
2024-08-12 14:29:00-04:00,60.16999816894531,60.16999816894531,60.16999816894531,60.16999816894531,218,0.0,0.0
2024-08-12 14:30:00-04:00,60.189998626708984,60.189998626708984,60.189998626708984,60.189998626708984,649,0.0,0.0
2024-08-12 14:31:00-04:00,60.165000915527344,60.165000915527344,60.165000915527344,60.165000915527344,836,0.0,0.0
2024-08-12 14:35:00-04:00,60.150001525878906,60.150001525878906,60.150001525878906,60.150001525878906,374,0.0,0.0
2024-08-12 14:37:00-04:00,60.150001525878906,60.150001525878906,60.119998931884766,60.119998931884766,502,0.0,0.0
2024-08-12 14:38:00-04:00,60.18000030517578,60.189998626708984,60.154998779296875,60.154998779296875,1394,0.0,0.0
2024-08-12 14:39:00-04:00,60.20000076293945,60.20000076293945,60.15999984741211,60.20000076293945,680,0.0,0.0
2024-08-12 14:40:00-04:00,60.18000030517578,60.18000030517578,60.11000061035156,60.119998931884766,1618,0.0,0.0
2024-08-12 14:41:00-04:00,60.11000061035156,60.119998931884766,60.11000061035156,60.119998931884766,822,0.0,0.0
2024-08-12 14:42:00-04:00,60.189998626708984,60.20000076293945,60.150001525878906,60.16999816894531,1348,0.0,0.0
2024-08-12 14:43:00-04:00,60.15999984741211,60.15999984741211,60.150001525878906,60.150001525878906,753,0.0,0.0
2024-08-12 14:45:00-04:00,60.15999984741211,60.15999984741211,60.15999984741211,60.15999984741211,128,0.0,0.0
2024-08-12 14:46:00-04:00,60.150001525878906,60.150001525878906,60.150001525878906,60.150001525878906,274,0.0,0.0
2024-08-12 14:47:00-04:00,60.14500045776367,60.14500045776367,60.14500045776367,60.14500045776367,381,0.0,0.0
2024-08-12 14:48:00-04:00,60.14500045776367,60.14500045776367,60.14500045776367,60.14500045776367,132,0.0,0.0
2024-08-12 14:49:00-04:00,60.18000030517578,60.209999084472656,60.14500045776367,60.18000030517578,3498,0.0,0.0
2024-08-12 14:50:00-04:00,60.209999084472656,60.22999954223633,60.150001525878906,60.220001220703125,4972,0.0,0.0
2024-08-12 14:51:00-04:00,60.21500015258789,60.21500015258789,60.20000076293945,60.20000076293945,1572,0.0,0.0
2024-08-12 14:53:00-04:00,60.20000076293945,60.220001220703125,60.189998626708984,60.220001220703125,1103,0.0,0.0
2024-08-12 14:54:00-04:00,60.18000030517578,60.18000030517578,60.18000030517578,60.18000030517578,615,0.0,0.0
2024-08-12 14:55:00-04:00,60.15999984741211,60.15999984741211,60.13999938964844,60.154998779296875,1992,0.0,0.0
2024-08-12 14:56:00-04:00,60.154998779296875,60.154998779296875,60.154998779296875,60.154998779296875,432,0.0,0.0
2024-08-12 14:57:00-04:00,60.130001068115234,60.130001068115234,60.0,60.01499938964844,5425,0.0,0.0
2024-08-12 14:58:00-04:00,60.0,60.04999923706055,60.0,60.029998779296875,3560,0.0,0.0
2024-08-12 14:59:00-04:00,60.02000045776367,60.06999969482422,60.02000045776367,60.060001373291016,1709,0.0,0.0
2024-08-12 15:00:00-04:00,60.060001373291016,60.060001373291016,60.060001373291016,60.060001373291016,111,0.0,0.0
2024-08-12 15:01:00-04:00,60.02000045776367,60.025001525878906,59.875,59.875,3548,0.0,0.0
2024-08-12 15:02:00-04:00,59.85499954223633,59.85499954223633,59.85499954223633,59.85499954223633,198,0.0,0.0
2024-08-12 15:03:00-04:00,59.810001373291016,59.810001373291016,59.810001373291016,59.810001373291016,253,0.0,0.0
2024-08-12 15:05:00-04:00,59.81999969482422,59.849998474121094,59.81999969482422,59.849998474121094,666,0.0,0.0
2024-08-12 15:07:00-04:00,59.79999923706055,59.79999923706055,59.7599983215332,59.7599983215332,2314,0.0,0.0
2024-08-12 15:08:00-04:00,59.650001525878906,59.650001525878906,59.61000061035156,59.61000061035156,536,0.0,0.0
2024-08-12 15:09:00-04:00,59.56999969482422,59.84000015258789,59.56999969482422,59.834999084472656,7552,0.0,0.0
2024-08-12 15:10:00-04:00,59.834999084472656,59.834999084472656,59.834999084472656,59.834999084472656,278,0.0,0.0
2024-08-12 15:11:00-04:00,59.88999938964844,59.88999938964844,59.81999969482422,59.81999969482422,629,0.0,0.0
2024-08-12 15:12:00-04:00,59.849998474121094,59.849998474121094,59.849998474121094,59.849998474121094,302,0.0,0.0
2024-08-12 15:13:00-04:00,59.79999923706055,59.849998474121094,59.79999923706055,59.849998474121094,464,0.0,0.0
2024-08-12 15:14:00-04:00,59.849998474121094,59.98500061035156,59.849998474121094,59.98500061035156,3470,0.0,0.0
2024-08-12 15:16:00-04:00,59.95500183105469,59.959999084472656,59.88999938964844,59.88999938964844,2908,0.0,0.0
2024-08-12 15:17:00-04:00,59.88999938964844,59.88999938964844,59.88999938964844,59.88999938964844,336,0.0,0.0
2024-08-12 15:18:00-04:00,59.900001525878906,59.900001525878906,59.88999938964844,59.88999938964844,959,0.0,0.0
2024-08-12 15:19:00-04:00,59.86000061035156,59.86000061035156,59.86000061035156,59.86000061035156,159,0.0,0.0
2024-08-12 15:20:00-04:00,59.93000030517578,59.959999084472656,59.80500030517578,59.88999938964844,10757,0.0,0.0
2024-08-12 15:21:00-04:00,59.88999938964844,59.95500183105469,59.88999938964844,59.95000076293945,398,0.0,0.0
2024-08-12 15:22:00-04:00,59.970001220703125,59.974998474121094,59.959999084472656,59.970001220703125,1857,0.0,0.0
2024-08-12 15:23:00-04:00,59.95000076293945,59.95000076293945,59.95000076293945,59.95000076293945,180,0.0,0.0
2024-08-12 15:24:00-04:00,59.974998474121094,59.9900016784668,59.95000076293945,59.9900016784668,3296,0.0,0.0
2024-08-12 15:25:00-04:00,60.0099983215332,60.029998779296875,60.0099983215332,60.029998779296875,1070,0.0,0.0
2024-08-12 15:26:00-04:00,60.029998779296875,60.029998779296875,60.029998779296875,60.029998779296875,429,0.0,0.0
2024-08-12 15:27:00-04:00,60.040000915527344,60.08000183105469,60.029998779296875,60.08000183105469,2504,0.0,0.0
2024-08-12 15:28:00-04:00,60.060001373291016,60.06999969482422,59.93000030517578,59.959999084472656,11773,0.0,0.0
2024-08-12 15:29:00-04:00,59.93000030517578,59.93000030517578,59.83000183105469,59.92499923706055,2445,0.0,0.0
2024-08-12 15:30:00-04:00,59.91999816894531,59.91999816894531,59.91999816894531,59.91999816894531,774,0.0,0.0
2024-08-12 15:31:00-04:00,60.0099983215332,60.09000015258789,60.0099983215332,60.064998626708984,3650,0.0,0.0
2024-08-12 15:32:00-04:00,60.18000030517578,60.25,60.18000030517578,60.249000549316406,3512,0.0,0.0
2024-08-12 15:33:00-04:00,60.2599983215332,60.2599983215332,60.209999084472656,60.22999954223633,1283,0.0,0.0
2024-08-12 15:34:00-04:00,60.22999954223633,60.22999954223633,60.15999984741211,60.18000030517578,1873,0.0,0.0
2024-08-12 15:35:00-04:00,60.16999816894531,60.25,60.16999816894531,60.220001220703125,1358,0.0,0.0
2024-08-12 15:36:00-04:00,60.209999084472656,60.21500015258789,60.20000076293945,60.209999084472656,1839,0.0,0.0
2024-08-12 15:37:00-04:00,60.209999084472656,60.209999084472656,60.150001525878906,60.154998779296875,1914,0.0,0.0
2024-08-12 15:38:00-04:00,60.119998931884766,60.150001525878906,60.040000915527344,60.08549880981445,3041,0.0,0.0
2024-08-12 15:39:00-04:00,60.09000015258789,60.13999938964844,60.08000183105469,60.13999938964844,3015,0.0,0.0
2024-08-12 15:40:00-04:00,60.13999938964844,60.20399856567383,60.1150016784668,60.20399856567383,2529,0.0,0.0
2024-08-12 15:41:00-04:00,60.18000030517578,60.18000030517578,60.13999938964844,60.14500045776367,1791,0.0,0.0
2024-08-12 15:42:00-04:00,60.14500045776367,60.15999984741211,60.14500045776367,60.150001525878906,1368,0.0,0.0
2024-08-12 15:43:00-04:00,60.099998474121094,60.13999938964844,60.099998474121094,60.13999938964844,1368,0.0,0.0
2024-08-12 15:44:00-04:00,60.119998931884766,60.119998931884766,59.970001220703125,59.97999954223633,2148,0.0,0.0
2024-08-12 15:45:00-04:00,60.02000045776367,60.02000045776367,59.970001220703125,59.970001220703125,1364,0.0,0.0
2024-08-12 15:46:00-04:00,60.029998779296875,60.11000061035156,59.97999954223633,60.09000015258789,10628,0.0,0.0
2024-08-12 15:47:00-04:00,60.08000183105469,60.099998474121094,60.04999923706055,60.05500030517578,2505,0.0,0.0
2024-08-12 15:48:00-04:00,60.04999923706055,60.04999923706055,60.005001068115234,60.025001525878906,4278,0.0,0.0
2024-08-12 15:49:00-04:00,60.0099983215332,60.040000915527344,60.0,60.01499938964844,4926,0.0,0.0
2024-08-12 15:50:00-04:00,59.9900016784668,60.02000045776367,59.97999954223633,59.9900016784668,6605,0.0,0.0
2024-08-12 15:51:00-04:00,60.029998779296875,60.029998779296875,59.79999923706055,59.79999923706055,5747,0.0,0.0
2024-08-12 15:52:00-04:00,59.84000015258789,59.84000015258789,59.77000045776367,59.79999923706055,4332,0.0,0.0
2024-08-12 15:53:00-04:00,59.77000045776367,59.77000045776367,59.720001220703125,59.72999954223633,3805,0.0,0.0
2024-08-12 15:54:00-04:00,59.72999954223633,59.7599983215332,59.61000061035156,59.70000076293945,12258,0.0,0.0
2024-08-12 15:55:00-04:00,59.68000030517578,59.75,59.68000030517578,59.7400016784668,13079,0.0,0.0
2024-08-12 15:56:00-04:00,59.757999420166016,59.814998626708984,59.744998931884766,59.79999923706055,10386,0.0,0.0
2024-08-12 15:57:00-04:00,59.790000915527344,59.86800003051758,59.779998779296875,59.86800003051758,7682,0.0,0.0
2024-08-12 15:58:00-04:00,59.869998931884766,59.869998931884766,59.77000045776367,59.810001373291016,12097,0.0,0.0
2024-08-12 15:59:00-04:00,59.79999923706055,59.939998626708984,59.779998779296875,59.86000061035156,31691,0.0,0.0
2024-08-13 09:30:00-04:00,60.65999984741211,60.65999984741211,60.459999084472656,60.459999084472656,2430,0.0,0.0
2024-08-13 09:31:00-04:00,59.97999954223633,59.97999954223633,59.97999954223633,59.97999954223633,126,0.0,0.0
2024-08-13 09:32:00-04:00,60.43000030517578,60.43000030517578,60.43000030517578,60.43000030517578,241,0.0,0.0
2024-08-13 09:36:00-04:00,60.5,60.5,60.5,60.5,101,0.0,0.0
2024-08-13 09:37:00-04:00,60.4109992980957,60.4109992980957,60.40999984741211,60.40999984741211,491,0.0,0.0
2024-08-13 09:38:00-04:00,60.13999938964844,60.13999938964844,60.13999938964844,60.13999938964844,954,0.0,0.0
2024-08-13 09:42:00-04:00,60.709999084472656,60.709999084472656,60.709999084472656,60.709999084472656,505,0.0,0.0
2024-08-13 09:45:00-04:00,61.0,61.540000915527344,60.869998931884766,61.4900016784668,8853,0.0,0.0
2024-08-13 09:46:00-04:00,61.5,61.56999969482422,61.349998474121094,61.56999969482422,1454,0.0,0.0
2024-08-13 09:47:00-04:00,61.56999969482422,61.56999969482422,61.56999969482422,61.56999969482422,601,0.0,0.0
2024-08-13 09:49:00-04:00,61.375,61.375,61.375,61.375,534,0.0,0.0
2024-08-13 09:50:00-04:00,61.39500045776367,61.529998779296875,61.2599983215332,61.529998779296875,1704,0.0,0.0
2024-08-13 09:51:00-04:00,61.400001525878906,61.56999969482422,61.400001525878906,61.42499923706055,562,0.0,0.0
2024-08-13 09:52:00-04:00,61.43000030517578,61.43000030517578,61.43000030517578,61.43000030517578,721,0.0,0.0
2024-08-13 09:53:00-04:00,61.42499923706055,61.58000183105469,61.42499923706055,61.529998779296875,888,0.0,0.0
2024-08-13 09:54:00-04:00,61.5,61.720001220703125,61.5,61.720001220703125,511,0.0,0.0
2024-08-13 09:55:00-04:00,61.5,61.5,61.494998931884766,61.5,728,0.0,0.0
2024-08-13 09:56:00-04:00,61.505001068115234,61.7400016784668,61.505001068115234,61.7400016784668,2993,0.0,0.0
2024-08-13 09:57:00-04:00,61.625,61.779998779296875,61.625,61.720001220703125,1995,0.0,0.0
2024-08-13 09:58:00-04:00,61.790000915527344,61.790000915527344,61.73249816894531,61.73249816894531,344,0.0,0.0
2024-08-13 09:59:00-04:00,61.779998779296875,61.779998779296875,61.63999938964844,61.665000915527344,5140,0.0,0.0
2024-08-13 10:00:00-04:00,61.665000915527344,61.665000915527344,61.41999816894531,61.41999816894531,1826,0.0,0.0
2024-08-13 10:01:00-04:00,61.48500061035156,61.48500061035156,61.369998931884766,61.369998931884766,1107,0.0,0.0
2024-08-13 10:02:00-04:00,61.25,61.25,61.04999923706055,61.09000015258789,2405,0.0,0.0
2024-08-13 10:03:00-04:00,61.13999938964844,61.18000030517578,61.0,61.0,2571,0.0,0.0
2024-08-13 10:04:00-04:00,60.880001068115234,60.90999984741211,60.880001068115234,60.880001068115234,1988,0.0,0.0
2024-08-13 10:05:00-04:00,60.880001068115234,60.880001068115234,60.7400016784668,60.7400016784668,1511,0.0,0.0
2024-08-13 10:06:00-04:00,60.755001068115234,60.810001373291016,60.755001068115234,60.77000045776367,1738,0.0,0.0
2024-08-13 10:07:00-04:00,60.75,60.7599983215332,60.650001525878906,60.7599983215332,938,0.0,0.0
2024-08-13 10:08:00-04:00,60.744998931884766,61.04999923706055,60.744998931884766,61.04999923706055,2125,0.0,0.0
2024-08-13 10:09:00-04:00,61.125,61.125,61.0099983215332,61.01499938964844,844,0.0,0.0
2024-08-13 10:10:00-04:00,60.97999954223633,60.97999954223633,60.974998474121094,60.974998474121094,678,0.0,0.0
2024-08-13 10:11:00-04:00,60.974998474121094,60.974998474121094,60.880001068115234,60.970001220703125,2476,0.0,0.0
2024-08-13 10:12:00-04:00,60.94499969482422,60.94499969482422,60.94499969482422,60.94499969482422,568,0.0,0.0
2024-08-13 10:13:00-04:00,60.94499969482422,60.94499969482422,60.94499969482422,60.94499969482422,334,0.0,0.0
2024-08-13 10:14:00-04:00,60.94499969482422,60.94499969482422,60.94499969482422,60.94499969482422,175,0.0,0.0
2024-08-13 10:15:00-04:00,60.94499969482422,60.94499969482422,60.94499969482422,60.94499969482422,236,0.0,0.0
2024-08-13 10:16:00-04:00,60.95000076293945,60.95000076293945,60.849998474121094,60.93000030517578,3893,0.0,0.0
2024-08-13 10:17:00-04:00,60.92499923706055,60.93000030517578,60.81999969482422,60.8650016784668,3277,0.0,0.0
2024-08-13 10:19:00-04:00,60.85499954223633,60.85499954223633,60.85499954223633,60.85499954223633,195,0.0,0.0
2024-08-13 10:20:00-04:00,60.85499954223633,60.86000061035156,60.77000045776367,60.849998474121094,1594,0.0,0.0
2024-08-13 10:21:00-04:00,60.849998474121094,60.849998474121094,60.75,60.77000045776367,2671,0.0,0.0
2024-08-13 10:22:00-04:00,60.810001373291016,60.88999938964844,60.810001373291016,60.845001220703125,984,0.0,0.0
2024-08-13 10:23:00-04:00,60.834999084472656,60.91999816894531,60.834999084472656,60.91999816894531,927,0.0,0.0
2024-08-13 10:24:00-04:00,60.880001068115234,60.880001068115234,60.880001068115234,60.880001068115234,334,0.0,0.0
2024-08-13 10:25:00-04:00,60.95000076293945,61.0099983215332,60.95000076293945,60.959999084472656,1107,0.0,0.0
2024-08-13 10:26:00-04:00,61.029998779296875,61.15999984741211,61.029998779296875,61.15999984741211,1531,0.0,0.0
2024-08-13 10:28:00-04:00,61.26499938964844,61.26499938964844,61.189998626708984,61.189998626708984,489,0.0,0.0
2024-08-13 10:29:00-04:00,61.26499938964844,61.26499938964844,61.22100067138672,61.22100067138672,744,0.0,0.0
2024-08-13 10:30:00-04:00,61.189998626708984,61.189998626708984,61.11000061035156,61.17499923706055,2024,0.0,0.0
2024-08-13 10:31:00-04:00,61.130001068115234,61.130001068115234,61.0099983215332,61.0099983215332,2220,0.0,0.0
2024-08-13 10:32:00-04:00,61.064998626708984,61.064998626708984,61.064998626708984,61.064998626708984,199,0.0,0.0
2024-08-13 10:33:00-04:00,61.14500045776367,61.18000030517578,61.14500045776367,61.18000030517578,1702,0.0,0.0
2024-08-13 10:34:00-04:00,61.279998779296875,61.290000915527344,61.20500183105469,61.290000915527344,922,0.0,0.0
2024-08-13 10:35:00-04:00,61.185001373291016,61.25,61.185001373291016,61.25,305,0.0,0.0
2024-08-13 10:36:00-04:00,61.185001373291016,61.22999954223633,61.185001373291016,61.22999954223633,588,0.0,0.0
2024-08-13 10:37:00-04:00,61.209999084472656,61.209999084472656,61.16999816894531,61.20500183105469,1265,0.0,0.0
2024-08-13 10:38:00-04:00,61.15999984741211,61.15999984741211,61.10499954223633,61.11000061035156,2491,0.0,0.0
2024-08-13 10:39:00-04:00,61.15999984741211,61.189998626708984,61.125,61.125,1358,0.0,0.0
2024-08-13 10:40:00-04:00,61.13999938964844,61.13999938964844,61.13999938964844,61.13999938964844,255,0.0,0.0
2024-08-13 10:41:00-04:00,61.14500045776367,61.20500183105469,61.040000915527344,61.20500183105469,12223,0.0,0.0
2024-08-13 10:42:00-04:00,61.380001068115234,61.48500061035156,61.380001068115234,61.470001220703125,528,0.0,0.0
2024-08-13 10:43:00-04:00,61.41999816894531,61.41999816894531,61.41999816894531,61.41999816894531,267,0.0,0.0
2024-08-13 10:44:00-04:00,61.439998626708984,61.439998626708984,61.439998626708984,61.439998626708984,319,0.0,0.0
2024-08-13 10:45:00-04:00,61.439998626708984,61.474998474121094,61.29999923706055,61.369998931884766,3947,0.0,0.0
2024-08-13 10:47:00-04:00,61.45000076293945,61.540000915527344,61.45000076293945,61.540000915527344,1563,0.0,0.0
2024-08-13 10:48:00-04:00,61.54999923706055,61.54999923706055,61.54999923706055,61.54999923706055,253,0.0,0.0
2024-08-13 10:49:00-04:00,61.564998626708984,61.56999969482422,61.564998626708984,61.56999969482422,265,0.0,0.0
2024-08-13 10:50:00-04:00,61.4900016784668,61.56999969482422,61.31999969482422,61.32500076293945,4423,0.0,0.0
2024-08-13 10:51:00-04:00,61.170101165771484,61.2599983215332,61.170101165771484,61.185001373291016,980,0.0,0.0
2024-08-13 10:52:00-04:00,61.2400016784668,61.2400016784668,61.2400016784668,61.2400016784668,427,0.0,0.0
2024-08-13 10:53:00-04:00,61.31999969482422,61.33000183105469,61.31999969482422,61.33000183105469,675,0.0,0.0
2024-08-13 10:54:00-04:00,61.38999938964844,61.43000030517578,61.38999938964844,61.43000030517578,529,0.0,0.0
2024-08-13 10:55:00-04:00,61.439998626708984,61.44499969482422,61.439998626708984,61.44499969482422,415,0.0,0.0
2024-08-13 10:56:00-04:00,61.46500015258789,61.46500015258789,61.46500015258789,61.46500015258789,100,0.0,0.0
2024-08-13 10:57:00-04:00,61.46500015258789,61.529998779296875,61.46500015258789,61.529998779296875,1076,0.0,0.0
2024-08-13 10:58:00-04:00,61.529998779296875,61.529998779296875,61.5,61.525001525878906,1009,0.0,0.0
2024-08-13 10:59:00-04:00,61.529998779296875,61.529998779296875,61.529998779296875,61.529998779296875,240,0.0,0.0
2024-08-13 11:01:00-04:00,61.529998779296875,61.529998779296875,61.29999923706055,61.3650016784668,2498,0.0,0.0
2024-08-13 11:02:00-04:00,61.334999084472656,61.334999084472656,61.334999084472656,61.334999084472656,237,0.0,0.0
2024-08-13 11:03:00-04:00,61.33140182495117,61.33140182495117,61.33140182495117,61.33140182495117,243,0.0,0.0
2024-08-13 11:04:00-04:00,61.279998779296875,61.29999923706055,61.279998779296875,61.29999923706055,1138,0.0,0.0
2024-08-13 11:05:00-04:00,61.27000045776367,61.27000045776367,61.27000045776367,61.27000045776367,114,0.0,0.0
2024-08-13 11:06:00-04:00,61.29499816894531,61.29499816894531,61.29499816894531,61.29499816894531,579,0.0,0.0
2024-08-13 11:09:00-04:00,61.279998779296875,61.29999923706055,61.16999816894531,61.209999084472656,1618,0.0,0.0
2024-08-13 11:10:00-04:00,61.15999984741211,61.19499969482422,61.099998474121094,61.19499969482422,2656,0.0,0.0
2024-08-13 11:13:00-04:00,61.17499923706055,61.17499923706055,61.17499923706055,61.17499923706055,600,0.0,0.0
2024-08-13 11:14:00-04:00,61.25,61.25,61.22999954223633,61.22999954223633,384,0.0,0.0
2024-08-13 11:15:00-04:00,61.255001068115234,61.255001068115234,61.255001068115234,61.255001068115234,508,0.0,0.0
2024-08-13 11:16:00-04:00,61.255001068115234,61.255001068115234,61.255001068115234,61.255001068115234,931,0.0,0.0
2024-08-13 11:17:00-04:00,61.255001068115234,61.255001068115234,61.255001068115234,61.255001068115234,391,0.0,0.0
2024-08-13 11:18:00-04:00,61.25,61.310001373291016,61.20000076293945,61.26499938964844,3718,0.0,0.0
2024-08-13 11:20:00-04:00,61.26499938964844,61.26499938964844,61.26499938964844,61.26499938964844,347,0.0,0.0
2024-08-13 11:21:00-04:00,61.27000045776367,61.310001373291016,61.16999816894531,61.27000045776367,728,0.0,0.0
2024-08-13 11:22:00-04:00,61.27000045776367,61.27000045776367,61.16999816894531,61.255001068115234,1263,0.0,0.0
2024-08-13 11:23:00-04:00,61.255001068115234,61.255001068115234,61.255001068115234,61.255001068115234,282,0.0,0.0
2024-08-13 11:24:00-04:00,61.255001068115234,61.38999938964844,61.255001068115234,61.38999938964844,1212,0.0,0.0
2024-08-13 11:25:00-04:00,61.39500045776367,61.45500183105469,61.39500045776367,61.45500183105469,312,0.0,0.0
2024-08-13 11:26:00-04:00,61.33000183105469,61.345001220703125,61.279998779296875,61.279998779296875,4846,0.0,0.0
2024-08-13 11:29:00-04:00,61.30500030517578,61.30500030517578,61.29999923706055,61.30500030517578,557,0.0,0.0
2024-08-13 11:30:00-04:00,61.29999923706055,61.29999923706055,61.29999923706055,61.29999923706055,212,0.0,0.0
2024-08-13 11:31:00-04:00,61.29499816894531,61.29499816894531,61.290000915527344,61.290000915527344,299,0.0,0.0
2024-08-13 11:32:00-04:00,61.290000915527344,61.290000915527344,61.220001220703125,61.220001220703125,225,0.0,0.0
2024-08-13 11:33:00-04:00,61.290000915527344,61.290000915527344,61.290000915527344,61.290000915527344,385,0.0,0.0
2024-08-13 11:34:00-04:00,61.290000915527344,61.290000915527344,61.290000915527344,61.290000915527344,761,0.0,0.0
2024-08-13 11:36:00-04:00,61.310001373291016,61.310001373291016,61.29999923706055,61.29999923706055,900,0.0,0.0
2024-08-13 11:37:00-04:00,61.28499984741211,61.301700592041016,61.28499984741211,61.301700592041016,837,0.0,0.0
2024-08-13 11:38:00-04:00,61.28499984741211,61.31999969482422,61.28499984741211,61.31999969482422,670,0.0,0.0
2024-08-13 11:39:00-04:00,61.22999954223633,61.275001525878906,61.22999954223633,61.275001525878906,1165,0.0,0.0
2024-08-13 11:40:00-04:00,61.275001525878906,61.275001525878906,61.275001525878906,61.275001525878906,356,0.0,0.0
2024-08-13 11:42:00-04:00,61.29999923706055,61.41999816894531,61.29999923706055,61.41999816894531,1853,0.0,0.0
2024-08-13 11:43:00-04:00,61.375,61.375,61.375,61.375,301,0.0,0.0
2024-08-13 11:44:00-04:00,61.375,61.375,61.375,61.375,284,0.0,0.0
2024-08-13 11:45:00-04:00,61.375,61.375,61.375,61.375,404,0.0,0.0
2024-08-13 11:46:00-04:00,61.375,61.375,61.375,61.375,726,0.0,0.0
2024-08-13 11:47:00-04:00,61.375,61.375,61.375,61.375,193,0.0,0.0
2024-08-13 11:48:00-04:00,61.375,61.40999984741211,61.375,61.40999984741211,203,0.0,0.0
2024-08-13 11:49:00-04:00,61.375,61.40999984741211,61.375,61.40999984741211,899,0.0,0.0
2024-08-13 11:51:00-04:00,61.375,61.375,61.375,61.375,222,0.0,0.0
2024-08-13 11:52:00-04:00,61.375,61.375,61.375,61.375,114,0.0,0.0
2024-08-13 11:53:00-04:00,61.375,61.375,61.375,61.375,372,0.0,0.0
2024-08-13 11:54:00-04:00,61.43000030517578,61.43000030517578,61.31999969482422,61.31999969482422,4136,0.0,0.0
2024-08-13 11:55:00-04:00,61.31999969482422,61.31999969482422,61.31999969482422,61.31999969482422,354,0.0,0.0
2024-08-13 11:56:00-04:00,61.310001373291016,61.310001373291016,61.2400016784668,61.2400016784668,1070,0.0,0.0
2024-08-13 11:57:00-04:00,61.26499938964844,61.26499938964844,61.220001220703125,61.220001220703125,1005,0.0,0.0
2024-08-13 11:58:00-04:00,61.220001220703125,61.220001220703125,61.220001220703125,61.220001220703125,237,0.0,0.0
2024-08-13 11:59:00-04:00,61.220001220703125,61.220001220703125,61.220001220703125,61.220001220703125,343,0.0,0.0
2024-08-13 12:00:00-04:00,61.15999984741211,61.15999984741211,60.97999954223633,60.97999954223633,2017,0.0,0.0
2024-08-13 12:01:00-04:00,61.04999923706055,61.04999923706055,61.0,61.005001068115234,2056,0.0,0.0
2024-08-13 12:02:00-04:00,61.029998779296875,61.06999969482422,61.029998779296875,61.06999969482422,1224,0.0,0.0
2024-08-13 12:06:00-04:00,61.130001068115234,61.154998779296875,61.11000061035156,61.154998779296875,1274,0.0,0.0
2024-08-13 12:08:00-04:00,61.154998779296875,61.154998779296875,61.154998779296875,61.154998779296875,256,0.0,0.0
2024-08-13 12:09:00-04:00,61.20000076293945,61.310001373291016,61.20000076293945,61.29999923706055,1397,0.0,0.0
2024-08-13 12:10:00-04:00,61.32500076293945,61.32500076293945,61.32500076293945,61.32500076293945,216,0.0,0.0
2024-08-13 12:11:00-04:00,61.369998931884766,61.369998931884766,61.31999969482422,61.31999969482422,931,0.0,0.0
2024-08-13 12:12:00-04:00,61.400001525878906,61.439998626708984,61.400001525878906,61.439998626708984,653,0.0,0.0
2024-08-13 12:13:00-04:00,61.43000030517578,61.43000030517578,61.43000030517578,61.43000030517578,481,0.0,0.0
2024-08-13 12:14:00-04:00,61.439998626708984,61.439998626708984,61.439998626708984,61.439998626708984,208,0.0,0.0
2024-08-13 12:15:00-04:00,61.40999984741211,61.40999984741211,61.38999938964844,61.38999938964844,862,0.0,0.0
2024-08-13 12:17:00-04:00,61.439998626708984,61.47999954223633,61.439998626708984,61.47999954223633,508,0.0,0.0
2024-08-13 12:18:00-04:00,61.5,61.5,61.474998474121094,61.474998474121094,537,0.0,0.0
2024-08-13 12:20:00-04:00,61.52000045776367,61.540000915527344,61.5,61.540000915527344,560,0.0,0.0
2024-08-13 12:21:00-04:00,61.52000045776367,61.64500045776367,61.52000045776367,61.64500045776367,1802,0.0,0.0
2024-08-13 12:22:00-04:00,61.64500045776367,61.64500045776367,61.63999938964844,61.63999938964844,331,0.0,0.0
2024-08-13 12:23:00-04:00,61.63999938964844,61.63999938964844,61.63999938964844,61.63999938964844,551,0.0,0.0
2024-08-13 12:25:00-04:00,61.68000030517578,61.68000030517578,61.68000030517578,61.68000030517578,218,0.0,0.0
2024-08-13 12:26:00-04:00,61.665000915527344,61.66999816894531,61.599998474121094,61.66999816894531,1845,0.0,0.0
2024-08-13 12:28:00-04:00,61.65999984741211,61.65999984741211,61.619998931884766,61.619998931884766,796,0.0,0.0
2024-08-13 12:29:00-04:00,61.61000061035156,61.61000061035156,61.529998779296875,61.53499984741211,2100,0.0,0.0
2024-08-13 12:30:00-04:00,61.53499984741211,61.53499984741211,61.53499984741211,61.53499984741211,637,0.0,0.0
2024-08-13 12:34:00-04:00,61.58000183105469,61.58000183105469,61.58000183105469,61.58000183105469,305,0.0,0.0
2024-08-13 12:35:00-04:00,61.47999954223633,61.4900016784668,61.470001220703125,61.470001220703125,784,0.0,0.0
2024-08-13 12:36:00-04:00,61.53990173339844,61.53990173339844,61.53990173339844,61.53990173339844,421,0.0,0.0
2024-08-13 12:38:00-04:00,61.540000915527344,61.595001220703125,61.540000915527344,61.595001220703125,1149,0.0,0.0
2024-08-13 12:39:00-04:00,61.60499954223633,61.60499954223633,61.60499954223633,61.60499954223633,722,0.0,0.0
2024-08-13 12:40:00-04:00,61.66999816894531,61.66999816894531,61.65999984741211,61.65999984741211,626,0.0,0.0
2024-08-13 12:44:00-04:00,61.68000030517578,61.92499923706055,61.68000030517578,61.92499923706055,6103,0.0,0.0
2024-08-13 12:45:00-04:00,61.900001525878906,61.93000030517578,61.869998931884766,61.869998931884766,1111,0.0,0.0
2024-08-13 12:46:00-04:00,61.904998779296875,61.904998779296875,61.904998779296875,61.904998779296875,469,0.0,0.0
2024-08-13 12:47:00-04:00,61.970001220703125,61.970001220703125,61.970001220703125,61.970001220703125,558,0.0,0.0
2024-08-13 12:50:00-04:00,61.9900016784668,62.029998779296875,61.9900016784668,62.025001525878906,578,0.0,0.0
2024-08-13 12:52:00-04:00,62.02000045776367,62.08000183105469,62.02000045776367,62.08000183105469,483,0.0,0.0
2024-08-13 12:53:00-04:00,62.03499984741211,62.03499984741211,62.03499984741211,62.03499984741211,500,0.0,0.0
2024-08-13 12:55:00-04:00,62.03499984741211,62.03499984741211,62.03499984741211,62.03499984741211,336,0.0,0.0
2024-08-13 12:56:00-04:00,62.03499984741211,62.03499984741211,62.029998779296875,62.029998779296875,720,0.0,0.0
2024-08-13 12:58:00-04:00,62.03499984741211,62.03499984741211,62.03499984741211,62.03499984741211,168,0.0,0.0
2024-08-13 12:59:00-04:00,62.03499984741211,62.03499984741211,62.03499984741211,62.03499984741211,430,0.0,0.0
2024-08-13 13:01:00-04:00,62.08000183105469,62.08000183105469,61.970001220703125,61.970001220703125,3019,0.0,0.0
2024-08-13 13:02:00-04:00,61.91999816894531,61.970001220703125,61.849998474121094,61.849998474121094,2024,0.0,0.0
2024-08-13 13:03:00-04:00,61.84000015258789,61.84000015258789,61.720001220703125,61.720001220703125,1587,0.0,0.0
2024-08-13 13:04:00-04:00,61.720001220703125,61.720001220703125,61.650001525878906,61.650001525878906,1145,0.0,0.0
2024-08-13 13:11:00-04:00,61.650001525878906,61.650001525878906,61.650001525878906,61.650001525878906,129,0.0,0.0
2024-08-13 13:12:00-04:00,61.689998626708984,61.689998626708984,61.689998626708984,61.689998626708984,146,0.0,0.0
2024-08-13 13:13:00-04:00,61.689998626708984,61.84000015258789,61.689998626708984,61.84000015258789,2875,0.0,0.0
2024-08-13 13:14:00-04:00,61.79710006713867,61.80500030517578,61.79710006713867,61.80500030517578,5478,0.0,0.0
2024-08-13 13:16:00-04:00,61.869998931884766,61.8849983215332,61.86000061035156,61.8849983215332,1315,0.0,0.0
2024-08-13 13:17:00-04:00,61.86000061035156,61.900001525878906,61.849998474121094,61.900001525878906,2277,0.0,0.0
2024-08-13 13:18:00-04:00,61.90999984741211,61.91999816894531,61.90999984741211,61.91999816894531,942,0.0,0.0
2024-08-13 13:20:00-04:00,61.849998474121094,61.869998931884766,61.810001373291016,61.810001373291016,1956,0.0,0.0
2024-08-13 13:21:00-04:00,61.79999923706055,61.79999923706055,61.79999923706055,61.79999923706055,467,0.0,0.0
2024-08-13 13:23:00-04:00,61.849998474121094,61.880001068115234,61.849998474121094,61.849998474121094,627,0.0,0.0
2024-08-13 13:24:00-04:00,61.79999923706055,61.79999923706055,61.790000915527344,61.790000915527344,1389,0.0,0.0
2024-08-13 13:25:00-04:00,61.7400016784668,61.7400016784668,61.7400016784668,61.7400016784668,323,0.0,0.0
2024-08-13 13:26:00-04:00,61.76499938964844,61.76499938964844,61.76499938964844,61.76499938964844,375,0.0,0.0
2024-08-13 13:28:00-04:00,61.755001068115234,61.7599983215332,61.755001068115234,61.7599983215332,941,0.0,0.0
2024-08-13 13:29:00-04:00,61.689998626708984,61.70000076293945,61.689998626708984,61.70000076293945,500,0.0,0.0
2024-08-13 13:30:00-04:00,61.75,61.75,61.75,61.75,312,0.0,0.0
2024-08-13 13:32:00-04:00,61.7400016784668,61.7400016784668,61.7400016784668,61.7400016784668,193,0.0,0.0
2024-08-13 13:33:00-04:00,61.689998626708984,61.720001220703125,61.689998626708984,61.720001220703125,6171,0.0,0.0
2024-08-13 13:34:00-04:00,61.779998779296875,61.810001373291016,61.77000045776367,61.779998779296875,1473,0.0,0.0
2024-08-13 13:35:00-04:00,61.709999084472656,61.75,61.709999084472656,61.75,745,0.0,0.0
2024-08-13 13:36:00-04:00,61.709999084472656,61.71500015258789,61.689998626708984,61.71500015258789,595,0.0,0.0
2024-08-13 13:37:00-04:00,61.71500015258789,61.71500015258789,61.71500015258789,61.71500015258789,779,0.0,0.0
2024-08-13 13:38:00-04:00,61.75,61.75,61.75,61.75,635,0.0,0.0
2024-08-13 13:39:00-04:00,61.70000076293945,61.70000076293945,61.70000076293945,61.70000076293945,656,0.0,0.0
2024-08-13 13:41:00-04:00,61.7599983215332,61.80500030517578,61.709999084472656,61.75,2708,0.0,0.0
2024-08-13 13:42:00-04:00,61.7224006652832,61.75,61.7224006652832,61.7400016784668,1609,0.0,0.0
2024-08-13 13:43:00-04:00,61.75,61.75,61.7400016784668,61.75,1098,0.0,0.0
2024-08-13 13:44:00-04:00,61.779998779296875,61.79499816894531,61.77000045776367,61.79499816894531,830,0.0,0.0
2024-08-13 13:45:00-04:00,61.77000045776367,61.81999969482422,61.77000045776367,61.81999969482422,2182,0.0,0.0
2024-08-13 13:46:00-04:00,61.75,61.755001068115234,61.470001220703125,61.470001220703125,6413,0.0,0.0
2024-08-13 13:47:00-04:00,61.47999954223633,61.47999954223633,61.46500015258789,61.46500015258789,458,0.0,0.0
2024-08-13 13:49:00-04:00,61.560001373291016,61.59000015258789,61.54999923706055,61.58000183105469,1666,0.0,0.0
2024-08-13 13:51:00-04:00,61.68000030517578,61.720001220703125,61.68000030517578,61.68000030517578,3107,0.0,0.0
2024-08-13 13:55:00-04:00,61.720001220703125,61.720001220703125,61.720001220703125,61.720001220703125,1140,0.0,0.0
2024-08-13 13:56:00-04:00,61.790000915527344,61.86000061035156,61.790000915527344,61.86000061035156,772,0.0,0.0
2024-08-13 13:57:00-04:00,61.90999984741211,61.90999984741211,61.88999938964844,61.88999938964844,364,0.0,0.0
2024-08-13 13:58:00-04:00,61.8650016784668,61.91999816894531,61.83000183105469,61.915000915527344,3040,0.0,0.0
2024-08-13 13:59:00-04:00,62.0,62.0,61.935001373291016,62.0,2654,0.0,0.0
2024-08-13 14:00:00-04:00,62.0099983215332,62.08000183105469,62.0099983215332,62.08000183105469,601,0.0,0.0
2024-08-13 14:01:00-04:00,62.099998474121094,62.13999938964844,62.099998474121094,62.13999938964844,2866,0.0,0.0
2024-08-13 14:02:00-04:00,62.154998779296875,62.165000915527344,62.154998779296875,62.165000915527344,735,0.0,0.0
2024-08-13 14:03:00-04:00,62.165000915527344,62.165000915527344,62.09000015258789,62.09000015258789,2673,0.0,0.0
2024-08-13 14:04:00-04:00,62.11000061035156,62.11000061035156,62.060001373291016,62.060001373291016,568,0.0,0.0
2024-08-13 14:05:00-04:00,62.04999923706055,62.04999923706055,62.04999923706055,62.04999923706055,843,0.0,0.0
2024-08-13 14:07:00-04:00,62.0,62.0,61.97999954223633,61.97999954223633,1433,0.0,0.0
2024-08-13 14:11:00-04:00,61.97999954223633,62.01499938964844,61.97999954223633,62.01499938964844,990,0.0,0.0
2024-08-13 14:12:00-04:00,62.01499938964844,62.01499938964844,61.97999954223633,62.01499938964844,543,0.0,0.0
2024-08-13 14:14:00-04:00,61.970001220703125,61.97999954223633,61.970001220703125,61.97999954223633,1534,0.0,0.0
2024-08-13 14:15:00-04:00,61.974998474121094,61.974998474121094,61.974998474121094,61.974998474121094,888,0.0,0.0
2024-08-13 14:16:00-04:00,61.974998474121094,61.974998474121094,61.974998474121094,61.974998474121094,200,0.0,0.0
2024-08-13 14:17:00-04:00,61.974998474121094,61.974998474121094,61.7400016784668,61.755001068115234,2872,0.0,0.0
2024-08-13 14:18:00-04:00,61.755001068115234,61.755001068115234,61.755001068115234,61.755001068115234,325,0.0,0.0
2024-08-13 14:19:00-04:00,61.75,61.75,61.75,61.75,293,0.0,0.0
2024-08-13 14:20:00-04:00,61.79999923706055,61.810001373291016,61.79999923706055,61.810001373291016,2110,0.0,0.0
2024-08-13 14:25:00-04:00,61.79999923706055,61.880001068115234,61.790000915527344,61.880001068115234,2013,0.0,0.0
2024-08-13 14:27:00-04:00,61.915000915527344,61.915000915527344,61.915000915527344,61.915000915527344,522,0.0,0.0
2024-08-13 14:29:00-04:00,61.91999816894531,61.97999954223633,61.88999938964844,61.939998626708984,2965,0.0,0.0
2024-08-13 14:31:00-04:00,61.91999816894531,61.91999816894531,61.900001525878906,61.900001525878906,546,0.0,0.0
2024-08-13 14:32:00-04:00,61.935001373291016,61.935001373291016,61.935001373291016,61.935001373291016,728,0.0,0.0
2024-08-13 14:34:00-04:00,61.94499969482422,61.94499969482422,61.94499969482422,61.94499969482422,687,0.0,0.0
2024-08-13 14:35:00-04:00,62.0,62.0,62.0,62.0,1615,0.0,0.0
2024-08-13 14:37:00-04:00,61.974998474121094,61.97999954223633,61.900001525878906,61.935001373291016,4740,0.0,0.0
2024-08-13 14:38:00-04:00,61.97999954223633,62.0,61.97999954223633,62.0,1050,0.0,0.0
2024-08-13 14:39:00-04:00,62.0,62.0,61.95500183105469,61.95500183105469,435,0.0,0.0
2024-08-13 14:41:00-04:00,61.96500015258789,61.96500015258789,61.96500015258789,61.96500015258789,453,0.0,0.0
2024-08-13 14:42:00-04:00,61.88999938964844,61.88999938964844,61.869998931884766,61.88999938964844,2177,0.0,0.0
2024-08-13 14:43:00-04:00,61.84000015258789,61.84000015258789,61.75,61.81999969482422,2958,0.0,0.0
2024-08-13 14:44:00-04:00,61.849998474121094,61.849998474121094,61.849998474121094,61.849998474121094,611,0.0,0.0
2024-08-13 14:47:00-04:00,61.79999923706055,61.79999923706055,61.689998626708984,61.71500015258789,3322,0.0,0.0
2024-08-13 14:50:00-04:00,61.77000045776367,61.779998779296875,61.77000045776367,61.77000045776367,1482,0.0,0.0
2024-08-13 14:51:00-04:00,61.720001220703125,61.72999954223633,61.720001220703125,61.72999954223633,1045,0.0,0.0
2024-08-13 14:56:00-04:00,61.689998626708984,61.72999954223633,61.689998626708984,61.72999954223633,2800,0.0,0.0
2024-08-13 15:00:00-04:00,61.689998626708984,61.70000076293945,61.66999816894531,61.689998626708984,1303,0.0,0.0
2024-08-13 15:01:00-04:00,61.709999084472656,61.709999084472656,61.709999084472656,61.709999084472656,424,0.0,0.0
2024-08-13 15:02:00-04:00,61.75,61.75,61.7400016784668,61.7400016784668,2059,0.0,0.0
2024-08-13 15:03:00-04:00,61.790000915527344,61.790000915527344,61.790000915527344,61.790000915527344,267,0.0,0.0
2024-08-13 15:04:00-04:00,61.7599983215332,61.790000915527344,61.7599983215332,61.790000915527344,1003,0.0,0.0
2024-08-13 15:05:00-04:00,61.68000030517578,61.68000030517578,61.63999938964844,61.657501220703125,1916,0.0,0.0
2024-08-13 15:06:00-04:00,61.65999984741211,61.65999984741211,61.65999984741211,61.65999984741211,483,0.0,0.0
2024-08-13 15:07:00-04:00,61.709999084472656,61.709999084472656,61.709999084472656,61.709999084472656,615,0.0,0.0
2024-08-13 15:08:00-04:00,61.685001373291016,61.685001373291016,61.685001373291016,61.685001373291016,429,0.0,0.0
2024-08-13 15:09:00-04:00,61.720001220703125,61.720001220703125,61.720001220703125,61.720001220703125,1003,0.0,0.0
2024-08-13 15:10:00-04:00,61.6703987121582,61.6703987121582,61.6703987121582,61.6703987121582,1636,0.0,0.0
2024-08-13 15:11:00-04:00,61.689998626708984,61.720001220703125,61.689998626708984,61.720001220703125,713,0.0,0.0
2024-08-13 15:12:00-04:00,61.650001525878906,61.68000030517578,61.630001068115234,61.650001525878906,1912,0.0,0.0
2024-08-13 15:14:00-04:00,61.68349838256836,61.70000076293945,61.68000030517578,61.70000076293945,1933,0.0,0.0
2024-08-13 15:17:00-04:00,61.689998626708984,61.689998626708984,61.60499954223633,61.60499954223633,2466,0.0,0.0
2024-08-13 15:19:00-04:00,61.599998474121094,61.6150016784668,61.599998474121094,61.6150016784668,1556,0.0,0.0
2024-08-13 15:21:00-04:00,61.65999984741211,61.65999984741211,61.63999938964844,61.63999938964844,468,0.0,0.0
2024-08-13 15:22:00-04:00,61.58000183105469,61.58000183105469,61.56999969482422,61.56999969482422,841,0.0,0.0
2024-08-13 15:23:00-04:00,61.65999984741211,61.68000030517578,61.650001525878906,61.68000030517578,2041,0.0,0.0
2024-08-13 15:25:00-04:00,61.66999816894531,61.70500183105469,61.66999816894531,61.689998626708984,1864,0.0,0.0
2024-08-13 15:26:00-04:00,61.689998626708984,61.70000076293945,61.68000030517578,61.70000076293945,1544,0.0,0.0
2024-08-13 15:27:00-04:00,61.68000030517578,61.689998626708984,61.63999938964844,61.659698486328125,2950,0.0,0.0
2024-08-13 15:28:00-04:00,61.70000076293945,61.7400016784668,61.70000076293945,61.7400016784668,1828,0.0,0.0
2024-08-13 15:29:00-04:00,61.78499984741211,61.79999923706055,61.75,61.79999923706055,1686,0.0,0.0
2024-08-13 15:30:00-04:00,61.70000076293945,61.70000076293945,61.689998626708984,61.70000076293945,818,0.0,0.0
2024-08-13 15:31:00-04:00,61.70000076293945,61.70000076293945,61.66999816894531,61.70000076293945,582,0.0,0.0
2024-08-13 15:32:00-04:00,61.650001525878906,61.650001525878906,61.619998931884766,61.630001068115234,1542,0.0,0.0
2024-08-13 15:33:00-04:00,61.630001068115234,61.70000076293945,61.6150016784668,61.689998626708984,2569,0.0,0.0
2024-08-13 15:34:00-04:00,61.657501220703125,61.657501220703125,61.599998474121094,61.630001068115234,1371,0.0,0.0
2024-08-13 15:35:00-04:00,61.709999084472656,61.709999084472656,61.709999084472656,61.709999084472656,155,0.0,0.0
2024-08-13 15:36:00-04:00,61.7400016784668,61.7400016784668,61.7400016784668,61.7400016784668,476,0.0,0.0
2024-08-13 15:37:00-04:00,61.7400016784668,61.7400016784668,61.7400016784668,61.7400016784668,816,0.0,0.0
2024-08-13 15:38:00-04:00,61.7400016784668,61.7400016784668,61.65999984741211,61.65999984741211,2553,0.0,0.0
2024-08-13 15:39:00-04:00,61.6150016784668,61.6150016784668,61.6150016784668,61.6150016784668,634,0.0,0.0
2024-08-13 15:40:00-04:00,61.709999084472656,61.709999084472656,61.61000061035156,61.63999938964844,2286,0.0,0.0
2024-08-13 15:41:00-04:00,61.650001525878906,61.685001373291016,61.650001525878906,61.685001373291016,812,0.0,0.0
2024-08-13 15:43:00-04:00,61.65999984741211,61.689998626708984,61.63999938964844,61.665000915527344,1807,0.0,0.0
2024-08-13 15:44:00-04:00,61.689998626708984,61.720001220703125,61.68000030517578,61.720001220703125,1616,0.0,0.0
2024-08-13 15:45:00-04:00,61.70000076293945,61.83000183105469,61.70000076293945,61.83000183105469,2796,0.0,0.0
2024-08-13 15:46:00-04:00,61.810001373291016,61.869998931884766,61.79999923706055,61.869998931884766,3175,0.0,0.0
2024-08-13 15:47:00-04:00,61.880001068115234,61.9474983215332,61.880001068115234,61.89500045776367,5014,0.0,0.0
2024-08-13 15:48:00-04:00,61.89500045776367,61.939998626708984,61.89500045776367,61.91999816894531,1533,0.0,0.0
2024-08-13 15:49:00-04:00,61.90999984741211,62.02000045776367,61.90999984741211,62.00699996948242,3438,0.0,0.0
2024-08-13 15:50:00-04:00,61.959999084472656,62.0,61.709999084472656,61.709999084472656,10516,0.0,0.0
2024-08-13 15:51:00-04:00,61.689998626708984,61.84000015258789,61.650001525878906,61.84000015258789,5609,0.0,0.0
2024-08-13 15:52:00-04:00,61.88999938964844,61.959999084472656,61.88999938964844,61.959999084472656,1967,0.0,0.0
2024-08-13 15:53:00-04:00,61.95500183105469,61.95500183105469,61.689998626708984,61.689998626708984,8256,0.0,0.0
2024-08-13 15:54:00-04:00,61.66999816894531,61.70000076293945,61.63999938964844,61.64699935913086,4204,0.0,0.0
2024-08-13 15:55:00-04:00,61.65999984741211,61.72999954223633,61.650001525878906,61.720001220703125,10774,0.0,0.0
2024-08-13 15:56:00-04:00,61.709999084472656,61.73500061035156,61.650001525878906,61.689998626708984,11477,0.0,0.0
2024-08-13 15:57:00-04:00,61.689998626708984,61.720001220703125,61.68000030517578,61.720001220703125,7862,0.0,0.0
2024-08-13 15:58:00-04:00,61.709999084472656,61.75,61.709999084472656,61.73500061035156,14270,0.0,0.0
2024-08-13 15:59:00-04:00,61.73500061035156,61.790000915527344,61.59000015258789,61.599998474121094,25635,0.0,0.0
2024-08-14 09:30:00-04:00,62.040000915527344,62.040000915527344,62.040000915527344,62.040000915527344,2958,0.0,0.0
2024-08-14 09:44:00-04:00,61.95000076293945,61.95000076293945,61.95000076293945,61.95000076293945,225,0.0,0.0
2024-08-14 09:47:00-04:00,61.8849983215332,61.8849983215332,61.8849983215332,61.8849983215332,162,0.0,0.0
2024-08-14 09:48:00-04:00,62.11000061035156,62.11000061035156,62.11000061035156,62.11000061035156,235,0.0,0.0
2024-08-14 09:50:00-04:00,62.11000061035156,62.220001220703125,61.90999984741211,61.90999984741211,941,0.0,0.0
2024-08-14 09:51:00-04:00,62.064998626708984,62.16999816894531,61.869998931884766,61.9900016784668,2951,0.0,0.0
2024-08-14 09:52:00-04:00,61.869998931884766,61.9900016784668,61.86000061035156,61.9900016784668,1234,0.0,0.0
2024-08-14 09:53:00-04:00,62.01750183105469,62.01750183105469,62.01750183105469,62.01750183105469,173,0.0,0.0
2024-08-14 09:54:00-04:00,61.9900016784668,61.9900016784668,61.73500061035156,61.73500061035156,2097,0.0,0.0
2024-08-14 09:55:00-04:00,61.73500061035156,61.73500061035156,61.56999969482422,61.56999969482422,606,0.0,0.0
2024-08-14 09:56:00-04:00,61.459999084472656,61.560001373291016,61.459999084472656,61.560001373291016,248,0.0,0.0
2024-08-14 09:57:00-04:00,61.46500015258789,61.52000045776367,61.46500015258789,61.52000045776367,1213,0.0,0.0
2024-08-14 10:00:00-04:00,61.099998474121094,61.099998474121094,61.099998474121094,61.099998474121094,151,0.0,0.0
2024-08-14 10:01:00-04:00,61.029998779296875,61.029998779296875,61.029998779296875,61.029998779296875,156,0.0,0.0
2024-08-14 10:02:00-04:00,61.19499969482422,61.209999084472656,61.19499969482422,61.20000076293945,1707,0.0,0.0
2024-08-14 10:10:00-04:00,61.20000076293945,61.31999969482422,61.20000076293945,61.224998474121094,744,0.0,0.0
2024-08-14 10:11:00-04:00,61.220001220703125,61.220001220703125,61.119998931884766,61.119998931884766,1224,0.0,0.0
2024-08-14 10:12:00-04:00,61.19499969482422,61.19499969482422,61.19499969482422,61.19499969482422,423,0.0,0.0
2024-08-14 10:13:00-04:00,61.279998779296875,61.279998779296875,61.2599983215332,61.27000045776367,1184,0.0,0.0
2024-08-14 10:14:00-04:00,61.279998779296875,61.31999969482422,61.279998779296875,61.29999923706055,685,0.0,0.0
2024-08-14 10:19:00-04:00,61.220001220703125,61.220001220703125,61.220001220703125,61.220001220703125,180,0.0,0.0
2024-08-14 10:20:00-04:00,61.33000183105469,61.33000183105469,61.29999923706055,61.29999923706055,420,0.0,0.0
2024-08-14 10:21:00-04:00,61.29499816894531,61.29499816894531,61.29499816894531,61.29499816894531,354,0.0,0.0
2024-08-14 10:23:00-04:00,61.34000015258789,61.380001068115234,61.34000015258789,61.380001068115234,1219,0.0,0.0
2024-08-14 10:24:00-04:00,61.290000915527344,61.334999084472656,61.279998779296875,61.334999084472656,1988,0.0,0.0
2024-08-14 10:28:00-04:00,61.439998626708984,61.45000076293945,61.3849983215332,61.3849983215332,752,0.0,0.0
2024-08-14 10:30:00-04:00,61.400001525878906,61.400001525878906,61.400001525878906,61.400001525878906,128,0.0,0.0
2024-08-14 10:31:00-04:00,61.290000915527344,61.38999938964844,61.290000915527344,61.290000915527344,1567,0.0,0.0
2024-08-14 10:32:00-04:00,61.279998779296875,61.31999969482422,61.22999954223633,61.27199935913086,2730,0.0,0.0
2024-08-14 10:33:00-04:00,61.26499938964844,61.26499938964844,61.11000061035156,61.11000061035156,1906,0.0,0.0
2024-08-14 10:34:00-04:00,61.11000061035156,61.18000030517578,61.099998474121094,61.18000030517578,1598,0.0,0.0
2024-08-14 10:36:00-04:00,61.2400016784668,61.27000045776367,61.22999954223633,61.22999954223633,1279,0.0,0.0
2024-08-14 10:40:00-04:00,61.279998779296875,61.45000076293945,61.279998779296875,61.45000076293945,1383,0.0,0.0
2024-08-14 10:43:00-04:00,61.505001068115234,61.505001068115234,61.505001068115234,61.505001068115234,217,0.0,0.0
2024-08-14 10:44:00-04:00,61.5099983215332,61.63999938964844,61.5099983215332,61.630001068115234,3326,0.0,0.0
2024-08-14 10:47:00-04:00,61.68000030517578,61.68000030517578,61.68000030517578,61.68000030517578,160,0.0,0.0
2024-08-14 10:49:00-04:00,61.689998626708984,61.689998626708984,61.689998626708984,61.689998626708984,704,0.0,0.0
2024-08-14 10:50:00-04:00,61.650001525878906,61.720001220703125,61.630001068115234,61.630001068115234,2102,0.0,0.0
2024-08-14 10:51:00-04:00,61.619998931884766,61.619998931884766,61.619998931884766,61.619998931884766,589,0.0,0.0
2024-08-14 10:56:00-04:00,61.7400016784668,61.75,61.7400016784668,61.75,487,0.0,0.0
2024-08-14 10:59:00-04:00,61.709999084472656,61.709999084472656,61.68000030517578,61.68000030517578,1020,0.0,0.0
2024-08-14 11:00:00-04:00,61.689998626708984,61.689998626708984,61.689998626708984,61.689998626708984,154,0.0,0.0
2024-08-14 11:03:00-04:00,61.630001068115234,61.630001068115234,61.630001068115234,61.630001068115234,330,0.0,0.0
2024-08-14 11:07:00-04:00,61.58000183105469,61.665000915527344,61.58000183105469,61.665000915527344,1272,0.0,0.0
2024-08-14 11:08:00-04:00,61.58000183105469,61.65999984741211,61.54999923706055,61.65999984741211,1412,0.0,0.0
2024-08-14 11:09:00-04:00,61.6150016784668,61.6150016784668,61.6150016784668,61.6150016784668,429,0.0,0.0
2024-08-14 11:10:00-04:00,61.650001525878906,61.689998626708984,61.650001525878906,61.66999816894531,945,0.0,0.0
2024-08-14 11:11:00-04:00,61.720001220703125,61.720001220703125,61.720001220703125,61.720001220703125,169,0.0,0.0
2024-08-14 11:12:00-04:00,61.720001220703125,61.720001220703125,61.720001220703125,61.720001220703125,197,0.0,0.0
2024-08-14 11:13:00-04:00,61.7400016784668,61.77000045776367,61.7400016784668,61.77000045776367,675,0.0,0.0
2024-08-14 11:16:00-04:00,61.66999816894531,61.67499923706055,61.619998931884766,61.619998931884766,1718,0.0,0.0
2024-08-14 11:17:00-04:00,61.72999954223633,61.72999954223633,61.72999954223633,61.72999954223633,734,0.0,0.0
2024-08-14 11:21:00-04:00,61.7599983215332,61.7599983215332,61.7599983215332,61.7599983215332,201,0.0,0.0
2024-08-14 11:23:00-04:00,61.69499969482422,61.69499969482422,61.69499969482422,61.69499969482422,357,0.0,0.0
2024-08-14 11:29:00-04:00,61.689998626708984,61.689998626708984,61.689998626708984,61.689998626708984,259,0.0,0.0
2024-08-14 11:30:00-04:00,61.779998779296875,61.779998779296875,61.7599983215332,61.7599983215332,358,0.0,0.0
2024-08-14 11:31:00-04:00,61.779998779296875,61.79999923706055,61.779998779296875,61.790000915527344,892,0.0,0.0
2024-08-14 11:34:00-04:00,61.83000183105469,61.83000183105469,61.83000183105469,61.83000183105469,457,0.0,0.0
2024-08-14 11:37:00-04:00,61.82500076293945,61.82500076293945,61.82500076293945,61.82500076293945,671,0.0,0.0
2024-08-14 11:41:00-04:00,61.88999938964844,61.939998626708984,61.88999938964844,61.939998626708984,832,0.0,0.0
2024-08-14 11:45:00-04:00,61.959999084472656,61.994998931884766,61.959999084472656,61.97999954223633,1115,0.0,0.0
2024-08-14 11:49:00-04:00,62.04399871826172,62.04399871826172,61.97999954223633,61.97999954223633,490,0.0,0.0
2024-08-14 11:51:00-04:00,62.03499984741211,62.05500030517578,62.03499984741211,62.05500030517578,435,0.0,0.0
2024-08-14 11:52:00-04:00,62.06999969482422,62.13999938964844,62.06999969482422,62.09000015258789,2107,0.0,0.0
2024-08-14 11:54:00-04:00,62.125,62.125,62.125,62.125,267,0.0,0.0
2024-08-14 12:00:00-04:00,62.10499954223633,62.10499954223633,62.10499954223633,62.10499954223633,212,0.0,0.0
2024-08-14 12:02:00-04:00,62.10499954223633,62.209999084472656,62.04999923706055,62.209999084472656,16259,0.0,0.0
2024-08-14 12:03:00-04:00,62.255001068115234,62.255001068115234,62.255001068115234,62.255001068115234,423,0.0,0.0
2024-08-14 12:05:00-04:00,62.255001068115234,62.255001068115234,62.255001068115234,62.255001068115234,233,0.0,0.0
2024-08-14 12:08:00-04:00,62.2599983215332,62.2599983215332,62.2599983215332,62.2599983215332,147,0.0,0.0
2024-08-14 12:10:00-04:00,62.16999816894531,62.18000030517578,62.150001525878906,62.150001525878906,1726,0.0,0.0
2024-08-14 12:11:00-04:00,62.11000061035156,62.11000061035156,62.11000061035156,62.11000061035156,215,0.0,0.0
2024-08-14 12:13:00-04:00,62.189998626708984,62.189998626708984,62.189998626708984,62.189998626708984,463,0.0,0.0
2024-08-14 12:15:00-04:00,62.09000015258789,62.09000015258789,62.040000915527344,62.060001373291016,673,0.0,0.0
2024-08-14 12:16:00-04:00,62.04999923706055,62.099998474121094,62.029998779296875,62.084999084472656,3733,0.0,0.0
2024-08-14 12:17:00-04:00,62.029998779296875,62.029998779296875,62.02000045776367,62.02000045776367,1251,0.0,0.0
2024-08-14 12:19:00-04:00,62.064998626708984,62.064998626708984,62.02000045776367,62.02000045776367,359,0.0,0.0
2024-08-14 12:20:00-04:00,62.10499954223633,62.11000061035156,62.064998626708984,62.11000061035156,2671,0.0,0.0
2024-08-14 12:21:00-04:00,62.05979919433594,62.05979919433594,61.93000030517578,61.93000030517578,3109,0.0,0.0
2024-08-14 12:22:00-04:00,61.90999984741211,61.90999984741211,61.880001068115234,61.880001068115234,995,0.0,0.0
2024-08-14 12:23:00-04:00,61.66999816894531,61.689998626708984,61.65999984741211,61.66999816894531,1801,0.0,0.0
2024-08-14 12:25:00-04:00,61.68000030517578,61.70000076293945,61.63999938964844,61.665000915527344,889,0.0,0.0
2024-08-14 12:26:00-04:00,61.619998931884766,61.654998779296875,61.619998931884766,61.654998779296875,302,0.0,0.0
2024-08-14 12:27:00-04:00,61.7400016784668,61.790000915527344,61.689998626708984,61.790000915527344,1386,0.0,0.0
2024-08-14 12:29:00-04:00,61.78499984741211,61.790000915527344,61.7400016784668,61.7400016784668,1182,0.0,0.0
2024-08-14 12:30:00-04:00,61.720001220703125,61.81999969482422,61.720001220703125,61.810001373291016,1852,0.0,0.0
2024-08-14 12:31:00-04:00,61.80500030517578,61.81999969482422,61.68000030517578,61.68000030517578,507,0.0,0.0
2024-08-14 12:32:00-04:00,61.75,61.77000045776367,61.720001220703125,61.77000045776367,932,0.0,0.0
2024-08-14 12:33:00-04:00,61.77000045776367,61.77000045776367,61.61000061035156,61.61000061035156,5643,0.0,0.0
2024-08-14 12:36:00-04:00,61.439998626708984,61.5099983215332,61.439998626708984,61.5099983215332,602,0.0,0.0
2024-08-14 12:37:00-04:00,61.61000061035156,61.630001068115234,61.61000061035156,61.630001068115234,906,0.0,0.0
2024-08-14 12:41:00-04:00,61.68989944458008,61.68989944458008,61.68989944458008,61.68989944458008,403,0.0,0.0
2024-08-14 12:42:00-04:00,61.68899917602539,61.68899917602539,61.68899917602539,61.68899917602539,2053,0.0,0.0
2024-08-14 12:43:00-04:00,61.56999969482422,61.56999969482422,61.560001373291016,61.560001373291016,915,0.0,0.0
2024-08-14 12:44:00-04:00,61.470001220703125,61.4900016784668,61.439998626708984,61.439998626708984,916,0.0,0.0
2024-08-14 12:48:00-04:00,61.59000015258789,61.59000015258789,61.584999084472656,61.584999084472656,663,0.0,0.0
2024-08-14 12:50:00-04:00,61.59000015258789,61.70000076293945,61.59000015258789,61.70000076293945,1702,0.0,0.0
2024-08-14 12:51:00-04:00,61.70000076293945,61.70000076293945,61.70000076293945,61.70000076293945,681,0.0,0.0
2024-08-14 12:52:00-04:00,61.70500183105469,61.70500183105469,61.70500183105469,61.70500183105469,771,0.0,0.0
2024-08-14 12:56:00-04:00,61.7599983215332,61.7599983215332,61.720001220703125,61.7599983215332,770,0.0,0.0
2024-08-14 12:58:00-04:00,61.83000183105469,61.83000183105469,61.83000183105469,61.83000183105469,410,0.0,0.0
2024-08-14 13:00:00-04:00,61.849998474121094,61.849998474121094,61.849998474121094,61.849998474121094,154,0.0,0.0
2024-08-14 13:03:00-04:00,61.810001373291016,61.810001373291016,61.810001373291016,61.810001373291016,710,0.0,0.0
2024-08-14 13:04:00-04:00,61.75,61.79499816894531,61.75,61.79499816894531,1230,0.0,0.0
2024-08-14 13:06:00-04:00,61.849998474121094,61.95000076293945,61.849998474121094,61.95000076293945,1550,0.0,0.0
2024-08-14 13:08:00-04:00,62.06999969482422,62.130001068115234,62.06999969482422,62.130001068115234,321,0.0,0.0
2024-08-14 13:09:00-04:00,62.10499954223633,62.10499954223633,62.10499954223633,62.10499954223633,170,0.0,0.0
2024-08-14 13:10:00-04:00,62.040000915527344,62.040000915527344,61.880001068115234,61.880001068115234,3062,0.0,0.0
2024-08-14 13:11:00-04:00,61.845001220703125,61.845001220703125,61.845001220703125,61.845001220703125,287,0.0,0.0
2024-08-14 13:12:00-04:00,61.86249923706055,61.86249923706055,61.85499954223633,61.85499954223633,749,0.0,0.0
2024-08-14 13:16:00-04:00,61.939998626708984,61.97999954223633,61.939998626708984,61.97999954223633,630,0.0,0.0
2024-08-14 13:19:00-04:00,61.97999954223633,61.97999954223633,61.97999954223633,61.97999954223633,301,0.0,0.0
2024-08-14 13:21:00-04:00,62.06999969482422,62.06999969482422,62.06999969482422,62.06999969482422,146,0.0,0.0
2024-08-14 13:22:00-04:00,62.05500030517578,62.05500030517578,62.05500030517578,62.05500030517578,110,0.0,0.0
2024-08-14 13:23:00-04:00,62.05500030517578,62.05500030517578,62.05500030517578,62.05500030517578,363,0.0,0.0
2024-08-14 13:24:00-04:00,62.1150016784668,62.1150016784668,62.1150016784668,62.1150016784668,318,0.0,0.0
2024-08-14 13:25:00-04:00,62.18000030517578,62.18000030517578,62.119998931884766,62.119998931884766,804,0.0,0.0
2024-08-14 13:27:00-04:00,62.1150016784668,62.1150016784668,62.029998779296875,62.029998779296875,2210,0.0,0.0
2024-08-14 13:29:00-04:00,61.9900016784668,62.06999969482422,61.9900016784668,62.060001373291016,1608,0.0,0.0
2024-08-14 13:30:00-04:00,61.95000076293945,61.9900016784668,61.95000076293945,61.9900016784668,1006,0.0,0.0
2024-08-14 13:32:00-04:00,61.970001220703125,61.970001220703125,61.970001220703125,61.970001220703125,309,0.0,0.0
2024-08-14 13:33:00-04:00,61.970001220703125,62.029998779296875,61.970001220703125,62.029998779296875,596,0.0,0.0
2024-08-14 13:34:00-04:00,62.01499938964844,62.01499938964844,62.01499938964844,62.01499938964844,132,0.0,0.0
2024-08-14 13:35:00-04:00,62.025001525878906,62.025001525878906,62.025001525878906,62.025001525878906,227,0.0,0.0
2024-08-14 13:36:00-04:00,61.959999084472656,61.959999084472656,61.939998626708984,61.939998626708984,447,0.0,0.0
2024-08-14 13:37:00-04:00,61.93000030517578,62.0,61.93000030517578,62.0,876,0.0,0.0
2024-08-14 13:39:00-04:00,61.95000076293945,61.95000076293945,61.90999984741211,61.90999984741211,692,0.0,0.0
2024-08-14 13:40:00-04:00,61.86000061035156,61.900001525878906,61.86000061035156,61.900001525878906,605,0.0,0.0
2024-08-14 13:42:00-04:00,61.849998474121094,61.880001068115234,61.849998474121094,61.849998474121094,626,0.0,0.0
2024-08-14 13:43:00-04:00,61.8849983215332,61.8849983215332,61.849998474121094,61.849998474121094,291,0.0,0.0
2024-08-14 13:44:00-04:00,61.849998474121094,61.8849983215332,61.849998474121094,61.8849983215332,273,0.0,0.0
2024-08-14 13:45:00-04:00,61.849998474121094,61.8849983215332,61.849998474121094,61.8849983215332,298,0.0,0.0
2024-08-14 13:46:00-04:00,61.91999816894531,61.93000030517578,61.90999984741211,61.91999816894531,1155,0.0,0.0
2024-08-14 13:47:00-04:00,61.91999816894531,61.9900016784668,61.91999816894531,61.959999084472656,2152,0.0,0.0
2024-08-14 13:48:00-04:00,62.02000045776367,62.02000045776367,62.02000045776367,62.02000045776367,142,0.0,0.0
2024-08-14 13:50:00-04:00,62.040000915527344,62.154998779296875,62.040000915527344,62.15250015258789,1062,0.0,0.0
2024-08-14 13:51:00-04:00,62.09000015258789,62.09000015258789,62.04999923706055,62.060001373291016,2898,0.0,0.0
2024-08-14 13:52:00-04:00,62.029998779296875,62.029998779296875,62.029998779296875,62.029998779296875,289,0.0,0.0
2024-08-14 13:54:00-04:00,62.09000015258789,62.09000015258789,62.09000015258789,62.09000015258789,774,0.0,0.0
2024-08-14 13:58:00-04:00,62.08000183105469,62.099998474121094,62.08000183105469,62.099998474121094,1082,0.0,0.0
2024-08-14 14:00:00-04:00,62.0099983215332,62.02000045776367,61.970001220703125,62.01499938964844,1534,0.0,0.0
2024-08-14 14:04:00-04:00,61.970001220703125,61.970001220703125,61.959999084472656,61.970001220703125,893,0.0,0.0
2024-08-14 14:05:00-04:00,61.94499969482422,61.94499969482422,61.94200134277344,61.94200134277344,360,0.0,0.0
2024-08-14 14:07:00-04:00,61.939998626708984,61.939998626708984,61.939998626708984,61.939998626708984,171,0.0,0.0
2024-08-14 14:08:00-04:00,61.97999954223633,61.97999954223633,61.65999984741211,61.65999984741211,2575,0.0,0.0
2024-08-14 14:09:00-04:00,61.779998779296875,61.79499816894531,61.779998779296875,61.78499984741211,344,0.0,0.0
2024-08-14 14:10:00-04:00,61.7400016784668,61.834999084472656,61.7400016784668,61.834999084472656,1155,0.0,0.0
2024-08-14 14:11:00-04:00,61.75,61.75,61.75,61.75,547,0.0,0.0
2024-08-14 14:14:00-04:00,61.82500076293945,61.82500076293945,61.82500076293945,61.82500076293945,310,0.0,0.0
2024-08-14 14:17:00-04:00,61.7599983215332,61.79999923706055,61.75,61.79999923706055,1580,0.0,0.0
2024-08-14 14:18:00-04:00,61.79999923706055,61.79999923706055,61.79999923706055,61.79999923706055,197,0.0,0.0
2024-08-14 14:19:00-04:00,61.7400016784668,61.779998779296875,61.720001220703125,61.779998779296875,2305,0.0,0.0
2024-08-14 14:20:00-04:00,61.79999923706055,61.86000061035156,61.79999923706055,61.86000061035156,1801,0.0,0.0
2024-08-14 14:21:00-04:00,61.935001373291016,61.935001373291016,61.935001373291016,61.935001373291016,249,0.0,0.0
2024-08-14 14:22:00-04:00,61.97999954223633,61.98500061035156,61.97999954223633,61.98500061035156,514,0.0,0.0
2024-08-14 14:25:00-04:00,62.040000915527344,62.040000915527344,62.040000915527344,62.040000915527344,887,0.0,0.0
2024-08-14 14:29:00-04:00,62.08000183105469,62.08000183105469,62.08000183105469,62.08000183105469,182,0.0,0.0
2024-08-14 14:30:00-04:00,62.11000061035156,62.16999816894531,62.11000061035156,62.16999816894531,511,0.0,0.0
2024-08-14 14:31:00-04:00,62.18000030517578,62.18000030517578,62.18000030517578,62.18000030517578,301,0.0,0.0
2024-08-14 14:32:00-04:00,62.189998626708984,62.189998626708984,62.189998626708984,62.189998626708984,458,0.0,0.0
2024-08-14 14:35:00-04:00,62.209999084472656,62.220001220703125,62.17499923706055,62.17499923706055,928,0.0,0.0
2024-08-14 14:39:00-04:00,62.16999816894531,62.17499923706055,62.16999816894531,62.17499923706055,460,0.0,0.0
2024-08-14 14:40:00-04:00,62.16999816894531,62.16999816894531,62.16999816894531,62.16999816894531,194,0.0,0.0
2024-08-14 14:41:00-04:00,62.17499923706055,62.17499923706055,62.16999816894531,62.16999816894531,346,0.0,0.0
2024-08-14 14:42:00-04:00,62.20000076293945,62.220001220703125,62.20000076293945,62.220001220703125,1304,0.0,0.0
2024-08-14 14:45:00-04:00,62.2599983215332,62.2599983215332,62.2599983215332,62.2599983215332,287,0.0,0.0
2024-08-14 14:46:00-04:00,62.27000045776367,62.33000183105469,62.27000045776367,62.33000183105469,1171,0.0,0.0
2024-08-14 14:47:00-04:00,62.34000015258789,62.34000015258789,62.290000915527344,62.290000915527344,949,0.0,0.0
2024-08-14 14:48:00-04:00,62.2599983215332,62.27000045776367,62.255001068115234,62.255001068115234,1024,0.0,0.0
2024-08-14 14:50:00-04:00,62.310001373291016,62.310001373291016,62.310001373291016,62.310001373291016,401,0.0,0.0
2024-08-14 14:51:00-04:00,62.349998474121094,62.349998474121094,62.349998474121094,62.349998474121094,102,0.0,0.0
2024-08-14 14:52:00-04:00,62.349998474121094,62.349998474121094,62.349998474121094,62.349998474121094,582,0.0,0.0
2024-08-14 14:54:00-04:00,62.36000061035156,62.36000061035156,62.36000061035156,62.36000061035156,342,0.0,0.0
2024-08-14 14:55:00-04:00,62.337501525878906,62.337501525878906,62.33000183105469,62.33000183105469,788,0.0,0.0
2024-08-14 14:56:00-04:00,62.34000015258789,62.34000015258789,62.310001373291016,62.310001373291016,689,0.0,0.0
2024-08-14 14:57:00-04:00,62.31999969482422,62.380001068115234,62.31999969482422,62.380001068115234,1660,0.0,0.0
2024-08-14 14:58:00-04:00,62.40999984741211,62.40999984741211,62.40999984741211,62.40999984741211,696,0.0,0.0
2024-08-14 15:01:00-04:00,62.36000061035156,62.380001068115234,62.36000061035156,62.380001068115234,895,0.0,0.0
2024-08-14 15:02:00-04:00,62.375,62.375,62.375,62.375,649,0.0,0.0
2024-08-14 15:07:00-04:00,62.380001068115234,62.46500015258789,62.380001068115234,62.46500015258789,1892,0.0,0.0
2024-08-14 15:08:00-04:00,62.470001220703125,62.470001220703125,62.41999816894531,62.43000030517578,694,0.0,0.0
2024-08-14 15:09:00-04:00,62.38999938964844,62.38999938964844,62.310001373291016,62.31999969482422,2304,0.0,0.0
2024-08-14 15:10:00-04:00,62.310001373291016,62.31999969482422,62.27000045776367,62.27000045776367,1370,0.0,0.0
2024-08-14 15:11:00-04:00,62.27000045776367,62.279998779296875,62.229801177978516,62.229801177978516,1786,0.0,0.0
2024-08-14 15:12:00-04:00,62.31999969482422,62.31999969482422,62.31999969482422,62.31999969482422,493,0.0,0.0
2024-08-14 15:13:00-04:00,62.33000183105469,62.33000183105469,62.29999923706055,62.29999923706055,511,0.0,0.0
2024-08-14 15:14:00-04:00,62.25,62.2599983215332,62.25,62.2599983215332,2105,0.0,0.0
2024-08-14 15:16:00-04:00,62.2599983215332,62.2599983215332,62.2599983215332,62.2599983215332,326,0.0,0.0
2024-08-14 15:17:00-04:00,62.29999923706055,62.310001373291016,62.27000045776367,62.27000045776367,851,0.0,0.0
2024-08-14 15:18:00-04:00,62.275001525878906,62.275001525878906,62.275001525878906,62.275001525878906,280,0.0,0.0
2024-08-14 15:19:00-04:00,62.31999969482422,62.31999969482422,62.31999969482422,62.31999969482422,742,0.0,0.0
2024-08-14 15:20:00-04:00,62.31999969482422,62.31999969482422,62.31999969482422,62.31999969482422,759,0.0,0.0
2024-08-14 15:21:00-04:00,62.2599983215332,62.27000045776367,62.25,62.255001068115234,1182,0.0,0.0
2024-08-14 15:22:00-04:00,62.22010040283203,62.34000015258789,62.22010040283203,62.33000183105469,2631,0.0,0.0
2024-08-14 15:23:00-04:00,62.314998626708984,62.36000061035156,62.314998626708984,62.34000015258789,775,0.0,0.0
2024-08-14 15:24:00-04:00,62.36000061035156,62.380001068115234,62.36000061035156,62.36000061035156,1332,0.0,0.0
2024-08-14 15:25:00-04:00,62.369998931884766,62.439998626708984,62.36000061035156,62.41999816894531,3370,0.0,0.0
2024-08-14 15:26:00-04:00,62.41999816894531,62.45000076293945,62.310001373291016,62.33000183105469,4024,0.0,0.0
2024-08-14 15:27:00-04:00,62.279998779296875,62.279998779296875,62.2599983215332,62.2599983215332,790,0.0,0.0
2024-08-14 15:28:00-04:00,62.2599983215332,62.2599983215332,62.25,62.25,809,0.0,0.0
2024-08-14 15:29:00-04:00,62.2599983215332,62.284000396728516,62.2599983215332,62.279998779296875,846,0.0,0.0
2024-08-14 15:30:00-04:00,62.244998931884766,62.27000045776367,62.244998931884766,62.244998931884766,1562,0.0,0.0
2024-08-14 15:31:00-04:00,62.224998474121094,62.25,62.224998474121094,62.25,486,0.0,0.0
2024-08-14 15:32:00-04:00,62.255001068115234,62.2599983215332,62.255001068115234,62.2599983215332,864,0.0,0.0
2024-08-14 15:33:00-04:00,62.2599983215332,62.2599983215332,62.189998626708984,62.220001220703125,1556,0.0,0.0
2024-08-14 15:34:00-04:00,61.970001220703125,62.119998931884766,61.970001220703125,62.119998931884766,1792,0.0,0.0
2024-08-14 15:35:00-04:00,62.130001068115234,62.130001068115234,62.130001068115234,62.130001068115234,835,0.0,0.0
2024-08-14 15:36:00-04:00,62.11000061035156,62.16999816894531,62.11000061035156,62.1349983215332,2053,0.0,0.0
2024-08-14 15:37:00-04:00,62.18000030517578,62.18000030517578,62.150001525878906,62.18000030517578,553,0.0,0.0
2024-08-14 15:38:00-04:00,62.13249969482422,62.13249969482422,62.130001068115234,62.130001068115234,310,0.0,0.0
2024-08-14 15:39:00-04:00,62.15999984741211,62.25,62.15999984741211,62.25,2741,0.0,0.0
2024-08-14 15:40:00-04:00,62.224998474121094,62.224998474121094,62.224998474121094,62.224998474121094,398,0.0,0.0
2024-08-14 15:41:00-04:00,62.2599983215332,62.2599983215332,62.2599983215332,62.2599983215332,958,0.0,0.0
2024-08-14 15:42:00-04:00,62.244998931884766,62.244998931884766,62.2400016784668,62.2400016784668,1103,0.0,0.0
2024-08-14 15:43:00-04:00,62.2599983215332,62.27000045776367,62.2400016784668,62.27000045776367,686,0.0,0.0
2024-08-14 15:44:00-04:00,62.2599983215332,62.27000045776367,62.150001525878906,62.150001525878906,2164,0.0,0.0
2024-08-14 15:45:00-04:00,62.08000183105469,62.18000030517578,62.08000183105469,62.13999938964844,1162,0.0,0.0
2024-08-14 15:46:00-04:00,62.13999938964844,62.13999938964844,62.13999938964844,62.13999938964844,426,0.0,0.0
2024-08-14 15:47:00-04:00,62.11000061035156,62.15999984741211,62.11000061035156,62.150001525878906,3911,0.0,0.0
2024-08-14 15:48:00-04:00,62.119998931884766,62.14250183105469,62.099998474121094,62.099998474121094,986,0.0,0.0
2024-08-14 15:49:00-04:00,62.11000061035156,62.119998931884766,62.07500076293945,62.09000015258789,3045,0.0,0.0
2024-08-14 15:50:00-04:00,62.029998779296875,62.2400016784668,62.029998779296875,62.22999954223633,8718,0.0,0.0
2024-08-14 15:51:00-04:00,62.220001220703125,62.33000183105469,62.220001220703125,62.275001525878906,3941,0.0,0.0
2024-08-14 15:52:00-04:00,62.2599983215332,62.290000915527344,62.2599983215332,62.279998779296875,857,0.0,0.0
2024-08-14 15:53:00-04:00,62.31999969482422,62.33000183105469,62.29999923706055,62.314998626708984,3938,0.0,0.0
2024-08-14 15:54:00-04:00,62.32500076293945,62.400001525878906,62.255001068115234,62.400001525878906,8123,0.0,0.0
2024-08-14 15:55:00-04:00,62.380001068115234,62.5,62.380001068115234,62.459999084472656,6704,0.0,0.0
2024-08-14 15:56:00-04:00,62.5099983215332,62.52000045776367,62.470001220703125,62.5,6092,0.0,0.0
2024-08-14 15:57:00-04:00,62.494998931884766,62.494998931884766,62.41999816894531,62.41999816894531,8654,0.0,0.0
2024-08-14 15:58:00-04:00,62.41999816894531,62.470001220703125,62.34000015258789,62.380001068115234,9459,0.0,0.0
2024-08-14 15:59:00-04:00,62.369998931884766,62.369998931884766,62.18000030517578,62.209999084472656,47942,0.0,0.0
2024-08-15 09:30:00-04:00,63.77000045776367,63.77000045776367,63.77000045776367,63.77000045776367,3981,0.0,0.0
2024-08-15 09:35:00-04:00,63.90999984741211,64.33000183105469,63.90999984741211,63.9900016784668,1101,0.0,0.0
2024-08-15 09:38:00-04:00,63.95000076293945,63.95000076293945,63.95000076293945,63.95000076293945,959,0.0,0.0
2024-08-15 09:46:00-04:00,63.43000030517578,63.43000030517578,63.2400016784668,63.27000045776367,1424,0.0,0.0
2024-08-15 09:48:00-04:00,63.025001525878906,63.025001525878906,63.025001525878906,63.025001525878906,562,0.0,0.0
2024-08-15 09:49:00-04:00,63.02000045776367,63.31999969482422,63.0,63.28499984741211,2850,0.0,0.0
2024-08-15 09:50:00-04:00,63.349998474121094,63.349998474121094,63.349998474121094,63.349998474121094,656,0.0,0.0
2024-08-15 09:54:00-04:00,62.900001525878906,62.900001525878906,62.900001525878906,62.900001525878906,615,0.0,0.0
2024-08-15 09:59:00-04:00,63.11000061035156,63.11000061035156,63.11000061035156,63.11000061035156,677,0.0,0.0
2024-08-15 10:03:00-04:00,62.935001373291016,62.935001373291016,62.935001373291016,62.935001373291016,600,0.0,0.0
2024-08-15 10:05:00-04:00,62.77000045776367,62.77000045776367,62.5099983215332,62.77000045776367,2487,0.0,0.0
2024-08-15 10:07:00-04:00,62.47999954223633,62.47999954223633,62.47999954223633,62.47999954223633,193,0.0,0.0
2024-08-15 10:08:00-04:00,62.57500076293945,62.57500076293945,62.57500076293945,62.57500076293945,760,0.0,0.0
2024-08-15 10:10:00-04:00,62.45249938964844,62.45249938964844,62.45249938964844,62.45249938964844,238,0.0,0.0
2024-08-15 10:12:00-04:00,62.44499969482422,62.44499969482422,62.44499969482422,62.44499969482422,135,0.0,0.0
2024-08-15 10:13:00-04:00,62.560001373291016,62.560001373291016,62.42499923706055,62.42499923706055,235,0.0,0.0
2024-08-15 10:14:00-04:00,62.59000015258789,62.65999984741211,62.584999084472656,62.59090042114258,1367,0.0,0.0
2024-08-15 10:15:00-04:00,62.595001220703125,62.709999084472656,62.505001068115234,62.68000030517578,5147,0.0,0.0
2024-08-15 10:17:00-04:00,62.779998779296875,62.779998779296875,62.779998779296875,62.779998779296875,289,0.0,0.0
2024-08-15 10:18:00-04:00,62.619998931884766,62.619998931884766,62.619998931884766,62.619998931884766,298,0.0,0.0
2024-08-15 10:19:00-04:00,62.599998474121094,62.66999816894531,62.59000015258789,62.66999816894531,342,0.0,0.0
2024-08-15 10:20:00-04:00,62.779998779296875,62.790000915527344,62.65999984741211,62.70000076293945,1482,0.0,0.0
2024-08-15 10:23:00-04:00,62.38999938964844,62.38999938964844,62.38999938964844,62.38999938964844,168,0.0,0.0
2024-08-15 10:24:00-04:00,62.459999084472656,62.459999084472656,62.459999084472656,62.459999084472656,167,0.0,0.0
2024-08-15 10:26:00-04:00,62.47999954223633,62.47999954223633,62.36000061035156,62.36000061035156,361,0.0,0.0
2024-08-15 10:28:00-04:00,62.599998474121094,62.619998931884766,62.47999954223633,62.607601165771484,1578,0.0,0.0
2024-08-15 10:29:00-04:00,62.689998626708984,62.72999954223633,62.599998474121094,62.72999954223633,1211,0.0,0.0
2024-08-15 10:31:00-04:00,62.584999084472656,62.641998291015625,62.584999084472656,62.641998291015625,708,0.0,0.0
2024-08-15 10:32:00-04:00,62.72999954223633,62.72999954223633,62.70000076293945,62.70000076293945,466,0.0,0.0
2024-08-15 10:33:00-04:00,62.779998779296875,62.779998779296875,62.7400016784668,62.7400016784668,469,0.0,0.0
2024-08-15 10:36:00-04:00,62.790000915527344,62.810001373291016,62.790000915527344,62.810001373291016,592,0.0,0.0
2024-08-15 10:37:00-04:00,62.80500030517578,62.80500030517578,62.80500030517578,62.80500030517578,646,0.0,0.0
2024-08-15 10:38:00-04:00,62.720001220703125,62.720001220703125,62.720001220703125,62.720001220703125,152,0.0,0.0
2024-08-15 10:39:00-04:00,62.56999969482422,62.58000183105469,62.56999969482422,62.56999969482422,1352,0.0,0.0
2024-08-15 10:43:00-04:00,62.560001373291016,62.560001373291016,62.560001373291016,62.560001373291016,109,0.0,0.0
2024-08-15 10:44:00-04:00,62.5,62.57500076293945,62.459999084472656,62.57500076293945,964,0.0,0.0
2024-08-15 10:45:00-04:00,62.45000076293945,62.45000076293945,62.45000076293945,62.45000076293945,144,0.0,0.0
2024-08-15 10:46:00-04:00,62.45000076293945,62.45000076293945,62.45000076293945,62.45000076293945,456,0.0,0.0
2024-08-15 10:47:00-04:00,62.560001373291016,62.58000183105469,62.5099983215332,62.5099983215332,1728,0.0,0.0
2024-08-15 10:48:00-04:00,62.619998931884766,62.63999938964844,62.619998931884766,62.63999938964844,1558,0.0,0.0
2024-08-15 10:51:00-04:00,62.54999923706055,62.55500030517578,62.52000045776367,62.55500030517578,888,0.0,0.0
2024-08-15 10:52:00-04:00,62.564998626708984,62.564998626708984,62.564998626708984,62.564998626708984,128,0.0,0.0
2024-08-15 10:53:00-04:00,62.54999923706055,62.54999923706055,62.54999923706055,62.54999923706055,108,0.0,0.0
2024-08-15 10:54:00-04:00,62.560001373291016,62.66999816894531,62.560001373291016,62.66999816894531,1162,0.0,0.0
2024-08-15 10:58:00-04:00,62.58000183105469,62.72999954223633,62.58000183105469,62.72999954223633,741,0.0,0.0
2024-08-15 10:59:00-04:00,62.720001220703125,62.720001220703125,62.720001220703125,62.720001220703125,536,0.0,0.0
2024-08-15 11:01:00-04:00,62.7400016784668,62.79999923706055,62.7400016784668,62.790000915527344,528,0.0,0.0
2024-08-15 11:03:00-04:00,62.900001525878906,62.900001525878906,62.84000015258789,62.900001525878906,1045,0.0,0.0
2024-08-15 11:04:00-04:00,62.849998474121094,62.915000915527344,62.849998474121094,62.915000915527344,1151,0.0,0.0
2024-08-15 11:06:00-04:00,62.88999938964844,62.88999938964844,62.88999938964844,62.88999938964844,974,0.0,0.0
2024-08-15 11:08:00-04:00,62.96580123901367,62.96580123901367,62.96580123901367,62.96580123901367,587,0.0,0.0
2024-08-15 11:10:00-04:00,62.86520004272461,62.97999954223633,62.86520004272461,62.97999954223633,370,0.0,0.0
2024-08-15 11:11:00-04:00,62.84000015258789,62.84000015258789,62.75,62.75,461,0.0,0.0
2024-08-15 11:12:00-04:00,62.875,62.875,62.875,62.875,318,0.0,0.0
2024-08-15 11:14:00-04:00,62.8031005859375,62.974998474121094,62.79999923706055,62.974998474121094,4247,0.0,0.0
2024-08-15 11:15:00-04:00,63.099998474121094,63.099998474121094,63.04999923706055,63.04999923706055,509,0.0,0.0
2024-08-15 11:16:00-04:00,63.04999923706055,63.04999923706055,63.04999923706055,63.04999923706055,119,0.0,0.0
2024-08-15 11:17:00-04:00,63.02000045776367,63.02000045776367,63.02000045776367,63.02000045776367,269,0.0,0.0
2024-08-15 11:19:00-04:00,63.060001373291016,63.060001373291016,63.060001373291016,63.060001373291016,131,0.0,0.0
2024-08-15 11:20:00-04:00,62.959999084472656,62.959999084472656,62.94499969482422,62.94499969482422,360,0.0,0.0
2024-08-15 11:21:00-04:00,63.025001525878906,63.025001525878906,63.025001525878906,63.025001525878906,129,0.0,0.0
2024-08-15 11:22:00-04:00,62.935001373291016,62.935001373291016,62.935001373291016,62.935001373291016,15104,0.0,0.0
2024-08-15 11:23:00-04:00,62.79999923706055,62.79999923706055,62.79999923706055,62.79999923706055,110,0.0,0.0
2024-08-15 11:24:00-04:00,62.88999938964844,62.91999816894531,62.88999938964844,62.900001525878906,13192,0.0,0.0
2024-08-15 11:25:00-04:00,62.79999923706055,62.79999923706055,62.7515983581543,62.7515983581543,1150,0.0,0.0
2024-08-15 11:26:00-04:00,62.69499969482422,62.77000045776367,62.65169906616211,62.71500015258789,4603,0.0,0.0
2024-08-15 11:27:00-04:00,62.779998779296875,62.790000915527344,62.68000030517578,62.720001220703125,2653,0.0,0.0
2024-08-15 11:28:00-04:00,62.790000915527344,62.790000915527344,62.47999954223633,62.47999954223633,1018,0.0,0.0
2024-08-15 11:29:00-04:00,62.599998474121094,62.599998474121094,62.54999923706055,62.54999923706055,795,0.0,0.0
2024-08-15 11:30:00-04:00,62.54999923706055,62.54999923706055,62.38999938964844,62.38999938964844,3092,0.0,0.0
2024-08-15 11:31:00-04:00,62.439998626708984,62.439998626708984,62.38999938964844,62.439998626708984,571,0.0,0.0
2024-08-15 11:32:00-04:00,62.439998626708984,62.5,62.439998626708984,62.470001220703125,3195,0.0,0.0
2024-08-15 11:33:00-04:00,62.3849983215332,62.3849983215332,62.31999969482422,62.31999969482422,427,0.0,0.0
2024-08-15 11:34:00-04:00,62.380001068115234,62.459999084472656,62.380001068115234,62.400001525878906,5201,0.0,0.0
2024-08-15 11:35:00-04:00,62.369998931884766,62.375,62.34000015258789,62.375,946,0.0,0.0
2024-08-15 11:36:00-04:00,62.375,62.375,62.375,62.375,405,0.0,0.0
2024-08-15 11:37:00-04:00,62.45000076293945,62.45000076293945,62.375,62.380001068115234,615,0.0,0.0
2024-08-15 11:38:00-04:00,62.38999938964844,62.45000076293945,62.29999923706055,62.29999923706055,620,0.0,0.0
2024-08-15 11:39:00-04:00,62.380001068115234,62.66999816894531,62.380001068115234,62.66999816894531,2790,0.0,0.0
2024-08-15 11:43:00-04:00,62.81999969482422,62.81999969482422,62.81999969482422,62.81999969482422,344,0.0,0.0
2024-08-15 11:44:00-04:00,62.70000076293945,62.70000076293945,62.689998626708984,62.70000076293945,347,0.0,0.0
2024-08-15 11:45:00-04:00,62.75,62.75,62.75,62.75,147,0.0,0.0
2024-08-15 11:46:00-04:00,62.70000076293945,62.70000076293945,62.67499923706055,62.67499923706055,277,0.0,0.0
2024-08-15 11:47:00-04:00,62.70000076293945,62.70000076293945,62.70000076293945,62.70000076293945,203,0.0,0.0
2024-08-15 11:48:00-04:00,62.790000915527344,62.790000915527344,62.709999084472656,62.709999084472656,280,0.0,0.0
2024-08-15 11:50:00-04:00,62.709999084472656,62.79999923706055,62.65999984741211,62.69499969482422,17413,0.0,0.0
2024-08-15 11:51:00-04:00,62.630001068115234,62.790000915527344,62.5099983215332,62.75,18571,0.0,0.0
2024-08-15 11:52:00-04:00,62.790000915527344,62.814998626708984,62.790000915527344,62.814998626708984,456,0.0,0.0
2024-08-15 11:55:00-04:00,62.95000076293945,62.95000076293945,62.93000030517578,62.95000076293945,438,0.0,0.0
2024-08-15 11:56:00-04:00,62.94499969482422,62.94499969482422,62.94499969482422,62.94499969482422,102,0.0,0.0
2024-08-15 11:57:00-04:00,63.04499816894531,63.04499816894531,63.04499816894531,63.04499816894531,365,0.0,0.0
2024-08-15 11:58:00-04:00,62.959999084472656,62.959999084472656,62.959999084472656,62.959999084472656,232,0.0,0.0
2024-08-15 11:59:00-04:00,62.959999084472656,62.959999084472656,62.959999084472656,62.959999084472656,114,0.0,0.0
2024-08-15 12:00:00-04:00,62.96500015258789,62.96500015258789,62.96500015258789,62.96500015258789,331,0.0,0.0
2024-08-15 12:02:00-04:00,62.904998779296875,62.904998779296875,62.904998779296875,62.904998779296875,121,0.0,0.0
2024-08-15 12:03:00-04:00,62.900001525878906,62.900001525878906,62.900001525878906,62.900001525878906,104,0.0,0.0
2024-08-15 12:04:00-04:00,62.93000030517578,62.93000030517578,62.8849983215332,62.8849983215332,605,0.0,0.0
2024-08-15 12:06:00-04:00,62.89500045776367,62.89500045776367,62.89500045776367,62.89500045776367,407,0.0,0.0
2024-08-15 12:07:00-04:00,62.89500045776367,62.89500045776367,62.89500045776367,62.89500045776367,400,0.0,0.0
2024-08-15 12:10:00-04:00,62.89500045776367,62.89500045776367,62.89500045776367,62.89500045776367,219,0.0,0.0
2024-08-15 12:11:00-04:00,62.970001220703125,62.970001220703125,62.84000015258789,62.84000015258789,2488,0.0,0.0
2024-08-15 12:14:00-04:00,62.959999084472656,62.970001220703125,62.904998779296875,62.915000915527344,3093,0.0,0.0
2024-08-15 12:15:00-04:00,62.915000915527344,63.0,62.915000915527344,62.959999084472656,7637,0.0,0.0
2024-08-15 12:16:00-04:00,62.959999084472656,62.959999084472656,62.959999084472656,62.959999084472656,500,0.0,0.0
2024-08-15 12:17:00-04:00,63.02000045776367,63.02000045776367,62.959999084472656,62.994998931884766,2828,0.0,0.0
2024-08-15 12:18:00-04:00,62.994998931884766,63.060001373291016,62.994998931884766,63.01499938964844,1522,0.0,0.0
2024-08-15 12:20:00-04:00,63.02000045776367,63.02000045776367,63.02000045776367,63.02000045776367,869,0.0,0.0
2024-08-15 12:21:00-04:00,63.029998779296875,63.029998779296875,63.029998779296875,63.029998779296875,358,0.0,0.0
2024-08-15 12:22:00-04:00,63.06999969482422,63.09000015258789,63.029998779296875,63.064998626708984,3425,0.0,0.0
2024-08-15 12:23:00-04:00,63.06999969482422,63.119998931884766,63.06999969482422,63.06999969482422,1716,0.0,0.0
2024-08-15 12:24:00-04:00,63.06999969482422,63.06999969482422,63.06999969482422,63.06999969482422,789,0.0,0.0
2024-08-15 12:25:00-04:00,63.060001373291016,63.060001373291016,63.060001373291016,63.060001373291016,109,0.0,0.0
2024-08-15 12:26:00-04:00,63.064998626708984,63.15999984741211,63.064998626708984,63.1150016784668,4846,0.0,0.0
2024-08-15 12:27:00-04:00,63.14500045776367,63.14500045776367,63.09000015258789,63.09000015258789,777,0.0,0.0
2024-08-15 12:28:00-04:00,63.13999938964844,63.13999938964844,63.13999938964844,63.13999938964844,603,0.0,0.0
2024-08-15 12:29:00-04:00,63.11000061035156,63.11000061035156,63.11000061035156,63.11000061035156,452,0.0,0.0
2024-08-15 12:30:00-04:00,63.154998779296875,63.154998779296875,63.06999969482422,63.06999969482422,3218,0.0,0.0
2024-08-15 12:34:00-04:00,63.119998931884766,63.2599983215332,63.119998931884766,63.2599983215332,2968,0.0,0.0
2024-08-15 12:36:00-04:00,63.34000015258789,63.34000015258789,63.34000015258789,63.34000015258789,321,0.0,0.0
2024-08-15 12:37:00-04:00,63.369998931884766,63.375,63.369998931884766,63.375,603,0.0,0.0
2024-08-15 12:39:00-04:00,63.310001373291016,63.310001373291016,63.310001373291016,63.310001373291016,471,0.0,0.0
2024-08-15 12:41:00-04:00,63.27000045776367,63.279998779296875,63.22999954223633,63.2400016784668,2343,0.0,0.0
2024-08-15 12:42:00-04:00,63.23500061035156,63.23500061035156,63.23500061035156,63.23500061035156,378,0.0,0.0
2024-08-15 12:45:00-04:00,63.150001525878906,63.150001525878906,63.150001525878906,63.150001525878906,192,0.0,0.0
2024-08-15 12:46:00-04:00,63.22249984741211,63.22249984741211,63.22249984741211,63.22249984741211,266,0.0,0.0
2024-08-15 12:47:00-04:00,63.13999938964844,63.13999938964844,63.06999969482422,63.07500076293945,933,0.0,0.0
2024-08-15 12:49:00-04:00,63.095001220703125,63.095001220703125,63.095001220703125,63.095001220703125,139,0.0,0.0
2024-08-15 12:50:00-04:00,63.150001525878906,63.150001525878906,63.029998779296875,63.029998779296875,455,0.0,0.0
2024-08-15 12:51:00-04:00,63.040000915527344,63.07500076293945,63.040000915527344,63.07500076293945,478,0.0,0.0
2024-08-15 12:52:00-04:00,63.02000045776367,63.16999816894531,63.02000045776367,63.154998779296875,2338,0.0,0.0
2024-08-15 12:53:00-04:00,63.189998626708984,63.20000076293945,63.165000915527344,63.185001373291016,1127,0.0,0.0
2024-08-15 12:55:00-04:00,63.209999084472656,63.209999084472656,63.209999084472656,63.209999084472656,462,0.0,0.0
2024-08-15 12:57:00-04:00,63.185001373291016,63.185001373291016,63.185001373291016,63.185001373291016,514,0.0,0.0
2024-08-15 12:59:00-04:00,63.130001068115234,63.130001068115234,63.130001068115234,63.130001068115234,183,0.0,0.0
2024-08-15 13:00:00-04:00,63.119998931884766,63.119998931884766,63.119998931884766,63.119998931884766,791,0.0,0.0
2024-08-15 13:01:00-04:00,63.20000076293945,63.20000076293945,63.10499954223633,63.18000030517578,6459,0.0,0.0
2024-08-15 13:02:00-04:00,63.18000030517578,63.2400016784668,63.18000030517578,63.19499969482422,2954,0.0,0.0
2024-08-15 13:04:00-04:00,63.2400016784668,63.2400016784668,63.20000076293945,63.21500015258789,2472,0.0,0.0
2024-08-15 13:05:00-04:00,63.21500015258789,63.21500015258789,63.21500015258789,63.21500015258789,223,0.0,0.0
2024-08-15 13:06:00-04:00,63.21500015258789,63.21500015258789,63.21500015258789,63.21500015258789,340,0.0,0.0
2024-08-15 13:08:00-04:00,63.269901275634766,63.28499984741211,63.21500015258789,63.28499984741211,2290,0.0,0.0
2024-08-15 13:09:00-04:00,63.27199935913086,63.27199935913086,63.20000076293945,63.20000076293945,993,0.0,0.0
2024-08-15 13:11:00-04:00,63.2400016784668,63.33000183105469,63.2400016784668,63.290000915527344,3196,0.0,0.0
2024-08-15 13:12:00-04:00,63.349998474121094,63.349998474121094,63.29999923706055,63.30500030517578,1439,0.0,0.0
2024-08-15 13:13:00-04:00,63.310001373291016,63.310001373291016,63.310001373291016,63.310001373291016,299,0.0,0.0
2024-08-15 13:14:00-04:00,63.25,63.310001373291016,63.25,63.310001373291016,790,0.0,0.0
2024-08-15 13:16:00-04:00,63.314998626708984,63.36000061035156,63.314998626708984,63.36000061035156,2096,0.0,0.0
2024-08-15 13:17:00-04:00,63.36000061035156,63.36000061035156,63.310001373291016,63.36000061035156,673,0.0,0.0
2024-08-15 13:18:00-04:00,63.310001373291016,63.310001373291016,63.310001373291016,63.310001373291016,3719,0.0,0.0
2024-08-15 13:19:00-04:00,63.310001373291016,63.349998474121094,63.310001373291016,63.31999969482422,609,0.0,0.0
2024-08-15 13:20:00-04:00,63.34400177001953,63.34400177001953,63.34400177001953,63.34400177001953,530,0.0,0.0
2024-08-15 13:21:00-04:00,63.35499954223633,63.36000061035156,63.35499954223633,63.36000061035156,490,0.0,0.0
2024-08-15 13:22:00-04:00,63.36000061035156,63.41999816894531,63.34000015258789,63.380001068115234,11290,0.0,0.0
2024-08-15 13:23:00-04:00,63.380001068115234,63.4900016784668,63.380001068115234,63.4900016784668,1437,0.0,0.0
2024-08-15 13:24:00-04:00,63.68000030517578,63.83000183105469,63.619998931884766,63.83000183105469,5202,0.0,0.0
2024-08-15 13:26:00-04:00,63.900001525878906,63.900001525878906,63.89500045776367,63.89500045776367,781,0.0,0.0
2024-08-15 13:28:00-04:00,63.970001220703125,64.05999755859375,63.970001220703125,64.05999755859375,1186,0.0,0.0
2024-08-15 13:31:00-04:00,64.05500030517578,64.05500030517578,64.05500030517578,64.05500030517578,523,0.0,0.0
2024-08-15 13:33:00-04:00,63.9900016784668,64.12999725341797,63.9900016784668,64.12999725341797,582,0.0,0.0
2024-08-15 13:36:00-04:00,64.0999984741211,64.0999984741211,64.0999984741211,64.0999984741211,243,0.0,0.0
2024-08-15 13:38:00-04:00,64.16999816894531,64.33999633789062,64.16999816894531,64.33999633789062,3193,0.0,0.0
2024-08-15 13:39:00-04:00,64.36000061035156,64.45899963378906,64.36000061035156,64.45899963378906,2515,0.0,0.0
2024-08-15 13:40:00-04:00,64.2300033569336,64.2300033569336,64.22000122070312,64.22000122070312,1528,0.0,0.0
2024-08-15 13:42:00-04:00,64.17369842529297,64.23999786376953,64.17369842529297,64.23999786376953,561,0.0,0.0
2024-08-15 13:44:00-04:00,64.20999908447266,64.20999908447266,64.20999908447266,64.20999908447266,409,0.0,0.0
2024-08-15 13:53:00-04:00,64.20999908447266,64.20999908447266,64.20999908447266,64.20999908447266,1577,0.0,0.0
2024-08-15 13:54:00-04:00,64.16000366210938,64.16000366210938,64.16000366210938,64.16000366210938,227,0.0,0.0
2024-08-15 13:56:00-04:00,64.19999694824219,64.19999694824219,64.16000366210938,64.16000366210938,280,0.0,0.0
2024-08-15 13:57:00-04:00,64.16000366210938,64.16000366210938,64.16000366210938,64.16000366210938,392,0.0,0.0
2024-08-15 13:58:00-04:00,64.06999969482422,64.06999969482422,64.06999969482422,64.06999969482422,2449,0.0,0.0
2024-08-15 14:02:00-04:00,64.08000183105469,64.19000244140625,64.08000183105469,64.125,543,0.0,0.0
2024-08-15 14:04:00-04:00,64.125,64.22000122070312,64.125,64.16999816894531,1595,0.0,0.0
2024-08-15 14:05:00-04:00,64.2249984741211,64.2300033569336,64.19999694824219,64.19999694824219,941,0.0,0.0
2024-08-15 14:06:00-04:00,64.20999908447266,64.20999908447266,64.20999908447266,64.20999908447266,436,0.0,0.0
2024-08-15 14:10:00-04:00,64.2125015258789,64.2125015258789,64.2125015258789,64.2125015258789,178,0.0,0.0
2024-08-15 14:11:00-04:00,64.22000122070312,64.22000122070312,64.22000122070312,64.22000122070312,201,0.0,0.0
2024-08-15 14:12:00-04:00,64.11000061035156,64.11000061035156,64.06999969482422,64.06999969482422,975,0.0,0.0
2024-08-15 14:13:00-04:00,64.08999633789062,64.08999633789062,64.08999633789062,64.08999633789062,123,0.0,0.0
2024-08-15 14:14:00-04:00,64.08000183105469,64.08000183105469,64.0,64.06500244140625,1911,0.0,0.0
2024-08-15 14:15:00-04:00,64.06500244140625,64.20999908447266,64.06500244140625,64.18000030517578,1813,0.0,0.0
2024-08-15 14:17:00-04:00,64.1449966430664,64.22000122070312,64.1449966430664,64.22000122070312,395,0.0,0.0
2024-08-15 14:18:00-04:00,64.2699966430664,64.2699966430664,64.2699966430664,64.2699966430664,355,0.0,0.0
2024-08-15 14:22:00-04:00,64.19000244140625,64.19000244140625,64.19000244140625,64.19000244140625,352,0.0,0.0
2024-08-15 14:23:00-04:00,64.2699966430664,64.30000305175781,64.20999908447266,64.26499938964844,917,0.0,0.0
2024-08-15 14:24:00-04:00,64.31999969482422,64.31999969482422,64.31999969482422,64.31999969482422,470,0.0,0.0
2024-08-15 14:26:00-04:00,64.19190216064453,64.19190216064453,64.19190216064453,64.19190216064453,311,0.0,0.0
2024-08-15 14:27:00-04:00,64.30999755859375,64.30999755859375,64.30999755859375,64.30999755859375,386,0.0,0.0
2024-08-15 14:28:00-04:00,64.3550033569336,64.3550033569336,64.3550033569336,64.3550033569336,120,0.0,0.0
2024-08-15 14:30:00-04:00,64.31500244140625,64.31500244140625,64.30000305175781,64.30000305175781,342,0.0,0.0
2024-08-15 14:31:00-04:00,64.30000305175781,64.30000305175781,64.30000305175781,64.30000305175781,174,0.0,0.0
2024-08-15 14:32:00-04:00,64.3499984741211,64.3499984741211,64.27999877929688,64.3499984741211,483,0.0,0.0
2024-08-15 14:33:00-04:00,64.33999633789062,64.33999633789062,64.27999877929688,64.27999877929688,718,0.0,0.0
2024-08-15 14:34:00-04:00,64.19000244140625,64.22000122070312,64.12999725341797,64.12999725341797,990,0.0,0.0
2024-08-15 14:36:00-04:00,64.12000274658203,64.12000274658203,64.02010345458984,64.02010345458984,1282,0.0,0.0
2024-08-15 14:39:00-04:00,64.2300033569336,64.2300033569336,64.18000030517578,64.19000244140625,674,0.0,0.0
2024-08-15 14:40:00-04:00,64.12000274658203,64.27999877929688,64.12000274658203,64.27999877929688,1369,0.0,0.0
2024-08-15 14:41:00-04:00,64.36000061035156,64.36000061035156,64.30500030517578,64.30500030517578,734,0.0,0.0
2024-08-15 14:44:00-04:00,64.30500030517578,64.36000061035156,64.30500030517578,64.36000061035156,725,0.0,0.0
2024-08-15 14:46:00-04:00,64.33999633789062,64.33999633789062,64.33999633789062,64.33999633789062,582,0.0,0.0
2024-08-15 14:48:00-04:00,64.45999908447266,64.45999908447266,64.4000015258789,64.4000015258789,373,0.0,0.0
2024-08-15 14:49:00-04:00,64.41000366210938,64.41000366210938,64.38999938964844,64.38999938964844,729,0.0,0.0
2024-08-15 14:50:00-04:00,64.33000183105469,64.41500091552734,64.31999969482422,64.41500091552734,1396,0.0,0.0
2024-08-15 14:51:00-04:00,64.38999938964844,64.4000015258789,64.38999938964844,64.4000015258789,396,0.0,0.0
2024-08-15 14:52:00-04:00,64.39749908447266,64.39749908447266,64.39749908447266,64.39749908447266,295,0.0,0.0
2024-08-15 14:54:00-04:00,64.4000015258789,64.4000015258789,64.4000015258789,64.4000015258789,470,0.0,0.0
2024-08-15 14:57:00-04:00,64.29000091552734,64.36000061035156,64.29000091552734,64.32499694824219,2287,0.0,0.0
2024-08-15 14:58:00-04:00,64.36000061035156,64.37000274658203,64.3499984741211,64.3499984741211,1357,0.0,0.0
2024-08-15 14:59:00-04:00,64.41000366210938,64.44499969482422,64.4000015258789,64.44499969482422,1537,0.0,0.0
2024-08-15 15:00:00-04:00,64.47000122070312,64.47000122070312,64.45999908447266,64.46499633789062,741,0.0,0.0
2024-08-15 15:01:00-04:00,64.43499755859375,64.43499755859375,64.43499755859375,64.43499755859375,223,0.0,0.0
2024-08-15 15:02:00-04:00,64.44000244140625,64.44000244140625,64.41999816894531,64.41999816894531,606,0.0,0.0
2024-08-15 15:03:00-04:00,64.3499984741211,64.3499984741211,64.33000183105469,64.33000183105469,1731,0.0,0.0
2024-08-15 15:04:00-04:00,64.33000183105469,64.33000183105469,64.16999816894531,64.16999816894531,2421,0.0,0.0
2024-08-15 15:06:00-04:00,64.29000091552734,64.29000091552734,64.27999877929688,64.27999877929688,512,0.0,0.0
2024-08-15 15:07:00-04:00,64.30000305175781,64.30000305175781,64.30000305175781,64.30000305175781,345,0.0,0.0
2024-08-15 15:09:00-04:00,64.29499816894531,64.29499816894531,64.29499816894531,64.29499816894531,176,0.0,0.0
2024-08-15 15:10:00-04:00,64.22000122070312,64.22000122070312,64.20999908447266,64.20999908447266,1038,0.0,0.0
2024-08-15 15:11:00-04:00,64.20999908447266,64.22000122070312,64.20999908447266,64.22000122070312,311,0.0,0.0
2024-08-15 15:12:00-04:00,64.26000213623047,64.2699966430664,64.23999786376953,64.26499938964844,1515,0.0,0.0
2024-08-15 15:13:00-04:00,64.2699966430664,64.2699966430664,64.2300033569336,64.26860046386719,1574,0.0,0.0
2024-08-15 15:15:00-04:00,64.25499725341797,64.26000213623047,64.12000274658203,64.12999725341797,4741,0.0,0.0
2024-08-15 15:16:00-04:00,64.08000183105469,64.08000183105469,64.06999969482422,64.06999969482422,1166,0.0,0.0
2024-08-15 15:18:00-04:00,64.09500122070312,64.09500122070312,64.09500122070312,64.09500122070312,421,0.0,0.0
2024-08-15 15:20:00-04:00,64.05999755859375,64.05999755859375,64.05999755859375,64.05999755859375,491,0.0,0.0
2024-08-15 15:21:00-04:00,64.0999984741211,64.0999984741211,64.05999755859375,64.05999755859375,963,0.0,0.0
2024-08-15 15:22:00-04:00,64.01000213623047,64.01000213623047,64.01000213623047,64.01000213623047,2131,0.0,0.0
2024-08-15 15:25:00-04:00,64.01000213623047,64.01000213623047,63.93000030517578,63.931800842285156,4097,0.0,0.0
2024-08-15 15:26:00-04:00,63.959999084472656,63.959999084472656,63.93000030517578,63.93000030517578,1470,0.0,0.0
2024-08-15 15:27:00-04:00,63.869998931884766,63.869998931884766,63.849998474121094,63.849998474121094,1089,0.0,0.0
2024-08-15 15:28:00-04:00,63.84000015258789,63.91999816894531,63.84000015258789,63.88999938964844,4019,0.0,0.0
2024-08-15 15:29:00-04:00,63.994998931884766,63.994998931884766,63.994998931884766,63.994998931884766,182,0.0,0.0
2024-08-15 15:30:00-04:00,63.970001220703125,63.970001220703125,63.970001220703125,63.970001220703125,731,0.0,0.0
2024-08-15 15:32:00-04:00,63.994998931884766,63.994998931884766,63.970001220703125,63.99250030517578,759,0.0,0.0
2024-08-15 15:34:00-04:00,63.939998626708984,63.939998626708984,63.939998626708984,63.939998626708984,977,0.0,0.0
2024-08-15 15:35:00-04:00,63.970001220703125,63.970001220703125,63.900001525878906,63.90999984741211,2530,0.0,0.0
2024-08-15 15:36:00-04:00,63.88999938964844,63.88999938964844,63.88999938964844,63.88999938964844,712,0.0,0.0
2024-08-15 15:37:00-04:00,63.900001525878906,63.939998626708984,63.900001525878906,63.93000030517578,2029,0.0,0.0
2024-08-15 15:38:00-04:00,63.92499923706055,63.92499923706055,63.92499923706055,63.92499923706055,650,0.0,0.0
2024-08-15 15:40:00-04:00,63.88999938964844,63.90999984741211,63.88999938964844,63.90999984741211,3772,0.0,0.0
2024-08-15 15:41:00-04:00,63.959999084472656,63.959999084472656,63.959999084472656,63.959999084472656,1176,0.0,0.0
2024-08-15 15:42:00-04:00,63.95500183105469,63.95500183105469,63.95500183105469,63.95500183105469,234,0.0,0.0
2024-08-15 15:43:00-04:00,63.93000030517578,63.95500183105469,63.810001373291016,63.81999969482422,6043,0.0,0.0
2024-08-15 15:44:00-04:00,63.72999954223633,63.7400016784668,63.685001373291016,63.685001373291016,1151,0.0,0.0
2024-08-15 15:45:00-04:00,63.63999938964844,63.63999938964844,63.599998474121094,63.599998474121094,1303,0.0,0.0
2024-08-15 15:46:00-04:00,63.560001373291016,63.58000183105469,63.43000030517578,63.43000030517578,2337,0.0,0.0
2024-08-15 15:47:00-04:00,63.439998626708984,63.470001220703125,63.41999816894531,63.41999816894531,2091,0.0,0.0
2024-08-15 15:48:00-04:00,63.369998931884766,63.38999938964844,63.349998474121094,63.38999938964844,1193,0.0,0.0
2024-08-15 15:49:00-04:00,63.38999938964844,63.40999984741211,63.279998779296875,63.279998779296875,3721,0.0,0.0
2024-08-15 15:50:00-04:00,63.34000015258789,63.58000183105469,63.34000015258789,63.58000183105469,7535,0.0,0.0
2024-08-15 15:51:00-04:00,63.560001373291016,63.61000061035156,63.380001068115234,63.380001068115234,4268,0.0,0.0
2024-08-15 15:52:00-04:00,63.380001068115234,63.459999084472656,63.380001068115234,63.43000030517578,1920,0.0,0.0
2024-08-15 15:53:00-04:00,63.43000030517578,63.529998779296875,63.43000030517578,63.4900016784668,3121,0.0,0.0
2024-08-15 15:54:00-04:00,63.4900016784668,63.5,63.459999084472656,63.459999084472656,2481,0.0,0.0
2024-08-15 15:55:00-04:00,63.5099983215332,63.709999084472656,63.5099983215332,63.66999816894531,13391,0.0,0.0
2024-08-15 15:56:00-04:00,63.65999984741211,63.81999969482422,63.599998474121094,63.810001373291016,8832,0.0,0.0
2024-08-15 15:57:00-04:00,63.79999923706055,63.80500030517578,63.7599983215332,63.79999923706055,8119,0.0,0.0
2024-08-15 15:58:00-04:00,63.790000915527344,63.79999923706055,63.76499938964844,63.79999923706055,10683,0.0,0.0
2024-08-15 15:59:00-04:00,63.810001373291016,63.93000030517578,63.77000045776367,63.900001525878906,25593,0.0,0.0
2024-08-16 09:30:00-04:00,63.540000915527344,63.540000915527344,63.540000915527344,63.540000915527344,4768,0.0,0.0
2024-08-16 09:36:00-04:00,63.79499816894531,63.79499816894531,63.79499816894531,63.79499816894531,780,0.0,0.0
2024-08-16 09:50:00-04:00,63.95000076293945,63.95000076293945,63.95000076293945,63.95000076293945,335,0.0,0.0
2024-08-16 09:53:00-04:00,64.23999786376953,64.23999786376953,64.13999938964844,64.13999938964844,767,0.0,0.0
2024-08-16 09:55:00-04:00,64.11000061035156,64.11000061035156,64.0999984741211,64.0999984741211,1453,0.0,0.0
2024-08-16 10:00:00-04:00,64.3499984741211,64.5,64.3499984741211,64.5,967,0.0,0.0
2024-08-16 10:02:00-04:00,64.69000244140625,64.69000244140625,64.69000244140625,64.69000244140625,120,0.0,0.0
2024-08-16 10:04:00-04:00,64.66999816894531,64.66999816894531,64.43000030517578,64.43000030517578,1472,0.0,0.0
2024-08-16 10:10:00-04:00,63.880001068115234,63.959999084472656,63.869998931884766,63.959999084472656,1214,0.0,0.0
2024-08-16 10:20:00-04:00,63.81999969482422,63.93000030517578,63.81999969482422,63.93000030517578,931,0.0,0.0
2024-08-16 10:21:00-04:00,63.81999969482422,63.869998931884766,63.67499923706055,63.67499923706055,1234,0.0,0.0
2024-08-16 10:22:00-04:00,63.83000183105469,63.83000183105469,63.83000183105469,63.83000183105469,350,0.0,0.0
2024-08-16 10:25:00-04:00,63.66999816894531,63.66999816894531,63.66999816894531,63.66999816894531,135,0.0,0.0
2024-08-16 10:26:00-04:00,63.68000030517578,63.689998626708984,63.47999954223633,63.47999954223633,1476,0.0,0.0
2024-08-16 10:27:00-04:00,63.63999938964844,63.665000915527344,63.63999938964844,63.665000915527344,1105,0.0,0.0
2024-08-16 10:29:00-04:00,63.86000061035156,63.91999816894531,63.84749984741211,63.84749984741211,994,0.0,0.0
2024-08-16 10:32:00-04:00,63.72999954223633,63.72999954223633,63.60499954223633,63.720001220703125,1390,0.0,0.0
2024-08-16 10:34:00-04:00,63.75,63.75,63.75,63.75,132,0.0,0.0
2024-08-16 10:35:00-04:00,63.689998626708984,63.720001220703125,63.689998626708984,63.720001220703125,444,0.0,0.0
2024-08-16 10:36:00-04:00,63.724998474121094,63.724998474121094,63.630001068115234,63.630001068115234,436,0.0,0.0
2024-08-16 10:40:00-04:00,63.55500030517578,63.61000061035156,63.4900016784668,63.4900016784668,1501,0.0,0.0
2024-08-16 10:41:00-04:00,63.599998474121094,63.599998474121094,63.599998474121094,63.599998474121094,139,0.0,0.0
2024-08-16 10:43:00-04:00,63.599998474121094,63.599998474121094,63.599998474121094,63.599998474121094,220,0.0,0.0
2024-08-16 10:46:00-04:00,63.47999954223633,63.47999954223633,63.47999954223633,63.47999954223633,298,0.0,0.0
2024-08-16 10:48:00-04:00,63.47999954223633,63.525001525878906,63.439998626708984,63.470001220703125,2139,0.0,0.0
2024-08-16 10:49:00-04:00,63.54499816894531,63.599998474121094,63.54499816894531,63.54999923706055,1199,0.0,0.0
2024-08-16 10:50:00-04:00,63.58000183105469,63.58000183105469,63.58000183105469,63.58000183105469,106,0.0,0.0
2024-08-16 10:51:00-04:00,63.630001068115234,63.86000061035156,63.630001068115234,63.86000061035156,896,0.0,0.0
2024-08-16 10:52:00-04:00,63.7400016784668,63.79499816894531,63.72999954223633,63.79499816894531,1683,0.0,0.0
2024-08-16 10:59:00-04:00,63.720001220703125,63.720001220703125,63.70000076293945,63.70000076293945,772,0.0,0.0
2024-08-16 11:01:00-04:00,63.65999984741211,63.65999984741211,63.65999984741211,63.65999984741211,255,0.0,0.0
2024-08-16 11:02:00-04:00,63.720001220703125,63.720001220703125,63.71500015258789,63.71500015258789,263,0.0,0.0
2024-08-16 11:04:00-04:00,63.79999923706055,63.79999923706055,63.790000915527344,63.790000915527344,360,0.0,0.0
2024-08-16 11:05:00-04:00,63.79999923706055,63.79999923706055,63.79999923706055,63.79999923706055,261,0.0,0.0
2024-08-16 11:08:00-04:00,63.849998474121094,63.849998474121094,63.849998474121094,63.849998474121094,232,0.0,0.0
2024-08-16 11:11:00-04:00,63.755001068115234,63.755001068115234,63.755001068115234,63.755001068115234,385,0.0,0.0
2024-08-16 11:16:00-04:00,63.7599983215332,63.7599983215332,63.65999984741211,63.709999084472656,466,0.0,0.0
2024-08-16 11:17:00-04:00,63.73500061035156,63.76499938964844,63.73500061035156,63.76499938964844,700,0.0,0.0
2024-08-16 11:20:00-04:00,63.65999984741211,63.65999984741211,63.63999938964844,63.63999938964844,1749,0.0,0.0
2024-08-16 11:23:00-04:00,63.66999816894531,63.66999816894531,63.650001525878906,63.650001525878906,1163,0.0,0.0
2024-08-16 11:24:00-04:00,63.709999084472656,63.709999084472656,63.709999084472656,63.709999084472656,343,0.0,0.0
2024-08-16 11:29:00-04:00,63.790000915527344,63.790000915527344,63.724998474121094,63.724998474121094,355,0.0,0.0
2024-08-16 11:30:00-04:00,63.7400016784668,63.7400016784668,63.7400016784668,63.7400016784668,225,0.0,0.0
2024-08-16 11:31:00-04:00,63.83000183105469,63.83000183105469,63.83000183105469,63.83000183105469,113,0.0,0.0
2024-08-16 11:32:00-04:00,63.83000183105469,63.86000061035156,63.79999923706055,63.79999923706055,1922,0.0,0.0
2024-08-16 11:34:00-04:00,63.775001525878906,63.775001525878906,63.775001525878906,63.775001525878906,241,0.0,0.0
2024-08-16 11:35:00-04:00,63.77000045776367,63.77000045776367,63.77000045776367,63.77000045776367,783,0.0,0.0
2024-08-16 11:38:00-04:00,63.79999923706055,63.79999923706055,63.790000915527344,63.79999923706055,1132,0.0,0.0
2024-08-16 11:39:00-04:00,63.68000030517578,63.68000030517578,63.630001068115234,63.630001068115234,1514,0.0,0.0
2024-08-16 11:42:00-04:00,63.59000015258789,63.59000015258789,63.59000015258789,63.59000015258789,371,0.0,0.0
2024-08-16 11:47:00-04:00,63.68000030517578,63.68000030517578,63.68000030517578,63.68000030517578,224,0.0,0.0
2024-08-16 11:48:00-04:00,63.657501220703125,63.657501220703125,63.64500045776367,63.64500045776367,495,0.0,0.0
2024-08-16 11:49:00-04:00,63.654998779296875,63.654998779296875,63.654998779296875,63.654998779296875,348,0.0,0.0
2024-08-16 11:56:00-04:00,63.58000183105469,63.59000015258789,63.54999923706055,63.54999923706055,1027,0.0,0.0
2024-08-16 11:58:00-04:00,63.63999938964844,63.63999938964844,63.63999938964844,63.63999938964844,117,0.0,0.0
2024-08-16 12:00:00-04:00,63.540000915527344,63.61000061035156,63.51499938964844,63.61000061035156,1457,0.0,0.0
2024-08-16 12:02:00-04:00,63.60499954223633,63.60499954223633,63.60499954223633,63.60499954223633,112,0.0,0.0
2024-08-16 12:03:00-04:00,63.599998474121094,63.599998474121094,63.599998474121094,63.599998474121094,327,0.0,0.0
2024-08-16 12:07:00-04:00,63.65999984741211,63.65999984741211,63.59000015258789,63.59000015258789,375,0.0,0.0
2024-08-16 12:08:00-04:00,63.66999816894531,63.7599983215332,63.66999816894531,63.7599983215332,1352,0.0,0.0
2024-08-16 12:10:00-04:00,63.72999954223633,63.814998626708984,63.72999954223633,63.814998626708984,1287,0.0,0.0
2024-08-16 12:11:00-04:00,63.7599983215332,63.7599983215332,63.709999084472656,63.709999084472656,2052,0.0,0.0
2024-08-16 12:12:00-04:00,63.68000030517578,63.68000030517578,63.68000030517578,63.68000030517578,497,0.0,0.0
2024-08-16 12:15:00-04:00,63.63999938964844,63.63999938964844,63.63999938964844,63.63999938964844,141,0.0,0.0
2024-08-16 12:18:00-04:00,63.630001068115234,63.630001068115234,63.61000061035156,63.61000061035156,588,0.0,0.0
2024-08-16 12:19:00-04:00,63.580101013183594,63.580101013183594,63.580101013183594,63.580101013183594,1178,0.0,0.0
2024-08-16 12:21:00-04:00,63.67190170288086,63.67190170288086,63.67190170288086,63.67190170288086,550,0.0,0.0
2024-08-16 12:26:00-04:00,63.599998474121094,63.599998474121094,63.599998474121094,63.599998474121094,155,0.0,0.0
2024-08-16 12:27:00-04:00,63.665000915527344,63.665000915527344,63.665000915527344,63.665000915527344,592,0.0,0.0
2024-08-16 12:29:00-04:00,63.689998626708984,63.72999954223633,63.689998626708984,63.72999954223633,532,0.0,0.0
2024-08-16 12:33:00-04:00,63.65999984741211,63.65999984741211,63.65999984741211,63.65999984741211,114,0.0,0.0
2024-08-16 12:35:00-04:00,63.63999938964844,63.63999938964844,63.619998931884766,63.619998931884766,758,0.0,0.0
2024-08-16 12:38:00-04:00,63.619998931884766,63.619998931884766,63.619998931884766,63.619998931884766,890,0.0,0.0
2024-08-16 12:39:00-04:00,63.625,63.625,63.625,63.625,689,0.0,0.0
2024-08-16 12:41:00-04:00,63.619998931884766,63.619998931884766,63.619998931884766,63.619998931884766,101,0.0,0.0
2024-08-16 12:42:00-04:00,63.619998931884766,63.665000915527344,63.58000183105469,63.58000183105469,2621,0.0,0.0
2024-08-16 12:45:00-04:00,63.63999938964844,63.63999938964844,63.63999938964844,63.63999938964844,666,0.0,0.0
2024-08-16 12:46:00-04:00,63.56999969482422,63.56999969482422,63.56999969482422,63.56999969482422,552,0.0,0.0
2024-08-16 12:47:00-04:00,63.689998626708984,63.689998626708984,63.58000183105469,63.58000183105469,314,0.0,0.0
2024-08-16 12:49:00-04:00,63.6349983215332,63.6349983215332,63.61000061035156,63.61000061035156,247,0.0,0.0
2024-08-16 12:50:00-04:00,63.689998626708984,63.70000076293945,63.68000030517578,63.689998626708984,1608,0.0,0.0
2024-08-16 12:54:00-04:00,63.744998931884766,63.744998931884766,63.744998931884766,63.744998931884766,248,0.0,0.0
2024-08-16 12:55:00-04:00,63.779998779296875,63.779998779296875,63.779998779296875,63.779998779296875,314,0.0,0.0
2024-08-16 12:56:00-04:00,63.849998474121094,63.849998474121094,63.81999969482422,63.81999969482422,510,0.0,0.0
2024-08-16 12:58:00-04:00,63.95500183105469,63.95500183105469,63.95500183105469,63.95500183105469,110,0.0,0.0
2024-08-16 12:59:00-04:00,63.93000030517578,63.93000030517578,63.93000030517578,63.93000030517578,311,0.0,0.0
2024-08-16 13:02:00-04:00,63.8650016784668,63.8650016784668,63.8650016784668,63.8650016784668,480,0.0,0.0
2024-08-16 13:05:00-04:00,63.779998779296875,63.779998779296875,63.779998779296875,63.779998779296875,200,0.0,0.0
2024-08-16 13:06:00-04:00,63.7599983215332,63.7599983215332,63.72999954223633,63.72999954223633,981,0.0,0.0
2024-08-16 13:07:00-04:00,63.72999954223633,63.72999954223633,63.709999084472656,63.709999084472656,1184,0.0,0.0
2024-08-16 13:08:00-04:00,63.703800201416016,63.720001220703125,63.65999984741211,63.720001220703125,1222,0.0,0.0
2024-08-16 13:12:00-04:00,63.66999816894531,63.66999816894531,63.66999816894531,63.66999816894531,124,0.0,0.0
2024-08-16 13:15:00-04:00,63.7599983215332,63.7599983215332,63.7599983215332,63.7599983215332,540,0.0,0.0
2024-08-16 13:20:00-04:00,63.65999984741211,63.65999984741211,63.65999984741211,63.65999984741211,111,0.0,0.0
2024-08-16 13:21:00-04:00,63.650001525878906,63.650001525878906,63.650001525878906,63.650001525878906,261,0.0,0.0
2024-08-16 13:24:00-04:00,63.68000030517578,63.75,63.65999984741211,63.75,904,0.0,0.0
2024-08-16 13:26:00-04:00,63.650001525878906,63.650001525878906,63.619998931884766,63.619998931884766,1744,0.0,0.0
2024-08-16 13:28:00-04:00,63.59000015258789,63.59000015258789,63.59000015258789,63.59000015258789,477,0.0,0.0
2024-08-16 13:33:00-04:00,63.59000015258789,63.59000015258789,63.59000015258789,63.59000015258789,263,0.0,0.0
2024-08-16 13:34:00-04:00,63.689998626708984,63.689998626708984,63.66749954223633,63.66749954223633,249,0.0,0.0
2024-08-16 13:35:00-04:00,63.665000915527344,63.665000915527344,63.665000915527344,63.665000915527344,120,0.0,0.0
2024-08-16 13:36:00-04:00,63.630001068115234,63.7599983215332,63.630001068115234,63.7599983215332,1600,0.0,0.0
2024-08-16 13:37:00-04:00,63.77000045776367,63.77000045776367,63.77000045776367,63.77000045776367,238,0.0,0.0
2024-08-16 13:40:00-04:00,63.775001525878906,63.775001525878906,63.775001525878906,63.775001525878906,309,0.0,0.0
2024-08-16 13:41:00-04:00,63.709999084472656,63.709999084472656,63.709999084472656,63.709999084472656,280,0.0,0.0
2024-08-16 13:43:00-04:00,63.70000076293945,63.70000076293945,63.70000076293945,63.70000076293945,323,0.0,0.0
2024-08-16 13:46:00-04:00,63.75,63.75,63.75,63.75,371,0.0,0.0
2024-08-16 13:47:00-04:00,63.720001220703125,63.720001220703125,63.65999984741211,63.65999984741211,1732,0.0,0.0
2024-08-16 13:49:00-04:00,63.70000076293945,63.70000076293945,63.70000076293945,63.70000076293945,140,0.0,0.0
2024-08-16 13:50:00-04:00,63.630001068115234,63.70000076293945,63.61000061035156,63.61000061035156,1583,0.0,0.0
2024-08-16 13:51:00-04:00,63.619998931884766,63.619998931884766,63.619998931884766,63.619998931884766,369,0.0,0.0
2024-08-16 13:55:00-04:00,63.67499923706055,63.67499923706055,63.67499923706055,63.67499923706055,125,0.0,0.0
2024-08-16 13:56:00-04:00,63.77000045776367,63.790000915527344,63.720001220703125,63.790000915527344,1463,0.0,0.0
2024-08-16 13:57:00-04:00,63.77000045776367,63.86000061035156,63.77000045776367,63.86000061035156,2090,0.0,0.0
2024-08-16 13:58:00-04:00,63.81999969482422,63.81999969482422,63.81999969482422,63.81999969482422,278,0.0,0.0
2024-08-16 14:00:00-04:00,63.79999923706055,63.84000015258789,63.79999923706055,63.79999923706055,744,0.0,0.0
2024-08-16 14:01:00-04:00,63.79999923706055,63.82500076293945,63.790000915527344,63.790000915527344,1343,0.0,0.0
2024-08-16 14:04:00-04:00,63.779998779296875,63.810001373291016,63.7599983215332,63.7599983215332,1081,0.0,0.0
2024-08-16 14:05:00-04:00,63.7599983215332,63.77000045776367,63.7599983215332,63.7599983215332,674,0.0,0.0
2024-08-16 14:06:00-04:00,63.709999084472656,63.709999084472656,63.709999084472656,63.709999084472656,261,0.0,0.0
2024-08-16 14:07:00-04:00,63.709999084472656,63.709999084472656,63.709999084472656,63.709999084472656,420,0.0,0.0
2024-08-16 14:09:00-04:00,63.689998626708984,63.689998626708984,63.689998626708984,63.689998626708984,334,0.0,0.0
2024-08-16 14:11:00-04:00,63.709999084472656,63.709999084472656,63.709999084472656,63.709999084472656,395,0.0,0.0
2024-08-16 14:13:00-04:00,63.65999984741211,63.65999984741211,63.59000015258789,63.59000015258789,1636,0.0,0.0
2024-08-16 14:14:00-04:00,63.599998474121094,63.599998474121094,63.599998474121094,63.599998474121094,238,0.0,0.0
2024-08-16 14:15:00-04:00,63.65999984741211,63.709999084472656,63.630001068115234,63.709999084472656,1483,0.0,0.0
2024-08-16 14:16:00-04:00,63.724998474121094,63.724998474121094,63.724998474121094,63.724998474121094,417,0.0,0.0
2024-08-16 14:17:00-04:00,63.71500015258789,63.71500015258789,63.71500015258789,63.71500015258789,511,0.0,0.0
2024-08-16 14:22:00-04:00,63.79999923706055,63.79999923706055,63.70000076293945,63.70000076293945,342,0.0,0.0
2024-08-16 14:23:00-04:00,63.79999923706055,63.79999923706055,63.79999923706055,63.79999923706055,201,0.0,0.0
2024-08-16 14:24:00-04:00,63.79999923706055,63.79999923706055,63.79999923706055,63.79999923706055,194,0.0,0.0
2024-08-16 14:25:00-04:00,63.79999923706055,63.79999923706055,63.79999923706055,63.79999923706055,833,0.0,0.0
2024-08-16 14:28:00-04:00,63.810001373291016,63.810001373291016,63.810001373291016,63.810001373291016,229,0.0,0.0
2024-08-16 14:29:00-04:00,63.869998931884766,63.869998931884766,63.869998931884766,63.869998931884766,213,0.0,0.0
2024-08-16 14:30:00-04:00,63.8650016784668,63.869998931884766,63.8650016784668,63.869998931884766,1265,0.0,0.0
2024-08-16 14:35:00-04:00,63.93000030517578,63.93000030517578,63.93000030517578,63.93000030517578,259,0.0,0.0
2024-08-16 14:36:00-04:00,63.93000030517578,63.93000030517578,63.93000030517578,63.93000030517578,479,0.0,0.0
2024-08-16 14:38:00-04:00,63.88999938964844,63.915000915527344,63.88999938964844,63.915000915527344,992,0.0,0.0
2024-08-16 14:42:00-04:00,63.869998931884766,63.869998931884766,63.775001525878906,63.775001525878906,3319,0.0,0.0
2024-08-16 14:44:00-04:00,63.77000045776367,63.77000045776367,63.72999954223633,63.72999954223633,608,0.0,0.0
2024-08-16 14:46:00-04:00,63.709999084472656,63.709999084472656,63.709999084472656,63.709999084472656,537,0.0,0.0
2024-08-16 14:47:00-04:00,63.71500015258789,63.71500015258789,63.71500015258789,63.71500015258789,744,0.0,0.0
2024-08-16 14:50:00-04:00,63.709999084472656,63.709999084472656,63.665000915527344,63.665000915527344,887,0.0,0.0
2024-08-16 14:51:00-04:00,63.65999984741211,63.65999984741211,63.65999984741211,63.65999984741211,369,0.0,0.0
2024-08-16 14:52:00-04:00,63.7400016784668,63.77000045776367,63.709999084472656,63.709999084472656,2241,0.0,0.0
2024-08-16 14:53:00-04:00,63.777099609375,63.777099609375,63.777099609375,63.777099609375,1591,0.0,0.0
2024-08-16 14:54:00-04:00,63.83000183105469,63.86000061035156,63.79999923706055,63.81999969482422,1597,0.0,0.0
2024-08-16 14:55:00-04:00,63.8468017578125,63.8468017578125,63.8468017578125,63.8468017578125,548,0.0,0.0
2024-08-16 14:56:00-04:00,63.869998931884766,63.869998931884766,63.869998931884766,63.869998931884766,254,0.0,0.0
2024-08-16 14:59:00-04:00,63.86750030517578,63.91999816894531,63.86750030517578,63.91999816894531,926,0.0,0.0
2024-08-16 15:02:00-04:00,63.88999938964844,63.900001525878906,63.88999938964844,63.900001525878906,329,0.0,0.0
2024-08-16 15:03:00-04:00,63.86000061035156,63.86000061035156,63.86000061035156,63.86000061035156,144,0.0,0.0
2024-08-16 15:04:00-04:00,63.85499954223633,63.85499954223633,63.85499954223633,63.85499954223633,524,0.0,0.0
2024-08-16 15:05:00-04:00,63.900001525878906,63.900001525878906,63.900001525878906,63.900001525878906,145,0.0,0.0
2024-08-16 15:07:00-04:00,63.88999938964844,63.88999938964844,63.88999938964844,63.88999938964844,812,0.0,0.0
2024-08-16 15:08:00-04:00,63.88999938964844,63.88999938964844,63.88999938964844,63.88999938964844,517,0.0,0.0
2024-08-16 15:10:00-04:00,63.810001373291016,63.810001373291016,63.71500015258789,63.71500015258789,2183,0.0,0.0
2024-08-16 15:11:00-04:00,63.70000076293945,63.70000076293945,63.70000076293945,63.70000076293945,1405,0.0,0.0
2024-08-16 15:17:00-04:00,63.689998626708984,63.810001373291016,63.689998626708984,63.790000915527344,1651,0.0,0.0
2024-08-16 15:22:00-04:00,63.790000915527344,63.790000915527344,63.720001220703125,63.720001220703125,2916,0.0,0.0
2024-08-16 15:23:00-04:00,63.68000030517578,63.68000030517578,63.650001525878906,63.650001525878906,916,0.0,0.0
2024-08-16 15:24:00-04:00,63.61000061035156,63.61000061035156,63.61000061035156,63.61000061035156,782,0.0,0.0
2024-08-16 15:27:00-04:00,63.650001525878906,63.650001525878906,63.650001525878906,63.650001525878906,679,0.0,0.0
2024-08-16 15:29:00-04:00,63.619998931884766,63.650001525878906,63.59000015258789,63.650001525878906,1429,0.0,0.0
2024-08-16 15:30:00-04:00,63.58000183105469,63.58000183105469,63.529998779296875,63.529998779296875,774,0.0,0.0
2024-08-16 15:31:00-04:00,63.54750061035156,63.599998474121094,63.54499816894531,63.599998474121094,2212,0.0,0.0
2024-08-16 15:32:00-04:00,63.630001068115234,63.650001525878906,63.619998931884766,63.619998931884766,962,0.0,0.0
2024-08-16 15:33:00-04:00,63.57899856567383,63.57899856567383,63.57899856567383,63.57899856567383,323,0.0,0.0
2024-08-16 15:34:00-04:00,63.63999938964844,63.63999938964844,63.63999938964844,63.63999938964844,620,0.0,0.0
2024-08-16 15:37:00-04:00,63.65999984741211,63.66999816894531,63.650001525878906,63.665000915527344,1027,0.0,0.0
2024-08-16 15:38:00-04:00,63.630001068115234,63.630001068115234,63.59000015258789,63.630001068115234,900,0.0,0.0
2024-08-16 15:39:00-04:00,63.5880012512207,63.5880012512207,63.5880012512207,63.5880012512207,178,0.0,0.0
2024-08-16 15:40:00-04:00,63.59000015258789,63.59000015258789,63.59000015258789,63.59000015258789,209,0.0,0.0
2024-08-16 15:41:00-04:00,63.59000015258789,63.59000015258789,63.58000183105469,63.58000183105469,1632,0.0,0.0
2024-08-16 15:42:00-04:00,63.58000183105469,63.58000183105469,63.47999954223633,63.47999954223633,2060,0.0,0.0
2024-08-16 15:43:00-04:00,63.470001220703125,63.470001220703125,63.40999984741211,63.40999984741211,748,0.0,0.0
2024-08-16 15:44:00-04:00,63.40999984741211,63.40999984741211,63.29999923706055,63.29999923706055,1253,0.0,0.0
2024-08-16 15:45:00-04:00,63.310001373291016,63.36000061035156,63.20000076293945,63.35499954223633,3276,0.0,0.0
2024-08-16 15:47:00-04:00,63.27000045776367,63.29899978637695,63.27000045776367,63.29899978637695,485,0.0,0.0
2024-08-16 15:48:00-04:00,63.310001373291016,63.38999938964844,63.310001373291016,63.3650016784668,2436,0.0,0.0
2024-08-16 15:49:00-04:00,63.380001068115234,63.380001068115234,63.369998931884766,63.369998931884766,722,0.0,0.0
2024-08-16 15:50:00-04:00,63.367000579833984,63.439998626708984,63.36000061035156,63.43000030517578,4420,0.0,0.0
2024-08-16 15:51:00-04:00,63.400001525878906,63.400001525878906,63.345001220703125,63.380001068115234,2370,0.0,0.0
2024-08-16 15:52:00-04:00,63.40999984741211,63.43000030517578,63.40999984741211,63.40999984741211,1214,0.0,0.0
2024-08-16 15:53:00-04:00,63.439998626708984,63.45000076293945,63.439998626708984,63.45000076293945,959,0.0,0.0
2024-08-16 15:54:00-04:00,63.45750045776367,63.56999969482422,63.45750045776367,63.56999969482422,5185,0.0,0.0
2024-08-16 15:55:00-04:00,63.5,63.5,63.334999084472656,63.38999938964844,10308,0.0,0.0
2024-08-16 15:56:00-04:00,63.38999938964844,63.459999084472656,63.38999938964844,63.435001373291016,4151,0.0,0.0
2024-08-16 15:57:00-04:00,63.439998626708984,63.52000045776367,63.439998626708984,63.4900016784668,7417,0.0,0.0
2024-08-16 15:58:00-04:00,63.4900016784668,63.4900016784668,63.43000030517578,63.470001220703125,6880,0.0,0.0
2024-08-16 15:59:00-04:00,63.41999816894531,63.45000076293945,63.279998779296875,63.380001068115234,19758,0.0,0.0
