Datetime,Open,High,Low,Close,Volume,Dividends,Stock Splits
2024-10-09 09:30:00-04:00,42.84000015258789,42.970001220703125,42.61000061035156,42.92499923706055,0,0.0,0.0
2024-10-09 09:35:00-04:00,42.89500045776367,43.05500030517578,42.82500076293945,43.04999923706055,6704,0.0,0.0
2024-10-09 09:40:00-04:00,43.09000015258789,43.15999984741211,43.029998779296875,43.1349983215332,12128,0.0,0.0
2024-10-09 09:45:00-04:00,43.13249969482422,43.18000030517578,42.994998931884766,43.040000915527344,13639,0.0,0.0
2024-10-09 09:50:00-04:00,43.06999969482422,43.18000030517578,42.974998474121094,43.06999969482422,17247,0.0,0.0
2024-10-09 09:55:00-04:00,43.06999969482422,43.279998779296875,43.04499816894531,43.279998779296875,16995,0.0,0.0
2024-10-09 10:00:00-04:00,43.26499938964844,43.310001373291016,43.18000030517578,43.30500030517578,16540,0.0,0.0
2024-10-09 10:05:00-04:00,43.30500030517578,43.38999938964844,43.26499938964844,43.38999938964844,20048,0.0,0.0
2024-10-09 10:10:00-04:00,43.439998626708984,43.470001220703125,43.33000183105469,43.34000015258789,33908,0.0,0.0
2024-10-09 10:15:00-04:00,43.34000015258789,43.349998474121094,43.244998931884766,43.244998931884766,32957,0.0,0.0
2024-10-09 10:20:00-04:00,43.2400016784668,43.28499984741211,43.150001525878906,43.17499923706055,33661,0.0,0.0
2024-10-09 10:25:00-04:00,43.15999984741211,43.189998626708984,43.095001220703125,43.13999938964844,23442,0.0,0.0
2024-10-09 10:30:00-04:00,43.130001068115234,43.220001220703125,43.119998931884766,43.20000076293945,27057,0.0,0.0
2024-10-09 10:35:00-04:00,43.17499923706055,43.20500183105469,43.13999938964844,43.189998626708984,20486,0.0,0.0
2024-10-09 10:40:00-04:00,43.16999816894531,43.22999954223633,43.16999816894531,43.209999084472656,14668,0.0,0.0
2024-10-09 10:45:00-04:00,43.20000076293945,43.35499954223633,43.185001373291016,43.35499954223633,23696,0.0,0.0
2024-10-09 10:50:00-04:00,43.36000061035156,43.41999816894531,43.36000061035156,43.404998779296875,19111,0.0,0.0
2024-10-09 10:55:00-04:00,43.40999984741211,43.459999084472656,43.40999984741211,43.435001373291016,39268,0.0,0.0
2024-10-09 11:00:00-04:00,43.439998626708984,43.5099983215332,43.43000030517578,43.45000076293945,23056,0.0,0.0
2024-10-09 11:05:00-04:00,43.459999084472656,43.5,43.43000030517578,43.494998931884766,24638,0.0,0.0
2024-10-09 11:10:00-04:00,43.4900016784668,43.505001068115234,43.439998626708984,43.45000076293945,22467,0.0,0.0
2024-10-09 11:15:00-04:00,43.45500183105469,43.54999923706055,43.439998626708984,43.5099983215332,28955,0.0,0.0
2024-10-09 11:20:00-04:00,43.52000045776367,43.59000015258789,43.52000045776367,43.55500030517578,19742,0.0,0.0
2024-10-09 11:25:00-04:00,43.55500030517578,43.619998931884766,43.540000915527344,43.60499954223633,21993,0.0,0.0
2024-10-09 11:30:00-04:00,43.60499954223633,43.70000076293945,43.599998474121094,43.69499969482422,19142,0.0,0.0
2024-10-09 11:35:00-04:00,43.69499969482422,43.720001220703125,43.685001373291016,43.720001220703125,26421,0.0,0.0
2024-10-09 11:40:00-04:00,43.72999954223633,43.779998779296875,43.724998474121094,43.7599983215332,27560,0.0,0.0
2024-10-09 11:45:00-04:00,43.76499938964844,43.77000045776367,43.689998626708984,43.70500183105469,26175,0.0,0.0
2024-10-09 11:50:00-04:00,43.709999084472656,43.7400016784668,43.689998626708984,43.689998626708984,22668,0.0,0.0
2024-10-09 11:55:00-04:00,43.689998626708984,43.689998626708984,43.43000030517578,43.470001220703125,29566,0.0,0.0
2024-10-09 12:00:00-04:00,43.47999954223633,43.54999923706055,43.474998474121094,43.53499984741211,15317,0.0,0.0
2024-10-09 12:05:00-04:00,43.529998779296875,43.59000015258789,43.5099983215332,43.59000015258789,14749,0.0,0.0
2024-10-09 12:10:00-04:00,43.59000015258789,43.63999938964844,43.59000015258789,43.61000061035156,12233,0.0,0.0
2024-10-09 12:15:00-04:00,43.61000061035156,43.61000061035156,43.529998779296875,43.54249954223633,14424,0.0,0.0
2024-10-09 12:20:00-04:00,43.540000915527344,43.61000061035156,43.540000915527344,43.59000015258789,12390,0.0,0.0
2024-10-09 12:25:00-04:00,43.59000015258789,43.599998474121094,43.55500030517578,43.55500030517578,12128,0.0,0.0
2024-10-09 12:30:00-04:00,43.55500030517578,43.560001373291016,43.52000045776367,43.53499984741211,14499,0.0,0.0
2024-10-09 12:35:00-04:00,43.540000915527344,43.56999969482422,43.529998779296875,43.54999923706055,13077,0.0,0.0
2024-10-09 12:40:00-04:00,43.540000915527344,43.56999969482422,43.540000915527344,43.54999923706055,11812,0.0,0.0
2024-10-09 12:45:00-04:00,43.560001373291016,43.59000015258789,43.54499816894531,43.54499816894531,13345,0.0,0.0
2024-10-09 12:50:00-04:00,43.54499816894531,43.54999923706055,43.439998626708984,43.439998626708984,13502,0.0,0.0
2024-10-09 12:55:00-04:00,43.44499969482422,43.5099983215332,43.439998626708984,43.47999954223633,19685,0.0,0.0
2024-10-09 13:00:00-04:00,43.470001220703125,43.4900016784668,43.439998626708984,43.45500183105469,14396,0.0,0.0
2024-10-09 13:05:00-04:00,43.459999084472656,43.529998779296875,43.459999084472656,43.51350021362305,14053,0.0,0.0
2024-10-09 13:10:00-04:00,43.51499938964844,43.56999969482422,43.505001068115234,43.564998626708984,22670,0.0,0.0
2024-10-09 13:15:00-04:00,43.56999969482422,43.625,43.56999969482422,43.625,14706,0.0,0.0
2024-10-09 13:20:00-04:00,43.625,43.630001068115234,43.59000015258789,43.599998474121094,16818,0.0,0.0
2024-10-09 13:25:00-04:00,43.599998474121094,43.630001068115234,43.599998474121094,43.6150016784668,15107,0.0,0.0
2024-10-09 13:30:00-04:00,43.61029815673828,43.625,43.595001220703125,43.619998931884766,20347,0.0,0.0
2024-10-09 13:35:00-04:00,43.630001068115234,43.64500045776367,43.6150016784668,43.6349983215332,15777,0.0,0.0
2024-10-09 13:40:00-04:00,43.63999938964844,43.64500045776367,43.595001220703125,43.595001220703125,16968,0.0,0.0
2024-10-09 13:45:00-04:00,43.595001220703125,43.619998931884766,43.595001220703125,43.6150016784668,12392,0.0,0.0
2024-10-09 13:50:00-04:00,43.6150016784668,43.619998931884766,43.46500015258789,43.48500061035156,38126,0.0,0.0
2024-10-09 13:55:00-04:00,43.48500061035156,43.494998931884766,43.44499969482422,43.45500183105469,15554,0.0,0.0
2024-10-09 14:00:00-04:00,43.45500183105469,43.45500183105469,43.33000183105469,43.369998931884766,28599,0.0,0.0
2024-10-09 14:05:00-04:00,43.375,43.415000915527344,43.349998474121094,43.38999938964844,18647,0.0,0.0
2024-10-09 14:10:00-04:00,43.38999938964844,43.400001525878906,43.31999969482422,43.349998474121094,19585,0.0,0.0
2024-10-09 14:15:00-04:00,43.349998474121094,43.3650016784668,43.334999084472656,43.36000061035156,28330,0.0,0.0
2024-10-09 14:20:00-04:00,43.349998474121094,43.35499954223633,43.279998779296875,43.310001373291016,19057,0.0,0.0
2024-10-09 14:25:00-04:00,43.310001373291016,43.38999938964844,43.310001373291016,43.375,21123,0.0,0.0
2024-10-09 14:30:00-04:00,43.369998931884766,43.380001068115234,43.34000015258789,43.35499954223633,18807,0.0,0.0
2024-10-09 14:35:00-04:00,43.36000061035156,43.43000030517578,43.36000061035156,43.415000915527344,17377,0.0,0.0
2024-10-09 14:40:00-04:00,43.415000915527344,43.415000915527344,43.375,43.40999984741211,18333,0.0,0.0
2024-10-09 14:45:00-04:00,43.404998779296875,43.439998626708984,43.404998779296875,43.404998779296875,16959,0.0,0.0
2024-10-09 14:50:00-04:00,43.404998779296875,43.415000915527344,43.3849983215332,43.3849983215332,14376,0.0,0.0
2024-10-09 14:55:00-04:00,43.380001068115234,43.3849983215332,43.34000015258789,43.3650016784668,24604,0.0,0.0
2024-10-09 15:00:00-04:00,43.3650016784668,43.380001068115234,43.36000061035156,43.380001068115234,18002,0.0,0.0
2024-10-09 15:05:00-04:00,43.380001068115234,43.380001068115234,43.31999969482422,43.349998474121094,33609,0.0,0.0
2024-10-09 15:10:00-04:00,43.349998474121094,43.349998474121094,43.25,43.279998779296875,81014,0.0,0.0
2024-10-09 15:15:00-04:00,43.279998779296875,43.31999969482422,43.279998779296875,43.28499984741211,22584,0.0,0.0
2024-10-09 15:20:00-04:00,43.28499984741211,43.380001068115234,43.28499984741211,43.35499954223633,28862,0.0,0.0
2024-10-09 15:25:00-04:00,43.349998474121094,43.369998931884766,43.334999084472656,43.3650016784668,27087,0.0,0.0
2024-10-09 15:30:00-04:00,43.36000061035156,43.404998779296875,43.31999969482422,43.369998931884766,39469,0.0,0.0
2024-10-09 15:35:00-04:00,43.3650016784668,43.380001068115234,43.29999923706055,43.334999084472656,32625,0.0,0.0
2024-10-09 15:40:00-04:00,43.334999084472656,43.349998474121094,43.279998779296875,43.290000915527344,38969,0.0,0.0
2024-10-09 15:45:00-04:00,43.290000915527344,43.31999969482422,43.26499938964844,43.31999969482422,47749,0.0,0.0
2024-10-09 15:50:00-04:00,43.314998626708984,43.380001068115234,43.30500030517578,43.369998931884766,86647,0.0,0.0
2024-10-09 15:55:00-04:00,43.369998931884766,43.47999954223633,43.36000061035156,43.45000076293945,292428,0.0,0.0
2024-10-10 09:30:00-04:00,43.63999938964844,43.63999938964844,43.27000045776367,43.54999923706055,37023,0.0,0.0
2024-10-10 09:35:00-04:00,43.505001068115234,43.505001068115234,43.09000015258789,43.09000015258789,19795,0.0,0.0
2024-10-10 09:40:00-04:00,43.18000030517578,43.189998626708984,42.97999954223633,42.97999954223633,17710,0.0,0.0
2024-10-10 09:45:00-04:00,42.9900016784668,43.060001373291016,42.90999984741211,42.959999084472656,25215,0.0,0.0
2024-10-10 09:50:00-04:00,42.97999954223633,43.095001220703125,42.935001373291016,43.06999969482422,23991,0.0,0.0
2024-10-10 09:55:00-04:00,43.06999969482422,43.22999954223633,43.04999923706055,43.150001525878906,22736,0.0,0.0
2024-10-10 10:00:00-04:00,43.125,43.3849983215332,43.119998931884766,43.35499954223633,23631,0.0,0.0
2024-10-10 10:05:00-04:00,43.35499954223633,43.41999816894531,43.310001373291016,43.41999816894531,19193,0.0,0.0
2024-10-10 10:10:00-04:00,43.43000030517578,43.52000045776367,43.38999938964844,43.52000045776367,15735,0.0,0.0
2024-10-10 10:15:00-04:00,43.505001068115234,43.560001373291016,43.5,43.5099983215332,19441,0.0,0.0
2024-10-10 10:20:00-04:00,43.5099983215332,43.56999969482422,43.47999954223633,43.56999969482422,12313,0.0,0.0
2024-10-10 10:25:00-04:00,43.599998474121094,43.70000076293945,43.58000183105469,43.689998626708984,22517,0.0,0.0
2024-10-10 10:30:00-04:00,43.70000076293945,43.79999923706055,43.68000030517578,43.79999923706055,36654,0.0,0.0
2024-10-10 10:35:00-04:00,43.83000183105469,43.912498474121094,43.83000183105469,43.869998931884766,27946,0.0,0.0
2024-10-10 10:40:00-04:00,43.875,44.0,43.86000061035156,43.95000076293945,18670,0.0,0.0
2024-10-10 10:45:00-04:00,43.94499969482422,43.959999084472656,43.90999984741211,43.939998626708984,19130,0.0,0.0
2024-10-10 10:50:00-04:00,43.939998626708984,43.959999084472656,43.810001373291016,43.814998626708984,24638,0.0,0.0
2024-10-10 10:55:00-04:00,43.810001373291016,43.94499969482422,43.810001373291016,43.90999984741211,26436,0.0,0.0
2024-10-10 11:00:00-04:00,43.91999816894531,43.95000076293945,43.880001068115234,43.94499969482422,36149,0.0,0.0
2024-10-10 11:05:00-04:00,43.939998626708984,44.119998931884766,43.939998626708984,44.09000015258789,19444,0.0,0.0
2024-10-10 11:10:00-04:00,44.09000015258789,44.27000045776367,44.09000015258789,44.244998931884766,35704,0.0,0.0
2024-10-10 11:15:00-04:00,44.25,44.29999923706055,44.220001220703125,44.22999954223633,28804,0.0,0.0
2024-10-10 11:20:00-04:00,44.22999954223633,44.36000061035156,44.189998626708984,44.34000015258789,31107,0.0,0.0
2024-10-10 11:25:00-04:00,44.33000183105469,44.36000061035156,44.2599983215332,44.33000183105469,21440,0.0,0.0
2024-10-10 11:30:00-04:00,44.33000183105469,44.369998931884766,44.279998779296875,44.36000061035156,35425,0.0,0.0
2024-10-10 11:35:00-04:00,44.36000061035156,44.380001068115234,44.30500030517578,44.30500030517578,31637,0.0,0.0
2024-10-10 11:40:00-04:00,44.310001373291016,44.310001373291016,44.27000045776367,44.27000045776367,16987,0.0,0.0
2024-10-10 11:45:00-04:00,44.25,44.29999923706055,44.220001220703125,44.22999954223633,15853,0.0,0.0
2024-10-10 11:50:00-04:00,44.23500061035156,44.2599983215332,44.22999954223633,44.2599983215332,16820,0.0,0.0
2024-10-10 11:55:00-04:00,44.27000045776367,44.349998474121094,44.27000045776367,44.310001373291016,39197,0.0,0.0
2024-10-10 12:00:00-04:00,44.29999923706055,44.35499954223633,44.290000915527344,44.29999923706055,19327,0.0,0.0
2024-10-10 12:05:00-04:00,44.310001373291016,44.3849983215332,44.30500030517578,44.380001068115234,25515,0.0,0.0
2024-10-10 12:10:00-04:00,44.380001068115234,44.470001220703125,44.369998931884766,44.40999984741211,15693,0.0,0.0
2024-10-10 12:15:00-04:00,44.40999984741211,44.529998779296875,44.400001525878906,44.47999954223633,23205,0.0,0.0
2024-10-10 12:20:00-04:00,44.48500061035156,44.48500061035156,44.380001068115234,44.380001068115234,12401,0.0,0.0
2024-10-10 12:25:00-04:00,44.36000061035156,44.39500045776367,44.31999969482422,44.34000015258789,18848,0.0,0.0
2024-10-10 12:30:00-04:00,44.349998474121094,44.349998474121094,44.27000045776367,44.33000183105469,11497,0.0,0.0
2024-10-10 12:35:00-04:00,44.310001373291016,44.349998474121094,44.29999923706055,44.33000183105469,13317,0.0,0.0
2024-10-10 12:40:00-04:00,44.33000183105469,44.40999984741211,44.279998779296875,44.290000915527344,37386,0.0,0.0
2024-10-10 12:45:00-04:00,44.29999923706055,44.349998474121094,44.189998626708984,44.220001220703125,31678,0.0,0.0
2024-10-10 12:50:00-04:00,44.209999084472656,44.279998779296875,44.209999084472656,44.279998779296875,16041,0.0,0.0
2024-10-10 12:55:00-04:00,44.290000915527344,44.29999923706055,44.20000076293945,44.22999954223633,16186,0.0,0.0
2024-10-10 13:00:00-04:00,44.224998474121094,44.244998931884766,44.20000076293945,44.244998931884766,11141,0.0,0.0
2024-10-10 13:05:00-04:00,44.244998931884766,44.244998931884766,44.06999969482422,44.08000183105469,17857,0.0,0.0
2024-10-10 13:10:00-04:00,44.08000183105469,44.13999938964844,44.08000183105469,44.1150016784668,11258,0.0,0.0
2024-10-10 13:15:00-04:00,44.119998931884766,44.290000915527344,44.119998931884766,44.290000915527344,22499,0.0,0.0
2024-10-10 13:20:00-04:00,44.29999923706055,44.334999084472656,44.29999923706055,44.334999084472656,24387,0.0,0.0
2024-10-10 13:25:00-04:00,44.34000015258789,44.34000015258789,44.2599983215332,44.279998779296875,12372,0.0,0.0
2024-10-10 13:30:00-04:00,44.290000915527344,44.29999923706055,44.2599983215332,44.279998779296875,12882,0.0,0.0
2024-10-10 13:35:00-04:00,44.279998779296875,44.29499816894531,44.16999816894531,44.189998626708984,13242,0.0,0.0
2024-10-10 13:40:00-04:00,44.19499969482422,44.279998779296875,44.189998626708984,44.2599983215332,18330,0.0,0.0
2024-10-10 13:45:00-04:00,44.2599983215332,44.2599983215332,44.20000076293945,44.25,55413,0.0,0.0
2024-10-10 13:50:00-04:00,44.255001068115234,44.2599983215332,44.099998474121094,44.10499954223633,32627,0.0,0.0
2024-10-10 13:55:00-04:00,44.119998931884766,44.150001525878906,44.09000015258789,44.150001525878906,22897,0.0,0.0
2024-10-10 14:00:00-04:00,44.14500045776367,44.150001525878906,44.099998474121094,44.099998474121094,19609,0.0,0.0
2024-10-10 14:05:00-04:00,44.11000061035156,44.119998931884766,44.04999923706055,44.060001373291016,14442,0.0,0.0
2024-10-10 14:10:00-04:00,44.06999969482422,44.099998474121094,44.06999969482422,44.07500076293945,16218,0.0,0.0
2024-10-10 14:15:00-04:00,44.07500076293945,44.095001220703125,44.04999923706055,44.06999969482422,22075,0.0,0.0
2024-10-10 14:20:00-04:00,44.06999969482422,44.10499954223633,44.06999969482422,44.08000183105469,16166,0.0,0.0
2024-10-10 14:25:00-04:00,44.08000183105469,44.119998931884766,44.08000183105469,44.119998931884766,10976,0.0,0.0
2024-10-10 14:30:00-04:00,44.130001068115234,44.130001068115234,44.040000915527344,44.040000915527344,17705,0.0,0.0
2024-10-10 14:35:00-04:00,44.040000915527344,44.064998626708984,44.029998779296875,44.064998626708984,9680,0.0,0.0
2024-10-10 14:40:00-04:00,44.064998626708984,44.07500076293945,43.95000076293945,43.97999954223633,30343,0.0,0.0
2024-10-10 14:45:00-04:00,43.9900016784668,43.994998931884766,43.959999084472656,43.974998474121094,10191,0.0,0.0
2024-10-10 14:50:00-04:00,43.959999084472656,43.959999084472656,43.900001525878906,43.90999984741211,9303,0.0,0.0
2024-10-10 14:55:00-04:00,43.93000030517578,43.95000076293945,43.88999938964844,43.915000915527344,26267,0.0,0.0
2024-10-10 15:00:00-04:00,43.915000915527344,43.93000030517578,43.869998931884766,43.869998931884766,18788,0.0,0.0
2024-10-10 15:05:00-04:00,43.869998931884766,43.900001525878906,43.83000183105469,43.84000015258789,12450,0.0,0.0
2024-10-10 15:10:00-04:00,43.84000015258789,43.849998474121094,43.7599983215332,43.7599983215332,24495,0.0,0.0
2024-10-10 15:15:00-04:00,43.77000045776367,43.78499984741211,43.720001220703125,43.779998779296875,15360,0.0,0.0
2024-10-10 15:20:00-04:00,43.779998779296875,43.86000061035156,43.779998779296875,43.845001220703125,42486,0.0,0.0
2024-10-10 15:25:00-04:00,43.845001220703125,43.900001525878906,43.83000183105469,43.900001525878906,27145,0.0,0.0
2024-10-10 15:30:00-04:00,43.900001525878906,43.900001525878906,43.709999084472656,43.709999084472656,28298,0.0,0.0
2024-10-10 15:35:00-04:00,43.720001220703125,43.77000045776367,43.650001525878906,43.77000045776367,22249,0.0,0.0
2024-10-10 15:40:00-04:00,43.779998779296875,43.79999923706055,43.75,43.7599983215332,22051,0.0,0.0
2024-10-10 15:45:00-04:00,43.77000045776367,43.88999938964844,43.75,43.8849983215332,40300,0.0,0.0
2024-10-10 15:50:00-04:00,43.880001068115234,43.915000915527344,43.790000915527344,43.82500076293945,76825,0.0,0.0
2024-10-10 15:55:00-04:00,43.81999969482422,43.85499954223633,43.77000045776367,43.779998779296875,149132,0.0,0.0
2024-10-11 09:30:00-04:00,43.68000030517578,44.19499969482422,43.665000915527344,44.19499969482422,24412,0.0,0.0
2024-10-11 09:35:00-04:00,44.290000915527344,44.290000915527344,44.005001068115234,44.209999084472656,10483,0.0,0.0
2024-10-11 09:40:00-04:00,44.20000076293945,44.43000030517578,44.20000076293945,44.375,4809,0.0,0.0
2024-10-11 09:45:00-04:00,44.40999984741211,44.45000076293945,44.29999923706055,44.310001373291016,10589,0.0,0.0
2024-10-11 09:50:00-04:00,44.310001373291016,44.34000015258789,44.13999938964844,44.150001525878906,11075,0.0,0.0
2024-10-11 09:55:00-04:00,44.150001525878906,44.2400016784668,44.060001373291016,44.060001373291016,7867,0.0,0.0
2024-10-11 10:00:00-04:00,44.029998779296875,44.209999084472656,43.974998474121094,44.165000915527344,9705,0.0,0.0
2024-10-11 10:05:00-04:00,44.130001068115234,44.310001373291016,44.095001220703125,44.310001373291016,10503,0.0,0.0
2024-10-11 10:10:00-04:00,44.279998779296875,44.34000015258789,44.25,44.310001373291016,8629,0.0,0.0
2024-10-11 10:15:00-04:00,44.310001373291016,44.3849983215332,44.310001373291016,44.369998931884766,18074,0.0,0.0
2024-10-11 10:20:00-04:00,44.380001068115234,44.45000076293945,44.34000015258789,44.41999816894531,17312,0.0,0.0
2024-10-11 10:25:00-04:00,44.43000030517578,44.4900016784668,44.43000030517578,44.439998626708984,14368,0.0,0.0
2024-10-11 10:30:00-04:00,44.459999084472656,44.505001068115234,44.42499923706055,44.5,30924,0.0,0.0
2024-10-11 10:35:00-04:00,44.5,44.5,44.404998779296875,44.404998779296875,16929,0.0,0.0
2024-10-11 10:40:00-04:00,44.42900085449219,44.459999084472656,44.29999923706055,44.29999923706055,44862,0.0,0.0
2024-10-11 10:45:00-04:00,44.29999923706055,44.41999816894531,44.29999923706055,44.38999938964844,51150,0.0,0.0
2024-10-11 10:50:00-04:00,44.38999938964844,44.45000076293945,44.3849983215332,44.404998779296875,19032,0.0,0.0
2024-10-11 10:55:00-04:00,44.400001525878906,44.43000030517578,44.375,44.400001525878906,23975,0.0,0.0
2024-10-11 11:00:00-04:00,44.404998779296875,44.415000915527344,44.310001373291016,44.369998931884766,36709,0.0,0.0
2024-10-11 11:05:00-04:00,44.3650016784668,44.38999938964844,44.33000183105469,44.33000183105469,23289,0.0,0.0
2024-10-11 11:10:00-04:00,44.31999969482422,44.41999816894531,44.30500030517578,44.40999984741211,12793,0.0,0.0
2024-10-11 11:15:00-04:00,44.40999984741211,44.470001220703125,44.37160110473633,44.37160110473633,14530,0.0,0.0
2024-10-11 11:20:00-04:00,44.380001068115234,44.40999984741211,44.369998931884766,44.380001068115234,11856,0.0,0.0
2024-10-11 11:25:00-04:00,44.39500045776367,44.400001525878906,44.275001525878906,44.290000915527344,11339,0.0,0.0
2024-10-11 11:30:00-04:00,44.29499816894531,44.35499954223633,44.29499816894531,44.349998474121094,12445,0.0,0.0
2024-10-11 11:35:00-04:00,44.36000061035156,44.369998931884766,44.31999969482422,44.33000183105469,8564,0.0,0.0
2024-10-11 11:40:00-04:00,44.33000183105469,44.33000183105469,44.27000045776367,44.27000045776367,9225,0.0,0.0
2024-10-11 11:45:00-04:00,44.27000045776367,44.415000915527344,44.27000045776367,44.400001525878906,21150,0.0,0.0
2024-10-11 11:50:00-04:00,44.40999984741211,44.439998626708984,44.327999114990234,44.327999114990234,13645,0.0,0.0
2024-10-11 11:55:00-04:00,44.31999969482422,44.35499954223633,44.290000915527344,44.310001373291016,14520,0.0,0.0
2024-10-11 12:00:00-04:00,44.314998626708984,44.34000015258789,44.29499816894531,44.31999969482422,8423,0.0,0.0
2024-10-11 12:05:00-04:00,44.31999969482422,44.36000061035156,44.220001220703125,44.224998474121094,15292,0.0,0.0
2024-10-11 12:10:00-04:00,44.22999954223633,44.2400016784668,44.150001525878906,44.15999984741211,10941,0.0,0.0
2024-10-11 12:15:00-04:00,44.165000915527344,44.165000915527344,44.09000015258789,44.099998474121094,10251,0.0,0.0
2024-10-11 12:20:00-04:00,44.08000183105469,44.08000183105469,43.95000076293945,44.005001068115234,21818,0.0,0.0
2024-10-11 12:25:00-04:00,43.9900016784668,44.0,43.939998626708984,43.9900016784668,6659,0.0,0.0
2024-10-11 12:30:00-04:00,43.97999954223633,44.01499938964844,43.96009826660156,43.9900016784668,9109,0.0,0.0
2024-10-11 12:35:00-04:00,43.9900016784668,43.9900016784668,43.869998931884766,43.900001525878906,10175,0.0,0.0
2024-10-11 12:40:00-04:00,43.88999938964844,43.91999816894531,43.85499954223633,43.86000061035156,6114,0.0,0.0
2024-10-11 12:45:00-04:00,43.869998931884766,43.880001068115234,43.849998474121094,43.880001068115234,9524,0.0,0.0
2024-10-11 12:50:00-04:00,43.88999938964844,43.900001525878906,43.849998474121094,43.880001068115234,11000,0.0,0.0
2024-10-11 12:55:00-04:00,43.880001068115234,44.0099983215332,43.880001068115234,44.0,15236,0.0,0.0
2024-10-11 13:00:00-04:00,44.0,44.0099983215332,43.959999084472656,43.970001220703125,7410,0.0,0.0
2024-10-11 13:05:00-04:00,43.97999954223633,44.04999923706055,43.939998626708984,44.0099983215332,21122,0.0,0.0
2024-10-11 13:10:00-04:00,44.0099983215332,44.0099983215332,43.959999084472656,43.994998931884766,10645,0.0,0.0
2024-10-11 13:15:00-04:00,44.0,44.04999923706055,43.9900016784668,44.04999923706055,12358,0.0,0.0
2024-10-11 13:20:00-04:00,44.060001373291016,44.060001373291016,44.040000915527344,44.040000915527344,7758,0.0,0.0
2024-10-11 13:25:00-04:00,44.04999923706055,44.07500076293945,44.04999923706055,44.064998626708984,7443,0.0,0.0
2024-10-11 13:30:00-04:00,44.060001373291016,44.060001373291016,44.0099983215332,44.029998779296875,37839,0.0,0.0
2024-10-11 13:35:00-04:00,44.025001525878906,44.150001525878906,44.025001525878906,44.130001068115234,13813,0.0,0.0
2024-10-11 13:40:00-04:00,44.13999938964844,44.13999938964844,44.09000015258789,44.119998931884766,30098,0.0,0.0
2024-10-11 13:45:00-04:00,44.125,44.130001068115234,44.099998474121094,44.099998474121094,11259,0.0,0.0
2024-10-11 13:50:00-04:00,44.095001220703125,44.13999938964844,44.095001220703125,44.113399505615234,16349,0.0,0.0
2024-10-11 13:55:00-04:00,44.11000061035156,44.17499923706055,44.11000061035156,44.17499923706055,34063,0.0,0.0
2024-10-11 14:00:00-04:00,44.17499923706055,44.19499969482422,44.119998931884766,44.15999984741211,16152,0.0,0.0
2024-10-11 14:05:00-04:00,44.15999984741211,44.16999816894531,44.130001068115234,44.13999938964844,5171,0.0,0.0
2024-10-11 14:10:00-04:00,44.13999938964844,44.15999984741211,44.06999969482422,44.084999084472656,14415,0.0,0.0
2024-10-11 14:15:00-04:00,44.08000183105469,44.08000183105469,44.0099983215332,44.064998626708984,12305,0.0,0.0
2024-10-11 14:20:00-04:00,44.064998626708984,44.06999969482422,44.05500030517578,44.06999969482422,11060,0.0,0.0
2024-10-11 14:25:00-04:00,44.064998626708984,44.08000183105469,44.029998779296875,44.08000183105469,12408,0.0,0.0
2024-10-11 14:30:00-04:00,44.08000183105469,44.130001068115234,44.08000183105469,44.099998474121094,13869,0.0,0.0
2024-10-11 14:35:00-04:00,44.11000061035156,44.150001525878906,44.060001373291016,44.099998474121094,17289,0.0,0.0
2024-10-11 14:40:00-04:00,44.099998474121094,44.154998779296875,44.084999084472656,44.150001525878906,10741,0.0,0.0
2024-10-11 14:45:00-04:00,44.13999938964844,44.185001373291016,44.13999938964844,44.15999984741211,14871,0.0,0.0
2024-10-11 14:50:00-04:00,44.15999984741211,44.209999084472656,44.150001525878906,44.209999084472656,11692,0.0,0.0
2024-10-11 14:55:00-04:00,44.209999084472656,44.220001220703125,44.185001373291016,44.20000076293945,16148,0.0,0.0
2024-10-11 15:00:00-04:00,44.189998626708984,44.220001220703125,44.18000030517578,44.189998626708984,16373,0.0,0.0
2024-10-11 15:05:00-04:00,44.209999084472656,44.220001220703125,44.189998626708984,44.20000076293945,17259,0.0,0.0
2024-10-11 15:10:00-04:00,44.20000076293945,44.20000076293945,44.04999923706055,44.095001220703125,39479,0.0,0.0
2024-10-11 15:15:00-04:00,44.095001220703125,44.099998474121094,44.01499938964844,44.01499938964844,32927,0.0,0.0
2024-10-11 15:20:00-04:00,44.02000045776367,44.029998779296875,43.95000076293945,43.959999084472656,33886,0.0,0.0
2024-10-11 15:25:00-04:00,43.95000076293945,43.970001220703125,43.849998474121094,43.849998474121094,42846,0.0,0.0
2024-10-11 15:30:00-04:00,43.86000061035156,43.90999984741211,43.849998474121094,43.904998779296875,40380,0.0,0.0
2024-10-11 15:35:00-04:00,43.90999984741211,43.93000030517578,43.869998931884766,43.900001525878906,40535,0.0,0.0
2024-10-11 15:40:00-04:00,43.900001525878906,43.93000030517578,43.834999084472656,43.85499954223633,44466,0.0,0.0
2024-10-11 15:45:00-04:00,43.849998474121094,43.91999816894531,43.849998474121094,43.915000915527344,57441,0.0,0.0
2024-10-11 15:50:00-04:00,43.91999816894531,44.220001220703125,43.91999816894531,44.18000030517578,118670,0.0,0.0
2024-10-11 15:55:00-04:00,44.17499923706055,44.209999084472656,44.040000915527344,44.040000915527344,295814,0.0,0.0
2024-10-14 09:30:00-04:00,44.915000915527344,44.915000915527344,44.349998474121094,44.744998931884766,39110,0.0,0.0
2024-10-14 09:35:00-04:00,44.744998931884766,44.744998931884766,44.41999816894531,44.470001220703125,11131,0.0,0.0
2024-10-14 09:40:00-04:00,44.46500015258789,44.56999969482422,44.380001068115234,44.51499938964844,10726,0.0,0.0
2024-10-14 09:45:00-04:00,44.50236129760742,44.78499984741211,44.50236129760742,44.775001525878906,9714,0.0,0.0
2024-10-14 09:50:00-04:00,44.77000045776367,44.84000015258789,44.584999084472656,44.630001068115234,14050,0.0,0.0
2024-10-14 09:55:00-04:00,44.720001220703125,44.810001373291016,44.619998931884766,44.75,18493,0.0,0.0
2024-10-14 10:00:00-04:00,44.779998779296875,44.92499923706055,44.75,44.779998779296875,15636,0.0,0.0
2024-10-14 10:05:00-04:00,44.79999923706055,44.81999969482422,44.689998626708984,44.73500061035156,12338,0.0,0.0
2024-10-14 10:10:00-04:00,44.73500061035156,44.73500061035156,44.650001525878906,44.709999084472656,26466,0.0,0.0
2024-10-14 10:15:00-04:00,44.73500061035156,44.7400016784668,44.5,44.5,14630,0.0,0.0
2024-10-14 10:20:00-04:00,44.4900016784668,44.61000061035156,44.4900016784668,44.540000915527344,10177,0.0,0.0
2024-10-14 10:25:00-04:00,44.540000915527344,44.6150016784668,44.53499984741211,44.599998474121094,22605,0.0,0.0
2024-10-14 10:30:00-04:00,44.599998474121094,44.709999084472656,44.540000915527344,44.65999984741211,20501,0.0,0.0
2024-10-14 10:35:00-04:00,44.66999816894531,44.724998474121094,44.66709899902344,44.720001220703125,16038,0.0,0.0
2024-10-14 10:40:00-04:00,44.709999084472656,44.75,44.709999084472656,44.75,7637,0.0,0.0
2024-10-14 10:45:00-04:00,44.7400016784668,44.779998779296875,44.70000076293945,44.720001220703125,11088,0.0,0.0
2024-10-14 10:50:00-04:00,44.709999084472656,44.79999923706055,44.70000076293945,44.790000915527344,17490,0.0,0.0
2024-10-14 10:55:00-04:00,44.790000915527344,44.79999923706055,44.7400016784668,44.79999923706055,12201,0.0,0.0
2024-10-14 11:00:00-04:00,44.79999923706055,44.79999923706055,44.720001220703125,44.7400016784668,20380,0.0,0.0
2024-10-14 11:05:00-04:00,44.720001220703125,44.90999984741211,44.720001220703125,44.8650016784668,8736,0.0,0.0
2024-10-14 11:10:00-04:00,44.875,44.93000030517578,44.81999969482422,44.8849983215332,15935,0.0,0.0
2024-10-14 11:15:00-04:00,44.89500045776367,44.970001220703125,44.849998474121094,44.849998474121094,9238,0.0,0.0
2024-10-14 11:20:00-04:00,44.849998474121094,44.869998931884766,44.78499984741211,44.790000915527344,13358,0.0,0.0
2024-10-14 11:25:00-04:00,44.779998779296875,44.834999084472656,44.75,44.834999084472656,16105,0.0,0.0
2024-10-14 11:30:00-04:00,44.84000015258789,44.84000015258789,44.7400016784668,44.77000045776367,14860,0.0,0.0
2024-10-14 11:35:00-04:00,44.77000045776367,44.83000183105469,44.76499938964844,44.83000183105469,17569,0.0,0.0
2024-10-14 11:40:00-04:00,44.834999084472656,44.875,44.834999084472656,44.869998931884766,7389,0.0,0.0
2024-10-14 11:45:00-04:00,44.869998931884766,44.880001068115234,44.84000015258789,44.84000015258789,7342,0.0,0.0
2024-10-14 11:50:00-04:00,44.86000061035156,44.88999938964844,44.850101470947266,44.869998931884766,8112,0.0,0.0
2024-10-14 11:55:00-04:00,44.8650016784668,45.0099983215332,44.8650016784668,45.0099983215332,17668,0.0,0.0
2024-10-14 12:00:00-04:00,45.0099983215332,45.09000015258789,45.0099983215332,45.09000015258789,24436,0.0,0.0
2024-10-14 12:05:00-04:00,45.09000015258789,45.150001525878906,45.06999969482422,45.13999938964844,17829,0.0,0.0
2024-10-14 12:10:00-04:00,45.150001525878906,45.22999954223633,45.150001525878906,45.212501525878906,22567,0.0,0.0
2024-10-14 12:15:00-04:00,45.21500015258789,45.220001220703125,45.1349983215332,45.1349983215332,18265,0.0,0.0
2024-10-14 12:20:00-04:00,45.150001525878906,45.220001220703125,45.150001525878906,45.189998626708984,16631,0.0,0.0
2024-10-14 12:25:00-04:00,45.189998626708984,45.20000076293945,45.16999816894531,45.19499969482422,9611,0.0,0.0
2024-10-14 12:30:00-04:00,45.19499969482422,45.23500061035156,45.189998626708984,45.21500015258789,20484,0.0,0.0
2024-10-14 12:35:00-04:00,45.21500015258789,45.25,45.20000076293945,45.209999084472656,17980,0.0,0.0
2024-10-14 12:40:00-04:00,45.21500015258789,45.244998931884766,45.209999084472656,45.2400016784668,9134,0.0,0.0
2024-10-14 12:45:00-04:00,45.2400016784668,45.26499938964844,45.22999954223633,45.26499938964844,9323,0.0,0.0
2024-10-14 12:50:00-04:00,45.2599983215332,45.310001373291016,45.255001068115234,45.27000045776367,12230,0.0,0.0
2024-10-14 12:55:00-04:00,45.275001525878906,45.29499816894531,45.2599983215332,45.2599983215332,14742,0.0,0.0
2024-10-14 13:00:00-04:00,45.26499938964844,45.26499938964844,45.220001220703125,45.25,12612,0.0,0.0
2024-10-14 13:05:00-04:00,45.25,45.25,45.15999984741211,45.189998626708984,38531,0.0,0.0
2024-10-14 13:10:00-04:00,45.185001373291016,45.209999084472656,45.17499923706055,45.20000076293945,14901,0.0,0.0
2024-10-14 13:15:00-04:00,45.20000076293945,45.224998474121094,45.189998626708984,45.209999084472656,21934,0.0,0.0
2024-10-14 13:20:00-04:00,45.209999084472656,45.2400016784668,45.154998779296875,45.2400016784668,16484,0.0,0.0
2024-10-14 13:25:00-04:00,45.22999954223633,45.29999923706055,45.22999954223633,45.279998779296875,8607,0.0,0.0
2024-10-14 13:30:00-04:00,45.27080154418945,45.275001525878906,45.150001525878906,45.150001525878906,22627,0.0,0.0
2024-10-14 13:35:00-04:00,45.14500045776367,45.18000030517578,45.08000183105469,45.18000030517578,15644,0.0,0.0
2024-10-14 13:40:00-04:00,45.18000030517578,45.27000045776367,45.18000030517578,45.25,15567,0.0,0.0
2024-10-14 13:45:00-04:00,45.25,45.2599983215332,45.2400016784668,45.2599983215332,12251,0.0,0.0
2024-10-14 13:50:00-04:00,45.26499938964844,45.310001373291016,45.244998931884766,45.279998779296875,14313,0.0,0.0
2024-10-14 13:55:00-04:00,45.279998779296875,45.29999923706055,45.279998779296875,45.29999923706055,10106,0.0,0.0
2024-10-14 14:00:00-04:00,45.290000915527344,45.290000915527344,45.209999084472656,45.224998474121094,11742,0.0,0.0
2024-10-14 14:05:00-04:00,45.22999954223633,45.275001525878906,45.22999954223633,45.26499938964844,23366,0.0,0.0
2024-10-14 14:10:00-04:00,45.27000045776367,45.290000915527344,45.2400016784668,45.2599983215332,15739,0.0,0.0
2024-10-14 14:15:00-04:00,45.27000045776367,45.29999923706055,45.189998626708984,45.189998626708984,25928,0.0,0.0
2024-10-14 14:20:00-04:00,45.189998626708984,45.22999954223633,45.16999816894531,45.22999954223633,10537,0.0,0.0
2024-10-14 14:25:00-04:00,45.2400016784668,45.2400016784668,45.224998474121094,45.224998474121094,6020,0.0,0.0
2024-10-14 14:30:00-04:00,45.224998474121094,45.244998931884766,45.220001220703125,45.244998931884766,10828,0.0,0.0
2024-10-14 14:35:00-04:00,45.244998931884766,45.255001068115234,45.2400016784668,45.2400016784668,10558,0.0,0.0
2024-10-14 14:40:00-04:00,45.23500061035156,45.279998779296875,45.22999954223633,45.2599983215332,15868,0.0,0.0
2024-10-14 14:45:00-04:00,45.255001068115234,45.255001068115234,45.23500061035156,45.2400016784668,12098,0.0,0.0
2024-10-14 14:50:00-04:00,45.2400016784668,45.25,45.220001220703125,45.224998474121094,12018,0.0,0.0
2024-10-14 14:55:00-04:00,45.220001220703125,45.220001220703125,45.14500045776367,45.20000076293945,26095,0.0,0.0
2024-10-14 15:00:00-04:00,45.20000076293945,45.22999954223633,45.18000030517578,45.220699310302734,23595,0.0,0.0
2024-10-14 15:05:00-04:00,45.220001220703125,45.26499938964844,45.220001220703125,45.2400016784668,29237,0.0,0.0
2024-10-14 15:10:00-04:00,45.2400016784668,45.279998779296875,45.224998474121094,45.26499938964844,14434,0.0,0.0
2024-10-14 15:15:00-04:00,45.2599983215332,45.279998779296875,45.23500061035156,45.279998779296875,14257,0.0,0.0
2024-10-14 15:20:00-04:00,45.279998779296875,45.29999923706055,45.27000045776367,45.275001525878906,19768,0.0,0.0
2024-10-14 15:25:00-04:00,45.279998779296875,45.29999923706055,45.2599983215332,45.279998779296875,16752,0.0,0.0
2024-10-14 15:30:00-04:00,45.275001525878906,45.29999923706055,45.27000045776367,45.290000915527344,16408,0.0,0.0
2024-10-14 15:35:00-04:00,45.29499816894531,45.32500076293945,45.29499816894531,45.29499816894531,25518,0.0,0.0
2024-10-14 15:40:00-04:00,45.29499816894531,45.31999969482422,45.29499816894531,45.30500030517578,20419,0.0,0.0
2024-10-14 15:45:00-04:00,45.29999923706055,45.349998474121094,45.27000045776367,45.275001525878906,44996,0.0,0.0
2024-10-14 15:50:00-04:00,45.27000045776367,45.380001068115234,45.255001068115234,45.334999084472656,89519,0.0,0.0
2024-10-14 15:55:00-04:00,45.334999084472656,45.40999984741211,45.27000045776367,45.27000045776367,164911,0.0,0.0
2024-10-15 09:30:00-04:00,45.18000030517578,45.40999984741211,45.06999969482422,45.189998626708984,11558,0.0,0.0
2024-10-15 09:35:00-04:00,45.349998474121094,45.459999084472656,45.220001220703125,45.3849983215332,5550,0.0,0.0
2024-10-15 09:40:00-04:00,45.40999984741211,45.540000915527344,45.2599983215332,45.334999084472656,12292,0.0,0.0
2024-10-15 09:45:00-04:00,45.369998931884766,45.45000076293945,45.36000061035156,45.400001525878906,9150,0.0,0.0
2024-10-15 09:50:00-04:00,45.36000061035156,45.36000061035156,45.22999954223633,45.26499938964844,4721,0.0,0.0
2024-10-15 09:55:00-04:00,45.290000915527344,45.41999816894531,45.27000045776367,45.404998779296875,26674,0.0,0.0
2024-10-15 10:00:00-04:00,45.404998779296875,45.61000061035156,45.38999938964844,45.599998474121094,34824,0.0,0.0
2024-10-15 10:05:00-04:00,45.58000183105469,45.650001525878906,45.52000045776367,45.64500045776367,12226,0.0,0.0
2024-10-15 10:10:00-04:00,45.65999984741211,45.83000183105469,45.625,45.7599983215332,30888,0.0,0.0
2024-10-15 10:15:00-04:00,45.76499938964844,45.900001525878906,45.76499938964844,45.900001525878906,15893,0.0,0.0
2024-10-15 10:20:00-04:00,45.900001525878906,45.92499923706055,45.80500030517578,45.86000061035156,30989,0.0,0.0
2024-10-15 10:25:00-04:00,45.849998474121094,45.869998931884766,45.779998779296875,45.810001373291016,38151,0.0,0.0
2024-10-15 10:30:00-04:00,45.810001373291016,45.8650016784668,45.67499923706055,45.709999084472656,94731,0.0,0.0
2024-10-15 10:35:00-04:00,45.709999084472656,45.709999084472656,45.54499816894531,45.57500076293945,19205,0.0,0.0
2024-10-15 10:40:00-04:00,45.57500076293945,45.814998626708984,45.57500076293945,45.72999954223633,22702,0.0,0.0
2024-10-15 10:45:00-04:00,45.724998474121094,45.82500076293945,45.685001373291016,45.82500076293945,19160,0.0,0.0
2024-10-15 10:50:00-04:00,45.814998626708984,45.880001068115234,45.709999084472656,45.869998931884766,18461,0.0,0.0
2024-10-15 10:55:00-04:00,45.869998931884766,45.88999938964844,45.7400016784668,45.814998626708984,20704,0.0,0.0
2024-10-15 11:00:00-04:00,45.810001373291016,45.85499954223633,45.75,45.84000015258789,29103,0.0,0.0
2024-10-15 11:05:00-04:00,45.845001220703125,45.880001068115234,45.81999969482422,45.875,22591,0.0,0.0
2024-10-15 11:10:00-04:00,45.86000061035156,45.86000061035156,45.790000915527344,45.81999969482422,36438,0.0,0.0
2024-10-15 11:15:00-04:00,45.83000183105469,45.900001525878906,45.83000183105469,45.900001525878906,15142,0.0,0.0
2024-10-15 11:20:00-04:00,45.90999984741211,45.93000030517578,45.880001068115234,45.91999816894531,12429,0.0,0.0
2024-10-15 11:25:00-04:00,45.90999984741211,45.97999954223633,45.90999984741211,45.97999954223633,17028,0.0,0.0
2024-10-15 11:30:00-04:00,45.9734992980957,46.047000885009766,45.9734992980957,46.0099983215332,15891,0.0,0.0
2024-10-15 11:35:00-04:00,46.0,46.05500030517578,46.0,46.0,22022,0.0,0.0
2024-10-15 11:40:00-04:00,46.0,46.10499954223633,46.0,46.04999923706055,14597,0.0,0.0
2024-10-15 11:45:00-04:00,46.040000915527344,46.040000915527344,45.959999084472656,46.0099983215332,15382,0.0,0.0
2024-10-15 11:50:00-04:00,46.0099983215332,46.040000915527344,46.0099983215332,46.0099983215332,16899,0.0,0.0
2024-10-15 11:55:00-04:00,46.01499938964844,46.029998779296875,45.95000076293945,45.95000076293945,24388,0.0,0.0
2024-10-15 12:00:00-04:00,45.95000076293945,45.959999084472656,45.88999938964844,45.90999984741211,12531,0.0,0.0
2024-10-15 12:05:00-04:00,45.91999816894531,45.974998474121094,45.90999984741211,45.970001220703125,12539,0.0,0.0
2024-10-15 12:10:00-04:00,45.970001220703125,45.97999954223633,45.939998626708984,45.97999954223633,15529,0.0,0.0
2024-10-15 12:15:00-04:00,45.97999954223633,46.029998779296875,45.959999084472656,46.029998779296875,22785,0.0,0.0
2024-10-15 12:20:00-04:00,46.029998779296875,46.029998779296875,45.970001220703125,46.0,12016,0.0,0.0
2024-10-15 12:25:00-04:00,46.0099983215332,46.040000915527344,45.98500061035156,46.0,12458,0.0,0.0
2024-10-15 12:30:00-04:00,46.0099983215332,46.029998779296875,45.9900016784668,46.02000045776367,12834,0.0,0.0
2024-10-15 12:35:00-04:00,46.02000045776367,46.04999923706055,45.98500061035156,46.0099983215332,11868,0.0,0.0
2024-10-15 12:40:00-04:00,46.0099983215332,46.0099983215332,45.915000915527344,45.95500183105469,10445,0.0,0.0
2024-10-15 12:45:00-04:00,45.959999084472656,45.970001220703125,45.875,45.93000030517578,13159,0.0,0.0
2024-10-15 12:50:00-04:00,45.91999816894531,45.97999954223633,45.904998779296875,45.93000030517578,21755,0.0,0.0
2024-10-15 12:55:00-04:00,45.93000030517578,45.93000030517578,45.86000061035156,45.8650016784668,10976,0.0,0.0
2024-10-15 13:00:00-04:00,45.869998931884766,45.869998931884766,45.7599983215332,45.775001525878906,17154,0.0,0.0
2024-10-15 13:05:00-04:00,45.775001525878906,45.779998779296875,45.68000030517578,45.70000076293945,8596,0.0,0.0
2024-10-15 13:10:00-04:00,45.70000076293945,45.70000076293945,45.61000061035156,45.689998626708984,15902,0.0,0.0
2024-10-15 13:15:00-04:00,45.689998626708984,45.689998626708984,45.625,45.64500045776367,8152,0.0,0.0
2024-10-15 13:20:00-04:00,45.630001068115234,45.66999816894531,45.625,45.665000915527344,6682,0.0,0.0
2024-10-15 13:25:00-04:00,45.665000915527344,45.70000076293945,45.63999938964844,45.68000030517578,11395,0.0,0.0
2024-10-15 13:30:00-04:00,45.68000030517578,45.70500183105469,45.63999938964844,45.650001525878906,7241,0.0,0.0
2024-10-15 13:35:00-04:00,45.63999938964844,45.68000030517578,45.63999938964844,45.68000030517578,5655,0.0,0.0
2024-10-15 13:40:00-04:00,45.68000030517578,45.709999084472656,45.68000030517578,45.70000076293945,11057,0.0,0.0
2024-10-15 13:45:00-04:00,45.69499969482422,45.720001220703125,45.689998626708984,45.69499969482422,12361,0.0,0.0
2024-10-15 13:50:00-04:00,45.69499969482422,45.69499969482422,45.654998779296875,45.67499923706055,9482,0.0,0.0
2024-10-15 13:55:00-04:00,45.665000915527344,45.665000915527344,45.630001068115234,45.64500045776367,12387,0.0,0.0
2024-10-15 14:00:00-04:00,45.63999938964844,45.744998931884766,45.619998931884766,45.720001220703125,14851,0.0,0.0
2024-10-15 14:05:00-04:00,45.72999954223633,45.744998931884766,45.70000076293945,45.70000076293945,12223,0.0,0.0
2024-10-15 14:10:00-04:00,45.70500183105469,45.70500183105469,45.6150016784668,45.650001525878906,9530,0.0,0.0
2024-10-15 14:15:00-04:00,45.650001525878906,45.650001525878906,45.52000045776367,45.56999969482422,10981,0.0,0.0
2024-10-15 14:20:00-04:00,45.56999969482422,45.639801025390625,45.56999969482422,45.639801025390625,12491,0.0,0.0
2024-10-15 14:25:00-04:00,45.63999938964844,45.65999984741211,45.54999923706055,45.58000183105469,12192,0.0,0.0
2024-10-15 14:30:00-04:00,45.58000183105469,45.599998474121094,45.54999923706055,45.54999923706055,9484,0.0,0.0
2024-10-15 14:35:00-04:00,45.529998779296875,45.55699920654297,45.525001525878906,45.529998779296875,9732,0.0,0.0
2024-10-15 14:40:00-04:00,45.540000915527344,45.54999923706055,45.529998779296875,45.54999923706055,10056,0.0,0.0
2024-10-15 14:45:00-04:00,45.54999923706055,45.56999969482422,45.5,45.505001068115234,7596,0.0,0.0
2024-10-15 14:50:00-04:00,45.5099983215332,45.55500030517578,45.4900016784668,45.53499984741211,9240,0.0,0.0
2024-10-15 14:55:00-04:00,45.53499984741211,45.54999923706055,45.4900016784668,45.5099983215332,10961,0.0,0.0
2024-10-15 15:00:00-04:00,45.52000045776367,45.52000045776367,45.439998626708984,45.439998626708984,13802,0.0,0.0
2024-10-15 15:05:00-04:00,45.39500045776367,45.439998626708984,45.375,45.41999816894531,15239,0.0,0.0
2024-10-15 15:10:00-04:00,45.45000076293945,45.529998779296875,45.43000030517578,45.459999084472656,13629,0.0,0.0
2024-10-15 15:15:00-04:00,45.470001220703125,45.48500061035156,45.459999084472656,45.48500061035156,11037,0.0,0.0
2024-10-15 15:20:00-04:00,45.4900016784668,45.529998779296875,45.4900016784668,45.5099983215332,12376,0.0,0.0
2024-10-15 15:25:00-04:00,45.52000045776367,45.560001373291016,45.40999984741211,45.40999984741211,17139,0.0,0.0
2024-10-15 15:30:00-04:00,45.38999938964844,45.400001525878906,45.290000915527344,45.310001373291016,18466,0.0,0.0
2024-10-15 15:35:00-04:00,45.30500030517578,45.334999084472656,45.2599983215332,45.31999969482422,18036,0.0,0.0
2024-10-15 15:40:00-04:00,45.314998626708984,45.369998931884766,45.314998626708984,45.334999084472656,21107,0.0,0.0
2024-10-15 15:45:00-04:00,45.334999084472656,45.36000061035156,45.32500076293945,45.345001220703125,32612,0.0,0.0
2024-10-15 15:50:00-04:00,45.36000061035156,45.369998931884766,45.19499969482422,45.314998626708984,66242,0.0,0.0
2024-10-15 15:55:00-04:00,45.310001373291016,45.33000183105469,45.189998626708984,45.209999084472656,148410,0.0,0.0
2024-10-16 09:30:00-04:00,46.13999938964844,46.150001525878906,45.66999816894531,45.952999114990234,31389,0.0,0.0
2024-10-16 09:35:00-04:00,45.79999923706055,45.939998626708984,45.73500061035156,45.779998779296875,17271,0.0,0.0
2024-10-16 09:40:00-04:00,45.77899932861328,46.15999984741211,45.77899932861328,46.15999984741211,18947,0.0,0.0
2024-10-16 09:45:00-04:00,46.119998931884766,46.5,46.06999969482422,46.5,41670,0.0,0.0
2024-10-16 09:50:00-04:00,46.435001373291016,46.56999969482422,46.400001525878906,46.5099983215332,83838,0.0,0.0
2024-10-16 09:55:00-04:00,46.5099983215332,46.599998474121094,46.47999954223633,46.54999923706055,55582,0.0,0.0
2024-10-16 10:00:00-04:00,46.529998779296875,46.54999923706055,46.40999984741211,46.54999923706055,26687,0.0,0.0
2024-10-16 10:05:00-04:00,46.540000915527344,46.665000915527344,46.5099983215332,46.630001068115234,32382,0.0,0.0
2024-10-16 10:10:00-04:00,46.61000061035156,46.689998626708984,46.564998626708984,46.59000015258789,25819,0.0,0.0
2024-10-16 10:15:00-04:00,46.635501861572266,46.635501861572266,46.46500015258789,46.46500015258789,12754,0.0,0.0
2024-10-16 10:20:00-04:00,46.435001373291016,46.435001373291016,46.22999954223633,46.244998931884766,9900,0.0,0.0
2024-10-16 10:25:00-04:00,46.2400016784668,46.400001525878906,46.209999084472656,46.369998931884766,13506,0.0,0.0
2024-10-16 10:30:00-04:00,46.334999084472656,46.404998779296875,46.31999969482422,46.404998779296875,6686,0.0,0.0
2024-10-16 10:35:00-04:00,46.404998779296875,46.435001373291016,46.290000915527344,46.30500030517578,14385,0.0,0.0
2024-10-16 10:40:00-04:00,46.290000915527344,46.36000061035156,46.27000045776367,46.334999084472656,34338,0.0,0.0
2024-10-16 10:45:00-04:00,46.33000183105469,46.40999984741211,46.310001373291016,46.334999084472656,8131,0.0,0.0
2024-10-16 10:50:00-04:00,46.34000015258789,46.41999816894531,46.34000015258789,46.400001525878906,7008,0.0,0.0
2024-10-16 10:55:00-04:00,46.400001525878906,46.40999984741211,46.310001373291016,46.369998931884766,10106,0.0,0.0
2024-10-16 11:00:00-04:00,46.38999938964844,46.38999938964844,46.310001373291016,46.31999969482422,4245,0.0,0.0
2024-10-16 11:05:00-04:00,46.33660125732422,46.34000015258789,46.290000915527344,46.31999969482422,12154,0.0,0.0
2024-10-16 11:10:00-04:00,46.29999923706055,46.349998474121094,46.290000915527344,46.349998474121094,6642,0.0,0.0
2024-10-16 11:15:00-04:00,46.34000015258789,46.369998931884766,46.33000183105469,46.34000015258789,6106,0.0,0.0
2024-10-16 11:20:00-04:00,46.34000015258789,46.369998931884766,46.290000915527344,46.310001373291016,7916,0.0,0.0
2024-10-16 11:25:00-04:00,46.29999923706055,46.310001373291016,46.20000076293945,46.310001373291016,32119,0.0,0.0
2024-10-16 11:30:00-04:00,46.31999969482422,46.33000183105469,46.25,46.255001068115234,7769,0.0,0.0
2024-10-16 11:35:00-04:00,46.2599983215332,46.290000915527344,46.2400016784668,46.279998779296875,5334,0.0,0.0
2024-10-16 11:40:00-04:00,46.297000885009766,46.29999923706055,46.22999954223633,46.27000045776367,5257,0.0,0.0
2024-10-16 11:45:00-04:00,46.26499938964844,46.26499938964844,46.09000015258789,46.150001525878906,7792,0.0,0.0
2024-10-16 11:50:00-04:00,46.16999816894531,46.189998626708984,46.150001525878906,46.16999816894531,6433,0.0,0.0
2024-10-16 11:55:00-04:00,46.209999084472656,46.2599983215332,46.209999084472656,46.2599983215332,9737,0.0,0.0
2024-10-16 12:00:00-04:00,46.27000045776367,46.310001373291016,46.26499938964844,46.29999923706055,7171,0.0,0.0
2024-10-16 12:05:00-04:00,46.310001373291016,46.33000183105469,46.290000915527344,46.32500076293945,8575,0.0,0.0
2024-10-16 12:10:00-04:00,46.33000183105469,46.349998474121094,46.31999969482422,46.33000183105469,4959,0.0,0.0
2024-10-16 12:15:00-04:00,46.334999084472656,46.334999084472656,46.290000915527344,46.32500076293945,8406,0.0,0.0
2024-10-16 12:20:00-04:00,46.33000183105469,46.33000183105469,46.290000915527344,46.290000915527344,3465,0.0,0.0
2024-10-16 12:25:00-04:00,46.30500030517578,46.349998474121094,46.30500030517578,46.34000015258789,6814,0.0,0.0
2024-10-16 12:30:00-04:00,46.34000015258789,46.36000061035156,46.33000183105469,46.349998474121094,8552,0.0,0.0
2024-10-16 12:35:00-04:00,46.34000015258789,46.38999938964844,46.34000015258789,46.369998931884766,5192,0.0,0.0
2024-10-16 12:40:00-04:00,46.369998931884766,46.380001068115234,46.36000061035156,46.36000061035156,5170,0.0,0.0
2024-10-16 12:45:00-04:00,46.3650016784668,46.369998931884766,46.334999084472656,46.345001220703125,5102,0.0,0.0
2024-10-16 12:50:00-04:00,46.334999084472656,46.36000061035156,46.33000183105469,46.36000061035156,7975,0.0,0.0
2024-10-16 12:55:00-04:00,46.345001220703125,46.38999938964844,46.290000915527344,46.30500030517578,10600,0.0,0.0
2024-10-16 13:00:00-04:00,46.31999969482422,46.31999969482422,46.26499938964844,46.290000915527344,10274,0.0,0.0
2024-10-16 13:05:00-04:00,46.290000915527344,46.290000915527344,46.22999954223633,46.23500061035156,4993,0.0,0.0
2024-10-16 13:10:00-04:00,46.23500061035156,46.26499938964844,46.18000030517578,46.185001373291016,12053,0.0,0.0
2024-10-16 13:15:00-04:00,46.185001373291016,46.22999954223633,46.185001373291016,46.209999084472656,6180,0.0,0.0
2024-10-16 13:20:00-04:00,46.20500183105469,46.27000045776367,46.189998626708984,46.23500061035156,7845,0.0,0.0
2024-10-16 13:25:00-04:00,46.25,46.290000915527344,46.2400016784668,46.2400016784668,11357,0.0,0.0
2024-10-16 13:30:00-04:00,46.244998931884766,46.290000915527344,46.244998931884766,46.28499984741211,6599,0.0,0.0
2024-10-16 13:35:00-04:00,46.290000915527344,46.29999923706055,46.2400016784668,46.275001525878906,12404,0.0,0.0
2024-10-16 13:40:00-04:00,46.279998779296875,46.33000183105469,46.279998779296875,46.33000183105469,8774,0.0,0.0
2024-10-16 13:45:00-04:00,46.33000183105469,46.36000061035156,46.31999969482422,46.35499954223633,10656,0.0,0.0
2024-10-16 13:50:00-04:00,46.35499954223633,46.369998931884766,46.33000183105469,46.34000015258789,6580,0.0,0.0
2024-10-16 13:55:00-04:00,46.34000015258789,46.369998931884766,46.33000183105469,46.369998931884766,10967,0.0,0.0
2024-10-16 14:00:00-04:00,46.36000061035156,46.36000061035156,46.33000183105469,46.349998474121094,7543,0.0,0.0
2024-10-16 14:05:00-04:00,46.36000061035156,46.36000061035156,46.33000183105469,46.36000061035156,11209,0.0,0.0
2024-10-16 14:10:00-04:00,46.349998474121094,46.369998931884766,46.310001373291016,46.36130142211914,13112,0.0,0.0
2024-10-16 14:15:00-04:00,46.369998931884766,46.43000030517578,46.369998931884766,46.40999984741211,10138,0.0,0.0
2024-10-16 14:20:00-04:00,46.41999816894531,46.470001220703125,46.41999816894531,46.45000076293945,15641,0.0,0.0
2024-10-16 14:25:00-04:00,46.459999084472656,46.459999084472656,46.40999984741211,46.43000030517578,7866,0.0,0.0
2024-10-16 14:30:00-04:00,46.43000030517578,46.43000030517578,46.34000015258789,46.3650016784668,7743,0.0,0.0
2024-10-16 14:35:00-04:00,46.380001068115234,46.38999938964844,46.310001373291016,46.310001373291016,7125,0.0,0.0
2024-10-16 14:40:00-04:00,46.310001373291016,46.36000061035156,46.310001373291016,46.34000015258789,9320,0.0,0.0
2024-10-16 14:45:00-04:00,46.33000183105469,46.349998474121094,46.31999969482422,46.34000015258789,9704,0.0,0.0
2024-10-16 14:50:00-04:00,46.34000015258789,46.34000015258789,46.27000045776367,46.279998779296875,9839,0.0,0.0
2024-10-16 14:55:00-04:00,46.279998779296875,46.290000915527344,46.25,46.25,10478,0.0,0.0
2024-10-16 15:00:00-04:00,46.2400016784668,46.244998931884766,46.189998626708984,46.220001220703125,9176,0.0,0.0
2024-10-16 15:05:00-04:00,46.220001220703125,46.244998931884766,46.189998626708984,46.209999084472656,14619,0.0,0.0
2024-10-16 15:10:00-04:00,46.220001220703125,46.2400016784668,46.16999816894531,46.17499923706055,8579,0.0,0.0
2024-10-16 15:15:00-04:00,46.18000030517578,46.19499969482422,46.15999984741211,46.189998626708984,13463,0.0,0.0
2024-10-16 15:20:00-04:00,46.189998626708984,46.255001068115234,46.16999816894531,46.25,22840,0.0,0.0
2024-10-16 15:25:00-04:00,46.2400016784668,46.2400016784668,46.185001373291016,46.209999084472656,25333,0.0,0.0
2024-10-16 15:30:00-04:00,46.20000076293945,46.27000045776367,46.189998626708984,46.27000045776367,24179,0.0,0.0
2024-10-16 15:35:00-04:00,46.275001525878906,46.32500076293945,46.27000045776367,46.29999923706055,12422,0.0,0.0
2024-10-16 15:40:00-04:00,46.29999923706055,46.31999969482422,46.290000915527344,46.314998626708984,24557,0.0,0.0
2024-10-16 15:45:00-04:00,46.314998626708984,46.34000015258789,46.29999923706055,46.33000183105469,46397,0.0,0.0
2024-10-16 15:50:00-04:00,46.33000183105469,46.439998626708984,46.33000183105469,46.369998931884766,70666,0.0,0.0
2024-10-16 15:55:00-04:00,46.349998474121094,46.380001068115234,46.314998626708984,46.349998474121094,176146,0.0,0.0
2024-10-17 09:30:00-04:00,46.65999984741211,46.90999984741211,46.45000076293945,46.650001525878906,19720,0.0,0.0
2024-10-17 09:35:00-04:00,46.529998779296875,46.665000915527344,46.400001525878906,46.665000915527344,22424,0.0,0.0
2024-10-17 09:40:00-04:00,46.63999938964844,47.005001068115234,46.63999938964844,47.005001068115234,5078,0.0,0.0
2024-10-17 09:45:00-04:00,46.95000076293945,46.95000076293945,46.650001525878906,46.650001525878906,5503,0.0,0.0
2024-10-17 09:50:00-04:00,46.66999816894531,46.73500061035156,46.650001525878906,46.650001525878906,4028,0.0,0.0
2024-10-17 09:55:00-04:00,46.6349983215332,46.64500045776367,46.400001525878906,46.470001220703125,29370,0.0,0.0
2024-10-17 10:00:00-04:00,46.5099983215332,46.525001525878906,46.310001373291016,46.310001373291016,22648,0.0,0.0
2024-10-17 10:05:00-04:00,46.349998474121094,46.349998474121094,46.189998626708984,46.189998626708984,2515,0.0,0.0
2024-10-17 10:10:00-04:00,46.119998931884766,46.209999084472656,46.119998931884766,46.130001068115234,22684,0.0,0.0
2024-10-17 10:15:00-04:00,46.125,46.125,45.970001220703125,46.10499954223633,9480,0.0,0.0
2024-10-17 10:20:00-04:00,46.06999969482422,46.16999816894531,46.060001373291016,46.125,7350,0.0,0.0
2024-10-17 10:25:00-04:00,46.10499954223633,46.11000061035156,45.84000015258789,45.90999984741211,10931,0.0,0.0
2024-10-17 10:30:00-04:00,45.95000076293945,45.959999084472656,45.81999969482422,45.849998474121094,5613,0.0,0.0
2024-10-17 10:35:00-04:00,45.81999969482422,45.89500045776367,45.77000045776367,45.880001068115234,10651,0.0,0.0
2024-10-17 10:40:00-04:00,45.90999984741211,45.93000030517578,45.844398498535156,45.880001068115234,5859,0.0,0.0
2024-10-17 10:45:00-04:00,45.880001068115234,45.939998626708984,45.86000061035156,45.90999984741211,8245,0.0,0.0
2024-10-17 10:50:00-04:00,45.90999984741211,46.02000045776367,45.90999984741211,46.0,8054,0.0,0.0
2024-10-17 10:55:00-04:00,46.005001068115234,46.040000915527344,45.869998931884766,45.875,9619,0.0,0.0
2024-10-17 11:00:00-04:00,45.880001068115234,45.880001068115234,45.814998626708984,45.834999084472656,26224,0.0,0.0
2024-10-17 11:05:00-04:00,45.849998474121094,46.0,45.849998474121094,46.0,9490,0.0,0.0
2024-10-17 11:10:00-04:00,45.97999954223633,45.97999954223633,45.900001525878906,45.95500183105469,15190,0.0,0.0
2024-10-17 11:15:00-04:00,45.95000076293945,46.005001068115234,45.95000076293945,45.994998931884766,14759,0.0,0.0
2024-10-17 11:20:00-04:00,46.0,46.029998779296875,45.970001220703125,46.02000045776367,9267,0.0,0.0
2024-10-17 11:25:00-04:00,46.0099983215332,46.04499816894531,46.0,46.02000045776367,4875,0.0,0.0
2024-10-17 11:30:00-04:00,46.02000045776367,46.02000045776367,45.97999954223633,45.97999954223633,4467,0.0,0.0
2024-10-17 11:35:00-04:00,45.959999084472656,45.97999954223633,45.95000076293945,45.970001220703125,7359,0.0,0.0
2024-10-17 11:40:00-04:00,45.970001220703125,45.970001220703125,45.95000076293945,45.959999084472656,2555,0.0,0.0
2024-10-17 11:45:00-04:00,45.959999084472656,46.01499938964844,45.959999084472656,45.959999084472656,6293,0.0,0.0
2024-10-17 11:50:00-04:00,45.95500183105469,46.04999923706055,45.95500183105469,46.04999923706055,7681,0.0,0.0
2024-10-17 11:55:00-04:00,46.040000915527344,46.11000061035156,46.040000915527344,46.095001220703125,9007,0.0,0.0
2024-10-17 12:00:00-04:00,46.06999969482422,46.11000061035156,46.04999923706055,46.05500030517578,5609,0.0,0.0
2024-10-17 12:05:00-04:00,46.08000183105469,46.09000015258789,46.060001373291016,46.064998626708984,2444,0.0,0.0
2024-10-17 12:10:00-04:00,46.064998626708984,46.08000183105469,46.0099983215332,46.04499816894531,5045,0.0,0.0
2024-10-17 12:15:00-04:00,46.029998779296875,46.04999923706055,46.0099983215332,46.029998779296875,6069,0.0,0.0
2024-10-17 12:20:00-04:00,46.0099983215332,46.06999969482422,46.0099983215332,46.060001373291016,12129,0.0,0.0
2024-10-17 12:25:00-04:00,46.060001373291016,46.060001373291016,46.02000045776367,46.02000045776367,5267,0.0,0.0
2024-10-17 12:30:00-04:00,46.02000045776367,46.040000915527344,46.0,46.040000915527344,7180,0.0,0.0
2024-10-17 12:35:00-04:00,46.040000915527344,46.130001068115234,46.029998779296875,46.130001068115234,6050,0.0,0.0
2024-10-17 12:40:00-04:00,46.119998931884766,46.18000030517578,46.119998931884766,46.18000030517578,4605,0.0,0.0
2024-10-17 12:45:00-04:00,46.17499923706055,46.18130111694336,46.15999984741211,46.17499923706055,5231,0.0,0.0
2024-10-17 12:50:00-04:00,46.17499923706055,46.18000030517578,46.150001525878906,46.16999816894531,7908,0.0,0.0
2024-10-17 12:55:00-04:00,46.16999816894531,46.189998626708984,46.119998931884766,46.150001525878906,6870,0.0,0.0
2024-10-17 13:00:00-04:00,46.13999938964844,46.16999816894531,46.130001068115234,46.13999938964844,4828,0.0,0.0
2024-10-17 13:05:00-04:00,46.130001068115234,46.15999984741211,46.130001068115234,46.150001525878906,3500,0.0,0.0
2024-10-17 13:10:00-04:00,46.150001525878906,46.15999984741211,46.130001068115234,46.150001525878906,5108,0.0,0.0
2024-10-17 13:15:00-04:00,46.13999938964844,46.13999938964844,46.060001373291016,46.06999969482422,2612,0.0,0.0
2024-10-17 13:20:00-04:00,46.09000015258789,46.119998931884766,46.09000015258789,46.09000015258789,4564,0.0,0.0
2024-10-17 13:25:00-04:00,46.09000015258789,46.125,46.09000015258789,46.11000061035156,3802,0.0,0.0
2024-10-17 13:30:00-04:00,46.130001068115234,46.130001068115234,46.09000015258789,46.095001220703125,4425,0.0,0.0
2024-10-17 13:35:00-04:00,46.099998474121094,46.15999984741211,46.099998474121094,46.150001525878906,17089,0.0,0.0
2024-10-17 13:40:00-04:00,46.154998779296875,46.297000885009766,46.154998779296875,46.297000885009766,6240,0.0,0.0
2024-10-17 13:45:00-04:00,46.27000045776367,46.27000045776367,46.244998931884766,46.244998931884766,3983,0.0,0.0
2024-10-17 13:50:00-04:00,46.25,46.25,46.189998626708984,46.189998626708984,10424,0.0,0.0
2024-10-17 13:55:00-04:00,46.18000030517578,46.27000045776367,46.15999984741211,46.26499938964844,11776,0.0,0.0
2024-10-17 14:00:00-04:00,46.279998779296875,46.310001373291016,46.22999954223633,46.25,13679,0.0,0.0
2024-10-17 14:05:00-04:00,46.2599983215332,46.29999923706055,46.220001220703125,46.275001525878906,7780,0.0,0.0
2024-10-17 14:10:00-04:00,46.2400016784668,46.2400016784668,46.189998626708984,46.22999954223633,5402,0.0,0.0
2024-10-17 14:15:00-04:00,46.22999954223633,46.22999954223633,46.1349983215332,46.1349983215332,4631,0.0,0.0
2024-10-17 14:20:00-04:00,46.119998931884766,46.150001525878906,46.11000061035156,46.150001525878906,6394,0.0,0.0
2024-10-17 14:25:00-04:00,46.14500045776367,46.16999816894531,46.119998931884766,46.119998931884766,6001,0.0,0.0
2024-10-17 14:30:00-04:00,46.130001068115234,46.17499923706055,46.130001068115234,46.16999816894531,6082,0.0,0.0
2024-10-17 14:35:00-04:00,46.15999984741211,46.15999984741211,46.13999938964844,46.150001525878906,3175,0.0,0.0
2024-10-17 14:40:00-04:00,46.150001525878906,46.15999984741211,46.11000061035156,46.15999984741211,6989,0.0,0.0
2024-10-17 14:45:00-04:00,46.14099884033203,46.154998779296875,46.099998474121094,46.099998474121094,7063,0.0,0.0
2024-10-17 14:50:00-04:00,46.11800003051758,46.119998931884766,46.06999969482422,46.06999969482422,5092,0.0,0.0
2024-10-17 14:55:00-04:00,46.06999969482422,46.099998474121094,46.064998626708984,46.09000015258789,5140,0.0,0.0
2024-10-17 15:00:00-04:00,46.08000183105469,46.11000061035156,46.08000183105469,46.10499954223633,5382,0.0,0.0
2024-10-17 15:05:00-04:00,46.09000015258789,46.125,46.09000015258789,46.11000061035156,9078,0.0,0.0
2024-10-17 15:10:00-04:00,46.11000061035156,46.119998931884766,46.099998474121094,46.099998474121094,10815,0.0,0.0
2024-10-17 15:15:00-04:00,46.11000061035156,46.11000061035156,46.04999923706055,46.05500030517578,7863,0.0,0.0
2024-10-17 15:20:00-04:00,46.05500030517578,46.06999969482422,46.04999923706055,46.06999969482422,7625,0.0,0.0
2024-10-17 15:25:00-04:00,46.060001373291016,46.06999969482422,46.0099983215332,46.01499938964844,9854,0.0,0.0
2024-10-17 15:30:00-04:00,46.0099983215332,46.0099983215332,45.959999084472656,45.99150085449219,9152,0.0,0.0
2024-10-17 15:35:00-04:00,45.9900016784668,45.9900016784668,45.900001525878906,45.91999816894531,10160,0.0,0.0
2024-10-17 15:40:00-04:00,45.90999984741211,45.970001220703125,45.90999984741211,45.970001220703125,18989,0.0,0.0
2024-10-17 15:45:00-04:00,45.96900177001953,46.04999923706055,45.939998626708984,46.04499816894531,25943,0.0,0.0
2024-10-17 15:50:00-04:00,46.040000915527344,46.060001373291016,45.994998931884766,46.060001373291016,35554,0.0,0.0
2024-10-17 15:55:00-04:00,46.04999923706055,46.060001373291016,45.93000030517578,45.95000076293945,140717,0.0,0.0
2024-10-18 09:30:00-04:00,45.91999816894531,46.04999923706055,45.5099983215332,45.779998779296875,24175,0.0,0.0
2024-10-18 09:35:00-04:00,45.7599983215332,46.2400016784668,45.665000915527344,46.2400016784668,16020,0.0,0.0
2024-10-18 09:40:00-04:00,46.16999816894531,46.400001525878906,46.02000045776367,46.314998626708984,15433,0.0,0.0
2024-10-18 09:45:00-04:00,46.28499984741211,46.400001525878906,46.060001373291016,46.07500076293945,13850,0.0,0.0
2024-10-18 09:50:00-04:00,46.150001525878906,46.20000076293945,46.08000183105469,46.11000061035156,16086,0.0,0.0
2024-10-18 09:55:00-04:00,46.119998931884766,46.220001220703125,46.08110046386719,46.130001068115234,5866,0.0,0.0
2024-10-18 10:00:00-04:00,46.150001525878906,46.27000045776367,46.130001068115234,46.19499969482422,15532,0.0,0.0
2024-10-18 10:05:00-04:00,46.209999084472656,46.244998931884766,46.125,46.22999954223633,9433,0.0,0.0
2024-10-18 10:10:00-04:00,46.18000030517578,46.220001220703125,46.0099983215332,46.0099983215332,6999,0.0,0.0
2024-10-18 10:15:00-04:00,46.0099983215332,46.09000015258789,46.0,46.09000015258789,6573,0.0,0.0
2024-10-18 10:20:00-04:00,46.06999969482422,46.150001525878906,46.06999969482422,46.130001068115234,10839,0.0,0.0
2024-10-18 10:25:00-04:00,46.1150016784668,46.16999816894531,46.1150016784668,46.150001525878906,4256,0.0,0.0
2024-10-18 10:30:00-04:00,46.145999908447266,46.20000076293945,46.145999908447266,46.165000915527344,4848,0.0,0.0
2024-10-18 10:35:00-04:00,46.13999938964844,46.154998779296875,46.099998474121094,46.13999938964844,6101,0.0,0.0
2024-10-18 10:40:00-04:00,46.150001525878906,46.18000030517578,46.1349983215332,46.13999938964844,8545,0.0,0.0
2024-10-18 10:45:00-04:00,46.13999938964844,46.16999816894531,46.02000045776367,46.04999923706055,11746,0.0,0.0
2024-10-18 10:50:00-04:00,46.04249954223633,46.099998474121094,46.029998779296875,46.064998626708984,10450,0.0,0.0
2024-10-18 10:55:00-04:00,46.08000183105469,46.11000061035156,46.04999923706055,46.04999923706055,5915,0.0,0.0
2024-10-18 11:00:00-04:00,46.029998779296875,46.099998474121094,46.029998779296875,46.04999923706055,5163,0.0,0.0
2024-10-18 11:05:00-04:00,46.040000915527344,46.09000015258789,46.005001068115234,46.09000015258789,5146,0.0,0.0
2024-10-18 11:10:00-04:00,46.130001068115234,46.130001068115234,46.060001373291016,46.099998474121094,3608,0.0,0.0
2024-10-18 11:15:00-04:00,46.09000015258789,46.119998931884766,46.06999969482422,46.11000061035156,6575,0.0,0.0
2024-10-18 11:20:00-04:00,46.099998474121094,46.13999938964844,46.07500076293945,46.13999938964844,10459,0.0,0.0
2024-10-18 11:25:00-04:00,46.15999984741211,46.2599983215332,46.150001525878906,46.2599983215332,5124,0.0,0.0
2024-10-18 11:30:00-04:00,46.279998779296875,46.279998779296875,46.244998931884766,46.2599983215332,5761,0.0,0.0
2024-10-18 11:35:00-04:00,46.27000045776367,46.314998626708984,46.27000045776367,46.290000915527344,4690,0.0,0.0
2024-10-18 11:40:00-04:00,46.29999923706055,46.34000015258789,46.279998779296875,46.34000015258789,5794,0.0,0.0
2024-10-18 11:45:00-04:00,46.34000015258789,46.34000015258789,46.27000045776367,46.290000915527344,5863,0.0,0.0
2024-10-18 11:50:00-04:00,46.310001373291016,46.310001373291016,46.244998931884766,46.279998779296875,8768,0.0,0.0
2024-10-18 11:55:00-04:00,46.29999923706055,46.33000183105469,46.27000045776367,46.279998779296875,6599,0.0,0.0
2024-10-18 12:00:00-04:00,46.290000915527344,46.470001220703125,46.290000915527344,46.470001220703125,18031,0.0,0.0
2024-10-18 12:05:00-04:00,46.470001220703125,46.529998779296875,46.439998626708984,46.5099983215332,13429,0.0,0.0
2024-10-18 12:10:00-04:00,46.5099983215332,46.630001068115234,46.5099983215332,46.630001068115234,15406,0.0,0.0
2024-10-18 12:15:00-04:00,46.630001068115234,46.7400016784668,46.619998931884766,46.70000076293945,10887,0.0,0.0
2024-10-18 12:20:00-04:00,46.70000076293945,46.75,46.685001373291016,46.709999084472656,8760,0.0,0.0
2024-10-18 12:25:00-04:00,46.689998626708984,46.709999084472656,46.685001373291016,46.709999084472656,4302,0.0,0.0
2024-10-18 12:30:00-04:00,46.69499969482422,46.70000076293945,46.619998931884766,46.70000076293945,10526,0.0,0.0
2024-10-18 12:35:00-04:00,46.665000915527344,46.689998626708984,46.619998931884766,46.64500045776367,26224,0.0,0.0
2024-10-18 12:40:00-04:00,46.64500045776367,46.72999954223633,46.630001068115234,46.72999954223633,14343,0.0,0.0
2024-10-18 12:45:00-04:00,46.72999954223633,46.77000045776367,46.720001220703125,46.7599983215332,5127,0.0,0.0
2024-10-18 12:50:00-04:00,46.744998931884766,46.790000915527344,46.720001220703125,46.75,6515,0.0,0.0
2024-10-18 12:55:00-04:00,46.77000045776367,46.790000915527344,46.709999084472656,46.72999954223633,7071,0.0,0.0
2024-10-18 13:00:00-04:00,46.75,46.7599983215332,46.665000915527344,46.665000915527344,4802,0.0,0.0
2024-10-18 13:05:00-04:00,46.66999816894531,46.66999816894531,46.619998931884766,46.650001525878906,4760,0.0,0.0
2024-10-18 13:10:00-04:00,46.650001525878906,46.70000076293945,46.650001525878906,46.689998626708984,3278,0.0,0.0
2024-10-18 13:15:00-04:00,46.67499923706055,46.689998626708984,46.559200286865234,46.61000061035156,7731,0.0,0.0
2024-10-18 13:20:00-04:00,46.630001068115234,46.65999984741211,46.625,46.64500045776367,4722,0.0,0.0
2024-10-18 13:25:00-04:00,46.64500045776367,46.689998626708984,46.64500045776367,46.65999984741211,7509,0.0,0.0
2024-10-18 13:30:00-04:00,46.665000915527344,46.7599983215332,46.665000915527344,46.7599983215332,8223,0.0,0.0
2024-10-18 13:35:00-04:00,46.744998931884766,46.810001373291016,46.72999954223633,46.810001373291016,7107,0.0,0.0
2024-10-18 13:40:00-04:00,46.79999923706055,46.84000015258789,46.790000915527344,46.83000183105469,6860,0.0,0.0
2024-10-18 13:45:00-04:00,46.834999084472656,46.834999084472656,46.75,46.75,6486,0.0,0.0
2024-10-18 13:50:00-04:00,46.77000045776367,46.77000045776367,46.709999084472656,46.7400016784668,8957,0.0,0.0
2024-10-18 13:55:00-04:00,46.7400016784668,46.7599983215332,46.689998626708984,46.75,8474,0.0,0.0
2024-10-18 14:00:00-04:00,46.7599983215332,46.7599983215332,46.56999969482422,46.63999938964844,13832,0.0,0.0
2024-10-18 14:05:00-04:00,46.650001525878906,46.67449951171875,46.64500045776367,46.654998779296875,7825,0.0,0.0
2024-10-18 14:10:00-04:00,46.654998779296875,46.66999816894531,46.61000061035156,46.61000061035156,7914,0.0,0.0
2024-10-18 14:15:00-04:00,46.625,46.65999984741211,46.599998474121094,46.64500045776367,10036,0.0,0.0
2024-10-18 14:20:00-04:00,46.65999984741211,46.65999984741211,46.61000061035156,46.619998931884766,10886,0.0,0.0
2024-10-18 14:25:00-04:00,46.619998931884766,46.630001068115234,46.595001220703125,46.61000061035156,7209,0.0,0.0
2024-10-18 14:30:00-04:00,46.61000061035156,46.619998931884766,46.560001373291016,46.560001373291016,7817,0.0,0.0
2024-10-18 14:35:00-04:00,46.56999969482422,46.56999969482422,46.5,46.5,4371,0.0,0.0
2024-10-18 14:40:00-04:00,46.52000045776367,46.560001373291016,46.505001068115234,46.529998779296875,10169,0.0,0.0
2024-10-18 14:45:00-04:00,46.53499984741211,46.595001220703125,46.53499984741211,46.54999923706055,11316,0.0,0.0
2024-10-18 14:50:00-04:00,46.540000915527344,46.54999923706055,46.5099983215332,46.51499938964844,7209,0.0,0.0
2024-10-18 14:55:00-04:00,46.529998779296875,46.59000015258789,46.529998779296875,46.57500076293945,18452,0.0,0.0
2024-10-18 15:00:00-04:00,46.56999969482422,46.59000015258789,46.540000915527344,46.57500076293945,25950,0.0,0.0
2024-10-18 15:05:00-04:00,46.57500076293945,46.650001525878906,46.540000915527344,46.63999938964844,25031,0.0,0.0
2024-10-18 15:10:00-04:00,46.650001525878906,46.65999984741211,46.59000015258789,46.619998931884766,20412,0.0,0.0
2024-10-18 15:15:00-04:00,46.63999938964844,46.69499969482422,46.63999938964844,46.689998626708984,10186,0.0,0.0
2024-10-18 15:20:00-04:00,46.680999755859375,46.689998626708984,46.63999938964844,46.68000030517578,18589,0.0,0.0
2024-10-18 15:25:00-04:00,46.68000030517578,46.775001525878906,46.68000030517578,46.73500061035156,23419,0.0,0.0
2024-10-18 15:30:00-04:00,46.7400016784668,46.75,46.66999816894531,46.68000030517578,22073,0.0,0.0
2024-10-18 15:35:00-04:00,46.68000030517578,46.880001068115234,46.66999816894531,46.875,26192,0.0,0.0
2024-10-18 15:40:00-04:00,46.86000061035156,46.869998931884766,46.79999923706055,46.810001373291016,36397,0.0,0.0
2024-10-18 15:45:00-04:00,46.79999923706055,46.814998626708984,46.7400016784668,46.7400016784668,36647,0.0,0.0
2024-10-18 15:50:00-04:00,46.72999954223633,46.75,46.6609992980957,46.7400016784668,56045,0.0,0.0
2024-10-18 15:55:00-04:00,46.7400016784668,46.79999923706055,46.720001220703125,46.7400016784668,155659,0.0,0.0
2024-10-21 09:30:00-04:00,46.529998779296875,46.630001068115234,46.099998474121094,46.470001220703125,13577,0.0,0.0
2024-10-21 09:35:00-04:00,46.619998931884766,46.709999084472656,46.470001220703125,46.55500030517578,4896,0.0,0.0
2024-10-21 09:40:00-04:00,46.55500030517578,46.75,46.54999923706055,46.560001373291016,5368,0.0,0.0
2024-10-21 09:45:00-04:00,46.57509994506836,46.75,46.57500076293945,46.75,3779,0.0,0.0
2024-10-21 09:50:00-04:00,46.71500015258789,46.810001373291016,46.66999816894531,46.68000030517578,7055,0.0,0.0
2024-10-21 09:55:00-04:00,46.66999816894531,46.7599983215332,46.654998779296875,46.65999984741211,22872,0.0,0.0
2024-10-21 10:00:00-04:00,46.654998779296875,46.790000915527344,46.654998779296875,46.709999084472656,16103,0.0,0.0
2024-10-21 10:05:00-04:00,46.70000076293945,46.70000076293945,46.45000076293945,46.45000076293945,12127,0.0,0.0
2024-10-21 10:10:00-04:00,46.4900016784668,46.4900016784668,46.314998626708984,46.375,46088,0.0,0.0
2024-10-21 10:15:00-04:00,46.380001068115234,46.415000915527344,46.349998474121094,46.369998931884766,16276,0.0,0.0
2024-10-21 10:20:00-04:00,46.400001525878906,46.400001525878906,46.34000015258789,46.349998474121094,8262,0.0,0.0
2024-10-21 10:25:00-04:00,46.349998474121094,46.369998931884766,46.279998779296875,46.290000915527344,18076,0.0,0.0
2024-10-21 10:30:00-04:00,46.28499984741211,46.29999923706055,46.27000045776367,46.29999923706055,10494,0.0,0.0
2024-10-21 10:35:00-04:00,46.28499984741211,46.334999084472656,46.25,46.290000915527344,20431,0.0,0.0
2024-10-21 10:40:00-04:00,46.290000915527344,46.290000915527344,46.224998474121094,46.2599983215332,9687,0.0,0.0
2024-10-21 10:45:00-04:00,46.255001068115234,46.255001068115234,46.189998626708984,46.220001220703125,49602,0.0,0.0
2024-10-21 10:50:00-04:00,46.224998474121094,46.25,46.16999816894531,46.22999954223633,20220,0.0,0.0
2024-10-21 10:55:00-04:00,46.22999954223633,46.279998779296875,46.18000030517578,46.279998779296875,10471,0.0,0.0
2024-10-21 11:00:00-04:00,46.27000045776367,46.27000045776367,46.09000015258789,46.14500045776367,7331,0.0,0.0
2024-10-21 11:05:00-04:00,46.1349983215332,46.1349983215332,45.9900016784668,45.9900016784668,5615,0.0,0.0
2024-10-21 11:10:00-04:00,46.005001068115234,46.10499954223633,46.005001068115234,46.060001373291016,8961,0.0,0.0
2024-10-21 11:15:00-04:00,46.060001373291016,46.08000183105469,45.994998931884766,46.04999923706055,7279,0.0,0.0
2024-10-21 11:20:00-04:00,46.040000915527344,46.040000915527344,45.95500183105469,45.970001220703125,4668,0.0,0.0
2024-10-21 11:25:00-04:00,45.978878021240234,46.0099983215332,45.974998474121094,46.0099983215332,4452,0.0,0.0
2024-10-21 11:30:00-04:00,45.9900016784668,45.9900016784668,45.939998626708984,45.9900016784668,5418,0.0,0.0
2024-10-21 11:35:00-04:00,45.98500061035156,46.029998779296875,45.939998626708984,46.029998779296875,4186,0.0,0.0
2024-10-21 11:40:00-04:00,46.040000915527344,46.09000015258789,46.040000915527344,46.06999969482422,4171,0.0,0.0
2024-10-21 11:45:00-04:00,46.08000183105469,46.084999084472656,46.04999923706055,46.060001373291016,2916,0.0,0.0
2024-10-21 11:50:00-04:00,46.07500076293945,46.07500076293945,46.0099983215332,46.025001525878906,4039,0.0,0.0
2024-10-21 11:55:00-04:00,46.02000045776367,46.064998626708984,46.02000045776367,46.040000915527344,4903,0.0,0.0
2024-10-21 12:00:00-04:00,46.029998779296875,46.040000915527344,45.880001068115234,45.880001068115234,8044,0.0,0.0
2024-10-21 12:05:00-04:00,45.880001068115234,45.880001068115234,45.84000015258789,45.84000015258789,4143,0.0,0.0
2024-10-21 12:10:00-04:00,45.84000015258789,45.85499954223633,45.810001373291016,45.810001373291016,11605,0.0,0.0
2024-10-21 12:15:00-04:00,45.810001373291016,45.88999938964844,45.810001373291016,45.88999938964844,7629,0.0,0.0
2024-10-21 12:20:00-04:00,45.900001525878906,45.91999816894531,45.88999938964844,45.88999938964844,5133,0.0,0.0
2024-10-21 12:25:00-04:00,45.93000030517578,45.970001220703125,45.91999816894531,45.96500015258789,5881,0.0,0.0
2024-10-21 12:30:00-04:00,45.96500015258789,46.0,45.96500015258789,46.0,2963,0.0,0.0
2024-10-21 12:35:00-04:00,46.0099983215332,46.0099983215332,45.959999084472656,45.96500015258789,4273,0.0,0.0
2024-10-21 12:40:00-04:00,45.96500015258789,45.970001220703125,45.939998626708984,45.959999084472656,3681,0.0,0.0
2024-10-21 12:45:00-04:00,45.959999084472656,45.959999084472656,45.939998626708984,45.939998626708984,4142,0.0,0.0
2024-10-21 12:50:00-04:00,45.93000030517578,45.9900016784668,45.93000030517578,45.9900016784668,5366,0.0,0.0
2024-10-21 12:55:00-04:00,46.01499938964844,46.09000015258789,46.01499938964844,46.09000015258789,20019,0.0,0.0
2024-10-21 13:00:00-04:00,46.09000015258789,46.150001525878906,46.04999923706055,46.099998474121094,15655,0.0,0.0
2024-10-21 13:05:00-04:00,46.08000183105469,46.119998931884766,46.08000183105469,46.119998931884766,4352,0.0,0.0
2024-10-21 13:10:00-04:00,46.125,46.15999984741211,46.125,46.13999938964844,4277,0.0,0.0
2024-10-21 13:15:00-04:00,46.13999938964844,46.209999084472656,46.09000015258789,46.16999816894531,14632,0.0,0.0
2024-10-21 13:20:00-04:00,46.16999816894531,46.203800201416016,46.15999984741211,46.18000030517578,9467,0.0,0.0
2024-10-21 13:25:00-04:00,46.18000030517578,46.20000076293945,46.15999984741211,46.18000030517578,3964,0.0,0.0
2024-10-21 13:30:00-04:00,46.18000030517578,46.185001373291016,46.15999984741211,46.18000030517578,3603,0.0,0.0
2024-10-21 13:35:00-04:00,46.189998626708984,46.209999084472656,46.150001525878906,46.150001525878906,6972,0.0,0.0
2024-10-21 13:40:00-04:00,46.14500045776367,46.15999984741211,46.10499954223633,46.119998931884766,4253,0.0,0.0
2024-10-21 13:45:00-04:00,46.130001068115234,46.1349983215332,46.099998474121094,46.119998931884766,2965,0.0,0.0
2024-10-21 13:50:00-04:00,46.130001068115234,46.150001525878906,46.130001068115234,46.150001525878906,3160,0.0,0.0
2024-10-21 13:55:00-04:00,46.150001525878906,46.220001220703125,46.150001525878906,46.20500183105469,5918,0.0,0.0
2024-10-21 14:00:00-04:00,46.20000076293945,46.20000076293945,46.09000015258789,46.09000015258789,4370,0.0,0.0
2024-10-21 14:05:00-04:00,46.09000015258789,46.09000015258789,46.0,46.0,4690,0.0,0.0
2024-10-21 14:10:00-04:00,46.0,46.01499938964844,45.90999984741211,45.90999984741211,2563,0.0,0.0
2024-10-21 14:15:00-04:00,45.91999816894531,45.97999954223633,45.91999816894531,45.97999954223633,3131,0.0,0.0
2024-10-21 14:20:00-04:00,45.9900016784668,46.02000045776367,45.91999816894531,45.970001220703125,6523,0.0,0.0
2024-10-21 14:25:00-04:00,45.959999084472656,45.9900016784668,45.959999084472656,45.97999954223633,3575,0.0,0.0
2024-10-21 14:30:00-04:00,45.97999954223633,46.0,45.95000076293945,45.9900016784668,6670,0.0,0.0
2024-10-21 14:35:00-04:00,45.9900016784668,45.9900016784668,45.900001525878906,45.900001525878906,6605,0.0,0.0
2024-10-21 14:40:00-04:00,45.90999984741211,45.93000030517578,45.900001525878906,45.915000915527344,5146,0.0,0.0
2024-10-21 14:45:00-04:00,45.900001525878906,45.95000076293945,45.869998931884766,45.95000076293945,7720,0.0,0.0
2024-10-21 14:50:00-04:00,45.939998626708984,45.94029998779297,45.93000030517578,45.939998626708984,3547,0.0,0.0
2024-10-21 14:55:00-04:00,45.93000030517578,46.005001068115234,45.91999816894531,46.005001068115234,12190,0.0,0.0
2024-10-21 15:00:00-04:00,46.0099983215332,46.06999969482422,46.0099983215332,46.04999923706055,8662,0.0,0.0
2024-10-21 15:05:00-04:00,46.04999923706055,46.099998474121094,46.04999923706055,46.099998474121094,8924,0.0,0.0
2024-10-21 15:10:00-04:00,46.099998474121094,46.13999938964844,46.099998474121094,46.130001068115234,7882,0.0,0.0
2024-10-21 15:15:00-04:00,46.130001068115234,46.18000030517578,46.130001068115234,46.150001525878906,8795,0.0,0.0
2024-10-21 15:20:00-04:00,46.15999984741211,46.165000915527344,46.14500045776367,46.150001525878906,10792,0.0,0.0
2024-10-21 15:25:00-04:00,46.150001525878906,46.16999816894531,46.064998626708984,46.09000015258789,14716,0.0,0.0
2024-10-21 15:30:00-04:00,46.09000015258789,46.13999938964844,46.0099983215332,46.13999938964844,27885,0.0,0.0
2024-10-21 15:35:00-04:00,46.150001525878906,46.165000915527344,46.1349983215332,46.165000915527344,22236,0.0,0.0
2024-10-21 15:40:00-04:00,46.16999816894531,46.20000076293945,46.15999984741211,46.16999816894531,27852,0.0,0.0
2024-10-21 15:45:00-04:00,46.185001373291016,46.22999954223633,46.15999984741211,46.21500015258789,28812,0.0,0.0
2024-10-21 15:50:00-04:00,46.20000076293945,46.209999084472656,46.060001373291016,46.125,72490,0.0,0.0
2024-10-21 15:55:00-04:00,46.125,46.125,46.029998779296875,46.099998474121094,131172,0.0,0.0
2024-10-22 09:30:00-04:00,45.7400016784668,45.97999954223633,45.45000076293945,45.7599983215332,13811,0.0,0.0
2024-10-22 09:35:00-04:00,45.93000030517578,45.97999954223633,45.744998931884766,45.77000045776367,3329,0.0,0.0
2024-10-22 09:40:00-04:00,45.7400016784668,45.75,45.4900016784668,45.75,7259,0.0,0.0
2024-10-22 09:45:00-04:00,45.70000076293945,45.7400016784668,45.56999969482422,45.63999938964844,5937,0.0,0.0
2024-10-22 09:50:00-04:00,45.63999938964844,45.75,45.33000183105469,45.75,8125,0.0,0.0
2024-10-22 09:55:00-04:00,45.68000030517578,45.7599983215332,45.63999938964844,45.75,6235,0.0,0.0
2024-10-22 10:00:00-04:00,45.709999084472656,45.810001373291016,45.59000015258789,45.689998626708984,42387,0.0,0.0
2024-10-22 10:05:00-04:00,45.689998626708984,45.75,45.650001525878906,45.67499923706055,25052,0.0,0.0
2024-10-22 10:10:00-04:00,45.67499923706055,45.72999954223633,45.599998474121094,45.60499954223633,25922,0.0,0.0
2024-10-22 10:15:00-04:00,45.595001220703125,45.619998931884766,45.470001220703125,45.470001220703125,28291,0.0,0.0
2024-10-22 10:20:00-04:00,45.4900016784668,45.5099983215332,45.372501373291016,45.3849983215332,17678,0.0,0.0
2024-10-22 10:25:00-04:00,45.369998931884766,45.54999923706055,45.345001220703125,45.540000915527344,12956,0.0,0.0
2024-10-22 10:30:00-04:00,45.52000045776367,45.630001068115234,45.5099983215332,45.599998474121094,23640,0.0,0.0
2024-10-22 10:35:00-04:00,45.599998474121094,45.66999816894531,45.59000015258789,45.6150016784668,4965,0.0,0.0
2024-10-22 10:40:00-04:00,45.56999969482422,45.59000015258789,45.529998779296875,45.540000915527344,7268,0.0,0.0
2024-10-22 10:45:00-04:00,45.54999923706055,45.630001068115234,45.54999923706055,45.630001068115234,4704,0.0,0.0
2024-10-22 10:50:00-04:00,45.619998931884766,45.63999938964844,45.56999969482422,45.599998474121094,8970,0.0,0.0
2024-10-22 10:55:00-04:00,45.619998931884766,45.65999984741211,45.599998474121094,45.63999938964844,11642,0.0,0.0
2024-10-22 11:00:00-04:00,45.619998931884766,45.630001068115234,45.58000183105469,45.599998474121094,4143,0.0,0.0
2024-10-22 11:05:00-04:00,45.61000061035156,45.63999938964844,45.560001373291016,45.560001373291016,4273,0.0,0.0
2024-10-22 11:10:00-04:00,45.5547981262207,45.61000061035156,45.534000396728516,45.61000061035156,4952,0.0,0.0
2024-10-22 11:15:00-04:00,45.619998931884766,45.64500045776367,45.61000061035156,45.64500045776367,6849,0.0,0.0
2024-10-22 11:20:00-04:00,45.630001068115234,45.630001068115234,45.599998474121094,45.599998474121094,3441,0.0,0.0
2024-10-22 11:25:00-04:00,45.599998474121094,45.6150016784668,45.540000915527344,45.599998474121094,6455,0.0,0.0
2024-10-22 11:30:00-04:00,45.61199951171875,45.63999938964844,45.61000061035156,45.63999938964844,2264,0.0,0.0
2024-10-22 11:35:00-04:00,45.630001068115234,45.689998626708984,45.61000061035156,45.630001068115234,5950,0.0,0.0
2024-10-22 11:40:00-04:00,45.650001525878906,45.65999984741211,45.625,45.625,3078,0.0,0.0
2024-10-22 11:45:00-04:00,45.625,45.63999938964844,45.599998474121094,45.6349983215332,4540,0.0,0.0
2024-10-22 11:50:00-04:00,45.6349983215332,45.70000076293945,45.6349983215332,45.65999984741211,3722,0.0,0.0
2024-10-22 11:55:00-04:00,45.65999984741211,45.65999984741211,45.654998779296875,45.654998779296875,1985,0.0,0.0
2024-10-22 12:00:00-04:00,45.63999938964844,45.650001525878906,45.630001068115234,45.630001068115234,3977,0.0,0.0
2024-10-22 12:05:00-04:00,45.6349983215332,45.63999938964844,45.595699310302734,45.60499954223633,6103,0.0,0.0
2024-10-22 12:10:00-04:00,45.619998931884766,45.66999816894531,45.619998931884766,45.65999984741211,7038,0.0,0.0
2024-10-22 12:15:00-04:00,45.68000030517578,45.68000030517578,45.650001525878906,45.650001525878906,3977,0.0,0.0
2024-10-22 12:20:00-04:00,45.66999816894531,45.724998474121094,45.65999984741211,45.709999084472656,8043,0.0,0.0
2024-10-22 12:25:00-04:00,45.65999984741211,45.720001220703125,45.65999984741211,45.720001220703125,11270,0.0,0.0
2024-10-22 12:30:00-04:00,45.72999954223633,45.744998931884766,45.724998474121094,45.744998931884766,2094,0.0,0.0
2024-10-22 12:35:00-04:00,45.7400016784668,45.75,45.70000076293945,45.75,9279,0.0,0.0
2024-10-22 12:40:00-04:00,45.75,45.75,45.702301025390625,45.709999084472656,2846,0.0,0.0
2024-10-22 12:45:00-04:00,45.72999954223633,45.7599983215332,45.72999954223633,45.72999954223633,18440,0.0,0.0
2024-10-22 12:50:00-04:00,45.744998931884766,45.779998779296875,45.7400016784668,45.7400016784668,7483,0.0,0.0
2024-10-22 12:55:00-04:00,45.75,45.779998779296875,45.720001220703125,45.75,6647,0.0,0.0
2024-10-22 13:00:00-04:00,45.75,45.75,45.709999084472656,45.7400016784668,2503,0.0,0.0
2024-10-22 13:05:00-04:00,45.7400016784668,45.7400016784668,45.709999084472656,45.709999084472656,3952,0.0,0.0
2024-10-22 13:10:00-04:00,45.720001220703125,45.75,45.720001220703125,45.720001220703125,8495,0.0,0.0
2024-10-22 13:15:00-04:00,45.72999954223633,45.7400016784668,45.70000076293945,45.7400016784668,6543,0.0,0.0
2024-10-22 13:20:00-04:00,45.709999084472656,45.72999954223633,45.709999084472656,45.72999954223633,1009,0.0,0.0
2024-10-22 13:25:00-04:00,45.72999954223633,45.7400016784668,45.72999954223633,45.7400016784668,6343,0.0,0.0
2024-10-22 13:30:00-04:00,45.72999954223633,45.7400016784668,45.709999084472656,45.72999954223633,9924,0.0,0.0
2024-10-22 13:35:00-04:00,45.72999954223633,45.7599983215332,45.720001220703125,45.75,8699,0.0,0.0
2024-10-22 13:40:00-04:00,45.75,45.77989959716797,45.72999954223633,45.747798919677734,2934,0.0,0.0
2024-10-22 13:45:00-04:00,45.7400016784668,45.81999969482422,45.7400016784668,45.779998779296875,12434,0.0,0.0
2024-10-22 13:50:00-04:00,45.779998779296875,45.79999923706055,45.7400016784668,45.779998779296875,13035,0.0,0.0
2024-10-22 13:55:00-04:00,45.77000045776367,45.810001373291016,45.7599983215332,45.7599983215332,11933,0.0,0.0
2024-10-22 14:00:00-04:00,45.75,45.81999969482422,45.7400016784668,45.81999969482422,9004,0.0,0.0
2024-10-22 14:05:00-04:00,45.83000183105469,45.84000015258789,45.790000915527344,45.790000915527344,4914,0.0,0.0
2024-10-22 14:10:00-04:00,45.810001373291016,45.88999938964844,45.80590057373047,45.88999938964844,6683,0.0,0.0
2024-10-22 14:15:00-04:00,45.880001068115234,45.93000030517578,45.86000061035156,45.915000915527344,7901,0.0,0.0
2024-10-22 14:20:00-04:00,45.93000030517578,46.0,45.91999816894531,45.98500061035156,5945,0.0,0.0
2024-10-22 14:25:00-04:00,45.98500061035156,46.0,45.970001220703125,45.9900016784668,6090,0.0,0.0
2024-10-22 14:30:00-04:00,46.0,46.029998779296875,45.974998474121094,45.98500061035156,9263,0.0,0.0
2024-10-22 14:35:00-04:00,45.98500061035156,45.98500061035156,45.93000030517578,45.942501068115234,7570,0.0,0.0
2024-10-22 14:40:00-04:00,45.94499969482422,45.94499969482422,45.834999084472656,45.900001525878906,14941,0.0,0.0
2024-10-22 14:45:00-04:00,45.90999984741211,45.939998626708984,45.88999938964844,45.90999984741211,10445,0.0,0.0
2024-10-22 14:50:00-04:00,45.91999816894531,45.95000076293945,45.900001525878906,45.93000030517578,4382,0.0,0.0
2024-10-22 14:55:00-04:00,45.91999816894531,45.91999816894531,45.845001220703125,45.845001220703125,15493,0.0,0.0
2024-10-22 15:00:00-04:00,45.849998474121094,45.86000061035156,45.790000915527344,45.84000015258789,12679,0.0,0.0
2024-10-22 15:05:00-04:00,45.849998474121094,45.86000061035156,45.779998779296875,45.779998779296875,6110,0.0,0.0
2024-10-22 15:10:00-04:00,45.779998779296875,45.790000915527344,45.75,45.75,8102,0.0,0.0
2024-10-22 15:15:00-04:00,45.77000045776367,45.84000015258789,45.77000045776367,45.83000183105469,11054,0.0,0.0
2024-10-22 15:20:00-04:00,45.83000183105469,45.84000015258789,45.79999923706055,45.801998138427734,6776,0.0,0.0
2024-10-22 15:25:00-04:00,45.810001373291016,45.84000015258789,45.790000915527344,45.84000015258789,15139,0.0,0.0
2024-10-22 15:30:00-04:00,45.84000015258789,45.84000015258789,45.790000915527344,45.79999923706055,9854,0.0,0.0
2024-10-22 15:35:00-04:00,45.790000915527344,45.79999923706055,45.755001068115234,45.7599983215332,17995,0.0,0.0
2024-10-22 15:40:00-04:00,45.755001068115234,45.755001068115234,45.709999084472656,45.72999954223633,14623,0.0,0.0
2024-10-22 15:45:00-04:00,45.7400016784668,45.7400016784668,45.540000915527344,45.55500030517578,40888,0.0,0.0
2024-10-22 15:50:00-04:00,45.54999923706055,45.58000183105469,45.4900016784668,45.53499984741211,67360,0.0,0.0
2024-10-22 15:55:00-04:00,45.529998779296875,45.54999923706055,45.459999084472656,45.5,152130,0.0,0.0
2024-10-23 09:30:00-04:00,45.15999984741211,45.42499923706055,45.060001373291016,45.09000015258789,51109,0.0,0.0
2024-10-23 09:35:00-04:00,45.13750076293945,45.310001373291016,45.130001068115234,45.130001068115234,1605,0.0,0.0
2024-10-23 09:40:00-04:00,45.209999084472656,45.310001373291016,45.11000061035156,45.244998931884766,6119,0.0,0.0
2024-10-23 09:45:00-04:00,45.2400016784668,45.415000915527344,45.2400016784668,45.404998779296875,2853,0.0,0.0
2024-10-23 09:50:00-04:00,45.41999816894531,45.42499923706055,45.2599983215332,45.310001373291016,3737,0.0,0.0
2024-10-23 09:55:00-04:00,45.314998626708984,45.314998626708984,45.224998474121094,45.224998474121094,7286,0.0,0.0
2024-10-23 10:00:00-04:00,45.18000030517578,45.22999954223633,44.93000030517578,45.124000549316406,24406,0.0,0.0
2024-10-23 10:05:00-04:00,45.125,45.125,44.9900016784668,44.9900016784668,6135,0.0,0.0
2024-10-23 10:10:00-04:00,44.959999084472656,44.9900016784668,44.86000061035156,44.86000061035156,12629,0.0,0.0
2024-10-23 10:15:00-04:00,44.86000061035156,44.959999084472656,44.86000061035156,44.939998626708984,8729,0.0,0.0
2024-10-23 10:20:00-04:00,44.959999084472656,45.01499938964844,44.935001373291016,45.0099983215332,9797,0.0,0.0
2024-10-23 10:25:00-04:00,45.0099983215332,45.310001373291016,45.0099983215332,45.310001373291016,25753,0.0,0.0
2024-10-23 10:30:00-04:00,45.310001373291016,45.31999969482422,45.15999984741211,45.20500183105469,13638,0.0,0.0
2024-10-23 10:35:00-04:00,45.22999954223633,45.375,45.22999954223633,45.375,10633,0.0,0.0
2024-10-23 10:40:00-04:00,45.38999938964844,45.400001525878906,45.349998474121094,45.369998931884766,8199,0.0,0.0
2024-10-23 10:45:00-04:00,45.3849983215332,45.43000030517578,45.36000061035156,45.375,7416,0.0,0.0
2024-10-23 10:50:00-04:00,45.369998931884766,45.435001373291016,45.2599983215332,45.279998779296875,6765,0.0,0.0
2024-10-23 10:55:00-04:00,45.290000915527344,45.30500030517578,45.25,45.25,9481,0.0,0.0
2024-10-23 11:00:00-04:00,45.244998931884766,45.290000915527344,45.209999084472656,45.279998779296875,7977,0.0,0.0
2024-10-23 11:05:00-04:00,45.279998779296875,45.279998779296875,45.20000076293945,45.20000076293945,4060,0.0,0.0
2024-10-23 11:10:00-04:00,45.20000076293945,45.20000076293945,44.970001220703125,45.02000045776367,8646,0.0,0.0
2024-10-23 11:15:00-04:00,45.040000915527344,45.040000915527344,44.9900016784668,45.0099983215332,3369,0.0,0.0
2024-10-23 11:20:00-04:00,44.9900016784668,45.025001525878906,44.97999954223633,44.97999954223633,4614,0.0,0.0
2024-10-23 11:25:00-04:00,44.970001220703125,44.9900016784668,44.95000076293945,44.970001220703125,4560,0.0,0.0
2024-10-23 11:30:00-04:00,44.959999084472656,45.08000183105469,44.91999816894531,45.08000183105469,8191,0.0,0.0
2024-10-23 11:35:00-04:00,45.099998474121094,45.27000045776367,45.099998474121094,45.220001220703125,17213,0.0,0.0
2024-10-23 11:40:00-04:00,45.220001220703125,45.26499938964844,45.220001220703125,45.26499938964844,4201,0.0,0.0
2024-10-23 11:45:00-04:00,45.25,45.25,45.18000030517578,45.224998474121094,4946,0.0,0.0
2024-10-23 11:50:00-04:00,45.18000030517578,45.18000030517578,45.1349983215332,45.150001525878906,5231,0.0,0.0
2024-10-23 11:55:00-04:00,45.154998779296875,45.209999084472656,45.154998779296875,45.19499969482422,4998,0.0,0.0
2024-10-23 12:00:00-04:00,45.209999084472656,45.29499816894531,45.18000030517578,45.18000030517578,7033,0.0,0.0
2024-10-23 12:05:00-04:00,45.18000030517578,45.18000030517578,45.130001068115234,45.150001525878906,5182,0.0,0.0
2024-10-23 12:10:00-04:00,45.16999816894531,45.16999816894531,45.099998474121094,45.11000061035156,2555,0.0,0.0
2024-10-23 12:15:00-04:00,45.099998474121094,45.11000061035156,45.040000915527344,45.040000915527344,5217,0.0,0.0
2024-10-23 12:20:00-04:00,45.06999969482422,45.06999969482422,44.97999954223633,45.025001525878906,4585,0.0,0.0
2024-10-23 12:25:00-04:00,45.029998779296875,45.06999969482422,45.0099983215332,45.01499938964844,4290,0.0,0.0
2024-10-23 12:30:00-04:00,45.0,45.07500076293945,44.959999084472656,45.06999969482422,9242,0.0,0.0
2024-10-23 12:35:00-04:00,45.084999084472656,45.1150016784668,45.08000183105469,45.08000183105469,3135,0.0,0.0
2024-10-23 12:40:00-04:00,45.09000015258789,45.10499954223633,45.084999084472656,45.09000015258789,4469,0.0,0.0
2024-10-23 12:45:00-04:00,45.10499954223633,45.14500045776367,45.10499954223633,45.130001068115234,4199,0.0,0.0
2024-10-23 12:50:00-04:00,45.11000061035156,45.125,45.06999969482422,45.07749938964844,3186,0.0,0.0
2024-10-23 12:55:00-04:00,45.08000183105469,45.119998931884766,45.060001373291016,45.08000183105469,6143,0.0,0.0
2024-10-23 13:00:00-04:00,45.04999923706055,45.060001373291016,44.95000076293945,44.959999084472656,7329,0.0,0.0
2024-10-23 13:05:00-04:00,44.959999084472656,45.005001068115234,44.91999816894531,44.970001220703125,4101,0.0,0.0
2024-10-23 13:10:00-04:00,44.970001220703125,44.97999954223633,44.90999984741211,44.92499923706055,5393,0.0,0.0
2024-10-23 13:15:00-04:00,44.92499923706055,44.970001220703125,44.90999984741211,44.939998626708984,4685,0.0,0.0
2024-10-23 13:20:00-04:00,44.93000030517578,44.93000030517578,44.88999938964844,44.91999816894531,4702,0.0,0.0
2024-10-23 13:25:00-04:00,44.91999816894531,44.97999954223633,44.91400146484375,44.97999954223633,4620,0.0,0.0
2024-10-23 13:30:00-04:00,44.97999954223633,44.9900016784668,44.95000076293945,44.959999084472656,5725,0.0,0.0
2024-10-23 13:35:00-04:00,44.939998626708984,44.97999954223633,44.939998626708984,44.94499969482422,4059,0.0,0.0
2024-10-23 13:40:00-04:00,44.9474983215332,45.040000915527344,44.92499923706055,44.9900016784668,32416,0.0,0.0
2024-10-23 13:45:00-04:00,45.0,45.06999969482422,44.97999954223633,45.06999969482422,13762,0.0,0.0
2024-10-23 13:50:00-04:00,45.08000183105469,45.08000183105469,44.994998931884766,44.994998931884766,6677,0.0,0.0
2024-10-23 13:55:00-04:00,45.0,45.005001068115234,44.95000076293945,44.959999084472656,6351,0.0,0.0
2024-10-23 14:00:00-04:00,44.95000076293945,44.970001220703125,44.869998931884766,44.869998931884766,15727,0.0,0.0
2024-10-23 14:05:00-04:00,44.849998474121094,44.849998474121094,44.77000045776367,44.790000915527344,12885,0.0,0.0
2024-10-23 14:10:00-04:00,44.77000045776367,44.77399826049805,44.650001525878906,44.650001525878906,4682,0.0,0.0
2024-10-23 14:15:00-04:00,44.63999938964844,44.63999938964844,44.59000015258789,44.619998931884766,4625,0.0,0.0
2024-10-23 14:20:00-04:00,44.619998931884766,44.73500061035156,44.619998931884766,44.720001220703125,7015,0.0,0.0
2024-10-23 14:25:00-04:00,44.75,44.78499984741211,44.7400016784668,44.77000045776367,3903,0.0,0.0
2024-10-23 14:30:00-04:00,44.77000045776367,44.900001525878906,44.77000045776367,44.86000061035156,8328,0.0,0.0
2024-10-23 14:35:00-04:00,44.869998931884766,44.93000030517578,44.869998931884766,44.90999984741211,9326,0.0,0.0
2024-10-23 14:40:00-04:00,44.90999984741211,44.935001373291016,44.880001068115234,44.89500045776367,5343,0.0,0.0
2024-10-23 14:45:00-04:00,44.900001525878906,44.93000030517578,44.88999938964844,44.900001525878906,7099,0.0,0.0
2024-10-23 14:50:00-04:00,44.90999984741211,44.90999984741211,44.84000015258789,44.849998474121094,5741,0.0,0.0
2024-10-23 14:55:00-04:00,44.849998474121094,44.93000030517578,44.849998474121094,44.91999816894531,11010,0.0,0.0
2024-10-23 15:00:00-04:00,44.91999816894531,44.94499969482422,44.915000915527344,44.935001373291016,10237,0.0,0.0
2024-10-23 15:05:00-04:00,44.93000030517578,44.97999954223633,44.91999816894531,44.97999954223633,6796,0.0,0.0
2024-10-23 15:10:00-04:00,44.97999954223633,45.03499984741211,44.97999954223633,45.02000045776367,6823,0.0,0.0
2024-10-23 15:15:00-04:00,45.02000045776367,45.02000045776367,44.959999084472656,44.9900016784668,7948,0.0,0.0
2024-10-23 15:20:00-04:00,44.9900016784668,45.01250076293945,44.9900016784668,45.0,9037,0.0,0.0
2024-10-23 15:25:00-04:00,45.0,45.029998779296875,44.959999084472656,44.959999084472656,11687,0.0,0.0
2024-10-23 15:30:00-04:00,44.959999084472656,45.06999969482422,44.93000030517578,45.060001373291016,19987,0.0,0.0
2024-10-23 15:35:00-04:00,45.04499816894531,45.11000061035156,45.04499816894531,45.095001220703125,14475,0.0,0.0
2024-10-23 15:40:00-04:00,45.095001220703125,45.189998626708984,45.095001220703125,45.189998626708984,20315,0.0,0.0
2024-10-23 15:45:00-04:00,45.19499969482422,45.19499969482422,45.11000061035156,45.1150016784668,22243,0.0,0.0
2024-10-23 15:50:00-04:00,45.11000061035156,45.189998626708984,45.09000015258789,45.17499923706055,35508,0.0,0.0
2024-10-23 15:55:00-04:00,45.17499923706055,45.29999923706055,45.150001525878906,45.220001220703125,100637,0.0,0.0
2024-10-24 09:30:00-04:00,45.45000076293945,45.68000030517578,45.189998626708984,45.189998626708984,12260,0.0,0.0
2024-10-24 09:35:00-04:00,45.21500015258789,45.38999938964844,45.20000076293945,45.279998779296875,2721,0.0,0.0
2024-10-24 09:40:00-04:00,45.209999084472656,45.290000915527344,45.165000915527344,45.165000915527344,9990,0.0,0.0
2024-10-24 09:45:00-04:00,45.15999984741211,45.349998474121094,45.08000183105469,45.349998474121094,8274,0.0,0.0
2024-10-24 09:50:00-04:00,45.40999984741211,45.56999969482422,45.400001525878906,45.54999923706055,7544,0.0,0.0
2024-10-24 09:55:00-04:00,45.52000045776367,45.60499954223633,45.52000045776367,45.56999969482422,4608,0.0,0.0
2024-10-24 10:00:00-04:00,45.54999923706055,45.56999969482422,45.439998626708984,45.470001220703125,6261,0.0,0.0
2024-10-24 10:05:00-04:00,45.470001220703125,45.564998626708984,45.470001220703125,45.529998779296875,5319,0.0,0.0
2024-10-24 10:10:00-04:00,45.56999969482422,45.59000015258789,45.400001525878906,45.400001525878906,7530,0.0,0.0
2024-10-24 10:15:00-04:00,45.36000061035156,45.41999816894531,45.31999969482422,45.40999984741211,6344,0.0,0.0
2024-10-24 10:20:00-04:00,45.40999984741211,45.5099983215332,45.380001068115234,45.505001068115234,5012,0.0,0.0
2024-10-24 10:25:00-04:00,45.52000045776367,45.54999923706055,45.43000030517578,45.470001220703125,8758,0.0,0.0
2024-10-24 10:30:00-04:00,45.47999954223633,45.52000045776367,45.43000030517578,45.52000045776367,6686,0.0,0.0
2024-10-24 10:35:00-04:00,45.47999954223633,45.47999954223633,45.439998626708984,45.459999084472656,1378,0.0,0.0
2024-10-24 10:40:00-04:00,45.459999084472656,45.52000045776367,45.459999084472656,45.459999084472656,7055,0.0,0.0
2024-10-24 10:45:00-04:00,45.470001220703125,45.470001220703125,45.34000015258789,45.375,3188,0.0,0.0
2024-10-24 10:50:00-04:00,45.349998474121094,45.349998474121094,45.26499938964844,45.28499984741211,2834,0.0,0.0
2024-10-24 10:55:00-04:00,45.29999923706055,45.404998779296875,45.29999923706055,45.404998779296875,2296,0.0,0.0
2024-10-24 11:00:00-04:00,45.43000030517578,45.46500015258789,45.3650016784668,45.3650016784668,6226,0.0,0.0
2024-10-24 11:05:00-04:00,45.34000015258789,45.349998474121094,45.290000915527344,45.34000015258789,3511,0.0,0.0
2024-10-24 11:10:00-04:00,45.32500076293945,45.400001525878906,45.32500076293945,45.39500045776367,3453,0.0,0.0
2024-10-24 11:15:00-04:00,45.349998474121094,45.369998931884766,45.33000183105469,45.33000183105469,4016,0.0,0.0
2024-10-24 11:20:00-04:00,45.314998626708984,45.314998626708984,45.22999954223633,45.29999923706055,4523,0.0,0.0
2024-10-24 11:25:00-04:00,45.30500030517578,45.310001373291016,45.270301818847656,45.270301818847656,2650,0.0,0.0
2024-10-24 11:30:00-04:00,45.27000045776367,45.279998779296875,45.209999084472656,45.25,5515,0.0,0.0
2024-10-24 11:35:00-04:00,45.2599983215332,45.27000045776367,45.2599983215332,45.2599983215332,1078,0.0,0.0
2024-10-24 11:40:00-04:00,45.255001068115234,45.255001068115234,45.20000076293945,45.20500183105469,3358,0.0,0.0
2024-10-24 11:45:00-04:00,45.209999084472656,45.22999954223633,45.150001525878906,45.150001525878906,8679,0.0,0.0
2024-10-24 11:50:00-04:00,45.150001525878906,45.18000030517578,45.130001068115234,45.18000030517578,4084,0.0,0.0
2024-10-24 11:55:00-04:00,45.189998626708984,45.20000076293945,45.189998626708984,45.189998626708984,1814,0.0,0.0
2024-10-24 12:00:00-04:00,45.15999984741211,45.189998626708984,45.130001068115234,45.189998626708984,9360,0.0,0.0
2024-10-24 12:05:00-04:00,45.16999816894531,45.25,45.119998931884766,45.25,26394,0.0,0.0
2024-10-24 12:10:00-04:00,45.275001525878906,45.369998931884766,45.275001525878906,45.3650016784668,5208,0.0,0.0
2024-10-24 12:15:00-04:00,45.3650016784668,45.400001525878906,45.3650016784668,45.375,4541,0.0,0.0
2024-10-24 12:20:00-04:00,45.36000061035156,45.439998626708984,45.36000061035156,45.41999816894531,4974,0.0,0.0
2024-10-24 12:25:00-04:00,45.43000030517578,45.46989822387695,45.43000030517578,45.46989822387695,3494,0.0,0.0
2024-10-24 12:30:00-04:00,45.43000030517578,45.5,45.43000030517578,45.4900016784668,8295,0.0,0.0
2024-10-24 12:35:00-04:00,45.5099983215332,45.52000045776367,45.47999954223633,45.5099983215332,10013,0.0,0.0
2024-10-24 12:40:00-04:00,45.52000045776367,45.52000045776367,45.470001220703125,45.5099983215332,3564,0.0,0.0
2024-10-24 12:45:00-04:00,45.529998779296875,45.540000915527344,45.5099983215332,45.540000915527344,4099,0.0,0.0
2024-10-24 12:50:00-04:00,45.52000045776367,45.54999923706055,45.5099983215332,45.540000915527344,3443,0.0,0.0
2024-10-24 12:55:00-04:00,45.560001373291016,45.595001220703125,45.560001373291016,45.56999969482422,3458,0.0,0.0
2024-10-24 13:00:00-04:00,45.54999923706055,45.61000061035156,45.54999923706055,45.58000183105469,847,0.0,0.0
2024-10-24 13:05:00-04:00,45.599998474121094,45.65999984741211,45.59000015258789,45.650001525878906,5591,0.0,0.0
2024-10-24 13:10:00-04:00,45.654998779296875,45.66999816894531,45.61000061035156,45.61000061035156,3824,0.0,0.0
2024-10-24 13:15:00-04:00,45.61000061035156,45.61000061035156,45.540000915527344,45.599998474121094,5103,0.0,0.0
2024-10-24 13:20:00-04:00,45.59000015258789,45.61000061035156,45.59000015258789,45.60499954223633,2898,0.0,0.0
2024-10-24 13:25:00-04:00,45.58000183105469,45.58000183105469,45.54999923706055,45.54999923706055,2076,0.0,0.0
2024-10-24 13:30:00-04:00,45.54999923706055,45.69499969482422,45.54999923706055,45.66999816894531,5679,0.0,0.0
2024-10-24 13:35:00-04:00,45.66999816894531,45.72999954223633,45.66999816894531,45.69499969482422,2144,0.0,0.0
2024-10-24 13:40:00-04:00,45.70000076293945,45.709999084472656,45.69499969482422,45.709999084472656,3512,0.0,0.0
2024-10-24 13:45:00-04:00,45.70000076293945,45.709999084472656,45.65999984741211,45.65999984741211,4434,0.0,0.0
2024-10-24 13:50:00-04:00,45.64500045776367,45.66999816894531,45.63999938964844,45.63999938964844,3544,0.0,0.0
2024-10-24 13:55:00-04:00,45.63999938964844,45.63999938964844,45.59000015258789,45.599998474121094,4372,0.0,0.0
2024-10-24 14:00:00-04:00,45.59000015258789,45.63999938964844,45.564998626708984,45.63999938964844,2682,0.0,0.0
2024-10-24 14:05:00-04:00,45.630001068115234,45.650001525878906,45.619998931884766,45.630001068115234,2858,0.0,0.0
2024-10-24 14:10:00-04:00,45.61000061035156,45.66999816894531,45.61000061035156,45.66999816894531,3665,0.0,0.0
2024-10-24 14:15:00-04:00,45.65999984741211,45.69499969482422,45.65999984741211,45.689998626708984,3355,0.0,0.0
2024-10-24 14:20:00-04:00,45.68000030517578,45.68000030517578,45.665000915527344,45.68000030517578,4199,0.0,0.0
2024-10-24 14:25:00-04:00,45.689998626708984,45.70000076293945,45.65999984741211,45.65999984741211,5056,0.0,0.0
2024-10-24 14:30:00-04:00,45.65999984741211,45.65999984741211,45.619998931884766,45.619998931884766,2707,0.0,0.0
2024-10-24 14:35:00-04:00,45.630001068115234,45.685001373291016,45.619998931884766,45.630001068115234,7251,0.0,0.0
2024-10-24 14:40:00-04:00,45.599998474121094,45.685001373291016,45.59000015258789,45.685001373291016,5804,0.0,0.0
2024-10-24 14:45:00-04:00,45.665000915527344,45.665000915527344,45.619998931884766,45.630001068115234,6018,0.0,0.0
2024-10-24 14:50:00-04:00,45.630001068115234,45.70000076293945,45.630001068115234,45.70000076293945,4558,0.0,0.0
2024-10-24 14:55:00-04:00,45.685001373291016,45.709999084472656,45.665000915527344,45.70000076293945,8685,0.0,0.0
2024-10-24 15:00:00-04:00,45.70000076293945,45.70000076293945,45.64500045776367,45.65999984741211,9958,0.0,0.0
2024-10-24 15:05:00-04:00,45.65999984741211,45.724998474121094,45.64500045776367,45.724998474121094,8050,0.0,0.0
2024-10-24 15:10:00-04:00,45.72999954223633,45.79499816894531,45.72999954223633,45.77000045776367,6947,0.0,0.0
2024-10-24 15:15:00-04:00,45.775001525878906,45.779998779296875,45.7400016784668,45.775001525878906,7399,0.0,0.0
2024-10-24 15:20:00-04:00,45.775001525878906,45.78900146484375,45.72999954223633,45.75,6055,0.0,0.0
2024-10-24 15:25:00-04:00,45.72999954223633,45.76900100708008,45.720001220703125,45.724998474121094,14804,0.0,0.0
2024-10-24 15:30:00-04:00,45.720001220703125,45.77000045776367,45.709999084472656,45.75,9803,0.0,0.0
2024-10-24 15:35:00-04:00,45.755001068115234,45.7599983215332,45.724998474121094,45.724998474121094,18377,0.0,0.0
2024-10-24 15:40:00-04:00,45.72999954223633,45.72999954223633,45.65999984741211,45.70000076293945,25035,0.0,0.0
2024-10-24 15:45:00-04:00,45.70500183105469,45.755001068115234,45.70000076293945,45.70500183105469,26335,0.0,0.0
2024-10-24 15:50:00-04:00,45.70000076293945,45.72999954223633,45.65999984741211,45.724998474121094,48679,0.0,0.0
2024-10-24 15:55:00-04:00,45.720001220703125,45.720001220703125,45.56999969482422,45.599998474121094,133135,0.0,0.0
2024-10-25 09:30:00-04:00,46.13999938964844,46.41999816894531,46.0,46.150001525878906,13339,0.0,0.0
2024-10-25 09:35:00-04:00,46.150001525878906,46.290000915527344,46.099998474121094,46.290000915527344,7657,0.0,0.0
2024-10-25 09:40:00-04:00,46.22999954223633,46.2599983215332,46.220001220703125,46.2599983215332,1467,0.0,0.0
2024-10-25 09:45:00-04:00,46.25,46.2599983215332,46.11000061035156,46.150001525878906,10214,0.0,0.0
2024-10-25 09:50:00-04:00,46.15999984741211,46.189998626708984,46.11000061035156,46.14500045776367,8468,0.0,0.0
2024-10-25 09:55:00-04:00,46.150001525878906,46.209999084472656,46.099998474121094,46.13999938964844,10047,0.0,0.0
2024-10-25 10:00:00-04:00,46.255001068115234,46.29999923706055,46.165000915527344,46.19499969482422,17201,0.0,0.0
2024-10-25 10:05:00-04:00,46.20500183105469,46.36000061035156,46.15999984741211,46.34000015258789,7532,0.0,0.0
2024-10-25 10:10:00-04:00,46.31999969482422,46.369998931884766,46.20000076293945,46.2599983215332,6210,0.0,0.0
2024-10-25 10:15:00-04:00,46.224998474121094,46.25,46.16999816894531,46.22999954223633,7163,0.0,0.0
2024-10-25 10:20:00-04:00,46.224998474121094,46.380001068115234,46.224998474121094,46.380001068115234,4300,0.0,0.0
2024-10-25 10:25:00-04:00,46.36000061035156,46.40999984741211,46.32500076293945,46.36000061035156,7733,0.0,0.0
2024-10-25 10:30:00-04:00,46.31999969482422,46.33000183105469,46.220001220703125,46.220001220703125,6559,0.0,0.0
2024-10-25 10:35:00-04:00,46.220001220703125,46.22999954223633,46.18000030517578,46.18000030517578,6360,0.0,0.0
2024-10-25 10:40:00-04:00,46.18000030517578,46.220001220703125,46.150001525878906,46.150001525878906,7727,0.0,0.0
2024-10-25 10:45:00-04:00,46.16999816894531,46.22999954223633,46.11000061035156,46.1150016784668,6713,0.0,0.0
2024-10-25 10:50:00-04:00,46.130001068115234,46.13999938964844,46.099998474121094,46.119998931884766,5162,0.0,0.0
2024-10-25 10:55:00-04:00,46.119998931884766,46.119998931884766,46.029998779296875,46.040000915527344,4083,0.0,0.0
2024-10-25 11:00:00-04:00,46.04999923706055,46.060001373291016,46.029998779296875,46.040000915527344,1477,0.0,0.0
2024-10-25 11:05:00-04:00,46.005001068115234,46.005001068115234,46.005001068115234,46.005001068115234,4852,0.0,0.0
2024-10-25 11:10:00-04:00,45.959999084472656,45.959999084472656,45.959999084472656,45.959999084472656,11229,0.0,0.0
2024-10-25 11:15:00-04:00,45.939998626708984,45.939998626708984,45.939998626708984,45.939998626708984,2315,0.0,0.0
2024-10-25 11:20:00-04:00,45.880001068115234,45.900001525878906,45.86000061035156,45.8849983215332,5674,0.0,0.0
2024-10-25 11:25:00-04:00,45.880001068115234,45.880001068115234,45.790000915527344,45.790000915527344,4950,0.0,0.0
2024-10-25 11:30:00-04:00,45.810001373291016,45.86000061035156,45.79499816894531,45.86000061035156,3894,0.0,0.0
2024-10-25 11:35:00-04:00,45.84000015258789,45.869998931884766,45.84000015258789,45.849998474121094,4333,0.0,0.0
2024-10-25 11:40:00-04:00,45.86000061035156,45.8650016784668,45.82500076293945,45.8650016784668,4857,0.0,0.0
2024-10-25 11:45:00-04:00,45.88999938964844,45.91999816894531,45.88999938964844,45.91999816894531,3574,0.0,0.0
2024-10-25 11:50:00-04:00,45.93000030517578,46.0,45.92430114746094,45.974998474121094,7416,0.0,0.0
2024-10-25 11:55:00-04:00,45.974998474121094,46.01499938964844,45.974998474121094,46.01499938964844,3639,0.0,0.0
2024-10-25 12:00:00-04:00,46.01499938964844,46.029998779296875,45.849998474121094,45.849998474121094,10778,0.0,0.0
2024-10-25 12:05:00-04:00,45.83000183105469,45.83000183105469,45.779998779296875,45.80500030517578,3949,0.0,0.0
2024-10-25 12:10:00-04:00,45.79999923706055,45.849998474121094,45.790000915527344,45.83000183105469,7732,0.0,0.0
2024-10-25 12:15:00-04:00,45.830101013183594,45.86000061035156,45.83000183105469,45.84000015258789,3768,0.0,0.0
2024-10-25 12:20:00-04:00,45.83000183105469,45.849998474121094,45.81019973754883,45.834999084472656,6661,0.0,0.0
2024-10-25 12:25:00-04:00,45.834999084472656,45.88999938964844,45.81999969482422,45.8849983215332,3965,0.0,0.0
2024-10-25 12:30:00-04:00,45.90999984741211,45.90999984741211,45.849998474121094,45.904998779296875,5771,0.0,0.0
2024-10-25 12:35:00-04:00,45.904998779296875,45.95759963989258,45.880001068115234,45.91999816894531,6217,0.0,0.0
2024-10-25 12:40:00-04:00,45.91999816894531,45.959999084472656,45.91999816894531,45.95000076293945,3612,0.0,0.0
2024-10-25 12:45:00-04:00,45.939998626708984,45.939998626708984,45.88999938964844,45.88999938964844,6033,0.0,0.0
2024-10-25 12:50:00-04:00,45.880001068115234,45.88999938964844,45.869998931884766,45.88999938964844,4788,0.0,0.0
2024-10-25 12:55:00-04:00,45.900001525878906,45.900001525878906,45.86000061035156,45.880001068115234,6628,0.0,0.0
2024-10-25 13:00:00-04:00,45.880001068115234,45.900001525878906,45.86000061035156,45.89500045776367,4686,0.0,0.0
2024-10-25 13:05:00-04:00,45.900001525878906,45.91999816894531,45.88999938964844,45.89500045776367,6291,0.0,0.0
2024-10-25 13:10:00-04:00,45.880001068115234,45.88999938964844,45.810001373291016,45.81999969482422,5371,0.0,0.0
2024-10-25 13:15:00-04:00,45.81999969482422,45.84000015258789,45.7599983215332,45.7599983215332,8403,0.0,0.0
2024-10-25 13:20:00-04:00,45.7400016784668,45.7400016784668,45.64500045776367,45.650001525878906,8483,0.0,0.0
2024-10-25 13:25:00-04:00,45.630001068115234,45.63999938964844,45.56999969482422,45.61000061035156,8504,0.0,0.0
2024-10-25 13:30:00-04:00,45.58000183105469,45.58000183105469,45.5,45.5,4052,0.0,0.0
2024-10-25 13:35:00-04:00,45.48500061035156,45.4900016784668,45.459999084472656,45.470001220703125,3554,0.0,0.0
2024-10-25 13:40:00-04:00,45.45000076293945,45.45000076293945,45.34000015258789,45.349998474121094,5373,0.0,0.0
2024-10-25 13:45:00-04:00,45.345001220703125,45.45000076293945,45.33000183105469,45.44499969482422,5957,0.0,0.0
2024-10-25 13:50:00-04:00,45.44499969482422,45.48500061035156,45.43000030517578,45.45000076293945,6322,0.0,0.0
2024-10-25 13:55:00-04:00,45.459999084472656,45.459999084472656,45.36000061035156,45.3650016784668,6428,0.0,0.0
2024-10-25 14:00:00-04:00,45.369998931884766,45.400001525878906,45.27000045776367,45.400001525878906,7062,0.0,0.0
2024-10-25 14:05:00-04:00,45.404998779296875,45.404998779296875,45.31999969482422,45.31999969482422,6055,0.0,0.0
2024-10-25 14:10:00-04:00,45.310001373291016,45.349998474121094,45.2599983215332,45.349998474121094,8473,0.0,0.0
2024-10-25 14:15:00-04:00,45.334999084472656,45.38999938964844,45.33000183105469,45.38999938964844,6509,0.0,0.0
2024-10-25 14:20:00-04:00,45.400001525878906,45.439998626708984,45.400001525878906,45.43000030517578,7294,0.0,0.0
2024-10-25 14:25:00-04:00,45.435001373291016,45.4900016784668,45.435001373291016,45.470001220703125,6576,0.0,0.0
2024-10-25 14:30:00-04:00,45.470001220703125,45.5,45.43000030517578,45.47999954223633,7043,0.0,0.0
2024-10-25 14:35:00-04:00,45.470001220703125,45.52000045776367,45.459999084472656,45.52000045776367,5881,0.0,0.0
2024-10-25 14:40:00-04:00,45.52000045776367,45.54999923706055,45.4900016784668,45.505001068115234,8710,0.0,0.0
2024-10-25 14:45:00-04:00,45.505001068115234,45.599998474121094,45.5,45.58000183105469,11222,0.0,0.0
2024-10-25 14:50:00-04:00,45.59000015258789,45.665000915527344,45.59000015258789,45.65999984741211,35051,0.0,0.0
2024-10-25 14:55:00-04:00,45.65999984741211,45.65999984741211,45.625,45.654998779296875,7184,0.0,0.0
2024-10-25 15:00:00-04:00,45.650001525878906,45.650001525878906,45.61109924316406,45.625,8815,0.0,0.0
2024-10-25 15:05:00-04:00,45.630001068115234,45.630001068115234,45.54999923706055,45.56990051269531,10468,0.0,0.0
2024-10-25 15:10:00-04:00,45.564998626708984,45.630001068115234,45.470001220703125,45.470001220703125,14606,0.0,0.0
2024-10-25 15:15:00-04:00,45.474998474121094,45.4900016784668,45.470001220703125,45.48899841308594,10935,0.0,0.0
2024-10-25 15:20:00-04:00,45.47999954223633,45.5,45.43000030517578,45.459999084472656,12738,0.0,0.0
2024-10-25 15:25:00-04:00,45.470001220703125,45.4900016784668,45.45000076293945,45.47999954223633,12237,0.0,0.0
2024-10-25 15:30:00-04:00,45.48500061035156,45.529998779296875,45.48500061035156,45.5099983215332,17200,0.0,0.0
2024-10-25 15:35:00-04:00,45.5099983215332,45.525001525878906,45.5,45.51499938964844,14202,0.0,0.0
2024-10-25 15:40:00-04:00,45.5099983215332,45.52899932861328,45.4900016784668,45.494998931884766,17837,0.0,0.0
2024-10-25 15:45:00-04:00,45.5,45.54999923706055,45.459999084472656,45.470001220703125,36134,0.0,0.0
2024-10-25 15:50:00-04:00,45.459999084472656,45.459999084472656,45.29999923706055,45.29999923706055,61712,0.0,0.0
2024-10-25 15:55:00-04:00,45.290000915527344,45.29999923706055,45.18000030517578,45.20000076293945,232251,0.0,0.0
2024-10-28 09:30:00-04:00,45.630001068115234,45.849998474121094,45.59000015258789,45.654998779296875,20850,0.0,0.0
2024-10-28 09:35:00-04:00,45.654998779296875,45.654998779296875,45.290000915527344,45.290000915527344,13974,0.0,0.0
2024-10-28 09:40:00-04:00,45.46500015258789,45.880001068115234,45.46500015258789,45.880001068115234,9645,0.0,0.0
2024-10-28 09:45:00-04:00,45.82500076293945,45.900001525878906,45.810001373291016,45.900001525878906,2941,0.0,0.0
2024-10-28 09:50:00-04:00,45.92499923706055,45.95000076293945,45.709999084472656,45.95000076293945,16923,0.0,0.0
2024-10-28 09:55:00-04:00,45.95000076293945,45.97999954223633,45.81999969482422,45.81999969482422,6262,0.0,0.0
2024-10-28 10:00:00-04:00,45.810001373291016,45.89500045776367,45.79999923706055,45.84000015258789,10487,0.0,0.0
2024-10-28 10:05:00-04:00,45.95000076293945,45.95000076293945,45.845001220703125,45.86000061035156,5988,0.0,0.0
2024-10-28 10:10:00-04:00,45.875,45.875,45.779998779296875,45.779998779296875,5676,0.0,0.0
2024-10-28 10:15:00-04:00,45.77000045776367,45.85499954223633,45.77000045776367,45.85499954223633,13074,0.0,0.0
2024-10-28 10:20:00-04:00,45.83000183105469,45.869998931884766,45.7859992980957,45.7859992980957,7329,0.0,0.0
2024-10-28 10:25:00-04:00,45.810001373291016,45.900001525878906,45.802799224853516,45.88999938964844,18172,0.0,0.0
2024-10-28 10:30:00-04:00,45.869998931884766,45.90999984741211,45.7400016784668,45.810001373291016,10295,0.0,0.0
2024-10-28 10:35:00-04:00,45.77000045776367,45.77000045776367,45.66999816894531,45.70000076293945,4746,0.0,0.0
2024-10-28 10:40:00-04:00,45.70000076293945,45.77000045776367,45.70000076293945,45.77000045776367,3850,0.0,0.0
2024-10-28 10:45:00-04:00,45.779998779296875,45.79999923706055,45.77000045776367,45.77000045776367,2837,0.0,0.0
2024-10-28 10:50:00-04:00,45.79999923706055,45.82500076293945,45.77000045776367,45.779998779296875,6277,0.0,0.0
2024-10-28 10:55:00-04:00,45.779998779296875,45.810001373291016,45.709999084472656,45.720001220703125,4892,0.0,0.0
2024-10-28 11:00:00-04:00,45.70000076293945,45.72999954223633,45.619998931884766,45.67499923706055,9579,0.0,0.0
2024-10-28 11:05:00-04:00,45.685001373291016,45.7400016784668,45.685001373291016,45.720001220703125,1764,0.0,0.0
2024-10-28 11:10:00-04:00,45.72999954223633,45.810001373291016,45.720001220703125,45.7599983215332,6747,0.0,0.0
2024-10-28 11:15:00-04:00,45.7599983215332,45.77000045776367,45.720001220703125,45.720001220703125,5176,0.0,0.0
2024-10-28 11:20:00-04:00,45.72999954223633,45.7400016784668,45.689998626708984,45.69499969482422,4253,0.0,0.0
2024-10-28 11:25:00-04:00,45.689998626708984,45.689998626708984,45.630001068115234,45.630001068115234,5115,0.0,0.0
2024-10-28 11:30:00-04:00,45.630001068115234,45.63999938964844,45.525001525878906,45.54999923706055,9066,0.0,0.0
2024-10-28 11:35:00-04:00,45.529998779296875,45.540000915527344,45.52000045776367,45.52000045776367,3940,0.0,0.0
2024-10-28 11:40:00-04:00,45.5,45.52000045776367,45.470001220703125,45.47999954223633,4466,0.0,0.0
2024-10-28 11:45:00-04:00,45.47999954223633,45.540000915527344,45.47999954223633,45.53499984741211,3337,0.0,0.0
2024-10-28 11:50:00-04:00,45.54999923706055,45.54999923706055,45.518699645996094,45.529998779296875,3273,0.0,0.0
2024-10-28 11:55:00-04:00,45.4900016784668,45.4900016784668,45.470001220703125,45.47999954223633,5107,0.0,0.0
2024-10-28 12:00:00-04:00,45.47999954223633,45.54499816894531,45.439998626708984,45.54499816894531,5000,0.0,0.0
2024-10-28 12:05:00-04:00,45.529998779296875,45.560001373291016,45.5099983215332,45.560001373291016,3311,0.0,0.0
2024-10-28 12:10:00-04:00,45.564998626708984,45.630001068115234,45.564998626708984,45.619998931884766,5125,0.0,0.0
2024-10-28 12:15:00-04:00,45.630001068115234,45.654998779296875,45.630001068115234,45.63999938964844,3704,0.0,0.0
2024-10-28 12:20:00-04:00,45.630001068115234,45.665000915527344,45.584999084472656,45.61000061035156,5286,0.0,0.0
2024-10-28 12:25:00-04:00,45.61000061035156,45.61000061035156,45.58000183105469,45.59000015258789,3209,0.0,0.0
2024-10-28 12:30:00-04:00,45.61000061035156,45.61000061035156,45.5099983215332,45.5099983215332,7490,0.0,0.0
2024-10-28 12:35:00-04:00,45.51499938964844,45.54499816894531,45.5099983215332,45.5099983215332,4297,0.0,0.0
2024-10-28 12:40:00-04:00,45.52000045776367,45.55500030517578,45.5,45.540000915527344,4881,0.0,0.0
2024-10-28 12:45:00-04:00,45.54999923706055,45.54999923706055,45.48500061035156,45.505001068115234,4328,0.0,0.0
2024-10-28 12:50:00-04:00,45.5,45.54999923706055,45.4900016784668,45.540000915527344,2407,0.0,0.0
2024-10-28 12:55:00-04:00,45.540000915527344,45.540000915527344,45.5099983215332,45.525001525878906,3711,0.0,0.0
2024-10-28 13:00:00-04:00,45.529998779296875,45.53499984741211,45.4900016784668,45.51499938964844,5094,0.0,0.0
2024-10-28 13:05:00-04:00,45.5099983215332,45.599998474121094,45.5099983215332,45.599998474121094,4369,0.0,0.0
2024-10-28 13:10:00-04:00,45.599998474121094,45.61000061035156,45.560001373291016,45.56999969482422,6974,0.0,0.0
2024-10-28 13:15:00-04:00,45.59000015258789,45.63999938964844,45.59000015258789,45.599998474121094,6835,0.0,0.0
2024-10-28 13:20:00-04:00,45.61000061035156,45.630001068115234,45.59000015258789,45.630001068115234,2871,0.0,0.0
2024-10-28 13:25:00-04:00,45.630001068115234,45.630001068115234,45.59000015258789,45.59000015258789,3802,0.0,0.0
2024-10-28 13:30:00-04:00,45.599998474121094,45.650001525878906,45.56999969482422,45.56999969482422,8808,0.0,0.0
2024-10-28 13:35:00-04:00,45.564998626708984,45.58000183105469,45.43000030517578,45.439998626708984,8202,0.0,0.0
2024-10-28 13:40:00-04:00,45.41999816894531,45.45000076293945,45.41999816894531,45.43000030517578,4306,0.0,0.0
2024-10-28 13:45:00-04:00,45.41999816894531,45.439998626708984,45.400001525878906,45.40999984741211,6419,0.0,0.0
2024-10-28 13:50:00-04:00,45.40999984741211,45.41999816894531,45.400001525878906,45.400001525878906,4582,0.0,0.0
2024-10-28 13:55:00-04:00,45.400001525878906,45.43000030517578,45.38999938964844,45.40999984741211,9213,0.0,0.0
2024-10-28 14:00:00-04:00,45.41999816894531,45.43000030517578,45.369998931884766,45.38999938964844,7229,0.0,0.0
2024-10-28 14:05:00-04:00,45.40999984741211,45.41999816894531,45.400001525878906,45.41999816894531,5216,0.0,0.0
2024-10-28 14:10:00-04:00,45.41999816894531,45.41999816894531,45.31999969482422,45.31999969482422,12558,0.0,0.0
2024-10-28 14:15:00-04:00,45.31999969482422,45.31999969482422,45.2599983215332,45.27000045776367,8266,0.0,0.0
2024-10-28 14:20:00-04:00,45.27000045776367,45.290000915527344,45.209999084472656,45.220001220703125,19686,0.0,0.0
2024-10-28 14:25:00-04:00,45.209999084472656,45.224998474121094,45.119998931884766,45.130001068115234,13031,0.0,0.0
2024-10-28 14:30:00-04:00,45.119998931884766,45.119998931884766,45.029998779296875,45.029998779296875,10347,0.0,0.0
2024-10-28 14:35:00-04:00,45.02000045776367,45.099998474121094,45.0099983215332,45.084999084472656,21049,0.0,0.0
2024-10-28 14:40:00-04:00,45.099998474121094,45.224998474121094,45.084999084472656,45.224998474121094,19560,0.0,0.0
2024-10-28 14:45:00-04:00,45.21500015258789,45.255001068115234,45.19499969482422,45.244998931884766,7066,0.0,0.0
2024-10-28 14:50:00-04:00,45.25,45.36000061035156,45.22999954223633,45.36000061035156,10448,0.0,0.0
2024-10-28 14:55:00-04:00,45.36000061035156,45.40999984741211,45.349998474121094,45.369998931884766,13174,0.0,0.0
2024-10-28 15:00:00-04:00,45.36000061035156,45.380001068115234,45.30500030517578,45.33000183105469,14988,0.0,0.0
2024-10-28 15:05:00-04:00,45.31999969482422,45.31999969482422,45.244998931884766,45.27000045776367,10650,0.0,0.0
2024-10-28 15:10:00-04:00,45.27000045776367,45.30500030517578,45.2599983215332,45.279998779296875,8670,0.0,0.0
2024-10-28 15:15:00-04:00,45.279998779296875,45.28499984741211,45.2400016784668,45.27000045776367,10630,0.0,0.0
2024-10-28 15:20:00-04:00,45.279998779296875,45.33000183105469,45.279998779296875,45.310001373291016,13759,0.0,0.0
2024-10-28 15:25:00-04:00,45.310001373291016,45.31999969482422,45.27000045776367,45.27000045776367,15162,0.0,0.0
2024-10-28 15:30:00-04:00,45.27000045776367,45.279998779296875,45.2400016784668,45.2400016784668,19379,0.0,0.0
2024-10-28 15:35:00-04:00,45.2400016784668,45.2400016784668,45.150001525878906,45.16999816894531,20661,0.0,0.0
2024-10-28 15:40:00-04:00,45.185001373291016,45.25,45.185001373291016,45.220001220703125,16419,0.0,0.0
2024-10-28 15:45:00-04:00,45.220001220703125,45.255001068115234,45.189998626708984,45.2400016784668,41192,0.0,0.0
2024-10-28 15:50:00-04:00,45.22999954223633,45.2400016784668,45.13999938964844,45.17499923706055,65991,0.0,0.0
2024-10-28 15:55:00-04:00,45.18000030517578,45.25,45.150001525878906,45.22999954223633,151371,0.0,0.0
2024-10-29 09:30:00-04:00,44.7599983215332,44.7599983215332,44.310001373291016,44.31999969482422,13200,0.0,0.0
2024-10-29 09:35:00-04:00,44.189998626708984,44.209999084472656,44.040000915527344,44.15999984741211,10787,0.0,0.0
2024-10-29 09:40:00-04:00,44.17499923706055,44.17499923706055,44.01499938964844,44.119998931884766,16850,0.0,0.0
2024-10-29 09:45:00-04:00,44.060001373291016,44.18000030517578,43.95000076293945,44.165000915527344,16615,0.0,0.0
2024-10-29 09:50:00-04:00,44.165000915527344,44.38999938964844,44.150001525878906,44.36000061035156,16045,0.0,0.0
2024-10-29 09:55:00-04:00,44.38999938964844,44.459999084472656,44.185001373291016,44.224998474121094,13662,0.0,0.0
2024-10-29 10:00:00-04:00,44.290000915527344,44.40999984741211,44.14500045776367,44.35499954223633,5395,0.0,0.0
2024-10-29 10:05:00-04:00,44.34000015258789,44.54999923706055,44.34000015258789,44.54999923706055,4810,0.0,0.0
2024-10-29 10:10:00-04:00,44.57500076293945,44.61000061035156,44.45000076293945,44.45000076293945,8493,0.0,0.0
2024-10-29 10:15:00-04:00,44.47999954223633,44.59000015258789,44.47999954223633,44.584999084472656,4357,0.0,0.0
2024-10-29 10:20:00-04:00,44.599998474121094,44.79999923706055,44.584999084472656,44.79999923706055,5736,0.0,0.0
2024-10-29 10:25:00-04:00,44.79999923706055,44.84000015258789,44.625,44.625,5322,0.0,0.0
2024-10-29 10:30:00-04:00,44.625,44.775001525878906,44.625,44.72999954223633,4175,0.0,0.0
2024-10-29 10:35:00-04:00,44.73500061035156,44.900001525878906,44.73500061035156,44.880001068115234,4308,0.0,0.0
2024-10-29 10:40:00-04:00,44.880001068115234,44.939998626708984,44.83000183105469,44.92499923706055,4597,0.0,0.0
2024-10-29 10:45:00-04:00,44.90999984741211,44.939998626708984,44.81999969482422,44.849998474121094,6574,0.0,0.0
2024-10-29 10:50:00-04:00,44.85499954223633,44.85499954223633,44.650001525878906,44.654998779296875,11090,0.0,0.0
2024-10-29 10:55:00-04:00,44.63999938964844,44.84000015258789,44.63010025024414,44.84000015258789,6183,0.0,0.0
2024-10-29 11:00:00-04:00,44.810001373291016,44.810001373291016,44.70000076293945,44.77000045776367,7042,0.0,0.0
2024-10-29 11:05:00-04:00,44.77000045776367,44.77000045776367,44.68000030517578,44.68000030517578,7625,0.0,0.0
2024-10-29 11:10:00-04:00,44.68000030517578,44.82500076293945,44.65999984741211,44.82500076293945,5320,0.0,0.0
2024-10-29 11:15:00-04:00,44.814998626708984,44.875,44.79999923706055,44.80500030517578,6954,0.0,0.0
2024-10-29 11:20:00-04:00,44.779998779296875,44.869998931884766,44.72999954223633,44.834999084472656,4252,0.0,0.0
2024-10-29 11:25:00-04:00,44.849998474121094,44.875,44.81999969482422,44.869998931884766,3500,0.0,0.0
2024-10-29 11:30:00-04:00,44.869998931884766,44.93000030517578,44.869998931884766,44.880001068115234,5267,0.0,0.0
2024-10-29 11:35:00-04:00,44.880001068115234,44.915000915527344,44.849998474121094,44.915000915527344,3343,0.0,0.0
2024-10-29 11:40:00-04:00,44.95500183105469,44.959999084472656,44.935001373291016,44.959999084472656,3094,0.0,0.0
2024-10-29 11:45:00-04:00,45.01499938964844,45.025001525878906,44.970001220703125,44.970001220703125,5297,0.0,0.0
2024-10-29 11:50:00-04:00,44.974998474121094,44.974998474121094,44.900001525878906,44.939998626708984,5221,0.0,0.0
2024-10-29 11:55:00-04:00,44.935001373291016,45.005001068115234,44.91999816894531,44.9900016784668,8621,0.0,0.0
2024-10-29 12:00:00-04:00,44.9900016784668,45.03499984741211,44.974998474121094,44.994998931884766,5348,0.0,0.0
2024-10-29 12:05:00-04:00,44.9900016784668,45.01250076293945,44.9900016784668,45.0099983215332,2742,0.0,0.0
2024-10-29 12:10:00-04:00,45.02000045776367,45.06999969482422,45.02000045776367,45.06999969482422,4630,0.0,0.0
2024-10-29 12:15:00-04:00,45.084999084472656,45.084999084472656,44.959999084472656,44.959999084472656,8672,0.0,0.0
2024-10-29 12:20:00-04:00,44.95500183105469,44.95500183105469,44.91999816894531,44.95000076293945,4995,0.0,0.0
2024-10-29 12:25:00-04:00,44.959999084472656,44.97999954223633,44.93000030517578,44.97999954223633,4759,0.0,0.0
2024-10-29 12:30:00-04:00,44.98500061035156,44.994998931884766,44.93000030517578,44.994998931884766,4489,0.0,0.0
2024-10-29 12:35:00-04:00,44.9900016784668,45.02000045776367,44.970001220703125,45.0,29100,0.0,0.0
2024-10-29 12:40:00-04:00,45.029998779296875,45.09000015258789,45.0,45.005001068115234,8369,0.0,0.0
2024-10-29 12:45:00-04:00,45.029998779296875,45.06999969482422,44.970001220703125,44.974998474121094,6718,0.0,0.0
2024-10-29 12:50:00-04:00,44.98500061035156,45.099998474121094,44.98500061035156,45.099998474121094,4120,0.0,0.0
2024-10-29 12:55:00-04:00,45.099998474121094,45.130001068115234,45.0099983215332,45.04999923706055,6936,0.0,0.0
2024-10-29 13:00:00-04:00,45.06999969482422,45.1150016784668,45.060001373291016,45.09000015258789,4906,0.0,0.0
2024-10-29 13:05:00-04:00,45.06999969482422,45.07500076293945,45.04999923706055,45.06999969482422,1576,0.0,0.0
2024-10-29 13:10:00-04:00,45.06999969482422,45.1349983215332,45.064998626708984,45.1349983215332,3864,0.0,0.0
2024-10-29 13:15:00-04:00,45.119998931884766,45.150001525878906,45.084999084472656,45.150001525878906,3891,0.0,0.0
2024-10-29 13:20:00-04:00,45.1349983215332,45.14500045776367,45.1150016784668,45.130001068115234,4453,0.0,0.0
2024-10-29 13:25:00-04:00,45.13999938964844,45.16999816894531,45.130001068115234,45.13999938964844,9667,0.0,0.0
2024-10-29 13:30:00-04:00,45.13999938964844,45.13999938964844,45.08000183105469,45.09339904785156,9462,0.0,0.0
2024-10-29 13:35:00-04:00,45.10499954223633,45.119998931884766,45.095001220703125,45.099998474121094,3744,0.0,0.0
2024-10-29 13:40:00-04:00,45.099998474121094,45.119998931884766,45.060001373291016,45.084999084472656,8524,0.0,0.0
2024-10-29 13:45:00-04:00,45.099998474121094,45.11000061035156,45.06999969482422,45.11000061035156,4296,0.0,0.0
2024-10-29 13:50:00-04:00,45.130001068115234,45.13999938964844,45.099998474121094,45.105098724365234,6208,0.0,0.0
2024-10-29 13:55:00-04:00,45.125,45.18000030517578,45.11090087890625,45.150001525878906,7662,0.0,0.0
2024-10-29 14:00:00-04:00,45.16590881347656,45.220001220703125,45.150001525878906,45.18000030517578,8553,0.0,0.0
2024-10-29 14:05:00-04:00,45.15999984741211,45.20000076293945,45.09000015258789,45.189998626708984,28209,0.0,0.0
2024-10-29 14:10:00-04:00,45.185001373291016,45.185001373291016,45.130001068115234,45.1349983215332,6052,0.0,0.0
2024-10-29 14:15:00-04:00,45.119998931884766,45.13999938964844,45.099998474121094,45.13999938964844,4855,0.0,0.0
2024-10-29 14:20:00-04:00,45.13999938964844,45.189998626708984,45.130001068115234,45.189998626708984,4458,0.0,0.0
2024-10-29 14:25:00-04:00,45.20000076293945,45.209999084472656,45.130001068115234,45.189998626708984,7023,0.0,0.0
2024-10-29 14:30:00-04:00,45.19499969482422,45.310001373291016,45.189998626708984,45.23500061035156,13594,0.0,0.0
2024-10-29 14:35:00-04:00,45.244998931884766,45.33000183105469,45.244998931884766,45.290000915527344,4107,0.0,0.0
2024-10-29 14:40:00-04:00,45.279998779296875,45.34000015258789,45.27000045776367,45.310001373291016,6535,0.0,0.0
2024-10-29 14:45:00-04:00,45.30500030517578,45.349998474121094,45.290000915527344,45.310001373291016,5984,0.0,0.0
2024-10-29 14:50:00-04:00,45.31999969482422,45.31999969482422,45.23500061035156,45.23500061035156,4627,0.0,0.0
2024-10-29 14:55:00-04:00,45.25,45.25,45.189998626708984,45.189998626708984,6150,0.0,0.0
2024-10-29 15:00:00-04:00,45.189998626708984,45.189998626708984,45.13999938964844,45.16999816894531,6413,0.0,0.0
2024-10-29 15:05:00-04:00,45.16999816894531,45.189998626708984,45.152000427246094,45.189998626708984,8554,0.0,0.0
2024-10-29 15:10:00-04:00,45.185001373291016,45.25,45.18000030517578,45.220001220703125,12414,0.0,0.0
2024-10-29 15:15:00-04:00,45.20000076293945,45.220001220703125,45.20000076293945,45.21500015258789,6085,0.0,0.0
2024-10-29 15:20:00-04:00,45.21500015258789,45.21500015258789,45.19499969482422,45.20000076293945,7335,0.0,0.0
2024-10-29 15:25:00-04:00,45.189998626708984,45.189998626708984,45.154998779296875,45.165000915527344,11337,0.0,0.0
2024-10-29 15:30:00-04:00,45.15999984741211,45.25,45.15999984741211,45.2400016784668,13756,0.0,0.0
2024-10-29 15:35:00-04:00,45.25,45.25,45.189998626708984,45.20000076293945,23531,0.0,0.0
2024-10-29 15:40:00-04:00,45.20000076293945,45.2599983215332,45.16999816894531,45.224998474121094,80956,0.0,0.0
2024-10-29 15:45:00-04:00,45.224998474121094,45.375,45.209999084472656,45.36000061035156,31124,0.0,0.0
2024-10-29 15:50:00-04:00,45.35499954223633,45.35499954223633,45.130001068115234,45.150001525878906,68354,0.0,0.0
2024-10-29 15:55:00-04:00,45.150001525878906,45.16999816894531,45.02000045776367,45.08000183105469,251901,0.0,0.0
2024-10-30 09:30:00-04:00,44.88999938964844,44.88999938964844,44.7599983215332,44.849998474121094,9963,0.0,0.0
2024-10-30 09:35:00-04:00,44.849998474121094,44.939998626708984,44.720001220703125,44.88999938964844,18886,0.0,0.0
2024-10-30 09:40:00-04:00,44.90999984741211,44.935001373291016,44.75,44.775001525878906,10710,0.0,0.0
2024-10-30 09:45:00-04:00,44.755001068115234,45.29999923706055,44.755001068115234,45.209999084472656,9515,0.0,0.0
2024-10-30 09:50:00-04:00,45.209999084472656,45.470001220703125,45.209999084472656,45.435001373291016,4197,0.0,0.0
2024-10-30 09:55:00-04:00,45.44499969482422,45.64500045776367,45.43000030517578,45.53499984741211,11457,0.0,0.0
2024-10-30 10:00:00-04:00,45.58000183105469,45.599998474121094,45.47999954223633,45.595001220703125,6635,0.0,0.0
2024-10-30 10:05:00-04:00,45.599998474121094,45.665000915527344,45.47999954223633,45.665000915527344,14303,0.0,0.0
2024-10-30 10:10:00-04:00,45.69499969482422,45.7400016784668,45.57500076293945,45.7400016784668,37976,0.0,0.0
2024-10-30 10:15:00-04:00,45.73500061035156,45.76649856567383,45.63999938964844,45.650001525878906,11783,0.0,0.0
2024-10-30 10:20:00-04:00,45.630001068115234,45.71500015258789,45.529998779296875,45.71500015258789,14269,0.0,0.0
2024-10-30 10:25:00-04:00,45.709999084472656,45.84000015258789,45.70000076293945,45.709999084472656,7533,0.0,0.0
2024-10-30 10:30:00-04:00,45.73500061035156,45.75,45.65999984741211,45.7400016784668,10210,0.0,0.0
2024-10-30 10:35:00-04:00,45.744998931884766,45.880001068115234,45.72999954223633,45.86000061035156,23115,0.0,0.0
2024-10-30 10:40:00-04:00,45.84000015258789,45.8650016784668,45.689998626708984,45.810001373291016,36366,0.0,0.0
2024-10-30 10:45:00-04:00,45.76499938964844,45.88999938964844,45.7400016784668,45.88999938964844,7373,0.0,0.0
2024-10-30 10:50:00-04:00,45.8849983215332,45.91999816894531,45.7599983215332,45.814998626708984,14967,0.0,0.0
2024-10-30 10:55:00-04:00,45.814998626708984,45.834999084472656,45.60499954223633,45.65999984741211,8363,0.0,0.0
2024-10-30 11:00:00-04:00,45.689998626708984,45.720001220703125,45.459999084472656,45.459999084472656,11647,0.0,0.0
2024-10-30 11:05:00-04:00,45.48500061035156,45.625,45.48500061035156,45.625,15875,0.0,0.0
2024-10-30 11:10:00-04:00,45.630001068115234,45.630001068115234,45.560001373291016,45.56999969482422,6893,0.0,0.0
2024-10-30 11:15:00-04:00,45.54999923706055,45.54999923706055,45.470001220703125,45.540000915527344,7775,0.0,0.0
2024-10-30 11:20:00-04:00,45.560001373291016,45.57500076293945,45.459999084472656,45.54999923706055,5395,0.0,0.0
2024-10-30 11:25:00-04:00,45.54499816894531,45.560001373291016,45.52000045776367,45.540000915527344,3822,0.0,0.0
2024-10-30 11:30:00-04:00,45.564998626708984,45.68000030517578,45.564998626708984,45.630001068115234,9033,0.0,0.0
2024-10-30 11:35:00-04:00,45.619998931884766,45.69499969482422,45.619998931884766,45.67499923706055,6074,0.0,0.0
2024-10-30 11:40:00-04:00,45.66999816894531,45.720001220703125,45.65999984741211,45.68000030517578,6835,0.0,0.0
2024-10-30 11:45:00-04:00,45.685001373291016,45.720001220703125,45.61000061035156,45.622501373291016,29946,0.0,0.0
2024-10-30 11:50:00-04:00,45.6349983215332,45.72999954223633,45.6349983215332,45.665000915527344,7999,0.0,0.0
2024-10-30 11:55:00-04:00,45.665000915527344,45.685001373291016,45.650001525878906,45.68000030517578,5049,0.0,0.0
2024-10-30 12:00:00-04:00,45.68000030517578,45.689998626708984,45.650001525878906,45.689998626708984,5801,0.0,0.0
2024-10-30 12:05:00-04:00,45.70000076293945,45.77000045776367,45.650001525878906,45.665000915527344,16046,0.0,0.0
2024-10-30 12:10:00-04:00,45.630001068115234,45.630001068115234,45.5,45.5,5114,0.0,0.0
2024-10-30 12:15:00-04:00,45.5099983215332,45.529998779296875,45.5,45.5,5612,0.0,0.0
2024-10-30 12:20:00-04:00,45.505001068115234,45.59000015258789,45.505001068115234,45.54499816894531,10128,0.0,0.0
2024-10-30 12:25:00-04:00,45.540000915527344,45.540000915527344,45.525001525878906,45.529998779296875,3470,0.0,0.0
2024-10-30 12:30:00-04:00,45.540000915527344,45.54499816894531,45.5099983215332,45.53620147705078,5586,0.0,0.0
2024-10-30 12:35:00-04:00,45.540000915527344,45.59830093383789,45.540000915527344,45.540000915527344,10229,0.0,0.0
2024-10-30 12:40:00-04:00,45.540000915527344,45.540000915527344,45.47999954223633,45.494998931884766,4942,0.0,0.0
2024-10-30 12:45:00-04:00,45.48500061035156,45.529998779296875,45.470001220703125,45.51499938964844,4159,0.0,0.0
2024-10-30 12:50:00-04:00,45.51499938964844,45.529998779296875,45.470001220703125,45.4900016784668,6418,0.0,0.0
2024-10-30 12:55:00-04:00,45.470001220703125,45.4900016784668,45.45000076293945,45.470001220703125,4630,0.0,0.0
2024-10-30 13:00:00-04:00,45.474998474121094,45.5,45.470001220703125,45.48500061035156,3821,0.0,0.0
2024-10-30 13:05:00-04:00,45.5,45.6150016784668,45.470001220703125,45.58000183105469,45872,0.0,0.0
2024-10-30 13:10:00-04:00,45.54999923706055,45.60499954223633,45.52000045776367,45.540000915527344,15445,0.0,0.0
2024-10-30 13:15:00-04:00,45.52000045776367,45.58000183105469,45.5,45.58000183105469,32850,0.0,0.0
2024-10-30 13:20:00-04:00,45.56999969482422,45.599998474121094,45.54999923706055,45.560001373291016,11556,0.0,0.0
2024-10-30 13:25:00-04:00,45.560001373291016,45.560001373291016,45.45000076293945,45.525001525878906,36390,0.0,0.0
2024-10-30 13:30:00-04:00,45.525001525878906,45.52899932861328,45.459999084472656,45.5099983215332,65107,0.0,0.0
2024-10-30 13:35:00-04:00,45.5099983215332,45.54999923706055,45.5099983215332,45.529998779296875,8536,0.0,0.0
2024-10-30 13:40:00-04:00,45.529998779296875,45.599998474121094,45.52000045776367,45.599998474121094,24851,0.0,0.0
2024-10-30 13:45:00-04:00,45.59000015258789,45.619998931884766,45.56999969482422,45.6150016784668,9534,0.0,0.0
2024-10-30 13:50:00-04:00,45.619998931884766,45.650001525878906,45.56999969482422,45.63999938964844,12930,0.0,0.0
2024-10-30 13:55:00-04:00,45.64500045776367,45.70000076293945,45.64500045776367,45.70000076293945,10711,0.0,0.0
2024-10-30 14:00:00-04:00,45.70500183105469,45.73500061035156,45.689998626708984,45.724998474121094,12749,0.0,0.0
2024-10-30 14:05:00-04:00,45.720001220703125,45.790000915527344,45.709999084472656,45.779998779296875,11287,0.0,0.0
2024-10-30 14:10:00-04:00,45.779998779296875,45.79999923706055,45.7400016784668,45.75,13043,0.0,0.0
2024-10-30 14:15:00-04:00,45.75,45.79499816894531,45.75,45.790000915527344,9190,0.0,0.0
2024-10-30 14:20:00-04:00,45.79499816894531,45.79499816894531,45.779998779296875,45.779998779296875,8939,0.0,0.0
2024-10-30 14:25:00-04:00,45.779998779296875,45.82500076293945,45.77000045776367,45.80500030517578,9559,0.0,0.0
2024-10-30 14:30:00-04:00,45.790000915527344,45.83000183105469,45.78499984741211,45.78499984741211,14822,0.0,0.0
2024-10-30 14:35:00-04:00,45.779998779296875,45.81999969482422,45.709999084472656,45.79999923706055,49285,0.0,0.0
2024-10-30 14:40:00-04:00,45.80500030517578,45.81787109375,45.779998779296875,45.79499816894531,5660,0.0,0.0
2024-10-30 14:45:00-04:00,45.779998779296875,45.84000015258789,45.75,45.834999084472656,60305,0.0,0.0
2024-10-30 14:50:00-04:00,45.834999084472656,45.869998931884766,45.83000183105469,45.869998931884766,29091,0.0,0.0
2024-10-30 14:55:00-04:00,45.86000061035156,45.880001068115234,45.79999923706055,45.810001373291016,8889,0.0,0.0
2024-10-30 15:00:00-04:00,45.810001373291016,45.810001373291016,45.689998626708984,45.69499969482422,10414,0.0,0.0
2024-10-30 15:05:00-04:00,45.69499969482422,45.720001220703125,45.65999984741211,45.720001220703125,6880,0.0,0.0
2024-10-30 15:10:00-04:00,45.70000076293945,45.79999923706055,45.68000030517578,45.790000915527344,57037,0.0,0.0
2024-10-30 15:15:00-04:00,45.81999969482422,45.81999969482422,45.77000045776367,45.78499984741211,8994,0.0,0.0
2024-10-30 15:20:00-04:00,45.78499984741211,45.79999923706055,45.77000045776367,45.79999923706055,5431,0.0,0.0
2024-10-30 15:25:00-04:00,45.779998779296875,45.810001373291016,45.68000030517578,45.68000030517578,20531,0.0,0.0
2024-10-30 15:30:00-04:00,45.689998626708984,45.70000076293945,45.599998474121094,45.61000061035156,8911,0.0,0.0
2024-10-30 15:35:00-04:00,45.59000015258789,45.59000015258789,45.52000045776367,45.54999923706055,8734,0.0,0.0
2024-10-30 15:40:00-04:00,45.54999923706055,45.59000015258789,45.529998779296875,45.560001373291016,25812,0.0,0.0
2024-10-30 15:45:00-04:00,45.560001373291016,45.65999984741211,45.529998779296875,45.54999923706055,28935,0.0,0.0
2024-10-30 15:50:00-04:00,45.560001373291016,45.654998779296875,45.560001373291016,45.599998474121094,47679,0.0,0.0
2024-10-30 15:55:00-04:00,45.60499954223633,45.60499954223633,45.38999938964844,45.43000030517578,124945,0.0,0.0
2024-10-31 09:30:00-04:00,45.43000030517578,45.439998626708984,45.20000076293945,45.435001373291016,10619,0.0,0.0
2024-10-31 09:35:00-04:00,45.435001373291016,45.540000915527344,45.3849983215332,45.3849983215332,2530,0.0,0.0
2024-10-31 09:40:00-04:00,45.3849983215332,45.66999816894531,45.3849983215332,45.66999816894531,2324,0.0,0.0
2024-10-31 09:45:00-04:00,45.66999816894531,45.66999816894531,45.29999923706055,45.38999938964844,8803,0.0,0.0
2024-10-31 09:50:00-04:00,45.380001068115234,45.38999938964844,45.29999923706055,45.34000015258789,8909,0.0,0.0
2024-10-31 09:55:00-04:00,45.34000015258789,45.5099983215332,45.279998779296875,45.3650016784668,22198,0.0,0.0
2024-10-31 10:00:00-04:00,45.369998931884766,45.369998931884766,44.95000076293945,44.95500183105469,8415,0.0,0.0
2024-10-31 10:05:00-04:00,44.95000076293945,44.959999084472656,44.75,44.939998626708984,9222,0.0,0.0
2024-10-31 10:10:00-04:00,44.880001068115234,44.91999816894531,44.810001373291016,44.83000183105469,6478,0.0,0.0
2024-10-31 10:15:00-04:00,44.869998931884766,44.92499923706055,44.79999923706055,44.91999816894531,8970,0.0,0.0
2024-10-31 10:20:00-04:00,44.93000030517578,44.9900016784668,44.779998779296875,44.779998779296875,7428,0.0,0.0
2024-10-31 10:25:00-04:00,44.79499816894531,44.85499954223633,44.65999984741211,44.65999984741211,16601,0.0,0.0
2024-10-31 10:30:00-04:00,44.70500183105469,44.849998474121094,44.66999816894531,44.79999923706055,7427,0.0,0.0
2024-10-31 10:35:00-04:00,44.79999923706055,44.85499954223633,44.7599983215332,44.79499816894531,8397,0.0,0.0
2024-10-31 10:40:00-04:00,44.77000045776367,44.78499984741211,44.689998626708984,44.689998626708984,8196,0.0,0.0
2024-10-31 10:45:00-04:00,44.689998626708984,44.709999084472656,44.584999084472656,44.61000061035156,6597,0.0,0.0
2024-10-31 10:50:00-04:00,44.599998474121094,44.625,44.540000915527344,44.58000183105469,7588,0.0,0.0
2024-10-31 10:55:00-04:00,44.56999969482422,44.61000061035156,44.459999084472656,44.459999084472656,6019,0.0,0.0
2024-10-31 11:00:00-04:00,44.43000030517578,44.43000030517578,44.224998474121094,44.24480056762695,9247,0.0,0.0
2024-10-31 11:05:00-04:00,44.25,44.380001068115234,44.25,44.334999084472656,14378,0.0,0.0
2024-10-31 11:10:00-04:00,44.32500076293945,44.33000183105469,44.2599983215332,44.31999969482422,12205,0.0,0.0
2024-10-31 11:15:00-04:00,44.29499816894531,44.34000015258789,44.29499816894531,44.31999969482422,4810,0.0,0.0
2024-10-31 11:20:00-04:00,44.314998626708984,44.470001220703125,44.314998626708984,44.43000030517578,9918,0.0,0.0
2024-10-31 11:25:00-04:00,44.41999816894531,44.41999816894531,44.31999969482422,44.380001068115234,12913,0.0,0.0
2024-10-31 11:30:00-04:00,44.369998931884766,44.470001220703125,44.369998931884766,44.470001220703125,8291,0.0,0.0
2024-10-31 11:35:00-04:00,44.43000030517578,44.470001220703125,44.42499923706055,44.439998626708984,7006,0.0,0.0
2024-10-31 11:40:00-04:00,44.439998626708984,44.5,44.439998626708984,44.439998626708984,7470,0.0,0.0
2024-10-31 11:45:00-04:00,44.470001220703125,44.560001373291016,44.45500183105469,44.4900016784668,13668,0.0,0.0
2024-10-31 11:50:00-04:00,44.4900016784668,44.5099983215332,44.415000915527344,44.415000915527344,8731,0.0,0.0
2024-10-31 11:55:00-04:00,44.46500015258789,44.5099983215332,44.439998626708984,44.5099983215332,14503,0.0,0.0
2024-10-31 12:00:00-04:00,44.5099983215332,44.560001373291016,44.4900016784668,44.505001068115234,8672,0.0,0.0
2024-10-31 12:05:00-04:00,44.4900016784668,44.4900016784668,44.45000076293945,44.45500183105469,5842,0.0,0.0
2024-10-31 12:10:00-04:00,44.45500183105469,44.529998779296875,44.45500183105469,44.529998779296875,7277,0.0,0.0
2024-10-31 12:15:00-04:00,44.54999923706055,44.630001068115234,44.54999923706055,44.60499954223633,5197,0.0,0.0
2024-10-31 12:20:00-04:00,44.60499954223633,44.68000030517578,44.58000183105469,44.63999938964844,10792,0.0,0.0
2024-10-31 12:25:00-04:00,44.61000061035156,44.630001068115234,44.56999969482422,44.599998474121094,5612,0.0,0.0
2024-10-31 12:30:00-04:00,44.58000183105469,44.61000061035156,44.560001373291016,44.560001373291016,6661,0.0,0.0
2024-10-31 12:35:00-04:00,44.560001373291016,44.619998931884766,44.560001373291016,44.61000061035156,9528,0.0,0.0
2024-10-31 12:40:00-04:00,44.619998931884766,44.650001525878906,44.61000061035156,44.63999938964844,5119,0.0,0.0
2024-10-31 12:45:00-04:00,44.630001068115234,44.630001068115234,44.54499816894531,44.560001373291016,10323,0.0,0.0
2024-10-31 12:50:00-04:00,44.560001373291016,44.665000915527344,44.540000915527344,44.65999984741211,15387,0.0,0.0
2024-10-31 12:55:00-04:00,44.66999816894531,44.689998626708984,44.56999969482422,44.6150016784668,9084,0.0,0.0
2024-10-31 13:00:00-04:00,44.630001068115234,44.70000076293945,44.6150016784668,44.689998626708984,8119,0.0,0.0
2024-10-31 13:05:00-04:00,44.689998626708984,44.75,44.68000030517578,44.75,7128,0.0,0.0
2024-10-31 13:10:00-04:00,44.75,44.76499938964844,44.65999984741211,44.68000030517578,7345,0.0,0.0
2024-10-31 13:15:00-04:00,44.68000030517578,44.68000030517578,44.560001373291016,44.560001373291016,9722,0.0,0.0
2024-10-31 13:20:00-04:00,44.54999923706055,44.6150016784668,44.54999923706055,44.61000061035156,7259,0.0,0.0
2024-10-31 13:25:00-04:00,44.61000061035156,44.630001068115234,44.540000915527344,44.540000915527344,10776,0.0,0.0
2024-10-31 13:30:00-04:00,44.52000045776367,44.540000915527344,44.5,44.51499938964844,8308,0.0,0.0
2024-10-31 13:35:00-04:00,44.51499938964844,44.54999923706055,44.51499938964844,44.529998779296875,11296,0.0,0.0
2024-10-31 13:40:00-04:00,44.529998779296875,44.56999969482422,44.52000045776367,44.56209945678711,6516,0.0,0.0
2024-10-31 13:45:00-04:00,44.56999969482422,44.599998474121094,44.54499816894531,44.599998474121094,13071,0.0,0.0
2024-10-31 13:50:00-04:00,44.595001220703125,44.599998474121094,44.56999969482422,44.58000183105469,10278,0.0,0.0
2024-10-31 13:55:00-04:00,44.57979965209961,44.65999984741211,44.57979965209961,44.61000061035156,14499,0.0,0.0
2024-10-31 14:00:00-04:00,44.6150016784668,44.6150016784668,44.5099983215332,44.5099983215332,10285,0.0,0.0
2024-10-31 14:05:00-04:00,44.52000045776367,44.54999923706055,44.45000076293945,44.459999084472656,14525,0.0,0.0
2024-10-31 14:10:00-04:00,44.45000076293945,44.5099983215332,44.439998626708984,44.497501373291016,10498,0.0,0.0
2024-10-31 14:15:00-04:00,44.4900016784668,44.4900016784668,44.41999816894531,44.44499969482422,8372,0.0,0.0
2024-10-31 14:20:00-04:00,44.44499969482422,44.459999084472656,44.40999984741211,44.439998626708984,10880,0.0,0.0
2024-10-31 14:25:00-04:00,44.439998626708984,44.439998626708984,44.375,44.404998779296875,10514,0.0,0.0
2024-10-31 14:30:00-04:00,44.38999938964844,44.415000915527344,44.369998931884766,44.404998779296875,11974,0.0,0.0
2024-10-31 14:35:00-04:00,44.38999938964844,44.39500045776367,44.33000183105469,44.33000183105469,7569,0.0,0.0
2024-10-31 14:40:00-04:00,44.3401985168457,44.36000061035156,44.310001373291016,44.349998474121094,9415,0.0,0.0
2024-10-31 14:45:00-04:00,44.349998474121094,44.369998931884766,44.33000183105469,44.33000183105469,3641,0.0,0.0
2024-10-31 14:50:00-04:00,44.34000015258789,44.369998931884766,44.33000183105469,44.369998931884766,10258,0.0,0.0
2024-10-31 14:55:00-04:00,44.349998474121094,44.380001068115234,44.34000015258789,44.36000061035156,12679,0.0,0.0
2024-10-31 15:00:00-04:00,44.369998931884766,44.369998931884766,44.27000045776367,44.279998779296875,10065,0.0,0.0
2024-10-31 15:05:00-04:00,44.279998779296875,44.34000015258789,44.279998779296875,44.31999969482422,9911,0.0,0.0
2024-10-31 15:10:00-04:00,44.31999969482422,44.33000183105469,44.310001373291016,44.31999969482422,9905,0.0,0.0
2024-10-31 15:15:00-04:00,44.310001373291016,44.310001373291016,44.25,44.27000045776367,14287,0.0,0.0
2024-10-31 15:20:00-04:00,44.279998779296875,44.35499954223633,44.279998779296875,44.33000183105469,18305,0.0,0.0
2024-10-31 15:25:00-04:00,44.31999969482422,44.34000015258789,44.27000045776367,44.34000015258789,22986,0.0,0.0
2024-10-31 15:30:00-04:00,44.3650016784668,44.369998931884766,44.32500076293945,44.3650016784668,22710,0.0,0.0
2024-10-31 15:35:00-04:00,44.3650016784668,44.400001525878906,44.35499954223633,44.380001068115234,14590,0.0,0.0
2024-10-31 15:40:00-04:00,44.375,44.42499923706055,44.35499954223633,44.42499923706055,29037,0.0,0.0
2024-10-31 15:45:00-04:00,44.42499923706055,44.4900016784668,44.39500045776367,44.48500061035156,29592,0.0,0.0
2024-10-31 15:50:00-04:00,44.4900016784668,44.529998779296875,44.290000915527344,44.290000915527344,62936,0.0,0.0
2024-10-31 15:55:00-04:00,44.279998779296875,44.334999084472656,44.25,44.290000915527344,174453,0.0,0.0
2024-11-01 09:30:00-04:00,44.41999816894531,44.72999954223633,44.150001525878906,44.61000061035156,33396,0.0,0.0
2024-11-01 09:35:00-04:00,44.52000045776367,44.59000015258789,44.29999923706055,44.369998931884766,32572,0.0,0.0
2024-11-01 09:40:00-04:00,44.40999984741211,44.47999954223633,44.16999816894531,44.16999816894531,11559,0.0,0.0
2024-11-01 09:45:00-04:00,44.16999816894531,44.3849983215332,44.16999816894531,44.220001220703125,19027,0.0,0.0
2024-11-01 09:50:00-04:00,44.18000030517578,44.279998779296875,44.11000061035156,44.2400016784668,9735,0.0,0.0
2024-11-01 09:55:00-04:00,44.209999084472656,44.22999954223633,44.18000030517578,44.185001373291016,7713,0.0,0.0
2024-11-01 10:00:00-04:00,44.209999084472656,44.2400016784668,44.02000045776367,44.099998474121094,15430,0.0,0.0
2024-11-01 10:05:00-04:00,44.08000183105469,44.375,44.08000183105469,44.375,17975,0.0,0.0
2024-11-01 10:10:00-04:00,44.36000061035156,44.439998626708984,44.36000061035156,44.40999984741211,13830,0.0,0.0
2024-11-01 10:15:00-04:00,44.38999938964844,44.404998779296875,44.25,44.369998931884766,18988,0.0,0.0
2024-11-01 10:20:00-04:00,44.35499954223633,44.52000045776367,44.33000183105469,44.47999954223633,49737,0.0,0.0
2024-11-01 10:25:00-04:00,44.470001220703125,44.47999954223633,44.41999816894531,44.45000076293945,16366,0.0,0.0
2024-11-01 10:30:00-04:00,44.46500015258789,44.55099868774414,44.40999984741211,44.40999984741211,18142,0.0,0.0
2024-11-01 10:35:00-04:00,44.42499923706055,44.439998626708984,44.310001373291016,44.334999084472656,14889,0.0,0.0
2024-11-01 10:40:00-04:00,44.334999084472656,44.349998474121094,44.185001373291016,44.20000076293945,9357,0.0,0.0
2024-11-01 10:45:00-04:00,44.21500015258789,44.21500015258789,44.060001373291016,44.16999816894531,19705,0.0,0.0
2024-11-01 10:50:00-04:00,44.13999938964844,44.13999938964844,44.0099983215332,44.029998779296875,9394,0.0,0.0
2024-11-01 10:55:00-04:00,44.0,44.209999084472656,44.0,44.209999084472656,15324,0.0,0.0
2024-11-01 11:00:00-04:00,44.20000076293945,44.209999084472656,44.119998931884766,44.150001525878906,9772,0.0,0.0
2024-11-01 11:05:00-04:00,44.14500045776367,44.16999816894531,44.01499938964844,44.02000045776367,14068,0.0,0.0
2024-11-01 11:10:00-04:00,44.02000045776367,44.13990020751953,44.0099983215332,44.13990020751953,12821,0.0,0.0
2024-11-01 11:15:00-04:00,44.119998931884766,44.1349983215332,44.06999969482422,44.119998931884766,13550,0.0,0.0
2024-11-01 11:20:00-04:00,44.13999938964844,44.150001525878906,44.060001373291016,44.130001068115234,11142,0.0,0.0
2024-11-01 11:25:00-04:00,44.130001068115234,44.130001068115234,44.08000183105469,44.099998474121094,8939,0.0,0.0
2024-11-01 11:30:00-04:00,44.08169937133789,44.099998474121094,44.0,44.0099983215332,9344,0.0,0.0
2024-11-01 11:35:00-04:00,44.0,44.0,43.900001525878906,43.91999816894531,9458,0.0,0.0
2024-11-01 11:40:00-04:00,43.90999984741211,43.91999816894531,43.810001373291016,43.845001220703125,21114,0.0,0.0
2024-11-01 11:45:00-04:00,43.83000183105469,43.86000061035156,43.77000045776367,43.77000045776367,10479,0.0,0.0
2024-11-01 11:50:00-04:00,43.75,43.84000015258789,43.7400016784668,43.81999969482422,18885,0.0,0.0
2024-11-01 11:55:00-04:00,43.834999084472656,43.86000061035156,43.77000045776367,43.84000015258789,9328,0.0,0.0
2024-11-01 12:00:00-04:00,43.869998931884766,43.95000076293945,43.869998931884766,43.935001373291016,13745,0.0,0.0
2024-11-01 12:05:00-04:00,43.935001373291016,43.96500015258789,43.93000030517578,43.95000076293945,6861,0.0,0.0
2024-11-01 12:10:00-04:00,43.959999084472656,44.0,43.939998626708984,43.97999954223633,13865,0.0,0.0
2024-11-01 12:15:00-04:00,43.97999954223633,44.005001068115234,43.939998626708984,44.0,15766,0.0,0.0
2024-11-01 12:20:00-04:00,44.0,44.01499938964844,43.93000030517578,43.939998626708984,14681,0.0,0.0
2024-11-01 12:25:00-04:00,43.95500183105469,43.95500183105469,43.84000015258789,43.86000061035156,7475,0.0,0.0
2024-11-01 12:30:00-04:00,43.83000183105469,43.90999984741211,43.810001373291016,43.880001068115234,14267,0.0,0.0
2024-11-01 12:35:00-04:00,43.880001068115234,43.90999984741211,43.86000061035156,43.875,10049,0.0,0.0
2024-11-01 12:40:00-04:00,43.875,43.875,43.709999084472656,43.724998474121094,16197,0.0,0.0
2024-11-01 12:45:00-04:00,43.709999084472656,43.720001220703125,43.595001220703125,43.595001220703125,15066,0.0,0.0
2024-11-01 12:50:00-04:00,43.58000183105469,43.66999816894531,43.58000183105469,43.650001525878906,13448,0.0,0.0
2024-11-01 12:55:00-04:00,43.630001068115234,43.68000030517578,43.599998474121094,43.64500045776367,14280,0.0,0.0
2024-11-01 13:00:00-04:00,43.64500045776367,43.68000030517578,43.59000015258789,43.63999938964844,10922,0.0,0.0
2024-11-01 13:05:00-04:00,43.63999938964844,43.63999938964844,43.55500030517578,43.59000015258789,15595,0.0,0.0
2024-11-01 13:10:00-04:00,43.59000015258789,43.689998626708984,43.59000015258789,43.65999984741211,12983,0.0,0.0
2024-11-01 13:15:00-04:00,43.689998626708984,43.77000045776367,43.68000030517578,43.720001220703125,13486,0.0,0.0
2024-11-01 13:20:00-04:00,43.73500061035156,43.810001373291016,43.720001220703125,43.79999923706055,14500,0.0,0.0
2024-11-01 13:25:00-04:00,43.77000045776367,43.775001525878906,43.66999816894531,43.68000030517578,10829,0.0,0.0
2024-11-01 13:30:00-04:00,43.689998626708984,43.724998474121094,43.56999969482422,43.59000015258789,18738,0.0,0.0
2024-11-01 13:35:00-04:00,43.595001220703125,43.6150016784668,43.51499938964844,43.584999084472656,22052,0.0,0.0
2024-11-01 13:40:00-04:00,43.56999969482422,43.59000015258789,43.525001525878906,43.53499984741211,11900,0.0,0.0
2024-11-01 13:45:00-04:00,43.52000045776367,43.560001373291016,43.459999084472656,43.525001525878906,43759,0.0,0.0
2024-11-01 13:50:00-04:00,43.525001525878906,43.599998474121094,43.525001525878906,43.56999969482422,17633,0.0,0.0
2024-11-01 13:55:00-04:00,43.56999969482422,43.599998474121094,43.5099983215332,43.529998779296875,21237,0.0,0.0
2024-11-01 14:00:00-04:00,43.5099983215332,43.560001373291016,43.5,43.52000045776367,20829,0.0,0.0
2024-11-01 14:05:00-04:00,43.51499938964844,43.54499816894531,43.4900016784668,43.529998779296875,24517,0.0,0.0
2024-11-01 14:10:00-04:00,43.540000915527344,43.54999923706055,43.4900016784668,43.54999923706055,17314,0.0,0.0
2024-11-01 14:15:00-04:00,43.560001373291016,43.56999969482422,43.52000045776367,43.53499984741211,15778,0.0,0.0
2024-11-01 14:20:00-04:00,43.529998779296875,43.6349983215332,43.505001068115234,43.6349983215332,17558,0.0,0.0
2024-11-01 14:25:00-04:00,43.63999938964844,43.650001525878906,43.599998474121094,43.60499954223633,20118,0.0,0.0
2024-11-01 14:30:00-04:00,43.599998474121094,43.61000061035156,43.560001373291016,43.58000183105469,16411,0.0,0.0
2024-11-01 14:35:00-04:00,43.58000183105469,43.630001068115234,43.56999969482422,43.595001220703125,25183,0.0,0.0
2024-11-01 14:40:00-04:00,43.61000061035156,43.61000061035156,43.560001373291016,43.58000183105469,17785,0.0,0.0
2024-11-01 14:45:00-04:00,43.584999084472656,43.625,43.58000183105469,43.59000015258789,23023,0.0,0.0
2024-11-01 14:50:00-04:00,43.59000015258789,43.599998474121094,43.54999923706055,43.54999923706055,17704,0.0,0.0
2024-11-01 14:55:00-04:00,43.540000915527344,43.599998474121094,43.540000915527344,43.599998474121094,26101,0.0,0.0
2024-11-01 15:00:00-04:00,43.599998474121094,43.61000061035156,43.540000915527344,43.56999969482422,15788,0.0,0.0
2024-11-01 15:05:00-04:00,43.58000183105469,43.68000030517578,43.58000183105469,43.68000030517578,21740,0.0,0.0
2024-11-01 15:10:00-04:00,43.65999984741211,43.67499923706055,43.650001525878906,43.65999984741211,18617,0.0,0.0
2024-11-01 15:15:00-04:00,43.65999984741211,43.65999984741211,43.529998779296875,43.54999923706055,36453,0.0,0.0
2024-11-01 15:20:00-04:00,43.54999923706055,43.599998474121094,43.459999084472656,43.459999084472656,31384,0.0,0.0
2024-11-01 15:25:00-04:00,43.459999084472656,43.5,43.43000030517578,43.45000076293945,25221,0.0,0.0
2024-11-01 15:30:00-04:00,43.45000076293945,43.47999954223633,43.439998626708984,43.47999954223633,27049,0.0,0.0
2024-11-01 15:35:00-04:00,43.5,43.57500076293945,43.5,43.53499984741211,30269,0.0,0.0
2024-11-01 15:40:00-04:00,43.529998779296875,43.595001220703125,43.529998779296875,43.584999084472656,38714,0.0,0.0
2024-11-01 15:45:00-04:00,43.58000183105469,43.58000183105469,43.5,43.5099983215332,47117,0.0,0.0
2024-11-01 15:50:00-04:00,43.5,43.5,43.369998931884766,43.38999938964844,101143,0.0,0.0
2024-11-01 15:55:00-04:00,43.3849983215332,43.38999938964844,43.189998626708984,43.25,528159,0.0,0.0
2024-11-04 09:30:00-05:00,43.349998474121094,43.92499923706055,43.349998474121094,43.72999954223633,27646,0.0,0.0
2024-11-04 09:35:00-05:00,43.689998626708984,43.779998779296875,43.505001068115234,43.75,16700,0.0,0.0
2024-11-04 09:40:00-05:00,43.744998931884766,44.125,43.744998931884766,44.125,8910,0.0,0.0
2024-11-04 09:45:00-05:00,44.14500045776367,44.22999954223633,44.08000183105469,44.08000183105469,6012,0.0,0.0
2024-11-04 09:50:00-05:00,44.125,44.209999084472656,44.08000183105469,44.150001525878906,6324,0.0,0.0
2024-11-04 09:55:00-05:00,44.189998626708984,44.189998626708984,44.0099983215332,44.029998779296875,20548,0.0,0.0
2024-11-04 10:00:00-05:00,44.1150016784668,44.150001525878906,44.029998779296875,44.06999969482422,15690,0.0,0.0
2024-11-04 10:05:00-05:00,44.08000183105469,44.220001220703125,43.97999954223633,44.01499938964844,18341,0.0,0.0
2024-11-04 10:10:00-05:00,43.9900016784668,44.005001068115234,43.83000183105469,43.92499923706055,18853,0.0,0.0
2024-11-04 10:15:00-05:00,43.95000076293945,44.02000045776367,43.90999984741211,43.95000076293945,24321,0.0,0.0
2024-11-04 10:20:00-05:00,43.95000076293945,44.1150016784668,43.93000030517578,44.1150016784668,35667,0.0,0.0
2024-11-04 10:25:00-05:00,44.130001068115234,44.15999984741211,44.0,44.0,14344,0.0,0.0
2024-11-04 10:30:00-05:00,44.0099983215332,44.05500030517578,43.90999984741211,43.970001220703125,25597,0.0,0.0
2024-11-04 10:35:00-05:00,43.970001220703125,44.14500045776367,43.970001220703125,44.1150016784668,19532,0.0,0.0
2024-11-04 10:40:00-05:00,44.11000061035156,44.130001068115234,44.02000045776367,44.02000045776367,18370,0.0,0.0
2024-11-04 10:45:00-05:00,44.03499984741211,44.06999969482422,43.93000030517578,44.06999969482422,35282,0.0,0.0
2024-11-04 10:50:00-05:00,44.084999084472656,44.119998931884766,44.029998779296875,44.029998779296875,22236,0.0,0.0
2024-11-04 10:55:00-05:00,44.029998779296875,44.04499816894531,43.959999084472656,44.0,17382,0.0,0.0
2024-11-04 11:00:00-05:00,44.01499938964844,44.06129837036133,43.9900016784668,44.05500030517578,22314,0.0,0.0
2024-11-04 11:05:00-05:00,44.05500030517578,44.099998474121094,44.040000915527344,44.09000015258789,15707,0.0,0.0
2024-11-04 11:10:00-05:00,44.099998474121094,44.130001068115234,44.099998474121094,44.125,11878,0.0,0.0
2024-11-04 11:15:00-05:00,44.125,44.125,43.97999954223633,43.9900016784668,13278,0.0,0.0
2024-11-04 11:20:00-05:00,43.9900016784668,44.005001068115234,43.91999816894531,43.935001373291016,9904,0.0,0.0
2024-11-04 11:25:00-05:00,43.91999816894531,43.91999816894531,43.779998779296875,43.79499816894531,13737,0.0,0.0
2024-11-04 11:30:00-05:00,43.79499816894531,43.79499816894531,43.73500061035156,43.744998931884766,11680,0.0,0.0
2024-11-04 11:35:00-05:00,43.744998931884766,43.7599983215332,43.66999816894531,43.66999816894531,14121,0.0,0.0
2024-11-04 11:40:00-05:00,43.65999984741211,43.724998474121094,43.63999938964844,43.685001373291016,9466,0.0,0.0
2024-11-04 11:45:00-05:00,43.70000076293945,43.71500015258789,43.619998931884766,43.619998931884766,13121,0.0,0.0
2024-11-04 11:50:00-05:00,43.61000061035156,43.650001525878906,43.56999969482422,43.619998931884766,11384,0.0,0.0
2024-11-04 11:55:00-05:00,43.61000061035156,43.630001068115234,43.540000915527344,43.61000061035156,26444,0.0,0.0
2024-11-04 12:00:00-05:00,43.625,43.63999938964844,43.58000183105469,43.599998474121094,12789,0.0,0.0
2024-11-04 12:05:00-05:00,43.619998931884766,43.619998931884766,43.505001068115234,43.5099983215332,12329,0.0,0.0
2024-11-04 12:10:00-05:00,43.47999954223633,43.59000015258789,43.47999954223633,43.584999084472656,11149,0.0,0.0
2024-11-04 12:15:00-05:00,43.599998474121094,43.63999938964844,43.58000183105469,43.59000015258789,10481,0.0,0.0
2024-11-04 12:20:00-05:00,43.58000183105469,43.68000030517578,43.560001373291016,43.665000915527344,9582,0.0,0.0
2024-11-04 12:25:00-05:00,43.650001525878906,43.65999984741211,43.619998931884766,43.619998931884766,10903,0.0,0.0
2024-11-04 12:30:00-05:00,43.63999938964844,43.65999984741211,43.619998931884766,43.619998931884766,10065,0.0,0.0
2024-11-04 12:35:00-05:00,43.630001068115234,43.650001525878906,43.619998931884766,43.619998931884766,3760,0.0,0.0
2024-11-04 12:40:00-05:00,43.6349983215332,43.63999938964844,43.58000183105469,43.58000183105469,21764,0.0,0.0
2024-11-04 12:45:00-05:00,43.59000015258789,43.595001220703125,43.560001373291016,43.56999969482422,12490,0.0,0.0
2024-11-04 12:50:00-05:00,43.58000183105469,43.63249969482422,43.56999969482422,43.61000061035156,21395,0.0,0.0
2024-11-04 12:55:00-05:00,43.61000061035156,43.61000061035156,43.56999969482422,43.58000183105469,24798,0.0,0.0
2024-11-04 13:00:00-05:00,43.58000183105469,43.584999084472656,43.5099983215332,43.529998779296875,15698,0.0,0.0
2024-11-04 13:05:00-05:00,43.52000045776367,43.56999969482422,43.439998626708984,43.439998626708984,13855,0.0,0.0
2024-11-04 13:10:00-05:00,43.45500183105469,43.555599212646484,43.45500183105469,43.54499816894531,11146,0.0,0.0
2024-11-04 13:15:00-05:00,43.54499816894531,43.58000183105469,43.529998779296875,43.56999969482422,7786,0.0,0.0
2024-11-04 13:20:00-05:00,43.59000015258789,43.63359832763672,43.59000015258789,43.60499954223633,4160,0.0,0.0
2024-11-04 13:25:00-05:00,43.61000061035156,43.619998931884766,43.56999969482422,43.599998474121094,15292,0.0,0.0
2024-11-04 13:30:00-05:00,43.595001220703125,43.63999938964844,43.595001220703125,43.630001068115234,3636,0.0,0.0
2024-11-04 13:35:00-05:00,43.6349983215332,43.689998626708984,43.6349983215332,43.689998626708984,9387,0.0,0.0
2024-11-04 13:40:00-05:00,43.67499923706055,43.720001220703125,43.665000915527344,43.689998626708984,17401,0.0,0.0
2024-11-04 13:45:00-05:00,43.685001373291016,43.70000076293945,43.650001525878906,43.65999984741211,9755,0.0,0.0
2024-11-04 13:50:00-05:00,43.650001525878906,43.654998779296875,43.599998474121094,43.599998474121094,8850,0.0,0.0
2024-11-04 13:55:00-05:00,43.61000061035156,43.61000061035156,43.540000915527344,43.540000915527344,15398,0.0,0.0
2024-11-04 14:00:00-05:00,43.540000915527344,43.54999923706055,43.51499938964844,43.540000915527344,13241,0.0,0.0
2024-11-04 14:05:00-05:00,43.529998779296875,43.619998931884766,43.529998779296875,43.595001220703125,29976,0.0,0.0
2024-11-04 14:10:00-05:00,43.599998474121094,43.6150016784668,43.595001220703125,43.6150016784668,9641,0.0,0.0
2024-11-04 14:15:00-05:00,43.6150016784668,43.6150016784668,43.59000015258789,43.61000061035156,18573,0.0,0.0
2024-11-04 14:20:00-05:00,43.61000061035156,43.70000076293945,43.599998474121094,43.65999984741211,13164,0.0,0.0
2024-11-04 14:25:00-05:00,43.65999984741211,43.66999816894531,43.56999969482422,43.57500076293945,14643,0.0,0.0
2024-11-04 14:30:00-05:00,43.560001373291016,43.60499954223633,43.529998779296875,43.599998474121094,15749,0.0,0.0
2024-11-04 14:35:00-05:00,43.599998474121094,43.619998931884766,43.58000183105469,43.61000061035156,10149,0.0,0.0
2024-11-04 14:40:00-05:00,43.599998474121094,43.61750030517578,43.494998931884766,43.5,15969,0.0,0.0
2024-11-04 14:45:00-05:00,43.5,43.5099983215332,43.474998474121094,43.47999954223633,12863,0.0,0.0
2024-11-04 14:50:00-05:00,43.48500061035156,43.5,43.48500061035156,43.494998931884766,13628,0.0,0.0
2024-11-04 14:55:00-05:00,43.5,43.560001373291016,43.4900016784668,43.5099983215332,17662,0.0,0.0
2024-11-04 15:00:00-05:00,43.5,43.525001525878906,43.47999954223633,43.52000045776367,12493,0.0,0.0
2024-11-04 15:05:00-05:00,43.52000045776367,43.529998779296875,43.5099983215332,43.529998779296875,15929,0.0,0.0
2024-11-04 15:10:00-05:00,43.529998779296875,43.54999923706055,43.52000045776367,43.529998779296875,19877,0.0,0.0
2024-11-04 15:15:00-05:00,43.529998779296875,43.560001373291016,43.5099983215332,43.560001373291016,10909,0.0,0.0
2024-11-04 15:20:00-05:00,43.560001373291016,43.619998931884766,43.540000915527344,43.61000061035156,35027,0.0,0.0
2024-11-04 15:25:00-05:00,43.61000061035156,43.66999816894531,43.61000061035156,43.625,19337,0.0,0.0
2024-11-04 15:30:00-05:00,43.625,43.625,43.459999084472656,43.470001220703125,39937,0.0,0.0
2024-11-04 15:35:00-05:00,43.474998474121094,43.56999969482422,43.470001220703125,43.54499816894531,30761,0.0,0.0
2024-11-04 15:40:00-05:00,43.54499816894531,43.669898986816406,43.54499816894531,43.630001068115234,50440,0.0,0.0
2024-11-04 15:45:00-05:00,43.627498626708984,43.689998626708984,43.59000015258789,43.595001220703125,50750,0.0,0.0
2024-11-04 15:50:00-05:00,43.59000015258789,43.59000015258789,43.46500015258789,43.505001068115234,130254,0.0,0.0
2024-11-04 15:55:00-05:00,43.505001068115234,43.619998931884766,43.439998626708984,43.58000183105469,323018,0.0,0.0
2024-11-05 09:30:00-05:00,43.529998779296875,43.9900016784668,43.46500015258789,43.845001220703125,58444,0.0,0.0
2024-11-05 09:35:00-05:00,43.9900016784668,44.066898345947266,43.79999923706055,44.025001525878906,53132,0.0,0.0
2024-11-05 09:40:00-05:00,44.025001525878906,44.029998779296875,43.86000061035156,44.0,5959,0.0,0.0
2024-11-05 09:45:00-05:00,43.95500183105469,44.2400016784668,43.95500183105469,44.20000076293945,7340,0.0,0.0
2024-11-05 09:50:00-05:00,44.20000076293945,44.369998931884766,44.13999938964844,44.33000183105469,28057,0.0,0.0
2024-11-05 09:55:00-05:00,44.310001373291016,44.3849983215332,44.13999938964844,44.2599983215332,61223,0.0,0.0
2024-11-05 10:00:00-05:00,44.2599983215332,44.29999923706055,44.18000030517578,44.2400016784668,15723,0.0,0.0
2024-11-05 10:05:00-05:00,44.2400016784668,44.2524299621582,44.165000915527344,44.2400016784668,9644,0.0,0.0
2024-11-05 10:10:00-05:00,44.244998931884766,44.29999923706055,44.224998474121094,44.22999954223633,12949,0.0,0.0
2024-11-05 10:15:00-05:00,44.22999954223633,44.22999954223633,44.07500076293945,44.125,11801,0.0,0.0
2024-11-05 10:20:00-05:00,44.099998474121094,44.20000076293945,44.084999084472656,44.20000076293945,9022,0.0,0.0
2024-11-05 10:25:00-05:00,44.20500183105469,44.20500183105469,44.13999938964844,44.15999984741211,10988,0.0,0.0
2024-11-05 10:30:00-05:00,44.20500183105469,44.279998779296875,44.15999984741211,44.185001373291016,21387,0.0,0.0
2024-11-05 10:35:00-05:00,44.189998626708984,44.310001373291016,44.189998626708984,44.310001373291016,8033,0.0,0.0
2024-11-05 10:40:00-05:00,44.310001373291016,44.375,44.255001068115234,44.375,11586,0.0,0.0
2024-11-05 10:45:00-05:00,44.38999938964844,44.459999084472656,44.33000183105469,44.415000915527344,20836,0.0,0.0
2024-11-05 10:50:00-05:00,44.415000915527344,44.415000915527344,44.26499938964844,44.27000045776367,6005,0.0,0.0
2024-11-05 10:55:00-05:00,44.28499984741211,44.28499984741211,44.1150016784668,44.1150016784668,7626,0.0,0.0
2024-11-05 11:00:00-05:00,44.119998931884766,44.34000015258789,44.11000061035156,44.34000015258789,9782,0.0,0.0
2024-11-05 11:05:00-05:00,44.334999084472656,44.45000076293945,44.29999923706055,44.42499923706055,10467,0.0,0.0
2024-11-05 11:10:00-05:00,44.43730163574219,44.4900016784668,44.38999938964844,44.404998779296875,22031,0.0,0.0
2024-11-05 11:15:00-05:00,44.38999938964844,44.38999938964844,44.23500061035156,44.349998474121094,16843,0.0,0.0
2024-11-05 11:20:00-05:00,44.310001373291016,44.349998474121094,44.310001373291016,44.33000183105469,13205,0.0,0.0
2024-11-05 11:25:00-05:00,44.33000183105469,44.33000183105469,44.27000045776367,44.275001525878906,9111,0.0,0.0
2024-11-05 11:30:00-05:00,44.275001525878906,44.334999084472656,44.26499938964844,44.33000183105469,19557,0.0,0.0
2024-11-05 11:35:00-05:00,44.310001373291016,44.35499954223633,44.279998779296875,44.35499954223633,11539,0.0,0.0
2024-11-05 11:40:00-05:00,44.369998931884766,44.435001373291016,44.35499954223633,44.435001373291016,8113,0.0,0.0
2024-11-05 11:45:00-05:00,44.439998626708984,44.48500061035156,44.43000030517578,44.459999084472656,10354,0.0,0.0
2024-11-05 11:50:00-05:00,44.470001220703125,44.529998779296875,44.46500015258789,44.51499938964844,3284,0.0,0.0
2024-11-05 11:55:00-05:00,44.529998779296875,44.529998779296875,44.4900016784668,44.5099983215332,4811,0.0,0.0
2024-11-05 12:00:00-05:00,44.5,44.5,44.45000076293945,44.474998474121094,8797,0.0,0.0
2024-11-05 12:05:00-05:00,44.47999954223633,44.47999954223633,44.459999084472656,44.459999084472656,8821,0.0,0.0
2024-11-05 12:10:00-05:00,44.47999954223633,44.4900016784668,44.36399841308594,44.375,14219,0.0,0.0
2024-11-05 12:15:00-05:00,44.375,44.400001525878906,44.375,44.3849983215332,6164,0.0,0.0
2024-11-05 12:20:00-05:00,44.369998931884766,44.470001220703125,44.369998931884766,44.43000030517578,8836,0.0,0.0
2024-11-05 12:25:00-05:00,44.45000076293945,44.470001220703125,44.43000030517578,44.439998626708984,5863,0.0,0.0
2024-11-05 12:30:00-05:00,44.439998626708984,44.5,44.439998626708984,44.48500061035156,3844,0.0,0.0
2024-11-05 12:35:00-05:00,44.48500061035156,44.48500061035156,44.439998626708984,44.45000076293945,5956,0.0,0.0
2024-11-05 12:40:00-05:00,44.45000076293945,44.4900016784668,44.439998626708984,44.45000076293945,7665,0.0,0.0
2024-11-05 12:45:00-05:00,44.439998626708984,44.459999084472656,44.41999816894531,44.45000076293945,7612,0.0,0.0
2024-11-05 12:50:00-05:00,44.439998626708984,44.45000076293945,44.43000030517578,44.43000030517578,3726,0.0,0.0
2024-11-05 12:55:00-05:00,44.43000030517578,44.45000076293945,44.380001068115234,44.39500045776367,9926,0.0,0.0
2024-11-05 13:00:00-05:00,44.39500045776367,44.4900016784668,44.38999938964844,44.4900016784668,6116,0.0,0.0
2024-11-05 13:05:00-05:00,44.505001068115234,44.505001068115234,44.45000076293945,44.45500183105469,7526,0.0,0.0
2024-11-05 13:10:00-05:00,44.45500183105469,44.459999084472656,44.380001068115234,44.380001068115234,7294,0.0,0.0
2024-11-05 13:15:00-05:00,44.380001068115234,44.41999816894531,44.369998931884766,44.40999984741211,9058,0.0,0.0
2024-11-05 13:20:00-05:00,44.404998779296875,44.43000030517578,44.404998779296875,44.41999816894531,7152,0.0,0.0
2024-11-05 13:25:00-05:00,44.41999816894531,44.54679870605469,44.41999816894531,44.529998779296875,10375,0.0,0.0
2024-11-05 13:30:00-05:00,44.53499984741211,44.53499984741211,44.470001220703125,44.470001220703125,9130,0.0,0.0
2024-11-05 13:35:00-05:00,44.470001220703125,44.52000045776367,44.45000076293945,44.52000045776367,8932,0.0,0.0
2024-11-05 13:40:00-05:00,44.525001525878906,44.564998626708984,44.525001525878906,44.540000915527344,7392,0.0,0.0
2024-11-05 13:45:00-05:00,44.54999923706055,44.54999923706055,44.459999084472656,44.470001220703125,10262,0.0,0.0
2024-11-05 13:50:00-05:00,44.459999084472656,44.525001525878906,44.459999084472656,44.525001525878906,6743,0.0,0.0
2024-11-05 13:55:00-05:00,44.525001525878906,44.54999923706055,44.5,44.54999923706055,8633,0.0,0.0
2024-11-05 14:00:00-05:00,44.529998779296875,44.54999923706055,44.52000045776367,44.540000915527344,12755,0.0,0.0
2024-11-05 14:05:00-05:00,44.53499984741211,44.58000183105469,44.52000045776367,44.560001373291016,13513,0.0,0.0
2024-11-05 14:10:00-05:00,44.560001373291016,44.58000183105469,44.54499816894531,44.560001373291016,8664,0.0,0.0
2024-11-05 14:15:00-05:00,44.56999969482422,44.599998474121094,44.560001373291016,44.59000015258789,9392,0.0,0.0
2024-11-05 14:20:00-05:00,44.58000183105469,44.59000015258789,44.529998779296875,44.54999923706055,11044,0.0,0.0
2024-11-05 14:25:00-05:00,44.54999923706055,44.56999969482422,44.494998931884766,44.494998931884766,12635,0.0,0.0
2024-11-05 14:30:00-05:00,44.4900016784668,44.52000045776367,44.48500061035156,44.51499938964844,6143,0.0,0.0
2024-11-05 14:35:00-05:00,44.51499938964844,44.540000915527344,44.5,44.540000915527344,11534,0.0,0.0
2024-11-05 14:40:00-05:00,44.529998779296875,44.56999969482422,44.529998779296875,44.560001373291016,8942,0.0,0.0
2024-11-05 14:45:00-05:00,44.560001373291016,44.560001373291016,44.505001068115234,44.505001068115234,11587,0.0,0.0
2024-11-05 14:50:00-05:00,44.5,44.52000045776367,44.46500015258789,44.48500061035156,12461,0.0,0.0
2024-11-05 14:55:00-05:00,44.470001220703125,44.47999954223633,44.40999984741211,44.40999984741211,11104,0.0,0.0
2024-11-05 15:00:00-05:00,44.38999938964844,44.43000030517578,44.3650016784668,44.43000030517578,11024,0.0,0.0
2024-11-05 15:05:00-05:00,44.43000030517578,44.51499938964844,44.43000030517578,44.5099983215332,10075,0.0,0.0
2024-11-05 15:10:00-05:00,44.5099983215332,44.584999084472656,44.5099983215332,44.58000183105469,9533,0.0,0.0
2024-11-05 15:15:00-05:00,44.56999969482422,44.599998474121094,44.560001373291016,44.58000183105469,15716,0.0,0.0
2024-11-05 15:20:00-05:00,44.58000183105469,44.58000183105469,44.54999923706055,44.56999969482422,12145,0.0,0.0
2024-11-05 15:25:00-05:00,44.584999084472656,44.650001525878906,44.58000183105469,44.650001525878906,12388,0.0,0.0
2024-11-05 15:30:00-05:00,44.63999938964844,44.69499969482422,44.60499954223633,44.65999984741211,25130,0.0,0.0
2024-11-05 15:35:00-05:00,44.650001525878906,44.66999816894531,44.6349983215332,44.65999984741211,18402,0.0,0.0
2024-11-05 15:40:00-05:00,44.650001525878906,44.650001525878906,44.59000015258789,44.630001068115234,24221,0.0,0.0
2024-11-05 15:45:00-05:00,44.625,44.7599983215332,44.625,44.72999954223633,40177,0.0,0.0
2024-11-05 15:50:00-05:00,44.720001220703125,44.790000915527344,44.68000030517578,44.71500015258789,52300,0.0,0.0
2024-11-05 15:55:00-05:00,44.72999954223633,44.790000915527344,44.66999816894531,44.779998779296875,211612,0.0,0.0
2024-11-06 09:30:00-05:00,47.064998626708984,47.20000076293945,46.84000015258789,46.84000015258789,144171,0.0,0.0
2024-11-06 09:35:00-05:00,46.84000015258789,47.470001220703125,46.65999984741211,47.279998779296875,16653,0.0,0.0
2024-11-06 09:40:00-05:00,47.189998626708984,47.25,46.65999984741211,46.75,9525,0.0,0.0
2024-11-06 09:45:00-05:00,46.77000045776367,46.880001068115234,46.45000076293945,46.540000915527344,38764,0.0,0.0
2024-11-06 09:50:00-05:00,46.52000045776367,46.59000015258789,46.36000061035156,46.380001068115234,25153,0.0,0.0
2024-11-06 09:55:00-05:00,46.435001373291016,46.810001373291016,46.435001373291016,46.720001220703125,41472,0.0,0.0
2024-11-06 10:00:00-05:00,46.71500015258789,46.91999816894531,46.630001068115234,46.83000183105469,26253,0.0,0.0
2024-11-06 10:05:00-05:00,46.81999969482422,46.86000061035156,46.599998474121094,46.7599983215332,13447,0.0,0.0
2024-11-06 10:10:00-05:00,46.77000045776367,46.869998931884766,46.560001373291016,46.560001373291016,19794,0.0,0.0
2024-11-06 10:15:00-05:00,46.5099983215332,46.61000061035156,46.400001525878906,46.560001373291016,22874,0.0,0.0
2024-11-06 10:20:00-05:00,46.58000183105469,46.70000076293945,46.54999923706055,46.69499969482422,15177,0.0,0.0
2024-11-06 10:25:00-05:00,46.66999816894531,46.83000183105469,46.650001525878906,46.80500030517578,58885,0.0,0.0
2024-11-06 10:30:00-05:00,46.78499984741211,46.91999816894531,46.70000076293945,46.90999984741211,52025,0.0,0.0
2024-11-06 10:35:00-05:00,46.90999984741211,46.90999984741211,46.650001525878906,46.720001220703125,26405,0.0,0.0
2024-11-06 10:40:00-05:00,46.720001220703125,47.0,46.65999984741211,46.900001525878906,24013,0.0,0.0
2024-11-06 10:45:00-05:00,46.900001525878906,46.904998779296875,46.77000045776367,46.81999969482422,21453,0.0,0.0
2024-11-06 10:50:00-05:00,46.81999969482422,46.92499923706055,46.7599983215332,46.92499923706055,38220,0.0,0.0
2024-11-06 10:55:00-05:00,46.91999816894531,47.2400016784668,46.900001525878906,47.20000076293945,33816,0.0,0.0
2024-11-06 11:00:00-05:00,47.18000030517578,47.43000030517578,47.130001068115234,47.244998931884766,91996,0.0,0.0
2024-11-06 11:05:00-05:00,47.244998931884766,47.28499984741211,47.11000061035156,47.28499984741211,65203,0.0,0.0
2024-11-06 11:10:00-05:00,47.255001068115234,47.52000045776367,47.220001220703125,47.52000045776367,69566,0.0,0.0
2024-11-06 11:15:00-05:00,47.529998779296875,47.69499969482422,47.380001068115234,47.69499969482422,89203,0.0,0.0
2024-11-06 11:20:00-05:00,47.650001525878906,47.939998626708984,47.54999923706055,47.939998626708984,25721,0.0,0.0
2024-11-06 11:25:00-05:00,47.93000030517578,48.060001373291016,47.8849983215332,47.97999954223633,44575,0.0,0.0
2024-11-06 11:30:00-05:00,48.0099983215332,48.04999923706055,47.904998779296875,47.97999954223633,34939,0.0,0.0
2024-11-06 11:35:00-05:00,48.0,48.04999923706055,47.599998474121094,47.61000061035156,40245,0.0,0.0
2024-11-06 11:40:00-05:00,47.56999969482422,47.58000183105469,47.439998626708984,47.540000915527344,14569,0.0,0.0
2024-11-06 11:45:00-05:00,47.57500076293945,47.65999984741211,47.45500183105469,47.5,14655,0.0,0.0
2024-11-06 11:50:00-05:00,47.5099983215332,47.52000045776367,47.31999969482422,47.36000061035156,13707,0.0,0.0
2024-11-06 11:55:00-05:00,47.33000183105469,47.41999816894531,47.27000045776367,47.36000061035156,19034,0.0,0.0
2024-11-06 12:00:00-05:00,47.33000183105469,47.33000183105469,47.20500183105469,47.2400016784668,22214,0.0,0.0
2024-11-06 12:05:00-05:00,47.20000076293945,47.20000076293945,47.150001525878906,47.18000030517578,11139,0.0,0.0
2024-11-06 12:10:00-05:00,47.15999984741211,47.209999084472656,47.13999938964844,47.150001525878906,15440,0.0,0.0
2024-11-06 12:15:00-05:00,47.130001068115234,47.130001068115234,46.91999816894531,47.040000915527344,47626,0.0,0.0
2024-11-06 12:20:00-05:00,47.06999969482422,47.189998626708984,47.02000045776367,47.09000015258789,57024,0.0,0.0
2024-11-06 12:25:00-05:00,47.060001373291016,47.060001373291016,46.939998626708984,46.939998626708984,10943,0.0,0.0
2024-11-06 12:30:00-05:00,46.95500183105469,46.95500183105469,46.84000015258789,46.900001525878906,18359,0.0,0.0
2024-11-06 12:35:00-05:00,46.88999938964844,46.97999954223633,46.849998474121094,46.8650016784668,30157,0.0,0.0
2024-11-06 12:40:00-05:00,46.86000061035156,47.04999923706055,46.86000061035156,47.040000915527344,19781,0.0,0.0
2024-11-06 12:45:00-05:00,47.029998779296875,47.04999923706055,47.0099983215332,47.04499816894531,13438,0.0,0.0
2024-11-06 12:50:00-05:00,47.04499816894531,47.119998931884766,47.0,47.099998474121094,18079,0.0,0.0
2024-11-06 12:55:00-05:00,47.11000061035156,47.18000030517578,47.099998474121094,47.15999984741211,10826,0.0,0.0
2024-11-06 13:00:00-05:00,47.15999984741211,47.27000045776367,47.154998779296875,47.189998626708984,23236,0.0,0.0
2024-11-06 13:05:00-05:00,47.16999816894531,47.220001220703125,47.150001525878906,47.189998626708984,14088,0.0,0.0
2024-11-06 13:10:00-05:00,47.20000076293945,47.255001068115234,47.150001525878906,47.15999984741211,15205,0.0,0.0
2024-11-06 13:15:00-05:00,47.16999816894531,47.17499923706055,47.095001220703125,47.095001220703125,10826,0.0,0.0
2024-11-06 13:20:00-05:00,47.095001220703125,47.119998931884766,47.04999923706055,47.06999969482422,27513,0.0,0.0
2024-11-06 13:25:00-05:00,47.09000015258789,47.16999816894531,47.08000183105469,47.16999816894531,11456,0.0,0.0
2024-11-06 13:30:00-05:00,47.16999816894531,47.22999954223633,47.13999938964844,47.18000030517578,25979,0.0,0.0
2024-11-06 13:35:00-05:00,47.189998626708984,47.20000076293945,47.150001525878906,47.185001373291016,14659,0.0,0.0
2024-11-06 13:40:00-05:00,47.185001373291016,47.220001220703125,47.099998474121094,47.150001525878906,34105,0.0,0.0
2024-11-06 13:45:00-05:00,47.150001525878906,47.15999984741211,47.06999969482422,47.06999969482422,16173,0.0,0.0
2024-11-06 13:50:00-05:00,47.060001373291016,47.13999938964844,47.040000915527344,47.130001068115234,13166,0.0,0.0
2024-11-06 13:55:00-05:00,47.119998931884766,47.13999938964844,47.040000915527344,47.08000183105469,12435,0.0,0.0
2024-11-06 14:00:00-05:00,47.08000183105469,47.22999954223633,47.060001373291016,47.209999084472656,28493,0.0,0.0
2024-11-06 14:05:00-05:00,47.220001220703125,47.27000045776367,47.13999938964844,47.14500045776367,23352,0.0,0.0
2024-11-06 14:10:00-05:00,47.14500045776367,47.14500045776367,47.060001373291016,47.08000183105469,17236,0.0,0.0
2024-11-06 14:15:00-05:00,47.06999969482422,47.11000061035156,47.06999969482422,47.09000015258789,41353,0.0,0.0
2024-11-06 14:20:00-05:00,47.09000015258789,47.099998474121094,47.06520080566406,47.07500076293945,9613,0.0,0.0
2024-11-06 14:25:00-05:00,47.07500076293945,47.185001373291016,47.07500076293945,47.15999984741211,20028,0.0,0.0
2024-11-06 14:30:00-05:00,47.15999984741211,47.22999954223633,47.15999984741211,47.209999084472656,9684,0.0,0.0
2024-11-06 14:35:00-05:00,47.209999084472656,47.21500015258789,47.13999938964844,47.16999816894531,21928,0.0,0.0
2024-11-06 14:40:00-05:00,47.16999816894531,47.220001220703125,47.16999816894531,47.189998626708984,15650,0.0,0.0
2024-11-06 14:45:00-05:00,47.18000030517578,47.20000076293945,47.130001068115234,47.130001068115234,15902,0.0,0.0
2024-11-06 14:50:00-05:00,47.125,47.13999938964844,47.060001373291016,47.08000183105469,21278,0.0,0.0
2024-11-06 14:55:00-05:00,47.07500076293945,47.130001068115234,47.06999969482422,47.11000061035156,17883,0.0,0.0
2024-11-06 15:00:00-05:00,47.11000061035156,47.220001220703125,47.09000015258789,47.130001068115234,18555,0.0,0.0
2024-11-06 15:05:00-05:00,47.130001068115234,47.18000030517578,47.005001068115234,47.025001525878906,35223,0.0,0.0
2024-11-06 15:10:00-05:00,47.0099983215332,47.04999923706055,46.970001220703125,47.0099983215332,33461,0.0,0.0
2024-11-06 15:15:00-05:00,47.01499938964844,47.07500076293945,46.9900016784668,47.0099983215332,36221,0.0,0.0
2024-11-06 15:20:00-05:00,47.01499938964844,47.05500030517578,46.97999954223633,47.05500030517578,34391,0.0,0.0
2024-11-06 15:25:00-05:00,47.040000915527344,47.13999938964844,47.040000915527344,47.11000061035156,36421,0.0,0.0
2024-11-06 15:30:00-05:00,47.095001220703125,47.095001220703125,47.0,47.0099983215332,48286,0.0,0.0
2024-11-06 15:35:00-05:00,47.0,47.037498474121094,46.90999984741211,46.959999084472656,43466,0.0,0.0
2024-11-06 15:40:00-05:00,46.974998474121094,47.064998626708984,46.959999084472656,47.064998626708984,53076,0.0,0.0
2024-11-06 15:45:00-05:00,47.064998626708984,47.15999984741211,47.040000915527344,47.15999984741211,77396,0.0,0.0
2024-11-06 15:50:00-05:00,47.15999984741211,47.18000030517578,47.04499816894531,47.07500076293945,127935,0.0,0.0
2024-11-06 15:55:00-05:00,47.07500076293945,47.15999984741211,47.029998779296875,47.119998931884766,302193,0.0,0.0
2024-11-07 09:30:00-05:00,47.40999984741211,47.40999984741211,46.849998474121094,46.85499954223633,17426,0.0,0.0
2024-11-07 09:35:00-05:00,46.85499954223633,46.85499954223633,46.18000030517578,46.334999084472656,28585,0.0,0.0
2024-11-07 09:40:00-05:00,46.290000915527344,46.53499984741211,46.290000915527344,46.310001373291016,18776,0.0,0.0
2024-11-07 09:45:00-05:00,46.334999084472656,46.63999938964844,46.25,46.60749816894531,27189,0.0,0.0
2024-11-07 09:50:00-05:00,46.69499969482422,46.77000045776367,46.619998931884766,46.619998931884766,9139,0.0,0.0
2024-11-07 09:55:00-05:00,46.64500045776367,46.779998779296875,46.63999938964844,46.65999984741211,25559,0.0,0.0
2024-11-07 10:00:00-05:00,46.66999816894531,46.78499984741211,46.619998931884766,46.72999954223633,31494,0.0,0.0
2024-11-07 10:05:00-05:00,46.76499938964844,46.86000061035156,46.65999984741211,46.86000061035156,14181,0.0,0.0
2024-11-07 10:10:00-05:00,46.88999938964844,46.939998626708984,46.849998474121094,46.935001373291016,20287,0.0,0.0
2024-11-07 10:15:00-05:00,46.939998626708984,46.94499969482422,46.82500076293945,46.8650016784668,10359,0.0,0.0
2024-11-07 10:20:00-05:00,46.83000183105469,46.849998474121094,46.78499984741211,46.84000015258789,19291,0.0,0.0
2024-11-07 10:25:00-05:00,46.82500076293945,46.84749984741211,46.775001525878906,46.779998779296875,6791,0.0,0.0
2024-11-07 10:30:00-05:00,46.790000915527344,46.939998626708984,46.77000045776367,46.935001373291016,23603,0.0,0.0
2024-11-07 10:35:00-05:00,46.935001373291016,47.0,46.93000030517578,46.94499969482422,21576,0.0,0.0
2024-11-07 10:40:00-05:00,46.939998626708984,46.98500061035156,46.84000015258789,46.8650016784668,12596,0.0,0.0
2024-11-07 10:45:00-05:00,46.8650016784668,46.880001068115234,46.77000045776367,46.80500030517578,17619,0.0,0.0
2024-11-07 10:50:00-05:00,46.790000915527344,46.790000915527344,46.650001525878906,46.724998474121094,9783,0.0,0.0
2024-11-07 10:55:00-05:00,46.709999084472656,46.809898376464844,46.709999084472656,46.779998779296875,9112,0.0,0.0
2024-11-07 11:00:00-05:00,46.779998779296875,46.790000915527344,46.63999938964844,46.654998779296875,8664,0.0,0.0
2024-11-07 11:05:00-05:00,46.630001068115234,46.689998626708984,46.619998931884766,46.689998626708984,11755,0.0,0.0
2024-11-07 11:10:00-05:00,46.66999816894531,46.66999816894531,46.58000183105469,46.595001220703125,7574,0.0,0.0
2024-11-07 11:15:00-05:00,46.599998474121094,46.69499969482422,46.59000015258789,46.67539978027344,11547,0.0,0.0
2024-11-07 11:20:00-05:00,46.69499969482422,46.73500061035156,46.68000030517578,46.73500061035156,12229,0.0,0.0
2024-11-07 11:25:00-05:00,46.73500061035156,46.73500061035156,46.6349983215332,46.64500045776367,12743,0.0,0.0
2024-11-07 11:30:00-05:00,46.64500045776367,46.64500045776367,46.61000061035156,46.61000061035156,7032,0.0,0.0
2024-11-07 11:35:00-05:00,46.599998474121094,46.599998474121094,46.51499938964844,46.525001525878906,10649,0.0,0.0
2024-11-07 11:40:00-05:00,46.52000045776367,46.540000915527344,46.46500015258789,46.474998474121094,12215,0.0,0.0
2024-11-07 11:45:00-05:00,46.470001220703125,46.470001220703125,46.31999969482422,46.35499954223633,8877,0.0,0.0
2024-11-07 11:50:00-05:00,46.349998474121094,46.39500045776367,46.349998474121094,46.39500045776367,10379,0.0,0.0
2024-11-07 11:55:00-05:00,46.380001068115234,46.400001525878906,46.36000061035156,46.3650016784668,13768,0.0,0.0
2024-11-07 12:00:00-05:00,46.3650016784668,46.41999816894531,46.349998474121094,46.415000915527344,7884,0.0,0.0
2024-11-07 12:05:00-05:00,46.400001525878906,46.474998474121094,46.380001068115234,46.43000030517578,11320,0.0,0.0
2024-11-07 12:10:00-05:00,46.42499923706055,46.47999954223633,46.40999984741211,46.45500183105469,14588,0.0,0.0
2024-11-07 12:15:00-05:00,46.439998626708984,46.439998626708984,46.400001525878906,46.40999984741211,26404,0.0,0.0
2024-11-07 12:20:00-05:00,46.400001525878906,46.439998626708984,46.33000183105469,46.43000030517578,11357,0.0,0.0
2024-11-07 12:25:00-05:00,46.42499923706055,46.42499923706055,46.369998931884766,46.369998931884766,5458,0.0,0.0
2024-11-07 12:30:00-05:00,46.39500045776367,46.43000030517578,46.290000915527344,46.349998474121094,31477,0.0,0.0
2024-11-07 12:35:00-05:00,46.349998474121094,46.349998474121094,46.2400016784668,46.2599983215332,8847,0.0,0.0
2024-11-07 12:40:00-05:00,46.275001525878906,46.404998779296875,46.275001525878906,46.36000061035156,23715,0.0,0.0
2024-11-07 12:45:00-05:00,46.36000061035156,46.439998626708984,46.36000061035156,46.38999938964844,10293,0.0,0.0
2024-11-07 12:50:00-05:00,46.435001373291016,46.435001373291016,46.33000183105469,46.369998931884766,10204,0.0,0.0
2024-11-07 12:55:00-05:00,46.369998931884766,46.45000076293945,46.349998474121094,46.42499923706055,8836,0.0,0.0
2024-11-07 13:00:00-05:00,46.415000915527344,46.415000915527344,46.290000915527344,46.310001373291016,13785,0.0,0.0
2024-11-07 13:05:00-05:00,46.30500030517578,46.33000183105469,46.2599983215332,46.275001525878906,11492,0.0,0.0
2024-11-07 13:10:00-05:00,46.275001525878906,46.275001525878906,46.15999984741211,46.20000076293945,8012,0.0,0.0
2024-11-07 13:15:00-05:00,46.19499969482422,46.224998474121094,46.16999816894531,46.19499969482422,5101,0.0,0.0
2024-11-07 13:20:00-05:00,46.19499969482422,46.2400016784668,46.189998626708984,46.189998626708984,6305,0.0,0.0
2024-11-07 13:25:00-05:00,46.209999084472656,46.22999954223633,46.190101623535156,46.209999084472656,5092,0.0,0.0
2024-11-07 13:30:00-05:00,46.20000076293945,46.20000076293945,46.099998474121094,46.099998474121094,7621,0.0,0.0
2024-11-07 13:35:00-05:00,46.1150016784668,46.13999938964844,46.06999969482422,46.07500076293945,16076,0.0,0.0
2024-11-07 13:40:00-05:00,46.04999923706055,46.130001068115234,46.025001525878906,46.060001373291016,26435,0.0,0.0
2024-11-07 13:45:00-05:00,46.04999923706055,46.10499954223633,46.04999923706055,46.10499954223633,18855,0.0,0.0
2024-11-07 13:50:00-05:00,46.10499954223633,46.13999938964844,46.08000183105469,46.130001068115234,13151,0.0,0.0
2024-11-07 13:55:00-05:00,46.13600158691406,46.150001525878906,46.11880111694336,46.119998931884766,5281,0.0,0.0
2024-11-07 14:00:00-05:00,46.150001525878906,46.20000076293945,46.0099983215332,46.0099983215332,11087,0.0,0.0
2024-11-07 14:05:00-05:00,46.0099983215332,46.06999969482422,45.98500061035156,46.04999923706055,14570,0.0,0.0
2024-11-07 14:10:00-05:00,46.08000183105469,46.08000183105469,46.040000915527344,46.060001373291016,7863,0.0,0.0
2024-11-07 14:15:00-05:00,46.060001373291016,46.084999084472656,46.040000915527344,46.060001373291016,6475,0.0,0.0
2024-11-07 14:20:00-05:00,46.060001373291016,46.060001373291016,45.88999938964844,46.04499816894531,20215,0.0,0.0
2024-11-07 14:25:00-05:00,46.060001373291016,46.060001373291016,46.01499938964844,46.04999923706055,9589,0.0,0.0
2024-11-07 14:30:00-05:00,46.025001525878906,46.17499923706055,46.025001525878906,46.09000015258789,13911,0.0,0.0
2024-11-07 14:35:00-05:00,46.09000015258789,46.09000015258789,46.040000915527344,46.06999969482422,16581,0.0,0.0
2024-11-07 14:40:00-05:00,46.06999969482422,46.099998474121094,45.9900016784668,46.06999969482422,32180,0.0,0.0
2024-11-07 14:45:00-05:00,46.06999969482422,46.15999984741211,46.0099983215332,46.09000015258789,21946,0.0,0.0
2024-11-07 14:50:00-05:00,46.09000015258789,46.130001068115234,46.0,46.029998779296875,18433,0.0,0.0
2024-11-07 14:55:00-05:00,46.0099983215332,46.150001525878906,46.0,46.1349983215332,22972,0.0,0.0
2024-11-07 15:00:00-05:00,46.119998931884766,46.119998931884766,46.029998779296875,46.040000915527344,16557,0.0,0.0
2024-11-07 15:05:00-05:00,46.02000045776367,46.060001373291016,45.9900016784668,46.02000045776367,19501,0.0,0.0
2024-11-07 15:10:00-05:00,46.029998779296875,46.21900177001953,46.029998779296875,46.20500183105469,16802,0.0,0.0
2024-11-07 15:15:00-05:00,46.220001220703125,46.220001220703125,46.16999816894531,46.189998626708984,27328,0.0,0.0
2024-11-07 15:20:00-05:00,46.19499969482422,46.224998474121094,46.130001068115234,46.159000396728516,23569,0.0,0.0
2024-11-07 15:25:00-05:00,46.154998779296875,46.18000030517578,46.08000183105469,46.09000015258789,36480,0.0,0.0
2024-11-07 15:30:00-05:00,46.09000015258789,46.09000015258789,45.959999084472656,46.040000915527344,49806,0.0,0.0
2024-11-07 15:35:00-05:00,46.04499816894531,46.10499954223633,46.029998779296875,46.060001373291016,26823,0.0,0.0
2024-11-07 15:40:00-05:00,46.04999923706055,46.11800003051758,46.04999923706055,46.04999923706055,40751,0.0,0.0
2024-11-07 15:45:00-05:00,46.060001373291016,46.178001403808594,46.04999923706055,46.14799880981445,46249,0.0,0.0
2024-11-07 15:50:00-05:00,46.130001068115234,46.130001068115234,45.970001220703125,46.02000045776367,70583,0.0,0.0
2024-11-07 15:55:00-05:00,46.029998779296875,46.040000915527344,45.95000076293945,45.959999084472656,188051,0.0,0.0
2024-11-08 09:30:00-05:00,45.790000915527344,45.790000915527344,44.619998931884766,44.83000183105469,203418,0.0,0.0
2024-11-08 09:35:00-05:00,44.83000183105469,44.95000076293945,44.39500045776367,44.93000030517578,91140,0.0,0.0
2024-11-08 09:40:00-05:00,44.95000076293945,45.0,44.65999984741211,45.0,63588,0.0,0.0
2024-11-08 09:45:00-05:00,44.86000061035156,44.939998626708984,44.58000183105469,44.630001068115234,33139,0.0,0.0
2024-11-08 09:50:00-05:00,44.689998626708984,44.7599983215332,44.36000061035156,44.415000915527344,83774,0.0,0.0
2024-11-08 09:55:00-05:00,44.415000915527344,44.9900016784668,44.38999938964844,44.970001220703125,28249,0.0,0.0
2024-11-08 10:00:00-05:00,44.875,44.970001220703125,44.564998626708984,44.84000015258789,42358,0.0,0.0
2024-11-08 10:05:00-05:00,44.790000915527344,44.790000915527344,44.349998474121094,44.70000076293945,142813,0.0,0.0
2024-11-08 10:10:00-05:00,44.689998626708984,44.7599983215332,44.584999084472656,44.6150016784668,25415,0.0,0.0
2024-11-08 10:15:00-05:00,44.61000061035156,44.65999984741211,44.43000030517578,44.439998626708984,43609,0.0,0.0
2024-11-08 10:20:00-05:00,44.42499923706055,44.54999923706055,44.38999938964844,44.439998626708984,19196,0.0,0.0
2024-11-08 10:25:00-05:00,44.45000076293945,44.5099983215332,44.400001525878906,44.45500183105469,63093,0.0,0.0
2024-11-08 10:30:00-05:00,44.45000076293945,44.54999923706055,44.2599983215332,44.29999923706055,28825,0.0,0.0
2024-11-08 10:35:00-05:00,44.29999923706055,44.5,44.2599983215332,44.38999938964844,56971,0.0,0.0
2024-11-08 10:40:00-05:00,44.400001525878906,44.459999084472656,44.22999954223633,44.369998931884766,67021,0.0,0.0
2024-11-08 10:45:00-05:00,44.349998474121094,44.619998931884766,44.349998474121094,44.470001220703125,175512,0.0,0.0
2024-11-08 10:50:00-05:00,44.470001220703125,44.52000045776367,44.40999984741211,44.45000076293945,18994,0.0,0.0
2024-11-08 10:55:00-05:00,44.41999816894531,44.42499923706055,44.20000076293945,44.42499923706055,18403,0.0,0.0
2024-11-08 11:00:00-05:00,44.42499923706055,44.46500015258789,44.369998931884766,44.46500015258789,13136,0.0,0.0
2024-11-08 11:05:00-05:00,44.46500015258789,44.5099983215332,44.43000030517578,44.5,55714,0.0,0.0
2024-11-08 11:10:00-05:00,44.5,44.650001525878906,44.43000030517578,44.5099983215332,262503,0.0,0.0
2024-11-08 11:15:00-05:00,44.4900016784668,44.52000045776367,44.459999084472656,44.467498779296875,81989,0.0,0.0
2024-11-08 11:20:00-05:00,44.46500015258789,44.4900016784668,44.42499923706055,44.4900016784668,32637,0.0,0.0
2024-11-08 11:25:00-05:00,44.48500061035156,44.48500061035156,44.36000061035156,44.375,14412,0.0,0.0
2024-11-08 11:30:00-05:00,44.380001068115234,44.38999938964844,44.310001373291016,44.36000061035156,21760,0.0,0.0
2024-11-08 11:35:00-05:00,44.36000061035156,44.459999084472656,44.349998474121094,44.40999984741211,23669,0.0,0.0
2024-11-08 11:40:00-05:00,44.38999938964844,44.38999938964844,44.154998779296875,44.154998779296875,28916,0.0,0.0
2024-11-08 11:45:00-05:00,44.154998779296875,44.16999816894531,44.04999923706055,44.11000061035156,35098,0.0,0.0
2024-11-08 11:50:00-05:00,44.11000061035156,44.279998779296875,44.11000061035156,44.255001068115234,35178,0.0,0.0
2024-11-08 11:55:00-05:00,44.2599983215332,44.279998779296875,44.0,44.06999969482422,65075,0.0,0.0
2024-11-08 12:00:00-05:00,44.04999923706055,44.08000183105469,43.95000076293945,43.970001220703125,27089,0.0,0.0
2024-11-08 12:05:00-05:00,43.93000030517578,43.93000030517578,43.779998779296875,43.89289855957031,14734,0.0,0.0
2024-11-08 12:10:00-05:00,43.88999938964844,43.915000915527344,43.81999969482422,43.83000183105469,13417,0.0,0.0
2024-11-08 12:15:00-05:00,43.84000015258789,43.849998474121094,43.77000045776367,43.79499816894531,15559,0.0,0.0
2024-11-08 12:20:00-05:00,43.79999923706055,43.900001525878906,43.779998779296875,43.880001068115234,21845,0.0,0.0
2024-11-08 12:25:00-05:00,43.880001068115234,43.95000076293945,43.875,43.92499923706055,26013,0.0,0.0
2024-11-08 12:30:00-05:00,43.92499923706055,44.2599983215332,43.89500045776367,44.2599983215332,54723,0.0,0.0
2024-11-08 12:35:00-05:00,44.279998779296875,44.38999938964844,44.15999984741211,44.279998779296875,49672,0.0,0.0
2024-11-08 12:40:00-05:00,44.279998779296875,44.47999954223633,44.209999084472656,44.34000015258789,46130,0.0,0.0
2024-11-08 12:45:00-05:00,44.36000061035156,44.38999938964844,44.279998779296875,44.29999923706055,19278,0.0,0.0
2024-11-08 12:50:00-05:00,44.31999969482422,44.400001525878906,44.29999923706055,44.400001525878906,20672,0.0,0.0
2024-11-08 12:55:00-05:00,44.404998779296875,44.459999084472656,44.34000015258789,44.439998626708984,33893,0.0,0.0
2024-11-08 13:00:00-05:00,44.439998626708984,44.459999084472656,44.209999084472656,44.27000045776367,82513,0.0,0.0
2024-11-08 13:05:00-05:00,44.279998779296875,44.29999923706055,44.06999969482422,44.17499923706055,45597,0.0,0.0
2024-11-08 13:10:00-05:00,44.20000076293945,44.22999954223633,44.119998931884766,44.189998626708984,21237,0.0,0.0
2024-11-08 13:15:00-05:00,44.21500015258789,44.220001220703125,43.97999954223633,44.189998626708984,54349,0.0,0.0
2024-11-08 13:20:00-05:00,44.189998626708984,44.189998626708984,44.119998931884766,44.119998931884766,9722,0.0,0.0
2024-11-08 13:25:00-05:00,44.09000015258789,44.150001525878906,44.09000015258789,44.130001068115234,11144,0.0,0.0
2024-11-08 13:30:00-05:00,44.13999938964844,44.13999938964844,44.095001220703125,44.13999938964844,16565,0.0,0.0
2024-11-08 13:35:00-05:00,44.150001525878906,44.25,44.119998931884766,44.20000076293945,21063,0.0,0.0
2024-11-08 13:40:00-05:00,44.2400016784668,44.2599983215332,44.130001068115234,44.13999938964844,23616,0.0,0.0
2024-11-08 13:45:00-05:00,44.13949966430664,44.209999084472656,44.06999969482422,44.06999969482422,22044,0.0,0.0
2024-11-08 13:50:00-05:00,44.08000183105469,44.095001220703125,43.970001220703125,44.0,45802,0.0,0.0
2024-11-08 13:55:00-05:00,43.9900016784668,44.040000915527344,43.95000076293945,44.020301818847656,22702,0.0,0.0
2024-11-08 14:00:00-05:00,44.029998779296875,44.099998474121094,44.0099983215332,44.0099983215332,39360,0.0,0.0
2024-11-08 14:05:00-05:00,44.01499938964844,44.04999923706055,43.939998626708984,43.95000076293945,41424,0.0,0.0
2024-11-08 14:10:00-05:00,43.939998626708984,43.95000076293945,43.849998474121094,43.88999938964844,18858,0.0,0.0
2024-11-08 14:15:00-05:00,43.88999938964844,44.0,43.88999938964844,43.970001220703125,16547,0.0,0.0
2024-11-08 14:20:00-05:00,43.970001220703125,43.9900016784668,43.88999938964844,43.904998779296875,17617,0.0,0.0
2024-11-08 14:25:00-05:00,43.904998779296875,43.91999816894531,43.845001220703125,43.88999938964844,22765,0.0,0.0
2024-11-08 14:30:00-05:00,43.88999938964844,43.900001525878906,43.79999923706055,43.79999923706055,23105,0.0,0.0
2024-11-08 14:35:00-05:00,43.81999969482422,43.849998474121094,43.775001525878906,43.779998779296875,23714,0.0,0.0
2024-11-08 14:40:00-05:00,43.790000915527344,43.81999969482422,43.76499938964844,43.810001373291016,18544,0.0,0.0
2024-11-08 14:45:00-05:00,43.80500030517578,43.80500030517578,43.744998931884766,43.779998779296875,20914,0.0,0.0
2024-11-08 14:50:00-05:00,43.779998779296875,43.810001373291016,43.619998931884766,43.650001525878906,39082,0.0,0.0
2024-11-08 14:55:00-05:00,43.65999984741211,43.70000076293945,43.61000061035156,43.70000076293945,26149,0.0,0.0
2024-11-08 15:00:00-05:00,43.70000076293945,43.709999084472656,43.560001373291016,43.599998474121094,34495,0.0,0.0
2024-11-08 15:05:00-05:00,43.60499954223633,43.650001525878906,43.59000015258789,43.619998931884766,32297,0.0,0.0
2024-11-08 15:10:00-05:00,43.630001068115234,43.650001525878906,43.560001373291016,43.599998474121094,47620,0.0,0.0
2024-11-08 15:15:00-05:00,43.595001220703125,43.619998931884766,43.435001373291016,43.45000076293945,51533,0.0,0.0
2024-11-08 15:20:00-05:00,43.45000076293945,43.459999084472656,43.29999923706055,43.404998779296875,50697,0.0,0.0
2024-11-08 15:25:00-05:00,43.404998779296875,43.415000915527344,43.275001525878906,43.290000915527344,60527,0.0,0.0
2024-11-08 15:30:00-05:00,43.279998779296875,43.29999923706055,43.06999969482422,43.09000015258789,172139,0.0,0.0
2024-11-08 15:35:00-05:00,43.099998474121094,43.15999984741211,42.90999984741211,43.13999938964844,187270,0.0,0.0
2024-11-08 15:40:00-05:00,43.130001068115234,43.2400016784668,43.099998474121094,43.23500061035156,94388,0.0,0.0
2024-11-08 15:45:00-05:00,43.2400016784668,43.529998779296875,43.1349983215332,43.5,100394,0.0,0.0
2024-11-08 15:50:00-05:00,43.52000045776367,43.52000045776367,43.40999984741211,43.43000030517578,94662,0.0,0.0
2024-11-08 15:55:00-05:00,43.41999816894531,43.63999938964844,43.345001220703125,43.56999969482422,344040,0.0,0.0
