Datetime,Open,High,Low,Close,Volume,Dividends,Stock Splits,Capital Gains
2024-10-09 09:30:00-04:00,47.790000915527344,47.810001373291016,47.790000915527344,47.810001373291016,0,0.0,0.0,0.0
2024-10-09 09:35:00-04:00,47.790000915527344,47.790000915527344,47.790000915527344,47.790000915527344,104,0.0,0.0,0.0
2024-10-09 09:40:00-04:00,47.784000396728516,47.790000915527344,47.784000396728516,47.790000915527344,1565,0.0,0.0,0.0
2024-10-09 09:45:00-04:00,47.79999923706055,47.79999923706055,47.797698974609375,47.797698974609375,7700,0.0,0.0,0.0
2024-10-09 09:50:00-04:00,47.790000915527344,47.790000915527344,47.790000915527344,47.790000915527344,239,0.0,0.0,0.0
2024-10-09 10:00:00-04:00,47.779998779296875,47.796199798583984,47.779998779296875,47.796199798583984,28371,0.0,0.0,0.0
2024-10-09 10:05:00-04:00,47.80500030517578,47.80500030517578,47.80500030517578,47.80500030517578,144,0.0,0.0,0.0
2024-10-09 10:10:00-04:00,47.810001373291016,47.814998626708984,47.809898376464844,47.81039810180664,881,0.0,0.0,0.0
2024-10-09 10:15:00-04:00,47.790000915527344,47.790000915527344,47.790000915527344,47.790000915527344,1171,0.0,0.0,0.0
2024-10-09 10:20:00-04:00,47.79240036010742,47.808998107910156,47.79240036010742,47.808998107910156,1184,0.0,0.0,0.0
2024-10-09 10:25:00-04:00,47.799800872802734,47.79999923706055,47.799800872802734,47.79999923706055,1472,0.0,0.0,0.0
2024-10-09 10:30:00-04:00,47.808998107910156,47.808998107910156,47.808998107910156,47.808998107910156,752,0.0,0.0,0.0
2024-10-09 10:35:00-04:00,47.808998107910156,47.810001373291016,47.79999923706055,47.79999923706055,23626,0.0,0.0,0.0
2024-10-09 10:40:00-04:00,47.790000915527344,47.79890060424805,47.790000915527344,47.79890060424805,595,0.0,0.0,0.0
2024-10-09 10:45:00-04:00,47.80500030517578,47.808799743652344,47.80500030517578,47.80670166015625,1212,0.0,0.0,0.0
2024-10-09 10:50:00-04:00,47.80500030517578,47.80500030517578,47.790000915527344,47.79990005493164,977,0.0,0.0,0.0
2024-10-09 10:55:00-04:00,47.79499816894531,47.79999923706055,47.79499816894531,47.79999923706055,796,0.0,0.0,0.0
2024-10-09 11:00:00-04:00,47.79499816894531,47.79499816894531,47.79499816894531,47.79499816894531,237,0.0,0.0,0.0
2024-10-09 11:05:00-04:00,47.79999923706055,47.809898376464844,47.79999923706055,47.79999923706055,2807,0.0,0.0,0.0
2024-10-09 11:10:00-04:00,47.80500030517578,47.809600830078125,47.80500030517578,47.80500030517578,834,0.0,0.0,0.0
2024-10-09 11:15:00-04:00,47.79499816894531,47.80500030517578,47.79499816894531,47.80500030517578,1627,0.0,0.0,0.0
2024-10-09 11:20:00-04:00,47.80500030517578,47.80500030517578,47.80500030517578,47.80500030517578,161,0.0,0.0,0.0
2024-10-09 11:25:00-04:00,47.79999923706055,47.79999923706055,47.79029846191406,47.793800354003906,828,0.0,0.0,0.0
2024-10-09 11:30:00-04:00,47.79999923706055,47.79999923706055,47.790000915527344,47.79999923706055,1832,0.0,0.0,0.0
2024-10-09 11:35:00-04:00,47.79999923706055,47.80120086669922,47.79499816894531,47.79499816894531,1781,0.0,0.0,0.0
2024-10-09 11:40:00-04:00,47.79999923706055,47.808799743652344,47.79999923706055,47.808799743652344,683,0.0,0.0,0.0
2024-10-09 11:45:00-04:00,47.79999923706055,47.79999923706055,47.79999923706055,47.79999923706055,300,0.0,0.0,0.0
2024-10-09 11:50:00-04:00,47.79499816894531,47.79499816894531,47.790000915527344,47.790000915527344,416,0.0,0.0,0.0
2024-10-09 11:55:00-04:00,47.790000915527344,47.79499816894531,47.790000915527344,47.79499816894531,1389,0.0,0.0,0.0
2024-10-09 12:00:00-04:00,47.797000885009766,47.79880142211914,47.797000885009766,47.79880142211914,1499,0.0,0.0,0.0
2024-10-09 12:05:00-04:00,47.790199279785156,47.79999923706055,47.790199279785156,47.79499816894531,6966,0.0,0.0,0.0
2024-10-09 12:10:00-04:00,47.79499816894531,47.79880142211914,47.79499816894531,47.79880142211914,1035,0.0,0.0,0.0
2024-10-09 12:15:00-04:00,47.79999923706055,47.79999923706055,47.78499984741211,47.78499984741211,5382,0.0,0.0,0.0
2024-10-09 12:20:00-04:00,47.78499984741211,47.78499984741211,47.76499938964844,47.773101806640625,1680,0.0,0.0,0.0
2024-10-09 12:25:00-04:00,47.779998779296875,47.78879928588867,47.779998779296875,47.78499984741211,2270,0.0,0.0,0.0
2024-10-09 12:30:00-04:00,47.779998779296875,47.779998779296875,47.770999908447266,47.778900146484375,10152,0.0,0.0,0.0
2024-10-09 12:40:00-04:00,47.775001525878906,47.775001525878906,47.77000045776367,47.77009963989258,728,0.0,0.0,0.0
2024-10-09 12:45:00-04:00,47.77000045776367,47.77000045776367,47.77000045776367,47.77000045776367,369,0.0,0.0,0.0
2024-10-09 12:50:00-04:00,47.7599983215332,47.77000045776367,47.7599983215332,47.77000045776367,357793,0.0,0.0,0.0
2024-10-09 12:55:00-04:00,47.77000045776367,47.77000045776367,47.7599983215332,47.7599983215332,1351,0.0,0.0,0.0
2024-10-09 13:00:00-04:00,47.76959991455078,47.779998779296875,47.7599983215332,47.760101318359375,1483,0.0,0.0,0.0
2024-10-09 13:05:00-04:00,47.7599983215332,47.7599983215332,47.7400016784668,47.744998931884766,1034,0.0,0.0,0.0
2024-10-09 13:10:00-04:00,47.75,47.7599983215332,47.75,47.7599983215332,200,0.0,0.0,0.0
2024-10-09 13:15:00-04:00,47.75870132446289,47.75870132446289,47.75870132446289,47.75870132446289,1259,0.0,0.0,0.0
2024-10-09 13:20:00-04:00,47.7599983215332,47.7599983215332,47.750099182128906,47.753299713134766,4306,0.0,0.0,0.0
2024-10-09 13:25:00-04:00,47.755001068115234,47.7599983215332,47.750701904296875,47.7598991394043,20068,0.0,0.0,0.0
2024-10-09 13:30:00-04:00,47.755001068115234,47.755001068115234,47.755001068115234,47.755001068115234,2320,0.0,0.0,0.0
2024-10-09 13:35:00-04:00,47.755001068115234,47.755001068115234,47.75,47.75,945,0.0,0.0,0.0
2024-10-09 13:40:00-04:00,47.75,47.75,47.75,47.75,183,0.0,0.0,0.0
2024-10-09 13:45:00-04:00,47.744998931884766,47.744998931884766,47.7400016784668,47.7400016784668,615,0.0,0.0,0.0
2024-10-09 13:50:00-04:00,47.7400016784668,47.7401008605957,47.720001220703125,47.7401008605957,4442,0.0,0.0,0.0
2024-10-09 13:55:00-04:00,47.744998931884766,47.744998931884766,47.730098724365234,47.730098724365234,4929,0.0,0.0,0.0
2024-10-09 14:05:00-04:00,47.74290084838867,47.74290084838867,47.7400016784668,47.7400016784668,1824,0.0,0.0,0.0
2024-10-09 14:10:00-04:00,47.73500061035156,47.7400016784668,47.73500061035156,47.7400016784668,248,0.0,0.0,0.0
2024-10-09 14:15:00-04:00,47.7400016784668,47.744998931884766,47.7400016784668,47.744998931884766,1001,0.0,0.0,0.0
2024-10-09 14:20:00-04:00,47.744998931884766,47.755001068115234,47.744998931884766,47.75120162963867,2560,0.0,0.0,0.0
2024-10-09 14:25:00-04:00,47.77899932861328,47.77980041503906,47.77899932861328,47.77980041503906,827,0.0,0.0,0.0
2024-10-09 14:30:00-04:00,47.775001525878906,47.778900146484375,47.77000045776367,47.778900146484375,4244,0.0,0.0,0.0
2024-10-09 14:40:00-04:00,47.77000045776367,47.77000045776367,47.76499938964844,47.76499938964844,2873,0.0,0.0,0.0
2024-10-09 14:45:00-04:00,47.761199951171875,47.77000045776367,47.761199951171875,47.768798828125,1377,0.0,0.0,0.0
2024-10-09 14:50:00-04:00,47.76100158691406,47.76100158691406,47.7599983215332,47.7599983215332,1717,0.0,0.0,0.0
2024-10-09 14:55:00-04:00,47.75,47.75,47.75,47.75,431,0.0,0.0,0.0
2024-10-09 15:05:00-04:00,47.76499938964844,47.76499938964844,47.760101318359375,47.760101318359375,1849,0.0,0.0,0.0
2024-10-09 15:10:00-04:00,47.76499938964844,47.76499938964844,47.7598991394043,47.7598991394043,3069,0.0,0.0,0.0
2024-10-09 15:15:00-04:00,47.7599983215332,47.76499938964844,47.75519943237305,47.76499938964844,5413,0.0,0.0,0.0
2024-10-09 15:20:00-04:00,47.7599983215332,47.7599983215332,47.7599983215332,47.7599983215332,1090,0.0,0.0,0.0
2024-10-09 15:25:00-04:00,47.7598991394043,47.7598991394043,47.75529861450195,47.75529861450195,4111,0.0,0.0,0.0
2024-10-09 15:30:00-04:00,47.755001068115234,47.7599983215332,47.755001068115234,47.755001068115234,2409,0.0,0.0,0.0
2024-10-09 15:35:00-04:00,47.7599983215332,47.7599983215332,47.755699157714844,47.755699157714844,1416,0.0,0.0,0.0
2024-10-09 15:40:00-04:00,47.75,47.7588996887207,47.744998931884766,47.744998931884766,9963,0.0,0.0,0.0
2024-10-09 15:45:00-04:00,47.74150085449219,47.741600036621094,47.74150085449219,47.741600036621094,1608,0.0,0.0,0.0
2024-10-09 15:50:00-04:00,47.744998931884766,47.75,47.744998931884766,47.744998931884766,2151,0.0,0.0,0.0
2024-10-09 15:55:00-04:00,47.75,47.7599983215332,47.74129867553711,47.75,5489,0.0,0.0,0.0
2024-10-10 09:30:00-04:00,47.709999084472656,47.709999084472656,47.70000076293945,47.70000076293945,2948,0.0,0.0,0.0
2024-10-10 09:40:00-04:00,47.72999954223633,47.72999954223633,47.72999954223633,47.72999954223633,127,0.0,0.0,0.0
2024-10-10 09:45:00-04:00,47.720001220703125,47.73500061035156,47.71500015258789,47.73500061035156,1498,0.0,0.0,0.0
2024-10-10 09:50:00-04:00,47.75,47.75,47.7400016784668,47.7400016784668,2850,0.0,0.0,0.0
2024-10-10 09:55:00-04:00,47.7400016784668,47.7400016784668,47.70500183105469,47.70500183105469,1571,0.0,0.0,0.0
2024-10-10 10:00:00-04:00,47.72999954223633,47.72999954223633,47.709999084472656,47.71989822387695,2770,0.0,0.0,0.0
2024-10-10 10:05:00-04:00,47.724998474121094,47.724998474121094,47.70500183105469,47.709999084472656,2238,0.0,0.0,0.0
2024-10-10 10:10:00-04:00,47.70000076293945,47.7400016784668,47.70000076293945,47.7400016784668,3927,0.0,0.0,0.0
2024-10-10 10:15:00-04:00,47.721099853515625,47.721099853515625,47.70000076293945,47.70000076293945,1561,0.0,0.0,0.0
2024-10-10 10:25:00-04:00,47.698699951171875,47.698699951171875,47.68000030517578,47.68000030517578,341,0.0,0.0,0.0
2024-10-10 10:30:00-04:00,47.6974983215332,47.6974983215332,47.68009948730469,47.685001373291016,837,0.0,0.0,0.0
2024-10-10 10:35:00-04:00,47.674800872802734,47.67879867553711,47.67110061645508,47.67110061645508,783,0.0,0.0,0.0
2024-10-10 10:40:00-04:00,47.65999984741211,47.65999984741211,47.65999984741211,47.65999984741211,408,0.0,0.0,0.0
2024-10-10 10:45:00-04:00,47.65999984741211,47.65999984741211,47.65999984741211,47.65999984741211,123,0.0,0.0,0.0
2024-10-10 10:50:00-04:00,47.65999984741211,47.66379928588867,47.65999984741211,47.66379928588867,297,0.0,0.0,0.0
2024-10-10 10:55:00-04:00,47.66019821166992,47.67499923706055,47.66019821166992,47.6609992980957,1070,0.0,0.0,0.0
2024-10-10 11:00:00-04:00,47.650299072265625,47.650299072265625,47.650299072265625,47.650299072265625,448,0.0,0.0,0.0
2024-10-10 11:05:00-04:00,47.63999938964844,47.650001525878906,47.63999938964844,47.650001525878906,1484,0.0,0.0,0.0
2024-10-10 11:10:00-04:00,47.66999816894531,47.687400817871094,47.66999816894531,47.687400817871094,364,0.0,0.0,0.0
2024-10-10 11:15:00-04:00,47.685001373291016,47.70000076293945,47.685001373291016,47.70000076293945,566,0.0,0.0,0.0
2024-10-10 11:20:00-04:00,47.709999084472656,47.709999084472656,47.70500183105469,47.70500183105469,259,0.0,0.0,0.0
2024-10-10 11:30:00-04:00,47.715599060058594,47.715599060058594,47.715599060058594,47.715599060058594,142,0.0,0.0,0.0
2024-10-10 11:35:00-04:00,47.71879959106445,47.72890090942383,47.71500015258789,47.724998474121094,2871,0.0,0.0,0.0
2024-10-10 11:40:00-04:00,47.72880172729492,47.72999954223633,47.724998474121094,47.724998474121094,310,0.0,0.0,0.0
2024-10-10 11:45:00-04:00,47.729698181152344,47.72990036010742,47.71500015258789,47.71500015258789,2844,0.0,0.0,0.0
2024-10-10 11:50:00-04:00,47.71009826660156,47.720001220703125,47.71009826660156,47.720001220703125,257,0.0,0.0,0.0
2024-10-10 11:55:00-04:00,47.720001220703125,47.720001220703125,47.71500015258789,47.71500015258789,1330,0.0,0.0,0.0
2024-10-10 12:00:00-04:00,47.720001220703125,47.720001220703125,47.720001220703125,47.720001220703125,236,0.0,0.0,0.0
2024-10-10 12:05:00-04:00,47.720001220703125,47.720001220703125,47.720001220703125,47.720001220703125,348,0.0,0.0,0.0
2024-10-10 12:15:00-04:00,47.724998474121094,47.72800064086914,47.724998474121094,47.72800064086914,1142,0.0,0.0,0.0
2024-10-10 12:20:00-04:00,47.720001220703125,47.72968673706055,47.720001220703125,47.72968673706055,5628,0.0,0.0,0.0
2024-10-10 12:25:00-04:00,47.72999954223633,47.7400016784668,47.72990036010742,47.7400016784668,1358851,0.0,0.0,0.0
2024-10-10 12:30:00-04:00,47.744998931884766,47.744998931884766,47.7400016784668,47.7400016784668,1497,0.0,0.0,0.0
2024-10-10 12:35:00-04:00,47.73500061035156,47.73500061035156,47.73500061035156,47.73500061035156,4727,0.0,0.0,0.0
2024-10-10 12:40:00-04:00,47.72909927368164,47.72999954223633,47.709999084472656,47.709999084472656,1867,0.0,0.0,0.0
2024-10-10 12:45:00-04:00,47.68000030517578,47.68000030517578,47.66170120239258,47.66170120239258,2083,0.0,0.0,0.0
2024-10-10 12:50:00-04:00,47.68000030517578,47.68000030517578,47.68000030517578,47.68000030517578,248,0.0,0.0,0.0
2024-10-10 12:55:00-04:00,47.666500091552734,47.666500091552734,47.650001525878906,47.650001525878906,1063,0.0,0.0,0.0
2024-10-10 13:00:00-04:00,47.650001525878906,47.665000915527344,47.650001525878906,47.6599006652832,2008,0.0,0.0,0.0
2024-10-10 13:05:00-04:00,47.62919998168945,47.62919998168945,47.62919998168945,47.62919998168945,370,0.0,0.0,0.0
2024-10-10 13:10:00-04:00,47.6442985534668,47.64910125732422,47.619998931884766,47.619998931884766,1733,0.0,0.0,0.0
2024-10-10 13:15:00-04:00,47.6349983215332,47.64910125732422,47.6349983215332,47.64910125732422,1960,0.0,0.0,0.0
2024-10-10 13:20:00-04:00,47.650001525878906,47.66999816894531,47.650001525878906,47.665000915527344,3726,0.0,0.0,0.0
2024-10-10 13:25:00-04:00,47.65999984741211,47.65999984741211,47.65999984741211,47.65999984741211,161,0.0,0.0,0.0
2024-10-10 13:30:00-04:00,47.63999938964844,47.63999938964844,47.63999938964844,47.63999938964844,203,0.0,0.0,0.0
2024-10-10 13:35:00-04:00,47.640098571777344,47.650001525878906,47.640098571777344,47.650001525878906,718,0.0,0.0,0.0
2024-10-10 13:40:00-04:00,47.66120147705078,47.66120147705078,47.66120147705078,47.66120147705078,251,0.0,0.0,0.0
2024-10-10 13:45:00-04:00,47.66999816894531,47.670101165771484,47.669898986816406,47.66999816894531,1031,0.0,0.0,0.0
2024-10-10 13:50:00-04:00,47.669898986816406,47.67499923706055,47.669898986816406,47.669898986816406,2139,0.0,0.0,0.0
2024-10-10 13:55:00-04:00,47.66999816894531,47.67499923706055,47.66999816894531,47.67499923706055,1283,0.0,0.0,0.0
2024-10-10 14:00:00-04:00,47.66999816894531,47.67620086669922,47.66999816894531,47.67499923706055,786,0.0,0.0,0.0
2024-10-10 14:15:00-04:00,47.68130111694336,47.68130111694336,47.68130111694336,47.68130111694336,229,0.0,0.0,0.0
2024-10-10 14:20:00-04:00,47.685001373291016,47.689998626708984,47.685001373291016,47.689998626708984,405,0.0,0.0,0.0
2024-10-10 14:25:00-04:00,47.689998626708984,47.689998626708984,47.685001373291016,47.685001373291016,3162,0.0,0.0,0.0
2024-10-10 14:30:00-04:00,47.685001373291016,47.685001373291016,47.68119812011719,47.68119812011719,786,0.0,0.0,0.0
2024-10-10 14:35:00-04:00,47.685001373291016,47.69879913330078,47.685001373291016,47.69879913330078,753,0.0,0.0,0.0
2024-10-10 14:40:00-04:00,47.70500183105469,47.70500183105469,47.70500183105469,47.70500183105469,102,0.0,0.0,0.0
2024-10-10 14:45:00-04:00,47.70500183105469,47.70500183105469,47.70119857788086,47.70500183105469,1377,0.0,0.0,0.0
2024-10-10 14:50:00-04:00,47.70500183105469,47.70500183105469,47.70500183105469,47.70500183105469,275,0.0,0.0,0.0
2024-10-10 14:55:00-04:00,47.70000076293945,47.70100021362305,47.70000076293945,47.70000076293945,1241,0.0,0.0,0.0
2024-10-10 15:00:00-04:00,47.69499969482422,47.695899963378906,47.685001373291016,47.689998626708984,5860,0.0,0.0,0.0
2024-10-10 15:05:00-04:00,47.69879913330078,47.69879913330078,47.69110107421875,47.69879913330078,2993,0.0,0.0,0.0
2024-10-10 15:10:00-04:00,47.69499969482422,47.70209884643555,47.69499969482422,47.70209884643555,802,0.0,0.0,0.0
2024-10-10 15:15:00-04:00,47.70109939575195,47.71500015258789,47.70109939575195,47.71500015258789,4215,0.0,0.0,0.0
2024-10-10 15:20:00-04:00,47.711299896240234,47.720001220703125,47.709999084472656,47.71500015258789,4854,0.0,0.0,0.0
2024-10-10 15:25:00-04:00,47.711299896240234,47.71889877319336,47.709999084472656,47.71500015258789,1946,0.0,0.0,0.0
2024-10-10 15:30:00-04:00,47.71500015258789,47.724998474121094,47.71500015258789,47.724998474121094,958,0.0,0.0,0.0
2024-10-10 15:35:00-04:00,47.729698181152344,47.73500061035156,47.729698181152344,47.73500061035156,1602,0.0,0.0,0.0
2024-10-10 15:40:00-04:00,47.73500061035156,47.744998931884766,47.73500061035156,47.744998931884766,813,0.0,0.0,0.0
2024-10-10 15:45:00-04:00,47.744998931884766,47.744998931884766,47.7400016784668,47.7400016784668,3171,0.0,0.0,0.0
2024-10-10 15:50:00-04:00,47.74330139160156,47.744998931884766,47.72999954223633,47.72999954223633,1705,0.0,0.0,0.0
2024-10-10 15:55:00-04:00,47.72999954223633,47.73500061035156,47.724998474121094,47.72999954223633,10038,0.0,0.0,0.0
2024-10-11 09:30:00-04:00,47.689998626708984,47.689998626708984,47.65999984741211,47.68000030517578,29393,0.0,0.0,0.0
2024-10-11 09:35:00-04:00,47.689998626708984,47.70500183105469,47.689998626708984,47.70500183105469,829,0.0,0.0,0.0
2024-10-11 09:40:00-04:00,47.689998626708984,47.689998626708984,47.689998626708984,47.689998626708984,137,0.0,0.0,0.0
2024-10-11 09:45:00-04:00,47.69499969482422,47.70000076293945,47.69499969482422,47.69499969482422,1644,0.0,0.0,0.0
2024-10-11 09:50:00-04:00,47.69499969482422,47.69499969482422,47.68000030517578,47.68000030517578,2424,0.0,0.0,0.0
2024-10-11 10:00:00-04:00,47.68000030517578,47.70500183105469,47.68000030517578,47.685001373291016,4641,0.0,0.0,0.0
2024-10-11 10:05:00-04:00,47.68000030517578,47.68000030517578,47.665000915527344,47.665000915527344,2842,0.0,0.0,0.0
2024-10-11 10:10:00-04:00,47.66999816894531,47.689998626708984,47.65999984741211,47.68000030517578,900,0.0,0.0,0.0
2024-10-11 10:15:00-04:00,47.70000076293945,47.70000076293945,47.70000076293945,47.70000076293945,172,0.0,0.0,0.0
2024-10-11 10:20:00-04:00,47.68109893798828,47.68109893798828,47.68000030517578,47.68000030517578,2177,0.0,0.0,0.0
2024-10-11 10:25:00-04:00,47.68769836425781,47.689998626708984,47.68769836425781,47.689998626708984,873,0.0,0.0,0.0
2024-10-11 10:30:00-04:00,47.68000030517578,47.689998626708984,47.68000030517578,47.685001373291016,2417,0.0,0.0,0.0
2024-10-11 10:35:00-04:00,47.69499969482422,47.709800720214844,47.69499969482422,47.709800720214844,1795,0.0,0.0,0.0
2024-10-11 10:40:00-04:00,47.720001220703125,47.720001220703125,47.720001220703125,47.720001220703125,225,0.0,0.0,0.0
2024-10-11 10:45:00-04:00,47.709999084472656,47.709999084472656,47.709999084472656,47.709999084472656,412,0.0,0.0,0.0
2024-10-11 10:50:00-04:00,47.71849822998047,47.72129821777344,47.71849822998047,47.72129821777344,1068,0.0,0.0,0.0
2024-10-11 10:55:00-04:00,47.711299896240234,47.720001220703125,47.711299896240234,47.720001220703125,500,0.0,0.0,0.0
2024-10-11 11:00:00-04:00,47.71757125854492,47.720001220703125,47.71757125854492,47.720001220703125,1572,0.0,0.0,0.0
2024-10-11 11:05:00-04:00,47.724998474121094,47.724998474121094,47.724998474121094,47.724998474121094,257,0.0,0.0,0.0
2024-10-11 11:10:00-04:00,47.724998474121094,47.73500061035156,47.724998474121094,47.73500061035156,532,0.0,0.0,0.0
2024-10-11 11:15:00-04:00,47.73500061035156,47.73500061035156,47.73500061035156,47.73500061035156,1613,0.0,0.0,0.0
2024-10-11 11:20:00-04:00,47.73500061035156,47.75,47.73500061035156,47.75,1770,0.0,0.0,0.0
2024-10-11 11:25:00-04:00,47.7588005065918,47.7588005065918,47.7588005065918,47.7588005065918,260,0.0,0.0,0.0
2024-10-11 11:30:00-04:00,47.76499938964844,47.77000045776367,47.76499938964844,47.767398834228516,3400,0.0,0.0,0.0
2024-10-11 11:35:00-04:00,47.77000045776367,47.779998779296875,47.77000045776367,47.77000045776367,3097,0.0,0.0,0.0
2024-10-11 11:40:00-04:00,47.760101318359375,47.76499938964844,47.760101318359375,47.76499938964844,492,0.0,0.0,0.0
2024-10-11 11:45:00-04:00,47.768001556396484,47.768001556396484,47.7599983215332,47.7599983215332,1822,0.0,0.0,0.0
2024-10-11 11:50:00-04:00,47.76190185546875,47.76190185546875,47.76190185546875,47.76190185546875,416,0.0,0.0,0.0
2024-10-11 11:55:00-04:00,47.76499938964844,47.76499938964844,47.7599983215332,47.760799407958984,596,0.0,0.0,0.0
2024-10-11 12:00:00-04:00,47.76890182495117,47.76890182495117,47.755001068115234,47.7599983215332,5089,0.0,0.0,0.0
2024-10-11 12:10:00-04:00,47.77000045776367,47.775001525878906,47.77000045776367,47.775001525878906,982,0.0,0.0,0.0
2024-10-11 12:15:00-04:00,47.76499938964844,47.77799987792969,47.76499938964844,47.77799987792969,5676,0.0,0.0,0.0
2024-10-11 12:20:00-04:00,47.770301818847656,47.775001525878906,47.770301818847656,47.775001525878906,1692,0.0,0.0,0.0
2024-10-11 12:25:00-04:00,47.775001525878906,47.775001525878906,47.775001525878906,47.775001525878906,530,0.0,0.0,0.0
2024-10-11 12:30:00-04:00,47.775001525878906,47.790000915527344,47.775001525878906,47.790000915527344,2609,0.0,0.0,0.0
2024-10-11 12:35:00-04:00,47.78499984741211,47.78499984741211,47.78129959106445,47.78129959106445,1397,0.0,0.0,0.0
2024-10-11 12:40:00-04:00,47.779998779296875,47.789798736572266,47.77009963989258,47.77009963989258,25328,0.0,0.0,0.0
2024-10-11 12:45:00-04:00,47.775001525878906,47.775001525878906,47.77000045776367,47.77000045776367,204,0.0,0.0,0.0
2024-10-11 12:50:00-04:00,47.775001525878906,47.782901763916016,47.775001525878906,47.782901763916016,2366,0.0,0.0,0.0
2024-10-11 12:55:00-04:00,47.78499984741211,47.79499816894531,47.78499984741211,47.79499816894531,2194,0.0,0.0,0.0
2024-10-11 13:00:00-04:00,47.79499816894531,47.79999923706055,47.79499816894531,47.79499816894531,349,0.0,0.0,0.0
2024-10-11 13:05:00-04:00,47.7958984375,47.7958984375,47.78120040893555,47.78120040893555,4470,0.0,0.0,0.0
2024-10-11 13:15:00-04:00,47.779998779296875,47.779998779296875,47.77119827270508,47.772098541259766,1564,0.0,0.0,0.0
2024-10-11 13:20:00-04:00,47.779998779296875,47.779998779296875,47.77690124511719,47.77690124511719,32073,0.0,0.0,0.0
2024-10-11 13:25:00-04:00,47.77009963989258,47.77119827270508,47.77009963989258,47.77119827270508,947,0.0,0.0,0.0
2024-10-11 13:30:00-04:00,47.779998779296875,47.779998779296875,47.77000045776367,47.775001525878906,2338,0.0,0.0,0.0
2024-10-11 13:35:00-04:00,47.775001525878906,47.775001525878906,47.77000045776367,47.775001525878906,2791,0.0,0.0,0.0
2024-10-11 13:40:00-04:00,47.77000045776367,47.77000045776367,47.76499938964844,47.76499938964844,371,0.0,0.0,0.0
2024-10-11 13:45:00-04:00,47.775001525878906,47.775001525878906,47.775001525878906,47.775001525878906,1405,0.0,0.0,0.0
2024-10-11 13:50:00-04:00,47.775001525878906,47.775001525878906,47.7599983215332,47.77000045776367,1949,0.0,0.0,0.0
2024-10-11 14:10:00-04:00,47.77880096435547,47.779998779296875,47.77119827270508,47.779998779296875,1292,0.0,0.0,0.0
2024-10-11 14:15:00-04:00,47.779998779296875,47.779998779296875,47.77989959716797,47.77989959716797,795,0.0,0.0,0.0
2024-10-11 14:20:00-04:00,47.77119827270508,47.779998779296875,47.77009963989258,47.77980041503906,5595,0.0,0.0,0.0
2024-10-11 14:25:00-04:00,47.779998779296875,47.779998779296875,47.779998779296875,47.779998779296875,357,0.0,0.0,0.0
2024-10-11 14:35:00-04:00,47.78499984741211,47.78499984741211,47.78499984741211,47.78499984741211,2498,0.0,0.0,0.0
2024-10-11 14:40:00-04:00,47.78889846801758,47.78889846801758,47.779998779296875,47.779998779296875,4058,0.0,0.0,0.0
2024-10-11 14:45:00-04:00,47.78010177612305,47.78010177612305,47.78010177612305,47.78010177612305,333,0.0,0.0,0.0
2024-10-11 14:55:00-04:00,47.779998779296875,47.78499984741211,47.779998779296875,47.78499984741211,1301,0.0,0.0,0.0
2024-10-11 15:00:00-04:00,47.779998779296875,47.779998779296875,47.760101318359375,47.760101318359375,11454,0.0,0.0,0.0
2024-10-11 15:05:00-04:00,47.761199951171875,47.76499938964844,47.761199951171875,47.762603759765625,1295,0.0,0.0,0.0
2024-10-11 15:10:00-04:00,47.769901275634766,47.77000045776367,47.76499938964844,47.77000045776367,1234,0.0,0.0,0.0
2024-10-11 15:15:00-04:00,47.761199951171875,47.761199951171875,47.7599983215332,47.7599983215332,554,0.0,0.0,0.0
2024-10-11 15:20:00-04:00,47.7599983215332,47.7599983215332,47.7599983215332,47.7599983215332,100,0.0,0.0,0.0
2024-10-11 15:25:00-04:00,47.7599983215332,47.7599983215332,47.7599983215332,47.7599983215332,524,0.0,0.0,0.0
2024-10-11 15:30:00-04:00,47.75130081176758,47.75130081176758,47.75120162963867,47.75120162963867,1152,0.0,0.0,0.0
2024-10-11 15:35:00-04:00,47.7510986328125,47.755001068115234,47.7510986328125,47.755001068115234,2982,0.0,0.0,0.0
2024-10-11 15:40:00-04:00,47.755001068115234,47.755001068115234,47.755001068115234,47.755001068115234,1159,0.0,0.0,0.0
2024-10-11 15:45:00-04:00,47.75,47.756500244140625,47.75,47.755001068115234,1383,0.0,0.0,0.0
2024-10-11 15:50:00-04:00,47.77000045776367,47.77000045776367,47.7599983215332,47.7599983215332,6038,0.0,0.0,0.0
2024-10-11 15:55:00-04:00,47.7599983215332,47.76499938964844,47.72999954223633,47.72999954223633,5813,0.0,0.0,0.0
2024-10-14 09:30:00-04:00,47.58000183105469,47.58000183105469,47.58000183105469,47.58000183105469,1739,0.0,0.0,0.0
2024-10-14 09:35:00-04:00,47.585601806640625,47.589698791503906,47.58000183105469,47.589698791503906,13155,0.0,0.0,0.0
2024-10-14 09:40:00-04:00,47.589900970458984,47.589900970458984,47.589900970458984,47.589900970458984,421,0.0,0.0,0.0
2024-10-14 09:45:00-04:00,47.5989990234375,47.5989990234375,47.5989990234375,47.5989990234375,300,0.0,0.0,0.0
2024-10-14 09:50:00-04:00,47.598899841308594,47.598899841308594,47.59000015258789,47.595001220703125,4322,0.0,0.0,0.0
2024-10-14 09:55:00-04:00,47.59000015258789,47.59000015258789,47.59000015258789,47.59000015258789,139,0.0,0.0,0.0
2024-10-14 10:00:00-04:00,47.584999084472656,47.58879852294922,47.584999084472656,47.584999084472656,3537,0.0,0.0,0.0
2024-10-14 10:05:00-04:00,47.58879852294922,47.58879852294922,47.58879852294922,47.58879852294922,264,0.0,0.0,0.0
2024-10-14 10:10:00-04:00,47.59000015258789,47.59000015258789,47.581199645996094,47.584999084472656,4332,0.0,0.0,0.0
2024-10-14 10:20:00-04:00,47.599998474121094,47.61000061035156,47.599998474121094,47.609901428222656,1812,0.0,0.0,0.0
2024-10-14 10:30:00-04:00,47.61090087890625,47.61090087890625,47.61000061035156,47.61000061035156,1499,0.0,0.0,0.0
2024-10-14 10:35:00-04:00,47.611000061035156,47.611000061035156,47.60499954223633,47.60499954223633,1474,0.0,0.0,0.0
2024-10-14 10:40:00-04:00,47.61000061035156,47.61009979248047,47.61000061035156,47.61009979248047,3284,0.0,0.0,0.0
2024-10-14 10:45:00-04:00,47.619998931884766,47.619998931884766,47.619998931884766,47.619998931884766,151,0.0,0.0,0.0
2024-10-14 10:50:00-04:00,47.630001068115234,47.630001068115234,47.625,47.62969970703125,2423,0.0,0.0,0.0
2024-10-14 10:55:00-04:00,47.630001068115234,47.6349983215332,47.62089920043945,47.6349983215332,602,0.0,0.0,0.0
2024-10-14 11:00:00-04:00,47.6349983215332,47.6349983215332,47.625,47.625,4454,0.0,0.0,0.0
2024-10-14 11:05:00-04:00,47.625,47.63999938964844,47.625,47.630001068115234,3487,0.0,0.0,0.0
2024-10-14 11:10:00-04:00,47.63100051879883,47.63169860839844,47.625,47.625,1961,0.0,0.0,0.0
2024-10-14 11:15:00-04:00,47.62990188598633,47.62990188598633,47.62990188598633,47.62990188598633,360,0.0,0.0,0.0
2024-10-14 11:20:00-04:00,47.62009811401367,47.62009811401367,47.62009811401367,47.62009811401367,332,0.0,0.0,0.0
2024-10-14 11:30:00-04:00,47.63999938964844,47.63999938964844,47.63999938964844,47.63999938964844,208,0.0,0.0,0.0
2024-10-14 11:40:00-04:00,47.650001525878906,47.650001525878906,47.649898529052734,47.649898529052734,2982,0.0,0.0,0.0
2024-10-14 11:45:00-04:00,47.64500045776367,47.650001525878906,47.64500045776367,47.64500045776367,4318,0.0,0.0,0.0
2024-10-14 11:50:00-04:00,47.640098571777344,47.650001525878906,47.640098571777344,47.650001525878906,2180,0.0,0.0,0.0
2024-10-14 11:55:00-04:00,47.650001525878906,47.65869903564453,47.650001525878906,47.65869903564453,2100,0.0,0.0,0.0
2024-10-14 12:00:00-04:00,47.654998779296875,47.65650177001953,47.650001525878906,47.650001525878906,1168,0.0,0.0,0.0
2024-10-14 12:05:00-04:00,47.65010070800781,47.654998779296875,47.650001525878906,47.650001525878906,805,0.0,0.0,0.0
2024-10-14 12:10:00-04:00,47.63999938964844,47.64889907836914,47.63999938964844,47.64889907836914,778,0.0,0.0,0.0
2024-10-14 12:15:00-04:00,47.64500045776367,47.64680099487305,47.64500045776367,47.64680099487305,239,0.0,0.0,0.0
2024-10-14 12:20:00-04:00,47.641300201416016,47.650001525878906,47.641300201416016,47.650001525878906,821,0.0,0.0,0.0
2024-10-14 12:25:00-04:00,47.63999938964844,47.64870071411133,47.63999938964844,47.64870071411133,438,0.0,0.0,0.0
2024-10-14 12:30:00-04:00,47.648799896240234,47.648799896240234,47.63999938964844,47.63999938964844,1481,0.0,0.0,0.0
2024-10-14 12:35:00-04:00,47.63970184326172,47.63999938964844,47.63970184326172,47.63999938964844,285,0.0,0.0,0.0
2024-10-14 12:40:00-04:00,47.6349983215332,47.6349983215332,47.6349983215332,47.6349983215332,411,0.0,0.0,0.0
2024-10-14 12:45:00-04:00,47.630001068115234,47.630001068115234,47.619998931884766,47.62839889526367,615,0.0,0.0,0.0
2024-10-14 12:50:00-04:00,47.630001068115234,47.630001068115234,47.62630081176758,47.62630081176758,526,0.0,0.0,0.0
2024-10-14 12:55:00-04:00,47.62879943847656,47.630001068115234,47.625,47.630001068115234,2342,0.0,0.0,0.0
2024-10-14 13:00:00-04:00,47.62110137939453,47.63990020751953,47.62110137939453,47.63880157470703,6058,0.0,0.0,0.0
2024-10-14 13:05:00-04:00,47.63959884643555,47.654998779296875,47.63959884643555,47.654998779296875,1371,0.0,0.0,0.0
2024-10-14 13:10:00-04:00,47.65999984741211,47.65999984741211,47.63999938964844,47.64500045776367,12209,0.0,0.0,0.0
2024-10-14 13:15:00-04:00,47.64929962158203,47.64929962158203,47.64929962158203,47.64929962158203,1366,0.0,0.0,0.0
2024-10-14 13:20:00-04:00,47.64500045776367,47.64500045776367,47.64500045776367,47.64500045776367,493,0.0,0.0,0.0
2024-10-14 13:40:00-04:00,47.6421012878418,47.6421012878418,47.6421012878418,47.6421012878418,191,0.0,0.0,0.0
2024-10-14 13:50:00-04:00,47.64849853515625,47.649898529052734,47.64500045776367,47.64500045776367,5823,0.0,0.0,0.0
2024-10-14 13:55:00-04:00,47.64500045776367,47.64500045776367,47.64500045776367,47.64500045776367,267,0.0,0.0,0.0
2024-10-14 14:00:00-04:00,47.648799896240234,47.648799896240234,47.64500045776367,47.64500045776367,1125,0.0,0.0,0.0
2024-10-14 14:05:00-04:00,47.64500045776367,47.64500045776367,47.64500045776367,47.64500045776367,313,0.0,0.0,0.0
2024-10-14 14:10:00-04:00,47.64120101928711,47.64120101928711,47.64120101928711,47.64120101928711,443,0.0,0.0,0.0
2024-10-14 14:15:00-04:00,47.64889907836914,47.64889907836914,47.64889907836914,47.64889907836914,1016,0.0,0.0,0.0
2024-10-14 14:25:00-04:00,47.64500045776367,47.649898529052734,47.64500045776367,47.649898529052734,0,0.0,0.0,0.0
2024-10-14 14:30:00-04:00,47.650001525878906,47.650001525878906,47.650001525878906,47.650001525878906,106273,0.0,0.0,0.0
2024-10-14 14:35:00-04:00,47.64500045776367,47.64500045776367,47.64500045776367,47.64500045776367,360,0.0,0.0,0.0
2024-10-14 14:45:00-04:00,47.64500045776367,47.650001525878906,47.640098571777344,47.650001525878906,2119,0.0,0.0,0.0
2024-10-14 14:50:00-04:00,47.64500045776367,47.647499084472656,47.64500045776367,47.647499084472656,418,0.0,0.0,0.0
2024-10-14 14:55:00-04:00,47.64500045776367,47.6599006652832,47.64500045776367,47.6599006652832,823,0.0,0.0,0.0
2024-10-14 15:00:00-04:00,47.654998779296875,47.67890167236328,47.63999938964844,47.67499923706055,7249,0.0,0.0,0.0
2024-10-14 15:10:00-04:00,47.67879867553711,47.67879867553711,47.670101165771484,47.670101165771484,1295,0.0,0.0,0.0
2024-10-14 15:15:00-04:00,47.676700592041016,47.685001373291016,47.676700592041016,47.685001373291016,1298,0.0,0.0,0.0
2024-10-14 15:20:00-04:00,47.68170166015625,47.685001373291016,47.68119812011719,47.68119812011719,960,0.0,0.0,0.0
2024-10-14 15:25:00-04:00,47.698699951171875,47.698699951171875,47.698699951171875,47.698699951171875,156,0.0,0.0,0.0
2024-10-14 15:30:00-04:00,47.69499969482422,47.69499969482422,47.69356155395508,47.69356155395508,353,0.0,0.0,0.0
2024-10-14 15:35:00-04:00,47.699798583984375,47.699798583984375,47.689998626708984,47.690101623535156,13646,0.0,0.0,0.0
2024-10-14 15:40:00-04:00,47.690101623535156,47.69499969482422,47.690101623535156,47.690101623535156,4194,0.0,0.0,0.0
2024-10-14 15:45:00-04:00,47.69499969482422,47.69710159301758,47.691200256347656,47.69710159301758,2120,0.0,0.0,0.0
2024-10-14 15:50:00-04:00,47.69499969482422,47.69499969482422,47.689998626708984,47.69499969482422,2078,0.0,0.0,0.0
2024-10-14 15:55:00-04:00,47.70000076293945,47.70500183105469,47.70000076293945,47.70500183105469,1505,0.0,0.0,0.0
2024-10-15 09:30:00-04:00,47.849998474121094,47.86800003051758,47.849998474121094,47.86000061035156,4268,0.0,0.0,0.0
2024-10-15 09:35:00-04:00,47.86000061035156,47.8650016784668,47.86000061035156,47.8650016784668,1009,0.0,0.0,0.0
2024-10-15 09:40:00-04:00,47.86940002441406,47.869998931884766,47.86940002441406,47.869998931884766,1406,0.0,0.0,0.0
2024-10-15 09:45:00-04:00,47.8650016784668,47.87770080566406,47.8650016784668,47.869998931884766,1308,0.0,0.0,0.0
2024-10-15 09:50:00-04:00,47.86000061035156,47.862998962402344,47.849998474121094,47.849998474121094,907,0.0,0.0,0.0
2024-10-15 09:55:00-04:00,47.849998474121094,47.859100341796875,47.83190155029297,47.839900970458984,2001,0.0,0.0,0.0
2024-10-15 10:00:00-04:00,47.834999084472656,47.839900970458984,47.83000183105469,47.83000183105469,3473,0.0,0.0,0.0
2024-10-15 10:05:00-04:00,47.83000183105469,47.83829879760742,47.83000183105469,47.83829879760742,426,0.0,0.0,0.0
2024-10-15 10:10:00-04:00,47.8489990234375,47.8489990234375,47.8484992980957,47.8484992980957,1158,0.0,0.0,0.0
2024-10-15 10:15:00-04:00,47.8489990234375,47.849998474121094,47.845001220703125,47.84629821777344,1905,0.0,0.0,0.0
2024-10-15 10:20:00-04:00,47.8650016784668,47.8650016784668,47.86009979248047,47.86009979248047,489,0.0,0.0,0.0
2024-10-15 10:25:00-04:00,47.86790084838867,47.86790084838867,47.85499954223633,47.85499954223633,1172,0.0,0.0,0.0
2024-10-15 10:30:00-04:00,47.849998474121094,47.86000061035156,47.849998474121094,47.86000061035156,1144,0.0,0.0,0.0
2024-10-15 10:35:00-04:00,47.849998474121094,47.849998474121094,47.849998474121094,47.849998474121094,344,0.0,0.0,0.0
2024-10-15 10:45:00-04:00,47.880001068115234,47.897499084472656,47.880001068115234,47.897499084472656,664,0.0,0.0,0.0
2024-10-15 10:50:00-04:00,47.88650131225586,47.88999938964844,47.88650131225586,47.88999938964844,420,0.0,0.0,0.0
2024-10-15 10:55:00-04:00,47.85499954223633,47.85499954223633,47.85499954223633,47.85499954223633,324,0.0,0.0,0.0
2024-10-15 11:00:00-04:00,47.84000015258789,47.84000015258789,47.84000015258789,47.84000015258789,169,0.0,0.0,0.0
2024-10-15 11:05:00-04:00,47.84149932861328,47.84149932861328,47.84149932861328,47.84149932861328,201,0.0,0.0,0.0
2024-10-15 11:10:00-04:00,47.85110092163086,47.85110092163086,47.85110092163086,47.85110092163086,914,0.0,0.0,0.0
2024-10-15 11:15:00-04:00,47.849998474121094,47.849998474121094,47.849998474121094,47.849998474121094,267,0.0,0.0,0.0
2024-10-15 11:25:00-04:00,47.85499954223633,47.85499954223633,47.85499954223633,47.85499954223633,1066,0.0,0.0,0.0
2024-10-15 11:35:00-04:00,47.87321853637695,47.875,47.87030029296875,47.875,4797,0.0,0.0,0.0
2024-10-15 11:40:00-04:00,47.875,47.880001068115234,47.869998931884766,47.869998931884766,4557,0.0,0.0,0.0
2024-10-15 11:45:00-04:00,47.875,47.875,47.875,47.875,150,0.0,0.0,0.0
2024-10-15 11:50:00-04:00,47.875,47.875,47.87120056152344,47.87120056152344,276,0.0,0.0,0.0
2024-10-15 11:55:00-04:00,47.87080001831055,47.880001068115234,47.87080001831055,47.880001068115234,4545,0.0,0.0,0.0
2024-10-15 12:00:00-04:00,47.875,47.875,47.869998931884766,47.869998931884766,867,0.0,0.0,0.0
2024-10-15 12:05:00-04:00,47.869998931884766,47.869998931884766,47.869998931884766,47.869998931884766,501,0.0,0.0,0.0
2024-10-15 12:15:00-04:00,47.875,47.875,47.8656005859375,47.8656005859375,1756,0.0,0.0,0.0
2024-10-15 12:20:00-04:00,47.870399475097656,47.875,47.869998931884766,47.875,3400,0.0,0.0,0.0
2024-10-15 12:25:00-04:00,47.875,47.875,47.86000061035156,47.86000061035156,808,0.0,0.0,0.0
2024-10-15 12:30:00-04:00,47.856998443603516,47.856998443603516,47.856998443603516,47.856998443603516,738,0.0,0.0,0.0
2024-10-15 12:35:00-04:00,47.85499954223633,47.859901428222656,47.849998474121094,47.849998474121094,5573,0.0,0.0,0.0
2024-10-15 12:40:00-04:00,47.85020065307617,47.85499954223633,47.85020065307617,47.854000091552734,563,0.0,0.0,0.0
2024-10-15 12:45:00-04:00,47.86000061035156,47.86000061035156,47.86000061035156,47.86000061035156,500,0.0,0.0,0.0
2024-10-15 12:50:00-04:00,47.86664581298828,47.86664581298828,47.8650016784668,47.8650016784668,254,0.0,0.0,0.0
2024-10-15 12:55:00-04:00,47.869998931884766,47.869998931884766,47.8650016784668,47.8650016784668,523,0.0,0.0,0.0
2024-10-15 13:10:00-04:00,47.85499954223633,47.86000061035156,47.85499954223633,47.86000061035156,699,0.0,0.0,0.0
2024-10-15 13:15:00-04:00,47.86869812011719,47.86869812011719,47.8650016784668,47.8650016784668,214,0.0,0.0,0.0
2024-10-15 13:20:00-04:00,47.86869812011719,47.86869812011719,47.860599517822266,47.8650016784668,653,0.0,0.0,0.0
2024-10-15 13:25:00-04:00,47.8650016784668,47.8650016784668,47.86000061035156,47.86000061035156,359,0.0,0.0,0.0
2024-10-15 13:30:00-04:00,47.86000061035156,47.86000061035156,47.85499954223633,47.86000061035156,2880,0.0,0.0,0.0
2024-10-15 13:40:00-04:00,47.86029815673828,47.86899948120117,47.86029815673828,47.8650016784668,796,0.0,0.0,0.0
2024-10-15 13:45:00-04:00,47.849998474121094,47.849998474121094,47.849998474121094,47.849998474121094,108,0.0,0.0,0.0
2024-10-15 13:50:00-04:00,47.85060119628906,47.85060119628906,47.85020065307617,47.85020065307617,1400,0.0,0.0,0.0
2024-10-15 13:55:00-04:00,47.85499954223633,47.85499954223633,47.85499954223633,47.85499954223633,283,0.0,0.0,0.0
2024-10-15 14:00:00-04:00,47.85900115966797,47.86000061035156,47.85900115966797,47.86000061035156,956,0.0,0.0,0.0
2024-10-15 14:05:00-04:00,47.86000061035156,47.86399841308594,47.85499954223633,47.86399841308594,1400,0.0,0.0,0.0
2024-10-15 14:10:00-04:00,47.869998931884766,47.87990188598633,47.86690139770508,47.875,1439,0.0,0.0,0.0
2024-10-15 14:20:00-04:00,47.876800537109375,47.876800537109375,47.8755989074707,47.8755989074707,517,0.0,0.0,0.0
2024-10-15 14:25:00-04:00,47.87689971923828,47.87689971923828,47.875,47.875,564,0.0,0.0,0.0
2024-10-15 14:30:00-04:00,47.880001068115234,47.8849983215332,47.875,47.8849983215332,1253,0.0,0.0,0.0
2024-10-15 14:35:00-04:00,47.88399887084961,47.8849983215332,47.88399887084961,47.8849983215332,684,0.0,0.0,0.0
2024-10-15 14:40:00-04:00,47.88589859008789,47.88589859008789,47.88100051879883,47.88100051879883,4346,0.0,0.0,0.0
2024-10-15 14:45:00-04:00,47.8849983215332,47.8849983215332,47.8849983215332,47.8849983215332,417,0.0,0.0,0.0
2024-10-15 14:50:00-04:00,47.880001068115234,47.8849983215332,47.875,47.875,572,0.0,0.0,0.0
2024-10-15 14:55:00-04:00,47.875,47.875,47.869998931884766,47.869998931884766,2974,0.0,0.0,0.0
2024-10-15 15:00:00-04:00,47.869998931884766,47.869998931884766,47.8661994934082,47.8661994934082,405,0.0,0.0,0.0
2024-10-15 15:05:00-04:00,47.875,47.875,47.875,47.875,900,0.0,0.0,0.0
2024-10-15 15:10:00-04:00,47.872501373291016,47.880001068115234,47.872501373291016,47.880001068115234,224,0.0,0.0,0.0
2024-10-15 15:15:00-04:00,47.89500045776367,47.900001525878906,47.89500045776367,47.89630126953125,807,0.0,0.0,0.0
2024-10-15 15:20:00-04:00,47.904998779296875,47.9099006652832,47.88999938964844,47.88999938964844,2304,0.0,0.0,0.0
2024-10-15 15:25:00-04:00,47.8927001953125,47.893001556396484,47.8927001953125,47.893001556396484,529,0.0,0.0,0.0
2024-10-15 15:30:00-04:00,47.891300201416016,47.89500045776367,47.891300201416016,47.89500045776367,913,0.0,0.0,0.0
2024-10-15 15:35:00-04:00,47.89500045776367,47.89500045776367,47.890098571777344,47.890098571777344,1472,0.0,0.0,0.0
2024-10-15 15:40:00-04:00,47.88999938964844,47.88999938964844,47.88869857788086,47.888999938964844,3396,0.0,0.0,0.0
2024-10-15 15:45:00-04:00,47.881900787353516,47.8849983215332,47.881900787353516,47.8849983215332,1717,0.0,0.0,0.0
2024-10-15 15:50:00-04:00,47.8849983215332,47.888999938964844,47.88079833984375,47.88100051879883,5142,0.0,0.0,0.0
2024-10-15 15:55:00-04:00,47.880001068115234,47.88999938964844,47.880001068115234,47.8849983215332,10095,0.0,0.0,0.0
2024-10-16 09:30:00-04:00,47.95000076293945,47.959999084472656,47.95000076293945,47.959999084472656,6911,0.0,0.0,0.0
2024-10-16 09:35:00-04:00,47.95000076293945,47.959999084472656,47.94499969482422,47.94499969482422,1550,0.0,0.0,0.0
2024-10-16 09:40:00-04:00,47.95000076293945,47.970001220703125,47.95000076293945,47.970001220703125,12742,0.0,0.0,0.0
2024-10-16 09:45:00-04:00,47.974998474121094,47.97999954223633,47.970001220703125,47.970001220703125,5489,0.0,0.0,0.0
2024-10-16 09:50:00-04:00,47.970001220703125,47.970001220703125,47.95500183105469,47.959999084472656,2427,0.0,0.0,0.0
2024-10-16 09:55:00-04:00,47.959999084472656,47.96500015258789,47.95500183105469,47.96500015258789,4088,0.0,0.0,0.0
2024-10-16 10:00:00-04:00,47.96500015258789,47.96500015258789,47.95500183105469,47.95500183105469,7286,0.0,0.0,0.0
2024-10-16 10:05:00-04:00,47.959999084472656,47.959999084472656,47.95000076293945,47.95500183105469,3053,0.0,0.0,0.0
2024-10-16 10:10:00-04:00,47.95500183105469,47.96929931640625,47.95500183105469,47.96500015258789,4258,0.0,0.0,0.0
2024-10-16 10:15:00-04:00,47.96500015258789,47.970001220703125,47.94499969482422,47.95500183105469,8018,0.0,0.0,0.0
2024-10-16 10:20:00-04:00,47.95500183105469,47.959999084472656,47.95000076293945,47.95000076293945,4811,0.0,0.0,0.0
2024-10-16 10:25:00-04:00,47.95000076293945,47.95000076293945,47.94499969482422,47.95000076293945,1421,0.0,0.0,0.0
2024-10-16 10:30:00-04:00,47.95000076293945,47.95500183105469,47.940101623535156,47.94499969482422,3858,0.0,0.0,0.0
2024-10-16 10:35:00-04:00,47.94499969482422,47.94889831542969,47.935001373291016,47.935001373291016,11018,0.0,0.0,0.0
2024-10-16 10:40:00-04:00,47.935001373291016,47.95000076293945,47.935001373291016,47.94499969482422,5149,0.0,0.0,0.0
2024-10-16 10:45:00-04:00,47.94070053100586,47.959999084472656,47.94070053100586,47.95500183105469,5585,0.0,0.0,0.0
2024-10-16 10:50:00-04:00,47.959999084472656,47.96500015258789,47.95500183105469,47.95500183105469,3487,0.0,0.0,0.0
2024-10-16 10:55:00-04:00,47.959999084472656,47.959999084472656,47.95000076293945,47.95500183105469,3559,0.0,0.0,0.0
2024-10-16 11:00:00-04:00,47.96500015258789,47.97999954223633,47.959999084472656,47.974998474121094,6962,0.0,0.0,0.0
2024-10-16 11:05:00-04:00,47.97999954223633,47.9900016784668,47.971099853515625,47.9900016784668,3672,0.0,0.0,0.0
2024-10-16 11:10:00-04:00,47.98500061035156,47.998199462890625,47.98500061035156,47.998199462890625,971,0.0,0.0,0.0
2024-10-16 11:15:00-04:00,47.994998931884766,47.994998931884766,47.994998931884766,47.994998931884766,1152,0.0,0.0,0.0
2024-10-16 11:20:00-04:00,47.994998931884766,47.999000549316406,47.994998931884766,47.999000549316406,790,0.0,0.0,0.0
2024-10-16 11:25:00-04:00,47.994998931884766,47.994998931884766,47.9911994934082,47.9911994934082,1067,0.0,0.0,0.0
2024-10-16 11:30:00-04:00,47.9900016784668,47.994998931884766,47.98500061035156,47.98500061035156,8963,0.0,0.0,0.0
2024-10-16 11:35:00-04:00,47.98500061035156,47.9900016784668,47.97999954223633,47.97999954223633,7037,0.0,0.0,0.0
2024-10-16 11:40:00-04:00,47.974998474121094,47.97999954223633,47.960899353027344,47.96500015258789,2846,0.0,0.0,0.0
2024-10-16 11:45:00-04:00,47.970001220703125,47.970001220703125,47.959999084472656,47.959999084472656,3474,0.0,0.0,0.0
2024-10-16 11:50:00-04:00,47.95500183105469,47.970001220703125,47.95009994506836,47.96500015258789,3166,0.0,0.0,0.0
2024-10-16 11:55:00-04:00,47.96099853515625,47.970001220703125,47.95500183105469,47.95500183105469,5579,0.0,0.0,0.0
2024-10-16 12:00:00-04:00,47.95500183105469,47.959999084472656,47.940101623535156,47.94499969482422,8344,0.0,0.0,0.0
2024-10-16 12:05:00-04:00,47.95000076293945,47.95000076293945,47.939998626708984,47.95000076293945,7429,0.0,0.0,0.0
2024-10-16 12:10:00-04:00,47.94499969482422,47.95000076293945,47.94499969482422,47.949798583984375,11208,0.0,0.0,0.0
2024-10-16 12:15:00-04:00,47.949798583984375,47.959999084472656,47.94499969482422,47.959999084472656,5488,0.0,0.0,0.0
2024-10-16 12:20:00-04:00,47.95500183105469,47.959999084472656,47.95500183105469,47.95500183105469,1789,0.0,0.0,0.0
2024-10-16 12:25:00-04:00,47.95500183105469,47.959999084472656,47.94499969482422,47.95000076293945,7336,0.0,0.0,0.0
2024-10-16 12:30:00-04:00,47.95000076293945,47.959999084472656,47.95000076293945,47.95500183105469,4375,0.0,0.0,0.0
2024-10-16 12:35:00-04:00,47.959999084472656,47.959999084472656,47.939998626708984,47.94499969482422,4945,0.0,0.0,0.0
2024-10-16 12:40:00-04:00,47.94499969482422,47.959999084472656,47.94499969482422,47.95500183105469,3019,0.0,0.0,0.0
2024-10-16 12:45:00-04:00,47.959999084472656,47.959999084472656,47.95009994506836,47.959999084472656,3436,0.0,0.0,0.0
2024-10-16 12:50:00-04:00,47.95500183105469,47.959999084472656,47.939998626708984,47.94499969482422,9099,0.0,0.0,0.0
2024-10-16 12:55:00-04:00,47.94499969482422,47.95000076293945,47.94499969482422,47.94499969482422,3078,0.0,0.0,0.0
2024-10-16 13:00:00-04:00,47.95000076293945,47.95000076293945,47.94499969482422,47.95000076293945,4129,0.0,0.0,0.0
2024-10-16 13:05:00-04:00,47.95000076293945,47.95000076293945,47.94499969482422,47.94499969482422,2925,0.0,0.0,0.0
2024-10-16 13:10:00-04:00,47.94499969482422,47.95000076293945,47.939998626708984,47.939998626708984,2417,0.0,0.0,0.0
2024-10-16 13:15:00-04:00,47.939998626708984,47.95000076293945,47.935001373291016,47.94499969482422,2808,0.0,0.0,0.0
2024-10-16 13:20:00-04:00,47.95000076293945,47.959999084472656,47.94499969482422,47.95500183105469,2976,0.0,0.0,0.0
2024-10-16 13:25:00-04:00,47.95500183105469,47.959999084472656,47.95000076293945,47.95000076293945,3573,0.0,0.0,0.0
2024-10-16 13:30:00-04:00,47.95000076293945,47.95000076293945,47.94070053100586,47.95000076293945,3137,0.0,0.0,0.0
2024-10-16 13:35:00-04:00,47.94499969482422,47.959999084472656,47.94499969482422,47.95500183105469,6403,0.0,0.0,0.0
2024-10-16 13:40:00-04:00,47.95500183105469,47.959999084472656,47.95500183105469,47.95500183105469,3993,0.0,0.0,0.0
2024-10-16 13:45:00-04:00,47.95000076293945,47.959999084472656,47.94499969482422,47.959999084472656,4112,0.0,0.0,0.0
2024-10-16 13:50:00-04:00,47.959999084472656,47.959999084472656,47.95009994506836,47.95500183105469,4562,0.0,0.0,0.0
2024-10-16 13:55:00-04:00,47.95500183105469,47.959999084472656,47.950801849365234,47.95500183105469,4474,0.0,0.0,0.0
2024-10-16 14:00:00-04:00,47.95500183105469,47.970001220703125,47.95500183105469,47.96500015258789,5498,0.0,0.0,0.0
2024-10-16 14:05:00-04:00,47.96500015258789,47.970001220703125,47.95500183105469,47.95500183105469,15734,0.0,0.0,0.0
2024-10-16 14:10:00-04:00,47.95500183105469,47.959999084472656,47.95500183105469,47.959999084472656,2916,0.0,0.0,0.0
2024-10-16 14:15:00-04:00,47.96500015258789,47.970001220703125,47.96500015258789,47.96500015258789,4109,0.0,0.0,0.0
2024-10-16 14:20:00-04:00,47.96500015258789,47.970001220703125,47.963417053222656,47.96500015258789,2721,0.0,0.0,0.0
2024-10-16 14:25:00-04:00,47.96500015258789,47.96500015258789,47.96260070800781,47.96500015258789,2984,0.0,0.0,0.0
2024-10-16 14:30:00-04:00,47.96500015258789,47.970001220703125,47.96500015258789,47.970001220703125,2700,0.0,0.0,0.0
2024-10-16 14:35:00-04:00,47.96500015258789,47.970001220703125,47.959999084472656,47.959999084472656,8080,0.0,0.0,0.0
2024-10-16 14:40:00-04:00,47.959999084472656,47.959999084472656,47.95500183105469,47.95500183105469,6547,0.0,0.0,0.0
2024-10-16 14:45:00-04:00,47.95500183105469,47.959999084472656,47.95500183105469,47.95500183105469,4657,0.0,0.0,0.0
2024-10-16 14:50:00-04:00,47.95500183105469,47.96500015258789,47.95000076293945,47.959999084472656,4936,0.0,0.0,0.0
2024-10-16 14:55:00-04:00,47.95500183105469,47.959999084472656,47.95090103149414,47.959999084472656,8248,0.0,0.0,0.0
2024-10-16 15:00:00-04:00,47.959999084472656,47.959999084472656,47.95000076293945,47.95500183105469,6532,0.0,0.0,0.0
2024-10-16 15:05:00-04:00,47.95500183105469,47.95909881591797,47.95000076293945,47.95500183105469,6402,0.0,0.0,0.0
2024-10-16 15:10:00-04:00,47.95500183105469,47.959999084472656,47.95009994506836,47.959999084472656,5672,0.0,0.0,0.0
2024-10-16 15:15:00-04:00,47.9541015625,47.959999084472656,47.95000076293945,47.959999084472656,5931,0.0,0.0,0.0
2024-10-16 15:20:00-04:00,47.95500183105469,47.959999084472656,47.95000076293945,47.95500183105469,5798,0.0,0.0,0.0
2024-10-16 15:25:00-04:00,47.95500183105469,47.959999084472656,47.95100021362305,47.959999084472656,10511,0.0,0.0,0.0
2024-10-16 15:30:00-04:00,47.959999084472656,47.970001220703125,47.95000076293945,47.959999084472656,4742,0.0,0.0,0.0
2024-10-16 15:35:00-04:00,47.959999084472656,47.959999084472656,47.95009994506836,47.959999084472656,4553,0.0,0.0,0.0
2024-10-16 15:40:00-04:00,47.959999084472656,47.959999084472656,47.95500183105469,47.95500183105469,3499,0.0,0.0,0.0
2024-10-16 15:45:00-04:00,47.95500183105469,47.959999084472656,47.95009994506836,47.95500183105469,3447,0.0,0.0,0.0
2024-10-16 15:50:00-04:00,47.95500183105469,47.95500183105469,47.93000030517578,47.94499969482422,14272,0.0,0.0,0.0
2024-10-16 15:55:00-04:00,47.95000076293945,47.95000076293945,47.94499969482422,47.95000076293945,3790,0.0,0.0,0.0
2024-10-17 09:30:00-04:00,47.779998779296875,47.779998779296875,47.779998779296875,47.779998779296875,1231,0.0,0.0,0.0
2024-10-17 09:35:00-04:00,47.779998779296875,47.78990173339844,47.779998779296875,47.78990173339844,1037,0.0,0.0,0.0
2024-10-17 09:45:00-04:00,47.77000045776367,47.77000045776367,47.75,47.75,3366,0.0,0.0,0.0
2024-10-17 09:50:00-04:00,47.7400016784668,47.7588005065918,47.7400016784668,47.749900817871094,9151,0.0,0.0,0.0
2024-10-17 09:55:00-04:00,47.75,47.75,47.75,47.75,103,0.0,0.0,0.0
2024-10-17 10:00:00-04:00,47.750301361083984,47.7599983215332,47.7400016784668,47.744998931884766,2177,0.0,0.0,0.0
2024-10-17 10:05:00-04:00,47.73500061035156,47.73889923095703,47.72129821777344,47.73889923095703,1781,0.0,0.0,0.0
2024-10-17 10:10:00-04:00,47.7400016784668,47.75,47.73849868774414,47.746299743652344,2535,0.0,0.0,0.0
2024-10-17 10:15:00-04:00,47.75,47.75,47.74729919433594,47.74729919433594,6132,0.0,0.0,0.0
2024-10-17 10:20:00-04:00,47.75,47.75,47.75,47.75,1885,0.0,0.0,0.0
2024-10-17 10:25:00-04:00,47.74089813232422,47.74879837036133,47.74089813232422,47.74300003051758,1975,0.0,0.0,0.0
2024-10-17 10:30:00-04:00,47.744998931884766,47.749000549316406,47.7400016784668,47.7400016784668,3848,0.0,0.0,0.0
2024-10-17 10:35:00-04:00,47.739898681640625,47.739898681640625,47.729698181152344,47.72999954223633,1748,0.0,0.0,0.0
2024-10-17 10:40:00-04:00,47.724998474121094,47.724998474121094,47.724998474121094,47.724998474121094,386,0.0,0.0,0.0
2024-10-17 10:45:00-04:00,47.72119903564453,47.72119903564453,47.72119903564453,47.72119903564453,211,0.0,0.0,0.0
2024-10-17 10:50:00-04:00,47.724998474121094,47.724998474121094,47.720001220703125,47.720001220703125,406,0.0,0.0,0.0
2024-10-17 10:55:00-04:00,47.720001220703125,47.72999954223633,47.720001220703125,47.72100067138672,3269,0.0,0.0,0.0
2024-10-17 11:00:00-04:00,47.720001220703125,47.72100067138672,47.709999084472656,47.709999084472656,2632,0.0,0.0,0.0
2024-10-17 11:05:00-04:00,47.71329879760742,47.720001220703125,47.71329879760742,47.720001220703125,1525,0.0,0.0,0.0
2024-10-17 11:10:00-04:00,47.711299896240234,47.711299896240234,47.709999084472656,47.709999084472656,1480,0.0,0.0,0.0
2024-10-17 11:15:00-04:00,47.720001220703125,47.720001220703125,47.720001220703125,47.720001220703125,287,0.0,0.0,0.0
2024-10-17 11:20:00-04:00,47.724998474121094,47.72999954223633,47.720001220703125,47.72999954223633,1508,0.0,0.0,0.0
2024-10-17 11:25:00-04:00,47.72999954223633,47.749900817871094,47.72890090942383,47.749900817871094,7497,0.0,0.0,0.0
2024-10-17 11:30:00-04:00,47.749900817871094,47.749900817871094,47.744998931884766,47.749900817871094,2128,0.0,0.0,0.0
2024-10-17 11:35:00-04:00,47.7401008605957,47.7401008605957,47.7401008605957,47.7401008605957,529,0.0,0.0,0.0
2024-10-17 11:40:00-04:00,47.74420166015625,47.74420166015625,47.7338981628418,47.7338981628418,1211,0.0,0.0,0.0
2024-10-17 11:45:00-04:00,47.72999954223633,47.72999954223633,47.72999954223633,47.72999954223633,117,0.0,0.0,0.0
2024-10-17 11:50:00-04:00,47.72880172729492,47.72880172729492,47.72880172729492,47.72880172729492,732,0.0,0.0,0.0
2024-10-17 11:55:00-04:00,47.72999954223633,47.735599517822266,47.72999954223633,47.731201171875,1354,0.0,0.0,0.0
2024-10-17 12:00:00-04:00,47.72999954223633,47.72999954223633,47.72999954223633,47.72999954223633,886,0.0,0.0,0.0
2024-10-17 12:05:00-04:00,47.709999084472656,47.709999084472656,47.709999084472656,47.709999084472656,101,0.0,0.0,0.0
2024-10-17 12:10:00-04:00,47.719200134277344,47.719200134277344,47.719200134277344,47.719200134277344,2026,0.0,0.0,0.0
2024-10-17 12:25:00-04:00,47.71500015258789,47.72560119628906,47.71500015258789,47.72560119628906,8174,0.0,0.0,0.0
2024-10-17 12:30:00-04:00,47.720001220703125,47.720001220703125,47.720001220703125,47.720001220703125,274,0.0,0.0,0.0
2024-10-17 12:35:00-04:00,47.72119903564453,47.731201171875,47.72119903564453,47.731201171875,1359,0.0,0.0,0.0
2024-10-17 12:40:00-04:00,47.73500061035156,47.73740005493164,47.72560119628906,47.72560119628906,5395,0.0,0.0,0.0
2024-10-17 12:45:00-04:00,47.720001220703125,47.720001220703125,47.71500015258789,47.71500015258789,4097,0.0,0.0,0.0
2024-10-17 12:50:00-04:00,47.71369934082031,47.713985443115234,47.71369934082031,47.713985443115234,517,0.0,0.0,0.0
2024-10-17 12:55:00-04:00,47.71879959106445,47.71879959106445,47.71879959106445,47.71879959106445,229,0.0,0.0,0.0
2024-10-17 13:00:00-04:00,47.71879959106445,47.71889877319336,47.71630096435547,47.71630096435547,1623,0.0,0.0,0.0
2024-10-17 13:05:00-04:00,47.720001220703125,47.72880172729492,47.720001220703125,47.72880172729492,1166,0.0,0.0,0.0
2024-10-17 13:15:00-04:00,47.724998474121094,47.72880172729492,47.724998474121094,47.72880172729492,1745,0.0,0.0,0.0
2024-10-17 13:20:00-04:00,47.724998474121094,47.724998474121094,47.720001220703125,47.724998474121094,573,0.0,0.0,0.0
2024-10-17 13:30:00-04:00,47.71500015258789,47.71989822387695,47.71120071411133,47.71989822387695,601,0.0,0.0,0.0
2024-10-17 13:35:00-04:00,47.71879959106445,47.71879959106445,47.709999084472656,47.709999084472656,1173,0.0,0.0,0.0
2024-10-17 13:40:00-04:00,47.703983306884766,47.703983306884766,47.703983306884766,47.703983306884766,143,0.0,0.0,0.0
2024-10-17 13:50:00-04:00,47.7140007019043,47.720001220703125,47.71009826660156,47.71009826660156,899,0.0,0.0,0.0
2024-10-17 13:55:00-04:00,47.70800018310547,47.709999084472656,47.70119857788086,47.709999084472656,12079,0.0,0.0,0.0
2024-10-17 14:00:00-04:00,47.709999084472656,47.7150993347168,47.709999084472656,47.7150993347168,541,0.0,0.0,0.0
2024-10-17 14:05:00-04:00,47.709999084472656,47.709999084472656,47.70989990234375,47.70989990234375,604,0.0,0.0,0.0
2024-10-17 14:10:00-04:00,47.709999084472656,47.71229934692383,47.709999084472656,47.71229934692383,367,0.0,0.0,0.0
2024-10-17 14:15:00-04:00,47.704498291015625,47.70759963989258,47.704498291015625,47.70759963989258,1297,0.0,0.0,0.0
2024-10-17 14:20:00-04:00,47.70989990234375,47.70989990234375,47.706298828125,47.706298828125,390,0.0,0.0,0.0
2024-10-17 14:25:00-04:00,47.70989990234375,47.709999084472656,47.70119857788086,47.709999084472656,3883,0.0,0.0,0.0
2024-10-17 14:30:00-04:00,47.71009826660156,47.71009826660156,47.71009826660156,47.71009826660156,117,0.0,0.0,0.0
2024-10-17 14:35:00-04:00,47.7156982421875,47.7156982421875,47.7156982421875,47.7156982421875,3763,0.0,0.0,0.0
2024-10-17 14:40:00-04:00,47.71500015258789,47.71500015258789,47.71500015258789,47.71500015258789,101,0.0,0.0,0.0
2024-10-17 14:45:00-04:00,47.721099853515625,47.726112365722656,47.709999084472656,47.709999084472656,1969,0.0,0.0,0.0
2024-10-17 14:50:00-04:00,47.709999084472656,47.709999084472656,47.70000076293945,47.70500183105469,2007,0.0,0.0,0.0
2024-10-17 14:55:00-04:00,47.70119857788086,47.70119857788086,47.70119857788086,47.70119857788086,188,0.0,0.0,0.0
2024-10-17 15:00:00-04:00,47.70500183105469,47.71500015258789,47.70500183105469,47.709999084472656,2791,0.0,0.0,0.0
2024-10-17 15:05:00-04:00,47.71500015258789,47.71500015258789,47.71500015258789,47.71500015258789,320,0.0,0.0,0.0
2024-10-17 15:10:00-04:00,47.709999084472656,47.709999084472656,47.70989990234375,47.70989990234375,661,0.0,0.0,0.0
2024-10-17 15:15:00-04:00,47.7067985534668,47.71900177001953,47.7067985534668,47.71900177001953,3254,0.0,0.0,0.0
2024-10-17 15:20:00-04:00,47.71500015258789,47.71870040893555,47.71500015258789,47.71870040893555,207,0.0,0.0,0.0
2024-10-17 15:25:00-04:00,47.71500015258789,47.72990036010742,47.71500015258789,47.72990036010742,1487,0.0,0.0,0.0
2024-10-17 15:30:00-04:00,47.724998474121094,47.724998474121094,47.724998474121094,47.724998474121094,293,0.0,0.0,0.0
2024-10-17 15:35:00-04:00,47.724998474121094,47.724998474121094,47.724998474121094,47.724998474121094,100,0.0,0.0,0.0
2024-10-17 15:40:00-04:00,47.72990036010742,47.72990036010742,47.7218017578125,47.7218017578125,7538,0.0,0.0,0.0
2024-10-17 15:45:00-04:00,47.72890090942383,47.72999954223633,47.72119903564453,47.72129821777344,4242,0.0,0.0,0.0
2024-10-17 15:50:00-04:00,47.72890090942383,47.72890090942383,47.720001220703125,47.720001220703125,1173,0.0,0.0,0.0
2024-10-17 15:55:00-04:00,47.720001220703125,47.724998474121094,47.71500015258789,47.720001220703125,2648,0.0,0.0,0.0
2024-10-18 09:30:00-04:00,47.790000915527344,47.810001373291016,47.790000915527344,47.810001373291016,0,0.0,0.0,0.0
2024-10-18 09:35:00-04:00,47.80690002441406,47.80690002441406,47.79999923706055,47.79999923706055,1442,0.0,0.0,0.0
2024-10-18 09:40:00-04:00,47.78499984741211,47.78499984741211,47.779998779296875,47.779998779296875,1675,0.0,0.0,0.0
2024-10-18 09:45:00-04:00,47.779998779296875,47.78089904785156,47.779998779296875,47.78089904785156,684,0.0,0.0,0.0
2024-10-18 09:55:00-04:00,47.79499816894531,47.79990005493164,47.78499984741211,47.78499984741211,2824,0.0,0.0,0.0
2024-10-18 10:00:00-04:00,47.79970169067383,47.79970169067383,47.79899978637695,47.79899978637695,1247,0.0,0.0,0.0
2024-10-18 10:05:00-04:00,47.79499816894531,47.79999923706055,47.79499816894531,47.79909896850586,2467,0.0,0.0,0.0
2024-10-18 10:10:00-04:00,47.79690170288086,47.80500030517578,47.790000915527344,47.80500030517578,4936,0.0,0.0,0.0
2024-10-18 10:15:00-04:00,47.80500030517578,47.80500030517578,47.80500030517578,47.80500030517578,462,0.0,0.0,0.0
2024-10-18 10:20:00-04:00,47.80030059814453,47.80030059814453,47.79999923706055,47.79999923706055,1337,0.0,0.0,0.0
2024-10-18 10:25:00-04:00,47.80500030517578,47.80500030517578,47.79999923706055,47.79999923706055,2422,0.0,0.0,0.0
2024-10-18 10:35:00-04:00,47.78580093383789,47.78580093383789,47.78580093383789,47.78580093383789,464,0.0,0.0,0.0
2024-10-18 10:40:00-04:00,47.79899978637695,47.79899978637695,47.78950119018555,47.78950119018555,2437,0.0,0.0,0.0
2024-10-18 10:45:00-04:00,47.790000915527344,47.79999923706055,47.790000915527344,47.79999923706055,1737,0.0,0.0,0.0
2024-10-18 11:05:00-04:00,47.79930114746094,47.79930114746094,47.79930114746094,47.79930114746094,763,0.0,0.0,0.0
2024-10-18 11:10:00-04:00,47.799800872802734,47.799800872802734,47.799800872802734,47.799800872802734,574,0.0,0.0,0.0
2024-10-18 11:15:00-04:00,47.79990005493164,47.79990005493164,47.79396438598633,47.79396438598633,341,0.0,0.0,0.0
2024-10-18 11:20:00-04:00,47.79990005493164,47.79990005493164,47.79499816894531,47.79499816894531,6612,0.0,0.0,0.0
2024-10-18 11:25:00-04:00,47.790000915527344,47.790000915527344,47.78969955444336,47.78969955444336,2263,0.0,0.0,0.0
2024-10-18 11:35:00-04:00,47.808998107910156,47.808998107910156,47.79999923706055,47.79999923706055,1100,0.0,0.0,0.0
2024-10-18 11:40:00-04:00,47.78499984741211,47.78969955444336,47.78499984741211,47.78969955444336,1262,0.0,0.0,0.0
2024-10-18 11:50:00-04:00,47.79999923706055,47.79999923706055,47.79999923706055,47.79999923706055,344,0.0,0.0,0.0
2024-10-18 12:10:00-04:00,47.77000045776367,47.779998779296875,47.77000045776367,47.779701232910156,728,0.0,0.0,0.0
2024-10-18 12:15:00-04:00,47.78879928588867,47.78879928588867,47.779998779296875,47.78499984741211,748,0.0,0.0,0.0
2024-10-18 12:20:00-04:00,47.779998779296875,47.78089904785156,47.7781982421875,47.7781982421875,2296,0.0,0.0,0.0
2024-10-18 12:30:00-04:00,47.7755012512207,47.78889846801758,47.7755012512207,47.78499984741211,2451,0.0,0.0,0.0
2024-10-18 12:35:00-04:00,47.78499984741211,47.78499984741211,47.78499984741211,47.78499984741211,1100,0.0,0.0,0.0
2024-10-18 12:40:00-04:00,47.78260040283203,47.78260040283203,47.78260040283203,47.78260040283203,261,0.0,0.0,0.0
2024-10-18 12:45:00-04:00,47.79499816894531,47.79499816894531,47.79499816894531,47.79499816894531,673,0.0,0.0,0.0
2024-10-18 12:50:00-04:00,47.7942008972168,47.7942008972168,47.7942008972168,47.7942008972168,1420,0.0,0.0,0.0
2024-10-18 12:55:00-04:00,47.799598693847656,47.79999923706055,47.79499816894531,47.79499816894531,2304,0.0,0.0,0.0
2024-10-18 13:05:00-04:00,47.79499816894531,47.79499816894531,47.79499816894531,47.79499816894531,496,0.0,0.0,0.0
2024-10-18 13:10:00-04:00,47.79499816894531,47.79499816894531,47.79499816894531,47.79499816894531,199,0.0,0.0,0.0
2024-10-18 13:15:00-04:00,47.794498443603516,47.79499816894531,47.790000915527344,47.790000915527344,1320,0.0,0.0,0.0
2024-10-18 13:20:00-04:00,47.78499984741211,47.78499984741211,47.779998779296875,47.779998779296875,974,0.0,0.0,0.0
2024-10-18 13:25:00-04:00,47.779998779296875,47.779998779296875,47.779998779296875,47.779998779296875,444,0.0,0.0,0.0
2024-10-18 13:30:00-04:00,47.77000045776367,47.77000045776367,47.77000045776367,47.77000045776367,844,0.0,0.0,0.0
2024-10-18 13:35:00-04:00,47.770198822021484,47.775001525878906,47.76499938964844,47.76499938964844,949,0.0,0.0,0.0
2024-10-18 13:40:00-04:00,47.7599983215332,47.7599983215332,47.7599983215332,47.7599983215332,208,0.0,0.0,0.0
2024-10-18 13:45:00-04:00,47.7599983215332,47.7599983215332,47.7599983215332,47.7599983215332,1614,0.0,0.0,0.0
2024-10-18 13:50:00-04:00,47.7599983215332,47.7599983215332,47.7599983215332,47.7599983215332,282,0.0,0.0,0.0
2024-10-18 13:55:00-04:00,47.7599983215332,47.7599983215332,47.759498596191406,47.759498596191406,412,0.0,0.0,0.0
2024-10-18 14:00:00-04:00,47.760501861572266,47.760501861572266,47.760501861572266,47.760501861572266,324,0.0,0.0,0.0
2024-10-18 14:10:00-04:00,47.769901275634766,47.769901275634766,47.769901275634766,47.769901275634766,536,0.0,0.0,0.0
2024-10-18 14:15:00-04:00,47.77560043334961,47.77560043334961,47.77560043334961,47.77560043334961,130,0.0,0.0,0.0
2024-10-18 14:20:00-04:00,47.778900146484375,47.778900146484375,47.77000045776367,47.775001525878906,4764,0.0,0.0,0.0
2024-10-18 14:25:00-04:00,47.775001525878906,47.775001525878906,47.775001525878906,47.775001525878906,329,0.0,0.0,0.0
2024-10-18 14:30:00-04:00,47.775001525878906,47.775001525878906,47.77000045776367,47.77000045776367,3573,0.0,0.0,0.0
2024-10-18 14:35:00-04:00,47.77000045776367,47.779998779296875,47.77000045776367,47.77410125732422,47519,0.0,0.0,0.0
2024-10-18 14:40:00-04:00,47.77000045776367,47.775001525878906,47.755001068115234,47.7599983215332,4332,0.0,0.0,0.0
2024-10-18 14:50:00-04:00,47.77000045776367,47.77000045776367,47.76570129394531,47.76570129394531,345,0.0,0.0,0.0
2024-10-18 14:55:00-04:00,47.77000045776367,47.779998779296875,47.77000045776367,47.775001525878906,655,0.0,0.0,0.0
2024-10-18 15:00:00-04:00,47.76499938964844,47.76499938964844,47.76499938964844,47.76499938964844,388,0.0,0.0,0.0
2024-10-18 15:05:00-04:00,47.77989959716797,47.77989959716797,47.77989959716797,47.77989959716797,1383,0.0,0.0,0.0
2024-10-18 15:10:00-04:00,47.775001525878906,47.775001525878906,47.769901275634766,47.769901275634766,965,0.0,0.0,0.0
2024-10-18 15:15:00-04:00,47.76089859008789,47.76089859008789,47.76089859008789,47.76089859008789,606,0.0,0.0,0.0
2024-10-18 15:20:00-04:00,47.76499938964844,47.76499938964844,47.76499938964844,47.76499938964844,1156,0.0,0.0,0.0
2024-10-18 15:25:00-04:00,47.76890182495117,47.76890182495117,47.76890182495117,47.76890182495117,275,0.0,0.0,0.0
2024-10-18 15:30:00-04:00,47.76499938964844,47.76499938964844,47.762001037597656,47.762001037597656,791,0.0,0.0,0.0
2024-10-18 15:35:00-04:00,47.76499938964844,47.76499938964844,47.76499938964844,47.76499938964844,284,0.0,0.0,0.0
2024-10-18 15:40:00-04:00,47.769901275634766,47.769901275634766,47.762699127197266,47.76499938964844,1214,0.0,0.0,0.0
2024-10-18 15:45:00-04:00,47.76499938964844,47.77000045776367,47.7599983215332,47.7599983215332,2206,0.0,0.0,0.0
2024-10-18 15:50:00-04:00,47.7599983215332,47.763999938964844,47.7599983215332,47.763999938964844,1086,0.0,0.0,0.0
2024-10-18 15:55:00-04:00,47.76499938964844,47.76499938964844,47.75,47.755001068115234,3032,0.0,0.0,0.0
2024-10-21 09:30:00-04:00,47.58000183105469,47.58000183105469,47.58000183105469,47.58000183105469,1367,0.0,0.0,0.0
2024-10-21 09:35:00-04:00,47.58980178833008,47.59000015258789,47.58980178833008,47.59000015258789,570,0.0,0.0,0.0
2024-10-21 09:40:00-04:00,47.57500076293945,47.58000183105469,47.57500076293945,47.58000183105469,3217,0.0,0.0,0.0
2024-10-21 09:45:00-04:00,47.57500076293945,47.58000183105469,47.56999969482422,47.56999969482422,3019,0.0,0.0,0.0
2024-10-21 09:50:00-04:00,47.564998626708984,47.56990051269531,47.560001373291016,47.560001373291016,5352,0.0,0.0,0.0
2024-10-21 09:55:00-04:00,47.540000915527344,47.540000915527344,47.53990173339844,47.53990173339844,1540,0.0,0.0,0.0
2024-10-21 10:00:00-04:00,47.55500030517578,47.55500030517578,47.5432014465332,47.5432014465332,4041,0.0,0.0,0.0
2024-10-21 10:05:00-04:00,47.55500030517578,47.55500030517578,47.55500030517578,47.55500030517578,8185,0.0,0.0,0.0
2024-10-21 10:10:00-04:00,47.558998107910156,47.560001373291016,47.55500030517578,47.55500030517578,1108,0.0,0.0,0.0
2024-10-21 10:20:00-04:00,47.55500030517578,47.55500030517578,47.55500030517578,47.55500030517578,885,0.0,0.0,0.0
2024-10-21 10:25:00-04:00,47.53990173339844,47.53990173339844,47.53519821166992,47.53519821166992,346,0.0,0.0,0.0
2024-10-21 10:30:00-04:00,47.52989959716797,47.52989959716797,47.52119827270508,47.525001525878906,4814,0.0,0.0,0.0
2024-10-21 10:35:00-04:00,47.52000045776367,47.525001525878906,47.52000045776367,47.525001525878906,634,0.0,0.0,0.0
2024-10-21 10:40:00-04:00,47.52000045776367,47.525001525878906,47.510101318359375,47.51499938964844,1916,0.0,0.0,0.0
2024-10-21 10:45:00-04:00,47.5099983215332,47.5099983215332,47.5,47.505001068115234,4868,0.0,0.0,0.0
2024-10-21 10:50:00-04:00,47.5,47.5,47.5,47.5,1368,0.0,0.0,0.0
2024-10-21 10:55:00-04:00,47.5,47.5,47.4911994934082,47.4911994934082,995,0.0,0.0,0.0
2024-10-21 11:00:00-04:00,47.50199890136719,47.50199890136719,47.4900016784668,47.4900016784668,963,0.0,0.0,0.0
2024-10-21 11:05:00-04:00,47.470001220703125,47.470001220703125,47.470001220703125,47.470001220703125,709,0.0,0.0,0.0
2024-10-21 11:10:00-04:00,47.46099853515625,47.46500015258789,47.46099853515625,47.46500015258789,2496,0.0,0.0,0.0
2024-10-21 11:15:00-04:00,47.474998474121094,47.47999954223633,47.474998474121094,47.47999954223633,510,0.0,0.0,0.0
2024-10-21 11:20:00-04:00,47.48500061035156,47.48500061035156,47.48500061035156,47.48500061035156,225,0.0,0.0,0.0
2024-10-21 11:25:00-04:00,47.47999954223633,47.47999954223633,47.47999954223633,47.47999954223633,319,0.0,0.0,0.0
2024-10-21 11:35:00-04:00,47.470001220703125,47.470001220703125,47.459999084472656,47.46500015258789,1058,0.0,0.0,0.0
2024-10-21 11:40:00-04:00,47.459999084472656,47.46500015258789,47.45500183105469,47.46500015258789,2576,0.0,0.0,0.0
2024-10-21 11:45:00-04:00,47.459999084472656,47.459999084472656,47.45500183105469,47.45989990234375,1562,0.0,0.0,0.0
2024-10-21 11:50:00-04:00,47.459999084472656,47.459999084472656,47.45500183105469,47.45500183105469,1243,0.0,0.0,0.0
2024-10-21 11:55:00-04:00,47.459999084472656,47.459999084472656,47.43000030517578,47.45500183105469,26989,0.0,0.0,0.0
2024-10-21 12:00:00-04:00,47.459999084472656,47.46500015258789,47.459999084472656,47.46364974975586,2043,0.0,0.0,0.0
2024-10-21 12:05:00-04:00,47.46929931640625,47.46929931640625,47.46929931640625,47.46929931640625,233,0.0,0.0,0.0
2024-10-21 12:10:00-04:00,47.46500015258789,47.46500015258789,47.459999084472656,47.459999084472656,1106,0.0,0.0,0.0
2024-10-21 12:15:00-04:00,47.45500183105469,47.46630096435547,47.45500183105469,47.46500015258789,5688,0.0,0.0,0.0
2024-10-21 12:20:00-04:00,47.4640007019043,47.4640007019043,47.4640007019043,47.4640007019043,215,0.0,0.0,0.0
2024-10-21 12:25:00-04:00,47.46500015258789,47.46500015258789,47.46500015258789,47.46500015258789,323,0.0,0.0,0.0
2024-10-21 12:30:00-04:00,47.46500015258789,47.46500015258789,47.46110153198242,47.46500015258789,1621,0.0,0.0,0.0
2024-10-21 12:40:00-04:00,47.459999084472656,47.459999084472656,47.459999084472656,47.459999084472656,743,0.0,0.0,0.0
2024-10-21 12:45:00-04:00,47.459999084472656,47.459999084472656,47.459999084472656,47.459999084472656,100,0.0,0.0,0.0
2024-10-21 12:50:00-04:00,47.45500183105469,47.45500183105469,47.45500183105469,47.45500183105469,440,0.0,0.0,0.0
2024-10-21 12:55:00-04:00,47.45370101928711,47.45989990234375,47.45000076293945,47.45500183105469,2328,0.0,0.0,0.0
2024-10-21 13:00:00-04:00,47.45500183105469,47.45500183105469,47.45500183105469,47.45500183105469,311,0.0,0.0,0.0
2024-10-21 13:05:00-04:00,47.45500183105469,47.45500183105469,47.45140075683594,47.454498291015625,5859,0.0,0.0,0.0
2024-10-21 13:10:00-04:00,47.45500183105469,47.45500183105469,47.45500183105469,47.45500183105469,620,0.0,0.0,0.0
2024-10-21 13:15:00-04:00,47.45000076293945,47.45000076293945,47.45000076293945,47.45000076293945,290,0.0,0.0,0.0
2024-10-21 13:20:00-04:00,47.44300079345703,47.44300079345703,47.44300079345703,47.44300079345703,189,0.0,0.0,0.0
2024-10-21 13:25:00-04:00,47.45119857788086,47.45500183105469,47.45100021362305,47.45100021362305,604,0.0,0.0,0.0
2024-10-21 13:30:00-04:00,47.4552001953125,47.4552001953125,47.45500183105469,47.45500183105469,753,0.0,0.0,0.0
2024-10-21 13:35:00-04:00,47.459999084472656,47.46500015258789,47.459999084472656,47.46500015258789,296,0.0,0.0,0.0
2024-10-21 13:40:00-04:00,47.470001220703125,47.470001220703125,47.461299896240234,47.461299896240234,1841,0.0,0.0,0.0
2024-10-21 13:45:00-04:00,47.459999084472656,47.459999084472656,47.459999084472656,47.459999084472656,335,0.0,0.0,0.0
2024-10-21 13:55:00-04:00,47.470001220703125,47.470001220703125,47.470001220703125,47.470001220703125,854,0.0,0.0,0.0
2024-10-21 14:05:00-04:00,47.46120071411133,47.46500015258789,47.46120071411133,47.46500015258789,229,0.0,0.0,0.0
2024-10-21 14:10:00-04:00,47.46989822387695,47.46989822387695,47.46989822387695,47.46989822387695,350,0.0,0.0,0.0
2024-10-21 14:15:00-04:00,47.45899963378906,47.45899963378906,47.45899963378906,47.45899963378906,622,0.0,0.0,0.0
2024-10-21 14:20:00-04:00,47.45000076293945,47.45000076293945,47.45000076293945,47.45000076293945,203,0.0,0.0,0.0
2024-10-21 14:30:00-04:00,47.45989990234375,47.45989990234375,47.45989990234375,47.45989990234375,290,0.0,0.0,0.0
2024-10-21 14:40:00-04:00,47.45500183105469,47.45500183105469,47.45000076293945,47.45000076293945,1001,0.0,0.0,0.0
2024-10-21 14:45:00-04:00,47.45000076293945,47.45000076293945,47.44990158081055,47.44990158081055,597,0.0,0.0,0.0
2024-10-21 14:55:00-04:00,47.43980026245117,47.439998626708984,47.435001373291016,47.435001373291016,1680,0.0,0.0,0.0
2024-10-21 15:00:00-04:00,47.456634521484375,47.456634521484375,47.45500183105469,47.45500183105469,447,0.0,0.0,0.0
2024-10-21 15:05:00-04:00,47.45500183105469,47.45500183105469,47.44499969482422,47.44889831542969,14210,0.0,0.0,0.0
2024-10-21 15:10:00-04:00,47.441200256347656,47.44499969482422,47.441200256347656,47.44499969482422,3417,0.0,0.0,0.0
2024-10-21 15:15:00-04:00,47.44879913330078,47.44879913330078,47.44879913330078,47.44879913330078,806,0.0,0.0,0.0
2024-10-21 15:20:00-04:00,47.44499969482422,47.44499969482422,47.435001373291016,47.435001373291016,1877,0.0,0.0,0.0
2024-10-21 15:25:00-04:00,47.43604278564453,47.439998626708984,47.43130111694336,47.439998626708984,1554,0.0,0.0,0.0
2024-10-21 15:35:00-04:00,47.430301666259766,47.4359016418457,47.43000030517578,47.4359016418457,1653,0.0,0.0,0.0
2024-10-21 15:40:00-04:00,47.43880081176758,47.439998626708984,47.43000030517578,47.43000030517578,2714,0.0,0.0,0.0
2024-10-21 15:45:00-04:00,47.43000030517578,47.43000030517578,47.4286994934082,47.4286994934082,929,0.0,0.0,0.0
2024-10-21 15:55:00-04:00,47.41999816894531,47.41999816894531,47.415000915527344,47.41999816894531,11302,0.0,0.0,0.0
2024-10-22 09:30:00-04:00,47.459999084472656,47.5099983215332,47.459999084472656,47.5099983215332,5384,0.0,0.0,0.0
2024-10-22 09:40:00-04:00,47.474998474121094,47.47880172729492,47.474998474121094,47.47880172729492,4899,0.0,0.0,0.0
2024-10-22 09:45:00-04:00,47.47999954223633,47.47999954223633,47.47999954223633,47.47999954223633,852,0.0,0.0,0.0
2024-10-22 09:50:00-04:00,47.47999954223633,47.47999954223633,47.459999084472656,47.459999084472656,1573,0.0,0.0,0.0
2024-10-22 09:55:00-04:00,47.45000076293945,47.459999084472656,47.439998626708984,47.44990158081055,11960,0.0,0.0,0.0
2024-10-22 10:00:00-04:00,47.45000076293945,47.45000076293945,47.439998626708984,47.44499969482422,1627,0.0,0.0,0.0
2024-10-22 10:05:00-04:00,47.45500183105469,47.45500183105469,47.45500183105469,47.45500183105469,359,0.0,0.0,0.0
2024-10-22 10:10:00-04:00,47.45500183105469,47.459800720214844,47.45000076293945,47.45000076293945,1685,0.0,0.0,0.0
2024-10-22 10:15:00-04:00,47.45949935913086,47.45949935913086,47.45000076293945,47.45000076293945,1601,0.0,0.0,0.0
2024-10-22 10:20:00-04:00,47.44020080566406,47.44499969482422,47.44020080566406,47.44499969482422,956,0.0,0.0,0.0
2024-10-22 10:25:00-04:00,47.44499969482422,47.44499969482422,47.439998626708984,47.439998626708984,723,0.0,0.0,0.0
2024-10-22 10:30:00-04:00,47.43000030517578,47.43000030517578,47.42499923706055,47.42900085449219,1447,0.0,0.0,0.0
2024-10-22 10:40:00-04:00,47.41999816894531,47.42499923706055,47.41999816894531,47.41999816894531,5291,0.0,0.0,0.0
2024-10-22 10:45:00-04:00,47.41999816894531,47.42129898071289,47.41999816894531,47.42129898071289,505,0.0,0.0,0.0
2024-10-22 10:50:00-04:00,47.435001373291016,47.435001373291016,47.43130111694336,47.435001373291016,1010,0.0,0.0,0.0
2024-10-22 10:55:00-04:00,47.435001373291016,47.435001373291016,47.435001373291016,47.435001373291016,448,0.0,0.0,0.0
2024-10-22 11:00:00-04:00,47.43000030517578,47.43000030517578,47.43000030517578,47.43000030517578,171,0.0,0.0,0.0
2024-10-22 11:05:00-04:00,47.43870162963867,47.439998626708984,47.43109893798828,47.435001373291016,2131,0.0,0.0,0.0
2024-10-22 11:10:00-04:00,47.43050003051758,47.435001373291016,47.43000030517578,47.43000030517578,1726,0.0,0.0,0.0
2024-10-22 11:15:00-04:00,47.420101165771484,47.420101165771484,47.420101165771484,47.420101165771484,350,0.0,0.0,0.0
2024-10-22 11:20:00-04:00,47.42879867553711,47.42879867553711,47.40999984741211,47.40999984741211,2975,0.0,0.0,0.0
2024-10-22 11:25:00-04:00,47.40999984741211,47.40999984741211,47.399898529052734,47.399898529052734,1546,0.0,0.0,0.0
2024-10-22 11:30:00-04:00,47.39120101928711,47.392799377441406,47.38999938964844,47.392799377441406,1264,0.0,0.0,0.0
2024-10-22 11:35:00-04:00,47.38999938964844,47.3911018371582,47.38999938964844,47.3911018371582,1660,0.0,0.0,0.0
2024-10-22 11:40:00-04:00,47.38999938964844,47.39500045776367,47.38999938964844,47.39080047607422,1601,0.0,0.0,0.0
2024-10-22 11:45:00-04:00,47.38999938964844,47.390098571777344,47.38999938964844,47.38999938964844,2825,0.0,0.0,0.0
2024-10-22 11:50:00-04:00,47.38999938964844,47.38999938964844,47.380001068115234,47.38119888305664,3232,0.0,0.0,0.0
2024-10-22 11:55:00-04:00,47.39382553100586,47.39382553100586,47.39382553100586,47.39382553100586,221,0.0,0.0,0.0
2024-10-22 12:00:00-04:00,47.38999938964844,47.38999938964844,47.38999938964844,47.38999938964844,941,0.0,0.0,0.0
2024-10-22 12:05:00-04:00,47.375,47.380001068115234,47.3734016418457,47.380001068115234,736,0.0,0.0,0.0
2024-10-22 12:10:00-04:00,47.3849983215332,47.38750076293945,47.3849983215332,47.3849983215332,2715,0.0,0.0,0.0
2024-10-22 12:15:00-04:00,47.3849983215332,47.38990020751953,47.3849983215332,47.3849983215332,1136,0.0,0.0,0.0
2024-10-22 12:20:00-04:00,47.38290023803711,47.38880157470703,47.380699157714844,47.380699157714844,1810,0.0,0.0,0.0
2024-10-22 12:25:00-04:00,47.38880157470703,47.38990020751953,47.3849983215332,47.3849983215332,2659,0.0,0.0,0.0
2024-10-22 12:30:00-04:00,47.382301330566406,47.38999938964844,47.38130187988281,47.38999938964844,2122,0.0,0.0,0.0
2024-10-22 12:35:00-04:00,47.38990020751953,47.38990020751953,47.38990020751953,47.38990020751953,575,0.0,0.0,0.0
2024-10-22 12:40:00-04:00,47.38119888305664,47.38999938964844,47.38119888305664,47.3849983215332,4655,0.0,0.0,0.0
2024-10-22 12:45:00-04:00,47.3849983215332,47.3849983215332,47.38130187988281,47.38130187988281,640,0.0,0.0,0.0
2024-10-22 12:50:00-04:00,47.388099670410156,47.400001525878906,47.388099670410156,47.399898529052734,2034,0.0,0.0,0.0
2024-10-22 12:55:00-04:00,47.400001525878906,47.400001525878906,47.400001525878906,47.400001525878906,258,0.0,0.0,0.0
2024-10-22 13:00:00-04:00,47.40999984741211,47.415000915527344,47.40999984741211,47.415000915527344,1990,0.0,0.0,0.0
2024-10-22 13:05:00-04:00,47.415000915527344,47.415000915527344,47.40999984741211,47.40999984741211,2734,0.0,0.0,0.0
2024-10-22 13:10:00-04:00,47.40250015258789,47.40250015258789,47.40250015258789,47.40250015258789,652,0.0,0.0,0.0
2024-10-22 13:15:00-04:00,47.4098014831543,47.4098014831543,47.4098014831543,47.4098014831543,504,0.0,0.0,0.0
2024-10-22 13:20:00-04:00,47.40890121459961,47.40890121459961,47.404998779296875,47.404998779296875,2238,0.0,0.0,0.0
2024-10-22 13:25:00-04:00,47.400001525878906,47.400001525878906,47.400001525878906,47.400001525878906,197,0.0,0.0,0.0
2024-10-22 13:30:00-04:00,47.391300201416016,47.391300201416016,47.391300201416016,47.391300201416016,220,0.0,0.0,0.0
2024-10-22 13:35:00-04:00,47.415000915527344,47.42499923706055,47.415000915527344,47.42499923706055,1091,0.0,0.0,0.0
2024-10-22 13:40:00-04:00,47.42499923706055,47.42610168457031,47.415000915527344,47.42610168457031,1685,0.0,0.0,0.0
2024-10-22 13:45:00-04:00,47.42509841918945,47.42509841918945,47.41999816894531,47.41999816894531,1522,0.0,0.0,0.0
2024-10-22 13:50:00-04:00,47.42499923706055,47.42499923706055,47.42110061645508,47.42110061645508,1839,0.0,0.0,0.0
2024-10-22 13:55:00-04:00,47.43000030517578,47.43880081176758,47.42499923706055,47.435001373291016,6677,0.0,0.0,0.0
2024-10-22 14:00:00-04:00,47.439998626708984,47.439998626708984,47.435001373291016,47.435001373291016,1222,0.0,0.0,0.0
2024-10-22 14:05:00-04:00,47.44879913330078,47.44879913330078,47.44139862060547,47.44139862060547,839,0.0,0.0,0.0
2024-10-22 14:10:00-04:00,47.44723129272461,47.44723129272461,47.44499969482422,47.44499969482422,3273,0.0,0.0,0.0
2024-10-22 14:15:00-04:00,47.440101623535156,47.440101623535156,47.439998626708984,47.439998626708984,939,0.0,0.0,0.0
2024-10-22 14:20:00-04:00,47.43000030517578,47.43109893798828,47.43000030517578,47.43109893798828,4642,0.0,0.0,0.0
2024-10-22 14:30:00-04:00,47.4375,47.4375,47.43000030517578,47.43000030517578,4006,0.0,0.0,0.0
2024-10-22 14:40:00-04:00,47.41999816894531,47.41999816894531,47.41999816894531,47.41999816894531,433,0.0,0.0,0.0
2024-10-22 14:45:00-04:00,47.41120147705078,47.415000915527344,47.41120147705078,47.415000915527344,484,0.0,0.0,0.0
2024-10-22 14:50:00-04:00,47.419898986816406,47.419898986816406,47.419898986816406,47.419898986816406,3995,0.0,0.0,0.0
2024-10-22 14:55:00-04:00,47.41999816894531,47.41999816894531,47.41999816894531,47.41999816894531,3401,0.0,0.0,0.0
2024-10-22 15:00:00-04:00,47.415000915527344,47.415000915527344,47.415000915527344,47.415000915527344,440,0.0,0.0,0.0
2024-10-22 15:05:00-04:00,47.410099029541016,47.410099029541016,47.410099029541016,47.410099029541016,346,0.0,0.0,0.0
2024-10-22 15:10:00-04:00,47.415000915527344,47.418800354003906,47.41400146484375,47.41400146484375,1405,0.0,0.0,0.0
2024-10-22 15:15:00-04:00,47.419898986816406,47.419898986816406,47.4114990234375,47.415000915527344,6438,0.0,0.0,0.0
2024-10-22 15:20:00-04:00,47.418800354003906,47.418800354003906,47.418800354003906,47.418800354003906,2216,0.0,0.0,0.0
2024-10-22 15:30:00-04:00,47.415000915527344,47.42879867553711,47.415000915527344,47.42499923706055,7225,0.0,0.0,0.0
2024-10-22 15:35:00-04:00,47.421600341796875,47.43000030517578,47.421600341796875,47.429901123046875,4009,0.0,0.0,0.0
2024-10-22 15:40:00-04:00,47.42499923706055,47.42499923706055,47.42499923706055,47.42499923706055,814,0.0,0.0,0.0
2024-10-22 15:45:00-04:00,47.42499923706055,47.43000030517578,47.42499923706055,47.429298400878906,1831,0.0,0.0,0.0
2024-10-22 15:50:00-04:00,47.43000030517578,47.43000030517578,47.42388153076172,47.42388153076172,4069,0.0,0.0,0.0
2024-10-22 15:55:00-04:00,47.42250061035156,47.43000030517578,47.41999816894531,47.41999816894531,7017,0.0,0.0,0.0
2024-10-23 09:30:00-04:00,47.279998779296875,47.290000915527344,47.279998779296875,47.28990173339844,6865,0.0,0.0,0.0
2024-10-23 09:35:00-04:00,47.290000915527344,47.29999923706055,47.28379821777344,47.298500061035156,5980,0.0,0.0,0.0
2024-10-23 09:40:00-04:00,47.29999923706055,47.29999923706055,47.29499816894531,47.29999923706055,6145,0.0,0.0,0.0
2024-10-23 09:45:00-04:00,47.29999923706055,47.30500030517578,47.290000915527344,47.29499816894531,4577,0.0,0.0,0.0
2024-10-23 09:50:00-04:00,47.290000915527344,47.290000915527344,47.27000045776367,47.275001525878906,3395,0.0,0.0,0.0
2024-10-23 09:55:00-04:00,47.27000045776367,47.27989959716797,47.26499938964844,47.275001525878906,3098,0.0,0.0,0.0
2024-10-23 10:00:00-04:00,47.275001525878906,47.275001525878906,47.26499938964844,47.275001525878906,7711,0.0,0.0,0.0
2024-10-23 10:05:00-04:00,47.275001525878906,47.28499984741211,47.275001525878906,47.279998779296875,4425,0.0,0.0,0.0
2024-10-23 10:10:00-04:00,47.28499984741211,47.29499816894531,47.28499984741211,47.29499816894531,2605,0.0,0.0,0.0
2024-10-23 10:15:00-04:00,47.29499816894531,47.30500030517578,47.290000915527344,47.290000915527344,7083,0.0,0.0,0.0
2024-10-23 10:20:00-04:00,47.29499816894531,47.29499816894531,47.279998779296875,47.28499984741211,3283,0.0,0.0,0.0
2024-10-23 10:25:00-04:00,47.28499984741211,47.290000915527344,47.28010177612305,47.28499984741211,9385,0.0,0.0,0.0
2024-10-23 10:30:00-04:00,47.28499984741211,47.28499984741211,47.279998779296875,47.279998779296875,6922,0.0,0.0,0.0
2024-10-23 10:35:00-04:00,47.28499984741211,47.28499984741211,47.28499984741211,47.28499984741211,2034,0.0,0.0,0.0
2024-10-23 10:40:00-04:00,47.28969955444336,47.28969955444336,47.28089904785156,47.28499984741211,4885,0.0,0.0,0.0
2024-10-23 10:45:00-04:00,47.290000915527344,47.30500030517578,47.290000915527344,47.30500030517578,4249,0.0,0.0,0.0
2024-10-23 10:50:00-04:00,47.30500030517578,47.30970001220703,47.29999923706055,47.30500030517578,3661,0.0,0.0,0.0
2024-10-23 10:55:00-04:00,47.30500030517578,47.30500030517578,47.29499816894531,47.29499816894531,3133,0.0,0.0,0.0
2024-10-23 11:00:00-04:00,47.29499816894531,47.299800872802734,47.29499816894531,47.29499816894531,4487,0.0,0.0,0.0
2024-10-23 11:05:00-04:00,47.29499816894531,47.29499816894531,47.29499816894531,47.29499816894531,5081,0.0,0.0,0.0
2024-10-23 11:10:00-04:00,47.29499816894531,47.30500030517578,47.29499816894531,47.30500030517578,5524,0.0,0.0,0.0
2024-10-23 11:15:00-04:00,47.30500030517578,47.314998626708984,47.30500030517578,47.314998626708984,5091,0.0,0.0,0.0
2024-10-23 11:20:00-04:00,47.31999969482422,47.31999969482422,47.314998626708984,47.314998626708984,4251,0.0,0.0,0.0
2024-10-23 11:25:00-04:00,47.314998626708984,47.33000183105469,47.314998626708984,47.33000183105469,2286,0.0,0.0,0.0
2024-10-23 11:30:00-04:00,47.32500076293945,47.334999084472656,47.32500076293945,47.334999084472656,5281,0.0,0.0,0.0
2024-10-23 11:35:00-04:00,47.334999084472656,47.345001220703125,47.33089828491211,47.345001220703125,44132,0.0,0.0,0.0
2024-10-23 11:40:00-04:00,47.349998474121094,47.36000061035156,47.345001220703125,47.36000061035156,1662,0.0,0.0,0.0
2024-10-23 11:45:00-04:00,47.3650016784668,47.3650016784668,47.36000061035156,47.36000061035156,6103,0.0,0.0,0.0
2024-10-23 11:50:00-04:00,47.35499954223633,47.36000061035156,47.35499954223633,47.3568000793457,3329,0.0,0.0,0.0
2024-10-23 11:55:00-04:00,47.35499954223633,47.36000061035156,47.35110092163086,47.36000061035156,5798,0.0,0.0,0.0
2024-10-23 12:00:00-04:00,47.36000061035156,47.3650016784668,47.35499954223633,47.35499954223633,6178,0.0,0.0,0.0
2024-10-23 12:05:00-04:00,47.36000061035156,47.36000061035156,47.35499954223633,47.35499954223633,1780,0.0,0.0,0.0
2024-10-23 12:10:00-04:00,47.35499954223633,47.36000061035156,47.35499954223633,47.35499954223633,5159,0.0,0.0,0.0
2024-10-23 12:15:00-04:00,47.35499954223633,47.35499954223633,47.349998474121094,47.349998474121094,5094,0.0,0.0,0.0
2024-10-23 12:20:00-04:00,47.345001220703125,47.35499954223633,47.34049987792969,47.35499954223633,2718,0.0,0.0,0.0
2024-10-23 12:25:00-04:00,47.35499954223633,47.36000061035156,47.352901458740234,47.35499954223633,4625,0.0,0.0,0.0
2024-10-23 12:30:00-04:00,47.35499954223633,47.36000061035156,47.35499954223633,47.36000061035156,3525,0.0,0.0,0.0
2024-10-23 12:35:00-04:00,47.36000061035156,47.36000061035156,47.35499954223633,47.35499954223633,8935,0.0,0.0,0.0
2024-10-23 12:40:00-04:00,47.35499954223633,47.36000061035156,47.349998474121094,47.35499954223633,3922,0.0,0.0,0.0
2024-10-23 12:45:00-04:00,47.35499954223633,47.35499954223633,47.345001220703125,47.345001220703125,4507,0.0,0.0,0.0
2024-10-23 12:50:00-04:00,47.345001220703125,47.35499954223633,47.345001220703125,47.35499954223633,5711,0.0,0.0,0.0
2024-10-23 12:55:00-04:00,47.35499954223633,47.36000061035156,47.351200103759766,47.35499954223633,3559,0.0,0.0,0.0
2024-10-23 13:00:00-04:00,47.36000061035156,47.400001525878906,47.35499954223633,47.35499954223633,11119,0.0,0.0,0.0
2024-10-23 13:05:00-04:00,47.35499954223633,47.35499954223633,47.34000015258789,47.345001220703125,3544,0.0,0.0,0.0
2024-10-23 13:10:00-04:00,47.349998474121094,47.349998474121094,47.345001220703125,47.345001220703125,4081,0.0,0.0,0.0
2024-10-23 13:15:00-04:00,47.345001220703125,47.348899841308594,47.34000015258789,47.34000015258789,5896,0.0,0.0,0.0
2024-10-23 13:20:00-04:00,47.33000183105469,47.334999084472656,47.32500076293945,47.32500076293945,3802,0.0,0.0,0.0
2024-10-23 13:25:00-04:00,47.32500076293945,47.32500076293945,47.314998626708984,47.314998626708984,2573,0.0,0.0,0.0
2024-10-23 13:30:00-04:00,47.31999969482422,47.31999969482422,47.310001373291016,47.314998626708984,6494,0.0,0.0,0.0
2024-10-23 13:35:00-04:00,47.310001373291016,47.310001373291016,47.290000915527344,47.290000915527344,5447,0.0,0.0,0.0
2024-10-23 13:40:00-04:00,47.290000915527344,47.290000915527344,47.28070068359375,47.28499984741211,3417,0.0,0.0,0.0
2024-10-23 13:45:00-04:00,47.28499984741211,47.28499984741211,47.275001525878906,47.275001525878906,4826,0.0,0.0,0.0
2024-10-23 13:50:00-04:00,47.279998779296875,47.290000915527344,47.27009963989258,47.279998779296875,6927,0.0,0.0,0.0
2024-10-23 13:55:00-04:00,47.275001525878906,47.279998779296875,47.27000045776367,47.279998779296875,3210,0.0,0.0,0.0
2024-10-23 14:00:00-04:00,47.279701232910156,47.290000915527344,47.27069854736328,47.28499984741211,6099,0.0,0.0,0.0
2024-10-23 14:05:00-04:00,47.28499984741211,47.290000915527344,47.28070068359375,47.28499984741211,3982,0.0,0.0,0.0
2024-10-23 14:10:00-04:00,47.28499984741211,47.290000915527344,47.28099822998047,47.290000915527344,3319,0.0,0.0,0.0
2024-10-23 14:15:00-04:00,47.28499984741211,47.29999923706055,47.28089904785156,47.29999923706055,8822,0.0,0.0,0.0
2024-10-23 14:20:00-04:00,47.29999923706055,47.30500030517578,47.29999923706055,47.29999923706055,5780,0.0,0.0,0.0
2024-10-23 14:25:00-04:00,47.29999923706055,47.30500030517578,47.29899978637695,47.30500030517578,7176,0.0,0.0,0.0
2024-10-23 14:30:00-04:00,47.30500030517578,47.30889892578125,47.290000915527344,47.290000915527344,9605,0.0,0.0,0.0
2024-10-23 14:35:00-04:00,47.29499816894531,47.29499816894531,47.28499984741211,47.28499984741211,9830,0.0,0.0,0.0
2024-10-23 14:40:00-04:00,47.28499984741211,47.290000915527344,47.28070068359375,47.28499984741211,4741,0.0,0.0,0.0
2024-10-23 14:45:00-04:00,47.28010177612305,47.30500030517578,47.28010177612305,47.30500030517578,10457,0.0,0.0,0.0
2024-10-23 14:50:00-04:00,47.29999923706055,47.310001373291016,47.29999923706055,47.310001373291016,5057,0.0,0.0,0.0
2024-10-23 14:55:00-04:00,47.30009841918945,47.309898376464844,47.290000915527344,47.290000915527344,6582,0.0,0.0,0.0
2024-10-23 15:00:00-04:00,47.29499816894531,47.29499816894531,47.290000915527344,47.29499816894531,1804,0.0,0.0,0.0
2024-10-23 15:05:00-04:00,47.29499816894531,47.29499816894531,47.29499816894531,47.29499816894531,2408,0.0,0.0,0.0
2024-10-23 15:10:00-04:00,47.29499816894531,47.310001373291016,47.29499816894531,47.310001373291016,3652,0.0,0.0,0.0
2024-10-23 15:15:00-04:00,47.310001373291016,47.310001373291016,47.30500030517578,47.30500030517578,3154,0.0,0.0,0.0
2024-10-23 15:20:00-04:00,47.310001373291016,47.310001373291016,47.30500030517578,47.310001373291016,5517,0.0,0.0,0.0
2024-10-23 15:25:00-04:00,47.310001373291016,47.310001373291016,47.30500030517578,47.310001373291016,3583,0.0,0.0,0.0
2024-10-23 15:30:00-04:00,47.310001373291016,47.314998626708984,47.310001373291016,47.314998626708984,9160,0.0,0.0,0.0
2024-10-23 15:35:00-04:00,47.314998626708984,47.318199157714844,47.310001373291016,47.314998626708984,4292,0.0,0.0,0.0
2024-10-23 15:40:00-04:00,47.314998626708984,47.31999969482422,47.310001373291016,47.31999969482422,4083,0.0,0.0,0.0
2024-10-23 15:45:00-04:00,47.314998626708984,47.31999969482422,47.310001373291016,47.314998626708984,3910,0.0,0.0,0.0
2024-10-23 15:50:00-04:00,47.314998626708984,47.31990051269531,47.310001373291016,47.314998626708984,4889,0.0,0.0,0.0
2024-10-23 15:55:00-04:00,47.310001373291016,47.31999969482422,47.310001373291016,47.314998626708984,10598,0.0,0.0,0.0
2024-10-24 09:30:00-04:00,47.33000183105469,47.34550094604492,47.33000183105469,47.34550094604492,3050,0.0,0.0,0.0
2024-10-24 09:35:00-04:00,47.3400993347168,47.35070037841797,47.33000183105469,47.33000183105469,12928,0.0,0.0,0.0
2024-10-24 09:40:00-04:00,47.33000183105469,47.33000183105469,47.29999923706055,47.32500076293945,3026,0.0,0.0,0.0
2024-10-24 09:45:00-04:00,47.31999969482422,47.31999969482422,47.290000915527344,47.290000915527344,6223,0.0,0.0,0.0
2024-10-24 09:50:00-04:00,47.29499816894531,47.30500030517578,47.29499816894531,47.29999923706055,786,0.0,0.0,0.0
2024-10-24 09:55:00-04:00,47.32500076293945,47.33000183105469,47.32500076293945,47.33000183105469,1058,0.0,0.0,0.0
2024-10-24 10:00:00-04:00,47.32849884033203,47.334999084472656,47.314998626708984,47.334999084472656,2642,0.0,0.0,0.0
2024-10-24 10:05:00-04:00,47.345001220703125,47.349098205566406,47.34000015258789,47.345001220703125,1613,0.0,0.0,0.0
2024-10-24 10:10:00-04:00,47.329898834228516,47.33000183105469,47.314998626708984,47.314998626708984,4854,0.0,0.0,0.0
2024-10-24 10:15:00-04:00,47.311100006103516,47.311100006103516,47.30500030517578,47.30500030517578,1026,0.0,0.0,0.0
2024-10-24 10:20:00-04:00,47.30500030517578,47.31999969482422,47.30500030517578,47.31999969482422,3253,0.0,0.0,0.0
2024-10-24 10:25:00-04:00,47.32500076293945,47.33000183105469,47.32500076293945,47.32500076293945,4417,0.0,0.0,0.0
2024-10-24 10:30:00-04:00,47.32500076293945,47.32500076293945,47.3213005065918,47.3213005065918,668,0.0,0.0,0.0
2024-10-24 10:35:00-04:00,47.35499954223633,47.35499954223633,47.35499954223633,47.35499954223633,274,0.0,0.0,0.0
2024-10-24 10:40:00-04:00,47.36009979248047,47.38999938964844,47.36009979248047,47.38999938964844,6630,0.0,0.0,0.0
2024-10-24 10:45:00-04:00,47.400001525878906,47.400001525878906,47.400001525878906,47.400001525878906,289,0.0,0.0,0.0
2024-10-24 10:50:00-04:00,47.38999938964844,47.39500045776367,47.380001068115234,47.39500045776367,16852,0.0,0.0,0.0
2024-10-24 10:55:00-04:00,47.39500045776367,47.4099006652832,47.39500045776367,47.404998779296875,3952,0.0,0.0,0.0
2024-10-24 11:00:00-04:00,47.404998779296875,47.415000915527344,47.404998779296875,47.415000915527344,0,0.0,0.0,0.0
2024-10-24 11:05:00-04:00,47.41889953613281,47.4192008972168,47.415000915527344,47.415000915527344,79982,0.0,0.0,0.0
2024-10-24 11:15:00-04:00,47.43000030517578,47.43000030517578,47.43000030517578,47.43000030517578,616,0.0,0.0,0.0
2024-10-24 11:20:00-04:00,47.41999816894531,47.41999816894531,47.4063606262207,47.4063606262207,290,0.0,0.0,0.0
2024-10-24 11:25:00-04:00,47.40399932861328,47.40679931640625,47.40399932861328,47.404998779296875,2088,0.0,0.0,0.0
2024-10-24 11:30:00-04:00,47.40909957885742,47.40909957885742,47.38999938964844,47.38999938964844,1594,0.0,0.0,0.0
2024-10-24 11:35:00-04:00,47.395301818847656,47.395301818847656,47.38999938964844,47.39500045776367,2576,0.0,0.0,0.0
2024-10-24 11:40:00-04:00,47.404998779296875,47.404998779296875,47.404998779296875,47.404998779296875,100,0.0,0.0,0.0
2024-10-24 11:45:00-04:00,47.404998779296875,47.404998779296875,47.404998779296875,47.404998779296875,333,0.0,0.0,0.0
2024-10-24 11:50:00-04:00,47.40999984741211,47.417137145996094,47.40999984741211,47.40999984741211,4101,0.0,0.0,0.0
2024-10-24 11:55:00-04:00,47.415000915527344,47.41889953613281,47.40999984741211,47.40999984741211,4084,0.0,0.0,0.0
2024-10-24 12:00:00-04:00,47.400001525878906,47.400001525878906,47.38999938964844,47.38999938964844,1006,0.0,0.0,0.0
2024-10-24 12:10:00-04:00,47.40999984741211,47.40999984741211,47.40999984741211,47.40999984741211,411,0.0,0.0,0.0
2024-10-24 12:15:00-04:00,47.41080093383789,47.41080093383789,47.41080093383789,47.41080093383789,1525,0.0,0.0,0.0
2024-10-24 12:20:00-04:00,47.41429901123047,47.415000915527344,47.41429901123047,47.415000915527344,307,0.0,0.0,0.0
2024-10-24 12:25:00-04:00,47.410099029541016,47.410099029541016,47.410099029541016,47.410099029541016,319,0.0,0.0,0.0
2024-10-24 12:30:00-04:00,47.415000915527344,47.415000915527344,47.415000915527344,47.415000915527344,114,0.0,0.0,0.0
2024-10-24 12:45:00-04:00,47.415000915527344,47.41899871826172,47.415000915527344,47.41899871826172,1584,0.0,0.0,0.0
2024-10-24 12:50:00-04:00,47.41910171508789,47.41910171508789,47.415000915527344,47.415000915527344,1510,0.0,0.0,0.0
2024-10-24 12:55:00-04:00,47.41999816894531,47.41999816894531,47.41999816894531,47.41999816894531,100,0.0,0.0,0.0
2024-10-24 13:00:00-04:00,47.43000030517578,47.43000030517578,47.4109992980957,47.415000915527344,9514,0.0,0.0,0.0
2024-10-24 13:05:00-04:00,47.415000915527344,47.415000915527344,47.415000915527344,47.415000915527344,907,0.0,0.0,0.0
2024-10-24 13:10:00-04:00,47.41999816894531,47.41999816894531,47.415000915527344,47.415000915527344,983,0.0,0.0,0.0
2024-10-24 13:15:00-04:00,47.415000915527344,47.415401458740234,47.415000915527344,47.415401458740234,1291,0.0,0.0,0.0
2024-10-24 13:20:00-04:00,47.429901123046875,47.43000030517578,47.42499923706055,47.42499923706055,1766,0.0,0.0,0.0
2024-10-24 13:40:00-04:00,47.435699462890625,47.435699462890625,47.435001373291016,47.435001373291016,652,0.0,0.0,0.0
2024-10-24 13:45:00-04:00,47.439998626708984,47.45000076293945,47.439998626708984,47.45000076293945,1756,0.0,0.0,0.0
2024-10-24 13:50:00-04:00,47.45130157470703,47.45130157470703,47.45130157470703,47.45130157470703,224,0.0,0.0,0.0
2024-10-24 13:55:00-04:00,47.459999084472656,47.46889877319336,47.45500183105469,47.45500183105469,8745,0.0,0.0,0.0
2024-10-24 14:00:00-04:00,47.45899963378906,47.45899963378906,47.45500183105469,47.45500183105469,1525,0.0,0.0,0.0
2024-10-24 14:05:00-04:00,47.45000076293945,47.45000076293945,47.439998626708984,47.44499969482422,7103,0.0,0.0,0.0
2024-10-24 14:10:00-04:00,47.449100494384766,47.449100494384766,47.439998626708984,47.439998626708984,2859,0.0,0.0,0.0
2024-10-24 14:15:00-04:00,47.439998626708984,47.439998626708984,47.439998626708984,47.439998626708984,310,0.0,0.0,0.0
2024-10-24 14:20:00-04:00,47.435001373291016,47.435001373291016,47.435001373291016,47.435001373291016,627,0.0,0.0,0.0
2024-10-24 14:25:00-04:00,47.43000030517578,47.43000030517578,47.42110061645508,47.42110061645508,715,0.0,0.0,0.0
2024-10-24 14:30:00-04:00,47.435001373291016,47.435001373291016,47.42499923706055,47.42499923706055,972,0.0,0.0,0.0
2024-10-24 14:35:00-04:00,47.42100143432617,47.42499923706055,47.42100143432617,47.42499923706055,491,0.0,0.0,0.0
2024-10-24 14:40:00-04:00,47.42890167236328,47.42890167236328,47.415000915527344,47.415000915527344,4597,0.0,0.0,0.0
2024-10-24 14:50:00-04:00,47.4197998046875,47.4197998046875,47.4197998046875,47.4197998046875,248,0.0,0.0,0.0
2024-10-24 14:55:00-04:00,47.415000915527344,47.415000915527344,47.40999984741211,47.40999984741211,1436,0.0,0.0,0.0
2024-10-24 15:00:00-04:00,47.404998779296875,47.404998779296875,47.404998779296875,47.404998779296875,2007,0.0,0.0,0.0
2024-10-24 15:05:00-04:00,47.404998779296875,47.404998779296875,47.40010070800781,47.40010070800781,1694,0.0,0.0,0.0
2024-10-24 15:10:00-04:00,47.404300689697266,47.416961669921875,47.404300689697266,47.415000915527344,4059,0.0,0.0,0.0
2024-10-24 15:15:00-04:00,47.419898986816406,47.419898986816406,47.40999984741211,47.40999984741211,786,0.0,0.0,0.0
2024-10-24 15:20:00-04:00,47.4099006652832,47.4099006652832,47.400001525878906,47.400001525878906,3798,0.0,0.0,0.0
2024-10-24 15:25:00-04:00,47.39500045776367,47.39500045776367,47.39500045776367,47.39500045776367,505,0.0,0.0,0.0
2024-10-24 15:30:00-04:00,47.396427154541016,47.396427154541016,47.396427154541016,47.396427154541016,154,0.0,0.0,0.0
2024-10-24 15:40:00-04:00,47.39419937133789,47.39500045776367,47.38999938964844,47.3911018371582,884,0.0,0.0,0.0
2024-10-24 15:45:00-04:00,47.38999938964844,47.400001525878906,47.38999938964844,47.390098571777344,2232,0.0,0.0,0.0
2024-10-24 15:50:00-04:00,47.39500045776367,47.404998779296875,47.390899658203125,47.404998779296875,3248,0.0,0.0,0.0
2024-10-24 15:55:00-04:00,47.400001525878906,47.404998779296875,47.38999938964844,47.38999938964844,2823,0.0,0.0,0.0
2024-10-25 09:30:00-04:00,47.47999954223633,47.47999954223633,47.47200012207031,47.47200012207031,0,0.0,0.0,0.0
2024-10-25 09:35:00-04:00,47.499900817871094,47.499900817871094,47.470001220703125,47.470001220703125,1522,0.0,0.0,0.0
2024-10-25 09:45:00-04:00,47.47549819946289,47.47549819946289,47.45000076293945,47.45000076293945,3495,0.0,0.0,0.0
2024-10-25 09:50:00-04:00,47.459999084472656,47.459999084472656,47.459999084472656,47.459999084472656,100,0.0,0.0,0.0
2024-10-25 09:55:00-04:00,47.45500183105469,47.45500183105469,47.45500183105469,47.45500183105469,156,0.0,0.0,0.0
2024-10-25 10:00:00-04:00,47.45000076293945,47.470001220703125,47.45000076293945,47.459999084472656,2817,0.0,0.0,0.0
2024-10-25 10:05:00-04:00,47.45500183105469,47.45500183105469,47.423301696777344,47.43000030517578,4299,0.0,0.0,0.0
2024-10-25 10:10:00-04:00,47.439998626708984,47.449100494384766,47.439998626708984,47.449100494384766,1781,0.0,0.0,0.0
2024-10-25 10:15:00-04:00,47.439998626708984,47.439998626708984,47.435001373291016,47.435001373291016,4058,0.0,0.0,0.0
2024-10-25 10:20:00-04:00,47.45500183105469,47.45500183105469,47.44499969482422,47.44499969482422,2565,0.0,0.0,0.0
2024-10-25 10:25:00-04:00,47.439998626708984,47.439998626708984,47.433998107910156,47.433998107910156,996,0.0,0.0,0.0
2024-10-25 10:30:00-04:00,47.415000915527344,47.415000915527344,47.40999984741211,47.40999984741211,601,0.0,0.0,0.0
2024-10-25 10:35:00-04:00,47.39899826049805,47.39899826049805,47.39500045776367,47.39500045776367,1351,0.0,0.0,0.0
2024-10-25 10:45:00-04:00,47.40810012817383,47.40810012817383,47.40810012817383,47.40810012817383,357,0.0,0.0,0.0
2024-10-25 10:50:00-04:00,47.39500045776367,47.404998779296875,47.39500045776367,47.404998779296875,2598,0.0,0.0,0.0
2024-10-25 10:55:00-04:00,47.38999938964844,47.38999938964844,47.37990188598633,47.3849983215332,1638,0.0,0.0,0.0
2024-10-25 11:05:00-04:00,47.4093017578125,47.4093017578125,47.4093017578125,47.4093017578125,0,0.0,0.0,0.0
2024-10-25 11:15:00-04:00,47.41999816894531,47.41999816894531,47.41999816894531,47.41999816894531,0,0.0,0.0,0.0
2024-10-25 11:20:00-04:00,47.41999816894531,47.41999816894531,47.41999816894531,47.41999816894531,45203,0.0,0.0,0.0
2024-10-25 11:25:00-04:00,47.413299560546875,47.41999816894531,47.413299560546875,47.41999816894531,1095,0.0,0.0,0.0
2024-10-25 11:30:00-04:00,47.40999984741211,47.40999984741211,47.39500045776367,47.39500045776367,1058,0.0,0.0,0.0
2024-10-25 11:40:00-04:00,47.390098571777344,47.390098571777344,47.388999938964844,47.388999938964844,1110,0.0,0.0,0.0
2024-10-25 11:45:00-04:00,47.380001068115234,47.3849983215332,47.369998931884766,47.3849983215332,2734,0.0,0.0,0.0
2024-10-25 11:50:00-04:00,47.3849983215332,47.3849983215332,47.3849983215332,47.3849983215332,370,0.0,0.0,0.0
2024-10-25 11:55:00-04:00,47.38059997558594,47.3849983215332,47.38059997558594,47.3849983215332,988,0.0,0.0,0.0
2024-10-25 12:00:00-04:00,47.38909912109375,47.38909912109375,47.38909912109375,47.38909912109375,917,0.0,0.0,0.0
2024-10-25 12:05:00-04:00,47.38330078125,47.39289855957031,47.38330078125,47.38999938964844,1951,0.0,0.0,0.0
2024-10-25 12:10:00-04:00,47.38059997558594,47.38990020751953,47.38059997558594,47.38990020751953,1109,0.0,0.0,0.0
2024-10-25 12:15:00-04:00,47.38570022583008,47.38570022583008,47.369998931884766,47.369998931884766,977,0.0,0.0,0.0
2024-10-25 12:25:00-04:00,47.37160110473633,47.380001068115234,47.37160110473633,47.380001068115234,1255,0.0,0.0,0.0
2024-10-25 12:35:00-04:00,47.380001068115234,47.380001068115234,47.37030029296875,47.37030029296875,756,0.0,0.0,0.0
2024-10-25 12:40:00-04:00,47.369998931884766,47.38890075683594,47.369998931884766,47.38890075683594,379,0.0,0.0,0.0
2024-10-25 12:45:00-04:00,47.38654708862305,47.38654708862305,47.375,47.375,1509,0.0,0.0,0.0
2024-10-25 12:50:00-04:00,47.3849983215332,47.3849983215332,47.3849983215332,47.3849983215332,243,0.0,0.0,0.0
2024-10-25 12:55:00-04:00,47.38399887084961,47.38399887084961,47.38399887084961,47.38399887084961,676,0.0,0.0,0.0
2024-10-25 13:00:00-04:00,47.3849983215332,47.3849983215332,47.3849983215332,47.3849983215332,209,0.0,0.0,0.0
2024-10-25 13:05:00-04:00,47.375,47.378700256347656,47.375,47.378700256347656,1663,0.0,0.0,0.0
2024-10-25 13:10:00-04:00,47.374000549316406,47.377498626708984,47.369998931884766,47.369998931884766,843,0.0,0.0,0.0
2024-10-25 13:15:00-04:00,47.369998931884766,47.369998931884766,47.369998931884766,47.369998931884766,444,0.0,0.0,0.0
2024-10-25 13:20:00-04:00,47.3650016784668,47.3650016784668,47.3650016784668,47.3650016784668,584,0.0,0.0,0.0
2024-10-25 13:25:00-04:00,47.369998931884766,47.369998931884766,47.369998931884766,47.369998931884766,414,0.0,0.0,0.0
2024-10-25 13:30:00-04:00,47.37889862060547,47.37889862060547,47.37889862060547,47.37889862060547,348,0.0,0.0,0.0
2024-10-25 13:35:00-04:00,47.36050033569336,47.36050033569336,47.36050033569336,47.36050033569336,124,0.0,0.0,0.0
2024-10-25 13:40:00-04:00,47.36000061035156,47.36899948120117,47.36000061035156,47.36899948120117,1017,0.0,0.0,0.0
2024-10-25 13:45:00-04:00,47.362098693847656,47.3650016784668,47.36009979248047,47.3650016784668,758,0.0,0.0,0.0
2024-10-25 13:50:00-04:00,47.36899948120117,47.36899948120117,47.36000061035156,47.36000061035156,608,0.0,0.0,0.0
2024-10-25 13:55:00-04:00,47.36000061035156,47.36000061035156,47.36000061035156,47.36000061035156,1003,0.0,0.0,0.0
2024-10-25 14:00:00-04:00,47.35100173950195,47.36000061035156,47.35100173950195,47.36000061035156,4615,0.0,0.0,0.0
2024-10-25 14:05:00-04:00,47.350101470947266,47.350101470947266,47.350101470947266,47.350101470947266,131,0.0,0.0,0.0
2024-10-25 14:10:00-04:00,47.350101470947266,47.350101470947266,47.350101470947266,47.350101470947266,142,0.0,0.0,0.0
2024-10-25 14:15:00-04:00,47.349998474121094,47.35599899291992,47.349998474121094,47.350101470947266,2938,0.0,0.0,0.0
2024-10-25 14:20:00-04:00,47.349998474121094,47.35499954223633,47.349998474121094,47.349998474121094,440,0.0,0.0,0.0
2024-10-25 14:25:00-04:00,47.334999084472656,47.334999084472656,47.32229995727539,47.32500076293945,3179,0.0,0.0,0.0
2024-10-25 14:30:00-04:00,47.33000183105469,47.33000183105469,47.33000183105469,47.33000183105469,500,0.0,0.0,0.0
2024-10-25 14:50:00-04:00,47.334999084472656,47.334999084472656,47.334999084472656,47.334999084472656,263,0.0,0.0,0.0
2024-10-25 14:55:00-04:00,47.31999969482422,47.33000183105469,47.31999969482422,47.32500076293945,1362,0.0,0.0,0.0
2024-10-25 15:05:00-04:00,47.29999923706055,47.29999923706055,47.28990173339844,47.28990173339844,918,0.0,0.0,0.0
2024-10-25 15:10:00-04:00,47.28499984741211,47.28499984741211,47.279998779296875,47.28369903564453,4105,0.0,0.0,0.0
2024-10-25 15:15:00-04:00,47.28499984741211,47.28969955444336,47.28499984741211,47.28499984741211,1166,0.0,0.0,0.0
2024-10-25 15:20:00-04:00,47.279998779296875,47.279998779296875,47.27000045776367,47.27989959716797,463,0.0,0.0,0.0
2024-10-25 15:25:00-04:00,47.27009963989258,47.2760009765625,47.27009963989258,47.275001525878906,1336,0.0,0.0,0.0
2024-10-25 15:30:00-04:00,47.27989959716797,47.27989959716797,47.27069854736328,47.275001525878906,2879,0.0,0.0,0.0
2024-10-25 15:35:00-04:00,47.275001525878906,47.28820037841797,47.275001525878906,47.28820037841797,3515,0.0,0.0,0.0
2024-10-25 15:40:00-04:00,47.290000915527344,47.290000915527344,47.28010177612305,47.28499984741211,2430,0.0,0.0,0.0
2024-10-25 15:45:00-04:00,47.284000396728516,47.290000915527344,47.28110122680664,47.28499984741211,1687,0.0,0.0,0.0
2024-10-25 15:55:00-04:00,47.28499984741211,47.29999923706055,47.284000396728516,47.29999923706055,3483,0.0,0.0,0.0
2024-10-28 09:30:00-04:00,47.31999969482422,47.31999969482422,47.30099868774414,47.30099868774414,0,0.0,0.0,0.0
2024-10-28 09:35:00-04:00,47.290000915527344,47.290000915527344,47.290000915527344,47.290000915527344,1692,0.0,0.0,0.0
2024-10-28 09:40:00-04:00,47.30500030517578,47.30500030517578,47.30500030517578,47.30500030517578,2377,0.0,0.0,0.0
2024-10-28 09:45:00-04:00,47.30009841918945,47.30009841918945,47.30009841918945,47.30009841918945,942,0.0,0.0,0.0
2024-10-28 09:50:00-04:00,47.309200286865234,47.310699462890625,47.300899505615234,47.310699462890625,3745,0.0,0.0,0.0
2024-10-28 09:55:00-04:00,47.29999923706055,47.29999923706055,47.29999923706055,47.29999923706055,308,0.0,0.0,0.0
2024-10-28 10:00:00-04:00,47.29029846191406,47.29029846191406,47.28499984741211,47.28499984741211,1008,0.0,0.0,0.0
2024-10-28 10:05:00-04:00,47.27000045776367,47.27000045776367,47.2599983215332,47.26499938964844,12149,0.0,0.0,0.0
2024-10-28 10:10:00-04:00,47.26499938964844,47.28969955444336,47.26499938964844,47.28499984741211,13799,0.0,0.0,0.0
2024-10-28 10:15:00-04:00,47.279998779296875,47.279998779296875,47.279998779296875,47.279998779296875,633,0.0,0.0,0.0
2024-10-28 10:20:00-04:00,47.28499984741211,47.290000915527344,47.28499984741211,47.28900146484375,3291,0.0,0.0,0.0
2024-10-28 10:25:00-04:00,47.28900146484375,47.290000915527344,47.28499984741211,47.28499984741211,1158,0.0,0.0,0.0
2024-10-28 10:30:00-04:00,47.287498474121094,47.287498474121094,47.28499984741211,47.28499984741211,2886,0.0,0.0,0.0
2024-10-28 10:35:00-04:00,47.279998779296875,47.279998779296875,47.27069854736328,47.27069854736328,858,0.0,0.0,0.0
2024-10-28 10:40:00-04:00,47.279998779296875,47.279998779296875,47.277400970458984,47.277400970458984,526,0.0,0.0,0.0
2024-10-28 10:45:00-04:00,47.278900146484375,47.278900146484375,47.269901275634766,47.27000045776367,2051,0.0,0.0,0.0
2024-10-28 10:50:00-04:00,47.26499938964844,47.26499938964844,47.26250076293945,47.26250076293945,1197,0.0,0.0,0.0
2024-10-28 10:55:00-04:00,47.2599983215332,47.2599983215332,47.2599983215332,47.2599983215332,198,0.0,0.0,0.0
2024-10-28 11:00:00-04:00,47.257999420166016,47.257999420166016,47.257999420166016,47.257999420166016,330,0.0,0.0,0.0
2024-10-28 11:05:00-04:00,47.25,47.25,47.25,47.25,251,0.0,0.0,0.0
2024-10-28 11:10:00-04:00,47.244998931884766,47.244998931884766,47.2400016784668,47.2400016784668,1060,0.0,0.0,0.0
2024-10-28 11:15:00-04:00,47.2406005859375,47.2406005859375,47.2406005859375,47.2406005859375,162,0.0,0.0,0.0
2024-10-28 11:20:00-04:00,47.24300003051758,47.24300003051758,47.23609924316406,47.23609924316406,888,0.0,0.0,0.0
2024-10-28 11:25:00-04:00,47.2400016784668,47.2400016784668,47.2400016784668,47.2400016784668,688,0.0,0.0,0.0
2024-10-28 11:30:00-04:00,47.2400016784668,47.2400016784668,47.2400016784668,47.2400016784668,578,0.0,0.0,0.0
2024-10-28 11:35:00-04:00,47.22999954223633,47.22999954223633,47.220001220703125,47.220001220703125,1185,0.0,0.0,0.0
2024-10-28 11:40:00-04:00,47.209999084472656,47.209999084472656,47.209999084472656,47.209999084472656,657,0.0,0.0,0.0
2024-10-28 11:50:00-04:00,47.20000076293945,47.20000076293945,47.189998626708984,47.189998626708984,941,0.0,0.0,0.0
2024-10-28 12:00:00-04:00,47.16999816894531,47.16999816894531,47.16999816894531,47.16999816894531,646,0.0,0.0,0.0
2024-10-28 12:05:00-04:00,47.1879997253418,47.1879997253418,47.18000030517578,47.18000030517578,438,0.0,0.0,0.0
2024-10-28 12:10:00-04:00,47.17499923706055,47.18000030517578,47.17399978637695,47.18000030517578,2030,0.0,0.0,0.0
2024-10-28 12:20:00-04:00,47.185001373291016,47.18989944458008,47.185001373291016,47.18989944458008,742,0.0,0.0,0.0
2024-10-28 12:25:00-04:00,47.18989944458008,47.189998626708984,47.18000030517578,47.189998626708984,8058,0.0,0.0,0.0
2024-10-28 12:30:00-04:00,47.189998626708984,47.189998626708984,47.189998626708984,47.189998626708984,208,0.0,0.0,0.0
2024-10-28 12:35:00-04:00,47.189998626708984,47.189998626708984,47.18000030517578,47.18000030517578,509,0.0,0.0,0.0
2024-10-28 12:40:00-04:00,47.185001373291016,47.189998626708984,47.180198669433594,47.189998626708984,1085,0.0,0.0,0.0
2024-10-28 12:45:00-04:00,47.18000030517578,47.18000030517578,47.16999816894531,47.17499923706055,12457,0.0,0.0,0.0
2024-10-28 12:50:00-04:00,47.17499923706055,47.18000030517578,47.17210006713867,47.18000030517578,1692,0.0,0.0,0.0
2024-10-28 12:55:00-04:00,47.17499923706055,47.18000030517578,47.17499923706055,47.17499923706055,814,0.0,0.0,0.0
2024-10-28 13:00:00-04:00,47.18000030517578,47.18000030517578,47.154998779296875,47.15999984741211,2309,0.0,0.0,0.0
2024-10-28 13:05:00-04:00,47.16999816894531,47.16999816894531,47.16999816894531,47.16999816894531,118,0.0,0.0,0.0
2024-10-28 13:10:00-04:00,47.15999984741211,47.16999816894531,47.15999984741211,47.16999816894531,988,0.0,0.0,0.0
2024-10-28 13:15:00-04:00,47.15999984741211,47.16999816894531,47.15999984741211,47.16999816894531,803,0.0,0.0,0.0
2024-10-28 13:20:00-04:00,47.16889953613281,47.16889953613281,47.16889953613281,47.16889953613281,1053,0.0,0.0,0.0
2024-10-28 13:25:00-04:00,47.16999816894531,47.16999816894531,47.165199279785156,47.169700622558594,390,0.0,0.0,0.0
2024-10-28 13:30:00-04:00,47.18000030517578,47.18000030517578,47.18000030517578,47.18000030517578,113,0.0,0.0,0.0
2024-10-28 13:35:00-04:00,47.18000030517578,47.18000030517578,47.18000030517578,47.18000030517578,0,0.0,0.0,0.0
2024-10-28 13:40:00-04:00,47.16999816894531,47.17499923706055,47.16999816894531,47.16999816894531,92373,0.0,0.0,0.0
2024-10-28 13:45:00-04:00,47.170799255371094,47.18000030517578,47.170799255371094,47.18000030517578,1370,0.0,0.0,0.0
2024-10-28 13:50:00-04:00,47.16999816894531,47.18009948730469,47.16999816894531,47.18009948730469,791,0.0,0.0,0.0
2024-10-28 13:55:00-04:00,47.189998626708984,47.189998626708984,47.189998626708984,47.189998626708984,361,0.0,0.0,0.0
2024-10-28 14:05:00-04:00,47.17959976196289,47.17959976196289,47.165000915527344,47.17300033569336,927,0.0,0.0,0.0
2024-10-28 14:10:00-04:00,47.16999816894531,47.16999816894531,47.16999816894531,47.16999816894531,300,0.0,0.0,0.0
2024-10-28 14:15:00-04:00,47.18000030517578,47.18000030517578,47.17499923706055,47.18000030517578,1364,0.0,0.0,0.0
2024-10-28 14:20:00-04:00,47.18000030517578,47.185001373291016,47.18000030517578,47.18000030517578,3315,0.0,0.0,0.0
2024-10-28 14:25:00-04:00,47.189998626708984,47.189998626708984,47.185001373291016,47.185001373291016,1503,0.0,0.0,0.0
2024-10-28 14:30:00-04:00,47.185001373291016,47.185001373291016,47.185001373291016,47.185001373291016,535,0.0,0.0,0.0
2024-10-28 14:35:00-04:00,47.185001373291016,47.19499969482422,47.185001373291016,47.19499969482422,1518,0.0,0.0,0.0
2024-10-28 14:40:00-04:00,47.209999084472656,47.209999084472656,47.209999084472656,47.209999084472656,631,0.0,0.0,0.0
2024-10-28 14:45:00-04:00,47.204498291015625,47.209999084472656,47.204200744628906,47.209999084472656,871,0.0,0.0,0.0
2024-10-28 14:50:00-04:00,47.224998474121094,47.224998474121094,47.220298767089844,47.224998474121094,1719,0.0,0.0,0.0
2024-10-28 14:55:00-04:00,47.220001220703125,47.220001220703125,47.209999084472656,47.209999084472656,1782,0.0,0.0,0.0
2024-10-28 15:00:00-04:00,47.220001220703125,47.22679901123047,47.220001220703125,47.220001220703125,1983,0.0,0.0,0.0
2024-10-28 15:05:00-04:00,47.22829818725586,47.22829818725586,47.210899353027344,47.210899353027344,3451,0.0,0.0,0.0
2024-10-28 15:10:00-04:00,47.220001220703125,47.224998474121094,47.21500015258789,47.22209930419922,1819,0.0,0.0,0.0
2024-10-28 15:15:00-04:00,47.224998474121094,47.22959899902344,47.224998474121094,47.22959899902344,1469,0.0,0.0,0.0
2024-10-28 15:20:00-04:00,47.22999954223633,47.22999954223633,47.22999954223633,47.22999954223633,464,0.0,0.0,0.0
2024-10-28 15:25:00-04:00,47.23500061035156,47.23500061035156,47.220699310302734,47.220699310302734,1227,0.0,0.0,0.0
2024-10-28 15:30:00-04:00,47.22010040283203,47.22010040283203,47.22010040283203,47.22010040283203,346,0.0,0.0,0.0
2024-10-28 15:35:00-04:00,47.22999954223633,47.22999954223633,47.22999954223633,47.22999954223633,445,0.0,0.0,0.0
2024-10-28 15:40:00-04:00,47.2400016784668,47.2400016784668,47.23030090332031,47.23030090332031,779,0.0,0.0,0.0
2024-10-28 15:45:00-04:00,47.23500061035156,47.25,47.23500061035156,47.2400016784668,6235,0.0,0.0,0.0
2024-10-28 15:50:00-04:00,47.2400016784668,47.2401008605957,47.2400016784668,47.2400016784668,1390,0.0,0.0,0.0
2024-10-28 15:55:00-04:00,47.2400016784668,47.2400016784668,47.22999954223633,47.22999954223633,3140,0.0,0.0,0.0
2024-10-29 09:30:00-04:00,47.06999969482422,47.06999969482422,47.06999969482422,47.06999969482422,2685,0.0,0.0,0.0
2024-10-29 09:35:00-04:00,47.064998626708984,47.07500076293945,47.064998626708984,47.07500076293945,4331,0.0,0.0,0.0
2024-10-29 09:45:00-04:00,47.07500076293945,47.099998474121094,47.07500076293945,47.099700927734375,3227,0.0,0.0,0.0
2024-10-29 09:50:00-04:00,47.099998474121094,47.099998474121094,47.09410095214844,47.09410095214844,1241,0.0,0.0,0.0
2024-10-29 09:55:00-04:00,47.0900993347168,47.095001220703125,47.0900993347168,47.095001220703125,882,0.0,0.0,0.0
2024-10-29 10:00:00-04:00,47.20000076293945,47.20000076293945,47.15999984741211,47.15999984741211,3551,0.0,0.0,0.0
2024-10-29 10:05:00-04:00,47.13999938964844,47.13999938964844,47.125,47.1348991394043,2156,0.0,0.0,0.0
2024-10-29 10:10:00-04:00,47.1349983215332,47.13999938964844,47.119998931884766,47.119998931884766,15114,0.0,0.0,0.0
2024-10-29 10:15:00-04:00,47.125,47.12630081176758,47.125,47.12630081176758,328,0.0,0.0,0.0
2024-10-29 10:20:00-04:00,47.1349983215332,47.154998779296875,47.1349983215332,47.154998779296875,3247,0.0,0.0,0.0
2024-10-29 10:25:00-04:00,47.14500045776367,47.15999984741211,47.14500045776367,47.14899826049805,3284,0.0,0.0,0.0
2024-10-29 10:30:00-04:00,47.150001525878906,47.15999984741211,47.150001525878906,47.15409851074219,5523,0.0,0.0,0.0
2024-10-29 10:35:00-04:00,47.14500045776367,47.14500045776367,47.13999938964844,47.13999938964844,327,0.0,0.0,0.0
2024-10-29 10:40:00-04:00,47.13999938964844,47.14799880981445,47.119998931884766,47.119998931884766,14698,0.0,0.0,0.0
2024-10-29 10:45:00-04:00,47.119998931884766,47.119998931884766,47.11000061035156,47.11000061035156,1085,0.0,0.0,0.0
2024-10-29 10:50:00-04:00,47.119998931884766,47.119998931884766,47.119998931884766,47.119998931884766,102,0.0,0.0,0.0
2024-10-29 10:55:00-04:00,47.125,47.1349983215332,47.125,47.130001068115234,872,0.0,0.0,0.0
2024-10-29 11:00:00-04:00,47.11399841308594,47.119998931884766,47.11399841308594,47.119998931884766,2138,0.0,0.0,0.0
2024-10-29 11:05:00-04:00,47.11000061035156,47.11000061035156,47.099998474121094,47.099998474121094,831,0.0,0.0,0.0
2024-10-29 11:10:00-04:00,47.07500076293945,47.089900970458984,47.07500076293945,47.084999084472656,3253,0.0,0.0,0.0
2024-10-29 11:15:00-04:00,47.060001373291016,47.06999969482422,47.060001373291016,47.06999969482422,368,0.0,0.0,0.0
2024-10-29 11:20:00-04:00,47.058998107910156,47.064998626708984,47.058998107910156,47.064998626708984,930,0.0,0.0,0.0
2024-10-29 11:25:00-04:00,47.07740020751953,47.084999084472656,47.07109832763672,47.08000183105469,2754,0.0,0.0,0.0
2024-10-29 11:30:00-04:00,47.08000183105469,47.09000015258789,47.08000183105469,47.09000015258789,1870,0.0,0.0,0.0
2024-10-29 11:40:00-04:00,47.10499954223633,47.10499954223633,47.10499954223633,47.10499954223633,344,0.0,0.0,0.0
2024-10-29 11:45:00-04:00,47.10900115966797,47.109901428222656,47.100101470947266,47.100101470947266,6516,0.0,0.0,0.0
2024-10-29 11:55:00-04:00,47.119998931884766,47.119998931884766,47.119998931884766,47.119998931884766,1249,0.0,0.0,0.0
2024-10-29 12:00:00-04:00,47.125,47.125,47.125,47.125,105,0.0,0.0,0.0
2024-10-29 12:05:00-04:00,47.1245002746582,47.1245002746582,47.1245002746582,47.1245002746582,227,0.0,0.0,0.0
2024-10-29 12:10:00-04:00,47.125,47.125,47.11050033569336,47.11909866333008,6802,0.0,0.0,0.0
2024-10-29 12:15:00-04:00,47.1150016784668,47.125,47.1150016784668,47.125,3419,0.0,0.0,0.0
2024-10-29 12:20:00-04:00,47.099998474121094,47.119998931884766,47.099998474121094,47.10499954223633,3021,0.0,0.0,0.0
2024-10-29 12:25:00-04:00,47.11000061035156,47.11000061035156,47.11000061035156,47.11000061035156,345,0.0,0.0,0.0
2024-10-29 12:30:00-04:00,47.109901428222656,47.109901428222656,47.099998474121094,47.099998474121094,531,0.0,0.0,0.0
2024-10-29 12:35:00-04:00,47.08000183105469,47.09080123901367,47.08000183105469,47.09080123901367,872,0.0,0.0,0.0
2024-10-29 12:40:00-04:00,47.090301513671875,47.095001220703125,47.09000015258789,47.09000015258789,860,0.0,0.0,0.0
2024-10-29 12:45:00-04:00,47.09000015258789,47.09000015258789,47.09000015258789,47.09000015258789,737,0.0,0.0,0.0
2024-10-29 12:50:00-04:00,47.11000061035156,47.11000061035156,47.10710144042969,47.11000061035156,650,0.0,0.0,0.0
2024-10-29 12:55:00-04:00,47.11000061035156,47.11000061035156,47.10499954223633,47.10710144042969,2527,0.0,0.0,0.0
2024-10-29 13:00:00-04:00,47.1150016784668,47.17499923706055,47.1150016784668,47.17499923706055,5347,0.0,0.0,0.0
2024-10-29 13:05:00-04:00,47.18000030517578,47.19499969482422,47.18000030517578,47.189998626708984,1215,0.0,0.0,0.0
2024-10-29 13:10:00-04:00,47.18920135498047,47.18920135498047,47.18920135498047,47.18920135498047,1237,0.0,0.0,0.0
2024-10-29 13:15:00-04:00,47.20000076293945,47.20500183105469,47.20000076293945,47.20500183105469,220,0.0,0.0,0.0
2024-10-29 13:20:00-04:00,47.18980026245117,47.18980026245117,47.18980026245117,47.18980026245117,293,0.0,0.0,0.0
2024-10-29 13:25:00-04:00,47.18000030517578,47.185001373291016,47.18000030517578,47.185001373291016,1268,0.0,0.0,0.0
2024-10-29 13:30:00-04:00,47.18000030517578,47.18000030517578,47.1609992980957,47.1609992980957,1418,0.0,0.0,0.0
2024-10-29 13:40:00-04:00,47.18989944458008,47.18989944458008,47.18989944458008,47.18989944458008,1232,0.0,0.0,0.0
2024-10-29 13:45:00-04:00,47.20000076293945,47.20500183105469,47.20000076293945,47.20500183105469,1099,0.0,0.0,0.0
2024-10-29 13:50:00-04:00,47.209800720214844,47.209800720214844,47.209800720214844,47.209800720214844,719,0.0,0.0,0.0
2024-10-29 14:00:00-04:00,47.209999084472656,47.21989822387695,47.209999084472656,47.21009826660156,1196,0.0,0.0,0.0
2024-10-29 14:05:00-04:00,47.220001220703125,47.220001220703125,47.21500015258789,47.21989822387695,1434,0.0,0.0,0.0
2024-10-29 14:15:00-04:00,47.21379852294922,47.224998474121094,47.21379852294922,47.224998474121094,504,0.0,0.0,0.0
2024-10-29 14:20:00-04:00,47.22549819946289,47.22549819946289,47.22359848022461,47.22359848022461,1079,0.0,0.0,0.0
2024-10-29 14:25:00-04:00,47.22999954223633,47.23500061035156,47.22600173950195,47.23500061035156,4246,0.0,0.0,0.0
2024-10-29 14:30:00-04:00,47.22999954223633,47.22999954223633,47.220001220703125,47.220001220703125,325,0.0,0.0,0.0
2024-10-29 14:35:00-04:00,47.21500015258789,47.224998474121094,47.21500015258789,47.22140121459961,5883,0.0,0.0,0.0
2024-10-29 14:40:00-04:00,47.224998474121094,47.22999954223633,47.220001220703125,47.220001220703125,1524,0.0,0.0,0.0
2024-10-29 14:45:00-04:00,47.23500061035156,47.23500061035156,47.23500061035156,47.23500061035156,172,0.0,0.0,0.0
2024-10-29 14:50:00-04:00,47.255001068115234,47.26655578613281,47.25,47.26499938964844,1592,0.0,0.0,0.0
2024-10-29 14:55:00-04:00,47.255001068115234,47.255001068115234,47.25,47.255001068115234,1389,0.0,0.0,0.0
2024-10-29 15:00:00-04:00,47.27000045776367,47.27000045776367,47.26499938964844,47.26499938964844,1176,0.0,0.0,0.0
2024-10-29 15:05:00-04:00,47.26890182495117,47.269901275634766,47.2599983215332,47.2599983215332,3176,0.0,0.0,0.0
2024-10-29 15:10:00-04:00,47.2598991394043,47.2598991394043,47.25,47.25,1908,0.0,0.0,0.0
2024-10-29 15:15:00-04:00,47.2400016784668,47.25,47.2400016784668,47.244998931884766,4031,0.0,0.0,0.0
2024-10-29 15:20:00-04:00,47.249698638916016,47.249698638916016,47.2400016784668,47.244998931884766,1033,0.0,0.0,0.0
2024-10-29 15:25:00-04:00,47.244998931884766,47.24829864501953,47.240699768066406,47.240699768066406,737,0.0,0.0,0.0
2024-10-29 15:30:00-04:00,47.25,47.2599983215332,47.25,47.255001068115234,2941,0.0,0.0,0.0
2024-10-29 15:35:00-04:00,47.2588996887207,47.25979995727539,47.255001068115234,47.25979995727539,1237,0.0,0.0,0.0
2024-10-29 15:40:00-04:00,47.255001068115234,47.25740051269531,47.25299835205078,47.25299835205078,619,0.0,0.0,0.0
2024-10-29 15:45:00-04:00,47.255001068115234,47.27000045776367,47.25,47.27000045776367,8092,0.0,0.0,0.0
2024-10-29 15:50:00-04:00,47.275001525878906,47.279998779296875,47.275001525878906,47.279998779296875,6619,0.0,0.0,0.0
2024-10-29 15:55:00-04:00,47.279998779296875,47.290000915527344,47.270999908447266,47.28499984741211,32960,0.0,0.0,0.0
2024-10-30 09:30:00-04:00,47.36000061035156,47.380001068115234,47.36000061035156,47.380001068115234,0,0.0,0.0,0.0
2024-10-30 09:35:00-04:00,47.375,47.380001068115234,47.375,47.380001068115234,933,0.0,0.0,0.0
2024-10-30 09:40:00-04:00,47.380001068115234,47.380001068115234,47.380001068115234,47.380001068115234,136,0.0,0.0,0.0
2024-10-30 09:45:00-04:00,47.403900146484375,47.41999816894531,47.400001525878906,47.41999816894531,1043,0.0,0.0,0.0
2024-10-30 09:50:00-04:00,47.40999984741211,47.40999984741211,47.404998779296875,47.404998779296875,2530,0.0,0.0,0.0
2024-10-30 09:55:00-04:00,47.41999816894531,47.45500183105469,47.41999816894531,47.439998626708984,2044,0.0,0.0,0.0
2024-10-30 10:00:00-04:00,47.42499923706055,47.43000030517578,47.41999816894531,47.43000030517578,3393,0.0,0.0,0.0
2024-10-30 10:05:00-04:00,47.41999816894531,47.41999816894531,47.400001525878906,47.400001525878906,493,0.0,0.0,0.0
2024-10-30 10:10:00-04:00,47.400001525878906,47.401100158691406,47.39500045776367,47.400001525878906,1692,0.0,0.0,0.0
2024-10-30 10:15:00-04:00,47.40999984741211,47.415000915527344,47.40999984741211,47.415000915527344,277,0.0,0.0,0.0
2024-10-30 10:20:00-04:00,47.38999938964844,47.38999938964844,47.380001068115234,47.380001068115234,912,0.0,0.0,0.0
2024-10-30 10:25:00-04:00,47.3588981628418,47.36000061035156,47.349998474121094,47.36000061035156,3271,0.0,0.0,0.0
2024-10-30 10:30:00-04:00,47.349998474121094,47.36000061035156,47.34000015258789,47.349998474121094,2151,0.0,0.0,0.0
2024-10-30 10:35:00-04:00,47.34000015258789,47.349998474121094,47.33000183105469,47.349998474121094,1933,0.0,0.0,0.0
2024-10-30 10:40:00-04:00,47.3401985168457,47.346351623535156,47.31999969482422,47.33000183105469,3616,0.0,0.0,0.0
2024-10-30 10:45:00-04:00,47.31999969482422,47.31999969482422,47.29499816894531,47.29499816894531,625,0.0,0.0,0.0
2024-10-30 10:50:00-04:00,47.290000915527344,47.29999923706055,47.290000915527344,47.29999923706055,642,0.0,0.0,0.0
2024-10-30 10:55:00-04:00,47.29999923706055,47.29999923706055,47.290000915527344,47.290000915527344,3498,0.0,0.0,0.0
2024-10-30 11:00:00-04:00,47.29499816894531,47.29499816894531,47.290000915527344,47.290000915527344,2507,0.0,0.0,0.0
2024-10-30 11:05:00-04:00,47.27000045776367,47.278900146484375,47.26499938964844,47.27000045776367,7676,0.0,0.0,0.0
2024-10-30 11:10:00-04:00,47.2599983215332,47.2599983215332,47.2599983215332,47.2599983215332,537,0.0,0.0,0.0
2024-10-30 11:15:00-04:00,47.25,47.252498626708984,47.24089813232422,47.24089813232422,1484,0.0,0.0,0.0
2024-10-30 11:20:00-04:00,47.2400016784668,47.2400016784668,47.22999954223633,47.22999954223633,266,0.0,0.0,0.0
2024-10-30 11:25:00-04:00,47.2400016784668,47.25,47.2400016784668,47.25,462,0.0,0.0,0.0
2024-10-30 11:30:00-04:00,47.28499984741211,47.28499984741211,47.28499984741211,47.28499984741211,105,0.0,0.0,0.0
2024-10-30 11:35:00-04:00,47.282100677490234,47.29999923706055,47.282100677490234,47.290000915527344,1041,0.0,0.0,0.0
2024-10-30 11:40:00-04:00,47.29179382324219,47.29179382324219,47.27000045776367,47.275001525878906,7466,0.0,0.0,0.0
2024-10-30 11:45:00-04:00,47.27000045776367,47.27989959716797,47.27000045776367,47.27989959716797,1064,0.0,0.0,0.0
2024-10-30 11:50:00-04:00,47.279998779296875,47.279998779296875,47.279998779296875,47.279998779296875,241,0.0,0.0,0.0
2024-10-30 11:55:00-04:00,47.28369903564453,47.28369903564453,47.275001525878906,47.279998779296875,0,0.0,0.0,0.0
2024-10-30 12:00:00-04:00,47.290000915527344,47.30569839477539,47.290000915527344,47.30500030517578,60212,0.0,0.0,0.0
2024-10-30 12:05:00-04:00,47.310001373291016,47.310699462890625,47.310001373291016,47.31010055541992,853,0.0,0.0,0.0
2024-10-30 12:10:00-04:00,47.310298919677734,47.310298919677734,47.29999923706055,47.30500030517578,1565,0.0,0.0,0.0
2024-10-30 12:15:00-04:00,47.31524658203125,47.31999969482422,47.31524658203125,47.31740188598633,1645,0.0,0.0,0.0
2024-10-30 12:20:00-04:00,47.31999969482422,47.33000183105469,47.31999969482422,47.33000183105469,300,0.0,0.0,0.0
2024-10-30 12:25:00-04:00,47.32109832763672,47.33000183105469,47.32109832763672,47.33000183105469,1091,0.0,0.0,0.0
2024-10-30 12:35:00-04:00,47.345001220703125,47.345001220703125,47.33000183105469,47.33000183105469,1916,0.0,0.0,0.0
2024-10-30 12:40:00-04:00,47.33000183105469,47.33000183105469,47.32749938964844,47.32749938964844,936,0.0,0.0,0.0
2024-10-30 12:45:00-04:00,47.33000183105469,47.33000183105469,47.31999969482422,47.31999969482422,667,0.0,0.0,0.0
2024-10-30 12:50:00-04:00,47.31999969482422,47.31999969482422,47.31999969482422,47.31999969482422,426,0.0,0.0,0.0
2024-10-30 12:55:00-04:00,47.33000183105469,47.33000183105469,47.33000183105469,47.33000183105469,291,0.0,0.0,0.0
2024-10-30 13:00:00-04:00,47.310001373291016,47.310001373291016,47.29999923706055,47.29999923706055,210,0.0,0.0,0.0
2024-10-30 13:05:00-04:00,47.29999923706055,47.29999923706055,47.29999923706055,47.29999923706055,350,0.0,0.0,0.0
2024-10-30 13:10:00-04:00,47.29499816894531,47.29999923706055,47.28499984741211,47.28499984741211,7131,0.0,0.0,0.0
2024-10-30 13:15:00-04:00,47.290000915527344,47.29499816894531,47.290000915527344,47.290000915527344,601,0.0,0.0,0.0
2024-10-30 13:20:00-04:00,47.29059982299805,47.29059982299805,47.29059982299805,47.29059982299805,170,0.0,0.0,0.0
2024-10-30 13:25:00-04:00,47.275001525878906,47.275001525878906,47.275001525878906,47.275001525878906,500,0.0,0.0,0.0
2024-10-30 13:30:00-04:00,47.279998779296875,47.279998779296875,47.279998779296875,47.279998779296875,145,0.0,0.0,0.0
2024-10-30 13:35:00-04:00,47.28129959106445,47.29999923706055,47.28129959106445,47.29999923706055,290,0.0,0.0,0.0
2024-10-30 13:40:00-04:00,47.293434143066406,47.29999923706055,47.293434143066406,47.297698974609375,1440,0.0,0.0,0.0
2024-10-30 13:45:00-04:00,47.29999923706055,47.29999923706055,47.29130172729492,47.29970169067383,1602,0.0,0.0,0.0
2024-10-30 13:55:00-04:00,47.28110122680664,47.28110122680664,47.28110122680664,47.28110122680664,622,0.0,0.0,0.0
2024-10-30 14:00:00-04:00,47.279998779296875,47.28889846801758,47.279998779296875,47.28499984741211,768,0.0,0.0,0.0
2024-10-30 14:05:00-04:00,47.290000915527344,47.30500030517578,47.290000915527344,47.30500030517578,745,0.0,0.0,0.0
2024-10-30 14:10:00-04:00,47.308998107910156,47.308998107910156,47.30099868774414,47.30500030517578,5682,0.0,0.0,0.0
2024-10-30 14:15:00-04:00,47.29999923706055,47.29999923706055,47.29999923706055,47.29999923706055,117,0.0,0.0,0.0
2024-10-30 14:20:00-04:00,47.30970001220703,47.30970001220703,47.30970001220703,47.30970001220703,1035,0.0,0.0,0.0
2024-10-30 14:25:00-04:00,47.30500030517578,47.30870056152344,47.29999923706055,47.29999923706055,2845,0.0,0.0,0.0
2024-10-30 14:30:00-04:00,47.29999923706055,47.29999923706055,47.290000915527344,47.290000915527344,13496,0.0,0.0,0.0
2024-10-30 14:35:00-04:00,47.290000915527344,47.29499816894531,47.28010177612305,47.28499984741211,1071,0.0,0.0,0.0
2024-10-30 14:40:00-04:00,47.28419876098633,47.290000915527344,47.28419876098633,47.28499984741211,4390,0.0,0.0,0.0
2024-10-30 14:50:00-04:00,47.282100677490234,47.290000915527344,47.282100677490234,47.290000915527344,1846,0.0,0.0,0.0
2024-10-30 14:55:00-04:00,47.290000915527344,47.290000915527344,47.279998779296875,47.279998779296875,7939,0.0,0.0,0.0
2024-10-30 15:00:00-04:00,47.27000045776367,47.27000045776367,47.266700744628906,47.266700744628906,2030,0.0,0.0,0.0
2024-10-30 15:05:00-04:00,47.26969909667969,47.26969909667969,47.2400016784668,47.2400016784668,2638,0.0,0.0,0.0
2024-10-30 15:10:00-04:00,47.221099853515625,47.2400016784668,47.221099853515625,47.2400016784668,2787,0.0,0.0,0.0
2024-10-30 15:15:00-04:00,47.22999954223633,47.22999954223633,47.209999084472656,47.21500015258789,481,0.0,0.0,0.0
2024-10-30 15:20:00-04:00,47.21969985961914,47.220001220703125,47.21500015258789,47.220001220703125,3899,0.0,0.0,0.0
2024-10-30 15:25:00-04:00,47.220001220703125,47.22990036010742,47.220001220703125,47.22990036010742,366,0.0,0.0,0.0
2024-10-30 15:30:00-04:00,47.22999954223633,47.22999954223633,47.221099853515625,47.221099853515625,932,0.0,0.0,0.0
2024-10-30 15:35:00-04:00,47.244998931884766,47.249900817871094,47.2400016784668,47.2400016784668,752,0.0,0.0,0.0
2024-10-30 15:40:00-04:00,47.23500061035156,47.24580001831055,47.22999954223633,47.2400016784668,1064,0.0,0.0,0.0
2024-10-30 15:45:00-04:00,47.244998931884766,47.244998931884766,47.23500061035156,47.23500061035156,222,0.0,0.0,0.0
2024-10-30 15:50:00-04:00,47.23500061035156,47.23500061035156,47.23500061035156,47.23500061035156,133,0.0,0.0,0.0
2024-10-30 15:55:00-04:00,47.22999954223633,47.2400016784668,47.224998474121094,47.2400016784668,3302,0.0,0.0,0.0
2024-10-31 09:30:00-04:00,47.15999984741211,47.15999984741211,47.15999984741211,47.15999984741211,2921,0.0,0.0,0.0
2024-10-31 09:35:00-04:00,47.15999984741211,47.15999984741211,47.15999984741211,47.15999984741211,0,0.0,0.0,0.0
2024-10-31 09:40:00-04:00,47.150001525878906,47.16999816894531,47.150001525878906,47.1599006652832,7065,0.0,0.0,0.0
2024-10-31 09:45:00-04:00,47.151100158691406,47.15599822998047,47.150001525878906,47.154998779296875,0,0.0,0.0,0.0
2024-10-31 09:50:00-04:00,47.13159942626953,47.13800048828125,47.095001220703125,47.095001220703125,14792,0.0,0.0,0.0
2024-10-31 10:00:00-04:00,47.10029983520508,47.10499954223633,47.0901985168457,47.098899841308594,4360,0.0,0.0,0.0
2024-10-31 10:05:00-04:00,47.08000183105469,47.08000183105469,47.07109832763672,47.07979965209961,3807,0.0,0.0,0.0
2024-10-31 10:10:00-04:00,47.10169982910156,47.119998931884766,47.10169982910156,47.119998931884766,548,0.0,0.0,0.0
2024-10-31 10:15:00-04:00,47.12300109863281,47.150001525878906,47.12009811401367,47.150001525878906,1681,0.0,0.0,0.0
2024-10-31 10:20:00-04:00,47.14500045776367,47.152000427246094,47.13999938964844,47.13999938964844,7572,0.0,0.0,0.0
2024-10-31 10:25:00-04:00,47.130001068115234,47.13990020751953,47.125,47.125,830,0.0,0.0,0.0
2024-10-31 10:30:00-04:00,47.125,47.125,47.11000061035156,47.11000061035156,1327,0.0,0.0,0.0
2024-10-31 10:35:00-04:00,47.125,47.125,47.11000061035156,47.11000061035156,1520,0.0,0.0,0.0
2024-10-31 10:40:00-04:00,47.118900299072266,47.118900299072266,47.10969924926758,47.10969924926758,511,0.0,0.0,0.0
2024-10-31 10:45:00-04:00,47.119998931884766,47.119998931884766,47.1150016784668,47.119998931884766,990,0.0,0.0,0.0
2024-10-31 10:50:00-04:00,47.119998931884766,47.119998931884766,47.119998931884766,47.119998931884766,100,0.0,0.0,0.0
2024-10-31 10:55:00-04:00,47.11000061035156,47.11000061035156,47.11000061035156,47.11000061035156,455,0.0,0.0,0.0
2024-10-31 11:00:00-04:00,47.09000015258789,47.09000015258789,47.09000015258789,47.09000015258789,198,0.0,0.0,0.0
2024-10-31 11:05:00-04:00,47.08190155029297,47.09000015258789,47.08190155029297,47.09000015258789,2000,0.0,0.0,0.0
2024-10-31 11:10:00-04:00,47.095001220703125,47.095001220703125,47.095001220703125,47.095001220703125,192,0.0,0.0,0.0
2024-10-31 11:15:00-04:00,47.109901428222656,47.11000061035156,47.109901428222656,47.11000061035156,3772,0.0,0.0,0.0
2024-10-31 11:25:00-04:00,47.130001068115234,47.130001068115234,47.119998931884766,47.125,1788,0.0,0.0,0.0
2024-10-31 11:30:00-04:00,47.125,47.13999938964844,47.125,47.1349983215332,1848,0.0,0.0,0.0
2024-10-31 11:35:00-04:00,47.1349983215332,47.13999938964844,47.130001068115234,47.130001068115234,1151,0.0,0.0,0.0
2024-10-31 11:40:00-04:00,47.1349983215332,47.15999984741211,47.1349983215332,47.14099884033203,131529,0.0,0.0,0.0
2024-10-31 11:45:00-04:00,47.150001525878906,47.165000915527344,47.150001525878906,47.165000915527344,585,0.0,0.0,0.0
2024-10-31 11:50:00-04:00,47.16999816894531,47.176734924316406,47.16999816894531,47.17499923706055,3401,0.0,0.0,0.0
2024-10-31 11:55:00-04:00,47.18069839477539,47.18069839477539,47.18069839477539,47.18069839477539,383,0.0,0.0,0.0
2024-10-31 12:00:00-04:00,47.19499969482422,47.19499969482422,47.19499969482422,47.19499969482422,223,0.0,0.0,0.0
2024-10-31 12:05:00-04:00,47.209999084472656,47.209999084472656,47.209999084472656,47.209999084472656,734,0.0,0.0,0.0
2024-10-31 12:15:00-04:00,47.221099853515625,47.22999954223633,47.22019958496094,47.22019958496094,1503,0.0,0.0,0.0
2024-10-31 12:20:00-04:00,47.22119903564453,47.22999954223633,47.220001220703125,47.220001220703125,941,0.0,0.0,0.0
2024-10-31 12:25:00-04:00,47.22530746459961,47.22530746459961,47.224998474121094,47.224998474121094,1666,0.0,0.0,0.0
2024-10-31 12:30:00-04:00,47.22999954223633,47.22999954223633,47.22999954223633,47.22999954223633,4547,0.0,0.0,0.0
2024-10-31 12:40:00-04:00,47.209999084472656,47.209999084472656,47.209999084472656,47.209999084472656,283,0.0,0.0,0.0
2024-10-31 12:45:00-04:00,47.20389938354492,47.20989990234375,47.20389938354492,47.20989990234375,683,0.0,0.0,0.0
2024-10-31 12:50:00-04:00,47.20920181274414,47.224998474121094,47.20920181274414,47.224998474121094,2329,0.0,0.0,0.0
2024-10-31 12:55:00-04:00,47.22589874267578,47.22999954223633,47.224998474121094,47.22999954223633,2802,0.0,0.0,0.0
2024-10-31 13:00:00-04:00,47.2400016784668,47.244998931884766,47.2400016784668,47.244998931884766,237,0.0,0.0,0.0
2024-10-31 13:05:00-04:00,47.2401008605957,47.244998931884766,47.2401008605957,47.244998931884766,483,0.0,0.0,0.0
2024-10-31 13:10:00-04:00,47.255001068115234,47.255001068115234,47.255001068115234,47.255001068115234,311,0.0,0.0,0.0
2024-10-31 13:15:00-04:00,47.255001068115234,47.27000045776367,47.25170135498047,47.27000045776367,1222,0.0,0.0,0.0
2024-10-31 13:20:00-04:00,47.280601501464844,47.280601501464844,47.279998779296875,47.279998779296875,565,0.0,0.0,0.0
2024-10-31 13:25:00-04:00,47.27009963989258,47.27009963989258,47.27000045776367,47.27000045776367,1771,0.0,0.0,0.0
2024-10-31 13:45:00-04:00,47.27000045776367,47.27000045776367,47.2599983215332,47.26499938964844,1334,0.0,0.0,0.0
2024-10-31 13:50:00-04:00,47.27000045776367,47.27000045776367,47.27000045776367,47.27000045776367,236,0.0,0.0,0.0
2024-10-31 13:55:00-04:00,47.259300231933594,47.2599983215332,47.2510986328125,47.255001068115234,1642,0.0,0.0,0.0
2024-10-31 14:00:00-04:00,47.255001068115234,47.2599983215332,47.255001068115234,47.2599983215332,1238,0.0,0.0,0.0
2024-10-31 14:05:00-04:00,47.255001068115234,47.26499938964844,47.255001068115234,47.26499938964844,2201,0.0,0.0,0.0
2024-10-31 14:10:00-04:00,47.2599983215332,47.27000045776367,47.255001068115234,47.269901275634766,6284,0.0,0.0,0.0
2024-10-31 14:15:00-04:00,47.2599983215332,47.27000045776367,47.2599983215332,47.26900100708008,1260,0.0,0.0,0.0
2024-10-31 14:25:00-04:00,47.2411003112793,47.25,47.240299224853516,47.25,1489,0.0,0.0,0.0
2024-10-31 14:35:00-04:00,47.26100158691406,47.26100158691406,47.250099182128906,47.250099182128906,2049,0.0,0.0,0.0
2024-10-31 14:40:00-04:00,47.25,47.255001068115234,47.243900299072266,47.244998931884766,1254,0.0,0.0,0.0
2024-10-31 14:45:00-04:00,47.25,47.25,47.2400016784668,47.2400016784668,1306,0.0,0.0,0.0
2024-10-31 14:50:00-04:00,47.229000091552734,47.22999954223633,47.210201263427734,47.224998474121094,2444,0.0,0.0,0.0
2024-10-31 14:55:00-04:00,47.220001220703125,47.239898681640625,47.220001220703125,47.220001220703125,6226,0.0,0.0,0.0
2024-10-31 15:00:00-04:00,47.220001220703125,47.22999954223633,47.209999084472656,47.22999954223633,2688,0.0,0.0,0.0
2024-10-31 15:05:00-04:00,47.22999954223633,47.23500061035156,47.22010040283203,47.23500061035156,5979,0.0,0.0,0.0
2024-10-31 15:10:00-04:00,47.22999954223633,47.244998931884766,47.22999954223633,47.244998931884766,2136,0.0,0.0,0.0
2024-10-31 15:15:00-04:00,47.244998931884766,47.25,47.244998931884766,47.25,600,0.0,0.0,0.0
2024-10-31 15:20:00-04:00,47.22999954223633,47.22999954223633,47.224998474121094,47.224998474121094,353,0.0,0.0,0.0
2024-10-31 15:25:00-04:00,47.2400016784668,47.25,47.2400016784668,47.25,657,0.0,0.0,0.0
2024-10-31 15:30:00-04:00,47.2400016784668,47.244998931884766,47.2400016784668,47.2401008605957,0,0.0,0.0,0.0
2024-10-31 15:35:00-04:00,47.22999954223633,47.23749923706055,47.22850036621094,47.22999954223633,251027,0.0,0.0,0.0
2024-10-31 15:40:00-04:00,47.22999954223633,47.22999954223633,47.220001220703125,47.224998474121094,3295,0.0,0.0,0.0
2024-10-31 15:45:00-04:00,47.220001220703125,47.220001220703125,47.209999084472656,47.209999084472656,2159,0.0,0.0,0.0
2024-10-31 15:50:00-04:00,47.19089889526367,47.19089889526367,47.16999816894531,47.16999816894531,2043,0.0,0.0,0.0
2024-10-31 15:55:00-04:00,47.17499923706055,47.220001220703125,47.17499923706055,47.20000076293945,11180,0.0,0.0,0.0
2024-11-01 09:30:00-04:00,47.130001068115234,47.165000915527344,47.130001068115234,47.15999984741211,7303,0.0,0.0,0.0
2024-11-01 09:35:00-04:00,47.14500045776367,47.18000030517578,47.13999938964844,47.165000915527344,4039,0.0,0.0,0.0
2024-11-01 09:40:00-04:00,47.16999816894531,47.19499969482422,47.1609992980957,47.19499969482422,5585,0.0,0.0,0.0
2024-11-01 09:45:00-04:00,47.19499969482422,47.19499969482422,47.15999984741211,47.15999984741211,7008,0.0,0.0,0.0
2024-11-01 09:50:00-04:00,47.14500045776367,47.17499923706055,47.14500045776367,47.154998779296875,0,0.0,0.0,0.0
2024-11-01 09:55:00-04:00,47.150001525878906,47.150001525878906,47.130001068115234,47.13999938964844,40487,0.0,0.0,0.0
2024-11-01 10:00:00-04:00,47.13999938964844,47.150001525878906,47.08000183105469,47.0890998840332,2684,0.0,0.0,0.0
2024-11-01 10:05:00-04:00,47.06999969482422,47.119998931884766,47.06999969482422,47.119998931884766,4321,0.0,0.0,0.0
2024-11-01 10:10:00-04:00,47.125,47.125,47.106571197509766,47.11000061035156,9801,0.0,0.0,0.0
2024-11-01 10:15:00-04:00,47.099998474121094,47.099998474121094,47.064998626708984,47.064998626708984,3992,0.0,0.0,0.0
2024-11-01 10:20:00-04:00,47.060001373291016,47.06999969482422,47.04999923706055,47.060001373291016,3153,0.0,0.0,0.0
2024-11-01 10:25:00-04:00,47.064998626708984,47.084999084472656,47.064998626708984,47.08000183105469,7157,0.0,0.0,0.0
2024-11-01 10:30:00-04:00,47.095001220703125,47.095001220703125,47.064998626708984,47.06880187988281,8839,0.0,0.0,0.0
2024-11-01 10:35:00-04:00,47.060001373291016,47.060001373291016,47.029998779296875,47.04499816894531,3222,0.0,0.0,0.0
2024-11-01 10:40:00-04:00,47.029998779296875,47.029998779296875,47.02000045776367,47.02000045776367,2690,0.0,0.0,0.0
2024-11-01 10:45:00-04:00,47.025001525878906,47.03499984741211,47.02000045776367,47.029998779296875,5175,0.0,0.0,0.0
2024-11-01 10:50:00-04:00,47.025001525878906,47.02989959716797,46.994998931884766,46.994998931884766,19394,0.0,0.0,0.0
2024-11-01 10:55:00-04:00,46.974998474121094,46.994998931884766,46.974998474121094,46.994998931884766,2479,0.0,0.0,0.0
2024-11-01 11:00:00-04:00,46.994998931884766,46.994998931884766,46.959999084472656,46.959999084472656,5194,0.0,0.0,0.0
2024-11-01 11:05:00-04:00,46.96500015258789,46.96500015258789,46.94499969482422,46.96500015258789,5248,0.0,0.0,0.0
2024-11-01 11:10:00-04:00,46.974998474121094,46.974998474121094,46.96500015258789,46.970001220703125,5506,0.0,0.0,0.0
2024-11-01 11:15:00-04:00,46.974998474121094,46.98500061035156,46.974998474121094,46.974998474121094,4252,0.0,0.0,0.0
2024-11-01 11:20:00-04:00,46.97999954223633,46.999900817871094,46.97999954223633,46.999900817871094,5367,0.0,0.0,0.0
2024-11-01 11:25:00-04:00,46.994998931884766,46.994998931884766,46.9900016784668,46.994998931884766,3185,0.0,0.0,0.0
2024-11-01 11:30:00-04:00,46.994998931884766,46.994998931884766,46.974998474121094,46.974998474121094,4589,0.0,0.0,0.0
2024-11-01 11:35:00-04:00,46.970001220703125,46.9900016784668,46.970001220703125,46.97999954223633,5836,0.0,0.0,0.0
2024-11-01 11:40:00-04:00,46.971900939941406,46.971900939941406,46.970001220703125,46.970001220703125,683,0.0,0.0,0.0
2024-11-01 11:45:00-04:00,46.95000076293945,46.95000076293945,46.92890167236328,46.92890167236328,4337,0.0,0.0,0.0
2024-11-01 11:50:00-04:00,46.92499923706055,46.939998626708984,46.91999816894531,46.935001373291016,3339,0.0,0.0,0.0
2024-11-01 11:55:00-04:00,46.935001373291016,46.939998626708984,46.92499923706055,46.92499923706055,4475,0.0,0.0,0.0
2024-11-01 12:00:00-04:00,46.94499969482422,46.95000076293945,46.94499969482422,46.94499969482422,4844,0.0,0.0,0.0
2024-11-01 12:05:00-04:00,46.94499969482422,46.94499969482422,46.935001373291016,46.94499969482422,3699,0.0,0.0,0.0
2024-11-01 12:10:00-04:00,46.939998626708984,46.94499969482422,46.939998626708984,46.939998626708984,3222,0.0,0.0,0.0
2024-11-01 12:15:00-04:00,46.935001373291016,46.95500183105469,46.935001373291016,46.95500183105469,4270,0.0,0.0,0.0
2024-11-01 12:20:00-04:00,46.95500183105469,46.959999084472656,46.95500183105469,46.95500183105469,12033,0.0,0.0,0.0
2024-11-01 12:25:00-04:00,46.95500183105469,46.95909881591797,46.94499969482422,46.94499969482422,4909,0.0,0.0,0.0
2024-11-01 12:30:00-04:00,46.94969940185547,46.94969940185547,46.939998626708984,46.939998626708984,4628,0.0,0.0,0.0
2024-11-01 12:35:00-04:00,46.94499969482422,46.95500183105469,46.939998626708984,46.95500183105469,4816,0.0,0.0,0.0
2024-11-01 12:40:00-04:00,46.95500183105469,46.959999084472656,46.94499969482422,46.95500183105469,5833,0.0,0.0,0.0
2024-11-01 12:45:00-04:00,46.95000076293945,46.96500015258789,46.95000076293945,46.959999084472656,4926,0.0,0.0,0.0
2024-11-01 12:50:00-04:00,46.974998474121094,46.979698181152344,46.970001220703125,46.970001220703125,3154,0.0,0.0,0.0
2024-11-01 12:55:00-04:00,46.974998474121094,46.974998474121094,46.95009994506836,46.95500183105469,4092,0.0,0.0,0.0
2024-11-01 13:00:00-04:00,46.95500183105469,46.95500183105469,46.95500183105469,46.95500183105469,2056,0.0,0.0,0.0
2024-11-01 13:05:00-04:00,46.95500183105469,46.95500183105469,46.95009994506836,46.95500183105469,4263,0.0,0.0,0.0
2024-11-01 13:10:00-04:00,46.955299377441406,46.959999084472656,46.95000076293945,46.95500183105469,7599,0.0,0.0,0.0
2024-11-01 13:15:00-04:00,46.95000076293945,46.959999084472656,46.95000076293945,46.95000076293945,6357,0.0,0.0,0.0
2024-11-01 13:20:00-04:00,46.94499969482422,46.95000076293945,46.941001892089844,46.94499969482422,1431,0.0,0.0,0.0
2024-11-01 13:25:00-04:00,46.94499969482422,46.95000076293945,46.94499969482422,46.95000076293945,2423,0.0,0.0,0.0
2024-11-01 13:30:00-04:00,46.94499969482422,46.94499969482422,46.92020034790039,46.92020034790039,3765,0.0,0.0,0.0
2024-11-01 13:35:00-04:00,46.92499923706055,46.9296989440918,46.90999984741211,46.90999984741211,8903,0.0,0.0,0.0
2024-11-01 13:40:00-04:00,46.90999984741211,46.90999984741211,46.88999938964844,46.88999938964844,2410,0.0,0.0,0.0
2024-11-01 13:45:00-04:00,46.89500045776367,46.89500045776367,46.88999938964844,46.89500045776367,4960,0.0,0.0,0.0
2024-11-01 13:50:00-04:00,46.890098571777344,46.915000915527344,46.890098571777344,46.915000915527344,11607,0.0,0.0,0.0
2024-11-01 13:55:00-04:00,46.915000915527344,46.92499923706055,46.915000915527344,46.92499923706055,4548,0.0,0.0,0.0
2024-11-01 14:00:00-04:00,46.92499923706055,46.92499923706055,46.92499923706055,46.92499923706055,1388,0.0,0.0,0.0
2024-11-01 14:05:00-04:00,46.929100036621094,46.929100036621094,46.910701751708984,46.91999816894531,5818,0.0,0.0,0.0
2024-11-01 14:10:00-04:00,46.915000915527344,46.915000915527344,46.915000915527344,46.915000915527344,1648,0.0,0.0,0.0
2024-11-01 14:15:00-04:00,46.915000915527344,46.92499923706055,46.9109992980957,46.92499923706055,2753,0.0,0.0,0.0
2024-11-01 14:20:00-04:00,46.92499923706055,46.939998626708984,46.92499923706055,46.935001373291016,4137,0.0,0.0,0.0
2024-11-01 14:25:00-04:00,46.939998626708984,46.95000076293945,46.935001373291016,46.95000076293945,3505,0.0,0.0,0.0
2024-11-01 14:30:00-04:00,46.939998626708984,46.94499969482422,46.91999816894531,46.93000030517578,21836,0.0,0.0,0.0
2024-11-01 14:40:00-04:00,46.935001373291016,46.935001373291016,46.93000030517578,46.935001373291016,4579,0.0,0.0,0.0
2024-11-01 14:45:00-04:00,46.938899993896484,46.938899993896484,46.93009948730469,46.935001373291016,3626,0.0,0.0,0.0
2024-11-01 14:50:00-04:00,46.935001373291016,46.935001373291016,46.935001373291016,46.935001373291016,2690,0.0,0.0,0.0
2024-11-01 14:55:00-04:00,46.935001373291016,46.935001373291016,46.91999816894531,46.91999816894531,4778,0.0,0.0,0.0
2024-11-01 15:00:00-04:00,46.91999816894531,46.92879867553711,46.88999938964844,46.88999938964844,13909,0.0,0.0,0.0
2024-11-01 15:05:00-04:00,46.89500045776367,46.904998779296875,46.89500045776367,46.904998779296875,6659,0.0,0.0,0.0
2024-11-01 15:10:00-04:00,46.904998779296875,46.9099006652832,46.900901794433594,46.9099006652832,3227,0.0,0.0,0.0
2024-11-01 15:15:00-04:00,46.900001525878906,46.904998779296875,46.900001525878906,46.904998779296875,4903,0.0,0.0,0.0
2024-11-01 15:20:00-04:00,46.904998779296875,46.90999984741211,46.904998779296875,46.904998779296875,7248,0.0,0.0,0.0
2024-11-01 15:25:00-04:00,46.904998779296875,46.904998779296875,46.8849983215332,46.88999938964844,5763,0.0,0.0,0.0
2024-11-01 15:30:00-04:00,46.89500045776367,46.898799896240234,46.89500045776367,46.89500045776367,2810,0.0,0.0,0.0
2024-11-01 15:35:00-04:00,46.89500045776367,46.89500045776367,46.875,46.875,6060,0.0,0.0,0.0
2024-11-01 15:40:00-04:00,46.87779998779297,46.87889862060547,46.86069869995117,46.86069869995117,5141,0.0,0.0,0.0
2024-11-01 15:45:00-04:00,46.86000061035156,46.869998931884766,46.86000061035156,46.869998931884766,2882,0.0,0.0,0.0
2024-11-01 15:50:00-04:00,46.861000061035156,46.875,46.861000061035156,46.875,7759,0.0,0.0,0.0
2024-11-01 15:55:00-04:00,46.875,46.880001068115234,46.869998931884766,46.869998931884766,3856,0.0,0.0,0.0
2024-11-04 09:30:00-05:00,47.11000061035156,47.139198303222656,47.11000061035156,47.130001068115234,4901,0.0,0.0,0.0
2024-11-04 09:40:00-05:00,47.119998931884766,47.119998931884766,47.11000061035156,47.11000061035156,1129,0.0,0.0,0.0
2024-11-04 09:45:00-05:00,47.1150016784668,47.125,47.1150016784668,47.125,3128,0.0,0.0,0.0
2024-11-04 09:50:00-05:00,47.1349983215332,47.1349983215332,47.130001068115234,47.130001068115234,600,0.0,0.0,0.0
2024-11-04 09:55:00-05:00,47.119998931884766,47.130001068115234,47.119998931884766,47.125,1177,0.0,0.0,0.0
2024-11-04 10:00:00-05:00,47.122501373291016,47.13990020751953,47.119998931884766,47.1349983215332,13280,0.0,0.0,0.0
2024-11-04 10:05:00-05:00,47.14500045776367,47.15589904785156,47.14500045776367,47.154998779296875,12456,0.0,0.0,0.0
2024-11-04 10:10:00-05:00,47.154998779296875,47.1599006652832,47.154998779296875,47.1599006652832,12853,0.0,0.0,0.0
2024-11-04 10:15:00-05:00,47.15869903564453,47.17530059814453,47.150299072265625,47.17499923706055,8610,0.0,0.0,0.0
2024-11-04 10:20:00-05:00,47.17499923706055,47.17499923706055,47.165000915527344,47.165000915527344,3764,0.0,0.0,0.0
2024-11-04 10:25:00-05:00,47.16849899291992,47.16999816894531,47.154998779296875,47.154998779296875,1240,0.0,0.0,0.0
2024-11-04 10:30:00-05:00,47.154998779296875,47.15879821777344,47.152099609375,47.152099609375,0,0.0,0.0,0.0
2024-11-04 10:35:00-05:00,47.154998779296875,47.154998779296875,47.13999938964844,47.13999938964844,69530,0.0,0.0,0.0
2024-11-04 10:40:00-05:00,47.140098571777344,47.140098571777344,47.119998931884766,47.125,8521,0.0,0.0,0.0
2024-11-04 10:45:00-05:00,47.119998931884766,47.119998931884766,47.10499954223633,47.1150016784668,3305,0.0,0.0,0.0
2024-11-04 10:50:00-05:00,47.12889862060547,47.12889862060547,47.11000061035156,47.119998931884766,32640,0.0,0.0,0.0
2024-11-04 10:55:00-05:00,47.1150016784668,47.1150016784668,47.100101470947266,47.10499954223633,3422,0.0,0.0,0.0
2024-11-04 11:00:00-05:00,47.109901428222656,47.109901428222656,47.06999969482422,47.06999969482422,5839,0.0,0.0,0.0
2024-11-04 11:05:00-05:00,47.06999969482422,47.07500076293945,47.06999969482422,47.06999969482422,1508,0.0,0.0,0.0
2024-11-04 11:10:00-05:00,47.08000183105469,47.08000183105469,47.06999969482422,47.08000183105469,3059,0.0,0.0,0.0
2024-11-04 11:15:00-05:00,47.06999969482422,47.0791015625,47.06999969482422,47.07500076293945,1733,0.0,0.0,0.0
2024-11-04 11:20:00-05:00,47.07500076293945,47.07500076293945,47.06930160522461,47.06930160522461,950,0.0,0.0,0.0
2024-11-04 11:25:00-05:00,47.05500030517578,47.064998626708984,47.05500030517578,47.064998626708984,605,0.0,0.0,0.0
2024-11-04 11:30:00-05:00,47.07500076293945,47.07500076293945,47.07500076293945,47.07500076293945,102,0.0,0.0,0.0
2024-11-04 11:35:00-05:00,47.07500076293945,47.084999084472656,47.063499450683594,47.06999969482422,2408,0.0,0.0,0.0
2024-11-04 11:40:00-05:00,47.07500076293945,47.08000183105469,47.060001373291016,47.06999969482422,1908,0.0,0.0,0.0
2024-11-04 11:45:00-05:00,47.060001373291016,47.060001373291016,47.060001373291016,47.060001373291016,231,0.0,0.0,0.0
2024-11-04 11:50:00-05:00,47.064998626708984,47.079898834228516,47.064998626708984,47.079898834228516,2792,0.0,0.0,0.0
2024-11-04 11:55:00-05:00,47.06999969482422,47.0718994140625,47.061100006103516,47.064998626708984,1396,0.0,0.0,0.0
2024-11-04 12:00:00-05:00,47.064998626708984,47.06999969482422,47.064998626708984,47.064998626708984,6151,0.0,0.0,0.0
2024-11-04 12:05:00-05:00,47.060699462890625,47.06999969482422,47.060001373291016,47.064998626708984,2747,0.0,0.0,0.0
2024-11-04 12:10:00-05:00,47.060001373291016,47.06999969482422,47.060001373291016,47.06990051269531,8071,0.0,0.0,0.0
2024-11-04 12:15:00-05:00,47.07500076293945,47.07500076293945,47.07500076293945,47.07500076293945,100,0.0,0.0,0.0
2024-11-04 12:20:00-05:00,47.07500076293945,47.07600021362305,47.06999969482422,47.07500076293945,1738,0.0,0.0,0.0
2024-11-04 12:25:00-05:00,47.07109832763672,47.08879852294922,47.07109832763672,47.08000183105469,1369,0.0,0.0,0.0
2024-11-04 12:30:00-05:00,47.070701599121094,47.07109832763672,47.064998626708984,47.064998626708984,1198,0.0,0.0,0.0
2024-11-04 12:35:00-05:00,47.07749938964844,47.07749938964844,47.06999969482422,47.06999969482422,1625,0.0,0.0,0.0
2024-11-04 12:40:00-05:00,47.060001373291016,47.064998626708984,47.03499984741211,47.03499984741211,2444,0.0,0.0,0.0
2024-11-04 12:45:00-05:00,47.03499984741211,47.04999923706055,47.03499984741211,47.04999923706055,1877,0.0,0.0,0.0
2024-11-04 12:50:00-05:00,47.04909896850586,47.04999923706055,47.04499816894531,47.04499816894531,4439,0.0,0.0,0.0
2024-11-04 12:55:00-05:00,47.04499816894531,47.04499816894531,47.040000915527344,47.04499816894531,401,0.0,0.0,0.0
2024-11-04 13:00:00-05:00,47.040000915527344,47.050201416015625,47.025001525878906,47.025001525878906,719,0.0,0.0,0.0
2024-11-04 13:05:00-05:00,47.029998779296875,47.029998779296875,47.005001068115234,47.0099983215332,1242,0.0,0.0,0.0
2024-11-04 13:10:00-05:00,47.01499938964844,47.01499938964844,47.0099983215332,47.0099983215332,452,0.0,0.0,0.0
2024-11-04 13:15:00-05:00,47.005001068115234,47.005001068115234,46.97999954223633,46.994998931884766,2133,0.0,0.0,0.0
2024-11-04 13:20:00-05:00,46.98970031738281,46.98970031738281,46.98500061035156,46.98500061035156,335,0.0,0.0,0.0
2024-11-04 13:25:00-05:00,46.9900016784668,46.994998931884766,46.9900016784668,46.9900016784668,1042,0.0,0.0,0.0
2024-11-04 13:30:00-05:00,46.994998931884766,47.0099983215332,46.994998931884766,47.005001068115234,1614,0.0,0.0,0.0
2024-11-04 13:35:00-05:00,47.005001068115234,47.02000045776367,47.005001068115234,47.01499938964844,686,0.0,0.0,0.0
2024-11-04 13:40:00-05:00,47.025001525878906,47.025001525878906,47.02410125732422,47.02410125732422,1293,0.0,0.0,0.0
2024-11-04 13:45:00-05:00,47.025001525878906,47.029998779296875,47.02000045776367,47.029998779296875,1758,0.0,0.0,0.0
2024-11-04 13:50:00-05:00,47.03499984741211,47.03499984741211,47.029998779296875,47.029998779296875,1596,0.0,0.0,0.0
2024-11-04 13:55:00-05:00,47.030399322509766,47.03300094604492,47.025001525878906,47.025001525878906,1021,0.0,0.0,0.0
2024-11-04 14:00:00-05:00,47.029998779296875,47.040000915527344,47.029998779296875,47.035980224609375,1882,0.0,0.0,0.0
2024-11-04 14:05:00-05:00,47.03499984741211,47.04499816894531,47.03499984741211,47.04499816894531,2819,0.0,0.0,0.0
2024-11-04 14:10:00-05:00,47.04499816894531,47.04999923706055,47.04249954223633,47.04499816894531,3479,0.0,0.0,0.0
2024-11-04 14:15:00-05:00,47.04999923706055,47.060001373291016,47.04999923706055,47.060001373291016,853,0.0,0.0,0.0
2024-11-04 14:20:00-05:00,47.04999923706055,47.04999923706055,47.040000915527344,47.040000915527344,2728,0.0,0.0,0.0
2024-11-04 14:25:00-05:00,47.040000915527344,47.04999923706055,47.040000915527344,47.04499816894531,11546,0.0,0.0,0.0
2024-11-04 14:30:00-05:00,47.04899978637695,47.04899978637695,47.040000915527344,47.04499816894531,2508,0.0,0.0,0.0
2024-11-04 14:35:00-05:00,47.04999923706055,47.05870056152344,47.040000915527344,47.05870056152344,3943,0.0,0.0,0.0
2024-11-04 14:40:00-05:00,47.060001373291016,47.064998626708984,47.05500030517578,47.064998626708984,3103,0.0,0.0,0.0
2024-11-04 14:45:00-05:00,47.060001373291016,47.06890106201172,47.060001373291016,47.060001373291016,1117,0.0,0.0,0.0
2024-11-04 14:50:00-05:00,47.064998626708984,47.06999969482422,47.064998626708984,47.064998626708984,707,0.0,0.0,0.0
2024-11-04 14:55:00-05:00,47.064998626708984,47.064998626708984,47.041099548339844,47.04890060424805,5507,0.0,0.0,0.0
2024-11-04 15:00:00-05:00,47.040000915527344,47.04890060424805,47.025001525878906,47.03879928588867,7270,0.0,0.0,0.0
2024-11-04 15:05:00-05:00,47.03089904785156,47.03499984741211,47.029998779296875,47.029998779296875,763,0.0,0.0,0.0
2024-11-04 15:10:00-05:00,47.03010177612305,47.040000915527344,47.029998779296875,47.03010177612305,1653,0.0,0.0,0.0
2024-11-04 15:15:00-05:00,47.03010177612305,47.04059982299805,47.03010177612305,47.04059982299805,1731,0.0,0.0,0.0
2024-11-04 15:20:00-05:00,47.029998779296875,47.040000915527344,47.029998779296875,47.029998779296875,846,0.0,0.0,0.0
2024-11-04 15:25:00-05:00,47.03889846801758,47.03889846801758,47.03390121459961,47.03390121459961,1067,0.0,0.0,0.0
2024-11-04 15:30:00-05:00,47.040000915527344,47.04999923706055,47.029998779296875,47.047298431396484,18928,0.0,0.0,0.0
2024-11-04 15:35:00-05:00,47.04499816894531,47.04999923706055,47.040000915527344,47.04499816894531,2063,0.0,0.0,0.0
2024-11-04 15:40:00-05:00,47.04499816894531,47.05500030517578,47.04499816894531,47.05500030517578,4558,0.0,0.0,0.0
2024-11-04 15:45:00-05:00,47.05500030517578,47.055198669433594,47.05500030517578,47.05500030517578,1169,0.0,0.0,0.0
2024-11-04 15:50:00-05:00,47.05500030517578,47.064998626708984,47.05500030517578,47.064998626708984,1102,0.0,0.0,0.0
2024-11-04 15:55:00-05:00,47.068599700927734,47.08000183105469,47.068599700927734,47.06999969482422,2664,0.0,0.0,0.0
2024-11-05 09:30:00-05:00,47.029998779296875,47.05500030517578,47.029998779296875,47.05500030517578,9188,0.0,0.0,0.0
2024-11-05 09:35:00-05:00,47.060001373291016,47.06990051269531,47.060001373291016,47.06829833984375,1256,0.0,0.0,0.0
2024-11-05 09:40:00-05:00,47.064998626708984,47.064998626708984,47.05500030517578,47.05500030517578,2294,0.0,0.0,0.0
2024-11-05 09:45:00-05:00,47.05500030517578,47.05500030517578,47.04499816894531,47.04499816894531,1369,0.0,0.0,0.0
2024-11-05 09:50:00-05:00,47.041099548339844,47.04499816894531,47.041099548339844,47.04499816894531,301,0.0,0.0,0.0
2024-11-05 09:55:00-05:00,47.064998626708984,47.064998626708984,47.064998626708984,47.064998626708984,408,0.0,0.0,0.0
2024-11-05 10:00:00-05:00,47.060001373291016,47.060001373291016,46.97999954223633,46.98500061035156,7750,0.0,0.0,0.0
2024-11-05 10:05:00-05:00,46.97999954223633,46.97999954223633,46.95560073852539,46.970001220703125,2103,0.0,0.0,0.0
2024-11-05 10:10:00-05:00,46.95500183105469,46.96989822387695,46.95029830932617,46.959999084472656,7302,0.0,0.0,0.0
2024-11-05 10:15:00-05:00,46.959999084472656,46.96500015258789,46.959999084472656,46.96500015258789,369,0.0,0.0,0.0
2024-11-05 10:20:00-05:00,46.959999084472656,46.959999084472656,46.95000076293945,46.95500183105469,7611,0.0,0.0,0.0
2024-11-05 10:25:00-05:00,46.959999084472656,46.959999084472656,46.935001373291016,46.935001373291016,4517,0.0,0.0,0.0
2024-11-05 10:30:00-05:00,46.95989990234375,46.96500015258789,46.95500183105469,46.96500015258789,477,0.0,0.0,0.0
2024-11-05 10:35:00-05:00,46.96039962768555,46.96500015258789,46.959999084472656,46.959999084472656,3920,0.0,0.0,0.0
2024-11-05 10:40:00-05:00,46.95000076293945,46.95000076293945,46.93109893798828,46.9390983581543,1923,0.0,0.0,0.0
2024-11-05 10:45:00-05:00,46.935001373291016,46.949100494384766,46.935001373291016,46.949100494384766,392,0.0,0.0,0.0
2024-11-05 10:50:00-05:00,46.95989990234375,46.96440124511719,46.95009994506836,46.96440124511719,3536,0.0,0.0,0.0
2024-11-05 10:55:00-05:00,46.96500015258789,46.96500015258789,46.96500015258789,46.96500015258789,236,0.0,0.0,0.0
2024-11-05 11:00:00-05:00,46.96500015258789,46.96500015258789,46.961700439453125,46.96500015258789,668,0.0,0.0,0.0
2024-11-05 11:05:00-05:00,46.95000076293945,46.95000076293945,46.939998626708984,46.939998626708984,433,0.0,0.0,0.0
2024-11-05 11:10:00-05:00,46.94499969482422,46.94620132446289,46.939998626708984,46.939998626708984,1138,0.0,0.0,0.0
2024-11-05 11:15:00-05:00,46.940101623535156,46.95000076293945,46.939998626708984,46.939998626708984,2725,0.0,0.0,0.0
2024-11-05 11:20:00-05:00,46.94499969482422,46.94499969482422,46.939998626708984,46.940101623535156,426,0.0,0.0,0.0
2024-11-05 11:25:00-05:00,46.94499969482422,46.94889831542969,46.939998626708984,46.94160079956055,1341,0.0,0.0,0.0
2024-11-05 11:30:00-05:00,46.939998626708984,46.94430160522461,46.939998626708984,46.94430160522461,367,0.0,0.0,0.0
2024-11-05 11:35:00-05:00,46.94839859008789,46.94900131225586,46.935001373291016,46.935001373291016,1569,0.0,0.0,0.0
2024-11-05 11:40:00-05:00,46.930301666259766,46.935699462890625,46.93000030517578,46.935699462890625,1034,0.0,0.0,0.0
2024-11-05 11:45:00-05:00,46.939998626708984,46.94499969482422,46.939998626708984,46.94499969482422,765,0.0,0.0,0.0
2024-11-05 11:50:00-05:00,46.94499969482422,46.95500183105469,46.94049835205078,46.95500183105469,4149,0.0,0.0,0.0
2024-11-05 11:55:00-05:00,46.95500183105469,46.95500183105469,46.95500183105469,46.95500183105469,889,0.0,0.0,0.0
2024-11-05 12:00:00-05:00,46.95500183105469,46.95500183105469,46.95500183105469,46.95500183105469,125,0.0,0.0,0.0
2024-11-05 12:05:00-05:00,46.95100021362305,46.95500183105469,46.95100021362305,46.95500183105469,3155,0.0,0.0,0.0
2024-11-05 12:10:00-05:00,46.95500183105469,46.95989990234375,46.95500183105469,46.95500183105469,1522,0.0,0.0,0.0
2024-11-05 12:20:00-05:00,46.95500183105469,46.95500183105469,46.95500183105469,46.95500183105469,155,0.0,0.0,0.0
2024-11-05 12:25:00-05:00,46.95500183105469,46.95500183105469,46.95500183105469,46.95500183105469,466,0.0,0.0,0.0
2024-11-05 12:30:00-05:00,46.96500015258789,46.979000091552734,46.96500015258789,46.974998474121094,2366,0.0,0.0,0.0
2024-11-05 12:35:00-05:00,46.974998474121094,46.98500061035156,46.974998474121094,46.98500061035156,898,0.0,0.0,0.0
2024-11-05 12:40:00-05:00,46.99140167236328,47.01499938964844,46.99140167236328,47.0,4119,0.0,0.0,0.0
2024-11-05 12:45:00-05:00,46.999900817871094,46.999900817871094,46.999900817871094,46.999900817871094,1159,0.0,0.0,0.0
2024-11-05 12:50:00-05:00,46.994998931884766,47.005001068115234,46.994998931884766,47.005001068115234,3223,0.0,0.0,0.0
2024-11-05 12:55:00-05:00,46.98500061035156,46.98740005493164,46.98270034790039,46.98270034790039,1943,0.0,0.0,0.0
2024-11-05 13:00:00-05:00,46.9900016784668,47.0225715637207,46.9900016784668,47.0225715637207,3227,0.0,0.0,0.0
2024-11-05 13:05:00-05:00,47.04399871826172,47.04880142211914,47.040000915527344,47.040000915527344,1316,0.0,0.0,0.0
2024-11-05 13:10:00-05:00,47.03499984741211,47.06669998168945,47.029998779296875,47.060001373291016,2475,0.0,0.0,0.0
2024-11-05 13:15:00-05:00,47.069801330566406,47.069801330566406,47.064998626708984,47.064998626708984,2103,0.0,0.0,0.0
2024-11-05 13:20:00-05:00,47.079898834228516,47.079898834228516,47.060001373291016,47.064998626708984,7161,0.0,0.0,0.0
2024-11-05 13:25:00-05:00,47.064998626708984,47.064998626708984,47.064998626708984,47.064998626708984,300,0.0,0.0,0.0
2024-11-05 13:30:00-05:00,47.064998626708984,47.064998626708984,47.05500030517578,47.05500030517578,2343,0.0,0.0,0.0
2024-11-05 13:35:00-05:00,47.05500030517578,47.05500030517578,47.05500030517578,47.05500030517578,2311,0.0,0.0,0.0
2024-11-05 13:40:00-05:00,47.05500030517578,47.05500030517578,47.05500030517578,47.05500030517578,345,0.0,0.0,0.0
2024-11-05 13:45:00-05:00,47.084999084472656,47.084999084472656,47.084999084472656,47.084999084472656,248,0.0,0.0,0.0
2024-11-05 13:50:00-05:00,47.08000183105469,47.084999084472656,47.08000183105469,47.084999084472656,676,0.0,0.0,0.0
2024-11-05 13:55:00-05:00,47.070098876953125,47.070098876953125,47.070098876953125,47.070098876953125,1125,0.0,0.0,0.0
2024-11-05 14:00:00-05:00,47.07500076293945,47.084999084472656,47.07500076293945,47.08000183105469,3183,0.0,0.0,0.0
2024-11-05 14:05:00-05:00,47.07500076293945,47.07500076293945,47.060699462890625,47.06100082397461,1204,0.0,0.0,0.0
2024-11-05 14:10:00-05:00,47.060001373291016,47.06010055541992,47.060001373291016,47.06010055541992,332,0.0,0.0,0.0
2024-11-05 14:15:00-05:00,47.04999923706055,47.064998626708984,47.04999923706055,47.060001373291016,950,0.0,0.0,0.0
2024-11-05 14:20:00-05:00,47.06890106201172,47.06890106201172,47.060001373291016,47.064998626708984,589,0.0,0.0,0.0
2024-11-05 14:25:00-05:00,47.06999969482422,47.084999084472656,47.06999969482422,47.084999084472656,1714,0.0,0.0,0.0
2024-11-05 14:30:00-05:00,47.09000015258789,47.10499954223633,47.09000015258789,47.10499954223633,434,0.0,0.0,0.0
2024-11-05 14:35:00-05:00,47.10169982910156,47.119998931884766,47.10169982910156,47.1150016784668,1003,0.0,0.0,0.0
2024-11-05 14:40:00-05:00,47.1150016784668,47.12990188598633,47.1150016784668,47.125,900,0.0,0.0,0.0
2024-11-05 14:45:00-05:00,47.13740158081055,47.13740158081055,47.131099700927734,47.1349983215332,983,0.0,0.0,0.0
2024-11-05 14:50:00-05:00,47.137001037597656,47.13999938964844,47.137001037597656,47.13999938964844,471,0.0,0.0,0.0
2024-11-05 14:55:00-05:00,47.150001525878906,47.1692008972168,47.150001525878906,47.154998779296875,1909,0.0,0.0,0.0
2024-11-05 15:00:00-05:00,47.154998779296875,47.16999816894531,47.154998779296875,47.16999816894531,10012,0.0,0.0,0.0
2024-11-05 15:05:00-05:00,47.17499923706055,47.185001373291016,47.172000885009766,47.17499923706055,5514,0.0,0.0,0.0
2024-11-05 15:10:00-05:00,47.17890167236328,47.17900085449219,47.165000915527344,47.165000915527344,4384,0.0,0.0,0.0
2024-11-05 15:15:00-05:00,47.16999816894531,47.16999816894531,47.165000915527344,47.169898986816406,5633,0.0,0.0,0.0
2024-11-05 15:20:00-05:00,47.17499923706055,47.1870002746582,47.17250061035156,47.1870002746582,1333,0.0,0.0,0.0
2024-11-05 15:25:00-05:00,47.18899917602539,47.18899917602539,47.185001373291016,47.185001373291016,682,0.0,0.0,0.0
2024-11-05 15:30:00-05:00,47.180999755859375,47.20000076293945,47.18009948730469,47.20000076293945,3867,0.0,0.0,0.0
2024-11-05 15:35:00-05:00,47.19499969482422,47.19499969482422,47.18000030517578,47.18000030517578,1861,0.0,0.0,0.0
2024-11-05 15:40:00-05:00,47.189998626708984,47.189998626708984,47.16999816894531,47.16999816894531,1270,0.0,0.0,0.0
2024-11-05 15:45:00-05:00,47.17499923706055,47.18000030517578,47.15010070800781,47.15010070800781,11811,0.0,0.0,0.0
2024-11-05 15:50:00-05:00,47.165000915527344,47.16999816894531,47.165000915527344,47.165000915527344,3905,0.0,0.0,0.0
2024-11-05 15:55:00-05:00,47.165000915527344,47.189998626708984,47.165000915527344,47.189998626708984,22047,0.0,0.0,0.0
2024-11-06 09:30:00-05:00,46.720001220703125,46.73640060424805,46.68000030517578,46.72999954223633,13315,0.0,0.0,0.0
2024-11-06 09:35:00-05:00,46.72999954223633,46.7400016784668,46.70989990234375,46.70989990234375,8360,0.0,0.0,0.0
2024-11-06 09:40:00-05:00,46.720001220703125,46.7400016784668,46.709999084472656,46.72999954223633,2330,0.0,0.0,0.0
2024-11-06 09:45:00-05:00,46.720001220703125,46.720001220703125,46.70000076293945,46.70000076293945,3390,0.0,0.0,0.0
2024-11-06 09:50:00-05:00,46.709999084472656,46.720001220703125,46.70000076293945,46.71099853515625,4763,0.0,0.0,0.0
2024-11-06 09:55:00-05:00,46.71500015258789,46.7599983215332,46.71500015258789,46.7400016784668,2413,0.0,0.0,0.0
2024-11-06 10:00:00-05:00,46.744998931884766,46.77000045776367,46.73500061035156,46.755001068115234,14573,0.0,0.0,0.0
2024-11-06 10:05:00-05:00,46.7599983215332,46.77000045776367,46.7504997253418,46.77000045776367,3004,0.0,0.0,0.0
2024-11-06 10:10:00-05:00,46.7599983215332,46.775001525878906,46.755001068115234,46.775001525878906,4490,0.0,0.0,0.0
2024-11-06 10:15:00-05:00,46.779998779296875,46.790000915527344,46.77000045776367,46.775001525878906,2181,0.0,0.0,0.0
2024-11-06 10:20:00-05:00,46.779998779296875,46.779998779296875,46.77000045776367,46.775001525878906,9784,0.0,0.0,0.0
2024-11-06 10:25:00-05:00,46.77000045776367,46.779998779296875,46.7599983215332,46.7599983215332,4608,0.0,0.0,0.0
2024-11-06 10:30:00-05:00,46.76499938964844,46.790000915527344,46.76499938964844,46.78900146484375,7741,0.0,0.0,0.0
2024-11-06 10:35:00-05:00,46.790000915527344,46.79999923706055,46.7599983215332,46.775001525878906,3235,0.0,0.0,0.0
2024-11-06 10:40:00-05:00,46.76499938964844,46.77000045776367,46.755001068115234,46.755001068115234,3658,0.0,0.0,0.0
2024-11-06 10:45:00-05:00,46.755001068115234,46.755001068115234,46.7400016784668,46.744998931884766,1641,0.0,0.0,0.0
2024-11-06 10:50:00-05:00,46.744998931884766,46.779998779296875,46.744998931884766,46.775001525878906,3044,0.0,0.0,0.0
2024-11-06 10:55:00-05:00,46.77000045776367,46.775001525878906,46.7599983215332,46.77000045776367,3425,0.0,0.0,0.0
2024-11-06 11:00:00-05:00,46.76499938964844,46.779998779296875,46.760101318359375,46.779998779296875,2585,0.0,0.0,0.0
2024-11-06 11:05:00-05:00,46.790000915527344,46.790000915527344,46.77009963989258,46.775001525878906,2576,0.0,0.0,0.0
2024-11-06 11:10:00-05:00,46.77989959716797,46.78499984741211,46.77069854736328,46.779998779296875,9221,0.0,0.0,0.0
2024-11-06 11:15:00-05:00,46.779998779296875,46.779998779296875,46.77000045776367,46.775001525878906,7918,0.0,0.0,0.0
2024-11-06 11:20:00-05:00,46.78499984741211,46.79999923706055,46.78499984741211,46.790000915527344,3540,0.0,0.0,0.0
2024-11-06 11:25:00-05:00,46.79499816894531,46.79499816894531,46.779998779296875,46.779998779296875,5667,0.0,0.0,0.0
2024-11-06 11:30:00-05:00,46.775001525878906,46.790000915527344,46.775001525878906,46.78499984741211,2168,0.0,0.0,0.0
2024-11-06 11:35:00-05:00,46.779998779296875,46.779998779296875,46.76499938964844,46.769901275634766,3468,0.0,0.0,0.0
2024-11-06 11:40:00-05:00,46.76499938964844,46.77000045776367,46.744998931884766,46.744998931884766,8250,0.0,0.0,0.0
2024-11-06 11:45:00-05:00,46.744998931884766,46.7599983215332,46.730098724365234,46.755001068115234,4476,0.0,0.0,0.0
2024-11-06 11:50:00-05:00,46.755001068115234,46.7599983215332,46.75,46.75,2351,0.0,0.0,0.0
2024-11-06 11:55:00-05:00,46.75,46.755001068115234,46.7401008605957,46.744998931884766,17233,0.0,0.0,0.0
2024-11-06 12:00:00-05:00,46.744998931884766,46.75,46.744998931884766,46.75,5409,0.0,0.0,0.0
2024-11-06 12:05:00-05:00,46.744998931884766,46.75,46.72999954223633,46.75,4491,0.0,0.0,0.0
2024-11-06 12:10:00-05:00,46.7599983215332,46.77000045776367,46.7599983215332,46.77000045776367,881,0.0,0.0,0.0
2024-11-06 12:15:00-05:00,46.779998779296875,46.79999923706055,46.779998779296875,46.79999923706055,15087,0.0,0.0,0.0
2024-11-06 12:20:00-05:00,46.79499816894531,46.81999969482422,46.79499816894531,46.81999969482422,2514,0.0,0.0,0.0
2024-11-06 12:25:00-05:00,46.814998626708984,46.84000015258789,46.810001373291016,46.834999084472656,6279,0.0,0.0,0.0
2024-11-06 12:30:00-05:00,46.83000183105469,46.84000015258789,46.820701599121094,46.84000015258789,4237,0.0,0.0,0.0
2024-11-06 12:35:00-05:00,46.845001220703125,46.849998474121094,46.84000015258789,46.84000015258789,2173,0.0,0.0,0.0
2024-11-06 12:40:00-05:00,46.834999084472656,46.84000015258789,46.814998626708984,46.81999969482422,3899,0.0,0.0,0.0
2024-11-06 12:45:00-05:00,46.81999969482422,46.84000015258789,46.81999969482422,46.83000183105469,2653,0.0,0.0,0.0
2024-11-06 12:50:00-05:00,46.83000183105469,46.83000183105469,46.810001373291016,46.81999969482422,10987,0.0,0.0,0.0
2024-11-06 12:55:00-05:00,46.81999969482422,46.83000183105469,46.81439971923828,46.83000183105469,2587,0.0,0.0,0.0
2024-11-06 13:00:00-05:00,46.83000183105469,46.88999938964844,46.82500076293945,46.88999938964844,7916,0.0,0.0,0.0
2024-11-06 13:05:00-05:00,46.880001068115234,46.88999938964844,46.85499954223633,46.88999938964844,3968,0.0,0.0,0.0
2024-11-06 13:10:00-05:00,46.8849983215332,46.900001525878906,46.8849983215332,46.900001525878906,3652,0.0,0.0,0.0
2024-11-06 13:15:00-05:00,46.88999938964844,46.900001525878906,46.8849983215332,46.900001525878906,1540,0.0,0.0,0.0
2024-11-06 13:20:00-05:00,46.90999984741211,46.93000030517578,46.904998779296875,46.93000030517578,3166,0.0,0.0,0.0
2024-11-06 13:25:00-05:00,46.91999816894531,46.91999816894531,46.904998779296875,46.91999816894531,3819,0.0,0.0,0.0
2024-11-06 13:30:00-05:00,46.91999816894531,46.93000030517578,46.904998779296875,46.90999984741211,3949,0.0,0.0,0.0
2024-11-06 13:35:00-05:00,46.904998779296875,46.90999984741211,46.89500045776367,46.900001525878906,3938,0.0,0.0,0.0
2024-11-06 13:40:00-05:00,46.900001525878906,46.90890121459961,46.900001525878906,46.9005012512207,3550,0.0,0.0,0.0
2024-11-06 13:45:00-05:00,46.904998779296875,46.90999984741211,46.869998931884766,46.869998931884766,11207,0.0,0.0,0.0
2024-11-06 13:50:00-05:00,46.880001068115234,46.880001068115234,46.869998931884766,46.869998931884766,4285,0.0,0.0,0.0
2024-11-06 13:55:00-05:00,46.86009979248047,46.868900299072266,46.85499954223633,46.85499954223633,3107,0.0,0.0,0.0
2024-11-06 14:00:00-05:00,46.85499954223633,46.86000061035156,46.82500076293945,46.84000015258789,4087,0.0,0.0,0.0
2024-11-06 14:05:00-05:00,46.834999084472656,46.84000015258789,46.79999923706055,46.810001373291016,7092,0.0,0.0,0.0
2024-11-06 14:10:00-05:00,46.810001373291016,46.810001373291016,46.78110122680664,46.79999923706055,2849,0.0,0.0,0.0
2024-11-06 14:15:00-05:00,46.79999923706055,46.80500030517578,46.790000915527344,46.80500030517578,2824,0.0,0.0,0.0
2024-11-06 14:20:00-05:00,46.80500030517578,46.810001373291016,46.79999923706055,46.810001373291016,6575,0.0,0.0,0.0
2024-11-06 14:25:00-05:00,46.810001373291016,46.81999969482422,46.80500030517578,46.81999969482422,10981,0.0,0.0,0.0
2024-11-06 14:30:00-05:00,46.82500076293945,46.84000015258789,46.820098876953125,46.84000015258789,11896,0.0,0.0,0.0
2024-11-06 14:35:00-05:00,46.834999084472656,46.84000015258789,46.82500076293945,46.83000183105469,7285,0.0,0.0,0.0
2024-11-06 14:40:00-05:00,46.82500076293945,46.845001220703125,46.82500076293945,46.84000015258789,12064,0.0,0.0,0.0
2024-11-06 14:45:00-05:00,46.845001220703125,46.849998474121094,46.8400993347168,46.849098205566406,3720,0.0,0.0,0.0
2024-11-06 14:50:00-05:00,46.845001220703125,46.849998474121094,46.84000015258789,46.845001220703125,35228,0.0,0.0,0.0
2024-11-06 14:55:00-05:00,46.845001220703125,46.849998474121094,46.840999603271484,46.845001220703125,30237,0.0,0.0,0.0
2024-11-06 15:00:00-05:00,46.845001220703125,46.849998474121094,46.84000015258789,46.84000015258789,42778,0.0,0.0,0.0
2024-11-06 15:05:00-05:00,46.849998474121094,46.880001068115234,46.849998474121094,46.85499954223633,17552,0.0,0.0,0.0
2024-11-06 15:10:00-05:00,46.86000061035156,46.86000061035156,46.83000183105469,46.83599853515625,2971,0.0,0.0,0.0
2024-11-06 15:15:00-05:00,46.8390007019043,46.849998474121094,46.8390007019043,46.845001220703125,7807,0.0,0.0,0.0
2024-11-06 15:20:00-05:00,46.834999084472656,46.849998474121094,46.834999084472656,46.849998474121094,5134,0.0,0.0,0.0
2024-11-06 15:25:00-05:00,46.84000015258789,46.84000015258789,46.83100128173828,46.834999084472656,2021,0.0,0.0,0.0
2024-11-06 15:30:00-05:00,46.834999084472656,46.84000015258789,46.83000183105469,46.84000015258789,2752,0.0,0.0,0.0
2024-11-06 15:35:00-05:00,46.84000015258789,46.84000015258789,46.834999084472656,46.834999084472656,3042,0.0,0.0,0.0
2024-11-06 15:40:00-05:00,46.84000015258789,46.845001220703125,46.839900970458984,46.845001220703125,7397,0.0,0.0,0.0
2024-11-06 15:45:00-05:00,46.84000015258789,46.84000015258789,46.80500030517578,46.810001373291016,26640,0.0,0.0,0.0
2024-11-06 15:50:00-05:00,46.79999923706055,46.81100082397461,46.79999923706055,46.81100082397461,17027,0.0,0.0,0.0
2024-11-06 15:55:00-05:00,46.810001373291016,46.814998626708984,46.779998779296875,46.790000915527344,7763,0.0,0.0,0.0
2024-11-07 09:30:00-05:00,46.970001220703125,46.9900016784668,46.970001220703125,46.9900016784668,4309,0.0,0.0,0.0
2024-11-07 09:35:00-05:00,46.9900016784668,47.0099983215332,46.9900016784668,46.994998931884766,3783,0.0,0.0,0.0
2024-11-07 09:40:00-05:00,46.9900016784668,46.9900016784668,46.98970031738281,46.98970031738281,323,0.0,0.0,0.0
2024-11-07 09:45:00-05:00,46.9900016784668,46.9900016784668,46.9900016784668,46.9900016784668,167,0.0,0.0,0.0
2024-11-07 09:50:00-05:00,47.0099983215332,47.04499816894531,47.0099983215332,47.04499816894531,3794,0.0,0.0,0.0
2024-11-07 09:55:00-05:00,47.047298431396484,47.047298431396484,47.047298431396484,47.047298431396484,1574,0.0,0.0,0.0
2024-11-07 10:00:00-05:00,47.027400970458984,47.029998779296875,47.0099983215332,47.01499938964844,14447,0.0,0.0,0.0
2024-11-07 10:05:00-05:00,47.025001525878906,47.03310012817383,47.025001525878906,47.03310012817383,1785,0.0,0.0,0.0
2024-11-07 10:10:00-05:00,47.03200149536133,47.04100036621094,47.03200149536133,47.0343017578125,3106,0.0,0.0,0.0
2024-11-07 10:15:00-05:00,47.029998779296875,47.03969955444336,47.02109909057617,47.03499984741211,7567,0.0,0.0,0.0
2024-11-07 10:20:00-05:00,47.032501220703125,47.03499984741211,47.03110122680664,47.03499984741211,1981,0.0,0.0,0.0
2024-11-07 10:25:00-05:00,47.04499816894531,47.060001373291016,47.03110122680664,47.059898376464844,5157,0.0,0.0,0.0
2024-11-07 10:30:00-05:00,47.05220031738281,47.06999969482422,47.05220031738281,47.060001373291016,2978,0.0,0.0,0.0
2024-11-07 10:35:00-05:00,47.05500030517578,47.05500030517578,47.0525016784668,47.05500030517578,3222,0.0,0.0,0.0
2024-11-07 10:40:00-05:00,47.04999923706055,47.05889892578125,47.040000915527344,47.05009841918945,5243,0.0,0.0,0.0
2024-11-07 10:45:00-05:00,47.05110168457031,47.060001373291016,47.05110168457031,47.060001373291016,1101,0.0,0.0,0.0
2024-11-07 10:50:00-05:00,47.08000183105469,47.0989990234375,47.07500076293945,47.0989990234375,2374,0.0,0.0,0.0
2024-11-07 10:55:00-05:00,47.10499954223633,47.10499954223633,47.09000015258789,47.09000015258789,320,0.0,0.0,0.0
2024-11-07 11:00:00-05:00,47.0797004699707,47.0797004699707,47.06999969482422,47.06999969482422,476,0.0,0.0,0.0
2024-11-07 11:05:00-05:00,47.06999969482422,47.08000183105469,47.06999969482422,47.07500076293945,2329,0.0,0.0,0.0
2024-11-07 11:10:00-05:00,47.064998626708984,47.06999969482422,47.064998626708984,47.066200256347656,1432,0.0,0.0,0.0
2024-11-07 11:15:00-05:00,47.064998626708984,47.064998626708984,47.064998626708984,47.064998626708984,1250,0.0,0.0,0.0
2024-11-07 11:20:00-05:00,47.03990173339844,47.03990173339844,47.03990173339844,47.03990173339844,480,0.0,0.0,0.0
2024-11-07 11:30:00-05:00,47.060001373291016,47.06890106201172,47.060001373291016,47.06880187988281,1640,0.0,0.0,0.0
2024-11-07 11:35:00-05:00,47.064998626708984,47.064998626708984,47.04990005493164,47.05080032348633,1756,0.0,0.0,0.0
2024-11-07 11:40:00-05:00,47.05189895629883,47.064998626708984,47.05189895629883,47.064998626708984,1819,0.0,0.0,0.0
2024-11-07 11:45:00-05:00,47.060001373291016,47.06990051269531,47.060001373291016,47.060001373291016,4881,0.0,0.0,0.0
2024-11-07 11:50:00-05:00,47.046600341796875,47.05830001831055,47.04349899291992,47.04999923706055,7145,0.0,0.0,0.0
2024-11-07 11:55:00-05:00,47.05099868774414,47.05889892578125,47.05099868774414,47.05889892578125,1016,0.0,0.0,0.0
2024-11-07 12:00:00-05:00,47.04890060424805,47.04949951171875,47.04499816894531,47.04690170288086,1721,0.0,0.0,0.0
2024-11-07 12:05:00-05:00,47.04499816894531,47.04999923706055,47.04079818725586,47.04499816894531,2938,0.0,0.0,0.0
2024-11-07 12:10:00-05:00,47.06999969482422,47.06999969482422,47.06990051269531,47.06990051269531,1448,0.0,0.0,0.0
2024-11-07 12:15:00-05:00,47.069000244140625,47.069000244140625,47.06100082397461,47.064998626708984,4118,0.0,0.0,0.0
2024-11-07 12:20:00-05:00,47.064998626708984,47.07500076293945,47.064998626708984,47.07500076293945,901,0.0,0.0,0.0
2024-11-07 12:25:00-05:00,47.07500076293945,47.088199615478516,47.07500076293945,47.088199615478516,1413,0.0,0.0,0.0
2024-11-07 12:30:00-05:00,47.08000183105469,47.11000061035156,47.08000183105469,47.11000061035156,9121,0.0,0.0,0.0
2024-11-07 12:35:00-05:00,47.11000061035156,47.1150016784668,47.11000061035156,47.1150016784668,537,0.0,0.0,0.0
2024-11-07 12:40:00-05:00,47.11000061035156,47.119998931884766,47.11000061035156,47.1150016784668,15540,0.0,0.0,0.0
2024-11-07 12:45:00-05:00,47.11000061035156,47.11000061035156,47.099998474121094,47.109100341796875,1313,0.0,0.0,0.0
2024-11-07 12:50:00-05:00,47.10499954223633,47.10499954223633,47.10499954223633,47.10499954223633,911,0.0,0.0,0.0
2024-11-07 12:55:00-05:00,47.10879898071289,47.10879898071289,47.0900993347168,47.09360122680664,3529,0.0,0.0,0.0
2024-11-07 13:00:00-05:00,47.10499954223633,47.10499954223633,47.10499954223633,47.10499954223633,1051,0.0,0.0,0.0
2024-11-07 13:05:00-05:00,47.099998474121094,47.099998474121094,47.09000015258789,47.0989990234375,1008,0.0,0.0,0.0
2024-11-07 13:15:00-05:00,47.099998474121094,47.099998474121094,47.09000015258789,47.099098205566406,1148,0.0,0.0,0.0
2024-11-07 13:20:00-05:00,47.09330749511719,47.099998474121094,47.09330749511719,47.099998474121094,1030,0.0,0.0,0.0
2024-11-07 13:25:00-05:00,47.099998474121094,47.10499954223633,47.095001220703125,47.100101470947266,5547,0.0,0.0,0.0
2024-11-07 13:30:00-05:00,47.09600067138672,47.099998474121094,47.09600067138672,47.099998474121094,365,0.0,0.0,0.0
2024-11-07 13:35:00-05:00,47.109901428222656,47.109901428222656,47.10110092163086,47.10110092163086,5938,0.0,0.0,0.0
2024-11-07 13:40:00-05:00,47.11000061035156,47.11000061035156,47.11000061035156,47.11000061035156,639,0.0,0.0,0.0
2024-11-07 13:45:00-05:00,47.119998931884766,47.119998931884766,47.099998474121094,47.099998474121094,1284,0.0,0.0,0.0
2024-11-07 13:50:00-05:00,47.08890151977539,47.08890151977539,47.08890151977539,47.08890151977539,172,0.0,0.0,0.0
2024-11-07 13:55:00-05:00,47.099998474121094,47.11000061035156,47.099998474121094,47.11000061035156,7449,0.0,0.0,0.0
2024-11-07 14:00:00-05:00,47.08000183105469,47.099998474121094,47.05099868774414,47.059898376464844,11743,0.0,0.0,0.0
2024-11-07 14:05:00-05:00,47.064998626708984,47.064998626708984,47.05500030517578,47.06010055541992,1187,0.0,0.0,0.0
2024-11-07 14:10:00-05:00,47.040000915527344,47.0791015625,47.040000915527344,47.0791015625,2099,0.0,0.0,0.0
2024-11-07 14:15:00-05:00,47.09000015258789,47.099998474121094,47.09000015258789,47.09000015258789,1711,0.0,0.0,0.0
2024-11-07 14:20:00-05:00,47.06999969482422,47.07500076293945,47.064998626708984,47.064998626708984,1044,0.0,0.0,0.0
2024-11-07 14:25:00-05:00,47.060001373291016,47.06869888305664,47.059898376464844,47.06869888305664,1462,0.0,0.0,0.0
2024-11-07 14:30:00-05:00,47.060001373291016,47.060001373291016,47.060001373291016,47.060001373291016,440,0.0,0.0,0.0
2024-11-07 14:35:00-05:00,47.08000183105469,47.08000183105469,47.07500076293945,47.07500076293945,463,0.0,0.0,0.0
2024-11-07 14:40:00-05:00,47.060001373291016,47.060001373291016,47.02000045776367,47.029998779296875,1725,0.0,0.0,0.0
2024-11-07 14:45:00-05:00,47.060001373291016,47.08000183105469,47.04010009765625,47.08000183105469,2783,0.0,0.0,0.0
2024-11-07 14:50:00-05:00,47.099098205566406,47.10660171508789,47.09000015258789,47.09000015258789,1229,0.0,0.0,0.0
2024-11-07 14:55:00-05:00,47.099998474121094,47.11000061035156,47.09989929199219,47.11000061035156,1978,0.0,0.0,0.0
2024-11-07 15:00:00-05:00,47.130001068115234,47.130001068115234,47.119998931884766,47.130001068115234,1073,0.0,0.0,0.0
2024-11-07 15:05:00-05:00,47.13029861450195,47.1599006652832,47.13029861450195,47.14899826049805,4085,0.0,0.0,0.0
2024-11-07 15:10:00-05:00,47.150001525878906,47.195701599121094,47.14910125732422,47.189998626708984,3625,0.0,0.0,0.0
2024-11-07 15:15:00-05:00,47.16999816894531,47.186100006103516,47.152198791503906,47.15999984741211,6056,0.0,0.0,0.0
2024-11-07 15:20:00-05:00,47.16910171508789,47.189998626708984,47.16910171508789,47.185001373291016,3729,0.0,0.0,0.0
2024-11-07 15:25:00-05:00,47.185001373291016,47.185001373291016,47.154998779296875,47.154998779296875,2133,0.0,0.0,0.0
2024-11-07 15:30:00-05:00,47.14569854736328,47.14569854736328,47.14569854736328,47.14569854736328,320,0.0,0.0,0.0
2024-11-07 15:35:00-05:00,47.148799896240234,47.148799896240234,47.12120056152344,47.12120056152344,792,0.0,0.0,0.0
2024-11-07 15:40:00-05:00,47.130001068115234,47.130001068115234,47.130001068115234,47.130001068115234,1210,0.0,0.0,0.0
2024-11-07 15:45:00-05:00,47.119998931884766,47.119998931884766,47.11000061035156,47.1150016784668,10041,0.0,0.0,0.0
2024-11-07 15:50:00-05:00,47.1150016784668,47.119998931884766,47.11000061035156,47.119998931884766,2787,0.0,0.0,0.0
2024-11-07 15:55:00-05:00,47.11690139770508,47.15999984741211,47.11690139770508,47.13999938964844,9139,0.0,0.0,0.0
2024-11-08 09:30:00-05:00,47.22999954223633,47.22999954223633,47.222599029541016,47.222599029541016,5855,0.0,0.0,0.0
2024-11-08 09:35:00-05:00,47.22999954223633,47.22999954223633,47.22999954223633,47.22999954223633,521,0.0,0.0,0.0
2024-11-08 09:40:00-05:00,47.2400016784668,47.25,47.23080062866211,47.24089813232422,7234,0.0,0.0,0.0
2024-11-08 09:45:00-05:00,47.22999954223633,47.22999954223633,47.22010040283203,47.22010040283203,5371,0.0,0.0,0.0
2024-11-08 09:50:00-05:00,47.23158264160156,47.25,47.230899810791016,47.25,1265,0.0,0.0,0.0
2024-11-08 09:55:00-05:00,47.2599983215332,47.2599983215332,47.25199890136719,47.25199890136719,7372,0.0,0.0,0.0
2024-11-08 10:00:00-05:00,47.25,47.28889846801758,47.244998931884766,47.28889846801758,2557,0.0,0.0,0.0
2024-11-08 10:05:00-05:00,47.279998779296875,47.29999923706055,47.275001525878906,47.29999923706055,3272,0.0,0.0,0.0
2024-11-08 10:10:00-05:00,47.29499816894531,47.31999969482422,47.29499816894531,47.31890106201172,10934,0.0,0.0,0.0
2024-11-08 10:15:00-05:00,47.314998626708984,47.32500076293945,47.314998626708984,47.32500076293945,2516,0.0,0.0,0.0
2024-11-08 10:20:00-05:00,47.32109832763672,47.33000183105469,47.31999969482422,47.31999969482422,2883,0.0,0.0,0.0
2024-11-08 10:25:00-05:00,47.34989929199219,47.34989929199219,47.34000015258789,47.34000015258789,13660,0.0,0.0,0.0
2024-11-08 10:30:00-05:00,47.31990051269531,47.31990051269531,47.310001373291016,47.310001373291016,760,0.0,0.0,0.0
2024-11-08 10:40:00-05:00,47.310001373291016,47.319000244140625,47.307498931884766,47.319000244140625,438,0.0,0.0,0.0
2024-11-08 10:45:00-05:00,47.31999969482422,47.32500076293945,47.314998626708984,47.31999969482422,2342,0.0,0.0,0.0
2024-11-08 10:50:00-05:00,47.3109016418457,47.314998626708984,47.30910110473633,47.314998626708984,2466,0.0,0.0,0.0
2024-11-08 10:55:00-05:00,47.29890060424805,47.29890060424805,47.29499816894531,47.29499816894531,768,0.0,0.0,0.0
2024-11-08 11:00:00-05:00,47.29999923706055,47.29999923706055,47.28499984741211,47.28499984741211,949,0.0,0.0,0.0
2024-11-08 11:05:00-05:00,47.290000915527344,47.29999923706055,47.275001525878906,47.279998779296875,8344,0.0,0.0,0.0
2024-11-08 11:10:00-05:00,47.275001525878906,47.275001525878906,47.2599983215332,47.2599983215332,2155,0.0,0.0,0.0
2024-11-08 11:15:00-05:00,47.249000549316406,47.249900817871094,47.2489013671875,47.249900817871094,425,0.0,0.0,0.0
2024-11-08 11:20:00-05:00,47.24100112915039,47.2588996887207,47.24100112915039,47.2588996887207,2084,0.0,0.0,0.0
2024-11-08 11:25:00-05:00,47.2400016784668,47.25,47.2400016784668,47.25,3217,0.0,0.0,0.0
2024-11-08 11:30:00-05:00,47.2400016784668,47.2400016784668,47.209999084472656,47.209999084472656,4270,0.0,0.0,0.0
2024-11-08 11:35:00-05:00,47.21009826660156,47.21889877319336,47.20000076293945,47.20000076293945,1435,0.0,0.0,0.0
2024-11-08 11:40:00-05:00,47.209999084472656,47.209999084472656,47.20000076293945,47.20000076293945,1384,0.0,0.0,0.0
2024-11-08 11:45:00-05:00,47.21989822387695,47.220001220703125,47.21099853515625,47.220001220703125,6615,0.0,0.0,0.0
2024-11-08 11:50:00-05:00,47.22999954223633,47.22999954223633,47.209999084472656,47.209999084472656,1436,0.0,0.0,0.0
2024-11-08 11:55:00-05:00,47.20330047607422,47.20330047607422,47.20330047607422,47.20330047607422,835,0.0,0.0,0.0
2024-11-08 12:00:00-05:00,47.22990036010742,47.22990036010742,47.220001220703125,47.220001220703125,334,0.0,0.0,0.0
2024-11-08 12:05:00-05:00,47.224998474121094,47.22669982910156,47.224998474121094,47.224998474121094,781,0.0,0.0,0.0
2024-11-08 12:10:00-05:00,47.220001220703125,47.224998474121094,47.20500183105469,47.209999084472656,4308,0.0,0.0,0.0
2024-11-08 12:15:00-05:00,47.209999084472656,47.209999084472656,47.190101623535156,47.190101623535156,2100,0.0,0.0,0.0
2024-11-08 12:20:00-05:00,47.20500183105469,47.209999084472656,47.20000076293945,47.20500183105469,13923,0.0,0.0,0.0
2024-11-08 12:25:00-05:00,47.209999084472656,47.209999084472656,47.209999084472656,47.209999084472656,113,0.0,0.0,0.0
2024-11-08 12:30:00-05:00,47.215301513671875,47.23500061035156,47.210201263427734,47.23500061035156,1334,0.0,0.0,0.0
2024-11-08 12:35:00-05:00,47.23899841308594,47.23899841308594,47.20899963378906,47.21500015258789,9243,0.0,0.0,0.0
2024-11-08 12:40:00-05:00,47.21500015258789,47.220001220703125,47.209999084472656,47.209999084472656,9440,0.0,0.0,0.0
2024-11-08 12:45:00-05:00,47.220001220703125,47.2400016784668,47.220001220703125,47.2400016784668,814,0.0,0.0,0.0
2024-11-08 12:50:00-05:00,47.2400016784668,47.244998931884766,47.23500061035156,47.2400016784668,3490,0.0,0.0,0.0
2024-11-08 12:55:00-05:00,47.2411003112793,47.2599983215332,47.2401008605957,47.25,2846,0.0,0.0,0.0
2024-11-08 13:00:00-05:00,47.24330139160156,47.244998931884766,47.24330139160156,47.244998931884766,2833,0.0,0.0,0.0
2024-11-08 13:10:00-05:00,47.25910186767578,47.25910186767578,47.2400016784668,47.24440002441406,12299,0.0,0.0,0.0
2024-11-08 13:15:00-05:00,47.244998931884766,47.244998931884766,47.230098724365234,47.230098724365234,658,0.0,0.0,0.0
2024-11-08 13:20:00-05:00,47.2400016784668,47.25,47.23500061035156,47.25,143270,0.0,0.0,0.0
2024-11-08 13:25:00-05:00,47.23500061035156,47.23500061035156,47.23500061035156,47.23500061035156,335,0.0,0.0,0.0
2024-11-08 13:30:00-05:00,47.22999954223633,47.2400016784668,47.22999954223633,47.2400016784668,380,0.0,0.0,0.0
2024-11-08 13:35:00-05:00,47.220001220703125,47.220001220703125,47.21110153198242,47.21110153198242,748,0.0,0.0,0.0
2024-11-08 13:40:00-05:00,47.220001220703125,47.220001220703125,47.220001220703125,47.220001220703125,413,0.0,0.0,0.0
2024-11-08 13:45:00-05:00,47.21500015258789,47.220001220703125,47.21009826660156,47.220001220703125,2494,0.0,0.0,0.0
2024-11-08 13:50:00-05:00,47.22999954223633,47.24909973144531,47.22999954223633,47.2401008605957,14927,0.0,0.0,0.0
2024-11-08 13:55:00-05:00,47.245601654052734,47.2599983215332,47.244998931884766,47.25090026855469,14487,0.0,0.0,0.0
2024-11-08 14:00:00-05:00,47.2599983215332,47.2599983215332,47.23979949951172,47.23979949951172,1237,0.0,0.0,0.0
2024-11-08 14:05:00-05:00,47.244998931884766,47.244998931884766,47.244998931884766,47.244998931884766,1259,0.0,0.0,0.0
2024-11-08 14:10:00-05:00,47.2400016784668,47.2400016784668,47.235198974609375,47.239898681640625,2357,0.0,0.0,0.0
2024-11-08 14:15:00-05:00,47.238399505615234,47.2400016784668,47.23160171508789,47.2400016784668,954,0.0,0.0,0.0
2024-11-08 14:20:00-05:00,47.23500061035156,47.23500061035156,47.22880172729492,47.22880172729492,1152,0.0,0.0,0.0
2024-11-08 14:25:00-05:00,47.224998474121094,47.224998474121094,47.224998474121094,47.224998474121094,1064,0.0,0.0,0.0
2024-11-08 14:30:00-05:00,47.22999954223633,47.22999954223633,47.22010040283203,47.221900939941406,3066,0.0,0.0,0.0
2024-11-08 14:35:00-05:00,47.22809982299805,47.22890090942383,47.224998474121094,47.22890090942383,1930,0.0,0.0,0.0
2024-11-08 14:40:00-05:00,47.220001220703125,47.22520065307617,47.220001220703125,47.220001220703125,4264,0.0,0.0,0.0
2024-11-08 14:45:00-05:00,47.224998474121094,47.22890090942383,47.220001220703125,47.22890090942383,599,0.0,0.0,0.0
2024-11-08 14:50:00-05:00,47.220001220703125,47.220001220703125,47.21889877319336,47.220001220703125,865,0.0,0.0,0.0
2024-11-08 14:55:00-05:00,47.21626281738281,47.22999954223633,47.21500015258789,47.22990036010742,4548,0.0,0.0,0.0
2024-11-08 15:00:00-05:00,47.220001220703125,47.220001220703125,47.20000076293945,47.20000076293945,1502,0.0,0.0,0.0
2024-11-08 15:05:00-05:00,47.20009994506836,47.208900451660156,47.20000076293945,47.20000076293945,829,0.0,0.0,0.0
2024-11-08 15:10:00-05:00,47.185001373291016,47.185001373291016,47.18109893798828,47.18109893798828,1740,0.0,0.0,0.0
2024-11-08 15:15:00-05:00,47.18159866333008,47.190101623535156,47.18159866333008,47.189998626708984,2968,0.0,0.0,0.0
2024-11-08 15:20:00-05:00,47.189998626708984,47.20000076293945,47.189998626708984,47.19499969482422,8793,0.0,0.0,0.0
2024-11-08 15:25:00-05:00,47.189998626708984,47.20000076293945,47.189998626708984,47.20000076293945,1200,0.0,0.0,0.0
2024-11-08 15:30:00-05:00,47.20100021362305,47.209999084472656,47.20009994506836,47.20899963378906,3755,0.0,0.0,0.0
2024-11-08 15:40:00-05:00,47.201698303222656,47.21500015258789,47.201698303222656,47.21500015258789,6996,0.0,0.0,0.0
2024-11-08 15:45:00-05:00,47.21500015258789,47.224998474121094,47.21500015258789,47.22079849243164,2906,0.0,0.0,0.0
2024-11-08 15:50:00-05:00,47.220001220703125,47.224998474121094,47.220001220703125,47.220001220703125,25676,0.0,0.0,0.0
2024-11-08 15:55:00-05:00,47.220001220703125,47.23500061035156,47.220001220703125,47.23500061035156,8260,0.0,0.0,0.0
