Datetime,Open,High,Low,Close,Volume,Dividends,Stock Splits,Capital Gains
2024-10-09 09:30:00-04:00,197.83999633789062,197.83999633789062,197.4499969482422,197.49000549316406,7536,0.0,0.0,0.0
2024-10-09 09:35:00-04:00,197.6800994873047,197.99000549316406,197.58999633789062,197.88999938964844,4526,0.0,0.0,0.0
2024-10-09 09:40:00-04:00,197.9499969482422,198.32000732421875,197.9499969482422,198.32000732421875,3851,0.0,0.0,0.0
2024-10-09 09:45:00-04:00,198.34170532226562,198.47999572753906,198.07000732421875,198.3249969482422,4312,0.0,0.0,0.0
2024-10-09 09:50:00-04:00,198.27999877929688,198.5,198.2100067138672,198.4600067138672,3073,0.0,0.0,0.0
2024-10-09 09:55:00-04:00,198.625,198.92990112304688,198.625,198.86000061035156,1648,0.0,0.0,0.0
2024-10-09 10:00:00-04:00,198.89500427246094,198.89500427246094,198.64999389648438,198.64999389648438,6207,0.0,0.0,0.0
2024-10-09 10:05:00-04:00,198.60000610351562,198.72999572753906,198.58999633789062,198.71499633789062,2263,0.0,0.0,0.0
2024-10-09 10:10:00-04:00,198.69419860839844,198.8000030517578,198.6199951171875,198.8000030517578,5628,0.0,0.0,0.0
2024-10-09 10:15:00-04:00,198.59170532226562,198.59170532226562,198.2100067138672,198.2100067138672,6333,0.0,0.0,0.0
2024-10-09 10:20:00-04:00,198.17999267578125,198.17999267578125,198.11000061035156,198.1197052001953,3750,0.0,0.0,0.0
2024-10-09 10:25:00-04:00,198.05999755859375,198.1699981689453,198.0,198.0,2871,0.0,0.0,0.0
2024-10-09 10:30:00-04:00,198.07000732421875,198.11000061035156,197.9600067138672,198.00999450683594,1826,0.0,0.0,0.0
2024-10-09 10:35:00-04:00,197.9199981689453,198.0500030517578,197.86000061035156,198.03500366210938,2595,0.0,0.0,0.0
2024-10-09 10:40:00-04:00,198.0,198.10499572753906,197.93490600585938,198.02000427246094,6015,0.0,0.0,0.0
2024-10-09 10:45:00-04:00,198.14999389648438,198.42669677734375,198.14999389648438,198.42669677734375,3067,0.0,0.0,0.0
2024-10-09 10:50:00-04:00,198.47000122070312,198.5800018310547,198.4199981689453,198.52430725097656,2584,0.0,0.0,0.0
2024-10-09 10:55:00-04:00,198.55999755859375,198.61000061035156,198.47000122070312,198.61000061035156,1469,0.0,0.0,0.0
2024-10-09 11:00:00-04:00,198.58729553222656,198.58729553222656,198.52999877929688,198.55499267578125,1306,0.0,0.0,0.0
2024-10-09 11:05:00-04:00,198.57839965820312,198.7899932861328,198.57839965820312,198.7899932861328,1741,0.0,0.0,0.0
2024-10-09 11:10:00-04:00,198.83999633789062,198.93800354003906,198.80999755859375,198.93800354003906,1518,0.0,0.0,0.0
2024-10-09 11:15:00-04:00,198.86000061035156,199.07000732421875,198.86000061035156,199.07000732421875,3723,0.0,0.0,0.0
2024-10-09 11:20:00-04:00,199.24000549316406,199.30999755859375,199.1999969482422,199.30999755859375,885,0.0,0.0,0.0
2024-10-09 11:25:00-04:00,199.22999572753906,199.28790283203125,199.22999572753906,199.28790283203125,1519,0.0,0.0,0.0
2024-10-09 11:30:00-04:00,199.23350524902344,199.41990661621094,199.23350524902344,199.41990661621094,858,0.0,0.0,0.0
2024-10-09 11:35:00-04:00,199.343505859375,199.4199981689453,199.27999877929688,199.39999389648438,106114,0.0,0.0,0.0
2024-10-09 11:40:00-04:00,199.39999389648438,199.49000549316406,199.3800048828125,199.49000549316406,3628,0.0,0.0,0.0
2024-10-09 11:45:00-04:00,199.4949951171875,199.64999389648438,199.4949951171875,199.5500030517578,6293,0.0,0.0,0.0
2024-10-09 11:50:00-04:00,199.63999938964844,199.63999938964844,199.55999755859375,199.6204071044922,1715,0.0,0.0,0.0
2024-10-09 11:55:00-04:00,199.61500549316406,199.61500549316406,199.4228973388672,199.50999450683594,4200,0.0,0.0,0.0
2024-10-09 12:00:00-04:00,199.47000122070312,199.48989868164062,199.34500122070312,199.38999938964844,4930,0.0,0.0,0.0
2024-10-09 12:05:00-04:00,199.35479736328125,199.5500030517578,199.35479736328125,199.5500030517578,6727,0.0,0.0,0.0
2024-10-09 12:10:00-04:00,199.5684051513672,199.58279418945312,199.52000427246094,199.52000427246094,4645,0.0,0.0,0.0
2024-10-09 12:15:00-04:00,199.53359985351562,199.54820251464844,199.44000244140625,199.44000244140625,4132,0.0,0.0,0.0
2024-10-09 12:20:00-04:00,199.477294921875,199.47799682617188,199.44400024414062,199.47000122070312,1680,0.0,0.0,0.0
2024-10-09 12:25:00-04:00,199.39999389648438,199.39999389648438,199.31500244140625,199.31500244140625,2005,0.0,0.0,0.0
2024-10-09 12:30:00-04:00,199.3408966064453,199.3408966064453,199.1199951171875,199.16000366210938,5963,0.0,0.0,0.0
2024-10-09 12:35:00-04:00,199.1649932861328,199.2581024169922,199.16000366210938,199.25,2224,0.0,0.0,0.0
2024-10-09 12:40:00-04:00,199.17999267578125,199.25999450683594,199.17999267578125,199.18699645996094,1092,0.0,0.0,0.0
2024-10-09 12:45:00-04:00,199.1992950439453,199.1992950439453,199.05999755859375,199.05999755859375,1391,0.0,0.0,0.0
2024-10-09 12:50:00-04:00,199.0500030517578,199.0500030517578,199.0,199.02000427246094,1375,0.0,0.0,0.0
2024-10-09 12:55:00-04:00,198.8699951171875,198.9158935546875,198.84010314941406,198.9158935546875,1756,0.0,0.0,0.0
2024-10-09 13:00:00-04:00,198.99510192871094,199.01699829101562,198.82760620117188,198.82760620117188,1372,0.0,0.0,0.0
2024-10-09 13:05:00-04:00,198.8350067138672,198.89999389648438,198.8350067138672,198.83999633789062,547,0.0,0.0,0.0
2024-10-09 13:10:00-04:00,198.92599487304688,199.0312957763672,198.92599487304688,199.0312957763672,1059,0.0,0.0,0.0
2024-10-09 13:15:00-04:00,199.0970001220703,199.09750366210938,199.07530212402344,199.0800018310547,1181,0.0,0.0,0.0
2024-10-09 13:20:00-04:00,199.14999389648438,199.1699981689453,199.110107421875,199.16000366210938,1732,0.0,0.0,0.0
2024-10-09 13:25:00-04:00,199.13999938964844,199.13999938964844,198.87710571289062,198.9250030517578,3669,0.0,0.0,0.0
2024-10-09 13:30:00-04:00,198.92999267578125,198.93170166015625,198.8704071044922,198.9250030517578,1895,0.0,0.0,0.0
2024-10-09 13:35:00-04:00,198.97689819335938,198.97689819335938,198.90870666503906,198.92410278320312,2505,0.0,0.0,0.0
2024-10-09 13:40:00-04:00,198.9051055908203,198.9530029296875,198.9051055908203,198.9530029296875,1087,0.0,0.0,0.0
2024-10-09 13:45:00-04:00,198.92999267578125,198.94500732421875,198.9199981689453,198.9199981689453,1039,0.0,0.0,0.0
2024-10-09 13:50:00-04:00,198.86439514160156,198.86439514160156,198.60000610351562,198.72000122070312,10510,0.0,0.0,0.0
2024-10-09 13:55:00-04:00,198.8000030517578,198.889892578125,198.78500366210938,198.889892578125,3309,0.0,0.0,0.0
2024-10-09 14:00:00-04:00,198.69500732421875,198.8000030517578,198.69500732421875,198.7899932861328,930,0.0,0.0,0.0
2024-10-09 14:05:00-04:00,198.81109619140625,198.99380493164062,198.81109619140625,198.99000549316406,3429,0.0,0.0,0.0
2024-10-09 14:10:00-04:00,198.9600067138672,198.99000549316406,198.77999877929688,198.7899932861328,22689,0.0,0.0,0.0
2024-10-09 14:15:00-04:00,198.72000122070312,198.7899932861328,198.6300048828125,198.6300048828125,4710,0.0,0.0,0.0
2024-10-09 14:20:00-04:00,198.58999633789062,198.58999633789062,198.4459991455078,198.4459991455078,1772,0.0,0.0,0.0
2024-10-09 14:25:00-04:00,198.60000610351562,198.60000610351562,198.58999633789062,198.60000610351562,845,0.0,0.0,0.0
2024-10-09 14:30:00-04:00,198.5399932861328,198.55999755859375,198.42010498046875,198.42010498046875,5130,0.0,0.0,0.0
2024-10-09 14:35:00-04:00,198.47999572753906,198.52000427246094,198.47999572753906,198.52000427246094,749,0.0,0.0,0.0
2024-10-09 14:40:00-04:00,198.47999572753906,198.52999877929688,198.47999572753906,198.52000427246094,1823,0.0,0.0,0.0
2024-10-09 14:45:00-04:00,198.50999450683594,198.54080200195312,198.5050048828125,198.54080200195312,1514,0.0,0.0,0.0
2024-10-09 14:50:00-04:00,198.5800018310547,198.61000061035156,198.51010131835938,198.55999755859375,3276,0.0,0.0,0.0
2024-10-09 14:55:00-04:00,198.53599548339844,198.53599548339844,198.43499755859375,198.47000122070312,4640,0.0,0.0,0.0
2024-10-09 15:00:00-04:00,198.41000366210938,198.42999267578125,198.38059997558594,198.38059997558594,2134,0.0,0.0,0.0
2024-10-09 15:05:00-04:00,198.38499450683594,198.41000366210938,198.32000732421875,198.36000061035156,4633,0.0,0.0,0.0
2024-10-09 15:10:00-04:00,198.40289306640625,198.40289306640625,198.2899932861328,198.32919311523438,2911,0.0,0.0,0.0
2024-10-09 15:15:00-04:00,198.36000061035156,198.47000122070312,198.36000061035156,198.47000122070312,2494,0.0,0.0,0.0
2024-10-09 15:20:00-04:00,198.48939514160156,198.5500030517578,198.44000244140625,198.4499969482422,3439,0.0,0.0,0.0
2024-10-09 15:25:00-04:00,198.49000549316406,198.59010314941406,198.49000549316406,198.59010314941406,1214,0.0,0.0,0.0
2024-10-09 15:30:00-04:00,198.5500030517578,198.61000061035156,198.49000549316406,198.59500122070312,2751,0.0,0.0,0.0
2024-10-09 15:35:00-04:00,198.60769653320312,198.60769653320312,198.49009704589844,198.55999755859375,5349,0.0,0.0,0.0
2024-10-09 15:40:00-04:00,198.53306579589844,198.625,198.5330047607422,198.5330047607422,2561,0.0,0.0,0.0
2024-10-09 15:45:00-04:00,198.5800018310547,198.58999633789062,198.52499389648438,198.57000732421875,5916,0.0,0.0,0.0
2024-10-09 15:50:00-04:00,198.58999633789062,198.9084930419922,198.58999633789062,198.85009765625,5323,0.0,0.0,0.0
2024-10-09 15:55:00-04:00,198.85000610351562,198.86000061035156,198.74000549316406,198.75,10716,0.0,0.0,0.0
2024-10-10 09:30:00-04:00,197.77999877929688,197.77999877929688,197.44000244140625,197.47999572753906,10161,0.0,0.0,0.0
2024-10-10 09:35:00-04:00,197.3800048828125,197.4600067138672,196.89999389648438,197.1199951171875,4940,0.0,0.0,0.0
2024-10-10 09:40:00-04:00,197.1300048828125,197.40890502929688,197.1199951171875,197.1199951171875,2899,0.0,0.0,0.0
2024-10-10 09:45:00-04:00,196.9001007080078,197.10000610351562,196.75169372558594,196.82000732421875,16105,0.0,0.0,0.0
2024-10-10 09:50:00-04:00,196.9199981689453,197.5800018310547,196.80999755859375,197.52999877929688,4107,0.0,0.0,0.0
2024-10-10 09:55:00-04:00,197.57000732421875,197.81869506835938,197.35000610351562,197.35000610351562,2829,0.0,0.0,0.0
2024-10-10 10:00:00-04:00,197.36000061035156,197.8489990234375,197.36000061035156,197.75,2648,0.0,0.0,0.0
2024-10-10 10:05:00-04:00,197.81959533691406,197.8300018310547,197.75999450683594,197.77000427246094,2374,0.0,0.0,0.0
2024-10-10 10:10:00-04:00,197.88009643554688,198.06500244140625,197.88009643554688,197.97000122070312,4469,0.0,0.0,0.0
2024-10-10 10:15:00-04:00,198.05990600585938,198.05999755859375,198.02499389648438,198.02499389648438,1733,0.0,0.0,0.0
2024-10-10 10:20:00-04:00,197.89199829101562,198.00999450683594,197.89199829101562,198.00999450683594,921,0.0,0.0,0.0
2024-10-10 10:25:00-04:00,197.97999572753906,198.05999755859375,197.7904052734375,197.7904052734375,1214,0.0,0.0,0.0
2024-10-10 10:30:00-04:00,197.8699951171875,197.8699951171875,197.75,197.8699951171875,4233,0.0,0.0,0.0
2024-10-10 10:35:00-04:00,197.91000366210938,197.97979736328125,197.8000030517578,197.8000030517578,2134,0.0,0.0,0.0
2024-10-10 10:40:00-04:00,197.75,197.8000030517578,197.6844024658203,197.73500061035156,2317,0.0,0.0,0.0
2024-10-10 10:45:00-04:00,197.64520263671875,197.64520263671875,197.44009399414062,197.5,1769,0.0,0.0,0.0
2024-10-10 10:50:00-04:00,197.48300170898438,197.5800018310547,197.2899932861328,197.3000030517578,10148,0.0,0.0,0.0
2024-10-10 10:55:00-04:00,197.3000030517578,197.49000549316406,197.3000030517578,197.31300354003906,4146,0.0,0.0,0.0
2024-10-10 11:00:00-04:00,197.3986053466797,197.44000244140625,197.32650756835938,197.39999389648438,6583,0.0,0.0,0.0
2024-10-10 11:05:00-04:00,197.52000427246094,197.74000549316406,197.4940948486328,197.7104034423828,1953,0.0,0.0,0.0
2024-10-10 11:10:00-04:00,197.74490356445312,197.89999389648438,197.74490356445312,197.86000061035156,1327,0.0,0.0,0.0
2024-10-10 11:15:00-04:00,197.88499450683594,197.88499450683594,197.80999755859375,197.80999755859375,703,0.0,0.0,0.0
2024-10-10 11:20:00-04:00,197.72999572753906,197.74000549316406,197.71499633789062,197.71499633789062,1272,0.0,0.0,0.0
2024-10-10 11:25:00-04:00,197.72000122070312,197.75,197.6300048828125,197.75,30916,0.0,0.0,0.0
2024-10-10 11:30:00-04:00,197.5800018310547,197.65499877929688,197.5800018310547,197.65499877929688,1693,0.0,0.0,0.0
2024-10-10 11:35:00-04:00,197.63499450683594,197.75,197.63499450683594,197.75,1784,0.0,0.0,0.0
2024-10-10 11:40:00-04:00,197.718994140625,197.81829833984375,197.718994140625,197.81829833984375,2822,0.0,0.0,0.0
2024-10-10 11:45:00-04:00,197.75320434570312,197.86000061035156,197.73739624023438,197.81219482421875,2243,0.0,0.0,0.0
2024-10-10 11:50:00-04:00,197.71279907226562,197.735107421875,197.65040588378906,197.735107421875,1852,0.0,0.0,0.0
2024-10-10 11:55:00-04:00,197.75990295410156,197.75990295410156,197.75990295410156,197.75990295410156,324,0.0,0.0,0.0
2024-10-10 12:00:00-04:00,197.72000122070312,197.75999450683594,197.65499877929688,197.67730712890625,2121,0.0,0.0,0.0
2024-10-10 12:05:00-04:00,197.66000366210938,197.7899932861328,197.66000366210938,197.7899932861328,2451,0.0,0.0,0.0
2024-10-10 12:10:00-04:00,197.7899932861328,197.83419799804688,197.72999572753906,197.77000427246094,1676,0.0,0.0,0.0
2024-10-10 12:15:00-04:00,197.77000427246094,197.9199981689453,197.77000427246094,197.9199981689453,1198,0.0,0.0,0.0
2024-10-10 12:20:00-04:00,197.8925018310547,197.9499969482422,197.86000061035156,197.86000061035156,1476,0.0,0.0,0.0
2024-10-10 12:25:00-04:00,197.82179260253906,197.8800048828125,197.80999755859375,197.8800048828125,6051,0.0,0.0,0.0
2024-10-10 12:30:00-04:00,197.89109802246094,197.94000244140625,197.84500122070312,197.88999938964844,4471,0.0,0.0,0.0
2024-10-10 12:35:00-04:00,197.92999267578125,197.97560119628906,197.92999267578125,197.97560119628906,530,0.0,0.0,0.0
2024-10-10 12:40:00-04:00,197.95669555664062,197.95669555664062,197.52999877929688,197.60000610351562,4466,0.0,0.0,0.0
2024-10-10 12:45:00-04:00,197.57000732421875,197.64999389648438,197.5500030517578,197.5500030517578,1471,0.0,0.0,0.0
2024-10-10 12:50:00-04:00,197.5872039794922,197.67999267578125,197.5872039794922,197.6199951171875,2774,0.0,0.0,0.0
2024-10-10 12:55:00-04:00,197.6381072998047,197.64999389648438,197.49420166015625,197.49420166015625,3806,0.0,0.0,0.0
2024-10-10 13:00:00-04:00,197.52999877929688,197.52999877929688,197.41029357910156,197.48500061035156,2087,0.0,0.0,0.0
2024-10-10 13:05:00-04:00,197.3800048828125,197.41900634765625,197.36000061035156,197.38999938964844,3967,0.0,0.0,0.0
2024-10-10 13:10:00-04:00,197.25,197.32000732421875,197.25,197.2758026123047,1721,0.0,0.0,0.0
2024-10-10 13:15:00-04:00,197.32749938964844,197.35000610351562,197.25,197.34500122070312,3349,0.0,0.0,0.0
2024-10-10 13:20:00-04:00,197.60499572753906,197.6199951171875,197.60499572753906,197.6199951171875,2470,0.0,0.0,0.0
2024-10-10 13:25:00-04:00,197.610107421875,197.63800048828125,197.54339599609375,197.61000061035156,3399,0.0,0.0,0.0
2024-10-10 13:30:00-04:00,197.64999389648438,197.6999969482422,197.63180541992188,197.63180541992188,3573,0.0,0.0,0.0
2024-10-10 13:35:00-04:00,197.66409301757812,197.66409301757812,197.6199951171875,197.64990234375,1740,0.0,0.0,0.0
2024-10-10 13:40:00-04:00,197.58999633789062,197.62420654296875,197.5821990966797,197.5821990966797,5347,0.0,0.0,0.0
2024-10-10 13:45:00-04:00,197.57479858398438,197.57479858398438,197.4387969970703,197.4387969970703,2261,0.0,0.0,0.0
2024-10-10 13:50:00-04:00,197.1199951171875,197.27000427246094,197.1199951171875,197.27000427246094,1497,0.0,0.0,0.0
2024-10-10 13:55:00-04:00,197.3699951171875,197.5,197.3699951171875,197.5,1973,0.0,0.0,0.0
2024-10-10 14:00:00-04:00,197.5117950439453,197.5117950439453,197.3000030517578,197.3441925048828,1385,0.0,0.0,0.0
2024-10-10 14:05:00-04:00,197.25,197.25,197.25,197.25,379,0.0,0.0,0.0
2024-10-10 14:10:00-04:00,197.2899932861328,197.2899932861328,197.1999969482422,197.1999969482422,7659,0.0,0.0,0.0
2024-10-10 14:15:00-04:00,197.1649932861328,197.18960571289062,197.02940368652344,197.06500244140625,9159,0.0,0.0,0.0
2024-10-10 14:20:00-04:00,197.0301055908203,197.1699981689453,197.0301055908203,197.1699981689453,15179,0.0,0.0,0.0
2024-10-10 14:25:00-04:00,197.1699981689453,197.22500610351562,197.1699981689453,197.2169952392578,3312,0.0,0.0,0.0
2024-10-10 14:30:00-04:00,197.156005859375,197.156005859375,197.156005859375,197.156005859375,1199,0.0,0.0,0.0
2024-10-10 14:35:00-04:00,197.16000366210938,197.18370056152344,197.16000366210938,197.18370056152344,1203,0.0,0.0,0.0
2024-10-10 14:40:00-04:00,197.17999267578125,197.17999267578125,196.99000549316406,197.11000061035156,4841,0.0,0.0,0.0
2024-10-10 14:45:00-04:00,197.13870239257812,197.1448974609375,197.07000732421875,197.1448974609375,1095,0.0,0.0,0.0
2024-10-10 14:50:00-04:00,197.10000610351562,197.1699981689453,197.09010314941406,197.14120483398438,7893,0.0,0.0,0.0
2024-10-10 14:55:00-04:00,197.1898956298828,197.19000244140625,197.1300048828125,197.17999267578125,7129,0.0,0.0,0.0
2024-10-10 15:00:00-04:00,197.13499450683594,197.24989318847656,197.110107421875,197.19000244140625,4689,0.0,0.0,0.0
2024-10-10 15:05:00-04:00,197.14999389648438,197.22000122070312,197.14999389648438,197.19000244140625,3981,0.0,0.0,0.0
2024-10-10 15:10:00-04:00,197.20860290527344,197.22999572753906,197.1699981689453,197.1699981689453,7704,0.0,0.0,0.0
2024-10-10 15:15:00-04:00,197.13949584960938,197.19790649414062,197.0970001220703,197.13999938964844,12522,0.0,0.0,0.0
2024-10-10 15:20:00-04:00,197.1999053955078,197.23910522460938,197.1750030517578,197.1999969482422,6289,0.0,0.0,0.0
2024-10-10 15:25:00-04:00,197.1999053955078,197.1999053955078,197.19000244140625,197.19000244140625,584,0.0,0.0,0.0
2024-10-10 15:30:00-04:00,197.18519592285156,197.22999572753906,197.13999938964844,197.1439971923828,3006,0.0,0.0,0.0
2024-10-10 15:35:00-04:00,197.19000244140625,197.35000610351562,197.19000244140625,197.345703125,4422,0.0,0.0,0.0
2024-10-10 15:40:00-04:00,197.42379760742188,197.42379760742188,197.39500427246094,197.41000366210938,4293,0.0,0.0,0.0
2024-10-10 15:45:00-04:00,197.44000244140625,197.5299072265625,197.41000366210938,197.52000427246094,2540,0.0,0.0,0.0
2024-10-10 15:50:00-04:00,197.61000061035156,197.8251953125,197.61000061035156,197.75999450683594,5148,0.0,0.0,0.0
2024-10-10 15:55:00-04:00,197.72999572753906,197.8000030517578,197.6999969482422,197.72999572753906,8538,0.0,0.0,0.0
2024-10-11 09:30:00-04:00,198.1699981689453,199.5399932861328,198.1699981689453,199.36000061035156,9715,0.0,0.0,0.0
2024-10-11 09:35:00-04:00,199.38999938964844,199.42999267578125,199.16000366210938,199.3623046875,1651,0.0,0.0,0.0
2024-10-11 09:40:00-04:00,199.4199981689453,199.64999389648438,199.22999572753906,199.22999572753906,4972,0.0,0.0,0.0
2024-10-11 09:45:00-04:00,199.22999572753906,199.3800048828125,199.0500030517578,199.0500030517578,4717,0.0,0.0,0.0
2024-10-11 09:50:00-04:00,199.19000244140625,199.6300048828125,199.19000244140625,199.55999755859375,2853,0.0,0.0,0.0
2024-10-11 09:55:00-04:00,199.45449829101562,199.60499572753906,199.45449829101562,199.60499572753906,392,0.0,0.0,0.0
2024-10-11 10:00:00-04:00,199.5,199.83999633789062,199.38999938964844,199.83999633789062,2728,0.0,0.0,0.0
2024-10-11 10:05:00-04:00,199.87750244140625,200.10000610351562,199.8300018310547,200.08999633789062,5218,0.0,0.0,0.0
2024-10-11 10:10:00-04:00,200.19000244140625,200.32000732421875,200.19000244140625,200.30999755859375,1466,0.0,0.0,0.0
2024-10-11 10:15:00-04:00,200.27999877929688,200.62989807128906,200.27999877929688,200.4647979736328,6875,0.0,0.0,0.0
2024-10-11 10:20:00-04:00,200.27999877929688,200.40499877929688,200.27999877929688,200.40499877929688,1918,0.0,0.0,0.0
2024-10-11 10:25:00-04:00,200.44000244140625,200.5,200.3800048828125,200.3800048828125,3713,0.0,0.0,0.0
2024-10-11 10:30:00-04:00,200.50929260253906,200.50929260253906,200.35000610351562,200.35000610351562,1003,0.0,0.0,0.0
2024-10-11 10:35:00-04:00,200.34689331054688,200.34689331054688,200.2100067138672,200.2100067138672,1085,0.0,0.0,0.0
2024-10-11 10:40:00-04:00,200.41000366210938,200.47000122070312,200.41000366210938,200.4499969482422,842,0.0,0.0,0.0
2024-10-11 10:45:00-04:00,200.47999572753906,200.47999572753906,200.3800048828125,200.4272003173828,1186,0.0,0.0,0.0
2024-10-11 10:50:00-04:00,200.51739501953125,200.6199951171875,200.47999572753906,200.5,4511,0.0,0.0,0.0
2024-10-11 10:55:00-04:00,200.52000427246094,200.6269073486328,200.5,200.5,4035,0.0,0.0,0.0
2024-10-11 11:00:00-04:00,200.44000244140625,200.44000244140625,200.4320068359375,200.4320068359375,970,0.0,0.0,0.0
2024-10-11 11:05:00-04:00,200.47000122070312,200.64010620117188,200.47000122070312,200.64010620117188,2667,0.0,0.0,0.0
2024-10-11 11:10:00-04:00,200.6300048828125,200.7899932861328,200.59390258789062,200.7899932861328,1136,0.0,0.0,0.0
2024-10-11 11:15:00-04:00,200.7899932861328,200.82620239257812,200.7100067138672,200.72000122070312,4300,0.0,0.0,0.0
2024-10-11 11:20:00-04:00,200.70799255371094,200.77340698242188,200.6999969482422,200.74000549316406,1737,0.0,0.0,0.0
2024-10-11 11:25:00-04:00,200.64999389648438,200.64999389648438,200.61000061035156,200.6490936279297,1285,0.0,0.0,0.0
2024-10-11 11:30:00-04:00,200.65499877929688,200.73219299316406,200.64999389648438,200.73219299316406,2468,0.0,0.0,0.0
2024-10-11 11:35:00-04:00,200.69009399414062,200.8800048828125,200.69009399414062,200.8551788330078,1925,0.0,0.0,0.0
2024-10-11 11:40:00-04:00,200.8300018310547,200.8300018310547,200.7100067138672,200.7100067138672,2026,0.0,0.0,0.0
2024-10-11 11:45:00-04:00,200.71279907226562,200.76840209960938,200.66000366210938,200.6927947998047,3515,0.0,0.0,0.0
2024-10-11 11:50:00-04:00,200.77999877929688,200.77999877929688,200.7100067138672,200.7100067138672,2156,0.0,0.0,0.0
2024-10-11 11:55:00-04:00,200.69000244140625,200.69960021972656,200.69000244140625,200.69960021972656,578,0.0,0.0,0.0
2024-10-11 12:00:00-04:00,200.69000244140625,200.6999969482422,200.64219665527344,200.64219665527344,4809,0.0,0.0,0.0
2024-10-11 12:05:00-04:00,200.72000122070312,200.72999572753906,200.39999389648438,200.39999389648438,3216,0.0,0.0,0.0
2024-10-11 12:10:00-04:00,200.32000732421875,200.39500427246094,200.30430603027344,200.39500427246094,3790,0.0,0.0,0.0
2024-10-11 12:15:00-04:00,200.4199981689453,200.47999572753906,200.3800048828125,200.42999267578125,7547,0.0,0.0,0.0
2024-10-11 12:20:00-04:00,200.38999938964844,200.38999938964844,200.3300018310547,200.38999938964844,5263,0.0,0.0,0.0
2024-10-11 12:25:00-04:00,200.36990356445312,200.36990356445312,200.27999877929688,200.3300018310547,3812,0.0,0.0,0.0
2024-10-11 12:30:00-04:00,200.35000610351562,200.4550018310547,200.27000427246094,200.414794921875,8598,0.0,0.0,0.0
2024-10-11 12:35:00-04:00,200.35910034179688,200.35910034179688,200.3000030517578,200.34869384765625,2934,0.0,0.0,0.0
2024-10-11 12:40:00-04:00,200.30999755859375,200.36000061035156,200.30999755859375,200.33990478515625,2470,0.0,0.0,0.0
2024-10-11 12:45:00-04:00,200.33670043945312,200.33999633789062,200.25999450683594,200.3363037109375,4283,0.0,0.0,0.0
2024-10-11 12:50:00-04:00,200.34129333496094,200.3800048828125,200.33999633789062,200.3800048828125,1974,0.0,0.0,0.0
2024-10-11 12:55:00-04:00,200.3000030517578,200.3699951171875,200.25,200.3699951171875,2381,0.0,0.0,0.0
2024-10-11 13:00:00-04:00,200.42999267578125,200.42999267578125,200.3300018310547,200.3300018310547,1794,0.0,0.0,0.0
2024-10-11 13:05:00-04:00,200.27999877929688,200.32000732421875,200.25999450683594,200.283203125,3176,0.0,0.0,0.0
2024-10-11 13:10:00-04:00,200.2635955810547,200.27999877929688,200.2635955810547,200.27999877929688,937,0.0,0.0,0.0
2024-10-11 13:15:00-04:00,200.24000549316406,200.24000549316406,200.14999389648438,200.2332000732422,3395,0.0,0.0,0.0
2024-10-11 13:20:00-04:00,200.24000549316406,200.2899932861328,200.24000549316406,200.27000427246094,1757,0.0,0.0,0.0
2024-10-11 13:25:00-04:00,200.27000427246094,200.35000610351562,200.27000427246094,200.35000610351562,1680,0.0,0.0,0.0
2024-10-11 13:30:00-04:00,200.3800048828125,200.4199981689453,200.33999633789062,200.39500427246094,1746,0.0,0.0,0.0
2024-10-11 13:35:00-04:00,200.36000061035156,200.42999267578125,200.32000732421875,200.42999267578125,2492,0.0,0.0,0.0
2024-10-11 13:40:00-04:00,200.4199981689453,200.4600067138672,200.4199981689453,200.4600067138672,1397,0.0,0.0,0.0
2024-10-11 13:45:00-04:00,200.5500030517578,200.57000732421875,200.52000427246094,200.52000427246094,934,0.0,0.0,0.0
2024-10-11 13:50:00-04:00,200.5449981689453,200.5449981689453,200.54220581054688,200.5449981689453,1018,0.0,0.0,0.0
2024-10-11 13:55:00-04:00,200.5500030517578,200.6300048828125,200.52000427246094,200.62620544433594,2448,0.0,0.0,0.0
2024-10-11 14:00:00-04:00,200.59500122070312,200.63710021972656,200.5941925048828,200.59500122070312,2008,0.0,0.0,0.0
2024-10-11 14:05:00-04:00,200.60000610351562,200.60000610351562,200.45419311523438,200.47500610351562,8455,0.0,0.0,0.0
2024-10-11 14:10:00-04:00,200.44189453125,200.51820373535156,200.44189453125,200.47999572753906,4814,0.0,0.0,0.0
2024-10-11 14:15:00-04:00,200.47000122070312,200.57000732421875,200.47000122070312,200.57000732421875,1173,0.0,0.0,0.0
2024-10-11 14:20:00-04:00,200.53280639648438,200.54989624023438,200.48500061035156,200.48500061035156,3891,0.0,0.0,0.0
2024-10-11 14:25:00-04:00,200.4409942626953,200.46499633789062,200.44000244140625,200.44000244140625,1257,0.0,0.0,0.0
2024-10-11 14:30:00-04:00,200.47950744628906,200.50689697265625,200.47950744628906,200.47999572753906,1921,0.0,0.0,0.0
2024-10-11 14:35:00-04:00,200.4199981689453,200.4199981689453,200.4199981689453,200.4199981689453,489,0.0,0.0,0.0
2024-10-11 14:40:00-04:00,200.3699951171875,200.4199981689453,200.32000732421875,200.4199981689453,2152,0.0,0.0,0.0
2024-10-11 14:45:00-04:00,200.4499969482422,200.49000549316406,200.4499969482422,200.49000549316406,590,0.0,0.0,0.0
2024-10-11 14:50:00-04:00,200.47999572753906,200.50999450683594,200.44000244140625,200.44000244140625,3057,0.0,0.0,0.0
2024-10-11 14:55:00-04:00,200.49000549316406,200.49000549316406,200.42799377441406,200.42799377441406,1570,0.0,0.0,0.0
2024-10-11 15:00:00-04:00,200.4477996826172,200.52000427246094,200.4477996826172,200.50880432128906,1811,0.0,0.0,0.0
2024-10-11 15:05:00-04:00,200.42999267578125,200.49000549316406,200.4199981689453,200.49000549316406,2388,0.0,0.0,0.0
2024-10-11 15:10:00-04:00,200.66990661621094,200.66990661621094,200.61000061035156,200.61000061035156,5076,0.0,0.0,0.0
2024-10-11 15:15:00-04:00,200.65679931640625,200.72999572753906,200.65679931640625,200.7299041748047,2379,0.0,0.0,0.0
2024-10-11 15:20:00-04:00,200.6999969482422,200.70889282226562,200.66000366210938,200.6768035888672,1708,0.0,0.0,0.0
2024-10-11 15:25:00-04:00,200.6584930419922,200.7064971923828,200.52000427246094,200.52000427246094,2420,0.0,0.0,0.0
2024-10-11 15:30:00-04:00,200.53419494628906,200.64500427246094,200.52999877929688,200.64500427246094,4994,0.0,0.0,0.0
2024-10-11 15:35:00-04:00,200.5850067138672,200.64999389648438,200.5850067138672,200.64999389648438,2210,0.0,0.0,0.0
2024-10-11 15:40:00-04:00,200.6699981689453,200.6699981689453,200.57220458984375,200.57220458984375,2423,0.0,0.0,0.0
2024-10-11 15:45:00-04:00,200.6699981689453,200.6959991455078,200.6199951171875,200.69000244140625,3945,0.0,0.0,0.0
2024-10-11 15:50:00-04:00,200.72999572753906,200.8699951171875,200.72999572753906,200.8300018310547,2467,0.0,0.0,0.0
2024-10-11 15:55:00-04:00,200.9199981689453,200.9199981689453,200.77000427246094,200.77000427246094,4611,0.0,0.0,0.0
2024-10-14 09:30:00-04:00,200.86000061035156,200.86000061035156,200.00999450683594,200.3000030517578,19365,0.0,0.0,0.0
2024-10-14 09:35:00-04:00,200.10000610351562,200.404296875,200.0,200.11000061035156,6118,0.0,0.0,0.0
2024-10-14 09:40:00-04:00,200.16000366210938,200.3300018310547,200.05889892578125,200.3300018310547,1934,0.0,0.0,0.0
2024-10-14 09:45:00-04:00,200.3300018310547,200.9499969482422,200.22500610351562,200.94500732421875,4434,0.0,0.0,0.0
2024-10-14 09:50:00-04:00,201.0,201.02000427246094,200.50999450683594,200.50999450683594,3328,0.0,0.0,0.0
2024-10-14 09:55:00-04:00,200.44500732421875,200.57000732421875,200.36000061035156,200.3791961669922,2259,0.0,0.0,0.0
2024-10-14 10:00:00-04:00,200.42999267578125,200.94200134277344,200.3948974609375,200.94200134277344,5036,0.0,0.0,0.0
2024-10-14 10:05:00-04:00,200.78500366210938,200.78500366210938,200.71670532226562,200.71859741210938,1296,0.0,0.0,0.0
2024-10-14 10:10:00-04:00,200.85000610351562,201.04220581054688,200.8000030517578,201.04220581054688,5118,0.0,0.0,0.0
2024-10-14 10:15:00-04:00,201.0500030517578,201.0500030517578,200.7100067138672,200.7100067138672,2737,0.0,0.0,0.0
2024-10-14 10:20:00-04:00,200.67379760742188,200.84500122070312,200.67379760742188,200.84500122070312,1406,0.0,0.0,0.0
2024-10-14 10:25:00-04:00,200.82879638671875,200.9600067138672,200.75,200.75,1095,0.0,0.0,0.0
2024-10-14 10:30:00-04:00,200.8000030517578,201.11500549316406,200.8000030517578,201.11500549316406,0,0.0,0.0,0.0
2024-10-14 10:35:00-04:00,201.02000427246094,201.02000427246094,200.8699951171875,201.0059051513672,60447,0.0,0.0,0.0
2024-10-14 10:40:00-04:00,201.0030059814453,201.05059814453125,200.94009399414062,201.05059814453125,1731,0.0,0.0,0.0
2024-10-14 10:45:00-04:00,201.02999877929688,201.0399932861328,200.91000366210938,200.96400451660156,1563,0.0,0.0,0.0
2024-10-14 10:50:00-04:00,201.08999633789062,201.2021026611328,201.08999633789062,201.2021026611328,509,0.0,0.0,0.0
2024-10-14 10:55:00-04:00,201.16000366210938,201.16000366210938,201.0500030517578,201.09010314941406,1599,0.0,0.0,0.0
2024-10-14 11:00:00-04:00,201.12759399414062,201.14999389648438,201.0137939453125,201.125,8314,0.0,0.0,0.0
2024-10-14 11:05:00-04:00,201.16299438476562,201.42999267578125,201.14999389648438,201.38999938964844,2421,0.0,0.0,0.0
2024-10-14 11:10:00-04:00,201.47000122070312,201.5800018310547,201.43699645996094,201.4600067138672,3452,0.0,0.0,0.0
2024-10-14 11:15:00-04:00,201.5800018310547,201.6999969482422,201.5800018310547,201.61000061035156,2420,0.0,0.0,0.0
2024-10-14 11:20:00-04:00,201.58990478515625,201.58999633789062,201.2100067138672,201.2100067138672,4701,0.0,0.0,0.0
2024-10-14 11:25:00-04:00,201.25,201.36990356445312,201.25,201.3000030517578,2845,0.0,0.0,0.0
2024-10-14 11:30:00-04:00,201.32000732421875,201.33999633789062,201.32000732421875,201.33999633789062,1784,0.0,0.0,0.0
2024-10-14 11:35:00-04:00,201.39999389648438,201.47000122070312,201.39999389648438,201.42999267578125,1400,0.0,0.0,0.0
2024-10-14 11:40:00-04:00,201.4199981689453,201.5500030517578,201.4199981689453,201.50010681152344,1509,0.0,0.0,0.0
2024-10-14 11:45:00-04:00,201.61000061035156,201.61000061035156,201.48460388183594,201.52000427246094,1991,0.0,0.0,0.0
2024-10-14 11:50:00-04:00,201.5399932861328,201.6407928466797,201.5399932861328,201.6407928466797,1302,0.0,0.0,0.0
2024-10-14 11:55:00-04:00,201.6383056640625,201.64999389648438,201.6383056640625,201.64999389648438,1058,0.0,0.0,0.0
2024-10-14 12:00:00-04:00,201.69000244140625,201.75,201.69000244140625,201.75,2032,0.0,0.0,0.0
2024-10-14 12:05:00-04:00,201.77000427246094,201.77000427246094,201.67010498046875,201.7100067138672,3861,0.0,0.0,0.0
2024-10-14 12:10:00-04:00,201.77000427246094,201.8000030517578,201.77000427246094,201.8000030517578,982,0.0,0.0,0.0
2024-10-14 12:15:00-04:00,201.83999633789062,201.84539794921875,201.75999450683594,201.75999450683594,3832,0.0,0.0,0.0
2024-10-14 12:20:00-04:00,201.77000427246094,201.818603515625,201.70550537109375,201.818603515625,8248,0.0,0.0,0.0
2024-10-14 12:25:00-04:00,201.77000427246094,201.82000732421875,201.72000122070312,201.82000732421875,1459,0.0,0.0,0.0
2024-10-14 12:30:00-04:00,201.85000610351562,201.85000610351562,201.80499267578125,201.80499267578125,869,0.0,0.0,0.0
2024-10-14 12:35:00-04:00,201.77999877929688,201.80999755859375,201.77999877929688,201.80999755859375,1465,0.0,0.0,0.0
2024-10-14 12:40:00-04:00,201.797607421875,201.80029296875,201.72999572753906,201.77999877929688,2553,0.0,0.0,0.0
2024-10-14 12:45:00-04:00,201.80999755859375,201.80999755859375,201.80409240722656,201.80499267578125,1562,0.0,0.0,0.0
2024-10-14 12:50:00-04:00,201.82870483398438,201.87789916992188,201.8278045654297,201.83999633789062,1944,0.0,0.0,0.0
2024-10-14 12:55:00-04:00,201.8905029296875,201.91000366210938,201.8800048828125,201.91000366210938,2044,0.0,0.0,0.0
2024-10-14 13:00:00-04:00,201.8800048828125,201.94830322265625,201.8800048828125,201.89999389648438,2285,0.0,0.0,0.0
2024-10-14 13:05:00-04:00,201.92999267578125,201.9508056640625,201.9001007080078,201.94639587402344,5091,0.0,0.0,0.0
2024-10-14 13:10:00-04:00,201.9398956298828,201.9398956298828,201.83999633789062,201.83999633789062,2083,0.0,0.0,0.0
2024-10-14 13:15:00-04:00,201.8699951171875,201.8699951171875,201.8699951171875,201.8699951171875,893,0.0,0.0,0.0
2024-10-14 13:20:00-04:00,201.83999633789062,201.85279846191406,201.7899932861328,201.7899932861328,1843,0.0,0.0,0.0
2024-10-14 13:25:00-04:00,201.75599670410156,201.75599670410156,201.6949005126953,201.72500610351562,1217,0.0,0.0,0.0
2024-10-14 13:30:00-04:00,201.6750030517578,201.67999267578125,201.66000366210938,201.66000366210938,2457,0.0,0.0,0.0
2024-10-14 13:35:00-04:00,201.6999969482422,201.72000122070312,201.64210510253906,201.72000122070312,1435,0.0,0.0,0.0
2024-10-14 13:40:00-04:00,201.72000122070312,201.7899932861328,201.72000122070312,201.7899932861328,1850,0.0,0.0,0.0
2024-10-14 13:45:00-04:00,201.76229858398438,201.76229858398438,201.71009826660156,201.71009826660156,1244,0.0,0.0,0.0
2024-10-14 13:50:00-04:00,201.80999755859375,201.889892578125,201.73129272460938,201.889892578125,2003,0.0,0.0,0.0
2024-10-14 13:55:00-04:00,201.83999633789062,201.88999938964844,201.8000946044922,201.88360595703125,4015,0.0,0.0,0.0
2024-10-14 14:00:00-04:00,201.8699951171875,201.8699951171875,201.75999450683594,201.80999755859375,3432,0.0,0.0,0.0
2024-10-14 14:05:00-04:00,201.83999633789062,201.9600067138672,201.83999633789062,201.9499969482422,3325,0.0,0.0,0.0
2024-10-14 14:10:00-04:00,201.9600067138672,202.0,201.9600067138672,202.0,3843,0.0,0.0,0.0
2024-10-14 14:15:00-04:00,202.0,202.0269012451172,201.9199981689453,201.93919372558594,4572,0.0,0.0,0.0
2024-10-14 14:20:00-04:00,201.9792022705078,201.9792022705078,201.92100524902344,201.9499969482422,2498,0.0,0.0,0.0
2024-10-14 14:25:00-04:00,202.00990295410156,202.00990295410156,201.9499969482422,201.9949951171875,2053,0.0,0.0,0.0
2024-10-14 14:30:00-04:00,201.99000549316406,202.02999877929688,201.9499969482422,202.02999877929688,2369,0.0,0.0,0.0
2024-10-14 14:35:00-04:00,202.0399932861328,202.10000610351562,202.0399932861328,202.05320739746094,1909,0.0,0.0,0.0
2024-10-14 14:40:00-04:00,202.0959930419922,202.0959930419922,202.0959930419922,202.0959930419922,750,0.0,0.0,0.0
2024-10-14 14:45:00-04:00,202.1273956298828,202.1273956298828,202.00999450683594,202.00999450683594,2254,0.0,0.0,0.0
2024-10-14 14:50:00-04:00,202.0,202.0299072265625,201.9600067138672,201.9600067138672,5354,0.0,0.0,0.0
2024-10-14 14:55:00-04:00,201.92999267578125,201.92999267578125,201.87010192871094,201.89010620117188,2400,0.0,0.0,0.0
2024-10-14 15:00:00-04:00,201.8000030517578,201.97970581054688,201.8000030517578,201.9499969482422,3599,0.0,0.0,0.0
2024-10-14 15:05:00-04:00,201.88999938964844,201.9600067138672,201.8800048828125,201.9600067138672,1661,0.0,0.0,0.0
2024-10-14 15:10:00-04:00,202.02000427246094,202.0500030517578,202.00999450683594,202.0500030517578,3871,0.0,0.0,0.0
2024-10-14 15:15:00-04:00,202.06759643554688,202.06759643554688,202.03500366210938,202.03500366210938,1426,0.0,0.0,0.0
2024-10-14 15:20:00-04:00,202.02000427246094,202.1199951171875,202.0,202.11920166015625,1934,0.0,0.0,0.0
2024-10-14 15:25:00-04:00,202.10000610351562,202.13499450683594,202.0800018310547,202.0800018310547,6166,0.0,0.0,0.0
2024-10-14 15:30:00-04:00,202.0803985595703,202.0803985595703,202.0554962158203,202.0554962158203,2004,0.0,0.0,0.0
2024-10-14 15:35:00-04:00,202.09100341796875,202.19000244140625,202.0642547607422,202.0642547607422,4013,0.0,0.0,0.0
2024-10-14 15:40:00-04:00,202.1300048828125,202.16000366210938,202.07000732421875,202.07000732421875,3360,0.0,0.0,0.0
2024-10-14 15:45:00-04:00,202.0200958251953,202.1790008544922,202.0200958251953,202.1790008544922,2671,0.0,0.0,0.0
2024-10-14 15:50:00-04:00,202.16000366210938,202.22000122070312,202.1199951171875,202.22000122070312,2895,0.0,0.0,0.0
2024-10-14 15:55:00-04:00,202.17999267578125,202.3000030517578,202.10000610351562,202.1699981689453,7997,0.0,0.0,0.0
2024-10-15 09:30:00-04:00,202.05999755859375,202.55499267578125,201.69009399414062,202.0850067138672,14330,0.0,0.0,0.0
2024-10-15 09:35:00-04:00,202.0399932861328,202.24000549316406,202.0399932861328,202.10000610351562,3185,0.0,0.0,0.0
2024-10-15 09:40:00-04:00,202.11959838867188,202.4600067138672,202.11959838867188,202.4199981689453,3561,0.0,0.0,0.0
2024-10-15 09:45:00-04:00,202.5,203.08999633789062,202.5,203.08999633789062,3818,0.0,0.0,0.0
2024-10-15 09:50:00-04:00,203.0561065673828,203.06430053710938,202.85000610351562,202.92999267578125,4194,0.0,0.0,0.0
2024-10-15 09:55:00-04:00,202.97999572753906,202.97999572753906,202.63999938964844,202.777099609375,5586,0.0,0.0,0.0
2024-10-15 10:00:00-04:00,202.82000732421875,203.22940063476562,202.78610229492188,203.1999969482422,4863,0.0,0.0,0.0
2024-10-15 10:05:00-04:00,203.14999389648438,203.5449981689453,203.14500427246094,203.5449981689453,1533,0.0,0.0,0.0
2024-10-15 10:10:00-04:00,203.50999450683594,203.67999267578125,203.42999267578125,203.67999267578125,2421,0.0,0.0,0.0
2024-10-15 10:15:00-04:00,203.6300048828125,204.0,203.57000732421875,204.0,9104,0.0,0.0,0.0
2024-10-15 10:20:00-04:00,204.02999877929688,204.08670043945312,203.75,203.7899932861328,4034,0.0,0.0,0.0
2024-10-15 10:25:00-04:00,203.86000061035156,203.91000366210938,203.72000122070312,203.72000122070312,6810,0.0,0.0,0.0
2024-10-15 10:30:00-04:00,203.7100067138672,203.80999755859375,203.47999572753906,203.5,11093,0.0,0.0,0.0
2024-10-15 10:35:00-04:00,203.4600067138672,203.61500549316406,203.25,203.25999450683594,5614,0.0,0.0,0.0
2024-10-15 10:40:00-04:00,203.24000549316406,203.55999755859375,203.22000122070312,203.2899932861328,13335,0.0,0.0,0.0
2024-10-15 10:45:00-04:00,203.17999267578125,203.5749969482422,203.125,203.57000732421875,13744,0.0,0.0,0.0
2024-10-15 10:50:00-04:00,203.63999938964844,203.99000549316406,203.57000732421875,203.9300994873047,3815,0.0,0.0,0.0
2024-10-15 10:55:00-04:00,203.92999267578125,204.0,203.74000549316406,203.8990936279297,5283,0.0,0.0,0.0
2024-10-15 11:00:00-04:00,203.8300018310547,204.07989501953125,203.8300018310547,204.07989501953125,3677,0.0,0.0,0.0
2024-10-15 11:05:00-04:00,204.08999633789062,204.10000610351562,204.00999450683594,204.0800018310547,3348,0.0,0.0,0.0
2024-10-15 11:10:00-04:00,204.00750732421875,204.00750732421875,203.67919921875,203.67919921875,6200,0.0,0.0,0.0
2024-10-15 11:15:00-04:00,203.7259063720703,203.9600067138672,203.7259063720703,203.9600067138672,3000,0.0,0.0,0.0
2024-10-15 11:20:00-04:00,203.99000549316406,204.1269073486328,203.97999572753906,203.97999572753906,1883,0.0,0.0,0.0
2024-10-15 11:25:00-04:00,204.14889526367188,204.14889526367188,204.0399932861328,204.14559936523438,4263,0.0,0.0,0.0
2024-10-15 11:30:00-04:00,204.0941925048828,204.17599487304688,204.0941925048828,204.13999938964844,3606,0.0,0.0,0.0
2024-10-15 11:35:00-04:00,204.11500549316406,204.14999389648438,204.03500366210938,204.09500122070312,4768,0.0,0.0,0.0
2024-10-15 11:40:00-04:00,204.11000061035156,204.32000732421875,204.05999755859375,204.26510620117188,12894,0.0,0.0,0.0
2024-10-15 11:45:00-04:00,204.22000122070312,204.22000122070312,204.0850067138672,204.13499450683594,3913,0.0,0.0,0.0
2024-10-15 11:50:00-04:00,204.1020050048828,204.1020050048828,203.91209411621094,203.91209411621094,15903,0.0,0.0,0.0
2024-10-15 11:55:00-04:00,203.94200134277344,203.97000122070312,203.86000061035156,203.8800048828125,2073,0.0,0.0,0.0
2024-10-15 12:00:00-04:00,203.89999389648438,204.0399932861328,203.8300018310547,204.0,32471,0.0,0.0,0.0
2024-10-15 12:05:00-04:00,204.02999877929688,204.09500122070312,204.00999450683594,204.09500122070312,47376,0.0,0.0,0.0
2024-10-15 12:10:00-04:00,204.10499572753906,204.22000122070312,204.10499572753906,204.16000366210938,24808,0.0,0.0,0.0
2024-10-15 12:15:00-04:00,204.24000549316406,204.24000549316406,204.17999267578125,204.22000122070312,3911,0.0,0.0,0.0
2024-10-15 12:20:00-04:00,204.33999633789062,204.4600067138672,204.3000030517578,204.4600067138672,4438,0.0,0.0,0.0
2024-10-15 12:25:00-04:00,204.44239807128906,204.55499267578125,204.44000244140625,204.55499267578125,4698,0.0,0.0,0.0
2024-10-15 12:30:00-04:00,204.55499267578125,204.60009765625,204.4949951171875,204.57000732421875,3264,0.0,0.0,0.0
2024-10-15 12:35:00-04:00,204.7198944091797,204.72999572753906,204.6699981689453,204.72000122070312,1697,0.0,0.0,0.0
2024-10-15 12:40:00-04:00,204.76829528808594,204.76829528808594,204.50999450683594,204.5800018310547,7218,0.0,0.0,0.0
2024-10-15 12:45:00-04:00,204.58999633789062,204.63999938964844,204.5399932861328,204.62939453125,4348,0.0,0.0,0.0
2024-10-15 12:50:00-04:00,204.5399932861328,204.5500030517578,204.4600067138672,204.4600067138672,1400,0.0,0.0,0.0
2024-10-15 12:55:00-04:00,204.5,204.5,204.4499969482422,204.4530029296875,1859,0.0,0.0,0.0
2024-10-15 13:00:00-04:00,204.45379638671875,204.55499267578125,204.45379638671875,204.5500030517578,3618,0.0,0.0,0.0
2024-10-15 13:05:00-04:00,204.51499938964844,204.51499938964844,204.19000244140625,204.19000244140625,6642,0.0,0.0,0.0
2024-10-15 13:10:00-04:00,204.08090209960938,204.22000122070312,204.0399932861328,204.22000122070312,3987,0.0,0.0,0.0
2024-10-15 13:15:00-04:00,204.24659729003906,204.27000427246094,204.1300048828125,204.2100067138672,2861,0.0,0.0,0.0
2024-10-15 13:20:00-04:00,204.13999938964844,204.218994140625,204.11000061035156,204.20559692382812,4928,0.0,0.0,0.0
2024-10-15 13:25:00-04:00,204.1699981689453,204.1699981689453,204.0500030517578,204.0500030517578,1120,0.0,0.0,0.0
2024-10-15 13:30:00-04:00,204.10000610351562,204.1999969482422,204.0399932861328,204.08509826660156,2996,0.0,0.0,0.0
2024-10-15 13:35:00-04:00,204.02000427246094,204.0800018310547,204.02000427246094,204.07000732421875,1254,0.0,0.0,0.0
2024-10-15 13:40:00-04:00,204.1199951171875,204.17999267578125,204.07040405273438,204.07040405273438,2986,0.0,0.0,0.0
2024-10-15 13:45:00-04:00,204.02499389648438,204.10000610351562,204.0,204.05999755859375,1423,0.0,0.0,0.0
2024-10-15 13:50:00-04:00,204.02000427246094,204.0399932861328,203.99000549316406,204.0,2737,0.0,0.0,0.0
2024-10-15 13:55:00-04:00,203.9499969482422,203.9499969482422,203.7239990234375,203.7725067138672,2146,0.0,0.0,0.0
2024-10-15 14:00:00-04:00,203.75230407714844,203.91000366210938,203.7050018310547,203.8000030517578,4280,0.0,0.0,0.0
2024-10-15 14:05:00-04:00,203.8000030517578,203.8300018310547,203.66000366210938,203.66000366210938,3441,0.0,0.0,0.0
2024-10-15 14:10:00-04:00,203.72000122070312,203.80999755859375,203.68499755859375,203.68499755859375,5954,0.0,0.0,0.0
2024-10-15 14:15:00-04:00,203.61000061035156,203.64999389648438,203.35130310058594,203.47999572753906,2691,0.0,0.0,0.0
2024-10-15 14:20:00-04:00,203.47999572753906,203.5800018310547,203.47999572753906,203.5800018310547,1530,0.0,0.0,0.0
2024-10-15 14:25:00-04:00,203.54989624023438,203.54989624023438,203.3300018310547,203.35000610351562,3902,0.0,0.0,0.0
2024-10-15 14:30:00-04:00,203.4499969482422,203.52000427246094,203.4499969482422,203.49000549316406,3325,0.0,0.0,0.0
2024-10-15 14:35:00-04:00,203.48899841308594,203.48899841308594,203.3699951171875,203.4600067138672,2232,0.0,0.0,0.0
2024-10-15 14:40:00-04:00,203.4550018310547,203.49000549316406,203.41000366210938,203.41000366210938,2098,0.0,0.0,0.0
2024-10-15 14:45:00-04:00,203.47450256347656,203.55999755859375,203.41000366210938,203.41000366210938,4575,0.0,0.0,0.0
2024-10-15 14:50:00-04:00,203.41000366210938,203.5500030517578,203.38999938964844,203.52000427246094,2970,0.0,0.0,0.0
2024-10-15 14:55:00-04:00,203.50999450683594,203.50999450683594,203.3699951171875,203.3800048828125,3948,0.0,0.0,0.0
2024-10-15 15:00:00-04:00,203.4199981689453,203.4199981689453,203.14999389648438,203.14999389648438,3240,0.0,0.0,0.0
2024-10-15 15:05:00-04:00,203.1300048828125,203.2899932861328,203.02999877929688,203.13999938964844,9242,0.0,0.0,0.0
2024-10-15 15:10:00-04:00,203.11000061035156,203.30999755859375,203.10000610351562,203.17999267578125,4065,0.0,0.0,0.0
2024-10-15 15:15:00-04:00,203.16000366210938,203.27000427246094,203.1448974609375,203.27000427246094,3564,0.0,0.0,0.0
2024-10-15 15:20:00-04:00,203.24600219726562,203.36000061035156,203.21029663085938,203.2449951171875,5155,0.0,0.0,0.0
2024-10-15 15:25:00-04:00,203.27000427246094,203.27000427246094,202.9499969482422,202.9499969482422,25107,0.0,0.0,0.0
2024-10-15 15:30:00-04:00,202.97999572753906,202.97999572753906,202.70289611816406,202.77000427246094,2151,0.0,0.0,0.0
2024-10-15 15:35:00-04:00,202.71009826660156,202.77000427246094,202.60000610351562,202.72000122070312,4650,0.0,0.0,0.0
2024-10-15 15:40:00-04:00,202.72000122070312,202.79229736328125,202.72000122070312,202.72000122070312,4847,0.0,0.0,0.0
2024-10-15 15:45:00-04:00,202.66000366210938,202.72999572753906,202.5850067138672,202.70010375976562,4791,0.0,0.0,0.0
2024-10-15 15:50:00-04:00,202.7449951171875,202.77999877929688,202.55999755859375,202.77999877929688,6554,0.0,0.0,0.0
2024-10-15 15:55:00-04:00,202.77999877929688,202.77999877929688,202.32000732421875,202.38999938964844,18850,0.0,0.0,0.0
2024-10-16 09:30:00-04:00,203.91000366210938,203.91000366210938,203.2899932861328,203.8699951171875,12895,0.0,0.0,0.0
2024-10-16 09:35:00-04:00,203.97000122070312,204.14999389648438,203.7550048828125,203.75999450683594,7869,0.0,0.0,0.0
2024-10-16 09:40:00-04:00,203.80999755859375,204.1699981689453,203.77999877929688,204.1699981689453,2360,0.0,0.0,0.0
2024-10-16 09:45:00-04:00,204.18499755859375,204.48899841308594,204.18499755859375,204.35989379882812,2967,0.0,0.0,0.0
2024-10-16 09:50:00-04:00,204.27000427246094,204.27000427246094,204.0500030517578,204.0500030517578,5733,0.0,0.0,0.0
2024-10-16 09:55:00-04:00,204.1461944580078,204.57000732421875,204.1461944580078,204.57000732421875,1977,0.0,0.0,0.0
2024-10-16 10:00:00-04:00,204.63999938964844,204.8282012939453,204.6300048828125,204.67999267578125,6893,0.0,0.0,0.0
2024-10-16 10:05:00-04:00,205.0,205.14999389648438,204.94000244140625,205.14999389648438,16846,0.0,0.0,0.0
2024-10-16 10:10:00-04:00,205.02000427246094,205.05360412597656,204.92999267578125,204.92999267578125,3780,0.0,0.0,0.0
2024-10-16 10:15:00-04:00,204.97669982910156,205.3300018310547,204.97669982910156,205.19000244140625,4964,0.0,0.0,0.0
2024-10-16 10:20:00-04:00,205.02000427246094,205.0449981689453,204.94500732421875,205.0449981689453,1617,0.0,0.0,0.0
2024-10-16 10:25:00-04:00,204.92999267578125,205.0,204.86000061035156,204.86129760742188,4025,0.0,0.0,0.0
2024-10-16 10:30:00-04:00,204.80499267578125,205.29989624023438,204.77999877929688,205.29989624023438,9785,0.0,0.0,0.0
2024-10-16 10:35:00-04:00,205.32000732421875,205.32000732421875,205.02000427246094,205.02000427246094,3739,0.0,0.0,0.0
2024-10-16 10:40:00-04:00,205.00999450683594,205.00999450683594,204.9658966064453,204.9658966064453,1174,0.0,0.0,0.0
2024-10-16 10:45:00-04:00,204.9600067138672,205.02000427246094,204.875,204.875,3255,0.0,0.0,0.0
2024-10-16 10:50:00-04:00,204.97000122070312,205.1699981689453,204.97000122070312,205.14999389648438,2876,0.0,0.0,0.0
2024-10-16 10:55:00-04:00,205.11000061035156,205.11000061035156,205.0699005126953,205.0699005126953,1993,0.0,0.0,0.0
2024-10-16 11:00:00-04:00,205.0850067138672,205.0850067138672,204.84010314941406,204.87289428710938,3851,0.0,0.0,0.0
2024-10-16 11:05:00-04:00,204.83999633789062,204.91360473632812,204.7100067138672,204.91360473632812,4804,0.0,0.0,0.0
2024-10-16 11:10:00-04:00,204.90499877929688,205.0500030517578,204.875,204.97959899902344,4755,0.0,0.0,0.0
2024-10-16 11:15:00-04:00,204.97000122070312,204.97000122070312,204.92999267578125,204.95010375976562,2056,0.0,0.0,0.0
2024-10-16 11:20:00-04:00,204.97740173339844,204.97740173339844,204.84500122070312,204.96580505371094,4435,0.0,0.0,0.0
2024-10-16 11:25:00-04:00,204.92999267578125,204.99000549316406,204.85000610351562,204.99000549316406,3136,0.0,0.0,0.0
2024-10-16 11:30:00-04:00,204.89999389648438,205.0,204.89999389648438,204.89999389648438,2316,0.0,0.0,0.0
2024-10-16 11:35:00-04:00,204.92999267578125,204.92999267578125,204.8509063720703,204.91000366210938,1934,0.0,0.0,0.0
2024-10-16 11:40:00-04:00,204.88479614257812,204.9600067138672,204.88479614257812,204.88999938964844,2414,0.0,0.0,0.0
2024-10-16 11:45:00-04:00,204.83999633789062,204.83999633789062,204.7449951171875,204.7449951171875,5268,0.0,0.0,0.0
2024-10-16 11:50:00-04:00,204.86000061035156,204.9250030517578,204.8000030517578,204.8000030517578,3468,0.0,0.0,0.0
2024-10-16 11:55:00-04:00,204.89999389648438,204.9600067138672,204.89999389648438,204.9600067138672,1409,0.0,0.0,0.0
2024-10-16 12:00:00-04:00,204.9792938232422,205.07989501953125,204.9550018310547,204.9550018310547,6099,0.0,0.0,0.0
2024-10-16 12:05:00-04:00,204.9499969482422,204.98939514160156,204.9250030517578,204.98939514160156,1768,0.0,0.0,0.0
2024-10-16 12:10:00-04:00,205.0,205.0399932861328,204.89999389648438,205.03280639648438,5331,0.0,0.0,0.0
2024-10-16 12:15:00-04:00,205.0,205.16000366210938,205.0,205.13619995117188,2672,0.0,0.0,0.0
2024-10-16 12:20:00-04:00,205.1300048828125,205.14999389648438,205.0449981689453,205.0449981689453,3187,0.0,0.0,0.0
2024-10-16 12:25:00-04:00,205.0670928955078,205.1154022216797,205.02000427246094,205.02000427246094,4304,0.0,0.0,0.0
2024-10-16 12:30:00-04:00,204.91000366210938,204.94500732421875,204.8800048828125,204.92999267578125,3485,0.0,0.0,0.0
2024-10-16 12:35:00-04:00,204.9499969482422,205.00999450683594,204.9199981689453,204.99000549316406,5735,0.0,0.0,0.0
2024-10-16 12:40:00-04:00,205.0,205.02999877929688,204.97000122070312,205.02999877929688,4428,0.0,0.0,0.0
2024-10-16 12:45:00-04:00,205.02000427246094,205.05999755859375,204.99240112304688,205.01609802246094,9427,0.0,0.0,0.0
2024-10-16 12:50:00-04:00,204.97909545898438,204.99000549316406,204.92999267578125,204.92999267578125,3299,0.0,0.0,0.0
2024-10-16 12:55:00-04:00,204.8950958251953,204.8950958251953,204.77000427246094,204.8300018310547,1689,0.0,0.0,0.0
2024-10-16 13:00:00-04:00,204.86000061035156,204.86000061035156,204.75999450683594,204.82000732421875,2985,0.0,0.0,0.0
2024-10-16 13:05:00-04:00,204.74920654296875,204.7799072265625,204.72329711914062,204.7799072265625,2080,0.0,0.0,0.0
2024-10-16 13:10:00-04:00,204.6280059814453,204.7490997314453,204.6280059814453,204.72219848632812,3151,0.0,0.0,0.0
2024-10-16 13:15:00-04:00,204.76930236816406,204.77000427246094,204.72000122070312,204.72000122070312,1339,0.0,0.0,0.0
2024-10-16 13:20:00-04:00,204.75,204.85000610351562,204.7449951171875,204.7938995361328,993,0.0,0.0,0.0
2024-10-16 13:25:00-04:00,204.889892578125,204.91990661621094,204.82009887695312,204.91990661621094,2522,0.0,0.0,0.0
2024-10-16 13:30:00-04:00,204.92059326171875,204.9499969482422,204.89999389648438,204.89999389648438,1904,0.0,0.0,0.0
2024-10-16 13:35:00-04:00,204.93499755859375,204.94549560546875,204.88999938964844,204.94000244140625,2483,0.0,0.0,0.0
2024-10-16 13:40:00-04:00,204.97000122070312,204.97999572753906,204.91709899902344,204.9600067138672,1774,0.0,0.0,0.0
2024-10-16 13:45:00-04:00,205.02000427246094,205.02000427246094,204.98500061035156,204.98500061035156,1187,0.0,0.0,0.0
2024-10-16 13:50:00-04:00,204.97500610351562,204.97999572753906,204.9499969482422,204.9792938232422,1998,0.0,0.0,0.0
2024-10-16 13:55:00-04:00,204.94769287109375,205.0500030517578,204.9355926513672,205.00999450683594,30827,0.0,0.0,0.0
2024-10-16 14:00:00-04:00,204.97000122070312,205.07879638671875,204.97000122070312,205.02499389648438,4597,0.0,0.0,0.0
2024-10-16 14:05:00-04:00,205.02999877929688,205.08999633789062,205.02999877929688,205.0500946044922,2279,0.0,0.0,0.0
2024-10-16 14:10:00-04:00,205.1300048828125,205.1898956298828,205.10000610351562,205.1898956298828,5564,0.0,0.0,0.0
2024-10-16 14:15:00-04:00,205.1699981689453,205.27000427246094,205.1699981689453,205.22999572753906,2248,0.0,0.0,0.0
2024-10-16 14:20:00-04:00,205.20849609375,205.3000030517578,205.1999969482422,205.25999450683594,6715,0.0,0.0,0.0
2024-10-16 14:25:00-04:00,205.14430236816406,205.1699981689453,205.1199951171875,205.16709899902344,1397,0.0,0.0,0.0
2024-10-16 14:30:00-04:00,205.1699981689453,205.1699981689453,205.00999450683594,205.00999450683594,2185,0.0,0.0,0.0
2024-10-16 14:35:00-04:00,205.0050048828125,205.07000732421875,204.9833984375,204.9886016845703,3078,0.0,0.0,0.0
2024-10-16 14:40:00-04:00,204.97999572753906,205.00070190429688,204.93499755859375,204.96499633789062,3521,0.0,0.0,0.0
2024-10-16 14:45:00-04:00,204.96499633789062,205.02999877929688,204.96499633789062,205.0,2053,0.0,0.0,0.0
2024-10-16 14:50:00-04:00,205.02000427246094,205.0399932861328,204.84970092773438,204.85499572753906,4692,0.0,0.0,0.0
2024-10-16 14:55:00-04:00,204.8800048828125,204.92999267578125,204.8800048828125,204.89999389648438,2995,0.0,0.0,0.0
2024-10-16 15:00:00-04:00,204.77999877929688,204.8699951171875,204.77999877929688,204.8699951171875,2129,0.0,0.0,0.0
2024-10-16 15:05:00-04:00,204.8300018310547,204.88999938964844,204.8115997314453,204.88999938964844,4518,0.0,0.0,0.0
2024-10-16 15:10:00-04:00,204.93499755859375,204.97999572753906,204.92999267578125,204.92999267578125,3091,0.0,0.0,0.0
2024-10-16 15:15:00-04:00,204.99000549316406,204.9971923828125,204.9759979248047,204.98989868164062,2449,0.0,0.0,0.0
2024-10-16 15:20:00-04:00,204.98989868164062,204.98989868164062,204.8834991455078,204.9398956298828,3166,0.0,0.0,0.0
2024-10-16 15:25:00-04:00,204.91000366210938,204.9250030517578,204.86000061035156,204.8699951171875,2826,0.0,0.0,0.0
2024-10-16 15:30:00-04:00,204.83999633789062,204.88999938964844,204.83999633789062,204.88999938964844,1888,0.0,0.0,0.0
2024-10-16 15:35:00-04:00,204.89999389648438,204.99000549316406,204.89999389648438,204.99000549316406,2635,0.0,0.0,0.0
2024-10-16 15:40:00-04:00,204.99000549316406,205.0500030517578,204.9700927734375,205.00999450683594,8005,0.0,0.0,0.0
2024-10-16 15:45:00-04:00,205.02499389648438,205.07000732421875,204.91000366210938,204.91000366210938,3902,0.0,0.0,0.0
2024-10-16 15:50:00-04:00,204.89920043945312,204.97000122070312,204.87249755859375,204.91000366210938,3615,0.0,0.0,0.0
2024-10-16 15:55:00-04:00,204.8699951171875,204.8800048828125,204.72999572753906,204.8300018310547,7975,0.0,0.0,0.0
2024-10-17 09:30:00-04:00,205.1699981689453,205.28990173339844,204.7100067138672,204.71499633789062,12218,0.0,0.0,0.0
2024-10-17 09:35:00-04:00,204.58999633789062,204.6699981689453,204.27999877929688,204.6699981689453,4962,0.0,0.0,0.0
2024-10-17 09:40:00-04:00,204.8300018310547,205.13499450683594,204.75,205.13499450683594,4341,0.0,0.0,0.0
2024-10-17 09:45:00-04:00,204.906494140625,205.13999938964844,204.64999389648438,204.64999389648438,5297,0.0,0.0,0.0
2024-10-17 09:50:00-04:00,204.85000610351562,204.87460327148438,204.6999969482422,204.85000610351562,1715,0.0,0.0,0.0
2024-10-17 09:55:00-04:00,204.8000030517578,204.9199981689453,204.66000366210938,204.9199981689453,3692,0.0,0.0,0.0
2024-10-17 10:00:00-04:00,204.8824005126953,205.03250122070312,204.8000030517578,204.8000030517578,6148,0.0,0.0,0.0
2024-10-17 10:05:00-04:00,204.47999572753906,204.6699981689453,204.42999267578125,204.6649932861328,3238,0.0,0.0,0.0
2024-10-17 10:10:00-04:00,204.7100067138672,204.87649536132812,204.61000061035156,204.6199951171875,2452,0.0,0.0,0.0
2024-10-17 10:15:00-04:00,204.6999969482422,204.6999969482422,204.29010009765625,204.33810424804688,4313,0.0,0.0,0.0
2024-10-17 10:20:00-04:00,204.36000061035156,204.47999572753906,204.2100067138672,204.47999572753906,5083,0.0,0.0,0.0
2024-10-17 10:25:00-04:00,204.52999877929688,204.52999877929688,204.0,204.1658935546875,5430,0.0,0.0,0.0
2024-10-17 10:30:00-04:00,204.1199951171875,204.25999450683594,204.07000732421875,204.07200622558594,3237,0.0,0.0,0.0
2024-10-17 10:35:00-04:00,204.10830688476562,204.25,203.9600067138672,204.25,5391,0.0,0.0,0.0
2024-10-17 10:40:00-04:00,204.39010620117188,204.39010620117188,204.3000030517578,204.3699951171875,2182,0.0,0.0,0.0
2024-10-17 10:45:00-04:00,204.28500366210938,204.57000732421875,204.28500366210938,204.57000732421875,1946,0.0,0.0,0.0
2024-10-17 10:50:00-04:00,204.5800018310547,204.62730407714844,204.57000732421875,204.57000732421875,1633,0.0,0.0,0.0
2024-10-17 10:55:00-04:00,204.52000427246094,204.60809326171875,204.3699951171875,204.3939971923828,2065,0.0,0.0,0.0
2024-10-17 11:00:00-04:00,204.27499389648438,204.27499389648438,204.09500122070312,204.1300048828125,4662,0.0,0.0,0.0
2024-10-17 11:05:00-04:00,204.1457977294922,204.22509765625,204.13499450683594,204.22509765625,3792,0.0,0.0,0.0
2024-10-17 11:10:00-04:00,204.19500732421875,204.19500732421875,204.0449981689453,204.0800018310547,3103,0.0,0.0,0.0
2024-10-17 11:15:00-04:00,204.2100067138672,204.35000610351562,204.17999267578125,204.17999267578125,14648,0.0,0.0,0.0
2024-10-17 11:20:00-04:00,204.18260192871094,204.2100067138672,204.0507049560547,204.19000244140625,5339,0.0,0.0,0.0
2024-10-17 11:25:00-04:00,204.34359741210938,204.34359741210938,204.30999755859375,204.30999755859375,446,0.0,0.0,0.0
2024-10-17 11:30:00-04:00,204.3800048828125,204.3800048828125,204.2646942138672,204.36990356445312,1577,0.0,0.0,0.0
2024-10-17 11:35:00-04:00,204.3699951171875,204.3699951171875,204.35499572753906,204.35499572753906,1302,0.0,0.0,0.0
2024-10-17 11:40:00-04:00,204.3699951171875,204.43800354003906,204.36199951171875,204.43800354003906,2708,0.0,0.0,0.0
2024-10-17 11:45:00-04:00,204.4149932861328,204.42849731445312,204.3054962158203,204.34500122070312,3326,0.0,0.0,0.0
2024-10-17 11:55:00-04:00,204.43499755859375,204.43499755859375,204.43099975585938,204.43099975585938,530,0.0,0.0,0.0
2024-10-17 12:00:00-04:00,204.4149932861328,204.5,204.37489318847656,204.37489318847656,2244,0.0,0.0,0.0
2024-10-17 12:05:00-04:00,204.48550415039062,204.48550415039062,204.39500427246094,204.39669799804688,1808,0.0,0.0,0.0
2024-10-17 12:10:00-04:00,204.4499969482422,204.5,204.39999389648438,204.4365997314453,2579,0.0,0.0,0.0
2024-10-17 12:15:00-04:00,204.44000244140625,204.52999877929688,204.44000244140625,204.52999877929688,3304,0.0,0.0,0.0
2024-10-17 12:20:00-04:00,204.4600067138672,204.5395965576172,204.4600067138672,204.5395965576172,2015,0.0,0.0,0.0
2024-10-17 12:25:00-04:00,204.50999450683594,204.63499450683594,204.50999450683594,204.63499450683594,3986,0.0,0.0,0.0
2024-10-17 12:30:00-04:00,204.61000061035156,204.64500427246094,204.5500946044922,204.64500427246094,3076,0.0,0.0,0.0
2024-10-17 12:35:00-04:00,204.64999389648438,204.83929443359375,204.64999389648438,204.78799438476562,2853,0.0,0.0,0.0
2024-10-17 12:40:00-04:00,204.8300018310547,204.83999633789062,204.74009704589844,204.83999633789062,5902,0.0,0.0,0.0
2024-10-17 12:45:00-04:00,204.8350067138672,204.89999389648438,204.8300018310547,204.8300018310547,4274,0.0,0.0,0.0
2024-10-17 12:50:00-04:00,204.83999633789062,204.89999389648438,204.83999633789062,204.89999389648438,1885,0.0,0.0,0.0
2024-10-17 12:55:00-04:00,204.92999267578125,204.9499969482422,204.9199981689453,204.9199981689453,1181,0.0,0.0,0.0
2024-10-17 13:00:00-04:00,204.87010192871094,204.89999389648438,204.77000427246094,204.8466033935547,7234,0.0,0.0,0.0
2024-10-17 13:05:00-04:00,204.74000549316406,204.77000427246094,204.7052001953125,204.77000427246094,1679,0.0,0.0,0.0
2024-10-17 13:10:00-04:00,204.82000732421875,204.8699951171875,204.7949981689453,204.8350067138672,1757,0.0,0.0,0.0
2024-10-17 13:15:00-04:00,204.8000030517578,204.81480407714844,204.7736053466797,204.7736053466797,1401,0.0,0.0,0.0
2024-10-17 13:20:00-04:00,204.72000122070312,204.72000122070312,204.6737060546875,204.6999969482422,1087,0.0,0.0,0.0
2024-10-17 13:25:00-04:00,204.6999969482422,204.72000122070312,204.69500732421875,204.72000122070312,1285,0.0,0.0,0.0
2024-10-17 13:30:00-04:00,204.74000549316406,204.7698974609375,204.67999267578125,204.67999267578125,3547,0.0,0.0,0.0
2024-10-17 13:35:00-04:00,204.7100067138672,204.73849487304688,204.6999969482422,204.6999969482422,1442,0.0,0.0,0.0
2024-10-17 13:40:00-04:00,204.66009521484375,204.7899932861328,204.66009521484375,204.7899932861328,1039,0.0,0.0,0.0
2024-10-17 13:45:00-04:00,204.8177032470703,204.8300018310547,204.78500366210938,204.8300018310547,1400,0.0,0.0,0.0
2024-10-17 13:50:00-04:00,204.8300018310547,204.8529052734375,204.77000427246094,204.8529052734375,2625,0.0,0.0,0.0
2024-10-17 13:55:00-04:00,204.85009765625,204.94000244140625,204.82530212402344,204.82530212402344,4249,0.0,0.0,0.0
2024-10-17 14:00:00-04:00,204.8300018310547,204.86920166015625,204.6300048828125,204.72520446777344,2862,0.0,0.0,0.0
2024-10-17 14:05:00-04:00,204.57000732421875,204.57000732421875,204.49000549316406,204.49000549316406,1188,0.0,0.0,0.0
2024-10-17 14:10:00-04:00,204.47999572753906,204.6199951171875,204.4499969482422,204.6199951171875,4038,0.0,0.0,0.0
2024-10-17 14:15:00-04:00,204.50909423828125,204.50909423828125,204.50909423828125,204.50909423828125,124,0.0,0.0,0.0
2024-10-17 14:20:00-04:00,204.53729248046875,204.60000610351562,204.50999450683594,204.5800018310547,3009,0.0,0.0,0.0
2024-10-17 14:25:00-04:00,204.5601043701172,204.67770385742188,204.5601043701172,204.5718994140625,2869,0.0,0.0,0.0
2024-10-17 14:30:00-04:00,204.60000610351562,204.61419677734375,204.5980987548828,204.61419677734375,1082,0.0,0.0,0.0
2024-10-17 14:35:00-04:00,204.5800018310547,204.6215057373047,204.5800018310547,204.6215057373047,2294,0.0,0.0,0.0
2024-10-17 14:40:00-04:00,204.66000366210938,204.66000366210938,204.6529998779297,204.65960693359375,1195,0.0,0.0,0.0
2024-10-17 14:45:00-04:00,204.63999938964844,204.75999450683594,204.63999938964844,204.6999969482422,1849,0.0,0.0,0.0
2024-10-17 14:50:00-04:00,204.73989868164062,204.73989868164062,204.6199951171875,204.63999938964844,8389,0.0,0.0,0.0
2024-10-17 14:55:00-04:00,204.64599609375,204.6999969482422,204.61419677734375,204.66000366210938,3420,0.0,0.0,0.0
2024-10-17 15:00:00-04:00,204.78599548339844,204.78599548339844,204.7781982421875,204.78379821777344,521,0.0,0.0,0.0
2024-10-17 15:05:00-04:00,204.7572021484375,204.83999633789062,204.6999969482422,204.83999633789062,3427,0.0,0.0,0.0
2024-10-17 15:10:00-04:00,204.85000610351562,204.8800048828125,204.85000610351562,204.8800048828125,634,0.0,0.0,0.0
2024-10-17 15:15:00-04:00,204.89999389648438,204.9398956298828,204.8000030517578,204.82000732421875,3559,0.0,0.0,0.0
2024-10-17 15:20:00-04:00,204.8249969482422,204.89999389648438,204.8249969482422,204.8928985595703,2891,0.0,0.0,0.0
2024-10-17 15:25:00-04:00,204.96929931640625,204.97999572753906,204.89999389648438,204.89999389648438,4419,0.0,0.0,0.0
2024-10-17 15:30:00-04:00,204.82000732421875,204.86000061035156,204.75,204.78089904785156,5990,0.0,0.0,0.0
2024-10-17 15:35:00-04:00,204.77000427246094,204.77000427246094,204.69000244140625,204.7115936279297,2309,0.0,0.0,0.0
2024-10-17 15:40:00-04:00,204.8000030517578,204.8300018310547,204.7899932861328,204.80999755859375,4221,0.0,0.0,0.0
2024-10-17 15:45:00-04:00,204.81500244140625,204.82000732421875,204.75,204.82000732421875,4914,0.0,0.0,0.0
2024-10-17 15:50:00-04:00,204.86500549316406,204.86500549316406,204.77000427246094,204.83999633789062,4733,0.0,0.0,0.0
2024-10-17 15:55:00-04:00,204.85000610351562,204.97000122070312,204.8300018310547,204.9600067138672,8042,0.0,0.0,0.0
2024-10-18 09:30:00-04:00,205.17999267578125,205.27000427246094,204.5998992919922,204.6199951171875,9574,0.0,0.0,0.0
2024-10-18 09:35:00-04:00,204.32000732421875,204.67239379882812,204.32000732421875,204.60499572753906,2577,0.0,0.0,0.0
2024-10-18 09:40:00-04:00,204.99169921875,204.99169921875,204.51010131835938,204.97999572753906,1618,0.0,0.0,0.0
2024-10-18 09:45:00-04:00,204.90310668945312,205.08999633789062,204.8000946044922,204.8300018310547,2672,0.0,0.0,0.0
2024-10-18 09:50:00-04:00,204.84500122070312,204.88499450683594,204.6699981689453,204.80999755859375,1710,0.0,0.0,0.0
2024-10-18 09:55:00-04:00,204.8800048828125,204.91000366210938,204.72000122070312,204.82000732421875,3443,0.0,0.0,0.0
2024-10-18 10:00:00-04:00,204.77560424804688,204.88999938964844,204.6501007080078,204.88999938964844,6280,0.0,0.0,0.0
2024-10-18 10:05:00-04:00,204.91000366210938,204.91000366210938,204.72000122070312,204.74000549316406,2378,0.0,0.0,0.0
2024-10-18 10:10:00-04:00,204.75,204.75,204.35069274902344,204.4532928466797,4232,0.0,0.0,0.0
2024-10-18 10:15:00-04:00,204.4199981689453,204.61599731445312,204.4199981689453,204.61599731445312,1076,0.0,0.0,0.0
2024-10-18 10:20:00-04:00,204.6699981689453,204.72999572753906,204.47000122070312,204.47000122070312,1970,0.0,0.0,0.0
2024-10-18 10:25:00-04:00,204.43499755859375,204.72000122070312,204.4199981689453,204.6717071533203,3861,0.0,0.0,0.0
2024-10-18 10:30:00-04:00,204.66009521484375,204.8498992919922,204.66000366210938,204.80990600585938,3769,0.0,0.0,0.0
2024-10-18 10:35:00-04:00,204.55999755859375,204.63900756835938,204.55270385742188,204.63900756835938,1848,0.0,0.0,0.0
2024-10-18 10:40:00-04:00,204.67010498046875,204.74000549316406,204.67010498046875,204.74000549316406,2455,0.0,0.0,0.0
2024-10-18 10:45:00-04:00,204.66000366210938,204.6992950439453,204.55999755859375,204.56500244140625,2230,0.0,0.0,0.0
2024-10-18 10:50:00-04:00,204.54010009765625,204.72999572753906,204.54010009765625,204.64999389648438,2819,0.0,0.0,0.0
2024-10-18 10:55:00-04:00,204.6999969482422,204.72799682617188,204.64999389648438,204.64999389648438,1259,0.0,0.0,0.0
2024-10-18 11:00:00-04:00,204.61000061035156,204.61000061035156,204.4600067138672,204.57000732421875,1165,0.0,0.0,0.0
2024-10-18 11:05:00-04:00,204.52200317382812,204.625,204.52200317382812,204.625,1021,0.0,0.0,0.0
2024-10-18 11:10:00-04:00,204.57000732421875,204.66990661621094,204.54010009765625,204.66990661621094,2163,0.0,0.0,0.0
2024-10-18 11:15:00-04:00,204.5399932861328,204.6300048828125,204.52999877929688,204.5850067138672,3630,0.0,0.0,0.0
2024-10-18 11:20:00-04:00,204.50340270996094,204.61990356445312,204.4300994873047,204.4949951171875,2745,0.0,0.0,0.0
2024-10-18 11:25:00-04:00,204.50509643554688,204.50509643554688,204.4149932861328,204.5,2020,0.0,0.0,0.0
2024-10-18 11:30:00-04:00,204.6300048828125,204.64999389648438,204.61000061035156,204.6300048828125,2230,0.0,0.0,0.0
2024-10-18 11:35:00-04:00,204.66000366210938,204.8300018310547,204.66000366210938,204.82989501953125,2087,0.0,0.0,0.0
2024-10-18 11:40:00-04:00,204.8300018310547,204.8699951171875,204.8300018310547,204.85000610351562,668,0.0,0.0,0.0
2024-10-18 11:45:00-04:00,204.87860107421875,204.87860107421875,204.70419311523438,204.70419311523438,940,0.0,0.0,0.0
2024-10-18 11:50:00-04:00,204.689697265625,204.689697265625,204.55999755859375,204.6300048828125,2461,0.0,0.0,0.0
2024-10-18 11:55:00-04:00,204.64239501953125,204.74000549316406,204.64239501953125,204.72999572753906,2729,0.0,0.0,0.0
2024-10-18 12:00:00-04:00,204.76499938964844,204.76499938964844,204.76499938964844,204.76499938964844,438,0.0,0.0,0.0
2024-10-18 12:05:00-04:00,204.8300018310547,204.8300018310547,204.78089904785156,204.81289672851562,1627,0.0,0.0,0.0
2024-10-18 12:10:00-04:00,204.74220275878906,204.86000061035156,204.74220275878906,204.85989379882812,933,0.0,0.0,0.0
2024-10-18 12:15:00-04:00,204.83999633789062,205.0399932861328,204.83999633789062,205.0113067626953,1522,0.0,0.0,0.0
2024-10-18 12:20:00-04:00,205.0200958251953,205.0200958251953,205.0200958251953,205.0200958251953,1194,0.0,0.0,0.0
2024-10-18 12:25:00-04:00,205.2050018310547,205.2100067138672,205.16000366210938,205.16000366210938,880,0.0,0.0,0.0
2024-10-18 12:30:00-04:00,205.14999389648438,205.17999267578125,205.0800018310547,205.10009765625,4292,0.0,0.0,0.0
2024-10-18 12:35:00-04:00,205.13760375976562,205.27830505371094,205.1300048828125,205.25999450683594,9326,0.0,0.0,0.0
2024-10-18 12:40:00-04:00,205.26739501953125,205.26739501953125,205.24989318847656,205.24989318847656,1852,0.0,0.0,0.0
2024-10-18 12:45:00-04:00,205.1649932861328,205.1649932861328,205.1199951171875,205.1199951171875,1768,0.0,0.0,0.0
2024-10-18 12:50:00-04:00,205.13999938964844,205.22000122070312,205.13999938964844,205.22000122070312,3535,0.0,0.0,0.0
2024-10-18 12:55:00-04:00,205.2899932861328,205.2899932861328,205.23500061035156,205.23500061035156,2192,0.0,0.0,0.0
2024-10-18 13:00:00-04:00,205.10459899902344,205.10459899902344,205.06759643554688,205.06759643554688,675,0.0,0.0,0.0
2024-10-18 13:05:00-04:00,205.07119750976562,205.07119750976562,205.0449981689453,205.0644073486328,1225,0.0,0.0,0.0
2024-10-18 13:10:00-04:00,205.04010009765625,205.1699981689453,205.04010009765625,205.16000366210938,1931,0.0,0.0,0.0
2024-10-18 13:15:00-04:00,205.1699981689453,205.1699981689453,205.0,205.01499938964844,1607,0.0,0.0,0.0
2024-10-18 13:20:00-04:00,205.0500030517578,205.0500030517578,205.0500030517578,205.0500030517578,611,0.0,0.0,0.0
2024-10-18 13:25:00-04:00,205.0800018310547,205.0800018310547,205.03500366210938,205.06190490722656,1442,0.0,0.0,0.0
2024-10-18 13:30:00-04:00,205.0034942626953,205.10000610351562,205.0034942626953,205.10000610351562,808,0.0,0.0,0.0
2024-10-18 13:35:00-04:00,205.16000366210938,205.19949340820312,205.14999389648438,205.1876983642578,1716,0.0,0.0,0.0
2024-10-18 13:40:00-04:00,205.1912384033203,205.2100067138672,205.1840057373047,205.19000244140625,1318,0.0,0.0,0.0
2024-10-18 13:45:00-04:00,205.1699981689453,205.1999053955078,205.125,205.125,3215,0.0,0.0,0.0
2024-10-18 13:50:00-04:00,205.125,205.125,205.08450317382812,205.12229919433594,1296,0.0,0.0,0.0
2024-10-18 13:55:00-04:00,205.17190551757812,205.17190551757812,205.11000061035156,205.13999938964844,15531,0.0,0.0,0.0
2024-10-18 14:00:00-04:00,205.14990234375,205.27999877929688,205.02000427246094,205.27999877929688,4364,0.0,0.0,0.0
2024-10-18 14:05:00-04:00,205.28829956054688,205.2899932861328,205.2176055908203,205.2176055908203,1890,0.0,0.0,0.0
2024-10-18 14:10:00-04:00,205.2899932861328,205.33990478515625,205.2899932861328,205.30270385742188,2166,0.0,0.0,0.0
2024-10-18 14:15:00-04:00,205.33900451660156,205.3699951171875,205.3000030517578,205.3699951171875,5458,0.0,0.0,0.0
2024-10-18 14:20:00-04:00,205.3699951171875,205.3699951171875,205.33999633789062,205.3699951171875,2086,0.0,0.0,0.0
2024-10-18 14:25:00-04:00,205.39999389648438,205.41929626464844,205.3000030517578,205.3271026611328,3226,0.0,0.0,0.0
2024-10-18 14:30:00-04:00,205.25999450683594,205.3300018310547,205.24130249023438,205.24130249023438,3937,0.0,0.0,0.0
2024-10-18 14:35:00-04:00,205.1999969482422,205.21200561523438,205.13070678710938,205.13070678710938,876,0.0,0.0,0.0
2024-10-18 14:40:00-04:00,205.1970977783203,205.22000122070312,205.17999267578125,205.17999267578125,5128,0.0,0.0,0.0
2024-10-18 14:45:00-04:00,205.2288055419922,205.25999450683594,205.19000244140625,205.24850463867188,6778,0.0,0.0,0.0
2024-10-18 14:50:00-04:00,205.2187957763672,205.2187957763672,205.10000610351562,205.11500549316406,2861,0.0,0.0,0.0
2024-10-18 14:55:00-04:00,205.11000061035156,205.11000061035156,205.02499389648438,205.02499389648438,4483,0.0,0.0,0.0
2024-10-18 15:00:00-04:00,204.97999572753906,205.02000427246094,204.88999938964844,204.97999572753906,12465,0.0,0.0,0.0
2024-10-18 15:05:00-04:00,204.97500610351562,204.97999572753906,204.93099975585938,204.97999572753906,2148,0.0,0.0,0.0
2024-10-18 15:10:00-04:00,204.97000122070312,204.97000122070312,204.8968048095703,204.9149932861328,7303,0.0,0.0,0.0
2024-10-18 15:15:00-04:00,204.92840576171875,204.97000122070312,204.9149932861328,204.9499969482422,4247,0.0,0.0,0.0
2024-10-18 15:20:00-04:00,204.9199981689453,204.9199981689453,204.8000030517578,204.82000732421875,3970,0.0,0.0,0.0
2024-10-18 15:25:00-04:00,204.85989379882812,204.88009643554688,204.85989379882812,204.8800048828125,3098,0.0,0.0,0.0
2024-10-18 15:30:00-04:00,204.86000061035156,204.88510131835938,204.8000030517578,204.8000030517578,5266,0.0,0.0,0.0
2024-10-18 15:35:00-04:00,204.77999877929688,204.9199981689453,204.77999877929688,204.9199981689453,7199,0.0,0.0,0.0
2024-10-18 15:40:00-04:00,204.89999389648438,204.9398956298828,204.89999389648438,204.9149932861328,1623,0.0,0.0,0.0
2024-10-18 15:45:00-04:00,204.91000366210938,205.0500030517578,204.88999938964844,205.02999877929688,3613,0.0,0.0,0.0
2024-10-18 15:50:00-04:00,205.02000427246094,205.0399932861328,204.9499969482422,205.02000427246094,5082,0.0,0.0,0.0
2024-10-18 15:55:00-04:00,204.98989868164062,205.0500030517578,204.98989868164062,205.0500030517578,4017,0.0,0.0,0.0
2024-10-21 09:30:00-04:00,205.02999877929688,205.02999877929688,204.61630249023438,204.92999267578125,14143,0.0,0.0,0.0
2024-10-21 09:35:00-04:00,204.6750030517578,204.6750030517578,204.22000122070312,204.27000427246094,3149,0.0,0.0,0.0
2024-10-21 09:40:00-04:00,204.36000061035156,204.36000061035156,204.0500030517578,204.1999969482422,6475,0.0,0.0,0.0
2024-10-21 09:45:00-04:00,204.19610595703125,204.57009887695312,204.19610595703125,204.57009887695312,4643,0.0,0.0,0.0
2024-10-21 09:50:00-04:00,204.61000061035156,204.69000244140625,204.5500030517578,204.5500030517578,4982,0.0,0.0,0.0
2024-10-21 09:55:00-04:00,204.5,204.5,204.0800018310547,204.0800018310547,2735,0.0,0.0,0.0
2024-10-21 10:00:00-04:00,204.0500030517578,204.1199951171875,203.86000061035156,203.86000061035156,7083,0.0,0.0,0.0
2024-10-21 10:05:00-04:00,203.90899658203125,203.90899658203125,203.77000427246094,203.86990356445312,2323,0.0,0.0,0.0
2024-10-21 10:10:00-04:00,203.8448944091797,203.8699951171875,203.7200927734375,203.72999572753906,3728,0.0,0.0,0.0
2024-10-21 10:15:00-04:00,203.68499755859375,203.68499755859375,203.39999389648438,203.4600067138672,3166,0.0,0.0,0.0
2024-10-21 10:20:00-04:00,203.52000427246094,203.61000061035156,203.46420288085938,203.5299072265625,2119,0.0,0.0,0.0
2024-10-21 10:25:00-04:00,203.44500732421875,203.44500732421875,203.16000366210938,203.16000366210938,3279,0.0,0.0,0.0
2024-10-21 10:30:00-04:00,203.11000061035156,203.14999389648438,202.96099853515625,202.97999572753906,3850,0.0,0.0,0.0
2024-10-21 10:35:00-04:00,202.97000122070312,203.2100067138672,202.97000122070312,203.1199951171875,20981,0.0,0.0,0.0
2024-10-21 10:40:00-04:00,203.17999267578125,203.1999053955078,202.9897003173828,203.05999755859375,2075,0.0,0.0,0.0
2024-10-21 10:45:00-04:00,203.03500366210938,203.04580688476562,202.65960693359375,202.65960693359375,7068,0.0,0.0,0.0
2024-10-21 10:50:00-04:00,202.7100067138672,202.85000610351562,202.6199951171875,202.71090698242188,4142,0.0,0.0,0.0
2024-10-21 10:55:00-04:00,202.7447967529297,202.75,202.66000366210938,202.7299041748047,4863,0.0,0.0,0.0
2024-10-21 11:00:00-04:00,202.64999389648438,202.66000366210938,202.32000732421875,202.41000366210938,7408,0.0,0.0,0.0
2024-10-21 11:05:00-04:00,202.2899932861328,202.2899932861328,202.03500366210938,202.03500366210938,2670,0.0,0.0,0.0
2024-10-21 11:10:00-04:00,202.1199951171875,202.3300018310547,202.1199951171875,202.24000549316406,4022,0.0,0.0,0.0
2024-10-21 11:15:00-04:00,202.08999633789062,202.25,202.04319763183594,202.25,5360,0.0,0.0,0.0
2024-10-21 11:20:00-04:00,202.19500732421875,202.1999969482422,202.014404296875,202.014404296875,2035,0.0,0.0,0.0
2024-10-21 11:25:00-04:00,202.0800018310547,202.1300048828125,202.02000427246094,202.05709838867188,3696,0.0,0.0,0.0
2024-10-21 11:30:00-04:00,202.0,202.0,201.8800048828125,201.914306640625,5930,0.0,0.0,0.0
2024-10-21 11:35:00-04:00,201.94000244140625,201.9949951171875,201.87100219726562,201.9949951171875,2131,0.0,0.0,0.0
2024-10-21 11:40:00-04:00,201.97999572753906,202.14500427246094,201.97999572753906,202.14500427246094,2060,0.0,0.0,0.0
2024-10-21 11:45:00-04:00,202.20989990234375,202.22999572753906,202.12429809570312,202.22999572753906,4154,0.0,0.0,0.0
2024-10-21 11:50:00-04:00,202.2899932861328,202.38499450683594,202.27999877929688,202.27999877929688,2441,0.0,0.0,0.0
2024-10-21 11:55:00-04:00,202.32000732421875,202.5198974609375,202.32000732421875,202.49000549316406,5504,0.0,0.0,0.0
2024-10-21 12:00:00-04:00,202.35000610351562,202.35000610351562,202.24000549316406,202.24000549316406,2741,0.0,0.0,0.0
2024-10-21 12:05:00-04:00,202.30999755859375,202.3699951171875,202.26010131835938,202.3699951171875,4859,0.0,0.0,0.0
2024-10-21 12:10:00-04:00,202.44000244140625,202.4857940673828,202.20010375976562,202.25,7010,0.0,0.0,0.0
2024-10-21 12:15:00-04:00,202.3000030517578,202.34579467773438,202.3000030517578,202.3441925048828,2458,0.0,0.0,0.0
2024-10-21 12:20:00-04:00,202.31179809570312,202.31179809570312,202.19000244140625,202.2825927734375,7496,0.0,0.0,0.0
2024-10-21 12:25:00-04:00,202.3000030517578,202.3300018310547,202.25999450683594,202.3300018310547,3813,0.0,0.0,0.0
2024-10-21 12:30:00-04:00,202.3300018310547,202.3699951171875,202.3000030517578,202.3699951171875,2359,0.0,0.0,0.0
2024-10-21 12:35:00-04:00,202.4031982421875,202.4031982421875,202.3000030517578,202.30999755859375,1822,0.0,0.0,0.0
2024-10-21 12:40:00-04:00,202.30999755859375,202.32000732421875,202.2801055908203,202.2801055908203,1808,0.0,0.0,0.0
2024-10-21 12:45:00-04:00,202.28709411621094,202.31939697265625,202.2100067138672,202.25999450683594,1969,0.0,0.0,0.0
2024-10-21 12:50:00-04:00,202.27499389648438,202.44000244140625,202.27499389648438,202.3690948486328,6645,0.0,0.0,0.0
2024-10-21 12:55:00-04:00,202.44000244140625,202.5,202.36000061035156,202.47000122070312,31396,0.0,0.0,0.0
2024-10-21 13:00:00-04:00,202.44000244140625,202.4600067138672,202.4199981689453,202.44000244140625,2163,0.0,0.0,0.0
2024-10-21 13:05:00-04:00,202.4398956298828,202.64990234375,202.4398956298828,202.64990234375,5700,0.0,0.0,0.0
2024-10-21 13:10:00-04:00,202.65989685058594,202.65989685058594,202.6324920654297,202.6324920654297,1196,0.0,0.0,0.0
2024-10-21 13:15:00-04:00,202.6300048828125,202.6300048828125,202.52999877929688,202.56649780273438,2689,0.0,0.0,0.0
2024-10-21 13:20:00-04:00,202.5133056640625,202.5133056640625,202.50900268554688,202.50999450683594,1498,0.0,0.0,0.0
2024-10-21 13:25:00-04:00,202.5,202.5,202.4600067138672,202.47999572753906,1050,0.0,0.0,0.0
2024-10-21 13:30:00-04:00,202.50990295410156,202.50990295410156,202.360107421875,202.43499755859375,7575,0.0,0.0,0.0
2024-10-21 13:35:00-04:00,202.44000244140625,202.4600067138672,202.36929321289062,202.36929321289062,2767,0.0,0.0,0.0
2024-10-21 13:40:00-04:00,202.38499450683594,202.39999389648438,202.351806640625,202.351806640625,2242,0.0,0.0,0.0
2024-10-21 13:45:00-04:00,202.39999389648438,202.4499969482422,202.38290405273438,202.44760131835938,2725,0.0,0.0,0.0
2024-10-21 13:50:00-04:00,202.4423065185547,202.50880432128906,202.4423065185547,202.50880432128906,2657,0.0,0.0,0.0
2024-10-21 13:55:00-04:00,202.4600067138672,202.46839904785156,202.4199981689453,202.46839904785156,1910,0.0,0.0,0.0
2024-10-21 14:00:00-04:00,202.4499969482422,202.4600067138672,202.37269592285156,202.37620544433594,11492,0.0,0.0,0.0
2024-10-21 14:05:00-04:00,202.3699951171875,202.3699951171875,202.25,202.2899932861328,4218,0.0,0.0,0.0
2024-10-21 14:10:00-04:00,202.27099609375,202.30850219726562,202.17999267578125,202.19000244140625,3873,0.0,0.0,0.0
2024-10-21 14:15:00-04:00,202.21929931640625,202.3000030517578,202.21929931640625,202.3000030517578,3565,0.0,0.0,0.0
2024-10-21 14:20:00-04:00,202.35000610351562,202.35000610351562,202.1699981689453,202.1999969482422,1589,0.0,0.0,0.0
2024-10-21 14:25:00-04:00,202.23280334472656,202.33999633789062,202.22999572753906,202.33999633789062,2428,0.0,0.0,0.0
2024-10-21 14:30:00-04:00,202.3800048828125,202.3800048828125,202.1699981689453,202.19000244140625,4703,0.0,0.0,0.0
2024-10-21 14:35:00-04:00,202.22000122070312,202.2299041748047,202.1699981689453,202.1699981689453,3150,0.0,0.0,0.0
2024-10-21 14:40:00-04:00,202.18789672851562,202.18789672851562,202.13999938964844,202.1685028076172,1371,0.0,0.0,0.0
2024-10-21 14:45:00-04:00,202.1385040283203,202.25509643554688,202.13009643554688,202.25509643554688,3747,0.0,0.0,0.0
2024-10-21 14:50:00-04:00,202.16000366210938,202.18580627441406,202.10000610351562,202.10000610351562,5014,0.0,0.0,0.0
2024-10-21 14:55:00-04:00,202.08999633789062,202.08999633789062,202.0500030517578,202.0500030517578,526,0.0,0.0,0.0
2024-10-21 15:00:00-04:00,202.11000061035156,202.2100067138672,202.10000610351562,202.13499450683594,2435,0.0,0.0,0.0
2024-10-21 15:05:00-04:00,202.16000366210938,202.22000122070312,202.16000366210938,202.16000366210938,2768,0.0,0.0,0.0
2024-10-21 15:10:00-04:00,202.16000366210938,202.22999572753906,202.13099670410156,202.22999572753906,4122,0.0,0.0,0.0
2024-10-21 15:15:00-04:00,202.22000122070312,202.25,202.1824951171875,202.1824951171875,2913,0.0,0.0,0.0
2024-10-21 15:20:00-04:00,202.2100067138672,202.22999572753906,202.1300048828125,202.193603515625,3499,0.0,0.0,0.0
2024-10-21 15:25:00-04:00,202.22999572753906,202.22999572753906,202.0800018310547,202.09242248535156,2163,0.0,0.0,0.0
2024-10-21 15:30:00-04:00,202.00399780273438,202.03509521484375,201.89999389648438,201.89999389648438,5156,0.0,0.0,0.0
2024-10-21 15:35:00-04:00,201.9499969482422,201.9499969482422,201.8800048828125,201.92630004882812,3212,0.0,0.0,0.0
2024-10-21 15:40:00-04:00,201.88999938964844,201.93600463867188,201.88999938964844,201.91000366210938,2705,0.0,0.0,0.0
2024-10-21 15:45:00-04:00,201.92990112304688,201.9799041748047,201.8699951171875,201.95799255371094,7352,0.0,0.0,0.0
2024-10-21 15:50:00-04:00,201.9499969482422,201.9600067138672,201.77999877929688,201.85000610351562,10188,0.0,0.0,0.0
2024-10-21 15:55:00-04:00,201.7899932861328,201.88999938964844,201.75999450683594,201.8300018310547,7842,0.0,0.0,0.0
2024-10-22 09:30:00-04:00,201.2899932861328,201.47000122070312,200.84010314941406,201.05999755859375,18261,0.0,0.0,0.0
2024-10-22 09:35:00-04:00,201.02999877929688,201.02999877929688,200.58529663085938,200.8759002685547,14819,0.0,0.0,0.0
2024-10-22 09:40:00-04:00,200.7899932861328,200.86000061035156,200.3946075439453,200.57000732421875,4716,0.0,0.0,0.0
2024-10-22 09:45:00-04:00,200.69000244140625,200.8000030517578,200.51499938964844,200.8000030517578,4102,0.0,0.0,0.0
2024-10-22 09:50:00-04:00,200.81500244140625,200.8553924560547,200.58999633789062,200.73500061035156,2462,0.0,0.0,0.0
2024-10-22 09:55:00-04:00,200.5800018310547,200.7100067138672,200.52000427246094,200.5850067138672,3170,0.0,0.0,0.0
2024-10-22 10:00:00-04:00,200.5500946044922,200.7899932861328,200.5,200.63999938964844,3618,0.0,0.0,0.0
2024-10-22 10:05:00-04:00,200.27999877929688,200.44940185546875,200.24000549316406,200.24000549316406,2166,0.0,0.0,0.0
2024-10-22 10:10:00-04:00,200.27000427246094,200.51629638671875,200.25,200.4199981689453,2656,0.0,0.0,0.0
2024-10-22 10:15:00-04:00,200.39999389648438,200.4499969482422,200.11000061035156,200.11000061035156,2553,0.0,0.0,0.0
2024-10-22 10:20:00-04:00,200.1540069580078,200.22000122070312,200.11000061035156,200.18499755859375,2877,0.0,0.0,0.0
2024-10-22 10:25:00-04:00,200.13999938964844,200.22999572753906,200.0500030517578,200.22999572753906,2707,0.0,0.0,0.0
2024-10-22 10:30:00-04:00,200.16360473632812,200.1699981689453,200.0601043701172,200.1699981689453,1886,0.0,0.0,0.0
2024-10-22 10:35:00-04:00,200.19000244140625,200.35000610351562,200.19000244140625,200.35000610351562,3938,0.0,0.0,0.0
2024-10-22 10:40:00-04:00,200.35000610351562,200.44329833984375,200.35000610351562,200.44329833984375,4825,0.0,0.0,0.0
2024-10-22 10:45:00-04:00,200.49000549316406,200.67010498046875,200.49000549316406,200.67010498046875,2599,0.0,0.0,0.0
2024-10-22 10:50:00-04:00,200.61000061035156,200.6699981689453,200.60000610351562,200.6300048828125,2680,0.0,0.0,0.0
2024-10-22 10:55:00-04:00,200.6999969482422,200.72000122070312,200.66000366210938,200.66000366210938,2575,0.0,0.0,0.0
2024-10-22 11:00:00-04:00,200.6300048828125,200.63999938964844,200.49000549316406,200.49000549316406,3506,0.0,0.0,0.0
2024-10-22 11:05:00-04:00,200.52000427246094,200.52000427246094,200.3300018310547,200.48500061035156,4054,0.0,0.0,0.0
2024-10-22 11:10:00-04:00,200.52000427246094,200.64999389648438,200.52000427246094,200.63259887695312,3832,0.0,0.0,0.0
2024-10-22 11:15:00-04:00,200.7100067138672,200.8000030517578,200.7100067138672,200.8000030517578,3398,0.0,0.0,0.0
2024-10-22 11:20:00-04:00,200.7899932861328,200.83929443359375,200.66009521484375,200.66009521484375,3672,0.0,0.0,0.0
2024-10-22 11:25:00-04:00,200.72999572753906,200.77499389648438,200.60000610351562,200.72000122070312,4667,0.0,0.0,0.0
2024-10-22 11:30:00-04:00,200.80999755859375,200.83999633789062,200.77999877929688,200.83999633789062,3246,0.0,0.0,0.0
2024-10-22 11:35:00-04:00,200.83599853515625,200.83599853515625,200.75010681152344,200.79010009765625,891,0.0,0.0,0.0
2024-10-22 11:40:00-04:00,200.75,200.75,200.673095703125,200.7299041748047,3031,0.0,0.0,0.0
2024-10-22 11:45:00-04:00,200.63999938964844,200.67999267578125,200.61000061035156,200.61000061035156,1314,0.0,0.0,0.0
2024-10-22 11:50:00-04:00,200.59820556640625,200.6699981689453,200.58279418945312,200.61000061035156,2576,0.0,0.0,0.0
2024-10-22 11:55:00-04:00,200.6199951171875,200.6199951171875,200.6024932861328,200.6024932861328,471,0.0,0.0,0.0
2024-10-22 12:00:00-04:00,200.5500030517578,200.66990661621094,200.5500030517578,200.60000610351562,3541,0.0,0.0,0.0
2024-10-22 12:05:00-04:00,200.4499969482422,200.4499969482422,200.44000244140625,200.44000244140625,388,0.0,0.0,0.0
2024-10-22 12:10:00-04:00,200.4001007080078,200.57000732421875,200.4001007080078,200.57000732421875,3261,0.0,0.0,0.0
2024-10-22 12:15:00-04:00,200.5800018310547,200.61720275878906,200.52000427246094,200.54750061035156,4824,0.0,0.0,0.0
2024-10-22 12:20:00-04:00,200.5500030517578,200.64999389648438,200.52999877929688,200.64999389648438,4400,0.0,0.0,0.0
2024-10-22 12:25:00-04:00,200.714599609375,200.7301025390625,200.68499755859375,200.7301025390625,3464,0.0,0.0,0.0
2024-10-22 12:30:00-04:00,200.75,200.85000610351562,200.75,200.85000610351562,1245,0.0,0.0,0.0
2024-10-22 12:35:00-04:00,200.8350067138672,200.8800048828125,200.7899932861328,200.85000610351562,12211,0.0,0.0,0.0
2024-10-22 12:40:00-04:00,200.889892578125,200.89999389648438,200.83999633789062,200.8800048828125,2104,0.0,0.0,0.0
2024-10-22 12:45:00-04:00,200.83999633789062,200.89999389648438,200.8300018310547,200.83999633789062,4079,0.0,0.0,0.0
2024-10-22 12:50:00-04:00,200.82000732421875,200.82000732421875,200.77000427246094,200.77000427246094,1578,0.0,0.0,0.0
2024-10-22 12:55:00-04:00,200.75999450683594,200.80999755859375,200.6999969482422,200.77000427246094,5324,0.0,0.0,0.0
2024-10-22 13:00:00-04:00,200.8000030517578,200.90499877929688,200.77999877929688,200.90499877929688,3259,0.0,0.0,0.0
2024-10-22 13:05:00-04:00,200.83999633789062,200.84500122070312,200.7794952392578,200.7899932861328,3167,0.0,0.0,0.0
2024-10-22 13:10:00-04:00,200.82000732421875,200.8800048828125,200.7949981689453,200.8800048828125,1658,0.0,0.0,0.0
2024-10-22 13:15:00-04:00,200.85499572753906,200.85499572753906,200.78799438476562,200.7949981689453,1529,0.0,0.0,0.0
2024-10-22 13:20:00-04:00,200.81500244140625,200.81500244140625,200.81500244140625,200.81500244140625,957,0.0,0.0,0.0
2024-10-22 13:25:00-04:00,200.82000732421875,200.86000061035156,200.82000732421875,200.8300018310547,2534,0.0,0.0,0.0
2024-10-22 13:30:00-04:00,200.82009887695312,200.88999938964844,200.80999755859375,200.83009338378906,3629,0.0,0.0,0.0
2024-10-22 13:35:00-04:00,200.8800048828125,200.9600067138672,200.8800048828125,200.9600067138672,2436,0.0,0.0,0.0
2024-10-22 13:40:00-04:00,200.9799041748047,201.06399536132812,200.97000122070312,201.05999755859375,3099,0.0,0.0,0.0
2024-10-22 13:45:00-04:00,201.07000732421875,201.07000732421875,201.00999450683594,201.00999450683594,1363,0.0,0.0,0.0
2024-10-22 13:50:00-04:00,201.0,201.0,200.9593048095703,200.9593048095703,1771,0.0,0.0,0.0
2024-10-22 13:55:00-04:00,200.97000122070312,200.97000122070312,200.9232940673828,200.9691925048828,2085,0.0,0.0,0.0
2024-10-22 14:00:00-04:00,200.97999572753906,201.02999877929688,200.97000122070312,200.99009704589844,2306,0.0,0.0,0.0
2024-10-22 14:05:00-04:00,201.07000732421875,201.07000732421875,200.91000366210938,200.91000366210938,2505,0.0,0.0,0.0
2024-10-22 14:10:00-04:00,200.9387969970703,201.0283966064453,200.9387969970703,200.9774932861328,4442,0.0,0.0,0.0
2024-10-22 14:15:00-04:00,200.9508056640625,201.09649658203125,200.9508056640625,201.0825958251953,2094,0.0,0.0,0.0
2024-10-22 14:20:00-04:00,201.07000732421875,201.08949279785156,201.02999877929688,201.0399932861328,4214,0.0,0.0,0.0
2024-10-22 14:25:00-04:00,201.00010681152344,201.09820556640625,201.00010681152344,201.05999755859375,2567,0.0,0.0,0.0
2024-10-22 14:30:00-04:00,201.08999633789062,201.093994140625,201.08999633789062,201.093994140625,824,0.0,0.0,0.0
2024-10-22 14:35:00-04:00,201.08349609375,201.08999633789062,201.0399932861328,201.07000732421875,3661,0.0,0.0,0.0
2024-10-22 14:40:00-04:00,200.97999572753906,201.00990295410156,200.94000244140625,200.9600067138672,12624,0.0,0.0,0.0
2024-10-22 14:45:00-04:00,200.88450622558594,200.97999572753906,200.88450622558594,200.9600067138672,4037,0.0,0.0,0.0
2024-10-22 14:50:00-04:00,200.97000122070312,201.0009307861328,200.95140075683594,200.98440551757812,3029,0.0,0.0,0.0
2024-10-22 14:55:00-04:00,200.99000549316406,201.0,200.85000610351562,200.8800048828125,7078,0.0,0.0,0.0
2024-10-22 15:00:00-04:00,200.83999633789062,200.9698944091797,200.8300018310547,200.9698944091797,6370,0.0,0.0,0.0
2024-10-22 15:05:00-04:00,200.94009399414062,200.95799255371094,200.90499877929688,200.90499877929688,3380,0.0,0.0,0.0
2024-10-22 15:10:00-04:00,200.91000366210938,201.00830078125,200.91000366210938,200.9499969482422,4041,0.0,0.0,0.0
2024-10-22 15:15:00-04:00,200.9897003173828,201.08999633789062,200.9897003173828,201.0800018310547,2100,0.0,0.0,0.0
2024-10-22 15:20:00-04:00,201.10499572753906,201.125,201.07000732421875,201.0749969482422,3698,0.0,0.0,0.0
2024-10-22 15:25:00-04:00,201.03289794921875,201.0749969482422,201.02000427246094,201.03359985351562,5796,0.0,0.0,0.0
2024-10-22 15:30:00-04:00,201.0399932861328,201.0570068359375,200.97000122070312,201.04800415039062,18374,0.0,0.0,0.0
2024-10-22 15:35:00-04:00,201.02999877929688,201.0500030517578,200.9936981201172,201.00999450683594,3934,0.0,0.0,0.0
2024-10-22 15:40:00-04:00,200.98500061035156,201.11929321289062,200.98500061035156,201.11929321289062,2440,0.0,0.0,0.0
2024-10-22 15:45:00-04:00,201.06869506835938,201.06869506835938,201.0,201.02999877929688,5440,0.0,0.0,0.0
2024-10-22 15:50:00-04:00,201.02000427246094,201.02000427246094,200.89520263671875,201.0,5974,0.0,0.0,0.0
2024-10-22 15:55:00-04:00,200.94000244140625,200.9799041748047,200.80999755859375,200.8300018310547,15432,0.0,0.0,0.0
2024-10-23 09:30:00-04:00,200.3000030517578,200.66099548339844,200.00999450683594,200.66099548339844,11990,0.0,0.0,0.0
2024-10-23 09:35:00-04:00,200.68429565429688,200.72000122070312,200.3000030517578,200.41000366210938,4850,0.0,0.0,0.0
2024-10-23 09:40:00-04:00,200.54859924316406,200.54859924316406,200.29339599609375,200.4499969482422,2335,0.0,0.0,0.0
2024-10-23 09:45:00-04:00,200.67999267578125,200.98199462890625,200.56179809570312,200.98199462890625,3185,0.0,0.0,0.0
2024-10-23 09:50:00-04:00,200.99000549316406,200.99000549316406,200.58120727539062,200.58120727539062,1532,0.0,0.0,0.0
2024-10-23 09:55:00-04:00,200.6649932861328,200.6649932861328,200.6649932861328,200.6649932861328,740,0.0,0.0,0.0
2024-10-23 10:00:00-04:00,200.6300048828125,201.0,200.6300048828125,201.0,1643,0.0,0.0,0.0
2024-10-23 10:05:00-04:00,200.9940948486328,200.9940948486328,200.74000549316406,200.9250030517578,1241,0.0,0.0,0.0
2024-10-23 10:10:00-04:00,200.85169982910156,200.85169982910156,200.46499633789062,200.46499633789062,3681,0.0,0.0,0.0
2024-10-23 10:15:00-04:00,200.20010375976562,200.20010375976562,200.20010375976562,200.20010375976562,324,0.0,0.0,0.0
2024-10-23 10:20:00-04:00,200.30499267578125,200.3448944091797,200.1999969482422,200.32000732421875,2090,0.0,0.0,0.0
2024-10-23 10:25:00-04:00,200.32000732421875,200.6157989501953,200.2899932861328,200.6157989501953,3243,0.0,0.0,0.0
2024-10-23 10:30:00-04:00,200.54049682617188,200.54049682617188,200.42999267578125,200.4425048828125,2557,0.0,0.0,0.0
2024-10-23 10:35:00-04:00,200.50999450683594,200.50999450683594,200.35499572753906,200.35499572753906,1480,0.0,0.0,0.0
2024-10-23 10:40:00-04:00,200.4199981689453,200.5,200.30999755859375,200.5,3196,0.0,0.0,0.0
2024-10-23 10:45:00-04:00,200.42039489746094,200.4774932861328,200.38999938964844,200.4199981689453,2767,0.0,0.0,0.0
2024-10-23 10:50:00-04:00,200.33189392089844,200.33189392089844,200.1699981689453,200.25990295410156,1925,0.0,0.0,0.0
2024-10-23 10:55:00-04:00,200.25,200.3350067138672,200.25,200.3350067138672,1992,0.0,0.0,0.0
2024-10-23 11:00:00-04:00,200.19140625,200.2449951171875,200.19140625,200.2100067138672,1912,0.0,0.0,0.0
2024-10-23 11:05:00-04:00,200.25779724121094,200.25779724121094,200.2017059326172,200.2017059326172,980,0.0,0.0,0.0
2024-10-23 11:10:00-04:00,200.07000732421875,200.07000732421875,199.8000030517578,199.8000030517578,5028,0.0,0.0,0.0
2024-10-23 11:15:00-04:00,199.9199981689453,199.95010375976562,199.88999938964844,199.88999938964844,2219,0.0,0.0,0.0
2024-10-23 11:20:00-04:00,199.9799041748047,199.9799041748047,199.9185028076172,199.9185028076172,804,0.0,0.0,0.0
2024-10-23 11:25:00-04:00,199.97900390625,199.97999572753906,199.9199981689453,199.9199981689453,1660,0.0,0.0,0.0
2024-10-23 11:30:00-04:00,199.850830078125,199.91000366210938,199.850830078125,199.91000366210938,880,0.0,0.0,0.0
2024-10-23 11:35:00-04:00,200.0,200.08999633789062,200.0,200.05999755859375,1422,0.0,0.0,0.0
2024-10-23 11:40:00-04:00,200.05999755859375,200.05999755859375,200.03500366210938,200.03500366210938,912,0.0,0.0,0.0
2024-10-23 11:45:00-04:00,200.2100067138672,200.22000122070312,200.1699981689453,200.1699981689453,1094,0.0,0.0,0.0
2024-10-23 11:50:00-04:00,200.19500732421875,200.22000122070312,200.19500732421875,200.21229553222656,1018,0.0,0.0,0.0
2024-10-23 11:55:00-04:00,200.3000030517578,200.34500122070312,200.24119567871094,200.30499267578125,3433,0.0,0.0,0.0
2024-10-23 12:00:00-04:00,200.360107421875,200.50559997558594,200.360107421875,200.39999389648438,1720,0.0,0.0,0.0
2024-10-23 12:05:00-04:00,200.281005859375,200.35910034179688,200.13999938964844,200.13999938964844,2282,0.0,0.0,0.0
2024-10-23 12:10:00-04:00,200.1750030517578,200.2449951171875,200.0753936767578,200.0753936767578,2446,0.0,0.0,0.0
2024-10-23 12:15:00-04:00,200.1501007080078,200.27920532226562,200.1501007080078,200.2404022216797,1751,0.0,0.0,0.0
2024-10-23 12:20:00-04:00,200.20069885253906,200.26910400390625,200.13999938964844,200.1999969482422,6416,0.0,0.0,0.0
2024-10-23 12:25:00-04:00,200.0948944091797,200.21910095214844,200.0948944091797,200.21910095214844,3552,0.0,0.0,0.0
2024-10-23 12:30:00-04:00,200.0717010498047,200.11000061035156,200.0717010498047,200.11000061035156,1396,0.0,0.0,0.0
2024-10-23 12:35:00-04:00,200.1685028076172,200.17999267578125,200.15330505371094,200.17999267578125,2092,0.0,0.0,0.0
2024-10-23 12:40:00-04:00,200.1699981689453,200.1699981689453,200.125,200.125,1102,0.0,0.0,0.0
2024-10-23 12:45:00-04:00,200.1699981689453,200.22500610351562,200.1699981689453,200.22500610351562,2147,0.0,0.0,0.0
2024-10-23 12:50:00-04:00,200.21200561523438,200.22999572753906,200.21200561523438,200.2191925048828,1803,0.0,0.0,0.0
2024-10-23 12:55:00-04:00,200.1251983642578,200.16000366210938,200.07479858398438,200.16000366210938,7535,0.0,0.0,0.0
2024-10-23 13:00:00-04:00,200.09500122070312,200.09500122070312,199.86000061035156,199.86000061035156,3828,0.0,0.0,0.0
2024-10-23 13:05:00-04:00,199.86000061035156,199.86000061035156,199.75,199.79750061035156,1883,0.0,0.0,0.0
2024-10-23 13:10:00-04:00,199.76809692382812,199.76809692382812,199.61000061035156,199.6699981689453,2479,0.0,0.0,0.0
2024-10-23 13:15:00-04:00,199.68240356445312,199.68240356445312,199.6300048828125,199.6300048828125,1107,0.0,0.0,0.0
2024-10-23 13:20:00-04:00,199.64999389648438,199.67379760742188,199.61000061035156,199.63290405273438,2706,0.0,0.0,0.0
2024-10-23 13:25:00-04:00,199.57400512695312,199.67999267578125,199.57000732421875,199.6199951171875,3857,0.0,0.0,0.0
2024-10-23 13:30:00-04:00,199.6199951171875,199.62550354003906,199.50999450683594,199.55999755859375,1874,0.0,0.0,0.0
2024-10-23 13:35:00-04:00,199.5500030517578,199.58949279785156,199.44000244140625,199.44000244140625,4107,0.0,0.0,0.0
2024-10-23 13:40:00-04:00,199.42999267578125,199.50909423828125,199.42999267578125,199.44149780273438,1444,0.0,0.0,0.0
2024-10-23 13:45:00-04:00,199.375,199.41639709472656,199.375,199.3907928466797,1144,0.0,0.0,0.0
2024-10-23 13:50:00-04:00,199.39999389648438,199.4001007080078,199.33200073242188,199.389892578125,1598,0.0,0.0,0.0
2024-10-23 13:55:00-04:00,199.36000061035156,199.36000061035156,199.3000030517578,199.3105010986328,1962,0.0,0.0,0.0
2024-10-23 14:00:00-04:00,199.27999877929688,199.27999877929688,198.9600067138672,199.0,4059,0.0,0.0,0.0
2024-10-23 14:05:00-04:00,198.93710327148438,198.97999572753906,198.8000030517578,198.8800048828125,6817,0.0,0.0,0.0
2024-10-23 14:10:00-04:00,198.8070068359375,198.8070068359375,198.74000549316406,198.74000549316406,1456,0.0,0.0,0.0
2024-10-23 14:15:00-04:00,198.69000244140625,198.6999969482422,198.5850067138672,198.60000610351562,4283,0.0,0.0,0.0
2024-10-23 14:20:00-04:00,198.61000061035156,198.9084930419922,198.61000061035156,198.87570190429688,9558,0.0,0.0,0.0
2024-10-23 14:25:00-04:00,198.9084930419922,199.02000427246094,198.89999389648438,199.02000427246094,3267,0.0,0.0,0.0
2024-10-23 14:30:00-04:00,199.11000061035156,199.32989501953125,199.11000061035156,199.31410217285156,1285,0.0,0.0,0.0
2024-10-23 14:35:00-04:00,199.25579833984375,199.45140075683594,199.25579833984375,199.4459991455078,1283,0.0,0.0,0.0
2024-10-23 14:40:00-04:00,199.53500366210938,199.5496063232422,199.5137939453125,199.52999877929688,3100,0.0,0.0,0.0
2024-10-23 14:45:00-04:00,199.50570678710938,199.53579711914062,199.50570678710938,199.52549743652344,1815,0.0,0.0,0.0
2024-10-23 14:50:00-04:00,199.47999572753906,199.49319458007812,199.38119506835938,199.38119506835938,1637,0.0,0.0,0.0
2024-10-23 14:55:00-04:00,199.39999389648438,199.47000122070312,199.398193359375,199.42999267578125,3234,0.0,0.0,0.0
2024-10-23 15:00:00-04:00,199.41000366210938,199.5019989013672,199.40499877929688,199.4300994873047,5623,0.0,0.0,0.0
2024-10-23 15:05:00-04:00,199.4499969482422,199.57000732421875,199.41180419921875,199.57000732421875,5394,0.0,0.0,0.0
2024-10-23 15:10:00-04:00,199.625,199.72999572753906,199.5800018310547,199.6999969482422,5644,0.0,0.0,0.0
2024-10-23 15:15:00-04:00,199.69000244140625,199.7100067138672,199.64500427246094,199.70010375976562,6986,0.0,0.0,0.0
2024-10-23 15:20:00-04:00,199.69000244140625,199.77499389648438,199.6699981689453,199.67999267578125,4633,0.0,0.0,0.0
2024-10-23 15:25:00-04:00,199.6199951171875,199.7899932861328,199.6199951171875,199.75010681152344,9601,0.0,0.0,0.0
2024-10-23 15:30:00-04:00,199.74000549316406,199.80999755859375,199.64999389648438,199.7449951171875,8672,0.0,0.0,0.0
2024-10-23 15:35:00-04:00,199.73280334472656,199.7698974609375,199.6699981689453,199.69000244140625,10268,0.0,0.0,0.0
2024-10-23 15:40:00-04:00,199.69000244140625,199.82000732421875,199.6699981689453,199.8000030517578,7555,0.0,0.0,0.0
2024-10-23 15:45:00-04:00,199.80999755859375,199.81500244140625,199.75,199.75,9734,0.0,0.0,0.0
2024-10-23 15:50:00-04:00,199.75,200.02252197265625,199.75,200.02252197265625,9792,0.0,0.0,0.0
2024-10-23 15:55:00-04:00,200.02999877929688,200.0399932861328,199.8800048828125,199.89999389648438,13437,0.0,0.0,0.0
2024-10-24 09:30:00-04:00,200.7100067138672,200.7100067138672,200.2899932861328,200.43499755859375,13391,0.0,0.0,0.0
2024-10-24 09:35:00-04:00,200.1999969482422,200.39999389648438,200.1300048828125,200.39999389648438,2137,0.0,0.0,0.0
2024-10-24 09:40:00-04:00,200.3000030517578,200.4300994873047,200.09500122070312,200.16000366210938,1674,0.0,0.0,0.0
2024-10-24 09:45:00-04:00,199.89990234375,200.3800048828125,199.88999938964844,200.3800048828125,5235,0.0,0.0,0.0
2024-10-24 09:50:00-04:00,200.2100067138672,200.5,200.1300048828125,200.5,1966,0.0,0.0,0.0
2024-10-24 09:55:00-04:00,200.5500030517578,200.60899353027344,200.49000549316406,200.49000549316406,2272,0.0,0.0,0.0
2024-10-24 10:00:00-04:00,200.32550048828125,200.4510955810547,200.3000030517578,200.39999389648438,3595,0.0,0.0,0.0
2024-10-24 10:05:00-04:00,200.3300018310547,200.3300018310547,200.19000244140625,200.26510620117188,1157,0.0,0.0,0.0
2024-10-24 10:10:00-04:00,200.1999969482422,200.1999969482422,199.85000610351562,199.85000610351562,6905,0.0,0.0,0.0
2024-10-24 10:15:00-04:00,199.7100067138672,200.07989501953125,199.64999389648438,200.07989501953125,9705,0.0,0.0,0.0
2024-10-24 10:20:00-04:00,199.9947967529297,200.31619262695312,199.9947967529297,200.31619262695312,2948,0.0,0.0,0.0
2024-10-24 10:25:00-04:00,200.35000610351562,200.4600067138672,200.343994140625,200.3800048828125,4686,0.0,0.0,0.0
2024-10-24 10:30:00-04:00,200.38999938964844,200.5800018310547,200.35000610351562,200.5800018310547,1702,0.0,0.0,0.0
2024-10-24 10:35:00-04:00,200.65989685058594,200.65989685058594,200.4600067138672,200.5,2899,0.0,0.0,0.0
2024-10-24 10:40:00-04:00,200.47000122070312,200.61000061035156,200.38999938964844,200.4250030517578,9888,0.0,0.0,0.0
2024-10-24 10:45:00-04:00,200.2949981689453,200.2949981689453,200.18099975585938,200.27000427246094,2832,0.0,0.0,0.0
2024-10-24 10:50:00-04:00,200.22999572753906,200.22999572753906,200.16009521484375,200.16009521484375,1653,0.0,0.0,0.0
2024-10-24 10:55:00-04:00,200.1634063720703,200.3800048828125,200.1634063720703,200.3800048828125,1474,0.0,0.0,0.0
2024-10-24 11:00:00-04:00,200.52859497070312,200.52859497070312,200.21800231933594,200.21800231933594,3599,0.0,0.0,0.0
2024-10-24 11:05:00-04:00,200.1300048828125,200.14999389648438,200.08999633789062,200.14999389648438,2632,0.0,0.0,0.0
2024-10-24 11:15:00-04:00,200.14999389648438,200.22999572753906,200.14500427246094,200.1750030517578,2840,0.0,0.0,0.0
2024-10-24 11:20:00-04:00,200.1999969482422,200.24000549316406,200.0,200.00950622558594,2470,0.0,0.0,0.0
2024-10-24 11:30:00-04:00,199.83009338378906,199.83009338378906,199.72000122070312,199.72000122070312,1758,0.0,0.0,0.0
2024-10-24 11:35:00-04:00,199.80999755859375,199.80999755859375,199.7899932861328,199.7899932861328,933,0.0,0.0,0.0
2024-10-24 11:40:00-04:00,199.7613067626953,199.7613067626953,199.68499755859375,199.68499755859375,1709,0.0,0.0,0.0
2024-10-24 11:45:00-04:00,199.7209930419922,199.7209930419922,199.55880737304688,199.55880737304688,2216,0.0,0.0,0.0
2024-10-24 11:50:00-04:00,199.6199951171875,199.6721954345703,199.58009338378906,199.58009338378906,1614,0.0,0.0,0.0
2024-10-24 11:55:00-04:00,199.87559509277344,199.87559509277344,199.72000122070312,199.76809692382812,1934,0.0,0.0,0.0
2024-10-24 12:00:00-04:00,199.4801025390625,199.4801025390625,199.4801025390625,199.4801025390625,778,0.0,0.0,0.0
2024-10-24 12:05:00-04:00,199.59500122070312,199.59500122070312,199.35009765625,199.39010620117188,4059,0.0,0.0,0.0
2024-10-24 12:10:00-04:00,199.4199981689453,199.4344024658203,199.3437042236328,199.4199981689453,7863,0.0,0.0,0.0
2024-10-24 12:15:00-04:00,199.4199981689453,199.4199981689453,199.33999633789062,199.41000366210938,2777,0.0,0.0,0.0
2024-10-24 12:20:00-04:00,199.38999938964844,199.51499938964844,199.38999938964844,199.51499938964844,1895,0.0,0.0,0.0
2024-10-24 12:25:00-04:00,199.60000610351562,199.7100067138672,199.58700561523438,199.67999267578125,3674,0.0,0.0,0.0
2024-10-24 12:30:00-04:00,199.79759216308594,199.97772216796875,199.79759216308594,199.97772216796875,1062,0.0,0.0,0.0
2024-10-24 12:35:00-04:00,199.97000122070312,200.0384063720703,199.9409942626953,199.9409942626953,1724,0.0,0.0,0.0
2024-10-24 12:40:00-04:00,199.86419677734375,199.86500549316406,199.8101043701172,199.85000610351562,1940,0.0,0.0,0.0
2024-10-24 12:45:00-04:00,199.8730010986328,200.0198974609375,199.8300018310547,200.0198974609375,4560,0.0,0.0,0.0
2024-10-24 12:50:00-04:00,199.8699951171875,199.9949951171875,199.85000610351562,199.9949951171875,1296,0.0,0.0,0.0
2024-10-24 12:55:00-04:00,199.96499633789062,200.0,199.96499633789062,199.99000549316406,1774,0.0,0.0,0.0
2024-10-24 13:00:00-04:00,200.04989624023438,200.05999755859375,199.96009826660156,200.02780151367188,1759,0.0,0.0,0.0
2024-10-24 13:05:00-04:00,200.0,200.02499389648438,199.98550415039062,199.98550415039062,1111,0.0,0.0,0.0
2024-10-24 13:10:00-04:00,200.02999877929688,200.0800018310547,200.0146942138672,200.0146942138672,832,0.0,0.0,0.0
2024-10-24 13:15:00-04:00,200.00999450683594,200.01199340820312,199.91000366210938,199.94000244140625,1869,0.0,0.0,0.0
2024-10-24 13:20:00-04:00,199.98599243164062,200.0970001220703,199.98599243164062,200.0850067138672,1321,0.0,0.0,0.0
2024-10-24 13:25:00-04:00,200.04100036621094,200.1439971923828,200.04100036621094,200.1439971923828,1047,0.0,0.0,0.0
2024-10-24 13:30:00-04:00,200.14999389648438,200.25669860839844,200.14999389648438,200.21380615234375,1253,0.0,0.0,0.0
2024-10-24 13:35:00-04:00,200.2100067138672,200.25100708007812,200.2100067138672,200.2449951171875,1623,0.0,0.0,0.0
2024-10-24 13:40:00-04:00,200.25999450683594,200.3300018310547,200.2259979248047,200.3300018310547,785,0.0,0.0,0.0
2024-10-24 13:45:00-04:00,200.2801055908203,200.3242950439453,200.0749969482422,200.0749969482422,3593,0.0,0.0,0.0
2024-10-24 13:50:00-04:00,200.125,200.17999267578125,200.05999755859375,200.05999755859375,1599,0.0,0.0,0.0
2024-10-24 13:55:00-04:00,200.05999755859375,200.05999755859375,199.91000366210938,199.91000366210938,1524,0.0,0.0,0.0
2024-10-24 14:00:00-04:00,199.8000030517578,199.82000732421875,199.72569274902344,199.80499267578125,3206,0.0,0.0,0.0
2024-10-24 14:05:00-04:00,199.82000732421875,199.82000732421875,199.74000549316406,199.77999877929688,2676,0.0,0.0,0.0
2024-10-24 14:10:00-04:00,199.81500244140625,199.86500549316406,199.81500244140625,199.86500549316406,959,0.0,0.0,0.0
2024-10-24 14:15:00-04:00,200.0,200.0800018310547,200.0,200.0800018310547,4062,0.0,0.0,0.0
2024-10-24 14:20:00-04:00,200.00379943847656,200.07000732421875,200.00379943847656,200.02499389648438,3152,0.0,0.0,0.0
2024-10-24 14:25:00-04:00,199.99960327148438,200.0,199.91000366210938,199.91000366210938,1996,0.0,0.0,0.0
2024-10-24 14:30:00-04:00,199.89999389648438,199.9149932861328,199.80599975585938,199.85000610351562,3475,0.0,0.0,0.0
2024-10-24 14:35:00-04:00,199.8699951171875,199.92999267578125,199.8699951171875,199.89999389648438,10855,0.0,0.0,0.0
2024-10-24 14:40:00-04:00,199.85350036621094,199.89999389648438,199.78579711914062,199.89999389648438,2662,0.0,0.0,0.0
2024-10-24 14:45:00-04:00,199.8258056640625,199.8699951171875,199.80099487304688,199.8699951171875,1709,0.0,0.0,0.0
2024-10-24 14:50:00-04:00,199.97999572753906,200.052001953125,199.9521026611328,200.052001953125,3331,0.0,0.0,0.0
2024-10-24 14:55:00-04:00,200.01499938964844,200.08999633789062,199.94009399414062,200.07000732421875,2778,0.0,0.0,0.0
2024-10-24 15:00:00-04:00,200.02000427246094,200.02000427246094,199.9300994873047,199.95799255371094,6939,0.0,0.0,0.0
2024-10-24 15:05:00-04:00,199.97999572753906,200.0800018310547,199.97999572753906,200.0800018310547,2620,0.0,0.0,0.0
2024-10-24 15:10:00-04:00,200.1199951171875,200.29359436035156,200.1199951171875,200.2301025390625,3039,0.0,0.0,0.0
2024-10-24 15:15:00-04:00,200.19000244140625,200.26980590820312,200.19000244140625,200.24000549316406,2299,0.0,0.0,0.0
2024-10-24 15:20:00-04:00,200.27999877929688,200.3000030517578,200.22999572753906,200.3000030517578,1873,0.0,0.0,0.0
2024-10-24 15:25:00-04:00,200.33299255371094,200.39990234375,200.31629943847656,200.31629943847656,3464,0.0,0.0,0.0
2024-10-24 15:30:00-04:00,200.27000427246094,200.389892578125,200.27000427246094,200.375,2778,0.0,0.0,0.0
2024-10-24 15:35:00-04:00,200.38499450683594,200.38499450683594,200.2100067138672,200.22500610351562,1755,0.0,0.0,0.0
2024-10-24 15:40:00-04:00,200.25,200.30999755859375,200.25,200.3006591796875,2334,0.0,0.0,0.0
2024-10-24 15:45:00-04:00,200.33999633789062,200.3795928955078,200.2899932861328,200.2899932861328,4498,0.0,0.0,0.0
2024-10-24 15:50:00-04:00,200.30999755859375,200.49200439453125,200.2899932861328,200.49200439453125,3980,0.0,0.0,0.0
2024-10-24 15:55:00-04:00,200.4499969482422,200.4600067138672,200.3000030517578,200.3300018310547,3434,0.0,0.0,0.0
2024-10-25 09:30:00-04:00,201.35000610351562,201.44000244140625,200.8249969482422,200.8249969482422,12224,0.0,0.0,0.0
2024-10-25 09:35:00-04:00,200.60000610351562,200.6999969482422,200.4600067138672,200.4600067138672,2611,0.0,0.0,0.0
2024-10-25 09:40:00-04:00,200.58999633789062,200.58999633789062,200.4600067138672,200.4600067138672,916,0.0,0.0,0.0
2024-10-25 09:45:00-04:00,200.41000366210938,200.6699981689453,200.3800048828125,200.66000366210938,3603,0.0,0.0,0.0
2024-10-25 09:50:00-04:00,200.64999389648438,200.89990234375,200.52999877929688,200.52999877929688,3050,0.0,0.0,0.0
2024-10-25 09:55:00-04:00,200.4600067138672,200.55999755859375,200.4300994873047,200.55999755859375,1828,0.0,0.0,0.0
2024-10-25 10:00:00-04:00,200.6300048828125,200.77999877929688,200.41000366210938,200.67999267578125,4597,0.0,0.0,0.0
2024-10-25 10:05:00-04:00,200.7301025390625,201.10499572753906,200.7301025390625,200.99000549316406,11910,0.0,0.0,0.0
2024-10-25 10:10:00-04:00,201.02999877929688,201.02999877929688,200.86000061035156,200.9499969482422,4695,0.0,0.0,0.0
2024-10-25 10:15:00-04:00,200.8699951171875,200.91000366210938,200.72000122070312,200.77000427246094,8715,0.0,0.0,0.0
2024-10-25 10:20:00-04:00,200.82000732421875,201.0500030517578,200.7899932861328,201.0500030517578,4747,0.0,0.0,0.0
2024-10-25 10:25:00-04:00,201.0449981689453,201.21240234375,201.0399932861328,201.21240234375,4292,0.0,0.0,0.0
2024-10-25 10:30:00-04:00,201.08999633789062,201.11000061035156,201.02999877929688,201.07859802246094,2623,0.0,0.0,0.0
2024-10-25 10:35:00-04:00,201.11000061035156,201.139892578125,200.88999938964844,200.92999267578125,3860,0.0,0.0,0.0
2024-10-25 10:40:00-04:00,200.95509338378906,201.02999877929688,200.86000061035156,200.86000061035156,2406,0.0,0.0,0.0
2024-10-25 10:45:00-04:00,200.59500122070312,200.6291046142578,200.50999450683594,200.6291046142578,2354,0.0,0.0,0.0
2024-10-25 10:50:00-04:00,200.61500549316406,200.75999450683594,200.610107421875,200.64999389648438,3997,0.0,0.0,0.0
2024-10-25 10:55:00-04:00,200.64999389648438,200.64999389648438,200.5041046142578,200.5041046142578,812,0.0,0.0,0.0
2024-10-25 11:00:00-04:00,200.50999450683594,200.5438995361328,200.50999450683594,200.5438995361328,531,0.0,0.0,0.0
2024-10-25 11:05:00-04:00,200.47000122070312,200.47000122070312,200.47000122070312,200.47000122070312,2239,0.0,0.0,0.0
2024-10-25 11:10:00-04:00,200.3800048828125,200.3800048828125,200.27769470214844,200.27769470214844,4192,0.0,0.0,0.0
2024-10-25 11:15:00-04:00,200.24000549316406,200.24000549316406,200.24000549316406,200.24000549316406,0,0.0,0.0,0.0
2024-10-25 11:20:00-04:00,200.0,200.0,199.8979949951172,199.8979949951172,91783,0.0,0.0,0.0
2024-10-25 11:25:00-04:00,199.89599609375,199.9250030517578,199.75,199.75,3173,0.0,0.0,0.0
2024-10-25 11:30:00-04:00,199.7812042236328,199.88999938964844,199.7812042236328,199.88999938964844,2907,0.0,0.0,0.0
2024-10-25 11:35:00-04:00,199.8697967529297,199.8697967529297,199.72000122070312,199.7449951171875,5051,0.0,0.0,0.0
2024-10-25 11:40:00-04:00,199.66000366210938,199.66000366210938,199.5279998779297,199.63999938964844,11800,0.0,0.0,0.0
2024-10-25 11:45:00-04:00,199.71189880371094,199.78199768066406,199.63119506835938,199.78199768066406,2357,0.0,0.0,0.0
2024-10-25 11:50:00-04:00,199.88999938964844,199.88999938964844,199.8350067138672,199.8350067138672,755,0.0,0.0,0.0
2024-10-25 11:55:00-04:00,199.77999877929688,199.94940185546875,199.77999877929688,199.94940185546875,4204,0.0,0.0,0.0
2024-10-25 12:00:00-04:00,199.88999938964844,199.88999938964844,199.72999572753906,199.72999572753906,3288,0.0,0.0,0.0
2024-10-25 12:05:00-04:00,199.66360473632812,199.75,199.66360473632812,199.75,3091,0.0,0.0,0.0
2024-10-25 12:10:00-04:00,199.77000427246094,199.85049438476562,199.69000244140625,199.69000244140625,13400,0.0,0.0,0.0
2024-10-25 12:15:00-04:00,199.74000549316406,199.75,199.6999969482422,199.72999572753906,1454,0.0,0.0,0.0
2024-10-25 12:20:00-04:00,199.72999572753906,199.75999450683594,199.6999969482422,199.75999450683594,4265,0.0,0.0,0.0
2024-10-25 12:25:00-04:00,199.77999877929688,199.86000061035156,199.75,199.86000061035156,1642,0.0,0.0,0.0
2024-10-25 12:30:00-04:00,199.91000366210938,199.91000366210938,199.7617950439453,199.7617950439453,3259,0.0,0.0,0.0
2024-10-25 12:35:00-04:00,199.74000549316406,199.7783966064453,199.7100067138672,199.74000549316406,3451,0.0,0.0,0.0
2024-10-25 12:40:00-04:00,199.77890014648438,199.82000732421875,199.69000244140625,199.82000732421875,3826,0.0,0.0,0.0
2024-10-25 12:45:00-04:00,199.8372039794922,199.8372039794922,199.7209930419922,199.7449951171875,3452,0.0,0.0,0.0
2024-10-25 12:50:00-04:00,199.6999969482422,199.6999969482422,199.625,199.625,1890,0.0,0.0,0.0
2024-10-25 12:55:00-04:00,199.55999755859375,199.62879943847656,199.55999755859375,199.57000732421875,3875,0.0,0.0,0.0
2024-10-25 13:00:00-04:00,199.57000732421875,199.63999938964844,199.47000122070312,199.63999938964844,3747,0.0,0.0,0.0
2024-10-25 13:05:00-04:00,199.61000061035156,199.6199951171875,199.61000061035156,199.6199951171875,1459,0.0,0.0,0.0
2024-10-25 13:10:00-04:00,199.60000610351562,199.60000610351562,199.3699951171875,199.44000244140625,3916,0.0,0.0,0.0
2024-10-25 13:15:00-04:00,199.41200256347656,199.41200256347656,199.2949981689453,199.30999755859375,4203,0.0,0.0,0.0
2024-10-25 13:20:00-04:00,199.25999450683594,199.25999450683594,199.10499572753906,199.2100067138672,5227,0.0,0.0,0.0
2024-10-25 13:25:00-04:00,199.25289916992188,199.34109497070312,199.25289916992188,199.27999877929688,3334,0.0,0.0,0.0
2024-10-25 13:30:00-04:00,199.25,199.25,199.07000732421875,199.07000732421875,5405,0.0,0.0,0.0
2024-10-25 13:35:00-04:00,199.0,199.08999633789062,198.94000244140625,199.07000732421875,4383,0.0,0.0,0.0
2024-10-25 13:40:00-04:00,199.05999755859375,199.08999633789062,198.72999572753906,198.72999572753906,4708,0.0,0.0,0.0
2024-10-25 13:45:00-04:00,198.77999877929688,198.9691925048828,198.77999877929688,198.92999267578125,4596,0.0,0.0,0.0
2024-10-25 13:50:00-04:00,199.0,199.1199951171875,199.0,199.0500030517578,2524,0.0,0.0,0.0
2024-10-25 13:55:00-04:00,199.00999450683594,199.02999877929688,198.8300018310547,198.84429931640625,5078,0.0,0.0,0.0
2024-10-25 14:00:00-04:00,198.86000061035156,198.86000061035156,198.50999450683594,198.7899932861328,11911,0.0,0.0,0.0
2024-10-25 14:05:00-04:00,198.77999877929688,198.8000030517578,198.6300048828125,198.66000366210938,8082,0.0,0.0,0.0
2024-10-25 14:10:00-04:00,198.6300048828125,198.74000549316406,198.55999755859375,198.74000549316406,3872,0.0,0.0,0.0
2024-10-25 14:15:00-04:00,198.64230346679688,198.77999877929688,198.63999938964844,198.77999877929688,4293,0.0,0.0,0.0
2024-10-25 14:20:00-04:00,198.83009338378906,198.83009338378906,198.78500366210938,198.80499267578125,1983,0.0,0.0,0.0
2024-10-25 14:25:00-04:00,198.8300018310547,199.0500030517578,198.8300018310547,199.0500030517578,4422,0.0,0.0,0.0
2024-10-25 14:30:00-04:00,199.00999450683594,199.07009887695312,198.9300994873047,199.07009887695312,4253,0.0,0.0,0.0
2024-10-25 14:35:00-04:00,199.0200958251953,199.1280059814453,199.00999450683594,199.10580444335938,2945,0.0,0.0,0.0
2024-10-25 14:40:00-04:00,199.1649932861328,199.1699981689453,199.1199951171875,199.14999389648438,2805,0.0,0.0,0.0
2024-10-25 14:45:00-04:00,199.19000244140625,199.3199005126953,199.19000244140625,199.2906951904297,2850,0.0,0.0,0.0
2024-10-25 14:50:00-04:00,199.25999450683594,199.25999450683594,199.1699981689453,199.1999969482422,3571,0.0,0.0,0.0
2024-10-25 14:55:00-04:00,199.19009399414062,199.2100067138672,199.11000061035156,199.20989990234375,2563,0.0,0.0,0.0
2024-10-25 15:00:00-04:00,199.1649932861328,199.2100067138672,199.1199951171875,199.2100067138672,2725,0.0,0.0,0.0
2024-10-25 15:05:00-04:00,199.16000366210938,199.24000549316406,199.05999755859375,199.07000732421875,21461,0.0,0.0,0.0
2024-10-25 15:10:00-04:00,199.0800018310547,199.11990356445312,198.85000610351562,198.85000610351562,3145,0.0,0.0,0.0
2024-10-25 15:15:00-04:00,198.88999938964844,199.01499938964844,198.83009338378906,199.01499938964844,7238,0.0,0.0,0.0
2024-10-25 15:20:00-04:00,198.9656982421875,198.99989318847656,198.77999877929688,198.8159942626953,5274,0.0,0.0,0.0
2024-10-25 15:25:00-04:00,198.83999633789062,198.88999938964844,198.83999633789062,198.88409423828125,3517,0.0,0.0,0.0
2024-10-25 15:30:00-04:00,198.85000610351562,198.85000610351562,198.75,198.80499267578125,4364,0.0,0.0,0.0
2024-10-25 15:35:00-04:00,198.7899932861328,198.9199981689453,198.7899932861328,198.8800048828125,6047,0.0,0.0,0.0
2024-10-25 15:40:00-04:00,198.8699951171875,198.8699951171875,198.8000030517578,198.8000030517578,2212,0.0,0.0,0.0
2024-10-25 15:45:00-04:00,198.8000030517578,198.9499053955078,198.77999877929688,198.82000732421875,9821,0.0,0.0,0.0
2024-10-25 15:50:00-04:00,198.83999633789062,198.85000610351562,198.6199951171875,198.75999450683594,10224,0.0,0.0,0.0
2024-10-25 15:55:00-04:00,198.75999450683594,198.82000732421875,198.6199951171875,198.82000732421875,11702,0.0,0.0,0.0
2024-10-28 09:30:00-04:00,199.86000061035156,200.77999877929688,199.86000061035156,200.58999633789062,18919,0.0,0.0,0.0
2024-10-28 09:35:00-04:00,200.5,200.5625,200.35000610351562,200.38699340820312,4343,0.0,0.0,0.0
2024-10-28 09:40:00-04:00,200.72000122070312,201.07000732421875,200.72000122070312,201.07000732421875,8851,0.0,0.0,0.0
2024-10-28 09:45:00-04:00,200.88999938964844,201.1999969482422,200.75,201.16799926757812,3852,0.0,0.0,0.0
2024-10-28 09:50:00-04:00,201.17999267578125,201.2989044189453,201.1060028076172,201.2989044189453,3794,0.0,0.0,0.0
2024-10-28 09:55:00-04:00,201.29710388183594,201.29989624023438,200.7342987060547,200.7342987060547,4109,0.0,0.0,0.0
2024-10-28 10:00:00-04:00,200.8260040283203,200.8260040283203,200.47999572753906,200.47999572753906,5455,0.0,0.0,0.0
2024-10-28 10:05:00-04:00,200.61000061035156,200.77999877929688,200.61000061035156,200.76829528808594,3358,0.0,0.0,0.0
2024-10-28 10:10:00-04:00,200.72000122070312,200.7899932861328,200.58999633789062,200.6732940673828,7658,0.0,0.0,0.0
2024-10-28 10:15:00-04:00,200.74000549316406,200.78500366210938,200.7100067138672,200.7664031982422,2244,0.0,0.0,0.0
2024-10-28 10:20:00-04:00,200.6855926513672,200.82000732421875,200.5,200.82000732421875,5315,0.0,0.0,0.0
2024-10-28 10:25:00-04:00,200.86990356445312,201.0800018310547,200.86990356445312,201.0800018310547,5150,0.0,0.0,0.0
2024-10-28 10:30:00-04:00,201.14999389648438,201.14999389648438,200.97000122070312,201.05999755859375,3602,0.0,0.0,0.0
2024-10-28 10:35:00-04:00,201.08999633789062,201.08999633789062,200.94000244140625,200.94000244140625,3095,0.0,0.0,0.0
2024-10-28 10:40:00-04:00,200.99000549316406,201.08709716796875,200.89010620117188,201.08709716796875,3550,0.0,0.0,0.0
2024-10-28 10:45:00-04:00,201.0500030517578,201.1999969482422,201.0500030517578,201.16000366210938,2872,0.0,0.0,0.0
2024-10-28 10:50:00-04:00,201.1820068359375,201.41000366210938,201.1820068359375,201.41000366210938,2536,0.0,0.0,0.0
2024-10-28 10:55:00-04:00,201.41000366210938,201.4499969482422,201.3300018310547,201.33999633789062,1646,0.0,0.0,0.0
2024-10-28 11:00:00-04:00,201.33999633789062,201.3699951171875,201.28579711914062,201.3300018310547,28844,0.0,0.0,0.0
2024-10-28 11:05:00-04:00,201.30999755859375,201.49420166015625,201.3000946044922,201.3760986328125,3761,0.0,0.0,0.0
2024-10-28 11:10:00-04:00,201.3834991455078,201.6649932861328,201.3834991455078,201.6300048828125,3321,0.0,0.0,0.0
2024-10-28 11:15:00-04:00,201.50999450683594,201.57000732421875,201.46009826660156,201.46009826660156,1753,0.0,0.0,0.0
2024-10-28 11:20:00-04:00,201.5478973388672,201.5478973388672,201.5,201.5,2036,0.0,0.0,0.0
2024-10-28 11:25:00-04:00,201.49000549316406,201.5,201.3502960205078,201.45989990234375,6236,0.0,0.0,0.0
2024-10-28 11:30:00-04:00,201.4250030517578,201.4499969482422,201.17999267578125,201.21539306640625,2150,0.0,0.0,0.0
2024-10-28 11:35:00-04:00,201.1999969482422,201.1999969482422,201.02000427246094,201.07009887695312,3566,0.0,0.0,0.0
2024-10-28 11:40:00-04:00,201.0699005126953,201.07989501953125,201.0,201.04989624023438,3845,0.0,0.0,0.0
2024-10-28 11:45:00-04:00,201.02999877929688,201.0800018310547,201.02000427246094,201.0800018310547,1837,0.0,0.0,0.0
2024-10-28 11:50:00-04:00,201.10813903808594,201.10813903808594,201.04139709472656,201.08380126953125,2598,0.0,0.0,0.0
2024-10-28 11:55:00-04:00,200.9499969482422,201.0290069580078,200.8800048828125,200.8800048828125,1769,0.0,0.0,0.0
2024-10-28 12:00:00-04:00,200.85000610351562,200.86000061035156,200.77000427246094,200.83999633789062,7304,0.0,0.0,0.0
2024-10-28 12:05:00-04:00,200.85009765625,200.97999572753906,200.85000610351562,200.97999572753906,1878,0.0,0.0,0.0
2024-10-28 12:10:00-04:00,201.19000244140625,201.22000122070312,201.19000244140625,201.21560668945312,2658,0.0,0.0,0.0
2024-10-28 12:15:00-04:00,201.27000427246094,201.30499267578125,201.24000549316406,201.25999450683594,2490,0.0,0.0,0.0
2024-10-28 12:20:00-04:00,201.30169677734375,201.33999633789062,201.21890258789062,201.27000427246094,1974,0.0,0.0,0.0
2024-10-28 12:25:00-04:00,201.27499389648438,201.38499450683594,201.2736053466797,201.36000061035156,2522,0.0,0.0,0.0
2024-10-28 12:30:00-04:00,201.30999755859375,201.34500122070312,201.25,201.25,3593,0.0,0.0,0.0
2024-10-28 12:35:00-04:00,201.33349609375,201.33349609375,201.11160278320312,201.11160278320312,1591,0.0,0.0,0.0
2024-10-28 12:40:00-04:00,201.11500549316406,201.17999267578125,201.11500549316406,201.17999267578125,1591,0.0,0.0,0.0
2024-10-28 12:45:00-04:00,201.268798828125,201.268798828125,201.10369873046875,201.10369873046875,1512,0.0,0.0,0.0
2024-10-28 12:50:00-04:00,201.1884002685547,201.25999450683594,201.17999267578125,201.25999450683594,2112,0.0,0.0,0.0
2024-10-28 12:55:00-04:00,201.19000244140625,201.23440551757812,201.14210510253906,201.17999267578125,3524,0.0,0.0,0.0
2024-10-28 13:00:00-04:00,201.2100067138672,201.22999572753906,201.2100067138672,201.22999572753906,6228,0.0,0.0,0.0
2024-10-28 13:05:00-04:00,201.15989685058594,201.25999450683594,201.15989685058594,201.25999450683594,1234,0.0,0.0,0.0
2024-10-28 13:10:00-04:00,201.21929931640625,201.21929931640625,201.21929931640625,201.21929931640625,650,0.0,0.0,0.0
2024-10-28 13:15:00-04:00,201.17990112304688,201.20289611816406,201.16000366210938,201.20289611816406,913,0.0,0.0,0.0
2024-10-28 13:20:00-04:00,201.27000427246094,201.32000732421875,201.25999450683594,201.32000732421875,1309,0.0,0.0,0.0
2024-10-28 13:25:00-04:00,201.32000732421875,201.3800048828125,201.27999877929688,201.3000030517578,1860,0.0,0.0,0.0
2024-10-28 13:30:00-04:00,201.2949981689453,201.39999389648438,201.2949981689453,201.39999389648438,760,0.0,0.0,0.0
2024-10-28 13:40:00-04:00,201.3699951171875,201.39999389648438,201.32809448242188,201.39999389648438,2860,0.0,0.0,0.0
2024-10-28 13:45:00-04:00,201.39630126953125,201.39630126953125,201.3542022705078,201.36990356445312,1334,0.0,0.0,0.0
2024-10-28 13:50:00-04:00,201.3347930908203,201.35000610351562,201.25369262695312,201.33590698242188,2394,0.0,0.0,0.0
2024-10-28 13:55:00-04:00,201.31019592285156,201.31019592285156,201.31019592285156,201.31019592285156,526,0.0,0.0,0.0
2024-10-28 14:00:00-04:00,201.30999755859375,201.30999755859375,201.0800018310547,201.0800018310547,806,0.0,0.0,0.0
2024-10-28 14:05:00-04:00,201.0944061279297,201.2100067138672,201.0944061279297,201.1584014892578,1326,0.0,0.0,0.0
2024-10-28 14:10:00-04:00,201.1750030517578,201.21470642089844,201.14010620117188,201.15420532226562,3456,0.0,0.0,0.0
2024-10-28 14:15:00-04:00,201.18820190429688,201.19410705566406,201.1199951171875,201.14939880371094,2131,0.0,0.0,0.0
2024-10-28 14:20:00-04:00,201.16000366210938,201.17990112304688,201.1199951171875,201.17990112304688,28446,0.0,0.0,0.0
2024-10-28 14:25:00-04:00,201.08999633789062,201.1392059326172,201.0670928955078,201.0670928955078,2126,0.0,0.0,0.0
2024-10-28 14:30:00-04:00,201.08689880371094,201.10000610351562,201.00010681152344,201.00010681152344,3372,0.0,0.0,0.0
2024-10-28 14:35:00-04:00,201.0,201.1300048828125,200.97999572753906,201.1300048828125,4170,0.0,0.0,0.0
2024-10-28 14:40:00-04:00,201.1999969482422,201.2198944091797,201.16180419921875,201.1699981689453,2112,0.0,0.0,0.0
2024-10-28 14:45:00-04:00,201.1992950439453,201.1992950439453,201.14999389648438,201.16622924804688,2627,0.0,0.0,0.0
2024-10-28 14:50:00-04:00,201.31500244140625,201.34010314941406,201.30999755859375,201.34010314941406,1251,0.0,0.0,0.0
2024-10-28 14:55:00-04:00,201.27999877929688,201.3105926513672,201.23289489746094,201.23289489746094,2769,0.0,0.0,0.0
2024-10-28 15:00:00-04:00,201.16000366210938,201.28990173339844,201.16000366210938,201.28990173339844,3780,0.0,0.0,0.0
2024-10-28 15:05:00-04:00,201.2100067138672,201.2100067138672,201.1313018798828,201.1558074951172,1361,0.0,0.0,0.0
2024-10-28 15:10:00-04:00,201.18539428710938,201.18539428710938,201.1322021484375,201.15139770507812,4276,0.0,0.0,0.0
2024-10-28 15:15:00-04:00,201.13999938964844,201.15809631347656,201.1199951171875,201.14999389648438,3391,0.0,0.0,0.0
2024-10-28 15:20:00-04:00,201.16000366210938,201.3643035888672,201.16000366210938,201.3643035888672,2056,0.0,0.0,0.0
2024-10-28 15:25:00-04:00,201.33999633789062,201.47000122070312,201.33999633789062,201.38999938964844,3250,0.0,0.0,0.0
2024-10-28 15:30:00-04:00,201.3800048828125,201.50999450683594,201.37130737304688,201.50999450683594,6776,0.0,0.0,0.0
2024-10-28 15:35:00-04:00,201.52000427246094,201.52236938476562,201.4394989013672,201.4600067138672,5133,0.0,0.0,0.0
2024-10-28 15:40:00-04:00,201.50999450683594,201.5800018310547,201.50999450683594,201.52999877929688,5166,0.0,0.0,0.0
2024-10-28 15:45:00-04:00,201.50880432128906,201.54640197753906,201.47030639648438,201.47030639648438,4691,0.0,0.0,0.0
2024-10-28 15:50:00-04:00,201.4199981689453,201.47999572753906,201.360107421875,201.47999572753906,5403,0.0,0.0,0.0
2024-10-28 15:55:00-04:00,201.4600067138672,201.4600067138672,201.22000122070312,201.27000427246094,8086,0.0,0.0,0.0
2024-10-29 09:30:00-04:00,200.19000244140625,200.19000244140625,199.50999450683594,199.65029907226562,12280,0.0,0.0,0.0
2024-10-29 09:35:00-04:00,199.5800018310547,199.72999572753906,199.5124969482422,199.72999572753906,5936,0.0,0.0,0.0
2024-10-29 09:40:00-04:00,199.97000122070312,199.99000549316406,199.6573028564453,199.6573028564453,4145,0.0,0.0,0.0
2024-10-29 09:45:00-04:00,199.78500366210938,200.17999267578125,199.62640380859375,200.17999267578125,4726,0.0,0.0,0.0
2024-10-29 09:50:00-04:00,200.27999877929688,200.4792938232422,200.27999877929688,200.39999389648438,2811,0.0,0.0,0.0
2024-10-29 09:55:00-04:00,200.47000122070312,200.47000122070312,200.3300018310547,200.39669799804688,4729,0.0,0.0,0.0
2024-10-29 10:00:00-04:00,200.05999755859375,200.63999938964844,200.0,200.5601043701172,5440,0.0,0.0,0.0
2024-10-29 10:05:00-04:00,200.5,200.5,200.41000366210938,200.5,1721,0.0,0.0,0.0
2024-10-29 10:10:00-04:00,200.5800018310547,200.6313934326172,200.42999267578125,200.42999267578125,3286,0.0,0.0,0.0
2024-10-29 10:15:00-04:00,200.3300018310547,200.5449981689453,200.3300018310547,200.49000549316406,2003,0.0,0.0,0.0
2024-10-29 10:20:00-04:00,200.34500122070312,200.80880737304688,200.2899932861328,200.78500366210938,4369,0.0,0.0,0.0
2024-10-29 10:25:00-04:00,200.82000732421875,200.8800048828125,200.52000427246094,200.57000732421875,2917,0.0,0.0,0.0
2024-10-29 10:30:00-04:00,200.52499389648438,200.58999633789062,200.47250366210938,200.5800018310547,4261,0.0,0.0,0.0
2024-10-29 10:35:00-04:00,200.6300048828125,200.86500549316406,200.6300048828125,200.86500549316406,1774,0.0,0.0,0.0
2024-10-29 10:40:00-04:00,200.8249969482422,200.9949951171875,200.8249969482422,200.9949951171875,2063,0.0,0.0,0.0
2024-10-29 10:45:00-04:00,200.77499389648438,200.8000030517578,200.48500061035156,200.63999938964844,2890,0.0,0.0,0.0
2024-10-29 10:50:00-04:00,200.62750244140625,200.63999938964844,200.5800018310547,200.5800018310547,3989,0.0,0.0,0.0
2024-10-29 10:55:00-04:00,200.69000244140625,200.7550048828125,200.69000244140625,200.7550048828125,820,0.0,0.0,0.0
2024-10-29 11:00:00-04:00,200.7093048095703,200.7093048095703,200.55670166015625,200.6558074951172,1738,0.0,0.0,0.0
2024-10-29 11:05:00-04:00,200.65499877929688,200.6938934326172,200.62010192871094,200.64999389648438,2841,0.0,0.0,0.0
2024-10-29 11:10:00-04:00,200.3000030517578,200.57899475097656,200.2899932861328,200.57899475097656,1421,0.0,0.0,0.0
2024-10-29 11:15:00-04:00,200.63999938964844,200.68499755859375,200.55999755859375,200.56500244140625,1775,0.0,0.0,0.0
2024-10-29 11:20:00-04:00,200.4600067138672,200.5980987548828,200.4600067138672,200.5980987548828,2269,0.0,0.0,0.0
2024-10-29 11:25:00-04:00,200.47999572753906,200.6199951171875,200.47999572753906,200.6199951171875,1911,0.0,0.0,0.0
2024-10-29 11:30:00-04:00,200.67999267578125,200.76499938964844,200.67999267578125,200.68809509277344,1702,0.0,0.0,0.0
2024-10-29 11:35:00-04:00,200.74000549316406,200.89999389648438,200.74000549316406,200.89999389648438,1206,0.0,0.0,0.0
2024-10-29 11:40:00-04:00,200.88319396972656,200.91000366210938,200.82000732421875,200.86920166015625,1582,0.0,0.0,0.0
2024-10-29 11:45:00-04:00,200.93930053710938,200.93930053710938,200.86749267578125,200.86749267578125,1173,0.0,0.0,0.0
2024-10-29 11:50:00-04:00,200.8300018310547,200.8300018310547,200.72000122070312,200.74000549316406,5723,0.0,0.0,0.0
2024-10-29 11:55:00-04:00,200.77430725097656,200.77430725097656,200.72000122070312,200.72000122070312,1567,0.0,0.0,0.0
2024-10-29 12:00:00-04:00,200.8000030517578,200.8000030517578,200.74000549316406,200.74000549316406,932,0.0,0.0,0.0
2024-10-29 12:05:00-04:00,200.75999450683594,200.75999450683594,200.693603515625,200.693603515625,1127,0.0,0.0,0.0
2024-10-29 12:10:00-04:00,200.6999969482422,200.77999877929688,200.6999969482422,200.73500061035156,5208,0.0,0.0,0.0
2024-10-29 12:15:00-04:00,200.75250244140625,200.75250244140625,200.65499877929688,200.72999572753906,1873,0.0,0.0,0.0
2024-10-29 12:20:00-04:00,200.7061004638672,200.7061004638672,200.55999755859375,200.5800018310547,1900,0.0,0.0,0.0
2024-10-29 12:25:00-04:00,200.5500030517578,200.5500030517578,200.5113983154297,200.5113983154297,449,0.0,0.0,0.0
2024-10-29 12:30:00-04:00,200.50999450683594,200.50999450683594,200.43850708007812,200.50999450683594,1886,0.0,0.0,0.0
2024-10-29 12:35:00-04:00,200.53500366210938,200.5500030517578,200.42999267578125,200.50999450683594,8046,0.0,0.0,0.0
2024-10-29 12:40:00-04:00,200.5,200.5,200.41000366210938,200.4600067138672,4263,0.0,0.0,0.0
2024-10-29 12:45:00-04:00,200.52000427246094,200.52000427246094,200.44000244140625,200.44000244140625,1057,0.0,0.0,0.0
2024-10-29 12:50:00-04:00,200.49000549316406,200.68299865722656,200.49000549316406,200.67430114746094,2408,0.0,0.0,0.0
2024-10-29 12:55:00-04:00,200.63070678710938,200.63070678710938,200.63070678710938,200.63070678710938,245,0.0,0.0,0.0
2024-10-29 13:00:00-04:00,200.64999389648438,200.8300018310547,200.64999389648438,200.8300018310547,3711,0.0,0.0,0.0
2024-10-29 13:05:00-04:00,200.67999267578125,200.70889282226562,200.58999633789062,200.58999633789062,5819,0.0,0.0,0.0
2024-10-29 13:10:00-04:00,200.54660034179688,200.6768035888672,200.54660034179688,200.6768035888672,2541,0.0,0.0,0.0
2024-10-29 13:15:00-04:00,200.73500061035156,200.73500061035156,200.61000061035156,200.69009399414062,2567,0.0,0.0,0.0
2024-10-29 13:20:00-04:00,200.69500732421875,200.72999572753906,200.63999938964844,200.72999572753906,1997,0.0,0.0,0.0
2024-10-29 13:25:00-04:00,200.72999572753906,200.72999572753906,200.63999938964844,200.6999969482422,2932,0.0,0.0,0.0
2024-10-29 13:30:00-04:00,200.72000122070312,200.75,200.52960205078125,200.52960205078125,2240,0.0,0.0,0.0
2024-10-29 13:35:00-04:00,200.50509643554688,200.50509643554688,200.5050048828125,200.5050048828125,1046,0.0,0.0,0.0
2024-10-29 13:40:00-04:00,200.47999572753906,200.47999572753906,200.38999938964844,200.39999389648438,115831,0.0,0.0,0.0
2024-10-29 13:45:00-04:00,200.44000244140625,200.5399932861328,200.4199981689453,200.5399932861328,2221,0.0,0.0,0.0
2024-10-29 13:50:00-04:00,200.5240020751953,200.6300048828125,200.50999450683594,200.6024932861328,3044,0.0,0.0,0.0
2024-10-29 13:55:00-04:00,200.67999267578125,200.72999572753906,200.67999267578125,200.67999267578125,4537,0.0,0.0,0.0
2024-10-29 14:00:00-04:00,200.64999389648438,200.74000549316406,200.64999389648438,200.72999572753906,2107,0.0,0.0,0.0
2024-10-29 14:05:00-04:00,200.67999267578125,200.72500610351562,200.65989685058594,200.6999969482422,2638,0.0,0.0,0.0
2024-10-29 14:10:00-04:00,200.69239807128906,200.69239807128906,200.63009643554688,200.64999389648438,2610,0.0,0.0,0.0
2024-10-29 14:15:00-04:00,200.65989685058594,200.65989685058594,200.56809997558594,200.64999389648438,23506,0.0,0.0,0.0
2024-10-29 14:20:00-04:00,200.67999267578125,200.75999450683594,200.6511993408203,200.74000549316406,4901,0.0,0.0,0.0
2024-10-29 14:25:00-04:00,200.7216033935547,200.7216033935547,200.66229248046875,200.66229248046875,1701,0.0,0.0,0.0
2024-10-29 14:30:00-04:00,200.68499755859375,200.7958984375,200.68499755859375,200.7958984375,1150,0.0,0.0,0.0
2024-10-29 14:35:00-04:00,200.81959533691406,200.9499969482422,200.81959533691406,200.89999389648438,3034,0.0,0.0,0.0
2024-10-29 14:40:00-04:00,200.92999267578125,201.0,200.89999389648438,200.90499877929688,2097,0.0,0.0,0.0
2024-10-29 14:45:00-04:00,200.91720581054688,200.92010498046875,200.88999938964844,200.89500427246094,3630,0.0,0.0,0.0
2024-10-29 14:50:00-04:00,200.92559814453125,200.92999267578125,200.88229370117188,200.92999267578125,3799,0.0,0.0,0.0
2024-10-29 14:55:00-04:00,200.8699951171875,200.96670532226562,200.8699951171875,200.96670532226562,4823,0.0,0.0,0.0
2024-10-29 15:00:00-04:00,200.97000122070312,200.97000122070312,200.9001007080078,200.9001007080078,1371,0.0,0.0,0.0
2024-10-29 15:05:00-04:00,200.9698944091797,200.97000122070312,200.89999389648438,200.97000122070312,3312,0.0,0.0,0.0
2024-10-29 15:10:00-04:00,200.9949951171875,200.99989318847656,200.90499877929688,200.90499877929688,6766,0.0,0.0,0.0
2024-10-29 15:15:00-04:00,200.80799865722656,200.80799865722656,200.7200927734375,200.74819946289062,3043,0.0,0.0,0.0
2024-10-29 15:20:00-04:00,200.77499389648438,200.8000030517578,200.72999572753906,200.72999572753906,1924,0.0,0.0,0.0
2024-10-29 15:25:00-04:00,200.77999877929688,200.80999755859375,200.77999877929688,200.7899932861328,2229,0.0,0.0,0.0
2024-10-29 15:30:00-04:00,200.86000061035156,200.87600708007812,200.72999572753906,200.75999450683594,5314,0.0,0.0,0.0
2024-10-29 15:35:00-04:00,200.8000030517578,200.8292999267578,200.75059509277344,200.78500366210938,2241,0.0,0.0,0.0
2024-10-29 15:40:00-04:00,200.77999877929688,200.77999877929688,200.69000244140625,200.7100067138672,2714,0.0,0.0,0.0
2024-10-29 15:45:00-04:00,200.7100067138672,200.77999877929688,200.7100067138672,200.77000427246094,5078,0.0,0.0,0.0
2024-10-29 15:50:00-04:00,200.77000427246094,200.77000427246094,200.66079711914062,200.72000122070312,5078,0.0,0.0,0.0
2024-10-29 15:55:00-04:00,200.7899932861328,200.8800048828125,200.7899932861328,200.85000610351562,7197,0.0,0.0,0.0
2024-10-30 09:30:00-04:00,200.6999969482422,201.10000610351562,200.33999633789062,201.0800018310547,13156,0.0,0.0,0.0
2024-10-30 09:35:00-04:00,201.05499267578125,201.47999572753906,201.0500030517578,201.47999572753906,5429,0.0,0.0,0.0
2024-10-30 09:40:00-04:00,201.47999572753906,201.58999633789062,201.2899932861328,201.2899932861328,3954,0.0,0.0,0.0
2024-10-30 09:45:00-04:00,201.49000549316406,201.9842987060547,201.4550018310547,201.9842987060547,7712,0.0,0.0,0.0
2024-10-30 09:50:00-04:00,201.9907989501953,202.56500244140625,201.9907989501953,202.56500244140625,3310,0.0,0.0,0.0
2024-10-30 09:55:00-04:00,202.6678924560547,202.97000122070312,202.6678924560547,202.97000122070312,5521,0.0,0.0,0.0
2024-10-30 10:00:00-04:00,202.90390014648438,203.03050231933594,202.89190673828125,203.0,2784,0.0,0.0,0.0
2024-10-30 10:05:00-04:00,202.89999389648438,203.12930297851562,202.89999389648438,203.12930297851562,1425,0.0,0.0,0.0
2024-10-30 10:10:00-04:00,203.02999877929688,203.39999389648438,203.02999877929688,203.39999389648438,2081,0.0,0.0,0.0
2024-10-30 10:15:00-04:00,203.47000122070312,203.47000122070312,203.40499877929688,203.4604949951172,1633,0.0,0.0,0.0
2024-10-30 10:20:00-04:00,203.36000061035156,203.36000061035156,202.98500061035156,202.98500061035156,5625,0.0,0.0,0.0
2024-10-30 10:25:00-04:00,202.99000549316406,202.99000549316406,202.8238983154297,202.92999267578125,5313,0.0,0.0,0.0
2024-10-30 10:30:00-04:00,202.72000122070312,202.72999572753906,202.5500030517578,202.72999572753906,2514,0.0,0.0,0.0
2024-10-30 10:35:00-04:00,202.75,202.82989501953125,202.65499877929688,202.7050018310547,3841,0.0,0.0,0.0
2024-10-30 10:40:00-04:00,202.72500610351562,202.75,202.58999633789062,202.67030334472656,3232,0.0,0.0,0.0
2024-10-30 10:45:00-04:00,202.50999450683594,202.68829345703125,202.50999450683594,202.68829345703125,1338,0.0,0.0,0.0
2024-10-30 10:50:00-04:00,202.6396026611328,202.6396026611328,202.50999450683594,202.6300048828125,3377,0.0,0.0,0.0
2024-10-30 10:55:00-04:00,202.61000061035156,202.7449951171875,202.4499969482422,202.4499969482422,1242,0.0,0.0,0.0
2024-10-30 11:00:00-04:00,202.41000366210938,202.4499969482422,202.38499450683594,202.4499969482422,1828,0.0,0.0,0.0
2024-10-30 11:05:00-04:00,202.36000061035156,202.47999572753906,202.30999755859375,202.47999572753906,7921,0.0,0.0,0.0
2024-10-30 11:10:00-04:00,202.4987030029297,202.4987030029297,202.4250030517578,202.4250030517578,643,0.0,0.0,0.0
2024-10-30 11:15:00-04:00,202.27000427246094,202.27999877929688,202.2028045654297,202.27999877929688,2895,0.0,0.0,0.0
2024-10-30 11:20:00-04:00,202.19000244140625,202.2646026611328,202.16000366210938,202.25,4585,0.0,0.0,0.0
2024-10-30 11:25:00-04:00,202.13999938964844,202.22999572753906,202.13999938964844,202.19000244140625,1864,0.0,0.0,0.0
2024-10-30 11:30:00-04:00,202.3498992919922,202.5,202.3498992919922,202.49000549316406,3179,0.0,0.0,0.0
2024-10-30 11:35:00-04:00,202.5,202.61000061035156,202.47000122070312,202.61000061035156,2043,0.0,0.0,0.0
2024-10-30 11:40:00-04:00,202.5500030517578,202.6898956298828,202.52999877929688,202.52999877929688,3788,0.0,0.0,0.0
2024-10-30 11:45:00-04:00,202.55499267578125,202.55499267578125,202.53500366210938,202.53590393066406,851,0.0,0.0,0.0
2024-10-30 11:50:00-04:00,202.56089782714844,202.64999389648438,202.52000427246094,202.64999389648438,1281,0.0,0.0,0.0
2024-10-30 11:55:00-04:00,202.55299377441406,202.58900451660156,202.53199768066406,202.58900451660156,1545,0.0,0.0,0.0
2024-10-30 12:00:00-04:00,202.41000366210938,202.42999267578125,202.38999938964844,202.38999938964844,2260,0.0,0.0,0.0
2024-10-30 12:05:00-04:00,202.42660522460938,202.42660522460938,202.3000030517578,202.33999633789062,7989,0.0,0.0,0.0
2024-10-30 12:10:00-04:00,202.30999755859375,202.30999755859375,202.25999450683594,202.25999450683594,1922,0.0,0.0,0.0
2024-10-30 12:15:00-04:00,202.26010131835938,202.26010131835938,202.24000549316406,202.24000549316406,1482,0.0,0.0,0.0
2024-10-30 12:20:00-04:00,202.25149536132812,202.33880615234375,202.25149536132812,202.30499267578125,3251,0.0,0.0,0.0
2024-10-30 12:25:00-04:00,202.14500427246094,202.14500427246094,202.14500427246094,202.14500427246094,1213,0.0,0.0,0.0
2024-10-30 12:30:00-04:00,202.0601043701172,202.14999389648438,202.0601043701172,202.14999389648438,1186,0.0,0.0,0.0
2024-10-30 12:35:00-04:00,202.14999389648438,202.27000427246094,202.1199951171875,202.27000427246094,1645,0.0,0.0,0.0
2024-10-30 12:40:00-04:00,202.24209594726562,202.25,202.14999389648438,202.14999389648438,1719,0.0,0.0,0.0
2024-10-30 12:45:00-04:00,202.1898956298828,202.19000244140625,202.10000610351562,202.18899536132812,5071,0.0,0.0,0.0
2024-10-30 12:50:00-04:00,202.1699981689453,202.1699981689453,202.11000061035156,202.1199951171875,943,0.0,0.0,0.0
2024-10-30 12:55:00-04:00,202.12930297851562,202.15699768066406,202.0399932861328,202.09500122070312,3046,0.0,0.0,0.0
2024-10-30 13:00:00-04:00,202.11929321289062,202.14920043945312,202.0500030517578,202.1291046142578,967,0.0,0.0,0.0
2024-10-30 13:05:00-04:00,202.19009399414062,202.24000549316406,202.19009399414062,202.20379638671875,1483,0.0,0.0,0.0
2024-10-30 13:10:00-04:00,202.24009704589844,202.38999938964844,202.24009704589844,202.35000610351562,3845,0.0,0.0,0.0
2024-10-30 13:15:00-04:00,202.38999938964844,202.38999938964844,202.32000732421875,202.32000732421875,2650,0.0,0.0,0.0
2024-10-30 13:20:00-04:00,202.343505859375,202.343505859375,202.30999755859375,202.31869506835938,1155,0.0,0.0,0.0
2024-10-30 13:25:00-04:00,202.30799865722656,202.30799865722656,202.1199951171875,202.19500732421875,1338,0.0,0.0,0.0
2024-10-30 13:30:00-04:00,202.14419555664062,202.14500427246094,202.0,202.07009887695312,2417,0.0,0.0,0.0
2024-10-30 13:35:00-04:00,201.88999938964844,202.052001953125,201.88999938964844,201.9499969482422,1285,0.0,0.0,0.0
2024-10-30 13:40:00-04:00,201.91000366210938,202.0449981689453,201.8970947265625,201.98500061035156,3756,0.0,0.0,0.0
2024-10-30 13:45:00-04:00,201.9365997314453,201.9678955078125,201.9365997314453,201.9678955078125,1030,0.0,0.0,0.0
2024-10-30 13:50:00-04:00,201.8574981689453,201.97000122070312,201.85000610351562,201.97000122070312,1647,0.0,0.0,0.0
2024-10-30 13:55:00-04:00,202.00999450683594,202.0605010986328,202.0,202.0,2671,0.0,0.0,0.0
2024-10-30 14:00:00-04:00,202.0500946044922,202.2100067138672,202.0500946044922,202.2100067138672,1631,0.0,0.0,0.0
2024-10-30 14:05:00-04:00,202.23500061035156,202.41000366210938,202.23500061035156,202.2899932861328,3942,0.0,0.0,0.0
2024-10-30 14:10:00-04:00,202.35000610351562,202.3699951171875,202.35000610351562,202.3699951171875,2344,0.0,0.0,0.0
2024-10-30 14:15:00-04:00,202.31260681152344,202.32179260253906,202.29249572753906,202.2949981689453,1860,0.0,0.0,0.0
2024-10-30 14:20:00-04:00,202.32000732421875,202.35000610351562,202.25,202.2899932861328,2884,0.0,0.0,0.0
2024-10-30 14:25:00-04:00,202.2812042236328,202.2812042236328,202.17999267578125,202.17999267578125,3039,0.0,0.0,0.0
2024-10-30 14:30:00-04:00,202.19000244140625,202.20880126953125,202.14500427246094,202.20880126953125,3852,0.0,0.0,0.0
2024-10-30 14:35:00-04:00,202.15989685058594,202.15989685058594,202.12750244140625,202.13999938964844,3854,0.0,0.0,0.0
2024-10-30 14:40:00-04:00,202.02499389648438,202.08999633789062,201.9600067138672,201.9600067138672,9575,0.0,0.0,0.0
2024-10-30 14:45:00-04:00,201.97000122070312,202.0,201.94000244140625,201.97999572753906,2687,0.0,0.0,0.0
2024-10-30 14:50:00-04:00,202.00990295410156,202.0998992919922,201.97999572753906,202.0998992919922,3204,0.0,0.0,0.0
2024-10-30 14:55:00-04:00,202.1300048828125,202.17990112304688,202.1300048828125,202.13999938964844,4132,0.0,0.0,0.0
2024-10-30 15:00:00-04:00,202.0800018310547,202.08999633789062,201.92990112304688,201.92990112304688,8113,0.0,0.0,0.0
2024-10-30 15:05:00-04:00,201.82000732421875,201.94000244140625,201.82000732421875,201.94000244140625,1599,0.0,0.0,0.0
2024-10-30 15:10:00-04:00,201.89840698242188,202.0198974609375,201.88999938964844,202.0198974609375,2427,0.0,0.0,0.0
2024-10-30 15:15:00-04:00,202.0,202.0,201.74009704589844,201.86000061035156,1721,0.0,0.0,0.0
2024-10-30 15:20:00-04:00,201.8800048828125,201.9499969482422,201.85000610351562,201.94000244140625,4505,0.0,0.0,0.0
2024-10-30 15:25:00-04:00,201.9250030517578,201.95669555664062,201.87010192871094,201.87010192871094,3324,0.0,0.0,0.0
2024-10-30 15:30:00-04:00,201.85374450683594,201.88999938964844,201.80999755859375,201.80999755859375,2401,0.0,0.0,0.0
2024-10-30 15:35:00-04:00,201.75,201.77029418945312,201.68499755859375,201.77029418945312,2150,0.0,0.0,0.0
2024-10-30 15:40:00-04:00,201.77000427246094,201.86000061035156,201.77000427246094,201.7700958251953,3044,0.0,0.0,0.0
2024-10-30 15:45:00-04:00,201.75,201.75,201.67999267578125,201.67999267578125,4118,0.0,0.0,0.0
2024-10-30 15:50:00-04:00,201.72000122070312,201.72000122070312,201.60000610351562,201.69500732421875,6432,0.0,0.0,0.0
2024-10-30 15:55:00-04:00,201.47999572753906,201.47999572753906,201.3699951171875,201.47000122070312,6724,0.0,0.0,0.0
2024-10-31 09:30:00-04:00,201.27000427246094,201.5399932861328,201.17999267578125,201.37989807128906,9198,0.0,0.0,0.0
2024-10-31 09:35:00-04:00,201.10000610351562,201.67999267578125,201.10000610351562,201.67999267578125,2885,0.0,0.0,0.0
2024-10-31 09:40:00-04:00,201.72000122070312,201.83360290527344,201.63999938964844,201.77099609375,1617,0.0,0.0,0.0
2024-10-31 09:45:00-04:00,201.59500122070312,201.59500122070312,200.85000610351562,200.85000610351562,6140,0.0,0.0,0.0
2024-10-31 09:50:00-04:00,201.0500030517578,201.0500030517578,200.75,200.75,2356,0.0,0.0,0.0
2024-10-31 09:55:00-04:00,200.5491943359375,201.1300048828125,200.5491943359375,201.1300048828125,1086,0.0,0.0,0.0
2024-10-31 10:00:00-04:00,201.14999389648438,201.28500366210938,200.91000366210938,200.91000366210938,4433,0.0,0.0,0.0
2024-10-31 10:05:00-04:00,200.55999755859375,200.58999633789062,200.36180114746094,200.49000549316406,5883,0.0,0.0,0.0
2024-10-31 10:10:00-04:00,200.47509765625,200.5738983154297,200.47000122070312,200.5500030517578,1364,0.0,0.0,0.0
2024-10-31 10:15:00-04:00,200.5500030517578,200.9799041748047,200.54010009765625,200.9799041748047,1470,0.0,0.0,0.0
2024-10-31 10:20:00-04:00,200.91990661621094,200.91990661621094,200.78509521484375,200.8173065185547,5582,0.0,0.0,0.0
2024-10-31 10:25:00-04:00,200.75999450683594,200.77000427246094,200.3300018310547,200.3300018310547,1872,0.0,0.0,0.0
2024-10-31 10:30:00-04:00,200.34500122070312,200.64999389648438,200.30999755859375,200.52499389648438,2274,0.0,0.0,0.0
2024-10-31 10:35:00-04:00,200.52999877929688,200.52999877929688,200.35000610351562,200.35000610351562,1902,0.0,0.0,0.0
2024-10-31 10:40:00-04:00,200.32000732421875,200.32000732421875,200.02999877929688,200.02999877929688,6821,0.0,0.0,0.0
2024-10-31 10:45:00-04:00,200.0,200.0,199.86099243164062,199.86099243164062,2606,0.0,0.0,0.0
2024-10-31 10:50:00-04:00,199.8614044189453,199.92999267578125,199.64999389648438,199.64999389648438,4995,0.0,0.0,0.0
2024-10-31 10:55:00-04:00,199.6199951171875,199.6199951171875,199.5500030517578,199.5529022216797,4352,0.0,0.0,0.0
2024-10-31 11:00:00-04:00,199.40240478515625,199.40240478515625,199.22000122070312,199.22000122070312,2110,0.0,0.0,0.0
2024-10-31 11:05:00-04:00,199.24000549316406,199.5399932861328,199.24000549316406,199.4550018310547,4958,0.0,0.0,0.0
2024-10-31 11:10:00-04:00,199.48390197753906,199.64419555664062,199.4199981689453,199.55999755859375,4778,0.0,0.0,0.0
2024-10-31 11:20:00-04:00,199.74989318847656,199.9499969482422,199.74989318847656,199.9499969482422,2451,0.0,0.0,0.0
2024-10-31 11:25:00-04:00,199.9499969482422,199.9499969482422,199.72999572753906,199.74000549316406,4667,0.0,0.0,0.0
2024-10-31 11:30:00-04:00,199.7899932861328,199.8800048828125,199.67010498046875,199.8800048828125,3463,0.0,0.0,0.0
2024-10-31 11:35:00-04:00,199.8000030517578,199.94000244140625,199.8000030517578,199.89999389648438,2665,0.0,0.0,0.0
2024-10-31 11:40:00-04:00,199.86000061035156,200.09500122070312,199.85000610351562,200.09500122070312,3350,0.0,0.0,0.0
2024-10-31 11:45:00-04:00,200.10000610351562,200.13999938964844,200.0500030517578,200.0500030517578,2329,0.0,0.0,0.0
2024-10-31 11:50:00-04:00,199.97999572753906,199.97999572753906,199.8800048828125,199.8800048828125,1467,0.0,0.0,0.0
2024-10-31 11:55:00-04:00,199.8699951171875,199.91000366210938,199.86000061035156,199.91000366210938,2760,0.0,0.0,0.0
2024-10-31 12:00:00-04:00,200.03990173339844,200.07000732421875,199.89210510253906,199.99000549316406,8011,0.0,0.0,0.0
2024-10-31 12:05:00-04:00,200.09910583496094,200.09910583496094,199.97000122070312,200.0500030517578,2113,0.0,0.0,0.0
2024-10-31 12:10:00-04:00,200.0399932861328,200.2104034423828,200.0399932861328,200.2104034423828,2281,0.0,0.0,0.0
2024-10-31 12:15:00-04:00,200.24000549316406,200.25,200.16000366210938,200.1999969482422,2922,0.0,0.0,0.0
2024-10-31 12:20:00-04:00,200.18499755859375,200.4199981689453,200.18499755859375,200.37989807128906,5343,0.0,0.0,0.0
2024-10-31 12:25:00-04:00,200.2899932861328,200.36990356445312,200.27999877929688,200.36990356445312,2811,0.0,0.0,0.0
2024-10-31 12:30:00-04:00,200.3000030517578,200.30499267578125,200.25,200.25,1602,0.0,0.0,0.0
2024-10-31 12:35:00-04:00,200.11000061035156,200.1165008544922,200.0800018310547,200.08999633789062,1666,0.0,0.0,0.0
2024-10-31 12:40:00-04:00,200.09500122070312,200.1699981689453,200.09500122070312,200.1199951171875,2899,0.0,0.0,0.0
2024-10-31 12:45:00-04:00,200.1199951171875,200.14999389648438,200.10000610351562,200.10069274902344,2475,0.0,0.0,0.0
2024-10-31 12:50:00-04:00,200.0850067138672,200.09710693359375,200.0500030517578,200.0800018310547,2067,0.0,0.0,0.0
2024-10-31 12:55:00-04:00,200.07699584960938,200.0832977294922,199.98179626464844,200.0832977294922,4281,0.0,0.0,0.0
2024-10-31 13:00:00-04:00,200.14999389648438,200.341796875,200.14999389648438,200.33140563964844,1966,0.0,0.0,0.0
2024-10-31 13:05:00-04:00,200.29010009765625,200.4499969482422,200.29010009765625,200.4499969482422,5235,0.0,0.0,0.0
2024-10-31 13:10:00-04:00,200.49000549316406,200.49000549316406,200.3300018310547,200.3300018310547,2353,0.0,0.0,0.0
2024-10-31 13:15:00-04:00,200.36900329589844,200.44000244140625,200.36900329589844,200.3699951171875,2885,0.0,0.0,0.0
2024-10-31 13:20:00-04:00,200.43795776367188,200.47000122070312,200.43795776367188,200.47000122070312,1118,0.0,0.0,0.0
2024-10-31 13:25:00-04:00,200.47500610351562,200.47500610351562,200.38999938964844,200.38999938964844,2037,0.0,0.0,0.0
2024-10-31 13:30:00-04:00,200.37710571289062,200.37710571289062,200.1699981689453,200.19419860839844,3354,0.0,0.0,0.0
2024-10-31 13:35:00-04:00,200.25,200.25,200.16000366210938,200.2100067138672,1984,0.0,0.0,0.0
2024-10-31 13:40:00-04:00,200.16490173339844,200.16490173339844,200.0301055908203,200.05499267578125,3818,0.0,0.0,0.0
2024-10-31 13:45:00-04:00,200.02000427246094,200.13999938964844,199.9949951171875,200.13999938964844,4145,0.0,0.0,0.0
2024-10-31 13:50:00-04:00,200.17999267578125,200.17999267578125,200.0050048828125,200.01499938964844,2860,0.0,0.0,0.0
2024-10-31 13:55:00-04:00,200.02499389648438,200.13999938964844,200.02000427246094,200.13999938964844,4302,0.0,0.0,0.0
2024-10-31 14:00:00-04:00,200.10000610351562,200.10000610351562,199.99000549316406,199.99000549316406,1559,0.0,0.0,0.0
2024-10-31 14:05:00-04:00,200.00999450683594,200.05999755859375,199.9001007080078,199.9499969482422,3452,0.0,0.0,0.0
2024-10-31 14:10:00-04:00,199.9199981689453,200.08999633789062,199.9199981689453,200.05999755859375,1964,0.0,0.0,0.0
2024-10-31 14:15:00-04:00,200.0800018310547,200.09719848632812,199.9600067138672,199.9600067138672,10670,0.0,0.0,0.0
2024-10-31 14:20:00-04:00,200.05999755859375,200.05999755859375,199.97000122070312,200.0449981689453,3508,0.0,0.0,0.0
2024-10-31 14:25:00-04:00,199.97799682617188,200.01539611816406,199.9499969482422,199.9499969482422,3659,0.0,0.0,0.0
2024-10-31 14:30:00-04:00,199.9600067138672,200.02999877929688,199.68499755859375,199.74000549316406,7044,0.0,0.0,0.0
2024-10-31 14:35:00-04:00,199.75999450683594,199.88560485839844,199.70010375976562,199.86720275878906,6500,0.0,0.0,0.0
2024-10-31 14:40:00-04:00,199.86419677734375,199.86419677734375,199.77000427246094,199.7700958251953,5519,0.0,0.0,0.0
2024-10-31 14:45:00-04:00,199.79010009765625,199.8699951171875,199.79010009765625,199.84300231933594,2055,0.0,0.0,0.0
2024-10-31 14:50:00-04:00,199.7928009033203,199.8800048828125,199.7928009033203,199.8800048828125,1346,0.0,0.0,0.0
2024-10-31 14:55:00-04:00,199.88999938964844,199.96359252929688,199.88999938964844,199.9499969482422,1976,0.0,0.0,0.0
2024-10-31 15:00:00-04:00,199.9763946533203,199.9763946533203,199.80999755859375,199.877197265625,10063,0.0,0.0,0.0
2024-10-31 15:05:00-04:00,199.83999633789062,199.99000549316406,199.83999633789062,199.9698944091797,9802,0.0,0.0,0.0
2024-10-31 15:10:00-04:00,199.94180297851562,199.94180297851562,199.82000732421875,199.8350067138672,2363,0.0,0.0,0.0
2024-10-31 15:15:00-04:00,199.8397979736328,199.85569763183594,199.72000122070312,199.74830627441406,5032,0.0,0.0,0.0
2024-10-31 15:20:00-04:00,199.80999755859375,199.97000122070312,199.80250549316406,199.91000366210938,4709,0.0,0.0,0.0
2024-10-31 15:25:00-04:00,199.83999633789062,199.85899353027344,199.7996063232422,199.80999755859375,3176,0.0,0.0,0.0
2024-10-31 15:30:00-04:00,199.7899932861328,199.7899932861328,199.61000061035156,199.67999267578125,5180,0.0,0.0,0.0
2024-10-31 15:35:00-04:00,199.6300048828125,199.64500427246094,199.625,199.64500427246094,1772,0.0,0.0,0.0
2024-10-31 15:40:00-04:00,199.5399932861328,199.639892578125,199.4600067138672,199.57919311523438,3751,0.0,0.0,0.0
2024-10-31 15:45:00-04:00,199.5399932861328,199.6060028076172,199.50999450683594,199.60000610351562,3874,0.0,0.0,0.0
2024-10-31 15:50:00-04:00,199.60000610351562,199.60000610351562,199.1999969482422,199.1999969482422,7328,0.0,0.0,0.0
2024-10-31 15:55:00-04:00,199.09820556640625,199.10000610351562,198.77999877929688,198.7899932861328,12652,0.0,0.0,0.0
2024-11-01 09:30:00-04:00,199.77000427246094,200.1300048828125,199.6199951171875,199.88499450683594,19632,0.0,0.0,0.0
2024-11-01 09:35:00-04:00,200.02999877929688,200.427001953125,199.88999938964844,200.427001953125,4905,0.0,0.0,0.0
2024-11-01 09:40:00-04:00,200.05999755859375,200.35000610351562,200.05999755859375,200.0749969482422,4138,0.0,0.0,0.0
2024-11-01 09:45:00-04:00,199.97000122070312,200.35000610351562,199.8699951171875,200.35000610351562,6296,0.0,0.0,0.0
2024-11-01 09:50:00-04:00,200.44000244140625,200.51710510253906,200.22000122070312,200.51710510253906,4054,0.0,0.0,0.0
2024-11-01 09:55:00-04:00,200.30999755859375,200.4199981689453,200.22999572753906,200.24000549316406,3172,0.0,0.0,0.0
2024-11-01 10:00:00-04:00,200.49000549316406,200.49000549316406,199.6999969482422,200.08999633789062,15976,0.0,0.0,0.0
2024-11-01 10:05:00-04:00,200.02999877929688,200.31500244140625,200.02999877929688,200.2949981689453,2830,0.0,0.0,0.0
2024-11-01 10:10:00-04:00,200.37869262695312,200.47999572753906,200.25880432128906,200.4250030517578,11967,0.0,0.0,0.0
2024-11-01 10:15:00-04:00,200.38999938964844,200.5399932861328,200.30999755859375,200.5399932861328,4735,0.0,0.0,0.0
2024-11-01 10:20:00-04:00,200.5509033203125,200.60000610351562,200.5,200.5800018310547,2176,0.0,0.0,0.0
2024-11-01 10:25:00-04:00,200.55250549316406,200.75,200.5399932861328,200.75,10806,0.0,0.0,0.0
2024-11-01 10:30:00-04:00,200.7100067138672,200.7100067138672,200.3800048828125,200.4149932861328,5825,0.0,0.0,0.0
2024-11-01 10:35:00-04:00,200.44000244140625,200.47999572753906,200.10279846191406,200.19000244140625,6954,0.0,0.0,0.0
2024-11-01 10:40:00-04:00,200.0749969482422,200.0749969482422,199.8699951171875,199.92669677734375,3195,0.0,0.0,0.0
2024-11-01 10:45:00-04:00,199.97000122070312,199.99000549316406,199.67999267578125,199.8300018310547,3395,0.0,0.0,0.0
2024-11-01 10:50:00-04:00,199.89500427246094,199.89500427246094,199.4600067138672,199.58999633789062,2422,0.0,0.0,0.0
2024-11-01 10:55:00-04:00,199.69000244140625,199.88720703125,199.67999267578125,199.88720703125,3792,0.0,0.0,0.0
2024-11-01 11:00:00-04:00,199.8000030517578,199.87269592285156,199.8000030517578,199.87269592285156,797,0.0,0.0,0.0
2024-11-01 11:05:00-04:00,199.93499755859375,199.93499755859375,199.8332061767578,199.889892578125,2680,0.0,0.0,0.0
2024-11-01 11:10:00-04:00,199.6699981689453,199.75,199.6699981689453,199.75,865,0.0,0.0,0.0
2024-11-01 11:15:00-04:00,200.0699005126953,200.0699005126953,199.9488983154297,200.02200317382812,1557,0.0,0.0,0.0
2024-11-01 11:20:00-04:00,200.04510498046875,200.05479431152344,199.89999389648438,200.02459716796875,4184,0.0,0.0,0.0
2024-11-01 11:25:00-04:00,200.0417022705078,200.23500061035156,200.0417022705078,200.23500061035156,2301,0.0,0.0,0.0
2024-11-01 11:30:00-04:00,200.2371063232422,200.2371063232422,200.0,200.08999633789062,2479,0.0,0.0,0.0
2024-11-01 11:35:00-04:00,200.07839965820312,200.0850067138672,200.0,200.0850067138672,6223,0.0,0.0,0.0
2024-11-01 11:40:00-04:00,199.97129821777344,200.07000732421875,199.9600067138672,199.9600067138672,106747,0.0,0.0,0.0
2024-11-01 11:45:00-04:00,199.99000549316406,200.0,199.71600341796875,199.71600341796875,2528,0.0,0.0,0.0
2024-11-01 11:50:00-04:00,199.69000244140625,199.8759002685547,199.6300048828125,199.8759002685547,2902,0.0,0.0,0.0
2024-11-01 11:55:00-04:00,199.8300018310547,199.8300018310547,199.73190307617188,199.73190307617188,1444,0.0,0.0,0.0
2024-11-01 12:00:00-04:00,199.76510620117188,199.91819763183594,199.76510620117188,199.89959716796875,2512,0.0,0.0,0.0
2024-11-01 12:05:00-04:00,199.8300018310547,199.9199981689453,199.8000030517578,199.9199981689453,2029,0.0,0.0,0.0
2024-11-01 12:10:00-04:00,199.8699951171875,199.89500427246094,199.8553924560547,199.8553924560547,1115,0.0,0.0,0.0
2024-11-01 12:15:00-04:00,199.7261962890625,199.7899932861328,199.7100067138672,199.7899932861328,2528,0.0,0.0,0.0
2024-11-01 12:20:00-04:00,199.75999450683594,199.75999450683594,199.7100067138672,199.7100067138672,1164,0.0,0.0,0.0
2024-11-01 12:25:00-04:00,199.66009521484375,199.718505859375,199.56500244140625,199.56500244140625,3189,0.0,0.0,0.0
2024-11-01 12:30:00-04:00,199.57240295410156,199.69000244140625,199.57240295410156,199.69000244140625,2455,0.0,0.0,0.0
2024-11-01 12:35:00-04:00,199.72900390625,199.72900390625,199.52000427246094,199.6300048828125,6974,0.0,0.0,0.0
2024-11-01 12:40:00-04:00,199.58999633789062,199.58999633789062,199.22000122070312,199.25999450683594,3245,0.0,0.0,0.0
2024-11-01 12:45:00-04:00,199.18499755859375,199.22999572753906,199.1300048828125,199.1699981689453,14140,0.0,0.0,0.0
2024-11-01 12:50:00-04:00,199.21060180664062,199.21060180664062,199.110107421875,199.110107421875,1825,0.0,0.0,0.0
2024-11-01 12:55:00-04:00,199.11000061035156,199.11000061035156,199.05430603027344,199.05430603027344,1387,0.0,0.0,0.0
2024-11-01 13:00:00-04:00,199.11000061035156,199.19000244140625,199.01010131835938,199.19000244140625,10797,0.0,0.0,0.0
2024-11-01 13:05:00-04:00,199.1300048828125,199.1300048828125,199.0,199.0399932861328,3245,0.0,0.0,0.0
2024-11-01 13:10:00-04:00,199.02415466308594,199.10499572753906,198.97650146484375,199.10000610351562,5250,0.0,0.0,0.0
2024-11-01 13:15:00-04:00,199.1042938232422,199.1699981689453,199.1042938232422,199.13999938964844,2041,0.0,0.0,0.0
2024-11-01 13:20:00-04:00,199.14999389648438,199.3800048828125,199.14999389648438,199.30999755859375,2298,0.0,0.0,0.0
2024-11-01 13:25:00-04:00,199.3260955810547,199.3260955810547,199.25999450683594,199.2613067626953,1585,0.0,0.0,0.0
2024-11-01 13:30:00-04:00,199.26510620117188,199.26510620117188,198.89999389648438,198.91090393066406,4085,0.0,0.0,0.0
2024-11-01 13:35:00-04:00,198.88250732421875,198.89999389648438,198.74000549316406,198.78500366210938,2145,0.0,0.0,0.0
2024-11-01 13:40:00-04:00,198.6199951171875,198.6461944580078,198.55499267578125,198.55499267578125,1053,0.0,0.0,0.0
2024-11-01 13:45:00-04:00,198.52000427246094,198.65359497070312,198.52000427246094,198.59010314941406,1746,0.0,0.0,0.0
2024-11-01 13:50:00-04:00,198.6199951171875,198.8256072998047,198.6199951171875,198.8256072998047,4670,0.0,0.0,0.0
2024-11-01 13:55:00-04:00,198.81500244140625,198.81500244140625,198.6999969482422,198.75759887695312,4206,0.0,0.0,0.0
2024-11-01 14:00:00-04:00,198.7899932861328,198.8300018310547,198.77000427246094,198.82899475097656,2986,0.0,0.0,0.0
2024-11-01 14:05:00-04:00,198.58999633789062,198.58999633789062,198.5500946044922,198.58999633789062,1079,0.0,0.0,0.0
2024-11-01 14:10:00-04:00,198.5500030517578,198.58999633789062,198.50999450683594,198.58999633789062,2679,0.0,0.0,0.0
2024-11-01 14:15:00-04:00,198.5998992919922,198.65480041503906,198.5500030517578,198.62892150878906,2599,0.0,0.0,0.0
2024-11-01 14:20:00-04:00,198.6575927734375,198.90809631347656,198.61000061035156,198.90809631347656,3828,0.0,0.0,0.0
2024-11-01 14:25:00-04:00,198.9199981689453,198.9199981689453,198.82640075683594,198.8699951171875,11712,0.0,0.0,0.0
2024-11-01 14:30:00-04:00,198.8350067138672,198.89999389648438,198.8350067138672,198.875,4682,0.0,0.0,0.0
2024-11-01 14:35:00-04:00,198.88999938964844,198.92999267578125,198.88999938964844,198.89999389648438,1664,0.0,0.0,0.0
2024-11-01 14:40:00-04:00,198.91000366210938,198.9241943359375,198.91000366210938,198.9241943359375,1100,0.0,0.0,0.0
2024-11-01 14:45:00-04:00,199.00010681152344,199.0500030517578,198.91929626464844,198.9499969482422,4902,0.0,0.0,0.0
2024-11-01 14:50:00-04:00,198.95579528808594,198.95579528808594,198.9550018310547,198.9550018310547,876,0.0,0.0,0.0
2024-11-01 14:55:00-04:00,199.0,199.03179931640625,198.97000122070312,199.03179931640625,1412,0.0,0.0,0.0
2024-11-01 15:00:00-04:00,199.02000427246094,199.0207061767578,198.90139770507812,198.92999267578125,3815,0.0,0.0,0.0
2024-11-01 15:05:00-04:00,198.94000244140625,199.14920043945312,198.94000244140625,199.1378936767578,0,0.0,0.0,0.0
2024-11-01 15:10:00-04:00,199.11000061035156,199.16000366210938,199.0500030517578,199.13009643554688,389468,0.0,0.0,0.0
2024-11-01 15:15:00-04:00,199.11570739746094,199.11570739746094,199.00999450683594,199.07479858398438,2121,0.0,0.0,0.0
2024-11-01 15:20:00-04:00,199.08999633789062,199.1199951171875,198.97019958496094,199.0399932861328,8462,0.0,0.0,0.0
2024-11-01 15:25:00-04:00,198.99420166015625,199.02760314941406,198.8170928955078,198.82000732421875,3462,0.0,0.0,0.0
2024-11-01 15:30:00-04:00,198.7899932861328,198.8188018798828,198.71009826660156,198.71009826660156,2102,0.0,0.0,0.0
2024-11-01 15:35:00-04:00,198.7449951171875,198.8300018310547,198.7449951171875,198.77000427246094,4827,0.0,0.0,0.0
2024-11-01 15:40:00-04:00,198.7449951171875,198.8300018310547,198.7449951171875,198.8300018310547,2136,0.0,0.0,0.0
2024-11-01 15:45:00-04:00,198.77999877929688,198.77999877929688,198.72999572753906,198.72999572753906,3227,0.0,0.0,0.0
2024-11-01 15:50:00-04:00,198.61000061035156,198.6999969482422,198.5399932861328,198.6999969482422,8204,0.0,0.0,0.0
2024-11-01 15:55:00-04:00,198.6750030517578,198.86000061035156,198.66000366210938,198.82000732421875,31706,0.0,0.0,0.0
2024-11-04 09:30:00-05:00,198.74000549316406,199.22500610351562,198.61000061035156,198.8000030517578,20628,0.0,0.0,0.0
2024-11-04 09:35:00-05:00,198.91000366210938,199.27000427246094,198.64999389648438,199.27000427246094,4673,0.0,0.0,0.0
2024-11-04 09:40:00-05:00,199.3249969482422,199.57000732421875,199.27000427246094,199.45010375976562,3283,0.0,0.0,0.0
2024-11-04 09:45:00-05:00,199.61000061035156,199.95050048828125,199.57000732421875,199.77499389648438,6082,0.0,0.0,0.0
2024-11-04 09:50:00-05:00,199.35000610351562,199.61830139160156,199.35000610351562,199.5,5278,0.0,0.0,0.0
2024-11-04 09:55:00-05:00,199.6195068359375,199.85000610351562,199.6195068359375,199.85000610351562,6593,0.0,0.0,0.0
2024-11-04 10:00:00-05:00,199.75999450683594,200.10000610351562,199.75,200.10000610351562,7090,0.0,0.0,0.0
2024-11-04 10:05:00-05:00,200.14999389648438,200.33999633789062,200.14999389648438,200.33999633789062,3581,0.0,0.0,0.0
2024-11-04 10:10:00-05:00,200.38999938964844,200.4600067138672,200.22000122070312,200.33999633789062,5297,0.0,0.0,0.0
2024-11-04 10:15:00-05:00,200.3563995361328,200.5399932861328,200.3563995361328,200.4499969482422,12184,0.0,0.0,0.0
2024-11-04 10:20:00-05:00,200.52000427246094,200.52999877929688,200.44000244140625,200.52000427246094,3666,0.0,0.0,0.0
2024-11-04 10:25:00-05:00,200.73060607910156,200.75,200.6199951171875,200.67999267578125,3718,0.0,0.0,0.0
2024-11-04 10:30:00-05:00,200.72999572753906,200.8511962890625,200.49000549316406,200.49000549316406,3760,0.0,0.0,0.0
2024-11-04 10:35:00-05:00,200.64779663085938,200.94000244140625,200.64779663085938,200.7899932861328,3594,0.0,0.0,0.0
2024-11-04 10:40:00-05:00,200.8000030517578,200.80499267578125,200.6199951171875,200.6199951171875,6327,0.0,0.0,0.0
2024-11-04 10:45:00-05:00,200.6999969482422,200.6999969482422,200.3699951171875,200.58999633789062,5954,0.0,0.0,0.0
2024-11-04 10:50:00-05:00,200.55999755859375,200.66000366210938,200.5052947998047,200.64999389648438,13084,0.0,0.0,0.0
2024-11-04 10:55:00-05:00,200.5500030517578,200.57000732421875,200.4340057373047,200.4340057373047,2539,0.0,0.0,0.0
2024-11-04 11:00:00-05:00,200.43499755859375,200.44000244140625,200.32699584960938,200.32699584960938,2757,0.0,0.0,0.0
2024-11-04 11:05:00-05:00,200.35360717773438,200.52999877929688,200.32400512695312,200.49200439453125,1996,0.0,0.0,0.0
2024-11-04 11:10:00-05:00,200.61000061035156,200.66000366210938,200.5399932861328,200.5399932861328,4179,0.0,0.0,0.0
2024-11-04 11:15:00-05:00,200.5800018310547,200.5800018310547,200.41000366210938,200.41000366210938,2793,0.0,0.0,0.0
2024-11-04 11:20:00-05:00,200.4600067138672,200.53860473632812,200.33999633789062,200.50999450683594,3970,0.0,0.0,0.0
2024-11-04 11:25:00-05:00,200.51499938964844,200.51499938964844,200.21099853515625,200.21099853515625,2969,0.0,0.0,0.0
2024-11-04 11:30:00-05:00,200.2100067138672,200.2147979736328,199.99000549316406,200.0,7755,0.0,0.0,0.0
2024-11-04 11:35:00-05:00,199.99000549316406,199.99000549316406,199.77110290527344,199.8000030517578,8066,0.0,0.0,0.0
2024-11-04 11:40:00-05:00,199.82000732421875,199.92999267578125,199.65420532226562,199.65420532226562,4218,0.0,0.0,0.0
2024-11-04 11:45:00-05:00,199.57000732421875,199.67990112304688,199.53500366210938,199.53500366210938,2191,0.0,0.0,0.0
2024-11-04 11:50:00-05:00,199.55999755859375,199.55999755859375,199.49000549316406,199.5500030517578,3066,0.0,0.0,0.0
2024-11-04 11:55:00-05:00,199.49000549316406,199.5449981689453,199.47000122070312,199.47000122070312,2853,0.0,0.0,0.0
2024-11-04 12:00:00-05:00,199.44000244140625,199.45809936523438,199.35049438476562,199.45809936523438,7442,0.0,0.0,0.0
2024-11-04 12:05:00-05:00,199.4199981689453,199.47999572753906,199.3300018310547,199.3300018310547,3619,0.0,0.0,0.0
2024-11-04 12:10:00-05:00,199.47000122070312,199.49000549316406,199.39999389648438,199.49000549316406,1698,0.0,0.0,0.0
2024-11-04 12:15:00-05:00,199.72000122070312,199.80999755859375,199.6199951171875,199.80999755859375,2543,0.0,0.0,0.0
2024-11-04 12:20:00-05:00,199.93499755859375,200.09800720214844,199.93190002441406,200.09800720214844,1064,0.0,0.0,0.0
2024-11-04 12:25:00-05:00,200.05999755859375,200.1595001220703,200.0467987060547,200.1595001220703,2892,0.0,0.0,0.0
2024-11-04 12:30:00-05:00,200.28599548339844,200.28599548339844,200.1999969482422,200.1999969482422,571,0.0,0.0,0.0
2024-11-04 12:35:00-05:00,200.1999969482422,200.1999969482422,200.14999389648438,200.1699981689453,2853,0.0,0.0,0.0
2024-11-04 12:40:00-05:00,200.1999969482422,200.1999969482422,200.1063995361328,200.14010620117188,1234,0.0,0.0,0.0
2024-11-04 12:45:00-05:00,200.1699981689453,200.1699981689453,200.1699981689453,200.1699981689453,995,0.0,0.0,0.0
2024-11-04 12:50:00-05:00,200.25999450683594,200.25999450683594,200.1363067626953,200.22000122070312,3667,0.0,0.0,0.0
2024-11-04 12:55:00-05:00,200.19000244140625,200.19000244140625,200.1209259033203,200.19000244140625,2227,0.0,0.0,0.0
2024-11-04 13:00:00-05:00,200.10000610351562,200.10000610351562,199.85009765625,199.9073944091797,1584,0.0,0.0,0.0
2024-11-04 13:05:00-05:00,199.99000549316406,200.02169799804688,199.6750030517578,199.67999267578125,21967,0.0,0.0,0.0
2024-11-04 13:10:00-05:00,199.6999969482422,199.9199981689453,199.6999969482422,199.89999389648438,4307,0.0,0.0,0.0
2024-11-04 13:15:00-05:00,199.97000122070312,199.97000122070312,199.9698944091797,199.97000122070312,1238,0.0,0.0,0.0
2024-11-04 13:20:00-05:00,199.92999267578125,199.95010375976562,199.92999267578125,199.95010375976562,1869,0.0,0.0,0.0
2024-11-04 13:25:00-05:00,199.9842071533203,199.9842071533203,199.8800048828125,199.97869873046875,1910,0.0,0.0,0.0
2024-11-04 13:30:00-05:00,199.9199981689453,199.99400329589844,199.9199981689453,199.99000549316406,1987,0.0,0.0,0.0
2024-11-04 13:35:00-05:00,200.0399932861328,200.05130004882812,199.9700927734375,199.9700927734375,1644,0.0,0.0,0.0
2024-11-04 13:40:00-05:00,200.1199951171875,200.1199951171875,200.01010131835938,200.07899475097656,2361,0.0,0.0,0.0
2024-11-04 13:45:00-05:00,200.0800018310547,200.1300048828125,200.0229034423828,200.0229034423828,3890,0.0,0.0,0.0
2024-11-04 13:50:00-05:00,200.0399932861328,200.0800018310547,200.02000427246094,200.0572052001953,1068,0.0,0.0,0.0
2024-11-04 13:55:00-05:00,199.94189453125,200.02999877929688,199.9199981689453,199.9199981689453,2377,0.0,0.0,0.0
2024-11-04 14:00:00-05:00,199.99000549316406,199.99000549316406,199.87010192871094,199.87399291992188,1156,0.0,0.0,0.0
2024-11-04 14:05:00-05:00,199.87399291992188,199.99249267578125,199.86000061035156,199.9600067138672,2848,0.0,0.0,0.0
2024-11-04 14:10:00-05:00,199.9499969482422,200.0,199.9282989501953,199.95509338378906,3861,0.0,0.0,0.0
2024-11-04 14:15:00-05:00,199.96499633789062,199.97000122070312,199.83309936523438,199.83309936523438,5310,0.0,0.0,0.0
2024-11-04 14:20:00-05:00,199.8699951171875,199.90989685058594,199.85589599609375,199.86000061035156,5308,0.0,0.0,0.0
2024-11-04 14:25:00-05:00,199.8477020263672,199.85009765625,199.77000427246094,199.8000030517578,1778,0.0,0.0,0.0
2024-11-04 14:30:00-05:00,199.6300048828125,199.77999877929688,199.6300048828125,199.77999877929688,2442,0.0,0.0,0.0
2024-11-04 14:35:00-05:00,199.77000427246094,199.7949981689453,199.77000427246094,199.7899932861328,1914,0.0,0.0,0.0
2024-11-04 14:40:00-05:00,199.80999755859375,199.81500244140625,199.5800018310547,199.62899780273438,5097,0.0,0.0,0.0
2024-11-04 14:45:00-05:00,199.54249572753906,199.58999633789062,199.49569702148438,199.5531005859375,3651,0.0,0.0,0.0
2024-11-04 14:50:00-05:00,199.53500366210938,199.60000610351562,199.529296875,199.59219360351562,4614,0.0,0.0,0.0
2024-11-04 14:55:00-05:00,199.5850067138672,199.60009765625,199.55999755859375,199.58999633789062,7662,0.0,0.0,0.0
2024-11-04 15:00:00-05:00,199.5449981689453,199.61500549316406,199.5449981689453,199.6002960205078,1920,0.0,0.0,0.0
2024-11-04 15:05:00-05:00,199.6042022705078,199.7449951171875,199.6042022705078,199.7449951171875,5891,0.0,0.0,0.0
2024-11-04 15:10:00-05:00,199.7100067138672,199.75999450683594,199.65139770507812,199.66000366210938,5847,0.0,0.0,0.0
2024-11-04 15:15:00-05:00,199.5800018310547,199.64999389648438,199.51829528808594,199.64999389648438,3696,0.0,0.0,0.0
2024-11-04 15:20:00-05:00,199.64999389648438,199.64999389648438,199.52999877929688,199.64500427246094,4100,0.0,0.0,0.0
2024-11-04 15:25:00-05:00,199.6750030517578,199.72000122070312,199.57530212402344,199.64439392089844,6684,0.0,0.0,0.0
2024-11-04 15:30:00-05:00,199.57009887695312,199.6199951171875,199.5,199.547607421875,5024,0.0,0.0,0.0
2024-11-04 15:35:00-05:00,199.50990295410156,199.50990295410156,199.30709838867188,199.30709838867188,7060,0.0,0.0,0.0
2024-11-04 15:40:00-05:00,199.32000732421875,199.6898956298828,199.32000732421875,199.52499389648438,5817,0.0,0.0,0.0
2024-11-04 15:45:00-05:00,199.50320434570312,199.55999755859375,199.45089721679688,199.52000427246094,11622,0.0,0.0,0.0
2024-11-04 15:50:00-05:00,199.4499969482422,199.4499969482422,199.33999633789062,199.40499877929688,3657,0.0,0.0,0.0
2024-11-04 15:55:00-05:00,199.3800048828125,199.5399932861328,199.35000610351562,199.52999877929688,6362,0.0,0.0,0.0
2024-11-05 09:30:00-05:00,199.0,199.3000030517578,198.5500030517578,199.3000030517578,15369,0.0,0.0,0.0
2024-11-05 09:35:00-05:00,199.3249969482422,199.5500030517578,199.3249969482422,199.5500030517578,3040,0.0,0.0,0.0
2024-11-05 09:40:00-05:00,199.66000366210938,200.0500030517578,199.5500030517578,200.0500030517578,2931,0.0,0.0,0.0
2024-11-05 09:45:00-05:00,199.77999877929688,200.27999877929688,199.7624969482422,200.27999877929688,4324,0.0,0.0,0.0
2024-11-05 09:50:00-05:00,200.1300048828125,200.57000732421875,200.07000732421875,200.5500030517578,2692,0.0,0.0,0.0
2024-11-05 09:55:00-05:00,200.5800018310547,200.7198944091797,200.50999450683594,200.7198944091797,3381,0.0,0.0,0.0
2024-11-05 10:00:00-05:00,200.72000122070312,201.07940673828125,200.52999877929688,201.07940673828125,5125,0.0,0.0,0.0
2024-11-05 10:05:00-05:00,200.89010620117188,200.9033966064453,200.8699951171875,200.9033966064453,3121,0.0,0.0,0.0
2024-11-05 10:10:00-05:00,200.94000244140625,200.94500732421875,200.67410278320312,200.82000732421875,3631,0.0,0.0,0.0
2024-11-05 10:15:00-05:00,200.77999877929688,200.8000030517578,200.72999572753906,200.75999450683594,1523,0.0,0.0,0.0
2024-11-05 10:20:00-05:00,200.77000427246094,200.80499267578125,200.67999267578125,200.80499267578125,1923,0.0,0.0,0.0
2024-11-05 10:25:00-05:00,200.89999389648438,200.9499969482422,200.625,200.625,3578,0.0,0.0,0.0
2024-11-05 10:30:00-05:00,200.72999572753906,200.7449951171875,200.72000122070312,200.7353973388672,1449,0.0,0.0,0.0
2024-11-05 10:35:00-05:00,200.7449951171875,201.15499877929688,200.7449951171875,201.15499877929688,5188,0.0,0.0,0.0
2024-11-05 10:40:00-05:00,201.08999633789062,201.35000610351562,201.08999633789062,201.35000610351562,28477,0.0,0.0,0.0
2024-11-05 10:45:00-05:00,201.30999755859375,201.3800048828125,201.24000549316406,201.24000549316406,2359,0.0,0.0,0.0
2024-11-05 10:50:00-05:00,201.27999877929688,201.27999877929688,201.02499389648438,201.08999633789062,1263,0.0,0.0,0.0
2024-11-05 10:55:00-05:00,201.05499267578125,201.05499267578125,200.81500244140625,200.81500244140625,1832,0.0,0.0,0.0
2024-11-05 11:00:00-05:00,200.90370178222656,200.9949951171875,200.8000030517578,200.9949951171875,3235,0.0,0.0,0.0
2024-11-05 11:05:00-05:00,201.02000427246094,201.11000061035156,201.02000427246094,201.08999633789062,2290,0.0,0.0,0.0
2024-11-05 11:10:00-05:00,201.14999389648438,201.1699981689453,201.07269287109375,201.110107421875,1365,0.0,0.0,0.0
2024-11-05 11:15:00-05:00,201.08999633789062,201.1844024658203,201.02499389648438,201.0299072265625,2810,0.0,0.0,0.0
2024-11-05 11:20:00-05:00,200.914306640625,201.0800018310547,200.914306640625,201.0251007080078,1818,0.0,0.0,0.0
2024-11-05 11:25:00-05:00,201.00050354003906,201.00050354003906,200.99000549316406,200.99000549316406,1112,0.0,0.0,0.0
2024-11-05 11:30:00-05:00,200.94000244140625,201.08999633789062,200.91000366210938,201.05909729003906,1695,0.0,0.0,0.0
2024-11-05 11:35:00-05:00,201.05999755859375,201.15640258789062,201.02200317382812,201.15640258789062,1913,0.0,0.0,0.0
2024-11-05 11:40:00-05:00,201.18499755859375,201.20399475097656,201.18499755859375,201.19000244140625,1655,0.0,0.0,0.0
2024-11-05 11:45:00-05:00,201.3000030517578,201.37989807128906,201.3000030517578,201.37989807128906,859,0.0,0.0,0.0
2024-11-05 11:50:00-05:00,201.3300018310547,201.35499572753906,201.25010681152344,201.25010681152344,880,0.0,0.0,0.0
2024-11-05 11:55:00-05:00,201.3000030517578,201.3000030517578,201.27999877929688,201.27999877929688,802,0.0,0.0,0.0
2024-11-05 12:00:00-05:00,201.13169860839844,201.16769409179688,201.0749969482422,201.15499877929688,1199,0.0,0.0,0.0
2024-11-05 12:05:00-05:00,201.1699981689453,201.2050018310547,201.1658935546875,201.2050018310547,1146,0.0,0.0,0.0
2024-11-05 12:10:00-05:00,201.22000122070312,201.26170349121094,201.19619750976562,201.26170349121094,3019,0.0,0.0,0.0
2024-11-05 12:15:00-05:00,201.25999450683594,201.36000061035156,201.2550048828125,201.33999633789062,3675,0.0,0.0,0.0
2024-11-05 12:20:00-05:00,201.30999755859375,201.33999633789062,201.21009826660156,201.21009826660156,7995,0.0,0.0,0.0
2024-11-05 12:25:00-05:00,201.22760009765625,201.24000549316406,201.19000244140625,201.19000244140625,1146,0.0,0.0,0.0
2024-11-05 12:30:00-05:00,201.32009887695312,201.3800048828125,201.32009887695312,201.3800048828125,1506,0.0,0.0,0.0
2024-11-05 12:35:00-05:00,201.3300018310547,201.389892578125,201.3300018310547,201.3300018310547,2506,0.0,0.0,0.0
2024-11-05 12:45:00-05:00,201.32000732421875,201.3800048828125,201.32000732421875,201.3800048828125,1165,0.0,0.0,0.0
2024-11-05 12:50:00-05:00,201.36000061035156,201.39500427246094,201.36000061035156,201.39500427246094,362,0.0,0.0,0.0
2024-11-05 12:55:00-05:00,201.33169555664062,201.44459533691406,201.30999755859375,201.3282012939453,3752,0.0,0.0,0.0
2024-11-05 13:00:00-05:00,201.42999267578125,201.52000427246094,201.42999267578125,201.52000427246094,1206,0.0,0.0,0.0
2024-11-05 13:05:00-05:00,201.4499969482422,201.52000427246094,201.4499969482422,201.4600067138672,1084,0.0,0.0,0.0
2024-11-05 13:10:00-05:00,201.30450439453125,201.33999633789062,201.30450439453125,201.33999633789062,1124,0.0,0.0,0.0
2024-11-05 13:15:00-05:00,201.33999633789062,201.34300231933594,201.27000427246094,201.27000427246094,929,0.0,0.0,0.0
2024-11-05 13:20:00-05:00,201.31260681152344,201.31260681152344,201.13999938964844,201.13999938964844,2244,0.0,0.0,0.0
2024-11-05 13:25:00-05:00,201.24000549316406,201.24000549316406,201.20550537109375,201.20550537109375,972,0.0,0.0,0.0
2024-11-05 13:30:00-05:00,201.27999877929688,201.32809448242188,201.16270446777344,201.2738037109375,4848,0.0,0.0,0.0
2024-11-05 13:35:00-05:00,201.16000366210938,201.214599609375,201.110107421875,201.110107421875,4668,0.0,0.0,0.0
2024-11-05 13:40:00-05:00,201.27000427246094,201.36500549316406,201.21420288085938,201.36500549316406,2759,0.0,0.0,0.0
2024-11-05 13:45:00-05:00,201.32000732421875,201.32000732421875,201.24000549316406,201.24000549316406,1057,0.0,0.0,0.0
2024-11-05 13:50:00-05:00,201.17999267578125,201.32749938964844,201.17999267578125,201.32749938964844,3595,0.0,0.0,0.0
2024-11-05 13:55:00-05:00,201.29010009765625,201.37989807128906,201.29010009765625,201.35960388183594,2135,0.0,0.0,0.0
2024-11-05 14:00:00-05:00,201.4600067138672,201.57989501953125,201.44000244140625,201.44000244140625,2484,0.0,0.0,0.0
2024-11-05 14:05:00-05:00,201.44500732421875,201.5800018310547,201.44500732421875,201.55499267578125,2636,0.0,0.0,0.0
2024-11-05 14:10:00-05:00,201.55999755859375,201.61000061035156,201.55999755859375,201.60000610351562,4826,0.0,0.0,0.0
2024-11-05 14:15:00-05:00,201.61000061035156,201.64999389648438,201.5749969482422,201.6300048828125,23842,0.0,0.0,0.0
2024-11-05 14:20:00-05:00,201.5679931640625,201.63999938964844,201.5679931640625,201.62010192871094,1192,0.0,0.0,0.0
2024-11-05 14:25:00-05:00,201.63999938964844,201.72000122070312,201.63999938964844,201.67999267578125,1957,0.0,0.0,0.0
2024-11-05 14:30:00-05:00,201.64999389648438,201.7799072265625,201.63720703125,201.7200927734375,2538,0.0,0.0,0.0
2024-11-05 14:35:00-05:00,201.76800537109375,201.80999755859375,201.72900390625,201.80499267578125,3974,0.0,0.0,0.0
2024-11-05 14:40:00-05:00,201.83990478515625,201.85000610351562,201.7899932861328,201.7899932861328,1705,0.0,0.0,0.0
2024-11-05 14:45:00-05:00,201.83999633789062,201.83999633789062,201.66000366210938,201.66000366210938,3536,0.0,0.0,0.0
2024-11-05 14:50:00-05:00,201.6199951171875,201.66000366210938,201.57000732421875,201.57040405273438,2058,0.0,0.0,0.0
2024-11-05 14:55:00-05:00,201.52000427246094,201.55499267578125,201.49000549316406,201.49000549316406,3987,0.0,0.0,0.0
2024-11-05 15:00:00-05:00,201.40499877929688,201.5,201.40499877929688,201.44090270996094,5853,0.0,0.0,0.0
2024-11-05 15:05:00-05:00,201.55999755859375,201.7100067138672,201.55999755859375,201.7100067138672,2135,0.0,0.0,0.0
2024-11-05 15:10:00-05:00,201.8000030517578,201.8092041015625,201.69500732421875,201.6999969482422,3606,0.0,0.0,0.0
2024-11-05 15:15:00-05:00,201.7899932861328,201.8074951171875,201.72999572753906,201.74000549316406,3211,0.0,0.0,0.0
2024-11-05 15:20:00-05:00,201.75999450683594,201.75999450683594,201.72000122070312,201.72000122070312,2482,0.0,0.0,0.0
2024-11-05 15:25:00-05:00,201.71099853515625,201.80299377441406,201.7100067138672,201.80299377441406,1985,0.0,0.0,0.0
2024-11-05 15:30:00-05:00,201.85890197753906,201.8800048828125,201.77000427246094,201.860107421875,2479,0.0,0.0,0.0
2024-11-05 15:35:00-05:00,201.88290405273438,202.0050048828125,201.88290405273438,202.0050048828125,6069,0.0,0.0,0.0
2024-11-05 15:40:00-05:00,201.97999572753906,201.99000549316406,201.8800048828125,201.93499755859375,3502,0.0,0.0,0.0
2024-11-05 15:45:00-05:00,201.860107421875,202.07550048828125,201.860107421875,202.01499938964844,6322,0.0,0.0,0.0
2024-11-05 15:50:00-05:00,201.99000549316406,202.25999450683594,201.94740295410156,202.25999450683594,3539,0.0,0.0,0.0
2024-11-05 15:55:00-05:00,202.22000122070312,202.44000244140625,202.22000122070312,202.44000244140625,7049,0.0,0.0,0.0
2024-11-06 09:30:00-05:00,210.74000549316406,210.9199981689453,209.71499633789062,210.30999755859375,68126,0.0,0.0,0.0
2024-11-06 09:35:00-05:00,209.51010131835938,210.49000549316406,209.33999633789062,210.4134063720703,22966,0.0,0.0,0.0
2024-11-06 09:40:00-05:00,210.57000732421875,210.65989685058594,209.60000610351562,209.60000610351562,8131,0.0,0.0,0.0
2024-11-06 09:45:00-05:00,209.75,209.75,209.02000427246094,209.27000427246094,8900,0.0,0.0,0.0
2024-11-06 09:50:00-05:00,209.24000549316406,209.3498992919922,208.5800018310547,208.5800018310547,7517,0.0,0.0,0.0
2024-11-06 09:55:00-05:00,208.60000610351562,209.25,208.4499969482422,209.14999389648438,19474,0.0,0.0,0.0
2024-11-06 10:00:00-05:00,209.27999877929688,210.0500030517578,208.9499969482422,210.0500030517578,27687,0.0,0.0,0.0
2024-11-06 10:05:00-05:00,210.10000610351562,210.3300018310547,209.7178955078125,209.97500610351562,24270,0.0,0.0,0.0
2024-11-06 10:10:00-05:00,210.0,210.19000244140625,209.75650024414062,210.10000610351562,9845,0.0,0.0,0.0
2024-11-06 10:15:00-05:00,209.92999267578125,210.24000549316406,209.64999389648438,209.64999389648438,6374,0.0,0.0,0.0
2024-11-06 10:20:00-05:00,209.92999267578125,210.30999755859375,209.89999389648438,210.1999969482422,7108,0.0,0.0,0.0
2024-11-06 10:25:00-05:00,210.10000610351562,210.5236053466797,209.97999572753906,210.52000427246094,7232,0.0,0.0,0.0
2024-11-06 10:30:00-05:00,210.00650024414062,210.0699005126953,209.90499877929688,209.98899841308594,7623,0.0,0.0,0.0
2024-11-06 10:35:00-05:00,209.72999572753906,209.8271942138672,209.51499938964844,209.55499267578125,8768,0.0,0.0,0.0
2024-11-06 10:40:00-05:00,209.4600067138672,209.9199981689453,209.4199981689453,209.6199951171875,4784,0.0,0.0,0.0
2024-11-06 10:45:00-05:00,209.6300048828125,209.72999572753906,209.5,209.72999572753906,2772,0.0,0.0,0.0
2024-11-06 10:50:00-05:00,209.42999267578125,209.5,209.0836944580078,209.34249877929688,2593,0.0,0.0,0.0
2024-11-06 10:55:00-05:00,209.50999450683594,209.55999755859375,209.28500366210938,209.4250030517578,5246,0.0,0.0,0.0
2024-11-06 11:00:00-05:00,209.4499969482422,209.46499633789062,209.1999969482422,209.43260192871094,2274,0.0,0.0,0.0
2024-11-06 11:05:00-05:00,209.39129638671875,209.47000122070312,209.19180297851562,209.33399963378906,6558,0.0,0.0,0.0
2024-11-06 11:10:00-05:00,209.32000732421875,209.77879333496094,209.32000732421875,209.77879333496094,2934,0.0,0.0,0.0
2024-11-06 11:15:00-05:00,209.7100067138672,209.76499938964844,209.67999267578125,209.69500732421875,3022,0.0,0.0,0.0
2024-11-06 11:20:00-05:00,209.6300048828125,209.89999389648438,209.47999572753906,209.88600158691406,2692,0.0,0.0,0.0
2024-11-06 11:25:00-05:00,209.85000610351562,210.02999877929688,209.80299377441406,209.87989807128906,3610,0.0,0.0,0.0
2024-11-06 11:30:00-05:00,209.81500244140625,209.87989807128906,209.6300048828125,209.6999053955078,2277,0.0,0.0,0.0
2024-11-06 11:35:00-05:00,209.71090698242188,209.7841033935547,209.63999938964844,209.7841033935547,2154,0.0,0.0,0.0
2024-11-06 11:40:00-05:00,209.7899932861328,210.1199951171875,209.7899932861328,209.97000122070312,5026,0.0,0.0,0.0
2024-11-06 11:45:00-05:00,210.0399932861328,210.16000366210938,209.96499633789062,210.14999389648438,2692,0.0,0.0,0.0
2024-11-06 11:50:00-05:00,210.14999389648438,210.19000244140625,209.9199981689453,210.09910583496094,5786,0.0,0.0,0.0
2024-11-06 11:55:00-05:00,210.25,210.3000030517578,210.1999969482422,210.27000427246094,8416,0.0,0.0,0.0
2024-11-06 12:00:00-05:00,210.2899932861328,210.32000732421875,210.0200958251953,210.28599548339844,3614,0.0,0.0,0.0
2024-11-06 12:05:00-05:00,210.1199951171875,210.3000030517578,210.02999877929688,210.1649932861328,8764,0.0,0.0,0.0
2024-11-06 12:10:00-05:00,210.29150390625,210.4582061767578,210.29150390625,210.33009338378906,9738,0.0,0.0,0.0
2024-11-06 12:15:00-05:00,210.36300659179688,210.3800048828125,209.99159240722656,210.05880737304688,4401,0.0,0.0,0.0
2024-11-06 12:20:00-05:00,209.94000244140625,210.02369689941406,209.85690307617188,209.94000244140625,2317,0.0,0.0,0.0
2024-11-06 12:25:00-05:00,210.1584014892578,210.23849487304688,210.11160278320312,210.16000366210938,4128,0.0,0.0,0.0
2024-11-06 12:30:00-05:00,210.139892578125,210.2899932861328,210.0384063720703,210.14950561523438,4392,0.0,0.0,0.0
2024-11-06 12:35:00-05:00,210.22999572753906,210.35989379882812,210.22999572753906,210.27000427246094,1613,0.0,0.0,0.0
2024-11-06 12:40:00-05:00,210.22500610351562,210.3699951171875,210.22500610351562,210.3699951171875,3963,0.0,0.0,0.0
2024-11-06 12:45:00-05:00,210.4149932861328,210.5,210.2899932861328,210.5,15742,0.0,0.0,0.0
2024-11-06 12:50:00-05:00,210.50999450683594,210.60499572753906,210.3925018310547,210.5800018310547,7212,0.0,0.0,0.0
2024-11-06 12:55:00-05:00,210.5500030517578,210.66000366210938,210.50999450683594,210.61500549316406,6479,0.0,0.0,0.0
2024-11-06 13:00:00-05:00,210.61000061035156,210.9199981689453,210.5301055908203,210.8300018310547,6108,0.0,0.0,0.0
2024-11-06 13:05:00-05:00,210.85000610351562,210.85000610351562,210.68310546875,210.68310546875,2987,0.0,0.0,0.0
2024-11-06 13:10:00-05:00,210.93499755859375,210.94500732421875,210.92999267578125,210.94500732421875,2117,0.0,0.0,0.0
2024-11-06 13:15:00-05:00,210.82220458984375,211.0,210.82220458984375,210.99000549316406,1366,0.0,0.0,0.0
2024-11-06 13:20:00-05:00,210.92999267578125,210.9320068359375,210.74989318847656,210.7550048828125,2622,0.0,0.0,0.0
2024-11-06 13:25:00-05:00,210.7375030517578,210.8699951171875,210.7375030517578,210.86599731445312,2278,0.0,0.0,0.0
2024-11-06 13:30:00-05:00,210.86500549316406,211.02999877929688,210.86500549316406,210.97999572753906,4779,0.0,0.0,0.0
2024-11-06 13:35:00-05:00,210.89109802246094,210.9499969482422,210.74729919433594,210.8000030517578,6664,0.0,0.0,0.0
2024-11-06 13:40:00-05:00,210.83999633789062,211.02000427246094,210.83999633789062,210.9949951171875,6271,0.0,0.0,0.0
2024-11-06 13:45:00-05:00,210.96359252929688,211.10989379882812,210.96359252929688,211.10000610351562,2108,0.0,0.0,0.0
2024-11-06 13:50:00-05:00,211.10000610351562,211.22000122070312,211.09500122070312,211.2100067138672,6902,0.0,0.0,0.0
2024-11-06 13:55:00-05:00,211.25999450683594,211.25999450683594,211.10000610351562,211.125,4129,0.0,0.0,0.0
2024-11-06 14:00:00-05:00,211.14500427246094,211.35000610351562,211.1199951171875,211.2906036376953,9378,0.0,0.0,0.0
2024-11-06 14:05:00-05:00,211.22999572753906,211.2696075439453,211.09959411621094,211.09959411621094,6057,0.0,0.0,0.0
2024-11-06 14:10:00-05:00,211.14999389648438,211.24000549316406,211.0406951904297,211.125,4700,0.0,0.0,0.0
2024-11-06 14:15:00-05:00,211.10870361328125,211.17489624023438,211.0,211.1259002685547,4263,0.0,0.0,0.0
2024-11-06 14:20:00-05:00,211.1649932861328,211.256103515625,211.09010314941406,211.16000366210938,4733,0.0,0.0,0.0
2024-11-06 14:25:00-05:00,211.16220092773438,211.3000030517578,211.16220092773438,211.24510192871094,14351,0.0,0.0,0.0
2024-11-06 14:30:00-05:00,211.22000122070312,211.27999877929688,211.16009521484375,211.27000427246094,2754,0.0,0.0,0.0
2024-11-06 14:35:00-05:00,211.22140502929688,211.27999877929688,211.17010498046875,211.17010498046875,8361,0.0,0.0,0.0
2024-11-06 14:40:00-05:00,211.26609802246094,211.32000732421875,211.1999969482422,211.22900390625,14272,0.0,0.0,0.0
2024-11-06 14:45:00-05:00,211.1999969482422,211.25999450683594,211.125,211.125,4478,0.0,0.0,0.0
2024-11-06 14:50:00-05:00,211.06500244140625,211.06500244140625,210.85499572753906,210.8800048828125,6507,0.0,0.0,0.0
2024-11-06 14:55:00-05:00,211.0,211.07000732421875,210.94000244140625,210.99000549316406,4514,0.0,0.0,0.0
2024-11-06 15:00:00-05:00,211.05999755859375,211.22999572753906,211.05999755859375,211.13999938964844,3659,0.0,0.0,0.0
2024-11-06 15:05:00-05:00,211.0399932861328,211.22000122070312,211.0,211.1118927001953,6528,0.0,0.0,0.0
2024-11-06 15:10:00-05:00,211.22999572753906,211.4799041748047,211.22500610351562,211.42999267578125,4193,0.0,0.0,0.0
2024-11-06 15:15:00-05:00,211.5,211.60000610351562,211.48989868164062,211.51499938964844,7621,0.0,0.0,0.0
2024-11-06 15:20:00-05:00,211.57000732421875,211.6300048828125,211.35960388183594,211.4199981689453,7933,0.0,0.0,0.0
2024-11-06 15:25:00-05:00,211.53500366210938,211.5800018310547,211.48089599609375,211.5800018310547,4317,0.0,0.0,0.0
2024-11-06 15:30:00-05:00,211.6593017578125,211.67999267578125,211.5850067138672,211.61180114746094,9721,0.0,0.0,0.0
2024-11-06 15:35:00-05:00,211.61599731445312,211.66000366210938,211.27000427246094,211.3000030517578,9030,0.0,0.0,0.0
2024-11-06 15:40:00-05:00,211.32000732421875,211.52999877929688,211.2899932861328,211.52999877929688,6117,0.0,0.0,0.0
2024-11-06 15:45:00-05:00,211.52000427246094,211.6999969482422,211.4862060546875,211.63499450683594,7898,0.0,0.0,0.0
2024-11-06 15:50:00-05:00,211.74000549316406,211.74000549316406,211.44500732421875,211.62469482421875,10198,0.0,0.0,0.0
2024-11-06 15:55:00-05:00,211.55999755859375,211.61000061035156,211.4250030517578,211.55999755859375,14133,0.0,0.0,0.0
2024-11-07 09:30:00-05:00,211.82000732421875,211.82000732421875,210.9250030517578,211.35499572753906,26753,0.0,0.0,0.0
2024-11-07 09:35:00-05:00,211.12010192871094,211.5800018310547,211.02000427246094,211.41000366210938,9223,0.0,0.0,0.0
2024-11-07 09:40:00-05:00,211.375,211.72000122070312,211.17999267578125,211.17999267578125,7154,0.0,0.0,0.0
2024-11-07 09:45:00-05:00,211.11000061035156,211.82000732421875,211.0500030517578,211.8112030029297,6947,0.0,0.0,0.0
2024-11-07 09:50:00-05:00,211.85000610351562,212.14999389648438,211.7899932861328,211.7899932861328,4732,0.0,0.0,0.0
2024-11-07 09:55:00-05:00,211.7592010498047,211.7592010498047,211.5312042236328,211.5800018310547,5221,0.0,0.0,0.0
2024-11-07 10:00:00-05:00,211.6300048828125,211.72000122070312,211.27000427246094,211.5500030517578,10141,0.0,0.0,0.0
2024-11-07 10:05:00-05:00,211.52999877929688,211.6199951171875,211.42999267578125,211.5800018310547,15145,0.0,0.0,0.0
2024-11-07 10:10:00-05:00,211.63499450683594,211.75,211.4199981689453,211.4199981689453,3516,0.0,0.0,0.0
2024-11-07 10:15:00-05:00,211.5229949951172,211.54620361328125,211.228271484375,211.43499755859375,7589,0.0,0.0,0.0
2024-11-07 10:20:00-05:00,211.5,211.51229858398438,211.28500366210938,211.38499450683594,4922,0.0,0.0,0.0
2024-11-07 10:25:00-05:00,211.49000549316406,211.81959533691406,211.44000244140625,211.80999755859375,3605,0.0,0.0,0.0
2024-11-07 10:30:00-05:00,211.8249969482422,212.27830505371094,211.8249969482422,212.27830505371094,5656,0.0,0.0,0.0
2024-11-07 10:35:00-05:00,212.32000732421875,212.50999450683594,212.25999450683594,212.35000610351562,5637,0.0,0.0,0.0
2024-11-07 10:40:00-05:00,212.33839416503906,212.60069274902344,212.33839416503906,212.4149932861328,4490,0.0,0.0,0.0
2024-11-07 10:45:00-05:00,212.3800048828125,212.3867950439453,212.25,212.36000061035156,2572,0.0,0.0,0.0
2024-11-07 10:50:00-05:00,212.32000732421875,212.33999633789062,212.16000366210938,212.33999633789062,3062,0.0,0.0,0.0
2024-11-07 10:55:00-05:00,212.27000427246094,212.3000030517578,212.08999633789062,212.10000610351562,4986,0.0,0.0,0.0
2024-11-07 11:00:00-05:00,212.08999633789062,212.08999633789062,211.74000549316406,211.75619506835938,5581,0.0,0.0,0.0
2024-11-07 11:05:00-05:00,211.6649932861328,211.72000122070312,211.52000427246094,211.67999267578125,7661,0.0,0.0,0.0
2024-11-07 11:10:00-05:00,211.6699981689453,211.6699981689453,211.41650390625,211.47000122070312,5150,0.0,0.0,0.0
2024-11-07 11:15:00-05:00,211.42579650878906,211.60000610351562,211.3000946044922,211.5998992919922,5150,0.0,0.0,0.0
2024-11-07 11:20:00-05:00,211.58999633789062,211.60000610351562,211.50999450683594,211.56829833984375,2479,0.0,0.0,0.0
2024-11-07 11:25:00-05:00,211.58999633789062,211.58999633789062,211.38999938964844,211.45989990234375,4400,0.0,0.0,0.0
2024-11-07 11:30:00-05:00,211.36500549316406,211.6082000732422,211.26010131835938,211.58740234375,5213,0.0,0.0,0.0
2024-11-07 11:35:00-05:00,211.5500030517578,211.55999755859375,211.3300018310547,211.38999938964844,4222,0.0,0.0,0.0
2024-11-07 11:40:00-05:00,211.34100341796875,211.47999572753906,211.34100341796875,211.42999267578125,5253,0.0,0.0,0.0
2024-11-07 11:45:00-05:00,211.4550018310547,211.5,211.27999877929688,211.44009399414062,2932,0.0,0.0,0.0
2024-11-07 11:50:00-05:00,211.4250030517578,211.5749969482422,211.39300537109375,211.57000732421875,2910,0.0,0.0,0.0
2024-11-07 11:55:00-05:00,211.5301055908203,211.6999969482422,211.52999877929688,211.55999755859375,3001,0.0,0.0,0.0
2024-11-07 12:00:00-05:00,211.5,211.5800018310547,211.47999572753906,211.52000427246094,3944,0.0,0.0,0.0
2024-11-07 12:05:00-05:00,211.51260375976562,211.88999938964844,211.51260375976562,211.88999938964844,1403,0.0,0.0,0.0
2024-11-07 12:10:00-05:00,211.82000732421875,211.94140625,211.82000732421875,211.90899658203125,3682,0.0,0.0,0.0
2024-11-07 12:15:00-05:00,211.97999572753906,212.0198974609375,211.97000122070312,211.97000122070312,1546,0.0,0.0,0.0
2024-11-07 12:20:00-05:00,211.88499450683594,211.94000244140625,211.77999877929688,211.8769989013672,18569,0.0,0.0,0.0
2024-11-07 12:25:00-05:00,211.8699951171875,211.88009643554688,211.83230590820312,211.8699951171875,2598,0.0,0.0,0.0
2024-11-07 12:30:00-05:00,211.88079833984375,211.98269653320312,211.87139892578125,211.94580078125,4344,0.0,0.0,0.0
2024-11-07 12:35:00-05:00,211.8800048828125,211.8800048828125,211.77499389648438,211.7899932861328,4036,0.0,0.0,0.0
2024-11-07 12:40:00-05:00,211.7899932861328,211.81500244140625,211.77430725097656,211.77430725097656,2274,0.0,0.0,0.0
2024-11-07 12:45:00-05:00,211.889892578125,211.889892578125,211.8394012451172,211.8394012451172,1286,0.0,0.0,0.0
2024-11-07 12:50:00-05:00,211.88999938964844,211.88999938964844,211.8300018310547,211.8800048828125,1310,0.0,0.0,0.0
2024-11-07 12:55:00-05:00,211.73199462890625,211.8000030517578,211.57009887695312,211.57009887695312,4557,0.0,0.0,0.0
2024-11-07 13:00:00-05:00,211.6649932861328,211.69500732421875,211.61000061035156,211.6300048828125,1836,0.0,0.0,0.0
2024-11-07 13:05:00-05:00,211.66000366210938,211.67140197753906,211.55999755859375,211.55999755859375,4368,0.0,0.0,0.0
2024-11-07 13:10:00-05:00,211.6199951171875,211.6199951171875,211.39999389648438,211.47000122070312,4712,0.0,0.0,0.0
2024-11-07 13:15:00-05:00,211.4499969482422,211.47000122070312,211.3000030517578,211.32000732421875,4039,0.0,0.0,0.0
2024-11-07 13:20:00-05:00,211.3000030517578,211.4199981689453,211.3000030517578,211.3791046142578,3927,0.0,0.0,0.0
2024-11-07 13:25:00-05:00,211.44000244140625,211.44000244140625,211.32000732421875,211.32000732421875,1920,0.0,0.0,0.0
2024-11-07 13:30:00-05:00,211.0977020263672,211.14999389648438,211.05099487304688,211.14999389648438,1647,0.0,0.0,0.0
2024-11-07 13:35:00-05:00,211.22000122070312,211.27890014648438,211.13999938964844,211.22500610351562,4379,0.0,0.0,0.0
2024-11-07 13:40:00-05:00,211.02999877929688,211.11000061035156,211.0,211.11000061035156,3214,0.0,0.0,0.0
2024-11-07 13:45:00-05:00,211.11500549316406,211.1300048828125,211.0670928955078,211.1300048828125,1714,0.0,0.0,0.0
2024-11-07 13:50:00-05:00,211.31500244140625,211.31500244140625,211.13099670410156,211.13099670410156,1373,0.0,0.0,0.0
2024-11-07 13:55:00-05:00,211.27000427246094,211.3563995361328,211.2010040283203,211.3563995361328,2521,0.0,0.0,0.0
2024-11-07 14:00:00-05:00,211.47000122070312,211.59500122070312,210.97000122070312,210.97000122070312,3559,0.0,0.0,0.0
2024-11-07 14:05:00-05:00,210.9499969482422,211.04600524902344,210.88999938964844,211.0,3811,0.0,0.0,0.0
2024-11-07 14:10:00-05:00,211.02000427246094,211.0699005126953,210.91099548339844,210.96009826660156,5551,0.0,0.0,0.0
2024-11-07 14:15:00-05:00,210.9862060546875,211.0800018310547,210.98190307617188,211.00999450683594,2658,0.0,0.0,0.0
2024-11-07 14:20:00-05:00,211.02499389648438,211.02499389648438,210.70700073242188,210.74000549316406,2498,0.0,0.0,0.0
2024-11-07 14:25:00-05:00,210.94540405273438,211.07530212402344,210.9199981689453,211.0417022705078,2285,0.0,0.0,0.0
2024-11-07 14:30:00-05:00,211.07640075683594,211.36590576171875,211.07640075683594,211.34829711914062,4576,0.0,0.0,0.0
2024-11-07 14:35:00-05:00,211.2413787841797,211.2413787841797,210.9499969482422,211.0,4163,0.0,0.0,0.0
2024-11-07 14:40:00-05:00,210.9499969482422,210.9499969482422,210.3699951171875,210.74000549316406,4057,0.0,0.0,0.0
2024-11-07 14:45:00-05:00,210.4199981689453,210.94000244140625,210.3300018310547,210.91000366210938,8921,0.0,0.0,0.0
2024-11-07 14:50:00-05:00,210.88999938964844,211.05999755859375,210.75,210.99000549316406,9366,0.0,0.0,0.0
2024-11-07 14:55:00-05:00,210.97999572753906,211.36000061035156,210.97999572753906,211.36000061035156,13291,0.0,0.0,0.0
2024-11-07 15:00:00-05:00,211.38999938964844,211.4199981689453,211.1300048828125,211.22000122070312,7504,0.0,0.0,0.0
2024-11-07 15:05:00-05:00,211.19000244140625,211.27999877929688,211.11000061035156,211.2550048828125,6794,0.0,0.0,0.0
2024-11-07 15:10:00-05:00,211.1649932861328,211.72000122070312,211.1649932861328,211.72000122070312,9321,0.0,0.0,0.0
2024-11-07 15:15:00-05:00,211.75,211.8000030517578,211.52000427246094,211.5489044189453,8694,0.0,0.0,0.0
2024-11-07 15:20:00-05:00,211.57000732421875,211.6750030517578,211.1699981689453,211.3800048828125,8266,0.0,0.0,0.0
2024-11-07 15:25:00-05:00,211.4600067138672,211.47000122070312,211.22999572753906,211.22999572753906,7722,0.0,0.0,0.0
2024-11-07 15:30:00-05:00,211.22999572753906,211.389892578125,211.1699981689453,211.2209014892578,8402,0.0,0.0,0.0
2024-11-07 15:35:00-05:00,211.22500610351562,211.34500122070312,211.13999938964844,211.15390014648438,6181,0.0,0.0,0.0
2024-11-07 15:40:00-05:00,211.08999633789062,211.27000427246094,211.00999450683594,211.0399932861328,5023,0.0,0.0,0.0
2024-11-07 15:45:00-05:00,211.0500030517578,211.1199951171875,211.00999450683594,211.00999450683594,6105,0.0,0.0,0.0
2024-11-07 15:50:00-05:00,210.9600067138672,210.97999572753906,210.82000732421875,210.97999572753906,7130,0.0,0.0,0.0
2024-11-07 15:55:00-05:00,210.97999572753906,210.97999572753906,210.82000732421875,210.88999938964844,19756,0.0,0.0,0.0
2024-11-08 09:30:00-05:00,211.0399932861328,211.125,210.40220642089844,210.9532928466797,35473,0.0,0.0,0.0
2024-11-08 09:35:00-05:00,210.80990600585938,210.80990600585938,210.6300048828125,210.8000030517578,6259,0.0,0.0,0.0
2024-11-08 09:40:00-05:00,210.64999389648438,210.91000366210938,210.52000427246094,210.91000366210938,5281,0.0,0.0,0.0
2024-11-08 09:45:00-05:00,210.8350067138672,211.5399932861328,210.8350067138672,211.41000366210938,7606,0.0,0.0,0.0
2024-11-08 09:50:00-05:00,211.41000366210938,211.41000366210938,211.1199951171875,211.1999969482422,5599,0.0,0.0,0.0
2024-11-08 09:55:00-05:00,211.22999572753906,211.32000732421875,211.16000366210938,211.25999450683594,4907,0.0,0.0,0.0
2024-11-08 10:00:00-05:00,211.17999267578125,211.77000427246094,210.88999938964844,210.98370361328125,5371,0.0,0.0,0.0
2024-11-08 10:05:00-05:00,210.96499633789062,211.12620544433594,210.87989807128906,211.0,3816,0.0,0.0,0.0
2024-11-08 10:10:00-05:00,211.0850067138672,211.72659301757812,211.0850067138672,211.72659301757812,6216,0.0,0.0,0.0
2024-11-08 10:15:00-05:00,211.66000366210938,211.7100067138672,211.4499969482422,211.49000549316406,6511,0.0,0.0,0.0
2024-11-08 10:20:00-05:00,211.47500610351562,211.8300018310547,211.47500610351562,211.67990112304688,30414,0.0,0.0,0.0
2024-11-08 10:25:00-05:00,211.625,211.72999572753906,211.50999450683594,211.5800018310547,8168,0.0,0.0,0.0
2024-11-08 10:30:00-05:00,211.6199951171875,211.8699951171875,211.4600067138672,211.8699951171875,18604,0.0,0.0,0.0
2024-11-08 10:35:00-05:00,211.8800048828125,211.89999389648438,211.72000122070312,211.77999877929688,10040,0.0,0.0,0.0
2024-11-08 10:40:00-05:00,211.76589965820312,211.80999755859375,211.68409729003906,211.74000549316406,6489,0.0,0.0,0.0
2024-11-08 10:45:00-05:00,211.74000549316406,211.82000732421875,211.5,211.61500549316406,5639,0.0,0.0,0.0
2024-11-08 10:50:00-05:00,211.5800018310547,211.75990295410156,211.5800018310547,211.7449951171875,11841,0.0,0.0,0.0
2024-11-08 10:55:00-05:00,211.64999389648438,211.91990661621094,211.64999389648438,211.91990661621094,5186,0.0,0.0,0.0
2024-11-08 11:00:00-05:00,211.92999267578125,211.92999267578125,211.82000732421875,211.91000366210938,2836,0.0,0.0,0.0
2024-11-08 11:05:00-05:00,211.9199981689453,211.9691925048828,211.79010009765625,211.80999755859375,10408,0.0,0.0,0.0
2024-11-08 11:10:00-05:00,211.91000366210938,211.92999267578125,211.75,211.79049682617188,3519,0.0,0.0,0.0
2024-11-08 11:15:00-05:00,211.77999877929688,211.92999267578125,211.74000549316406,211.8179931640625,18161,0.0,0.0,0.0
2024-11-08 11:20:00-05:00,211.8000030517578,211.8000030517578,211.77000427246094,211.78500366210938,2551,0.0,0.0,0.0
2024-11-08 11:25:00-05:00,211.8000030517578,211.8000030517578,211.6199951171875,211.6199951171875,4481,0.0,0.0,0.0
2024-11-08 11:30:00-05:00,211.57000732421875,211.57000732421875,211.42999267578125,211.49620056152344,2058,0.0,0.0,0.0
2024-11-08 11:35:00-05:00,211.49000549316406,211.5399932861328,211.44000244140625,211.50999450683594,4120,0.0,0.0,0.0
2024-11-08 11:40:00-05:00,211.5063934326172,211.5063934326172,211.26600646972656,211.35000610351562,7164,0.0,0.0,0.0
2024-11-08 11:45:00-05:00,211.3300018310547,211.3300018310547,211.22999572753906,211.2899932861328,6587,0.0,0.0,0.0
2024-11-08 11:50:00-05:00,211.28500366210938,211.44000244140625,211.27999877929688,211.44000244140625,1580,0.0,0.0,0.0
2024-11-08 11:55:00-05:00,211.39500427246094,211.39500427246094,211.27999877929688,211.27999877929688,2654,0.0,0.0,0.0
2024-11-08 12:00:00-05:00,211.30999755859375,211.33230590820312,211.25999450683594,211.27499389648438,3717,0.0,0.0,0.0
2024-11-08 12:05:00-05:00,211.2550048828125,211.2550048828125,211.10000610351562,211.22760009765625,2939,0.0,0.0,0.0
2024-11-08 12:10:00-05:00,211.17840576171875,211.17840576171875,211.0,211.0,5688,0.0,0.0,0.0
2024-11-08 12:15:00-05:00,211.0050048828125,211.1300048828125,210.98399353027344,211.1136932373047,2914,0.0,0.0,0.0
2024-11-08 12:20:00-05:00,211.1699981689453,211.24850463867188,211.1699981689453,211.24850463867188,1631,0.0,0.0,0.0
2024-11-08 12:25:00-05:00,211.25,211.2989959716797,211.22500610351562,211.25999450683594,3537,0.0,0.0,0.0
2024-11-08 12:30:00-05:00,211.32000732421875,211.3791961669922,211.32000732421875,211.3300018310547,2435,0.0,0.0,0.0
2024-11-08 12:35:00-05:00,211.3350067138672,211.36000061035156,211.22999572753906,211.27000427246094,10051,0.0,0.0,0.0
2024-11-08 12:40:00-05:00,211.2989959716797,211.3000030517578,211.22109985351562,211.25999450683594,2753,0.0,0.0,0.0
2024-11-08 12:45:00-05:00,211.2899932861328,211.3632049560547,211.2899932861328,211.32000732421875,1579,0.0,0.0,0.0
2024-11-08 12:50:00-05:00,211.32000732421875,211.4600067138672,211.25999450683594,211.4600067138672,26134,0.0,0.0,0.0
2024-11-08 12:55:00-05:00,211.4210968017578,211.44500732421875,211.3827667236328,211.44500732421875,4252,0.0,0.0,0.0
2024-11-08 13:00:00-05:00,211.39500427246094,211.42869567871094,211.38499450683594,211.42799377441406,2647,0.0,0.0,0.0
2024-11-08 13:05:00-05:00,211.39999389648438,211.406005859375,211.27999877929688,211.27999877929688,3883,0.0,0.0,0.0
2024-11-08 13:10:00-05:00,211.30990600585938,211.30999755859375,211.23500061035156,211.27999877929688,3525,0.0,0.0,0.0
2024-11-08 13:15:00-05:00,211.27000427246094,211.30499267578125,211.19000244140625,211.30499267578125,3101,0.0,0.0,0.0
2024-11-08 13:20:00-05:00,211.32000732421875,211.33859252929688,211.23179626464844,211.25860595703125,5891,0.0,0.0,0.0
2024-11-08 13:25:00-05:00,211.24000549316406,211.33909606933594,211.24000549316406,211.33909606933594,2744,0.0,0.0,0.0
2024-11-08 13:30:00-05:00,211.3350067138672,211.3800048828125,211.26010131835938,211.36000061035156,5991,0.0,0.0,0.0
2024-11-08 13:35:00-05:00,211.3000030517578,211.47999572753906,211.3000030517578,211.4199981689453,3131,0.0,0.0,0.0
2024-11-08 13:40:00-05:00,211.47999572753906,211.5,211.38499450683594,211.48199462890625,3994,0.0,0.0,0.0
2024-11-08 13:45:00-05:00,211.5,211.57000732421875,211.5,211.52499389648438,2921,0.0,0.0,0.0
2024-11-08 13:50:00-05:00,211.56900024414062,211.57000732421875,211.50999450683594,211.52999877929688,12168,0.0,0.0,0.0
2024-11-08 13:55:00-05:00,211.5,211.7032012939453,211.4718017578125,211.68499755859375,10759,0.0,0.0,0.0
2024-11-08 14:00:00-05:00,211.6750030517578,211.7698974609375,211.60690307617188,211.7698974609375,5188,0.0,0.0,0.0
2024-11-08 14:05:00-05:00,211.77999877929688,211.8699951171875,211.77479553222656,211.8699951171875,4104,0.0,0.0,0.0
2024-11-08 14:10:00-05:00,211.8300018310547,211.85000610351562,211.75,211.75,5676,0.0,0.0,0.0
2024-11-08 14:15:00-05:00,211.75,211.86000061035156,211.75,211.80499267578125,5220,0.0,0.0,0.0
2024-11-08 14:20:00-05:00,211.83999633789062,211.8498992919922,211.75999450683594,211.80650329589844,3143,0.0,0.0,0.0
2024-11-08 14:25:00-05:00,211.83999633789062,211.889892578125,211.8000030517578,211.8249969482422,7801,0.0,0.0,0.0
2024-11-08 14:30:00-05:00,211.83999633789062,211.94000244140625,211.83999633789062,211.92999267578125,3968,0.0,0.0,0.0
2024-11-08 14:35:00-05:00,211.91070556640625,212.04989624023438,211.91070556640625,211.968994140625,4388,0.0,0.0,0.0
2024-11-08 14:40:00-05:00,212.00999450683594,212.0399932861328,211.9763946533203,212.0399932861328,2165,0.0,0.0,0.0
2024-11-08 14:45:00-05:00,212.0196075439453,212.02499389648438,211.94500732421875,212.01010131835938,4664,0.0,0.0,0.0
2024-11-08 14:50:00-05:00,212.0399932861328,212.14999389648438,212.0,212.02000427246094,4683,0.0,0.0,0.0
2024-11-08 14:55:00-05:00,212.0500030517578,212.08999633789062,211.99009704589844,212.0449981689453,3236,0.0,0.0,0.0
2024-11-08 15:00:00-05:00,212.02000427246094,212.02000427246094,211.82000732421875,211.91000366210938,4818,0.0,0.0,0.0
2024-11-08 15:05:00-05:00,211.97999572753906,212.07000732421875,211.92999267578125,211.9499969482422,23219,0.0,0.0,0.0
2024-11-08 15:10:00-05:00,211.88999938964844,211.89500427246094,211.69009399414062,211.7010040283203,2729,0.0,0.0,0.0
2024-11-08 15:15:00-05:00,211.72979736328125,211.7899932861328,211.72230529785156,211.75,4130,0.0,0.0,0.0
2024-11-08 15:20:00-05:00,211.69009399414062,211.69009399414062,211.58999633789062,211.6699981689453,4524,0.0,0.0,0.0
2024-11-08 15:25:00-05:00,211.62010192871094,211.6999969482422,211.62010192871094,211.6999969482422,24298,0.0,0.0,0.0
2024-11-08 15:30:00-05:00,211.69000244140625,211.69000244140625,211.5500030517578,211.5500030517578,6796,0.0,0.0,0.0
2024-11-08 15:35:00-05:00,211.56539916992188,211.67959594726562,211.51010131835938,211.64500427246094,7246,0.0,0.0,0.0
2024-11-08 15:40:00-05:00,211.6199951171875,211.67999267578125,211.6199951171875,211.63999938964844,6552,0.0,0.0,0.0
2024-11-08 15:45:00-05:00,211.64700317382812,211.6999969482422,211.61500549316406,211.6999969482422,5284,0.0,0.0,0.0
2024-11-08 15:50:00-05:00,211.6199951171875,211.85000610351562,211.61000061035156,211.85000610351562,5321,0.0,0.0,0.0
2024-11-08 15:55:00-05:00,211.78919982910156,211.78919982910156,211.6300048828125,211.66000366210938,9192,0.0,0.0,0.0
