Datetime,Open,High,Low,Close,Volume,Dividends,Stock Splits
2022-10-21 09:00:00+09:00,2508.0,2508.0,2508.0,2508.0,0,0.0,0.0
2022-10-21 11:00:00+09:00,2508.0,2508.0,2508.0,2508.0,0,0.0,0.0
2022-10-25 09:00:00+09:00,2511.0,2511.0,2511.0,2511.0,100,0.0,0.0
2022-10-25 11:00:00+09:00,2511.0,2511.0,2511.0,2511.0,0,0.0,0.0
2022-10-26 09:00:00+09:00,2609.0,2609.0,2609.0,2609.0,0,0.0,0.0
2022-10-26 11:00:00+09:00,2609.0,2609.0,2609.0,2609.0,0,0.0,0.0
2022-10-31 09:00:00+09:00,2509.0,2509.0,2509.0,2509.0,100,0.0,0.0
2022-10-31 10:00:00+09:00,2510.0,2510.0,2509.0,2510.0,300,0.0,0.0
2022-10-31 11:00:00+09:00,2545.0,2545.0,2545.0,2545.0,0,0.0,0.0
2022-11-01 09:00:00+09:00,2540.0,2540.0,2540.0,2540.0,100,0.0,0.0
2022-11-01 11:00:00+09:00,2540.0,2540.0,2540.0,2540.0,0,0.0,0.0
2022-11-02 09:00:00+09:00,2510.0,2510.0,2509.0,2510.0,400,0.0,0.0
2022-11-02 11:00:00+09:00,2510.0,2510.0,2510.0,2510.0,0,0.0,0.0
2022-11-04 09:00:00+09:00,2459.0,2459.0,2459.0,2459.0,100,0.0,0.0
2022-11-04 11:00:00+09:00,2459.0,2459.0,2459.0,2459.0,0,0.0,0.0
2022-11-07 14:00:00+09:00,2480.0,2480.0,2459.0,2459.0,500,0.0,0.0
2022-11-08 09:00:00+09:00,2459.0,2459.0,2459.0,2459.0,100,0.0,0.0
2022-11-08 10:00:00+09:00,2465.0,2465.0,2465.0,2465.0,300,0.0,0.0
2022-11-08 11:00:00+09:00,2465.0,2465.0,2465.0,2465.0,0,0.0,0.0
2022-11-09 09:00:00+09:00,2484.0,2484.0,2484.0,2484.0,100,0.0,0.0
2022-11-09 11:00:00+09:00,2459.0,2459.0,2459.0,2459.0,0,0.0,0.0
2022-11-09 12:00:00+09:00,2460.0,2460.0,2459.0,2460.0,1100,0.0,0.0
2022-11-10 13:00:00+09:00,2310.0,2310.0,2310.0,2310.0,200,0.0,0.0
2022-11-11 09:00:00+09:00,2310.0,2310.0,2310.0,2310.0,100,0.0,0.0
2022-11-11 11:00:00+09:00,2339.0,2339.0,2339.0,2339.0,0,0.0,0.0
2022-11-11 12:00:00+09:00,2339.0,2439.0,2339.0,2439.0,600,0.0,0.0
2022-11-14 09:00:00+09:00,2339.0,2389.0,2339.0,2389.0,400,0.0,0.0
2022-11-14 11:00:00+09:00,2389.0,2389.0,2389.0,2389.0,0,0.0,0.0
2022-11-15 11:00:00+09:00,2339.0,2350.0,2339.0,2350.0,300,0.0,0.0
2022-11-15 13:00:00+09:00,2351.0,2351.0,2350.0,2350.0,700,0.0,0.0
2022-11-15 14:00:00+09:00,2350.0,2350.0,2350.0,2350.0,100,0.0,0.0
2022-11-16 09:00:00+09:00,2366.0,2366.0,2366.0,2366.0,300,0.0,0.0
2022-11-16 11:00:00+09:00,2366.0,2366.0,2366.0,2366.0,0,0.0,0.0
2022-11-16 12:00:00+09:00,2400.0,2400.0,2400.0,2400.0,600,0.0,0.0
2022-11-17 09:00:00+09:00,2400.0,2400.0,2400.0,2400.0,400,0.0,0.0
2022-11-17 11:00:00+09:00,2400.0,2400.0,2400.0,2400.0,0,0.0,0.0
2022-11-17 14:00:00+09:00,2350.0,2350.0,2350.0,2350.0,500,0.0,0.0
2022-11-22 09:00:00+09:00,2317.0,2317.0,2317.0,2317.0,100,0.0,0.0
2022-11-22 11:00:00+09:00,2353.0,2353.0,2353.0,2353.0,0,0.0,0.0
2022-11-25 14:00:00+09:00,2403.0,2403.0,2403.0,2403.0,100,0.0,0.0
2022-11-28 09:00:00+09:00,2503.0,2503.0,2453.0,2453.0,500,0.0,0.0
2022-11-28 11:00:00+09:00,2453.0,2453.0,2453.0,2453.0,0,0.0,0.0
2022-12-01 12:00:00+09:00,2333.0,2333.0,2310.0,2310.0,3900,0.0,0.0
2022-12-01 13:00:00+09:00,2311.0,2311.0,2311.0,2311.0,100,0.0,0.0
2022-12-01 14:00:00+09:00,2310.0,2310.0,2306.0,2306.0,300,0.0,0.0
2022-12-02 09:00:00+09:00,2306.0,2306.0,2291.0,2291.0,1300,0.0,0.0
2022-12-02 11:00:00+09:00,2257.0,2257.0,2257.0,2257.0,0,0.0,0.0
2022-12-02 13:00:00+09:00,2257.0,2257.0,2257.0,2257.0,1900,0.0,0.0
2022-12-02 14:00:00+09:00,2260.0,2260.0,2260.0,2260.0,100,0.0,0.0
2022-12-05 09:00:00+09:00,2256.0,2256.0,2248.0,2248.0,0,0.0,0.0
2022-12-05 11:00:00+09:00,2248.0,2248.0,2248.0,2248.0,0,0.0,0.0
2022-12-05 12:00:00+09:00,2250.0,2250.0,2250.0,2250.0,2900,0.0,0.0
2022-12-06 09:00:00+09:00,2250.0,2250.0,2250.0,2250.0,200,0.0,0.0
2022-12-06 11:00:00+09:00,2260.0,2260.0,2260.0,2260.0,0,0.0,0.0
2022-12-06 12:00:00+09:00,2279.0,2279.0,2279.0,2279.0,600,0.0,0.0
2022-12-06 13:00:00+09:00,2250.0,2250.0,2250.0,2250.0,200,0.0,0.0
2022-12-07 09:00:00+09:00,2250.0,2250.0,2250.0,2250.0,100,0.0,0.0
2022-12-07 11:00:00+09:00,2250.0,2250.0,2250.0,2250.0,0,0.0,0.0
2022-12-07 12:00:00+09:00,2250.0,2250.0,2250.0,2250.0,400,0.0,0.0
2022-12-08 09:00:00+09:00,2250.0,2250.0,2250.0,2250.0,100,0.0,0.0
2022-12-08 11:00:00+09:00,2250.0,2250.0,2250.0,2250.0,0,0.0,0.0
2022-12-08 12:00:00+09:00,2250.0,2250.0,2250.0,2250.0,400,0.0,0.0
2022-12-09 09:00:00+09:00,2250.0,2250.0,2248.0,2248.0,300,0.0,0.0
2022-12-09 11:00:00+09:00,2248.0,2248.0,2248.0,2248.0,0,0.0,0.0
2022-12-09 12:00:00+09:00,2260.0,2260.0,2260.0,2260.0,1200,0.0,0.0
2022-12-12 09:00:00+09:00,2247.0,2247.0,2247.0,2247.0,0,0.0,0.0
2022-12-12 11:00:00+09:00,2247.0,2247.0,2247.0,2247.0,0,0.0,0.0
2022-12-15 10:00:00+09:00,2207.0,2236.0,2199.0,2236.0,400,0.0,0.0
2022-12-15 11:00:00+09:00,2236.0,2236.0,2236.0,2236.0,0,0.0,0.0
2022-12-15 14:00:00+09:00,2200.0,2200.0,2200.0,2200.0,4200,0.0,0.0
2022-12-16 09:00:00+09:00,2200.0,2200.0,2155.0,2177.0,900,0.0,0.0
2022-12-16 11:00:00+09:00,2177.0,2177.0,2177.0,2177.0,0,0.0,0.0
2022-12-16 12:00:00+09:00,2178.0,2178.0,2178.0,2178.0,1100,0.0,0.0
2022-12-19 09:00:00+09:00,2178.0,2178.0,2178.0,2178.0,700,0.0,0.0
2022-12-19 11:00:00+09:00,2178.0,2178.0,2178.0,2178.0,0,0.0,0.0
2022-12-19 12:00:00+09:00,2178.0,2178.0,2178.0,2178.0,900,0.0,0.0
2022-12-19 14:00:00+09:00,2181.0,2181.0,2181.0,2181.0,100,0.0,0.0
2022-12-20 09:00:00+09:00,2181.0,2181.0,2181.0,2181.0,400,0.0,0.0
2022-12-20 11:00:00+09:00,2181.0,2181.0,2181.0,2181.0,0,0.0,0.0
2022-12-20 12:00:00+09:00,2171.0,2171.0,2171.0,2171.0,600,0.0,0.0
2022-12-20 14:00:00+09:00,2170.0,2170.0,2170.0,2170.0,100,0.0,0.0
2022-12-21 09:00:00+09:00,2170.0,2199.0,2165.0,2165.0,600,0.0,0.0
2022-12-21 10:00:00+09:00,2170.0,2180.0,2170.0,2180.0,400,0.0,0.0
2022-12-21 11:00:00+09:00,2175.0,2175.0,2170.0,2170.0,0,0.0,0.0
2022-12-21 12:00:00+09:00,2170.0,2170.0,2170.0,2170.0,1300,0.0,0.0
2022-12-21 13:00:00+09:00,2170.0,2170.0,2170.0,2170.0,200,0.0,0.0
2022-12-21 14:00:00+09:00,2170.0,2170.0,2170.0,2170.0,100,0.0,0.0
2022-12-22 09:00:00+09:00,2166.0,2170.0,2166.0,2170.0,200,0.0,0.0
2022-12-22 11:00:00+09:00,2170.0,2170.0,2170.0,2170.0,0,0.0,0.0
2022-12-22 12:00:00+09:00,2179.0,2179.0,2179.0,2179.0,300,0.0,0.0
2022-12-22 14:00:00+09:00,2180.0,2180.0,2180.0,2180.0,100,0.0,0.0
2022-12-23 09:00:00+09:00,2180.0,2180.0,2180.0,2180.0,100,0.0,0.0
2022-12-23 10:00:00+09:00,2190.0,2190.0,2181.0,2181.0,300,0.0,0.0
2022-12-23 11:00:00+09:00,2181.0,2181.0,2181.0,2181.0,0,0.0,0.0
2022-12-23 14:00:00+09:00,2185.0,2185.0,2185.0,2185.0,600,0.0,0.0
2022-12-26 09:00:00+09:00,2235.0,2235.0,2235.0,2235.0,0,0.0,0.0
2022-12-26 11:00:00+09:00,2235.0,2235.0,2235.0,2235.0,0,0.0,0.0
2022-12-27 10:00:00+09:00,2242.0,2242.0,2242.0,2242.0,100,0.0,0.0
2022-12-27 11:00:00+09:00,2242.0,2242.0,2242.0,2242.0,0,0.0,0.0
2022-12-27 12:00:00+09:00,2192.0,2192.0,2192.0,2192.0,300,0.0,0.0
2022-12-28 09:00:00+09:00,2192.0,2192.0,2192.0,2192.0,100,0.0,0.0
2022-12-28 10:00:00+09:00,2192.0,2192.0,2192.0,2192.0,1600,0.0,0.0
2022-12-28 11:00:00+09:00,2187.0,2187.0,2187.0,2187.0,0,0.0,0.0
2022-12-28 12:00:00+09:00,2187.0,2192.0,2187.0,2192.0,2900,0.0,0.0
2022-12-28 13:00:00+09:00,2195.0,2200.0,2195.0,2200.0,300,0.0,0.0
2022-12-28 14:00:00+09:00,2192.0,2195.0,2192.0,2195.0,400,0.0,0.0
2022-12-29 09:00:00+09:00,2184.0,2245.0,2184.0,2199.0,700,0.0,0.0
2022-12-29 11:00:00+09:00,2199.0,2199.0,2199.0,2199.0,0,0.0,0.0
2022-12-30 09:00:00+09:00,2195.0,2195.0,2195.0,2195.0,600,0.0,0.0
2022-12-30 11:00:00+09:00,2195.0,2195.0,2195.0,2195.0,0,0.0,0.0
2022-12-30 12:00:00+09:00,2195.0,2195.0,2188.0,2195.0,2200,0.0,0.0
2023-01-04 09:00:00+09:00,2192.0,2200.0,2192.0,2200.0,0,0.0,0.0
2023-01-04 11:00:00+09:00,2200.0,2200.0,2200.0,2200.0,0,0.0,0.0
2023-01-04 12:00:00+09:00,2200.0,2200.0,2200.0,2200.0,600,0.0,0.0
2023-01-04 14:00:00+09:00,2181.0,2181.0,2181.0,2181.0,100,0.0,0.0
2023-01-05 09:00:00+09:00,2181.0,2181.0,2181.0,2181.0,1100,0.0,0.0
2023-01-05 11:00:00+09:00,2181.0,2181.0,2181.0,2181.0,0,0.0,0.0
2023-01-05 12:00:00+09:00,2181.0,2181.0,2181.0,2181.0,0,0.0,0.0
2023-01-05 14:00:00+09:00,2171.0,2171.0,2171.0,2171.0,2100,0.0,0.0
2023-01-06 09:00:00+09:00,2165.0,2165.0,2165.0,2165.0,1200,0.0,0.0
2023-01-06 11:00:00+09:00,2186.0,2186.0,2186.0,2186.0,0,0.0,0.0
2023-01-06 13:00:00+09:00,2162.0,2165.0,2161.0,2161.0,0,0.0,0.0
2023-01-06 14:00:00+09:00,2164.0,2165.0,2161.0,2161.0,2300,0.0,0.0
2023-01-11 09:00:00+09:00,2165.0,2170.0,2165.0,2170.0,0,0.0,0.0
2023-01-11 10:00:00+09:00,2173.0,2173.0,2173.0,2173.0,100,0.0,0.0
2023-01-11 11:00:00+09:00,2173.0,2173.0,2173.0,2173.0,0,0.0,0.0
2023-01-11 13:00:00+09:00,2173.0,2173.0,2173.0,2173.0,800,0.0,0.0
2023-01-11 14:00:00+09:00,2166.0,2166.0,2166.0,2166.0,100,0.0,0.0
2023-01-12 09:00:00+09:00,2166.0,2180.0,2166.0,2180.0,800,0.0,0.0
2023-01-12 10:00:00+09:00,2185.0,2189.0,2185.0,2189.0,900,0.0,0.0
2023-01-12 11:00:00+09:00,2189.0,2189.0,2189.0,2189.0,0,0.0,0.0
2023-01-12 13:00:00+09:00,2156.0,2156.0,2156.0,2156.0,1800,0.0,0.0
2023-01-13 09:00:00+09:00,2160.0,2161.0,2160.0,2161.0,500,0.0,0.0
2023-01-13 10:00:00+09:00,2161.0,2161.0,2161.0,2161.0,200,0.0,0.0
2023-01-13 11:00:00+09:00,2161.0,2161.0,2161.0,2161.0,0,0.0,0.0
2023-01-13 12:00:00+09:00,2161.0,2175.0,2161.0,2175.0,1900,0.0,0.0
2023-01-13 13:00:00+09:00,2170.0,2170.0,2170.0,2170.0,200,0.0,0.0
2023-01-13 14:00:00+09:00,2170.0,2170.0,2161.0,2161.0,700,0.0,0.0
2023-01-16 09:00:00+09:00,2170.0,2170.0,2170.0,2170.0,0,0.0,0.0
2023-01-16 11:00:00+09:00,2191.0,2191.0,2191.0,2191.0,0,0.0,0.0
2023-01-16 12:00:00+09:00,2255.0,2255.0,2255.0,2255.0,400,0.0,0.0
2023-01-16 14:00:00+09:00,2234.0,2234.0,2234.0,2234.0,100,0.0,0.0
2023-01-18 13:00:00+09:00,2195.0,2195.0,2180.0,2180.0,200,0.0,0.0
2023-01-23 09:00:00+09:00,2262.0,2262.0,2262.0,2262.0,100,0.0,0.0
2023-01-23 11:00:00+09:00,2262.0,2262.0,2262.0,2262.0,0,0.0,0.0
2023-01-25 09:00:00+09:00,2262.0,2262.0,2262.0,2262.0,600,0.0,0.0
2023-01-25 11:00:00+09:00,2262.0,2262.0,2262.0,2262.0,0,0.0,0.0
2023-01-26 09:00:00+09:00,2212.0,2226.0,2212.0,2226.0,400,0.0,0.0
2023-01-26 11:00:00+09:00,2226.0,2226.0,2226.0,2226.0,0,0.0,0.0
2023-01-27 09:00:00+09:00,2326.0,2326.0,2326.0,2326.0,200,0.0,0.0
2023-01-27 11:00:00+09:00,2326.0,2326.0,2326.0,2326.0,0,0.0,0.0
2023-01-27 12:00:00+09:00,2276.0,2276.0,2276.0,2276.0,300,0.0,0.0
2023-02-01 14:00:00+09:00,2276.0,2276.0,2276.0,2276.0,100,0.0,0.0
2023-02-02 09:00:00+09:00,2277.0,2277.0,2277.0,2277.0,200,0.0,0.0
2023-02-02 11:00:00+09:00,2277.0,2277.0,2277.0,2277.0,0,0.0,0.0
2023-02-02 12:00:00+09:00,2227.0,2227.0,2222.0,2222.0,400,0.0,0.0
2023-02-07 14:00:00+09:00,2200.0,2200.0,2200.0,2200.0,100,0.0,0.0
2023-02-08 13:00:00+09:00,2210.0,2210.0,2210.0,2210.0,100,0.0,0.0
2023-02-09 10:00:00+09:00,2160.0,2160.0,2153.0,2153.0,1300,0.0,0.0
2023-02-09 11:00:00+09:00,2159.0,2160.0,2159.0,2160.0,0,0.0,0.0
2023-02-09 12:00:00+09:00,2164.0,2164.0,2164.0,2164.0,1800,0.0,0.0
2023-02-09 14:00:00+09:00,2214.0,2214.0,2214.0,2214.0,200,0.0,0.0
2023-02-10 09:00:00+09:00,2236.0,2254.0,2236.0,2254.0,600,0.0,0.0
2023-02-10 11:00:00+09:00,2254.0,2254.0,2254.0,2254.0,0,0.0,0.0
2023-02-10 13:00:00+09:00,2254.0,2255.0,2254.0,2255.0,800,0.0,0.0
2023-02-10 14:00:00+09:00,2205.0,2205.0,2200.0,2200.0,400,0.0,0.0
2023-02-13 09:00:00+09:00,2202.0,2202.0,2202.0,2202.0,400,0.0,0.0
2023-02-13 10:00:00+09:00,2201.0,2201.0,2199.0,2199.0,0,0.0,0.0
2023-02-13 11:00:00+09:00,2199.0,2199.0,2199.0,2199.0,0,0.0,0.0
2023-02-13 13:00:00+09:00,2209.0,2215.0,2209.0,2215.0,4600,0.0,0.0
2023-02-13 14:00:00+09:00,2214.0,2214.0,2213.0,2214.0,1100,0.0,0.0
2023-02-14 09:00:00+09:00,2299.0,2299.0,2298.0,2298.0,200,0.0,0.0
2023-02-14 10:00:00+09:00,2255.0,2255.0,2255.0,2255.0,100,0.0,0.0
2023-02-14 11:00:00+09:00,2231.0,2231.0,2230.0,2230.0,0,0.0,0.0
2023-02-15 09:00:00+09:00,2240.0,2240.0,2240.0,2240.0,100,0.0,0.0
2023-02-15 11:00:00+09:00,2240.0,2240.0,2240.0,2240.0,0,0.0,0.0
2023-02-16 09:00:00+09:00,2290.0,2290.0,2240.0,2240.0,200,0.0,0.0
2023-02-16 11:00:00+09:00,2240.0,2240.0,2240.0,2240.0,0,0.0,0.0
2023-02-17 12:00:00+09:00,2282.0,2282.0,2282.0,2282.0,100,0.0,0.0
2023-02-20 09:00:00+09:00,2253.0,2286.0,2253.0,2278.0,900,0.0,0.0
2023-02-20 11:00:00+09:00,2278.0,2278.0,2278.0,2278.0,0,0.0,0.0
2023-02-20 13:00:00+09:00,2278.0,2278.0,2278.0,2278.0,1100,0.0,0.0
2023-02-21 14:00:00+09:00,2280.0,2280.0,2280.0,2280.0,100,0.0,0.0
2023-02-22 09:00:00+09:00,2261.0,2261.0,2261.0,2261.0,300,0.0,0.0
2023-02-22 11:00:00+09:00,2261.0,2261.0,2261.0,2261.0,0,0.0,0.0
2023-02-22 12:00:00+09:00,2270.0,2270.0,2270.0,2270.0,400,0.0,0.0
2023-02-22 13:00:00+09:00,2270.0,2270.0,2270.0,2270.0,100,0.0,0.0
2023-02-24 09:00:00+09:00,2315.0,2315.0,2315.0,2315.0,0,0.0,0.0
2023-02-24 11:00:00+09:00,2315.0,2315.0,2315.0,2315.0,0,0.0,0.0
2023-02-27 09:00:00+09:00,2370.0,2398.0,2370.0,2398.0,500,0.0,0.0
2023-02-27 10:00:00+09:00,2397.0,2397.0,2348.0,2348.0,200,0.0,0.0
2023-02-27 11:00:00+09:00,2348.0,2348.0,2348.0,2348.0,0,0.0,0.0
2023-02-28 09:00:00+09:00,2397.0,2399.0,2397.0,2399.0,400,0.0,0.0
2023-02-28 10:00:00+09:00,2424.0,2439.0,2424.0,2439.0,300,0.0,0.0
2023-02-28 11:00:00+09:00,2439.0,2439.0,2439.0,2439.0,0,0.0,0.0
2023-03-01 09:00:00+09:00,2439.0,2439.0,2439.0,2439.0,100,0.0,0.0
2023-03-01 11:00:00+09:00,2439.0,2439.0,2439.0,2439.0,0,0.0,0.0
2023-03-01 13:00:00+09:00,2441.0,2441.0,2441.0,2441.0,200,0.0,0.0
2023-03-01 14:00:00+09:00,2441.0,2441.0,2441.0,2441.0,200,0.0,0.0
2023-03-02 09:00:00+09:00,2442.0,2459.0,2393.0,2457.0,1600,0.0,0.0
2023-03-02 10:00:00+09:00,2455.0,2455.0,2455.0,2455.0,500,0.0,0.0
2023-03-02 11:00:00+09:00,2455.0,2455.0,2455.0,2455.0,0,0.0,0.0
2023-03-02 13:00:00+09:00,2454.0,2454.0,2454.0,2454.0,2600,0.0,0.0
2023-03-03 09:00:00+09:00,2404.0,2404.0,2404.0,2404.0,100,0.0,0.0
2023-03-03 11:00:00+09:00,2445.0,2445.0,2445.0,2445.0,0,0.0,0.0
2023-03-03 12:00:00+09:00,2431.0,2434.0,2431.0,2434.0,500,0.0,0.0
2023-03-03 14:00:00+09:00,2430.0,2430.0,2430.0,2430.0,100,0.0,0.0
2023-03-06 09:00:00+09:00,2430.0,2459.0,2430.0,2459.0,200,0.0,0.0
2023-03-06 11:00:00+09:00,2459.0,2459.0,2459.0,2459.0,0,0.0,0.0
2023-03-06 14:00:00+09:00,2459.0,2459.0,2459.0,2459.0,300,0.0,0.0
2023-03-07 09:00:00+09:00,2459.0,2468.0,2459.0,2468.0,300,0.0,0.0
2023-03-07 11:00:00+09:00,2468.0,2468.0,2468.0,2468.0,0,0.0,0.0
2023-03-08 14:00:00+09:00,2508.0,2508.0,2508.0,2508.0,200,0.0,0.0
2023-03-09 09:00:00+09:00,2508.0,2508.0,2508.0,2508.0,100,0.0,0.0
2023-03-09 10:00:00+09:00,2530.0,2530.0,2530.0,2530.0,100,0.0,0.0
2023-03-09 11:00:00+09:00,2530.0,2530.0,2530.0,2530.0,0,0.0,0.0
2023-03-09 14:00:00+09:00,2580.0,2580.0,2580.0,2580.0,300,0.0,0.0
2023-03-10 09:00:00+09:00,2588.0,2588.0,2588.0,2588.0,100,0.0,0.0
2023-03-10 10:00:00+09:00,2587.0,2587.0,2587.0,2587.0,100,0.0,0.0
2023-03-10 11:00:00+09:00,2587.0,2587.0,2587.0,2587.0,0,0.0,0.0
2023-03-10 14:00:00+09:00,2590.0,2590.0,2590.0,2590.0,300,0.0,0.0
2023-03-13 09:00:00+09:00,2550.0,2550.0,2550.0,2550.0,0,0.0,0.0
2023-03-13 11:00:00+09:00,2550.0,2550.0,2550.0,2550.0,0,0.0,0.0
2023-03-13 13:00:00+09:00,2560.0,2560.0,2560.0,2560.0,200,0.0,0.0
2023-03-14 09:00:00+09:00,2610.0,2680.0,2610.0,2680.0,600,0.0,0.0
2023-03-14 10:00:00+09:00,2620.0,2645.0,2620.0,2625.0,800,0.0,0.0
2023-03-14 11:00:00+09:00,2612.0,2612.0,2612.0,2612.0,0,0.0,0.0
2023-03-14 14:00:00+09:00,2633.0,2695.0,2633.0,2695.0,2000,0.0,0.0
2023-03-15 09:00:00+09:00,2695.0,2708.0,2667.0,2667.0,1500,0.0,0.0
2023-03-15 10:00:00+09:00,2667.0,2700.0,2617.0,2662.0,600,0.0,0.0
2023-03-15 11:00:00+09:00,2662.0,2662.0,2662.0,2662.0,0,0.0,0.0
2023-03-15 14:00:00+09:00,2662.0,2662.0,2661.0,2661.0,3100,0.0,0.0
2023-03-16 09:00:00+09:00,2761.0,2761.0,2714.0,2719.0,700,0.0,0.0
2023-03-16 11:00:00+09:00,2719.0,2719.0,2719.0,2719.0,0,0.0,0.0
2023-03-16 12:00:00+09:00,2720.0,2720.0,2720.0,2720.0,900,0.0,0.0
2023-03-16 14:00:00+09:00,2700.0,2700.0,2700.0,2700.0,200,0.0,0.0
2023-03-17 09:00:00+09:00,2650.0,2650.0,2650.0,2650.0,100,0.0,0.0
2023-03-17 11:00:00+09:00,2650.0,2650.0,2650.0,2650.0,0,0.0,0.0
2023-03-17 14:00:00+09:00,2721.0,2721.0,2704.0,2720.0,700,0.0,0.0
2023-03-20 09:00:00+09:00,2670.0,2670.0,2600.0,2600.0,600,0.0,0.0
2023-03-20 11:00:00+09:00,2600.0,2600.0,2600.0,2600.0,0,0.0,0.0
2023-03-20 13:00:00+09:00,2611.0,2650.0,2600.0,2650.0,1100,0.0,0.0
2023-03-22 14:00:00+09:00,2638.0,2638.0,2638.0,2638.0,0,0.0,0.0
2023-03-23 09:00:00+09:00,2659.0,2659.0,2659.0,2659.0,300,0.0,0.0
2023-03-23 10:00:00+09:00,2657.0,2657.0,2657.0,2657.0,100,0.0,0.0
2023-03-23 11:00:00+09:00,2657.0,2657.0,2657.0,2657.0,0,0.0,0.0
2023-03-23 12:00:00+09:00,2650.0,2650.0,2650.0,2650.0,500,0.0,0.0
2023-03-24 09:00:00+09:00,2650.0,2650.0,2650.0,2650.0,300,0.0,0.0
2023-03-24 10:00:00+09:00,2668.0,2670.0,2668.0,2670.0,200,0.0,0.0
2023-03-24 11:00:00+09:00,2670.0,2670.0,2670.0,2670.0,0,0.0,0.0
2023-03-28 09:00:00+09:00,2551.0,2551.0,2551.0,2551.0,200,0.0,0.0
2023-03-28 11:00:00+09:00,2551.0,2551.0,2551.0,2551.0,0,0.0,0.0
2023-03-29 09:00:00+09:00,2555.0,2571.0,2555.0,2571.0,200,0.0,0.0
2023-03-29 11:00:00+09:00,2587.0,2587.0,2587.0,2587.0,0,0.0,0.0
2023-03-29 12:00:00+09:00,2648.0,2648.0,2648.0,2648.0,400,0.0,0.0
2023-03-30 09:00:00+09:00,2448.0,2462.0,2420.0,2447.0,1500,0.0,0.0
2023-03-30 10:00:00+09:00,2447.0,2447.0,2447.0,2447.0,100,0.0,0.0
2023-03-30 11:00:00+09:00,2447.0,2447.0,2447.0,2447.0,0,0.0,0.0
2023-03-30 12:00:00+09:00,2425.0,2425.0,2424.0,2424.0,92200,0.0,0.0
2023-03-30 13:00:00+09:00,2436.0,2474.0,2424.0,2450.0,1200,0.0,0.0
2023-03-31 09:00:00+09:00,2451.0,2500.0,2451.0,2456.0,500,0.0,0.0
2023-03-31 10:00:00+09:00,2455.0,2456.0,2451.0,2451.0,3000,0.0,0.0
2023-03-31 11:00:00+09:00,2451.0,2451.0,2451.0,2451.0,0,0.0,0.0
2023-03-31 13:00:00+09:00,2451.0,2451.0,2451.0,2451.0,5100,0.0,0.0
2023-04-03 09:00:00+09:00,2427.0,2427.0,2382.0,2403.0,5900,0.0,0.0
2023-04-03 11:00:00+09:00,2410.0,2410.0,2410.0,2410.0,0,0.0,0.0
2023-04-03 12:00:00+09:00,2410.0,2410.0,2410.0,2410.0,6200,0.0,0.0
2023-04-03 13:00:00+09:00,2440.0,2440.0,2440.0,2440.0,0,0.0,0.0
2023-04-03 14:00:00+09:00,2440.0,2440.0,2440.0,2440.0,6600,0.0,0.0
2023-04-04 09:00:00+09:00,2440.0,2440.0,2440.0,2440.0,300,0.0,0.0
2023-04-04 11:00:00+09:00,2440.0,2440.0,2440.0,2440.0,0,0.0,0.0
2023-04-04 12:00:00+09:00,2449.0,2449.0,2449.0,2449.0,1400,0.0,0.0
2023-04-05 10:00:00+09:00,2472.0,2472.0,2472.0,2472.0,100,0.0,0.0
2023-04-05 11:00:00+09:00,2472.0,2472.0,2472.0,2472.0,0,0.0,0.0
2023-04-10 13:00:00+09:00,2422.0,2432.0,2422.0,2432.0,400,0.0,0.0
2023-04-12 09:00:00+09:00,2415.0,2415.0,2415.0,2415.0,200,0.0,0.0
2023-04-12 11:00:00+09:00,2415.0,2415.0,2415.0,2415.0,0,0.0,0.0
2023-04-12 13:00:00+09:00,2485.0,2506.0,2485.0,2506.0,400,0.0,0.0
2023-04-14 13:00:00+09:00,2503.0,2504.0,2503.0,2504.0,200,0.0,0.0
2023-04-18 12:00:00+09:00,2508.0,2508.0,2508.0,2508.0,100,0.0,0.0
2023-04-19 12:00:00+09:00,2458.0,2458.0,2458.0,2458.0,100,0.0,0.0
2023-04-19 14:00:00+09:00,2454.0,2511.0,2454.0,2511.0,200,0.0,0.0
2023-04-20 11:00:00+09:00,2520.0,2520.0,2520.0,2520.0,100,0.0,0.0
2023-04-20 13:00:00+09:00,2479.0,2517.0,2468.0,2473.0,1100,0.0,0.0
2023-04-20 14:00:00+09:00,2462.0,2462.0,2462.0,2462.0,100,0.0,0.0
2023-04-21 12:00:00+09:00,2480.0,2482.0,2480.0,2480.0,300,0.0,0.0
2023-04-21 13:00:00+09:00,2468.0,2468.0,2468.0,2468.0,100,0.0,0.0
2023-04-24 09:00:00+09:00,2568.0,2568.0,2568.0,2568.0,100,0.0,0.0
2023-04-24 11:00:00+09:00,2568.0,2568.0,2568.0,2568.0,0,0.0,0.0
2023-04-24 12:00:00+09:00,2538.0,2538.0,2538.0,2538.0,200,0.0,0.0
2023-04-24 14:00:00+09:00,2488.0,2514.0,2488.0,2514.0,200,0.0,0.0
2023-04-25 09:00:00+09:00,2514.0,2514.0,2514.0,2514.0,500,0.0,0.0
2023-04-25 10:00:00+09:00,2500.0,2500.0,2489.0,2489.0,200,0.0,0.0
2023-04-25 11:00:00+09:00,2491.0,2491.0,2489.0,2489.0,0,0.0,0.0
2023-04-26 09:00:00+09:00,2489.0,2489.0,2489.0,2489.0,100,0.0,0.0
2023-04-26 11:00:00+09:00,2489.0,2489.0,2489.0,2489.0,0,0.0,0.0
2023-04-27 11:00:00+09:00,2489.0,2489.0,2489.0,2489.0,100,0.0,0.0
2023-04-28 13:00:00+09:00,2515.0,2515.0,2474.0,2474.0,200,0.0,0.0
2023-05-01 09:00:00+09:00,2450.0,2450.0,2450.0,2450.0,400,0.0,0.0
2023-05-01 10:00:00+09:00,2456.0,2456.0,2450.0,2450.0,200,0.0,0.0
2023-05-01 11:00:00+09:00,2450.0,2450.0,2450.0,2450.0,0,0.0,0.0
2023-05-01 12:00:00+09:00,2499.0,2506.0,2499.0,2506.0,800,0.0,0.0
2023-05-01 13:00:00+09:00,2511.0,2511.0,2461.0,2461.0,200,0.0,0.0
2023-05-02 09:00:00+09:00,2461.0,2461.0,2425.0,2425.0,800,0.0,0.0
2023-05-02 11:00:00+09:00,2475.0,2492.0,2475.0,2492.0,0,0.0,0.0
2023-05-08 09:00:00+09:00,2442.0,2450.0,2442.0,2445.0,0,0.0,0.0
2023-05-08 11:00:00+09:00,2445.0,2445.0,2445.0,2445.0,0,0.0,0.0
2023-05-08 13:00:00+09:00,2450.0,2450.0,2450.0,2450.0,500,0.0,0.0
2023-05-08 14:00:00+09:00,2449.0,2449.0,2449.0,2449.0,100,0.0,0.0
2023-05-09 13:00:00+09:00,2450.0,2460.0,2450.0,2460.0,1000,0.0,0.0
2023-05-09 14:00:00+09:00,2460.0,2465.0,2460.0,2465.0,400,0.0,0.0
2023-05-10 09:00:00+09:00,2466.0,2466.0,2466.0,2466.0,200,0.0,0.0
2023-05-10 10:00:00+09:00,2466.0,2466.0,2466.0,2466.0,200,0.0,0.0
2023-05-10 11:00:00+09:00,2466.0,2466.0,2466.0,2466.0,0,0.0,0.0
2023-05-10 13:00:00+09:00,2466.0,2466.0,2465.0,2466.0,1000,0.0,0.0
2023-05-10 14:00:00+09:00,2461.0,2461.0,2456.0,2456.0,500,0.0,0.0
2023-05-11 09:00:00+09:00,2454.0,2454.0,2445.0,2445.0,400,0.0,0.0
2023-05-11 10:00:00+09:00,2441.0,2467.0,2435.0,2467.0,1500,0.0,0.0
2023-05-11 11:00:00+09:00,2467.0,2467.0,2467.0,2467.0,0,0.0,0.0
2023-05-11 12:00:00+09:00,2467.0,2476.0,2426.0,2476.0,3700,0.0,0.0
2023-05-11 13:00:00+09:00,2475.0,2518.0,2470.0,2493.0,8300,0.0,0.0
2023-05-11 14:00:00+09:00,2494.0,2503.0,2484.0,2484.0,2600,0.0,0.0
2023-05-12 09:00:00+09:00,2490.0,2490.0,2460.0,2470.0,1000,0.0,0.0
2023-05-12 11:00:00+09:00,2470.0,2470.0,2470.0,2470.0,0,0.0,0.0
2023-05-12 13:00:00+09:00,2532.0,2532.0,2530.0,2530.0,1500,0.0,0.0
2023-05-12 14:00:00+09:00,2524.0,2530.0,2524.0,2530.0,500,0.0,0.0
2023-05-15 09:00:00+09:00,2540.0,2540.0,2537.0,2537.0,0,0.0,0.0
2023-05-15 10:00:00+09:00,2539.0,2539.0,2539.0,2539.0,100,0.0,0.0
2023-05-15 11:00:00+09:00,2539.0,2539.0,2539.0,2539.0,0,0.0,0.0
2023-05-15 12:00:00+09:00,2539.0,2539.0,2539.0,2539.0,1600,0.0,0.0
2023-05-15 13:00:00+09:00,2553.0,2564.0,2553.0,2564.0,700,0.0,0.0
2023-05-15 14:00:00+09:00,2561.0,2564.0,2561.0,2564.0,500,0.0,0.0
2023-05-16 09:00:00+09:00,2614.0,2638.0,2614.0,2638.0,2000,0.0,0.0
2023-05-16 10:00:00+09:00,2638.0,2638.0,2638.0,2638.0,200,0.0,0.0
2023-05-16 11:00:00+09:00,2638.0,2638.0,2638.0,2638.0,0,0.0,0.0
2023-05-16 12:00:00+09:00,2611.0,2611.0,2611.0,2611.0,2400,0.0,0.0
2023-05-16 13:00:00+09:00,2611.0,2611.0,2590.0,2590.0,1300,0.0,0.0
2023-05-16 14:00:00+09:00,2554.0,2586.0,2526.0,2586.0,500,0.0,0.0
2023-05-17 09:00:00+09:00,2580.0,2580.0,2580.0,2580.0,700,0.0,0.0
2023-05-17 11:00:00+09:00,2580.0,2580.0,2580.0,2580.0,0,0.0,0.0
2023-05-17 12:00:00+09:00,2535.0,2535.0,2535.0,2535.0,800,0.0,0.0
2023-05-17 13:00:00+09:00,2535.0,2535.0,2533.0,2533.0,200,0.0,0.0
2023-05-17 14:00:00+09:00,2535.0,2566.0,2535.0,2566.0,1000,0.0,0.0
2023-05-18 09:00:00+09:00,2585.0,2585.0,2580.0,2580.0,1000,0.0,0.0
2023-05-18 11:00:00+09:00,2535.0,2535.0,2535.0,2535.0,0,0.0,0.0
2023-05-18 12:00:00+09:00,2535.0,2535.0,2530.0,2530.0,0,0.0,0.0
2023-05-18 13:00:00+09:00,2541.0,2541.0,2541.0,2541.0,1700,0.0,0.0
2023-05-18 14:00:00+09:00,2506.0,2506.0,2501.0,2501.0,300,0.0,0.0
2023-05-19 09:00:00+09:00,2503.0,2527.0,2503.0,2527.0,600,0.0,0.0
2023-05-19 11:00:00+09:00,2527.0,2527.0,2527.0,2527.0,0,0.0,0.0
2023-05-19 13:00:00+09:00,2548.0,2548.0,2548.0,2548.0,700,0.0,0.0
2023-05-22 09:00:00+09:00,2548.0,2548.0,2548.0,2548.0,100,0.0,0.0
2023-05-22 11:00:00+09:00,2548.0,2548.0,2548.0,2548.0,0,0.0,0.0
2023-05-22 12:00:00+09:00,2503.0,2503.0,2503.0,2503.0,200,0.0,0.0
2023-05-22 14:00:00+09:00,2510.0,2510.0,2510.0,2510.0,100,0.0,0.0
2023-05-23 09:00:00+09:00,2520.0,2520.0,2493.0,2496.0,1300,0.0,0.0
2023-05-23 11:00:00+09:00,2519.0,2520.0,2519.0,2520.0,0,0.0,0.0
2023-05-23 12:00:00+09:00,2505.0,2505.0,2505.0,2505.0,2000,0.0,0.0
2023-05-23 14:00:00+09:00,2500.0,2500.0,2500.0,2500.0,100,0.0,0.0
2023-05-24 09:00:00+09:00,2481.0,2501.0,2481.0,2501.0,800,0.0,0.0
2023-05-24 11:00:00+09:00,2501.0,2501.0,2501.0,2501.0,0,0.0,0.0
2023-05-24 12:00:00+09:00,2483.0,2483.0,2483.0,2483.0,1000,0.0,0.0
2023-05-24 13:00:00+09:00,2483.0,2483.0,2483.0,2483.0,100,0.0,0.0
2023-05-24 14:00:00+09:00,2500.0,2500.0,2500.0,2500.0,100,0.0,0.0
2023-05-25 09:00:00+09:00,2500.0,2525.0,2483.0,2483.0,800,0.0,0.0
2023-05-25 11:00:00+09:00,2483.0,2483.0,2483.0,2483.0,0,0.0,0.0
2023-05-26 09:00:00+09:00,2495.0,2504.0,2486.0,2486.0,800,0.0,0.0
2023-05-26 10:00:00+09:00,2486.0,2486.0,2486.0,2486.0,100,0.0,0.0
2023-05-26 11:00:00+09:00,2486.0,2486.0,2486.0,2486.0,0,0.0,0.0
2023-05-26 13:00:00+09:00,2487.0,2487.0,2487.0,2487.0,1000,0.0,0.0
2023-05-29 09:00:00+09:00,2537.0,2537.0,2537.0,2537.0,100,0.0,0.0
2023-05-29 11:00:00+09:00,2537.0,2537.0,2537.0,2537.0,0,0.0,0.0
2023-05-30 09:00:00+09:00,2537.0,2544.0,2461.0,2481.0,1200,0.0,0.0
2023-05-30 10:00:00+09:00,2478.0,2478.0,2478.0,2478.0,100,0.0,0.0
2023-05-30 11:00:00+09:00,2478.0,2478.0,2478.0,2478.0,0,0.0,0.0
2023-05-30 12:00:00+09:00,2478.0,2478.0,2478.0,2478.0,1600,0.0,0.0
2023-05-30 14:00:00+09:00,2506.0,2506.0,2506.0,2506.0,100,0.0,0.0
2023-05-31 10:00:00+09:00,2482.0,2482.0,2480.0,2481.0,1800,0.0,0.0
2023-05-31 11:00:00+09:00,2481.0,2481.0,2481.0,2481.0,0,0.0,0.0
2023-05-31 12:00:00+09:00,2475.0,2475.0,2474.0,2474.0,2200,0.0,0.0
2023-05-31 13:00:00+09:00,2468.0,2468.0,2461.0,2461.0,400,0.0,0.0
2023-05-31 14:00:00+09:00,2461.0,2461.0,2461.0,2461.0,400,0.0,0.0
2023-06-01 09:00:00+09:00,2503.0,2503.0,2460.0,2464.0,1200,0.0,0.0
2023-06-01 10:00:00+09:00,2494.0,2494.0,2494.0,2494.0,0,0.0,0.0
2023-06-01 11:00:00+09:00,2494.0,2494.0,2494.0,2494.0,0,0.0,0.0
2023-06-01 12:00:00+09:00,2466.0,2466.0,2466.0,2466.0,1700,0.0,0.0
2023-06-01 14:00:00+09:00,2488.0,2488.0,2488.0,2488.0,100,0.0,0.0
2023-06-02 09:00:00+09:00,2488.0,2488.0,2488.0,2488.0,200,0.0,0.0
2023-06-02 10:00:00+09:00,2464.0,2464.0,2464.0,2464.0,0,0.0,0.0
2023-06-02 11:00:00+09:00,2465.0,2465.0,2465.0,2465.0,0,0.0,0.0
2023-06-02 14:00:00+09:00,2502.0,2502.0,2498.0,2498.0,800,0.0,0.0
2023-06-05 09:00:00+09:00,2481.0,2505.0,2474.0,2505.0,400,0.0,0.0
2023-06-05 10:00:00+09:00,2499.0,2521.0,2483.0,2521.0,1000,0.0,0.0
2023-06-05 11:00:00+09:00,2519.0,2519.0,2519.0,2519.0,0,0.0,0.0
2023-06-05 12:00:00+09:00,2519.0,2519.0,2519.0,2519.0,1700,0.0,0.0
2023-06-05 14:00:00+09:00,2519.0,2519.0,2519.0,2519.0,200,0.0,0.0
2023-06-06 14:00:00+09:00,2504.0,2504.0,2502.0,2502.0,200,0.0,0.0
2023-06-07 09:00:00+09:00,2589.0,2589.0,2589.0,2589.0,200,0.0,0.0
2023-06-07 10:00:00+09:00,2555.0,2555.0,2539.0,2539.0,400,0.0,0.0
2023-06-07 11:00:00+09:00,2539.0,2539.0,2539.0,2539.0,0,0.0,0.0
2023-06-07 12:00:00+09:00,2539.0,2539.0,2539.0,2539.0,700,0.0,0.0
2023-06-07 13:00:00+09:00,2550.0,2550.0,2550.0,2550.0,100,0.0,0.0
2023-06-07 14:00:00+09:00,2550.0,2550.0,2537.0,2537.0,300,0.0,0.0
2023-06-08 09:00:00+09:00,2537.0,2537.0,2528.0,2528.0,200,0.0,0.0
2023-06-08 10:00:00+09:00,2533.0,2562.0,2533.0,2562.0,200,0.0,0.0
2023-06-08 11:00:00+09:00,2545.0,2545.0,2545.0,2545.0,0,0.0,0.0
2023-06-08 12:00:00+09:00,2545.0,2545.0,2545.0,2545.0,700,0.0,0.0
2023-06-08 13:00:00+09:00,2540.0,2540.0,2540.0,2540.0,900,0.0,0.0
2023-06-08 14:00:00+09:00,2550.0,2550.0,2550.0,2550.0,100,0.0,0.0
2023-06-09 09:00:00+09:00,2550.0,2560.0,2550.0,2560.0,500,0.0,0.0
2023-06-09 10:00:00+09:00,2560.0,2560.0,2560.0,2560.0,200,0.0,0.0
2023-06-09 11:00:00+09:00,2580.0,2580.0,2580.0,2580.0,0,0.0,0.0
2023-06-12 09:00:00+09:00,2585.0,2615.0,2585.0,2615.0,200,0.0,0.0
2023-06-12 10:00:00+09:00,2582.0,2582.0,2582.0,2582.0,100,0.0,0.0
2023-06-12 11:00:00+09:00,2582.0,2582.0,2582.0,2582.0,0,0.0,0.0
2023-06-12 12:00:00+09:00,2561.0,2561.0,2561.0,2561.0,400,0.0,0.0
2023-06-12 13:00:00+09:00,2545.0,2545.0,2545.0,2545.0,200,0.0,0.0
2023-06-12 14:00:00+09:00,2555.0,2555.0,2555.0,2555.0,100,0.0,0.0
2023-06-13 09:00:00+09:00,2550.0,2550.0,2550.0,2550.0,200,0.0,0.0
2023-06-13 10:00:00+09:00,2566.0,2566.0,2566.0,2566.0,200,0.0,0.0
2023-06-13 11:00:00+09:00,2552.0,2552.0,2550.0,2551.0,0,0.0,0.0
2023-06-13 12:00:00+09:00,2550.0,2550.0,2550.0,2550.0,1000,0.0,0.0
2023-06-13 13:00:00+09:00,2550.0,2550.0,2550.0,2550.0,100,0.0,0.0
2023-06-13 14:00:00+09:00,2550.0,2550.0,2550.0,2550.0,100,0.0,0.0
2023-06-14 09:00:00+09:00,2550.0,2550.0,2550.0,2550.0,500,0.0,0.0
2023-06-14 10:00:00+09:00,2541.0,2541.0,2540.0,2540.0,200,0.0,0.0
2023-06-14 11:00:00+09:00,2540.0,2540.0,2536.0,2536.0,0,0.0,0.0
2023-06-14 12:00:00+09:00,2536.0,2536.0,2532.0,2532.0,1500,0.0,0.0
2023-06-14 13:00:00+09:00,2532.0,2550.0,2532.0,2550.0,2400,0.0,0.0
2023-06-14 14:00:00+09:00,2554.0,2554.0,2554.0,2554.0,200,0.0,0.0
2023-06-15 09:00:00+09:00,2538.0,2538.0,2538.0,2538.0,3300,0.0,0.0
2023-06-15 10:00:00+09:00,2545.0,2551.0,2545.0,2550.0,1200,0.0,0.0
2023-06-15 11:00:00+09:00,2550.0,2550.0,2550.0,2550.0,0,0.0,0.0
2023-06-15 12:00:00+09:00,2549.0,2549.0,2545.0,2545.0,4800,0.0,0.0
2023-06-15 14:00:00+09:00,2540.0,2540.0,2540.0,2540.0,100,0.0,0.0
2023-06-16 09:00:00+09:00,2550.0,2550.0,2525.0,2525.0,200,0.0,0.0
2023-06-16 10:00:00+09:00,2548.0,2548.0,2548.0,2548.0,100,0.0,0.0
2023-06-16 11:00:00+09:00,2548.0,2548.0,2548.0,2548.0,0,0.0,0.0
2023-06-19 09:00:00+09:00,2545.0,2548.0,2545.0,2548.0,200,0.0,0.0
2023-06-19 10:00:00+09:00,2553.0,2556.0,2553.0,2556.0,500,0.0,0.0
2023-06-19 11:00:00+09:00,2556.0,2556.0,2556.0,2556.0,0,0.0,0.0
2023-06-19 14:00:00+09:00,2556.0,2556.0,2556.0,2556.0,800,0.0,0.0
2023-06-20 09:00:00+09:00,2530.0,2552.0,2530.0,2531.0,0,0.0,0.0
2023-06-20 10:00:00+09:00,2531.0,2546.0,2531.0,2539.0,1000,0.0,0.0
2023-06-20 11:00:00+09:00,2539.0,2539.0,2539.0,2539.0,0,0.0,0.0
2023-06-20 12:00:00+09:00,2529.0,2529.0,2529.0,2529.0,1300,0.0,0.0
2023-06-20 13:00:00+09:00,2529.0,2529.0,2529.0,2529.0,200,0.0,0.0
2023-06-21 09:00:00+09:00,2533.0,2549.0,2533.0,2544.0,700,0.0,0.0
2023-06-21 10:00:00+09:00,2544.0,2545.0,2544.0,2545.0,1100,0.0,0.0
2023-06-21 11:00:00+09:00,2545.0,2545.0,2545.0,2545.0,0,0.0,0.0
2023-06-21 12:00:00+09:00,2544.0,2544.0,2544.0,2544.0,2000,0.0,0.0
2023-06-22 09:00:00+09:00,2560.0,2560.0,2541.0,2541.0,300,0.0,0.0
2023-06-22 10:00:00+09:00,2540.0,2541.0,2534.0,2540.0,600,0.0,0.0
2023-06-22 11:00:00+09:00,2567.0,2567.0,2567.0,2567.0,0,0.0,0.0
2023-06-22 13:00:00+09:00,2543.0,2544.0,2541.0,2544.0,1700,0.0,0.0
2023-06-23 09:00:00+09:00,2545.0,2546.0,2544.0,2546.0,1300,0.0,0.0
2023-06-23 11:00:00+09:00,2546.0,2546.0,2546.0,2546.0,0,0.0,0.0
2023-06-23 12:00:00+09:00,2546.0,2546.0,2546.0,2546.0,1500,0.0,0.0
2023-06-23 13:00:00+09:00,2546.0,2546.0,2544.0,2544.0,200,0.0,0.0
2023-06-23 14:00:00+09:00,2546.0,2546.0,2546.0,2546.0,100,0.0,0.0
2023-06-26 12:00:00+09:00,2543.0,2543.0,2538.0,2539.0,300,0.0,0.0
2023-06-26 13:00:00+09:00,2540.0,2540.0,2537.0,2537.0,200,0.0,0.0
2023-06-26 14:00:00+09:00,2540.0,2540.0,2540.0,2540.0,100,0.0,0.0
2023-06-27 09:00:00+09:00,2560.0,2560.0,2533.0,2537.0,400,0.0,0.0
2023-06-27 10:00:00+09:00,2534.0,2536.0,2534.0,2536.0,500,0.0,0.0
2023-06-27 11:00:00+09:00,2536.0,2536.0,2536.0,2536.0,0,0.0,0.0
2023-06-27 13:00:00+09:00,2536.0,2536.0,2536.0,2536.0,1000,0.0,0.0
2023-06-28 10:00:00+09:00,2545.0,2550.0,2538.0,2541.0,400,0.0,0.0
2023-06-28 11:00:00+09:00,2545.0,2545.0,2545.0,2545.0,0,0.0,0.0
2023-06-28 12:00:00+09:00,2545.0,2547.0,2545.0,2547.0,1300,0.0,0.0
2023-06-28 13:00:00+09:00,2543.0,2545.0,2543.0,2545.0,400,0.0,0.0
2023-06-28 14:00:00+09:00,2556.0,2556.0,2543.0,2545.0,800,0.0,0.0
2023-06-29 09:00:00+09:00,2573.0,2573.0,2542.0,2542.0,500,0.0,0.0
2023-06-29 10:00:00+09:00,2542.0,2552.0,2542.0,2552.0,1100,0.0,0.0
2023-06-29 11:00:00+09:00,2552.0,2552.0,2552.0,2552.0,0,0.0,0.0
2023-06-29 12:00:00+09:00,2574.0,2574.0,2574.0,2574.0,1900,0.0,0.0
2023-06-29 14:00:00+09:00,2561.0,2561.0,2561.0,2561.0,100,0.0,0.0
2023-06-30 09:00:00+09:00,2560.0,2560.0,2560.0,2560.0,200,0.0,0.0
2023-06-30 10:00:00+09:00,2561.0,2561.0,2561.0,2561.0,0,0.0,0.0
2023-06-30 11:00:00+09:00,2561.0,2561.0,2561.0,2561.0,0,0.0,0.0
2023-06-30 12:00:00+09:00,2560.0,2560.0,2560.0,2560.0,700,0.0,0.0
2023-06-30 14:00:00+09:00,2586.0,2616.0,2580.0,2580.0,3200,0.0,0.0
2023-07-03 09:00:00+09:00,2580.0,2583.0,2580.0,2583.0,0,0.0,0.0
2023-07-03 10:00:00+09:00,2581.0,2581.0,2581.0,2581.0,900,0.0,0.0
2023-07-03 11:00:00+09:00,2581.0,2581.0,2581.0,2581.0,0,0.0,0.0
2023-07-03 13:00:00+09:00,2581.0,2581.0,2581.0,2581.0,1000,0.0,0.0
2023-07-04 11:00:00+09:00,2581.0,2581.0,2581.0,2581.0,0,0.0,0.0
2023-07-04 13:00:00+09:00,2581.0,2581.0,2581.0,2581.0,500,0.0,0.0
2023-07-04 14:00:00+09:00,2581.0,2581.0,2576.0,2576.0,400,0.0,0.0
2023-07-05 09:00:00+09:00,2589.0,2590.0,2589.0,2590.0,200,0.0,0.0
2023-07-05 11:00:00+09:00,2590.0,2590.0,2590.0,2590.0,0,0.0,0.0
2023-07-05 12:00:00+09:00,2590.0,2591.0,2590.0,2591.0,500,0.0,0.0
2023-07-05 13:00:00+09:00,2591.0,2591.0,2591.0,2591.0,100,0.0,0.0
2023-07-05 14:00:00+09:00,2591.0,2607.0,2591.0,2607.0,300,0.0,0.0
2023-07-06 09:00:00+09:00,2625.0,2625.0,2584.0,2596.0,1300,0.0,0.0
2023-07-06 10:00:00+09:00,2596.0,2596.0,2595.0,2595.0,400,0.0,0.0
2023-07-06 11:00:00+09:00,2595.0,2595.0,2595.0,2595.0,0,0.0,0.0
2023-07-06 14:00:00+09:00,2595.0,2612.0,2595.0,2612.0,1900,0.0,0.0
2023-07-07 09:00:00+09:00,2626.0,2626.0,2626.0,2626.0,100,0.0,0.0
2023-07-07 11:00:00+09:00,2626.0,2626.0,2626.0,2626.0,0,0.0,0.0
2023-07-07 14:00:00+09:00,2604.0,2632.0,2604.0,2632.0,300,0.0,0.0
2023-07-10 09:00:00+09:00,2631.0,2631.0,2631.0,2631.0,800,0.0,0.0
2023-07-10 11:00:00+09:00,2630.0,2631.0,2630.0,2631.0,0,0.0,0.0
2023-07-10 12:00:00+09:00,2631.0,2631.0,2631.0,2631.0,1500,0.0,0.0
2023-07-11 09:00:00+09:00,2632.0,2632.0,2632.0,2632.0,100,0.0,0.0
2023-07-11 10:00:00+09:00,2640.0,2641.0,2640.0,2641.0,200,0.0,0.0
2023-07-11 11:00:00+09:00,2641.0,2641.0,2640.0,2640.0,0,0.0,0.0
2023-07-11 12:00:00+09:00,2640.0,2640.0,2640.0,2640.0,1200,0.0,0.0
2023-07-11 13:00:00+09:00,2640.0,2640.0,2640.0,2640.0,100,0.0,0.0
2023-07-12 12:00:00+09:00,2630.0,2630.0,2629.0,2630.0,500,0.0,0.0
2023-07-12 13:00:00+09:00,2630.0,2630.0,2630.0,2630.0,300,0.0,0.0
2023-07-12 14:00:00+09:00,2630.0,2630.0,2629.0,2629.0,300,0.0,0.0
2023-07-13 09:00:00+09:00,2629.0,2629.0,2595.0,2595.0,1300,0.0,0.0
2023-07-13 11:00:00+09:00,2590.0,2590.0,2590.0,2590.0,0,0.0,0.0
2023-07-13 12:00:00+09:00,2580.0,2580.0,2580.0,2580.0,1900,0.0,0.0
2023-07-13 13:00:00+09:00,2580.0,2580.0,2580.0,2580.0,100,0.0,0.0
2023-07-13 14:00:00+09:00,2576.0,2576.0,2566.0,2566.0,200,0.0,0.0
2023-07-14 09:00:00+09:00,2581.0,2602.0,2581.0,2602.0,200,0.0,0.0
2023-07-14 11:00:00+09:00,2602.0,2602.0,2602.0,2602.0,0,0.0,0.0
2023-07-18 10:00:00+09:00,2604.0,2604.0,2604.0,2604.0,200,0.0,0.0
2023-07-18 11:00:00+09:00,2604.0,2604.0,2604.0,2604.0,0,0.0,0.0
2023-07-18 12:00:00+09:00,2580.0,2580.0,2580.0,2580.0,600,0.0,0.0
2023-07-18 13:00:00+09:00,2580.0,2580.0,2580.0,2580.0,100,0.0,0.0
2023-07-19 09:00:00+09:00,2628.0,2628.0,2584.0,2584.0,300,0.0,0.0
2023-07-19 10:00:00+09:00,2583.0,2586.0,2583.0,2586.0,400,0.0,0.0
2023-07-19 11:00:00+09:00,2586.0,2586.0,2586.0,2586.0,0,0.0,0.0
2023-07-20 09:00:00+09:00,2591.0,2591.0,2591.0,2591.0,100,0.0,0.0
2023-07-20 10:00:00+09:00,2592.0,2592.0,2569.0,2569.0,500,0.0,0.0
2023-07-20 11:00:00+09:00,2571.0,2574.0,2571.0,2574.0,0,0.0,0.0
2023-07-20 12:00:00+09:00,2586.0,2586.0,2586.0,2586.0,1200,0.0,0.0
2023-07-20 14:00:00+09:00,2586.0,2592.0,2586.0,2592.0,300,0.0,0.0
2023-07-21 13:00:00+09:00,2583.0,2583.0,2583.0,2583.0,100,0.0,0.0
2023-07-21 14:00:00+09:00,2582.0,2582.0,2581.0,2581.0,200,0.0,0.0
2023-07-24 09:00:00+09:00,2581.0,2581.0,2581.0,2581.0,200,0.0,0.0
2023-07-24 10:00:00+09:00,2582.0,2582.0,2582.0,2582.0,900,0.0,0.0
2023-07-24 11:00:00+09:00,2586.0,2586.0,2586.0,2586.0,0,0.0,0.0
2023-07-24 12:00:00+09:00,2586.0,2590.0,2586.0,2590.0,1700,0.0,0.0
2023-07-25 09:00:00+09:00,2590.0,2590.0,2582.0,2589.0,3100,0.0,0.0
2023-07-25 10:00:00+09:00,2588.0,2588.0,2578.0,2581.0,500,0.0,0.0
2023-07-25 11:00:00+09:00,2576.0,2590.0,2576.0,2590.0,0,0.0,0.0
2023-07-25 13:00:00+09:00,2590.0,2605.0,2590.0,2602.0,5500,0.0,0.0
2023-07-25 14:00:00+09:00,2591.0,2595.0,2591.0,2595.0,200,0.0,0.0
2023-07-26 10:00:00+09:00,2589.0,2589.0,2589.0,2589.0,100,0.0,0.0
2023-07-26 11:00:00+09:00,2589.0,2589.0,2589.0,2589.0,0,0.0,0.0
2023-07-26 12:00:00+09:00,2589.0,2589.0,2589.0,2589.0,200,0.0,0.0
2023-07-26 13:00:00+09:00,2589.0,2593.0,2589.0,2590.0,400,0.0,0.0
2023-07-26 14:00:00+09:00,2595.0,2595.0,2595.0,2595.0,100,0.0,0.0
2023-07-27 09:00:00+09:00,2574.0,2574.0,2574.0,2574.0,1000,0.0,0.0
2023-07-27 10:00:00+09:00,2580.0,2585.0,2575.0,2580.0,1000,0.0,0.0
2023-07-27 11:00:00+09:00,2580.0,2580.0,2580.0,2580.0,0,0.0,0.0
2023-07-27 12:00:00+09:00,2580.0,2585.0,2580.0,2585.0,2600,0.0,0.0
2023-07-27 13:00:00+09:00,2585.0,2585.0,2579.0,2580.0,700,0.0,0.0
2023-07-27 14:00:00+09:00,2576.0,2576.0,2576.0,2576.0,0,0.0,0.0
2023-07-28 09:00:00+09:00,2571.0,2571.0,2571.0,2571.0,100,0.0,0.0
2023-07-28 11:00:00+09:00,2571.0,2571.0,2571.0,2571.0,0,0.0,0.0
2023-07-28 12:00:00+09:00,2571.0,2571.0,2571.0,2571.0,300,0.0,0.0
2023-07-28 13:00:00+09:00,2568.0,2568.0,2550.0,2554.0,900,0.0,0.0
2023-07-28 14:00:00+09:00,2554.0,2554.0,2554.0,2554.0,100,0.0,0.0
2023-07-31 09:00:00+09:00,2552.0,2560.0,2552.0,2557.0,1300,0.0,0.0
2023-07-31 10:00:00+09:00,2562.0,2595.0,2560.0,2571.0,3800,0.0,0.0
2023-07-31 11:00:00+09:00,2565.0,2565.0,2565.0,2565.0,0,0.0,0.0
2023-07-31 12:00:00+09:00,2566.0,2566.0,2566.0,2566.0,5300,0.0,0.0
2023-07-31 14:00:00+09:00,2575.0,2576.0,2575.0,2576.0,200,0.0,0.0
2023-08-01 09:00:00+09:00,2561.0,2565.0,2561.0,2565.0,500,0.0,0.0
2023-08-01 10:00:00+09:00,2570.0,2575.0,2570.0,2575.0,1500,0.0,0.0
2023-08-01 11:00:00+09:00,2575.0,2575.0,2575.0,2575.0,0,0.0,0.0
2023-08-01 12:00:00+09:00,2580.0,2580.0,2580.0,2580.0,2100,0.0,0.0
2023-08-01 13:00:00+09:00,2576.0,2576.0,2576.0,2576.0,0,0.0,0.0
2023-08-02 09:00:00+09:00,2560.0,2560.0,2560.0,2560.0,500,0.0,0.0
2023-08-02 10:00:00+09:00,2563.0,2580.0,2563.0,2580.0,1100,0.0,0.0
2023-08-02 11:00:00+09:00,2580.0,2580.0,2580.0,2580.0,0,0.0,0.0
2023-08-03 09:00:00+09:00,2570.0,2570.0,2570.0,2570.0,300,0.0,0.0
2023-08-03 10:00:00+09:00,2570.0,2570.0,2560.0,2560.0,300,0.0,0.0
2023-08-03 11:00:00+09:00,2561.0,2561.0,2561.0,2561.0,0,0.0,0.0
2023-08-03 12:00:00+09:00,2561.0,2561.0,2560.0,2560.0,4300,0.0,0.0
2023-08-03 13:00:00+09:00,2570.0,2570.0,2564.0,2564.0,600,0.0,0.0
2023-08-03 14:00:00+09:00,2560.0,2560.0,2558.0,2558.0,200,0.0,0.0
2023-08-04 09:00:00+09:00,2550.0,2550.0,2550.0,2550.0,800,0.0,0.0
2023-08-04 10:00:00+09:00,2553.0,2553.0,2553.0,2553.0,100,0.0,0.0
2023-08-04 11:00:00+09:00,2547.0,2547.0,2541.0,2541.0,0,0.0,0.0
2023-08-04 13:00:00+09:00,2541.0,2541.0,2541.0,2541.0,1300,0.0,0.0
2023-08-07 09:00:00+09:00,2541.0,2541.0,2541.0,2541.0,300,0.0,0.0
2023-08-07 10:00:00+09:00,2530.0,2530.0,2527.0,2527.0,200,0.0,0.0
2023-08-07 11:00:00+09:00,2527.0,2527.0,2527.0,2527.0,0,0.0,0.0
2023-08-07 12:00:00+09:00,2542.0,2543.0,2542.0,2543.0,800,0.0,0.0
2023-08-07 13:00:00+09:00,2548.0,2548.0,2548.0,2548.0,100,0.0,0.0
2023-08-07 14:00:00+09:00,2550.0,2550.0,2550.0,2550.0,0,0.0,0.0
2023-08-09 09:00:00+09:00,2510.0,2526.0,2510.0,2512.0,1900,0.0,0.0
2023-08-09 10:00:00+09:00,2512.0,2526.0,2512.0,2520.0,900,0.0,0.0
2023-08-09 11:00:00+09:00,2520.0,2530.0,2512.0,2516.0,0,0.0,0.0
2023-08-09 12:00:00+09:00,2510.0,2520.0,2510.0,2520.0,4300,0.0,0.0
2023-08-09 13:00:00+09:00,2509.0,2520.0,2500.0,2501.0,3100,0.0,0.0
2023-08-09 14:00:00+09:00,2500.0,2516.0,2500.0,2516.0,800,0.0,0.0
2023-08-10 09:00:00+09:00,2515.0,2525.0,2515.0,2522.0,800,0.0,0.0
2023-08-10 10:00:00+09:00,2516.0,2523.0,2516.0,2520.0,600,0.0,0.0
2023-08-10 11:00:00+09:00,2520.0,2520.0,2520.0,2520.0,0,0.0,0.0
2023-08-10 12:00:00+09:00,2522.0,2522.0,2522.0,2522.0,1500,0.0,0.0
2023-08-10 13:00:00+09:00,2523.0,2523.0,2520.0,2520.0,200,0.0,0.0
2023-08-10 14:00:00+09:00,2518.0,2524.0,2518.0,2524.0,400,0.0,0.0
2023-08-14 09:00:00+09:00,2519.0,2521.0,2511.0,2511.0,3000,0.0,0.0
2023-08-14 10:00:00+09:00,2515.0,2515.0,2503.0,2503.0,500,0.0,0.0
2023-08-14 11:00:00+09:00,2503.0,2503.0,2503.0,2503.0,0,0.0,0.0
2023-08-14 13:00:00+09:00,2520.0,2520.0,2520.0,2520.0,3900,0.0,0.0
2023-08-14 14:00:00+09:00,2523.0,2523.0,2523.0,2523.0,100,0.0,0.0
2023-08-15 09:00:00+09:00,2530.0,2530.0,2530.0,2530.0,200,0.0,0.0
2023-08-15 10:00:00+09:00,2515.0,2518.0,2505.0,2508.0,1500,0.0,0.0
2023-08-15 11:00:00+09:00,2508.0,2508.0,2508.0,2508.0,0,0.0,0.0
2023-08-15 13:00:00+09:00,2510.0,2520.0,2510.0,2514.0,3100,0.0,0.0
2023-08-15 14:00:00+09:00,2515.0,2515.0,2514.0,2514.0,300,0.0,0.0
2023-08-16 09:00:00+09:00,2510.0,2512.0,2501.0,2512.0,600,0.0,0.0
2023-08-16 10:00:00+09:00,2520.0,2520.0,2520.0,2520.0,0,0.0,0.0
2023-08-16 11:00:00+09:00,2520.0,2520.0,2520.0,2520.0,0,0.0,0.0
2023-08-16 13:00:00+09:00,2514.0,2514.0,2514.0,2514.0,1100,0.0,0.0
2023-08-16 14:00:00+09:00,2501.0,2501.0,2501.0,2501.0,100,0.0,0.0
2023-08-17 09:00:00+09:00,2501.0,2501.0,2500.0,2500.0,1100,0.0,0.0
2023-08-17 10:00:00+09:00,2490.0,2490.0,2485.0,2485.0,400,0.0,0.0
2023-08-17 11:00:00+09:00,2485.0,2485.0,2485.0,2485.0,0,0.0,0.0
2023-08-17 14:00:00+09:00,2485.0,2485.0,2485.0,2485.0,1900,0.0,0.0
2023-08-18 09:00:00+09:00,2484.0,2484.0,2480.0,2480.0,0,0.0,0.0
2023-08-18 11:00:00+09:00,2480.0,2480.0,2480.0,2480.0,0,0.0,0.0
2023-08-18 14:00:00+09:00,2480.0,2480.0,2475.0,2475.0,1500,0.0,0.0
2023-08-21 09:00:00+09:00,2475.0,2475.0,2470.0,2470.0,0,0.0,0.0
2023-08-21 10:00:00+09:00,2461.0,2461.0,2456.0,2456.0,0,0.0,0.0
2023-08-21 11:00:00+09:00,2456.0,2456.0,2456.0,2456.0,0,0.0,0.0
2023-08-21 12:00:00+09:00,2452.0,2469.0,2450.0,2469.0,3900,0.0,0.0
2023-08-21 13:00:00+09:00,2466.0,2466.0,2466.0,2466.0,200,0.0,0.0
2023-08-21 14:00:00+09:00,2452.0,2452.0,2450.0,2450.0,700,0.0,0.0
2023-08-22 09:00:00+09:00,2451.0,2451.0,2439.0,2449.0,2400,0.0,0.0
2023-08-22 10:00:00+09:00,2453.0,2459.0,2453.0,2459.0,200,0.0,0.0
2023-08-22 11:00:00+09:00,2459.0,2459.0,2459.0,2459.0,0,0.0,0.0
2023-08-22 12:00:00+09:00,2440.0,2441.0,2440.0,2440.0,4000,0.0,0.0
2023-08-22 13:00:00+09:00,2440.0,2440.0,2429.0,2429.0,1100,0.0,0.0
2023-08-22 14:00:00+09:00,2440.0,2440.0,2440.0,2440.0,100,0.0,0.0
2023-08-23 09:00:00+09:00,2434.0,2450.0,2434.0,2450.0,1500,0.0,0.0
2023-08-23 11:00:00+09:00,2450.0,2450.0,2450.0,2450.0,0,0.0,0.0
2023-08-23 12:00:00+09:00,2446.0,2446.0,2446.0,2446.0,1700,0.0,0.0
2023-08-23 14:00:00+09:00,2444.0,2445.0,2439.0,2439.0,800,0.0,0.0
2023-08-24 09:00:00+09:00,2440.0,2450.0,2440.0,2450.0,2200,0.0,0.0
2023-08-24 10:00:00+09:00,2460.0,2460.0,2450.0,2450.0,1100,0.0,0.0
2023-08-24 11:00:00+09:00,2449.0,2449.0,2448.0,2448.0,0,0.0,0.0
2023-08-24 12:00:00+09:00,2448.0,2448.0,2448.0,2448.0,3600,0.0,0.0
2023-08-24 13:00:00+09:00,2447.0,2450.0,2447.0,2447.0,1300,0.0,0.0
2023-08-24 14:00:00+09:00,2446.0,2447.0,2442.0,2447.0,600,0.0,0.0
2023-08-25 09:00:00+09:00,2447.0,2460.0,2447.0,2460.0,1400,0.0,0.0
2023-08-25 10:00:00+09:00,2464.0,2464.0,2464.0,2464.0,100,0.0,0.0
2023-08-25 11:00:00+09:00,2464.0,2464.0,2464.0,2464.0,0,0.0,0.0
2023-08-25 12:00:00+09:00,2459.0,2459.0,2459.0,2459.0,1900,0.0,0.0
2023-08-25 13:00:00+09:00,2460.0,2460.0,2460.0,2460.0,100,0.0,0.0
2023-08-25 14:00:00+09:00,2455.0,2462.0,2455.0,2462.0,1100,0.0,0.0
2023-08-28 09:00:00+09:00,2467.0,2480.0,2467.0,2480.0,1400,0.0,0.0
2023-08-28 10:00:00+09:00,2481.0,2485.0,2480.0,2480.0,800,0.0,0.0
2023-08-28 11:00:00+09:00,2475.0,2475.0,2471.0,2471.0,0,0.0,0.0
2023-08-28 12:00:00+09:00,2471.0,2471.0,2471.0,2471.0,2600,0.0,0.0
2023-08-28 13:00:00+09:00,2471.0,2471.0,2470.0,2470.0,500,0.0,0.0
2023-08-28 14:00:00+09:00,2472.0,2472.0,2472.0,2472.0,100,0.0,0.0
2023-08-29 09:00:00+09:00,2473.0,2480.0,2473.0,2480.0,700,0.0,0.0
2023-08-29 10:00:00+09:00,2475.0,2475.0,2475.0,2475.0,100,0.0,0.0
2023-08-29 11:00:00+09:00,2475.0,2475.0,2475.0,2475.0,0,0.0,0.0
2023-08-29 12:00:00+09:00,2480.0,2480.0,2472.0,2472.0,0,0.0,0.0
2023-08-29 14:00:00+09:00,2475.0,2475.0,2475.0,2475.0,2200,0.0,0.0
2023-08-30 09:00:00+09:00,2475.0,2480.0,2475.0,2480.0,600,0.0,0.0
2023-08-30 10:00:00+09:00,2485.0,2490.0,2485.0,2490.0,300,0.0,0.0
2023-08-30 11:00:00+09:00,2490.0,2490.0,2490.0,2490.0,0,0.0,0.0
2023-08-30 12:00:00+09:00,2485.0,2485.0,2478.0,2478.0,1400,0.0,0.0
2023-08-30 14:00:00+09:00,2478.0,2478.0,2477.0,2477.0,700,0.0,0.0
2023-08-31 09:00:00+09:00,2480.0,2480.0,2480.0,2480.0,300,0.0,0.0
2023-08-31 10:00:00+09:00,2480.0,2480.0,2480.0,2480.0,100,0.0,0.0
2023-08-31 11:00:00+09:00,2480.0,2480.0,2480.0,2480.0,0,0.0,0.0
2023-08-31 12:00:00+09:00,2480.0,2480.0,2480.0,2480.0,900,0.0,0.0
2023-08-31 13:00:00+09:00,2481.0,2481.0,2481.0,2481.0,100,0.0,0.0
2023-08-31 14:00:00+09:00,2482.0,2484.0,2480.0,2481.0,500,0.0,0.0
2023-09-01 09:00:00+09:00,2480.0,2490.0,2479.0,2483.0,1100,0.0,0.0
2023-09-01 10:00:00+09:00,2486.0,2486.0,2482.0,2482.0,400,0.0,0.0
2023-09-01 11:00:00+09:00,2482.0,2482.0,2482.0,2482.0,0,0.0,0.0
2023-09-01 12:00:00+09:00,2481.0,2481.0,2481.0,2481.0,1700,0.0,0.0
2023-09-01 13:00:00+09:00,2481.0,2481.0,2481.0,2481.0,100,0.0,0.0
2023-09-01 14:00:00+09:00,2481.0,2485.0,2479.0,2480.0,2100,0.0,0.0
2023-09-04 09:00:00+09:00,2482.0,2495.0,2481.0,2495.0,2500,0.0,0.0
2023-09-04 10:00:00+09:00,2495.0,2498.0,2485.0,2485.0,2500,0.0,0.0
2023-09-04 11:00:00+09:00,2490.0,2490.0,2486.0,2486.0,0,0.0,0.0
2023-09-04 12:00:00+09:00,2490.0,2492.0,2487.0,2492.0,6800,0.0,0.0
2023-09-04 13:00:00+09:00,2487.0,2495.0,2486.0,2486.0,600,0.0,0.0
2023-09-04 14:00:00+09:00,2485.0,2491.0,2485.0,2487.0,700,0.0,0.0
2023-09-05 09:00:00+09:00,2486.0,2490.0,2485.0,2486.0,1500,0.0,0.0
2023-09-05 10:00:00+09:00,2490.0,2493.0,2486.0,2486.0,900,0.0,0.0
2023-09-05 11:00:00+09:00,2486.0,2490.0,2486.0,2488.0,0,0.0,0.0
2023-09-05 12:00:00+09:00,2487.0,2488.0,2487.0,2487.0,3200,0.0,0.0
2023-09-05 13:00:00+09:00,2487.0,2493.0,2486.0,2486.0,500,0.0,0.0
2023-09-05 14:00:00+09:00,2486.0,2492.0,2480.0,2480.0,1800,0.0,0.0
2023-09-06 09:00:00+09:00,2480.0,2485.0,2480.0,2485.0,1200,0.0,0.0
2023-09-06 10:00:00+09:00,2483.0,2483.0,2483.0,2483.0,0,0.0,0.0
2023-09-06 11:00:00+09:00,2483.0,2483.0,2483.0,2483.0,0,0.0,0.0
2023-09-06 12:00:00+09:00,2484.0,2484.0,2484.0,2484.0,2300,0.0,0.0
2023-09-06 13:00:00+09:00,2485.0,2486.0,2485.0,2485.0,600,0.0,0.0
2023-09-06 14:00:00+09:00,2485.0,2485.0,2485.0,2485.0,100,0.0,0.0
2023-09-07 09:00:00+09:00,2485.0,2495.0,2482.0,2495.0,1400,0.0,0.0
2023-09-07 11:00:00+09:00,2495.0,2495.0,2495.0,2495.0,0,0.0,0.0
2023-09-07 12:00:00+09:00,2495.0,2495.0,2495.0,2495.0,1600,0.0,0.0
2023-09-07 13:00:00+09:00,2490.0,2495.0,2490.0,2495.0,200,0.0,0.0
2023-09-07 14:00:00+09:00,2495.0,2495.0,2494.0,2494.0,400,0.0,0.0
2023-09-08 09:00:00+09:00,2488.0,2488.0,2488.0,2488.0,200,0.0,0.0
2023-09-08 10:00:00+09:00,2488.0,2488.0,2488.0,2488.0,100,0.0,0.0
2023-09-08 11:00:00+09:00,2488.0,2488.0,2488.0,2488.0,0,0.0,0.0
2023-09-08 13:00:00+09:00,2488.0,2488.0,2488.0,2488.0,600,0.0,0.0
2023-09-08 14:00:00+09:00,2488.0,2491.0,2488.0,2491.0,600,0.0,0.0
2023-09-11 09:00:00+09:00,2492.0,2505.0,2492.0,2501.0,1900,0.0,0.0
2023-09-11 10:00:00+09:00,2501.0,2501.0,2501.0,2501.0,700,0.0,0.0
2023-09-11 11:00:00+09:00,2501.0,2501.0,2501.0,2501.0,0,0.0,0.0
2023-09-11 12:00:00+09:00,2501.0,2501.0,2490.0,2490.0,4800,0.0,0.0
2023-09-12 09:00:00+09:00,2500.0,2506.0,2500.0,2506.0,800,0.0,0.0
2023-09-12 10:00:00+09:00,2506.0,2506.0,2506.0,2506.0,100,0.0,0.0
2023-09-12 11:00:00+09:00,2506.0,2506.0,2506.0,2506.0,0,0.0,0.0
2023-09-12 12:00:00+09:00,2506.0,2506.0,2506.0,2506.0,1000,0.0,0.0
2023-09-12 14:00:00+09:00,2510.0,2514.0,2505.0,2514.0,700,0.0,0.0
2023-09-13 09:00:00+09:00,2514.0,2520.0,2507.0,2518.0,1100,0.0,0.0
2023-09-13 10:00:00+09:00,2518.0,2518.0,2518.0,2518.0,0,0.0,0.0
2023-09-13 11:00:00+09:00,2519.0,2520.0,2519.0,2520.0,0,0.0,0.0
2023-09-13 12:00:00+09:00,2521.0,2521.0,2521.0,2521.0,1900,0.0,0.0
2023-09-13 13:00:00+09:00,2522.0,2525.0,2522.0,2522.0,1300,0.0,0.0
2023-09-13 14:00:00+09:00,2522.0,2523.0,2522.0,2522.0,800,0.0,0.0
2023-09-14 09:00:00+09:00,2525.0,2535.0,2522.0,2535.0,4000,0.0,0.0
2023-09-14 10:00:00+09:00,2535.0,2535.0,2523.0,2524.0,1000,0.0,0.0
2023-09-14 11:00:00+09:00,2524.0,2524.0,2524.0,2524.0,0,0.0,0.0
2023-09-14 12:00:00+09:00,2533.0,2533.0,2530.0,2530.0,5300,0.0,0.0
2023-09-14 13:00:00+09:00,2529.0,2533.0,2525.0,2525.0,1600,0.0,0.0
2023-09-14 14:00:00+09:00,2532.0,2532.0,2532.0,2532.0,200,0.0,0.0
2023-09-15 09:00:00+09:00,2540.0,2542.0,2536.0,2541.0,1300,0.0,0.0
2023-09-15 10:00:00+09:00,2541.0,2550.0,2540.0,2550.0,0,0.0,0.0
2023-09-15 11:00:00+09:00,2550.0,2550.0,2550.0,2550.0,0,0.0,0.0
2023-09-15 12:00:00+09:00,2547.0,2551.0,2546.0,2551.0,4700,0.0,0.0
2023-09-15 13:00:00+09:00,2545.0,2545.0,2543.0,2543.0,1300,0.0,0.0
2023-09-15 14:00:00+09:00,2550.0,2580.0,2539.0,2544.0,2100,0.0,0.0
2023-09-19 09:00:00+09:00,2544.0,2560.0,2539.0,2560.0,3500,0.0,0.0
2023-09-19 10:00:00+09:00,2558.0,2558.0,2555.0,2555.0,1200,0.0,0.0
2023-09-19 11:00:00+09:00,2550.0,2550.0,2550.0,2550.0,0,0.0,0.0
2023-09-19 12:00:00+09:00,2556.0,2565.0,2555.0,2560.0,11000,0.0,0.0
2023-09-19 13:00:00+09:00,2560.0,2568.0,2555.0,2567.0,1300,0.0,0.0
2023-09-19 14:00:00+09:00,2556.0,2565.0,2556.0,2565.0,900,0.0,0.0
2023-09-20 09:00:00+09:00,2555.0,2556.0,2555.0,2555.0,0,0.0,0.0
2023-09-20 10:00:00+09:00,2558.0,2601.0,2558.0,2600.0,5500,0.0,0.0
2023-09-20 11:00:00+09:00,2599.0,2599.0,2599.0,2599.0,0,0.0,0.0
2023-09-20 12:00:00+09:00,2591.0,2591.0,2582.0,2588.0,7900,0.0,0.0
2023-09-20 13:00:00+09:00,2588.0,2588.0,2575.0,2582.0,800,0.0,0.0
2023-09-20 14:00:00+09:00,2580.0,2580.0,2572.0,2572.0,1100,0.0,0.0
2023-09-21 09:00:00+09:00,2597.0,2597.0,2572.0,2590.0,900,0.0,0.0
2023-09-21 10:00:00+09:00,2593.0,2607.0,2593.0,2600.0,800,0.0,0.0
2023-09-21 11:00:00+09:00,2600.0,2605.0,2600.0,2605.0,0,0.0,0.0
2023-09-21 12:00:00+09:00,2614.0,2620.0,2614.0,2620.0,2400,0.0,0.0
2023-09-21 13:00:00+09:00,2610.0,2626.0,2607.0,2624.0,800,0.0,0.0
2023-09-21 14:00:00+09:00,2624.0,2624.0,2624.0,2624.0,100,0.0,0.0
2023-09-22 09:00:00+09:00,2622.0,2622.0,2600.0,2600.0,700,0.0,0.0
2023-09-22 11:00:00+09:00,2618.0,2618.0,2618.0,2618.0,0,0.0,0.0
2023-09-22 12:00:00+09:00,2623.0,2636.0,2623.0,2636.0,2700,0.0,0.0
2023-09-22 13:00:00+09:00,2634.0,2634.0,2627.0,2627.0,200,0.0,0.0
2023-09-22 14:00:00+09:00,2635.0,2640.0,2635.0,2640.0,200,0.0,0.0
2023-09-25 09:00:00+09:00,2640.0,2666.0,2640.0,2650.0,1500,0.0,0.0
2023-09-25 10:00:00+09:00,2663.0,2670.0,2663.0,2670.0,500,0.0,0.0
2023-09-25 11:00:00+09:00,2670.0,2670.0,2670.0,2670.0,0,0.0,0.0
2023-09-25 12:00:00+09:00,2660.0,2660.0,2655.0,2655.0,2200,0.0,0.0
2023-09-25 13:00:00+09:00,2660.0,2660.0,2660.0,2660.0,100,0.0,0.0
2023-09-25 14:00:00+09:00,2668.0,2670.0,2668.0,2670.0,1200,0.0,0.0
2023-09-26 09:00:00+09:00,2673.0,2673.0,2670.0,2673.0,1000,0.0,0.0
2023-09-26 10:00:00+09:00,2679.0,2688.0,2670.0,2670.0,1300,0.0,0.0
2023-09-26 11:00:00+09:00,2670.0,2670.0,2670.0,2670.0,0,0.0,0.0
2023-09-26 12:00:00+09:00,2670.0,2670.0,2670.0,2670.0,2400,0.0,0.0
2023-09-26 13:00:00+09:00,2693.0,2700.0,2693.0,2700.0,500,0.0,0.0
2023-09-26 14:00:00+09:00,2713.0,2747.0,2713.0,2747.0,1300,0.0,0.0
2023-09-27 09:00:00+09:00,2748.0,2748.0,2748.0,2748.0,1200,0.0,0.0
2023-09-27 10:00:00+09:00,2724.0,2724.0,2724.0,2724.0,0,0.0,0.0
2023-09-27 11:00:00+09:00,2714.0,2714.0,2670.0,2687.0,0,0.0,0.0
2023-09-27 12:00:00+09:00,2637.0,2685.0,2637.0,2666.0,5200,0.0,0.0
2023-09-27 13:00:00+09:00,2672.0,2672.0,2672.0,2672.0,100,0.0,0.0
2023-09-27 14:00:00+09:00,2685.0,2685.0,2670.0,2670.0,600,0.0,0.0
2023-09-28 09:00:00+09:00,2670.0,2673.0,2650.0,2650.0,2200,0.0,0.0
2023-09-28 10:00:00+09:00,2621.0,2659.0,2620.0,2659.0,800,0.0,0.0
2023-09-28 11:00:00+09:00,2659.0,2659.0,2659.0,2659.0,0,0.0,0.0
2023-09-28 12:00:00+09:00,2620.0,2712.0,2612.0,2712.0,3800,0.0,0.0
2023-09-28 13:00:00+09:00,2662.0,2662.0,2660.0,2660.0,200,0.0,0.0
2023-09-28 14:00:00+09:00,2650.0,2650.0,2650.0,2650.0,100,0.0,0.0
2023-09-29 09:00:00+09:00,2629.0,2644.0,2629.0,2629.0,700,0.0,0.0
2023-09-29 10:00:00+09:00,2627.0,2627.0,2625.0,2625.0,300,0.0,0.0
2023-09-29 11:00:00+09:00,2625.0,2625.0,2625.0,2625.0,0,0.0,0.0
2023-09-29 13:00:00+09:00,2630.0,2630.0,2630.0,2630.0,1600,0.0,0.0
2023-09-29 14:00:00+09:00,2618.0,2618.0,2618.0,2618.0,100,0.0,0.0
2023-10-02 09:00:00+09:00,2644.0,2644.0,2641.0,2641.0,200,0.0,0.0
2023-10-02 10:00:00+09:00,2638.0,2639.0,2618.0,2639.0,800,0.0,0.0
2023-10-02 11:00:00+09:00,2639.0,2639.0,2639.0,2639.0,0,0.0,0.0
2023-10-03 09:00:00+09:00,2638.0,2638.0,2620.0,2621.0,400,0.0,0.0
2023-10-03 10:00:00+09:00,2625.0,2625.0,2616.0,2616.0,600,0.0,0.0
2023-10-03 11:00:00+09:00,2620.0,2620.0,2610.0,2610.0,0,0.0,0.0
2023-10-03 12:00:00+09:00,2600.0,2600.0,2580.0,2599.0,1800,0.0,0.0
2023-10-03 13:00:00+09:00,2582.0,2584.0,2580.0,2580.0,300,0.0,0.0
2023-10-03 14:00:00+09:00,2600.0,2603.0,2600.0,2603.0,300,0.0,0.0
2023-10-04 09:00:00+09:00,2571.0,2600.0,2571.0,2600.0,600,0.0,0.0
2023-10-04 10:00:00+09:00,2572.0,2573.0,2572.0,2573.0,300,0.0,0.0
2023-10-04 11:00:00+09:00,2573.0,2573.0,2571.0,2571.0,0,0.0,0.0
2023-10-04 12:00:00+09:00,2572.0,2572.0,2572.0,2572.0,0,0.0,0.0
2023-10-04 13:00:00+09:00,2574.0,2574.0,2566.0,2566.0,2100,0.0,0.0
2023-10-04 14:00:00+09:00,2575.0,2600.0,2561.0,2600.0,1100,0.0,0.0
2023-10-05 09:00:00+09:00,2561.0,2572.0,2561.0,2564.0,500,0.0,0.0
2023-10-05 10:00:00+09:00,2567.0,2567.0,2567.0,2567.0,100,0.0,0.0
2023-10-05 11:00:00+09:00,2567.0,2567.0,2567.0,2567.0,0,0.0,0.0
2023-10-05 13:00:00+09:00,2598.0,2611.0,2598.0,2611.0,1500,0.0,0.0
2023-10-05 14:00:00+09:00,2609.0,2615.0,2609.0,2615.0,400,0.0,0.0
2023-10-06 09:00:00+09:00,2614.0,2650.0,2614.0,2650.0,900,0.0,0.0
2023-10-06 10:00:00+09:00,2650.0,2650.0,2650.0,2650.0,100,0.0,0.0
2023-10-06 11:00:00+09:00,2650.0,2650.0,2650.0,2650.0,0,0.0,0.0
2023-10-06 12:00:00+09:00,2665.0,2665.0,2665.0,2665.0,1100,0.0,0.0
2023-10-06 13:00:00+09:00,2650.0,2650.0,2650.0,2650.0,100,0.0,0.0
2023-10-10 09:00:00+09:00,2698.0,2698.0,2660.0,2660.0,800,0.0,0.0
2023-10-10 11:00:00+09:00,2660.0,2660.0,2660.0,2660.0,0,0.0,0.0
2023-10-11 09:00:00+09:00,2697.0,2697.0,2691.0,2692.0,400,0.0,0.0
2023-10-11 10:00:00+09:00,2689.0,2689.0,2680.0,2680.0,400,0.0,0.0
2023-10-11 11:00:00+09:00,2680.0,2680.0,2680.0,2680.0,0,0.0,0.0
2023-10-11 12:00:00+09:00,2662.0,2662.0,2662.0,2662.0,900,0.0,0.0
2023-10-11 13:00:00+09:00,2679.0,2689.0,2679.0,2689.0,600,0.0,0.0
2023-10-12 09:00:00+09:00,2661.0,2663.0,2660.0,2663.0,600,0.0,0.0
2023-10-12 10:00:00+09:00,2661.0,2673.0,2661.0,2673.0,300,0.0,0.0
2023-10-12 11:00:00+09:00,2632.0,2632.0,2632.0,2632.0,0,0.0,0.0
2023-10-12 12:00:00+09:00,2659.0,2659.0,2659.0,2659.0,1500,0.0,0.0
2023-10-12 13:00:00+09:00,2664.0,2664.0,2664.0,2664.0,100,0.0,0.0
2023-10-13 09:00:00+09:00,2653.0,2665.0,2635.0,2665.0,700,0.0,0.0
2023-10-13 11:00:00+09:00,2665.0,2665.0,2665.0,2665.0,0,0.0,0.0
2023-10-13 13:00:00+09:00,2663.0,2663.0,2663.0,2663.0,800,0.0,0.0
2023-10-13 14:00:00+09:00,2648.0,2656.0,2641.0,2656.0,500,0.0,0.0
2023-10-16 09:00:00+09:00,2630.0,2630.0,2630.0,2630.0,500,0.0,0.0
2023-10-16 10:00:00+09:00,2630.0,2630.0,2630.0,2630.0,0,0.0,0.0
2023-10-16 11:00:00+09:00,2630.0,2630.0,2630.0,2630.0,0,0.0,0.0
2023-10-16 14:00:00+09:00,2625.0,2630.0,2622.0,2630.0,1400,0.0,0.0
2023-10-17 09:00:00+09:00,2612.0,2666.0,2605.0,2666.0,900,0.0,0.0
2023-10-17 10:00:00+09:00,2643.0,2643.0,2643.0,2643.0,0,0.0,0.0
2023-10-17 11:00:00+09:00,2643.0,2643.0,2643.0,2643.0,0,0.0,0.0
2023-10-17 12:00:00+09:00,2650.0,2650.0,2650.0,2650.0,1100,0.0,0.0
2023-10-17 14:00:00+09:00,2643.0,2643.0,2643.0,2643.0,100,0.0,0.0
2023-10-18 09:00:00+09:00,2603.0,2670.0,2603.0,2670.0,1700,0.0,0.0
2023-10-18 11:00:00+09:00,2670.0,2670.0,2670.0,2670.0,0,0.0,0.0
2023-10-18 14:00:00+09:00,2645.0,2654.0,2645.0,2654.0,1900,0.0,0.0
2023-10-19 11:00:00+09:00,2619.0,2619.0,2619.0,2619.0,100,0.0,0.0
2023-10-19 12:00:00+09:00,2626.0,2626.0,2626.0,2626.0,300,0.0,0.0
2023-10-19 13:00:00+09:00,2638.0,2648.0,2636.0,2636.0,700,0.0,0.0
2023-10-19 14:00:00+09:00,2653.0,2654.0,2653.0,2654.0,300,0.0,0.0
2023-10-20 10:00:00+09:00,2616.0,2616.0,2616.0,2616.0,100,0.0,0.0
2023-10-20 11:00:00+09:00,2638.0,2646.0,2638.0,2646.0,0,0.0,0.0
2023-10-23 09:00:00+09:00,2687.0,2687.0,2670.0,2670.0,900,0.0,0.0
2023-10-23 10:00:00+09:00,2651.0,2661.0,2646.0,2646.0,500,0.0,0.0
2023-10-23 11:00:00+09:00,2680.0,2684.0,2680.0,2684.0,0,0.0,0.0
2023-10-23 12:00:00+09:00,2686.0,2686.0,2686.0,2686.0,1700,0.0,0.0
2023-10-23 13:00:00+09:00,2650.0,2650.0,2650.0,2650.0,100,0.0,0.0
2023-10-23 14:00:00+09:00,2641.0,2641.0,2619.0,2619.0,700,0.0,0.0
2023-10-24 09:00:00+09:00,2619.0,2619.0,2619.0,2619.0,200,0.0,0.0
2023-10-24 10:00:00+09:00,2619.0,2623.0,2615.0,2615.0,900,0.0,0.0
2023-10-24 11:00:00+09:00,2607.0,2607.0,2607.0,2607.0,0,0.0,0.0
2023-10-24 12:00:00+09:00,2615.0,2615.0,2615.0,2615.0,1300,0.0,0.0
2023-10-24 13:00:00+09:00,2608.0,2608.0,2608.0,2608.0,200,0.0,0.0
2023-10-24 14:00:00+09:00,2608.0,2608.0,2608.0,2608.0,200,0.0,0.0
2023-10-25 09:00:00+09:00,2610.0,2610.0,2610.0,2610.0,100,0.0,0.0
2023-10-25 10:00:00+09:00,2643.0,2646.0,2643.0,2646.0,200,0.0,0.0
2023-10-25 11:00:00+09:00,2620.0,2620.0,2616.0,2616.0,0,0.0,0.0
2023-10-25 13:00:00+09:00,2620.0,2620.0,2617.0,2617.0,1000,0.0,0.0
2023-10-25 14:00:00+09:00,2615.0,2615.0,2614.0,2614.0,500,0.0,0.0
2023-10-26 09:00:00+09:00,2662.0,2662.0,2620.0,2620.0,500,0.0,0.0
2023-10-26 10:00:00+09:00,2621.0,2621.0,2620.0,2620.0,200,0.0,0.0
2023-10-26 11:00:00+09:00,2630.0,2630.0,2630.0,2630.0,0,0.0,0.0
2023-10-26 12:00:00+09:00,2635.0,2635.0,2635.0,2635.0,900,0.0,0.0
2023-10-27 09:00:00+09:00,2640.0,2640.0,2636.0,2636.0,300,0.0,0.0
2023-10-27 10:00:00+09:00,2635.0,2635.0,2635.0,2635.0,100,0.0,0.0
2023-10-27 11:00:00+09:00,2650.0,2650.0,2650.0,2650.0,0,0.0,0.0
2023-10-27 13:00:00+09:00,2635.0,2635.0,2625.0,2625.0,800,0.0,0.0
2023-10-27 14:00:00+09:00,2637.0,2637.0,2580.0,2622.0,1400,0.0,0.0
2023-10-30 09:00:00+09:00,2656.0,2656.0,2656.0,2656.0,0,0.0,0.0
2023-10-30 10:00:00+09:00,2632.0,2632.0,2632.0,2632.0,100,0.0,0.0
2023-10-30 11:00:00+09:00,2632.0,2632.0,2632.0,2632.0,0,0.0,0.0
2023-10-30 12:00:00+09:00,2587.0,2587.0,2587.0,2587.0,300,0.0,0.0
2023-10-30 14:00:00+09:00,2608.0,2608.0,2608.0,2608.0,100,0.0,0.0
2023-10-31 09:00:00+09:00,2602.0,2602.0,2602.0,2602.0,100,0.0,0.0
2023-10-31 10:00:00+09:00,2612.0,2612.0,2600.0,2600.0,300,0.0,0.0
2023-10-31 11:00:00+09:00,2600.0,2600.0,2600.0,2600.0,0,0.0,0.0
2023-11-01 09:00:00+09:00,2625.0,2625.0,2625.0,2625.0,200,0.0,0.0
2023-11-01 10:00:00+09:00,2634.0,2634.0,2634.0,2634.0,100,0.0,0.0
2023-11-01 11:00:00+09:00,2634.0,2634.0,2634.0,2634.0,0,0.0,0.0
2023-11-01 14:00:00+09:00,2625.0,2625.0,2602.0,2602.0,700,0.0,0.0
2023-11-02 09:00:00+09:00,2600.0,2600.0,2600.0,2600.0,400,0.0,0.0
2023-11-02 11:00:00+09:00,2600.0,2600.0,2600.0,2600.0,0,0.0,0.0
2023-11-07 09:00:00+09:00,2629.0,2636.0,2620.0,2630.0,400,0.0,0.0
2023-11-07 10:00:00+09:00,2640.0,2648.0,2634.0,2634.0,700,0.0,0.0
2023-11-07 11:00:00+09:00,2634.0,2634.0,2634.0,2634.0,0,0.0,0.0
2023-11-07 12:00:00+09:00,2650.0,2650.0,2641.0,2641.0,2200,0.0,0.0
2023-11-07 13:00:00+09:00,2660.0,2660.0,2660.0,2660.0,100,0.0,0.0
2023-11-08 09:00:00+09:00,2655.0,2655.0,2655.0,2655.0,100,0.0,0.0
2023-11-08 10:00:00+09:00,2653.0,2655.0,2653.0,2655.0,200,0.0,0.0
2023-11-08 11:00:00+09:00,2655.0,2655.0,2655.0,2655.0,0,0.0,0.0
2023-11-08 14:00:00+09:00,2650.0,2650.0,2630.0,2650.0,1200,0.0,0.0
2023-11-09 09:00:00+09:00,2670.0,2694.0,2670.0,2694.0,200,0.0,0.0
2023-11-09 10:00:00+09:00,2705.0,2708.0,2705.0,2707.0,300,0.0,0.0
2023-11-09 11:00:00+09:00,2708.0,2719.0,2708.0,2719.0,0,0.0,0.0
2023-11-09 12:00:00+09:00,2722.0,2730.0,2706.0,2724.0,2100,0.0,0.0
2023-11-09 13:00:00+09:00,2710.0,2710.0,2599.0,2607.0,2700,0.0,0.0
2023-11-09 14:00:00+09:00,2610.0,2625.0,2604.0,2604.0,500,0.0,0.0
2023-11-10 09:00:00+09:00,2621.0,2624.0,2620.0,2620.0,500,0.0,0.0
2023-11-10 10:00:00+09:00,2620.0,2620.0,2601.0,2604.0,800,0.0,0.0
2023-11-10 11:00:00+09:00,2609.0,2609.0,2609.0,2609.0,0,0.0,0.0
2023-11-10 12:00:00+09:00,2610.0,2610.0,2610.0,2610.0,1500,0.0,0.0
2023-11-10 13:00:00+09:00,2615.0,2615.0,2615.0,2615.0,100,0.0,0.0
2023-11-10 14:00:00+09:00,2616.0,2616.0,2616.0,2616.0,200,0.0,0.0
2023-11-13 09:00:00+09:00,2643.0,2643.0,2603.0,2603.0,400,0.0,0.0
2023-11-13 11:00:00+09:00,2611.0,2611.0,2611.0,2611.0,0,0.0,0.0
2023-11-13 13:00:00+09:00,2644.0,2644.0,2644.0,2644.0,600,0.0,0.0
2023-11-13 14:00:00+09:00,2639.0,2639.0,2639.0,2639.0,100,0.0,0.0
2023-11-14 09:00:00+09:00,2637.0,2680.0,2624.0,2680.0,1000,0.0,0.0
2023-11-14 11:00:00+09:00,2680.0,2680.0,2680.0,2680.0,0,0.0,0.0
2023-11-14 13:00:00+09:00,2669.0,2669.0,2669.0,2669.0,1100,0.0,0.0
2023-11-14 14:00:00+09:00,2669.0,2669.0,2669.0,2669.0,100,0.0,0.0
2023-11-15 09:00:00+09:00,2667.0,2667.0,2621.0,2631.0,300,0.0,0.0
2023-11-15 10:00:00+09:00,2638.0,2638.0,2634.0,2634.0,300,0.0,0.0
2023-11-15 11:00:00+09:00,2634.0,2634.0,2634.0,2634.0,0,0.0,0.0
2023-11-15 12:00:00+09:00,2661.0,2661.0,2634.0,2634.0,800,0.0,0.0
2023-11-15 14:00:00+09:00,2629.0,2629.0,2628.0,2629.0,900,0.0,0.0
2023-11-16 09:00:00+09:00,2639.0,2639.0,2610.0,2610.0,300,0.0,0.0
2023-11-16 10:00:00+09:00,2614.0,2614.0,2614.0,2614.0,100,0.0,0.0
2023-11-16 11:00:00+09:00,2614.0,2614.0,2614.0,2614.0,0,0.0,0.0
2023-11-16 13:00:00+09:00,2633.0,2633.0,2633.0,2633.0,500,0.0,0.0
2023-11-17 13:00:00+09:00,2651.0,2651.0,2626.0,2626.0,300,0.0,0.0
2023-11-17 14:00:00+09:00,2626.0,2649.0,2626.0,2649.0,400,0.0,0.0
2023-11-20 09:00:00+09:00,2666.0,2666.0,2666.0,2666.0,100,0.0,0.0
2023-11-20 11:00:00+09:00,2666.0,2666.0,2666.0,2666.0,0,0.0,0.0
2023-11-20 12:00:00+09:00,2650.0,2650.0,2650.0,2650.0,500,0.0,0.0
2023-11-20 14:00:00+09:00,2650.0,2650.0,2650.0,2650.0,100,0.0,0.0
2023-11-21 09:00:00+09:00,2650.0,2666.0,2650.0,2666.0,300,0.0,0.0
2023-11-21 11:00:00+09:00,2666.0,2666.0,2666.0,2666.0,0,0.0,0.0
2023-11-21 12:00:00+09:00,2650.0,2650.0,2650.0,2650.0,600,0.0,0.0
2023-11-21 13:00:00+09:00,2660.0,2664.0,2650.0,2650.0,400,0.0,0.0
2023-11-22 09:00:00+09:00,2650.0,2663.0,2650.0,2663.0,400,0.0,0.0
2023-11-22 10:00:00+09:00,2665.0,2665.0,2665.0,2665.0,100,0.0,0.0
2023-11-22 11:00:00+09:00,2665.0,2665.0,2665.0,2665.0,0,0.0,0.0
2023-11-22 13:00:00+09:00,2666.0,2666.0,2666.0,2666.0,600,0.0,0.0
2023-11-22 14:00:00+09:00,2667.0,2667.0,2667.0,2667.0,200,0.0,0.0
2023-11-24 09:00:00+09:00,2667.0,2745.0,2667.0,2745.0,1600,0.0,0.0
2023-11-24 10:00:00+09:00,2711.0,2750.0,2711.0,2750.0,400,0.0,0.0
2023-11-24 11:00:00+09:00,2750.0,2750.0,2750.0,2750.0,0,0.0,0.0
2023-11-24 12:00:00+09:00,2718.0,2721.0,2718.0,2721.0,2200,0.0,0.0
2023-11-24 13:00:00+09:00,2744.0,2744.0,2744.0,2744.0,100,0.0,0.0
2023-11-24 14:00:00+09:00,2723.0,2727.0,2723.0,2727.0,200,0.0,0.0
2023-11-27 09:00:00+09:00,2777.0,2799.0,2760.0,2799.0,1800,0.0,0.0
2023-11-27 10:00:00+09:00,2796.0,2828.0,2780.0,2804.0,1400,0.0,0.0
2023-11-27 11:00:00+09:00,2804.0,2804.0,2804.0,2804.0,0,0.0,0.0
2023-11-27 12:00:00+09:00,2754.0,2759.0,2754.0,2759.0,3400,0.0,0.0
2023-11-27 14:00:00+09:00,2740.0,2740.0,2740.0,2740.0,100,0.0,0.0
2023-11-28 11:00:00+09:00,2735.0,2735.0,2735.0,2735.0,100,0.0,0.0
2023-11-28 12:00:00+09:00,2709.0,2709.0,2709.0,2709.0,700,0.0,0.0
2023-11-28 13:00:00+09:00,2710.0,2716.0,2700.0,2715.0,900,0.0,0.0
2023-11-29 09:00:00+09:00,2735.0,2735.0,2735.0,2735.0,100,0.0,0.0
2023-11-29 11:00:00+09:00,2735.0,2735.0,2735.0,2735.0,0,0.0,0.0
2023-11-29 12:00:00+09:00,2735.0,2735.0,2735.0,2735.0,300,0.0,0.0
2023-11-29 13:00:00+09:00,2730.0,2730.0,2730.0,2730.0,100,0.0,0.0
2023-11-30 09:00:00+09:00,2730.0,2740.0,2730.0,2740.0,600,0.0,0.0
2023-11-30 11:00:00+09:00,2709.0,2709.0,2709.0,2709.0,0,0.0,0.0
2023-11-30 12:00:00+09:00,2705.0,2705.0,2705.0,2705.0,800,0.0,0.0
2023-11-30 13:00:00+09:00,2700.0,2700.0,2700.0,2700.0,100,0.0,0.0
2023-11-30 14:00:00+09:00,2731.0,2731.0,2731.0,2731.0,0,0.0,0.0
2023-12-01 09:00:00+09:00,2703.0,2703.0,2703.0,2703.0,100,0.0,0.0
2023-12-01 10:00:00+09:00,2715.0,2715.0,2715.0,2715.0,100,0.0,0.0
2023-12-01 11:00:00+09:00,2714.0,2714.0,2714.0,2714.0,0,0.0,0.0
2023-12-01 12:00:00+09:00,2715.0,2715.0,2710.0,2710.0,1100,0.0,0.0
2023-12-01 14:00:00+09:00,2700.0,2700.0,2700.0,2700.0,100,0.0,0.0
2023-12-04 09:00:00+09:00,2750.0,2750.0,2750.0,2750.0,0,0.0,0.0
2023-12-04 10:00:00+09:00,2717.0,2717.0,2717.0,2717.0,100,0.0,0.0
2023-12-04 11:00:00+09:00,2717.0,2717.0,2717.0,2717.0,0,0.0,0.0
2023-12-04 12:00:00+09:00,2712.0,2712.0,2712.0,2712.0,800,0.0,0.0
2023-12-05 09:00:00+09:00,2712.0,2712.0,2712.0,2712.0,200,0.0,0.0
2023-12-05 11:00:00+09:00,2712.0,2712.0,2712.0,2712.0,0,0.0,0.0
2023-12-05 12:00:00+09:00,2712.0,2712.0,2710.0,2710.0,0,0.0,0.0
2023-12-05 14:00:00+09:00,2751.0,2751.0,2751.0,2751.0,700,0.0,0.0
2023-12-06 09:00:00+09:00,2750.0,2750.0,2750.0,2750.0,300,0.0,0.0
2023-12-06 11:00:00+09:00,2750.0,2750.0,2750.0,2750.0,0,0.0,0.0
2023-12-06 13:00:00+09:00,2750.0,2750.0,2750.0,2750.0,400,0.0,0.0
2023-12-06 14:00:00+09:00,2747.0,2747.0,2747.0,2747.0,100,0.0,0.0
2023-12-07 12:00:00+09:00,2710.0,2710.0,2710.0,2710.0,100,0.0,0.0
2023-12-08 12:00:00+09:00,2700.0,2700.0,2700.0,2700.0,400,0.0,0.0
2023-12-08 14:00:00+09:00,2700.0,2700.0,2700.0,2700.0,200,0.0,0.0
2023-12-11 12:00:00+09:00,2730.0,2730.0,2730.0,2730.0,200,0.0,0.0
2023-12-11 14:00:00+09:00,2716.0,2716.0,2716.0,2716.0,100,0.0,0.0
2023-12-12 09:00:00+09:00,2716.0,2716.0,2716.0,2716.0,100,0.0,0.0
2023-12-12 10:00:00+09:00,2717.0,2717.0,2717.0,2717.0,100,0.0,0.0
2023-12-12 11:00:00+09:00,2717.0,2717.0,2717.0,2717.0,0,0.0,0.0
2023-12-12 13:00:00+09:00,2746.0,2746.0,2746.0,2746.0,300,0.0,0.0
2023-12-12 14:00:00+09:00,2724.0,2724.0,2715.0,2715.0,2200,0.0,0.0
2023-12-13 09:00:00+09:00,2740.0,2749.0,2740.0,2749.0,200,0.0,0.0
2023-12-13 11:00:00+09:00,2749.0,2749.0,2749.0,2749.0,0,0.0,0.0
2023-12-13 12:00:00+09:00,2706.0,2706.0,2706.0,2706.0,300,0.0,0.0
2023-12-14 09:00:00+09:00,2700.0,2700.0,2700.0,2700.0,200,0.0,0.0
2023-12-14 11:00:00+09:00,2700.0,2700.0,2700.0,2700.0,0,0.0,0.0
2023-12-14 12:00:00+09:00,2711.0,2711.0,2711.0,2711.0,0,0.0,0.0
2023-12-14 13:00:00+09:00,2702.0,2702.0,2692.0,2692.0,1200,0.0,0.0
2023-12-14 14:00:00+09:00,2692.0,2692.0,2692.0,2692.0,200,0.0,0.0
2023-12-15 09:00:00+09:00,2681.0,2710.0,2680.0,2710.0,500,0.0,0.0
2023-12-15 10:00:00+09:00,2665.0,2665.0,2665.0,2665.0,100,0.0,0.0
2023-12-15 11:00:00+09:00,2665.0,2665.0,2665.0,2665.0,0,0.0,0.0
2023-12-15 12:00:00+09:00,2696.0,2696.0,2696.0,2696.0,700,0.0,0.0
2023-12-15 14:00:00+09:00,2700.0,2700.0,2700.0,2700.0,100,0.0,0.0
2023-12-18 09:00:00+09:00,2667.0,2687.0,2667.0,2687.0,200,0.0,0.0
2023-12-18 10:00:00+09:00,2700.0,2700.0,2700.0,2700.0,200,0.0,0.0
2023-12-18 11:00:00+09:00,2668.0,2668.0,2668.0,2668.0,0,0.0,0.0
2023-12-18 12:00:00+09:00,2701.0,2701.0,2700.0,2700.0,900,0.0,0.0
2023-12-18 14:00:00+09:00,2715.0,2798.0,2715.0,2798.0,400,0.0,0.0
2023-12-19 09:00:00+09:00,2718.0,2718.0,2718.0,2718.0,100,0.0,0.0
2023-12-19 11:00:00+09:00,2718.0,2718.0,2718.0,2718.0,0,0.0,0.0
2023-12-19 14:00:00+09:00,2750.0,2750.0,2750.0,2750.0,200,0.0,0.0
2023-12-20 09:00:00+09:00,2701.0,2701.0,2701.0,2701.0,100,0.0,0.0
2023-12-20 11:00:00+09:00,2701.0,2701.0,2701.0,2701.0,0,0.0,0.0
2023-12-20 12:00:00+09:00,2751.0,2751.0,2751.0,2751.0,300,0.0,0.0
2023-12-20 13:00:00+09:00,2783.0,2783.0,2782.0,2782.0,400,0.0,0.0
2023-12-20 14:00:00+09:00,2770.0,2775.0,2770.0,2775.0,300,0.0,0.0
2023-12-21 09:00:00+09:00,2775.0,2775.0,2758.0,2758.0,200,0.0,0.0
2023-12-21 11:00:00+09:00,2758.0,2758.0,2758.0,2758.0,0,0.0,0.0
2023-12-21 13:00:00+09:00,2767.0,3200.0,2759.0,2966.0,37400,0.0,0.0
2023-12-21 14:00:00+09:00,2960.0,2988.0,2933.0,2978.0,3100,0.0,0.0
2023-12-22 09:00:00+09:00,3030.0,3085.0,3010.0,3010.0,10600,0.0,0.0
2023-12-22 10:00:00+09:00,3010.0,3015.0,3005.0,3015.0,900,0.0,0.0
2023-12-22 11:00:00+09:00,3015.0,3015.0,3015.0,3015.0,0,0.0,0.0
2023-12-22 12:00:00+09:00,3010.0,3010.0,2990.0,3005.0,13900,0.0,0.0
2023-12-22 13:00:00+09:00,3000.0,3010.0,3000.0,3010.0,500,0.0,0.0
2023-12-22 14:00:00+09:00,3005.0,3005.0,2980.0,2990.0,2700,0.0,0.0
2023-12-25 09:00:00+09:00,3070.0,3070.0,3000.0,3005.0,3600,0.0,0.0
2023-12-25 10:00:00+09:00,2990.0,3005.0,2990.0,3005.0,200,0.0,0.0
2023-12-25 11:00:00+09:00,3010.0,3035.0,3010.0,3035.0,0,0.0,0.0
2023-12-25 12:00:00+09:00,3020.0,3020.0,3015.0,3015.0,4300,0.0,0.0
2023-12-25 14:00:00+09:00,3015.0,3015.0,2990.0,3010.0,900,0.0,0.0
2023-12-26 09:00:00+09:00,3000.0,3000.0,2960.0,2960.0,900,0.0,0.0
2023-12-26 10:00:00+09:00,2955.0,2961.0,2955.0,2961.0,400,0.0,0.0
2023-12-26 11:00:00+09:00,2961.0,2961.0,2961.0,2961.0,0,0.0,0.0
2023-12-26 12:00:00+09:00,2965.0,2994.0,2965.0,2994.0,1500,0.0,0.0
2023-12-26 13:00:00+09:00,2993.0,3010.0,2993.0,3010.0,900,0.0,0.0
2023-12-26 14:00:00+09:00,3005.0,3010.0,3005.0,3010.0,200,0.0,0.0
2023-12-27 10:00:00+09:00,2995.0,2995.0,2995.0,2995.0,100,0.0,0.0
2023-12-27 11:00:00+09:00,2995.0,2995.0,2995.0,2995.0,0,0.0,0.0
2023-12-27 14:00:00+09:00,2991.0,2998.0,2991.0,2998.0,800,0.0,0.0
2023-12-28 09:00:00+09:00,2999.0,2999.0,2995.0,2995.0,1000,0.0,0.0
2023-12-28 10:00:00+09:00,2995.0,3000.0,2985.0,3000.0,700,0.0,0.0
2023-12-28 11:00:00+09:00,3000.0,3000.0,3000.0,3000.0,0,0.0,0.0
2023-12-28 12:00:00+09:00,3000.0,3000.0,3000.0,3000.0,1900,0.0,0.0
2023-12-28 13:00:00+09:00,2990.0,2990.0,2985.0,2985.0,400,0.0,0.0
2023-12-28 14:00:00+09:00,3000.0,3015.0,3000.0,3015.0,400,0.0,0.0
2023-12-29 09:00:00+09:00,3010.0,3025.0,3000.0,3025.0,700,0.0,0.0
2023-12-29 10:00:00+09:00,3025.0,3025.0,3025.0,3025.0,100,0.0,0.0
2023-12-29 11:00:00+09:00,3025.0,3025.0,3015.0,3015.0,0,0.0,0.0
2023-12-29 12:00:00+09:00,3015.0,3015.0,3015.0,3015.0,1200,0.0,0.0
2023-12-29 13:00:00+09:00,3020.0,3020.0,2986.0,2986.0,1200,0.0,0.0
2023-12-29 14:00:00+09:00,3010.0,3015.0,3010.0,3015.0,400,0.0,0.0
2024-01-04 09:00:00+09:00,3215.0,3415.0,3200.0,3260.0,22100,0.0,0.0
2024-01-04 10:00:00+09:00,3275.0,3355.0,3275.0,3295.0,2800,0.0,0.0
2024-01-04 11:00:00+09:00,3325.0,3335.0,3295.0,3295.0,0,0.0,0.0
2024-01-04 12:00:00+09:00,3295.0,3295.0,3295.0,3295.0,27500,0.0,0.0
2024-01-04 13:00:00+09:00,3290.0,3290.0,3255.0,3290.0,1600,0.0,0.0
2024-01-04 14:00:00+09:00,3285.0,3295.0,3270.0,3295.0,1800,0.0,0.0
2024-01-05 09:00:00+09:00,3340.0,3340.0,3260.0,3310.0,5100,0.0,0.0
2024-01-05 10:00:00+09:00,3300.0,3300.0,3280.0,3290.0,500,0.0,0.0
2024-01-05 11:00:00+09:00,3290.0,3290.0,3290.0,3290.0,0,0.0,0.0
2024-01-05 13:00:00+09:00,3280.0,3280.0,3255.0,3275.0,6600,0.0,0.0
2024-01-05 14:00:00+09:00,3285.0,3285.0,3275.0,3275.0,600,0.0,0.0
2024-01-09 09:00:00+09:00,3270.0,3320.0,3250.0,3300.0,2700,0.0,0.0
2024-01-09 10:00:00+09:00,3325.0,3325.0,3325.0,3325.0,200,0.0,0.0
2024-01-09 11:00:00+09:00,3325.0,3400.0,3325.0,3340.0,0,0.0,0.0
2024-01-09 12:00:00+09:00,3340.0,3400.0,3340.0,3400.0,7300,0.0,0.0
2024-01-09 13:00:00+09:00,3375.0,3405.0,3375.0,3405.0,600,0.0,0.0
2024-01-09 14:00:00+09:00,3400.0,3470.0,3400.0,3450.0,3500,0.0,0.0
2024-01-10 09:00:00+09:00,3460.0,3460.0,3380.0,3385.0,2700,0.0,0.0
2024-01-10 10:00:00+09:00,3410.0,3435.0,3405.0,3410.0,1100,0.0,0.0
2024-01-10 11:00:00+09:00,3410.0,3410.0,3380.0,3380.0,0,0.0,0.0
2024-01-10 12:00:00+09:00,3390.0,3400.0,3390.0,3400.0,5400,0.0,0.0
2024-01-10 13:00:00+09:00,3400.0,3410.0,3385.0,3410.0,800,0.0,0.0
2024-01-10 14:00:00+09:00,3415.0,3445.0,3380.0,3380.0,1900,0.0,0.0
2024-01-11 09:00:00+09:00,3440.0,3440.0,3360.0,3360.0,2200,0.0,0.0
2024-01-11 10:00:00+09:00,3365.0,3365.0,3325.0,3355.0,2700,0.0,0.0
2024-01-11 11:00:00+09:00,3350.0,3355.0,3345.0,3355.0,0,0.0,0.0
2024-01-11 13:00:00+09:00,3340.0,3340.0,3340.0,3340.0,5500,0.0,0.0
2024-01-11 14:00:00+09:00,3360.0,3375.0,3345.0,3345.0,2500,0.0,0.0
2024-01-12 09:00:00+09:00,3345.0,3365.0,3300.0,3300.0,0,0.0,0.0
2024-01-12 10:00:00+09:00,3305.0,3305.0,3265.0,3275.0,4500,0.0,0.0
2024-01-12 11:00:00+09:00,3270.0,3270.0,3270.0,3270.0,0,0.0,0.0
2024-01-12 12:00:00+09:00,3300.0,3300.0,3290.0,3290.0,9700,0.0,0.0
2024-01-12 13:00:00+09:00,3290.0,3290.0,3280.0,3280.0,400,0.0,0.0
2024-01-12 14:00:00+09:00,3290.0,3340.0,3275.0,3275.0,4300,0.0,0.0
2024-01-15 09:00:00+09:00,3275.0,3325.0,3275.0,3325.0,0,0.0,0.0
2024-01-15 10:00:00+09:00,3325.0,3325.0,3290.0,3305.0,4000,0.0,0.0
2024-01-15 11:00:00+09:00,3300.0,3300.0,3300.0,3300.0,0,0.0,0.0
2024-01-15 12:00:00+09:00,3305.0,3330.0,3305.0,3330.0,4600,0.0,0.0
2024-01-15 13:00:00+09:00,3320.0,3325.0,3320.0,3325.0,300,0.0,0.0
2024-01-15 14:00:00+09:00,3335.0,3335.0,3320.0,3320.0,500,0.0,0.0
2024-01-16 09:00:00+09:00,3320.0,3320.0,3315.0,3320.0,400,0.0,0.0
2024-01-16 10:00:00+09:00,3310.0,3310.0,3300.0,3300.0,700,0.0,0.0
2024-01-16 11:00:00+09:00,3305.0,3305.0,3305.0,3305.0,0,0.0,0.0
2024-01-16 12:00:00+09:00,3305.0,3305.0,3300.0,3300.0,1700,0.0,0.0
2024-01-16 13:00:00+09:00,3300.0,3300.0,3300.0,3300.0,200,0.0,0.0
2024-01-16 14:00:00+09:00,3300.0,3300.0,3300.0,3300.0,100,0.0,0.0
2024-01-17 09:00:00+09:00,3300.0,3315.0,3300.0,3315.0,1200,0.0,0.0
2024-01-17 10:00:00+09:00,3310.0,3315.0,3310.0,3315.0,300,0.0,0.0
2024-01-17 11:00:00+09:00,3320.0,3340.0,3320.0,3340.0,0,0.0,0.0
2024-01-17 12:00:00+09:00,3320.0,3335.0,3310.0,3335.0,2500,0.0,0.0
2024-01-17 13:00:00+09:00,3325.0,3330.0,3300.0,3305.0,5800,0.0,0.0
2024-01-17 14:00:00+09:00,3300.0,3300.0,3295.0,3295.0,900,0.0,0.0
2024-01-18 10:00:00+09:00,3330.0,3330.0,3320.0,3320.0,600,0.0,0.0
2024-01-18 11:00:00+09:00,3320.0,3320.0,3320.0,3320.0,0,0.0,0.0
2024-01-18 12:00:00+09:00,3315.0,3315.0,3310.0,3310.0,1000,0.0,0.0
2024-01-18 13:00:00+09:00,3320.0,3320.0,3320.0,3320.0,100,0.0,0.0
2024-01-18 14:00:00+09:00,3310.0,3325.0,3310.0,3325.0,400,0.0,0.0
2024-01-19 09:00:00+09:00,3365.0,3380.0,3360.0,3375.0,3200,0.0,0.0
2024-01-19 10:00:00+09:00,3360.0,3375.0,3360.0,3375.0,400,0.0,0.0
2024-01-19 11:00:00+09:00,3380.0,3380.0,3370.0,3370.0,0,0.0,0.0
2024-01-19 12:00:00+09:00,3370.0,3370.0,3370.0,3370.0,4400,0.0,0.0
2024-01-19 13:00:00+09:00,3370.0,3370.0,3370.0,3370.0,300,0.0,0.0
2024-01-19 14:00:00+09:00,3380.0,3380.0,3370.0,3370.0,200,0.0,0.0
2024-01-22 09:00:00+09:00,3390.0,3400.0,3390.0,3400.0,0,0.0,0.0
2024-01-22 10:00:00+09:00,3410.0,3410.0,3380.0,3390.0,1300,0.0,0.0
2024-01-22 11:00:00+09:00,3405.0,3405.0,3405.0,3405.0,0,0.0,0.0
2024-01-22 12:00:00+09:00,3405.0,3410.0,3405.0,3410.0,3500,0.0,0.0
2024-01-22 13:00:00+09:00,3390.0,3390.0,3385.0,3385.0,800,0.0,0.0
2024-01-22 14:00:00+09:00,3390.0,3400.0,3385.0,3400.0,300,0.0,0.0
2024-01-23 09:00:00+09:00,3410.0,3410.0,3400.0,3405.0,400,0.0,0.0
2024-01-23 11:00:00+09:00,3405.0,3405.0,3405.0,3405.0,0,0.0,0.0
2024-01-23 12:00:00+09:00,3410.0,3410.0,3410.0,3410.0,500,0.0,0.0
2024-01-23 14:00:00+09:00,3410.0,3415.0,3410.0,3410.0,0,0.0,0.0
2024-01-24 09:00:00+09:00,3415.0,3415.0,3400.0,3400.0,300,0.0,0.0
2024-01-24 11:00:00+09:00,3400.0,3400.0,3400.0,3400.0,0,0.0,0.0
2024-01-24 12:00:00+09:00,3410.0,3410.0,3380.0,3380.0,3000,0.0,0.0
2024-01-24 13:00:00+09:00,3385.0,3405.0,3385.0,3405.0,200,0.0,0.0
2024-01-25 09:00:00+09:00,3405.0,3405.0,3405.0,3405.0,400,0.0,0.0
2024-01-25 11:00:00+09:00,3405.0,3405.0,3405.0,3405.0,0,0.0,0.0
2024-01-25 13:00:00+09:00,3405.0,3410.0,3405.0,3410.0,1300,0.0,0.0
2024-01-26 09:00:00+09:00,3400.0,3405.0,3390.0,3405.0,400,0.0,0.0
2024-01-26 10:00:00+09:00,3395.0,3395.0,3395.0,3395.0,100,0.0,0.0
2024-01-26 11:00:00+09:00,3395.0,3395.0,3395.0,3395.0,0,0.0,0.0
2024-01-26 12:00:00+09:00,3400.0,3400.0,3400.0,3400.0,700,0.0,0.0
2024-01-26 13:00:00+09:00,3390.0,3390.0,3390.0,3390.0,100,0.0,0.0
2024-01-26 14:00:00+09:00,3405.0,3405.0,3380.0,3380.0,300,0.0,0.0
2024-01-29 09:00:00+09:00,3370.0,3370.0,3370.0,3370.0,200,0.0,0.0
2024-01-29 10:00:00+09:00,3370.0,3380.0,3370.0,3380.0,400,0.0,0.0
2024-01-29 11:00:00+09:00,3380.0,3380.0,3380.0,3380.0,0,0.0,0.0
2024-01-29 14:00:00+09:00,3395.0,3395.0,3375.0,3375.0,900,0.0,0.0
2024-01-30 09:00:00+09:00,3375.0,3405.0,3375.0,3390.0,400,0.0,0.0
2024-01-30 11:00:00+09:00,3390.0,3390.0,3390.0,3390.0,0,0.0,0.0
2024-01-30 14:00:00+09:00,3380.0,3400.0,3380.0,3400.0,1000,0.0,0.0
2024-01-31 09:00:00+09:00,3400.0,3415.0,3400.0,3415.0,400,0.0,0.0
2024-01-31 10:00:00+09:00,3420.0,3445.0,3420.0,3445.0,0,0.0,0.0
2024-01-31 11:00:00+09:00,3445.0,3455.0,3445.0,3445.0,0,0.0,0.0
2024-01-31 13:00:00+09:00,3445.0,3455.0,3445.0,3455.0,2900,0.0,0.0
2024-01-31 14:00:00+09:00,3460.0,3475.0,3450.0,3475.0,1000,0.0,0.0
2024-02-01 09:00:00+09:00,3475.0,3475.0,3455.0,3455.0,300,0.0,0.0
2024-02-01 11:00:00+09:00,3455.0,3455.0,3455.0,3455.0,0,0.0,0.0
2024-02-01 12:00:00+09:00,3465.0,3465.0,3455.0,3455.0,700,0.0,0.0
2024-02-01 13:00:00+09:00,3470.0,3470.0,3470.0,3470.0,100,0.0,0.0
2024-02-01 14:00:00+09:00,3455.0,3455.0,3450.0,3450.0,300,0.0,0.0
2024-02-02 09:00:00+09:00,3480.0,3480.0,3470.0,3470.0,300,0.0,0.0
2024-02-02 10:00:00+09:00,3450.0,3455.0,3450.0,3455.0,700,0.0,0.0
2024-02-02 11:00:00+09:00,3460.0,3460.0,3460.0,3460.0,0,0.0,0.0
2024-02-02 12:00:00+09:00,3460.0,3460.0,3435.0,3435.0,1300,0.0,0.0
2024-02-02 13:00:00+09:00,3455.0,3460.0,3455.0,3460.0,600,0.0,0.0
2024-02-02 14:00:00+09:00,3465.0,3500.0,3465.0,3480.0,800,0.0,0.0
2024-02-05 09:00:00+09:00,3530.0,3530.0,3515.0,3515.0,1400,0.0,0.0
2024-02-05 10:00:00+09:00,3510.0,3510.0,3485.0,3495.0,1000,0.0,0.0
2024-02-05 11:00:00+09:00,3500.0,3500.0,3500.0,3500.0,0,0.0,0.0
2024-02-05 12:00:00+09:00,3500.0,3500.0,3495.0,3495.0,3100,0.0,0.0
2024-02-05 14:00:00+09:00,3500.0,3525.0,3500.0,3525.0,400,0.0,0.0
2024-02-06 09:00:00+09:00,3530.0,3530.0,3500.0,3500.0,800,0.0,0.0
2024-02-06 11:00:00+09:00,3525.0,3525.0,3525.0,3525.0,0,0.0,0.0
2024-02-06 14:00:00+09:00,3525.0,3540.0,3525.0,3525.0,1500,0.0,0.0
2024-02-07 09:00:00+09:00,3530.0,3580.0,3530.0,3570.0,1900,0.0,0.0
2024-02-07 10:00:00+09:00,3565.0,3570.0,3555.0,3555.0,300,0.0,0.0
2024-02-07 11:00:00+09:00,3555.0,3555.0,3555.0,3555.0,0,0.0,0.0
2024-02-07 12:00:00+09:00,3580.0,3580.0,3580.0,3580.0,2300,0.0,0.0
2024-02-07 13:00:00+09:00,3580.0,3600.0,3580.0,3600.0,1700,0.0,0.0
2024-02-07 14:00:00+09:00,3600.0,3605.0,3595.0,3595.0,1000,0.0,0.0
2024-02-08 09:00:00+09:00,3595.0,3600.0,3590.0,3600.0,800,0.0,0.0
2024-02-08 10:00:00+09:00,3570.0,3570.0,3550.0,3550.0,500,0.0,0.0
2024-02-08 11:00:00+09:00,3560.0,3570.0,3550.0,3550.0,0,0.0,0.0
2024-02-08 12:00:00+09:00,3550.0,3550.0,3550.0,3550.0,2300,0.0,0.0
2024-02-08 13:00:00+09:00,3580.0,3580.0,3580.0,3580.0,200,0.0,0.0
2024-02-09 09:00:00+09:00,3600.0,3600.0,3475.0,3560.0,2500,0.0,0.0
2024-02-09 10:00:00+09:00,3585.0,3590.0,3545.0,3545.0,300,0.0,0.0
2024-02-09 11:00:00+09:00,3545.0,3570.0,3535.0,3570.0,0,0.0,0.0
2024-02-09 12:00:00+09:00,3580.0,3585.0,3525.0,3585.0,3800,0.0,0.0
2024-02-09 13:00:00+09:00,3530.0,3575.0,3500.0,3555.0,1100,0.0,0.0
2024-02-09 14:00:00+09:00,3550.0,3550.0,3550.0,3550.0,200,0.0,0.0
2024-02-13 09:00:00+09:00,3550.0,3550.0,3445.0,3520.0,4400,0.0,0.0
2024-02-13 10:00:00+09:00,3520.0,3520.0,3515.0,3515.0,200,0.0,0.0
2024-02-13 11:00:00+09:00,3500.0,3510.0,3500.0,3510.0,0,0.0,0.0
2024-02-13 12:00:00+09:00,3465.0,3480.0,3465.0,3480.0,5500,0.0,0.0
2024-02-13 13:00:00+09:00,3485.0,3485.0,3460.0,3485.0,1800,0.0,0.0
2024-02-13 14:00:00+09:00,3510.0,3525.0,3510.0,3525.0,200,0.0,0.0
2024-02-14 09:00:00+09:00,3455.0,3455.0,3445.0,3445.0,400,0.0,0.0
2024-02-14 11:00:00+09:00,3445.0,3445.0,3445.0,3445.0,0,0.0,0.0
2024-02-14 12:00:00+09:00,3455.0,3455.0,3455.0,3455.0,600,0.0,0.0
2024-02-14 13:00:00+09:00,3455.0,3465.0,3450.0,3465.0,900,0.0,0.0
2024-02-14 14:00:00+09:00,3490.0,3490.0,3490.0,3490.0,100,0.0,0.0
2024-02-15 09:00:00+09:00,3500.0,3500.0,3500.0,3500.0,100,0.0,0.0
2024-02-15 11:00:00+09:00,3470.0,3470.0,3470.0,3470.0,0,0.0,0.0
2024-02-15 12:00:00+09:00,3450.0,3450.0,3450.0,3450.0,300,0.0,0.0
2024-02-15 13:00:00+09:00,3495.0,3500.0,3495.0,3500.0,500,0.0,0.0
2024-02-16 09:00:00+09:00,3500.0,3500.0,3430.0,3430.0,1500,0.0,0.0
2024-02-16 11:00:00+09:00,3485.0,3490.0,3485.0,3490.0,0,0.0,0.0
2024-02-16 12:00:00+09:00,3485.0,3500.0,3470.0,3470.0,3900,0.0,0.0
2024-02-19 09:00:00+09:00,3435.0,3435.0,3400.0,3405.0,3700,0.0,0.0
2024-02-19 10:00:00+09:00,3410.0,3410.0,3400.0,3400.0,800,0.0,0.0
2024-02-19 11:00:00+09:00,3400.0,3400.0,3400.0,3400.0,0,0.0,0.0
2024-02-19 12:00:00+09:00,3405.0,3405.0,3380.0,3380.0,6400,0.0,0.0
2024-02-19 13:00:00+09:00,3400.0,3410.0,3400.0,3410.0,500,0.0,0.0
2024-02-19 14:00:00+09:00,3415.0,3430.0,3415.0,3430.0,400,0.0,0.0
2024-02-20 09:00:00+09:00,3425.0,3425.0,3395.0,3395.0,900,0.0,0.0
2024-02-20 11:00:00+09:00,3395.0,3395.0,3395.0,3395.0,0,0.0,0.0
2024-02-20 12:00:00+09:00,3385.0,3385.0,3380.0,3380.0,0,0.0,0.0
2024-02-20 13:00:00+09:00,3390.0,3390.0,3380.0,3380.0,2000,0.0,0.0
2024-02-20 14:00:00+09:00,3380.0,3395.0,3380.0,3395.0,300,0.0,0.0
2024-02-21 09:00:00+09:00,3455.0,3455.0,3420.0,3420.0,1300,0.0,0.0
2024-02-21 11:00:00+09:00,3420.0,3420.0,3420.0,3420.0,0,0.0,0.0
2024-02-21 12:00:00+09:00,3430.0,3455.0,3430.0,3455.0,1700,0.0,0.0
2024-02-21 13:00:00+09:00,3455.0,3455.0,3455.0,3455.0,100,0.0,0.0
2024-02-22 09:00:00+09:00,3455.0,3510.0,3455.0,3495.0,1800,0.0,0.0
2024-02-22 10:00:00+09:00,3485.0,3485.0,3480.0,3480.0,200,0.0,0.0
2024-02-22 11:00:00+09:00,3480.0,3480.0,3480.0,3480.0,0,0.0,0.0
2024-02-22 12:00:00+09:00,3475.0,3475.0,3470.0,3470.0,3900,0.0,0.0
2024-02-22 13:00:00+09:00,3495.0,3500.0,3495.0,3500.0,400,0.0,0.0
2024-02-22 14:00:00+09:00,3515.0,3530.0,3515.0,3530.0,600,0.0,0.0
2024-02-26 09:00:00+09:00,3670.0,3670.0,3540.0,3555.0,1800,0.0,0.0
2024-02-26 10:00:00+09:00,3585.0,3585.0,3585.0,3585.0,200,0.0,0.0
2024-02-26 11:00:00+09:00,3575.0,3575.0,3575.0,3575.0,0,0.0,0.0
2024-02-26 12:00:00+09:00,3575.0,3575.0,3570.0,3570.0,2300,0.0,0.0
2024-02-26 13:00:00+09:00,3555.0,3570.0,3550.0,3570.0,600,0.0,0.0
2024-02-26 14:00:00+09:00,3560.0,3560.0,3560.0,3560.0,100,0.0,0.0
2024-02-27 09:00:00+09:00,3590.0,3600.0,3590.0,3600.0,400,0.0,0.0
2024-02-27 10:00:00+09:00,3595.0,3595.0,3590.0,3590.0,200,0.0,0.0
2024-02-27 11:00:00+09:00,3575.0,3585.0,3575.0,3585.0,0,0.0,0.0
2024-02-27 13:00:00+09:00,3575.0,3585.0,3575.0,3585.0,1100,0.0,0.0
2024-02-27 14:00:00+09:00,3585.0,3585.0,3585.0,3585.0,100,0.0,0.0
2024-02-28 09:00:00+09:00,3600.0,3610.0,3595.0,3610.0,1300,0.0,0.0
2024-02-28 10:00:00+09:00,3600.0,3620.0,3600.0,3620.0,800,0.0,0.0
2024-02-28 11:00:00+09:00,3620.0,3620.0,3620.0,3620.0,0,0.0,0.0
2024-02-28 12:00:00+09:00,3595.0,3595.0,3595.0,3595.0,2200,0.0,0.0
2024-02-28 13:00:00+09:00,3595.0,3630.0,3570.0,3630.0,1200,0.0,0.0
2024-02-28 14:00:00+09:00,3610.0,3610.0,3600.0,3600.0,200,0.0,0.0
2024-02-29 09:00:00+09:00,3605.0,3605.0,3600.0,3600.0,700,0.0,0.0
2024-02-29 11:00:00+09:00,3600.0,3600.0,3600.0,3600.0,0,0.0,0.0
2024-02-29 12:00:00+09:00,3570.0,3570.0,3565.0,3565.0,1400,0.0,0.0
2024-02-29 13:00:00+09:00,3550.0,3550.0,3550.0,3550.0,300,0.0,0.0
2024-02-29 14:00:00+09:00,3540.0,3540.0,3540.0,3540.0,100,0.0,0.0
2024-03-01 09:00:00+09:00,3515.0,3565.0,3515.0,3565.0,600,0.0,0.0
2024-03-01 11:00:00+09:00,3565.0,3600.0,3565.0,3600.0,0,0.0,0.0
2024-03-01 12:00:00+09:00,3595.0,3595.0,3595.0,3595.0,2300,0.0,0.0
2024-03-04 09:00:00+09:00,3595.0,3595.0,3595.0,3595.0,400,0.0,0.0
2024-03-04 10:00:00+09:00,3525.0,3600.0,3525.0,3585.0,800,0.0,0.0
2024-03-04 11:00:00+09:00,3585.0,3585.0,3585.0,3585.0,0,0.0,0.0
2024-03-04 12:00:00+09:00,3540.0,3540.0,3540.0,3540.0,1300,0.0,0.0
2024-03-04 14:00:00+09:00,3560.0,3570.0,3545.0,3570.0,500,0.0,0.0
2024-03-05 09:00:00+09:00,3575.0,3580.0,3575.0,3580.0,500,0.0,0.0
2024-03-05 10:00:00+09:00,3555.0,3585.0,3555.0,3585.0,900,0.0,0.0
2024-03-05 11:00:00+09:00,3585.0,3585.0,3585.0,3585.0,0,0.0,0.0
2024-03-05 13:00:00+09:00,3545.0,3590.0,3545.0,3590.0,2900,0.0,0.0
2024-03-06 09:00:00+09:00,3545.0,3595.0,3545.0,3595.0,1300,0.0,0.0
2024-03-06 10:00:00+09:00,3600.0,3605.0,3600.0,3600.0,1100,0.0,0.0
2024-03-06 11:00:00+09:00,3600.0,3600.0,3600.0,3600.0,0,0.0,0.0
2024-03-06 12:00:00+09:00,3600.0,3650.0,3590.0,3600.0,4600,0.0,0.0
2024-03-06 14:00:00+09:00,3615.0,3625.0,3590.0,3625.0,1000,0.0,0.0
2024-03-07 09:00:00+09:00,3620.0,3620.0,3590.0,3620.0,800,0.0,0.0
2024-03-07 10:00:00+09:00,3615.0,3615.0,3610.0,3610.0,300,0.0,0.0
2024-03-07 11:00:00+09:00,3610.0,3610.0,3610.0,3610.0,0,0.0,0.0
2024-03-07 12:00:00+09:00,3610.0,3610.0,3610.0,3610.0,1200,0.0,0.0
2024-03-07 14:00:00+09:00,3610.0,3610.0,3590.0,3590.0,0,0.0,0.0
2024-03-08 09:00:00+09:00,3580.0,3580.0,3565.0,3565.0,0,0.0,0.0
2024-03-08 10:00:00+09:00,3565.0,3565.0,3565.0,3565.0,600,0.0,0.0
2024-03-08 11:00:00+09:00,3590.0,3590.0,3590.0,3590.0,0,0.0,0.0
2024-03-08 12:00:00+09:00,3590.0,3590.0,3590.0,3590.0,900,0.0,0.0
2024-03-08 13:00:00+09:00,3605.0,3610.0,3605.0,3610.0,1200,0.0,0.0
2024-03-08 14:00:00+09:00,3610.0,3630.0,3610.0,3630.0,0,0.0,0.0
2024-03-11 09:00:00+09:00,3630.0,3630.0,3575.0,3600.0,2400,0.0,0.0
2024-03-11 10:00:00+09:00,3600.0,3600.0,3600.0,3600.0,200,0.0,0.0
2024-03-11 11:00:00+09:00,3625.0,3625.0,3605.0,3605.0,0,0.0,0.0
2024-03-11 12:00:00+09:00,3610.0,3630.0,3610.0,3630.0,3600,0.0,0.0
2024-03-11 13:00:00+09:00,3610.0,3610.0,3555.0,3555.0,3100,0.0,0.0
2024-03-12 09:00:00+09:00,3530.0,3620.0,3530.0,3620.0,1200,0.0,0.0
2024-03-12 10:00:00+09:00,3620.0,3620.0,3620.0,3620.0,500,0.0,0.0
2024-03-12 11:00:00+09:00,3620.0,3620.0,3620.0,3620.0,0,0.0,0.0
2024-03-12 13:00:00+09:00,3610.0,3610.0,3610.0,3610.0,1900,0.0,0.0
2024-03-13 09:00:00+09:00,3620.0,3620.0,3620.0,3620.0,600,0.0,0.0
2024-03-13 10:00:00+09:00,3585.0,3585.0,3585.0,3585.0,100,0.0,0.0
2024-03-13 11:00:00+09:00,3580.0,3580.0,3570.0,3570.0,0,0.0,0.0
2024-03-13 13:00:00+09:00,3605.0,3605.0,3605.0,3605.0,1000,0.0,0.0
2024-03-14 09:00:00+09:00,3610.0,3610.0,3570.0,3570.0,500,0.0,0.0
2024-03-14 10:00:00+09:00,3600.0,3600.0,3600.0,3600.0,100,0.0,0.0
2024-03-14 11:00:00+09:00,3600.0,3600.0,3600.0,3600.0,0,0.0,0.0
2024-03-14 12:00:00+09:00,3610.0,3610.0,3610.0,3610.0,1100,0.0,0.0
2024-03-14 14:00:00+09:00,3625.0,3625.0,3600.0,3600.0,5100,0.0,0.0
2024-03-15 09:00:00+09:00,3600.0,3600.0,3600.0,3600.0,400,0.0,0.0
2024-03-15 11:00:00+09:00,3595.0,3595.0,3595.0,3595.0,0,0.0,0.0
2024-03-15 12:00:00+09:00,3600.0,3600.0,3600.0,3600.0,600,0.0,0.0
2024-03-15 14:00:00+09:00,3600.0,3600.0,3595.0,3595.0,500,0.0,0.0
2024-03-18 09:00:00+09:00,3650.0,3650.0,3640.0,3640.0,0,0.0,0.0
2024-03-18 10:00:00+09:00,3540.0,3590.0,3540.0,3590.0,4100,0.0,0.0
2024-03-18 11:00:00+09:00,3590.0,3590.0,3590.0,3590.0,0,0.0,0.0
2024-03-18 13:00:00+09:00,3620.0,3620.0,3620.0,3620.0,4500,0.0,0.0
2024-03-18 14:00:00+09:00,3620.0,3625.0,3620.0,3625.0,200,0.0,0.0
2024-03-19 09:00:00+09:00,3600.0,3660.0,3600.0,3660.0,1500,0.0,0.0
2024-03-19 11:00:00+09:00,3660.0,3660.0,3660.0,3660.0,0,0.0,0.0
2024-03-19 13:00:00+09:00,3635.0,3665.0,3635.0,3660.0,2800,0.0,0.0
2024-03-19 14:00:00+09:00,3605.0,3640.0,3605.0,3640.0,400,0.0,0.0
2024-03-21 09:00:00+09:00,3665.0,3710.0,3665.0,3690.0,2600,0.0,0.0
2024-03-21 10:00:00+09:00,3695.0,3740.0,3695.0,3740.0,2100,0.0,0.0
2024-03-21 11:00:00+09:00,3740.0,3740.0,3740.0,3740.0,0,0.0,0.0
2024-03-21 12:00:00+09:00,3735.0,3735.0,3735.0,3735.0,5000,0.0,0.0
2024-03-21 13:00:00+09:00,3735.0,3735.0,3735.0,3735.0,100,0.0,0.0
2024-03-21 14:00:00+09:00,3735.0,3850.0,3735.0,3800.0,4100,0.0,0.0
2024-03-22 09:00:00+09:00,3835.0,3835.0,3790.0,3835.0,1200,0.0,0.0
2024-03-22 10:00:00+09:00,3815.0,3815.0,3795.0,3815.0,0,0.0,0.0
2024-03-22 11:00:00+09:00,3830.0,3830.0,3830.0,3830.0,0,0.0,0.0
2024-03-22 12:00:00+09:00,3790.0,3790.0,3735.0,3735.0,3200,0.0,0.0
2024-03-22 13:00:00+09:00,4015.0,4080.0,3960.0,3975.0,18800,0.0,0.0
2024-03-22 14:00:00+09:00,3980.0,4010.0,3955.0,3965.0,12800,0.0,0.0
2024-03-25 09:00:00+09:00,4020.0,4025.0,3980.0,4000.0,9500,0.0,0.0
2024-03-25 10:00:00+09:00,4005.0,4010.0,3985.0,4000.0,1800,0.0,0.0
2024-03-25 11:00:00+09:00,4000.0,4000.0,4000.0,4000.0,0,0.0,0.0
2024-03-25 12:00:00+09:00,4000.0,4000.0,4000.0,4000.0,11600,0.0,0.0
2024-03-25 13:00:00+09:00,4000.0,4000.0,3980.0,4000.0,1200,0.0,0.0
2024-03-25 14:00:00+09:00,4000.0,4005.0,4000.0,4005.0,400,0.0,0.0
2024-03-26 09:00:00+09:00,4005.0,4010.0,3990.0,4000.0,400,0.0,0.0
2024-03-26 10:00:00+09:00,4000.0,4005.0,3995.0,4005.0,400,0.0,0.0
2024-03-26 11:00:00+09:00,4005.0,4010.0,4005.0,4005.0,0,0.0,0.0
2024-03-26 12:00:00+09:00,4005.0,4010.0,4005.0,4010.0,1700,0.0,0.0
2024-03-26 13:00:00+09:00,4000.0,4000.0,4000.0,4000.0,100,0.0,0.0
2024-03-26 14:00:00+09:00,4005.0,4005.0,3975.0,4000.0,1900,0.0,0.0
2024-03-27 09:00:00+09:00,3965.0,4020.0,3965.0,4020.0,2700,0.0,0.0
2024-03-27 10:00:00+09:00,4010.0,4010.0,4000.0,4000.0,200,0.0,0.0
2024-03-27 11:00:00+09:00,4005.0,4010.0,4005.0,4005.0,0,0.0,0.0
2024-03-27 12:00:00+09:00,4005.0,4010.0,4000.0,4000.0,6600,0.0,0.0
2024-03-27 13:00:00+09:00,4000.0,4040.0,4000.0,4020.0,1600,0.0,0.0
2024-03-27 14:00:00+09:00,4005.0,4040.0,3995.0,4010.0,3100,0.0,0.0
2024-03-28 09:00:00+09:00,3760.0,3855.0,3760.0,3800.0,0,0.0,0.0
2024-03-28 10:00:00+09:00,3820.0,3845.0,3820.0,3840.0,4800,0.0,0.0
2024-03-28 11:00:00+09:00,3840.0,3840.0,3840.0,3840.0,0,0.0,0.0
2024-03-28 12:00:00+09:00,3830.0,3885.0,3830.0,3880.0,5300,0.0,0.0
2024-03-28 13:00:00+09:00,3880.0,3880.0,3850.0,3850.0,300,0.0,0.0
2024-03-28 14:00:00+09:00,3890.0,3890.0,3890.0,3890.0,100,0.0,0.0
2024-03-29 09:00:00+09:00,3835.0,3835.0,3825.0,3830.0,500,0.0,0.0
2024-03-29 10:00:00+09:00,3825.0,3845.0,3825.0,3845.0,300,0.0,0.0
2024-03-29 11:00:00+09:00,3835.0,3835.0,3820.0,3820.0,0,0.0,0.0
2024-03-29 12:00:00+09:00,3815.0,3815.0,3815.0,3815.0,1200,0.0,0.0
2024-03-29 13:00:00+09:00,3845.0,3845.0,3845.0,3845.0,200,0.0,0.0
2024-03-29 14:00:00+09:00,3845.0,3850.0,3845.0,3850.0,500,0.0,0.0
2024-04-01 09:00:00+09:00,3865.0,3865.0,3865.0,3865.0,400,0.0,0.0
2024-04-01 10:00:00+09:00,3880.0,3880.0,3865.0,3865.0,500,0.0,0.0
2024-04-01 11:00:00+09:00,3870.0,3870.0,3825.0,3825.0,0,0.0,0.0
2024-04-01 12:00:00+09:00,3850.0,3850.0,3805.0,3805.0,3200,0.0,0.0
2024-04-01 13:00:00+09:00,3800.0,3800.0,3680.0,3680.0,2900,0.0,0.0
2024-04-01 14:00:00+09:00,3705.0,3705.0,3650.0,3700.0,4100,0.0,0.0
2024-04-02 09:00:00+09:00,3720.0,3750.0,3720.0,3750.0,200,0.0,0.0
2024-04-02 10:00:00+09:00,3760.0,3775.0,3760.0,3775.0,0,0.0,0.0
2024-04-02 11:00:00+09:00,3780.0,3780.0,3780.0,3780.0,0,0.0,0.0
2024-04-02 13:00:00+09:00,3780.0,3780.0,3780.0,3780.0,1100,0.0,0.0
2024-04-02 14:00:00+09:00,3785.0,3785.0,3785.0,3785.0,100,0.0,0.0
2024-04-03 09:00:00+09:00,3735.0,3735.0,3735.0,3735.0,1100,0.0,0.0
2024-04-03 11:00:00+09:00,3735.0,3735.0,3735.0,3735.0,0,0.0,0.0
2024-04-03 13:00:00+09:00,3740.0,3780.0,3740.0,3780.0,1300,0.0,0.0
2024-04-03 14:00:00+09:00,3780.0,3780.0,3760.0,3760.0,400,0.0,0.0
2024-04-04 10:00:00+09:00,3760.0,3770.0,3730.0,3730.0,800,0.0,0.0
2024-04-04 11:00:00+09:00,3750.0,3750.0,3750.0,3750.0,0,0.0,0.0
2024-04-04 12:00:00+09:00,3750.0,3750.0,3750.0,3750.0,1000,0.0,0.0
2024-04-04 14:00:00+09:00,3735.0,3735.0,3735.0,3735.0,100,0.0,0.0
2024-04-05 09:00:00+09:00,3730.0,3730.0,3725.0,3725.0,600,0.0,0.0
2024-04-05 10:00:00+09:00,3705.0,3705.0,3705.0,3705.0,100,0.0,0.0
2024-04-05 11:00:00+09:00,3700.0,3700.0,3690.0,3690.0,0,0.0,0.0
2024-04-05 12:00:00+09:00,3695.0,3695.0,3695.0,3695.0,1000,0.0,0.0
2024-04-05 13:00:00+09:00,3720.0,3720.0,3695.0,3695.0,500,0.0,0.0
2024-04-05 14:00:00+09:00,3695.0,3705.0,3690.0,3690.0,300,0.0,0.0
2024-04-08 09:00:00+09:00,3720.0,3720.0,3720.0,3720.0,100,0.0,0.0
2024-04-08 10:00:00+09:00,3710.0,3710.0,3710.0,3710.0,0,0.0,0.0
2024-04-08 11:00:00+09:00,3715.0,3720.0,3710.0,3720.0,0,0.0,0.0
2024-04-08 12:00:00+09:00,3720.0,3720.0,3720.0,3720.0,1400,0.0,0.0
2024-04-08 13:00:00+09:00,3720.0,3720.0,3720.0,3720.0,200,0.0,0.0
2024-04-09 09:00:00+09:00,3720.0,3735.0,3720.0,3735.0,400,0.0,0.0
2024-04-09 10:00:00+09:00,3750.0,3750.0,3750.0,3750.0,100,0.0,0.0
2024-04-09 11:00:00+09:00,3750.0,3750.0,3750.0,3750.0,0,0.0,0.0
2024-04-09 12:00:00+09:00,3740.0,3740.0,3740.0,3740.0,1200,0.0,0.0
2024-04-09 14:00:00+09:00,3740.0,3760.0,3740.0,3760.0,400,0.0,0.0
2024-04-10 09:00:00+09:00,3765.0,3765.0,3760.0,3760.0,300,0.0,0.0
2024-04-10 11:00:00+09:00,3770.0,3770.0,3770.0,3770.0,0,0.0,0.0
2024-04-10 12:00:00+09:00,3755.0,3755.0,3755.0,3755.0,1100,0.0,0.0
2024-04-11 09:00:00+09:00,3760.0,3760.0,3745.0,3750.0,300,0.0,0.0
2024-04-11 11:00:00+09:00,3750.0,3750.0,3750.0,3750.0,0,0.0,0.0
2024-04-11 13:00:00+09:00,3750.0,3755.0,3750.0,3755.0,500,0.0,0.0
2024-04-11 14:00:00+09:00,3760.0,3775.0,3760.0,3760.0,500,0.0,0.0
2024-04-12 09:00:00+09:00,3745.0,3760.0,3745.0,3760.0,600,0.0,0.0
2024-04-12 11:00:00+09:00,3760.0,3760.0,3760.0,3760.0,0,0.0,0.0
2024-04-12 12:00:00+09:00,3760.0,3760.0,3750.0,3750.0,800,0.0,0.0
2024-04-12 14:00:00+09:00,3745.0,3745.0,3710.0,3730.0,1100,0.0,0.0
2024-04-15 09:00:00+09:00,3700.0,3730.0,3690.0,3730.0,1800,0.0,0.0
2024-04-15 10:00:00+09:00,3720.0,3735.0,3695.0,3735.0,500,0.0,0.0
2024-04-15 11:00:00+09:00,3735.0,3735.0,3735.0,3735.0,0,0.0,0.0
2024-04-15 12:00:00+09:00,3735.0,3735.0,3705.0,3705.0,2600,0.0,0.0
2024-04-15 14:00:00+09:00,3705.0,3705.0,3705.0,3705.0,200,0.0,0.0
2024-04-16 09:00:00+09:00,3695.0,3715.0,3690.0,3715.0,500,0.0,0.0
2024-04-16 11:00:00+09:00,3715.0,3715.0,3715.0,3715.0,0,0.0,0.0
2024-04-16 12:00:00+09:00,3720.0,3720.0,3720.0,3720.0,600,0.0,0.0
2024-04-16 13:00:00+09:00,3690.0,3690.0,3690.0,3690.0,200,0.0,0.0
2024-04-16 14:00:00+09:00,3700.0,3700.0,3700.0,3700.0,100,0.0,0.0
2024-04-17 09:00:00+09:00,3740.0,3740.0,3700.0,3700.0,0,0.0,0.0
2024-04-17 10:00:00+09:00,3680.0,3680.0,3670.0,3680.0,1100,0.0,0.0
2024-04-17 11:00:00+09:00,3680.0,3680.0,3680.0,3680.0,0,0.0,0.0
2024-04-17 13:00:00+09:00,3665.0,3665.0,3660.0,3660.0,1600,0.0,0.0
2024-04-17 14:00:00+09:00,3655.0,3685.0,3655.0,3685.0,300,0.0,0.0
2024-04-18 09:00:00+09:00,3655.0,3675.0,3630.0,3630.0,1800,0.0,0.0
2024-04-18 10:00:00+09:00,3640.0,3670.0,3635.0,3670.0,0,0.0,0.0
2024-04-18 11:00:00+09:00,3670.0,3670.0,3670.0,3670.0,0,0.0,0.0
2024-04-18 12:00:00+09:00,3670.0,3670.0,3670.0,3670.0,3000,0.0,0.0
2024-04-18 13:00:00+09:00,3675.0,3675.0,3660.0,3660.0,200,0.0,0.0
2024-04-18 14:00:00+09:00,3690.0,3690.0,3690.0,3690.0,100,0.0,0.0
2024-04-19 10:00:00+09:00,3640.0,3650.0,3635.0,3650.0,400,0.0,0.0
2024-04-19 11:00:00+09:00,3635.0,3635.0,3620.0,3620.0,0,0.0,0.0
2024-04-19 13:00:00+09:00,3625.0,3625.0,3600.0,3605.0,1900,0.0,0.0
2024-04-19 14:00:00+09:00,3610.0,3610.0,3595.0,3595.0,900,0.0,0.0
2024-04-22 09:00:00+09:00,3600.0,3615.0,3600.0,3610.0,1300,0.0,0.0
2024-04-22 10:00:00+09:00,3630.0,3630.0,3630.0,3630.0,300,0.0,0.0
2024-04-22 11:00:00+09:00,3640.0,3640.0,3640.0,3640.0,0,0.0,0.0
2024-04-22 12:00:00+09:00,3640.0,3640.0,3640.0,3640.0,2200,0.0,0.0
2024-04-22 13:00:00+09:00,3650.0,3650.0,3650.0,3650.0,100,0.0,0.0
2024-04-23 09:00:00+09:00,3700.0,3715.0,3650.0,3655.0,1900,0.0,0.0
2024-04-23 10:00:00+09:00,3725.0,3725.0,3670.0,3670.0,200,0.0,0.0
2024-04-23 11:00:00+09:00,3655.0,3655.0,3655.0,3655.0,0,0.0,0.0
2024-04-23 12:00:00+09:00,3655.0,3705.0,3655.0,3705.0,2400,0.0,0.0
2024-04-23 13:00:00+09:00,3655.0,3660.0,3615.0,3660.0,1400,0.0,0.0
2024-04-23 14:00:00+09:00,3665.0,3665.0,3660.0,3660.0,400,0.0,0.0
2024-04-24 09:00:00+09:00,3600.0,3655.0,3600.0,3655.0,700,0.0,0.0
2024-04-24 10:00:00+09:00,3605.0,3615.0,3605.0,3615.0,200,0.0,0.0
2024-04-24 11:00:00+09:00,3610.0,3610.0,3600.0,3600.0,0,0.0,0.0
2024-04-24 12:00:00+09:00,3610.0,3610.0,3610.0,3610.0,2000,0.0,0.0
2024-04-25 09:00:00+09:00,3610.0,3620.0,3610.0,3620.0,800,0.0,0.0
2024-04-25 10:00:00+09:00,3620.0,3620.0,3620.0,3620.0,100,0.0,0.0
2024-04-25 11:00:00+09:00,3620.0,3620.0,3620.0,3620.0,0,0.0,0.0
2024-04-25 12:00:00+09:00,3620.0,3650.0,3620.0,3650.0,1500,0.0,0.0
2024-04-25 13:00:00+09:00,3620.0,3640.0,3620.0,3640.0,200,0.0,0.0
2024-04-25 14:00:00+09:00,3630.0,3630.0,3630.0,3630.0,100,0.0,0.0
2024-04-26 09:00:00+09:00,3680.0,3680.0,3680.0,3680.0,600,0.0,0.0
2024-04-26 11:00:00+09:00,3680.0,3680.0,3680.0,3680.0,0,0.0,0.0
2024-04-30 09:00:00+09:00,3640.0,3680.0,3640.0,3680.0,600,0.0,0.0
2024-04-30 11:00:00+09:00,3680.0,3680.0,3680.0,3680.0,0,0.0,0.0
2024-04-30 12:00:00+09:00,3700.0,3700.0,3645.0,3645.0,1100,0.0,0.0
2024-04-30 14:00:00+09:00,3695.0,3710.0,3695.0,3710.0,300,0.0,0.0
2024-05-01 09:00:00+09:00,3700.0,3700.0,3610.0,3675.0,4100,0.0,0.0
2024-05-01 10:00:00+09:00,3690.0,3690.0,3690.0,3690.0,100,0.0,0.0
2024-05-01 11:00:00+09:00,3690.0,3690.0,3690.0,3690.0,0,0.0,0.0
2024-05-01 14:00:00+09:00,3710.0,3750.0,3710.0,3750.0,7700,0.0,0.0
2024-05-02 09:00:00+09:00,3685.0,3685.0,3685.0,3685.0,100,0.0,0.0
2024-05-02 10:00:00+09:00,3710.0,3710.0,3710.0,3710.0,100,0.0,0.0
2024-05-02 11:00:00+09:00,3705.0,3705.0,3705.0,3705.0,0,0.0,0.0
2024-05-02 12:00:00+09:00,3705.0,3705.0,3700.0,3705.0,900,0.0,0.0
2024-05-02 13:00:00+09:00,3720.0,3720.0,3705.0,3705.0,300,0.0,0.0
2024-05-02 14:00:00+09:00,3695.0,3700.0,3685.0,3700.0,600,0.0,0.0
2024-05-07 09:00:00+09:00,3750.0,3750.0,3720.0,3720.0,1300,0.0,0.0
2024-05-07 10:00:00+09:00,3740.0,3750.0,3740.0,3750.0,1300,0.0,0.0
2024-05-07 11:00:00+09:00,3750.0,3750.0,3750.0,3750.0,0,0.0,0.0
2024-05-07 12:00:00+09:00,3755.0,3760.0,3755.0,3760.0,2900,0.0,0.0
2024-05-07 13:00:00+09:00,3760.0,3760.0,3760.0,3760.0,100,0.0,0.0
2024-05-07 14:00:00+09:00,3760.0,3785.0,3760.0,3785.0,500,0.0,0.0
2024-05-08 09:00:00+09:00,3780.0,3785.0,3750.0,3785.0,1000,0.0,0.0
2024-05-08 10:00:00+09:00,3780.0,3780.0,3750.0,3750.0,600,0.0,0.0
2024-05-08 11:00:00+09:00,3750.0,3750.0,3750.0,3750.0,0,0.0,0.0
2024-05-08 12:00:00+09:00,3735.0,3765.0,3735.0,3750.0,2000,0.0,0.0
2024-05-08 14:00:00+09:00,3780.0,3780.0,3775.0,3775.0,300,0.0,0.0
2024-05-09 09:00:00+09:00,3780.0,3800.0,3775.0,3775.0,1000,0.0,0.0
2024-05-09 10:00:00+09:00,3800.0,3805.0,3795.0,3805.0,500,0.0,0.0
2024-05-09 11:00:00+09:00,3780.0,3780.0,3780.0,3780.0,0,0.0,0.0
2024-05-09 12:00:00+09:00,3780.0,3780.0,3765.0,3765.0,2600,0.0,0.0
2024-05-09 13:00:00+09:00,3765.0,3765.0,3765.0,3765.0,100,0.0,0.0
2024-05-10 09:00:00+09:00,3790.0,3840.0,3790.0,3835.0,1300,0.0,0.0
2024-05-10 10:00:00+09:00,3830.0,3830.0,3820.0,3820.0,200,0.0,0.0
2024-05-10 11:00:00+09:00,3835.0,3840.0,3835.0,3840.0,0,0.0,0.0
2024-05-10 12:00:00+09:00,3850.0,3890.0,3850.0,3855.0,4500,0.0,0.0
2024-05-10 13:00:00+09:00,3860.0,3900.0,3615.0,3750.0,0,0.0,0.0
2024-05-10 14:00:00+09:00,3705.0,3705.0,3620.0,3690.0,15000,0.0,0.0
2024-05-13 09:00:00+09:00,3740.0,3740.0,3675.0,3675.0,500,0.0,0.0
2024-05-13 10:00:00+09:00,3660.0,3675.0,3635.0,3675.0,900,0.0,0.0
2024-05-13 11:00:00+09:00,3675.0,3675.0,3675.0,3675.0,0,0.0,0.0
2024-05-13 12:00:00+09:00,3675.0,3675.0,3675.0,3675.0,1600,0.0,0.0
2024-05-13 13:00:00+09:00,3675.0,3675.0,3640.0,3640.0,600,0.0,0.0
2024-05-13 14:00:00+09:00,3655.0,3660.0,3655.0,3660.0,300,0.0,0.0
2024-05-14 10:00:00+09:00,3630.0,3665.0,3615.0,3615.0,1500,0.0,0.0
2024-05-14 11:00:00+09:00,3620.0,3620.0,3620.0,3620.0,0,0.0,0.0
2024-05-14 12:00:00+09:00,3610.0,3610.0,3500.0,3585.0,4800,0.0,0.0
2024-05-14 13:00:00+09:00,3595.0,3595.0,3595.0,3595.0,200,0.0,0.0
2024-05-14 14:00:00+09:00,3595.0,3595.0,3505.0,3510.0,3200,0.0,0.0
2024-05-15 09:00:00+09:00,3530.0,3535.0,3500.0,3500.0,1100,0.0,0.0
2024-05-15 10:00:00+09:00,3530.0,3555.0,3530.0,3555.0,300,0.0,0.0
2024-05-15 11:00:00+09:00,3555.0,3555.0,3555.0,3555.0,0,0.0,0.0
2024-05-15 12:00:00+09:00,3555.0,3555.0,3505.0,3505.0,1700,0.0,0.0
2024-05-15 13:00:00+09:00,3535.0,3555.0,3535.0,3555.0,200,0.0,0.0
2024-05-16 09:00:00+09:00,3565.0,3565.0,3490.0,3490.0,1400,0.0,0.0
2024-05-16 10:00:00+09:00,3510.0,3510.0,3510.0,3510.0,100,0.0,0.0
2024-05-16 11:00:00+09:00,3500.0,3500.0,3470.0,3470.0,0,0.0,0.0
2024-05-16 12:00:00+09:00,3470.0,3470.0,3455.0,3455.0,2700,0.0,0.0
2024-05-16 13:00:00+09:00,3475.0,3510.0,3475.0,3505.0,500,0.0,0.0
2024-05-16 14:00:00+09:00,3500.0,3500.0,3500.0,3500.0,200,0.0,0.0
2024-05-17 09:00:00+09:00,3485.0,3515.0,3485.0,3515.0,700,0.0,0.0
2024-05-17 10:00:00+09:00,3520.0,3535.0,3520.0,3535.0,400,0.0,0.0
2024-05-17 11:00:00+09:00,3535.0,3535.0,3535.0,3535.0,0,0.0,0.0
2024-05-17 13:00:00+09:00,3535.0,3535.0,3530.0,3530.0,1300,0.0,0.0
2024-05-17 14:00:00+09:00,3540.0,3540.0,3530.0,3530.0,300,0.0,0.0
2024-05-20 09:00:00+09:00,3535.0,3555.0,3535.0,3555.0,2700,0.0,0.0
2024-05-20 10:00:00+09:00,3555.0,3600.0,3555.0,3600.0,400,0.0,0.0
2024-05-20 11:00:00+09:00,3600.0,3600.0,3600.0,3600.0,0,0.0,0.0
2024-05-20 12:00:00+09:00,3570.0,3595.0,3570.0,3595.0,3300,0.0,0.0
2024-05-20 13:00:00+09:00,3570.0,3570.0,3570.0,3570.0,100,0.0,0.0
2024-05-20 14:00:00+09:00,3565.0,3565.0,3565.0,3565.0,100,0.0,0.0
2024-05-21 09:00:00+09:00,3590.0,3590.0,3565.0,3565.0,600,0.0,0.0
2024-05-21 10:00:00+09:00,3565.0,3565.0,3565.0,3565.0,100,0.0,0.0
2024-05-21 11:00:00+09:00,3565.0,3565.0,3565.0,3565.0,0,0.0,0.0
2024-05-21 14:00:00+09:00,3595.0,3595.0,3595.0,3595.0,800,0.0,0.0
2024-05-22 09:00:00+09:00,3610.0,3610.0,3610.0,3610.0,300,0.0,0.0
2024-05-22 11:00:00+09:00,3610.0,3610.0,3610.0,3610.0,0,0.0,0.0
2024-05-22 13:00:00+09:00,3600.0,3600.0,3600.0,3600.0,500,0.0,0.0
2024-05-22 14:00:00+09:00,3600.0,3600.0,3600.0,3600.0,100,0.0,0.0
2024-05-23 09:00:00+09:00,3620.0,3620.0,3600.0,3600.0,200,0.0,0.0
2024-05-23 10:00:00+09:00,3600.0,3635.0,3600.0,3635.0,200,0.0,0.0
2024-05-23 11:00:00+09:00,3635.0,3635.0,3635.0,3635.0,0,0.0,0.0
2024-05-24 09:00:00+09:00,3635.0,3675.0,3635.0,3655.0,1700,0.0,0.0
2024-05-24 10:00:00+09:00,3655.0,3655.0,3655.0,3655.0,300,0.0,0.0
2024-05-24 11:00:00+09:00,3655.0,3655.0,3655.0,3655.0,0,0.0,0.0
2024-05-24 12:00:00+09:00,3640.0,3640.0,3640.0,3640.0,2100,0.0,0.0
2024-05-24 13:00:00+09:00,3640.0,3640.0,3640.0,3640.0,300,0.0,0.0
2024-05-27 09:00:00+09:00,3630.0,3630.0,3630.0,3630.0,700,0.0,0.0
2024-05-27 10:00:00+09:00,3620.0,3620.0,3620.0,3620.0,300,0.0,0.0
2024-05-27 11:00:00+09:00,3620.0,3620.0,3620.0,3620.0,0,0.0,0.0
2024-05-27 14:00:00+09:00,3615.0,3615.0,3615.0,3615.0,1100,0.0,0.0
2024-05-28 09:00:00+09:00,3615.0,3615.0,3615.0,3615.0,100,0.0,0.0
2024-05-28 10:00:00+09:00,3615.0,3620.0,3615.0,3620.0,200,0.0,0.0
2024-05-28 11:00:00+09:00,3620.0,3620.0,3620.0,3620.0,0,0.0,0.0
2024-05-28 12:00:00+09:00,3620.0,3620.0,3620.0,3620.0,700,0.0,0.0
2024-05-28 13:00:00+09:00,3615.0,3635.0,3615.0,3635.0,300,0.0,0.0
2024-05-28 14:00:00+09:00,3635.0,3635.0,3620.0,3620.0,200,0.0,0.0
2024-05-29 09:00:00+09:00,3620.0,3640.0,3610.0,3610.0,800,0.0,0.0
2024-05-29 10:00:00+09:00,3630.0,3630.0,3620.0,3620.0,200,0.0,0.0
2024-05-29 11:00:00+09:00,3620.0,3620.0,3620.0,3620.0,0,0.0,0.0
2024-05-29 12:00:00+09:00,3615.0,3615.0,3595.0,3595.0,2100,0.0,0.0
2024-05-29 13:00:00+09:00,3540.0,3540.0,3540.0,3540.0,200,0.0,0.0
2024-05-29 14:00:00+09:00,3520.0,3565.0,3520.0,3555.0,500,0.0,0.0
2024-05-30 09:00:00+09:00,1738.0,1738.0,1724.0,1724.0,600,0.0,0.0
2024-05-30 10:00:00+09:00,1749.0,1749.0,1749.0,1749.0,100,0.0,0.0
2024-05-30 11:00:00+09:00,1749.0,1750.0,1749.0,1750.0,0,0.0,0.0
2024-05-30 12:00:00+09:00,1750.0,1778.0,1750.0,1778.0,0,0.0,0.0
2024-05-30 13:00:00+09:00,1779.0,1779.0,1779.0,1779.0,2500,0.0,0.0
2024-05-31 09:00:00+09:00,1804.0,1804.0,1800.0,1800.0,2900,0.0,0.0
2024-05-31 10:00:00+09:00,1800.0,1800.0,1800.0,1800.0,1200,0.0,0.0
2024-05-31 11:00:00+09:00,1801.0,1803.0,1801.0,1803.0,0,0.0,0.0
2024-05-31 12:00:00+09:00,1803.0,1805.0,1803.0,1803.0,5500,0.0,0.0
2024-05-31 13:00:00+09:00,1803.0,1803.0,1803.0,1803.0,1500,0.0,0.0
2024-05-31 14:00:00+09:00,1805.0,1805.0,1803.0,1803.0,600,0.0,0.0
2024-06-03 09:00:00+09:00,1803.0,1819.0,1803.0,1819.0,182800,0.0,0.0
2024-06-03 10:00:00+09:00,1826.0,1830.0,1826.0,1827.0,300,0.0,0.0
2024-06-03 11:00:00+09:00,1827.0,1827.0,1827.0,1827.0,0,0.0,0.0
2024-06-03 13:00:00+09:00,1828.0,1828.0,1813.0,1813.0,183400,0.0,0.0
2024-06-03 14:00:00+09:00,1812.0,1813.0,1806.0,1806.0,500,0.0,0.0
2024-06-04 09:00:00+09:00,1806.0,1808.0,1806.0,1808.0,1100,0.0,0.0
2024-06-04 10:00:00+09:00,1808.0,1809.0,1808.0,1809.0,200,0.0,0.0
2024-06-04 11:00:00+09:00,1825.0,1825.0,1808.0,1808.0,0,0.0,0.0
2024-06-04 12:00:00+09:00,1804.0,1804.0,1804.0,1804.0,2100,0.0,0.0
2024-06-04 13:00:00+09:00,1810.0,1810.0,1804.0,1804.0,300,0.0,0.0
2024-06-04 14:00:00+09:00,1804.0,1804.0,1781.0,1781.0,700,0.0,0.0
2024-06-05 09:00:00+09:00,1785.0,1804.0,1781.0,1781.0,0,0.0,0.0
2024-06-05 10:00:00+09:00,1778.0,1778.0,1774.0,1775.0,1100,0.0,0.0
2024-06-05 11:00:00+09:00,1775.0,1775.0,1775.0,1775.0,0,0.0,0.0
2024-06-05 12:00:00+09:00,1774.0,1774.0,1760.0,1774.0,1700,0.0,0.0
2024-06-05 13:00:00+09:00,1780.0,1780.0,1780.0,1780.0,100,0.0,0.0
2024-06-05 14:00:00+09:00,1761.0,1761.0,1760.0,1760.0,300,0.0,0.0
2024-06-06 09:00:00+09:00,1756.0,1765.0,1755.0,1765.0,500,0.0,0.0
2024-06-06 10:00:00+09:00,1764.0,1764.0,1751.0,1755.0,1000,0.0,0.0
2024-06-06 11:00:00+09:00,1755.0,1755.0,1755.0,1755.0,0,0.0,0.0
2024-06-06 12:00:00+09:00,1755.0,1755.0,1755.0,1755.0,2000,0.0,0.0
2024-06-06 14:00:00+09:00,1765.0,1765.0,1756.0,1765.0,500,0.0,0.0
2024-06-07 09:00:00+09:00,1759.0,1759.0,1751.0,1751.0,300,0.0,0.0
2024-06-07 10:00:00+09:00,1750.0,1751.0,1750.0,1751.0,300,0.0,0.0
2024-06-07 11:00:00+09:00,1751.0,1751.0,1751.0,1751.0,0,0.0,0.0
2024-06-07 12:00:00+09:00,1752.0,1752.0,1752.0,1752.0,700,0.0,0.0
2024-06-07 13:00:00+09:00,1751.0,1790.0,1750.0,1790.0,1000,0.0,0.0
2024-06-07 14:00:00+09:00,1790.0,1790.0,1790.0,1790.0,100,0.0,0.0
2024-06-10 10:00:00+09:00,1756.0,1756.0,1756.0,1756.0,400,0.0,0.0
2024-06-10 11:00:00+09:00,1760.0,1760.0,1760.0,1760.0,0,0.0,0.0
2024-06-10 12:00:00+09:00,1760.0,1760.0,1760.0,1760.0,700,0.0,0.0
2024-06-10 13:00:00+09:00,1760.0,1760.0,1760.0,1760.0,300,0.0,0.0
2024-06-11 09:00:00+09:00,1804.0,1804.0,1776.0,1776.0,2500,0.0,0.0
2024-06-11 11:00:00+09:00,1776.0,1776.0,1776.0,1776.0,0,0.0,0.0
2024-06-11 12:00:00+09:00,1788.0,1799.0,1788.0,1799.0,2700,0.0,0.0
2024-06-11 13:00:00+09:00,1788.0,1788.0,1788.0,1788.0,100,0.0,0.0
2024-06-11 14:00:00+09:00,1791.0,1791.0,1791.0,1791.0,100,0.0,0.0
2024-06-12 09:00:00+09:00,1762.0,1765.0,1762.0,1765.0,200,0.0,0.0
2024-06-12 10:00:00+09:00,1799.0,1799.0,1799.0,1799.0,100,0.0,0.0
2024-06-12 11:00:00+09:00,1799.0,1799.0,1799.0,1799.0,0,0.0,0.0
2024-06-12 12:00:00+09:00,1799.0,1799.0,1799.0,1799.0,400,0.0,0.0
2024-06-13 14:00:00+09:00,1799.0,1799.0,1799.0,1799.0,200,0.0,0.0
2024-06-14 09:00:00+09:00,1764.0,1794.0,1764.0,1794.0,200,0.0,0.0
2024-06-14 10:00:00+09:00,1765.0,1765.0,1765.0,1765.0,800,0.0,0.0
2024-06-14 11:00:00+09:00,1765.0,1765.0,1765.0,1765.0,0,0.0,0.0
2024-06-14 12:00:00+09:00,1766.0,1775.0,1766.0,1775.0,1300,0.0,0.0
2024-06-14 13:00:00+09:00,1770.0,1770.0,1770.0,1770.0,200,0.0,0.0
2024-06-14 14:00:00+09:00,1770.0,1770.0,1770.0,1770.0,100,0.0,0.0
2024-06-17 09:00:00+09:00,1760.0,1760.0,1751.0,1751.0,300,0.0,0.0
2024-06-17 10:00:00+09:00,1750.0,1750.0,1740.0,1740.0,400,0.0,0.0
2024-06-17 11:00:00+09:00,1745.0,1745.0,1745.0,1745.0,0,0.0,0.0
2024-06-17 12:00:00+09:00,1757.0,1757.0,1757.0,1757.0,900,0.0,0.0
2024-06-17 13:00:00+09:00,1757.0,1757.0,1757.0,1757.0,100,0.0,0.0
2024-06-18 09:00:00+09:00,1760.0,1760.0,1760.0,1760.0,200,0.0,0.0
2024-06-18 10:00:00+09:00,1784.0,1784.0,1784.0,1784.0,100,0.0,0.0
2024-06-18 11:00:00+09:00,1761.0,1761.0,1761.0,1761.0,0,0.0,0.0
2024-06-18 12:00:00+09:00,1761.0,1761.0,1760.0,1760.0,600,0.0,0.0
2024-06-19 09:00:00+09:00,1760.0,1774.0,1760.0,1774.0,1600,0.0,0.0
2024-06-19 10:00:00+09:00,1773.0,1773.0,1759.0,1759.0,300,0.0,0.0
2024-06-19 11:00:00+09:00,1759.0,1759.0,1758.0,1758.0,0,0.0,0.0
2024-06-19 12:00:00+09:00,1767.0,1770.0,1767.0,1770.0,2700,0.0,0.0
2024-06-20 09:00:00+09:00,1774.0,1776.0,1774.0,1776.0,800,0.0,0.0
2024-06-20 10:00:00+09:00,1777.0,1777.0,1761.0,1761.0,600,0.0,0.0
2024-06-20 11:00:00+09:00,1789.0,1789.0,1789.0,1789.0,0,0.0,0.0
2024-06-20 12:00:00+09:00,1788.0,1788.0,1788.0,1788.0,1800,0.0,0.0
2024-06-21 09:00:00+09:00,1772.0,1790.0,1771.0,1790.0,1900,0.0,0.0
2024-06-21 10:00:00+09:00,1790.0,1790.0,1790.0,1790.0,100,0.0,0.0
2024-06-21 11:00:00+09:00,1790.0,1790.0,1790.0,1790.0,0,0.0,0.0
2024-06-24 12:00:00+09:00,1790.0,1799.0,1790.0,1799.0,200,0.0,0.0
2024-06-24 13:00:00+09:00,1799.0,1800.0,1799.0,1800.0,500,0.0,0.0
2024-06-25 09:00:00+09:00,1807.0,1807.0,1798.0,1798.0,3300,0.0,0.0
2024-06-25 10:00:00+09:00,1800.0,1800.0,1799.0,1799.0,200,0.0,0.0
2024-06-25 11:00:00+09:00,1799.0,1799.0,1799.0,1799.0,0,0.0,0.0
2024-06-25 13:00:00+09:00,1795.0,1795.0,1794.0,1794.0,3700,0.0,0.0
2024-06-25 14:00:00+09:00,1799.0,1799.0,1799.0,1799.0,100,0.0,0.0
2024-06-26 09:00:00+09:00,1804.0,1820.0,1794.0,1820.0,0,0.0,0.0
2024-06-26 10:00:00+09:00,1809.0,1809.0,1809.0,1809.0,1500,0.0,0.0
2024-06-26 11:00:00+09:00,1811.0,1811.0,1808.0,1808.0,0,0.0,0.0
2024-06-26 12:00:00+09:00,1805.0,1805.0,1801.0,1801.0,2400,0.0,0.0
2024-06-26 14:00:00+09:00,1808.0,1808.0,1808.0,1808.0,400,0.0,0.0
2024-06-27 09:00:00+09:00,1827.0,1827.0,1800.0,1800.0,1000,0.0,0.0
2024-06-27 11:00:00+09:00,1815.0,1815.0,1815.0,1815.0,0,0.0,0.0
2024-06-27 12:00:00+09:00,1805.0,1805.0,1805.0,1805.0,1300,0.0,0.0
2024-06-28 09:00:00+09:00,1805.0,1819.0,1805.0,1819.0,500,0.0,0.0
2024-06-28 10:00:00+09:00,1810.0,1810.0,1810.0,1810.0,100,0.0,0.0
2024-06-28 11:00:00+09:00,1816.0,1816.0,1816.0,1816.0,0,0.0,0.0
2024-07-01 09:00:00+09:00,1815.0,1817.0,1807.0,1807.0,600,0.0,0.0
2024-07-01 10:00:00+09:00,1807.0,1814.0,1796.0,1814.0,600,0.0,0.0
2024-07-01 11:00:00+09:00,1814.0,1814.0,1814.0,1814.0,0,0.0,0.0
2024-07-01 12:00:00+09:00,1814.0,1814.0,1810.0,1810.0,1600,0.0,0.0
2024-07-01 13:00:00+09:00,1814.0,1816.0,1814.0,1816.0,700,0.0,0.0
2024-07-01 14:00:00+09:00,1816.0,1820.0,1800.0,1800.0,1700,0.0,0.0
2024-07-02 09:00:00+09:00,1805.0,1814.0,1805.0,1814.0,400,0.0,0.0
2024-07-02 10:00:00+09:00,1810.0,1810.0,1810.0,1810.0,0,0.0,0.0
2024-07-02 11:00:00+09:00,1810.0,1810.0,1810.0,1810.0,0,0.0,0.0
2024-07-02 13:00:00+09:00,1801.0,1810.0,1801.0,1810.0,800,0.0,0.0
2024-07-02 14:00:00+09:00,1810.0,1810.0,1805.0,1805.0,300,0.0,0.0
2024-07-03 09:00:00+09:00,1805.0,1815.0,1805.0,1815.0,200,0.0,0.0
2024-07-03 11:00:00+09:00,1815.0,1815.0,1815.0,1815.0,0,0.0,0.0
2024-07-03 13:00:00+09:00,1807.0,1817.0,1807.0,1817.0,1200,0.0,0.0
2024-07-03 14:00:00+09:00,1818.0,1821.0,1818.0,1821.0,300,0.0,0.0
2024-07-04 10:00:00+09:00,1822.0,1822.0,1822.0,1822.0,500,0.0,0.0
2024-07-04 11:00:00+09:00,1822.0,1822.0,1822.0,1822.0,0,0.0,0.0
2024-07-04 12:00:00+09:00,1819.0,1825.0,1819.0,1825.0,1200,0.0,0.0
2024-07-04 13:00:00+09:00,1825.0,1829.0,1825.0,1829.0,700,0.0,0.0
2024-07-04 14:00:00+09:00,1826.0,1829.0,1826.0,1829.0,800,0.0,0.0
2024-07-05 09:00:00+09:00,1832.0,1841.0,1832.0,1833.0,900,0.0,0.0
2024-07-05 10:00:00+09:00,1838.0,1838.0,1838.0,1838.0,300,0.0,0.0
2024-07-05 11:00:00+09:00,1838.0,1838.0,1838.0,1838.0,0,0.0,0.0
2024-07-05 12:00:00+09:00,1832.0,1841.0,1832.0,1841.0,1800,0.0,0.0
2024-07-05 14:00:00+09:00,1839.0,1840.0,1839.0,1840.0,200,0.0,0.0
2024-07-08 09:00:00+09:00,1843.0,1843.0,1831.0,1831.0,400,0.0,0.0
2024-07-08 10:00:00+09:00,1840.0,1840.0,1840.0,1840.0,300,0.0,0.0
2024-07-08 11:00:00+09:00,1840.0,1840.0,1840.0,1840.0,0,0.0,0.0
2024-07-08 12:00:00+09:00,1831.0,1831.0,1831.0,1831.0,900,0.0,0.0
2024-07-09 09:00:00+09:00,1814.0,1814.0,1795.0,1795.0,600,0.0,0.0
2024-07-09 10:00:00+09:00,1811.0,1811.0,1803.0,1803.0,1700,0.0,0.0
2024-07-09 11:00:00+09:00,1803.0,1803.0,1803.0,1803.0,0,0.0,0.0
2024-07-09 12:00:00+09:00,1803.0,1803.0,1803.0,1803.0,3100,0.0,0.0
2024-07-09 13:00:00+09:00,1810.0,1810.0,1810.0,1810.0,300,0.0,0.0
2024-07-09 14:00:00+09:00,1814.0,1823.0,1814.0,1823.0,400,0.0,0.0
2024-07-10 09:00:00+09:00,1816.0,1825.0,1797.0,1820.0,400,0.0,0.0
2024-07-10 11:00:00+09:00,1820.0,1820.0,1820.0,1820.0,0,0.0,0.0
2024-07-10 14:00:00+09:00,1810.0,1810.0,1809.0,1809.0,700,0.0,0.0
2024-07-11 14:00:00+09:00,1800.0,1815.0,1800.0,1815.0,200,0.0,0.0
2024-07-12 09:00:00+09:00,1805.0,1805.0,1804.0,1804.0,200,0.0,0.0
2024-07-12 10:00:00+09:00,1815.0,1815.0,1815.0,1815.0,100,0.0,0.0
2024-07-12 11:00:00+09:00,1815.0,1815.0,1815.0,1815.0,0,0.0,0.0
2024-07-12 13:00:00+09:00,1803.0,1803.0,1803.0,1803.0,800,0.0,0.0
2024-07-12 14:00:00+09:00,1820.0,1826.0,1820.0,1820.0,300,0.0,0.0
2024-07-16 09:00:00+09:00,1811.0,1811.0,1811.0,1811.0,100,0.0,0.0
2024-07-16 11:00:00+09:00,1810.0,1810.0,1810.0,1810.0,0,0.0,0.0
2024-07-16 12:00:00+09:00,1820.0,1820.0,1820.0,1820.0,500,0.0,0.0
2024-07-16 13:00:00+09:00,1827.0,1827.0,1827.0,1827.0,100,0.0,0.0
2024-07-16 14:00:00+09:00,1824.0,1824.0,1824.0,1824.0,100,0.0,0.0
2024-07-17 09:00:00+09:00,1814.0,1824.0,1814.0,1824.0,300,0.0,0.0
2024-07-17 10:00:00+09:00,1816.0,1816.0,1816.0,1816.0,100,0.0,0.0
2024-07-17 11:00:00+09:00,1817.0,1817.0,1817.0,1817.0,0,0.0,0.0
2024-07-17 12:00:00+09:00,1823.0,1823.0,1823.0,1823.0,600,0.0,0.0
2024-07-17 13:00:00+09:00,1817.0,1817.0,1813.0,1813.0,600,0.0,0.0
2024-07-17 14:00:00+09:00,1813.0,1814.0,1813.0,1814.0,200,0.0,0.0
2024-07-18 09:00:00+09:00,1816.0,1816.0,1810.0,1810.0,300,0.0,0.0
2024-07-18 10:00:00+09:00,1810.0,1813.0,1800.0,1800.0,900,0.0,0.0
2024-07-18 11:00:00+09:00,1808.0,1809.0,1808.0,1809.0,0,0.0,0.0
2024-07-18 12:00:00+09:00,1812.0,1813.0,1812.0,1813.0,1700,0.0,0.0
2024-07-19 09:00:00+09:00,1817.0,1817.0,1808.0,1808.0,500,0.0,0.0
2024-07-19 10:00:00+09:00,1819.0,1819.0,1819.0,1819.0,400,0.0,0.0
2024-07-19 11:00:00+09:00,1819.0,1819.0,1819.0,1819.0,0,0.0,0.0
2024-07-19 13:00:00+09:00,1815.0,1815.0,1815.0,1815.0,1100,0.0,0.0
2024-07-19 14:00:00+09:00,1810.0,1810.0,1795.0,1795.0,1000,0.0,0.0
2024-07-22 09:00:00+09:00,1795.0,1795.0,1795.0,1795.0,1400,0.0,0.0
2024-07-22 10:00:00+09:00,1815.0,1815.0,1815.0,1815.0,100,0.0,0.0
2024-07-22 11:00:00+09:00,1815.0,1815.0,1815.0,1815.0,0,0.0,0.0
2024-07-22 13:00:00+09:00,1795.0,1795.0,1795.0,1795.0,1600,0.0,0.0
2024-07-22 14:00:00+09:00,1801.0,1801.0,1801.0,1801.0,100,0.0,0.0
2024-07-23 09:00:00+09:00,1795.0,1810.0,1795.0,1810.0,400,0.0,0.0
2024-07-23 11:00:00+09:00,1810.0,1810.0,1810.0,1810.0,0,0.0,0.0
2024-07-23 12:00:00+09:00,1810.0,1810.0,1810.0,1810.0,600,0.0,0.0
2024-07-23 14:00:00+09:00,1810.0,1810.0,1810.0,1810.0,200,0.0,0.0
2024-07-24 09:00:00+09:00,1807.0,1807.0,1807.0,1807.0,100,0.0,0.0
2024-07-24 11:00:00+09:00,1807.0,1807.0,1807.0,1807.0,0,0.0,0.0
2024-07-24 12:00:00+09:00,1807.0,1807.0,1807.0,1807.0,200,0.0,0.0
2024-07-24 14:00:00+09:00,1807.0,1810.0,1807.0,1810.0,300,0.0,0.0
2024-07-25 09:00:00+09:00,1811.0,1811.0,1810.0,1810.0,6700,0.0,0.0
2024-07-25 10:00:00+09:00,1810.0,1810.0,1810.0,1810.0,2400,0.0,0.0
2024-07-25 11:00:00+09:00,1810.0,1810.0,1810.0,1810.0,0,0.0,0.0
2024-07-25 12:00:00+09:00,1795.0,1795.0,1795.0,1795.0,9200,0.0,0.0
2024-07-25 13:00:00+09:00,1795.0,1795.0,1794.0,1794.0,200,0.0,0.0
2024-07-25 14:00:00+09:00,1792.0,1792.0,1787.0,1787.0,1100,0.0,0.0
2024-07-26 09:00:00+09:00,1789.0,1790.0,1789.0,1789.0,700,0.0,0.0
2024-07-26 10:00:00+09:00,1789.0,1789.0,1789.0,1789.0,300,0.0,0.0
2024-07-26 11:00:00+09:00,1789.0,1789.0,1789.0,1789.0,0,0.0,0.0
2024-07-26 12:00:00+09:00,1789.0,1789.0,1788.0,1788.0,1300,0.0,0.0
2024-07-26 13:00:00+09:00,1787.0,1787.0,1787.0,1787.0,100,0.0,0.0
2024-07-26 14:00:00+09:00,1788.0,1788.0,1788.0,1788.0,200,0.0,0.0
2024-07-29 09:00:00+09:00,1794.0,1820.0,1794.0,1797.0,1200,0.0,0.0
2024-07-29 10:00:00+09:00,1807.0,1820.0,1807.0,1820.0,700,0.0,0.0
2024-07-29 11:00:00+09:00,1820.0,1835.0,1820.0,1835.0,0,0.0,0.0
2024-07-29 12:00:00+09:00,1834.0,1834.0,1827.0,1827.0,2900,0.0,0.0
2024-07-29 13:00:00+09:00,1827.0,1827.0,1827.0,1827.0,200,0.0,0.0
2024-07-29 14:00:00+09:00,1827.0,1827.0,1827.0,1827.0,200,0.0,0.0
2024-07-30 09:00:00+09:00,1818.0,1820.0,1818.0,1820.0,500,0.0,0.0
2024-07-30 10:00:00+09:00,1808.0,1808.0,1807.0,1807.0,400,0.0,0.0
2024-07-30 11:00:00+09:00,1807.0,1807.0,1807.0,1807.0,0,0.0,0.0
2024-07-30 14:00:00+09:00,1803.0,1803.0,1803.0,1803.0,1100,0.0,0.0
2024-07-31 09:00:00+09:00,1798.0,1806.0,1798.0,1806.0,1200,0.0,0.0
2024-07-31 11:00:00+09:00,1806.0,1806.0,1806.0,1806.0,0,0.0,0.0
2024-07-31 13:00:00+09:00,1800.0,1803.0,1800.0,1803.0,1400,0.0,0.0
2024-07-31 14:00:00+09:00,1803.0,1803.0,1803.0,1803.0,200,0.0,0.0
2024-08-01 09:00:00+09:00,1803.0,1809.0,1803.0,1809.0,500,0.0,0.0
2024-08-01 10:00:00+09:00,1798.0,1798.0,1788.0,1788.0,0,0.0,0.0
2024-08-01 11:00:00+09:00,1785.0,1785.0,1781.0,1781.0,0,0.0,0.0
2024-08-01 12:00:00+09:00,1782.0,1782.0,1775.0,1775.0,2300,0.0,0.0
2024-08-01 13:00:00+09:00,1772.0,1772.0,1760.0,1760.0,800,0.0,0.0
2024-08-01 14:00:00+09:00,1759.0,1761.0,1759.0,1761.0,300,0.0,0.0
2024-08-02 09:00:00+09:00,1750.0,1750.0,1704.0,1712.0,3200,0.0,0.0
2024-08-02 10:00:00+09:00,1712.0,1712.0,1710.0,1710.0,300,0.0,0.0
2024-08-02 11:00:00+09:00,1732.0,1747.0,1732.0,1740.0,0,0.0,0.0
2024-08-02 12:00:00+09:00,1740.0,1740.0,1740.0,1740.0,4800,0.0,0.0
2024-08-02 13:00:00+09:00,1725.0,1740.0,1721.0,1721.0,1700,0.0,0.0
2024-08-02 14:00:00+09:00,1722.0,1744.0,1720.0,1720.0,1300,0.0,0.0
2024-08-05 09:00:00+09:00,1627.0,1630.0,1590.0,1630.0,5200,0.0,0.0
2024-08-05 10:00:00+09:00,1625.0,1625.0,1623.0,1623.0,1300,0.0,0.0
2024-08-05 11:00:00+09:00,1623.0,1623.0,1604.0,1604.0,0,0.0,0.0
2024-08-05 12:00:00+09:00,1632.0,1635.0,1610.0,1635.0,7500,0.0,0.0
2024-08-05 13:00:00+09:00,1604.0,1604.0,1568.0,1568.0,3100,0.0,0.0
2024-08-05 14:00:00+09:00,1550.0,1550.0,1407.0,1407.0,2900,0.0,0.0
2024-08-06 09:00:00+09:00,1456.0,1598.0,1456.0,1598.0,2600,0.0,0.0
2024-08-06 10:00:00+09:00,1598.0,1600.0,1596.0,1600.0,800,0.0,0.0
2024-08-06 11:00:00+09:00,1599.0,1599.0,1599.0,1599.0,0,0.0,0.0
2024-08-06 12:00:00+09:00,1626.0,1628.0,1626.0,1628.0,3800,0.0,0.0
2024-08-06 13:00:00+09:00,1600.0,1600.0,1600.0,1600.0,200,0.0,0.0
2024-08-06 14:00:00+09:00,1600.0,1600.0,1520.0,1600.0,900,0.0,0.0
2024-08-07 09:00:00+09:00,1560.0,1625.0,1560.0,1625.0,1500,0.0,0.0
2024-08-07 10:00:00+09:00,1650.0,1690.0,1650.0,1677.0,400,0.0,0.0
2024-08-07 11:00:00+09:00,1688.0,1719.0,1688.0,1719.0,0,0.0,0.0
2024-08-07 12:00:00+09:00,1599.0,1611.0,1560.0,1560.0,13600,0.0,0.0
2024-08-07 13:00:00+09:00,1589.0,1596.0,1566.0,1589.0,2900,0.0,0.0
2024-08-07 14:00:00+09:00,1584.0,1609.0,1582.0,1582.0,1100,0.0,0.0
2024-08-08 09:00:00+09:00,1610.0,1615.0,1576.0,1576.0,0,0.0,0.0
2024-08-08 10:00:00+09:00,1615.0,1615.0,1615.0,1615.0,800,0.0,0.0
2024-08-08 11:00:00+09:00,1615.0,1618.0,1615.0,1618.0,0,0.0,0.0
2024-08-08 12:00:00+09:00,1615.0,1626.0,1615.0,1626.0,2100,0.0,0.0
2024-08-08 13:00:00+09:00,1627.0,1627.0,1522.0,1539.0,9200,0.0,0.0
2024-08-08 14:00:00+09:00,1538.0,1569.0,1537.0,1544.0,1700,0.0,0.0
2024-08-09 09:00:00+09:00,1544.0,1544.0,1539.0,1544.0,1200,0.0,0.0
2024-08-09 10:00:00+09:00,1551.0,1551.0,1541.0,1541.0,1100,0.0,0.0
2024-08-09 11:00:00+09:00,1543.0,1543.0,1540.0,1540.0,0,0.0,0.0
2024-08-09 12:00:00+09:00,1540.0,1540.0,1540.0,1540.0,3500,0.0,0.0
2024-08-09 13:00:00+09:00,1544.0,1550.0,1544.0,1550.0,600,0.0,0.0
2024-08-09 14:00:00+09:00,1540.0,1540.0,1530.0,1530.0,1000,0.0,0.0
2024-08-13 09:00:00+09:00,1555.0,1628.0,1555.0,1560.0,5300,0.0,0.0
2024-08-13 10:00:00+09:00,1560.0,1615.0,1560.0,1564.0,1500,0.0,0.0
2024-08-13 11:00:00+09:00,1561.0,1574.0,1561.0,1574.0,0,0.0,0.0
2024-08-13 12:00:00+09:00,1564.0,1573.0,1564.0,1567.0,8100,0.0,0.0
2024-08-13 13:00:00+09:00,1566.0,1572.0,1565.0,1572.0,1200,0.0,0.0
2024-08-13 14:00:00+09:00,1571.0,1571.0,1564.0,1564.0,1000,0.0,0.0
2024-08-14 09:00:00+09:00,1575.0,1583.0,1567.0,1571.0,900,0.0,0.0
2024-08-14 10:00:00+09:00,1571.0,1581.0,1570.0,1570.0,0,0.0,0.0
2024-08-14 11:00:00+09:00,1571.0,1571.0,1560.0,1560.0,0,0.0,0.0
2024-08-14 12:00:00+09:00,1562.0,1562.0,1560.0,1560.0,4800,0.0,0.0
2024-08-14 13:00:00+09:00,1566.0,1568.0,1566.0,1567.0,1000,0.0,0.0
2024-08-14 14:00:00+09:00,1567.0,1583.0,1567.0,1575.0,800,0.0,0.0
2024-08-15 09:00:00+09:00,1576.0,1610.0,1576.0,1600.0,1800,0.0,0.0
2024-08-15 10:00:00+09:00,1599.0,1599.0,1599.0,1599.0,300,0.0,0.0
2024-08-15 11:00:00+09:00,1599.0,1599.0,1599.0,1599.0,0,0.0,0.0
2024-08-15 12:00:00+09:00,1600.0,1600.0,1600.0,1600.0,7100,0.0,0.0
2024-08-15 13:00:00+09:00,1602.0,1602.0,1599.0,1599.0,2000,0.0,0.0
2024-08-15 14:00:00+09:00,1599.0,1599.0,1599.0,1599.0,200,0.0,0.0
2024-08-16 09:00:00+09:00,1639.0,1639.0,1639.0,1639.0,700,0.0,0.0
2024-08-16 11:00:00+09:00,1637.0,1637.0,1637.0,1637.0,0,0.0,0.0
2024-08-16 12:00:00+09:00,1639.0,1648.0,1639.0,1648.0,3000,0.0,0.0
2024-08-16 13:00:00+09:00,1643.0,1643.0,1642.0,1642.0,400,0.0,0.0
2024-08-16 14:00:00+09:00,1642.0,1650.0,1642.0,1644.0,1200,0.0,0.0
2024-08-19 09:00:00+09:00,1665.0,1666.0,1659.0,1659.0,500,0.0,0.0
2024-08-19 11:00:00+09:00,1659.0,1659.0,1659.0,1659.0,0,0.0,0.0
2024-08-19 12:00:00+09:00,1661.0,1664.0,1661.0,1664.0,0,0.0,0.0
2024-08-19 13:00:00+09:00,1666.0,1666.0,1644.0,1644.0,3400,0.0,0.0
2024-08-19 14:00:00+09:00,1645.0,1645.0,1643.0,1644.0,600,0.0,0.0
2024-08-20 09:00:00+09:00,1645.0,1650.0,1645.0,1650.0,300,0.0,0.0
2024-08-20 11:00:00+09:00,1662.0,1662.0,1661.0,1661.0,0,0.0,0.0
2024-08-20 12:00:00+09:00,1661.0,1675.0,1661.0,1675.0,2700,0.0,0.0
2024-08-20 13:00:00+09:00,1669.0,1675.0,1668.0,1675.0,500,0.0,0.0
2024-08-20 14:00:00+09:00,1680.0,1680.0,1671.0,1671.0,300,0.0,0.0
2024-08-21 09:00:00+09:00,1639.0,1639.0,1639.0,1639.0,200,0.0,0.0
2024-08-21 11:00:00+09:00,1639.0,1639.0,1639.0,1639.0,0,0.0,0.0
2024-08-22 09:00:00+09:00,1640.0,1640.0,1640.0,1640.0,0,0.0,0.0
2024-08-22 10:00:00+09:00,1651.0,1651.0,1651.0,1651.0,1100,0.0,0.0
2024-08-22 11:00:00+09:00,1650.0,1650.0,1650.0,1650.0,0,0.0,0.0
2024-08-22 12:00:00+09:00,1650.0,1650.0,1650.0,1650.0,1500,0.0,0.0
2024-08-22 14:00:00+09:00,1650.0,1650.0,1650.0,1650.0,200,0.0,0.0
2024-08-23 09:00:00+09:00,1653.0,1656.0,1653.0,1656.0,900,0.0,0.0
2024-08-23 11:00:00+09:00,1656.0,1656.0,1656.0,1656.0,0,0.0,0.0
2024-08-23 14:00:00+09:00,1670.0,1670.0,1670.0,1670.0,1000,0.0,0.0
2024-08-26 09:00:00+09:00,1718.0,1718.0,1699.0,1709.0,2500,0.0,0.0
2024-08-26 11:00:00+09:00,1687.0,1695.0,1687.0,1695.0,0,0.0,0.0
2024-08-26 12:00:00+09:00,1704.0,1704.0,1675.0,1675.0,2900,0.0,0.0
2024-08-27 09:00:00+09:00,1706.0,1706.0,1666.0,1677.0,1500,0.0,0.0
2024-08-27 10:00:00+09:00,1680.0,1690.0,1680.0,1690.0,3400,0.0,0.0
2024-08-27 11:00:00+09:00,1690.0,1690.0,1690.0,1690.0,0,0.0,0.0
2024-08-27 14:00:00+09:00,1704.0,1704.0,1704.0,1704.0,5200,0.0,0.0
2024-08-28 09:00:00+09:00,1780.0,1780.0,1753.0,1768.0,1700,0.0,0.0
2024-08-28 10:00:00+09:00,1764.0,1764.0,1764.0,1764.0,100,0.0,0.0
2024-08-28 11:00:00+09:00,1779.0,1779.0,1748.0,1748.0,0,0.0,0.0
2024-08-28 13:00:00+09:00,1748.0,1748.0,1748.0,1748.0,2900,0.0,0.0
2024-08-29 12:00:00+09:00,1760.0,1761.0,1758.0,1761.0,3200,0.0,0.0
2024-08-29 14:00:00+09:00,1759.0,1761.0,1725.0,1725.0,600,0.0,0.0
2024-08-30 09:00:00+09:00,1725.0,1800.0,1725.0,1800.0,3000,0.0,0.0
2024-08-30 10:00:00+09:00,1760.0,1793.0,1760.0,1760.0,300,0.0,0.0
2024-08-30 11:00:00+09:00,1760.0,1760.0,1760.0,1760.0,0,0.0,0.0
2024-08-30 12:00:00+09:00,1755.0,1755.0,1755.0,1755.0,3500,0.0,0.0
2024-08-30 13:00:00+09:00,1760.0,1761.0,1760.0,1760.0,500,0.0,0.0
2024-08-30 14:00:00+09:00,1760.0,1760.0,1760.0,1760.0,100,0.0,0.0
2024-09-02 09:00:00+09:00,1768.0,1772.0,1768.0,1769.0,1100,0.0,0.0
2024-09-02 10:00:00+09:00,1780.0,1795.0,1780.0,1781.0,500,0.0,0.0
2024-09-02 11:00:00+09:00,1784.0,1784.0,1778.0,1778.0,0,0.0,0.0
2024-09-02 12:00:00+09:00,1778.0,1780.0,1777.0,1780.0,2300,0.0,0.0
2024-09-02 13:00:00+09:00,1769.0,1769.0,1765.0,1765.0,400,0.0,0.0
2024-09-02 14:00:00+09:00,1768.0,1800.0,1763.0,1763.0,2000,0.0,0.0
2024-09-03 09:00:00+09:00,1794.0,1794.0,1794.0,1794.0,200,0.0,0.0
2024-09-03 10:00:00+09:00,1794.0,1794.0,1794.0,1794.0,200,0.0,0.0
2024-09-03 11:00:00+09:00,1764.0,1764.0,1684.0,1684.0,0,0.0,0.0
2024-09-03 12:00:00+09:00,1727.0,1727.0,1727.0,1727.0,2400,0.0,0.0
2024-09-04 09:00:00+09:00,1728.0,1728.0,1700.0,1700.0,1600,0.0,0.0
2024-09-04 10:00:00+09:00,1720.0,1720.0,1700.0,1700.0,700,0.0,0.0
2024-09-04 11:00:00+09:00,1700.0,1700.0,1700.0,1700.0,0,0.0,0.0
2024-09-04 12:00:00+09:00,1728.0,1728.0,1690.0,1690.0,2500,0.0,0.0
2024-09-04 13:00:00+09:00,1689.0,1699.0,1688.0,1699.0,500,0.0,0.0
2024-09-04 14:00:00+09:00,1690.0,1690.0,1690.0,1690.0,200,0.0,0.0
2024-09-05 09:00:00+09:00,1690.0,1690.0,1682.0,1682.0,700,0.0,0.0
2024-09-05 10:00:00+09:00,1681.0,1681.0,1681.0,1681.0,100,0.0,0.0
2024-09-05 11:00:00+09:00,1681.0,1681.0,1681.0,1681.0,0,0.0,0.0
2024-09-05 13:00:00+09:00,1682.0,1682.0,1682.0,1682.0,900,0.0,0.0
2024-09-06 09:00:00+09:00,1700.0,1700.0,1674.0,1674.0,800,0.0,0.0
2024-09-06 11:00:00+09:00,1674.0,1674.0,1674.0,1674.0,0,0.0,0.0
2024-09-06 12:00:00+09:00,1682.0,1682.0,1682.0,1682.0,900,0.0,0.0
2024-09-06 13:00:00+09:00,1663.0,1663.0,1661.0,1661.0,200,0.0,0.0
2024-09-06 14:00:00+09:00,1661.0,1661.0,1650.0,1651.0,1600,0.0,0.0
2024-09-09 09:00:00+09:00,1621.0,1621.0,1621.0,1621.0,400,0.0,0.0
2024-09-09 10:00:00+09:00,1650.0,1650.0,1628.0,1628.0,200,0.0,0.0
2024-09-09 11:00:00+09:00,1628.0,1628.0,1628.0,1628.0,0,0.0,0.0
2024-09-09 12:00:00+09:00,1650.0,1650.0,1650.0,1650.0,700,0.0,0.0
2024-09-09 14:00:00+09:00,1690.0,1690.0,1690.0,1690.0,100,0.0,0.0
2024-09-10 10:00:00+09:00,1690.0,1690.0,1690.0,1690.0,100,0.0,0.0
2024-09-10 11:00:00+09:00,1690.0,1690.0,1690.0,1690.0,0,0.0,0.0
2024-09-10 12:00:00+09:00,1665.0,1665.0,1665.0,1665.0,300,0.0,0.0
2024-09-11 12:00:00+09:00,1641.0,1641.0,1640.0,1640.0,200,0.0,0.0
2024-09-11 13:00:00+09:00,1640.0,1640.0,1638.0,1639.0,0,0.0,0.0
2024-09-11 14:00:00+09:00,1636.0,1636.0,1635.0,1635.0,1100,0.0,0.0
2024-09-12 09:00:00+09:00,1660.0,1674.0,1660.0,1674.0,300,0.0,0.0
2024-09-12 10:00:00+09:00,1680.0,1680.0,1674.0,1674.0,200,0.0,0.0
2024-09-12 11:00:00+09:00,1674.0,1674.0,1674.0,1674.0,0,0.0,0.0
2024-09-12 12:00:00+09:00,1672.0,1672.0,1671.0,1671.0,700,0.0,0.0
2024-09-12 13:00:00+09:00,1671.0,1671.0,1671.0,1671.0,100,0.0,0.0
2024-09-12 14:00:00+09:00,1643.0,1643.0,1643.0,1643.0,100,0.0,0.0
2024-09-13 10:00:00+09:00,1650.0,1655.0,1650.0,1655.0,200,0.0,0.0
2024-09-13 11:00:00+09:00,1655.0,1655.0,1655.0,1655.0,0,0.0,0.0
2024-09-13 12:00:00+09:00,1650.0,1650.0,1650.0,1650.0,300,0.0,0.0
2024-09-13 14:00:00+09:00,1656.0,1660.0,1656.0,1660.0,200,0.0,0.0
2024-09-17 09:00:00+09:00,1661.0,1661.0,1661.0,1661.0,900,0.0,0.0
2024-09-17 11:00:00+09:00,1661.0,1661.0,1661.0,1661.0,0,0.0,0.0
2024-09-17 12:00:00+09:00,1663.0,1663.0,1663.0,1663.0,1000,0.0,0.0
2024-09-18 10:00:00+09:00,1700.0,1700.0,1700.0,1700.0,300,0.0,0.0
2024-09-18 11:00:00+09:00,1700.0,1700.0,1700.0,1700.0,0,0.0,0.0
2024-09-19 12:00:00+09:00,1700.0,1700.0,1700.0,1700.0,100,0.0,0.0
2024-09-19 13:00:00+09:00,1700.0,1700.0,1700.0,1700.0,800,0.0,0.0
2024-09-20 09:00:00+09:00,1700.0,1701.0,1699.0,1701.0,2000,0.0,0.0
2024-09-20 11:00:00+09:00,1701.0,1701.0,1701.0,1701.0,0,0.0,0.0
2024-09-20 12:00:00+09:00,1700.0,1700.0,1700.0,1700.0,2500,0.0,0.0
2024-09-24 09:00:00+09:00,1719.0,1719.0,1713.0,1713.0,700,0.0,0.0
2024-09-24 10:00:00+09:00,1720.0,1800.0,1720.0,1737.0,2800,0.0,0.0
2024-09-24 11:00:00+09:00,1711.0,1711.0,1710.0,1710.0,0,0.0,0.0
2024-09-24 12:00:00+09:00,1701.0,1701.0,1701.0,1701.0,4000,0.0,0.0
2024-09-25 09:00:00+09:00,1713.0,1742.0,1702.0,1706.0,700,0.0,0.0
2024-09-25 11:00:00+09:00,1730.0,1730.0,1708.0,1708.0,0,0.0,0.0
2024-09-25 13:00:00+09:00,1708.0,1708.0,1708.0,1708.0,1500,0.0,0.0
2024-09-25 14:00:00+09:00,1708.0,1710.0,1706.0,1710.0,400,0.0,0.0
2024-09-26 09:00:00+09:00,1779.0,1779.0,1759.0,1759.0,2100,0.0,0.0
2024-09-26 10:00:00+09:00,1757.0,1776.0,1757.0,1776.0,1500,0.0,0.0
2024-09-26 11:00:00+09:00,1776.0,1776.0,1776.0,1776.0,0,0.0,0.0
2024-09-26 12:00:00+09:00,1760.0,1760.0,1760.0,1760.0,3700,0.0,0.0
2024-09-26 14:00:00+09:00,1754.0,1754.0,1754.0,1754.0,100,0.0,0.0
2024-09-27 09:00:00+09:00,1715.0,1748.0,1715.0,1748.0,300,0.0,0.0
2024-09-27 10:00:00+09:00,1748.0,1748.0,1748.0,1748.0,100,0.0,0.0
2024-09-27 11:00:00+09:00,1748.0,1748.0,1748.0,1748.0,0,0.0,0.0
2024-09-27 14:00:00+09:00,1745.0,1745.0,1745.0,1745.0,500,0.0,0.0
2024-09-30 09:00:00+09:00,1709.0,1709.0,1703.0,1703.0,183700,0.0,0.0
2024-09-30 11:00:00+09:00,1703.0,1703.0,1703.0,1703.0,0,0.0,0.0
2024-09-30 13:00:00+09:00,1707.0,1710.0,1707.0,1710.0,183900,0.0,0.0
2024-10-01 09:00:00+09:00,1720.0,1720.0,1720.0,1720.0,200,0.0,0.0
2024-10-01 10:00:00+09:00,1712.0,1712.0,1712.0,1712.0,100,0.0,0.0
2024-10-01 11:00:00+09:00,1712.0,1712.0,1712.0,1712.0,0,0.0,0.0
2024-10-01 13:00:00+09:00,1735.0,1738.0,1735.0,1738.0,600,0.0,0.0
2024-10-01 14:00:00+09:00,1746.0,1799.0,1745.0,1799.0,2100,0.0,0.0
2024-10-02 09:00:00+09:00,1776.0,1776.0,1736.0,1736.0,400,0.0,0.0
2024-10-02 10:00:00+09:00,1739.0,1739.0,1739.0,1739.0,100,0.0,0.0
2024-10-02 11:00:00+09:00,1739.0,1739.0,1739.0,1739.0,0,0.0,0.0
2024-10-02 12:00:00+09:00,1758.0,1758.0,1758.0,1758.0,600,0.0,0.0
2024-10-02 13:00:00+09:00,1743.0,1743.0,1737.0,1737.0,2200,0.0,0.0
2024-10-02 14:00:00+09:00,1760.0,1760.0,1760.0,1760.0,100,0.0,0.0
2024-10-03 09:00:00+09:00,1761.0,1762.0,1760.0,1760.0,1100,0.0,0.0
2024-10-03 11:00:00+09:00,1755.0,1755.0,1751.0,1751.0,0,0.0,0.0
2024-10-04 09:00:00+09:00,1753.0,1753.0,1736.0,1736.0,200,0.0,0.0
2024-10-04 11:00:00+09:00,1745.0,1745.0,1745.0,1745.0,0,0.0,0.0
2024-10-07 09:00:00+09:00,1745.0,1745.0,1726.0,1726.0,500,0.0,0.0
2024-10-07 11:00:00+09:00,1726.0,1726.0,1726.0,1726.0,0,0.0,0.0
2024-10-07 12:00:00+09:00,1738.0,1738.0,1738.0,1738.0,900,0.0,0.0
2024-10-08 09:00:00+09:00,1735.0,1735.0,1725.0,1725.0,200,0.0,0.0
2024-10-08 11:00:00+09:00,1725.0,1725.0,1725.0,1725.0,0,0.0,0.0
2024-10-08 12:00:00+09:00,1725.0,1725.0,1722.0,1722.0,400,0.0,0.0
2024-10-08 14:00:00+09:00,1750.0,1759.0,1750.0,1759.0,200,0.0,0.0
2024-10-09 09:00:00+09:00,1741.0,1741.0,1721.0,1721.0,600,0.0,0.0
2024-10-09 11:00:00+09:00,1721.0,1721.0,1721.0,1721.0,0,0.0,0.0
2024-10-09 12:00:00+09:00,1720.0,1720.0,1720.0,1720.0,800,0.0,0.0
2024-10-09 13:00:00+09:00,1716.0,1717.0,1716.0,1717.0,300,0.0,0.0
2024-10-10 10:00:00+09:00,1710.0,1710.0,1710.0,1710.0,1300,0.0,0.0
2024-10-10 11:00:00+09:00,1710.0,1710.0,1710.0,1710.0,0,0.0,0.0
2024-10-11 12:00:00+09:00,1750.0,1750.0,1712.0,1712.0,200,0.0,0.0
2024-10-15 09:00:00+09:00,1722.0,1750.0,1722.0,1725.0,700,0.0,0.0
2024-10-15 10:00:00+09:00,1722.0,1722.0,1708.0,1708.0,500,0.0,0.0
2024-10-15 11:00:00+09:00,1708.0,1708.0,1708.0,1708.0,0,0.0,0.0
2024-10-15 14:00:00+09:00,1727.0,1727.0,1727.0,1727.0,1300,0.0,0.0
2024-10-16 09:00:00+09:00,1702.0,1702.0,1702.0,1702.0,300,0.0,0.0
2024-10-16 10:00:00+09:00,1696.0,1696.0,1693.0,1693.0,300,0.0,0.0
2024-10-16 11:00:00+09:00,1728.0,1729.0,1728.0,1729.0,0,0.0,0.0
2024-10-16 12:00:00+09:00,1727.0,1727.0,1727.0,1727.0,900,0.0,0.0
2024-10-17 14:00:00+09:00,1720.0,1720.0,1720.0,1720.0,100,0.0,0.0
2024-10-18 09:00:00+09:00,1723.0,1723.0,1705.0,1705.0,300,0.0,0.0
2024-10-18 11:00:00+09:00,1705.0,1705.0,1705.0,1705.0,0,0.0,0.0
