Datetime,Open,High,Low,Close,Volume,Dividends,Stock Splits
2022-10-20 09:00:00+09:00,313.0,316.0,313.0,314.0,22600,0.0,0.0
2022-10-20 10:00:00+09:00,314.0,315.0,314.0,314.0,9000,0.0,0.0
2022-10-20 11:00:00+09:00,313.0,315.0,313.0,315.0,0,0.0,0.0
2022-10-20 12:00:00+09:00,315.0,315.0,314.0,314.0,54600,0.0,0.0
2022-10-20 13:00:00+09:00,315.0,316.0,314.0,316.0,17600,0.0,0.0
2022-10-20 14:00:00+09:00,315.0,317.0,314.0,316.0,36500,0.0,0.0
2022-10-21 09:00:00+09:00,314.0,316.0,313.0,313.0,21700,0.0,0.0
2022-10-21 10:00:00+09:00,313.0,316.0,313.0,315.0,41300,0.0,0.0
2022-10-21 11:00:00+09:00,315.0,317.0,315.0,317.0,0,0.0,0.0
2022-10-21 12:00:00+09:00,317.0,317.0,316.0,317.0,140600,0.0,0.0
2022-10-21 13:00:00+09:00,317.0,318.0,316.0,317.0,31700,0.0,0.0
2022-10-21 14:00:00+09:00,317.0,319.0,317.0,317.0,39400,0.0,0.0
2022-10-24 09:00:00+09:00,321.0,324.0,319.0,324.0,102700,0.0,0.0
2022-10-24 10:00:00+09:00,323.0,326.0,323.0,325.0,73800,0.0,0.0
2022-10-24 11:00:00+09:00,325.0,325.0,323.0,323.0,0,0.0,0.0
2022-10-24 12:00:00+09:00,324.0,326.0,322.0,323.0,250100,0.0,0.0
2022-10-24 13:00:00+09:00,323.0,324.0,322.0,324.0,28900,0.0,0.0
2022-10-24 14:00:00+09:00,324.0,324.0,322.0,323.0,24400,0.0,0.0
2022-10-25 09:00:00+09:00,324.0,325.0,321.0,323.0,61400,0.0,0.0
2022-10-25 10:00:00+09:00,324.0,324.0,322.0,324.0,35100,0.0,0.0
2022-10-25 11:00:00+09:00,324.0,325.0,324.0,325.0,0,0.0,0.0
2022-10-25 12:00:00+09:00,327.0,327.0,325.0,326.0,131000,0.0,0.0
2022-10-25 13:00:00+09:00,325.0,326.0,324.0,325.0,20700,0.0,0.0
2022-10-25 14:00:00+09:00,325.0,326.0,324.0,325.0,68700,0.0,0.0
2022-10-26 09:00:00+09:00,328.0,331.0,325.0,329.0,154100,0.0,0.0
2022-10-26 10:00:00+09:00,329.0,332.0,329.0,331.0,62000,0.0,0.0
2022-10-26 11:00:00+09:00,332.0,332.0,332.0,332.0,0,0.0,0.0
2022-10-26 12:00:00+09:00,333.0,333.0,332.0,332.0,238300,0.0,0.0
2022-10-26 13:00:00+09:00,332.0,332.0,331.0,332.0,26400,0.0,0.0
2022-10-26 14:00:00+09:00,331.0,332.0,330.0,332.0,57200,0.0,0.0
2022-10-27 09:00:00+09:00,331.0,331.0,323.0,325.0,105800,0.0,0.0
2022-10-27 10:00:00+09:00,326.0,326.0,323.0,323.0,55100,0.0,0.0
2022-10-27 11:00:00+09:00,322.0,323.0,320.0,321.0,0,0.0,0.0
2022-10-27 12:00:00+09:00,321.0,322.0,319.0,322.0,241300,0.0,0.0
2022-10-27 13:00:00+09:00,321.0,323.0,320.0,323.0,39100,0.0,0.0
2022-10-27 14:00:00+09:00,323.0,323.0,320.0,321.0,74800,0.0,0.0
2022-10-28 09:00:00+09:00,317.0,322.0,317.0,321.0,30100,0.0,0.0
2022-10-28 10:00:00+09:00,321.0,321.0,319.0,320.0,18800,0.0,0.0
2022-10-28 11:00:00+09:00,319.0,320.0,319.0,320.0,0,0.0,0.0
2022-10-28 12:00:00+09:00,319.0,320.0,316.0,316.0,94600,0.0,0.0
2022-10-28 13:00:00+09:00,318.0,318.0,315.0,316.0,41300,0.0,0.0
2022-10-28 14:00:00+09:00,317.0,317.0,314.0,316.0,121100,0.0,0.0
2022-10-31 09:00:00+09:00,317.0,321.0,317.0,319.0,0,0.0,0.0
2022-10-31 10:00:00+09:00,318.0,319.0,317.0,318.0,17600,0.0,0.0
2022-10-31 11:00:00+09:00,318.0,320.0,317.0,318.0,0,0.0,0.0
2022-10-31 12:00:00+09:00,320.0,322.0,320.0,320.0,98000,0.0,0.0
2022-10-31 13:00:00+09:00,320.0,322.0,320.0,320.0,15100,0.0,0.0
2022-10-31 14:00:00+09:00,320.0,322.0,320.0,322.0,88300,0.0,0.0
2022-11-01 09:00:00+09:00,326.0,326.0,320.0,320.0,113900,0.0,0.0
2022-11-01 10:00:00+09:00,320.0,322.0,319.0,321.0,8800,0.0,0.0
2022-11-01 11:00:00+09:00,321.0,322.0,319.0,321.0,0,0.0,0.0
2022-11-01 12:00:00+09:00,320.0,322.0,319.0,321.0,165200,0.0,0.0
2022-11-01 13:00:00+09:00,321.0,322.0,320.0,321.0,51000,0.0,0.0
2022-11-01 14:00:00+09:00,322.0,323.0,320.0,323.0,72000,0.0,0.0
2022-11-02 09:00:00+09:00,321.0,325.0,319.0,324.0,0,0.0,0.0
2022-11-02 10:00:00+09:00,324.0,325.0,323.0,323.0,145300,0.0,0.0
2022-11-02 11:00:00+09:00,323.0,323.0,323.0,323.0,0,0.0,0.0
2022-11-02 12:00:00+09:00,323.0,323.0,322.0,322.0,205300,0.0,0.0
2022-11-02 13:00:00+09:00,322.0,323.0,322.0,322.0,24100,0.0,0.0
2022-11-02 14:00:00+09:00,322.0,323.0,320.0,321.0,99800,0.0,0.0
2022-11-04 09:00:00+09:00,315.0,322.0,315.0,320.0,0,0.0,0.0
2022-11-04 10:00:00+09:00,320.0,320.0,319.0,319.0,24400,0.0,0.0
2022-11-04 11:00:00+09:00,320.0,321.0,319.0,319.0,0,0.0,0.0
2022-11-04 12:00:00+09:00,319.0,320.0,318.0,319.0,151700,0.0,0.0
2022-11-04 13:00:00+09:00,318.0,318.0,317.0,318.0,23700,0.0,0.0
2022-11-04 14:00:00+09:00,317.0,318.0,316.0,316.0,30900,0.0,0.0
2022-11-07 09:00:00+09:00,318.0,320.0,317.0,317.0,0,0.0,0.0
2022-11-07 10:00:00+09:00,316.0,319.0,316.0,319.0,23400,0.0,0.0
2022-11-07 11:00:00+09:00,318.0,318.0,318.0,318.0,0,0.0,0.0
2022-11-07 12:00:00+09:00,319.0,319.0,318.0,318.0,86900,0.0,0.0
2022-11-07 13:00:00+09:00,319.0,320.0,318.0,319.0,9500,0.0,0.0
2022-11-07 14:00:00+09:00,319.0,319.0,318.0,319.0,30700,0.0,0.0
2022-11-08 09:00:00+09:00,319.0,321.0,317.0,319.0,41900,0.0,0.0
2022-11-08 10:00:00+09:00,319.0,322.0,318.0,320.0,20500,0.0,0.0
2022-11-08 11:00:00+09:00,320.0,320.0,319.0,320.0,0,0.0,0.0
2022-11-08 12:00:00+09:00,318.0,321.0,318.0,321.0,87300,0.0,0.0
2022-11-08 13:00:00+09:00,321.0,322.0,319.0,321.0,20800,0.0,0.0
2022-11-08 14:00:00+09:00,321.0,322.0,320.0,321.0,27700,0.0,0.0
2022-11-09 09:00:00+09:00,321.0,323.0,320.0,322.0,15000,0.0,0.0
2022-11-09 10:00:00+09:00,322.0,322.0,321.0,322.0,4200,0.0,0.0
2022-11-09 11:00:00+09:00,322.0,322.0,320.0,321.0,0,0.0,0.0
2022-11-09 12:00:00+09:00,320.0,320.0,320.0,320.0,33500,0.0,0.0
2022-11-09 13:00:00+09:00,320.0,320.0,318.0,318.0,6100,0.0,0.0
2022-11-09 14:00:00+09:00,319.0,320.0,319.0,319.0,6400,0.0,0.0
2022-11-10 09:00:00+09:00,319.0,320.0,317.0,320.0,18300,0.0,0.0
2022-11-10 10:00:00+09:00,320.0,321.0,319.0,321.0,14700,0.0,0.0
2022-11-10 11:00:00+09:00,321.0,321.0,320.0,320.0,0,0.0,0.0
2022-11-10 12:00:00+09:00,320.0,321.0,320.0,320.0,46800,0.0,0.0
2022-11-10 13:00:00+09:00,320.0,321.0,320.0,321.0,6200,0.0,0.0
2022-11-10 14:00:00+09:00,320.0,321.0,319.0,319.0,46900,0.0,0.0
2022-11-11 09:00:00+09:00,324.0,324.0,316.0,318.0,33000,0.0,0.0
2022-11-11 10:00:00+09:00,318.0,320.0,318.0,319.0,14800,0.0,0.0
2022-11-11 11:00:00+09:00,319.0,319.0,318.0,319.0,0,0.0,0.0
2022-11-11 12:00:00+09:00,318.0,318.0,317.0,318.0,87300,0.0,0.0
2022-11-11 13:00:00+09:00,319.0,319.0,318.0,318.0,20100,0.0,0.0
2022-11-11 14:00:00+09:00,317.0,318.0,316.0,318.0,39500,0.0,0.0
2022-11-14 09:00:00+09:00,322.0,325.0,320.0,324.0,58500,0.0,0.0
2022-11-14 10:00:00+09:00,324.0,325.0,322.0,323.0,34100,0.0,0.0
2022-11-14 11:00:00+09:00,323.0,324.0,323.0,323.0,0,0.0,0.0
2022-11-14 12:00:00+09:00,322.0,324.0,322.0,323.0,0,0.0,0.0
2022-11-14 13:00:00+09:00,324.0,324.0,321.0,322.0,167000,0.0,0.0
2022-11-14 14:00:00+09:00,322.0,322.0,320.0,321.0,49100,0.0,0.0
2022-11-15 09:00:00+09:00,318.0,323.0,318.0,322.0,32300,0.0,0.0
2022-11-15 10:00:00+09:00,323.0,323.0,322.0,322.0,12300,0.0,0.0
2022-11-15 11:00:00+09:00,322.0,323.0,322.0,323.0,0,0.0,0.0
2022-11-15 12:00:00+09:00,323.0,323.0,322.0,322.0,50300,0.0,0.0
2022-11-15 13:00:00+09:00,322.0,324.0,322.0,324.0,14400,0.0,0.0
2022-11-15 14:00:00+09:00,324.0,324.0,322.0,323.0,18700,0.0,0.0
2022-11-16 09:00:00+09:00,321.0,322.0,318.0,320.0,23500,0.0,0.0
2022-11-16 10:00:00+09:00,319.0,322.0,319.0,321.0,13200,0.0,0.0
2022-11-16 11:00:00+09:00,321.0,322.0,321.0,322.0,0,0.0,0.0
2022-11-16 12:00:00+09:00,323.0,323.0,321.0,322.0,51800,0.0,0.0
2022-11-16 13:00:00+09:00,322.0,322.0,321.0,322.0,5700,0.0,0.0
2022-11-16 14:00:00+09:00,322.0,322.0,320.0,322.0,37900,0.0,0.0
2022-11-17 09:00:00+09:00,320.0,322.0,320.0,321.0,0,0.0,0.0
2022-11-17 10:00:00+09:00,321.0,323.0,320.0,322.0,72300,0.0,0.0
2022-11-17 11:00:00+09:00,322.0,323.0,322.0,323.0,0,0.0,0.0
2022-11-17 12:00:00+09:00,323.0,323.0,322.0,323.0,86200,0.0,0.0
2022-11-17 13:00:00+09:00,323.0,323.0,322.0,322.0,14600,0.0,0.0
2022-11-17 14:00:00+09:00,323.0,324.0,322.0,323.0,22800,0.0,0.0
2022-11-18 09:00:00+09:00,325.0,327.0,323.0,327.0,129800,0.0,0.0
2022-11-18 10:00:00+09:00,327.0,327.0,325.0,325.0,41000,0.0,0.0
2022-11-18 11:00:00+09:00,325.0,325.0,323.0,323.0,0,0.0,0.0
2022-11-18 12:00:00+09:00,323.0,324.0,320.0,322.0,196600,0.0,0.0
2022-11-18 13:00:00+09:00,322.0,323.0,321.0,322.0,29200,0.0,0.0
2022-11-18 14:00:00+09:00,322.0,323.0,322.0,322.0,50500,0.0,0.0
2022-11-21 09:00:00+09:00,322.0,324.0,322.0,323.0,0,0.0,0.0
2022-11-21 10:00:00+09:00,323.0,325.0,322.0,323.0,31000,0.0,0.0
2022-11-21 11:00:00+09:00,323.0,324.0,323.0,323.0,0,0.0,0.0
2022-11-21 12:00:00+09:00,324.0,325.0,323.0,324.0,95100,0.0,0.0
2022-11-21 13:00:00+09:00,325.0,326.0,325.0,326.0,19500,0.0,0.0
2022-11-21 14:00:00+09:00,326.0,326.0,324.0,325.0,34300,0.0,0.0
2022-11-22 09:00:00+09:00,325.0,331.0,325.0,331.0,66300,0.0,0.0
2022-11-22 10:00:00+09:00,330.0,332.0,330.0,332.0,70800,0.0,0.0
2022-11-22 11:00:00+09:00,331.0,331.0,331.0,331.0,0,0.0,0.0
2022-11-22 12:00:00+09:00,331.0,331.0,330.0,330.0,182700,0.0,0.0
2022-11-22 13:00:00+09:00,330.0,331.0,330.0,330.0,33000,0.0,0.0
2022-11-22 14:00:00+09:00,330.0,332.0,330.0,332.0,93200,0.0,0.0
2022-11-24 09:00:00+09:00,335.0,336.0,333.0,336.0,64100,0.0,0.0
2022-11-24 10:00:00+09:00,336.0,338.0,335.0,337.0,94000,0.0,0.0
2022-11-24 11:00:00+09:00,338.0,340.0,338.0,339.0,0,0.0,0.0
2022-11-24 12:00:00+09:00,336.0,339.0,336.0,338.0,224900,0.0,0.0
2022-11-24 13:00:00+09:00,338.0,339.0,338.0,338.0,33000,0.0,0.0
2022-11-24 14:00:00+09:00,338.0,340.0,338.0,339.0,64600,0.0,0.0
2022-11-25 09:00:00+09:00,339.0,341.0,336.0,341.0,37800,0.0,0.0
2022-11-25 10:00:00+09:00,341.0,343.0,341.0,342.0,41900,0.0,0.0
2022-11-25 11:00:00+09:00,343.0,343.0,342.0,342.0,0,0.0,0.0
2022-11-25 12:00:00+09:00,342.0,345.0,342.0,345.0,159800,0.0,0.0
2022-11-25 13:00:00+09:00,345.0,347.0,344.0,345.0,68300,0.0,0.0
2022-11-25 14:00:00+09:00,345.0,347.0,344.0,347.0,68100,0.0,0.0
2022-11-28 09:00:00+09:00,355.0,359.0,351.0,352.0,184400,0.0,0.0
2022-11-28 10:00:00+09:00,352.0,354.0,351.0,351.0,62300,0.0,0.0
2022-11-28 11:00:00+09:00,351.0,352.0,350.0,352.0,0,0.0,0.0
2022-11-28 12:00:00+09:00,350.0,352.0,350.0,352.0,302100,0.0,0.0
2022-11-28 13:00:00+09:00,352.0,353.0,351.0,352.0,38400,0.0,0.0
2022-11-28 14:00:00+09:00,353.0,353.0,351.0,352.0,31000,0.0,0.0
2022-11-29 09:00:00+09:00,347.0,348.0,342.0,348.0,61500,0.0,0.0
2022-11-29 10:00:00+09:00,349.0,351.0,348.0,351.0,41900,0.0,0.0
2022-11-29 11:00:00+09:00,351.0,351.0,349.0,349.0,0,0.0,0.0
2022-11-29 12:00:00+09:00,348.0,350.0,347.0,350.0,142100,0.0,0.0
2022-11-29 13:00:00+09:00,350.0,350.0,345.0,348.0,68100,0.0,0.0
2022-11-29 14:00:00+09:00,347.0,348.0,345.0,347.0,77000,0.0,0.0
2022-11-30 09:00:00+09:00,347.0,350.0,343.0,350.0,125100,0.0,0.0
2022-11-30 10:00:00+09:00,350.0,350.0,347.0,349.0,23200,0.0,0.0
2022-11-30 11:00:00+09:00,349.0,349.0,348.0,349.0,0,0.0,0.0
2022-11-30 12:00:00+09:00,349.0,349.0,348.0,348.0,171800,0.0,0.0
2022-11-30 13:00:00+09:00,348.0,350.0,347.0,350.0,46000,0.0,0.0
2022-11-30 14:00:00+09:00,349.0,350.0,347.0,349.0,74300,0.0,0.0
2022-12-01 09:00:00+09:00,348.0,348.0,340.0,341.0,77700,0.0,0.0
2022-12-01 10:00:00+09:00,341.0,342.0,339.0,340.0,34500,0.0,0.0
2022-12-01 11:00:00+09:00,340.0,340.0,340.0,340.0,0,0.0,0.0
2022-12-01 12:00:00+09:00,341.0,342.0,340.0,342.0,146200,0.0,0.0
2022-12-01 13:00:00+09:00,343.0,343.0,341.0,342.0,28200,0.0,0.0
2022-12-01 14:00:00+09:00,342.0,342.0,340.0,341.0,25100,0.0,0.0
2022-12-02 09:00:00+09:00,338.0,338.0,329.0,329.0,217800,0.0,0.0
2022-12-02 10:00:00+09:00,329.0,333.0,328.0,333.0,77900,0.0,0.0
2022-12-02 11:00:00+09:00,333.0,337.0,333.0,335.0,0,0.0,0.0
2022-12-02 12:00:00+09:00,336.0,338.0,336.0,337.0,392200,0.0,0.0
2022-12-02 13:00:00+09:00,336.0,337.0,335.0,336.0,37100,0.0,0.0
2022-12-02 14:00:00+09:00,335.0,336.0,334.0,334.0,74100,0.0,0.0
2022-12-05 09:00:00+09:00,331.0,334.0,329.0,332.0,73100,0.0,0.0
2022-12-05 10:00:00+09:00,332.0,332.0,328.0,331.0,47200,0.0,0.0
2022-12-05 11:00:00+09:00,331.0,332.0,329.0,330.0,0,0.0,0.0
2022-12-05 12:00:00+09:00,329.0,329.0,328.0,328.0,175500,0.0,0.0
2022-12-05 13:00:00+09:00,328.0,328.0,327.0,327.0,18400,0.0,0.0
2022-12-05 14:00:00+09:00,327.0,328.0,327.0,328.0,48700,0.0,0.0
2022-12-06 09:00:00+09:00,327.0,331.0,326.0,328.0,52400,0.0,0.0
2022-12-06 10:00:00+09:00,329.0,331.0,327.0,329.0,0,0.0,0.0
2022-12-06 11:00:00+09:00,328.0,328.0,327.0,327.0,0,0.0,0.0
2022-12-06 12:00:00+09:00,327.0,329.0,327.0,328.0,99700,0.0,0.0
2022-12-06 13:00:00+09:00,328.0,328.0,326.0,326.0,28700,0.0,0.0
2022-12-06 14:00:00+09:00,326.0,328.0,326.0,327.0,17000,0.0,0.0
2022-12-07 09:00:00+09:00,325.0,332.0,323.0,331.0,97800,0.0,0.0
2022-12-07 10:00:00+09:00,332.0,334.0,332.0,332.0,44800,0.0,0.0
2022-12-07 11:00:00+09:00,332.0,332.0,331.0,332.0,0,0.0,0.0
2022-12-07 12:00:00+09:00,332.0,333.0,331.0,332.0,178300,0.0,0.0
2022-12-07 13:00:00+09:00,333.0,333.0,331.0,333.0,24100,0.0,0.0
2022-12-07 14:00:00+09:00,333.0,333.0,330.0,331.0,33300,0.0,0.0
2022-12-08 09:00:00+09:00,330.0,330.0,321.0,325.0,107300,0.0,0.0
2022-12-08 10:00:00+09:00,324.0,326.0,324.0,326.0,19200,0.0,0.0
2022-12-08 11:00:00+09:00,326.0,326.0,325.0,326.0,0,0.0,0.0
2022-12-08 12:00:00+09:00,326.0,326.0,325.0,325.0,142200,0.0,0.0
2022-12-08 13:00:00+09:00,326.0,328.0,325.0,326.0,13100,0.0,0.0
2022-12-08 14:00:00+09:00,327.0,328.0,326.0,327.0,31600,0.0,0.0
2022-12-09 09:00:00+09:00,325.0,329.0,325.0,328.0,0,0.0,0.0
2022-12-09 10:00:00+09:00,329.0,329.0,326.0,328.0,85400,0.0,0.0
2022-12-09 11:00:00+09:00,328.0,328.0,327.0,328.0,0,0.0,0.0
2022-12-09 12:00:00+09:00,328.0,328.0,326.0,327.0,99000,0.0,0.0
2022-12-09 13:00:00+09:00,327.0,327.0,326.0,327.0,5100,0.0,0.0
2022-12-09 14:00:00+09:00,328.0,329.0,327.0,327.0,38800,0.0,0.0
2022-12-12 09:00:00+09:00,328.0,329.0,326.0,326.0,0,0.0,0.0
2022-12-12 10:00:00+09:00,327.0,329.0,327.0,328.0,11900,0.0,0.0
2022-12-12 11:00:00+09:00,329.0,329.0,328.0,328.0,0,0.0,0.0
2022-12-12 12:00:00+09:00,328.0,329.0,327.0,327.0,71400,0.0,0.0
2022-12-12 13:00:00+09:00,327.0,328.0,327.0,327.0,1600,0.0,0.0
2022-12-12 14:00:00+09:00,328.0,328.0,326.0,327.0,29400,0.0,0.0
2022-12-13 09:00:00+09:00,331.0,331.0,329.0,329.0,40900,0.0,0.0
2022-12-13 10:00:00+09:00,330.0,331.0,329.0,330.0,13400,0.0,0.0
2022-12-13 11:00:00+09:00,329.0,330.0,329.0,330.0,0,0.0,0.0
2022-12-13 12:00:00+09:00,329.0,330.0,327.0,327.0,67300,0.0,0.0
2022-12-13 13:00:00+09:00,328.0,329.0,328.0,329.0,0,0.0,0.0
2022-12-13 14:00:00+09:00,329.0,330.0,328.0,329.0,120000,0.0,0.0
2022-12-14 09:00:00+09:00,329.0,330.0,327.0,330.0,27800,0.0,0.0
2022-12-14 10:00:00+09:00,330.0,330.0,329.0,329.0,7900,0.0,0.0
2022-12-14 11:00:00+09:00,329.0,330.0,328.0,330.0,0,0.0,0.0
2022-12-14 12:00:00+09:00,330.0,330.0,329.0,329.0,55000,0.0,0.0
2022-12-14 13:00:00+09:00,329.0,330.0,329.0,329.0,5000,0.0,0.0
2022-12-14 14:00:00+09:00,329.0,331.0,329.0,329.0,30900,0.0,0.0
2022-12-15 09:00:00+09:00,329.0,333.0,329.0,331.0,19300,0.0,0.0
2022-12-15 10:00:00+09:00,332.0,332.0,331.0,331.0,3100,0.0,0.0
2022-12-15 11:00:00+09:00,332.0,333.0,332.0,333.0,0,0.0,0.0
2022-12-15 12:00:00+09:00,333.0,333.0,332.0,332.0,36300,0.0,0.0
2022-12-15 13:00:00+09:00,332.0,333.0,332.0,332.0,11500,0.0,0.0
2022-12-15 14:00:00+09:00,332.0,333.0,331.0,332.0,31700,0.0,0.0
2022-12-16 09:00:00+09:00,333.0,337.0,333.0,337.0,77100,0.0,0.0
2022-12-16 10:00:00+09:00,337.0,338.0,336.0,338.0,32200,0.0,0.0
2022-12-16 11:00:00+09:00,338.0,339.0,337.0,337.0,0,0.0,0.0
2022-12-16 12:00:00+09:00,337.0,337.0,335.0,335.0,137500,0.0,0.0
2022-12-16 13:00:00+09:00,334.0,335.0,333.0,333.0,20700,0.0,0.0
2022-12-16 14:00:00+09:00,333.0,334.0,330.0,332.0,71800,0.0,0.0
2022-12-19 09:00:00+09:00,332.0,339.0,332.0,339.0,52500,0.0,0.0
2022-12-19 10:00:00+09:00,339.0,341.0,339.0,339.0,26000,0.0,0.0
2022-12-19 11:00:00+09:00,339.0,340.0,338.0,338.0,0,0.0,0.0
2022-12-19 12:00:00+09:00,340.0,340.0,338.0,338.0,96400,0.0,0.0
2022-12-19 13:00:00+09:00,338.0,339.0,337.0,339.0,25200,0.0,0.0
2022-12-19 14:00:00+09:00,338.0,339.0,337.0,339.0,39500,0.0,0.0
2022-12-20 09:00:00+09:00,340.0,344.0,338.0,342.0,103100,0.0,0.0
2022-12-20 10:00:00+09:00,342.0,342.0,341.0,342.0,14700,0.0,0.0
2022-12-20 11:00:00+09:00,342.0,342.0,342.0,342.0,0,0.0,0.0
2022-12-20 12:00:00+09:00,334.0,352.0,334.0,348.0,314800,0.0,0.0
2022-12-20 13:00:00+09:00,348.0,351.0,347.0,349.0,98000,0.0,0.0
2022-12-20 14:00:00+09:00,349.0,353.0,347.0,352.0,168400,0.0,0.0
2022-12-21 09:00:00+09:00,354.0,368.0,354.0,354.0,365500,0.0,0.0
2022-12-21 10:00:00+09:00,355.0,356.0,350.0,351.0,168900,0.0,0.0
2022-12-21 11:00:00+09:00,351.0,351.0,348.0,350.0,0,0.0,0.0
2022-12-21 12:00:00+09:00,349.0,350.0,347.0,349.0,588300,0.0,0.0
2022-12-21 13:00:00+09:00,348.0,349.0,347.0,347.0,50900,0.0,0.0
2022-12-21 14:00:00+09:00,347.0,349.0,347.0,348.0,81000,0.0,0.0
2022-12-22 09:00:00+09:00,352.0,352.0,346.0,351.0,90400,0.0,0.0
2022-12-22 10:00:00+09:00,351.0,352.0,350.0,352.0,83700,0.0,0.0
2022-12-22 11:00:00+09:00,352.0,353.0,352.0,352.0,0,0.0,0.0
2022-12-22 12:00:00+09:00,351.0,352.0,351.0,352.0,228400,0.0,0.0
2022-12-22 13:00:00+09:00,352.0,353.0,350.0,351.0,81700,0.0,0.0
2022-12-22 14:00:00+09:00,351.0,354.0,351.0,354.0,67300,0.0,0.0
2022-12-23 09:00:00+09:00,355.0,358.0,354.0,356.0,62800,0.0,0.0
2022-12-23 10:00:00+09:00,357.0,360.0,357.0,359.0,22300,0.0,0.0
2022-12-23 11:00:00+09:00,358.0,360.0,358.0,360.0,0,0.0,0.0
2022-12-23 12:00:00+09:00,360.0,360.0,358.0,359.0,107300,0.0,0.0
2022-12-23 13:00:00+09:00,359.0,362.0,359.0,362.0,49000,0.0,0.0
2022-12-23 14:00:00+09:00,362.0,363.0,361.0,362.0,20600,0.0,0.0
2022-12-26 09:00:00+09:00,363.0,365.0,359.0,360.0,50500,0.0,0.0
2022-12-26 10:00:00+09:00,360.0,361.0,359.0,359.0,20200,0.0,0.0
2022-12-26 11:00:00+09:00,360.0,361.0,360.0,361.0,0,0.0,0.0
2022-12-26 12:00:00+09:00,361.0,361.0,358.0,360.0,80400,0.0,0.0
2022-12-26 13:00:00+09:00,360.0,361.0,360.0,361.0,4100,0.0,0.0
2022-12-26 14:00:00+09:00,360.0,360.0,358.0,360.0,48700,0.0,0.0
2022-12-27 09:00:00+09:00,362.0,369.0,362.0,368.0,70200,0.0,0.0
2022-12-27 10:00:00+09:00,368.0,371.0,368.0,368.0,95300,0.0,0.0
2022-12-27 11:00:00+09:00,369.0,370.0,369.0,370.0,0,0.0,0.0
2022-12-27 12:00:00+09:00,369.0,372.0,369.0,372.0,188300,0.0,0.0
2022-12-27 13:00:00+09:00,372.0,372.0,371.0,371.0,32500,0.0,0.0
2022-12-27 14:00:00+09:00,372.0,374.0,371.0,372.0,51200,0.0,0.0
2022-12-28 09:00:00+09:00,375.0,376.0,372.0,372.0,52800,0.0,0.0
2022-12-28 10:00:00+09:00,371.0,373.0,368.0,372.0,42400,0.0,0.0
2022-12-28 11:00:00+09:00,371.0,374.0,371.0,374.0,0,0.0,0.0
2022-12-28 12:00:00+09:00,374.0,376.0,374.0,376.0,111800,0.0,0.0
2022-12-28 13:00:00+09:00,376.0,377.0,375.0,376.0,19000,0.0,0.0
2022-12-28 14:00:00+09:00,376.0,377.0,373.0,376.0,65200,0.0,0.0
2022-12-29 09:00:00+09:00,373.0,373.0,363.0,369.0,82400,0.0,0.0
2022-12-29 10:00:00+09:00,369.0,369.0,367.0,368.0,0,0.0,0.0
2022-12-29 11:00:00+09:00,368.0,368.0,367.0,368.0,0,0.0,0.0
2022-12-29 12:00:00+09:00,367.0,370.0,367.0,370.0,114800,0.0,0.0
2022-12-29 13:00:00+09:00,369.0,370.0,368.0,369.0,13400,0.0,0.0
2022-12-29 14:00:00+09:00,368.0,369.0,365.0,365.0,91700,0.0,0.0
2022-12-30 09:00:00+09:00,368.0,373.0,363.0,368.0,124600,0.0,0.0
2022-12-30 10:00:00+09:00,367.0,368.0,367.0,367.0,30600,0.0,0.0
2022-12-30 11:00:00+09:00,368.0,369.0,368.0,369.0,0,0.0,0.0
2022-12-30 12:00:00+09:00,371.0,371.0,369.0,369.0,170100,0.0,0.0
2022-12-30 13:00:00+09:00,369.0,372.0,369.0,371.0,32200,0.0,0.0
2022-12-30 14:00:00+09:00,370.0,371.0,368.0,370.0,73600,0.0,0.0
2023-01-04 09:00:00+09:00,374.0,374.0,362.0,364.0,0,0.0,0.0
2023-01-04 10:00:00+09:00,365.0,370.0,365.0,368.0,39100,0.0,0.0
2023-01-04 11:00:00+09:00,369.0,371.0,369.0,370.0,0,0.0,0.0
2023-01-04 12:00:00+09:00,370.0,372.0,368.0,372.0,236700,0.0,0.0
2023-01-04 13:00:00+09:00,372.0,374.0,372.0,373.0,28900,0.0,0.0
2023-01-04 14:00:00+09:00,373.0,376.0,373.0,375.0,135200,0.0,0.0
2023-01-05 09:00:00+09:00,371.0,371.0,365.0,369.0,167700,0.0,0.0
2023-01-05 10:00:00+09:00,369.0,374.0,368.0,374.0,42400,0.0,0.0
2023-01-05 11:00:00+09:00,374.0,376.0,373.0,376.0,0,0.0,0.0
2023-01-05 12:00:00+09:00,374.0,374.0,368.0,369.0,270100,0.0,0.0
2023-01-05 13:00:00+09:00,369.0,370.0,367.0,368.0,62500,0.0,0.0
2023-01-05 14:00:00+09:00,368.0,369.0,367.0,368.0,41300,0.0,0.0
2023-01-06 09:00:00+09:00,364.0,372.0,361.0,368.0,0,0.0,0.0
2023-01-06 10:00:00+09:00,368.0,368.0,364.0,364.0,120800,0.0,0.0
2023-01-06 11:00:00+09:00,364.0,365.0,363.0,365.0,0,0.0,0.0
2023-01-06 12:00:00+09:00,365.0,372.0,364.0,369.0,236800,0.0,0.0
2023-01-06 13:00:00+09:00,370.0,372.0,370.0,372.0,49200,0.0,0.0
2023-01-06 14:00:00+09:00,372.0,372.0,369.0,371.0,95600,0.0,0.0
2023-01-10 09:00:00+09:00,373.0,377.0,369.0,370.0,0,0.0,0.0
2023-01-10 10:00:00+09:00,370.0,373.0,370.0,372.0,22300,0.0,0.0
2023-01-10 11:00:00+09:00,371.0,371.0,371.0,371.0,0,0.0,0.0
2023-01-10 12:00:00+09:00,369.0,371.0,368.0,370.0,125900,0.0,0.0
2023-01-10 13:00:00+09:00,370.0,371.0,369.0,371.0,14700,0.0,0.0
2023-01-10 14:00:00+09:00,371.0,372.0,369.0,369.0,73800,0.0,0.0
2023-01-11 09:00:00+09:00,373.0,373.0,368.0,371.0,58300,0.0,0.0
2023-01-11 10:00:00+09:00,370.0,371.0,368.0,371.0,19600,0.0,0.0
2023-01-11 11:00:00+09:00,371.0,371.0,369.0,371.0,0,0.0,0.0
2023-01-11 12:00:00+09:00,372.0,374.0,370.0,373.0,129700,0.0,0.0
2023-01-11 13:00:00+09:00,374.0,375.0,373.0,374.0,44900,0.0,0.0
2023-01-11 14:00:00+09:00,375.0,376.0,373.0,374.0,74700,0.0,0.0
2023-01-12 09:00:00+09:00,375.0,385.0,374.0,385.0,120500,0.0,0.0
2023-01-12 10:00:00+09:00,385.0,387.0,384.0,385.0,36700,0.0,0.0
2023-01-12 11:00:00+09:00,385.0,388.0,385.0,388.0,0,0.0,0.0
2023-01-12 12:00:00+09:00,388.0,392.0,386.0,387.0,245800,0.0,0.0
2023-01-12 13:00:00+09:00,386.0,387.0,384.0,386.0,27600,0.0,0.0
2023-01-12 14:00:00+09:00,385.0,387.0,384.0,385.0,42300,0.0,0.0
2023-01-13 09:00:00+09:00,384.0,400.0,383.0,398.0,167000,0.0,0.0
2023-01-13 10:00:00+09:00,398.0,405.0,398.0,403.0,214500,0.0,0.0
2023-01-13 11:00:00+09:00,403.0,409.0,403.0,406.0,0,0.0,0.0
2023-01-13 12:00:00+09:00,404.0,409.0,401.0,407.0,581200,0.0,0.0
2023-01-13 13:00:00+09:00,407.0,410.0,407.0,407.0,157000,0.0,0.0
2023-01-13 14:00:00+09:00,407.0,408.0,403.0,405.0,191900,0.0,0.0
2023-01-16 09:00:00+09:00,401.0,406.0,388.0,394.0,0,0.0,0.0
2023-01-16 10:00:00+09:00,394.0,395.0,392.0,393.0,43100,0.0,0.0
2023-01-16 11:00:00+09:00,393.0,394.0,392.0,393.0,0,0.0,0.0
2023-01-16 12:00:00+09:00,392.0,392.0,388.0,390.0,252000,0.0,0.0
2023-01-16 13:00:00+09:00,390.0,391.0,388.0,388.0,46900,0.0,0.0
2023-01-16 14:00:00+09:00,388.0,388.0,385.0,387.0,81600,0.0,0.0
2023-01-17 09:00:00+09:00,387.0,389.0,379.0,380.0,86600,0.0,0.0
2023-01-17 10:00:00+09:00,381.0,384.0,379.0,380.0,30000,0.0,0.0
2023-01-17 11:00:00+09:00,380.0,382.0,380.0,381.0,0,0.0,0.0
2023-01-17 12:00:00+09:00,380.0,384.0,380.0,382.0,152900,0.0,0.0
2023-01-17 13:00:00+09:00,381.0,382.0,380.0,381.0,23600,0.0,0.0
2023-01-17 14:00:00+09:00,380.0,383.0,379.0,382.0,55600,0.0,0.0
2023-01-18 09:00:00+09:00,380.0,384.0,376.0,380.0,127200,0.0,0.0
2023-01-18 10:00:00+09:00,379.0,385.0,378.0,384.0,44200,0.0,0.0
2023-01-18 11:00:00+09:00,384.0,385.0,382.0,384.0,0,0.0,0.0
2023-01-18 12:00:00+09:00,384.0,385.0,372.0,380.0,266400,0.0,0.0
2023-01-18 13:00:00+09:00,380.0,384.0,380.0,384.0,59100,0.0,0.0
2023-01-18 14:00:00+09:00,384.0,386.0,381.0,385.0,124700,0.0,0.0
2023-01-19 09:00:00+09:00,384.0,392.0,384.0,385.0,91700,0.0,0.0
2023-01-19 10:00:00+09:00,385.0,385.0,380.0,382.0,52100,0.0,0.0
2023-01-19 11:00:00+09:00,382.0,383.0,380.0,380.0,0,0.0,0.0
2023-01-19 12:00:00+09:00,380.0,382.0,378.0,381.0,174400,0.0,0.0
2023-01-19 13:00:00+09:00,381.0,382.0,380.0,381.0,24300,0.0,0.0
2023-01-19 14:00:00+09:00,382.0,382.0,378.0,380.0,49200,0.0,0.0
2023-01-20 09:00:00+09:00,379.0,379.0,375.0,378.0,36800,0.0,0.0
2023-01-20 10:00:00+09:00,378.0,379.0,377.0,379.0,2900,0.0,0.0
2023-01-20 11:00:00+09:00,378.0,380.0,378.0,379.0,0,0.0,0.0
2023-01-20 12:00:00+09:00,378.0,380.0,377.0,380.0,65400,0.0,0.0
2023-01-20 13:00:00+09:00,380.0,382.0,380.0,381.0,27200,0.0,0.0
2023-01-20 14:00:00+09:00,381.0,383.0,381.0,383.0,47800,0.0,0.0
2023-01-23 09:00:00+09:00,386.0,387.0,382.0,387.0,68400,0.0,0.0
2023-01-23 10:00:00+09:00,385.0,390.0,383.0,384.0,47100,0.0,0.0
2023-01-23 11:00:00+09:00,384.0,384.0,382.0,382.0,0,0.0,0.0
2023-01-23 12:00:00+09:00,385.0,385.0,382.0,383.0,179600,0.0,0.0
2023-01-23 13:00:00+09:00,383.0,385.0,382.0,384.0,37100,0.0,0.0
2023-01-23 14:00:00+09:00,383.0,385.0,382.0,384.0,66100,0.0,0.0
2023-01-24 09:00:00+09:00,387.0,391.0,384.0,390.0,53300,0.0,0.0
2023-01-24 10:00:00+09:00,390.0,391.0,387.0,391.0,31400,0.0,0.0
2023-01-24 11:00:00+09:00,391.0,392.0,389.0,389.0,0,0.0,0.0
2023-01-24 12:00:00+09:00,389.0,390.0,388.0,388.0,123300,0.0,0.0
2023-01-24 13:00:00+09:00,388.0,391.0,388.0,391.0,80500,0.0,0.0
2023-01-24 14:00:00+09:00,390.0,393.0,390.0,392.0,51200,0.0,0.0
2023-01-25 09:00:00+09:00,390.0,392.0,386.0,387.0,30100,0.0,0.0
2023-01-25 10:00:00+09:00,386.0,386.0,383.0,385.0,26100,0.0,0.0
2023-01-25 11:00:00+09:00,385.0,386.0,385.0,385.0,0,0.0,0.0
2023-01-25 12:00:00+09:00,386.0,387.0,384.0,385.0,79100,0.0,0.0
2023-01-25 13:00:00+09:00,385.0,385.0,384.0,385.0,11300,0.0,0.0
2023-01-25 14:00:00+09:00,385.0,386.0,384.0,386.0,26000,0.0,0.0
2023-01-26 09:00:00+09:00,389.0,389.0,382.0,383.0,28200,0.0,0.0
2023-01-26 10:00:00+09:00,382.0,384.0,382.0,383.0,12600,0.0,0.0
2023-01-26 11:00:00+09:00,383.0,384.0,383.0,384.0,0,0.0,0.0
2023-01-26 12:00:00+09:00,385.0,385.0,383.0,385.0,53800,0.0,0.0
2023-01-26 13:00:00+09:00,385.0,385.0,384.0,384.0,7200,0.0,0.0
2023-01-26 14:00:00+09:00,384.0,387.0,384.0,385.0,31000,0.0,0.0
2023-01-27 09:00:00+09:00,385.0,387.0,381.0,382.0,35700,0.0,0.0
2023-01-27 10:00:00+09:00,382.0,383.0,380.0,383.0,14600,0.0,0.0
2023-01-27 11:00:00+09:00,383.0,387.0,383.0,387.0,0,0.0,0.0
2023-01-27 12:00:00+09:00,387.0,392.0,387.0,391.0,99600,0.0,0.0
2023-01-27 13:00:00+09:00,391.0,393.0,391.0,393.0,42900,0.0,0.0
2023-01-27 14:00:00+09:00,393.0,393.0,391.0,392.0,45900,0.0,0.0
2023-01-30 09:00:00+09:00,391.0,404.0,391.0,400.0,0,0.0,0.0
2023-01-30 10:00:00+09:00,400.0,403.0,400.0,403.0,106800,0.0,0.0
2023-01-30 11:00:00+09:00,403.0,403.0,402.0,402.0,0,0.0,0.0
2023-01-30 12:00:00+09:00,403.0,403.0,400.0,402.0,167000,0.0,0.0
2023-01-30 13:00:00+09:00,401.0,403.0,401.0,403.0,18500,0.0,0.0
2023-01-30 14:00:00+09:00,403.0,403.0,399.0,400.0,52600,0.0,0.0
2023-01-31 09:00:00+09:00,400.0,407.0,399.0,405.0,0,0.0,0.0
2023-01-31 10:00:00+09:00,405.0,405.0,403.0,403.0,84300,0.0,0.0
2023-01-31 11:00:00+09:00,404.0,405.0,402.0,403.0,0,0.0,0.0
2023-01-31 12:00:00+09:00,403.0,404.0,400.0,403.0,141100,0.0,0.0
2023-01-31 13:00:00+09:00,403.0,403.0,399.0,399.0,46400,0.0,0.0
2023-01-31 14:00:00+09:00,398.0,399.0,397.0,398.0,49200,0.0,0.0
2023-02-01 09:00:00+09:00,401.0,410.0,399.0,401.0,115200,0.0,0.0
2023-02-01 10:00:00+09:00,400.0,400.0,396.0,396.0,26500,0.0,0.0
2023-02-01 11:00:00+09:00,396.0,397.0,395.0,397.0,0,0.0,0.0
2023-02-01 12:00:00+09:00,396.0,396.0,393.0,393.0,164800,0.0,0.0
2023-02-01 13:00:00+09:00,394.0,394.0,392.0,394.0,19900,0.0,0.0
2023-02-01 14:00:00+09:00,394.0,395.0,393.0,394.0,32000,0.0,0.0
2023-02-02 09:00:00+09:00,395.0,397.0,391.0,393.0,103400,0.0,0.0
2023-02-02 10:00:00+09:00,393.0,394.0,392.0,394.0,11300,0.0,0.0
2023-02-02 11:00:00+09:00,394.0,395.0,392.0,395.0,0,0.0,0.0
2023-02-02 12:00:00+09:00,391.0,395.0,391.0,393.0,183800,0.0,0.0
2023-02-02 13:00:00+09:00,394.0,395.0,393.0,394.0,22400,0.0,0.0
2023-02-02 14:00:00+09:00,394.0,395.0,392.0,393.0,27200,0.0,0.0
2023-02-03 09:00:00+09:00,387.0,394.0,386.0,394.0,45900,0.0,0.0
2023-02-03 10:00:00+09:00,392.0,392.0,389.0,389.0,22300,0.0,0.0
2023-02-03 11:00:00+09:00,388.0,390.0,388.0,389.0,0,0.0,0.0
2023-02-03 12:00:00+09:00,388.0,390.0,388.0,389.0,110200,0.0,0.0
2023-02-03 13:00:00+09:00,388.0,388.0,387.0,388.0,38500,0.0,0.0
2023-02-03 14:00:00+09:00,388.0,388.0,387.0,388.0,42400,0.0,0.0
2023-02-06 09:00:00+09:00,390.0,392.0,387.0,387.0,45100,0.0,0.0
2023-02-06 10:00:00+09:00,386.0,386.0,380.0,381.0,40200,0.0,0.0
2023-02-06 11:00:00+09:00,380.0,382.0,380.0,381.0,0,0.0,0.0
2023-02-06 12:00:00+09:00,377.0,381.0,377.0,381.0,122900,0.0,0.0
2023-02-06 13:00:00+09:00,382.0,384.0,382.0,383.0,17200,0.0,0.0
2023-02-06 14:00:00+09:00,383.0,384.0,382.0,383.0,0,0.0,0.0
2023-02-07 09:00:00+09:00,385.0,388.0,383.0,386.0,37600,0.0,0.0
2023-02-07 10:00:00+09:00,386.0,387.0,384.0,386.0,13400,0.0,0.0
2023-02-07 11:00:00+09:00,387.0,387.0,385.0,386.0,0,0.0,0.0
2023-02-07 12:00:00+09:00,389.0,391.0,388.0,389.0,99100,0.0,0.0
2023-02-07 13:00:00+09:00,388.0,390.0,386.0,387.0,26000,0.0,0.0
2023-02-07 14:00:00+09:00,387.0,389.0,387.0,388.0,9700,0.0,0.0
2023-02-08 09:00:00+09:00,389.0,393.0,389.0,390.0,20800,0.0,0.0
2023-02-08 10:00:00+09:00,389.0,392.0,387.0,392.0,33000,0.0,0.0
2023-02-08 11:00:00+09:00,392.0,394.0,392.0,393.0,0,0.0,0.0
2023-02-08 12:00:00+09:00,395.0,397.0,394.0,396.0,101500,0.0,0.0
2023-02-08 13:00:00+09:00,396.0,397.0,396.0,396.0,23700,0.0,0.0
2023-02-08 14:00:00+09:00,396.0,396.0,394.0,395.0,26100,0.0,0.0
2023-02-09 09:00:00+09:00,392.0,395.0,391.0,394.0,0,0.0,0.0
2023-02-09 10:00:00+09:00,393.0,396.0,390.0,390.0,53800,0.0,0.0
2023-02-09 11:00:00+09:00,391.0,391.0,389.0,390.0,0,0.0,0.0
2023-02-09 12:00:00+09:00,392.0,393.0,391.0,392.0,74700,0.0,0.0
2023-02-09 13:00:00+09:00,392.0,392.0,392.0,392.0,4100,0.0,0.0
2023-02-09 14:00:00+09:00,392.0,393.0,391.0,392.0,26400,0.0,0.0
2023-02-10 09:00:00+09:00,385.0,401.0,385.0,401.0,96500,0.0,0.0
2023-02-10 10:00:00+09:00,399.0,401.0,398.0,399.0,20700,0.0,0.0
2023-02-10 11:00:00+09:00,398.0,398.0,397.0,397.0,0,0.0,0.0
2023-02-10 12:00:00+09:00,393.0,398.0,393.0,397.0,137600,0.0,0.0
2023-02-10 13:00:00+09:00,398.0,398.0,395.0,398.0,13300,0.0,0.0
2023-02-10 14:00:00+09:00,397.0,398.0,385.0,397.0,55600,0.0,0.0
2023-02-13 09:00:00+09:00,389.0,403.0,389.0,401.0,65900,0.0,0.0
2023-02-13 10:00:00+09:00,401.0,401.0,398.0,398.0,24300,0.0,0.0
2023-02-13 11:00:00+09:00,399.0,399.0,399.0,399.0,0,0.0,0.0
2023-02-13 12:00:00+09:00,397.0,399.0,396.0,396.0,103300,0.0,0.0
2023-02-13 13:00:00+09:00,396.0,397.0,393.0,393.0,24200,0.0,0.0
2023-02-13 14:00:00+09:00,393.0,395.0,393.0,393.0,14900,0.0,0.0
2023-02-14 09:00:00+09:00,398.0,398.0,389.0,392.0,63300,0.0,0.0
2023-02-14 10:00:00+09:00,392.0,392.0,390.0,392.0,17700,0.0,0.0
2023-02-14 11:00:00+09:00,392.0,393.0,392.0,393.0,0,0.0,0.0
2023-02-14 12:00:00+09:00,394.0,394.0,392.0,393.0,94500,0.0,0.0
2023-02-14 13:00:00+09:00,393.0,393.0,393.0,393.0,2400,0.0,0.0
2023-02-14 14:00:00+09:00,393.0,396.0,393.0,396.0,22700,0.0,0.0
2023-02-15 09:00:00+09:00,394.0,397.0,390.0,391.0,66800,0.0,0.0
2023-02-15 10:00:00+09:00,391.0,392.0,390.0,391.0,34500,0.0,0.0
2023-02-15 11:00:00+09:00,392.0,395.0,392.0,395.0,0,0.0,0.0
2023-02-15 12:00:00+09:00,395.0,395.0,392.0,393.0,119200,0.0,0.0
2023-02-15 13:00:00+09:00,393.0,394.0,393.0,394.0,11900,0.0,0.0
2023-02-15 14:00:00+09:00,393.0,394.0,391.0,394.0,36900,0.0,0.0
2023-02-16 09:00:00+09:00,394.0,395.0,390.0,391.0,70600,0.0,0.0
2023-02-16 10:00:00+09:00,391.0,392.0,389.0,392.0,31000,0.0,0.0
2023-02-16 11:00:00+09:00,392.0,393.0,391.0,393.0,0,0.0,0.0
2023-02-16 12:00:00+09:00,393.0,394.0,390.0,390.0,147500,0.0,0.0
2023-02-16 13:00:00+09:00,391.0,391.0,390.0,391.0,18800,0.0,0.0
2023-02-16 14:00:00+09:00,390.0,390.0,387.0,388.0,49800,0.0,0.0
2023-02-17 09:00:00+09:00,385.0,387.0,383.0,387.0,78600,0.0,0.0
2023-02-17 10:00:00+09:00,386.0,389.0,386.0,387.0,15100,0.0,0.0
2023-02-17 11:00:00+09:00,387.0,387.0,385.0,385.0,0,0.0,0.0
2023-02-17 12:00:00+09:00,383.0,386.0,383.0,385.0,124200,0.0,0.0
2023-02-17 13:00:00+09:00,385.0,385.0,383.0,383.0,22100,0.0,0.0
2023-02-17 14:00:00+09:00,383.0,384.0,382.0,384.0,58400,0.0,0.0
2023-02-20 09:00:00+09:00,386.0,390.0,385.0,389.0,62000,0.0,0.0
2023-02-20 10:00:00+09:00,389.0,390.0,389.0,389.0,7300,0.0,0.0
2023-02-20 11:00:00+09:00,390.0,391.0,390.0,391.0,0,0.0,0.0
2023-02-20 12:00:00+09:00,391.0,392.0,390.0,392.0,90300,0.0,0.0
2023-02-20 13:00:00+09:00,391.0,392.0,391.0,391.0,9200,0.0,0.0
2023-02-20 14:00:00+09:00,391.0,394.0,390.0,391.0,60500,0.0,0.0
2023-02-21 09:00:00+09:00,389.0,396.0,389.0,392.0,81900,0.0,0.0
2023-02-21 10:00:00+09:00,394.0,394.0,393.0,393.0,14000,0.0,0.0
2023-02-21 11:00:00+09:00,392.0,393.0,391.0,391.0,0,0.0,0.0
2023-02-21 12:00:00+09:00,392.0,396.0,392.0,395.0,121500,0.0,0.0
2023-02-21 13:00:00+09:00,394.0,396.0,393.0,395.0,16400,0.0,0.0
2023-02-21 14:00:00+09:00,395.0,396.0,394.0,395.0,16000,0.0,0.0
2023-02-22 09:00:00+09:00,395.0,397.0,391.0,394.0,80000,0.0,0.0
2023-02-22 10:00:00+09:00,393.0,394.0,391.0,392.0,52900,0.0,0.0
2023-02-22 11:00:00+09:00,391.0,392.0,391.0,391.0,0,0.0,0.0
2023-02-22 12:00:00+09:00,394.0,395.0,393.0,394.0,180400,0.0,0.0
2023-02-22 13:00:00+09:00,394.0,395.0,393.0,394.0,18500,0.0,0.0
2023-02-22 14:00:00+09:00,395.0,395.0,393.0,394.0,22300,0.0,0.0
2023-02-24 09:00:00+09:00,398.0,406.0,398.0,400.0,83900,0.0,0.0
2023-02-24 10:00:00+09:00,400.0,403.0,400.0,401.0,45000,0.0,0.0
2023-02-24 11:00:00+09:00,401.0,401.0,399.0,401.0,0,0.0,0.0
2023-02-24 12:00:00+09:00,403.0,403.0,396.0,396.0,187500,0.0,0.0
2023-02-24 13:00:00+09:00,395.0,397.0,393.0,397.0,37500,0.0,0.0
2023-02-24 14:00:00+09:00,396.0,399.0,395.0,397.0,36800,0.0,0.0
2023-02-27 09:00:00+09:00,397.0,402.0,397.0,401.0,68100,0.0,0.0
2023-02-27 10:00:00+09:00,401.0,401.0,400.0,401.0,2300,0.0,0.0
2023-02-27 11:00:00+09:00,401.0,401.0,400.0,400.0,0,0.0,0.0
2023-02-27 12:00:00+09:00,402.0,404.0,401.0,403.0,104200,0.0,0.0
2023-02-27 13:00:00+09:00,404.0,405.0,403.0,404.0,13800,0.0,0.0
2023-02-27 14:00:00+09:00,404.0,405.0,402.0,403.0,30500,0.0,0.0
2023-02-28 09:00:00+09:00,404.0,405.0,396.0,397.0,108400,0.0,0.0
2023-02-28 10:00:00+09:00,397.0,399.0,396.0,398.0,35500,0.0,0.0
2023-02-28 11:00:00+09:00,398.0,399.0,396.0,398.0,0,0.0,0.0
2023-02-28 12:00:00+09:00,398.0,398.0,395.0,396.0,220700,0.0,0.0
2023-02-28 13:00:00+09:00,396.0,397.0,395.0,396.0,41400,0.0,0.0
2023-02-28 14:00:00+09:00,396.0,397.0,393.0,394.0,97800,0.0,0.0
2023-03-01 09:00:00+09:00,396.0,412.0,396.0,410.0,251900,0.0,0.0
2023-03-01 10:00:00+09:00,409.0,412.0,409.0,410.0,53600,0.0,0.0
2023-03-01 11:00:00+09:00,410.0,410.0,407.0,408.0,0,0.0,0.0
2023-03-01 12:00:00+09:00,409.0,410.0,408.0,408.0,355700,0.0,0.0
2023-03-01 13:00:00+09:00,407.0,410.0,406.0,410.0,46000,0.0,0.0
2023-03-01 14:00:00+09:00,410.0,411.0,408.0,410.0,93700,0.0,0.0
2023-03-02 09:00:00+09:00,413.0,414.0,402.0,402.0,170800,0.0,0.0
2023-03-02 10:00:00+09:00,402.0,402.0,399.0,401.0,43000,0.0,0.0
2023-03-02 11:00:00+09:00,401.0,402.0,401.0,402.0,0,0.0,0.0
2023-03-02 12:00:00+09:00,402.0,402.0,399.0,400.0,259600,0.0,0.0
2023-03-02 13:00:00+09:00,399.0,400.0,397.0,399.0,25100,0.0,0.0
2023-03-02 14:00:00+09:00,399.0,400.0,398.0,399.0,25100,0.0,0.0
2023-03-03 09:00:00+09:00,402.0,402.0,398.0,402.0,135200,0.0,0.0
2023-03-03 10:00:00+09:00,403.0,404.0,399.0,401.0,112500,0.0,0.0
2023-03-03 11:00:00+09:00,401.0,402.0,400.0,401.0,0,0.0,0.0
2023-03-03 12:00:00+09:00,400.0,401.0,399.0,400.0,320000,0.0,0.0
2023-03-03 13:00:00+09:00,401.0,401.0,400.0,401.0,20400,0.0,0.0
2023-03-03 14:00:00+09:00,400.0,402.0,400.0,401.0,52500,0.0,0.0
2023-03-06 09:00:00+09:00,403.0,404.0,397.0,399.0,0,0.0,0.0
2023-03-06 10:00:00+09:00,398.0,399.0,397.0,398.0,18700,0.0,0.0
2023-03-06 11:00:00+09:00,397.0,397.0,395.0,395.0,0,0.0,0.0
2023-03-06 12:00:00+09:00,395.0,396.0,392.0,394.0,169500,0.0,0.0
2023-03-06 13:00:00+09:00,394.0,395.0,392.0,394.0,35200,0.0,0.0
2023-03-06 14:00:00+09:00,393.0,396.0,392.0,395.0,95300,0.0,0.0
2023-03-07 09:00:00+09:00,396.0,399.0,394.0,398.0,37200,0.0,0.0
2023-03-07 10:00:00+09:00,398.0,398.0,396.0,397.0,18400,0.0,0.0
2023-03-07 11:00:00+09:00,397.0,397.0,392.0,395.0,0,0.0,0.0
2023-03-07 12:00:00+09:00,396.0,396.0,394.0,396.0,100700,0.0,0.0
2023-03-07 13:00:00+09:00,396.0,398.0,396.0,397.0,34400,0.0,0.0
2023-03-07 14:00:00+09:00,398.0,399.0,397.0,398.0,28600,0.0,0.0
2023-03-08 09:00:00+09:00,398.0,402.0,396.0,396.0,115900,0.0,0.0
2023-03-08 10:00:00+09:00,396.0,398.0,395.0,398.0,0,0.0,0.0
2023-03-08 11:00:00+09:00,398.0,400.0,398.0,400.0,0,0.0,0.0
2023-03-08 12:00:00+09:00,400.0,402.0,400.0,401.0,200000,0.0,0.0
2023-03-08 13:00:00+09:00,401.0,401.0,400.0,400.0,22600,0.0,0.0
2023-03-08 14:00:00+09:00,400.0,404.0,400.0,404.0,57200,0.0,0.0
2023-03-09 09:00:00+09:00,406.0,414.0,405.0,414.0,139300,0.0,0.0
2023-03-09 10:00:00+09:00,414.0,416.0,413.0,414.0,124000,0.0,0.0
2023-03-09 11:00:00+09:00,414.0,416.0,413.0,416.0,0,0.0,0.0
2023-03-09 12:00:00+09:00,416.0,416.0,413.0,413.0,296900,0.0,0.0
2023-03-09 13:00:00+09:00,413.0,413.0,410.0,411.0,26800,0.0,0.0
2023-03-09 14:00:00+09:00,412.0,415.0,412.0,414.0,48100,0.0,0.0
2023-03-10 09:00:00+09:00,408.0,411.0,400.0,401.0,348400,0.0,0.0
2023-03-10 10:00:00+09:00,400.0,401.0,399.0,401.0,30800,0.0,0.0
2023-03-10 11:00:00+09:00,401.0,402.0,401.0,402.0,0,0.0,0.0
2023-03-10 12:00:00+09:00,400.0,402.0,394.0,394.0,477500,0.0,0.0
2023-03-10 13:00:00+09:00,394.0,397.0,393.0,395.0,0,0.0,0.0
2023-03-10 14:00:00+09:00,395.0,395.0,391.0,393.0,631600,0.0,0.0
2023-03-13 09:00:00+09:00,388.0,388.0,369.0,372.0,246500,0.0,0.0
2023-03-13 10:00:00+09:00,371.0,373.0,366.0,368.0,69200,0.0,0.0
2023-03-13 11:00:00+09:00,368.0,369.0,367.0,367.0,0,0.0,0.0
2023-03-13 12:00:00+09:00,367.0,372.0,367.0,370.0,399500,0.0,0.0
2023-03-13 13:00:00+09:00,369.0,370.0,367.0,368.0,62800,0.0,0.0
2023-03-13 14:00:00+09:00,368.0,374.0,368.0,373.0,101800,0.0,0.0
2023-03-14 09:00:00+09:00,356.0,358.0,344.0,345.0,256700,0.0,0.0
2023-03-14 10:00:00+09:00,345.0,348.0,344.0,346.0,113400,0.0,0.0
2023-03-14 11:00:00+09:00,346.0,351.0,344.0,349.0,0,0.0,0.0
2023-03-14 12:00:00+09:00,346.0,349.0,344.0,349.0,627900,0.0,0.0
2023-03-14 13:00:00+09:00,349.0,352.0,347.0,349.0,130200,0.0,0.0
2023-03-14 14:00:00+09:00,349.0,349.0,346.0,348.0,115200,0.0,0.0
2023-03-15 09:00:00+09:00,357.0,364.0,353.0,358.0,193300,0.0,0.0
2023-03-15 10:00:00+09:00,358.0,362.0,358.0,360.0,71600,0.0,0.0
2023-03-15 11:00:00+09:00,361.0,363.0,360.0,362.0,0,0.0,0.0
2023-03-15 12:00:00+09:00,363.0,363.0,360.0,361.0,324800,0.0,0.0
2023-03-15 13:00:00+09:00,361.0,363.0,360.0,363.0,34100,0.0,0.0
2023-03-15 14:00:00+09:00,363.0,363.0,359.0,361.0,100300,0.0,0.0
2023-03-16 09:00:00+09:00,346.0,347.0,340.0,347.0,252500,0.0,0.0
2023-03-16 10:00:00+09:00,346.0,349.0,344.0,347.0,95800,0.0,0.0
2023-03-16 11:00:00+09:00,347.0,348.0,346.0,347.0,0,0.0,0.0
2023-03-16 12:00:00+09:00,345.0,346.0,345.0,346.0,402900,0.0,0.0
2023-03-16 13:00:00+09:00,345.0,346.0,344.0,346.0,70700,0.0,0.0
2023-03-16 14:00:00+09:00,345.0,349.0,345.0,347.0,90800,0.0,0.0
2023-03-17 09:00:00+09:00,354.0,356.0,345.0,346.0,133600,0.0,0.0
2023-03-17 10:00:00+09:00,345.0,348.0,345.0,347.0,58800,0.0,0.0
2023-03-17 11:00:00+09:00,347.0,350.0,344.0,346.0,0,0.0,0.0
2023-03-17 12:00:00+09:00,347.0,348.0,346.0,347.0,292000,0.0,0.0
2023-03-17 13:00:00+09:00,346.0,350.0,346.0,348.0,0,0.0,0.0
2023-03-17 14:00:00+09:00,348.0,352.0,347.0,350.0,455700,0.0,0.0
2023-03-20 09:00:00+09:00,341.0,348.0,340.0,347.0,157700,0.0,0.0
2023-03-20 10:00:00+09:00,347.0,348.0,345.0,345.0,74000,0.0,0.0
2023-03-20 11:00:00+09:00,345.0,345.0,342.0,343.0,0,0.0,0.0
2023-03-20 12:00:00+09:00,343.0,343.0,342.0,342.0,314800,0.0,0.0
2023-03-20 13:00:00+09:00,342.0,343.0,342.0,343.0,38100,0.0,0.0
2023-03-20 14:00:00+09:00,343.0,343.0,341.0,343.0,80200,0.0,0.0
2023-03-22 09:00:00+09:00,357.0,358.0,352.0,358.0,0,0.0,0.0
2023-03-22 10:00:00+09:00,358.0,358.0,351.0,353.0,128500,0.0,0.0
2023-03-22 11:00:00+09:00,353.0,353.0,350.0,352.0,0,0.0,0.0
2023-03-22 12:00:00+09:00,352.0,352.0,350.0,351.0,518800,0.0,0.0
2023-03-22 13:00:00+09:00,350.0,352.0,350.0,351.0,52000,0.0,0.0
2023-03-22 14:00:00+09:00,351.0,352.0,349.0,351.0,60500,0.0,0.0
2023-03-23 09:00:00+09:00,344.0,345.0,339.0,340.0,141500,0.0,0.0
2023-03-23 10:00:00+09:00,341.0,342.0,341.0,341.0,33300,0.0,0.0
2023-03-23 11:00:00+09:00,342.0,343.0,341.0,341.0,0,0.0,0.0
2023-03-23 12:00:00+09:00,344.0,345.0,341.0,343.0,241000,0.0,0.0
2023-03-23 13:00:00+09:00,342.0,344.0,341.0,342.0,49800,0.0,0.0
2023-03-23 14:00:00+09:00,342.0,345.0,342.0,345.0,48100,0.0,0.0
2023-03-24 09:00:00+09:00,341.0,341.0,337.0,339.0,77600,0.0,0.0
2023-03-24 10:00:00+09:00,340.0,342.0,339.0,341.0,28300,0.0,0.0
2023-03-24 11:00:00+09:00,342.0,345.0,341.0,342.0,0,0.0,0.0
2023-03-24 12:00:00+09:00,341.0,345.0,341.0,344.0,317700,0.0,0.0
2023-03-24 13:00:00+09:00,343.0,345.0,343.0,344.0,11900,0.0,0.0
2023-03-24 14:00:00+09:00,344.0,346.0,343.0,346.0,35500,0.0,0.0
2023-03-27 09:00:00+09:00,344.0,345.0,341.0,344.0,62300,0.0,0.0
2023-03-27 10:00:00+09:00,344.0,346.0,344.0,346.0,42600,0.0,0.0
2023-03-27 11:00:00+09:00,346.0,347.0,346.0,346.0,0,0.0,0.0
2023-03-27 12:00:00+09:00,346.0,348.0,346.0,347.0,157400,0.0,0.0
2023-03-27 13:00:00+09:00,347.0,348.0,346.0,347.0,25200,0.0,0.0
2023-03-27 14:00:00+09:00,347.0,348.0,346.0,347.0,32100,0.0,0.0
2023-03-28 09:00:00+09:00,351.0,352.0,349.0,350.0,90900,0.0,0.0
2023-03-28 10:00:00+09:00,351.0,354.0,351.0,352.0,71800,0.0,0.0
2023-03-28 11:00:00+09:00,353.0,353.0,351.0,351.0,0,0.0,0.0
2023-03-28 12:00:00+09:00,350.0,351.0,348.0,348.0,240300,0.0,0.0
2023-03-28 13:00:00+09:00,348.0,350.0,348.0,349.0,16900,0.0,0.0
2023-03-28 14:00:00+09:00,349.0,350.0,349.0,350.0,70500,0.0,0.0
2023-03-29 09:00:00+09:00,352.0,358.0,352.0,357.0,125000,0.0,0.0
2023-03-29 10:00:00+09:00,357.0,357.0,354.0,354.0,62500,0.0,0.0
2023-03-29 11:00:00+09:00,354.0,355.0,353.0,354.0,0,0.0,0.0
2023-03-29 12:00:00+09:00,356.0,356.0,353.0,353.0,247700,0.0,0.0
2023-03-29 13:00:00+09:00,354.0,354.0,352.0,353.0,28100,0.0,0.0
2023-03-29 14:00:00+09:00,353.0,357.0,353.0,353.0,139600,0.0,0.0
2023-03-30 09:00:00+09:00,352.0,353.0,345.0,346.0,91900,0.0,0.0
2023-03-30 10:00:00+09:00,347.0,348.0,346.0,347.0,39400,0.0,0.0
2023-03-30 11:00:00+09:00,347.0,349.0,347.0,349.0,0,0.0,0.0
2023-03-30 12:00:00+09:00,349.0,350.0,347.0,350.0,150900,0.0,0.0
2023-03-30 13:00:00+09:00,350.0,351.0,348.0,348.0,31600,0.0,0.0
2023-03-30 14:00:00+09:00,349.0,351.0,348.0,351.0,66400,0.0,0.0
2023-03-31 09:00:00+09:00,354.0,358.0,349.0,350.0,0,0.0,0.0
2023-03-31 10:00:00+09:00,350.0,351.0,349.0,350.0,181100,0.0,0.0
2023-03-31 11:00:00+09:00,349.0,351.0,349.0,351.0,0,0.0,0.0
2023-03-31 12:00:00+09:00,351.0,353.0,351.0,353.0,250800,0.0,0.0
2023-03-31 13:00:00+09:00,353.0,354.0,352.0,354.0,19800,0.0,0.0
2023-03-31 14:00:00+09:00,353.0,354.0,352.0,353.0,94600,0.0,0.0
2023-04-03 09:00:00+09:00,359.0,367.0,357.0,363.0,126800,0.0,0.0
2023-04-03 10:00:00+09:00,363.0,364.0,360.0,362.0,161400,0.0,0.0
2023-04-03 11:00:00+09:00,362.0,362.0,360.0,361.0,0,0.0,0.0
2023-04-03 12:00:00+09:00,362.0,363.0,361.0,361.0,347400,0.0,0.0
2023-04-03 13:00:00+09:00,362.0,363.0,361.0,363.0,73100,0.0,0.0
2023-04-03 14:00:00+09:00,363.0,366.0,361.0,366.0,119600,0.0,0.0
2023-04-04 09:00:00+09:00,363.0,364.0,359.0,363.0,246100,0.0,0.0
2023-04-04 10:00:00+09:00,363.0,365.0,363.0,364.0,115100,0.0,0.0
2023-04-04 11:00:00+09:00,364.0,364.0,363.0,364.0,0,0.0,0.0
2023-04-04 12:00:00+09:00,366.0,366.0,363.0,363.0,402300,0.0,0.0
2023-04-04 13:00:00+09:00,363.0,365.0,363.0,363.0,31500,0.0,0.0
2023-04-04 14:00:00+09:00,363.0,366.0,362.0,366.0,56800,0.0,0.0
2023-04-05 09:00:00+09:00,359.0,360.0,353.0,353.0,140300,0.0,0.0
2023-04-05 10:00:00+09:00,354.0,354.0,352.0,353.0,57900,0.0,0.0
2023-04-05 11:00:00+09:00,354.0,355.0,354.0,355.0,0,0.0,0.0
2023-04-05 12:00:00+09:00,355.0,357.0,355.0,355.0,250300,0.0,0.0
2023-04-05 13:00:00+09:00,355.0,356.0,354.0,354.0,44700,0.0,0.0
2023-04-05 14:00:00+09:00,353.0,355.0,353.0,355.0,32500,0.0,0.0
2023-04-06 09:00:00+09:00,348.0,351.0,345.0,351.0,101400,0.0,0.0
2023-04-06 10:00:00+09:00,350.0,351.0,349.0,350.0,25300,0.0,0.0
2023-04-06 11:00:00+09:00,350.0,350.0,349.0,349.0,0,0.0,0.0
2023-04-06 12:00:00+09:00,349.0,349.0,347.0,348.0,171700,0.0,0.0
2023-04-06 13:00:00+09:00,347.0,349.0,347.0,349.0,19900,0.0,0.0
2023-04-06 14:00:00+09:00,348.0,349.0,347.0,348.0,70600,0.0,0.0
2023-04-07 09:00:00+09:00,347.0,353.0,347.0,352.0,61100,0.0,0.0
2023-04-07 10:00:00+09:00,352.0,353.0,351.0,352.0,37600,0.0,0.0
2023-04-07 11:00:00+09:00,352.0,352.0,351.0,352.0,0,0.0,0.0
2023-04-07 12:00:00+09:00,352.0,352.0,351.0,351.0,112400,0.0,0.0
2023-04-07 13:00:00+09:00,352.0,352.0,351.0,351.0,2000,0.0,0.0
2023-04-07 14:00:00+09:00,351.0,353.0,351.0,352.0,45200,0.0,0.0
2023-04-10 09:00:00+09:00,353.0,355.0,351.0,353.0,0,0.0,0.0
2023-04-10 10:00:00+09:00,353.0,354.0,352.0,352.0,20400,0.0,0.0
2023-04-10 11:00:00+09:00,352.0,354.0,352.0,354.0,0,0.0,0.0
2023-04-10 12:00:00+09:00,352.0,353.0,352.0,352.0,132700,0.0,0.0
2023-04-10 13:00:00+09:00,352.0,352.0,351.0,351.0,11800,0.0,0.0
2023-04-10 14:00:00+09:00,351.0,352.0,350.0,352.0,21600,0.0,0.0
2023-04-11 09:00:00+09:00,355.0,355.0,349.0,350.0,0,0.0,0.0
2023-04-11 10:00:00+09:00,350.0,353.0,350.0,353.0,87800,0.0,0.0
2023-04-11 11:00:00+09:00,353.0,354.0,353.0,353.0,0,0.0,0.0
2023-04-11 12:00:00+09:00,354.0,354.0,353.0,354.0,115500,0.0,0.0
2023-04-11 13:00:00+09:00,354.0,354.0,352.0,354.0,29400,0.0,0.0
2023-04-11 14:00:00+09:00,353.0,357.0,353.0,355.0,143400,0.0,0.0
2023-04-12 09:00:00+09:00,359.0,359.0,354.0,356.0,55800,0.0,0.0
2023-04-12 10:00:00+09:00,355.0,358.0,355.0,357.0,33800,0.0,0.0
2023-04-12 11:00:00+09:00,356.0,359.0,356.0,359.0,0,0.0,0.0
2023-04-12 12:00:00+09:00,359.0,359.0,358.0,359.0,112000,0.0,0.0
2023-04-12 13:00:00+09:00,359.0,359.0,357.0,357.0,22200,0.0,0.0
2023-04-12 14:00:00+09:00,358.0,358.0,356.0,357.0,39300,0.0,0.0
2023-04-13 09:00:00+09:00,354.0,356.0,353.0,353.0,65800,0.0,0.0
2023-04-13 10:00:00+09:00,353.0,353.0,352.0,353.0,48600,0.0,0.0
2023-04-13 11:00:00+09:00,354.0,355.0,353.0,353.0,0,0.0,0.0
2023-04-13 12:00:00+09:00,354.0,355.0,353.0,355.0,155500,0.0,0.0
2023-04-13 13:00:00+09:00,355.0,355.0,354.0,355.0,23900,0.0,0.0
2023-04-13 14:00:00+09:00,354.0,356.0,354.0,354.0,69200,0.0,0.0
2023-04-14 09:00:00+09:00,358.0,358.0,354.0,357.0,176600,0.0,0.0
2023-04-14 10:00:00+09:00,356.0,357.0,356.0,357.0,49300,0.0,0.0
2023-04-14 11:00:00+09:00,358.0,358.0,356.0,357.0,0,0.0,0.0
2023-04-14 12:00:00+09:00,358.0,358.0,357.0,357.0,246600,0.0,0.0
2023-04-14 13:00:00+09:00,356.0,357.0,356.0,356.0,9200,0.0,0.0
2023-04-14 14:00:00+09:00,357.0,358.0,356.0,356.0,33300,0.0,0.0
2023-04-17 09:00:00+09:00,358.0,362.0,357.0,358.0,50900,0.0,0.0
2023-04-17 10:00:00+09:00,358.0,359.0,357.0,359.0,11100,0.0,0.0
2023-04-17 11:00:00+09:00,359.0,360.0,359.0,359.0,0,0.0,0.0
2023-04-17 12:00:00+09:00,360.0,360.0,358.0,358.0,104900,0.0,0.0
2023-04-17 13:00:00+09:00,358.0,359.0,358.0,359.0,17200,0.0,0.0
2023-04-17 14:00:00+09:00,359.0,360.0,359.0,360.0,40500,0.0,0.0
2023-04-18 09:00:00+09:00,363.0,371.0,363.0,368.0,163400,0.0,0.0
2023-04-18 10:00:00+09:00,368.0,369.0,367.0,367.0,44800,0.0,0.0
2023-04-18 11:00:00+09:00,367.0,368.0,366.0,367.0,0,0.0,0.0
2023-04-18 12:00:00+09:00,368.0,368.0,366.0,366.0,245500,0.0,0.0
2023-04-18 13:00:00+09:00,366.0,366.0,365.0,365.0,10300,0.0,0.0
2023-04-18 14:00:00+09:00,364.0,366.0,364.0,365.0,25700,0.0,0.0
2023-04-19 09:00:00+09:00,366.0,366.0,361.0,362.0,65900,0.0,0.0
2023-04-19 10:00:00+09:00,362.0,364.0,362.0,363.0,19700,0.0,0.0
2023-04-19 11:00:00+09:00,364.0,367.0,363.0,365.0,0,0.0,0.0
2023-04-19 12:00:00+09:00,365.0,367.0,365.0,367.0,144500,0.0,0.0
2023-04-19 13:00:00+09:00,366.0,366.0,365.0,365.0,24300,0.0,0.0
2023-04-19 14:00:00+09:00,365.0,367.0,365.0,367.0,16400,0.0,0.0
2023-04-20 09:00:00+09:00,366.0,371.0,365.0,371.0,63200,0.0,0.0
2023-04-20 10:00:00+09:00,371.0,374.0,371.0,374.0,56800,0.0,0.0
2023-04-20 11:00:00+09:00,374.0,374.0,372.0,372.0,0,0.0,0.0
2023-04-20 12:00:00+09:00,372.0,372.0,370.0,371.0,168000,0.0,0.0
2023-04-20 13:00:00+09:00,370.0,372.0,370.0,370.0,9600,0.0,0.0
2023-04-20 14:00:00+09:00,370.0,372.0,370.0,371.0,88800,0.0,0.0
2023-04-21 09:00:00+09:00,370.0,371.0,365.0,370.0,95200,0.0,0.0
2023-04-21 10:00:00+09:00,369.0,369.0,367.0,367.0,25800,0.0,0.0
2023-04-21 11:00:00+09:00,367.0,367.0,366.0,367.0,0,0.0,0.0
2023-04-21 12:00:00+09:00,366.0,367.0,365.0,365.0,172200,0.0,0.0
2023-04-21 13:00:00+09:00,365.0,365.0,364.0,365.0,30700,0.0,0.0
2023-04-21 14:00:00+09:00,365.0,366.0,364.0,365.0,20300,0.0,0.0
2023-04-24 09:00:00+09:00,365.0,365.0,361.0,364.0,71500,0.0,0.0
2023-04-24 10:00:00+09:00,364.0,364.0,362.0,364.0,54700,0.0,0.0
2023-04-24 11:00:00+09:00,363.0,366.0,363.0,366.0,0,0.0,0.0
2023-04-24 12:00:00+09:00,367.0,367.0,363.0,365.0,177300,0.0,0.0
2023-04-24 13:00:00+09:00,364.0,364.0,363.0,363.0,28000,0.0,0.0
2023-04-24 14:00:00+09:00,363.0,364.0,362.0,363.0,28500,0.0,0.0
2023-04-25 09:00:00+09:00,366.0,368.0,365.0,366.0,52100,0.0,0.0
2023-04-25 10:00:00+09:00,367.0,368.0,366.0,367.0,32300,0.0,0.0
2023-04-25 11:00:00+09:00,368.0,368.0,365.0,365.0,0,0.0,0.0
2023-04-25 12:00:00+09:00,367.0,368.0,365.0,367.0,118200,0.0,0.0
2023-04-25 13:00:00+09:00,366.0,367.0,365.0,366.0,12700,0.0,0.0
2023-04-25 14:00:00+09:00,366.0,367.0,365.0,365.0,15800,0.0,0.0
2023-04-26 09:00:00+09:00,360.0,361.0,356.0,358.0,63300,0.0,0.0
2023-04-26 10:00:00+09:00,358.0,360.0,358.0,358.0,40100,0.0,0.0
2023-04-26 11:00:00+09:00,359.0,359.0,357.0,358.0,0,0.0,0.0
2023-04-26 12:00:00+09:00,357.0,358.0,357.0,357.0,151500,0.0,0.0
2023-04-26 13:00:00+09:00,356.0,357.0,355.0,356.0,20600,0.0,0.0
2023-04-26 14:00:00+09:00,357.0,358.0,357.0,357.0,28100,0.0,0.0
2023-04-27 09:00:00+09:00,357.0,357.0,354.0,356.0,38000,0.0,0.0
2023-04-27 10:00:00+09:00,356.0,357.0,356.0,357.0,19400,0.0,0.0
2023-04-27 11:00:00+09:00,357.0,358.0,357.0,358.0,0,0.0,0.0
2023-04-27 12:00:00+09:00,358.0,359.0,357.0,357.0,90000,0.0,0.0
2023-04-27 13:00:00+09:00,358.0,359.0,358.0,358.0,14300,0.0,0.0
2023-04-27 14:00:00+09:00,358.0,360.0,358.0,358.0,26900,0.0,0.0
2023-04-28 09:00:00+09:00,359.0,367.0,358.0,363.0,91300,0.0,0.0
2023-04-28 10:00:00+09:00,363.0,370.0,362.0,369.0,120100,0.0,0.0
2023-04-28 11:00:00+09:00,368.0,368.0,366.0,366.0,0,0.0,0.0
2023-04-28 12:00:00+09:00,366.0,367.0,366.0,367.0,240200,0.0,0.0
2023-04-28 13:00:00+09:00,366.0,367.0,362.0,365.0,81900,0.0,0.0
2023-04-28 14:00:00+09:00,365.0,368.0,364.0,367.0,64400,0.0,0.0
2023-05-01 09:00:00+09:00,369.0,371.0,367.0,368.0,82900,0.0,0.0
2023-05-01 10:00:00+09:00,368.0,369.0,367.0,368.0,31800,0.0,0.0
2023-05-01 11:00:00+09:00,369.0,370.0,369.0,369.0,0,0.0,0.0
2023-05-01 12:00:00+09:00,370.0,371.0,369.0,369.0,190100,0.0,0.0
2023-05-01 13:00:00+09:00,369.0,371.0,369.0,370.0,22100,0.0,0.0
2023-05-01 14:00:00+09:00,370.0,372.0,369.0,370.0,105100,0.0,0.0
2023-05-02 09:00:00+09:00,377.0,377.0,368.0,370.0,217100,0.0,0.0
2023-05-02 10:00:00+09:00,371.0,371.0,369.0,370.0,31400,0.0,0.0
2023-05-02 11:00:00+09:00,370.0,370.0,369.0,370.0,0,0.0,0.0
2023-05-02 12:00:00+09:00,370.0,371.0,370.0,371.0,274600,0.0,0.0
2023-05-02 13:00:00+09:00,372.0,372.0,370.0,371.0,34200,0.0,0.0
2023-05-02 14:00:00+09:00,372.0,373.0,371.0,372.0,36300,0.0,0.0
2023-05-08 09:00:00+09:00,368.0,370.0,366.0,367.0,90400,0.0,0.0
2023-05-08 10:00:00+09:00,367.0,368.0,366.0,366.0,32600,0.0,0.0
2023-05-08 11:00:00+09:00,366.0,367.0,366.0,366.0,0,0.0,0.0
2023-05-08 12:00:00+09:00,367.0,368.0,366.0,367.0,150100,0.0,0.0
2023-05-08 13:00:00+09:00,366.0,367.0,365.0,366.0,40200,0.0,0.0
2023-05-08 14:00:00+09:00,366.0,366.0,364.0,364.0,45100,0.0,0.0
2023-05-09 09:00:00+09:00,364.0,370.0,362.0,363.0,95900,0.0,0.0
2023-05-09 10:00:00+09:00,363.0,367.0,363.0,366.0,60200,0.0,0.0
2023-05-09 11:00:00+09:00,366.0,368.0,366.0,368.0,0,0.0,0.0
2023-05-09 12:00:00+09:00,368.0,368.0,367.0,367.0,217700,0.0,0.0
2023-05-09 13:00:00+09:00,368.0,369.0,367.0,367.0,38800,0.0,0.0
2023-05-09 14:00:00+09:00,368.0,369.0,367.0,367.0,36300,0.0,0.0
2023-05-10 09:00:00+09:00,370.0,370.0,366.0,368.0,47600,0.0,0.0
2023-05-10 10:00:00+09:00,368.0,368.0,365.0,365.0,26500,0.0,0.0
2023-05-10 11:00:00+09:00,365.0,366.0,365.0,366.0,0,0.0,0.0
2023-05-10 12:00:00+09:00,366.0,366.0,365.0,365.0,99200,0.0,0.0
2023-05-10 13:00:00+09:00,365.0,365.0,364.0,365.0,17100,0.0,0.0
2023-05-10 14:00:00+09:00,365.0,367.0,364.0,366.0,46400,0.0,0.0
2023-05-11 09:00:00+09:00,366.0,368.0,365.0,367.0,48700,0.0,0.0
2023-05-11 10:00:00+09:00,367.0,367.0,366.0,366.0,18100,0.0,0.0
2023-05-11 11:00:00+09:00,366.0,366.0,365.0,365.0,0,0.0,0.0
2023-05-11 12:00:00+09:00,366.0,367.0,366.0,366.0,86300,0.0,0.0
2023-05-11 13:00:00+09:00,366.0,366.0,366.0,366.0,7300,0.0,0.0
2023-05-11 14:00:00+09:00,366.0,368.0,366.0,368.0,12400,0.0,0.0
2023-05-12 09:00:00+09:00,368.0,368.0,362.0,364.0,85700,0.0,0.0
2023-05-12 10:00:00+09:00,364.0,365.0,363.0,364.0,52800,0.0,0.0
2023-05-12 11:00:00+09:00,364.0,365.0,363.0,365.0,0,0.0,0.0
2023-05-12 12:00:00+09:00,364.0,365.0,364.0,365.0,186400,0.0,0.0
2023-05-12 13:00:00+09:00,365.0,366.0,364.0,366.0,26600,0.0,0.0
2023-05-12 14:00:00+09:00,366.0,369.0,365.0,368.0,117900,0.0,0.0
2023-05-15 09:00:00+09:00,370.0,374.0,369.0,370.0,150300,0.0,0.0
2023-05-15 10:00:00+09:00,369.0,370.0,368.0,368.0,19800,0.0,0.0
2023-05-15 11:00:00+09:00,368.0,370.0,367.0,368.0,0,0.0,0.0
2023-05-15 12:00:00+09:00,369.0,370.0,368.0,370.0,210700,0.0,0.0
2023-05-15 13:00:00+09:00,371.0,371.0,369.0,369.0,26400,0.0,0.0
2023-05-15 14:00:00+09:00,370.0,372.0,369.0,372.0,78400,0.0,0.0
2023-05-16 09:00:00+09:00,371.0,373.0,369.0,370.0,0,0.0,0.0
2023-05-16 10:00:00+09:00,370.0,370.0,369.0,370.0,148800,0.0,0.0
2023-05-16 11:00:00+09:00,369.0,369.0,366.0,367.0,0,0.0,0.0
2023-05-16 12:00:00+09:00,370.0,371.0,369.0,371.0,211800,0.0,0.0
2023-05-16 13:00:00+09:00,371.0,371.0,370.0,371.0,11800,0.0,0.0
2023-05-16 14:00:00+09:00,371.0,372.0,370.0,370.0,38700,0.0,0.0
2023-05-17 09:00:00+09:00,369.0,370.0,367.0,370.0,48400,0.0,0.0
2023-05-17 10:00:00+09:00,371.0,373.0,371.0,373.0,55600,0.0,0.0
2023-05-17 11:00:00+09:00,373.0,373.0,372.0,372.0,0,0.0,0.0
2023-05-17 12:00:00+09:00,374.0,378.0,374.0,377.0,152700,0.0,0.0
2023-05-17 13:00:00+09:00,376.0,376.0,375.0,376.0,13900,0.0,0.0
2023-05-17 14:00:00+09:00,375.0,376.0,374.0,376.0,33000,0.0,0.0
2023-05-18 09:00:00+09:00,384.0,386.0,381.0,383.0,206100,0.0,0.0
2023-05-18 10:00:00+09:00,384.0,387.0,383.0,387.0,74300,0.0,0.0
2023-05-18 11:00:00+09:00,387.0,388.0,385.0,388.0,0,0.0,0.0
2023-05-18 12:00:00+09:00,388.0,393.0,387.0,393.0,437300,0.0,0.0
2023-05-18 13:00:00+09:00,393.0,393.0,391.0,391.0,59600,0.0,0.0
2023-05-18 14:00:00+09:00,392.0,392.0,389.0,391.0,110500,0.0,0.0
2023-05-19 09:00:00+09:00,389.0,390.0,382.0,383.0,73400,0.0,0.0
2023-05-19 10:00:00+09:00,382.0,383.0,379.0,379.0,26600,0.0,0.0
2023-05-19 11:00:00+09:00,380.0,383.0,380.0,382.0,0,0.0,0.0
2023-05-19 12:00:00+09:00,382.0,383.0,381.0,381.0,160500,0.0,0.0
2023-05-19 13:00:00+09:00,380.0,381.0,379.0,381.0,54000,0.0,0.0
2023-05-19 14:00:00+09:00,381.0,382.0,380.0,381.0,46000,0.0,0.0
2023-05-22 09:00:00+09:00,382.0,385.0,378.0,379.0,136100,0.0,0.0
2023-05-22 10:00:00+09:00,379.0,380.0,378.0,379.0,12800,0.0,0.0
2023-05-22 11:00:00+09:00,378.0,379.0,377.0,377.0,0,0.0,0.0
2023-05-22 12:00:00+09:00,379.0,380.0,377.0,377.0,213900,0.0,0.0
2023-05-22 13:00:00+09:00,377.0,379.0,377.0,377.0,33800,0.0,0.0
2023-05-22 14:00:00+09:00,377.0,378.0,376.0,376.0,32000,0.0,0.0
2023-05-23 09:00:00+09:00,380.0,380.0,374.0,377.0,90900,0.0,0.0
2023-05-23 10:00:00+09:00,377.0,377.0,376.0,376.0,27400,0.0,0.0
2023-05-23 11:00:00+09:00,376.0,376.0,375.0,375.0,0,0.0,0.0
2023-05-23 12:00:00+09:00,374.0,375.0,373.0,375.0,157300,0.0,0.0
2023-05-23 13:00:00+09:00,375.0,375.0,372.0,373.0,28000,0.0,0.0
2023-05-23 14:00:00+09:00,373.0,374.0,373.0,373.0,29200,0.0,0.0
2023-05-24 09:00:00+09:00,375.0,380.0,375.0,379.0,52100,0.0,0.0
2023-05-24 10:00:00+09:00,379.0,379.0,377.0,377.0,30300,0.0,0.0
2023-05-24 11:00:00+09:00,376.0,379.0,376.0,377.0,0,0.0,0.0
2023-05-24 12:00:00+09:00,375.0,376.0,375.0,375.0,125700,0.0,0.0
2023-05-24 13:00:00+09:00,375.0,375.0,374.0,374.0,35700,0.0,0.0
2023-05-24 14:00:00+09:00,374.0,375.0,372.0,372.0,36700,0.0,0.0
2023-05-25 09:00:00+09:00,369.0,373.0,365.0,372.0,65600,0.0,0.0
2023-05-25 10:00:00+09:00,372.0,373.0,370.0,370.0,52600,0.0,0.0
2023-05-25 11:00:00+09:00,370.0,372.0,369.0,371.0,0,0.0,0.0
2023-05-25 12:00:00+09:00,371.0,372.0,370.0,372.0,164900,0.0,0.0
2023-05-25 13:00:00+09:00,372.0,372.0,371.0,371.0,16500,0.0,0.0
2023-05-25 14:00:00+09:00,371.0,374.0,371.0,374.0,43400,0.0,0.0
2023-05-26 09:00:00+09:00,375.0,375.0,368.0,369.0,50800,0.0,0.0
2023-05-26 10:00:00+09:00,369.0,370.0,369.0,369.0,21100,0.0,0.0
2023-05-26 11:00:00+09:00,369.0,369.0,369.0,369.0,0,0.0,0.0
2023-05-26 12:00:00+09:00,368.0,369.0,368.0,368.0,102900,0.0,0.0
2023-05-26 13:00:00+09:00,368.0,368.0,366.0,366.0,22500,0.0,0.0
2023-05-26 14:00:00+09:00,366.0,367.0,364.0,366.0,43200,0.0,0.0
2023-05-29 09:00:00+09:00,367.0,370.0,367.0,367.0,0,0.0,0.0
2023-05-29 10:00:00+09:00,368.0,369.0,367.0,369.0,22100,0.0,0.0
2023-05-29 11:00:00+09:00,369.0,370.0,369.0,369.0,0,0.0,0.0
2023-05-29 12:00:00+09:00,369.0,370.0,369.0,369.0,100900,0.0,0.0
2023-05-29 13:00:00+09:00,369.0,370.0,368.0,369.0,17500,0.0,0.0
2023-05-29 14:00:00+09:00,369.0,370.0,367.0,368.0,44600,0.0,0.0
2023-05-30 09:00:00+09:00,365.0,366.0,363.0,364.0,48600,0.0,0.0
2023-05-30 10:00:00+09:00,364.0,365.0,363.0,364.0,36200,0.0,0.0
2023-05-30 11:00:00+09:00,365.0,367.0,365.0,366.0,0,0.0,0.0
2023-05-30 12:00:00+09:00,367.0,367.0,364.0,364.0,106400,0.0,0.0
2023-05-30 13:00:00+09:00,364.0,365.0,364.0,365.0,17700,0.0,0.0
2023-05-30 14:00:00+09:00,364.0,366.0,364.0,365.0,38500,0.0,0.0
2023-05-31 09:00:00+09:00,362.0,364.0,361.0,362.0,88900,0.0,0.0
2023-05-31 10:00:00+09:00,361.0,362.0,360.0,361.0,39200,0.0,0.0
2023-05-31 11:00:00+09:00,361.0,361.0,360.0,360.0,0,0.0,0.0
2023-05-31 12:00:00+09:00,360.0,363.0,360.0,363.0,191400,0.0,0.0
2023-05-31 13:00:00+09:00,363.0,363.0,362.0,363.0,28000,0.0,0.0
2023-05-31 14:00:00+09:00,362.0,362.0,358.0,358.0,82400,0.0,0.0
2023-06-01 09:00:00+09:00,360.0,362.0,357.0,360.0,140800,0.0,0.0
2023-06-01 10:00:00+09:00,359.0,361.0,359.0,359.0,0,0.0,0.0
2023-06-01 11:00:00+09:00,360.0,361.0,359.0,359.0,0,0.0,0.0
2023-06-01 12:00:00+09:00,359.0,364.0,359.0,364.0,270300,0.0,0.0
2023-06-01 13:00:00+09:00,363.0,364.0,359.0,363.0,72600,0.0,0.0
2023-06-01 14:00:00+09:00,362.0,364.0,362.0,363.0,77700,0.0,0.0
2023-06-02 09:00:00+09:00,364.0,370.0,364.0,367.0,132700,0.0,0.0
2023-06-02 10:00:00+09:00,367.0,369.0,367.0,369.0,52900,0.0,0.0
2023-06-02 11:00:00+09:00,368.0,368.0,368.0,368.0,0,0.0,0.0
2023-06-02 12:00:00+09:00,369.0,369.0,368.0,369.0,220200,0.0,0.0
2023-06-02 13:00:00+09:00,369.0,370.0,369.0,370.0,6400,0.0,0.0
2023-06-02 14:00:00+09:00,370.0,373.0,370.0,372.0,48800,0.0,0.0
2023-06-05 09:00:00+09:00,379.0,380.0,374.0,375.0,0,0.0,0.0
2023-06-05 10:00:00+09:00,375.0,377.0,374.0,374.0,46100,0.0,0.0
2023-06-05 11:00:00+09:00,373.0,375.0,372.0,375.0,0,0.0,0.0
2023-06-05 12:00:00+09:00,378.0,378.0,375.0,376.0,163800,0.0,0.0
2023-06-05 13:00:00+09:00,376.0,376.0,374.0,375.0,17700,0.0,0.0
2023-06-05 14:00:00+09:00,375.0,377.0,375.0,375.0,68900,0.0,0.0
2023-06-06 09:00:00+09:00,369.0,369.0,364.0,366.0,81700,0.0,0.0
2023-06-06 10:00:00+09:00,366.0,367.0,365.0,366.0,30200,0.0,0.0
2023-06-06 11:00:00+09:00,366.0,367.0,365.0,366.0,0,0.0,0.0
2023-06-06 12:00:00+09:00,366.0,366.0,364.0,366.0,181500,0.0,0.0
2023-06-06 13:00:00+09:00,365.0,366.0,364.0,365.0,14000,0.0,0.0
2023-06-06 14:00:00+09:00,366.0,367.0,365.0,366.0,41200,0.0,0.0
2023-06-07 09:00:00+09:00,369.0,371.0,364.0,364.0,180400,0.0,0.0
2023-06-07 10:00:00+09:00,364.0,364.0,361.0,362.0,88100,0.0,0.0
2023-06-07 11:00:00+09:00,362.0,362.0,360.0,360.0,0,0.0,0.0
2023-06-07 12:00:00+09:00,360.0,362.0,360.0,361.0,350600,0.0,0.0
2023-06-07 13:00:00+09:00,361.0,361.0,356.0,360.0,118300,0.0,0.0
2023-06-07 14:00:00+09:00,360.0,360.0,357.0,357.0,92400,0.0,0.0
2023-06-08 09:00:00+09:00,359.0,364.0,358.0,360.0,110200,0.0,0.0
2023-06-08 10:00:00+09:00,359.0,360.0,357.0,360.0,83900,0.0,0.0
2023-06-08 11:00:00+09:00,360.0,360.0,358.0,359.0,0,0.0,0.0
2023-06-08 12:00:00+09:00,356.0,358.0,356.0,358.0,247200,0.0,0.0
2023-06-08 13:00:00+09:00,358.0,358.0,356.0,357.0,40400,0.0,0.0
2023-06-08 14:00:00+09:00,356.0,359.0,356.0,358.0,55900,0.0,0.0
2023-06-09 09:00:00+09:00,357.0,361.0,357.0,358.0,0,0.0,0.0
2023-06-09 10:00:00+09:00,359.0,360.0,359.0,359.0,33800,0.0,0.0
2023-06-09 11:00:00+09:00,359.0,360.0,359.0,360.0,0,0.0,0.0
2023-06-09 12:00:00+09:00,360.0,362.0,360.0,361.0,407700,0.0,0.0
2023-06-09 13:00:00+09:00,361.0,361.0,360.0,360.0,17600,0.0,0.0
2023-06-09 14:00:00+09:00,360.0,361.0,360.0,361.0,38300,0.0,0.0
2023-06-12 09:00:00+09:00,363.0,364.0,361.0,362.0,37900,0.0,0.0
2023-06-12 10:00:00+09:00,363.0,364.0,361.0,362.0,28600,0.0,0.0
2023-06-12 11:00:00+09:00,362.0,362.0,361.0,361.0,0,0.0,0.0
2023-06-12 12:00:00+09:00,361.0,362.0,358.0,360.0,91700,0.0,0.0
2023-06-12 13:00:00+09:00,360.0,360.0,359.0,359.0,20600,0.0,0.0
2023-06-12 14:00:00+09:00,359.0,361.0,359.0,361.0,21000,0.0,0.0
2023-06-13 09:00:00+09:00,359.0,362.0,359.0,361.0,44600,0.0,0.0
2023-06-13 10:00:00+09:00,362.0,362.0,360.0,362.0,31800,0.0,0.0
2023-06-13 11:00:00+09:00,361.0,361.0,358.0,358.0,0,0.0,0.0
2023-06-13 12:00:00+09:00,358.0,361.0,358.0,361.0,117100,0.0,0.0
2023-06-13 13:00:00+09:00,361.0,361.0,359.0,359.0,58500,0.0,0.0
2023-06-13 14:00:00+09:00,359.0,361.0,358.0,358.0,67600,0.0,0.0
2023-06-14 09:00:00+09:00,364.0,364.0,362.0,364.0,76700,0.0,0.0
2023-06-14 10:00:00+09:00,364.0,365.0,362.0,363.0,44500,0.0,0.0
2023-06-14 11:00:00+09:00,363.0,363.0,362.0,363.0,0,0.0,0.0
2023-06-14 12:00:00+09:00,363.0,363.0,362.0,363.0,145800,0.0,0.0
2023-06-14 13:00:00+09:00,363.0,364.0,362.0,362.0,22500,0.0,0.0
2023-06-14 14:00:00+09:00,363.0,364.0,362.0,363.0,44000,0.0,0.0
2023-06-15 09:00:00+09:00,362.0,362.0,358.0,360.0,54300,0.0,0.0
2023-06-15 10:00:00+09:00,360.0,362.0,360.0,362.0,37300,0.0,0.0
2023-06-15 11:00:00+09:00,361.0,361.0,360.0,361.0,0,0.0,0.0
2023-06-15 12:00:00+09:00,362.0,363.0,360.0,362.0,146900,0.0,0.0
2023-06-15 13:00:00+09:00,362.0,362.0,359.0,359.0,33200,0.0,0.0
2023-06-15 14:00:00+09:00,359.0,361.0,358.0,360.0,81600,0.0,0.0
2023-06-16 09:00:00+09:00,359.0,360.0,355.0,357.0,109200,0.0,0.0
2023-06-16 10:00:00+09:00,357.0,359.0,356.0,359.0,45100,0.0,0.0
2023-06-16 11:00:00+09:00,358.0,359.0,357.0,357.0,0,0.0,0.0
2023-06-16 12:00:00+09:00,359.0,360.0,356.0,357.0,244900,0.0,0.0
2023-06-16 13:00:00+09:00,358.0,359.0,358.0,358.0,40200,0.0,0.0
2023-06-16 14:00:00+09:00,358.0,359.0,357.0,358.0,82000,0.0,0.0
2023-06-19 09:00:00+09:00,361.0,363.0,360.0,362.0,85500,0.0,0.0
2023-06-19 10:00:00+09:00,362.0,363.0,361.0,362.0,21400,0.0,0.0
2023-06-19 11:00:00+09:00,361.0,361.0,360.0,360.0,0,0.0,0.0
2023-06-19 12:00:00+09:00,360.0,361.0,360.0,361.0,154500,0.0,0.0
2023-06-19 13:00:00+09:00,360.0,360.0,359.0,360.0,35200,0.0,0.0
2023-06-19 14:00:00+09:00,360.0,363.0,360.0,363.0,49200,0.0,0.0
2023-06-20 09:00:00+09:00,360.0,361.0,359.0,359.0,104000,0.0,0.0
2023-06-20 10:00:00+09:00,359.0,360.0,359.0,359.0,38200,0.0,0.0
2023-06-20 11:00:00+09:00,360.0,361.0,360.0,360.0,0,0.0,0.0
2023-06-20 12:00:00+09:00,359.0,362.0,359.0,360.0,185600,0.0,0.0
2023-06-20 13:00:00+09:00,361.0,361.0,359.0,360.0,77100,0.0,0.0
2023-06-20 14:00:00+09:00,360.0,360.0,358.0,359.0,42000,0.0,0.0
2023-06-21 09:00:00+09:00,359.0,362.0,359.0,361.0,69900,0.0,0.0
2023-06-21 10:00:00+09:00,361.0,361.0,359.0,360.0,56000,0.0,0.0
2023-06-21 11:00:00+09:00,360.0,361.0,360.0,361.0,0,0.0,0.0
2023-06-21 12:00:00+09:00,361.0,361.0,357.0,358.0,172600,0.0,0.0
2023-06-21 13:00:00+09:00,358.0,359.0,357.0,359.0,38600,0.0,0.0
2023-06-21 14:00:00+09:00,359.0,360.0,358.0,358.0,45100,0.0,0.0
2023-06-22 09:00:00+09:00,360.0,362.0,359.0,360.0,140700,0.0,0.0
2023-06-22 10:00:00+09:00,361.0,361.0,360.0,360.0,12900,0.0,0.0
2023-06-22 11:00:00+09:00,361.0,362.0,361.0,362.0,0,0.0,0.0
2023-06-22 12:00:00+09:00,363.0,365.0,362.0,363.0,201100,0.0,0.0
2023-06-22 13:00:00+09:00,364.0,364.0,361.0,363.0,49900,0.0,0.0
2023-06-22 14:00:00+09:00,363.0,364.0,361.0,362.0,58500,0.0,0.0
2023-06-23 09:00:00+09:00,361.0,366.0,361.0,362.0,108100,0.0,0.0
2023-06-23 10:00:00+09:00,363.0,363.0,357.0,359.0,110100,0.0,0.0
2023-06-23 11:00:00+09:00,359.0,360.0,359.0,359.0,0,0.0,0.0
2023-06-23 12:00:00+09:00,359.0,361.0,358.0,359.0,288200,0.0,0.0
2023-06-23 13:00:00+09:00,359.0,359.0,357.0,359.0,39600,0.0,0.0
2023-06-23 14:00:00+09:00,359.0,361.0,357.0,359.0,159000,0.0,0.0
2023-06-26 09:00:00+09:00,359.0,359.0,354.0,357.0,0,0.0,0.0
2023-06-26 10:00:00+09:00,357.0,358.0,357.0,358.0,15100,0.0,0.0
2023-06-26 11:00:00+09:00,358.0,359.0,357.0,358.0,0,0.0,0.0
2023-06-26 12:00:00+09:00,357.0,358.0,357.0,357.0,99700,0.0,0.0
2023-06-26 13:00:00+09:00,357.0,357.0,356.0,357.0,54600,0.0,0.0
2023-06-26 14:00:00+09:00,357.0,357.0,355.0,357.0,36500,0.0,0.0
2023-06-27 09:00:00+09:00,357.0,358.0,354.0,355.0,43400,0.0,0.0
2023-06-27 10:00:00+09:00,355.0,356.0,353.0,355.0,31200,0.0,0.0
2023-06-27 11:00:00+09:00,355.0,356.0,355.0,355.0,0,0.0,0.0
2023-06-27 12:00:00+09:00,363.0,363.0,356.0,356.0,119300,0.0,0.0
2023-06-27 13:00:00+09:00,356.0,357.0,355.0,356.0,28900,0.0,0.0
2023-06-27 14:00:00+09:00,355.0,356.0,354.0,355.0,29500,0.0,0.0
2023-06-28 09:00:00+09:00,355.0,360.0,355.0,358.0,46700,0.0,0.0
2023-06-28 10:00:00+09:00,359.0,359.0,358.0,359.0,27300,0.0,0.0
2023-06-28 11:00:00+09:00,359.0,361.0,359.0,360.0,0,0.0,0.0
2023-06-28 12:00:00+09:00,362.0,362.0,361.0,362.0,140100,0.0,0.0
2023-06-28 13:00:00+09:00,362.0,363.0,361.0,362.0,13900,0.0,0.0
2023-06-28 14:00:00+09:00,361.0,364.0,361.0,363.0,71000,0.0,0.0
2023-06-29 09:00:00+09:00,365.0,367.0,363.0,364.0,0,0.0,0.0
2023-06-29 10:00:00+09:00,364.0,364.0,361.0,362.0,40500,0.0,0.0
2023-06-29 11:00:00+09:00,362.0,362.0,360.0,362.0,0,0.0,0.0
2023-06-29 12:00:00+09:00,364.0,364.0,362.0,362.0,188100,0.0,0.0
2023-06-29 13:00:00+09:00,362.0,363.0,361.0,362.0,30100,0.0,0.0
2023-06-29 14:00:00+09:00,362.0,363.0,361.0,363.0,55500,0.0,0.0
2023-06-30 09:00:00+09:00,369.0,369.0,363.0,363.0,167300,0.0,0.0
2023-06-30 10:00:00+09:00,363.0,364.0,362.0,363.0,48600,0.0,0.0
2023-06-30 11:00:00+09:00,363.0,363.0,362.0,363.0,0,0.0,0.0
2023-06-30 12:00:00+09:00,364.0,365.0,363.0,365.0,300400,0.0,0.0
2023-06-30 13:00:00+09:00,365.0,365.0,363.0,364.0,54900,0.0,0.0
2023-06-30 14:00:00+09:00,364.0,365.0,363.0,365.0,63100,0.0,0.0
2023-07-03 09:00:00+09:00,362.0,368.0,362.0,368.0,0,0.0,0.0
2023-07-03 10:00:00+09:00,368.0,368.0,366.0,367.0,46800,0.0,0.0
2023-07-03 11:00:00+09:00,367.0,367.0,366.0,367.0,0,0.0,0.0
2023-07-03 12:00:00+09:00,367.0,367.0,366.0,367.0,238200,0.0,0.0
2023-07-03 13:00:00+09:00,368.0,368.0,367.0,368.0,27800,0.0,0.0
2023-07-03 14:00:00+09:00,368.0,370.0,367.0,370.0,63100,0.0,0.0
2023-07-04 09:00:00+09:00,373.0,379.0,372.0,378.0,321300,0.0,0.0
2023-07-04 10:00:00+09:00,378.0,381.0,377.0,378.0,68000,0.0,0.0
2023-07-04 11:00:00+09:00,378.0,381.0,378.0,381.0,0,0.0,0.0
2023-07-04 12:00:00+09:00,381.0,382.0,379.0,382.0,504300,0.0,0.0
2023-07-04 13:00:00+09:00,382.0,383.0,381.0,382.0,27400,0.0,0.0
2023-07-04 14:00:00+09:00,382.0,383.0,381.0,383.0,70100,0.0,0.0
2023-07-05 09:00:00+09:00,379.0,382.0,376.0,381.0,144800,0.0,0.0
2023-07-05 10:00:00+09:00,382.0,383.0,380.0,380.0,41800,0.0,0.0
2023-07-05 11:00:00+09:00,380.0,380.0,379.0,380.0,0,0.0,0.0
2023-07-05 12:00:00+09:00,378.0,379.0,377.0,377.0,230400,0.0,0.0
2023-07-05 13:00:00+09:00,378.0,378.0,377.0,377.0,24800,0.0,0.0
2023-07-05 14:00:00+09:00,377.0,377.0,376.0,376.0,73800,0.0,0.0
2023-07-06 09:00:00+09:00,376.0,379.0,375.0,377.0,82100,0.0,0.0
2023-07-06 10:00:00+09:00,377.0,379.0,377.0,377.0,41600,0.0,0.0
2023-07-06 11:00:00+09:00,377.0,377.0,376.0,377.0,0,0.0,0.0
2023-07-06 12:00:00+09:00,374.0,376.0,374.0,375.0,164900,0.0,0.0
2023-07-06 13:00:00+09:00,374.0,375.0,373.0,374.0,27400,0.0,0.0
2023-07-06 14:00:00+09:00,374.0,375.0,373.0,374.0,27600,0.0,0.0
2023-07-07 09:00:00+09:00,373.0,377.0,371.0,375.0,119500,0.0,0.0
2023-07-07 10:00:00+09:00,375.0,377.0,374.0,376.0,50100,0.0,0.0
2023-07-07 11:00:00+09:00,377.0,377.0,375.0,376.0,0,0.0,0.0
2023-07-07 12:00:00+09:00,379.0,380.0,377.0,378.0,312600,0.0,0.0
2023-07-07 13:00:00+09:00,378.0,378.0,377.0,378.0,30000,0.0,0.0
2023-07-07 14:00:00+09:00,378.0,378.0,374.0,375.0,32900,0.0,0.0
2023-07-10 09:00:00+09:00,380.0,384.0,378.0,379.0,0,0.0,0.0
2023-07-10 10:00:00+09:00,379.0,379.0,375.0,376.0,30600,0.0,0.0
2023-07-10 11:00:00+09:00,377.0,378.0,377.0,378.0,0,0.0,0.0
2023-07-10 12:00:00+09:00,376.0,377.0,376.0,376.0,137400,0.0,0.0
2023-07-10 13:00:00+09:00,376.0,378.0,376.0,378.0,27300,0.0,0.0
2023-07-10 14:00:00+09:00,377.0,377.0,376.0,376.0,34700,0.0,0.0
2023-07-11 09:00:00+09:00,378.0,378.0,374.0,376.0,66500,0.0,0.0
2023-07-11 10:00:00+09:00,376.0,377.0,375.0,375.0,28200,0.0,0.0
2023-07-11 11:00:00+09:00,375.0,376.0,375.0,376.0,0,0.0,0.0
2023-07-11 12:00:00+09:00,377.0,377.0,376.0,376.0,134500,0.0,0.0
2023-07-11 13:00:00+09:00,376.0,376.0,374.0,375.0,42800,0.0,0.0
2023-07-11 14:00:00+09:00,375.0,377.0,375.0,376.0,65800,0.0,0.0
2023-07-12 09:00:00+09:00,379.0,380.0,374.0,375.0,0,0.0,0.0
2023-07-12 10:00:00+09:00,375.0,375.0,374.0,375.0,11500,0.0,0.0
2023-07-12 11:00:00+09:00,374.0,375.0,374.0,375.0,0,0.0,0.0
2023-07-12 12:00:00+09:00,375.0,377.0,375.0,376.0,78300,0.0,0.0
2023-07-12 13:00:00+09:00,375.0,377.0,375.0,375.0,40800,0.0,0.0
2023-07-12 14:00:00+09:00,376.0,377.0,375.0,376.0,38400,0.0,0.0
2023-07-13 09:00:00+09:00,375.0,378.0,373.0,375.0,0,0.0,0.0
2023-07-13 10:00:00+09:00,374.0,374.0,372.0,374.0,48600,0.0,0.0
2023-07-13 11:00:00+09:00,375.0,375.0,374.0,374.0,0,0.0,0.0
2023-07-13 12:00:00+09:00,374.0,375.0,374.0,374.0,156000,0.0,0.0
2023-07-13 13:00:00+09:00,373.0,374.0,372.0,372.0,29900,0.0,0.0
2023-07-13 14:00:00+09:00,372.0,374.0,372.0,374.0,17100,0.0,0.0
2023-07-14 09:00:00+09:00,374.0,375.0,370.0,372.0,76100,0.0,0.0
2023-07-14 10:00:00+09:00,371.0,371.0,370.0,371.0,17500,0.0,0.0
2023-07-14 11:00:00+09:00,370.0,370.0,370.0,370.0,0,0.0,0.0
2023-07-14 12:00:00+09:00,371.0,372.0,371.0,372.0,106800,0.0,0.0
2023-07-14 13:00:00+09:00,371.0,373.0,371.0,372.0,18400,0.0,0.0
2023-07-14 14:00:00+09:00,372.0,373.0,372.0,372.0,4500,0.0,0.0
2023-07-18 09:00:00+09:00,372.0,376.0,372.0,374.0,39400,0.0,0.0
2023-07-18 10:00:00+09:00,374.0,377.0,372.0,377.0,54100,0.0,0.0
2023-07-18 11:00:00+09:00,377.0,378.0,377.0,377.0,0,0.0,0.0
2023-07-18 12:00:00+09:00,377.0,386.0,377.0,386.0,161400,0.0,0.0
2023-07-18 13:00:00+09:00,385.0,385.0,381.0,381.0,21000,0.0,0.0
2023-07-18 14:00:00+09:00,381.0,381.0,380.0,381.0,27200,0.0,0.0
2023-07-19 09:00:00+09:00,386.0,390.0,385.0,389.0,98800,0.0,0.0
2023-07-19 10:00:00+09:00,388.0,389.0,384.0,385.0,32000,0.0,0.0
2023-07-19 11:00:00+09:00,386.0,386.0,385.0,386.0,0,0.0,0.0
2023-07-19 12:00:00+09:00,384.0,385.0,382.0,383.0,160900,0.0,0.0
2023-07-19 13:00:00+09:00,383.0,383.0,382.0,383.0,13400,0.0,0.0
2023-07-19 14:00:00+09:00,382.0,385.0,382.0,385.0,73300,0.0,0.0
2023-07-20 09:00:00+09:00,383.0,387.0,383.0,385.0,55000,0.0,0.0
2023-07-20 10:00:00+09:00,384.0,384.0,382.0,383.0,23400,0.0,0.0
2023-07-20 11:00:00+09:00,383.0,383.0,382.0,382.0,0,0.0,0.0
2023-07-20 12:00:00+09:00,382.0,383.0,381.0,382.0,99900,0.0,0.0
2023-07-20 13:00:00+09:00,382.0,383.0,382.0,382.0,5800,0.0,0.0
2023-07-20 14:00:00+09:00,383.0,385.0,382.0,383.0,46900,0.0,0.0
2023-07-21 09:00:00+09:00,383.0,385.0,377.0,380.0,0,0.0,0.0
2023-07-21 10:00:00+09:00,380.0,381.0,380.0,380.0,135000,0.0,0.0
2023-07-21 11:00:00+09:00,380.0,381.0,379.0,380.0,0,0.0,0.0
2023-07-21 12:00:00+09:00,380.0,380.0,379.0,380.0,178300,0.0,0.0
2023-07-21 13:00:00+09:00,381.0,381.0,379.0,380.0,6000,0.0,0.0
2023-07-21 14:00:00+09:00,380.0,380.0,380.0,380.0,4800,0.0,0.0
2023-07-24 09:00:00+09:00,377.0,381.0,374.0,379.0,87900,0.0,0.0
2023-07-24 10:00:00+09:00,379.0,381.0,379.0,380.0,13400,0.0,0.0
2023-07-24 11:00:00+09:00,379.0,379.0,378.0,379.0,0,0.0,0.0
2023-07-24 12:00:00+09:00,382.0,382.0,378.0,379.0,148200,0.0,0.0
2023-07-24 13:00:00+09:00,379.0,379.0,378.0,378.0,9700,0.0,0.0
2023-07-24 14:00:00+09:00,378.0,378.0,377.0,377.0,16000,0.0,0.0
2023-07-25 09:00:00+09:00,378.0,383.0,378.0,383.0,45000,0.0,0.0
2023-07-25 10:00:00+09:00,383.0,383.0,382.0,383.0,27700,0.0,0.0
2023-07-25 11:00:00+09:00,383.0,384.0,382.0,382.0,0,0.0,0.0
2023-07-25 12:00:00+09:00,382.0,383.0,380.0,382.0,92100,0.0,0.0
2023-07-25 13:00:00+09:00,381.0,381.0,379.0,379.0,12900,0.0,0.0
2023-07-25 14:00:00+09:00,379.0,381.0,379.0,381.0,13700,0.0,0.0
2023-07-26 09:00:00+09:00,377.0,380.0,376.0,380.0,97900,0.0,0.0
2023-07-26 10:00:00+09:00,380.0,381.0,379.0,380.0,23100,0.0,0.0
2023-07-26 11:00:00+09:00,380.0,380.0,379.0,379.0,0,0.0,0.0
2023-07-26 12:00:00+09:00,378.0,380.0,378.0,379.0,131100,0.0,0.0
2023-07-26 13:00:00+09:00,379.0,379.0,379.0,379.0,3500,0.0,0.0
2023-07-26 14:00:00+09:00,379.0,380.0,378.0,379.0,56100,0.0,0.0
2023-07-27 09:00:00+09:00,380.0,384.0,379.0,383.0,36600,0.0,0.0
2023-07-27 10:00:00+09:00,383.0,384.0,381.0,381.0,15700,0.0,0.0
2023-07-27 11:00:00+09:00,381.0,382.0,381.0,381.0,0,0.0,0.0
2023-07-27 12:00:00+09:00,382.0,383.0,382.0,383.0,71000,0.0,0.0
2023-07-27 13:00:00+09:00,383.0,385.0,383.0,385.0,42400,0.0,0.0
2023-07-27 14:00:00+09:00,384.0,386.0,384.0,384.0,70900,0.0,0.0
2023-07-28 09:00:00+09:00,382.0,384.0,381.0,383.0,97800,0.0,0.0
2023-07-28 10:00:00+09:00,384.0,384.0,382.0,383.0,30900,0.0,0.0
2023-07-28 11:00:00+09:00,383.0,384.0,383.0,383.0,0,0.0,0.0
2023-07-28 12:00:00+09:00,380.0,396.0,380.0,394.0,364600,0.0,0.0
2023-07-28 13:00:00+09:00,393.0,396.0,392.0,396.0,172200,0.0,0.0
2023-07-28 14:00:00+09:00,395.0,400.0,394.0,399.0,183600,0.0,0.0
2023-07-31 09:00:00+09:00,403.0,410.0,401.0,405.0,223300,0.0,0.0
2023-07-31 10:00:00+09:00,405.0,405.0,397.0,400.0,130900,0.0,0.0
2023-07-31 11:00:00+09:00,401.0,402.0,398.0,400.0,0,0.0,0.0
2023-07-31 12:00:00+09:00,399.0,403.0,399.0,402.0,406000,0.0,0.0
2023-07-31 13:00:00+09:00,401.0,402.0,401.0,401.0,16100,0.0,0.0
2023-07-31 14:00:00+09:00,402.0,404.0,400.0,404.0,57500,0.0,0.0
2023-08-01 09:00:00+09:00,403.0,403.0,397.0,401.0,0,0.0,0.0
2023-08-01 10:00:00+09:00,402.0,402.0,401.0,401.0,144300,0.0,0.0
2023-08-01 11:00:00+09:00,401.0,402.0,401.0,401.0,0,0.0,0.0
2023-08-01 12:00:00+09:00,400.0,401.0,398.0,398.0,182700,0.0,0.0
2023-08-01 13:00:00+09:00,399.0,399.0,397.0,397.0,49100,0.0,0.0
2023-08-01 14:00:00+09:00,397.0,398.0,397.0,398.0,19400,0.0,0.0
2023-08-02 09:00:00+09:00,394.0,398.0,392.0,397.0,121100,0.0,0.0
2023-08-02 10:00:00+09:00,397.0,398.0,397.0,398.0,12600,0.0,0.0
2023-08-02 11:00:00+09:00,397.0,397.0,397.0,397.0,0,0.0,0.0
2023-08-02 12:00:00+09:00,397.0,397.0,396.0,397.0,150700,0.0,0.0
2023-08-02 13:00:00+09:00,397.0,397.0,395.0,395.0,10400,0.0,0.0
2023-08-02 14:00:00+09:00,394.0,394.0,393.0,394.0,48800,0.0,0.0
2023-08-03 09:00:00+09:00,389.0,389.0,385.0,385.0,0,0.0,0.0
2023-08-03 10:00:00+09:00,385.0,387.0,384.0,387.0,156700,0.0,0.0
2023-08-03 11:00:00+09:00,386.0,387.0,386.0,386.0,0,0.0,0.0
2023-08-03 12:00:00+09:00,384.0,386.0,384.0,384.0,188200,0.0,0.0
2023-08-03 13:00:00+09:00,385.0,385.0,383.0,383.0,27300,0.0,0.0
2023-08-03 14:00:00+09:00,383.0,384.0,381.0,383.0,60600,0.0,0.0
2023-08-04 09:00:00+09:00,381.0,385.0,381.0,385.0,72600,0.0,0.0
2023-08-04 10:00:00+09:00,385.0,385.0,382.0,383.0,36900,0.0,0.0
2023-08-04 11:00:00+09:00,383.0,383.0,382.0,382.0,0,0.0,0.0
2023-08-04 12:00:00+09:00,384.0,386.0,383.0,384.0,133700,0.0,0.0
2023-08-04 13:00:00+09:00,384.0,385.0,383.0,385.0,17900,0.0,0.0
2023-08-04 14:00:00+09:00,385.0,386.0,383.0,385.0,49700,0.0,0.0
2023-08-07 09:00:00+09:00,386.0,391.0,384.0,391.0,74800,0.0,0.0
2023-08-07 10:00:00+09:00,392.0,392.0,390.0,390.0,24100,0.0,0.0
2023-08-07 11:00:00+09:00,390.0,390.0,389.0,390.0,0,0.0,0.0
2023-08-07 12:00:00+09:00,391.0,391.0,389.0,389.0,128100,0.0,0.0
2023-08-07 13:00:00+09:00,389.0,389.0,388.0,388.0,20400,0.0,0.0
2023-08-07 14:00:00+09:00,388.0,390.0,388.0,390.0,17600,0.0,0.0
2023-08-08 09:00:00+09:00,392.0,396.0,392.0,393.0,61100,0.0,0.0
2023-08-08 10:00:00+09:00,392.0,393.0,392.0,392.0,37000,0.0,0.0
2023-08-08 11:00:00+09:00,392.0,392.0,391.0,392.0,0,0.0,0.0
2023-08-08 12:00:00+09:00,393.0,393.0,392.0,392.0,124300,0.0,0.0
2023-08-08 13:00:00+09:00,391.0,393.0,391.0,393.0,8800,0.0,0.0
2023-08-08 14:00:00+09:00,392.0,393.0,390.0,391.0,55100,0.0,0.0
2023-08-09 09:00:00+09:00,390.0,390.0,384.0,384.0,55500,0.0,0.0
2023-08-09 10:00:00+09:00,385.0,385.0,383.0,384.0,39900,0.0,0.0
2023-08-09 11:00:00+09:00,384.0,385.0,383.0,384.0,0,0.0,0.0
2023-08-09 12:00:00+09:00,384.0,384.0,381.0,383.0,161000,0.0,0.0
2023-08-09 13:00:00+09:00,382.0,383.0,382.0,383.0,17700,0.0,0.0
2023-08-09 14:00:00+09:00,383.0,384.0,383.0,384.0,14300,0.0,0.0
2023-08-10 09:00:00+09:00,381.0,383.0,379.0,381.0,62300,0.0,0.0
2023-08-10 10:00:00+09:00,381.0,383.0,379.0,381.0,38000,0.0,0.0
2023-08-10 11:00:00+09:00,381.0,383.0,381.0,382.0,0,0.0,0.0
2023-08-10 12:00:00+09:00,382.0,384.0,382.0,384.0,129400,0.0,0.0
2023-08-10 13:00:00+09:00,384.0,384.0,381.0,382.0,14300,0.0,0.0
2023-08-10 14:00:00+09:00,381.0,384.0,381.0,383.0,37400,0.0,0.0
2023-08-14 09:00:00+09:00,388.0,394.0,387.0,391.0,108800,0.0,0.0
2023-08-14 10:00:00+09:00,390.0,390.0,383.0,383.0,72200,0.0,0.0
2023-08-14 11:00:00+09:00,384.0,385.0,383.0,384.0,0,0.0,0.0
2023-08-14 12:00:00+09:00,384.0,384.0,380.0,380.0,216100,0.0,0.0
2023-08-14 13:00:00+09:00,380.0,382.0,380.0,381.0,23600,0.0,0.0
2023-08-14 14:00:00+09:00,381.0,382.0,381.0,382.0,48800,0.0,0.0
2023-08-15 09:00:00+09:00,382.0,383.0,379.0,382.0,0,0.0,0.0
2023-08-15 10:00:00+09:00,383.0,385.0,383.0,385.0,75300,0.0,0.0
2023-08-15 11:00:00+09:00,385.0,385.0,384.0,384.0,0,0.0,0.0
2023-08-15 12:00:00+09:00,385.0,385.0,383.0,383.0,93200,0.0,0.0
2023-08-15 13:00:00+09:00,384.0,384.0,383.0,383.0,7800,0.0,0.0
2023-08-15 14:00:00+09:00,383.0,386.0,383.0,384.0,29100,0.0,0.0
2023-08-16 09:00:00+09:00,379.0,379.0,374.0,376.0,93800,0.0,0.0
2023-08-16 10:00:00+09:00,375.0,375.0,374.0,375.0,30900,0.0,0.0
2023-08-16 11:00:00+09:00,375.0,377.0,374.0,376.0,0,0.0,0.0
2023-08-16 12:00:00+09:00,377.0,377.0,376.0,376.0,161700,0.0,0.0
2023-08-16 13:00:00+09:00,376.0,377.0,376.0,377.0,33000,0.0,0.0
2023-08-16 14:00:00+09:00,377.0,378.0,376.0,377.0,49000,0.0,0.0
2023-08-17 09:00:00+09:00,376.0,378.0,373.0,375.0,88000,0.0,0.0
2023-08-17 10:00:00+09:00,375.0,376.0,374.0,375.0,29400,0.0,0.0
2023-08-17 11:00:00+09:00,375.0,378.0,375.0,376.0,0,0.0,0.0
2023-08-17 12:00:00+09:00,379.0,382.0,377.0,381.0,223500,0.0,0.0
2023-08-17 13:00:00+09:00,382.0,384.0,382.0,384.0,39600,0.0,0.0
2023-08-17 14:00:00+09:00,384.0,386.0,383.0,385.0,54100,0.0,0.0
2023-08-18 09:00:00+09:00,388.0,390.0,383.0,383.0,129900,0.0,0.0
2023-08-18 10:00:00+09:00,384.0,384.0,382.0,382.0,14900,0.0,0.0
2023-08-18 11:00:00+09:00,382.0,383.0,382.0,382.0,0,0.0,0.0
2023-08-18 12:00:00+09:00,381.0,382.0,381.0,382.0,171600,0.0,0.0
2023-08-18 13:00:00+09:00,382.0,383.0,382.0,383.0,1100,0.0,0.0
2023-08-18 14:00:00+09:00,382.0,382.0,380.0,381.0,61100,0.0,0.0
2023-08-21 09:00:00+09:00,382.0,384.0,382.0,383.0,58900,0.0,0.0
2023-08-21 10:00:00+09:00,382.0,384.0,382.0,384.0,22000,0.0,0.0
2023-08-21 11:00:00+09:00,383.0,384.0,383.0,383.0,0,0.0,0.0
2023-08-21 12:00:00+09:00,384.0,384.0,382.0,383.0,108700,0.0,0.0
2023-08-21 13:00:00+09:00,383.0,383.0,382.0,382.0,15200,0.0,0.0
2023-08-21 14:00:00+09:00,382.0,382.0,380.0,380.0,26400,0.0,0.0
2023-08-22 09:00:00+09:00,382.0,386.0,381.0,384.0,148700,0.0,0.0
2023-08-22 10:00:00+09:00,383.0,388.0,383.0,387.0,36500,0.0,0.0
2023-08-22 11:00:00+09:00,388.0,388.0,387.0,388.0,0,0.0,0.0
2023-08-22 12:00:00+09:00,390.0,390.0,388.0,388.0,249000,0.0,0.0
2023-08-22 13:00:00+09:00,388.0,391.0,388.0,391.0,55200,0.0,0.0
2023-08-22 14:00:00+09:00,390.0,394.0,390.0,394.0,118000,0.0,0.0
2023-08-23 09:00:00+09:00,394.0,397.0,392.0,396.0,83400,0.0,0.0
2023-08-23 10:00:00+09:00,395.0,396.0,394.0,396.0,19000,0.0,0.0
2023-08-23 11:00:00+09:00,396.0,396.0,394.0,395.0,0,0.0,0.0
2023-08-23 12:00:00+09:00,395.0,397.0,392.0,397.0,204300,0.0,0.0
2023-08-23 13:00:00+09:00,397.0,397.0,395.0,397.0,20400,0.0,0.0
2023-08-23 14:00:00+09:00,397.0,397.0,395.0,396.0,48200,0.0,0.0
2023-08-24 09:00:00+09:00,396.0,405.0,396.0,404.0,149300,0.0,0.0
2023-08-24 10:00:00+09:00,403.0,404.0,402.0,402.0,59200,0.0,0.0
2023-08-24 11:00:00+09:00,402.0,402.0,402.0,402.0,0,0.0,0.0
2023-08-24 12:00:00+09:00,402.0,403.0,402.0,402.0,246500,0.0,0.0
2023-08-24 13:00:00+09:00,402.0,403.0,401.0,402.0,26300,0.0,0.0
2023-08-24 14:00:00+09:00,403.0,404.0,401.0,403.0,60600,0.0,0.0
2023-08-25 09:00:00+09:00,401.0,403.0,399.0,399.0,31500,0.0,0.0
2023-08-25 10:00:00+09:00,399.0,399.0,396.0,396.0,49000,0.0,0.0
2023-08-25 11:00:00+09:00,396.0,398.0,396.0,397.0,0,0.0,0.0
2023-08-25 12:00:00+09:00,397.0,398.0,397.0,398.0,113900,0.0,0.0
2023-08-25 13:00:00+09:00,398.0,399.0,397.0,397.0,20800,0.0,0.0
2023-08-25 14:00:00+09:00,397.0,400.0,397.0,397.0,34000,0.0,0.0
2023-08-28 09:00:00+09:00,400.0,403.0,399.0,402.0,0,0.0,0.0
2023-08-28 10:00:00+09:00,402.0,403.0,399.0,403.0,127200,0.0,0.0
2023-08-28 11:00:00+09:00,403.0,403.0,401.0,401.0,0,0.0,0.0
2023-08-28 12:00:00+09:00,401.0,401.0,401.0,401.0,160900,0.0,0.0
2023-08-28 13:00:00+09:00,401.0,401.0,400.0,401.0,15300,0.0,0.0
2023-08-28 14:00:00+09:00,401.0,403.0,401.0,402.0,13100,0.0,0.0
2023-08-29 09:00:00+09:00,404.0,407.0,403.0,405.0,0,0.0,0.0
2023-08-29 10:00:00+09:00,405.0,406.0,403.0,404.0,159600,0.0,0.0
2023-08-29 11:00:00+09:00,403.0,403.0,401.0,401.0,0,0.0,0.0
2023-08-29 12:00:00+09:00,401.0,403.0,401.0,402.0,177500,0.0,0.0
2023-08-29 13:00:00+09:00,402.0,406.0,402.0,406.0,16600,0.0,0.0
2023-08-29 14:00:00+09:00,405.0,407.0,402.0,406.0,76100,0.0,0.0
2023-08-30 09:00:00+09:00,406.0,415.0,406.0,414.0,152800,0.0,0.0
2023-08-30 10:00:00+09:00,413.0,415.0,411.0,412.0,69200,0.0,0.0
2023-08-30 11:00:00+09:00,412.0,412.0,411.0,411.0,0,0.0,0.0
2023-08-30 12:00:00+09:00,410.0,414.0,410.0,412.0,260000,0.0,0.0
2023-08-30 13:00:00+09:00,412.0,414.0,412.0,414.0,21300,0.0,0.0
2023-08-30 14:00:00+09:00,414.0,416.0,414.0,415.0,90800,0.0,0.0
2023-08-31 09:00:00+09:00,413.0,414.0,409.0,413.0,87700,0.0,0.0
2023-08-31 10:00:00+09:00,412.0,415.0,412.0,415.0,22800,0.0,0.0
2023-08-31 11:00:00+09:00,414.0,414.0,412.0,414.0,0,0.0,0.0
2023-08-31 12:00:00+09:00,414.0,416.0,414.0,416.0,151200,0.0,0.0
2023-08-31 13:00:00+09:00,416.0,416.0,414.0,414.0,22300,0.0,0.0
2023-08-31 14:00:00+09:00,414.0,415.0,413.0,413.0,41100,0.0,0.0
2023-09-01 09:00:00+09:00,415.0,422.0,411.0,421.0,201400,0.0,0.0
2023-09-01 10:00:00+09:00,420.0,423.0,420.0,423.0,45900,0.0,0.0
2023-09-01 11:00:00+09:00,423.0,423.0,420.0,421.0,0,0.0,0.0
2023-09-01 12:00:00+09:00,420.0,423.0,420.0,423.0,283100,0.0,0.0
2023-09-01 13:00:00+09:00,422.0,422.0,421.0,422.0,25600,0.0,0.0
2023-09-01 14:00:00+09:00,422.0,423.0,420.0,421.0,76200,0.0,0.0
2023-09-04 09:00:00+09:00,426.0,429.0,426.0,428.0,0,0.0,0.0
2023-09-04 10:00:00+09:00,428.0,433.0,427.0,432.0,88100,0.0,0.0
2023-09-04 11:00:00+09:00,433.0,433.0,430.0,431.0,0,0.0,0.0
2023-09-04 12:00:00+09:00,431.0,432.0,430.0,430.0,252500,0.0,0.0
2023-09-04 13:00:00+09:00,431.0,432.0,431.0,432.0,30200,0.0,0.0
2023-09-04 14:00:00+09:00,431.0,437.0,431.0,436.0,188300,0.0,0.0
2023-09-05 09:00:00+09:00,439.0,441.0,433.0,433.0,182200,0.0,0.0
2023-09-05 10:00:00+09:00,433.0,433.0,430.0,431.0,88600,0.0,0.0
2023-09-05 11:00:00+09:00,431.0,433.0,429.0,431.0,0,0.0,0.0
2023-09-05 12:00:00+09:00,430.0,432.0,430.0,431.0,334900,0.0,0.0
2023-09-05 13:00:00+09:00,431.0,433.0,430.0,432.0,14200,0.0,0.0
2023-09-05 14:00:00+09:00,432.0,434.0,431.0,432.0,34200,0.0,0.0
2023-09-06 09:00:00+09:00,428.0,440.0,428.0,439.0,229500,0.0,0.0
2023-09-06 10:00:00+09:00,440.0,444.0,440.0,440.0,102700,0.0,0.0
2023-09-06 11:00:00+09:00,439.0,439.0,437.0,438.0,0,0.0,0.0
2023-09-06 12:00:00+09:00,439.0,440.0,438.0,440.0,399200,0.0,0.0
2023-09-06 13:00:00+09:00,439.0,439.0,438.0,438.0,16600,0.0,0.0
2023-09-06 14:00:00+09:00,438.0,440.0,437.0,438.0,54200,0.0,0.0
2023-09-07 09:00:00+09:00,436.0,441.0,436.0,440.0,51900,0.0,0.0
2023-09-07 10:00:00+09:00,440.0,441.0,439.0,440.0,24900,0.0,0.0
2023-09-07 11:00:00+09:00,441.0,441.0,440.0,441.0,0,0.0,0.0
2023-09-07 12:00:00+09:00,441.0,443.0,440.0,440.0,137800,0.0,0.0
2023-09-07 13:00:00+09:00,440.0,441.0,439.0,439.0,8700,0.0,0.0
2023-09-07 14:00:00+09:00,440.0,441.0,439.0,440.0,46600,0.0,0.0
2023-09-08 09:00:00+09:00,432.0,437.0,432.0,435.0,349300,0.0,0.0
2023-09-08 10:00:00+09:00,436.0,436.0,434.0,434.0,15800,0.0,0.0
2023-09-08 11:00:00+09:00,434.0,436.0,434.0,434.0,0,0.0,0.0
2023-09-08 12:00:00+09:00,433.0,434.0,432.0,432.0,413500,0.0,0.0
2023-09-08 13:00:00+09:00,431.0,432.0,429.0,430.0,29600,0.0,0.0
2023-09-08 14:00:00+09:00,430.0,432.0,429.0,431.0,43100,0.0,0.0
2023-09-11 09:00:00+09:00,438.0,448.0,438.0,448.0,173700,0.0,0.0
2023-09-11 10:00:00+09:00,449.0,449.0,447.0,449.0,46300,0.0,0.0
2023-09-11 11:00:00+09:00,449.0,451.0,449.0,451.0,0,0.0,0.0
2023-09-11 12:00:00+09:00,450.0,452.0,449.0,451.0,354300,0.0,0.0
2023-09-11 13:00:00+09:00,450.0,453.0,450.0,452.0,25100,0.0,0.0
2023-09-11 14:00:00+09:00,452.0,454.0,451.0,454.0,97700,0.0,0.0
2023-09-12 09:00:00+09:00,454.0,458.0,449.0,450.0,0,0.0,0.0
2023-09-12 10:00:00+09:00,450.0,450.0,447.0,447.0,105100,0.0,0.0
2023-09-12 11:00:00+09:00,447.0,447.0,445.0,446.0,0,0.0,0.0
2023-09-12 12:00:00+09:00,447.0,451.0,447.0,450.0,168500,0.0,0.0
2023-09-12 13:00:00+09:00,449.0,451.0,449.0,451.0,14500,0.0,0.0
2023-09-12 14:00:00+09:00,450.0,453.0,449.0,451.0,36100,0.0,0.0
2023-09-13 09:00:00+09:00,454.0,458.0,450.0,452.0,112900,0.0,0.0
2023-09-13 10:00:00+09:00,452.0,453.0,451.0,453.0,41200,0.0,0.0
2023-09-13 11:00:00+09:00,453.0,454.0,451.0,451.0,0,0.0,0.0
2023-09-13 12:00:00+09:00,449.0,452.0,449.0,451.0,208500,0.0,0.0
2023-09-13 13:00:00+09:00,452.0,454.0,451.0,454.0,30300,0.0,0.0
2023-09-13 14:00:00+09:00,455.0,458.0,454.0,455.0,75900,0.0,0.0
2023-09-14 09:00:00+09:00,460.0,466.0,459.0,461.0,147200,0.0,0.0
2023-09-14 10:00:00+09:00,461.0,465.0,461.0,465.0,32300,0.0,0.0
2023-09-14 11:00:00+09:00,465.0,466.0,464.0,465.0,0,0.0,0.0
2023-09-14 12:00:00+09:00,467.0,469.0,466.0,467.0,240300,0.0,0.0
2023-09-14 13:00:00+09:00,466.0,468.0,465.0,468.0,30000,0.0,0.0
2023-09-14 14:00:00+09:00,468.0,468.0,466.0,467.0,54700,0.0,0.0
2023-09-15 09:00:00+09:00,470.0,474.0,468.0,473.0,86600,0.0,0.0
2023-09-15 10:00:00+09:00,473.0,476.0,473.0,476.0,57100,0.0,0.0
2023-09-15 11:00:00+09:00,476.0,477.0,475.0,476.0,0,0.0,0.0
2023-09-15 12:00:00+09:00,475.0,478.0,475.0,476.0,188500,0.0,0.0
2023-09-15 13:00:00+09:00,476.0,476.0,473.0,474.0,34800,0.0,0.0
2023-09-15 14:00:00+09:00,474.0,474.0,466.0,468.0,221700,0.0,0.0
2023-09-19 09:00:00+09:00,466.0,475.0,462.0,473.0,108600,0.0,0.0
2023-09-19 10:00:00+09:00,473.0,473.0,470.0,472.0,34100,0.0,0.0
2023-09-19 11:00:00+09:00,472.0,473.0,470.0,470.0,0,0.0,0.0
2023-09-19 12:00:00+09:00,473.0,476.0,473.0,474.0,198200,0.0,0.0
2023-09-19 13:00:00+09:00,474.0,475.0,473.0,474.0,25100,0.0,0.0
2023-09-19 14:00:00+09:00,474.0,478.0,474.0,478.0,58300,0.0,0.0
2023-09-20 09:00:00+09:00,478.0,481.0,469.0,470.0,0,0.0,0.0
2023-09-20 10:00:00+09:00,470.0,471.0,467.0,469.0,238100,0.0,0.0
2023-09-20 11:00:00+09:00,469.0,469.0,468.0,468.0,0,0.0,0.0
2023-09-20 12:00:00+09:00,467.0,468.0,464.0,464.0,302800,0.0,0.0
2023-09-20 13:00:00+09:00,464.0,469.0,464.0,467.0,51100,0.0,0.0
2023-09-20 14:00:00+09:00,467.0,469.0,466.0,466.0,89300,0.0,0.0
2023-09-21 09:00:00+09:00,469.0,477.0,469.0,471.0,174200,0.0,0.0
2023-09-21 10:00:00+09:00,472.0,476.0,472.0,475.0,25900,0.0,0.0
2023-09-21 11:00:00+09:00,475.0,475.0,472.0,473.0,0,0.0,0.0
2023-09-21 12:00:00+09:00,472.0,473.0,471.0,473.0,236200,0.0,0.0
2023-09-21 13:00:00+09:00,474.0,474.0,471.0,472.0,32000,0.0,0.0
2023-09-21 14:00:00+09:00,471.0,473.0,471.0,471.0,42000,0.0,0.0
2023-09-22 09:00:00+09:00,471.0,474.0,463.0,466.0,154300,0.0,0.0
2023-09-22 10:00:00+09:00,466.0,471.0,464.0,469.0,66200,0.0,0.0
2023-09-22 11:00:00+09:00,469.0,470.0,469.0,469.0,0,0.0,0.0
2023-09-22 12:00:00+09:00,472.0,479.0,471.0,478.0,368300,0.0,0.0
2023-09-22 13:00:00+09:00,478.0,479.0,477.0,478.0,69000,0.0,0.0
2023-09-22 14:00:00+09:00,478.0,484.0,477.0,480.0,94800,0.0,0.0
2023-09-25 09:00:00+09:00,475.0,476.0,464.0,470.0,185200,0.0,0.0
2023-09-25 10:00:00+09:00,469.0,474.0,468.0,470.0,77900,0.0,0.0
2023-09-25 11:00:00+09:00,470.0,470.0,468.0,468.0,0,0.0,0.0
2023-09-25 12:00:00+09:00,468.0,470.0,468.0,470.0,287600,0.0,0.0
2023-09-25 13:00:00+09:00,471.0,474.0,471.0,473.0,56500,0.0,0.0
2023-09-25 14:00:00+09:00,473.0,474.0,471.0,471.0,38400,0.0,0.0
2023-09-26 09:00:00+09:00,472.0,474.0,469.0,472.0,82000,0.0,0.0
2023-09-26 10:00:00+09:00,472.0,476.0,472.0,474.0,36300,0.0,0.0
2023-09-26 11:00:00+09:00,474.0,475.0,471.0,471.0,0,0.0,0.0
2023-09-26 12:00:00+09:00,473.0,475.0,472.0,472.0,169500,0.0,0.0
2023-09-26 13:00:00+09:00,472.0,475.0,472.0,475.0,22800,0.0,0.0
2023-09-26 14:00:00+09:00,474.0,480.0,474.0,476.0,118300,0.0,0.0
2023-09-27 09:00:00+09:00,474.0,474.0,467.0,469.0,59300,0.0,0.0
2023-09-27 10:00:00+09:00,468.0,472.0,467.0,472.0,28600,0.0,0.0
2023-09-27 11:00:00+09:00,472.0,475.0,472.0,474.0,0,0.0,0.0
2023-09-27 12:00:00+09:00,476.0,481.0,475.0,479.0,240100,0.0,0.0
2023-09-27 13:00:00+09:00,480.0,482.0,480.0,482.0,42200,0.0,0.0
2023-09-27 14:00:00+09:00,483.0,486.0,482.0,485.0,90400,0.0,0.0
2023-09-28 09:00:00+09:00,480.0,484.0,474.0,483.0,94400,0.0,0.0
2023-09-28 10:00:00+09:00,484.0,484.0,482.0,484.0,33200,0.0,0.0
2023-09-28 11:00:00+09:00,484.0,484.0,480.0,480.0,0,0.0,0.0
2023-09-28 12:00:00+09:00,476.0,479.0,473.0,474.0,246300,0.0,0.0
2023-09-28 13:00:00+09:00,475.0,477.0,475.0,476.0,56200,0.0,0.0
2023-09-28 14:00:00+09:00,476.0,479.0,475.0,477.0,61800,0.0,0.0
2023-09-29 09:00:00+09:00,472.0,475.0,466.0,469.0,170200,0.0,0.0
2023-09-29 10:00:00+09:00,470.0,471.0,467.0,468.0,31000,0.0,0.0
2023-09-29 11:00:00+09:00,467.0,472.0,467.0,470.0,0,0.0,0.0
2023-09-29 12:00:00+09:00,469.0,470.0,468.0,468.0,286400,0.0,0.0
2023-09-29 13:00:00+09:00,468.0,468.0,464.0,465.0,52300,0.0,0.0
2023-09-29 14:00:00+09:00,464.0,465.0,460.0,461.0,72100,0.0,0.0
2023-10-02 09:00:00+09:00,469.0,476.0,467.0,474.0,127000,0.0,0.0
2023-10-02 10:00:00+09:00,474.0,478.0,474.0,476.0,78300,0.0,0.0
2023-10-02 11:00:00+09:00,476.0,480.0,476.0,480.0,0,0.0,0.0
2023-10-02 12:00:00+09:00,480.0,480.0,472.0,472.0,270900,0.0,0.0
2023-10-02 13:00:00+09:00,472.0,473.0,470.0,471.0,58400,0.0,0.0
2023-10-02 14:00:00+09:00,472.0,472.0,468.0,468.0,80000,0.0,0.0
2023-10-03 09:00:00+09:00,464.0,467.0,456.0,461.0,139400,0.0,0.0
2023-10-03 10:00:00+09:00,460.0,464.0,459.0,462.0,51400,0.0,0.0
2023-10-03 11:00:00+09:00,463.0,464.0,463.0,463.0,0,0.0,0.0
2023-10-03 12:00:00+09:00,463.0,463.0,461.0,461.0,243600,0.0,0.0
2023-10-03 13:00:00+09:00,460.0,460.0,458.0,459.0,21300,0.0,0.0
2023-10-03 14:00:00+09:00,458.0,460.0,457.0,458.0,74000,0.0,0.0
2023-10-04 09:00:00+09:00,451.0,454.0,444.0,451.0,179100,0.0,0.0
2023-10-04 10:00:00+09:00,451.0,454.0,446.0,449.0,104500,0.0,0.0
2023-10-04 11:00:00+09:00,449.0,453.0,449.0,452.0,0,0.0,0.0
2023-10-04 12:00:00+09:00,452.0,453.0,448.0,449.0,347900,0.0,0.0
2023-10-04 13:00:00+09:00,448.0,450.0,445.0,447.0,112400,0.0,0.0
2023-10-04 14:00:00+09:00,447.0,448.0,444.0,445.0,72200,0.0,0.0
2023-10-05 09:00:00+09:00,446.0,454.0,446.0,454.0,77400,0.0,0.0
2023-10-05 10:00:00+09:00,454.0,458.0,454.0,457.0,47300,0.0,0.0
2023-10-05 11:00:00+09:00,457.0,460.0,456.0,458.0,0,0.0,0.0
2023-10-05 12:00:00+09:00,459.0,465.0,459.0,464.0,172600,0.0,0.0
2023-10-05 13:00:00+09:00,464.0,465.0,462.0,462.0,27400,0.0,0.0
2023-10-05 14:00:00+09:00,463.0,465.0,461.0,464.0,76400,0.0,0.0
2023-10-06 09:00:00+09:00,467.0,471.0,461.0,471.0,75600,0.0,0.0
2023-10-06 10:00:00+09:00,471.0,474.0,471.0,473.0,34500,0.0,0.0
2023-10-06 11:00:00+09:00,473.0,473.0,471.0,472.0,0,0.0,0.0
2023-10-06 12:00:00+09:00,471.0,474.0,471.0,472.0,143100,0.0,0.0
2023-10-06 13:00:00+09:00,472.0,473.0,471.0,471.0,9600,0.0,0.0
2023-10-06 14:00:00+09:00,472.0,473.0,471.0,472.0,39000,0.0,0.0
2023-10-10 09:00:00+09:00,480.0,484.0,475.0,476.0,113500,0.0,0.0
2023-10-10 10:00:00+09:00,477.0,480.0,476.0,477.0,87100,0.0,0.0
2023-10-10 11:00:00+09:00,477.0,477.0,474.0,477.0,0,0.0,0.0
2023-10-10 12:00:00+09:00,476.0,482.0,476.0,481.0,309300,0.0,0.0
2023-10-10 13:00:00+09:00,481.0,482.0,479.0,480.0,31200,0.0,0.0
2023-10-10 14:00:00+09:00,481.0,483.0,479.0,483.0,72700,0.0,0.0
2023-10-11 09:00:00+09:00,483.0,484.0,476.0,480.0,75400,0.0,0.0
2023-10-11 10:00:00+09:00,480.0,481.0,479.0,479.0,36100,0.0,0.0
2023-10-11 11:00:00+09:00,480.0,481.0,479.0,480.0,0,0.0,0.0
2023-10-11 12:00:00+09:00,480.0,484.0,480.0,483.0,152400,0.0,0.0
2023-10-11 13:00:00+09:00,483.0,486.0,482.0,485.0,82700,0.0,0.0
2023-10-11 14:00:00+09:00,485.0,485.0,482.0,482.0,29000,0.0,0.0
2023-10-12 09:00:00+09:00,481.0,483.0,480.0,482.0,42700,0.0,0.0
2023-10-12 10:00:00+09:00,482.0,485.0,482.0,485.0,26100,0.0,0.0
2023-10-12 11:00:00+09:00,484.0,486.0,484.0,485.0,0,0.0,0.0
2023-10-12 12:00:00+09:00,484.0,488.0,484.0,487.0,190800,0.0,0.0
2023-10-12 13:00:00+09:00,487.0,488.0,484.0,485.0,36300,0.0,0.0
2023-10-12 14:00:00+09:00,484.0,487.0,483.0,486.0,49800,0.0,0.0
2023-10-13 09:00:00+09:00,490.0,501.0,489.0,500.0,266900,0.0,0.0
2023-10-13 10:00:00+09:00,501.0,501.0,496.0,496.0,76000,0.0,0.0
2023-10-13 11:00:00+09:00,496.0,496.0,489.0,490.0,0,0.0,0.0
2023-10-13 12:00:00+09:00,489.0,490.0,482.0,482.0,474900,0.0,0.0
2023-10-13 13:00:00+09:00,482.0,482.0,478.0,478.0,102400,0.0,0.0
2023-10-13 14:00:00+09:00,477.0,481.0,476.0,479.0,189200,0.0,0.0
2023-10-16 09:00:00+09:00,475.0,477.0,469.0,474.0,95200,0.0,0.0
2023-10-16 10:00:00+09:00,475.0,476.0,474.0,474.0,27100,0.0,0.0
2023-10-16 11:00:00+09:00,474.0,475.0,471.0,474.0,0,0.0,0.0
2023-10-16 12:00:00+09:00,471.0,473.0,470.0,470.0,204700,0.0,0.0
2023-10-16 13:00:00+09:00,471.0,473.0,470.0,473.0,30800,0.0,0.0
2023-10-16 14:00:00+09:00,473.0,474.0,471.0,473.0,44200,0.0,0.0
2023-10-17 09:00:00+09:00,476.0,482.0,476.0,478.0,52900,0.0,0.0
2023-10-17 10:00:00+09:00,478.0,478.0,475.0,475.0,82900,0.0,0.0
2023-10-17 11:00:00+09:00,476.0,476.0,474.0,475.0,0,0.0,0.0
2023-10-17 12:00:00+09:00,475.0,477.0,474.0,475.0,199700,0.0,0.0
2023-10-17 13:00:00+09:00,475.0,475.0,474.0,474.0,18600,0.0,0.0
2023-10-17 14:00:00+09:00,475.0,478.0,475.0,477.0,27800,0.0,0.0
2023-10-18 09:00:00+09:00,480.0,490.0,479.0,490.0,168200,0.0,0.0
2023-10-18 10:00:00+09:00,489.0,490.0,486.0,486.0,35400,0.0,0.0
2023-10-18 11:00:00+09:00,486.0,486.0,482.0,483.0,0,0.0,0.0
2023-10-18 12:00:00+09:00,482.0,482.0,478.0,481.0,240000,0.0,0.0
2023-10-18 13:00:00+09:00,481.0,485.0,481.0,484.0,24700,0.0,0.0
2023-10-18 14:00:00+09:00,484.0,487.0,484.0,486.0,37800,0.0,0.0
2023-10-19 09:00:00+09:00,479.0,485.0,478.0,482.0,45400,0.0,0.0
2023-10-19 10:00:00+09:00,482.0,483.0,478.0,478.0,35100,0.0,0.0
2023-10-19 11:00:00+09:00,478.0,479.0,477.0,479.0,0,0.0,0.0
2023-10-19 12:00:00+09:00,477.0,479.0,477.0,479.0,124000,0.0,0.0
2023-10-19 13:00:00+09:00,479.0,481.0,478.0,481.0,0,0.0,0.0
2023-10-19 14:00:00+09:00,481.0,482.0,480.0,481.0,183700,0.0,0.0
2023-10-20 09:00:00+09:00,479.0,487.0,478.0,485.0,76800,0.0,0.0
2023-10-20 10:00:00+09:00,484.0,484.0,473.0,473.0,82900,0.0,0.0
2023-10-20 11:00:00+09:00,473.0,474.0,473.0,474.0,0,0.0,0.0
2023-10-20 12:00:00+09:00,475.0,476.0,473.0,475.0,198200,0.0,0.0
2023-10-20 13:00:00+09:00,475.0,476.0,475.0,475.0,17300,0.0,0.0
2023-10-20 14:00:00+09:00,474.0,476.0,474.0,475.0,50100,0.0,0.0
2023-10-23 09:00:00+09:00,476.0,482.0,473.0,477.0,92500,0.0,0.0
2023-10-23 10:00:00+09:00,476.0,477.0,475.0,476.0,17300,0.0,0.0
2023-10-23 11:00:00+09:00,475.0,478.0,475.0,478.0,0,0.0,0.0
2023-10-23 12:00:00+09:00,481.0,481.0,477.0,477.0,156800,0.0,0.0
2023-10-23 13:00:00+09:00,476.0,477.0,475.0,477.0,16800,0.0,0.0
2023-10-23 14:00:00+09:00,477.0,478.0,474.0,474.0,38400,0.0,0.0
2023-10-24 09:00:00+09:00,469.0,469.0,455.0,456.0,171800,0.0,0.0
2023-10-24 10:00:00+09:00,456.0,456.0,448.0,454.0,62100,0.0,0.0
2023-10-24 11:00:00+09:00,454.0,459.0,454.0,458.0,0,0.0,0.0
2023-10-24 12:00:00+09:00,457.0,459.0,456.0,458.0,345200,0.0,0.0
2023-10-24 13:00:00+09:00,458.0,462.0,458.0,461.0,48300,0.0,0.0
2023-10-24 14:00:00+09:00,462.0,464.0,461.0,462.0,50600,0.0,0.0
2023-10-25 09:00:00+09:00,461.0,466.0,457.0,466.0,64100,0.0,0.0
2023-10-25 10:00:00+09:00,466.0,467.0,465.0,466.0,25500,0.0,0.0
2023-10-25 11:00:00+09:00,465.0,467.0,465.0,466.0,0,0.0,0.0
2023-10-25 12:00:00+09:00,468.0,472.0,467.0,470.0,126100,0.0,0.0
2023-10-25 13:00:00+09:00,470.0,471.0,468.0,468.0,24100,0.0,0.0
2023-10-25 14:00:00+09:00,469.0,469.0,465.0,467.0,57500,0.0,0.0
2023-10-26 09:00:00+09:00,465.0,467.0,463.0,467.0,58800,0.0,0.0
2023-10-26 10:00:00+09:00,466.0,469.0,465.0,467.0,45500,0.0,0.0
2023-10-26 11:00:00+09:00,467.0,467.0,464.0,464.0,0,0.0,0.0
2023-10-26 12:00:00+09:00,464.0,464.0,459.0,462.0,170900,0.0,0.0
2023-10-26 13:00:00+09:00,462.0,466.0,462.0,465.0,29600,0.0,0.0
2023-10-26 14:00:00+09:00,466.0,467.0,464.0,467.0,60200,0.0,0.0
2023-10-27 09:00:00+09:00,475.0,486.0,472.0,485.0,154400,0.0,0.0
2023-10-27 10:00:00+09:00,486.0,489.0,485.0,489.0,47700,0.0,0.0
2023-10-27 11:00:00+09:00,489.0,490.0,488.0,490.0,0,0.0,0.0
2023-10-27 12:00:00+09:00,490.0,490.0,487.0,488.0,248100,0.0,0.0
2023-10-27 13:00:00+09:00,488.0,490.0,487.0,489.0,54200,0.0,0.0
2023-10-27 14:00:00+09:00,489.0,491.0,488.0,491.0,52300,0.0,0.0
2023-10-30 09:00:00+09:00,483.0,490.0,480.0,489.0,183700,0.0,0.0
2023-10-30 10:00:00+09:00,490.0,491.0,483.0,487.0,128100,0.0,0.0
2023-10-30 11:00:00+09:00,488.0,491.0,488.0,489.0,0,0.0,0.0
2023-10-30 12:00:00+09:00,487.0,487.0,480.0,480.0,469200,0.0,0.0
2023-10-30 13:00:00+09:00,480.0,480.0,477.0,478.0,58400,0.0,0.0
2023-10-30 14:00:00+09:00,478.0,481.0,477.0,481.0,143300,0.0,0.0
2023-10-31 09:00:00+09:00,489.0,496.0,488.0,494.0,145800,0.0,0.0
2023-10-31 10:00:00+09:00,494.0,506.0,494.0,504.0,185600,0.0,0.0
2023-10-31 11:00:00+09:00,504.0,507.0,501.0,505.0,0,0.0,0.0
2023-10-31 12:00:00+09:00,506.0,506.0,488.0,502.0,586300,0.0,0.0
2023-10-31 13:00:00+09:00,502.0,509.0,501.0,501.0,113800,0.0,0.0
2023-10-31 14:00:00+09:00,500.0,505.0,500.0,504.0,102800,0.0,0.0
2023-11-01 09:00:00+09:00,511.0,519.0,506.0,515.0,210900,0.0,0.0
2023-11-01 10:00:00+09:00,515.0,521.0,515.0,516.0,150600,0.0,0.0
2023-11-01 11:00:00+09:00,515.0,516.0,513.0,514.0,0,0.0,0.0
2023-11-01 12:00:00+09:00,516.0,521.0,516.0,520.0,432500,0.0,0.0
2023-11-01 13:00:00+09:00,520.0,524.0,516.0,524.0,93800,0.0,0.0
2023-11-01 14:00:00+09:00,525.0,528.0,524.0,527.0,73100,0.0,0.0
2023-11-02 09:00:00+09:00,530.0,537.0,521.0,523.0,268600,0.0,0.0
2023-11-02 10:00:00+09:00,522.0,522.0,514.0,516.0,112100,0.0,0.0
2023-11-02 11:00:00+09:00,517.0,520.0,516.0,516.0,0,0.0,0.0
2023-11-02 12:00:00+09:00,520.0,520.0,512.0,513.0,469400,0.0,0.0
2023-11-02 13:00:00+09:00,513.0,520.0,513.0,519.0,38900,0.0,0.0
2023-11-02 14:00:00+09:00,519.0,526.0,519.0,525.0,108700,0.0,0.0
2023-11-06 09:00:00+09:00,534.0,534.0,518.0,524.0,235400,0.0,0.0
2023-11-06 10:00:00+09:00,525.0,530.0,524.0,527.0,73600,0.0,0.0
2023-11-06 11:00:00+09:00,527.0,529.0,527.0,529.0,0,0.0,0.0
2023-11-06 12:00:00+09:00,526.0,528.0,520.0,525.0,379400,0.0,0.0
2023-11-06 13:00:00+09:00,524.0,527.0,523.0,523.0,50400,0.0,0.0
2023-11-06 14:00:00+09:00,522.0,522.0,517.0,518.0,70700,0.0,0.0
2023-11-07 09:00:00+09:00,517.0,528.0,514.0,526.0,70200,0.0,0.0
2023-11-07 10:00:00+09:00,526.0,526.0,519.0,520.0,46200,0.0,0.0
2023-11-07 11:00:00+09:00,521.0,522.0,519.0,521.0,0,0.0,0.0
2023-11-07 12:00:00+09:00,519.0,521.0,517.0,518.0,152200,0.0,0.0
2023-11-07 13:00:00+09:00,517.0,520.0,516.0,519.0,34600,0.0,0.0
2023-11-07 14:00:00+09:00,520.0,522.0,519.0,520.0,45800,0.0,0.0
2023-11-08 09:00:00+09:00,518.0,518.0,505.0,505.0,122500,0.0,0.0
2023-11-08 10:00:00+09:00,505.0,505.0,495.0,497.0,182500,0.0,0.0
2023-11-08 11:00:00+09:00,498.0,499.0,493.0,494.0,0,0.0,0.0
2023-11-08 12:00:00+09:00,492.0,494.0,478.0,481.0,491000,0.0,0.0
2023-11-08 13:00:00+09:00,482.0,485.0,476.0,485.0,92600,0.0,0.0
2023-11-08 14:00:00+09:00,485.0,487.0,480.0,481.0,84300,0.0,0.0
2023-11-09 09:00:00+09:00,481.0,486.0,468.0,471.0,151800,0.0,0.0
2023-11-09 10:00:00+09:00,472.0,478.0,471.0,474.0,59200,0.0,0.0
2023-11-09 11:00:00+09:00,473.0,476.0,473.0,476.0,0,0.0,0.0
2023-11-09 12:00:00+09:00,476.0,479.0,473.0,479.0,258400,0.0,0.0
2023-11-09 13:00:00+09:00,479.0,480.0,478.0,479.0,41100,0.0,0.0
2023-11-09 14:00:00+09:00,480.0,484.0,478.0,481.0,67000,0.0,0.0
2023-11-10 09:00:00+09:00,480.0,484.0,476.0,481.0,168600,0.0,0.0
2023-11-10 10:00:00+09:00,480.0,486.0,480.0,483.0,55100,0.0,0.0
2023-11-10 11:00:00+09:00,483.0,484.0,481.0,484.0,0,0.0,0.0
2023-11-10 12:00:00+09:00,482.0,484.0,480.0,483.0,259400,0.0,0.0
2023-11-10 13:00:00+09:00,483.0,488.0,483.0,487.0,29500,0.0,0.0
2023-11-10 14:00:00+09:00,488.0,490.0,487.0,489.0,43100,0.0,0.0
2023-11-13 09:00:00+09:00,491.0,493.0,484.0,490.0,0,0.0,0.0
2023-11-13 10:00:00+09:00,489.0,491.0,486.0,487.0,32500,0.0,0.0
2023-11-13 11:00:00+09:00,487.0,487.0,486.0,486.0,0,0.0,0.0
2023-11-13 12:00:00+09:00,484.0,484.0,479.0,481.0,139800,0.0,0.0
2023-11-13 13:00:00+09:00,481.0,485.0,481.0,483.0,35500,0.0,0.0
2023-11-13 14:00:00+09:00,483.0,486.0,481.0,486.0,26400,0.0,0.0
2023-11-14 09:00:00+09:00,500.0,500.0,475.0,476.0,120000,0.0,0.0
2023-11-14 10:00:00+09:00,476.0,480.0,476.0,480.0,54100,0.0,0.0
2023-11-14 11:00:00+09:00,480.0,481.0,478.0,479.0,0,0.0,0.0
2023-11-14 12:00:00+09:00,477.0,482.0,477.0,482.0,231200,0.0,0.0
2023-11-14 13:00:00+09:00,481.0,483.0,480.0,483.0,26900,0.0,0.0
2023-11-14 14:00:00+09:00,483.0,487.0,481.0,485.0,79800,0.0,0.0
2023-11-15 09:00:00+09:00,479.0,479.0,455.0,464.0,324800,0.0,0.0
2023-11-15 10:00:00+09:00,463.0,467.0,461.0,465.0,76000,0.0,0.0
2023-11-15 11:00:00+09:00,466.0,466.0,464.0,466.0,0,0.0,0.0
2023-11-15 12:00:00+09:00,469.0,469.0,460.0,464.0,504400,0.0,0.0
2023-11-15 13:00:00+09:00,464.0,467.0,462.0,466.0,117400,0.0,0.0
2023-11-15 14:00:00+09:00,465.0,474.0,465.0,472.0,118300,0.0,0.0
2023-11-16 09:00:00+09:00,468.0,474.0,467.0,471.0,72800,0.0,0.0
2023-11-16 10:00:00+09:00,470.0,473.0,469.0,469.0,43100,0.0,0.0
2023-11-16 11:00:00+09:00,468.0,468.0,467.0,467.0,0,0.0,0.0
2023-11-16 12:00:00+09:00,466.0,467.0,463.0,465.0,164200,0.0,0.0
2023-11-16 13:00:00+09:00,465.0,468.0,465.0,468.0,30500,0.0,0.0
2023-11-16 14:00:00+09:00,468.0,468.0,465.0,467.0,62700,0.0,0.0
2023-11-17 09:00:00+09:00,463.0,470.0,460.0,470.0,85700,0.0,0.0
2023-11-17 10:00:00+09:00,469.0,471.0,468.0,470.0,35200,0.0,0.0
2023-11-17 11:00:00+09:00,470.0,470.0,467.0,468.0,0,0.0,0.0
2023-11-17 12:00:00+09:00,469.0,473.0,469.0,473.0,159000,0.0,0.0
2023-11-17 13:00:00+09:00,473.0,474.0,470.0,472.0,41300,0.0,0.0
2023-11-17 14:00:00+09:00,473.0,476.0,472.0,474.0,53900,0.0,0.0
2023-11-20 09:00:00+09:00,475.0,489.0,475.0,481.0,89300,0.0,0.0
2023-11-20 10:00:00+09:00,481.0,482.0,478.0,478.0,46700,0.0,0.0
2023-11-20 11:00:00+09:00,479.0,480.0,478.0,479.0,0,0.0,0.0
2023-11-20 12:00:00+09:00,477.0,481.0,477.0,478.0,197800,0.0,0.0
2023-11-20 13:00:00+09:00,478.0,480.0,478.0,479.0,16600,0.0,0.0
2023-11-20 14:00:00+09:00,480.0,483.0,480.0,480.0,55900,0.0,0.0
2023-11-21 09:00:00+09:00,477.0,483.0,474.0,476.0,54300,0.0,0.0
2023-11-21 10:00:00+09:00,476.0,476.0,472.0,475.0,30700,0.0,0.0
2023-11-21 11:00:00+09:00,474.0,476.0,474.0,474.0,0,0.0,0.0
2023-11-21 12:00:00+09:00,474.0,477.0,472.0,473.0,130200,0.0,0.0
2023-11-21 13:00:00+09:00,474.0,475.0,473.0,475.0,11400,0.0,0.0
2023-11-21 14:00:00+09:00,475.0,479.0,474.0,478.0,37200,0.0,0.0
2023-11-22 09:00:00+09:00,476.0,480.0,471.0,480.0,86300,0.0,0.0
2023-11-22 10:00:00+09:00,479.0,481.0,478.0,481.0,29900,0.0,0.0
2023-11-22 11:00:00+09:00,480.0,480.0,478.0,479.0,0,0.0,0.0
2023-11-22 12:00:00+09:00,481.0,481.0,477.0,478.0,181600,0.0,0.0
2023-11-22 13:00:00+09:00,478.0,478.0,477.0,478.0,15500,0.0,0.0
2023-11-22 14:00:00+09:00,479.0,481.0,479.0,481.0,33000,0.0,0.0
2023-11-24 09:00:00+09:00,482.0,483.0,478.0,480.0,42800,0.0,0.0
2023-11-24 10:00:00+09:00,481.0,485.0,480.0,485.0,56400,0.0,0.0
2023-11-24 11:00:00+09:00,485.0,486.0,484.0,485.0,0,0.0,0.0
2023-11-24 12:00:00+09:00,483.0,487.0,483.0,486.0,148900,0.0,0.0
2023-11-24 13:00:00+09:00,485.0,485.0,485.0,485.0,15300,0.0,0.0
2023-11-24 14:00:00+09:00,485.0,488.0,485.0,487.0,55000,0.0,0.0
2023-11-27 09:00:00+09:00,489.0,493.0,486.0,492.0,33900,0.0,0.0
2023-11-27 10:00:00+09:00,491.0,495.0,489.0,490.0,59900,0.0,0.0
2023-11-27 11:00:00+09:00,490.0,490.0,489.0,490.0,0,0.0,0.0
2023-11-27 12:00:00+09:00,488.0,490.0,487.0,489.0,128000,0.0,0.0
2023-11-27 13:00:00+09:00,490.0,490.0,489.0,490.0,17400,0.0,0.0
2023-11-27 14:00:00+09:00,491.0,493.0,490.0,493.0,44800,0.0,0.0
2023-11-28 09:00:00+09:00,493.0,497.0,491.0,497.0,28000,0.0,0.0
2023-11-28 10:00:00+09:00,496.0,504.0,496.0,497.0,66100,0.0,0.0
2023-11-28 11:00:00+09:00,498.0,498.0,497.0,498.0,0,0.0,0.0
2023-11-28 12:00:00+09:00,500.0,500.0,499.0,500.0,134900,0.0,0.0
2023-11-28 13:00:00+09:00,500.0,501.0,498.0,501.0,33300,0.0,0.0
2023-11-28 14:00:00+09:00,501.0,502.0,498.0,499.0,37800,0.0,0.0
2023-11-29 09:00:00+09:00,500.0,504.0,489.0,489.0,0,0.0,0.0
2023-11-29 10:00:00+09:00,490.0,491.0,484.0,486.0,98400,0.0,0.0
2023-11-29 11:00:00+09:00,486.0,487.0,486.0,487.0,0,0.0,0.0
2023-11-29 12:00:00+09:00,487.0,488.0,484.0,487.0,157700,0.0,0.0
2023-11-29 13:00:00+09:00,487.0,489.0,487.0,488.0,25700,0.0,0.0
2023-11-29 14:00:00+09:00,488.0,491.0,488.0,489.0,47700,0.0,0.0
2023-11-30 09:00:00+09:00,485.0,490.0,483.0,484.0,74000,0.0,0.0
2023-11-30 10:00:00+09:00,484.0,485.0,482.0,485.0,50600,0.0,0.0
2023-11-30 11:00:00+09:00,484.0,490.0,484.0,488.0,0,0.0,0.0
2023-11-30 12:00:00+09:00,490.0,490.0,485.0,486.0,188000,0.0,0.0
2023-11-30 13:00:00+09:00,486.0,488.0,484.0,488.0,29400,0.0,0.0
2023-11-30 14:00:00+09:00,488.0,491.0,488.0,490.0,42000,0.0,0.0
2023-12-01 09:00:00+09:00,500.0,503.0,492.0,496.0,152500,0.0,0.0
2023-12-01 10:00:00+09:00,496.0,498.0,495.0,496.0,32100,0.0,0.0
2023-12-01 11:00:00+09:00,496.0,497.0,494.0,495.0,0,0.0,0.0
2023-12-01 12:00:00+09:00,497.0,501.0,497.0,499.0,269000,0.0,0.0
2023-12-01 13:00:00+09:00,500.0,501.0,498.0,499.0,32600,0.0,0.0
2023-12-01 14:00:00+09:00,499.0,500.0,497.0,499.0,108400,0.0,0.0
2023-12-04 09:00:00+09:00,491.0,496.0,489.0,493.0,103900,0.0,0.0
2023-12-04 10:00:00+09:00,492.0,496.0,492.0,492.0,21100,0.0,0.0
2023-12-04 11:00:00+09:00,492.0,492.0,491.0,491.0,0,0.0,0.0
2023-12-04 12:00:00+09:00,489.0,491.0,488.0,491.0,145000,0.0,0.0
2023-12-04 13:00:00+09:00,491.0,494.0,490.0,493.0,16600,0.0,0.0
2023-12-04 14:00:00+09:00,493.0,495.0,492.0,493.0,39100,0.0,0.0
2023-12-05 09:00:00+09:00,485.0,490.0,484.0,486.0,57100,0.0,0.0
2023-12-05 10:00:00+09:00,486.0,487.0,483.0,486.0,37800,0.0,0.0
2023-12-05 11:00:00+09:00,486.0,486.0,482.0,483.0,0,0.0,0.0
2023-12-05 12:00:00+09:00,481.0,483.0,480.0,480.0,188500,0.0,0.0
2023-12-05 13:00:00+09:00,480.0,481.0,477.0,478.0,44800,0.0,0.0
2023-12-05 14:00:00+09:00,478.0,479.0,476.0,477.0,61300,0.0,0.0
2023-12-06 09:00:00+09:00,413.0,417.0,397.0,397.0,1997900,0.0,0.0
2023-12-06 10:00:00+09:00,397.0,400.0,397.0,398.0,1311700,0.0,0.0
2023-12-06 11:00:00+09:00,397.0,398.0,397.0,397.0,0,0.0,0.0
2023-12-06 12:00:00+09:00,398.0,398.0,397.0,397.0,3790600,0.0,0.0
2023-12-06 13:00:00+09:00,397.0,397.0,397.0,397.0,5100,0.0,0.0
2023-12-06 14:00:00+09:00,397.0,400.0,397.0,399.0,924900,0.0,0.0
2023-12-07 09:00:00+09:00,391.0,396.0,389.0,390.0,1084800,0.0,0.0
2023-12-07 10:00:00+09:00,391.0,391.0,385.0,386.0,470000,0.0,0.0
2023-12-07 11:00:00+09:00,386.0,389.0,386.0,388.0,0,0.0,0.0
2023-12-07 12:00:00+09:00,389.0,397.0,389.0,395.0,2484500,0.0,0.0
2023-12-07 13:00:00+09:00,395.0,397.0,394.0,395.0,159600,0.0,0.0
2023-12-07 14:00:00+09:00,395.0,396.0,391.0,393.0,294900,0.0,0.0
2023-12-08 09:00:00+09:00,386.0,394.0,382.0,384.0,1073800,0.0,0.0
2023-12-08 10:00:00+09:00,384.0,385.0,381.0,382.0,183000,0.0,0.0
2023-12-08 11:00:00+09:00,381.0,383.0,381.0,381.0,0,0.0,0.0
2023-12-08 12:00:00+09:00,381.0,381.0,377.0,381.0,1721700,0.0,0.0
2023-12-08 13:00:00+09:00,380.0,382.0,378.0,380.0,259600,0.0,0.0
2023-12-08 14:00:00+09:00,380.0,382.0,379.0,381.0,328300,0.0,0.0
2023-12-11 09:00:00+09:00,379.0,385.0,378.0,382.0,805500,0.0,0.0
2023-12-11 10:00:00+09:00,381.0,389.0,381.0,386.0,322300,0.0,0.0
2023-12-11 11:00:00+09:00,385.0,388.0,385.0,386.0,0,0.0,0.0
2023-12-11 12:00:00+09:00,385.0,386.0,382.0,382.0,1495300,0.0,0.0
2023-12-11 13:00:00+09:00,382.0,385.0,381.0,381.0,195200,0.0,0.0
2023-12-11 14:00:00+09:00,382.0,382.0,379.0,381.0,365100,0.0,0.0
2023-12-12 09:00:00+09:00,381.0,386.0,379.0,381.0,1340700,0.0,0.0
2023-12-12 10:00:00+09:00,381.0,384.0,379.0,383.0,300500,0.0,0.0
2023-12-12 11:00:00+09:00,383.0,385.0,382.0,383.0,0,0.0,0.0
2023-12-12 12:00:00+09:00,382.0,384.0,381.0,382.0,2024100,0.0,0.0
2023-12-12 13:00:00+09:00,382.0,384.0,382.0,382.0,121300,0.0,0.0
2023-12-12 14:00:00+09:00,382.0,383.0,382.0,382.0,59800,0.0,0.0
2023-12-13 09:00:00+09:00,376.0,379.0,372.0,374.0,1335600,0.0,0.0
2023-12-13 10:00:00+09:00,374.0,374.0,371.0,374.0,434000,0.0,0.0
2023-12-13 11:00:00+09:00,374.0,375.0,371.0,372.0,0,0.0,0.0
2023-12-13 12:00:00+09:00,372.0,375.0,371.0,375.0,3049800,0.0,0.0
2023-12-13 13:00:00+09:00,375.0,377.0,373.0,376.0,635400,0.0,0.0
2023-12-13 14:00:00+09:00,376.0,381.0,376.0,379.0,767200,0.0,0.0
2023-12-14 09:00:00+09:00,372.0,375.0,368.0,368.0,3263000,0.0,0.0
2023-12-14 10:00:00+09:00,369.0,370.0,368.0,369.0,601000,0.0,0.0
2023-12-14 11:00:00+09:00,369.0,370.0,368.0,369.0,0,0.0,0.0
2023-12-14 12:00:00+09:00,368.0,370.0,367.0,367.0,4708800,0.0,0.0
2023-12-14 13:00:00+09:00,367.0,369.0,367.0,368.0,582800,0.0,0.0
2023-12-14 14:00:00+09:00,368.0,369.0,367.0,367.0,360800,0.0,0.0
2023-12-15 09:00:00+09:00,367.0,368.0,367.0,367.0,689100,0.0,0.0
2023-12-15 10:00:00+09:00,367.0,368.0,366.0,367.0,1273400,0.0,0.0
2023-12-15 11:00:00+09:00,367.0,367.0,366.0,366.0,0,0.0,0.0
2023-12-15 12:00:00+09:00,366.0,367.0,366.0,367.0,2355100,0.0,0.0
2023-12-15 13:00:00+09:00,367.0,367.0,366.0,366.0,224900,0.0,0.0
2023-12-15 14:00:00+09:00,367.0,367.0,366.0,366.0,1626000,0.0,0.0
2023-12-18 09:00:00+09:00,368.0,374.0,367.0,374.0,970400,0.0,0.0
2023-12-18 10:00:00+09:00,373.0,374.0,371.0,371.0,123000,0.0,0.0
2023-12-18 11:00:00+09:00,372.0,374.0,372.0,374.0,0,0.0,0.0
2023-12-18 12:00:00+09:00,374.0,382.0,374.0,381.0,1934400,0.0,0.0
2023-12-18 13:00:00+09:00,381.0,384.0,381.0,381.0,216400,0.0,0.0
2023-12-18 14:00:00+09:00,382.0,387.0,381.0,386.0,346800,0.0,0.0
2023-12-19 09:00:00+09:00,388.0,389.0,381.0,385.0,604900,0.0,0.0
2023-12-19 10:00:00+09:00,384.0,390.0,383.0,390.0,423200,0.0,0.0
2023-12-19 11:00:00+09:00,390.0,391.0,387.0,389.0,0,0.0,0.0
2023-12-19 12:00:00+09:00,391.0,391.0,386.0,390.0,1606400,0.0,0.0
2023-12-19 13:00:00+09:00,389.0,391.0,388.0,390.0,267300,0.0,0.0
2023-12-19 14:00:00+09:00,390.0,392.0,389.0,390.0,426400,0.0,0.0
2023-12-20 09:00:00+09:00,395.0,396.0,392.0,393.0,849700,0.0,0.0
2023-12-20 10:00:00+09:00,393.0,398.0,393.0,395.0,459800,0.0,0.0
2023-12-20 11:00:00+09:00,395.0,395.0,390.0,391.0,0,0.0,0.0
2023-12-20 12:00:00+09:00,390.0,391.0,384.0,385.0,1920600,0.0,0.0
2023-12-20 13:00:00+09:00,385.0,387.0,383.0,387.0,162400,0.0,0.0
2023-12-20 14:00:00+09:00,387.0,388.0,383.0,387.0,629000,0.0,0.0
2023-12-21 09:00:00+09:00,379.0,385.0,373.0,376.0,9508100,0.0,0.0
2023-12-21 10:00:00+09:00,375.0,376.0,372.0,374.0,620500,0.0,0.0
2023-12-21 11:00:00+09:00,374.0,375.0,372.0,374.0,0,0.0,0.0
2023-12-21 12:00:00+09:00,373.0,375.0,372.0,374.0,11545100,0.0,0.0
2023-12-21 13:00:00+09:00,374.0,375.0,373.0,375.0,172400,0.0,0.0
2023-12-21 14:00:00+09:00,374.0,376.0,372.0,376.0,790100,0.0,0.0
2023-12-22 09:00:00+09:00,378.0,380.0,374.0,376.0,694900,0.0,0.0
2023-12-22 10:00:00+09:00,376.0,377.0,374.0,375.0,105300,0.0,0.0
2023-12-22 11:00:00+09:00,375.0,377.0,375.0,377.0,0,0.0,0.0
2023-12-22 12:00:00+09:00,377.0,378.0,376.0,377.0,1095500,0.0,0.0
2023-12-22 13:00:00+09:00,377.0,378.0,375.0,376.0,111400,0.0,0.0
2023-12-22 14:00:00+09:00,376.0,377.0,375.0,376.0,182400,0.0,0.0
2023-12-25 09:00:00+09:00,379.0,379.0,373.0,374.0,245100,0.0,0.0
2023-12-25 10:00:00+09:00,375.0,375.0,373.0,374.0,74600,0.0,0.0
2023-12-25 11:00:00+09:00,374.0,374.0,372.0,373.0,0,0.0,0.0
2023-12-25 12:00:00+09:00,373.0,374.0,372.0,373.0,460500,0.0,0.0
2023-12-25 13:00:00+09:00,373.0,374.0,370.0,370.0,170300,0.0,0.0
2023-12-25 14:00:00+09:00,370.0,371.0,369.0,370.0,139300,0.0,0.0
2023-12-26 09:00:00+09:00,371.0,371.0,367.0,369.0,143900,0.0,0.0
2023-12-26 10:00:00+09:00,369.0,369.0,368.0,369.0,16000,0.0,0.0
2023-12-26 11:00:00+09:00,368.0,370.0,368.0,369.0,0,0.0,0.0
2023-12-26 12:00:00+09:00,369.0,372.0,368.0,369.0,369800,0.0,0.0
2023-12-26 13:00:00+09:00,369.0,371.0,368.0,371.0,52800,0.0,0.0
2023-12-26 14:00:00+09:00,371.0,373.0,370.0,372.0,189200,0.0,0.0
2023-12-27 09:00:00+09:00,372.0,377.0,372.0,375.0,709300,0.0,0.0
2023-12-27 10:00:00+09:00,376.0,377.0,375.0,377.0,121400,0.0,0.0
2023-12-27 11:00:00+09:00,377.0,378.0,376.0,376.0,0,0.0,0.0
2023-12-27 12:00:00+09:00,377.0,378.0,376.0,377.0,999400,0.0,0.0
2023-12-27 13:00:00+09:00,378.0,378.0,375.0,376.0,163200,0.0,0.0
2023-12-27 14:00:00+09:00,377.0,378.0,376.0,377.0,156000,0.0,0.0
2023-12-28 09:00:00+09:00,386.0,394.0,384.0,388.0,1166200,0.0,0.0
2023-12-28 10:00:00+09:00,388.0,391.0,385.0,390.0,412600,0.0,0.0
2023-12-28 11:00:00+09:00,390.0,393.0,390.0,393.0,0,0.0,0.0
2023-12-28 12:00:00+09:00,391.0,393.0,390.0,391.0,2084400,0.0,0.0
2023-12-28 13:00:00+09:00,391.0,391.0,387.0,388.0,168800,0.0,0.0
2023-12-28 14:00:00+09:00,388.0,390.0,388.0,390.0,310600,0.0,0.0
2023-12-29 09:00:00+09:00,392.0,396.0,390.0,394.0,613800,0.0,0.0
2023-12-29 10:00:00+09:00,393.0,394.0,392.0,393.0,111200,0.0,0.0
2023-12-29 11:00:00+09:00,392.0,396.0,392.0,392.0,0,0.0,0.0
2023-12-29 12:00:00+09:00,393.0,394.0,392.0,392.0,1013400,0.0,0.0
2023-12-29 13:00:00+09:00,392.0,392.0,388.0,389.0,165200,0.0,0.0
2023-12-29 14:00:00+09:00,390.0,391.0,388.0,391.0,125300,0.0,0.0
2024-01-04 09:00:00+09:00,397.0,397.0,386.0,388.0,487700,0.0,0.0
2024-01-04 10:00:00+09:00,388.0,390.0,386.0,389.0,147800,0.0,0.0
2024-01-04 11:00:00+09:00,389.0,390.0,387.0,387.0,0,0.0,0.0
2024-01-04 12:00:00+09:00,387.0,388.0,386.0,387.0,872900,0.0,0.0
2024-01-04 13:00:00+09:00,388.0,390.0,387.0,389.0,104600,0.0,0.0
2024-01-04 14:00:00+09:00,388.0,389.0,387.0,387.0,202800,0.0,0.0
2024-01-05 09:00:00+09:00,392.0,392.0,386.0,389.0,338300,0.0,0.0
2024-01-05 10:00:00+09:00,388.0,391.0,388.0,389.0,106900,0.0,0.0
2024-01-05 11:00:00+09:00,389.0,390.0,388.0,390.0,0,0.0,0.0
2024-01-05 12:00:00+09:00,390.0,390.0,388.0,389.0,636500,0.0,0.0
2024-01-05 13:00:00+09:00,389.0,390.0,389.0,389.0,114300,0.0,0.0
2024-01-05 14:00:00+09:00,389.0,390.0,388.0,389.0,107300,0.0,0.0
2024-01-09 09:00:00+09:00,390.0,390.0,385.0,387.0,342800,0.0,0.0
2024-01-09 10:00:00+09:00,386.0,387.0,384.0,385.0,183800,0.0,0.0
2024-01-09 11:00:00+09:00,385.0,385.0,383.0,385.0,0,0.0,0.0
2024-01-09 12:00:00+09:00,385.0,385.0,384.0,385.0,664700,0.0,0.0
2024-01-09 13:00:00+09:00,385.0,386.0,383.0,385.0,109900,0.0,0.0
2024-01-09 14:00:00+09:00,384.0,386.0,384.0,385.0,237300,0.0,0.0
2024-01-10 09:00:00+09:00,382.0,384.0,381.0,382.0,211300,0.0,0.0
2024-01-10 10:00:00+09:00,382.0,388.0,382.0,387.0,299100,0.0,0.0
2024-01-10 11:00:00+09:00,387.0,388.0,386.0,387.0,0,0.0,0.0
2024-01-10 12:00:00+09:00,386.0,387.0,385.0,385.0,699000,0.0,0.0
2024-01-10 13:00:00+09:00,385.0,386.0,384.0,385.0,122500,0.0,0.0
2024-01-10 14:00:00+09:00,385.0,386.0,382.0,385.0,216200,0.0,0.0
2024-01-11 09:00:00+09:00,386.0,389.0,386.0,388.0,347200,0.0,0.0
2024-01-11 10:00:00+09:00,387.0,389.0,387.0,388.0,215400,0.0,0.0
2024-01-11 11:00:00+09:00,387.0,389.0,386.0,388.0,0,0.0,0.0
2024-01-11 12:00:00+09:00,388.0,388.0,385.0,385.0,799100,0.0,0.0
2024-01-11 13:00:00+09:00,385.0,386.0,384.0,385.0,189300,0.0,0.0
2024-01-11 14:00:00+09:00,385.0,385.0,382.0,382.0,290600,0.0,0.0
2024-01-12 09:00:00+09:00,384.0,384.0,377.0,378.0,0,0.0,0.0
2024-01-12 10:00:00+09:00,378.0,380.0,377.0,378.0,313600,0.0,0.0
2024-01-12 11:00:00+09:00,378.0,379.0,377.0,379.0,0,0.0,0.0
2024-01-12 12:00:00+09:00,379.0,379.0,376.0,377.0,1054300,0.0,0.0
2024-01-12 13:00:00+09:00,377.0,379.0,377.0,378.0,120900,0.0,0.0
2024-01-12 14:00:00+09:00,378.0,379.0,377.0,378.0,123300,0.0,0.0
2024-01-15 09:00:00+09:00,380.0,384.0,380.0,383.0,278300,0.0,0.0
2024-01-15 10:00:00+09:00,383.0,385.0,383.0,384.0,109200,0.0,0.0
2024-01-15 11:00:00+09:00,384.0,386.0,384.0,385.0,0,0.0,0.0
2024-01-15 12:00:00+09:00,386.0,386.0,383.0,383.0,530400,0.0,0.0
2024-01-15 13:00:00+09:00,383.0,385.0,382.0,383.0,62900,0.0,0.0
2024-01-15 14:00:00+09:00,383.0,384.0,382.0,384.0,114500,0.0,0.0
2024-01-16 09:00:00+09:00,384.0,385.0,380.0,380.0,229900,0.0,0.0
2024-01-16 10:00:00+09:00,380.0,380.0,378.0,380.0,98800,0.0,0.0
2024-01-16 11:00:00+09:00,379.0,381.0,379.0,381.0,0,0.0,0.0
2024-01-16 12:00:00+09:00,380.0,382.0,380.0,380.0,463300,0.0,0.0
2024-01-16 13:00:00+09:00,381.0,382.0,381.0,382.0,48500,0.0,0.0
2024-01-16 14:00:00+09:00,382.0,383.0,382.0,382.0,86800,0.0,0.0
2024-01-17 09:00:00+09:00,381.0,384.0,381.0,383.0,117200,0.0,0.0
2024-01-17 10:00:00+09:00,383.0,384.0,382.0,383.0,79200,0.0,0.0
2024-01-17 11:00:00+09:00,383.0,383.0,381.0,383.0,0,0.0,0.0
2024-01-17 12:00:00+09:00,381.0,382.0,381.0,381.0,324200,0.0,0.0
2024-01-17 13:00:00+09:00,381.0,383.0,380.0,382.0,82500,0.0,0.0
2024-01-17 14:00:00+09:00,382.0,382.0,380.0,380.0,113700,0.0,0.0
2024-01-18 09:00:00+09:00,381.0,383.0,379.0,383.0,238600,0.0,0.0
2024-01-18 10:00:00+09:00,382.0,382.0,380.0,382.0,86600,0.0,0.0
2024-01-18 11:00:00+09:00,382.0,382.0,381.0,381.0,0,0.0,0.0
2024-01-18 12:00:00+09:00,381.0,383.0,381.0,383.0,390900,0.0,0.0
2024-01-18 13:00:00+09:00,383.0,383.0,381.0,383.0,77200,0.0,0.0
2024-01-18 14:00:00+09:00,383.0,387.0,383.0,386.0,218500,0.0,0.0
2024-01-19 09:00:00+09:00,389.0,391.0,387.0,387.0,521800,0.0,0.0
2024-01-19 10:00:00+09:00,387.0,389.0,386.0,387.0,149400,0.0,0.0
2024-01-19 11:00:00+09:00,387.0,387.0,385.0,386.0,0,0.0,0.0
2024-01-19 12:00:00+09:00,385.0,387.0,385.0,386.0,798600,0.0,0.0
2024-01-19 13:00:00+09:00,385.0,386.0,384.0,386.0,64400,0.0,0.0
2024-01-19 14:00:00+09:00,386.0,387.0,385.0,386.0,212600,0.0,0.0
2024-01-22 09:00:00+09:00,388.0,388.0,386.0,387.0,0,0.0,0.0
2024-01-22 10:00:00+09:00,388.0,388.0,386.0,387.0,117000,0.0,0.0
2024-01-22 11:00:00+09:00,387.0,389.0,387.0,389.0,0,0.0,0.0
2024-01-22 12:00:00+09:00,389.0,390.0,388.0,389.0,547600,0.0,0.0
2024-01-22 13:00:00+09:00,389.0,390.0,389.0,390.0,10600,0.0,0.0
2024-01-22 14:00:00+09:00,389.0,392.0,389.0,391.0,283000,0.0,0.0
2024-01-23 09:00:00+09:00,394.0,395.0,391.0,393.0,317000,0.0,0.0
2024-01-23 10:00:00+09:00,393.0,394.0,393.0,393.0,54800,0.0,0.0
2024-01-23 11:00:00+09:00,393.0,394.0,392.0,394.0,0,0.0,0.0
2024-01-23 12:00:00+09:00,393.0,396.0,392.0,392.0,646700,0.0,0.0
2024-01-23 13:00:00+09:00,392.0,396.0,392.0,393.0,108400,0.0,0.0
2024-01-23 14:00:00+09:00,394.0,395.0,391.0,392.0,86400,0.0,0.0
2024-01-24 09:00:00+09:00,390.0,396.0,390.0,392.0,327300,0.0,0.0
2024-01-24 10:00:00+09:00,391.0,396.0,391.0,394.0,167800,0.0,0.0
2024-01-24 11:00:00+09:00,394.0,397.0,394.0,396.0,0,0.0,0.0
2024-01-24 12:00:00+09:00,395.0,399.0,395.0,398.0,847400,0.0,0.0
2024-01-24 13:00:00+09:00,399.0,400.0,398.0,399.0,140700,0.0,0.0
2024-01-24 14:00:00+09:00,399.0,402.0,399.0,401.0,474700,0.0,0.0
2024-01-25 09:00:00+09:00,405.0,411.0,404.0,407.0,859000,0.0,0.0
2024-01-25 10:00:00+09:00,408.0,408.0,401.0,402.0,306100,0.0,0.0
2024-01-25 11:00:00+09:00,403.0,404.0,402.0,404.0,0,0.0,0.0
2024-01-25 12:00:00+09:00,402.0,404.0,401.0,404.0,1343900,0.0,0.0
2024-01-25 13:00:00+09:00,405.0,407.0,404.0,407.0,227900,0.0,0.0
2024-01-25 14:00:00+09:00,407.0,407.0,405.0,406.0,80900,0.0,0.0
2024-01-26 09:00:00+09:00,402.0,407.0,399.0,404.0,244600,0.0,0.0
2024-01-26 10:00:00+09:00,405.0,408.0,404.0,406.0,173200,0.0,0.0
2024-01-26 11:00:00+09:00,405.0,407.0,405.0,406.0,0,0.0,0.0
2024-01-26 12:00:00+09:00,404.0,407.0,404.0,405.0,596500,0.0,0.0
2024-01-26 13:00:00+09:00,405.0,406.0,402.0,402.0,109400,0.0,0.0
2024-01-26 14:00:00+09:00,402.0,403.0,401.0,401.0,132600,0.0,0.0
2024-01-29 09:00:00+09:00,406.0,411.0,404.0,408.0,214800,0.0,0.0
2024-01-29 10:00:00+09:00,408.0,409.0,406.0,409.0,60200,0.0,0.0
2024-01-29 11:00:00+09:00,410.0,413.0,410.0,411.0,0,0.0,0.0
2024-01-29 12:00:00+09:00,411.0,412.0,411.0,412.0,496800,0.0,0.0
2024-01-29 13:00:00+09:00,412.0,412.0,410.0,410.0,75000,0.0,0.0
2024-01-29 14:00:00+09:00,411.0,411.0,408.0,409.0,104100,0.0,0.0
2024-01-30 09:00:00+09:00,409.0,410.0,404.0,407.0,261600,0.0,0.0
2024-01-30 10:00:00+09:00,406.0,406.0,403.0,404.0,67300,0.0,0.0
2024-01-30 11:00:00+09:00,403.0,403.0,402.0,403.0,0,0.0,0.0
2024-01-30 12:00:00+09:00,403.0,404.0,401.0,403.0,472100,0.0,0.0
2024-01-30 13:00:00+09:00,403.0,404.0,403.0,404.0,57200,0.0,0.0
2024-01-30 14:00:00+09:00,403.0,405.0,403.0,404.0,208800,0.0,0.0
2024-01-31 09:00:00+09:00,405.0,408.0,401.0,401.0,161200,0.0,0.0
2024-01-31 10:00:00+09:00,401.0,403.0,401.0,402.0,123800,0.0,0.0
2024-01-31 11:00:00+09:00,401.0,402.0,401.0,402.0,0,0.0,0.0
2024-01-31 12:00:00+09:00,402.0,404.0,402.0,404.0,447800,0.0,0.0
2024-01-31 13:00:00+09:00,404.0,405.0,403.0,405.0,85400,0.0,0.0
2024-01-31 14:00:00+09:00,405.0,409.0,405.0,408.0,151400,0.0,0.0
2024-02-01 09:00:00+09:00,404.0,406.0,399.0,400.0,269600,0.0,0.0
2024-02-01 10:00:00+09:00,400.0,402.0,399.0,400.0,98600,0.0,0.0
2024-02-01 11:00:00+09:00,400.0,401.0,400.0,401.0,0,0.0,0.0
2024-02-01 12:00:00+09:00,401.0,404.0,401.0,404.0,479800,0.0,0.0
2024-02-01 13:00:00+09:00,404.0,405.0,402.0,404.0,121200,0.0,0.0
2024-02-01 14:00:00+09:00,404.0,407.0,404.0,405.0,177200,0.0,0.0
2024-02-02 09:00:00+09:00,403.0,403.0,397.0,399.0,267500,0.0,0.0
2024-02-02 10:00:00+09:00,399.0,400.0,398.0,399.0,97000,0.0,0.0
2024-02-02 11:00:00+09:00,399.0,400.0,398.0,400.0,0,0.0,0.0
2024-02-02 12:00:00+09:00,398.0,399.0,398.0,398.0,430100,0.0,0.0
2024-02-02 13:00:00+09:00,398.0,399.0,396.0,399.0,202100,0.0,0.0
2024-02-02 14:00:00+09:00,399.0,400.0,397.0,397.0,107300,0.0,0.0
2024-02-05 09:00:00+09:00,400.0,403.0,396.0,402.0,320800,0.0,0.0
2024-02-05 10:00:00+09:00,402.0,404.0,400.0,401.0,110900,0.0,0.0
2024-02-05 11:00:00+09:00,401.0,401.0,398.0,398.0,0,0.0,0.0
2024-02-05 12:00:00+09:00,399.0,399.0,397.0,397.0,575900,0.0,0.0
2024-02-05 13:00:00+09:00,397.0,397.0,395.0,397.0,129300,0.0,0.0
2024-02-05 14:00:00+09:00,396.0,398.0,396.0,397.0,86100,0.0,0.0
2024-02-06 09:00:00+09:00,395.0,396.0,391.0,391.0,421400,0.0,0.0
2024-02-06 10:00:00+09:00,391.0,392.0,389.0,390.0,247600,0.0,0.0
2024-02-06 11:00:00+09:00,390.0,390.0,388.0,388.0,0,0.0,0.0
2024-02-06 12:00:00+09:00,388.0,389.0,387.0,388.0,805100,0.0,0.0
2024-02-06 13:00:00+09:00,388.0,390.0,387.0,388.0,126200,0.0,0.0
2024-02-06 14:00:00+09:00,389.0,390.0,388.0,389.0,148600,0.0,0.0
2024-02-07 09:00:00+09:00,390.0,391.0,388.0,389.0,126600,0.0,0.0
2024-02-07 10:00:00+09:00,389.0,392.0,389.0,390.0,57300,0.0,0.0
2024-02-07 11:00:00+09:00,389.0,389.0,388.0,388.0,0,0.0,0.0
2024-02-07 12:00:00+09:00,388.0,388.0,387.0,388.0,254600,0.0,0.0
2024-02-07 13:00:00+09:00,389.0,390.0,388.0,390.0,59900,0.0,0.0
2024-02-07 14:00:00+09:00,390.0,392.0,390.0,391.0,60300,0.0,0.0
2024-02-08 09:00:00+09:00,389.0,389.0,385.0,385.0,0,0.0,0.0
2024-02-08 10:00:00+09:00,385.0,386.0,384.0,385.0,507200,0.0,0.0
2024-02-08 11:00:00+09:00,386.0,386.0,384.0,385.0,0,0.0,0.0
2024-02-08 12:00:00+09:00,385.0,389.0,385.0,389.0,678600,0.0,0.0
2024-02-08 13:00:00+09:00,389.0,390.0,388.0,389.0,129900,0.0,0.0
2024-02-08 14:00:00+09:00,389.0,389.0,387.0,387.0,94600,0.0,0.0
2024-02-09 09:00:00+09:00,389.0,389.0,381.0,388.0,371800,0.0,0.0
2024-02-09 10:00:00+09:00,389.0,390.0,387.0,388.0,176100,0.0,0.0
2024-02-09 11:00:00+09:00,388.0,388.0,386.0,386.0,0,0.0,0.0
2024-02-09 12:00:00+09:00,386.0,388.0,386.0,388.0,651300,0.0,0.0
2024-02-09 13:00:00+09:00,389.0,389.0,387.0,388.0,73200,0.0,0.0
2024-02-09 14:00:00+09:00,387.0,389.0,387.0,387.0,88000,0.0,0.0
2024-02-13 09:00:00+09:00,387.0,393.0,386.0,392.0,404200,0.0,0.0
2024-02-13 10:00:00+09:00,392.0,394.0,390.0,391.0,174300,0.0,0.0
2024-02-13 11:00:00+09:00,391.0,394.0,390.0,392.0,0,0.0,0.0
2024-02-13 12:00:00+09:00,393.0,394.0,392.0,392.0,765200,0.0,0.0
2024-02-13 13:00:00+09:00,392.0,392.0,391.0,391.0,109100,0.0,0.0
2024-02-13 14:00:00+09:00,390.0,392.0,390.0,392.0,114400,0.0,0.0
2024-02-14 09:00:00+09:00,392.0,392.0,387.0,387.0,143500,0.0,0.0
2024-02-14 10:00:00+09:00,386.0,388.0,386.0,386.0,65000,0.0,0.0
2024-02-14 11:00:00+09:00,387.0,387.0,385.0,386.0,0,0.0,0.0
2024-02-14 12:00:00+09:00,386.0,388.0,385.0,387.0,350700,0.0,0.0
2024-02-14 13:00:00+09:00,387.0,389.0,387.0,388.0,88700,0.0,0.0
2024-02-14 14:00:00+09:00,388.0,389.0,386.0,386.0,182000,0.0,0.0
2024-02-15 09:00:00+09:00,387.0,389.0,382.0,383.0,205900,0.0,0.0
2024-02-15 10:00:00+09:00,383.0,383.0,381.0,382.0,130200,0.0,0.0
2024-02-15 11:00:00+09:00,381.0,381.0,378.0,379.0,0,0.0,0.0
2024-02-15 12:00:00+09:00,379.0,381.0,378.0,381.0,616400,0.0,0.0
2024-02-15 13:00:00+09:00,381.0,382.0,379.0,379.0,113300,0.0,0.0
2024-02-15 14:00:00+09:00,379.0,380.0,378.0,378.0,89900,0.0,0.0
2024-02-16 09:00:00+09:00,382.0,386.0,382.0,384.0,192000,0.0,0.0
2024-02-16 10:00:00+09:00,384.0,386.0,383.0,384.0,111700,0.0,0.0
2024-02-16 11:00:00+09:00,384.0,387.0,384.0,386.0,0,0.0,0.0
2024-02-16 12:00:00+09:00,387.0,387.0,385.0,385.0,398300,0.0,0.0
2024-02-16 13:00:00+09:00,385.0,386.0,384.0,385.0,67100,0.0,0.0
2024-02-16 14:00:00+09:00,384.0,386.0,383.0,384.0,90200,0.0,0.0
2024-02-19 09:00:00+09:00,388.0,398.0,388.0,397.0,290600,0.0,0.0
2024-02-19 10:00:00+09:00,398.0,398.0,395.0,395.0,100500,0.0,0.0
2024-02-19 11:00:00+09:00,395.0,398.0,395.0,398.0,0,0.0,0.0
2024-02-19 12:00:00+09:00,398.0,399.0,397.0,398.0,542200,0.0,0.0
2024-02-19 13:00:00+09:00,398.0,400.0,397.0,399.0,88700,0.0,0.0
2024-02-19 14:00:00+09:00,399.0,402.0,399.0,402.0,303600,0.0,0.0
2024-02-20 09:00:00+09:00,403.0,407.0,399.0,401.0,208300,0.0,0.0
2024-02-20 10:00:00+09:00,401.0,401.0,398.0,399.0,115600,0.0,0.0
2024-02-20 11:00:00+09:00,398.0,399.0,397.0,399.0,0,0.0,0.0
2024-02-20 12:00:00+09:00,399.0,402.0,397.0,401.0,439400,0.0,0.0
2024-02-20 13:00:00+09:00,401.0,402.0,399.0,399.0,54100,0.0,0.0
2024-02-20 14:00:00+09:00,400.0,402.0,399.0,402.0,86600,0.0,0.0
2024-02-21 09:00:00+09:00,400.0,402.0,398.0,399.0,129600,0.0,0.0
2024-02-21 10:00:00+09:00,399.0,401.0,399.0,400.0,19200,0.0,0.0
2024-02-21 11:00:00+09:00,401.0,401.0,400.0,401.0,0,0.0,0.0
2024-02-21 12:00:00+09:00,399.0,401.0,399.0,401.0,220500,0.0,0.0
2024-02-21 13:00:00+09:00,401.0,404.0,401.0,403.0,79500,0.0,0.0
2024-02-21 14:00:00+09:00,403.0,404.0,401.0,403.0,85600,0.0,0.0
2024-02-22 09:00:00+09:00,405.0,406.0,399.0,399.0,0,0.0,0.0
2024-02-22 10:00:00+09:00,399.0,399.0,396.0,396.0,437100,0.0,0.0
2024-02-22 11:00:00+09:00,396.0,397.0,395.0,396.0,0,0.0,0.0
2024-02-22 12:00:00+09:00,398.0,398.0,392.0,394.0,631200,0.0,0.0
2024-02-22 13:00:00+09:00,394.0,396.0,394.0,395.0,112600,0.0,0.0
2024-02-22 14:00:00+09:00,394.0,397.0,394.0,396.0,130200,0.0,0.0
2024-02-26 09:00:00+09:00,398.0,401.0,395.0,397.0,0,0.0,0.0
2024-02-26 10:00:00+09:00,398.0,402.0,398.0,402.0,346800,0.0,0.0
2024-02-26 11:00:00+09:00,401.0,402.0,401.0,402.0,0,0.0,0.0
2024-02-26 12:00:00+09:00,400.0,403.0,400.0,402.0,486200,0.0,0.0
2024-02-26 13:00:00+09:00,402.0,403.0,400.0,400.0,101500,0.0,0.0
2024-02-26 14:00:00+09:00,401.0,403.0,401.0,403.0,122800,0.0,0.0
2024-02-27 09:00:00+09:00,402.0,411.0,401.0,409.0,534600,0.0,0.0
2024-02-27 10:00:00+09:00,410.0,413.0,407.0,411.0,216000,0.0,0.0
2024-02-27 11:00:00+09:00,412.0,413.0,410.0,411.0,0,0.0,0.0
2024-02-27 12:00:00+09:00,410.0,410.0,407.0,407.0,951800,0.0,0.0
2024-02-27 13:00:00+09:00,408.0,408.0,403.0,405.0,121500,0.0,0.0
2024-02-27 14:00:00+09:00,405.0,407.0,404.0,407.0,139700,0.0,0.0
2024-02-28 09:00:00+09:00,408.0,422.0,407.0,419.0,549900,0.0,0.0
2024-02-28 10:00:00+09:00,418.0,418.0,408.0,409.0,273000,0.0,0.0
2024-02-28 11:00:00+09:00,409.0,410.0,406.0,407.0,0,0.0,0.0
2024-02-28 12:00:00+09:00,408.0,410.0,407.0,410.0,1029000,0.0,0.0
2024-02-28 13:00:00+09:00,409.0,412.0,409.0,411.0,58200,0.0,0.0
2024-02-28 14:00:00+09:00,411.0,412.0,408.0,410.0,94900,0.0,0.0
2024-02-29 09:00:00+09:00,410.0,413.0,408.0,412.0,210700,0.0,0.0
2024-02-29 10:00:00+09:00,412.0,412.0,408.0,409.0,89300,0.0,0.0
2024-02-29 11:00:00+09:00,409.0,409.0,408.0,409.0,0,0.0,0.0
2024-02-29 12:00:00+09:00,410.0,411.0,408.0,410.0,389000,0.0,0.0
2024-02-29 13:00:00+09:00,409.0,412.0,408.0,412.0,114900,0.0,0.0
2024-02-29 14:00:00+09:00,411.0,412.0,410.0,412.0,68900,0.0,0.0
2024-03-01 09:00:00+09:00,413.0,415.0,411.0,414.0,226100,0.0,0.0
2024-03-01 10:00:00+09:00,415.0,415.0,413.0,414.0,109400,0.0,0.0
2024-03-01 11:00:00+09:00,414.0,415.0,413.0,414.0,0,0.0,0.0
2024-03-01 12:00:00+09:00,415.0,417.0,415.0,417.0,496800,0.0,0.0
2024-03-01 13:00:00+09:00,416.0,418.0,415.0,417.0,100900,0.0,0.0
2024-03-01 14:00:00+09:00,416.0,418.0,415.0,418.0,127700,0.0,0.0
2024-03-04 09:00:00+09:00,420.0,420.0,410.0,410.0,326100,0.0,0.0
2024-03-04 10:00:00+09:00,411.0,414.0,410.0,413.0,74600,0.0,0.0
2024-03-04 11:00:00+09:00,413.0,413.0,410.0,411.0,0,0.0,0.0
2024-03-04 12:00:00+09:00,410.0,412.0,410.0,412.0,554400,0.0,0.0
2024-03-04 13:00:00+09:00,412.0,412.0,410.0,411.0,59300,0.0,0.0
2024-03-04 14:00:00+09:00,411.0,412.0,409.0,411.0,82100,0.0,0.0
2024-03-05 09:00:00+09:00,408.0,411.0,406.0,410.0,133600,0.0,0.0
2024-03-05 10:00:00+09:00,410.0,412.0,409.0,411.0,49200,0.0,0.0
2024-03-05 11:00:00+09:00,411.0,412.0,410.0,412.0,0,0.0,0.0
2024-03-05 12:00:00+09:00,412.0,413.0,411.0,411.0,238800,0.0,0.0
2024-03-05 13:00:00+09:00,411.0,415.0,411.0,414.0,71600,0.0,0.0
2024-03-05 14:00:00+09:00,414.0,414.0,411.0,411.0,72400,0.0,0.0
2024-03-06 09:00:00+09:00,413.0,417.0,411.0,415.0,148800,0.0,0.0
2024-03-06 10:00:00+09:00,415.0,417.0,415.0,416.0,75300,0.0,0.0
2024-03-06 11:00:00+09:00,416.0,418.0,416.0,418.0,0,0.0,0.0
2024-03-06 12:00:00+09:00,419.0,422.0,418.0,421.0,393500,0.0,0.0
2024-03-06 13:00:00+09:00,421.0,421.0,418.0,420.0,79400,0.0,0.0
2024-03-06 14:00:00+09:00,420.0,422.0,420.0,421.0,119900,0.0,0.0
2024-03-07 09:00:00+09:00,422.0,432.0,420.0,431.0,320700,0.0,0.0
2024-03-07 10:00:00+09:00,431.0,432.0,424.0,425.0,128600,0.0,0.0
2024-03-07 11:00:00+09:00,425.0,425.0,423.0,424.0,0,0.0,0.0
2024-03-07 12:00:00+09:00,425.0,425.0,421.0,425.0,566000,0.0,0.0
2024-03-07 13:00:00+09:00,425.0,425.0,423.0,424.0,90200,0.0,0.0
2024-03-07 14:00:00+09:00,425.0,428.0,425.0,427.0,123100,0.0,0.0
2024-03-08 09:00:00+09:00,429.0,437.0,426.0,437.0,580700,0.0,0.0
2024-03-08 10:00:00+09:00,437.0,437.0,434.0,437.0,135600,0.0,0.0
2024-03-08 11:00:00+09:00,437.0,441.0,437.0,440.0,0,0.0,0.0
2024-03-08 12:00:00+09:00,440.0,447.0,439.0,444.0,1021300,0.0,0.0
2024-03-08 13:00:00+09:00,445.0,445.0,438.0,440.0,216500,0.0,0.0
2024-03-08 14:00:00+09:00,439.0,439.0,436.0,439.0,143800,0.0,0.0
2024-03-11 09:00:00+09:00,440.0,440.0,427.0,428.0,440100,0.0,0.0
2024-03-11 10:00:00+09:00,428.0,428.0,422.0,422.0,181000,0.0,0.0
2024-03-11 11:00:00+09:00,422.0,424.0,417.0,418.0,0,0.0,0.0
2024-03-11 12:00:00+09:00,417.0,421.0,415.0,415.0,1100700,0.0,0.0
2024-03-11 13:00:00+09:00,414.0,417.0,414.0,416.0,145700,0.0,0.0
2024-03-11 14:00:00+09:00,415.0,421.0,415.0,420.0,136700,0.0,0.0
2024-03-12 09:00:00+09:00,415.0,417.0,410.0,414.0,267500,0.0,0.0
2024-03-12 10:00:00+09:00,415.0,416.0,411.0,413.0,79500,0.0,0.0
2024-03-12 11:00:00+09:00,412.0,416.0,412.0,416.0,0,0.0,0.0
2024-03-12 12:00:00+09:00,416.0,419.0,415.0,418.0,484800,0.0,0.0
2024-03-12 13:00:00+09:00,417.0,419.0,417.0,418.0,71700,0.0,0.0
2024-03-12 14:00:00+09:00,417.0,419.0,417.0,419.0,107800,0.0,0.0
2024-03-13 09:00:00+09:00,425.0,426.0,416.0,417.0,194900,0.0,0.0
2024-03-13 10:00:00+09:00,416.0,417.0,415.0,416.0,111100,0.0,0.0
2024-03-13 11:00:00+09:00,416.0,419.0,415.0,415.0,0,0.0,0.0
2024-03-13 12:00:00+09:00,415.0,416.0,413.0,415.0,530200,0.0,0.0
2024-03-13 13:00:00+09:00,416.0,419.0,416.0,418.0,90800,0.0,0.0
2024-03-13 14:00:00+09:00,419.0,420.0,418.0,419.0,53300,0.0,0.0
2024-03-14 09:00:00+09:00,419.0,421.0,416.0,417.0,0,0.0,0.0
2024-03-14 10:00:00+09:00,417.0,419.0,416.0,419.0,152300,0.0,0.0
2024-03-14 11:00:00+09:00,418.0,418.0,416.0,417.0,0,0.0,0.0
2024-03-14 12:00:00+09:00,419.0,419.0,417.0,418.0,221600,0.0,0.0
2024-03-14 13:00:00+09:00,418.0,418.0,416.0,417.0,62700,0.0,0.0
2024-03-14 14:00:00+09:00,417.0,419.0,416.0,418.0,94900,0.0,0.0
2024-03-15 09:00:00+09:00,418.0,425.0,417.0,422.0,146400,0.0,0.0
2024-03-15 10:00:00+09:00,422.0,424.0,418.0,424.0,69500,0.0,0.0
2024-03-15 11:00:00+09:00,424.0,427.0,424.0,427.0,0,0.0,0.0
2024-03-15 12:00:00+09:00,429.0,429.0,424.0,425.0,345300,0.0,0.0
2024-03-15 13:00:00+09:00,425.0,425.0,421.0,421.0,74300,0.0,0.0
2024-03-15 14:00:00+09:00,422.0,425.0,421.0,424.0,100200,0.0,0.0
2024-03-18 09:00:00+09:00,428.0,428.0,422.0,425.0,260300,0.0,0.0
2024-03-18 10:00:00+09:00,425.0,426.0,424.0,425.0,47600,0.0,0.0
2024-03-18 11:00:00+09:00,425.0,425.0,423.0,423.0,0,0.0,0.0
2024-03-18 12:00:00+09:00,423.0,427.0,423.0,426.0,420500,0.0,0.0
2024-03-18 13:00:00+09:00,426.0,427.0,426.0,427.0,27700,0.0,0.0
2024-03-18 14:00:00+09:00,427.0,428.0,425.0,426.0,75800,0.0,0.0
2024-03-19 09:00:00+09:00,425.0,427.0,421.0,424.0,142800,0.0,0.0
2024-03-19 10:00:00+09:00,424.0,426.0,420.0,422.0,92700,0.0,0.0
2024-03-19 11:00:00+09:00,423.0,425.0,422.0,425.0,0,0.0,0.0
2024-03-19 12:00:00+09:00,425.0,425.0,415.0,419.0,634000,0.0,0.0
2024-03-19 13:00:00+09:00,419.0,422.0,417.0,418.0,0,0.0,0.0
2024-03-19 14:00:00+09:00,418.0,418.0,416.0,416.0,1122100,0.0,0.0
2024-03-21 09:00:00+09:00,425.0,429.0,421.0,427.0,366300,0.0,0.0
2024-03-21 10:00:00+09:00,426.0,429.0,426.0,428.0,108800,0.0,0.0
2024-03-21 11:00:00+09:00,429.0,432.0,428.0,431.0,0,0.0,0.0
2024-03-21 12:00:00+09:00,431.0,435.0,431.0,434.0,641600,0.0,0.0
2024-03-21 13:00:00+09:00,433.0,433.0,426.0,428.0,128000,0.0,0.0
2024-03-21 14:00:00+09:00,429.0,431.0,428.0,431.0,117100,0.0,0.0
2024-03-22 09:00:00+09:00,435.0,436.0,431.0,434.0,201800,0.0,0.0
2024-03-22 10:00:00+09:00,433.0,436.0,433.0,435.0,75100,0.0,0.0
2024-03-22 11:00:00+09:00,434.0,435.0,434.0,434.0,0,0.0,0.0
2024-03-22 12:00:00+09:00,435.0,437.0,433.0,437.0,443700,0.0,0.0
2024-03-22 13:00:00+09:00,437.0,439.0,437.0,439.0,105500,0.0,0.0
2024-03-22 14:00:00+09:00,438.0,439.0,435.0,437.0,155400,0.0,0.0
2024-03-25 09:00:00+09:00,432.0,433.0,427.0,430.0,0,0.0,0.0
2024-03-25 10:00:00+09:00,430.0,431.0,427.0,429.0,95500,0.0,0.0
2024-03-25 11:00:00+09:00,429.0,430.0,428.0,430.0,0,0.0,0.0
2024-03-25 12:00:00+09:00,428.0,429.0,428.0,428.0,379400,0.0,0.0
2024-03-25 13:00:00+09:00,428.0,430.0,428.0,430.0,70900,0.0,0.0
2024-03-25 14:00:00+09:00,430.0,430.0,424.0,426.0,236400,0.0,0.0
2024-03-26 09:00:00+09:00,427.0,427.0,422.0,425.0,322200,0.0,0.0
2024-03-26 10:00:00+09:00,424.0,425.0,423.0,424.0,54500,0.0,0.0
2024-03-26 11:00:00+09:00,424.0,425.0,423.0,425.0,0,0.0,0.0
2024-03-26 12:00:00+09:00,424.0,424.0,423.0,424.0,462500,0.0,0.0
2024-03-26 13:00:00+09:00,424.0,425.0,424.0,424.0,53000,0.0,0.0
2024-03-26 14:00:00+09:00,424.0,425.0,423.0,424.0,101200,0.0,0.0
2024-03-27 09:00:00+09:00,425.0,429.0,422.0,426.0,159600,0.0,0.0
2024-03-27 10:00:00+09:00,426.0,430.0,426.0,430.0,66600,0.0,0.0
2024-03-27 11:00:00+09:00,430.0,431.0,428.0,429.0,0,0.0,0.0
2024-03-27 12:00:00+09:00,430.0,433.0,430.0,430.0,318500,0.0,0.0
2024-03-27 13:00:00+09:00,430.0,431.0,427.0,429.0,170500,0.0,0.0
2024-03-27 14:00:00+09:00,429.0,430.0,428.0,429.0,111200,0.0,0.0
2024-03-28 09:00:00+09:00,422.0,425.0,420.0,420.0,262900,0.0,0.0
2024-03-28 10:00:00+09:00,420.0,420.0,417.0,417.0,109900,0.0,0.0
2024-03-28 11:00:00+09:00,417.0,419.0,416.0,418.0,0,0.0,0.0
2024-03-28 12:00:00+09:00,418.0,419.0,417.0,419.0,537000,0.0,0.0
2024-03-28 13:00:00+09:00,419.0,419.0,416.0,416.0,51100,0.0,0.0
2024-03-28 14:00:00+09:00,416.0,416.0,414.0,414.0,128000,0.0,0.0
2024-03-29 09:00:00+09:00,415.0,420.0,415.0,415.0,122700,0.0,0.0
2024-03-29 10:00:00+09:00,416.0,416.0,413.0,415.0,73800,0.0,0.0
2024-03-29 11:00:00+09:00,415.0,417.0,415.0,417.0,0,0.0,0.0
2024-03-29 12:00:00+09:00,415.0,417.0,415.0,417.0,357300,0.0,0.0
2024-03-29 13:00:00+09:00,416.0,419.0,416.0,419.0,111100,0.0,0.0
2024-03-29 14:00:00+09:00,418.0,419.0,417.0,418.0,125700,0.0,0.0
2024-04-01 09:00:00+09:00,419.0,419.0,414.0,415.0,396800,0.0,0.0
2024-04-01 10:00:00+09:00,415.0,415.0,413.0,414.0,265000,0.0,0.0
2024-04-01 11:00:00+09:00,414.0,414.0,413.0,414.0,0,0.0,0.0
2024-04-01 12:00:00+09:00,413.0,415.0,413.0,415.0,807500,0.0,0.0
2024-04-01 13:00:00+09:00,415.0,415.0,413.0,414.0,51600,0.0,0.0
2024-04-01 14:00:00+09:00,413.0,414.0,412.0,413.0,171000,0.0,0.0
2024-04-02 09:00:00+09:00,416.0,416.0,411.0,411.0,402500,0.0,0.0
2024-04-02 10:00:00+09:00,411.0,412.0,408.0,409.0,304800,0.0,0.0
2024-04-02 11:00:00+09:00,408.0,409.0,407.0,408.0,0,0.0,0.0
2024-04-02 12:00:00+09:00,407.0,408.0,406.0,407.0,985300,0.0,0.0
2024-04-02 13:00:00+09:00,407.0,408.0,406.0,406.0,59200,0.0,0.0
2024-04-02 14:00:00+09:00,406.0,408.0,406.0,407.0,87900,0.0,0.0
2024-04-03 09:00:00+09:00,405.0,409.0,402.0,408.0,213800,0.0,0.0
2024-04-03 10:00:00+09:00,408.0,413.0,408.0,412.0,101000,0.0,0.0
2024-04-03 11:00:00+09:00,412.0,414.0,412.0,412.0,0,0.0,0.0
2024-04-03 12:00:00+09:00,413.0,416.0,413.0,413.0,536600,0.0,0.0
2024-04-03 13:00:00+09:00,413.0,414.0,411.0,412.0,91700,0.0,0.0
2024-04-03 14:00:00+09:00,412.0,412.0,410.0,410.0,115100,0.0,0.0
2024-04-04 09:00:00+09:00,411.0,413.0,410.0,411.0,136500,0.0,0.0
2024-04-04 10:00:00+09:00,411.0,414.0,411.0,412.0,94400,0.0,0.0
2024-04-04 11:00:00+09:00,411.0,411.0,409.0,411.0,0,0.0,0.0
2024-04-04 12:00:00+09:00,412.0,412.0,410.0,411.0,303900,0.0,0.0
2024-04-04 13:00:00+09:00,411.0,411.0,409.0,409.0,72600,0.0,0.0
2024-04-04 14:00:00+09:00,409.0,410.0,408.0,409.0,154300,0.0,0.0
2024-04-05 09:00:00+09:00,407.0,408.0,405.0,407.0,314700,0.0,0.0
2024-04-05 10:00:00+09:00,406.0,407.0,404.0,405.0,127500,0.0,0.0
2024-04-05 11:00:00+09:00,405.0,406.0,404.0,406.0,0,0.0,0.0
2024-04-05 12:00:00+09:00,406.0,409.0,405.0,409.0,648100,0.0,0.0
2024-04-05 13:00:00+09:00,409.0,410.0,408.0,408.0,43300,0.0,0.0
2024-04-05 14:00:00+09:00,408.0,409.0,408.0,409.0,60800,0.0,0.0
2024-04-08 09:00:00+09:00,413.0,414.0,411.0,413.0,174400,0.0,0.0
2024-04-08 10:00:00+09:00,413.0,414.0,411.0,411.0,145500,0.0,0.0
2024-04-08 11:00:00+09:00,411.0,412.0,411.0,412.0,0,0.0,0.0
2024-04-08 12:00:00+09:00,412.0,412.0,410.0,411.0,465700,0.0,0.0
2024-04-08 13:00:00+09:00,411.0,412.0,410.0,411.0,37900,0.0,0.0
2024-04-08 14:00:00+09:00,411.0,413.0,411.0,413.0,71300,0.0,0.0
2024-04-09 09:00:00+09:00,415.0,416.0,411.0,412.0,0,0.0,0.0
2024-04-09 10:00:00+09:00,412.0,413.0,411.0,412.0,186000,0.0,0.0
2024-04-09 11:00:00+09:00,411.0,413.0,411.0,411.0,0,0.0,0.0
2024-04-09 12:00:00+09:00,413.0,413.0,412.0,412.0,212700,0.0,0.0
2024-04-09 13:00:00+09:00,412.0,412.0,411.0,412.0,26600,0.0,0.0
2024-04-09 14:00:00+09:00,411.0,413.0,411.0,411.0,43500,0.0,0.0
2024-04-10 09:00:00+09:00,410.0,412.0,410.0,412.0,73800,0.0,0.0
2024-04-10 10:00:00+09:00,413.0,413.0,412.0,413.0,44500,0.0,0.0
2024-04-10 11:00:00+09:00,413.0,413.0,412.0,413.0,0,0.0,0.0
2024-04-10 12:00:00+09:00,413.0,413.0,412.0,412.0,152600,0.0,0.0
2024-04-10 13:00:00+09:00,411.0,412.0,411.0,411.0,18800,0.0,0.0
2024-04-10 14:00:00+09:00,411.0,412.0,410.0,412.0,108000,0.0,0.0
2024-04-11 09:00:00+09:00,407.0,414.0,407.0,414.0,284000,0.0,0.0
2024-04-11 10:00:00+09:00,414.0,415.0,413.0,413.0,65700,0.0,0.0
2024-04-11 11:00:00+09:00,413.0,414.0,412.0,413.0,0,0.0,0.0
2024-04-11 12:00:00+09:00,412.0,415.0,412.0,415.0,426200,0.0,0.0
2024-04-11 13:00:00+09:00,415.0,417.0,414.0,417.0,103400,0.0,0.0
2024-04-11 14:00:00+09:00,417.0,418.0,415.0,415.0,75800,0.0,0.0
2024-04-12 09:00:00+09:00,415.0,420.0,415.0,418.0,255300,0.0,0.0
2024-04-12 10:00:00+09:00,417.0,419.0,417.0,418.0,70400,0.0,0.0
2024-04-12 11:00:00+09:00,419.0,420.0,418.0,418.0,0,0.0,0.0
2024-04-12 12:00:00+09:00,418.0,420.0,418.0,418.0,458500,0.0,0.0
2024-04-12 13:00:00+09:00,418.0,419.0,417.0,419.0,38200,0.0,0.0
2024-04-12 14:00:00+09:00,419.0,419.0,417.0,418.0,63800,0.0,0.0
2024-04-15 09:00:00+09:00,416.0,417.0,413.0,416.0,119800,0.0,0.0
2024-04-15 10:00:00+09:00,417.0,419.0,417.0,418.0,58100,0.0,0.0
2024-04-15 11:00:00+09:00,418.0,419.0,418.0,418.0,0,0.0,0.0
2024-04-15 12:00:00+09:00,418.0,421.0,418.0,420.0,273500,0.0,0.0
2024-04-15 13:00:00+09:00,420.0,420.0,419.0,419.0,0,0.0,0.0
2024-04-15 14:00:00+09:00,420.0,420.0,417.0,420.0,430800,0.0,0.0
2024-04-16 09:00:00+09:00,416.0,420.0,412.0,412.0,210500,0.0,0.0
2024-04-16 10:00:00+09:00,412.0,412.0,410.0,411.0,45100,0.0,0.0
2024-04-16 11:00:00+09:00,411.0,412.0,410.0,410.0,0,0.0,0.0
2024-04-16 12:00:00+09:00,410.0,410.0,407.0,409.0,532700,0.0,0.0
2024-04-16 13:00:00+09:00,409.0,409.0,407.0,408.0,72500,0.0,0.0
2024-04-16 14:00:00+09:00,408.0,409.0,407.0,409.0,145100,0.0,0.0
2024-04-17 09:00:00+09:00,410.0,410.0,401.0,405.0,456300,0.0,0.0
2024-04-17 10:00:00+09:00,405.0,406.0,403.0,406.0,90300,0.0,0.0
2024-04-17 11:00:00+09:00,406.0,408.0,406.0,408.0,0,0.0,0.0
2024-04-17 12:00:00+09:00,408.0,409.0,407.0,408.0,639900,0.0,0.0
2024-04-17 13:00:00+09:00,408.0,409.0,407.0,408.0,30200,0.0,0.0
2024-04-17 14:00:00+09:00,408.0,408.0,403.0,404.0,100700,0.0,0.0
2024-04-18 09:00:00+09:00,407.0,412.0,406.0,410.0,406600,0.0,0.0
2024-04-18 10:00:00+09:00,411.0,412.0,410.0,411.0,88400,0.0,0.0
2024-04-18 11:00:00+09:00,411.0,414.0,411.0,413.0,0,0.0,0.0
2024-04-18 12:00:00+09:00,411.0,414.0,411.0,413.0,678900,0.0,0.0
2024-04-18 13:00:00+09:00,413.0,413.0,412.0,412.0,40000,0.0,0.0
2024-04-18 14:00:00+09:00,412.0,414.0,412.0,414.0,91200,0.0,0.0
2024-04-19 09:00:00+09:00,411.0,414.0,409.0,411.0,337500,0.0,0.0
2024-04-19 10:00:00+09:00,411.0,411.0,404.0,406.0,279400,0.0,0.0
2024-04-19 11:00:00+09:00,405.0,405.0,399.0,401.0,0,0.0,0.0
2024-04-19 12:00:00+09:00,401.0,408.0,401.0,407.0,922400,0.0,0.0
2024-04-19 13:00:00+09:00,408.0,408.0,405.0,406.0,127900,0.0,0.0
2024-04-19 14:00:00+09:00,406.0,408.0,404.0,404.0,139600,0.0,0.0
2024-04-22 09:00:00+09:00,409.0,414.0,409.0,409.0,327700,0.0,0.0
2024-04-22 10:00:00+09:00,408.0,409.0,405.0,409.0,138400,0.0,0.0
2024-04-22 11:00:00+09:00,410.0,413.0,410.0,412.0,0,0.0,0.0
2024-04-22 12:00:00+09:00,413.0,413.0,409.0,409.0,610400,0.0,0.0
2024-04-22 13:00:00+09:00,410.0,415.0,408.0,415.0,77500,0.0,0.0
2024-04-22 14:00:00+09:00,415.0,418.0,414.0,417.0,125400,0.0,0.0
2024-04-23 09:00:00+09:00,420.0,427.0,419.0,424.0,295800,0.0,0.0
2024-04-23 10:00:00+09:00,425.0,425.0,421.0,421.0,84100,0.0,0.0
2024-04-23 11:00:00+09:00,421.0,422.0,420.0,421.0,0,0.0,0.0
2024-04-23 12:00:00+09:00,423.0,423.0,421.0,422.0,449400,0.0,0.0
2024-04-23 13:00:00+09:00,421.0,422.0,420.0,421.0,39000,0.0,0.0
2024-04-23 14:00:00+09:00,421.0,422.0,419.0,422.0,92700,0.0,0.0
2024-04-24 09:00:00+09:00,420.0,422.0,415.0,421.0,185400,0.0,0.0
2024-04-24 10:00:00+09:00,420.0,420.0,416.0,418.0,52000,0.0,0.0
2024-04-24 11:00:00+09:00,418.0,419.0,417.0,418.0,0,0.0,0.0
2024-04-24 12:00:00+09:00,416.0,418.0,416.0,417.0,341500,0.0,0.0
2024-04-24 13:00:00+09:00,417.0,417.0,415.0,417.0,54900,0.0,0.0
2024-04-24 14:00:00+09:00,416.0,417.0,416.0,417.0,92000,0.0,0.0
2024-04-25 09:00:00+09:00,416.0,417.0,414.0,415.0,295100,0.0,0.0
2024-04-25 10:00:00+09:00,415.0,415.0,412.0,412.0,255200,0.0,0.0
2024-04-25 11:00:00+09:00,412.0,413.0,412.0,413.0,0,0.0,0.0
2024-04-25 12:00:00+09:00,412.0,414.0,412.0,412.0,610800,0.0,0.0
2024-04-25 13:00:00+09:00,413.0,414.0,412.0,413.0,46500,0.0,0.0
2024-04-25 14:00:00+09:00,413.0,414.0,412.0,412.0,35000,0.0,0.0
2024-04-26 09:00:00+09:00,411.0,413.0,409.0,410.0,244600,0.0,0.0
2024-04-26 10:00:00+09:00,410.0,414.0,409.0,413.0,106800,0.0,0.0
2024-04-26 11:00:00+09:00,413.0,416.0,412.0,416.0,0,0.0,0.0
2024-04-26 12:00:00+09:00,416.0,417.0,414.0,415.0,475600,0.0,0.0
2024-04-26 13:00:00+09:00,416.0,417.0,413.0,413.0,85300,0.0,0.0
2024-04-26 14:00:00+09:00,413.0,415.0,413.0,413.0,64900,0.0,0.0
2024-04-30 09:00:00+09:00,411.0,415.0,409.0,414.0,230000,0.0,0.0
2024-04-30 10:00:00+09:00,414.0,418.0,414.0,418.0,78600,0.0,0.0
2024-04-30 11:00:00+09:00,418.0,418.0,416.0,416.0,0,0.0,0.0
2024-04-30 12:00:00+09:00,415.0,417.0,415.0,416.0,396300,0.0,0.0
2024-04-30 13:00:00+09:00,416.0,417.0,415.0,415.0,37000,0.0,0.0
2024-04-30 14:00:00+09:00,415.0,417.0,415.0,417.0,41200,0.0,0.0
2024-05-01 09:00:00+09:00,414.0,414.0,409.0,411.0,143300,0.0,0.0
2024-05-01 10:00:00+09:00,411.0,416.0,411.0,414.0,109800,0.0,0.0
2024-05-01 11:00:00+09:00,414.0,415.0,413.0,414.0,0,0.0,0.0
2024-05-01 12:00:00+09:00,414.0,417.0,414.0,416.0,339600,0.0,0.0
2024-05-01 13:00:00+09:00,417.0,417.0,414.0,416.0,20000,0.0,0.0
2024-05-01 14:00:00+09:00,416.0,416.0,414.0,415.0,32900,0.0,0.0
2024-05-02 09:00:00+09:00,414.0,415.0,412.0,415.0,0,0.0,0.0
2024-05-02 10:00:00+09:00,414.0,414.0,408.0,410.0,452400,0.0,0.0
2024-05-02 11:00:00+09:00,410.0,412.0,410.0,412.0,0,0.0,0.0
2024-05-02 12:00:00+09:00,411.0,413.0,411.0,412.0,509800,0.0,0.0
2024-05-02 13:00:00+09:00,412.0,414.0,410.0,413.0,126100,0.0,0.0
2024-05-02 14:00:00+09:00,414.0,414.0,411.0,411.0,61400,0.0,0.0
2024-05-07 09:00:00+09:00,413.0,413.0,409.0,409.0,206500,0.0,0.0
2024-05-07 10:00:00+09:00,409.0,413.0,409.0,412.0,75600,0.0,0.0
2024-05-07 11:00:00+09:00,412.0,413.0,411.0,413.0,0,0.0,0.0
2024-05-07 12:00:00+09:00,411.0,412.0,410.0,412.0,353600,0.0,0.0
2024-05-07 13:00:00+09:00,412.0,414.0,412.0,413.0,47700,0.0,0.0
2024-05-07 14:00:00+09:00,413.0,414.0,412.0,412.0,55500,0.0,0.0
2024-05-08 09:00:00+09:00,411.0,414.0,411.0,412.0,164800,0.0,0.0
2024-05-08 10:00:00+09:00,412.0,412.0,410.0,410.0,22500,0.0,0.0
2024-05-08 11:00:00+09:00,410.0,410.0,409.0,410.0,0,0.0,0.0
2024-05-08 12:00:00+09:00,409.0,415.0,409.0,414.0,272800,0.0,0.0
2024-05-08 13:00:00+09:00,414.0,415.0,413.0,415.0,25200,0.0,0.0
2024-05-08 14:00:00+09:00,414.0,415.0,413.0,414.0,63300,0.0,0.0
2024-05-09 09:00:00+09:00,417.0,419.0,414.0,415.0,117000,0.0,0.0
2024-05-09 10:00:00+09:00,415.0,416.0,415.0,416.0,32800,0.0,0.0
2024-05-09 11:00:00+09:00,416.0,416.0,415.0,415.0,0,0.0,0.0
2024-05-09 12:00:00+09:00,416.0,418.0,416.0,417.0,218500,0.0,0.0
2024-05-09 13:00:00+09:00,417.0,418.0,417.0,417.0,55200,0.0,0.0
2024-05-09 14:00:00+09:00,417.0,419.0,417.0,419.0,28200,0.0,0.0
2024-05-10 09:00:00+09:00,419.0,421.0,415.0,416.0,591300,0.0,0.0
2024-05-10 10:00:00+09:00,417.0,419.0,416.0,418.0,103200,0.0,0.0
2024-05-10 11:00:00+09:00,418.0,418.0,417.0,417.0,0,0.0,0.0
2024-05-10 12:00:00+09:00,417.0,417.0,416.0,416.0,734300,0.0,0.0
2024-05-10 13:00:00+09:00,417.0,417.0,416.0,416.0,72100,0.0,0.0
2024-05-10 14:00:00+09:00,416.0,417.0,414.0,416.0,125100,0.0,0.0
2024-05-13 09:00:00+09:00,418.0,428.0,417.0,426.0,390300,0.0,0.0
2024-05-13 10:00:00+09:00,426.0,427.0,425.0,426.0,129500,0.0,0.0
2024-05-13 11:00:00+09:00,425.0,427.0,424.0,425.0,0,0.0,0.0
2024-05-13 12:00:00+09:00,425.0,426.0,424.0,425.0,638800,0.0,0.0
2024-05-13 13:00:00+09:00,424.0,425.0,421.0,423.0,100700,0.0,0.0
2024-05-13 14:00:00+09:00,423.0,426.0,422.0,424.0,35700,0.0,0.0
2024-05-14 09:00:00+09:00,421.0,424.0,417.0,422.0,168500,0.0,0.0
2024-05-14 10:00:00+09:00,422.0,424.0,421.0,423.0,73500,0.0,0.0
2024-05-14 11:00:00+09:00,424.0,424.0,421.0,423.0,0,0.0,0.0
2024-05-14 12:00:00+09:00,424.0,424.0,419.0,423.0,350100,0.0,0.0
2024-05-14 13:00:00+09:00,423.0,424.0,421.0,422.0,47900,0.0,0.0
2024-05-14 14:00:00+09:00,422.0,423.0,421.0,423.0,57700,0.0,0.0
2024-05-15 09:00:00+09:00,405.0,410.0,399.0,402.0,996100,0.0,0.0
2024-05-15 10:00:00+09:00,403.0,404.0,399.0,403.0,403800,0.0,0.0
2024-05-15 11:00:00+09:00,403.0,404.0,402.0,404.0,0,0.0,0.0
2024-05-15 12:00:00+09:00,404.0,406.0,402.0,403.0,1582100,0.0,0.0
2024-05-15 13:00:00+09:00,403.0,403.0,400.0,400.0,222900,0.0,0.0
2024-05-15 14:00:00+09:00,401.0,404.0,401.0,402.0,128800,0.0,0.0
2024-05-16 09:00:00+09:00,403.0,403.0,398.0,400.0,580200,0.0,0.0
2024-05-16 10:00:00+09:00,400.0,402.0,400.0,401.0,96100,0.0,0.0
2024-05-16 11:00:00+09:00,401.0,402.0,400.0,401.0,0,0.0,0.0
2024-05-16 12:00:00+09:00,401.0,403.0,401.0,402.0,968100,0.0,0.0
2024-05-16 13:00:00+09:00,402.0,402.0,400.0,401.0,44000,0.0,0.0
2024-05-16 14:00:00+09:00,400.0,402.0,400.0,400.0,80000,0.0,0.0
2024-05-17 09:00:00+09:00,404.0,407.0,403.0,405.0,681100,0.0,0.0
2024-05-17 10:00:00+09:00,406.0,407.0,402.0,403.0,105300,0.0,0.0
2024-05-17 11:00:00+09:00,404.0,406.0,404.0,404.0,0,0.0,0.0
2024-05-17 12:00:00+09:00,404.0,409.0,403.0,408.0,1113400,0.0,0.0
2024-05-17 13:00:00+09:00,408.0,408.0,406.0,406.0,54300,0.0,0.0
2024-05-17 14:00:00+09:00,406.0,407.0,405.0,407.0,121600,0.0,0.0
2024-05-20 09:00:00+09:00,407.0,410.0,407.0,409.0,188000,0.0,0.0
2024-05-20 10:00:00+09:00,409.0,411.0,408.0,409.0,84200,0.0,0.0
2024-05-20 11:00:00+09:00,408.0,409.0,408.0,408.0,0,0.0,0.0
2024-05-20 12:00:00+09:00,407.0,411.0,407.0,410.0,361700,0.0,0.0
2024-05-20 13:00:00+09:00,410.0,411.0,408.0,409.0,42300,0.0,0.0
2024-05-20 14:00:00+09:00,409.0,410.0,408.0,408.0,41200,0.0,0.0
2024-05-21 09:00:00+09:00,409.0,412.0,407.0,408.0,341700,0.0,0.0
2024-05-21 10:00:00+09:00,408.0,410.0,408.0,409.0,70600,0.0,0.0
2024-05-21 11:00:00+09:00,408.0,409.0,407.0,408.0,0,0.0,0.0
2024-05-21 12:00:00+09:00,407.0,409.0,406.0,408.0,520000,0.0,0.0
2024-05-21 13:00:00+09:00,408.0,410.0,408.0,408.0,92000,0.0,0.0
2024-05-21 14:00:00+09:00,408.0,408.0,406.0,406.0,78500,0.0,0.0
2024-05-22 09:00:00+09:00,408.0,410.0,407.0,408.0,250000,0.0,0.0
2024-05-22 10:00:00+09:00,408.0,408.0,405.0,406.0,111600,0.0,0.0
2024-05-22 11:00:00+09:00,406.0,407.0,405.0,407.0,0,0.0,0.0
2024-05-22 12:00:00+09:00,407.0,409.0,406.0,409.0,505100,0.0,0.0
2024-05-22 13:00:00+09:00,408.0,408.0,407.0,407.0,64900,0.0,0.0
2024-05-22 14:00:00+09:00,407.0,408.0,406.0,406.0,82400,0.0,0.0
2024-05-23 09:00:00+09:00,407.0,407.0,401.0,404.0,438800,0.0,0.0
2024-05-23 10:00:00+09:00,403.0,403.0,401.0,403.0,104000,0.0,0.0
2024-05-23 11:00:00+09:00,403.0,404.0,403.0,403.0,0,0.0,0.0
2024-05-23 12:00:00+09:00,404.0,406.0,402.0,404.0,725800,0.0,0.0
2024-05-23 13:00:00+09:00,405.0,406.0,404.0,406.0,80500,0.0,0.0
2024-05-23 14:00:00+09:00,406.0,407.0,404.0,406.0,93100,0.0,0.0
2024-05-24 09:00:00+09:00,402.0,404.0,400.0,404.0,230400,0.0,0.0
2024-05-24 10:00:00+09:00,404.0,404.0,402.0,403.0,65700,0.0,0.0
2024-05-24 11:00:00+09:00,403.0,405.0,402.0,404.0,0,0.0,0.0
2024-05-24 12:00:00+09:00,405.0,406.0,405.0,406.0,385500,0.0,0.0
2024-05-24 13:00:00+09:00,405.0,405.0,405.0,405.0,23300,0.0,0.0
2024-05-24 14:00:00+09:00,405.0,405.0,402.0,403.0,103500,0.0,0.0
2024-05-27 09:00:00+09:00,403.0,404.0,401.0,403.0,78300,0.0,0.0
2024-05-27 10:00:00+09:00,403.0,403.0,401.0,401.0,49500,0.0,0.0
2024-05-27 11:00:00+09:00,401.0,402.0,400.0,400.0,0,0.0,0.0
2024-05-27 12:00:00+09:00,401.0,404.0,401.0,402.0,404900,0.0,0.0
2024-05-27 13:00:00+09:00,402.0,404.0,402.0,404.0,38000,0.0,0.0
2024-05-27 14:00:00+09:00,404.0,406.0,404.0,405.0,65300,0.0,0.0
2024-05-28 09:00:00+09:00,406.0,407.0,405.0,407.0,0,0.0,0.0
2024-05-28 10:00:00+09:00,407.0,407.0,406.0,407.0,572400,0.0,0.0
2024-05-28 11:00:00+09:00,407.0,407.0,406.0,406.0,0,0.0,0.0
2024-05-28 12:00:00+09:00,406.0,408.0,406.0,406.0,771500,0.0,0.0
2024-05-28 13:00:00+09:00,407.0,407.0,405.0,406.0,56100,0.0,0.0
2024-05-28 14:00:00+09:00,406.0,406.0,405.0,406.0,13700,0.0,0.0
2024-05-29 09:00:00+09:00,406.0,408.0,405.0,406.0,425300,0.0,0.0
2024-05-29 10:00:00+09:00,407.0,407.0,404.0,406.0,104400,0.0,0.0
2024-05-29 11:00:00+09:00,406.0,407.0,406.0,407.0,0,0.0,0.0
2024-05-29 12:00:00+09:00,407.0,408.0,405.0,405.0,700500,0.0,0.0
2024-05-29 13:00:00+09:00,406.0,406.0,402.0,403.0,145000,0.0,0.0
2024-05-29 14:00:00+09:00,403.0,403.0,400.0,400.0,161600,0.0,0.0
2024-05-30 09:00:00+09:00,397.0,401.0,395.0,400.0,378200,0.0,0.0
2024-05-30 10:00:00+09:00,401.0,403.0,400.0,402.0,0,0.0,0.0
2024-05-30 11:00:00+09:00,402.0,402.0,401.0,402.0,0,0.0,0.0
2024-05-30 12:00:00+09:00,402.0,403.0,402.0,403.0,660700,0.0,0.0
2024-05-30 13:00:00+09:00,403.0,404.0,402.0,404.0,136300,0.0,0.0
2024-05-30 14:00:00+09:00,403.0,404.0,400.0,402.0,152500,0.0,0.0
2024-05-31 09:00:00+09:00,407.0,413.0,407.0,412.0,1101100,0.0,0.0
2024-05-31 10:00:00+09:00,412.0,417.0,411.0,414.0,276200,0.0,0.0
2024-05-31 11:00:00+09:00,414.0,415.0,414.0,415.0,0,0.0,0.0
2024-05-31 12:00:00+09:00,415.0,423.0,415.0,421.0,1601700,0.0,0.0
2024-05-31 13:00:00+09:00,421.0,426.0,415.0,423.0,261300,0.0,0.0
2024-05-31 14:00:00+09:00,424.0,427.0,423.0,426.0,306000,0.0,0.0
2024-06-03 09:00:00+09:00,429.0,430.0,420.0,421.0,293400,0.0,0.0
2024-06-03 10:00:00+09:00,421.0,423.0,420.0,420.0,231600,0.0,0.0
2024-06-03 11:00:00+09:00,420.0,421.0,420.0,421.0,0,0.0,0.0
2024-06-03 12:00:00+09:00,421.0,422.0,420.0,422.0,613700,0.0,0.0
2024-06-03 13:00:00+09:00,421.0,422.0,420.0,421.0,61200,0.0,0.0
2024-06-03 14:00:00+09:00,420.0,422.0,420.0,422.0,104600,0.0,0.0
2024-06-04 09:00:00+09:00,419.0,422.0,418.0,420.0,169000,0.0,0.0
2024-06-04 10:00:00+09:00,420.0,420.0,410.0,410.0,154800,0.0,0.0
2024-06-04 11:00:00+09:00,410.0,411.0,408.0,410.0,0,0.0,0.0
2024-06-04 12:00:00+09:00,411.0,412.0,408.0,412.0,593700,0.0,0.0
2024-06-04 13:00:00+09:00,412.0,412.0,411.0,411.0,78600,0.0,0.0
2024-06-04 14:00:00+09:00,412.0,412.0,409.0,410.0,148800,0.0,0.0
2024-06-05 09:00:00+09:00,405.0,406.0,403.0,404.0,679800,0.0,0.0
2024-06-05 10:00:00+09:00,404.0,406.0,404.0,406.0,187500,0.0,0.0
2024-06-05 11:00:00+09:00,406.0,407.0,405.0,406.0,0,0.0,0.0
2024-06-05 12:00:00+09:00,406.0,409.0,406.0,408.0,1029000,0.0,0.0
2024-06-05 13:00:00+09:00,408.0,408.0,406.0,406.0,84200,0.0,0.0
2024-06-05 14:00:00+09:00,406.0,406.0,404.0,404.0,91700,0.0,0.0
2024-06-06 09:00:00+09:00,404.0,407.0,402.0,405.0,444300,0.0,0.0
2024-06-06 10:00:00+09:00,405.0,408.0,405.0,408.0,345800,0.0,0.0
2024-06-06 11:00:00+09:00,408.0,408.0,406.0,407.0,0,0.0,0.0
2024-06-06 12:00:00+09:00,406.0,410.0,406.0,410.0,1050700,0.0,0.0
2024-06-06 13:00:00+09:00,409.0,410.0,407.0,407.0,146400,0.0,0.0
2024-06-06 14:00:00+09:00,408.0,409.0,407.0,408.0,88100,0.0,0.0
2024-06-07 09:00:00+09:00,408.0,411.0,408.0,411.0,142200,0.0,0.0
2024-06-07 10:00:00+09:00,410.0,412.0,406.0,406.0,155600,0.0,0.0
2024-06-07 11:00:00+09:00,406.0,407.0,406.0,407.0,0,0.0,0.0
2024-06-07 12:00:00+09:00,408.0,408.0,406.0,407.0,347700,0.0,0.0
2024-06-07 13:00:00+09:00,407.0,407.0,405.0,406.0,23300,0.0,0.0
2024-06-07 14:00:00+09:00,407.0,407.0,405.0,405.0,58600,0.0,0.0
2024-06-10 09:00:00+09:00,407.0,409.0,406.0,407.0,95200,0.0,0.0
2024-06-10 10:00:00+09:00,407.0,409.0,407.0,409.0,26900,0.0,0.0
2024-06-10 11:00:00+09:00,409.0,410.0,409.0,410.0,0,0.0,0.0
2024-06-10 12:00:00+09:00,410.0,411.0,408.0,410.0,176800,0.0,0.0
2024-06-10 13:00:00+09:00,410.0,411.0,408.0,409.0,61400,0.0,0.0
2024-06-10 14:00:00+09:00,409.0,411.0,407.0,411.0,125600,0.0,0.0
2024-06-11 09:00:00+09:00,411.0,411.0,409.0,410.0,136500,0.0,0.0
2024-06-11 10:00:00+09:00,411.0,413.0,409.0,411.0,59500,0.0,0.0
2024-06-11 11:00:00+09:00,411.0,411.0,408.0,410.0,0,0.0,0.0
2024-06-11 12:00:00+09:00,410.0,413.0,408.0,413.0,312400,0.0,0.0
2024-06-11 13:00:00+09:00,412.0,413.0,409.0,410.0,160400,0.0,0.0
2024-06-11 14:00:00+09:00,409.0,409.0,407.0,407.0,110600,0.0,0.0
2024-06-12 09:00:00+09:00,408.0,408.0,405.0,407.0,79300,0.0,0.0
2024-06-12 10:00:00+09:00,407.0,408.0,407.0,408.0,28400,0.0,0.0
2024-06-12 11:00:00+09:00,407.0,410.0,407.0,409.0,0,0.0,0.0
2024-06-12 12:00:00+09:00,410.0,410.0,409.0,410.0,171900,0.0,0.0
2024-06-12 13:00:00+09:00,410.0,410.0,409.0,409.0,1800,0.0,0.0
2024-06-12 14:00:00+09:00,410.0,411.0,409.0,410.0,119500,0.0,0.0
2024-06-13 09:00:00+09:00,409.0,410.0,402.0,404.0,132000,0.0,0.0
2024-06-13 10:00:00+09:00,405.0,405.0,403.0,403.0,65900,0.0,0.0
2024-06-13 11:00:00+09:00,403.0,404.0,402.0,403.0,0,0.0,0.0
2024-06-13 12:00:00+09:00,402.0,404.0,402.0,404.0,258800,0.0,0.0
2024-06-13 13:00:00+09:00,403.0,404.0,402.0,404.0,35300,0.0,0.0
2024-06-13 14:00:00+09:00,403.0,403.0,400.0,401.0,96100,0.0,0.0
2024-06-14 09:00:00+09:00,396.0,401.0,394.0,399.0,699500,0.0,0.0
2024-06-14 10:00:00+09:00,399.0,403.0,399.0,402.0,95900,0.0,0.0
2024-06-14 11:00:00+09:00,402.0,403.0,401.0,401.0,0,0.0,0.0
2024-06-14 12:00:00+09:00,404.0,404.0,399.0,401.0,958600,0.0,0.0
2024-06-14 13:00:00+09:00,401.0,401.0,398.0,399.0,86900,0.0,0.0
2024-06-14 14:00:00+09:00,399.0,404.0,399.0,404.0,123000,0.0,0.0
2024-06-17 09:00:00+09:00,405.0,405.0,399.0,400.0,0,0.0,0.0
2024-06-17 10:00:00+09:00,399.0,399.0,396.0,398.0,201900,0.0,0.0
2024-06-17 11:00:00+09:00,399.0,399.0,398.0,398.0,0,0.0,0.0
2024-06-17 12:00:00+09:00,399.0,400.0,399.0,400.0,538700,0.0,0.0
2024-06-17 13:00:00+09:00,400.0,400.0,398.0,399.0,61900,0.0,0.0
2024-06-17 14:00:00+09:00,399.0,400.0,398.0,398.0,72900,0.0,0.0
2024-06-18 09:00:00+09:00,402.0,403.0,399.0,400.0,186800,0.0,0.0
2024-06-18 10:00:00+09:00,399.0,400.0,399.0,400.0,50800,0.0,0.0
2024-06-18 11:00:00+09:00,401.0,402.0,400.0,402.0,0,0.0,0.0
2024-06-18 12:00:00+09:00,402.0,402.0,400.0,401.0,272700,0.0,0.0
2024-06-18 13:00:00+09:00,401.0,401.0,399.0,400.0,48000,0.0,0.0
2024-06-18 14:00:00+09:00,399.0,400.0,398.0,398.0,97000,0.0,0.0
2024-06-19 09:00:00+09:00,397.0,401.0,397.0,401.0,373900,0.0,0.0
2024-06-19 10:00:00+09:00,401.0,401.0,399.0,401.0,195300,0.0,0.0
2024-06-19 11:00:00+09:00,400.0,400.0,398.0,399.0,0,0.0,0.0
2024-06-19 12:00:00+09:00,399.0,399.0,398.0,398.0,961700,0.0,0.0
2024-06-19 13:00:00+09:00,399.0,399.0,398.0,399.0,10900,0.0,0.0
2024-06-19 14:00:00+09:00,398.0,400.0,398.0,398.0,125200,0.0,0.0
2024-06-20 09:00:00+09:00,398.0,399.0,396.0,397.0,579700,0.0,0.0
2024-06-20 10:00:00+09:00,398.0,398.0,396.0,397.0,27900,0.0,0.0
2024-06-20 11:00:00+09:00,397.0,397.0,395.0,396.0,0,0.0,0.0
2024-06-20 12:00:00+09:00,397.0,397.0,395.0,395.0,811300,0.0,0.0
2024-06-20 13:00:00+09:00,396.0,399.0,395.0,398.0,84400,0.0,0.0
2024-06-20 14:00:00+09:00,399.0,400.0,398.0,399.0,48700,0.0,0.0
2024-06-21 09:00:00+09:00,402.0,402.0,399.0,399.0,102100,0.0,0.0
2024-06-21 10:00:00+09:00,400.0,400.0,400.0,400.0,14600,0.0,0.0
2024-06-21 11:00:00+09:00,399.0,400.0,398.0,400.0,0,0.0,0.0
2024-06-21 12:00:00+09:00,400.0,400.0,399.0,400.0,179600,0.0,0.0
2024-06-21 13:00:00+09:00,399.0,400.0,399.0,400.0,32900,0.0,0.0
2024-06-21 14:00:00+09:00,400.0,400.0,396.0,396.0,322800,0.0,0.0
2024-06-24 09:00:00+09:00,402.0,405.0,401.0,404.0,455600,0.0,0.0
2024-06-24 10:00:00+09:00,403.0,403.0,401.0,402.0,47000,0.0,0.0
2024-06-24 11:00:00+09:00,402.0,405.0,402.0,405.0,0,0.0,0.0
2024-06-24 12:00:00+09:00,406.0,408.0,406.0,406.0,683300,0.0,0.0
2024-06-24 13:00:00+09:00,406.0,409.0,406.0,408.0,175700,0.0,0.0
2024-06-24 14:00:00+09:00,409.0,411.0,408.0,409.0,274400,0.0,0.0
2024-06-25 09:00:00+09:00,416.0,426.0,413.0,422.0,768800,0.0,0.0
2024-06-25 10:00:00+09:00,422.0,425.0,420.0,424.0,132800,0.0,0.0
2024-06-25 11:00:00+09:00,424.0,431.0,424.0,429.0,0,0.0,0.0
2024-06-25 12:00:00+09:00,428.0,429.0,422.0,423.0,1230900,0.0,0.0
2024-06-25 13:00:00+09:00,423.0,424.0,421.0,422.0,138300,0.0,0.0
2024-06-25 14:00:00+09:00,422.0,422.0,419.0,420.0,128000,0.0,0.0
2024-06-26 09:00:00+09:00,422.0,423.0,420.0,422.0,119700,0.0,0.0
2024-06-26 10:00:00+09:00,423.0,424.0,422.0,423.0,99500,0.0,0.0
2024-06-26 11:00:00+09:00,423.0,425.0,423.0,424.0,0,0.0,0.0
2024-06-26 12:00:00+09:00,424.0,424.0,421.0,422.0,310300,0.0,0.0
2024-06-26 13:00:00+09:00,421.0,422.0,420.0,420.0,42500,0.0,0.0
2024-06-26 14:00:00+09:00,421.0,421.0,419.0,419.0,107200,0.0,0.0
2024-06-27 09:00:00+09:00,416.0,422.0,416.0,420.0,234600,0.0,0.0
2024-06-27 10:00:00+09:00,420.0,422.0,420.0,421.0,26300,0.0,0.0
2024-06-27 11:00:00+09:00,422.0,422.0,419.0,420.0,0,0.0,0.0
2024-06-27 12:00:00+09:00,420.0,420.0,418.0,419.0,312200,0.0,0.0
2024-06-27 13:00:00+09:00,419.0,420.0,419.0,419.0,29800,0.0,0.0
2024-06-27 14:00:00+09:00,419.0,420.0,418.0,420.0,68000,0.0,0.0
2024-06-28 09:00:00+09:00,420.0,424.0,420.0,423.0,167100,0.0,0.0
2024-06-28 10:00:00+09:00,423.0,425.0,422.0,422.0,94400,0.0,0.0
2024-06-28 11:00:00+09:00,423.0,423.0,421.0,422.0,0,0.0,0.0
2024-06-28 12:00:00+09:00,423.0,423.0,421.0,422.0,373300,0.0,0.0
2024-06-28 13:00:00+09:00,422.0,422.0,422.0,422.0,70500,0.0,0.0
2024-06-28 14:00:00+09:00,423.0,423.0,420.0,422.0,65700,0.0,0.0
2024-07-01 09:00:00+09:00,426.0,426.0,415.0,415.0,211600,0.0,0.0
2024-07-01 10:00:00+09:00,416.0,421.0,416.0,421.0,112700,0.0,0.0
2024-07-01 11:00:00+09:00,421.0,422.0,421.0,421.0,0,0.0,0.0
2024-07-01 12:00:00+09:00,422.0,422.0,420.0,422.0,419800,0.0,0.0
2024-07-01 13:00:00+09:00,421.0,423.0,421.0,422.0,94000,0.0,0.0
2024-07-01 14:00:00+09:00,422.0,423.0,421.0,423.0,56500,0.0,0.0
2024-07-02 09:00:00+09:00,425.0,427.0,423.0,425.0,260800,0.0,0.0
2024-07-02 10:00:00+09:00,425.0,428.0,425.0,425.0,107800,0.0,0.0
2024-07-02 11:00:00+09:00,425.0,426.0,424.0,425.0,0,0.0,0.0
2024-07-02 12:00:00+09:00,425.0,425.0,422.0,424.0,537700,0.0,0.0
2024-07-02 13:00:00+09:00,424.0,426.0,424.0,424.0,53100,0.0,0.0
2024-07-02 14:00:00+09:00,424.0,426.0,423.0,424.0,72300,0.0,0.0
2024-07-03 09:00:00+09:00,423.0,423.0,417.0,420.0,356500,0.0,0.0
2024-07-03 10:00:00+09:00,419.0,422.0,419.0,421.0,76700,0.0,0.0
2024-07-03 11:00:00+09:00,421.0,421.0,420.0,421.0,0,0.0,0.0
2024-07-03 12:00:00+09:00,422.0,422.0,420.0,421.0,485800,0.0,0.0
2024-07-03 13:00:00+09:00,420.0,423.0,419.0,422.0,60500,0.0,0.0
2024-07-03 14:00:00+09:00,421.0,421.0,419.0,420.0,95100,0.0,0.0
2024-07-04 09:00:00+09:00,421.0,421.0,417.0,420.0,88200,0.0,0.0
2024-07-04 10:00:00+09:00,420.0,420.0,419.0,420.0,21100,0.0,0.0
2024-07-04 11:00:00+09:00,419.0,420.0,419.0,419.0,0,0.0,0.0
2024-07-04 12:00:00+09:00,420.0,421.0,420.0,421.0,137500,0.0,0.0
2024-07-04 13:00:00+09:00,420.0,422.0,420.0,421.0,50200,0.0,0.0
2024-07-04 14:00:00+09:00,421.0,422.0,420.0,422.0,55300,0.0,0.0
2024-07-05 09:00:00+09:00,422.0,422.0,418.0,419.0,139300,0.0,0.0
2024-07-05 10:00:00+09:00,418.0,418.0,415.0,415.0,82000,0.0,0.0
2024-07-05 11:00:00+09:00,415.0,416.0,415.0,416.0,0,0.0,0.0
2024-07-05 12:00:00+09:00,415.0,415.0,413.0,414.0,367300,0.0,0.0
2024-07-05 13:00:00+09:00,414.0,414.0,413.0,414.0,30600,0.0,0.0
2024-07-05 14:00:00+09:00,414.0,415.0,413.0,413.0,104000,0.0,0.0
2024-07-08 09:00:00+09:00,413.0,415.0,410.0,410.0,106000,0.0,0.0
2024-07-08 10:00:00+09:00,410.0,410.0,408.0,408.0,77400,0.0,0.0
2024-07-08 11:00:00+09:00,408.0,411.0,408.0,410.0,0,0.0,0.0
2024-07-08 12:00:00+09:00,410.0,411.0,408.0,411.0,268900,0.0,0.0
2024-07-08 13:00:00+09:00,410.0,410.0,408.0,408.0,72700,0.0,0.0
2024-07-08 14:00:00+09:00,408.0,409.0,408.0,408.0,64100,0.0,0.0
2024-07-09 09:00:00+09:00,407.0,411.0,406.0,406.0,206600,0.0,0.0
2024-07-09 10:00:00+09:00,406.0,408.0,405.0,407.0,68200,0.0,0.0
2024-07-09 11:00:00+09:00,407.0,409.0,407.0,408.0,0,0.0,0.0
2024-07-09 12:00:00+09:00,409.0,409.0,408.0,409.0,366700,0.0,0.0
2024-07-09 13:00:00+09:00,408.0,412.0,408.0,411.0,84400,0.0,0.0
2024-07-09 14:00:00+09:00,411.0,412.0,410.0,410.0,54100,0.0,0.0
2024-07-10 09:00:00+09:00,412.0,414.0,411.0,412.0,84900,0.0,0.0
2024-07-10 10:00:00+09:00,411.0,413.0,409.0,409.0,75200,0.0,0.0
2024-07-10 11:00:00+09:00,409.0,409.0,408.0,409.0,0,0.0,0.0
2024-07-10 12:00:00+09:00,408.0,409.0,407.0,407.0,214500,0.0,0.0
2024-07-10 13:00:00+09:00,407.0,408.0,406.0,407.0,46500,0.0,0.0
2024-07-10 14:00:00+09:00,407.0,410.0,407.0,409.0,55400,0.0,0.0
2024-07-11 09:00:00+09:00,413.0,416.0,411.0,413.0,268200,0.0,0.0
2024-07-11 10:00:00+09:00,412.0,415.0,412.0,414.0,44700,0.0,0.0
2024-07-11 11:00:00+09:00,414.0,414.0,413.0,413.0,0,0.0,0.0
2024-07-11 12:00:00+09:00,413.0,414.0,413.0,414.0,338600,0.0,0.0
2024-07-11 13:00:00+09:00,413.0,415.0,413.0,413.0,34500,0.0,0.0
2024-07-11 14:00:00+09:00,413.0,414.0,413.0,414.0,65900,0.0,0.0
2024-07-12 09:00:00+09:00,411.0,415.0,408.0,414.0,118900,0.0,0.0
2024-07-12 10:00:00+09:00,414.0,416.0,413.0,413.0,53100,0.0,0.0
2024-07-12 11:00:00+09:00,412.0,412.0,410.0,410.0,0,0.0,0.0
2024-07-12 12:00:00+09:00,410.0,414.0,410.0,413.0,260600,0.0,0.0
2024-07-12 13:00:00+09:00,414.0,415.0,414.0,414.0,46000,0.0,0.0
2024-07-12 14:00:00+09:00,414.0,415.0,412.0,414.0,83500,0.0,0.0
2024-07-16 09:00:00+09:00,415.0,417.0,414.0,415.0,138200,0.0,0.0
2024-07-16 10:00:00+09:00,415.0,417.0,415.0,415.0,0,0.0,0.0
2024-07-16 11:00:00+09:00,415.0,415.0,414.0,414.0,0,0.0,0.0
2024-07-16 12:00:00+09:00,415.0,415.0,415.0,415.0,264600,0.0,0.0
2024-07-16 13:00:00+09:00,414.0,415.0,414.0,415.0,3300,0.0,0.0
2024-07-16 14:00:00+09:00,415.0,415.0,413.0,413.0,70700,0.0,0.0
2024-07-17 09:00:00+09:00,417.0,421.0,416.0,419.0,277200,0.0,0.0
2024-07-17 10:00:00+09:00,419.0,422.0,419.0,420.0,0,0.0,0.0
2024-07-17 11:00:00+09:00,421.0,423.0,420.0,421.0,0,0.0,0.0
2024-07-17 12:00:00+09:00,421.0,421.0,418.0,419.0,622700,0.0,0.0
2024-07-17 13:00:00+09:00,419.0,419.0,418.0,419.0,13500,0.0,0.0
2024-07-17 14:00:00+09:00,419.0,420.0,418.0,420.0,40600,0.0,0.0
2024-07-18 09:00:00+09:00,416.0,422.0,416.0,420.0,184300,0.0,0.0
2024-07-18 10:00:00+09:00,420.0,423.0,419.0,422.0,98800,0.0,0.0
2024-07-18 11:00:00+09:00,423.0,424.0,422.0,424.0,0,0.0,0.0
2024-07-18 12:00:00+09:00,424.0,428.0,424.0,427.0,531000,0.0,0.0
2024-07-18 13:00:00+09:00,427.0,429.0,426.0,427.0,96300,0.0,0.0
2024-07-18 14:00:00+09:00,427.0,427.0,425.0,425.0,108700,0.0,0.0
2024-07-19 09:00:00+09:00,427.0,428.0,421.0,421.0,108000,0.0,0.0
2024-07-19 10:00:00+09:00,421.0,422.0,419.0,419.0,58600,0.0,0.0
2024-07-19 11:00:00+09:00,418.0,420.0,418.0,419.0,0,0.0,0.0
2024-07-19 12:00:00+09:00,420.0,420.0,417.0,419.0,258700,0.0,0.0
2024-07-19 13:00:00+09:00,419.0,420.0,418.0,420.0,64000,0.0,0.0
2024-07-19 14:00:00+09:00,419.0,426.0,419.0,422.0,218000,0.0,0.0
2024-07-22 09:00:00+09:00,424.0,424.0,416.0,417.0,93600,0.0,0.0
2024-07-22 10:00:00+09:00,416.0,418.0,415.0,418.0,67300,0.0,0.0
2024-07-22 11:00:00+09:00,417.0,418.0,416.0,418.0,0,0.0,0.0
2024-07-22 12:00:00+09:00,421.0,421.0,419.0,420.0,245200,0.0,0.0
2024-07-22 13:00:00+09:00,419.0,421.0,418.0,420.0,90800,0.0,0.0
2024-07-22 14:00:00+09:00,419.0,420.0,418.0,419.0,84000,0.0,0.0
2024-07-23 09:00:00+09:00,419.0,419.0,415.0,415.0,163400,0.0,0.0
2024-07-23 10:00:00+09:00,416.0,416.0,413.0,414.0,63500,0.0,0.0
2024-07-23 11:00:00+09:00,414.0,416.0,414.0,416.0,0,0.0,0.0
2024-07-23 12:00:00+09:00,415.0,415.0,413.0,414.0,340200,0.0,0.0
2024-07-23 13:00:00+09:00,414.0,416.0,413.0,415.0,124800,0.0,0.0
2024-07-23 14:00:00+09:00,415.0,418.0,415.0,418.0,97400,0.0,0.0
2024-07-24 09:00:00+09:00,418.0,425.0,416.0,424.0,413400,0.0,0.0
2024-07-24 10:00:00+09:00,423.0,424.0,418.0,420.0,151700,0.0,0.0
2024-07-24 11:00:00+09:00,420.0,421.0,419.0,419.0,0,0.0,0.0
2024-07-24 12:00:00+09:00,420.0,420.0,417.0,418.0,649100,0.0,0.0
2024-07-24 13:00:00+09:00,418.0,418.0,416.0,416.0,75600,0.0,0.0
2024-07-24 14:00:00+09:00,416.0,417.0,413.0,414.0,203500,0.0,0.0
2024-07-25 09:00:00+09:00,411.0,413.0,408.0,410.0,358700,0.0,0.0
2024-07-25 10:00:00+09:00,409.0,410.0,407.0,409.0,178800,0.0,0.0
2024-07-25 11:00:00+09:00,408.0,412.0,408.0,411.0,0,0.0,0.0
2024-07-25 12:00:00+09:00,410.0,412.0,408.0,410.0,757000,0.0,0.0
2024-07-25 13:00:00+09:00,410.0,412.0,409.0,411.0,203400,0.0,0.0
2024-07-25 14:00:00+09:00,411.0,411.0,409.0,409.0,141700,0.0,0.0
2024-07-26 09:00:00+09:00,408.0,410.0,407.0,410.0,217500,0.0,0.0
2024-07-26 10:00:00+09:00,411.0,412.0,409.0,410.0,55700,0.0,0.0
2024-07-26 11:00:00+09:00,410.0,413.0,410.0,413.0,0,0.0,0.0
2024-07-26 12:00:00+09:00,412.0,412.0,409.0,411.0,350500,0.0,0.0
2024-07-26 13:00:00+09:00,411.0,412.0,410.0,410.0,65400,0.0,0.0
2024-07-26 14:00:00+09:00,410.0,412.0,409.0,410.0,50600,0.0,0.0
2024-07-29 09:00:00+09:00,416.0,420.0,414.0,418.0,314000,0.0,0.0
2024-07-29 10:00:00+09:00,418.0,419.0,416.0,419.0,80100,0.0,0.0
2024-07-29 11:00:00+09:00,419.0,419.0,417.0,419.0,0,0.0,0.0
2024-07-29 12:00:00+09:00,419.0,419.0,419.0,419.0,512300,0.0,0.0
2024-07-29 13:00:00+09:00,419.0,421.0,418.0,420.0,179500,0.0,0.0
2024-07-29 14:00:00+09:00,420.0,422.0,419.0,422.0,225700,0.0,0.0
2024-07-30 09:00:00+09:00,417.0,422.0,415.0,422.0,97200,0.0,0.0
2024-07-30 10:00:00+09:00,421.0,421.0,416.0,416.0,100500,0.0,0.0
2024-07-30 11:00:00+09:00,416.0,418.0,416.0,417.0,0,0.0,0.0
2024-07-30 12:00:00+09:00,417.0,417.0,415.0,415.0,269400,0.0,0.0
2024-07-30 13:00:00+09:00,415.0,417.0,414.0,416.0,73300,0.0,0.0
2024-07-30 14:00:00+09:00,416.0,418.0,416.0,418.0,47500,0.0,0.0
2024-07-31 09:00:00+09:00,418.0,420.0,416.0,419.0,79100,0.0,0.0
2024-07-31 10:00:00+09:00,420.0,423.0,419.0,420.0,69800,0.0,0.0
2024-07-31 11:00:00+09:00,420.0,422.0,420.0,421.0,0,0.0,0.0
2024-07-31 12:00:00+09:00,423.0,424.0,422.0,424.0,254300,0.0,0.0
2024-07-31 13:00:00+09:00,423.0,428.0,420.0,427.0,157200,0.0,0.0
2024-07-31 14:00:00+09:00,427.0,433.0,427.0,433.0,259700,0.0,0.0
2024-08-01 09:00:00+09:00,433.0,438.0,431.0,433.0,389800,0.0,0.0
2024-08-01 10:00:00+09:00,434.0,434.0,431.0,431.0,88900,0.0,0.0
2024-08-01 11:00:00+09:00,431.0,433.0,430.0,432.0,0,0.0,0.0
2024-08-01 12:00:00+09:00,431.0,433.0,428.0,428.0,543300,0.0,0.0
2024-08-01 13:00:00+09:00,428.0,433.0,427.0,431.0,174400,0.0,0.0
2024-08-01 14:00:00+09:00,432.0,434.0,431.0,432.0,76800,0.0,0.0
2024-08-02 09:00:00+09:00,418.0,419.0,404.0,404.0,548900,0.0,0.0
2024-08-02 10:00:00+09:00,405.0,413.0,403.0,410.0,415400,0.0,0.0
2024-08-02 11:00:00+09:00,411.0,411.0,407.0,409.0,0,0.0,0.0
2024-08-02 12:00:00+09:00,408.0,409.0,405.0,405.0,1165600,0.0,0.0
2024-08-02 13:00:00+09:00,405.0,407.0,403.0,403.0,193400,0.0,0.0
2024-08-02 14:00:00+09:00,404.0,406.0,399.0,399.0,514100,0.0,0.0
2024-08-05 09:00:00+09:00,376.0,376.0,357.0,364.0,747100,0.0,0.0
2024-08-05 10:00:00+09:00,364.0,366.0,359.0,360.0,413600,0.0,0.0
2024-08-05 11:00:00+09:00,360.0,366.0,359.0,364.0,0,0.0,0.0
2024-08-05 12:00:00+09:00,366.0,367.0,360.0,361.0,1413400,0.0,0.0
2024-08-05 13:00:00+09:00,361.0,365.0,355.0,355.0,719500,0.0,0.0
2024-08-05 14:00:00+09:00,355.0,355.0,340.0,346.0,466400,0.0,0.0
2024-08-06 09:00:00+09:00,371.0,385.0,367.0,381.0,393200,0.0,0.0
2024-08-06 10:00:00+09:00,381.0,386.0,366.0,371.0,264900,0.0,0.0
2024-08-06 11:00:00+09:00,370.0,372.0,365.0,367.0,0,0.0,0.0
2024-08-06 12:00:00+09:00,367.0,378.0,367.0,376.0,826500,0.0,0.0
2024-08-06 13:00:00+09:00,375.0,377.0,368.0,368.0,166900,0.0,0.0
2024-08-06 14:00:00+09:00,368.0,376.0,366.0,373.0,160500,0.0,0.0
2024-08-07 09:00:00+09:00,366.0,376.0,362.0,374.0,514500,0.0,0.0
2024-08-07 10:00:00+09:00,373.0,382.0,373.0,381.0,265700,0.0,0.0
2024-08-07 11:00:00+09:00,381.0,381.0,378.0,378.0,0,0.0,0.0
2024-08-07 12:00:00+09:00,380.0,385.0,378.0,381.0,1099900,0.0,0.0
2024-08-07 13:00:00+09:00,382.0,386.0,379.0,385.0,86800,0.0,0.0
2024-08-07 14:00:00+09:00,385.0,386.0,376.0,376.0,162700,0.0,0.0
2024-08-08 09:00:00+09:00,373.0,381.0,372.0,375.0,373800,0.0,0.0
2024-08-08 10:00:00+09:00,374.0,377.0,373.0,375.0,76300,0.0,0.0
2024-08-08 11:00:00+09:00,375.0,377.0,374.0,375.0,0,0.0,0.0
2024-08-08 12:00:00+09:00,375.0,377.0,373.0,373.0,617800,0.0,0.0
2024-08-08 13:00:00+09:00,373.0,373.0,369.0,370.0,243500,0.0,0.0
2024-08-08 14:00:00+09:00,370.0,372.0,366.0,367.0,376900,0.0,0.0
2024-08-09 09:00:00+09:00,375.0,379.0,373.0,377.0,353500,0.0,0.0
2024-08-09 10:00:00+09:00,377.0,379.0,377.0,378.0,93200,0.0,0.0
2024-08-09 11:00:00+09:00,377.0,378.0,376.0,376.0,0,0.0,0.0
2024-08-09 12:00:00+09:00,377.0,380.0,376.0,377.0,562800,0.0,0.0
2024-08-09 13:00:00+09:00,376.0,376.0,373.0,374.0,106400,0.0,0.0
2024-08-09 14:00:00+09:00,374.0,380.0,374.0,378.0,236700,0.0,0.0
2024-08-13 09:00:00+09:00,370.0,378.0,366.0,378.0,194700,0.0,0.0
2024-08-13 10:00:00+09:00,378.0,381.0,376.0,378.0,54100,0.0,0.0
2024-08-13 11:00:00+09:00,378.0,381.0,377.0,381.0,0,0.0,0.0
2024-08-13 12:00:00+09:00,380.0,382.0,380.0,381.0,332800,0.0,0.0
2024-08-13 13:00:00+09:00,380.0,384.0,380.0,383.0,38900,0.0,0.0
2024-08-13 14:00:00+09:00,383.0,387.0,382.0,386.0,98800,0.0,0.0
2024-08-14 09:00:00+09:00,390.0,393.0,387.0,391.0,120700,0.0,0.0
2024-08-14 10:00:00+09:00,391.0,396.0,391.0,396.0,155200,0.0,0.0
2024-08-14 11:00:00+09:00,396.0,396.0,389.0,390.0,0,0.0,0.0
2024-08-14 12:00:00+09:00,390.0,393.0,390.0,391.0,421300,0.0,0.0
2024-08-14 13:00:00+09:00,392.0,393.0,391.0,391.0,34300,0.0,0.0
2024-08-14 14:00:00+09:00,391.0,393.0,390.0,393.0,62200,0.0,0.0
2024-08-15 09:00:00+09:00,394.0,398.0,393.0,396.0,85200,0.0,0.0
2024-08-15 10:00:00+09:00,395.0,396.0,393.0,394.0,37300,0.0,0.0
2024-08-15 11:00:00+09:00,394.0,396.0,394.0,396.0,0,0.0,0.0
2024-08-15 12:00:00+09:00,396.0,397.0,395.0,395.0,170000,0.0,0.0
2024-08-15 13:00:00+09:00,395.0,396.0,392.0,394.0,52300,0.0,0.0
2024-08-15 14:00:00+09:00,393.0,394.0,391.0,393.0,102400,0.0,0.0
2024-08-16 09:00:00+09:00,399.0,407.0,398.0,402.0,314000,0.0,0.0
2024-08-16 10:00:00+09:00,402.0,404.0,399.0,403.0,93200,0.0,0.0
2024-08-16 11:00:00+09:00,403.0,404.0,402.0,404.0,0,0.0,0.0
2024-08-16 12:00:00+09:00,404.0,406.0,403.0,404.0,523800,0.0,0.0
2024-08-16 13:00:00+09:00,404.0,404.0,402.0,403.0,85500,0.0,0.0
2024-08-16 14:00:00+09:00,403.0,405.0,403.0,403.0,95900,0.0,0.0
2024-08-19 09:00:00+09:00,403.0,403.0,398.0,402.0,105900,0.0,0.0
2024-08-19 10:00:00+09:00,402.0,403.0,401.0,402.0,28700,0.0,0.0
2024-08-19 11:00:00+09:00,402.0,403.0,401.0,401.0,0,0.0,0.0
2024-08-19 12:00:00+09:00,401.0,402.0,400.0,401.0,216600,0.0,0.0
2024-08-19 13:00:00+09:00,400.0,402.0,399.0,400.0,73600,0.0,0.0
2024-08-19 14:00:00+09:00,400.0,400.0,397.0,397.0,94400,0.0,0.0
2024-08-20 09:00:00+09:00,400.0,401.0,398.0,400.0,192200,0.0,0.0
2024-08-20 10:00:00+09:00,400.0,402.0,399.0,400.0,85700,0.0,0.0
2024-08-20 11:00:00+09:00,399.0,401.0,399.0,400.0,0,0.0,0.0
2024-08-20 12:00:00+09:00,400.0,402.0,400.0,401.0,357100,0.0,0.0
2024-08-20 13:00:00+09:00,401.0,402.0,400.0,401.0,34800,0.0,0.0
2024-08-20 14:00:00+09:00,401.0,402.0,399.0,400.0,122800,0.0,0.0
2024-08-21 09:00:00+09:00,398.0,400.0,396.0,397.0,83800,0.0,0.0
2024-08-21 10:00:00+09:00,397.0,397.0,393.0,394.0,65100,0.0,0.0
2024-08-21 11:00:00+09:00,393.0,394.0,392.0,394.0,0,0.0,0.0
2024-08-21 12:00:00+09:00,394.0,397.0,394.0,396.0,222000,0.0,0.0
2024-08-21 13:00:00+09:00,397.0,397.0,396.0,397.0,24600,0.0,0.0
2024-08-21 14:00:00+09:00,396.0,397.0,395.0,397.0,46000,0.0,0.0
2024-08-22 09:00:00+09:00,399.0,399.0,393.0,394.0,143400,0.0,0.0
2024-08-22 10:00:00+09:00,394.0,394.0,392.0,394.0,57000,0.0,0.0
2024-08-22 11:00:00+09:00,394.0,395.0,394.0,395.0,0,0.0,0.0
2024-08-22 12:00:00+09:00,396.0,396.0,393.0,393.0,277100,0.0,0.0
2024-08-22 13:00:00+09:00,394.0,395.0,393.0,395.0,25200,0.0,0.0
2024-08-22 14:00:00+09:00,395.0,396.0,393.0,396.0,46300,0.0,0.0
2024-08-23 09:00:00+09:00,394.0,396.0,393.0,394.0,87700,0.0,0.0
2024-08-23 10:00:00+09:00,394.0,394.0,391.0,391.0,49300,0.0,0.0
2024-08-23 11:00:00+09:00,392.0,393.0,391.0,392.0,0,0.0,0.0
2024-08-23 12:00:00+09:00,394.0,394.0,393.0,394.0,171000,0.0,0.0
2024-08-23 13:00:00+09:00,394.0,395.0,393.0,395.0,28700,0.0,0.0
2024-08-23 14:00:00+09:00,394.0,396.0,394.0,395.0,67700,0.0,0.0
2024-08-26 09:00:00+09:00,397.0,397.0,394.0,395.0,113200,0.0,0.0
2024-08-26 10:00:00+09:00,394.0,396.0,391.0,391.0,101700,0.0,0.0
2024-08-26 11:00:00+09:00,391.0,392.0,391.0,391.0,0,0.0,0.0
2024-08-26 12:00:00+09:00,391.0,393.0,391.0,392.0,260800,0.0,0.0
2024-08-26 13:00:00+09:00,392.0,393.0,388.0,389.0,146900,0.0,0.0
2024-08-26 14:00:00+09:00,389.0,392.0,389.0,391.0,61900,0.0,0.0
2024-08-27 09:00:00+09:00,392.0,397.0,391.0,396.0,134300,0.0,0.0
2024-08-27 10:00:00+09:00,396.0,397.0,393.0,394.0,60300,0.0,0.0
2024-08-27 11:00:00+09:00,395.0,395.0,393.0,393.0,0,0.0,0.0
2024-08-27 12:00:00+09:00,395.0,396.0,393.0,396.0,376600,0.0,0.0
2024-08-27 13:00:00+09:00,395.0,396.0,395.0,395.0,21500,0.0,0.0
2024-08-27 14:00:00+09:00,395.0,399.0,395.0,399.0,71000,0.0,0.0
2024-08-28 09:00:00+09:00,396.0,396.0,390.0,391.0,92600,0.0,0.0
2024-08-28 10:00:00+09:00,391.0,395.0,391.0,393.0,53500,0.0,0.0
2024-08-28 11:00:00+09:00,393.0,393.0,393.0,393.0,0,0.0,0.0
2024-08-28 12:00:00+09:00,393.0,394.0,392.0,393.0,346100,0.0,0.0
2024-08-28 13:00:00+09:00,393.0,394.0,393.0,394.0,87000,0.0,0.0
2024-08-28 14:00:00+09:00,394.0,394.0,392.0,393.0,72700,0.0,0.0
2024-08-29 09:00:00+09:00,396.0,396.0,393.0,394.0,81600,0.0,0.0
2024-08-29 10:00:00+09:00,395.0,395.0,393.0,394.0,61400,0.0,0.0
2024-08-29 11:00:00+09:00,394.0,395.0,393.0,394.0,0,0.0,0.0
2024-08-29 12:00:00+09:00,395.0,395.0,393.0,393.0,195500,0.0,0.0
2024-08-29 13:00:00+09:00,393.0,394.0,392.0,393.0,78400,0.0,0.0
2024-08-29 14:00:00+09:00,394.0,395.0,393.0,394.0,220300,0.0,0.0
2024-08-30 09:00:00+09:00,397.0,397.0,391.0,395.0,161000,0.0,0.0
2024-08-30 10:00:00+09:00,396.0,396.0,393.0,394.0,40200,0.0,0.0
2024-08-30 11:00:00+09:00,394.0,396.0,394.0,396.0,0,0.0,0.0
2024-08-30 12:00:00+09:00,396.0,396.0,394.0,395.0,249300,0.0,0.0
2024-08-30 13:00:00+09:00,395.0,395.0,394.0,394.0,7800,0.0,0.0
2024-08-30 14:00:00+09:00,395.0,402.0,394.0,399.0,224400,0.0,0.0
2024-09-02 09:00:00+09:00,402.0,403.0,398.0,398.0,102300,0.0,0.0
2024-09-02 10:00:00+09:00,398.0,399.0,395.0,396.0,83300,0.0,0.0
2024-09-02 11:00:00+09:00,396.0,399.0,396.0,399.0,0,0.0,0.0
2024-09-02 12:00:00+09:00,399.0,403.0,398.0,402.0,318700,0.0,0.0
2024-09-02 13:00:00+09:00,401.0,402.0,400.0,400.0,55300,0.0,0.0
2024-09-02 14:00:00+09:00,400.0,405.0,400.0,402.0,158300,0.0,0.0
2024-09-03 09:00:00+09:00,407.0,411.0,405.0,409.0,279600,0.0,0.0
2024-09-03 10:00:00+09:00,409.0,413.0,409.0,411.0,147800,0.0,0.0
2024-09-03 11:00:00+09:00,410.0,412.0,410.0,412.0,0,0.0,0.0
2024-09-03 12:00:00+09:00,410.0,412.0,410.0,412.0,497900,0.0,0.0
2024-09-03 13:00:00+09:00,413.0,414.0,411.0,413.0,33800,0.0,0.0
2024-09-03 14:00:00+09:00,413.0,414.0,411.0,414.0,64800,0.0,0.0
2024-09-04 09:00:00+09:00,410.0,415.0,404.0,404.0,196500,0.0,0.0
2024-09-04 10:00:00+09:00,404.0,407.0,404.0,406.0,128600,0.0,0.0
2024-09-04 11:00:00+09:00,406.0,406.0,404.0,405.0,0,0.0,0.0
2024-09-04 12:00:00+09:00,404.0,405.0,403.0,403.0,435500,0.0,0.0
2024-09-04 13:00:00+09:00,403.0,403.0,401.0,402.0,77100,0.0,0.0
2024-09-04 14:00:00+09:00,402.0,402.0,396.0,400.0,327400,0.0,0.0
2024-09-05 09:00:00+09:00,395.0,400.0,391.0,400.0,187300,0.0,0.0
2024-09-05 10:00:00+09:00,400.0,406.0,399.0,403.0,81200,0.0,0.0
2024-09-05 11:00:00+09:00,403.0,406.0,403.0,405.0,0,0.0,0.0
2024-09-05 12:00:00+09:00,404.0,404.0,403.0,403.0,349900,0.0,0.0
2024-09-05 13:00:00+09:00,402.0,402.0,397.0,399.0,79300,0.0,0.0
2024-09-05 14:00:00+09:00,399.0,402.0,397.0,401.0,128200,0.0,0.0
2024-09-06 09:00:00+09:00,402.0,404.0,399.0,400.0,86800,0.0,0.0
2024-09-06 10:00:00+09:00,399.0,401.0,397.0,401.0,52200,0.0,0.0
2024-09-06 11:00:00+09:00,401.0,401.0,400.0,401.0,0,0.0,0.0
2024-09-06 12:00:00+09:00,400.0,401.0,399.0,399.0,181100,0.0,0.0
2024-09-06 13:00:00+09:00,399.0,401.0,399.0,400.0,36100,0.0,0.0
2024-09-06 14:00:00+09:00,400.0,401.0,397.0,400.0,173700,0.0,0.0
2024-09-09 09:00:00+09:00,392.0,394.0,384.0,385.0,255800,0.0,0.0
2024-09-09 10:00:00+09:00,385.0,391.0,385.0,389.0,106500,0.0,0.0
2024-09-09 11:00:00+09:00,390.0,390.0,388.0,389.0,0,0.0,0.0
2024-09-09 12:00:00+09:00,390.0,391.0,389.0,390.0,438100,0.0,0.0
2024-09-09 13:00:00+09:00,390.0,393.0,390.0,392.0,57400,0.0,0.0
2024-09-09 14:00:00+09:00,392.0,393.0,391.0,392.0,54100,0.0,0.0
2024-09-10 09:00:00+09:00,391.0,395.0,391.0,394.0,0,0.0,0.0
2024-09-10 10:00:00+09:00,393.0,395.0,392.0,393.0,176900,0.0,0.0
2024-09-10 11:00:00+09:00,393.0,393.0,390.0,391.0,0,0.0,0.0
2024-09-10 12:00:00+09:00,391.0,393.0,391.0,392.0,293700,0.0,0.0
2024-09-10 13:00:00+09:00,392.0,392.0,390.0,391.0,63700,0.0,0.0
2024-09-10 14:00:00+09:00,391.0,393.0,388.0,389.0,82900,0.0,0.0
2024-09-11 09:00:00+09:00,385.0,386.0,380.0,384.0,156900,0.0,0.0
2024-09-11 10:00:00+09:00,385.0,386.0,382.0,383.0,65200,0.0,0.0
2024-09-11 11:00:00+09:00,383.0,384.0,383.0,383.0,0,0.0,0.0
2024-09-11 12:00:00+09:00,383.0,383.0,378.0,378.0,332700,0.0,0.0
2024-09-11 13:00:00+09:00,378.0,380.0,376.0,378.0,233500,0.0,0.0
2024-09-11 14:00:00+09:00,378.0,380.0,375.0,375.0,376500,0.0,0.0
2024-09-12 09:00:00+09:00,382.0,384.0,381.0,381.0,139600,0.0,0.0
2024-09-12 10:00:00+09:00,380.0,381.0,379.0,379.0,42800,0.0,0.0
2024-09-12 11:00:00+09:00,379.0,379.0,376.0,378.0,0,0.0,0.0
2024-09-12 12:00:00+09:00,378.0,381.0,377.0,381.0,349200,0.0,0.0
2024-09-12 13:00:00+09:00,381.0,382.0,380.0,382.0,44800,0.0,0.0
2024-09-12 14:00:00+09:00,381.0,384.0,380.0,382.0,83700,0.0,0.0
2024-09-13 09:00:00+09:00,383.0,385.0,380.0,381.0,406400,0.0,0.0
2024-09-13 10:00:00+09:00,381.0,383.0,381.0,381.0,56500,0.0,0.0
2024-09-13 11:00:00+09:00,381.0,382.0,380.0,380.0,0,0.0,0.0
2024-09-13 12:00:00+09:00,380.0,380.0,379.0,379.0,516200,0.0,0.0
2024-09-13 13:00:00+09:00,379.0,379.0,377.0,379.0,86000,0.0,0.0
2024-09-13 14:00:00+09:00,379.0,381.0,377.0,377.0,48600,0.0,0.0
2024-09-17 09:00:00+09:00,382.0,383.0,370.0,370.0,192900,0.0,0.0
2024-09-17 10:00:00+09:00,370.0,372.0,366.0,372.0,200000,0.0,0.0
2024-09-17 11:00:00+09:00,372.0,372.0,369.0,370.0,0,0.0,0.0
2024-09-17 12:00:00+09:00,369.0,373.0,369.0,373.0,550600,0.0,0.0
2024-09-17 13:00:00+09:00,373.0,374.0,372.0,374.0,83400,0.0,0.0
2024-09-17 14:00:00+09:00,374.0,378.0,373.0,377.0,82400,0.0,0.0
2024-09-18 09:00:00+09:00,379.0,383.0,378.0,378.0,264900,0.0,0.0
2024-09-18 10:00:00+09:00,378.0,379.0,376.0,377.0,33500,0.0,0.0
2024-09-18 11:00:00+09:00,377.0,378.0,377.0,377.0,0,0.0,0.0
2024-09-18 12:00:00+09:00,378.0,378.0,375.0,376.0,335400,0.0,0.0
2024-09-18 13:00:00+09:00,376.0,376.0,375.0,376.0,34300,0.0,0.0
2024-09-18 14:00:00+09:00,375.0,378.0,375.0,377.0,72800,0.0,0.0
2024-09-19 09:00:00+09:00,382.0,385.0,380.0,383.0,0,0.0,0.0
2024-09-19 10:00:00+09:00,382.0,385.0,382.0,382.0,242900,0.0,0.0
2024-09-19 11:00:00+09:00,382.0,383.0,382.0,382.0,0,0.0,0.0
2024-09-19 12:00:00+09:00,382.0,383.0,381.0,383.0,373200,0.0,0.0
2024-09-19 13:00:00+09:00,384.0,385.0,384.0,384.0,69200,0.0,0.0
2024-09-19 14:00:00+09:00,384.0,384.0,381.0,381.0,33300,0.0,0.0
2024-09-20 09:00:00+09:00,387.0,389.0,384.0,385.0,89500,0.0,0.0
2024-09-20 10:00:00+09:00,385.0,385.0,384.0,384.0,23300,0.0,0.0
2024-09-20 11:00:00+09:00,385.0,385.0,384.0,385.0,0,0.0,0.0
2024-09-20 12:00:00+09:00,385.0,387.0,384.0,387.0,224200,0.0,0.0
2024-09-20 13:00:00+09:00,387.0,387.0,385.0,386.0,41300,0.0,0.0
2024-09-20 14:00:00+09:00,385.0,385.0,382.0,382.0,76600,0.0,0.0
2024-09-24 09:00:00+09:00,384.0,384.0,380.0,381.0,131700,0.0,0.0
2024-09-24 10:00:00+09:00,382.0,383.0,380.0,381.0,39800,0.0,0.0
2024-09-24 11:00:00+09:00,381.0,381.0,380.0,380.0,0,0.0,0.0
2024-09-24 12:00:00+09:00,381.0,383.0,381.0,383.0,249900,0.0,0.0
2024-09-24 13:00:00+09:00,382.0,383.0,381.0,381.0,33100,0.0,0.0
2024-09-24 14:00:00+09:00,381.0,384.0,381.0,381.0,77800,0.0,0.0
2024-09-25 09:00:00+09:00,380.0,380.0,374.0,377.0,362100,0.0,0.0
2024-09-25 10:00:00+09:00,377.0,378.0,376.0,378.0,71800,0.0,0.0
2024-09-25 11:00:00+09:00,378.0,379.0,378.0,378.0,0,0.0,0.0
2024-09-25 12:00:00+09:00,378.0,379.0,378.0,379.0,518800,0.0,0.0
2024-09-25 13:00:00+09:00,379.0,379.0,378.0,379.0,73200,0.0,0.0
2024-09-25 14:00:00+09:00,379.0,380.0,378.0,378.0,21500,0.0,0.0
2024-09-26 09:00:00+09:00,380.0,383.0,379.0,383.0,86600,0.0,0.0
2024-09-26 10:00:00+09:00,382.0,383.0,380.0,381.0,63300,0.0,0.0
2024-09-26 11:00:00+09:00,382.0,382.0,379.0,381.0,0,0.0,0.0
2024-09-26 12:00:00+09:00,382.0,385.0,381.0,384.0,293000,0.0,0.0
2024-09-26 13:00:00+09:00,383.0,384.0,383.0,384.0,80100,0.0,0.0
2024-09-26 14:00:00+09:00,384.0,388.0,384.0,387.0,135000,0.0,0.0
2024-09-27 09:00:00+09:00,383.0,383.0,379.0,380.0,130800,0.0,0.0
2024-09-27 10:00:00+09:00,381.0,381.0,378.0,378.0,102600,0.0,0.0
2024-09-27 11:00:00+09:00,378.0,379.0,378.0,378.0,0,0.0,0.0
2024-09-27 12:00:00+09:00,377.0,379.0,377.0,377.0,279600,0.0,0.0
2024-09-27 13:00:00+09:00,378.0,380.0,378.0,379.0,48800,0.0,0.0
2024-09-27 14:00:00+09:00,378.0,379.0,375.0,376.0,192600,0.0,0.0
2024-09-30 09:00:00+09:00,376.0,381.0,371.0,372.0,281500,0.0,0.0
2024-09-30 10:00:00+09:00,373.0,379.0,373.0,376.0,57200,0.0,0.0
2024-09-30 11:00:00+09:00,376.0,376.0,376.0,376.0,0,0.0,0.0
2024-09-30 12:00:00+09:00,375.0,375.0,373.0,375.0,423600,0.0,0.0
2024-09-30 13:00:00+09:00,375.0,375.0,374.0,374.0,64200,0.0,0.0
2024-09-30 14:00:00+09:00,375.0,375.0,373.0,374.0,90200,0.0,0.0
2024-10-01 09:00:00+09:00,374.0,381.0,373.0,377.0,139200,0.0,0.0
2024-10-01 10:00:00+09:00,377.0,377.0,375.0,375.0,28800,0.0,0.0
2024-10-01 11:00:00+09:00,375.0,376.0,375.0,375.0,0,0.0,0.0
2024-10-01 12:00:00+09:00,376.0,378.0,375.0,378.0,262400,0.0,0.0
2024-10-01 13:00:00+09:00,378.0,378.0,376.0,377.0,66800,0.0,0.0
2024-10-01 14:00:00+09:00,377.0,378.0,376.0,377.0,51700,0.0,0.0
2024-10-02 09:00:00+09:00,376.0,378.0,374.0,377.0,230200,0.0,0.0
2024-10-02 10:00:00+09:00,376.0,377.0,374.0,377.0,72000,0.0,0.0
2024-10-02 11:00:00+09:00,378.0,378.0,377.0,378.0,0,0.0,0.0
2024-10-02 12:00:00+09:00,377.0,378.0,376.0,376.0,386900,0.0,0.0
2024-10-02 13:00:00+09:00,376.0,377.0,375.0,375.0,54300,0.0,0.0
2024-10-02 14:00:00+09:00,375.0,376.0,371.0,373.0,139800,0.0,0.0
2024-10-03 09:00:00+09:00,379.0,381.0,375.0,376.0,173300,0.0,0.0
2024-10-03 10:00:00+09:00,376.0,377.0,375.0,377.0,62400,0.0,0.0
2024-10-03 11:00:00+09:00,377.0,377.0,376.0,377.0,0,0.0,0.0
2024-10-03 12:00:00+09:00,378.0,378.0,376.0,377.0,289900,0.0,0.0
2024-10-03 13:00:00+09:00,377.0,378.0,377.0,377.0,36200,0.0,0.0
2024-10-03 14:00:00+09:00,377.0,378.0,376.0,376.0,47200,0.0,0.0
2024-10-04 09:00:00+09:00,377.0,386.0,377.0,383.0,167100,0.0,0.0
2024-10-04 10:00:00+09:00,383.0,383.0,381.0,381.0,35000,0.0,0.0
2024-10-04 11:00:00+09:00,381.0,383.0,381.0,383.0,0,0.0,0.0
2024-10-04 12:00:00+09:00,383.0,383.0,380.0,381.0,284500,0.0,0.0
2024-10-04 13:00:00+09:00,381.0,382.0,381.0,381.0,58800,0.0,0.0
2024-10-04 14:00:00+09:00,381.0,382.0,380.0,382.0,92500,0.0,0.0
2024-10-07 09:00:00+09:00,392.0,394.0,388.0,394.0,212200,0.0,0.0
2024-10-07 10:00:00+09:00,394.0,398.0,394.0,398.0,75100,0.0,0.0
2024-10-07 11:00:00+09:00,397.0,399.0,396.0,397.0,0,0.0,0.0
2024-10-07 12:00:00+09:00,397.0,398.0,395.0,397.0,394900,0.0,0.0
2024-10-07 13:00:00+09:00,396.0,397.0,395.0,396.0,47100,0.0,0.0
2024-10-07 14:00:00+09:00,396.0,397.0,394.0,396.0,66800,0.0,0.0
2024-10-08 09:00:00+09:00,390.0,390.0,386.0,387.0,125300,0.0,0.0
2024-10-08 10:00:00+09:00,388.0,391.0,387.0,388.0,106600,0.0,0.0
2024-10-08 11:00:00+09:00,387.0,389.0,387.0,388.0,0,0.0,0.0
2024-10-08 12:00:00+09:00,388.0,388.0,386.0,387.0,313400,0.0,0.0
2024-10-08 13:00:00+09:00,386.0,387.0,385.0,386.0,85600,0.0,0.0
2024-10-08 14:00:00+09:00,387.0,391.0,387.0,390.0,128500,0.0,0.0
2024-10-09 09:00:00+09:00,391.0,392.0,383.0,385.0,88800,0.0,0.0
2024-10-09 10:00:00+09:00,384.0,386.0,384.0,384.0,82100,0.0,0.0
2024-10-09 11:00:00+09:00,384.0,385.0,383.0,384.0,0,0.0,0.0
2024-10-09 12:00:00+09:00,384.0,386.0,384.0,385.0,219900,0.0,0.0
2024-10-09 13:00:00+09:00,385.0,387.0,384.0,387.0,86200,0.0,0.0
2024-10-09 14:00:00+09:00,387.0,388.0,385.0,386.0,95600,0.0,0.0
2024-10-10 09:00:00+09:00,390.0,390.0,383.0,385.0,231300,0.0,0.0
2024-10-10 10:00:00+09:00,386.0,389.0,384.0,387.0,78200,0.0,0.0
2024-10-10 11:00:00+09:00,386.0,387.0,385.0,387.0,0,0.0,0.0
2024-10-10 12:00:00+09:00,386.0,388.0,386.0,387.0,399900,0.0,0.0
2024-10-10 13:00:00+09:00,387.0,387.0,385.0,386.0,43500,0.0,0.0
2024-10-10 14:00:00+09:00,386.0,389.0,386.0,388.0,137600,0.0,0.0
2024-10-11 09:00:00+09:00,390.0,393.0,388.0,388.0,114200,0.0,0.0
2024-10-11 10:00:00+09:00,389.0,391.0,388.0,391.0,43600,0.0,0.0
2024-10-11 11:00:00+09:00,391.0,391.0,390.0,391.0,0,0.0,0.0
2024-10-11 12:00:00+09:00,389.0,393.0,389.0,393.0,231400,0.0,0.0
2024-10-11 13:00:00+09:00,392.0,392.0,390.0,391.0,64200,0.0,0.0
2024-10-11 14:00:00+09:00,391.0,392.0,389.0,389.0,81300,0.0,0.0
2024-10-15 09:00:00+09:00,390.0,394.0,389.0,394.0,105400,0.0,0.0
2024-10-15 10:00:00+09:00,394.0,395.0,392.0,395.0,56300,0.0,0.0
2024-10-15 11:00:00+09:00,395.0,395.0,393.0,394.0,0,0.0,0.0
2024-10-15 12:00:00+09:00,395.0,396.0,394.0,395.0,362100,0.0,0.0
2024-10-15 13:00:00+09:00,395.0,397.0,394.0,395.0,60500,0.0,0.0
2024-10-15 14:00:00+09:00,396.0,397.0,395.0,395.0,116000,0.0,0.0
2024-10-16 09:00:00+09:00,396.0,403.0,395.0,401.0,189600,0.0,0.0
2024-10-16 10:00:00+09:00,401.0,403.0,400.0,401.0,116000,0.0,0.0
2024-10-16 11:00:00+09:00,401.0,401.0,399.0,400.0,0,0.0,0.0
2024-10-16 12:00:00+09:00,399.0,400.0,399.0,400.0,370400,0.0,0.0
2024-10-16 13:00:00+09:00,400.0,400.0,397.0,398.0,50000,0.0,0.0
2024-10-16 14:00:00+09:00,398.0,400.0,397.0,399.0,76700,0.0,0.0
2024-10-17 09:00:00+09:00,397.0,404.0,397.0,402.0,95200,0.0,0.0
2024-10-17 10:00:00+09:00,403.0,404.0,401.0,403.0,60600,0.0,0.0
2024-10-17 11:00:00+09:00,402.0,404.0,402.0,402.0,0,0.0,0.0
2024-10-17 12:00:00+09:00,402.0,404.0,402.0,402.0,217500,0.0,0.0
2024-10-17 13:00:00+09:00,402.0,403.0,401.0,403.0,58000,0.0,0.0
2024-10-17 14:00:00+09:00,402.0,404.0,401.0,401.0,91000,0.0,0.0
2024-10-18 09:00:00+09:00,401.0,409.0,401.0,406.0,144200,0.0,0.0
2024-10-18 10:00:00+09:00,406.0,409.0,405.0,407.0,105200,0.0,0.0
2024-10-18 11:00:00+09:00,407.0,408.0,406.0,406.0,0,0.0,0.0
2024-10-18 12:00:00+09:00,406.0,407.0,406.0,407.0,313200,0.0,0.0
2024-10-18 13:00:00+09:00,407.0,409.0,406.0,407.0,87000,0.0,0.0
2024-10-18 14:00:00+09:00,407.0,407.0,404.0,405.0,56300,0.0,0.0
