Datetime,Open,High,Low,Close,Volume,Dividends,Stock Splits
2022-09-01 09:00:00+09:00,1313.0,1328.0,1300.0,1303.0,42500,0.0,0.0
2022-09-01 10:00:00+09:00,1304.0,1306.0,1298.0,1301.0,15700,0.0,0.0
2022-09-01 11:00:00+09:00,1302.0,1305.0,1302.0,1304.0,0,0.0,0.0
2022-09-01 12:00:00+09:00,1304.0,1309.0,1303.0,1303.0,65400,0.0,0.0
2022-09-01 13:00:00+09:00,1304.0,1305.0,1302.0,1304.0,10300,0.0,0.0
2022-09-01 14:00:00+09:00,1304.0,1308.0,1302.0,1302.0,20300,0.0,0.0
2022-09-02 09:00:00+09:00,1302.0,1303.0,1258.0,1261.0,44900,0.0,0.0
2022-09-02 10:00:00+09:00,1262.0,1265.0,1257.0,1260.0,17100,0.0,0.0
2022-09-02 11:00:00+09:00,1260.0,1264.0,1258.0,1258.0,0,0.0,0.0
2022-09-02 12:00:00+09:00,1258.0,1263.0,1258.0,1260.0,78200,0.0,0.0
2022-09-02 13:00:00+09:00,1260.0,1265.0,1256.0,1265.0,18000,0.0,0.0
2022-09-02 14:00:00+09:00,1265.0,1267.0,1260.0,1266.0,13100,0.0,0.0
2022-09-05 09:00:00+09:00,1325.0,1350.0,1308.0,1341.0,0,0.0,0.0
2022-09-05 10:00:00+09:00,1341.0,1343.0,1332.0,1341.0,14300,0.0,0.0
2022-09-05 11:00:00+09:00,1342.0,1350.0,1339.0,1349.0,0,0.0,0.0
2022-09-05 12:00:00+09:00,1349.0,1357.0,1344.0,1355.0,130700,0.0,0.0
2022-09-05 13:00:00+09:00,1354.0,1356.0,1348.0,1351.0,27400,0.0,0.0
2022-09-05 14:00:00+09:00,1350.0,1351.0,1344.0,1345.0,21400,0.0,0.0
2022-09-06 09:00:00+09:00,1370.0,1370.0,1331.0,1353.0,51800,0.0,0.0
2022-09-06 10:00:00+09:00,1352.0,1355.0,1335.0,1335.0,20200,0.0,0.0
2022-09-06 11:00:00+09:00,1334.0,1339.0,1333.0,1336.0,0,0.0,0.0
2022-09-06 12:00:00+09:00,1336.0,1350.0,1335.0,1342.0,94800,0.0,0.0
2022-09-06 13:00:00+09:00,1342.0,1345.0,1339.0,1343.0,10200,0.0,0.0
2022-09-06 14:00:00+09:00,1344.0,1344.0,1332.0,1334.0,24800,0.0,0.0
2022-09-07 09:00:00+09:00,1334.0,1334.0,1305.0,1322.0,47000,0.0,0.0
2022-09-07 10:00:00+09:00,1323.0,1323.0,1310.0,1318.0,9700,0.0,0.0
2022-09-07 11:00:00+09:00,1319.0,1326.0,1318.0,1326.0,0,0.0,0.0
2022-09-07 12:00:00+09:00,1329.0,1329.0,1319.0,1324.0,64800,0.0,0.0
2022-09-07 13:00:00+09:00,1325.0,1333.0,1320.0,1332.0,12600,0.0,0.0
2022-09-07 14:00:00+09:00,1333.0,1335.0,1330.0,1332.0,9300,0.0,0.0
2022-09-08 09:00:00+09:00,1349.0,1361.0,1347.0,1354.0,0,0.0,0.0
2022-09-08 10:00:00+09:00,1354.0,1363.0,1354.0,1363.0,43200,0.0,0.0
2022-09-08 11:00:00+09:00,1363.0,1366.0,1363.0,1365.0,0,0.0,0.0
2022-09-08 12:00:00+09:00,1365.0,1366.0,1358.0,1363.0,61800,0.0,0.0
2022-09-08 13:00:00+09:00,1362.0,1364.0,1358.0,1364.0,10900,0.0,0.0
2022-09-08 14:00:00+09:00,1364.0,1369.0,1362.0,1365.0,20500,0.0,0.0
2022-09-09 09:00:00+09:00,1352.0,1361.0,1335.0,1354.0,52500,0.0,0.0
2022-09-09 10:00:00+09:00,1353.0,1354.0,1350.0,1353.0,9700,0.0,0.0
2022-09-09 11:00:00+09:00,1353.0,1358.0,1352.0,1358.0,0,0.0,0.0
2022-09-09 12:00:00+09:00,1360.0,1360.0,1353.0,1353.0,93600,0.0,0.0
2022-09-09 13:00:00+09:00,1355.0,1358.0,1354.0,1358.0,8600,0.0,0.0
2022-09-09 14:00:00+09:00,1357.0,1360.0,1355.0,1358.0,28400,0.0,0.0
2022-09-12 09:00:00+09:00,1383.0,1401.0,1379.0,1396.0,0,0.0,0.0
2022-09-12 10:00:00+09:00,1396.0,1417.0,1394.0,1411.0,51800,0.0,0.0
2022-09-12 11:00:00+09:00,1411.0,1412.0,1405.0,1408.0,0,0.0,0.0
2022-09-12 12:00:00+09:00,1410.0,1414.0,1408.0,1410.0,158600,0.0,0.0
2022-09-12 13:00:00+09:00,1411.0,1428.0,1411.0,1424.0,71800,0.0,0.0
2022-09-12 14:00:00+09:00,1424.0,1434.0,1423.0,1433.0,50100,0.0,0.0
2022-09-13 09:00:00+09:00,1439.0,1445.0,1402.0,1415.0,94300,0.0,0.0
2022-09-13 10:00:00+09:00,1413.0,1430.0,1411.0,1420.0,36500,0.0,0.0
2022-09-13 11:00:00+09:00,1419.0,1420.0,1405.0,1410.0,0,0.0,0.0
2022-09-13 12:00:00+09:00,1411.0,1411.0,1398.0,1398.0,187100,0.0,0.0
2022-09-13 13:00:00+09:00,1399.0,1406.0,1396.0,1399.0,27800,0.0,0.0
2022-09-13 14:00:00+09:00,1400.0,1404.0,1397.0,1403.0,20500,0.0,0.0
2022-09-14 09:00:00+09:00,1352.0,1383.0,1351.0,1379.0,55800,0.0,0.0
2022-09-14 10:00:00+09:00,1381.0,1392.0,1381.0,1388.0,20600,0.0,0.0
2022-09-14 11:00:00+09:00,1388.0,1389.0,1384.0,1384.0,0,0.0,0.0
2022-09-14 12:00:00+09:00,1384.0,1387.0,1376.0,1376.0,93000,0.0,0.0
2022-09-14 13:00:00+09:00,1376.0,1378.0,1370.0,1372.0,7800,0.0,0.0
2022-09-14 14:00:00+09:00,1372.0,1372.0,1364.0,1366.0,26200,0.0,0.0
2022-09-15 09:00:00+09:00,1372.0,1380.0,1362.0,1364.0,24900,0.0,0.0
2022-09-15 10:00:00+09:00,1363.0,1363.0,1352.0,1353.0,19600,0.0,0.0
2022-09-15 11:00:00+09:00,1353.0,1353.0,1351.0,1351.0,0,0.0,0.0
2022-09-15 12:00:00+09:00,1353.0,1353.0,1328.0,1343.0,100300,0.0,0.0
2022-09-15 13:00:00+09:00,1343.0,1345.0,1340.0,1345.0,6200,0.0,0.0
2022-09-15 14:00:00+09:00,1345.0,1348.0,1340.0,1340.0,10000,0.0,0.0
2022-09-16 09:00:00+09:00,1339.0,1349.0,1328.0,1331.0,0,0.0,0.0
2022-09-16 10:00:00+09:00,1330.0,1330.0,1316.0,1316.0,59400,0.0,0.0
2022-09-16 11:00:00+09:00,1316.0,1322.0,1316.0,1321.0,0,0.0,0.0
2022-09-16 12:00:00+09:00,1320.0,1321.0,1311.0,1316.0,76300,0.0,0.0
2022-09-16 13:00:00+09:00,1317.0,1322.0,1311.0,1314.0,16200,0.0,0.0
2022-09-16 14:00:00+09:00,1315.0,1319.0,1313.0,1318.0,25900,0.0,0.0
2022-09-20 09:00:00+09:00,1378.0,1445.0,1372.0,1401.0,195800,0.0,0.0
2022-09-20 10:00:00+09:00,1401.0,1415.0,1382.0,1388.0,44200,0.0,0.0
2022-09-20 11:00:00+09:00,1388.0,1400.0,1382.0,1386.0,0,0.0,0.0
2022-09-20 12:00:00+09:00,1385.0,1388.0,1378.0,1385.0,300400,0.0,0.0
2022-09-20 13:00:00+09:00,1384.0,1384.0,1372.0,1374.0,30000,0.0,0.0
2022-09-20 14:00:00+09:00,1375.0,1378.0,1370.0,1372.0,27700,0.0,0.0
2022-09-21 09:00:00+09:00,1344.0,1344.0,1295.0,1304.0,150300,0.0,0.0
2022-09-21 10:00:00+09:00,1304.0,1306.0,1295.0,1301.0,29700,0.0,0.0
2022-09-21 11:00:00+09:00,1301.0,1305.0,1297.0,1299.0,0,0.0,0.0
2022-09-21 12:00:00+09:00,1305.0,1310.0,1299.0,1310.0,213300,0.0,0.0
2022-09-21 13:00:00+09:00,1310.0,1314.0,1304.0,1314.0,11900,0.0,0.0
2022-09-21 14:00:00+09:00,1315.0,1320.0,1312.0,1320.0,27500,0.0,0.0
2022-09-22 09:00:00+09:00,1296.0,1318.0,1291.0,1314.0,40100,0.0,0.0
2022-09-22 10:00:00+09:00,1317.0,1328.0,1306.0,1321.0,32200,0.0,0.0
2022-09-22 11:00:00+09:00,1321.0,1321.0,1311.0,1311.0,0,0.0,0.0
2022-09-22 12:00:00+09:00,1312.0,1322.0,1311.0,1320.0,109900,0.0,0.0
2022-09-22 13:00:00+09:00,1320.0,1330.0,1316.0,1327.0,15100,0.0,0.0
2022-09-22 14:00:00+09:00,1328.0,1341.0,1328.0,1340.0,23300,0.0,0.0
2022-09-26 09:00:00+09:00,1321.0,1321.0,1266.0,1267.0,0,0.0,0.0
2022-09-26 10:00:00+09:00,1268.0,1287.0,1268.0,1285.0,25100,0.0,0.0
2022-09-26 11:00:00+09:00,1285.0,1293.0,1285.0,1292.0,0,0.0,0.0
2022-09-26 12:00:00+09:00,1290.0,1290.0,1265.0,1270.0,153400,0.0,0.0
2022-09-26 13:00:00+09:00,1268.0,1268.0,1261.0,1261.0,18400,0.0,0.0
2022-09-26 14:00:00+09:00,1261.0,1267.0,1260.0,1265.0,23500,0.0,0.0
2022-09-27 09:00:00+09:00,1265.0,1282.0,1246.0,1262.0,46500,0.0,0.0
2022-09-27 10:00:00+09:00,1264.0,1266.0,1250.0,1252.0,22900,0.0,0.0
2022-09-27 11:00:00+09:00,1252.0,1254.0,1249.0,1250.0,0,0.0,0.0
2022-09-27 12:00:00+09:00,1250.0,1250.0,1237.0,1242.0,94500,0.0,0.0
2022-09-27 13:00:00+09:00,1242.0,1246.0,1239.0,1244.0,15800,0.0,0.0
2022-09-27 14:00:00+09:00,1243.0,1244.0,1236.0,1239.0,21100,0.0,0.0
2022-09-28 09:00:00+09:00,1229.0,1239.0,1223.0,1239.0,32700,0.0,0.0
2022-09-28 10:00:00+09:00,1239.0,1244.0,1214.0,1219.0,23100,0.0,0.0
2022-09-28 11:00:00+09:00,1219.0,1219.0,1210.0,1211.0,0,0.0,0.0
2022-09-28 12:00:00+09:00,1208.0,1220.0,1207.0,1216.0,79800,0.0,0.0
2022-09-28 13:00:00+09:00,1215.0,1220.0,1208.0,1209.0,16000,0.0,0.0
2022-09-28 14:00:00+09:00,1209.0,1223.0,1206.0,1219.0,23300,0.0,0.0
2022-09-29 09:00:00+09:00,1255.0,1255.0,1237.0,1238.0,33500,0.0,0.0
2022-09-29 10:00:00+09:00,1237.0,1247.0,1230.0,1230.0,13900,0.0,0.0
2022-09-29 11:00:00+09:00,1231.0,1231.0,1221.0,1223.0,0,0.0,0.0
2022-09-29 12:00:00+09:00,1230.0,1234.0,1226.0,1233.0,62900,0.0,0.0
2022-09-29 13:00:00+09:00,1234.0,1239.0,1230.0,1232.0,10600,0.0,0.0
2022-09-29 14:00:00+09:00,1232.0,1235.0,1227.0,1235.0,18400,0.0,0.0
2022-09-30 09:00:00+09:00,1202.0,1239.0,1201.0,1222.0,58600,0.0,0.0
2022-09-30 10:00:00+09:00,1225.0,1228.0,1218.0,1224.0,8100,0.0,0.0
2022-09-30 11:00:00+09:00,1220.0,1226.0,1214.0,1214.0,0,0.0,0.0
2022-09-30 12:00:00+09:00,1217.0,1218.0,1204.0,1207.0,93100,0.0,0.0
2022-09-30 13:00:00+09:00,1206.0,1222.0,1202.0,1219.0,30900,0.0,0.0
2022-09-30 14:00:00+09:00,1220.0,1226.0,1219.0,1222.0,20100,0.0,0.0
2022-10-03 09:00:00+09:00,1202.0,1225.0,1200.0,1204.0,0,0.0,0.0
2022-10-03 10:00:00+09:00,1209.0,1240.0,1209.0,1237.0,49100,0.0,0.0
2022-10-03 11:00:00+09:00,1238.0,1243.0,1237.0,1241.0,0,0.0,0.0
2022-10-03 12:00:00+09:00,1241.0,1241.0,1237.0,1237.0,68000,0.0,0.0
2022-10-03 13:00:00+09:00,1237.0,1238.0,1225.0,1235.0,18500,0.0,0.0
2022-10-03 14:00:00+09:00,1233.0,1241.0,1227.0,1241.0,22000,0.0,0.0
2022-10-04 09:00:00+09:00,1276.0,1294.0,1271.0,1293.0,44600,0.0,0.0
2022-10-04 10:00:00+09:00,1294.0,1296.0,1285.0,1288.0,22300,0.0,0.0
2022-10-04 11:00:00+09:00,1285.0,1286.0,1280.0,1281.0,0,0.0,0.0
2022-10-04 12:00:00+09:00,1283.0,1290.0,1283.0,1289.0,81600,0.0,0.0
2022-10-04 13:00:00+09:00,1285.0,1285.0,1275.0,1279.0,29100,0.0,0.0
2022-10-04 14:00:00+09:00,1280.0,1287.0,1280.0,1286.0,23200,0.0,0.0
2022-10-05 09:00:00+09:00,1318.0,1324.0,1305.0,1306.0,49100,0.0,0.0
2022-10-05 10:00:00+09:00,1306.0,1317.0,1302.0,1304.0,19800,0.0,0.0
2022-10-05 11:00:00+09:00,1305.0,1308.0,1298.0,1303.0,0,0.0,0.0
2022-10-05 12:00:00+09:00,1303.0,1303.0,1296.0,1300.0,86900,0.0,0.0
2022-10-05 13:00:00+09:00,1300.0,1302.0,1290.0,1296.0,20900,0.0,0.0
2022-10-05 14:00:00+09:00,1296.0,1298.0,1290.0,1290.0,22200,0.0,0.0
2022-10-06 09:00:00+09:00,1291.0,1314.0,1291.0,1308.0,19200,0.0,0.0
2022-10-06 10:00:00+09:00,1309.0,1314.0,1305.0,1312.0,13200,0.0,0.0
2022-10-06 11:00:00+09:00,1312.0,1313.0,1308.0,1311.0,0,0.0,0.0
2022-10-06 12:00:00+09:00,1313.0,1313.0,1304.0,1307.0,43600,0.0,0.0
2022-10-06 13:00:00+09:00,1307.0,1309.0,1303.0,1305.0,4100,0.0,0.0
2022-10-06 14:00:00+09:00,1304.0,1307.0,1302.0,1303.0,14300,0.0,0.0
2022-10-07 09:00:00+09:00,1279.0,1298.0,1275.0,1296.0,0,0.0,0.0
2022-10-07 10:00:00+09:00,1294.0,1300.0,1288.0,1297.0,23500,0.0,0.0
2022-10-07 11:00:00+09:00,1300.0,1301.0,1297.0,1297.0,0,0.0,0.0
2022-10-07 12:00:00+09:00,1295.0,1300.0,1293.0,1300.0,34600,0.0,0.0
2022-10-07 13:00:00+09:00,1300.0,1303.0,1295.0,1298.0,5800,0.0,0.0
2022-10-07 14:00:00+09:00,1296.0,1299.0,1291.0,1291.0,13500,0.0,0.0
2022-10-11 09:00:00+09:00,1263.0,1264.0,1249.0,1264.0,0,0.0,0.0
2022-10-11 10:00:00+09:00,1264.0,1266.0,1255.0,1257.0,11900,0.0,0.0
2022-10-11 11:00:00+09:00,1257.0,1260.0,1256.0,1259.0,0,0.0,0.0
2022-10-11 12:00:00+09:00,1263.0,1263.0,1256.0,1257.0,52700,0.0,0.0
2022-10-11 13:00:00+09:00,1256.0,1258.0,1246.0,1246.0,23100,0.0,0.0
2022-10-11 14:00:00+09:00,1246.0,1252.0,1245.0,1248.0,16800,0.0,0.0
2022-10-12 09:00:00+09:00,1239.0,1240.0,1227.0,1236.0,0,0.0,0.0
2022-10-12 10:00:00+09:00,1235.0,1235.0,1226.0,1230.0,31200,0.0,0.0
2022-10-12 11:00:00+09:00,1230.0,1230.0,1226.0,1229.0,0,0.0,0.0
2022-10-12 12:00:00+09:00,1228.0,1230.0,1227.0,1230.0,37800,0.0,0.0
2022-10-12 13:00:00+09:00,1231.0,1237.0,1227.0,1227.0,8100,0.0,0.0
2022-10-12 14:00:00+09:00,1227.0,1227.0,1220.0,1227.0,26600,0.0,0.0
2022-10-13 09:00:00+09:00,1215.0,1224.0,1208.0,1223.0,16800,0.0,0.0
2022-10-13 10:00:00+09:00,1225.0,1225.0,1210.0,1210.0,12200,0.0,0.0
2022-10-13 11:00:00+09:00,1211.0,1211.0,1207.0,1207.0,0,0.0,0.0
2022-10-13 12:00:00+09:00,1213.0,1213.0,1206.0,1206.0,37300,0.0,0.0
2022-10-13 13:00:00+09:00,1208.0,1214.0,1208.0,1208.0,5100,0.0,0.0
2022-10-13 14:00:00+09:00,1207.0,1208.0,1204.0,1204.0,13100,0.0,0.0
2022-10-14 09:00:00+09:00,1240.0,1245.0,1227.0,1243.0,38500,0.0,0.0
2022-10-14 10:00:00+09:00,1244.0,1252.0,1241.0,1250.0,15000,0.0,0.0
2022-10-14 11:00:00+09:00,1249.0,1253.0,1249.0,1253.0,0,0.0,0.0
2022-10-14 12:00:00+09:00,1242.0,1252.0,1242.0,1248.0,68900,0.0,0.0
2022-10-14 13:00:00+09:00,1247.0,1251.0,1244.0,1244.0,16100,0.0,0.0
2022-10-14 14:00:00+09:00,1244.0,1249.0,1243.0,1243.0,12300,0.0,0.0
2022-10-17 09:00:00+09:00,1238.0,1243.0,1226.0,1238.0,0,0.0,0.0
2022-10-17 10:00:00+09:00,1237.0,1238.0,1233.0,1235.0,2800,0.0,0.0
2022-10-17 11:00:00+09:00,1234.0,1239.0,1231.0,1239.0,0,0.0,0.0
2022-10-17 12:00:00+09:00,1235.0,1246.0,1235.0,1242.0,22600,0.0,0.0
2022-10-17 13:00:00+09:00,1242.0,1254.0,1237.0,1250.0,17000,0.0,0.0
2022-10-17 14:00:00+09:00,1250.0,1254.0,1250.0,1252.0,6800,0.0,0.0
2022-10-18 09:00:00+09:00,1260.0,1269.0,1255.0,1259.0,27500,0.0,0.0
2022-10-18 10:00:00+09:00,1257.0,1259.0,1251.0,1254.0,10200,0.0,0.0
2022-10-18 11:00:00+09:00,1253.0,1260.0,1252.0,1260.0,0,0.0,0.0
2022-10-18 12:00:00+09:00,1264.0,1282.0,1261.0,1281.0,66800,0.0,0.0
2022-10-18 13:00:00+09:00,1281.0,1288.0,1279.0,1285.0,18800,0.0,0.0
2022-10-18 14:00:00+09:00,1284.0,1284.0,1276.0,1277.0,17100,0.0,0.0
2022-10-19 09:00:00+09:00,1291.0,1309.0,1284.0,1301.0,30800,0.0,0.0
2022-10-19 10:00:00+09:00,1301.0,1305.0,1297.0,1304.0,9600,0.0,0.0
2022-10-19 11:00:00+09:00,1301.0,1301.0,1298.0,1300.0,0,0.0,0.0
2022-10-19 12:00:00+09:00,1300.0,1302.0,1296.0,1298.0,54900,0.0,0.0
2022-10-19 13:00:00+09:00,1299.0,1302.0,1297.0,1300.0,0,0.0,0.0
2022-10-19 14:00:00+09:00,1300.0,1301.0,1290.0,1292.0,101200,0.0,0.0
2022-10-20 09:00:00+09:00,1276.0,1290.0,1270.0,1274.0,25400,0.0,0.0
2022-10-20 10:00:00+09:00,1273.0,1274.0,1264.0,1268.0,19300,0.0,0.0
2022-10-20 11:00:00+09:00,1267.0,1267.0,1262.0,1266.0,0,0.0,0.0
2022-10-20 12:00:00+09:00,1262.0,1263.0,1254.0,1263.0,66000,0.0,0.0
2022-10-20 13:00:00+09:00,1262.0,1273.0,1258.0,1262.0,17000,0.0,0.0
2022-10-20 14:00:00+09:00,1264.0,1270.0,1264.0,1268.0,9700,0.0,0.0
2022-10-21 09:00:00+09:00,1268.0,1268.0,1257.0,1264.0,21200,0.0,0.0
2022-10-21 10:00:00+09:00,1263.0,1271.0,1263.0,1271.0,10800,0.0,0.0
2022-10-21 11:00:00+09:00,1271.0,1274.0,1270.0,1272.0,0,0.0,0.0
2022-10-21 12:00:00+09:00,1271.0,1275.0,1269.0,1270.0,43500,0.0,0.0
2022-10-21 13:00:00+09:00,1269.0,1273.0,1267.0,1270.0,6200,0.0,0.0
2022-10-21 14:00:00+09:00,1270.0,1272.0,1266.0,1266.0,9300,0.0,0.0
2022-10-24 09:00:00+09:00,1289.0,1308.0,1285.0,1304.0,33500,0.0,0.0
2022-10-24 10:00:00+09:00,1304.0,1325.0,1303.0,1320.0,41400,0.0,0.0
2022-10-24 11:00:00+09:00,1320.0,1320.0,1311.0,1314.0,0,0.0,0.0
2022-10-24 12:00:00+09:00,1313.0,1314.0,1310.0,1314.0,94700,0.0,0.0
2022-10-24 13:00:00+09:00,1315.0,1316.0,1309.0,1314.0,8800,0.0,0.0
2022-10-24 14:00:00+09:00,1315.0,1317.0,1311.0,1313.0,19100,0.0,0.0
2022-10-25 09:00:00+09:00,1321.0,1328.0,1312.0,1327.0,32500,0.0,0.0
2022-10-25 10:00:00+09:00,1328.0,1328.0,1312.0,1322.0,13400,0.0,0.0
2022-10-25 11:00:00+09:00,1323.0,1323.0,1317.0,1317.0,0,0.0,0.0
2022-10-25 12:00:00+09:00,1319.0,1321.0,1316.0,1317.0,61600,0.0,0.0
2022-10-25 13:00:00+09:00,1316.0,1320.0,1308.0,1310.0,32200,0.0,0.0
2022-10-25 14:00:00+09:00,1311.0,1311.0,1303.0,1306.0,22000,0.0,0.0
2022-10-26 09:00:00+09:00,1326.0,1326.0,1312.0,1314.0,15300,0.0,0.0
2022-10-26 10:00:00+09:00,1315.0,1316.0,1309.0,1310.0,8800,0.0,0.0
2022-10-26 11:00:00+09:00,1311.0,1314.0,1310.0,1311.0,0,0.0,0.0
2022-10-26 12:00:00+09:00,1309.0,1310.0,1305.0,1308.0,34600,0.0,0.0
2022-10-26 13:00:00+09:00,1308.0,1308.0,1302.0,1304.0,8000,0.0,0.0
2022-10-26 14:00:00+09:00,1304.0,1304.0,1292.0,1292.0,25400,0.0,0.0
2022-10-27 09:00:00+09:00,1284.0,1299.0,1276.0,1295.0,24800,0.0,0.0
2022-10-27 10:00:00+09:00,1297.0,1303.0,1296.0,1299.0,6500,0.0,0.0
2022-10-27 11:00:00+09:00,1298.0,1299.0,1298.0,1299.0,0,0.0,0.0
2022-10-27 12:00:00+09:00,1294.0,1310.0,1294.0,1308.0,52600,0.0,0.0
2022-10-27 13:00:00+09:00,1306.0,1308.0,1305.0,1306.0,13000,0.0,0.0
2022-10-27 14:00:00+09:00,1307.0,1317.0,1306.0,1314.0,30200,0.0,0.0
2022-10-28 09:00:00+09:00,1290.0,1300.0,1286.0,1291.0,30300,0.0,0.0
2022-10-28 10:00:00+09:00,1293.0,1305.0,1292.0,1303.0,22700,0.0,0.0
2022-10-28 11:00:00+09:00,1303.0,1308.0,1303.0,1307.0,0,0.0,0.0
2022-10-28 12:00:00+09:00,1307.0,1307.0,1300.0,1301.0,66900,0.0,0.0
2022-10-28 13:00:00+09:00,1302.0,1306.0,1299.0,1304.0,10300,0.0,0.0
2022-10-28 14:00:00+09:00,1303.0,1307.0,1294.0,1294.0,32600,0.0,0.0
2022-10-31 09:00:00+09:00,1311.0,1317.0,1274.0,1297.0,0,0.0,0.0
2022-10-31 10:00:00+09:00,1296.0,1303.0,1281.0,1284.0,50800,0.0,0.0
2022-10-31 11:00:00+09:00,1283.0,1287.0,1263.0,1265.0,0,0.0,0.0
2022-10-31 12:00:00+09:00,1265.0,1269.0,1255.0,1264.0,281800,0.0,0.0
2022-10-31 13:00:00+09:00,1265.0,1273.0,1260.0,1261.0,31200,0.0,0.0
2022-10-31 14:00:00+09:00,1261.0,1262.0,1250.0,1257.0,50700,0.0,0.0
2022-11-01 09:00:00+09:00,1263.0,1267.0,1236.0,1240.0,65400,0.0,0.0
2022-11-01 10:00:00+09:00,1240.0,1250.0,1238.0,1245.0,13500,0.0,0.0
2022-11-01 11:00:00+09:00,1246.0,1257.0,1245.0,1255.0,0,0.0,0.0
2022-11-01 12:00:00+09:00,1253.0,1254.0,1244.0,1251.0,105100,0.0,0.0
2022-11-01 13:00:00+09:00,1250.0,1251.0,1237.0,1242.0,23600,0.0,0.0
2022-11-01 14:00:00+09:00,1243.0,1248.0,1241.0,1248.0,19300,0.0,0.0
2022-11-02 09:00:00+09:00,1248.0,1263.0,1243.0,1262.0,18600,0.0,0.0
2022-11-02 10:00:00+09:00,1261.0,1276.0,1259.0,1269.0,16600,0.0,0.0
2022-11-02 11:00:00+09:00,1267.0,1267.0,1261.0,1262.0,0,0.0,0.0
2022-11-02 12:00:00+09:00,1265.0,1265.0,1257.0,1258.0,46000,0.0,0.0
2022-11-02 13:00:00+09:00,1258.0,1261.0,1255.0,1259.0,7800,0.0,0.0
2022-11-02 14:00:00+09:00,1259.0,1259.0,1247.0,1247.0,14100,0.0,0.0
2022-11-04 09:00:00+09:00,1237.0,1244.0,1229.0,1237.0,0,0.0,0.0
2022-11-04 10:00:00+09:00,1237.0,1240.0,1232.0,1237.0,6800,0.0,0.0
2022-11-04 11:00:00+09:00,1238.0,1240.0,1237.0,1240.0,0,0.0,0.0
2022-11-04 12:00:00+09:00,1239.0,1242.0,1237.0,1240.0,37600,0.0,0.0
2022-11-04 13:00:00+09:00,1239.0,1244.0,1234.0,1243.0,10000,0.0,0.0
2022-11-04 14:00:00+09:00,1244.0,1250.0,1244.0,1246.0,12200,0.0,0.0
2022-11-07 09:00:00+09:00,1253.0,1257.0,1249.0,1250.0,0,0.0,0.0
2022-11-07 10:00:00+09:00,1250.0,1257.0,1244.0,1256.0,10900,0.0,0.0
2022-11-07 11:00:00+09:00,1256.0,1257.0,1255.0,1255.0,0,0.0,0.0
2022-11-07 12:00:00+09:00,1253.0,1256.0,1249.0,1249.0,35700,0.0,0.0
2022-11-07 13:00:00+09:00,1250.0,1256.0,1250.0,1254.0,3800,0.0,0.0
2022-11-07 14:00:00+09:00,1254.0,1258.0,1251.0,1258.0,14600,0.0,0.0
2022-11-08 09:00:00+09:00,1261.0,1266.0,1255.0,1266.0,14800,0.0,0.0
2022-11-08 10:00:00+09:00,1266.0,1266.0,1259.0,1261.0,7900,0.0,0.0
2022-11-08 11:00:00+09:00,1260.0,1262.0,1258.0,1262.0,0,0.0,0.0
2022-11-08 12:00:00+09:00,1262.0,1265.0,1261.0,1265.0,30600,0.0,0.0
2022-11-08 13:00:00+09:00,1266.0,1269.0,1266.0,1269.0,8800,0.0,0.0
2022-11-08 14:00:00+09:00,1268.0,1269.0,1262.0,1264.0,9200,0.0,0.0
2022-11-09 09:00:00+09:00,1265.0,1286.0,1262.0,1282.0,19000,0.0,0.0
2022-11-09 10:00:00+09:00,1282.0,1285.0,1280.0,1284.0,7000,0.0,0.0
2022-11-09 11:00:00+09:00,1284.0,1288.0,1282.0,1288.0,0,0.0,0.0
2022-11-09 12:00:00+09:00,1282.0,1287.0,1281.0,1287.0,36800,0.0,0.0
2022-11-09 13:00:00+09:00,1286.0,1287.0,1282.0,1285.0,7000,0.0,0.0
2022-11-09 14:00:00+09:00,1284.0,1287.0,1283.0,1286.0,8800,0.0,0.0
2022-11-10 09:00:00+09:00,1279.0,1279.0,1258.0,1266.0,23200,0.0,0.0
2022-11-10 10:00:00+09:00,1265.0,1269.0,1259.0,1260.0,11300,0.0,0.0
2022-11-10 11:00:00+09:00,1259.0,1259.0,1256.0,1256.0,0,0.0,0.0
2022-11-10 12:00:00+09:00,1256.0,1259.0,1254.0,1254.0,51300,0.0,0.0
2022-11-10 13:00:00+09:00,1254.0,1255.0,1251.0,1251.0,9000,0.0,0.0
2022-11-10 14:00:00+09:00,1251.0,1252.0,1246.0,1248.0,17200,0.0,0.0
2022-11-11 09:00:00+09:00,1270.0,1291.0,1269.0,1288.0,49000,0.0,0.0
2022-11-11 10:00:00+09:00,1287.0,1295.0,1280.0,1289.0,28800,0.0,0.0
2022-11-11 11:00:00+09:00,1286.0,1305.0,1286.0,1303.0,0,0.0,0.0
2022-11-11 12:00:00+09:00,1300.0,1302.0,1292.0,1297.0,141800,0.0,0.0
2022-11-11 13:00:00+09:00,1296.0,1303.0,1294.0,1299.0,33100,0.0,0.0
2022-11-11 14:00:00+09:00,1299.0,1303.0,1294.0,1301.0,42400,0.0,0.0
2022-11-14 09:00:00+09:00,1289.0,1299.0,1245.0,1247.0,115600,0.0,0.0
2022-11-14 10:00:00+09:00,1249.0,1250.0,1234.0,1236.0,54200,0.0,0.0
2022-11-14 11:00:00+09:00,1237.0,1239.0,1223.0,1223.0,0,0.0,0.0
2022-11-14 12:00:00+09:00,1220.0,1226.0,1211.0,1222.0,244900,0.0,0.0
2022-11-14 13:00:00+09:00,1222.0,1223.0,1212.0,1216.0,46400,0.0,0.0
2022-11-14 14:00:00+09:00,1217.0,1227.0,1216.0,1217.0,41000,0.0,0.0
2022-11-15 09:00:00+09:00,1211.0,1224.0,1195.0,1209.0,86500,0.0,0.0
2022-11-15 10:00:00+09:00,1208.0,1223.0,1203.0,1221.0,20100,0.0,0.0
2022-11-15 11:00:00+09:00,1220.0,1220.0,1216.0,1220.0,0,0.0,0.0
2022-11-15 12:00:00+09:00,1225.0,1235.0,1222.0,1234.0,130100,0.0,0.0
2022-11-15 13:00:00+09:00,1235.0,1235.0,1225.0,1229.0,24400,0.0,0.0
2022-11-15 14:00:00+09:00,1228.0,1235.0,1223.0,1232.0,39700,0.0,0.0
2022-11-16 09:00:00+09:00,1220.0,1225.0,1200.0,1208.0,51200,0.0,0.0
2022-11-16 10:00:00+09:00,1209.0,1214.0,1207.0,1214.0,15400,0.0,0.0
2022-11-16 11:00:00+09:00,1214.0,1218.0,1214.0,1214.0,0,0.0,0.0
2022-11-16 12:00:00+09:00,1214.0,1217.0,1205.0,1207.0,99700,0.0,0.0
2022-11-16 13:00:00+09:00,1206.0,1211.0,1205.0,1207.0,14300,0.0,0.0
2022-11-16 14:00:00+09:00,1206.0,1212.0,1204.0,1208.0,26900,0.0,0.0
2022-11-17 09:00:00+09:00,1210.0,1228.0,1210.0,1223.0,28100,0.0,0.0
2022-11-17 10:00:00+09:00,1223.0,1231.0,1223.0,1228.0,16100,0.0,0.0
2022-11-17 11:00:00+09:00,1229.0,1232.0,1226.0,1226.0,0,0.0,0.0
2022-11-17 12:00:00+09:00,1226.0,1230.0,1225.0,1229.0,54900,0.0,0.0
2022-11-17 13:00:00+09:00,1230.0,1230.0,1222.0,1228.0,27400,0.0,0.0
2022-11-17 14:00:00+09:00,1228.0,1229.0,1220.0,1221.0,17500,0.0,0.0
2022-11-18 09:00:00+09:00,1228.0,1238.0,1226.0,1235.0,24400,0.0,0.0
2022-11-18 10:00:00+09:00,1235.0,1241.0,1230.0,1232.0,20000,0.0,0.0
2022-11-18 11:00:00+09:00,1231.0,1231.0,1228.0,1230.0,0,0.0,0.0
2022-11-18 12:00:00+09:00,1230.0,1230.0,1225.0,1227.0,56900,0.0,0.0
2022-11-18 13:00:00+09:00,1226.0,1226.0,1217.0,1220.0,17200,0.0,0.0
2022-11-18 14:00:00+09:00,1219.0,1224.0,1218.0,1218.0,21400,0.0,0.0
2022-11-21 09:00:00+09:00,1237.0,1237.0,1221.0,1224.0,0,0.0,0.0
2022-11-21 10:00:00+09:00,1225.0,1227.0,1221.0,1223.0,9800,0.0,0.0
2022-11-21 11:00:00+09:00,1222.0,1224.0,1222.0,1224.0,0,0.0,0.0
2022-11-21 12:00:00+09:00,1224.0,1226.0,1224.0,1226.0,29600,0.0,0.0
2022-11-21 13:00:00+09:00,1226.0,1227.0,1224.0,1226.0,5500,0.0,0.0
2022-11-21 14:00:00+09:00,1227.0,1233.0,1226.0,1231.0,12400,0.0,0.0
2022-11-22 09:00:00+09:00,1235.0,1238.0,1229.0,1233.0,17400,0.0,0.0
2022-11-22 10:00:00+09:00,1235.0,1235.0,1231.0,1231.0,8900,0.0,0.0
2022-11-22 11:00:00+09:00,1231.0,1233.0,1230.0,1233.0,0,0.0,0.0
2022-11-22 12:00:00+09:00,1233.0,1233.0,1227.0,1228.0,37300,0.0,0.0
2022-11-22 13:00:00+09:00,1229.0,1232.0,1227.0,1231.0,5900,0.0,0.0
2022-11-22 14:00:00+09:00,1230.0,1231.0,1227.0,1227.0,12200,0.0,0.0
2022-11-24 09:00:00+09:00,1239.0,1244.0,1235.0,1235.0,0,0.0,0.0
2022-11-24 10:00:00+09:00,1236.0,1240.0,1235.0,1237.0,57500,0.0,0.0
2022-11-24 11:00:00+09:00,1238.0,1239.0,1236.0,1237.0,0,0.0,0.0
2022-11-24 12:00:00+09:00,1237.0,1242.0,1235.0,1237.0,84800,0.0,0.0
2022-11-24 13:00:00+09:00,1237.0,1241.0,1237.0,1241.0,7000,0.0,0.0
2022-11-24 14:00:00+09:00,1241.0,1246.0,1241.0,1246.0,15400,0.0,0.0
2022-11-25 09:00:00+09:00,1260.0,1269.0,1255.0,1269.0,45900,0.0,0.0
2022-11-25 10:00:00+09:00,1269.0,1272.0,1263.0,1268.0,16800,0.0,0.0
2022-11-25 11:00:00+09:00,1269.0,1270.0,1264.0,1265.0,0,0.0,0.0
2022-11-25 12:00:00+09:00,1263.0,1269.0,1263.0,1269.0,75400,0.0,0.0
2022-11-25 13:00:00+09:00,1268.0,1270.0,1266.0,1267.0,9900,0.0,0.0
2022-11-25 14:00:00+09:00,1265.0,1268.0,1263.0,1264.0,12400,0.0,0.0
2022-11-28 09:00:00+09:00,1264.0,1264.0,1235.0,1237.0,39100,0.0,0.0
2022-11-28 10:00:00+09:00,1238.0,1239.0,1232.0,1232.0,13400,0.0,0.0
2022-11-28 11:00:00+09:00,1232.0,1232.0,1227.0,1230.0,0,0.0,0.0
2022-11-28 12:00:00+09:00,1231.0,1231.0,1224.0,1227.0,81600,0.0,0.0
2022-11-28 13:00:00+09:00,1227.0,1228.0,1221.0,1228.0,22700,0.0,0.0
2022-11-28 14:00:00+09:00,1227.0,1228.0,1223.0,1223.0,23900,0.0,0.0
2022-11-29 09:00:00+09:00,1208.0,1210.0,1201.0,1208.0,54400,0.0,0.0
2022-11-29 10:00:00+09:00,1208.0,1212.0,1207.0,1207.0,14500,0.0,0.0
2022-11-29 11:00:00+09:00,1207.0,1207.0,1201.0,1202.0,0,0.0,0.0
2022-11-29 12:00:00+09:00,1202.0,1202.0,1189.0,1197.0,152600,0.0,0.0
2022-11-29 13:00:00+09:00,1197.0,1210.0,1197.0,1205.0,29600,0.0,0.0
2022-11-29 14:00:00+09:00,1206.0,1210.0,1205.0,1209.0,23600,0.0,0.0
2022-11-30 09:00:00+09:00,1210.0,1210.0,1197.0,1199.0,39200,0.0,0.0
2022-11-30 10:00:00+09:00,1200.0,1201.0,1195.0,1199.0,22900,0.0,0.0
2022-11-30 11:00:00+09:00,1199.0,1199.0,1196.0,1198.0,0,0.0,0.0
2022-11-30 12:00:00+09:00,1200.0,1201.0,1197.0,1199.0,79400,0.0,0.0
2022-11-30 13:00:00+09:00,1201.0,1210.0,1201.0,1210.0,16600,0.0,0.0
2022-11-30 14:00:00+09:00,1210.0,1210.0,1203.0,1204.0,16700,0.0,0.0
2022-12-01 09:00:00+09:00,1219.0,1219.0,1200.0,1201.0,30200,0.0,0.0
2022-12-01 10:00:00+09:00,1200.0,1201.0,1193.0,1195.0,16400,0.0,0.0
2022-12-01 11:00:00+09:00,1196.0,1196.0,1193.0,1196.0,0,0.0,0.0
2022-12-01 12:00:00+09:00,1196.0,1196.0,1194.0,1194.0,56400,0.0,0.0
2022-12-01 13:00:00+09:00,1194.0,1195.0,1193.0,1195.0,8600,0.0,0.0
2022-12-01 14:00:00+09:00,1195.0,1197.0,1194.0,1195.0,11700,0.0,0.0
2022-12-02 09:00:00+09:00,1172.0,1185.0,1153.0,1160.0,90200,0.0,0.0
2022-12-02 10:00:00+09:00,1160.0,1162.0,1156.0,1162.0,21100,0.0,0.0
2022-12-02 11:00:00+09:00,1161.0,1165.0,1160.0,1163.0,0,0.0,0.0
2022-12-02 12:00:00+09:00,1163.0,1172.0,1163.0,1172.0,130900,0.0,0.0
2022-12-02 13:00:00+09:00,1173.0,1174.0,1170.0,1173.0,16300,0.0,0.0
2022-12-02 14:00:00+09:00,1173.0,1176.0,1171.0,1174.0,16700,0.0,0.0
2022-12-05 09:00:00+09:00,1179.0,1180.0,1170.0,1175.0,21700,0.0,0.0
2022-12-05 10:00:00+09:00,1175.0,1176.0,1170.0,1170.0,12700,0.0,0.0
2022-12-05 11:00:00+09:00,1169.0,1171.0,1160.0,1161.0,0,0.0,0.0
2022-12-05 12:00:00+09:00,1160.0,1161.0,1157.0,1158.0,48600,0.0,0.0
2022-12-05 13:00:00+09:00,1158.0,1158.0,1152.0,1155.0,11000,0.0,0.0
2022-12-05 14:00:00+09:00,1153.0,1153.0,1147.0,1151.0,27800,0.0,0.0
2022-12-06 09:00:00+09:00,1128.0,1142.0,1120.0,1138.0,31800,0.0,0.0
2022-12-06 10:00:00+09:00,1138.0,1145.0,1138.0,1141.0,6900,0.0,0.0
2022-12-06 11:00:00+09:00,1141.0,1145.0,1141.0,1145.0,0,0.0,0.0
2022-12-06 12:00:00+09:00,1145.0,1148.0,1142.0,1142.0,47700,0.0,0.0
2022-12-06 13:00:00+09:00,1143.0,1145.0,1135.0,1138.0,21300,0.0,0.0
2022-12-06 14:00:00+09:00,1138.0,1141.0,1136.0,1138.0,13500,0.0,0.0
2022-12-07 09:00:00+09:00,1128.0,1134.0,1127.0,1129.0,0,0.0,0.0
2022-12-07 10:00:00+09:00,1129.0,1141.0,1129.0,1141.0,21500,0.0,0.0
2022-12-07 11:00:00+09:00,1139.0,1140.0,1137.0,1137.0,0,0.0,0.0
2022-12-07 12:00:00+09:00,1140.0,1140.0,1135.0,1135.0,28000,0.0,0.0
2022-12-07 13:00:00+09:00,1138.0,1139.0,1135.0,1138.0,7000,0.0,0.0
2022-12-07 14:00:00+09:00,1137.0,1137.0,1131.0,1131.0,13700,0.0,0.0
2022-12-08 09:00:00+09:00,1130.0,1130.0,1113.0,1115.0,29800,0.0,0.0
2022-12-08 10:00:00+09:00,1114.0,1117.0,1110.0,1113.0,23700,0.0,0.0
2022-12-08 11:00:00+09:00,1113.0,1117.0,1113.0,1117.0,0,0.0,0.0
2022-12-08 12:00:00+09:00,1112.0,1117.0,1112.0,1116.0,85500,0.0,0.0
2022-12-08 13:00:00+09:00,1116.0,1119.0,1114.0,1118.0,9300,0.0,0.0
2022-12-08 14:00:00+09:00,1117.0,1122.0,1116.0,1122.0,10700,0.0,0.0
2022-12-09 09:00:00+09:00,1116.0,1138.0,1116.0,1136.0,29900,0.0,0.0
2022-12-09 10:00:00+09:00,1137.0,1137.0,1132.0,1135.0,7400,0.0,0.0
2022-12-09 11:00:00+09:00,1133.0,1135.0,1133.0,1135.0,0,0.0,0.0
2022-12-09 12:00:00+09:00,1134.0,1137.0,1132.0,1134.0,50000,0.0,0.0
2022-12-09 13:00:00+09:00,1135.0,1137.0,1132.0,1132.0,6100,0.0,0.0
2022-12-09 14:00:00+09:00,1132.0,1132.0,1128.0,1130.0,13500,0.0,0.0
2022-12-12 09:00:00+09:00,1129.0,1135.0,1121.0,1134.0,0,0.0,0.0
2022-12-12 10:00:00+09:00,1134.0,1140.0,1134.0,1140.0,7500,0.0,0.0
2022-12-12 11:00:00+09:00,1139.0,1143.0,1139.0,1139.0,0,0.0,0.0
2022-12-12 12:00:00+09:00,1139.0,1140.0,1136.0,1136.0,49900,0.0,0.0
2022-12-12 13:00:00+09:00,1136.0,1137.0,1134.0,1137.0,6300,0.0,0.0
2022-12-12 14:00:00+09:00,1136.0,1136.0,1133.0,1133.0,7700,0.0,0.0
2022-12-13 09:00:00+09:00,1143.0,1144.0,1134.0,1134.0,15700,0.0,0.0
2022-12-13 10:00:00+09:00,1133.0,1136.0,1131.0,1131.0,4600,0.0,0.0
2022-12-13 11:00:00+09:00,1131.0,1135.0,1131.0,1131.0,0,0.0,0.0
2022-12-13 12:00:00+09:00,1131.0,1131.0,1125.0,1126.0,32200,0.0,0.0
2022-12-13 13:00:00+09:00,1127.0,1129.0,1126.0,1128.0,5700,0.0,0.0
2022-12-13 14:00:00+09:00,1128.0,1129.0,1120.0,1123.0,25600,0.0,0.0
2022-12-14 09:00:00+09:00,1122.0,1123.0,1117.0,1121.0,14800,0.0,0.0
2022-12-14 10:00:00+09:00,1121.0,1123.0,1116.0,1117.0,12400,0.0,0.0
2022-12-14 11:00:00+09:00,1117.0,1117.0,1113.0,1115.0,0,0.0,0.0
2022-12-14 12:00:00+09:00,1115.0,1117.0,1114.0,1116.0,50000,0.0,0.0
2022-12-14 13:00:00+09:00,1115.0,1115.0,1111.0,1112.0,16600,0.0,0.0
2022-12-14 14:00:00+09:00,1112.0,1115.0,1111.0,1114.0,11800,0.0,0.0
2022-12-15 09:00:00+09:00,1107.0,1118.0,1098.0,1116.0,27000,0.0,0.0
2022-12-15 10:00:00+09:00,1116.0,1118.0,1115.0,1116.0,5400,0.0,0.0
2022-12-15 11:00:00+09:00,1116.0,1119.0,1116.0,1116.0,0,0.0,0.0
2022-12-15 12:00:00+09:00,1116.0,1120.0,1115.0,1119.0,42000,0.0,0.0
2022-12-15 13:00:00+09:00,1117.0,1119.0,1117.0,1118.0,2900,0.0,0.0
2022-12-15 14:00:00+09:00,1119.0,1119.0,1114.0,1117.0,16300,0.0,0.0
2022-12-16 09:00:00+09:00,1105.0,1108.0,1102.0,1104.0,22000,0.0,0.0
2022-12-16 10:00:00+09:00,1105.0,1109.0,1104.0,1109.0,17200,0.0,0.0
2022-12-16 11:00:00+09:00,1110.0,1113.0,1110.0,1110.0,0,0.0,0.0
2022-12-16 12:00:00+09:00,1110.0,1112.0,1108.0,1111.0,47300,0.0,0.0
2022-12-16 13:00:00+09:00,1111.0,1111.0,1104.0,1104.0,10400,0.0,0.0
2022-12-16 14:00:00+09:00,1104.0,1107.0,1103.0,1106.0,18400,0.0,0.0
2022-12-19 09:00:00+09:00,1099.0,1103.0,1092.0,1097.0,0,0.0,0.0
2022-12-19 10:00:00+09:00,1098.0,1102.0,1097.0,1099.0,47900,0.0,0.0
2022-12-19 11:00:00+09:00,1098.0,1100.0,1098.0,1098.0,0,0.0,0.0
2022-12-19 12:00:00+09:00,1100.0,1100.0,1085.0,1087.0,71900,0.0,0.0
2022-12-19 13:00:00+09:00,1087.0,1089.0,1085.0,1088.0,11900,0.0,0.0
2022-12-19 14:00:00+09:00,1087.0,1087.0,1080.0,1080.0,26200,0.0,0.0
2022-12-20 09:00:00+09:00,1074.0,1076.0,1064.0,1072.0,28700,0.0,0.0
2022-12-20 10:00:00+09:00,1073.0,1073.0,1069.0,1070.0,9500,0.0,0.0
2022-12-20 11:00:00+09:00,1069.0,1075.0,1068.0,1073.0,0,0.0,0.0
2022-12-20 12:00:00+09:00,1057.0,1058.0,1038.0,1041.0,95600,0.0,0.0
2022-12-20 13:00:00+09:00,1040.0,1041.0,1027.0,1033.0,46400,0.0,0.0
2022-12-20 14:00:00+09:00,1032.0,1042.0,1031.0,1042.0,36700,0.0,0.0
2022-12-21 09:00:00+09:00,1039.0,1040.0,1022.0,1028.0,38200,0.0,0.0
2022-12-21 10:00:00+09:00,1028.0,1045.0,1026.0,1039.0,16600,0.0,0.0
2022-12-21 11:00:00+09:00,1040.0,1040.0,1034.0,1034.0,0,0.0,0.0
2022-12-21 12:00:00+09:00,1030.0,1030.0,1020.0,1022.0,74300,0.0,0.0
2022-12-21 13:00:00+09:00,1021.0,1022.0,1019.0,1022.0,12700,0.0,0.0
2022-12-21 14:00:00+09:00,1022.0,1023.0,1016.0,1016.0,21800,0.0,0.0
2022-12-22 09:00:00+09:00,1024.0,1032.0,1021.0,1021.0,22100,0.0,0.0
2022-12-22 10:00:00+09:00,1020.0,1023.0,1013.0,1018.0,15500,0.0,0.0
2022-12-22 11:00:00+09:00,1017.0,1022.0,1017.0,1022.0,0,0.0,0.0
2022-12-22 12:00:00+09:00,1022.0,1022.0,1016.0,1021.0,58700,0.0,0.0
2022-12-22 13:00:00+09:00,1021.0,1023.0,1020.0,1023.0,7300,0.0,0.0
2022-12-22 14:00:00+09:00,1022.0,1024.0,1018.0,1020.0,11800,0.0,0.0
2022-12-23 09:00:00+09:00,1014.0,1019.0,1008.0,1016.0,0,0.0,0.0
2022-12-23 10:00:00+09:00,1018.0,1020.0,1012.0,1019.0,49300,0.0,0.0
2022-12-23 11:00:00+09:00,1019.0,1020.0,1014.0,1014.0,0,0.0,0.0
2022-12-23 12:00:00+09:00,1013.0,1019.0,1013.0,1017.0,63600,0.0,0.0
2022-12-23 13:00:00+09:00,1016.0,1017.0,1006.0,1007.0,23100,0.0,0.0
2022-12-23 14:00:00+09:00,1007.0,1009.0,1004.0,1009.0,20000,0.0,0.0
2022-12-26 09:00:00+09:00,1010.0,1019.0,1007.0,1014.0,0,0.0,0.0
2022-12-26 10:00:00+09:00,1013.0,1014.0,1010.0,1010.0,6000,0.0,0.0
2022-12-26 11:00:00+09:00,1011.0,1011.0,1006.0,1007.0,0,0.0,0.0
2022-12-26 12:00:00+09:00,1003.0,1006.0,1002.0,1002.0,41300,0.0,0.0
2022-12-26 13:00:00+09:00,1002.0,1004.0,1001.0,1004.0,9400,0.0,0.0
2022-12-26 14:00:00+09:00,1004.0,1008.0,1001.0,1003.0,18200,0.0,0.0
2022-12-27 09:00:00+09:00,1005.0,1013.0,1005.0,1006.0,15200,0.0,0.0
2022-12-27 10:00:00+09:00,1007.0,1015.0,1006.0,1014.0,18300,0.0,0.0
2022-12-27 11:00:00+09:00,1014.0,1018.0,1012.0,1018.0,0,0.0,0.0
2022-12-27 12:00:00+09:00,1018.0,1019.0,1012.0,1012.0,57800,0.0,0.0
2022-12-27 13:00:00+09:00,1013.0,1018.0,1012.0,1016.0,8900,0.0,0.0
2022-12-27 14:00:00+09:00,1017.0,1018.0,1012.0,1016.0,15800,0.0,0.0
2022-12-28 09:00:00+09:00,1010.0,1018.0,1001.0,1018.0,56800,0.0,0.0
2022-12-28 10:00:00+09:00,1018.0,1025.0,1013.0,1022.0,26000,0.0,0.0
2022-12-28 11:00:00+09:00,1022.0,1028.0,1022.0,1024.0,0,0.0,0.0
2022-12-28 12:00:00+09:00,1020.0,1026.0,1018.0,1023.0,121100,0.0,0.0
2022-12-28 13:00:00+09:00,1023.0,1025.0,1020.0,1021.0,12800,0.0,0.0
2022-12-28 14:00:00+09:00,1021.0,1026.0,1018.0,1021.0,41000,0.0,0.0
2022-12-29 09:00:00+09:00,1015.0,1016.0,1003.0,1008.0,24500,0.0,0.0
2022-12-29 10:00:00+09:00,1009.0,1015.0,1007.0,1011.0,12300,0.0,0.0
2022-12-29 11:00:00+09:00,1010.0,1014.0,1008.0,1014.0,0,0.0,0.0
2022-12-29 12:00:00+09:00,1014.0,1019.0,1014.0,1016.0,54200,0.0,0.0
2022-12-29 13:00:00+09:00,1015.0,1018.0,1015.0,1016.0,17600,0.0,0.0
2022-12-29 14:00:00+09:00,1017.0,1018.0,1013.0,1014.0,16200,0.0,0.0
2022-12-30 09:00:00+09:00,1029.0,1035.0,1022.0,1026.0,15000,0.0,0.0
2022-12-30 10:00:00+09:00,1026.0,1032.0,1025.0,1030.0,10700,0.0,0.0
2022-12-30 11:00:00+09:00,1031.0,1032.0,1031.0,1032.0,0,0.0,0.0
2022-12-30 12:00:00+09:00,1033.0,1034.0,1032.0,1032.0,32100,0.0,0.0
2022-12-30 13:00:00+09:00,1031.0,1033.0,1030.0,1032.0,5100,0.0,0.0
2022-12-30 14:00:00+09:00,1032.0,1033.0,1026.0,1026.0,13300,0.0,0.0
2023-01-04 09:00:00+09:00,1026.0,1026.0,1007.0,1010.0,0,0.0,0.0
2023-01-04 10:00:00+09:00,1009.0,1010.0,1006.0,1006.0,13700,0.0,0.0
2023-01-04 11:00:00+09:00,1006.0,1007.0,1003.0,1004.0,0,0.0,0.0
2023-01-04 12:00:00+09:00,1005.0,1005.0,997.0,999.0,70800,0.0,0.0
2023-01-04 13:00:00+09:00,999.0,1002.0,999.0,1000.0,14500,0.0,0.0
2023-01-04 14:00:00+09:00,1000.0,1001.0,995.0,998.0,33400,0.0,0.0
2023-01-05 09:00:00+09:00,1000.0,1009.0,998.0,1002.0,19400,0.0,0.0
2023-01-05 10:00:00+09:00,1003.0,1012.0,1002.0,1009.0,8500,0.0,0.0
2023-01-05 11:00:00+09:00,1008.0,1009.0,1005.0,1007.0,0,0.0,0.0
2023-01-05 12:00:00+09:00,1007.0,1009.0,1005.0,1007.0,42600,0.0,0.0
2023-01-05 13:00:00+09:00,1006.0,1007.0,1003.0,1006.0,7200,0.0,0.0
2023-01-05 14:00:00+09:00,1007.0,1008.0,1004.0,1004.0,10400,0.0,0.0
2023-01-06 09:00:00+09:00,1000.0,1012.0,1000.0,1009.0,11900,0.0,0.0
2023-01-06 10:00:00+09:00,1008.0,1016.0,1008.0,1016.0,6300,0.0,0.0
2023-01-06 11:00:00+09:00,1016.0,1018.0,1015.0,1015.0,0,0.0,0.0
2023-01-06 12:00:00+09:00,1015.0,1019.0,1015.0,1019.0,25700,0.0,0.0
2023-01-06 13:00:00+09:00,1018.0,1019.0,1014.0,1014.0,6600,0.0,0.0
2023-01-06 14:00:00+09:00,1013.0,1013.0,1009.0,1009.0,10200,0.0,0.0
2023-01-10 09:00:00+09:00,1024.0,1025.0,1021.0,1022.0,0,0.0,0.0
2023-01-10 10:00:00+09:00,1021.0,1022.0,1020.0,1020.0,5700,0.0,0.0
2023-01-10 11:00:00+09:00,1020.0,1022.0,1020.0,1021.0,0,0.0,0.0
2023-01-10 12:00:00+09:00,1021.0,1022.0,1019.0,1020.0,24800,0.0,0.0
2023-01-10 13:00:00+09:00,1022.0,1022.0,1016.0,1016.0,4700,0.0,0.0
2023-01-10 14:00:00+09:00,1016.0,1022.0,1016.0,1021.0,9600,0.0,0.0
2023-01-11 09:00:00+09:00,1035.0,1039.0,1033.0,1033.0,18900,0.0,0.0
2023-01-11 10:00:00+09:00,1033.0,1043.0,1031.0,1043.0,13700,0.0,0.0
2023-01-11 11:00:00+09:00,1043.0,1043.0,1041.0,1041.0,0,0.0,0.0
2023-01-11 12:00:00+09:00,1041.0,1043.0,1041.0,1041.0,38400,0.0,0.0
2023-01-11 13:00:00+09:00,1041.0,1042.0,1040.0,1042.0,2500,0.0,0.0
2023-01-11 14:00:00+09:00,1042.0,1042.0,1039.0,1041.0,5700,0.0,0.0
2023-01-12 09:00:00+09:00,1052.0,1056.0,1046.0,1049.0,0,0.0,0.0
2023-01-12 10:00:00+09:00,1049.0,1049.0,1044.0,1047.0,36700,0.0,0.0
2023-01-12 11:00:00+09:00,1045.0,1046.0,1043.0,1046.0,0,0.0,0.0
2023-01-12 12:00:00+09:00,1046.0,1048.0,1045.0,1048.0,45200,0.0,0.0
2023-01-12 13:00:00+09:00,1047.0,1047.0,1043.0,1044.0,7000,0.0,0.0
2023-01-12 14:00:00+09:00,1044.0,1046.0,1042.0,1042.0,7900,0.0,0.0
2023-01-13 09:00:00+09:00,1043.0,1050.0,1041.0,1050.0,13800,0.0,0.0
2023-01-13 10:00:00+09:00,1050.0,1050.0,1039.0,1045.0,12300,0.0,0.0
2023-01-13 11:00:00+09:00,1045.0,1047.0,1042.0,1042.0,0,0.0,0.0
2023-01-13 12:00:00+09:00,1042.0,1042.0,1039.0,1040.0,37700,0.0,0.0
2023-01-13 13:00:00+09:00,1039.0,1040.0,1034.0,1034.0,7600,0.0,0.0
2023-01-13 14:00:00+09:00,1035.0,1036.0,1026.0,1029.0,20000,0.0,0.0
2023-01-16 09:00:00+09:00,1027.0,1028.0,1014.0,1024.0,0,0.0,0.0
2023-01-16 10:00:00+09:00,1024.0,1024.0,1017.0,1020.0,4900,0.0,0.0
2023-01-16 11:00:00+09:00,1020.0,1020.0,1019.0,1019.0,0,0.0,0.0
2023-01-16 12:00:00+09:00,1019.0,1019.0,1015.0,1017.0,24400,0.0,0.0
2023-01-16 13:00:00+09:00,1016.0,1020.0,1014.0,1019.0,7700,0.0,0.0
2023-01-16 14:00:00+09:00,1018.0,1020.0,1015.0,1016.0,7600,0.0,0.0
2023-01-17 09:00:00+09:00,1015.0,1026.0,1015.0,1024.0,0,0.0,0.0
2023-01-17 10:00:00+09:00,1023.0,1027.0,1023.0,1025.0,16700,0.0,0.0
2023-01-17 11:00:00+09:00,1026.0,1027.0,1024.0,1024.0,0,0.0,0.0
2023-01-17 12:00:00+09:00,1025.0,1027.0,1020.0,1020.0,28400,0.0,0.0
2023-01-17 13:00:00+09:00,1021.0,1023.0,1021.0,1021.0,5600,0.0,0.0
2023-01-17 14:00:00+09:00,1021.0,1021.0,1019.0,1020.0,10100,0.0,0.0
2023-01-18 09:00:00+09:00,1020.0,1023.0,1018.0,1023.0,6900,0.0,0.0
2023-01-18 10:00:00+09:00,1024.0,1030.0,1024.0,1024.0,8500,0.0,0.0
2023-01-18 11:00:00+09:00,1023.0,1028.0,1023.0,1027.0,0,0.0,0.0
2023-01-18 12:00:00+09:00,1045.0,1047.0,1035.0,1037.0,32400,0.0,0.0
2023-01-18 13:00:00+09:00,1037.0,1038.0,1034.0,1038.0,12300,0.0,0.0
2023-01-18 14:00:00+09:00,1038.0,1038.0,1033.0,1034.0,8900,0.0,0.0
2023-01-19 09:00:00+09:00,1020.0,1028.0,1016.0,1023.0,15200,0.0,0.0
2023-01-19 10:00:00+09:00,1022.0,1029.0,1022.0,1025.0,11000,0.0,0.0
2023-01-19 11:00:00+09:00,1023.0,1024.0,1023.0,1024.0,0,0.0,0.0
2023-01-19 12:00:00+09:00,1024.0,1025.0,1023.0,1024.0,31200,0.0,0.0
2023-01-19 13:00:00+09:00,1023.0,1030.0,1023.0,1029.0,8500,0.0,0.0
2023-01-19 14:00:00+09:00,1029.0,1031.0,1027.0,1030.0,9000,0.0,0.0
2023-01-20 09:00:00+09:00,1030.0,1032.0,1026.0,1032.0,7800,0.0,0.0
2023-01-20 10:00:00+09:00,1033.0,1041.0,1033.0,1040.0,11500,0.0,0.0
2023-01-20 11:00:00+09:00,1040.0,1041.0,1038.0,1040.0,0,0.0,0.0
2023-01-20 12:00:00+09:00,1041.0,1046.0,1039.0,1045.0,27800,0.0,0.0
2023-01-20 13:00:00+09:00,1046.0,1049.0,1044.0,1045.0,5800,0.0,0.0
2023-01-20 14:00:00+09:00,1044.0,1050.0,1044.0,1048.0,11000,0.0,0.0
2023-01-23 09:00:00+09:00,1068.0,1071.0,1055.0,1059.0,33700,0.0,0.0
2023-01-23 10:00:00+09:00,1059.0,1065.0,1058.0,1065.0,9000,0.0,0.0
2023-01-23 11:00:00+09:00,1063.0,1066.0,1063.0,1066.0,0,0.0,0.0
2023-01-23 12:00:00+09:00,1068.0,1071.0,1066.0,1068.0,55600,0.0,0.0
2023-01-23 13:00:00+09:00,1068.0,1070.0,1064.0,1070.0,15400,0.0,0.0
2023-01-23 14:00:00+09:00,1069.0,1073.0,1067.0,1072.0,15600,0.0,0.0
2023-01-24 09:00:00+09:00,1079.0,1087.0,1076.0,1080.0,47300,0.0,0.0
2023-01-24 10:00:00+09:00,1080.0,1084.0,1074.0,1084.0,21800,0.0,0.0
2023-01-24 11:00:00+09:00,1084.0,1084.0,1082.0,1084.0,0,0.0,0.0
2023-01-24 12:00:00+09:00,1084.0,1085.0,1080.0,1080.0,81200,0.0,0.0
2023-01-24 13:00:00+09:00,1080.0,1083.0,1079.0,1081.0,16000,0.0,0.0
2023-01-24 14:00:00+09:00,1081.0,1085.0,1081.0,1083.0,14400,0.0,0.0
2023-01-25 09:00:00+09:00,1085.0,1094.0,1080.0,1094.0,32600,0.0,0.0
2023-01-25 10:00:00+09:00,1093.0,1095.0,1089.0,1092.0,12300,0.0,0.0
2023-01-25 11:00:00+09:00,1092.0,1092.0,1090.0,1090.0,0,0.0,0.0
2023-01-25 12:00:00+09:00,1090.0,1093.0,1089.0,1093.0,56300,0.0,0.0
2023-01-25 13:00:00+09:00,1093.0,1093.0,1089.0,1090.0,9200,0.0,0.0
2023-01-25 14:00:00+09:00,1090.0,1090.0,1084.0,1085.0,18700,0.0,0.0
2023-01-26 09:00:00+09:00,1087.0,1093.0,1085.0,1088.0,11700,0.0,0.0
2023-01-26 10:00:00+09:00,1088.0,1088.0,1082.0,1087.0,13500,0.0,0.0
2023-01-26 11:00:00+09:00,1086.0,1086.0,1083.0,1083.0,0,0.0,0.0
2023-01-26 12:00:00+09:00,1083.0,1085.0,1078.0,1081.0,43000,0.0,0.0
2023-01-26 13:00:00+09:00,1080.0,1084.0,1079.0,1083.0,19200,0.0,0.0
2023-01-26 14:00:00+09:00,1082.0,1086.0,1079.0,1084.0,15800,0.0,0.0
2023-01-27 09:00:00+09:00,1089.0,1099.0,1089.0,1095.0,0,0.0,0.0
2023-01-27 10:00:00+09:00,1096.0,1097.0,1092.0,1095.0,38600,0.0,0.0
2023-01-27 11:00:00+09:00,1096.0,1099.0,1096.0,1097.0,0,0.0,0.0
2023-01-27 12:00:00+09:00,1097.0,1099.0,1092.0,1092.0,51600,0.0,0.0
2023-01-27 13:00:00+09:00,1092.0,1093.0,1091.0,1091.0,5700,0.0,0.0
2023-01-27 14:00:00+09:00,1091.0,1092.0,1089.0,1089.0,8300,0.0,0.0
2023-01-30 09:00:00+09:00,1091.0,1096.0,1085.0,1090.0,0,0.0,0.0
2023-01-30 10:00:00+09:00,1090.0,1091.0,1085.0,1091.0,8700,0.0,0.0
2023-01-30 11:00:00+09:00,1091.0,1091.0,1089.0,1090.0,0,0.0,0.0
2023-01-30 12:00:00+09:00,1090.0,1090.0,1087.0,1088.0,37200,0.0,0.0
2023-01-30 13:00:00+09:00,1088.0,1089.0,1083.0,1088.0,8700,0.0,0.0
2023-01-30 14:00:00+09:00,1086.0,1086.0,1084.0,1085.0,6200,0.0,0.0
2023-01-31 09:00:00+09:00,1092.0,1092.0,1086.0,1092.0,12900,0.0,0.0
2023-01-31 10:00:00+09:00,1092.0,1092.0,1087.0,1090.0,9400,0.0,0.0
2023-01-31 11:00:00+09:00,1091.0,1099.0,1091.0,1097.0,0,0.0,0.0
2023-01-31 12:00:00+09:00,1096.0,1097.0,1092.0,1092.0,36000,0.0,0.0
2023-01-31 13:00:00+09:00,1091.0,1091.0,1089.0,1089.0,4400,0.0,0.0
2023-01-31 14:00:00+09:00,1088.0,1091.0,1084.0,1086.0,22900,0.0,0.0
2023-02-01 09:00:00+09:00,1086.0,1099.0,1086.0,1094.0,10500,0.0,0.0
2023-02-01 10:00:00+09:00,1093.0,1095.0,1092.0,1094.0,4900,0.0,0.0
2023-02-01 11:00:00+09:00,1094.0,1094.0,1091.0,1091.0,0,0.0,0.0
2023-02-01 12:00:00+09:00,1092.0,1094.0,1088.0,1088.0,23500,0.0,0.0
2023-02-01 13:00:00+09:00,1088.0,1088.0,1083.0,1084.0,9500,0.0,0.0
2023-02-01 14:00:00+09:00,1085.0,1089.0,1083.0,1088.0,17800,0.0,0.0
2023-02-02 09:00:00+09:00,1088.0,1090.0,1078.0,1086.0,22900,0.0,0.0
2023-02-02 10:00:00+09:00,1085.0,1085.0,1081.0,1083.0,5800,0.0,0.0
2023-02-02 11:00:00+09:00,1084.0,1084.0,1081.0,1081.0,0,0.0,0.0
2023-02-02 12:00:00+09:00,1080.0,1081.0,1079.0,1080.0,43500,0.0,0.0
2023-02-02 13:00:00+09:00,1081.0,1084.0,1081.0,1082.0,7000,0.0,0.0
2023-02-02 14:00:00+09:00,1082.0,1086.0,1081.0,1086.0,11700,0.0,0.0
2023-02-03 09:00:00+09:00,1086.0,1092.0,1083.0,1091.0,14000,0.0,0.0
2023-02-03 10:00:00+09:00,1092.0,1093.0,1088.0,1090.0,5800,0.0,0.0
2023-02-03 11:00:00+09:00,1092.0,1092.0,1090.0,1092.0,0,0.0,0.0
2023-02-03 12:00:00+09:00,1089.0,1089.0,1085.0,1087.0,28200,0.0,0.0
2023-02-03 13:00:00+09:00,1086.0,1089.0,1086.0,1087.0,4500,0.0,0.0
2023-02-03 14:00:00+09:00,1087.0,1087.0,1080.0,1081.0,15700,0.0,0.0
2023-02-06 09:00:00+09:00,1092.0,1099.0,1089.0,1096.0,26800,0.0,0.0
2023-02-06 10:00:00+09:00,1097.0,1100.0,1094.0,1099.0,19900,0.0,0.0
2023-02-06 11:00:00+09:00,1099.0,1105.0,1099.0,1105.0,0,0.0,0.0
2023-02-06 12:00:00+09:00,1104.0,1104.0,1099.0,1100.0,63200,0.0,0.0
2023-02-06 13:00:00+09:00,1101.0,1107.0,1101.0,1101.0,11000,0.0,0.0
2023-02-06 14:00:00+09:00,1102.0,1104.0,1099.0,1102.0,19400,0.0,0.0
2023-02-07 09:00:00+09:00,1109.0,1114.0,1104.0,1110.0,30600,0.0,0.0
2023-02-07 10:00:00+09:00,1108.0,1109.0,1107.0,1109.0,4500,0.0,0.0
2023-02-07 11:00:00+09:00,1109.0,1110.0,1108.0,1108.0,0,0.0,0.0
2023-02-07 12:00:00+09:00,1111.0,1111.0,1108.0,1109.0,43900,0.0,0.0
2023-02-07 13:00:00+09:00,1107.0,1108.0,1107.0,1108.0,9700,0.0,0.0
2023-02-07 14:00:00+09:00,1108.0,1108.0,1104.0,1106.0,12400,0.0,0.0
2023-02-08 09:00:00+09:00,1114.0,1114.0,1098.0,1100.0,29500,0.0,0.0
2023-02-08 10:00:00+09:00,1099.0,1105.0,1099.0,1104.0,11600,0.0,0.0
2023-02-08 11:00:00+09:00,1103.0,1106.0,1103.0,1105.0,0,0.0,0.0
2023-02-08 12:00:00+09:00,1101.0,1109.0,1101.0,1106.0,48000,0.0,0.0
2023-02-08 13:00:00+09:00,1106.0,1107.0,1104.0,1104.0,7500,0.0,0.0
2023-02-08 14:00:00+09:00,1105.0,1107.0,1103.0,1105.0,10200,0.0,0.0
2023-02-09 09:00:00+09:00,1101.0,1105.0,1095.0,1104.0,22500,0.0,0.0
2023-02-09 10:00:00+09:00,1104.0,1112.0,1104.0,1107.0,17600,0.0,0.0
2023-02-09 11:00:00+09:00,1108.0,1117.0,1108.0,1116.0,0,0.0,0.0
2023-02-09 12:00:00+09:00,1117.0,1119.0,1117.0,1118.0,67800,0.0,0.0
2023-02-09 13:00:00+09:00,1119.0,1120.0,1114.0,1116.0,16200,0.0,0.0
2023-02-09 14:00:00+09:00,1116.0,1118.0,1116.0,1117.0,15800,0.0,0.0
2023-02-10 09:00:00+09:00,1116.0,1116.0,1097.0,1104.0,0,0.0,0.0
2023-02-10 10:00:00+09:00,1105.0,1112.0,1102.0,1109.0,82500,0.0,0.0
2023-02-10 11:00:00+09:00,1109.0,1109.0,1103.0,1105.0,0,0.0,0.0
2023-02-10 12:00:00+09:00,1110.0,1110.0,1098.0,1099.0,116500,0.0,0.0
2023-02-10 13:00:00+09:00,1099.0,1102.0,1098.0,1100.0,11100,0.0,0.0
2023-02-10 14:00:00+09:00,1100.0,1107.0,1095.0,1103.0,42600,0.0,0.0
2023-02-13 09:00:00+09:00,1039.0,1056.0,1027.0,1035.0,148100,0.0,0.0
2023-02-13 10:00:00+09:00,1035.0,1036.0,1025.0,1030.0,62500,0.0,0.0
2023-02-13 11:00:00+09:00,1029.0,1029.0,1024.0,1026.0,0,0.0,0.0
2023-02-13 12:00:00+09:00,1031.0,1034.0,1022.0,1034.0,280800,0.0,0.0
2023-02-13 13:00:00+09:00,1033.0,1033.0,1023.0,1029.0,39000,0.0,0.0
2023-02-13 14:00:00+09:00,1028.0,1029.0,1021.0,1021.0,48400,0.0,0.0
2023-02-14 09:00:00+09:00,1035.0,1035.0,1022.0,1025.0,53800,0.0,0.0
2023-02-14 10:00:00+09:00,1024.0,1024.0,1012.0,1016.0,43300,0.0,0.0
2023-02-14 11:00:00+09:00,1016.0,1026.0,1014.0,1024.0,0,0.0,0.0
2023-02-14 12:00:00+09:00,1026.0,1027.0,1021.0,1026.0,133300,0.0,0.0
2023-02-14 13:00:00+09:00,1027.0,1038.0,1027.0,1032.0,45800,0.0,0.0
2023-02-14 14:00:00+09:00,1031.0,1035.0,1027.0,1034.0,19900,0.0,0.0
2023-02-15 09:00:00+09:00,1038.0,1038.0,1025.0,1028.0,34000,0.0,0.0
2023-02-15 10:00:00+09:00,1027.0,1027.0,1019.0,1021.0,18700,0.0,0.0
2023-02-15 11:00:00+09:00,1021.0,1022.0,1018.0,1019.0,0,0.0,0.0
2023-02-15 12:00:00+09:00,1019.0,1019.0,1015.0,1018.0,78900,0.0,0.0
2023-02-15 13:00:00+09:00,1018.0,1020.0,1017.0,1019.0,8400,0.0,0.0
2023-02-15 14:00:00+09:00,1018.0,1022.0,1018.0,1021.0,16800,0.0,0.0
2023-02-16 09:00:00+09:00,1023.0,1040.0,1023.0,1038.0,67300,0.0,0.0
2023-02-16 10:00:00+09:00,1038.0,1038.0,1028.0,1028.0,12700,0.0,0.0
2023-02-16 11:00:00+09:00,1028.0,1034.0,1028.0,1033.0,0,0.0,0.0
2023-02-16 12:00:00+09:00,1033.0,1036.0,1033.0,1033.0,96500,0.0,0.0
2023-02-16 13:00:00+09:00,1033.0,1034.0,1028.0,1029.0,0,0.0,0.0
2023-02-16 14:00:00+09:00,1029.0,1032.0,1027.0,1032.0,113200,0.0,0.0
2023-02-17 09:00:00+09:00,1023.0,1028.0,1022.0,1024.0,23900,0.0,0.0
2023-02-17 10:00:00+09:00,1024.0,1031.0,1024.0,1025.0,9600,0.0,0.0
2023-02-17 11:00:00+09:00,1025.0,1027.0,1024.0,1025.0,0,0.0,0.0
2023-02-17 12:00:00+09:00,1023.0,1026.0,1023.0,1026.0,41400,0.0,0.0
2023-02-17 13:00:00+09:00,1024.0,1029.0,1024.0,1026.0,10100,0.0,0.0
2023-02-17 14:00:00+09:00,1026.0,1026.0,1023.0,1024.0,21900,0.0,0.0
2023-02-20 09:00:00+09:00,1026.0,1029.0,1020.0,1025.0,26600,0.0,0.0
2023-02-20 10:00:00+09:00,1025.0,1029.0,1025.0,1029.0,5800,0.0,0.0
2023-02-20 11:00:00+09:00,1028.0,1029.0,1022.0,1022.0,0,0.0,0.0
2023-02-20 12:00:00+09:00,1021.0,1022.0,1018.0,1018.0,58800,0.0,0.0
2023-02-20 13:00:00+09:00,1018.0,1019.0,1017.0,1018.0,16100,0.0,0.0
2023-02-20 14:00:00+09:00,1018.0,1022.0,1017.0,1022.0,20900,0.0,0.0
2023-02-21 09:00:00+09:00,1017.0,1022.0,1014.0,1015.0,53700,0.0,0.0
2023-02-21 10:00:00+09:00,1015.0,1026.0,1013.0,1026.0,27200,0.0,0.0
2023-02-21 11:00:00+09:00,1025.0,1028.0,1024.0,1026.0,0,0.0,0.0
2023-02-21 12:00:00+09:00,1026.0,1027.0,1022.0,1025.0,104800,0.0,0.0
2023-02-21 13:00:00+09:00,1025.0,1025.0,1022.0,1025.0,15900,0.0,0.0
2023-02-21 14:00:00+09:00,1024.0,1026.0,1023.0,1024.0,22400,0.0,0.0
2023-02-22 09:00:00+09:00,1015.0,1020.0,1013.0,1015.0,39100,0.0,0.0
2023-02-22 10:00:00+09:00,1015.0,1015.0,1007.0,1010.0,46900,0.0,0.0
2023-02-22 11:00:00+09:00,1009.0,1011.0,1007.0,1011.0,0,0.0,0.0
2023-02-22 12:00:00+09:00,1011.0,1011.0,1008.0,1009.0,107100,0.0,0.0
2023-02-22 13:00:00+09:00,1010.0,1010.0,1008.0,1009.0,14900,0.0,0.0
2023-02-22 14:00:00+09:00,1009.0,1010.0,1006.0,1010.0,19600,0.0,0.0
2023-02-24 09:00:00+09:00,1012.0,1019.0,1012.0,1019.0,0,0.0,0.0
2023-02-24 10:00:00+09:00,1019.0,1022.0,1018.0,1020.0,44200,0.0,0.0
2023-02-24 11:00:00+09:00,1019.0,1019.0,1017.0,1019.0,0,0.0,0.0
2023-02-24 12:00:00+09:00,1019.0,1021.0,1017.0,1017.0,55900,0.0,0.0
2023-02-24 13:00:00+09:00,1017.0,1018.0,1014.0,1016.0,12600,0.0,0.0
2023-02-24 14:00:00+09:00,1016.0,1016.0,1013.0,1016.0,12300,0.0,0.0
2023-02-27 09:00:00+09:00,1020.0,1022.0,1018.0,1020.0,0,0.0,0.0
2023-02-27 10:00:00+09:00,1021.0,1027.0,1021.0,1026.0,11500,0.0,0.0
2023-02-27 11:00:00+09:00,1026.0,1026.0,1026.0,1026.0,0,0.0,0.0
2023-02-27 12:00:00+09:00,1026.0,1027.0,1024.0,1025.0,29900,0.0,0.0
2023-02-27 13:00:00+09:00,1024.0,1024.0,1021.0,1021.0,9700,0.0,0.0
2023-02-27 14:00:00+09:00,1021.0,1023.0,1021.0,1023.0,5100,0.0,0.0
2023-02-28 09:00:00+09:00,1029.0,1032.0,1025.0,1026.0,0,0.0,0.0
2023-02-28 10:00:00+09:00,1027.0,1028.0,1025.0,1026.0,41900,0.0,0.0
2023-02-28 11:00:00+09:00,1026.0,1026.0,1022.0,1023.0,0,0.0,0.0
2023-02-28 12:00:00+09:00,1023.0,1024.0,1022.0,1022.0,53100,0.0,0.0
2023-02-28 13:00:00+09:00,1022.0,1023.0,1020.0,1020.0,10600,0.0,0.0
2023-02-28 14:00:00+09:00,1021.0,1022.0,1018.0,1020.0,18700,0.0,0.0
2023-03-01 09:00:00+09:00,1017.0,1022.0,1017.0,1021.0,18400,0.0,0.0
2023-03-01 10:00:00+09:00,1020.0,1024.0,1019.0,1023.0,5800,0.0,0.0
2023-03-01 11:00:00+09:00,1023.0,1024.0,1022.0,1024.0,0,0.0,0.0
2023-03-01 12:00:00+09:00,1024.0,1024.0,1022.0,1023.0,43800,0.0,0.0
2023-03-01 13:00:00+09:00,1022.0,1023.0,1021.0,1021.0,6100,0.0,0.0
2023-03-01 14:00:00+09:00,1021.0,1030.0,1021.0,1030.0,77500,0.0,0.0
2023-03-02 09:00:00+09:00,1032.0,1037.0,1025.0,1031.0,36300,0.0,0.0
2023-03-02 10:00:00+09:00,1029.0,1029.0,1022.0,1024.0,51900,0.0,0.0
2023-03-02 11:00:00+09:00,1024.0,1026.0,1024.0,1025.0,0,0.0,0.0
2023-03-02 12:00:00+09:00,1022.0,1025.0,1020.0,1021.0,111600,0.0,0.0
2023-03-02 13:00:00+09:00,1021.0,1022.0,1014.0,1015.0,35400,0.0,0.0
2023-03-02 14:00:00+09:00,1015.0,1022.0,1015.0,1021.0,35800,0.0,0.0
2023-03-03 09:00:00+09:00,1030.0,1035.0,1025.0,1034.0,45200,0.0,0.0
2023-03-03 10:00:00+09:00,1035.0,1036.0,1033.0,1034.0,17300,0.0,0.0
2023-03-03 11:00:00+09:00,1034.0,1035.0,1033.0,1033.0,0,0.0,0.0
2023-03-03 12:00:00+09:00,1033.0,1036.0,1033.0,1034.0,84200,0.0,0.0
2023-03-03 13:00:00+09:00,1034.0,1038.0,1034.0,1036.0,17500,0.0,0.0
2023-03-03 14:00:00+09:00,1035.0,1038.0,1032.0,1036.0,47900,0.0,0.0
2023-03-06 09:00:00+09:00,1045.0,1046.0,1036.0,1042.0,59300,0.0,0.0
2023-03-06 10:00:00+09:00,1042.0,1043.0,1038.0,1039.0,17200,0.0,0.0
2023-03-06 11:00:00+09:00,1039.0,1039.0,1036.0,1037.0,0,0.0,0.0
2023-03-06 12:00:00+09:00,1036.0,1041.0,1036.0,1039.0,110900,0.0,0.0
2023-03-06 13:00:00+09:00,1039.0,1039.0,1037.0,1039.0,13000,0.0,0.0
2023-03-06 14:00:00+09:00,1038.0,1042.0,1037.0,1042.0,18200,0.0,0.0
2023-03-07 09:00:00+09:00,1041.0,1043.0,1035.0,1042.0,0,0.0,0.0
2023-03-07 10:00:00+09:00,1043.0,1045.0,1038.0,1041.0,44100,0.0,0.0
2023-03-07 11:00:00+09:00,1041.0,1041.0,1040.0,1040.0,0,0.0,0.0
2023-03-07 12:00:00+09:00,1039.0,1040.0,1038.0,1039.0,55400,0.0,0.0
2023-03-07 13:00:00+09:00,1040.0,1040.0,1037.0,1039.0,15500,0.0,0.0
2023-03-07 14:00:00+09:00,1040.0,1041.0,1038.0,1041.0,15700,0.0,0.0
2023-03-08 09:00:00+09:00,1031.0,1035.0,1024.0,1034.0,69800,0.0,0.0
2023-03-08 10:00:00+09:00,1035.0,1037.0,1028.0,1029.0,32600,0.0,0.0
2023-03-08 11:00:00+09:00,1029.0,1033.0,1028.0,1031.0,0,0.0,0.0
2023-03-08 12:00:00+09:00,1030.0,1033.0,1030.0,1032.0,132100,0.0,0.0
2023-03-08 13:00:00+09:00,1032.0,1036.0,1030.0,1034.0,18900,0.0,0.0
2023-03-08 14:00:00+09:00,1034.0,1037.0,1034.0,1034.0,18400,0.0,0.0
2023-03-09 09:00:00+09:00,1041.0,1050.0,1038.0,1039.0,59100,0.0,0.0
2023-03-09 10:00:00+09:00,1040.0,1041.0,1037.0,1040.0,13000,0.0,0.0
2023-03-09 11:00:00+09:00,1040.0,1040.0,1040.0,1040.0,0,0.0,0.0
2023-03-09 12:00:00+09:00,1041.0,1043.0,1040.0,1042.0,86600,0.0,0.0
2023-03-09 13:00:00+09:00,1042.0,1042.0,1037.0,1037.0,22500,0.0,0.0
2023-03-09 14:00:00+09:00,1038.0,1040.0,1037.0,1039.0,12900,0.0,0.0
2023-03-10 09:00:00+09:00,1024.0,1030.0,1016.0,1016.0,128300,0.0,0.0
2023-03-10 10:00:00+09:00,1017.0,1021.0,1016.0,1017.0,31800,0.0,0.0
2023-03-10 11:00:00+09:00,1017.0,1018.0,1015.0,1016.0,0,0.0,0.0
2023-03-10 12:00:00+09:00,1018.0,1020.0,1011.0,1011.0,219900,0.0,0.0
2023-03-10 13:00:00+09:00,1011.0,1016.0,1010.0,1016.0,27700,0.0,0.0
2023-03-10 14:00:00+09:00,1016.0,1020.0,1014.0,1014.0,29500,0.0,0.0
2023-03-13 09:00:00+09:00,999.0,999.0,987.0,990.0,0,0.0,0.0
2023-03-13 10:00:00+09:00,990.0,994.0,987.0,992.0,44900,0.0,0.0
2023-03-13 11:00:00+09:00,991.0,993.0,991.0,993.0,0,0.0,0.0
2023-03-13 12:00:00+09:00,995.0,999.0,995.0,995.0,218000,0.0,0.0
2023-03-13 13:00:00+09:00,995.0,997.0,993.0,994.0,17700,0.0,0.0
2023-03-13 14:00:00+09:00,994.0,998.0,993.0,998.0,22000,0.0,0.0
2023-03-14 09:00:00+09:00,985.0,988.0,968.0,968.0,130800,0.0,0.0
2023-03-14 10:00:00+09:00,969.0,974.0,965.0,972.0,56400,0.0,0.0
2023-03-14 11:00:00+09:00,972.0,979.0,971.0,975.0,0,0.0,0.0
2023-03-14 12:00:00+09:00,975.0,980.0,972.0,976.0,223200,0.0,0.0
2023-03-14 13:00:00+09:00,977.0,982.0,975.0,980.0,0,0.0,0.0
2023-03-14 14:00:00+09:00,980.0,980.0,974.0,977.0,278300,0.0,0.0
2023-03-15 09:00:00+09:00,992.0,995.0,986.0,990.0,0,0.0,0.0
2023-03-15 10:00:00+09:00,988.0,996.0,988.0,996.0,61800,0.0,0.0
2023-03-15 11:00:00+09:00,996.0,997.0,994.0,997.0,0,0.0,0.0
2023-03-15 12:00:00+09:00,996.0,998.0,991.0,991.0,81400,0.0,0.0
2023-03-15 13:00:00+09:00,991.0,993.0,990.0,991.0,6600,0.0,0.0
2023-03-15 14:00:00+09:00,991.0,992.0,984.0,989.0,20300,0.0,0.0
2023-03-16 09:00:00+09:00,963.0,967.0,952.0,967.0,77000,0.0,0.0
2023-03-16 10:00:00+09:00,967.0,968.0,960.0,961.0,24900,0.0,0.0
2023-03-16 11:00:00+09:00,962.0,964.0,959.0,962.0,0,0.0,0.0
2023-03-16 12:00:00+09:00,962.0,962.0,956.0,958.0,117700,0.0,0.0
2023-03-16 13:00:00+09:00,959.0,963.0,958.0,963.0,7300,0.0,0.0
2023-03-16 14:00:00+09:00,963.0,971.0,961.0,969.0,21500,0.0,0.0
2023-03-17 09:00:00+09:00,984.0,989.0,971.0,974.0,25800,0.0,0.0
2023-03-17 10:00:00+09:00,974.0,975.0,971.0,975.0,10000,0.0,0.0
2023-03-17 11:00:00+09:00,974.0,977.0,972.0,974.0,0,0.0,0.0
2023-03-17 12:00:00+09:00,974.0,977.0,974.0,974.0,51800,0.0,0.0
2023-03-17 13:00:00+09:00,973.0,978.0,973.0,976.0,7200,0.0,0.0
2023-03-17 14:00:00+09:00,977.0,977.0,973.0,976.0,19800,0.0,0.0
2023-03-20 09:00:00+09:00,967.0,972.0,963.0,971.0,39500,0.0,0.0
2023-03-20 10:00:00+09:00,970.0,971.0,965.0,967.0,11700,0.0,0.0
2023-03-20 11:00:00+09:00,967.0,968.0,965.0,965.0,0,0.0,0.0
2023-03-20 12:00:00+09:00,965.0,965.0,960.0,961.0,72300,0.0,0.0
2023-03-20 13:00:00+09:00,961.0,962.0,958.0,961.0,13700,0.0,0.0
2023-03-20 14:00:00+09:00,962.0,964.0,959.0,959.0,16200,0.0,0.0
2023-03-22 09:00:00+09:00,978.0,982.0,968.0,976.0,0,0.0,0.0
2023-03-22 10:00:00+09:00,977.0,981.0,972.0,979.0,13800,0.0,0.0
2023-03-22 11:00:00+09:00,979.0,979.0,977.0,978.0,0,0.0,0.0
2023-03-22 12:00:00+09:00,978.0,979.0,976.0,978.0,64200,0.0,0.0
2023-03-22 13:00:00+09:00,979.0,979.0,977.0,979.0,8200,0.0,0.0
2023-03-22 14:00:00+09:00,980.0,980.0,978.0,980.0,8800,0.0,0.0
2023-03-23 09:00:00+09:00,971.0,986.0,970.0,986.0,22200,0.0,0.0
2023-03-23 10:00:00+09:00,985.0,990.0,984.0,988.0,11000,0.0,0.0
2023-03-23 11:00:00+09:00,988.0,991.0,987.0,989.0,0,0.0,0.0
2023-03-23 12:00:00+09:00,991.0,992.0,989.0,991.0,47400,0.0,0.0
2023-03-23 13:00:00+09:00,991.0,992.0,988.0,989.0,7600,0.0,0.0
2023-03-23 14:00:00+09:00,989.0,995.0,989.0,994.0,12800,0.0,0.0
2023-03-24 09:00:00+09:00,988.0,989.0,982.0,984.0,20800,0.0,0.0
2023-03-24 10:00:00+09:00,984.0,987.0,981.0,987.0,9300,0.0,0.0
2023-03-24 11:00:00+09:00,988.0,989.0,987.0,987.0,0,0.0,0.0
2023-03-24 12:00:00+09:00,988.0,991.0,985.0,985.0,43000,0.0,0.0
2023-03-24 13:00:00+09:00,986.0,986.0,982.0,986.0,13200,0.0,0.0
2023-03-24 14:00:00+09:00,986.0,991.0,986.0,989.0,11400,0.0,0.0
2023-03-27 09:00:00+09:00,996.0,997.0,990.0,996.0,0,0.0,0.0
2023-03-27 10:00:00+09:00,997.0,999.0,996.0,998.0,36200,0.0,0.0
2023-03-27 11:00:00+09:00,998.0,999.0,998.0,999.0,0,0.0,0.0
2023-03-27 12:00:00+09:00,998.0,1004.0,998.0,1001.0,45900,0.0,0.0
2023-03-27 13:00:00+09:00,1001.0,1002.0,1000.0,1001.0,4000,0.0,0.0
2023-03-27 14:00:00+09:00,1002.0,1004.0,999.0,1000.0,16000,0.0,0.0
2023-03-28 09:00:00+09:00,1008.0,1013.0,1002.0,1003.0,34900,0.0,0.0
2023-03-28 10:00:00+09:00,1004.0,1005.0,1001.0,1003.0,10400,0.0,0.0
2023-03-28 11:00:00+09:00,1003.0,1003.0,1000.0,1001.0,0,0.0,0.0
2023-03-28 12:00:00+09:00,1001.0,1002.0,999.0,999.0,59400,0.0,0.0
2023-03-28 13:00:00+09:00,998.0,1002.0,998.0,1000.0,9600,0.0,0.0
2023-03-28 14:00:00+09:00,1000.0,1000.0,997.0,997.0,11900,0.0,0.0
2023-03-29 09:00:00+09:00,1000.0,1003.0,999.0,1003.0,20100,0.0,0.0
2023-03-29 10:00:00+09:00,1004.0,1006.0,1002.0,1002.0,6900,0.0,0.0
2023-03-29 11:00:00+09:00,1003.0,1003.0,1001.0,1001.0,0,0.0,0.0
2023-03-29 12:00:00+09:00,1005.0,1005.0,1001.0,1003.0,46100,0.0,0.0
2023-03-29 13:00:00+09:00,1003.0,1006.0,1002.0,1003.0,8800,0.0,0.0
2023-03-29 14:00:00+09:00,1004.0,1009.0,1002.0,1008.0,21500,0.0,0.0
2023-03-30 09:00:00+09:00,1000.0,1008.0,997.0,1004.0,21300,0.0,0.0
2023-03-30 10:00:00+09:00,1003.0,1006.0,1003.0,1004.0,5900,0.0,0.0
2023-03-30 11:00:00+09:00,1003.0,1003.0,1002.0,1003.0,0,0.0,0.0
2023-03-30 12:00:00+09:00,1003.0,1004.0,1001.0,1003.0,30400,0.0,0.0
2023-03-30 13:00:00+09:00,1003.0,1007.0,1000.0,1001.0,11300,0.0,0.0
2023-03-30 14:00:00+09:00,1002.0,1006.0,1001.0,1005.0,12900,0.0,0.0
2023-03-31 09:00:00+09:00,1006.0,1012.0,1006.0,1009.0,16800,0.0,0.0
2023-03-31 10:00:00+09:00,1009.0,1012.0,1007.0,1011.0,7600,0.0,0.0
2023-03-31 11:00:00+09:00,1011.0,1011.0,1007.0,1009.0,0,0.0,0.0
2023-03-31 12:00:00+09:00,1009.0,1011.0,1008.0,1010.0,35500,0.0,0.0
2023-03-31 13:00:00+09:00,1010.0,1011.0,1010.0,1011.0,3200,0.0,0.0
2023-03-31 14:00:00+09:00,1011.0,1014.0,1010.0,1014.0,20500,0.0,0.0
2023-04-03 09:00:00+09:00,1025.0,1025.0,1017.0,1023.0,36400,0.0,0.0
2023-04-03 10:00:00+09:00,1023.0,1023.0,1017.0,1019.0,21900,0.0,0.0
2023-04-03 11:00:00+09:00,1020.0,1021.0,1020.0,1020.0,0,0.0,0.0
2023-04-03 12:00:00+09:00,1022.0,1025.0,1020.0,1020.0,98600,0.0,0.0
2023-04-03 13:00:00+09:00,1021.0,1022.0,1021.0,1022.0,0,0.0,0.0
2023-04-03 14:00:00+09:00,1023.0,1023.0,1019.0,1021.0,111100,0.0,0.0
2023-04-04 09:00:00+09:00,1019.0,1019.0,1012.0,1014.0,19700,0.0,0.0
2023-04-04 10:00:00+09:00,1014.0,1017.0,1010.0,1010.0,11200,0.0,0.0
2023-04-04 11:00:00+09:00,1010.0,1013.0,1010.0,1012.0,0,0.0,0.0
2023-04-04 12:00:00+09:00,1011.0,1015.0,1010.0,1010.0,49100,0.0,0.0
2023-04-04 13:00:00+09:00,1010.0,1010.0,1006.0,1007.0,12300,0.0,0.0
2023-04-04 14:00:00+09:00,1008.0,1010.0,1006.0,1010.0,11400,0.0,0.0
2023-04-05 09:00:00+09:00,1000.0,1004.0,994.0,999.0,26900,0.0,0.0
2023-04-05 10:00:00+09:00,998.0,999.0,990.0,993.0,30000,0.0,0.0
2023-04-05 11:00:00+09:00,993.0,994.0,993.0,994.0,0,0.0,0.0
2023-04-05 12:00:00+09:00,995.0,996.0,991.0,991.0,67500,0.0,0.0
2023-04-05 13:00:00+09:00,991.0,992.0,989.0,991.0,11400,0.0,0.0
2023-04-05 14:00:00+09:00,991.0,994.0,990.0,990.0,19900,0.0,0.0
2023-04-06 09:00:00+09:00,981.0,987.0,978.0,987.0,32600,0.0,0.0
2023-04-06 10:00:00+09:00,989.0,992.0,987.0,990.0,15100,0.0,0.0
2023-04-06 11:00:00+09:00,989.0,989.0,987.0,987.0,0,0.0,0.0
2023-04-06 12:00:00+09:00,986.0,987.0,982.0,982.0,58400,0.0,0.0
2023-04-06 13:00:00+09:00,982.0,986.0,981.0,985.0,8500,0.0,0.0
2023-04-06 14:00:00+09:00,984.0,987.0,984.0,986.0,10300,0.0,0.0
2023-04-07 09:00:00+09:00,990.0,1000.0,989.0,1000.0,27400,0.0,0.0
2023-04-07 10:00:00+09:00,998.0,998.0,991.0,991.0,6900,0.0,0.0
2023-04-07 11:00:00+09:00,992.0,994.0,992.0,993.0,0,0.0,0.0
2023-04-07 12:00:00+09:00,993.0,993.0,990.0,992.0,42200,0.0,0.0
2023-04-07 13:00:00+09:00,991.0,994.0,991.0,994.0,6000,0.0,0.0
2023-04-07 14:00:00+09:00,993.0,996.0,993.0,995.0,9500,0.0,0.0
2023-04-10 09:00:00+09:00,998.0,999.0,991.0,993.0,0,0.0,0.0
2023-04-10 10:00:00+09:00,992.0,996.0,992.0,996.0,9200,0.0,0.0
2023-04-10 11:00:00+09:00,995.0,995.0,994.0,995.0,0,0.0,0.0
2023-04-10 12:00:00+09:00,994.0,996.0,993.0,994.0,56100,0.0,0.0
2023-04-10 13:00:00+09:00,993.0,995.0,993.0,993.0,7000,0.0,0.0
2023-04-10 14:00:00+09:00,992.0,995.0,992.0,995.0,10100,0.0,0.0
2023-04-11 09:00:00+09:00,999.0,1002.0,991.0,995.0,33900,0.0,0.0
2023-04-11 10:00:00+09:00,995.0,998.0,993.0,996.0,14800,0.0,0.0
2023-04-11 11:00:00+09:00,996.0,998.0,995.0,996.0,0,0.0,0.0
2023-04-11 12:00:00+09:00,996.0,1000.0,996.0,997.0,66300,0.0,0.0
2023-04-11 13:00:00+09:00,997.0,999.0,996.0,998.0,11800,0.0,0.0
2023-04-11 14:00:00+09:00,997.0,1006.0,997.0,1004.0,21700,0.0,0.0
2023-04-12 09:00:00+09:00,1010.0,1011.0,1004.0,1007.0,9400,0.0,0.0
2023-04-12 10:00:00+09:00,1008.0,1010.0,1006.0,1007.0,5900,0.0,0.0
2023-04-12 11:00:00+09:00,1007.0,1012.0,1007.0,1012.0,0,0.0,0.0
2023-04-12 12:00:00+09:00,1012.0,1013.0,1007.0,1008.0,36600,0.0,0.0
2023-04-12 13:00:00+09:00,1007.0,1008.0,1004.0,1005.0,5600,0.0,0.0
2023-04-12 14:00:00+09:00,1005.0,1007.0,1004.0,1004.0,7700,0.0,0.0
2023-04-13 09:00:00+09:00,1004.0,1004.0,998.0,1003.0,11700,0.0,0.0
2023-04-13 10:00:00+09:00,1002.0,1005.0,1000.0,1005.0,7000,0.0,0.0
2023-04-13 11:00:00+09:00,1005.0,1007.0,1005.0,1007.0,0,0.0,0.0
2023-04-13 12:00:00+09:00,1007.0,1007.0,1002.0,1002.0,29200,0.0,0.0
2023-04-13 13:00:00+09:00,1002.0,1003.0,1001.0,1001.0,4400,0.0,0.0
2023-04-13 14:00:00+09:00,1002.0,1002.0,1001.0,1001.0,6200,0.0,0.0
2023-04-14 09:00:00+09:00,1010.0,1011.0,1003.0,1011.0,21000,0.0,0.0
2023-04-14 10:00:00+09:00,1009.0,1011.0,1007.0,1011.0,9000,0.0,0.0
2023-04-14 11:00:00+09:00,1011.0,1012.0,1010.0,1010.0,0,0.0,0.0
2023-04-14 12:00:00+09:00,1008.0,1012.0,1008.0,1010.0,43500,0.0,0.0
2023-04-14 13:00:00+09:00,1009.0,1010.0,1008.0,1010.0,9100,0.0,0.0
2023-04-14 14:00:00+09:00,1008.0,1010.0,1007.0,1009.0,19100,0.0,0.0
2023-04-17 09:00:00+09:00,1010.0,1013.0,1006.0,1006.0,0,0.0,0.0
2023-04-17 10:00:00+09:00,1005.0,1007.0,1005.0,1005.0,26300,0.0,0.0
2023-04-17 11:00:00+09:00,1004.0,1005.0,1004.0,1005.0,0,0.0,0.0
2023-04-17 12:00:00+09:00,1006.0,1006.0,1004.0,1004.0,27200,0.0,0.0
2023-04-17 13:00:00+09:00,1005.0,1005.0,1004.0,1005.0,0,0.0,0.0
2023-04-17 14:00:00+09:00,1006.0,1012.0,1005.0,1008.0,54400,0.0,0.0
2023-04-18 09:00:00+09:00,1013.0,1013.0,1007.0,1011.0,10000,0.0,0.0
2023-04-18 10:00:00+09:00,1012.0,1019.0,1012.0,1018.0,32600,0.0,0.0
2023-04-18 11:00:00+09:00,1018.0,1025.0,1017.0,1019.0,0,0.0,0.0
2023-04-18 12:00:00+09:00,1019.0,1022.0,1019.0,1021.0,67200,0.0,0.0
2023-04-18 13:00:00+09:00,1022.0,1023.0,1018.0,1018.0,17200,0.0,0.0
2023-04-18 14:00:00+09:00,1019.0,1020.0,1017.0,1020.0,7500,0.0,0.0
2023-04-19 09:00:00+09:00,1015.0,1018.0,1014.0,1015.0,12300,0.0,0.0
2023-04-19 10:00:00+09:00,1014.0,1018.0,1011.0,1018.0,15500,0.0,0.0
2023-04-19 11:00:00+09:00,1017.0,1018.0,1016.0,1016.0,0,0.0,0.0
2023-04-19 12:00:00+09:00,1014.0,1016.0,1013.0,1016.0,34000,0.0,0.0
2023-04-19 13:00:00+09:00,1015.0,1016.0,1013.0,1013.0,3200,0.0,0.0
2023-04-19 14:00:00+09:00,1012.0,1014.0,1012.0,1013.0,5900,0.0,0.0
2023-04-20 09:00:00+09:00,1010.0,1013.0,1007.0,1012.0,20000,0.0,0.0
2023-04-20 10:00:00+09:00,1011.0,1012.0,1006.0,1006.0,20600,0.0,0.0
2023-04-20 11:00:00+09:00,1007.0,1007.0,1007.0,1007.0,0,0.0,0.0
2023-04-20 12:00:00+09:00,1007.0,1009.0,1006.0,1009.0,46000,0.0,0.0
2023-04-20 13:00:00+09:00,1009.0,1010.0,1009.0,1009.0,3500,0.0,0.0
2023-04-20 14:00:00+09:00,1010.0,1010.0,1005.0,1008.0,14600,0.0,0.0
2023-04-21 09:00:00+09:00,1006.0,1006.0,1001.0,1005.0,12100,0.0,0.0
2023-04-21 10:00:00+09:00,1006.0,1006.0,1003.0,1005.0,6300,0.0,0.0
2023-04-21 11:00:00+09:00,1005.0,1005.0,1004.0,1005.0,0,0.0,0.0
2023-04-21 12:00:00+09:00,1006.0,1007.0,1003.0,1003.0,24300,0.0,0.0
2023-04-21 13:00:00+09:00,1003.0,1003.0,1000.0,1002.0,11200,0.0,0.0
2023-04-21 14:00:00+09:00,1002.0,1006.0,1002.0,1005.0,9000,0.0,0.0
2023-04-24 09:00:00+09:00,1003.0,1006.0,998.0,1002.0,23400,0.0,0.0
2023-04-24 10:00:00+09:00,1002.0,1003.0,1000.0,1000.0,4900,0.0,0.0
2023-04-24 11:00:00+09:00,1000.0,1001.0,1000.0,1001.0,0,0.0,0.0
2023-04-24 12:00:00+09:00,1001.0,1002.0,999.0,1000.0,36000,0.0,0.0
2023-04-24 13:00:00+09:00,1000.0,1000.0,998.0,999.0,8200,0.0,0.0
2023-04-24 14:00:00+09:00,999.0,1003.0,999.0,1002.0,14700,0.0,0.0
2023-04-25 09:00:00+09:00,1008.0,1012.0,1005.0,1007.0,23800,0.0,0.0
2023-04-25 10:00:00+09:00,1008.0,1009.0,1007.0,1007.0,4900,0.0,0.0
2023-04-25 11:00:00+09:00,1007.0,1007.0,1003.0,1003.0,0,0.0,0.0
2023-04-25 12:00:00+09:00,1005.0,1005.0,998.0,1001.0,45200,0.0,0.0
2023-04-25 13:00:00+09:00,1000.0,1000.0,992.0,995.0,34200,0.0,0.0
2023-04-25 14:00:00+09:00,995.0,997.0,993.0,995.0,18900,0.0,0.0
2023-04-26 09:00:00+09:00,991.0,991.0,983.0,987.0,29800,0.0,0.0
2023-04-26 10:00:00+09:00,988.0,988.0,985.0,986.0,8700,0.0,0.0
2023-04-26 11:00:00+09:00,987.0,993.0,987.0,991.0,0,0.0,0.0
2023-04-26 12:00:00+09:00,988.0,990.0,985.0,985.0,58800,0.0,0.0
2023-04-26 13:00:00+09:00,984.0,989.0,983.0,989.0,5500,0.0,0.0
2023-04-26 14:00:00+09:00,990.0,992.0,987.0,987.0,13000,0.0,0.0
2023-04-27 09:00:00+09:00,984.0,989.0,982.0,988.0,8700,0.0,0.0
2023-04-27 10:00:00+09:00,988.0,990.0,988.0,988.0,7200,0.0,0.0
2023-04-27 11:00:00+09:00,989.0,989.0,986.0,986.0,0,0.0,0.0
2023-04-27 12:00:00+09:00,985.0,987.0,985.0,987.0,22000,0.0,0.0
2023-04-27 13:00:00+09:00,988.0,992.0,988.0,992.0,5400,0.0,0.0
2023-04-27 14:00:00+09:00,991.0,993.0,990.0,993.0,23000,0.0,0.0
2023-04-28 09:00:00+09:00,1001.0,1003.0,994.0,995.0,0,0.0,0.0
2023-04-28 10:00:00+09:00,995.0,1001.0,995.0,999.0,37400,0.0,0.0
2023-04-28 11:00:00+09:00,999.0,1000.0,999.0,1000.0,0,0.0,0.0
2023-04-28 12:00:00+09:00,995.0,998.0,995.0,996.0,44000,0.0,0.0
2023-04-28 13:00:00+09:00,995.0,1000.0,994.0,996.0,19400,0.0,0.0
2023-04-28 14:00:00+09:00,995.0,999.0,995.0,999.0,12000,0.0,0.0
2023-05-01 09:00:00+09:00,1008.0,1008.0,999.0,1003.0,21800,0.0,0.0
2023-05-01 10:00:00+09:00,1002.0,1003.0,1001.0,1003.0,4700,0.0,0.0
2023-05-01 11:00:00+09:00,1003.0,1004.0,1002.0,1003.0,0,0.0,0.0
2023-05-01 12:00:00+09:00,1004.0,1007.0,1004.0,1007.0,38600,0.0,0.0
2023-05-01 13:00:00+09:00,1008.0,1008.0,1007.0,1007.0,4000,0.0,0.0
2023-05-01 14:00:00+09:00,1007.0,1009.0,1007.0,1009.0,10900,0.0,0.0
2023-05-02 09:00:00+09:00,1009.0,1009.0,999.0,1000.0,15900,0.0,0.0
2023-05-02 10:00:00+09:00,1000.0,1005.0,999.0,1004.0,11600,0.0,0.0
2023-05-02 11:00:00+09:00,1003.0,1003.0,1001.0,1003.0,0,0.0,0.0
2023-05-02 12:00:00+09:00,1001.0,1007.0,1001.0,1007.0,35000,0.0,0.0
2023-05-02 13:00:00+09:00,1007.0,1008.0,1005.0,1007.0,12900,0.0,0.0
2023-05-02 14:00:00+09:00,1007.0,1009.0,1005.0,1008.0,17900,0.0,0.0
2023-05-08 09:00:00+09:00,1006.0,1014.0,1005.0,1011.0,29500,0.0,0.0
2023-05-08 10:00:00+09:00,1010.0,1013.0,1010.0,1012.0,5100,0.0,0.0
2023-05-08 11:00:00+09:00,1012.0,1012.0,1012.0,1012.0,0,0.0,0.0
2023-05-08 12:00:00+09:00,1012.0,1013.0,1011.0,1012.0,41400,0.0,0.0
2023-05-08 13:00:00+09:00,1012.0,1013.0,1012.0,1012.0,3600,0.0,0.0
2023-05-08 14:00:00+09:00,1013.0,1014.0,1012.0,1012.0,9200,0.0,0.0
2023-05-09 09:00:00+09:00,1014.0,1016.0,1010.0,1010.0,22900,0.0,0.0
2023-05-09 10:00:00+09:00,1011.0,1016.0,1011.0,1012.0,13500,0.0,0.0
2023-05-09 11:00:00+09:00,1012.0,1015.0,1012.0,1014.0,0,0.0,0.0
2023-05-09 12:00:00+09:00,1013.0,1015.0,1013.0,1013.0,43800,0.0,0.0
2023-05-09 13:00:00+09:00,1014.0,1015.0,1010.0,1014.0,16100,0.0,0.0
2023-05-09 14:00:00+09:00,1014.0,1014.0,1012.0,1013.0,9500,0.0,0.0
2023-05-10 09:00:00+09:00,1012.0,1016.0,1009.0,1011.0,18300,0.0,0.0
2023-05-10 10:00:00+09:00,1011.0,1016.0,1011.0,1014.0,7000,0.0,0.0
2023-05-10 11:00:00+09:00,1015.0,1015.0,1013.0,1015.0,0,0.0,0.0
2023-05-10 12:00:00+09:00,1015.0,1015.0,1013.0,1014.0,32000,0.0,0.0
2023-05-10 13:00:00+09:00,1013.0,1017.0,1013.0,1016.0,7500,0.0,0.0
2023-05-10 14:00:00+09:00,1015.0,1015.0,1011.0,1012.0,11100,0.0,0.0
2023-05-11 09:00:00+09:00,1007.0,1009.0,1002.0,1006.0,15900,0.0,0.0
2023-05-11 10:00:00+09:00,1006.0,1008.0,1004.0,1004.0,8500,0.0,0.0
2023-05-11 11:00:00+09:00,1004.0,1005.0,1000.0,1002.0,0,0.0,0.0
2023-05-11 12:00:00+09:00,1002.0,1003.0,1001.0,1001.0,42900,0.0,0.0
2023-05-11 13:00:00+09:00,1001.0,1007.0,1001.0,1006.0,6200,0.0,0.0
2023-05-11 14:00:00+09:00,1004.0,1004.0,1002.0,1004.0,9700,0.0,0.0
2023-05-12 09:00:00+09:00,1002.0,1006.0,993.0,996.0,34600,0.0,0.0
2023-05-12 10:00:00+09:00,996.0,1001.0,996.0,997.0,12900,0.0,0.0
2023-05-12 11:00:00+09:00,997.0,997.0,994.0,995.0,0,0.0,0.0
2023-05-12 12:00:00+09:00,997.0,997.0,993.0,994.0,65400,0.0,0.0
2023-05-12 13:00:00+09:00,994.0,997.0,992.0,993.0,18400,0.0,0.0
2023-05-12 14:00:00+09:00,993.0,994.0,988.0,992.0,22000,0.0,0.0
2023-05-15 09:00:00+09:00,901.0,915.0,900.0,907.0,49000,0.0,0.0
2023-05-15 10:00:00+09:00,907.0,913.0,903.0,904.0,65000,0.0,0.0
2023-05-15 11:00:00+09:00,904.0,905.0,902.0,903.0,0,0.0,0.0
2023-05-15 12:00:00+09:00,903.0,904.0,894.0,903.0,331700,0.0,0.0
2023-05-15 13:00:00+09:00,903.0,905.0,896.0,900.0,51800,0.0,0.0
2023-05-15 14:00:00+09:00,900.0,904.0,898.0,902.0,36700,0.0,0.0
2023-05-16 09:00:00+09:00,910.0,910.0,891.0,895.0,111400,0.0,0.0
2023-05-16 10:00:00+09:00,894.0,904.0,892.0,899.0,35300,0.0,0.0
2023-05-16 11:00:00+09:00,899.0,902.0,897.0,901.0,0,0.0,0.0
2023-05-16 12:00:00+09:00,902.0,904.0,900.0,900.0,181200,0.0,0.0
2023-05-16 13:00:00+09:00,900.0,902.0,900.0,902.0,17500,0.0,0.0
2023-05-16 14:00:00+09:00,902.0,902.0,895.0,899.0,29000,0.0,0.0
2023-05-17 09:00:00+09:00,902.0,902.0,892.0,894.0,44100,0.0,0.0
2023-05-17 10:00:00+09:00,894.0,895.0,893.0,893.0,10200,0.0,0.0
2023-05-17 11:00:00+09:00,892.0,892.0,889.0,889.0,0,0.0,0.0
2023-05-17 12:00:00+09:00,891.0,893.0,891.0,891.0,88400,0.0,0.0
2023-05-17 13:00:00+09:00,892.0,896.0,890.0,896.0,15800,0.0,0.0
2023-05-17 14:00:00+09:00,896.0,898.0,892.0,893.0,18400,0.0,0.0
2023-05-18 09:00:00+09:00,901.0,907.0,896.0,901.0,50000,0.0,0.0
2023-05-18 10:00:00+09:00,901.0,901.0,898.0,898.0,19900,0.0,0.0
2023-05-18 11:00:00+09:00,898.0,900.0,898.0,899.0,0,0.0,0.0
2023-05-18 12:00:00+09:00,901.0,901.0,898.0,899.0,86800,0.0,0.0
2023-05-18 13:00:00+09:00,899.0,899.0,895.0,895.0,14800,0.0,0.0
2023-05-18 14:00:00+09:00,897.0,902.0,897.0,901.0,29500,0.0,0.0
2023-05-19 09:00:00+09:00,903.0,904.0,889.0,890.0,0,0.0,0.0
2023-05-19 10:00:00+09:00,891.0,895.0,889.0,892.0,26300,0.0,0.0
2023-05-19 11:00:00+09:00,891.0,895.0,891.0,895.0,0,0.0,0.0
2023-05-19 12:00:00+09:00,894.0,899.0,894.0,897.0,146600,0.0,0.0
2023-05-19 13:00:00+09:00,896.0,898.0,895.0,895.0,14700,0.0,0.0
2023-05-19 14:00:00+09:00,895.0,898.0,895.0,898.0,18100,0.0,0.0
2023-05-22 09:00:00+09:00,899.0,915.0,899.0,913.0,0,0.0,0.0
2023-05-22 10:00:00+09:00,914.0,915.0,907.0,907.0,16100,0.0,0.0
2023-05-22 11:00:00+09:00,907.0,911.0,907.0,911.0,0,0.0,0.0
2023-05-22 12:00:00+09:00,910.0,914.0,907.0,907.0,85800,0.0,0.0
2023-05-22 13:00:00+09:00,908.0,913.0,908.0,913.0,14100,0.0,0.0
2023-05-22 14:00:00+09:00,912.0,914.0,910.0,912.0,17800,0.0,0.0
2023-05-23 09:00:00+09:00,915.0,923.0,915.0,921.0,37300,0.0,0.0
2023-05-23 10:00:00+09:00,921.0,921.0,919.0,920.0,10400,0.0,0.0
2023-05-23 11:00:00+09:00,920.0,921.0,920.0,920.0,0,0.0,0.0
2023-05-23 12:00:00+09:00,920.0,920.0,909.0,912.0,77900,0.0,0.0
2023-05-23 13:00:00+09:00,912.0,912.0,902.0,905.0,36100,0.0,0.0
2023-05-23 14:00:00+09:00,906.0,908.0,903.0,907.0,21400,0.0,0.0
2023-05-24 09:00:00+09:00,908.0,923.0,907.0,919.0,28600,0.0,0.0
2023-05-24 10:00:00+09:00,918.0,918.0,907.0,908.0,19100,0.0,0.0
2023-05-24 11:00:00+09:00,907.0,910.0,906.0,908.0,0,0.0,0.0
2023-05-24 12:00:00+09:00,907.0,911.0,907.0,910.0,61200,0.0,0.0
2023-05-24 13:00:00+09:00,910.0,911.0,909.0,909.0,12000,0.0,0.0
2023-05-24 14:00:00+09:00,910.0,911.0,909.0,910.0,15000,0.0,0.0
2023-05-25 09:00:00+09:00,914.0,915.0,910.0,912.0,22400,0.0,0.0
2023-05-25 10:00:00+09:00,911.0,913.0,907.0,909.0,11400,0.0,0.0
2023-05-25 11:00:00+09:00,909.0,911.0,909.0,911.0,0,0.0,0.0
2023-05-25 12:00:00+09:00,911.0,914.0,908.0,909.0,57600,0.0,0.0
2023-05-25 13:00:00+09:00,907.0,909.0,903.0,904.0,27700,0.0,0.0
2023-05-25 14:00:00+09:00,904.0,905.0,903.0,905.0,17100,0.0,0.0
2023-05-26 09:00:00+09:00,902.0,912.0,901.0,910.0,39800,0.0,0.0
2023-05-26 10:00:00+09:00,910.0,914.0,906.0,908.0,24400,0.0,0.0
2023-05-26 11:00:00+09:00,906.0,907.0,904.0,906.0,0,0.0,0.0
2023-05-26 12:00:00+09:00,904.0,905.0,900.0,901.0,97300,0.0,0.0
2023-05-26 13:00:00+09:00,901.0,901.0,898.0,899.0,28900,0.0,0.0
2023-05-26 14:00:00+09:00,899.0,903.0,898.0,899.0,31000,0.0,0.0
2023-05-29 09:00:00+09:00,906.0,915.0,906.0,907.0,0,0.0,0.0
2023-05-29 10:00:00+09:00,908.0,910.0,905.0,906.0,25500,0.0,0.0
2023-05-29 11:00:00+09:00,906.0,909.0,906.0,909.0,0,0.0,0.0
2023-05-29 12:00:00+09:00,909.0,909.0,906.0,907.0,70200,0.0,0.0
2023-05-29 13:00:00+09:00,909.0,910.0,907.0,910.0,14100,0.0,0.0
2023-05-29 14:00:00+09:00,910.0,910.0,906.0,907.0,10600,0.0,0.0
2023-05-30 09:00:00+09:00,905.0,911.0,901.0,905.0,30100,0.0,0.0
2023-05-30 10:00:00+09:00,905.0,905.0,903.0,904.0,5300,0.0,0.0
2023-05-30 11:00:00+09:00,903.0,903.0,899.0,900.0,0,0.0,0.0
2023-05-30 12:00:00+09:00,900.0,901.0,899.0,901.0,71500,0.0,0.0
2023-05-30 13:00:00+09:00,900.0,902.0,900.0,902.0,18900,0.0,0.0
2023-05-30 14:00:00+09:00,902.0,903.0,901.0,903.0,17900,0.0,0.0
2023-05-31 09:00:00+09:00,899.0,900.0,887.0,889.0,0,0.0,0.0
2023-05-31 10:00:00+09:00,890.0,892.0,890.0,891.0,8800,0.0,0.0
2023-05-31 11:00:00+09:00,891.0,891.0,888.0,888.0,0,0.0,0.0
2023-05-31 12:00:00+09:00,888.0,891.0,888.0,891.0,147600,0.0,0.0
2023-05-31 13:00:00+09:00,891.0,892.0,887.0,889.0,25200,0.0,0.0
2023-05-31 14:00:00+09:00,888.0,888.0,884.0,885.0,49600,0.0,0.0
2023-06-01 09:00:00+09:00,886.0,889.0,881.0,883.0,31200,0.0,0.0
2023-06-01 10:00:00+09:00,883.0,885.0,875.0,877.0,33500,0.0,0.0
2023-06-01 11:00:00+09:00,876.0,879.0,876.0,878.0,0,0.0,0.0
2023-06-01 12:00:00+09:00,877.0,881.0,877.0,880.0,77000,0.0,0.0
2023-06-01 13:00:00+09:00,881.0,881.0,875.0,877.0,12200,0.0,0.0
2023-06-01 14:00:00+09:00,877.0,878.0,875.0,876.0,29300,0.0,0.0
2023-06-02 09:00:00+09:00,875.0,890.0,875.0,890.0,28100,0.0,0.0
2023-06-02 10:00:00+09:00,888.0,895.0,888.0,895.0,16300,0.0,0.0
2023-06-02 11:00:00+09:00,894.0,894.0,893.0,894.0,0,0.0,0.0
2023-06-02 12:00:00+09:00,894.0,898.0,894.0,897.0,59100,0.0,0.0
2023-06-02 13:00:00+09:00,898.0,900.0,894.0,896.0,18500,0.0,0.0
2023-06-02 14:00:00+09:00,896.0,900.0,896.0,898.0,23500,0.0,0.0
2023-06-05 09:00:00+09:00,916.0,928.0,915.0,928.0,0,0.0,0.0
2023-06-05 10:00:00+09:00,926.0,927.0,920.0,920.0,27100,0.0,0.0
2023-06-05 11:00:00+09:00,920.0,922.0,914.0,914.0,0,0.0,0.0
2023-06-05 12:00:00+09:00,918.0,922.0,916.0,918.0,145500,0.0,0.0
2023-06-05 13:00:00+09:00,919.0,922.0,918.0,919.0,20200,0.0,0.0
2023-06-05 14:00:00+09:00,919.0,921.0,918.0,919.0,24900,0.0,0.0
2023-06-06 09:00:00+09:00,920.0,922.0,912.0,917.0,18800,0.0,0.0
2023-06-06 10:00:00+09:00,917.0,922.0,917.0,921.0,17200,0.0,0.0
2023-06-06 11:00:00+09:00,920.0,925.0,920.0,924.0,0,0.0,0.0
2023-06-06 12:00:00+09:00,924.0,927.0,921.0,927.0,53200,0.0,0.0
2023-06-06 13:00:00+09:00,927.0,928.0,926.0,927.0,10500,0.0,0.0
2023-06-06 14:00:00+09:00,927.0,930.0,926.0,927.0,17400,0.0,0.0
2023-06-07 09:00:00+09:00,929.0,942.0,929.0,935.0,48500,0.0,0.0
2023-06-07 10:00:00+09:00,934.0,936.0,926.0,935.0,19500,0.0,0.0
2023-06-07 11:00:00+09:00,936.0,936.0,933.0,936.0,0,0.0,0.0
2023-06-07 12:00:00+09:00,933.0,941.0,933.0,941.0,82900,0.0,0.0
2023-06-07 13:00:00+09:00,941.0,941.0,929.0,938.0,26400,0.0,0.0
2023-06-07 14:00:00+09:00,939.0,940.0,934.0,934.0,12700,0.0,0.0
2023-06-08 09:00:00+09:00,940.0,951.0,940.0,943.0,51200,0.0,0.0
2023-06-08 10:00:00+09:00,944.0,947.0,942.0,943.0,10100,0.0,0.0
2023-06-08 11:00:00+09:00,945.0,945.0,944.0,945.0,0,0.0,0.0
2023-06-08 12:00:00+09:00,945.0,945.0,935.0,936.0,79200,0.0,0.0
2023-06-08 13:00:00+09:00,936.0,938.0,931.0,931.0,16200,0.0,0.0
2023-06-08 14:00:00+09:00,930.0,933.0,929.0,931.0,20300,0.0,0.0
2023-06-09 09:00:00+09:00,936.0,942.0,935.0,941.0,27200,0.0,0.0
2023-06-09 10:00:00+09:00,942.0,945.0,940.0,942.0,9100,0.0,0.0
2023-06-09 11:00:00+09:00,942.0,942.0,938.0,941.0,0,0.0,0.0
2023-06-09 12:00:00+09:00,940.0,942.0,939.0,940.0,45800,0.0,0.0
2023-06-09 13:00:00+09:00,939.0,940.0,938.0,938.0,4300,0.0,0.0
2023-06-09 14:00:00+09:00,938.0,939.0,934.0,938.0,21500,0.0,0.0
2023-06-12 09:00:00+09:00,946.0,957.0,945.0,957.0,38000,0.0,0.0
2023-06-12 10:00:00+09:00,955.0,955.0,952.0,952.0,12900,0.0,0.0
2023-06-12 11:00:00+09:00,951.0,952.0,951.0,951.0,0,0.0,0.0
2023-06-12 12:00:00+09:00,951.0,955.0,950.0,955.0,70700,0.0,0.0
2023-06-12 13:00:00+09:00,954.0,955.0,952.0,953.0,14400,0.0,0.0
2023-06-12 14:00:00+09:00,954.0,956.0,953.0,954.0,9400,0.0,0.0
2023-06-13 09:00:00+09:00,964.0,971.0,963.0,963.0,46000,0.0,0.0
2023-06-13 10:00:00+09:00,961.0,974.0,960.0,972.0,43500,0.0,0.0
2023-06-13 11:00:00+09:00,973.0,975.0,971.0,973.0,0,0.0,0.0
2023-06-13 12:00:00+09:00,975.0,979.0,974.0,977.0,150900,0.0,0.0
2023-06-13 13:00:00+09:00,976.0,978.0,973.0,976.0,26800,0.0,0.0
2023-06-13 14:00:00+09:00,976.0,983.0,975.0,980.0,43400,0.0,0.0
2023-06-14 09:00:00+09:00,1003.0,1007.0,997.0,998.0,90000,0.0,0.0
2023-06-14 10:00:00+09:00,999.0,1002.0,990.0,993.0,59000,0.0,0.0
2023-06-14 11:00:00+09:00,994.0,994.0,990.0,992.0,0,0.0,0.0
2023-06-14 12:00:00+09:00,990.0,992.0,986.0,992.0,182900,0.0,0.0
2023-06-14 13:00:00+09:00,992.0,995.0,986.0,989.0,34700,0.0,0.0
2023-06-14 14:00:00+09:00,989.0,992.0,987.0,990.0,27600,0.0,0.0
2023-06-15 09:00:00+09:00,994.0,994.0,984.0,986.0,44800,0.0,0.0
2023-06-15 10:00:00+09:00,986.0,986.0,980.0,985.0,32900,0.0,0.0
2023-06-15 11:00:00+09:00,985.0,986.0,985.0,986.0,0,0.0,0.0
2023-06-15 12:00:00+09:00,986.0,989.0,984.0,985.0,93800,0.0,0.0
2023-06-15 13:00:00+09:00,985.0,986.0,982.0,984.0,16700,0.0,0.0
2023-06-15 14:00:00+09:00,983.0,984.0,980.0,982.0,24000,0.0,0.0
2023-06-16 09:00:00+09:00,981.0,998.0,981.0,990.0,68100,0.0,0.0
2023-06-16 10:00:00+09:00,989.0,991.0,988.0,989.0,15300,0.0,0.0
2023-06-16 11:00:00+09:00,990.0,990.0,986.0,989.0,0,0.0,0.0
2023-06-16 12:00:00+09:00,990.0,994.0,988.0,993.0,115600,0.0,0.0
2023-06-16 13:00:00+09:00,994.0,998.0,994.0,996.0,17500,0.0,0.0
2023-06-16 14:00:00+09:00,996.0,998.0,995.0,997.0,21400,0.0,0.0
2023-06-19 09:00:00+09:00,999.0,999.0,990.0,991.0,48800,0.0,0.0
2023-06-19 10:00:00+09:00,992.0,994.0,987.0,988.0,38300,0.0,0.0
2023-06-19 11:00:00+09:00,988.0,990.0,987.0,990.0,0,0.0,0.0
2023-06-19 12:00:00+09:00,990.0,990.0,980.0,984.0,127000,0.0,0.0
2023-06-19 13:00:00+09:00,983.0,985.0,982.0,983.0,8200,0.0,0.0
2023-06-19 14:00:00+09:00,982.0,986.0,981.0,985.0,16900,0.0,0.0
2023-06-20 09:00:00+09:00,993.0,993.0,983.0,986.0,36700,0.0,0.0
2023-06-20 10:00:00+09:00,985.0,988.0,982.0,983.0,14600,0.0,0.0
2023-06-20 11:00:00+09:00,984.0,986.0,981.0,983.0,0,0.0,0.0
2023-06-20 12:00:00+09:00,982.0,985.0,981.0,983.0,69300,0.0,0.0
2023-06-20 13:00:00+09:00,984.0,987.0,982.0,986.0,6000,0.0,0.0
2023-06-20 14:00:00+09:00,986.0,988.0,985.0,988.0,12400,0.0,0.0
2023-06-21 09:00:00+09:00,984.0,987.0,982.0,985.0,15200,0.0,0.0
2023-06-21 10:00:00+09:00,985.0,986.0,981.0,985.0,10200,0.0,0.0
2023-06-21 11:00:00+09:00,985.0,986.0,984.0,986.0,0,0.0,0.0
2023-06-21 12:00:00+09:00,986.0,986.0,981.0,983.0,41700,0.0,0.0
2023-06-21 13:00:00+09:00,982.0,984.0,981.0,982.0,5500,0.0,0.0
2023-06-21 14:00:00+09:00,982.0,982.0,978.0,979.0,24900,0.0,0.0
2023-06-22 09:00:00+09:00,986.0,986.0,978.0,980.0,20200,0.0,0.0
2023-06-22 10:00:00+09:00,981.0,982.0,979.0,981.0,5200,0.0,0.0
2023-06-22 11:00:00+09:00,980.0,981.0,979.0,981.0,0,0.0,0.0
2023-06-22 12:00:00+09:00,981.0,983.0,979.0,980.0,33900,0.0,0.0
2023-06-22 13:00:00+09:00,980.0,980.0,973.0,976.0,26100,0.0,0.0
2023-06-22 14:00:00+09:00,977.0,977.0,970.0,971.0,11900,0.0,0.0
2023-06-23 09:00:00+09:00,972.0,976.0,971.0,972.0,29700,0.0,0.0
2023-06-23 10:00:00+09:00,971.0,971.0,957.0,961.0,42100,0.0,0.0
2023-06-23 11:00:00+09:00,961.0,962.0,959.0,959.0,0,0.0,0.0
2023-06-23 12:00:00+09:00,960.0,962.0,956.0,961.0,93300,0.0,0.0
2023-06-23 13:00:00+09:00,959.0,960.0,957.0,958.0,5600,0.0,0.0
2023-06-23 14:00:00+09:00,958.0,961.0,955.0,960.0,17500,0.0,0.0
2023-06-26 09:00:00+09:00,958.0,967.0,946.0,965.0,0,0.0,0.0
2023-06-26 10:00:00+09:00,965.0,967.0,961.0,966.0,12300,0.0,0.0
2023-06-26 11:00:00+09:00,967.0,970.0,967.0,968.0,0,0.0,0.0
2023-06-26 12:00:00+09:00,968.0,968.0,965.0,965.0,107200,0.0,0.0
2023-06-26 13:00:00+09:00,966.0,969.0,961.0,962.0,13400,0.0,0.0
2023-06-26 14:00:00+09:00,962.0,968.0,962.0,966.0,17400,0.0,0.0
2023-06-27 09:00:00+09:00,970.0,970.0,961.0,963.0,12300,0.0,0.0
2023-06-27 10:00:00+09:00,961.0,965.0,959.0,965.0,9400,0.0,0.0
2023-06-27 11:00:00+09:00,966.0,968.0,966.0,968.0,0,0.0,0.0
2023-06-27 12:00:00+09:00,968.0,968.0,961.0,962.0,34100,0.0,0.0
2023-06-27 13:00:00+09:00,961.0,968.0,960.0,968.0,9000,0.0,0.0
2023-06-27 14:00:00+09:00,968.0,970.0,965.0,970.0,16800,0.0,0.0
2023-06-28 09:00:00+09:00,977.0,980.0,974.0,974.0,13000,0.0,0.0
2023-06-28 10:00:00+09:00,975.0,977.0,974.0,977.0,6200,0.0,0.0
2023-06-28 11:00:00+09:00,976.0,977.0,975.0,977.0,0,0.0,0.0
2023-06-28 12:00:00+09:00,979.0,983.0,979.0,979.0,29800,0.0,0.0
2023-06-28 13:00:00+09:00,980.0,985.0,980.0,981.0,16600,0.0,0.0
2023-06-28 14:00:00+09:00,981.0,985.0,981.0,985.0,12000,0.0,0.0
2023-06-29 09:00:00+09:00,987.0,991.0,983.0,984.0,21500,0.0,0.0
2023-06-29 10:00:00+09:00,984.0,986.0,982.0,984.0,11600,0.0,0.0
2023-06-29 11:00:00+09:00,983.0,984.0,981.0,984.0,0,0.0,0.0
2023-06-29 12:00:00+09:00,985.0,985.0,983.0,985.0,43500,0.0,0.0
2023-06-29 13:00:00+09:00,985.0,986.0,981.0,982.0,4900,0.0,0.0
2023-06-29 14:00:00+09:00,983.0,984.0,978.0,982.0,13100,0.0,0.0
2023-06-30 09:00:00+09:00,981.0,983.0,973.0,975.0,19400,0.0,0.0
2023-06-30 10:00:00+09:00,977.0,977.0,973.0,975.0,6200,0.0,0.0
2023-06-30 11:00:00+09:00,975.0,975.0,973.0,973.0,0,0.0,0.0
2023-06-30 12:00:00+09:00,975.0,977.0,973.0,975.0,39200,0.0,0.0
2023-06-30 13:00:00+09:00,975.0,977.0,970.0,975.0,13500,0.0,0.0
2023-06-30 14:00:00+09:00,974.0,977.0,974.0,975.0,14000,0.0,0.0
2023-07-03 09:00:00+09:00,980.0,987.0,980.0,983.0,0,0.0,0.0
2023-07-03 10:00:00+09:00,983.0,985.0,983.0,984.0,7800,0.0,0.0
2023-07-03 11:00:00+09:00,984.0,985.0,983.0,985.0,0,0.0,0.0
2023-07-03 12:00:00+09:00,985.0,985.0,983.0,983.0,34100,0.0,0.0
2023-07-03 13:00:00+09:00,983.0,984.0,980.0,982.0,15100,0.0,0.0
2023-07-03 14:00:00+09:00,982.0,982.0,979.0,982.0,15900,0.0,0.0
2023-07-04 09:00:00+09:00,981.0,982.0,974.0,977.0,31300,0.0,0.0
2023-07-04 10:00:00+09:00,977.0,980.0,977.0,979.0,5700,0.0,0.0
2023-07-04 11:00:00+09:00,979.0,979.0,977.0,978.0,0,0.0,0.0
2023-07-04 12:00:00+09:00,978.0,985.0,978.0,983.0,53700,0.0,0.0
2023-07-04 13:00:00+09:00,983.0,983.0,979.0,980.0,6600,0.0,0.0
2023-07-04 14:00:00+09:00,979.0,981.0,975.0,978.0,16200,0.0,0.0
2023-07-05 09:00:00+09:00,972.0,978.0,972.0,977.0,15600,0.0,0.0
2023-07-05 10:00:00+09:00,977.0,979.0,977.0,978.0,6400,0.0,0.0
2023-07-05 11:00:00+09:00,978.0,981.0,977.0,981.0,0,0.0,0.0
2023-07-05 12:00:00+09:00,982.0,983.0,981.0,983.0,31000,0.0,0.0
2023-07-05 13:00:00+09:00,982.0,983.0,982.0,982.0,4300,0.0,0.0
2023-07-05 14:00:00+09:00,982.0,984.0,981.0,984.0,5700,0.0,0.0
2023-07-06 09:00:00+09:00,978.0,983.0,975.0,983.0,12900,0.0,0.0
2023-07-06 10:00:00+09:00,981.0,983.0,980.0,981.0,6000,0.0,0.0
2023-07-06 11:00:00+09:00,980.0,980.0,978.0,979.0,0,0.0,0.0
2023-07-06 12:00:00+09:00,981.0,981.0,973.0,974.0,35000,0.0,0.0
2023-07-06 13:00:00+09:00,974.0,976.0,972.0,975.0,15500,0.0,0.0
2023-07-06 14:00:00+09:00,975.0,975.0,972.0,972.0,14000,0.0,0.0
2023-07-07 09:00:00+09:00,969.0,973.0,959.0,972.0,29700,0.0,0.0
2023-07-07 10:00:00+09:00,973.0,976.0,972.0,974.0,12200,0.0,0.0
2023-07-07 11:00:00+09:00,974.0,976.0,974.0,976.0,0,0.0,0.0
2023-07-07 12:00:00+09:00,977.0,978.0,975.0,976.0,50600,0.0,0.0
2023-07-07 13:00:00+09:00,976.0,977.0,975.0,975.0,5800,0.0,0.0
2023-07-07 14:00:00+09:00,975.0,978.0,971.0,971.0,13800,0.0,0.0
2023-07-10 09:00:00+09:00,970.0,978.0,969.0,974.0,0,0.0,0.0
2023-07-10 10:00:00+09:00,976.0,982.0,976.0,978.0,14600,0.0,0.0
2023-07-10 11:00:00+09:00,978.0,981.0,977.0,980.0,0,0.0,0.0
2023-07-10 12:00:00+09:00,980.0,980.0,976.0,976.0,55400,0.0,0.0
2023-07-10 13:00:00+09:00,975.0,981.0,975.0,980.0,8300,0.0,0.0
2023-07-10 14:00:00+09:00,980.0,981.0,973.0,974.0,13500,0.0,0.0
2023-07-11 09:00:00+09:00,980.0,982.0,976.0,980.0,12100,0.0,0.0
2023-07-11 10:00:00+09:00,979.0,980.0,976.0,979.0,7800,0.0,0.0
2023-07-11 11:00:00+09:00,979.0,980.0,977.0,978.0,0,0.0,0.0
2023-07-11 12:00:00+09:00,979.0,979.0,976.0,976.0,29600,0.0,0.0
2023-07-11 13:00:00+09:00,977.0,978.0,974.0,974.0,8700,0.0,0.0
2023-07-11 14:00:00+09:00,974.0,974.0,970.0,971.0,11600,0.0,0.0
2023-07-12 09:00:00+09:00,970.0,973.0,957.0,961.0,0,0.0,0.0
2023-07-12 10:00:00+09:00,962.0,963.0,959.0,960.0,14700,0.0,0.0
2023-07-12 11:00:00+09:00,960.0,964.0,960.0,964.0,0,0.0,0.0
2023-07-12 12:00:00+09:00,966.0,968.0,963.0,968.0,61700,0.0,0.0
2023-07-12 13:00:00+09:00,967.0,968.0,964.0,966.0,9200,0.0,0.0
2023-07-12 14:00:00+09:00,966.0,968.0,962.0,962.0,8900,0.0,0.0
2023-07-13 09:00:00+09:00,960.0,961.0,952.0,959.0,0,0.0,0.0
2023-07-13 10:00:00+09:00,959.0,964.0,959.0,963.0,10700,0.0,0.0
2023-07-13 11:00:00+09:00,964.0,964.0,962.0,962.0,0,0.0,0.0
2023-07-13 12:00:00+09:00,963.0,967.0,963.0,967.0,40600,0.0,0.0
2023-07-13 13:00:00+09:00,965.0,967.0,964.0,965.0,9800,0.0,0.0
2023-07-13 14:00:00+09:00,965.0,969.0,965.0,968.0,7900,0.0,0.0
2023-07-14 09:00:00+09:00,972.0,972.0,959.0,959.0,18400,0.0,0.0
2023-07-14 10:00:00+09:00,960.0,964.0,958.0,962.0,13800,0.0,0.0
2023-07-14 11:00:00+09:00,962.0,963.0,961.0,963.0,0,0.0,0.0
2023-07-14 12:00:00+09:00,965.0,966.0,963.0,964.0,40500,0.0,0.0
2023-07-14 13:00:00+09:00,964.0,966.0,962.0,963.0,8100,0.0,0.0
2023-07-14 14:00:00+09:00,964.0,965.0,963.0,964.0,8600,0.0,0.0
2023-07-18 09:00:00+09:00,964.0,964.0,957.0,961.0,10000,0.0,0.0
2023-07-18 10:00:00+09:00,960.0,961.0,957.0,960.0,11900,0.0,0.0
2023-07-18 11:00:00+09:00,960.0,960.0,958.0,959.0,0,0.0,0.0
2023-07-18 12:00:00+09:00,958.0,959.0,955.0,959.0,33400,0.0,0.0
2023-07-18 13:00:00+09:00,959.0,960.0,957.0,960.0,8800,0.0,0.0
2023-07-18 14:00:00+09:00,959.0,962.0,957.0,962.0,9400,0.0,0.0
2023-07-19 09:00:00+09:00,960.0,962.0,951.0,952.0,36000,0.0,0.0
2023-07-19 10:00:00+09:00,951.0,953.0,950.0,951.0,18600,0.0,0.0
2023-07-19 11:00:00+09:00,951.0,953.0,951.0,953.0,0,0.0,0.0
2023-07-19 12:00:00+09:00,953.0,953.0,949.0,951.0,78700,0.0,0.0
2023-07-19 13:00:00+09:00,951.0,953.0,950.0,953.0,8900,0.0,0.0
2023-07-19 14:00:00+09:00,953.0,955.0,952.0,954.0,15700,0.0,0.0
2023-07-20 09:00:00+09:00,965.0,980.0,965.0,978.0,65600,0.0,0.0
2023-07-20 10:00:00+09:00,978.0,982.0,974.0,981.0,23700,0.0,0.0
2023-07-20 11:00:00+09:00,982.0,984.0,978.0,980.0,0,0.0,0.0
2023-07-20 12:00:00+09:00,976.0,979.0,975.0,978.0,107600,0.0,0.0
2023-07-20 13:00:00+09:00,978.0,979.0,975.0,975.0,8400,0.0,0.0
2023-07-20 14:00:00+09:00,975.0,979.0,974.0,974.0,12400,0.0,0.0
2023-07-21 09:00:00+09:00,974.0,974.0,961.0,968.0,18700,0.0,0.0
2023-07-21 10:00:00+09:00,967.0,974.0,967.0,972.0,12800,0.0,0.0
2023-07-21 11:00:00+09:00,972.0,979.0,972.0,977.0,0,0.0,0.0
2023-07-21 12:00:00+09:00,977.0,979.0,975.0,978.0,50400,0.0,0.0
2023-07-21 13:00:00+09:00,977.0,978.0,974.0,975.0,11200,0.0,0.0
2023-07-21 14:00:00+09:00,976.0,976.0,971.0,972.0,9700,0.0,0.0
2023-07-24 09:00:00+09:00,980.0,982.0,972.0,977.0,12400,0.0,0.0
2023-07-24 10:00:00+09:00,979.0,980.0,975.0,978.0,11300,0.0,0.0
2023-07-24 11:00:00+09:00,978.0,978.0,976.0,976.0,0,0.0,0.0
2023-07-24 12:00:00+09:00,977.0,980.0,975.0,977.0,33500,0.0,0.0
2023-07-24 13:00:00+09:00,978.0,979.0,976.0,979.0,3100,0.0,0.0
2023-07-24 14:00:00+09:00,979.0,981.0,978.0,981.0,14500,0.0,0.0
2023-07-25 09:00:00+09:00,987.0,987.0,979.0,983.0,34800,0.0,0.0
2023-07-25 10:00:00+09:00,984.0,984.0,981.0,982.0,6500,0.0,0.0
2023-07-25 11:00:00+09:00,982.0,982.0,981.0,981.0,0,0.0,0.0
2023-07-25 12:00:00+09:00,978.0,981.0,978.0,978.0,47200,0.0,0.0
2023-07-25 13:00:00+09:00,978.0,978.0,975.0,977.0,4900,0.0,0.0
2023-07-25 14:00:00+09:00,977.0,981.0,976.0,979.0,7700,0.0,0.0
2023-07-26 09:00:00+09:00,987.0,987.0,972.0,972.0,33700,0.0,0.0
2023-07-26 10:00:00+09:00,971.0,976.0,971.0,976.0,5600,0.0,0.0
2023-07-26 11:00:00+09:00,975.0,975.0,974.0,974.0,0,0.0,0.0
2023-07-26 12:00:00+09:00,973.0,976.0,973.0,976.0,44900,0.0,0.0
2023-07-26 13:00:00+09:00,976.0,980.0,976.0,977.0,6500,0.0,0.0
2023-07-26 14:00:00+09:00,977.0,978.0,976.0,977.0,6700,0.0,0.0
2023-07-27 09:00:00+09:00,969.0,969.0,951.0,954.0,87300,0.0,0.0
2023-07-27 10:00:00+09:00,955.0,956.0,951.0,952.0,30600,0.0,0.0
2023-07-27 11:00:00+09:00,952.0,952.0,951.0,952.0,0,0.0,0.0
2023-07-27 12:00:00+09:00,952.0,954.0,948.0,949.0,177600,0.0,0.0
2023-07-27 13:00:00+09:00,949.0,953.0,949.0,952.0,20900,0.0,0.0
2023-07-27 14:00:00+09:00,951.0,956.0,951.0,956.0,40500,0.0,0.0
2023-07-28 09:00:00+09:00,946.0,947.0,933.0,939.0,82500,0.0,0.0
2023-07-28 10:00:00+09:00,939.0,940.0,936.0,939.0,30400,0.0,0.0
2023-07-28 11:00:00+09:00,939.0,942.0,938.0,940.0,0,0.0,0.0
2023-07-28 12:00:00+09:00,938.0,951.0,938.0,943.0,163500,0.0,0.0
2023-07-28 13:00:00+09:00,942.0,944.0,938.0,944.0,24700,0.0,0.0
2023-07-28 14:00:00+09:00,942.0,955.0,940.0,951.0,37200,0.0,0.0
2023-07-31 09:00:00+09:00,960.0,972.0,958.0,968.0,53000,0.0,0.0
2023-07-31 10:00:00+09:00,967.0,968.0,965.0,967.0,7300,0.0,0.0
2023-07-31 11:00:00+09:00,968.0,968.0,967.0,967.0,0,0.0,0.0
2023-07-31 12:00:00+09:00,969.0,969.0,966.0,968.0,68500,0.0,0.0
2023-07-31 13:00:00+09:00,968.0,969.0,966.0,966.0,7800,0.0,0.0
2023-07-31 14:00:00+09:00,966.0,973.0,966.0,973.0,23900,0.0,0.0
2023-08-01 09:00:00+09:00,974.0,976.0,967.0,970.0,18800,0.0,0.0
2023-08-01 10:00:00+09:00,970.0,971.0,968.0,969.0,5500,0.0,0.0
2023-08-01 11:00:00+09:00,970.0,970.0,968.0,970.0,0,0.0,0.0
2023-08-01 12:00:00+09:00,970.0,971.0,969.0,971.0,30200,0.0,0.0
2023-08-01 13:00:00+09:00,971.0,973.0,970.0,973.0,6300,0.0,0.0
2023-08-01 14:00:00+09:00,973.0,976.0,973.0,976.0,11400,0.0,0.0
2023-08-02 09:00:00+09:00,975.0,978.0,970.0,975.0,23300,0.0,0.0
2023-08-02 10:00:00+09:00,975.0,985.0,975.0,981.0,26800,0.0,0.0
2023-08-02 11:00:00+09:00,982.0,982.0,981.0,981.0,0,0.0,0.0
2023-08-02 12:00:00+09:00,980.0,981.0,978.0,979.0,60200,0.0,0.0
2023-08-02 13:00:00+09:00,977.0,977.0,973.0,973.0,6700,0.0,0.0
2023-08-02 14:00:00+09:00,973.0,974.0,970.0,971.0,10400,0.0,0.0
2023-08-03 09:00:00+09:00,962.0,966.0,934.0,936.0,77100,0.0,0.0
2023-08-03 10:00:00+09:00,936.0,941.0,935.0,940.0,31400,0.0,0.0
2023-08-03 11:00:00+09:00,940.0,942.0,940.0,941.0,0,0.0,0.0
2023-08-03 12:00:00+09:00,940.0,942.0,937.0,940.0,125200,0.0,0.0
2023-08-03 13:00:00+09:00,940.0,941.0,936.0,937.0,21200,0.0,0.0
2023-08-03 14:00:00+09:00,938.0,939.0,933.0,934.0,47200,0.0,0.0
2023-08-04 09:00:00+09:00,930.0,936.0,925.0,936.0,22800,0.0,0.0
2023-08-04 10:00:00+09:00,936.0,936.0,932.0,932.0,8200,0.0,0.0
2023-08-04 11:00:00+09:00,932.0,933.0,931.0,933.0,0,0.0,0.0
2023-08-04 12:00:00+09:00,935.0,935.0,934.0,935.0,36800,0.0,0.0
2023-08-04 13:00:00+09:00,934.0,934.0,931.0,931.0,6200,0.0,0.0
2023-08-04 14:00:00+09:00,932.0,935.0,930.0,935.0,18300,0.0,0.0
2023-08-07 09:00:00+09:00,935.0,935.0,927.0,933.0,11800,0.0,0.0
2023-08-07 10:00:00+09:00,934.0,935.0,933.0,933.0,2600,0.0,0.0
2023-08-07 11:00:00+09:00,934.0,935.0,933.0,935.0,0,0.0,0.0
2023-08-07 12:00:00+09:00,932.0,936.0,932.0,935.0,22400,0.0,0.0
2023-08-07 13:00:00+09:00,935.0,935.0,932.0,933.0,8500,0.0,0.0
2023-08-07 14:00:00+09:00,933.0,935.0,931.0,935.0,10400,0.0,0.0
2023-08-08 09:00:00+09:00,937.0,938.0,931.0,938.0,20600,0.0,0.0
2023-08-08 10:00:00+09:00,938.0,938.0,932.0,932.0,10700,0.0,0.0
2023-08-08 11:00:00+09:00,932.0,932.0,931.0,932.0,0,0.0,0.0
2023-08-08 12:00:00+09:00,932.0,934.0,932.0,933.0,42200,0.0,0.0
2023-08-08 13:00:00+09:00,933.0,934.0,931.0,932.0,2800,0.0,0.0
2023-08-08 14:00:00+09:00,931.0,932.0,930.0,930.0,10800,0.0,0.0
2023-08-09 09:00:00+09:00,931.0,932.0,924.0,932.0,42600,0.0,0.0
2023-08-09 10:00:00+09:00,932.0,934.0,931.0,931.0,5400,0.0,0.0
2023-08-09 11:00:00+09:00,931.0,934.0,931.0,931.0,0,0.0,0.0
2023-08-09 12:00:00+09:00,930.0,932.0,930.0,930.0,61600,0.0,0.0
2023-08-09 13:00:00+09:00,929.0,931.0,927.0,931.0,8800,0.0,0.0
2023-08-09 14:00:00+09:00,930.0,933.0,928.0,933.0,9700,0.0,0.0
2023-08-10 09:00:00+09:00,929.0,937.0,929.0,937.0,25600,0.0,0.0
2023-08-10 10:00:00+09:00,937.0,940.0,936.0,937.0,15800,0.0,0.0
2023-08-10 11:00:00+09:00,938.0,943.0,938.0,940.0,0,0.0,0.0
2023-08-10 12:00:00+09:00,941.0,943.0,941.0,943.0,66300,0.0,0.0
2023-08-10 13:00:00+09:00,942.0,945.0,941.0,944.0,16200,0.0,0.0
2023-08-10 14:00:00+09:00,944.0,949.0,941.0,949.0,31200,0.0,0.0
2023-08-14 09:00:00+09:00,955.0,975.0,955.0,958.0,81200,0.0,0.0
2023-08-14 10:00:00+09:00,958.0,964.0,957.0,964.0,13000,0.0,0.0
2023-08-14 11:00:00+09:00,964.0,967.0,962.0,963.0,0,0.0,0.0
2023-08-14 12:00:00+09:00,964.0,969.0,957.0,958.0,131600,0.0,0.0
2023-08-14 13:00:00+09:00,958.0,958.0,954.0,954.0,7700,0.0,0.0
2023-08-14 14:00:00+09:00,955.0,959.0,954.0,958.0,10400,0.0,0.0
2023-08-15 09:00:00+09:00,961.0,971.0,957.0,968.0,30800,0.0,0.0
2023-08-15 10:00:00+09:00,968.0,968.0,965.0,965.0,5100,0.0,0.0
2023-08-15 11:00:00+09:00,965.0,966.0,965.0,965.0,0,0.0,0.0
2023-08-15 12:00:00+09:00,965.0,967.0,964.0,967.0,43100,0.0,0.0
2023-08-15 13:00:00+09:00,968.0,968.0,966.0,968.0,3900,0.0,0.0
2023-08-15 14:00:00+09:00,968.0,970.0,967.0,969.0,17300,0.0,0.0
2023-08-16 09:00:00+09:00,963.0,964.0,956.0,956.0,20500,0.0,0.0
2023-08-16 10:00:00+09:00,957.0,961.0,955.0,961.0,19000,0.0,0.0
2023-08-16 11:00:00+09:00,960.0,961.0,959.0,959.0,0,0.0,0.0
2023-08-16 12:00:00+09:00,959.0,963.0,959.0,962.0,53100,0.0,0.0
2023-08-16 13:00:00+09:00,961.0,962.0,952.0,954.0,23400,0.0,0.0
2023-08-16 14:00:00+09:00,953.0,953.0,950.0,950.0,15100,0.0,0.0
2023-08-17 09:00:00+09:00,947.0,947.0,934.0,934.0,28800,0.0,0.0
2023-08-17 10:00:00+09:00,935.0,935.0,918.0,921.0,62500,0.0,0.0
2023-08-17 11:00:00+09:00,921.0,928.0,921.0,926.0,0,0.0,0.0
2023-08-17 12:00:00+09:00,929.0,932.0,929.0,932.0,113600,0.0,0.0
2023-08-17 13:00:00+09:00,932.0,934.0,931.0,933.0,9000,0.0,0.0
2023-08-17 14:00:00+09:00,934.0,937.0,932.0,936.0,19100,0.0,0.0
2023-08-18 09:00:00+09:00,925.0,934.0,925.0,931.0,19800,0.0,0.0
2023-08-18 10:00:00+09:00,931.0,935.0,931.0,934.0,4800,0.0,0.0
2023-08-18 11:00:00+09:00,935.0,938.0,933.0,933.0,0,0.0,0.0
2023-08-18 12:00:00+09:00,933.0,933.0,928.0,930.0,40600,0.0,0.0
2023-08-18 13:00:00+09:00,931.0,931.0,927.0,927.0,6000,0.0,0.0
2023-08-18 14:00:00+09:00,927.0,928.0,922.0,923.0,12400,0.0,0.0
2023-08-21 09:00:00+09:00,920.0,928.0,920.0,926.0,13800,0.0,0.0
2023-08-21 10:00:00+09:00,925.0,928.0,922.0,927.0,8700,0.0,0.0
2023-08-21 11:00:00+09:00,927.0,929.0,926.0,928.0,0,0.0,0.0
2023-08-21 12:00:00+09:00,925.0,928.0,925.0,925.0,27700,0.0,0.0
2023-08-21 13:00:00+09:00,926.0,927.0,926.0,927.0,2000,0.0,0.0
2023-08-21 14:00:00+09:00,927.0,927.0,923.0,923.0,6900,0.0,0.0
2023-08-22 09:00:00+09:00,930.0,931.0,923.0,925.0,8400,0.0,0.0
2023-08-22 10:00:00+09:00,924.0,924.0,919.0,920.0,15500,0.0,0.0
2023-08-22 11:00:00+09:00,921.0,922.0,919.0,921.0,0,0.0,0.0
2023-08-22 12:00:00+09:00,920.0,923.0,920.0,922.0,28700,0.0,0.0
2023-08-22 13:00:00+09:00,922.0,922.0,920.0,922.0,3300,0.0,0.0
2023-08-22 14:00:00+09:00,922.0,926.0,922.0,925.0,10700,0.0,0.0
2023-08-23 09:00:00+09:00,924.0,930.0,920.0,930.0,15800,0.0,0.0
2023-08-23 10:00:00+09:00,931.0,934.0,931.0,932.0,6500,0.0,0.0
2023-08-23 11:00:00+09:00,933.0,937.0,933.0,937.0,0,0.0,0.0
2023-08-23 12:00:00+09:00,932.0,936.0,930.0,932.0,42300,0.0,0.0
2023-08-23 13:00:00+09:00,932.0,940.0,932.0,939.0,14700,0.0,0.0
2023-08-23 14:00:00+09:00,940.0,944.0,939.0,943.0,7900,0.0,0.0
2023-08-24 09:00:00+09:00,941.0,941.0,927.0,930.0,37200,0.0,0.0
2023-08-24 10:00:00+09:00,934.0,937.0,933.0,935.0,10900,0.0,0.0
2023-08-24 11:00:00+09:00,934.0,935.0,933.0,933.0,0,0.0,0.0
2023-08-24 12:00:00+09:00,934.0,936.0,934.0,935.0,60000,0.0,0.0
2023-08-24 13:00:00+09:00,935.0,938.0,935.0,938.0,11800,0.0,0.0
2023-08-24 14:00:00+09:00,938.0,939.0,937.0,938.0,14200,0.0,0.0
2023-08-25 09:00:00+09:00,935.0,945.0,935.0,945.0,19500,0.0,0.0
2023-08-25 10:00:00+09:00,945.0,948.0,945.0,945.0,11200,0.0,0.0
2023-08-25 11:00:00+09:00,945.0,947.0,945.0,946.0,0,0.0,0.0
2023-08-25 12:00:00+09:00,944.0,948.0,944.0,947.0,38100,0.0,0.0
2023-08-25 13:00:00+09:00,947.0,949.0,942.0,945.0,6100,0.0,0.0
2023-08-25 14:00:00+09:00,943.0,946.0,942.0,945.0,8400,0.0,0.0
2023-08-28 09:00:00+09:00,950.0,961.0,950.0,961.0,19800,0.0,0.0
2023-08-28 10:00:00+09:00,961.0,962.0,959.0,960.0,8900,0.0,0.0
2023-08-28 11:00:00+09:00,960.0,960.0,957.0,958.0,0,0.0,0.0
2023-08-28 12:00:00+09:00,958.0,958.0,957.0,958.0,33800,0.0,0.0
2023-08-28 13:00:00+09:00,958.0,958.0,956.0,956.0,4200,0.0,0.0
2023-08-28 14:00:00+09:00,957.0,959.0,956.0,958.0,6400,0.0,0.0
2023-08-29 09:00:00+09:00,955.0,961.0,955.0,958.0,15600,0.0,0.0
2023-08-29 10:00:00+09:00,957.0,958.0,956.0,956.0,5500,0.0,0.0
2023-08-29 11:00:00+09:00,955.0,955.0,953.0,953.0,0,0.0,0.0
2023-08-29 12:00:00+09:00,955.0,957.0,955.0,956.0,25500,0.0,0.0
2023-08-29 13:00:00+09:00,957.0,959.0,956.0,957.0,5500,0.0,0.0
2023-08-29 14:00:00+09:00,958.0,960.0,956.0,958.0,15500,0.0,0.0
2023-08-30 09:00:00+09:00,961.0,962.0,955.0,956.0,14400,0.0,0.0
2023-08-30 10:00:00+09:00,957.0,958.0,956.0,958.0,4300,0.0,0.0
2023-08-30 11:00:00+09:00,958.0,958.0,956.0,957.0,0,0.0,0.0
2023-08-30 12:00:00+09:00,957.0,959.0,956.0,958.0,31600,0.0,0.0
2023-08-30 13:00:00+09:00,957.0,958.0,956.0,958.0,3800,0.0,0.0
2023-08-30 14:00:00+09:00,957.0,957.0,953.0,955.0,11200,0.0,0.0
2023-08-31 09:00:00+09:00,956.0,961.0,953.0,959.0,10600,0.0,0.0
2023-08-31 10:00:00+09:00,959.0,961.0,958.0,961.0,8600,0.0,0.0
2023-08-31 11:00:00+09:00,960.0,961.0,959.0,960.0,0,0.0,0.0
2023-08-31 12:00:00+09:00,961.0,963.0,960.0,962.0,32100,0.0,0.0
2023-08-31 13:00:00+09:00,963.0,963.0,960.0,961.0,8300,0.0,0.0
2023-08-31 14:00:00+09:00,961.0,961.0,959.0,959.0,5400,0.0,0.0
2023-09-01 09:00:00+09:00,955.0,961.0,955.0,960.0,20000,0.0,0.0
2023-09-01 10:00:00+09:00,959.0,962.0,959.0,961.0,4200,0.0,0.0
2023-09-01 11:00:00+09:00,961.0,961.0,961.0,961.0,0,0.0,0.0
2023-09-01 12:00:00+09:00,959.0,963.0,959.0,962.0,33100,0.0,0.0
2023-09-01 13:00:00+09:00,962.0,964.0,961.0,963.0,4400,0.0,0.0
2023-09-01 14:00:00+09:00,964.0,965.0,962.0,962.0,3500,0.0,0.0
2023-09-04 09:00:00+09:00,965.0,975.0,965.0,973.0,0,0.0,0.0
2023-09-04 10:00:00+09:00,974.0,975.0,971.0,974.0,8900,0.0,0.0
2023-09-04 11:00:00+09:00,974.0,975.0,974.0,974.0,0,0.0,0.0
2023-09-04 12:00:00+09:00,973.0,975.0,973.0,975.0,44100,0.0,0.0
2023-09-04 13:00:00+09:00,974.0,976.0,974.0,976.0,5600,0.0,0.0
2023-09-04 14:00:00+09:00,976.0,979.0,976.0,979.0,18100,0.0,0.0
2023-09-05 09:00:00+09:00,984.0,984.0,975.0,982.0,25600,0.0,0.0
2023-09-05 10:00:00+09:00,981.0,984.0,980.0,982.0,6700,0.0,0.0
2023-09-05 11:00:00+09:00,983.0,984.0,981.0,982.0,0,0.0,0.0
2023-09-05 12:00:00+09:00,983.0,985.0,980.0,980.0,40900,0.0,0.0
2023-09-05 13:00:00+09:00,982.0,982.0,980.0,980.0,300,0.0,0.0
2023-09-05 14:00:00+09:00,981.0,984.0,980.0,983.0,15500,0.0,0.0
2023-09-06 09:00:00+09:00,980.0,992.0,980.0,986.0,35400,0.0,0.0
2023-09-06 10:00:00+09:00,986.0,986.0,982.0,983.0,4900,0.0,0.0
2023-09-06 11:00:00+09:00,983.0,984.0,982.0,984.0,0,0.0,0.0
2023-09-06 12:00:00+09:00,985.0,986.0,985.0,985.0,46900,0.0,0.0
2023-09-06 13:00:00+09:00,985.0,986.0,984.0,984.0,5700,0.0,0.0
2023-09-06 14:00:00+09:00,984.0,987.0,984.0,986.0,10500,0.0,0.0
2023-09-07 09:00:00+09:00,982.0,984.0,977.0,980.0,15200,0.0,0.0
2023-09-07 10:00:00+09:00,981.0,981.0,976.0,977.0,12200,0.0,0.0
2023-09-07 11:00:00+09:00,977.0,978.0,977.0,977.0,0,0.0,0.0
2023-09-07 12:00:00+09:00,976.0,978.0,976.0,977.0,32900,0.0,0.0
2023-09-07 13:00:00+09:00,978.0,978.0,969.0,971.0,25000,0.0,0.0
2023-09-07 14:00:00+09:00,972.0,975.0,971.0,973.0,13100,0.0,0.0
2023-09-08 09:00:00+09:00,971.0,975.0,966.0,968.0,33600,0.0,0.0
2023-09-08 10:00:00+09:00,969.0,971.0,967.0,968.0,4400,0.0,0.0
2023-09-08 11:00:00+09:00,968.0,968.0,967.0,968.0,0,0.0,0.0
2023-09-08 12:00:00+09:00,967.0,968.0,964.0,964.0,46300,0.0,0.0
2023-09-08 13:00:00+09:00,963.0,963.0,960.0,960.0,11300,0.0,0.0
2023-09-08 14:00:00+09:00,961.0,961.0,959.0,960.0,12200,0.0,0.0
2023-09-11 09:00:00+09:00,964.0,969.0,956.0,958.0,14500,0.0,0.0
2023-09-11 10:00:00+09:00,958.0,960.0,954.0,959.0,8000,0.0,0.0
2023-09-11 11:00:00+09:00,959.0,960.0,957.0,959.0,0,0.0,0.0
2023-09-11 12:00:00+09:00,959.0,959.0,954.0,954.0,45300,0.0,0.0
2023-09-11 13:00:00+09:00,955.0,958.0,955.0,958.0,6000,0.0,0.0
2023-09-11 14:00:00+09:00,959.0,961.0,958.0,961.0,11100,0.0,0.0
2023-09-12 09:00:00+09:00,966.0,971.0,961.0,964.0,13900,0.0,0.0
2023-09-12 10:00:00+09:00,961.0,967.0,960.0,965.0,25000,0.0,0.0
2023-09-12 11:00:00+09:00,964.0,965.0,963.0,965.0,0,0.0,0.0
2023-09-12 12:00:00+09:00,964.0,969.0,964.0,968.0,52000,0.0,0.0
2023-09-12 13:00:00+09:00,968.0,969.0,966.0,968.0,6900,0.0,0.0
2023-09-12 14:00:00+09:00,968.0,969.0,966.0,968.0,6900,0.0,0.0
2023-09-13 09:00:00+09:00,967.0,968.0,961.0,965.0,16900,0.0,0.0
2023-09-13 10:00:00+09:00,965.0,968.0,962.0,965.0,8100,0.0,0.0
2023-09-13 11:00:00+09:00,966.0,968.0,966.0,966.0,0,0.0,0.0
2023-09-13 12:00:00+09:00,965.0,968.0,965.0,967.0,32000,0.0,0.0
2023-09-13 13:00:00+09:00,966.0,967.0,965.0,967.0,4500,0.0,0.0
2023-09-13 14:00:00+09:00,967.0,968.0,965.0,967.0,3600,0.0,0.0
2023-09-14 09:00:00+09:00,965.0,968.0,963.0,964.0,9000,0.0,0.0
2023-09-14 10:00:00+09:00,964.0,965.0,964.0,965.0,1800,0.0,0.0
2023-09-14 11:00:00+09:00,965.0,966.0,964.0,965.0,0,0.0,0.0
2023-09-14 12:00:00+09:00,968.0,968.0,967.0,968.0,16200,0.0,0.0
2023-09-14 13:00:00+09:00,969.0,971.0,967.0,970.0,8000,0.0,0.0
2023-09-14 14:00:00+09:00,969.0,970.0,967.0,969.0,9200,0.0,0.0
2023-09-15 09:00:00+09:00,975.0,979.0,973.0,975.0,18100,0.0,0.0
2023-09-15 10:00:00+09:00,975.0,976.0,971.0,971.0,6900,0.0,0.0
2023-09-15 11:00:00+09:00,973.0,978.0,973.0,976.0,0,0.0,0.0
2023-09-15 12:00:00+09:00,976.0,978.0,974.0,975.0,41700,0.0,0.0
2023-09-15 13:00:00+09:00,975.0,975.0,972.0,975.0,11000,0.0,0.0
2023-09-15 14:00:00+09:00,975.0,975.0,972.0,974.0,16400,0.0,0.0
2023-09-19 09:00:00+09:00,975.0,980.0,973.0,974.0,18000,0.0,0.0
2023-09-19 10:00:00+09:00,975.0,975.0,970.0,972.0,7300,0.0,0.0
2023-09-19 11:00:00+09:00,971.0,972.0,971.0,972.0,0,0.0,0.0
2023-09-19 12:00:00+09:00,973.0,973.0,970.0,971.0,32600,0.0,0.0
2023-09-19 13:00:00+09:00,972.0,974.0,971.0,973.0,3000,0.0,0.0
2023-09-19 14:00:00+09:00,973.0,978.0,973.0,978.0,11600,0.0,0.0
2023-09-20 09:00:00+09:00,981.0,985.0,979.0,982.0,27300,0.0,0.0
2023-09-20 10:00:00+09:00,980.0,981.0,978.0,979.0,4900,0.0,0.0
2023-09-20 11:00:00+09:00,979.0,980.0,976.0,977.0,0,0.0,0.0
2023-09-20 12:00:00+09:00,975.0,976.0,974.0,975.0,41500,0.0,0.0
2023-09-20 13:00:00+09:00,974.0,976.0,974.0,975.0,6500,0.0,0.0
2023-09-20 14:00:00+09:00,974.0,977.0,973.0,973.0,10400,0.0,0.0
2023-09-21 09:00:00+09:00,971.0,979.0,971.0,977.0,13000,0.0,0.0
2023-09-21 10:00:00+09:00,977.0,978.0,974.0,974.0,6300,0.0,0.0
2023-09-21 11:00:00+09:00,974.0,974.0,969.0,969.0,0,0.0,0.0
2023-09-21 12:00:00+09:00,969.0,971.0,968.0,971.0,29400,0.0,0.0
2023-09-21 13:00:00+09:00,970.0,973.0,970.0,971.0,10300,0.0,0.0
2023-09-21 14:00:00+09:00,971.0,971.0,969.0,969.0,13200,0.0,0.0
2023-09-22 09:00:00+09:00,962.0,963.0,957.0,963.0,17300,0.0,0.0
2023-09-22 10:00:00+09:00,963.0,966.0,962.0,964.0,5300,0.0,0.0
2023-09-22 11:00:00+09:00,965.0,969.0,964.0,968.0,0,0.0,0.0
2023-09-22 12:00:00+09:00,968.0,970.0,966.0,969.0,33100,0.0,0.0
2023-09-22 13:00:00+09:00,968.0,970.0,966.0,970.0,12000,0.0,0.0
2023-09-22 14:00:00+09:00,971.0,976.0,969.0,970.0,19900,0.0,0.0
2023-09-25 09:00:00+09:00,975.0,975.0,970.0,973.0,11100,0.0,0.0
2023-09-25 10:00:00+09:00,973.0,975.0,973.0,973.0,5200,0.0,0.0
2023-09-25 11:00:00+09:00,973.0,974.0,972.0,972.0,0,0.0,0.0
2023-09-25 12:00:00+09:00,972.0,974.0,971.0,971.0,22800,0.0,0.0
2023-09-25 13:00:00+09:00,972.0,973.0,972.0,972.0,4700,0.0,0.0
2023-09-25 14:00:00+09:00,972.0,974.0,971.0,972.0,7500,0.0,0.0
2023-09-26 09:00:00+09:00,972.0,972.0,955.0,960.0,33000,0.0,0.0
2023-09-26 10:00:00+09:00,959.0,962.0,959.0,961.0,4600,0.0,0.0
2023-09-26 11:00:00+09:00,961.0,961.0,958.0,958.0,0,0.0,0.0
2023-09-26 12:00:00+09:00,963.0,963.0,960.0,961.0,50500,0.0,0.0
2023-09-26 13:00:00+09:00,962.0,964.0,960.0,964.0,9500,0.0,0.0
2023-09-26 14:00:00+09:00,963.0,965.0,962.0,962.0,11500,0.0,0.0
2023-09-27 09:00:00+09:00,955.0,959.0,953.0,959.0,17500,0.0,0.0
2023-09-27 10:00:00+09:00,959.0,963.0,959.0,963.0,5500,0.0,0.0
2023-09-27 11:00:00+09:00,963.0,966.0,963.0,965.0,0,0.0,0.0
2023-09-27 12:00:00+09:00,965.0,966.0,963.0,964.0,33300,0.0,0.0
2023-09-27 13:00:00+09:00,964.0,967.0,964.0,967.0,5400,0.0,0.0
2023-09-27 14:00:00+09:00,967.0,973.0,966.0,972.0,12100,0.0,0.0
2023-09-28 09:00:00+09:00,967.0,967.0,960.0,965.0,11000,0.0,0.0
2023-09-28 10:00:00+09:00,965.0,968.0,965.0,966.0,2500,0.0,0.0
2023-09-28 11:00:00+09:00,966.0,966.0,958.0,959.0,0,0.0,0.0
2023-09-28 12:00:00+09:00,958.0,958.0,955.0,957.0,42300,0.0,0.0
2023-09-28 13:00:00+09:00,957.0,958.0,957.0,957.0,2000,0.0,0.0
2023-09-28 14:00:00+09:00,957.0,964.0,957.0,961.0,10100,0.0,0.0
2023-09-29 09:00:00+09:00,966.0,966.0,960.0,961.0,7500,0.0,0.0
2023-09-29 10:00:00+09:00,962.0,963.0,957.0,957.0,5000,0.0,0.0
2023-09-29 11:00:00+09:00,957.0,959.0,956.0,959.0,0,0.0,0.0
2023-09-29 12:00:00+09:00,964.0,964.0,957.0,957.0,22100,0.0,0.0
2023-09-29 13:00:00+09:00,957.0,957.0,952.0,953.0,12400,0.0,0.0
2023-09-29 14:00:00+09:00,952.0,955.0,948.0,952.0,25200,0.0,0.0
2023-10-02 09:00:00+09:00,955.0,969.0,955.0,965.0,18700,0.0,0.0
2023-10-02 10:00:00+09:00,965.0,968.0,963.0,967.0,10500,0.0,0.0
2023-10-02 11:00:00+09:00,967.0,967.0,964.0,965.0,0,0.0,0.0
2023-10-02 12:00:00+09:00,966.0,967.0,962.0,962.0,36400,0.0,0.0
2023-10-02 13:00:00+09:00,963.0,963.0,957.0,959.0,6100,0.0,0.0
2023-10-02 14:00:00+09:00,959.0,959.0,950.0,950.0,11100,0.0,0.0
2023-10-03 09:00:00+09:00,947.0,947.0,930.0,935.0,29700,0.0,0.0
2023-10-03 10:00:00+09:00,935.0,935.0,932.0,933.0,13100,0.0,0.0
2023-10-03 11:00:00+09:00,931.0,931.0,927.0,931.0,0,0.0,0.0
2023-10-03 12:00:00+09:00,930.0,932.0,928.0,930.0,61200,0.0,0.0
2023-10-03 13:00:00+09:00,930.0,930.0,924.0,924.0,13200,0.0,0.0
2023-10-03 14:00:00+09:00,923.0,926.0,921.0,922.0,15200,0.0,0.0
2023-10-04 09:00:00+09:00,913.0,913.0,904.0,906.0,51600,0.0,0.0
2023-10-04 10:00:00+09:00,906.0,910.0,903.0,905.0,11000,0.0,0.0
2023-10-04 11:00:00+09:00,905.0,905.0,900.0,900.0,0,0.0,0.0
2023-10-04 12:00:00+09:00,900.0,905.0,893.0,895.0,105200,0.0,0.0
2023-10-04 13:00:00+09:00,896.0,906.0,890.0,901.0,33700,0.0,0.0
2023-10-04 14:00:00+09:00,901.0,903.0,894.0,896.0,23400,0.0,0.0
2023-10-05 09:00:00+09:00,910.0,913.0,905.0,911.0,18600,0.0,0.0
2023-10-05 10:00:00+09:00,912.0,913.0,905.0,905.0,8200,0.0,0.0
2023-10-05 11:00:00+09:00,908.0,912.0,907.0,912.0,0,0.0,0.0
2023-10-05 12:00:00+09:00,916.0,916.0,912.0,913.0,37000,0.0,0.0
2023-10-05 13:00:00+09:00,913.0,916.0,912.0,915.0,6500,0.0,0.0
2023-10-05 14:00:00+09:00,914.0,916.0,912.0,915.0,13600,0.0,0.0
2023-10-06 09:00:00+09:00,912.0,920.0,912.0,920.0,0,0.0,0.0
2023-10-06 10:00:00+09:00,920.0,923.0,920.0,921.0,9400,0.0,0.0
2023-10-06 11:00:00+09:00,920.0,922.0,919.0,922.0,0,0.0,0.0
2023-10-06 12:00:00+09:00,922.0,923.0,920.0,921.0,16200,0.0,0.0
2023-10-06 13:00:00+09:00,921.0,923.0,921.0,921.0,2800,0.0,0.0
2023-10-06 14:00:00+09:00,921.0,924.0,921.0,921.0,5500,0.0,0.0
2023-10-10 09:00:00+09:00,936.0,946.0,935.0,940.0,24600,0.0,0.0
2023-10-10 10:00:00+09:00,940.0,943.0,938.0,942.0,11100,0.0,0.0
2023-10-10 11:00:00+09:00,942.0,947.0,941.0,947.0,0,0.0,0.0
2023-10-10 12:00:00+09:00,947.0,947.0,944.0,947.0,52300,0.0,0.0
2023-10-10 13:00:00+09:00,947.0,949.0,946.0,948.0,12100,0.0,0.0
2023-10-10 14:00:00+09:00,948.0,950.0,944.0,947.0,20100,0.0,0.0
2023-10-11 09:00:00+09:00,949.0,949.0,944.0,945.0,12200,0.0,0.0
2023-10-11 10:00:00+09:00,943.0,944.0,941.0,944.0,3100,0.0,0.0
2023-10-11 11:00:00+09:00,943.0,944.0,942.0,944.0,0,0.0,0.0
2023-10-11 12:00:00+09:00,945.0,947.0,944.0,947.0,22400,0.0,0.0
2023-10-11 13:00:00+09:00,947.0,950.0,946.0,949.0,10000,0.0,0.0
2023-10-11 14:00:00+09:00,950.0,951.0,945.0,946.0,9900,0.0,0.0
2023-10-12 09:00:00+09:00,942.0,950.0,940.0,950.0,14400,0.0,0.0
2023-10-12 10:00:00+09:00,949.0,949.0,945.0,948.0,8100,0.0,0.0
2023-10-12 11:00:00+09:00,950.0,954.0,950.0,954.0,0,0.0,0.0
2023-10-12 12:00:00+09:00,954.0,956.0,954.0,956.0,38300,0.0,0.0
2023-10-12 13:00:00+09:00,956.0,956.0,954.0,955.0,10000,0.0,0.0
2023-10-12 14:00:00+09:00,955.0,960.0,955.0,958.0,14200,0.0,0.0
2023-10-13 09:00:00+09:00,964.0,966.0,955.0,958.0,20800,0.0,0.0
2023-10-13 10:00:00+09:00,957.0,957.0,951.0,953.0,3900,0.0,0.0
2023-10-13 11:00:00+09:00,951.0,953.0,949.0,949.0,0,0.0,0.0
2023-10-13 12:00:00+09:00,945.0,949.0,945.0,946.0,33600,0.0,0.0
2023-10-13 13:00:00+09:00,946.0,947.0,943.0,944.0,7400,0.0,0.0
2023-10-13 14:00:00+09:00,943.0,945.0,942.0,944.0,9500,0.0,0.0
2023-10-16 09:00:00+09:00,930.0,946.0,930.0,939.0,22500,0.0,0.0
2023-10-16 10:00:00+09:00,939.0,940.0,935.0,936.0,0,0.0,0.0
2023-10-16 11:00:00+09:00,935.0,935.0,933.0,935.0,0,0.0,0.0
2023-10-16 12:00:00+09:00,934.0,934.0,932.0,934.0,36700,0.0,0.0
2023-10-16 13:00:00+09:00,934.0,934.0,931.0,934.0,0,0.0,0.0
2023-10-16 14:00:00+09:00,934.0,934.0,930.0,933.0,54200,0.0,0.0
2023-10-17 09:00:00+09:00,935.0,955.0,935.0,950.0,14800,0.0,0.0
2023-10-17 10:00:00+09:00,951.0,951.0,942.0,942.0,5200,0.0,0.0
2023-10-17 11:00:00+09:00,942.0,942.0,940.0,941.0,0,0.0,0.0
2023-10-17 12:00:00+09:00,946.0,946.0,940.0,941.0,28200,0.0,0.0
2023-10-17 13:00:00+09:00,942.0,943.0,938.0,940.0,5000,0.0,0.0
2023-10-17 14:00:00+09:00,940.0,944.0,938.0,943.0,5400,0.0,0.0
2023-10-18 09:00:00+09:00,943.0,951.0,943.0,945.0,17900,0.0,0.0
2023-10-18 10:00:00+09:00,944.0,944.0,938.0,941.0,5200,0.0,0.0
2023-10-18 11:00:00+09:00,942.0,943.0,941.0,942.0,0,0.0,0.0
2023-10-18 12:00:00+09:00,936.0,939.0,936.0,939.0,31000,0.0,0.0
2023-10-18 13:00:00+09:00,939.0,941.0,939.0,941.0,4400,0.0,0.0
2023-10-18 14:00:00+09:00,939.0,945.0,939.0,944.0,5100,0.0,0.0
2023-10-19 09:00:00+09:00,941.0,946.0,939.0,942.0,0,0.0,0.0
2023-10-19 10:00:00+09:00,941.0,941.0,937.0,937.0,11400,0.0,0.0
2023-10-19 11:00:00+09:00,936.0,938.0,936.0,938.0,0,0.0,0.0
2023-10-19 12:00:00+09:00,939.0,939.0,935.0,936.0,13900,0.0,0.0
2023-10-19 13:00:00+09:00,935.0,941.0,934.0,941.0,3700,0.0,0.0
2023-10-19 14:00:00+09:00,940.0,941.0,938.0,939.0,4100,0.0,0.0
2023-10-20 09:00:00+09:00,936.0,939.0,932.0,934.0,12400,0.0,0.0
2023-10-20 10:00:00+09:00,934.0,935.0,932.0,935.0,4600,0.0,0.0
2023-10-20 11:00:00+09:00,936.0,937.0,936.0,937.0,0,0.0,0.0
2023-10-20 12:00:00+09:00,939.0,940.0,936.0,939.0,22400,0.0,0.0
2023-10-20 13:00:00+09:00,938.0,942.0,938.0,942.0,2900,0.0,0.0
2023-10-20 14:00:00+09:00,941.0,942.0,938.0,939.0,5200,0.0,0.0
2023-10-23 09:00:00+09:00,937.0,943.0,935.0,938.0,9600,0.0,0.0
2023-10-23 10:00:00+09:00,940.0,942.0,938.0,939.0,4800,0.0,0.0
2023-10-23 11:00:00+09:00,939.0,939.0,935.0,936.0,0,0.0,0.0
2023-10-23 12:00:00+09:00,933.0,939.0,933.0,933.0,31100,0.0,0.0
2023-10-23 13:00:00+09:00,934.0,936.0,932.0,936.0,9900,0.0,0.0
2023-10-23 14:00:00+09:00,935.0,937.0,932.0,934.0,14700,0.0,0.0
2023-10-24 09:00:00+09:00,932.0,943.0,923.0,924.0,26500,0.0,0.0
2023-10-24 10:00:00+09:00,924.0,924.0,914.0,918.0,14600,0.0,0.0
2023-10-24 11:00:00+09:00,919.0,930.0,919.0,927.0,0,0.0,0.0
2023-10-24 12:00:00+09:00,929.0,929.0,918.0,919.0,54500,0.0,0.0
2023-10-24 13:00:00+09:00,919.0,930.0,919.0,930.0,12000,0.0,0.0
2023-10-24 14:00:00+09:00,930.0,938.0,930.0,937.0,13200,0.0,0.0
2023-10-25 09:00:00+09:00,945.0,946.0,938.0,940.0,23300,0.0,0.0
2023-10-25 10:00:00+09:00,939.0,941.0,937.0,940.0,6500,0.0,0.0
2023-10-25 11:00:00+09:00,939.0,943.0,938.0,943.0,0,0.0,0.0
2023-10-25 12:00:00+09:00,938.0,942.0,938.0,940.0,42100,0.0,0.0
2023-10-25 13:00:00+09:00,938.0,939.0,936.0,937.0,7300,0.0,0.0
2023-10-25 14:00:00+09:00,936.0,936.0,928.0,931.0,14900,0.0,0.0
2023-10-26 09:00:00+09:00,931.0,935.0,920.0,920.0,0,0.0,0.0
2023-10-26 10:00:00+09:00,920.0,923.0,919.0,919.0,25000,0.0,0.0
2023-10-26 11:00:00+09:00,919.0,919.0,911.0,913.0,0,0.0,0.0
2023-10-26 12:00:00+09:00,915.0,915.0,911.0,912.0,38200,0.0,0.0
2023-10-26 13:00:00+09:00,913.0,915.0,910.0,911.0,9100,0.0,0.0
2023-10-26 14:00:00+09:00,912.0,913.0,908.0,910.0,19400,0.0,0.0
2023-10-27 09:00:00+09:00,923.0,929.0,920.0,926.0,0,0.0,0.0
2023-10-27 10:00:00+09:00,927.0,930.0,925.0,925.0,26800,0.0,0.0
2023-10-27 11:00:00+09:00,925.0,931.0,925.0,931.0,0,0.0,0.0
2023-10-27 12:00:00+09:00,931.0,932.0,927.0,928.0,38300,0.0,0.0
2023-10-27 13:00:00+09:00,926.0,928.0,926.0,928.0,5100,0.0,0.0
2023-10-27 14:00:00+09:00,928.0,932.0,925.0,932.0,12200,0.0,0.0
2023-10-30 09:00:00+09:00,921.0,928.0,921.0,928.0,14700,0.0,0.0
2023-10-30 10:00:00+09:00,928.0,931.0,926.0,929.0,6300,0.0,0.0
2023-10-30 11:00:00+09:00,929.0,929.0,921.0,921.0,0,0.0,0.0
2023-10-30 12:00:00+09:00,924.0,925.0,922.0,922.0,34400,0.0,0.0
2023-10-30 13:00:00+09:00,921.0,923.0,918.0,921.0,10100,0.0,0.0
2023-10-30 14:00:00+09:00,922.0,929.0,920.0,921.0,25700,0.0,0.0
2023-10-31 09:00:00+09:00,911.0,912.0,887.0,908.0,62300,0.0,0.0
2023-10-31 10:00:00+09:00,906.0,907.0,902.0,907.0,10100,0.0,0.0
2023-10-31 11:00:00+09:00,906.0,906.0,903.0,903.0,0,0.0,0.0
2023-10-31 12:00:00+09:00,905.0,912.0,905.0,912.0,83800,0.0,0.0
2023-10-31 13:00:00+09:00,913.0,917.0,911.0,914.0,13400,0.0,0.0
2023-10-31 14:00:00+09:00,912.0,923.0,912.0,923.0,15100,0.0,0.0
2023-11-01 09:00:00+09:00,950.0,974.0,944.0,974.0,140200,0.0,0.0
2023-11-01 10:00:00+09:00,973.0,973.0,962.0,964.0,25300,0.0,0.0
2023-11-01 11:00:00+09:00,964.0,966.0,963.0,966.0,0,0.0,0.0
2023-11-01 12:00:00+09:00,967.0,970.0,966.0,967.0,184800,0.0,0.0
2023-11-01 13:00:00+09:00,966.0,967.0,959.0,966.0,21900,0.0,0.0
2023-11-01 14:00:00+09:00,965.0,971.0,964.0,970.0,34800,0.0,0.0
2023-11-02 09:00:00+09:00,973.0,978.0,969.0,975.0,34900,0.0,0.0
2023-11-02 10:00:00+09:00,974.0,980.0,971.0,978.0,24000,0.0,0.0
2023-11-02 11:00:00+09:00,978.0,978.0,975.0,975.0,0,0.0,0.0
2023-11-02 12:00:00+09:00,976.0,979.0,974.0,976.0,73200,0.0,0.0
2023-11-02 13:00:00+09:00,977.0,980.0,974.0,977.0,24200,0.0,0.0
2023-11-02 14:00:00+09:00,977.0,980.0,977.0,980.0,17300,0.0,0.0
2023-11-06 09:00:00+09:00,982.0,982.0,969.0,976.0,25600,0.0,0.0
2023-11-06 10:00:00+09:00,977.0,982.0,976.0,978.0,9700,0.0,0.0
2023-11-06 11:00:00+09:00,979.0,982.0,979.0,980.0,0,0.0,0.0
2023-11-06 12:00:00+09:00,980.0,983.0,978.0,982.0,63000,0.0,0.0
2023-11-06 13:00:00+09:00,981.0,985.0,981.0,984.0,18400,0.0,0.0
2023-11-06 14:00:00+09:00,983.0,992.0,983.0,990.0,41600,0.0,0.0
2023-11-07 09:00:00+09:00,988.0,998.0,983.0,990.0,25400,0.0,0.0
2023-11-07 10:00:00+09:00,989.0,994.0,988.0,994.0,11100,0.0,0.0
2023-11-07 11:00:00+09:00,993.0,994.0,993.0,994.0,0,0.0,0.0
2023-11-07 12:00:00+09:00,994.0,996.0,992.0,994.0,47800,0.0,0.0
2023-11-07 13:00:00+09:00,994.0,996.0,993.0,994.0,7400,0.0,0.0
2023-11-07 14:00:00+09:00,995.0,997.0,993.0,994.0,25200,0.0,0.0
2023-11-08 09:00:00+09:00,988.0,989.0,981.0,981.0,17100,0.0,0.0
2023-11-08 10:00:00+09:00,982.0,983.0,976.0,978.0,8400,0.0,0.0
2023-11-08 11:00:00+09:00,979.0,980.0,972.0,973.0,0,0.0,0.0
2023-11-08 12:00:00+09:00,973.0,976.0,963.0,966.0,43000,0.0,0.0
2023-11-08 13:00:00+09:00,967.0,974.0,967.0,973.0,7000,0.0,0.0
2023-11-08 14:00:00+09:00,973.0,977.0,972.0,975.0,13900,0.0,0.0
2023-11-09 09:00:00+09:00,969.0,975.0,965.0,970.0,8700,0.0,0.0
2023-11-09 10:00:00+09:00,969.0,972.0,969.0,970.0,6500,0.0,0.0
2023-11-09 11:00:00+09:00,968.0,970.0,967.0,970.0,0,0.0,0.0
2023-11-09 12:00:00+09:00,970.0,970.0,966.0,968.0,25300,0.0,0.0
2023-11-09 13:00:00+09:00,969.0,974.0,969.0,974.0,9500,0.0,0.0
2023-11-09 14:00:00+09:00,972.0,977.0,971.0,975.0,7400,0.0,0.0
2023-11-10 09:00:00+09:00,969.0,971.0,963.0,968.0,17200,0.0,0.0
2023-11-10 10:00:00+09:00,970.0,972.0,966.0,966.0,4000,0.0,0.0
2023-11-10 11:00:00+09:00,966.0,969.0,965.0,968.0,0,0.0,0.0
2023-11-10 12:00:00+09:00,970.0,970.0,963.0,967.0,29400,0.0,0.0
2023-11-10 13:00:00+09:00,968.0,971.0,966.0,970.0,12600,0.0,0.0
2023-11-10 14:00:00+09:00,970.0,972.0,968.0,970.0,4700,0.0,0.0
2023-11-13 09:00:00+09:00,974.0,989.0,974.0,988.0,0,0.0,0.0
2023-11-13 10:00:00+09:00,987.0,994.0,984.0,984.0,21300,0.0,0.0
2023-11-13 11:00:00+09:00,985.0,985.0,981.0,981.0,0,0.0,0.0
2023-11-13 12:00:00+09:00,981.0,982.0,978.0,979.0,60000,0.0,0.0
2023-11-13 13:00:00+09:00,980.0,982.0,979.0,982.0,5100,0.0,0.0
2023-11-13 14:00:00+09:00,981.0,987.0,981.0,984.0,16100,0.0,0.0
2023-11-14 09:00:00+09:00,981.0,985.0,977.0,979.0,14600,0.0,0.0
2023-11-14 10:00:00+09:00,978.0,981.0,978.0,981.0,4900,0.0,0.0
2023-11-14 11:00:00+09:00,981.0,981.0,972.0,972.0,0,0.0,0.0
2023-11-14 12:00:00+09:00,973.0,975.0,972.0,975.0,51000,0.0,0.0
2023-11-14 13:00:00+09:00,977.0,978.0,974.0,978.0,5200,0.0,0.0
2023-11-14 14:00:00+09:00,977.0,979.0,975.0,975.0,5800,0.0,0.0
2023-11-15 09:00:00+09:00,977.0,989.0,977.0,988.0,21200,0.0,0.0
2023-11-15 10:00:00+09:00,987.0,991.0,987.0,989.0,16100,0.0,0.0
2023-11-15 11:00:00+09:00,989.0,989.0,988.0,989.0,0,0.0,0.0
2023-11-15 12:00:00+09:00,984.0,991.0,984.0,991.0,50500,0.0,0.0
2023-11-15 13:00:00+09:00,991.0,993.0,988.0,988.0,10300,0.0,0.0
2023-11-15 14:00:00+09:00,988.0,992.0,988.0,990.0,15000,0.0,0.0
2023-11-16 09:00:00+09:00,988.0,996.0,986.0,986.0,0,0.0,0.0
2023-11-16 10:00:00+09:00,987.0,988.0,982.0,983.0,23800,0.0,0.0
2023-11-16 11:00:00+09:00,981.0,982.0,980.0,982.0,0,0.0,0.0
2023-11-16 12:00:00+09:00,982.0,982.0,979.0,979.0,27000,0.0,0.0
2023-11-16 13:00:00+09:00,981.0,985.0,981.0,984.0,4000,0.0,0.0
2023-11-16 14:00:00+09:00,984.0,985.0,982.0,982.0,5500,0.0,0.0
2023-11-17 09:00:00+09:00,974.0,979.0,970.0,976.0,14700,0.0,0.0
2023-11-17 10:00:00+09:00,976.0,976.0,972.0,972.0,7300,0.0,0.0
2023-11-17 11:00:00+09:00,973.0,976.0,972.0,976.0,0,0.0,0.0
2023-11-17 12:00:00+09:00,978.0,978.0,976.0,977.0,30200,0.0,0.0
2023-11-17 13:00:00+09:00,978.0,979.0,974.0,976.0,5900,0.0,0.0
2023-11-17 14:00:00+09:00,976.0,980.0,975.0,978.0,13100,0.0,0.0
2023-11-20 09:00:00+09:00,976.0,982.0,976.0,980.0,11700,0.0,0.0
2023-11-20 10:00:00+09:00,979.0,979.0,974.0,974.0,3800,0.0,0.0
2023-11-20 11:00:00+09:00,975.0,977.0,974.0,975.0,0,0.0,0.0
2023-11-20 12:00:00+09:00,976.0,976.0,969.0,969.0,30200,0.0,0.0
2023-11-20 13:00:00+09:00,968.0,972.0,968.0,971.0,6600,0.0,0.0
2023-11-20 14:00:00+09:00,971.0,973.0,969.0,972.0,10400,0.0,0.0
2023-11-21 09:00:00+09:00,966.0,973.0,966.0,966.0,13700,0.0,0.0
2023-11-21 10:00:00+09:00,966.0,974.0,966.0,973.0,4800,0.0,0.0
2023-11-21 11:00:00+09:00,973.0,976.0,973.0,973.0,0,0.0,0.0
2023-11-21 12:00:00+09:00,974.0,976.0,973.0,973.0,22700,0.0,0.0
2023-11-21 13:00:00+09:00,972.0,977.0,972.0,973.0,7800,0.0,0.0
2023-11-21 14:00:00+09:00,972.0,976.0,971.0,975.0,11600,0.0,0.0
2023-11-22 09:00:00+09:00,973.0,977.0,972.0,976.0,10900,0.0,0.0
2023-11-22 10:00:00+09:00,976.0,977.0,975.0,976.0,10200,0.0,0.0
2023-11-22 11:00:00+09:00,976.0,976.0,976.0,976.0,0,0.0,0.0
2023-11-22 12:00:00+09:00,976.0,976.0,971.0,971.0,34900,0.0,0.0
2023-11-22 13:00:00+09:00,971.0,976.0,971.0,976.0,6200,0.0,0.0
2023-11-22 14:00:00+09:00,975.0,978.0,974.0,977.0,8500,0.0,0.0
2023-11-24 09:00:00+09:00,984.0,988.0,982.0,987.0,29000,0.0,0.0
2023-11-24 10:00:00+09:00,987.0,989.0,984.0,986.0,10000,0.0,0.0
2023-11-24 11:00:00+09:00,984.0,985.0,982.0,982.0,0,0.0,0.0
2023-11-24 12:00:00+09:00,980.0,984.0,980.0,984.0,51200,0.0,0.0
2023-11-24 13:00:00+09:00,983.0,986.0,983.0,984.0,7900,0.0,0.0
2023-11-24 14:00:00+09:00,984.0,985.0,981.0,985.0,4900,0.0,0.0
2023-11-27 09:00:00+09:00,984.0,986.0,981.0,981.0,9300,0.0,0.0
2023-11-27 10:00:00+09:00,978.0,981.0,975.0,979.0,11900,0.0,0.0
2023-11-27 11:00:00+09:00,976.0,976.0,972.0,973.0,0,0.0,0.0
2023-11-27 12:00:00+09:00,973.0,976.0,972.0,974.0,29300,0.0,0.0
2023-11-27 13:00:00+09:00,974.0,976.0,974.0,976.0,0,0.0,0.0
2023-11-27 14:00:00+09:00,977.0,979.0,975.0,978.0,35300,0.0,0.0
2023-11-28 09:00:00+09:00,982.0,982.0,974.0,976.0,9100,0.0,0.0
2023-11-28 10:00:00+09:00,976.0,976.0,974.0,974.0,2000,0.0,0.0
2023-11-28 11:00:00+09:00,975.0,975.0,974.0,974.0,0,0.0,0.0
2023-11-28 12:00:00+09:00,975.0,975.0,972.0,972.0,12900,0.0,0.0
2023-11-28 13:00:00+09:00,972.0,976.0,971.0,975.0,3600,0.0,0.0
2023-11-28 14:00:00+09:00,976.0,977.0,973.0,976.0,5000,0.0,0.0
2023-11-29 09:00:00+09:00,970.0,974.0,969.0,969.0,13400,0.0,0.0
2023-11-29 10:00:00+09:00,970.0,971.0,967.0,969.0,5900,0.0,0.0
2023-11-29 11:00:00+09:00,970.0,970.0,968.0,970.0,0,0.0,0.0
2023-11-29 12:00:00+09:00,971.0,975.0,969.0,975.0,26600,0.0,0.0
2023-11-29 13:00:00+09:00,975.0,977.0,974.0,975.0,4300,0.0,0.0
2023-11-29 14:00:00+09:00,975.0,975.0,973.0,975.0,7600,0.0,0.0
2023-11-30 09:00:00+09:00,979.0,988.0,977.0,988.0,36200,0.0,0.0
2023-11-30 10:00:00+09:00,987.0,989.0,985.0,988.0,26700,0.0,0.0
2023-11-30 11:00:00+09:00,989.0,993.0,989.0,993.0,0,0.0,0.0
2023-11-30 12:00:00+09:00,993.0,994.0,992.0,993.0,86100,0.0,0.0
2023-11-30 13:00:00+09:00,992.0,993.0,991.0,993.0,9700,0.0,0.0
2023-11-30 14:00:00+09:00,993.0,995.0,989.0,994.0,0,0.0,0.0
2023-12-01 09:00:00+09:00,994.0,996.0,989.0,993.0,14900,0.0,0.0
2023-12-01 10:00:00+09:00,993.0,995.0,991.0,993.0,8600,0.0,0.0
2023-12-01 11:00:00+09:00,992.0,992.0,989.0,990.0,0,0.0,0.0
2023-12-01 12:00:00+09:00,992.0,992.0,988.0,990.0,33200,0.0,0.0
2023-12-01 13:00:00+09:00,990.0,990.0,985.0,985.0,6700,0.0,0.0
2023-12-01 14:00:00+09:00,984.0,986.0,983.0,985.0,13400,0.0,0.0
2023-12-04 09:00:00+09:00,979.0,979.0,968.0,972.0,17000,0.0,0.0
2023-12-04 10:00:00+09:00,974.0,974.0,968.0,974.0,10200,0.0,0.0
2023-12-04 11:00:00+09:00,974.0,975.0,973.0,973.0,0,0.0,0.0
2023-12-04 12:00:00+09:00,973.0,973.0,971.0,971.0,33100,0.0,0.0
2023-12-04 13:00:00+09:00,972.0,973.0,972.0,973.0,2000,0.0,0.0
2023-12-04 14:00:00+09:00,973.0,973.0,969.0,971.0,8700,0.0,0.0
2023-12-05 09:00:00+09:00,968.0,972.0,966.0,971.0,7700,0.0,0.0
2023-12-05 10:00:00+09:00,968.0,970.0,964.0,965.0,7700,0.0,0.0
2023-12-05 11:00:00+09:00,966.0,966.0,964.0,964.0,0,0.0,0.0
2023-12-05 12:00:00+09:00,965.0,965.0,963.0,965.0,20400,0.0,0.0
2023-12-05 13:00:00+09:00,965.0,966.0,964.0,964.0,2400,0.0,0.0
2023-12-05 14:00:00+09:00,964.0,965.0,950.0,953.0,21000,0.0,0.0
2023-12-06 09:00:00+09:00,956.0,967.0,956.0,965.0,7800,0.0,0.0
2023-12-06 10:00:00+09:00,965.0,966.0,962.0,966.0,7100,0.0,0.0
2023-12-06 11:00:00+09:00,965.0,966.0,965.0,966.0,0,0.0,0.0
2023-12-06 12:00:00+09:00,967.0,967.0,966.0,967.0,17600,0.0,0.0
2023-12-06 13:00:00+09:00,968.0,970.0,966.0,970.0,6500,0.0,0.0
2023-12-06 14:00:00+09:00,968.0,971.0,967.0,971.0,14800,0.0,0.0
2023-12-07 09:00:00+09:00,968.0,968.0,961.0,961.0,8300,0.0,0.0
2023-12-07 10:00:00+09:00,961.0,964.0,959.0,959.0,10900,0.0,0.0
2023-12-07 11:00:00+09:00,960.0,962.0,957.0,962.0,0,0.0,0.0
2023-12-07 12:00:00+09:00,962.0,964.0,962.0,964.0,29800,0.0,0.0
2023-12-07 13:00:00+09:00,965.0,968.0,956.0,960.0,20000,0.0,0.0
2023-12-07 14:00:00+09:00,960.0,962.0,957.0,959.0,9400,0.0,0.0
2023-12-08 09:00:00+09:00,959.0,960.0,952.0,955.0,0,0.0,0.0
2023-12-08 10:00:00+09:00,954.0,954.0,948.0,949.0,27600,0.0,0.0
2023-12-08 11:00:00+09:00,946.0,947.0,944.0,944.0,0,0.0,0.0
2023-12-08 12:00:00+09:00,947.0,948.0,944.0,948.0,38800,0.0,0.0
2023-12-08 13:00:00+09:00,949.0,954.0,947.0,948.0,13100,0.0,0.0
2023-12-08 14:00:00+09:00,948.0,953.0,945.0,953.0,13300,0.0,0.0
2023-12-11 09:00:00+09:00,953.0,958.0,950.0,952.0,19000,0.0,0.0
2023-12-11 10:00:00+09:00,953.0,954.0,949.0,953.0,8700,0.0,0.0
2023-12-11 11:00:00+09:00,954.0,954.0,951.0,951.0,0,0.0,0.0
2023-12-11 12:00:00+09:00,953.0,953.0,948.0,949.0,34400,0.0,0.0
2023-12-11 13:00:00+09:00,950.0,952.0,949.0,951.0,9700,0.0,0.0
2023-12-11 14:00:00+09:00,950.0,956.0,948.0,956.0,27900,0.0,0.0
2023-12-12 09:00:00+09:00,958.0,959.0,949.0,952.0,8200,0.0,0.0
2023-12-12 10:00:00+09:00,950.0,952.0,950.0,950.0,3300,0.0,0.0
2023-12-12 11:00:00+09:00,950.0,950.0,949.0,949.0,0,0.0,0.0
2023-12-12 12:00:00+09:00,949.0,949.0,946.0,947.0,15900,0.0,0.0
2023-12-12 13:00:00+09:00,947.0,947.0,942.0,942.0,9500,0.0,0.0
2023-12-12 14:00:00+09:00,941.0,946.0,941.0,946.0,43100,0.0,0.0
2023-12-13 09:00:00+09:00,952.0,957.0,947.0,947.0,19300,0.0,0.0
2023-12-13 10:00:00+09:00,947.0,947.0,944.0,944.0,5200,0.0,0.0
2023-12-13 11:00:00+09:00,945.0,948.0,944.0,947.0,0,0.0,0.0
2023-12-13 12:00:00+09:00,947.0,947.0,944.0,944.0,31800,0.0,0.0
2023-12-13 13:00:00+09:00,943.0,943.0,940.0,943.0,10300,0.0,0.0
2023-12-13 14:00:00+09:00,943.0,949.0,943.0,944.0,12900,0.0,0.0
2023-12-14 09:00:00+09:00,950.0,958.0,947.0,952.0,30300,0.0,0.0
2023-12-14 10:00:00+09:00,953.0,956.0,951.0,956.0,6800,0.0,0.0
2023-12-14 11:00:00+09:00,956.0,958.0,955.0,957.0,0,0.0,0.0
2023-12-14 12:00:00+09:00,957.0,957.0,952.0,953.0,52300,0.0,0.0
2023-12-14 13:00:00+09:00,953.0,958.0,952.0,957.0,13200,0.0,0.0
2023-12-14 14:00:00+09:00,957.0,957.0,954.0,954.0,15500,0.0,0.0
2023-12-15 09:00:00+09:00,953.0,953.0,946.0,946.0,6100,0.0,0.0
2023-12-15 10:00:00+09:00,945.0,956.0,944.0,956.0,11600,0.0,0.0
2023-12-15 11:00:00+09:00,957.0,958.0,955.0,957.0,0,0.0,0.0
2023-12-15 12:00:00+09:00,956.0,957.0,954.0,956.0,25200,0.0,0.0
2023-12-15 13:00:00+09:00,955.0,959.0,955.0,958.0,5900,0.0,0.0
2023-12-15 14:00:00+09:00,958.0,960.0,957.0,959.0,8400,0.0,0.0
2023-12-18 09:00:00+09:00,952.0,952.0,937.0,937.0,9800,0.0,0.0
2023-12-18 10:00:00+09:00,936.0,936.0,932.0,933.0,5100,0.0,0.0
2023-12-18 11:00:00+09:00,933.0,933.0,929.0,933.0,0,0.0,0.0
2023-12-18 12:00:00+09:00,934.0,935.0,933.0,934.0,20600,0.0,0.0
2023-12-18 13:00:00+09:00,935.0,938.0,935.0,938.0,2200,0.0,0.0
2023-12-18 14:00:00+09:00,938.0,944.0,938.0,944.0,6100,0.0,0.0
2023-12-19 09:00:00+09:00,942.0,942.0,937.0,940.0,16400,0.0,0.0
2023-12-19 10:00:00+09:00,939.0,939.0,938.0,938.0,3500,0.0,0.0
2023-12-19 11:00:00+09:00,938.0,939.0,937.0,939.0,0,0.0,0.0
2023-12-19 12:00:00+09:00,940.0,946.0,940.0,943.0,26900,0.0,0.0
2023-12-19 13:00:00+09:00,942.0,942.0,939.0,940.0,5600,0.0,0.0
2023-12-19 14:00:00+09:00,941.0,942.0,937.0,941.0,9900,0.0,0.0
2023-12-20 09:00:00+09:00,949.0,952.0,948.0,952.0,9000,0.0,0.0
2023-12-20 10:00:00+09:00,951.0,952.0,950.0,951.0,6900,0.0,0.0
2023-12-20 11:00:00+09:00,950.0,951.0,948.0,948.0,0,0.0,0.0
2023-12-20 12:00:00+09:00,948.0,948.0,946.0,946.0,22200,0.0,0.0
2023-12-20 13:00:00+09:00,947.0,950.0,945.0,950.0,6400,0.0,0.0
2023-12-20 14:00:00+09:00,950.0,952.0,949.0,950.0,9000,0.0,0.0
2023-12-21 09:00:00+09:00,947.0,950.0,942.0,947.0,0,0.0,0.0
2023-12-21 10:00:00+09:00,948.0,949.0,944.0,944.0,23100,0.0,0.0
2023-12-21 11:00:00+09:00,943.0,943.0,942.0,943.0,0,0.0,0.0
2023-12-21 12:00:00+09:00,944.0,945.0,944.0,945.0,28000,0.0,0.0
2023-12-21 13:00:00+09:00,945.0,945.0,943.0,944.0,3000,0.0,0.0
2023-12-21 14:00:00+09:00,945.0,947.0,943.0,944.0,10500,0.0,0.0
2023-12-22 09:00:00+09:00,946.0,949.0,942.0,945.0,15100,0.0,0.0
2023-12-22 10:00:00+09:00,945.0,947.0,944.0,947.0,7700,0.0,0.0
2023-12-22 11:00:00+09:00,947.0,947.0,946.0,947.0,0,0.0,0.0
2023-12-22 12:00:00+09:00,947.0,947.0,942.0,942.0,35300,0.0,0.0
2023-12-22 13:00:00+09:00,942.0,943.0,939.0,942.0,15600,0.0,0.0
2023-12-22 14:00:00+09:00,941.0,945.0,940.0,944.0,9800,0.0,0.0
2023-12-25 09:00:00+09:00,947.0,947.0,935.0,937.0,35800,0.0,0.0
2023-12-25 10:00:00+09:00,937.0,938.0,933.0,934.0,8400,0.0,0.0
2023-12-25 11:00:00+09:00,935.0,935.0,934.0,934.0,0,0.0,0.0
2023-12-25 12:00:00+09:00,931.0,931.0,929.0,929.0,53500,0.0,0.0
2023-12-25 13:00:00+09:00,928.0,928.0,926.0,926.0,1900,0.0,0.0
2023-12-25 14:00:00+09:00,927.0,931.0,925.0,926.0,14900,0.0,0.0
2023-12-26 09:00:00+09:00,927.0,940.0,927.0,934.0,47400,0.0,0.0
2023-12-26 10:00:00+09:00,935.0,935.0,932.0,934.0,7200,0.0,0.0
2023-12-26 11:00:00+09:00,935.0,935.0,933.0,935.0,0,0.0,0.0
2023-12-26 12:00:00+09:00,935.0,935.0,933.0,933.0,62100,0.0,0.0
2023-12-26 13:00:00+09:00,932.0,933.0,931.0,933.0,6400,0.0,0.0
2023-12-26 14:00:00+09:00,933.0,933.0,931.0,932.0,7600,0.0,0.0
2023-12-27 09:00:00+09:00,940.0,947.0,939.0,946.0,30600,0.0,0.0
2023-12-27 10:00:00+09:00,947.0,955.0,947.0,952.0,30500,0.0,0.0
2023-12-27 11:00:00+09:00,952.0,953.0,951.0,953.0,0,0.0,0.0
2023-12-27 12:00:00+09:00,953.0,954.0,953.0,954.0,75500,0.0,0.0
2023-12-27 13:00:00+09:00,954.0,958.0,954.0,957.0,12200,0.0,0.0
2023-12-27 14:00:00+09:00,956.0,964.0,956.0,962.0,14000,0.0,0.0
2023-12-28 09:00:00+09:00,963.0,974.0,959.0,972.0,17400,0.0,0.0
2023-12-28 10:00:00+09:00,972.0,976.0,972.0,974.0,7700,0.0,0.0
2023-12-28 11:00:00+09:00,976.0,977.0,976.0,977.0,0,0.0,0.0
2023-12-28 12:00:00+09:00,979.0,980.0,976.0,979.0,33400,0.0,0.0
2023-12-28 13:00:00+09:00,980.0,982.0,979.0,981.0,4700,0.0,0.0
2023-12-28 14:00:00+09:00,982.0,984.0,981.0,983.0,9400,0.0,0.0
2023-12-29 09:00:00+09:00,989.0,990.0,984.0,987.0,12800,0.0,0.0
2023-12-29 10:00:00+09:00,987.0,989.0,985.0,986.0,6200,0.0,0.0
2023-12-29 11:00:00+09:00,986.0,988.0,985.0,988.0,0,0.0,0.0
2023-12-29 12:00:00+09:00,985.0,986.0,984.0,984.0,24300,0.0,0.0
2023-12-29 13:00:00+09:00,984.0,985.0,982.0,984.0,5900,0.0,0.0
2023-12-29 14:00:00+09:00,984.0,987.0,982.0,987.0,8400,0.0,0.0
2024-01-04 09:00:00+09:00,981.0,982.0,970.0,979.0,14800,0.0,0.0
2024-01-04 10:00:00+09:00,982.0,988.0,982.0,988.0,5300,0.0,0.0
2024-01-04 11:00:00+09:00,986.0,986.0,986.0,986.0,0,0.0,0.0
2024-01-04 12:00:00+09:00,987.0,988.0,983.0,987.0,25700,0.0,0.0
2024-01-04 13:00:00+09:00,988.0,991.0,988.0,991.0,5300,0.0,0.0
2024-01-04 14:00:00+09:00,991.0,991.0,984.0,987.0,11500,0.0,0.0
2024-01-05 09:00:00+09:00,994.0,998.0,990.0,994.0,26900,0.0,0.0
2024-01-05 10:00:00+09:00,995.0,996.0,991.0,992.0,6000,0.0,0.0
2024-01-05 11:00:00+09:00,992.0,992.0,989.0,990.0,0,0.0,0.0
2024-01-05 12:00:00+09:00,987.0,989.0,984.0,986.0,40700,0.0,0.0
2024-01-05 13:00:00+09:00,987.0,991.0,984.0,991.0,10900,0.0,0.0
2024-01-05 14:00:00+09:00,991.0,994.0,989.0,991.0,12500,0.0,0.0
2024-01-09 09:00:00+09:00,998.0,998.0,987.0,994.0,18600,0.0,0.0
2024-01-09 10:00:00+09:00,994.0,995.0,991.0,993.0,8500,0.0,0.0
2024-01-09 11:00:00+09:00,994.0,995.0,993.0,995.0,0,0.0,0.0
2024-01-09 12:00:00+09:00,990.0,993.0,990.0,991.0,34000,0.0,0.0
2024-01-09 13:00:00+09:00,992.0,993.0,987.0,990.0,9200,0.0,0.0
2024-01-09 14:00:00+09:00,990.0,993.0,990.0,993.0,6100,0.0,0.0
2024-01-10 09:00:00+09:00,995.0,1003.0,995.0,999.0,34600,0.0,0.0
2024-01-10 10:00:00+09:00,999.0,1005.0,998.0,1003.0,26200,0.0,0.0
2024-01-10 11:00:00+09:00,1004.0,1005.0,1002.0,1004.0,0,0.0,0.0
2024-01-10 12:00:00+09:00,1004.0,1005.0,1003.0,1004.0,78800,0.0,0.0
2024-01-10 13:00:00+09:00,1004.0,1004.0,1002.0,1003.0,5100,0.0,0.0
2024-01-10 14:00:00+09:00,1004.0,1006.0,1002.0,1002.0,11300,0.0,0.0
2024-01-11 09:00:00+09:00,1007.0,1017.0,1007.0,1008.0,54600,0.0,0.0
2024-01-11 10:00:00+09:00,1008.0,1010.0,1008.0,1008.0,7300,0.0,0.0
2024-01-11 11:00:00+09:00,1009.0,1009.0,1006.0,1008.0,0,0.0,0.0
2024-01-11 12:00:00+09:00,1010.0,1011.0,1007.0,1008.0,88000,0.0,0.0
2024-01-11 13:00:00+09:00,1008.0,1012.0,1008.0,1011.0,8300,0.0,0.0
2024-01-11 14:00:00+09:00,1012.0,1013.0,1011.0,1011.0,10200,0.0,0.0
2024-01-12 09:00:00+09:00,1012.0,1014.0,1001.0,1001.0,0,0.0,0.0
2024-01-12 10:00:00+09:00,1001.0,1002.0,995.0,995.0,18500,0.0,0.0
2024-01-12 11:00:00+09:00,997.0,1000.0,996.0,997.0,0,0.0,0.0
2024-01-12 12:00:00+09:00,997.0,997.0,996.0,997.0,50300,0.0,0.0
2024-01-12 13:00:00+09:00,997.0,997.0,995.0,995.0,7200,0.0,0.0
2024-01-12 14:00:00+09:00,994.0,996.0,993.0,993.0,11000,0.0,0.0
2024-01-15 09:00:00+09:00,990.0,995.0,984.0,995.0,0,0.0,0.0
2024-01-15 10:00:00+09:00,995.0,998.0,995.0,996.0,25100,0.0,0.0
2024-01-15 11:00:00+09:00,997.0,998.0,995.0,996.0,0,0.0,0.0
2024-01-15 12:00:00+09:00,998.0,999.0,997.0,997.0,0,0.0,0.0
2024-01-15 13:00:00+09:00,997.0,997.0,994.0,996.0,40800,0.0,0.0
2024-01-15 14:00:00+09:00,996.0,996.0,992.0,993.0,16200,0.0,0.0
2024-01-16 09:00:00+09:00,992.0,994.0,983.0,983.0,9300,0.0,0.0
2024-01-16 10:00:00+09:00,982.0,983.0,980.0,983.0,4400,0.0,0.0
2024-01-16 11:00:00+09:00,984.0,986.0,984.0,985.0,0,0.0,0.0
2024-01-16 12:00:00+09:00,982.0,985.0,982.0,983.0,18100,0.0,0.0
2024-01-16 13:00:00+09:00,983.0,984.0,981.0,983.0,5800,0.0,0.0
2024-01-16 14:00:00+09:00,982.0,985.0,981.0,981.0,8200,0.0,0.0
2024-01-17 09:00:00+09:00,983.0,987.0,980.0,980.0,8300,0.0,0.0
2024-01-17 10:00:00+09:00,980.0,982.0,974.0,976.0,11100,0.0,0.0
2024-01-17 11:00:00+09:00,977.0,980.0,975.0,976.0,0,0.0,0.0
2024-01-17 12:00:00+09:00,978.0,978.0,968.0,968.0,31800,0.0,0.0
2024-01-17 13:00:00+09:00,968.0,969.0,965.0,969.0,3300,0.0,0.0
2024-01-17 14:00:00+09:00,968.0,971.0,964.0,964.0,12500,0.0,0.0
2024-01-18 09:00:00+09:00,958.0,962.0,957.0,961.0,9300,0.0,0.0
2024-01-18 10:00:00+09:00,960.0,966.0,959.0,966.0,4800,0.0,0.0
2024-01-18 11:00:00+09:00,964.0,969.0,964.0,967.0,0,0.0,0.0
2024-01-18 12:00:00+09:00,968.0,971.0,967.0,971.0,20600,0.0,0.0
2024-01-18 13:00:00+09:00,970.0,970.0,966.0,966.0,3900,0.0,0.0
2024-01-18 14:00:00+09:00,966.0,971.0,963.0,963.0,9000,0.0,0.0
2024-01-19 09:00:00+09:00,964.0,967.0,962.0,963.0,10100,0.0,0.0
2024-01-19 10:00:00+09:00,963.0,970.0,963.0,969.0,5200,0.0,0.0
2024-01-19 11:00:00+09:00,970.0,970.0,969.0,969.0,0,0.0,0.0
2024-01-19 12:00:00+09:00,969.0,969.0,964.0,967.0,24600,0.0,0.0
2024-01-19 13:00:00+09:00,966.0,966.0,962.0,962.0,3100,0.0,0.0
2024-01-19 14:00:00+09:00,964.0,966.0,963.0,964.0,5500,0.0,0.0
2024-01-22 09:00:00+09:00,965.0,974.0,965.0,972.0,0,0.0,0.0
2024-01-22 10:00:00+09:00,972.0,974.0,971.0,972.0,11700,0.0,0.0
2024-01-22 11:00:00+09:00,972.0,973.0,970.0,971.0,0,0.0,0.0
2024-01-22 12:00:00+09:00,971.0,976.0,971.0,975.0,19800,0.0,0.0
2024-01-22 13:00:00+09:00,974.0,976.0,972.0,972.0,5000,0.0,0.0
2024-01-22 14:00:00+09:00,974.0,977.0,973.0,977.0,5800,0.0,0.0
2024-01-23 09:00:00+09:00,978.0,980.0,973.0,974.0,8300,0.0,0.0
2024-01-23 10:00:00+09:00,973.0,974.0,972.0,973.0,7300,0.0,0.0
2024-01-23 11:00:00+09:00,974.0,975.0,973.0,975.0,0,0.0,0.0
2024-01-23 12:00:00+09:00,975.0,977.0,969.0,969.0,24300,0.0,0.0
2024-01-23 13:00:00+09:00,970.0,974.0,969.0,973.0,6200,0.0,0.0
2024-01-23 14:00:00+09:00,973.0,975.0,969.0,973.0,18500,0.0,0.0
2024-01-24 09:00:00+09:00,970.0,976.0,967.0,970.0,13500,0.0,0.0
2024-01-24 10:00:00+09:00,969.0,969.0,966.0,969.0,7900,0.0,0.0
2024-01-24 11:00:00+09:00,969.0,971.0,969.0,970.0,0,0.0,0.0
2024-01-24 12:00:00+09:00,970.0,970.0,967.0,969.0,28900,0.0,0.0
2024-01-24 13:00:00+09:00,968.0,969.0,967.0,968.0,4400,0.0,0.0
2024-01-24 14:00:00+09:00,967.0,968.0,965.0,966.0,16100,0.0,0.0
2024-01-25 09:00:00+09:00,968.0,983.0,965.0,982.0,28000,0.0,0.0
2024-01-25 10:00:00+09:00,984.0,985.0,982.0,984.0,9700,0.0,0.0
2024-01-25 11:00:00+09:00,984.0,988.0,984.0,988.0,0,0.0,0.0
2024-01-25 12:00:00+09:00,989.0,989.0,986.0,986.0,47200,0.0,0.0
2024-01-25 13:00:00+09:00,987.0,992.0,986.0,991.0,10900,0.0,0.0
2024-01-25 14:00:00+09:00,991.0,995.0,991.0,995.0,10600,0.0,0.0
2024-01-26 09:00:00+09:00,992.0,992.0,986.0,987.0,0,0.0,0.0
2024-01-26 10:00:00+09:00,987.0,992.0,986.0,992.0,17900,0.0,0.0
2024-01-26 11:00:00+09:00,993.0,993.0,991.0,991.0,0,0.0,0.0
2024-01-26 12:00:00+09:00,990.0,992.0,988.0,990.0,23200,0.0,0.0
2024-01-26 13:00:00+09:00,990.0,990.0,984.0,984.0,6200,0.0,0.0
2024-01-26 14:00:00+09:00,984.0,988.0,984.0,984.0,5700,0.0,0.0
2024-01-29 09:00:00+09:00,990.0,991.0,987.0,988.0,6600,0.0,0.0
2024-01-29 10:00:00+09:00,987.0,993.0,987.0,991.0,7400,0.0,0.0
2024-01-29 11:00:00+09:00,992.0,994.0,992.0,994.0,0,0.0,0.0
2024-01-29 12:00:00+09:00,995.0,995.0,993.0,995.0,19800,0.0,0.0
2024-01-29 13:00:00+09:00,993.0,995.0,993.0,994.0,3800,0.0,0.0
2024-01-29 14:00:00+09:00,994.0,994.0,992.0,994.0,5700,0.0,0.0
2024-01-30 09:00:00+09:00,996.0,997.0,991.0,993.0,9400,0.0,0.0
2024-01-30 10:00:00+09:00,993.0,994.0,989.0,989.0,6900,0.0,0.0
2024-01-30 11:00:00+09:00,989.0,991.0,989.0,989.0,0,0.0,0.0
2024-01-30 12:00:00+09:00,989.0,992.0,989.0,992.0,22700,0.0,0.0
2024-01-30 13:00:00+09:00,992.0,994.0,992.0,992.0,2700,0.0,0.0
2024-01-30 14:00:00+09:00,993.0,993.0,985.0,985.0,6300,0.0,0.0
2024-01-31 09:00:00+09:00,988.0,988.0,977.0,979.0,11900,0.0,0.0
2024-01-31 10:00:00+09:00,980.0,982.0,978.0,982.0,3600,0.0,0.0
2024-01-31 11:00:00+09:00,982.0,982.0,980.0,980.0,0,0.0,0.0
2024-01-31 12:00:00+09:00,980.0,983.0,980.0,982.0,18700,0.0,0.0
2024-01-31 13:00:00+09:00,981.0,983.0,976.0,979.0,0,0.0,0.0
2024-01-31 14:00:00+09:00,979.0,981.0,977.0,981.0,60900,0.0,0.0
2024-02-01 09:00:00+09:00,979.0,980.0,965.0,966.0,16000,0.0,0.0
2024-02-01 10:00:00+09:00,966.0,973.0,966.0,973.0,6800,0.0,0.0
2024-02-01 11:00:00+09:00,971.0,973.0,971.0,972.0,0,0.0,0.0
2024-02-01 12:00:00+09:00,970.0,971.0,968.0,971.0,28700,0.0,0.0
2024-02-01 13:00:00+09:00,969.0,972.0,969.0,970.0,4200,0.0,0.0
2024-02-01 14:00:00+09:00,969.0,972.0,968.0,968.0,7400,0.0,0.0
2024-02-02 09:00:00+09:00,967.0,972.0,962.0,967.0,16700,0.0,0.0
2024-02-02 10:00:00+09:00,966.0,976.0,966.0,975.0,8200,0.0,0.0
2024-02-02 11:00:00+09:00,976.0,976.0,975.0,975.0,0,0.0,0.0
2024-02-02 12:00:00+09:00,975.0,977.0,973.0,977.0,31800,0.0,0.0
2024-02-02 13:00:00+09:00,976.0,981.0,975.0,977.0,12300,0.0,0.0
2024-02-02 14:00:00+09:00,979.0,981.0,976.0,976.0,4700,0.0,0.0
2024-02-05 09:00:00+09:00,988.0,988.0,978.0,982.0,13600,0.0,0.0
2024-02-05 10:00:00+09:00,982.0,986.0,982.0,984.0,6800,0.0,0.0
2024-02-05 11:00:00+09:00,985.0,986.0,983.0,984.0,0,0.0,0.0
2024-02-05 12:00:00+09:00,981.0,984.0,981.0,982.0,25600,0.0,0.0
2024-02-05 13:00:00+09:00,982.0,987.0,982.0,987.0,6500,0.0,0.0
2024-02-05 14:00:00+09:00,986.0,988.0,986.0,988.0,6500,0.0,0.0
2024-02-06 09:00:00+09:00,988.0,988.0,971.0,974.0,14200,0.0,0.0
2024-02-06 10:00:00+09:00,973.0,977.0,972.0,977.0,5900,0.0,0.0
2024-02-06 11:00:00+09:00,978.0,978.0,976.0,976.0,0,0.0,0.0
2024-02-06 12:00:00+09:00,975.0,976.0,971.0,973.0,27100,0.0,0.0
2024-02-06 13:00:00+09:00,973.0,975.0,972.0,973.0,7800,0.0,0.0
2024-02-06 14:00:00+09:00,973.0,974.0,969.0,970.0,8100,0.0,0.0
2024-02-07 09:00:00+09:00,968.0,976.0,968.0,975.0,9800,0.0,0.0
2024-02-07 10:00:00+09:00,975.0,978.0,975.0,976.0,9800,0.0,0.0
2024-02-07 11:00:00+09:00,974.0,976.0,974.0,976.0,0,0.0,0.0
2024-02-07 12:00:00+09:00,972.0,975.0,968.0,968.0,29800,0.0,0.0
2024-02-07 13:00:00+09:00,970.0,974.0,969.0,974.0,3700,0.0,0.0
2024-02-07 14:00:00+09:00,974.0,974.0,971.0,971.0,2900,0.0,0.0
2024-02-08 09:00:00+09:00,968.0,969.0,963.0,964.0,15700,0.0,0.0
2024-02-08 10:00:00+09:00,965.0,967.0,963.0,966.0,4400,0.0,0.0
2024-02-08 11:00:00+09:00,967.0,970.0,967.0,970.0,0,0.0,0.0
2024-02-08 12:00:00+09:00,971.0,975.0,970.0,975.0,27900,0.0,0.0
2024-02-08 13:00:00+09:00,973.0,976.0,972.0,974.0,7600,0.0,0.0
2024-02-08 14:00:00+09:00,974.0,976.0,969.0,973.0,10800,0.0,0.0
2024-02-09 09:00:00+09:00,964.0,968.0,963.0,966.0,10600,0.0,0.0
2024-02-09 10:00:00+09:00,967.0,969.0,966.0,967.0,8100,0.0,0.0
2024-02-09 11:00:00+09:00,968.0,968.0,965.0,966.0,0,0.0,0.0
2024-02-09 12:00:00+09:00,965.0,968.0,965.0,968.0,26700,0.0,0.0
2024-02-09 13:00:00+09:00,969.0,969.0,967.0,967.0,6400,0.0,0.0
2024-02-09 14:00:00+09:00,969.0,971.0,965.0,969.0,9800,0.0,0.0
2024-02-13 09:00:00+09:00,944.0,946.0,914.0,923.0,92400,0.0,0.0
2024-02-13 10:00:00+09:00,922.0,929.0,921.0,923.0,16800,0.0,0.0
2024-02-13 11:00:00+09:00,923.0,931.0,922.0,928.0,0,0.0,0.0
2024-02-13 12:00:00+09:00,932.0,933.0,928.0,932.0,135700,0.0,0.0
2024-02-13 13:00:00+09:00,931.0,931.0,927.0,927.0,15600,0.0,0.0
2024-02-13 14:00:00+09:00,926.0,926.0,921.0,922.0,27100,0.0,0.0
2024-02-14 09:00:00+09:00,919.0,922.0,909.0,912.0,46900,0.0,0.0
2024-02-14 10:00:00+09:00,910.0,912.0,906.0,906.0,13400,0.0,0.0
2024-02-14 11:00:00+09:00,907.0,908.0,906.0,906.0,0,0.0,0.0
2024-02-14 12:00:00+09:00,906.0,911.0,906.0,911.0,69900,0.0,0.0
2024-02-14 13:00:00+09:00,911.0,912.0,909.0,912.0,7300,0.0,0.0
2024-02-14 14:00:00+09:00,911.0,914.0,910.0,910.0,11400,0.0,0.0
2024-02-15 09:00:00+09:00,918.0,918.0,908.0,908.0,9200,0.0,0.0
2024-02-15 10:00:00+09:00,908.0,913.0,906.0,910.0,10700,0.0,0.0
2024-02-15 11:00:00+09:00,911.0,916.0,911.0,914.0,0,0.0,0.0
2024-02-15 12:00:00+09:00,918.0,918.0,915.0,918.0,33500,0.0,0.0
2024-02-15 13:00:00+09:00,916.0,919.0,916.0,919.0,5700,0.0,0.0
2024-02-15 14:00:00+09:00,918.0,919.0,915.0,916.0,11300,0.0,0.0
2024-02-16 09:00:00+09:00,913.0,916.0,911.0,912.0,21400,0.0,0.0
2024-02-16 10:00:00+09:00,912.0,915.0,910.0,912.0,8700,0.0,0.0
2024-02-16 11:00:00+09:00,911.0,914.0,911.0,913.0,0,0.0,0.0
2024-02-16 12:00:00+09:00,913.0,920.0,913.0,920.0,43900,0.0,0.0
2024-02-16 13:00:00+09:00,919.0,920.0,916.0,917.0,9600,0.0,0.0
2024-02-16 14:00:00+09:00,917.0,918.0,915.0,916.0,9100,0.0,0.0
2024-02-19 09:00:00+09:00,917.0,920.0,913.0,913.0,14700,0.0,0.0
2024-02-19 10:00:00+09:00,915.0,916.0,913.0,913.0,7500,0.0,0.0
2024-02-19 11:00:00+09:00,913.0,921.0,913.0,921.0,0,0.0,0.0
2024-02-19 12:00:00+09:00,921.0,923.0,921.0,923.0,32500,0.0,0.0
2024-02-19 13:00:00+09:00,923.0,927.0,923.0,927.0,0,0.0,0.0
2024-02-19 14:00:00+09:00,926.0,927.0,925.0,925.0,45300,0.0,0.0
2024-02-20 09:00:00+09:00,922.0,928.0,922.0,928.0,11500,0.0,0.0
2024-02-20 10:00:00+09:00,927.0,930.0,926.0,929.0,3800,0.0,0.0
2024-02-20 11:00:00+09:00,929.0,930.0,929.0,930.0,0,0.0,0.0
2024-02-20 12:00:00+09:00,927.0,928.0,924.0,926.0,19200,0.0,0.0
2024-02-20 13:00:00+09:00,926.0,926.0,924.0,926.0,2200,0.0,0.0
2024-02-20 14:00:00+09:00,927.0,927.0,925.0,926.0,4800,0.0,0.0
2024-02-21 09:00:00+09:00,930.0,930.0,921.0,923.0,10700,0.0,0.0
2024-02-21 10:00:00+09:00,924.0,924.0,921.0,922.0,3700,0.0,0.0
2024-02-21 11:00:00+09:00,921.0,922.0,920.0,922.0,0,0.0,0.0
2024-02-21 12:00:00+09:00,921.0,923.0,918.0,918.0,25000,0.0,0.0
2024-02-21 13:00:00+09:00,920.0,923.0,919.0,921.0,3600,0.0,0.0
2024-02-21 14:00:00+09:00,922.0,923.0,921.0,921.0,3700,0.0,0.0
2024-02-22 09:00:00+09:00,929.0,931.0,925.0,927.0,14900,0.0,0.0
2024-02-22 10:00:00+09:00,926.0,927.0,924.0,925.0,0,0.0,0.0
2024-02-22 11:00:00+09:00,925.0,928.0,925.0,927.0,0,0.0,0.0
2024-02-22 12:00:00+09:00,927.0,929.0,925.0,928.0,28900,0.0,0.0
2024-02-22 13:00:00+09:00,927.0,928.0,926.0,927.0,4300,0.0,0.0
2024-02-22 14:00:00+09:00,927.0,928.0,923.0,926.0,8300,0.0,0.0
2024-02-26 09:00:00+09:00,936.0,936.0,929.0,933.0,12600,0.0,0.0
2024-02-26 10:00:00+09:00,933.0,936.0,932.0,935.0,6400,0.0,0.0
2024-02-26 11:00:00+09:00,936.0,937.0,935.0,936.0,0,0.0,0.0
2024-02-26 12:00:00+09:00,937.0,937.0,933.0,934.0,26500,0.0,0.0
2024-02-26 13:00:00+09:00,933.0,936.0,932.0,932.0,3000,0.0,0.0
2024-02-26 14:00:00+09:00,932.0,932.0,930.0,930.0,6700,0.0,0.0
2024-02-27 09:00:00+09:00,931.0,934.0,929.0,934.0,8400,0.0,0.0
2024-02-27 10:00:00+09:00,934.0,937.0,933.0,937.0,4800,0.0,0.0
2024-02-27 11:00:00+09:00,937.0,938.0,937.0,937.0,0,0.0,0.0
2024-02-27 12:00:00+09:00,933.0,936.0,933.0,935.0,18100,0.0,0.0
2024-02-27 13:00:00+09:00,936.0,936.0,934.0,936.0,3200,0.0,0.0
2024-02-27 14:00:00+09:00,936.0,936.0,934.0,935.0,3300,0.0,0.0
2024-02-28 09:00:00+09:00,935.0,945.0,935.0,941.0,24200,0.0,0.0
2024-02-28 10:00:00+09:00,943.0,943.0,939.0,939.0,5900,0.0,0.0
2024-02-28 11:00:00+09:00,943.0,946.0,942.0,944.0,0,0.0,0.0
2024-02-28 12:00:00+09:00,940.0,947.0,940.0,947.0,49900,0.0,0.0
2024-02-28 13:00:00+09:00,947.0,948.0,945.0,947.0,4100,0.0,0.0
2024-02-28 14:00:00+09:00,946.0,947.0,943.0,946.0,9800,0.0,0.0
2024-02-29 09:00:00+09:00,946.0,949.0,937.0,938.0,15500,0.0,0.0
2024-02-29 10:00:00+09:00,938.0,939.0,935.0,938.0,0,0.0,0.0
2024-02-29 11:00:00+09:00,937.0,938.0,935.0,935.0,0,0.0,0.0
2024-02-29 12:00:00+09:00,935.0,935.0,932.0,935.0,35800,0.0,0.0
2024-02-29 13:00:00+09:00,934.0,938.0,934.0,938.0,4900,0.0,0.0
2024-02-29 14:00:00+09:00,938.0,940.0,937.0,938.0,6100,0.0,0.0
2024-03-01 09:00:00+09:00,938.0,939.0,933.0,939.0,6800,0.0,0.0
2024-03-01 10:00:00+09:00,938.0,939.0,933.0,933.0,7300,0.0,0.0
2024-03-01 11:00:00+09:00,935.0,936.0,933.0,933.0,0,0.0,0.0
2024-03-01 12:00:00+09:00,936.0,938.0,935.0,937.0,18300,0.0,0.0
2024-03-01 13:00:00+09:00,936.0,938.0,935.0,937.0,2500,0.0,0.0
2024-03-01 14:00:00+09:00,937.0,938.0,933.0,937.0,6300,0.0,0.0
2024-03-04 09:00:00+09:00,935.0,936.0,931.0,933.0,12200,0.0,0.0
2024-03-04 10:00:00+09:00,933.0,935.0,930.0,930.0,9500,0.0,0.0
2024-03-04 11:00:00+09:00,929.0,929.0,927.0,929.0,0,0.0,0.0
2024-03-04 12:00:00+09:00,925.0,930.0,925.0,928.0,34500,0.0,0.0
2024-03-04 13:00:00+09:00,928.0,929.0,925.0,927.0,9200,0.0,0.0
2024-03-04 14:00:00+09:00,926.0,927.0,924.0,925.0,7200,0.0,0.0
2024-03-05 09:00:00+09:00,929.0,931.0,923.0,928.0,0,0.0,0.0
2024-03-05 10:00:00+09:00,929.0,934.0,929.0,933.0,17800,0.0,0.0
2024-03-05 11:00:00+09:00,933.0,935.0,931.0,935.0,0,0.0,0.0
2024-03-05 12:00:00+09:00,937.0,937.0,931.0,933.0,28900,0.0,0.0
2024-03-05 13:00:00+09:00,933.0,936.0,932.0,935.0,5900,0.0,0.0
2024-03-05 14:00:00+09:00,936.0,936.0,931.0,931.0,6800,0.0,0.0
2024-03-06 09:00:00+09:00,931.0,946.0,931.0,944.0,16700,0.0,0.0
2024-03-06 10:00:00+09:00,943.0,944.0,942.0,944.0,3600,0.0,0.0
2024-03-06 11:00:00+09:00,944.0,944.0,940.0,944.0,0,0.0,0.0
2024-03-06 12:00:00+09:00,947.0,947.0,942.0,947.0,30000,0.0,0.0
2024-03-06 13:00:00+09:00,948.0,949.0,947.0,949.0,4500,0.0,0.0
2024-03-06 14:00:00+09:00,948.0,949.0,946.0,947.0,6400,0.0,0.0
2024-03-07 09:00:00+09:00,954.0,957.0,950.0,953.0,13700,0.0,0.0
2024-03-07 10:00:00+09:00,951.0,954.0,949.0,953.0,13000,0.0,0.0
2024-03-07 11:00:00+09:00,951.0,951.0,948.0,949.0,0,0.0,0.0
2024-03-07 12:00:00+09:00,949.0,952.0,947.0,948.0,32900,0.0,0.0
2024-03-07 13:00:00+09:00,948.0,948.0,945.0,947.0,4300,0.0,0.0
2024-03-07 14:00:00+09:00,947.0,948.0,944.0,944.0,4000,0.0,0.0
2024-03-08 09:00:00+09:00,941.0,948.0,941.0,948.0,22600,0.0,0.0
2024-03-08 10:00:00+09:00,948.0,952.0,948.0,951.0,9500,0.0,0.0
2024-03-08 11:00:00+09:00,951.0,955.0,951.0,953.0,0,0.0,0.0
2024-03-08 12:00:00+09:00,953.0,956.0,951.0,955.0,47700,0.0,0.0
2024-03-08 13:00:00+09:00,954.0,955.0,953.0,953.0,3100,0.0,0.0
2024-03-08 14:00:00+09:00,953.0,954.0,952.0,954.0,4000,0.0,0.0
2024-03-11 09:00:00+09:00,946.0,946.0,938.0,938.0,8000,0.0,0.0
2024-03-11 10:00:00+09:00,938.0,939.0,936.0,938.0,3700,0.0,0.0
2024-03-11 11:00:00+09:00,938.0,938.0,937.0,937.0,0,0.0,0.0
2024-03-11 12:00:00+09:00,937.0,937.0,932.0,932.0,17700,0.0,0.0
2024-03-11 13:00:00+09:00,932.0,932.0,925.0,925.0,10700,0.0,0.0
2024-03-11 14:00:00+09:00,925.0,931.0,923.0,931.0,14100,0.0,0.0
2024-03-12 09:00:00+09:00,931.0,931.0,925.0,926.0,0,0.0,0.0
2024-03-12 10:00:00+09:00,925.0,925.0,923.0,923.0,9300,0.0,0.0
2024-03-12 11:00:00+09:00,923.0,926.0,922.0,926.0,0,0.0,0.0
2024-03-12 12:00:00+09:00,926.0,931.0,924.0,929.0,15800,0.0,0.0
2024-03-12 13:00:00+09:00,931.0,933.0,931.0,931.0,1100,0.0,0.0
2024-03-12 14:00:00+09:00,931.0,936.0,931.0,934.0,7600,0.0,0.0
2024-03-13 09:00:00+09:00,934.0,940.0,930.0,930.0,9100,0.0,0.0
2024-03-13 10:00:00+09:00,931.0,932.0,927.0,927.0,2200,0.0,0.0
2024-03-13 11:00:00+09:00,929.0,930.0,926.0,929.0,0,0.0,0.0
2024-03-13 12:00:00+09:00,926.0,926.0,922.0,923.0,19800,0.0,0.0
2024-03-13 13:00:00+09:00,923.0,930.0,922.0,927.0,9200,0.0,0.0
2024-03-13 14:00:00+09:00,929.0,931.0,927.0,928.0,7800,0.0,0.0
2024-03-14 09:00:00+09:00,935.0,935.0,928.0,932.0,4600,0.0,0.0
2024-03-14 10:00:00+09:00,933.0,935.0,932.0,933.0,3800,0.0,0.0
2024-03-14 11:00:00+09:00,933.0,936.0,932.0,936.0,0,0.0,0.0
2024-03-14 12:00:00+09:00,937.0,937.0,936.0,937.0,15900,0.0,0.0
2024-03-14 13:00:00+09:00,937.0,939.0,937.0,939.0,4600,0.0,0.0
2024-03-14 14:00:00+09:00,940.0,942.0,936.0,941.0,10700,0.0,0.0
2024-03-15 09:00:00+09:00,943.0,947.0,943.0,944.0,10300,0.0,0.0
2024-03-15 10:00:00+09:00,945.0,949.0,942.0,948.0,7300,0.0,0.0
2024-03-15 11:00:00+09:00,947.0,949.0,947.0,949.0,0,0.0,0.0
2024-03-15 12:00:00+09:00,948.0,949.0,948.0,949.0,18800,0.0,0.0
2024-03-15 13:00:00+09:00,948.0,949.0,944.0,944.0,3400,0.0,0.0
2024-03-15 14:00:00+09:00,946.0,947.0,944.0,944.0,6100,0.0,0.0
2024-03-18 09:00:00+09:00,954.0,954.0,947.0,947.0,6000,0.0,0.0
2024-03-18 10:00:00+09:00,948.0,950.0,948.0,950.0,2000,0.0,0.0
2024-03-18 11:00:00+09:00,951.0,951.0,949.0,950.0,0,0.0,0.0
2024-03-18 12:00:00+09:00,951.0,952.0,948.0,952.0,14000,0.0,0.0
2024-03-18 13:00:00+09:00,953.0,953.0,950.0,950.0,1500,0.0,0.0
2024-03-18 14:00:00+09:00,953.0,955.0,952.0,954.0,4500,0.0,0.0
2024-03-19 09:00:00+09:00,954.0,956.0,951.0,956.0,5300,0.0,0.0
2024-03-19 10:00:00+09:00,954.0,956.0,951.0,951.0,3600,0.0,0.0
2024-03-19 11:00:00+09:00,953.0,956.0,953.0,956.0,0,0.0,0.0
2024-03-19 12:00:00+09:00,955.0,958.0,954.0,957.0,18500,0.0,0.0
2024-03-19 13:00:00+09:00,957.0,958.0,954.0,957.0,0,0.0,0.0
2024-03-19 14:00:00+09:00,957.0,958.0,956.0,957.0,26900,0.0,0.0
2024-03-21 09:00:00+09:00,964.0,966.0,959.0,963.0,13900,0.0,0.0
2024-03-21 10:00:00+09:00,962.0,962.0,959.0,962.0,3100,0.0,0.0
2024-03-21 11:00:00+09:00,960.0,961.0,960.0,960.0,0,0.0,0.0
2024-03-21 12:00:00+09:00,960.0,962.0,959.0,962.0,24700,0.0,0.0
2024-03-21 13:00:00+09:00,962.0,965.0,962.0,963.0,4000,0.0,0.0
2024-03-21 14:00:00+09:00,964.0,964.0,962.0,962.0,5500,0.0,0.0
2024-03-22 09:00:00+09:00,966.0,966.0,958.0,963.0,13300,0.0,0.0
2024-03-22 10:00:00+09:00,963.0,966.0,963.0,964.0,3400,0.0,0.0
2024-03-22 11:00:00+09:00,964.0,965.0,963.0,964.0,0,0.0,0.0
2024-03-22 12:00:00+09:00,961.0,964.0,961.0,963.0,20400,0.0,0.0
2024-03-22 13:00:00+09:00,964.0,965.0,961.0,962.0,5200,0.0,0.0
2024-03-22 14:00:00+09:00,964.0,965.0,963.0,964.0,4200,0.0,0.0
2024-03-25 09:00:00+09:00,965.0,966.0,959.0,964.0,0,0.0,0.0
2024-03-25 10:00:00+09:00,964.0,965.0,958.0,958.0,4600,0.0,0.0
2024-03-25 11:00:00+09:00,958.0,959.0,957.0,958.0,0,0.0,0.0
2024-03-25 12:00:00+09:00,958.0,960.0,958.0,959.0,22300,0.0,0.0
2024-03-25 13:00:00+09:00,958.0,959.0,957.0,957.0,400,0.0,0.0
2024-03-25 14:00:00+09:00,958.0,958.0,955.0,955.0,5400,0.0,0.0
2024-03-26 09:00:00+09:00,957.0,957.0,948.0,949.0,8500,0.0,0.0
2024-03-26 10:00:00+09:00,948.0,952.0,947.0,950.0,7300,0.0,0.0
2024-03-26 11:00:00+09:00,950.0,950.0,948.0,950.0,0,0.0,0.0
2024-03-26 12:00:00+09:00,948.0,950.0,948.0,948.0,22600,0.0,0.0
2024-03-26 13:00:00+09:00,948.0,949.0,947.0,948.0,4500,0.0,0.0
2024-03-26 14:00:00+09:00,948.0,951.0,948.0,949.0,7400,0.0,0.0
2024-03-27 09:00:00+09:00,957.0,962.0,955.0,960.0,8600,0.0,0.0
2024-03-27 10:00:00+09:00,961.0,962.0,960.0,962.0,4000,0.0,0.0
2024-03-27 11:00:00+09:00,962.0,963.0,962.0,963.0,0,0.0,0.0
2024-03-27 12:00:00+09:00,963.0,965.0,963.0,964.0,18500,0.0,0.0
2024-03-27 13:00:00+09:00,964.0,966.0,964.0,966.0,4100,0.0,0.0
2024-03-27 14:00:00+09:00,966.0,967.0,962.0,964.0,10500,0.0,0.0
2024-03-28 09:00:00+09:00,958.0,961.0,953.0,956.0,8100,0.0,0.0
2024-03-28 10:00:00+09:00,955.0,957.0,954.0,954.0,3900,0.0,0.0
2024-03-28 11:00:00+09:00,953.0,953.0,951.0,952.0,0,0.0,0.0
2024-03-28 12:00:00+09:00,947.0,951.0,947.0,950.0,29800,0.0,0.0
2024-03-28 13:00:00+09:00,950.0,951.0,948.0,948.0,5300,0.0,0.0
2024-03-28 14:00:00+09:00,948.0,950.0,946.0,950.0,7600,0.0,0.0
2024-03-29 09:00:00+09:00,953.0,956.0,950.0,951.0,5300,0.0,0.0
2024-03-29 10:00:00+09:00,951.0,957.0,951.0,957.0,2900,0.0,0.0
2024-03-29 11:00:00+09:00,958.0,959.0,957.0,958.0,0,0.0,0.0
2024-03-29 12:00:00+09:00,958.0,961.0,958.0,961.0,13900,0.0,0.0
2024-03-29 13:00:00+09:00,961.0,963.0,960.0,963.0,3900,0.0,0.0
2024-03-29 14:00:00+09:00,963.0,963.0,958.0,962.0,6900,0.0,0.0
2024-04-01 09:00:00+09:00,962.0,965.0,960.0,962.0,15000,0.0,0.0
2024-04-01 10:00:00+09:00,961.0,961.0,954.0,954.0,8600,0.0,0.0
2024-04-01 11:00:00+09:00,954.0,954.0,951.0,951.0,0,0.0,0.0
2024-04-01 12:00:00+09:00,950.0,954.0,947.0,954.0,34100,0.0,0.0
2024-04-01 13:00:00+09:00,954.0,955.0,952.0,955.0,1800,0.0,0.0
2024-04-01 14:00:00+09:00,954.0,954.0,950.0,951.0,6900,0.0,0.0
2024-04-02 09:00:00+09:00,951.0,953.0,948.0,948.0,4100,0.0,0.0
2024-04-02 10:00:00+09:00,947.0,947.0,944.0,946.0,7100,0.0,0.0
2024-04-02 11:00:00+09:00,946.0,948.0,946.0,946.0,0,0.0,0.0
2024-04-02 12:00:00+09:00,950.0,950.0,946.0,947.0,16100,0.0,0.0
2024-04-02 13:00:00+09:00,947.0,948.0,946.0,947.0,3700,0.0,0.0
2024-04-02 14:00:00+09:00,946.0,947.0,944.0,945.0,5700,0.0,0.0
2024-04-03 09:00:00+09:00,942.0,951.0,939.0,951.0,10100,0.0,0.0
2024-04-03 10:00:00+09:00,952.0,952.0,948.0,950.0,3300,0.0,0.0
2024-04-03 11:00:00+09:00,947.0,949.0,946.0,949.0,0,0.0,0.0
2024-04-03 12:00:00+09:00,950.0,960.0,950.0,959.0,29400,0.0,0.0
2024-04-03 13:00:00+09:00,958.0,958.0,956.0,958.0,2000,0.0,0.0
2024-04-03 14:00:00+09:00,957.0,957.0,950.0,951.0,7100,0.0,0.0
2024-04-04 09:00:00+09:00,959.0,962.0,956.0,959.0,7400,0.0,0.0
2024-04-04 10:00:00+09:00,958.0,962.0,958.0,962.0,2900,0.0,0.0
2024-04-04 11:00:00+09:00,961.0,963.0,960.0,963.0,0,0.0,0.0
2024-04-04 12:00:00+09:00,961.0,962.0,960.0,961.0,22500,0.0,0.0
2024-04-04 13:00:00+09:00,962.0,964.0,959.0,959.0,7300,0.0,0.0
2024-04-04 14:00:00+09:00,959.0,960.0,955.0,960.0,4800,0.0,0.0
2024-04-05 09:00:00+09:00,956.0,956.0,950.0,955.0,7200,0.0,0.0
2024-04-05 10:00:00+09:00,953.0,955.0,947.0,950.0,13100,0.0,0.0
2024-04-05 11:00:00+09:00,949.0,949.0,947.0,947.0,0,0.0,0.0
2024-04-05 12:00:00+09:00,945.0,955.0,945.0,955.0,29100,0.0,0.0
2024-04-05 13:00:00+09:00,954.0,958.0,954.0,955.0,5000,0.0,0.0
2024-04-05 14:00:00+09:00,955.0,958.0,954.0,958.0,2900,0.0,0.0
2024-04-08 09:00:00+09:00,956.0,959.0,955.0,958.0,4100,0.0,0.0
2024-04-08 10:00:00+09:00,959.0,962.0,959.0,960.0,2600,0.0,0.0
2024-04-08 11:00:00+09:00,961.0,961.0,961.0,961.0,0,0.0,0.0
2024-04-08 12:00:00+09:00,960.0,960.0,950.0,957.0,21100,0.0,0.0
2024-04-08 13:00:00+09:00,958.0,959.0,956.0,957.0,2900,0.0,0.0
2024-04-08 14:00:00+09:00,958.0,964.0,957.0,964.0,6100,0.0,0.0
2024-04-09 09:00:00+09:00,964.0,964.0,959.0,962.0,3700,0.0,0.0
2024-04-09 10:00:00+09:00,963.0,964.0,961.0,962.0,1400,0.0,0.0
2024-04-09 11:00:00+09:00,962.0,962.0,962.0,962.0,0,0.0,0.0
2024-04-09 12:00:00+09:00,964.0,966.0,964.0,965.0,10400,0.0,0.0
2024-04-09 13:00:00+09:00,965.0,966.0,961.0,964.0,6000,0.0,0.0
2024-04-09 14:00:00+09:00,964.0,970.0,964.0,968.0,15700,0.0,0.0
2024-04-10 09:00:00+09:00,969.0,971.0,967.0,970.0,8000,0.0,0.0
2024-04-10 10:00:00+09:00,971.0,973.0,970.0,972.0,4300,0.0,0.0
2024-04-10 11:00:00+09:00,972.0,972.0,970.0,970.0,0,0.0,0.0
2024-04-10 12:00:00+09:00,972.0,977.0,972.0,974.0,24100,0.0,0.0
2024-04-10 13:00:00+09:00,973.0,973.0,970.0,971.0,2900,0.0,0.0
2024-04-10 14:00:00+09:00,971.0,972.0,966.0,966.0,3400,0.0,0.0
2024-04-11 09:00:00+09:00,962.0,965.0,959.0,963.0,5300,0.0,0.0
2024-04-11 10:00:00+09:00,965.0,966.0,963.0,963.0,4000,0.0,0.0
2024-04-11 11:00:00+09:00,965.0,966.0,965.0,966.0,0,0.0,0.0
2024-04-11 12:00:00+09:00,966.0,971.0,966.0,971.0,13200,0.0,0.0
2024-04-11 13:00:00+09:00,971.0,972.0,971.0,971.0,1300,0.0,0.0
2024-04-11 14:00:00+09:00,971.0,972.0,969.0,970.0,3000,0.0,0.0
2024-04-12 09:00:00+09:00,965.0,970.0,965.0,965.0,10600,0.0,0.0
2024-04-12 10:00:00+09:00,966.0,970.0,964.0,966.0,9200,0.0,0.0
2024-04-12 11:00:00+09:00,966.0,966.0,965.0,965.0,0,0.0,0.0
2024-04-12 12:00:00+09:00,966.0,966.0,965.0,965.0,21600,0.0,0.0
2024-04-12 13:00:00+09:00,966.0,966.0,965.0,965.0,2300,0.0,0.0
2024-04-12 14:00:00+09:00,966.0,966.0,965.0,966.0,3300,0.0,0.0
2024-04-15 09:00:00+09:00,963.0,963.0,960.0,962.0,4900,0.0,0.0
2024-04-15 10:00:00+09:00,964.0,967.0,963.0,965.0,2800,0.0,0.0
2024-04-15 11:00:00+09:00,967.0,967.0,967.0,967.0,0,0.0,0.0
2024-04-15 12:00:00+09:00,968.0,968.0,968.0,968.0,8700,0.0,0.0
2024-04-15 13:00:00+09:00,967.0,969.0,966.0,967.0,1400,0.0,0.0
2024-04-15 14:00:00+09:00,967.0,968.0,966.0,967.0,5600,0.0,0.0
2024-04-16 09:00:00+09:00,960.0,960.0,950.0,956.0,0,0.0,0.0
2024-04-16 10:00:00+09:00,954.0,956.0,952.0,953.0,13600,0.0,0.0
2024-04-16 11:00:00+09:00,952.0,954.0,951.0,953.0,0,0.0,0.0
2024-04-16 12:00:00+09:00,952.0,952.0,947.0,948.0,22100,0.0,0.0
2024-04-16 13:00:00+09:00,951.0,953.0,947.0,953.0,5100,0.0,0.0
2024-04-16 14:00:00+09:00,952.0,959.0,952.0,952.0,11700,0.0,0.0
2024-04-17 09:00:00+09:00,953.0,953.0,938.0,942.0,13600,0.0,0.0
2024-04-17 10:00:00+09:00,940.0,941.0,937.0,941.0,3400,0.0,0.0
2024-04-17 11:00:00+09:00,942.0,944.0,942.0,943.0,0,0.0,0.0
2024-04-17 12:00:00+09:00,947.0,950.0,943.0,950.0,24900,0.0,0.0
2024-04-17 13:00:00+09:00,949.0,949.0,946.0,949.0,2600,0.0,0.0
2024-04-17 14:00:00+09:00,948.0,951.0,942.0,942.0,4500,0.0,0.0
2024-04-18 09:00:00+09:00,935.0,946.0,935.0,944.0,5600,0.0,0.0
2024-04-18 10:00:00+09:00,945.0,951.0,945.0,949.0,4200,0.0,0.0
2024-04-18 11:00:00+09:00,951.0,952.0,949.0,949.0,0,0.0,0.0
2024-04-18 12:00:00+09:00,951.0,953.0,951.0,951.0,15800,0.0,0.0
2024-04-18 13:00:00+09:00,951.0,953.0,950.0,952.0,2400,0.0,0.0
2024-04-18 14:00:00+09:00,950.0,953.0,947.0,953.0,7100,0.0,0.0
2024-04-19 09:00:00+09:00,942.0,948.0,941.0,944.0,2800,0.0,0.0
2024-04-19 10:00:00+09:00,942.0,942.0,928.0,931.0,10200,0.0,0.0
2024-04-19 11:00:00+09:00,930.0,930.0,925.0,926.0,0,0.0,0.0
2024-04-19 12:00:00+09:00,927.0,934.0,927.0,931.0,23700,0.0,0.0
2024-04-19 13:00:00+09:00,931.0,933.0,929.0,933.0,10600,0.0,0.0
2024-04-19 14:00:00+09:00,932.0,934.0,930.0,931.0,6700,0.0,0.0
2024-04-22 09:00:00+09:00,942.0,942.0,931.0,934.0,8600,0.0,0.0
2024-04-22 10:00:00+09:00,932.0,934.0,931.0,932.0,3500,0.0,0.0
2024-04-22 11:00:00+09:00,933.0,935.0,933.0,935.0,0,0.0,0.0
2024-04-22 12:00:00+09:00,950.0,950.0,935.0,938.0,22400,0.0,0.0
2024-04-22 13:00:00+09:00,936.0,940.0,936.0,940.0,2400,0.0,0.0
2024-04-22 14:00:00+09:00,938.0,940.0,937.0,938.0,5100,0.0,0.0
2024-04-23 09:00:00+09:00,946.0,946.0,940.0,945.0,4700,0.0,0.0
2024-04-23 10:00:00+09:00,946.0,946.0,938.0,938.0,5900,0.0,0.0
2024-04-23 11:00:00+09:00,939.0,940.0,939.0,940.0,0,0.0,0.0
2024-04-23 12:00:00+09:00,942.0,946.0,942.0,942.0,14000,0.0,0.0
2024-04-23 13:00:00+09:00,941.0,941.0,940.0,941.0,2500,0.0,0.0
2024-04-23 14:00:00+09:00,942.0,942.0,940.0,940.0,1300,0.0,0.0
2024-04-24 09:00:00+09:00,940.0,942.0,938.0,939.0,7200,0.0,0.0
2024-04-24 10:00:00+09:00,939.0,939.0,935.0,936.0,5900,0.0,0.0
2024-04-24 11:00:00+09:00,936.0,936.0,935.0,935.0,0,0.0,0.0
2024-04-24 12:00:00+09:00,937.0,941.0,936.0,940.0,18700,0.0,0.0
2024-04-24 13:00:00+09:00,939.0,940.0,937.0,940.0,5400,0.0,0.0
2024-04-24 14:00:00+09:00,940.0,942.0,939.0,940.0,5400,0.0,0.0
2024-04-25 09:00:00+09:00,941.0,941.0,937.0,940.0,5600,0.0,0.0
2024-04-25 10:00:00+09:00,938.0,938.0,934.0,936.0,5000,0.0,0.0
2024-04-25 11:00:00+09:00,935.0,936.0,935.0,935.0,0,0.0,0.0
2024-04-25 12:00:00+09:00,935.0,938.0,935.0,935.0,14900,0.0,0.0
2024-04-25 13:00:00+09:00,935.0,935.0,933.0,934.0,2200,0.0,0.0
2024-04-25 14:00:00+09:00,933.0,934.0,931.0,931.0,5100,0.0,0.0
2024-04-26 09:00:00+09:00,936.0,936.0,922.0,922.0,11600,0.0,0.0
2024-04-26 10:00:00+09:00,925.0,928.0,925.0,926.0,3000,0.0,0.0
2024-04-26 11:00:00+09:00,928.0,930.0,926.0,930.0,0,0.0,0.0
2024-04-26 12:00:00+09:00,931.0,936.0,931.0,936.0,21000,0.0,0.0
2024-04-26 13:00:00+09:00,936.0,937.0,935.0,935.0,1800,0.0,0.0
2024-04-26 14:00:00+09:00,935.0,939.0,935.0,938.0,4900,0.0,0.0
2024-04-30 09:00:00+09:00,946.0,946.0,941.0,946.0,5400,0.0,0.0
2024-04-30 10:00:00+09:00,947.0,949.0,946.0,949.0,6400,0.0,0.0
2024-04-30 11:00:00+09:00,949.0,950.0,949.0,950.0,0,0.0,0.0
2024-04-30 12:00:00+09:00,949.0,952.0,948.0,950.0,20100,0.0,0.0
2024-04-30 13:00:00+09:00,949.0,949.0,946.0,946.0,1500,0.0,0.0
2024-04-30 14:00:00+09:00,947.0,950.0,946.0,950.0,4400,0.0,0.0
2024-05-01 09:00:00+09:00,912.0,918.0,906.0,909.0,67600,0.0,0.0
2024-05-01 10:00:00+09:00,909.0,914.0,907.0,912.0,13100,0.0,0.0
2024-05-01 11:00:00+09:00,912.0,914.0,910.0,911.0,0,0.0,0.0
2024-05-01 12:00:00+09:00,910.0,915.0,910.0,914.0,96500,0.0,0.0
2024-05-01 13:00:00+09:00,914.0,914.0,909.0,911.0,7900,0.0,0.0
2024-05-01 14:00:00+09:00,911.0,911.0,909.0,910.0,16000,0.0,0.0
2024-05-02 09:00:00+09:00,911.0,911.0,903.0,905.0,29400,0.0,0.0
2024-05-02 10:00:00+09:00,905.0,905.0,901.0,904.0,9900,0.0,0.0
2024-05-02 11:00:00+09:00,903.0,903.0,900.0,900.0,0,0.0,0.0
2024-05-02 12:00:00+09:00,900.0,904.0,900.0,903.0,88000,0.0,0.0
2024-05-02 13:00:00+09:00,902.0,907.0,902.0,906.0,5100,0.0,0.0
2024-05-02 14:00:00+09:00,907.0,907.0,904.0,904.0,4600,0.0,0.0
2024-05-07 09:00:00+09:00,908.0,911.0,907.0,908.0,11700,0.0,0.0
2024-05-07 10:00:00+09:00,908.0,912.0,907.0,908.0,5100,0.0,0.0
2024-05-07 11:00:00+09:00,908.0,909.0,905.0,908.0,0,0.0,0.0
2024-05-07 12:00:00+09:00,904.0,908.0,904.0,907.0,23100,0.0,0.0
2024-05-07 13:00:00+09:00,909.0,911.0,907.0,910.0,4200,0.0,0.0
2024-05-07 14:00:00+09:00,910.0,910.0,908.0,909.0,3100,0.0,0.0
2024-05-08 09:00:00+09:00,910.0,912.0,909.0,910.0,0,0.0,0.0
2024-05-08 10:00:00+09:00,910.0,910.0,908.0,908.0,11500,0.0,0.0
2024-05-08 11:00:00+09:00,909.0,909.0,906.0,906.0,0,0.0,0.0
2024-05-08 12:00:00+09:00,908.0,909.0,908.0,909.0,13900,0.0,0.0
2024-05-08 13:00:00+09:00,908.0,909.0,907.0,909.0,3300,0.0,0.0
2024-05-08 14:00:00+09:00,909.0,909.0,906.0,906.0,2900,0.0,0.0
2024-05-09 09:00:00+09:00,905.0,907.0,902.0,904.0,0,0.0,0.0
2024-05-09 10:00:00+09:00,904.0,911.0,904.0,911.0,26900,0.0,0.0
2024-05-09 11:00:00+09:00,910.0,912.0,910.0,912.0,0,0.0,0.0
2024-05-09 12:00:00+09:00,910.0,913.0,910.0,912.0,33200,0.0,0.0
2024-05-09 13:00:00+09:00,913.0,913.0,911.0,911.0,6600,0.0,0.0
2024-05-09 14:00:00+09:00,912.0,913.0,910.0,910.0,4800,0.0,0.0
2024-05-10 09:00:00+09:00,914.0,914.0,907.0,911.0,8700,0.0,0.0
2024-05-10 10:00:00+09:00,912.0,912.0,908.0,911.0,6300,0.0,0.0
2024-05-10 11:00:00+09:00,908.0,908.0,908.0,908.0,0,0.0,0.0
2024-05-10 12:00:00+09:00,909.0,909.0,907.0,909.0,17900,0.0,0.0
2024-05-10 13:00:00+09:00,909.0,910.0,907.0,909.0,2000,0.0,0.0
2024-05-10 14:00:00+09:00,907.0,909.0,906.0,908.0,4700,0.0,0.0
2024-05-13 09:00:00+09:00,910.0,913.0,903.0,906.0,7400,0.0,0.0
2024-05-13 10:00:00+09:00,904.0,905.0,902.0,903.0,10400,0.0,0.0
2024-05-13 11:00:00+09:00,903.0,905.0,903.0,905.0,0,0.0,0.0
2024-05-13 12:00:00+09:00,906.0,911.0,906.0,910.0,22900,0.0,0.0
2024-05-13 13:00:00+09:00,910.0,910.0,908.0,909.0,0,0.0,0.0
2024-05-13 14:00:00+09:00,910.0,911.0,906.0,906.0,35800,0.0,0.0
2024-05-14 09:00:00+09:00,901.0,906.0,896.0,900.0,37700,0.0,0.0
2024-05-14 10:00:00+09:00,901.0,901.0,892.0,894.0,21200,0.0,0.0
2024-05-14 11:00:00+09:00,895.0,896.0,890.0,890.0,0,0.0,0.0
2024-05-14 12:00:00+09:00,890.0,892.0,888.0,892.0,82500,0.0,0.0
2024-05-14 13:00:00+09:00,893.0,894.0,891.0,891.0,7600,0.0,0.0
2024-05-14 14:00:00+09:00,891.0,893.0,891.0,892.0,6200,0.0,0.0
2024-05-15 09:00:00+09:00,894.0,894.0,888.0,888.0,23300,0.0,0.0
2024-05-15 10:00:00+09:00,888.0,888.0,887.0,888.0,6900,0.0,0.0
2024-05-15 11:00:00+09:00,887.0,888.0,886.0,887.0,0,0.0,0.0
2024-05-15 12:00:00+09:00,887.0,889.0,886.0,887.0,38300,0.0,0.0
2024-05-15 13:00:00+09:00,887.0,887.0,885.0,885.0,9100,0.0,0.0
2024-05-15 14:00:00+09:00,886.0,887.0,886.0,887.0,4600,0.0,0.0
2024-05-16 09:00:00+09:00,885.0,885.0,874.0,876.0,0,0.0,0.0
2024-05-16 10:00:00+09:00,876.0,876.0,872.0,872.0,39200,0.0,0.0
2024-05-16 11:00:00+09:00,872.0,872.0,871.0,871.0,0,0.0,0.0
2024-05-16 12:00:00+09:00,872.0,874.0,871.0,873.0,46500,0.0,0.0
2024-05-16 13:00:00+09:00,873.0,874.0,872.0,873.0,4500,0.0,0.0
2024-05-16 14:00:00+09:00,873.0,874.0,870.0,872.0,15800,0.0,0.0
2024-05-17 09:00:00+09:00,867.0,873.0,865.0,872.0,20500,0.0,0.0
2024-05-17 10:00:00+09:00,871.0,874.0,871.0,871.0,5300,0.0,0.0
2024-05-17 11:00:00+09:00,871.0,871.0,869.0,869.0,0,0.0,0.0
2024-05-17 12:00:00+09:00,869.0,872.0,868.0,871.0,32900,0.0,0.0
2024-05-17 13:00:00+09:00,870.0,871.0,870.0,870.0,1800,0.0,0.0
2024-05-17 14:00:00+09:00,870.0,871.0,868.0,868.0,6000,0.0,0.0
2024-05-20 09:00:00+09:00,870.0,880.0,870.0,880.0,8800,0.0,0.0
2024-05-20 10:00:00+09:00,881.0,886.0,881.0,884.0,5800,0.0,0.0
2024-05-20 11:00:00+09:00,884.0,886.0,884.0,885.0,0,0.0,0.0
2024-05-20 12:00:00+09:00,883.0,885.0,883.0,884.0,19800,0.0,0.0
2024-05-20 13:00:00+09:00,884.0,886.0,884.0,884.0,4000,0.0,0.0
2024-05-20 14:00:00+09:00,884.0,884.0,882.0,884.0,2300,0.0,0.0
2024-05-21 09:00:00+09:00,888.0,888.0,881.0,881.0,8100,0.0,0.0
2024-05-21 10:00:00+09:00,880.0,880.0,878.0,879.0,5600,0.0,0.0
2024-05-21 11:00:00+09:00,878.0,879.0,878.0,879.0,0,0.0,0.0
2024-05-21 12:00:00+09:00,880.0,884.0,880.0,883.0,21600,0.0,0.0
2024-05-21 13:00:00+09:00,883.0,885.0,881.0,881.0,8400,0.0,0.0
2024-05-21 14:00:00+09:00,881.0,881.0,879.0,879.0,4900,0.0,0.0
2024-05-22 09:00:00+09:00,880.0,881.0,875.0,879.0,7800,0.0,0.0
2024-05-22 10:00:00+09:00,879.0,879.0,873.0,873.0,5500,0.0,0.0
2024-05-22 11:00:00+09:00,874.0,875.0,874.0,875.0,0,0.0,0.0
2024-05-22 12:00:00+09:00,876.0,878.0,876.0,878.0,17200,0.0,0.0
2024-05-22 13:00:00+09:00,879.0,879.0,877.0,877.0,2300,0.0,0.0
2024-05-22 14:00:00+09:00,877.0,878.0,875.0,875.0,3200,0.0,0.0
2024-05-23 09:00:00+09:00,870.0,872.0,864.0,869.0,19600,0.0,0.0
2024-05-23 10:00:00+09:00,869.0,871.0,868.0,871.0,900,0.0,0.0
2024-05-23 11:00:00+09:00,871.0,872.0,871.0,872.0,0,0.0,0.0
2024-05-23 12:00:00+09:00,875.0,876.0,875.0,875.0,22300,0.0,0.0
2024-05-23 13:00:00+09:00,874.0,875.0,873.0,874.0,3100,0.0,0.0
2024-05-23 14:00:00+09:00,873.0,876.0,873.0,876.0,3300,0.0,0.0
2024-05-24 09:00:00+09:00,868.0,868.0,862.0,867.0,12600,0.0,0.0
2024-05-24 10:00:00+09:00,867.0,868.0,865.0,868.0,4000,0.0,0.0
2024-05-24 11:00:00+09:00,867.0,867.0,867.0,867.0,0,0.0,0.0
2024-05-24 12:00:00+09:00,866.0,872.0,866.0,870.0,19300,0.0,0.0
2024-05-24 13:00:00+09:00,871.0,871.0,870.0,870.0,300,0.0,0.0
2024-05-24 14:00:00+09:00,870.0,870.0,866.0,866.0,5200,0.0,0.0
2024-05-27 09:00:00+09:00,865.0,865.0,858.0,861.0,20700,0.0,0.0
2024-05-27 10:00:00+09:00,861.0,861.0,859.0,860.0,2900,0.0,0.0
2024-05-27 11:00:00+09:00,859.0,859.0,858.0,859.0,0,0.0,0.0
2024-05-27 12:00:00+09:00,859.0,859.0,857.0,858.0,27800,0.0,0.0
2024-05-27 13:00:00+09:00,858.0,860.0,858.0,860.0,3200,0.0,0.0
2024-05-27 14:00:00+09:00,860.0,862.0,860.0,862.0,2300,0.0,0.0
2024-05-28 09:00:00+09:00,863.0,870.0,863.0,869.0,8100,0.0,0.0
2024-05-28 10:00:00+09:00,868.0,869.0,867.0,869.0,2900,0.0,0.0
2024-05-28 11:00:00+09:00,867.0,867.0,867.0,867.0,0,0.0,0.0
2024-05-28 12:00:00+09:00,868.0,868.0,864.0,864.0,15200,0.0,0.0
2024-05-28 13:00:00+09:00,863.0,863.0,862.0,862.0,800,0.0,0.0
2024-05-28 14:00:00+09:00,862.0,863.0,861.0,861.0,4800,0.0,0.0
2024-05-29 09:00:00+09:00,860.0,860.0,857.0,857.0,5300,0.0,0.0
2024-05-29 10:00:00+09:00,857.0,857.0,848.0,849.0,20200,0.0,0.0
2024-05-29 11:00:00+09:00,849.0,851.0,848.0,851.0,0,0.0,0.0
2024-05-29 12:00:00+09:00,850.0,852.0,850.0,850.0,38700,0.0,0.0
2024-05-29 13:00:00+09:00,850.0,851.0,847.0,847.0,4500,0.0,0.0
2024-05-29 14:00:00+09:00,848.0,849.0,844.0,844.0,11000,0.0,0.0
2024-05-30 09:00:00+09:00,840.0,840.0,832.0,832.0,14800,0.0,0.0
2024-05-30 10:00:00+09:00,832.0,840.0,832.0,838.0,0,0.0,0.0
2024-05-30 11:00:00+09:00,838.0,838.0,837.0,837.0,0,0.0,0.0
2024-05-30 12:00:00+09:00,844.0,846.0,839.0,844.0,26700,0.0,0.0
2024-05-30 13:00:00+09:00,845.0,847.0,845.0,846.0,2700,0.0,0.0
2024-05-30 14:00:00+09:00,846.0,850.0,843.0,850.0,5900,0.0,0.0
2024-05-31 09:00:00+09:00,851.0,857.0,851.0,852.0,8000,0.0,0.0
2024-05-31 10:00:00+09:00,852.0,852.0,850.0,852.0,2300,0.0,0.0
2024-05-31 11:00:00+09:00,850.0,851.0,850.0,850.0,0,0.0,0.0
2024-05-31 12:00:00+09:00,851.0,853.0,851.0,853.0,13000,0.0,0.0
2024-05-31 13:00:00+09:00,853.0,857.0,850.0,857.0,4700,0.0,0.0
2024-05-31 14:00:00+09:00,855.0,862.0,854.0,862.0,7800,0.0,0.0
2024-06-03 09:00:00+09:00,858.0,863.0,857.0,861.0,0,0.0,0.0
2024-06-03 10:00:00+09:00,861.0,862.0,858.0,858.0,6800,0.0,0.0
2024-06-03 11:00:00+09:00,858.0,858.0,858.0,858.0,0,0.0,0.0
2024-06-03 12:00:00+09:00,858.0,859.0,858.0,859.0,7900,0.0,0.0
2024-06-03 13:00:00+09:00,859.0,859.0,858.0,858.0,1400,0.0,0.0
2024-06-03 14:00:00+09:00,859.0,862.0,859.0,862.0,2000,0.0,0.0
2024-06-04 09:00:00+09:00,860.0,863.0,859.0,861.0,5100,0.0,0.0
2024-06-04 10:00:00+09:00,858.0,859.0,858.0,858.0,1300,0.0,0.0
2024-06-04 11:00:00+09:00,858.0,859.0,857.0,858.0,0,0.0,0.0
2024-06-04 12:00:00+09:00,857.0,862.0,857.0,862.0,16000,0.0,0.0
2024-06-04 13:00:00+09:00,863.0,863.0,860.0,861.0,4300,0.0,0.0
2024-06-04 14:00:00+09:00,861.0,861.0,859.0,860.0,2700,0.0,0.0
2024-06-05 09:00:00+09:00,857.0,857.0,848.0,849.0,7600,0.0,0.0
2024-06-05 10:00:00+09:00,850.0,851.0,847.0,848.0,6900,0.0,0.0
2024-06-05 11:00:00+09:00,849.0,849.0,848.0,848.0,0,0.0,0.0
2024-06-05 12:00:00+09:00,848.0,853.0,848.0,851.0,20100,0.0,0.0
2024-06-05 13:00:00+09:00,851.0,851.0,849.0,849.0,1900,0.0,0.0
2024-06-05 14:00:00+09:00,850.0,850.0,848.0,848.0,2200,0.0,0.0
2024-06-06 09:00:00+09:00,855.0,855.0,843.0,843.0,3800,0.0,0.0
2024-06-06 10:00:00+09:00,843.0,846.0,839.0,843.0,16400,0.0,0.0
2024-06-06 11:00:00+09:00,844.0,844.0,843.0,843.0,0,0.0,0.0
2024-06-06 12:00:00+09:00,841.0,842.0,841.0,841.0,23100,0.0,0.0
2024-06-06 13:00:00+09:00,840.0,840.0,840.0,840.0,1100,0.0,0.0
2024-06-06 14:00:00+09:00,839.0,841.0,839.0,841.0,3800,0.0,0.0
2024-06-07 09:00:00+09:00,838.0,840.0,837.0,838.0,6100,0.0,0.0
2024-06-07 10:00:00+09:00,837.0,837.0,835.0,835.0,2200,0.0,0.0
2024-06-07 11:00:00+09:00,836.0,837.0,836.0,837.0,0,0.0,0.0
2024-06-07 12:00:00+09:00,837.0,837.0,835.0,835.0,10800,0.0,0.0
2024-06-07 13:00:00+09:00,835.0,835.0,835.0,835.0,200,0.0,0.0
2024-06-07 14:00:00+09:00,836.0,839.0,834.0,834.0,10300,0.0,0.0
2024-06-10 09:00:00+09:00,833.0,833.0,830.0,832.0,17800,0.0,0.0
2024-06-10 10:00:00+09:00,831.0,832.0,829.0,830.0,10300,0.0,0.0
2024-06-10 11:00:00+09:00,830.0,831.0,829.0,830.0,0,0.0,0.0
2024-06-10 12:00:00+09:00,830.0,832.0,830.0,830.0,37800,0.0,0.0
2024-06-10 13:00:00+09:00,830.0,832.0,829.0,831.0,7800,0.0,0.0
2024-06-10 14:00:00+09:00,832.0,832.0,830.0,830.0,5500,0.0,0.0
2024-06-11 09:00:00+09:00,835.0,838.0,834.0,836.0,14400,0.0,0.0
2024-06-11 10:00:00+09:00,836.0,836.0,832.0,832.0,8400,0.0,0.0
2024-06-11 11:00:00+09:00,831.0,831.0,831.0,831.0,0,0.0,0.0
2024-06-11 12:00:00+09:00,831.0,834.0,831.0,834.0,29000,0.0,0.0
2024-06-11 13:00:00+09:00,833.0,834.0,831.0,831.0,9400,0.0,0.0
2024-06-11 14:00:00+09:00,831.0,832.0,830.0,830.0,4800,0.0,0.0
2024-06-12 09:00:00+09:00,830.0,830.0,824.0,826.0,18000,0.0,0.0
2024-06-12 10:00:00+09:00,825.0,825.0,822.0,822.0,7700,0.0,0.0
2024-06-12 11:00:00+09:00,821.0,821.0,820.0,821.0,0,0.0,0.0
2024-06-12 12:00:00+09:00,821.0,823.0,820.0,823.0,36100,0.0,0.0
2024-06-12 13:00:00+09:00,823.0,823.0,822.0,822.0,5500,0.0,0.0
2024-06-12 14:00:00+09:00,822.0,822.0,821.0,821.0,8600,0.0,0.0
2024-06-13 09:00:00+09:00,821.0,822.0,808.0,811.0,0,0.0,0.0
2024-06-13 10:00:00+09:00,812.0,814.0,809.0,809.0,59900,0.0,0.0
2024-06-13 11:00:00+09:00,809.0,810.0,808.0,809.0,0,0.0,0.0
2024-06-13 12:00:00+09:00,809.0,809.0,806.0,808.0,77500,0.0,0.0
2024-06-13 13:00:00+09:00,808.0,809.0,807.0,808.0,8600,0.0,0.0
2024-06-13 14:00:00+09:00,808.0,808.0,804.0,804.0,12700,0.0,0.0
2024-06-14 09:00:00+09:00,800.0,811.0,800.0,808.0,48000,0.0,0.0
2024-06-14 10:00:00+09:00,808.0,814.0,807.0,813.0,12800,0.0,0.0
2024-06-14 11:00:00+09:00,813.0,817.0,812.0,815.0,0,0.0,0.0
2024-06-14 12:00:00+09:00,816.0,819.0,815.0,817.0,72500,0.0,0.0
2024-06-14 13:00:00+09:00,816.0,817.0,814.0,814.0,8700,0.0,0.0
2024-06-14 14:00:00+09:00,814.0,816.0,814.0,815.0,9900,0.0,0.0
2024-06-17 09:00:00+09:00,817.0,817.0,796.0,796.0,0,0.0,0.0
2024-06-17 10:00:00+09:00,796.0,796.0,789.0,793.0,27300,0.0,0.0
2024-06-17 11:00:00+09:00,794.0,797.0,794.0,796.0,0,0.0,0.0
2024-06-17 12:00:00+09:00,796.0,799.0,795.0,795.0,80600,0.0,0.0
2024-06-17 13:00:00+09:00,795.0,796.0,794.0,795.0,4200,0.0,0.0
2024-06-17 14:00:00+09:00,795.0,799.0,795.0,797.0,5300,0.0,0.0
2024-06-18 09:00:00+09:00,805.0,811.0,802.0,806.0,0,0.0,0.0
2024-06-18 10:00:00+09:00,806.0,808.0,790.0,801.0,68000,0.0,0.0
2024-06-18 11:00:00+09:00,801.0,806.0,801.0,806.0,0,0.0,0.0
2024-06-18 12:00:00+09:00,802.0,808.0,802.0,806.0,95600,0.0,0.0
2024-06-18 13:00:00+09:00,806.0,807.0,803.0,806.0,15700,0.0,0.0
2024-06-18 14:00:00+09:00,806.0,809.0,805.0,808.0,17300,0.0,0.0
2024-06-19 09:00:00+09:00,810.0,824.0,807.0,824.0,18600,0.0,0.0
2024-06-19 10:00:00+09:00,823.0,835.0,823.0,831.0,18500,0.0,0.0
2024-06-19 11:00:00+09:00,832.0,834.0,832.0,832.0,0,0.0,0.0
2024-06-19 12:00:00+09:00,830.0,831.0,830.0,831.0,46500,0.0,0.0
2024-06-19 13:00:00+09:00,832.0,832.0,830.0,830.0,3100,0.0,0.0
2024-06-19 14:00:00+09:00,830.0,832.0,829.0,830.0,5700,0.0,0.0
2024-06-20 09:00:00+09:00,835.0,835.0,821.0,823.0,20500,0.0,0.0
2024-06-20 10:00:00+09:00,824.0,824.0,818.0,820.0,18500,0.0,0.0
2024-06-20 11:00:00+09:00,819.0,824.0,819.0,824.0,0,0.0,0.0
2024-06-20 12:00:00+09:00,824.0,824.0,823.0,823.0,43000,0.0,0.0
2024-06-20 13:00:00+09:00,824.0,829.0,823.0,829.0,5200,0.0,0.0
2024-06-20 14:00:00+09:00,829.0,830.0,828.0,829.0,3000,0.0,0.0
2024-06-21 09:00:00+09:00,834.0,839.0,832.0,834.0,15200,0.0,0.0
2024-06-21 10:00:00+09:00,834.0,834.0,830.0,831.0,6600,0.0,0.0
2024-06-21 11:00:00+09:00,832.0,832.0,832.0,832.0,0,0.0,0.0
2024-06-21 12:00:00+09:00,831.0,833.0,831.0,833.0,28600,0.0,0.0
2024-06-21 13:00:00+09:00,832.0,833.0,830.0,832.0,3700,0.0,0.0
2024-06-21 14:00:00+09:00,833.0,833.0,822.0,822.0,14100,0.0,0.0
2024-06-24 09:00:00+09:00,823.0,826.0,818.0,824.0,16300,0.0,0.0
2024-06-24 10:00:00+09:00,823.0,823.0,820.0,822.0,5900,0.0,0.0
2024-06-24 11:00:00+09:00,822.0,822.0,821.0,822.0,0,0.0,0.0
2024-06-24 12:00:00+09:00,823.0,827.0,823.0,826.0,28800,0.0,0.0
2024-06-24 13:00:00+09:00,827.0,828.0,826.0,828.0,5100,0.0,0.0
2024-06-24 14:00:00+09:00,829.0,829.0,828.0,828.0,6200,0.0,0.0
2024-06-25 09:00:00+09:00,834.0,845.0,831.0,840.0,0,0.0,0.0
2024-06-25 10:00:00+09:00,841.0,843.0,841.0,842.0,46400,0.0,0.0
2024-06-25 11:00:00+09:00,842.0,843.0,842.0,842.0,0,0.0,0.0
2024-06-25 12:00:00+09:00,842.0,842.0,838.0,840.0,53800,0.0,0.0
2024-06-25 13:00:00+09:00,839.0,839.0,838.0,838.0,3800,0.0,0.0
2024-06-25 14:00:00+09:00,839.0,840.0,837.0,840.0,7000,0.0,0.0
2024-06-26 09:00:00+09:00,838.0,839.0,836.0,839.0,8200,0.0,0.0
2024-06-26 10:00:00+09:00,839.0,842.0,839.0,842.0,5500,0.0,0.0
2024-06-26 11:00:00+09:00,840.0,841.0,840.0,841.0,0,0.0,0.0
2024-06-26 12:00:00+09:00,844.0,844.0,840.0,841.0,18200,0.0,0.0
2024-06-26 13:00:00+09:00,840.0,841.0,838.0,838.0,2500,0.0,0.0
2024-06-26 14:00:00+09:00,839.0,840.0,837.0,839.0,7300,0.0,0.0
2024-06-27 09:00:00+09:00,839.0,843.0,838.0,843.0,15300,0.0,0.0
2024-06-27 10:00:00+09:00,843.0,847.0,843.0,844.0,9200,0.0,0.0
2024-06-27 11:00:00+09:00,844.0,845.0,844.0,845.0,0,0.0,0.0
2024-06-27 12:00:00+09:00,847.0,847.0,846.0,847.0,28900,0.0,0.0
2024-06-27 13:00:00+09:00,847.0,848.0,845.0,845.0,5100,0.0,0.0
2024-06-27 14:00:00+09:00,846.0,846.0,843.0,843.0,5700,0.0,0.0
2024-06-28 09:00:00+09:00,849.0,849.0,841.0,842.0,5500,0.0,0.0
2024-06-28 10:00:00+09:00,841.0,842.0,840.0,842.0,5000,0.0,0.0
2024-06-28 11:00:00+09:00,842.0,843.0,842.0,843.0,0,0.0,0.0
2024-06-28 12:00:00+09:00,841.0,844.0,841.0,842.0,13000,0.0,0.0
2024-06-28 13:00:00+09:00,842.0,844.0,842.0,843.0,3400,0.0,0.0
2024-06-28 14:00:00+09:00,843.0,843.0,841.0,843.0,4600,0.0,0.0
2024-07-01 09:00:00+09:00,850.0,860.0,850.0,856.0,22700,0.0,0.0
2024-07-01 10:00:00+09:00,856.0,862.0,856.0,857.0,22200,0.0,0.0
2024-07-01 11:00:00+09:00,857.0,859.0,857.0,859.0,0,0.0,0.0
2024-07-01 12:00:00+09:00,860.0,862.0,860.0,862.0,52900,0.0,0.0
2024-07-01 13:00:00+09:00,862.0,862.0,859.0,861.0,3000,0.0,0.0
2024-07-01 14:00:00+09:00,861.0,861.0,858.0,860.0,9100,0.0,0.0
2024-07-02 09:00:00+09:00,868.0,868.0,860.0,866.0,12600,0.0,0.0
2024-07-02 10:00:00+09:00,866.0,871.0,866.0,868.0,12000,0.0,0.0
2024-07-02 11:00:00+09:00,869.0,870.0,867.0,870.0,0,0.0,0.0
2024-07-02 12:00:00+09:00,869.0,869.0,867.0,869.0,33600,0.0,0.0
2024-07-02 13:00:00+09:00,868.0,870.0,866.0,866.0,11200,0.0,0.0
2024-07-02 14:00:00+09:00,867.0,868.0,864.0,868.0,6300,0.0,0.0
2024-07-03 09:00:00+09:00,866.0,867.0,863.0,863.0,13300,0.0,0.0
2024-07-03 10:00:00+09:00,864.0,866.0,864.0,866.0,4700,0.0,0.0
2024-07-03 11:00:00+09:00,867.0,869.0,866.0,869.0,0,0.0,0.0
2024-07-03 12:00:00+09:00,870.0,870.0,868.0,869.0,29600,0.0,0.0
2024-07-03 13:00:00+09:00,869.0,869.0,865.0,865.0,6100,0.0,0.0
2024-07-03 14:00:00+09:00,866.0,866.0,862.0,862.0,5900,0.0,0.0
2024-07-04 09:00:00+09:00,863.0,866.0,863.0,863.0,7800,0.0,0.0
2024-07-04 10:00:00+09:00,863.0,866.0,862.0,866.0,6200,0.0,0.0
2024-07-04 11:00:00+09:00,866.0,866.0,864.0,865.0,0,0.0,0.0
2024-07-04 12:00:00+09:00,865.0,874.0,865.0,874.0,25400,0.0,0.0
2024-07-04 13:00:00+09:00,873.0,876.0,872.0,876.0,7900,0.0,0.0
2024-07-04 14:00:00+09:00,876.0,877.0,870.0,870.0,16100,0.0,0.0
2024-07-05 09:00:00+09:00,876.0,876.0,867.0,868.0,6100,0.0,0.0
2024-07-05 10:00:00+09:00,866.0,867.0,864.0,866.0,7900,0.0,0.0
2024-07-05 11:00:00+09:00,865.0,867.0,865.0,865.0,0,0.0,0.0
2024-07-05 12:00:00+09:00,865.0,866.0,864.0,865.0,18300,0.0,0.0
2024-07-05 13:00:00+09:00,864.0,865.0,862.0,862.0,5400,0.0,0.0
2024-07-05 14:00:00+09:00,862.0,864.0,861.0,862.0,3900,0.0,0.0
2024-07-08 09:00:00+09:00,865.0,865.0,855.0,855.0,17100,0.0,0.0
2024-07-08 10:00:00+09:00,854.0,862.0,854.0,860.0,8200,0.0,0.0
2024-07-08 11:00:00+09:00,859.0,862.0,858.0,862.0,0,0.0,0.0
2024-07-08 12:00:00+09:00,861.0,863.0,860.0,861.0,31800,0.0,0.0
2024-07-08 13:00:00+09:00,862.0,862.0,860.0,861.0,2000,0.0,0.0
2024-07-08 14:00:00+09:00,860.0,860.0,858.0,858.0,4200,0.0,0.0
2024-07-09 09:00:00+09:00,860.0,867.0,856.0,856.0,0,0.0,0.0
2024-07-09 10:00:00+09:00,855.0,856.0,854.0,855.0,32800,0.0,0.0
2024-07-09 11:00:00+09:00,855.0,858.0,854.0,858.0,0,0.0,0.0
2024-07-09 12:00:00+09:00,858.0,858.0,853.0,855.0,40900,0.0,0.0
2024-07-09 13:00:00+09:00,855.0,858.0,855.0,858.0,2700,0.0,0.0
2024-07-09 14:00:00+09:00,857.0,859.0,853.0,853.0,17600,0.0,0.0
2024-07-10 09:00:00+09:00,853.0,857.0,848.0,850.0,0,0.0,0.0
2024-07-10 10:00:00+09:00,850.0,850.0,845.0,846.0,34500,0.0,0.0
2024-07-10 11:00:00+09:00,845.0,847.0,843.0,843.0,0,0.0,0.0
2024-07-10 12:00:00+09:00,844.0,844.0,842.0,844.0,42900,0.0,0.0
2024-07-10 13:00:00+09:00,842.0,842.0,841.0,841.0,1700,0.0,0.0
2024-07-10 14:00:00+09:00,842.0,844.0,841.0,842.0,9100,0.0,0.0
2024-07-11 09:00:00+09:00,850.0,862.0,849.0,858.0,41200,0.0,0.0
2024-07-11 10:00:00+09:00,857.0,868.0,853.0,867.0,30100,0.0,0.0
2024-07-11 11:00:00+09:00,865.0,868.0,865.0,867.0,0,0.0,0.0
2024-07-11 12:00:00+09:00,869.0,874.0,869.0,871.0,98800,0.0,0.0
2024-07-11 13:00:00+09:00,872.0,874.0,869.0,869.0,8000,0.0,0.0
2024-07-11 14:00:00+09:00,869.0,870.0,867.0,868.0,14600,0.0,0.0
2024-07-12 09:00:00+09:00,862.0,882.0,861.0,875.0,26700,0.0,0.0
2024-07-12 10:00:00+09:00,875.0,877.0,874.0,874.0,6000,0.0,0.0
2024-07-12 11:00:00+09:00,872.0,875.0,871.0,875.0,0,0.0,0.0
2024-07-12 12:00:00+09:00,875.0,875.0,873.0,874.0,37700,0.0,0.0
2024-07-12 13:00:00+09:00,875.0,875.0,874.0,875.0,0,0.0,0.0
2024-07-12 14:00:00+09:00,875.0,876.0,872.0,875.0,44200,0.0,0.0
2024-07-16 09:00:00+09:00,877.0,877.0,871.0,875.0,0,0.0,0.0
2024-07-16 10:00:00+09:00,874.0,874.0,872.0,873.0,7900,0.0,0.0
2024-07-16 11:00:00+09:00,873.0,873.0,872.0,872.0,0,0.0,0.0
2024-07-16 12:00:00+09:00,873.0,873.0,871.0,872.0,33000,0.0,0.0
2024-07-16 13:00:00+09:00,872.0,873.0,872.0,873.0,2100,0.0,0.0
2024-07-16 14:00:00+09:00,872.0,873.0,871.0,871.0,2800,0.0,0.0
2024-07-17 09:00:00+09:00,877.0,887.0,875.0,883.0,20200,0.0,0.0
2024-07-17 10:00:00+09:00,883.0,884.0,881.0,884.0,2900,0.0,0.0
2024-07-17 11:00:00+09:00,885.0,887.0,885.0,886.0,0,0.0,0.0
2024-07-17 12:00:00+09:00,887.0,887.0,881.0,883.0,29100,0.0,0.0
2024-07-17 13:00:00+09:00,883.0,884.0,882.0,883.0,1500,0.0,0.0
2024-07-17 14:00:00+09:00,884.0,886.0,884.0,886.0,4800,0.0,0.0
2024-07-18 09:00:00+09:00,882.0,890.0,882.0,886.0,12700,0.0,0.0
2024-07-18 10:00:00+09:00,885.0,889.0,885.0,886.0,3700,0.0,0.0
2024-07-18 11:00:00+09:00,886.0,887.0,886.0,886.0,0,0.0,0.0
2024-07-18 12:00:00+09:00,886.0,889.0,886.0,887.0,20700,0.0,0.0
2024-07-18 13:00:00+09:00,888.0,888.0,886.0,886.0,2300,0.0,0.0
2024-07-18 14:00:00+09:00,887.0,887.0,882.0,884.0,10300,0.0,0.0
2024-07-19 09:00:00+09:00,886.0,886.0,881.0,886.0,7600,0.0,0.0
2024-07-19 10:00:00+09:00,886.0,886.0,882.0,882.0,5900,0.0,0.0
2024-07-19 11:00:00+09:00,882.0,883.0,880.0,881.0,0,0.0,0.0
2024-07-19 12:00:00+09:00,881.0,881.0,878.0,879.0,24700,0.0,0.0
2024-07-19 13:00:00+09:00,879.0,879.0,873.0,877.0,12700,0.0,0.0
2024-07-19 14:00:00+09:00,878.0,880.0,877.0,877.0,5500,0.0,0.0
2024-07-22 09:00:00+09:00,888.0,888.0,873.0,873.0,0,0.0,0.0
2024-07-22 10:00:00+09:00,872.0,879.0,871.0,875.0,11400,0.0,0.0
2024-07-22 11:00:00+09:00,876.0,878.0,876.0,878.0,0,0.0,0.0
2024-07-22 12:00:00+09:00,880.0,880.0,876.0,876.0,32900,0.0,0.0
2024-07-22 13:00:00+09:00,875.0,876.0,874.0,876.0,4400,0.0,0.0
2024-07-22 14:00:00+09:00,875.0,875.0,872.0,872.0,6700,0.0,0.0
2024-07-23 09:00:00+09:00,876.0,886.0,876.0,880.0,17700,0.0,0.0
2024-07-23 10:00:00+09:00,880.0,882.0,879.0,881.0,2100,0.0,0.0
2024-07-23 11:00:00+09:00,880.0,881.0,880.0,880.0,0,0.0,0.0
2024-07-23 12:00:00+09:00,882.0,882.0,879.0,879.0,26400,0.0,0.0
2024-07-23 13:00:00+09:00,880.0,881.0,879.0,881.0,1800,0.0,0.0
2024-07-23 14:00:00+09:00,881.0,882.0,880.0,880.0,2000,0.0,0.0
2024-07-24 09:00:00+09:00,878.0,883.0,877.0,877.0,10600,0.0,0.0
2024-07-24 10:00:00+09:00,878.0,878.0,870.0,871.0,13300,0.0,0.0
2024-07-24 11:00:00+09:00,870.0,870.0,867.0,867.0,0,0.0,0.0
2024-07-24 12:00:00+09:00,867.0,870.0,867.0,868.0,36700,0.0,0.0
2024-07-24 13:00:00+09:00,867.0,867.0,859.0,860.0,0,0.0,0.0
2024-07-24 14:00:00+09:00,862.0,863.0,860.0,860.0,60700,0.0,0.0
2024-07-25 09:00:00+09:00,856.0,856.0,848.0,852.0,32300,0.0,0.0
2024-07-25 10:00:00+09:00,849.0,851.0,842.0,844.0,8700,0.0,0.0
2024-07-25 11:00:00+09:00,843.0,848.0,843.0,848.0,0,0.0,0.0
2024-07-25 12:00:00+09:00,847.0,847.0,845.0,845.0,48300,0.0,0.0
2024-07-25 13:00:00+09:00,847.0,849.0,843.0,846.0,10000,0.0,0.0
2024-07-25 14:00:00+09:00,845.0,847.0,843.0,843.0,5600,0.0,0.0
2024-07-26 09:00:00+09:00,843.0,849.0,843.0,847.0,12800,0.0,0.0
2024-07-26 10:00:00+09:00,850.0,850.0,847.0,850.0,5700,0.0,0.0
2024-07-26 11:00:00+09:00,848.0,855.0,848.0,855.0,0,0.0,0.0
2024-07-26 12:00:00+09:00,857.0,858.0,855.0,857.0,23800,0.0,0.0
2024-07-26 13:00:00+09:00,856.0,858.0,855.0,856.0,2100,0.0,0.0
2024-07-26 14:00:00+09:00,854.0,857.0,852.0,853.0,4600,0.0,0.0
2024-07-29 09:00:00+09:00,852.0,866.0,849.0,864.0,7700,0.0,0.0
2024-07-29 10:00:00+09:00,865.0,866.0,861.0,862.0,3200,0.0,0.0
2024-07-29 11:00:00+09:00,860.0,860.0,859.0,859.0,0,0.0,0.0
2024-07-29 12:00:00+09:00,863.0,864.0,856.0,858.0,20600,0.0,0.0
2024-07-29 13:00:00+09:00,860.0,862.0,860.0,861.0,2700,0.0,0.0
2024-07-29 14:00:00+09:00,861.0,863.0,861.0,863.0,6300,0.0,0.0
2024-07-30 09:00:00+09:00,858.0,859.0,849.0,852.0,13000,0.0,0.0
2024-07-30 10:00:00+09:00,851.0,851.0,846.0,848.0,6500,0.0,0.0
2024-07-30 11:00:00+09:00,848.0,851.0,848.0,850.0,0,0.0,0.0
2024-07-30 12:00:00+09:00,846.0,849.0,845.0,846.0,30500,0.0,0.0
2024-07-30 13:00:00+09:00,846.0,850.0,845.0,849.0,3500,0.0,0.0
2024-07-30 14:00:00+09:00,849.0,850.0,848.0,850.0,4000,0.0,0.0
2024-07-31 09:00:00+09:00,845.0,852.0,839.0,852.0,13000,0.0,0.0
2024-07-31 10:00:00+09:00,852.0,854.0,850.0,851.0,6100,0.0,0.0
2024-07-31 11:00:00+09:00,850.0,851.0,850.0,850.0,0,0.0,0.0
2024-07-31 12:00:00+09:00,850.0,852.0,848.0,850.0,22900,0.0,0.0
2024-07-31 13:00:00+09:00,851.0,853.0,850.0,853.0,4600,0.0,0.0
2024-07-31 14:00:00+09:00,854.0,864.0,854.0,864.0,9900,0.0,0.0
2024-08-01 09:00:00+09:00,852.0,852.0,839.0,839.0,15600,0.0,0.0
2024-08-01 10:00:00+09:00,838.0,838.0,827.0,828.0,10200,0.0,0.0
2024-08-01 11:00:00+09:00,828.0,831.0,826.0,831.0,0,0.0,0.0
2024-08-01 12:00:00+09:00,833.0,833.0,828.0,829.0,32900,0.0,0.0
2024-08-01 13:00:00+09:00,829.0,833.0,828.0,833.0,4900,0.0,0.0
2024-08-01 14:00:00+09:00,833.0,835.0,831.0,831.0,6800,0.0,0.0
2024-08-02 09:00:00+09:00,804.0,804.0,786.0,786.0,29700,0.0,0.0
2024-08-02 10:00:00+09:00,787.0,804.0,786.0,804.0,9700,0.0,0.0
2024-08-02 11:00:00+09:00,803.0,806.0,799.0,806.0,0,0.0,0.0
2024-08-02 12:00:00+09:00,806.0,806.0,797.0,798.0,53900,0.0,0.0
2024-08-02 13:00:00+09:00,799.0,801.0,795.0,796.0,7400,0.0,0.0
2024-08-02 14:00:00+09:00,796.0,796.0,787.0,788.0,12700,0.0,0.0
2024-08-05 09:00:00+09:00,738.0,741.0,725.0,737.0,40100,0.0,0.0
2024-08-05 10:00:00+09:00,738.0,739.0,729.0,731.0,16700,0.0,0.0
2024-08-05 11:00:00+09:00,732.0,742.0,732.0,740.0,0,0.0,0.0
2024-08-05 12:00:00+09:00,737.0,740.0,728.0,728.0,79000,0.0,0.0
2024-08-05 13:00:00+09:00,727.0,728.0,710.0,710.0,21200,0.0,0.0
2024-08-05 14:00:00+09:00,709.0,709.0,677.0,677.0,47400,0.0,0.0
2024-08-06 09:00:00+09:00,697.0,755.0,697.0,755.0,35100,0.0,0.0
2024-08-06 10:00:00+09:00,755.0,785.0,746.0,752.0,74400,0.0,0.0
2024-08-06 11:00:00+09:00,755.0,758.0,753.0,756.0,0,0.0,0.0
2024-08-06 12:00:00+09:00,757.0,765.0,757.0,765.0,115900,0.0,0.0
2024-08-06 13:00:00+09:00,765.0,766.0,754.0,754.0,11200,0.0,0.0
2024-08-06 14:00:00+09:00,753.0,764.0,745.0,749.0,19700,0.0,0.0
2024-08-07 09:00:00+09:00,740.0,767.0,740.0,766.0,12700,0.0,0.0
2024-08-07 10:00:00+09:00,763.0,782.0,759.0,780.0,9500,0.0,0.0
2024-08-07 11:00:00+09:00,780.0,784.0,778.0,783.0,0,0.0,0.0
2024-08-07 12:00:00+09:00,753.0,774.0,753.0,770.0,34300,0.0,0.0
2024-08-07 13:00:00+09:00,770.0,775.0,769.0,775.0,5500,0.0,0.0
2024-08-07 14:00:00+09:00,774.0,776.0,759.0,766.0,15400,0.0,0.0
2024-08-08 09:00:00+09:00,765.0,765.0,757.0,762.0,11000,0.0,0.0
2024-08-08 10:00:00+09:00,761.0,763.0,757.0,759.0,3300,0.0,0.0
2024-08-08 11:00:00+09:00,762.0,766.0,760.0,766.0,0,0.0,0.0
2024-08-08 12:00:00+09:00,767.0,770.0,765.0,765.0,18900,0.0,0.0
2024-08-08 13:00:00+09:00,765.0,765.0,762.0,762.0,0,0.0,0.0
2024-08-08 14:00:00+09:00,764.0,770.0,752.0,752.0,36800,0.0,0.0
2024-08-09 09:00:00+09:00,777.0,807.0,777.0,797.0,38700,0.0,0.0
2024-08-09 10:00:00+09:00,796.0,800.0,792.0,795.0,6000,0.0,0.0
2024-08-09 11:00:00+09:00,794.0,796.0,793.0,796.0,0,0.0,0.0
2024-08-09 12:00:00+09:00,797.0,801.0,794.0,794.0,56500,0.0,0.0
2024-08-09 13:00:00+09:00,793.0,797.0,786.0,787.0,7600,0.0,0.0
2024-08-09 14:00:00+09:00,787.0,800.0,786.0,788.0,16400,0.0,0.0
2024-08-13 09:00:00+09:00,792.0,796.0,788.0,790.0,7400,0.0,0.0
2024-08-13 10:00:00+09:00,789.0,791.0,785.0,785.0,8000,0.0,0.0
2024-08-13 11:00:00+09:00,785.0,787.0,784.0,787.0,0,0.0,0.0
2024-08-13 12:00:00+09:00,783.0,790.0,783.0,788.0,26500,0.0,0.0
2024-08-13 13:00:00+09:00,788.0,791.0,787.0,791.0,6700,0.0,0.0
2024-08-13 14:00:00+09:00,790.0,798.0,790.0,798.0,7700,0.0,0.0
2024-08-14 09:00:00+09:00,795.0,795.0,788.0,794.0,5900,0.0,0.0
2024-08-14 10:00:00+09:00,794.0,800.0,794.0,800.0,8400,0.0,0.0
2024-08-14 11:00:00+09:00,800.0,800.0,790.0,790.0,0,0.0,0.0
2024-08-14 12:00:00+09:00,797.0,797.0,794.0,794.0,19700,0.0,0.0
2024-08-14 13:00:00+09:00,794.0,795.0,794.0,794.0,1700,0.0,0.0
2024-08-14 14:00:00+09:00,794.0,799.0,794.0,799.0,2400,0.0,0.0
2024-08-15 09:00:00+09:00,795.0,801.0,794.0,797.0,4100,0.0,0.0
2024-08-15 10:00:00+09:00,798.0,798.0,795.0,797.0,3400,0.0,0.0
2024-08-15 11:00:00+09:00,797.0,800.0,796.0,800.0,0,0.0,0.0
2024-08-15 12:00:00+09:00,800.0,802.0,797.0,797.0,28200,0.0,0.0
2024-08-15 13:00:00+09:00,797.0,797.0,797.0,797.0,1300,0.0,0.0
2024-08-15 14:00:00+09:00,797.0,798.0,796.0,797.0,6700,0.0,0.0
2024-08-16 09:00:00+09:00,809.0,811.0,806.0,808.0,7300,0.0,0.0
2024-08-16 10:00:00+09:00,809.0,812.0,808.0,812.0,2500,0.0,0.0
2024-08-16 11:00:00+09:00,812.0,813.0,811.0,813.0,0,0.0,0.0
2024-08-16 12:00:00+09:00,813.0,815.0,811.0,812.0,18100,0.0,0.0
2024-08-16 13:00:00+09:00,811.0,811.0,809.0,809.0,1100,0.0,0.0
2024-08-16 14:00:00+09:00,809.0,811.0,808.0,811.0,3300,0.0,0.0
2024-08-19 09:00:00+09:00,813.0,818.0,807.0,811.0,5300,0.0,0.0
2024-08-19 10:00:00+09:00,813.0,813.0,810.0,812.0,2000,0.0,0.0
2024-08-19 11:00:00+09:00,815.0,816.0,814.0,814.0,0,0.0,0.0
2024-08-19 12:00:00+09:00,814.0,814.0,807.0,807.0,12600,0.0,0.0
2024-08-19 13:00:00+09:00,807.0,808.0,803.0,804.0,3600,0.0,0.0
2024-08-19 14:00:00+09:00,804.0,804.0,798.0,798.0,8000,0.0,0.0
2024-08-20 09:00:00+09:00,798.0,807.0,798.0,807.0,3100,0.0,0.0
2024-08-20 10:00:00+09:00,805.0,811.0,804.0,810.0,8100,0.0,0.0
2024-08-20 11:00:00+09:00,813.0,816.0,813.0,813.0,0,0.0,0.0
2024-08-20 12:00:00+09:00,819.0,819.0,812.0,812.0,15600,0.0,0.0
2024-08-20 13:00:00+09:00,811.0,815.0,809.0,813.0,6000,0.0,0.0
2024-08-20 14:00:00+09:00,815.0,816.0,814.0,816.0,5500,0.0,0.0
2024-08-21 09:00:00+09:00,810.0,811.0,805.0,807.0,6200,0.0,0.0
2024-08-21 10:00:00+09:00,806.0,808.0,801.0,801.0,4700,0.0,0.0
2024-08-21 11:00:00+09:00,803.0,806.0,792.0,803.0,0,0.0,0.0
2024-08-21 12:00:00+09:00,806.0,808.0,805.0,807.0,49100,0.0,0.0
2024-08-21 13:00:00+09:00,806.0,808.0,804.0,805.0,1600,0.0,0.0
2024-08-21 14:00:00+09:00,806.0,807.0,803.0,805.0,4800,0.0,0.0
2024-08-22 09:00:00+09:00,812.0,817.0,809.0,814.0,7000,0.0,0.0
2024-08-22 10:00:00+09:00,815.0,817.0,815.0,817.0,1100,0.0,0.0
2024-08-22 11:00:00+09:00,816.0,816.0,814.0,816.0,0,0.0,0.0
2024-08-22 12:00:00+09:00,817.0,817.0,812.0,812.0,14300,0.0,0.0
2024-08-22 13:00:00+09:00,813.0,816.0,811.0,814.0,1700,0.0,0.0
2024-08-22 14:00:00+09:00,813.0,817.0,813.0,817.0,3700,0.0,0.0
2024-08-23 09:00:00+09:00,822.0,825.0,821.0,824.0,9800,0.0,0.0
2024-08-23 10:00:00+09:00,822.0,824.0,815.0,815.0,0,0.0,0.0
2024-08-23 11:00:00+09:00,817.0,819.0,817.0,819.0,0,0.0,0.0
2024-08-23 12:00:00+09:00,821.0,823.0,819.0,819.0,19200,0.0,0.0
2024-08-23 13:00:00+09:00,819.0,823.0,818.0,822.0,2900,0.0,0.0
2024-08-23 14:00:00+09:00,822.0,822.0,818.0,820.0,3900,0.0,0.0
2024-08-26 09:00:00+09:00,818.0,828.0,816.0,828.0,9300,0.0,0.0
2024-08-26 10:00:00+09:00,828.0,832.0,827.0,827.0,6700,0.0,0.0
2024-08-26 11:00:00+09:00,828.0,828.0,824.0,824.0,0,0.0,0.0
2024-08-26 12:00:00+09:00,829.0,829.0,824.0,824.0,19100,0.0,0.0
2024-08-26 13:00:00+09:00,823.0,826.0,823.0,825.0,2300,0.0,0.0
2024-08-26 14:00:00+09:00,826.0,827.0,824.0,824.0,4000,0.0,0.0
2024-08-27 09:00:00+09:00,823.0,838.0,823.0,836.0,10000,0.0,0.0
2024-08-27 10:00:00+09:00,837.0,837.0,834.0,834.0,1700,0.0,0.0
2024-08-27 11:00:00+09:00,835.0,835.0,834.0,835.0,0,0.0,0.0
2024-08-27 12:00:00+09:00,836.0,837.0,834.0,835.0,14900,0.0,0.0
2024-08-27 13:00:00+09:00,833.0,833.0,830.0,831.0,2800,0.0,0.0
2024-08-27 14:00:00+09:00,831.0,836.0,831.0,836.0,6800,0.0,0.0
2024-08-28 09:00:00+09:00,836.0,839.0,824.0,829.0,9000,0.0,0.0
2024-08-28 10:00:00+09:00,828.0,830.0,827.0,830.0,5600,0.0,0.0
2024-08-28 11:00:00+09:00,829.0,832.0,829.0,832.0,0,0.0,0.0
2024-08-28 12:00:00+09:00,832.0,832.0,829.0,829.0,17600,0.0,0.0
2024-08-28 13:00:00+09:00,829.0,834.0,829.0,833.0,3900,0.0,0.0
2024-08-28 14:00:00+09:00,834.0,834.0,831.0,833.0,2100,0.0,0.0
2024-08-29 09:00:00+09:00,837.0,845.0,834.0,840.0,10100,0.0,0.0
2024-08-29 10:00:00+09:00,839.0,841.0,834.0,834.0,3800,0.0,0.0
2024-08-29 11:00:00+09:00,834.0,834.0,833.0,833.0,0,0.0,0.0
2024-08-29 12:00:00+09:00,832.0,836.0,831.0,836.0,17500,0.0,0.0
2024-08-29 13:00:00+09:00,836.0,836.0,834.0,834.0,4700,0.0,0.0
2024-08-29 14:00:00+09:00,834.0,836.0,833.0,836.0,4100,0.0,0.0
2024-08-30 09:00:00+09:00,840.0,843.0,840.0,841.0,700,0.0,0.0
2024-08-30 10:00:00+09:00,841.0,842.0,838.0,841.0,3300,0.0,0.0
2024-08-30 11:00:00+09:00,840.0,842.0,839.0,842.0,0,0.0,0.0
2024-08-30 12:00:00+09:00,843.0,844.0,840.0,843.0,7700,0.0,0.0
2024-08-30 13:00:00+09:00,840.0,843.0,840.0,843.0,1000,0.0,0.0
2024-08-30 14:00:00+09:00,840.0,847.0,840.0,847.0,6500,0.0,0.0
