Datetime,Open,High,Low,Close,Volume,Dividends,Stock Splits
2022-09-01 09:00:00+09:00,4000.0,4045.0,4000.0,4000.0,31100,0.0,0.0
2022-09-01 10:00:00+09:00,3995.0,4010.0,3990.0,3990.0,7700,0.0,0.0
2022-09-01 11:00:00+09:00,3995.0,3995.0,3985.0,3985.0,0,0.0,0.0
2022-09-01 12:00:00+09:00,3985.0,4000.0,3985.0,3995.0,56800,0.0,0.0
2022-09-01 13:00:00+09:00,3995.0,3995.0,3970.0,3980.0,12700,0.0,0.0
2022-09-01 14:00:00+09:00,3980.0,3980.0,3960.0,3965.0,28500,0.0,0.0
2022-09-02 09:00:00+09:00,3965.0,3975.0,3945.0,3955.0,76000,0.0,0.0
2022-09-02 10:00:00+09:00,3955.0,3985.0,3955.0,3985.0,7100,0.0,0.0
2022-09-02 11:00:00+09:00,3985.0,3985.0,3970.0,3975.0,0,0.0,0.0
2022-09-02 12:00:00+09:00,3985.0,3985.0,3975.0,3975.0,97700,0.0,0.0
2022-09-02 13:00:00+09:00,3980.0,3990.0,3975.0,3980.0,0,0.0,0.0
2022-09-02 14:00:00+09:00,3980.0,3980.0,3960.0,3965.0,115500,0.0,0.0
2022-09-05 09:00:00+09:00,3955.0,3955.0,3930.0,3935.0,0,0.0,0.0
2022-09-05 10:00:00+09:00,3940.0,3960.0,3940.0,3960.0,3800,0.0,0.0
2022-09-05 11:00:00+09:00,3960.0,3965.0,3960.0,3965.0,0,0.0,0.0
2022-09-05 12:00:00+09:00,3965.0,3965.0,3955.0,3955.0,32100,0.0,0.0
2022-09-05 13:00:00+09:00,3960.0,3960.0,3950.0,3950.0,4300,0.0,0.0
2022-09-05 14:00:00+09:00,3955.0,3960.0,3950.0,3950.0,7700,0.0,0.0
2022-09-06 09:00:00+09:00,3970.0,3985.0,3920.0,3975.0,16900,0.0,0.0
2022-09-06 10:00:00+09:00,3970.0,3975.0,3940.0,3945.0,4500,0.0,0.0
2022-09-06 11:00:00+09:00,3945.0,3945.0,3930.0,3935.0,0,0.0,0.0
2022-09-06 12:00:00+09:00,3925.0,3930.0,3925.0,3925.0,28500,0.0,0.0
2022-09-06 13:00:00+09:00,3925.0,3925.0,3900.0,3905.0,7900,0.0,0.0
2022-09-06 14:00:00+09:00,3905.0,3915.0,3900.0,3915.0,6800,0.0,0.0
2022-09-07 09:00:00+09:00,3870.0,3905.0,3865.0,3875.0,0,0.0,0.0
2022-09-07 10:00:00+09:00,3880.0,3890.0,3875.0,3875.0,53100,0.0,0.0
2022-09-07 11:00:00+09:00,3870.0,3885.0,3865.0,3880.0,0,0.0,0.0
2022-09-07 12:00:00+09:00,3865.0,3895.0,3865.0,3895.0,66000,0.0,0.0
2022-09-07 13:00:00+09:00,3890.0,3910.0,3890.0,3910.0,5300,0.0,0.0
2022-09-07 14:00:00+09:00,3910.0,3920.0,3910.0,3910.0,8300,0.0,0.0
2022-09-08 09:00:00+09:00,3970.0,4000.0,3965.0,3995.0,0,0.0,0.0
2022-09-08 10:00:00+09:00,4000.0,4015.0,3990.0,4015.0,67100,0.0,0.0
2022-09-08 11:00:00+09:00,4005.0,4010.0,3995.0,3995.0,0,0.0,0.0
2022-09-08 12:00:00+09:00,3990.0,4000.0,3990.0,3995.0,75500,0.0,0.0
2022-09-08 13:00:00+09:00,3995.0,3995.0,3985.0,3985.0,4900,0.0,0.0
2022-09-08 14:00:00+09:00,3985.0,3990.0,3975.0,3990.0,6600,0.0,0.0
2022-09-09 09:00:00+09:00,3990.0,4020.0,3975.0,4010.0,116400,0.0,0.0
2022-09-09 10:00:00+09:00,4020.0,4025.0,4000.0,4015.0,5900,0.0,0.0
2022-09-09 11:00:00+09:00,4015.0,4035.0,4015.0,4035.0,0,0.0,0.0
2022-09-09 12:00:00+09:00,4030.0,4040.0,4010.0,4035.0,141300,0.0,0.0
2022-09-09 13:00:00+09:00,4035.0,4045.0,4030.0,4045.0,8100,0.0,0.0
2022-09-09 14:00:00+09:00,4045.0,4045.0,4035.0,4040.0,10400,0.0,0.0
2022-09-12 09:00:00+09:00,4060.0,4100.0,4040.0,4075.0,0,0.0,0.0
2022-09-12 10:00:00+09:00,4070.0,4075.0,4050.0,4060.0,5800,0.0,0.0
2022-09-12 11:00:00+09:00,4065.0,4065.0,4050.0,4050.0,0,0.0,0.0
2022-09-12 12:00:00+09:00,4055.0,4065.0,4050.0,4050.0,73600,0.0,0.0
2022-09-12 13:00:00+09:00,4050.0,4050.0,4040.0,4040.0,3800,0.0,0.0
2022-09-12 14:00:00+09:00,4035.0,4040.0,4025.0,4030.0,6700,0.0,0.0
2022-09-13 09:00:00+09:00,4060.0,4065.0,4035.0,4055.0,0,0.0,0.0
2022-09-13 10:00:00+09:00,4055.0,4055.0,4050.0,4050.0,27000,0.0,0.0
2022-09-13 11:00:00+09:00,4045.0,4060.0,4040.0,4055.0,0,0.0,0.0
2022-09-13 12:00:00+09:00,4060.0,4065.0,4050.0,4055.0,36000,0.0,0.0
2022-09-13 13:00:00+09:00,4060.0,4080.0,4060.0,4080.0,4800,0.0,0.0
2022-09-13 14:00:00+09:00,4080.0,4095.0,4080.0,4095.0,10600,0.0,0.0
2022-09-14 09:00:00+09:00,3990.0,4010.0,3985.0,4010.0,29500,0.0,0.0
2022-09-14 10:00:00+09:00,4015.0,4020.0,4005.0,4005.0,4800,0.0,0.0
2022-09-14 11:00:00+09:00,4015.0,4015.0,4005.0,4005.0,0,0.0,0.0
2022-09-14 12:00:00+09:00,4000.0,4015.0,4000.0,4010.0,52200,0.0,0.0
2022-09-14 13:00:00+09:00,4010.0,4010.0,4000.0,4000.0,10400,0.0,0.0
2022-09-14 14:00:00+09:00,4000.0,4005.0,4000.0,4000.0,10500,0.0,0.0
2022-09-15 09:00:00+09:00,4000.0,4025.0,4000.0,4020.0,48000,0.0,0.0
2022-09-15 10:00:00+09:00,4020.0,4025.0,4015.0,4020.0,6400,0.0,0.0
2022-09-15 11:00:00+09:00,4020.0,4035.0,4020.0,4025.0,0,0.0,0.0
2022-09-15 12:00:00+09:00,4030.0,4030.0,4015.0,4015.0,64000,0.0,0.0
2022-09-15 13:00:00+09:00,4015.0,4020.0,4010.0,4020.0,3800,0.0,0.0
2022-09-15 14:00:00+09:00,4020.0,4035.0,4020.0,4030.0,6600,0.0,0.0
2022-09-16 09:00:00+09:00,4050.0,4070.0,4045.0,4055.0,157800,0.0,0.0
2022-09-16 10:00:00+09:00,4055.0,4070.0,4045.0,4065.0,9400,0.0,0.0
2022-09-16 11:00:00+09:00,4065.0,4075.0,4060.0,4070.0,0,0.0,0.0
2022-09-16 12:00:00+09:00,4070.0,4075.0,4050.0,4075.0,190000,0.0,0.0
2022-09-16 13:00:00+09:00,4075.0,4085.0,4070.0,4080.0,9300,0.0,0.0
2022-09-16 14:00:00+09:00,4080.0,4085.0,4030.0,4045.0,19300,0.0,0.0
2022-09-20 09:00:00+09:00,4100.0,4125.0,4055.0,4100.0,71900,0.0,0.0
2022-09-20 10:00:00+09:00,4095.0,4095.0,4085.0,4090.0,4600,0.0,0.0
2022-09-20 11:00:00+09:00,4090.0,4095.0,4090.0,4095.0,0,0.0,0.0
2022-09-20 12:00:00+09:00,4095.0,4130.0,4095.0,4130.0,89300,0.0,0.0
2022-09-20 13:00:00+09:00,4125.0,4135.0,4115.0,4125.0,9400,0.0,0.0
2022-09-20 14:00:00+09:00,4125.0,4150.0,4125.0,4145.0,15700,0.0,0.0
2022-09-21 09:00:00+09:00,4100.0,4175.0,4095.0,4170.0,0,0.0,0.0
2022-09-21 10:00:00+09:00,4160.0,4165.0,4135.0,4150.0,93200,0.0,0.0
2022-09-21 11:00:00+09:00,4145.0,4150.0,4135.0,4140.0,0,0.0,0.0
2022-09-21 12:00:00+09:00,4140.0,4155.0,4135.0,4145.0,112100,0.0,0.0
2022-09-21 13:00:00+09:00,4150.0,4170.0,4140.0,4165.0,16700,0.0,0.0
2022-09-21 14:00:00+09:00,4165.0,4180.0,4140.0,4140.0,16300,0.0,0.0
2022-09-22 09:00:00+09:00,4165.0,4165.0,4110.0,4150.0,106400,0.0,0.0
2022-09-22 10:00:00+09:00,4150.0,4150.0,4125.0,4135.0,5200,0.0,0.0
2022-09-22 11:00:00+09:00,4135.0,4135.0,4120.0,4130.0,0,0.0,0.0
2022-09-22 12:00:00+09:00,4120.0,4120.0,4100.0,4105.0,134600,0.0,0.0
2022-09-22 13:00:00+09:00,4105.0,4115.0,4100.0,4105.0,8100,0.0,0.0
2022-09-22 14:00:00+09:00,4105.0,4120.0,4105.0,4115.0,10100,0.0,0.0
2022-09-26 09:00:00+09:00,4045.0,4080.0,4025.0,4060.0,137700,0.0,0.0
2022-09-26 10:00:00+09:00,4065.0,4100.0,4065.0,4095.0,11000,0.0,0.0
2022-09-26 11:00:00+09:00,4095.0,4105.0,4095.0,4100.0,0,0.0,0.0
2022-09-26 12:00:00+09:00,4085.0,4085.0,4060.0,4060.0,173200,0.0,0.0
2022-09-26 13:00:00+09:00,4060.0,4080.0,4045.0,4045.0,17800,0.0,0.0
2022-09-26 14:00:00+09:00,4050.0,4085.0,4050.0,4085.0,21400,0.0,0.0
2022-09-27 09:00:00+09:00,4050.0,4080.0,4025.0,4065.0,119200,0.0,0.0
2022-09-27 10:00:00+09:00,4070.0,4100.0,4060.0,4100.0,16300,0.0,0.0
2022-09-27 11:00:00+09:00,4095.0,4120.0,4095.0,4120.0,0,0.0,0.0
2022-09-27 12:00:00+09:00,4100.0,4105.0,4075.0,4095.0,167900,0.0,0.0
2022-09-27 13:00:00+09:00,4095.0,4105.0,4095.0,4105.0,7100,0.0,0.0
2022-09-27 14:00:00+09:00,4110.0,4110.0,4095.0,4105.0,15400,0.0,0.0
2022-09-28 09:00:00+09:00,4070.0,4075.0,3960.0,4000.0,190700,0.0,0.0
2022-09-28 10:00:00+09:00,4000.0,4010.0,3980.0,4000.0,17000,0.0,0.0
2022-09-28 11:00:00+09:00,4000.0,4000.0,3980.0,3980.0,0,0.0,0.0
2022-09-28 12:00:00+09:00,3985.0,4005.0,3970.0,4005.0,275900,0.0,0.0
2022-09-28 13:00:00+09:00,4000.0,4015.0,3995.0,4000.0,14200,0.0,0.0
2022-09-28 14:00:00+09:00,3995.0,4020.0,3980.0,4020.0,28700,0.0,0.0
2022-09-29 09:00:00+09:00,4070.0,4165.0,4045.0,4160.0,145500,0.0,0.0
2022-09-29 10:00:00+09:00,4160.0,4160.0,4110.0,4115.0,18700,0.0,0.0
2022-09-29 11:00:00+09:00,4115.0,4140.0,4115.0,4135.0,0,0.0,0.0
2022-09-29 12:00:00+09:00,4130.0,4165.0,4125.0,4165.0,189700,0.0,0.0
2022-09-29 13:00:00+09:00,4165.0,4165.0,4140.0,4150.0,18000,0.0,0.0
2022-09-29 14:00:00+09:00,4150.0,4170.0,4130.0,4170.0,32000,0.0,0.0
2022-09-30 09:00:00+09:00,4130.0,4160.0,4120.0,4140.0,29900,0.0,0.0
2022-09-30 10:00:00+09:00,4140.0,4150.0,4115.0,4115.0,5700,0.0,0.0
2022-09-30 11:00:00+09:00,4110.0,4120.0,4085.0,4090.0,0,0.0,0.0
2022-09-30 12:00:00+09:00,4080.0,4100.0,4065.0,4070.0,47100,0.0,0.0
2022-09-30 13:00:00+09:00,4070.0,4080.0,4055.0,4080.0,8100,0.0,0.0
2022-09-30 14:00:00+09:00,4080.0,4090.0,4055.0,4065.0,11100,0.0,0.0
2022-10-03 09:00:00+09:00,4020.0,4025.0,3915.0,3935.0,0,0.0,0.0
2022-10-03 10:00:00+09:00,3945.0,3990.0,3935.0,3975.0,60400,0.0,0.0
2022-10-03 11:00:00+09:00,3975.0,3985.0,3970.0,3980.0,0,0.0,0.0
2022-10-03 12:00:00+09:00,3980.0,3980.0,3960.0,3970.0,75900,0.0,0.0
2022-10-03 13:00:00+09:00,3970.0,4000.0,3970.0,3995.0,10300,0.0,0.0
2022-10-03 14:00:00+09:00,3995.0,4030.0,3990.0,4030.0,15400,0.0,0.0
2022-10-04 09:00:00+09:00,4135.0,4170.0,4105.0,4165.0,27900,0.0,0.0
2022-10-04 10:00:00+09:00,4160.0,4165.0,4125.0,4150.0,11600,0.0,0.0
2022-10-04 11:00:00+09:00,4155.0,4170.0,4150.0,4160.0,0,0.0,0.0
2022-10-04 12:00:00+09:00,4175.0,4220.0,4165.0,4210.0,76200,0.0,0.0
2022-10-04 13:00:00+09:00,4205.0,4220.0,4195.0,4200.0,17700,0.0,0.0
2022-10-04 14:00:00+09:00,4200.0,4210.0,4180.0,4190.0,28100,0.0,0.0
2022-10-05 09:00:00+09:00,4225.0,4235.0,4185.0,4190.0,0,0.0,0.0
2022-10-05 10:00:00+09:00,4190.0,4195.0,4155.0,4165.0,26000,0.0,0.0
2022-10-05 11:00:00+09:00,4170.0,4180.0,4165.0,4180.0,0,0.0,0.0
2022-10-05 12:00:00+09:00,4170.0,4180.0,4165.0,4170.0,35800,0.0,0.0
2022-10-05 13:00:00+09:00,4170.0,4180.0,4160.0,4170.0,7400,0.0,0.0
2022-10-05 14:00:00+09:00,4170.0,4170.0,4145.0,4160.0,11700,0.0,0.0
2022-10-06 09:00:00+09:00,4185.0,4220.0,4175.0,4180.0,16400,0.0,0.0
2022-10-06 10:00:00+09:00,4185.0,4200.0,4180.0,4195.0,7400,0.0,0.0
2022-10-06 11:00:00+09:00,4195.0,4200.0,4195.0,4195.0,0,0.0,0.0
2022-10-06 12:00:00+09:00,4200.0,4200.0,4185.0,4190.0,31800,0.0,0.0
2022-10-06 13:00:00+09:00,4190.0,4195.0,4175.0,4175.0,7100,0.0,0.0
2022-10-06 14:00:00+09:00,4180.0,4185.0,4165.0,4175.0,13500,0.0,0.0
2022-10-07 09:00:00+09:00,4115.0,4185.0,4100.0,4185.0,14700,0.0,0.0
2022-10-07 10:00:00+09:00,4175.0,4190.0,4175.0,4185.0,3900,0.0,0.0
2022-10-07 11:00:00+09:00,4195.0,4195.0,4185.0,4190.0,0,0.0,0.0
2022-10-07 12:00:00+09:00,4175.0,4190.0,4175.0,4190.0,22500,0.0,0.0
2022-10-07 13:00:00+09:00,4190.0,4215.0,4190.0,4210.0,7600,0.0,0.0
2022-10-07 14:00:00+09:00,4205.0,4205.0,4180.0,4185.0,11500,0.0,0.0
2022-10-11 09:00:00+09:00,4115.0,4165.0,4085.0,4110.0,21000,0.0,0.0
2022-10-11 10:00:00+09:00,4110.0,4115.0,4040.0,4055.0,16500,0.0,0.0
2022-10-11 11:00:00+09:00,4055.0,4055.0,4045.0,4050.0,0,0.0,0.0
2022-10-11 12:00:00+09:00,4055.0,4080.0,4045.0,4080.0,53500,0.0,0.0
2022-10-11 13:00:00+09:00,4075.0,4090.0,4070.0,4085.0,13500,0.0,0.0
2022-10-11 14:00:00+09:00,4085.0,4095.0,4080.0,4095.0,10700,0.0,0.0
2022-10-12 09:00:00+09:00,4070.0,4100.0,4070.0,4095.0,11500,0.0,0.0
2022-10-12 10:00:00+09:00,4095.0,4115.0,4095.0,4105.0,5800,0.0,0.0
2022-10-12 11:00:00+09:00,4110.0,4120.0,4100.0,4120.0,0,0.0,0.0
2022-10-12 12:00:00+09:00,4125.0,4125.0,4120.0,4120.0,23900,0.0,0.0
2022-10-12 13:00:00+09:00,4120.0,4135.0,4120.0,4125.0,8100,0.0,0.0
2022-10-12 14:00:00+09:00,4120.0,4140.0,4120.0,4130.0,10100,0.0,0.0
2022-10-13 09:00:00+09:00,4120.0,4130.0,4075.0,4130.0,14700,0.0,0.0
2022-10-13 10:00:00+09:00,4130.0,4140.0,4090.0,4090.0,7900,0.0,0.0
2022-10-13 11:00:00+09:00,4090.0,4095.0,4090.0,4095.0,0,0.0,0.0
2022-10-13 12:00:00+09:00,4085.0,4105.0,4085.0,4100.0,31500,0.0,0.0
2022-10-13 13:00:00+09:00,4095.0,4105.0,4095.0,4105.0,3800,0.0,0.0
2022-10-13 14:00:00+09:00,4105.0,4110.0,4100.0,4105.0,8900,0.0,0.0
2022-10-14 09:00:00+09:00,4160.0,4200.0,4120.0,4195.0,18700,0.0,0.0
2022-10-14 10:00:00+09:00,4195.0,4225.0,4185.0,4225.0,10300,0.0,0.0
2022-10-14 11:00:00+09:00,4215.0,4220.0,4205.0,4220.0,0,0.0,0.0
2022-10-14 12:00:00+09:00,4220.0,4220.0,4210.0,4210.0,42600,0.0,0.0
2022-10-14 13:00:00+09:00,4205.0,4220.0,4200.0,4200.0,8700,0.0,0.0
2022-10-14 14:00:00+09:00,4200.0,4215.0,4190.0,4215.0,13800,0.0,0.0
2022-10-17 09:00:00+09:00,4150.0,4235.0,4150.0,4205.0,16500,0.0,0.0
2022-10-17 10:00:00+09:00,4200.0,4200.0,4170.0,4170.0,5300,0.0,0.0
2022-10-17 11:00:00+09:00,4170.0,4175.0,4170.0,4175.0,0,0.0,0.0
2022-10-17 12:00:00+09:00,4170.0,4175.0,4165.0,4165.0,28400,0.0,0.0
2022-10-17 13:00:00+09:00,4165.0,4180.0,4155.0,4180.0,10100,0.0,0.0
2022-10-17 14:00:00+09:00,4180.0,4180.0,4170.0,4170.0,9400,0.0,0.0
2022-10-18 09:00:00+09:00,4220.0,4250.0,4195.0,4245.0,18300,0.0,0.0
2022-10-18 10:00:00+09:00,4240.0,4240.0,4220.0,4225.0,7700,0.0,0.0
2022-10-18 11:00:00+09:00,4220.0,4235.0,4215.0,4235.0,0,0.0,0.0
2022-10-18 12:00:00+09:00,4240.0,4240.0,4230.0,4230.0,31800,0.0,0.0
2022-10-18 13:00:00+09:00,4230.0,4260.0,4230.0,4255.0,19000,0.0,0.0
2022-10-18 14:00:00+09:00,4255.0,4260.0,4245.0,4245.0,8800,0.0,0.0
2022-10-19 09:00:00+09:00,4225.0,4280.0,4215.0,4280.0,14500,0.0,0.0
2022-10-19 10:00:00+09:00,4270.0,4270.0,4235.0,4245.0,5300,0.0,0.0
2022-10-19 11:00:00+09:00,4250.0,4255.0,4235.0,4250.0,0,0.0,0.0
2022-10-19 12:00:00+09:00,4240.0,4265.0,4240.0,4260.0,28700,0.0,0.0
2022-10-19 13:00:00+09:00,4260.0,4270.0,4255.0,4270.0,4100,0.0,0.0
2022-10-19 14:00:00+09:00,4270.0,4270.0,4255.0,4260.0,10400,0.0,0.0
2022-10-20 09:00:00+09:00,4215.0,4235.0,4205.0,4230.0,18200,0.0,0.0
2022-10-20 10:00:00+09:00,4230.0,4235.0,4225.0,4230.0,4400,0.0,0.0
2022-10-20 11:00:00+09:00,4235.0,4245.0,4235.0,4245.0,0,0.0,0.0
2022-10-20 12:00:00+09:00,4235.0,4235.0,4220.0,4225.0,27600,0.0,0.0
2022-10-20 13:00:00+09:00,4220.0,4240.0,4215.0,4240.0,11300,0.0,0.0
2022-10-20 14:00:00+09:00,4240.0,4250.0,4230.0,4240.0,15000,0.0,0.0
2022-10-21 09:00:00+09:00,4240.0,4250.0,4220.0,4240.0,0,0.0,0.0
2022-10-21 10:00:00+09:00,4235.0,4265.0,4230.0,4260.0,22100,0.0,0.0
2022-10-21 11:00:00+09:00,4255.0,4255.0,4245.0,4250.0,0,0.0,0.0
2022-10-21 12:00:00+09:00,4265.0,4265.0,4240.0,4245.0,31600,0.0,0.0
2022-10-21 13:00:00+09:00,4240.0,4265.0,4240.0,4250.0,7700,0.0,0.0
2022-10-21 14:00:00+09:00,4250.0,4250.0,4230.0,4230.0,7600,0.0,0.0
2022-10-24 09:00:00+09:00,4265.0,4265.0,4185.0,4205.0,18900,0.0,0.0
2022-10-24 10:00:00+09:00,4200.0,4200.0,4165.0,4175.0,11800,0.0,0.0
2022-10-24 11:00:00+09:00,4170.0,4190.0,4170.0,4190.0,0,0.0,0.0
2022-10-24 12:00:00+09:00,4175.0,4185.0,4175.0,4175.0,38500,0.0,0.0
2022-10-24 13:00:00+09:00,4175.0,4175.0,4150.0,4155.0,12700,0.0,0.0
2022-10-24 14:00:00+09:00,4160.0,4165.0,4145.0,4160.0,12100,0.0,0.0
2022-10-25 09:00:00+09:00,4170.0,4190.0,4140.0,4185.0,19100,0.0,0.0
2022-10-25 10:00:00+09:00,4185.0,4205.0,4180.0,4200.0,10200,0.0,0.0
2022-10-25 11:00:00+09:00,4200.0,4200.0,4190.0,4190.0,0,0.0,0.0
2022-10-25 12:00:00+09:00,4200.0,4220.0,4200.0,4220.0,42200,0.0,0.0
2022-10-25 13:00:00+09:00,4215.0,4215.0,4205.0,4210.0,8700,0.0,0.0
2022-10-25 14:00:00+09:00,4210.0,4220.0,4205.0,4215.0,16400,0.0,0.0
2022-10-26 09:00:00+09:00,4260.0,4265.0,4225.0,4230.0,16800,0.0,0.0
2022-10-26 10:00:00+09:00,4230.0,4245.0,4230.0,4240.0,4900,0.0,0.0
2022-10-26 11:00:00+09:00,4235.0,4235.0,4220.0,4220.0,0,0.0,0.0
2022-10-26 12:00:00+09:00,4225.0,4230.0,4205.0,4210.0,29900,0.0,0.0
2022-10-26 13:00:00+09:00,4205.0,4205.0,4185.0,4195.0,12100,0.0,0.0
2022-10-26 14:00:00+09:00,4200.0,4215.0,4195.0,4210.0,20200,0.0,0.0
2022-10-27 09:00:00+09:00,4185.0,4205.0,4175.0,4185.0,14100,0.0,0.0
2022-10-27 10:00:00+09:00,4190.0,4200.0,4185.0,4195.0,4500,0.0,0.0
2022-10-27 11:00:00+09:00,4200.0,4200.0,4185.0,4185.0,0,0.0,0.0
2022-10-27 12:00:00+09:00,4175.0,4195.0,4175.0,4195.0,26800,0.0,0.0
2022-10-27 13:00:00+09:00,4195.0,4210.0,4195.0,4195.0,6100,0.0,0.0
2022-10-27 14:00:00+09:00,4195.0,4195.0,4175.0,4190.0,9000,0.0,0.0
2022-10-28 09:00:00+09:00,4145.0,4200.0,4145.0,4200.0,17800,0.0,0.0
2022-10-28 10:00:00+09:00,4195.0,4205.0,4195.0,4205.0,5700,0.0,0.0
2022-10-28 11:00:00+09:00,4205.0,4220.0,4195.0,4220.0,0,0.0,0.0
2022-10-28 12:00:00+09:00,4225.0,4225.0,4210.0,4210.0,37400,0.0,0.0
2022-10-28 13:00:00+09:00,4210.0,4215.0,4195.0,4195.0,7300,0.0,0.0
2022-10-28 14:00:00+09:00,4195.0,4205.0,4170.0,4175.0,19600,0.0,0.0
2022-10-31 09:00:00+09:00,4245.0,4250.0,4210.0,4225.0,16600,0.0,0.0
2022-10-31 10:00:00+09:00,4230.0,4255.0,4225.0,4240.0,17000,0.0,0.0
2022-10-31 11:00:00+09:00,4235.0,4245.0,4235.0,4235.0,0,0.0,0.0
2022-10-31 12:00:00+09:00,4235.0,4250.0,4235.0,4240.0,46700,0.0,0.0
2022-10-31 13:00:00+09:00,4245.0,4260.0,4240.0,4250.0,15800,0.0,0.0
2022-10-31 14:00:00+09:00,4250.0,4270.0,4250.0,4270.0,15700,0.0,0.0
2022-11-01 09:00:00+09:00,4270.0,4295.0,4265.0,4295.0,21400,0.0,0.0
2022-11-01 10:00:00+09:00,4295.0,4295.0,4285.0,4295.0,7500,0.0,0.0
2022-11-01 11:00:00+09:00,4300.0,4315.0,4300.0,4315.0,0,0.0,0.0
2022-11-01 12:00:00+09:00,4310.0,4345.0,4310.0,4335.0,44200,0.0,0.0
2022-11-01 13:00:00+09:00,4330.0,4330.0,4320.0,4320.0,5000,0.0,0.0
2022-11-01 14:00:00+09:00,4325.0,4345.0,4325.0,4340.0,12700,0.0,0.0
2022-11-02 09:00:00+09:00,4350.0,4400.0,4340.0,4385.0,25800,0.0,0.0
2022-11-02 10:00:00+09:00,4390.0,4400.0,4390.0,4400.0,7200,0.0,0.0
2022-11-02 11:00:00+09:00,4400.0,4415.0,4400.0,4405.0,0,0.0,0.0
2022-11-02 12:00:00+09:00,4400.0,4400.0,4380.0,4385.0,49100,0.0,0.0
2022-11-02 13:00:00+09:00,4380.0,4380.0,4370.0,4380.0,8500,0.0,0.0
2022-11-02 14:00:00+09:00,4385.0,4385.0,4340.0,4345.0,16300,0.0,0.0
2022-11-04 09:00:00+09:00,4320.0,4345.0,4305.0,4305.0,21200,0.0,0.0
2022-11-04 10:00:00+09:00,4305.0,4305.0,4245.0,4260.0,11800,0.0,0.0
2022-11-04 11:00:00+09:00,4260.0,4260.0,4250.0,4255.0,0,0.0,0.0
2022-11-04 12:00:00+09:00,4250.0,4265.0,4250.0,4250.0,46400,0.0,0.0
2022-11-04 13:00:00+09:00,4255.0,4275.0,4250.0,4250.0,13000,0.0,0.0
2022-11-04 14:00:00+09:00,4245.0,4245.0,4230.0,4235.0,17500,0.0,0.0
2022-11-07 09:00:00+09:00,4215.0,4235.0,4165.0,4180.0,28700,0.0,0.0
2022-11-07 10:00:00+09:00,4190.0,4210.0,4190.0,4195.0,10600,0.0,0.0
2022-11-07 11:00:00+09:00,4195.0,4215.0,4195.0,4205.0,0,0.0,0.0
2022-11-07 12:00:00+09:00,4205.0,4210.0,4185.0,4185.0,55000,0.0,0.0
2022-11-07 13:00:00+09:00,4185.0,4185.0,4175.0,4175.0,12700,0.0,0.0
2022-11-07 14:00:00+09:00,4180.0,4200.0,4175.0,4200.0,10100,0.0,0.0
2022-11-08 09:00:00+09:00,4235.0,4250.0,4225.0,4235.0,11500,0.0,0.0
2022-11-08 10:00:00+09:00,4245.0,4265.0,4245.0,4250.0,7700,0.0,0.0
2022-11-08 11:00:00+09:00,4255.0,4255.0,4240.0,4245.0,0,0.0,0.0
2022-11-08 12:00:00+09:00,4255.0,4265.0,4255.0,4255.0,29000,0.0,0.0
2022-11-08 13:00:00+09:00,4255.0,4260.0,4245.0,4255.0,8700,0.0,0.0
2022-11-08 14:00:00+09:00,4255.0,4255.0,4240.0,4240.0,7200,0.0,0.0
2022-11-09 09:00:00+09:00,4230.0,4245.0,4195.0,4215.0,12900,0.0,0.0
2022-11-09 10:00:00+09:00,4205.0,4205.0,4145.0,4150.0,10700,0.0,0.0
2022-11-09 11:00:00+09:00,4145.0,4155.0,4135.0,4150.0,0,0.0,0.0
2022-11-09 12:00:00+09:00,4145.0,4145.0,4125.0,4130.0,36300,0.0,0.0
2022-11-09 13:00:00+09:00,4130.0,4130.0,4115.0,4125.0,11800,0.0,0.0
2022-11-09 14:00:00+09:00,4130.0,4130.0,4090.0,4100.0,23600,0.0,0.0
2022-11-10 09:00:00+09:00,4100.0,4130.0,4050.0,4085.0,44700,0.0,0.0
2022-11-10 10:00:00+09:00,4080.0,4085.0,4025.0,4030.0,21100,0.0,0.0
2022-11-10 11:00:00+09:00,4025.0,4025.0,4005.0,4015.0,0,0.0,0.0
2022-11-10 12:00:00+09:00,4020.0,4075.0,4020.0,4075.0,95400,0.0,0.0
2022-11-10 13:00:00+09:00,4075.0,4100.0,4060.0,4075.0,31800,0.0,0.0
2022-11-10 14:00:00+09:00,4070.0,4070.0,4050.0,4055.0,23800,0.0,0.0
2022-11-11 09:00:00+09:00,4110.0,4165.0,4060.0,4090.0,34000,0.0,0.0
2022-11-11 10:00:00+09:00,4095.0,4100.0,4050.0,4050.0,9700,0.0,0.0
2022-11-11 11:00:00+09:00,4045.0,4070.0,4045.0,4070.0,0,0.0,0.0
2022-11-11 12:00:00+09:00,4070.0,4070.0,4040.0,4040.0,57100,0.0,0.0
2022-11-11 13:00:00+09:00,4040.0,4055.0,4035.0,4055.0,7900,0.0,0.0
2022-11-11 14:00:00+09:00,4050.0,4085.0,4050.0,4080.0,10900,0.0,0.0
2022-11-14 09:00:00+09:00,4060.0,4060.0,3980.0,3995.0,20200,0.0,0.0
2022-11-14 10:00:00+09:00,3995.0,3995.0,3950.0,3950.0,16900,0.0,0.0
2022-11-14 11:00:00+09:00,3955.0,3965.0,3950.0,3955.0,0,0.0,0.0
2022-11-14 12:00:00+09:00,3955.0,3960.0,3935.0,3935.0,59700,0.0,0.0
2022-11-14 13:00:00+09:00,3940.0,3940.0,3910.0,3920.0,15700,0.0,0.0
2022-11-14 14:00:00+09:00,3920.0,3930.0,3920.0,3930.0,15000,0.0,0.0
2022-11-15 09:00:00+09:00,3950.0,3950.0,3900.0,3915.0,19100,0.0,0.0
2022-11-15 10:00:00+09:00,3915.0,3935.0,3905.0,3930.0,12800,0.0,0.0
2022-11-15 11:00:00+09:00,3935.0,3935.0,3910.0,3910.0,0,0.0,0.0
2022-11-15 12:00:00+09:00,3910.0,3910.0,3885.0,3890.0,56800,0.0,0.0
2022-11-15 13:00:00+09:00,3890.0,3920.0,3885.0,3920.0,17300,0.0,0.0
2022-11-15 14:00:00+09:00,3920.0,3920.0,3900.0,3905.0,23200,0.0,0.0
2022-11-16 09:00:00+09:00,3915.0,3930.0,3870.0,3875.0,19800,0.0,0.0
2022-11-16 10:00:00+09:00,3875.0,3905.0,3865.0,3905.0,11200,0.0,0.0
2022-11-16 11:00:00+09:00,3910.0,3925.0,3905.0,3925.0,0,0.0,0.0
2022-11-16 12:00:00+09:00,3930.0,3940.0,3910.0,3930.0,46400,0.0,0.0
2022-11-16 13:00:00+09:00,3935.0,3945.0,3930.0,3940.0,7200,0.0,0.0
2022-11-16 14:00:00+09:00,3940.0,3965.0,3940.0,3955.0,14400,0.0,0.0
2022-11-17 09:00:00+09:00,3970.0,4060.0,3970.0,4045.0,25300,0.0,0.0
2022-11-17 10:00:00+09:00,4045.0,4065.0,4040.0,4040.0,12800,0.0,0.0
2022-11-17 11:00:00+09:00,4030.0,4030.0,4025.0,4030.0,0,0.0,0.0
2022-11-17 12:00:00+09:00,4020.0,4050.0,4020.0,4045.0,46900,0.0,0.0
2022-11-17 13:00:00+09:00,4045.0,4045.0,4020.0,4025.0,20100,0.0,0.0
2022-11-17 14:00:00+09:00,4025.0,4045.0,4020.0,4045.0,8800,0.0,0.0
2022-11-18 09:00:00+09:00,4050.0,4065.0,4025.0,4060.0,10600,0.0,0.0
2022-11-18 10:00:00+09:00,4060.0,4070.0,4030.0,4030.0,16600,0.0,0.0
2022-11-18 11:00:00+09:00,4030.0,4055.0,4025.0,4050.0,0,0.0,0.0
2022-11-18 12:00:00+09:00,4050.0,4050.0,4035.0,4040.0,41400,0.0,0.0
2022-11-18 13:00:00+09:00,4035.0,4035.0,4025.0,4025.0,8900,0.0,0.0
2022-11-18 14:00:00+09:00,4020.0,4025.0,4010.0,4010.0,11800,0.0,0.0
2022-11-21 09:00:00+09:00,4035.0,4040.0,4005.0,4025.0,9100,0.0,0.0
2022-11-21 10:00:00+09:00,4025.0,4025.0,4010.0,4025.0,5200,0.0,0.0
2022-11-21 11:00:00+09:00,4020.0,4030.0,4020.0,4030.0,0,0.0,0.0
2022-11-21 12:00:00+09:00,4020.0,4030.0,4015.0,4020.0,19300,0.0,0.0
2022-11-21 13:00:00+09:00,4015.0,4025.0,4015.0,4020.0,7500,0.0,0.0
2022-11-21 14:00:00+09:00,4015.0,4020.0,4005.0,4015.0,9800,0.0,0.0
2022-11-22 09:00:00+09:00,4045.0,4080.0,4045.0,4080.0,17700,0.0,0.0
2022-11-22 10:00:00+09:00,4085.0,4100.0,4080.0,4100.0,10900,0.0,0.0
2022-11-22 11:00:00+09:00,4095.0,4100.0,4095.0,4100.0,0,0.0,0.0
2022-11-22 12:00:00+09:00,4110.0,4110.0,4095.0,4100.0,35100,0.0,0.0
2022-11-22 13:00:00+09:00,4095.0,4100.0,4085.0,4090.0,3700,0.0,0.0
2022-11-22 14:00:00+09:00,4090.0,4100.0,4085.0,4095.0,9000,0.0,0.0
2022-11-24 09:00:00+09:00,4195.0,4215.0,4185.0,4215.0,28900,0.0,0.0
2022-11-24 10:00:00+09:00,4215.0,4220.0,4210.0,4210.0,10800,0.0,0.0
2022-11-24 11:00:00+09:00,4210.0,4220.0,4210.0,4215.0,0,0.0,0.0
2022-11-24 12:00:00+09:00,4220.0,4225.0,4195.0,4195.0,52000,0.0,0.0
2022-11-24 13:00:00+09:00,4195.0,4200.0,4185.0,4195.0,9000,0.0,0.0
2022-11-24 14:00:00+09:00,4195.0,4200.0,4190.0,4190.0,7300,0.0,0.0
2022-11-25 09:00:00+09:00,4230.0,4260.0,4195.0,4260.0,20200,0.0,0.0
2022-11-25 10:00:00+09:00,4260.0,4260.0,4220.0,4225.0,7300,0.0,0.0
2022-11-25 11:00:00+09:00,4225.0,4230.0,4205.0,4205.0,0,0.0,0.0
2022-11-25 12:00:00+09:00,4195.0,4220.0,4195.0,4220.0,35900,0.0,0.0
2022-11-25 13:00:00+09:00,4220.0,4230.0,4215.0,4215.0,4800,0.0,0.0
2022-11-25 14:00:00+09:00,4215.0,4215.0,4205.0,4215.0,5000,0.0,0.0
2022-11-28 09:00:00+09:00,4240.0,4255.0,4100.0,4100.0,24000,0.0,0.0
2022-11-28 10:00:00+09:00,4105.0,4125.0,4095.0,4110.0,14600,0.0,0.0
2022-11-28 11:00:00+09:00,4105.0,4110.0,4095.0,4110.0,0,0.0,0.0
2022-11-28 12:00:00+09:00,4100.0,4125.0,4100.0,4115.0,51800,0.0,0.0
2022-11-28 13:00:00+09:00,4110.0,4115.0,4100.0,4105.0,11800,0.0,0.0
2022-11-28 14:00:00+09:00,4105.0,4110.0,4095.0,4100.0,16600,0.0,0.0
2022-11-29 09:00:00+09:00,4085.0,4125.0,4065.0,4115.0,10200,0.0,0.0
2022-11-29 10:00:00+09:00,4115.0,4130.0,4110.0,4125.0,5200,0.0,0.0
2022-11-29 11:00:00+09:00,4125.0,4125.0,4100.0,4100.0,0,0.0,0.0
2022-11-29 12:00:00+09:00,4085.0,4105.0,4085.0,4095.0,22600,0.0,0.0
2022-11-29 13:00:00+09:00,4100.0,4125.0,4100.0,4125.0,6900,0.0,0.0
2022-11-29 14:00:00+09:00,4120.0,4145.0,4120.0,4145.0,6900,0.0,0.0
2022-11-30 09:00:00+09:00,4120.0,4130.0,4105.0,4115.0,0,0.0,0.0
2022-11-30 10:00:00+09:00,4115.0,4115.0,4090.0,4095.0,12200,0.0,0.0
2022-11-30 11:00:00+09:00,4100.0,4115.0,4100.0,4115.0,0,0.0,0.0
2022-11-30 12:00:00+09:00,4105.0,4110.0,4090.0,4090.0,17000,0.0,0.0
2022-11-30 13:00:00+09:00,4085.0,4095.0,4075.0,4090.0,7000,0.0,0.0
2022-11-30 14:00:00+09:00,4085.0,4095.0,4085.0,4085.0,7600,0.0,0.0
2022-12-01 09:00:00+09:00,4110.0,4110.0,4060.0,4090.0,31800,0.0,0.0
2022-12-01 10:00:00+09:00,4090.0,4100.0,4070.0,4080.0,11100,0.0,0.0
2022-12-01 11:00:00+09:00,4075.0,4080.0,4065.0,4070.0,0,0.0,0.0
2022-12-01 12:00:00+09:00,4070.0,4075.0,4065.0,4075.0,56700,0.0,0.0
2022-12-01 13:00:00+09:00,4065.0,4075.0,4055.0,4065.0,9100,0.0,0.0
2022-12-01 14:00:00+09:00,4060.0,4070.0,4050.0,4050.0,12900,0.0,0.0
2022-12-02 09:00:00+09:00,4010.0,4010.0,3960.0,3965.0,32200,0.0,0.0
2022-12-02 10:00:00+09:00,3960.0,3975.0,3955.0,3970.0,12300,0.0,0.0
2022-12-02 11:00:00+09:00,3970.0,3970.0,3960.0,3960.0,0,0.0,0.0
2022-12-02 12:00:00+09:00,3970.0,3995.0,3970.0,3990.0,57600,0.0,0.0
2022-12-02 13:00:00+09:00,3985.0,3995.0,3985.0,3995.0,6100,0.0,0.0
2022-12-02 14:00:00+09:00,3990.0,3995.0,3980.0,3985.0,13900,0.0,0.0
2022-12-05 09:00:00+09:00,3980.0,3980.0,3935.0,3935.0,22700,0.0,0.0
2022-12-05 10:00:00+09:00,3930.0,3930.0,3890.0,3905.0,17700,0.0,0.0
2022-12-05 11:00:00+09:00,3910.0,3920.0,3910.0,3910.0,0,0.0,0.0
2022-12-05 12:00:00+09:00,3910.0,3940.0,3910.0,3935.0,54100,0.0,0.0
2022-12-05 13:00:00+09:00,3935.0,3935.0,3920.0,3920.0,9300,0.0,0.0
2022-12-05 14:00:00+09:00,3920.0,3930.0,3915.0,3930.0,11700,0.0,0.0
2022-12-06 09:00:00+09:00,3900.0,3905.0,3875.0,3905.0,27600,0.0,0.0
2022-12-06 10:00:00+09:00,3905.0,3915.0,3900.0,3910.0,10800,0.0,0.0
2022-12-06 11:00:00+09:00,3905.0,3905.0,3895.0,3905.0,0,0.0,0.0
2022-12-06 12:00:00+09:00,3905.0,3915.0,3905.0,3915.0,50100,0.0,0.0
2022-12-06 13:00:00+09:00,3915.0,3920.0,3900.0,3905.0,13300,0.0,0.0
2022-12-06 14:00:00+09:00,3900.0,3905.0,3890.0,3900.0,16200,0.0,0.0
2022-12-07 09:00:00+09:00,3875.0,3895.0,3860.0,3890.0,15400,0.0,0.0
2022-12-07 10:00:00+09:00,3895.0,3925.0,3890.0,3910.0,8500,0.0,0.0
2022-12-07 11:00:00+09:00,3910.0,3920.0,3910.0,3910.0,0,0.0,0.0
2022-12-07 12:00:00+09:00,3915.0,3935.0,3910.0,3930.0,34200,0.0,0.0
2022-12-07 13:00:00+09:00,3930.0,3945.0,3930.0,3940.0,5600,0.0,0.0
2022-12-07 14:00:00+09:00,3940.0,3940.0,3930.0,3935.0,10500,0.0,0.0
2022-12-08 09:00:00+09:00,3940.0,3950.0,3895.0,3920.0,18700,0.0,0.0
2022-12-08 10:00:00+09:00,3915.0,3935.0,3915.0,3925.0,9100,0.0,0.0
2022-12-08 11:00:00+09:00,3925.0,3930.0,3925.0,3930.0,0,0.0,0.0
2022-12-08 12:00:00+09:00,3930.0,3940.0,3925.0,3930.0,36600,0.0,0.0
2022-12-08 13:00:00+09:00,3925.0,3940.0,3925.0,3925.0,5200,0.0,0.0
2022-12-08 14:00:00+09:00,3920.0,3945.0,3920.0,3945.0,9400,0.0,0.0
2022-12-09 09:00:00+09:00,3950.0,3980.0,3945.0,3975.0,27600,0.0,0.0
2022-12-09 10:00:00+09:00,3975.0,3975.0,3950.0,3955.0,5900,0.0,0.0
2022-12-09 11:00:00+09:00,3955.0,3955.0,3940.0,3945.0,0,0.0,0.0
2022-12-09 12:00:00+09:00,3945.0,3955.0,3945.0,3950.0,40100,0.0,0.0
2022-12-09 13:00:00+09:00,3945.0,3950.0,3940.0,3950.0,4900,0.0,0.0
2022-12-09 14:00:00+09:00,3950.0,3955.0,3935.0,3950.0,11400,0.0,0.0
2022-12-12 09:00:00+09:00,3945.0,3945.0,3905.0,3945.0,15800,0.0,0.0
2022-12-12 10:00:00+09:00,3950.0,3965.0,3945.0,3955.0,9100,0.0,0.0
2022-12-12 11:00:00+09:00,3950.0,3965.0,3945.0,3960.0,0,0.0,0.0
2022-12-12 12:00:00+09:00,3965.0,3965.0,3955.0,3955.0,35300,0.0,0.0
2022-12-12 13:00:00+09:00,3955.0,3965.0,3955.0,3960.0,7900,0.0,0.0
2022-12-12 14:00:00+09:00,3965.0,3965.0,3955.0,3955.0,6500,0.0,0.0
2022-12-13 09:00:00+09:00,3975.0,3995.0,3960.0,3985.0,0,0.0,0.0
2022-12-13 10:00:00+09:00,3985.0,4005.0,3985.0,4005.0,44200,0.0,0.0
2022-12-13 11:00:00+09:00,4005.0,4020.0,4005.0,4015.0,0,0.0,0.0
2022-12-13 12:00:00+09:00,4020.0,4020.0,4010.0,4020.0,54900,0.0,0.0
2022-12-13 13:00:00+09:00,4020.0,4030.0,4020.0,4030.0,10800,0.0,0.0
2022-12-13 14:00:00+09:00,4025.0,4035.0,4015.0,4015.0,10400,0.0,0.0
2022-12-14 09:00:00+09:00,4000.0,4000.0,3955.0,3975.0,0,0.0,0.0
2022-12-14 10:00:00+09:00,3970.0,3970.0,3940.0,3945.0,30700,0.0,0.0
2022-12-14 11:00:00+09:00,3945.0,3950.0,3945.0,3945.0,0,0.0,0.0
2022-12-14 12:00:00+09:00,3945.0,3960.0,3945.0,3960.0,37400,0.0,0.0
2022-12-14 13:00:00+09:00,3960.0,3965.0,3950.0,3960.0,5200,0.0,0.0
2022-12-14 14:00:00+09:00,3965.0,3975.0,3960.0,3965.0,10300,0.0,0.0
2022-12-15 09:00:00+09:00,3945.0,3975.0,3940.0,3975.0,11500,0.0,0.0
2022-12-15 10:00:00+09:00,3975.0,3985.0,3970.0,3970.0,5400,0.0,0.0
2022-12-15 11:00:00+09:00,3975.0,3980.0,3970.0,3970.0,0,0.0,0.0
2022-12-15 12:00:00+09:00,3955.0,3970.0,3955.0,3965.0,27800,0.0,0.0
2022-12-15 13:00:00+09:00,3965.0,3965.0,3955.0,3960.0,4900,0.0,0.0
2022-12-15 14:00:00+09:00,3960.0,3960.0,3945.0,3945.0,13300,0.0,0.0
2022-12-16 09:00:00+09:00,3920.0,3980.0,3920.0,3970.0,36500,0.0,0.0
2022-12-16 10:00:00+09:00,3970.0,3995.0,3965.0,3995.0,13200,0.0,0.0
2022-12-16 11:00:00+09:00,3995.0,4005.0,3990.0,4000.0,0,0.0,0.0
2022-12-16 12:00:00+09:00,4000.0,4010.0,3995.0,4010.0,66400,0.0,0.0
2022-12-16 13:00:00+09:00,4005.0,4010.0,3990.0,3990.0,9100,0.0,0.0
2022-12-16 14:00:00+09:00,3990.0,4000.0,3985.0,3995.0,18700,0.0,0.0
2022-12-19 09:00:00+09:00,3970.0,3975.0,3950.0,3975.0,0,0.0,0.0
2022-12-19 10:00:00+09:00,3975.0,4000.0,3975.0,3980.0,29800,0.0,0.0
2022-12-19 11:00:00+09:00,3975.0,3985.0,3975.0,3975.0,0,0.0,0.0
2022-12-19 12:00:00+09:00,3970.0,3980.0,3970.0,3980.0,39100,0.0,0.0
2022-12-19 13:00:00+09:00,3980.0,3985.0,3975.0,3975.0,7600,0.0,0.0
2022-12-19 14:00:00+09:00,3975.0,3990.0,3970.0,3985.0,11400,0.0,0.0
2022-12-20 09:00:00+09:00,3975.0,4020.0,3975.0,4020.0,9600,0.0,0.0
2022-12-20 10:00:00+09:00,4015.0,4015.0,3990.0,4005.0,4800,0.0,0.0
2022-12-20 11:00:00+09:00,4000.0,4000.0,4000.0,4000.0,0,0.0,0.0
2022-12-20 12:00:00+09:00,3910.0,3945.0,3910.0,3910.0,38300,0.0,0.0
2022-12-20 13:00:00+09:00,3905.0,3910.0,3870.0,3885.0,17900,0.0,0.0
2022-12-20 14:00:00+09:00,3880.0,3895.0,3865.0,3880.0,21300,0.0,0.0
2022-12-21 09:00:00+09:00,3885.0,3900.0,3850.0,3860.0,21900,0.0,0.0
2022-12-21 10:00:00+09:00,3860.0,3930.0,3860.0,3915.0,13200,0.0,0.0
2022-12-21 11:00:00+09:00,3920.0,3920.0,3910.0,3920.0,0,0.0,0.0
2022-12-21 12:00:00+09:00,3900.0,3905.0,3875.0,3875.0,46100,0.0,0.0
2022-12-21 13:00:00+09:00,3875.0,3885.0,3865.0,3880.0,9500,0.0,0.0
2022-12-21 14:00:00+09:00,3875.0,3895.0,3875.0,3885.0,12900,0.0,0.0
2022-12-22 09:00:00+09:00,3910.0,3965.0,3895.0,3950.0,33200,0.0,0.0
2022-12-22 10:00:00+09:00,3950.0,3960.0,3945.0,3955.0,10300,0.0,0.0
2022-12-22 11:00:00+09:00,3960.0,3980.0,3955.0,3970.0,0,0.0,0.0
2022-12-22 12:00:00+09:00,3960.0,3970.0,3945.0,3970.0,71800,0.0,0.0
2022-12-22 13:00:00+09:00,3975.0,3985.0,3970.0,3985.0,12500,0.0,0.0
2022-12-22 14:00:00+09:00,3985.0,3990.0,3955.0,3965.0,21800,0.0,0.0
2022-12-23 09:00:00+09:00,3990.0,4025.0,3980.0,3985.0,35500,0.0,0.0
2022-12-23 10:00:00+09:00,3985.0,4005.0,3985.0,4000.0,13800,0.0,0.0
2022-12-23 11:00:00+09:00,4000.0,4000.0,3990.0,3990.0,0,0.0,0.0
2022-12-23 12:00:00+09:00,3980.0,3980.0,3960.0,3960.0,61000,0.0,0.0
2022-12-23 13:00:00+09:00,3960.0,3960.0,3950.0,3960.0,6000,0.0,0.0
2022-12-23 14:00:00+09:00,3955.0,3960.0,3935.0,3940.0,16200,0.0,0.0
2022-12-26 09:00:00+09:00,3945.0,4000.0,3945.0,3990.0,15600,0.0,0.0
2022-12-26 10:00:00+09:00,3990.0,3990.0,3975.0,3980.0,5200,0.0,0.0
2022-12-26 11:00:00+09:00,3985.0,3985.0,3980.0,3980.0,0,0.0,0.0
2022-12-26 12:00:00+09:00,3970.0,3985.0,3970.0,3985.0,26300,0.0,0.0
2022-12-26 13:00:00+09:00,3980.0,3995.0,3980.0,3990.0,3000,0.0,0.0
2022-12-26 14:00:00+09:00,3990.0,3990.0,3975.0,3975.0,11300,0.0,0.0
2022-12-27 09:00:00+09:00,4020.0,4070.0,4015.0,4035.0,14200,0.0,0.0
2022-12-27 10:00:00+09:00,4035.0,4040.0,4020.0,4020.0,4200,0.0,0.0
2022-12-27 11:00:00+09:00,4025.0,4025.0,4020.0,4020.0,0,0.0,0.0
2022-12-27 12:00:00+09:00,4020.0,4020.0,4010.0,4010.0,22800,0.0,0.0
2022-12-27 13:00:00+09:00,4005.0,4020.0,4000.0,4020.0,5100,0.0,0.0
2022-12-27 14:00:00+09:00,4020.0,4020.0,4005.0,4010.0,10700,0.0,0.0
2022-12-28 09:00:00+09:00,3975.0,3990.0,3950.0,3965.0,10600,0.0,0.0
2022-12-28 10:00:00+09:00,3970.0,3970.0,3955.0,3960.0,5600,0.0,0.0
2022-12-28 11:00:00+09:00,3965.0,3965.0,3955.0,3955.0,0,0.0,0.0
2022-12-28 12:00:00+09:00,3955.0,3965.0,3955.0,3965.0,21100,0.0,0.0
2022-12-28 13:00:00+09:00,3965.0,3980.0,3955.0,3975.0,6100,0.0,0.0
2022-12-28 14:00:00+09:00,3975.0,3985.0,3970.0,3980.0,4400,0.0,0.0
2022-12-29 09:00:00+09:00,3975.0,3975.0,3935.0,3960.0,7800,0.0,0.0
2022-12-29 10:00:00+09:00,3960.0,3960.0,3950.0,3955.0,2700,0.0,0.0
2022-12-29 11:00:00+09:00,3955.0,3965.0,3955.0,3965.0,0,0.0,0.0
2022-12-29 12:00:00+09:00,3965.0,3975.0,3955.0,3965.0,15200,0.0,0.0
2022-12-29 13:00:00+09:00,3960.0,3965.0,3955.0,3955.0,3800,0.0,0.0
2022-12-29 14:00:00+09:00,3955.0,3970.0,3950.0,3970.0,8500,0.0,0.0
2022-12-30 09:00:00+09:00,3965.0,4000.0,3965.0,3990.0,0,0.0,0.0
2022-12-30 10:00:00+09:00,3990.0,4020.0,3990.0,4020.0,9000,0.0,0.0
2022-12-30 11:00:00+09:00,4020.0,4020.0,4015.0,4015.0,0,0.0,0.0
2022-12-30 12:00:00+09:00,4015.0,4030.0,4015.0,4020.0,13800,0.0,0.0
2022-12-30 13:00:00+09:00,4020.0,4020.0,4000.0,4005.0,4600,0.0,0.0
2022-12-30 14:00:00+09:00,4010.0,4010.0,3985.0,3990.0,8700,0.0,0.0
2023-01-04 09:00:00+09:00,3980.0,3980.0,3935.0,3960.0,15600,0.0,0.0
2023-01-04 10:00:00+09:00,3955.0,3965.0,3940.0,3940.0,5100,0.0,0.0
2023-01-04 11:00:00+09:00,3945.0,3945.0,3935.0,3940.0,0,0.0,0.0
2023-01-04 12:00:00+09:00,3950.0,3950.0,3935.0,3935.0,26100,0.0,0.0
2023-01-04 13:00:00+09:00,3940.0,3945.0,3930.0,3935.0,4900,0.0,0.0
2023-01-04 14:00:00+09:00,3930.0,3940.0,3920.0,3920.0,11100,0.0,0.0
2023-01-05 09:00:00+09:00,3900.0,3900.0,3870.0,3885.0,16700,0.0,0.0
2023-01-05 10:00:00+09:00,3880.0,3895.0,3875.0,3880.0,10800,0.0,0.0
2023-01-05 11:00:00+09:00,3880.0,3880.0,3865.0,3880.0,0,0.0,0.0
2023-01-05 12:00:00+09:00,3860.0,3865.0,3855.0,3855.0,39200,0.0,0.0
2023-01-05 13:00:00+09:00,3855.0,3865.0,3850.0,3865.0,2700,0.0,0.0
2023-01-05 14:00:00+09:00,3865.0,3875.0,3865.0,3870.0,8300,0.0,0.0
2023-01-06 09:00:00+09:00,3890.0,3900.0,3865.0,3885.0,8000,0.0,0.0
2023-01-06 10:00:00+09:00,3885.0,3885.0,3860.0,3860.0,6600,0.0,0.0
2023-01-06 11:00:00+09:00,3865.0,3865.0,3860.0,3860.0,0,0.0,0.0
2023-01-06 12:00:00+09:00,3860.0,3870.0,3855.0,3865.0,23200,0.0,0.0
2023-01-06 13:00:00+09:00,3865.0,3865.0,3855.0,3855.0,0,0.0,0.0
2023-01-06 14:00:00+09:00,3860.0,3865.0,3850.0,3860.0,39700,0.0,0.0
2023-01-10 09:00:00+09:00,3890.0,3910.0,3870.0,3875.0,12400,0.0,0.0
2023-01-10 10:00:00+09:00,3875.0,3885.0,3870.0,3880.0,5900,0.0,0.0
2023-01-10 11:00:00+09:00,3885.0,3885.0,3875.0,3875.0,0,0.0,0.0
2023-01-10 12:00:00+09:00,3875.0,3875.0,3860.0,3860.0,22400,0.0,0.0
2023-01-10 13:00:00+09:00,3865.0,3865.0,3860.0,3860.0,2600,0.0,0.0
2023-01-10 14:00:00+09:00,3860.0,3860.0,3840.0,3845.0,15000,0.0,0.0
2023-01-11 09:00:00+09:00,3875.0,3890.0,3860.0,3865.0,11400,0.0,0.0
2023-01-11 10:00:00+09:00,3870.0,3885.0,3865.0,3865.0,3700,0.0,0.0
2023-01-11 11:00:00+09:00,3860.0,3885.0,3860.0,3885.0,0,0.0,0.0
2023-01-11 12:00:00+09:00,3885.0,3885.0,3870.0,3870.0,21300,0.0,0.0
2023-01-11 13:00:00+09:00,3870.0,3875.0,3855.0,3875.0,7400,0.0,0.0
2023-01-11 14:00:00+09:00,3870.0,3880.0,3865.0,3870.0,5200,0.0,0.0
2023-01-12 09:00:00+09:00,3880.0,3880.0,3830.0,3835.0,17300,0.0,0.0
2023-01-12 10:00:00+09:00,3830.0,3840.0,3820.0,3840.0,4600,0.0,0.0
2023-01-12 11:00:00+09:00,3840.0,3840.0,3840.0,3840.0,0,0.0,0.0
2023-01-12 12:00:00+09:00,3840.0,3840.0,3830.0,3835.0,25200,0.0,0.0
2023-01-12 13:00:00+09:00,3840.0,3840.0,3800.0,3800.0,9200,0.0,0.0
2023-01-12 14:00:00+09:00,3805.0,3810.0,3805.0,3805.0,6500,0.0,0.0
2023-01-13 09:00:00+09:00,3795.0,3825.0,3770.0,3790.0,0,0.0,0.0
2023-01-13 10:00:00+09:00,3790.0,3790.0,3735.0,3750.0,38300,0.0,0.0
2023-01-13 11:00:00+09:00,3755.0,3755.0,3750.0,3750.0,0,0.0,0.0
2023-01-13 12:00:00+09:00,3750.0,3755.0,3745.0,3750.0,47200,0.0,0.0
2023-01-13 13:00:00+09:00,3750.0,3760.0,3745.0,3750.0,6600,0.0,0.0
2023-01-13 14:00:00+09:00,3750.0,3755.0,3740.0,3745.0,12000,0.0,0.0
2023-01-16 09:00:00+09:00,3740.0,3745.0,3705.0,3745.0,14700,0.0,0.0
2023-01-16 10:00:00+09:00,3745.0,3745.0,3735.0,3735.0,4000,0.0,0.0
2023-01-16 11:00:00+09:00,3730.0,3730.0,3720.0,3720.0,0,0.0,0.0
2023-01-16 12:00:00+09:00,3710.0,3720.0,3710.0,3710.0,24700,0.0,0.0
2023-01-16 13:00:00+09:00,3710.0,3710.0,3705.0,3705.0,2900,0.0,0.0
2023-01-16 14:00:00+09:00,3705.0,3705.0,3700.0,3700.0,5600,0.0,0.0
2023-01-17 09:00:00+09:00,3770.0,3810.0,3760.0,3785.0,23400,0.0,0.0
2023-01-17 10:00:00+09:00,3785.0,3800.0,3780.0,3780.0,5900,0.0,0.0
2023-01-17 11:00:00+09:00,3785.0,3785.0,3780.0,3785.0,0,0.0,0.0
2023-01-17 12:00:00+09:00,3785.0,3795.0,3785.0,3795.0,34100,0.0,0.0
2023-01-17 13:00:00+09:00,3795.0,3815.0,3795.0,3810.0,4400,0.0,0.0
2023-01-17 14:00:00+09:00,3815.0,3830.0,3815.0,3820.0,13500,0.0,0.0
2023-01-18 09:00:00+09:00,3835.0,3835.0,3790.0,3795.0,8600,0.0,0.0
2023-01-18 10:00:00+09:00,3800.0,3815.0,3800.0,3810.0,3000,0.0,0.0
2023-01-18 11:00:00+09:00,3810.0,3810.0,3810.0,3810.0,0,0.0,0.0
2023-01-18 12:00:00+09:00,3840.0,3870.0,3835.0,3840.0,23600,0.0,0.0
2023-01-18 13:00:00+09:00,3845.0,3860.0,3840.0,3860.0,4600,0.0,0.0
2023-01-18 14:00:00+09:00,3860.0,3870.0,3855.0,3860.0,10500,0.0,0.0
2023-01-19 09:00:00+09:00,3820.0,3920.0,3820.0,3880.0,25100,0.0,0.0
2023-01-19 10:00:00+09:00,3880.0,3885.0,3880.0,3880.0,2300,0.0,0.0
2023-01-19 11:00:00+09:00,3880.0,3880.0,3875.0,3875.0,0,0.0,0.0
2023-01-19 12:00:00+09:00,3860.0,3880.0,3860.0,3875.0,31300,0.0,0.0
2023-01-19 13:00:00+09:00,3865.0,3865.0,3865.0,3865.0,1700,0.0,0.0
2023-01-19 14:00:00+09:00,3870.0,3875.0,3865.0,3875.0,6000,0.0,0.0
2023-01-20 09:00:00+09:00,3880.0,3885.0,3860.0,3865.0,7000,0.0,0.0
2023-01-20 10:00:00+09:00,3865.0,3875.0,3865.0,3875.0,1500,0.0,0.0
2023-01-20 11:00:00+09:00,3880.0,3885.0,3870.0,3870.0,0,0.0,0.0
2023-01-20 12:00:00+09:00,3860.0,3895.0,3860.0,3895.0,16300,0.0,0.0
2023-01-20 13:00:00+09:00,3895.0,3910.0,3895.0,3895.0,6300,0.0,0.0
2023-01-20 14:00:00+09:00,3900.0,3905.0,3895.0,3900.0,6600,0.0,0.0
2023-01-23 09:00:00+09:00,3940.0,3940.0,3910.0,3910.0,9900,0.0,0.0
2023-01-23 10:00:00+09:00,3910.0,3925.0,3905.0,3915.0,5200,0.0,0.0
2023-01-23 11:00:00+09:00,3925.0,3925.0,3920.0,3920.0,0,0.0,0.0
2023-01-23 12:00:00+09:00,3920.0,3935.0,3910.0,3930.0,19200,0.0,0.0
2023-01-23 13:00:00+09:00,3930.0,3935.0,3925.0,3930.0,4300,0.0,0.0
2023-01-23 14:00:00+09:00,3930.0,3945.0,3930.0,3935.0,5600,0.0,0.0
2023-01-24 09:00:00+09:00,3945.0,3950.0,3915.0,3915.0,19000,0.0,0.0
2023-01-24 10:00:00+09:00,3910.0,3925.0,3910.0,3925.0,2300,0.0,0.0
2023-01-24 11:00:00+09:00,3925.0,3930.0,3925.0,3930.0,0,0.0,0.0
2023-01-24 12:00:00+09:00,3940.0,3965.0,3940.0,3965.0,30000,0.0,0.0
2023-01-24 13:00:00+09:00,3960.0,3960.0,3945.0,3960.0,4000,0.0,0.0
2023-01-24 14:00:00+09:00,3955.0,3965.0,3955.0,3960.0,10800,0.0,0.0
2023-01-25 09:00:00+09:00,3970.0,4000.0,3950.0,3995.0,18400,0.0,0.0
2023-01-25 10:00:00+09:00,3995.0,4025.0,3990.0,4025.0,8600,0.0,0.0
2023-01-25 11:00:00+09:00,4030.0,4035.0,4020.0,4030.0,0,0.0,0.0
2023-01-25 12:00:00+09:00,4000.0,4030.0,4000.0,4015.0,40900,0.0,0.0
2023-01-25 13:00:00+09:00,4025.0,4025.0,4000.0,4000.0,6000,0.0,0.0
2023-01-25 14:00:00+09:00,4005.0,4010.0,3995.0,4000.0,7900,0.0,0.0
2023-01-26 09:00:00+09:00,4010.0,4015.0,3990.0,3990.0,6400,0.0,0.0
2023-01-26 10:00:00+09:00,3985.0,3995.0,3980.0,3995.0,2900,0.0,0.0
2023-01-26 11:00:00+09:00,4000.0,4005.0,3995.0,4005.0,0,0.0,0.0
2023-01-26 12:00:00+09:00,3995.0,3995.0,3990.0,3995.0,18300,0.0,0.0
2023-01-26 13:00:00+09:00,3985.0,3995.0,3975.0,3990.0,6600,0.0,0.0
2023-01-26 14:00:00+09:00,3995.0,4000.0,3985.0,3990.0,5300,0.0,0.0
2023-01-27 09:00:00+09:00,4000.0,4015.0,3980.0,4015.0,6800,0.0,0.0
2023-01-27 10:00:00+09:00,4010.0,4010.0,3985.0,4000.0,7500,0.0,0.0
2023-01-27 11:00:00+09:00,4005.0,4015.0,4005.0,4015.0,0,0.0,0.0
2023-01-27 12:00:00+09:00,4015.0,4015.0,4000.0,4000.0,18100,0.0,0.0
2023-01-27 13:00:00+09:00,4000.0,4005.0,3995.0,4000.0,3800,0.0,0.0
2023-01-27 14:00:00+09:00,4005.0,4010.0,4000.0,4005.0,6800,0.0,0.0
2023-01-30 09:00:00+09:00,4005.0,4025.0,3990.0,4010.0,10400,0.0,0.0
2023-01-30 10:00:00+09:00,4010.0,4015.0,4000.0,4005.0,6900,0.0,0.0
2023-01-30 11:00:00+09:00,4005.0,4005.0,4000.0,4000.0,0,0.0,0.0
2023-01-30 12:00:00+09:00,3995.0,4005.0,3995.0,4000.0,23200,0.0,0.0
2023-01-30 13:00:00+09:00,4000.0,4005.0,3990.0,4000.0,6600,0.0,0.0
2023-01-30 14:00:00+09:00,3995.0,4000.0,3990.0,4000.0,7700,0.0,0.0
2023-01-31 09:00:00+09:00,3990.0,4040.0,3990.0,4015.0,13600,0.0,0.0
2023-01-31 10:00:00+09:00,4010.0,4010.0,3985.0,4005.0,7400,0.0,0.0
2023-01-31 11:00:00+09:00,4005.0,4005.0,4000.0,4005.0,0,0.0,0.0
2023-01-31 12:00:00+09:00,4000.0,4015.0,4000.0,4000.0,26400,0.0,0.0
2023-01-31 13:00:00+09:00,4000.0,4005.0,3995.0,4000.0,6100,0.0,0.0
2023-01-31 14:00:00+09:00,4005.0,4035.0,4005.0,4025.0,15900,0.0,0.0
2023-02-01 09:00:00+09:00,4060.0,4060.0,4020.0,4020.0,10500,0.0,0.0
2023-02-01 10:00:00+09:00,4025.0,4030.0,4015.0,4015.0,2300,0.0,0.0
2023-02-01 11:00:00+09:00,4015.0,4015.0,4005.0,4005.0,0,0.0,0.0
2023-02-01 12:00:00+09:00,3995.0,4000.0,3990.0,3990.0,17200,0.0,0.0
2023-02-01 13:00:00+09:00,3990.0,3995.0,3985.0,3985.0,3100,0.0,0.0
2023-02-01 14:00:00+09:00,3985.0,3990.0,3970.0,3970.0,6900,0.0,0.0
2023-02-02 09:00:00+09:00,3970.0,3975.0,3945.0,3955.0,22900,0.0,0.0
2023-02-02 10:00:00+09:00,3955.0,3960.0,3950.0,3950.0,2800,0.0,0.0
2023-02-02 11:00:00+09:00,3950.0,3955.0,3940.0,3940.0,0,0.0,0.0
2023-02-02 12:00:00+09:00,3940.0,3950.0,3930.0,3945.0,36200,0.0,0.0
2023-02-02 13:00:00+09:00,3945.0,3955.0,3935.0,3950.0,6400,0.0,0.0
2023-02-02 14:00:00+09:00,3950.0,3955.0,3935.0,3950.0,13700,0.0,0.0
2023-02-03 09:00:00+09:00,3920.0,3930.0,3915.0,3925.0,8200,0.0,0.0
2023-02-03 10:00:00+09:00,3920.0,3920.0,3910.0,3910.0,7200,0.0,0.0
2023-02-03 11:00:00+09:00,3910.0,3910.0,3885.0,3885.0,0,0.0,0.0
2023-02-03 12:00:00+09:00,3885.0,3885.0,3870.0,3880.0,33700,0.0,0.0
2023-02-03 13:00:00+09:00,3875.0,3885.0,3870.0,3880.0,4900,0.0,0.0
2023-02-03 14:00:00+09:00,3885.0,3890.0,3875.0,3875.0,6400,0.0,0.0
2023-02-06 09:00:00+09:00,3920.0,3945.0,3920.0,3935.0,12100,0.0,0.0
2023-02-06 10:00:00+09:00,3930.0,3935.0,3925.0,3925.0,3000,0.0,0.0
2023-02-06 11:00:00+09:00,3930.0,3940.0,3930.0,3935.0,0,0.0,0.0
2023-02-06 12:00:00+09:00,3940.0,3945.0,3935.0,3940.0,22000,0.0,0.0
2023-02-06 13:00:00+09:00,3930.0,3935.0,3930.0,3935.0,4800,0.0,0.0
2023-02-06 14:00:00+09:00,3935.0,3940.0,3925.0,3940.0,8400,0.0,0.0
2023-02-07 09:00:00+09:00,3935.0,3960.0,3930.0,3935.0,10000,0.0,0.0
2023-02-07 10:00:00+09:00,3935.0,3935.0,3935.0,3935.0,1100,0.0,0.0
2023-02-07 11:00:00+09:00,3935.0,3935.0,3930.0,3930.0,0,0.0,0.0
2023-02-07 12:00:00+09:00,3925.0,3930.0,3925.0,3925.0,15200,0.0,0.0
2023-02-07 13:00:00+09:00,3925.0,3925.0,3915.0,3915.0,5200,0.0,0.0
2023-02-07 14:00:00+09:00,3920.0,3930.0,3920.0,3930.0,4300,0.0,0.0
2023-02-08 09:00:00+09:00,3940.0,3975.0,3925.0,3950.0,16900,0.0,0.0
2023-02-08 10:00:00+09:00,3940.0,3950.0,3940.0,3945.0,3300,0.0,0.0
2023-02-08 11:00:00+09:00,3945.0,3945.0,3935.0,3940.0,0,0.0,0.0
2023-02-08 12:00:00+09:00,3930.0,3930.0,3915.0,3920.0,27000,0.0,0.0
2023-02-08 13:00:00+09:00,3925.0,3930.0,3915.0,3930.0,3900,0.0,0.0
2023-02-08 14:00:00+09:00,3925.0,3930.0,3915.0,3930.0,11500,0.0,0.0
2023-02-09 09:00:00+09:00,4130.0,4160.0,4070.0,4150.0,96400,0.0,0.0
2023-02-09 10:00:00+09:00,4155.0,4240.0,4140.0,4225.0,49400,0.0,0.0
2023-02-09 11:00:00+09:00,4225.0,4235.0,4220.0,4235.0,0,0.0,0.0
2023-02-09 12:00:00+09:00,4235.0,4255.0,4215.0,4230.0,172200,0.0,0.0
2023-02-09 13:00:00+09:00,4225.0,4245.0,4215.0,4240.0,13600,0.0,0.0
2023-02-09 14:00:00+09:00,4245.0,4285.0,4245.0,4280.0,36700,0.0,0.0
2023-02-10 09:00:00+09:00,4265.0,4270.0,4205.0,4270.0,44400,0.0,0.0
2023-02-10 10:00:00+09:00,4270.0,4285.0,4255.0,4270.0,12400,0.0,0.0
2023-02-10 11:00:00+09:00,4265.0,4275.0,4255.0,4275.0,0,0.0,0.0
2023-02-10 12:00:00+09:00,4265.0,4265.0,4210.0,4210.0,75500,0.0,0.0
2023-02-10 13:00:00+09:00,4220.0,4240.0,4215.0,4225.0,10700,0.0,0.0
2023-02-10 14:00:00+09:00,4225.0,4225.0,4200.0,4210.0,21700,0.0,0.0
2023-02-13 09:00:00+09:00,4180.0,4195.0,4115.0,4120.0,20800,0.0,0.0
2023-02-13 10:00:00+09:00,4120.0,4130.0,4090.0,4125.0,18400,0.0,0.0
2023-02-13 11:00:00+09:00,4120.0,4125.0,4120.0,4125.0,0,0.0,0.0
2023-02-13 12:00:00+09:00,4120.0,4130.0,4115.0,4130.0,43500,0.0,0.0
2023-02-13 13:00:00+09:00,4125.0,4130.0,4100.0,4110.0,7100,0.0,0.0
2023-02-13 14:00:00+09:00,4110.0,4115.0,4105.0,4110.0,7800,0.0,0.0
2023-02-14 09:00:00+09:00,4160.0,4170.0,4130.0,4150.0,20200,0.0,0.0
2023-02-14 10:00:00+09:00,4150.0,4150.0,4120.0,4120.0,3300,0.0,0.0
2023-02-14 11:00:00+09:00,4115.0,4115.0,4100.0,4115.0,0,0.0,0.0
2023-02-14 12:00:00+09:00,4125.0,4150.0,4125.0,4145.0,44400,0.0,0.0
2023-02-14 13:00:00+09:00,4140.0,4140.0,4120.0,4120.0,4800,0.0,0.0
2023-02-14 14:00:00+09:00,4125.0,4145.0,4120.0,4145.0,7400,0.0,0.0
2023-02-15 09:00:00+09:00,4195.0,4200.0,4160.0,4200.0,19200,0.0,0.0
2023-02-15 10:00:00+09:00,4195.0,4205.0,4175.0,4185.0,6500,0.0,0.0
2023-02-15 11:00:00+09:00,4185.0,4185.0,4175.0,4175.0,0,0.0,0.0
2023-02-15 12:00:00+09:00,4160.0,4180.0,4160.0,4180.0,33500,0.0,0.0
2023-02-15 13:00:00+09:00,4175.0,4185.0,4175.0,4185.0,4200,0.0,0.0
2023-02-15 14:00:00+09:00,4185.0,4185.0,4165.0,4165.0,7500,0.0,0.0
2023-02-16 09:00:00+09:00,4195.0,4255.0,4190.0,4230.0,25100,0.0,0.0
2023-02-16 10:00:00+09:00,4225.0,4230.0,4220.0,4220.0,3200,0.0,0.0
2023-02-16 11:00:00+09:00,4220.0,4230.0,4220.0,4230.0,0,0.0,0.0
2023-02-16 12:00:00+09:00,4235.0,4250.0,4230.0,4245.0,43500,0.0,0.0
2023-02-16 13:00:00+09:00,4255.0,4255.0,4215.0,4220.0,6300,0.0,0.0
2023-02-16 14:00:00+09:00,4215.0,4235.0,4215.0,4235.0,5900,0.0,0.0
2023-02-17 09:00:00+09:00,4195.0,4215.0,4190.0,4195.0,14200,0.0,0.0
2023-02-17 10:00:00+09:00,4205.0,4210.0,4205.0,4205.0,3600,0.0,0.0
2023-02-17 11:00:00+09:00,4205.0,4215.0,4200.0,4200.0,0,0.0,0.0
2023-02-17 12:00:00+09:00,4195.0,4195.0,4185.0,4195.0,29800,0.0,0.0
2023-02-17 13:00:00+09:00,4195.0,4195.0,4180.0,4190.0,5500,0.0,0.0
2023-02-17 14:00:00+09:00,4190.0,4190.0,4180.0,4180.0,7200,0.0,0.0
2023-02-20 09:00:00+09:00,4205.0,4270.0,4205.0,4270.0,0,0.0,0.0
2023-02-20 10:00:00+09:00,4275.0,4290.0,4275.0,4275.0,25800,0.0,0.0
2023-02-20 11:00:00+09:00,4275.0,4275.0,4260.0,4265.0,0,0.0,0.0
2023-02-20 12:00:00+09:00,4265.0,4270.0,4250.0,4250.0,31700,0.0,0.0
2023-02-20 13:00:00+09:00,4245.0,4245.0,4240.0,4240.0,1200,0.0,0.0
2023-02-20 14:00:00+09:00,4240.0,4255.0,4240.0,4245.0,4200,0.0,0.0
2023-02-21 09:00:00+09:00,4245.0,4265.0,4230.0,4235.0,11900,0.0,0.0
2023-02-21 10:00:00+09:00,4240.0,4250.0,4240.0,4250.0,2800,0.0,0.0
2023-02-21 11:00:00+09:00,4250.0,4250.0,4240.0,4245.0,0,0.0,0.0
2023-02-21 12:00:00+09:00,4245.0,4250.0,4240.0,4240.0,19900,0.0,0.0
2023-02-21 13:00:00+09:00,4235.0,4235.0,4220.0,4225.0,3800,0.0,0.0
2023-02-21 14:00:00+09:00,4230.0,4235.0,4220.0,4235.0,7000,0.0,0.0
2023-02-22 09:00:00+09:00,4180.0,4200.0,4165.0,4170.0,28300,0.0,0.0
2023-02-22 10:00:00+09:00,4170.0,4170.0,4130.0,4140.0,28500,0.0,0.0
2023-02-22 11:00:00+09:00,4140.0,4140.0,4135.0,4135.0,0,0.0,0.0
2023-02-22 12:00:00+09:00,4130.0,4145.0,4130.0,4145.0,73800,0.0,0.0
2023-02-22 13:00:00+09:00,4145.0,4155.0,4135.0,4150.0,4800,0.0,0.0
2023-02-22 14:00:00+09:00,4155.0,4165.0,4140.0,4165.0,12600,0.0,0.0
2023-02-24 09:00:00+09:00,4180.0,4190.0,4145.0,4190.0,0,0.0,0.0
2023-02-24 10:00:00+09:00,4190.0,4250.0,4190.0,4245.0,56700,0.0,0.0
2023-02-24 11:00:00+09:00,4250.0,4275.0,4250.0,4275.0,0,0.0,0.0
2023-02-24 12:00:00+09:00,4270.0,4280.0,4250.0,4265.0,92000,0.0,0.0
2023-02-24 13:00:00+09:00,4260.0,4265.0,4255.0,4265.0,7600,0.0,0.0
2023-02-24 14:00:00+09:00,4265.0,4290.0,4260.0,4280.0,28200,0.0,0.0
2023-02-27 09:00:00+09:00,4240.0,4295.0,4240.0,4280.0,21900,0.0,0.0
2023-02-27 10:00:00+09:00,4280.0,4280.0,4255.0,4260.0,5900,0.0,0.0
2023-02-27 11:00:00+09:00,4265.0,4270.0,4260.0,4265.0,0,0.0,0.0
2023-02-27 12:00:00+09:00,4265.0,4270.0,4265.0,4265.0,35400,0.0,0.0
2023-02-27 13:00:00+09:00,4260.0,4265.0,4255.0,4255.0,3400,0.0,0.0
2023-02-27 14:00:00+09:00,4260.0,4285.0,4255.0,4285.0,10000,0.0,0.0
2023-02-28 09:00:00+09:00,4290.0,4315.0,4280.0,4310.0,0,0.0,0.0
2023-02-28 10:00:00+09:00,4310.0,4320.0,4300.0,4315.0,11600,0.0,0.0
2023-02-28 11:00:00+09:00,4315.0,4340.0,4315.0,4340.0,0,0.0,0.0
2023-02-28 12:00:00+09:00,4340.0,4355.0,4335.0,4355.0,21500,0.0,0.0
2023-02-28 13:00:00+09:00,4355.0,4355.0,4340.0,4350.0,4300,0.0,0.0
2023-02-28 14:00:00+09:00,4350.0,4350.0,4320.0,4320.0,7800,0.0,0.0
2023-03-01 09:00:00+09:00,4290.0,4320.0,4285.0,4285.0,12900,0.0,0.0
2023-03-01 10:00:00+09:00,4280.0,4290.0,4275.0,4275.0,5700,0.0,0.0
2023-03-01 11:00:00+09:00,4275.0,4275.0,4270.0,4275.0,0,0.0,0.0
2023-03-01 12:00:00+09:00,4275.0,4275.0,4260.0,4260.0,29200,0.0,0.0
2023-03-01 13:00:00+09:00,4260.0,4260.0,4250.0,4255.0,4900,0.0,0.0
2023-03-01 14:00:00+09:00,4255.0,4265.0,4245.0,4250.0,8600,0.0,0.0
2023-03-02 09:00:00+09:00,4255.0,4310.0,4255.0,4290.0,14800,0.0,0.0
2023-03-02 10:00:00+09:00,4285.0,4305.0,4285.0,4305.0,4700,0.0,0.0
2023-03-02 11:00:00+09:00,4305.0,4305.0,4300.0,4305.0,0,0.0,0.0
2023-03-02 12:00:00+09:00,4290.0,4295.0,4280.0,4295.0,30200,0.0,0.0
2023-03-02 13:00:00+09:00,4290.0,4305.0,4290.0,4295.0,5000,0.0,0.0
2023-03-02 14:00:00+09:00,4295.0,4310.0,4295.0,4310.0,9000,0.0,0.0
2023-03-03 09:00:00+09:00,4315.0,4370.0,4315.0,4360.0,53500,0.0,0.0
2023-03-03 10:00:00+09:00,4370.0,4390.0,4370.0,4385.0,8700,0.0,0.0
2023-03-03 11:00:00+09:00,4385.0,4385.0,4360.0,4360.0,0,0.0,0.0
2023-03-03 12:00:00+09:00,4365.0,4365.0,4355.0,4355.0,72700,0.0,0.0
2023-03-03 13:00:00+09:00,4355.0,4360.0,4350.0,4355.0,4200,0.0,0.0
2023-03-03 14:00:00+09:00,4355.0,4355.0,4335.0,4340.0,12400,0.0,0.0
2023-03-06 09:00:00+09:00,4335.0,4340.0,4290.0,4300.0,30800,0.0,0.0
2023-03-06 10:00:00+09:00,4295.0,4310.0,4290.0,4305.0,8900,0.0,0.0
2023-03-06 11:00:00+09:00,4310.0,4315.0,4300.0,4300.0,0,0.0,0.0
2023-03-06 12:00:00+09:00,4305.0,4330.0,4305.0,4320.0,52800,0.0,0.0
2023-03-06 13:00:00+09:00,4325.0,4335.0,4315.0,4315.0,6900,0.0,0.0
2023-03-06 14:00:00+09:00,4320.0,4320.0,4305.0,4315.0,8700,0.0,0.0
2023-03-07 09:00:00+09:00,4335.0,4415.0,4335.0,4410.0,37100,0.0,0.0
2023-03-07 10:00:00+09:00,4415.0,4425.0,4410.0,4410.0,7700,0.0,0.0
2023-03-07 11:00:00+09:00,4410.0,4415.0,4405.0,4415.0,0,0.0,0.0
2023-03-07 12:00:00+09:00,4405.0,4405.0,4385.0,4390.0,54200,0.0,0.0
2023-03-07 13:00:00+09:00,4390.0,4390.0,4375.0,4375.0,3200,0.0,0.0
2023-03-07 14:00:00+09:00,4380.0,4390.0,4380.0,4385.0,7000,0.0,0.0
2023-03-08 09:00:00+09:00,4370.0,4430.0,4370.0,4405.0,24800,0.0,0.0
2023-03-08 10:00:00+09:00,4405.0,4405.0,4390.0,4395.0,5300,0.0,0.0
2023-03-08 11:00:00+09:00,4400.0,4400.0,4395.0,4395.0,0,0.0,0.0
2023-03-08 12:00:00+09:00,4390.0,4415.0,4385.0,4415.0,39600,0.0,0.0
2023-03-08 13:00:00+09:00,4415.0,4415.0,4410.0,4415.0,4800,0.0,0.0
2023-03-08 14:00:00+09:00,4415.0,4430.0,4415.0,4420.0,13900,0.0,0.0
2023-03-09 09:00:00+09:00,4415.0,4450.0,4405.0,4405.0,27900,0.0,0.0
2023-03-09 10:00:00+09:00,4400.0,4405.0,4385.0,4385.0,9100,0.0,0.0
2023-03-09 11:00:00+09:00,4390.0,4400.0,4390.0,4395.0,0,0.0,0.0
2023-03-09 12:00:00+09:00,4395.0,4405.0,4390.0,4405.0,48100,0.0,0.0
2023-03-09 13:00:00+09:00,4405.0,4405.0,4385.0,4385.0,6300,0.0,0.0
2023-03-09 14:00:00+09:00,4385.0,4410.0,4385.0,4400.0,14000,0.0,0.0
2023-03-10 09:00:00+09:00,4345.0,4380.0,4330.0,4355.0,104800,0.0,0.0
2023-03-10 10:00:00+09:00,4355.0,4370.0,4345.0,4345.0,4700,0.0,0.0
2023-03-10 11:00:00+09:00,4345.0,4350.0,4330.0,4330.0,0,0.0,0.0
2023-03-10 12:00:00+09:00,4330.0,4360.0,4330.0,4345.0,128300,0.0,0.0
2023-03-10 13:00:00+09:00,4340.0,4345.0,4335.0,4335.0,0,0.0,0.0
2023-03-10 14:00:00+09:00,4335.0,4345.0,4330.0,4335.0,147700,0.0,0.0
2023-03-13 09:00:00+09:00,4280.0,4315.0,4230.0,4230.0,45800,0.0,0.0
2023-03-13 10:00:00+09:00,4235.0,4260.0,4225.0,4260.0,15700,0.0,0.0
2023-03-13 11:00:00+09:00,4260.0,4260.0,4245.0,4245.0,0,0.0,0.0
2023-03-13 12:00:00+09:00,4245.0,4265.0,4245.0,4260.0,75200,0.0,0.0
2023-03-13 13:00:00+09:00,4255.0,4255.0,4240.0,4245.0,6600,0.0,0.0
2023-03-13 14:00:00+09:00,4250.0,4275.0,4245.0,4275.0,8800,0.0,0.0
2023-03-14 09:00:00+09:00,4210.0,4215.0,4155.0,4155.0,42500,0.0,0.0
2023-03-14 10:00:00+09:00,4165.0,4190.0,4165.0,4185.0,11200,0.0,0.0
2023-03-14 11:00:00+09:00,4185.0,4220.0,4185.0,4215.0,0,0.0,0.0
2023-03-14 12:00:00+09:00,4205.0,4220.0,4200.0,4205.0,73000,0.0,0.0
2023-03-14 13:00:00+09:00,4205.0,4210.0,4195.0,4200.0,6600,0.0,0.0
2023-03-14 14:00:00+09:00,4200.0,4220.0,4195.0,4215.0,11700,0.0,0.0
2023-03-15 09:00:00+09:00,4245.0,4260.0,4220.0,4235.0,24500,0.0,0.0
2023-03-15 10:00:00+09:00,4235.0,4260.0,4230.0,4250.0,9000,0.0,0.0
2023-03-15 11:00:00+09:00,4255.0,4255.0,4250.0,4250.0,0,0.0,0.0
2023-03-15 12:00:00+09:00,4255.0,4260.0,4245.0,4245.0,42000,0.0,0.0
2023-03-15 13:00:00+09:00,4250.0,4250.0,4240.0,4250.0,5700,0.0,0.0
2023-03-15 14:00:00+09:00,4250.0,4255.0,4210.0,4220.0,12100,0.0,0.0
2023-03-16 09:00:00+09:00,4150.0,4175.0,4110.0,4160.0,28100,0.0,0.0
2023-03-16 10:00:00+09:00,4160.0,4180.0,4155.0,4160.0,8800,0.0,0.0
2023-03-16 11:00:00+09:00,4160.0,4180.0,4160.0,4180.0,0,0.0,0.0
2023-03-16 12:00:00+09:00,4175.0,4175.0,4150.0,4150.0,52800,0.0,0.0
2023-03-16 13:00:00+09:00,4150.0,4170.0,4150.0,4165.0,5700,0.0,0.0
2023-03-16 14:00:00+09:00,4165.0,4170.0,4155.0,4165.0,10900,0.0,0.0
2023-03-17 09:00:00+09:00,4185.0,4250.0,4185.0,4220.0,74600,0.0,0.0
2023-03-17 10:00:00+09:00,4220.0,4220.0,4205.0,4210.0,11300,0.0,0.0
2023-03-17 11:00:00+09:00,4215.0,4220.0,4215.0,4215.0,0,0.0,0.0
2023-03-17 12:00:00+09:00,4230.0,4235.0,4220.0,4225.0,101300,0.0,0.0
2023-03-17 13:00:00+09:00,4220.0,4245.0,4220.0,4240.0,7700,0.0,0.0
2023-03-17 14:00:00+09:00,4235.0,4240.0,4220.0,4220.0,10600,0.0,0.0
2023-03-20 09:00:00+09:00,4205.0,4210.0,4145.0,4190.0,44400,0.0,0.0
2023-03-20 10:00:00+09:00,4185.0,4185.0,4140.0,4150.0,12600,0.0,0.0
2023-03-20 11:00:00+09:00,4155.0,4165.0,4155.0,4155.0,0,0.0,0.0
2023-03-20 12:00:00+09:00,4155.0,4155.0,4130.0,4130.0,69500,0.0,0.0
2023-03-20 13:00:00+09:00,4135.0,4135.0,4110.0,4115.0,7300,0.0,0.0
2023-03-20 14:00:00+09:00,4110.0,4125.0,4105.0,4115.0,13200,0.0,0.0
2023-03-22 09:00:00+09:00,4175.0,4215.0,4145.0,4205.0,49000,0.0,0.0
2023-03-22 10:00:00+09:00,4205.0,4210.0,4195.0,4195.0,7000,0.0,0.0
2023-03-22 11:00:00+09:00,4190.0,4195.0,4170.0,4190.0,0,0.0,0.0
2023-03-22 12:00:00+09:00,4185.0,4200.0,4185.0,4200.0,71200,0.0,0.0
2023-03-22 13:00:00+09:00,4200.0,4210.0,4195.0,4210.0,6400,0.0,0.0
2023-03-22 14:00:00+09:00,4215.0,4215.0,4200.0,4210.0,9800,0.0,0.0
2023-03-23 09:00:00+09:00,4170.0,4225.0,4165.0,4215.0,0,0.0,0.0
2023-03-23 10:00:00+09:00,4220.0,4245.0,4210.0,4230.0,48800,0.0,0.0
2023-03-23 11:00:00+09:00,4230.0,4250.0,4230.0,4250.0,0,0.0,0.0
2023-03-23 12:00:00+09:00,4250.0,4260.0,4235.0,4245.0,60800,0.0,0.0
2023-03-23 13:00:00+09:00,4240.0,4240.0,4230.0,4240.0,5600,0.0,0.0
2023-03-23 14:00:00+09:00,4240.0,4240.0,4230.0,4240.0,11900,0.0,0.0
2023-03-24 09:00:00+09:00,4260.0,4260.0,4220.0,4240.0,0,0.0,0.0
2023-03-24 10:00:00+09:00,4235.0,4255.0,4220.0,4255.0,148500,0.0,0.0
2023-03-24 11:00:00+09:00,4260.0,4265.0,4255.0,4255.0,0,0.0,0.0
2023-03-24 12:00:00+09:00,4260.0,4265.0,4235.0,4245.0,164500,0.0,0.0
2023-03-24 13:00:00+09:00,4235.0,4260.0,4235.0,4255.0,5500,0.0,0.0
2023-03-24 14:00:00+09:00,4255.0,4275.0,4255.0,4270.0,7000,0.0,0.0
2023-03-27 09:00:00+09:00,4275.0,4325.0,4275.0,4295.0,0,0.0,0.0
2023-03-27 10:00:00+09:00,4295.0,4300.0,4280.0,4300.0,84700,0.0,0.0
2023-03-27 11:00:00+09:00,4300.0,4305.0,4295.0,4295.0,0,0.0,0.0
2023-03-27 12:00:00+09:00,4285.0,4310.0,4285.0,4300.0,101300,0.0,0.0
2023-03-27 13:00:00+09:00,4300.0,4300.0,4290.0,4295.0,10400,0.0,0.0
2023-03-27 14:00:00+09:00,4300.0,4300.0,4280.0,4285.0,30600,0.0,0.0
2023-03-28 09:00:00+09:00,4325.0,4325.0,4285.0,4285.0,51400,0.0,0.0
2023-03-28 10:00:00+09:00,4285.0,4295.0,4285.0,4285.0,2900,0.0,0.0
2023-03-28 11:00:00+09:00,4280.0,4285.0,4280.0,4285.0,0,0.0,0.0
2023-03-28 12:00:00+09:00,4275.0,4285.0,4270.0,4280.0,66900,0.0,0.0
2023-03-28 13:00:00+09:00,4285.0,4300.0,4280.0,4300.0,7900,0.0,0.0
2023-03-28 14:00:00+09:00,4300.0,4315.0,4290.0,4315.0,8600,0.0,0.0
2023-03-29 09:00:00+09:00,4335.0,4370.0,4325.0,4340.0,78500,0.0,0.0
2023-03-29 10:00:00+09:00,4340.0,4350.0,4340.0,4345.0,7400,0.0,0.0
2023-03-29 11:00:00+09:00,4345.0,4350.0,4345.0,4350.0,0,0.0,0.0
2023-03-29 12:00:00+09:00,4420.0,4430.0,4375.0,4425.0,177700,0.0,0.0
2023-03-29 13:00:00+09:00,4430.0,4510.0,4425.0,4490.0,46300,0.0,0.0
2023-03-29 14:00:00+09:00,4490.0,4505.0,4485.0,4495.0,27400,0.0,0.0
2023-03-30 09:00:00+09:00,2219.0,2220.0,2184.0,2193.0,132900,0.0,0.0
2023-03-30 10:00:00+09:00,2191.0,2196.0,2187.0,2190.0,20900,0.0,0.0
2023-03-30 11:00:00+09:00,2187.0,2189.0,2185.0,2188.0,0,0.0,0.0
2023-03-30 12:00:00+09:00,2180.0,2190.0,2180.0,2182.0,187400,0.0,0.0
2023-03-30 13:00:00+09:00,2183.0,2183.0,2172.0,2182.0,13300,0.0,0.0
2023-03-30 14:00:00+09:00,2179.0,2204.0,2175.0,2204.0,29900,0.0,0.0
2023-03-31 09:00:00+09:00,2210.0,2212.0,2175.0,2177.0,57100,0.0,0.0
2023-03-31 10:00:00+09:00,2176.0,2190.0,2174.0,2186.0,15400,0.0,0.0
2023-03-31 11:00:00+09:00,2189.0,2194.0,2179.0,2184.0,0,0.0,0.0
2023-03-31 12:00:00+09:00,2171.0,2190.0,2167.0,2187.0,115900,0.0,0.0
2023-03-31 13:00:00+09:00,2190.0,2199.0,2185.0,2186.0,21800,0.0,0.0
2023-03-31 14:00:00+09:00,2185.0,2190.0,2180.0,2183.0,48600,0.0,0.0
2023-04-03 09:00:00+09:00,2200.0,2243.0,2187.0,2242.0,66200,0.0,0.0
2023-04-03 10:00:00+09:00,2242.0,2245.0,2222.0,2226.0,15100,0.0,0.0
2023-04-03 11:00:00+09:00,2227.0,2230.0,2223.0,2229.0,0,0.0,0.0
2023-04-03 12:00:00+09:00,2230.0,2239.0,2229.0,2230.0,105400,0.0,0.0
2023-04-03 13:00:00+09:00,2229.0,2236.0,2218.0,2222.0,22000,0.0,0.0
2023-04-03 14:00:00+09:00,2223.0,2232.0,2221.0,2231.0,28800,0.0,0.0
2023-04-04 09:00:00+09:00,2247.0,2258.0,2208.0,2214.0,53700,0.0,0.0
2023-04-04 10:00:00+09:00,2213.0,2240.0,2209.0,2238.0,18300,0.0,0.0
2023-04-04 11:00:00+09:00,2239.0,2240.0,2235.0,2238.0,0,0.0,0.0
2023-04-04 12:00:00+09:00,2238.0,2241.0,2228.0,2231.0,96300,0.0,0.0
2023-04-04 13:00:00+09:00,2231.0,2232.0,2226.0,2230.0,14300,0.0,0.0
2023-04-04 14:00:00+09:00,2230.0,2247.0,2230.0,2247.0,32900,0.0,0.0
2023-04-05 09:00:00+09:00,2240.0,2255.0,2223.0,2228.0,39100,0.0,0.0
2023-04-05 10:00:00+09:00,2229.0,2229.0,2208.0,2216.0,14900,0.0,0.0
2023-04-05 11:00:00+09:00,2220.0,2224.0,2219.0,2224.0,0,0.0,0.0
2023-04-05 12:00:00+09:00,2218.0,2223.0,2215.0,2219.0,70400,0.0,0.0
2023-04-05 13:00:00+09:00,2221.0,2226.0,2211.0,2214.0,16300,0.0,0.0
2023-04-05 14:00:00+09:00,2213.0,2216.0,2206.0,2211.0,24700,0.0,0.0
2023-04-06 09:00:00+09:00,2190.0,2206.0,2180.0,2205.0,34600,0.0,0.0
2023-04-06 10:00:00+09:00,2206.0,2214.0,2202.0,2214.0,11100,0.0,0.0
2023-04-06 11:00:00+09:00,2212.0,2213.0,2202.0,2205.0,0,0.0,0.0
2023-04-06 12:00:00+09:00,2197.0,2199.0,2185.0,2185.0,71800,0.0,0.0
2023-04-06 13:00:00+09:00,2188.0,2201.0,2185.0,2197.0,15200,0.0,0.0
2023-04-06 14:00:00+09:00,2197.0,2201.0,2193.0,2197.0,29100,0.0,0.0
2023-04-07 09:00:00+09:00,2194.0,2233.0,2186.0,2223.0,37200,0.0,0.0
2023-04-07 10:00:00+09:00,2224.0,2227.0,2210.0,2213.0,8000,0.0,0.0
2023-04-07 11:00:00+09:00,2211.0,2222.0,2211.0,2217.0,0,0.0,0.0
2023-04-07 12:00:00+09:00,2217.0,2217.0,2211.0,2214.0,58200,0.0,0.0
2023-04-07 13:00:00+09:00,2214.0,2216.0,2211.0,2214.0,7400,0.0,0.0
2023-04-07 14:00:00+09:00,2213.0,2222.0,2213.0,2215.0,15200,0.0,0.0
2023-04-10 09:00:00+09:00,2217.0,2250.0,2217.0,2250.0,33600,0.0,0.0
2023-04-10 10:00:00+09:00,2248.0,2254.0,2241.0,2251.0,19300,0.0,0.0
2023-04-10 11:00:00+09:00,2250.0,2255.0,2247.0,2247.0,0,0.0,0.0
2023-04-10 12:00:00+09:00,2243.0,2251.0,2238.0,2248.0,80000,0.0,0.0
2023-04-10 13:00:00+09:00,2248.0,2249.0,2244.0,2245.0,13500,0.0,0.0
2023-04-10 14:00:00+09:00,2244.0,2250.0,2238.0,2248.0,24700,0.0,0.0
2023-04-11 09:00:00+09:00,2270.0,2286.0,2250.0,2260.0,34400,0.0,0.0
2023-04-11 10:00:00+09:00,2261.0,2269.0,2261.0,2268.0,9700,0.0,0.0
2023-04-11 11:00:00+09:00,2270.0,2275.0,2265.0,2265.0,0,0.0,0.0
2023-04-11 12:00:00+09:00,2266.0,2270.0,2265.0,2270.0,61300,0.0,0.0
2023-04-11 13:00:00+09:00,2271.0,2275.0,2267.0,2267.0,11700,0.0,0.0
2023-04-11 14:00:00+09:00,2267.0,2269.0,2262.0,2269.0,21200,0.0,0.0
2023-04-12 09:00:00+09:00,2265.0,2314.0,2261.0,2301.0,51900,0.0,0.0
2023-04-12 10:00:00+09:00,2303.0,2321.0,2303.0,2318.0,19500,0.0,0.0
2023-04-12 11:00:00+09:00,2317.0,2320.0,2308.0,2314.0,0,0.0,0.0
2023-04-12 12:00:00+09:00,2312.0,2313.0,2303.0,2303.0,95200,0.0,0.0
2023-04-12 13:00:00+09:00,2305.0,2313.0,2298.0,2302.0,29900,0.0,0.0
2023-04-12 14:00:00+09:00,2302.0,2309.0,2301.0,2308.0,22700,0.0,0.0
2023-04-13 09:00:00+09:00,2291.0,2313.0,2285.0,2301.0,0,0.0,0.0
2023-04-13 10:00:00+09:00,2301.0,2301.0,2291.0,2301.0,69600,0.0,0.0
2023-04-13 11:00:00+09:00,2302.0,2302.0,2290.0,2294.0,0,0.0,0.0
2023-04-13 12:00:00+09:00,2289.0,2298.0,2289.0,2296.0,97800,0.0,0.0
2023-04-13 13:00:00+09:00,2296.0,2301.0,2294.0,2300.0,21500,0.0,0.0
2023-04-13 14:00:00+09:00,2301.0,2305.0,2297.0,2304.0,32700,0.0,0.0
2023-04-14 09:00:00+09:00,2312.0,2338.0,2312.0,2328.0,42500,0.0,0.0
2023-04-14 10:00:00+09:00,2330.0,2334.0,2319.0,2320.0,20300,0.0,0.0
2023-04-14 11:00:00+09:00,2319.0,2322.0,2317.0,2320.0,0,0.0,0.0
2023-04-14 12:00:00+09:00,2320.0,2321.0,2310.0,2314.0,91300,0.0,0.0
2023-04-14 13:00:00+09:00,2315.0,2321.0,2311.0,2317.0,14600,0.0,0.0
2023-04-14 14:00:00+09:00,2318.0,2323.0,2314.0,2320.0,27400,0.0,0.0
2023-04-17 09:00:00+09:00,2325.0,2326.0,2306.0,2322.0,32100,0.0,0.0
2023-04-17 10:00:00+09:00,2322.0,2323.0,2311.0,2311.0,8500,0.0,0.0
2023-04-17 11:00:00+09:00,2312.0,2315.0,2310.0,2315.0,0,0.0,0.0
2023-04-17 12:00:00+09:00,2312.0,2317.0,2308.0,2317.0,60100,0.0,0.0
2023-04-17 13:00:00+09:00,2317.0,2324.0,2315.0,2322.0,10700,0.0,0.0
2023-04-17 14:00:00+09:00,2324.0,2333.0,2324.0,2327.0,25200,0.0,0.0
2023-04-18 09:00:00+09:00,2328.0,2338.0,2320.0,2337.0,28500,0.0,0.0
2023-04-18 10:00:00+09:00,2338.0,2348.0,2330.0,2334.0,13600,0.0,0.0
2023-04-18 11:00:00+09:00,2335.0,2342.0,2335.0,2339.0,0,0.0,0.0
2023-04-18 12:00:00+09:00,2338.0,2340.0,2333.0,2338.0,59100,0.0,0.0
2023-04-18 13:00:00+09:00,2341.0,2347.0,2340.0,2344.0,17300,0.0,0.0
2023-04-18 14:00:00+09:00,2346.0,2358.0,2343.0,2358.0,27700,0.0,0.0
2023-04-19 09:00:00+09:00,2357.0,2360.0,2339.0,2358.0,30900,0.0,0.0
2023-04-19 10:00:00+09:00,2355.0,2364.0,2345.0,2364.0,14200,0.0,0.0
2023-04-19 11:00:00+09:00,2362.0,2366.0,2361.0,2366.0,0,0.0,0.0
2023-04-19 12:00:00+09:00,2363.0,2365.0,2357.0,2361.0,69000,0.0,0.0
2023-04-19 13:00:00+09:00,2361.0,2361.0,2357.0,2361.0,13200,0.0,0.0
2023-04-19 14:00:00+09:00,2361.0,2362.0,2355.0,2362.0,27100,0.0,0.0
2023-04-20 09:00:00+09:00,2361.0,2382.0,2360.0,2362.0,34200,0.0,0.0
2023-04-20 10:00:00+09:00,2362.0,2367.0,2358.0,2365.0,12900,0.0,0.0
2023-04-20 11:00:00+09:00,2367.0,2368.0,2361.0,2367.0,0,0.0,0.0
2023-04-20 12:00:00+09:00,2367.0,2367.0,2363.0,2367.0,62500,0.0,0.0
2023-04-20 13:00:00+09:00,2367.0,2387.0,2365.0,2377.0,36300,0.0,0.0
2023-04-20 14:00:00+09:00,2376.0,2378.0,2370.0,2375.0,26800,0.0,0.0
2023-04-21 09:00:00+09:00,2374.0,2394.0,2358.0,2394.0,37300,0.0,0.0
2023-04-21 10:00:00+09:00,2395.0,2400.0,2392.0,2397.0,25600,0.0,0.0
2023-04-21 11:00:00+09:00,2397.0,2399.0,2392.0,2394.0,0,0.0,0.0
2023-04-21 12:00:00+09:00,2392.0,2392.0,2378.0,2381.0,93500,0.0,0.0
2023-04-21 13:00:00+09:00,2382.0,2382.0,2364.0,2372.0,17700,0.0,0.0
2023-04-21 14:00:00+09:00,2373.0,2374.0,2367.0,2370.0,26700,0.0,0.0
2023-04-24 09:00:00+09:00,2376.0,2394.0,2376.0,2391.0,25400,0.0,0.0
2023-04-24 10:00:00+09:00,2390.0,2406.0,2390.0,2406.0,13300,0.0,0.0
2023-04-24 11:00:00+09:00,2405.0,2406.0,2404.0,2406.0,0,0.0,0.0
2023-04-24 12:00:00+09:00,2400.0,2402.0,2391.0,2396.0,51900,0.0,0.0
2023-04-24 13:00:00+09:00,2396.0,2403.0,2390.0,2401.0,16000,0.0,0.0
2023-04-24 14:00:00+09:00,2401.0,2403.0,2394.0,2400.0,18900,0.0,0.0
2023-04-25 09:00:00+09:00,2400.0,2423.0,2399.0,2412.0,42900,0.0,0.0
2023-04-25 10:00:00+09:00,2411.0,2413.0,2403.0,2408.0,11900,0.0,0.0
2023-04-25 11:00:00+09:00,2408.0,2411.0,2403.0,2404.0,0,0.0,0.0
2023-04-25 12:00:00+09:00,2403.0,2403.0,2391.0,2398.0,77100,0.0,0.0
2023-04-25 13:00:00+09:00,2396.0,2397.0,2389.0,2389.0,21400,0.0,0.0
2023-04-25 14:00:00+09:00,2389.0,2394.0,2387.0,2390.0,30600,0.0,0.0
2023-04-26 09:00:00+09:00,2375.0,2392.0,2364.0,2390.0,25000,0.0,0.0
2023-04-26 10:00:00+09:00,2390.0,2396.0,2386.0,2391.0,10300,0.0,0.0
2023-04-26 11:00:00+09:00,2392.0,2393.0,2388.0,2388.0,0,0.0,0.0
2023-04-26 12:00:00+09:00,2382.0,2387.0,2366.0,2366.0,54100,0.0,0.0
2023-04-26 13:00:00+09:00,2365.0,2375.0,2362.0,2373.0,15800,0.0,0.0
2023-04-26 14:00:00+09:00,2373.0,2382.0,2370.0,2370.0,32000,0.0,0.0
2023-04-27 09:00:00+09:00,2360.0,2370.0,2355.0,2361.0,0,0.0,0.0
2023-04-27 10:00:00+09:00,2360.0,2376.0,2356.0,2373.0,43000,0.0,0.0
2023-04-27 11:00:00+09:00,2373.0,2375.0,2365.0,2365.0,0,0.0,0.0
2023-04-27 12:00:00+09:00,2365.0,2375.0,2363.0,2372.0,70600,0.0,0.0
2023-04-27 13:00:00+09:00,2372.0,2381.0,2370.0,2379.0,20200,0.0,0.0
2023-04-27 14:00:00+09:00,2379.0,2381.0,2375.0,2380.0,29600,0.0,0.0
2023-04-28 09:00:00+09:00,2400.0,2415.0,2397.0,2406.0,24400,0.0,0.0
2023-04-28 10:00:00+09:00,2406.0,2414.0,2402.0,2411.0,14500,0.0,0.0
2023-04-28 11:00:00+09:00,2410.0,2414.0,2407.0,2407.0,0,0.0,0.0
2023-04-28 12:00:00+09:00,2407.0,2408.0,2397.0,2404.0,52800,0.0,0.0
2023-04-28 13:00:00+09:00,2403.0,2429.0,2402.0,2423.0,24900,0.0,0.0
2023-04-28 14:00:00+09:00,2423.0,2436.0,2422.0,2431.0,44500,0.0,0.0
2023-05-01 09:00:00+09:00,2447.0,2475.0,2444.0,2472.0,40000,0.0,0.0
2023-05-01 10:00:00+09:00,2472.0,2475.0,2465.0,2467.0,17200,0.0,0.0
2023-05-01 11:00:00+09:00,2466.0,2466.0,2459.0,2466.0,0,0.0,0.0
2023-05-01 12:00:00+09:00,2470.0,2479.0,2465.0,2479.0,87300,0.0,0.0
2023-05-01 13:00:00+09:00,2479.0,2487.0,2476.0,2484.0,20900,0.0,0.0
2023-05-01 14:00:00+09:00,2485.0,2496.0,2485.0,2491.0,45100,0.0,0.0
2023-05-02 09:00:00+09:00,2502.0,2509.0,2475.0,2476.0,56400,0.0,0.0
2023-05-02 10:00:00+09:00,2478.0,2483.0,2475.0,2483.0,17100,0.0,0.0
2023-05-02 11:00:00+09:00,2483.0,2484.0,2480.0,2481.0,0,0.0,0.0
2023-05-02 12:00:00+09:00,2480.0,2492.0,2480.0,2492.0,99600,0.0,0.0
2023-05-02 13:00:00+09:00,2492.0,2498.0,2486.0,2493.0,21300,0.0,0.0
2023-05-02 14:00:00+09:00,2492.0,2498.0,2490.0,2493.0,31200,0.0,0.0
2023-05-08 09:00:00+09:00,2483.0,2538.0,2483.0,2530.0,72000,0.0,0.0
2023-05-08 10:00:00+09:00,2529.0,2531.0,2503.0,2504.0,25000,0.0,0.0
2023-05-08 11:00:00+09:00,2505.0,2507.0,2494.0,2501.0,0,0.0,0.0
2023-05-08 12:00:00+09:00,2501.0,2508.0,2501.0,2508.0,122300,0.0,0.0
2023-05-08 13:00:00+09:00,2508.0,2514.0,2507.0,2513.0,19800,0.0,0.0
2023-05-08 14:00:00+09:00,2512.0,2524.0,2512.0,2520.0,39400,0.0,0.0
2023-05-09 09:00:00+09:00,2530.0,2534.0,2506.0,2515.0,0,0.0,0.0
2023-05-09 10:00:00+09:00,2515.0,2536.0,2515.0,2527.0,75700,0.0,0.0
2023-05-09 11:00:00+09:00,2527.0,2529.0,2523.0,2526.0,0,0.0,0.0
2023-05-09 12:00:00+09:00,2526.0,2528.0,2524.0,2527.0,101000,0.0,0.0
2023-05-09 13:00:00+09:00,2528.0,2536.0,2522.0,2535.0,33700,0.0,0.0
2023-05-09 14:00:00+09:00,2535.0,2539.0,2531.0,2534.0,37100,0.0,0.0
2023-05-10 09:00:00+09:00,2537.0,2542.0,2513.0,2516.0,40000,0.0,0.0
2023-05-10 10:00:00+09:00,2516.0,2520.0,2498.0,2499.0,17200,0.0,0.0
2023-05-10 11:00:00+09:00,2500.0,2500.0,2491.0,2493.0,0,0.0,0.0
2023-05-10 12:00:00+09:00,2491.0,2493.0,2486.0,2492.0,93800,0.0,0.0
2023-05-10 13:00:00+09:00,2492.0,2501.0,2489.0,2499.0,22000,0.0,0.0
2023-05-10 14:00:00+09:00,2498.0,2500.0,2480.0,2488.0,54500,0.0,0.0
2023-05-11 09:00:00+09:00,2482.0,2497.0,2469.0,2473.0,0,0.0,0.0
2023-05-11 10:00:00+09:00,2474.0,2488.0,2473.0,2483.0,48700,0.0,0.0
2023-05-11 11:00:00+09:00,2483.0,2485.0,2477.0,2477.0,0,0.0,0.0
2023-05-11 12:00:00+09:00,2480.0,2494.0,2477.0,2490.0,85600,0.0,0.0
2023-05-11 13:00:00+09:00,2491.0,2493.0,2485.0,2486.0,17500,0.0,0.0
2023-05-11 14:00:00+09:00,2486.0,2489.0,2481.0,2486.0,31100,0.0,0.0
2023-05-12 09:00:00+09:00,2482.0,2504.0,2472.0,2501.0,45800,0.0,0.0
2023-05-12 10:00:00+09:00,2500.0,2506.0,2493.0,2494.0,16400,0.0,0.0
2023-05-12 11:00:00+09:00,2493.0,2496.0,2491.0,2494.0,0,0.0,0.0
2023-05-12 12:00:00+09:00,2498.0,2503.0,2492.0,2493.0,87100,0.0,0.0
2023-05-12 13:00:00+09:00,2493.0,2500.0,2483.0,2495.0,24800,0.0,0.0
2023-05-12 14:00:00+09:00,2495.0,2513.0,2495.0,2512.0,36900,0.0,0.0
2023-05-15 09:00:00+09:00,2535.0,2549.0,2515.0,2549.0,46100,0.0,0.0
2023-05-15 10:00:00+09:00,2549.0,2562.0,2549.0,2562.0,30800,0.0,0.0
2023-05-15 11:00:00+09:00,2562.0,2563.0,2557.0,2561.0,0,0.0,0.0
2023-05-15 12:00:00+09:00,2564.0,2577.0,2562.0,2577.0,118600,0.0,0.0
2023-05-15 13:00:00+09:00,2576.0,2581.0,2571.0,2573.0,43200,0.0,0.0
2023-05-15 14:00:00+09:00,2572.0,2572.0,2560.0,2570.0,58200,0.0,0.0
2023-05-16 09:00:00+09:00,2526.0,2530.0,2434.0,2468.0,136000,0.0,0.0
2023-05-16 10:00:00+09:00,2474.0,2500.0,2471.0,2498.0,25800,0.0,0.0
2023-05-16 11:00:00+09:00,2498.0,2498.0,2485.0,2489.0,0,0.0,0.0
2023-05-16 12:00:00+09:00,2497.0,2506.0,2494.0,2504.0,201400,0.0,0.0
2023-05-16 13:00:00+09:00,2504.0,2511.0,2502.0,2510.0,25500,0.0,0.0
2023-05-16 14:00:00+09:00,2510.0,2527.0,2507.0,2527.0,52900,0.0,0.0
2023-05-17 09:00:00+09:00,2506.0,2538.0,2506.0,2519.0,55000,0.0,0.0
2023-05-17 10:00:00+09:00,2519.0,2553.0,2518.0,2542.0,28600,0.0,0.0
2023-05-17 11:00:00+09:00,2539.0,2544.0,2538.0,2542.0,0,0.0,0.0
2023-05-17 12:00:00+09:00,2540.0,2546.0,2516.0,2519.0,122300,0.0,0.0
2023-05-17 13:00:00+09:00,2517.0,2525.0,2512.0,2524.0,27600,0.0,0.0
2023-05-17 14:00:00+09:00,2523.0,2525.0,2518.0,2522.0,50300,0.0,0.0
2023-05-18 09:00:00+09:00,2542.0,2547.0,2510.0,2514.0,55800,0.0,0.0
2023-05-18 10:00:00+09:00,2514.0,2523.0,2512.0,2523.0,23900,0.0,0.0
2023-05-18 11:00:00+09:00,2524.0,2533.0,2524.0,2528.0,0,0.0,0.0
2023-05-18 12:00:00+09:00,2528.0,2534.0,2521.0,2525.0,115200,0.0,0.0
2023-05-18 13:00:00+09:00,2528.0,2535.0,2525.0,2534.0,26200,0.0,0.0
2023-05-18 14:00:00+09:00,2533.0,2542.0,2532.0,2542.0,40100,0.0,0.0
2023-05-19 09:00:00+09:00,2550.0,2551.0,2512.0,2527.0,39500,0.0,0.0
2023-05-19 10:00:00+09:00,2528.0,2540.0,2524.0,2530.0,19200,0.0,0.0
2023-05-19 11:00:00+09:00,2531.0,2537.0,2531.0,2532.0,0,0.0,0.0
2023-05-19 12:00:00+09:00,2528.0,2537.0,2520.0,2524.0,84500,0.0,0.0
2023-05-19 13:00:00+09:00,2525.0,2525.0,2515.0,2515.0,16500,0.0,0.0
2023-05-19 14:00:00+09:00,2516.0,2517.0,2507.0,2508.0,47800,0.0,0.0
2023-05-22 09:00:00+09:00,2500.0,2515.0,2486.0,2501.0,46800,0.0,0.0
2023-05-22 10:00:00+09:00,2501.0,2502.0,2478.0,2481.0,29000,0.0,0.0
2023-05-22 11:00:00+09:00,2482.0,2483.0,2478.0,2478.0,0,0.0,0.0
2023-05-22 12:00:00+09:00,2477.0,2480.0,2473.0,2477.0,104500,0.0,0.0
2023-05-22 13:00:00+09:00,2478.0,2497.0,2476.0,2497.0,27000,0.0,0.0
2023-05-22 14:00:00+09:00,2496.0,2500.0,2492.0,2500.0,33300,0.0,0.0
2023-05-23 09:00:00+09:00,2509.0,2509.0,2479.0,2501.0,48700,0.0,0.0
2023-05-23 10:00:00+09:00,2499.0,2513.0,2499.0,2502.0,21900,0.0,0.0
2023-05-23 11:00:00+09:00,2502.0,2502.0,2494.0,2498.0,0,0.0,0.0
2023-05-23 12:00:00+09:00,2498.0,2498.0,2470.0,2486.0,112900,0.0,0.0
2023-05-23 13:00:00+09:00,2485.0,2485.0,2460.0,2467.0,26300,0.0,0.0
2023-05-23 14:00:00+09:00,2467.0,2480.0,2466.0,2477.0,37000,0.0,0.0
2023-05-24 09:00:00+09:00,2451.0,2463.0,2441.0,2449.0,50600,0.0,0.0
2023-05-24 10:00:00+09:00,2450.0,2452.0,2425.0,2425.0,30700,0.0,0.0
2023-05-24 11:00:00+09:00,2425.0,2425.0,2414.0,2419.0,0,0.0,0.0
2023-05-24 12:00:00+09:00,2414.0,2424.0,2410.0,2421.0,129800,0.0,0.0
2023-05-24 13:00:00+09:00,2422.0,2432.0,2422.0,2432.0,28000,0.0,0.0
2023-05-24 14:00:00+09:00,2432.0,2432.0,2421.0,2421.0,37100,0.0,0.0
2023-05-25 09:00:00+09:00,2423.0,2459.0,2408.0,2443.0,41300,0.0,0.0
2023-05-25 10:00:00+09:00,2441.0,2447.0,2429.0,2441.0,14300,0.0,0.0
2023-05-25 11:00:00+09:00,2441.0,2449.0,2441.0,2449.0,0,0.0,0.0
2023-05-25 12:00:00+09:00,2450.0,2450.0,2441.0,2445.0,74000,0.0,0.0
2023-05-25 13:00:00+09:00,2444.0,2444.0,2427.0,2431.0,17100,0.0,0.0
2023-05-25 14:00:00+09:00,2431.0,2437.0,2429.0,2433.0,26200,0.0,0.0
2023-05-26 09:00:00+09:00,2429.0,2444.0,2410.0,2441.0,30000,0.0,0.0
2023-05-26 10:00:00+09:00,2441.0,2448.0,2440.0,2447.0,11200,0.0,0.0
2023-05-26 11:00:00+09:00,2449.0,2452.0,2445.0,2449.0,0,0.0,0.0
2023-05-26 12:00:00+09:00,2445.0,2449.0,2438.0,2443.0,60700,0.0,0.0
2023-05-26 13:00:00+09:00,2445.0,2447.0,2441.0,2447.0,11600,0.0,0.0
2023-05-26 14:00:00+09:00,2446.0,2446.0,2438.0,2438.0,30100,0.0,0.0
2023-05-29 09:00:00+09:00,2471.0,2471.0,2428.0,2438.0,30400,0.0,0.0
2023-05-29 10:00:00+09:00,2438.0,2448.0,2436.0,2447.0,9400,0.0,0.0
2023-05-29 11:00:00+09:00,2448.0,2452.0,2447.0,2447.0,0,0.0,0.0
2023-05-29 12:00:00+09:00,2447.0,2459.0,2445.0,2455.0,61000,0.0,0.0
2023-05-29 13:00:00+09:00,2456.0,2464.0,2452.0,2461.0,15600,0.0,0.0
2023-05-29 14:00:00+09:00,2461.0,2462.0,2451.0,2452.0,26000,0.0,0.0
2023-05-30 09:00:00+09:00,2438.0,2438.0,2400.0,2413.0,28000,0.0,0.0
2023-05-30 10:00:00+09:00,2414.0,2420.0,2409.0,2409.0,9600,0.0,0.0
2023-05-30 11:00:00+09:00,2407.0,2417.0,2407.0,2414.0,0,0.0,0.0
2023-05-30 12:00:00+09:00,2412.0,2430.0,2411.0,2429.0,50000,0.0,0.0
2023-05-30 13:00:00+09:00,2430.0,2431.0,2416.0,2422.0,19100,0.0,0.0
2023-05-30 14:00:00+09:00,2423.0,2425.0,2416.0,2417.0,35200,0.0,0.0
2023-05-31 09:00:00+09:00,2408.0,2427.0,2394.0,2425.0,46000,0.0,0.0
2023-05-31 10:00:00+09:00,2427.0,2455.0,2426.0,2450.0,21600,0.0,0.0
2023-05-31 11:00:00+09:00,2451.0,2457.0,2447.0,2449.0,0,0.0,0.0
2023-05-31 12:00:00+09:00,2449.0,2459.0,2446.0,2452.0,133600,0.0,0.0
2023-05-31 13:00:00+09:00,2453.0,2455.0,2445.0,2449.0,28800,0.0,0.0
2023-05-31 14:00:00+09:00,2447.0,2447.0,2437.0,2445.0,60000,0.0,0.0
2023-06-01 09:00:00+09:00,2430.0,2453.0,2413.0,2446.0,41900,0.0,0.0
2023-06-01 10:00:00+09:00,2447.0,2463.0,2447.0,2457.0,0,0.0,0.0
2023-06-01 11:00:00+09:00,2457.0,2458.0,2452.0,2453.0,0,0.0,0.0
2023-06-01 12:00:00+09:00,2453.0,2461.0,2453.0,2459.0,82500,0.0,0.0
2023-06-01 13:00:00+09:00,2459.0,2460.0,2455.0,2457.0,14600,0.0,0.0
2023-06-01 14:00:00+09:00,2458.0,2462.0,2455.0,2456.0,33100,0.0,0.0
2023-06-02 09:00:00+09:00,2465.0,2472.0,2453.0,2453.0,35100,0.0,0.0
2023-06-02 10:00:00+09:00,2454.0,2460.0,2454.0,2457.0,14200,0.0,0.0
2023-06-02 11:00:00+09:00,2458.0,2459.0,2454.0,2457.0,0,0.0,0.0
2023-06-02 12:00:00+09:00,2455.0,2468.0,2455.0,2465.0,76100,0.0,0.0
2023-06-02 13:00:00+09:00,2466.0,2479.0,2466.0,2479.0,22200,0.0,0.0
2023-06-02 14:00:00+09:00,2479.0,2483.0,2476.0,2482.0,32000,0.0,0.0
2023-06-05 09:00:00+09:00,2517.0,2522.5,2496.0,2503.0,40200,0.0,0.0
2023-06-05 10:00:00+09:00,2502.5,2514.0,2502.0,2513.5,14200,0.0,0.0
2023-06-05 11:00:00+09:00,2514.0,2516.0,2512.0,2516.0,0,0.0,0.0
2023-06-05 12:00:00+09:00,2516.0,2517.0,2501.0,2507.5,84700,0.0,0.0
2023-06-05 13:00:00+09:00,2509.5,2514.5,2504.5,2511.5,20100,0.0,0.0
2023-06-05 14:00:00+09:00,2510.0,2510.0,2502.0,2504.5,42400,0.0,0.0
2023-06-06 09:00:00+09:00,2479.0,2485.0,2454.5,2481.0,41000,0.0,0.0
2023-06-06 10:00:00+09:00,2479.0,2494.0,2479.0,2494.0,12300,0.0,0.0
2023-06-06 11:00:00+09:00,2493.0,2500.5,2491.0,2499.5,0,0.0,0.0
2023-06-06 12:00:00+09:00,2499.5,2499.5,2485.0,2497.5,74500,0.0,0.0
2023-06-06 13:00:00+09:00,2497.5,2502.0,2493.0,2498.0,19600,0.0,0.0
2023-06-06 14:00:00+09:00,2499.0,2505.0,2496.5,2504.0,46900,0.0,0.0
2023-06-07 09:00:00+09:00,2517.0,2533.5,2502.0,2503.0,56600,0.0,0.0
2023-06-07 10:00:00+09:00,2503.0,2507.0,2481.0,2503.0,17800,0.0,0.0
2023-06-07 11:00:00+09:00,2500.5,2503.0,2498.5,2500.5,0,0.0,0.0
2023-06-07 12:00:00+09:00,2499.5,2523.0,2499.5,2522.5,95200,0.0,0.0
2023-06-07 13:00:00+09:00,2522.0,2525.5,2492.5,2520.5,41400,0.0,0.0
2023-06-07 14:00:00+09:00,2521.5,2521.5,2510.0,2512.5,33000,0.0,0.0
2023-06-08 09:00:00+09:00,2499.5,2507.5,2464.0,2483.5,47500,0.0,0.0
2023-06-08 10:00:00+09:00,2484.0,2495.5,2484.0,2494.5,9800,0.0,0.0
2023-06-08 11:00:00+09:00,2493.0,2493.5,2484.0,2485.5,0,0.0,0.0
2023-06-08 12:00:00+09:00,2485.5,2485.5,2461.0,2464.5,103700,0.0,0.0
2023-06-08 13:00:00+09:00,2464.0,2476.0,2462.5,2466.0,24500,0.0,0.0
2023-06-08 14:00:00+09:00,2465.0,2477.0,2463.0,2474.5,29200,0.0,0.0
2023-06-09 09:00:00+09:00,2510.0,2512.5,2491.0,2497.0,117200,0.0,0.0
2023-06-09 10:00:00+09:00,2498.5,2504.0,2498.0,2502.0,9800,0.0,0.0
2023-06-09 11:00:00+09:00,2502.5,2503.0,2492.0,2497.5,0,0.0,0.0
2023-06-09 12:00:00+09:00,2497.0,2505.0,2497.0,2505.0,143500,0.0,0.0
2023-06-09 13:00:00+09:00,2505.0,2508.5,2500.0,2507.0,18000,0.0,0.0
2023-06-09 14:00:00+09:00,2507.5,2515.0,2504.0,2512.0,24700,0.0,0.0
2023-06-12 09:00:00+09:00,2513.0,2520.5,2511.0,2517.0,22500,0.0,0.0
2023-06-12 10:00:00+09:00,2518.5,2524.0,2518.0,2523.5,9000,0.0,0.0
2023-06-12 11:00:00+09:00,2523.0,2526.5,2521.0,2521.0,0,0.0,0.0
2023-06-12 12:00:00+09:00,2521.0,2525.0,2516.5,2521.5,55100,0.0,0.0
2023-06-12 13:00:00+09:00,2521.5,2522.5,2515.5,2521.5,11300,0.0,0.0
2023-06-12 14:00:00+09:00,2522.5,2532.0,2518.5,2528.5,26400,0.0,0.0
2023-06-13 09:00:00+09:00,2530.0,2539.0,2519.5,2519.5,48200,0.0,0.0
2023-06-13 10:00:00+09:00,2521.0,2541.0,2518.5,2541.0,30400,0.0,0.0
2023-06-13 11:00:00+09:00,2541.0,2554.0,2540.5,2554.0,0,0.0,0.0
2023-06-13 12:00:00+09:00,2550.0,2562.5,2550.0,2554.0,157400,0.0,0.0
2023-06-13 13:00:00+09:00,2554.0,2555.5,2544.0,2546.5,48700,0.0,0.0
2023-06-13 14:00:00+09:00,2545.5,2550.5,2533.0,2545.5,76900,0.0,0.0
2023-06-14 09:00:00+09:00,2561.5,2587.5,2551.5,2585.0,64600,0.0,0.0
2023-06-14 10:00:00+09:00,2585.5,2589.0,2579.5,2581.5,22000,0.0,0.0
2023-06-14 11:00:00+09:00,2581.0,2582.0,2574.0,2578.5,0,0.0,0.0
2023-06-14 12:00:00+09:00,2577.0,2582.0,2571.5,2581.0,120200,0.0,0.0
2023-06-14 13:00:00+09:00,2581.5,2587.5,2579.5,2580.5,29000,0.0,0.0
2023-06-14 14:00:00+09:00,2581.0,2587.0,2576.5,2579.0,39400,0.0,0.0
2023-06-15 09:00:00+09:00,2574.0,2574.0,2560.0,2566.0,31800,0.0,0.0
2023-06-15 10:00:00+09:00,2565.5,2566.5,2558.5,2566.5,14100,0.0,0.0
2023-06-15 11:00:00+09:00,2566.0,2572.0,2566.0,2572.0,0,0.0,0.0
2023-06-15 12:00:00+09:00,2574.0,2584.5,2570.0,2583.0,73100,0.0,0.0
2023-06-15 13:00:00+09:00,2584.5,2587.0,2580.5,2583.0,21900,0.0,0.0
2023-06-15 14:00:00+09:00,2582.0,2583.5,2572.0,2572.0,31300,0.0,0.0
2023-06-16 09:00:00+09:00,2556.0,2556.0,2535.0,2549.0,20600,0.0,0.0
2023-06-16 10:00:00+09:00,2550.0,2557.0,2546.5,2548.5,11200,0.0,0.0
2023-06-16 11:00:00+09:00,2547.5,2550.0,2542.0,2542.0,0,0.0,0.0
2023-06-16 12:00:00+09:00,2559.0,2559.0,2549.5,2554.5,50600,0.0,0.0
2023-06-16 13:00:00+09:00,2555.5,2568.0,2554.5,2562.5,19700,0.0,0.0
2023-06-16 14:00:00+09:00,2562.0,2572.0,2559.5,2570.5,34700,0.0,0.0
2023-06-19 09:00:00+09:00,2571.0,2572.0,2542.5,2554.0,37700,0.0,0.0
2023-06-19 10:00:00+09:00,2555.5,2566.0,2555.5,2559.0,15500,0.0,0.0
2023-06-19 11:00:00+09:00,2559.0,2562.5,2559.0,2561.0,0,0.0,0.0
2023-06-19 12:00:00+09:00,2560.5,2561.0,2537.5,2539.5,76300,0.0,0.0
2023-06-19 13:00:00+09:00,2538.0,2542.5,2534.0,2539.5,20000,0.0,0.0
2023-06-19 14:00:00+09:00,2539.5,2551.0,2537.5,2550.5,26800,0.0,0.0
2023-06-20 09:00:00+09:00,2548.0,2559.0,2538.0,2544.0,24500,0.0,0.0
2023-06-20 10:00:00+09:00,2544.5,2560.0,2543.0,2556.5,13600,0.0,0.0
2023-06-20 11:00:00+09:00,2557.0,2572.0,2556.5,2561.0,0,0.0,0.0
2023-06-20 12:00:00+09:00,2561.0,2574.0,2561.0,2573.0,69400,0.0,0.0
2023-06-20 13:00:00+09:00,2572.0,2572.0,2562.5,2572.0,21100,0.0,0.0
2023-06-20 14:00:00+09:00,2571.5,2581.5,2571.0,2581.5,30400,0.0,0.0
2023-06-21 09:00:00+09:00,2584.0,2614.0,2579.0,2610.5,53800,0.0,0.0
2023-06-21 10:00:00+09:00,2610.0,2625.5,2610.0,2623.5,20000,0.0,0.0
2023-06-21 11:00:00+09:00,2623.0,2626.5,2621.0,2621.5,0,0.0,0.0
2023-06-21 12:00:00+09:00,2621.0,2622.5,2594.5,2599.5,104200,0.0,0.0
2023-06-21 13:00:00+09:00,2598.0,2601.5,2595.0,2599.0,20100,0.0,0.0
2023-06-21 14:00:00+09:00,2599.5,2607.0,2597.0,2605.5,38500,0.0,0.0
2023-06-22 09:00:00+09:00,2594.0,2628.0,2581.0,2620.0,45200,0.0,0.0
2023-06-22 10:00:00+09:00,2621.0,2627.5,2617.5,2624.0,22800,0.0,0.0
2023-06-22 11:00:00+09:00,2624.5,2627.0,2619.5,2621.0,0,0.0,0.0
2023-06-22 12:00:00+09:00,2616.0,2618.5,2611.0,2618.5,95900,0.0,0.0
2023-06-22 13:00:00+09:00,2618.5,2622.5,2605.0,2621.5,26500,0.0,0.0
2023-06-22 14:00:00+09:00,2621.5,2622.0,2611.5,2614.5,42300,0.0,0.0
2023-06-23 09:00:00+09:00,2605.0,2629.0,2596.0,2596.5,40400,0.0,0.0
2023-06-23 10:00:00+09:00,2596.5,2596.5,2550.0,2563.0,31500,0.0,0.0
2023-06-23 11:00:00+09:00,2561.5,2568.0,2549.0,2549.0,0,0.0,0.0
2023-06-23 12:00:00+09:00,2541.5,2557.0,2532.0,2550.5,129000,0.0,0.0
2023-06-23 13:00:00+09:00,2550.5,2550.5,2531.5,2539.0,38500,0.0,0.0
2023-06-23 14:00:00+09:00,2538.5,2544.0,2535.5,2536.0,52600,0.0,0.0
2023-06-26 09:00:00+09:00,2540.5,2544.0,2474.0,2515.5,34800,0.0,0.0
2023-06-26 10:00:00+09:00,2513.5,2527.0,2508.5,2520.0,8600,0.0,0.0
2023-06-26 11:00:00+09:00,2517.5,2521.5,2511.5,2511.5,0,0.0,0.0
2023-06-26 12:00:00+09:00,2537.0,2537.0,2488.5,2491.0,74300,0.0,0.0
2023-06-26 13:00:00+09:00,2495.5,2516.5,2494.0,2505.0,20600,0.0,0.0
2023-06-26 14:00:00+09:00,2506.5,2515.0,2504.0,2507.0,33300,0.0,0.0
2023-06-27 09:00:00+09:00,2493.5,2503.5,2471.0,2471.0,34500,0.0,0.0
2023-06-27 10:00:00+09:00,2471.0,2485.0,2468.5,2483.5,25000,0.0,0.0
2023-06-27 11:00:00+09:00,2484.5,2489.5,2483.5,2489.0,0,0.0,0.0
2023-06-27 12:00:00+09:00,2483.5,2489.5,2473.5,2487.0,87800,0.0,0.0
2023-06-27 13:00:00+09:00,2487.5,2504.0,2487.0,2502.5,21300,0.0,0.0
2023-06-27 14:00:00+09:00,2504.0,2505.5,2492.0,2496.5,40100,0.0,0.0
2023-06-28 09:00:00+09:00,2515.0,2525.0,2503.5,2521.5,36500,0.0,0.0
2023-06-28 10:00:00+09:00,2522.5,2525.5,2509.5,2510.0,16200,0.0,0.0
2023-06-28 11:00:00+09:00,2509.5,2514.5,2507.0,2511.0,0,0.0,0.0
2023-06-28 12:00:00+09:00,2517.0,2536.0,2517.0,2534.0,88300,0.0,0.0
2023-06-28 13:00:00+09:00,2534.5,2537.5,2526.5,2530.5,27100,0.0,0.0
2023-06-28 14:00:00+09:00,2530.5,2536.0,2529.0,2536.0,38700,0.0,0.0
2023-06-29 09:00:00+09:00,2541.5,2565.0,2526.5,2553.0,29200,0.0,0.0
2023-06-29 10:00:00+09:00,2554.5,2554.5,2524.5,2534.5,20500,0.0,0.0
2023-06-29 11:00:00+09:00,2535.5,2535.5,2522.5,2526.0,0,0.0,0.0
2023-06-29 12:00:00+09:00,2525.5,2535.5,2517.5,2535.5,87600,0.0,0.0
2023-06-29 13:00:00+09:00,2535.0,2538.5,2529.5,2536.5,28600,0.0,0.0
2023-06-29 14:00:00+09:00,2536.0,2540.5,2530.5,2539.5,44800,0.0,0.0
2023-06-30 09:00:00+09:00,2531.5,2534.0,2516.0,2516.0,19700,0.0,0.0
2023-06-30 10:00:00+09:00,2515.0,2528.5,2513.5,2514.5,17500,0.0,0.0
2023-06-30 11:00:00+09:00,2515.5,2521.5,2511.5,2516.5,0,0.0,0.0
2023-06-30 12:00:00+09:00,2520.0,2525.0,2516.0,2523.0,59100,0.0,0.0
2023-06-30 13:00:00+09:00,2523.5,2529.0,2517.5,2529.0,16300,0.0,0.0
2023-06-30 14:00:00+09:00,2530.0,2537.5,2528.5,2534.0,24700,0.0,0.0
2023-07-03 09:00:00+09:00,2559.0,2583.5,2559.0,2579.0,30900,0.0,0.0
2023-07-03 10:00:00+09:00,2576.5,2579.0,2567.5,2570.5,11100,0.0,0.0
2023-07-03 11:00:00+09:00,2570.5,2575.5,2569.0,2575.5,0,0.0,0.0
2023-07-03 12:00:00+09:00,2576.0,2587.0,2574.5,2587.0,65900,0.0,0.0
2023-07-03 13:00:00+09:00,2586.5,2594.5,2583.5,2589.5,19100,0.0,0.0
2023-07-03 14:00:00+09:00,2590.5,2595.5,2587.0,2593.0,31100,0.0,0.0
2023-07-04 09:00:00+09:00,2592.0,2594.5,2573.0,2582.5,25900,0.0,0.0
2023-07-04 10:00:00+09:00,2583.5,2588.0,2579.5,2579.5,15200,0.0,0.0
2023-07-04 11:00:00+09:00,2579.0,2590.0,2579.0,2590.0,0,0.0,0.0
2023-07-04 12:00:00+09:00,2590.0,2593.0,2586.5,2591.5,59500,0.0,0.0
2023-07-04 13:00:00+09:00,2591.5,2592.5,2586.5,2589.5,14500,0.0,0.0
2023-07-04 14:00:00+09:00,2589.0,2596.5,2588.0,2596.5,31700,0.0,0.0
2023-07-05 09:00:00+09:00,2589.0,2618.5,2577.5,2618.5,37200,0.0,0.0
2023-07-05 10:00:00+09:00,2617.0,2632.5,2613.0,2615.5,31500,0.0,0.0
2023-07-05 11:00:00+09:00,2617.0,2621.0,2615.5,2619.5,0,0.0,0.0
2023-07-05 12:00:00+09:00,2623.0,2625.5,2613.5,2613.5,92000,0.0,0.0
2023-07-05 13:00:00+09:00,2614.0,2623.0,2609.0,2617.5,26300,0.0,0.0
2023-07-05 14:00:00+09:00,2617.5,2621.0,2614.5,2617.0,41700,0.0,0.0
2023-07-06 09:00:00+09:00,2598.0,2624.5,2585.5,2624.0,37500,0.0,0.0
2023-07-06 10:00:00+09:00,2624.0,2629.5,2620.5,2623.5,23700,0.0,0.0
2023-07-06 11:00:00+09:00,2622.5,2623.0,2608.5,2610.5,0,0.0,0.0
2023-07-06 12:00:00+09:00,2597.0,2614.5,2595.5,2610.5,99300,0.0,0.0
2023-07-06 13:00:00+09:00,2611.0,2628.5,2606.5,2626.5,38700,0.0,0.0
2023-07-06 14:00:00+09:00,2627.5,2634.0,2624.0,2626.5,64100,0.0,0.0
2023-07-07 09:00:00+09:00,2598.5,2627.0,2586.5,2625.5,27500,0.0,0.0
2023-07-07 10:00:00+09:00,2625.5,2642.0,2623.5,2633.5,18300,0.0,0.0
2023-07-07 11:00:00+09:00,2633.5,2636.5,2625.0,2631.0,0,0.0,0.0
2023-07-07 12:00:00+09:00,2641.5,2653.0,2639.0,2645.0,76800,0.0,0.0
2023-07-07 13:00:00+09:00,2645.0,2648.5,2642.5,2648.0,21900,0.0,0.0
2023-07-07 14:00:00+09:00,2647.5,2654.5,2644.5,2648.0,74300,0.0,0.0
2023-07-10 09:00:00+09:00,2660.5,2680.0,2653.0,2665.0,45700,0.0,0.0
2023-07-10 10:00:00+09:00,2666.5,2666.5,2657.5,2662.5,17200,0.0,0.0
2023-07-10 11:00:00+09:00,2661.0,2671.5,2661.0,2668.5,0,0.0,0.0
2023-07-10 12:00:00+09:00,2675.0,2684.0,2673.0,2679.5,96700,0.0,0.0
2023-07-10 13:00:00+09:00,2678.0,2693.5,2673.0,2693.5,29500,0.0,0.0
2023-07-10 14:00:00+09:00,2692.5,2695.0,2667.5,2676.5,48800,0.0,0.0
2023-07-11 09:00:00+09:00,2686.5,2699.0,2672.0,2687.0,31300,0.0,0.0
2023-07-11 10:00:00+09:00,2686.0,2694.0,2684.0,2688.0,16500,0.0,0.0
2023-07-11 11:00:00+09:00,2687.5,2718.0,2687.5,2716.0,0,0.0,0.0
2023-07-11 12:00:00+09:00,2716.0,2727.0,2714.0,2724.5,125700,0.0,0.0
2023-07-11 13:00:00+09:00,2724.0,2724.0,2710.0,2713.0,30500,0.0,0.0
2023-07-11 14:00:00+09:00,2712.5,2724.0,2703.5,2719.0,54000,0.0,0.0
2023-07-12 09:00:00+09:00,2735.0,2744.0,2717.5,2726.0,75600,0.0,0.0
2023-07-12 10:00:00+09:00,2726.0,2726.5,2710.0,2710.5,20500,0.0,0.0
2023-07-12 11:00:00+09:00,2709.5,2722.0,2708.5,2718.0,0,0.0,0.0
2023-07-12 12:00:00+09:00,2720.0,2730.0,2718.5,2730.0,137400,0.0,0.0
2023-07-12 13:00:00+09:00,2731.0,2731.0,2716.5,2720.0,32100,0.0,0.0
2023-07-12 14:00:00+09:00,2720.0,2724.5,2714.0,2717.5,49900,0.0,0.0
2023-07-13 09:00:00+09:00,2727.5,2736.0,2692.0,2702.0,31700,0.0,0.0
2023-07-13 10:00:00+09:00,2702.0,2718.5,2701.5,2710.0,15500,0.0,0.0
2023-07-13 11:00:00+09:00,2710.0,2711.5,2708.0,2710.0,0,0.0,0.0
2023-07-13 12:00:00+09:00,2707.5,2716.5,2707.0,2711.5,68800,0.0,0.0
2023-07-13 13:00:00+09:00,2709.5,2712.5,2698.5,2704.5,22800,0.0,0.0
2023-07-13 14:00:00+09:00,2706.5,2728.0,2706.5,2725.0,42300,0.0,0.0
2023-07-14 09:00:00+09:00,2744.5,2768.0,2704.0,2712.0,49200,0.0,0.0
2023-07-14 10:00:00+09:00,2713.0,2720.5,2711.5,2718.5,29400,0.0,0.0
2023-07-14 11:00:00+09:00,2718.0,2730.0,2717.0,2727.0,0,0.0,0.0
2023-07-14 12:00:00+09:00,2739.0,2742.5,2730.0,2733.5,103400,0.0,0.0
2023-07-14 13:00:00+09:00,2733.0,2735.5,2716.5,2721.0,18700,0.0,0.0
2023-07-14 14:00:00+09:00,2723.0,2726.0,2718.5,2721.0,35900,0.0,0.0
2023-07-18 09:00:00+09:00,2721.0,2732.0,2709.0,2727.5,22000,0.0,0.0
2023-07-18 10:00:00+09:00,2726.5,2732.0,2717.5,2717.5,36300,0.0,0.0
2023-07-18 11:00:00+09:00,2717.0,2717.0,2695.0,2698.5,0,0.0,0.0
2023-07-18 12:00:00+09:00,2698.5,2709.5,2697.0,2700.5,82800,0.0,0.0
2023-07-18 13:00:00+09:00,2700.5,2704.0,2696.0,2703.0,16800,0.0,0.0
2023-07-18 14:00:00+09:00,2702.5,2705.0,2692.5,2705.0,30400,0.0,0.0
2023-07-19 09:00:00+09:00,2724.0,2742.0,2708.5,2708.5,22200,0.0,0.0
2023-07-19 10:00:00+09:00,2708.0,2732.0,2706.0,2730.5,12500,0.0,0.0
2023-07-19 11:00:00+09:00,2731.0,2733.5,2728.5,2728.5,0,0.0,0.0
2023-07-19 12:00:00+09:00,2723.5,2723.5,2714.0,2717.0,56200,0.0,0.0
2023-07-19 13:00:00+09:00,2717.5,2727.5,2715.5,2724.0,19800,0.0,0.0
2023-07-19 14:00:00+09:00,2724.5,2738.5,2722.5,2738.5,33200,0.0,0.0
2023-07-20 09:00:00+09:00,2739.0,2757.5,2724.5,2757.5,0,0.0,0.0
2023-07-20 10:00:00+09:00,2752.5,2758.0,2739.5,2741.5,69800,0.0,0.0
2023-07-20 11:00:00+09:00,2741.0,2744.0,2734.0,2734.5,0,0.0,0.0
2023-07-20 12:00:00+09:00,2744.5,2750.0,2736.5,2747.0,102000,0.0,0.0
2023-07-20 13:00:00+09:00,2747.5,2749.0,2739.5,2741.5,20900,0.0,0.0
2023-07-20 14:00:00+09:00,2741.5,2745.5,2739.5,2742.0,36700,0.0,0.0
2023-07-21 09:00:00+09:00,2724.0,2748.5,2723.0,2747.0,28300,0.0,0.0
2023-07-21 10:00:00+09:00,2747.5,2757.5,2740.0,2754.0,17600,0.0,0.0
2023-07-21 11:00:00+09:00,2756.0,2764.0,2756.0,2764.0,0,0.0,0.0
2023-07-21 12:00:00+09:00,2762.0,2764.5,2754.0,2760.0,67200,0.0,0.0
2023-07-21 13:00:00+09:00,2760.5,2772.0,2758.5,2767.0,21900,0.0,0.0
2023-07-21 14:00:00+09:00,2767.5,2775.0,2761.0,2774.0,41700,0.0,0.0
2023-07-24 09:00:00+09:00,2797.0,2808.0,2782.0,2783.5,36100,0.0,0.0
2023-07-24 10:00:00+09:00,2785.5,2794.5,2780.5,2790.5,11400,0.0,0.0
2023-07-24 11:00:00+09:00,2791.5,2795.5,2784.5,2795.5,0,0.0,0.0
2023-07-24 12:00:00+09:00,2800.0,2806.0,2790.5,2803.0,70900,0.0,0.0
2023-07-24 13:00:00+09:00,2802.5,2802.5,2796.5,2796.5,16100,0.0,0.0
2023-07-24 14:00:00+09:00,2797.5,2801.0,2787.5,2797.5,28900,0.0,0.0
2023-07-25 09:00:00+09:00,2807.0,2811.5,2795.5,2804.0,30000,0.0,0.0
2023-07-25 10:00:00+09:00,2804.5,2810.0,2801.5,2809.0,11000,0.0,0.0
2023-07-25 11:00:00+09:00,2810.0,2818.0,2808.0,2817.5,0,0.0,0.0
2023-07-25 12:00:00+09:00,2820.0,2838.0,2817.0,2826.5,76400,0.0,0.0
2023-07-25 13:00:00+09:00,2827.0,2833.0,2825.5,2830.5,19300,0.0,0.0
2023-07-25 14:00:00+09:00,2830.0,2837.0,2828.5,2834.5,43500,0.0,0.0
2023-07-26 09:00:00+09:00,2826.5,2834.0,2807.0,2810.0,21900,0.0,0.0
2023-07-26 10:00:00+09:00,2809.5,2822.0,2807.5,2811.0,16800,0.0,0.0
2023-07-26 11:00:00+09:00,2810.5,2814.5,2809.5,2810.5,0,0.0,0.0
2023-07-26 12:00:00+09:00,2812.0,2815.5,2806.0,2808.0,55600,0.0,0.0
2023-07-26 13:00:00+09:00,2808.5,2821.5,2808.5,2814.5,19700,0.0,0.0
2023-07-26 14:00:00+09:00,2813.0,2832.5,2813.0,2829.0,37100,0.0,0.0
2023-07-27 09:00:00+09:00,2810.0,2842.0,2810.0,2834.5,26600,0.0,0.0
2023-07-27 10:00:00+09:00,2835.0,2846.0,2835.0,2839.5,12600,0.0,0.0
2023-07-27 11:00:00+09:00,2836.5,2838.5,2831.0,2835.0,0,0.0,0.0
2023-07-27 12:00:00+09:00,2835.5,2847.0,2835.5,2842.5,54100,0.0,0.0
2023-07-27 13:00:00+09:00,2842.5,2865.5,2841.0,2857.0,71100,0.0,0.0
2023-07-27 14:00:00+09:00,2856.5,2869.5,2856.5,2869.0,35700,0.0,0.0
2023-07-28 09:00:00+09:00,2819.5,2838.5,2791.0,2836.0,36000,0.0,0.0
2023-07-28 10:00:00+09:00,2837.0,2838.0,2822.0,2826.0,14300,0.0,0.0
2023-07-28 11:00:00+09:00,2825.0,2825.0,2814.0,2814.0,0,0.0,0.0
2023-07-28 12:00:00+09:00,2810.0,2840.0,2810.0,2816.5,79900,0.0,0.0
2023-07-28 13:00:00+09:00,2816.0,2816.0,2787.0,2810.5,21200,0.0,0.0
2023-07-28 14:00:00+09:00,2810.0,2840.0,2805.0,2831.5,39200,0.0,0.0
2023-07-31 09:00:00+09:00,2873.5,2882.5,2861.0,2875.5,39700,0.0,0.0
2023-07-31 10:00:00+09:00,2875.0,2879.5,2855.5,2859.5,17600,0.0,0.0
2023-07-31 11:00:00+09:00,2858.5,2863.5,2854.5,2859.5,0,0.0,0.0
2023-07-31 12:00:00+09:00,2859.5,2866.5,2850.5,2866.5,82700,0.0,0.0
2023-07-31 13:00:00+09:00,2865.0,2871.5,2863.0,2868.0,17300,0.0,0.0
2023-07-31 14:00:00+09:00,2868.5,2874.5,2862.0,2873.5,30900,0.0,0.0
2023-08-01 09:00:00+09:00,2845.5,2858.5,2828.0,2828.0,43800,0.0,0.0
2023-08-01 10:00:00+09:00,2828.0,2829.5,2804.0,2826.5,37800,0.0,0.0
2023-08-01 11:00:00+09:00,2828.0,2829.5,2823.0,2827.0,0,0.0,0.0
2023-08-01 12:00:00+09:00,2825.5,2834.0,2818.0,2832.5,109500,0.0,0.0
2023-08-01 13:00:00+09:00,2831.5,2833.0,2819.5,2823.5,24400,0.0,0.0
2023-08-01 14:00:00+09:00,2824.0,2827.0,2819.5,2823.0,40100,0.0,0.0
2023-08-02 09:00:00+09:00,2791.0,2793.5,2767.0,2784.5,45800,0.0,0.0
2023-08-02 10:00:00+09:00,2785.0,2790.0,2754.0,2755.0,26300,0.0,0.0
2023-08-02 11:00:00+09:00,2755.0,2762.5,2752.5,2752.5,0,0.0,0.0
2023-08-02 12:00:00+09:00,2751.0,2756.5,2744.0,2751.0,112400,0.0,0.0
2023-08-02 13:00:00+09:00,2749.5,2764.0,2749.0,2752.0,27100,0.0,0.0
2023-08-02 14:00:00+09:00,2751.0,2757.5,2748.5,2749.5,46100,0.0,0.0
2023-08-03 09:00:00+09:00,2755.5,2762.5,2712.0,2717.5,40200,0.0,0.0
2023-08-03 10:00:00+09:00,2717.5,2747.5,2705.0,2746.0,22100,0.0,0.0
2023-08-03 11:00:00+09:00,2746.0,2760.0,2744.5,2750.0,0,0.0,0.0
2023-08-03 12:00:00+09:00,2739.5,2745.5,2730.0,2734.5,94500,0.0,0.0
2023-08-03 13:00:00+09:00,2734.5,2741.5,2723.0,2726.0,22300,0.0,0.0
2023-08-03 14:00:00+09:00,2726.5,2734.0,2717.0,2722.0,38300,0.0,0.0
2023-08-04 09:00:00+09:00,2711.0,2717.0,2681.5,2715.5,38600,0.0,0.0
2023-08-04 10:00:00+09:00,2715.0,2715.5,2699.0,2699.5,22300,0.0,0.0
2023-08-04 11:00:00+09:00,2699.0,2702.5,2696.0,2702.5,0,0.0,0.0
2023-08-04 12:00:00+09:00,2698.0,2708.5,2698.0,2703.0,81100,0.0,0.0
2023-08-04 13:00:00+09:00,2703.0,2704.0,2699.5,2699.5,13700,0.0,0.0
2023-08-04 14:00:00+09:00,2699.5,2717.5,2699.5,2714.0,36100,0.0,0.0
2023-08-07 09:00:00+09:00,2694.5,2710.0,2678.0,2700.5,28700,0.0,0.0
2023-08-07 10:00:00+09:00,2702.0,2716.0,2700.5,2711.5,19800,0.0,0.0
2023-08-07 11:00:00+09:00,2713.0,2720.5,2711.5,2719.0,0,0.0,0.0
2023-08-07 12:00:00+09:00,2719.0,2723.0,2715.5,2719.0,70200,0.0,0.0
2023-08-07 13:00:00+09:00,2718.5,2720.5,2713.0,2718.5,21200,0.0,0.0
2023-08-07 14:00:00+09:00,2719.5,2726.0,2712.5,2726.0,41800,0.0,0.0
2023-08-08 09:00:00+09:00,2727.0,2744.5,2723.0,2742.5,29300,0.0,0.0
2023-08-08 10:00:00+09:00,2740.5,2740.5,2697.0,2701.5,45500,0.0,0.0
2023-08-08 11:00:00+09:00,2700.5,2713.0,2700.0,2712.5,0,0.0,0.0
2023-08-08 12:00:00+09:00,2712.5,2718.0,2711.5,2718.0,106400,0.0,0.0
2023-08-08 13:00:00+09:00,2717.5,2719.0,2706.0,2706.0,25700,0.0,0.0
2023-08-08 14:00:00+09:00,2706.5,2717.0,2700.0,2700.0,64300,0.0,0.0
2023-08-09 09:00:00+09:00,2691.5,2717.5,2661.5,2706.0,51200,0.0,0.0
2023-08-09 10:00:00+09:00,2706.0,2722.5,2703.0,2711.0,21300,0.0,0.0
2023-08-09 11:00:00+09:00,2711.5,2712.0,2689.5,2689.5,0,0.0,0.0
2023-08-09 12:00:00+09:00,2683.0,2693.0,2670.5,2671.0,110100,0.0,0.0
2023-08-09 13:00:00+09:00,2672.0,2692.0,2666.0,2687.5,28900,0.0,0.0
2023-08-09 14:00:00+09:00,2687.5,2699.5,2686.0,2695.5,44800,0.0,0.0
2023-08-10 09:00:00+09:00,2678.0,2738.0,2667.5,2711.5,124500,0.0,0.0
2023-08-10 10:00:00+09:00,2710.5,2718.0,2698.0,2708.5,46800,0.0,0.0
2023-08-10 11:00:00+09:00,2709.5,2719.5,2703.5,2718.5,0,0.0,0.0
2023-08-10 12:00:00+09:00,2707.5,2728.5,2702.0,2726.0,225600,0.0,0.0
2023-08-10 13:00:00+09:00,2727.0,2755.0,2727.0,2754.0,68200,0.0,0.0
2023-08-10 14:00:00+09:00,2753.0,2765.0,2748.5,2762.0,84300,0.0,0.0
2023-08-14 09:00:00+09:00,2776.5,2805.5,2765.0,2770.5,0,0.0,0.0
2023-08-14 10:00:00+09:00,2770.5,2778.5,2756.0,2776.5,77400,0.0,0.0
2023-08-14 11:00:00+09:00,2775.5,2776.0,2763.5,2767.0,0,0.0,0.0
2023-08-14 12:00:00+09:00,2771.5,2776.5,2758.5,2762.5,112000,0.0,0.0
2023-08-14 13:00:00+09:00,2763.5,2768.5,2759.5,2764.5,23600,0.0,0.0
2023-08-14 14:00:00+09:00,2764.5,2787.5,2763.5,2787.5,52600,0.0,0.0
2023-08-15 09:00:00+09:00,2777.0,2777.0,2743.5,2769.5,21300,0.0,0.0
2023-08-15 10:00:00+09:00,2771.0,2786.5,2771.0,2786.0,10200,0.0,0.0
2023-08-15 11:00:00+09:00,2786.5,2786.5,2782.5,2783.0,0,0.0,0.0
2023-08-15 12:00:00+09:00,2783.0,2799.5,2783.0,2798.5,48100,0.0,0.0
2023-08-15 13:00:00+09:00,2798.5,2817.5,2797.0,2817.0,17100,0.0,0.0
2023-08-15 14:00:00+09:00,2815.5,2819.5,2813.0,2816.5,37000,0.0,0.0
2023-08-16 09:00:00+09:00,2799.0,2822.0,2784.5,2819.0,23800,0.0,0.0
2023-08-16 10:00:00+09:00,2819.0,2821.5,2773.0,2774.0,25900,0.0,0.0
2023-08-16 11:00:00+09:00,2775.0,2777.0,2768.0,2773.5,0,0.0,0.0
2023-08-16 12:00:00+09:00,2773.5,2793.5,2772.5,2792.0,87200,0.0,0.0
2023-08-16 13:00:00+09:00,2792.5,2816.0,2792.5,2815.0,30900,0.0,0.0
2023-08-16 14:00:00+09:00,2815.0,2816.5,2805.0,2808.0,51600,0.0,0.0
2023-08-17 09:00:00+09:00,2811.5,2814.0,2748.5,2749.0,25800,0.0,0.0
2023-08-17 10:00:00+09:00,2750.5,2756.0,2738.0,2749.0,16500,0.0,0.0
2023-08-17 11:00:00+09:00,2748.5,2751.5,2746.5,2747.0,0,0.0,0.0
2023-08-17 12:00:00+09:00,2757.5,2766.0,2750.0,2757.5,56700,0.0,0.0
2023-08-17 13:00:00+09:00,2756.5,2767.0,2756.5,2759.0,11900,0.0,0.0
2023-08-17 14:00:00+09:00,2761.0,2763.0,2753.0,2759.5,25600,0.0,0.0
2023-08-18 09:00:00+09:00,2760.5,2761.0,2724.5,2724.5,40900,0.0,0.0
2023-08-18 10:00:00+09:00,2727.0,2758.0,2725.5,2758.0,12800,0.0,0.0
2023-08-18 11:00:00+09:00,2759.0,2766.0,2756.5,2756.5,0,0.0,0.0
2023-08-18 12:00:00+09:00,2755.5,2755.5,2740.0,2751.0,74600,0.0,0.0
2023-08-18 13:00:00+09:00,2752.0,2755.0,2745.0,2752.0,16100,0.0,0.0
2023-08-18 14:00:00+09:00,2753.0,2753.0,2735.5,2752.5,26300,0.0,0.0
2023-08-21 09:00:00+09:00,2747.0,2761.0,2715.0,2733.0,31800,0.0,0.0
2023-08-21 10:00:00+09:00,2733.0,2745.5,2725.5,2745.0,18000,0.0,0.0
2023-08-21 11:00:00+09:00,2744.5,2754.5,2742.5,2750.5,0,0.0,0.0
2023-08-21 12:00:00+09:00,2748.0,2748.5,2741.5,2744.0,65200,0.0,0.0
2023-08-21 13:00:00+09:00,2743.0,2746.0,2731.5,2733.0,16400,0.0,0.0
2023-08-21 14:00:00+09:00,2734.0,2738.5,2727.0,2736.0,44000,0.0,0.0
2023-08-22 09:00:00+09:00,2748.5,2748.5,2715.5,2747.0,0,0.0,0.0
2023-08-22 10:00:00+09:00,2746.0,2747.0,2725.5,2727.5,34900,0.0,0.0
2023-08-22 11:00:00+09:00,2726.0,2729.0,2723.5,2726.5,0,0.0,0.0
2023-08-22 12:00:00+09:00,2726.5,2729.5,2724.0,2728.5,45700,0.0,0.0
2023-08-22 13:00:00+09:00,2730.0,2730.0,2719.5,2721.0,14700,0.0,0.0
2023-08-22 14:00:00+09:00,2721.5,2732.5,2721.0,2732.0,24800,0.0,0.0
2023-08-23 09:00:00+09:00,2694.0,2755.5,2681.0,2748.0,51300,0.0,0.0
2023-08-23 10:00:00+09:00,2747.5,2750.5,2739.5,2744.0,10400,0.0,0.0
2023-08-23 11:00:00+09:00,2745.0,2747.5,2742.0,2746.5,0,0.0,0.0
2023-08-23 12:00:00+09:00,2745.0,2748.5,2742.0,2747.5,74700,0.0,0.0
2023-08-23 13:00:00+09:00,2748.5,2756.0,2748.5,2754.5,19500,0.0,0.0
2023-08-23 14:00:00+09:00,2755.0,2767.5,2753.5,2767.0,60700,0.0,0.0
2023-08-24 09:00:00+09:00,2751.5,2759.0,2729.5,2730.5,24800,0.0,0.0
2023-08-24 10:00:00+09:00,2733.5,2753.0,2725.5,2751.0,16900,0.0,0.0
2023-08-24 11:00:00+09:00,2751.5,2756.0,2748.0,2748.5,0,0.0,0.0
2023-08-24 12:00:00+09:00,2751.0,2759.0,2751.0,2758.5,58300,0.0,0.0
2023-08-24 13:00:00+09:00,2758.5,2767.5,2758.0,2766.5,15000,0.0,0.0
2023-08-24 14:00:00+09:00,2767.0,2775.5,2764.0,2770.5,43100,0.0,0.0
2023-08-25 09:00:00+09:00,2756.5,2761.0,2740.5,2753.5,23300,0.0,0.0
2023-08-25 10:00:00+09:00,2752.0,2760.5,2749.0,2760.5,6600,0.0,0.0
2023-08-25 11:00:00+09:00,2760.5,2767.0,2759.0,2763.0,0,0.0,0.0
2023-08-25 12:00:00+09:00,2763.0,2771.5,2762.0,2771.5,45600,0.0,0.0
2023-08-25 13:00:00+09:00,2770.5,2771.5,2766.0,2769.0,11400,0.0,0.0
2023-08-25 14:00:00+09:00,2770.0,2775.5,2766.5,2775.0,39400,0.0,0.0
2023-08-28 09:00:00+09:00,2799.0,2799.0,2746.5,2749.5,36400,0.0,0.0
2023-08-28 10:00:00+09:00,2753.0,2775.0,2749.0,2773.0,11500,0.0,0.0
2023-08-28 11:00:00+09:00,2774.0,2775.0,2769.5,2774.0,0,0.0,0.0
2023-08-28 12:00:00+09:00,2778.0,2791.0,2778.0,2785.0,69500,0.0,0.0
2023-08-28 13:00:00+09:00,2784.5,2789.0,2780.5,2789.0,10800,0.0,0.0
2023-08-28 14:00:00+09:00,2788.5,2794.5,2785.0,2792.0,45000,0.0,0.0
2023-08-29 09:00:00+09:00,2790.0,2818.5,2767.0,2816.0,50100,0.0,0.0
2023-08-29 10:00:00+09:00,2815.5,2822.0,2809.0,2815.0,17100,0.0,0.0
2023-08-29 11:00:00+09:00,2815.0,2818.0,2813.0,2815.5,0,0.0,0.0
2023-08-29 12:00:00+09:00,2819.5,2829.0,2819.5,2824.5,89200,0.0,0.0
2023-08-29 13:00:00+09:00,2826.0,2833.5,2825.5,2827.0,21100,0.0,0.0
2023-08-29 14:00:00+09:00,2827.5,2827.5,2816.0,2825.0,31700,0.0,0.0
2023-08-30 09:00:00+09:00,2829.5,2829.5,2801.0,2820.0,50000,0.0,0.0
2023-08-30 10:00:00+09:00,2821.5,2821.5,2803.0,2803.5,13900,0.0,0.0
2023-08-30 11:00:00+09:00,2804.0,2805.5,2789.5,2789.5,0,0.0,0.0
2023-08-30 12:00:00+09:00,2796.0,2808.0,2792.0,2807.0,90400,0.0,0.0
2023-08-30 13:00:00+09:00,2806.0,2807.5,2781.5,2781.5,25100,0.0,0.0
2023-08-30 14:00:00+09:00,2782.5,2796.0,2782.0,2795.0,36200,0.0,0.0
2023-08-31 09:00:00+09:00,2806.0,2818.0,2794.0,2804.5,54800,0.0,0.0
2023-08-31 10:00:00+09:00,2805.5,2820.5,2805.5,2818.0,9300,0.0,0.0
2023-08-31 11:00:00+09:00,2816.0,2824.0,2814.5,2817.5,0,0.0,0.0
2023-08-31 12:00:00+09:00,2820.0,2833.5,2817.5,2820.0,90800,0.0,0.0
2023-08-31 13:00:00+09:00,2818.0,2820.0,2811.0,2820.0,10800,0.0,0.0
2023-08-31 14:00:00+09:00,2820.5,2826.0,2812.5,2815.0,33000,0.0,0.0
2023-09-01 09:00:00+09:00,2806.0,2857.0,2806.0,2854.5,59600,0.0,0.0
2023-09-01 10:00:00+09:00,2849.5,2852.0,2843.5,2849.0,11700,0.0,0.0
2023-09-01 11:00:00+09:00,2851.0,2858.5,2848.5,2858.5,0,0.0,0.0
2023-09-01 12:00:00+09:00,2858.0,2873.0,2854.5,2872.5,101600,0.0,0.0
2023-09-01 13:00:00+09:00,2873.0,2884.5,2871.5,2880.5,22200,0.0,0.0
2023-09-01 14:00:00+09:00,2880.5,2885.0,2877.0,2878.0,41500,0.0,0.0
2023-09-04 09:00:00+09:00,2879.5,2879.5,2859.0,2870.0,66600,0.0,0.0
2023-09-04 10:00:00+09:00,2871.5,2882.0,2868.5,2870.5,17600,0.0,0.0
2023-09-04 11:00:00+09:00,2868.5,2868.5,2855.5,2857.0,0,0.0,0.0
2023-09-04 12:00:00+09:00,2858.0,2868.5,2856.5,2862.0,119600,0.0,0.0
2023-09-04 13:00:00+09:00,2861.5,2870.5,2861.5,2867.0,17200,0.0,0.0
2023-09-04 14:00:00+09:00,2868.5,2879.5,2865.0,2877.5,26700,0.0,0.0
2023-09-05 09:00:00+09:00,2879.0,2889.0,2848.5,2851.0,75700,0.0,0.0
2023-09-05 10:00:00+09:00,2853.5,2854.0,2826.0,2826.5,20300,0.0,0.0
2023-09-05 11:00:00+09:00,2827.0,2835.5,2825.5,2835.0,0,0.0,0.0
2023-09-05 12:00:00+09:00,2840.0,2847.5,2838.0,2838.0,122900,0.0,0.0
2023-09-05 13:00:00+09:00,2837.5,2844.0,2837.0,2841.5,14500,0.0,0.0
2023-09-05 14:00:00+09:00,2842.5,2854.0,2837.0,2852.0,27600,0.0,0.0
2023-09-06 09:00:00+09:00,2856.0,2878.0,2855.0,2871.0,59300,0.0,0.0
2023-09-06 10:00:00+09:00,2870.0,2879.5,2857.0,2857.0,10700,0.0,0.0
2023-09-06 11:00:00+09:00,2855.0,2861.0,2853.0,2861.0,0,0.0,0.0
2023-09-06 12:00:00+09:00,2854.5,2854.5,2843.0,2843.0,98800,0.0,0.0
2023-09-06 13:00:00+09:00,2841.0,2843.0,2832.5,2832.5,19000,0.0,0.0
2023-09-06 14:00:00+09:00,2831.0,2845.5,2830.0,2845.0,27500,0.0,0.0
2023-09-07 09:00:00+09:00,2840.5,2840.5,2817.5,2821.5,96500,0.0,0.0
2023-09-07 10:00:00+09:00,2823.5,2832.0,2816.5,2818.0,18100,0.0,0.0
2023-09-07 11:00:00+09:00,2818.5,2826.5,2818.0,2823.0,0,0.0,0.0
2023-09-07 12:00:00+09:00,2830.5,2843.5,2830.0,2832.5,143200,0.0,0.0
2023-09-07 13:00:00+09:00,2832.0,2832.0,2816.5,2820.0,16400,0.0,0.0
2023-09-07 14:00:00+09:00,2820.0,2831.5,2820.0,2830.5,23900,0.0,0.0
2023-09-08 09:00:00+09:00,2805.0,2826.0,2792.5,2792.5,164200,0.0,0.0
2023-09-08 10:00:00+09:00,2793.5,2800.0,2792.0,2793.5,13300,0.0,0.0
2023-09-08 11:00:00+09:00,2793.0,2794.5,2781.5,2784.5,0,0.0,0.0
2023-09-08 12:00:00+09:00,2784.5,2793.5,2781.5,2783.5,207000,0.0,0.0
2023-09-08 13:00:00+09:00,2782.0,2783.0,2767.5,2775.0,21500,0.0,0.0
2023-09-08 14:00:00+09:00,2774.0,2782.5,2772.5,2775.0,27400,0.0,0.0
2023-09-11 09:00:00+09:00,2780.0,2793.5,2727.0,2732.5,143500,0.0,0.0
2023-09-11 10:00:00+09:00,2733.0,2738.5,2708.5,2715.0,22400,0.0,0.0
2023-09-11 11:00:00+09:00,2715.0,2715.0,2696.0,2697.0,0,0.0,0.0
2023-09-11 12:00:00+09:00,2692.0,2692.0,2674.5,2676.5,226000,0.0,0.0
2023-09-11 13:00:00+09:00,2678.5,2683.0,2670.0,2679.0,33800,0.0,0.0
2023-09-11 14:00:00+09:00,2679.5,2694.0,2675.5,2690.0,45000,0.0,0.0
2023-09-12 09:00:00+09:00,2705.0,2725.0,2682.0,2682.0,76600,0.0,0.0
2023-09-12 10:00:00+09:00,2682.5,2682.5,2671.0,2671.0,12500,0.0,0.0
2023-09-12 11:00:00+09:00,2671.0,2673.5,2666.0,2670.5,0,0.0,0.0
2023-09-12 12:00:00+09:00,2677.5,2689.0,2671.5,2686.5,114200,0.0,0.0
2023-09-12 13:00:00+09:00,2689.5,2689.5,2668.5,2672.0,27000,0.0,0.0
2023-09-12 14:00:00+09:00,2673.0,2689.0,2669.0,2680.5,30400,0.0,0.0
2023-09-13 09:00:00+09:00,2686.0,2727.0,2682.0,2727.0,56800,0.0,0.0
2023-09-13 10:00:00+09:00,2725.0,2725.0,2678.5,2683.0,16600,0.0,0.0
2023-09-13 11:00:00+09:00,2683.0,2686.5,2676.5,2677.0,0,0.0,0.0
2023-09-13 12:00:00+09:00,2675.5,2683.5,2675.5,2680.5,99700,0.0,0.0
2023-09-13 13:00:00+09:00,2681.0,2694.5,2676.5,2693.0,17600,0.0,0.0
2023-09-13 14:00:00+09:00,2693.0,2710.0,2693.0,2704.0,45000,0.0,0.0
2023-09-14 09:00:00+09:00,2701.5,2710.5,2655.0,2669.5,155500,0.0,0.0
2023-09-14 10:00:00+09:00,2672.0,2672.0,2635.5,2640.5,27900,0.0,0.0
2023-09-14 11:00:00+09:00,2643.0,2650.0,2641.0,2642.0,0,0.0,0.0
2023-09-14 12:00:00+09:00,2651.5,2670.5,2651.5,2670.5,242100,0.0,0.0
2023-09-14 13:00:00+09:00,2670.0,2670.0,2659.0,2659.0,26800,0.0,0.0
2023-09-14 14:00:00+09:00,2660.0,2676.5,2660.0,2665.0,69900,0.0,0.0
2023-09-15 09:00:00+09:00,2685.0,2692.5,2660.0,2660.0,135600,0.0,0.0
2023-09-15 10:00:00+09:00,2657.0,2657.0,2635.0,2650.5,26500,0.0,0.0
2023-09-15 11:00:00+09:00,2652.5,2654.5,2640.5,2641.5,0,0.0,0.0
2023-09-15 12:00:00+09:00,2644.5,2647.5,2639.5,2640.0,210500,0.0,0.0
2023-09-15 13:00:00+09:00,2640.0,2641.0,2633.0,2634.5,31000,0.0,0.0
2023-09-15 14:00:00+09:00,2636.0,2636.5,2607.5,2618.0,84000,0.0,0.0
2023-09-19 09:00:00+09:00,2621.5,2631.0,2602.5,2605.0,174800,0.0,0.0
2023-09-19 10:00:00+09:00,2605.5,2616.0,2600.5,2611.0,33000,0.0,0.0
2023-09-19 11:00:00+09:00,2611.0,2618.5,2606.0,2618.0,0,0.0,0.0
2023-09-19 12:00:00+09:00,2621.0,2633.0,2612.5,2615.0,275000,0.0,0.0
2023-09-19 13:00:00+09:00,2615.0,2619.0,2612.5,2615.0,21200,0.0,0.0
2023-09-19 14:00:00+09:00,2615.0,2634.0,2606.5,2634.0,41600,0.0,0.0
2023-09-20 09:00:00+09:00,2641.0,2648.5,2590.0,2593.5,124200,0.0,0.0
2023-09-20 10:00:00+09:00,2594.0,2605.5,2593.0,2602.0,12700,0.0,0.0
2023-09-20 11:00:00+09:00,2602.5,2602.5,2593.5,2593.5,0,0.0,0.0
2023-09-20 12:00:00+09:00,2590.0,2595.0,2581.0,2584.0,190600,0.0,0.0
2023-09-20 13:00:00+09:00,2583.0,2591.0,2581.0,2581.5,20000,0.0,0.0
2023-09-20 14:00:00+09:00,2580.5,2589.0,2575.0,2585.5,35600,0.0,0.0
2023-09-21 09:00:00+09:00,2580.5,2590.0,2539.5,2547.0,144900,0.0,0.0
2023-09-21 10:00:00+09:00,2547.0,2559.5,2539.0,2542.5,21700,0.0,0.0
2023-09-21 11:00:00+09:00,2541.5,2542.0,2533.0,2535.5,0,0.0,0.0
2023-09-21 12:00:00+09:00,2535.0,2543.0,2535.0,2538.5,210800,0.0,0.0
2023-09-21 13:00:00+09:00,2539.0,2539.0,2530.0,2534.0,18800,0.0,0.0
2023-09-21 14:00:00+09:00,2534.0,2534.0,2521.5,2524.0,50100,0.0,0.0
2023-09-22 09:00:00+09:00,2506.5,2520.0,2491.5,2520.0,231500,0.0,0.0
2023-09-22 10:00:00+09:00,2518.5,2537.5,2518.0,2535.0,25500,0.0,0.0
2023-09-22 11:00:00+09:00,2535.0,2535.0,2520.0,2520.0,0,0.0,0.0
2023-09-22 12:00:00+09:00,2529.0,2546.5,2528.0,2531.5,326600,0.0,0.0
2023-09-22 13:00:00+09:00,2530.5,2530.5,2518.0,2523.0,22100,0.0,0.0
2023-09-22 14:00:00+09:00,2523.0,2534.5,2518.5,2519.0,49100,0.0,0.0
2023-09-25 09:00:00+09:00,2522.0,2559.0,2498.5,2557.5,316200,0.0,0.0
2023-09-25 10:00:00+09:00,2558.0,2571.0,2551.0,2568.0,35900,0.0,0.0
2023-09-25 11:00:00+09:00,2568.5,2568.5,2553.0,2553.0,0,0.0,0.0
2023-09-25 12:00:00+09:00,2553.0,2568.5,2553.0,2563.0,439200,0.0,0.0
2023-09-25 13:00:00+09:00,2563.0,2563.5,2546.5,2553.0,39700,0.0,0.0
2023-09-25 14:00:00+09:00,2554.0,2556.5,2538.0,2538.0,72800,0.0,0.0
2023-09-26 09:00:00+09:00,2545.0,2549.5,2511.0,2523.0,290100,0.0,0.0
2023-09-26 10:00:00+09:00,2524.0,2531.0,2518.5,2530.0,28100,0.0,0.0
2023-09-26 11:00:00+09:00,2529.5,2530.0,2523.5,2523.5,0,0.0,0.0
2023-09-26 12:00:00+09:00,2530.5,2546.5,2525.5,2542.5,399100,0.0,0.0
2023-09-26 13:00:00+09:00,2542.5,2542.5,2531.0,2539.0,20500,0.0,0.0
2023-09-26 14:00:00+09:00,2540.0,2540.5,2528.5,2530.0,39300,0.0,0.0
2023-09-27 09:00:00+09:00,2525.5,2525.5,2484.5,2494.5,358700,0.0,0.0
2023-09-27 10:00:00+09:00,2495.5,2512.0,2495.5,2501.0,23000,0.0,0.0
2023-09-27 11:00:00+09:00,2502.5,2508.5,2500.5,2503.5,0,0.0,0.0
2023-09-27 12:00:00+09:00,2500.0,2505.0,2496.5,2499.0,548100,0.0,0.0
2023-09-27 13:00:00+09:00,2499.0,2505.0,2493.0,2502.0,46600,0.0,0.0
2023-09-27 14:00:00+09:00,2501.5,2507.0,2495.5,2505.5,66900,0.0,0.0
2023-09-28 09:00:00+09:00,2487.5,2487.5,2450.0,2450.0,263100,0.0,0.0
2023-09-28 10:00:00+09:00,2449.5,2468.5,2446.5,2462.0,27600,0.0,0.0
2023-09-28 11:00:00+09:00,2464.0,2468.5,2448.5,2448.5,0,0.0,0.0
2023-09-28 12:00:00+09:00,2435.0,2445.5,2427.5,2429.5,342800,0.0,0.0
2023-09-28 13:00:00+09:00,2431.5,2438.5,2426.5,2437.0,18700,0.0,0.0
2023-09-28 14:00:00+09:00,2438.5,2455.0,2438.5,2445.5,38700,0.0,0.0
2023-09-29 09:00:00+09:00,2443.0,2466.0,2442.0,2457.5,49300,0.0,0.0
2023-09-29 10:00:00+09:00,2460.5,2462.5,2437.5,2443.5,17700,0.0,0.0
2023-09-29 11:00:00+09:00,2444.0,2445.5,2434.5,2442.5,0,0.0,0.0
2023-09-29 12:00:00+09:00,2445.0,2450.5,2440.5,2441.0,90400,0.0,0.0
2023-09-29 13:00:00+09:00,2440.5,2445.0,2415.0,2419.5,29100,0.0,0.0
2023-09-29 14:00:00+09:00,2420.0,2439.5,2415.5,2431.5,45500,0.0,0.0
2023-10-02 09:00:00+09:00,2434.5,2478.5,2423.0,2469.0,63300,0.0,0.0
2023-10-02 10:00:00+09:00,2470.5,2479.5,2463.5,2475.0,14000,0.0,0.0
2023-10-02 11:00:00+09:00,2475.0,2475.0,2457.0,2458.5,0,0.0,0.0
2023-10-02 12:00:00+09:00,2458.5,2458.5,2445.0,2448.5,105600,0.0,0.0
2023-10-02 13:00:00+09:00,2448.5,2451.0,2423.5,2431.5,27800,0.0,0.0
2023-10-02 14:00:00+09:00,2432.0,2434.0,2410.5,2410.5,29200,0.0,0.0
2023-10-03 09:00:00+09:00,2412.0,2437.5,2401.0,2419.0,80900,0.0,0.0
2023-10-03 10:00:00+09:00,2419.5,2421.0,2402.5,2414.5,32600,0.0,0.0
2023-10-03 11:00:00+09:00,2415.0,2428.5,2414.0,2427.0,0,0.0,0.0
2023-10-03 12:00:00+09:00,2416.0,2416.0,2406.5,2408.0,153300,0.0,0.0
2023-10-03 13:00:00+09:00,2408.0,2408.0,2380.0,2386.0,46800,0.0,0.0
2023-10-03 14:00:00+09:00,2385.5,2386.0,2372.0,2374.0,53300,0.0,0.0
2023-10-04 09:00:00+09:00,2328.5,2359.5,2325.0,2338.0,64800,0.0,0.0
2023-10-04 10:00:00+09:00,2339.5,2339.5,2315.0,2318.5,33800,0.0,0.0
2023-10-04 11:00:00+09:00,2320.0,2323.5,2307.0,2309.0,0,0.0,0.0
2023-10-04 12:00:00+09:00,2309.0,2323.5,2304.0,2304.5,141600,0.0,0.0
2023-10-04 13:00:00+09:00,2306.0,2327.0,2297.0,2321.0,50100,0.0,0.0
2023-10-04 14:00:00+09:00,2321.0,2321.0,2293.0,2294.0,71700,0.0,0.0
2023-10-05 09:00:00+09:00,2292.5,2319.5,2279.0,2316.0,70400,0.0,0.0
2023-10-05 10:00:00+09:00,2315.5,2318.5,2304.0,2308.0,18900,0.0,0.0
2023-10-05 11:00:00+09:00,2306.0,2310.0,2297.0,2310.0,0,0.0,0.0
2023-10-05 12:00:00+09:00,2308.5,2317.5,2306.0,2308.5,130400,0.0,0.0
2023-10-05 13:00:00+09:00,2308.0,2315.5,2307.5,2309.5,17300,0.0,0.0
2023-10-05 14:00:00+09:00,2309.0,2316.0,2299.5,2312.0,47800,0.0,0.0
2023-10-06 09:00:00+09:00,2320.5,2356.5,2320.5,2344.5,43800,0.0,0.0
2023-10-06 10:00:00+09:00,2344.0,2363.0,2344.0,2361.5,18700,0.0,0.0
2023-10-06 11:00:00+09:00,2363.0,2363.0,2357.0,2360.5,0,0.0,0.0
2023-10-06 12:00:00+09:00,2355.5,2358.0,2352.0,2357.5,86300,0.0,0.0
2023-10-06 13:00:00+09:00,2357.5,2371.5,2355.5,2356.5,17400,0.0,0.0
2023-10-06 14:00:00+09:00,2355.0,2358.0,2347.5,2348.0,29100,0.0,0.0
2023-10-10 09:00:00+09:00,2352.0,2372.5,2339.5,2362.5,31200,0.0,0.0
2023-10-10 10:00:00+09:00,2363.5,2366.0,2347.5,2347.5,14800,0.0,0.0
2023-10-10 11:00:00+09:00,2347.5,2361.0,2341.5,2360.0,0,0.0,0.0
2023-10-10 12:00:00+09:00,2351.5,2360.0,2347.5,2355.0,79500,0.0,0.0
2023-10-10 13:00:00+09:00,2355.0,2361.0,2346.5,2359.5,23000,0.0,0.0
2023-10-10 14:00:00+09:00,2358.5,2362.0,2351.5,2356.5,32000,0.0,0.0
2023-10-11 09:00:00+09:00,2354.0,2370.0,2350.0,2356.5,27100,0.0,0.0
2023-10-11 10:00:00+09:00,2355.0,2358.0,2345.5,2358.0,12800,0.0,0.0
2023-10-11 11:00:00+09:00,2358.0,2359.0,2347.5,2349.0,0,0.0,0.0
2023-10-11 12:00:00+09:00,2345.0,2352.5,2344.5,2349.0,60900,0.0,0.0
2023-10-11 13:00:00+09:00,2349.0,2356.5,2344.0,2345.5,22100,0.0,0.0
2023-10-11 14:00:00+09:00,2345.0,2348.0,2330.0,2332.5,45800,0.0,0.0
2023-10-12 09:00:00+09:00,2332.5,2346.5,2324.5,2334.0,22700,0.0,0.0
2023-10-12 10:00:00+09:00,2334.5,2359.5,2327.5,2357.0,22500,0.0,0.0
2023-10-12 11:00:00+09:00,2357.0,2357.0,2350.0,2353.5,0,0.0,0.0
2023-10-12 12:00:00+09:00,2349.0,2351.5,2338.0,2347.0,80100,0.0,0.0
2023-10-12 13:00:00+09:00,2346.0,2347.0,2338.5,2341.5,18700,0.0,0.0
2023-10-12 14:00:00+09:00,2340.0,2340.5,2331.0,2339.0,30100,0.0,0.0
2023-10-13 09:00:00+09:00,2325.5,2327.5,2304.5,2304.5,43700,0.0,0.0
2023-10-13 10:00:00+09:00,2305.0,2312.5,2296.0,2296.0,16800,0.0,0.0
2023-10-13 11:00:00+09:00,2296.5,2301.0,2296.0,2297.0,0,0.0,0.0
2023-10-13 12:00:00+09:00,2295.0,2295.0,2289.0,2295.0,82200,0.0,0.0
2023-10-13 13:00:00+09:00,2293.5,2299.0,2280.0,2281.5,19100,0.0,0.0
2023-10-13 14:00:00+09:00,2280.5,2284.5,2275.5,2282.5,42000,0.0,0.0
2023-10-16 09:00:00+09:00,2257.5,2260.0,2222.5,2224.5,49300,0.0,0.0
2023-10-16 10:00:00+09:00,2225.0,2231.0,2220.5,2227.0,21400,0.0,0.0
2023-10-16 11:00:00+09:00,2227.0,2227.0,2213.5,2218.5,0,0.0,0.0
2023-10-16 12:00:00+09:00,2213.5,2213.5,2206.5,2212.0,104000,0.0,0.0
2023-10-16 13:00:00+09:00,2212.0,2221.0,2209.0,2214.0,26800,0.0,0.0
2023-10-16 14:00:00+09:00,2213.5,2217.0,2201.5,2209.5,52100,0.0,0.0
2023-10-17 09:00:00+09:00,2239.5,2259.0,2237.5,2241.5,22500,0.0,0.0
2023-10-17 10:00:00+09:00,2244.5,2247.0,2223.0,2226.0,14500,0.0,0.0
2023-10-17 11:00:00+09:00,2226.5,2236.5,2216.0,2227.0,0,0.0,0.0
2023-10-17 12:00:00+09:00,2227.5,2233.0,2222.0,2227.5,68800,0.0,0.0
2023-10-17 13:00:00+09:00,2227.0,2227.0,2210.0,2218.0,18500,0.0,0.0
2023-10-17 14:00:00+09:00,2218.0,2227.5,2214.5,2223.0,16000,0.0,0.0
2023-10-18 09:00:00+09:00,2232.0,2237.5,2195.5,2205.5,34600,0.0,0.0
2023-10-18 10:00:00+09:00,2205.5,2222.5,2205.0,2221.0,13800,0.0,0.0
2023-10-18 11:00:00+09:00,2222.0,2228.0,2216.0,2218.5,0,0.0,0.0
2023-10-18 12:00:00+09:00,2212.0,2215.5,2203.5,2214.0,69600,0.0,0.0
2023-10-18 13:00:00+09:00,2215.0,2231.0,2215.0,2225.0,22800,0.0,0.0
2023-10-18 14:00:00+09:00,2223.5,2235.5,2220.0,2230.5,31400,0.0,0.0
2023-10-19 09:00:00+09:00,2201.0,2229.0,2200.0,2229.0,19600,0.0,0.0
2023-10-19 10:00:00+09:00,2227.0,2231.0,2215.0,2216.0,11900,0.0,0.0
2023-10-19 11:00:00+09:00,2215.5,2219.0,2215.0,2218.0,0,0.0,0.0
2023-10-19 12:00:00+09:00,2213.0,2215.0,2210.0,2211.0,40100,0.0,0.0
2023-10-19 13:00:00+09:00,2212.5,2225.0,2209.5,2225.0,8300,0.0,0.0
2023-10-19 14:00:00+09:00,2224.0,2224.0,2215.0,2215.0,18100,0.0,0.0
2023-10-20 09:00:00+09:00,2211.0,2244.5,2210.0,2225.0,30000,0.0,0.0
2023-10-20 10:00:00+09:00,2229.0,2243.0,2225.0,2239.0,9600,0.0,0.0
2023-10-20 11:00:00+09:00,2239.5,2247.5,2239.5,2246.0,0,0.0,0.0
2023-10-20 12:00:00+09:00,2253.5,2255.0,2247.5,2253.0,63800,0.0,0.0
2023-10-20 13:00:00+09:00,2253.5,2256.0,2247.0,2251.0,15200,0.0,0.0
2023-10-20 14:00:00+09:00,2250.5,2257.0,2248.0,2251.0,37700,0.0,0.0
2023-10-23 09:00:00+09:00,2237.0,2251.5,2227.0,2242.0,27600,0.0,0.0
2023-10-23 10:00:00+09:00,2243.5,2249.0,2232.5,2238.5,13300,0.0,0.0
2023-10-23 11:00:00+09:00,2239.0,2239.5,2232.0,2234.0,0,0.0,0.0
2023-10-23 12:00:00+09:00,2230.5,2236.0,2227.0,2229.5,64300,0.0,0.0
2023-10-23 13:00:00+09:00,2230.5,2233.0,2223.5,2229.5,19700,0.0,0.0
2023-10-23 14:00:00+09:00,2229.0,2233.0,2225.0,2225.0,33700,0.0,0.0
2023-10-24 09:00:00+09:00,2223.5,2236.0,2186.0,2187.5,46200,0.0,0.0
2023-10-24 10:00:00+09:00,2188.0,2196.0,2178.0,2196.0,28800,0.0,0.0
2023-10-24 11:00:00+09:00,2195.5,2222.5,2195.5,2221.5,0,0.0,0.0
2023-10-24 12:00:00+09:00,2216.5,2220.5,2209.5,2213.0,117500,0.0,0.0
2023-10-24 13:00:00+09:00,2213.5,2232.0,2212.5,2231.0,29700,0.0,0.0
2023-10-24 14:00:00+09:00,2231.0,2245.5,2228.5,2239.0,46300,0.0,0.0
2023-10-25 09:00:00+09:00,2249.5,2250.0,2233.5,2237.5,0,0.0,0.0
2023-10-25 10:00:00+09:00,2237.0,2248.5,2235.0,2239.0,48900,0.0,0.0
2023-10-25 11:00:00+09:00,2238.5,2238.5,2227.0,2235.5,0,0.0,0.0
2023-10-25 12:00:00+09:00,2232.5,2236.5,2224.5,2224.5,88300,0.0,0.0
2023-10-25 13:00:00+09:00,2225.5,2238.0,2225.5,2235.0,27000,0.0,0.0
2023-10-25 14:00:00+09:00,2235.0,2238.5,2213.5,2215.5,49100,0.0,0.0
2023-10-26 09:00:00+09:00,2195.0,2218.5,2192.5,2197.5,38200,0.0,0.0
2023-10-26 10:00:00+09:00,2196.0,2204.0,2191.5,2195.0,23200,0.0,0.0
2023-10-26 11:00:00+09:00,2196.0,2196.5,2181.0,2181.5,0,0.0,0.0
2023-10-26 12:00:00+09:00,2181.5,2194.5,2181.0,2192.5,90100,0.0,0.0
2023-10-26 13:00:00+09:00,2193.0,2200.0,2192.0,2198.0,20700,0.0,0.0
2023-10-26 14:00:00+09:00,2198.0,2200.0,2185.0,2191.5,38600,0.0,0.0
2023-10-27 09:00:00+09:00,2195.0,2203.5,2180.0,2199.5,25300,0.0,0.0
2023-10-27 10:00:00+09:00,2198.0,2204.0,2189.5,2199.0,13300,0.0,0.0
2023-10-27 11:00:00+09:00,2201.5,2206.5,2201.0,2202.0,0,0.0,0.0
2023-10-27 12:00:00+09:00,2201.5,2204.5,2195.0,2195.5,52100,0.0,0.0
2023-10-27 13:00:00+09:00,2196.5,2205.0,2196.5,2203.0,12500,0.0,0.0
2023-10-27 14:00:00+09:00,2201.5,2205.5,2197.0,2203.5,24400,0.0,0.0
2023-10-30 09:00:00+09:00,2197.5,2197.5,2171.5,2178.5,30000,0.0,0.0
2023-10-30 10:00:00+09:00,2179.0,2184.0,2174.5,2178.5,16100,0.0,0.0
2023-10-30 11:00:00+09:00,2180.5,2182.0,2172.0,2173.0,0,0.0,0.0
2023-10-30 12:00:00+09:00,2177.5,2179.0,2173.0,2175.0,68200,0.0,0.0
2023-10-30 13:00:00+09:00,2175.5,2176.5,2162.5,2162.5,24700,0.0,0.0
2023-10-30 14:00:00+09:00,2163.0,2174.5,2161.5,2169.0,41500,0.0,0.0
2023-10-31 09:00:00+09:00,2175.0,2193.0,2166.5,2193.0,33100,0.0,0.0
2023-10-31 10:00:00+09:00,2190.0,2192.5,2182.5,2191.5,11100,0.0,0.0
2023-10-31 11:00:00+09:00,2191.0,2200.0,2189.5,2200.0,0,0.0,0.0
2023-10-31 12:00:00+09:00,2201.5,2216.5,2194.5,2204.0,72700,0.0,0.0
2023-10-31 13:00:00+09:00,2204.5,2219.5,2196.5,2200.0,19400,0.0,0.0
2023-10-31 14:00:00+09:00,2200.0,2216.5,2194.5,2214.5,30500,0.0,0.0
2023-11-01 09:00:00+09:00,2259.0,2266.0,2216.5,2226.5,53600,0.0,0.0
2023-11-01 10:00:00+09:00,2228.0,2241.5,2223.5,2234.0,27000,0.0,0.0
2023-11-01 11:00:00+09:00,2236.0,2238.0,2231.5,2233.0,0,0.0,0.0
2023-11-01 12:00:00+09:00,2234.0,2238.0,2231.0,2234.0,110800,0.0,0.0
2023-11-01 13:00:00+09:00,2234.0,2244.5,2234.0,2242.5,29400,0.0,0.0
2023-11-01 14:00:00+09:00,2240.0,2241.0,2230.5,2232.0,45000,0.0,0.0
2023-11-02 09:00:00+09:00,2247.0,2270.0,2241.5,2267.0,25500,0.0,0.0
2023-11-02 10:00:00+09:00,2265.5,2266.0,2248.0,2259.0,19100,0.0,0.0
2023-11-02 11:00:00+09:00,2259.5,2260.5,2248.5,2248.5,0,0.0,0.0
2023-11-02 12:00:00+09:00,2252.0,2257.5,2248.0,2255.0,69700,0.0,0.0
2023-11-02 13:00:00+09:00,2254.5,2256.5,2248.0,2250.5,19800,0.0,0.0
2023-11-02 14:00:00+09:00,2248.5,2256.5,2247.5,2249.0,29700,0.0,0.0
2023-11-06 09:00:00+09:00,2287.0,2287.0,2255.0,2272.5,42900,0.0,0.0
2023-11-06 10:00:00+09:00,2272.5,2282.0,2269.5,2271.5,18000,0.0,0.0
2023-11-06 11:00:00+09:00,2272.0,2283.5,2272.0,2273.0,0,0.0,0.0
2023-11-06 12:00:00+09:00,2273.0,2281.5,2272.0,2280.0,91000,0.0,0.0
2023-11-06 13:00:00+09:00,2279.5,2283.5,2275.0,2277.5,20500,0.0,0.0
2023-11-06 14:00:00+09:00,2277.5,2282.5,2264.5,2266.5,37300,0.0,0.0
2023-11-07 09:00:00+09:00,2284.0,2287.5,2245.5,2250.0,33800,0.0,0.0
2023-11-07 10:00:00+09:00,2251.5,2259.5,2250.0,2252.0,11800,0.0,0.0
2023-11-07 11:00:00+09:00,2251.0,2252.0,2245.5,2247.0,0,0.0,0.0
2023-11-07 12:00:00+09:00,2247.0,2251.5,2241.0,2247.5,59600,0.0,0.0
2023-11-07 13:00:00+09:00,2247.5,2248.0,2235.0,2238.5,14200,0.0,0.0
2023-11-07 14:00:00+09:00,2237.5,2245.5,2234.5,2236.5,17300,0.0,0.0
2023-11-08 09:00:00+09:00,2245.5,2253.5,2230.5,2232.5,18600,0.0,0.0
2023-11-08 10:00:00+09:00,2234.5,2245.0,2227.0,2242.5,12300,0.0,0.0
2023-11-08 11:00:00+09:00,2239.5,2242.0,2236.5,2236.5,0,0.0,0.0
2023-11-08 12:00:00+09:00,2236.0,2241.5,2219.0,2224.5,49300,0.0,0.0
2023-11-08 13:00:00+09:00,2225.0,2240.0,2225.0,2239.0,11400,0.0,0.0
2023-11-08 14:00:00+09:00,2238.0,2262.0,2233.5,2259.0,51900,0.0,0.0
2023-11-09 09:00:00+09:00,2236.5,2237.5,2217.0,2229.0,33400,0.0,0.0
2023-11-09 10:00:00+09:00,2230.0,2237.5,2224.5,2226.5,10200,0.0,0.0
2023-11-09 11:00:00+09:00,2225.5,2230.5,2224.5,2229.0,0,0.0,0.0
2023-11-09 12:00:00+09:00,2221.0,2236.0,2221.0,2235.0,56000,0.0,0.0
2023-11-09 13:00:00+09:00,2237.5,2249.5,2233.5,2247.5,19200,0.0,0.0
2023-11-09 14:00:00+09:00,2247.0,2258.0,2242.5,2253.5,38700,0.0,0.0
2023-11-10 09:00:00+09:00,2222.0,2271.0,2222.0,2263.5,100400,0.0,0.0
2023-11-10 10:00:00+09:00,2266.5,2268.0,2247.0,2250.5,24800,0.0,0.0
2023-11-10 11:00:00+09:00,2251.5,2267.0,2246.5,2259.5,0,0.0,0.0
2023-11-10 12:00:00+09:00,2258.5,2264.5,2250.5,2256.0,165800,0.0,0.0
2023-11-10 13:00:00+09:00,2255.0,2268.0,2254.5,2264.5,19900,0.0,0.0
2023-11-10 14:00:00+09:00,2263.0,2267.0,2261.0,2262.5,34500,0.0,0.0
2023-11-13 09:00:00+09:00,2247.0,2247.0,2197.5,2199.5,71300,0.0,0.0
2023-11-13 10:00:00+09:00,2201.5,2201.5,2186.5,2187.0,32100,0.0,0.0
2023-11-13 11:00:00+09:00,2186.0,2192.0,2182.0,2189.0,0,0.0,0.0
2023-11-13 12:00:00+09:00,2184.5,2190.0,2180.5,2189.0,148500,0.0,0.0
2023-11-13 13:00:00+09:00,2188.0,2193.5,2187.0,2191.0,25900,0.0,0.0
2023-11-13 14:00:00+09:00,2191.0,2198.5,2184.0,2198.5,48400,0.0,0.0
2023-11-14 09:00:00+09:00,2198.0,2203.5,2173.0,2188.5,59200,0.0,0.0
2023-11-14 10:00:00+09:00,2190.5,2202.0,2182.0,2198.5,24900,0.0,0.0
2023-11-14 11:00:00+09:00,2200.0,2200.5,2186.5,2190.0,0,0.0,0.0
2023-11-14 12:00:00+09:00,2187.0,2190.0,2175.5,2185.5,136700,0.0,0.0
2023-11-14 13:00:00+09:00,2186.0,2190.0,2177.0,2178.5,26400,0.0,0.0
2023-11-14 14:00:00+09:00,2179.0,2179.0,2170.0,2170.5,53700,0.0,0.0
2023-11-15 09:00:00+09:00,2194.0,2204.5,2187.5,2189.0,36300,0.0,0.0
2023-11-15 10:00:00+09:00,2190.5,2194.5,2185.0,2185.5,13700,0.0,0.0
2023-11-15 11:00:00+09:00,2186.0,2199.0,2184.5,2194.5,0,0.0,0.0
2023-11-15 12:00:00+09:00,2199.5,2200.5,2193.5,2199.0,71000,0.0,0.0
2023-11-15 13:00:00+09:00,2198.0,2200.5,2190.5,2191.0,20600,0.0,0.0
2023-11-15 14:00:00+09:00,2191.0,2199.0,2185.0,2196.0,31300,0.0,0.0
2023-11-16 09:00:00+09:00,2188.0,2190.5,2166.5,2179.5,29500,0.0,0.0
2023-11-16 10:00:00+09:00,2177.5,2182.5,2173.0,2177.5,15800,0.0,0.0
2023-11-16 11:00:00+09:00,2176.5,2178.5,2173.5,2175.5,0,0.0,0.0
2023-11-16 12:00:00+09:00,2174.0,2178.5,2168.0,2174.5,86100,0.0,0.0
2023-11-16 13:00:00+09:00,2175.0,2186.0,2175.0,2186.0,19100,0.0,0.0
2023-11-16 14:00:00+09:00,2186.5,2190.0,2178.0,2181.5,37300,0.0,0.0
2023-11-17 09:00:00+09:00,2183.5,2190.5,2177.0,2184.5,28600,0.0,0.0
2023-11-17 10:00:00+09:00,2184.5,2191.0,2180.0,2185.5,18900,0.0,0.0
2023-11-17 11:00:00+09:00,2186.5,2188.5,2184.0,2186.5,0,0.0,0.0
2023-11-17 12:00:00+09:00,2186.0,2191.5,2179.0,2190.0,68200,0.0,0.0
2023-11-17 13:00:00+09:00,2190.5,2191.5,2183.5,2187.5,19400,0.0,0.0
2023-11-17 14:00:00+09:00,2187.0,2190.0,2182.5,2186.0,36000,0.0,0.0
2023-11-20 09:00:00+09:00,2195.0,2213.5,2188.0,2200.0,25700,0.0,0.0
2023-11-20 10:00:00+09:00,2197.5,2199.5,2190.0,2193.5,18100,0.0,0.0
2023-11-20 11:00:00+09:00,2194.5,2194.5,2190.5,2191.5,0,0.0,0.0
2023-11-20 12:00:00+09:00,2190.0,2191.5,2185.5,2185.5,62300,0.0,0.0
2023-11-20 13:00:00+09:00,2185.0,2192.5,2183.0,2189.5,14100,0.0,0.0
2023-11-20 14:00:00+09:00,2189.5,2199.0,2189.5,2192.0,32200,0.0,0.0
2023-11-21 09:00:00+09:00,2192.0,2206.0,2187.5,2198.0,22800,0.0,0.0
2023-11-21 10:00:00+09:00,2196.5,2219.0,2193.5,2216.5,13200,0.0,0.0
2023-11-21 11:00:00+09:00,2216.5,2221.0,2216.0,2216.0,0,0.0,0.0
2023-11-21 12:00:00+09:00,2216.0,2228.0,2216.0,2226.0,63400,0.0,0.0
2023-11-21 13:00:00+09:00,2228.0,2231.5,2224.5,2226.5,18000,0.0,0.0
2023-11-21 14:00:00+09:00,2226.5,2233.0,2221.5,2225.0,23800,0.0,0.0
2023-11-22 09:00:00+09:00,2227.5,2229.5,2207.5,2226.0,25300,0.0,0.0
2023-11-22 10:00:00+09:00,2226.0,2231.0,2221.0,2231.0,9000,0.0,0.0
2023-11-22 11:00:00+09:00,2230.0,2232.0,2225.5,2232.0,0,0.0,0.0
2023-11-22 12:00:00+09:00,2226.0,2229.5,2223.5,2224.0,47400,0.0,0.0
2023-11-22 13:00:00+09:00,2224.0,2227.0,2222.5,2225.5,5600,0.0,0.0
2023-11-22 14:00:00+09:00,2225.5,2230.0,2222.0,2224.0,15600,0.0,0.0
2023-11-24 09:00:00+09:00,2243.5,2243.5,2221.5,2227.0,33700,0.0,0.0
2023-11-24 10:00:00+09:00,2226.0,2230.0,2221.0,2229.5,10200,0.0,0.0
2023-11-24 11:00:00+09:00,2229.5,2229.5,2225.0,2225.0,0,0.0,0.0
2023-11-24 12:00:00+09:00,2228.5,2230.5,2226.0,2228.0,55100,0.0,0.0
2023-11-24 13:00:00+09:00,2227.5,2229.0,2224.0,2228.0,12800,0.0,0.0
2023-11-24 14:00:00+09:00,2228.0,2228.0,2220.5,2226.5,21700,0.0,0.0
2023-11-27 09:00:00+09:00,2230.0,2235.5,2204.5,2206.5,41000,0.0,0.0
2023-11-27 10:00:00+09:00,2206.5,2207.0,2199.0,2203.0,33400,0.0,0.0
2023-11-27 11:00:00+09:00,2202.5,2208.0,2200.0,2204.0,0,0.0,0.0
2023-11-27 12:00:00+09:00,2202.0,2204.5,2198.0,2204.0,112100,0.0,0.0
2023-11-27 13:00:00+09:00,2203.5,2205.5,2199.5,2205.5,27700,0.0,0.0
2023-11-27 14:00:00+09:00,2206.5,2206.5,2200.5,2201.5,44900,0.0,0.0
2023-11-28 09:00:00+09:00,2204.0,2222.5,2199.0,2215.5,22400,0.0,0.0
2023-11-28 10:00:00+09:00,2214.5,2221.5,2214.5,2219.0,9700,0.0,0.0
2023-11-28 11:00:00+09:00,2220.0,2221.5,2216.5,2217.5,0,0.0,0.0
2023-11-28 12:00:00+09:00,2221.0,2225.5,2220.5,2225.0,50300,0.0,0.0
2023-11-28 13:00:00+09:00,2225.5,2230.5,2224.0,2229.5,23500,0.0,0.0
2023-11-28 14:00:00+09:00,2229.5,2229.5,2220.0,2225.0,25900,0.0,0.0
2023-11-29 09:00:00+09:00,2219.0,2233.5,2216.0,2218.0,19600,0.0,0.0
2023-11-29 10:00:00+09:00,2219.0,2232.0,2219.0,2221.0,13600,0.0,0.0
2023-11-29 11:00:00+09:00,2220.5,2223.0,2215.5,2217.0,0,0.0,0.0
2023-11-29 12:00:00+09:00,2213.0,2218.5,2212.0,2215.5,52800,0.0,0.0
2023-11-29 13:00:00+09:00,2215.0,2222.0,2213.0,2219.5,21400,0.0,0.0
2023-11-29 14:00:00+09:00,2220.0,2220.0,2211.5,2213.5,29600,0.0,0.0
2023-11-30 09:00:00+09:00,2211.5,2214.0,2187.5,2201.5,46700,0.0,0.0
2023-11-30 10:00:00+09:00,2202.5,2207.5,2198.0,2207.5,21800,0.0,0.0
2023-11-30 11:00:00+09:00,2207.0,2224.5,2207.0,2221.0,0,0.0,0.0
2023-11-30 12:00:00+09:00,2222.5,2224.0,2217.0,2222.0,94700,0.0,0.0
2023-11-30 13:00:00+09:00,2223.5,2233.0,2221.5,2225.5,21100,0.0,0.0
2023-11-30 14:00:00+09:00,2226.5,2237.0,2225.0,2233.5,47000,0.0,0.0
2023-12-01 09:00:00+09:00,2270.0,2271.0,2236.5,2240.0,47000,0.0,0.0
2023-12-01 10:00:00+09:00,2240.0,2253.5,2240.0,2248.5,12200,0.0,0.0
2023-12-01 11:00:00+09:00,2247.5,2249.0,2242.0,2245.0,0,0.0,0.0
2023-12-01 12:00:00+09:00,2241.0,2245.5,2240.5,2241.0,77800,0.0,0.0
2023-12-01 13:00:00+09:00,2240.0,2242.5,2238.0,2239.5,17400,0.0,0.0
2023-12-01 14:00:00+09:00,2238.5,2244.0,2231.0,2240.0,34100,0.0,0.0
2023-12-04 09:00:00+09:00,2213.5,2224.5,2199.0,2224.5,36100,0.0,0.0
2023-12-04 10:00:00+09:00,2225.5,2229.5,2221.0,2223.0,19400,0.0,0.0
2023-12-04 11:00:00+09:00,2222.0,2223.0,2216.0,2220.0,0,0.0,0.0
2023-12-04 12:00:00+09:00,2213.0,2219.0,2211.0,2218.0,69600,0.0,0.0
2023-12-04 13:00:00+09:00,2219.5,2220.0,2213.5,2219.5,14200,0.0,0.0
2023-12-04 14:00:00+09:00,2219.5,2219.5,2205.5,2207.0,35800,0.0,0.0
2023-12-05 09:00:00+09:00,2200.0,2216.5,2197.0,2205.5,30200,0.0,0.0
2023-12-05 10:00:00+09:00,2207.5,2212.5,2200.5,2202.5,13200,0.0,0.0
2023-12-05 11:00:00+09:00,2202.5,2204.0,2195.0,2196.5,0,0.0,0.0
2023-12-05 12:00:00+09:00,2195.0,2198.0,2191.0,2194.0,63600,0.0,0.0
2023-12-05 13:00:00+09:00,2195.0,2205.0,2194.5,2197.0,12800,0.0,0.0
2023-12-05 14:00:00+09:00,2196.5,2198.5,2191.0,2192.0,21600,0.0,0.0
2023-12-06 09:00:00+09:00,2192.5,2213.0,2190.5,2210.5,18800,0.0,0.0
2023-12-06 10:00:00+09:00,2209.5,2209.5,2201.5,2206.0,25100,0.0,0.0
2023-12-06 11:00:00+09:00,2207.0,2213.0,2206.5,2209.5,0,0.0,0.0
2023-12-06 12:00:00+09:00,2214.0,2214.0,2209.5,2213.5,68900,0.0,0.0
2023-12-06 13:00:00+09:00,2212.0,2225.0,2211.0,2224.5,28000,0.0,0.0
2023-12-06 14:00:00+09:00,2224.5,2234.5,2224.0,2229.5,25700,0.0,0.0
2023-12-07 09:00:00+09:00,2200.0,2220.5,2177.5,2187.5,62300,0.0,0.0
2023-12-07 10:00:00+09:00,2187.5,2192.5,2176.0,2176.5,25400,0.0,0.0
2023-12-07 11:00:00+09:00,2178.0,2178.0,2168.5,2172.0,0,0.0,0.0
2023-12-07 12:00:00+09:00,2170.0,2171.0,2156.0,2165.5,145500,0.0,0.0
2023-12-07 13:00:00+09:00,2166.0,2172.0,2159.0,2160.0,24600,0.0,0.0
2023-12-07 14:00:00+09:00,2160.0,2162.0,2152.0,2156.0,48500,0.0,0.0
2023-12-08 09:00:00+09:00,2129.5,2167.0,2122.0,2144.0,72400,0.0,0.0
2023-12-08 10:00:00+09:00,2143.5,2146.5,2131.5,2140.5,0,0.0,0.0
2023-12-08 11:00:00+09:00,2139.5,2144.0,2139.0,2141.5,0,0.0,0.0
2023-12-08 12:00:00+09:00,2134.5,2142.5,2133.5,2136.5,136800,0.0,0.0
2023-12-08 13:00:00+09:00,2135.5,2138.0,2123.0,2125.0,55200,0.0,0.0
2023-12-08 14:00:00+09:00,2125.0,2125.0,2113.0,2118.5,72300,0.0,0.0
2023-12-11 09:00:00+09:00,2133.0,2144.0,2121.0,2128.5,30900,0.0,0.0
2023-12-11 10:00:00+09:00,2131.0,2136.5,2126.5,2134.0,19200,0.0,0.0
2023-12-11 11:00:00+09:00,2135.0,2138.5,2134.0,2134.5,0,0.0,0.0
2023-12-11 12:00:00+09:00,2134.5,2141.0,2132.5,2135.0,73200,0.0,0.0
2023-12-11 13:00:00+09:00,2136.5,2141.0,2135.0,2137.0,28600,0.0,0.0
2023-12-11 14:00:00+09:00,2137.0,2141.0,2133.0,2140.0,41800,0.0,0.0
2023-12-12 09:00:00+09:00,2148.0,2153.0,2120.5,2129.5,69300,0.0,0.0
2023-12-12 10:00:00+09:00,2129.0,2130.5,2118.0,2119.0,25800,0.0,0.0
2023-12-12 11:00:00+09:00,2118.5,2122.5,2116.5,2120.0,0,0.0,0.0
2023-12-12 12:00:00+09:00,2117.5,2122.5,2108.0,2110.0,131100,0.0,0.0
2023-12-12 13:00:00+09:00,2110.0,2115.0,2105.5,2111.5,21400,0.0,0.0
2023-12-12 14:00:00+09:00,2112.0,2114.5,2103.0,2113.0,21400,0.0,0.0
2023-12-13 09:00:00+09:00,2116.5,2120.0,2102.0,2112.0,25600,0.0,0.0
2023-12-13 10:00:00+09:00,2111.0,2111.0,2101.0,2106.5,18500,0.0,0.0
2023-12-13 11:00:00+09:00,2106.5,2108.5,2104.5,2106.5,0,0.0,0.0
2023-12-13 12:00:00+09:00,2104.0,2107.0,2099.0,2102.5,78600,0.0,0.0
2023-12-13 13:00:00+09:00,2102.0,2106.5,2097.5,2106.0,24800,0.0,0.0
2023-12-13 14:00:00+09:00,2105.5,2114.0,2103.5,2105.5,33200,0.0,0.0
2023-12-14 09:00:00+09:00,2096.0,2102.0,2070.0,2070.0,64500,0.0,0.0
2023-12-14 10:00:00+09:00,2069.5,2070.5,2061.5,2067.0,22800,0.0,0.0
2023-12-14 11:00:00+09:00,2067.5,2078.0,2067.0,2068.0,0,0.0,0.0
2023-12-14 12:00:00+09:00,2064.0,2065.5,2057.0,2059.0,116400,0.0,0.0
2023-12-14 13:00:00+09:00,2059.0,2066.5,2055.5,2066.0,16100,0.0,0.0
2023-12-14 14:00:00+09:00,2065.0,2066.5,2056.0,2057.5,29500,0.0,0.0
2023-12-15 09:00:00+09:00,2055.0,2062.5,2048.0,2060.0,44700,0.0,0.0
2023-12-15 10:00:00+09:00,2060.0,2062.0,2045.5,2062.0,22900,0.0,0.0
2023-12-15 11:00:00+09:00,2061.5,2067.5,2060.0,2065.5,0,0.0,0.0
2023-12-15 12:00:00+09:00,2066.5,2071.0,2065.0,2066.0,97000,0.0,0.0
2023-12-15 13:00:00+09:00,2066.5,2070.5,2063.5,2067.0,21000,0.0,0.0
2023-12-15 14:00:00+09:00,2067.0,2071.0,2058.0,2065.0,45200,0.0,0.0
2023-12-18 09:00:00+09:00,2044.5,2044.5,2020.0,2028.5,0,0.0,0.0
2023-12-18 10:00:00+09:00,2028.5,2028.5,2021.0,2024.5,80700,0.0,0.0
2023-12-18 11:00:00+09:00,2024.0,2035.0,2024.0,2033.5,0,0.0,0.0
2023-12-18 12:00:00+09:00,2031.5,2035.0,2028.5,2034.5,110200,0.0,0.0
2023-12-18 13:00:00+09:00,2034.0,2042.5,2031.0,2041.5,23100,0.0,0.0
2023-12-18 14:00:00+09:00,2041.5,2050.0,2041.0,2043.0,44100,0.0,0.0
2023-12-19 09:00:00+09:00,2039.0,2044.5,2023.5,2028.5,42600,0.0,0.0
2023-12-19 10:00:00+09:00,2028.0,2036.5,2022.0,2036.5,20800,0.0,0.0
2023-12-19 11:00:00+09:00,2037.0,2043.0,2035.5,2037.0,0,0.0,0.0
2023-12-19 12:00:00+09:00,2048.5,2053.0,2044.0,2046.5,94900,0.0,0.0
2023-12-19 13:00:00+09:00,2045.5,2053.0,2038.0,2053.0,31600,0.0,0.0
2023-12-19 14:00:00+09:00,2052.5,2061.5,2051.0,2061.5,52900,0.0,0.0
2023-12-20 09:00:00+09:00,2063.5,2076.5,2062.5,2067.5,25400,0.0,0.0
2023-12-20 10:00:00+09:00,2069.0,2083.5,2067.0,2076.0,25000,0.0,0.0
2023-12-20 11:00:00+09:00,2075.5,2076.0,2071.0,2071.0,0,0.0,0.0
2023-12-20 12:00:00+09:00,2071.5,2078.0,2071.0,2072.5,69400,0.0,0.0
2023-12-20 13:00:00+09:00,2071.5,2073.5,2068.0,2073.5,13700,0.0,0.0
2023-12-20 14:00:00+09:00,2073.5,2078.0,2064.5,2064.5,32100,0.0,0.0
2023-12-21 09:00:00+09:00,2060.0,2060.0,2034.0,2041.5,26600,0.0,0.0
2023-12-21 10:00:00+09:00,2042.0,2049.0,2041.0,2045.5,17000,0.0,0.0
2023-12-21 11:00:00+09:00,2044.0,2044.5,2040.0,2044.5,0,0.0,0.0
2023-12-21 12:00:00+09:00,2045.5,2046.5,2040.5,2040.5,58300,0.0,0.0
2023-12-21 13:00:00+09:00,2040.0,2050.0,2038.5,2050.0,16600,0.0,0.0
2023-12-21 14:00:00+09:00,2049.0,2056.0,2046.5,2049.5,27900,0.0,0.0
2023-12-22 09:00:00+09:00,2049.0,2065.0,2049.0,2056.0,27000,0.0,0.0
2023-12-22 10:00:00+09:00,2055.0,2057.5,2052.0,2055.5,11400,0.0,0.0
2023-12-22 11:00:00+09:00,2054.5,2061.5,2054.5,2060.0,0,0.0,0.0
2023-12-22 12:00:00+09:00,2064.0,2064.0,2054.5,2057.5,62200,0.0,0.0
2023-12-22 13:00:00+09:00,2058.0,2058.5,2049.0,2049.0,14600,0.0,0.0
2023-12-22 14:00:00+09:00,2048.5,2053.5,2048.5,2051.0,18700,0.0,0.0
2023-12-25 09:00:00+09:00,2067.0,2069.0,2052.0,2058.0,56700,0.0,0.0
2023-12-25 10:00:00+09:00,2059.0,2061.5,2046.0,2051.0,20100,0.0,0.0
2023-12-25 11:00:00+09:00,2052.0,2052.5,2050.0,2052.0,0,0.0,0.0
2023-12-25 12:00:00+09:00,2049.0,2053.5,2048.5,2053.5,98500,0.0,0.0
2023-12-25 13:00:00+09:00,2053.0,2053.0,2045.5,2046.5,14100,0.0,0.0
2023-12-25 14:00:00+09:00,2046.5,2048.5,2039.0,2042.0,32200,0.0,0.0
2023-12-26 09:00:00+09:00,2049.0,2057.0,2042.0,2052.0,19600,0.0,0.0
2023-12-26 10:00:00+09:00,2053.5,2057.0,2044.5,2046.0,9200,0.0,0.0
2023-12-26 11:00:00+09:00,2047.5,2049.0,2044.5,2048.5,0,0.0,0.0
2023-12-26 12:00:00+09:00,2050.0,2055.0,2043.0,2043.0,44800,0.0,0.0
2023-12-26 13:00:00+09:00,2043.0,2043.0,2035.5,2040.0,14800,0.0,0.0
2023-12-26 14:00:00+09:00,2039.5,2046.5,2036.0,2045.5,25100,0.0,0.0
2023-12-27 09:00:00+09:00,2045.5,2060.0,2044.0,2050.0,26400,0.0,0.0
2023-12-27 10:00:00+09:00,2050.5,2062.0,2050.0,2061.0,11800,0.0,0.0
2023-12-27 11:00:00+09:00,2060.5,2064.5,2060.5,2061.0,0,0.0,0.0
2023-12-27 12:00:00+09:00,2062.0,2069.0,2061.5,2068.5,53500,0.0,0.0
2023-12-27 13:00:00+09:00,2068.5,2068.5,2064.0,2064.5,10100,0.0,0.0
2023-12-27 14:00:00+09:00,2065.0,2070.0,2062.0,2067.0,27500,0.0,0.0
2023-12-28 09:00:00+09:00,2060.0,2072.5,2060.0,2070.0,15200,0.0,0.0
2023-12-28 10:00:00+09:00,2072.5,2075.5,2067.5,2075.5,8400,0.0,0.0
2023-12-28 11:00:00+09:00,2075.0,2077.0,2071.5,2077.0,0,0.0,0.0
2023-12-28 12:00:00+09:00,2079.5,2086.0,2078.5,2085.5,36700,0.0,0.0
2023-12-28 13:00:00+09:00,2086.0,2091.5,2085.0,2086.0,30500,0.0,0.0
2023-12-28 14:00:00+09:00,2086.5,2090.0,2085.5,2088.5,16000,0.0,0.0
2023-12-29 09:00:00+09:00,2094.5,2112.0,2094.0,2100.0,32800,0.0,0.0
2023-12-29 10:00:00+09:00,2100.0,2104.0,2095.5,2104.0,6200,0.0,0.0
2023-12-29 11:00:00+09:00,2103.0,2106.5,2100.0,2106.5,0,0.0,0.0
2023-12-29 12:00:00+09:00,2102.5,2103.5,2097.0,2098.0,52600,0.0,0.0
2023-12-29 13:00:00+09:00,2097.5,2097.5,2084.5,2085.5,10700,0.0,0.0
2023-12-29 14:00:00+09:00,2086.0,2087.0,2080.0,2084.0,19400,0.0,0.0
2024-01-04 09:00:00+09:00,2089.5,2094.0,2060.0,2081.0,49400,0.0,0.0
2024-01-04 10:00:00+09:00,2081.0,2094.5,2079.0,2093.5,26100,0.0,0.0
2024-01-04 11:00:00+09:00,2095.0,2095.5,2092.5,2095.0,0,0.0,0.0
2024-01-04 12:00:00+09:00,2095.0,2099.5,2092.5,2099.5,104600,0.0,0.0
2024-01-04 13:00:00+09:00,2100.0,2108.5,2099.0,2108.0,29700,0.0,0.0
2024-01-04 14:00:00+09:00,2109.0,2112.5,2105.0,2109.0,44600,0.0,0.0
2024-01-05 09:00:00+09:00,2111.0,2113.5,2096.0,2109.5,41700,0.0,0.0
2024-01-05 10:00:00+09:00,2109.5,2110.5,2100.5,2102.0,23300,0.0,0.0
2024-01-05 11:00:00+09:00,2101.0,2103.5,2098.0,2099.5,0,0.0,0.0
2024-01-05 12:00:00+09:00,2103.5,2107.0,2100.0,2102.5,95400,0.0,0.0
2024-01-05 13:00:00+09:00,2102.5,2106.0,2096.5,2098.0,27000,0.0,0.0
2024-01-05 14:00:00+09:00,2098.0,2099.5,2089.5,2089.5,39100,0.0,0.0
2024-01-09 09:00:00+09:00,2098.0,2119.5,2092.0,2109.5,54900,0.0,0.0
2024-01-09 10:00:00+09:00,2109.0,2115.0,2104.0,2115.0,19700,0.0,0.0
2024-01-09 11:00:00+09:00,2114.5,2119.5,2113.5,2115.5,0,0.0,0.0
2024-01-09 12:00:00+09:00,2110.0,2117.0,2109.0,2109.0,103300,0.0,0.0
2024-01-09 13:00:00+09:00,2106.5,2108.5,2097.5,2106.5,17400,0.0,0.0
2024-01-09 14:00:00+09:00,2105.5,2114.5,2105.0,2113.5,34800,0.0,0.0
2024-01-10 09:00:00+09:00,2125.0,2141.5,2122.0,2141.0,59200,0.0,0.0
2024-01-10 10:00:00+09:00,2140.0,2152.0,2140.0,2149.5,32600,0.0,0.0
2024-01-10 11:00:00+09:00,2150.0,2155.0,2149.5,2153.0,0,0.0,0.0
2024-01-10 12:00:00+09:00,2154.5,2161.0,2153.0,2153.5,139500,0.0,0.0
2024-01-10 13:00:00+09:00,2153.5,2158.5,2147.5,2154.0,37600,0.0,0.0
2024-01-10 14:00:00+09:00,2153.5,2158.5,2148.5,2149.0,51300,0.0,0.0
2024-01-11 09:00:00+09:00,2177.0,2178.0,2134.0,2134.0,89200,0.0,0.0
2024-01-11 10:00:00+09:00,2135.0,2141.0,2123.5,2124.0,55200,0.0,0.0
2024-01-11 11:00:00+09:00,2123.5,2127.0,2121.0,2126.0,0,0.0,0.0
2024-01-11 12:00:00+09:00,2126.5,2127.0,2117.5,2125.0,204100,0.0,0.0
2024-01-11 13:00:00+09:00,2123.5,2129.0,2123.0,2127.5,38500,0.0,0.0
2024-01-11 14:00:00+09:00,2127.0,2129.5,2120.5,2121.5,59200,0.0,0.0
2024-01-12 09:00:00+09:00,2137.0,2137.5,2110.0,2111.5,0,0.0,0.0
2024-01-12 10:00:00+09:00,2110.5,2113.0,2097.5,2105.0,42600,0.0,0.0
2024-01-12 11:00:00+09:00,2104.0,2107.0,2100.5,2100.5,0,0.0,0.0
2024-01-12 12:00:00+09:00,2099.0,2102.0,2093.5,2095.0,128100,0.0,0.0
2024-01-12 13:00:00+09:00,2094.0,2101.5,2094.0,2101.5,24200,0.0,0.0
2024-01-12 14:00:00+09:00,2102.5,2107.5,2098.0,2102.0,36200,0.0,0.0
2024-01-15 09:00:00+09:00,2100.0,2100.5,2085.0,2085.0,51600,0.0,0.0
2024-01-15 10:00:00+09:00,2085.0,2096.0,2084.0,2093.5,27700,0.0,0.0
2024-01-15 11:00:00+09:00,2093.5,2097.0,2091.0,2097.0,0,0.0,0.0
2024-01-15 12:00:00+09:00,2101.5,2106.0,2099.5,2104.5,110400,0.0,0.0
2024-01-15 13:00:00+09:00,2105.0,2109.0,2102.5,2108.5,25900,0.0,0.0
2024-01-15 14:00:00+09:00,2108.5,2108.5,2098.0,2103.0,28900,0.0,0.0
2024-01-16 09:00:00+09:00,2096.0,2100.5,2086.0,2087.0,32400,0.0,0.0
2024-01-16 10:00:00+09:00,2087.5,2090.0,2084.0,2084.5,27400,0.0,0.0
2024-01-16 11:00:00+09:00,2083.5,2088.0,2083.5,2085.5,0,0.0,0.0
2024-01-16 12:00:00+09:00,2085.5,2086.0,2081.5,2082.0,88100,0.0,0.0
2024-01-16 13:00:00+09:00,2082.0,2086.0,2081.0,2083.0,14900,0.0,0.0
2024-01-16 14:00:00+09:00,2084.5,2086.0,2076.0,2076.0,30800,0.0,0.0
2024-01-17 09:00:00+09:00,2075.5,2091.5,2071.0,2085.5,33800,0.0,0.0
2024-01-17 10:00:00+09:00,2085.0,2095.0,2082.5,2086.5,36300,0.0,0.0
2024-01-17 11:00:00+09:00,2086.0,2090.0,2082.5,2085.5,0,0.0,0.0
2024-01-17 12:00:00+09:00,2078.0,2081.5,2060.0,2064.0,145900,0.0,0.0
2024-01-17 13:00:00+09:00,2063.0,2069.5,2059.0,2069.5,60200,0.0,0.0
2024-01-17 14:00:00+09:00,2069.5,2069.5,2048.0,2055.0,98200,0.0,0.0
2024-01-18 09:00:00+09:00,2059.0,2062.0,2040.5,2049.5,33400,0.0,0.0
2024-01-18 10:00:00+09:00,2048.5,2062.0,2039.0,2061.0,31200,0.0,0.0
2024-01-18 11:00:00+09:00,2061.0,2070.0,2059.5,2067.5,0,0.0,0.0
2024-01-18 12:00:00+09:00,2069.0,2074.0,2066.0,2070.0,96500,0.0,0.0
2024-01-18 13:00:00+09:00,2069.0,2069.0,2061.5,2064.0,15300,0.0,0.0
2024-01-18 14:00:00+09:00,2066.5,2067.0,2058.0,2058.0,25600,0.0,0.0
2024-01-19 09:00:00+09:00,2060.5,2067.5,2053.0,2053.0,31700,0.0,0.0
2024-01-19 10:00:00+09:00,2053.0,2070.5,2052.5,2065.0,16000,0.0,0.0
2024-01-19 11:00:00+09:00,2064.0,2065.0,2057.5,2062.5,0,0.0,0.0
2024-01-19 12:00:00+09:00,2062.0,2064.5,2053.0,2053.0,68500,0.0,0.0
2024-01-19 13:00:00+09:00,2053.0,2057.0,2043.0,2046.0,33600,0.0,0.0
2024-01-19 14:00:00+09:00,2048.0,2056.0,2045.0,2049.5,34500,0.0,0.0
2024-01-22 09:00:00+09:00,2053.0,2071.5,2045.0,2071.5,30400,0.0,0.0
2024-01-22 10:00:00+09:00,2071.0,2074.5,2068.0,2071.0,19300,0.0,0.0
2024-01-22 11:00:00+09:00,2071.0,2079.0,2069.0,2078.5,0,0.0,0.0
2024-01-22 12:00:00+09:00,2077.0,2089.0,2076.0,2088.5,90800,0.0,0.0
2024-01-22 13:00:00+09:00,2089.0,2101.0,2089.0,2099.0,42800,0.0,0.0
2024-01-22 14:00:00+09:00,2099.0,2102.5,2094.0,2102.5,35500,0.0,0.0
2024-01-23 09:00:00+09:00,2109.0,2116.0,2090.0,2091.0,46400,0.0,0.0
2024-01-23 10:00:00+09:00,2092.0,2092.0,2076.0,2082.0,20400,0.0,0.0
2024-01-23 11:00:00+09:00,2081.0,2082.0,2079.0,2079.0,0,0.0,0.0
2024-01-23 12:00:00+09:00,2079.0,2080.0,2064.0,2066.0,104100,0.0,0.0
2024-01-23 13:00:00+09:00,2067.0,2081.5,2067.0,2081.0,22200,0.0,0.0
2024-01-23 14:00:00+09:00,2080.0,2080.5,2073.0,2075.0,36600,0.0,0.0
2024-01-24 09:00:00+09:00,2075.5,2090.0,2064.0,2068.0,43800,0.0,0.0
2024-01-24 10:00:00+09:00,2068.0,2071.5,2062.5,2062.5,21600,0.0,0.0
2024-01-24 11:00:00+09:00,2063.0,2067.0,2062.0,2065.5,0,0.0,0.0
2024-01-24 12:00:00+09:00,2066.0,2072.5,2065.0,2072.5,95000,0.0,0.0
2024-01-24 13:00:00+09:00,2073.0,2073.5,2067.0,2068.5,19600,0.0,0.0
2024-01-24 14:00:00+09:00,2067.5,2076.0,2067.0,2067.0,31000,0.0,0.0
2024-01-25 09:00:00+09:00,2072.5,2078.0,2061.5,2061.5,21100,0.0,0.0
2024-01-25 10:00:00+09:00,2061.0,2068.0,2053.0,2060.5,33500,0.0,0.0
2024-01-25 11:00:00+09:00,2061.0,2066.5,2057.5,2066.5,0,0.0,0.0
2024-01-25 12:00:00+09:00,2067.0,2067.0,2063.0,2065.5,80600,0.0,0.0
2024-01-25 13:00:00+09:00,2065.5,2072.5,2065.5,2070.5,14600,0.0,0.0
2024-01-25 14:00:00+09:00,2071.0,2075.0,2069.5,2069.5,22800,0.0,0.0
2024-01-26 09:00:00+09:00,2060.5,2077.0,2057.0,2067.0,0,0.0,0.0
2024-01-26 10:00:00+09:00,2067.0,2077.0,2064.5,2077.0,57400,0.0,0.0
2024-01-26 11:00:00+09:00,2077.5,2081.0,2073.5,2073.5,0,0.0,0.0
2024-01-26 12:00:00+09:00,2073.0,2076.0,2069.0,2072.5,91000,0.0,0.0
2024-01-26 13:00:00+09:00,2072.0,2072.5,2057.5,2058.0,20700,0.0,0.0
2024-01-26 14:00:00+09:00,2058.5,2071.0,2058.5,2064.5,24200,0.0,0.0
2024-01-29 09:00:00+09:00,2062.5,2070.5,2056.5,2057.5,33400,0.0,0.0
2024-01-29 10:00:00+09:00,2058.0,2062.0,2054.5,2060.0,21400,0.0,0.0
2024-01-29 11:00:00+09:00,2059.5,2064.0,2057.5,2062.5,0,0.0,0.0
2024-01-29 12:00:00+09:00,2062.5,2069.5,2062.0,2066.5,79100,0.0,0.0
2024-01-29 13:00:00+09:00,2066.5,2067.5,2062.5,2063.0,16800,0.0,0.0
2024-01-29 14:00:00+09:00,2063.5,2063.5,2057.0,2060.5,27600,0.0,0.0
2024-01-30 09:00:00+09:00,2070.0,2076.0,2052.5,2054.5,54900,0.0,0.0
2024-01-30 10:00:00+09:00,2056.0,2056.0,2037.5,2038.5,48400,0.0,0.0
2024-01-30 11:00:00+09:00,2038.0,2038.0,2031.0,2031.5,0,0.0,0.0
2024-01-30 12:00:00+09:00,2034.0,2035.0,2027.0,2034.5,145000,0.0,0.0
2024-01-30 13:00:00+09:00,2035.5,2035.5,2030.5,2030.5,21300,0.0,0.0
2024-01-30 14:00:00+09:00,2030.5,2030.5,2017.0,2020.0,69800,0.0,0.0
2024-01-31 09:00:00+09:00,2020.0,2022.0,2008.0,2010.5,0,0.0,0.0
2024-01-31 10:00:00+09:00,2010.5,2016.0,2005.0,2007.0,82900,0.0,0.0
2024-01-31 11:00:00+09:00,2007.0,2010.0,2005.0,2007.0,0,0.0,0.0
2024-01-31 12:00:00+09:00,2008.0,2016.0,2007.0,2016.0,118400,0.0,0.0
2024-01-31 13:00:00+09:00,2016.0,2019.0,2013.5,2016.5,22500,0.0,0.0
2024-01-31 14:00:00+09:00,2017.0,2035.0,2017.0,2033.0,52900,0.0,0.0
2024-02-01 09:00:00+09:00,2021.5,2032.0,2005.5,2005.5,60100,0.0,0.0
2024-02-01 10:00:00+09:00,2006.5,2018.0,2005.0,2014.0,27600,0.0,0.0
2024-02-01 11:00:00+09:00,2014.5,2015.0,2010.0,2012.5,0,0.0,0.0
2024-02-01 12:00:00+09:00,2016.5,2017.0,2008.5,2012.0,116300,0.0,0.0
2024-02-01 13:00:00+09:00,2011.0,2011.0,2005.5,2007.0,41700,0.0,0.0
2024-02-01 14:00:00+09:00,2007.0,2016.0,2006.0,2014.0,55300,0.0,0.0
2024-02-02 09:00:00+09:00,2029.5,2029.5,2013.0,2023.5,44100,0.0,0.0
2024-02-02 10:00:00+09:00,2024.0,2030.0,2023.0,2029.5,20600,0.0,0.0
2024-02-02 11:00:00+09:00,2029.5,2029.5,2026.0,2026.0,0,0.0,0.0
2024-02-02 12:00:00+09:00,2029.5,2032.0,2022.0,2023.5,86800,0.0,0.0
2024-02-02 13:00:00+09:00,2022.5,2030.5,2019.0,2029.0,23500,0.0,0.0
2024-02-02 14:00:00+09:00,2028.5,2031.5,2023.0,2023.0,34800,0.0,0.0
2024-02-05 09:00:00+09:00,2023.0,2034.5,2014.0,2032.0,46200,0.0,0.0
2024-02-05 10:00:00+09:00,2032.0,2038.0,2027.5,2028.0,23000,0.0,0.0
2024-02-05 11:00:00+09:00,2028.5,2032.0,2027.0,2027.5,0,0.0,0.0
2024-02-05 12:00:00+09:00,2027.5,2032.5,2025.0,2027.5,97500,0.0,0.0
2024-02-05 13:00:00+09:00,2028.0,2031.0,2023.0,2030.5,24900,0.0,0.0
2024-02-05 14:00:00+09:00,2030.0,2036.5,2028.0,2035.0,36600,0.0,0.0
2024-02-06 09:00:00+09:00,2033.0,2033.0,2010.0,2017.0,0,0.0,0.0
2024-02-06 10:00:00+09:00,2017.0,2031.0,2016.5,2030.0,61700,0.0,0.0
2024-02-06 11:00:00+09:00,2030.5,2031.5,2024.5,2029.5,0,0.0,0.0
2024-02-06 12:00:00+09:00,2030.0,2037.5,2025.5,2037.5,92900,0.0,0.0
2024-02-06 13:00:00+09:00,2036.5,2040.0,2027.0,2028.5,19800,0.0,0.0
2024-02-06 14:00:00+09:00,2029.0,2029.0,2011.0,2012.0,43200,0.0,0.0
2024-02-07 09:00:00+09:00,2011.0,2020.0,2005.0,2014.5,57200,0.0,0.0
2024-02-07 10:00:00+09:00,2014.0,2015.0,2005.5,2006.0,24400,0.0,0.0
2024-02-07 11:00:00+09:00,2006.5,2008.0,2003.0,2008.0,0,0.0,0.0
2024-02-07 12:00:00+09:00,2007.0,2007.0,1993.5,1997.0,174600,0.0,0.0
2024-02-07 13:00:00+09:00,1997.0,2006.0,1994.0,2004.5,23300,0.0,0.0
2024-02-07 14:00:00+09:00,2004.0,2008.5,2000.5,2007.0,35000,0.0,0.0
2024-02-08 09:00:00+09:00,2001.0,2003.0,1970.0,1988.0,142600,0.0,0.0
2024-02-08 10:00:00+09:00,1988.5,1991.5,1986.5,1989.5,28800,0.0,0.0
2024-02-08 11:00:00+09:00,1988.5,1993.5,1988.0,1992.0,0,0.0,0.0
2024-02-08 12:00:00+09:00,1999.5,2007.0,1996.0,2005.0,216000,0.0,0.0
2024-02-08 13:00:00+09:00,2005.0,2009.0,2002.0,2008.0,41500,0.0,0.0
2024-02-08 14:00:00+09:00,2007.5,2007.5,1995.0,1996.0,63000,0.0,0.0
2024-02-09 09:00:00+09:00,1982.0,1984.0,1932.0,1934.5,160100,0.0,0.0
2024-02-09 10:00:00+09:00,1934.0,1944.0,1933.5,1940.5,68500,0.0,0.0
2024-02-09 11:00:00+09:00,1939.5,1940.5,1920.0,1925.0,0,0.0,0.0
2024-02-09 12:00:00+09:00,1921.0,1921.0,1902.0,1910.5,385500,0.0,0.0
2024-02-09 13:00:00+09:00,1910.0,1916.5,1898.0,1901.0,89600,0.0,0.0
2024-02-09 14:00:00+09:00,1902.0,1911.0,1899.0,1900.5,88800,0.0,0.0
2024-02-13 09:00:00+09:00,1917.0,1928.5,1891.0,1894.5,162000,0.0,0.0
2024-02-13 10:00:00+09:00,1893.5,1908.5,1892.5,1902.5,45100,0.0,0.0
2024-02-13 11:00:00+09:00,1903.0,1913.0,1903.0,1911.5,0,0.0,0.0
2024-02-13 12:00:00+09:00,1911.0,1928.5,1909.5,1924.5,279300,0.0,0.0
2024-02-13 13:00:00+09:00,1923.5,1927.5,1916.5,1923.0,47000,0.0,0.0
2024-02-13 14:00:00+09:00,1922.5,1929.0,1920.0,1926.5,66400,0.0,0.0
2024-02-14 09:00:00+09:00,1919.0,1919.0,1895.5,1898.5,100800,0.0,0.0
2024-02-14 10:00:00+09:00,1897.5,1898.5,1889.5,1890.0,65000,0.0,0.0
2024-02-14 11:00:00+09:00,1890.5,1892.0,1882.0,1883.0,0,0.0,0.0
2024-02-14 12:00:00+09:00,1881.0,1883.0,1876.5,1878.0,244900,0.0,0.0
2024-02-14 13:00:00+09:00,1877.0,1877.0,1867.0,1872.5,61600,0.0,0.0
2024-02-14 14:00:00+09:00,1873.5,1879.5,1870.0,1871.0,63800,0.0,0.0
2024-02-15 09:00:00+09:00,1877.0,1887.0,1857.0,1860.0,82000,0.0,0.0
2024-02-15 10:00:00+09:00,1859.5,1864.5,1854.0,1861.5,29400,0.0,0.0
2024-02-15 11:00:00+09:00,1861.0,1861.0,1855.0,1856.0,0,0.0,0.0
2024-02-15 12:00:00+09:00,1858.5,1874.5,1858.5,1872.0,158600,0.0,0.0
2024-02-15 13:00:00+09:00,1872.0,1876.0,1869.5,1872.0,34400,0.0,0.0
2024-02-15 14:00:00+09:00,1872.5,1880.0,1871.0,1872.0,46400,0.0,0.0
2024-02-16 09:00:00+09:00,1890.0,1892.0,1873.0,1884.5,83200,0.0,0.0
2024-02-16 10:00:00+09:00,1885.5,1902.0,1885.5,1893.5,37900,0.0,0.0
2024-02-16 11:00:00+09:00,1894.0,1902.5,1892.5,1901.5,0,0.0,0.0
2024-02-16 12:00:00+09:00,1903.0,1908.0,1902.5,1907.5,158100,0.0,0.0
2024-02-16 13:00:00+09:00,1907.5,1907.5,1899.0,1903.5,28000,0.0,0.0
2024-02-16 14:00:00+09:00,1903.5,1906.0,1899.0,1903.0,34900,0.0,0.0
2024-02-19 09:00:00+09:00,1905.5,1909.0,1896.0,1905.0,55300,0.0,0.0
2024-02-19 10:00:00+09:00,1905.0,1917.5,1904.0,1915.5,40500,0.0,0.0
2024-02-19 11:00:00+09:00,1915.0,1918.5,1913.5,1918.5,0,0.0,0.0
2024-02-19 12:00:00+09:00,1918.0,1918.0,1906.0,1912.5,136600,0.0,0.0
2024-02-19 13:00:00+09:00,1913.5,1919.5,1913.0,1919.5,24800,0.0,0.0
2024-02-19 14:00:00+09:00,1919.5,1923.5,1918.0,1920.0,35500,0.0,0.0
2024-02-20 09:00:00+09:00,1917.0,1923.0,1908.5,1917.0,45500,0.0,0.0
2024-02-20 10:00:00+09:00,1916.5,1917.0,1909.0,1912.0,33200,0.0,0.0
2024-02-20 11:00:00+09:00,1912.0,1912.0,1906.5,1907.5,0,0.0,0.0
2024-02-20 12:00:00+09:00,1907.0,1908.5,1904.0,1908.0,104600,0.0,0.0
2024-02-20 13:00:00+09:00,1909.0,1911.5,1906.0,1907.0,11600,0.0,0.0
2024-02-20 14:00:00+09:00,1907.0,1917.0,1907.0,1916.0,30800,0.0,0.0
2024-02-21 09:00:00+09:00,1915.5,1918.0,1907.5,1912.5,44600,0.0,0.0
2024-02-21 10:00:00+09:00,1912.5,1913.0,1905.0,1905.5,24400,0.0,0.0
2024-02-21 11:00:00+09:00,1906.0,1906.5,1900.5,1900.5,0,0.0,0.0
2024-02-21 12:00:00+09:00,1900.0,1904.0,1896.0,1902.0,130200,0.0,0.0
2024-02-21 13:00:00+09:00,1901.5,1915.0,1901.5,1912.0,31600,0.0,0.0
2024-02-21 14:00:00+09:00,1910.5,1913.5,1907.5,1911.5,37700,0.0,0.0
2024-02-22 09:00:00+09:00,1920.0,1920.0,1898.0,1905.5,96300,0.0,0.0
2024-02-22 10:00:00+09:00,1906.5,1910.0,1899.0,1902.5,76400,0.0,0.0
2024-02-22 11:00:00+09:00,1902.0,1905.0,1901.5,1902.0,0,0.0,0.0
2024-02-22 12:00:00+09:00,1902.0,1905.0,1896.5,1897.5,257700,0.0,0.0
2024-02-22 13:00:00+09:00,1898.0,1900.0,1887.5,1890.0,60800,0.0,0.0
2024-02-22 14:00:00+09:00,1889.5,1898.5,1888.5,1892.5,78900,0.0,0.0
2024-02-26 09:00:00+09:00,1896.0,1912.5,1888.5,1912.5,124600,0.0,0.0
2024-02-26 10:00:00+09:00,1912.5,1930.0,1910.5,1929.0,57600,0.0,0.0
2024-02-26 11:00:00+09:00,1928.5,1936.5,1928.5,1932.0,0,0.0,0.0
2024-02-26 12:00:00+09:00,1932.5,1932.5,1921.5,1927.5,264500,0.0,0.0
2024-02-26 13:00:00+09:00,1927.5,1928.0,1921.5,1922.5,31400,0.0,0.0
2024-02-26 14:00:00+09:00,1921.5,1926.0,1916.5,1918.0,59000,0.0,0.0
2024-02-27 09:00:00+09:00,1920.0,1945.0,1915.5,1944.5,145800,0.0,0.0
2024-02-27 10:00:00+09:00,1945.0,1947.5,1937.0,1945.0,37100,0.0,0.0
2024-02-27 11:00:00+09:00,1945.5,1953.5,1945.0,1950.5,0,0.0,0.0
2024-02-27 12:00:00+09:00,1950.5,1953.0,1940.0,1942.5,237400,0.0,0.0
2024-02-27 13:00:00+09:00,1944.0,1948.5,1938.5,1946.0,24500,0.0,0.0
2024-02-27 14:00:00+09:00,1946.0,1947.0,1935.5,1943.0,70000,0.0,0.0
2024-02-28 09:00:00+09:00,1944.5,1952.5,1930.5,1942.0,0,0.0,0.0
2024-02-28 10:00:00+09:00,1940.5,1951.0,1940.5,1949.0,173300,0.0,0.0
2024-02-28 11:00:00+09:00,1949.0,1965.0,1949.0,1960.5,0,0.0,0.0
2024-02-28 12:00:00+09:00,1961.5,1965.0,1955.5,1955.5,264200,0.0,0.0
2024-02-28 13:00:00+09:00,1955.0,1960.0,1950.0,1954.5,41000,0.0,0.0
2024-02-28 14:00:00+09:00,1955.5,1956.0,1948.5,1949.5,90800,0.0,0.0
2024-02-29 09:00:00+09:00,1952.0,1956.5,1935.0,1939.0,178700,0.0,0.0
2024-02-29 10:00:00+09:00,1938.5,1944.5,1928.5,1940.0,104500,0.0,0.0
2024-02-29 11:00:00+09:00,1940.5,1940.5,1934.0,1940.0,0,0.0,0.0
2024-02-29 12:00:00+09:00,1934.5,1940.5,1931.0,1940.5,345500,0.0,0.0
2024-02-29 13:00:00+09:00,1939.5,1940.0,1933.5,1939.0,22300,0.0,0.0
2024-02-29 14:00:00+09:00,1941.0,1942.0,1933.5,1936.5,60400,0.0,0.0
2024-03-01 09:00:00+09:00,1921.5,1948.5,1918.0,1938.0,74500,0.0,0.0
2024-03-01 10:00:00+09:00,1937.0,1938.5,1927.5,1933.0,41800,0.0,0.0
2024-03-01 11:00:00+09:00,1932.0,1935.0,1930.0,1930.0,0,0.0,0.0
2024-03-01 12:00:00+09:00,1930.0,1933.5,1927.0,1930.0,155900,0.0,0.0
2024-03-01 13:00:00+09:00,1931.0,1934.0,1926.5,1932.0,22700,0.0,0.0
2024-03-01 14:00:00+09:00,1932.0,1936.5,1929.5,1932.5,43500,0.0,0.0
2024-03-04 09:00:00+09:00,1927.0,1933.0,1915.0,1931.5,143600,0.0,0.0
2024-03-04 10:00:00+09:00,1932.0,1942.0,1929.0,1932.0,22600,0.0,0.0
2024-03-04 11:00:00+09:00,1931.0,1931.0,1926.0,1926.5,0,0.0,0.0
2024-03-04 12:00:00+09:00,1922.5,1930.0,1922.0,1930.0,198300,0.0,0.0
2024-03-04 13:00:00+09:00,1929.0,1932.0,1925.5,1931.0,16300,0.0,0.0
2024-03-04 14:00:00+09:00,1932.0,1933.0,1921.5,1921.5,36700,0.0,0.0
2024-03-05 09:00:00+09:00,1920.5,1922.0,1899.0,1919.0,112600,0.0,0.0
2024-03-05 10:00:00+09:00,1917.0,1923.0,1914.0,1918.0,15600,0.0,0.0
2024-03-05 11:00:00+09:00,1918.0,1921.0,1915.5,1920.0,0,0.0,0.0
2024-03-05 12:00:00+09:00,1920.0,1920.5,1916.0,1918.0,154200,0.0,0.0
2024-03-05 13:00:00+09:00,1918.5,1921.0,1915.5,1920.0,14100,0.0,0.0
2024-03-05 14:00:00+09:00,1920.5,1921.5,1913.0,1916.0,23500,0.0,0.0
2024-03-06 09:00:00+09:00,1914.0,1926.5,1906.0,1926.0,67200,0.0,0.0
2024-03-06 10:00:00+09:00,1923.5,1928.0,1919.0,1925.0,23000,0.0,0.0
2024-03-06 11:00:00+09:00,1924.5,1924.5,1917.5,1920.0,0,0.0,0.0
2024-03-06 12:00:00+09:00,1918.0,1924.5,1917.0,1922.5,119600,0.0,0.0
2024-03-06 13:00:00+09:00,1922.0,1926.5,1921.0,1926.0,17100,0.0,0.0
2024-03-06 14:00:00+09:00,1926.5,1927.5,1918.0,1921.0,27900,0.0,0.0
2024-03-07 09:00:00+09:00,1920.0,1926.5,1914.0,1921.5,62300,0.0,0.0
2024-03-07 10:00:00+09:00,1921.0,1929.5,1918.5,1925.5,19800,0.0,0.0
2024-03-07 11:00:00+09:00,1925.5,1928.0,1923.5,1926.5,0,0.0,0.0
2024-03-07 12:00:00+09:00,1924.0,1925.0,1915.0,1919.5,111900,0.0,0.0
2024-03-07 13:00:00+09:00,1920.0,1922.0,1916.5,1918.0,14300,0.0,0.0
2024-03-07 14:00:00+09:00,1918.5,1924.5,1916.0,1924.5,28000,0.0,0.0
2024-03-08 09:00:00+09:00,1900.0,1911.5,1894.0,1907.0,193200,0.0,0.0
2024-03-08 10:00:00+09:00,1907.5,1915.0,1905.5,1913.5,15300,0.0,0.0
2024-03-08 11:00:00+09:00,1912.5,1916.0,1911.5,1914.5,0,0.0,0.0
2024-03-08 12:00:00+09:00,1913.5,1924.5,1912.0,1924.5,246000,0.0,0.0
2024-03-08 13:00:00+09:00,1924.5,1933.5,1924.0,1929.0,22000,0.0,0.0
2024-03-08 14:00:00+09:00,1929.0,1931.0,1923.5,1926.0,28100,0.0,0.0
2024-03-11 09:00:00+09:00,1920.0,1921.0,1903.5,1907.0,108200,0.0,0.0
2024-03-11 10:00:00+09:00,1905.5,1913.5,1900.5,1910.0,29900,0.0,0.0
2024-03-11 11:00:00+09:00,1909.5,1910.0,1906.5,1910.0,0,0.0,0.0
2024-03-11 12:00:00+09:00,1908.0,1910.0,1898.0,1899.0,217000,0.0,0.0
2024-03-11 13:00:00+09:00,1899.0,1901.0,1891.5,1893.0,56100,0.0,0.0
2024-03-11 14:00:00+09:00,1893.5,1903.0,1886.0,1903.0,93000,0.0,0.0
2024-03-12 09:00:00+09:00,1902.0,1907.0,1877.5,1895.0,127200,0.0,0.0
2024-03-12 10:00:00+09:00,1895.5,1897.0,1879.0,1879.5,44700,0.0,0.0
2024-03-12 11:00:00+09:00,1880.0,1893.5,1880.0,1892.0,0,0.0,0.0
2024-03-12 12:00:00+09:00,1893.0,1908.5,1893.0,1908.5,223400,0.0,0.0
2024-03-12 13:00:00+09:00,1908.5,1915.0,1908.5,1914.5,25500,0.0,0.0
2024-03-12 14:00:00+09:00,1914.5,1921.0,1912.5,1919.5,44300,0.0,0.0
2024-03-13 09:00:00+09:00,1933.0,1946.0,1926.5,1930.5,80400,0.0,0.0
2024-03-13 10:00:00+09:00,1931.0,1937.0,1927.5,1933.0,20000,0.0,0.0
2024-03-13 11:00:00+09:00,1932.0,1939.5,1932.0,1939.5,0,0.0,0.0
2024-03-13 12:00:00+09:00,1932.0,1934.0,1924.0,1927.0,136100,0.0,0.0
2024-03-13 13:00:00+09:00,1927.0,1935.5,1927.0,1935.0,23800,0.0,0.0
2024-03-13 14:00:00+09:00,1935.5,1939.0,1929.0,1934.0,32100,0.0,0.0
2024-03-14 09:00:00+09:00,1927.0,1934.0,1919.0,1929.5,127800,0.0,0.0
2024-03-14 10:00:00+09:00,1931.0,1935.5,1928.5,1931.0,34000,0.0,0.0
2024-03-14 11:00:00+09:00,1930.5,1934.5,1928.0,1932.0,0,0.0,0.0
2024-03-14 12:00:00+09:00,1932.0,1943.5,1932.0,1943.5,206700,0.0,0.0
2024-03-14 13:00:00+09:00,1944.0,1948.5,1940.0,1941.5,39300,0.0,0.0
2024-03-14 14:00:00+09:00,1942.0,1947.5,1940.0,1944.5,58900,0.0,0.0
2024-03-15 09:00:00+09:00,1953.0,1957.5,1939.0,1957.0,155800,0.0,0.0
2024-03-15 10:00:00+09:00,1957.5,1961.5,1952.5,1961.0,30200,0.0,0.0
2024-03-15 11:00:00+09:00,1962.0,1971.5,1962.0,1970.0,0,0.0,0.0
2024-03-15 12:00:00+09:00,1971.0,1971.5,1967.5,1969.0,239800,0.0,0.0
2024-03-15 13:00:00+09:00,1969.5,1969.5,1961.5,1961.5,28800,0.0,0.0
2024-03-15 14:00:00+09:00,1961.5,1968.0,1961.5,1965.5,39800,0.0,0.0
2024-03-18 09:00:00+09:00,1965.5,1977.0,1958.5,1972.0,213600,0.0,0.0
2024-03-18 10:00:00+09:00,1971.0,1978.0,1967.5,1976.5,30800,0.0,0.0
2024-03-18 11:00:00+09:00,1976.0,1981.0,1975.0,1980.0,0,0.0,0.0
2024-03-18 12:00:00+09:00,1978.5,1985.0,1977.5,1980.0,324300,0.0,0.0
2024-03-18 13:00:00+09:00,1979.5,1983.0,1976.0,1977.5,28400,0.0,0.0
2024-03-18 14:00:00+09:00,1977.0,1979.0,1972.0,1976.0,52900,0.0,0.0
2024-03-19 09:00:00+09:00,1980.0,1987.0,1966.5,1976.5,151000,0.0,0.0
2024-03-19 10:00:00+09:00,1977.0,1980.0,1975.5,1978.5,13200,0.0,0.0
2024-03-19 11:00:00+09:00,1979.0,1979.5,1974.5,1977.0,0,0.0,0.0
2024-03-19 12:00:00+09:00,1975.0,1989.0,1974.5,1988.5,217500,0.0,0.0
2024-03-19 13:00:00+09:00,1989.0,1991.0,1980.5,1983.5,27200,0.0,0.0
2024-03-19 14:00:00+09:00,1983.5,1985.0,1979.0,1981.5,43800,0.0,0.0
2024-03-21 09:00:00+09:00,1994.5,2004.5,1989.5,1998.5,201700,0.0,0.0
2024-03-21 10:00:00+09:00,1999.5,2000.0,1982.0,1982.0,28200,0.0,0.0
2024-03-21 11:00:00+09:00,1981.5,1990.5,1981.5,1989.0,0,0.0,0.0
2024-03-21 12:00:00+09:00,1989.0,1989.0,1977.5,1983.0,302000,0.0,0.0
2024-03-21 13:00:00+09:00,1983.0,1983.5,1976.5,1982.5,33300,0.0,0.0
2024-03-21 14:00:00+09:00,1982.5,1983.5,1977.0,1977.0,25900,0.0,0.0
2024-03-22 09:00:00+09:00,1997.5,1997.5,1965.0,1977.0,226400,0.0,0.0
2024-03-22 10:00:00+09:00,1977.5,1989.5,1976.5,1987.5,34300,0.0,0.0
2024-03-22 11:00:00+09:00,1988.0,1992.0,1986.5,1986.5,0,0.0,0.0
2024-03-22 12:00:00+09:00,1986.5,1988.5,1980.5,1988.0,321600,0.0,0.0
2024-03-22 13:00:00+09:00,1989.0,1992.0,1985.0,1992.0,15700,0.0,0.0
2024-03-22 14:00:00+09:00,1991.5,2003.0,1991.5,2003.0,45700,0.0,0.0
2024-03-25 09:00:00+09:00,1998.0,2002.0,1980.5,2002.0,257400,0.0,0.0
2024-03-25 10:00:00+09:00,2003.0,2004.0,1984.0,1987.0,37700,0.0,0.0
2024-03-25 11:00:00+09:00,1986.0,1986.0,1976.5,1980.5,0,0.0,0.0
2024-03-25 12:00:00+09:00,1981.0,1982.5,1977.5,1982.0,374100,0.0,0.0
2024-03-25 13:00:00+09:00,1982.0,1985.0,1980.0,1985.0,17600,0.0,0.0
2024-03-25 14:00:00+09:00,1985.0,1989.0,1979.0,1981.0,52000,0.0,0.0
2024-03-26 09:00:00+09:00,1976.0,1980.0,1955.0,1968.0,127300,0.0,0.0
2024-03-26 10:00:00+09:00,1968.5,1977.5,1967.0,1974.0,13600,0.0,0.0
2024-03-26 11:00:00+09:00,1975.5,1979.5,1974.0,1975.5,0,0.0,0.0
2024-03-26 12:00:00+09:00,1971.0,1973.0,1961.0,1962.5,218400,0.0,0.0
2024-03-26 13:00:00+09:00,1962.5,1963.5,1952.5,1952.5,38400,0.0,0.0
2024-03-26 14:00:00+09:00,1952.5,1957.0,1950.5,1952.5,62300,0.0,0.0
2024-03-27 09:00:00+09:00,1959.0,1977.5,1958.0,1966.0,337900,0.0,0.0
2024-03-27 10:00:00+09:00,1965.5,1972.5,1963.0,1971.0,36200,0.0,0.0
2024-03-27 11:00:00+09:00,1969.5,1974.0,1968.0,1969.0,0,0.0,0.0
2024-03-27 12:00:00+09:00,1970.0,1976.0,1960.5,1961.5,574300,0.0,0.0
2024-03-27 13:00:00+09:00,1961.5,1970.0,1960.5,1969.0,47500,0.0,0.0
2024-03-27 14:00:00+09:00,1970.0,1975.0,1953.0,1957.5,108000,0.0,0.0
2024-03-28 09:00:00+09:00,1924.0,1942.0,1921.0,1940.5,296600,0.0,0.0
2024-03-28 10:00:00+09:00,1940.0,1950.0,1930.5,1932.0,39200,0.0,0.0
2024-03-28 11:00:00+09:00,1932.0,1935.0,1931.0,1932.5,0,0.0,0.0
2024-03-28 12:00:00+09:00,1931.5,1932.5,1906.5,1919.0,433800,0.0,0.0
2024-03-28 13:00:00+09:00,1918.0,1920.5,1916.0,1918.0,27500,0.0,0.0
2024-03-28 14:00:00+09:00,1917.5,1917.5,1910.0,1914.5,45600,0.0,0.0
2024-03-29 09:00:00+09:00,1920.5,1954.0,1919.5,1945.5,60500,0.0,0.0
2024-03-29 10:00:00+09:00,1945.0,1953.0,1941.5,1951.0,25900,0.0,0.0
2024-03-29 11:00:00+09:00,1951.0,1955.0,1950.5,1954.5,0,0.0,0.0
2024-03-29 12:00:00+09:00,1947.0,1952.0,1945.0,1948.0,116000,0.0,0.0
2024-03-29 13:00:00+09:00,1947.5,1949.0,1936.0,1936.5,22700,0.0,0.0
2024-03-29 14:00:00+09:00,1937.0,1944.0,1933.5,1943.5,48400,0.0,0.0
2024-04-01 09:00:00+09:00,1951.5,1961.5,1947.0,1960.5,54400,0.0,0.0
2024-04-01 10:00:00+09:00,1960.0,1960.5,1942.0,1942.5,24700,0.0,0.0
2024-04-01 11:00:00+09:00,1941.5,1942.0,1935.5,1937.5,0,0.0,0.0
2024-04-01 12:00:00+09:00,1937.5,1949.5,1937.5,1948.0,109400,0.0,0.0
2024-04-01 13:00:00+09:00,1948.5,1949.0,1943.5,1947.5,11900,0.0,0.0
2024-04-01 14:00:00+09:00,1947.0,1948.5,1933.0,1934.0,37700,0.0,0.0
2024-04-02 09:00:00+09:00,1933.0,1933.0,1911.5,1914.0,52500,0.0,0.0
2024-04-02 10:00:00+09:00,1911.0,1912.0,1896.0,1896.5,62600,0.0,0.0
2024-04-02 11:00:00+09:00,1896.0,1897.5,1891.0,1891.0,0,0.0,0.0
2024-04-02 12:00:00+09:00,1891.0,1894.5,1885.5,1891.0,166300,0.0,0.0
2024-04-02 13:00:00+09:00,1891.0,1895.5,1888.5,1893.0,23700,0.0,0.0
2024-04-02 14:00:00+09:00,1893.5,1895.5,1887.5,1887.5,39400,0.0,0.0
2024-04-03 09:00:00+09:00,1882.0,1893.0,1870.0,1881.5,0,0.0,0.0
2024-04-03 10:00:00+09:00,1881.0,1883.5,1875.0,1879.5,69400,0.0,0.0
2024-04-03 11:00:00+09:00,1880.0,1882.5,1871.5,1871.5,0,0.0,0.0
2024-04-03 12:00:00+09:00,1873.5,1887.0,1873.5,1884.0,117200,0.0,0.0
2024-04-03 13:00:00+09:00,1883.0,1885.0,1878.5,1881.5,21300,0.0,0.0
2024-04-03 14:00:00+09:00,1881.5,1885.0,1880.0,1881.5,31200,0.0,0.0
2024-04-04 09:00:00+09:00,1900.0,1907.0,1886.5,1891.5,70600,0.0,0.0
2024-04-04 10:00:00+09:00,1893.0,1899.5,1892.0,1896.5,26700,0.0,0.0
2024-04-04 11:00:00+09:00,1895.5,1897.0,1892.0,1896.0,0,0.0,0.0
2024-04-04 12:00:00+09:00,1896.0,1900.5,1895.0,1899.5,127200,0.0,0.0
2024-04-04 13:00:00+09:00,1900.0,1900.0,1886.5,1890.5,33600,0.0,0.0
2024-04-04 14:00:00+09:00,1890.5,1892.5,1888.5,1892.5,48200,0.0,0.0
2024-04-05 09:00:00+09:00,1880.0,1896.5,1877.0,1896.5,40300,0.0,0.0
2024-04-05 10:00:00+09:00,1898.5,1900.5,1887.5,1890.5,26000,0.0,0.0
2024-04-05 11:00:00+09:00,1891.0,1895.0,1887.0,1889.0,0,0.0,0.0
2024-04-05 12:00:00+09:00,1894.0,1918.0,1894.0,1916.0,108800,0.0,0.0
2024-04-05 13:00:00+09:00,1914.5,1916.0,1912.0,1913.0,20600,0.0,0.0
2024-04-05 14:00:00+09:00,1913.0,1919.0,1912.0,1919.0,30700,0.0,0.0
2024-04-08 09:00:00+09:00,1921.0,1929.0,1902.0,1905.0,62400,0.0,0.0
2024-04-08 10:00:00+09:00,1905.0,1912.5,1902.5,1907.0,20700,0.0,0.0
2024-04-08 11:00:00+09:00,1908.0,1908.5,1905.0,1907.5,0,0.0,0.0
2024-04-08 12:00:00+09:00,1906.5,1906.5,1892.0,1895.0,114600,0.0,0.0
2024-04-08 13:00:00+09:00,1896.0,1902.0,1895.5,1900.0,19200,0.0,0.0
2024-04-08 14:00:00+09:00,1900.5,1905.5,1899.5,1901.5,25000,0.0,0.0
2024-04-09 09:00:00+09:00,1901.0,1914.0,1901.0,1907.5,22100,0.0,0.0
2024-04-09 10:00:00+09:00,1908.5,1913.0,1905.5,1913.0,8500,0.0,0.0
2024-04-09 11:00:00+09:00,1913.0,1916.0,1911.0,1914.5,0,0.0,0.0
2024-04-09 12:00:00+09:00,1916.0,1916.0,1910.0,1913.5,44200,0.0,0.0
2024-04-09 13:00:00+09:00,1914.0,1918.5,1913.5,1917.5,11400,0.0,0.0
2024-04-09 14:00:00+09:00,1916.5,1917.5,1910.0,1911.5,41100,0.0,0.0
2024-04-10 09:00:00+09:00,1919.5,1927.0,1918.5,1924.0,20400,0.0,0.0
2024-04-10 10:00:00+09:00,1924.5,1927.5,1922.5,1924.0,11200,0.0,0.0
2024-04-10 11:00:00+09:00,1925.0,1927.0,1925.0,1925.5,0,0.0,0.0
2024-04-10 12:00:00+09:00,1926.5,1926.5,1918.5,1920.0,46200,0.0,0.0
2024-04-10 13:00:00+09:00,1920.5,1924.5,1918.0,1923.5,8300,0.0,0.0
2024-04-10 14:00:00+09:00,1924.0,1927.0,1915.5,1915.5,20000,0.0,0.0
2024-04-11 09:00:00+09:00,1906.0,1906.0,1890.0,1906.0,60000,0.0,0.0
2024-04-11 10:00:00+09:00,1905.5,1905.5,1894.5,1896.0,15000,0.0,0.0
2024-04-11 11:00:00+09:00,1895.0,1901.0,1895.0,1901.0,0,0.0,0.0
2024-04-11 12:00:00+09:00,1901.0,1902.0,1897.0,1901.5,102000,0.0,0.0
2024-04-11 13:00:00+09:00,1902.0,1902.5,1894.5,1896.5,24200,0.0,0.0
2024-04-11 14:00:00+09:00,1896.5,1898.0,1892.0,1892.0,35300,0.0,0.0
2024-04-12 09:00:00+09:00,1898.0,1907.0,1897.5,1898.5,44000,0.0,0.0
2024-04-12 10:00:00+09:00,1898.0,1900.0,1890.0,1894.0,24600,0.0,0.0
2024-04-12 11:00:00+09:00,1894.5,1894.5,1891.0,1891.0,0,0.0,0.0
2024-04-12 12:00:00+09:00,1891.0,1895.0,1890.5,1893.0,85700,0.0,0.0
2024-04-12 13:00:00+09:00,1892.0,1892.5,1889.0,1891.0,21800,0.0,0.0
2024-04-12 14:00:00+09:00,1891.5,1895.0,1889.0,1893.0,25000,0.0,0.0
2024-04-15 09:00:00+09:00,1885.0,1885.0,1873.0,1880.0,0,0.0,0.0
2024-04-15 10:00:00+09:00,1881.0,1890.5,1881.0,1886.0,54600,0.0,0.0
2024-04-15 11:00:00+09:00,1886.5,1887.0,1877.5,1877.5,0,0.0,0.0
2024-04-15 12:00:00+09:00,1878.0,1887.0,1877.5,1887.0,72300,0.0,0.0
2024-04-15 13:00:00+09:00,1887.0,1888.5,1883.0,1885.5,16600,0.0,0.0
2024-04-15 14:00:00+09:00,1886.5,1888.5,1882.5,1888.5,13600,0.0,0.0
2024-04-16 09:00:00+09:00,1866.5,1870.0,1853.0,1868.0,76800,0.0,0.0
2024-04-16 10:00:00+09:00,1867.5,1870.5,1861.0,1867.0,14100,0.0,0.0
2024-04-16 11:00:00+09:00,1865.5,1869.0,1859.0,1861.0,0,0.0,0.0
2024-04-16 12:00:00+09:00,1857.0,1860.0,1850.5,1860.0,153900,0.0,0.0
2024-04-16 13:00:00+09:00,1859.5,1860.5,1854.5,1858.0,19800,0.0,0.0
2024-04-16 14:00:00+09:00,1857.5,1861.0,1853.0,1855.0,36500,0.0,0.0
2024-04-17 09:00:00+09:00,1861.5,1861.5,1818.5,1830.0,81600,0.0,0.0
2024-04-17 10:00:00+09:00,1828.5,1833.0,1825.5,1831.5,16800,0.0,0.0
2024-04-17 11:00:00+09:00,1832.0,1836.5,1830.0,1831.0,0,0.0,0.0
2024-04-17 12:00:00+09:00,1836.5,1843.5,1835.5,1842.5,128300,0.0,0.0
2024-04-17 13:00:00+09:00,1841.0,1843.5,1837.0,1841.5,12200,0.0,0.0
2024-04-17 14:00:00+09:00,1840.5,1844.5,1835.5,1835.5,30200,0.0,0.0
2024-04-18 09:00:00+09:00,1830.0,1854.0,1830.0,1854.0,29400,0.0,0.0
2024-04-18 10:00:00+09:00,1853.5,1855.5,1847.0,1851.0,9700,0.0,0.0
2024-04-18 11:00:00+09:00,1852.5,1860.0,1852.5,1859.0,0,0.0,0.0
2024-04-18 12:00:00+09:00,1859.0,1863.5,1857.5,1859.0,58300,0.0,0.0
2024-04-18 13:00:00+09:00,1860.0,1864.5,1854.5,1857.0,16300,0.0,0.0
2024-04-18 14:00:00+09:00,1857.5,1858.0,1848.5,1849.0,39100,0.0,0.0
2024-04-19 09:00:00+09:00,1830.0,1837.0,1822.5,1828.5,0,0.0,0.0
2024-04-19 10:00:00+09:00,1829.0,1829.0,1809.5,1818.5,104300,0.0,0.0
2024-04-19 11:00:00+09:00,1817.0,1817.0,1808.0,1808.0,0,0.0,0.0
2024-04-19 12:00:00+09:00,1808.0,1822.5,1808.0,1817.5,143700,0.0,0.0
2024-04-19 13:00:00+09:00,1818.0,1821.5,1815.5,1819.0,18400,0.0,0.0
2024-04-19 14:00:00+09:00,1821.5,1824.5,1818.0,1818.0,30100,0.0,0.0
2024-04-22 09:00:00+09:00,1841.0,1859.0,1837.5,1858.0,37900,0.0,0.0
2024-04-22 10:00:00+09:00,1859.0,1860.0,1851.5,1854.0,11600,0.0,0.0
2024-04-22 11:00:00+09:00,1854.5,1858.0,1853.0,1857.0,0,0.0,0.0
2024-04-22 12:00:00+09:00,1854.0,1854.5,1849.5,1850.5,64700,0.0,0.0
2024-04-22 13:00:00+09:00,1850.5,1855.0,1848.0,1855.0,12500,0.0,0.0
2024-04-22 14:00:00+09:00,1854.5,1857.0,1851.0,1855.0,31900,0.0,0.0
2024-04-23 09:00:00+09:00,1864.0,1868.0,1853.5,1857.5,40700,0.0,0.0
2024-04-23 10:00:00+09:00,1857.5,1870.5,1857.5,1868.5,33500,0.0,0.0
2024-04-23 11:00:00+09:00,1868.0,1868.5,1863.0,1863.0,0,0.0,0.0
2024-04-23 12:00:00+09:00,1863.0,1866.5,1861.5,1864.5,94900,0.0,0.0
2024-04-23 13:00:00+09:00,1865.0,1865.0,1861.5,1864.0,6400,0.0,0.0
2024-04-23 14:00:00+09:00,1863.0,1864.5,1856.0,1860.0,35400,0.0,0.0
2024-04-24 09:00:00+09:00,1866.5,1868.5,1853.5,1858.0,44400,0.0,0.0
2024-04-24 10:00:00+09:00,1859.5,1863.0,1855.0,1861.5,14300,0.0,0.0
2024-04-24 11:00:00+09:00,1863.5,1867.5,1861.5,1866.5,0,0.0,0.0
2024-04-24 12:00:00+09:00,1866.0,1871.0,1865.0,1869.5,82100,0.0,0.0
2024-04-24 13:00:00+09:00,1870.5,1871.5,1867.5,1868.5,18100,0.0,0.0
2024-04-24 14:00:00+09:00,1868.5,1871.5,1865.0,1870.0,47300,0.0,0.0
2024-04-25 09:00:00+09:00,1856.5,1856.5,1826.0,1831.5,104000,0.0,0.0
2024-04-25 10:00:00+09:00,1832.0,1832.0,1820.0,1821.5,36100,0.0,0.0
2024-04-25 11:00:00+09:00,1821.0,1826.5,1820.0,1825.5,0,0.0,0.0
2024-04-25 12:00:00+09:00,1822.0,1825.5,1819.0,1821.5,186500,0.0,0.0
2024-04-25 13:00:00+09:00,1822.0,1824.0,1818.0,1823.0,33100,0.0,0.0
2024-04-25 14:00:00+09:00,1822.5,1824.5,1818.0,1819.5,55300,0.0,0.0
2024-04-26 09:00:00+09:00,1818.0,1818.0,1795.0,1802.0,106000,0.0,0.0
2024-04-26 10:00:00+09:00,1802.0,1805.0,1798.5,1804.0,28900,0.0,0.0
2024-04-26 11:00:00+09:00,1803.0,1810.5,1801.0,1810.0,0,0.0,0.0
2024-04-26 12:00:00+09:00,1806.0,1822.5,1806.0,1818.5,200400,0.0,0.0
2024-04-26 13:00:00+09:00,1818.0,1829.5,1818.0,1825.5,40700,0.0,0.0
2024-04-26 14:00:00+09:00,1825.0,1830.5,1823.0,1825.0,56900,0.0,0.0
2024-04-30 09:00:00+09:00,1840.0,1841.0,1820.0,1840.5,42300,0.0,0.0
2024-04-30 10:00:00+09:00,1839.5,1846.5,1836.0,1842.0,21500,0.0,0.0
2024-04-30 11:00:00+09:00,1842.0,1843.0,1836.5,1837.0,0,0.0,0.0
2024-04-30 12:00:00+09:00,1837.5,1842.0,1836.5,1837.5,92000,0.0,0.0
2024-04-30 13:00:00+09:00,1838.0,1839.5,1835.0,1838.0,23300,0.0,0.0
2024-04-30 14:00:00+09:00,1837.5,1848.0,1835.0,1848.0,44200,0.0,0.0
2024-05-01 09:00:00+09:00,1843.0,1843.0,1826.0,1835.5,15800,0.0,0.0
2024-05-01 10:00:00+09:00,1831.5,1832.0,1823.0,1823.0,7100,0.0,0.0
2024-05-01 11:00:00+09:00,1824.5,1824.5,1819.0,1824.0,0,0.0,0.0
2024-05-01 12:00:00+09:00,1824.0,1829.5,1823.5,1829.0,43300,0.0,0.0
2024-05-01 13:00:00+09:00,1829.0,1832.5,1821.0,1831.5,45000,0.0,0.0
2024-05-01 14:00:00+09:00,1830.5,1834.0,1826.0,1826.0,21000,0.0,0.0
2024-05-02 09:00:00+09:00,1825.5,1826.5,1814.5,1817.0,26200,0.0,0.0
2024-05-02 10:00:00+09:00,1817.5,1820.0,1812.0,1814.5,23600,0.0,0.0
2024-05-02 11:00:00+09:00,1814.5,1820.0,1814.0,1818.0,0,0.0,0.0
2024-05-02 12:00:00+09:00,1819.0,1823.5,1819.0,1820.0,66100,0.0,0.0
2024-05-02 13:00:00+09:00,1820.0,1822.0,1817.5,1820.0,11800,0.0,0.0
2024-05-02 14:00:00+09:00,1820.0,1821.0,1817.0,1817.5,18200,0.0,0.0
2024-05-07 09:00:00+09:00,1818.5,1826.5,1814.0,1824.5,30800,0.0,0.0
2024-05-07 10:00:00+09:00,1825.0,1828.5,1821.5,1823.5,12100,0.0,0.0
2024-05-07 11:00:00+09:00,1824.5,1824.5,1821.0,1824.0,0,0.0,0.0
2024-05-07 12:00:00+09:00,1824.5,1830.0,1822.5,1828.0,63600,0.0,0.0
2024-05-07 13:00:00+09:00,1827.5,1828.0,1823.0,1824.5,10600,0.0,0.0
2024-05-07 14:00:00+09:00,1823.0,1831.0,1823.0,1829.0,24200,0.0,0.0
2024-05-08 09:00:00+09:00,1818.5,1826.5,1812.0,1826.5,42200,0.0,0.0
2024-05-08 10:00:00+09:00,1827.0,1828.0,1822.0,1823.0,18000,0.0,0.0
2024-05-08 11:00:00+09:00,1823.0,1824.0,1819.0,1822.5,0,0.0,0.0
2024-05-08 12:00:00+09:00,1822.0,1825.0,1819.5,1822.0,93200,0.0,0.0
2024-05-08 13:00:00+09:00,1821.5,1824.0,1819.5,1822.0,18100,0.0,0.0
2024-05-08 14:00:00+09:00,1821.5,1823.0,1816.5,1817.5,30700,0.0,0.0
2024-05-09 09:00:00+09:00,1832.0,1837.0,1821.5,1837.0,26300,0.0,0.0
2024-05-09 10:00:00+09:00,1836.5,1843.0,1835.5,1841.0,10900,0.0,0.0
2024-05-09 11:00:00+09:00,1842.5,1847.5,1841.5,1847.0,0,0.0,0.0
2024-05-09 12:00:00+09:00,1847.0,1849.5,1844.0,1845.0,60900,0.0,0.0
2024-05-09 13:00:00+09:00,1845.5,1845.5,1838.5,1839.5,9900,0.0,0.0
2024-05-09 14:00:00+09:00,1840.0,1840.0,1835.0,1836.0,14500,0.0,0.0
2024-05-10 09:00:00+09:00,1837.0,1841.5,1822.5,1826.0,54200,0.0,0.0
2024-05-10 10:00:00+09:00,1826.5,1829.5,1815.5,1816.5,28700,0.0,0.0
2024-05-10 11:00:00+09:00,1817.0,1817.0,1814.0,1816.0,0,0.0,0.0
2024-05-10 12:00:00+09:00,1815.0,1816.5,1810.5,1813.0,125000,0.0,0.0
2024-05-10 13:00:00+09:00,1813.0,1835.0,1813.0,1814.0,49800,0.0,0.0
2024-05-10 14:00:00+09:00,1814.0,1821.0,1811.5,1817.5,31200,0.0,0.0
2024-05-13 09:00:00+09:00,1825.0,1827.0,1805.0,1808.5,61800,0.0,0.0
2024-05-13 10:00:00+09:00,1809.0,1810.5,1802.0,1806.0,28600,0.0,0.0
2024-05-13 11:00:00+09:00,1806.0,1809.0,1805.5,1805.5,0,0.0,0.0
2024-05-13 12:00:00+09:00,1808.0,1818.5,1807.0,1818.5,120600,0.0,0.0
2024-05-13 13:00:00+09:00,1818.5,1820.0,1814.5,1815.5,0,0.0,0.0
2024-05-13 14:00:00+09:00,1815.5,1820.0,1812.5,1820.0,203000,0.0,0.0
2024-05-14 09:00:00+09:00,1776.0,1800.0,1739.0,1752.0,372500,0.0,0.0
2024-05-14 10:00:00+09:00,1752.0,1758.5,1747.5,1752.0,67400,0.0,0.0
2024-05-14 11:00:00+09:00,1753.0,1757.0,1750.5,1757.0,0,0.0,0.0
2024-05-14 12:00:00+09:00,1758.5,1775.5,1757.5,1775.5,516700,0.0,0.0
2024-05-14 13:00:00+09:00,1775.5,1777.0,1769.0,1774.5,51100,0.0,0.0
2024-05-14 14:00:00+09:00,1776.0,1783.0,1770.0,1777.5,55400,0.0,0.0
2024-05-15 09:00:00+09:00,1772.0,1776.0,1752.0,1759.0,92400,0.0,0.0
2024-05-15 10:00:00+09:00,1760.0,1761.5,1756.0,1759.5,30900,0.0,0.0
2024-05-15 11:00:00+09:00,1760.0,1760.5,1752.0,1753.0,0,0.0,0.0
2024-05-15 12:00:00+09:00,1753.5,1762.0,1748.0,1750.0,204800,0.0,0.0
2024-05-15 13:00:00+09:00,1750.5,1760.0,1749.0,1756.0,38000,0.0,0.0
2024-05-15 14:00:00+09:00,1755.5,1755.5,1743.5,1743.5,77400,0.0,0.0
2024-05-16 09:00:00+09:00,1741.5,1745.5,1713.0,1714.5,144900,0.0,0.0
2024-05-16 10:00:00+09:00,1714.0,1716.5,1702.0,1702.5,92500,0.0,0.0
2024-05-16 11:00:00+09:00,1703.5,1706.0,1699.5,1704.0,0,0.0,0.0
2024-05-16 12:00:00+09:00,1704.0,1709.5,1700.0,1703.0,361900,0.0,0.0
2024-05-16 13:00:00+09:00,1702.5,1707.5,1698.0,1707.0,59300,0.0,0.0
2024-05-16 14:00:00+09:00,1707.0,1708.0,1697.5,1705.0,81100,0.0,0.0
2024-05-17 09:00:00+09:00,1693.0,1711.0,1690.0,1709.5,76400,0.0,0.0
2024-05-17 10:00:00+09:00,1709.0,1719.5,1707.0,1710.5,22100,0.0,0.0
2024-05-17 11:00:00+09:00,1710.5,1711.0,1700.5,1703.0,0,0.0,0.0
2024-05-17 12:00:00+09:00,1702.0,1704.5,1697.5,1700.5,148400,0.0,0.0
2024-05-17 13:00:00+09:00,1701.0,1704.0,1698.5,1703.5,28800,0.0,0.0
2024-05-17 14:00:00+09:00,1703.5,1709.0,1698.5,1700.0,56800,0.0,0.0
2024-05-20 09:00:00+09:00,1701.0,1726.0,1701.0,1722.5,52600,0.0,0.0
2024-05-20 10:00:00+09:00,1723.0,1726.5,1720.5,1722.0,27800,0.0,0.0
2024-05-20 11:00:00+09:00,1721.0,1722.5,1718.0,1720.5,0,0.0,0.0
2024-05-20 12:00:00+09:00,1719.5,1719.5,1713.0,1718.5,121100,0.0,0.0
2024-05-20 13:00:00+09:00,1717.0,1718.0,1711.0,1713.5,19200,0.0,0.0
2024-05-20 14:00:00+09:00,1713.5,1715.5,1708.0,1712.0,32100,0.0,0.0
2024-05-21 09:00:00+09:00,1720.0,1726.0,1714.5,1717.0,48800,0.0,0.0
2024-05-21 10:00:00+09:00,1717.5,1720.5,1714.5,1716.5,17500,0.0,0.0
2024-05-21 11:00:00+09:00,1716.5,1716.5,1710.0,1711.0,0,0.0,0.0
2024-05-21 12:00:00+09:00,1709.0,1710.0,1705.5,1708.0,99800,0.0,0.0
2024-05-21 13:00:00+09:00,1707.5,1707.5,1704.0,1704.5,24200,0.0,0.0
2024-05-21 14:00:00+09:00,1704.0,1704.5,1698.0,1698.0,58100,0.0,0.0
2024-05-22 09:00:00+09:00,1689.5,1696.5,1684.5,1690.5,93700,0.0,0.0
2024-05-22 10:00:00+09:00,1691.0,1693.0,1683.5,1685.0,39300,0.0,0.0
2024-05-22 11:00:00+09:00,1685.0,1688.5,1684.5,1687.5,0,0.0,0.0
2024-05-22 12:00:00+09:00,1686.5,1692.5,1686.5,1690.5,162000,0.0,0.0
2024-05-22 13:00:00+09:00,1690.5,1691.0,1687.5,1688.5,20800,0.0,0.0
2024-05-22 14:00:00+09:00,1688.5,1690.0,1686.0,1687.0,39800,0.0,0.0
2024-05-23 09:00:00+09:00,1680.5,1684.0,1667.0,1680.0,99900,0.0,0.0
2024-05-23 10:00:00+09:00,1680.5,1682.0,1677.0,1681.0,23900,0.0,0.0
2024-05-23 11:00:00+09:00,1680.0,1682.5,1678.5,1680.5,0,0.0,0.0
2024-05-23 12:00:00+09:00,1684.5,1685.0,1680.5,1683.5,164100,0.0,0.0
2024-05-23 13:00:00+09:00,1683.5,1685.0,1680.5,1685.0,24700,0.0,0.0
2024-05-23 14:00:00+09:00,1685.0,1685.5,1679.5,1679.5,54100,0.0,0.0
2024-05-24 09:00:00+09:00,1674.0,1702.0,1674.0,1697.5,83500,0.0,0.0
2024-05-24 10:00:00+09:00,1697.0,1702.5,1694.5,1696.5,32300,0.0,0.0
2024-05-24 11:00:00+09:00,1696.0,1697.0,1694.5,1697.0,0,0.0,0.0
2024-05-24 12:00:00+09:00,1694.5,1696.0,1691.5,1692.5,158900,0.0,0.0
2024-05-24 13:00:00+09:00,1692.5,1694.0,1689.5,1693.0,32500,0.0,0.0
2024-05-24 14:00:00+09:00,1692.5,1693.5,1689.0,1690.0,52200,0.0,0.0
2024-05-27 09:00:00+09:00,1690.0,1690.0,1665.0,1665.0,83400,0.0,0.0
2024-05-27 10:00:00+09:00,1665.0,1665.0,1653.5,1656.5,75200,0.0,0.0
2024-05-27 11:00:00+09:00,1656.5,1657.5,1654.0,1655.0,0,0.0,0.0
2024-05-27 12:00:00+09:00,1652.5,1654.5,1645.0,1646.5,257600,0.0,0.0
2024-05-27 13:00:00+09:00,1646.5,1650.0,1645.0,1647.5,35500,0.0,0.0
2024-05-27 14:00:00+09:00,1647.0,1649.5,1645.0,1647.0,57200,0.0,0.0
2024-05-28 09:00:00+09:00,1646.5,1662.5,1646.0,1651.0,86200,0.0,0.0
2024-05-28 10:00:00+09:00,1649.5,1654.5,1647.0,1647.0,21300,0.0,0.0
2024-05-28 11:00:00+09:00,1646.5,1647.5,1640.0,1642.5,0,0.0,0.0
2024-05-28 12:00:00+09:00,1640.0,1642.0,1637.0,1641.0,175000,0.0,0.0
2024-05-28 13:00:00+09:00,1641.0,1642.0,1638.0,1640.0,19800,0.0,0.0
2024-05-28 14:00:00+09:00,1640.0,1645.0,1639.0,1644.0,39300,0.0,0.0
2024-05-29 09:00:00+09:00,1633.0,1639.5,1626.5,1627.5,77500,0.0,0.0
2024-05-29 10:00:00+09:00,1629.5,1629.5,1619.5,1622.0,68700,0.0,0.0
2024-05-29 11:00:00+09:00,1622.0,1623.0,1621.0,1622.0,0,0.0,0.0
2024-05-29 12:00:00+09:00,1621.0,1621.5,1618.0,1619.5,196500,0.0,0.0
2024-05-29 13:00:00+09:00,1619.5,1622.5,1617.5,1618.5,37900,0.0,0.0
2024-05-29 14:00:00+09:00,1619.0,1621.0,1614.5,1615.5,71300,0.0,0.0
2024-05-30 09:00:00+09:00,1613.0,1618.0,1605.5,1611.5,108700,0.0,0.0
2024-05-30 10:00:00+09:00,1612.0,1631.0,1612.0,1627.0,25600,0.0,0.0
2024-05-30 11:00:00+09:00,1626.0,1630.0,1626.0,1629.5,0,0.0,0.0
2024-05-30 12:00:00+09:00,1629.5,1633.5,1627.5,1630.5,167300,0.0,0.0
2024-05-30 13:00:00+09:00,1630.5,1635.5,1629.5,1635.0,24100,0.0,0.0
2024-05-30 14:00:00+09:00,1635.0,1635.5,1627.5,1628.5,42700,0.0,0.0
2024-05-31 09:00:00+09:00,1634.0,1646.5,1632.0,1634.0,54400,0.0,0.0
2024-05-31 10:00:00+09:00,1634.0,1638.0,1632.0,1632.0,32200,0.0,0.0
2024-05-31 11:00:00+09:00,1631.5,1631.5,1628.0,1628.0,0,0.0,0.0
2024-05-31 12:00:00+09:00,1627.0,1631.0,1624.5,1629.5,154800,0.0,0.0
2024-05-31 13:00:00+09:00,1630.0,1635.5,1628.0,1629.0,56800,0.0,0.0
2024-05-31 14:00:00+09:00,1629.0,1642.0,1629.0,1640.5,95100,0.0,0.0
2024-06-03 09:00:00+09:00,1668.5,1689.0,1660.5,1685.5,108700,0.0,0.0
2024-06-03 10:00:00+09:00,1685.0,1685.5,1675.0,1677.0,30300,0.0,0.0
2024-06-03 11:00:00+09:00,1677.5,1679.0,1674.0,1674.0,0,0.0,0.0
2024-06-03 12:00:00+09:00,1674.0,1674.0,1669.5,1673.5,178700,0.0,0.0
2024-06-03 13:00:00+09:00,1673.5,1673.5,1664.0,1664.0,28400,0.0,0.0
2024-06-03 14:00:00+09:00,1664.5,1666.0,1662.0,1664.0,45600,0.0,0.0
2024-06-04 09:00:00+09:00,1660.0,1669.5,1655.0,1668.0,47700,0.0,0.0
2024-06-04 10:00:00+09:00,1668.5,1677.0,1665.5,1673.5,32500,0.0,0.0
2024-06-04 11:00:00+09:00,1673.0,1676.0,1670.5,1675.5,0,0.0,0.0
2024-06-04 12:00:00+09:00,1671.0,1681.0,1671.0,1681.0,123100,0.0,0.0
2024-06-04 13:00:00+09:00,1680.5,1687.5,1680.5,1685.0,38600,0.0,0.0
2024-06-04 14:00:00+09:00,1684.5,1686.5,1681.5,1684.5,43600,0.0,0.0
2024-06-05 09:00:00+09:00,1682.5,1685.0,1663.0,1680.0,45400,0.0,0.0
2024-06-05 10:00:00+09:00,1682.0,1685.0,1674.0,1674.5,22600,0.0,0.0
2024-06-05 11:00:00+09:00,1674.0,1677.5,1674.0,1677.0,0,0.0,0.0
2024-06-05 12:00:00+09:00,1675.0,1676.5,1669.0,1671.5,111000,0.0,0.0
2024-06-05 13:00:00+09:00,1671.5,1672.0,1663.0,1664.5,26000,0.0,0.0
2024-06-05 14:00:00+09:00,1664.0,1667.0,1657.0,1657.0,41700,0.0,0.0
2024-06-06 09:00:00+09:00,1658.5,1663.5,1634.0,1634.0,89500,0.0,0.0
2024-06-06 10:00:00+09:00,1634.0,1634.0,1628.5,1630.0,57600,0.0,0.0
2024-06-06 11:00:00+09:00,1630.5,1630.5,1625.5,1625.5,0,0.0,0.0
2024-06-06 12:00:00+09:00,1626.0,1627.5,1623.0,1625.5,195700,0.0,0.0
2024-06-06 13:00:00+09:00,1625.5,1627.5,1622.0,1623.5,40500,0.0,0.0
2024-06-06 14:00:00+09:00,1623.5,1630.5,1622.5,1628.5,46600,0.0,0.0
2024-06-07 09:00:00+09:00,1630.0,1635.0,1623.0,1627.5,61200,0.0,0.0
2024-06-07 10:00:00+09:00,1627.0,1628.5,1622.0,1623.5,21400,0.0,0.0
2024-06-07 11:00:00+09:00,1623.5,1632.0,1623.5,1632.0,0,0.0,0.0
2024-06-07 12:00:00+09:00,1632.0,1636.5,1632.0,1636.0,126800,0.0,0.0
2024-06-07 13:00:00+09:00,1635.5,1637.0,1634.5,1635.5,20900,0.0,0.0
2024-06-07 14:00:00+09:00,1635.0,1639.0,1634.5,1636.0,50300,0.0,0.0
2024-06-10 09:00:00+09:00,1640.0,1650.0,1635.5,1646.5,47800,0.0,0.0
2024-06-10 10:00:00+09:00,1646.0,1650.0,1646.0,1649.5,30600,0.0,0.0
2024-06-10 11:00:00+09:00,1649.5,1653.0,1649.5,1653.0,0,0.0,0.0
2024-06-10 12:00:00+09:00,1652.0,1653.0,1648.0,1649.0,113700,0.0,0.0
2024-06-10 13:00:00+09:00,1648.5,1648.5,1642.5,1648.5,19100,0.0,0.0
2024-06-10 14:00:00+09:00,1649.0,1650.0,1646.5,1649.0,43400,0.0,0.0
2024-06-11 09:00:00+09:00,1635.0,1640.0,1625.0,1638.5,71000,0.0,0.0
2024-06-11 10:00:00+09:00,1637.5,1639.0,1625.0,1625.5,37100,0.0,0.0
2024-06-11 11:00:00+09:00,1625.5,1626.0,1621.0,1622.0,0,0.0,0.0
2024-06-11 12:00:00+09:00,1621.0,1628.5,1618.0,1627.0,203600,0.0,0.0
2024-06-11 13:00:00+09:00,1627.5,1628.0,1623.5,1623.5,31800,0.0,0.0
2024-06-11 14:00:00+09:00,1623.5,1626.0,1620.0,1620.5,99200,0.0,0.0
2024-06-12 09:00:00+09:00,1643.0,1643.0,1632.5,1641.5,90400,0.0,0.0
2024-06-12 10:00:00+09:00,1641.5,1641.5,1625.5,1625.5,39100,0.0,0.0
2024-06-12 11:00:00+09:00,1625.0,1629.0,1625.0,1625.5,0,0.0,0.0
2024-06-12 12:00:00+09:00,1624.5,1625.5,1622.0,1623.5,170100,0.0,0.0
2024-06-12 13:00:00+09:00,1623.5,1625.5,1620.5,1622.0,31000,0.0,0.0
2024-06-12 14:00:00+09:00,1622.0,1622.5,1618.0,1619.5,64600,0.0,0.0
2024-06-13 09:00:00+09:00,1623.0,1623.0,1605.5,1614.0,100100,0.0,0.0
2024-06-13 10:00:00+09:00,1615.0,1616.0,1602.5,1603.0,50500,0.0,0.0
2024-06-13 11:00:00+09:00,1603.0,1606.0,1596.5,1598.0,0,0.0,0.0
2024-06-13 12:00:00+09:00,1598.0,1605.0,1597.0,1604.0,266700,0.0,0.0
2024-06-13 13:00:00+09:00,1605.0,1607.0,1602.0,1606.0,19800,0.0,0.0
2024-06-13 14:00:00+09:00,1606.0,1606.5,1600.0,1600.0,47500,0.0,0.0
2024-06-14 09:00:00+09:00,1560.0,1605.0,1560.0,1604.5,246800,0.0,0.0
2024-06-14 10:00:00+09:00,1605.0,1612.0,1602.5,1610.0,29000,0.0,0.0
2024-06-14 11:00:00+09:00,1609.5,1615.5,1608.5,1611.0,0,0.0,0.0
2024-06-14 12:00:00+09:00,1615.0,1623.0,1612.0,1621.5,329400,0.0,0.0
2024-06-14 13:00:00+09:00,1621.5,1624.0,1619.5,1623.0,34500,0.0,0.0
2024-06-14 14:00:00+09:00,1623.0,1629.5,1622.5,1629.5,67000,0.0,0.0
2024-06-17 09:00:00+09:00,1623.0,1632.5,1613.5,1617.0,49600,0.0,0.0
2024-06-17 10:00:00+09:00,1617.5,1620.0,1613.0,1620.0,24800,0.0,0.0
2024-06-17 11:00:00+09:00,1621.0,1624.5,1620.0,1620.5,0,0.0,0.0
2024-06-17 12:00:00+09:00,1620.5,1623.0,1617.0,1617.0,106200,0.0,0.0
2024-06-17 13:00:00+09:00,1617.0,1620.0,1616.5,1618.5,19500,0.0,0.0
2024-06-17 14:00:00+09:00,1619.0,1623.0,1619.0,1620.5,36300,0.0,0.0
2024-06-18 09:00:00+09:00,1616.0,1628.0,1615.0,1623.5,46000,0.0,0.0
2024-06-18 10:00:00+09:00,1624.0,1628.0,1616.0,1621.0,21000,0.0,0.0
2024-06-18 11:00:00+09:00,1620.5,1624.0,1620.0,1623.0,0,0.0,0.0
2024-06-18 12:00:00+09:00,1621.0,1623.0,1619.5,1621.0,99700,0.0,0.0
2024-06-18 13:00:00+09:00,1621.0,1621.0,1613.0,1616.5,43000,0.0,0.0
2024-06-18 14:00:00+09:00,1616.0,1621.0,1615.5,1619.0,31500,0.0,0.0
2024-06-19 09:00:00+09:00,1630.0,1633.5,1621.0,1632.0,43500,0.0,0.0
2024-06-19 10:00:00+09:00,1632.0,1633.0,1629.0,1631.5,21300,0.0,0.0
2024-06-19 11:00:00+09:00,1631.5,1634.0,1630.0,1632.0,0,0.0,0.0
2024-06-19 12:00:00+09:00,1628.0,1633.0,1628.0,1632.5,94500,0.0,0.0
2024-06-19 13:00:00+09:00,1632.5,1633.5,1629.0,1629.5,17400,0.0,0.0
2024-06-19 14:00:00+09:00,1629.5,1634.0,1627.5,1632.0,30300,0.0,0.0
2024-06-20 09:00:00+09:00,1634.5,1652.5,1634.5,1647.0,56600,0.0,0.0
2024-06-20 10:00:00+09:00,1647.5,1648.0,1633.0,1638.5,24300,0.0,0.0
2024-06-20 11:00:00+09:00,1638.5,1638.5,1632.0,1637.0,0,0.0,0.0
2024-06-20 12:00:00+09:00,1638.5,1643.0,1637.5,1641.0,121500,0.0,0.0
2024-06-20 13:00:00+09:00,1640.5,1650.0,1639.5,1649.0,25100,0.0,0.0
2024-06-20 14:00:00+09:00,1649.5,1654.0,1645.0,1652.0,72900,0.0,0.0
2024-06-21 09:00:00+09:00,1655.5,1670.5,1655.5,1669.5,83800,0.0,0.0
2024-06-21 10:00:00+09:00,1671.0,1674.0,1659.0,1662.0,24300,0.0,0.0
2024-06-21 11:00:00+09:00,1661.5,1662.0,1658.0,1662.0,0,0.0,0.0
2024-06-21 12:00:00+09:00,1663.0,1664.5,1660.0,1662.5,135700,0.0,0.0
2024-06-21 13:00:00+09:00,1664.0,1664.5,1660.5,1662.0,18300,0.0,0.0
2024-06-21 14:00:00+09:00,1662.0,1665.0,1655.0,1655.0,38800,0.0,0.0
2024-06-24 09:00:00+09:00,1664.0,1671.5,1653.5,1666.0,49400,0.0,0.0
2024-06-24 10:00:00+09:00,1666.0,1668.5,1657.0,1660.5,33700,0.0,0.0
2024-06-24 11:00:00+09:00,1660.5,1661.5,1655.0,1659.5,0,0.0,0.0
2024-06-24 12:00:00+09:00,1665.0,1667.5,1661.5,1665.0,121000,0.0,0.0
2024-06-24 13:00:00+09:00,1664.5,1669.0,1663.5,1667.5,16400,0.0,0.0
2024-06-24 14:00:00+09:00,1668.0,1668.0,1661.0,1661.5,30400,0.0,0.0
2024-06-25 09:00:00+09:00,1660.0,1668.0,1650.0,1651.0,118700,0.0,0.0
2024-06-25 10:00:00+09:00,1651.0,1663.5,1649.0,1660.5,57000,0.0,0.0
2024-06-25 11:00:00+09:00,1660.0,1661.5,1654.5,1656.5,0,0.0,0.0
2024-06-25 12:00:00+09:00,1654.0,1658.5,1647.5,1650.5,244300,0.0,0.0
2024-06-25 13:00:00+09:00,1651.0,1653.0,1645.0,1653.0,46000,0.0,0.0
2024-06-25 14:00:00+09:00,1653.5,1662.5,1652.5,1660.0,44600,0.0,0.0
2024-06-26 09:00:00+09:00,1656.0,1666.5,1644.0,1646.5,61300,0.0,0.0
2024-06-26 10:00:00+09:00,1646.5,1647.5,1644.0,1645.5,23900,0.0,0.0
2024-06-26 11:00:00+09:00,1645.0,1652.0,1643.0,1649.5,0,0.0,0.0
2024-06-26 12:00:00+09:00,1649.5,1649.5,1645.0,1646.5,148900,0.0,0.0
2024-06-26 13:00:00+09:00,1646.0,1650.0,1643.5,1644.5,39700,0.0,0.0
2024-06-26 14:00:00+09:00,1644.5,1647.5,1641.0,1642.5,59600,0.0,0.0
2024-06-27 09:00:00+09:00,1639.5,1644.5,1635.0,1639.5,62500,0.0,0.0
2024-06-27 10:00:00+09:00,1639.0,1645.5,1635.0,1645.0,36700,0.0,0.0
2024-06-27 11:00:00+09:00,1645.5,1652.5,1645.0,1646.0,0,0.0,0.0
2024-06-27 12:00:00+09:00,1651.0,1653.0,1646.0,1652.5,144200,0.0,0.0
2024-06-27 13:00:00+09:00,1652.0,1655.0,1651.5,1652.5,20900,0.0,0.0
2024-06-27 14:00:00+09:00,1652.0,1653.5,1645.5,1648.0,60500,0.0,0.0
2024-06-28 09:00:00+09:00,1660.0,1662.5,1652.0,1656.5,61300,0.0,0.0
2024-06-28 10:00:00+09:00,1657.0,1657.5,1649.5,1651.0,31200,0.0,0.0
2024-06-28 11:00:00+09:00,1651.5,1652.5,1646.5,1646.5,0,0.0,0.0
2024-06-28 12:00:00+09:00,1646.5,1654.0,1645.5,1652.5,142100,0.0,0.0
2024-06-28 13:00:00+09:00,1653.0,1660.5,1653.0,1658.0,37700,0.0,0.0
2024-06-28 14:00:00+09:00,1658.5,1659.0,1655.0,1657.0,43800,0.0,0.0
2024-07-01 09:00:00+09:00,1677.0,1691.5,1677.0,1680.5,102500,0.0,0.0
2024-07-01 10:00:00+09:00,1680.0,1690.0,1680.0,1687.5,50000,0.0,0.0
2024-07-01 11:00:00+09:00,1687.5,1689.0,1685.0,1685.0,0,0.0,0.0
2024-07-01 12:00:00+09:00,1688.5,1688.5,1680.5,1685.5,209600,0.0,0.0
2024-07-01 13:00:00+09:00,1685.5,1685.5,1679.5,1680.5,42900,0.0,0.0
2024-07-01 14:00:00+09:00,1681.0,1683.0,1676.5,1680.0,54400,0.0,0.0
2024-07-02 09:00:00+09:00,1676.5,1691.0,1675.0,1681.0,81000,0.0,0.0
2024-07-02 10:00:00+09:00,1681.5,1687.5,1681.5,1685.0,50500,0.0,0.0
2024-07-02 11:00:00+09:00,1685.0,1685.0,1675.5,1677.0,0,0.0,0.0
2024-07-02 12:00:00+09:00,1675.0,1683.5,1670.0,1683.5,178900,0.0,0.0
2024-07-02 13:00:00+09:00,1683.5,1687.5,1682.5,1685.5,46400,0.0,0.0
2024-07-02 14:00:00+09:00,1685.5,1688.5,1684.0,1685.0,54700,0.0,0.0
2024-07-03 09:00:00+09:00,1678.5,1683.5,1661.5,1671.5,104800,0.0,0.0
2024-07-03 10:00:00+09:00,1672.0,1682.0,1671.5,1676.5,43700,0.0,0.0
2024-07-03 11:00:00+09:00,1676.0,1683.5,1673.5,1680.0,0,0.0,0.0
2024-07-03 12:00:00+09:00,1677.5,1677.5,1672.5,1675.0,243200,0.0,0.0
2024-07-03 13:00:00+09:00,1675.0,1678.0,1672.0,1678.0,55800,0.0,0.0
2024-07-03 14:00:00+09:00,1678.0,1680.5,1674.5,1674.5,69900,0.0,0.0
2024-07-04 09:00:00+09:00,1676.0,1679.5,1672.5,1678.0,36100,0.0,0.0
2024-07-04 10:00:00+09:00,1678.0,1678.0,1672.0,1672.0,18900,0.0,0.0
2024-07-04 11:00:00+09:00,1673.0,1673.0,1670.0,1672.0,0,0.0,0.0
2024-07-04 12:00:00+09:00,1670.0,1670.0,1658.0,1660.0,119300,0.0,0.0
2024-07-04 13:00:00+09:00,1660.0,1660.5,1656.5,1658.0,61000,0.0,0.0
2024-07-04 14:00:00+09:00,1658.0,1660.5,1653.5,1653.5,68300,0.0,0.0
2024-07-05 09:00:00+09:00,1648.5,1650.0,1632.0,1641.0,188600,0.0,0.0
2024-07-05 10:00:00+09:00,1641.5,1642.0,1636.5,1639.0,35800,0.0,0.0
2024-07-05 11:00:00+09:00,1638.5,1640.5,1637.5,1638.0,0,0.0,0.0
2024-07-05 12:00:00+09:00,1633.0,1636.0,1632.0,1633.5,302400,0.0,0.0
2024-07-05 13:00:00+09:00,1633.5,1634.0,1627.0,1631.5,111100,0.0,0.0
2024-07-05 14:00:00+09:00,1631.5,1633.0,1625.0,1627.0,103700,0.0,0.0
2024-07-08 09:00:00+09:00,1632.0,1641.0,1624.0,1624.5,89700,0.0,0.0
2024-07-08 10:00:00+09:00,1625.0,1629.5,1624.0,1626.0,25600,0.0,0.0
2024-07-08 11:00:00+09:00,1626.5,1627.5,1624.5,1626.0,0,0.0,0.0
2024-07-08 12:00:00+09:00,1626.0,1638.5,1625.5,1636.5,162400,0.0,0.0
2024-07-08 13:00:00+09:00,1637.0,1638.5,1631.5,1631.5,32500,0.0,0.0
2024-07-08 14:00:00+09:00,1631.5,1633.0,1628.5,1632.5,47700,0.0,0.0
2024-07-09 09:00:00+09:00,1639.5,1664.0,1639.5,1662.0,84100,0.0,0.0
2024-07-09 10:00:00+09:00,1662.5,1662.5,1656.0,1656.0,26500,0.0,0.0
2024-07-09 11:00:00+09:00,1656.5,1666.0,1655.0,1665.0,0,0.0,0.0
2024-07-09 12:00:00+09:00,1664.0,1666.0,1661.0,1661.5,170400,0.0,0.0
2024-07-09 13:00:00+09:00,1662.5,1666.0,1662.5,1664.5,28900,0.0,0.0
2024-07-09 14:00:00+09:00,1665.5,1669.0,1665.0,1665.5,50200,0.0,0.0
2024-07-10 09:00:00+09:00,1659.0,1659.0,1647.0,1656.5,38200,0.0,0.0
2024-07-10 10:00:00+09:00,1656.0,1660.5,1656.0,1659.0,13200,0.0,0.0
2024-07-10 11:00:00+09:00,1659.0,1664.0,1658.5,1662.5,0,0.0,0.0
2024-07-10 12:00:00+09:00,1660.0,1663.0,1655.5,1657.5,90200,0.0,0.0
2024-07-10 13:00:00+09:00,1656.5,1659.0,1655.5,1658.0,14800,0.0,0.0
2024-07-10 14:00:00+09:00,1658.5,1665.5,1658.5,1665.0,45700,0.0,0.0
2024-07-11 09:00:00+09:00,1683.0,1689.5,1676.5,1683.5,54800,0.0,0.0
2024-07-11 10:00:00+09:00,1683.5,1694.5,1681.5,1692.5,45100,0.0,0.0
2024-07-11 11:00:00+09:00,1693.0,1694.5,1689.0,1694.0,0,0.0,0.0
2024-07-11 12:00:00+09:00,1694.0,1697.0,1692.0,1692.0,147600,0.0,0.0
2024-07-11 13:00:00+09:00,1692.5,1694.0,1689.5,1694.0,19800,0.0,0.0
2024-07-11 14:00:00+09:00,1694.0,1695.5,1691.0,1691.0,56200,0.0,0.0
2024-07-12 09:00:00+09:00,1684.0,1701.5,1683.0,1700.5,98700,0.0,0.0
2024-07-12 10:00:00+09:00,1699.5,1704.0,1697.5,1702.5,30900,0.0,0.0
2024-07-12 11:00:00+09:00,1702.5,1708.0,1702.0,1706.5,0,0.0,0.0
2024-07-12 12:00:00+09:00,1706.0,1711.0,1699.5,1699.5,182600,0.0,0.0
2024-07-12 13:00:00+09:00,1699.5,1704.5,1698.0,1703.0,34300,0.0,0.0
2024-07-12 14:00:00+09:00,1703.0,1704.0,1696.5,1698.0,52600,0.0,0.0
2024-07-16 09:00:00+09:00,1700.0,1703.0,1680.5,1684.5,59000,0.0,0.0
2024-07-16 10:00:00+09:00,1683.5,1683.5,1676.0,1679.5,33700,0.0,0.0
2024-07-16 11:00:00+09:00,1679.5,1684.0,1679.0,1683.5,0,0.0,0.0
2024-07-16 12:00:00+09:00,1680.5,1684.5,1678.0,1682.5,125000,0.0,0.0
2024-07-16 13:00:00+09:00,1681.5,1681.5,1676.5,1679.0,28400,0.0,0.0
2024-07-16 14:00:00+09:00,1679.5,1684.5,1679.0,1683.0,47700,0.0,0.0
2024-07-17 09:00:00+09:00,1699.5,1722.0,1687.5,1711.5,71300,0.0,0.0
2024-07-17 10:00:00+09:00,1711.0,1725.5,1707.5,1724.0,31800,0.0,0.0
2024-07-17 11:00:00+09:00,1724.0,1725.0,1720.5,1720.5,0,0.0,0.0
2024-07-17 12:00:00+09:00,1722.0,1723.0,1715.5,1718.5,133000,0.0,0.0
2024-07-17 13:00:00+09:00,1719.0,1721.0,1718.0,1721.0,29800,0.0,0.0
2024-07-17 14:00:00+09:00,1721.0,1728.0,1719.5,1727.0,62900,0.0,0.0
2024-07-18 09:00:00+09:00,1723.5,1738.0,1722.5,1731.0,48900,0.0,0.0
2024-07-18 10:00:00+09:00,1730.0,1738.5,1725.5,1734.5,33900,0.0,0.0
2024-07-18 11:00:00+09:00,1734.0,1744.0,1733.5,1744.0,0,0.0,0.0
2024-07-18 12:00:00+09:00,1746.0,1748.5,1742.0,1748.0,131900,0.0,0.0
2024-07-18 13:00:00+09:00,1748.0,1751.5,1744.0,1745.0,56000,0.0,0.0
2024-07-18 14:00:00+09:00,1745.0,1748.5,1742.5,1744.5,73900,0.0,0.0
2024-07-19 09:00:00+09:00,1745.0,1745.0,1734.5,1736.0,0,0.0,0.0
2024-07-19 10:00:00+09:00,1736.5,1737.0,1722.5,1734.0,97200,0.0,0.0
2024-07-19 11:00:00+09:00,1733.5,1734.5,1725.5,1725.5,0,0.0,0.0
2024-07-19 12:00:00+09:00,1725.5,1732.0,1722.5,1732.0,135600,0.0,0.0
2024-07-19 13:00:00+09:00,1732.0,1734.0,1728.0,1731.5,20300,0.0,0.0
2024-07-19 14:00:00+09:00,1731.5,1735.5,1729.5,1734.5,47400,0.0,0.0
2024-07-22 09:00:00+09:00,1735.5,1735.5,1706.0,1710.5,0,0.0,0.0
2024-07-22 10:00:00+09:00,1710.0,1720.5,1709.5,1709.5,26700,0.0,0.0
2024-07-22 11:00:00+09:00,1709.5,1716.0,1707.0,1715.0,0,0.0,0.0
2024-07-22 12:00:00+09:00,1720.0,1723.5,1717.0,1721.0,118200,0.0,0.0
2024-07-22 13:00:00+09:00,1722.0,1724.0,1715.0,1723.5,29100,0.0,0.0
2024-07-22 14:00:00+09:00,1723.5,1726.0,1722.0,1724.0,31700,0.0,0.0
2024-07-23 09:00:00+09:00,1725.0,1747.0,1725.0,1737.0,79300,0.0,0.0
2024-07-23 10:00:00+09:00,1737.0,1746.0,1736.5,1742.5,33400,0.0,0.0
2024-07-23 11:00:00+09:00,1743.0,1746.0,1740.5,1742.5,0,0.0,0.0
2024-07-23 12:00:00+09:00,1744.0,1745.0,1735.5,1739.0,164200,0.0,0.0
2024-07-23 13:00:00+09:00,1739.0,1742.0,1737.5,1740.0,25400,0.0,0.0
2024-07-23 14:00:00+09:00,1739.5,1743.0,1736.0,1738.0,46700,0.0,0.0
2024-07-24 09:00:00+09:00,1741.0,1744.5,1734.0,1734.5,29400,0.0,0.0
2024-07-24 10:00:00+09:00,1734.5,1735.5,1729.5,1730.0,21800,0.0,0.0
2024-07-24 11:00:00+09:00,1729.5,1730.5,1725.0,1727.0,0,0.0,0.0
2024-07-24 12:00:00+09:00,1727.0,1731.5,1726.5,1728.5,77800,0.0,0.0
2024-07-24 13:00:00+09:00,1728.5,1729.5,1723.5,1727.0,23900,0.0,0.0
2024-07-24 14:00:00+09:00,1727.0,1729.5,1725.0,1725.0,28300,0.0,0.0
2024-07-25 09:00:00+09:00,1726.0,1736.0,1716.5,1732.5,76400,0.0,0.0
2024-07-25 10:00:00+09:00,1732.5,1740.0,1729.0,1737.5,30900,0.0,0.0
2024-07-25 11:00:00+09:00,1737.0,1749.0,1734.0,1749.0,0,0.0,0.0
2024-07-25 12:00:00+09:00,1749.0,1763.0,1746.5,1758.5,192200,0.0,0.0
2024-07-25 13:00:00+09:00,1758.5,1761.5,1751.0,1753.5,52200,0.0,0.0
2024-07-25 14:00:00+09:00,1754.0,1762.5,1752.0,1762.5,88000,0.0,0.0
2024-07-26 09:00:00+09:00,1777.0,1783.0,1760.0,1772.0,92800,0.0,0.0
2024-07-26 10:00:00+09:00,1772.5,1780.0,1772.0,1778.0,63600,0.0,0.0
2024-07-26 11:00:00+09:00,1778.0,1785.0,1776.5,1784.0,0,0.0,0.0
2024-07-26 12:00:00+09:00,1785.0,1785.5,1775.0,1780.0,252700,0.0,0.0
2024-07-26 13:00:00+09:00,1779.0,1781.5,1777.5,1780.0,55800,0.0,0.0
2024-07-26 14:00:00+09:00,1779.5,1780.0,1768.0,1772.5,94600,0.0,0.0
2024-07-29 09:00:00+09:00,1788.0,1802.5,1777.5,1802.0,101700,0.0,0.0
2024-07-29 10:00:00+09:00,1802.5,1804.5,1798.0,1800.5,37500,0.0,0.0
2024-07-29 11:00:00+09:00,1800.5,1806.5,1799.0,1805.0,0,0.0,0.0
2024-07-29 12:00:00+09:00,1809.5,1813.5,1804.5,1804.5,189500,0.0,0.0
2024-07-29 13:00:00+09:00,1805.0,1810.0,1804.5,1808.5,26600,0.0,0.0
2024-07-29 14:00:00+09:00,1808.5,1814.0,1807.5,1814.0,41800,0.0,0.0
2024-07-30 09:00:00+09:00,1813.5,1820.5,1803.5,1812.5,78800,0.0,0.0
2024-07-30 10:00:00+09:00,1812.5,1813.0,1803.0,1809.5,28600,0.0,0.0
2024-07-30 11:00:00+09:00,1809.5,1811.0,1807.5,1808.5,0,0.0,0.0
2024-07-30 12:00:00+09:00,1809.5,1809.5,1800.5,1805.5,148500,0.0,0.0
2024-07-30 13:00:00+09:00,1805.5,1808.0,1803.5,1808.0,26100,0.0,0.0
2024-07-30 14:00:00+09:00,1808.0,1811.5,1805.0,1811.0,48600,0.0,0.0
2024-07-31 09:00:00+09:00,1817.5,1820.0,1802.0,1808.0,57200,0.0,0.0
2024-07-31 10:00:00+09:00,1808.5,1812.0,1806.5,1809.0,19000,0.0,0.0
2024-07-31 11:00:00+09:00,1809.0,1815.5,1808.0,1814.0,0,0.0,0.0
2024-07-31 12:00:00+09:00,1814.0,1816.0,1803.0,1807.0,112700,0.0,0.0
2024-07-31 13:00:00+09:00,1807.0,1813.5,1802.5,1807.5,23600,0.0,0.0
2024-07-31 14:00:00+09:00,1807.0,1826.0,1804.5,1823.0,53800,0.0,0.0
2024-08-01 09:00:00+09:00,1801.0,1801.0,1760.5,1766.5,106100,0.0,0.0
2024-08-01 10:00:00+09:00,1767.5,1768.0,1746.0,1752.5,44900,0.0,0.0
2024-08-01 11:00:00+09:00,1754.5,1761.0,1750.5,1757.5,0,0.0,0.0
2024-08-01 12:00:00+09:00,1755.0,1758.5,1741.0,1748.0,205900,0.0,0.0
2024-08-01 13:00:00+09:00,1748.0,1749.0,1736.5,1744.0,40900,0.0,0.0
2024-08-01 14:00:00+09:00,1744.0,1748.5,1736.0,1739.5,61500,0.0,0.0
2024-08-02 09:00:00+09:00,1685.5,1685.5,1620.0,1627.5,194100,0.0,0.0
2024-08-02 10:00:00+09:00,1629.0,1657.5,1625.0,1653.5,91600,0.0,0.0
2024-08-02 11:00:00+09:00,1654.0,1656.5,1633.0,1642.0,0,0.0,0.0
2024-08-02 12:00:00+09:00,1639.5,1643.5,1635.0,1642.0,388900,0.0,0.0
2024-08-02 13:00:00+09:00,1642.0,1642.5,1629.5,1631.5,76600,0.0,0.0
2024-08-02 14:00:00+09:00,1632.0,1633.5,1618.0,1621.5,110800,0.0,0.0
2024-08-05 09:00:00+09:00,1555.0,1590.5,1551.5,1586.5,194800,0.0,0.0
2024-08-05 10:00:00+09:00,1586.0,1594.5,1574.0,1580.0,144500,0.0,0.0
2024-08-05 11:00:00+09:00,1580.5,1594.0,1578.0,1592.5,0,0.0,0.0
2024-08-05 12:00:00+09:00,1585.0,1590.0,1559.0,1559.5,452200,0.0,0.0
2024-08-05 13:00:00+09:00,1558.0,1561.0,1510.0,1510.5,141400,0.0,0.0
2024-08-05 14:00:00+09:00,1511.0,1511.0,1403.0,1429.5,471900,0.0,0.0
2024-08-06 09:00:00+09:00,1499.5,1569.0,1495.5,1569.0,230700,0.0,0.0
2024-08-06 10:00:00+09:00,1568.0,1569.0,1529.5,1549.0,68800,0.0,0.0
2024-08-06 11:00:00+09:00,1550.0,1557.5,1544.5,1550.0,0,0.0,0.0
2024-08-06 12:00:00+09:00,1545.0,1563.0,1535.0,1553.0,438800,0.0,0.0
2024-08-06 13:00:00+09:00,1552.5,1556.5,1519.0,1520.5,83700,0.0,0.0
2024-08-06 14:00:00+09:00,1520.0,1548.5,1512.0,1536.5,142100,0.0,0.0
2024-08-07 09:00:00+09:00,1510.0,1550.0,1508.5,1536.0,113500,0.0,0.0
2024-08-07 10:00:00+09:00,1535.0,1571.5,1528.5,1569.0,55700,0.0,0.0
2024-08-07 11:00:00+09:00,1570.0,1571.5,1554.0,1555.0,0,0.0,0.0
2024-08-07 12:00:00+09:00,1548.5,1558.5,1546.0,1551.0,260200,0.0,0.0
2024-08-07 13:00:00+09:00,1551.5,1564.5,1551.0,1561.0,71200,0.0,0.0
2024-08-07 14:00:00+09:00,1561.5,1565.5,1527.0,1527.0,137000,0.0,0.0
2024-08-08 09:00:00+09:00,1524.5,1561.5,1521.0,1531.5,140400,0.0,0.0
2024-08-08 10:00:00+09:00,1532.0,1543.5,1530.5,1541.5,41900,0.0,0.0
2024-08-08 11:00:00+09:00,1540.5,1551.5,1537.0,1548.0,0,0.0,0.0
2024-08-08 12:00:00+09:00,1547.0,1557.5,1541.0,1543.0,240100,0.0,0.0
2024-08-08 13:00:00+09:00,1543.5,1545.0,1532.5,1535.0,44700,0.0,0.0
2024-08-08 14:00:00+09:00,1535.5,1538.5,1521.0,1521.0,89500,0.0,0.0
2024-08-09 09:00:00+09:00,1533.5,1570.5,1525.5,1565.0,155000,0.0,0.0
2024-08-09 10:00:00+09:00,1564.0,1573.5,1553.0,1553.0,41800,0.0,0.0
2024-08-09 11:00:00+09:00,1556.0,1556.0,1537.0,1544.5,0,0.0,0.0
2024-08-09 12:00:00+09:00,1545.5,1559.0,1545.5,1550.5,248100,0.0,0.0
2024-08-09 13:00:00+09:00,1551.5,1559.0,1540.0,1543.0,44700,0.0,0.0
2024-08-09 14:00:00+09:00,1544.5,1565.0,1538.0,1558.0,84400,0.0,0.0
2024-08-13 09:00:00+09:00,1556.0,1560.5,1528.0,1545.5,123900,0.0,0.0
2024-08-13 10:00:00+09:00,1544.5,1553.0,1535.0,1535.0,58500,0.0,0.0
2024-08-13 11:00:00+09:00,1536.5,1536.5,1528.0,1530.0,0,0.0,0.0
2024-08-13 12:00:00+09:00,1530.0,1542.5,1530.0,1538.5,257300,0.0,0.0
2024-08-13 13:00:00+09:00,1538.0,1540.5,1530.0,1539.0,44000,0.0,0.0
2024-08-13 14:00:00+09:00,1539.5,1550.0,1533.5,1550.0,72800,0.0,0.0
2024-08-14 09:00:00+09:00,1554.5,1576.0,1545.5,1574.5,108700,0.0,0.0
2024-08-14 10:00:00+09:00,1574.5,1581.0,1571.5,1577.0,60800,0.0,0.0
2024-08-14 11:00:00+09:00,1577.5,1578.0,1567.0,1567.5,0,0.0,0.0
2024-08-14 12:00:00+09:00,1567.5,1579.0,1567.0,1571.0,262000,0.0,0.0
2024-08-14 13:00:00+09:00,1571.0,1575.0,1563.5,1566.0,46800,0.0,0.0
2024-08-14 14:00:00+09:00,1565.5,1574.5,1561.5,1568.5,100900,0.0,0.0
2024-08-15 09:00:00+09:00,1567.0,1575.0,1563.0,1565.0,68000,0.0,0.0
2024-08-15 10:00:00+09:00,1564.5,1568.0,1560.5,1564.5,37800,0.0,0.0
2024-08-15 11:00:00+09:00,1564.0,1567.5,1562.5,1564.5,0,0.0,0.0
2024-08-15 12:00:00+09:00,1562.0,1571.0,1562.0,1566.5,168500,0.0,0.0
2024-08-15 13:00:00+09:00,1567.0,1569.0,1559.0,1565.5,48200,0.0,0.0
2024-08-15 14:00:00+09:00,1566.0,1566.0,1553.5,1559.0,81800,0.0,0.0
2024-08-16 09:00:00+09:00,1582.0,1584.0,1571.0,1579.5,76300,0.0,0.0
2024-08-16 10:00:00+09:00,1580.5,1583.0,1576.5,1582.0,33600,0.0,0.0
2024-08-16 11:00:00+09:00,1581.5,1585.0,1579.0,1579.0,0,0.0,0.0
2024-08-16 12:00:00+09:00,1579.0,1585.5,1579.0,1584.0,165400,0.0,0.0
2024-08-16 13:00:00+09:00,1584.5,1589.0,1582.5,1585.0,40700,0.0,0.0
2024-08-16 14:00:00+09:00,1586.0,1592.0,1585.5,1587.5,74500,0.0,0.0
2024-08-19 09:00:00+09:00,1580.0,1597.5,1573.5,1596.5,86500,0.0,0.0
2024-08-19 10:00:00+09:00,1595.5,1595.5,1591.0,1591.5,27300,0.0,0.0
2024-08-19 11:00:00+09:00,1592.0,1594.0,1588.5,1592.5,0,0.0,0.0
2024-08-19 12:00:00+09:00,1590.0,1592.0,1582.5,1585.5,176000,0.0,0.0
2024-08-19 13:00:00+09:00,1585.5,1589.0,1577.0,1580.5,53300,0.0,0.0
2024-08-19 14:00:00+09:00,1580.5,1583.0,1573.0,1580.0,84700,0.0,0.0
2024-08-20 09:00:00+09:00,1585.5,1599.5,1583.0,1598.0,73300,0.0,0.0
2024-08-20 10:00:00+09:00,1598.5,1604.5,1596.5,1602.5,44300,0.0,0.0
2024-08-20 11:00:00+09:00,1602.0,1605.5,1600.0,1600.0,0,0.0,0.0
2024-08-20 12:00:00+09:00,1600.5,1608.5,1600.5,1608.5,177900,0.0,0.0
2024-08-20 13:00:00+09:00,1608.5,1609.0,1599.5,1601.5,31700,0.0,0.0
2024-08-20 14:00:00+09:00,1602.0,1611.5,1602.0,1610.0,58500,0.0,0.0
2024-08-21 09:00:00+09:00,1601.0,1624.5,1601.0,1621.5,37600,0.0,0.0
2024-08-21 10:00:00+09:00,1621.5,1625.0,1615.0,1621.0,20100,0.0,0.0
2024-08-21 11:00:00+09:00,1621.5,1622.0,1618.5,1621.5,0,0.0,0.0
2024-08-21 12:00:00+09:00,1625.5,1627.5,1622.5,1624.5,82900,0.0,0.0
2024-08-21 13:00:00+09:00,1624.0,1625.5,1619.5,1620.0,20800,0.0,0.0
2024-08-21 14:00:00+09:00,1621.0,1624.0,1615.0,1620.0,39800,0.0,0.0
2024-08-22 09:00:00+09:00,1619.0,1633.5,1616.0,1632.5,38100,0.0,0.0
2024-08-22 10:00:00+09:00,1631.0,1634.5,1628.5,1632.5,23700,0.0,0.0
2024-08-22 11:00:00+09:00,1632.5,1633.0,1630.0,1632.5,0,0.0,0.0
2024-08-22 12:00:00+09:00,1630.0,1633.0,1628.0,1631.5,127900,0.0,0.0
2024-08-22 13:00:00+09:00,1632.0,1635.0,1630.5,1632.0,27200,0.0,0.0
2024-08-22 14:00:00+09:00,1632.5,1643.5,1632.5,1640.5,60000,0.0,0.0
2024-08-23 09:00:00+09:00,1648.5,1661.5,1646.5,1658.5,73800,0.0,0.0
2024-08-23 10:00:00+09:00,1658.5,1658.5,1642.5,1642.5,22300,0.0,0.0
2024-08-23 11:00:00+09:00,1643.0,1645.0,1641.0,1643.5,0,0.0,0.0
2024-08-23 12:00:00+09:00,1648.0,1652.5,1644.5,1645.5,134100,0.0,0.0
2024-08-23 13:00:00+09:00,1646.0,1650.0,1644.0,1646.0,29400,0.0,0.0
2024-08-23 14:00:00+09:00,1646.0,1649.0,1644.0,1648.5,46700,0.0,0.0
2024-08-26 09:00:00+09:00,1650.0,1650.0,1635.0,1642.5,75600,0.0,0.0
2024-08-26 10:00:00+09:00,1643.0,1644.0,1638.0,1641.0,24800,0.0,0.0
2024-08-26 11:00:00+09:00,1641.5,1644.0,1639.0,1641.5,0,0.0,0.0
2024-08-26 12:00:00+09:00,1638.0,1642.0,1634.5,1639.0,147100,0.0,0.0
2024-08-26 13:00:00+09:00,1639.0,1643.5,1637.5,1639.5,26600,0.0,0.0
2024-08-26 14:00:00+09:00,1639.0,1654.0,1636.5,1651.5,63200,0.0,0.0
2024-08-27 09:00:00+09:00,1658.0,1672.5,1658.0,1660.0,62100,0.0,0.0
2024-08-27 10:00:00+09:00,1661.0,1666.0,1659.0,1663.0,23400,0.0,0.0
2024-08-27 11:00:00+09:00,1662.5,1663.5,1656.5,1662.5,0,0.0,0.0
2024-08-27 12:00:00+09:00,1665.0,1668.5,1662.0,1666.5,133400,0.0,0.0
2024-08-27 13:00:00+09:00,1666.5,1666.5,1650.5,1653.0,41200,0.0,0.0
2024-08-27 14:00:00+09:00,1652.5,1660.0,1652.0,1659.5,68000,0.0,0.0
2024-08-28 09:00:00+09:00,1645.0,1655.5,1641.5,1650.5,83600,0.0,0.0
2024-08-28 10:00:00+09:00,1651.0,1651.0,1637.0,1645.5,60000,0.0,0.0
2024-08-28 11:00:00+09:00,1645.0,1648.5,1643.5,1648.5,0,0.0,0.0
2024-08-28 12:00:00+09:00,1647.0,1649.0,1644.5,1649.0,198900,0.0,0.0
2024-08-28 13:00:00+09:00,1649.0,1651.0,1646.0,1646.0,35100,0.0,0.0
2024-08-28 14:00:00+09:00,1647.0,1653.0,1644.5,1651.5,67100,0.0,0.0
2024-08-29 09:00:00+09:00,1640.0,1655.5,1638.0,1645.5,95200,0.0,0.0
2024-08-29 10:00:00+09:00,1644.0,1649.5,1642.0,1642.0,27900,0.0,0.0
2024-08-29 11:00:00+09:00,1641.5,1645.5,1640.5,1645.0,0,0.0,0.0
2024-08-29 12:00:00+09:00,1646.0,1651.0,1645.0,1650.0,168300,0.0,0.0
2024-08-29 13:00:00+09:00,1649.5,1650.0,1647.0,1647.5,25400,0.0,0.0
2024-08-29 14:00:00+09:00,1647.5,1656.5,1643.0,1656.5,62700,0.0,0.0
2024-08-30 09:00:00+09:00,1654.0,1654.0,1637.5,1648.5,99000,0.0,0.0
2024-08-30 10:00:00+09:00,1648.0,1648.5,1644.5,1644.5,15600,0.0,0.0
2024-08-30 11:00:00+09:00,1644.0,1645.5,1641.5,1643.0,0,0.0,0.0
2024-08-30 12:00:00+09:00,1643.0,1647.0,1643.0,1646.5,151000,0.0,0.0
2024-08-30 13:00:00+09:00,1646.5,1646.5,1642.5,1645.5,25100,0.0,0.0
2024-08-30 14:00:00+09:00,1646.0,1655.0,1645.0,1650.5,41700,0.0,0.0
