Datetime,Open,High,Low,Close,Volume,Dividends,Stock Splits,Capital Gains
2022-10-06 09:30:00-04:00,20.149999618530273,20.219999313354492,20.100000381469727,20.142499923706055,15223,0.0,0.0,0.0
2022-10-06 10:30:00-04:00,20.110000610351562,20.149999618530273,20.100000381469727,20.1299991607666,5003,0.0,0.0,0.0
2022-10-06 11:30:00-04:00,20.1200008392334,20.1299991607666,19.969999313354492,20.03499984741211,28931,0.0,0.0,0.0
2022-10-06 12:30:00-04:00,20.049999237060547,20.110000610351562,20.030000686645508,20.110000610351562,5807,0.0,0.0,0.0
2022-10-06 13:30:00-04:00,20.09000015258789,20.1200008392334,20.05500030517578,20.060100555419922,13310,0.0,0.0,0.0
2022-10-06 14:30:00-04:00,20.06999969482422,20.09000015258789,19.979999542236328,20.020000457763672,21106,0.0,0.0,0.0
2022-10-06 15:30:00-04:00,20.040000915527344,20.059999465942383,20.030000686645508,20.030000686645508,13281,0.0,0.0,0.0
2022-10-07 09:30:00-04:00,20.0,20.06999969482422,19.8700008392334,19.959999084472656,0,0.0,0.0,0.0
2022-10-07 10:30:00-04:00,19.940000534057617,20.049999237060547,19.93000030517578,19.969999313354492,25832,0.0,0.0,0.0
2022-10-07 11:30:00-04:00,19.959999084472656,19.989999771118164,19.940000534057617,19.940000534057617,7293,0.0,0.0,0.0
2022-10-07 12:30:00-04:00,19.91990089416504,19.93000030517578,19.889999389648438,19.920000076293945,12838,0.0,0.0,0.0
2022-10-07 13:30:00-04:00,19.90999984741211,19.934999465942383,19.8700008392334,19.8700008392334,0,0.0,0.0,0.0
2022-10-07 14:30:00-04:00,19.854999542236328,19.860000610351562,19.780000686645508,19.780000686645508,0,0.0,0.0,0.0
2022-10-07 15:30:00-04:00,19.780000686645508,19.889999389648438,19.780000686645508,19.889999389648438,137327,0.0,0.0,0.0
2022-10-10 09:30:00-04:00,19.8799991607666,19.889999389648438,19.81999969482422,19.860000610351562,0,0.0,0.0,0.0
2022-10-10 10:30:00-04:00,19.834999084472656,19.889999389648438,19.760000228881836,19.780000686645508,41703,0.0,0.0,0.0
2022-10-10 11:30:00-04:00,19.780000686645508,19.809999465942383,19.719999313354492,19.719999313354492,35326,0.0,0.0,0.0
2022-10-10 12:30:00-04:00,19.729999542236328,19.7549991607666,19.68000030517578,19.75,39346,0.0,0.0,0.0
2022-10-10 13:30:00-04:00,19.7549991607666,19.8799991607666,19.7549991607666,19.809999465942383,66558,0.0,0.0,0.0
2022-10-10 14:30:00-04:00,19.829999923706055,19.850000381469727,19.799999237060547,19.809999465942383,15565,0.0,0.0,0.0
2022-10-10 15:30:00-04:00,19.81999969482422,19.829999923706055,19.78499984741211,19.790000915527344,11269,0.0,0.0,0.0
2022-10-11 09:30:00-04:00,19.6200008392334,19.639999389648438,19.520000457763672,19.600000381469727,0,0.0,0.0,0.0
2022-10-11 10:30:00-04:00,19.559999465942383,19.700000762939453,19.549999237060547,19.674999237060547,17888,0.0,0.0,0.0
2022-10-11 11:30:00-04:00,19.690000534057617,19.799999237060547,19.690000534057617,19.780000686645508,29679,0.0,0.0,0.0
2022-10-11 12:30:00-04:00,19.790000915527344,19.860000610351562,19.75,19.75,13965,0.0,0.0,0.0
2022-10-11 13:30:00-04:00,19.770099639892578,19.780000686645508,19.729999542236328,19.75,65311,0.0,0.0,0.0
2022-10-11 14:30:00-04:00,19.760000228881836,19.770000457763672,19.360000610351562,19.3799991607666,52797,0.0,0.0,0.0
2022-10-11 15:30:00-04:00,19.3799991607666,19.440000534057617,19.3700008392334,19.395000457763672,24750,0.0,0.0,0.0
2022-10-12 09:30:00-04:00,19.309999465942383,19.434999465942383,19.270000457763672,19.415000915527344,0,0.0,0.0,0.0
2022-10-12 10:30:00-04:00,19.40999984741211,19.489999771118164,19.3700008392334,19.440000534057617,49961,0.0,0.0,0.0
2022-10-12 11:30:00-04:00,19.440000534057617,19.479999542236328,19.420000076293945,19.43000030517578,18002,0.0,0.0,0.0
2022-10-12 12:30:00-04:00,19.434999465942383,19.440000534057617,19.399999618530273,19.420000076293945,7843,0.0,0.0,0.0
2022-10-12 13:30:00-04:00,19.440000534057617,19.540000915527344,19.40999984741211,19.514999389648438,35028,0.0,0.0,0.0
2022-10-12 14:30:00-04:00,19.500099182128906,19.501699447631836,19.441099166870117,19.479999542236328,10702,0.0,0.0,0.0
2022-10-12 15:30:00-04:00,19.469999313354492,19.489999771118164,19.434999465942383,19.434999465942383,6786,0.0,0.0,0.0
2022-10-13 09:30:00-04:00,19.389999389648438,19.59000015258789,19.31999969482422,19.510499954223633,0,0.0,0.0,0.0
2022-10-13 10:30:00-04:00,19.530000686645508,19.969999313354492,19.530000686645508,19.950000762939453,29842,0.0,0.0,0.0
2022-10-13 11:30:00-04:00,19.90999984741211,20.1200008392334,19.90999984741211,19.969999313354492,8574,0.0,0.0,0.0
2022-10-13 12:30:00-04:00,20.0,20.110000610351562,19.989999771118164,20.100000381469727,11892,0.0,0.0,0.0
2022-10-13 13:30:00-04:00,20.110000610351562,20.1299991607666,20.0,20.009300231933594,12199,0.0,0.0,0.0
2022-10-13 14:30:00-04:00,20.020000457763672,20.110000610351562,20.020000457763672,20.030000686645508,16960,0.0,0.0,0.0
2022-10-13 15:30:00-04:00,20.049999237060547,20.084999084472656,20.020000457763672,20.049999237060547,12531,0.0,0.0,0.0
2022-10-14 09:30:00-04:00,20.149999618530273,20.149999618530273,19.739999771118164,19.739999771118164,18108,0.0,0.0,0.0
2022-10-14 10:30:00-04:00,19.799999237060547,19.860000610351562,19.725900650024414,19.81999969482422,18724,0.0,0.0,0.0
2022-10-14 11:30:00-04:00,19.81999969482422,19.81999969482422,19.639999389648438,19.709999084472656,14432,0.0,0.0,0.0
2022-10-14 12:30:00-04:00,19.719999313354492,19.729999542236328,19.65999984741211,19.68000030517578,13835,0.0,0.0,0.0
2022-10-14 13:30:00-04:00,19.709999084472656,19.725000381469727,19.665000915527344,19.670000076293945,4342,0.0,0.0,0.0
2022-10-14 14:30:00-04:00,19.670000076293945,19.674999237060547,19.6299991607666,19.639999389648438,7545,0.0,0.0,0.0
2022-10-14 15:30:00-04:00,19.68000030517578,19.690000534057617,19.635000228881836,19.649999618530273,3433,0.0,0.0,0.0
2022-10-17 09:30:00-04:00,20.200000762939453,20.344999313354492,20.200000762939453,20.329999923706055,54910,0.0,0.0,0.0
2022-10-17 10:30:00-04:00,20.389999389648438,20.389999389648438,20.280000686645508,20.329999923706055,30075,0.0,0.0,0.0
2022-10-17 11:30:00-04:00,20.329999923706055,20.354999542236328,20.290000915527344,20.309999465942383,5130,0.0,0.0,0.0
2022-10-17 12:30:00-04:00,20.299999237060547,20.299999237060547,20.25,20.28380012512207,1603,0.0,0.0,0.0
2022-10-17 13:30:00-04:00,20.289600372314453,20.290000915527344,20.219999313354492,20.219999313354492,2351,0.0,0.0,0.0
2022-10-17 14:30:00-04:00,20.200000762939453,20.239999771118164,20.180099487304688,20.190000534057617,21816,0.0,0.0,0.0
2022-10-17 15:30:00-04:00,20.219999313354492,20.22010040283203,20.18000030517578,20.18000030517578,5595,0.0,0.0,0.0
2022-10-18 09:30:00-04:00,20.399999618530273,20.399999618530273,20.280000686645508,20.280000686645508,0,0.0,0.0,0.0
2022-10-18 10:30:00-04:00,20.25,20.280000686645508,20.145000457763672,20.170000076293945,25643,0.0,0.0,0.0
2022-10-18 11:30:00-04:00,20.155000686645508,20.24090003967285,20.1299991607666,20.200000762939453,8831,0.0,0.0,0.0
2022-10-18 12:30:00-04:00,20.19499969482422,20.274999618530273,20.139999389648438,20.239999771118164,22874,0.0,0.0,0.0
2022-10-18 13:30:00-04:00,20.27120018005371,20.28499984741211,20.219999313354492,20.229999542236328,34762,0.0,0.0,0.0
2022-10-18 14:30:00-04:00,20.229999542236328,20.229999542236328,20.145000457763672,20.200000762939453,30173,0.0,0.0,0.0
2022-10-18 15:30:00-04:00,20.209999084472656,20.260000228881836,20.209999084472656,20.25,8694,0.0,0.0,0.0
2022-10-19 09:30:00-04:00,20.079999923706055,20.11009979248047,20.0,20.110000610351562,0,0.0,0.0,0.0
2022-10-19 10:30:00-04:00,20.149999618530273,20.149999618530273,20.040000915527344,20.049999237060547,7191,0.0,0.0,0.0
2022-10-19 11:30:00-04:00,20.040000915527344,20.06999969482422,19.959999084472656,19.959999084472656,3288,0.0,0.0,0.0
2022-10-19 12:30:00-04:00,19.959999084472656,19.979999542236328,19.885000228881836,19.93000030517578,20085,0.0,0.0,0.0
2022-10-19 13:30:00-04:00,19.90999984741211,19.989999771118164,19.900100708007812,19.979999542236328,8485,0.0,0.0,0.0
2022-10-19 14:30:00-04:00,19.979999542236328,19.979999542236328,19.93000030517578,19.940000534057617,7067,0.0,0.0,0.0
2022-10-19 15:30:00-04:00,19.950000762939453,20.010000228881836,19.950000762939453,20.010000228881836,7554,0.0,0.0,0.0
2022-10-20 09:30:00-04:00,20.030000686645508,20.229999542236328,20.000600814819336,20.229999542236328,0,0.0,0.0,0.0
2022-10-20 10:30:00-04:00,20.229999542236328,20.229999542236328,20.17140007019043,20.17140007019043,3227,0.0,0.0,0.0
2022-10-20 11:30:00-04:00,20.174999237060547,20.174999237060547,20.024999618530273,20.040000915527344,7641,0.0,0.0,0.0
2022-10-20 12:30:00-04:00,20.040000915527344,20.049999237060547,19.950000762939453,19.979999542236328,7019,0.0,0.0,0.0
2022-10-20 13:30:00-04:00,19.991899490356445,20.0,19.920000076293945,19.928300857543945,9280,0.0,0.0,0.0
2022-10-20 14:30:00-04:00,19.920000076293945,19.989999771118164,19.920000076293945,19.920000076293945,32103,0.0,0.0,0.0
2022-10-20 15:30:00-04:00,19.915000915527344,20.0,19.915000915527344,19.989999771118164,8327,0.0,0.0,0.0
2022-10-21 09:30:00-04:00,19.799999237060547,20.100000381469727,19.739999771118164,19.93000030517578,0,0.0,0.0,0.0
2022-10-21 10:30:00-04:00,19.920000076293945,20.100000381469727,19.899900436401367,20.09000015258789,7747,0.0,0.0,0.0
2022-10-21 11:30:00-04:00,20.1200008392334,20.280000686645508,20.049999237060547,20.149999618530273,51461,0.0,0.0,0.0
2022-10-21 12:30:00-04:00,20.184999465942383,20.239999771118164,20.15999984741211,20.209999084472656,8373,0.0,0.0,0.0
2022-10-21 13:30:00-04:00,20.235000610351562,20.264999389648438,20.21649932861328,20.21649932861328,10463,0.0,0.0,0.0
2022-10-21 14:30:00-04:00,20.239999771118164,20.34000015258789,20.239999771118164,20.34000015258789,33783,0.0,0.0,0.0
2022-10-21 15:30:00-04:00,20.31999969482422,20.350000381469727,20.309999465942383,20.350000381469727,6866,0.0,0.0,0.0
2022-10-24 09:30:00-04:00,20.3700008392334,20.549999237060547,20.280000686645508,20.280000686645508,32562,0.0,0.0,0.0
2022-10-24 10:30:00-04:00,20.330799102783203,20.450000762939453,20.330799102783203,20.40999984741211,38912,0.0,0.0,0.0
2022-10-24 11:30:00-04:00,20.399999618530273,20.450000762939453,20.354999542236328,20.415000915527344,5598,0.0,0.0,0.0
2022-10-24 12:30:00-04:00,20.40999984741211,20.40999984741211,20.360000610351562,20.3799991607666,5850,0.0,0.0,0.0
2022-10-24 13:30:00-04:00,20.3700008392334,20.415000915527344,20.364999771118164,20.405000686645508,9166,0.0,0.0,0.0
2022-10-24 14:30:00-04:00,20.399999618530273,20.450000762939453,20.385000228881836,20.434999465942383,15399,0.0,0.0,0.0
2022-10-24 15:30:00-04:00,20.43000030517578,20.43000030517578,20.3700008392334,20.3700008392334,6930,0.0,0.0,0.0
2022-10-25 09:30:00-04:00,20.489999771118164,20.670000076293945,20.489999771118164,20.65169906616211,0,0.0,0.0,0.0
2022-10-25 10:30:00-04:00,20.639999389648438,20.729999542236328,20.639999389648438,20.729999542236328,3467,0.0,0.0,0.0
2022-10-25 11:30:00-04:00,20.729999542236328,20.739999771118164,20.670000076293945,20.704999923706055,3618,0.0,0.0,0.0
2022-10-25 12:30:00-04:00,20.709999084472656,20.725000381469727,20.660999298095703,20.674999237060547,6987,0.0,0.0,0.0
2022-10-25 13:30:00-04:00,20.680200576782227,20.709999084472656,20.68000030517578,20.690000534057617,7480,0.0,0.0,0.0
2022-10-25 14:30:00-04:00,20.709999084472656,20.709999084472656,20.649999618530273,20.70170021057129,17866,0.0,0.0,0.0
2022-10-25 15:30:00-04:00,20.739999771118164,20.739999771118164,20.700000762939453,20.719999313354492,3620,0.0,0.0,0.0
2022-10-26 09:30:00-04:00,20.809999465942383,20.979900360107422,20.809999465942383,20.93000030517578,0,0.0,0.0,0.0
2022-10-26 10:30:00-04:00,20.959999084472656,21.039899826049805,20.940000534057617,21.020000457763672,1812,0.0,0.0,0.0
2022-10-26 11:30:00-04:00,21.100000381469727,21.100000381469727,21.059600830078125,21.100000381469727,14605,0.0,0.0,0.0
2022-10-26 12:30:00-04:00,21.079999923706055,21.08370018005371,21.030000686645508,21.030000686645508,3011,0.0,0.0,0.0
2022-10-26 13:30:00-04:00,20.99250030517578,21.079999923706055,20.99250030517578,21.05500030517578,6702,0.0,0.0,0.0
2022-10-26 14:30:00-04:00,21.059999465942383,21.059999465942383,21.010000228881836,21.020000457763672,59275,0.0,0.0,0.0
2022-10-26 15:30:00-04:00,21.020000457763672,21.020000457763672,21.0,21.0,821,0.0,0.0,0.0
2022-10-27 09:30:00-04:00,21.030000686645508,21.219999313354492,21.030000686645508,21.190000534057617,0,0.0,0.0,0.0
2022-10-27 10:30:00-04:00,21.229999542236328,21.229999542236328,21.100000381469727,21.139999389648438,18076,0.0,0.0,0.0
2022-10-27 11:30:00-04:00,21.100000381469727,21.1200008392334,21.040000915527344,21.049999237060547,5601,0.0,0.0,0.0
2022-10-27 12:30:00-04:00,21.038000106811523,21.1200008392334,21.020000457763672,21.09000015258789,20453,0.0,0.0,0.0
2022-10-27 13:30:00-04:00,21.09000015258789,21.09000015258789,21.010000228881836,21.030000686645508,9434,0.0,0.0,0.0
2022-10-27 14:30:00-04:00,21.010000228881836,21.03499984741211,20.969999313354492,21.030000686645508,82267,0.0,0.0,0.0
2022-10-27 15:30:00-04:00,21.030000686645508,21.045000076293945,20.969999313354492,20.989999771118164,146490,0.0,0.0,0.0
2022-10-28 09:30:00-04:00,20.920000076293945,21.010000228881836,20.899999618530273,20.989999771118164,59924,0.0,0.0,0.0
2022-10-28 10:30:00-04:00,21.010000228881836,21.030000686645508,20.954999923706055,21.010000228881836,20410,0.0,0.0,0.0
2022-10-28 11:30:00-04:00,21.02199935913086,21.065000534057617,21.014999389648438,21.059999465942383,13352,0.0,0.0,0.0
2022-10-28 12:30:00-04:00,21.059999465942383,21.100000381469727,21.059999465942383,21.079999923706055,3837,0.0,0.0,0.0
2022-10-28 13:30:00-04:00,21.082500457763672,21.1200008392334,21.079999923706055,21.100000381469727,12373,0.0,0.0,0.0
2022-10-28 14:30:00-04:00,21.110000610351562,21.145000457763672,21.110000610351562,21.1299991607666,15474,0.0,0.0,0.0
2022-10-28 15:30:00-04:00,21.149999618530273,21.18000030517578,21.149999618530273,21.18000030517578,4154,0.0,0.0,0.0
2022-10-31 09:30:00-04:00,20.959999084472656,21.049999237060547,20.950000762939453,21.049999237060547,19850,0.0,0.0,0.0
2022-10-31 10:30:00-04:00,21.059999465942383,21.1200008392334,21.040000915527344,21.110000610351562,60076,0.0,0.0,0.0
2022-10-31 11:30:00-04:00,21.079999923706055,21.110000610351562,21.030000686645508,21.059999465942383,29552,0.0,0.0,0.0
2022-10-31 12:30:00-04:00,21.030000686645508,21.030000686645508,20.969999313354492,20.989999771118164,5994,0.0,0.0,0.0
2022-10-31 13:30:00-04:00,20.98040008544922,21.010000228881836,20.959999084472656,21.010000228881836,7985,0.0,0.0,0.0
2022-10-31 14:30:00-04:00,21.010000228881836,21.020000457763672,20.950000762939453,20.96500015258789,11407,0.0,0.0,0.0
2022-10-31 15:30:00-04:00,20.975000381469727,21.0,20.975000381469727,20.9950008392334,2849,0.0,0.0,0.0
2022-11-01 09:30:00-04:00,21.479999542236328,21.479999542236328,21.290000915527344,21.31999969482422,0,0.0,0.0,0.0
2022-11-01 10:30:00-04:00,21.329999923706055,21.350000381469727,21.13010025024414,21.18000030517578,7697,0.0,0.0,0.0
2022-11-01 11:30:00-04:00,21.200000762939453,21.280000686645508,21.149999618530273,21.19499969482422,5200,0.0,0.0,0.0
2022-11-01 12:30:00-04:00,21.190000534057617,21.219999313354492,21.149999618530273,21.209999084472656,3349,0.0,0.0,0.0
2022-11-01 13:30:00-04:00,21.200000762939453,21.264999389648438,21.200000762939453,21.239999771118164,13073,0.0,0.0,0.0
2022-11-01 14:30:00-04:00,21.25,21.25,21.200000762939453,21.225000381469727,27455,0.0,0.0,0.0
2022-11-01 15:30:00-04:00,21.209999084472656,21.2450008392334,21.200000762939453,21.239999771118164,7046,0.0,0.0,0.0
2022-11-02 09:30:00-04:00,21.209999084472656,21.209999084472656,21.110000610351562,21.110000610351562,0,0.0,0.0,0.0
2022-11-02 10:30:00-04:00,21.110000610351562,21.18000030517578,21.09000015258789,21.139999389648438,23143,0.0,0.0,0.0
2022-11-02 11:30:00-04:00,21.1299991607666,21.139999389648438,21.099899291992188,21.099899291992188,0,0.0,0.0,0.0
2022-11-02 12:30:00-04:00,21.11009979248047,21.139999389648438,21.06999969482422,21.110000610351562,154261,0.0,0.0,0.0
2022-11-02 13:30:00-04:00,21.1200008392334,21.420000076293945,21.1200008392334,21.350000381469727,31257,0.0,0.0,0.0
2022-11-02 14:30:00-04:00,21.389999389648438,21.40999984741211,20.889999389648438,20.93000030517578,68870,0.0,0.0,0.0
2022-11-02 15:30:00-04:00,20.90999984741211,20.950000762939453,20.850000381469727,20.8700008392334,34152,0.0,0.0,0.0
2022-11-03 09:30:00-04:00,20.469999313354492,20.639999389648438,20.469999313354492,20.637100219726562,130469,0.0,0.0,0.0
2022-11-03 10:30:00-04:00,20.639999389648438,20.719999313354492,20.59000015258789,20.670000076293945,26425,0.0,0.0,0.0
2022-11-03 11:30:00-04:00,20.645000457763672,20.719999313354492,20.639999389648438,20.700000762939453,33627,0.0,0.0,0.0
2022-11-03 12:30:00-04:00,20.709999084472656,20.739999771118164,20.64229965209961,20.725000381469727,11209,0.0,0.0,0.0
2022-11-03 13:30:00-04:00,20.7450008392334,20.7450008392334,20.670000076293945,20.682300567626953,7565,0.0,0.0,0.0
2022-11-03 14:30:00-04:00,20.709999084472656,20.709999084472656,20.68000030517578,20.709999084472656,15516,0.0,0.0,0.0
2022-11-03 15:30:00-04:00,20.729999542236328,20.729999542236328,20.649999618530273,20.670000076293945,107776,0.0,0.0,0.0
2022-11-04 09:30:00-04:00,21.270000457763672,21.475000381469727,21.18000030517578,21.469999313354492,47152,0.0,0.0,0.0
2022-11-04 10:30:00-04:00,21.469999313354492,21.503400802612305,21.360000610351562,21.360000610351562,39283,0.0,0.0,0.0
2022-11-04 11:30:00-04:00,21.329999923706055,21.3700008392334,21.229999542236328,21.34000015258789,8288,0.0,0.0,0.0
2022-11-04 12:30:00-04:00,21.329999923706055,21.3799991607666,21.299999237060547,21.360000610351562,13127,0.0,0.0,0.0
2022-11-04 13:30:00-04:00,21.360000610351562,21.420000076293945,21.31999969482422,21.420000076293945,13747,0.0,0.0,0.0
2022-11-04 14:30:00-04:00,21.420000076293945,21.530000686645508,21.420000076293945,21.489999771118164,33154,0.0,0.0,0.0
2022-11-04 15:30:00-04:00,21.479999542236328,21.540000915527344,21.479999542236328,21.540000915527344,8619,0.0,0.0,0.0
2022-11-07 09:30:00-05:00,21.639999389648438,21.640100479125977,21.510000228881836,21.516700744628906,18604,0.0,0.0,0.0
2022-11-07 10:30:00-05:00,21.530000686645508,21.56999969482422,21.510000228881836,21.559999465942383,81014,0.0,0.0,0.0
2022-11-07 11:30:00-05:00,21.59000015258789,21.59000015258789,21.51569938659668,21.559999465942383,1451,0.0,0.0,0.0
2022-11-07 12:30:00-05:00,21.56999969482422,21.6200008392334,21.559999465942383,21.6200008392334,11057,0.0,0.0,0.0
2022-11-07 13:30:00-05:00,21.621000289916992,21.649999618530273,21.600000381469727,21.649999618530273,7647,0.0,0.0,0.0
2022-11-07 14:30:00-05:00,21.665000915527344,21.665000915527344,21.6299991607666,21.640100479125977,28316,0.0,0.0,0.0
2022-11-07 15:30:00-05:00,21.614999771118164,21.6200008392334,21.540000915527344,21.549999237060547,18769,0.0,0.0,0.0
2022-11-08 09:30:00-05:00,21.56999969482422,21.690000534057617,21.530000686645508,21.690000534057617,0,0.0,0.0,0.0
2022-11-08 10:30:00-05:00,21.690000534057617,21.790000915527344,21.690000534057617,21.75,2887,0.0,0.0,0.0
2022-11-08 11:30:00-05:00,21.799999237060547,21.850000381469727,21.790000915527344,21.809999465942383,857665,0.0,0.0,0.0
2022-11-08 12:30:00-05:00,21.780000686645508,21.81999969482422,21.68000030517578,21.68000030517578,17624,0.0,0.0,0.0
2022-11-08 13:30:00-05:00,21.68000030517578,21.739999771118164,21.59000015258789,21.59000015258789,27466,0.0,0.0,0.0
2022-11-08 14:30:00-05:00,21.579999923706055,21.75,21.565000534057617,21.75,19515,0.0,0.0,0.0
2022-11-08 15:30:00-05:00,21.739999771118164,21.780000686645508,21.684999465942383,21.700000762939453,14534,0.0,0.0,0.0
2022-11-09 09:30:00-05:00,21.469999313354492,21.527299880981445,21.389999389648438,21.43000030517578,0,0.0,0.0,0.0
2022-11-09 10:30:00-05:00,21.450000762939453,21.489999771118164,21.360000610351562,21.479999542236328,34788,0.0,0.0,0.0
2022-11-09 11:30:00-05:00,21.479999542236328,21.489999771118164,21.420000076293945,21.420000076293945,9172,0.0,0.0,0.0
2022-11-09 12:30:00-05:00,21.450000762939453,21.450000762939453,21.399999618530273,21.399999618530273,4861,0.0,0.0,0.0
2022-11-09 13:30:00-05:00,21.344999313354492,21.350000381469727,21.30500030517578,21.329999923706055,8302,0.0,0.0,0.0
2022-11-09 14:30:00-05:00,21.295000076293945,21.329999923706055,21.260000228881836,21.299999237060547,58913,0.0,0.0,0.0
2022-11-09 15:30:00-05:00,21.290000915527344,21.290000915527344,21.270000457763672,21.270000457763672,5870,0.0,0.0,0.0
2022-11-10 09:30:00-05:00,22.149999618530273,22.290000915527344,22.025999069213867,22.280000686645508,0,0.0,0.0,0.0
2022-11-10 10:30:00-05:00,22.270000457763672,22.270000457763672,22.229999542236328,22.240100860595703,14549,0.0,0.0,0.0
2022-11-10 11:30:00-05:00,22.260000228881836,22.260000228881836,22.19499969482422,22.19499969482422,4832,0.0,0.0,0.0
2022-11-10 12:30:00-05:00,22.18000030517578,22.18000030517578,22.110000610351562,22.15999984741211,3998,0.0,0.0,0.0
2022-11-10 13:30:00-05:00,22.171199798583984,22.209999084472656,22.171199798583984,22.204999923706055,4389,0.0,0.0,0.0
2022-11-10 14:30:00-05:00,22.219900131225586,22.299999237060547,22.209999084472656,22.299999237060547,11637,0.0,0.0,0.0
2022-11-10 15:30:00-05:00,22.290000915527344,22.364999771118164,22.290000915527344,22.360000610351562,247695,0.0,0.0,0.0
2022-11-11 09:30:00-05:00,22.270000457763672,22.350000381469727,22.209999084472656,22.329999923706055,0,0.0,0.0,0.0
2022-11-11 10:30:00-05:00,22.31999969482422,22.34000015258789,22.260000228881836,22.290000915527344,21415,0.0,0.0,0.0
2022-11-11 11:30:00-05:00,22.280000686645508,22.365299224853516,22.25,22.360000610351562,33366,0.0,0.0,0.0
2022-11-11 12:30:00-05:00,22.3700008392334,22.44700050354004,22.350000381469727,22.44700050354004,26129,0.0,0.0,0.0
2022-11-11 13:30:00-05:00,22.450000762939453,22.490999221801758,22.434999465942383,22.490999221801758,23582,0.0,0.0,0.0
2022-11-11 14:30:00-05:00,22.500099182128906,22.514999389648438,22.43000030517578,22.459999084472656,83953,0.0,0.0,0.0
2022-11-11 15:30:00-05:00,22.460100173950195,22.479999542236328,22.440000534057617,22.450000762939453,12330,0.0,0.0,0.0
2022-11-14 09:30:00-05:00,22.360000610351562,22.520000457763672,22.360000610351562,22.43000030517578,0,0.0,0.0,0.0
2022-11-14 10:30:00-05:00,22.43000030517578,22.440000534057617,22.360000610351562,22.37310028076172,46551,0.0,0.0,0.0
2022-11-14 11:30:00-05:00,22.38949966430664,22.420000076293945,22.350000381469727,22.420000076293945,137821,0.0,0.0,0.0
2022-11-14 12:30:00-05:00,22.420000076293945,22.520000457763672,22.40999984741211,22.520000457763672,11000,0.0,0.0,0.0
2022-11-14 13:30:00-05:00,22.510000228881836,22.520000457763672,22.469999313354492,22.479999542236328,24811,0.0,0.0,0.0
2022-11-14 14:30:00-05:00,22.489999771118164,22.489999771118164,22.410400390625,22.440000534057617,19011,0.0,0.0,0.0
2022-11-14 15:30:00-05:00,22.44499969482422,22.450000762939453,22.31999969482422,22.329999923706055,48367,0.0,0.0,0.0
2022-11-15 09:30:00-05:00,22.729999542236328,22.770000457763672,22.64229965209961,22.670000076293945,0,0.0,0.0,0.0
2022-11-15 10:30:00-05:00,22.650999069213867,22.659900665283203,22.56999969482422,22.6200008392334,18409,0.0,0.0,0.0
2022-11-15 11:30:00-05:00,22.655000686645508,22.655000686645508,22.559999465942383,22.579999923706055,21568,0.0,0.0,0.0
2022-11-15 12:30:00-05:00,22.639999389648438,22.639999389648438,22.37190055847168,22.37190055847168,4343,0.0,0.0,0.0
2022-11-15 13:30:00-05:00,22.3799991607666,22.50790023803711,22.309999465942383,22.50790023803711,41128,0.0,0.0,0.0
2022-11-15 14:30:00-05:00,22.469999313354492,22.559999465942383,22.446699142456055,22.544700622558594,12950,0.0,0.0,0.0
2022-11-15 15:30:00-05:00,22.53019905090332,22.549999237060547,22.450000762939453,22.450000762939453,13441,0.0,0.0,0.0
2022-11-16 09:30:00-05:00,22.600000381469727,22.600000381469727,22.469999313354492,22.523500442504883,0,0.0,0.0,0.0
2022-11-16 10:30:00-05:00,22.541200637817383,22.56999969482422,22.532499313354492,22.559999465942383,6651,0.0,0.0,0.0
2022-11-16 11:30:00-05:00,22.575000762939453,22.575000762939453,22.520000457763672,22.530000686645508,7506,0.0,0.0,0.0
2022-11-16 12:30:00-05:00,22.540000915527344,22.600000381469727,22.520000457763672,22.520000457763672,11776,0.0,0.0,0.0
2022-11-16 13:30:00-05:00,22.5,22.530099868774414,22.469999313354492,22.530000686645508,11566,0.0,0.0,0.0
2022-11-16 14:30:00-05:00,22.520000457763672,22.565000534057617,22.510000228881836,22.540000915527344,38876,0.0,0.0,0.0
2022-11-16 15:30:00-05:00,22.559999465942383,22.579999923706055,22.540000915527344,22.540000915527344,1866,0.0,0.0,0.0
2022-11-17 09:30:00-05:00,22.309999465942383,22.440000534057617,22.309999465942383,22.440000534057617,0,0.0,0.0,0.0
2022-11-17 10:30:00-05:00,22.399999618530273,22.399999618530273,22.329999923706055,22.350000381469727,9965,0.0,0.0,0.0
2022-11-17 11:30:00-05:00,22.389999389648438,22.479999542236328,22.382299423217773,22.476600646972656,2398,0.0,0.0,0.0
2022-11-17 12:30:00-05:00,22.520000457763672,22.557199478149414,22.510000228881836,22.54640007019043,8307,0.0,0.0,0.0
2022-11-17 13:30:00-05:00,22.540000915527344,22.559999465942383,22.510000228881836,22.522600173950195,4206,0.0,0.0,0.0
2022-11-17 14:30:00-05:00,22.53499984741211,22.549999237060547,22.510000228881836,22.539600372314453,26068,0.0,0.0,0.0
2022-11-17 15:30:00-05:00,22.540000915527344,22.610000610351562,22.540000915527344,22.59000015258789,150154,0.0,0.0,0.0
2022-11-18 09:30:00-05:00,22.760000228881836,22.760000228881836,22.635000228881836,22.719999313354492,36699,0.0,0.0,0.0
2022-11-18 10:30:00-05:00,22.735000610351562,22.77989959716797,22.72010040283203,22.760000228881836,10474,0.0,0.0,0.0
2022-11-18 11:30:00-05:00,22.770000457763672,22.770000457763672,22.635000228881836,22.65999984741211,14736,0.0,0.0,0.0
2022-11-18 12:30:00-05:00,22.65999984741211,22.670000076293945,22.6299991607666,22.65999984741211,13263,0.0,0.0,0.0
2022-11-18 13:30:00-05:00,22.700000762939453,22.700000762939453,22.649999618530273,22.690000534057617,10608,0.0,0.0,0.0
2022-11-18 14:30:00-05:00,22.670000076293945,22.739999771118164,22.65999984741211,22.739999771118164,16024,0.0,0.0,0.0
2022-11-18 15:30:00-05:00,22.75,22.75,22.690000534057617,22.709999084472656,55938,0.0,0.0,0.0
2022-11-21 09:30:00-05:00,22.530000686645508,22.59000015258789,22.510000228881836,22.520000457763672,0,0.0,0.0,0.0
2022-11-21 10:30:00-05:00,22.514999389648438,22.520000457763672,22.459999084472656,22.500099182128906,68886,0.0,0.0,0.0
2022-11-21 11:30:00-05:00,22.510000228881836,22.559999465942383,22.500900268554688,22.559999465942383,8622,0.0,0.0,0.0
2022-11-21 12:30:00-05:00,22.5856990814209,22.5856990814209,22.579999923706055,22.579999923706055,1876,0.0,0.0,0.0
2022-11-21 13:30:00-05:00,22.635000228881836,22.649999618530273,22.6299991607666,22.639999389648438,4457,0.0,0.0,0.0
2022-11-21 14:30:00-05:00,22.640100479125977,22.649999618530273,22.6200008392334,22.6200008392334,19165,0.0,0.0,0.0
2022-11-21 15:30:00-05:00,22.627099990844727,22.65999984741211,22.6200008392334,22.6299991607666,19428,0.0,0.0,0.0
2022-11-22 09:30:00-05:00,22.809999465942383,22.920000076293945,22.799999237060547,22.90999984741211,0,0.0,0.0,0.0
2022-11-22 10:30:00-05:00,22.899999618530273,22.920000076293945,22.860000610351562,22.889999389648438,5699,0.0,0.0,0.0
2022-11-22 11:30:00-05:00,22.854999542236328,22.90999984741211,22.850000381469727,22.850000381469727,11075,0.0,0.0,0.0
2022-11-22 12:30:00-05:00,22.860000610351562,22.93000030517578,22.860000610351562,22.920000076293945,19705,0.0,0.0,0.0
2022-11-22 13:30:00-05:00,22.93000030517578,22.93000030517578,22.889999389648438,22.90999984741211,12056,0.0,0.0,0.0
2022-11-22 14:30:00-05:00,22.899999618530273,22.940000534057617,22.889999389648438,22.934999465942383,16713,0.0,0.0,0.0
2022-11-22 15:30:00-05:00,22.940000534057617,22.95400047302246,22.936199188232422,22.950000762939453,5835,0.0,0.0,0.0
2022-11-23 09:30:00-05:00,23.139999389648438,23.239999771118164,23.139999389648438,23.229999542236328,0,0.0,0.0,0.0
2022-11-23 10:30:00-05:00,23.239999771118164,23.315000534057617,23.239999771118164,23.309999465942383,3703,0.0,0.0,0.0
2022-11-23 11:30:00-05:00,23.299999237060547,23.299999237060547,23.200000762939453,23.229999542236328,10643,0.0,0.0,0.0
2022-11-23 12:30:00-05:00,23.21269989013672,23.21269989013672,23.18000030517578,23.204999923706055,4936,0.0,0.0,0.0
2022-11-23 13:30:00-05:00,23.225000381469727,23.309999465942383,23.225000381469727,23.299999237060547,8026,0.0,0.0,0.0
2022-11-23 14:30:00-05:00,23.270000457763672,23.309999465942383,23.239900588989258,23.299999237060547,81135,0.0,0.0,0.0
2022-11-23 15:30:00-05:00,23.289199829101562,23.299999237060547,23.280000686645508,23.299999237060547,10142,0.0,0.0,0.0
2022-11-25 09:30:00-05:00,23.360000610351562,23.395000457763672,23.350000381469727,23.3700008392334,0,0.0,0.0,0.0
2022-11-25 10:30:00-05:00,23.3700008392334,23.440000534057617,23.34000015258789,23.420000076293945,68271,0.0,0.0,0.0
2022-11-25 11:30:00-05:00,23.420000076293945,23.469999313354492,23.420000076293945,23.450000762939453,2778,0.0,0.0,0.0
2022-11-25 12:30:00-05:00,23.450000762939453,23.450000762939453,23.41080093383789,23.41080093383789,0,0.0,0.0,0.0
2022-11-28 09:30:00-05:00,23.299999237060547,23.3799991607666,23.260000228881836,23.360000610351562,127164,0.0,0.0,0.0
2022-11-28 10:30:00-05:00,23.360200881958008,23.360200881958008,23.290000915527344,23.309999465942383,7034,0.0,0.0,0.0
2022-11-28 11:30:00-05:00,23.280000686645508,23.309999465942383,23.25,23.290000915527344,3827,0.0,0.0,0.0
2022-11-28 12:30:00-05:00,23.28499984741211,23.29290008544922,23.200000762939453,23.225000381469727,13004,0.0,0.0,0.0
2022-11-28 13:30:00-05:00,23.19499969482422,23.19499969482422,23.135000228881836,23.135000228881836,2451,0.0,0.0,0.0
2022-11-28 14:30:00-05:00,23.139999389648438,23.139999389648438,23.09000015258789,23.094999313354492,38924,0.0,0.0,0.0
2022-11-28 15:30:00-05:00,23.09000015258789,23.110000610351562,23.088300704956055,23.110000610351562,2018,0.0,0.0,0.0
2022-11-29 09:30:00-05:00,23.219999313354492,23.3700008392334,23.219999313354492,23.356000900268555,0,0.0,0.0,0.0
2022-11-29 10:30:00-05:00,23.40999984741211,23.40999984741211,23.270000457763672,23.270000457763672,2853,0.0,0.0,0.0
2022-11-29 11:30:00-05:00,23.290000915527344,23.31999969482422,23.290000915527344,23.3031005859375,2099,0.0,0.0,0.0
2022-11-29 12:30:00-05:00,23.28499984741211,23.31999969482422,23.280000686645508,23.290000915527344,13153,0.0,0.0,0.0
2022-11-29 13:30:00-05:00,23.299999237060547,23.334999084472656,23.287900924682617,23.290000915527344,5839,0.0,0.0,0.0
2022-11-29 14:30:00-05:00,23.280000686645508,23.299999237060547,23.270000457763672,23.299999237060547,20886,0.0,0.0,0.0
2022-11-29 15:30:00-05:00,23.309999465942383,23.309999465942383,23.280000686645508,23.290000915527344,26943,0.0,0.0,0.0
2022-11-30 09:30:00-05:00,23.59000015258789,23.59000015258789,23.37619972229004,23.37619972229004,0,0.0,0.0,0.0
2022-11-30 10:30:00-05:00,23.389999389648438,23.395000457763672,23.3523006439209,23.395000457763672,4747,0.0,0.0,0.0
2022-11-30 11:30:00-05:00,23.395000457763672,23.405000686645508,23.354999542236328,23.354999542236328,17151,0.0,0.0,0.0
2022-11-30 12:30:00-05:00,23.329999923706055,23.334999084472656,23.290000915527344,23.31999969482422,4911,0.0,0.0,0.0
2022-11-30 13:30:00-05:00,23.299999237060547,23.65999984741211,23.299999237060547,23.649999618530273,17459,0.0,0.0,0.0
2022-11-30 14:30:00-05:00,23.65999984741211,23.735000610351562,23.639999389648438,23.735000610351562,7946,0.0,0.0,0.0
2022-11-30 15:30:00-05:00,23.760099411010742,23.760099411010742,23.68000030517578,23.690000534057617,0,0.0,0.0,0.0
2022-12-01 09:30:00-05:00,24.040000915527344,24.07110023498535,23.959999084472656,23.985000610351562,31788,0.0,0.0,0.0
2022-12-01 10:30:00-05:00,23.950000762939453,24.0,23.920000076293945,23.920000076293945,11488,0.0,0.0,0.0
2022-12-01 11:30:00-05:00,23.959999084472656,23.959999084472656,23.850099563598633,23.93000030517578,34274,0.0,0.0,0.0
2022-12-01 12:30:00-05:00,23.93709945678711,23.979999542236328,23.93000030517578,23.93000030517578,7293,0.0,0.0,0.0
2022-12-01 13:30:00-05:00,23.93000030517578,23.94219970703125,23.899999618530273,23.920000076293945,22712,0.0,0.0,0.0
2022-12-01 14:30:00-05:00,23.93000030517578,23.954999923706055,23.90999984741211,23.910999298095703,32212,0.0,0.0,0.0
2022-12-01 15:30:00-05:00,23.924999237060547,23.940000534057617,23.900100708007812,23.920000076293945,30453,0.0,0.0,0.0
2022-12-02 09:30:00-05:00,23.75,23.90999984741211,23.75,23.829999923706055,0,0.0,0.0,0.0
2022-12-02 10:30:00-05:00,23.84000015258789,23.934999465942383,23.84000015258789,23.934999465942383,26913,0.0,0.0,0.0
2022-12-02 11:30:00-05:00,23.920000076293945,24.020000457763672,23.920000076293945,23.989999771118164,32727,0.0,0.0,0.0
2022-12-02 12:30:00-05:00,23.985000610351562,23.985000610351562,23.94499969482422,23.959999084472656,19923,0.0,0.0,0.0
2022-12-02 13:30:00-05:00,23.969999313354492,23.979999542236328,23.920000076293945,23.954999923706055,0,0.0,0.0,0.0
2022-12-02 14:30:00-05:00,23.954999923706055,24.040000915527344,23.947500228881836,24.014999389648438,205001,0.0,0.0,0.0
2022-12-02 15:30:00-05:00,24.020000457763672,24.020000457763672,23.950000762939453,23.969999313354492,39151,0.0,0.0,0.0
2022-12-05 09:30:00-05:00,23.989999771118164,24.059999465942383,23.8799991607666,23.920000076293945,18376,0.0,0.0,0.0
2022-12-05 10:30:00-05:00,23.8799991607666,23.940000534057617,23.860000610351562,23.860000610351562,72617,0.0,0.0,0.0
2022-12-05 11:30:00-05:00,23.850000381469727,23.850000381469727,23.774999618530273,23.829999923706055,10086,0.0,0.0,0.0
2022-12-05 12:30:00-05:00,23.829999923706055,23.829999923706055,23.790000915527344,23.809999465942383,3984,0.0,0.0,0.0
2022-12-05 13:30:00-05:00,23.809999465942383,23.81999969482422,23.729999542236328,23.75,11886,0.0,0.0,0.0
2022-12-05 14:30:00-05:00,23.725000381469727,23.7549991607666,23.709999084472656,23.729999542236328,23312,0.0,0.0,0.0
2022-12-05 15:30:00-05:00,23.739999771118164,23.790000915527344,23.739999771118164,23.770000457763672,6389,0.0,0.0,0.0
2022-12-06 09:30:00-05:00,23.729999542236328,23.829999923706055,23.719999313354492,23.739999771118164,0,0.0,0.0,0.0
2022-12-06 10:30:00-05:00,23.709999084472656,23.860000610351562,23.700000762939453,23.83009910583496,9370,0.0,0.0,0.0
2022-12-06 11:30:00-05:00,23.829999923706055,23.829999923706055,23.690000534057617,23.704999923706055,16703,0.0,0.0,0.0
2022-12-06 12:30:00-05:00,23.700000762939453,23.700000762939453,23.59000015258789,23.59429931640625,6024,0.0,0.0,0.0
2022-12-06 13:30:00-05:00,23.59000015258789,23.710500717163086,23.59000015258789,23.710500717163086,21199,0.0,0.0,0.0
2022-12-06 14:30:00-05:00,23.690000534057617,23.700000762939453,23.65250015258789,23.670000076293945,31851,0.0,0.0,0.0
2022-12-06 15:30:00-05:00,23.68000030517578,23.709999084472656,23.68000030517578,23.709999084472656,0,0.0,0.0,0.0
2022-12-07 09:30:00-05:00,23.739999771118164,23.809999465942383,23.690000534057617,23.760000228881836,45714,0.0,0.0,0.0
2022-12-07 10:30:00-05:00,23.809999465942383,23.809999465942383,23.6200008392334,23.6200008392334,17066,0.0,0.0,0.0
2022-12-07 11:30:00-05:00,23.610000610351562,23.700000762939453,23.600000381469727,23.690000534057617,7458,0.0,0.0,0.0
2022-12-07 12:30:00-05:00,23.68000030517578,23.739999771118164,23.670000076293945,23.729999542236328,15329,0.0,0.0,0.0
2022-12-07 13:30:00-05:00,23.709999084472656,23.710100173950195,23.639999389648438,23.68000030517578,11785,0.0,0.0,0.0
2022-12-07 14:30:00-05:00,23.674999237060547,23.700000762939453,23.645000457763672,23.655000686645508,38759,0.0,0.0,0.0
2022-12-07 15:30:00-05:00,23.65999984741211,23.690000534057617,23.649999618530273,23.649999618530273,33157,0.0,0.0,0.0
2022-12-08 09:30:00-05:00,23.65999984741211,23.70669937133789,23.56999969482422,23.649999618530273,0,0.0,0.0,0.0
2022-12-08 10:30:00-05:00,23.649999618530273,23.65999984741211,23.6200008392334,23.659900665283203,25679,0.0,0.0,0.0
2022-12-08 11:30:00-05:00,23.645000457763672,23.659900665283203,23.610000610351562,23.635000228881836,10865,0.0,0.0,0.0
2022-12-08 12:30:00-05:00,23.6299991607666,23.68000030517578,23.6299991607666,23.68000030517578,8268,0.0,0.0,0.0
2022-12-08 13:30:00-05:00,23.690000534057617,23.700000762939453,23.6299991607666,23.649999618530273,9172,0.0,0.0,0.0
2022-12-08 14:30:00-05:00,23.639999389648438,23.665000915527344,23.6299991607666,23.65999984741211,22964,0.0,0.0,0.0
2022-12-08 15:30:00-05:00,23.65999984741211,23.670000076293945,23.6299991607666,23.65999984741211,6199,0.0,0.0,0.0
2022-12-09 09:30:00-05:00,23.709999084472656,23.780000686645508,23.69499969482422,23.709999084472656,0,0.0,0.0,0.0
2022-12-09 10:30:00-05:00,23.736499786376953,23.799999237060547,23.719999313354492,23.799999237060547,18215,0.0,0.0,0.0
2022-12-09 11:30:00-05:00,23.790000915527344,23.834699630737305,23.760000228881836,23.760000228881836,3820,0.0,0.0,0.0
2022-12-09 12:30:00-05:00,23.770000457763672,23.780000686645508,23.709999084472656,23.729999542236328,11518,0.0,0.0,0.0
2022-12-09 13:30:00-05:00,23.729999542236328,23.75,23.700000762939453,23.7450008392334,19244,0.0,0.0,0.0
2022-12-09 14:30:00-05:00,23.739999771118164,23.75,23.719999313354492,23.719999313354492,17779,0.0,0.0,0.0
2022-12-09 15:30:00-05:00,23.709999084472656,23.719999313354492,23.639999389648438,23.65999984741211,7927,0.0,0.0,0.0
2022-12-12 09:30:00-05:00,23.6299991607666,23.685400009155273,23.6200008392334,23.649999618530273,0,0.0,0.0,0.0
2022-12-12 10:30:00-05:00,23.65999984741211,23.68000030517578,23.579999923706055,23.6299991607666,111190,0.0,0.0,0.0
2022-12-12 11:30:00-05:00,23.625,23.670000076293945,23.625,23.649999618530273,6569,0.0,0.0,0.0
2022-12-12 12:30:00-05:00,23.649999618530273,23.65999984741211,23.610000610351562,23.61639976501465,26728,0.0,0.0,0.0
2022-12-12 13:30:00-05:00,23.610000610351562,23.6299991607666,23.59000015258789,23.600000381469727,13967,0.0,0.0,0.0
2022-12-12 14:30:00-05:00,23.610000610351562,23.68000030517578,23.604999542236328,23.68000030517578,23256,0.0,0.0,0.0
2022-12-12 15:30:00-05:00,23.700000762939453,23.719999313354492,23.68000030517578,23.704999923706055,0,0.0,0.0,0.0
2022-12-13 09:30:00-05:00,24.229999542236328,24.290000915527344,24.1200008392334,24.1200008392334,57963,0.0,0.0,0.0
2022-12-13 10:30:00-05:00,24.1200008392334,24.15999984741211,24.0049991607666,24.0049991607666,14213,0.0,0.0,0.0
2022-12-13 11:30:00-05:00,24.049999237060547,24.049999237060547,23.920000076293945,23.940000534057617,39530,0.0,0.0,0.0
2022-12-13 12:30:00-05:00,23.93000030517578,23.979999542236328,23.8799991607666,23.959999084472656,71389,0.0,0.0,0.0
2022-12-13 13:30:00-05:00,23.969999313354492,23.979999542236328,23.899999618530273,23.940000534057617,8040,0.0,0.0,0.0
2022-12-13 14:30:00-05:00,23.969999313354492,24.0,23.895000457763672,23.959999084472656,51622,0.0,0.0,0.0
2022-12-13 15:30:00-05:00,23.989999771118164,24.0,23.940000534057617,23.940000534057617,5985,0.0,0.0,0.0
2022-12-14 09:30:00-05:00,23.959999084472656,24.02989959716797,23.959999084472656,24.0,0,0.0,0.0,0.0
2022-12-14 10:30:00-05:00,24.0,24.100000381469727,24.0,24.100000381469727,4466,0.0,0.0,0.0
2022-12-14 11:30:00-05:00,24.09000015258789,24.110000610351562,24.065000534057617,24.065000534057617,4623,0.0,0.0,0.0
2022-12-14 12:30:00-05:00,24.079999923706055,24.1200008392334,24.06999969482422,24.11709976196289,5936,0.0,0.0,0.0
2022-12-14 13:30:00-05:00,24.170000076293945,24.170000076293945,23.90999984741211,23.950000762939453,45685,0.0,0.0,0.0
2022-12-14 14:30:00-05:00,23.959999084472656,24.13990020751953,23.84000015258789,24.030000686645508,48314,0.0,0.0,0.0
2022-12-14 15:30:00-05:00,24.0,24.059999465942383,23.969999313354492,23.979999542236328,8007,0.0,0.0,0.0
2022-12-15 09:30:00-05:00,23.770000457763672,23.770000457763672,23.540000915527344,23.559999465942383,53050,0.0,0.0,0.0
2022-12-15 10:30:00-05:00,23.559999465942383,23.609899520874023,23.489999771118164,23.489999771118164,10101,0.0,0.0,0.0
2022-12-15 11:30:00-05:00,23.479999542236328,23.5,23.459999084472656,23.46500015258789,37702,0.0,0.0,0.0
2022-12-15 12:30:00-05:00,23.485000610351562,23.4950008392334,23.395000457763672,23.415000915527344,3121,0.0,0.0,0.0
2022-12-15 13:30:00-05:00,23.40999984741211,23.447900772094727,23.40999984741211,23.440000534057617,67272,0.0,0.0,0.0
2022-12-15 14:30:00-05:00,23.450000762939453,23.489999771118164,23.450000762939453,23.48189926147461,39907,0.0,0.0,0.0
2022-12-15 15:30:00-05:00,23.489999771118164,23.490100860595703,23.459999084472656,23.479999542236328,15216,0.0,0.0,0.0
2022-12-16 09:30:00-05:00,22.700000762939453,22.71269989013672,22.540000915527344,22.540000915527344,0,0.0,0.0,0.0
2022-12-16 10:30:00-05:00,22.540000915527344,22.62310028076172,22.510000228881836,22.58989906311035,53278,0.0,0.0,0.0
2022-12-16 11:30:00-05:00,22.6200008392334,22.6200008392334,22.56999969482422,22.610000610351562,26292,0.0,0.0,0.0
2022-12-16 12:30:00-05:00,22.6200008392334,22.639999389648438,22.579999923706055,22.579999923706055,19687,0.0,0.0,0.0
2022-12-16 13:30:00-05:00,22.579999923706055,22.614999771118164,22.579999923706055,22.600000381469727,20124,0.0,0.0,0.0
2022-12-16 14:30:00-05:00,22.579999923706055,22.649999618530273,22.579999923706055,22.649999618530273,38332,0.0,0.0,0.0
2022-12-16 15:30:00-05:00,22.65999984741211,22.670000076293945,22.6200008392334,22.639999389648438,14179,0.0,0.0,0.0
2022-12-19 09:30:00-05:00,22.790000915527344,22.795900344848633,22.71500015258789,22.770000457763672,0,0.0,0.0,0.0
2022-12-19 10:30:00-05:00,22.760000228881836,22.760000228881836,22.6299991607666,22.719999313354492,90163,0.0,0.0,0.0
2022-12-19 11:30:00-05:00,22.729999542236328,22.735000610351562,22.690000534057617,22.729999542236328,11599,0.0,0.0,0.0
2022-12-19 12:30:00-05:00,22.729999542236328,22.75,22.709999084472656,22.710100173950195,13891,0.0,0.0,0.0
2022-12-19 13:30:00-05:00,22.700000762939453,22.700000762939453,22.594999313354492,22.594999313354492,18538,0.0,0.0,0.0
2022-12-19 14:30:00-05:00,22.600000381469727,22.625,22.579999923706055,22.604999542236328,37967,0.0,0.0,0.0
2022-12-19 15:30:00-05:00,22.600000381469727,22.639999389648438,22.600000381469727,22.6299991607666,7271,0.0,0.0,0.0
2022-12-20 09:30:00-05:00,22.68000030517578,22.75,22.61090087890625,22.739999771118164,0,0.0,0.0,0.0
2022-12-20 10:30:00-05:00,22.739999771118164,22.760000228881836,22.639999389648438,22.639999389648438,27935,0.0,0.0,0.0
2022-12-20 11:30:00-05:00,22.649099349975586,22.719999313354492,22.649099349975586,22.709999084472656,9256,0.0,0.0,0.0
2022-12-20 12:30:00-05:00,22.704999923706055,22.729999542236328,22.690000534057617,22.729999542236328,21928,0.0,0.0,0.0
2022-12-20 13:30:00-05:00,22.75,22.752199172973633,22.719999313354492,22.72010040283203,7329,0.0,0.0,0.0
2022-12-20 14:30:00-05:00,22.739999771118164,22.739999771118164,22.71500015258789,22.735000610351562,15910,0.0,0.0,0.0
2022-12-20 15:30:00-05:00,22.75189971923828,22.757699966430664,22.719999313354492,22.729999542236328,8035,0.0,0.0,0.0
2022-12-21 09:30:00-05:00,22.850000381469727,22.898300170898438,22.81999969482422,22.898300170898438,0,0.0,0.0,0.0
2022-12-21 10:30:00-05:00,22.926599502563477,22.969999313354492,22.926599502563477,22.954999923706055,28606,0.0,0.0,0.0
2022-12-21 11:30:00-05:00,22.952800750732422,22.979999542236328,22.90999984741211,22.93000030517578,9523,0.0,0.0,0.0
2022-12-21 12:30:00-05:00,22.950000762939453,22.979999542236328,22.950000762939453,22.967899322509766,1571,0.0,0.0,0.0
2022-12-21 13:30:00-05:00,22.96500015258789,23.03499984741211,22.96500015258789,23.019800186157227,9555,0.0,0.0,0.0
2022-12-21 14:30:00-05:00,23.017000198364258,23.017000198364258,22.979999542236328,22.9950008392334,19866,0.0,0.0,0.0
2022-12-21 15:30:00-05:00,22.985000610351562,22.985000610351562,22.969999313354492,22.969999313354492,12965,0.0,0.0,0.0
2022-12-22 09:30:00-05:00,22.90999984741211,22.90999984741211,22.760000228881836,22.780000686645508,0,0.0,0.0,0.0
2022-12-22 10:30:00-05:00,22.739999771118164,22.809999465942383,22.729999542236328,22.75,2335861,0.0,0.0,0.0
2022-12-22 11:30:00-05:00,22.770000457763672,22.783199310302734,22.725000381469727,22.729999542236328,7227,0.0,0.0,0.0
2022-12-22 12:30:00-05:00,22.674999237060547,22.674999237060547,22.635000228881836,22.635000228881836,7494,0.0,0.0,0.0
2022-12-22 13:30:00-05:00,22.610000610351562,22.670000076293945,22.603599548339844,22.65999984741211,31075,0.0,0.0,0.0
2022-12-22 14:30:00-05:00,22.670000076293945,22.790000915527344,22.670000076293945,22.790000915527344,35455,0.0,0.0,0.0
2022-12-22 15:30:00-05:00,22.77829933166504,22.829999923706055,22.760000228881836,22.829999923706055,8071,0.0,0.0,0.0
2022-12-23 09:30:00-05:00,22.84000015258789,22.899999618530273,22.74020004272461,22.8799991607666,0,0.0,0.0,0.0
2022-12-23 10:30:00-05:00,22.920000076293945,22.96500015258789,22.847999572753906,22.8700008392334,59178,0.0,0.0,0.0
2022-12-23 11:30:00-05:00,22.875,22.920000076293945,22.860000610351562,22.90999984741211,11581,0.0,0.0,0.0
2022-12-23 12:30:00-05:00,22.920000076293945,22.920000076293945,22.8700008392334,22.8700008392334,654,0.0,0.0,0.0
2022-12-23 13:30:00-05:00,22.86709976196289,22.86709976196289,22.84000015258789,22.860000610351562,11252,0.0,0.0,0.0
2022-12-23 14:30:00-05:00,22.8700008392334,22.924999237060547,22.864999771118164,22.899999618530273,20850,0.0,0.0,0.0
2022-12-23 15:30:00-05:00,22.889999389648438,22.96500015258789,22.889999389648438,22.950000762939453,5268,0.0,0.0,0.0
2022-12-27 09:30:00-05:00,23.079999923706055,23.079999923706055,22.889999389648438,23.00149917602539,0,0.0,0.0,0.0
2022-12-27 10:30:00-05:00,22.985000610351562,22.985000610351562,22.93000030517578,22.95709991455078,6600,0.0,0.0,0.0
2022-12-27 11:30:00-05:00,22.950000762939453,22.978200912475586,22.950000762939453,22.975000381469727,7199,0.0,0.0,0.0
2022-12-27 12:30:00-05:00,22.94499969482422,22.954999923706055,22.934999465942383,22.954999923706055,6254,0.0,0.0,0.0
2022-12-27 13:30:00-05:00,22.9783992767334,22.9783992767334,22.934999465942383,22.934999465942383,5454,0.0,0.0,0.0
2022-12-27 14:30:00-05:00,22.90999984741211,22.964000701904297,22.899999618530273,22.964000701904297,17874,0.0,0.0,0.0
2022-12-27 15:30:00-05:00,22.978900909423828,22.978900909423828,22.94499969482422,22.94499969482422,4094,0.0,0.0,0.0
2022-12-28 09:30:00-05:00,23.170000076293945,23.170000076293945,22.969999313354492,22.969999313354492,0,0.0,0.0,0.0
2022-12-28 10:30:00-05:00,22.959999084472656,22.959999084472656,22.8799991607666,22.899999618530273,21078,0.0,0.0,0.0
2022-12-28 11:30:00-05:00,22.8799991607666,22.892000198364258,22.82990074157715,22.84000015258789,19817,0.0,0.0,0.0
2022-12-28 12:30:00-05:00,22.864999771118164,22.950000762939453,22.864999771118164,22.936899185180664,4123,0.0,0.0,0.0
2022-12-28 13:30:00-05:00,22.899999618530273,22.899999618530273,22.84000015258789,22.862899780273438,36348,0.0,0.0,0.0
2022-12-28 14:30:00-05:00,22.860000610351562,22.8799991607666,22.809600830078125,22.809999465942383,125535,0.0,0.0,0.0
2022-12-28 15:30:00-05:00,22.81999969482422,22.81999969482422,22.7721004486084,22.780000686645508,27029,0.0,0.0,0.0
2022-12-29 09:30:00-05:00,22.940000534057617,22.94529914855957,22.889999389648438,22.93000030517578,0,0.0,0.0,0.0
2022-12-29 10:30:00-05:00,22.940000534057617,22.979999542236328,22.940000534057617,22.969999313354492,46650,0.0,0.0,0.0
2022-12-29 11:30:00-05:00,22.979999542236328,23.020000457763672,22.979999542236328,22.9950008392334,13039,0.0,0.0,0.0
2022-12-29 12:30:00-05:00,22.9950008392334,23.020000457763672,22.979999542236328,23.010000228881836,3510,0.0,0.0,0.0
2022-12-29 13:30:00-05:00,23.010000228881836,23.020000457763672,23.00160026550293,23.010000228881836,16715,0.0,0.0,0.0
2022-12-29 14:30:00-05:00,23.0,23.014999389648438,22.975000381469727,22.985000610351562,15244,0.0,0.0,0.0
2022-12-29 15:30:00-05:00,22.979999542236328,23.0,22.959999084472656,22.959999084472656,2888,0.0,0.0,0.0
2022-12-30 09:30:00-05:00,22.889999389648438,22.93000030517578,22.834999084472656,22.860000610351562,0,0.0,0.0,0.0
2022-12-30 10:30:00-05:00,22.84000015258789,22.860000610351562,22.799999237060547,22.809999465942383,26738,0.0,0.0,0.0
2022-12-30 11:30:00-05:00,22.813600540161133,22.81999969482422,22.790000915527344,22.809999465942383,8760,0.0,0.0,0.0
2022-12-30 12:30:00-05:00,22.834999084472656,22.860000610351562,22.780000686645508,22.780000686645508,7470,0.0,0.0,0.0
2022-12-30 13:30:00-05:00,22.790000915527344,22.799999237060547,22.780000686645508,22.780000686645508,6060,0.0,0.0,0.0
2022-12-30 14:30:00-05:00,22.790000915527344,22.809999465942383,22.770000457763672,22.809999465942383,2785,0.0,0.0,0.0
2022-12-30 15:30:00-05:00,22.84000015258789,22.8799991607666,22.84000015258789,22.8799991607666,21000,0.0,0.0,0.0
2023-01-03 09:30:00-05:00,23.010000228881836,23.146900177001953,23.0,23.001300811767578,23926,0.0,0.0,0.0
2023-01-03 10:30:00-05:00,23.0,23.100000381469727,22.959999084472656,22.979999542236328,57732,0.0,0.0,0.0
2023-01-03 11:30:00-05:00,22.950000762939453,22.954999923706055,22.90999984741211,22.923200607299805,0,0.0,0.0,0.0
2023-01-03 12:30:00-05:00,22.915000915527344,22.969999313354492,22.8799991607666,22.969999313354492,104964,0.0,0.0,0.0
2023-01-03 13:30:00-05:00,22.959999084472656,22.969999313354492,22.920000076293945,22.920000076293945,3315,0.0,0.0,0.0
2023-01-03 14:30:00-05:00,22.91010093688965,23.0,22.91010093688965,22.950000762939453,8464,0.0,0.0,0.0
2023-01-03 15:30:00-05:00,22.959999084472656,22.979999542236328,22.959999084472656,22.979999542236328,2601,0.0,0.0,0.0
2023-01-04 09:30:00-05:00,23.15999984741211,23.229999542236328,23.068300247192383,23.100000381469727,62121,0.0,0.0,0.0
2023-01-04 10:30:00-05:00,23.110000610351562,23.188899993896484,23.110000610351562,23.110000610351562,10305,0.0,0.0,0.0
2023-01-04 11:30:00-05:00,23.15999984741211,23.249900817871094,23.15999984741211,23.239999771118164,5067,0.0,0.0,0.0
2023-01-04 12:30:00-05:00,23.25,23.260000228881836,23.22010040283203,23.239999771118164,2665,0.0,0.0,0.0
2023-01-04 13:30:00-05:00,23.219999313354492,23.229999542236328,23.15999984741211,23.15999984741211,20387,0.0,0.0,0.0
2023-01-04 14:30:00-05:00,23.139999389648438,23.200000762939453,23.128299713134766,23.190000534057617,12135,0.0,0.0,0.0
2023-01-04 15:30:00-05:00,23.18000030517578,23.19499969482422,23.139999389648438,23.190000534057617,5855,0.0,0.0,0.0
2023-01-05 09:30:00-05:00,23.049999237060547,23.1200008392334,23.041799545288086,23.06999969482422,28789,0.0,0.0,0.0
2023-01-05 10:30:00-05:00,23.051000595092773,23.079999923706055,23.040000915527344,23.079999923706055,4116,0.0,0.0,0.0
2023-01-05 11:30:00-05:00,23.059999465942383,23.09000015258789,23.040000915527344,23.09000015258789,1932,0.0,0.0,0.0
2023-01-05 12:30:00-05:00,23.100000381469727,23.1299991607666,23.09000015258789,23.125,4709,0.0,0.0,0.0
2023-01-05 13:30:00-05:00,23.1299991607666,23.149999618530273,23.1200008392334,23.1200008392334,12101,0.0,0.0,0.0
2023-01-05 14:30:00-05:00,23.110000610351562,23.149999618530273,23.09000015258789,23.09000015258789,13764,0.0,0.0,0.0
2023-01-05 15:30:00-05:00,23.093000411987305,23.100000381469727,23.079999923706055,23.079999923706055,4393,0.0,0.0,0.0
2023-01-06 09:30:00-05:00,23.200000762939453,23.43000030517578,23.139999389648438,23.420000076293945,0,0.0,0.0,0.0
2023-01-06 10:30:00-05:00,23.399999618530273,23.541500091552734,23.399999618530273,23.541500091552734,10163,0.0,0.0,0.0
2023-01-06 11:30:00-05:00,23.56999969482422,23.600000381469727,23.56999969482422,23.579999923706055,99464,0.0,0.0,0.0
2023-01-06 12:30:00-05:00,23.59000015258789,23.6299991607666,23.59000015258789,23.6299991607666,3903,0.0,0.0,0.0
2023-01-06 13:30:00-05:00,23.6299991607666,23.68000030517578,23.6200008392334,23.68000030517578,13125,0.0,0.0,0.0
2023-01-06 14:30:00-05:00,23.690000534057617,23.709999084472656,23.690000534057617,23.690000534057617,6947,0.0,0.0,0.0
2023-01-06 15:30:00-05:00,23.690000534057617,23.709999084472656,23.682300567626953,23.690000534057617,8106,0.0,0.0,0.0
2023-01-09 09:30:00-05:00,23.8700008392334,23.893600463867188,23.800100326538086,23.8799991607666,0,0.0,0.0,0.0
2023-01-09 10:30:00-05:00,23.90999984741211,23.93000030517578,23.889999389648438,23.920000076293945,149118,0.0,0.0,0.0
2023-01-09 11:30:00-05:00,23.911500930786133,23.93000030517578,23.860000610351562,23.8700008392334,77745,0.0,0.0,0.0
2023-01-09 12:30:00-05:00,23.8700008392334,23.8799991607666,23.84000015258789,23.8700008392334,19055,0.0,0.0,0.0
2023-01-09 13:30:00-05:00,23.875,23.8799991607666,23.790000915527344,23.850000381469727,27682,0.0,0.0,0.0
2023-01-09 14:30:00-05:00,23.850000381469727,23.850000381469727,23.780000686645508,23.780000686645508,41677,0.0,0.0,0.0
2023-01-09 15:30:00-05:00,23.770000457763672,23.790000915527344,23.75,23.75,14078,0.0,0.0,0.0
2023-01-10 09:30:00-05:00,23.780000686645508,23.815000534057617,23.739999771118164,23.770000457763672,0,0.0,0.0,0.0
2023-01-10 10:30:00-05:00,23.749900817871094,23.7903995513916,23.719200134277344,23.764999389648438,6556,0.0,0.0,0.0
2023-01-10 11:30:00-05:00,23.77079963684082,23.774999618530273,23.739999771118164,23.774999618530273,28229,0.0,0.0,0.0
2023-01-10 12:30:00-05:00,23.780000686645508,23.790000915527344,23.760000228881836,23.770000457763672,15741,0.0,0.0,0.0
2023-01-10 13:30:00-05:00,23.770000457763672,23.829999923706055,23.770000457763672,23.81100082397461,5335,0.0,0.0,0.0
2023-01-10 14:30:00-05:00,23.825000762939453,23.825000762939453,23.799999237060547,23.809999465942383,3856,0.0,0.0,0.0
2023-01-10 15:30:00-05:00,23.809999465942383,23.815000534057617,23.799999237060547,23.809999465942383,14531,0.0,0.0,0.0
2023-01-11 09:30:00-05:00,23.93000030517578,23.93000030517578,23.8700008392334,23.8799991607666,0,0.0,0.0,0.0
2023-01-11 10:30:00-05:00,23.8700008392334,23.8700008392334,23.780000686645508,23.790000915527344,7855,0.0,0.0,0.0
2023-01-11 11:30:00-05:00,23.790000915527344,23.816099166870117,23.790000915527344,23.816099166870117,4371,0.0,0.0,0.0
2023-01-11 12:30:00-05:00,23.809999465942383,23.8700008392334,23.80500030517578,23.829999923706055,7802,0.0,0.0,0.0
2023-01-11 13:30:00-05:00,23.8700008392334,23.8700008392334,23.843000411987305,23.843000411987305,2901,0.0,0.0,0.0
2023-01-11 14:30:00-05:00,23.889999389648438,23.905000686645508,23.88450050354004,23.905000686645508,2565,0.0,0.0,0.0
2023-01-11 15:30:00-05:00,23.899999618530273,23.920000076293945,23.895000457763672,23.90999984741211,10013,0.0,0.0,0.0
2023-01-12 09:30:00-05:00,24.110000610351562,24.110000610351562,23.829999923706055,24.059999465942383,0,0.0,0.0,0.0
2023-01-12 10:30:00-05:00,24.030000686645508,24.139999389648438,24.020000457763672,24.120100021362305,24628,0.0,0.0,0.0
2023-01-12 11:30:00-05:00,24.1200008392334,24.200000762939453,24.079999923706055,24.19499969482422,7071,0.0,0.0,0.0
2023-01-12 12:30:00-05:00,24.229999542236328,24.280000686645508,24.229999542236328,24.229999542236328,8216,0.0,0.0,0.0
2023-01-12 13:30:00-05:00,24.19499969482422,24.270000457763672,24.19499969482422,24.229999542236328,13280,0.0,0.0,0.0
2023-01-12 14:30:00-05:00,24.204999923706055,24.235000610351562,24.204999923706055,24.219999313354492,964,0.0,0.0,0.0
2023-01-12 15:30:00-05:00,24.19499969482422,24.219999313354492,24.19499969482422,24.219999313354492,1467,0.0,0.0,0.0
2023-01-13 09:30:00-05:00,24.170000076293945,24.3799991607666,24.170000076293945,24.360000610351562,0,0.0,0.0,0.0
2023-01-13 10:30:00-05:00,24.360000610351562,24.360000610351562,24.299999237060547,24.344999313354492,49217,0.0,0.0,0.0
2023-01-13 11:30:00-05:00,24.329999923706055,24.34000015258789,24.270099639892578,24.33300018310547,5963,0.0,0.0,0.0
2023-01-13 12:30:00-05:00,24.350000381469727,24.354999542236328,24.329999923706055,24.34000015258789,4470,0.0,0.0,0.0
2023-01-13 13:30:00-05:00,24.350000381469727,24.395000457763672,24.350000381469727,24.370100021362305,21414,0.0,0.0,0.0
2023-01-13 14:30:00-05:00,24.38010025024414,24.399999618530273,24.38010025024414,24.399999618530273,1024,0.0,0.0,0.0
2023-01-13 15:30:00-05:00,24.420000076293945,24.420000076293945,24.405000686645508,24.40999984741211,10786,0.0,0.0,0.0
2023-01-17 09:30:00-05:00,24.469999313354492,24.559999465942383,24.454999923706055,24.469999313354492,0,0.0,0.0,0.0
2023-01-17 10:30:00-05:00,24.444599151611328,24.479999542236328,24.40999984741211,24.459999084472656,83364,0.0,0.0,0.0
2023-01-17 11:30:00-05:00,24.459999084472656,24.479999542236328,24.43000030517578,24.43670082092285,14444,0.0,0.0,0.0
2023-01-17 12:30:00-05:00,24.440000534057617,24.469999313354492,24.420000076293945,24.450000762939453,4131,0.0,0.0,0.0
2023-01-17 13:30:00-05:00,24.450000762939453,24.469999313354492,24.434999465942383,24.459999084472656,12491,0.0,0.0,0.0
2023-01-17 14:30:00-05:00,24.479999542236328,24.510000228881836,24.459999084472656,24.469999313354492,9922,0.0,0.0,0.0
2023-01-17 15:30:00-05:00,24.46500015258789,24.479999542236328,24.452999114990234,24.459999084472656,7438,0.0,0.0,0.0
2023-01-18 09:30:00-05:00,24.770000457763672,24.770000457763672,24.670000076293945,24.68000030517578,0,0.0,0.0,0.0
2023-01-18 10:30:00-05:00,24.690000534057617,24.690000534057617,24.559999465942383,24.56999969482422,6024,0.0,0.0,0.0
2023-01-18 11:30:00-05:00,24.549999237060547,24.549999237060547,24.479999542236328,24.479999542236328,3141,0.0,0.0,0.0
2023-01-18 12:30:00-05:00,24.461000442504883,24.461000442504883,24.41320037841797,24.420000076293945,75090,0.0,0.0,0.0
2023-01-18 13:30:00-05:00,24.440000534057617,24.459999084472656,24.415000915527344,24.44499969482422,10581,0.0,0.0,0.0
2023-01-18 14:30:00-05:00,24.457399368286133,24.465499877929688,24.43000030517578,24.440000534057617,7657,0.0,0.0,0.0
2023-01-18 15:30:00-05:00,24.43000030517578,24.43000030517578,24.389999389648438,24.399999618530273,83203,0.0,0.0,0.0
2023-01-19 09:30:00-05:00,24.290000915527344,24.350000381469727,24.280000686645508,24.350000381469727,0,0.0,0.0,0.0
2023-01-19 10:30:00-05:00,24.34000015258789,24.354999542236328,24.310199737548828,24.310199737548828,7938,0.0,0.0,0.0
2023-01-19 11:30:00-05:00,24.309999465942383,24.385000228881836,24.290000915527344,24.34000015258789,6700,0.0,0.0,0.0
2023-01-19 12:30:00-05:00,24.354999542236328,24.389999389648438,24.329999923706055,24.3700008392334,22763,0.0,0.0,0.0
2023-01-19 13:30:00-05:00,24.399999618530273,24.44499969482422,24.399999618530273,24.440000534057617,1424705,0.0,0.0,0.0
2023-01-19 14:30:00-05:00,24.45330047607422,24.479999542236328,24.452999114990234,24.479999542236328,5712,0.0,0.0,0.0
2023-01-19 15:30:00-05:00,24.47640037536621,24.47640037536621,24.420000076293945,24.420000076293945,3673,0.0,0.0,0.0
2023-01-20 09:30:00-05:00,24.399999618530273,24.420000076293945,24.299999237060547,24.420000076293945,0,0.0,0.0,0.0
2023-01-20 10:30:00-05:00,24.434999465942383,24.440000534057617,24.3799991607666,24.405000686645508,3442,0.0,0.0,0.0
2023-01-20 11:30:00-05:00,24.415000915527344,24.424999237060547,24.3700008392334,24.389999389648438,1913,0.0,0.0,0.0
2023-01-20 12:30:00-05:00,24.38629913330078,24.43000030517578,24.3799991607666,24.3799991607666,11502,0.0,0.0,0.0
2023-01-20 13:30:00-05:00,24.381399154663086,24.450000762939453,24.381399154663086,24.450000762939453,24801,0.0,0.0,0.0
2023-01-20 14:30:00-05:00,24.459999084472656,24.492399215698242,24.456199645996094,24.475000381469727,4761,0.0,0.0,0.0
2023-01-20 15:30:00-05:00,24.489999771118164,24.530000686645508,24.46769905090332,24.530000686645508,58428,0.0,0.0,0.0
2023-01-23 09:30:00-05:00,24.40999984741211,24.426799774169922,24.389999389648438,24.42609977722168,0,0.0,0.0,0.0
2023-01-23 10:30:00-05:00,24.434999465942383,24.5,24.420000076293945,24.485000610351562,19532,0.0,0.0,0.0
2023-01-23 11:30:00-05:00,24.450000762939453,24.454999923706055,24.420000076293945,24.420000076293945,7885,0.0,0.0,0.0
2023-01-23 12:30:00-05:00,24.44499969482422,24.479999542236328,24.43000030517578,24.479999542236328,142854,0.0,0.0,0.0
2023-01-23 13:30:00-05:00,24.510000228881836,24.520000457763672,24.485000610351562,24.485000610351562,22029,0.0,0.0,0.0
2023-01-23 14:30:00-05:00,24.489999771118164,24.489999771118164,24.43000030517578,24.451900482177734,98655,0.0,0.0,0.0
2023-01-23 15:30:00-05:00,24.459999084472656,24.520000457763672,24.458900451660156,24.520000457763672,4170,0.0,0.0,0.0
2023-01-24 09:30:00-05:00,24.25,24.25,24.13800048828125,24.211200714111328,0,0.0,0.0,0.0
2023-01-24 10:30:00-05:00,24.256900787353516,24.287200927734375,24.256900787353516,24.274999618530273,2737,0.0,0.0,0.0
2023-01-24 11:30:00-05:00,24.270000457763672,24.299999237060547,24.25,24.281600952148438,302526,0.0,0.0,0.0
2023-01-24 12:30:00-05:00,24.280000686645508,24.299999237060547,24.280000686645508,24.299999237060547,494,0.0,0.0,0.0
2023-01-24 13:30:00-05:00,24.3075008392334,24.309999465942383,24.275400161743164,24.284000396728516,5350,0.0,0.0,0.0
2023-01-24 14:30:00-05:00,24.290000915527344,24.31999969482422,24.290000915527344,24.2992000579834,8886,0.0,0.0,0.0
2023-01-24 15:30:00-05:00,24.280000686645508,24.31999969482422,24.260900497436523,24.31999969482422,8861,0.0,0.0,0.0
2023-01-25 09:30:00-05:00,24.139999389648438,24.280000686645508,24.139999389648438,24.253400802612305,0,0.0,0.0,0.0
2023-01-25 10:30:00-05:00,24.263099670410156,24.270000457763672,24.200000762939453,24.270000457763672,25874,0.0,0.0,0.0
2023-01-25 11:30:00-05:00,24.299999237060547,24.34000015258789,24.299999237060547,24.329999923706055,3741,0.0,0.0,0.0
2023-01-25 12:30:00-05:00,24.329999923706055,24.380199432373047,24.329999923706055,24.3700008392334,19280,0.0,0.0,0.0
2023-01-25 13:30:00-05:00,24.399999618530273,24.424100875854492,24.399999618530273,24.416900634765625,1299,0.0,0.0,0.0
2023-01-25 14:30:00-05:00,24.416900634765625,24.420799255371094,24.399999618530273,24.399999618530273,3077,0.0,0.0,0.0
2023-01-25 15:30:00-05:00,24.429800033569336,24.43000030517578,24.41309928894043,24.43000030517578,4352,0.0,0.0,0.0
2023-01-26 09:30:00-05:00,24.489999771118164,24.489999771118164,24.350000381469727,24.389999389648438,0,0.0,0.0,0.0
2023-01-26 10:30:00-05:00,24.3971004486084,24.3971004486084,24.34000015258789,24.34000015258789,5644,0.0,0.0,0.0
2023-01-26 11:30:00-05:00,24.360000610351562,24.43000030517578,24.350000381469727,24.40999984741211,5627,0.0,0.0,0.0
2023-01-26 12:30:00-05:00,24.399999618530273,24.40999984741211,24.383699417114258,24.401100158691406,2309,0.0,0.0,0.0
2023-01-26 13:30:00-05:00,24.450000762939453,24.48740005493164,24.450000762939453,24.48740005493164,6172,0.0,0.0,0.0
2023-01-26 14:30:00-05:00,24.469999313354492,24.510000228881836,24.469999313354492,24.510000228881836,4243,0.0,0.0,0.0
2023-01-26 15:30:00-05:00,24.52989959716797,24.530000686645508,24.520000457763672,24.530000686645508,569,0.0,0.0,0.0
2023-01-27 09:30:00-05:00,24.34000015258789,24.469999313354492,24.325000762939453,24.380300521850586,18355,0.0,0.0,0.0
2023-01-27 10:30:00-05:00,24.3700008392334,24.399999618530273,24.280000686645508,24.387300491333008,7220,0.0,0.0,0.0
2023-01-27 11:30:00-05:00,24.40999984741211,24.440000534057617,24.40999984741211,24.40999984741211,4181,0.0,0.0,0.0
2023-01-27 12:30:00-05:00,24.420000076293945,24.459999084472656,24.420000076293945,24.420000076293945,2474,0.0,0.0,0.0
2023-01-27 13:30:00-05:00,24.420000076293945,24.450000762939453,24.40999984741211,24.450000762939453,17749,0.0,0.0,0.0
2023-01-27 14:30:00-05:00,24.450000762939453,24.479999542236328,24.44499969482422,24.44499969482422,9520,0.0,0.0,0.0
2023-01-27 15:30:00-05:00,24.459999084472656,24.459999084472656,24.40999984741211,24.43000030517578,5106,0.0,0.0,0.0
2023-01-30 09:30:00-05:00,24.459999084472656,24.479999542236328,24.420000076293945,24.440000534057617,0,0.0,0.0,0.0
2023-01-30 10:30:00-05:00,24.450000762939453,24.480100631713867,24.420000076293945,24.469999313354492,63550,0.0,0.0,0.0
2023-01-30 11:30:00-05:00,24.459999084472656,24.459999084472656,24.440000534057617,24.440000534057617,1139,0.0,0.0,0.0
2023-01-30 12:30:00-05:00,24.450000762939453,24.450000762939453,24.420000076293945,24.43000030517578,5373,0.0,0.0,0.0
2023-01-30 13:30:00-05:00,24.417600631713867,24.43000030517578,24.381200790405273,24.389999389648438,4848,0.0,0.0,0.0
2023-01-30 14:30:00-05:00,24.3799991607666,24.399999618530273,24.375,24.389999389648438,14401,0.0,0.0,0.0
2023-01-30 15:30:00-05:00,24.389999389648438,24.389999389648438,24.3700008392334,24.3700008392334,932,0.0,0.0,0.0
2023-01-31 09:30:00-05:00,24.290000915527344,24.290000915527344,24.227500915527344,24.260000228881836,0,0.0,0.0,0.0
2023-01-31 10:30:00-05:00,24.290000915527344,24.31599998474121,24.28059959411621,24.31399917602539,4646,0.0,0.0,0.0
2023-01-31 11:30:00-05:00,24.332000732421875,24.332000732421875,24.300100326538086,24.31999969482422,26129,0.0,0.0,0.0
2023-01-31 12:30:00-05:00,24.31999969482422,24.34000015258789,24.31999969482422,24.34000015258789,25110,0.0,0.0,0.0
2023-01-31 13:30:00-05:00,24.329999923706055,24.3700008392334,24.329999923706055,24.364999771118164,62134,0.0,0.0,0.0
2023-01-31 14:30:00-05:00,24.3700008392334,24.3700008392334,24.329999923706055,24.34000015258789,2847,0.0,0.0,0.0
2023-01-31 15:30:00-05:00,24.36009979248047,24.40999984741211,24.36009979248047,24.399999618530273,3555,0.0,0.0,0.0
2023-02-01 09:30:00-05:00,24.40999984741211,24.40999984741211,24.274999618530273,24.290000915527344,0,0.0,0.0,0.0
2023-02-01 10:30:00-05:00,24.299999237060547,24.299999237060547,24.25,24.290000915527344,7777,0.0,0.0,0.0
2023-02-01 11:30:00-05:00,24.270000457763672,24.28499984741211,24.209999084472656,24.209999084472656,10511,0.0,0.0,0.0
2023-02-01 12:30:00-05:00,24.21500015258789,24.229999542236328,24.18000030517578,24.22640037536621,3588,0.0,0.0,0.0
2023-02-01 13:30:00-05:00,24.249000549316406,24.290000915527344,24.21500015258789,24.2450008392334,2396,0.0,0.0,0.0
2023-02-01 14:30:00-05:00,24.399999618530273,24.55500030517578,24.399999618530273,24.489999771118164,14408,0.0,0.0,0.0
2023-02-01 15:30:00-05:00,24.549999237060547,24.600000381469727,24.489999771118164,24.489999771118164,33847,0.0,0.0,0.0
2023-02-02 09:30:00-05:00,24.59000015258789,24.59000015258789,24.258499145507812,24.34000015258789,0,0.0,0.0,0.0
2023-02-02 10:30:00-05:00,24.385000228881836,24.420000076293945,24.3700008392334,24.420000076293945,6867,0.0,0.0,0.0
2023-02-02 11:30:00-05:00,24.360000610351562,24.3799991607666,24.350000381469727,24.350000381469727,36217,0.0,0.0,0.0
2023-02-02 12:30:00-05:00,24.396699905395508,24.396699905395508,24.34000015258789,24.360000610351562,49026,0.0,0.0,0.0
2023-02-02 13:30:00-05:00,24.360000610351562,24.395000457763672,24.31999969482422,24.31999969482422,3367,0.0,0.0,0.0
2023-02-02 14:30:00-05:00,24.30500030517578,24.30900001525879,24.270000457763672,24.300500869750977,35560,0.0,0.0,0.0
2023-02-02 15:30:00-05:00,24.31999969482422,24.34000015258789,24.299999237060547,24.34000015258789,4975,0.0,0.0,0.0
2023-02-03 09:30:00-05:00,24.190000534057617,24.360000610351562,24.15999984741211,24.329999923706055,18659,0.0,0.0,0.0
2023-02-03 10:30:00-05:00,24.290000915527344,24.360000610351562,24.280000686645508,24.299999237060547,5717,0.0,0.0,0.0
2023-02-03 11:30:00-05:00,24.290000915527344,24.299999237060547,24.25,24.299999237060547,5556,0.0,0.0,0.0
2023-02-03 12:30:00-05:00,24.309999465942383,24.309999465942383,24.219999313354492,24.239999771118164,4209,0.0,0.0,0.0
2023-02-03 13:30:00-05:00,24.200000762939453,24.219999313354492,24.184999465942383,24.184999465942383,1056,0.0,0.0,0.0
2023-02-03 14:30:00-05:00,24.170000076293945,24.200000762939453,24.15999984741211,24.200000762939453,3533,0.0,0.0,0.0
2023-02-03 15:30:00-05:00,24.200000762939453,24.209999084472656,24.189199447631836,24.200000762939453,11802,0.0,0.0,0.0
2023-02-06 09:30:00-05:00,24.010000228881836,24.049999237060547,23.889999389648438,23.889999389648438,0,0.0,0.0,0.0
2023-02-06 10:30:00-05:00,23.889999389648438,23.940000534057617,23.889999389648438,23.90999984741211,6541,0.0,0.0,0.0
2023-02-06 11:30:00-05:00,23.93000030517578,23.934999465942383,23.899999618530273,23.90999984741211,2004,0.0,0.0,0.0
2023-02-06 12:30:00-05:00,23.920000076293945,23.940000534057617,23.917999267578125,23.920000076293945,2207,0.0,0.0,0.0
2023-02-06 13:30:00-05:00,23.942899703979492,23.9950008392334,23.942899703979492,23.989999771118164,8916,0.0,0.0,0.0
2023-02-06 14:30:00-05:00,23.989999771118164,23.989999771118164,23.959999084472656,23.959999084472656,11966,0.0,0.0,0.0
2023-02-06 15:30:00-05:00,23.96500015258789,23.979999542236328,23.96500015258789,23.979999542236328,1969,0.0,0.0,0.0
2023-02-07 09:30:00-05:00,23.950000762939453,23.950000762939453,23.8799991607666,23.90999984741211,14934,0.0,0.0,0.0
2023-02-07 10:30:00-05:00,23.90999984741211,24.0,23.90999984741211,24.0,5531,0.0,0.0,0.0
2023-02-07 11:30:00-05:00,24.010000228881836,24.02199935913086,23.990100860595703,24.0,3773,0.0,0.0,0.0
2023-02-07 12:30:00-05:00,23.989999771118164,24.229999542236328,23.979999542236328,24.075000762939453,8123,0.0,0.0,0.0
2023-02-07 13:30:00-05:00,23.955400466918945,24.110000610351562,23.940000534057617,24.093799591064453,4295,0.0,0.0,0.0
2023-02-07 14:30:00-05:00,24.139999389648438,24.149999618530273,24.082300186157227,24.143600463867188,11291,0.0,0.0,0.0
2023-02-07 15:30:00-05:00,24.145599365234375,24.209999084472656,24.145599365234375,24.190000534057617,4921,0.0,0.0,0.0
2023-02-08 09:30:00-05:00,24.31999969482422,24.31999969482422,24.239999771118164,24.2450008392334,0,0.0,0.0,0.0
2023-02-08 10:30:00-05:00,24.239999771118164,24.239999771118164,24.200000762939453,24.200000762939453,6506,0.0,0.0,0.0
2023-02-08 11:30:00-05:00,24.190000534057617,24.229999542236328,24.170000076293945,24.219999313354492,11236,0.0,0.0,0.0
2023-02-08 12:30:00-05:00,24.209999084472656,24.25,24.190000534057617,24.239999771118164,2173,0.0,0.0,0.0
2023-02-08 13:30:00-05:00,24.21500015258789,24.229000091552734,24.209999084472656,24.219999313354492,6359,0.0,0.0,0.0
2023-02-08 14:30:00-05:00,24.190000534057617,24.190000534057617,24.172500610351562,24.18000030517578,2239,0.0,0.0,0.0
2023-02-08 15:30:00-05:00,24.179899215698242,24.200000762939453,24.179899215698242,24.190000534057617,11823,0.0,0.0,0.0
2023-02-09 09:30:00-05:00,24.6200008392334,24.6200008392334,24.510000228881836,24.540000915527344,13005,0.0,0.0,0.0
2023-02-09 10:30:00-05:00,24.520000457763672,24.530000686645508,24.489999771118164,24.489999771118164,7113,0.0,0.0,0.0
2023-02-09 11:30:00-05:00,24.449899673461914,24.479999542236328,24.43000030517578,24.479999542236328,2857,0.0,0.0,0.0
2023-02-09 12:30:00-05:00,24.46500015258789,24.46500015258789,24.3799991607666,24.389999389648438,10915,0.0,0.0,0.0
2023-02-09 13:30:00-05:00,24.415000915527344,24.415000915527344,24.344999313354492,24.344999313354492,14066,0.0,0.0,0.0
2023-02-09 14:30:00-05:00,24.350000381469727,24.354999542236328,24.309999465942383,24.309999465942383,5795,0.0,0.0,0.0
2023-02-09 15:30:00-05:00,24.295000076293945,24.34000015258789,24.295000076293945,24.34000015258789,2661,0.0,0.0,0.0
2023-02-10 09:30:00-05:00,24.219999313354492,24.229999542236328,24.19499969482422,24.219999313354492,12370,0.0,0.0,0.0
2023-02-10 10:30:00-05:00,24.200000762939453,24.200000762939453,24.123199462890625,24.184999465942383,1526,0.0,0.0,0.0
2023-02-10 11:30:00-05:00,24.18000030517578,24.18000030517578,24.139999389648438,24.139999389648438,1504,0.0,0.0,0.0
2023-02-10 12:30:00-05:00,24.159799575805664,24.18000030517578,24.139999389648438,24.18000030517578,1160,0.0,0.0,0.0
2023-02-10 13:30:00-05:00,24.150999069213867,24.1697998046875,24.150999069213867,24.1697998046875,1524,0.0,0.0,0.0
2023-02-10 14:30:00-05:00,24.170000076293945,24.18000030517578,24.15559959411621,24.178199768066406,26346,0.0,0.0,0.0
2023-02-10 15:30:00-05:00,24.18000030517578,24.209999084472656,24.18000030517578,24.18000030517578,20769,0.0,0.0,0.0
2023-02-13 09:30:00-05:00,24.389999389648438,24.44499969482422,24.34000015258789,24.44499969482422,0,0.0,0.0,0.0
2023-02-13 10:30:00-05:00,24.489999771118164,24.510000228881836,24.469999313354492,24.489999771118164,44306,0.0,0.0,0.0
2023-02-13 11:30:00-05:00,24.489999771118164,24.540000915527344,24.489999771118164,24.530000686645508,4994,0.0,0.0,0.0
2023-02-13 12:30:00-05:00,24.530000686645508,24.549999237060547,24.530000686645508,24.530000686645508,5842,0.0,0.0,0.0
2023-02-13 13:30:00-05:00,24.559999465942383,24.579999923706055,24.549999237060547,24.549999237060547,26335,0.0,0.0,0.0
2023-02-13 14:30:00-05:00,24.549999237060547,24.550800323486328,24.540000915527344,24.549999237060547,13500,0.0,0.0,0.0
2023-02-13 15:30:00-05:00,24.56999969482422,24.56999969482422,24.559999465942383,24.559999465942383,18207,0.0,0.0,0.0
2023-02-14 09:30:00-05:00,24.549999237060547,24.83989906311035,24.549999237060547,24.774999618530273,0,0.0,0.0,0.0
2023-02-14 10:30:00-05:00,24.610000610351562,24.639999389648438,24.559999465942383,24.639999389648438,2948,0.0,0.0,0.0
2023-02-14 11:30:00-05:00,24.549999237060547,24.649999618530273,24.530000686645508,24.649999618530273,5811,0.0,0.0,0.0
2023-02-14 12:30:00-05:00,24.649999618530273,24.739999771118164,24.64240074157715,24.690000534057617,9505,0.0,0.0,0.0
2023-02-14 13:30:00-05:00,24.729999542236328,24.729999542236328,24.68000030517578,24.691499710083008,4096,0.0,0.0,0.0
2023-02-14 14:30:00-05:00,24.69860076904297,24.729999542236328,24.690000534057617,24.719999313354492,12318,0.0,0.0,0.0
2023-02-14 15:30:00-05:00,24.735000610351562,24.760000228881836,24.729999542236328,24.729999542236328,3419,0.0,0.0,0.0
2023-02-15 09:30:00-05:00,24.3799991607666,24.42729949951172,24.334999084472656,24.420000076293945,0,0.0,0.0,0.0
2023-02-15 10:30:00-05:00,24.43000030517578,24.440000534057617,24.3700008392334,24.40999984741211,27542,0.0,0.0,0.0
2023-02-15 11:30:00-05:00,24.420000076293945,24.48710060119629,24.420000076293945,24.424299240112305,4224,0.0,0.0,0.0
2023-02-15 12:30:00-05:00,24.43000030517578,24.450000762939453,24.40999984741211,24.450000762939453,65726,0.0,0.0,0.0
2023-02-15 13:30:00-05:00,24.499900817871094,24.520000457763672,24.478300094604492,24.520000457763672,4706,0.0,0.0,0.0
2023-02-15 14:30:00-05:00,24.520000457763672,24.530000686645508,24.5,24.510000228881836,9886,0.0,0.0,0.0
2023-02-15 15:30:00-05:00,24.52899932861328,24.559999465942383,24.510000228881836,24.559999465942383,0,0.0,0.0,0.0
2023-02-16 09:30:00-05:00,24.31999969482422,24.450000762939453,24.31999969482422,24.420000076293945,139287,0.0,0.0,0.0
2023-02-16 10:30:00-05:00,24.445499420166016,24.489999771118164,24.445499420166016,24.489999771118164,15374,0.0,0.0,0.0
2023-02-16 11:30:00-05:00,24.492799758911133,24.540000915527344,24.492799758911133,24.5049991607666,5615,0.0,0.0,0.0
2023-02-16 12:30:00-05:00,24.530000686645508,24.559999465942383,24.530000686645508,24.530000686645508,2506,0.0,0.0,0.0
2023-02-16 13:30:00-05:00,24.530000686645508,24.59000015258789,24.530000686645508,24.56999969482422,4314,0.0,0.0,0.0
2023-02-16 14:30:00-05:00,24.55820083618164,24.55820083618164,24.455799102783203,24.469999313354492,6881,0.0,0.0,0.0
2023-02-16 15:30:00-05:00,24.459999084472656,24.459999084472656,24.420000076293945,24.459999084472656,0,0.0,0.0,0.0
2023-02-17 09:30:00-05:00,24.360000610351562,24.520000457763672,24.34000015258789,24.463899612426758,32864,0.0,0.0,0.0
2023-02-17 10:30:00-05:00,24.5049991607666,24.5049991607666,24.420000076293945,24.434999465942383,4688,0.0,0.0,0.0
2023-02-17 11:30:00-05:00,24.450000762939453,24.540000915527344,24.450000762939453,24.53499984741211,7030,0.0,0.0,0.0
2023-02-17 12:30:00-05:00,24.540000915527344,24.540000915527344,24.520000457763672,24.530000686645508,2348,0.0,0.0,0.0
2023-02-17 13:30:00-05:00,24.520000457763672,24.559999465942383,24.519899368286133,24.559999465942383,8346,0.0,0.0,0.0
2023-02-17 14:30:00-05:00,24.56999969482422,24.59000015258789,24.56999969482422,24.579999923706055,707,0.0,0.0,0.0
2023-02-17 15:30:00-05:00,24.565000534057617,24.584999084472656,24.559999465942383,24.56100082397461,2975,0.0,0.0,0.0
2023-02-21 09:30:00-05:00,24.579999923706055,24.6200008392334,24.537799835205078,24.562000274658203,0,0.0,0.0,0.0
2023-02-21 10:30:00-05:00,24.6299991607666,24.700000762939453,24.610000610351562,24.610000610351562,7671,0.0,0.0,0.0
2023-02-21 11:30:00-05:00,24.600000381469727,24.600000381469727,24.560100555419922,24.560100555419922,5300,0.0,0.0,0.0
2023-02-21 12:30:00-05:00,24.59000015258789,24.599899291992188,24.579999923706055,24.579999923706055,4667,0.0,0.0,0.0
2023-02-21 13:30:00-05:00,24.531700134277344,24.541000366210938,24.5,24.5,7990,0.0,0.0,0.0
2023-02-21 14:30:00-05:00,24.510000228881836,24.549999237060547,24.510000228881836,24.52199935913086,21301,0.0,0.0,0.0
2023-02-21 15:30:00-05:00,24.530000686645508,24.54990005493164,24.51959991455078,24.51959991455078,1903,0.0,0.0,0.0
2023-02-22 09:30:00-05:00,24.450000762939453,24.450000762939453,24.309999465942383,24.350000381469727,144422,0.0,0.0,0.0
2023-02-22 10:30:00-05:00,24.309999465942383,24.350000381469727,24.303800582885742,24.326400756835938,5669,0.0,0.0,0.0
2023-02-22 11:30:00-05:00,24.31999969482422,24.389999389648438,24.31999969482422,24.389999389648438,202038,0.0,0.0,0.0
2023-02-22 12:30:00-05:00,24.3700008392334,24.40999984741211,24.3700008392334,24.399999618530273,2353,0.0,0.0,0.0
2023-02-22 13:30:00-05:00,24.3799991607666,24.40999984741211,24.31999969482422,24.31999969482422,8240,0.0,0.0,0.0
2023-02-22 14:30:00-05:00,24.32990074157715,24.32990074157715,24.260000228881836,24.280000686645508,9761,0.0,0.0,0.0
2023-02-22 15:30:00-05:00,24.260000228881836,24.280000686645508,24.25,24.280000686645508,3368,0.0,0.0,0.0
2023-02-23 09:30:00-05:00,24.399999618530273,24.424999237060547,24.332799911499023,24.3700008392334,0,0.0,0.0,0.0
2023-02-23 10:30:00-05:00,24.35260009765625,24.35260009765625,24.260000228881836,24.260000228881836,9511,0.0,0.0,0.0
2023-02-23 11:30:00-05:00,24.270000457763672,24.270000457763672,24.18000030517578,24.18000030517578,2725,0.0,0.0,0.0
2023-02-23 12:30:00-05:00,24.200000762939453,24.229999542236328,24.200000762939453,24.229999542236328,4860,0.0,0.0,0.0
2023-02-23 13:30:00-05:00,24.22480010986328,24.266599655151367,24.22480010986328,24.266599655151367,1903,0.0,0.0,0.0
2023-02-23 14:30:00-05:00,24.344999313354492,24.344999313354492,24.344999313354492,24.344999313354492,2803,0.0,0.0,0.0
2023-02-23 15:30:00-05:00,24.360000610351562,24.3799991607666,24.360000610351562,24.3799991607666,0,0.0,0.0,0.0
2023-02-24 09:30:00-05:00,24.09000015258789,24.09000015258789,24.0,24.020000457763672,16872,0.0,0.0,0.0
2023-02-24 10:30:00-05:00,24.010000228881836,24.045000076293945,23.979999542236328,24.040000915527344,9807,0.0,0.0,0.0
2023-02-24 11:30:00-05:00,24.040000915527344,24.079999923706055,23.989999771118164,24.06999969482422,4727,0.0,0.0,0.0
2023-02-24 12:30:00-05:00,24.079999923706055,24.079999923706055,24.020000457763672,24.06999969482422,2983,0.0,0.0,0.0
2023-02-24 13:30:00-05:00,24.059999465942383,24.097000122070312,24.059999465942383,24.09000015258789,5609,0.0,0.0,0.0
2023-02-24 14:30:00-05:00,24.079999923706055,24.1299991607666,24.066999435424805,24.1200008392334,3599,0.0,0.0,0.0
2023-02-24 15:30:00-05:00,24.100099563598633,24.139999389648438,24.09000015258789,24.139999389648438,2369,0.0,0.0,0.0
2023-02-27 09:30:00-05:00,24.350000381469727,24.43000030517578,24.29400062561035,24.420000076293945,0,0.0,0.0,0.0
2023-02-27 10:30:00-05:00,24.40999984741211,24.420000076293945,24.31999969482422,24.34000015258789,12947,0.0,0.0,0.0
2023-02-27 11:30:00-05:00,24.329999923706055,24.399999618530273,24.309999465942383,24.395000457763672,3490,0.0,0.0,0.0
2023-02-27 12:30:00-05:00,24.415000915527344,24.454999923706055,24.415000915527344,24.44499969482422,5303,0.0,0.0,0.0
2023-02-27 13:30:00-05:00,24.44499969482422,24.469999313354492,24.420000076293945,24.44499969482422,9017,0.0,0.0,0.0
2023-02-27 14:30:00-05:00,24.44499969482422,24.450000762939453,24.415000915527344,24.420000076293945,8128,0.0,0.0,0.0
2023-02-27 15:30:00-05:00,24.415000915527344,24.440000534057617,24.40999984741211,24.440000534057617,3370,0.0,0.0,0.0
2023-02-28 09:30:00-05:00,24.389999389648438,24.389999389648438,24.309999465942383,24.38629913330078,0,0.0,0.0,0.0
2023-02-28 10:30:00-05:00,24.357500076293945,24.40999984741211,24.357500076293945,24.40999984741211,3765,0.0,0.0,0.0
2023-02-28 11:30:00-05:00,24.309600830078125,24.309999465942383,24.2810001373291,24.309999465942383,3045,0.0,0.0,0.0
2023-02-28 12:30:00-05:00,24.299999237060547,24.350000381469727,24.299999237060547,24.329999923706055,4299,0.0,0.0,0.0
2023-02-28 13:30:00-05:00,24.25,24.25,24.233400344848633,24.238300323486328,2197,0.0,0.0,0.0
2023-02-28 14:30:00-05:00,24.239999771118164,24.25,24.209999084472656,24.219999313354492,7057,0.0,0.0,0.0
2023-02-28 15:30:00-05:00,24.209999084472656,24.209999084472656,24.18000030517578,24.18000030517578,5089,0.0,0.0,0.0
2023-03-01 09:30:00-05:00,24.31999969482422,24.3700008392334,24.25,24.280000686645508,10090,0.0,0.0,0.0
2023-03-01 10:30:00-05:00,24.309999465942383,24.348499298095703,24.209999084472656,24.239999771118164,67721,0.0,0.0,0.0
2023-03-01 11:30:00-05:00,24.329999923706055,24.354999542236328,24.32029914855957,24.329999923706055,2918,0.0,0.0,0.0
2023-03-01 12:30:00-05:00,24.30500030517578,24.30500030517578,24.30500030517578,24.30500030517578,421,0.0,0.0,0.0
2023-03-01 13:30:00-05:00,24.282400131225586,24.2908992767334,24.260000228881836,24.270000457763672,1674,0.0,0.0,0.0
2023-03-01 14:30:00-05:00,24.260700225830078,24.33169937133789,24.260700225830078,24.33169937133789,2361,0.0,0.0,0.0
2023-03-01 15:30:00-05:00,24.329999923706055,24.329999923706055,24.329999923706055,24.329999923706055,251,0.0,0.0,0.0
2023-03-02 09:30:00-05:00,24.200000762939453,24.270000457763672,24.200000762939453,24.268299102783203,0,0.0,0.0,0.0
2023-03-02 10:30:00-05:00,24.270000457763672,24.299800872802734,24.219999313354492,24.270099639892578,2676,0.0,0.0,0.0
2023-03-02 11:30:00-05:00,24.280000686645508,24.290000915527344,24.230199813842773,24.230199813842773,6979,0.0,0.0,0.0
2023-03-02 12:30:00-05:00,24.25079917907715,24.260000228881836,24.25079917907715,24.260000228881836,3519,0.0,0.0,0.0
2023-03-02 13:30:00-05:00,24.25,24.325000762939453,24.25,24.325000762939453,5553,0.0,0.0,0.0
2023-03-02 14:30:00-05:00,24.328899383544922,24.334999084472656,24.3125,24.322599411010742,6298,0.0,0.0,0.0
2023-03-02 15:30:00-05:00,24.36009979248047,24.3700008392334,24.350000381469727,24.3700008392334,1591,0.0,0.0,0.0
2023-03-03 09:30:00-05:00,24.34000015258789,24.389999389648438,24.315000534057617,24.34000015258789,0,0.0,0.0,0.0
2023-03-03 10:30:00-05:00,24.359699249267578,24.360000610351562,24.31999969482422,24.360000610351562,6145,0.0,0.0,0.0
2023-03-03 11:30:00-05:00,24.33009910583496,24.399999618530273,24.33009910583496,24.3799991607666,5200,0.0,0.0,0.0
2023-03-03 12:30:00-05:00,24.3799991607666,24.440000534057617,24.3799991607666,24.420000076293945,6045,0.0,0.0,0.0
2023-03-03 13:30:00-05:00,24.43000030517578,24.450000762939453,24.420000076293945,24.450000762939453,15388,0.0,0.0,0.0
2023-03-03 14:30:00-05:00,24.459999084472656,24.520000457763672,24.451000213623047,24.489999771118164,9107,0.0,0.0,0.0
2023-03-03 15:30:00-05:00,24.489999771118164,24.510000228881836,24.469999313354492,24.510000228881836,4844,0.0,0.0,0.0
2023-03-06 09:30:00-05:00,24.350000381469727,24.398000717163086,24.309999465942383,24.3799991607666,0,0.0,0.0,0.0
2023-03-06 10:30:00-05:00,24.364999771118164,24.40999984741211,24.360000610351562,24.399999618530273,4907,0.0,0.0,0.0
2023-03-06 11:30:00-05:00,24.405000686645508,24.479999542236328,24.405000686645508,24.45949935913086,3941,0.0,0.0,0.0
2023-03-06 12:30:00-05:00,24.4424991607666,24.4424991607666,24.390100479125977,24.400400161743164,4111,0.0,0.0,0.0
2023-03-06 13:30:00-05:00,24.420000076293945,24.420000076293945,24.360000610351562,24.3799991607666,5144,0.0,0.0,0.0
2023-03-06 14:30:00-05:00,24.389999389648438,24.399900436401367,24.37179946899414,24.3799991607666,3701,0.0,0.0,0.0
2023-03-06 15:30:00-05:00,24.375,24.389999389648438,24.375,24.389999389648438,1777,0.0,0.0,0.0
2023-03-07 09:30:00-05:00,24.34000015258789,24.3799991607666,24.09079933166504,24.170000076293945,0,0.0,0.0,0.0
2023-03-07 10:30:00-05:00,24.121599197387695,24.15999984741211,24.0310001373291,24.0310001373291,4583,0.0,0.0,0.0
2023-03-07 11:30:00-05:00,24.00200080871582,24.040000915527344,23.989999771118164,24.020000457763672,9397,0.0,0.0,0.0
2023-03-07 12:30:00-05:00,24.043699264526367,24.043699264526367,23.940000534057617,23.959999084472656,10068,0.0,0.0,0.0
2023-03-07 13:30:00-05:00,23.950000762939453,23.950000762939453,23.885000228881836,23.885000228881836,10198,0.0,0.0,0.0
2023-03-07 14:30:00-05:00,23.87380027770996,23.899999618530273,23.8700008392334,23.893199920654297,3179,0.0,0.0,0.0
2023-03-07 15:30:00-05:00,23.899999618530273,23.90999984741211,23.895000457763672,23.895000457763672,3817,0.0,0.0,0.0
2023-03-08 09:30:00-05:00,23.989999771118164,24.059999465942383,23.979999542236328,23.979999542236328,0,0.0,0.0,0.0
2023-03-08 10:30:00-05:00,24.040000915527344,24.049999237060547,23.989999771118164,24.030099868774414,12445,0.0,0.0,0.0
2023-03-08 11:30:00-05:00,24.020000457763672,24.030000686645508,24.0,24.0,9282,0.0,0.0,0.0
2023-03-08 12:30:00-05:00,24.0,24.024999618530273,23.989999771118164,23.989999771118164,2399,0.0,0.0,0.0
2023-03-08 13:30:00-05:00,23.969999313354492,23.989999771118164,23.969999313354492,23.989999771118164,1153,0.0,0.0,0.0
2023-03-08 14:30:00-05:00,23.9950008392334,23.9950008392334,23.969999313354492,23.979999542236328,7831,0.0,0.0,0.0
2023-03-08 15:30:00-05:00,23.977699279785156,24.030000686645508,23.977699279785156,24.020000457763672,3911,0.0,0.0,0.0
2023-03-09 09:30:00-05:00,24.059999465942383,24.06999969482422,24.020000457763672,24.059999465942383,0,0.0,0.0,0.0
2023-03-09 10:30:00-05:00,24.062400817871094,24.079999923706055,24.020000457763672,24.051000595092773,2114,0.0,0.0,0.0
2023-03-09 11:30:00-05:00,24.059999465942383,24.06999969482422,24.020000457763672,24.020000457763672,4154,0.0,0.0,0.0
2023-03-09 12:30:00-05:00,24.04990005493164,24.04990005493164,24.010000228881836,24.020000457763672,2666,0.0,0.0,0.0
2023-03-09 13:30:00-05:00,23.97100067138672,23.97100067138672,23.940000534057617,23.940099716186523,1544,0.0,0.0,0.0
2023-03-09 14:30:00-05:00,23.929500579833984,23.929500579833984,23.829999923706055,23.84000015258789,6211,0.0,0.0,0.0
2023-03-09 15:30:00-05:00,23.84000015258789,23.860000610351562,23.83009910583496,23.84000015258789,14674,0.0,0.0,0.0
2023-03-10 09:30:00-05:00,23.850000381469727,23.989999771118164,23.817100524902344,23.93000030517578,0,0.0,0.0,0.0
2023-03-10 10:30:00-05:00,23.950000762939453,23.969999313354492,23.860000610351562,23.899999618530273,10125,0.0,0.0,0.0
2023-03-10 11:30:00-05:00,23.899999618530273,23.929899215698242,23.790000915527344,23.790000915527344,8323,0.0,0.0,0.0
2023-03-10 12:30:00-05:00,23.780000686645508,23.780000686645508,23.700000762939453,23.700000762939453,1666,0.0,0.0,0.0
2023-03-10 13:30:00-05:00,23.670000076293945,23.725900650024414,23.639999389648438,23.690000534057617,11201,0.0,0.0,0.0
2023-03-10 14:30:00-05:00,23.670000076293945,23.739999771118164,23.670000076293945,23.690000534057617,3262,0.0,0.0,0.0
2023-03-10 15:30:00-05:00,23.65999984741211,23.65999984741211,23.65999984741211,23.65999984741211,482,0.0,0.0,0.0
2023-03-13 09:30:00-04:00,23.360000610351562,23.549999237060547,23.360000610351562,23.540000915527344,0,0.0,0.0,0.0
2023-03-13 10:30:00-04:00,23.510000228881836,23.62380027770996,23.510000228881836,23.56999969482422,10530,0.0,0.0,0.0
2023-03-13 11:30:00-04:00,23.540000915527344,23.60219955444336,23.506999969482422,23.506999969482422,18581,0.0,0.0,0.0
2023-03-13 12:30:00-04:00,23.48940086364746,23.530000686645508,23.43000030517578,23.489999771118164,24259,0.0,0.0,0.0
2023-03-13 13:30:00-04:00,23.510000228881836,23.58769989013672,23.510000228881836,23.58769989013672,13707,0.0,0.0,0.0
2023-03-13 14:30:00-04:00,23.610000610351562,23.610000610351562,23.520000457763672,23.520000457763672,18267,0.0,0.0,0.0
2023-03-13 15:30:00-04:00,23.549999237060547,23.567800521850586,23.490100860595703,23.493600845336914,3226,0.0,0.0,0.0
2023-03-14 09:30:00-04:00,23.809999465942383,23.809999465942383,23.64889907836914,23.725000381469727,0,0.0,0.0,0.0
2023-03-14 10:30:00-04:00,23.739999771118164,23.760000228881836,23.66119956970215,23.740999221801758,12429,0.0,0.0,0.0
2023-03-14 11:30:00-04:00,23.760000228881836,23.770000457763672,23.719999313354492,23.719999313354492,2511,0.0,0.0,0.0
2023-03-14 12:30:00-04:00,23.725000381469727,23.7367000579834,23.670000076293945,23.68000030517578,6711,0.0,0.0,0.0
2023-03-14 13:30:00-04:00,23.709999084472656,23.739999771118164,23.690000534057617,23.690000534057617,215041,0.0,0.0,0.0
2023-03-14 14:30:00-04:00,23.709999084472656,23.709999084472656,23.649999618530273,23.674999237060547,1213,0.0,0.0,0.0
2023-03-14 15:30:00-04:00,23.700000762939453,23.790000915527344,23.700000762939453,23.790000915527344,1132,0.0,0.0,0.0
2023-03-15 09:30:00-04:00,22.8799991607666,22.976699829101562,22.8799991607666,22.927400588989258,0,0.0,0.0,0.0
2023-03-15 10:30:00-04:00,22.90999984741211,22.91990089416504,22.81999969482422,22.825000762939453,3796,0.0,0.0,0.0
2023-03-15 11:30:00-04:00,22.780000686645508,22.80620002746582,22.59000015258789,22.59000015258789,12786,0.0,0.0,0.0
2023-03-15 12:30:00-04:00,22.594999313354492,22.650100708007812,22.500099182128906,22.640399932861328,20486,0.0,0.0,0.0
2023-03-15 13:30:00-04:00,22.709999084472656,22.860000610351562,22.65999984741211,22.860000610351562,2822,0.0,0.0,0.0
2023-03-15 14:30:00-04:00,22.81999969482422,22.876300811767578,22.790000915527344,22.81999969482422,23733,0.0,0.0,0.0
2023-03-15 15:30:00-04:00,22.84000015258789,22.84000015258789,22.790000915527344,22.829999923706055,1985,0.0,0.0,0.0
2023-03-16 09:30:00-04:00,22.719999313354492,22.84000015258789,22.670000076293945,22.700000762939453,0,0.0,0.0,0.0
2023-03-16 10:30:00-04:00,22.780000686645508,22.96500015258789,22.780000686645508,22.954999923706055,26087,0.0,0.0,0.0
2023-03-16 11:30:00-04:00,22.950000762939453,23.028799057006836,22.950000762939453,22.989999771118164,776,0.0,0.0,0.0
2023-03-16 12:30:00-04:00,22.989999771118164,23.063199996948242,22.985000610351562,23.063199996948242,12311,0.0,0.0,0.0
2023-03-16 13:30:00-04:00,23.050100326538086,23.07200050354004,23.049999237060547,23.049999237060547,5118,0.0,0.0,0.0
2023-03-16 14:30:00-04:00,23.049999237060547,23.110000610351562,23.049999237060547,23.100000381469727,6992,0.0,0.0,0.0
2023-03-16 15:30:00-04:00,23.110000610351562,23.170000076293945,23.079999923706055,23.15999984741211,326569,0.0,0.0,0.0
2023-03-17 09:30:00-04:00,22.959999084472656,22.959999084472656,22.809999465942383,22.90999984741211,217711,0.0,0.0,0.0
2023-03-17 10:30:00-04:00,22.80699920654297,22.850000381469727,22.758699417114258,22.799999237060547,1338128,0.0,0.0,0.0
2023-03-17 11:30:00-04:00,22.799999237060547,22.8799991607666,22.760000228881836,22.860000610351562,8265,0.0,0.0,0.0
2023-03-17 12:30:00-04:00,22.899999618530273,22.899999618530273,22.860000610351562,22.8700008392334,7378,0.0,0.0,0.0
2023-03-17 13:30:00-04:00,22.875,22.889999389648438,22.86039924621582,22.8799991607666,4458,0.0,0.0,0.0
2023-03-17 14:30:00-04:00,22.829999923706055,22.903799057006836,22.829999923706055,22.89699935913086,6629,0.0,0.0,0.0
2023-03-17 15:30:00-04:00,22.8700008392334,22.8700008392334,22.829999923706055,22.829999923706055,3053,0.0,0.0,0.0
2023-03-20 09:30:00-04:00,23.1200008392334,23.167999267578125,23.079999923706055,23.12339973449707,0,0.0,0.0,0.0
2023-03-20 10:30:00-04:00,23.226499557495117,23.299999237060547,23.19499969482422,23.299999237060547,22939,0.0,0.0,0.0
2023-03-20 11:30:00-04:00,23.306100845336914,23.309999465942383,23.22010040283203,23.2450008392334,4272,0.0,0.0,0.0
2023-03-20 12:30:00-04:00,23.290000915527344,23.354999542236328,23.290000915527344,23.354999542236328,3891,0.0,0.0,0.0
2023-03-20 13:30:00-04:00,23.310100555419922,23.328100204467773,23.299999237060547,23.328100204467773,5244,0.0,0.0,0.0
2023-03-20 14:30:00-04:00,23.31999969482422,23.329999923706055,23.2908992767334,23.2908992767334,7829,0.0,0.0,0.0
2023-03-20 15:30:00-04:00,23.309999465942383,23.31089973449707,23.309999465942383,23.309999465942383,1012,0.0,0.0,0.0
2023-03-21 09:30:00-04:00,23.68000030517578,23.68000030517578,23.520000457763672,23.520000457763672,0,0.0,0.0,0.0
2023-03-21 10:30:00-04:00,23.530000686645508,23.576000213623047,23.52630043029785,23.52630043029785,4340,0.0,0.0,0.0
2023-03-21 11:30:00-04:00,23.549999237060547,23.56999969482422,23.525999069213867,23.549999237060547,5400,0.0,0.0,0.0
2023-03-21 12:30:00-04:00,23.540000915527344,23.579999923706055,23.5,23.57080078125,33224,0.0,0.0,0.0
2023-03-21 13:30:00-04:00,23.579999923706055,23.59000015258789,23.540000915527344,23.584999084472656,29159,0.0,0.0,0.0
2023-03-21 14:30:00-04:00,23.59000015258789,23.639999389648438,23.56999969482422,23.6299991607666,26756,0.0,0.0,0.0
2023-03-21 15:30:00-04:00,23.639999389648438,23.670000076293945,23.6299991607666,23.6299991607666,4625,0.0,0.0,0.0
2023-03-22 09:30:00-04:00,23.719999313354492,23.719999313354492,23.649999618530273,23.719900131225586,0,0.0,0.0,0.0
2023-03-22 10:30:00-04:00,23.729999542236328,23.790000915527344,23.729999542236328,23.75,34471,0.0,0.0,0.0
2023-03-22 11:30:00-04:00,23.720399856567383,23.729999542236328,23.690099716186523,23.704999923706055,5993,0.0,0.0,0.0
2023-03-22 12:30:00-04:00,23.69499969482422,23.710399627685547,23.69499969482422,23.709999084472656,2089,0.0,0.0,0.0
2023-03-22 13:30:00-04:00,23.729999542236328,23.87350082397461,23.711700439453125,23.823200225830078,14852,0.0,0.0,0.0
2023-03-22 14:30:00-04:00,23.773700714111328,23.950000762939453,23.68000030517578,23.81999969482422,16264,0.0,0.0,0.0
2023-03-22 15:30:00-04:00,23.770000457763672,23.770000457763672,23.6299991607666,23.6299991607666,4967,0.0,0.0,0.0
2023-03-23 09:30:00-04:00,23.690000534057617,23.709999084472656,23.68000030517578,23.704999923706055,0,0.0,0.0,0.0
2023-03-23 10:30:00-04:00,23.65999984741211,23.790000915527344,23.65999984741211,23.790000915527344,16679,0.0,0.0,0.0
2023-03-23 11:30:00-04:00,23.790000915527344,23.790000915527344,23.73349952697754,23.73349952697754,3723,0.0,0.0,0.0
2023-03-23 12:30:00-04:00,23.645000457763672,23.645000457763672,23.540000915527344,23.540000915527344,1778,0.0,0.0,0.0
2023-03-23 13:30:00-04:00,23.549999237060547,23.579999923706055,23.479999542236328,23.479999542236328,9698,0.0,0.0,0.0
2023-03-23 14:30:00-04:00,23.459999084472656,23.47249984741211,23.3700008392334,23.3700008392334,12199,0.0,0.0,0.0
2023-03-23 15:30:00-04:00,23.40999984741211,23.469999313354492,23.40999984741211,23.4468994140625,3471,0.0,0.0,0.0
2023-03-24 09:30:00-04:00,23.200000762939453,23.219999313354492,23.114999771118164,23.1200008392334,0,0.0,0.0,0.0
2023-03-24 10:30:00-04:00,23.18000030517578,23.18000030517578,23.100000381469727,23.11400032043457,8296,0.0,0.0,0.0
2023-03-24 11:30:00-04:00,23.1200008392334,23.229999542236328,23.1200008392334,23.200300216674805,10283,0.0,0.0,0.0
2023-03-24 12:30:00-04:00,23.239999771118164,23.270000457763672,23.229999542236328,23.25,5011,0.0,0.0,0.0
2023-03-24 13:30:00-04:00,23.28700065612793,23.28700065612793,23.25,23.280000686645508,3902,0.0,0.0,0.0
2023-03-24 14:30:00-04:00,23.280000686645508,23.30470085144043,23.27549934387207,23.30470085144043,1962,0.0,0.0,0.0
2023-03-24 15:30:00-04:00,23.34000015258789,23.34000015258789,23.290000915527344,23.29199981689453,6001,0.0,0.0,0.0
2023-03-27 09:30:00-04:00,23.540000915527344,23.58009910583496,23.520000457763672,23.560199737548828,31483,0.0,0.0,0.0
2023-03-27 10:30:00-04:00,23.549999237060547,23.549999237060547,23.496299743652344,23.530000686645508,7831,0.0,0.0,0.0
2023-03-27 11:30:00-04:00,23.540000915527344,23.57040023803711,23.510000228881836,23.56999969482422,5124,0.0,0.0,0.0
2023-03-27 12:30:00-04:00,23.56999969482422,23.586599349975586,23.55500030517578,23.579999923706055,11389,0.0,0.0,0.0
2023-03-27 13:30:00-04:00,23.610000610351562,23.6200008392334,23.59000015258789,23.61989974975586,6267,0.0,0.0,0.0
2023-03-27 14:30:00-04:00,23.625,23.639999389648438,23.609899520874023,23.625,9494,0.0,0.0,0.0
2023-03-27 15:30:00-04:00,23.6299991607666,23.6299991607666,23.610000610351562,23.6299991607666,11652,0.0,0.0,0.0
2023-03-28 09:30:00-04:00,23.59000015258789,23.635000228881836,23.579999923706055,23.620100021362305,0,0.0,0.0,0.0
2023-03-28 10:30:00-04:00,23.610000610351562,23.690000534057617,23.610000610351562,23.690000534057617,3548,0.0,0.0,0.0
2023-03-28 11:30:00-04:00,23.690000534057617,23.700000762939453,23.653499603271484,23.65999984741211,6743,0.0,0.0,0.0
2023-03-28 12:30:00-04:00,23.66349983215332,23.66710090637207,23.6299991607666,23.649999618530273,22616,0.0,0.0,0.0
2023-03-28 13:30:00-04:00,23.6299991607666,23.635000228881836,23.56999969482422,23.579999923706055,10310,0.0,0.0,0.0
2023-03-28 14:30:00-04:00,23.565399169921875,23.600000381469727,23.559999465942383,23.579999923706055,2397,0.0,0.0,0.0
2023-03-28 15:30:00-04:00,23.59000015258789,23.629899978637695,23.59000015258789,23.613800048828125,692,0.0,0.0,0.0
2023-03-29 09:30:00-04:00,23.81999969482422,23.90999984741211,23.81999969482422,23.899999618530273,0,0.0,0.0,0.0
2023-03-29 10:30:00-04:00,23.889999389648438,23.889999389648438,23.834999084472656,23.850000381469727,8661,0.0,0.0,0.0
2023-03-29 11:30:00-04:00,23.899999618530273,23.90999984741211,23.885000228881836,23.899999618530273,7125,0.0,0.0,0.0
2023-03-29 12:30:00-04:00,23.8799991607666,23.899999618530273,23.875,23.8799991607666,4871,0.0,0.0,0.0
2023-03-29 13:30:00-04:00,23.86949920654297,23.86989974975586,23.850000381469727,23.860000610351562,4027,0.0,0.0,0.0
2023-03-29 14:30:00-04:00,23.854999542236328,23.89229965209961,23.854999542236328,23.89229965209961,3944,0.0,0.0,0.0
2023-03-29 15:30:00-04:00,23.88759994506836,23.90999984741211,23.88759994506836,23.889999389648438,1401,0.0,0.0,0.0
2023-03-30 09:30:00-04:00,24.209999084472656,24.209999084472656,24.139999389648438,24.20870018005371,0,0.0,0.0,0.0
2023-03-30 10:30:00-04:00,24.16950035095215,24.20989990234375,24.15999984741211,24.190000534057617,7048,0.0,0.0,0.0
2023-03-30 11:30:00-04:00,24.18000030517578,24.19499969482422,24.170000076293945,24.19499969482422,5945,0.0,0.0,0.0
2023-03-30 12:30:00-04:00,24.190000534057617,24.190099716186523,24.170000076293945,24.174999237060547,5018,0.0,0.0,0.0
2023-03-30 13:30:00-04:00,24.15999984741211,24.18000030517578,24.15999984741211,24.18000030517578,1179,0.0,0.0,0.0
2023-03-30 14:30:00-04:00,24.201000213623047,24.205900192260742,24.18000030517578,24.19499969482422,10479,0.0,0.0,0.0
2023-03-30 15:30:00-04:00,24.200000762939453,24.25,24.200000762939453,24.239999771118164,133678,0.0,0.0,0.0
2023-03-31 09:30:00-04:00,24.229999542236328,24.299999237060547,24.229999542236328,24.274999618530273,10893,0.0,0.0,0.0
2023-03-31 10:30:00-04:00,24.252899169921875,24.260000228881836,24.200000762939453,24.239999771118164,12757,0.0,0.0,0.0
2023-03-31 11:30:00-04:00,24.219999313354492,24.229999542236328,24.19499969482422,24.209999084472656,210799,0.0,0.0,0.0
2023-03-31 12:30:00-04:00,24.19499969482422,24.209999084472656,24.193099975585938,24.19499969482422,4050,0.0,0.0,0.0
2023-03-31 13:30:00-04:00,24.173099517822266,24.200000762939453,24.155000686645508,24.190000534057617,21723,0.0,0.0,0.0
2023-03-31 14:30:00-04:00,24.209999084472656,24.229999542236328,24.196300506591797,24.211599349975586,9117,0.0,0.0,0.0
2023-03-31 15:30:00-04:00,24.219999313354492,24.219999313354492,24.19499969482422,24.209999084472656,9561,0.0,0.0,0.0
2023-04-03 09:30:00-04:00,24.350000381469727,24.5,24.350000381469727,24.5,0,0.0,0.0,0.0
2023-04-03 10:30:00-04:00,24.50320053100586,24.50320053100586,24.352800369262695,24.352800369262695,8132,0.0,0.0,0.0
2023-04-03 11:30:00-04:00,24.41990089416504,24.420000076293945,24.400999069213867,24.420000076293945,7618,0.0,0.0,0.0
2023-04-03 12:30:00-04:00,24.420000076293945,24.420000076293945,24.403200149536133,24.420000076293945,7918,0.0,0.0,0.0
2023-04-03 13:30:00-04:00,24.420000076293945,24.440000534057617,24.40999984741211,24.440000534057617,3055,0.0,0.0,0.0
2023-04-03 14:30:00-04:00,24.485000610351562,24.489999771118164,24.485000610351562,24.489999771118164,1484,0.0,0.0,0.0
2023-04-03 15:30:00-04:00,24.491500854492188,24.530000686645508,24.485000610351562,24.530000686645508,6058,0.0,0.0,0.0
2023-04-04 09:30:00-04:00,24.559999465942383,24.579999923706055,24.549999237060547,24.579999923706055,0,0.0,0.0,0.0
2023-04-04 10:30:00-04:00,24.572399139404297,24.572399139404297,24.479999542236328,24.479999542236328,9994,0.0,0.0,0.0
2023-04-04 11:30:00-04:00,24.489999771118164,24.489999771118164,24.4468994140625,24.4468994140625,13047,0.0,0.0,0.0
2023-04-04 12:30:00-04:00,24.440000534057617,24.470699310302734,24.440000534057617,24.469999313354492,1172,0.0,0.0,0.0
2023-04-04 13:30:00-04:00,24.5,24.5,24.479999542236328,24.485000610351562,5213,0.0,0.0,0.0
2023-04-04 14:30:00-04:00,24.469999313354492,24.476999282836914,24.45009994506836,24.463499069213867,1910,0.0,0.0,0.0
2023-04-04 15:30:00-04:00,24.459999084472656,24.499399185180664,24.454999923706055,24.489999771118164,2531,0.0,0.0,0.0
2023-04-05 09:30:00-04:00,24.489999771118164,24.575000762939453,24.479999542236328,24.479999542236328,0,0.0,0.0,0.0
2023-04-05 10:30:00-04:00,24.479999542236328,24.479999542236328,24.40999984741211,24.450000762939453,5807,0.0,0.0,0.0
2023-04-05 11:30:00-04:00,24.489999771118164,24.50979995727539,24.489999771118164,24.489999771118164,929,0.0,0.0,0.0
2023-04-05 12:30:00-04:00,24.479400634765625,24.497900009155273,24.46500015258789,24.489999771118164,1921,0.0,0.0,0.0
2023-04-05 13:30:00-04:00,24.477399826049805,24.5,24.477399826049805,24.480499267578125,2113,0.0,0.0,0.0
2023-04-05 14:30:00-04:00,24.520000457763672,24.520000457763672,24.485000610351562,24.5,2039,0.0,0.0,0.0
2023-04-05 15:30:00-04:00,24.489999771118164,24.51020050048828,24.489999771118164,24.51020050048828,1257,0.0,0.0,0.0
2023-04-06 09:30:00-04:00,24.600000381469727,24.670000076293945,24.600000381469727,24.65999984741211,0,0.0,0.0,0.0
2023-04-06 10:30:00-04:00,24.65999984741211,24.690000534057617,24.639999389648438,24.670000076293945,3546,0.0,0.0,0.0
2023-04-06 11:30:00-04:00,24.709999084472656,24.770000457763672,24.704999923706055,24.761999130249023,6130,0.0,0.0,0.0
2023-04-06 12:30:00-04:00,24.790000915527344,24.790000915527344,24.774999618530273,24.774999618530273,10755,0.0,0.0,0.0
2023-04-06 13:30:00-04:00,24.780000686645508,24.78499984741211,24.770000457763672,24.78499984741211,5203,0.0,0.0,0.0
2023-04-06 14:30:00-04:00,24.78499984741211,24.78499984741211,24.729999542236328,24.739999771118164,5533,0.0,0.0,0.0
2023-04-06 15:30:00-04:00,24.740800857543945,24.740800857543945,24.719999313354492,24.738399505615234,4301,0.0,0.0,0.0
2023-04-10 09:30:00-04:00,24.549999237060547,24.68000030517578,24.540000915527344,24.610000610351562,0,0.0,0.0,0.0
2023-04-10 10:30:00-04:00,24.625,24.72249984741211,24.620100021362305,24.72249984741211,32856,0.0,0.0,0.0
2023-04-10 11:30:00-04:00,24.689899444580078,24.689899444580078,24.610000610351562,24.6299991607666,39330,0.0,0.0,0.0
2023-04-10 12:30:00-04:00,24.670000076293945,24.700000762939453,24.670000076293945,24.700000762939453,3927,0.0,0.0,0.0
2023-04-10 13:30:00-04:00,24.700000762939453,24.700000762939453,24.690000534057617,24.690000534057617,9834,0.0,0.0,0.0
2023-04-10 14:30:00-04:00,24.690000534057617,24.706300735473633,24.690000534057617,24.706300735473633,6119,0.0,0.0,0.0
2023-04-10 15:30:00-04:00,24.690000534057617,24.739999771118164,24.687000274658203,24.73819923400879,2823,0.0,0.0,0.0
2023-04-11 09:30:00-04:00,24.790000915527344,24.852500915527344,24.790000915527344,24.852500915527344,0,0.0,0.0,0.0
2023-04-11 10:30:00-04:00,24.81999969482422,24.823400497436523,24.80500030517578,24.809999465942383,182943,0.0,0.0,0.0
2023-04-11 11:30:00-04:00,24.812299728393555,24.812299728393555,24.790000915527344,24.7992000579834,3496,0.0,0.0,0.0
2023-04-11 12:30:00-04:00,24.795000076293945,24.81999969482422,24.790000915527344,24.809999465942383,3071,0.0,0.0,0.0
2023-04-11 13:30:00-04:00,24.80500030517578,24.84000015258789,24.80500030517578,24.82699966430664,4188,0.0,0.0,0.0
2023-04-11 14:30:00-04:00,24.83009910583496,24.83370018005371,24.82029914855957,24.829999923706055,9933,0.0,0.0,0.0
2023-04-11 15:30:00-04:00,24.84000015258789,24.84000015258789,24.790000915527344,24.80500030517578,31388,0.0,0.0,0.0
2023-04-12 09:30:00-04:00,25.020000457763672,25.075000762939453,25.0,25.069900512695312,0,0.0,0.0,0.0
2023-04-12 10:30:00-04:00,25.03499984741211,25.046899795532227,24.959999084472656,25.010000228881836,10655,0.0,0.0,0.0
2023-04-12 11:30:00-04:00,25.02989959716797,25.10540008544922,25.014999389648438,25.094999313354492,7997,0.0,0.0,0.0
2023-04-12 12:30:00-04:00,25.100000381469727,25.110000610351562,25.079999923706055,25.09000015258789,7953,0.0,0.0,0.0
2023-04-12 13:30:00-04:00,25.100000381469727,25.139999389648438,25.100000381469727,25.100000381469727,8570,0.0,0.0,0.0
2023-04-12 14:30:00-04:00,25.06999969482422,25.08650016784668,25.020000457763672,25.020000457763672,12856,0.0,0.0,0.0
2023-04-12 15:30:00-04:00,25.020000457763672,25.020000457763672,25.0,25.010000228881836,3868,0.0,0.0,0.0
2023-04-13 09:30:00-04:00,25.18000030517578,25.225000381469727,25.170000076293945,25.210899353027344,110801,0.0,0.0,0.0
2023-04-13 10:30:00-04:00,25.200000762939453,25.219200134277344,25.15999984741211,25.219200134277344,7131,0.0,0.0,0.0
2023-04-13 11:30:00-04:00,25.229999542236328,25.25,25.229999542236328,25.238100051879883,3084,0.0,0.0,0.0
2023-04-13 12:30:00-04:00,25.249099731445312,25.267900466918945,25.239999771118164,25.267900466918945,1285,0.0,0.0,0.0
2023-04-13 13:30:00-04:00,25.280000686645508,25.309999465942383,25.280000686645508,25.299999237060547,7701,0.0,0.0,0.0
2023-04-13 14:30:00-04:00,25.295000076293945,25.306299209594727,25.290000915527344,25.290000915527344,1747,0.0,0.0,0.0
2023-04-13 15:30:00-04:00,25.299999237060547,25.309999465942383,25.290000915527344,25.290000915527344,22641,0.0,0.0,0.0
2023-04-14 09:30:00-04:00,25.309999465942383,25.31999969482422,25.200000762939453,25.209999084472656,0,0.0,0.0,0.0
2023-04-14 10:30:00-04:00,25.209999084472656,25.219999313354492,25.15999984741211,25.15999984741211,47878,0.0,0.0,0.0
2023-04-14 11:30:00-04:00,25.149999618530273,25.15999984741211,25.1200008392334,25.1299991607666,37528,0.0,0.0,0.0
2023-04-14 12:30:00-04:00,25.1200008392334,25.1200008392334,25.09000015258789,25.1200008392334,3198,0.0,0.0,0.0
2023-04-14 13:30:00-04:00,25.100000381469727,25.110000610351562,25.100000381469727,25.110000610351562,276,0.0,0.0,0.0
2023-04-14 14:30:00-04:00,25.155000686645508,25.165000915527344,25.1299991607666,25.143800735473633,3126,0.0,0.0,0.0
2023-04-14 15:30:00-04:00,25.140100479125977,25.190000534057617,25.139999389648438,25.15999984741211,11459,0.0,0.0,0.0
2023-04-17 09:30:00-04:00,25.100000381469727,25.139999389648438,25.065000534057617,25.075000762939453,0,0.0,0.0,0.0
2023-04-17 10:30:00-04:00,25.059999465942383,25.065000534057617,25.020000457763672,25.020000457763672,4979,0.0,0.0,0.0
2023-04-17 11:30:00-04:00,25.03499984741211,25.057300567626953,25.030000686645508,25.050100326538086,2203,0.0,0.0,0.0
2023-04-17 12:30:00-04:00,25.05500030517578,25.059999465942383,25.05500030517578,25.059999465942383,327,0.0,0.0,0.0
2023-04-17 13:30:00-04:00,25.084999084472656,25.084999084472656,25.049999237060547,25.059999465942383,13137,0.0,0.0,0.0
2023-04-17 14:30:00-04:00,25.06999969482422,25.100000381469727,25.06999969482422,25.100000381469727,17153,0.0,0.0,0.0
2023-04-17 15:30:00-04:00,25.100000381469727,25.139999389648438,25.09000015258789,25.135000228881836,4739,0.0,0.0,0.0
2023-04-18 09:30:00-04:00,25.25,25.270000457763672,25.219999313354492,25.246700286865234,0,0.0,0.0,0.0
2023-04-18 10:30:00-04:00,25.25,25.280000686645508,25.239999771118164,25.239999771118164,3083,0.0,0.0,0.0
2023-04-18 11:30:00-04:00,25.252300262451172,25.260000228881836,25.2283992767334,25.239999771118164,3675,0.0,0.0,0.0
2023-04-18 12:30:00-04:00,25.260000228881836,25.260000228881836,25.239999771118164,25.25,3042,0.0,0.0,0.0
2023-04-18 13:30:00-04:00,25.25040054321289,25.27989959716797,25.25,25.27989959716797,7521,0.0,0.0,0.0
2023-04-18 14:30:00-04:00,25.280000686645508,25.280000686645508,25.25,25.260000228881836,2307,0.0,0.0,0.0
2023-04-18 15:30:00-04:00,25.260000228881836,25.2814998626709,25.260000228881836,25.2814998626709,2905,0.0,0.0,0.0
2023-04-19 09:30:00-04:00,25.25,25.299800872802734,25.25,25.295000076293945,0,0.0,0.0,0.0
2023-04-19 10:30:00-04:00,25.309600830078125,25.309600830078125,25.25,25.25,6300,0.0,0.0,0.0
2023-04-19 11:30:00-04:00,25.239999771118164,25.260000228881836,25.239999771118164,25.243200302124023,7916,0.0,0.0,0.0
2023-04-19 12:30:00-04:00,25.239999771118164,25.270000457763672,25.230100631713867,25.270000457763672,1883,0.0,0.0,0.0
2023-04-19 13:30:00-04:00,25.268800735473633,25.26959991455078,25.25,25.264999389648438,5505,0.0,0.0,0.0
2023-04-19 14:30:00-04:00,25.260000228881836,25.269899368286133,25.260000228881836,25.269899368286133,3267,0.0,0.0,0.0
2023-04-19 15:30:00-04:00,25.260000228881836,25.264999389648438,25.25349998474121,25.260000228881836,1120,0.0,0.0,0.0
2023-04-20 09:30:00-04:00,25.209999084472656,25.31999969482422,25.209999084472656,25.31999969482422,0,0.0,0.0,0.0
2023-04-20 10:30:00-04:00,25.31999969482422,25.34000015258789,25.299999237060547,25.309999465942383,21037,0.0,0.0,0.0
2023-04-20 11:30:00-04:00,25.309999465942383,25.309999465942383,25.309999465942383,25.309999465942383,670,0.0,0.0,0.0
2023-04-20 12:30:00-04:00,25.329999923706055,25.344999313354492,25.299999237060547,25.344999313354492,3144,0.0,0.0,0.0
2023-04-20 13:30:00-04:00,25.332700729370117,25.34000015258789,25.309999465942383,25.309999465942383,6833,0.0,0.0,0.0
2023-04-20 14:30:00-04:00,25.299999237060547,25.299999237060547,25.25,25.260000228881836,6265,0.0,0.0,0.0
2023-04-20 15:30:00-04:00,25.2549991607666,25.290000915527344,25.242799758911133,25.290000915527344,0,0.0,0.0,0.0
2023-04-21 09:30:00-04:00,25.260000228881836,25.27750015258789,25.165000915527344,25.26099967956543,12107,0.0,0.0,0.0
2023-04-21 10:30:00-04:00,25.2450008392334,25.2450008392334,25.200000762939453,25.242700576782227,1873,0.0,0.0,0.0
2023-04-21 11:30:00-04:00,25.260000228881836,25.31999969482422,25.260000228881836,25.309999465942383,7538,0.0,0.0,0.0
2023-04-21 12:30:00-04:00,25.299999237060547,25.31999969482422,25.299999237060547,25.301300048828125,4591,0.0,0.0,0.0
2023-04-21 13:30:00-04:00,25.309999465942383,25.360000610351562,25.300100326538086,25.350000381469727,2221,0.0,0.0,0.0
2023-04-21 14:30:00-04:00,25.344900131225586,25.344900131225586,25.31879997253418,25.32990074157715,5382,0.0,0.0,0.0
2023-04-21 15:30:00-04:00,25.329999923706055,25.350000381469727,25.329999923706055,25.350000381469727,0,0.0,0.0,0.0
2023-04-24 09:30:00-04:00,25.350000381469727,25.405000686645508,25.329599380493164,25.389999389648438,12916,0.0,0.0,0.0
2023-04-24 10:30:00-04:00,25.389999389648438,25.399999618530273,25.375,25.3799991607666,4612,0.0,0.0,0.0
2023-04-24 11:30:00-04:00,25.389999389648438,25.389999389648438,25.350000381469727,25.378400802612305,1077,0.0,0.0,0.0
2023-04-24 12:30:00-04:00,25.360000610351562,25.36240005493164,25.360000610351562,25.36240005493164,2515,0.0,0.0,0.0
2023-04-24 13:30:00-04:00,25.3799991607666,25.399999618530273,25.3799991607666,25.39109992980957,4010,0.0,0.0,0.0
2023-04-24 14:30:00-04:00,25.38290023803711,25.399999618530273,25.3799991607666,25.389999389648438,10068,0.0,0.0,0.0
2023-04-24 15:30:00-04:00,25.389999389648438,25.397199630737305,25.383699417114258,25.397199630737305,0,0.0,0.0,0.0
2023-04-25 09:30:00-04:00,25.25,25.25,25.1200008392334,25.129899978637695,1767,0.0,0.0,0.0
2023-04-25 10:30:00-04:00,25.13050079345703,25.219999313354492,25.1299991607666,25.209999084472656,8852,0.0,0.0,0.0
2023-04-25 11:30:00-04:00,25.187999725341797,25.187999725341797,25.150100708007812,25.150100708007812,0,0.0,0.0,0.0
2023-04-25 12:30:00-04:00,25.15999984741211,25.16029930114746,25.100099563598633,25.100099563598633,17304,0.0,0.0,0.0
2023-04-25 13:30:00-04:00,25.10300064086914,25.110000610351562,25.079999923706055,25.100000381469727,10101,0.0,0.0,0.0
2023-04-25 14:30:00-04:00,25.110000610351562,25.110000610351562,25.09000015258789,25.110000610351562,1323,0.0,0.0,0.0
2023-04-25 15:30:00-04:00,25.110000610351562,25.111000061035156,25.06999969482422,25.06999969482422,29966,0.0,0.0,0.0
2023-04-26 09:30:00-04:00,25.260000228881836,25.274999618530273,25.1299991607666,25.1299991607666,0,0.0,0.0,0.0
2023-04-26 10:30:00-04:00,25.149999618530273,25.190000534057617,25.146299362182617,25.190000534057617,1822,0.0,0.0,0.0
2023-04-26 11:30:00-04:00,25.197099685668945,25.239999771118164,25.197099685668945,25.204999923706055,9531,0.0,0.0,0.0
2023-04-26 12:30:00-04:00,25.18000030517578,25.200000762939453,25.18000030517578,25.190000534057617,17599,0.0,0.0,0.0
2023-04-26 13:30:00-04:00,25.174999237060547,25.179899215698242,25.100000381469727,25.100000381469727,6179,0.0,0.0,0.0
2023-04-26 14:30:00-04:00,25.09000015258789,25.09000015258789,25.059999465942383,25.060199737548828,5538,0.0,0.0,0.0
2023-04-26 15:30:00-04:00,25.059999465942383,25.110000610351562,25.050100326538086,25.104999542236328,5711,0.0,0.0,0.0
2023-04-27 09:30:00-04:00,25.139999389648438,25.18779945373535,25.139999389648438,25.18779945373535,0,0.0,0.0,0.0
2023-04-27 10:30:00-04:00,25.149999618530273,25.18000030517578,25.1200008392334,25.18000030517578,22682,0.0,0.0,0.0
2023-04-27 11:30:00-04:00,25.190000534057617,25.190000534057617,25.18000030517578,25.18000030517578,1282,0.0,0.0,0.0
2023-04-27 12:30:00-04:00,25.190000534057617,25.20989990234375,25.17259979248047,25.20989990234375,2666,0.0,0.0,0.0
2023-04-27 13:30:00-04:00,25.260000228881836,25.264999389648438,25.25,25.260000228881836,13719,0.0,0.0,0.0
2023-04-27 14:30:00-04:00,25.290000915527344,25.333599090576172,25.280000686645508,25.329999923706055,11654,0.0,0.0,0.0
2023-04-27 15:30:00-04:00,25.30500030517578,25.329999923706055,25.30500030517578,25.329999923706055,22430,0.0,0.0,0.0
2023-04-28 09:30:00-04:00,25.299999237060547,25.3700008392334,25.280000686645508,25.3700008392334,10640,0.0,0.0,0.0
2023-04-28 10:30:00-04:00,25.360000610351562,25.450000762939453,25.360000610351562,25.450000762939453,3407,0.0,0.0,0.0
2023-04-28 11:30:00-04:00,25.5,25.520000457763672,25.5,25.509899139404297,30452,0.0,0.0,0.0
2023-04-28 12:30:00-04:00,25.520000457763672,25.520000457763672,25.49020004272461,25.510000228881836,2918,0.0,0.0,0.0
2023-04-28 13:30:00-04:00,25.514999389648438,25.514999389648438,25.479999542236328,25.489999771118164,16297,0.0,0.0,0.0
2023-04-28 14:30:00-04:00,25.479999542236328,25.479999542236328,25.450000762939453,25.450000762939453,11080,0.0,0.0,0.0
2023-04-28 15:30:00-04:00,25.450000762939453,25.485000610351562,25.440099716186523,25.485000610351562,2031,0.0,0.0,0.0
2023-05-01 09:30:00-04:00,25.399999618530273,25.530000686645508,25.399999618530273,25.4950008392334,0,0.0,0.0,0.0
2023-05-01 10:30:00-04:00,25.454999923706055,25.524999618530273,25.454999923706055,25.46500015258789,11206,0.0,0.0,0.0
2023-05-01 11:30:00-04:00,25.458900451660156,25.458900451660156,25.440000534057617,25.440000534057617,1475,0.0,0.0,0.0
2023-05-01 12:30:00-04:00,25.4867000579834,25.489999771118164,25.451000213623047,25.469999313354492,4203,0.0,0.0,0.0
2023-05-01 13:30:00-04:00,25.450000762939453,25.499900817871094,25.450000762939453,25.472900390625,4842,0.0,0.0,0.0
2023-05-01 14:30:00-04:00,25.440000534057617,25.440000534057617,25.40999984741211,25.40999984741211,5711,0.0,0.0,0.0
2023-05-01 15:30:00-04:00,25.425500869750977,25.425500869750977,25.40999984741211,25.420000076293945,1162,0.0,0.0,0.0
2023-05-02 09:30:00-04:00,25.209999084472656,25.209999084472656,25.020000457763672,25.040000915527344,0,0.0,0.0,0.0
2023-05-02 10:30:00-04:00,25.049999237060547,25.06999969482422,24.979999542236328,24.979999542236328,32227,0.0,0.0,0.0
2023-05-02 11:30:00-04:00,24.959999084472656,25.010000228881836,24.955400466918945,24.99799919128418,8583,0.0,0.0,0.0
2023-05-02 12:30:00-04:00,25.0,25.030000686645508,24.9950008392334,25.030000686645508,5713,0.0,0.0,0.0
2023-05-02 13:30:00-04:00,25.040000915527344,25.05500030517578,25.020000457763672,25.024999618530273,2143,0.0,0.0,0.0
2023-05-02 14:30:00-04:00,25.02090072631836,25.079999923706055,25.02090072631836,25.079999923706055,5069,0.0,0.0,0.0
2023-05-02 15:30:00-04:00,25.05579948425293,25.079999923706055,25.049999237060547,25.059999465942383,5074,0.0,0.0,0.0
2023-05-03 09:30:00-04:00,25.110000610351562,25.149999618530273,25.110000610351562,25.149999618530273,0,0.0,0.0,0.0
2023-05-03 10:30:00-04:00,25.149999618530273,25.18000030517578,25.139999389648438,25.18000030517578,4487,0.0,0.0,0.0
2023-05-03 11:30:00-04:00,25.1919002532959,25.1919002532959,25.170000076293945,25.190799713134766,17242,0.0,0.0,0.0
2023-05-03 12:30:00-04:00,25.219999313354492,25.219999313354492,25.219999313354492,25.219999313354492,2389,0.0,0.0,0.0
2023-05-03 13:30:00-04:00,25.229999542236328,25.25,25.20050048828125,25.239999771118164,10669,0.0,0.0,0.0
2023-05-03 14:30:00-04:00,25.195499420166016,25.229999542236328,25.149999618530273,25.15999984741211,0,0.0,0.0,0.0
2023-05-03 15:30:00-04:00,25.1200008392334,25.1200008392334,25.09000015258789,25.09000015258789,73430,0.0,0.0,0.0
2023-05-04 09:30:00-04:00,25.010000228881836,25.100000381469727,24.989999771118164,25.010000228881836,0,0.0,0.0,0.0
2023-05-04 10:30:00-04:00,24.989999771118164,25.0,24.979999542236328,24.989999771118164,2193,0.0,0.0,0.0
2023-05-04 11:30:00-04:00,24.97960090637207,25.020000457763672,24.97960090637207,25.020000457763672,4002,0.0,0.0,0.0
2023-05-04 12:30:00-04:00,25.030000686645508,25.04990005493164,25.010000228881836,25.046199798583984,6641,0.0,0.0,0.0
2023-05-04 13:30:00-04:00,25.049999237060547,25.059999465942383,25.049999237060547,25.059999465942383,1564,0.0,0.0,0.0
2023-05-04 14:30:00-04:00,25.0,25.031299591064453,25.0,25.030000686645508,8123,0.0,0.0,0.0
2023-05-04 15:30:00-04:00,25.040000915527344,25.040000915527344,25.0049991607666,25.030000686645508,8277,0.0,0.0,0.0
2023-05-05 09:30:00-04:00,25.18000030517578,25.270000457763672,25.174999237060547,25.270000457763672,0,0.0,0.0,0.0
2023-05-05 10:30:00-04:00,25.270000457763672,25.339099884033203,25.25,25.339099884033203,6182,0.0,0.0,0.0
2023-05-05 11:30:00-04:00,25.354999542236328,25.360000610351562,25.340999603271484,25.360000610351562,0,0.0,0.0,0.0
2023-05-05 12:30:00-04:00,25.360000610351562,25.385000228881836,25.360000610351562,25.385000228881836,0,0.0,0.0,0.0
2023-05-05 13:30:00-04:00,25.389999389648438,25.40999984741211,25.379899978637695,25.385000228881836,28334,0.0,0.0,0.0
2023-05-05 14:30:00-04:00,25.440000534057617,25.440000534057617,25.440000534057617,25.440000534057617,322,0.0,0.0,0.0
2023-05-05 15:30:00-04:00,25.424999237060547,25.424999237060547,25.394500732421875,25.395700454711914,0,0.0,0.0,0.0
2023-05-08 09:30:00-04:00,25.549999237060547,25.549999237060547,25.430999755859375,25.44499969482422,4718,0.0,0.0,0.0
2023-05-08 10:30:00-04:00,25.440000534057617,25.48509979248047,25.440000534057617,25.48509979248047,9059,0.0,0.0,0.0
2023-05-08 11:30:00-04:00,25.5,25.5,25.489999771118164,25.489999771118164,2609,0.0,0.0,0.0
2023-05-08 12:30:00-04:00,25.489999771118164,25.496700286865234,25.469999313354492,25.469999313354492,3585,0.0,0.0,0.0
2023-05-08 13:30:00-04:00,25.450000762939453,25.450000762939453,25.38010025024414,25.428300857543945,13144,0.0,0.0,0.0
2023-05-08 14:30:00-04:00,25.43000030517578,25.440000534057617,25.43000030517578,25.43000030517578,1577,0.0,0.0,0.0
2023-05-08 15:30:00-04:00,25.399999618530273,25.399999618530273,25.399999618530273,25.399999618530273,8891,0.0,0.0,0.0
2023-05-09 09:30:00-04:00,25.18000030517578,25.260000228881836,25.170000076293945,25.239999771118164,0,0.0,0.0,0.0
2023-05-09 10:30:00-04:00,25.229999542236328,25.270000457763672,25.219999313354492,25.258800506591797,7390,0.0,0.0,0.0
2023-05-09 11:30:00-04:00,25.260000228881836,25.270000457763672,25.2549991607666,25.2549991607666,3444,0.0,0.0,0.0
2023-05-09 12:30:00-04:00,25.260000228881836,25.260000228881836,25.25,25.260000228881836,2000,0.0,0.0,0.0
2023-05-09 13:30:00-04:00,25.290000915527344,25.309999465942383,25.290000915527344,25.309999465942383,1803,0.0,0.0,0.0
2023-05-09 14:30:00-04:00,25.289600372314453,25.303300857543945,25.289600372314453,25.290000915527344,1937,0.0,0.0,0.0
2023-05-09 15:30:00-04:00,25.29949951171875,25.29949951171875,25.270700454711914,25.270700454711914,1234,0.0,0.0,0.0
2023-05-10 09:30:00-04:00,25.329999923706055,25.329999923706055,25.225000381469727,25.270000457763672,0,0.0,0.0,0.0
2023-05-10 10:30:00-04:00,25.239999771118164,25.239999771118164,25.170000076293945,25.200000762939453,0,0.0,0.0,0.0
2023-05-10 11:30:00-04:00,25.200000762939453,25.20599937438965,25.190000534057617,25.190000534057617,0,0.0,0.0,0.0
2023-05-10 12:30:00-04:00,25.179800033569336,25.18000030517578,25.1299991607666,25.1299991607666,19784,0.0,0.0,0.0
2023-05-10 13:30:00-04:00,25.079999923706055,25.158000946044922,25.079999923706055,25.158000946044922,0,0.0,0.0,0.0
2023-05-10 14:30:00-04:00,25.201499938964844,25.260000228881836,25.201499938964844,25.260000228881836,28164,0.0,0.0,0.0
2023-05-10 15:30:00-04:00,25.25,25.260000228881836,25.239999771118164,25.239999771118164,1118,0.0,0.0,0.0
2023-05-11 09:30:00-04:00,24.920000076293945,24.93000030517578,24.844999313354492,24.864999771118164,0,0.0,0.0,0.0
2023-05-11 10:30:00-04:00,24.885000228881836,24.959999084472656,24.885000228881836,24.959999084472656,5801,0.0,0.0,0.0
2023-05-11 11:30:00-04:00,24.985000610351562,25.010000228881836,24.979999542236328,25.010000228881836,3101,0.0,0.0,0.0
2023-05-11 12:30:00-04:00,25.014999389648438,25.020000457763672,25.009700775146484,25.020000457763672,2425,0.0,0.0,0.0
2023-05-11 13:30:00-04:00,25.0,25.010900497436523,25.0,25.010000228881836,1679,0.0,0.0,0.0
2023-05-11 14:30:00-04:00,25.045000076293945,25.045000076293945,25.025999069213867,25.030000686645508,1929,0.0,0.0,0.0
2023-05-11 15:30:00-04:00,25.03499984741211,25.048500061035156,25.030000686645508,25.048500061035156,424,0.0,0.0,0.0
2023-05-12 09:30:00-04:00,25.040000915527344,25.040000915527344,25.040000915527344,25.040000915527344,0,0.0,0.0,0.0
2023-05-12 10:30:00-04:00,25.020000457763672,25.02989959716797,24.97010040283203,24.975000381469727,9936,0.0,0.0,0.0
2023-05-12 11:30:00-04:00,24.969999313354492,24.969999313354492,24.946699142456055,24.946699142456055,0,0.0,0.0,0.0
2023-05-12 12:30:00-04:00,24.91990089416504,24.950000762939453,24.889999389648438,24.950000762939453,17349,0.0,0.0,0.0
2023-05-12 13:30:00-04:00,24.924999237060547,24.93000030517578,24.889999389648438,24.889999389648438,3566,0.0,0.0,0.0
2023-05-12 14:30:00-04:00,24.889999389648438,24.90999984741211,24.889999389648438,24.908100128173828,12330,0.0,0.0,0.0
2023-05-12 15:30:00-04:00,24.90999984741211,24.959999084472656,24.90999984741211,24.959999084472656,6477,0.0,0.0,0.0
2023-05-15 09:30:00-04:00,25.110000610351562,25.1200008392334,25.094999313354492,25.094999313354492,0,0.0,0.0,0.0
2023-05-15 10:30:00-04:00,25.149900436401367,25.149999618530273,25.149900436401367,25.149999618530273,9888,0.0,0.0,0.0
2023-05-15 11:30:00-04:00,25.15999984741211,25.16990089416504,25.15999984741211,25.16990089416504,1926,0.0,0.0,0.0
2023-05-15 12:30:00-04:00,25.18000030517578,25.25,25.18000030517578,25.229999542236328,7787,0.0,0.0,0.0
2023-05-15 13:30:00-04:00,25.21500015258789,25.229999542236328,25.184099197387695,25.229999542236328,35419,0.0,0.0,0.0
2023-05-15 14:30:00-04:00,25.229999542236328,25.229999542236328,25.219100952148438,25.219100952148438,1046,0.0,0.0,0.0
2023-05-15 15:30:00-04:00,25.219999313354492,25.219999313354492,25.219999313354492,25.219999313354492,685,0.0,0.0,0.0
2023-05-16 09:30:00-04:00,25.1200008392334,25.1200008392334,25.030099868774414,25.030099868774414,0,0.0,0.0,0.0
2023-05-16 10:30:00-04:00,25.05500030517578,25.058300018310547,24.989999771118164,25.01759910583496,10581,0.0,0.0,0.0
2023-05-16 11:30:00-04:00,25.0,25.030000686645508,25.0,25.010000228881836,3813,0.0,0.0,0.0
2023-05-16 12:30:00-04:00,24.9950008392334,25.007699966430664,24.9950008392334,25.0,3087,0.0,0.0,0.0
2023-05-16 13:30:00-04:00,24.969999313354492,25.0,24.969999313354492,24.975000381469727,5420,0.0,0.0,0.0
2023-05-16 14:30:00-04:00,24.979999542236328,24.979999542236328,24.959999084472656,24.959999084472656,32950,0.0,0.0,0.0
2023-05-16 15:30:00-04:00,24.959999084472656,24.969999313354492,24.920000076293945,24.93000030517578,0,0.0,0.0,0.0
2023-05-17 09:30:00-04:00,24.950000762939453,24.950000762939453,24.860000610351562,24.860000610351562,5843,0.0,0.0,0.0
2023-05-17 10:30:00-04:00,24.889999389648438,24.895000457763672,24.860000610351562,24.895000457763672,9568,0.0,0.0,0.0
2023-05-17 11:30:00-04:00,24.899999618530273,24.950000762939453,24.899999618530273,24.940099716186523,4980,0.0,0.0,0.0
2023-05-17 12:30:00-04:00,25.0,25.059999465942383,25.0,25.059999465942383,16605,0.0,0.0,0.0
2023-05-17 13:30:00-04:00,25.05500030517578,25.079999923706055,25.040000915527344,25.040000915527344,4178,0.0,0.0,0.0
2023-05-17 14:30:00-04:00,25.040000915527344,25.040000915527344,25.020000457763672,25.020000457763672,2217,0.0,0.0,0.0
2023-05-17 15:30:00-04:00,25.030000686645508,25.049999237060547,25.030000686645508,25.049999237060547,4636,0.0,0.0,0.0
2023-05-18 09:30:00-04:00,24.979999542236328,24.979999542236328,24.870100021362305,24.870100021362305,0,0.0,0.0,0.0
2023-05-18 10:30:00-04:00,24.8700008392334,24.889999389648438,24.860000610351562,24.889999389648438,852,0.0,0.0,0.0
2023-05-18 11:30:00-04:00,24.895000457763672,24.919599533081055,24.84000015258789,24.84040069580078,5331,0.0,0.0,0.0
2023-05-18 12:30:00-04:00,24.829999923706055,24.839799880981445,24.809999465942383,24.829999923706055,3518,0.0,0.0,0.0
2023-05-18 13:30:00-04:00,24.81999969482422,24.84000015258789,24.799999237060547,24.84000015258789,9423,0.0,0.0,0.0
2023-05-18 14:30:00-04:00,24.83009910583496,24.8799991607666,24.83009910583496,24.8700008392334,4680,0.0,0.0,0.0
2023-05-18 15:30:00-04:00,24.871599197387695,24.920299530029297,24.871599197387695,24.920299530029297,0,0.0,0.0,0.0
2023-05-19 09:30:00-04:00,25.0,25.09119987487793,25.0,25.079999923706055,6824,0.0,0.0,0.0
2023-05-19 10:30:00-04:00,25.050100326538086,25.09760093688965,25.020200729370117,25.059999465942383,6826,0.0,0.0,0.0
2023-05-19 11:30:00-04:00,25.030000686645508,25.049999237060547,25.000200271606445,25.02199935913086,2134,0.0,0.0,0.0
2023-05-19 12:30:00-04:00,25.020000457763672,25.049999237060547,25.020000457763672,25.049999237060547,4912,0.0,0.0,0.0
2023-05-19 13:30:00-04:00,25.042200088500977,25.042200088500977,25.020000457763672,25.040000915527344,5277,0.0,0.0,0.0
2023-05-19 14:30:00-04:00,25.03230094909668,25.040000915527344,25.030000686645508,25.030000686645508,3690,0.0,0.0,0.0
2023-05-19 15:30:00-04:00,25.03499984741211,25.08989906311035,25.03499984741211,25.08989906311035,0,0.0,0.0,0.0
2023-05-22 09:30:00-04:00,25.010000228881836,25.075000762939453,24.989999771118164,24.989999771118164,908,0.0,0.0,0.0
2023-05-22 10:30:00-04:00,24.997400283813477,25.0,24.959999084472656,24.989999771118164,7776,0.0,0.0,0.0
2023-05-22 11:30:00-04:00,24.995100021362305,25.040000915527344,24.995100021362305,25.020000457763672,2805,0.0,0.0,0.0
2023-05-22 12:30:00-04:00,25.036500930786133,25.036500930786133,25.024999618530273,25.03499984741211,4121,0.0,0.0,0.0
2023-05-22 13:30:00-04:00,25.03499984741211,25.05500030517578,25.03499984741211,25.049999237060547,9484,0.0,0.0,0.0
2023-05-22 14:30:00-04:00,25.049999237060547,25.068099975585938,25.040000915527344,25.040000915527344,2401,0.0,0.0,0.0
2023-05-22 15:30:00-04:00,25.022300720214844,25.02549934387207,25.01689910888672,25.01689910888672,0,0.0,0.0,0.0
2023-05-23 09:30:00-04:00,24.969999313354492,24.989599227905273,24.959999084472656,24.96969985961914,3191,0.0,0.0,0.0
2023-05-23 10:30:00-04:00,24.971200942993164,24.971200942993164,24.951799392700195,24.954999923706055,2830,0.0,0.0,0.0
2023-05-23 11:30:00-04:00,24.96269989013672,24.979999542236328,24.950000762939453,24.950000762939453,2867,0.0,0.0,0.0
2023-05-23 12:30:00-04:00,24.93000030517578,24.93000030517578,24.90999984741211,24.93000030517578,1553,0.0,0.0,0.0
2023-05-23 13:30:00-04:00,24.8799991607666,24.890600204467773,24.83650016784668,24.83650016784668,2660,0.0,0.0,0.0
2023-05-23 14:30:00-04:00,24.85770034790039,24.860000610351562,24.84000015258789,24.84000015258789,957,0.0,0.0,0.0
2023-05-23 15:30:00-04:00,24.850000381469727,24.851900100708008,24.829999923706055,24.829999923706055,1304,0.0,0.0,0.0
2023-05-24 09:30:00-04:00,24.479999542236328,24.479999542236328,24.315799713134766,24.315799713134766,0,0.0,0.0,0.0
2023-05-24 10:30:00-04:00,24.360000610351562,24.40999984741211,24.33009910583496,24.350000381469727,53333,0.0,0.0,0.0
2023-05-24 11:30:00-04:00,24.3799991607666,24.440000534057617,24.3799991607666,24.391199111938477,105118,0.0,0.0,0.0
2023-05-24 12:30:00-04:00,24.399999618530273,24.43000030517578,24.389999389648438,24.40999984741211,4292,0.0,0.0,0.0
2023-05-24 13:30:00-04:00,24.40999984741211,24.43000030517578,24.389999389648438,24.389999389648438,14812,0.0,0.0,0.0
2023-05-24 14:30:00-04:00,24.399999618530273,24.42009925842285,24.3700008392334,24.42009925842285,1612,0.0,0.0,0.0
2023-05-24 15:30:00-04:00,24.399999618530273,24.399999618530273,24.3799991607666,24.382699966430664,5846,0.0,0.0,0.0
2023-05-25 09:30:00-04:00,24.280000686645508,24.280000686645508,24.16010093688965,24.217199325561523,0,0.0,0.0,0.0
2023-05-25 10:30:00-04:00,24.229900360107422,24.26759910583496,24.200000762939453,24.200000762939453,36169,0.0,0.0,0.0
2023-05-25 11:30:00-04:00,24.149999618530273,24.149999618530273,24.1299991607666,24.13990020751953,6924,0.0,0.0,0.0
2023-05-25 12:30:00-04:00,24.15999984741211,24.15999984741211,24.131399154663086,24.131399154663086,21526,0.0,0.0,0.0
2023-05-25 13:30:00-04:00,24.190000534057617,24.228700637817383,24.188499450683594,24.219999313354492,2944,0.0,0.0,0.0
2023-05-25 14:30:00-04:00,24.169599533081055,24.190099716186523,24.149999618530273,24.17099952697754,3690,0.0,0.0,0.0
2023-05-25 15:30:00-04:00,24.200000762939453,24.204999923706055,24.18000030517578,24.200000762939453,34949,0.0,0.0,0.0
2023-05-26 09:30:00-04:00,24.270000457763672,24.389999389648438,24.270000457763672,24.382699966430664,0,0.0,0.0,0.0
2023-05-26 10:30:00-04:00,24.3705997467041,24.40999984741211,24.350000381469727,24.350000381469727,190774,0.0,0.0,0.0
2023-05-26 11:30:00-04:00,24.360000610351562,24.38990020751953,24.350000381469727,24.38990020751953,25038,0.0,0.0,0.0
2023-05-26 12:30:00-04:00,24.389999389648438,24.399999618530273,24.389999389648438,24.399999618530273,202035,0.0,0.0,0.0
2023-05-26 13:30:00-04:00,24.388900756835938,24.399999618530273,24.388900756835938,24.399999618530273,2467,0.0,0.0,0.0
2023-05-26 14:30:00-04:00,24.415000915527344,24.440000534057617,24.415000915527344,24.43000030517578,3879,0.0,0.0,0.0
2023-05-26 15:30:00-04:00,24.43000030517578,24.43000030517578,24.424999237060547,24.424999237060547,779,0.0,0.0,0.0
2023-05-30 09:30:00-04:00,24.3799991607666,24.389999389648438,24.290000915527344,24.290000915527344,0,0.0,0.0,0.0
2023-05-30 10:30:00-04:00,24.299999237060547,24.31999969482422,24.15999984741211,24.15999984741211,5973,0.0,0.0,0.0
2023-05-30 11:30:00-04:00,24.18000030517578,24.200000762939453,24.165000915527344,24.200000762939453,9549,0.0,0.0,0.0
2023-05-30 12:30:00-04:00,24.165000915527344,24.189899444580078,24.139999389648438,24.139999389648438,7194,0.0,0.0,0.0
2023-05-30 13:30:00-04:00,24.1299991607666,24.174999237060547,24.1299991607666,24.174999237060547,9251,0.0,0.0,0.0
2023-05-30 14:30:00-04:00,24.188100814819336,24.20789909362793,24.18000030517578,24.20789909362793,15844,0.0,0.0,0.0
2023-05-30 15:30:00-04:00,24.209999084472656,24.220199584960938,24.209999084472656,24.219999313354492,3861,0.0,0.0,0.0
2023-05-31 09:30:00-04:00,24.059999465942383,24.059999465942383,23.899999618530273,23.905000686645508,0,0.0,0.0,0.0
2023-05-31 10:30:00-04:00,23.924999237060547,23.957000732421875,23.907499313354492,23.90850067138672,6514,0.0,0.0,0.0
2023-05-31 11:30:00-04:00,23.899999618530273,23.940000534057617,23.889999389648438,23.895000457763672,14192,0.0,0.0,0.0
2023-05-31 12:30:00-04:00,23.93000030517578,23.93000030517578,23.91349983215332,23.93000030517578,2121,0.0,0.0,0.0
2023-05-31 13:30:00-04:00,23.950000762939453,24.020000457763672,23.950000762939453,24.020000457763672,11024,0.0,0.0,0.0
2023-05-31 14:30:00-04:00,24.024999618530273,24.030000686645508,23.989999771118164,24.010000228881836,17226,0.0,0.0,0.0
2023-05-31 15:30:00-04:00,24.0049991607666,24.059999465942383,24.0049991607666,24.040000915527344,0,0.0,0.0,0.0
2023-06-01 09:30:00-04:00,24.149999618530273,24.239999771118164,24.1200008392334,24.239999771118164,6665,0.0,0.0,0.0
2023-06-01 10:30:00-04:00,24.229999542236328,24.350000381469727,24.229999542236328,24.343700408935547,156402,0.0,0.0,0.0
2023-06-01 11:30:00-04:00,24.350000381469727,24.3700008392334,24.34000015258789,24.3700008392334,24141,0.0,0.0,0.0
2023-06-01 12:30:00-04:00,24.3700008392334,24.375,24.360000610351562,24.375,4032,0.0,0.0,0.0
2023-06-01 13:30:00-04:00,24.38249969482422,24.38249969482422,24.3700008392334,24.379899978637695,471,0.0,0.0,0.0
2023-06-01 14:30:00-04:00,24.37179946899414,24.3799991607666,24.361099243164062,24.361099243164062,2703,0.0,0.0,0.0
2023-06-01 15:30:00-04:00,24.329999923706055,24.350000381469727,24.299999237060547,24.309999465942383,245431,0.0,0.0,0.0
2023-06-02 09:30:00-04:00,24.6200008392334,24.643600463867188,24.610000610351562,24.610000610351562,20405,0.0,0.0,0.0
2023-06-02 10:30:00-04:00,24.6200008392334,24.637300491333008,24.600000381469727,24.625,4929,0.0,0.0,0.0
2023-06-02 11:30:00-04:00,24.6200008392334,24.6200008392334,24.53499984741211,24.570499420166016,16972,0.0,0.0,0.0
2023-06-02 12:30:00-04:00,24.58049964904785,24.600000381469727,24.58049964904785,24.600000381469727,2116,0.0,0.0,0.0
2023-06-02 13:30:00-04:00,24.59000015258789,24.599899291992188,24.579999923706055,24.59000015258789,3924,0.0,0.0,0.0
2023-06-02 14:30:00-04:00,24.59000015258789,24.620399475097656,24.59000015258789,24.620399475097656,7819,0.0,0.0,0.0
2023-06-02 15:30:00-04:00,24.614299774169922,24.6200008392334,24.600000381469727,24.603099822998047,4192,0.0,0.0,0.0
2023-06-05 09:30:00-04:00,24.530000686645508,24.54640007019043,24.5,24.5,0,0.0,0.0,0.0
2023-06-05 10:30:00-04:00,24.469999313354492,24.469999313354492,24.455799102783203,24.469900131225586,23573,0.0,0.0,0.0
2023-06-05 11:30:00-04:00,24.469999313354492,24.533599853515625,24.46500015258789,24.530000686645508,7196,0.0,0.0,0.0
2023-06-05 12:30:00-04:00,24.520000457763672,24.520000457763672,24.489999771118164,24.489999771118164,6915,0.0,0.0,0.0
2023-06-05 13:30:00-04:00,24.469999313354492,24.5,24.469999313354492,24.479999542236328,8721,0.0,0.0,0.0
2023-06-05 14:30:00-04:00,24.479999542236328,24.479999542236328,24.459999084472656,24.459999084472656,3633,0.0,0.0,0.0
2023-06-05 15:30:00-04:00,24.46380043029785,24.479999542236328,24.44099998474121,24.44099998474121,0,0.0,0.0,0.0
2023-06-06 09:30:00-04:00,24.43000030517578,24.44499969482422,24.43000030517578,24.44499969482422,0,0.0,0.0,0.0
2023-06-06 10:30:00-04:00,24.5,24.559999465942383,24.5,24.540000915527344,9645,0.0,0.0,0.0
2023-06-06 11:30:00-04:00,24.568300247192383,24.599899291992188,24.559999465942383,24.579999923706055,7421,0.0,0.0,0.0
2023-06-06 12:30:00-04:00,24.57990074157715,24.579999923706055,24.578699111938477,24.579999923706055,1977,0.0,0.0,0.0
2023-06-06 13:30:00-04:00,24.579999923706055,24.58989906311035,24.562599182128906,24.58989906311035,6715,0.0,0.0,0.0
2023-06-06 14:30:00-04:00,24.59000015258789,24.610000610351562,24.59000015258789,24.604999542236328,19282,0.0,0.0,0.0
2023-06-06 15:30:00-04:00,24.610000610351562,24.625,24.600000381469727,24.625,0,0.0,0.0,0.0
2023-06-07 09:30:00-04:00,24.700000762939453,24.700000762939453,24.65999984741211,24.65999984741211,4011,0.0,0.0,0.0
2023-06-07 10:30:00-04:00,24.610000610351562,24.622800827026367,24.59000015258789,24.59000015258789,5902,0.0,0.0,0.0
2023-06-07 11:30:00-04:00,24.6299991607666,24.6299991607666,24.579999923706055,24.59000015258789,5903,0.0,0.0,0.0
2023-06-07 12:30:00-04:00,24.584999084472656,24.584999084472656,24.550100326538086,24.559999465942383,7113,0.0,0.0,0.0
2023-06-07 13:30:00-04:00,24.559999465942383,24.610000610351562,24.55500030517578,24.610000610351562,3565,0.0,0.0,0.0
2023-06-07 14:30:00-04:00,24.600000381469727,24.61669921875,24.600000381469727,24.61669921875,1440,0.0,0.0,0.0
2023-06-07 15:30:00-04:00,24.61989974975586,24.639999389648438,24.604999542236328,24.604999542236328,3651,0.0,0.0,0.0
2023-06-08 09:30:00-04:00,24.649999618530273,24.716400146484375,24.635000228881836,24.716400146484375,0,0.0,0.0,0.0
2023-06-08 10:30:00-04:00,24.729900360107422,24.729900360107422,24.700000762939453,24.717100143432617,3597,0.0,0.0,0.0
2023-06-08 11:30:00-04:00,24.729999542236328,24.739999771118164,24.68000030517578,24.719999313354492,3240,0.0,0.0,0.0
2023-06-08 12:30:00-04:00,24.75,24.767000198364258,24.75,24.767000198364258,2430,0.0,0.0,0.0
2023-06-08 13:30:00-04:00,24.760000228881836,24.768299102783203,24.75,24.760099411010742,5077,0.0,0.0,0.0
2023-06-08 14:30:00-04:00,24.774999618530273,24.779300689697266,24.770000457763672,24.770000457763672,1548,0.0,0.0,0.0
2023-06-08 15:30:00-04:00,24.774999618530273,24.799999237060547,24.774999618530273,24.795000076293945,6156,0.0,0.0,0.0
2023-06-09 09:30:00-04:00,24.68000030517578,24.719999313354492,24.653400421142578,24.719999313354492,0,0.0,0.0,0.0
2023-06-09 10:30:00-04:00,24.680099487304688,24.729999542236328,24.670000076293945,24.670000076293945,3571,0.0,0.0,0.0
2023-06-09 11:30:00-04:00,24.65999984741211,24.690000534057617,24.65999984741211,24.68000030517578,2931,0.0,0.0,0.0
2023-06-09 12:30:00-04:00,24.670000076293945,24.690000534057617,24.670000076293945,24.690000534057617,3710,0.0,0.0,0.0
2023-06-09 13:30:00-04:00,24.704999923706055,24.709999084472656,24.690000534057617,24.700000762939453,5528,0.0,0.0,0.0
2023-06-09 14:30:00-04:00,24.69499969482422,24.700000762939453,24.69499969482422,24.700000762939453,1681,0.0,0.0,0.0
2023-06-09 15:30:00-04:00,24.69409942626953,24.69409942626953,24.684999465942383,24.690000534057617,1008,0.0,0.0,0.0
2023-06-12 09:30:00-04:00,24.68000030517578,24.68000030517578,24.559900283813477,24.559900283813477,0,0.0,0.0,0.0
2023-06-12 10:30:00-04:00,24.559999465942383,24.56999969482422,24.530000686645508,24.540000915527344,17744,0.0,0.0,0.0
2023-06-12 11:30:00-04:00,24.545000076293945,24.545000076293945,24.510000228881836,24.530000686645508,10524,0.0,0.0,0.0
2023-06-12 12:30:00-04:00,24.540000915527344,24.549999237060547,24.530000686645508,24.530000686645508,10417,0.0,0.0,0.0
2023-06-12 13:30:00-04:00,24.530000686645508,24.55900001525879,24.524999618530273,24.549999237060547,20597,0.0,0.0,0.0
2023-06-12 14:30:00-04:00,24.549999237060547,24.59000015258789,24.549999237060547,24.584999084472656,12372,0.0,0.0,0.0
2023-06-12 15:30:00-04:00,24.590499877929688,24.604999542236328,24.59000015258789,24.600000381469727,1789,0.0,0.0,0.0
2023-06-13 09:30:00-04:00,24.739999771118164,24.84000015258789,24.739999771118164,24.815000534057617,0,0.0,0.0,0.0
2023-06-13 10:30:00-04:00,24.83329963684082,24.8799991607666,24.820100784301758,24.859899520874023,5740,0.0,0.0,0.0
2023-06-13 11:30:00-04:00,24.81999969482422,24.850000381469727,24.81999969482422,24.84000015258789,12245,0.0,0.0,0.0
2023-06-13 12:30:00-04:00,24.850000381469727,24.8700008392334,24.84000015258789,24.848100662231445,13350,0.0,0.0,0.0
2023-06-13 13:30:00-04:00,24.829999923706055,24.84000015258789,24.81999969482422,24.81999969482422,1051,0.0,0.0,0.0
2023-06-13 14:30:00-04:00,24.790000915527344,24.825599670410156,24.790000915527344,24.825599670410156,13901,0.0,0.0,0.0
2023-06-13 15:30:00-04:00,24.829999923706055,24.84000015258789,24.829999923706055,24.834999084472656,1188,0.0,0.0,0.0
2023-06-14 09:30:00-04:00,25.0,25.100000381469727,25.0,25.0492000579834,0,0.0,0.0,0.0
2023-06-14 10:30:00-04:00,25.059900283813477,25.059999465942383,25.04010009765625,25.059900283813477,11164,0.0,0.0,0.0
2023-06-14 11:30:00-04:00,25.059999465942383,25.059999465942383,25.010000228881836,25.024999618530273,16035,0.0,0.0,0.0
2023-06-14 12:30:00-04:00,25.029800415039062,25.030000686645508,25.010000228881836,25.010000228881836,14563,0.0,0.0,0.0
2023-06-14 13:30:00-04:00,25.010000228881836,25.010000228881836,24.84000015258789,24.84000015258789,9615,0.0,0.0,0.0
2023-06-14 14:30:00-04:00,24.854999542236328,24.979999542236328,24.854999542236328,24.969999313354492,8554,0.0,0.0,0.0
2023-06-14 15:30:00-04:00,24.93000030517578,24.93000030517578,24.889999389648438,24.924999237060547,0,0.0,0.0,0.0
2023-06-15 09:30:00-04:00,25.020000457763672,25.170000076293945,25.020000457763672,25.149900436401367,13224,0.0,0.0,0.0
2023-06-15 10:30:00-04:00,25.196699142456055,25.239999771118164,25.170000076293945,25.232500076293945,1935,0.0,0.0,0.0
2023-06-15 11:30:00-04:00,25.25,25.269800186157227,25.239999771118164,25.25029945373535,11305,0.0,0.0,0.0
2023-06-15 12:30:00-04:00,25.25,25.260000228881836,25.239999771118164,25.259899139404297,40167,0.0,0.0,0.0
2023-06-15 13:30:00-04:00,25.271499633789062,25.297000885009766,25.271499633789062,25.29010009765625,6440,0.0,0.0,0.0
2023-06-15 14:30:00-04:00,25.309999465942383,25.34000015258789,25.309999465942383,25.329999923706055,22648,0.0,0.0,0.0
2023-06-15 15:30:00-04:00,25.329999923706055,25.34000015258789,25.280000686645508,25.329999923706055,64510,0.0,0.0,0.0
2023-06-16 09:30:00-04:00,25.020000457763672,25.020000457763672,24.93000030517578,24.979799270629883,39147,0.0,0.0,0.0
2023-06-16 10:30:00-04:00,24.940000534057617,24.940000534057617,24.90999984741211,24.90999984741211,2077,0.0,0.0,0.0
2023-06-16 11:30:00-04:00,24.933900833129883,24.93829917907715,24.889999389648438,24.905000686645508,22691,0.0,0.0,0.0
2023-06-16 12:30:00-04:00,24.93000030517578,24.950000762939453,24.93000030517578,24.94860076904297,1094,0.0,0.0,0.0
2023-06-16 13:30:00-04:00,24.940000534057617,24.940000534057617,24.920000076293945,24.93000030517578,4671,0.0,0.0,0.0
2023-06-16 14:30:00-04:00,24.920000076293945,24.920000076293945,24.889999389648438,24.889999389648438,3219,0.0,0.0,0.0
2023-06-16 15:30:00-04:00,24.860000610351562,24.860000610351562,24.84000015258789,24.84000015258789,5932,0.0,0.0,0.0
2023-06-20 09:30:00-04:00,24.600000381469727,24.625,24.510000228881836,24.524999618530273,0,0.0,0.0,0.0
2023-06-20 10:30:00-04:00,24.52989959716797,24.549999237060547,24.510000228881836,24.540000915527344,3870,0.0,0.0,0.0
2023-06-20 11:30:00-04:00,24.531700134277344,24.546199798583984,24.510000228881836,24.520000457763672,9220,0.0,0.0,0.0
2023-06-20 12:30:00-04:00,24.549999237060547,24.600000381469727,24.540000915527344,24.599899291992188,1633,0.0,0.0,0.0
2023-06-20 13:30:00-04:00,24.610000610351562,24.610000610351562,24.565000534057617,24.579999923706055,2594,0.0,0.0,0.0
2023-06-20 14:30:00-04:00,24.597999572753906,24.597999572753906,24.578800201416016,24.579599380493164,1487,0.0,0.0,0.0
2023-06-20 15:30:00-04:00,24.57670021057129,24.57670021057129,24.559999465942383,24.56999969482422,3749,0.0,0.0,0.0
2023-06-21 09:30:00-04:00,24.43000030517578,24.496700286865234,24.389999389648438,24.489999771118164,0,0.0,0.0,0.0
2023-06-21 10:30:00-04:00,24.4950008392334,24.510000228881836,24.440000534057617,24.489999771118164,8144,0.0,0.0,0.0
2023-06-21 11:30:00-04:00,24.50670051574707,24.520000457763672,24.5,24.520000457763672,2157,0.0,0.0,0.0
2023-06-21 12:30:00-04:00,24.530000686645508,24.540000915527344,24.51889991760254,24.520000457763672,9724,0.0,0.0,0.0
2023-06-21 13:30:00-04:00,24.52199935913086,24.588899612426758,24.52199935913086,24.5802001953125,13442,0.0,0.0,0.0
2023-06-21 14:30:00-04:00,24.59000015258789,24.59000015258789,24.56049919128418,24.565000534057617,6230,0.0,0.0,0.0
2023-06-21 15:30:00-04:00,24.549999237060547,24.549999237060547,24.520000457763672,24.530000686645508,16405,0.0,0.0,0.0
2023-06-22 09:30:00-04:00,24.329999923706055,24.34000015258789,24.299999237060547,24.34000015258789,0,0.0,0.0,0.0
2023-06-22 10:30:00-04:00,24.309999465942383,24.315000534057617,24.299999237060547,24.299999237060547,3626,0.0,0.0,0.0
2023-06-22 11:30:00-04:00,24.30030059814453,24.3700008392334,24.30030059814453,24.3533992767334,19827,0.0,0.0,0.0
2023-06-22 12:30:00-04:00,24.360000610351562,24.360000610351562,24.340099334716797,24.350000381469727,1113,0.0,0.0,0.0
2023-06-22 13:30:00-04:00,24.325000762939453,24.3799991607666,24.325000762939453,24.350000381469727,5049,0.0,0.0,0.0
2023-06-22 14:30:00-04:00,24.375,24.375,24.360000610351562,24.360000610351562,2188,0.0,0.0,0.0
2023-06-22 15:30:00-04:00,24.350099563598633,24.399999618530273,24.350099563598633,24.389999389648438,96251,0.0,0.0,0.0
2023-06-23 09:30:00-04:00,24.15999984741211,24.18000030517578,24.094999313354492,24.155000686645508,5372,0.0,0.0,0.0
2023-06-23 10:30:00-04:00,24.209999084472656,24.229999542236328,24.120100021362305,24.120100021362305,13147,0.0,0.0,0.0
2023-06-23 11:30:00-04:00,24.18000030517578,24.18000030517578,24.139999389648438,24.15999984741211,2266,0.0,0.0,0.0
2023-06-23 12:30:00-04:00,24.15999984741211,24.18000030517578,24.155000686645508,24.18000030517578,3901,0.0,0.0,0.0
2023-06-23 13:30:00-04:00,24.18000030517578,24.18000030517578,24.15999984741211,24.15999984741211,255199,0.0,0.0,0.0
2023-06-23 14:30:00-04:00,24.149999618530273,24.149999618530273,24.110000610351562,24.1299991607666,6609,0.0,0.0,0.0
2023-06-23 15:30:00-04:00,24.122299194335938,24.135000228881836,24.1200008392334,24.135000228881836,36284,0.0,0.0,0.0
2023-06-26 09:30:00-04:00,24.079999923706055,24.149999618530273,24.079999923706055,24.149999618530273,0,0.0,0.0,0.0
2023-06-26 10:30:00-04:00,24.104999542236328,24.139999389648438,24.100000381469727,24.137500762939453,7069,0.0,0.0,0.0
2023-06-26 11:30:00-04:00,24.13800048828125,24.16990089416504,24.13800048828125,24.152099609375,6452,0.0,0.0,0.0
2023-06-26 12:30:00-04:00,24.15999984741211,24.18000030517578,24.139999389648438,24.18000030517578,3522,0.0,0.0,0.0
2023-06-26 13:30:00-04:00,24.190000534057617,24.190000534057617,24.15999984741211,24.161699295043945,4035,0.0,0.0,0.0
2023-06-26 14:30:00-04:00,24.18000030517578,24.18000030517578,24.18000030517578,24.18000030517578,1308,0.0,0.0,0.0
2023-06-26 15:30:00-04:00,24.159799575805664,24.159799575805664,24.139999389648438,24.139999389648438,502,0.0,0.0,0.0
2023-06-27 09:30:00-04:00,24.200000762939453,24.200000762939453,24.14229965209961,24.18000030517578,0,0.0,0.0,0.0
2023-06-27 10:30:00-04:00,24.19499969482422,24.229900360107422,24.19499969482422,24.209999084472656,3823,0.0,0.0,0.0
2023-06-27 11:30:00-04:00,24.25,24.25,24.219999313354492,24.219999313354492,7556,0.0,0.0,0.0
2023-06-27 12:30:00-04:00,24.236099243164062,24.27989959716797,24.236099243164062,24.27989959716797,5922,0.0,0.0,0.0
2023-06-27 13:30:00-04:00,24.280000686645508,24.299999237060547,24.280000686645508,24.296300888061523,1793,0.0,0.0,0.0
2023-06-27 14:30:00-04:00,24.306900024414062,24.31999969482422,24.306900024414062,24.31999969482422,4303,0.0,0.0,0.0
2023-06-27 15:30:00-04:00,24.31999969482422,24.31999969482422,24.309999465942383,24.309999465942383,6500,0.0,0.0,0.0
2023-06-28 09:30:00-04:00,24.149999618530273,24.169700622558594,24.12980079650879,24.139999389648438,0,0.0,0.0,0.0
2023-06-28 10:30:00-04:00,24.110000610351562,24.15999984741211,24.084999084472656,24.15999984741211,7924,0.0,0.0,0.0
2023-06-28 11:30:00-04:00,24.155000686645508,24.180099487304688,24.149999618530273,24.180099487304688,16897,0.0,0.0,0.0
2023-06-28 12:30:00-04:00,24.149700164794922,24.149700164794922,24.149700164794922,24.149700164794922,815,0.0,0.0,0.0
2023-06-28 13:30:00-04:00,24.174999237060547,24.18000030517578,24.170000076293945,24.18000030517578,2301,0.0,0.0,0.0
2023-06-28 14:30:00-04:00,24.178600311279297,24.178600311279297,24.149999618530273,24.158300399780273,4583,0.0,0.0,0.0
2023-06-28 15:30:00-04:00,24.157100677490234,24.170000076293945,24.149999618530273,24.15999984741211,4438,0.0,0.0,0.0
2023-06-29 09:30:00-04:00,23.940000534057617,24.040000915527344,23.940000534057617,24.040000915527344,0,0.0,0.0,0.0
2023-06-29 10:30:00-04:00,24.040000915527344,24.04990005493164,24.021299362182617,24.04990005493164,2277,0.0,0.0,0.0
2023-06-29 11:30:00-04:00,24.020000457763672,24.03179931640625,24.010099411010742,24.03179931640625,8955,0.0,0.0,0.0
2023-06-29 12:30:00-04:00,24.040000915527344,24.049999237060547,24.020000457763672,24.04990005493164,9501,0.0,0.0,0.0
2023-06-29 13:30:00-04:00,24.039899826049805,24.058399200439453,24.030000686645508,24.058399200439453,4627,0.0,0.0,0.0
2023-06-29 14:30:00-04:00,24.059900283813477,24.059999465942383,24.030000686645508,24.05419921875,4406,0.0,0.0,0.0
2023-06-29 15:30:00-04:00,24.049999237060547,24.05500030517578,24.045000076293945,24.05500030517578,0,0.0,0.0,0.0
2023-06-30 09:30:00-04:00,24.360000610351562,24.443199157714844,24.360000610351562,24.434999465942383,5181,0.0,0.0,0.0
2023-06-30 10:30:00-04:00,24.46739959716797,24.46739959716797,24.39299964904785,24.40999984741211,15707,0.0,0.0,0.0
2023-06-30 11:30:00-04:00,24.3700008392334,24.405000686645508,24.3700008392334,24.399999618530273,6528,0.0,0.0,0.0
2023-06-30 12:30:00-04:00,24.438499450683594,24.439899444580078,24.438499450683594,24.439899444580078,3035,0.0,0.0,0.0
2023-06-30 13:30:00-04:00,24.40999984741211,24.43630027770996,24.40999984741211,24.43630027770996,4188,0.0,0.0,0.0
2023-06-30 14:30:00-04:00,24.420000076293945,24.420000076293945,24.411300659179688,24.420000076293945,3110,0.0,0.0,0.0
2023-06-30 15:30:00-04:00,24.415000915527344,24.420000076293945,24.40999984741211,24.415000915527344,5450,0.0,0.0,0.0
2023-07-03 09:30:00-04:00,24.31999969482422,24.33839988708496,24.315099716186523,24.321699142456055,0,0.0,0.0,0.0
2023-07-03 10:30:00-04:00,24.32990074157715,24.350000381469727,24.329099655151367,24.329099655151367,8855,0.0,0.0,0.0
2023-07-03 11:30:00-04:00,24.309999465942383,24.360000610351562,24.299999237060547,24.360000610351562,27711,0.0,0.0,0.0
2023-07-03 12:30:00-04:00,24.3700008392334,24.3700008392334,24.360000610351562,24.360000610351562,5086,0.0,0.0,0.0
2023-07-05 09:30:00-04:00,24.229999542236328,24.229999542236328,24.149999618530273,24.149999618530273,122405,0.0,0.0,0.0
2023-07-05 10:30:00-04:00,24.15999984741211,24.15999984741211,24.09000015258789,24.1299991607666,5084,0.0,0.0,0.0
2023-07-05 11:30:00-04:00,24.1299991607666,24.139999389648438,24.1018009185791,24.110000610351562,8573,0.0,0.0,0.0
2023-07-05 12:30:00-04:00,24.109899520874023,24.110000610351562,24.100500106811523,24.110000610351562,2757,0.0,0.0,0.0
2023-07-05 13:30:00-04:00,24.100000381469727,24.114999771118164,24.09000015258789,24.09000015258789,3548,0.0,0.0,0.0
2023-07-05 14:30:00-04:00,24.06999969482422,24.081100463867188,24.06999969482422,24.081100463867188,2361,0.0,0.0,0.0
2023-07-05 15:30:00-04:00,24.099899291992188,24.099899291992188,24.079999923706055,24.079999923706055,0,0.0,0.0,0.0
2023-07-06 09:30:00-04:00,23.729999542236328,23.729999542236328,23.579999923706055,23.579999923706055,3685,0.0,0.0,0.0
2023-07-06 10:30:00-04:00,23.520000457763672,23.540000915527344,23.520000457763672,23.520000457763672,4954,0.0,0.0,0.0
2023-07-06 11:30:00-04:00,23.549999237060547,23.649999618530273,23.549999237060547,23.6200008392334,9529,0.0,0.0,0.0
2023-07-06 12:30:00-04:00,23.6299991607666,23.655000686645508,23.6299991607666,23.652999877929688,6140,0.0,0.0,0.0
2023-07-06 13:30:00-04:00,23.649999618530273,23.663299560546875,23.649999618530273,23.649999618530273,3099,0.0,0.0,0.0
2023-07-06 14:30:00-04:00,23.65220069885254,23.68000030517578,23.65220069885254,23.668800354003906,6635,0.0,0.0,0.0
2023-07-06 15:30:00-04:00,23.649999618530273,23.670000076293945,23.645000457763672,23.65999984741211,5137,0.0,0.0,0.0
2023-07-07 09:30:00-04:00,23.639999389648438,23.719999313354492,23.610000610351562,23.709999084472656,0,0.0,0.0,0.0
2023-07-07 10:30:00-04:00,23.759700775146484,23.759700775146484,23.747800827026367,23.747800827026367,3891,0.0,0.0,0.0
2023-07-07 11:30:00-04:00,23.735000610351562,23.768999099731445,23.735000610351562,23.760000228881836,5231,0.0,0.0,0.0
2023-07-07 12:30:00-04:00,23.809999465942383,23.84000015258789,23.803300857543945,23.84000015258789,3111,0.0,0.0,0.0
2023-07-07 13:30:00-04:00,23.84000015258789,23.84000015258789,23.812999725341797,23.84000015258789,3698,0.0,0.0,0.0
2023-07-07 14:30:00-04:00,23.82900047302246,23.82900047302246,23.790000915527344,23.790000915527344,667,0.0,0.0,0.0
2023-07-07 15:30:00-04:00,23.799999237060547,23.809999465942383,23.75,23.7549991607666,8466,0.0,0.0,0.0
2023-07-10 09:30:00-04:00,23.65999984741211,23.83650016784668,23.65999984741211,23.780000686645508,0,0.0,0.0,0.0
2023-07-10 10:30:00-04:00,23.780000686645508,23.80190086364746,23.75,23.789899826049805,12324,0.0,0.0,0.0
2023-07-10 11:30:00-04:00,23.782699584960938,23.798999786376953,23.760000228881836,23.790000915527344,12034,0.0,0.0,0.0
2023-07-10 12:30:00-04:00,23.80500030517578,23.806499481201172,23.800600051879883,23.800600051879883,707,0.0,0.0,0.0
2023-07-10 13:30:00-04:00,23.809999465942383,23.809999465942383,23.792999267578125,23.803499221801758,4809,0.0,0.0,0.0
2023-07-10 14:30:00-04:00,23.81999969482422,23.81999969482422,23.81999969482422,23.81999969482422,1432,0.0,0.0,0.0
2023-07-10 15:30:00-04:00,23.81999969482422,23.81999969482422,23.79010009765625,23.809999465942383,3409,0.0,0.0,0.0
2023-07-11 09:30:00-04:00,23.899999618530273,23.93000030517578,23.899999618530273,23.929000854492188,0,0.0,0.0,0.0
2023-07-11 10:30:00-04:00,23.920000076293945,23.931800842285156,23.899999618530273,23.931800842285156,1930,0.0,0.0,0.0
2023-07-11 11:30:00-04:00,23.93120002746582,23.979900360107422,23.930099487304688,23.979900360107422,1933,0.0,0.0,0.0
2023-07-11 12:30:00-04:00,23.96500015258789,24.0,23.96310043334961,24.0,2152,0.0,0.0,0.0
2023-07-11 13:30:00-04:00,24.0,24.0,23.989999771118164,23.989999771118164,2467,0.0,0.0,0.0
2023-07-11 14:30:00-04:00,24.018999099731445,24.02989959716797,24.010000228881836,24.010000228881836,22502,0.0,0.0,0.0
2023-07-11 15:30:00-04:00,24.010000228881836,24.049999237060547,24.010000228881836,24.04990005493164,5187,0.0,0.0,0.0
2023-07-12 09:30:00-04:00,24.440000534057617,24.5,24.440000534057617,24.5,0,0.0,0.0,0.0
2023-07-12 10:30:00-04:00,24.549999237060547,24.59000015258789,24.549999237060547,24.59000015258789,4086,0.0,0.0,0.0
2023-07-12 11:30:00-04:00,24.579999923706055,24.579999923706055,24.52989959716797,24.532100677490234,4092,0.0,0.0,0.0
2023-07-12 12:30:00-04:00,24.545000076293945,24.579999923706055,24.545000076293945,24.55500030517578,46816,0.0,0.0,0.0
2023-07-12 13:30:00-04:00,24.55500030517578,24.55500030517578,24.545000076293945,24.55500030517578,2873,0.0,0.0,0.0
2023-07-12 14:30:00-04:00,24.559999465942383,24.559999465942383,24.520000457763672,24.520000457763672,2489,0.0,0.0,0.0
2023-07-12 15:30:00-04:00,24.530000686645508,24.549999237060547,24.530000686645508,24.549999237060547,0,0.0,0.0,0.0
2023-07-13 09:30:00-04:00,24.809999465942383,24.9242000579834,24.809999465942383,24.8799991607666,18228,0.0,0.0,0.0
2023-07-13 10:30:00-04:00,24.909900665283203,24.909900665283203,24.879899978637695,24.88990020751953,5810,0.0,0.0,0.0
2023-07-13 11:30:00-04:00,24.851999282836914,24.90049934387207,24.851999282836914,24.90049934387207,17141,0.0,0.0,0.0
2023-07-13 12:30:00-04:00,24.899999618530273,24.90999984741211,24.891199111938477,24.90999984741211,1699,0.0,0.0,0.0
2023-07-13 13:30:00-04:00,24.90999984741211,24.9375,24.90999984741211,24.93000030517578,4349,0.0,0.0,0.0
2023-07-13 14:30:00-04:00,24.934999465942383,24.94219970703125,24.934999465942383,24.94219970703125,1584,0.0,0.0,0.0
2023-07-13 15:30:00-04:00,24.954999923706055,24.969999313354492,24.920000076293945,24.940000534057617,10603,0.0,0.0,0.0
2023-07-14 09:30:00-04:00,25.010000228881836,25.010000228881836,24.889999389648438,24.889999389648438,9604,0.0,0.0,0.0
2023-07-14 10:30:00-04:00,24.885000228881836,24.90999984741211,24.87030029296875,24.909900665283203,6714,0.0,0.0,0.0
2023-07-14 11:30:00-04:00,24.889999389648438,24.889999389648438,24.834999084472656,24.84000015258789,29707,0.0,0.0,0.0
2023-07-14 12:30:00-04:00,24.81999969482422,24.83839988708496,24.81999969482422,24.81999969482422,4549,0.0,0.0,0.0
2023-07-14 13:30:00-04:00,24.809999465942383,24.82990074157715,24.809999465942383,24.815000534057617,1750,0.0,0.0,0.0
2023-07-14 14:30:00-04:00,24.819799423217773,24.819799423217773,24.79990005493164,24.815000534057617,5688,0.0,0.0,0.0
2023-07-14 15:30:00-04:00,24.790000915527344,24.790000915527344,24.770000457763672,24.770000457763672,13398,0.0,0.0,0.0
2023-07-17 09:30:00-04:00,24.700000762939453,24.764999389648438,24.670000076293945,24.75,0,0.0,0.0,0.0
2023-07-17 10:30:00-04:00,24.7450008392334,24.760000228881836,24.729999542236328,24.735000610351562,2793,0.0,0.0,0.0
2023-07-17 11:30:00-04:00,24.729999542236328,24.738500595092773,24.714099884033203,24.72249984741211,5946,0.0,0.0,0.0
2023-07-17 12:30:00-04:00,24.739999771118164,24.739999771118164,24.719999313354492,24.739999771118164,5041,0.0,0.0,0.0
2023-07-17 13:30:00-04:00,24.74329948425293,24.757400512695312,24.739999771118164,24.75,2817,0.0,0.0,0.0
2023-07-17 14:30:00-04:00,24.729999542236328,24.763200759887695,24.729999542236328,24.763200759887695,1161,0.0,0.0,0.0
2023-07-17 15:30:00-04:00,24.75,24.7549991607666,24.7450008392334,24.7450008392334,1849,0.0,0.0,0.0
2023-07-18 09:30:00-04:00,24.770000457763672,24.829999923706055,24.760000228881836,24.829999923706055,0,0.0,0.0,0.0
2023-07-18 10:30:00-04:00,24.85420036315918,24.8799991607666,24.850000381469727,24.8700008392334,2741,0.0,0.0,0.0
2023-07-18 11:30:00-04:00,24.833799362182617,24.833799362182617,24.827999114990234,24.827999114990234,739,0.0,0.0,0.0
2023-07-18 12:30:00-04:00,24.799999237060547,24.808700561523438,24.770000457763672,24.772499084472656,4452,0.0,0.0,0.0
2023-07-18 13:30:00-04:00,24.774999618530273,24.80500030517578,24.774999618530273,24.80500030517578,7716,0.0,0.0,0.0
2023-07-18 14:30:00-04:00,24.80929946899414,24.829999923706055,24.790000915527344,24.81999969482422,17585,0.0,0.0,0.0
2023-07-18 15:30:00-04:00,24.81999969482422,24.84000015258789,24.809999465942383,24.809999465942383,4214,0.0,0.0,0.0
2023-07-19 09:30:00-04:00,24.979999542236328,25.047700881958008,24.959999084472656,25.04319953918457,0,0.0,0.0,0.0
2023-07-19 10:30:00-04:00,24.950000762939453,24.979799270629883,24.950000762939453,24.97920036315918,875,0.0,0.0,0.0
2023-07-19 11:30:00-04:00,24.959999084472656,24.989999771118164,24.959999084472656,24.989999771118164,380300,0.0,0.0,0.0
2023-07-19 12:30:00-04:00,24.962299346923828,25.0177001953125,24.962299346923828,25.0177001953125,9255,0.0,0.0,0.0
2023-07-19 13:30:00-04:00,25.010000228881836,25.01449966430664,25.010000228881836,25.01449966430664,4100,0.0,0.0,0.0
2023-07-19 14:30:00-04:00,25.020000457763672,25.045000076293945,25.019899368286133,25.045000076293945,4020,0.0,0.0,0.0
2023-07-19 15:30:00-04:00,25.03499984741211,25.059999465942383,25.03499984741211,25.049999237060547,15072,0.0,0.0,0.0
2023-07-20 09:30:00-04:00,25.100000381469727,25.129199981689453,25.079999923706055,25.079999923706055,0,0.0,0.0,0.0
2023-07-20 10:30:00-04:00,25.078500747680664,25.100000381469727,25.078500747680664,25.100000381469727,18803,0.0,0.0,0.0
2023-07-20 11:30:00-04:00,25.06999969482422,25.09000015258789,25.06290054321289,25.09000015258789,4176,0.0,0.0,0.0
2023-07-20 12:30:00-04:00,25.07159996032715,25.108999252319336,25.07159996032715,25.09000015258789,8120,0.0,0.0,0.0
2023-07-20 13:30:00-04:00,25.110000610351562,25.1299991607666,25.094999313354492,25.094999313354492,18077,0.0,0.0,0.0
2023-07-20 14:30:00-04:00,25.09000015258789,25.104999542236328,25.084999084472656,25.084999084472656,8127,0.0,0.0,0.0
2023-07-20 15:30:00-04:00,25.08049964904785,25.100400924682617,25.08049964904785,25.100400924682617,1661,0.0,0.0,0.0
2023-07-21 09:30:00-04:00,25.149999618530273,25.149999618530273,25.100099563598633,25.100099563598633,0,0.0,0.0,0.0
2023-07-21 10:30:00-04:00,25.09000015258789,25.139999389648438,25.081499099731445,25.1299991607666,5001,0.0,0.0,0.0
2023-07-21 11:30:00-04:00,25.13990020751953,25.144100189208984,25.1200008392334,25.144100189208984,4950,0.0,0.0,0.0
2023-07-21 12:30:00-04:00,25.13909912109375,25.159900665283203,25.13909912109375,25.159900665283203,600,0.0,0.0,0.0
2023-07-21 13:30:00-04:00,25.18000030517578,25.18000030517578,25.170000076293945,25.18000030517578,1003,0.0,0.0,0.0
2023-07-21 14:30:00-04:00,25.18000030517578,25.1825008392334,25.149999618530273,25.149999618530273,2806,0.0,0.0,0.0
2023-07-21 15:30:00-04:00,25.152599334716797,25.165000915527344,25.152599334716797,25.165000915527344,269,0.0,0.0,0.0
2023-07-24 09:30:00-04:00,25.100000381469727,25.100000381469727,25.01420021057129,25.01420021057129,0,0.0,0.0,0.0
2023-07-24 10:30:00-04:00,25.040000915527344,25.1299991607666,25.040000915527344,25.1299991607666,1832,0.0,0.0,0.0
2023-07-24 11:30:00-04:00,25.131799697875977,25.139999389648438,25.131799697875977,25.139999389648438,1978,0.0,0.0,0.0
2023-07-24 12:30:00-04:00,25.149999618530273,25.16349983215332,25.149999618530273,25.16349983215332,844,0.0,0.0,0.0
2023-07-24 13:30:00-04:00,25.160999298095703,25.165000915527344,25.160999298095703,25.165000915527344,447,0.0,0.0,0.0
2023-07-24 14:30:00-04:00,25.170000076293945,25.170000076293945,25.100000381469727,25.100000381469727,10653,0.0,0.0,0.0
2023-07-24 15:30:00-04:00,25.1018009185791,25.1299991607666,25.1018009185791,25.12350082397461,1663,0.0,0.0,0.0
2023-07-25 09:30:00-04:00,25.170000076293945,25.23579978942871,25.170000076293945,25.23579978942871,0,0.0,0.0,0.0
2023-07-25 10:30:00-04:00,25.21500015258789,25.249500274658203,25.21500015258789,25.24810028076172,3567,0.0,0.0,0.0
2023-07-25 11:30:00-04:00,25.25,25.280000686645508,25.25,25.270000457763672,4868,0.0,0.0,0.0
2023-07-25 12:30:00-04:00,25.261999130249023,25.270099639892578,25.260000228881836,25.270099639892578,369,0.0,0.0,0.0
2023-07-25 13:30:00-04:00,25.260000228881836,25.27989959716797,25.260000228881836,25.27989959716797,1628,0.0,0.0,0.0
2023-07-25 14:30:00-04:00,25.276899337768555,25.299999237060547,25.276899337768555,25.28499984741211,6869,0.0,0.0,0.0
2023-07-25 15:30:00-04:00,25.280000686645508,25.2814998626709,25.270000457763672,25.2814998626709,0,0.0,0.0,0.0
2023-07-26 09:30:00-04:00,25.170000076293945,25.260000228881836,25.170000076293945,25.25860023498535,6266,0.0,0.0,0.0
2023-07-26 10:30:00-04:00,25.260000228881836,25.31999969482422,25.260000228881836,25.31999969482422,3123,0.0,0.0,0.0
2023-07-26 11:30:00-04:00,25.317399978637695,25.3700008392334,25.317399978637695,25.350000381469727,3671,0.0,0.0,0.0
2023-07-26 12:30:00-04:00,25.329999923706055,25.33989906311035,25.309999465942383,25.31999969482422,2680,0.0,0.0,0.0
2023-07-26 13:30:00-04:00,25.329999923706055,25.347000122070312,25.309999465942383,25.31999969482422,3410,0.0,0.0,0.0
2023-07-26 14:30:00-04:00,25.43000030517578,25.43000030517578,25.354999542236328,25.354999542236328,2367,0.0,0.0,0.0
2023-07-26 15:30:00-04:00,25.399999618530273,25.399999618530273,25.389999389648438,25.389999389648438,660,0.0,0.0,0.0
2023-07-27 09:30:00-04:00,25.389999389648438,25.389999389648438,25.261600494384766,25.261600494384766,0,0.0,0.0,0.0
2023-07-27 10:30:00-04:00,25.2450008392334,25.304000854492188,25.2450008392334,25.304000854492188,4939,0.0,0.0,0.0
2023-07-27 11:30:00-04:00,25.274999618530273,25.277799606323242,25.274999618530273,25.277799606323242,617,0.0,0.0,0.0
2023-07-27 12:30:00-04:00,25.260000228881836,25.260000228881836,25.21030044555664,25.21030044555664,3139,0.0,0.0,0.0
2023-07-27 13:30:00-04:00,25.20989990234375,25.20989990234375,25.1200008392334,25.1200008392334,7319,0.0,0.0,0.0
2023-07-27 14:30:00-04:00,25.100000381469727,25.100000381469727,25.042299270629883,25.049999237060547,911,0.0,0.0,0.0
2023-07-27 15:30:00-04:00,25.03499984741211,25.03499984741211,24.9950008392334,25.010700225830078,0,0.0,0.0,0.0
2023-07-28 09:30:00-04:00,25.219999313354492,25.309900283813477,25.17009925842285,25.309900283813477,13899,0.0,0.0,0.0
2023-07-28 10:30:00-04:00,25.266199111938477,25.297100067138672,25.245100021362305,25.270099639892578,6650,0.0,0.0,0.0
2023-07-28 11:30:00-04:00,25.259599685668945,25.270000457763672,25.2450008392334,25.260000228881836,2356,0.0,0.0,0.0
2023-07-28 12:30:00-04:00,25.240100860595703,25.240100860595703,25.19849967956543,25.19849967956543,2123,0.0,0.0,0.0
2023-07-28 13:30:00-04:00,25.184999465942383,25.184999465942383,25.172300338745117,25.18000030517578,4538,0.0,0.0,0.0
2023-07-28 14:30:00-04:00,25.170000076293945,25.200000762939453,25.15999984741211,25.200000762939453,2199,0.0,0.0,0.0
2023-07-28 15:30:00-04:00,25.190000534057617,25.190000534057617,25.190000534057617,25.190000534057617,136,0.0,0.0,0.0
2023-07-31 09:30:00-04:00,25.290000915527344,25.31999969482422,25.270000457763672,25.290000915527344,0,0.0,0.0,0.0
2023-07-31 10:30:00-04:00,25.325300216674805,25.325300216674805,25.290000915527344,25.290000915527344,18730,0.0,0.0,0.0
2023-07-31 11:30:00-04:00,25.274999618530273,25.274999618530273,25.25,25.25,2447,0.0,0.0,0.0
2023-07-31 12:30:00-04:00,25.251100540161133,25.2549991607666,25.251100540161133,25.2549991607666,1321,0.0,0.0,0.0
2023-07-31 13:30:00-04:00,25.2549991607666,25.260000228881836,25.209999084472656,25.219999313354492,5738,0.0,0.0,0.0
2023-07-31 14:30:00-04:00,25.230600357055664,25.239999771118164,25.230600357055664,25.239999771118164,0,0.0,0.0,0.0
2023-07-31 15:30:00-04:00,25.219999313354492,25.229999542236328,25.219999313354492,25.219999313354492,20,0.0,0.0,0.0
2023-08-01 09:30:00-04:00,25.010000228881836,25.100000381469727,25.010000228881836,25.023300170898438,20820,0.0,0.0,0.0
2023-08-01 10:30:00-04:00,24.979999542236328,24.989999771118164,24.933300018310547,24.933300018310547,2865,0.0,0.0,0.0
2023-08-01 11:30:00-04:00,24.944700241088867,24.944700241088867,24.920000076293945,24.938800811767578,1319,0.0,0.0,0.0
2023-08-01 12:30:00-04:00,24.956600189208984,24.956600189208984,24.954999923706055,24.954999923706055,614,0.0,0.0,0.0
2023-08-01 13:30:00-04:00,24.954999923706055,24.979999542236328,24.95009994506836,24.979999542236328,23229,0.0,0.0,0.0
2023-08-01 14:30:00-04:00,24.971599578857422,24.989999771118164,24.959999084472656,24.989999771118164,7884,0.0,0.0,0.0
2023-08-01 15:30:00-04:00,24.994600296020508,25.0,24.986799240112305,24.989999771118164,5232,0.0,0.0,0.0
2023-08-02 09:30:00-04:00,24.59000015258789,24.61009979248047,24.510000228881836,24.510000228881836,0,0.0,0.0,0.0
2023-08-02 10:30:00-04:00,24.469999313354492,24.49169921875,24.420000076293945,24.49169921875,24659,0.0,0.0,0.0
2023-08-02 11:30:00-04:00,24.510000228881836,24.538000106811523,24.510000228881836,24.530000686645508,6632,0.0,0.0,0.0
2023-08-02 12:30:00-04:00,24.520000457763672,24.56399917602539,24.520000457763672,24.552099227905273,796,0.0,0.0,0.0
2023-08-02 13:30:00-04:00,24.56369972229004,24.579999923706055,24.540000915527344,24.540000915527344,4250,0.0,0.0,0.0
2023-08-02 14:30:00-04:00,24.545000076293945,24.549999237060547,24.52829933166504,24.530000686645508,72201,0.0,0.0,0.0
2023-08-02 15:30:00-04:00,24.519899368286133,24.52899932861328,24.514999389648438,24.52899932861328,1676,0.0,0.0,0.0
2023-08-03 09:30:00-04:00,24.329999923706055,24.389999389648438,24.30500030517578,24.385000228881836,0,0.0,0.0,0.0
2023-08-03 10:30:00-04:00,24.420000076293945,24.469999313354492,24.389999389648438,24.469999313354492,6110,0.0,0.0,0.0
2023-08-03 11:30:00-04:00,24.479999542236328,24.489999771118164,24.479999542236328,24.485000610351562,15881,0.0,0.0,0.0
2023-08-03 13:30:00-04:00,24.5049991607666,24.5049991607666,24.49329948425293,24.49329948425293,678,0.0,0.0,0.0
2023-08-03 14:30:00-04:00,24.485000610351562,24.485000610351562,24.475000381469727,24.475000381469727,2241,0.0,0.0,0.0
2023-08-03 15:30:00-04:00,24.479999542236328,24.499000549316406,24.479999542236328,24.499000549316406,360,0.0,0.0,0.0
2023-08-04 09:30:00-04:00,24.540000915527344,24.63610076904297,24.540000915527344,24.63610076904297,0,0.0,0.0,0.0
2023-08-04 10:30:00-04:00,24.675100326538086,24.675100326538086,24.6560001373291,24.670000076293945,4355,0.0,0.0,0.0
2023-08-04 11:30:00-04:00,24.69029998779297,24.693500518798828,24.69029998779297,24.693500518798828,826,0.0,0.0,0.0
2023-08-04 12:30:00-04:00,24.743600845336914,24.749099731445312,24.735000610351562,24.735000610351562,1260,0.0,0.0,0.0
2023-08-04 13:30:00-04:00,24.719999313354492,24.728500366210938,24.59000015258789,24.603200912475586,5839,0.0,0.0,0.0
2023-08-04 14:30:00-04:00,24.54990005493164,24.54990005493164,24.5,24.5,1115,0.0,0.0,0.0
2023-08-04 15:30:00-04:00,24.510000228881836,24.510000228881836,24.489999771118164,24.510000228881836,1454,0.0,0.0,0.0
2023-08-07 09:30:00-04:00,24.600000381469727,24.670000076293945,24.55769920349121,24.563899993896484,0,0.0,0.0,0.0
2023-08-07 10:30:00-04:00,24.66830062866211,24.690000534057617,24.639999389648438,24.68000030517578,6746,0.0,0.0,0.0
2023-08-07 11:30:00-04:00,24.690000534057617,24.700000762939453,24.672100067138672,24.700000762939453,4311,0.0,0.0,0.0
2023-08-07 12:30:00-04:00,24.68000030517578,24.690000534057617,24.68000030517578,24.690000534057617,251,0.0,0.0,0.0
2023-08-07 13:30:00-04:00,24.702299118041992,24.729999542236328,24.70009994506836,24.71299934387207,3604,0.0,0.0,0.0
2023-08-07 14:30:00-04:00,24.739900588989258,24.739999771118164,24.721799850463867,24.721799850463867,3034,0.0,0.0,0.0
2023-08-07 15:30:00-04:00,24.729999542236328,24.739999771118164,24.719999313354492,24.739999771118164,0,0.0,0.0,0.0
2023-08-08 09:30:00-04:00,24.459999084472656,24.459999084472656,24.416000366210938,24.440000534057617,13010,0.0,0.0,0.0
2023-08-08 10:30:00-04:00,24.43000030517578,24.508100509643555,24.43000030517578,24.489999771118164,9033,0.0,0.0,0.0
2023-08-08 11:30:00-04:00,24.480100631713867,24.528600692749023,24.480100631713867,24.528600692749023,4155,0.0,0.0,0.0
2023-08-08 12:30:00-04:00,24.524999618530273,24.549999237060547,24.524999618530273,24.549999237060547,751,0.0,0.0,0.0
2023-08-08 13:30:00-04:00,24.549999237060547,24.579999923706055,24.549999237060547,24.579999923706055,5911,0.0,0.0,0.0
2023-08-08 14:30:00-04:00,24.570100784301758,24.6200008392334,24.570100784301758,24.61989974975586,4345,0.0,0.0,0.0
2023-08-08 15:30:00-04:00,24.6299991607666,24.635000228881836,24.6200008392334,24.635000228881836,0,0.0,0.0,0.0
2023-08-09 09:30:00-04:00,24.68000030517578,24.760000228881836,24.68000030517578,24.760000228881836,1905,0.0,0.0,0.0
2023-08-09 10:30:00-04:00,24.7450008392334,24.7450008392334,24.639999389648438,24.639999389648438,4518,0.0,0.0,0.0
2023-08-09 11:30:00-04:00,24.670000076293945,24.670000076293945,24.6299991607666,24.639999389648438,2349,0.0,0.0,0.0
2023-08-09 12:30:00-04:00,24.649999618530273,24.729900360107422,24.649999618530273,24.729900360107422,2003,0.0,0.0,0.0
2023-08-09 13:30:00-04:00,24.73590087890625,24.736900329589844,24.719999313354492,24.736900329589844,4183,0.0,0.0,0.0
2023-08-09 14:30:00-04:00,24.743200302124023,24.7450008392334,24.743200302124023,24.7450008392334,672,0.0,0.0,0.0
2023-08-09 15:30:00-04:00,24.747900009155273,24.75,24.670000076293945,24.670000076293945,5604,0.0,0.0,0.0
2023-08-10 09:30:00-04:00,24.90999984741211,24.999000549316406,24.90999984741211,24.999000549316406,0,0.0,0.0,0.0
2023-08-10 10:30:00-04:00,24.950000762939453,24.950000762939453,24.87350082397461,24.899999618530273,5422,0.0,0.0,0.0
2023-08-10 11:30:00-04:00,24.910499572753906,24.910499572753906,24.829999923706055,24.829999923706055,1849,0.0,0.0,0.0
2023-08-10 12:30:00-04:00,24.829999923706055,24.829999923706055,24.788999557495117,24.788999557495117,2014,0.0,0.0,0.0
2023-08-10 13:30:00-04:00,24.749900817871094,24.757099151611328,24.746599197387695,24.757099151611328,3421,0.0,0.0,0.0
2023-08-10 14:30:00-04:00,24.760000228881836,24.770000457763672,24.760000228881836,24.763900756835938,1445,0.0,0.0,0.0
2023-08-10 15:30:00-04:00,24.718799591064453,24.719999313354492,24.7012996673584,24.70549964904785,0,0.0,0.0,0.0
2023-08-11 09:30:00-04:00,24.469999313354492,24.557100296020508,24.469999313354492,24.557100296020508,5221,0.0,0.0,0.0
2023-08-11 10:30:00-04:00,24.6299991607666,24.6299991607666,24.524999618530273,24.549999237060547,11178,0.0,0.0,0.0
2023-08-11 11:30:00-04:00,24.54010009765625,24.578899383544922,24.540000915527344,24.578899383544922,1795,0.0,0.0,0.0
2023-08-11 12:30:00-04:00,24.549999237060547,24.549999237060547,24.510000228881836,24.540000915527344,1392,0.0,0.0,0.0
2023-08-11 13:30:00-04:00,24.549999237060547,24.56999969482422,24.510000228881836,24.56999969482422,4756,0.0,0.0,0.0
2023-08-11 14:30:00-04:00,24.578100204467773,24.578100204467773,24.559999465942383,24.559999465942383,3958,0.0,0.0,0.0
2023-08-11 15:30:00-04:00,24.56999969482422,24.56999969482422,24.565000534057617,24.565000534057617,418,0.0,0.0,0.0
2023-08-14 09:30:00-04:00,24.360000610351562,24.360000610351562,24.260000228881836,24.329999923706055,5619,0.0,0.0,0.0
2023-08-14 10:30:00-04:00,24.37969970703125,24.440000534057617,24.37969970703125,24.440000534057617,6515,0.0,0.0,0.0
2023-08-14 11:30:00-04:00,24.450700759887695,24.489900588989258,24.45009994506836,24.469999313354492,6528,0.0,0.0,0.0
2023-08-14 12:30:00-04:00,24.489999771118164,24.489999771118164,24.489999771118164,24.489999771118164,104,0.0,0.0,0.0
2023-08-14 13:30:00-04:00,24.488500595092773,24.488500595092773,24.450000762939453,24.452199935913086,6777,0.0,0.0,0.0
2023-08-14 14:30:00-04:00,24.43000030517578,24.43000030517578,24.43000030517578,24.43000030517578,0,0.0,0.0,0.0
2023-08-14 15:30:00-04:00,24.485000610351562,24.485000610351562,24.469999313354492,24.485000610351562,26185,0.0,0.0,0.0
2023-08-15 09:30:00-04:00,24.309999465942383,24.309999465942383,24.1200008392334,24.1200008392334,0,0.0,0.0,0.0
2023-08-15 10:30:00-04:00,24.149900436401367,24.190099716186523,24.139999389648438,24.190099716186523,1755,0.0,0.0,0.0
2023-08-15 11:30:00-04:00,24.173999786376953,24.18000030517578,24.173999786376953,24.18000030517578,34310,0.0,0.0,0.0
2023-08-15 12:30:00-04:00,24.149999618530273,24.170000076293945,24.1299991607666,24.170000076293945,1115,0.0,0.0,0.0
2023-08-15 13:30:00-04:00,24.139999389648438,24.139999389648438,24.11210060119629,24.11210060119629,7861,0.0,0.0,0.0
2023-08-15 14:30:00-04:00,24.1299991607666,24.139999389648438,24.114999771118164,24.1200008392334,2513,0.0,0.0,0.0
2023-08-15 15:30:00-04:00,24.060100555419922,24.094999313354492,24.060100555419922,24.094999313354492,0,0.0,0.0,0.0
2023-08-16 09:30:00-04:00,23.979999542236328,24.108299255371094,23.979999542236328,24.100000381469727,14655,0.0,0.0,0.0
2023-08-16 10:30:00-04:00,24.110000610351562,24.1299991607666,24.059999465942383,24.09000015258789,10585,0.0,0.0,0.0
2023-08-16 11:30:00-04:00,24.100000381469727,24.1200008392334,24.059999465942383,24.059999465942383,5537,0.0,0.0,0.0
2023-08-16 12:30:00-04:00,24.010000228881836,24.020000457763672,24.010000228881836,24.020000457763672,290,0.0,0.0,0.0
2023-08-16 13:30:00-04:00,24.030000686645508,24.06999969482422,24.0216007232666,24.06999969482422,4525,0.0,0.0,0.0
2023-08-16 14:30:00-04:00,24.08009910583496,24.08009910583496,23.963199615478516,23.963199615478516,846,0.0,0.0,0.0
2023-08-16 15:30:00-04:00,23.969999313354492,24.001300811767578,23.969999313354492,23.98819923400879,0,0.0,0.0,0.0
2023-08-17 09:30:00-04:00,24.09000015258789,24.100000381469727,24.024999618530273,24.059900283813477,2230,0.0,0.0,0.0
2023-08-17 10:30:00-04:00,23.975000381469727,24.016399383544922,23.969999313354492,23.979900360107422,4267,0.0,0.0,0.0
2023-08-17 11:30:00-04:00,23.959999084472656,24.010000228881836,23.950000762939453,23.989900588989258,43025,0.0,0.0,0.0
2023-08-17 12:30:00-04:00,24.0,24.0,23.971200942993164,23.971200942993164,2300,0.0,0.0,0.0
2023-08-17 13:30:00-04:00,23.940000534057617,23.940000534057617,23.889999389648438,23.889999389648438,2817,0.0,0.0,0.0
2023-08-17 14:30:00-04:00,23.8799991607666,23.888999938964844,23.84000015258789,23.84000015258789,8337,0.0,0.0,0.0
2023-08-17 15:30:00-04:00,23.860000610351562,23.8700008392334,23.83099937438965,23.84000015258789,63364,0.0,0.0,0.0
2023-08-18 09:30:00-04:00,23.610000610351562,23.68000030517578,23.600000381469727,23.68000030517578,10448,0.0,0.0,0.0
2023-08-18 10:30:00-04:00,23.719999313354492,23.809999465942383,23.709999084472656,23.787700653076172,1009490,0.0,0.0,0.0
2023-08-18 11:30:00-04:00,23.75,23.790000915527344,23.75,23.780000686645508,1741,0.0,0.0,0.0
2023-08-18 12:30:00-04:00,23.799999237060547,23.81999969482422,23.770000457763672,23.770000457763672,14914,0.0,0.0,0.0
2023-08-18 13:30:00-04:00,23.790000915527344,23.81999969482422,23.790000915527344,23.799999237060547,2076,0.0,0.0,0.0
2023-08-18 14:30:00-04:00,23.80190086364746,23.809999465942383,23.775999069213867,23.798500061035156,2665,0.0,0.0,0.0
2023-08-18 15:30:00-04:00,23.7903995513916,23.829999923706055,23.790000915527344,23.792499542236328,3944,0.0,0.0,0.0
2023-08-21 09:30:00-04:00,23.850000381469727,23.850000381469727,23.760000228881836,23.760000228881836,0,0.0,0.0,0.0
2023-08-21 10:30:00-04:00,23.739999771118164,23.770000457763672,23.739999771118164,23.739999771118164,3550,0.0,0.0,0.0
2023-08-21 11:30:00-04:00,23.725900650024414,23.780000686645508,23.719999313354492,23.780000686645508,12831,0.0,0.0,0.0
2023-08-21 12:30:00-04:00,23.774999618530273,23.799999237060547,23.774999618530273,23.799999237060547,3427,0.0,0.0,0.0
2023-08-21 13:30:00-04:00,23.818700790405273,23.828899383544922,23.81209945678711,23.819900512695312,3580,0.0,0.0,0.0
2023-08-21 14:30:00-04:00,23.81999969482422,23.864999771118164,23.81999969482422,23.854999542236328,4172,0.0,0.0,0.0
2023-08-21 15:30:00-04:00,23.864999771118164,23.8700008392334,23.850000381469727,23.850000381469727,0,0.0,0.0,0.0
2023-08-22 09:30:00-04:00,23.920000076293945,23.920000076293945,23.799999237060547,23.825000762939453,17894,0.0,0.0,0.0
2023-08-22 10:30:00-04:00,23.760000228881836,23.81719970703125,23.760000228881836,23.811199188232422,20603,0.0,0.0,0.0
2023-08-22 11:30:00-04:00,23.805700302124023,23.805700302124023,23.770099639892578,23.770099639892578,2373,0.0,0.0,0.0
2023-08-22 12:30:00-04:00,23.790000915527344,23.80500030517578,23.770000457763672,23.770000457763672,4319,0.0,0.0,0.0
2023-08-22 13:30:00-04:00,23.770000457763672,23.7731990814209,23.75,23.75,174042,0.0,0.0,0.0
2023-08-22 14:30:00-04:00,23.780000686645508,23.790800094604492,23.770000457763672,23.780000686645508,3767,0.0,0.0,0.0
2023-08-22 15:30:00-04:00,23.750099182128906,23.764999389648438,23.750099182128906,23.764999389648438,630,0.0,0.0,0.0
2023-08-23 09:30:00-04:00,23.760000228881836,23.864900588989258,23.760000228881836,23.864900588989258,0,0.0,0.0,0.0
2023-08-23 10:30:00-04:00,23.829999923706055,23.887800216674805,23.829999923706055,23.885000228881836,4533,0.0,0.0,0.0
2023-08-23 11:30:00-04:00,23.920000076293945,23.920000076293945,23.899999618530273,23.90999984741211,4887,0.0,0.0,0.0
2023-08-23 12:30:00-04:00,23.916000366210938,23.939899444580078,23.916000366210938,23.939899444580078,884,0.0,0.0,0.0
2023-08-23 13:30:00-04:00,23.969999313354492,23.969999313354492,23.9507999420166,23.9507999420166,4571,0.0,0.0,0.0
2023-08-23 14:30:00-04:00,23.940000534057617,23.940099716186523,23.93000030517578,23.940099716186523,3467,0.0,0.0,0.0
2023-08-23 15:30:00-04:00,23.959999084472656,23.959999084472656,23.940000534057617,23.950000762939453,0,0.0,0.0,0.0
2023-08-24 09:30:00-04:00,23.8700008392334,23.959999084472656,23.84709930419922,23.93000030517578,6007,0.0,0.0,0.0
2023-08-24 10:30:00-04:00,23.869199752807617,23.889999389648438,23.846799850463867,23.850000381469727,13953,0.0,0.0,0.0
2023-08-24 11:30:00-04:00,23.85099983215332,23.85099983215332,23.800199508666992,23.84000015258789,1005364,0.0,0.0,0.0
2023-08-24 12:30:00-04:00,23.825000762939453,23.825000762939453,23.790000915527344,23.790000915527344,2958,0.0,0.0,0.0
2023-08-24 13:30:00-04:00,23.790000915527344,23.791400909423828,23.770000457763672,23.77989959716797,7335,0.0,0.0,0.0
2023-08-24 14:30:00-04:00,23.780000686645508,23.780000686645508,23.760000228881836,23.780000686645508,14664,0.0,0.0,0.0
2023-08-24 15:30:00-04:00,23.760000228881836,23.760000228881836,23.68000030517578,23.690000534057617,74063,0.0,0.0,0.0
2023-08-25 09:30:00-04:00,23.920000076293945,23.942699432373047,23.840099334716797,23.942699432373047,5067,0.0,0.0,0.0
2023-08-25 10:30:00-04:00,23.770000457763672,23.770000457763672,23.68000030517578,23.71299934387207,18849,0.0,0.0,0.0
2023-08-25 11:30:00-04:00,23.761699676513672,23.809999465942383,23.719999313354492,23.809999465942383,4821,0.0,0.0,0.0
2023-08-25 12:30:00-04:00,23.799999237060547,23.80500030517578,23.780000686645508,23.780099868774414,2530,0.0,0.0,0.0
2023-08-25 13:30:00-04:00,23.764999389648438,23.819499969482422,23.7549991607666,23.819499969482422,1661,0.0,0.0,0.0
2023-08-25 14:30:00-04:00,23.860000610351562,23.889999389648438,23.850000381469727,23.889999389648438,7761,0.0,0.0,0.0
2023-08-25 15:30:00-04:00,23.8799991607666,23.8799991607666,23.850000381469727,23.850000381469727,932,0.0,0.0,0.0
2023-08-28 09:30:00-04:00,23.950000762939453,24.094999313354492,23.950000762939453,24.06999969482422,0,0.0,0.0,0.0
2023-08-28 10:30:00-04:00,24.075000762939453,24.079999923706055,24.024999618530273,24.049999237060547,2474,0.0,0.0,0.0
2023-08-28 11:30:00-04:00,24.059999465942383,24.06999969482422,24.059999465942383,24.06999969482422,1977,0.0,0.0,0.0
2023-08-28 12:30:00-04:00,24.059999465942383,24.094999313354492,24.059999465942383,24.079999923706055,6994,0.0,0.0,0.0
2023-08-28 13:30:00-04:00,24.100000381469727,24.100000381469727,24.040000915527344,24.049999237060547,7765,0.0,0.0,0.0
2023-08-28 14:30:00-04:00,24.040000915527344,24.079500198364258,24.040000915527344,24.049999237060547,14795,0.0,0.0,0.0
2023-08-28 15:30:00-04:00,24.070100784301758,24.09000015258789,24.06999969482422,24.06999969482422,3257,0.0,0.0,0.0
2023-08-29 09:30:00-04:00,24.059999465942383,24.229999542236328,24.059999465942383,24.229999542236328,15454,0.0,0.0,0.0
2023-08-29 10:30:00-04:00,24.190000534057617,24.225000381469727,24.174999237060547,24.225000381469727,3746,0.0,0.0,0.0
2023-08-29 11:30:00-04:00,24.239999771118164,24.280000686645508,24.229999542236328,24.280000686645508,11386,0.0,0.0,0.0
2023-08-29 12:30:00-04:00,24.2549991607666,24.27910041809082,24.239999771118164,24.27910041809082,16910,0.0,0.0,0.0
2023-08-29 13:30:00-04:00,24.309999465942383,24.309999465942383,24.270000457763672,24.270000457763672,5101,0.0,0.0,0.0
2023-08-29 14:30:00-04:00,24.290000915527344,24.33009910583496,24.290000915527344,24.33009910583496,5037,0.0,0.0,0.0
2023-08-29 15:30:00-04:00,24.350000381469727,24.354999542236328,24.334999084472656,24.354999542236328,0,0.0,0.0,0.0
2023-08-30 09:30:00-04:00,24.450000762939453,24.559999465942383,24.450000762939453,24.469999313354492,5091,0.0,0.0,0.0
2023-08-30 10:30:00-04:00,24.47010040283203,24.510000228881836,24.466100692749023,24.479999542236328,4452,0.0,0.0,0.0
2023-08-30 11:30:00-04:00,24.479999542236328,24.479999542236328,24.469999313354492,24.474199295043945,168729,0.0,0.0,0.0
2023-08-30 12:30:00-04:00,24.475000381469727,24.4950008392334,24.450000762939453,24.450000762939453,140698,0.0,0.0,0.0
2023-08-30 13:30:00-04:00,24.450000762939453,24.459999084472656,24.41659927368164,24.420000076293945,20485,0.0,0.0,0.0
2023-08-30 14:30:00-04:00,24.40999984741211,24.440000534057617,24.40999984741211,24.43000030517578,4754,0.0,0.0,0.0
2023-08-30 15:30:00-04:00,24.43000030517578,24.450000762939453,24.420000076293945,24.450000762939453,29772,0.0,0.0,0.0
2023-08-31 09:30:00-04:00,24.40999984741211,24.450000762939453,24.3700008392334,24.3799991607666,23692,0.0,0.0,0.0
2023-08-31 10:30:00-04:00,24.3700008392334,24.3700008392334,24.299999237060547,24.299999237060547,14611,0.0,0.0,0.0
2023-08-31 11:30:00-04:00,24.280000686645508,24.290000915527344,24.219999313354492,24.220500946044922,10578,0.0,0.0,0.0
2023-08-31 12:30:00-04:00,24.22170066833496,24.22170066833496,24.200000762939453,24.204200744628906,1033,0.0,0.0,0.0
2023-08-31 13:30:00-04:00,24.269899368286133,24.299999237060547,24.239999771118164,24.299999237060547,33108,0.0,0.0,0.0
2023-08-31 14:30:00-04:00,24.280000686645508,24.280000686645508,24.233800888061523,24.260000228881836,12065,0.0,0.0,0.0
2023-08-31 15:30:00-04:00,24.260000228881836,24.299999237060547,24.260000228881836,24.290000915527344,172985,0.0,0.0,0.0
2023-09-01 09:30:00-04:00,24.43000030517578,24.489999771118164,24.329999923706055,24.350000381469727,17181,0.0,0.0,0.0
2023-09-01 10:30:00-04:00,24.350000381469727,24.350000381469727,24.274999618530273,24.280000686645508,6118,0.0,0.0,0.0
2023-09-01 11:30:00-04:00,24.232900619506836,24.247900009155273,24.219999313354492,24.24049949645996,2278,0.0,0.0,0.0
2023-09-01 12:30:00-04:00,24.22010040283203,24.2549991607666,24.22010040283203,24.2549991607666,6135,0.0,0.0,0.0
2023-09-01 13:30:00-04:00,24.260000228881836,24.270000457763672,24.260000228881836,24.260799407958984,1382,0.0,0.0,0.0
2023-09-01 14:30:00-04:00,24.280000686645508,24.280000686645508,24.262500762939453,24.262500762939453,1639,0.0,0.0,0.0
2023-09-01 15:30:00-04:00,24.270000457763672,24.280000686645508,24.270000457763672,24.280000686645508,4216,0.0,0.0,0.0
2023-09-05 09:30:00-04:00,24.25,24.25,24.110000610351562,24.1200008392334,0,0.0,0.0,0.0
2023-09-05 10:30:00-04:00,24.065000534057617,24.094999313354492,24.065000534057617,24.079999923706055,7093,0.0,0.0,0.0
2023-09-05 11:30:00-04:00,24.065000534057617,24.114999771118164,24.065000534057617,24.09000015258789,6301,0.0,0.0,0.0
2023-09-05 12:30:00-04:00,24.100000381469727,24.100000381469727,24.045000076293945,24.045000076293945,4930,0.0,0.0,0.0
2023-09-05 13:30:00-04:00,24.041400909423828,24.059999465942383,24.030000686645508,24.040000915527344,5664,0.0,0.0,0.0
2023-09-05 14:30:00-04:00,24.04990005493164,24.04990005493164,24.010000228881836,24.010000228881836,7322,0.0,0.0,0.0
2023-09-05 15:30:00-04:00,24.014999389648438,24.040000915527344,24.010000228881836,24.010000228881836,2405,0.0,0.0,0.0
2023-09-06 09:30:00-04:00,24.020000457763672,24.020000457763672,23.934999465942383,23.934999465942383,4280,0.0,0.0,0.0
2023-09-06 10:30:00-04:00,23.8700008392334,23.90999984741211,23.8700008392334,23.87339973449707,11809,0.0,0.0,0.0
2023-09-06 11:30:00-04:00,23.8799991607666,23.90999984741211,23.8799991607666,23.8799991607666,4167,0.0,0.0,0.0
2023-09-06 12:30:00-04:00,23.850000381469727,23.8799991607666,23.84000015258789,23.8799991607666,24618,0.0,0.0,0.0
2023-09-06 13:30:00-04:00,23.879899978637695,23.899999618530273,23.87150001525879,23.899999618530273,2156,0.0,0.0,0.0
2023-09-06 14:30:00-04:00,23.899599075317383,23.902799606323242,23.899599075317383,23.900100708007812,1084,0.0,0.0,0.0
2023-09-06 15:30:00-04:00,23.919300079345703,23.93000030517578,23.899999618530273,23.93000030517578,0,0.0,0.0,0.0
2023-09-07 09:30:00-04:00,23.93000030517578,23.950000762939453,23.870100021362305,23.8710994720459,2227,0.0,0.0,0.0
2023-09-07 10:30:00-04:00,23.899999618530273,23.920000076293945,23.889999389648438,23.899999618530273,3237,0.0,0.0,0.0
2023-09-07 11:30:00-04:00,23.922100067138672,23.92959976196289,23.90999984741211,23.927200317382812,3302,0.0,0.0,0.0
2023-09-07 12:30:00-04:00,23.90999984741211,23.920499801635742,23.90999984741211,23.920499801635742,2106,0.0,0.0,0.0
2023-09-07 13:30:00-04:00,23.927900314331055,23.927900314331055,23.905000686645508,23.905000686645508,2628,0.0,0.0,0.0
2023-09-07 14:30:00-04:00,23.887100219726562,23.895000457763672,23.885000228881836,23.889999389648438,2398,0.0,0.0,0.0
2023-09-07 15:30:00-04:00,23.895000457763672,23.90999984741211,23.895000457763672,23.899999618530273,1225,0.0,0.0,0.0
2023-09-08 09:30:00-04:00,24.0,24.058500289916992,23.94029998779297,24.058500289916992,0,0.0,0.0,0.0
2023-09-08 10:30:00-04:00,24.03499984741211,24.040000915527344,24.020000457763672,24.030500411987305,2718,0.0,0.0,0.0
2023-09-08 11:30:00-04:00,24.030899047851562,24.030899047851562,24.020000457763672,24.020000457763672,1128,0.0,0.0,0.0
2023-09-08 12:30:00-04:00,24.03499984741211,24.03499984741211,24.030000686645508,24.030000686645508,2346,0.0,0.0,0.0
2023-09-08 13:30:00-04:00,24.022600173950195,24.040000915527344,24.016000747680664,24.016000747680664,2555,0.0,0.0,0.0
2023-09-08 14:30:00-04:00,24.001699447631836,24.001699447631836,23.982799530029297,23.989999771118164,5947,0.0,0.0,0.0
2023-09-08 15:30:00-04:00,24.0,24.010000228881836,24.0,24.0,2500,0.0,0.0,0.0
2023-09-11 09:30:00-04:00,24.149999618530273,24.18000030517578,24.104799270629883,24.152299880981445,0,0.0,0.0,0.0
2023-09-11 10:30:00-04:00,24.219999313354492,24.229000091552734,24.172500610351562,24.199399948120117,4351,0.0,0.0,0.0
2023-09-11 11:30:00-04:00,24.232799530029297,24.239999771118164,24.232799530029297,24.239999771118164,1230,0.0,0.0,0.0
2023-09-11 12:30:00-04:00,24.248699188232422,24.248699188232422,24.212900161743164,24.225000381469727,2209,0.0,0.0,0.0
2023-09-11 13:30:00-04:00,24.200000762939453,24.209999084472656,24.200000762939453,24.209999084472656,1207,0.0,0.0,0.0
2023-09-11 14:30:00-04:00,24.200000762939453,24.200000762939453,24.184999465942383,24.190000534057617,3292,0.0,0.0,0.0
2023-09-11 15:30:00-04:00,24.190099716186523,24.200000762939453,24.190099716186523,24.19499969482422,2414,0.0,0.0,0.0
2023-09-12 09:30:00-04:00,24.190000534057617,24.229999542236328,24.170000076293945,24.170000076293945,0,0.0,0.0,0.0
2023-09-12 10:30:00-04:00,24.18899917602539,24.209999084472656,24.184999465942383,24.209999084472656,2126,0.0,0.0,0.0
2023-09-12 11:30:00-04:00,24.209999084472656,24.209999084472656,24.200000762939453,24.200000762939453,6448,0.0,0.0,0.0
2023-09-12 12:30:00-04:00,24.229999542236328,24.260000228881836,24.229999542236328,24.260000228881836,837,0.0,0.0,0.0
2023-09-12 13:30:00-04:00,24.260000228881836,24.260000228881836,24.229999542236328,24.25,3222,0.0,0.0,0.0
2023-09-12 14:30:00-04:00,24.239999771118164,24.239999771118164,24.189899444580078,24.189899444580078,4113,0.0,0.0,0.0
2023-09-12 15:30:00-04:00,24.19499969482422,24.209999084472656,24.190000534057617,24.190000534057617,5416,0.0,0.0,0.0
2023-09-13 09:30:00-04:00,24.260000228881836,24.274999618530273,24.19499969482422,24.200000762939453,5801,0.0,0.0,0.0
2023-09-13 10:30:00-04:00,24.209999084472656,24.26849937438965,24.209999084472656,24.26849937438965,8312,0.0,0.0,0.0
2023-09-13 11:30:00-04:00,24.25,24.25,24.202299118041992,24.219999313354492,1524,0.0,0.0,0.0
2023-09-13 12:30:00-04:00,24.209999084472656,24.209999084472656,24.209999084472656,24.209999084472656,622,0.0,0.0,0.0
2023-09-13 13:30:00-04:00,24.209999084472656,24.209999084472656,24.209999084472656,24.209999084472656,827,0.0,0.0,0.0
2023-09-13 14:30:00-04:00,24.200000762939453,24.200000762939453,24.15180015563965,24.174999237060547,4664,0.0,0.0,0.0
2023-09-13 15:30:00-04:00,24.188199996948242,24.209999084472656,24.188199996948242,24.209400177001953,2822,0.0,0.0,0.0
2023-09-14 09:30:00-04:00,24.34000015258789,24.459999084472656,24.34000015258789,24.41990089416504,0,0.0,0.0,0.0
2023-09-14 10:30:00-04:00,24.478900909423828,24.56999969482422,24.478900909423828,24.559999465942383,1638,0.0,0.0,0.0
2023-09-14 11:30:00-04:00,24.56999969482422,24.56999969482422,24.540000915527344,24.540000915527344,4270,0.0,0.0,0.0
2023-09-14 12:30:00-04:00,24.557100296020508,24.60689926147461,24.557100296020508,24.594999313354492,653,0.0,0.0,0.0
2023-09-14 13:30:00-04:00,24.579999923706055,24.579999923706055,24.579999923706055,24.579999923706055,348,0.0,0.0,0.0
2023-09-14 14:30:00-04:00,24.57040023803711,24.58989906311035,24.57040023803711,24.571399688720703,4242,0.0,0.0,0.0
2023-09-14 15:30:00-04:00,24.584999084472656,24.639999389648438,24.584999084472656,24.6299991607666,201829,0.0,0.0,0.0
2023-09-15 09:30:00-04:00,24.649999618530273,24.760000228881836,24.649999618530273,24.709999084472656,21200,0.0,0.0,0.0
2023-09-15 10:30:00-04:00,24.700000762939453,24.700199127197266,24.63290023803711,24.670000076293945,3800,0.0,0.0,0.0
2023-09-15 11:30:00-04:00,24.6299991607666,24.63949966430664,24.61009979248047,24.6200008392334,2531,0.0,0.0,0.0
2023-09-15 12:30:00-04:00,24.635000228881836,24.635000228881836,24.58139991760254,24.58139991760254,1123,0.0,0.0,0.0
2023-09-15 13:30:00-04:00,24.610000610351562,24.610000610351562,24.59000015258789,24.59000015258789,2590,0.0,0.0,0.0
2023-09-15 14:30:00-04:00,24.59000015258789,24.610000610351562,24.579200744628906,24.579200744628906,2987,0.0,0.0,0.0
2023-09-15 15:30:00-04:00,24.559999465942383,24.56999969482422,24.559999465942383,24.559999465942383,1526,0.0,0.0,0.0
2023-09-18 09:30:00-04:00,24.540000915527344,24.540000915527344,24.3799991607666,24.40959930419922,0,0.0,0.0,0.0
2023-09-18 10:30:00-04:00,24.457399368286133,24.457399368286133,24.389999389648438,24.420400619506836,3039,0.0,0.0,0.0
2023-09-18 11:30:00-04:00,24.440000534057617,24.459999084472656,24.440000534057617,24.44499969482422,4686,0.0,0.0,0.0
2023-09-18 12:30:00-04:00,24.4507999420166,24.459999084472656,24.4507999420166,24.454999923706055,1683,0.0,0.0,0.0
2023-09-18 13:30:00-04:00,24.450000762939453,24.459999084472656,24.414400100708008,24.420000076293945,4616,0.0,0.0,0.0
2023-09-18 14:30:00-04:00,24.420000076293945,24.42889976501465,24.399999618530273,24.420000076293945,5884,0.0,0.0,0.0
2023-09-18 15:30:00-04:00,24.420000076293945,24.440000534057617,24.40999984741211,24.434999465942383,3406,0.0,0.0,0.0
2023-09-19 09:30:00-04:00,24.5,24.5,24.43000030517578,24.43000030517578,0,0.0,0.0,0.0
2023-09-19 10:30:00-04:00,24.450000762939453,24.456300735473633,24.40999984741211,24.450000762939453,40356,0.0,0.0,0.0
2023-09-19 11:30:00-04:00,24.43000030517578,24.43000030517578,24.402799606323242,24.402799606323242,1332,0.0,0.0,0.0
2023-09-19 12:30:00-04:00,24.399999618530273,24.415000915527344,24.3799991607666,24.415000915527344,5264,0.0,0.0,0.0
2023-09-19 13:30:00-04:00,24.440000534057617,24.44930076599121,24.440000534057617,24.440000534057617,1084,0.0,0.0,0.0
2023-09-19 14:30:00-04:00,24.469999313354492,24.469999313354492,24.430299758911133,24.440000534057617,1216,0.0,0.0,0.0
2023-09-19 15:30:00-04:00,24.469999313354492,24.469999313354492,24.450000762939453,24.450000762939453,818,0.0,0.0,0.0
2023-09-20 09:30:00-04:00,24.68000030517578,24.709999084472656,24.61680030822754,24.703100204467773,0,0.0,0.0,0.0
2023-09-20 10:30:00-04:00,24.690500259399414,24.709999084472656,24.68000030517578,24.709999084472656,4433,0.0,0.0,0.0
2023-09-20 11:30:00-04:00,24.684999465942383,24.709999084472656,24.670000076293945,24.709999084472656,9976,0.0,0.0,0.0
2023-09-20 12:30:00-04:00,24.733400344848633,24.735000610351562,24.719999313354492,24.719999313354492,3358,0.0,0.0,0.0
2023-09-20 13:30:00-04:00,24.71500015258789,24.719999313354492,24.600000381469727,24.640100479125977,18518,0.0,0.0,0.0
2023-09-20 14:30:00-04:00,24.549999237060547,24.549999237060547,24.539899826049805,24.539899826049805,1900,0.0,0.0,0.0
2023-09-20 15:30:00-04:00,24.540000915527344,24.540000915527344,24.469999313354492,24.5,6956,0.0,0.0,0.0
2023-09-21 09:30:00-04:00,24.399999618530273,24.440000534057617,24.350000381469727,24.440000534057617,0,0.0,0.0,0.0
2023-09-21 10:30:00-04:00,24.42169952392578,24.42169952392578,24.328899383544922,24.334999084472656,6370,0.0,0.0,0.0
2023-09-21 11:30:00-04:00,24.334999084472656,24.34000015258789,24.295000076293945,24.295000076293945,1507,0.0,0.0,0.0
2023-09-21 12:30:00-04:00,24.300100326538086,24.310100555419922,24.299999237060547,24.310100555419922,2178,0.0,0.0,0.0
2023-09-21 13:30:00-04:00,24.350400924682617,24.350400924682617,24.292800903320312,24.292800903320312,3043,0.0,0.0,0.0
2023-09-21 14:30:00-04:00,24.270099639892578,24.290800094604492,24.260000228881836,24.260099411010742,2615,0.0,0.0,0.0
2023-09-21 15:30:00-04:00,24.239999771118164,24.241100311279297,24.200000762939453,24.200000762939453,2894,0.0,0.0,0.0
2023-09-22 09:30:00-04:00,24.360000610351562,24.36549949645996,24.290000915527344,24.36549949645996,0,0.0,0.0,0.0
2023-09-22 10:30:00-04:00,24.3700008392334,24.3700008392334,24.260000228881836,24.290000915527344,23472,0.0,0.0,0.0
2023-09-22 11:30:00-04:00,24.27199935913086,24.27199935913086,24.20009994506836,24.229999542236328,1309,0.0,0.0,0.0
2023-09-22 12:30:00-04:00,24.23270034790039,24.239900588989258,24.23270034790039,24.239900588989258,1000,0.0,0.0,0.0
2023-09-22 13:30:00-04:00,24.15999984741211,24.177499771118164,24.150100708007812,24.150100708007812,1966,0.0,0.0,0.0
2023-09-22 14:30:00-04:00,24.149999618530273,24.207599639892578,24.120100021362305,24.207599639892578,4068,0.0,0.0,0.0
2023-09-22 15:30:00-04:00,24.149999618530273,24.15999984741211,24.149999618530273,24.15999984741211,702,0.0,0.0,0.0
2023-09-25 09:30:00-04:00,23.950000762939453,23.950000762939453,23.8700008392334,23.930099487304688,16168,0.0,0.0,0.0
2023-09-25 10:30:00-04:00,23.879600524902344,23.985000610351562,23.879600524902344,23.985000610351562,3393,0.0,0.0,0.0
2023-09-25 11:30:00-04:00,24.021099090576172,24.024999618530273,24.021099090576172,24.024999618530273,1324,0.0,0.0,0.0
2023-09-25 12:30:00-04:00,24.040000915527344,24.040000915527344,24.020000457763672,24.020000457763672,7607,0.0,0.0,0.0
2023-09-25 13:30:00-04:00,24.020999908447266,24.049999237060547,24.020999908447266,24.030000686645508,7366,0.0,0.0,0.0
2023-09-25 14:30:00-04:00,24.020000457763672,24.030500411987305,24.020000457763672,24.030000686645508,11992,0.0,0.0,0.0
2023-09-25 15:30:00-04:00,24.040000915527344,24.050899505615234,24.030000686645508,24.04949951171875,0,0.0,0.0,0.0
2023-09-26 09:30:00-04:00,24.030000686645508,24.06999969482422,23.959999084472656,23.959999084472656,4552,0.0,0.0,0.0
2023-09-26 10:30:00-04:00,23.979999542236328,24.0,23.950000762939453,23.959999084472656,162862,0.0,0.0,0.0
2023-09-26 11:30:00-04:00,23.94860076904297,23.950000762939453,23.902099609375,23.93000030517578,6832,0.0,0.0,0.0
2023-09-26 12:30:00-04:00,23.934999465942383,23.940000534057617,23.899999618530273,23.91900062561035,21413,0.0,0.0,0.0
2023-09-26 13:30:00-04:00,23.90999984741211,23.90999984741211,23.854999542236328,23.860000610351562,5475,0.0,0.0,0.0
2023-09-26 14:30:00-04:00,23.850000381469727,23.8700008392334,23.84000015258789,23.850000381469727,8145,0.0,0.0,0.0
2023-09-26 15:30:00-04:00,23.850000381469727,23.8700008392334,23.832700729370117,23.860000610351562,10580,0.0,0.0,0.0
2023-09-27 09:30:00-04:00,23.889999389648438,23.899999618530273,23.809999465942383,23.829999923706055,0,0.0,0.0,0.0
2023-09-27 10:30:00-04:00,23.799999237060547,23.800800323486328,23.740100860595703,23.799999237060547,3431,0.0,0.0,0.0
2023-09-27 11:30:00-04:00,23.799999237060547,23.815000534057617,23.71500015258789,23.719999313354492,106843,0.0,0.0,0.0
2023-09-27 12:30:00-04:00,23.71500015258789,23.7549991607666,23.661699295043945,23.661699295043945,31140,0.0,0.0,0.0
2023-09-27 13:30:00-04:00,23.650999069213867,23.67289924621582,23.639999389648438,23.65999984741211,10313,0.0,0.0,0.0
2023-09-27 14:30:00-04:00,23.760000228881836,23.81999969482422,23.760000228881836,23.800100326538086,4066,0.0,0.0,0.0
2023-09-27 15:30:00-04:00,23.780000686645508,23.790000915527344,23.735000610351562,23.790000915527344,9085,0.0,0.0,0.0
2023-09-28 09:30:00-04:00,23.799999237060547,23.88290023803711,23.799999237060547,23.8799991607666,0,0.0,0.0,0.0
2023-09-28 10:30:00-04:00,23.899999618530273,24.0,23.8799991607666,24.0,3277,0.0,0.0,0.0
2023-09-28 11:30:00-04:00,24.014999389648438,24.059999465942383,24.014999389648438,24.059999465942383,5427,0.0,0.0,0.0
2023-09-28 12:30:00-04:00,24.059999465942383,24.059999465942383,23.989999771118164,23.989999771118164,4969,0.0,0.0,0.0
2023-09-28 13:30:00-04:00,23.969999313354492,24.0,23.959999084472656,24.0,7013,0.0,0.0,0.0
2023-09-28 14:30:00-04:00,23.985000610351562,24.014999389648438,23.969999313354492,24.014999389648438,6178,0.0,0.0,0.0
2023-09-28 15:30:00-04:00,23.979999542236328,23.989999771118164,23.959999084472656,23.980300903320312,0,0.0,0.0,0.0
2023-09-29 09:30:00-04:00,24.170000076293945,24.170000076293945,24.0398006439209,24.0398006439209,942,0.0,0.0,0.0
2023-09-29 10:30:00-04:00,24.055299758911133,24.100000381469727,24.040000915527344,24.057899475097656,8400,0.0,0.0,0.0
2023-09-29 11:30:00-04:00,23.99519920349121,23.99519920349121,23.99519920349121,23.99519920349121,190,0.0,0.0,0.0
2023-09-29 12:30:00-04:00,24.000099182128906,24.002300262451172,23.940000534057617,23.940000534057617,1115,0.0,0.0,0.0
2023-09-29 13:30:00-04:00,23.924999237060547,23.924999237060547,23.864999771118164,23.899999618530273,25941,0.0,0.0,0.0
2023-09-29 14:30:00-04:00,23.860000610351562,23.912200927734375,23.860000610351562,23.90999984741211,1927,0.0,0.0,0.0
2023-09-29 15:30:00-04:00,23.93000030517578,23.950000762939453,23.90999984741211,23.910999298095703,6081,0.0,0.0,0.0
2023-10-02 09:30:00-04:00,23.700000762939453,23.739999771118164,23.540000915527344,23.540000915527344,0,0.0,0.0,0.0
2023-10-02 10:30:00-04:00,23.5,23.559999465942383,23.49180030822754,23.559999465942383,14481,0.0,0.0,0.0
2023-10-02 11:30:00-04:00,23.530000686645508,23.530000686645508,23.47100067138672,23.5,7416,0.0,0.0,0.0
2023-10-02 12:30:00-04:00,23.450000762939453,23.469999313354492,23.442100524902344,23.469999313354492,4726,0.0,0.0,0.0
2023-10-02 13:30:00-04:00,23.469999313354492,23.517000198364258,23.452499389648438,23.452499389648438,2478,0.0,0.0,0.0
2023-10-02 14:30:00-04:00,23.450000762939453,23.479999542236328,23.428800582885742,23.479999542236328,515506,0.0,0.0,0.0
2023-10-02 15:30:00-04:00,23.469999313354492,23.475000381469727,23.450000762939453,23.469999313354492,0,0.0,0.0,0.0
2023-10-03 09:30:00-04:00,23.399999618530273,23.450000762939453,23.31999969482422,23.40169906616211,13172,0.0,0.0,0.0
2023-10-03 10:30:00-04:00,23.34000015258789,23.3700008392334,23.290000915527344,23.299999237060547,7351,0.0,0.0,0.0
2023-10-03 11:30:00-04:00,23.290000915527344,23.350000381469727,23.283300399780273,23.344999313354492,10626,0.0,0.0,0.0
2023-10-03 12:30:00-04:00,23.375,23.375,23.330799102783203,23.359899520874023,4171,0.0,0.0,0.0
2023-10-03 13:30:00-04:00,23.334999084472656,23.334999084472656,23.270099639892578,23.270099639892578,4243,0.0,0.0,0.0
2023-10-03 14:30:00-04:00,23.272300720214844,23.320100784301758,23.272300720214844,23.30229949951172,10784,0.0,0.0,0.0
2023-10-03 15:30:00-04:00,23.300100326538086,23.34000015258789,23.299999237060547,23.321300506591797,6459,0.0,0.0,0.0
2023-10-04 09:30:00-04:00,23.3799991607666,23.40999984741211,23.15999984741211,23.170000076293945,0,0.0,0.0,0.0
2023-10-04 10:30:00-04:00,23.1481990814209,23.22879981994629,23.1200008392334,23.22879981994629,23459,0.0,0.0,0.0
2023-10-04 11:30:00-04:00,23.260299682617188,23.31999969482422,23.260299682617188,23.31999969482422,9082,0.0,0.0,0.0
2023-10-04 12:30:00-04:00,23.34000015258789,23.34000015258789,23.270000457763672,23.270000457763672,2015,0.0,0.0,0.0
2023-10-04 13:30:00-04:00,23.260000228881836,23.260000228881836,23.229999542236328,23.260000228881836,12193,0.0,0.0,0.0
2023-10-04 14:30:00-04:00,23.2450008392334,23.309999465942383,23.240100860595703,23.30500030517578,4473,0.0,0.0,0.0
2023-10-04 15:30:00-04:00,23.309999465942383,23.34000015258789,23.299999237060547,23.34000015258789,5518,0.0,0.0,0.0
2023-10-05 09:30:00-04:00,23.440000534057617,23.5,23.43000030517578,23.489999771118164,0,0.0,0.0,0.0
2023-10-05 10:30:00-04:00,23.510000228881836,23.510000228881836,23.399999618530273,23.43000030517578,62708,0.0,0.0,0.0
2023-10-05 11:30:00-04:00,23.420000076293945,23.459999084472656,23.417499542236328,23.459999084472656,10959,0.0,0.0,0.0
2023-10-05 12:30:00-04:00,23.469999313354492,23.469999313354492,23.399999618530273,23.440000534057617,12852,0.0,0.0,0.0
2023-10-05 13:30:00-04:00,23.450000762939453,23.510000228881836,23.450000762939453,23.489999771118164,9132,0.0,0.0,0.0
2023-10-05 14:30:00-04:00,23.49090003967285,23.530000686645508,23.49090003967285,23.514999389648438,14358,0.0,0.0,0.0
2023-10-05 15:30:00-04:00,23.518999099731445,23.520000457763672,23.469999313354492,23.5,367152,0.0,0.0,0.0
2023-10-06 09:30:00-04:00,23.549999237060547,23.549999237060547,23.38330078125,23.434999465942383,39575,0.0,0.0,0.0
2023-10-06 10:30:00-04:00,23.549999237060547,23.65999984741211,23.530000686645508,23.65999984741211,6092,0.0,0.0,0.0
2023-10-06 11:30:00-04:00,23.78499984741211,23.809999465942383,23.75,23.75,5144,0.0,0.0,0.0
2023-10-06 12:30:00-04:00,23.77050018310547,23.799999237060547,23.757600784301758,23.799999237060547,4133,0.0,0.0,0.0
2023-10-06 13:30:00-04:00,23.81170082092285,23.826099395751953,23.810100555419922,23.810100555419922,6239,0.0,0.0,0.0
2023-10-06 14:30:00-04:00,23.831100463867188,23.850000381469727,23.821300506591797,23.822900772094727,2939,0.0,0.0,0.0
2023-10-06 15:30:00-04:00,23.81999969482422,23.81999969482422,23.80340003967285,23.80340003967285,1102,0.0,0.0,0.0
2023-10-09 09:30:00-04:00,23.610000610351562,23.725000381469727,23.610000610351562,23.649999618530273,0,0.0,0.0,0.0
2023-10-09 10:30:00-04:00,23.639999389648438,23.65999984741211,23.6200008392334,23.64459991455078,6077,0.0,0.0,0.0
2023-10-09 11:30:00-04:00,23.641300201416016,23.662900924682617,23.610000610351562,23.6299991607666,18563,0.0,0.0,0.0
2023-10-09 12:30:00-04:00,23.610000610351562,23.61389923095703,23.5935001373291,23.5935001373291,1239,0.0,0.0,0.0
2023-10-09 13:30:00-04:00,23.670000076293945,23.804100036621094,23.670000076293945,23.804100036621094,17444,0.0,0.0,0.0
2023-10-09 14:30:00-04:00,23.809999465942383,23.818599700927734,23.770000457763672,23.770000457763672,13239,0.0,0.0,0.0
2023-10-09 15:30:00-04:00,23.809999465942383,23.809999465942383,23.790000915527344,23.80940055847168,4004,0.0,0.0,0.0
2023-10-10 09:30:00-04:00,24.1299991607666,24.170000076293945,24.06999969482422,24.170000076293945,0,0.0,0.0,0.0
2023-10-10 10:30:00-04:00,24.16990089416504,24.219999313354492,24.16990089416504,24.200000762939453,6165,0.0,0.0,0.0
2023-10-10 11:30:00-04:00,24.209999084472656,24.219999313354492,24.209999084472656,24.219999313354492,911,0.0,0.0,0.0
2023-10-10 12:30:00-04:00,24.247800827026367,24.269800186157227,24.170000076293945,24.18000030517578,5686,0.0,0.0,0.0
2023-10-10 13:30:00-04:00,24.180200576782227,24.209999084472656,24.18000030517578,24.190000534057617,17565,0.0,0.0,0.0
2023-10-10 14:30:00-04:00,24.190099716186523,24.200000762939453,24.170000076293945,24.170000076293945,2036,0.0,0.0,0.0
2023-10-10 15:30:00-04:00,24.18000030517578,24.200000762939453,24.170400619506836,24.1914005279541,0,0.0,0.0,0.0
2023-10-11 09:30:00-04:00,24.270000457763672,24.360000610351562,24.260000228881836,24.260000228881836,17258,0.0,0.0,0.0
2023-10-11 10:30:00-04:00,24.290000915527344,24.290000915527344,24.219999313354492,24.219999313354492,6531,0.0,0.0,0.0
2023-10-11 11:30:00-04:00,24.2450008392334,24.25,24.204999923706055,24.204999923706055,5875,0.0,0.0,0.0
2023-10-11 12:30:00-04:00,24.184999465942383,24.204999923706055,24.184999465942383,24.190000534057617,3903,0.0,0.0,0.0
2023-10-11 13:30:00-04:00,24.15999984741211,24.20199966430664,24.152000427246094,24.20199966430664,6331,0.0,0.0,0.0
2023-10-11 14:30:00-04:00,24.21500015258789,24.260000228881836,24.2101993560791,24.240100860595703,5488,0.0,0.0,0.0
2023-10-11 15:30:00-04:00,24.260000228881836,24.290000915527344,24.260000228881836,24.288999557495117,5590,0.0,0.0,0.0
2023-10-12 09:30:00-04:00,24.31999969482422,24.31999969482422,24.200000762939453,24.200000762939453,0,0.0,0.0,0.0
2023-10-12 10:30:00-04:00,24.223400115966797,24.223400115966797,24.15999984741211,24.18269920349121,9155,0.0,0.0,0.0
2023-10-12 11:30:00-04:00,24.139999389648438,24.174699783325195,24.1200008392334,24.169700622558594,3236,0.0,0.0,0.0
2023-10-12 12:30:00-04:00,24.160999298095703,24.167400360107422,24.049999237060547,24.049999237060547,3905,0.0,0.0,0.0
2023-10-12 13:30:00-04:00,24.010000228881836,24.010000228881836,23.959999084472656,24.0,2425,0.0,0.0,0.0
2023-10-12 14:30:00-04:00,24.000999450683594,24.057100296020508,24.000200271606445,24.040000915527344,17826,0.0,0.0,0.0
2023-10-12 15:30:00-04:00,24.049999237060547,24.079999923706055,24.049999237060547,24.079999923706055,85981,0.0,0.0,0.0
2023-10-13 09:30:00-04:00,24.139999389648438,24.139999389648438,23.979999542236328,23.979999542236328,64488,0.0,0.0,0.0
2023-10-13 10:30:00-04:00,23.970699310302734,23.970699310302734,23.84000015258789,23.860000610351562,2761,0.0,0.0,0.0
2023-10-13 11:30:00-04:00,23.8700008392334,23.920000076293945,23.860000610351562,23.920000076293945,517287,0.0,0.0,0.0
2023-10-13 12:30:00-04:00,23.920000076293945,23.920000076293945,23.860000610351562,23.8700008392334,4806,0.0,0.0,0.0
2023-10-13 13:30:00-04:00,23.882699966430664,23.918800354003906,23.88010025024414,23.890199661254883,3224,0.0,0.0,0.0
2023-10-13 14:30:00-04:00,23.8799991607666,23.920000076293945,23.8799991607666,23.920000076293945,815,0.0,0.0,0.0
2023-10-13 15:30:00-04:00,23.902700424194336,23.902700424194336,23.891000747680664,23.891000747680664,958,0.0,0.0,0.0
2023-10-16 09:30:00-04:00,24.030000686645508,24.030000686645508,23.920000076293945,24.014999389648438,0,0.0,0.0,0.0
2023-10-16 10:30:00-04:00,24.049999237060547,24.110000610351562,24.049999237060547,24.079999923706055,1808,0.0,0.0,0.0
2023-10-16 11:30:00-04:00,24.079999923706055,24.079999923706055,24.049999237060547,24.075000762939453,7863,0.0,0.0,0.0
2023-10-16 12:30:00-04:00,24.078800201416016,24.1200008392334,24.049999237060547,24.049999237060547,8311,0.0,0.0,0.0
2023-10-16 13:30:00-04:00,24.07200050354004,24.118900299072266,24.07200050354004,24.104999542236328,13179,0.0,0.0,0.0
2023-10-16 14:30:00-04:00,24.100000381469727,24.130399703979492,24.079999923706055,24.1299991607666,7511,0.0,0.0,0.0
2023-10-16 15:30:00-04:00,24.1299991607666,24.139999389648438,24.1200008392334,24.1299991607666,11962,0.0,0.0,0.0
2023-10-17 09:30:00-04:00,24.049999237060547,24.145000457763672,24.049999237060547,24.145000457763672,0,0.0,0.0,0.0
2023-10-17 10:30:00-04:00,24.15999984741211,24.229999542236328,24.15999984741211,24.229999542236328,995,0.0,0.0,0.0
2023-10-17 11:30:00-04:00,24.25,24.25,24.239900588989258,24.239999771118164,3262,0.0,0.0,0.0
2023-10-17 12:30:00-04:00,24.31999969482422,24.31999969482422,24.120100021362305,24.18000030517578,53042,0.0,0.0,0.0
2023-10-17 13:30:00-04:00,24.18000030517578,24.18000030517578,24.10099983215332,24.139999389648438,260830,0.0,0.0,0.0
2023-10-17 14:30:00-04:00,24.149999618530273,24.190000534057617,24.1299991607666,24.180099487304688,9421,0.0,0.0,0.0
2023-10-17 15:30:00-04:00,24.18000030517578,24.19099998474121,24.165000915527344,24.19099998474121,3016,0.0,0.0,0.0
2023-10-18 09:30:00-04:00,23.940000534057617,23.989999771118164,23.889999389648438,23.944700241088867,0,0.0,0.0,0.0
2023-10-18 10:30:00-04:00,23.829999923706055,23.84000015258789,23.799999237060547,23.820100784301758,3676,0.0,0.0,0.0
2023-10-18 11:30:00-04:00,23.825000762939453,23.825000762939453,23.759599685668945,23.759599685668945,3190,0.0,0.0,0.0
2023-10-18 12:30:00-04:00,23.77910041809082,23.860000610351562,23.77910041809082,23.850000381469727,3373,0.0,0.0,0.0
2023-10-18 13:30:00-04:00,23.850000381469727,23.860000610351562,23.799999237060547,23.820100784301758,7127,0.0,0.0,0.0
2023-10-18 14:30:00-04:00,23.795000076293945,23.809999465942383,23.750099182128906,23.750099182128906,3193,0.0,0.0,0.0
2023-10-18 15:30:00-04:00,23.770000457763672,23.770000457763672,23.7549991607666,23.760000228881836,5239,0.0,0.0,0.0
2023-10-19 09:30:00-04:00,23.530000686645508,23.59000015258789,23.530000686645508,23.539499282836914,6356,0.0,0.0,0.0
2023-10-19 10:30:00-04:00,23.530000686645508,23.559999465942383,23.524099349975586,23.559999465942383,3617,0.0,0.0,0.0
2023-10-19 11:30:00-04:00,23.569599151611328,23.649999618530273,23.520000457763672,23.649999618530273,9555,0.0,0.0,0.0
2023-10-19 12:30:00-04:00,23.510000228881836,23.649999618530273,23.489999771118164,23.649999618530273,15865,0.0,0.0,0.0
2023-10-19 13:30:00-04:00,23.649999618530273,23.649999618530273,23.549999237060547,23.56999969482422,2718,0.0,0.0,0.0
2023-10-19 14:30:00-04:00,23.549999237060547,23.549999237060547,23.469999313354492,23.479999542236328,16945,0.0,0.0,0.0
2023-10-19 15:30:00-04:00,23.489999771118164,23.489999771118164,23.450000762939453,23.48819923400879,3253,0.0,0.0,0.0
2023-10-20 09:30:00-04:00,23.360000610351562,23.360000610351562,23.200000762939453,23.200000762939453,11016,0.0,0.0,0.0
2023-10-20 10:30:00-04:00,23.192800521850586,23.285600662231445,23.192800521850586,23.2450008392334,4233,0.0,0.0,0.0
2023-10-20 11:30:00-04:00,23.25,23.28499984741211,23.225000381469727,23.25,3806,0.0,0.0,0.0
2023-10-20 12:30:00-04:00,23.280000686645508,23.30500030517578,23.265399932861328,23.299999237060547,3408,0.0,0.0,0.0
2023-10-20 13:30:00-04:00,23.299999237060547,23.309999465942383,23.24850082397461,23.24850082397461,7393,0.0,0.0,0.0
2023-10-20 14:30:00-04:00,23.25,23.260000228881836,23.22949981689453,23.22949981689453,14777,0.0,0.0,0.0
2023-10-20 15:30:00-04:00,23.25,23.25,23.207700729370117,23.21500015258789,5287,0.0,0.0,0.0
2023-10-23 09:30:00-04:00,23.18000030517578,23.259700775146484,23.085399627685547,23.239999771118164,14237,0.0,0.0,0.0
2023-10-23 10:30:00-04:00,23.229999542236328,23.319900512695312,23.219999313354492,23.290000915527344,10764,0.0,0.0,0.0
2023-10-23 11:30:00-04:00,23.280000686645508,23.313400268554688,23.264999389648438,23.280099868774414,7764,0.0,0.0,0.0
2023-10-23 12:30:00-04:00,23.290000915527344,23.350000381469727,23.28499984741211,23.30500030517578,0,0.0,0.0,0.0
2023-10-23 13:30:00-04:00,23.309999465942383,23.357900619506836,23.28499984741211,23.299999237060547,47020,0.0,0.0,0.0
2023-10-23 14:30:00-04:00,23.310300827026367,23.329999923706055,23.247600555419922,23.247600555419922,15730,0.0,0.0,0.0
2023-10-23 15:30:00-04:00,23.239999771118164,23.2549991607666,23.235000610351562,23.239999771118164,8658,0.0,0.0,0.0
2023-10-24 09:30:00-04:00,23.170000076293945,23.280000686645508,23.150100708007812,23.239999771118164,0,0.0,0.0,0.0
2023-10-24 10:30:00-04:00,23.25,23.290000915527344,23.209999084472656,23.209999084472656,2532,0.0,0.0,0.0
2023-10-24 11:30:00-04:00,23.209999084472656,23.209999084472656,23.19809913635254,23.200300216674805,4736,0.0,0.0,0.0
2023-10-24 12:30:00-04:00,23.200000762939453,23.229999542236328,23.18709945678711,23.219999313354492,34817,0.0,0.0,0.0
2023-10-24 13:30:00-04:00,23.221399307250977,23.240699768066406,23.219999313354492,23.240699768066406,4246,0.0,0.0,0.0
2023-10-24 14:30:00-04:00,23.257600784301758,23.270000457763672,23.25,23.25,124485,0.0,0.0,0.0
2023-10-24 15:30:00-04:00,23.268400192260742,23.280000686645508,23.25,23.25,0,0.0,0.0,0.0
2023-10-25 09:30:00-04:00,23.219999313354492,23.219999313354492,23.100000381469727,23.149999618530273,5718,0.0,0.0,0.0
2023-10-25 10:30:00-04:00,23.170000076293945,23.290000915527344,23.15999984741211,23.25,5952,0.0,0.0,0.0
2023-10-25 11:30:00-04:00,23.270000457763672,23.270000457763672,23.200000762939453,23.200000762939453,4953,0.0,0.0,0.0
2023-10-25 12:30:00-04:00,23.219999313354492,23.219999313354492,23.15999984741211,23.15999984741211,6355,0.0,0.0,0.0
2023-10-25 13:30:00-04:00,23.139999389648438,23.167699813842773,23.139999389648438,23.149999618530273,5861,0.0,0.0,0.0
2023-10-25 14:30:00-04:00,23.15999984741211,23.167800903320312,23.139999389648438,23.149999618530273,7334,0.0,0.0,0.0
2023-10-25 15:30:00-04:00,23.15999984741211,23.15999984741211,23.139999389648438,23.139999389648438,6548,0.0,0.0,0.0
2023-10-26 09:30:00-04:00,23.079999923706055,23.120100021362305,22.960100173950195,22.960100173950195,0,0.0,0.0,0.0
2023-10-26 10:30:00-04:00,23.0,23.07710075378418,23.0,23.014999389648438,11656,0.0,0.0,0.0
2023-10-26 11:30:00-04:00,23.010000228881836,23.010000228881836,22.93869972229004,22.93869972229004,4414,0.0,0.0,0.0
2023-10-26 12:30:00-04:00,22.920000076293945,22.969999313354492,22.920000076293945,22.940000534057617,2300,0.0,0.0,0.0
2023-10-26 13:30:00-04:00,22.938199996948242,23.020000457763672,22.93000030517578,23.010000228881836,13273,0.0,0.0,0.0
2023-10-26 14:30:00-04:00,23.00160026550293,23.059999465942383,23.00160026550293,23.030000686645508,54873,0.0,0.0,0.0
2023-10-26 15:30:00-04:00,23.010000228881836,23.010000228881836,22.959999084472656,22.959999084472656,59036,0.0,0.0,0.0
2023-10-27 09:30:00-04:00,23.020000457763672,23.040000915527344,22.899999618530273,22.940000534057617,28966,0.0,0.0,0.0
2023-10-27 10:30:00-04:00,22.850000381469727,22.889999389648438,22.81999969482422,22.889999389648438,6219,0.0,0.0,0.0
2023-10-27 11:30:00-04:00,22.8799991607666,22.887100219726562,22.860000610351562,22.860000610351562,3049,0.0,0.0,0.0
2023-10-27 12:30:00-04:00,22.829999923706055,22.84000015258789,22.7450008392334,22.75,14953,0.0,0.0,0.0
2023-10-27 13:30:00-04:00,22.75,22.768299102783203,22.739999771118164,22.742700576782227,4892,0.0,0.0,0.0
2023-10-27 14:30:00-04:00,22.72010040283203,22.75,22.69499969482422,22.700000762939453,24452,0.0,0.0,0.0
2023-10-27 15:30:00-04:00,22.719999313354492,22.739999771118164,22.690000534057617,22.739999771118164,6801,0.0,0.0,0.0
2023-10-30 09:30:00-04:00,23.0,23.065000534057617,22.959999084472656,22.959999084472656,0,0.0,0.0,0.0
2023-10-30 10:30:00-04:00,22.979999542236328,23.010000228881836,22.959999084472656,22.9867000579834,11374,0.0,0.0,0.0
2023-10-30 11:30:00-04:00,22.985599517822266,23.040000915527344,22.985599517822266,22.989999771118164,3290,0.0,0.0,0.0
2023-10-30 12:30:00-04:00,22.94529914855957,22.989999771118164,22.94529914855957,22.979999542236328,3873,0.0,0.0,0.0
2023-10-30 13:30:00-04:00,23.02400016784668,23.042699813842773,23.020000457763672,23.042699813842773,2303,0.0,0.0,0.0
2023-10-30 14:30:00-04:00,23.033199310302734,23.079999923706055,23.03030014038086,23.06999969482422,5602,0.0,0.0,0.0
2023-10-30 15:30:00-04:00,23.06999969482422,23.079999923706055,23.065000534057617,23.06999969482422,7246,0.0,0.0,0.0
2023-10-31 09:30:00-04:00,23.030000686645508,23.030000686645508,22.950300216674805,22.994800567626953,0,0.0,0.0,0.0
2023-10-31 10:30:00-04:00,22.945999145507812,22.989999771118164,22.945999145507812,22.95009994506836,4110,0.0,0.0,0.0
2023-10-31 11:30:00-04:00,22.94099998474121,22.95989990234375,22.889999389648438,22.889999389648438,6911,0.0,0.0,0.0
2023-10-31 12:30:00-04:00,22.93000030517578,22.960800170898438,22.920000076293945,22.95009994506836,13951,0.0,0.0,0.0
2023-10-31 13:30:00-04:00,22.950000762939453,22.969999313354492,22.940000534057617,22.940099716186523,11864,0.0,0.0,0.0
2023-10-31 14:30:00-04:00,22.959999084472656,23.004499435424805,22.950700759887695,22.99720001220703,13819,0.0,0.0,0.0
2023-10-31 15:30:00-04:00,22.989999771118164,23.010000228881836,22.979999542236328,23.0,2929,0.0,0.0,0.0
2023-11-01 09:30:00-04:00,23.020000457763672,23.139999389648438,23.020000457763672,23.139999389648438,0,0.0,0.0,0.0
2023-11-01 10:30:00-04:00,23.13990020751953,23.14929962158203,23.028499603271484,23.028499603271484,204466,0.0,0.0,0.0
2023-11-01 11:30:00-04:00,23.079999923706055,23.079999923706055,22.990100860595703,22.990100860595703,2547,0.0,0.0,0.0
2023-11-01 12:30:00-04:00,23.00790023803711,23.010000228881836,22.977500915527344,22.989999771118164,23877,0.0,0.0,0.0
2023-11-01 13:30:00-04:00,22.970300674438477,23.009000778198242,22.970300674438477,22.984600067138672,21685,0.0,0.0,0.0
2023-11-01 14:30:00-04:00,23.040000915527344,23.1200008392334,22.959999084472656,23.110000610351562,51305,0.0,0.0,0.0
2023-11-01 15:30:00-04:00,23.1200008392334,23.1200008392334,23.11009979248047,23.1200008392334,13471,0.0,0.0,0.0
2023-11-02 09:30:00-04:00,23.43000030517578,23.549999237060547,23.43000030517578,23.450000762939453,0,0.0,0.0,0.0
2023-11-02 10:30:00-04:00,23.459999084472656,23.52989959716797,23.450000762939453,23.459999084472656,3752,0.0,0.0,0.0
2023-11-02 11:30:00-04:00,23.469999313354492,23.477800369262695,23.413000106811523,23.42530059814453,1678,0.0,0.0,0.0
2023-11-02 12:30:00-04:00,23.43199920654297,23.510000228881836,23.43199920654297,23.510000228881836,9051,0.0,0.0,0.0
2023-11-02 13:30:00-04:00,23.515899658203125,23.545700073242188,23.515899658203125,23.540000915527344,2284,0.0,0.0,0.0
2023-11-02 14:30:00-04:00,23.540300369262695,23.549999237060547,23.520000457763672,23.540000915527344,23306,0.0,0.0,0.0
2023-11-02 15:30:00-04:00,23.540000915527344,23.56999969482422,23.520000457763672,23.540000915527344,127161,0.0,0.0,0.0
2023-11-03 09:30:00-04:00,23.690000534057617,23.7450008392334,23.62619972229004,23.635000228881836,28520,0.0,0.0,0.0
2023-11-03 10:30:00-04:00,23.6200008392334,23.67919921875,23.604999542236328,23.665800094604492,6214,0.0,0.0,0.0
2023-11-03 11:30:00-04:00,23.670000076293945,23.68000030517578,23.639999389648438,23.68000030517578,14243,0.0,0.0,0.0
2023-11-03 12:30:00-04:00,23.709999084472656,23.729999542236328,23.670000076293945,23.670000076293945,7011,0.0,0.0,0.0
2023-11-03 13:30:00-04:00,23.684999465942383,23.70009994506836,23.680099487304688,23.69029998779297,40475,0.0,0.0,0.0
2023-11-03 14:30:00-04:00,23.720800399780273,23.730100631713867,23.709999084472656,23.709999084472656,3263,0.0,0.0,0.0
2023-11-03 15:30:00-04:00,23.70709991455078,23.709999084472656,23.68000030517578,23.68000030517578,18288,0.0,0.0,0.0
2023-11-06 09:30:00-05:00,23.790000915527344,23.80500030517578,23.75,23.75,0,0.0,0.0,0.0
2023-11-06 10:30:00-05:00,23.75,23.807600021362305,23.75,23.770000457763672,9051,0.0,0.0,0.0
2023-11-06 11:30:00-05:00,23.790000915527344,23.790000915527344,23.76180076599121,23.764999389648438,9374,0.0,0.0,0.0
2023-11-06 12:30:00-05:00,23.7450008392334,23.7450008392334,23.704999923706055,23.709999084472656,3819,0.0,0.0,0.0
2023-11-06 13:30:00-05:00,23.70989990234375,23.70989990234375,23.68000030517578,23.700000762939453,4295,0.0,0.0,0.0
2023-11-06 14:30:00-05:00,23.69499969482422,23.709999084472656,23.69499969482422,23.709999084472656,14859,0.0,0.0,0.0
2023-11-06 15:30:00-05:00,23.704999923706055,23.704999923706055,23.690000534057617,23.700000762939453,27493,0.0,0.0,0.0
2023-11-07 09:30:00-05:00,23.600000381469727,23.600000381469727,23.542999267578125,23.572599411010742,0,0.0,0.0,0.0
2023-11-07 10:30:00-05:00,23.586299896240234,23.61009979248047,23.56060028076172,23.58769989013672,10221,0.0,0.0,0.0
2023-11-07 11:30:00-05:00,23.56999969482422,23.575000762939453,23.510000228881836,23.520099639892578,30938,0.0,0.0,0.0
2023-11-07 12:30:00-05:00,23.489999771118164,23.53499984741211,23.489999771118164,23.53499984741211,4685,0.0,0.0,0.0
2023-11-07 13:30:00-05:00,23.53499984741211,23.577499389648438,23.53499984741211,23.562000274658203,9000,0.0,0.0,0.0
2023-11-07 14:30:00-05:00,23.559999465942383,23.559999465942383,23.524999618530273,23.540000915527344,3766,0.0,0.0,0.0
2023-11-07 15:30:00-05:00,23.545000076293945,23.545000076293945,23.524999618530273,23.540000915527344,5392,0.0,0.0,0.0
2023-11-08 09:30:00-05:00,23.520000457763672,23.6200008392334,23.520000457763672,23.587499618530273,0,0.0,0.0,0.0
2023-11-08 10:30:00-05:00,23.530000686645508,23.575000762939453,23.522499084472656,23.575000762939453,9760,0.0,0.0,0.0
2023-11-08 11:30:00-05:00,23.530099868774414,23.530099868774414,23.479999542236328,23.479999542236328,1799,0.0,0.0,0.0
2023-11-08 12:30:00-05:00,23.475000381469727,23.479999542236328,23.469999313354492,23.469999313354492,13324,0.0,0.0,0.0
2023-11-08 13:30:00-05:00,23.469999313354492,23.489999771118164,23.469999313354492,23.479999542236328,3849,0.0,0.0,0.0
2023-11-08 14:30:00-05:00,23.488800048828125,23.488800048828125,23.460100173950195,23.47920036315918,1399,0.0,0.0,0.0
2023-11-08 15:30:00-05:00,23.469999313354492,23.510000228881836,23.469999313354492,23.496200561523438,3975,0.0,0.0,0.0
2023-11-09 09:30:00-05:00,23.65999984741211,23.739999771118164,23.65999984741211,23.700000762939453,0,0.0,0.0,0.0
2023-11-09 10:30:00-05:00,23.682600021362305,23.719999313354492,23.682600021362305,23.709999084472656,2406,0.0,0.0,0.0
2023-11-09 11:30:00-05:00,23.700000762939453,23.719999313354492,23.6830997467041,23.700000762939453,13181,0.0,0.0,0.0
2023-11-09 12:30:00-05:00,23.690000534057617,23.690000534057617,23.56999969482422,23.59000015258789,2828,0.0,0.0,0.0
2023-11-09 13:30:00-05:00,23.600000381469727,23.610000610351562,23.531200408935547,23.549999237060547,3764,0.0,0.0,0.0
2023-11-09 14:30:00-05:00,23.530000686645508,23.540000915527344,23.489999771118164,23.520000457763672,33223,0.0,0.0,0.0
2023-11-09 15:30:00-05:00,23.502899169921875,23.510000228881836,23.479999542236328,23.479999542236328,7033,0.0,0.0,0.0
2023-11-10 09:30:00-05:00,23.360000610351562,23.360000610351562,23.145000457763672,23.145000457763672,9862,0.0,0.0,0.0
2023-11-10 10:30:00-05:00,23.189800262451172,23.25860023498535,23.189800262451172,23.2544002532959,4112,0.0,0.0,0.0
2023-11-10 11:30:00-05:00,23.260000228881836,23.329999923706055,23.260000228881836,23.315000534057617,3681,0.0,0.0,0.0
2023-11-10 12:30:00-05:00,23.3700008392334,23.390300750732422,23.3700008392334,23.389999389648438,4019,0.0,0.0,0.0
2023-11-10 13:30:00-05:00,23.415000915527344,23.447099685668945,23.415000915527344,23.447099685668945,3379,0.0,0.0,0.0
2023-11-10 14:30:00-05:00,23.44499969482422,23.450000762939453,23.420000076293945,23.450000762939453,12589,0.0,0.0,0.0
2023-11-10 15:30:00-05:00,23.459999084472656,23.469999313354492,23.44499969482422,23.450000762939453,10727,0.0,0.0,0.0
2023-11-13 09:30:00-05:00,23.479999542236328,23.510000228881836,23.43000030517578,23.510000228881836,0,0.0,0.0,0.0
2023-11-13 10:30:00-05:00,23.520200729370117,23.56999969482422,23.510000228881836,23.56999969482422,4438,0.0,0.0,0.0
2023-11-13 11:30:00-05:00,23.597999572753906,23.621000289916992,23.59000015258789,23.60260009765625,9019,0.0,0.0,0.0
2023-11-13 12:30:00-05:00,23.62809944152832,23.62809944152832,23.579999923706055,23.579999923706055,913,0.0,0.0,0.0
2023-11-13 13:30:00-05:00,23.614999771118164,23.6200008392334,23.600000381469727,23.600000381469727,5130,0.0,0.0,0.0
2023-11-13 14:30:00-05:00,23.626300811767578,23.637500762939453,23.610200881958008,23.62969970703125,5655,0.0,0.0,0.0
2023-11-13 15:30:00-05:00,23.6200008392334,23.628999710083008,23.610000610351562,23.628999710083008,6675,0.0,0.0,0.0
2023-11-14 09:30:00-05:00,23.940000534057617,24.09000015258789,23.940000534057617,24.09000015258789,0,0.0,0.0,0.0
2023-11-14 10:30:00-05:00,24.05139923095703,24.09000015258789,24.05139923095703,24.084999084472656,1920,0.0,0.0,0.0
2023-11-14 11:30:00-05:00,24.08989906311035,24.08989906311035,24.0049991607666,24.014999389648438,11193,0.0,0.0,0.0
2023-11-14 12:30:00-05:00,24.0403995513916,24.048900604248047,24.040000915527344,24.040000915527344,1820,0.0,0.0,0.0
2023-11-14 13:30:00-05:00,24.030099868774414,24.043699264526367,24.030000686645508,24.043699264526367,3765,0.0,0.0,0.0
2023-11-14 14:30:00-05:00,24.040000915527344,24.100000381469727,24.040000915527344,24.100000381469727,10655,0.0,0.0,0.0
2023-11-14 15:30:00-05:00,24.108699798583984,24.110000610351562,24.059999465942383,24.079999923706055,15483,0.0,0.0,0.0
2023-11-15 09:30:00-05:00,24.1200008392334,24.190000534057617,24.1200008392334,24.13290023803711,0,0.0,0.0,0.0
2023-11-15 10:30:00-05:00,24.1299991607666,24.155000686645508,24.125,24.125,9075,0.0,0.0,0.0
2023-11-15 11:30:00-05:00,24.1200008392334,24.1200008392334,24.084999084472656,24.104999542236328,8893,0.0,0.0,0.0
2023-11-15 12:30:00-05:00,24.109100341796875,24.110000610351562,24.06999969482422,24.06999969482422,1502,0.0,0.0,0.0
2023-11-15 13:30:00-05:00,24.070100784301758,24.09000015258789,24.065000534057617,24.080699920654297,13884,0.0,0.0,0.0
2023-11-15 14:30:00-05:00,24.084999084472656,24.084999084472656,24.05970001220703,24.059999465942383,15932,0.0,0.0,0.0
2023-11-15 15:30:00-05:00,24.051300048828125,24.059999465942383,24.030000686645508,24.059999465942383,4012,0.0,0.0,0.0
2023-11-16 09:30:00-05:00,23.8799991607666,24.014999389648438,23.8799991607666,24.014999389648438,0,0.0,0.0,0.0
2023-11-16 10:30:00-05:00,24.010000228881836,24.010000228881836,23.932100296020508,23.943599700927734,19089,0.0,0.0,0.0
2023-11-16 11:30:00-05:00,23.864999771118164,23.889999389648438,23.860000610351562,23.8799991607666,2958,0.0,0.0,0.0
2023-11-16 12:30:00-05:00,23.899999618530273,23.899999618530273,23.8799991607666,23.889999389648438,4445,0.0,0.0,0.0
2023-11-16 13:30:00-05:00,23.899999618530273,23.899999618530273,23.8799991607666,23.8799991607666,2758,0.0,0.0,0.0
2023-11-16 14:30:00-05:00,23.890499114990234,23.90999984741211,23.8799991607666,23.899999618530273,14290,0.0,0.0,0.0
2023-11-16 15:30:00-05:00,23.895000457763672,23.93000030517578,23.889999389648438,23.920000076293945,305570,0.0,0.0,0.0
2023-11-17 09:30:00-05:00,24.09000015258789,24.178699493408203,24.09000015258789,24.174999237060547,32622,0.0,0.0,0.0
2023-11-17 10:30:00-05:00,24.20789909362793,24.219999313354492,24.18000030517578,24.18000030517578,8227,0.0,0.0,0.0
2023-11-17 11:30:00-05:00,24.18000030517578,24.24970054626465,24.18000030517578,24.239999771118164,5305,0.0,0.0,0.0
2023-11-17 12:30:00-05:00,24.235000610351562,24.268800735473633,24.235000610351562,24.260000228881836,2690,0.0,0.0,0.0
2023-11-17 13:30:00-05:00,24.270000457763672,24.290000915527344,24.270000457763672,24.27989959716797,14198,0.0,0.0,0.0
2023-11-17 14:30:00-05:00,24.278799057006836,24.290000915527344,24.270000457763672,24.290000915527344,5435,0.0,0.0,0.0
2023-11-17 15:30:00-05:00,24.28499984741211,24.28499984741211,24.250099182128906,24.280000686645508,9237,0.0,0.0,0.0
2023-11-20 09:30:00-05:00,24.239999771118164,24.28260040283203,24.239999771118164,24.28260040283203,0,0.0,0.0,0.0
2023-11-20 10:30:00-05:00,24.284500122070312,24.319900512695312,24.280000686645508,24.290000915527344,17080,0.0,0.0,0.0
2023-11-20 11:30:00-05:00,24.290000915527344,24.329999923706055,24.280000686645508,24.325000762939453,26471,0.0,0.0,0.0
2023-11-20 12:30:00-05:00,24.318300247192383,24.33880043029785,24.318300247192383,24.33880043029785,14310,0.0,0.0,0.0
2023-11-20 13:30:00-05:00,24.329999923706055,24.334999084472656,24.315000534057617,24.319599151611328,5935,0.0,0.0,0.0
2023-11-20 14:30:00-05:00,24.331199645996094,24.350000381469727,24.331199645996094,24.34000015258789,2627,0.0,0.0,0.0
2023-11-20 15:30:00-05:00,24.349899291992188,24.349899291992188,24.299999237060547,24.309999465942383,7823,0.0,0.0,0.0
2023-11-21 09:30:00-05:00,24.350000381469727,24.38249969482422,24.31999969482422,24.350000381469727,0,0.0,0.0,0.0
2023-11-21 10:30:00-05:00,24.331300735473633,24.360000610351562,24.31999969482422,24.325000762939453,3450,0.0,0.0,0.0
2023-11-21 11:30:00-05:00,24.349000930786133,24.350000381469727,24.34000015258789,24.350000381469727,1112,0.0,0.0,0.0
2023-11-21 12:30:00-05:00,24.364999771118164,24.364999771118164,24.309999465942383,24.309999465942383,1474,0.0,0.0,0.0
2023-11-21 13:30:00-05:00,24.309999465942383,24.344999313354492,24.309999465942383,24.344999313354492,6168,0.0,0.0,0.0
2023-11-21 14:30:00-05:00,24.343399047851562,24.354999542236328,24.329999923706055,24.350099563598633,83514,0.0,0.0,0.0
2023-11-21 15:30:00-05:00,24.34000015258789,24.354999542236328,24.34000015258789,24.34000015258789,10192,0.0,0.0,0.0
2023-11-22 09:30:00-05:00,24.25,24.25,24.1299991607666,24.15999984741211,0,0.0,0.0,0.0
2023-11-22 10:30:00-05:00,24.16900062561035,24.190000534057617,24.16900062561035,24.174999237060547,13043,0.0,0.0,0.0
2023-11-22 11:30:00-05:00,24.165000915527344,24.209999084472656,24.160999298095703,24.209999084472656,3901,0.0,0.0,0.0
2023-11-22 12:30:00-05:00,24.172000885009766,24.229900360107422,24.172000885009766,24.229900360107422,52290,0.0,0.0,0.0
2023-11-22 13:30:00-05:00,24.239599227905273,24.25,24.229999542236328,24.24020004272461,4622,0.0,0.0,0.0
2023-11-22 14:30:00-05:00,24.239999771118164,24.260000228881836,24.219999313354492,24.260000228881836,4349,0.0,0.0,0.0
2023-11-22 15:30:00-05:00,24.270000457763672,24.288999557495117,24.268299102783203,24.274999618530273,2738,0.0,0.0,0.0
2023-11-24 09:30:00-05:00,24.43000030517578,24.540000915527344,24.43000030517578,24.523000717163086,0,0.0,0.0,0.0
2023-11-24 10:30:00-05:00,24.52739906311035,24.565000534057617,24.521299362182617,24.559999465942383,3291,0.0,0.0,0.0
2023-11-24 11:30:00-05:00,24.559900283813477,24.559999465942383,24.540000915527344,24.559999465942383,1374,0.0,0.0,0.0
2023-11-27 09:30:00-05:00,24.5,24.52899932861328,24.4950008392334,24.52899932861328,16058,0.0,0.0,0.0
2023-11-27 10:30:00-05:00,24.510000228881836,24.510000228881836,24.469999313354492,24.479999542236328,23361,0.0,0.0,0.0
2023-11-27 11:30:00-05:00,24.47100067138672,24.485000610351562,24.450000762939453,24.45870018005371,9852,0.0,0.0,0.0
2023-11-27 12:30:00-05:00,24.459999084472656,24.479999542236328,24.454999923706055,24.475000381469727,4891,0.0,0.0,0.0
2023-11-27 13:30:00-05:00,24.480100631713867,24.5,24.469999313354492,24.489999771118164,2765,0.0,0.0,0.0
2023-11-27 14:30:00-05:00,24.5,24.513999938964844,24.489999771118164,24.5,5720,0.0,0.0,0.0
2023-11-27 15:30:00-05:00,24.490699768066406,24.510000228881836,24.490699768066406,24.5,13406,0.0,0.0,0.0
2023-11-28 09:30:00-05:00,24.440000534057617,24.520000457763672,24.440000534057617,24.520000457763672,0,0.0,0.0,0.0
2023-11-28 10:30:00-05:00,24.530000686645508,24.610000610351562,24.52359962463379,24.610000610351562,0,0.0,0.0,0.0
2023-11-28 11:30:00-05:00,24.610000610351562,24.638700485229492,24.610000610351562,24.610000610351562,34940,0.0,0.0,0.0
2023-11-28 12:30:00-05:00,24.575000762939453,24.57900047302246,24.489999771118164,24.520000457763672,16056,0.0,0.0,0.0
2023-11-28 13:30:00-05:00,24.540000915527344,24.540000915527344,24.514999389648438,24.530000686645508,27306,0.0,0.0,0.0
2023-11-28 14:30:00-05:00,24.524999618530273,24.549999237060547,24.520000457763672,24.540000915527344,5264,0.0,0.0,0.0
2023-11-28 15:30:00-05:00,24.53350067138672,24.549999237060547,24.524999618530273,24.549999237060547,12333,0.0,0.0,0.0
2023-11-29 09:30:00-05:00,24.520000457763672,24.579999923706055,24.449600219726562,24.449600219726562,0,0.0,0.0,0.0
2023-11-29 10:30:00-05:00,24.440000534057617,24.530000686645508,24.440000534057617,24.479999542236328,6073,0.0,0.0,0.0
2023-11-29 11:30:00-05:00,24.479999542236328,24.520000457763672,24.479999542236328,24.520000457763672,1562,0.0,0.0,0.0
2023-11-29 12:30:00-05:00,24.545000076293945,24.549999237060547,24.545000076293945,24.549999237060547,404,0.0,0.0,0.0
2023-11-29 13:30:00-05:00,24.559999465942383,24.604999542236328,24.559999465942383,24.56999969482422,7568,0.0,0.0,0.0
2023-11-29 14:30:00-05:00,24.559999465942383,24.559999465942383,24.491300582885742,24.491300582885742,4255,0.0,0.0,0.0
2023-11-29 15:30:00-05:00,24.501100540161133,24.510000228881836,24.489999771118164,24.489999771118164,8070,0.0,0.0,0.0
2023-11-30 09:30:00-05:00,24.530000686645508,24.56570053100586,24.4950008392334,24.56570053100586,9098,0.0,0.0,0.0
2023-11-30 10:30:00-05:00,24.549999237060547,24.55500030517578,24.514999389648438,24.514999389648438,2952,0.0,0.0,0.0
2023-11-30 11:30:00-05:00,24.520000457763672,24.520000457763672,24.479000091552734,24.479999542236328,3621,0.0,0.0,0.0
2023-11-30 12:30:00-05:00,24.489999771118164,24.501100540161133,24.489999771118164,24.489999771118164,4661,0.0,0.0,0.0
2023-11-30 13:30:00-05:00,24.5,24.51059913635254,24.474000930786133,24.510000228881836,31059,0.0,0.0,0.0
2023-11-30 14:30:00-05:00,24.520000457763672,24.539899826049805,24.481199264526367,24.481199264526367,5957,0.0,0.0,0.0
2023-11-30 15:30:00-05:00,24.489999771118164,24.525699615478516,24.479999542236328,24.525699615478516,5025,0.0,0.0,0.0
2023-12-01 09:30:00-05:00,24.6299991607666,24.770000457763672,24.6299991607666,24.760000228881836,0,0.0,0.0,0.0
2023-12-01 10:30:00-05:00,24.774999618530273,24.825000762939453,24.703899383544922,24.825000762939453,11161,0.0,0.0,0.0
2023-12-01 11:30:00-05:00,24.829999923706055,24.88990020751953,24.81999969482422,24.87310028076172,4854,0.0,0.0,0.0
2023-12-01 12:30:00-05:00,24.872400283813477,24.90999984741211,24.872400283813477,24.899999618530273,12433,0.0,0.0,0.0
2023-12-01 13:30:00-05:00,24.91029930114746,24.918699264526367,24.889999389648438,24.909900665283203,29490,0.0,0.0,0.0
2023-12-01 14:30:00-05:00,24.899999618530273,24.899999618530273,24.8799991607666,24.8799991607666,8847,0.0,0.0,0.0
2023-12-01 15:30:00-05:00,24.895000457763672,24.895000457763672,24.8700008392334,24.885000228881836,6120,0.0,0.0,0.0
2023-12-04 09:30:00-05:00,24.700000762939453,24.75,24.649999618530273,24.69499969482422,0,0.0,0.0,0.0
2023-12-04 10:30:00-05:00,24.649999618530273,24.649999618530273,24.619400024414062,24.635000228881836,223152,0.0,0.0,0.0
2023-12-04 11:30:00-05:00,24.65999984741211,24.7091007232666,24.659799575805664,24.690000534057617,213956,0.0,0.0,0.0
2023-12-04 12:30:00-05:00,24.690000534057617,24.690000534057617,24.670000076293945,24.670000076293945,260882,0.0,0.0,0.0
2023-12-04 13:30:00-05:00,24.649999618530273,24.65999984741211,24.631200790405273,24.639999389648438,66856,0.0,0.0,0.0
2023-12-04 14:30:00-05:00,24.649999618530273,24.68000030517578,24.631500244140625,24.670000076293945,61040,0.0,0.0,0.0
2023-12-04 15:30:00-05:00,24.65999984741211,24.700000762939453,24.65999984741211,24.68000030517578,17768,0.0,0.0,0.0
2023-12-05 09:30:00-05:00,24.540000915527344,24.610000610351562,24.524999618530273,24.56999969482422,0,0.0,0.0,0.0
2023-12-05 10:30:00-05:00,24.549999237060547,24.610000610351562,24.530000686645508,24.549999237060547,25125,0.0,0.0,0.0
2023-12-05 11:30:00-05:00,24.559999465942383,24.56999969482422,24.545000076293945,24.549999237060547,5227,0.0,0.0,0.0
2023-12-05 12:30:00-05:00,24.56999969482422,24.56999969482422,24.540000915527344,24.549999237060547,824,0.0,0.0,0.0
2023-12-05 13:30:00-05:00,24.540000915527344,24.540000915527344,24.520000457763672,24.524999618530273,8562,0.0,0.0,0.0
2023-12-05 14:30:00-05:00,24.530000686645508,24.53499984741211,24.510000228881836,24.524999618530273,21829,0.0,0.0,0.0
2023-12-05 15:30:00-05:00,24.530000686645508,24.530000686645508,24.514999389648438,24.520000457763672,30351,0.0,0.0,0.0
2023-12-06 09:30:00-05:00,24.610000610351562,24.700000762939453,24.610000610351562,24.690000534057617,0,0.0,0.0,0.0
2023-12-06 10:30:00-05:00,24.719999313354492,24.719999313354492,24.661100387573242,24.661100387573242,9486,0.0,0.0,0.0
2023-12-06 11:30:00-05:00,24.65999984741211,24.65999984741211,24.600000381469727,24.600000381469727,11612,0.0,0.0,0.0
2023-12-06 12:30:00-05:00,24.579999923706055,24.590099334716797,24.565000534057617,24.579999923706055,6623,0.0,0.0,0.0
2023-12-06 13:30:00-05:00,24.584999084472656,24.59000015258789,24.55500030517578,24.56060028076172,3418,0.0,0.0,0.0
2023-12-06 14:30:00-05:00,24.560100555419922,24.560100555419922,24.5,24.5,4569,0.0,0.0,0.0
2023-12-06 15:30:00-05:00,24.5,24.519100189208984,24.479999542236328,24.4950008392334,14422,0.0,0.0,0.0
2023-12-07 09:30:00-05:00,24.540000915527344,24.56999969482422,24.512500762939453,24.512500762939453,0,0.0,0.0,0.0
2023-12-07 10:30:00-05:00,24.56999969482422,24.6387996673584,24.56999969482422,24.619199752807617,7279,0.0,0.0,0.0
2023-12-07 11:30:00-05:00,24.615999221801758,24.617799758911133,24.600000381469727,24.611900329589844,16629,0.0,0.0,0.0
2023-12-07 12:30:00-05:00,24.635000228881836,24.65999984741211,24.635000228881836,24.639999389648438,8991,0.0,0.0,0.0
2023-12-07 13:30:00-05:00,24.639999389648438,24.65999984741211,24.639999389648438,24.640100479125977,7555,0.0,0.0,0.0
2023-12-07 14:30:00-05:00,24.6471004486084,24.657100677490234,24.6299991607666,24.650800704956055,8376,0.0,0.0,0.0
2023-12-07 15:30:00-05:00,24.650400161743164,24.665000915527344,24.639999389648438,24.649999618530273,1919,0.0,0.0,0.0
2023-12-08 09:30:00-05:00,24.639999389648438,24.769899368286133,24.639999389648438,24.764999389648438,0,0.0,0.0,0.0
2023-12-08 10:30:00-05:00,24.718000411987305,24.718000411987305,24.649999618530273,24.649999618530273,6602,0.0,0.0,0.0
2023-12-08 11:30:00-05:00,24.665000915527344,24.670000076293945,24.629100799560547,24.649999618530273,13479,0.0,0.0,0.0
2023-12-08 12:30:00-05:00,24.649999618530273,24.662700653076172,24.649999618530273,24.662700653076172,956,0.0,0.0,0.0
2023-12-08 13:30:00-05:00,24.700000762939453,24.706899642944336,24.700000762939453,24.700000762939453,7300,0.0,0.0,0.0
2023-12-08 14:30:00-05:00,24.709999084472656,24.71969985961914,24.698400497436523,24.700000762939453,3316,0.0,0.0,0.0
2023-12-08 15:30:00-05:00,24.729999542236328,24.729999542236328,24.709999084472656,24.7101993560791,578,0.0,0.0,0.0
2023-12-11 09:30:00-05:00,24.6200008392334,24.735000610351562,24.6200008392334,24.700000762939453,17772,0.0,0.0,0.0
2023-12-11 10:30:00-05:00,24.700000762939453,24.719999313354492,24.670000076293945,24.690000534057617,60362,0.0,0.0,0.0
2023-12-11 11:30:00-05:00,24.68000030517578,24.690000534057617,24.670000076293945,24.670000076293945,15398,0.0,0.0,0.0
2023-12-11 12:30:00-05:00,24.68000030517578,24.709999084472656,24.670000076293945,24.700000762939453,10077,0.0,0.0,0.0
2023-12-11 13:30:00-05:00,24.709999084472656,24.729299545288086,24.709999084472656,24.729299545288086,7635,0.0,0.0,0.0
2023-12-11 14:30:00-05:00,24.729999542236328,24.729999542236328,24.7012996673584,24.709999084472656,5104,0.0,0.0,0.0
2023-12-11 15:30:00-05:00,24.709999084472656,24.725000381469727,24.709999084472656,24.719999313354492,3883,0.0,0.0,0.0
2023-12-12 09:30:00-05:00,24.700000762939453,24.700000762939453,24.610000610351562,24.650999069213867,0,0.0,0.0,0.0
2023-12-12 10:30:00-05:00,24.697599411010742,24.70989990234375,24.677499771118164,24.68000030517578,3725,0.0,0.0,0.0
2023-12-12 11:30:00-05:00,24.65999984741211,24.68000030517578,24.65999984741211,24.674999237060547,4440,0.0,0.0,0.0
2023-12-12 12:30:00-05:00,24.68000030517578,24.690000534057617,24.639999389648438,24.68000030517578,3373,0.0,0.0,0.0
2023-12-12 13:30:00-05:00,24.700000762939453,24.709999084472656,24.700000762939453,24.709999084472656,5130,0.0,0.0,0.0
2023-12-12 14:30:00-05:00,24.709999084472656,24.739900588989258,24.700300216674805,24.729999542236328,11239,0.0,0.0,0.0
2023-12-12 15:30:00-05:00,24.729999542236328,24.739999771118164,24.719999313354492,24.739999771118164,0,0.0,0.0,0.0
2023-12-13 09:30:00-05:00,24.729999542236328,24.729999542236328,24.648700714111328,24.649999618530273,14583,0.0,0.0,0.0
2023-12-13 10:30:00-05:00,24.670000076293945,24.700000762939453,24.655899047851562,24.657499313354492,3521,0.0,0.0,0.0
2023-12-13 11:30:00-05:00,24.649999618530273,24.65999984741211,24.635000228881836,24.635000228881836,6158,0.0,0.0,0.0
2023-12-13 12:30:00-05:00,24.627899169921875,24.627899169921875,24.600000381469727,24.600000381469727,1399,0.0,0.0,0.0
2023-12-13 13:30:00-05:00,24.59000015258789,24.829999923706055,24.584999084472656,24.81999969482422,8636,0.0,0.0,0.0
2023-12-13 14:30:00-05:00,24.829999923706055,25.0,24.829999923706055,24.969999313354492,14740,0.0,0.0,0.0
2023-12-13 15:30:00-05:00,24.996000289916992,25.030000686645508,24.989999771118164,25.030000686645508,7260,0.0,0.0,0.0
2023-12-14 09:30:00-05:00,25.399999618530273,25.399999618530273,25.299999237060547,25.299999237060547,0,0.0,0.0,0.0
2023-12-14 10:30:00-05:00,25.350000381469727,25.439199447631836,25.31999969482422,25.439199447631836,9414,0.0,0.0,0.0
2023-12-14 11:30:00-05:00,25.44890022277832,25.510000228881836,25.44890022277832,25.510000228881836,32784,0.0,0.0,0.0
2023-12-14 12:30:00-05:00,25.529800415039062,25.529800415039062,25.440000534057617,25.440000534057617,2511,0.0,0.0,0.0
2023-12-14 13:30:00-05:00,25.43000030517578,25.434999465942383,25.389999389648438,25.430099487304688,39544,0.0,0.0,0.0
2023-12-14 14:30:00-05:00,25.43000030517578,25.449899673461914,25.40999984741211,25.440000534057617,48467,0.0,0.0,0.0
2023-12-14 15:30:00-05:00,25.440000534057617,25.454999923706055,25.43000030517578,25.450000762939453,0,0.0,0.0,0.0
2023-12-15 09:30:00-05:00,24.68000030517578,24.68000030517578,24.579999923706055,24.649999618530273,58733,0.0,0.0,0.0
2023-12-15 10:30:00-05:00,24.639699935913086,24.639699935913086,24.570100784301758,24.570100784301758,28874,0.0,0.0,0.0
2023-12-15 11:30:00-05:00,24.598499298095703,24.610000610351562,24.59440040588379,24.610000610351562,25551,0.0,0.0,0.0
2023-12-15 12:30:00-05:00,24.600099563598633,24.604999542236328,24.579999923706055,24.579999923706055,719,0.0,0.0,0.0
2023-12-15 13:30:00-05:00,24.559999465942383,24.559999465942383,24.52199935913086,24.524999618530273,16830,0.0,0.0,0.0
2023-12-15 14:30:00-05:00,24.53499984741211,24.54010009765625,24.510000228881836,24.520000457763672,2908,0.0,0.0,0.0
2023-12-15 15:30:00-05:00,24.514999389648438,24.514999389648438,24.489999771118164,24.489999771118164,8337,0.0,0.0,0.0
2023-12-18 09:30:00-05:00,24.600000381469727,24.649999618530273,24.549999237060547,24.600000381469727,0,0.0,0.0,0.0
2023-12-18 10:30:00-05:00,24.59000015258789,24.610000610351562,24.559999465942383,24.610000610351562,35990,0.0,0.0,0.0
2023-12-18 11:30:00-05:00,24.6200008392334,24.6200008392334,24.58769989013672,24.610000610351562,9716,0.0,0.0,0.0
2023-12-18 12:30:00-05:00,24.6200008392334,24.6200008392334,24.601299285888672,24.610000610351562,10189,0.0,0.0,0.0
2023-12-18 13:30:00-05:00,24.610000610351562,24.610000610351562,24.583200454711914,24.59000015258789,14572,0.0,0.0,0.0
2023-12-18 14:30:00-05:00,24.589799880981445,24.625,24.579999923706055,24.6200008392334,10651,0.0,0.0,0.0
2023-12-18 15:30:00-05:00,24.6200008392334,24.6200008392334,24.600000381469727,24.604999542236328,8717,0.0,0.0,0.0
2023-12-19 09:30:00-05:00,24.81999969482422,24.850000381469727,24.78179931640625,24.849899291992188,0,0.0,0.0,0.0
2023-12-19 10:30:00-05:00,24.85930061340332,24.8700008392334,24.84000015258789,24.864999771118164,5441,0.0,0.0,0.0
2023-12-19 11:30:00-05:00,24.889999389648438,24.940000534057617,24.8799991607666,24.889999389648438,921308,0.0,0.0,0.0
2023-12-19 12:30:00-05:00,24.889999389648438,24.899999618530273,24.8799991607666,24.889999389648438,59783,0.0,0.0,0.0
2023-12-19 13:30:00-05:00,24.899999618530273,24.920000076293945,24.8799991607666,24.8799991607666,625873,0.0,0.0,0.0
2023-12-19 14:30:00-05:00,24.889999389648438,24.920000076293945,24.8799991607666,24.899999618530273,1790882,0.0,0.0,0.0
2023-12-19 15:30:00-05:00,24.899999618530273,24.920000076293945,24.889999389648438,24.889999389648438,0,0.0,0.0,0.0
2023-12-20 09:30:00-05:00,24.920000076293945,25.0,24.920000076293945,24.950000762939453,23647,0.0,0.0,0.0
2023-12-20 10:30:00-05:00,24.954999923706055,25.020000457763672,24.952899932861328,25.010000228881836,7605,0.0,0.0,0.0
2023-12-20 11:30:00-05:00,24.985000610351562,25.0,24.979999542236328,24.989999771118164,3279,0.0,0.0,0.0
2023-12-20 12:30:00-05:00,25.0,25.020000457763672,24.9950008392334,24.9950008392334,43296,0.0,0.0,0.0
2023-12-20 13:30:00-05:00,25.002899169921875,25.002899169921875,24.976299285888672,24.989999771118164,4567,0.0,0.0,0.0
2023-12-20 14:30:00-05:00,24.979999542236328,24.985000610351562,24.780000686645508,24.815000534057617,13716,0.0,0.0,0.0
2023-12-20 15:30:00-05:00,24.780000686645508,24.790000915527344,24.709999084472656,24.719999313354492,3772,0.0,0.0,0.0
2023-12-21 09:30:00-05:00,24.860000610351562,24.96809959411621,24.860000610351562,24.889999389648438,35661,0.0,0.0,0.0
2023-12-21 10:30:00-05:00,24.92169952392578,24.940000534057617,24.8799991607666,24.924999237060547,12026,0.0,0.0,0.0
2023-12-21 11:30:00-05:00,24.920000076293945,24.93000030517578,24.860000610351562,24.860000610351562,12438,0.0,0.0,0.0
2023-12-21 12:30:00-05:00,24.872900009155273,24.889999389648438,24.860000610351562,24.8799991607666,3223,0.0,0.0,0.0
2023-12-21 13:30:00-05:00,24.875,24.915000915527344,24.870800018310547,24.915000915527344,7881,0.0,0.0,0.0
2023-12-21 14:30:00-05:00,24.915000915527344,24.938800811767578,24.90999984741211,24.93000030517578,9631,0.0,0.0,0.0
2023-12-21 15:30:00-05:00,24.950000762939453,24.979999542236328,24.950000762939453,24.979999542236328,3362,0.0,0.0,0.0
2023-12-22 09:30:00-05:00,25.1299991607666,25.159900665283203,25.100000381469727,25.1299991607666,26032,0.0,0.0,0.0
2023-12-22 10:30:00-05:00,25.15999984741211,25.170000076293945,25.079999923706055,25.09000015258789,27460,0.0,0.0,0.0
2023-12-22 11:30:00-05:00,25.09869956970215,25.1299991607666,25.084999084472656,25.100000381469727,49022,0.0,0.0,0.0
2023-12-22 12:30:00-05:00,25.0935001373291,25.139999389648438,25.0935001373291,25.139999389648438,4037,0.0,0.0,0.0
2023-12-22 13:30:00-05:00,25.13010025024414,25.13010025024414,25.030000686645508,25.038799285888672,9326,0.0,0.0,0.0
2023-12-22 14:30:00-05:00,25.061899185180664,25.084999084472656,25.051799774169922,25.065000534057617,6850,0.0,0.0,0.0
2023-12-22 15:30:00-05:00,25.066200256347656,25.06999969482422,25.030000686645508,25.045000076293945,9516,0.0,0.0,0.0
2023-12-26 09:30:00-05:00,25.139999389648438,25.18000030517578,25.040000915527344,25.174999237060547,0,0.0,0.0,0.0
2023-12-26 10:30:00-05:00,25.15999984741211,25.170000076293945,25.139999389648438,25.145000457763672,9196,0.0,0.0,0.0
2023-12-26 11:30:00-05:00,25.149999618530273,25.15999984741211,25.145000457763672,25.149999618530273,3136,0.0,0.0,0.0
2023-12-26 12:30:00-05:00,25.165000915527344,25.170000076293945,25.15999984741211,25.16990089416504,2060,0.0,0.0,0.0
2023-12-26 13:30:00-05:00,25.18000030517578,25.19499969482422,25.18000030517578,25.19499969482422,2941,0.0,0.0,0.0
2023-12-26 14:30:00-05:00,25.19499969482422,25.229999542236328,25.19499969482422,25.21500015258789,7754,0.0,0.0,0.0
2023-12-26 15:30:00-05:00,25.25,25.25,25.18000030517578,25.19499969482422,6357,0.0,0.0,0.0
2023-12-27 09:30:00-05:00,25.239999771118164,25.260000228881836,25.209999084472656,25.260000228881836,0,0.0,0.0,0.0
2023-12-27 10:30:00-05:00,25.240100860595703,25.29290008544922,25.240100860595703,25.29290008544922,94659,0.0,0.0,0.0
2023-12-27 11:30:00-05:00,25.30500030517578,25.308000564575195,25.28499984741211,25.294700622558594,7352,0.0,0.0,0.0
2023-12-27 12:30:00-05:00,25.295000076293945,25.310100555419922,25.274999618530273,25.30419921875,12341,0.0,0.0,0.0
2023-12-27 13:30:00-05:00,25.299999237060547,25.309999465942383,25.2450008392334,25.280000686645508,8612,0.0,0.0,0.0
2023-12-27 14:30:00-05:00,25.280000686645508,25.290000915527344,25.260000228881836,25.288999557495117,4358,0.0,0.0,0.0
2023-12-27 15:30:00-05:00,25.28499984741211,25.295000076293945,25.25,25.290000915527344,13939,0.0,0.0,0.0
2023-12-28 09:30:00-05:00,25.149999618530273,25.270000457763672,25.149999618530273,25.25,0,0.0,0.0,0.0
2023-12-28 10:30:00-05:00,25.24570083618164,25.24570083618164,25.174999237060547,25.18000030517578,4739,0.0,0.0,0.0
2023-12-28 11:30:00-05:00,25.18000030517578,25.200000762939453,25.170000076293945,25.18899917602539,17922,0.0,0.0,0.0
2023-12-28 12:30:00-05:00,25.209999084472656,25.209999084472656,25.15730094909668,25.15999984741211,6114,0.0,0.0,0.0
2023-12-28 13:30:00-05:00,25.15999984741211,25.170000076293945,25.149999618530273,25.163299560546875,3456,0.0,0.0,0.0
2023-12-28 14:30:00-05:00,25.15999984741211,25.18000030517578,25.15999984741211,25.170000076293945,10760,0.0,0.0,0.0
2023-12-28 15:30:00-05:00,25.170000076293945,25.170000076293945,25.1299991607666,25.135000228881836,44323,0.0,0.0,0.0
2023-12-29 09:30:00-05:00,25.049999237060547,25.218799591064453,25.049999237060547,25.200000762939453,0,0.0,0.0,0.0
2023-12-29 10:30:00-05:00,25.200000762939453,25.209999084472656,25.06999969482422,25.06999969482422,49798,0.0,0.0,0.0
2023-12-29 11:30:00-05:00,25.09000015258789,25.100000381469727,25.079999923706055,25.100000381469727,6731,0.0,0.0,0.0
2023-12-29 12:30:00-05:00,25.100000381469727,25.139999389648438,25.100000381469727,25.110000610351562,3063,0.0,0.0,0.0
2023-12-29 13:30:00-05:00,25.110000610351562,25.1299991607666,25.110000610351562,25.112199783325195,3603,0.0,0.0,0.0
2023-12-29 14:30:00-05:00,25.104999542236328,25.1200008392334,25.104999542236328,25.1200008392334,2004,0.0,0.0,0.0
2023-12-29 15:30:00-05:00,25.145000457763672,25.145000457763672,25.110000610351562,25.145000457763672,8268,0.0,0.0,0.0
2024-01-02 09:30:00-05:00,24.920000076293945,24.920000076293945,24.84000015258789,24.905000686645508,18439,0.0,0.0,0.0
2024-01-02 10:30:00-05:00,24.881200790405273,24.90999984741211,24.879899978637695,24.8799991607666,7673,0.0,0.0,0.0
2024-01-02 11:30:00-05:00,24.8799991607666,24.975000381469727,24.8799991607666,24.974300384521484,10961,0.0,0.0,0.0
2024-01-02 12:30:00-05:00,24.980100631713867,24.980100631713867,24.969999313354492,24.969999313354492,3790,0.0,0.0,0.0
2024-01-02 13:30:00-05:00,24.951499938964844,24.969999313354492,24.90999984741211,24.90999984741211,48271,0.0,0.0,0.0
2024-01-02 14:30:00-05:00,24.90999984741211,24.90999984741211,24.8799991607666,24.8799991607666,13845,0.0,0.0,0.0
2024-01-02 15:30:00-05:00,24.8799991607666,24.889999389648438,24.860000610351562,24.8799991607666,12174,0.0,0.0,0.0
2024-01-03 09:30:00-05:00,24.790000915527344,24.799999237060547,24.725000381469727,24.760000228881836,62944,0.0,0.0,0.0
2024-01-03 10:30:00-05:00,24.790000915527344,24.809999465942383,24.729999542236328,24.799999237060547,12641,0.0,0.0,0.0
2024-01-03 11:30:00-05:00,24.799999237060547,24.83009910583496,24.799999237060547,24.83009910583496,19333,0.0,0.0,0.0
2024-01-03 12:30:00-05:00,24.84000015258789,24.89889907836914,24.84000015258789,24.89889907836914,5654,0.0,0.0,0.0
2024-01-03 13:30:00-05:00,24.899999618530273,24.940000534057617,24.850000381469727,24.940000534057617,50709,0.0,0.0,0.0
2024-01-03 14:30:00-05:00,24.934999465942383,24.959999084472656,24.895000457763672,24.8966007232666,11486,0.0,0.0,0.0
2024-01-03 15:30:00-05:00,24.899999618530273,24.899999618530273,24.870100021362305,24.889999389648438,14293,0.0,0.0,0.0
2024-01-04 09:30:00-05:00,24.950000762939453,25.030799865722656,24.93000030517578,25.030799865722656,0,0.0,0.0,0.0
2024-01-04 10:30:00-05:00,25.040000915527344,25.059999465942383,25.030000686645508,25.059999465942383,9442,0.0,0.0,0.0
2024-01-04 11:30:00-05:00,25.059999465942383,25.059999465942383,25.0,25.010000228881836,5083,0.0,0.0,0.0
2024-01-04 12:30:00-05:00,24.98740005493164,24.98740005493164,24.96940040588379,24.981000900268555,3345,0.0,0.0,0.0
2024-01-04 13:30:00-05:00,24.971099853515625,24.979799270629883,24.959999084472656,24.960599899291992,6269,0.0,0.0,0.0
2024-01-04 14:30:00-05:00,24.959999084472656,24.97010040283203,24.945199966430664,24.950000762939453,5196,0.0,0.0,0.0
2024-01-04 15:30:00-05:00,24.959999084472656,24.969999313354492,24.93000030517578,24.950000762939453,2457,0.0,0.0,0.0
2024-01-05 09:30:00-05:00,24.899999618530273,25.110000610351562,24.860000610351562,25.09440040588379,0,0.0,0.0,0.0
2024-01-05 10:30:00-05:00,25.09000015258789,25.100099563598633,25.020099639892578,25.026199340820312,20165,0.0,0.0,0.0
2024-01-05 11:30:00-05:00,25.030000686645508,25.040000915527344,24.950199127197266,24.950199127197266,9686,0.0,0.0,0.0
2024-01-05 12:30:00-05:00,24.959999084472656,24.959999084472656,24.93000030517578,24.950000762939453,4236,0.0,0.0,0.0
2024-01-05 13:30:00-05:00,24.969999313354492,25.010000228881836,24.969999313354492,24.985000610351562,5816,0.0,0.0,0.0
2024-01-05 14:30:00-05:00,24.989999771118164,25.0,24.93000030517578,24.940099716186523,6000,0.0,0.0,0.0
2024-01-05 15:30:00-05:00,24.940000534057617,24.969999313354492,24.940000534057617,24.959999084472656,2747,0.0,0.0,0.0
2024-01-08 09:30:00-05:00,25.0,25.030000686645508,24.950000762939453,25.027700424194336,0,0.0,0.0,0.0
2024-01-08 10:30:00-05:00,25.030000686645508,25.06999969482422,25.030000686645508,25.05500030517578,29868,0.0,0.0,0.0
2024-01-08 11:30:00-05:00,25.09000015258789,25.12980079650879,25.079999923706055,25.110000610351562,5003,0.0,0.0,0.0
2024-01-08 12:30:00-05:00,25.1200008392334,25.1200008392334,25.095199584960938,25.095199584960938,4711,0.0,0.0,0.0
2024-01-08 13:30:00-05:00,25.09939956665039,25.12969970703125,25.09000015258789,25.12969970703125,1185,0.0,0.0,0.0
2024-01-08 14:30:00-05:00,25.15999984741211,25.15999984741211,25.14900016784668,25.151500701904297,3687,0.0,0.0,0.0
2024-01-08 15:30:00-05:00,25.15999984741211,25.190000534057617,25.15999984741211,25.184999465942383,4231,0.0,0.0,0.0
2024-01-09 09:30:00-05:00,25.030000686645508,25.030000686645508,24.959999084472656,24.959999084472656,0,0.0,0.0,0.0
2024-01-09 10:30:00-05:00,24.989999771118164,24.989999771118164,24.940000534057617,24.940000534057617,3458,0.0,0.0,0.0
2024-01-09 11:30:00-05:00,24.969999313354492,24.979999542236328,24.969999313354492,24.979999542236328,2410,0.0,0.0,0.0
2024-01-09 12:30:00-05:00,24.959999084472656,24.979999542236328,24.940000534057617,24.940000534057617,1003811,0.0,0.0,0.0
2024-01-09 13:30:00-05:00,24.948699951171875,24.948699951171875,24.920900344848633,24.929800033569336,2601,0.0,0.0,0.0
2024-01-09 14:30:00-05:00,24.924999237060547,24.940000534057617,24.90999984741211,24.940000534057617,6080,0.0,0.0,0.0
2024-01-09 15:30:00-05:00,24.934999465942383,24.940000534057617,24.90999984741211,24.940000534057617,5776,0.0,0.0,0.0
2024-01-10 09:30:00-05:00,24.8700008392334,24.940000534057617,24.8700008392334,24.90999984741211,0,0.0,0.0,0.0
2024-01-10 10:30:00-05:00,24.90999984741211,24.941699981689453,24.899999618530273,24.920000076293945,9965,0.0,0.0,0.0
2024-01-10 11:30:00-05:00,24.899999618530273,24.905000686645508,24.889999389648438,24.905000686645508,3273,0.0,0.0,0.0
2024-01-10 12:30:00-05:00,24.90999984741211,24.920000076293945,24.90999984741211,24.920000076293945,2062,0.0,0.0,0.0
2024-01-10 13:30:00-05:00,24.92009925842285,24.934999465942383,24.92009925842285,24.930099487304688,2908,0.0,0.0,0.0
2024-01-10 14:30:00-05:00,24.95009994506836,24.969999313354492,24.93000030517578,24.939899444580078,5510,0.0,0.0,0.0
2024-01-10 15:30:00-05:00,24.940000534057617,24.959999084472656,24.93000030517578,24.950000762939453,0,0.0,0.0,0.0
2024-01-11 09:30:00-05:00,24.93000030517578,24.931100845336914,24.709999084472656,24.747600555419922,18206,0.0,0.0,0.0
2024-01-11 10:30:00-05:00,24.719999313354492,24.760000228881836,24.649999618530273,24.649999618530273,15018,0.0,0.0,0.0
2024-01-11 11:30:00-05:00,24.639999389648438,24.68000030517578,24.6299991607666,24.674999237060547,12721,0.0,0.0,0.0
2024-01-11 12:30:00-05:00,24.655000686645508,24.739999771118164,24.655000686645508,24.739999771118164,3172,0.0,0.0,0.0
2024-01-11 13:30:00-05:00,24.729999542236328,24.780000686645508,24.728599548339844,24.770000457763672,6542,0.0,0.0,0.0
2024-01-11 14:30:00-05:00,24.799999237060547,24.799999237060547,24.760000228881836,24.79010009765625,4396,0.0,0.0,0.0
2024-01-11 15:30:00-05:00,24.780000686645508,24.81999969482422,24.770000457763672,24.81879997253418,0,0.0,0.0,0.0
2024-01-12 09:30:00-05:00,24.989999771118164,25.030000686645508,24.941999435424805,24.949399948120117,12172,0.0,0.0,0.0
2024-01-12 10:30:00-05:00,24.969999313354492,24.975000381469727,24.889999389648438,24.899999618530273,17447,0.0,0.0,0.0
2024-01-12 11:30:00-05:00,24.860000610351562,24.860000610351562,24.83650016784668,24.850000381469727,8588,0.0,0.0,0.0
2024-01-12 12:30:00-05:00,24.850000381469727,24.8700008392334,24.84000015258789,24.860000610351562,4412,0.0,0.0,0.0
2024-01-12 13:30:00-05:00,24.889999389648438,24.90369987487793,24.8799991607666,24.90369987487793,7833,0.0,0.0,0.0
2024-01-12 14:30:00-05:00,24.88990020751953,24.88990020751953,24.8700008392334,24.8700008392334,927,0.0,0.0,0.0
2024-01-12 15:30:00-05:00,24.885000228881836,24.899999618530273,24.88010025024414,24.889999389648438,3979,0.0,0.0,0.0
2024-01-16 09:30:00-05:00,24.510000228881836,24.540000915527344,24.440399169921875,24.530000686645508,0,0.0,0.0,0.0
2024-01-16 10:30:00-05:00,24.485000610351562,24.55500030517578,24.48240089416504,24.510000228881836,27823,0.0,0.0,0.0
2024-01-16 11:30:00-05:00,24.530000686645508,24.530000686645508,24.399999618530273,24.399999618530273,31865,0.0,0.0,0.0
2024-01-16 12:30:00-05:00,24.3799991607666,24.40999984741211,24.370100021362305,24.4060001373291,5288,0.0,0.0,0.0
2024-01-16 13:30:00-05:00,24.43000030517578,24.43000030517578,24.354999542236328,24.354999542236328,3274,0.0,0.0,0.0
2024-01-16 14:30:00-05:00,24.364999771118164,24.3799991607666,24.364999771118164,24.37969970703125,1863,0.0,0.0,0.0
2024-01-16 15:30:00-05:00,24.369300842285156,24.389999389648438,24.36050033569336,24.389999389648438,0,0.0,0.0,0.0
2024-01-17 09:30:00-05:00,24.100000381469727,24.100000381469727,23.989999771118164,24.08799934387207,12753,0.0,0.0,0.0
2024-01-17 10:30:00-05:00,24.075000762939453,24.138900756835938,24.075000762939453,24.138900756835938,8591,0.0,0.0,0.0
2024-01-17 11:30:00-05:00,24.149999618530273,24.149999618530273,24.11009979248047,24.11009979248047,1538,0.0,0.0,0.0
2024-01-17 12:30:00-05:00,24.1200008392334,24.139999389648438,24.110000610351562,24.12779998779297,5553,0.0,0.0,0.0
2024-01-17 13:30:00-05:00,24.084999084472656,24.135000228881836,24.07990074157715,24.135000228881836,4792,0.0,0.0,0.0
2024-01-17 14:30:00-05:00,24.1299991607666,24.1299991607666,24.110000610351562,24.110000610351562,1024,0.0,0.0,0.0
2024-01-17 15:30:00-05:00,24.1200008392334,24.18000030517578,24.1200008392334,24.170000076293945,4924,0.0,0.0,0.0
2024-01-18 09:30:00-05:00,24.270000457763672,24.270000457763672,24.15999984741211,24.219999313354492,0,0.0,0.0,0.0
2024-01-18 10:30:00-05:00,24.219999313354492,24.270000457763672,24.209999084472656,24.260000228881836,6335,0.0,0.0,0.0
2024-01-18 11:30:00-05:00,24.260000228881836,24.260000228881836,24.209999084472656,24.219999313354492,5468,0.0,0.0,0.0
2024-01-18 12:30:00-05:00,24.219999313354492,24.229999542236328,24.190000534057617,24.200000762939453,3761,0.0,0.0,0.0
2024-01-18 13:30:00-05:00,24.25,24.309999465942383,24.25,24.30500030517578,4043,0.0,0.0,0.0
2024-01-18 14:30:00-05:00,24.309999465942383,24.34000015258789,24.290000915527344,24.34000015258789,7065,0.0,0.0,0.0
2024-01-18 15:30:00-05:00,24.334999084472656,24.350000381469727,24.329999923706055,24.350000381469727,8882,0.0,0.0,0.0
2024-01-19 09:30:00-05:00,24.25,24.260000228881836,24.200000762939453,24.239999771118164,0,0.0,0.0,0.0
2024-01-19 10:30:00-05:00,24.184999465942383,24.23979949951172,24.184999465942383,24.23979949951172,144708,0.0,0.0,0.0
2024-01-19 11:30:00-05:00,24.229999542236328,24.268600463867188,24.200000762939453,24.268600463867188,24663,0.0,0.0,0.0
2024-01-19 12:30:00-05:00,24.28499984741211,24.28499984741211,24.28499984741211,24.28499984741211,904,0.0,0.0,0.0
2024-01-19 13:30:00-05:00,24.329999923706055,24.3700008392334,24.31999969482422,24.3700008392334,2882,0.0,0.0,0.0
2024-01-19 14:30:00-05:00,24.34000015258789,24.3700008392334,24.34000015258789,24.360000610351562,3755,0.0,0.0,0.0
2024-01-19 15:30:00-05:00,24.3700008392334,24.3700008392334,24.36870002746582,24.36989974975586,2306,0.0,0.0,0.0
2024-01-22 09:30:00-05:00,24.3700008392334,24.450000762939453,24.360000610351562,24.44729995727539,0,0.0,0.0,0.0
2024-01-22 10:30:00-05:00,24.450000762939453,24.450000762939453,24.412500381469727,24.434999465942383,4720,0.0,0.0,0.0
2024-01-22 11:30:00-05:00,24.43000030517578,24.43000030517578,24.40999984741211,24.40999984741211,8585,0.0,0.0,0.0
2024-01-22 12:30:00-05:00,24.430299758911133,24.430299758911133,24.3799991607666,24.3799991607666,4259,0.0,0.0,0.0
2024-01-22 13:30:00-05:00,24.370100021362305,24.389999389648438,24.370100021362305,24.3799991607666,7562,0.0,0.0,0.0
2024-01-22 14:30:00-05:00,24.388999938964844,24.415000915527344,24.388999938964844,24.415000915527344,1036,0.0,0.0,0.0
2024-01-22 15:30:00-05:00,24.41010093688965,24.414600372314453,24.40999984741211,24.414600372314453,1924,0.0,0.0,0.0
2024-01-23 09:30:00-05:00,24.290000915527344,24.3799991607666,24.290000915527344,24.360000610351562,18930,0.0,0.0,0.0
2024-01-23 10:30:00-05:00,24.3700008392334,24.3700008392334,24.309999465942383,24.315000534057617,23878,0.0,0.0,0.0
2024-01-23 11:30:00-05:00,24.28499984741211,24.309999465942383,24.28499984741211,24.30500030517578,8993,0.0,0.0,0.0
2024-01-23 12:30:00-05:00,24.30929946899414,24.334999084472656,24.299999237060547,24.334999084472656,3361,0.0,0.0,0.0
2024-01-23 13:30:00-05:00,24.334999084472656,24.358800888061523,24.329999923706055,24.350900650024414,2681,0.0,0.0,0.0
2024-01-23 14:30:00-05:00,24.364999771118164,24.405000686645508,24.364999771118164,24.399999618530273,5678,0.0,0.0,0.0
2024-01-23 15:30:00-05:00,24.395000457763672,24.405000686645508,24.389999389648438,24.405000686645508,3750,0.0,0.0,0.0
2024-01-24 09:30:00-05:00,24.600000381469727,24.649999618530273,24.55500030517578,24.58989906311035,0,0.0,0.0,0.0
2024-01-24 10:30:00-05:00,24.600000381469727,24.600000381469727,24.559999465942383,24.600000381469727,47486,0.0,0.0,0.0
2024-01-24 11:30:00-05:00,24.59000015258789,24.59000015258789,24.560100555419922,24.584999084472656,8625,0.0,0.0,0.0
2024-01-24 12:30:00-05:00,24.600000381469727,24.600000381469727,24.540000915527344,24.549999237060547,4018,0.0,0.0,0.0
2024-01-24 13:30:00-05:00,24.514999389648438,24.530000686645508,24.489999771118164,24.489999771118164,19731,0.0,0.0,0.0
2024-01-24 14:30:00-05:00,24.510000228881836,24.524999618530273,24.489999771118164,24.489999771118164,9285,0.0,0.0,0.0
2024-01-24 15:30:00-05:00,24.469999313354492,24.514999389648438,24.469999313354492,24.4867000579834,0,0.0,0.0,0.0
2024-01-25 09:30:00-05:00,24.549999237060547,24.559999465942383,24.482799530029297,24.514999389648438,49642,0.0,0.0,0.0
2024-01-25 10:30:00-05:00,24.520000457763672,24.520000457763672,24.454999923706055,24.515499114990234,54899,0.0,0.0,0.0
2024-01-25 11:30:00-05:00,24.4950008392334,24.5049991607666,24.46500015258789,24.5049991607666,17159,0.0,0.0,0.0
2024-01-25 12:30:00-05:00,24.479999542236328,24.539899826049805,24.475200653076172,24.514999389648438,12860,0.0,0.0,0.0
2024-01-25 13:30:00-05:00,24.514999389648438,24.549999237060547,24.510000228881836,24.530000686645508,10212,0.0,0.0,0.0
2024-01-25 14:30:00-05:00,24.549999237060547,24.56999969482422,24.54129981994629,24.565000534057617,10967,0.0,0.0,0.0
2024-01-25 15:30:00-05:00,24.579999923706055,24.600000381469727,24.575000762939453,24.600000381469727,0,0.0,0.0,0.0
2024-01-26 09:30:00-05:00,24.90999984741211,24.950000762939453,24.889999389648438,24.896400451660156,7227,0.0,0.0,0.0
2024-01-26 10:30:00-05:00,24.860000610351562,24.90999984741211,24.850000381469727,24.8799991607666,19854,0.0,0.0,0.0
2024-01-26 11:30:00-05:00,24.889999389648438,24.889999389648438,24.860300064086914,24.8700008392334,4492,0.0,0.0,0.0
2024-01-26 12:30:00-05:00,24.860000610351562,24.8799991607666,24.82110023498535,24.8700008392334,4317,0.0,0.0,0.0
2024-01-26 13:30:00-05:00,24.854999542236328,24.8700008392334,24.844999313354492,24.860000610351562,9268,0.0,0.0,0.0
2024-01-26 14:30:00-05:00,24.860000610351562,24.8799991607666,24.860000610351562,24.864999771118164,13263,0.0,0.0,0.0
2024-01-26 15:30:00-05:00,24.8700008392334,24.8799991607666,24.861400604248047,24.8700008392334,2230,0.0,0.0,0.0
2024-01-29 09:30:00-05:00,24.860000610351562,24.860000610351562,24.760000228881836,24.780000686645508,0,0.0,0.0,0.0
2024-01-29 10:30:00-05:00,24.760000228881836,24.789899826049805,24.760000228881836,24.770000457763672,8585,0.0,0.0,0.0
2024-01-29 11:30:00-05:00,24.774999618530273,24.790000915527344,24.770000457763672,24.790000915527344,4211,0.0,0.0,0.0
2024-01-29 12:30:00-05:00,24.799999237060547,24.799999237060547,24.770200729370117,24.770200729370117,2618,0.0,0.0,0.0
2024-01-29 13:30:00-05:00,24.790000915527344,24.815000534057617,24.790000915527344,24.809999465942383,5980,0.0,0.0,0.0
2024-01-29 14:30:00-05:00,24.81999969482422,24.940000534057617,24.818099975585938,24.920000076293945,8558,0.0,0.0,0.0
2024-01-29 15:30:00-05:00,24.929899215698242,24.93000030517578,24.90999984741211,24.920000076293945,12129,0.0,0.0,0.0
2024-01-30 09:30:00-05:00,24.8700008392334,24.959999084472656,24.81999969482422,24.84000015258789,0,0.0,0.0,0.0
2024-01-30 10:30:00-05:00,24.84000015258789,24.8700008392334,24.829999923706055,24.8700008392334,30144,0.0,0.0,0.0
2024-01-30 11:30:00-05:00,24.8799991607666,24.93000030517578,24.875,24.90999984741211,40098,0.0,0.0,0.0
2024-01-30 12:30:00-05:00,24.899999618530273,24.920000076293945,24.899900436401367,24.91900062561035,11968,0.0,0.0,0.0
2024-01-30 13:30:00-05:00,24.920000076293945,24.959999084472656,24.915199279785156,24.94499969482422,6468,0.0,0.0,0.0
2024-01-30 14:30:00-05:00,24.950000762939453,24.969999313354492,24.950000762939453,24.959999084472656,1538,0.0,0.0,0.0
2024-01-30 15:30:00-05:00,24.969999313354492,24.969999313354492,24.940000534057617,24.959999084472656,5935,0.0,0.0,0.0
2024-01-31 09:30:00-05:00,24.969999313354492,25.040000915527344,24.96500015258789,24.979999542236328,0,0.0,0.0,0.0
2024-01-31 10:30:00-05:00,24.959999084472656,24.959999084472656,24.90999984741211,24.90999984741211,6784,0.0,0.0,0.0
2024-01-31 11:30:00-05:00,24.860000610351562,24.860000610351562,24.854999542236328,24.858400344848633,1718,0.0,0.0,0.0
2024-01-31 12:30:00-05:00,24.850000381469727,24.850000381469727,24.81999969482422,24.832700729370117,2464,0.0,0.0,0.0
2024-01-31 13:30:00-05:00,24.840999603271484,24.850000381469727,24.780000686645508,24.81999969482422,10562,0.0,0.0,0.0
2024-01-31 14:30:00-05:00,24.84000015258789,24.9197998046875,24.670000076293945,24.719999313354492,6278,0.0,0.0,0.0
2024-01-31 15:30:00-05:00,24.690000534057617,24.69499969482422,24.65999984741211,24.69499969482422,6962,0.0,0.0,0.0
2024-02-01 09:30:00-05:00,24.75,24.81999969482422,24.75,24.795000076293945,4630,0.0,0.0,0.0
2024-02-01 10:30:00-05:00,24.789400100708008,24.789400100708008,24.735000610351562,24.780000686645508,124060,0.0,0.0,0.0
2024-02-01 11:30:00-05:00,24.809999465942383,24.93869972229004,24.809999465942383,24.90880012512207,7572,0.0,0.0,0.0
2024-02-01 12:30:00-05:00,24.915000915527344,24.940000534057617,24.8700008392334,24.899999618530273,18470,0.0,0.0,0.0
2024-02-01 13:30:00-05:00,24.920000076293945,24.950000762939453,24.920000076293945,24.940000534057617,11070,0.0,0.0,0.0
2024-02-01 14:30:00-05:00,24.93000030517578,24.96030044555664,24.93000030517578,24.96030044555664,2230,0.0,0.0,0.0
2024-02-01 15:30:00-05:00,24.970300674438477,24.979999542236328,24.959999084472656,24.979000091552734,0,0.0,0.0,0.0
2024-02-02 09:30:00-05:00,24.81999969482422,24.81999969482422,24.670000076293945,24.709999084472656,29441,0.0,0.0,0.0
2024-02-02 10:30:00-05:00,24.699600219726562,24.739999771118164,24.649999618530273,24.66029930114746,3742,0.0,0.0,0.0
2024-02-02 11:30:00-05:00,24.670000076293945,24.67959976196289,24.649999618530273,24.670000076293945,5073,0.0,0.0,0.0
2024-02-02 12:30:00-05:00,24.68000030517578,24.684999465942383,24.6200008392334,24.65999984741211,14339,0.0,0.0,0.0
2024-02-02 13:30:00-05:00,24.665000915527344,24.709999084472656,24.665000915527344,24.709999084472656,6282,0.0,0.0,0.0
2024-02-02 14:30:00-05:00,24.729900360107422,24.75,24.729900360107422,24.75,36949,0.0,0.0,0.0
2024-02-02 15:30:00-05:00,24.741600036621094,24.75,24.709999084472656,24.725000381469727,10289,0.0,0.0,0.0
2024-02-05 09:30:00-05:00,24.559999465942383,24.559999465942383,24.40999984741211,24.420000076293945,0,0.0,0.0,0.0
2024-02-05 10:30:00-05:00,24.450000762939453,24.454999923706055,24.400100708007812,24.43000030517578,25050,0.0,0.0,0.0
2024-02-05 11:30:00-05:00,24.434999465942383,24.479000091552734,24.434999465942383,24.469999313354492,15841,0.0,0.0,0.0
2024-02-05 12:30:00-05:00,24.510000228881836,24.51919937133789,24.501300811767578,24.510000228881836,3993,0.0,0.0,0.0
2024-02-05 13:30:00-05:00,24.520000457763672,24.53499984741211,24.511600494384766,24.53499984741211,13520,0.0,0.0,0.0
2024-02-05 14:30:00-05:00,24.550199508666992,24.550199508666992,24.514999389648438,24.53499984741211,42067,0.0,0.0,0.0
2024-02-05 15:30:00-05:00,24.530000686645508,24.530000686645508,24.510000228881836,24.510000228881836,5574,0.0,0.0,0.0
2024-02-06 09:30:00-05:00,24.6299991607666,24.719999313354492,24.6299991607666,24.719999313354492,0,0.0,0.0,0.0
2024-02-06 10:30:00-05:00,24.719999313354492,24.80500030517578,24.719999313354492,24.80500030517578,10232,0.0,0.0,0.0
2024-02-06 11:30:00-05:00,24.790000915527344,24.809999465942383,24.760000228881836,24.809999465942383,17090,0.0,0.0,0.0
2024-02-06 12:30:00-05:00,24.809999465942383,24.825000762939453,24.790000915527344,24.790000915527344,6521,0.0,0.0,0.0
2024-02-06 13:30:00-05:00,24.81999969482422,24.81999969482422,24.790000915527344,24.809999465942383,7937,0.0,0.0,0.0
2024-02-06 14:30:00-05:00,24.790000915527344,24.829999923706055,24.790000915527344,24.809999465942383,10729,0.0,0.0,0.0
2024-02-06 15:30:00-05:00,24.81999969482422,24.860000610351562,24.81999969482422,24.859100341796875,2034,0.0,0.0,0.0
2024-02-07 09:30:00-05:00,24.799999237060547,24.809999465942383,24.690000534057617,24.760000228881836,0,0.0,0.0,0.0
2024-02-07 10:30:00-05:00,24.760000228881836,24.760000228881836,24.68000030517578,24.68000030517578,8422,0.0,0.0,0.0
2024-02-07 11:30:00-05:00,24.690000534057617,24.709999084472656,24.690000534057617,24.696699142456055,7447,0.0,0.0,0.0
2024-02-07 12:30:00-05:00,24.69499969482422,24.739999771118164,24.690000534057617,24.729999542236328,64568,0.0,0.0,0.0
2024-02-07 13:30:00-05:00,24.739999771118164,24.75,24.704999923706055,24.729999542236328,4779,0.0,0.0,0.0
2024-02-07 14:30:00-05:00,24.725000381469727,24.749900817871094,24.725000381469727,24.729999542236328,3279,0.0,0.0,0.0
2024-02-07 15:30:00-05:00,24.739999771118164,24.75,24.71500015258789,24.725000381469727,11528,0.0,0.0,0.0
2024-02-08 09:30:00-05:00,24.579999923706055,24.65999984741211,24.579999923706055,24.6200008392334,0,0.0,0.0,0.0
2024-02-08 10:30:00-05:00,24.610000610351562,24.6200008392334,24.559999465942383,24.559999465942383,20950,0.0,0.0,0.0
2024-02-08 11:30:00-05:00,24.566999435424805,24.600000381469727,24.55699920654297,24.600000381469727,32615,0.0,0.0,0.0
2024-02-08 12:30:00-05:00,24.600099563598633,24.639999389648438,24.56999969482422,24.62459945678711,5591,0.0,0.0,0.0
2024-02-08 13:30:00-05:00,24.624000549316406,24.639999389648438,24.624000549316406,24.635000228881836,955,0.0,0.0,0.0
2024-02-08 14:30:00-05:00,24.635000228881836,24.670000076293945,24.610000610351562,24.655000686645508,77316,0.0,0.0,0.0
2024-02-08 15:30:00-05:00,24.655000686645508,24.670000076293945,24.639999389648438,24.65999984741211,28365,0.0,0.0,0.0
2024-02-09 09:30:00-05:00,24.540000915527344,24.601200103759766,24.5,24.517499923706055,11108,0.0,0.0,0.0
2024-02-09 10:30:00-05:00,24.5,24.566999435424805,24.5,24.540000915527344,15127,0.0,0.0,0.0
2024-02-09 11:30:00-05:00,24.514999389648438,24.52090072631836,24.51140022277832,24.514999389648438,2921,0.0,0.0,0.0
2024-02-09 12:30:00-05:00,24.540000915527344,24.600000381469727,24.540000915527344,24.600000381469727,4699,0.0,0.0,0.0
2024-02-09 13:30:00-05:00,24.589599609375,24.609899520874023,24.589000701904297,24.608800888061523,7560,0.0,0.0,0.0
2024-02-09 14:30:00-05:00,24.60099983215332,24.610000610351562,24.56999969482422,24.594999313354492,14252,0.0,0.0,0.0
2024-02-09 15:30:00-05:00,24.59910011291504,24.59910011291504,24.584999084472656,24.59119987487793,7025,0.0,0.0,0.0
2024-02-12 09:30:00-05:00,24.469999313354492,24.56999969482422,24.469999313354492,24.530000686645508,0,0.0,0.0,0.0
2024-02-12 10:30:00-05:00,24.520000457763672,24.53890037536621,24.501300811767578,24.53499984741211,19027,0.0,0.0,0.0
2024-02-12 11:30:00-05:00,24.530099868774414,24.579999923706055,24.530099868774414,24.579999923706055,37707,0.0,0.0,0.0
2024-02-12 12:30:00-05:00,24.584999084472656,24.600000381469727,24.584699630737305,24.59000015258789,14076,0.0,0.0,0.0
2024-02-12 13:30:00-05:00,24.59000015258789,24.596900939941406,24.549999237060547,24.559999465942383,14293,0.0,0.0,0.0
2024-02-12 14:30:00-05:00,24.558900833129883,24.56999969482422,24.540000915527344,24.569900512695312,8911,0.0,0.0,0.0
2024-02-12 15:30:00-05:00,24.56999969482422,24.588199615478516,24.565000534057617,24.575000762939453,8732,0.0,0.0,0.0
2024-02-13 09:30:00-05:00,24.290000915527344,24.329999923706055,24.190000534057617,24.219999313354492,0,0.0,0.0,0.0
2024-02-13 10:30:00-05:00,24.249000549316406,24.280000686645508,24.209999084472656,24.271099090576172,17362,0.0,0.0,0.0
2024-02-13 11:30:00-05:00,24.280000686645508,24.280000686645508,24.239999771118164,24.239999771118164,5960,0.0,0.0,0.0
2024-02-13 12:30:00-05:00,24.260000228881836,24.260000228881836,24.200000762939453,24.200000762939453,4229,0.0,0.0,0.0
2024-02-13 13:30:00-05:00,24.200000762939453,24.200000762939453,24.1299991607666,24.139999389648438,5317,0.0,0.0,0.0
2024-02-13 14:30:00-05:00,24.139999389648438,24.155000686645508,24.09000015258789,24.100000381469727,575124,0.0,0.0,0.0
2024-02-13 15:30:00-05:00,24.110000610351562,24.174999237060547,24.104999542236328,24.174999237060547,7803,0.0,0.0,0.0
2024-02-14 09:30:00-05:00,24.34000015258789,24.389999389648438,24.34000015258789,24.3700008392334,0,0.0,0.0,0.0
2024-02-14 10:30:00-05:00,24.360000610351562,24.370399475097656,24.344999313354492,24.360000610351562,12211,0.0,0.0,0.0
2024-02-14 11:30:00-05:00,24.350000381469727,24.375,24.31999969482422,24.350000381469727,14983,0.0,0.0,0.0
2024-02-14 12:30:00-05:00,24.360000610351562,24.389999389648438,24.350000381469727,24.360000610351562,76263,0.0,0.0,0.0
2024-02-14 13:30:00-05:00,24.3700008392334,24.399999618530273,24.360000610351562,24.39929962158203,13393,0.0,0.0,0.0
2024-02-14 14:30:00-05:00,24.399999618530273,24.44499969482422,24.399999618530273,24.440000534057617,50140,0.0,0.0,0.0
2024-02-14 15:30:00-05:00,24.440000534057617,24.450000762939453,24.420000076293945,24.450000762939453,8420,0.0,0.0,0.0
2024-02-15 09:30:00-05:00,24.530000686645508,24.6299991607666,24.530000686645508,24.6299991607666,0,0.0,0.0,0.0
2024-02-15 10:30:00-05:00,24.6200008392334,24.6299991607666,24.56999969482422,24.56999969482422,4558,0.0,0.0,0.0
2024-02-15 11:30:00-05:00,24.570499420166016,24.610000610351562,24.570499420166016,24.600000381469727,11086,0.0,0.0,0.0
2024-02-15 12:30:00-05:00,24.6200008392334,24.649999618530273,24.604999542236328,24.649999618530273,6937,0.0,0.0,0.0
2024-02-15 13:30:00-05:00,24.65999984741211,24.68400001525879,24.6299991607666,24.68400001525879,22176,0.0,0.0,0.0
2024-02-15 14:30:00-05:00,24.690000534057617,24.700000762939453,24.68000030517578,24.690000534057617,4321,0.0,0.0,0.0
2024-02-15 15:30:00-05:00,24.69499969482422,24.707500457763672,24.684999465942383,24.704999923706055,13257,0.0,0.0,0.0
2024-02-16 09:30:00-05:00,24.860000610351562,24.940000534057617,24.850000381469727,24.920000076293945,25274,0.0,0.0,0.0
2024-02-16 10:30:00-05:00,24.924999237060547,24.96500015258789,24.915000915527344,24.95210075378418,10454,0.0,0.0,0.0
2024-02-16 11:30:00-05:00,24.960100173950195,24.9950008392334,24.960100173950195,24.96500015258789,8101,0.0,0.0,0.0
2024-02-16 12:30:00-05:00,24.989999771118164,25.010000228881836,24.959999084472656,24.975000381469727,14338,0.0,0.0,0.0
2024-02-16 13:30:00-05:00,24.9950008392334,25.03499984741211,24.9950008392334,25.030000686645508,15912,0.0,0.0,0.0
2024-02-16 14:30:00-05:00,25.030000686645508,25.030000686645508,24.940000534057617,24.95989990234375,6500,0.0,0.0,0.0
2024-02-16 15:30:00-05:00,24.969999313354492,24.969999313354492,24.934999465942383,24.940000534057617,6424,0.0,0.0,0.0
2024-02-20 09:30:00-05:00,25.079999923706055,25.139999389648438,25.079999923706055,25.1299991607666,0,0.0,0.0,0.0
2024-02-20 10:30:00-05:00,25.1200008392334,25.1299991607666,25.08989906311035,25.094999313354492,10072,0.0,0.0,0.0
2024-02-20 11:30:00-05:00,25.100000381469727,25.100000381469727,25.040000915527344,25.040000915527344,12388,0.0,0.0,0.0
2024-02-20 12:30:00-05:00,25.040000915527344,25.049999237060547,25.020000457763672,25.049999237060547,16561,0.0,0.0,0.0
2024-02-20 13:30:00-05:00,25.03499984741211,25.049699783325195,25.020000457763672,25.03499984741211,40611,0.0,0.0,0.0
2024-02-20 14:30:00-05:00,25.040000915527344,25.059999465942383,25.030000686645508,25.059999465942383,49262,0.0,0.0,0.0
2024-02-20 15:30:00-05:00,25.049999237060547,25.059999465942383,25.020099639892578,25.05500030517578,0,0.0,0.0,0.0
2024-02-21 09:30:00-05:00,24.889999389648438,24.899999618530273,24.850000381469727,24.860000610351562,12489,0.0,0.0,0.0
2024-02-21 10:30:00-05:00,24.864999771118164,24.8799991607666,24.844999313354492,24.8799991607666,22917,0.0,0.0,0.0
2024-02-21 11:30:00-05:00,24.8799991607666,24.8799991607666,24.850000381469727,24.85810089111328,6120,0.0,0.0,0.0
2024-02-21 12:30:00-05:00,24.854999542236328,24.860000610351562,24.81999969482422,24.860000610351562,4896,0.0,0.0,0.0
2024-02-21 13:30:00-05:00,24.860000610351562,24.899999618530273,24.84000015258789,24.854999542236328,12943,0.0,0.0,0.0
2024-02-21 14:30:00-05:00,24.850000381469727,24.850099563598633,24.807600021362305,24.834999084472656,32273,0.0,0.0,0.0
2024-02-21 15:30:00-05:00,24.84000015258789,24.93000030517578,24.84000015258789,24.93000030517578,17270,0.0,0.0,0.0
2024-02-22 09:30:00-05:00,24.969999313354492,25.020000457763672,24.959999084472656,24.979999542236328,13564,0.0,0.0,0.0
2024-02-22 10:30:00-05:00,24.989999771118164,25.04990005493164,24.989999771118164,25.04990005493164,5454,0.0,0.0,0.0
2024-02-22 11:30:00-05:00,25.040000915527344,25.065000534057617,25.020000457763672,25.065000534057617,21849,0.0,0.0,0.0
2024-02-22 12:30:00-05:00,25.070100784301758,25.09000015258789,25.059999465942383,25.09000015258789,10505,0.0,0.0,0.0
2024-02-22 13:30:00-05:00,25.108699798583984,25.1299991607666,25.09000015258789,25.1299991607666,4502,0.0,0.0,0.0
2024-02-22 14:30:00-05:00,25.110000610351562,25.110000610351562,25.079999923706055,25.104999542236328,3486,0.0,0.0,0.0
2024-02-22 15:30:00-05:00,25.100000381469727,25.1200008392334,25.100000381469727,25.110200881958008,2600,0.0,0.0,0.0
2024-02-23 09:30:00-05:00,25.100000381469727,25.190000534057617,25.100000381469727,25.18000030517578,0,0.0,0.0,0.0
2024-02-23 10:30:00-05:00,25.189800262451172,25.189800262451172,25.15999984741211,25.170000076293945,8003,0.0,0.0,0.0
2024-02-23 11:30:00-05:00,25.190000534057617,25.204999923706055,25.190000534057617,25.190000534057617,5004,0.0,0.0,0.0
2024-02-23 12:30:00-05:00,25.190000534057617,25.209999084472656,25.190000534057617,25.204999923706055,2366,0.0,0.0,0.0
2024-02-23 13:30:00-05:00,25.21500015258789,25.219999313354492,25.18000030517578,25.18000030517578,4949,0.0,0.0,0.0
2024-02-23 14:30:00-05:00,25.170000076293945,25.19499969482422,25.170000076293945,25.190000534057617,33694,0.0,0.0,0.0
2024-02-23 15:30:00-05:00,25.184999465942383,25.200000762939453,25.184999465942383,25.184999465942383,3431,0.0,0.0,0.0
2024-02-26 09:30:00-05:00,25.15999984741211,25.200000762939453,25.1299991607666,25.139999389648438,0,0.0,0.0,0.0
2024-02-26 10:30:00-05:00,25.1200008392334,25.1299991607666,25.110000610351562,25.1299991607666,4196,0.0,0.0,0.0
2024-02-26 11:30:00-05:00,25.1200008392334,25.139999389648438,25.1200008392334,25.1299991607666,8452,0.0,0.0,0.0
2024-02-26 12:30:00-05:00,25.1200008392334,25.1200008392334,25.100000381469727,25.110000610351562,3002,0.0,0.0,0.0
2024-02-26 13:30:00-05:00,25.070199966430664,25.1200008392334,25.070199966430664,25.11989974975586,4595,0.0,0.0,0.0
2024-02-26 14:30:00-05:00,25.110000610351562,25.149999618530273,25.110000610351562,25.149999618530273,8463,0.0,0.0,0.0
2024-02-26 15:30:00-05:00,25.149999618530273,25.149999618530273,25.125,25.1299991607666,11038,0.0,0.0,0.0
2024-02-27 09:30:00-05:00,25.06999969482422,25.110000610351562,25.06999969482422,25.094999313354492,0,0.0,0.0,0.0
2024-02-27 10:30:00-05:00,25.114999771118164,25.149999618530273,25.100000381469727,25.149999618530273,26590,0.0,0.0,0.0
2024-02-27 11:30:00-05:00,25.135099411010742,25.135099411010742,25.100000381469727,25.1200008392334,5961,0.0,0.0,0.0
2024-02-27 12:30:00-05:00,25.1200008392334,25.149999618530273,25.1200008392334,25.145000457763672,41892,0.0,0.0,0.0
2024-02-27 13:30:00-05:00,25.145000457763672,25.149999618530273,25.130399703979492,25.130399703979492,3205,0.0,0.0,0.0
2024-02-27 14:30:00-05:00,25.1299991607666,25.1299991607666,25.104999542236328,25.125,4613,0.0,0.0,0.0
2024-02-27 15:30:00-05:00,25.129600524902344,25.155000686645508,25.129600524902344,25.155000686645508,3232,0.0,0.0,0.0
2024-02-28 09:30:00-05:00,24.8700008392334,24.93000030517578,24.8700008392334,24.93000030517578,0,0.0,0.0,0.0
2024-02-28 10:30:00-05:00,24.899999618530273,24.94499969482422,24.899999618530273,24.93000030517578,5443,0.0,0.0,0.0
2024-02-28 11:30:00-05:00,24.889999389648438,24.94499969482422,24.889999389648438,24.93000030517578,10745,0.0,0.0,0.0
2024-02-28 12:30:00-05:00,24.920000076293945,24.920000076293945,24.889999389648438,24.91010093688965,4088,0.0,0.0,0.0
2024-02-28 13:30:00-05:00,24.920700073242188,24.920700073242188,24.8799991607666,24.8799991607666,19002,0.0,0.0,0.0
2024-02-28 14:30:00-05:00,24.8700008392334,24.889999389648438,24.850000381469727,24.889999389648438,7891,0.0,0.0,0.0
2024-02-28 15:30:00-05:00,24.889999389648438,24.889999389648438,24.8799991607666,24.889999389648438,0,0.0,0.0,0.0
2024-02-29 09:30:00-05:00,25.06999969482422,25.1200008392334,25.05500030517578,25.05500030517578,6626,0.0,0.0,0.0
2024-02-29 10:30:00-05:00,25.059999465942383,25.059999465942383,24.969999313354492,24.969999313354492,2635,0.0,0.0,0.0
2024-02-29 11:30:00-05:00,24.96500015258789,24.96500015258789,24.899999618530273,24.899999618530273,7024,0.0,0.0,0.0
2024-02-29 12:30:00-05:00,24.895000457763672,24.969999313354492,24.895000457763672,24.969999313354492,3999,0.0,0.0,0.0
2024-02-29 13:30:00-05:00,24.969999313354492,25.014999389648438,24.969999313354492,24.989999771118164,3298,0.0,0.0,0.0
2024-02-29 14:30:00-05:00,25.0,25.0,24.969999313354492,24.979999542236328,24048,0.0,0.0,0.0
2024-02-29 15:30:00-05:00,24.982200622558594,25.030000686645508,24.982200622558594,25.024999618530273,5830,0.0,0.0,0.0
2024-03-01 09:30:00-05:00,25.010000228881836,25.079999923706055,24.924999237060547,25.079999923706055,0,0.0,0.0,0.0
2024-03-01 10:30:00-05:00,25.110000610351562,25.149999618530273,25.09000015258789,25.1200008392334,9071,0.0,0.0,0.0
2024-03-01 11:30:00-05:00,25.1299991607666,25.165000915527344,25.1200008392334,25.165000915527344,5450,0.0,0.0,0.0
2024-03-01 12:30:00-05:00,25.15999984741211,25.165000915527344,25.139999389648438,25.15220069885254,10006,0.0,0.0,0.0
2024-03-01 13:30:00-05:00,25.15999984741211,25.170000076293945,25.149999618530273,25.170000076293945,7216,0.0,0.0,0.0
2024-03-01 14:30:00-05:00,25.18000030517578,25.18000030517578,25.149999618530273,25.158700942993164,7793,0.0,0.0,0.0
2024-03-01 15:30:00-05:00,25.149999618530273,25.170000076293945,25.139999389648438,25.170000076293945,6272,0.0,0.0,0.0
2024-03-04 09:30:00-05:00,24.989999771118164,25.079999923706055,24.989999771118164,25.059600830078125,0,0.0,0.0,0.0
2024-03-04 10:30:00-05:00,25.065000534057617,25.110000610351562,25.059999465942383,25.09000015258789,3965,0.0,0.0,0.0
2024-03-04 11:30:00-05:00,25.094999313354492,25.121000289916992,25.094999313354492,25.1200008392334,5398,0.0,0.0,0.0
2024-03-04 12:30:00-05:00,25.1200008392334,25.1200008392334,25.111000061035156,25.114999771118164,3954,0.0,0.0,0.0
2024-03-04 13:30:00-05:00,25.100000381469727,25.100000381469727,25.084999084472656,25.09000015258789,4820,0.0,0.0,0.0
2024-03-04 14:30:00-05:00,25.09000015258789,25.13010025024414,25.09000015258789,25.128999710083008,1586,0.0,0.0,0.0
2024-03-04 15:30:00-05:00,25.110000610351562,25.110000610351562,25.079999923706055,25.079999923706055,4509,0.0,0.0,0.0
2024-03-05 09:30:00-05:00,25.059999465942383,25.149999618530273,25.059999465942383,25.12779998779297,0,0.0,0.0,0.0
2024-03-05 10:30:00-05:00,25.1299991607666,25.139999389648438,25.104999542236328,25.104999542236328,3807,0.0,0.0,0.0
2024-03-05 11:30:00-05:00,25.1200008392334,25.139999389648438,25.079999923706055,25.135000228881836,7375,0.0,0.0,0.0
2024-03-05 12:30:00-05:00,25.1299991607666,25.1299991607666,25.100000381469727,25.114999771118164,6604,0.0,0.0,0.0
2024-03-05 13:30:00-05:00,25.139999389648438,25.139999389648438,25.06999969482422,25.09000015258789,9186,0.0,0.0,0.0
2024-03-05 14:30:00-05:00,25.075000762939453,25.075000762939453,25.010000228881836,25.020000457763672,8012,0.0,0.0,0.0
2024-03-05 15:30:00-05:00,25.020000457763672,25.079999923706055,25.020000457763672,25.079999923706055,5649,0.0,0.0,0.0
2024-03-06 09:30:00-05:00,25.329999923706055,25.329999923706055,25.229999542236328,25.229999542236328,0,0.0,0.0,0.0
2024-03-06 10:30:00-05:00,25.209999084472656,25.25,25.209999084472656,25.239999771118164,5620,0.0,0.0,0.0
2024-03-06 11:30:00-05:00,25.28499984741211,25.329999923706055,25.270000457763672,25.325000762939453,10309,0.0,0.0,0.0
2024-03-06 12:30:00-05:00,25.31999969482422,25.329999923706055,25.280000686645508,25.320100784301758,6225,0.0,0.0,0.0
2024-03-06 13:30:00-05:00,25.270000457763672,25.280000686645508,25.239999771118164,25.2549991607666,4732,0.0,0.0,0.0
2024-03-06 14:30:00-05:00,25.264999389648438,25.270000457763672,25.225000381469727,25.239999771118164,91435,0.0,0.0,0.0
2024-03-06 15:30:00-05:00,25.239999771118164,25.260000228881836,25.229999542236328,25.250099182128906,28532,0.0,0.0,0.0
2024-03-07 09:30:00-05:00,25.479999542236328,25.510000228881836,25.420000076293945,25.459999084472656,0,0.0,0.0,0.0
2024-03-07 10:30:00-05:00,25.459999084472656,25.530000686645508,25.45829963684082,25.520000457763672,7636,0.0,0.0,0.0
2024-03-07 11:30:00-05:00,25.510000228881836,25.530000686645508,25.489999771118164,25.520000457763672,11776,0.0,0.0,0.0
2024-03-07 12:30:00-05:00,25.5,25.540000915527344,25.5,25.540000915527344,2149,0.0,0.0,0.0
2024-03-07 13:30:00-05:00,25.549999237060547,25.56999969482422,25.520000457763672,25.52989959716797,12131,0.0,0.0,0.0
2024-03-07 14:30:00-05:00,25.540000915527344,25.540000915527344,25.510000228881836,25.524999618530273,9545,0.0,0.0,0.0
2024-03-07 15:30:00-05:00,25.530000686645508,25.540000915527344,25.510000228881836,25.520000457763672,15473,0.0,0.0,0.0
2024-03-08 09:30:00-05:00,25.549999237060547,25.586000442504883,25.520000457763672,25.53499984741211,0,0.0,0.0,0.0
2024-03-08 10:30:00-05:00,25.549999237060547,25.610000610351562,25.530000686645508,25.530000686645508,10814,0.0,0.0,0.0
2024-03-08 11:30:00-05:00,25.510000228881836,25.520000457763672,25.5,25.501300811767578,3946,0.0,0.0,0.0
2024-03-08 12:30:00-05:00,25.520000457763672,25.524999618530273,25.459999084472656,25.459999084472656,9170,0.0,0.0,0.0
2024-03-08 13:30:00-05:00,25.440000534057617,25.4950008392334,25.440000534057617,25.4950008392334,70239,0.0,0.0,0.0
2024-03-08 14:30:00-05:00,25.5049991607666,25.520000457763672,25.472400665283203,25.489999771118164,13006,0.0,0.0,0.0
2024-03-08 15:30:00-05:00,25.459999084472656,25.485000610351562,25.459999084472656,25.469999313354492,5624,0.0,0.0,0.0
2024-03-11 09:30:00-04:00,25.360000610351562,25.420000076293945,25.31999969482422,25.329999923706055,0,0.0,0.0,0.0
2024-03-11 10:30:00-04:00,25.329999923706055,25.375,25.309999465942383,25.3700008392334,16759,0.0,0.0,0.0
2024-03-11 11:30:00-04:00,25.360000610351562,25.440000534057617,25.360000610351562,25.440000534057617,26044,0.0,0.0,0.0
2024-03-11 12:30:00-04:00,25.43000030517578,25.479999542236328,25.43000030517578,25.475000381469727,5481,0.0,0.0,0.0
2024-03-11 13:30:00-04:00,25.469999313354492,25.489999771118164,25.469999313354492,25.489999771118164,4120,0.0,0.0,0.0
2024-03-11 14:30:00-04:00,25.4950008392334,25.520000457763672,25.479999542236328,25.516300201416016,6036,0.0,0.0,0.0
2024-03-11 15:30:00-04:00,25.510000228881836,25.520000457763672,25.4950008392334,25.510000228881836,13908,0.0,0.0,0.0
2024-03-12 09:30:00-04:00,25.690000534057617,25.690000534057617,25.56999969482422,25.649999618530273,0,0.0,0.0,0.0
2024-03-12 10:30:00-04:00,25.6299991607666,25.65999984741211,25.6200008392334,25.639999389648438,9830,0.0,0.0,0.0
2024-03-12 11:30:00-04:00,25.649999618530273,25.670000076293945,25.649999618530273,25.65999984741211,3061,0.0,0.0,0.0
2024-03-12 12:30:00-04:00,25.649999618530273,25.670000076293945,25.6200008392334,25.670000076293945,10451,0.0,0.0,0.0
2024-03-12 13:30:00-04:00,25.65999984741211,25.704999923706055,25.65999984741211,25.690000534057617,5021,0.0,0.0,0.0
2024-03-12 14:30:00-04:00,25.719999313354492,25.719999313354492,25.700000762939453,25.71500015258789,8085,0.0,0.0,0.0
2024-03-12 15:30:00-04:00,25.709999084472656,25.71500015258789,25.700000762939453,25.700000762939453,5347,0.0,0.0,0.0
2024-03-13 09:30:00-04:00,25.719999313354492,25.799999237060547,25.719999313354492,25.780000686645508,0,0.0,0.0,0.0
2024-03-13 10:30:00-04:00,25.790000915527344,25.809999465942383,25.770000457763672,25.809999465942383,11463,0.0,0.0,0.0
2024-03-13 11:30:00-04:00,25.809999465942383,25.809999465942383,25.790000915527344,25.790000915527344,7214,0.0,0.0,0.0
2024-03-13 12:30:00-04:00,25.780000686645508,25.84000015258789,25.780000686645508,25.84000015258789,6878,0.0,0.0,0.0
2024-03-13 13:30:00-04:00,25.83009910583496,25.83009910583496,25.825000762939453,25.825000762939453,2103,0.0,0.0,0.0
2024-03-13 14:30:00-04:00,25.829999923706055,25.834999084472656,25.760000228881836,25.770000457763672,4817,0.0,0.0,0.0
2024-03-13 15:30:00-04:00,25.774999618530273,25.809999465942383,25.770000457763672,25.790000915527344,7305,0.0,0.0,0.0
2024-03-14 09:30:00-04:00,25.780000686645508,25.790000915527344,25.649999618530273,25.649999618530273,0,0.0,0.0,0.0
2024-03-14 10:30:00-04:00,25.670000076293945,25.670000076293945,25.56999969482422,25.56999969482422,3282,0.0,0.0,0.0
2024-03-14 11:30:00-04:00,25.540000915527344,25.639999389648438,25.540000915527344,25.639999389648438,9047,0.0,0.0,0.0
2024-03-14 12:30:00-04:00,25.635000228881836,25.649999618530273,25.6200008392334,25.6200008392334,1518,0.0,0.0,0.0
2024-03-14 13:30:00-04:00,25.540000915527344,25.610000610351562,25.540000915527344,25.610000610351562,2996,0.0,0.0,0.0
2024-03-14 14:30:00-04:00,25.584999084472656,25.584999084472656,25.530000686645508,25.540000915527344,4489,0.0,0.0,0.0
2024-03-14 15:30:00-04:00,25.530000686645508,25.6299991607666,25.530000686645508,25.6299991607666,0,0.0,0.0,0.0
2024-03-15 09:30:00-04:00,25.600000381469727,25.639999389648438,25.56999969482422,25.59000015258789,31238,0.0,0.0,0.0
2024-03-15 10:30:00-04:00,25.59000015258789,25.610000610351562,25.579999923706055,25.600000381469727,18512,0.0,0.0,0.0
2024-03-15 11:30:00-04:00,25.600000381469727,25.610000610351562,25.575000762939453,25.579999923706055,18279,0.0,0.0,0.0
2024-03-15 12:30:00-04:00,25.540000915527344,25.545000076293945,25.5,25.530000686645508,7509,0.0,0.0,0.0
2024-03-15 13:30:00-04:00,25.52549934387207,25.54840087890625,25.520000457763672,25.530000686645508,5951,0.0,0.0,0.0
2024-03-15 14:30:00-04:00,25.540000915527344,25.579999923706055,25.5398006439209,25.565000534057617,9826,0.0,0.0,0.0
2024-03-15 15:30:00-04:00,25.5531005859375,25.575000762939453,25.540000915527344,25.56999969482422,5399,0.0,0.0,0.0
2024-03-18 09:30:00-04:00,25.549999237060547,25.59000015258789,25.530000686645508,25.540000915527344,0,0.0,0.0,0.0
2024-03-18 10:30:00-04:00,25.540000915527344,25.540000915527344,25.480100631713867,25.520000457763672,16450,0.0,0.0,0.0
2024-03-18 11:30:00-04:00,25.5,25.540000915527344,25.5,25.520000457763672,2973,0.0,0.0,0.0
2024-03-18 12:30:00-04:00,25.510000228881836,25.510000228881836,25.4950008392334,25.510000228881836,4476,0.0,0.0,0.0
2024-03-18 13:30:00-04:00,25.5,25.5,25.479999542236328,25.5,14039,0.0,0.0,0.0
2024-03-18 14:30:00-04:00,25.5,25.524999618530273,25.5,25.520000457763672,1575,0.0,0.0,0.0
2024-03-18 15:30:00-04:00,25.524999618530273,25.524999618530273,25.479999542236328,25.479999542236328,0,0.0,0.0,0.0
2024-03-19 09:30:00-04:00,25.420000076293945,25.489999771118164,25.420000076293945,25.489999771118164,13026,0.0,0.0,0.0
2024-03-19 10:30:00-04:00,25.479999542236328,25.51099967956543,25.469999313354492,25.510000228881836,13039,0.0,0.0,0.0
2024-03-19 11:30:00-04:00,25.530000686645508,25.549999237060547,25.520000457763672,25.549999237060547,6950,0.0,0.0,0.0
2024-03-19 12:30:00-04:00,25.559999465942383,25.579999923706055,25.559999465942383,25.560100555419922,4738,0.0,0.0,0.0
2024-03-19 13:30:00-04:00,25.559999465942383,25.575000762939453,25.545700073242188,25.55500030517578,11389,0.0,0.0,0.0
2024-03-19 14:30:00-04:00,25.550100326538086,25.55500030517578,25.53499984741211,25.55500030517578,6438,0.0,0.0,0.0
2024-03-19 15:30:00-04:00,25.540000915527344,25.56999969482422,25.540000915527344,25.56999969482422,6729,0.0,0.0,0.0
2024-03-20 09:30:00-04:00,25.559999465942383,25.56999969482422,25.510000228881836,25.56999969482422,0,0.0,0.0,0.0
2024-03-20 10:30:00-04:00,25.559999465942383,25.59000015258789,25.55500030517578,25.59000015258789,4911,0.0,0.0,0.0
2024-03-20 11:30:00-04:00,25.56999969482422,25.579999923706055,25.549999237060547,25.579999923706055,11454,0.0,0.0,0.0
2024-03-20 12:30:00-04:00,25.560100555419922,25.58989906311035,25.560100555419922,25.56999969482422,2528,0.0,0.0,0.0
2024-03-20 13:30:00-04:00,25.559999465942383,25.690000534057617,25.559999465942383,25.649999618530273,10638,0.0,0.0,0.0
2024-03-20 14:30:00-04:00,25.690000534057617,25.790000915527344,25.610000610351562,25.790000915527344,22606,0.0,0.0,0.0
2024-03-20 15:30:00-04:00,25.809999465942383,25.84000015258789,25.790000915527344,25.809999465942383,7494,0.0,0.0,0.0
2024-03-21 09:30:00-04:00,26.020000457763672,26.040000915527344,25.969999313354492,25.989999771118164,0,0.0,0.0,0.0
2024-03-21 10:30:00-04:00,26.0,26.040000915527344,25.9950008392334,26.0049991607666,7027,0.0,0.0,0.0
2024-03-21 11:30:00-04:00,25.979999542236328,25.989999771118164,25.969999313354492,25.969999313354492,4960,0.0,0.0,0.0
2024-03-21 12:30:00-04:00,25.959999084472656,25.979999542236328,25.950000762939453,25.979999542236328,7908,0.0,0.0,0.0
2024-03-21 13:30:00-04:00,25.950000762939453,25.959999084472656,25.949499130249023,25.959999084472656,3662,0.0,0.0,0.0
2024-03-21 14:30:00-04:00,25.959999084472656,25.959999084472656,25.950000762939453,25.954999923706055,6898,0.0,0.0,0.0
2024-03-21 15:30:00-04:00,25.95989990234375,25.96500015258789,25.931100845336914,25.950000762939453,0,0.0,0.0,0.0
2024-03-22 09:30:00-04:00,25.969999313354492,26.020000457763672,25.969999313354492,25.979999542236328,27583,0.0,0.0,0.0
2024-03-22 10:30:00-04:00,26.010000228881836,26.020000457763672,26.0,26.020000457763672,8658,0.0,0.0,0.0
2024-03-22 11:30:00-04:00,26.010000228881836,26.010000228881836,25.989999771118164,26.0,1196,0.0,0.0,0.0
2024-03-22 12:30:00-04:00,25.979999542236328,26.0,25.969999313354492,25.989099502563477,3575,0.0,0.0,0.0
2024-03-22 13:30:00-04:00,25.979999542236328,25.989999771118164,25.979999542236328,25.989999771118164,6018,0.0,0.0,0.0
2024-03-22 14:30:00-04:00,25.975000381469727,25.975000381469727,25.94499969482422,25.94499969482422,1386,0.0,0.0,0.0
2024-03-22 15:30:00-04:00,25.954999923706055,25.969900131225586,25.950000762939453,25.957300186157227,9951,0.0,0.0,0.0
2024-03-25 09:30:00-04:00,25.979999542236328,26.065000534057617,25.959999084472656,26.065000534057617,0,0.0,0.0,0.0
2024-03-25 10:30:00-04:00,26.050199508666992,26.067800521850586,26.040000915527344,26.049999237060547,7786,0.0,0.0,0.0
2024-03-25 11:30:00-04:00,26.05500030517578,26.05500030517578,26.015499114990234,26.03019905090332,6400,0.0,0.0,0.0
2024-03-25 12:30:00-04:00,26.014999389648438,26.014999389648438,26.0,26.0,1282,0.0,0.0,0.0
2024-03-25 13:30:00-04:00,25.994600296020508,26.0049991607666,25.989999771118164,26.000099182128906,4887,0.0,0.0,0.0
2024-03-25 14:30:00-04:00,26.0,26.0,25.97010040283203,25.97010040283203,4663,0.0,0.0,0.0
2024-03-25 15:30:00-04:00,25.979999542236328,25.979999542236328,25.940000534057617,25.959999084472656,0,0.0,0.0,0.0
2024-03-26 09:30:00-04:00,26.0,26.03499984741211,26.0,26.020000457763672,7728,0.0,0.0,0.0
2024-03-26 10:30:00-04:00,26.0,26.03860092163086,25.97909927368164,26.0,7417,0.0,0.0,0.0
2024-03-26 11:30:00-04:00,25.975000381469727,26.030000686645508,25.975000381469727,26.030000686645508,1990,0.0,0.0,0.0
2024-03-26 12:30:00-04:00,26.049999237060547,26.049999237060547,26.020000457763672,26.020000457763672,2383,0.0,0.0,0.0
2024-03-26 13:30:00-04:00,26.020000457763672,26.025100708007812,26.014999389648438,26.024999618530273,4394,0.0,0.0,0.0
2024-03-26 14:30:00-04:00,26.024999618530273,26.024999618530273,26.010000228881836,26.010000228881836,2863,0.0,0.0,0.0
2024-03-26 15:30:00-04:00,26.0,26.0,25.940000534057617,25.959999084472656,5530,0.0,0.0,0.0
2024-03-27 09:30:00-04:00,25.899999618530273,26.010000228881836,25.899999618530273,26.010000228881836,0,0.0,0.0,0.0
2024-03-27 10:30:00-04:00,26.020000457763672,26.040000915527344,26.010099411010742,26.040000915527344,2259,0.0,0.0,0.0
2024-03-27 11:30:00-04:00,26.039100646972656,26.040000915527344,26.0,26.010000228881836,8791,0.0,0.0,0.0
2024-03-27 12:30:00-04:00,26.020000457763672,26.03030014038086,26.010000228881836,26.030000686645508,21355,0.0,0.0,0.0
2024-03-27 13:30:00-04:00,26.030000686645508,26.049999237060547,26.020000457763672,26.049999237060547,2791,0.0,0.0,0.0
2024-03-27 14:30:00-04:00,26.059999465942383,26.059999465942383,26.030000686645508,26.049999237060547,2842,0.0,0.0,0.0
2024-03-27 15:30:00-04:00,26.049999237060547,26.110000610351562,26.049999237060547,26.110000610351562,3940,0.0,0.0,0.0
2024-03-28 09:30:00-04:00,26.15999984741211,26.18000030517578,26.1299991607666,26.139999389648438,0,0.0,0.0,0.0
2024-03-28 10:30:00-04:00,26.13010025024414,26.184999465942383,26.13010025024414,26.170000076293945,6602,0.0,0.0,0.0
2024-03-28 11:30:00-04:00,26.125,26.145000457763672,26.125,26.140100479125977,3318,0.0,0.0,0.0
2024-03-28 12:30:00-04:00,26.139999389648438,26.161100387573242,26.135000228881836,26.149999618530273,23130,0.0,0.0,0.0
2024-03-28 13:30:00-04:00,26.15329933166504,26.165000915527344,26.15130043029785,26.15999984741211,4023,0.0,0.0,0.0
2024-03-28 14:30:00-04:00,26.149999618530273,26.167800903320312,26.139999389648438,26.149999618530273,1484,0.0,0.0,0.0
2024-03-28 15:30:00-04:00,26.15089988708496,26.15089988708496,26.1200008392334,26.1299991607666,5384,0.0,0.0,0.0
2024-04-01 09:30:00-04:00,26.149999618530273,26.190000534057617,26.059999465942383,26.06290054321289,51551,0.0,0.0,0.0
2024-04-01 10:30:00-04:00,26.06999969482422,26.06999969482422,26.0,26.014999389648438,21111,0.0,0.0,0.0
2024-04-01 11:30:00-04:00,26.020000457763672,26.05500030517578,25.989999771118164,26.05500030517578,11350,0.0,0.0,0.0
2024-04-01 12:30:00-04:00,26.06999969482422,26.100000381469727,26.059999465942383,26.094999313354492,19375,0.0,0.0,0.0
2024-04-01 13:30:00-04:00,26.100000381469727,26.114999771118164,26.100000381469727,26.110000610351562,11527,0.0,0.0,0.0
2024-04-01 14:30:00-04:00,26.100000381469727,26.104999542236328,26.07990074157715,26.079999923706055,7522,0.0,0.0,0.0
2024-04-01 15:30:00-04:00,26.079999923706055,26.110000610351562,26.049999237060547,26.049999237060547,0,0.0,0.0,0.0
2024-04-02 09:30:00-04:00,25.969999313354492,25.969999313354492,25.889999389648438,25.954999923706055,52725,0.0,0.0,0.0
2024-04-02 10:30:00-04:00,25.940000534057617,25.949899673461914,25.899999618530273,25.93000030517578,2927,0.0,0.0,0.0
2024-04-02 11:30:00-04:00,25.940000534057617,25.940000534057617,25.890100479125977,25.905000686645508,11098,0.0,0.0,0.0
2024-04-02 12:30:00-04:00,25.934999465942383,25.935100555419922,25.899999618530273,25.915000915527344,6025,0.0,0.0,0.0
2024-04-02 13:30:00-04:00,25.90999984741211,25.940000534057617,25.90999984741211,25.940000534057617,2579,0.0,0.0,0.0
2024-04-02 14:30:00-04:00,25.93429946899414,25.940000534057617,25.920000076293945,25.940000534057617,7527,0.0,0.0,0.0
2024-04-02 15:30:00-04:00,25.94499969482422,25.959999084472656,25.940000534057617,25.959999084472656,4292,0.0,0.0,0.0
2024-04-03 09:30:00-04:00,25.829999923706055,25.979999542236328,25.829999923706055,25.979999542236328,0,0.0,0.0,0.0
2024-04-03 10:30:00-04:00,25.959999084472656,26.040000915527344,25.950000762939453,26.040000915527344,6037,0.0,0.0,0.0
2024-04-03 11:30:00-04:00,26.049999237060547,26.049999237060547,26.010000228881836,26.030000686645508,1559,0.0,0.0,0.0
2024-04-03 12:30:00-04:00,26.06999969482422,26.079999923706055,26.030000686645508,26.06999969482422,15621,0.0,0.0,0.0
2024-04-03 13:30:00-04:00,26.075000762939453,26.08970069885254,26.06999969482422,26.075000762939453,8894,0.0,0.0,0.0
2024-04-03 14:30:00-04:00,26.06999969482422,26.08839988708496,26.020000457763672,26.020000457763672,7302,0.0,0.0,0.0
2024-04-03 15:30:00-04:00,26.02079963684082,26.06570053100586,26.02079963684082,26.049999237060547,0,0.0,0.0,0.0
2024-04-04 09:30:00-04:00,26.290000915527344,26.299999237060547,26.2549991607666,26.270000457763672,7204,0.0,0.0,0.0
2024-04-04 10:30:00-04:00,26.27910041809082,26.280000686645508,26.2450008392334,26.25189971923828,14183,0.0,0.0,0.0
2024-04-04 11:30:00-04:00,26.274999618530273,26.280000686645508,26.250200271606445,26.2549991607666,4766,0.0,0.0,0.0
2024-04-04 12:30:00-04:00,26.25,26.260000228881836,26.229999542236328,26.239999771118164,6509,0.0,0.0,0.0
2024-04-04 13:30:00-04:00,26.219999313354492,26.229999542236328,26.09000015258789,26.09000015258789,16718,0.0,0.0,0.0
2024-04-04 14:30:00-04:00,26.06999969482422,26.06999969482422,25.920000076293945,25.93000030517578,13119,0.0,0.0,0.0
2024-04-04 15:30:00-04:00,25.940000534057617,25.950000762939453,25.889999389648438,25.940000534057617,7722,0.0,0.0,0.0
2024-04-05 09:30:00-04:00,25.889999389648438,25.899999618530273,25.81999969482422,25.8700008392334,0,0.0,0.0,0.0
2024-04-05 10:30:00-04:00,25.91939926147461,25.950000762939453,25.899999618530273,25.940000534057617,10388,0.0,0.0,0.0
2024-04-05 11:30:00-04:00,25.94499969482422,26.03499984741211,25.94499969482422,26.03499984741211,156933,0.0,0.0,0.0
2024-04-05 12:30:00-04:00,26.020000457763672,26.040000915527344,26.020000457763672,26.030000686645508,3446,0.0,0.0,0.0
2024-04-05 13:30:00-04:00,26.03499984741211,26.049999237060547,25.969999313354492,26.014999389648438,8786,0.0,0.0,0.0
2024-04-05 14:30:00-04:00,26.010000228881836,26.010000228881836,25.989999771118164,26.000099182128906,8901,0.0,0.0,0.0
2024-04-05 15:30:00-04:00,26.010900497436523,26.040000915527344,26.010000228881836,26.020000457763672,6403,0.0,0.0,0.0
2024-04-08 09:30:00-04:00,26.170000076293945,26.170000076293945,26.04210090637207,26.09000015258789,0,0.0,0.0,0.0
2024-04-08 10:30:00-04:00,26.079999923706055,26.1200008392334,26.079999923706055,26.1200008392334,13826,0.0,0.0,0.0
2024-04-08 11:30:00-04:00,26.139999389648438,26.15999984741211,26.100000381469727,26.110000610351562,1686883,0.0,0.0,0.0
2024-04-08 12:30:00-04:00,26.110000610351562,26.15999984741211,26.110000610351562,26.139999389648438,6364,0.0,0.0,0.0
2024-04-08 13:30:00-04:00,26.15999984741211,26.170000076293945,26.15999984741211,26.170000076293945,2608,0.0,0.0,0.0
2024-04-08 14:30:00-04:00,26.150100708007812,26.170000076293945,26.145000457763672,26.15999984741211,39943,0.0,0.0,0.0
2024-04-08 15:30:00-04:00,26.170000076293945,26.18000030517578,26.1200008392334,26.1200008392334,41578,0.0,0.0,0.0
2024-04-09 09:30:00-04:00,26.25,26.299999237060547,26.190000534057617,26.235000610351562,0,0.0,0.0,0.0
2024-04-09 10:30:00-04:00,26.200000762939453,26.200000762939453,26.079999923706055,26.110000610351562,230515,0.0,0.0,0.0
2024-04-09 11:30:00-04:00,26.110000610351562,26.15999984741211,26.110000610351562,26.139999389648438,35543,0.0,0.0,0.0
2024-04-09 12:30:00-04:00,26.149999618530273,26.15999984741211,26.1299991607666,26.135000228881836,15141,0.0,0.0,0.0
2024-04-09 13:30:00-04:00,26.139999389648438,26.15999984741211,26.123300552368164,26.139999389648438,622454,0.0,0.0,0.0
2024-04-09 14:30:00-04:00,26.1299991607666,26.18000030517578,26.100000381469727,26.18000030517578,242541,0.0,0.0,0.0
2024-04-09 15:30:00-04:00,26.18000030517578,26.190000534057617,26.15999984741211,26.18000030517578,3015,0.0,0.0,0.0
2024-04-10 09:30:00-04:00,25.969999313354492,26.010000228881836,25.84000015258789,26.010000228881836,0,0.0,0.0,0.0
2024-04-10 10:30:00-04:00,25.989999771118164,26.06999969482422,25.959999084472656,25.969999313354492,15856,0.0,0.0,0.0
2024-04-10 11:30:00-04:00,25.950000762939453,25.959999084472656,25.899999618530273,25.905000686645508,6816,0.0,0.0,0.0
2024-04-10 12:30:00-04:00,25.895000457763672,25.989999771118164,25.860000610351562,25.950000762939453,18166,0.0,0.0,0.0
2024-04-10 13:30:00-04:00,25.940000534057617,25.989999771118164,25.889999389648438,25.940000534057617,14237,0.0,0.0,0.0
2024-04-10 14:30:00-04:00,25.911399841308594,25.979999542236328,25.899900436401367,25.979999542236328,158677,0.0,0.0,0.0
2024-04-10 15:30:00-04:00,25.950000762939453,26.0,25.950000762939453,25.979999542236328,4232,0.0,0.0,0.0
2024-04-11 09:30:00-04:00,25.979999542236328,26.030000686645508,25.739999771118164,25.739999771118164,0,0.0,0.0,0.0
2024-04-11 10:30:00-04:00,25.739999771118164,25.81999969482422,25.729999542236328,25.809999465942383,10401,0.0,0.0,0.0
2024-04-11 11:30:00-04:00,25.80500030517578,25.8799991607666,25.80500030517578,25.8700008392334,10439,0.0,0.0,0.0
2024-04-11 12:30:00-04:00,25.860000610351562,25.950000762939453,25.844999313354492,25.950000762939453,13990,0.0,0.0,0.0
2024-04-11 13:30:00-04:00,25.950000762939453,26.010000228881836,25.940000534057617,26.0,6769,0.0,0.0,0.0
2024-04-11 14:30:00-04:00,26.010000228881836,26.014999389648438,25.989999771118164,26.010000228881836,51084,0.0,0.0,0.0
2024-04-11 15:30:00-04:00,25.9950008392334,26.0,25.969999313354492,25.969999313354492,2847,0.0,0.0,0.0
2024-04-12 09:30:00-04:00,25.979999542236328,26.059999465942383,25.90999984741211,25.969999313354492,0,0.0,0.0,0.0
2024-04-12 10:30:00-04:00,25.950000762939453,25.959999084472656,25.860000610351562,25.90999984741211,15714,0.0,0.0,0.0
2024-04-12 11:30:00-04:00,25.920000076293945,25.93000030517578,25.850000381469727,25.850000381469727,9416,0.0,0.0,0.0
2024-04-12 12:30:00-04:00,25.829999923706055,25.829999923706055,25.75,25.7549991607666,9103,0.0,0.0,0.0
2024-04-12 13:30:00-04:00,25.75,25.805099487304688,25.735000610351562,25.760000228881836,17226,0.0,0.0,0.0
2024-04-12 14:30:00-04:00,25.75,25.75,25.68000030517578,25.68000030517578,43975,0.0,0.0,0.0
2024-04-12 15:30:00-04:00,25.68000030517578,25.719999313354492,25.68000030517578,25.709999084472656,18218,0.0,0.0,0.0
2024-04-15 09:30:00-04:00,25.959999084472656,26.0,25.8700008392334,25.8799991607666,0,0.0,0.0,0.0
2024-04-15 10:30:00-04:00,25.889999389648438,25.889999389648438,25.780000686645508,25.809999465942383,8710,0.0,0.0,0.0
2024-04-15 11:30:00-04:00,25.809999465942383,25.854999542236328,25.771099090576172,25.771099090576172,8096,0.0,0.0,0.0
2024-04-15 12:30:00-04:00,25.764999389648438,25.774999618530273,25.670000076293945,25.670000076293945,3784,0.0,0.0,0.0
2024-04-15 13:30:00-04:00,25.649999618530273,25.65999984741211,25.6200008392334,25.6200008392334,8592,0.0,0.0,0.0
2024-04-15 14:30:00-04:00,25.6200008392334,25.649999618530273,25.56999969482422,25.59000015258789,10648,0.0,0.0,0.0
2024-04-15 15:30:00-04:00,25.59000015258789,25.639999389648438,25.59000015258789,25.6299991607666,7306,0.0,0.0,0.0
2024-04-16 09:30:00-04:00,25.3799991607666,25.389999389648438,25.280000686645508,25.31999969482422,0,0.0,0.0,0.0
2024-04-16 10:30:00-04:00,25.280799865722656,25.33970069885254,25.280799865722656,25.299999237060547,9206,0.0,0.0,0.0
2024-04-16 11:30:00-04:00,25.28529930114746,25.355499267578125,25.28529930114746,25.329999923706055,8921,0.0,0.0,0.0
2024-04-16 12:30:00-04:00,25.34000015258789,25.350000381469727,25.31999969482422,25.329999923706055,8019,0.0,0.0,0.0
2024-04-16 13:30:00-04:00,25.299999237060547,25.424999237060547,25.239999771118164,25.309999465942383,14807,0.0,0.0,0.0
2024-04-16 14:30:00-04:00,25.31999969482422,25.399999618530273,25.31999969482422,25.389999389648438,16756,0.0,0.0,0.0
2024-04-16 15:30:00-04:00,25.3700008392334,25.3700008392334,25.290000915527344,25.309999465942383,23787,0.0,0.0,0.0
2024-04-17 09:30:00-04:00,25.59000015258789,25.59510040283203,25.450000762939453,25.459999084472656,11260,0.0,0.0,0.0
2024-04-17 10:30:00-04:00,25.479999542236328,25.5,25.43000030517578,25.450000762939453,5247,0.0,0.0,0.0
2024-04-17 11:30:00-04:00,25.43000030517578,25.459999084472656,25.3700008392334,25.40999984741211,19699,0.0,0.0,0.0
2024-04-17 12:30:00-04:00,25.399999618530273,25.454999923706055,25.364999771118164,25.454999923706055,61076,0.0,0.0,0.0
2024-04-17 13:30:00-04:00,25.454999923706055,25.523099899291992,25.45050048828125,25.510000228881836,16257,0.0,0.0,0.0
2024-04-17 14:30:00-04:00,25.507200241088867,25.56999969482422,25.440000534057617,25.479999542236328,9680,0.0,0.0,0.0
2024-04-17 15:30:00-04:00,25.469999313354492,25.489999771118164,25.450000762939453,25.489999771118164,2121,0.0,0.0,0.0
2024-04-18 09:30:00-04:00,25.459999084472656,25.510000228881836,25.399999618530273,25.485000610351562,0,0.0,0.0,0.0
2024-04-18 10:30:00-04:00,25.489999771118164,25.549999237060547,25.489999771118164,25.549999237060547,8132,0.0,0.0,0.0
2024-04-18 11:30:00-04:00,25.530000686645508,25.559999465942383,25.5,25.519899368286133,5272,0.0,0.0,0.0
2024-04-18 12:30:00-04:00,25.520000457763672,25.520000457763672,25.3799991607666,25.40999984741211,8775,0.0,0.0,0.0
2024-04-18 13:30:00-04:00,25.424999237060547,25.43000030517578,25.375,25.41119956970215,36634,0.0,0.0,0.0
2024-04-18 14:30:00-04:00,25.3799991607666,25.420000076293945,25.3700008392334,25.399999618530273,3534,0.0,0.0,0.0
2024-04-18 15:30:00-04:00,25.450000762939453,25.450000762939453,25.405000686645508,25.440000534057617,4456,0.0,0.0,0.0
2024-04-19 09:30:00-04:00,25.3799991607666,25.5049991607666,25.3799991607666,25.5049991607666,0,0.0,0.0,0.0
2024-04-19 10:30:00-04:00,25.519899368286133,25.52989959716797,25.479999542236328,25.484699249267578,9901,0.0,0.0,0.0
2024-04-19 11:30:00-04:00,25.479999542236328,25.5,25.405000686645508,25.40999984741211,7630,0.0,0.0,0.0
2024-04-19 12:30:00-04:00,25.420000076293945,25.489999771118164,25.420000076293945,25.489999771118164,1577,0.0,0.0,0.0
2024-04-19 13:30:00-04:00,25.485000610351562,25.5,25.469999313354492,25.469999313354492,5114,0.0,0.0,0.0
2024-04-19 14:30:00-04:00,25.459999084472656,25.489999771118164,25.43000030517578,25.489999771118164,15863,0.0,0.0,0.0
2024-04-19 15:30:00-04:00,25.475000381469727,25.530000686645508,25.475000381469727,25.5049991607666,3164,0.0,0.0,0.0
2024-04-22 09:30:00-04:00,25.670000076293945,25.709999084472656,25.6299991607666,25.690000534057617,0,0.0,0.0,0.0
2024-04-22 10:30:00-04:00,25.700000762939453,25.75,25.700000762939453,25.709999084472656,6456,0.0,0.0,0.0
2024-04-22 11:30:00-04:00,25.739999771118164,25.770000457763672,25.719999313354492,25.76020050048828,15473,0.0,0.0,0.0
2024-04-22 12:30:00-04:00,25.769899368286133,25.829999923706055,25.750099182128906,25.829999923706055,3745,0.0,0.0,0.0
2024-04-22 13:30:00-04:00,25.84000015258789,25.899999618530273,25.83009910583496,25.899999618530273,4581,0.0,0.0,0.0
2024-04-22 14:30:00-04:00,25.9197998046875,25.9197998046875,25.829999923706055,25.844999313354492,11248,0.0,0.0,0.0
2024-04-22 15:30:00-04:00,25.81999969482422,25.84000015258789,25.81999969482422,25.81999969482422,5736,0.0,0.0,0.0
2024-04-23 09:30:00-04:00,25.850000381469727,25.989999771118164,25.850000381469727,25.988300323486328,0,0.0,0.0,0.0
2024-04-23 10:30:00-04:00,26.0,26.010000228881836,25.959999084472656,25.99959945678711,9401,0.0,0.0,0.0
2024-04-23 11:30:00-04:00,25.9950008392334,26.030000686645508,25.969999313354492,26.030000686645508,1782,0.0,0.0,0.0
2024-04-23 12:30:00-04:00,26.040000915527344,26.089000701904297,26.040000915527344,26.084999084472656,4201,0.0,0.0,0.0
2024-04-23 13:30:00-04:00,26.084999084472656,26.110000610351562,26.084999084472656,26.104999542236328,9126,0.0,0.0,0.0
2024-04-23 14:30:00-04:00,26.110000610351562,26.1200008392334,26.09000015258789,26.103599548339844,10414,0.0,0.0,0.0
2024-04-23 15:30:00-04:00,26.100000381469727,26.108999252319336,26.06999969482422,26.06999969482422,4790,0.0,0.0,0.0
2024-04-24 09:30:00-04:00,26.09000015258789,26.09000015258789,26.0,26.018299102783203,0,0.0,0.0,0.0
2024-04-24 10:30:00-04:00,26.008399963378906,26.01799964904785,25.940000534057617,25.950000762939453,8497,0.0,0.0,0.0
2024-04-24 11:30:00-04:00,25.959999084472656,25.969999313354492,25.920000076293945,25.959999084472656,6236,0.0,0.0,0.0
2024-04-24 12:30:00-04:00,25.959999084472656,25.979999542236328,25.953399658203125,25.97010040283203,1080,0.0,0.0,0.0
2024-04-24 13:30:00-04:00,26.010000228881836,26.030000686645508,25.994699478149414,26.0,4139,0.0,0.0,0.0
2024-04-24 14:30:00-04:00,26.000099182128906,26.049999237060547,25.983299255371094,26.040000915527344,2736,0.0,0.0,0.0
2024-04-24 15:30:00-04:00,26.040199279785156,26.049999237060547,26.03499984741211,26.03860092163086,0,0.0,0.0,0.0
2024-04-25 09:30:00-04:00,26.030000686645508,26.170000076293945,26.020000457763672,26.170000076293945,14242,0.0,0.0,0.0
2024-04-25 10:30:00-04:00,26.170000076293945,26.209999084472656,26.1299991607666,26.209999084472656,3484,0.0,0.0,0.0
2024-04-25 11:30:00-04:00,26.200000762939453,26.229999542236328,26.200000762939453,26.225000381469727,9977,0.0,0.0,0.0
2024-04-25 12:30:00-04:00,26.220800399780273,26.261199951171875,26.209999084472656,26.209999084472656,274332,0.0,0.0,0.0
2024-04-25 13:30:00-04:00,26.25,26.309999465942383,26.239999771118164,26.280000686645508,349838,0.0,0.0,0.0
2024-04-25 14:30:00-04:00,26.270000457763672,26.335599899291992,26.260000228881836,26.31999969482422,221315,0.0,0.0,0.0
2024-04-25 15:30:00-04:00,26.31999969482422,26.31999969482422,26.280000686645508,26.280000686645508,3478,0.0,0.0,0.0
2024-04-26 09:30:00-04:00,26.420000076293945,26.459999084472656,26.3799991607666,26.43000030517578,0,0.0,0.0,0.0
2024-04-26 10:30:00-04:00,26.424999237060547,26.424999237060547,26.34000015258789,26.346099853515625,4761,0.0,0.0,0.0
2024-04-26 11:30:00-04:00,26.38129997253418,26.454999923706055,26.38129997253418,26.454999923706055,5303,0.0,0.0,0.0
2024-04-26 12:30:00-04:00,26.459999084472656,26.479999542236328,26.4552001953125,26.469999313354492,8395,0.0,0.0,0.0
2024-04-26 13:30:00-04:00,26.46500015258789,26.5049991607666,26.46500015258789,26.5049991607666,3963,0.0,0.0,0.0
2024-04-26 14:30:00-04:00,26.485000610351562,26.514999389648438,26.485000610351562,26.489999771118164,4344,0.0,0.0,0.0
2024-04-26 15:30:00-04:00,26.4950008392334,26.4950008392334,26.46500015258789,26.469999313354492,11067,0.0,0.0,0.0
2024-04-29 09:30:00-04:00,26.520000457763672,26.579999923706055,26.520000457763672,26.575000762939453,0,0.0,0.0,0.0
2024-04-29 10:30:00-04:00,26.560100555419922,26.610000610351562,26.559999465942383,26.57990074157715,2803,0.0,0.0,0.0
2024-04-29 11:30:00-04:00,26.585899353027344,26.639999389648438,26.552000045776367,26.639999389648438,5692,0.0,0.0,0.0
2024-04-29 12:30:00-04:00,26.639999389648438,26.649999618530273,26.610000610351562,26.6299991607666,6162,0.0,0.0,0.0
2024-04-29 13:30:00-04:00,26.6299991607666,26.6299991607666,26.600000381469727,26.610000610351562,6027,0.0,0.0,0.0
2024-04-29 14:30:00-04:00,26.59000015258789,26.600000381469727,26.530000686645508,26.577999114990234,9809,0.0,0.0,0.0
2024-04-29 15:30:00-04:00,26.571800231933594,26.600000381469727,26.56999969482422,26.600000381469727,5133,0.0,0.0,0.0
2024-04-30 09:30:00-04:00,26.59000015258789,26.639999389648438,26.56999969482422,26.6200008392334,3485,0.0,0.0,0.0
2024-04-30 10:30:00-04:00,26.581100463867188,26.59000015258789,26.479999542236328,26.5,5915,0.0,0.0,0.0
2024-04-30 11:30:00-04:00,26.5,26.5,26.465099334716797,26.475000381469727,4100,0.0,0.0,0.0
2024-04-30 12:30:00-04:00,26.450000762939453,26.459999084472656,26.40999984741211,26.459999084472656,13985,0.0,0.0,0.0
2024-04-30 13:30:00-04:00,26.459999084472656,26.4950008392334,26.450000762939453,26.469999313354492,4762,0.0,0.0,0.0
2024-04-30 14:30:00-04:00,26.479999542236328,26.489999771118164,26.440000534057617,26.450000762939453,8622,0.0,0.0,0.0
2024-04-30 15:30:00-04:00,26.454999923706055,26.454999923706055,26.395000457763672,26.420000076293945,4204,0.0,0.0,0.0
2024-05-01 09:30:00-04:00,26.3799991607666,26.3799991607666,26.350000381469727,26.371700286865234,0,0.0,0.0,0.0
2024-05-01 10:30:00-04:00,26.350000381469727,26.360000610351562,26.31999969482422,26.350000381469727,4138,0.0,0.0,0.0
2024-05-01 11:30:00-04:00,26.360000610351562,26.360000610351562,26.31999969482422,26.325000762939453,6906,0.0,0.0,0.0
2024-05-01 12:30:00-04:00,26.329999923706055,26.329999923706055,26.290000915527344,26.309999465942383,6532,0.0,0.0,0.0
2024-05-01 13:30:00-04:00,26.299999237060547,26.3799991607666,26.299999237060547,26.3700008392334,12206,0.0,0.0,0.0
2024-05-01 14:30:00-04:00,26.28499984741211,26.56999969482422,26.28499984741211,26.460100173950195,17390,0.0,0.0,0.0
2024-05-01 15:30:00-04:00,26.450000762939453,26.459999084472656,26.309999465942383,26.309999465942383,40157,0.0,0.0,0.0
2024-05-02 09:30:00-04:00,26.510000228881836,26.56999969482422,26.450000762939453,26.479999542236328,4829,0.0,0.0,0.0
2024-05-02 10:30:00-04:00,26.51889991760254,26.559999465942383,26.5,26.559999465942383,6926,0.0,0.0,0.0
2024-05-02 11:30:00-04:00,26.549999237060547,26.575000762939453,26.530000686645508,26.559999465942383,27816,0.0,0.0,0.0
2024-05-02 12:30:00-04:00,26.55500030517578,26.635000228881836,26.540000915527344,26.6299991607666,15409,0.0,0.0,0.0
2024-05-02 13:30:00-04:00,26.639999389648438,26.670000076293945,26.625,26.65999984741211,12597,0.0,0.0,0.0
2024-05-02 14:30:00-04:00,26.65999984741211,26.697099685668945,26.65999984741211,26.690000534057617,14951,0.0,0.0,0.0
2024-05-02 15:30:00-04:00,26.670000076293945,26.674999237060547,26.6299991607666,26.649999618530273,10010,0.0,0.0,0.0
2024-05-03 09:30:00-04:00,26.93000030517578,26.93000030517578,26.73900032043457,26.73900032043457,0,0.0,0.0,0.0
2024-05-03 10:30:00-04:00,26.770000457763672,26.790000915527344,26.719999313354492,26.770000457763672,6896,0.0,0.0,0.0
2024-05-03 11:30:00-04:00,26.809999465942383,26.850000381469727,26.799999237060547,26.850000381469727,0,0.0,0.0,0.0
2024-05-03 12:30:00-04:00,26.850000381469727,26.860000610351562,26.825000762939453,26.834999084472656,32907,0.0,0.0,0.0
2024-05-03 13:30:00-04:00,26.84000015258789,26.8700008392334,26.84000015258789,26.8700008392334,2845,0.0,0.0,0.0
2024-05-03 14:30:00-04:00,26.864999771118164,26.8700008392334,26.84000015258789,26.84000015258789,6087,0.0,0.0,0.0
2024-05-03 15:30:00-04:00,26.853700637817383,26.8700008392334,26.84000015258789,26.84000015258789,4192,0.0,0.0,0.0
2024-05-06 09:30:00-04:00,26.969999313354492,27.040000915527344,26.920000076293945,26.989999771118164,0,0.0,0.0,0.0
2024-05-06 10:30:00-04:00,26.999900817871094,27.0,26.969999313354492,26.979999542236328,11002,0.0,0.0,0.0
2024-05-06 11:30:00-04:00,26.969999313354492,26.98110008239746,26.969999313354492,26.9778995513916,2081,0.0,0.0,0.0
2024-05-06 12:30:00-04:00,26.970199584960938,27.0,26.970199584960938,26.980100631713867,3807,0.0,0.0,0.0
2024-05-06 13:30:00-04:00,26.989999771118164,27.030000686645508,26.980499267578125,27.030000686645508,7838,0.0,0.0,0.0
2024-05-06 14:30:00-04:00,27.030000686645508,27.030000686645508,27.000099182128906,27.000099182128906,25918,0.0,0.0,0.0
2024-05-06 15:30:00-04:00,27.0,27.024999618530273,27.0,27.010000228881836,25789,0.0,0.0,0.0
2024-05-07 09:30:00-04:00,27.209999084472656,27.209999084472656,27.1200008392334,27.1200008392334,790163,0.0,0.0,0.0
2024-05-07 10:30:00-04:00,27.135000228881836,27.149999618530273,27.11009979248047,27.140100479125977,5468,0.0,0.0,0.0
2024-05-07 11:30:00-04:00,27.112600326538086,27.139999389648438,27.112600326538086,27.139999389648438,3456,0.0,0.0,0.0
2024-05-07 12:30:00-04:00,27.1299991607666,27.1299991607666,27.110000610351562,27.110000610351562,3022,0.0,0.0,0.0
2024-05-07 13:30:00-04:00,27.1299991607666,27.1299991607666,27.050100326538086,27.059999465942383,16229,0.0,0.0,0.0
2024-05-07 14:30:00-04:00,27.049999237060547,27.094999313354492,27.049999237060547,27.094999313354492,15091,0.0,0.0,0.0
2024-05-07 15:30:00-04:00,27.09000015258789,27.110000610351562,27.09000015258789,27.09000015258789,4457,0.0,0.0,0.0
2024-05-08 09:30:00-04:00,27.010000228881836,27.16900062561035,27.010000228881836,27.149999618530273,0,0.0,0.0,0.0
2024-05-08 10:30:00-04:00,27.159700393676758,27.159700393676758,27.09000015258789,27.1200008392334,6302,0.0,0.0,0.0
2024-05-08 11:30:00-04:00,27.139999389648438,27.15999984741211,27.1299991607666,27.135000228881836,5729,0.0,0.0,0.0
2024-05-08 12:30:00-04:00,27.135000228881836,27.149999618530273,27.125,27.139999389648438,4891,0.0,0.0,0.0
2024-05-08 13:30:00-04:00,27.139999389648438,27.155000686645508,27.139999389648438,27.149999618530273,7580,0.0,0.0,0.0
2024-05-08 14:30:00-04:00,27.149999618530273,27.167999267578125,27.149999618530273,27.149999618530273,4472,0.0,0.0,0.0
2024-05-08 15:30:00-04:00,27.15999984741211,27.170000076293945,27.145000457763672,27.149999618530273,5170,0.0,0.0,0.0
2024-05-09 09:30:00-04:00,27.229999542236328,27.300100326538086,27.209999084472656,27.290000915527344,0,0.0,0.0,0.0
2024-05-09 10:30:00-04:00,27.309999465942383,27.342599868774414,27.299999237060547,27.299999237060547,5178,0.0,0.0,0.0
2024-05-09 11:30:00-04:00,27.290000915527344,27.299999237060547,27.260000228881836,27.299999237060547,3968,0.0,0.0,0.0
2024-05-09 12:30:00-04:00,27.299999237060547,27.350000381469727,27.290000915527344,27.334999084472656,6813,0.0,0.0,0.0
2024-05-09 13:30:00-04:00,27.334999084472656,27.354700088500977,27.325000762939453,27.354700088500977,8379,0.0,0.0,0.0
2024-05-09 14:30:00-04:00,27.375,27.38990020751953,27.375,27.375,2875,0.0,0.0,0.0
2024-05-09 15:30:00-04:00,27.3799991607666,27.399999618530273,27.3700008392334,27.389999389648438,0,0.0,0.0,0.0
2024-05-10 09:30:00-04:00,27.549999237060547,27.549999237060547,27.459999084472656,27.459999084472656,23951,0.0,0.0,0.0
2024-05-10 10:30:00-04:00,27.469900131225586,27.496700286865234,27.45009994506836,27.4950008392334,14756,0.0,0.0,0.0
2024-05-10 11:30:00-04:00,27.5,27.5,27.475000381469727,27.489999771118164,7062,0.0,0.0,0.0
2024-05-10 12:30:00-04:00,27.479999542236328,27.489999771118164,27.454999923706055,27.459999084472656,6225,0.0,0.0,0.0
2024-05-10 13:30:00-04:00,27.459999084472656,27.469999313354492,27.454999923706055,27.459999084472656,6367,0.0,0.0,0.0
2024-05-10 14:30:00-04:00,27.450000762939453,27.47879981994629,27.440000534057617,27.47879981994629,7673,0.0,0.0,0.0
2024-05-10 15:30:00-04:00,27.478300094604492,27.479999542236328,27.459999084472656,27.459999084472656,6209,0.0,0.0,0.0
2024-05-13 09:30:00-04:00,27.5,27.549999237060547,27.489999771118164,27.510000228881836,0,0.0,0.0,0.0
2024-05-13 10:30:00-04:00,27.5,27.530000686645508,27.469999313354492,27.47010040283203,5425,0.0,0.0,0.0
2024-05-13 11:30:00-04:00,27.459999084472656,27.489999771118164,27.459999084472656,27.469999313354492,168726,0.0,0.0,0.0
2024-05-13 12:30:00-04:00,27.479999542236328,27.487499237060547,27.440000534057617,27.450000762939453,12254,0.0,0.0,0.0
2024-05-13 13:30:00-04:00,27.440000534057617,27.450000762939453,27.440000534057617,27.44499969482422,5399,0.0,0.0,0.0
2024-05-13 14:30:00-04:00,27.450000762939453,27.45599937438965,27.43000030517578,27.43199920654297,6649,0.0,0.0,0.0
2024-05-13 15:30:00-04:00,27.450000762939453,27.450000762939453,27.43000030517578,27.448999404907227,5048,0.0,0.0,0.0
2024-05-14 09:30:00-04:00,27.59000015258789,27.618099212646484,27.530000686645508,27.56999969482422,0,0.0,0.0,0.0
2024-05-14 10:30:00-04:00,27.555099487304688,27.600000381469727,27.540000915527344,27.600000381469727,25348,0.0,0.0,0.0
2024-05-14 11:30:00-04:00,27.56999969482422,27.600000381469727,27.559999465942383,27.56999969482422,19357,0.0,0.0,0.0
2024-05-14 12:30:00-04:00,27.559999465942383,27.579999923706055,27.549999237060547,27.55500030517578,17736,0.0,0.0,0.0
2024-05-14 13:30:00-04:00,27.578500747680664,27.6200008392334,27.55500030517578,27.610000610351562,36055,0.0,0.0,0.0
2024-05-14 14:30:00-04:00,27.6299991607666,27.645099639892578,27.6200008392334,27.6299991607666,13202,0.0,0.0,0.0
2024-05-14 15:30:00-04:00,27.6299991607666,27.65999984741211,27.6299991607666,27.6299991607666,0,0.0,0.0,0.0
2024-05-15 09:30:00-04:00,27.739999771118164,27.790000915527344,27.690000534057617,27.719999313354492,7505,0.0,0.0,0.0
2024-05-15 10:30:00-04:00,27.700000762939453,27.818599700927734,27.700000762939453,27.818599700927734,8772,0.0,0.0,0.0
2024-05-15 11:30:00-04:00,27.81999969482422,27.829999923706055,27.780000686645508,27.829999923706055,47399,0.0,0.0,0.0
2024-05-15 12:30:00-04:00,27.84000015258789,27.860000610351562,27.83970069885254,27.844999313354492,4571,0.0,0.0,0.0
2024-05-15 13:30:00-04:00,27.856399536132812,27.8700008392334,27.84000015258789,27.84000015258789,11395,0.0,0.0,0.0
2024-05-15 14:30:00-04:00,27.819900512695312,27.834999084472656,27.809999465942383,27.825000762939453,4840,0.0,0.0,0.0
2024-05-15 15:30:00-04:00,27.829999923706055,27.860000610351562,27.829999923706055,27.84000015258789,0,0.0,0.0,0.0
2024-05-16 09:30:00-04:00,27.860000610351562,27.90999984741211,27.829999923706055,27.860000610351562,14909,0.0,0.0,0.0
2024-05-16 10:30:00-04:00,27.889999389648438,27.889999389648438,27.815000534057617,27.81999969482422,9924,0.0,0.0,0.0
2024-05-16 11:30:00-04:00,27.829999923706055,27.889999389648438,27.829999923706055,27.889999389648438,8148,0.0,0.0,0.0
2024-05-16 12:30:00-04:00,27.8700008392334,27.875,27.833999633789062,27.833999633789062,5394,0.0,0.0,0.0
2024-05-16 13:30:00-04:00,27.841899871826172,27.857999801635742,27.825000762939453,27.825000762939453,4314,0.0,0.0,0.0
2024-05-16 14:30:00-04:00,27.834999084472656,27.84709930419922,27.834999084472656,27.844999313354492,3627,0.0,0.0,0.0
2024-05-16 15:30:00-04:00,27.834999084472656,27.84000015258789,27.815000534057617,27.815000534057617,3164,0.0,0.0,0.0
2024-05-17 09:30:00-04:00,27.760000228881836,27.84000015258789,27.75,27.84000015258789,0,0.0,0.0,0.0
2024-05-17 10:30:00-04:00,27.829999923706055,27.8700008392334,27.829999923706055,27.850000381469727,7967,0.0,0.0,0.0
2024-05-17 11:30:00-04:00,27.83989906311035,27.864999771118164,27.829200744628906,27.850000381469727,6316,0.0,0.0,0.0
2024-05-17 12:30:00-04:00,27.850000381469727,27.889999389648438,27.850000381469727,27.889999389648438,7674,0.0,0.0,0.0
2024-05-17 13:30:00-04:00,27.889999389648438,27.889999389648438,27.85099983215332,27.859899520874023,6254,0.0,0.0,0.0
2024-05-17 14:30:00-04:00,27.8700008392334,27.899999618530273,27.8700008392334,27.895000457763672,4216,0.0,0.0,0.0
2024-05-17 15:30:00-04:00,27.895000457763672,27.899999618530273,27.885000228881836,27.899999618530273,3492,0.0,0.0,0.0
2024-05-20 09:30:00-04:00,27.889999389648438,27.90999984741211,27.834999084472656,27.895000457763672,7560,0.0,0.0,0.0
2024-05-20 10:30:00-04:00,27.890100479125977,27.89889907836914,27.8799991607666,27.8799991607666,3582,0.0,0.0,0.0
2024-05-20 11:30:00-04:00,27.889999389648438,27.889999389648438,27.854999542236328,27.870100021362305,3635,0.0,0.0,0.0
2024-05-20 12:30:00-04:00,27.8799991607666,27.889999389648438,27.8700008392334,27.8700008392334,7084,0.0,0.0,0.0
2024-05-20 13:30:00-04:00,27.860000610351562,27.86989974975586,27.809999465942383,27.833099365234375,836,0.0,0.0,0.0
2024-05-20 14:30:00-04:00,27.838600158691406,27.844999313354492,27.799999237060547,27.799999237060547,5109,0.0,0.0,0.0
2024-05-20 15:30:00-04:00,27.799999237060547,27.809999465942383,27.790000915527344,27.799999237060547,0,0.0,0.0,0.0
2024-05-21 09:30:00-04:00,27.790000915527344,27.879899978637695,27.790000915527344,27.8700008392334,9845,0.0,0.0,0.0
2024-05-21 10:30:00-04:00,27.879899978637695,27.899700164794922,27.860000610351562,27.88960075378418,7193,0.0,0.0,0.0
2024-05-21 11:30:00-04:00,27.8700008392334,27.8799991607666,27.850000381469727,27.864999771118164,26636,0.0,0.0,0.0
2024-05-21 12:30:00-04:00,27.850000381469727,27.87030029296875,27.84000015258789,27.860000610351562,6846,0.0,0.0,0.0
2024-05-21 13:30:00-04:00,27.859899520874023,27.8799991607666,27.847200393676758,27.8700008392334,8965,0.0,0.0,0.0
2024-05-21 14:30:00-04:00,27.8799991607666,27.8799991607666,27.840099334716797,27.8799991607666,4514,0.0,0.0,0.0
2024-05-21 15:30:00-04:00,27.8799991607666,27.889999389648438,27.8700008392334,27.8799991607666,0,0.0,0.0,0.0
2024-05-22 09:30:00-04:00,27.760000228881836,27.78499984741211,27.670000076293945,27.670000076293945,10947,0.0,0.0,0.0
2024-05-22 10:30:00-04:00,27.68000030517578,27.729999542236328,27.655000686645508,27.729999542236328,4231,0.0,0.0,0.0
2024-05-22 11:30:00-04:00,27.729999542236328,27.75,27.719999313354492,27.719999313354492,1720,0.0,0.0,0.0
2024-05-22 12:30:00-04:00,27.739900588989258,27.780000686645508,27.730100631713867,27.760000228881836,17052,0.0,0.0,0.0
2024-05-22 13:30:00-04:00,27.729999542236328,27.729999542236328,27.600000381469727,27.608200073242188,7872,0.0,0.0,0.0
2024-05-22 14:30:00-04:00,27.600000381469727,27.639999389648438,27.56999969482422,27.6299991607666,9735,0.0,0.0,0.0
2024-05-22 15:30:00-04:00,27.649999618530273,27.709999084472656,27.649999618530273,27.709999084472656,0,0.0,0.0,0.0
2024-05-23 09:30:00-04:00,27.760000228881836,27.760000228881836,27.600000381469727,27.640100479125977,9938,0.0,0.0,0.0
2024-05-23 10:30:00-04:00,27.639999389648438,27.649999618530273,27.584999084472656,27.6382999420166,24065,0.0,0.0,0.0
2024-05-23 11:30:00-04:00,27.59000015258789,27.649999618530273,27.59000015258789,27.6299991607666,43076,0.0,0.0,0.0
2024-05-23 12:30:00-04:00,27.63559913635254,27.639999389648438,27.530000686645508,27.530000686645508,5157,0.0,0.0,0.0
2024-05-23 13:30:00-04:00,27.489999771118164,27.5,27.389999389648438,27.40999984741211,7458,0.0,0.0,0.0
2024-05-23 14:30:00-04:00,27.378299713134766,27.40999984741211,27.360000610351562,27.3799991607666,7556,0.0,0.0,0.0
2024-05-23 15:30:00-04:00,27.389999389648438,27.43000030517578,27.389999389648438,27.43000030517578,3110,0.0,0.0,0.0
2024-05-24 09:30:00-04:00,27.530000686645508,27.6299991607666,27.530000686645508,27.6299991607666,0,0.0,0.0,0.0
2024-05-24 10:30:00-04:00,27.625,27.670000076293945,27.600000381469727,27.65999984741211,2741,0.0,0.0,0.0
2024-05-24 11:30:00-04:00,27.639999389648438,27.66990089416504,27.595199584960938,27.65999984741211,9238,0.0,0.0,0.0
2024-05-24 12:30:00-04:00,27.649999618530273,27.65999984741211,27.6299991607666,27.6299991607666,10740,0.0,0.0,0.0
2024-05-24 13:30:00-04:00,27.6299991607666,27.65999984741211,27.6200008392334,27.6200008392334,7804,0.0,0.0,0.0
2024-05-24 14:30:00-04:00,27.6200008392334,27.633499145507812,27.584999084472656,27.604999542236328,19936,0.0,0.0,0.0
2024-05-24 15:30:00-04:00,27.610000610351562,27.6299991607666,27.600000381469727,27.6299991607666,6023,0.0,0.0,0.0
2024-05-28 09:30:00-04:00,27.639999389648438,27.639999389648438,27.450000762939453,27.475000381469727,103598,0.0,0.0,0.0
2024-05-28 10:30:00-04:00,27.459999084472656,27.50189971923828,27.434999465942383,27.5,229457,0.0,0.0,0.0
2024-05-28 11:30:00-04:00,27.520000457763672,27.530000686645508,27.510000228881836,27.520000457763672,5931,0.0,0.0,0.0
2024-05-28 12:30:00-04:00,27.514999389648438,27.520099639892578,27.473600387573242,27.473600387573242,2217,0.0,0.0,0.0
2024-05-28 13:30:00-04:00,27.479999542236328,27.479999542236328,27.420000076293945,27.43000030517578,8967,0.0,0.0,0.0
2024-05-28 14:30:00-04:00,27.389999389648438,27.440000534057617,27.389999389648438,27.43000030517578,4724,0.0,0.0,0.0
2024-05-28 15:30:00-04:00,27.440000534057617,27.489999771118164,27.4325008392334,27.489999771118164,3095,0.0,0.0,0.0
2024-05-29 09:30:00-04:00,27.18000030517578,27.25,27.139999389648438,27.15999984741211,18297,0.0,0.0,0.0
2024-05-29 10:30:00-04:00,27.165000915527344,27.179899215698242,27.070499420166016,27.070499420166016,29447,0.0,0.0,0.0
2024-05-29 11:30:00-04:00,27.105499267578125,27.124300003051758,27.084999084472656,27.123899459838867,3750,0.0,0.0,0.0
2024-05-29 12:30:00-04:00,27.1294002532959,27.1294002532959,27.100099563598633,27.110000610351562,1535,0.0,0.0,0.0
2024-05-29 13:30:00-04:00,27.100000381469727,27.116500854492188,27.100000381469727,27.100000381469727,2336,0.0,0.0,0.0
2024-05-29 14:30:00-04:00,27.05389976501465,27.099899291992188,27.05389976501465,27.09910011291504,5016,0.0,0.0,0.0
2024-05-29 15:30:00-04:00,27.100000381469727,27.100000381469727,27.049999237060547,27.09000015258789,0,0.0,0.0,0.0
2024-05-30 09:30:00-04:00,27.229999542236328,27.290000915527344,27.229999542236328,27.290000915527344,7158,0.0,0.0,0.0
2024-05-30 10:30:00-04:00,27.270000457763672,27.350000381469727,27.260000228881836,27.329999923706055,5556,0.0,0.0,0.0
2024-05-30 11:30:00-04:00,27.329999923706055,27.35409927368164,27.30500030517578,27.334999084472656,5410,0.0,0.0,0.0
2024-05-30 12:30:00-04:00,27.3435001373291,27.3700008392334,27.3435001373291,27.360000610351562,3922,0.0,0.0,0.0
2024-05-30 13:30:00-04:00,27.34600067138672,27.349899291992188,27.31999969482422,27.329999923706055,4848,0.0,0.0,0.0
2024-05-30 14:30:00-04:00,27.329999923706055,27.345500946044922,27.325000762939453,27.325000762939453,2607,0.0,0.0,0.0
2024-05-30 15:30:00-04:00,27.30270004272461,27.34000015258789,27.260000228881836,27.34000015258789,2009,0.0,0.0,0.0
2024-05-31 09:30:00-04:00,27.479999542236328,27.510000228881836,27.44499969482422,27.450000762939453,0,0.0,0.0,0.0
2024-05-31 10:30:00-04:00,27.459800720214844,27.459999084472656,27.40690040588379,27.43000030517578,10922,0.0,0.0,0.0
2024-05-31 11:30:00-04:00,27.40060043334961,27.42020034790039,27.399999618530273,27.399999618530273,1894,0.0,0.0,0.0
2024-05-31 12:30:00-04:00,27.40999984741211,27.454999923706055,27.402000427246094,27.440000534057617,1694,0.0,0.0,0.0
2024-05-31 13:30:00-04:00,27.475400924682617,27.499900817871094,27.472200393676758,27.479999542236328,4484,0.0,0.0,0.0
2024-05-31 14:30:00-04:00,27.46500015258789,27.520000457763672,27.46500015258789,27.489999771118164,1962,0.0,0.0,0.0
2024-05-31 15:30:00-04:00,27.489999771118164,27.584999084472656,27.47100067138672,27.579999923706055,4506,0.0,0.0,0.0
2024-06-03 09:30:00-04:00,27.600000381469727,27.634700775146484,27.55929946899414,27.634700775146484,8712,0.0,0.0,0.0
2024-06-03 10:30:00-04:00,27.520099639892578,27.55069923400879,27.520099639892578,27.534299850463867,1153,0.0,0.0,0.0
2024-06-03 11:30:00-04:00,27.55929946899414,27.55929946899414,27.450000762939453,27.459999084472656,8204,0.0,0.0,0.0
2024-06-03 12:30:00-04:00,27.440000534057617,27.479999542236328,27.415000915527344,27.479999542236328,8519,0.0,0.0,0.0
2024-06-03 13:30:00-04:00,27.479999542236328,27.520000457763672,27.450000762939453,27.510000228881836,28279,0.0,0.0,0.0
2024-06-03 14:30:00-04:00,27.510000228881836,27.559999465942383,27.5,27.530000686645508,13699,0.0,0.0,0.0
2024-06-03 15:30:00-04:00,27.520000457763672,27.540000915527344,27.514999389648438,27.530000686645508,6351,0.0,0.0,0.0
2024-06-04 09:30:00-04:00,27.389999389648438,27.420000076293945,27.364999771118164,27.399999618530273,0,0.0,0.0,0.0
2024-06-04 10:30:00-04:00,27.439899444580078,27.439899444580078,27.3700008392334,27.3700008392334,2489,0.0,0.0,0.0
2024-06-04 11:30:00-04:00,27.3799991607666,27.3799991607666,27.350000381469727,27.36009979248047,4863,0.0,0.0,0.0
2024-06-04 12:30:00-04:00,27.3700008392334,27.399999618530273,27.3700008392334,27.399999618530273,4827,0.0,0.0,0.0
2024-06-04 13:30:00-04:00,27.40999984741211,27.44770050048828,27.395000457763672,27.43199920654297,4648,0.0,0.0,0.0
2024-06-04 14:30:00-04:00,27.420000076293945,27.420000076293945,27.3799991607666,27.399999618530273,5585,0.0,0.0,0.0
2024-06-04 15:30:00-04:00,27.389999389648438,27.440000534057617,27.389999389648438,27.43000030517578,0,0.0,0.0,0.0
2024-06-05 09:30:00-04:00,27.540000915527344,27.540000915527344,27.389999389648438,27.420000076293945,21536,0.0,0.0,0.0
2024-06-05 10:30:00-04:00,27.43000030517578,27.457300186157227,27.393999099731445,27.399999618530273,8454,0.0,0.0,0.0
2024-06-05 11:30:00-04:00,27.420000076293945,27.43000030517578,27.3700008392334,27.389999389648438,16626,0.0,0.0,0.0
2024-06-05 12:30:00-04:00,27.41990089416504,27.440000534057617,27.389299392700195,27.40999984741211,3143,0.0,0.0,0.0
2024-06-05 13:30:00-04:00,27.40999984741211,27.459999084472656,27.40999984741211,27.450000762939453,11039,0.0,0.0,0.0
2024-06-05 14:30:00-04:00,27.479999542236328,27.549999237060547,27.459999084472656,27.479999542236328,8013,0.0,0.0,0.0
2024-06-05 15:30:00-04:00,27.479999542236328,27.530000686645508,27.450000762939453,27.510000228881836,5518,0.0,0.0,0.0
2024-06-06 09:30:00-04:00,27.540000915527344,27.579999923706055,27.50790023803711,27.50790023803711,0,0.0,0.0,0.0
2024-06-06 10:30:00-04:00,27.549999237060547,27.604999542236328,27.53499984741211,27.604999542236328,3777,0.0,0.0,0.0
2024-06-06 11:30:00-04:00,27.610000610351562,27.6299991607666,27.579999923706055,27.59000015258789,19635,0.0,0.0,0.0
2024-06-06 12:30:00-04:00,27.600000381469727,27.6299991607666,27.559999465942383,27.6299991607666,43284,0.0,0.0,0.0
2024-06-06 13:30:00-04:00,27.6200008392334,27.6299991607666,27.551700592041016,27.59000015258789,2783,0.0,0.0,0.0
2024-06-06 14:30:00-04:00,27.600000381469727,27.639999389648438,27.600000381469727,27.6200008392334,2715,0.0,0.0,0.0
2024-06-06 15:30:00-04:00,27.6200008392334,27.64940071105957,27.59000015258789,27.639999389648438,2552,0.0,0.0,0.0
2024-06-07 09:30:00-04:00,27.3700008392334,27.469900131225586,27.299999237060547,27.469900131225586,0,0.0,0.0,0.0
2024-06-07 10:30:00-04:00,27.43000030517578,27.450000762939453,27.3700008392334,27.389999389648438,18629,0.0,0.0,0.0
2024-06-07 11:30:00-04:00,27.3700008392334,27.389999389648438,27.280000686645508,27.349899291992188,7452,0.0,0.0,0.0
2024-06-07 12:30:00-04:00,27.33989906311035,27.33989906311035,27.30500030517578,27.30500030517578,2251,0.0,0.0,0.0
2024-06-07 13:30:00-04:00,27.31999969482422,27.326900482177734,27.246200561523438,27.269899368286133,1997,0.0,0.0,0.0
2024-06-07 14:30:00-04:00,27.31999969482422,27.31999969482422,27.270000457763672,27.270000457763672,2422,0.0,0.0,0.0
2024-06-07 15:30:00-04:00,27.27739906311035,27.280000686645508,27.25,27.25,3205,0.0,0.0,0.0
2024-06-10 09:30:00-04:00,27.190000534057617,27.23150062561035,27.149999618530273,27.225000381469727,0,0.0,0.0,0.0
2024-06-10 10:30:00-04:00,27.23539924621582,27.26569938659668,27.21500015258789,27.264999389648438,2991,0.0,0.0,0.0
2024-06-10 11:30:00-04:00,27.317100524902344,27.3533992767334,27.28019905090332,27.3533992767334,2145,0.0,0.0,0.0
2024-06-10 12:30:00-04:00,27.31999969482422,27.34000015258789,27.291200637817383,27.309999465942383,5358,0.0,0.0,0.0
2024-06-10 13:30:00-04:00,27.31999969482422,27.3799991607666,27.31999969482422,27.33810043334961,2587,0.0,0.0,0.0
2024-06-10 14:30:00-04:00,27.358299255371094,27.424400329589844,27.350000381469727,27.375,5986,0.0,0.0,0.0
2024-06-10 15:30:00-04:00,27.350000381469727,27.368000030517578,27.344999313354492,27.354999542236328,2012,0.0,0.0,0.0
2024-06-11 09:30:00-04:00,27.09000015258789,27.09000015258789,26.920000076293945,27.0,0,0.0,0.0,0.0
2024-06-11 10:30:00-04:00,27.049999237060547,27.049999237060547,27.0,27.020000457763672,6849,0.0,0.0,0.0
2024-06-11 11:30:00-04:00,27.030000686645508,27.030000686645508,26.960100173950195,26.960100173950195,2639,0.0,0.0,0.0
2024-06-11 12:30:00-04:00,26.9950008392334,27.05500030517578,26.9950008392334,27.020099639892578,731,0.0,0.0,0.0
2024-06-11 13:30:00-04:00,27.020000457763672,27.074499130249023,27.020000457763672,27.067100524902344,20332,0.0,0.0,0.0
2024-06-11 14:30:00-04:00,27.100000381469727,27.104999542236328,27.030099868774414,27.06999969482422,2296,0.0,0.0,0.0
2024-06-11 15:30:00-04:00,27.047500610351562,27.065000534057617,27.030000686645508,27.040000915527344,1455,0.0,0.0,0.0
2024-06-12 09:30:00-04:00,27.56999969482422,27.604400634765625,27.510000228881836,27.524999618530273,0,0.0,0.0,0.0
2024-06-12 10:30:00-04:00,27.588899612426758,27.588899612426758,27.510000228881836,27.530000686645508,3029,0.0,0.0,0.0
2024-06-12 11:30:00-04:00,27.519699096679688,27.581100463867188,27.489999771118164,27.549999237060547,2718,0.0,0.0,0.0
2024-06-12 12:30:00-04:00,27.549999237060547,27.549999237060547,27.549999237060547,27.549999237060547,865,0.0,0.0,0.0
2024-06-12 13:30:00-04:00,27.519699096679688,27.519699096679688,27.459999084472656,27.465099334716797,4538,0.0,0.0,0.0
2024-06-12 14:30:00-04:00,27.430099487304688,27.469999313354492,27.389999389648438,27.389999389648438,7415,0.0,0.0,0.0
2024-06-12 15:30:00-04:00,27.360000610351562,27.44499969482422,27.360000610351562,27.3700008392334,0,0.0,0.0,0.0
2024-06-13 09:30:00-04:00,27.270000457763672,27.290000915527344,27.139999389648438,27.139999389648438,9256,0.0,0.0,0.0
2024-06-13 10:30:00-04:00,27.1299991607666,27.15999984741211,27.114999771118164,27.1200008392334,4794,0.0,0.0,0.0
2024-06-13 11:30:00-04:00,27.135000228881836,27.15999984741211,27.109600067138672,27.110000610351562,4281,0.0,0.0,0.0
2024-06-13 12:30:00-04:00,27.110000610351562,27.170000076293945,27.110000610351562,27.145000457763672,5994,0.0,0.0,0.0
2024-06-13 13:30:00-04:00,27.15999984741211,27.200000762939453,27.149999618530273,27.18000030517578,3483,0.0,0.0,0.0
2024-06-13 14:30:00-04:00,27.20989990234375,27.20989990234375,27.165000915527344,27.204999923706055,2470,0.0,0.0,0.0
2024-06-13 15:30:00-04:00,27.18000030517578,27.184999465942383,27.18000030517578,27.184999465942383,543,0.0,0.0,0.0
2024-06-14 09:30:00-04:00,26.950000762939453,26.969999313354492,26.81999969482422,26.86009979248047,8530,0.0,0.0,0.0
2024-06-14 10:30:00-04:00,26.825000762939453,26.950000762939453,26.819599151611328,26.950000762939453,5599,0.0,0.0,0.0
2024-06-14 11:30:00-04:00,26.940000534057617,26.94890022277832,26.889999389648438,26.924999237060547,4552,0.0,0.0,0.0
2024-06-14 12:30:00-04:00,26.93000030517578,26.979999542236328,26.93000030517578,26.96969985961914,7941,0.0,0.0,0.0
2024-06-14 13:30:00-04:00,26.940000534057617,26.999900817871094,26.905000686645508,26.93000030517578,7108,0.0,0.0,0.0
2024-06-14 14:30:00-04:00,26.93000030517578,26.979999542236328,26.924999237060547,26.979999542236328,4855,0.0,0.0,0.0
2024-06-14 15:30:00-04:00,26.93000030517578,26.98509979248047,26.93000030517578,26.985000610351562,28472,0.0,0.0,0.0
2024-06-17 09:30:00-04:00,26.920000076293945,26.920000076293945,26.799999237060547,26.879100799560547,0,0.0,0.0,0.0
2024-06-17 10:30:00-04:00,26.829999923706055,26.940000534057617,26.829999923706055,26.940000534057617,13865,0.0,0.0,0.0
2024-06-17 11:30:00-04:00,26.924999237060547,27.0,26.895000457763672,26.950000762939453,1493,0.0,0.0,0.0
2024-06-17 12:30:00-04:00,26.989999771118164,26.989999771118164,26.989999771118164,26.989999771118164,435,0.0,0.0,0.0
2024-06-17 13:30:00-04:00,27.040000915527344,27.059900283813477,27.0,27.059900283813477,8606,0.0,0.0,0.0
2024-06-17 14:30:00-04:00,27.049999237060547,27.049999237060547,27.040000915527344,27.049999237060547,1505,0.0,0.0,0.0
2024-06-17 15:30:00-04:00,27.041000366210938,27.075000762939453,27.040000915527344,27.040000915527344,0,0.0,0.0,0.0
2024-06-18 09:30:00-04:00,27.059999465942383,27.15999984741211,27.059999465942383,27.1299991607666,5942,0.0,0.0,0.0
2024-06-18 10:30:00-04:00,27.179899215698242,27.181800842285156,27.079999923706055,27.09000015258789,4830,0.0,0.0,0.0
2024-06-18 11:30:00-04:00,27.060100555419922,27.12030029296875,27.060100555419922,27.104999542236328,1291,0.0,0.0,0.0
2024-06-18 12:30:00-04:00,27.110000610351562,27.16830062866211,27.09000015258789,27.094900131225586,9298,0.0,0.0,0.0
2024-06-18 13:30:00-04:00,27.114999771118164,27.1299991607666,27.079999923706055,27.1299991607666,3163,0.0,0.0,0.0
2024-06-18 14:30:00-04:00,27.116300582885742,27.149999618530273,27.06999969482422,27.06999969482422,8308,0.0,0.0,0.0
2024-06-18 15:30:00-04:00,27.104999542236328,27.10759925842285,27.079999923706055,27.079999923706055,2850,0.0,0.0,0.0
2024-06-20 09:30:00-04:00,27.219999313354492,27.289600372314453,27.209999084472656,27.270000457763672,0,0.0,0.0,0.0
2024-06-20 10:30:00-04:00,27.31439971923828,27.35099983215332,27.260099411010742,27.30500030517578,7357,0.0,0.0,0.0
2024-06-20 11:30:00-04:00,27.30500030517578,27.309499740600586,27.280000686645508,27.299699783325195,5120,0.0,0.0,0.0
2024-06-20 12:30:00-04:00,27.302000045776367,27.302000045776367,27.233999252319336,27.233999252319336,2608,0.0,0.0,0.0
2024-06-20 13:30:00-04:00,27.270000457763672,27.34000015258789,27.270000457763672,27.336599349975586,10521,0.0,0.0,0.0
2024-06-20 14:30:00-04:00,27.334999084472656,27.343700408935547,27.270000457763672,27.28499984741211,8228,0.0,0.0,0.0
2024-06-20 15:30:00-04:00,27.28499984741211,27.350000381469727,27.28499984741211,27.350000381469727,0,0.0,0.0,0.0
2024-06-21 09:30:00-04:00,26.469999313354492,26.530000686645508,26.408100128173828,26.52039909362793,61786,0.0,0.0,0.0
2024-06-21 10:30:00-04:00,26.558900833129883,26.559900283813477,26.488100051879883,26.488100051879883,5036,0.0,0.0,0.0
2024-06-21 11:30:00-04:00,26.46470069885254,26.52989959716797,26.46470069885254,26.520000457763672,1342,0.0,0.0,0.0
2024-06-21 12:30:00-04:00,26.479999542236328,26.510000228881836,26.479999542236328,26.493799209594727,1781,0.0,0.0,0.0
2024-06-21 13:30:00-04:00,26.468000411987305,26.510000228881836,26.443500518798828,26.510000228881836,2545,0.0,0.0,0.0
2024-06-21 14:30:00-04:00,26.479999542236328,26.52790069580078,26.475000381469727,26.479999542236328,9930,0.0,0.0,0.0
2024-06-21 15:30:00-04:00,26.5,26.5,26.479999542236328,26.489999771118164,1947,0.0,0.0,0.0
2024-06-24 09:30:00-04:00,26.690000534057617,26.82550048828125,26.690000534057617,26.799999237060547,0,0.0,0.0,0.0
2024-06-24 10:30:00-04:00,26.815900802612305,26.824100494384766,26.76300048828125,26.76300048828125,10784,0.0,0.0,0.0
2024-06-24 11:30:00-04:00,26.7450008392334,26.7450008392334,26.68470001220703,26.729999542236328,1170,0.0,0.0,0.0
2024-06-24 12:30:00-04:00,26.733299255371094,26.739999771118164,26.68000030517578,26.68000030517578,4817,0.0,0.0,0.0
2024-06-24 13:30:00-04:00,26.69499969482422,26.703800201416016,26.65999984741211,26.660999298095703,7022,0.0,0.0,0.0
2024-06-24 14:30:00-04:00,26.69499969482422,26.751399993896484,26.69499969482422,26.729999542236328,3573,0.0,0.0,0.0
2024-06-24 15:30:00-04:00,26.709999084472656,26.770000457763672,26.709999084472656,26.729999542236328,0,0.0,0.0,0.0
2024-06-25 09:30:00-04:00,26.59000015258789,26.600000381469727,26.553600311279297,26.599899291992188,8580,0.0,0.0,0.0
2024-06-25 10:30:00-04:00,26.579999923706055,26.59000015258789,26.545000076293945,26.56999969482422,5319,0.0,0.0,0.0
2024-06-25 11:30:00-04:00,26.559900283813477,26.559900283813477,26.5,26.50830078125,2183,0.0,0.0,0.0
2024-06-25 12:30:00-04:00,26.509899139404297,26.55389976501465,26.509899139404297,26.540000915527344,2239,0.0,0.0,0.0
2024-06-25 13:30:00-04:00,26.559999465942383,26.57990074157715,26.550199508666992,26.570100784301758,2808,0.0,0.0,0.0
2024-06-25 14:30:00-04:00,26.579999923706055,26.59939956665039,26.54509925842285,26.59000015258789,3892,0.0,0.0,0.0
2024-06-25 15:30:00-04:00,26.600000381469727,26.600000381469727,26.575000762939453,26.576099395751953,0,0.0,0.0,0.0
2024-06-26 09:30:00-04:00,26.34000015258789,26.420000076293945,26.309999465942383,26.40999984741211,28956,0.0,0.0,0.0
2024-06-26 10:30:00-04:00,26.371999740600586,26.395000457763672,26.360000610351562,26.3799991607666,6323,0.0,0.0,0.0
2024-06-26 11:30:00-04:00,26.36009979248047,26.399999618530273,26.36009979248047,26.3700008392334,14536,0.0,0.0,0.0
2024-06-26 12:30:00-04:00,26.403600692749023,26.40999984741211,26.355499267578125,26.375699996948242,8219,0.0,0.0,0.0
2024-06-26 13:30:00-04:00,26.420000076293945,26.420000076293945,26.34000015258789,26.34000015258789,1955,0.0,0.0,0.0
2024-06-26 14:30:00-04:00,26.354999542236328,26.369300842285156,26.354999542236328,26.369300842285156,10132,0.0,0.0,0.0
2024-06-26 15:30:00-04:00,26.36989974975586,26.40999984741211,26.350000381469727,26.40999984741211,0,0.0,0.0,0.0
2024-06-27 09:30:00-04:00,26.399999618530273,26.479999542236328,26.399999618530273,26.43000030517578,6176,0.0,0.0,0.0
2024-06-27 10:30:00-04:00,26.43000030517578,26.44499969482422,26.325000762939453,26.325000762939453,4849,0.0,0.0,0.0
2024-06-27 11:30:00-04:00,26.329999923706055,26.34429931640625,26.31999969482422,26.34000015258789,2651,0.0,0.0,0.0
2024-06-27 12:30:00-04:00,26.3700008392334,26.3700008392334,26.329999923706055,26.354999542236328,1666,0.0,0.0,0.0
2024-06-27 13:30:00-04:00,26.360000610351562,26.360000610351562,26.280000686645508,26.299999237060547,6843,0.0,0.0,0.0
2024-06-27 14:30:00-04:00,26.290000915527344,26.325000762939453,26.270000457763672,26.325000762939453,5713,0.0,0.0,0.0
2024-06-27 15:30:00-04:00,26.325000762939453,26.325000762939453,26.309999465942383,26.31999969482422,3331,0.0,0.0,0.0
2024-06-28 09:30:00-04:00,26.309999465942383,26.399900436401367,26.286100387573242,26.356300354003906,0,0.0,0.0,0.0
2024-06-28 10:30:00-04:00,26.359100341796875,26.359100341796875,26.230100631713867,26.239999771118164,520942,0.0,0.0,0.0
2024-06-28 11:30:00-04:00,26.260000228881836,26.290000915527344,26.239999771118164,26.270000457763672,18250,0.0,0.0,0.0
2024-06-28 12:30:00-04:00,26.270000457763672,26.31999969482422,26.230100631713867,26.31999969482422,6372,0.0,0.0,0.0
2024-06-28 13:30:00-04:00,26.23819923400879,26.29520034790039,26.23819923400879,26.25,4121,0.0,0.0,0.0
2024-06-28 14:30:00-04:00,26.239999771118164,26.239999771118164,26.200000762939453,26.219999313354492,5783,0.0,0.0,0.0
2024-06-28 15:30:00-04:00,26.20829963684082,26.290000915527344,26.204999923706055,26.290000915527344,1030,0.0,0.0,0.0
2024-07-01 09:30:00-04:00,26.360000610351562,26.510000228881836,26.360000610351562,26.3700008392334,0,0.0,0.0,0.0
2024-07-01 10:30:00-04:00,26.31999969482422,26.31999969482422,26.270000457763672,26.290000915527344,19634,0.0,0.0,0.0
2024-07-01 11:30:00-04:00,26.270000457763672,26.309999465942383,26.229999542236328,26.270000457763672,6998,0.0,0.0,0.0
2024-07-01 12:30:00-04:00,26.280000686645508,26.283000946044922,26.260000228881836,26.264999389648438,4800,0.0,0.0,0.0
2024-07-01 13:30:00-04:00,26.270000457763672,26.270000457763672,26.229999542236328,26.264999389648438,4719,0.0,0.0,0.0
2024-07-01 14:30:00-04:00,26.214799880981445,26.235000610351562,26.21109962463379,26.21109962463379,2735,0.0,0.0,0.0
2024-07-01 15:30:00-04:00,26.190000534057617,26.260000228881836,26.190000534057617,26.260000228881836,0,0.0,0.0,0.0
2024-07-02 09:30:00-04:00,26.149999618530273,26.260000228881836,26.10379981994629,26.1200008392334,70222,0.0,0.0,0.0
2024-07-02 10:30:00-04:00,26.131399154663086,26.190000534057617,26.1299991607666,26.15999984741211,19252,0.0,0.0,0.0
2024-07-02 11:30:00-04:00,26.18000030517578,26.190000534057617,26.1200008392334,26.165000915527344,7567,0.0,0.0,0.0
2024-07-02 12:30:00-04:00,26.170000076293945,26.190000534057617,26.139999389648438,26.18000030517578,12371,0.0,0.0,0.0
2024-07-02 13:30:00-04:00,26.174999237060547,26.229999542236328,26.174999237060547,26.229999542236328,7176,0.0,0.0,0.0
2024-07-02 14:30:00-04:00,26.25,26.299999237060547,26.229999542236328,26.278099060058594,7964,0.0,0.0,0.0
2024-07-02 15:30:00-04:00,26.270000457763672,26.270000457763672,26.260000228881836,26.260000228881836,1829,0.0,0.0,0.0
2024-07-03 09:30:00-04:00,26.450000762939453,26.59000015258789,26.450000762939453,26.53499984741211,0,0.0,0.0,0.0
2024-07-03 10:30:00-04:00,26.54990005493164,26.599000930786133,26.50550079345703,26.540000915527344,4877,0.0,0.0,0.0
2024-07-03 11:30:00-04:00,26.559900283813477,26.59000015258789,26.540599822998047,26.579999923706055,5876,0.0,0.0,0.0
2024-07-03 12:30:00-04:00,26.569900512695312,26.579999923706055,26.538400650024414,26.555599212646484,4084,0.0,0.0,0.0
2024-07-05 09:30:00-04:00,26.790000915527344,26.790000915527344,26.620100021362305,26.620100021362305,8420,0.0,0.0,0.0
2024-07-05 10:30:00-04:00,26.655000686645508,26.709999084472656,26.649999618530273,26.690000534057617,3842,0.0,0.0,0.0
2024-07-05 11:30:00-04:00,26.719999313354492,26.719999313354492,26.682899475097656,26.70989990234375,6170,0.0,0.0,0.0
2024-07-05 12:30:00-04:00,26.700000762939453,26.709999084472656,26.684999465942383,26.700000762939453,5704,0.0,0.0,0.0
2024-07-05 13:30:00-04:00,26.700000762939453,26.729999542236328,26.700000762939453,26.729999542236328,3709,0.0,0.0,0.0
2024-07-05 14:30:00-04:00,26.75,26.790000915527344,26.719999313354492,26.719999313354492,6401,0.0,0.0,0.0
2024-07-05 15:30:00-04:00,26.75,26.809999465942383,26.75,26.809999465942383,476,0.0,0.0,0.0
2024-07-08 09:30:00-04:00,26.829999923706055,26.899900436401367,26.829999923706055,26.84000015258789,0,0.0,0.0,0.0
2024-07-08 10:30:00-04:00,26.824100494384766,26.824100494384766,26.760000228881836,26.760000228881836,2848,0.0,0.0,0.0
2024-07-08 11:30:00-04:00,26.729999542236328,26.792999267578125,26.690000534057617,26.7450008392334,2183,0.0,0.0,0.0
2024-07-08 12:30:00-04:00,26.760000228881836,26.79829978942871,26.726600646972656,26.729999542236328,5075,0.0,0.0,0.0
2024-07-08 13:30:00-04:00,26.75,26.780000686645508,26.710800170898438,26.710800170898438,4246,0.0,0.0,0.0
2024-07-08 14:30:00-04:00,26.739999771118164,26.760000228881836,26.709999084472656,26.709999084472656,1646,0.0,0.0,0.0
2024-07-08 15:30:00-04:00,26.70009994506836,26.790000915527344,26.690000534057617,26.709999084472656,27283,0.0,0.0,0.0
2024-07-09 09:30:00-04:00,26.520000457763672,26.579999923706055,26.520000457763672,26.520000457763672,0,0.0,0.0,0.0
2024-07-09 10:30:00-04:00,26.530000686645508,26.56999969482422,26.489999771118164,26.489999771118164,3319,0.0,0.0,0.0
2024-07-09 11:30:00-04:00,26.46500015258789,26.55970001220703,26.460399627685547,26.520000457763672,11646,0.0,0.0,0.0
2024-07-09 12:30:00-04:00,26.55500030517578,26.600000381469727,26.55430030822754,26.559999465942383,4008,0.0,0.0,0.0
2024-07-09 13:30:00-04:00,26.577999114990234,26.59939956665039,26.540000915527344,26.559900283813477,8636,0.0,0.0,0.0
2024-07-09 14:30:00-04:00,26.549999237060547,26.579999923706055,26.52079963684082,26.530000686645508,5113,0.0,0.0,0.0
2024-07-09 15:30:00-04:00,26.549999237060547,26.559999465942383,26.530000686645508,26.540000915527344,5072,0.0,0.0,0.0
2024-07-10 09:30:00-04:00,26.670000076293945,26.749799728393555,26.670000076293945,26.749799728393555,0,0.0,0.0,0.0
2024-07-10 10:30:00-04:00,26.760000228881836,26.760000228881836,26.729999542236328,26.75,2941,0.0,0.0,0.0
2024-07-10 11:30:00-04:00,26.77989959716797,26.850000381469727,26.77989959716797,26.829999923706055,48205,0.0,0.0,0.0
2024-07-10 12:30:00-04:00,26.815000534057617,26.82029914855957,26.790000915527344,26.790000915527344,5130,0.0,0.0,0.0
2024-07-10 13:30:00-04:00,26.790000915527344,26.790000915527344,26.760099411010742,26.790000915527344,5268,0.0,0.0,0.0
2024-07-10 14:30:00-04:00,26.790000915527344,26.81439971923828,26.770299911499023,26.80500030517578,13880,0.0,0.0,0.0
2024-07-10 15:30:00-04:00,26.799999237060547,26.86910057067871,26.799999237060547,26.829999923706055,21544,0.0,0.0,0.0
2024-07-11 09:30:00-04:00,27.020000457763672,27.09000015258789,27.008399963378906,27.040000915527344,0,0.0,0.0,0.0
2024-07-11 10:30:00-04:00,27.07270050048828,27.110000610351562,27.059999465942383,27.073400497436523,5828,0.0,0.0,0.0
2024-07-11 11:30:00-04:00,27.079999923706055,27.079999923706055,27.05500030517578,27.06570053100586,3587,0.0,0.0,0.0
2024-07-11 12:30:00-04:00,27.075000762939453,27.075000762939453,27.049999237060547,27.049999237060547,1202,0.0,0.0,0.0
2024-07-11 13:30:00-04:00,27.059499740600586,27.07900047302246,27.040000915527344,27.060100555419922,3007,0.0,0.0,0.0
2024-07-11 14:30:00-04:00,27.079999923706055,27.110000610351562,27.065000534057617,27.100000381469727,16203,0.0,0.0,0.0
2024-07-11 15:30:00-04:00,27.079999923706055,27.098499298095703,27.020000457763672,27.020000457763672,0,0.0,0.0,0.0
2024-07-12 09:30:00-04:00,27.209999084472656,27.3799991607666,27.209999084472656,27.350000381469727,14185,0.0,0.0,0.0
2024-07-12 10:30:00-04:00,27.350000381469727,27.399999618530273,27.334999084472656,27.399999618530273,4342,0.0,0.0,0.0
2024-07-12 11:30:00-04:00,27.33919906616211,27.399999618530273,27.305700302124023,27.329999923706055,5935,0.0,0.0,0.0
2024-07-12 12:30:00-04:00,27.329999923706055,27.343799591064453,27.329999923706055,27.329999923706055,1099,0.0,0.0,0.0
2024-07-12 13:30:00-04:00,27.34869956970215,27.3700008392334,27.320600509643555,27.34000015258789,1178,0.0,0.0,0.0
2024-07-12 14:30:00-04:00,27.38949966430664,27.38949966430664,27.30150032043457,27.30150032043457,1669,0.0,0.0,0.0
2024-07-12 15:30:00-04:00,27.330400466918945,27.330400466918945,27.30739974975586,27.30739974975586,610,0.0,0.0,0.0
2024-07-15 09:30:00-04:00,27.280000686645508,27.280000686645508,27.125,27.159400939941406,0,0.0,0.0,0.0
2024-07-15 10:30:00-04:00,27.1299991607666,27.190000534057617,27.1299991607666,27.139999389648438,4651,0.0,0.0,0.0
2024-07-15 11:30:00-04:00,27.1299991607666,27.170000076293945,27.105100631713867,27.125,6117,0.0,0.0,0.0
2024-07-15 12:30:00-04:00,27.1200008392334,27.125,27.059999465942383,27.059999465942383,4681,0.0,0.0,0.0
2024-07-15 13:30:00-04:00,27.040000915527344,27.09000015258789,27.020000457763672,27.09000015258789,9863,0.0,0.0,0.0
2024-07-15 14:30:00-04:00,27.100000381469727,27.170000076293945,27.049999237060547,27.1299991607666,5640,0.0,0.0,0.0
2024-07-15 15:30:00-04:00,27.1299991607666,27.1299991607666,27.040000915527344,27.079999923706055,0,0.0,0.0,0.0
2024-07-16 09:30:00-04:00,26.889999389648438,26.999900817871094,26.889999389648438,26.979999542236328,16724,0.0,0.0,0.0
2024-07-16 10:30:00-04:00,27.0,27.059999465942383,26.979999542236328,27.059999465942383,13300,0.0,0.0,0.0
2024-07-16 11:30:00-04:00,27.059999465942383,27.072099685668945,27.023799896240234,27.072099685668945,3059,0.0,0.0,0.0
2024-07-16 12:30:00-04:00,27.06999969482422,27.114999771118164,27.06999969482422,27.114999771118164,2180,0.0,0.0,0.0
2024-07-16 13:30:00-04:00,27.114999771118164,27.179100036621094,27.09000015258789,27.155000686645508,40581,0.0,0.0,0.0
2024-07-16 14:30:00-04:00,27.155000686645508,27.190000534057617,27.145200729370117,27.190000534057617,4098,0.0,0.0,0.0
2024-07-16 15:30:00-04:00,27.190000534057617,27.270000457763672,27.187999725341797,27.260000228881836,0,0.0,0.0,0.0
2024-07-17 09:30:00-04:00,27.200000762939453,27.31999969482422,27.200000762939453,27.270000457763672,9529,0.0,0.0,0.0
2024-07-17 10:30:00-04:00,27.280000686645508,27.299999237060547,27.239999771118164,27.239999771118164,1135,0.0,0.0,0.0
2024-07-17 11:30:00-04:00,27.229999542236328,27.308900833129883,27.20009994506836,27.229999542236328,5724,0.0,0.0,0.0
2024-07-17 12:30:00-04:00,27.229999542236328,27.260000228881836,27.15999984741211,27.209999084472656,8529,0.0,0.0,0.0
2024-07-17 13:30:00-04:00,27.209999084472656,27.260000228881836,27.18000030517578,27.219999313354492,7656,0.0,0.0,0.0
2024-07-17 14:30:00-04:00,27.260000228881836,27.290000915527344,27.229999542236328,27.264999389648438,0,0.0,0.0,0.0
2024-07-17 15:30:00-04:00,27.25,27.290000915527344,27.190000534057617,27.260000228881836,44534,0.0,0.0,0.0
2024-07-18 09:30:00-04:00,27.299999237060547,27.358999252319336,27.286800384521484,27.31999969482422,0,0.0,0.0,0.0
2024-07-18 10:30:00-04:00,27.28700065612793,27.309999465942383,27.209699630737305,27.25,3451,0.0,0.0,0.0
2024-07-18 11:30:00-04:00,27.190000534057617,27.219100952148438,27.130599975585938,27.173999786376953,2633,0.0,0.0,0.0
2024-07-18 12:30:00-04:00,27.14590072631836,27.199600219726562,27.12070083618164,27.140399932861328,3432,0.0,0.0,0.0
2024-07-18 13:30:00-04:00,27.153400421142578,27.200000762939453,27.079999923706055,27.079999923706055,2959,0.0,0.0,0.0
2024-07-18 14:30:00-04:00,27.06999969482422,27.06999969482422,26.930999755859375,26.930999755859375,3329,0.0,0.0,0.0
2024-07-18 15:30:00-04:00,27.0,27.079999923706055,27.0,27.040000915527344,3550,0.0,0.0,0.0
2024-07-19 09:30:00-04:00,26.940000534057617,26.979999542236328,26.889999389648438,26.979999542236328,0,0.0,0.0,0.0
2024-07-19 10:30:00-04:00,26.899999618530273,26.899999618530273,26.8700008392334,26.8700008392334,376,0.0,0.0,0.0
2024-07-19 11:30:00-04:00,26.8700008392334,26.989999771118164,26.8700008392334,26.989999771118164,2014,0.0,0.0,0.0
2024-07-19 12:30:00-04:00,26.96500015258789,26.968900680541992,26.8799991607666,26.915000915527344,2807,0.0,0.0,0.0
2024-07-19 13:30:00-04:00,26.93000030517578,26.969200134277344,26.920000076293945,26.920000076293945,2396,0.0,0.0,0.0
2024-07-19 14:30:00-04:00,26.93000030517578,26.97249984741211,26.920000076293945,26.97249984741211,1438,0.0,0.0,0.0
2024-07-19 15:30:00-04:00,26.94499969482422,26.998899459838867,26.889999389648438,26.967199325561523,5045,0.0,0.0,0.0
2024-07-22 09:30:00-04:00,27.190000534057617,27.200000762939453,27.045000076293945,27.09000015258789,0,0.0,0.0,0.0
2024-07-22 10:30:00-04:00,27.020000457763672,27.159900665283203,27.020000457763672,27.159900665283203,7045,0.0,0.0,0.0
2024-07-22 11:30:00-04:00,27.060400009155273,27.112499237060547,27.050100326538086,27.079999923706055,7653,0.0,0.0,0.0
2024-07-22 12:30:00-04:00,27.08060073852539,27.149999618530273,27.079999923706055,27.149999618530273,2667,0.0,0.0,0.0
2024-07-22 13:30:00-04:00,27.142200469970703,27.16699981689453,27.118099212646484,27.152599334716797,4901,0.0,0.0,0.0
2024-07-22 14:30:00-04:00,27.149999618530273,27.167999267578125,27.118900299072266,27.149999618530273,10483,0.0,0.0,0.0
2024-07-22 15:30:00-04:00,27.1200008392334,27.170000076293945,27.1200008392334,27.170000076293945,10801,0.0,0.0,0.0
2024-07-23 09:30:00-04:00,26.959999084472656,27.0,26.950000762939453,26.950000762939453,0,0.0,0.0,0.0
2024-07-23 10:30:00-04:00,26.912500381469727,27.030000686645508,26.912500381469727,26.969999313354492,14189,0.0,0.0,0.0
2024-07-23 11:30:00-04:00,26.969999313354492,27.010000228881836,26.940000534057617,27.010000228881836,19030,0.0,0.0,0.0
2024-07-23 12:30:00-04:00,26.959999084472656,26.989999771118164,26.93000030517578,26.989999771118164,11643,0.0,0.0,0.0
2024-07-23 13:30:00-04:00,26.988399505615234,27.030000686645508,26.97010040283203,27.0,16030,0.0,0.0,0.0
2024-07-23 14:30:00-04:00,26.975099563598633,27.030000686645508,26.959999084472656,27.030000686645508,19242,0.0,0.0,0.0
2024-07-23 15:30:00-04:00,27.020000457763672,27.02989959716797,26.959999084472656,26.959999084472656,6319,0.0,0.0,0.0
2024-07-24 09:30:00-04:00,26.899999618530273,27.06800079345703,26.899999618530273,26.979999542236328,0,0.0,0.0,0.0
2024-07-24 10:30:00-04:00,26.978099822998047,27.0,26.9242000579834,26.95599937438965,7802,0.0,0.0,0.0
2024-07-24 11:30:00-04:00,26.941699981689453,27.0,26.90999984741211,26.959999084472656,16925,0.0,0.0,0.0
2024-07-24 12:30:00-04:00,26.959999084472656,26.979900360107422,26.912500381469727,26.940000534057617,13986,0.0,0.0,0.0
2024-07-24 13:30:00-04:00,26.959999084472656,26.959999084472656,26.85059928894043,26.85059928894043,11351,0.0,0.0,0.0
2024-07-24 14:30:00-04:00,26.850000381469727,26.885000228881836,26.802600860595703,26.826000213623047,8226,0.0,0.0,0.0
2024-07-24 15:30:00-04:00,26.834999084472656,26.905000686645508,26.81999969482422,26.850000381469727,3138,0.0,0.0,0.0
2024-07-25 09:30:00-04:00,26.790000915527344,26.8700008392334,26.790000915527344,26.8700008392334,0,0.0,0.0,0.0
2024-07-25 10:30:00-04:00,26.90399932861328,26.989999771118164,26.889999389648438,26.922700881958008,7132,0.0,0.0,0.0
2024-07-25 11:30:00-04:00,26.949499130249023,27.059999465942383,26.940200805664062,27.049999237060547,3564,0.0,0.0,0.0
2024-07-25 12:30:00-04:00,27.099899291992188,27.1299991607666,27.049999237060547,27.065000534057617,18708,0.0,0.0,0.0
2024-07-25 13:30:00-04:00,27.065000534057617,27.065000534057617,26.97330093383789,27.020000457763672,5098,0.0,0.0,0.0
2024-07-25 14:30:00-04:00,27.030000686645508,27.079999923706055,26.954999923706055,27.04439926147461,15193,0.0,0.0,0.0
2024-07-25 15:30:00-04:00,27.014699935913086,27.06999969482422,26.953100204467773,26.979999542236328,0,0.0,0.0,0.0
2024-07-26 09:30:00-04:00,27.209999084472656,27.290000915527344,27.189199447631836,27.239999771118164,23175,0.0,0.0,0.0
2024-07-26 10:30:00-04:00,27.204999923706055,27.290000915527344,27.190000534057617,27.25,5328,0.0,0.0,0.0
2024-07-26 11:30:00-04:00,27.25,27.399999618530273,27.209800720214844,27.320100784301758,6107,0.0,0.0,0.0
2024-07-26 12:30:00-04:00,27.43000030517578,27.440000534057617,27.385000228881836,27.402599334716797,4884,0.0,0.0,0.0
2024-07-26 13:30:00-04:00,27.411800384521484,27.448999404907227,27.371200561523438,27.43000030517578,3439,0.0,0.0,0.0
2024-07-26 14:30:00-04:00,27.419099807739258,27.43000030517578,27.366300582885742,27.3700008392334,3998,0.0,0.0,0.0
2024-07-26 15:30:00-04:00,27.36009979248047,27.420000076293945,27.36009979248047,27.420000076293945,1754,0.0,0.0,0.0
2024-07-29 09:30:00-04:00,27.399999618530273,27.40920066833496,27.329999923706055,27.329999923706055,0,0.0,0.0,0.0
2024-07-29 10:30:00-04:00,27.29990005493164,27.31999969482422,27.199100494384766,27.31999969482422,4905,0.0,0.0,0.0
2024-07-29 11:30:00-04:00,27.299999237060547,27.329999923706055,27.252399444580078,27.329999923706055,2662,0.0,0.0,0.0
2024-07-29 12:30:00-04:00,27.329999923706055,27.329999923706055,27.274999618530273,27.29010009765625,5194,0.0,0.0,0.0
2024-07-29 13:30:00-04:00,27.264999389648438,27.299999237060547,27.2460994720459,27.290000915527344,2294,0.0,0.0,0.0
2024-07-29 14:30:00-04:00,27.280000686645508,27.309999465942383,27.245899200439453,27.305999755859375,5295,0.0,0.0,0.0
2024-07-29 15:30:00-04:00,27.329999923706055,27.329999923706055,27.270000457763672,27.309999465942383,0,0.0,0.0,0.0
2024-07-30 09:30:00-04:00,27.18000030517578,27.280000686645508,27.170000076293945,27.196800231933594,42065,0.0,0.0,0.0
2024-07-30 10:30:00-04:00,27.177900314331055,27.259700775146484,27.167600631713867,27.259700775146484,14269,0.0,0.0,0.0
2024-07-30 11:30:00-04:00,27.21500015258789,27.21500015258789,27.135000228881836,27.18000030517578,2554,0.0,0.0,0.0
2024-07-30 12:30:00-04:00,27.149999618530273,27.18000030517578,27.130300521850586,27.15999984741211,3404,0.0,0.0,0.0
2024-07-30 13:30:00-04:00,27.209999084472656,27.219999313354492,27.14109992980957,27.20560073852539,7565,0.0,0.0,0.0
2024-07-30 14:30:00-04:00,27.25,27.25,27.184799194335938,27.239999771118164,4943,0.0,0.0,0.0
2024-07-30 15:30:00-04:00,27.239999771118164,27.280000686645508,27.18000030517578,27.280000686645508,9181,0.0,0.0,0.0
2024-07-31 09:30:00-04:00,27.469999313354492,27.5,27.37220001220703,27.450000762939453,15936,0.0,0.0,0.0
2024-07-31 10:30:00-04:00,27.520000457763672,27.520000457763672,27.399999618530273,27.459199905395508,3561,0.0,0.0,0.0
2024-07-31 11:30:00-04:00,27.5,27.540000915527344,27.459299087524414,27.510000228881836,4524,0.0,0.0,0.0
2024-07-31 12:30:00-04:00,27.459199905395508,27.56999969482422,27.459199905395508,27.56999969482422,1996,0.0,0.0,0.0
2024-07-31 13:30:00-04:00,27.514999389648438,27.670000076293945,27.507999420166016,27.530000686645508,3333,0.0,0.0,0.0
2024-07-31 14:30:00-04:00,27.565000534057617,27.65999984741211,27.559999465942383,27.559999465942383,10388,0.0,0.0,0.0
2024-07-31 15:30:00-04:00,27.510000228881836,27.600000381469727,27.50279998779297,27.56999969482422,1991,0.0,0.0,0.0
2024-08-01 09:30:00-04:00,27.5,27.600000381469727,27.310100555419922,27.310100555419922,0,0.0,0.0,0.0
2024-08-01 10:30:00-04:00,27.270000457763672,27.270000457763672,27.01409912109375,27.045000076293945,3081,0.0,0.0,0.0
2024-08-01 11:30:00-04:00,27.079999923706055,27.079999923706055,27.010000228881836,27.040000915527344,5057,0.0,0.0,0.0
2024-08-01 12:30:00-04:00,27.030000686645508,27.030000686645508,26.916200637817383,26.979999542236328,5221,0.0,0.0,0.0
2024-08-01 13:30:00-04:00,26.940000534057617,26.989999771118164,26.940000534057617,26.950000762939453,4391,0.0,0.0,0.0
2024-08-01 14:30:00-04:00,26.969999313354492,27.010000228881836,26.952199935913086,27.010000228881836,5634,0.0,0.0,0.0
2024-08-01 15:30:00-04:00,27.049999237060547,27.08139991760254,27.020000457763672,27.08139991760254,0,0.0,0.0,0.0
2024-08-02 09:30:00-04:00,26.920000076293945,26.920000076293945,26.750099182128906,26.750099182128906,7376,0.0,0.0,0.0
2024-08-02 10:30:00-04:00,26.829999923706055,26.829999923706055,26.700000762939453,26.749000549316406,9209,0.0,0.0,0.0
2024-08-02 11:30:00-04:00,26.719999313354492,26.788999557495117,26.71980094909668,26.770000457763672,6091,0.0,0.0,0.0
2024-08-02 12:30:00-04:00,26.806800842285156,26.850000381469727,26.74679946899414,26.799999237060547,8044,0.0,0.0,0.0
2024-08-02 13:30:00-04:00,26.76609992980957,26.79990005493164,26.7549991607666,26.780000686645508,3226,0.0,0.0,0.0
2024-08-02 14:30:00-04:00,26.809999465942383,26.84000015258789,26.750600814819336,26.7992000579834,2392,0.0,0.0,0.0
2024-08-02 15:30:00-04:00,26.84000015258789,26.8700008392334,26.84000015258789,26.8700008392334,1190,0.0,0.0,0.0
2024-08-05 09:30:00-04:00,25.959999084472656,26.125,25.934999465942383,26.049999237060547,12170,0.0,0.0,0.0
2024-08-05 10:30:00-04:00,26.100000381469727,26.16900062561035,26.03260040283203,26.16900062561035,10681,0.0,0.0,0.0
2024-08-05 11:30:00-04:00,26.085599899291992,26.32990074157715,26.0802001953125,26.319900512695312,5400,0.0,0.0,0.0
2024-08-05 12:30:00-04:00,26.264999389648438,26.264999389648438,26.139999389648438,26.190000534057617,38929,0.0,0.0,0.0
2024-08-05 13:30:00-04:00,26.190000534057617,26.270000457763672,26.114999771118164,26.260000228881836,26768,0.0,0.0,0.0
2024-08-05 14:30:00-04:00,26.239999771118164,26.239999771118164,26.10449981689453,26.11840057373047,22555,0.0,0.0,0.0
2024-08-05 15:30:00-04:00,26.15999984741211,26.209999084472656,26.145000457763672,26.209999084472656,23822,0.0,0.0,0.0
2024-08-06 09:30:00-04:00,25.84000015258789,26.100000381469727,25.84000015258789,26.100000381469727,0,0.0,0.0,0.0
2024-08-06 10:30:00-04:00,26.040000915527344,26.188800811767578,26.040000915527344,26.100000381469727,0,0.0,0.0,0.0
2024-08-06 11:30:00-04:00,26.030000686645508,26.100000381469727,25.989999771118164,26.06999969482422,59274,0.0,0.0,0.0
2024-08-06 12:30:00-04:00,26.09000015258789,26.208799362182617,26.06999969482422,26.159000396728516,30320,0.0,0.0,0.0
2024-08-06 13:30:00-04:00,26.200000762939453,26.270000457763672,26.1299991607666,26.229999542236328,30667,0.0,0.0,0.0
2024-08-06 14:30:00-04:00,26.246599197387695,26.328899383544922,26.159000396728516,26.290000915527344,48378,0.0,0.0,0.0
2024-08-06 15:30:00-04:00,26.260000228881836,26.28849983215332,26.139999389648438,26.139999389648438,95187,0.0,0.0,0.0
2024-08-07 09:30:00-04:00,26.520000457763672,26.529600143432617,26.479999542236328,26.479999542236328,0,0.0,0.0,0.0
2024-08-07 10:30:00-04:00,26.440000534057617,26.56999969482422,26.440000534057617,26.559999465942383,25269,0.0,0.0,0.0
2024-08-07 11:30:00-04:00,26.5580997467041,26.5580997467041,26.423599243164062,26.46310043334961,12295,0.0,0.0,0.0
2024-08-07 12:30:00-04:00,26.5,26.5,26.349899291992188,26.350000381469727,11338,0.0,0.0,0.0
2024-08-07 13:30:00-04:00,26.3799991607666,26.3799991607666,26.189899444580078,26.290000915527344,10907,0.0,0.0,0.0
2024-08-07 14:30:00-04:00,26.225500106811523,26.349700927734375,26.21500015258789,26.329999923706055,12307,0.0,0.0,0.0
2024-08-07 15:30:00-04:00,26.309999465942383,26.34000015258789,26.264999389648438,26.299999237060547,8078,0.0,0.0,0.0
2024-08-08 09:30:00-04:00,26.40999984741211,26.540000915527344,26.34980010986328,26.52079963684082,6680,0.0,0.0,0.0
2024-08-08 10:30:00-04:00,26.530000686645508,26.579999923706055,26.530000686645508,26.530000686645508,4567,0.0,0.0,0.0
2024-08-08 11:30:00-04:00,26.56999969482422,26.610000610351562,26.559999465942383,26.610000610351562,1522,0.0,0.0,0.0
2024-08-08 12:30:00-04:00,26.59830093383789,26.6299991607666,26.520000457763672,26.6299991607666,5751,0.0,0.0,0.0
2024-08-08 13:30:00-04:00,26.611400604248047,26.699100494384766,26.56999969482422,26.699100494384766,17415,0.0,0.0,0.0
2024-08-08 14:30:00-04:00,26.690000534057617,26.700000762939453,26.600099563598633,26.690000534057617,4503,0.0,0.0,0.0
2024-08-08 15:30:00-04:00,26.645000457763672,26.649999618530273,26.635000228881836,26.645000457763672,1145,0.0,0.0,0.0
2024-08-09 09:30:00-04:00,26.639999389648438,26.74920082092285,26.593299865722656,26.74180030822754,2993,0.0,0.0,0.0
2024-08-09 10:30:00-04:00,26.704999923706055,26.770000457763672,26.704999923706055,26.770000457763672,3153,0.0,0.0,0.0
2024-08-09 11:30:00-04:00,26.729999542236328,26.759899139404297,26.650100708007812,26.700000762939453,8691,0.0,0.0,0.0
2024-08-09 12:30:00-04:00,26.749900817871094,26.829999923706055,26.689800262451172,26.829999923706055,14633,0.0,0.0,0.0
2024-08-09 13:30:00-04:00,26.815000534057617,26.829999923706055,26.760000228881836,26.799999237060547,3852,0.0,0.0,0.0
2024-08-09 14:30:00-04:00,26.799999237060547,26.828100204467773,26.719900131225586,26.828100204467773,10488,0.0,0.0,0.0
2024-08-09 15:30:00-04:00,26.729999542236328,26.84000015258789,26.729999542236328,26.770000457763672,21572,0.0,0.0,0.0
2024-08-12 09:30:00-04:00,26.860000610351562,26.889999389648438,26.800199508666992,26.860000610351562,0,0.0,0.0,0.0
2024-08-12 10:30:00-04:00,26.885000228881836,26.950000762939453,26.885000228881836,26.899999618530273,10511,0.0,0.0,0.0
2024-08-12 11:30:00-04:00,26.90999984741211,26.940000534057617,26.86319923400879,26.93000030517578,1781,0.0,0.0,0.0
2024-08-12 12:30:00-04:00,26.88010025024414,26.93000030517578,26.851299285888672,26.93000030517578,4850,0.0,0.0,0.0
2024-08-12 13:30:00-04:00,26.889999389648438,26.915000915527344,26.850000381469727,26.885000228881836,10465,0.0,0.0,0.0
2024-08-12 14:30:00-04:00,26.850099563598633,26.93000030517578,26.850099563598633,26.93000030517578,5912,0.0,0.0,0.0
2024-08-12 15:30:00-04:00,26.889999389648438,26.909900665283203,26.889999389648438,26.909900665283203,958,0.0,0.0,0.0
2024-08-13 09:30:00-04:00,26.969999313354492,27.024999618530273,26.958799362182617,26.9950008392334,0,0.0,0.0,0.0
2024-08-13 10:30:00-04:00,26.99970054626465,27.100000381469727,26.99970054626465,27.0,6641,0.0,0.0,0.0
2024-08-13 11:30:00-04:00,27.049999237060547,27.09000015258789,27.01569938659668,27.09000015258789,3618,0.0,0.0,0.0
2024-08-13 12:30:00-04:00,27.084999084472656,27.170000076293945,27.084999084472656,27.129600524902344,3798,0.0,0.0,0.0
2024-08-13 13:30:00-04:00,27.139999389648438,27.219999313354492,27.100000381469727,27.174999237060547,5436,0.0,0.0,0.0
2024-08-13 14:30:00-04:00,27.193199157714844,27.219999313354492,27.120100021362305,27.210500717163086,3854,0.0,0.0,0.0
2024-08-13 15:30:00-04:00,27.200000762939453,27.289899826049805,27.18000030517578,27.219999313354492,4740,0.0,0.0,0.0
2024-08-14 09:30:00-04:00,27.229999542236328,27.299999237060547,27.21929931640625,27.290000915527344,5215,0.0,0.0,0.0
2024-08-14 10:30:00-04:00,27.274999618530273,27.299999237060547,27.25,27.290000915527344,3614,0.0,0.0,0.0
2024-08-14 11:30:00-04:00,27.25349998474121,27.360000610351562,27.25349998474121,27.277099609375,8505,0.0,0.0,0.0
2024-08-14 12:30:00-04:00,27.309999465942383,27.329999923706055,27.25,27.28499984741211,8345,0.0,0.0,0.0
2024-08-14 13:30:00-04:00,27.309999465942383,27.31999969482422,27.239999771118164,27.309999465942383,7619,0.0,0.0,0.0
2024-08-14 14:30:00-04:00,27.31999969482422,27.33799934387207,27.290000915527344,27.325000762939453,15431,0.0,0.0,0.0
2024-08-14 15:30:00-04:00,27.349599838256836,27.3700008392334,27.306699752807617,27.3700008392334,5121,0.0,0.0,0.0
2024-08-15 09:30:00-04:00,27.549999237060547,27.62649917602539,27.489999771118164,27.609899520874023,0,0.0,0.0,0.0
2024-08-15 10:30:00-04:00,27.51140022277832,27.639999389648438,27.51140022277832,27.59000015258789,3491,0.0,0.0,0.0
2024-08-15 11:30:00-04:00,27.65999984741211,27.690000534057617,27.600000381469727,27.664899826049805,6632,0.0,0.0,0.0
2024-08-15 12:30:00-04:00,27.6299991607666,27.649999618530273,27.59000015258789,27.607500076293945,6897,0.0,0.0,0.0
2024-08-15 13:30:00-04:00,27.61199951171875,27.649999618530273,27.598100662231445,27.598100662231445,1633,0.0,0.0,0.0
2024-08-15 14:30:00-04:00,27.625,27.65999984741211,27.600000381469727,27.600000381469727,2260,0.0,0.0,0.0
2024-08-15 15:30:00-04:00,27.607200622558594,27.6299991607666,27.575000762939453,27.575000762939453,5339,0.0,0.0,0.0
2024-08-16 09:30:00-04:00,27.600000381469727,27.611299514770508,27.566299438476562,27.56999969482422,8598,0.0,0.0,0.0
2024-08-16 10:30:00-04:00,27.59000015258789,27.610000610351562,27.556400299072266,27.579999923706055,2453,0.0,0.0,0.0
2024-08-16 11:30:00-04:00,27.597900390625,27.628000259399414,27.576400756835938,27.6200008392334,12149,0.0,0.0,0.0
2024-08-16 12:30:00-04:00,27.600799560546875,27.670000076293945,27.600799560546875,27.62190055847168,4281,0.0,0.0,0.0
2024-08-16 13:30:00-04:00,27.68000030517578,27.690000534057617,27.6200008392334,27.6200008392334,2583,0.0,0.0,0.0
2024-08-16 14:30:00-04:00,27.639999389648438,27.690000534057617,27.618999481201172,27.6299991607666,1990,0.0,0.0,0.0
2024-08-16 15:30:00-04:00,27.68079948425293,27.68079948425293,27.59000015258789,27.59000015258789,6185,0.0,0.0,0.0
2024-08-19 09:30:00-04:00,27.81999969482422,27.920000076293945,27.803300857543945,27.920000076293945,0,0.0,0.0,0.0
2024-08-19 10:30:00-04:00,27.91990089416504,27.954999923706055,27.91990089416504,27.920000076293945,2799,0.0,0.0,0.0
2024-08-19 11:30:00-04:00,27.93869972229004,27.93950080871582,27.8799991607666,27.912900924682617,3486,0.0,0.0,0.0
2024-08-19 12:30:00-04:00,27.885000228881836,27.91990089416504,27.875499725341797,27.899999618530273,3533,0.0,0.0,0.0
2024-08-19 13:30:00-04:00,27.905000686645508,27.918100357055664,27.877700805664062,27.918100357055664,3483,0.0,0.0,0.0
2024-08-19 14:30:00-04:00,27.861799240112305,27.915000915527344,27.861799240112305,27.90999984741211,3049,0.0,0.0,0.0
2024-08-19 15:30:00-04:00,27.860000610351562,27.885000228881836,27.860000610351562,27.885000228881836,1151,0.0,0.0,0.0
2024-08-20 09:30:00-04:00,27.760000228881836,27.760000228881836,27.700599670410156,27.759899139404297,0,0.0,0.0,0.0
2024-08-20 10:30:00-04:00,27.735000610351562,27.759899139404297,27.709999084472656,27.709999084472656,4427,0.0,0.0,0.0
2024-08-20 11:30:00-04:00,27.690000534057617,27.71500015258789,27.650699615478516,27.65999984741211,3401,0.0,0.0,0.0
2024-08-20 12:30:00-04:00,27.650299072265625,27.69499969482422,27.58209991455078,27.659900665283203,2324,0.0,0.0,0.0
2024-08-20 13:30:00-04:00,27.588300704956055,27.659900665283203,27.581899642944336,27.592599868774414,1558,0.0,0.0,0.0
2024-08-20 14:30:00-04:00,27.630599975585938,27.689899444580078,27.630599975585938,27.670000076293945,1114,0.0,0.0,0.0
2024-08-20 15:30:00-04:00,27.674999237060547,27.719999313354492,27.610000610351562,27.610000610351562,1287,0.0,0.0,0.0
2024-08-21 09:30:00-04:00,27.799999237060547,27.81290054321289,27.760000228881836,27.799999237060547,0,0.0,0.0,0.0
2024-08-21 10:30:00-04:00,27.753000259399414,27.844999313354492,27.753000259399414,27.844999313354492,10029,0.0,0.0,0.0
2024-08-21 11:30:00-04:00,27.899999618530273,27.899999618530273,27.83769989013672,27.84600067138672,1514,0.0,0.0,0.0
2024-08-21 12:30:00-04:00,27.84000015258789,27.899900436401367,27.84000015258789,27.899900436401367,598,0.0,0.0,0.0
2024-08-21 13:30:00-04:00,27.84600067138672,27.942899703979492,27.84600067138672,27.93000030517578,3303,0.0,0.0,0.0
2024-08-21 14:30:00-04:00,27.90999984741211,27.934999465942383,27.889999389648438,27.889999389648438,1988,0.0,0.0,0.0
2024-08-21 15:30:00-04:00,27.90999984741211,27.934999465942383,27.899999618530273,27.90999984741211,3052,0.0,0.0,0.0
2024-08-22 09:30:00-04:00,28.0,28.03499984741211,27.8700008392334,27.890100479125977,0,0.0,0.0,0.0
2024-08-22 10:30:00-04:00,27.940000534057617,27.956899642944336,27.899999618530273,27.956899642944336,2063,0.0,0.0,0.0
2024-08-22 11:30:00-04:00,27.934999465942383,27.94499969482422,27.934999465942383,27.94499969482422,909,0.0,0.0,0.0
2024-08-22 12:30:00-04:00,28.0049991607666,28.0049991607666,27.959999084472656,28.0,2352,0.0,0.0,0.0
2024-08-22 13:30:00-04:00,27.9325008392334,27.93720054626465,27.87179946899414,27.93720054626465,1965,0.0,0.0,0.0
2024-08-22 14:30:00-04:00,27.950000762939453,27.950000762939453,27.90999984741211,27.90999984741211,3955,0.0,0.0,0.0
2024-08-22 15:30:00-04:00,27.957199096679688,27.957199096679688,27.90999984741211,27.90999984741211,934,0.0,0.0,0.0
2024-08-23 09:30:00-04:00,28.09000015258789,28.30739974975586,28.049999237060547,28.219999313354492,4138,0.0,0.0,0.0
2024-08-23 10:30:00-04:00,28.34819984436035,28.359899520874023,28.239999771118164,28.309999465942383,6281,0.0,0.0,0.0
2024-08-23 11:30:00-04:00,28.375,28.375,28.249799728393555,28.249799728393555,1656,0.0,0.0,0.0
2024-08-23 12:30:00-04:00,28.264999389648438,28.33989906311035,28.264999389648438,28.33989906311035,3497,0.0,0.0,0.0
2024-08-23 13:30:00-04:00,28.344999313354492,28.344999313354492,28.344999313354492,28.344999313354492,377,0.0,0.0,0.0
2024-08-23 14:30:00-04:00,28.320199966430664,28.3799991607666,28.308300018310547,28.34000015258789,6339,0.0,0.0,0.0
2024-08-23 15:30:00-04:00,28.32710075378418,28.440000534057617,28.309999465942383,28.440000534057617,3229,0.0,0.0,0.0
2024-08-26 09:30:00-04:00,28.350000381469727,28.459999084472656,28.350000381469727,28.459999084472656,0,0.0,0.0,0.0
2024-08-26 10:30:00-04:00,28.469999313354492,28.469999313354492,28.360000610351562,28.415000915527344,3270,0.0,0.0,0.0
2024-08-26 11:30:00-04:00,28.399999618530273,28.43000030517578,28.322799682617188,28.420000076293945,17384,0.0,0.0,0.0
2024-08-26 12:30:00-04:00,28.35810089111328,28.43000030517578,28.35810089111328,28.43000030517578,810,0.0,0.0,0.0
2024-08-26 13:30:00-04:00,28.359100341796875,28.420000076293945,28.348400115966797,28.420000076293945,2826,0.0,0.0,0.0
2024-08-26 14:30:00-04:00,28.43000030517578,28.43000030517578,28.34000015258789,28.385000228881836,1734,0.0,0.0,0.0
2024-08-26 15:30:00-04:00,28.385000228881836,28.399999618530273,28.385000228881836,28.399999618530273,1032,0.0,0.0,0.0
2024-08-27 09:30:00-04:00,28.459999084472656,28.485000610351562,28.430099487304688,28.485000610351562,0,0.0,0.0,0.0
2024-08-27 10:30:00-04:00,28.480199813842773,28.510000228881836,28.465499877929688,28.48200035095215,2640,0.0,0.0,0.0
2024-08-27 11:30:00-04:00,28.450000762939453,28.468000411987305,28.43090057373047,28.43090057373047,1959,0.0,0.0,0.0
2024-08-27 12:30:00-04:00,28.440000534057617,28.450000762939453,28.43000030517578,28.450000762939453,1084,0.0,0.0,0.0
2024-08-27 13:30:00-04:00,28.520000457763672,28.541200637817383,28.48069953918457,28.48069953918457,1521,0.0,0.0,0.0
2024-08-27 14:30:00-04:00,28.514999389648438,28.549999237060547,28.480100631713867,28.520000457763672,11819,0.0,0.0,0.0
2024-08-27 15:30:00-04:00,28.532100677490234,28.540000915527344,28.479999542236328,28.489999771118164,10097,0.0,0.0,0.0
2024-08-28 09:30:00-04:00,28.309999465942383,28.389999389648438,28.309999465942383,28.3799991607666,0,0.0,0.0,0.0
2024-08-28 10:30:00-04:00,28.309999465942383,28.399999618530273,28.299999237060547,28.346399307250977,3829,0.0,0.0,0.0
2024-08-28 11:30:00-04:00,28.344999313354492,28.344999313354492,28.280000686645508,28.280000686645508,2735,0.0,0.0,0.0
2024-08-28 12:30:00-04:00,28.264999389648438,28.30500030517578,28.264999389648438,28.30500030517578,2316,0.0,0.0,0.0
2024-08-28 13:30:00-04:00,28.271400451660156,28.315000534057617,28.210100173950195,28.211200714111328,2859,0.0,0.0,0.0
2024-08-28 14:30:00-04:00,28.25,28.32990074157715,28.25,28.32990074157715,17421,0.0,0.0,0.0
2024-08-28 15:30:00-04:00,28.280000686645508,28.334999084472656,28.280000686645508,28.290000915527344,0,0.0,0.0,0.0
2024-08-29 09:30:00-04:00,28.420000076293945,28.420000076293945,28.350000381469727,28.379899978637695,5447,0.0,0.0,0.0
2024-08-29 10:30:00-04:00,28.360000610351562,28.399499893188477,28.352399826049805,28.389999389648438,5694,0.0,0.0,0.0
2024-08-29 11:30:00-04:00,28.479999542236328,28.479999542236328,28.479999542236328,28.479999542236328,257,0.0,0.0,0.0
2024-08-29 12:30:00-04:00,28.4950008392334,28.496000289916992,28.4950008392334,28.496000289916992,273,0.0,0.0,0.0
2024-08-29 13:30:00-04:00,28.539899826049805,28.540000915527344,28.520000457763672,28.520000457763672,3950,0.0,0.0,0.0
2024-08-29 14:30:00-04:00,28.489999771118164,28.5,28.459999084472656,28.5,1007,0.0,0.0,0.0
2024-08-29 15:30:00-04:00,28.5049991607666,28.5049991607666,28.470699310302734,28.4950008392334,1758,0.0,0.0,0.0
2024-08-30 09:30:00-04:00,28.399999618530273,28.42840003967285,28.399999618530273,28.42840003967285,0,0.0,0.0,0.0
2024-08-30 10:30:00-04:00,28.489900588989258,28.489900588989258,28.395000457763672,28.395000457763672,4075,0.0,0.0,0.0
2024-08-30 11:30:00-04:00,28.340099334716797,28.354900360107422,28.340099334716797,28.354900360107422,519,0.0,0.0,0.0
2024-08-30 12:30:00-04:00,28.295000076293945,28.30109977722168,28.270000457763672,28.290000915527344,4025,0.0,0.0,0.0
2024-08-30 13:30:00-04:00,28.280000686645508,28.34000015258789,28.280000686645508,28.34000015258789,2398,0.0,0.0,0.0
2024-08-30 14:30:00-04:00,28.31999969482422,28.420000076293945,28.316999435424805,28.3799991607666,2520,0.0,0.0,0.0
2024-08-30 15:30:00-04:00,28.3799991607666,28.440000534057617,28.350000381469727,28.440000534057617,212,0.0,0.0,0.0
2024-09-03 09:30:00-04:00,28.190000534057617,28.229000091552734,28.04560089111328,28.04560089111328,3075,0.0,0.0,0.0
2024-09-03 10:30:00-04:00,28.03499984741211,28.059999465942383,27.989999771118164,28.010000228881836,2704,0.0,0.0,0.0
2024-09-03 11:30:00-04:00,28.014999389648438,28.049999237060547,27.9950008392334,28.049999237060547,3290,0.0,0.0,0.0
2024-09-03 12:30:00-04:00,28.021499633789062,28.049999237060547,27.989999771118164,28.012800216674805,7223,0.0,0.0,0.0
2024-09-03 13:30:00-04:00,28.0,28.01849937438965,27.969999313354492,27.979999542236328,1640,0.0,0.0,0.0
2024-09-03 14:30:00-04:00,27.954999923706055,27.979999542236328,27.920000076293945,27.979999542236328,1966,0.0,0.0,0.0
2024-09-03 15:30:00-04:00,27.989900588989258,27.989900588989258,27.84000015258789,27.889999389648438,2524,0.0,0.0,0.0
2024-09-04 09:30:00-04:00,27.90999984741211,28.010000228881836,27.90999984741211,28.010000228881836,0,0.0,0.0,0.0
2024-09-04 10:30:00-04:00,28.019500732421875,28.040000915527344,27.9950008392334,28.006000518798828,2479,0.0,0.0,0.0
2024-09-04 11:30:00-04:00,27.9950008392334,27.9950008392334,27.93000030517578,27.93000030517578,3895,0.0,0.0,0.0
2024-09-04 12:30:00-04:00,28.00029945373535,28.010000228881836,27.960399627685547,27.97410011291504,2773,0.0,0.0,0.0
2024-09-04 13:30:00-04:00,27.93079948425293,27.9685001373291,27.895000457763672,27.9685001373291,3649,0.0,0.0,0.0
2024-09-04 14:30:00-04:00,27.920000076293945,27.96500015258789,27.8700008392334,27.905000686645508,9188,0.0,0.0,0.0
2024-09-04 15:30:00-04:00,27.8700008392334,27.968599319458008,27.8700008392334,27.959999084472656,0,0.0,0.0,0.0
2024-09-05 09:30:00-04:00,28.009899139404297,28.079999923706055,28.0039005279541,28.040000915527344,4394,0.0,0.0,0.0
2024-09-05 10:30:00-04:00,28.040000915527344,28.049999237060547,27.969999313354492,28.030000686645508,3266,0.0,0.0,0.0
2024-09-05 11:30:00-04:00,27.952199935913086,27.959999084472656,27.860000610351562,27.860000610351562,6049,0.0,0.0,0.0
2024-09-05 12:30:00-04:00,27.89240074157715,27.90999984741211,27.89240074157715,27.90999984741211,763,0.0,0.0,0.0
2024-09-05 13:30:00-04:00,27.8700008392334,28.03070068359375,27.8700008392334,28.0,7834,0.0,0.0,0.0
2024-09-05 14:30:00-04:00,28.00189971923828,28.00189971923828,27.920000076293945,27.93000030517578,1820,0.0,0.0,0.0
2024-09-05 15:30:00-04:00,27.979400634765625,27.979400634765625,27.90999984741211,27.90999984741211,564,0.0,0.0,0.0
2024-09-06 09:30:00-04:00,28.020000457763672,28.058700561523438,27.92620086669922,27.92620086669922,0,0.0,0.0,0.0
2024-09-06 10:30:00-04:00,27.850000381469727,27.8700008392334,27.700000762939453,27.709999084472656,4366,0.0,0.0,0.0
2024-09-06 11:30:00-04:00,27.650800704956055,27.670000076293945,27.611400604248047,27.649999618530273,3924,0.0,0.0,0.0
2024-09-06 12:30:00-04:00,27.626100540161133,27.700000762939453,27.6200008392334,27.700000762939453,3435,0.0,0.0,0.0
2024-09-06 13:30:00-04:00,27.688499450683594,27.700000762939453,27.610000610351562,27.610000610351562,8176,0.0,0.0,0.0
2024-09-06 14:30:00-04:00,27.639999389648438,27.689899444580078,27.610000610351562,27.689899444580078,5012,0.0,0.0,0.0
2024-09-06 15:30:00-04:00,27.670000076293945,27.670000076293945,27.610000610351562,27.610000610351562,368,0.0,0.0,0.0
2024-09-09 09:30:00-04:00,27.790000915527344,27.920000076293945,27.75,27.91990089416504,0,0.0,0.0,0.0
2024-09-09 10:30:00-04:00,27.829999923706055,27.8794002532959,27.799999237060547,27.799999237060547,2258,0.0,0.0,0.0
2024-09-09 11:30:00-04:00,27.82390022277832,27.963699340820312,27.799999237060547,27.8700008392334,3725,0.0,0.0,0.0
2024-09-09 12:30:00-04:00,27.961000442504883,28.0,27.899999618530273,27.969999313354492,15002,0.0,0.0,0.0
2024-09-09 13:30:00-04:00,27.940000534057617,27.940000534057617,27.790000915527344,27.84469985961914,1635,0.0,0.0,0.0
2024-09-09 14:30:00-04:00,27.850000381469727,27.850400924682617,27.770000457763672,27.770000457763672,2688,0.0,0.0,0.0
2024-09-09 15:30:00-04:00,27.802719116210938,27.859899520874023,27.780000686645508,27.780000686645508,0,0.0,0.0,0.0
2024-09-10 09:30:00-04:00,27.739999771118164,27.739999771118164,27.56999969482422,27.56999969482422,3975,0.0,0.0,0.0
2024-09-10 10:30:00-04:00,27.549999237060547,27.6200008392334,27.549999237060547,27.610000610351562,69971,0.0,0.0,0.0
2024-09-10 11:30:00-04:00,27.56999969482422,27.579999923706055,27.510000228881836,27.510000228881836,2677,0.0,0.0,0.0
2024-09-10 12:30:00-04:00,27.510000228881836,27.600000381469727,27.510000228881836,27.600000381469727,3683,0.0,0.0,0.0
2024-09-10 13:30:00-04:00,27.540000915527344,27.688800811767578,27.540000915527344,27.688800811767578,2363,0.0,0.0,0.0
2024-09-10 15:30:00-04:00,27.68000030517578,27.739999771118164,27.68000030517578,27.700000762939453,2877,0.0,0.0,0.0
2024-09-11 09:30:00-04:00,27.649999618530273,27.670000076293945,27.40999984741211,27.420000076293945,0,0.0,0.0,0.0
2024-09-11 10:30:00-04:00,27.350000381469727,27.510000228881836,27.34000015258789,27.510000228881836,11292,0.0,0.0,0.0
2024-09-11 11:30:00-04:00,27.459999084472656,27.600000381469727,27.459999084472656,27.540000915527344,4930,0.0,0.0,0.0
2024-09-11 12:30:00-04:00,27.565000534057617,27.6299991607666,27.565000534057617,27.6299991607666,2404,0.0,0.0,0.0
2024-09-11 13:30:00-04:00,27.708900451660156,27.73979949951172,27.65999984741211,27.65999984741211,1490,0.0,0.0,0.0
2024-09-11 14:30:00-04:00,27.690000534057617,27.769899368286133,27.68000030517578,27.760000228881836,12772,0.0,0.0,0.0
2024-09-11 15:30:00-04:00,27.735000610351562,27.763599395751953,27.709999084472656,27.709999084472656,922,0.0,0.0,0.0
2024-09-12 09:30:00-04:00,27.700000762939453,27.77910041809082,27.665000915527344,27.77910041809082,5687,0.0,0.0,0.0
2024-09-12 10:30:00-04:00,27.68000030517578,27.799999237060547,27.68000030517578,27.799999237060547,7039,0.0,0.0,0.0
2024-09-12 11:30:00-04:00,27.83989906311035,27.879899978637695,27.770000457763672,27.879899978637695,1430,0.0,0.0,0.0
2024-09-12 12:30:00-04:00,27.90999984741211,27.90999984741211,27.829999923706055,27.829999923706055,1160,0.0,0.0,0.0
2024-09-12 13:30:00-04:00,27.885000228881836,27.958900451660156,27.8799991607666,27.958900451660156,3250,0.0,0.0,0.0
2024-09-12 14:30:00-04:00,27.8799991607666,27.895000457763672,27.84000015258789,27.860000610351562,7281,0.0,0.0,0.0
2024-09-12 15:30:00-04:00,27.899999618530273,27.934999465942383,27.895000457763672,27.930299758911133,0,0.0,0.0,0.0
2024-09-13 09:30:00-04:00,27.940000534057617,28.110000610351562,27.940000534057617,28.110000610351562,44433,0.0,0.0,0.0
2024-09-13 10:30:00-04:00,28.010000228881836,28.069900512695312,27.969999313354492,27.989999771118164,2581,0.0,0.0,0.0
2024-09-13 11:30:00-04:00,27.969999313354492,28.043699264526367,27.969999313354492,27.979999542236328,5959,0.0,0.0,0.0
2024-09-13 12:30:00-04:00,28.06999969482422,28.06999969482422,27.959999084472656,27.969999313354492,2555,0.0,0.0,0.0
2024-09-13 13:30:00-04:00,28.006200790405273,28.006200790405273,27.940000534057617,27.940000534057617,3220,0.0,0.0,0.0
2024-09-13 14:30:00-04:00,27.940000534057617,27.980300903320312,27.90999984741211,27.959999084472656,8901,0.0,0.0,0.0
2024-09-13 15:30:00-04:00,28.0,28.010000228881836,27.940000534057617,27.950000762939453,0,0.0,0.0,0.0
2024-09-16 09:30:00-04:00,28.19499969482422,28.21500015258789,28.19499969482422,28.209999084472656,2791,0.0,0.0,0.0
2024-09-16 10:30:00-04:00,28.184999465942383,28.228599548339844,28.15999984741211,28.200000762939453,0,0.0,0.0,0.0
2024-09-16 11:30:00-04:00,28.174999237060547,28.229999542236328,28.15999984741211,28.170000076293945,7837,0.0,0.0,0.0
2024-09-16 12:30:00-04:00,28.209999084472656,28.319299697875977,28.209999084472656,28.260000228881836,6492,0.0,0.0,0.0
2024-09-16 13:30:00-04:00,28.290000915527344,28.33989906311035,28.219999313354492,28.299999237060547,20508,0.0,0.0,0.0
2024-09-16 14:30:00-04:00,28.2549991607666,28.299999237060547,28.219999313354492,28.264999389648438,19701,0.0,0.0,0.0
2024-09-16 15:30:00-04:00,28.270000457763672,28.280000686645508,28.260000228881836,28.280000686645508,0,0.0,0.0,0.0
2024-09-17 09:30:00-04:00,28.280000686645508,28.3700008392334,28.2450008392334,28.309999465942383,6401,0.0,0.0,0.0
2024-09-17 10:30:00-04:00,28.30500030517578,28.30500030517578,28.200000762939453,28.200000762939453,51689,0.0,0.0,0.0
2024-09-17 11:30:00-04:00,28.190000534057617,28.202699661254883,28.159000396728516,28.165000915527344,2666,0.0,0.0,0.0
2024-09-17 12:30:00-04:00,28.1200008392334,28.139999389648438,28.076200485229492,28.139999389648438,2759,0.0,0.0,0.0
2024-09-17 13:30:00-04:00,28.1200008392334,28.189899444580078,28.100000381469727,28.163000106811523,4991,0.0,0.0,0.0
2024-09-17 14:30:00-04:00,28.12700080871582,28.18000030517578,28.100000381469727,28.18000030517578,6257,0.0,0.0,0.0
2024-09-17 15:30:00-04:00,28.125,28.152099609375,28.08009910583496,28.114999771118164,0,0.0,0.0,0.0
2024-09-18 09:30:00-04:00,28.239999771118164,28.27910041809082,28.148099899291992,28.194799423217773,3774,0.0,0.0,0.0
2024-09-18 10:30:00-04:00,28.216899871826172,28.22949981689453,28.090999603271484,28.090999603271484,9123,0.0,0.0,0.0
2024-09-18 11:30:00-04:00,28.079999923706055,28.190000534057617,28.059999465942383,28.12980079650879,1383,0.0,0.0,0.0
2024-09-18 12:30:00-04:00,28.14189910888672,28.190000534057617,28.120100021362305,28.190000534057617,2248,0.0,0.0,0.0
2024-09-18 13:30:00-04:00,28.200000762939453,28.372400283813477,28.200000762939453,28.372400283813477,5697,0.0,0.0,0.0
2024-09-18 14:30:00-04:00,28.341100692749023,28.3799991607666,28.170000076293945,28.170000076293945,5923,0.0,0.0,0.0
2024-09-18 15:30:00-04:00,28.25,28.260000228881836,28.08530044555664,28.100000381469727,0,0.0,0.0,0.0
2024-09-19 09:30:00-04:00,28.5,28.539600372314453,28.42099952697754,28.459299087524414,3021,0.0,0.0,0.0
2024-09-19 10:30:00-04:00,28.46109962463379,28.51849937438965,28.400100708007812,28.51849937438965,4052,0.0,0.0,0.0
2024-09-19 11:30:00-04:00,28.549999237060547,28.59760093688965,28.548999786376953,28.59760093688965,4032,0.0,0.0,0.0
2024-09-19 12:30:00-04:00,28.56999969482422,28.58530044555664,28.56999969482422,28.56999969482422,696,0.0,0.0,0.0
2024-09-19 13:30:00-04:00,28.55459976196289,28.599899291992188,28.520000457763672,28.565000534057617,5251,0.0,0.0,0.0
2024-09-19 14:30:00-04:00,28.58060073852539,28.658199310302734,28.520000457763672,28.520000457763672,3406,0.0,0.0,0.0
2024-09-19 15:30:00-04:00,28.599599838256836,28.609899520874023,28.55500030517578,28.55940055847168,5207,0.0,0.0,0.0
2024-09-20 09:30:00-04:00,28.299999237060547,28.299999237060547,28.204999923706055,28.231199264526367,0,0.0,0.0,0.0
2024-09-20 10:30:00-04:00,28.263099670410156,28.309900283813477,28.211000442504883,28.309900283813477,12403,0.0,0.0,0.0
2024-09-20 11:30:00-04:00,28.256200790405273,28.298200607299805,28.180099487304688,28.298200607299805,3464,0.0,0.0,0.0
2024-09-20 12:30:00-04:00,28.285900115966797,28.285900115966797,28.200000762939453,28.26140022277832,1298,0.0,0.0,0.0
2024-09-20 13:30:00-04:00,28.239900588989258,28.283300399780273,28.200000762939453,28.259599685668945,4432,0.0,0.0,0.0
2024-09-20 14:30:00-04:00,28.170000076293945,28.311899185180664,28.170000076293945,28.250699996948242,5377,0.0,0.0,0.0
2024-09-20 15:30:00-04:00,28.294300079345703,28.294300079345703,28.219999313354492,28.219999313354492,753,0.0,0.0,0.0
2024-09-23 09:30:00-04:00,28.413000106811523,28.429899215698242,28.3799991607666,28.402799606323242,0,0.0,0.0,0.0
2024-09-23 10:30:00-04:00,28.479999542236328,28.479999542236328,28.401599884033203,28.450000762939453,5984,0.0,0.0,0.0
2024-09-23 11:30:00-04:00,28.479999542236328,28.479999542236328,28.350000381469727,28.40999984741211,2258,0.0,0.0,0.0
2024-09-23 12:30:00-04:00,28.420000076293945,28.440000534057617,28.370100021362305,28.440000534057617,13158,0.0,0.0,0.0
2024-09-23 13:30:00-04:00,28.450000762939453,28.530000686645508,28.43000030517578,28.479999542236328,4225,0.0,0.0,0.0
2024-09-23 14:30:00-04:00,28.489999771118164,28.549999237060547,28.40999984741211,28.520299911499023,10484,0.0,0.0,0.0
2024-09-23 15:30:00-04:00,28.475000381469727,28.520999908447266,28.420000076293945,28.420000076293945,0,0.0,0.0,0.0
2024-09-24 09:30:00-04:00,28.549999237060547,28.610000610351562,28.548999786376953,28.610000610351562,6454,0.0,0.0,0.0
2024-09-24 10:30:00-04:00,28.579999923706055,28.625499725341797,28.530000686645508,28.6200008392334,6353,0.0,0.0,0.0
2024-09-24 11:30:00-04:00,28.639999389648438,28.639999389648438,28.575599670410156,28.6200008392334,14934,0.0,0.0,0.0
2024-09-24 12:30:00-04:00,28.6200008392334,28.633100509643555,28.56999969482422,28.633100509643555,804,0.0,0.0,0.0
2024-09-24 13:30:00-04:00,28.610000610351562,28.614299774169922,28.56999969482422,28.56999969482422,1506,0.0,0.0,0.0
2024-09-24 14:30:00-04:00,28.600000381469727,28.6299991607666,28.58919906616211,28.597000122070312,19057,0.0,0.0,0.0
2024-09-24 15:30:00-04:00,28.6200008392334,28.649999618530273,28.600000381469727,28.600000381469727,4045,0.0,0.0,0.0
2024-09-25 09:30:00-04:00,28.670000076293945,28.679000854492188,28.510099411010742,28.628299713134766,0,0.0,0.0,0.0
2024-09-25 10:30:00-04:00,28.511999130249023,28.603300094604492,28.511999130249023,28.579999923706055,6140,0.0,0.0,0.0
2024-09-25 11:30:00-04:00,28.579999923706055,28.579999923706055,28.440099716186523,28.440099716186523,5879,0.0,0.0,0.0
2024-09-25 12:30:00-04:00,28.4950008392334,28.559999465942383,28.440099716186523,28.454999923706055,7735,0.0,0.0,0.0
2024-09-25 13:30:00-04:00,28.469999313354492,28.520000457763672,28.465999603271484,28.520000457763672,6657,0.0,0.0,0.0
2024-09-25 14:30:00-04:00,28.520000457763672,28.520000457763672,28.440000534057617,28.479999542236328,9829,0.0,0.0,0.0
2024-09-25 15:30:00-04:00,28.520000457763672,28.520000457763672,28.469999313354492,28.489999771118164,0,0.0,0.0,0.0
2024-09-26 09:30:00-04:00,28.649999618530273,28.703899383544922,28.64389991760254,28.679800033569336,14947,0.0,0.0,0.0
2024-09-26 10:30:00-04:00,28.68000030517578,28.729999542236328,28.600000381469727,28.729900360107422,5320,0.0,0.0,0.0
2024-09-26 11:30:00-04:00,28.729999542236328,28.81999969482422,28.70359992980957,28.809999465942383,1890,0.0,0.0,0.0
2024-09-26 12:30:00-04:00,28.790000915527344,28.799999237060547,28.711700439453125,28.799999237060547,1201,0.0,0.0,0.0
2024-09-26 13:30:00-04:00,28.780000686645508,28.78230094909668,28.70829963684082,28.729799270629883,1099,0.0,0.0,0.0
2024-09-26 14:30:00-04:00,28.799999237060547,28.809900283813477,28.723100662231445,28.7549991607666,6952,0.0,0.0,0.0
2024-09-26 15:30:00-04:00,28.721799850463867,28.76919937133789,28.721799850463867,28.760000228881836,915,0.0,0.0,0.0
2024-09-27 09:30:00-04:00,28.780000686645508,28.86870002746582,28.780000686645508,28.844900131225586,0,0.0,0.0,0.0
2024-09-27 10:30:00-04:00,28.864999771118164,28.898700714111328,28.799999237060547,28.849899291992188,5490,0.0,0.0,0.0
2024-09-27 11:30:00-04:00,28.834999084472656,28.850000381469727,28.78499984741211,28.828800201416016,1546,0.0,0.0,0.0
2024-09-27 12:30:00-04:00,28.84000015258789,28.84000015258789,28.729999542236328,28.78499984741211,3071,0.0,0.0,0.0
2024-09-27 13:30:00-04:00,28.790000915527344,28.799999237060547,28.75,28.799999237060547,5240,0.0,0.0,0.0
2024-09-27 14:30:00-04:00,28.75,28.780000686645508,28.75,28.780000686645508,1571,0.0,0.0,0.0
2024-09-27 15:30:00-04:00,28.780000686645508,28.780000686645508,28.71339988708496,28.71339988708496,1075,0.0,0.0,0.0
2024-09-30 09:30:00-04:00,28.601499557495117,28.670000076293945,28.50819969177246,28.50819969177246,0,0.0,0.0,0.0
2024-09-30 10:30:00-04:00,28.565000534057617,28.625,28.56089973449707,28.600000381469727,6057,0.0,0.0,0.0
2024-09-30 11:30:00-04:00,28.54439926147461,28.559999465942383,28.471099853515625,28.559999465942383,2292,0.0,0.0,0.0
2024-09-30 12:30:00-04:00,28.56369972229004,28.571399688720703,28.510000228881836,28.510000228881836,959,0.0,0.0,0.0
2024-09-30 13:30:00-04:00,28.500499725341797,28.57110023498535,28.466400146484375,28.466400146484375,39252,0.0,0.0,0.0
2024-09-30 14:30:00-04:00,28.489999771118164,28.559999465942383,28.47260093688965,28.559999465942383,4215,0.0,0.0,0.0
2024-09-30 15:30:00-04:00,28.548900604248047,28.559499740600586,28.548900604248047,28.548900604248047,0,0.0,0.0,0.0
2024-10-01 09:30:00-04:00,28.530000686645508,28.57539939880371,28.335500717163086,28.335500717163086,0,0.0,0.0,0.0
2024-10-01 10:30:00-04:00,28.329999923706055,28.389999389648438,28.31999969482422,28.34000015258789,11633,0.0,0.0,0.0
2024-10-01 11:30:00-04:00,28.360000610351562,28.450000762939453,28.350000381469727,28.3700008392334,6995,0.0,0.0,0.0
2024-10-01 12:30:00-04:00,28.43560028076172,28.43560028076172,28.294099807739258,28.294099807739258,1266,0.0,0.0,0.0
2024-10-01 13:30:00-04:00,28.360000610351562,28.510000228881836,28.360000610351562,28.465900421142578,2967,0.0,0.0,0.0
2024-10-01 14:30:00-04:00,28.489999771118164,28.5231990814209,28.45009994506836,28.5231990814209,3538,0.0,0.0,0.0
2024-10-01 15:30:00-04:00,28.48189926147461,28.540000915527344,28.389999389648438,28.389999389648438,0,0.0,0.0,0.0
2024-10-02 09:30:00-04:00,28.412599563598633,28.489999771118164,28.389999389648438,28.489900588989258,7985,0.0,0.0,0.0
2024-10-02 10:30:00-04:00,28.43000030517578,28.450000762939453,28.378999710083008,28.450000762939453,60536,0.0,0.0,0.0
2024-10-02 11:30:00-04:00,28.479999542236328,28.48200035095215,28.37179946899414,28.416900634765625,3021,0.0,0.0,0.0
2024-10-02 12:30:00-04:00,28.3927001953125,28.449899673461914,28.33489990234375,28.354999542236328,5160,0.0,0.0,0.0
2024-10-02 13:30:00-04:00,28.344999313354492,28.389999389648438,28.30620002746582,28.30620002746582,5305,0.0,0.0,0.0
2024-10-02 14:30:00-04:00,28.34000015258789,28.34000015258789,28.309999465942383,28.309999465942383,3773,0.0,0.0,0.0
2024-10-02 15:30:00-04:00,28.311599731445312,28.389999389648438,28.309999465942383,28.379199981689453,11462,0.0,0.0,0.0
2024-10-03 09:30:00-04:00,28.09000015258789,28.09000015258789,28.034700393676758,28.040000915527344,0,0.0,0.0,0.0
2024-10-03 10:30:00-04:00,28.05109977722168,28.06679916381836,28.00779914855957,28.016300201416016,2391,0.0,0.0,0.0
2024-10-03 11:30:00-04:00,28.110000610351562,28.170000076293945,28.047500610351562,28.170000076293945,4778,0.0,0.0,0.0
2024-10-03 12:30:00-04:00,28.1200008392334,28.15850067138672,28.100000381469727,28.100000381469727,1340,0.0,0.0,0.0
2024-10-03 13:30:00-04:00,28.09000015258789,28.09000015258789,28.079999923706055,28.09000015258789,1143,0.0,0.0,0.0
2024-10-03 14:30:00-04:00,28.030099868774414,28.079999923706055,27.989999771118164,27.989999771118164,2589,0.0,0.0,0.0
2024-10-03 15:30:00-04:00,28.059999465942383,28.079999923706055,28.01759910583496,28.052000045776367,0,0.0,0.0,0.0
2024-10-04 09:30:00-04:00,28.010000228881836,28.15220069885254,28.010000228881836,28.149999618530273,7502,0.0,0.0,0.0
2024-10-04 10:30:00-04:00,28.065000534057617,28.118799209594727,28.065000534057617,28.118799209594727,2642,0.0,0.0,0.0
2024-10-04 11:30:00-04:00,28.040000915527344,28.098899841308594,28.040000915527344,28.059999465942383,3436,0.0,0.0,0.0
2024-10-04 12:30:00-04:00,28.075000762939453,28.139999389648438,28.075000762939453,28.1200008392334,4342,0.0,0.0,0.0
2024-10-04 13:30:00-04:00,28.149999618530273,28.172300338745117,28.099000930786133,28.099000930786133,3516,0.0,0.0,0.0
2024-10-04 14:30:00-04:00,28.179399490356445,28.179399490356445,28.110000610351562,28.171899795532227,3264,0.0,0.0,0.0
2024-10-04 15:30:00-04:00,28.132099151611328,28.216999053955078,28.1299991607666,28.213600158691406,2252,0.0,0.0,0.0
