Datetime,Open,High,Low,Close,Volume,Dividends,Stock Splits,Capital Gains
2022-10-06 09:30:00-04:00,19.520000457763672,19.520000457763672,19.344999313354492,19.3700008392334,32378,0.0,0.0,0.0
2022-10-06 10:30:00-04:00,19.357900619506836,19.397600173950195,19.321699142456055,19.364999771118164,11613,0.0,0.0,0.0
2022-10-06 11:30:00-04:00,19.3799991607666,19.40999984741211,19.357900619506836,19.378299713134766,13610,0.0,0.0,0.0
2022-10-06 12:30:00-04:00,19.409099578857422,19.420000076293945,19.398099899291992,19.420000076293945,9660,0.0,0.0,0.0
2022-10-06 13:30:00-04:00,19.43000030517578,19.489999771118164,19.399999618530273,19.489999771118164,5305,0.0,0.0,0.0
2022-10-06 14:30:00-04:00,19.44499969482422,19.489999771118164,19.419700622558594,19.489999771118164,6522,0.0,0.0,0.0
2022-10-06 15:30:00-04:00,19.419700622558594,19.510000228881836,19.3799991607666,19.399999618530273,6139,0.0,0.0,0.0
2022-10-07 09:30:00-04:00,19.350000381469727,19.389999389648438,19.209999084472656,19.280000686645508,25062,0.0,0.0,0.0
2022-10-07 10:30:00-04:00,19.293800354003906,19.33799934387207,19.280000686645508,19.31599998474121,17534,0.0,0.0,0.0
2022-10-07 11:30:00-04:00,19.325300216674805,19.3700008392334,19.299999237060547,19.31999969482422,12319,0.0,0.0,0.0
2022-10-07 12:30:00-04:00,19.315000534057617,19.343700408935547,19.25,19.2549991607666,12380,0.0,0.0,0.0
2022-10-07 13:30:00-04:00,19.270000457763672,19.280000686645508,19.079999923706055,19.079999923706055,82156,0.0,0.0,0.0
2022-10-07 14:30:00-04:00,19.147499084472656,19.239999771118164,19.090299606323242,19.209999084472656,17508,0.0,0.0,0.0
2022-10-07 15:30:00-04:00,19.209299087524414,19.209999084472656,19.140100479125977,19.18000030517578,11947,0.0,0.0,0.0
2022-10-10 09:30:00-04:00,19.18000030517578,19.238100051879883,19.149999618530273,19.174999237060547,13474,0.0,0.0,0.0
2022-10-10 10:30:00-04:00,19.149999618530273,19.149999618530273,19.049999237060547,19.079999923706055,30839,0.0,0.0,0.0
2022-10-10 11:30:00-04:00,19.051000595092773,19.100000381469727,19.02899932861328,19.06999969482422,16555,0.0,0.0,0.0
2022-10-10 12:30:00-04:00,19.040000915527344,19.040000915527344,18.90999984741211,18.954999923706055,17862,0.0,0.0,0.0
2022-10-10 13:30:00-04:00,18.954999923706055,18.993499755859375,18.90999984741211,18.90999984741211,23908,0.0,0.0,0.0
2022-10-10 14:30:00-04:00,18.950000762939453,18.950000762939453,18.91080093383789,18.92009925842285,6761,0.0,0.0,0.0
2022-10-10 15:30:00-04:00,18.945899963378906,18.950000762939453,18.899999618530273,18.899999618530273,0,0.0,0.0,0.0
2022-10-11 09:30:00-04:00,18.889999389648438,18.950000762939453,18.709999084472656,18.719999313354492,32921,0.0,0.0,0.0
2022-10-11 10:30:00-04:00,18.72010040283203,18.888599395751953,18.72010040283203,18.829999923706055,15350,0.0,0.0,0.0
2022-10-11 11:30:00-04:00,18.88990020751953,18.899900436401367,18.780000686645508,18.8700008392334,14422,0.0,0.0,0.0
2022-10-11 12:30:00-04:00,18.850000381469727,18.899999618530273,18.850000381469727,18.862499237060547,7415,0.0,0.0,0.0
2022-10-11 13:30:00-04:00,18.86039924621582,18.8799991607666,18.860000610351562,18.864999771118164,2948,0.0,0.0,0.0
2022-10-11 14:30:00-04:00,18.850000381469727,18.850000381469727,18.68000030517578,18.68000030517578,41968,0.0,0.0,0.0
2022-10-11 15:30:00-04:00,18.75,18.75819969177246,18.68000030517578,18.68000030517578,4460,0.0,0.0,0.0
2022-10-12 09:30:00-04:00,18.6200008392334,18.799999237060547,18.59000015258789,18.719999313354492,40980,0.0,0.0,0.0
2022-10-12 10:30:00-04:00,18.705699920654297,18.705699920654297,18.610000610351562,18.6200008392334,12796,0.0,0.0,0.0
2022-10-12 11:30:00-04:00,18.6299991607666,18.659900665283203,18.6200008392334,18.6200008392334,7027,0.0,0.0,0.0
2022-10-12 12:30:00-04:00,18.6299991607666,18.645999908447266,18.600000381469727,18.645999908447266,11850,0.0,0.0,0.0
2022-10-12 13:30:00-04:00,18.60099983215332,18.655000686645508,18.579999923706055,18.655000686645508,11759,0.0,0.0,0.0
2022-10-12 14:30:00-04:00,18.639999389648438,18.660400390625,18.579999923706055,18.6200008392334,13279,0.0,0.0,0.0
2022-10-12 15:30:00-04:00,18.594499588012695,18.6200008392334,18.59000015258789,18.6200008392334,0,0.0,0.0,0.0
2022-10-13 09:30:00-04:00,18.459999084472656,18.523799896240234,18.190000534057617,18.44499969482422,30896,0.0,0.0,0.0
2022-10-13 10:30:00-04:00,18.489900588989258,18.600000381469727,18.438499450683594,18.59510040283203,12621,0.0,0.0,0.0
2022-10-13 11:30:00-04:00,18.610000610351562,18.65999984741211,18.600000381469727,18.600000381469727,4361,0.0,0.0,0.0
2022-10-13 12:30:00-04:00,18.625,18.641300201416016,18.4950008392334,18.621599197387695,15339,0.0,0.0,0.0
2022-10-13 13:30:00-04:00,18.55500030517578,18.625,18.55500030517578,18.600000381469727,11745,0.0,0.0,0.0
2022-10-13 14:30:00-04:00,18.565000534057617,18.627300262451172,18.54599952697754,18.54599952697754,17154,0.0,0.0,0.0
2022-10-13 15:30:00-04:00,18.565000534057617,18.599899291992188,18.540000915527344,18.540000915527344,0,0.0,0.0,0.0
2022-10-14 09:30:00-04:00,18.600000381469727,18.749900817871094,18.600000381469727,18.65730094909668,28239,0.0,0.0,0.0
2022-10-14 10:30:00-04:00,18.670000076293945,18.74850082397461,18.649999618530273,18.74850082397461,146957,0.0,0.0,0.0
2022-10-14 11:30:00-04:00,18.75,18.75,18.65999984741211,18.700000762939453,11790,0.0,0.0,0.0
2022-10-14 12:30:00-04:00,18.69230079650879,18.749900817871094,18.6200008392334,18.639999389648438,9757,0.0,0.0,0.0
2022-10-14 13:30:00-04:00,18.639999389648438,18.66990089416504,18.610000610351562,18.63990020751953,2906,0.0,0.0,0.0
2022-10-14 14:30:00-04:00,18.62929916381836,18.66990089416504,18.600000381469727,18.600000381469727,5068,0.0,0.0,0.0
2022-10-14 15:30:00-04:00,18.649999618530273,18.649999618530273,18.600000381469727,18.6299991607666,8767,0.0,0.0,0.0
2022-10-17 09:30:00-04:00,18.65999984741211,18.899900436401367,18.65999984741211,18.850000381469727,27058,0.0,0.0,0.0
2022-10-17 10:30:00-04:00,18.850000381469727,18.879899978637695,18.809999465942383,18.81999969482422,8884,0.0,0.0,0.0
2022-10-17 11:30:00-04:00,18.81999969482422,18.844999313354492,18.799999237060547,18.815000534057617,4415,0.0,0.0,0.0
2022-10-17 12:30:00-04:00,18.81999969482422,18.829999923706055,18.760000228881836,18.780099868774414,11996,0.0,0.0,0.0
2022-10-17 13:30:00-04:00,18.78499984741211,18.850000381469727,18.78499984741211,18.84000015258789,12879,0.0,0.0,0.0
2022-10-17 14:30:00-04:00,18.84000015258789,18.84000015258789,18.7721004486084,18.790000915527344,18759,0.0,0.0,0.0
2022-10-17 15:30:00-04:00,18.780000686645508,18.850000381469727,18.770000457763672,18.850000381469727,0,0.0,0.0,0.0
2022-10-18 09:30:00-04:00,18.899999618530273,19.0,18.899999618530273,18.950000762939453,29165,0.0,0.0,0.0
2022-10-18 10:30:00-04:00,18.979999542236328,19.0,18.84000015258789,18.874000549316406,19459,0.0,0.0,0.0
2022-10-18 11:30:00-04:00,18.860000610351562,18.90999984741211,18.829999923706055,18.8799991607666,52132,0.0,0.0,0.0
2022-10-18 12:30:00-04:00,18.8799991607666,18.969999313354492,18.8799991607666,18.929100036621094,5797,0.0,0.0,0.0
2022-10-18 13:30:00-04:00,18.932199478149414,18.95330047607422,18.8799991607666,18.950000762939453,11602,0.0,0.0,0.0
2022-10-18 14:30:00-04:00,18.950000762939453,18.959999084472656,18.886600494384766,18.950000762939453,23170,0.0,0.0,0.0
2022-10-18 15:30:00-04:00,18.924999237060547,18.950000762939453,18.8799991607666,18.8799991607666,13804,0.0,0.0,0.0
2022-10-19 09:30:00-04:00,18.760000228881836,18.93280029296875,18.760000228881836,18.82200050354004,16378,0.0,0.0,0.0
2022-10-19 10:30:00-04:00,18.81999969482422,18.829999923706055,18.75,18.78499984741211,18989,0.0,0.0,0.0
2022-10-19 11:30:00-04:00,18.790000915527344,18.790000915527344,18.697900772094727,18.70840072631836,12099,0.0,0.0,0.0
2022-10-19 12:30:00-04:00,18.704999923706055,18.713699340820312,18.65999984741211,18.68000030517578,6924,0.0,0.0,0.0
2022-10-19 13:30:00-04:00,18.68000030517578,18.787500381469727,18.65999984741211,18.786500930786133,13549,0.0,0.0,0.0
2022-10-19 14:30:00-04:00,18.77989959716797,18.77989959716797,18.700000762939453,18.752500534057617,16529,0.0,0.0,0.0
2022-10-19 15:30:00-04:00,18.729999542236328,18.760000228881836,18.725000381469727,18.760000228881836,8356,0.0,0.0,0.0
2022-10-20 09:30:00-04:00,18.6299991607666,18.6299991607666,18.5,18.564300537109375,16690,0.0,0.0,0.0
2022-10-20 10:30:00-04:00,18.550100326538086,18.629199981689453,18.530000686645508,18.56220054626465,8581,0.0,0.0,0.0
2022-10-20 11:30:00-04:00,18.580299377441406,18.59000015258789,18.489999771118164,18.490999221801758,10689,0.0,0.0,0.0
2022-10-20 12:30:00-04:00,18.450000762939453,18.450000762939453,18.3700008392334,18.389999389648438,14599,0.0,0.0,0.0
2022-10-20 13:30:00-04:00,18.389999389648438,18.389999389648438,18.279499053955078,18.290000915527344,12164,0.0,0.0,0.0
2022-10-20 14:30:00-04:00,18.295000076293945,18.31999969482422,18.229999542236328,18.25,30311,0.0,0.0,0.0
2022-10-20 15:30:00-04:00,18.2450008392334,18.31999969482422,18.22010040283203,18.229999542236328,8588,0.0,0.0,0.0
2022-10-21 09:30:00-04:00,18.149999618530273,18.180500030517578,18.040000915527344,18.104999542236328,35258,0.0,0.0,0.0
2022-10-21 10:30:00-04:00,18.104999542236328,18.1200008392334,18.021099090576172,18.036699295043945,19463,0.0,0.0,0.0
2022-10-21 11:30:00-04:00,18.04990005493164,18.099899291992188,18.035999298095703,18.050100326538086,21870,0.0,0.0,0.0
2022-10-21 12:30:00-04:00,18.059999465942383,18.1200008392334,18.059999465942383,18.079999923706055,19638,0.0,0.0,0.0
2022-10-21 13:30:00-04:00,18.079999923706055,18.1200008392334,18.049999237060547,18.059999465942383,12606,0.0,0.0,0.0
2022-10-21 14:30:00-04:00,18.059999465942383,18.11989974975586,18.020000457763672,18.079999923706055,35053,0.0,0.0,0.0
2022-10-21 15:30:00-04:00,18.066299438476562,18.1200008392334,18.020000457763672,18.030000686645508,20614,0.0,0.0,0.0
2022-10-24 09:30:00-04:00,18.020000457763672,18.270000457763672,18.020000457763672,18.15999984741211,77784,0.0,0.0,0.0
2022-10-24 10:30:00-04:00,18.190000534057617,18.22279930114746,18.140300750732422,18.174999237060547,11876,0.0,0.0,0.0
2022-10-24 11:30:00-04:00,18.174999237060547,18.200000762939453,18.100000381469727,18.149900436401367,29726,0.0,0.0,0.0
2022-10-24 12:30:00-04:00,18.110000610351562,18.190000534057617,18.100000381469727,18.100000381469727,11614,0.0,0.0,0.0
2022-10-24 13:30:00-04:00,18.145000457763672,18.149999618530273,18.100000381469727,18.131399154663086,41711,0.0,0.0,0.0
2022-10-24 14:30:00-04:00,18.139999389648438,18.149900436401367,18.079999923706055,18.11989974975586,23162,0.0,0.0,0.0
2022-10-24 15:30:00-04:00,18.1200008392334,18.140399932861328,18.1200008392334,18.1200008392334,9489,0.0,0.0,0.0
2022-10-25 09:30:00-04:00,18.1200008392334,18.359800338745117,18.1200008392334,18.329999923706055,24867,0.0,0.0,0.0
2022-10-25 10:30:00-04:00,18.329999923706055,18.420000076293945,18.284099578857422,18.368999481201172,19377,0.0,0.0,0.0
2022-10-25 11:30:00-04:00,18.3700008392334,18.420000076293945,18.309999465942383,18.334999084472656,25211,0.0,0.0,0.0
2022-10-25 12:30:00-04:00,18.334999084472656,18.399999618530273,18.329999923706055,18.3700008392334,14485,0.0,0.0,0.0
2022-10-25 13:30:00-04:00,18.385000228881836,18.405000686645508,18.351299285888672,18.40220069885254,11933,0.0,0.0,0.0
2022-10-25 14:30:00-04:00,18.39900016784668,18.43000030517578,18.39579963684082,18.41010093688965,16787,0.0,0.0,0.0
2022-10-25 15:30:00-04:00,18.43000030517578,18.43000030517578,18.350000381469727,18.360000610351562,10135,0.0,0.0,0.0
2022-10-26 09:30:00-04:00,18.459999084472656,18.549999237060547,18.43000030517578,18.540000915527344,31532,0.0,0.0,0.0
2022-10-26 10:30:00-04:00,18.578100204467773,18.649999618530273,18.520099639892578,18.635000228881836,14379,0.0,0.0,0.0
2022-10-26 11:30:00-04:00,18.649999618530273,18.649999618530273,18.579999923706055,18.604999542236328,8934,0.0,0.0,0.0
2022-10-26 12:30:00-04:00,18.60930061340332,18.610000610351562,18.559999465942383,18.559999465942383,10963,0.0,0.0,0.0
2022-10-26 13:30:00-04:00,18.559999465942383,18.579999923706055,18.520000457763672,18.520000457763672,14581,0.0,0.0,0.0
2022-10-26 14:30:00-04:00,18.520099639892578,18.540000915527344,18.43589973449707,18.469999313354492,18485,0.0,0.0,0.0
2022-10-26 15:30:00-04:00,18.469999313354492,18.510000228881836,18.45009994506836,18.475000381469727,7604,0.0,0.0,0.0
2022-10-27 09:30:00-04:00,18.600000381469727,18.648700714111328,18.43000030517578,18.549999237060547,17655,0.0,0.0,0.0
2022-10-27 10:30:00-04:00,18.579999923706055,18.579999923706055,18.510000228881836,18.559999465942383,9986,0.0,0.0,0.0
2022-10-27 11:30:00-04:00,18.565000534057617,18.565000534057617,18.479999542236328,18.479999542236328,10240,0.0,0.0,0.0
2022-10-27 12:30:00-04:00,18.480100631713867,18.52989959716797,18.479999542236328,18.496000289916992,8839,0.0,0.0,0.0
2022-10-27 13:30:00-04:00,18.490100860595703,18.4950008392334,18.440000534057617,18.46500015258789,14963,0.0,0.0,0.0
2022-10-27 14:30:00-04:00,18.43000030517578,18.459999084472656,18.399999618530273,18.40250015258789,12252,0.0,0.0,0.0
2022-10-27 15:30:00-04:00,18.389999389648438,18.420000076293945,18.375499725341797,18.40999984741211,7159,0.0,0.0,0.0
2022-10-28 09:30:00-04:00,18.43000030517578,18.5,18.42009925842285,18.5,23577,0.0,0.0,0.0
2022-10-28 10:30:00-04:00,18.479999542236328,18.5,18.420000076293945,18.43000030517578,11741,0.0,0.0,0.0
2022-10-28 11:30:00-04:00,18.43000030517578,18.459999084472656,18.399999618530273,18.459999084472656,20314,0.0,0.0,0.0
2022-10-28 12:30:00-04:00,18.459999084472656,18.499900817871094,18.450000762939453,18.479999542236328,9860,0.0,0.0,0.0
2022-10-28 13:30:00-04:00,18.479999542236328,18.52989959716797,18.469999313354492,18.52989959716797,9340,0.0,0.0,0.0
2022-10-28 14:30:00-04:00,18.515100479125977,18.559999465942383,18.5,18.530099868774414,21403,0.0,0.0,0.0
2022-10-28 15:30:00-04:00,18.555999755859375,18.579999923706055,18.536300659179688,18.56999969482422,19798,0.0,0.0,0.0
2022-10-31 09:30:00-04:00,18.549999237060547,18.689199447631836,18.549999237060547,18.584999084472656,55207,0.0,0.0,0.0
2022-10-31 10:30:00-04:00,18.615999221801758,18.665000915527344,18.584999084472656,18.649999618530273,12757,0.0,0.0,0.0
2022-10-31 11:30:00-04:00,18.642900466918945,18.709999084472656,18.642900466918945,18.649999618530273,19542,0.0,0.0,0.0
2022-10-31 12:30:00-04:00,18.68000030517578,18.699899673461914,18.63010025024414,18.687000274658203,5740,0.0,0.0,0.0
2022-10-31 13:30:00-04:00,18.65999984741211,18.690000534057617,18.649999618530273,18.690000534057617,8089,0.0,0.0,0.0
2022-10-31 14:30:00-04:00,18.6299991607666,18.68000030517578,18.530000686645508,18.579999923706055,24627,0.0,0.0,0.0
2022-10-31 15:30:00-04:00,18.579999923706055,18.65999984741211,18.520000457763672,18.65999984741211,0,0.0,0.0,0.0
2022-11-01 09:30:00-04:00,18.780000686645508,18.780000686645508,18.66010093688965,18.689800262451172,25671,0.0,0.0,0.0
2022-11-01 10:30:00-04:00,18.674999237060547,18.690000534057617,18.600000381469727,18.625,27425,0.0,0.0,0.0
2022-11-01 11:30:00-04:00,18.6299991607666,18.679800033569336,18.600000381469727,18.620100021362305,20382,0.0,0.0,0.0
2022-11-01 12:30:00-04:00,18.627899169921875,18.639999389648438,18.532400131225586,18.600000381469727,17475,0.0,0.0,0.0
2022-11-01 13:30:00-04:00,18.600000381469727,18.622900009155273,18.56999969482422,18.600000381469727,5369,0.0,0.0,0.0
2022-11-01 14:30:00-04:00,18.602100372314453,18.6200008392334,18.56999969482422,18.600000381469727,19625,0.0,0.0,0.0
2022-11-01 15:30:00-04:00,18.56999969482422,18.62030029296875,18.549999237060547,18.559999465942383,33061,0.0,0.0,0.0
2022-11-02 09:30:00-04:00,18.600000381469727,18.600000381469727,18.450000762939453,18.465700149536133,30054,0.0,0.0,0.0
2022-11-02 10:30:00-04:00,18.4950008392334,18.519899368286133,18.479999542236328,18.5,13043,0.0,0.0,0.0
2022-11-02 11:30:00-04:00,18.450000762939453,18.510000228881836,18.450000762939453,18.510000228881836,21543,0.0,0.0,0.0
2022-11-02 12:30:00-04:00,18.510000228881836,18.520000457763672,18.510000228881836,18.510099411010742,10374,0.0,0.0,0.0
2022-11-02 13:30:00-04:00,18.520000457763672,18.649999618530273,18.510099411010742,18.6299991607666,10709,0.0,0.0,0.0
2022-11-02 14:30:00-04:00,18.610000610351562,18.649999618530273,18.40999984741211,18.40999984741211,19751,0.0,0.0,0.0
2022-11-02 15:30:00-04:00,18.399999618530273,18.484399795532227,18.360000610351562,18.399999618530273,24806,0.0,0.0,0.0
2022-11-03 09:30:00-04:00,18.399999618530273,18.399999618530273,18.260000228881836,18.31999969482422,24260,0.0,0.0,0.0
2022-11-03 10:30:00-04:00,18.350000381469727,18.41990089416504,18.32710075378418,18.358699798583984,18662,0.0,0.0,0.0
2022-11-03 11:30:00-04:00,18.368000030517578,18.3700008392334,18.299999237060547,18.3700008392334,15341,0.0,0.0,0.0
2022-11-03 12:30:00-04:00,18.3700008392334,18.399999618530273,18.33370018005371,18.382400512695312,6852,0.0,0.0,0.0
2022-11-03 13:30:00-04:00,18.37299919128418,18.40999984741211,18.32710075378418,18.3700008392334,19514,0.0,0.0,0.0
2022-11-03 14:30:00-04:00,18.375,18.399999618530273,18.31999969482422,18.399999618530273,8127,0.0,0.0,0.0
2022-11-03 15:30:00-04:00,18.389999389648438,18.399999618530273,18.329999923706055,18.329999923706055,19261,0.0,0.0,0.0
2022-11-04 09:30:00-04:00,18.510000228881836,18.510000228881836,18.325199127197266,18.44580078125,31793,0.0,0.0,0.0
2022-11-04 10:30:00-04:00,18.417299270629883,18.47559928894043,18.395000457763672,18.395000457763672,23456,0.0,0.0,0.0
2022-11-04 11:30:00-04:00,18.414199829101562,18.456100463867188,18.370100021362305,18.40999984741211,24437,0.0,0.0,0.0
2022-11-04 12:30:00-04:00,18.424999237060547,18.449899673461914,18.3700008392334,18.3700008392334,15620,0.0,0.0,0.0
2022-11-04 13:30:00-04:00,18.395000457763672,18.397600173950195,18.350000381469727,18.350000381469727,17102,0.0,0.0,0.0
2022-11-04 14:30:00-04:00,18.399599075317383,18.406600952148438,18.350000381469727,18.3799991607666,18905,0.0,0.0,0.0
2022-11-04 15:30:00-04:00,18.395000457763672,18.40999984741211,18.3799991607666,18.3799991607666,7028,0.0,0.0,0.0
2022-11-07 09:30:00-05:00,18.510000228881836,18.510000228881836,18.405000686645508,18.438100814819336,73893,0.0,0.0,0.0
2022-11-07 10:30:00-05:00,18.43000030517578,18.450000762939453,18.360000610351562,18.414100646972656,31214,0.0,0.0,0.0
2022-11-07 11:30:00-05:00,18.43000030517578,18.5,18.400100708007812,18.469999313354492,11411,0.0,0.0,0.0
2022-11-07 12:30:00-05:00,18.460100173950195,18.51110076904297,18.460100173950195,18.492900848388672,12255,0.0,0.0,0.0
2022-11-07 13:30:00-05:00,18.5,18.609899520874023,18.496000289916992,18.609899520874023,17297,0.0,0.0,0.0
2022-11-07 14:30:00-05:00,18.600000381469727,18.600000381469727,18.5,18.540000915527344,11158,0.0,0.0,0.0
2022-11-07 15:30:00-05:00,18.578800201416016,18.584999084472656,18.5,18.540000915527344,0,0.0,0.0,0.0
2022-11-08 09:30:00-05:00,18.6299991607666,18.719999313354492,18.54010009765625,18.70509910583496,25902,0.0,0.0,0.0
2022-11-08 10:30:00-05:00,18.704999923706055,18.760000228881836,18.665000915527344,18.730100631713867,14454,0.0,0.0,0.0
2022-11-08 11:30:00-05:00,18.764999389648438,18.838499069213867,18.74519920349121,18.81999969482422,24030,0.0,0.0,0.0
2022-11-08 12:30:00-05:00,18.790000915527344,18.860000610351562,18.763700485229492,18.81999969482422,21535,0.0,0.0,0.0
2022-11-08 13:30:00-05:00,18.770000457763672,18.79990005493164,18.710100173950195,18.770000457763672,6926,0.0,0.0,0.0
2022-11-08 14:30:00-05:00,18.75,18.860000610351562,18.730100631713867,18.829999923706055,43959,0.0,0.0,0.0
2022-11-08 15:30:00-05:00,18.84000015258789,18.899999618530273,18.820100784301758,18.860000610351562,0,0.0,0.0,0.0
2022-11-09 09:30:00-05:00,18.920000076293945,18.920000076293945,18.710100173950195,18.770000457763672,20328,0.0,0.0,0.0
2022-11-09 10:30:00-05:00,18.709999084472656,18.709999084472656,18.55970001220703,18.679899215698242,22499,0.0,0.0,0.0
2022-11-09 11:30:00-05:00,18.639999389648438,18.7544002532959,18.620100021362305,18.719999313354492,7859,0.0,0.0,0.0
2022-11-09 12:30:00-05:00,18.729999542236328,18.781999588012695,18.70009994506836,18.735000610351562,4703,0.0,0.0,0.0
2022-11-09 13:30:00-05:00,18.729999542236328,18.7593994140625,18.660499572753906,18.680099487304688,13823,0.0,0.0,0.0
2022-11-09 14:30:00-05:00,18.690000534057617,18.729900360107422,18.649999618530273,18.729900360107422,12020,0.0,0.0,0.0
2022-11-09 15:30:00-05:00,18.686100006103516,18.704999923706055,18.67919921875,18.700000762939453,0,0.0,0.0,0.0
2022-11-10 09:30:00-05:00,19.0,19.290000915527344,18.950000762939453,19.190000534057617,48276,0.0,0.0,0.0
2022-11-10 10:30:00-05:00,19.190000534057617,19.209999084472656,19.148000717163086,19.19499969482422,22449,0.0,0.0,0.0
2022-11-10 11:30:00-05:00,19.239299774169922,19.28499984741211,19.190099716186523,19.260000228881836,16546,0.0,0.0,0.0
2022-11-10 12:30:00-05:00,19.260000228881836,19.269899368286133,19.229999542236328,19.229999542236328,12466,0.0,0.0,0.0
2022-11-10 13:30:00-05:00,19.270000457763672,19.389999389648438,19.270000457763672,19.329999923706055,15532,0.0,0.0,0.0
2022-11-10 14:30:00-05:00,19.3799991607666,19.5,19.33009910583496,19.489999771118164,32511,0.0,0.0,0.0
2022-11-10 15:30:00-05:00,19.489999771118164,19.54990005493164,19.3700008392334,19.3700008392334,31860,0.0,0.0,0.0
2022-11-11 09:30:00-05:00,19.469999313354492,19.600000381469727,19.450000762939453,19.56999969482422,58548,0.0,0.0,0.0
2022-11-11 10:30:00-05:00,19.599899291992188,19.63990020751953,19.570899963378906,19.6200008392334,21414,0.0,0.0,0.0
2022-11-11 11:30:00-05:00,19.639999389648438,19.639999389648438,19.559999465942383,19.60409927368164,9440,0.0,0.0,0.0
2022-11-11 12:30:00-05:00,19.600099563598633,19.649999618530273,19.600099563598633,19.649999618530273,14862,0.0,0.0,0.0
2022-11-11 13:30:00-05:00,19.649999618530273,19.690000534057617,19.6299991607666,19.65999984741211,23553,0.0,0.0,0.0
2022-11-11 14:30:00-05:00,19.68000030517578,19.729999542236328,19.6200008392334,19.68280029296875,46961,0.0,0.0,0.0
2022-11-11 15:30:00-05:00,19.760000228881836,19.780000686645508,19.6299991607666,19.739999771118164,69391,0.0,0.0,0.0
2022-11-14 09:30:00-05:00,19.739999771118164,19.739999771118164,19.620100021362305,19.684999465942383,21938,0.0,0.0,0.0
2022-11-14 10:30:00-05:00,19.67799949645996,19.719999313354492,19.6299991607666,19.709999084472656,57041,0.0,0.0,0.0
2022-11-14 11:30:00-05:00,19.709999084472656,19.739999771118164,19.670000076293945,19.709999084472656,39974,0.0,0.0,0.0
2022-11-14 12:30:00-05:00,19.709999084472656,19.739999771118164,19.68000030517578,19.70009994506836,30127,0.0,0.0,0.0
2022-11-14 13:30:00-05:00,19.719999313354492,19.780000686645508,19.700000762939453,19.735000610351562,39787,0.0,0.0,0.0
2022-11-14 14:30:00-05:00,19.735000610351562,19.759899139404297,19.627300262451172,19.709999084472656,42130,0.0,0.0,0.0
2022-11-14 15:30:00-05:00,19.6299991607666,19.709999084472656,19.56999969482422,19.56999969482422,21495,0.0,0.0,0.0
2022-11-15 09:30:00-05:00,19.799999237060547,19.799999237060547,19.65999984741211,19.719999313354492,25681,0.0,0.0,0.0
2022-11-15 10:30:00-05:00,19.700000762939453,19.739999771118164,19.68000030517578,19.729999542236328,34694,0.0,0.0,0.0
2022-11-15 11:30:00-05:00,19.729999542236328,19.770000457763672,19.729999542236328,19.764999389648438,46173,0.0,0.0,0.0
2022-11-15 12:30:00-05:00,19.770000457763672,19.780000686645508,19.700000762939453,19.700000762939453,12236,0.0,0.0,0.0
2022-11-15 13:30:00-05:00,19.700000762939453,19.770000457763672,19.65999984741211,19.700000762939453,36090,0.0,0.0,0.0
2022-11-15 14:30:00-05:00,19.749000549316406,19.75,19.600000381469727,19.673999786376953,18977,0.0,0.0,0.0
2022-11-15 15:30:00-05:00,19.75,19.75,19.670000076293945,19.739999771118164,5315,0.0,0.0,0.0
2022-11-16 09:30:00-05:00,19.770000457763672,19.799999237060547,19.690000534057617,19.690000534057617,36718,0.0,0.0,0.0
2022-11-16 10:30:00-05:00,19.71809959411621,19.719999313354492,19.65999984741211,19.719999313354492,5673,0.0,0.0,0.0
2022-11-16 11:30:00-05:00,19.6781005859375,19.719999313354492,19.662500381469727,19.700000762939453,4380,0.0,0.0,0.0
2022-11-16 12:30:00-05:00,19.700000762939453,19.719999313354492,19.680099487304688,19.690000534057617,6399,0.0,0.0,0.0
2022-11-16 13:30:00-05:00,19.68000030517578,19.719999313354492,19.617599487304688,19.674999237060547,28441,0.0,0.0,0.0
2022-11-16 14:30:00-05:00,19.649999618530273,19.70989990234375,19.600099563598633,19.61009979248047,9969,0.0,0.0,0.0
2022-11-16 15:30:00-05:00,19.648500442504883,19.65999984741211,19.600000381469727,19.600000381469727,0,0.0,0.0,0.0
2022-11-17 09:30:00-05:00,19.520000457763672,19.549999237060547,19.350000381469727,19.440000534057617,27771,0.0,0.0,0.0
2022-11-17 10:30:00-05:00,19.40999984741211,19.479999542236328,19.350099563598633,19.415000915527344,14375,0.0,0.0,0.0
2022-11-17 11:30:00-05:00,19.429899215698242,19.459999084472656,19.350000381469727,19.41320037841797,9349,0.0,0.0,0.0
2022-11-17 12:30:00-05:00,19.405000686645508,19.43000030517578,19.350000381469727,19.395000457763672,10542,0.0,0.0,0.0
2022-11-17 13:30:00-05:00,19.399999618530273,19.44770050048828,19.393299102783203,19.415000915527344,2300,0.0,0.0,0.0
2022-11-17 14:30:00-05:00,19.40760040283203,19.449399948120117,19.388900756835938,19.449399948120117,16783,0.0,0.0,0.0
2022-11-17 15:30:00-05:00,19.399999618530273,19.450000762939453,19.25,19.270000457763672,0,0.0,0.0,0.0
2022-11-18 09:30:00-05:00,19.40999984741211,19.40999984741211,19.219999313354492,19.31999969482422,27620,0.0,0.0,0.0
2022-11-18 10:30:00-05:00,19.290000915527344,19.350000381469727,19.290000915527344,19.299999237060547,8314,0.0,0.0,0.0
2022-11-18 11:30:00-05:00,19.29010009765625,19.299999237060547,19.270000457763672,19.280000686645508,7202,0.0,0.0,0.0
2022-11-18 12:30:00-05:00,19.299400329589844,19.299400329589844,19.25,19.274999618530273,4231,0.0,0.0,0.0
2022-11-18 13:30:00-05:00,19.25,19.293100357055664,19.230100631713867,19.293100357055664,2734,0.0,0.0,0.0
2022-11-18 14:30:00-05:00,19.264999389648438,19.29990005493164,19.229999542236328,19.270000457763672,15960,0.0,0.0,0.0
2022-11-18 15:30:00-05:00,19.270000457763672,19.290000915527344,19.18000030517578,19.18000030517578,11423,0.0,0.0,0.0
2022-11-21 09:30:00-05:00,19.139999389648438,19.139999389648438,19.000099182128906,19.079999923706055,31923,0.0,0.0,0.0
2022-11-21 10:30:00-05:00,19.060100555419922,19.1200008392334,19.060100555419922,19.099899291992188,7822,0.0,0.0,0.0
2022-11-21 11:30:00-05:00,19.056100845336914,19.098499298095703,19.056100845336914,19.079999923706055,17719,0.0,0.0,0.0
2022-11-21 12:30:00-05:00,19.07990074157715,19.08930015563965,19.0447998046875,19.05970001220703,15173,0.0,0.0,0.0
2022-11-21 13:30:00-05:00,19.030000686645508,19.059999465942383,19.0,19.014999389648438,16260,0.0,0.0,0.0
2022-11-21 14:30:00-05:00,19.02790069580078,19.059999465942383,18.969999313354492,19.0,16741,0.0,0.0,0.0
2022-11-21 15:30:00-05:00,19.030000686645508,19.030000686645508,18.93000030517578,18.93000030517578,18068,0.0,0.0,0.0
2022-11-22 09:30:00-05:00,19.139999389648438,19.139999389648438,19.000099182128906,19.04990005493164,17997,0.0,0.0,0.0
2022-11-22 10:30:00-05:00,19.01129913330078,19.049999237060547,19.008100509643555,19.045000076293945,13057,0.0,0.0,0.0
2022-11-22 11:30:00-05:00,19.032499313354492,19.049999237060547,19.0,19.048200607299805,7296,0.0,0.0,0.0
2022-11-22 12:30:00-05:00,19.03499984741211,19.049999237060547,19.006900787353516,19.04319953918457,5492,0.0,0.0,0.0
2022-11-22 13:30:00-05:00,19.04840087890625,19.08370018005371,19.040199279785156,19.06049919128418,15284,0.0,0.0,0.0
2022-11-22 14:30:00-05:00,19.047000885009766,19.08880043029785,19.040000915527344,19.049999237060547,13404,0.0,0.0,0.0
2022-11-22 15:30:00-05:00,19.079999923706055,19.079999923706055,19.049999237060547,19.059999465942383,7860,0.0,0.0,0.0
2022-11-23 09:30:00-05:00,19.110000610351562,19.149999618530273,19.020000457763672,19.125,22274,0.0,0.0,0.0
2022-11-23 10:30:00-05:00,19.1299991607666,19.149900436401367,19.070100784301758,19.14699935913086,12067,0.0,0.0,0.0
2022-11-23 11:30:00-05:00,19.1299991607666,19.149999618530273,19.11009979248047,19.120100021362305,15772,0.0,0.0,0.0
2022-11-23 12:30:00-05:00,19.1299991607666,19.149999618530273,19.077499389648438,19.100000381469727,12790,0.0,0.0,0.0
2022-11-23 13:30:00-05:00,19.10700035095215,19.190000534057617,19.06999969482422,19.1299991607666,27943,0.0,0.0,0.0
2022-11-23 14:30:00-05:00,19.110000610351562,19.190000534057617,19.110000610351562,19.116100311279297,13144,0.0,0.0,0.0
2022-11-23 15:30:00-05:00,19.15999984741211,19.32990074157715,19.123300552368164,19.209999084472656,7265,0.0,0.0,0.0
2022-11-25 09:30:00-05:00,19.190000534057617,19.200000762939453,19.113000869750977,19.18910026550293,18514,0.0,0.0,0.0
2022-11-25 10:30:00-05:00,19.170000076293945,19.239900588989258,19.151100158691406,19.229900360107422,30185,0.0,0.0,0.0
2022-11-25 11:30:00-05:00,19.229999542236328,19.229999542236328,19.180099487304688,19.211000442504883,9120,0.0,0.0,0.0
2022-11-28 09:30:00-05:00,19.18000030517578,19.290000915527344,19.1299991607666,19.177099227905273,42480,0.0,0.0,0.0
2022-11-28 10:30:00-05:00,19.170000076293945,19.200000762939453,19.149999618530273,19.200000762939453,22208,0.0,0.0,0.0
2022-11-28 11:30:00-05:00,19.200000762939453,19.239900588989258,19.165000915527344,19.200000762939453,41423,0.0,0.0,0.0
2022-11-28 12:30:00-05:00,19.190000534057617,19.219900131225586,19.170000076293945,19.206100463867188,29288,0.0,0.0,0.0
2022-11-28 13:30:00-05:00,19.200000762939453,19.20989990234375,19.11009979248047,19.149999618530273,21456,0.0,0.0,0.0
2022-11-28 14:30:00-05:00,19.149999618530273,19.170000076293945,19.1200008392334,19.1299991607666,49538,0.0,0.0,0.0
2022-11-28 15:30:00-05:00,19.1299991607666,19.170000076293945,19.1200008392334,19.170000076293945,13248,0.0,0.0,0.0
2022-11-29 09:30:00-05:00,19.149999618530273,19.15999984741211,18.899999618530273,19.114999771118164,35904,0.0,0.0,0.0
2022-11-29 10:30:00-05:00,19.1387996673584,19.174999237060547,19.1299991607666,19.1299991607666,13951,0.0,0.0,0.0
2022-11-29 11:30:00-05:00,19.149999618530273,19.18720054626465,19.11009979248047,19.149999618530273,8987,0.0,0.0,0.0
2022-11-29 12:30:00-05:00,19.149999618530273,19.190000534057617,19.100000381469727,19.100000381469727,14352,0.0,0.0,0.0
2022-11-29 13:30:00-05:00,19.100099563598633,19.145000457763672,19.059999465942383,19.084999084472656,21113,0.0,0.0,0.0
2022-11-29 14:30:00-05:00,19.054100036621094,19.109899520874023,19.010000228881836,19.010000228881836,26872,0.0,0.0,0.0
2022-11-29 15:30:00-05:00,19.010000228881836,19.049999237060547,18.959999084472656,19.040000915527344,12436,0.0,0.0,0.0
2022-11-30 09:30:00-05:00,19.079999923706055,19.25,19.0,19.049999237060547,25338,0.0,0.0,0.0
2022-11-30 10:30:00-05:00,19.02549934387207,19.1299991607666,19.00510025024414,19.100000381469727,18455,0.0,0.0,0.0
2022-11-30 11:30:00-05:00,19.06999969482422,19.1299991607666,19.010099411010742,19.1200008392334,10663,0.0,0.0,0.0
2022-11-30 12:30:00-05:00,19.1200008392334,19.139999389648438,19.020099639892578,19.020099639892578,11784,0.0,0.0,0.0
2022-11-30 13:30:00-05:00,19.075000762939453,19.280000686645508,19.026599884033203,19.280000686645508,25402,0.0,0.0,0.0
2022-11-30 14:30:00-05:00,19.200000762939453,19.375,19.184200286865234,19.325300216674805,26380,0.0,0.0,0.0
2022-11-30 15:30:00-05:00,19.375,19.5,19.312999725341797,19.450000762939453,0,0.0,0.0,0.0
2022-12-01 09:30:00-05:00,19.549999237060547,19.579999923706055,19.440099716186523,19.459999084472656,38439,0.0,0.0,0.0
2022-12-01 10:30:00-05:00,19.459999084472656,19.600000381469727,19.459199905395508,19.59000015258789,13450,0.0,0.0,0.0
2022-12-01 11:30:00-05:00,19.594999313354492,19.600000381469727,19.559999465942383,19.59000015258789,9042,0.0,0.0,0.0
2022-12-01 12:30:00-05:00,19.59000015258789,19.649999618530273,19.59000015258789,19.600099563598633,17399,0.0,0.0,0.0
2022-12-01 13:30:00-05:00,19.6200008392334,19.6200008392334,19.570100784301758,19.570100784301758,6365,0.0,0.0,0.0
2022-12-01 14:30:00-05:00,19.570100784301758,19.700000762939453,19.56999969482422,19.700000762939453,36546,0.0,0.0,0.0
2022-12-01 15:30:00-05:00,19.700000762939453,19.739999771118164,19.650100708007812,19.700000762939453,20448,0.0,0.0,0.0
2022-12-02 09:30:00-05:00,19.65999984741211,19.65999984741211,19.51849937438965,19.55229949951172,20691,0.0,0.0,0.0
2022-12-02 10:30:00-05:00,19.6200008392334,19.639999389648438,19.459999084472656,19.635400772094727,25459,0.0,0.0,0.0
2022-12-02 11:30:00-05:00,19.606800079345703,19.700000762939453,19.58489990234375,19.700000762939453,13264,0.0,0.0,0.0
2022-12-02 12:30:00-05:00,19.709999084472656,19.729999542236328,19.59000015258789,19.66069984436035,59871,0.0,0.0,0.0
2022-12-02 13:30:00-05:00,19.639999389648438,19.704999923706055,19.60890007019043,19.704999923706055,5836,0.0,0.0,0.0
2022-12-02 14:30:00-05:00,19.699499130249023,19.75,19.690099716186523,19.75,12169,0.0,0.0,0.0
2022-12-02 15:30:00-05:00,19.75,19.790000915527344,19.710100173950195,19.719999313354492,4046,0.0,0.0,0.0
2022-12-05 09:30:00-05:00,19.68000030517578,19.691600799560547,19.559999465942383,19.678800582885742,24093,0.0,0.0,0.0
2022-12-05 10:30:00-05:00,19.649999618530273,19.691999435424805,19.579999923706055,19.68079948425293,34320,0.0,0.0,0.0
2022-12-05 11:30:00-05:00,19.627899169921875,19.66990089416504,19.56999969482422,19.571300506591797,13247,0.0,0.0,0.0
2022-12-05 12:30:00-05:00,19.58970069885254,19.63990020751953,19.5,19.514999389648438,13108,0.0,0.0,0.0
2022-12-05 13:30:00-05:00,19.514999389648438,19.553600311279297,19.440000534057617,19.4783992767334,44185,0.0,0.0,0.0
2022-12-05 14:30:00-05:00,19.440000534057617,19.509899139404297,19.415000915527344,19.450000762939453,44707,0.0,0.0,0.0
2022-12-05 15:30:00-05:00,19.510000228881836,19.510000228881836,19.329999923706055,19.329999923706055,15383,0.0,0.0,0.0
2022-12-06 09:30:00-05:00,19.579999923706055,19.600000381469727,19.399999618530273,19.42180061340332,32221,0.0,0.0,0.0
2022-12-06 10:30:00-05:00,19.492599487304688,19.492599487304688,19.360000610351562,19.420000076293945,29498,0.0,0.0,0.0
2022-12-06 11:30:00-05:00,19.389999389648438,19.459999084472656,19.270000457763672,19.350000381469727,37349,0.0,0.0,0.0
2022-12-06 12:30:00-05:00,19.299999237060547,19.34000015258789,19.18000030517578,19.235000610351562,18363,0.0,0.0,0.0
2022-12-06 13:30:00-05:00,19.229999542236328,19.25,19.188499450683594,19.220699310302734,18241,0.0,0.0,0.0
2022-12-06 14:30:00-05:00,19.225000381469727,19.225000381469727,19.079999923706055,19.19499969482422,50035,0.0,0.0,0.0
2022-12-06 15:30:00-05:00,19.173599243164062,19.420000076293945,19.170000076293945,19.260000228881836,19647,0.0,0.0,0.0
2022-12-07 09:30:00-05:00,19.389999389648438,19.409400939941406,19.299999237060547,19.356599807739258,27032,0.0,0.0,0.0
2022-12-07 10:30:00-05:00,19.359600067138672,19.399999618530273,19.219999313354492,19.344100952148438,46342,0.0,0.0,0.0
2022-12-07 11:30:00-05:00,19.34000015258789,19.38990020751953,19.299999237060547,19.34000015258789,29479,0.0,0.0,0.0
2022-12-07 12:30:00-05:00,19.34000015258789,19.381900787353516,19.299999237060547,19.344999313354492,18942,0.0,0.0,0.0
2022-12-07 13:30:00-05:00,19.350000381469727,19.379899978637695,19.299999237060547,19.325000762939453,39165,0.0,0.0,0.0
2022-12-07 14:30:00-05:00,19.329999923706055,19.360000610351562,19.290000915527344,19.360000610351562,21707,0.0,0.0,0.0
2022-12-07 15:30:00-05:00,19.334999084472656,19.3799991607666,19.309999465942383,19.31999969482422,7259,0.0,0.0,0.0
2022-12-08 09:30:00-05:00,19.389999389648438,19.46940040588379,19.38010025024414,19.424100875854492,16071,0.0,0.0,0.0
2022-12-08 10:30:00-05:00,19.420000076293945,19.440000534057617,19.396900177001953,19.40999984741211,11410,0.0,0.0,0.0
2022-12-08 11:30:00-05:00,19.40999984741211,19.430599212646484,19.299999237060547,19.399999618530273,24373,0.0,0.0,0.0
2022-12-08 12:30:00-05:00,19.31999969482422,19.38990020751953,19.310400009155273,19.350099563598633,15691,0.0,0.0,0.0
2022-12-08 13:30:00-05:00,19.375999450683594,19.375999450683594,19.20009994506836,19.232500076293945,24129,0.0,0.0,0.0
2022-12-08 14:30:00-05:00,19.225000381469727,19.260000228881836,19.18000030517578,19.18000030517578,37685,0.0,0.0,0.0
2022-12-08 15:30:00-05:00,19.19499969482422,19.19499969482422,19.170000076293945,19.170000076293945,9688,0.0,0.0,0.0
2022-12-09 09:30:00-05:00,19.1200008392334,19.174999237060547,19.059999465942383,19.1200008392334,19190,0.0,0.0,0.0
2022-12-09 10:30:00-05:00,19.100000381469727,19.139999389648438,19.08009910583496,19.096099853515625,21064,0.0,0.0,0.0
2022-12-09 11:30:00-05:00,19.1299991607666,19.139999389648438,19.070100784301758,19.137300491333008,12441,0.0,0.0,0.0
2022-12-09 12:30:00-05:00,19.125,19.139999389648438,19.053499221801758,19.053499221801758,18492,0.0,0.0,0.0
2022-12-09 13:30:00-05:00,19.06999969482422,19.100000381469727,19.020000457763672,19.070899963378906,6481,0.0,0.0,0.0
2022-12-09 14:30:00-05:00,19.025400161743164,19.049999237060547,18.940000534057617,18.940000534057617,26085,0.0,0.0,0.0
2022-12-09 15:30:00-05:00,18.940000534057617,18.981700897216797,18.829999923706055,18.93000030517578,26938,0.0,0.0,0.0
2022-12-12 09:30:00-05:00,18.8700008392334,18.906400680541992,18.799999237060547,18.850000381469727,37092,0.0,0.0,0.0
2022-12-12 10:30:00-05:00,18.8700008392334,18.8700008392334,18.770000457763672,18.799999237060547,25241,0.0,0.0,0.0
2022-12-12 11:30:00-05:00,18.799999237060547,18.81999969482422,18.780000686645508,18.816600799560547,23201,0.0,0.0,0.0
2022-12-12 12:30:00-05:00,18.79800033569336,18.81999969482422,18.770000457763672,18.780000686645508,13824,0.0,0.0,0.0
2022-12-12 13:30:00-05:00,18.770099639892578,18.799999237060547,18.670000076293945,18.700000762939453,26436,0.0,0.0,0.0
2022-12-12 14:30:00-05:00,18.690000534057617,18.760000228881836,18.649999618530273,18.719999313354492,55907,0.0,0.0,0.0
2022-12-12 15:30:00-05:00,18.719999313354492,18.84000015258789,18.700000762939453,18.75,44720,0.0,0.0,0.0
2022-12-13 09:30:00-05:00,19.049999237060547,19.200000762939453,18.979999542236328,19.030000686645508,46614,0.0,0.0,0.0
2022-12-13 10:30:00-05:00,19.006000518798828,19.040000915527344,18.969999313354492,19.040000915527344,18870,0.0,0.0,0.0
2022-12-13 11:30:00-05:00,19.040000915527344,19.059999465942383,18.950000762939453,19.0,31509,0.0,0.0,0.0
2022-12-13 12:30:00-05:00,18.979999542236328,18.979999542236328,18.950000762939453,18.969600677490234,4133,0.0,0.0,0.0
2022-12-13 13:30:00-05:00,18.94099998474121,18.969900131225586,18.94099998474121,18.954999923706055,6188,0.0,0.0,0.0
2022-12-13 14:30:00-05:00,18.959999084472656,18.969999313354492,18.950000762939453,18.964000701904297,8485,0.0,0.0,0.0
2022-12-13 15:30:00-05:00,18.96500015258789,19.059999465942383,18.959999084472656,19.059999465942383,9233,0.0,0.0,0.0
2022-12-14 09:30:00-05:00,19.030000686645508,19.170000076293945,18.950000762939453,19.09000015258789,17420,0.0,0.0,0.0
2022-12-14 10:30:00-05:00,19.09000015258789,19.17140007019043,19.015399932861328,19.11639976501465,18248,0.0,0.0,0.0
2022-12-14 11:30:00-05:00,19.125,19.149999618530273,19.100000381469727,19.135000228881836,8673,0.0,0.0,0.0
2022-12-14 12:30:00-05:00,19.135000228881836,19.159400939941406,19.100000381469727,19.159400939941406,5609,0.0,0.0,0.0
2022-12-14 13:30:00-05:00,19.10810089111328,19.170000076293945,19.049999237060547,19.100000381469727,9926,0.0,0.0,0.0
2022-12-14 14:30:00-05:00,19.049999237060547,19.13990020751953,19.0,19.06999969482422,35046,0.0,0.0,0.0
2022-12-14 15:30:00-05:00,19.06999969482422,19.129899978637695,19.037500381469727,19.110000610351562,0,0.0,0.0,0.0
2022-12-15 09:30:00-05:00,19.09000015258789,19.1299991607666,18.985000610351562,18.99049949645996,12746,0.0,0.0,0.0
2022-12-15 10:30:00-05:00,18.989999771118164,19.059900283813477,18.93000030517578,18.940000534057617,14378,0.0,0.0,0.0
2022-12-15 11:30:00-05:00,18.93000030517578,18.989999771118164,18.899999618530273,18.900100708007812,14234,0.0,0.0,0.0
2022-12-15 12:30:00-05:00,18.934999465942383,18.959699630737305,18.850099563598633,18.8799991607666,18022,0.0,0.0,0.0
2022-12-15 13:30:00-05:00,18.862199783325195,18.8799991607666,18.859899520874023,18.8799991607666,8577,0.0,0.0,0.0
2022-12-15 14:30:00-05:00,18.860000610351562,19.009899139404297,18.860000610351562,18.89929962158203,11824,0.0,0.0,0.0
2022-12-15 15:30:00-05:00,18.940000534057617,18.979999542236328,18.896099090576172,18.959999084472656,5253,0.0,0.0,0.0
2022-12-16 09:30:00-05:00,18.850000381469727,18.916900634765625,18.820100784301758,18.8799991607666,0,0.0,0.0,0.0
2022-12-16 10:30:00-05:00,18.842599868774414,18.860000610351562,18.780000686645508,18.799999237060547,29128,0.0,0.0,0.0
2022-12-16 11:30:00-05:00,18.780099868774414,18.829999923706055,18.690099716186523,18.72209930419922,16179,0.0,0.0,0.0
2022-12-16 12:30:00-05:00,18.719999313354492,18.719999313354492,18.649999618530273,18.68000030517578,15805,0.0,0.0,0.0
2022-12-16 13:30:00-05:00,18.66010093688965,18.690000534057617,18.649999618530273,18.66010093688965,8823,0.0,0.0,0.0
2022-12-16 14:30:00-05:00,18.65999984741211,18.700000762939453,18.65999984741211,18.690000534057617,23010,0.0,0.0,0.0
2022-12-16 15:30:00-05:00,18.700000762939453,18.748300552368164,18.67609977722168,18.700000762939453,15018,0.0,0.0,0.0
2022-12-19 09:30:00-05:00,18.649999618530273,18.729900360107422,18.6200008392334,18.683300018310547,31896,0.0,0.0,0.0
2022-12-19 10:30:00-05:00,18.690000534057617,18.690000534057617,18.635000228881836,18.635000228881836,19071,0.0,0.0,0.0
2022-12-19 11:30:00-05:00,18.640399932861328,18.649999618530273,18.612899780273438,18.639999389648438,16882,0.0,0.0,0.0
2022-12-19 12:30:00-05:00,18.6299991607666,18.649999618530273,18.616500854492188,18.649900436401367,5339,0.0,0.0,0.0
2022-12-19 13:30:00-05:00,18.675100326538086,18.690000534057617,18.610000610351562,18.6299991607666,22780,0.0,0.0,0.0
2022-12-19 14:30:00-05:00,18.6299991607666,18.63920021057129,18.559999465942383,18.59000015258789,26448,0.0,0.0,0.0
2022-12-19 15:30:00-05:00,18.59000015258789,18.610000610351562,18.579999923706055,18.610000610351562,7965,0.0,0.0,0.0
2022-12-20 09:30:00-05:00,18.579999923706055,18.579999923706055,18.389999389648438,18.450000762939453,79973,0.0,0.0,0.0
2022-12-20 10:30:00-05:00,18.469999313354492,18.540000915527344,18.399999618530273,18.454999923706055,29977,0.0,0.0,0.0
2022-12-20 11:30:00-05:00,18.5,18.510000228881836,18.399999618530273,18.454999923706055,20162,0.0,0.0,0.0
2022-12-20 12:30:00-05:00,18.479999542236328,18.530000686645508,18.399999618530273,18.469999313354492,18814,0.0,0.0,0.0
2022-12-20 13:30:00-05:00,18.459999084472656,18.489999771118164,18.399999618530273,18.420000076293945,36463,0.0,0.0,0.0
2022-12-20 14:30:00-05:00,18.420000076293945,18.469999313354492,18.329999923706055,18.375,23167,0.0,0.0,0.0
2022-12-20 15:30:00-05:00,18.3799991607666,18.3799991607666,18.200000762939453,18.270000457763672,0,0.0,0.0,0.0
2022-12-21 09:30:00-05:00,18.229999542236328,18.399999618530273,18.229999542236328,18.3799991607666,56007,0.0,0.0,0.0
2022-12-21 10:30:00-05:00,18.38990020751953,18.459999084472656,18.350000381469727,18.385000228881836,25811,0.0,0.0,0.0
2022-12-21 11:30:00-05:00,18.389999389648438,18.408599853515625,18.349599838256836,18.408599853515625,31750,0.0,0.0,0.0
2022-12-21 12:30:00-05:00,18.346900939941406,18.399999618530273,18.309999465942383,18.325000762939453,11893,0.0,0.0,0.0
2022-12-21 13:30:00-05:00,18.350000381469727,18.357799530029297,18.25,18.270000457763672,13134,0.0,0.0,0.0
2022-12-21 14:30:00-05:00,18.290000915527344,18.329999923706055,18.25,18.329999923706055,20820,0.0,0.0,0.0
2022-12-21 15:30:00-05:00,18.329999923706055,18.34000015258789,18.25,18.34000015258789,14723,0.0,0.0,0.0
2022-12-22 09:30:00-05:00,18.270000457763672,18.270000457763672,18.15999984741211,18.204599380493164,38935,0.0,0.0,0.0
2022-12-22 10:30:00-05:00,18.180099487304688,18.20669937133789,18.1299991607666,18.14310073852539,21656,0.0,0.0,0.0
2022-12-22 11:30:00-05:00,18.139999389648438,18.159900665283203,18.030000686645508,18.030000686645508,23507,0.0,0.0,0.0
2022-12-22 12:30:00-05:00,18.08989906311035,18.08989906311035,17.969999313354492,17.971399307250977,24152,0.0,0.0,0.0
2022-12-22 13:30:00-05:00,18.0,18.059900283813477,17.979999542236328,18.04800033569336,12703,0.0,0.0,0.0
2022-12-22 14:30:00-05:00,18.020099639892578,18.105100631713867,18.020000457763672,18.04010009765625,11516,0.0,0.0,0.0
2022-12-22 15:30:00-05:00,18.066099166870117,18.09000015258789,18.049999237060547,18.059999465942383,11164,0.0,0.0,0.0
2022-12-23 09:30:00-05:00,18.050100326538086,18.18090057373047,18.03499984741211,18.149999618530273,19107,0.0,0.0,0.0
2022-12-23 10:30:00-05:00,18.145000457763672,18.21940040588379,18.110000610351562,18.120100021362305,25670,0.0,0.0,0.0
2022-12-23 11:30:00-05:00,18.110000610351562,18.139999389648438,18.030000686645508,18.04010009765625,15826,0.0,0.0,0.0
2022-12-23 12:30:00-05:00,18.040000915527344,18.04990005493164,17.982099533081055,18.004100799560547,37403,0.0,0.0,0.0
2022-12-23 13:30:00-05:00,18.038000106811523,18.040000915527344,18.0,18.024999618530273,18047,0.0,0.0,0.0
2022-12-23 14:30:00-05:00,18.040000915527344,18.09000015258789,18.030000686645508,18.084999084472656,12820,0.0,0.0,0.0
2022-12-23 15:30:00-05:00,18.070100784301758,18.099899291992188,18.049999237060547,18.05500030517578,11175,0.0,0.0,0.0
2022-12-27 09:30:00-05:00,18.0,18.19499969482422,17.99020004272461,18.139999389648438,66947,0.0,0.0,0.0
2022-12-27 10:30:00-05:00,18.13920021057129,18.170000076293945,18.030099868774414,18.030099868774414,38894,0.0,0.0,0.0
2022-12-27 11:30:00-05:00,18.065000534057617,18.08989906311035,18.010000228881836,18.0310001373291,34544,0.0,0.0,0.0
2022-12-27 12:30:00-05:00,18.059999465942383,18.07859992980957,18.0,18.000099182128906,34067,0.0,0.0,0.0
2022-12-27 13:30:00-05:00,18.0,18.051700592041016,18.0,18.04010009765625,45415,0.0,0.0,0.0
2022-12-27 14:30:00-05:00,18.003700256347656,18.099899291992188,17.989999771118164,18.023799896240234,36704,0.0,0.0,0.0
2022-12-27 15:30:00-05:00,18.0674991607666,18.139299392700195,18.059999465942383,18.06999969482422,24566,0.0,0.0,0.0
2022-12-28 09:30:00-05:00,18.209999084472656,18.209999084472656,18.049999237060547,18.049999237060547,38786,0.0,0.0,0.0
2022-12-28 10:30:00-05:00,18.03499984741211,18.040000915527344,18.0,18.019899368286133,23275,0.0,0.0,0.0
2022-12-28 11:30:00-05:00,18.019899368286133,18.04990005493164,18.0,18.00659942626953,33826,0.0,0.0,0.0
2022-12-28 12:30:00-05:00,18.012100219726562,18.020000457763672,17.989999771118164,18.0,24325,0.0,0.0,0.0
2022-12-28 13:30:00-05:00,18.000099182128906,18.020000457763672,17.979999542236328,17.979999542236328,15954,0.0,0.0,0.0
2022-12-28 14:30:00-05:00,17.985700607299805,18.010000228881836,17.959999084472656,17.965599060058594,18834,0.0,0.0,0.0
2022-12-28 15:30:00-05:00,17.962900161743164,17.988399505615234,17.93000030517578,17.940000534057617,16780,0.0,0.0,0.0
2022-12-29 09:30:00-05:00,18.110000610351562,18.15999984741211,17.979999542236328,18.110000610351562,47384,0.0,0.0,0.0
2022-12-29 10:30:00-05:00,18.1200008392334,18.139999389648438,18.059999465942383,18.1299991607666,15964,0.0,0.0,0.0
2022-12-29 11:30:00-05:00,18.060100555419922,18.1299991607666,18.059999465942383,18.100000381469727,26483,0.0,0.0,0.0
2022-12-29 12:30:00-05:00,18.08009910583496,18.1299991607666,18.06999969482422,18.100000381469727,21524,0.0,0.0,0.0
2022-12-29 13:30:00-05:00,18.079999923706055,18.117399215698242,18.060100555419922,18.114999771118164,6741,0.0,0.0,0.0
2022-12-29 14:30:00-05:00,18.110000610351562,18.12809944152832,18.010000228881836,18.040000915527344,9834,0.0,0.0,0.0
2022-12-29 15:30:00-05:00,18.059999465942383,18.110000610351562,18.04010009765625,18.100000381469727,10315,0.0,0.0,0.0
2022-12-30 09:30:00-05:00,18.010000228881836,18.112699508666992,18.0,18.066600799560547,47080,0.0,0.0,0.0
2022-12-30 10:30:00-05:00,18.09000015258789,18.149999618530273,18.050100326538086,18.089000701904297,39536,0.0,0.0,0.0
2022-12-30 11:30:00-05:00,18.079999923706055,18.11989974975586,18.079999923706055,18.11989974975586,15188,0.0,0.0,0.0
2022-12-30 12:30:00-05:00,18.100000381469727,18.1299991607666,18.079999923706055,18.094999313354492,21052,0.0,0.0,0.0
2022-12-30 13:30:00-05:00,18.079999923706055,18.1299991607666,18.079999923706055,18.1299991607666,23447,0.0,0.0,0.0
2022-12-30 14:30:00-05:00,18.110000610351562,18.139999389648438,18.059999465942383,18.099899291992188,24302,0.0,0.0,0.0
2022-12-30 15:30:00-05:00,18.08060073852539,18.18470001220703,18.06999969482422,18.15999984741211,58137,0.0,0.0,0.0
2023-01-03 09:30:00-05:00,18.280000686645508,18.399999618530273,18.280000686645508,18.350000381469727,44626,0.0,0.0,0.0
2023-01-03 10:30:00-05:00,18.350000381469727,18.40999984741211,18.325000762939453,18.399999618530273,21339,0.0,0.0,0.0
2023-01-03 11:30:00-05:00,18.391700744628906,18.42060089111328,18.350099563598633,18.389999389648438,23078,0.0,0.0,0.0
2023-01-03 12:30:00-05:00,18.3799991607666,18.40999984741211,18.33009910583496,18.364999771118164,9094,0.0,0.0,0.0
2023-01-03 13:30:00-05:00,18.38990020751953,18.409000396728516,18.35099983215332,18.409000396728516,7007,0.0,0.0,0.0
2023-01-03 14:30:00-05:00,18.399999618530273,18.44610023498535,18.399999618530273,18.44499969482422,14516,0.0,0.0,0.0
2023-01-03 15:30:00-05:00,18.45330047607422,18.479999542236328,18.42009925842285,18.450000762939453,7555,0.0,0.0,0.0
2023-01-04 09:30:00-05:00,18.59000015258789,18.729999542236328,18.53499984741211,18.665000915527344,65420,0.0,0.0,0.0
2023-01-04 10:30:00-05:00,18.68000030517578,18.799999237060547,18.649999618530273,18.750099182128906,31382,0.0,0.0,0.0
2023-01-04 11:30:00-05:00,18.780000686645508,18.850000381469727,18.780000686645508,18.84000015258789,19375,0.0,0.0,0.0
2023-01-04 12:30:00-05:00,18.81999969482422,18.879899978637695,18.81999969482422,18.86989974975586,13341,0.0,0.0,0.0
2023-01-04 13:30:00-05:00,18.850099563598633,18.8799991607666,18.826099395751953,18.8799991607666,32778,0.0,0.0,0.0
2023-01-04 14:30:00-05:00,18.8799991607666,18.959999084472656,18.820100784301758,18.959999084472656,28241,0.0,0.0,0.0
2023-01-04 15:30:00-05:00,18.959999084472656,18.969999313354492,18.92009925842285,18.959999084472656,0,0.0,0.0,0.0
2023-01-05 09:30:00-05:00,18.959999084472656,19.0,18.8700008392334,18.940000534057617,61383,0.0,0.0,0.0
2023-01-05 10:30:00-05:00,18.88010025024414,18.983699798583984,18.88010025024414,18.920000076293945,14835,0.0,0.0,0.0
2023-01-05 11:30:00-05:00,18.940000534057617,18.989999771118164,18.90999984741211,18.954999923706055,30726,0.0,0.0,0.0
2023-01-05 12:30:00-05:00,18.94540023803711,19.0,18.94540023803711,18.9950008392334,4934,0.0,0.0,0.0
2023-01-05 13:30:00-05:00,18.9950008392334,19.070100784301758,18.970199584960938,19.070100784301758,11815,0.0,0.0,0.0
2023-01-05 14:30:00-05:00,19.09869956970215,19.100000381469727,19.06999969482422,19.08329963684082,5582,0.0,0.0,0.0
2023-01-05 15:30:00-05:00,19.08209991455078,19.139999389648438,19.079999923706055,19.110000610351562,17306,0.0,0.0,0.0
2023-01-06 09:30:00-05:00,19.260000228881836,19.31999969482422,19.1200008392334,19.309999465942383,14401,0.0,0.0,0.0
2023-01-06 10:30:00-05:00,19.311599731445312,19.367300033569336,19.255699157714844,19.354999542236328,12328,0.0,0.0,0.0
2023-01-06 11:30:00-05:00,19.3700008392334,19.38990020751953,19.31999969482422,19.334999084472656,11296,0.0,0.0,0.0
2023-01-06 12:30:00-05:00,19.3799991607666,19.389999389648438,19.280099868774414,19.360000610351562,7588,0.0,0.0,0.0
2023-01-06 13:30:00-05:00,19.360000610351562,19.450000762939453,19.350099563598633,19.435699462890625,34170,0.0,0.0,0.0
2023-01-06 14:30:00-05:00,19.450000762939453,19.489999771118164,19.43000030517578,19.479999542236328,26874,0.0,0.0,0.0
2023-01-06 15:30:00-05:00,19.479000091552734,19.5,19.46500015258789,19.467500686645508,44597,0.0,0.0,0.0
2023-01-09 09:30:00-05:00,19.610000610351562,19.610000610351562,19.511199951171875,19.5132999420166,37326,0.0,0.0,0.0
2023-01-09 10:30:00-05:00,19.57859992980957,19.65999984741211,19.550100326538086,19.62470054626465,18571,0.0,0.0,0.0
2023-01-09 11:30:00-05:00,19.635000228881836,19.68000030517578,19.520099639892578,19.550100326538086,17279,0.0,0.0,0.0
2023-01-09 12:30:00-05:00,19.584999084472656,19.649999618530273,19.536800384521484,19.559999465942383,24236,0.0,0.0,0.0
2023-01-09 13:30:00-05:00,19.559999465942383,19.600000381469727,19.519100189208984,19.599899291992188,12764,0.0,0.0,0.0
2023-01-09 14:30:00-05:00,19.58009910583496,19.6299991607666,19.570999145507812,19.610000610351562,16655,0.0,0.0,0.0
2023-01-09 15:30:00-05:00,19.550100326538086,19.649999618530273,19.550100326538086,19.649999618530273,5608,0.0,0.0,0.0
2023-01-10 09:30:00-05:00,19.670000076293945,19.679899215698242,19.510000228881836,19.591299057006836,27150,0.0,0.0,0.0
2023-01-10 10:30:00-05:00,19.59000015258789,19.649999618530273,19.549999237060547,19.610000610351562,32078,0.0,0.0,0.0
2023-01-10 11:30:00-05:00,19.549999237060547,19.60810089111328,19.549999237060547,19.600000381469727,19970,0.0,0.0,0.0
2023-01-10 12:30:00-05:00,19.600000381469727,19.68000030517578,19.594999313354492,19.6200008392334,35181,0.0,0.0,0.0
2023-01-10 13:30:00-05:00,19.61199951171875,19.68000030517578,19.610000610351562,19.67180061340332,10766,0.0,0.0,0.0
2023-01-10 14:30:00-05:00,19.670000076293945,19.679899215698242,19.65999984741211,19.670000076293945,9575,0.0,0.0,0.0
2023-01-10 15:30:00-05:00,19.674999237060547,19.729999542236328,19.670000076293945,19.670000076293945,5012,0.0,0.0,0.0
2023-01-11 09:30:00-05:00,19.799999237060547,19.87019920349121,19.75749969482422,19.81999969482422,15818,0.0,0.0,0.0
2023-01-11 10:30:00-05:00,19.81999969482422,19.859899520874023,19.799999237060547,19.840099334716797,36060,0.0,0.0,0.0
2023-01-11 11:30:00-05:00,19.84000015258789,19.860000610351562,19.799999237060547,19.84160041809082,24397,0.0,0.0,0.0
2023-01-11 12:30:00-05:00,19.836999893188477,19.8700008392334,19.799999237060547,19.80120086669922,22767,0.0,0.0,0.0
2023-01-11 13:30:00-05:00,19.807600021362305,19.8700008392334,19.807600021362305,19.84000015258789,9086,0.0,0.0,0.0
2023-01-11 14:30:00-05:00,19.809999465942383,19.89889907836914,19.800100326538086,19.89889907836914,23959,0.0,0.0,0.0
2023-01-11 15:30:00-05:00,19.85610008239746,19.93000030517578,19.85610008239746,19.8700008392334,6453,0.0,0.0,0.0
2023-01-12 09:30:00-05:00,19.889999389648438,19.989999771118164,19.799999237060547,19.81730079650879,31342,0.0,0.0,0.0
2023-01-12 10:30:00-05:00,19.920000076293945,19.979999542236328,19.850000381469727,19.899999618530273,16672,0.0,0.0,0.0
2023-01-12 11:30:00-05:00,19.864999771118164,19.939899444580078,19.850000381469727,19.93950080871582,11529,0.0,0.0,0.0
2023-01-12 12:30:00-05:00,19.920000076293945,19.969999313354492,19.899999618530273,19.934999465942383,29160,0.0,0.0,0.0
2023-01-12 13:30:00-05:00,19.934999465942383,19.989999771118164,19.9325008392334,19.969200134277344,9968,0.0,0.0,0.0
2023-01-12 14:30:00-05:00,19.962499618530273,20.039899826049805,19.962499618530273,20.010000228881836,10121,0.0,0.0,0.0
2023-01-12 15:30:00-05:00,20.010099411010742,20.039899826049805,19.98270034790039,19.989999771118164,7890,0.0,0.0,0.0
2023-01-13 09:30:00-05:00,19.950000762939453,20.06999969482422,19.950000762939453,20.06999969482422,35773,0.0,0.0,0.0
2023-01-13 10:30:00-05:00,20.06999969482422,20.09000015258789,20.040000915527344,20.060100555419922,16361,0.0,0.0,0.0
2023-01-13 11:30:00-05:00,20.079999923706055,20.09000015258789,20.040000915527344,20.089599609375,4186,0.0,0.0,0.0
2023-01-13 12:30:00-05:00,20.079999923706055,20.129899978637695,20.059999465942383,20.079999923706055,8510,0.0,0.0,0.0
2023-01-13 13:30:00-05:00,20.0580997467041,20.110000610351562,20.040000915527344,20.079999923706055,16367,0.0,0.0,0.0
2023-01-13 14:30:00-05:00,20.079999923706055,20.16990089416504,20.020099639892578,20.020099639892578,5265,0.0,0.0,0.0
2023-01-13 15:30:00-05:00,20.100000381469727,20.14299964904785,20.059999465942383,20.1200008392334,4500,0.0,0.0,0.0
2023-01-17 09:30:00-05:00,20.170000076293945,20.289899826049805,20.100099563598633,20.289899826049805,36392,0.0,0.0,0.0
2023-01-17 10:30:00-05:00,20.280000686645508,20.280000686645508,20.166099548339844,20.18000030517578,20231,0.0,0.0,0.0
2023-01-17 11:30:00-05:00,20.188400268554688,20.229999542236328,20.188400268554688,20.223800659179688,5857,0.0,0.0,0.0
2023-01-17 12:30:00-05:00,20.211000442504883,20.270000457763672,20.209999084472656,20.25,8921,0.0,0.0,0.0
2023-01-17 13:30:00-05:00,20.25,20.309999465942383,20.229999542236328,20.299999237060547,20526,0.0,0.0,0.0
2023-01-17 14:30:00-05:00,20.29990005493164,20.339000701904297,20.24020004272461,20.334999084472656,11264,0.0,0.0,0.0
2023-01-17 15:30:00-05:00,20.349899291992188,20.440000534057617,20.300100326538086,20.440000534057617,12683,0.0,0.0,0.0
2023-01-18 09:30:00-05:00,20.639999389648438,20.639999389648438,20.520000457763672,20.568500518798828,48905,0.0,0.0,0.0
2023-01-18 10:30:00-05:00,20.579999923706055,20.600000381469727,20.520000457763672,20.520000457763672,20514,0.0,0.0,0.0
2023-01-18 11:30:00-05:00,20.52389907836914,20.540000915527344,20.460100173950195,20.479999542236328,19452,0.0,0.0,0.0
2023-01-18 12:30:00-05:00,20.462900161743164,20.489900588989258,20.404600143432617,20.411699295043945,55413,0.0,0.0,0.0
2023-01-18 13:30:00-05:00,20.440000534057617,20.489999771118164,20.399999618530273,20.420000076293945,9166,0.0,0.0,0.0
2023-01-18 14:30:00-05:00,20.420000076293945,20.459999084472656,20.400100708007812,20.400100708007812,7343,0.0,0.0,0.0
2023-01-18 15:30:00-05:00,20.435699462890625,20.435699462890625,20.329999923706055,20.360000610351562,8584,0.0,0.0,0.0
2023-01-19 09:30:00-05:00,20.389999389648438,20.389999389648438,20.320899963378906,20.365800857543945,13073,0.0,0.0,0.0
2023-01-19 10:30:00-05:00,20.3799991607666,20.399900436401367,20.350000381469727,20.37179946899414,11434,0.0,0.0,0.0
2023-01-19 11:30:00-05:00,20.399999618530273,20.399999618530273,20.350000381469727,20.3799991607666,18555,0.0,0.0,0.0
2023-01-19 12:30:00-05:00,20.3799991607666,20.399999618530273,20.37019920349121,20.385000228881836,5034,0.0,0.0,0.0
2023-01-19 13:30:00-05:00,20.399999618530273,20.459999084472656,20.390100479125977,20.450000762939453,11360,0.0,0.0,0.0
2023-01-19 14:30:00-05:00,20.450000762939453,20.489999771118164,20.43709945678711,20.489999771118164,20119,0.0,0.0,0.0
2023-01-19 15:30:00-05:00,20.489999771118164,20.520000457763672,20.467500686645508,20.520000457763672,20462,0.0,0.0,0.0
2023-01-20 09:30:00-05:00,20.420000076293945,20.420000076293945,20.1299991607666,20.299999237060547,29594,0.0,0.0,0.0
2023-01-20 10:30:00-05:00,20.28499984741211,20.30229949951172,20.270000457763672,20.270000457763672,15412,0.0,0.0,0.0
2023-01-20 11:30:00-05:00,20.270000457763672,20.299999237060547,20.25,20.270000457763672,3805,0.0,0.0,0.0
2023-01-20 12:30:00-05:00,20.260000228881836,20.299999237060547,20.230100631713867,20.280000686645508,14727,0.0,0.0,0.0
2023-01-20 13:30:00-05:00,20.290000915527344,20.309999465942383,20.235000610351562,20.298099517822266,25744,0.0,0.0,0.0
2023-01-20 14:30:00-05:00,20.329999923706055,20.384300231933594,20.300100326538086,20.360000610351562,11840,0.0,0.0,0.0
2023-01-20 15:30:00-05:00,20.350000381469727,20.379899978637695,20.329999923706055,20.3700008392334,7574,0.0,0.0,0.0
2023-01-23 09:30:00-05:00,20.40999984741211,20.469999313354492,20.380399703979492,20.452499389648438,31104,0.0,0.0,0.0
2023-01-23 10:30:00-05:00,20.459999084472656,20.489999771118164,20.450000762939453,20.47010040283203,13584,0.0,0.0,0.0
2023-01-23 11:30:00-05:00,20.47410011291504,20.520000457763672,20.47249984741211,20.5,40032,0.0,0.0,0.0
2023-01-23 12:30:00-05:00,20.504100799560547,20.559999465942383,20.501699447631836,20.549999237060547,10075,0.0,0.0,0.0
2023-01-23 13:30:00-05:00,20.56999969482422,20.610000610351562,20.505699157714844,20.550100326538086,29499,0.0,0.0,0.0
2023-01-23 14:30:00-05:00,20.573999404907227,20.573999404907227,20.490100860595703,20.559900283813477,22280,0.0,0.0,0.0
2023-01-23 15:30:00-05:00,20.524999618530273,20.639999389648438,20.489999771118164,20.559999465942383,29588,0.0,0.0,0.0
2023-01-24 09:30:00-05:00,20.6299991607666,20.6299991607666,20.4512996673584,20.59000015258789,19683,0.0,0.0,0.0
2023-01-24 10:30:00-05:00,20.56999969482422,20.670000076293945,20.549699783325195,20.642499923706055,22178,0.0,0.0,0.0
2023-01-24 11:30:00-05:00,20.649999618530273,20.690000534057617,20.649999618530273,20.670000076293945,10151,0.0,0.0,0.0
2023-01-24 12:30:00-05:00,20.670000076293945,20.68000030517578,20.649999618530273,20.65130043029785,12985,0.0,0.0,0.0
2023-01-24 13:30:00-05:00,20.65999984741211,20.65999984741211,20.649999618530273,20.65999984741211,6304,0.0,0.0,0.0
2023-01-24 14:30:00-05:00,20.65999984741211,20.670000076293945,20.600000381469727,20.606700897216797,10350,0.0,0.0,0.0
2023-01-24 15:30:00-05:00,20.600000381469727,20.6200008392334,20.600000381469727,20.6200008392334,5937,0.0,0.0,0.0
2023-01-25 09:30:00-05:00,20.600000381469727,20.6299991607666,20.479999542236328,20.48150062561035,22086,0.0,0.0,0.0
2023-01-25 10:30:00-05:00,20.569900512695312,20.56999969482422,20.479999542236328,20.510000228881836,36524,0.0,0.0,0.0
2023-01-25 11:30:00-05:00,20.510099411010742,20.600000381469727,20.510000228881836,20.58989906311035,32746,0.0,0.0,0.0
2023-01-25 12:30:00-05:00,20.579999923706055,20.6299991607666,20.54010009765625,20.594999313354492,21901,0.0,0.0,0.0
2023-01-25 13:30:00-05:00,20.610000610351562,20.6299991607666,20.54210090637207,20.6299991607666,28241,0.0,0.0,0.0
2023-01-25 14:30:00-05:00,20.592500686645508,20.639999389648438,20.579999923706055,20.579999923706055,15074,0.0,0.0,0.0
2023-01-25 15:30:00-05:00,20.579999923706055,20.59000015258789,20.579999923706055,20.579999923706055,21580,0.0,0.0,0.0
2023-01-26 09:30:00-05:00,20.75,20.770000457763672,20.549999237060547,20.68000030517578,70227,0.0,0.0,0.0
2023-01-26 10:30:00-05:00,20.670000076293945,20.690000534057617,20.623600006103516,20.639999389648438,48330,0.0,0.0,0.0
2023-01-26 11:30:00-05:00,20.645000457763672,20.65999984741211,20.6200008392334,20.635000228881836,28538,0.0,0.0,0.0
2023-01-26 12:30:00-05:00,20.6299991607666,20.649999618530273,20.6200008392334,20.6299991607666,160497,0.0,0.0,0.0
2023-01-26 13:30:00-05:00,20.627899169921875,20.690000534057617,20.627899169921875,20.670000076293945,113873,0.0,0.0,0.0
2023-01-26 14:30:00-05:00,20.690000534057617,20.770000457763672,20.649999618530273,20.760000228881836,491756,0.0,0.0,0.0
2023-01-26 15:30:00-05:00,20.760000228881836,20.8700008392334,20.739999771118164,20.860000610351562,256945,0.0,0.0,0.0
2023-01-27 09:30:00-05:00,20.8700008392334,20.8799991607666,20.75,20.8700008392334,33703,0.0,0.0,0.0
2023-01-27 10:30:00-05:00,20.889999389648438,20.90999984741211,20.799999237060547,20.90999984741211,166701,0.0,0.0,0.0
2023-01-27 11:30:00-05:00,20.920000076293945,20.959999084472656,20.889999389648438,20.90999984741211,25365,0.0,0.0,0.0
2023-01-27 12:30:00-05:00,20.896099090576172,20.939899444580078,20.889999389648438,20.939899444580078,10859,0.0,0.0,0.0
2023-01-27 13:30:00-05:00,20.934999465942383,20.949899673461914,20.920000076293945,20.93000030517578,47609,0.0,0.0,0.0
2023-01-27 14:30:00-05:00,20.934999465942383,21.0,20.93000030517578,20.97010040283203,41468,0.0,0.0,0.0
2023-01-27 15:30:00-05:00,21.0,21.045000076293945,20.969999313354492,21.020000457763672,12976,0.0,0.0,0.0
2023-01-30 09:30:00-05:00,21.0,21.049999237060547,20.959999084472656,20.98080062866211,66237,0.0,0.0,0.0
2023-01-30 10:30:00-05:00,21.049999237060547,21.049999237060547,20.950000762939453,20.959999084472656,24869,0.0,0.0,0.0
2023-01-30 11:30:00-05:00,20.96150016784668,21.0,20.957500457763672,21.0,20009,0.0,0.0,0.0
2023-01-30 12:30:00-05:00,21.0,21.0,20.969999313354492,20.97010040283203,12064,0.0,0.0,0.0
2023-01-30 13:30:00-05:00,20.985000610351562,21.020000457763672,20.985000610351562,21.010000228881836,17061,0.0,0.0,0.0
2023-01-30 14:30:00-05:00,21.010000228881836,21.040000915527344,21.000099182128906,21.030000686645508,34886,0.0,0.0,0.0
2023-01-30 15:30:00-05:00,21.030000686645508,21.079999923706055,21.020099639892578,21.06999969482422,33001,0.0,0.0,0.0
2023-01-31 09:30:00-05:00,21.06999969482422,21.100000381469727,21.020000457763672,21.04800033569336,32305,0.0,0.0,0.0
2023-01-31 10:30:00-05:00,21.089799880981445,21.170000076293945,21.030000686645508,21.079999923706055,33167,0.0,0.0,0.0
2023-01-31 11:30:00-05:00,21.11949920654297,21.15999984741211,21.091999053955078,21.149999618530273,27587,0.0,0.0,0.0
2023-01-31 12:30:00-05:00,21.149999618530273,21.170000076293945,21.118499755859375,21.144699096679688,15240,0.0,0.0,0.0
2023-01-31 13:30:00-05:00,21.149999618530273,21.200000762939453,21.139999389648438,21.190000534057617,23772,0.0,0.0,0.0
2023-01-31 14:30:00-05:00,21.190000534057617,21.200000762939453,21.139999389648438,21.170000076293945,29751,0.0,0.0,0.0
2023-01-31 15:30:00-05:00,21.18000030517578,21.20639991760254,21.170000076293945,21.170000076293945,11370,0.0,0.0,0.0
2023-02-01 09:30:00-05:00,21.239999771118164,21.25,21.149999618530273,21.211000442504883,44206,0.0,0.0,0.0
2023-02-01 10:30:00-05:00,21.180999755859375,21.190000534057617,21.139999389648438,21.142499923706055,15102,0.0,0.0,0.0
2023-02-01 11:30:00-05:00,21.139999389648438,21.170000076293945,21.139999389648438,21.170000076293945,36814,0.0,0.0,0.0
2023-02-01 12:30:00-05:00,21.170000076293945,21.190000534057617,21.15999984741211,21.170000076293945,34440,0.0,0.0,0.0
2023-02-01 13:30:00-05:00,21.16990089416504,21.219999313354492,21.139999389648438,21.204999923706055,38198,0.0,0.0,0.0
2023-02-01 14:30:00-05:00,21.190000534057617,21.350000381469727,21.149999618530273,21.349000930786133,90430,0.0,0.0,0.0
2023-02-01 15:30:00-05:00,21.337400436401367,21.389999389648438,21.31999969482422,21.31999969482422,20164,0.0,0.0,0.0
2023-02-02 09:30:00-05:00,21.579999923706055,21.579999923706055,21.400100708007812,21.483299255371094,59516,0.0,0.0,0.0
2023-02-02 10:30:00-05:00,21.510000228881836,21.54990005493164,21.486099243164062,21.520000457763672,33297,0.0,0.0,0.0
2023-02-02 11:30:00-05:00,21.52899932861328,21.559999465942383,21.5,21.540000915527344,25912,0.0,0.0,0.0
2023-02-02 12:30:00-05:00,21.549999237060547,21.59000015258789,21.540000915527344,21.56999969482422,37173,0.0,0.0,0.0
2023-02-02 13:30:00-05:00,21.56999969482422,21.600000381469727,21.530000686645508,21.600000381469727,161015,0.0,0.0,0.0
2023-02-02 14:30:00-05:00,21.600000381469727,21.639999389648438,21.520099639892578,21.6299991607666,115499,0.0,0.0,0.0
2023-02-02 15:30:00-05:00,21.6299991607666,21.709999084472656,21.620100021362305,21.649999618530273,30896,0.0,0.0,0.0
2023-02-03 09:30:00-05:00,21.600000381469727,21.600000381469727,21.40999984741211,21.489999771118164,42569,0.0,0.0,0.0
2023-02-03 10:30:00-05:00,21.509899139404297,21.569900512695312,21.480100631713867,21.527000427246094,28540,0.0,0.0,0.0
2023-02-03 11:30:00-05:00,21.530000686645508,21.549999237060547,21.510000228881836,21.530000686645508,21399,0.0,0.0,0.0
2023-02-03 12:30:00-05:00,21.539499282836914,21.59000015258789,21.479999542236328,21.479999542236328,27610,0.0,0.0,0.0
2023-02-03 13:30:00-05:00,21.45789909362793,21.469999313354492,21.41010093688965,21.440000534057617,20736,0.0,0.0,0.0
2023-02-03 14:30:00-05:00,21.440000534057617,21.483600616455078,21.420000076293945,21.43000030517578,39136,0.0,0.0,0.0
2023-02-03 15:30:00-05:00,21.43000030517578,21.450000762939453,21.3700008392334,21.399999618530273,13859,0.0,0.0,0.0
2023-02-06 09:30:00-05:00,21.329999923706055,21.364999771118164,21.209999084472656,21.209999084472656,44710,0.0,0.0,0.0
2023-02-06 10:30:00-05:00,21.200000762939453,21.290000915527344,21.164600372314453,21.290000915527344,12727,0.0,0.0,0.0
2023-02-06 11:30:00-05:00,21.284099578857422,21.293699264526367,21.229999542236328,21.229999542236328,9487,0.0,0.0,0.0
2023-02-06 12:30:00-05:00,21.25,21.25,21.20009994506836,21.219999313354492,27025,0.0,0.0,0.0
2023-02-06 13:30:00-05:00,21.219999313354492,21.235300064086914,21.200000762939453,21.200000762939453,15742,0.0,0.0,0.0
2023-02-06 14:30:00-05:00,21.200000762939453,21.219900131225586,21.149999618530273,21.15999984741211,14666,0.0,0.0,0.0
2023-02-06 15:30:00-05:00,21.15999984741211,21.194000244140625,21.149999618530273,21.18000030517578,11471,0.0,0.0,0.0
2023-02-07 09:30:00-05:00,21.25,21.280000686645508,21.020000457763672,21.149999618530273,32168,0.0,0.0,0.0
2023-02-07 10:30:00-05:00,21.15999984741211,21.190000534057617,21.139999389648438,21.170000076293945,9330,0.0,0.0,0.0
2023-02-07 11:30:00-05:00,21.170000076293945,21.189899444580078,21.110000610351562,21.110000610351562,14074,0.0,0.0,0.0
2023-02-07 12:30:00-05:00,21.100000381469727,21.170000076293945,21.06999969482422,21.079999923706055,31519,0.0,0.0,0.0
2023-02-07 13:30:00-05:00,21.049999237060547,21.110000610351562,21.010099411010742,21.079999923706055,9949,0.0,0.0,0.0
2023-02-07 14:30:00-05:00,21.079999923706055,21.1200008392334,21.050100326538086,21.073999404907227,9600,0.0,0.0,0.0
2023-02-07 15:30:00-05:00,21.09000015258789,21.1200008392334,21.070100784301758,21.079999923706055,6551,0.0,0.0,0.0
2023-02-08 09:30:00-05:00,21.100000381469727,21.111299514770508,21.05120086669922,21.06999969482422,12994,0.0,0.0,0.0
2023-02-08 10:30:00-05:00,21.077899932861328,21.100000381469727,21.012500762939453,21.040000915527344,14067,0.0,0.0,0.0
2023-02-08 11:30:00-05:00,21.049999237060547,21.066699981689453,21.010000228881836,21.059999465942383,17700,0.0,0.0,0.0
2023-02-08 12:30:00-05:00,21.065000534057617,21.100000381469727,21.049999237060547,21.097700119018555,12200,0.0,0.0,0.0
2023-02-08 13:30:00-05:00,21.114999771118164,21.138500213623047,21.09000015258789,21.09600067138672,22889,0.0,0.0,0.0
2023-02-08 14:30:00-05:00,21.08530044555664,21.117700576782227,21.06999969482422,21.100000381469727,11942,0.0,0.0,0.0
2023-02-08 15:30:00-05:00,21.08009910583496,21.1200008392334,21.079999923706055,21.1200008392334,3928,0.0,0.0,0.0
2023-02-09 09:30:00-05:00,21.149999618530273,21.17300033569336,21.110000610351562,21.1200008392334,26272,0.0,0.0,0.0
2023-02-09 10:30:00-05:00,21.1200008392334,21.149999618530273,21.110000610351562,21.132400512695312,17090,0.0,0.0,0.0
2023-02-09 11:30:00-05:00,21.143400192260742,21.178600311279297,21.125,21.170000076293945,14490,0.0,0.0,0.0
2023-02-09 12:30:00-05:00,21.15999984741211,21.18000030517578,21.100000381469727,21.100000381469727,20399,0.0,0.0,0.0
2023-02-09 13:30:00-05:00,21.079999923706055,21.129899978637695,21.060100555419922,21.090499877929688,11511,0.0,0.0,0.0
2023-02-09 14:30:00-05:00,21.059999465942383,21.079999923706055,21.010000228881836,21.010000228881836,7993,0.0,0.0,0.0
2023-02-09 15:30:00-05:00,21.0,21.034799575805664,20.950000762939453,20.950000762939453,29054,0.0,0.0,0.0
2023-02-10 09:30:00-05:00,20.90999984741211,21.0,20.850000381469727,20.90999984741211,28773,0.0,0.0,0.0
2023-02-10 10:30:00-05:00,20.915000915527344,20.920000076293945,20.860000610351562,20.868099212646484,20967,0.0,0.0,0.0
2023-02-10 11:30:00-05:00,20.8799991607666,20.90999984741211,20.850000381469727,20.875,19523,0.0,0.0,0.0
2023-02-10 12:30:00-05:00,20.8799991607666,20.9153995513916,20.8799991607666,20.905000686645508,6869,0.0,0.0,0.0
2023-02-10 13:30:00-05:00,20.90999984741211,20.95560073852539,20.8799991607666,20.95560073852539,15132,0.0,0.0,0.0
2023-02-10 14:30:00-05:00,20.959999084472656,20.969600677490234,20.92009925842285,20.95829963684082,4950,0.0,0.0,0.0
2023-02-10 15:30:00-05:00,20.948699951171875,20.989900588989258,20.948699951171875,20.959999084472656,7678,0.0,0.0,0.0
2023-02-13 09:30:00-05:00,20.950000762939453,21.0,20.9158992767334,20.97410011291504,28290,0.0,0.0,0.0
2023-02-13 10:30:00-05:00,21.0,21.039899826049805,20.989299774169922,21.0,18799,0.0,0.0,0.0
2023-02-13 11:30:00-05:00,21.020000457763672,21.06999969482422,20.989999771118164,21.06999969482422,53555,0.0,0.0,0.0
2023-02-13 12:30:00-05:00,21.04010009765625,21.100000381469727,21.04010009765625,21.075000762939453,7508,0.0,0.0,0.0
2023-02-13 13:30:00-05:00,21.079999923706055,21.110000610351562,21.079999923706055,21.09000015258789,12873,0.0,0.0,0.0
2023-02-13 14:30:00-05:00,21.099899291992188,21.109500885009766,21.060100555419922,21.10919952392578,9823,0.0,0.0,0.0
2023-02-13 15:30:00-05:00,21.084999084472656,21.1200008392334,21.079999923706055,21.1200008392334,8554,0.0,0.0,0.0
2023-02-14 09:30:00-05:00,21.049999237060547,21.1200008392334,21.010000228881836,21.100000381469727,20026,0.0,0.0,0.0
2023-02-14 10:30:00-05:00,21.08009910583496,21.11199951171875,21.04050064086914,21.093700408935547,6547,0.0,0.0,0.0
2023-02-14 11:30:00-05:00,21.059999465942383,21.096399307250977,21.049999237060547,21.084999084472656,15155,0.0,0.0,0.0
2023-02-14 12:30:00-05:00,21.084999084472656,21.110000610351562,21.06999969482422,21.107900619506836,19667,0.0,0.0,0.0
2023-02-14 13:30:00-05:00,21.110000610351562,21.149999618530273,21.100000381469727,21.120100021362305,29587,0.0,0.0,0.0
2023-02-14 14:30:00-05:00,21.139999389648438,21.149999618530273,21.100000381469727,21.104999542236328,41012,0.0,0.0,0.0
2023-02-14 15:30:00-05:00,21.094100952148438,21.170000076293945,21.090099334716797,21.1200008392334,34646,0.0,0.0,0.0
2023-02-15 09:30:00-05:00,21.190000534057617,21.190000534057617,21.078699111938477,21.10099983215332,36542,0.0,0.0,0.0
2023-02-15 10:30:00-05:00,21.100099563598633,21.138999938964844,21.100000381469727,21.133699417114258,7609,0.0,0.0,0.0
2023-02-15 11:30:00-05:00,21.138399124145508,21.149999618530273,21.100000381469727,21.110000610351562,9634,0.0,0.0,0.0
2023-02-15 12:30:00-05:00,21.100900650024414,21.149999618530273,21.100099563598633,21.125,5841,0.0,0.0,0.0
2023-02-15 13:30:00-05:00,21.1299991607666,21.139999389648438,21.09000015258789,21.129899978637695,52713,0.0,0.0,0.0
2023-02-15 14:30:00-05:00,21.100000381469727,21.139999389648438,21.100000381469727,21.1299991607666,20030,0.0,0.0,0.0
2023-02-15 15:30:00-05:00,21.135000228881836,21.18000030517578,21.1299991607666,21.15999984741211,11614,0.0,0.0,0.0
2023-02-16 09:30:00-05:00,21.040000915527344,21.1210994720459,21.010000228881836,21.079999923706055,28047,0.0,0.0,0.0
2023-02-16 10:30:00-05:00,21.079999923706055,21.128700256347656,21.079999923706055,21.093000411987305,9569,0.0,0.0,0.0
2023-02-16 11:30:00-05:00,21.093000411987305,21.157400131225586,21.090099334716797,21.110000610351562,12813,0.0,0.0,0.0
2023-02-16 12:30:00-05:00,21.116500854492188,21.149999618530273,21.090099334716797,21.139999389648438,24388,0.0,0.0,0.0
2023-02-16 13:30:00-05:00,21.15999984741211,21.170000076293945,21.1200008392334,21.170000076293945,5059,0.0,0.0,0.0
2023-02-16 14:30:00-05:00,21.170000076293945,21.190000534057617,21.121700286865234,21.139999389648438,16010,0.0,0.0,0.0
2023-02-16 15:30:00-05:00,21.159900665283203,21.190000534057617,21.100000381469727,21.190000534057617,19624,0.0,0.0,0.0
2023-02-17 09:30:00-05:00,21.110000610351562,21.14240074157715,21.020200729370117,21.059999465942383,14493,0.0,0.0,0.0
2023-02-17 10:30:00-05:00,21.06999969482422,21.110000610351562,21.020000457763672,21.04170036315918,8538,0.0,0.0,0.0
2023-02-17 11:30:00-05:00,21.059999465942383,21.07900047302246,21.028200149536133,21.028200149536133,17257,0.0,0.0,0.0
2023-02-17 12:30:00-05:00,21.02359962463379,21.06999969482422,21.010000228881836,21.030000686645508,18033,0.0,0.0,0.0
2023-02-17 13:30:00-05:00,21.014999389648438,21.059999465942383,21.010000228881836,21.058000564575195,5209,0.0,0.0,0.0
2023-02-17 14:30:00-05:00,21.059900283813477,21.100000381469727,21.010000228881836,21.100000381469727,13433,0.0,0.0,0.0
2023-02-17 15:30:00-05:00,21.02669906616211,21.1200008392334,21.02669906616211,21.1200008392334,18983,0.0,0.0,0.0
2023-02-21 09:30:00-05:00,20.84000015258789,20.950000762939453,20.75,20.79520034790039,52607,0.0,0.0,0.0
2023-02-21 10:30:00-05:00,20.75,20.76889991760254,20.68000030517578,20.68000030517578,27916,0.0,0.0,0.0
2023-02-21 11:30:00-05:00,20.68000030517578,20.719900131225586,20.6299991607666,20.6299991607666,36642,0.0,0.0,0.0
2023-02-21 12:30:00-05:00,20.640100479125977,20.693099975585938,20.610000610351562,20.610000610351562,15042,0.0,0.0,0.0
2023-02-21 13:30:00-05:00,20.618999481201172,20.6200008392334,20.530000686645508,20.530000686645508,19251,0.0,0.0,0.0
2023-02-21 14:30:00-05:00,20.549999237060547,20.56999969482422,20.450000762939453,20.450000762939453,32194,0.0,0.0,0.0
2023-02-21 15:30:00-05:00,20.45009994506836,20.489900588989258,20.40999984741211,20.420000076293945,22961,0.0,0.0,0.0
2023-02-22 09:30:00-05:00,20.489999771118164,20.56999969482422,20.450000762939453,20.450000762939453,29385,0.0,0.0,0.0
2023-02-22 10:30:00-05:00,20.510000228881836,20.579999923706055,20.462099075317383,20.462099075317383,8364,0.0,0.0,0.0
2023-02-22 11:30:00-05:00,20.509899139404297,20.569900512695312,20.469999313354492,20.569900512695312,43344,0.0,0.0,0.0
2023-02-22 12:30:00-05:00,20.489999771118164,20.549999237060547,20.469999313354492,20.469999313354492,23157,0.0,0.0,0.0
2023-02-22 13:30:00-05:00,20.485000610351562,20.553800582885742,20.469999313354492,20.5,17207,0.0,0.0,0.0
2023-02-22 14:30:00-05:00,20.545000076293945,20.56800079345703,20.469999313354492,20.469999313354492,23686,0.0,0.0,0.0
2023-02-22 15:30:00-05:00,20.450000762939453,20.489999771118164,20.3799991607666,20.389999389648438,32254,0.0,0.0,0.0
2023-02-23 09:30:00-05:00,20.5,20.639999389648438,20.450000762939453,20.549999237060547,111032,0.0,0.0,0.0
2023-02-23 10:30:00-05:00,20.53499984741211,20.61520004272461,20.490100860595703,20.520000457763672,120379,0.0,0.0,0.0
2023-02-23 11:30:00-05:00,20.520000457763672,20.55579948425293,20.469999313354492,20.530000686645508,178189,0.0,0.0,0.0
2023-02-23 12:30:00-05:00,20.559900283813477,20.56999969482422,20.5,20.5,39987,0.0,0.0,0.0
2023-02-23 13:30:00-05:00,20.5,20.59000015258789,20.479999542236328,20.58009910583496,500658,0.0,0.0,0.0
2023-02-23 14:30:00-05:00,20.59000015258789,20.639999389648438,20.530000686645508,20.565000534057617,77447,0.0,0.0,0.0
2023-02-23 15:30:00-05:00,20.559999465942383,20.6299991607666,20.540000915527344,20.549999237060547,0,0.0,0.0,0.0
2023-02-24 09:30:00-05:00,20.3799991607666,20.459999084472656,20.360000610351562,20.45989990234375,15607,0.0,0.0,0.0
2023-02-24 10:30:00-05:00,20.459999084472656,20.5,20.40999984741211,20.476200103759766,47153,0.0,0.0,0.0
2023-02-24 11:30:00-05:00,20.459999084472656,20.475000381469727,20.354999542236328,20.360000610351562,52059,0.0,0.0,0.0
2023-02-24 12:30:00-05:00,20.360000610351562,20.395000457763672,20.31999969482422,20.31999969482422,111355,0.0,0.0,0.0
2023-02-24 13:30:00-05:00,20.469900131225586,20.48870086669922,20.344999313354492,20.415000915527344,6366,0.0,0.0,0.0
2023-02-24 14:30:00-05:00,20.400100708007812,20.5,20.385000228881836,20.459999084472656,20492,0.0,0.0,0.0
2023-02-24 15:30:00-05:00,20.43000030517578,20.540000915527344,20.420000076293945,20.540000915527344,6546,0.0,0.0,0.0
2023-02-27 09:30:00-05:00,20.639999389648438,20.65999984741211,20.540000915527344,20.600000381469727,26912,0.0,0.0,0.0
2023-02-27 10:30:00-05:00,20.639999389648438,20.639999389648438,20.579999923706055,20.602500915527344,8780,0.0,0.0,0.0
2023-02-27 11:30:00-05:00,20.600000381469727,20.6299991607666,20.559999465942383,20.610000610351562,15955,0.0,0.0,0.0
2023-02-27 12:30:00-05:00,20.550100326538086,20.61989974975586,20.549999237060547,20.555200576782227,8945,0.0,0.0,0.0
2023-02-27 13:30:00-05:00,20.61039924621582,20.61989974975586,20.549999237060547,20.559999465942383,6579,0.0,0.0,0.0
2023-02-27 14:30:00-05:00,20.584999084472656,20.601299285888672,20.559999465942383,20.56100082397461,19466,0.0,0.0,0.0
2023-02-27 15:30:00-05:00,20.560100555419922,20.59000015258789,20.530000686645508,20.530000686645508,0,0.0,0.0,0.0
2023-02-28 09:30:00-05:00,20.56999969482422,20.600000381469727,20.530000686645508,20.536500930786133,26836,0.0,0.0,0.0
2023-02-28 10:30:00-05:00,20.559200286865234,20.599899291992188,20.540000915527344,20.56999969482422,34615,0.0,0.0,0.0
2023-02-28 11:30:00-05:00,20.559999465942383,20.579999923706055,20.530000686645508,20.535999298095703,10628,0.0,0.0,0.0
2023-02-28 12:30:00-05:00,20.55470085144043,20.59000015258789,20.530099868774414,20.570100784301758,9354,0.0,0.0,0.0
2023-02-28 13:30:00-05:00,20.56999969482422,20.58049964904785,20.56999969482422,20.58049964904785,1447,0.0,0.0,0.0
2023-02-28 14:30:00-05:00,20.549999237060547,20.59000015258789,20.549999237060547,20.559999465942383,5030,0.0,0.0,0.0
2023-02-28 15:30:00-05:00,20.56999969482422,20.65999984741211,20.550100326538086,20.610000610351562,26981,0.0,0.0,0.0
2023-03-01 09:30:00-05:00,20.690000534057617,20.709999084472656,20.520000457763672,20.559999465942383,13364,0.0,0.0,0.0
2023-03-01 10:30:00-05:00,20.599899291992188,20.610000610351562,20.5,20.558900833129883,62094,0.0,0.0,0.0
2023-03-01 11:30:00-05:00,20.559999465942383,20.599899291992188,20.520000457763672,20.599899291992188,11263,0.0,0.0,0.0
2023-03-01 12:30:00-05:00,20.584999084472656,20.600000381469727,20.579999923706055,20.59000015258789,15670,0.0,0.0,0.0
2023-03-01 13:30:00-05:00,20.579999923706055,20.59000015258789,20.520000457763672,20.55500030517578,15907,0.0,0.0,0.0
2023-03-01 14:30:00-05:00,20.5310001373291,20.56999969482422,20.5310001373291,20.559999465942383,13819,0.0,0.0,0.0
2023-03-01 15:30:00-05:00,20.559999465942383,20.610000610351562,20.549999237060547,20.549999237060547,7434,0.0,0.0,0.0
2023-03-02 09:30:00-05:00,20.56999969482422,20.6200008392334,20.5,20.520000457763672,22405,0.0,0.0,0.0
2023-03-02 10:30:00-05:00,20.510000228881836,20.600000381469727,20.445499420166016,20.540000915527344,16349,0.0,0.0,0.0
2023-03-02 11:30:00-05:00,20.520000457763672,20.569000244140625,20.457500457763672,20.459999084472656,23442,0.0,0.0,0.0
2023-03-02 12:30:00-05:00,20.459999084472656,20.5,20.459999084472656,20.5,4973,0.0,0.0,0.0
2023-03-02 13:30:00-05:00,20.510000228881836,20.579999923706055,20.459999084472656,20.579999923706055,6593,0.0,0.0,0.0
2023-03-02 14:30:00-05:00,20.529300689697266,20.549999237060547,20.451000213623047,20.549999237060547,6819,0.0,0.0,0.0
2023-03-02 15:30:00-05:00,20.57939910888672,20.579999923706055,20.479999542236328,20.540000915527344,8863,0.0,0.0,0.0
2023-03-03 09:30:00-05:00,20.6200008392334,20.700000762939453,20.56999969482422,20.690000534057617,13147,0.0,0.0,0.0
2023-03-03 10:30:00-05:00,20.690000534057617,20.690000534057617,20.6200008392334,20.690000534057617,13324,0.0,0.0,0.0
2023-03-03 11:30:00-05:00,20.689300537109375,20.698400497436523,20.639999389648438,20.698400497436523,8219,0.0,0.0,0.0
2023-03-03 12:30:00-05:00,20.693500518798828,20.700000762939453,20.650999069213867,20.700000762939453,8999,0.0,0.0,0.0
2023-03-03 13:30:00-05:00,20.680099487304688,20.729999542236328,20.68000030517578,20.719999313354492,13865,0.0,0.0,0.0
2023-03-03 14:30:00-05:00,20.71500015258789,20.729999542236328,20.68000030517578,20.68000030517578,12201,0.0,0.0,0.0
2023-03-03 15:30:00-05:00,20.68000030517578,20.68000030517578,20.6200008392334,20.6200008392334,3870,0.0,0.0,0.0
2023-03-06 09:30:00-05:00,20.75,20.790000915527344,20.700000762939453,20.770000457763672,28865,0.0,0.0,0.0
2023-03-06 10:30:00-05:00,20.750999450683594,20.799999237060547,20.75,20.75,36440,0.0,0.0,0.0
2023-03-06 11:30:00-05:00,20.75,20.780000686645508,20.75,20.770000457763672,42550,0.0,0.0,0.0
2023-03-06 12:30:00-05:00,20.770000457763672,20.770000457763672,20.709999084472656,20.739999771118164,18148,0.0,0.0,0.0
2023-03-06 13:30:00-05:00,20.760000228881836,20.773500442504883,20.729999542236328,20.769899368286133,7767,0.0,0.0,0.0
2023-03-06 14:30:00-05:00,20.770000457763672,20.780000686645508,20.739999771118164,20.764999389648438,49612,0.0,0.0,0.0
2023-03-06 15:30:00-05:00,20.764999389648438,20.790000915527344,20.709999084472656,20.780000686645508,21051,0.0,0.0,0.0
2023-03-07 09:30:00-05:00,20.790000915527344,20.790000915527344,20.6299991607666,20.645000457763672,20374,0.0,0.0,0.0
2023-03-07 10:30:00-05:00,20.645700454711914,20.69860076904297,20.6299991607666,20.649999618530273,14503,0.0,0.0,0.0
2023-03-07 11:30:00-05:00,20.636499404907227,20.65999984741211,20.610000610351562,20.65999984741211,27320,0.0,0.0,0.0
2023-03-07 12:30:00-05:00,20.655000686645508,20.655000686645508,20.510099411010742,20.5403995513916,11757,0.0,0.0,0.0
2023-03-07 13:30:00-05:00,20.530000686645508,20.549999237060547,20.5,20.549999237060547,8743,0.0,0.0,0.0
2023-03-07 14:30:00-05:00,20.500099182128906,20.520000457763672,20.459999084472656,20.459999084472656,13938,0.0,0.0,0.0
2023-03-07 15:30:00-05:00,20.460100173950195,20.5,20.450000762939453,20.479999542236328,11402,0.0,0.0,0.0
2023-03-08 09:30:00-05:00,20.43000030517578,20.510000228881836,20.420000076293945,20.5,11359,0.0,0.0,0.0
2023-03-08 10:30:00-05:00,20.5,20.539899826049805,20.479999542236328,20.479999542236328,14042,0.0,0.0,0.0
2023-03-08 11:30:00-05:00,20.489999771118164,20.5,20.469999313354492,20.480899810791016,12261,0.0,0.0,0.0
2023-03-08 12:30:00-05:00,20.485000610351562,20.498199462890625,20.450000762939453,20.4512996673584,16793,0.0,0.0,0.0
2023-03-08 13:30:00-05:00,20.45009994506836,20.479999542236328,20.440000534057617,20.450000762939453,3903,0.0,0.0,0.0
2023-03-08 14:30:00-05:00,20.468700408935547,20.468700408935547,20.43000030517578,20.440000534057617,4700,0.0,0.0,0.0
2023-03-08 15:30:00-05:00,20.440000534057617,20.469999313354492,20.43000030517578,20.43000030517578,0,0.0,0.0,0.0
2023-03-09 09:30:00-05:00,20.43000030517578,20.450000762939453,20.399999618530273,20.420000076293945,19232,0.0,0.0,0.0
2023-03-09 10:30:00-05:00,20.420000076293945,20.424999237060547,20.334999084472656,20.334999084472656,15821,0.0,0.0,0.0
2023-03-09 11:30:00-05:00,20.350000381469727,20.360000610351562,20.280000686645508,20.280000686645508,6977,0.0,0.0,0.0
2023-03-09 12:30:00-05:00,20.270000457763672,20.274999618530273,20.15999984741211,20.165000915527344,15104,0.0,0.0,0.0
2023-03-09 13:30:00-05:00,20.15999984741211,20.170000076293945,20.1299991607666,20.149999618530273,18665,0.0,0.0,0.0
2023-03-09 14:30:00-05:00,20.149900436401367,20.149999618530273,19.959999084472656,19.959999084472656,31418,0.0,0.0,0.0
2023-03-09 15:30:00-05:00,19.950000762939453,19.959999084472656,19.829999923706055,19.939899444580078,0,0.0,0.0,0.0
2023-03-10 09:30:00-05:00,19.81999969482422,19.81999969482422,19.459999084472656,19.600000381469727,94553,0.0,0.0,0.0
2023-03-10 10:30:00-05:00,19.63990020751953,19.639999389648438,19.56999969482422,19.636699676513672,123476,0.0,0.0,0.0
2023-03-10 11:30:00-05:00,19.635000228881836,19.75,19.399999618530273,19.415000915527344,45167,0.0,0.0,0.0
2023-03-10 12:30:00-05:00,19.399999618530273,19.5,19.260000228881836,19.260099411010742,40277,0.0,0.0,0.0
2023-03-10 13:30:00-05:00,19.270000457763672,19.34000015258789,19.1200008392334,19.170000076293945,61535,0.0,0.0,0.0
2023-03-10 14:30:00-05:00,19.170000076293945,19.350000381469727,19.110000610351562,19.179000854492188,76004,0.0,0.0,0.0
2023-03-10 15:30:00-05:00,19.208099365234375,19.208099365234375,19.110000610351562,19.110000610351562,20777,0.0,0.0,0.0
2023-03-13 09:30:00-04:00,18.90999984741211,19.059999465942383,18.68000030517578,18.819900512695312,153810,0.0,0.0,0.0
2023-03-13 10:30:00-04:00,18.780000686645508,19.0,18.719999313354492,18.940000534057617,57701,0.0,0.0,0.0
2023-03-13 11:30:00-04:00,18.940000534057617,19.0,18.81999969482422,18.850000381469727,40433,0.0,0.0,0.0
2023-03-13 12:30:00-04:00,18.882699966430664,18.899900436401367,18.760000228881836,18.850000381469727,21529,0.0,0.0,0.0
2023-03-13 13:30:00-04:00,18.850000381469727,18.8799991607666,18.800100326538086,18.850000381469727,22557,0.0,0.0,0.0
2023-03-13 14:30:00-04:00,18.850099563598633,18.891700744628906,18.729999542236328,18.740100860595703,22545,0.0,0.0,0.0
2023-03-13 15:30:00-04:00,18.74220085144043,18.81999969482422,18.700000762939453,18.709999084472656,33648,0.0,0.0,0.0
2023-03-14 09:30:00-04:00,19.040000915527344,19.342899322509766,19.020000457763672,19.342899322509766,56479,0.0,0.0,0.0
2023-03-14 10:30:00-04:00,19.34000015258789,19.420000076293945,19.31999969482422,19.346900939941406,16514,0.0,0.0,0.0
2023-03-14 11:30:00-04:00,19.34000015258789,19.360000610351562,19.270000457763672,19.280000686645508,16033,0.0,0.0,0.0
2023-03-14 12:30:00-04:00,19.309999465942383,19.329999923706055,19.170000076293945,19.18000030517578,38580,0.0,0.0,0.0
2023-03-14 13:30:00-04:00,19.170000076293945,19.19879913330078,19.059999465942383,19.059999465942383,16104,0.0,0.0,0.0
2023-03-14 14:30:00-04:00,19.110000610351562,19.190000534057617,19.020000457763672,19.045000076293945,16529,0.0,0.0,0.0
2023-03-14 15:30:00-04:00,19.040000915527344,19.1200008392334,19.0,19.049999237060547,42121,0.0,0.0,0.0
2023-03-15 09:30:00-04:00,18.889999389648438,19.024999618530273,18.850099563598633,18.950000762939453,50118,0.0,0.0,0.0
2023-03-15 10:30:00-04:00,18.950000762939453,18.969999313354492,18.767900466918945,18.87779998779297,18008,0.0,0.0,0.0
2023-03-15 11:30:00-04:00,18.850000381469727,18.853700637817383,18.610000610351562,18.6200008392334,35558,0.0,0.0,0.0
2023-03-15 12:30:00-04:00,18.649999618530273,18.719100952148438,18.549999237060547,18.58989906311035,46891,0.0,0.0,0.0
2023-03-15 13:30:00-04:00,18.549999237060547,18.579999923706055,18.520099639892578,18.579999923706055,22368,0.0,0.0,0.0
2023-03-15 14:30:00-04:00,18.701799392700195,18.799999237060547,18.600099563598633,18.65999984741211,15839,0.0,0.0,0.0
2023-03-15 15:30:00-04:00,18.79829978942871,18.84000015258789,18.65999984741211,18.690000534057617,48533,0.0,0.0,0.0
2023-03-16 09:30:00-04:00,18.6299991607666,18.764999389648438,18.6299991607666,18.68000030517578,17550,0.0,0.0,0.0
2023-03-16 10:30:00-04:00,18.66010093688965,18.920000076293945,18.66010093688965,18.829999923706055,48608,0.0,0.0,0.0
2023-03-16 11:30:00-04:00,18.860000610351562,18.969999313354492,18.799999237060547,18.93600082397461,19308,0.0,0.0,0.0
2023-03-16 12:30:00-04:00,18.93000030517578,19.199899673461914,18.93000030517578,19.199899673461914,40882,0.0,0.0,0.0
2023-03-16 13:30:00-04:00,19.100000381469727,19.190000534057617,19.030000686645508,19.030000686645508,19703,0.0,0.0,0.0
2023-03-16 14:30:00-04:00,19.13159942626953,19.183700561523438,19.020000457763672,19.183700561523438,15190,0.0,0.0,0.0
2023-03-16 15:30:00-04:00,19.09000015258789,19.190000534057617,19.040000915527344,19.1200008392334,23448,0.0,0.0,0.0
2023-03-17 09:30:00-04:00,18.989999771118164,19.010000228881836,18.661300659179688,18.770000457763672,47902,0.0,0.0,0.0
2023-03-17 10:30:00-04:00,18.770000457763672,18.770000457763672,18.639999389648438,18.649599075317383,27488,0.0,0.0,0.0
2023-03-17 11:30:00-04:00,18.6427001953125,18.719900131225586,18.63010025024414,18.68000030517578,12888,0.0,0.0,0.0
2023-03-17 12:30:00-04:00,18.71500015258789,18.71500015258789,18.670000076293945,18.68000030517578,18351,0.0,0.0,0.0
2023-03-17 13:30:00-04:00,18.68090057373047,18.700000762939453,18.610000610351562,18.610000610351562,19094,0.0,0.0,0.0
2023-03-17 14:30:00-04:00,18.670000076293945,18.700000762939453,18.579999923706055,18.600000381469727,21297,0.0,0.0,0.0
2023-03-17 15:30:00-04:00,18.610000610351562,18.63680076599121,18.540000915527344,18.56999969482422,22674,0.0,0.0,0.0
2023-03-20 09:30:00-04:00,18.510000228881836,18.599899291992188,18.420000076293945,18.47369956970215,58133,0.0,0.0,0.0
2023-03-20 10:30:00-04:00,18.497900009155273,18.497900009155273,18.299999237060547,18.299999237060547,27655,0.0,0.0,0.0
2023-03-20 11:30:00-04:00,18.350000381469727,18.379199981689453,18.16010093688965,18.190099716186523,93905,0.0,0.0,0.0
2023-03-20 12:30:00-04:00,18.239999771118164,18.280000686645508,18.190000534057617,18.25,26436,0.0,0.0,0.0
2023-03-20 13:30:00-04:00,18.270000457763672,18.280000686645508,18.180099487304688,18.199499130249023,16556,0.0,0.0,0.0
2023-03-20 14:30:00-04:00,18.20009994506836,18.23940086364746,18.15999984741211,18.15999984741211,22287,0.0,0.0,0.0
2023-03-20 15:30:00-04:00,18.18000030517578,18.209999084472656,18.100000381469727,18.139999389648438,19362,0.0,0.0,0.0
2023-03-21 09:30:00-04:00,18.280000686645508,18.45989990234375,18.280000686645508,18.329999923706055,49600,0.0,0.0,0.0
2023-03-21 10:30:00-04:00,18.329999923706055,18.399999618530273,18.299999237060547,18.350000381469727,27340,0.0,0.0,0.0
2023-03-21 11:30:00-04:00,18.360000610351562,18.399999618530273,18.34000015258789,18.354999542236328,17285,0.0,0.0,0.0
2023-03-21 12:30:00-04:00,18.3700008392334,18.3700008392334,18.34000015258789,18.350900650024414,13287,0.0,0.0,0.0
2023-03-21 13:30:00-04:00,18.367700576782227,18.3700008392334,18.309999465942383,18.310100555419922,24869,0.0,0.0,0.0
2023-03-21 14:30:00-04:00,18.32430076599121,18.3700008392334,18.309999465942383,18.3700008392334,15387,0.0,0.0,0.0
2023-03-21 15:30:00-04:00,18.368600845336914,18.409000396728516,18.321800231933594,18.3700008392334,19697,0.0,0.0,0.0
2023-03-22 09:30:00-04:00,18.346200942993164,18.450000762939453,18.332799911499023,18.450000762939453,31991,0.0,0.0,0.0
2023-03-22 10:30:00-04:00,18.459999084472656,18.5,18.3700008392334,18.3799991607666,10828,0.0,0.0,0.0
2023-03-22 11:30:00-04:00,18.3700008392334,18.399999618530273,18.34000015258789,18.389999389648438,7813,0.0,0.0,0.0
2023-03-22 12:30:00-04:00,18.378000259399414,18.379899978637695,18.299999237060547,18.31999969482422,20749,0.0,0.0,0.0
2023-03-22 13:30:00-04:00,18.30739974975586,18.387500762939453,18.270000457763672,18.387500762939453,14730,0.0,0.0,0.0
2023-03-22 14:30:00-04:00,18.350000381469727,18.469999313354492,18.270099639892578,18.334199905395508,16088,0.0,0.0,0.0
2023-03-22 15:30:00-04:00,18.41309928894043,18.420000076293945,18.25,18.25,11740,0.0,0.0,0.0
2023-03-23 09:30:00-04:00,18.450000762939453,18.489900588989258,18.329999923706055,18.420000076293945,18472,0.0,0.0,0.0
2023-03-23 10:30:00-04:00,18.472299575805664,18.472299575805664,18.350099563598633,18.399999618530273,8845,0.0,0.0,0.0
2023-03-23 11:30:00-04:00,18.402099609375,18.449899673461914,18.360000610351562,18.360000610351562,15388,0.0,0.0,0.0
2023-03-23 12:30:00-04:00,18.396900177001953,18.399999618530273,18.260000228881836,18.280000686645508,16235,0.0,0.0,0.0
2023-03-23 13:30:00-04:00,18.329999923706055,18.329999923706055,18.200000762939453,18.200000762939453,21987,0.0,0.0,0.0
2023-03-23 14:30:00-04:00,18.200000762939453,18.200000762939453,18.010000228881836,18.010000228881836,44671,0.0,0.0,0.0
2023-03-23 15:30:00-04:00,18.010000228881836,18.099000930786133,18.0,18.040000915527344,23593,0.0,0.0,0.0
2023-03-24 09:30:00-04:00,18.010000228881836,18.09000015258789,17.989999771118164,18.049999237060547,52954,0.0,0.0,0.0
2023-03-24 10:30:00-04:00,18.05500030517578,18.05500030517578,17.93000030517578,17.940000534057617,35402,0.0,0.0,0.0
2023-03-24 11:30:00-04:00,17.940000534057617,17.949600219726562,17.8700008392334,17.882699966430664,37463,0.0,0.0,0.0
2023-03-24 12:30:00-04:00,17.899999618530273,18.020000457763672,17.889999389648438,18.020000457763672,18728,0.0,0.0,0.0
2023-03-24 13:30:00-04:00,17.990100860595703,18.065000534057617,17.990100860595703,18.000099182128906,13160,0.0,0.0,0.0
2023-03-24 14:30:00-04:00,18.075000762939453,18.100000381469727,18.030099868774414,18.100000381469727,10609,0.0,0.0,0.0
2023-03-24 15:30:00-04:00,18.100000381469727,18.100000381469727,18.040000915527344,18.100000381469727,7547,0.0,0.0,0.0
2023-03-27 09:30:00-04:00,18.110000610351562,18.429899215698242,18.110000610351562,18.29990005493164,22483,0.0,0.0,0.0
2023-03-27 10:30:00-04:00,18.299999237060547,18.350000381469727,18.18000030517578,18.254100799560547,18990,0.0,0.0,0.0
2023-03-27 11:30:00-04:00,18.2450008392334,18.315000534057617,18.229999542236328,18.290000915527344,13691,0.0,0.0,0.0
2023-03-27 12:30:00-04:00,18.219999313354492,18.34000015258789,18.198999404907227,18.280000686645508,11103,0.0,0.0,0.0
2023-03-27 13:30:00-04:00,18.280000686645508,18.34469985961914,18.275999069213867,18.299999237060547,11505,0.0,0.0,0.0
2023-03-27 14:30:00-04:00,18.299999237060547,18.350000381469727,18.280099868774414,18.299999237060547,11319,0.0,0.0,0.0
2023-03-27 15:30:00-04:00,18.299999237060547,18.299999237060547,18.280000686645508,18.299999237060547,21951,0.0,0.0,0.0
2023-03-28 09:30:00-04:00,18.399999618530273,18.43000030517578,18.219999313354492,18.3799991607666,42183,0.0,0.0,0.0
2023-03-28 10:30:00-04:00,18.399999618530273,18.450000762939453,18.350000381469727,18.420000076293945,15384,0.0,0.0,0.0
2023-03-28 11:30:00-04:00,18.389999389648438,18.450000762939453,18.309999465942383,18.360000610351562,14178,0.0,0.0,0.0
2023-03-28 12:30:00-04:00,18.360000610351562,18.40999984741211,18.309999465942383,18.309999465942383,11921,0.0,0.0,0.0
2023-03-28 13:30:00-04:00,18.309999465942383,18.3799991607666,18.280000686645508,18.360000610351562,20881,0.0,0.0,0.0
2023-03-28 14:30:00-04:00,18.3843994140625,18.440000534057617,18.360000610351562,18.389999389648438,19909,0.0,0.0,0.0
2023-03-28 15:30:00-04:00,18.434999465942383,18.440000534057617,18.350000381469727,18.350000381469727,13617,0.0,0.0,0.0
2023-03-29 09:30:00-04:00,18.530000686645508,18.600000381469727,18.469999313354492,18.565000534057617,46004,0.0,0.0,0.0
2023-03-29 10:30:00-04:00,18.5762996673584,18.600000381469727,18.51609992980957,18.56999969482422,24509,0.0,0.0,0.0
2023-03-29 11:30:00-04:00,18.540000915527344,18.65999984741211,18.510000228881836,18.65999984741211,24570,0.0,0.0,0.0
2023-03-29 12:30:00-04:00,18.65999984741211,18.700000762939453,18.610000610351562,18.670000076293945,13607,0.0,0.0,0.0
2023-03-29 13:30:00-04:00,18.68000030517578,18.689899444580078,18.600000381469727,18.639999389648438,30056,0.0,0.0,0.0
2023-03-29 14:30:00-04:00,18.650100708007812,18.690000534057617,18.579999923706055,18.6200008392334,81191,0.0,0.0,0.0
2023-03-29 15:30:00-04:00,18.6200008392334,18.700000762939453,18.600000381469727,18.68000030517578,9422,0.0,0.0,0.0
2023-03-30 09:30:00-04:00,18.760000228881836,18.799999237060547,18.700000762939453,18.75,23993,0.0,0.0,0.0
2023-03-30 10:30:00-04:00,18.770000457763672,18.860000610351562,18.750099182128906,18.780000686645508,10759,0.0,0.0,0.0
2023-03-30 11:30:00-04:00,18.770000457763672,18.795000076293945,18.700000762939453,18.70870018005371,11842,0.0,0.0,0.0
2023-03-30 12:30:00-04:00,18.700000762939453,18.739999771118164,18.700000762939453,18.709999084472656,10767,0.0,0.0,0.0
2023-03-30 13:30:00-04:00,18.709999084472656,18.769899368286133,18.709999084472656,18.75,17332,0.0,0.0,0.0
2023-03-30 14:30:00-04:00,18.749300003051758,18.829999923706055,18.74720001220703,18.815000534057617,8138,0.0,0.0,0.0
2023-03-30 15:30:00-04:00,18.799999237060547,18.889999389648438,18.799999237060547,18.889999389648438,8716,0.0,0.0,0.0
2023-03-31 09:30:00-04:00,18.959999084472656,19.0,18.899999618530273,19.0,16382,0.0,0.0,0.0
2023-03-31 10:30:00-04:00,18.950000762939453,19.06999969482422,18.950000762939453,19.06999969482422,36626,0.0,0.0,0.0
2023-03-31 11:30:00-04:00,19.12529945373535,19.129899978637695,19.06999969482422,19.110000610351562,25072,0.0,0.0,0.0
2023-03-31 12:30:00-04:00,19.1200008392334,19.149999618530273,19.101699829101562,19.140100479125977,10583,0.0,0.0,0.0
2023-03-31 13:30:00-04:00,19.139999389648438,19.149999618530273,19.110000610351562,19.120100021362305,13648,0.0,0.0,0.0
2023-03-31 14:30:00-04:00,19.13640022277832,19.179000854492188,19.13610076904297,19.150100708007812,10201,0.0,0.0,0.0
2023-03-31 15:30:00-04:00,19.15999984741211,19.290000915527344,19.100099563598633,19.290000915527344,25271,0.0,0.0,0.0
2023-04-03 09:30:00-04:00,19.399999618530273,19.399999618530273,19.190000534057617,19.359899520874023,44230,0.0,0.0,0.0
2023-04-03 10:30:00-04:00,19.34000015258789,19.360000610351562,19.200000762939453,19.219999313354492,53388,0.0,0.0,0.0
2023-04-03 11:30:00-04:00,19.22010040283203,19.290000915527344,19.22010040283203,19.26689910888672,13108,0.0,0.0,0.0
2023-04-03 12:30:00-04:00,19.25,19.285400390625,19.240100860595703,19.280000686645508,10791,0.0,0.0,0.0
2023-04-03 13:30:00-04:00,19.263099670410156,19.299999237060547,19.239999771118164,19.299999237060547,8518,0.0,0.0,0.0
2023-04-03 14:30:00-04:00,19.299999237060547,19.325000762939453,19.25,19.31599998474121,9979,0.0,0.0,0.0
2023-04-03 15:30:00-04:00,19.31999969482422,19.389999389648438,19.299999237060547,19.389999389648438,11999,0.0,0.0,0.0
2023-04-04 09:30:00-04:00,19.350000381469727,19.399999618530273,19.299999237060547,19.332399368286133,24332,0.0,0.0,0.0
2023-04-04 10:30:00-04:00,19.309999465942383,19.309999465942383,19.250099182128906,19.259300231933594,11572,0.0,0.0,0.0
2023-04-04 11:30:00-04:00,19.260000228881836,19.27989959716797,19.219999313354492,19.219999313354492,12267,0.0,0.0,0.0
2023-04-04 12:30:00-04:00,19.219999313354492,19.260000228881836,19.219999313354492,19.260000228881836,3730,0.0,0.0,0.0
2023-04-04 13:30:00-04:00,19.264999389648438,19.31999969482422,19.260000228881836,19.309999465942383,18265,0.0,0.0,0.0
2023-04-04 14:30:00-04:00,19.299999237060547,19.319900512695312,19.299999237060547,19.299999237060547,2893,0.0,0.0,0.0
2023-04-04 15:30:00-04:00,19.290000915527344,19.31999969482422,19.260000228881836,19.290000915527344,8610,0.0,0.0,0.0
2023-04-05 09:30:00-04:00,19.389999389648438,19.399999618530273,19.239999771118164,19.31999969482422,33621,0.0,0.0,0.0
2023-04-05 10:30:00-04:00,19.3799991607666,19.3799991607666,19.207300186157227,19.239999771118164,24553,0.0,0.0,0.0
2023-04-05 11:30:00-04:00,19.219499588012695,19.299999237060547,19.200000762939453,19.264999389648438,20190,0.0,0.0,0.0
2023-04-05 12:30:00-04:00,19.260000228881836,19.299999237060547,19.219999313354492,19.290000915527344,27666,0.0,0.0,0.0
2023-04-05 13:30:00-04:00,19.290000915527344,19.299999237060547,19.250099182128906,19.26140022277832,11791,0.0,0.0,0.0
2023-04-05 14:30:00-04:00,19.28499984741211,19.299999237060547,19.209999084472656,19.270000457763672,27531,0.0,0.0,0.0
2023-04-05 15:30:00-04:00,19.268999099731445,19.270000457763672,19.22100067138672,19.270000457763672,0,0.0,0.0,0.0
2023-04-06 09:30:00-04:00,19.229999542236328,19.262300491333008,19.149999618530273,19.20009994506836,19858,0.0,0.0,0.0
2023-04-06 10:30:00-04:00,19.229999542236328,19.25309944152832,19.20009994506836,19.230100631713867,5960,0.0,0.0,0.0
2023-04-06 11:30:00-04:00,19.239999771118164,19.280000686645508,19.232500076293945,19.266000747680664,9817,0.0,0.0,0.0
2023-04-06 12:30:00-04:00,19.280000686645508,19.319900512695312,19.280000686645508,19.295000076293945,14949,0.0,0.0,0.0
2023-04-06 13:30:00-04:00,19.270000457763672,19.360000610351562,19.270000457763672,19.34000015258789,28598,0.0,0.0,0.0
2023-04-06 14:30:00-04:00,19.34000015258789,19.369400024414062,19.309999465942383,19.350000381469727,25706,0.0,0.0,0.0
2023-04-06 15:30:00-04:00,19.310100555419922,19.350000381469727,19.310100555419922,19.329999923706055,13222,0.0,0.0,0.0
2023-04-10 09:30:00-04:00,19.299999237060547,19.31999969482422,19.200000762939453,19.299999237060547,32424,0.0,0.0,0.0
2023-04-10 10:30:00-04:00,19.2716007232666,19.31999969482422,19.250099182128906,19.299999237060547,6301,0.0,0.0,0.0
2023-04-10 11:30:00-04:00,19.280000686645508,19.29990005493164,19.25,19.25,7187,0.0,0.0,0.0
2023-04-10 12:30:00-04:00,19.239999771118164,19.2726993560791,19.219999313354492,19.2726993560791,12539,0.0,0.0,0.0
2023-04-10 13:30:00-04:00,19.260000228881836,19.290000915527344,19.25,19.289899826049805,3602,0.0,0.0,0.0
2023-04-10 14:30:00-04:00,19.270000457763672,19.290000915527344,19.25,19.274999618530273,5665,0.0,0.0,0.0
2023-04-10 15:30:00-04:00,19.274999618530273,19.299999237060547,19.262500762939453,19.270000457763672,7527,0.0,0.0,0.0
2023-04-11 09:30:00-04:00,19.299999237060547,19.299999237060547,19.260000228881836,19.299999237060547,14645,0.0,0.0,0.0
2023-04-11 10:30:00-04:00,19.299999237060547,19.31999969482422,19.280000686645508,19.31999969482422,11951,0.0,0.0,0.0
2023-04-11 11:30:00-04:00,19.31999969482422,19.31999969482422,19.299999237060547,19.309999465942383,6948,0.0,0.0,0.0
2023-04-11 12:30:00-04:00,19.31999969482422,19.360000610351562,19.316600799560547,19.349899291992188,20859,0.0,0.0,0.0
2023-04-11 13:30:00-04:00,19.32469940185547,19.350000381469727,19.320100784301758,19.34429931640625,11003,0.0,0.0,0.0
2023-04-11 14:30:00-04:00,19.375,19.399999618530273,19.375,19.399900436401367,45610,0.0,0.0,0.0
2023-04-11 15:30:00-04:00,19.389999389648438,19.40999984741211,19.34000015258789,19.389999389648438,0,0.0,0.0,0.0
2023-04-12 09:30:00-04:00,19.479999542236328,19.517499923706055,19.325300216674805,19.359100341796875,27255,0.0,0.0,0.0
2023-04-12 10:30:00-04:00,19.360000610351562,19.393199920654297,19.25659942626953,19.28499984741211,33451,0.0,0.0,0.0
2023-04-12 11:30:00-04:00,19.290000915527344,19.3799991607666,19.290000915527344,19.3799991607666,10210,0.0,0.0,0.0
2023-04-12 12:30:00-04:00,19.37190055847168,19.399999618530273,19.33009910583496,19.375,16890,0.0,0.0,0.0
2023-04-12 13:30:00-04:00,19.375,19.389999389648438,19.350000381469727,19.3799991607666,14425,0.0,0.0,0.0
2023-04-12 14:30:00-04:00,19.354999542236328,19.36989974975586,19.250099182128906,19.299999237060547,22054,0.0,0.0,0.0
2023-04-12 15:30:00-04:00,19.290000915527344,19.290000915527344,19.25,19.252700805664062,0,0.0,0.0,0.0
2023-04-13 09:30:00-04:00,19.389999389648438,19.389999389648438,19.200000762939453,19.31999969482422,61942,0.0,0.0,0.0
2023-04-13 10:30:00-04:00,19.31999969482422,19.31999969482422,19.260000228881836,19.289100646972656,39862,0.0,0.0,0.0
2023-04-13 11:30:00-04:00,19.290000915527344,19.299999237060547,19.260000228881836,19.29990005493164,18761,0.0,0.0,0.0
2023-04-13 12:30:00-04:00,19.298599243164062,19.321500778198242,19.280000686645508,19.321500778198242,5105,0.0,0.0,0.0
2023-04-13 13:30:00-04:00,19.319000244140625,19.389999389648438,19.310100555419922,19.368999481201172,35741,0.0,0.0,0.0
2023-04-13 14:30:00-04:00,19.329999923706055,19.329999923706055,19.310100555419922,19.31999969482422,9217,0.0,0.0,0.0
2023-04-13 15:30:00-04:00,19.350000381469727,19.350000381469727,19.309999465942383,19.31999969482422,4915,0.0,0.0,0.0
2023-04-14 09:30:00-04:00,19.350000381469727,19.3700008392334,19.20009994506836,19.239999771118164,25105,0.0,0.0,0.0
2023-04-14 10:30:00-04:00,19.21780014038086,19.219900131225586,19.15999984741211,19.15999984741211,7272,0.0,0.0,0.0
2023-04-14 11:30:00-04:00,19.15999984741211,19.2012996673584,19.020000457763672,19.1299991607666,86607,0.0,0.0,0.0
2023-04-14 12:30:00-04:00,19.111000061035156,19.190000534057617,19.010000228881836,19.149999618530273,35064,0.0,0.0,0.0
2023-04-14 13:30:00-04:00,19.15290069580078,19.216299057006836,19.110000610351562,19.18000030517578,22194,0.0,0.0,0.0
2023-04-14 14:30:00-04:00,19.186199188232422,19.280000686645508,19.186199188232422,19.20009994506836,47688,0.0,0.0,0.0
2023-04-14 15:30:00-04:00,19.20009994506836,19.269899368286133,19.190099716186523,19.200000762939453,4413,0.0,0.0,0.0
2023-04-17 09:30:00-04:00,19.25,19.25,19.16010093688965,19.242799758911133,31297,0.0,0.0,0.0
2023-04-17 10:30:00-04:00,19.203500747680664,19.25,19.200000762939453,19.219900131225586,15422,0.0,0.0,0.0
2023-04-17 11:30:00-04:00,19.209999084472656,19.239999771118164,19.20009994506836,19.239999771118164,12078,0.0,0.0,0.0
2023-04-17 12:30:00-04:00,19.239999771118164,19.25,19.209999084472656,19.239999771118164,10553,0.0,0.0,0.0
2023-04-17 13:30:00-04:00,19.25,19.260000228881836,19.239999771118164,19.257299423217773,11168,0.0,0.0,0.0
2023-04-17 14:30:00-04:00,19.239999771118164,19.260000228881836,19.219999313354492,19.24209976196289,14632,0.0,0.0,0.0
2023-04-17 15:30:00-04:00,19.258499145507812,19.260000228881836,19.18000030517578,19.18000030517578,15494,0.0,0.0,0.0
2023-04-18 09:30:00-04:00,19.270000457763672,19.280000686645508,19.173500061035156,19.200000762939453,23375,0.0,0.0,0.0
2023-04-18 10:30:00-04:00,19.18000030517578,19.200000762939453,19.139999389648438,19.155000686645508,9490,0.0,0.0,0.0
2023-04-18 11:30:00-04:00,19.190000534057617,19.239999771118164,19.15999984741211,19.219999313354492,10198,0.0,0.0,0.0
2023-04-18 12:30:00-04:00,19.229999542236328,19.239900588989258,19.190000534057617,19.239900588989258,11058,0.0,0.0,0.0
2023-04-18 13:30:00-04:00,19.229999542236328,19.25,19.200000762939453,19.239999771118164,42284,0.0,0.0,0.0
2023-04-18 14:30:00-04:00,19.229999542236328,19.260000228881836,19.229999542236328,19.25,19451,0.0,0.0,0.0
2023-04-18 15:30:00-04:00,19.2549991607666,19.260000228881836,19.20009994506836,19.25,6668,0.0,0.0,0.0
2023-04-19 09:30:00-04:00,19.25,19.25,19.169200897216797,19.212900161743164,11527,0.0,0.0,0.0
2023-04-19 10:30:00-04:00,19.210100173950195,19.25,19.200000762939453,19.22209930419922,9497,0.0,0.0,0.0
2023-04-19 11:30:00-04:00,19.232999801635742,19.232999801635742,19.100000381469727,19.174999237060547,14752,0.0,0.0,0.0
2023-04-19 12:30:00-04:00,19.170000076293945,19.260000228881836,19.170000076293945,19.21660041809082,5575,0.0,0.0,0.0
2023-04-19 13:30:00-04:00,19.239999771118164,19.259899139404297,19.196800231933594,19.20009994506836,7631,0.0,0.0,0.0
2023-04-19 14:30:00-04:00,19.250699996948242,19.25659942626953,19.20009994506836,19.24810028076172,5796,0.0,0.0,0.0
2023-04-19 15:30:00-04:00,19.256900787353516,19.256900787353516,19.190000534057617,19.190000534057617,4544,0.0,0.0,0.0
2023-04-20 09:30:00-04:00,18.979999542236328,19.149999618530273,18.979999542236328,19.030000686645508,28401,0.0,0.0,0.0
2023-04-20 10:30:00-04:00,19.030099868774414,19.100000381469727,19.030099868774414,19.030099868774414,9177,0.0,0.0,0.0
2023-04-20 11:30:00-04:00,19.049999237060547,19.069900512695312,18.959999084472656,18.979999542236328,17161,0.0,0.0,0.0
2023-04-20 12:30:00-04:00,18.979999542236328,19.020000457763672,18.970500946044922,19.020000457763672,6024,0.0,0.0,0.0
2023-04-20 13:30:00-04:00,19.018999099731445,19.049999237060547,19.000099182128906,19.000099182128906,5330,0.0,0.0,0.0
2023-04-20 14:30:00-04:00,19.040000915527344,19.059999465942383,18.979999542236328,19.0,9637,0.0,0.0,0.0
2023-04-20 15:30:00-04:00,19.009700775146484,19.034400939941406,18.959999084472656,18.959999084472656,15993,0.0,0.0,0.0
2023-04-21 09:30:00-04:00,18.979999542236328,19.06999969482422,18.959999084472656,18.979999542236328,14388,0.0,0.0,0.0
2023-04-21 10:30:00-04:00,18.95330047607422,19.030000686645508,18.93000030517578,18.956300735473633,10795,0.0,0.0,0.0
2023-04-21 11:30:00-04:00,18.975000381469727,18.979999542236328,18.93000030517578,18.950000762939453,9632,0.0,0.0,0.0
2023-04-21 12:30:00-04:00,18.959999084472656,18.969999313354492,18.93000030517578,18.93000030517578,6680,0.0,0.0,0.0
2023-04-21 13:30:00-04:00,18.94499969482422,19.020000457763672,18.931800842285156,18.989999771118164,15476,0.0,0.0,0.0
2023-04-21 14:30:00-04:00,19.019500732421875,19.019500732421875,18.959999084472656,18.979999542236328,6902,0.0,0.0,0.0
2023-04-21 15:30:00-04:00,18.9773006439209,19.0,18.975000381469727,19.0,1320,0.0,0.0,0.0
2023-04-24 09:30:00-04:00,18.989999771118164,19.0,18.936399459838867,18.997900009155273,24107,0.0,0.0,0.0
2023-04-24 10:30:00-04:00,18.989999771118164,19.0,18.899999618530273,18.959999084472656,22987,0.0,0.0,0.0
2023-04-24 11:30:00-04:00,18.94499969482422,18.96929931640625,18.90999984741211,18.90999984741211,11575,0.0,0.0,0.0
2023-04-24 12:30:00-04:00,18.91010093688965,18.95989990234375,18.90999984741211,18.9325008392334,9945,0.0,0.0,0.0
2023-04-24 13:30:00-04:00,18.958599090576172,18.969999313354492,18.920000076293945,18.95989990234375,5694,0.0,0.0,0.0
2023-04-24 14:30:00-04:00,18.934999465942383,18.959999084472656,18.90999984741211,18.950000762939453,12044,0.0,0.0,0.0
2023-04-24 15:30:00-04:00,18.959999084472656,18.969999313354492,18.93000030517578,18.93000030517578,0,0.0,0.0,0.0
2023-04-25 09:30:00-04:00,18.950000762939453,18.989900588989258,18.86009979248047,18.940000534057617,23410,0.0,0.0,0.0
2023-04-25 10:30:00-04:00,18.940000534057617,18.979900360107422,18.889999389648438,18.889999389648438,7386,0.0,0.0,0.0
2023-04-25 11:30:00-04:00,18.889999389648438,18.899900436401367,18.850000381469727,18.8700008392334,11371,0.0,0.0,0.0
2023-04-25 12:30:00-04:00,18.8700008392334,18.886699676513672,18.829999923706055,18.829999923706055,8840,0.0,0.0,0.0
2023-04-25 13:30:00-04:00,18.829999923706055,18.860000610351562,18.780000686645508,18.790000915527344,12164,0.0,0.0,0.0
2023-04-25 14:30:00-04:00,18.790000915527344,18.829999923706055,18.670000076293945,18.670000076293945,35096,0.0,0.0,0.0
2023-04-25 15:30:00-04:00,18.670000076293945,18.691999435424805,18.6200008392334,18.6299991607666,30350,0.0,0.0,0.0
2023-04-26 09:30:00-04:00,18.600000381469727,18.83989906311035,18.5,18.745800018310547,56216,0.0,0.0,0.0
2023-04-26 10:30:00-04:00,18.790000915527344,18.844999313354492,18.75510025024414,18.799999237060547,6476,0.0,0.0,0.0
2023-04-26 11:30:00-04:00,18.825000762939453,18.859899520874023,18.770099639892578,18.790000915527344,11518,0.0,0.0,0.0
2023-04-26 12:30:00-04:00,18.78499984741211,18.790000915527344,18.719999313354492,18.739999771118164,7409,0.0,0.0,0.0
2023-04-26 13:30:00-04:00,18.770000457763672,18.770000457763672,18.645000457763672,18.645000457763672,12446,0.0,0.0,0.0
2023-04-26 14:30:00-04:00,18.645000457763672,18.700000762939453,18.620100021362305,18.649999618530273,14287,0.0,0.0,0.0
2023-04-26 15:30:00-04:00,18.625200271606445,18.68000030517578,18.610000610351562,18.665000915527344,3290,0.0,0.0,0.0
2023-04-27 09:30:00-04:00,18.719999313354492,18.850000381469727,18.6299991607666,18.70039939880371,15081,0.0,0.0,0.0
2023-04-27 10:30:00-04:00,18.739999771118164,18.75,18.690000534057617,18.74959945678711,20934,0.0,0.0,0.0
2023-04-27 11:30:00-04:00,18.75,18.774999618530273,18.709699630737305,18.75429916381836,12562,0.0,0.0,0.0
2023-04-27 12:30:00-04:00,18.760000228881836,18.796499252319336,18.751100540161133,18.793899536132812,5855,0.0,0.0,0.0
2023-04-27 13:30:00-04:00,18.750099182128906,18.81999969482422,18.747499465942383,18.795700073242188,5504,0.0,0.0,0.0
2023-04-27 14:30:00-04:00,18.82990074157715,18.854299545288086,18.7273006439209,18.850000381469727,8231,0.0,0.0,0.0
2023-04-27 15:30:00-04:00,18.844999313354492,18.850000381469727,18.780000686645508,18.809999465942383,4782,0.0,0.0,0.0
2023-04-28 09:30:00-04:00,18.940000534057617,18.969999313354492,18.850000381469727,18.969999313354492,30359,0.0,0.0,0.0
2023-04-28 10:30:00-04:00,18.969999313354492,18.979999542236328,18.8799991607666,18.969900131225586,20395,0.0,0.0,0.0
2023-04-28 11:30:00-04:00,18.969999313354492,18.969999313354492,18.889999389648438,18.93000030517578,17423,0.0,0.0,0.0
2023-04-28 12:30:00-04:00,18.927900314331055,18.959999084472656,18.899999618530273,18.920000076293945,15261,0.0,0.0,0.0
2023-04-28 13:30:00-04:00,18.950000762939453,18.979999542236328,18.92099952697754,18.949899673461914,8860,0.0,0.0,0.0
2023-04-28 14:30:00-04:00,18.899999618530273,19.0,18.899999618530273,19.0,5381,0.0,0.0,0.0
2023-04-28 15:30:00-04:00,18.949199676513672,19.170000076293945,18.949199676513672,19.09000015258789,33480,0.0,0.0,0.0
2023-05-01 09:30:00-04:00,19.149999618530273,19.15999984741211,19.049999237060547,19.139999389648438,55699,0.0,0.0,0.0
2023-05-01 10:30:00-04:00,19.139999389648438,19.15730094909668,19.049999237060547,19.06599998474121,22934,0.0,0.0,0.0
2023-05-01 11:30:00-04:00,19.059999465942383,19.09000015258789,18.980100631713867,19.030000686645508,26190,0.0,0.0,0.0
2023-05-01 12:30:00-04:00,19.010000228881836,19.040000915527344,18.979999542236328,19.0,22891,0.0,0.0,0.0
2023-05-01 13:30:00-04:00,19.0,19.039899826049805,18.990100860595703,19.010000228881836,20102,0.0,0.0,0.0
2023-05-01 14:30:00-04:00,18.989999771118164,19.02989959716797,18.989999771118164,19.010000228881836,32754,0.0,0.0,0.0
2023-05-01 15:30:00-04:00,18.989999771118164,19.049999237060547,18.979999542236328,19.049999237060547,9419,0.0,0.0,0.0
2023-05-02 09:30:00-04:00,19.100000381469727,19.100000381469727,18.780000686645508,18.790000915527344,35566,0.0,0.0,0.0
2023-05-02 10:30:00-04:00,18.76289939880371,18.82979965209961,18.63010025024414,18.65019989013672,28033,0.0,0.0,0.0
2023-05-02 11:30:00-04:00,18.68000030517578,18.749900817871094,18.650100708007812,18.709999084472656,13376,0.0,0.0,0.0
2023-05-02 12:30:00-04:00,18.709999084472656,18.709999084472656,18.600000381469727,18.699899673461914,37215,0.0,0.0,0.0
2023-05-02 13:30:00-04:00,18.700000762939453,18.719999313354492,18.649999618530273,18.65999984741211,16829,0.0,0.0,0.0
2023-05-02 14:30:00-04:00,18.65999984741211,18.729999542236328,18.649999618530273,18.65999984741211,25780,0.0,0.0,0.0
2023-05-02 15:30:00-04:00,18.65999984741211,18.700000762939453,18.600000381469727,18.6299991607666,12239,0.0,0.0,0.0
2023-05-03 09:30:00-04:00,18.739999771118164,18.84000015258789,18.639999389648438,18.84000015258789,14086,0.0,0.0,0.0
2023-05-03 10:30:00-04:00,18.650800704956055,18.690000534057617,18.639999389648438,18.6835994720459,9726,0.0,0.0,0.0
2023-05-03 11:30:00-04:00,18.670000076293945,18.689899444580078,18.649999618530273,18.65999984741211,7332,0.0,0.0,0.0
2023-05-03 12:30:00-04:00,18.665000915527344,18.679899215698242,18.600000381469727,18.65999984741211,8988,0.0,0.0,0.0
2023-05-03 13:30:00-04:00,18.65999984741211,18.68000030517578,18.639999389648438,18.678199768066406,5035,0.0,0.0,0.0
2023-05-03 14:30:00-04:00,18.65999984741211,18.690000534057617,18.600000381469727,18.639999389648438,44669,0.0,0.0,0.0
2023-05-03 15:30:00-04:00,18.649099349975586,18.649099349975586,18.3700008392334,18.420000076293945,23406,0.0,0.0,0.0
2023-05-04 09:30:00-04:00,18.40999984741211,18.415000915527344,18.100000381469727,18.139999389648438,76561,0.0,0.0,0.0
2023-05-04 10:30:00-04:00,18.1200008392334,18.290000915527344,18.079999923706055,18.219999313354492,41206,0.0,0.0,0.0
2023-05-04 11:30:00-04:00,18.149999618530273,18.239999771118164,18.110000610351562,18.209999084472656,50801,0.0,0.0,0.0
2023-05-04 12:30:00-04:00,18.18000030517578,18.199899673461914,18.101699829101562,18.149999618530273,13275,0.0,0.0,0.0
2023-05-04 13:30:00-04:00,18.174999237060547,18.200000762939453,18.11750030517578,18.129899978637695,18165,0.0,0.0,0.0
2023-05-04 14:30:00-04:00,18.100000381469727,18.139999389648438,17.950000762939453,18.0,65524,0.0,0.0,0.0
2023-05-04 15:30:00-04:00,17.989999771118164,18.0,17.829999923706055,17.8799991607666,59360,0.0,0.0,0.0
2023-05-05 09:30:00-04:00,18.09000015258789,18.399999618530273,18.05620002746582,18.05660057067871,29830,0.0,0.0,0.0
2023-05-05 10:30:00-04:00,18.065000534057617,18.099899291992188,18.020000457763672,18.099899291992188,30983,0.0,0.0,0.0
2023-05-05 11:30:00-04:00,18.09000015258789,18.170000076293945,18.059999465942383,18.100000381469727,27855,0.0,0.0,0.0
2023-05-05 12:30:00-04:00,18.11400032043457,18.16990089416504,18.10449981689453,18.135000228881836,12387,0.0,0.0,0.0
2023-05-05 13:30:00-04:00,18.16990089416504,18.16990089416504,18.100000381469727,18.139999389648438,14259,0.0,0.0,0.0
2023-05-05 14:30:00-04:00,18.139999389648438,18.149999618530273,18.100000381469727,18.1200008392334,14360,0.0,0.0,0.0
2023-05-05 15:30:00-04:00,18.13010025024414,18.195600509643555,18.1299991607666,18.146900177001953,8088,0.0,0.0,0.0
2023-05-08 09:30:00-04:00,18.25,18.349899291992188,18.150100708007812,18.150100708007812,24583,0.0,0.0,0.0
2023-05-08 10:30:00-04:00,18.15730094909668,18.199899673461914,18.1299991607666,18.160499572753906,40429,0.0,0.0,0.0
2023-05-08 11:30:00-04:00,18.17009925842285,18.200000762939453,18.15999984741211,18.182600021362305,21581,0.0,0.0,0.0
2023-05-08 12:30:00-04:00,18.18199920654297,18.200000762939453,18.15999984741211,18.18079948425293,17776,0.0,0.0,0.0
2023-05-08 13:30:00-04:00,18.18000030517578,18.249900817871094,18.18000030517578,18.18790054321289,9173,0.0,0.0,0.0
2023-05-08 14:30:00-04:00,18.219999313354492,18.25,18.190000534057617,18.219999313354492,9448,0.0,0.0,0.0
2023-05-08 15:30:00-04:00,18.190000534057617,18.23859977722168,18.170000076293945,18.229999542236328,4771,0.0,0.0,0.0
2023-05-09 09:30:00-04:00,18.170000076293945,18.25,18.050100326538086,18.050100326538086,35178,0.0,0.0,0.0
2023-05-09 10:30:00-04:00,18.079999923706055,18.100000381469727,18.023700714111328,18.03969955444336,24105,0.0,0.0,0.0
2023-05-09 11:30:00-04:00,18.049999237060547,18.049999237060547,17.969999313354492,17.989999771118164,22234,0.0,0.0,0.0
2023-05-09 12:30:00-04:00,18.0,18.08989906311035,18.0,18.08989906311035,15966,0.0,0.0,0.0
2023-05-09 13:30:00-04:00,18.059999465942383,18.100000381469727,18.010000228881836,18.040000915527344,28543,0.0,0.0,0.0
2023-05-09 14:30:00-04:00,18.11989974975586,18.1200008392334,18.010000228881836,18.069900512695312,22888,0.0,0.0,0.0
2023-05-09 15:30:00-04:00,18.040000915527344,18.079999923706055,18.010099411010742,18.020000457763672,8038,0.0,0.0,0.0
2023-05-10 09:30:00-04:00,18.15999984741211,18.199899673461914,18.059999465942383,18.165000915527344,49589,0.0,0.0,0.0
2023-05-10 10:30:00-04:00,18.120100021362305,18.200000762939453,18.120100021362305,18.13010025024414,7321,0.0,0.0,0.0
2023-05-10 11:30:00-04:00,18.18000030517578,18.18000030517578,18.1299991607666,18.15999984741211,21944,0.0,0.0,0.0
2023-05-10 12:30:00-04:00,18.139999389648438,18.157699584960938,18.059999465942383,18.059999465942383,5765,0.0,0.0,0.0
2023-05-10 13:30:00-04:00,18.059999465942383,18.100000381469727,18.03070068359375,18.100000381469727,9219,0.0,0.0,0.0
2023-05-10 14:30:00-04:00,18.093399047851562,18.1200008392334,18.079999923706055,18.11989974975586,4918,0.0,0.0,0.0
2023-05-10 15:30:00-04:00,18.1200008392334,18.15399932861328,18.09000015258789,18.1299991607666,12947,0.0,0.0,0.0
2023-05-11 09:30:00-04:00,18.100000381469727,18.148000717163086,18.0,18.046199798583984,14992,0.0,0.0,0.0
2023-05-11 10:30:00-04:00,18.04010009765625,18.049999237060547,18.0,18.020000457763672,21475,0.0,0.0,0.0
2023-05-11 11:30:00-04:00,18.037500381469727,18.049999237060547,18.010000228881836,18.020000457763672,9657,0.0,0.0,0.0
2023-05-11 12:30:00-04:00,18.020099639892578,18.04960060119629,18.020099639892578,18.020999908447266,2028,0.0,0.0,0.0
2023-05-11 13:30:00-04:00,18.040000915527344,18.049100875854492,18.010000228881836,18.010000228881836,6831,0.0,0.0,0.0
2023-05-11 14:30:00-04:00,18.030000686645508,18.049999237060547,18.0,18.010000228881836,8670,0.0,0.0,0.0
2023-05-11 15:30:00-04:00,18.006099700927734,18.049999237060547,17.989999771118164,18.049999237060547,17263,0.0,0.0,0.0
2023-05-12 09:30:00-04:00,18.010000228881836,18.10700035095215,17.989999771118164,17.989999771118164,30101,0.0,0.0,0.0
2023-05-12 10:30:00-04:00,17.979999542236328,18.020000457763672,17.979999542236328,18.012300491333008,10612,0.0,0.0,0.0
2023-05-12 11:30:00-04:00,18.000499725341797,18.019899368286133,17.979999542236328,17.979999542236328,18677,0.0,0.0,0.0
2023-05-12 12:30:00-04:00,17.989999771118164,18.009899139404297,17.959999084472656,18.009899139404297,16195,0.0,0.0,0.0
2023-05-12 13:30:00-04:00,18.0,18.010000228881836,17.959999084472656,17.989700317382812,11050,0.0,0.0,0.0
2023-05-12 14:30:00-04:00,17.959999084472656,17.989999771118164,17.959999084472656,17.980100631713867,23484,0.0,0.0,0.0
2023-05-12 15:30:00-04:00,18.0,18.030000686645508,17.959999084472656,18.030000686645508,5968,0.0,0.0,0.0
2023-05-15 09:30:00-04:00,18.0,18.030000686645508,17.950000762939453,17.979999542236328,50196,0.0,0.0,0.0
2023-05-15 10:30:00-04:00,17.99250030517578,18.059999465942383,17.990100860595703,18.059900283813477,23785,0.0,0.0,0.0
2023-05-15 11:30:00-04:00,18.059999465942383,18.1200008392334,18.010000228881836,18.06999969482422,38002,0.0,0.0,0.0
2023-05-15 12:30:00-04:00,18.077999114990234,18.125,18.030000686645508,18.110000610351562,30718,0.0,0.0,0.0
2023-05-15 13:30:00-04:00,18.100000381469727,18.139999389648438,18.079999923706055,18.079999923706055,31092,0.0,0.0,0.0
2023-05-15 14:30:00-04:00,18.114999771118164,18.1200008392334,18.079999923706055,18.079999923706055,18933,0.0,0.0,0.0
2023-05-15 15:30:00-04:00,18.079999923706055,18.100000381469727,18.060100555419922,18.06999969482422,23703,0.0,0.0,0.0
2023-05-16 09:30:00-04:00,18.15999984741211,18.15999984741211,18.010099411010742,18.059999465942383,34252,0.0,0.0,0.0
2023-05-16 10:30:00-04:00,18.100000381469727,18.100000381469727,18.049999237060547,18.100000381469727,31408,0.0,0.0,0.0
2023-05-16 11:30:00-04:00,18.084999084472656,18.149999618530273,18.079999923706055,18.114999771118164,58047,0.0,0.0,0.0
2023-05-16 12:30:00-04:00,18.13990020751953,18.139999389648438,18.079999923706055,18.121999740600586,22144,0.0,0.0,0.0
2023-05-16 13:30:00-04:00,18.110000610351562,18.125,18.060100555419922,18.072900772094727,44601,0.0,0.0,0.0
2023-05-16 14:30:00-04:00,18.064300537109375,18.09000015258789,18.059999465942383,18.08289909362793,32950,0.0,0.0,0.0
2023-05-16 15:30:00-04:00,18.110000610351562,18.11989974975586,17.950000762939453,17.950000762939453,49646,0.0,0.0,0.0
2023-05-17 09:30:00-04:00,18.0,18.09000015258789,17.969999313354492,18.040000915527344,38200,0.0,0.0,0.0
2023-05-17 10:30:00-04:00,18.04010009765625,18.167400360107422,18.010000228881836,18.167400360107422,30738,0.0,0.0,0.0
2023-05-17 11:30:00-04:00,18.170000076293945,18.228900909423828,18.149999618530273,18.218000411987305,12570,0.0,0.0,0.0
2023-05-17 12:30:00-04:00,18.219999313354492,18.270000457763672,18.20549964904785,18.270000457763672,20679,0.0,0.0,0.0
2023-05-17 13:30:00-04:00,18.270000457763672,18.270000457763672,18.200000762939453,18.230899810791016,19058,0.0,0.0,0.0
2023-05-17 14:30:00-04:00,18.200000762939453,18.25,18.190000534057617,18.239999771118164,27356,0.0,0.0,0.0
2023-05-17 15:30:00-04:00,18.239999771118164,18.280000686645508,18.239999771118164,18.25,0,0.0,0.0,0.0
2023-05-18 09:30:00-04:00,18.260000228881836,18.41819953918457,18.229999542236328,18.31999969482422,22079,0.0,0.0,0.0
2023-05-18 10:30:00-04:00,18.310100555419922,18.409900665283203,18.309999465942383,18.375,57484,0.0,0.0,0.0
2023-05-18 11:30:00-04:00,18.3700008392334,18.399999618530273,18.310100555419922,18.31730079650879,19701,0.0,0.0,0.0
2023-05-18 12:30:00-04:00,18.34000015258789,18.368799209594727,18.309999465942383,18.31999969482422,7745,0.0,0.0,0.0
2023-05-18 13:30:00-04:00,18.365999221801758,18.399999618530273,18.34000015258789,18.38990020751953,8019,0.0,0.0,0.0
2023-05-18 14:30:00-04:00,18.3700008392334,18.389999389648438,18.350000381469727,18.3572998046875,16393,0.0,0.0,0.0
2023-05-18 15:30:00-04:00,18.389999389648438,18.40999984741211,18.3700008392334,18.389999389648438,23975,0.0,0.0,0.0
2023-05-19 09:30:00-04:00,18.440000534057617,18.487699508666992,18.3700008392334,18.450000762939453,21308,0.0,0.0,0.0
2023-05-19 10:30:00-04:00,18.41010093688965,18.41900062561035,18.350000381469727,18.350000381469727,16002,0.0,0.0,0.0
2023-05-19 11:30:00-04:00,18.345800399780273,18.400100708007812,18.34000015258789,18.399999618530273,5320,0.0,0.0,0.0
2023-05-19 12:30:00-04:00,18.399999618530273,18.450000762939453,18.370100021362305,18.420000076293945,9420,0.0,0.0,0.0
2023-05-19 13:30:00-04:00,18.413400650024414,18.450000762939453,18.40999984741211,18.415000915527344,43708,0.0,0.0,0.0
2023-05-19 14:30:00-04:00,18.420000076293945,18.450000762939453,18.390100479125977,18.439899444580078,8412,0.0,0.0,0.0
2023-05-19 15:30:00-04:00,18.430099487304688,18.454999923706055,18.43000030517578,18.434999465942383,4435,0.0,0.0,0.0
2023-05-22 09:30:00-04:00,18.3799991607666,18.3799991607666,18.219999313354492,18.329999923706055,175463,0.0,0.0,0.0
2023-05-22 10:30:00-04:00,18.325199127197266,18.3700008392334,18.309999465942383,18.310100555419922,16559,0.0,0.0,0.0
2023-05-22 11:30:00-04:00,18.34000015258789,18.38990020751953,18.309999465942383,18.3799991607666,8533,0.0,0.0,0.0
2023-05-22 12:30:00-04:00,18.36009979248047,18.387100219726562,18.35650062561035,18.3700008392334,11037,0.0,0.0,0.0
2023-05-22 13:30:00-04:00,18.3700008392334,18.38990020751953,18.3700008392334,18.375,18260,0.0,0.0,0.0
2023-05-22 14:30:00-04:00,18.371299743652344,18.399999618530273,18.3700008392334,18.399999618530273,31744,0.0,0.0,0.0
2023-05-22 15:30:00-04:00,18.40839958190918,18.40999984741211,18.3799991607666,18.3799991607666,0,0.0,0.0,0.0
2023-05-23 09:30:00-04:00,18.270000457763672,18.420000076293945,18.270000457763672,18.420000076293945,17449,0.0,0.0,0.0
2023-05-23 10:30:00-04:00,18.440000534057617,18.440000534057617,18.3799991607666,18.400100708007812,8231,0.0,0.0,0.0
2023-05-23 11:30:00-04:00,18.40999984741211,18.420000076293945,18.399999618530273,18.399999618530273,32094,0.0,0.0,0.0
2023-05-23 12:30:00-04:00,18.399999618530273,18.420000076293945,18.3799991607666,18.3799991607666,17895,0.0,0.0,0.0
2023-05-23 13:30:00-04:00,18.3799991607666,18.420000076293945,18.3799991607666,18.406400680541992,20426,0.0,0.0,0.0
2023-05-23 14:30:00-04:00,18.395000457763672,18.420000076293945,18.3799991607666,18.399999618530273,13357,0.0,0.0,0.0
2023-05-23 15:30:00-04:00,18.415000915527344,18.420000076293945,18.3799991607666,18.3799991607666,20969,0.0,0.0,0.0
2023-05-24 09:30:00-04:00,18.360000610351562,18.38279914855957,18.222700119018555,18.239999771118164,57303,0.0,0.0,0.0
2023-05-24 10:30:00-04:00,18.239999771118164,18.260000228881836,18.229999542236328,18.229999542236328,18991,0.0,0.0,0.0
2023-05-24 11:30:00-04:00,18.249900817871094,18.249900817871094,18.18000030517578,18.200300216674805,16609,0.0,0.0,0.0
2023-05-24 12:30:00-04:00,18.225400924682617,18.229900360107422,18.18000030517578,18.219999313354492,20233,0.0,0.0,0.0
2023-05-24 13:30:00-04:00,18.190099716186523,18.260000228881836,18.190000534057617,18.200000762939453,10389,0.0,0.0,0.0
2023-05-24 14:30:00-04:00,18.21500015258789,18.270000457763672,18.200000762939453,18.209999084472656,25003,0.0,0.0,0.0
2023-05-24 15:30:00-04:00,18.209999084472656,18.25,18.209999084472656,18.209999084472656,18176,0.0,0.0,0.0
2023-05-25 09:30:00-04:00,18.25,18.338699340820312,18.19379997253418,18.204999923706055,11962,0.0,0.0,0.0
2023-05-25 10:30:00-04:00,18.19499969482422,18.219999313354492,18.183700561523438,18.209999084472656,18619,0.0,0.0,0.0
2023-05-25 11:30:00-04:00,18.200000762939453,18.200000762939453,18.100000381469727,18.149999618530273,33830,0.0,0.0,0.0
2023-05-25 12:30:00-04:00,18.16900062561035,18.170000076293945,18.1299991607666,18.15730094909668,14914,0.0,0.0,0.0
2023-05-25 13:30:00-04:00,18.152000427246094,18.15999984741211,18.1299991607666,18.139999389648438,9701,0.0,0.0,0.0
2023-05-25 14:30:00-04:00,18.135000228881836,18.139999389648438,18.111099243164062,18.132699966430664,10759,0.0,0.0,0.0
2023-05-25 15:30:00-04:00,18.125,18.149999618530273,18.079999923706055,18.079999923706055,25091,0.0,0.0,0.0
2023-05-26 09:30:00-04:00,18.09000015258789,18.20989990234375,18.09000015258789,18.1299991607666,31724,0.0,0.0,0.0
2023-05-26 10:30:00-04:00,18.1299991607666,18.229900360107422,18.1299991607666,18.15999984741211,16400,0.0,0.0,0.0
2023-05-26 11:30:00-04:00,18.15999984741211,18.199899673461914,18.082000732421875,18.139999389648438,14140,0.0,0.0,0.0
2023-05-26 12:30:00-04:00,18.145000457763672,18.149999618530273,18.1299991607666,18.135000228881836,11256,0.0,0.0,0.0
2023-05-26 13:30:00-04:00,18.1200008392334,18.149999618530273,18.110000610351562,18.140499114990234,8908,0.0,0.0,0.0
2023-05-26 14:30:00-04:00,18.149999618530273,18.15999984741211,18.128999710083008,18.135000228881836,9283,0.0,0.0,0.0
2023-05-26 15:30:00-04:00,18.14739990234375,18.149999618530273,18.110000610351562,18.110000610351562,6714,0.0,0.0,0.0
2023-05-30 09:30:00-04:00,18.200000762939453,18.290000915527344,18.149999618530273,18.190000534057617,29511,0.0,0.0,0.0
2023-05-30 10:30:00-04:00,18.200000762939453,18.200000762939453,18.135000228881836,18.149999618530273,7207,0.0,0.0,0.0
2023-05-30 11:30:00-04:00,18.175100326538086,18.179899215698242,18.15290069580078,18.179899215698242,7668,0.0,0.0,0.0
2023-05-30 12:30:00-04:00,18.170000076293945,18.18000030517578,18.15999984741211,18.15999984741211,10885,0.0,0.0,0.0
2023-05-30 13:30:00-04:00,18.149999618530273,18.24169921875,18.149999618530273,18.18000030517578,15497,0.0,0.0,0.0
2023-05-30 14:30:00-04:00,18.18000030517578,18.280000686645508,18.149999618530273,18.22760009765625,13451,0.0,0.0,0.0
2023-05-30 15:30:00-04:00,18.239999771118164,18.280000686645508,18.200000762939453,18.280000686645508,7388,0.0,0.0,0.0
2023-05-31 09:30:00-04:00,18.260000228881836,18.31999969482422,18.150100708007812,18.21500015258789,44108,0.0,0.0,0.0
2023-05-31 10:30:00-04:00,18.239999771118164,18.280000686645508,18.190000534057617,18.270000457763672,20907,0.0,0.0,0.0
2023-05-31 11:30:00-04:00,18.25480079650879,18.31999969482422,18.229999542236328,18.28809928894043,14729,0.0,0.0,0.0
2023-05-31 12:30:00-04:00,18.299999237060547,18.329999923706055,18.280000686645508,18.329999923706055,13010,0.0,0.0,0.0
2023-05-31 13:30:00-04:00,18.327299118041992,18.399999618530273,18.30500030517578,18.34000015258789,7876,0.0,0.0,0.0
2023-05-31 14:30:00-04:00,18.33009910583496,18.440000534057617,18.33009910583496,18.440000534057617,7149,0.0,0.0,0.0
2023-05-31 15:30:00-04:00,18.43899917602539,18.575000762939453,18.400100708007812,18.469999313354492,13295,0.0,0.0,0.0
2023-06-01 09:30:00-04:00,18.579999923706055,18.780000686645508,18.5,18.62420082092285,36367,0.0,0.0,0.0
2023-06-01 10:30:00-04:00,18.698299407958984,18.700000762939453,18.620100021362305,18.699899673461914,22732,0.0,0.0,0.0
2023-06-01 11:30:00-04:00,18.674999237060547,18.760000228881836,18.674999237060547,18.760000228881836,29697,0.0,0.0,0.0
2023-06-01 12:30:00-04:00,18.75,18.764999389648438,18.719999313354492,18.760000228881836,3801,0.0,0.0,0.0
2023-06-01 13:30:00-04:00,18.760000228881836,18.790000915527344,18.72010040283203,18.78499984741211,16353,0.0,0.0,0.0
2023-06-01 14:30:00-04:00,18.786300659179688,18.81999969482422,18.757699966430664,18.770000457763672,7303,0.0,0.0,0.0
2023-06-01 15:30:00-04:00,18.780000686645508,18.789600372314453,18.70549964904785,18.739999771118164,0,0.0,0.0,0.0
2023-06-02 09:30:00-04:00,18.770000457763672,18.875099182128906,18.701900482177734,18.81999969482422,19894,0.0,0.0,0.0
2023-06-02 10:30:00-04:00,18.84000015258789,18.91550064086914,18.834999084472656,18.885000228881836,14438,0.0,0.0,0.0
2023-06-02 11:30:00-04:00,18.871700286865234,18.91990089416504,18.799999237060547,18.864099502563477,13997,0.0,0.0,0.0
2023-06-02 12:30:00-04:00,18.850099563598633,18.920000076293945,18.850099563598633,18.90999984741211,7745,0.0,0.0,0.0
2023-06-02 13:30:00-04:00,18.890100479125977,19.0,18.890100479125977,18.969999313354492,9412,0.0,0.0,0.0
2023-06-02 14:30:00-04:00,18.960100173950195,19.0,18.960100173950195,18.999900817871094,4960,0.0,0.0,0.0
2023-06-02 15:30:00-04:00,19.0,19.030000686645508,18.969999313354492,19.030000686645508,17091,0.0,0.0,0.0
2023-06-05 09:30:00-04:00,19.0,19.0,18.809900283813477,18.920000076293945,22489,0.0,0.0,0.0
2023-06-05 10:30:00-04:00,18.973100662231445,18.989999771118164,18.899999618530273,18.989999771118164,13146,0.0,0.0,0.0
2023-06-05 11:30:00-04:00,18.958099365234375,19.059999465942383,18.950000762939453,19.01689910888672,41266,0.0,0.0,0.0
2023-06-05 12:30:00-04:00,19.059999465942383,19.100000381469727,19.059999465942383,19.059999465942383,35113,0.0,0.0,0.0
2023-06-05 13:30:00-04:00,19.030000686645508,19.110000610351562,19.024999618530273,19.100000381469727,16194,0.0,0.0,0.0
2023-06-05 14:30:00-04:00,19.049999237060547,19.09000015258789,19.010000228881836,19.09000015258789,11603,0.0,0.0,0.0
2023-06-05 15:30:00-04:00,19.040000915527344,19.049999237060547,19.010000228881836,19.020000457763672,10361,0.0,0.0,0.0
2023-06-06 09:30:00-04:00,19.020000457763672,19.1200008392334,18.950000762939453,19.06999969482422,22609,0.0,0.0,0.0
2023-06-06 10:30:00-04:00,19.075000762939453,19.100000381469727,19.059999465942383,19.100000381469727,24860,0.0,0.0,0.0
2023-06-06 11:30:00-04:00,19.079999923706055,19.159700393676758,19.06999969482422,19.159700393676758,7461,0.0,0.0,0.0
2023-06-06 12:30:00-04:00,19.125,19.13990020751953,19.075000762939453,19.075000762939453,28442,0.0,0.0,0.0
2023-06-06 13:30:00-04:00,19.075000762939453,19.100000381469727,19.050100326538086,19.06999969482422,26640,0.0,0.0,0.0
2023-06-06 14:30:00-04:00,19.050100326538086,19.139999389648438,19.050100326538086,19.100000381469727,27720,0.0,0.0,0.0
2023-06-06 15:30:00-04:00,19.10449981689453,19.149999618530273,19.050100326538086,19.145000457763672,7088,0.0,0.0,0.0
2023-06-07 09:30:00-04:00,19.139999389648438,19.200000762939453,19.086599349975586,19.170000076293945,14561,0.0,0.0,0.0
2023-06-07 10:30:00-04:00,19.149999618530273,19.199600219726562,19.100000381469727,19.194900512695312,30053,0.0,0.0,0.0
2023-06-07 11:30:00-04:00,19.18000030517578,19.188499450683594,19.127300262451172,19.1299991607666,4915,0.0,0.0,0.0
2023-06-07 12:30:00-04:00,19.165300369262695,19.18000030517578,19.100000381469727,19.100000381469727,18305,0.0,0.0,0.0
2023-06-07 13:30:00-04:00,19.100000381469727,19.139999389648438,19.030000686645508,19.139999389648438,19910,0.0,0.0,0.0
2023-06-07 14:30:00-04:00,19.100000381469727,19.149900436401367,19.070100784301758,19.1299991607666,31677,0.0,0.0,0.0
2023-06-07 15:30:00-04:00,19.139999389648438,19.16990089416504,19.10260009765625,19.16900062561035,13740,0.0,0.0,0.0
2023-06-08 09:30:00-04:00,19.200000762939453,19.200000762939453,19.049999237060547,19.072900772094727,25091,0.0,0.0,0.0
2023-06-08 10:30:00-04:00,19.100000381469727,19.123199462890625,19.049999237060547,19.099599838256836,22232,0.0,0.0,0.0
2023-06-08 11:30:00-04:00,19.100000381469727,19.1200008392334,19.060100555419922,19.112699508666992,6923,0.0,0.0,0.0
2023-06-08 12:30:00-04:00,19.15999984741211,19.15999984741211,19.070100784301758,19.110000610351562,7821,0.0,0.0,0.0
2023-06-08 13:30:00-04:00,19.120500564575195,19.149900436401367,19.090099334716797,19.1200008392334,15034,0.0,0.0,0.0
2023-06-08 14:30:00-04:00,19.100099563598633,19.170000076293945,19.082399368286133,19.1299991607666,18354,0.0,0.0,0.0
2023-06-08 15:30:00-04:00,19.096599578857422,19.149799346923828,19.09000015258789,19.100000381469727,0,0.0,0.0,0.0
2023-06-09 09:30:00-04:00,19.170000076293945,19.227699279785156,19.100000381469727,19.170000076293945,13269,0.0,0.0,0.0
2023-06-09 10:30:00-04:00,19.136199951171875,19.19809913635254,19.13010025024414,19.15999984741211,7430,0.0,0.0,0.0
2023-06-09 11:30:00-04:00,19.149999618530273,19.165000915527344,19.105899810791016,19.135000228881836,23876,0.0,0.0,0.0
2023-06-09 12:30:00-04:00,19.139699935913086,19.15999984741211,19.1200008392334,19.1299991607666,9721,0.0,0.0,0.0
2023-06-09 13:30:00-04:00,19.125,19.149999618530273,19.1200008392334,19.1200008392334,35806,0.0,0.0,0.0
2023-06-09 14:30:00-04:00,19.1299991607666,19.1299991607666,19.079999923706055,19.08180046081543,9585,0.0,0.0,0.0
2023-06-09 15:30:00-04:00,19.09000015258789,19.1299991607666,19.049999237060547,19.049999237060547,16005,0.0,0.0,0.0
2023-06-12 09:30:00-04:00,19.18000030517578,19.189699172973633,19.078699111938477,19.078699111938477,43220,0.0,0.0,0.0
2023-06-12 10:30:00-04:00,19.110000610351562,19.110000610351562,19.059999465942383,19.095600128173828,7219,0.0,0.0,0.0
2023-06-12 11:30:00-04:00,19.079999923706055,19.128599166870117,19.0216007232666,19.08650016784668,29313,0.0,0.0,0.0
2023-06-12 12:30:00-04:00,19.079999923706055,19.110000610351562,19.010099411010742,19.099700927734375,29158,0.0,0.0,0.0
2023-06-12 13:30:00-04:00,19.075000762939453,19.110000610351562,19.049999237060547,19.089000701904297,14601,0.0,0.0,0.0
2023-06-12 14:30:00-04:00,19.110000610351562,19.110000610351562,19.049999237060547,19.049999237060547,10397,0.0,0.0,0.0
2023-06-12 15:30:00-04:00,19.06999969482422,19.100000381469727,19.049999237060547,19.055999755859375,57634,0.0,0.0,0.0
2023-06-13 09:30:00-04:00,19.190000534057617,19.200000762939453,19.059999465942383,19.1299991607666,41591,0.0,0.0,0.0
2023-06-13 10:30:00-04:00,19.12339973449707,19.156200408935547,19.06999969482422,19.084999084472656,29444,0.0,0.0,0.0
2023-06-13 11:30:00-04:00,19.06999969482422,19.107900619506836,19.049999237060547,19.079999923706055,13475,0.0,0.0,0.0
2023-06-13 12:30:00-04:00,19.06999969482422,19.170000076293945,19.06999969482422,19.125999450683594,13228,0.0,0.0,0.0
2023-06-13 13:30:00-04:00,19.104999542236328,19.189899444580078,19.085899353027344,19.149999618530273,18528,0.0,0.0,0.0
2023-06-13 14:30:00-04:00,19.1205997467041,19.149999618530273,19.09000015258789,19.110000610351562,5336,0.0,0.0,0.0
2023-06-13 15:30:00-04:00,19.090099334716797,19.1299991607666,19.079999923706055,19.1299991607666,10859,0.0,0.0,0.0
2023-06-14 09:30:00-04:00,19.239999771118164,19.239999771118164,18.989999771118164,19.024999618530273,63078,0.0,0.0,0.0
2023-06-14 10:30:00-04:00,19.0049991607666,19.049999237060547,19.0,19.049999237060547,17346,0.0,0.0,0.0
2023-06-14 11:30:00-04:00,19.065000534057617,19.138200759887695,19.030000686645508,19.1299991607666,22551,0.0,0.0,0.0
2023-06-14 12:30:00-04:00,19.100000381469727,19.170000076293945,19.100000381469727,19.159900665283203,26522,0.0,0.0,0.0
2023-06-14 13:30:00-04:00,19.139999389648438,19.144100189208984,18.950000762939453,19.010000228881836,22463,0.0,0.0,0.0
2023-06-14 14:30:00-04:00,18.979999542236328,19.100000381469727,18.979999542236328,19.03499984741211,20583,0.0,0.0,0.0
2023-06-14 15:30:00-04:00,19.03499984741211,19.1200008392334,18.969999313354492,18.969999313354492,7311,0.0,0.0,0.0
2023-06-15 09:30:00-04:00,19.100000381469727,19.179000854492188,19.022300720214844,19.059999465942383,34256,0.0,0.0,0.0
2023-06-15 10:30:00-04:00,19.04010009765625,19.086000442504883,19.020099639892578,19.075000762939453,20660,0.0,0.0,0.0
2023-06-15 11:30:00-04:00,19.08989906311035,19.09000015258789,19.049999237060547,19.059999465942383,23826,0.0,0.0,0.0
2023-06-15 12:30:00-04:00,19.059999465942383,19.06999969482422,19.020000457763672,19.020000457763672,9490,0.0,0.0,0.0
2023-06-15 13:30:00-04:00,19.030000686645508,19.040000915527344,19.0,19.030000686645508,21922,0.0,0.0,0.0
2023-06-15 14:30:00-04:00,19.040000915527344,19.06999969482422,19.030000686645508,19.040000915527344,19145,0.0,0.0,0.0
2023-06-15 15:30:00-04:00,19.049999237060547,19.06999969482422,19.03700065612793,19.049999237060547,15980,0.0,0.0,0.0
2023-06-16 09:30:00-04:00,19.170000076293945,19.170000076293945,19.010000228881836,19.049999237060547,26708,0.0,0.0,0.0
2023-06-16 10:30:00-04:00,19.06290054321289,19.06290054321289,18.979999542236328,18.979999542236328,34365,0.0,0.0,0.0
2023-06-16 11:30:00-04:00,19.0,19.000999450683594,18.959999084472656,18.971200942993164,25962,0.0,0.0,0.0
2023-06-16 12:30:00-04:00,18.969999313354492,18.9950008392334,18.969999313354492,18.969999313354492,13657,0.0,0.0,0.0
2023-06-16 13:30:00-04:00,18.969999313354492,19.0,18.959999084472656,18.97010040283203,11061,0.0,0.0,0.0
2023-06-16 14:30:00-04:00,18.969999313354492,19.020000457763672,18.969999313354492,18.979999542236328,25978,0.0,0.0,0.0
2023-06-16 15:30:00-04:00,18.979999542236328,19.020000457763672,18.950000762939453,19.0,41910,0.0,0.0,0.0
2023-06-20 09:30:00-04:00,18.889999389648438,18.899999618530273,18.75,18.799999237060547,71226,0.0,0.0,0.0
2023-06-20 10:30:00-04:00,18.790000915527344,18.82699966430664,18.760000228881836,18.780000686645508,35777,0.0,0.0,0.0
2023-06-20 11:30:00-04:00,18.80340003967285,18.8075008392334,18.75,18.8075008392334,12349,0.0,0.0,0.0
2023-06-20 12:30:00-04:00,18.784900665283203,18.829200744628906,18.780000686645508,18.799999237060547,18566,0.0,0.0,0.0
2023-06-20 13:30:00-04:00,18.80500030517578,18.829999923706055,18.750099182128906,18.820100784301758,29981,0.0,0.0,0.0
2023-06-20 14:30:00-04:00,18.81999969482422,18.829999923706055,18.799999237060547,18.799999237060547,27299,0.0,0.0,0.0
2023-06-20 15:30:00-04:00,18.80150032043457,18.809999465942383,18.75,18.75,18008,0.0,0.0,0.0
2023-06-21 09:30:00-04:00,18.770000457763672,18.819900512695312,18.75,18.809999465942383,24871,0.0,0.0,0.0
2023-06-21 10:30:00-04:00,18.813199996948242,18.829999923706055,18.79990005493164,18.809999465942383,7739,0.0,0.0,0.0
2023-06-21 11:30:00-04:00,18.809999465942383,18.83799934387207,18.770000457763672,18.80120086669922,32356,0.0,0.0,0.0
2023-06-21 12:30:00-04:00,18.83989906311035,18.860000610351562,18.82110023498535,18.829999923706055,9924,0.0,0.0,0.0
2023-06-21 13:30:00-04:00,18.849899291992188,18.8799991607666,18.800100326538086,18.8799991607666,12529,0.0,0.0,0.0
2023-06-21 14:30:00-04:00,18.860000610351562,18.899900436401367,18.809999465942383,18.86009979248047,9742,0.0,0.0,0.0
2023-06-21 15:30:00-04:00,18.8799991607666,18.889999389648438,18.84000015258789,18.84000015258789,8288,0.0,0.0,0.0
2023-06-22 09:30:00-04:00,18.899999618530273,18.932300567626953,18.860000610351562,18.91900062561035,0,0.0,0.0,0.0
2023-06-22 10:30:00-04:00,18.885000228881836,18.91990089416504,18.84000015258789,18.84000015258789,2180,0.0,0.0,0.0
2023-06-22 11:30:00-04:00,18.879899978637695,18.879899978637695,18.799999237060547,18.84000015258789,26853,0.0,0.0,0.0
2023-06-22 12:30:00-04:00,18.81999969482422,18.860000610351562,18.780000686645508,18.850000381469727,49095,0.0,0.0,0.0
2023-06-22 13:30:00-04:00,18.790000915527344,18.84939956665039,18.7893009185791,18.81100082397461,16285,0.0,0.0,0.0
2023-06-22 14:30:00-04:00,18.849899291992188,18.850000381469727,18.799999237060547,18.808399200439453,18084,0.0,0.0,0.0
2023-06-22 15:30:00-04:00,18.799999237060547,18.84779930114746,18.790000915527344,18.799999237060547,14912,0.0,0.0,0.0
2023-06-23 09:30:00-04:00,18.799999237060547,18.929899215698242,18.78569984436035,18.84000015258789,17056,0.0,0.0,0.0
2023-06-23 10:30:00-04:00,18.850000381469727,18.8700008392334,18.83009910583496,18.850000381469727,21282,0.0,0.0,0.0
2023-06-23 11:30:00-04:00,18.850000381469727,18.865999221801758,18.810100555419922,18.854999542236328,11187,0.0,0.0,0.0
2023-06-23 12:30:00-04:00,18.8700008392334,18.8700008392334,18.840099334716797,18.86989974975586,18541,0.0,0.0,0.0
2023-06-23 13:30:00-04:00,18.8700008392334,18.89889907836914,18.85379981994629,18.889299392700195,3245,0.0,0.0,0.0
2023-06-23 14:30:00-04:00,18.868999481201172,18.8700008392334,18.84000015258789,18.844999313354492,6303,0.0,0.0,0.0
2023-06-23 15:30:00-04:00,18.82469940185547,18.84000015258789,18.81999969482422,18.81999969482422,28820,0.0,0.0,0.0
2023-06-26 09:30:00-04:00,18.860000610351562,19.0,18.860000610351562,19.0,27160,0.0,0.0,0.0
2023-06-26 10:30:00-04:00,18.979999542236328,19.010000228881836,18.950000762939453,19.009899139404297,26192,0.0,0.0,0.0
2023-06-26 11:30:00-04:00,18.98430061340332,19.048200607299805,18.980100631713867,19.020000457763672,12997,0.0,0.0,0.0
2023-06-26 12:30:00-04:00,19.03499984741211,19.049999237060547,19.020000457763672,19.040000915527344,20215,0.0,0.0,0.0
2023-06-26 13:30:00-04:00,19.020000457763672,19.040000915527344,19.0,19.039899826049805,17318,0.0,0.0,0.0
2023-06-26 14:30:00-04:00,19.020000457763672,19.040000915527344,18.995399475097656,19.020000457763672,42823,0.0,0.0,0.0
2023-06-26 15:30:00-04:00,19.0049991607666,19.019899368286133,18.959999084472656,18.959999084472656,7977,0.0,0.0,0.0
2023-06-27 09:30:00-04:00,19.040000915527344,19.040000915527344,19.0,19.030000686645508,9305,0.0,0.0,0.0
2023-06-27 10:30:00-04:00,19.049999237060547,19.083900451660156,19.020000457763672,19.020000457763672,29550,0.0,0.0,0.0
2023-06-27 11:30:00-04:00,19.030000686645508,19.030000686645508,18.95009994506836,19.0049991607666,33144,0.0,0.0,0.0
2023-06-27 12:30:00-04:00,19.0049991607666,19.039899826049805,18.990100860595703,19.020000457763672,19654,0.0,0.0,0.0
2023-06-27 13:30:00-04:00,19.039600372314453,19.040000915527344,19.0,19.039899826049805,10162,0.0,0.0,0.0
2023-06-27 14:30:00-04:00,19.024999618530273,19.049999237060547,19.010000228881836,19.020000457763672,30420,0.0,0.0,0.0
2023-06-27 15:30:00-04:00,19.03499984741211,19.048999786376953,19.010000228881836,19.010000228881836,9349,0.0,0.0,0.0
2023-06-28 09:30:00-04:00,19.040000915527344,19.045400619506836,18.969999313354492,19.030000686645508,27139,0.0,0.0,0.0
2023-06-28 10:30:00-04:00,19.000099182128906,19.079999923706055,19.000099182128906,19.069700241088867,22417,0.0,0.0,0.0
2023-06-28 11:30:00-04:00,19.079999923706055,19.110000610351562,19.059499740600586,19.110000610351562,14955,0.0,0.0,0.0
2023-06-28 12:30:00-04:00,19.084999084472656,19.110000610351562,19.051300048828125,19.05970001220703,12557,0.0,0.0,0.0
2023-06-28 13:30:00-04:00,19.049999237060547,19.104299545288086,19.049999237060547,19.061800003051758,6304,0.0,0.0,0.0
2023-06-28 14:30:00-04:00,19.104999542236328,19.110000610351562,19.082000732421875,19.082500457763672,7271,0.0,0.0,0.0
2023-06-28 15:30:00-04:00,19.079999923706055,19.110000610351562,19.049999237060547,19.110000610351562,4885,0.0,0.0,0.0
2023-06-29 09:30:00-04:00,19.149999618530273,19.15999984741211,19.00779914855957,19.010000228881836,49545,0.0,0.0,0.0
2023-06-29 10:30:00-04:00,19.040000915527344,19.09000015258789,19.010099411010742,19.09000015258789,13107,0.0,0.0,0.0
2023-06-29 11:30:00-04:00,19.06999969482422,19.100000381469727,19.049999237060547,19.079999923706055,7563,0.0,0.0,0.0
2023-06-29 12:30:00-04:00,19.06999969482422,19.100000381469727,19.059999465942383,19.09000015258789,13687,0.0,0.0,0.0
2023-06-29 13:30:00-04:00,19.08810043334961,19.1200008392334,19.06999969482422,19.100000381469727,18157,0.0,0.0,0.0
2023-06-29 14:30:00-04:00,19.08679962158203,19.1299991607666,19.079999923706055,19.1299991607666,29116,0.0,0.0,0.0
2023-06-29 15:30:00-04:00,19.110000610351562,19.18000030517578,19.100099563598633,19.18000030517578,32475,0.0,0.0,0.0
2023-06-30 09:30:00-04:00,19.270000457763672,19.360000610351562,19.270000457763672,19.325000762939453,35520,0.0,0.0,0.0
2023-06-30 10:30:00-04:00,19.33989906311035,19.33989906311035,19.260499954223633,19.309999465942383,12876,0.0,0.0,0.0
2023-06-30 11:30:00-04:00,19.200000762939453,19.31999969482422,19.200000762939453,19.315500259399414,16596,0.0,0.0,0.0
2023-06-30 12:30:00-04:00,19.300100326538086,19.350000381469727,19.299999237060547,19.350000381469727,6451,0.0,0.0,0.0
2023-06-30 13:30:00-04:00,19.34000015258789,19.389999389648438,19.34000015258789,19.3700008392334,17381,0.0,0.0,0.0
2023-06-30 14:30:00-04:00,19.385299682617188,19.428800582885742,19.36009979248047,19.389999389648438,30010,0.0,0.0,0.0
2023-06-30 15:30:00-04:00,19.388200759887695,19.670000076293945,19.388200759887695,19.670000076293945,27473,0.0,0.0,0.0
2023-07-03 09:30:00-04:00,19.6299991607666,19.6299991607666,19.559999465942383,19.604999542236328,29366,0.0,0.0,0.0
2023-07-03 10:30:00-04:00,19.610000610351562,19.6299991607666,19.579999923706055,19.6299991607666,30685,0.0,0.0,0.0
2023-07-03 11:30:00-04:00,19.638099670410156,19.639999389648438,19.6200008392334,19.639999389648438,5235,0.0,0.0,0.0
2023-07-05 09:30:00-04:00,19.639999389648438,19.649999618530273,19.6200008392334,19.639999389648438,22324,0.0,0.0,0.0
2023-07-05 10:30:00-04:00,19.6299991607666,19.649999618530273,19.625,19.625,6829,0.0,0.0,0.0
2023-07-05 11:30:00-04:00,19.635700225830078,19.647499084472656,19.610000610351562,19.6200008392334,11036,0.0,0.0,0.0
2023-07-05 12:30:00-04:00,19.610000610351562,19.610000610351562,19.58209991455078,19.592899322509766,11889,0.0,0.0,0.0
2023-07-05 13:30:00-04:00,19.5856990814209,19.59000015258789,19.565000534057617,19.565000534057617,25491,0.0,0.0,0.0
2023-07-05 14:30:00-04:00,19.572900772094727,19.574899673461914,19.550100326538086,19.56999969482422,5730,0.0,0.0,0.0
2023-07-05 15:30:00-04:00,19.559999465942383,19.559999465942383,19.510000228881836,19.559999465942383,8174,0.0,0.0,0.0
2023-07-06 09:30:00-04:00,19.549999237060547,19.6200008392334,19.3799991607666,19.3799991607666,49662,0.0,0.0,0.0
2023-07-06 10:30:00-04:00,19.404499053955078,19.404499053955078,19.299999237060547,19.299999237060547,17577,0.0,0.0,0.0
2023-07-06 11:30:00-04:00,19.280000686645508,19.349000930786133,19.280000686645508,19.349000930786133,16826,0.0,0.0,0.0
2023-07-06 12:30:00-04:00,19.329999923706055,19.349899291992188,19.290000915527344,19.329999923706055,16459,0.0,0.0,0.0
2023-07-06 13:30:00-04:00,19.310400009155273,19.350000381469727,19.309999465942383,19.31999969482422,7519,0.0,0.0,0.0
2023-07-06 14:30:00-04:00,19.309999465942383,19.3700008392334,19.260000228881836,19.31999969482422,42403,0.0,0.0,0.0
2023-07-06 15:30:00-04:00,19.344999313354492,19.3700008392334,19.309999465942383,19.34000015258789,17915,0.0,0.0,0.0
2023-07-07 09:30:00-04:00,19.260000228881836,19.54990005493164,19.260000228881836,19.40999984741211,38562,0.0,0.0,0.0
2023-07-07 10:30:00-04:00,19.400100708007812,19.489999771118164,19.400100708007812,19.434999465942383,32053,0.0,0.0,0.0
2023-07-07 11:30:00-04:00,19.434600830078125,19.469999313354492,19.43000030517578,19.45669937133789,22255,0.0,0.0,0.0
2023-07-07 12:30:00-04:00,19.479999542236328,19.52989959716797,19.456899642944336,19.485000610351562,9534,0.0,0.0,0.0
2023-07-07 13:30:00-04:00,19.479999542236328,19.530000686645508,19.469999313354492,19.48509979248047,13651,0.0,0.0,0.0
2023-07-07 14:30:00-04:00,19.469999313354492,19.540000915527344,19.469999313354492,19.519699096679688,7277,0.0,0.0,0.0
2023-07-07 15:30:00-04:00,19.52899932861328,19.540000915527344,19.520000457763672,19.540000915527344,30965,0.0,0.0,0.0
2023-07-10 09:30:00-04:00,19.559999465942383,19.600000381469727,19.420000076293945,19.523399353027344,43571,0.0,0.0,0.0
2023-07-10 10:30:00-04:00,19.523399353027344,19.54990005493164,19.479999542236328,19.486400604248047,30844,0.0,0.0,0.0
2023-07-10 11:30:00-04:00,19.509899139404297,19.549999237060547,19.509899139404297,19.540000915527344,11920,0.0,0.0,0.0
2023-07-10 12:30:00-04:00,19.549999237060547,19.569900512695312,19.524999618530273,19.540000915527344,16170,0.0,0.0,0.0
2023-07-10 13:30:00-04:00,19.549999237060547,19.559999465942383,19.510000228881836,19.559999465942383,7790,0.0,0.0,0.0
2023-07-10 14:30:00-04:00,19.566099166870117,19.575000762939453,19.530000686645508,19.57349967956543,18440,0.0,0.0,0.0
2023-07-10 15:30:00-04:00,19.579999923706055,19.600000381469727,19.559999465942383,19.559999465942383,24712,0.0,0.0,0.0
2023-07-11 09:30:00-04:00,19.59000015258789,19.59000015258789,19.52440071105957,19.59000015258789,23544,0.0,0.0,0.0
2023-07-11 10:30:00-04:00,19.579999923706055,19.600000381469727,19.574899673461914,19.584999084472656,42316,0.0,0.0,0.0
2023-07-11 11:30:00-04:00,19.589000701904297,19.600000381469727,19.579999923706055,19.59000015258789,13924,0.0,0.0,0.0
2023-07-11 12:30:00-04:00,19.58009910583496,19.609899520874023,19.58009910583496,19.590099334716797,6214,0.0,0.0,0.0
2023-07-11 13:30:00-04:00,19.609899520874023,19.610000610351562,19.594100952148438,19.610000610351562,14738,0.0,0.0,0.0
2023-07-11 14:30:00-04:00,19.59000015258789,19.649999618530273,19.59000015258789,19.649999618530273,31406,0.0,0.0,0.0
2023-07-11 15:30:00-04:00,19.62809944152832,19.670000076293945,19.620100021362305,19.670000076293945,16346,0.0,0.0,0.0
2023-07-12 09:30:00-04:00,19.75,19.82990074157715,19.70009994506836,19.719999313354492,42603,0.0,0.0,0.0
2023-07-12 10:30:00-04:00,19.75,19.756000518798828,19.709999084472656,19.725000381469727,17313,0.0,0.0,0.0
2023-07-12 11:30:00-04:00,19.710100173950195,19.737600326538086,19.68720054626465,19.726200103759766,10814,0.0,0.0,0.0
2023-07-12 12:30:00-04:00,19.713300704956055,19.770000457763672,19.709999084472656,19.7450008392334,41081,0.0,0.0,0.0
2023-07-12 13:30:00-04:00,19.760000228881836,19.780000686645508,19.740100860595703,19.740100860595703,11582,0.0,0.0,0.0
2023-07-12 14:30:00-04:00,19.764999389648438,19.780000686645508,19.709999084472656,19.71500015258789,6638,0.0,0.0,0.0
2023-07-12 15:30:00-04:00,19.719999313354492,19.770000457763672,19.700000762939453,19.729999542236328,19756,0.0,0.0,0.0
2023-07-13 09:30:00-04:00,19.780000686645508,19.799999237060547,19.761999130249023,19.770000457763672,46612,0.0,0.0,0.0
2023-07-13 10:30:00-04:00,19.780000686645508,19.79990005493164,19.760099411010742,19.790000915527344,20757,0.0,0.0,0.0
2023-07-13 11:30:00-04:00,19.788999557495117,19.790000915527344,19.7450008392334,19.754899978637695,52603,0.0,0.0,0.0
2023-07-13 12:30:00-04:00,19.753299713134766,19.782699584960938,19.75,19.75,32734,0.0,0.0,0.0
2023-07-13 13:30:00-04:00,19.75,19.769899368286133,19.735000610351562,19.760000228881836,17769,0.0,0.0,0.0
2023-07-13 14:30:00-04:00,19.75,19.769899368286133,19.729999542236328,19.75,17781,0.0,0.0,0.0
2023-07-13 15:30:00-04:00,19.739999771118164,19.790000915527344,19.739999771118164,19.770000457763672,26214,0.0,0.0,0.0
2023-07-14 09:30:00-04:00,19.790000915527344,19.795700073242188,19.649999618530273,19.654199600219727,23949,0.0,0.0,0.0
2023-07-14 10:30:00-04:00,19.65760040283203,19.690000534057617,19.61009979248047,19.661100387573242,10734,0.0,0.0,0.0
2023-07-14 11:30:00-04:00,19.670000076293945,19.690000534057617,19.670000076293945,19.670000076293945,11387,0.0,0.0,0.0
2023-07-14 12:30:00-04:00,19.673099517822266,19.690000534057617,19.6200008392334,19.639999389648438,9718,0.0,0.0,0.0
2023-07-14 13:30:00-04:00,19.6299991607666,19.649999618530273,19.620100021362305,19.631000518798828,12020,0.0,0.0,0.0
2023-07-14 14:30:00-04:00,19.659700393676758,19.659900665283203,19.6299991607666,19.649999618530273,25147,0.0,0.0,0.0
2023-07-14 15:30:00-04:00,19.6299991607666,19.655000686645508,19.6200008392334,19.6200008392334,28527,0.0,0.0,0.0
2023-07-17 09:30:00-04:00,19.75,19.75,19.579999923706055,19.679899215698242,49409,0.0,0.0,0.0
2023-07-17 10:30:00-04:00,19.649999618530273,19.670000076293945,19.611099243164062,19.662900924682617,30854,0.0,0.0,0.0
2023-07-17 11:30:00-04:00,19.66010093688965,19.66010093688965,19.6299991607666,19.63990020751953,33254,0.0,0.0,0.0
2023-07-17 12:30:00-04:00,19.635000228881836,19.63990020751953,19.5851993560791,19.59000015258789,48413,0.0,0.0,0.0
2023-07-17 13:30:00-04:00,19.58009910583496,19.6299991607666,19.570100784301758,19.610000610351562,38088,0.0,0.0,0.0
2023-07-17 14:30:00-04:00,19.610000610351562,19.639999389648438,19.610000610351562,19.6299991607666,21966,0.0,0.0,0.0
2023-07-17 15:30:00-04:00,19.6200008392334,19.639999389648438,19.610000610351562,19.610000610351562,20310,0.0,0.0,0.0
2023-07-18 09:30:00-04:00,19.690000534057617,19.77989959716797,19.649999618530273,19.729999542236328,38692,0.0,0.0,0.0
2023-07-18 10:30:00-04:00,19.739999771118164,19.75,19.71500015258789,19.739999771118164,21666,0.0,0.0,0.0
2023-07-18 11:30:00-04:00,19.745500564575195,19.793699264526367,19.719999313354492,19.75,29348,0.0,0.0,0.0
2023-07-18 12:30:00-04:00,19.7549991607666,19.7549991607666,19.7268009185791,19.7460994720459,14226,0.0,0.0,0.0
2023-07-18 13:30:00-04:00,19.746200561523438,19.780000686645508,19.732099533081055,19.764999389648438,18666,0.0,0.0,0.0
2023-07-18 14:30:00-04:00,19.760000228881836,19.77899932861328,19.729999542236328,19.770000457763672,41537,0.0,0.0,0.0
2023-07-18 15:30:00-04:00,19.768999099731445,19.770000457763672,19.75,19.75,10726,0.0,0.0,0.0
2023-07-19 09:30:00-04:00,19.799999237060547,19.829999923706055,19.790000915527344,19.829999923706055,22283,0.0,0.0,0.0
2023-07-19 10:30:00-04:00,19.829999923706055,19.829999923706055,19.790000915527344,19.81999969482422,29794,0.0,0.0,0.0
2023-07-19 11:30:00-04:00,19.81839942932129,19.829999923706055,19.799999237060547,19.804800033569336,30908,0.0,0.0,0.0
2023-07-19 12:30:00-04:00,19.799999237060547,19.829999923706055,19.799999237060547,19.813400268554688,13806,0.0,0.0,0.0
2023-07-19 13:30:00-04:00,19.81999969482422,19.829999923706055,19.800100326538086,19.829999923706055,24443,0.0,0.0,0.0
2023-07-19 14:30:00-04:00,19.829999923706055,19.850000381469727,19.822099685668945,19.822099685668945,39241,0.0,0.0,0.0
2023-07-19 15:30:00-04:00,19.849000930786133,19.860000610351562,19.829999923706055,19.829999923706055,39326,0.0,0.0,0.0
2023-07-20 09:30:00-04:00,19.739999771118164,19.739999771118164,19.590099334716797,19.625,64234,0.0,0.0,0.0
2023-07-20 10:30:00-04:00,19.65999984741211,19.65999984741211,19.60650062561035,19.649999618530273,24182,0.0,0.0,0.0
2023-07-20 11:30:00-04:00,19.65999984741211,19.66990089416504,19.6299991607666,19.655000686645508,27043,0.0,0.0,0.0
2023-07-20 12:30:00-04:00,19.655000686645508,19.65999984741211,19.610000610351562,19.649999618530273,20235,0.0,0.0,0.0
2023-07-20 13:30:00-04:00,19.647300720214844,19.67840003967285,19.647300720214844,19.649999618530273,6725,0.0,0.0,0.0
2023-07-20 14:30:00-04:00,19.639999389648438,19.670000076293945,19.620100021362305,19.6299991607666,14521,0.0,0.0,0.0
2023-07-20 15:30:00-04:00,19.689899444580078,19.700000762939453,19.639999389648438,19.645000457763672,14429,0.0,0.0,0.0
2023-07-21 09:30:00-04:00,19.670000076293945,19.75,19.649999618530273,19.69230079650879,30822,0.0,0.0,0.0
2023-07-21 10:30:00-04:00,19.677799224853516,19.74250030517578,19.65999984741211,19.717100143432617,10680,0.0,0.0,0.0
2023-07-21 11:30:00-04:00,19.700000762939453,19.73240089416504,19.670000076293945,19.689899444580078,7297,0.0,0.0,0.0
2023-07-21 12:30:00-04:00,19.674999237060547,19.690000534057617,19.650100708007812,19.679899215698242,11755,0.0,0.0,0.0
2023-07-21 13:30:00-04:00,19.68000030517578,19.68000030517578,19.600000381469727,19.649999618530273,20031,0.0,0.0,0.0
2023-07-21 14:30:00-04:00,19.6299991607666,19.659000396728516,19.610000610351562,19.6481990814209,8468,0.0,0.0,0.0
2023-07-21 15:30:00-04:00,19.649999618530273,19.659000396728516,19.610700607299805,19.655000686645508,6868,0.0,0.0,0.0
2023-07-24 09:30:00-04:00,19.639999389648438,19.729900360107422,19.639999389648438,19.694400787353516,36497,0.0,0.0,0.0
2023-07-24 10:30:00-04:00,19.699899673461914,19.700000762939453,19.650100708007812,19.650100708007812,24466,0.0,0.0,0.0
2023-07-24 11:30:00-04:00,19.63010025024414,19.679899215698242,19.610000610351562,19.650100708007812,12846,0.0,0.0,0.0
2023-07-24 12:30:00-04:00,19.639999389648438,19.689899444580078,19.615299224853516,19.665000915527344,5918,0.0,0.0,0.0
2023-07-24 13:30:00-04:00,19.640100479125977,19.7189998626709,19.640100479125977,19.7189998626709,10049,0.0,0.0,0.0
2023-07-24 14:30:00-04:00,19.704999923706055,19.719999313354492,19.690000534057617,19.707300186157227,24074,0.0,0.0,0.0
2023-07-24 15:30:00-04:00,19.709999084472656,19.719999313354492,19.639999389648438,19.639999389648438,11504,0.0,0.0,0.0
2023-07-25 09:30:00-04:00,19.739999771118164,19.75,19.670000076293945,19.68000030517578,28776,0.0,0.0,0.0
2023-07-25 10:30:00-04:00,19.690799713134766,19.709999084472656,19.670000076293945,19.709999084472656,27293,0.0,0.0,0.0
2023-07-25 11:30:00-04:00,19.707799911499023,19.739999771118164,19.700000762939453,19.700000762939453,26473,0.0,0.0,0.0
2023-07-25 12:30:00-04:00,19.690000534057617,19.700000762939453,19.690000534057617,19.699899673461914,9373,0.0,0.0,0.0
2023-07-25 13:30:00-04:00,19.69499969482422,19.719999313354492,19.690000534057617,19.700000762939453,16440,0.0,0.0,0.0
2023-07-25 14:30:00-04:00,19.700000762939453,19.707700729370117,19.68000030517578,19.700000762939453,16345,0.0,0.0,0.0
2023-07-25 15:30:00-04:00,19.69499969482422,19.719999313354492,19.684999465942383,19.700000762939453,17205,0.0,0.0,0.0
2023-07-26 09:30:00-04:00,19.75,19.75,19.700000762939453,19.700000762939453,25838,0.0,0.0,0.0
2023-07-26 10:30:00-04:00,19.709999084472656,19.739999771118164,19.709999084472656,19.729999542236328,17686,0.0,0.0,0.0
2023-07-26 11:30:00-04:00,19.729999542236328,19.81999969482422,19.729799270629883,19.770099639892578,13803,0.0,0.0,0.0
2023-07-26 12:30:00-04:00,19.81999969482422,19.81999969482422,19.77389907836914,19.795000076293945,14713,0.0,0.0,0.0
2023-07-26 13:30:00-04:00,19.799999237060547,19.809999465942383,19.780000686645508,19.782499313354492,17548,0.0,0.0,0.0
2023-07-26 14:30:00-04:00,19.780000686645508,19.81999969482422,19.760000228881836,19.77899932861328,13101,0.0,0.0,0.0
2023-07-26 15:30:00-04:00,19.770000457763672,19.809999465942383,19.770000457763672,19.809999465942383,6681,0.0,0.0,0.0
2023-07-27 09:30:00-04:00,19.809999465942383,19.899900436401367,19.799999237060547,19.809999465942383,31330,0.0,0.0,0.0
2023-07-27 10:30:00-04:00,19.889999389648438,19.889999389648438,19.780099868774414,19.84000015258789,28372,0.0,0.0,0.0
2023-07-27 11:30:00-04:00,19.780099868774414,19.819900512695312,19.774999618530273,19.799999237060547,14507,0.0,0.0,0.0
2023-07-27 12:30:00-04:00,19.799999237060547,19.799999237060547,19.75,19.7721004486084,19225,0.0,0.0,0.0
2023-07-27 13:30:00-04:00,19.740100860595703,19.780000686645508,19.729999542236328,19.75,29683,0.0,0.0,0.0
2023-07-27 14:30:00-04:00,19.75,19.769899368286133,19.680099487304688,19.690000534057617,70545,0.0,0.0,0.0
2023-07-27 15:30:00-04:00,19.700000762939453,19.739900588989258,19.690099716186523,19.709999084472656,11207,0.0,0.0,0.0
2023-07-28 09:30:00-04:00,19.84000015258789,19.84000015258789,19.649999618530273,19.75,37432,0.0,0.0,0.0
2023-07-28 10:30:00-04:00,19.7450008392334,19.770000457763672,19.735000610351562,19.739900588989258,13708,0.0,0.0,0.0
2023-07-28 11:30:00-04:00,19.735000610351562,19.739999771118164,19.700000762939453,19.729000091552734,12753,0.0,0.0,0.0
2023-07-28 12:30:00-04:00,19.719900131225586,19.739999771118164,19.700000762939453,19.719999313354492,29658,0.0,0.0,0.0
2023-07-28 13:30:00-04:00,19.729799270629883,19.729799270629883,19.708999633789062,19.719999313354492,7807,0.0,0.0,0.0
2023-07-28 14:30:00-04:00,19.739999771118164,19.749900817871094,19.716400146484375,19.729999542236328,12291,0.0,0.0,0.0
2023-07-28 15:30:00-04:00,19.729000091552734,19.75,19.709999084472656,19.739999771118164,14202,0.0,0.0,0.0
2023-07-31 09:30:00-04:00,19.799999237060547,19.8799991607666,19.739999771118164,19.81999969482422,50964,0.0,0.0,0.0
2023-07-31 10:30:00-04:00,19.834999084472656,19.860000610351562,19.81999969482422,19.860000610351562,42543,0.0,0.0,0.0
2023-07-31 11:30:00-04:00,19.854999542236328,19.8799991607666,19.829999923706055,19.857799530029297,54604,0.0,0.0,0.0
2023-07-31 12:30:00-04:00,19.844999313354492,19.860000610351562,19.83009910583496,19.84000015258789,20684,0.0,0.0,0.0
2023-07-31 13:30:00-04:00,19.840099334716797,19.860000610351562,19.829999923706055,19.850000381469727,16226,0.0,0.0,0.0
2023-07-31 14:30:00-04:00,19.85580062866211,19.860000610351562,19.831100463867188,19.854999542236328,45762,0.0,0.0,0.0
2023-07-31 15:30:00-04:00,19.854999542236328,19.950000762939453,19.84000015258789,19.93000030517578,48188,0.0,0.0,0.0
2023-08-01 09:30:00-04:00,19.81999969482422,19.93000030517578,19.770000457763672,19.770099639892578,37983,0.0,0.0,0.0
2023-08-01 10:30:00-04:00,19.799999237060547,19.860000610351562,19.770099639892578,19.799999237060547,21835,0.0,0.0,0.0
2023-08-01 11:30:00-04:00,19.799999237060547,19.81999969482422,19.799999237060547,19.809999465942383,17958,0.0,0.0,0.0
2023-08-01 12:30:00-04:00,19.799999237060547,19.81999969482422,19.776500701904297,19.81999969482422,7139,0.0,0.0,0.0
2023-08-01 13:30:00-04:00,19.81999969482422,19.84000015258789,19.799999237060547,19.809999465942383,25611,0.0,0.0,0.0
2023-08-01 14:30:00-04:00,19.84000015258789,19.84000015258789,19.81999969482422,19.84000015258789,15325,0.0,0.0,0.0
2023-08-01 15:30:00-04:00,19.84000015258789,19.850000381469727,19.832000732421875,19.84000015258789,14544,0.0,0.0,0.0
2023-08-02 09:30:00-04:00,19.799999237060547,19.799999237060547,19.67009925842285,19.69499969482422,138718,0.0,0.0,0.0
2023-08-02 10:30:00-04:00,19.69499969482422,19.709999084472656,19.624500274658203,19.690000534057617,42444,0.0,0.0,0.0
2023-08-02 11:30:00-04:00,19.681699752807617,19.760000228881836,19.68000030517578,19.755199432373047,29901,0.0,0.0,0.0
2023-08-02 12:30:00-04:00,19.760000228881836,19.790000915527344,19.730100631713867,19.790000915527344,41487,0.0,0.0,0.0
2023-08-02 13:30:00-04:00,19.790000915527344,19.82539939880371,19.719999313354492,19.75,63777,0.0,0.0,0.0
2023-08-02 14:30:00-04:00,19.760000228881836,19.760000228881836,19.730100631713867,19.75,18797,0.0,0.0,0.0
2023-08-02 15:30:00-04:00,19.739999771118164,19.739999771118164,19.709999084472656,19.729999542236328,16815,0.0,0.0,0.0
2023-08-03 09:30:00-04:00,19.649999618530273,19.65999984741211,19.5,19.5,42500,0.0,0.0,0.0
2023-08-03 10:30:00-04:00,19.517900466918945,19.57550048828125,19.5,19.549999237060547,28280,0.0,0.0,0.0
2023-08-03 11:30:00-04:00,19.549999237060547,19.569900512695312,19.520000457763672,19.540000915527344,10694,0.0,0.0,0.0
2023-08-03 12:30:00-04:00,19.536300659179688,19.549999237060547,19.479999542236328,19.510000228881836,23855,0.0,0.0,0.0
2023-08-03 13:30:00-04:00,19.510000228881836,19.56999969482422,19.480100631713867,19.545000076293945,27985,0.0,0.0,0.0
2023-08-03 14:30:00-04:00,19.530000686645508,19.579999923706055,19.500099182128906,19.56999969482422,34422,0.0,0.0,0.0
2023-08-03 15:30:00-04:00,19.565000534057617,19.594999313354492,19.565000534057617,19.59000015258789,42811,0.0,0.0,0.0
2023-08-04 09:30:00-04:00,19.600000381469727,19.739900588989258,19.600000381469727,19.719999313354492,32441,0.0,0.0,0.0
2023-08-04 10:30:00-04:00,19.719999313354492,19.760000228881836,19.70009994506836,19.75,21432,0.0,0.0,0.0
2023-08-04 11:30:00-04:00,19.7273006439209,19.790000915527344,19.719999313354492,19.790000915527344,28814,0.0,0.0,0.0
2023-08-04 12:30:00-04:00,19.7549991607666,19.790000915527344,19.72010040283203,19.760000228881836,10040,0.0,0.0,0.0
2023-08-04 13:30:00-04:00,19.735000610351562,19.760000228881836,19.710100173950195,19.749900817871094,11232,0.0,0.0,0.0
2023-08-04 14:30:00-04:00,19.729999542236328,19.75,19.66010093688965,19.700000762939453,10651,0.0,0.0,0.0
2023-08-04 15:30:00-04:00,19.719999313354492,19.75,19.67329978942871,19.75,7173,0.0,0.0,0.0
2023-08-07 09:30:00-04:00,19.84000015258789,19.84000015258789,19.700000762939453,19.760000228881836,23643,0.0,0.0,0.0
2023-08-07 10:30:00-04:00,19.75,19.780000686645508,19.709999084472656,19.76569938659668,62760,0.0,0.0,0.0
2023-08-07 11:30:00-04:00,19.780000686645508,19.84000015258789,19.719999313354492,19.778499603271484,67759,0.0,0.0,0.0
2023-08-07 12:30:00-04:00,19.769800186157227,19.77989959716797,19.75,19.755599975585938,14619,0.0,0.0,0.0
2023-08-07 13:30:00-04:00,19.760000228881836,19.770000457763672,19.75,19.760000228881836,20013,0.0,0.0,0.0
2023-08-07 14:30:00-04:00,19.760000228881836,19.792499542236328,19.719999313354492,19.792499542236328,36388,0.0,0.0,0.0
2023-08-07 15:30:00-04:00,19.760499954223633,19.788999557495117,19.719999313354492,19.735000610351562,29519,0.0,0.0,0.0
2023-08-08 09:30:00-04:00,19.700000762939453,19.747800827026367,19.65999984741211,19.670000076293945,26054,0.0,0.0,0.0
2023-08-08 10:30:00-04:00,19.65999984741211,19.684999465942383,19.600000381469727,19.645700454711914,19502,0.0,0.0,0.0
2023-08-08 11:30:00-04:00,19.63800048828125,19.719999313354492,19.63800048828125,19.68000030517578,11685,0.0,0.0,0.0
2023-08-08 12:30:00-04:00,19.650100708007812,19.739999771118164,19.650100708007812,19.709999084472656,20747,0.0,0.0,0.0
2023-08-08 13:30:00-04:00,19.709999084472656,19.739900588989258,19.68779945373535,19.729900360107422,9230,0.0,0.0,0.0
2023-08-08 14:30:00-04:00,19.729999542236328,19.770000457763672,19.709999084472656,19.7549991607666,14591,0.0,0.0,0.0
2023-08-08 15:30:00-04:00,19.770000457763672,19.770000457763672,19.719999313354492,19.739999771118164,10650,0.0,0.0,0.0
2023-08-09 09:30:00-04:00,19.770000457763672,19.799999237060547,19.739999771118164,19.739999771118164,27548,0.0,0.0,0.0
2023-08-09 10:30:00-04:00,19.764999389648438,19.764999389648438,19.67099952697754,19.67099952697754,28455,0.0,0.0,0.0
2023-08-09 11:30:00-04:00,19.68899917602539,19.739999771118164,19.68000030517578,19.729900360107422,17783,0.0,0.0,0.0
2023-08-09 12:30:00-04:00,19.719999313354492,19.759899139404297,19.709999084472656,19.75,39702,0.0,0.0,0.0
2023-08-09 13:30:00-04:00,19.747900009155273,19.760000228881836,19.719999313354492,19.75,14693,0.0,0.0,0.0
2023-08-09 14:30:00-04:00,19.75,19.75,19.719999313354492,19.732500076293945,26628,0.0,0.0,0.0
2023-08-09 15:30:00-04:00,19.731800079345703,19.731800079345703,19.690000534057617,19.690000534057617,17692,0.0,0.0,0.0
2023-08-10 09:30:00-04:00,19.8799991607666,19.8799991607666,19.70669937133789,19.719999313354492,34924,0.0,0.0,0.0
2023-08-10 10:30:00-04:00,19.730100631713867,19.7367000579834,19.690099716186523,19.71540069580078,17418,0.0,0.0,0.0
2023-08-10 11:30:00-04:00,19.735000610351562,19.7450008392334,19.690000534057617,19.719999313354492,0,0.0,0.0,0.0
2023-08-10 12:30:00-04:00,19.72640037536621,19.74169921875,19.700000762939453,19.709999084472656,172919,0.0,0.0,0.0
2023-08-10 13:30:00-04:00,19.690000534057617,19.709999084472656,19.65999984741211,19.700000762939453,25991,0.0,0.0,0.0
2023-08-10 14:30:00-04:00,19.690000534057617,19.729999542236328,19.68000030517578,19.696699142456055,15432,0.0,0.0,0.0
2023-08-10 15:30:00-04:00,19.700000762939453,19.709999084472656,19.639999389648438,19.639999389648438,28586,0.0,0.0,0.0
2023-08-11 09:30:00-04:00,19.739999771118164,19.752399444580078,19.65999984741211,19.69300079345703,78617,0.0,0.0,0.0
2023-08-11 10:30:00-04:00,19.6825008392334,19.729999542236328,19.670000076293945,19.700000762939453,41547,0.0,0.0,0.0
2023-08-11 11:30:00-04:00,19.709999084472656,19.718000411987305,19.690000534057617,19.69499969482422,31742,0.0,0.0,0.0
2023-08-11 12:30:00-04:00,19.69770050048828,19.69770050048828,19.67009925842285,19.677600860595703,26934,0.0,0.0,0.0
2023-08-11 13:30:00-04:00,19.68000030517578,19.68000030517578,19.639999389648438,19.65999984741211,25466,0.0,0.0,0.0
2023-08-11 14:30:00-04:00,19.65999984741211,19.673500061035156,19.649999618530273,19.673500061035156,23089,0.0,0.0,0.0
2023-08-11 15:30:00-04:00,19.65999984741211,19.700000762939453,19.649999618530273,19.700000762939453,33729,0.0,0.0,0.0
2023-08-14 09:30:00-04:00,19.719999313354492,19.739999771118164,19.600099563598633,19.63800048828125,60853,0.0,0.0,0.0
2023-08-14 10:30:00-04:00,19.6299991607666,19.65999984741211,19.6299991607666,19.649999618530273,15373,0.0,0.0,0.0
2023-08-14 11:30:00-04:00,19.640100479125977,19.670000076293945,19.63010025024414,19.670000076293945,12882,0.0,0.0,0.0
2023-08-14 12:30:00-04:00,19.665000915527344,19.679899215698242,19.649999618530273,19.67729949951172,15023,0.0,0.0,0.0
2023-08-14 13:30:00-04:00,19.68000030517578,19.700000762939453,19.65999984741211,19.68000030517578,40703,0.0,0.0,0.0
2023-08-14 14:30:00-04:00,19.664899826049805,19.678300857543945,19.65999984741211,19.661100387573242,19214,0.0,0.0,0.0
2023-08-14 15:30:00-04:00,19.66230010986328,19.68000030517578,19.65999984741211,19.67009925842285,21387,0.0,0.0,0.0
2023-08-15 09:30:00-04:00,19.649999618530273,19.65999984741211,19.600000381469727,19.600000381469727,43080,0.0,0.0,0.0
2023-08-15 10:30:00-04:00,19.598100662231445,19.6299991607666,19.579999923706055,19.610000610351562,18676,0.0,0.0,0.0
2023-08-15 11:30:00-04:00,19.600000381469727,19.609600067138672,19.58009910583496,19.58009910583496,15106,0.0,0.0,0.0
2023-08-15 12:30:00-04:00,19.579999923706055,19.59670066833496,19.559999465942383,19.565000534057617,16883,0.0,0.0,0.0
2023-08-15 13:30:00-04:00,19.559999465942383,19.579999923706055,19.549999237060547,19.55900001525879,13262,0.0,0.0,0.0
2023-08-15 14:30:00-04:00,19.559999465942383,19.56999969482422,19.559999465942383,19.559999465942383,19330,0.0,0.0,0.0
2023-08-15 15:30:00-04:00,19.552499771118164,19.600000381469727,19.549999237060547,19.549999237060547,40512,0.0,0.0,0.0
2023-08-16 09:30:00-04:00,19.510000228881836,19.579999923706055,19.510000228881836,19.54840087890625,36150,0.0,0.0,0.0
2023-08-16 10:30:00-04:00,19.5487003326416,19.57990074157715,19.520000457763672,19.56999969482422,17647,0.0,0.0,0.0
2023-08-16 11:30:00-04:00,19.579999923706055,19.579999923706055,19.530000686645508,19.532800674438477,24084,0.0,0.0,0.0
2023-08-16 12:30:00-04:00,19.540000915527344,19.559999465942383,19.520099639892578,19.559999465942383,36266,0.0,0.0,0.0
2023-08-16 13:30:00-04:00,19.548999786376953,19.59000015258789,19.520099639892578,19.56999969482422,21233,0.0,0.0,0.0
2023-08-16 14:30:00-04:00,19.589000701904297,19.600000381469727,19.549999237060547,19.549999237060547,29915,0.0,0.0,0.0
2023-08-16 15:30:00-04:00,19.549999237060547,19.600000381469727,19.549999237060547,19.579999923706055,21677,0.0,0.0,0.0
2023-08-17 09:30:00-04:00,19.600000381469727,19.600000381469727,19.479999542236328,19.489999771118164,49332,0.0,0.0,0.0
2023-08-17 10:30:00-04:00,19.479999542236328,19.489999771118164,19.450000762939453,19.46500015258789,27036,0.0,0.0,0.0
2023-08-17 11:30:00-04:00,19.479999542236328,19.5,19.440099716186523,19.479999542236328,33619,0.0,0.0,0.0
2023-08-17 12:30:00-04:00,19.47209930419922,19.489999771118164,19.440000534057617,19.450000762939453,30683,0.0,0.0,0.0
2023-08-17 13:30:00-04:00,19.469999313354492,19.474599838256836,19.450000762939453,19.459999084472656,16317,0.0,0.0,0.0
2023-08-17 14:30:00-04:00,19.46500015258789,19.469999313354492,19.450000762939453,19.469999313354492,32965,0.0,0.0,0.0
2023-08-17 15:30:00-04:00,19.47010040283203,19.520000457763672,19.454999923706055,19.479999542236328,13560,0.0,0.0,0.0
2023-08-18 09:30:00-04:00,19.530000686645508,19.530000686645508,19.399999618530273,19.424999237060547,40485,0.0,0.0,0.0
2023-08-18 10:30:00-04:00,19.420000076293945,19.479999542236328,19.420000076293945,19.46500015258789,20903,0.0,0.0,0.0
2023-08-18 11:30:00-04:00,19.450000762939453,19.46980094909668,19.42009925842285,19.450000762939453,24217,0.0,0.0,0.0
2023-08-18 12:30:00-04:00,19.430099487304688,19.459999084472656,19.430099487304688,19.459999084472656,24278,0.0,0.0,0.0
2023-08-18 13:30:00-04:00,19.44499969482422,19.45989990234375,19.43000030517578,19.439899444580078,15022,0.0,0.0,0.0
2023-08-18 14:30:00-04:00,19.440000534057617,19.479999542236328,19.43000030517578,19.450000762939453,39676,0.0,0.0,0.0
2023-08-18 15:30:00-04:00,19.450000762939453,19.469999313354492,19.450000762939453,19.450000762939453,11576,0.0,0.0,0.0
2023-08-21 09:30:00-04:00,19.3700008392334,19.3700008392334,19.20050048828125,19.209999084472656,69105,0.0,0.0,0.0
2023-08-21 10:30:00-04:00,19.209999084472656,19.209999084472656,19.15999984741211,19.18429946899414,34193,0.0,0.0,0.0
2023-08-21 11:30:00-04:00,19.174999237060547,19.18000030517578,19.1200008392334,19.17690086364746,147228,0.0,0.0,0.0
2023-08-21 12:30:00-04:00,19.15999984741211,19.179899215698242,19.1299991607666,19.179899215698242,10334,0.0,0.0,0.0
2023-08-21 13:30:00-04:00,19.15999984741211,19.190000534057617,19.1299991607666,19.18000030517578,39454,0.0,0.0,0.0
2023-08-21 14:30:00-04:00,19.189899444580078,19.309999465942383,19.17009925842285,19.209999084472656,61603,0.0,0.0,0.0
2023-08-21 15:30:00-04:00,19.200000762939453,19.209999084472656,19.190099716186523,19.204999923706055,9416,0.0,0.0,0.0
2023-08-22 09:30:00-04:00,19.299999237060547,19.299999237060547,19.06999969482422,19.099599838256836,129931,0.0,0.0,0.0
2023-08-22 10:30:00-04:00,19.09000015258789,19.109899520874023,19.06999969482422,19.08009910583496,30377,0.0,0.0,0.0
2023-08-22 11:30:00-04:00,19.110000610351562,19.110000610351562,19.08009910583496,19.08930015563965,4980,0.0,0.0,0.0
2023-08-22 12:30:00-04:00,19.09000015258789,19.09000015258789,19.070100784301758,19.084999084472656,8383,0.0,0.0,0.0
2023-08-22 13:30:00-04:00,19.08009910583496,19.09000015258789,19.06999969482422,19.06999969482422,7036,0.0,0.0,0.0
2023-08-22 14:30:00-04:00,19.089000701904297,19.09000015258789,19.06999969482422,19.09000015258789,14424,0.0,0.0,0.0
2023-08-22 15:30:00-04:00,19.08180046081543,19.09000015258789,19.010000228881836,19.079999923706055,37458,0.0,0.0,0.0
2023-08-23 09:30:00-04:00,19.049999237060547,19.240999221801758,19.030000686645508,19.172700881958008,76734,0.0,0.0,0.0
2023-08-23 10:30:00-04:00,19.20709991455078,19.209999084472656,19.17009925842285,19.17009925842285,9274,0.0,0.0,0.0
2023-08-23 11:30:00-04:00,19.18000030517578,19.229999542236328,19.18000030517578,19.229999542236328,20886,0.0,0.0,0.0
2023-08-23 12:30:00-04:00,19.219999313354492,19.263200759887695,19.219999313354492,19.263200759887695,13487,0.0,0.0,0.0
2023-08-23 13:30:00-04:00,19.277700424194336,19.289899826049805,19.250099182128906,19.270000457763672,6285,0.0,0.0,0.0
2023-08-23 14:30:00-04:00,19.273799896240234,19.299999237060547,19.260000228881836,19.289899826049805,39481,0.0,0.0,0.0
2023-08-23 15:30:00-04:00,19.283199310302734,19.299999237060547,19.25,19.270000457763672,20431,0.0,0.0,0.0
2023-08-24 09:30:00-04:00,19.299999237060547,19.33989906311035,19.270000457763672,19.329999923706055,31424,0.0,0.0,0.0
2023-08-24 10:30:00-04:00,19.339799880981445,19.360000610351562,19.304899215698242,19.31529998779297,17547,0.0,0.0,0.0
2023-08-24 11:30:00-04:00,19.309999465942383,19.309999465942383,19.270000457763672,19.290000915527344,25789,0.0,0.0,0.0
2023-08-24 12:30:00-04:00,19.29290008544922,19.309999465942383,19.290000915527344,19.309999465942383,9421,0.0,0.0,0.0
2023-08-24 13:30:00-04:00,19.30500030517578,19.31999969482422,19.270000457763672,19.270000457763672,22985,0.0,0.0,0.0
2023-08-24 14:30:00-04:00,19.280000686645508,19.280000686645508,19.25,19.250099182128906,13047,0.0,0.0,0.0
2023-08-24 15:30:00-04:00,19.264999389648438,19.27989959716797,19.229999542236328,19.260000228881836,8257,0.0,0.0,0.0
2023-08-25 09:30:00-04:00,19.270000457763672,19.34000015258789,19.229999542236328,19.25,37312,0.0,0.0,0.0
2023-08-25 10:30:00-04:00,19.274999618530273,19.299400329589844,19.219999313354492,19.299400329589844,12012,0.0,0.0,0.0
2023-08-25 11:30:00-04:00,19.290000915527344,19.329999923706055,19.274999618530273,19.329999923706055,24807,0.0,0.0,0.0
2023-08-25 12:30:00-04:00,19.331100463867188,19.33989906311035,19.281099319458008,19.282800674438477,15670,0.0,0.0,0.0
2023-08-25 13:30:00-04:00,19.292499542236328,19.33989906311035,19.280099868774414,19.31999969482422,18554,0.0,0.0,0.0
2023-08-25 14:30:00-04:00,19.329999923706055,19.35449981689453,19.304899215698242,19.31999969482422,10246,0.0,0.0,0.0
2023-08-25 15:30:00-04:00,19.31999969482422,19.325000762939453,19.260000228881836,19.280000686645508,6733,0.0,0.0,0.0
2023-08-28 09:30:00-04:00,19.299999237060547,19.360000610351562,19.299999237060547,19.348800659179688,28904,0.0,0.0,0.0
2023-08-28 10:30:00-04:00,19.360000610351562,19.360000610351562,19.33009910583496,19.351299285888672,58630,0.0,0.0,0.0
2023-08-28 11:30:00-04:00,19.35140037536621,19.407800674438477,19.350000381469727,19.407800674438477,27370,0.0,0.0,0.0
2023-08-28 12:30:00-04:00,19.395000457763672,19.417400360107422,19.38010025024414,19.395000457763672,17024,0.0,0.0,0.0
2023-08-28 13:30:00-04:00,19.3799991607666,19.40999984741211,19.3700008392334,19.3700008392334,26813,0.0,0.0,0.0
2023-08-28 14:30:00-04:00,19.36009979248047,19.375,19.360000610351562,19.36009979248047,9816,0.0,0.0,0.0
2023-08-28 15:30:00-04:00,19.3700008392334,19.3799991607666,19.360000610351562,19.360000610351562,12021,0.0,0.0,0.0
2023-08-29 09:30:00-04:00,19.40999984741211,19.468700408935547,19.38990020751953,19.45989990234375,44040,0.0,0.0,0.0
2023-08-29 10:30:00-04:00,19.459999084472656,19.5,19.44729995727539,19.45989990234375,50092,0.0,0.0,0.0
2023-08-29 11:30:00-04:00,19.454999923706055,19.479999542236328,19.450000762939453,19.479999542236328,24932,0.0,0.0,0.0
2023-08-29 12:30:00-04:00,19.475000381469727,19.479999542236328,19.44890022277832,19.459999084472656,21057,0.0,0.0,0.0
2023-08-29 13:30:00-04:00,19.459999084472656,19.510000228881836,19.459999084472656,19.469999313354492,27917,0.0,0.0,0.0
2023-08-29 14:30:00-04:00,19.489999771118164,19.56999969482422,19.47010040283203,19.559999465942383,21801,0.0,0.0,0.0
2023-08-29 15:30:00-04:00,19.530000686645508,19.559999465942383,19.530000686645508,19.545000076293945,12939,0.0,0.0,0.0
2023-08-30 09:30:00-04:00,19.6200008392334,19.649999618530273,19.540000915527344,19.55500030517578,61824,0.0,0.0,0.0
2023-08-30 10:30:00-04:00,19.540000915527344,19.600000381469727,19.540000915527344,19.561100006103516,18989,0.0,0.0,0.0
2023-08-30 11:30:00-04:00,19.565000534057617,19.649999618530273,19.560100555419922,19.6299991607666,39900,0.0,0.0,0.0
2023-08-30 12:30:00-04:00,19.6299991607666,19.63990020751953,19.56999969482422,19.610000610351562,31976,0.0,0.0,0.0
2023-08-30 13:30:00-04:00,19.625,19.639999389648438,19.600000381469727,19.610000610351562,10268,0.0,0.0,0.0
2023-08-30 14:30:00-04:00,19.600099563598633,19.64940071105957,19.600000381469727,19.6200008392334,26708,0.0,0.0,0.0
2023-08-30 15:30:00-04:00,19.625,19.66990089416504,19.610000610351562,19.649999618530273,9152,0.0,0.0,0.0
2023-08-31 09:30:00-04:00,19.700000762939453,19.770000457763672,19.649999618530273,19.739999771118164,14511,0.0,0.0,0.0
2023-08-31 10:30:00-04:00,19.741100311279297,19.790000915527344,19.70009994506836,19.770000457763672,15583,0.0,0.0,0.0
2023-08-31 11:30:00-04:00,19.772199630737305,19.799999237060547,19.72480010986328,19.799999237060547,23759,0.0,0.0,0.0
2023-08-31 12:30:00-04:00,19.799999237060547,19.829999923706055,19.760000228881836,19.826099395751953,12995,0.0,0.0,0.0
2023-08-31 13:30:00-04:00,19.829999923706055,19.860000610351562,19.829200744628906,19.85110092163086,32267,0.0,0.0,0.0
2023-08-31 14:30:00-04:00,19.860000610351562,19.8700008392334,19.81999969482422,19.81999969482422,90865,0.0,0.0,0.0
2023-08-31 15:30:00-04:00,19.829999923706055,19.989999771118164,19.81999969482422,19.989999771118164,25174,0.0,0.0,0.0
2023-09-01 09:30:00-04:00,19.989999771118164,19.989999771118164,19.899999618530273,19.924999237060547,26575,0.0,0.0,0.0
2023-09-01 10:30:00-04:00,19.90999984741211,19.929899215698242,19.850000381469727,19.860000610351562,28272,0.0,0.0,0.0
2023-09-01 11:30:00-04:00,19.875,19.88990020751953,19.850000381469727,19.87150001525879,10382,0.0,0.0,0.0
2023-09-01 12:30:00-04:00,19.87820053100586,19.8799991607666,19.860000610351562,19.8700008392334,7648,0.0,0.0,0.0
2023-09-01 13:30:00-04:00,19.8617000579834,19.899999618530273,19.8617000579834,19.8799991607666,9624,0.0,0.0,0.0
2023-09-01 14:30:00-04:00,19.899900436401367,19.90999984741211,19.8799991607666,19.889999389648438,11353,0.0,0.0,0.0
2023-09-01 15:30:00-04:00,19.889999389648438,19.93000030517578,19.8799991607666,19.8799991607666,8978,0.0,0.0,0.0
2023-09-05 09:30:00-04:00,19.90999984741211,19.93000030517578,19.760000228881836,19.760000228881836,35593,0.0,0.0,0.0
2023-09-05 10:30:00-04:00,19.760099411010742,19.79990005493164,19.75,19.75,39400,0.0,0.0,0.0
2023-09-05 11:30:00-04:00,19.760000228881836,19.760000228881836,19.709999084472656,19.719999313354492,17462,0.0,0.0,0.0
2023-09-05 12:30:00-04:00,19.719999313354492,19.739999771118164,19.700000762939453,19.709999084472656,26827,0.0,0.0,0.0
2023-09-05 13:30:00-04:00,19.709999084472656,19.739999771118164,19.709999084472656,19.709999084472656,7465,0.0,0.0,0.0
2023-09-05 14:30:00-04:00,19.719999313354492,19.760000228881836,19.709999084472656,19.709999084472656,24665,0.0,0.0,0.0
2023-09-05 15:30:00-04:00,19.709999084472656,19.760000228881836,19.709999084472656,19.729999542236328,15583,0.0,0.0,0.0
2023-09-06 09:30:00-04:00,19.75,19.75,19.610000610351562,19.670000076293945,22907,0.0,0.0,0.0
2023-09-06 10:30:00-04:00,19.690000534057617,19.690000534057617,19.61050033569336,19.6200008392334,11869,0.0,0.0,0.0
2023-09-06 11:30:00-04:00,19.639999389648438,19.659900665283203,19.627700805664062,19.639999389648438,21917,0.0,0.0,0.0
2023-09-06 12:30:00-04:00,19.639999389648438,19.649999618530273,19.6299991607666,19.63010025024414,5504,0.0,0.0,0.0
2023-09-06 13:30:00-04:00,19.639999389648438,19.699899673461914,19.6299991607666,19.665000915527344,5809,0.0,0.0,0.0
2023-09-06 14:30:00-04:00,19.639999389648438,19.700000762939453,19.639999389648438,19.68000030517578,19770,0.0,0.0,0.0
2023-09-06 15:30:00-04:00,19.649999618530273,19.689899444580078,19.6299991607666,19.649999618530273,7290,0.0,0.0,0.0
2023-09-07 09:30:00-04:00,19.6299991607666,19.653400421142578,19.60409927368164,19.639999389648438,13784,0.0,0.0,0.0
2023-09-07 10:30:00-04:00,19.610000610351562,19.649999618530273,19.610000610351562,19.635000228881836,7374,0.0,0.0,0.0
2023-09-07 11:30:00-04:00,19.635000228881836,19.649999618530273,19.620100021362305,19.623699188232422,9927,0.0,0.0,0.0
2023-09-07 12:30:00-04:00,19.649999618530273,19.649999618530273,19.610000610351562,19.6200008392334,8411,0.0,0.0,0.0
2023-09-07 13:30:00-04:00,19.6299991607666,19.649999618530273,19.61199951171875,19.64310073852539,7864,0.0,0.0,0.0
2023-09-07 14:30:00-04:00,19.63279914855957,19.649999618530273,19.610000610351562,19.6299991607666,9755,0.0,0.0,0.0
2023-09-07 15:30:00-04:00,19.6200008392334,19.649900436401367,19.6200008392334,19.639999389648438,4807,0.0,0.0,0.0
2023-09-08 09:30:00-04:00,19.6299991607666,19.73870086669922,19.6200008392334,19.717100143432617,18083,0.0,0.0,0.0
2023-09-08 10:30:00-04:00,19.710399627685547,19.749900817871094,19.68000030517578,19.719999313354492,8387,0.0,0.0,0.0
2023-09-08 11:30:00-04:00,19.719999313354492,19.729999542236328,19.66010093688965,19.66010093688965,11052,0.0,0.0,0.0
2023-09-08 12:30:00-04:00,19.670499801635742,19.689599990844727,19.65999984741211,19.668899536132812,9336,0.0,0.0,0.0
2023-09-08 13:30:00-04:00,19.65999984741211,19.68000030517578,19.65169906616211,19.65169906616211,6503,0.0,0.0,0.0
2023-09-08 14:30:00-04:00,19.650100708007812,19.66699981689453,19.6299991607666,19.6299991607666,6504,0.0,0.0,0.0
2023-09-08 15:30:00-04:00,19.639999389648438,19.690000534057617,19.6299991607666,19.68000030517578,9784,0.0,0.0,0.0
2023-09-11 09:30:00-04:00,19.780000686645508,19.780000686645508,19.639999389648438,19.679399490356445,48722,0.0,0.0,0.0
2023-09-11 10:30:00-04:00,19.670000076293945,19.680500030517578,19.649999618530273,19.670000076293945,14739,0.0,0.0,0.0
2023-09-11 11:30:00-04:00,19.674999237060547,19.68000030517578,19.650100708007812,19.670000076293945,26756,0.0,0.0,0.0
2023-09-11 12:30:00-04:00,19.662500381469727,19.679899215698242,19.65999984741211,19.672500610351562,15322,0.0,0.0,0.0
2023-09-11 13:30:00-04:00,19.670000076293945,19.68000030517578,19.649999618530273,19.649999618530273,24464,0.0,0.0,0.0
2023-09-11 14:30:00-04:00,19.649999618530273,19.665000915527344,19.6200008392334,19.6200008392334,16738,0.0,0.0,0.0
2023-09-11 15:30:00-04:00,19.61009979248047,19.649999618530273,19.610000610351562,19.610000610351562,34562,0.0,0.0,0.0
2023-09-12 09:30:00-04:00,19.600000381469727,19.677200317382812,19.510000228881836,19.5226993560791,35664,0.0,0.0,0.0
2023-09-12 10:30:00-04:00,19.573400497436523,19.579999923706055,19.54010009765625,19.565000534057617,18970,0.0,0.0,0.0
2023-09-12 11:30:00-04:00,19.56999969482422,19.606000900268555,19.559999465942383,19.600000381469727,13875,0.0,0.0,0.0
2023-09-12 12:30:00-04:00,19.608999252319336,19.649999618530273,19.581300735473633,19.610000610351562,24928,0.0,0.0,0.0
2023-09-12 13:30:00-04:00,19.6299991607666,19.649999618530273,19.6200008392334,19.649999618530273,5325,0.0,0.0,0.0
2023-09-12 14:30:00-04:00,19.639999389648438,19.65999984741211,19.6299991607666,19.649999618530273,10637,0.0,0.0,0.0
2023-09-12 15:30:00-04:00,19.635000228881836,19.649999618530273,19.594999313354492,19.594999313354492,26190,0.0,0.0,0.0
2023-09-13 09:30:00-04:00,19.6200008392334,19.6200008392334,19.520000457763672,19.524999618530273,21920,0.0,0.0,0.0
2023-09-13 10:30:00-04:00,19.540000915527344,19.56999969482422,19.540000915527344,19.549999237060547,24706,0.0,0.0,0.0
2023-09-13 11:30:00-04:00,19.549999237060547,19.599899291992188,19.549999237060547,19.559999465942383,19617,0.0,0.0,0.0
2023-09-13 12:30:00-04:00,19.561899185180664,19.59000015258789,19.549999237060547,19.549999237060547,17302,0.0,0.0,0.0
2023-09-13 13:30:00-04:00,19.56999969482422,19.610000610351562,19.549999237060547,19.579999923706055,23457,0.0,0.0,0.0
2023-09-13 14:30:00-04:00,19.587799072265625,19.639999389648438,19.579999923706055,19.6299991607666,8152,0.0,0.0,0.0
2023-09-13 15:30:00-04:00,19.600000381469727,19.61989974975586,19.579999923706055,19.579999923706055,4320,0.0,0.0,0.0
2023-09-14 09:30:00-04:00,19.6200008392334,19.690000534057617,19.600000381469727,19.600000381469727,25551,0.0,0.0,0.0
2023-09-14 10:30:00-04:00,19.65570068359375,19.690000534057617,19.600099563598633,19.68899917602539,6538,0.0,0.0,0.0
2023-09-14 11:30:00-04:00,19.68000030517578,19.75,19.670000076293945,19.709999084472656,19589,0.0,0.0,0.0
2023-09-14 12:30:00-04:00,19.684999465942383,19.739999771118164,19.68000030517578,19.7189998626709,9172,0.0,0.0,0.0
2023-09-14 13:30:00-04:00,19.703899383544922,19.709999084472656,19.690099716186523,19.69499969482422,15954,0.0,0.0,0.0
2023-09-14 14:30:00-04:00,19.690000534057617,19.739999771118164,19.690000534057617,19.725000381469727,29930,0.0,0.0,0.0
2023-09-14 15:30:00-04:00,19.725000381469727,19.770000457763672,19.709999084472656,19.709999084472656,34792,0.0,0.0,0.0
2023-09-15 09:30:00-04:00,19.729999542236328,19.739999771118164,19.6200008392334,19.65999984741211,18430,0.0,0.0,0.0
2023-09-15 10:30:00-04:00,19.661699295043945,19.700000762939453,19.649999618530273,19.674999237060547,12807,0.0,0.0,0.0
2023-09-15 11:30:00-04:00,19.690000534057617,19.70989990234375,19.68000030517578,19.683399200439453,8391,0.0,0.0,0.0
2023-09-15 12:30:00-04:00,19.686100006103516,19.700000762939453,19.65999984741211,19.65999984741211,18068,0.0,0.0,0.0
2023-09-15 13:30:00-04:00,19.65999984741211,19.700000762939453,19.650100708007812,19.68000030517578,30551,0.0,0.0,0.0
2023-09-15 14:30:00-04:00,19.684999465942383,19.690000534057617,19.670000076293945,19.67569923400879,6059,0.0,0.0,0.0
2023-09-15 15:30:00-04:00,19.68000030517578,19.760000228881836,19.670000076293945,19.68000030517578,12188,0.0,0.0,0.0
2023-09-18 09:30:00-04:00,19.780000686645508,19.789899826049805,19.690000534057617,19.709999084472656,32056,0.0,0.0,0.0
2023-09-18 10:30:00-04:00,19.780000686645508,19.780000686645508,19.710500717163086,19.760000228881836,13499,0.0,0.0,0.0
2023-09-18 11:30:00-04:00,19.74530029296875,19.799999237060547,19.740100860595703,19.790000915527344,38123,0.0,0.0,0.0
2023-09-18 12:30:00-04:00,19.762500762939453,19.790000915527344,19.760099411010742,19.78230094909668,11730,0.0,0.0,0.0
2023-09-18 13:30:00-04:00,19.780000686645508,19.788999557495117,19.75,19.760000228881836,10006,0.0,0.0,0.0
2023-09-18 14:30:00-04:00,19.769899368286133,19.780000686645508,19.760000228881836,19.769899368286133,26739,0.0,0.0,0.0
2023-09-18 15:30:00-04:00,19.764999389648438,19.770000457763672,19.75,19.75,21556,0.0,0.0,0.0
2023-09-19 09:30:00-04:00,19.780000686645508,19.850000381469727,19.70009994506836,19.850000381469727,45185,0.0,0.0,0.0
2023-09-19 10:30:00-04:00,19.789899826049805,19.789899826049805,19.756000518798828,19.774999618530273,11334,0.0,0.0,0.0
2023-09-19 11:30:00-04:00,19.7726993560791,19.79990005493164,19.770000457763672,19.78499984741211,8622,0.0,0.0,0.0
2023-09-19 12:30:00-04:00,19.799999237060547,19.799999237060547,19.7632999420166,19.780000686645508,23974,0.0,0.0,0.0
2023-09-19 13:30:00-04:00,19.760000228881836,19.79990005493164,19.760000228881836,19.77739906311035,7177,0.0,0.0,0.0
2023-09-19 14:30:00-04:00,19.79990005493164,19.79990005493164,19.770000457763672,19.780000686645508,43495,0.0,0.0,0.0
2023-09-19 15:30:00-04:00,19.774999618530273,19.79800033569336,19.760000228881836,19.760000228881836,19361,0.0,0.0,0.0
2023-09-20 09:30:00-04:00,19.649999618530273,19.65839958190918,19.600000381469727,19.64430046081543,12219,0.0,0.0,0.0
2023-09-20 10:30:00-04:00,19.639999389648438,19.684999465942383,19.635000228881836,19.674999237060547,41427,0.0,0.0,0.0
2023-09-20 11:30:00-04:00,19.699899673461914,19.709400177001953,19.68000030517578,19.700000762939453,6263,0.0,0.0,0.0
2023-09-20 12:30:00-04:00,19.69499969482422,19.70989990234375,19.670000076293945,19.68000030517578,11966,0.0,0.0,0.0
2023-09-20 13:30:00-04:00,19.699899673461914,19.715299606323242,19.649999618530273,19.698400497436523,26784,0.0,0.0,0.0
2023-09-20 14:30:00-04:00,19.709299087524414,19.719900131225586,19.65999984741211,19.65999984741211,38394,0.0,0.0,0.0
2023-09-20 15:30:00-04:00,19.66010093688965,19.66990089416504,19.610000610351562,19.6200008392334,42736,0.0,0.0,0.0
2023-09-21 09:30:00-04:00,19.510000228881836,19.513399124145508,19.209999084472656,19.339500427246094,77882,0.0,0.0,0.0
2023-09-21 10:30:00-04:00,19.325000762939453,19.42449951171875,19.300100326538086,19.31999969482422,11957,0.0,0.0,0.0
2023-09-21 11:30:00-04:00,19.325000762939453,19.349899291992188,19.299999237060547,19.309999465942383,9930,0.0,0.0,0.0
2023-09-21 12:30:00-04:00,19.299999237060547,19.34000015258789,19.29010009765625,19.34000015258789,16934,0.0,0.0,0.0
2023-09-21 13:30:00-04:00,19.34000015258789,19.360000610351562,19.280099868774414,19.280099868774414,9259,0.0,0.0,0.0
2023-09-21 14:30:00-04:00,19.309999465942383,19.399999618530273,19.280000686645508,19.28019905090332,20403,0.0,0.0,0.0
2023-09-21 15:30:00-04:00,19.280500411987305,19.31999969482422,19.219999313354492,19.219999313354492,22665,0.0,0.0,0.0
2023-09-22 09:30:00-04:00,19.229999542236328,19.539899826049805,19.100000381469727,19.190000534057617,47739,0.0,0.0,0.0
2023-09-22 10:30:00-04:00,19.209999084472656,19.280000686645508,19.19339942932129,19.239999771118164,24439,0.0,0.0,0.0
2023-09-22 11:30:00-04:00,19.235000610351562,19.360000610351562,19.235000610351562,19.329999923706055,8701,0.0,0.0,0.0
2023-09-22 12:30:00-04:00,19.313400268554688,19.329999923706055,19.299999237060547,19.3031005859375,13953,0.0,0.0,0.0
2023-09-22 13:30:00-04:00,19.316299438476562,19.327199935913086,19.239999771118164,19.299999237060547,5849,0.0,0.0,0.0
2023-09-22 14:30:00-04:00,19.299999237060547,19.329999923706055,19.256000518798828,19.280000686645508,34784,0.0,0.0,0.0
2023-09-22 15:30:00-04:00,19.299999237060547,19.342599868774414,19.149999618530273,19.149999618530273,19955,0.0,0.0,0.0
2023-09-25 09:30:00-04:00,19.209999084472656,19.209999084472656,19.110000610351562,19.16990089416504,36747,0.0,0.0,0.0
2023-09-25 10:30:00-04:00,19.157699584960938,19.190000534057617,19.139999389648438,19.17169952392578,17579,0.0,0.0,0.0
2023-09-25 11:30:00-04:00,19.18000030517578,19.190000534057617,19.15999984741211,19.188400268554688,20693,0.0,0.0,0.0
2023-09-25 12:30:00-04:00,19.181400299072266,19.198400497436523,19.170000076293945,19.170000076293945,12007,0.0,0.0,0.0
2023-09-25 13:30:00-04:00,19.18000030517578,19.200000762939453,19.174999237060547,19.18000030517578,17094,0.0,0.0,0.0
2023-09-25 14:30:00-04:00,19.172500610351562,19.190000534057617,19.15999984741211,19.170000076293945,13522,0.0,0.0,0.0
2023-09-25 15:30:00-04:00,19.15999984741211,19.19700050354004,19.15999984741211,19.170000076293945,16844,0.0,0.0,0.0
2023-09-26 09:30:00-04:00,19.200000762939453,19.309999465942383,19.139999389648438,19.198400497436523,26700,0.0,0.0,0.0
2023-09-26 10:30:00-04:00,19.20009994506836,19.229999542236328,19.18000030517578,19.18000030517578,15386,0.0,0.0,0.0
2023-09-26 11:30:00-04:00,19.184999465942383,19.199899673461914,19.139999389648438,19.199899673461914,26647,0.0,0.0,0.0
2023-09-26 12:30:00-04:00,19.18280029296875,19.209999084472656,19.139999389648438,19.145000457763672,13827,0.0,0.0,0.0
2023-09-26 13:30:00-04:00,19.158700942993164,19.15999984741211,19.100000381469727,19.100000381469727,21484,0.0,0.0,0.0
2023-09-26 14:30:00-04:00,19.100000381469727,19.100000381469727,19.049999237060547,19.059999465942383,27293,0.0,0.0,0.0
2023-09-26 15:30:00-04:00,19.05270004272461,19.059999465942383,19.049999237060547,19.049999237060547,14031,0.0,0.0,0.0
2023-09-27 09:30:00-04:00,19.190000534057617,19.190000534057617,19.059999465942383,19.100000381469727,21632,0.0,0.0,0.0
2023-09-27 10:30:00-04:00,19.100000381469727,19.149999618530273,19.049999237060547,19.049999237060547,15067,0.0,0.0,0.0
2023-09-27 11:30:00-04:00,19.05500030517578,19.059799194335938,19.0,19.0,27207,0.0,0.0,0.0
2023-09-27 12:30:00-04:00,19.020000457763672,19.059900283813477,18.950000762939453,18.969999313354492,22670,0.0,0.0,0.0
2023-09-27 13:30:00-04:00,18.969999313354492,18.969999313354492,18.91010093688965,18.940000534057617,12790,0.0,0.0,0.0
2023-09-27 14:30:00-04:00,18.965999603271484,18.989999771118164,18.917299270629883,18.959999084472656,13611,0.0,0.0,0.0
2023-09-27 15:30:00-04:00,18.954999923706055,19.040000915527344,18.950000762939453,19.040000915527344,14694,0.0,0.0,0.0
2023-09-28 09:30:00-04:00,19.020000457763672,19.149999618530273,18.950000762939453,19.059999465942383,34731,0.0,0.0,0.0
2023-09-28 10:30:00-04:00,19.088600158691406,19.09000015258789,19.040000915527344,19.0674991607666,21156,0.0,0.0,0.0
2023-09-28 11:30:00-04:00,19.079999923706055,19.1299991607666,19.079999923706055,19.1200008392334,25775,0.0,0.0,0.0
2023-09-28 12:30:00-04:00,19.100000381469727,19.12969970703125,19.059999465942383,19.065099716186523,22170,0.0,0.0,0.0
2023-09-28 13:30:00-04:00,19.084999084472656,19.1200008392334,19.075000762939453,19.1200008392334,13763,0.0,0.0,0.0
2023-09-28 14:30:00-04:00,19.13990020751953,19.18000030517578,19.114999771118164,19.18000030517578,9361,0.0,0.0,0.0
2023-09-28 15:30:00-04:00,19.14579963684082,19.229999542236328,19.125,19.209999084472656,12554,0.0,0.0,0.0
2023-09-29 09:30:00-04:00,19.360000610351562,19.489999771118164,19.231399536132812,19.290000915527344,43132,0.0,0.0,0.0
2023-09-29 10:30:00-04:00,19.329299926757812,19.40999984741211,19.300100326538086,19.329999923706055,7876,0.0,0.0,0.0
2023-09-29 11:30:00-04:00,19.299999237060547,19.34709930419922,19.299999237060547,19.300100326538086,24419,0.0,0.0,0.0
2023-09-29 12:30:00-04:00,19.329999923706055,19.359899520874023,19.270099639892578,19.309900283813477,20048,0.0,0.0,0.0
2023-09-29 13:30:00-04:00,19.299100875854492,19.31999969482422,19.260099411010742,19.270000457763672,28667,0.0,0.0,0.0
2023-09-29 14:30:00-04:00,19.297000885009766,19.329999923706055,19.280099868774414,19.315000534057617,12063,0.0,0.0,0.0
2023-09-29 15:30:00-04:00,19.315000534057617,19.31999969482422,19.290000915527344,19.309999465942383,17275,0.0,0.0,0.0
2023-10-02 09:30:00-04:00,19.290000915527344,19.290000915527344,19.079999923706055,19.099899291992188,58185,0.0,0.0,0.0
2023-10-02 10:30:00-04:00,19.079999923706055,19.170000076293945,19.070100784301758,19.09000015258789,35406,0.0,0.0,0.0
2023-10-02 11:30:00-04:00,19.108800888061523,19.129899978637695,19.079999923706055,19.11750030517578,27101,0.0,0.0,0.0
2023-10-02 12:30:00-04:00,19.129899978637695,19.129899978637695,19.079999923706055,19.106000900268555,39590,0.0,0.0,0.0
2023-10-02 13:30:00-04:00,19.100000381469727,19.138999938964844,19.09000015258789,19.09000015258789,35082,0.0,0.0,0.0
2023-10-02 14:30:00-04:00,19.09000015258789,19.110000610351562,19.06999969482422,19.07990074157715,19943,0.0,0.0,0.0
2023-10-02 15:30:00-04:00,19.06999969482422,19.103500366210938,19.030000686645508,19.030000686645508,29886,0.0,0.0,0.0
2023-10-03 09:30:00-04:00,19.010000228881836,19.110000610351562,18.6299991607666,18.700000762939453,87547,0.0,0.0,0.0
2023-10-03 10:30:00-04:00,18.68000030517578,18.709999084472656,18.559999465942383,18.56049919128418,43262,0.0,0.0,0.0
2023-10-03 11:30:00-04:00,18.56999969482422,18.64620018005371,18.549999237060547,18.61910057067871,29306,0.0,0.0,0.0
2023-10-03 12:30:00-04:00,18.6200008392334,18.639999389648438,18.594999313354492,18.594999313354492,17891,0.0,0.0,0.0
2023-10-03 13:30:00-04:00,18.59939956665039,18.600000381469727,18.520000457763672,18.55500030517578,13808,0.0,0.0,0.0
2023-10-03 14:30:00-04:00,18.55500030517578,18.625200271606445,18.548200607299805,18.58930015563965,19423,0.0,0.0,0.0
2023-10-03 15:30:00-04:00,18.592899322509766,18.600000381469727,18.579999923706055,18.59000015258789,30406,0.0,0.0,0.0
2023-10-04 09:30:00-04:00,18.600000381469727,18.690000534057617,18.559999465942383,18.56999969482422,26467,0.0,0.0,0.0
2023-10-04 10:30:00-04:00,18.555200576782227,18.649499893188477,18.550100326538086,18.649499893188477,24245,0.0,0.0,0.0
2023-10-04 11:30:00-04:00,18.625,18.649999618530273,18.600000381469727,18.635099411010742,30406,0.0,0.0,0.0
2023-10-04 12:30:00-04:00,18.6200008392334,18.649999618530273,18.520000457763672,18.520000457763672,26253,0.0,0.0,0.0
2023-10-04 13:30:00-04:00,18.559999465942383,18.610000610351562,18.5,18.507999420166016,20818,0.0,0.0,0.0
2023-10-04 14:30:00-04:00,18.559999465942383,18.600000381469727,18.520000457763672,18.56999969482422,13148,0.0,0.0,0.0
2023-10-04 15:30:00-04:00,18.560100555419922,18.6299991607666,18.560100555419922,18.600000381469727,12478,0.0,0.0,0.0
2023-10-05 09:30:00-04:00,18.530000686645508,18.61989974975586,18.510000228881836,18.531600952148438,23667,0.0,0.0,0.0
2023-10-05 10:30:00-04:00,18.559999465942383,18.579999923706055,18.530000686645508,18.579700469970703,18551,0.0,0.0,0.0
2023-10-05 11:30:00-04:00,18.540000915527344,18.549999237060547,18.510000228881836,18.549999237060547,2714,0.0,0.0,0.0
2023-10-05 12:30:00-04:00,18.565799713134766,18.56999969482422,18.510000228881836,18.510499954223633,12411,0.0,0.0,0.0
2023-10-05 13:30:00-04:00,18.5132999420166,18.549999237060547,18.510099411010742,18.54990005493164,9252,0.0,0.0,0.0
2023-10-05 14:30:00-04:00,18.54990005493164,18.56999969482422,18.5,18.549999237060547,24539,0.0,0.0,0.0
2023-10-05 15:30:00-04:00,18.53499984741211,18.56999969482422,18.53499984741211,18.559999465942383,10195,0.0,0.0,0.0
2023-10-06 09:30:00-04:00,18.5,18.540000915527344,18.329999923706055,18.42490005493164,44378,0.0,0.0,0.0
2023-10-06 10:30:00-04:00,18.434999465942383,18.510000228881836,18.42009925842285,18.510000228881836,20218,0.0,0.0,0.0
2023-10-06 11:30:00-04:00,18.520000457763672,18.600000381469727,18.500099182128906,18.559999465942383,11841,0.0,0.0,0.0
2023-10-06 12:30:00-04:00,18.57990074157715,18.57990074157715,18.520000457763672,18.549999237060547,11711,0.0,0.0,0.0
2023-10-06 13:30:00-04:00,18.549999237060547,18.56999969482422,18.520000457763672,18.540000915527344,6228,0.0,0.0,0.0
2023-10-06 14:30:00-04:00,18.549999237060547,18.599000930786133,18.479999542236328,18.599000930786133,25234,0.0,0.0,0.0
2023-10-06 15:30:00-04:00,18.5939998626709,18.5939998626709,18.530000686645508,18.559999465942383,8787,0.0,0.0,0.0
2023-10-09 09:30:00-04:00,18.56999969482422,18.579999923706055,18.4950008392334,18.540000915527344,14573,0.0,0.0,0.0
2023-10-09 10:30:00-04:00,18.540000915527344,18.639999389648438,18.520099639892578,18.639999389648438,28776,0.0,0.0,0.0
2023-10-09 11:30:00-04:00,18.6200008392334,18.700000762939453,18.600000381469727,18.639999389648438,23418,0.0,0.0,0.0
2023-10-09 12:30:00-04:00,18.63479995727539,18.63479995727539,18.579999923706055,18.59000015258789,19737,0.0,0.0,0.0
2023-10-09 13:30:00-04:00,18.610000610351562,18.697500228881836,18.60930061340332,18.65999984741211,9651,0.0,0.0,0.0
2023-10-09 14:30:00-04:00,18.670000076293945,18.705900192260742,18.63010025024414,18.670000076293945,18161,0.0,0.0,0.0
2023-10-09 15:30:00-04:00,18.670000076293945,18.700000762939453,18.649999618530273,18.65999984741211,17371,0.0,0.0,0.0
2023-10-10 09:30:00-04:00,18.6200008392334,18.71660041809082,18.540000915527344,18.709999084472656,20779,0.0,0.0,0.0
2023-10-10 10:30:00-04:00,18.719999313354492,18.760000228881836,18.639999389648438,18.725000381469727,148477,0.0,0.0,0.0
2023-10-10 11:30:00-04:00,18.729999542236328,18.75,18.710100173950195,18.739999771118164,24199,0.0,0.0,0.0
2023-10-10 12:30:00-04:00,18.73870086669922,18.768999099731445,18.68079948425293,18.729900360107422,8535,0.0,0.0,0.0
2023-10-10 13:30:00-04:00,18.69059944152832,18.729999542236328,18.66790008544922,18.66790008544922,24390,0.0,0.0,0.0
2023-10-10 14:30:00-04:00,18.689699172973633,18.75,18.670000076293945,18.75,35007,0.0,0.0,0.0
2023-10-10 15:30:00-04:00,18.748300552368164,18.75,18.709999084472656,18.739999771118164,13046,0.0,0.0,0.0
2023-10-11 09:30:00-04:00,18.829999923706055,18.860000610351562,18.780000686645508,18.809999465942383,21743,0.0,0.0,0.0
2023-10-11 10:30:00-04:00,18.815000534057617,18.850000381469727,18.780000686645508,18.821399688720703,27436,0.0,0.0,0.0
2023-10-11 11:30:00-04:00,18.834999084472656,18.859899520874023,18.81999969482422,18.850000381469727,7663,0.0,0.0,0.0
2023-10-11 12:30:00-04:00,18.829999923706055,18.860000610351562,18.780000686645508,18.790000915527344,74236,0.0,0.0,0.0
2023-10-11 13:30:00-04:00,18.799999237060547,18.844999313354492,18.789400100708008,18.84000015258789,10588,0.0,0.0,0.0
2023-10-11 14:30:00-04:00,18.84000015258789,18.860000610351562,18.790000915527344,18.860000610351562,18873,0.0,0.0,0.0
2023-10-11 15:30:00-04:00,18.858999252319336,18.899999618530273,18.809999465942383,18.899999618530273,21617,0.0,0.0,0.0
2023-10-12 09:30:00-04:00,18.899999618530273,18.909900665283203,18.799999237060547,18.909900665283203,21737,0.0,0.0,0.0
2023-10-12 10:30:00-04:00,18.860000610351562,18.899999618530273,18.809999465942383,18.844999313354492,11543,0.0,0.0,0.0
2023-10-12 11:30:00-04:00,18.860000610351562,18.860000610351562,18.829999923706055,18.840099334716797,22845,0.0,0.0,0.0
2023-10-12 12:30:00-04:00,18.850000381469727,18.85110092163086,18.790000915527344,18.84000015258789,14423,0.0,0.0,0.0
2023-10-12 13:30:00-04:00,18.859899520874023,18.859899520874023,18.719999313354492,18.760000228881836,11569,0.0,0.0,0.0
2023-10-12 14:30:00-04:00,18.75,18.769899368286133,18.72089958190918,18.7450008392334,23528,0.0,0.0,0.0
2023-10-12 15:30:00-04:00,18.770000457763672,18.829999923706055,18.75,18.75,8491,0.0,0.0,0.0
2023-10-13 09:30:00-04:00,18.790000915527344,18.85919952392578,18.760099411010742,18.799999237060547,15637,0.0,0.0,0.0
2023-10-13 10:30:00-04:00,18.795000076293945,18.820499420166016,18.760000228881836,18.805599212646484,20205,0.0,0.0,0.0
2023-10-13 11:30:00-04:00,18.790000915527344,18.808300018310547,18.75,18.770299911499023,3980,0.0,0.0,0.0
2023-10-13 12:30:00-04:00,18.790000915527344,18.790000915527344,18.610000610351562,18.672500610351562,6711,0.0,0.0,0.0
2023-10-13 13:30:00-04:00,18.684999465942383,18.700000762939453,18.649999618530273,18.700000762939453,11977,0.0,0.0,0.0
2023-10-13 14:30:00-04:00,18.649999618530273,18.75,18.649999618530273,18.700000762939453,9709,0.0,0.0,0.0
2023-10-13 15:30:00-04:00,18.685699462890625,18.75,18.685699462890625,18.739999771118164,6277,0.0,0.0,0.0
2023-10-16 09:30:00-04:00,18.68000030517578,18.730199813842773,18.610000610351562,18.67009925842285,37983,0.0,0.0,0.0
2023-10-16 10:30:00-04:00,18.690000534057617,18.736499786376953,18.670000076293945,18.736499786376953,18366,0.0,0.0,0.0
2023-10-16 11:30:00-04:00,18.72089958190918,18.739999771118164,18.700000762939453,18.73240089416504,18088,0.0,0.0,0.0
2023-10-16 12:30:00-04:00,18.71030044555664,18.739099502563477,18.690000534057617,18.7091007232666,12328,0.0,0.0,0.0
2023-10-16 13:30:00-04:00,18.684999465942383,18.731800079345703,18.672500610351562,18.731800079345703,6927,0.0,0.0,0.0
2023-10-16 14:30:00-04:00,18.690500259399414,18.74679946899414,18.690000534057617,18.74679946899414,12035,0.0,0.0,0.0
2023-10-16 15:30:00-04:00,18.734100341796875,18.77899932861328,18.700000762939453,18.75,4294,0.0,0.0,0.0
2023-10-17 09:30:00-04:00,18.690000534057617,18.709999084472656,18.600000381469727,18.6200008392334,38280,0.0,0.0,0.0
2023-10-17 10:30:00-04:00,18.695499420166016,18.70989990234375,18.6299991607666,18.674999237060547,18706,0.0,0.0,0.0
2023-10-17 11:30:00-04:00,18.680099487304688,18.729999542236328,18.63050079345703,18.690000534057617,5961,0.0,0.0,0.0
2023-10-17 12:30:00-04:00,18.690000534057617,18.739999771118164,18.639999389648438,18.649999618530273,23532,0.0,0.0,0.0
2023-10-17 13:30:00-04:00,18.642000198364258,18.695999145507812,18.600000381469727,18.649999618530273,17700,0.0,0.0,0.0
2023-10-17 14:30:00-04:00,18.590099334716797,18.649999618530273,18.590099334716797,18.600000381469727,12142,0.0,0.0,0.0
2023-10-17 15:30:00-04:00,18.600000381469727,18.649999618530273,18.559999465942383,18.6200008392334,10856,0.0,0.0,0.0
2023-10-18 09:30:00-04:00,18.459999084472656,18.6299991607666,18.459999084472656,18.575000762939453,110299,0.0,0.0,0.0
2023-10-18 10:30:00-04:00,18.550100326538086,18.600000381469727,18.530000686645508,18.549999237060547,42900,0.0,0.0,0.0
2023-10-18 11:30:00-04:00,18.549999237060547,18.549999237060547,18.520000457763672,18.520000457763672,6732,0.0,0.0,0.0
2023-10-18 12:30:00-04:00,18.520000457763672,18.56999969482422,18.520000457763672,18.549999237060547,5262,0.0,0.0,0.0
2023-10-18 13:30:00-04:00,18.523700714111328,18.58989906311035,18.510000228881836,18.559999465942383,11487,0.0,0.0,0.0
2023-10-18 14:30:00-04:00,18.559999465942383,18.599899291992188,18.490100860595703,18.490100860595703,12077,0.0,0.0,0.0
2023-10-18 15:30:00-04:00,18.510000228881836,18.540000915527344,18.489999771118164,18.520000457763672,12812,0.0,0.0,0.0
2023-10-19 09:30:00-04:00,18.549999237060547,18.739999771118164,18.460100173950195,18.545000076293945,19930,0.0,0.0,0.0
2023-10-19 10:30:00-04:00,18.510000228881836,18.569900512695312,18.450000762939453,18.489999771118164,9488,0.0,0.0,0.0
2023-10-19 11:30:00-04:00,18.489999771118164,18.535200119018555,18.469999313354492,18.489999771118164,60189,0.0,0.0,0.0
2023-10-19 12:30:00-04:00,18.459999084472656,18.553499221801758,18.440000534057617,18.450000762939453,8900,0.0,0.0,0.0
2023-10-19 13:30:00-04:00,18.53030014038086,18.53030014038086,18.45009994506836,18.456100463867188,9185,0.0,0.0,0.0
2023-10-19 14:30:00-04:00,18.450000762939453,18.450000762939453,18.350000381469727,18.429899215698242,18247,0.0,0.0,0.0
2023-10-19 15:30:00-04:00,18.399999618530273,18.399999618530273,18.30900001525879,18.309999465942383,17197,0.0,0.0,0.0
2023-10-20 09:30:00-04:00,18.149999618530273,18.200000762939453,18.040000915527344,18.079999923706055,46697,0.0,0.0,0.0
2023-10-20 10:30:00-04:00,18.094100952148438,18.127099990844727,18.049999237060547,18.121700286865234,27093,0.0,0.0,0.0
2023-10-20 11:30:00-04:00,18.104999542236328,18.15999984741211,18.100000381469727,18.135000228881836,19693,0.0,0.0,0.0
2023-10-20 12:30:00-04:00,18.145000457763672,18.200000762939453,18.145000457763672,18.189899444580078,12008,0.0,0.0,0.0
2023-10-20 13:30:00-04:00,18.16010093688965,18.183500289916992,18.140100479125977,18.183500289916992,6324,0.0,0.0,0.0
2023-10-20 14:30:00-04:00,18.199899673461914,18.199899673461914,18.149999618530273,18.165000915527344,8661,0.0,0.0,0.0
2023-10-20 15:30:00-04:00,18.165300369262695,18.200000762939453,18.15999984741211,18.15999984741211,15223,0.0,0.0,0.0
2023-10-23 09:30:00-04:00,18.149999618530273,18.200000762939453,18.09000015258789,18.170000076293945,53841,0.0,0.0,0.0
2023-10-23 10:30:00-04:00,18.10770034790039,18.190000534057617,18.100000381469727,18.1427001953125,11900,0.0,0.0,0.0
2023-10-23 11:30:00-04:00,18.148000717163086,18.18000030517578,18.09000015258789,18.132200241088867,25733,0.0,0.0,0.0
2023-10-23 12:30:00-04:00,18.102699279785156,18.16990089416504,18.100000381469727,18.152099609375,12509,0.0,0.0,0.0
2023-10-23 13:30:00-04:00,18.1299991607666,18.170000076293945,18.1200008392334,18.133499145507812,14062,0.0,0.0,0.0
2023-10-23 14:30:00-04:00,18.1299991607666,18.149999618530273,18.1200008392334,18.1200008392334,8820,0.0,0.0,0.0
2023-10-23 15:30:00-04:00,18.1200008392334,18.17060089111328,18.1200008392334,18.140100479125977,12062,0.0,0.0,0.0
2023-10-24 09:30:00-04:00,18.170000076293945,18.221500396728516,18.139999389648438,18.19499969482422,8890,0.0,0.0,0.0
2023-10-24 10:30:00-04:00,18.178800582885742,18.219999313354492,18.170499801635742,18.209400177001953,13063,0.0,0.0,0.0
2023-10-24 11:30:00-04:00,18.200000762939453,18.29990005493164,18.190000534057617,18.288999557495117,21088,0.0,0.0,0.0
2023-10-24 12:30:00-04:00,18.290000915527344,18.290000915527344,18.200000762939453,18.213699340820312,6931,0.0,0.0,0.0
2023-10-24 13:30:00-04:00,18.20870018005371,18.25029945373535,18.170000076293945,18.25029945373535,11237,0.0,0.0,0.0
2023-10-24 14:30:00-04:00,18.229999542236328,18.270000457763672,18.220199584960938,18.220199584960938,17494,0.0,0.0,0.0
2023-10-24 15:30:00-04:00,18.260000228881836,18.309099197387695,18.260000228881836,18.299999237060547,17322,0.0,0.0,0.0
2023-10-25 09:30:00-04:00,18.360000610351562,18.360000610351562,18.239999771118164,18.239999771118164,45032,0.0,0.0,0.0
2023-10-25 10:30:00-04:00,18.29990005493164,18.329999923706055,18.209999084472656,18.31999969482422,29103,0.0,0.0,0.0
2023-10-25 11:30:00-04:00,18.260000228881836,18.309999465942383,18.209999084472656,18.209999084472656,17292,0.0,0.0,0.0
2023-10-25 12:30:00-04:00,18.229999542236328,18.269399642944336,18.139999389648438,18.15999984741211,54713,0.0,0.0,0.0
2023-10-25 13:30:00-04:00,18.18000030517578,18.219999313354492,18.1299991607666,18.15999984741211,17330,0.0,0.0,0.0
2023-10-25 14:30:00-04:00,18.18000030517578,18.200000762939453,18.149999618530273,18.181400299072266,9753,0.0,0.0,0.0
2023-10-25 15:30:00-04:00,18.189899444580078,18.200000762939453,18.149999618530273,18.170000076293945,9610,0.0,0.0,0.0
2023-10-26 09:30:00-04:00,18.219999313354492,18.25,18.149999618530273,18.21500015258789,19939,0.0,0.0,0.0
2023-10-26 10:30:00-04:00,18.21500015258789,18.269899368286133,18.190000534057617,18.235000610351562,16497,0.0,0.0,0.0
2023-10-26 11:30:00-04:00,18.235000610351562,18.270000457763672,18.18000030517578,18.198999404907227,16965,0.0,0.0,0.0
2023-10-26 12:30:00-04:00,18.200000762939453,18.219999313354492,18.150100708007812,18.170000076293945,10874,0.0,0.0,0.0
2023-10-26 13:30:00-04:00,18.170000076293945,18.200000762939453,18.1299991607666,18.18000030517578,10103,0.0,0.0,0.0
2023-10-26 14:30:00-04:00,18.149999618530273,18.219999313354492,18.149999618530273,18.219999313354492,12243,0.0,0.0,0.0
2023-10-26 15:30:00-04:00,18.15999984741211,18.200000762939453,18.110000610351562,18.110000610351562,42134,0.0,0.0,0.0
2023-10-27 09:30:00-04:00,18.229999542236328,18.229999542236328,18.100000381469727,18.124000549316406,16260,0.0,0.0,0.0
2023-10-27 10:30:00-04:00,18.139999389648438,18.15999984741211,18.110000610351562,18.150400161743164,13229,0.0,0.0,0.0
2023-10-27 11:30:00-04:00,18.1299991607666,18.1299991607666,18.09000015258789,18.09000015258789,13508,0.0,0.0,0.0
2023-10-27 12:30:00-04:00,18.09000015258789,18.104999542236328,18.0,18.049999237060547,18494,0.0,0.0,0.0
2023-10-27 13:30:00-04:00,18.017099380493164,18.049999237060547,17.958999633789062,18.0,24490,0.0,0.0,0.0
2023-10-27 14:30:00-04:00,18.010000228881836,18.020000457763672,17.969999313354492,17.995800018310547,21545,0.0,0.0,0.0
2023-10-27 15:30:00-04:00,17.989999771118164,18.0,17.969999313354492,18.0,8529,0.0,0.0,0.0
2023-10-30 09:30:00-04:00,18.049999237060547,18.079999923706055,17.979999542236328,18.030000686645508,30692,0.0,0.0,0.0
2023-10-30 10:30:00-04:00,18.030000686645508,18.040000915527344,18.003799438476562,18.020000457763672,14237,0.0,0.0,0.0
2023-10-30 11:30:00-04:00,18.020000457763672,18.04990005493164,18.010099411010742,18.04990005493164,33039,0.0,0.0,0.0
2023-10-30 12:30:00-04:00,18.03499984741211,18.039899826049805,18.010000228881836,18.039899826049805,9296,0.0,0.0,0.0
2023-10-30 13:30:00-04:00,18.030000686645508,18.040000915527344,18.0,18.010000228881836,32027,0.0,0.0,0.0
2023-10-30 14:30:00-04:00,18.020000457763672,18.040000915527344,18.010000228881836,18.016000747680664,11435,0.0,0.0,0.0
2023-10-30 15:30:00-04:00,18.030000686645508,18.040000915527344,18.024999618530273,18.030000686645508,6536,0.0,0.0,0.0
2023-10-31 09:30:00-04:00,18.020000457763672,18.329999923706055,18.020000457763672,18.1200008392334,46829,0.0,0.0,0.0
2023-10-31 10:30:00-04:00,18.1299991607666,18.179899215698242,18.1200008392334,18.149900436401367,18124,0.0,0.0,0.0
2023-10-31 11:30:00-04:00,18.149900436401367,18.161399841308594,18.1018009185791,18.1200008392334,9043,0.0,0.0,0.0
2023-10-31 12:30:00-04:00,18.1200008392334,18.139999389648438,18.100000381469727,18.11720085144043,14795,0.0,0.0,0.0
2023-10-31 13:30:00-04:00,18.13010025024414,18.18000030517578,18.1200008392334,18.170000076293945,6800,0.0,0.0,0.0
2023-10-31 14:30:00-04:00,18.155000686645508,18.18000030517578,18.13949966430664,18.15760040283203,15885,0.0,0.0,0.0
2023-10-31 15:30:00-04:00,18.18000030517578,18.309999465942383,18.16990089416504,18.299999237060547,11404,0.0,0.0,0.0
2023-11-01 09:30:00-04:00,18.299999237060547,18.530000686645508,18.270000457763672,18.52910041809082,26156,0.0,0.0,0.0
2023-11-01 10:30:00-04:00,18.52989959716797,18.56999969482422,18.450000762939453,18.546100616455078,13550,0.0,0.0,0.0
2023-11-01 11:30:00-04:00,18.543100357055664,18.549999237060547,18.505399703979492,18.52869987487793,11238,0.0,0.0,0.0
2023-11-01 12:30:00-04:00,18.5585994720459,18.5585994720459,18.530000686645508,18.540000915527344,3443,0.0,0.0,0.0
2023-11-01 13:30:00-04:00,18.559900283813477,18.56559944152832,18.520000457763672,18.559999465942383,7901,0.0,0.0,0.0
2023-11-01 14:30:00-04:00,18.545000076293945,18.59000015258789,18.540000915527344,18.565000534057617,14840,0.0,0.0,0.0
2023-11-01 15:30:00-04:00,18.57659912109375,18.670000076293945,18.530000686645508,18.639999389648438,8423,0.0,0.0,0.0
2023-11-02 09:30:00-04:00,18.780000686645508,18.959999084472656,18.710100173950195,18.899999618530273,49571,0.0,0.0,0.0
2023-11-02 10:30:00-04:00,18.940000534057617,19.0,18.899999618530273,18.920000076293945,20744,0.0,0.0,0.0
2023-11-02 11:30:00-04:00,18.979900360107422,18.979999542236328,18.874099731445312,18.88010025024414,21626,0.0,0.0,0.0
2023-11-02 12:30:00-04:00,18.8799991607666,18.940000534057617,18.8799991607666,18.90999984741211,23651,0.0,0.0,0.0
2023-11-02 13:30:00-04:00,18.920000076293945,18.950000762939453,18.899999618530273,18.940000534057617,13877,0.0,0.0,0.0
2023-11-02 14:30:00-04:00,18.954099655151367,18.969999313354492,18.90999984741211,18.969999313354492,11969,0.0,0.0,0.0
2023-11-02 15:30:00-04:00,18.934999465942383,18.979999542236328,18.916500091552734,18.920000076293945,9740,0.0,0.0,0.0
2023-11-03 09:30:00-04:00,19.040000915527344,19.163700103759766,19.040000915527344,19.08009910583496,46266,0.0,0.0,0.0
2023-11-03 10:30:00-04:00,19.09000015258789,19.139999389648438,19.04010009765625,19.118499755859375,24333,0.0,0.0,0.0
2023-11-03 11:30:00-04:00,19.1200008392334,19.219999313354492,19.11989974975586,19.219999313354492,17464,0.0,0.0,0.0
2023-11-03 12:30:00-04:00,19.219999313354492,19.269899368286133,19.212799072265625,19.257999420166016,31305,0.0,0.0,0.0
2023-11-03 13:30:00-04:00,19.239999771118164,19.270000457763672,19.21660041809082,19.270000457763672,10141,0.0,0.0,0.0
2023-11-03 14:30:00-04:00,19.252500534057617,19.360000610351562,19.252500534057617,19.29439926147461,18531,0.0,0.0,0.0
2023-11-03 15:30:00-04:00,19.290000915527344,19.329999923706055,19.2544002532959,19.31999969482422,25849,0.0,0.0,0.0
2023-11-06 09:30:00-05:00,19.34000015258789,19.359899520874023,19.209999084472656,19.22010040283203,33309,0.0,0.0,0.0
2023-11-06 10:30:00-05:00,19.239999771118164,19.289899826049805,19.209999084472656,19.280000686645508,18561,0.0,0.0,0.0
2023-11-06 11:30:00-05:00,19.266300201416016,19.299999237060547,19.243999481201172,19.266700744628906,32899,0.0,0.0,0.0
2023-11-06 12:30:00-05:00,19.260299682617188,19.280000686645508,19.139999389648438,19.15999984741211,53206,0.0,0.0,0.0
2023-11-06 13:30:00-05:00,19.131200790405273,19.209999084472656,19.131200790405273,19.209999084472656,9208,0.0,0.0,0.0
2023-11-06 14:30:00-05:00,19.174999237060547,19.200000762939453,19.135000228881836,19.135000228881836,9024,0.0,0.0,0.0
2023-11-06 15:30:00-05:00,19.152000427246094,19.170000076293945,19.06999969482422,19.079999923706055,26628,0.0,0.0,0.0
2023-11-07 09:30:00-05:00,19.100000381469727,19.139999389648438,19.020000457763672,19.030000686645508,13010,0.0,0.0,0.0
2023-11-07 10:30:00-05:00,19.030000686645508,19.098600387573242,19.025699615478516,19.059999465942383,22004,0.0,0.0,0.0
2023-11-07 11:30:00-05:00,19.0625,19.06999969482422,19.020099639892578,19.020099639892578,22630,0.0,0.0,0.0
2023-11-07 12:30:00-05:00,19.030000686645508,19.059999465942383,19.010000228881836,19.010099411010742,21556,0.0,0.0,0.0
2023-11-07 13:30:00-05:00,19.04990005493164,19.076499938964844,19.010000228881836,19.049999237060547,89287,0.0,0.0,0.0
2023-11-07 14:30:00-05:00,19.07360076904297,19.07360076904297,19.0,19.0,11145,0.0,0.0,0.0
2023-11-07 15:30:00-05:00,19.0,19.03499984741211,18.986000061035156,19.0,7956,0.0,0.0,0.0
2023-11-08 09:30:00-05:00,19.100000381469727,19.1200008392334,19.020000457763672,19.094900131225586,32670,0.0,0.0,0.0
2023-11-08 10:30:00-05:00,19.059999465942383,19.1200008392334,19.059999465942383,19.1200008392334,12510,0.0,0.0,0.0
2023-11-08 11:30:00-05:00,19.104999542236328,19.110000610351562,19.073299407958984,19.09000015258789,6182,0.0,0.0,0.0
2023-11-08 12:30:00-05:00,19.070100784301758,19.159900665283203,19.070100784301758,19.139999389648438,17074,0.0,0.0,0.0
2023-11-08 13:30:00-05:00,19.139999389648438,19.189899444580078,19.1299991607666,19.1299991607666,8844,0.0,0.0,0.0
2023-11-08 14:30:00-05:00,19.170000076293945,19.170000076293945,19.100000381469727,19.110000610351562,11418,0.0,0.0,0.0
2023-11-08 15:30:00-05:00,19.11199951171875,19.139999389648438,19.100099563598633,19.1200008392334,17064,0.0,0.0,0.0
2023-11-09 09:30:00-05:00,19.110000610351562,19.117300033569336,19.04010009765625,19.044300079345703,27109,0.0,0.0,0.0
2023-11-09 10:30:00-05:00,19.040000915527344,19.072599411010742,19.020000457763672,19.059999465942383,9557,0.0,0.0,0.0
2023-11-09 11:30:00-05:00,19.065000534057617,19.100000381469727,19.030000686645508,19.091100692749023,9918,0.0,0.0,0.0
2023-11-09 12:30:00-05:00,19.099899291992188,19.099899291992188,18.969999313354492,19.024999618530273,12077,0.0,0.0,0.0
2023-11-09 13:30:00-05:00,19.002500534057617,19.026599884033203,18.969999313354492,18.995399475097656,10967,0.0,0.0,0.0
2023-11-09 14:30:00-05:00,18.989999771118164,18.989999771118164,18.93000030517578,18.940099716186523,14077,0.0,0.0,0.0
2023-11-09 15:30:00-05:00,18.940099716186523,18.95989990234375,18.90999984741211,18.95989990234375,3712,0.0,0.0,0.0
2023-11-10 09:30:00-05:00,18.979999542236328,18.99920082092285,18.8700008392334,18.920000076293945,51326,0.0,0.0,0.0
2023-11-10 10:30:00-05:00,18.915000915527344,18.93000030517578,18.872800827026367,18.906700134277344,22436,0.0,0.0,0.0
2023-11-10 11:30:00-05:00,18.87809944152832,18.885000228881836,18.799999237060547,18.809999465942383,19429,0.0,0.0,0.0
2023-11-10 12:30:00-05:00,18.800100326538086,18.809999465942383,18.770099639892578,18.809999465942383,29845,0.0,0.0,0.0
2023-11-10 13:30:00-05:00,18.79010009765625,18.845500946044922,18.780000686645508,18.815000534057617,25924,0.0,0.0,0.0
2023-11-10 14:30:00-05:00,18.815000534057617,18.834999084472656,18.809999465942383,18.81999969482422,13353,0.0,0.0,0.0
2023-11-10 15:30:00-05:00,18.81999969482422,18.81999969482422,18.780000686645508,18.780000686645508,20819,0.0,0.0,0.0
2023-11-13 09:30:00-05:00,18.920000076293945,18.979999542236328,18.79010009765625,18.809999465942383,80672,0.0,0.0,0.0
2023-11-13 10:30:00-05:00,18.799999237060547,18.80470085144043,18.75,18.799299240112305,21687,0.0,0.0,0.0
2023-11-13 11:30:00-05:00,18.77359962463379,18.809999465942383,18.77359962463379,18.809999465942383,10132,0.0,0.0,0.0
2023-11-13 12:30:00-05:00,18.780500411987305,18.809999465942383,18.780000686645508,18.799999237060547,5663,0.0,0.0,0.0
2023-11-13 13:30:00-05:00,18.799999237060547,18.829999923706055,18.770000457763672,18.815000534057617,5653,0.0,0.0,0.0
2023-11-13 14:30:00-05:00,18.799999237060547,18.829999923706055,18.780000686645508,18.795000076293945,19202,0.0,0.0,0.0
2023-11-13 15:30:00-05:00,18.809900283813477,18.819900512695312,18.780000686645508,18.799999237060547,10260,0.0,0.0,0.0
2023-11-14 09:30:00-05:00,19.209999084472656,19.25,19.09000015258789,19.116100311279297,58077,0.0,0.0,0.0
2023-11-14 10:30:00-05:00,19.110000610351562,19.149999618530273,19.049999237060547,19.1200008392334,13747,0.0,0.0,0.0
2023-11-14 11:30:00-05:00,19.125999450683594,19.139999389648438,19.062700271606445,19.100000381469727,14162,0.0,0.0,0.0
2023-11-14 12:30:00-05:00,19.079999923706055,19.110000610351562,19.049999237060547,19.100000381469727,20485,0.0,0.0,0.0
2023-11-14 13:30:00-05:00,19.110000610351562,19.1200008392334,19.0,19.045000076293945,32582,0.0,0.0,0.0
2023-11-14 14:30:00-05:00,19.067399978637695,19.109899520874023,19.049999237060547,19.075000762939453,23109,0.0,0.0,0.0
2023-11-14 15:30:00-05:00,19.06999969482422,19.110000610351562,19.06999969482422,19.109100341796875,23531,0.0,0.0,0.0
2023-11-15 09:30:00-05:00,19.09000015258789,19.1200008392334,19.049999237060547,19.072900772094727,27704,0.0,0.0,0.0
2023-11-15 10:30:00-05:00,19.09000015258789,19.110000610351562,19.049999237060547,19.100000381469727,23174,0.0,0.0,0.0
2023-11-15 11:30:00-05:00,19.100000381469727,19.100000381469727,19.059999465942383,19.059999465942383,22494,0.0,0.0,0.0
2023-11-15 12:30:00-05:00,19.059999465942383,19.09000015258789,19.059999465942383,19.059999465942383,104251,0.0,0.0,0.0
2023-11-15 13:30:00-05:00,19.065000534057617,19.1299991607666,19.059999465942383,19.111299514770508,37500,0.0,0.0,0.0
2023-11-15 14:30:00-05:00,19.118900299072266,19.165000915527344,19.116300582885742,19.149999618530273,21706,0.0,0.0,0.0
2023-11-15 15:30:00-05:00,19.149999618530273,19.150100708007812,19.1299991607666,19.1299991607666,20324,0.0,0.0,0.0
2023-11-16 09:30:00-05:00,19.1200008392334,19.229900360107422,19.1200008392334,19.19499969482422,27835,0.0,0.0,0.0
2023-11-16 10:30:00-05:00,19.180099487304688,19.209999084472656,19.136600494384766,19.139999389648438,30385,0.0,0.0,0.0
2023-11-16 11:30:00-05:00,19.139400482177734,19.200000762939453,19.135000228881836,19.149999618530273,38559,0.0,0.0,0.0
2023-11-16 12:30:00-05:00,19.149999618530273,19.239999771118164,19.13010025024414,19.151500701904297,28915,0.0,0.0,0.0
2023-11-16 13:30:00-05:00,19.149999618530273,19.156299591064453,19.1200008392334,19.127500534057617,6180,0.0,0.0,0.0
2023-11-16 14:30:00-05:00,19.138500213623047,19.184900283813477,19.1200008392334,19.184900283813477,35154,0.0,0.0,0.0
2023-11-16 15:30:00-05:00,19.170000076293945,19.209999084472656,19.15999984741211,19.190000534057617,15439,0.0,0.0,0.0
2023-11-17 09:30:00-05:00,19.270000457763672,19.290000915527344,19.149999618530273,19.27389907836914,19465,0.0,0.0,0.0
2023-11-17 10:30:00-05:00,19.279300689697266,19.280000686645508,19.219999313354492,19.229999542236328,41034,0.0,0.0,0.0
2023-11-17 11:30:00-05:00,19.245500564575195,19.245500564575195,19.20800018310547,19.225000381469727,14014,0.0,0.0,0.0
2023-11-17 12:30:00-05:00,19.209999084472656,19.239900588989258,19.209999084472656,19.229999542236328,21907,0.0,0.0,0.0
2023-11-17 13:30:00-05:00,19.229999542236328,19.229999542236328,19.209999084472656,19.219999313354492,22104,0.0,0.0,0.0
2023-11-17 14:30:00-05:00,19.209999084472656,19.209999084472656,19.134300231933594,19.139999389648438,22947,0.0,0.0,0.0
2023-11-17 15:30:00-05:00,19.139999389648438,19.145000457763672,19.1200008392334,19.1299991607666,15528,0.0,0.0,0.0
2023-11-20 09:30:00-05:00,19.100000381469727,19.100000381469727,18.989999771118164,19.03499984741211,60884,0.0,0.0,0.0
2023-11-20 10:30:00-05:00,19.020000457763672,19.034700393676758,18.980100631713867,18.985000610351562,16110,0.0,0.0,0.0
2023-11-20 11:30:00-05:00,18.979999542236328,18.989999771118164,18.979999542236328,18.979999542236328,22206,0.0,0.0,0.0
2023-11-20 12:30:00-05:00,18.989999771118164,19.010000228881836,18.979999542236328,18.998300552368164,19823,0.0,0.0,0.0
2023-11-20 13:30:00-05:00,18.989999771118164,19.010000228881836,18.989999771118164,19.000099182128906,16125,0.0,0.0,0.0
2023-11-20 14:30:00-05:00,19.000099182128906,19.010000228881836,18.979999542236328,18.979999542236328,24118,0.0,0.0,0.0
2023-11-20 15:30:00-05:00,18.989999771118164,18.989999771118164,18.969999313354492,18.969999313354492,15299,0.0,0.0,0.0
2023-11-21 09:30:00-05:00,18.959999084472656,18.959999084472656,18.8700008392334,18.8700008392334,31691,0.0,0.0,0.0
2023-11-21 10:30:00-05:00,18.860000610351562,18.88559913635254,18.860000610351562,18.884300231933594,10556,0.0,0.0,0.0
2023-11-21 11:30:00-05:00,18.8799991607666,18.899999618530273,18.8700008392334,18.88990020751953,25875,0.0,0.0,0.0
2023-11-21 12:30:00-05:00,18.8799991607666,18.880199432373047,18.860000610351562,18.861499786376953,27467,0.0,0.0,0.0
2023-11-21 13:30:00-05:00,18.86009979248047,18.86989974975586,18.860000610351562,18.869300842285156,7207,0.0,0.0,0.0
2023-11-21 14:30:00-05:00,18.864999771118164,18.8700008392334,18.82990074157715,18.829999923706055,21364,0.0,0.0,0.0
2023-11-21 15:30:00-05:00,18.81999969482422,18.84000015258789,18.81100082397461,18.825000762939453,22985,0.0,0.0,0.0
2023-11-22 09:30:00-05:00,18.860000610351562,18.8799991607666,18.780000686645508,18.808500289916992,25368,0.0,0.0,0.0
2023-11-22 10:30:00-05:00,18.80500030517578,18.84000015258789,18.780000686645508,18.833099365234375,18241,0.0,0.0,0.0
2023-11-22 11:30:00-05:00,18.8031005859375,18.815000534057617,18.760000228881836,18.770000457763672,24010,0.0,0.0,0.0
2023-11-22 12:30:00-05:00,18.780000686645508,18.799999237060547,18.772499084472656,18.772499084472656,13404,0.0,0.0,0.0
2023-11-22 13:30:00-05:00,18.770000457763672,18.799999237060547,18.739999771118164,18.746700286865234,22844,0.0,0.0,0.0
2023-11-22 14:30:00-05:00,18.739999771118164,18.780000686645508,18.72089958190918,18.751100540161133,16727,0.0,0.0,0.0
2023-11-22 15:30:00-05:00,18.75,18.799999237060547,18.75,18.780000686645508,12411,0.0,0.0,0.0
2023-11-24 09:30:00-05:00,18.799999237060547,18.825000762939453,18.719999313354492,18.79990005493164,17765,0.0,0.0,0.0
2023-11-24 10:30:00-05:00,18.76449966430664,18.789899826049805,18.75,18.770000457763672,36921,0.0,0.0,0.0
2023-11-24 11:30:00-05:00,18.760000228881836,18.860000610351562,18.760000228881836,18.81999969482422,23689,0.0,0.0,0.0
2023-11-27 09:30:00-05:00,18.809999465942383,18.920000076293945,18.809999465942383,18.899999618530273,57059,0.0,0.0,0.0
2023-11-27 10:30:00-05:00,18.899999618530273,18.920000076293945,18.8799991607666,18.899999618530273,32062,0.0,0.0,0.0
2023-11-27 11:30:00-05:00,18.889999389648438,18.89900016784668,18.850099563598633,18.88990020751953,21557,0.0,0.0,0.0
2023-11-27 12:30:00-05:00,18.8700008392334,18.920000076293945,18.850000381469727,18.905000686645508,27666,0.0,0.0,0.0
2023-11-27 13:30:00-05:00,18.905000686645508,18.959999084472656,18.899999618530273,18.90999984741211,30515,0.0,0.0,0.0
2023-11-27 14:30:00-05:00,18.950000762939453,18.969999313354492,18.93000030517578,18.934999465942383,35714,0.0,0.0,0.0
2023-11-27 15:30:00-05:00,18.934999465942383,18.959999084472656,18.92009925842285,18.93000030517578,0,0.0,0.0,0.0
2023-11-28 09:30:00-05:00,18.989999771118164,18.989999771118164,18.93000030517578,18.969999313354492,44704,0.0,0.0,0.0
2023-11-28 10:30:00-05:00,18.979999542236328,19.017200469970703,18.961000442504883,18.997299194335938,38932,0.0,0.0,0.0
2023-11-28 11:30:00-05:00,19.00659942626953,19.049999237060547,19.0,19.020000457763672,33785,0.0,0.0,0.0
2023-11-28 12:30:00-05:00,19.021499633789062,19.030000686645508,18.979999542236328,18.979999542236328,17711,0.0,0.0,0.0
2023-11-28 13:30:00-05:00,18.980100631713867,19.039899826049805,18.979999542236328,18.997100830078125,21194,0.0,0.0,0.0
2023-11-28 14:30:00-05:00,19.010000228881836,19.040000915527344,18.989999771118164,19.010000228881836,22476,0.0,0.0,0.0
2023-11-28 15:30:00-05:00,19.03969955444336,19.049999237060547,19.020000457763672,19.040000915527344,5202,0.0,0.0,0.0
2023-11-29 09:30:00-05:00,19.15999984741211,19.179899215698242,19.049999237060547,19.1299991607666,34738,0.0,0.0,0.0
2023-11-29 10:30:00-05:00,19.139999389648438,19.15999984741211,19.110000610351562,19.139999389648438,43263,0.0,0.0,0.0
2023-11-29 11:30:00-05:00,19.135000228881836,19.18000030517578,19.100000381469727,19.17009925842285,26453,0.0,0.0,0.0
2023-11-29 12:30:00-05:00,19.170000076293945,19.200000762939453,19.156099319458008,19.200000762939453,29315,0.0,0.0,0.0
2023-11-29 13:30:00-05:00,19.200000762939453,19.200000762939453,19.17009925842285,19.18000030517578,59524,0.0,0.0,0.0
2023-11-29 14:30:00-05:00,19.18000030517578,19.190000534057617,19.149999618530273,19.172500610351562,27235,0.0,0.0,0.0
2023-11-29 15:30:00-05:00,19.174999237060547,19.200000762939453,19.149999618530273,19.149999618530273,0,0.0,0.0,0.0
2023-11-30 09:30:00-05:00,19.149999618530273,19.299999237060547,19.149999618530273,19.269899368286133,84225,0.0,0.0,0.0
2023-11-30 10:30:00-05:00,19.270000457763672,19.309999465942383,19.230100631713867,19.27989959716797,38323,0.0,0.0,0.0
2023-11-30 11:30:00-05:00,19.280000686645508,19.28499984741211,19.251699447631836,19.265899658203125,28784,0.0,0.0,0.0
2023-11-30 12:30:00-05:00,19.278099060058594,19.299299240112305,19.260499954223633,19.299299240112305,9612,0.0,0.0,0.0
2023-11-30 13:30:00-05:00,19.271699905395508,19.3799991607666,19.271699905395508,19.3799991607666,26800,0.0,0.0,0.0
2023-11-30 14:30:00-05:00,19.3799991607666,19.40999984741211,19.350000381469727,19.350000381469727,60059,0.0,0.0,0.0
2023-11-30 15:30:00-05:00,19.329999923706055,19.459999084472656,19.329999923706055,19.40999984741211,40684,0.0,0.0,0.0
2023-12-01 09:30:00-05:00,19.440000534057617,19.549400329589844,19.440000534057617,19.529699325561523,35849,0.0,0.0,0.0
2023-12-01 10:30:00-05:00,19.510000228881836,19.61989974975586,19.510000228881836,19.61989974975586,32866,0.0,0.0,0.0
2023-12-01 11:30:00-05:00,19.61989974975586,19.670000076293945,19.606700897216797,19.6299991607666,47990,0.0,0.0,0.0
2023-12-01 12:30:00-05:00,19.6299991607666,19.709999084472656,19.61009979248047,19.709999084472656,27548,0.0,0.0,0.0
2023-12-01 13:30:00-05:00,19.690099716186523,19.739999771118164,19.685699462890625,19.739999771118164,34355,0.0,0.0,0.0
2023-12-01 14:30:00-05:00,19.739999771118164,19.739999771118164,19.719999313354492,19.729999542236328,19028,0.0,0.0,0.0
2023-12-01 15:30:00-05:00,19.735000610351562,19.760000228881836,19.719999313354492,19.760000228881836,41653,0.0,0.0,0.0
2023-12-04 09:30:00-05:00,19.75,19.83799934387207,19.719999313354492,19.75,62108,0.0,0.0,0.0
2023-12-04 10:30:00-05:00,19.760000228881836,19.764999389648438,19.719999313354492,19.729999542236328,58625,0.0,0.0,0.0
2023-12-04 11:30:00-05:00,19.739999771118164,19.789899826049805,19.729999542236328,19.729999542236328,38384,0.0,0.0,0.0
2023-12-04 12:30:00-05:00,19.733699798583984,19.749900817871094,19.709999084472656,19.719999313354492,14245,0.0,0.0,0.0
2023-12-04 13:30:00-05:00,19.71500015258789,19.749900817871094,19.700000762939453,19.725000381469727,17431,0.0,0.0,0.0
2023-12-04 14:30:00-05:00,19.700000762939453,19.770000457763672,19.700000762939453,19.770000457763672,18245,0.0,0.0,0.0
2023-12-04 15:30:00-05:00,19.770000457763672,19.780000686645508,19.719999313354492,19.77899932861328,11722,0.0,0.0,0.0
2023-12-05 09:30:00-05:00,19.770000457763672,19.80739974975586,19.709999084472656,19.729999542236328,23613,0.0,0.0,0.0
2023-12-05 10:30:00-05:00,19.770000457763672,19.829999923706055,19.770000457763672,19.809999465942383,22734,0.0,0.0,0.0
2023-12-05 11:30:00-05:00,19.817100524902344,19.817100524902344,19.690000534057617,19.790000915527344,26206,0.0,0.0,0.0
2023-12-05 12:30:00-05:00,19.739999771118164,19.79990005493164,19.739999771118164,19.764999389648438,28951,0.0,0.0,0.0
2023-12-05 13:30:00-05:00,19.760099411010742,19.780000686645508,19.760000228881836,19.77989959716797,19795,0.0,0.0,0.0
2023-12-05 14:30:00-05:00,19.76289939880371,19.780000686645508,19.739999771118164,19.764999389648438,19117,0.0,0.0,0.0
2023-12-05 15:30:00-05:00,19.764999389648438,19.780000686645508,19.750099182128906,19.760000228881836,10632,0.0,0.0,0.0
2023-12-06 09:30:00-05:00,19.75,19.889999389648438,19.75,19.866899490356445,54246,0.0,0.0,0.0
2023-12-06 10:30:00-05:00,19.86989974975586,19.8799991607666,19.83049964904785,19.854999542236328,28293,0.0,0.0,0.0
2023-12-06 11:30:00-05:00,19.854999542236328,19.860000610351562,19.810100555419922,19.834999084472656,13920,0.0,0.0,0.0
2023-12-06 12:30:00-05:00,19.834999084472656,19.850000381469727,19.804500579833984,19.81999969482422,10916,0.0,0.0,0.0
2023-12-06 13:30:00-05:00,19.828800201416016,19.860000610351562,19.80699920654297,19.83989906311035,9077,0.0,0.0,0.0
2023-12-06 14:30:00-05:00,19.84000015258789,19.864999771118164,19.799999237060547,19.81999969482422,21067,0.0,0.0,0.0
2023-12-06 15:30:00-05:00,19.825000762939453,19.829999923706055,19.780099868774414,19.799999237060547,46025,0.0,0.0,0.0
2023-12-07 09:30:00-05:00,19.84000015258789,19.920000076293945,19.800399780273438,19.860000610351562,25311,0.0,0.0,0.0
2023-12-07 10:30:00-05:00,19.867000579833984,19.940000534057617,19.864999771118164,19.920000076293945,26234,0.0,0.0,0.0
2023-12-07 11:30:00-05:00,19.92959976196289,19.939899444580078,19.8799991607666,19.895000457763672,17228,0.0,0.0,0.0
2023-12-07 12:30:00-05:00,19.90999984741211,19.90999984741211,19.860000610351562,19.8700008392334,21512,0.0,0.0,0.0
2023-12-07 13:30:00-05:00,19.8700008392334,19.8799991607666,19.850000381469727,19.850000381469727,14859,0.0,0.0,0.0
2023-12-07 14:30:00-05:00,19.8700008392334,19.8799991607666,19.840099334716797,19.850000381469727,18646,0.0,0.0,0.0
2023-12-07 15:30:00-05:00,19.850000381469727,19.860000610351562,19.84000015258789,19.84000015258789,22396,0.0,0.0,0.0
2023-12-08 09:30:00-05:00,19.799999237060547,19.850000381469727,19.72010040283203,19.819900512695312,31681,0.0,0.0,0.0
2023-12-08 10:30:00-05:00,19.780500411987305,19.829999923706055,19.739999771118164,19.739999771118164,33068,0.0,0.0,0.0
2023-12-08 11:30:00-05:00,19.767000198364258,19.825000762939453,19.709999084472656,19.774999618530273,64022,0.0,0.0,0.0
2023-12-08 12:30:00-05:00,19.774999618530273,19.83799934387207,19.740100860595703,19.809999465942383,14215,0.0,0.0,0.0
2023-12-08 13:30:00-05:00,19.81999969482422,19.850000381469727,19.770000457763672,19.814800262451172,21334,0.0,0.0,0.0
2023-12-08 14:30:00-05:00,19.820100784301758,19.889999389648438,19.799999237060547,19.809999465942383,18856,0.0,0.0,0.0
2023-12-08 15:30:00-05:00,19.889999389648438,19.920700073242188,19.850000381469727,19.850000381469727,8508,0.0,0.0,0.0
2023-12-11 09:30:00-05:00,19.889999389648438,19.889999389648438,19.750099182128906,19.760000228881836,42305,0.0,0.0,0.0
2023-12-11 10:30:00-05:00,19.75,19.780000686645508,19.709999084472656,19.709999084472656,52724,0.0,0.0,0.0
2023-12-11 11:30:00-05:00,19.725000381469727,19.729999542236328,19.65999984741211,19.674999237060547,47589,0.0,0.0,0.0
2023-12-11 12:30:00-05:00,19.700000762939453,19.75909996032715,19.680099487304688,19.740100860595703,27115,0.0,0.0,0.0
2023-12-11 13:30:00-05:00,19.75,19.79990005493164,19.739999771118164,19.739999771118164,65903,0.0,0.0,0.0
2023-12-11 14:30:00-05:00,19.740100860595703,19.799999237060547,19.739999771118164,19.795299530029297,21466,0.0,0.0,0.0
2023-12-11 15:30:00-05:00,19.790000915527344,19.799999237060547,19.770000457763672,19.770999908447266,17738,0.0,0.0,0.0
2023-12-12 09:30:00-05:00,19.81999969482422,19.81999969482422,19.719999313354492,19.80500030517578,42523,0.0,0.0,0.0
2023-12-12 10:30:00-05:00,19.809999465942383,19.837099075317383,19.760099411010742,19.760099411010742,33153,0.0,0.0,0.0
2023-12-12 11:30:00-05:00,19.767799377441406,19.84000015258789,19.767799377441406,19.799999237060547,38856,0.0,0.0,0.0
2023-12-12 12:30:00-05:00,19.799999237060547,19.81999969482422,19.780000686645508,19.79990005493164,22755,0.0,0.0,0.0
2023-12-12 13:30:00-05:00,19.795000076293945,19.81999969482422,19.790000915527344,19.790000915527344,30642,0.0,0.0,0.0
2023-12-12 14:30:00-05:00,19.799999237060547,19.799999237060547,19.790000915527344,19.795000076293945,29532,0.0,0.0,0.0
2023-12-12 15:30:00-05:00,19.79990005493164,19.81999969482422,19.790000915527344,19.809999465942383,20125,0.0,0.0,0.0
2023-12-13 09:30:00-05:00,19.93000030517578,19.93000030517578,19.799999237060547,19.84000015258789,58836,0.0,0.0,0.0
2023-12-13 10:30:00-05:00,19.849899291992188,19.849899291992188,19.809999465942383,19.822500228881836,31488,0.0,0.0,0.0
2023-12-13 11:30:00-05:00,19.829999923706055,19.84000015258789,19.81999969482422,19.837299346923828,32039,0.0,0.0,0.0
2023-12-13 12:30:00-05:00,19.84000015258789,19.84000015258789,19.820100784301758,19.834999084472656,15327,0.0,0.0,0.0
2023-12-13 13:30:00-05:00,19.834999084472656,20.020000457763672,19.829999923706055,20.020000457763672,33580,0.0,0.0,0.0
2023-12-13 14:30:00-05:00,20.020000457763672,20.149999618530273,19.989999771118164,20.070899963378906,73288,0.0,0.0,0.0
2023-12-13 15:30:00-05:00,20.084999084472656,20.18000030517578,20.050100326538086,20.170000076293945,34664,0.0,0.0,0.0
2023-12-14 09:30:00-05:00,20.299999237060547,20.329999923706055,20.190000534057617,20.3169002532959,114337,0.0,0.0,0.0
2023-12-14 10:30:00-05:00,20.316999435424805,20.434900283813477,20.299999237060547,20.40999984741211,63056,0.0,0.0,0.0
2023-12-14 11:30:00-05:00,20.409900665283203,20.440000534057617,20.389999389648438,20.429899215698242,24478,0.0,0.0,0.0
2023-12-14 12:30:00-05:00,20.42970085144043,20.434999465942383,20.389999389648438,20.389999389648438,60292,0.0,0.0,0.0
2023-12-14 13:30:00-05:00,20.389999389648438,20.420000076293945,20.389999389648438,20.389999389648438,31259,0.0,0.0,0.0
2023-12-14 14:30:00-05:00,20.39900016784668,20.5398006439209,20.389999389648438,20.46500015258789,239612,0.0,0.0,0.0
2023-12-14 15:30:00-05:00,20.46500015258789,20.469999313354492,20.43000030517578,20.450000762939453,17899,0.0,0.0,0.0
2023-12-15 09:30:00-05:00,20.399999618530273,20.469999313354492,20.309999465942383,20.405000686645508,36065,0.0,0.0,0.0
2023-12-15 10:30:00-05:00,20.399999618530273,20.449899673461914,20.38050079345703,20.440000534057617,17146,0.0,0.0,0.0
2023-12-15 11:30:00-05:00,20.440000534057617,20.459999084472656,20.365999221801758,20.419099807739258,32563,0.0,0.0,0.0
2023-12-15 12:30:00-05:00,20.395000457763672,20.420000076293945,20.300100326538086,20.327299118041992,17494,0.0,0.0,0.0
2023-12-15 13:30:00-05:00,20.34000015258789,20.34000015258789,20.300100326538086,20.300100326538086,20224,0.0,0.0,0.0
2023-12-15 14:30:00-05:00,20.315000534057617,20.360000610351562,20.299999237060547,20.350000381469727,50654,0.0,0.0,0.0
2023-12-15 15:30:00-05:00,20.360000610351562,20.439599990844727,20.350000381469727,20.3799991607666,135274,0.0,0.0,0.0
2023-12-18 09:30:00-05:00,20.420000076293945,20.450000762939453,20.329999923706055,20.409900665283203,77334,0.0,0.0,0.0
2023-12-18 10:30:00-05:00,20.39150047302246,20.43000030517578,20.350000381469727,20.389999389648438,49938,0.0,0.0,0.0
2023-12-18 11:30:00-05:00,20.3799991607666,20.440000534057617,20.3799991607666,20.440000534057617,84797,0.0,0.0,0.0
2023-12-18 12:30:00-05:00,20.43000030517578,20.450000762939453,20.420000076293945,20.44499969482422,105128,0.0,0.0,0.0
2023-12-18 13:30:00-05:00,20.440000534057617,20.450000762939453,20.399999618530273,20.420000076293945,117248,0.0,0.0,0.0
2023-12-18 14:30:00-05:00,20.420000076293945,20.440000534057617,20.399999618530273,20.429899215698242,134734,0.0,0.0,0.0
2023-12-18 15:30:00-05:00,20.420000076293945,20.43000030517578,20.3799991607666,20.399999618530273,37604,0.0,0.0,0.0
2023-12-19 09:30:00-05:00,20.450000762939453,20.530000686645508,20.420000076293945,20.52989959716797,51447,0.0,0.0,0.0
2023-12-19 10:30:00-05:00,20.527700424194336,20.52989959716797,20.5049991607666,20.520000457763672,22134,0.0,0.0,0.0
2023-12-19 11:30:00-05:00,20.510000228881836,20.510000228881836,20.46929931640625,20.479900360107422,19943,0.0,0.0,0.0
2023-12-19 12:30:00-05:00,20.479999542236328,20.489999771118164,20.461700439453125,20.469999313354492,29643,0.0,0.0,0.0
2023-12-19 13:30:00-05:00,20.46780014038086,20.499500274658203,20.459999084472656,20.479999542236328,39683,0.0,0.0,0.0
2023-12-19 14:30:00-05:00,20.479999542236328,20.5,20.469999313354492,20.489999771118164,26728,0.0,0.0,0.0
2023-12-19 15:30:00-05:00,20.479999542236328,20.510000228881836,20.469999313354492,20.489999771118164,29620,0.0,0.0,0.0
2023-12-20 09:30:00-05:00,20.350000381469727,20.399999618530273,20.350000381469727,20.375,50141,0.0,0.0,0.0
2023-12-20 10:30:00-05:00,20.364999771118164,20.399999618530273,20.350000381469727,20.3700008392334,33730,0.0,0.0,0.0
2023-12-20 11:30:00-05:00,20.350000381469727,20.3700008392334,20.329999923706055,20.334999084472656,48532,0.0,0.0,0.0
2023-12-20 12:30:00-05:00,20.34000015258789,20.37980079650879,20.31999969482422,20.3700008392334,23044,0.0,0.0,0.0
2023-12-20 13:30:00-05:00,20.3799991607666,20.38990020751953,20.350099563598633,20.360000610351562,31470,0.0,0.0,0.0
2023-12-20 14:30:00-05:00,20.360000610351562,20.360000610351562,20.280000686645508,20.299999237060547,64229,0.0,0.0,0.0
2023-12-20 15:30:00-05:00,20.290000915527344,20.304000854492188,20.270000457763672,20.270000457763672,17751,0.0,0.0,0.0
2023-12-21 09:30:00-05:00,20.3799991607666,20.429899215698242,20.3700008392334,20.3799991607666,53943,0.0,0.0,0.0
2023-12-21 10:30:00-05:00,20.395000457763672,20.403900146484375,20.360000610351562,20.379899978637695,25884,0.0,0.0,0.0
2023-12-21 11:30:00-05:00,20.3799991607666,20.3799991607666,20.32200050354004,20.329999923706055,29993,0.0,0.0,0.0
2023-12-21 12:30:00-05:00,20.322900772094727,20.34000015258789,20.309999465942383,20.329500198364258,38099,0.0,0.0,0.0
2023-12-21 13:30:00-05:00,20.329999923706055,20.350000381469727,20.299999237060547,20.315000534057617,36464,0.0,0.0,0.0
2023-12-21 14:30:00-05:00,20.31999969482422,20.34000015258789,20.313400268554688,20.334999084472656,17578,0.0,0.0,0.0
2023-12-21 15:30:00-05:00,20.34000015258789,20.3700008392334,20.33009910583496,20.360000610351562,15532,0.0,0.0,0.0
2023-12-22 09:30:00-05:00,20.420000076293945,20.449899673461914,20.3799991607666,20.40999984741211,65052,0.0,0.0,0.0
2023-12-22 10:30:00-05:00,20.40999984741211,20.439899444580078,20.40999984741211,20.420000076293945,32515,0.0,0.0,0.0
2023-12-22 11:30:00-05:00,20.41990089416504,20.43000030517578,20.399999618530273,20.399999618530273,30763,0.0,0.0,0.0
2023-12-22 12:30:00-05:00,20.419700622558594,20.43000030517578,20.411699295043945,20.420000076293945,9191,0.0,0.0,0.0
2023-12-22 13:30:00-05:00,20.4375,20.44379997253418,20.420000076293945,20.420000076293945,23387,0.0,0.0,0.0
2023-12-22 14:30:00-05:00,20.40999984741211,20.450000762939453,20.40999984741211,20.40999984741211,11233,0.0,0.0,0.0
2023-12-22 15:30:00-05:00,20.43000030517578,20.450000762939453,20.41010093688965,20.450000762939453,7201,0.0,0.0,0.0
2023-12-26 09:30:00-05:00,20.440000534057617,20.469999313354492,20.420000076293945,20.459999084472656,25951,0.0,0.0,0.0
2023-12-26 10:30:00-05:00,20.44420051574707,20.489999771118164,20.44420051574707,20.479999542236328,62968,0.0,0.0,0.0
2023-12-26 11:30:00-05:00,20.479999542236328,20.5,20.459999084472656,20.49799919128418,12098,0.0,0.0,0.0
2023-12-26 12:30:00-05:00,20.49049949645996,20.5,20.489999771118164,20.498899459838867,17517,0.0,0.0,0.0
2023-12-26 13:30:00-05:00,20.4950008392334,20.519800186157227,20.489999771118164,20.500099182128906,22292,0.0,0.0,0.0
2023-12-26 14:30:00-05:00,20.510000228881836,20.540000915527344,20.500099182128906,20.540000915527344,31754,0.0,0.0,0.0
2023-12-26 15:30:00-05:00,20.530000686645508,20.530000686645508,20.459999084472656,20.469999313354492,34774,0.0,0.0,0.0
2023-12-27 09:30:00-05:00,20.459999084472656,20.5,20.430099487304688,20.48870086669922,37552,0.0,0.0,0.0
2023-12-27 10:30:00-05:00,20.479999542236328,20.5,20.459999084472656,20.5,32392,0.0,0.0,0.0
2023-12-27 11:30:00-05:00,20.505800247192383,20.549999237060547,20.480499267578125,20.523500442504883,27806,0.0,0.0,0.0
2023-12-27 12:30:00-05:00,20.529300689697266,20.544300079345703,20.510099411010742,20.530000686645508,17492,0.0,0.0,0.0
2023-12-27 13:30:00-05:00,20.524999618530273,20.579999923706055,20.524999618530273,20.549999237060547,12949,0.0,0.0,0.0
2023-12-27 14:30:00-05:00,20.551000595092773,20.56999969482422,20.549999237060547,20.549999237060547,18652,0.0,0.0,0.0
2023-12-27 15:30:00-05:00,20.549999237060547,20.56999969482422,20.530099868774414,20.549999237060547,20236,0.0,0.0,0.0
2023-12-28 09:30:00-05:00,20.610000610351562,20.659900665283203,20.549999237060547,20.6299991607666,80764,0.0,0.0,0.0
2023-12-28 10:30:00-05:00,20.65999984741211,20.65999984741211,20.579999923706055,20.579999923706055,33251,0.0,0.0,0.0
2023-12-28 11:30:00-05:00,20.59469985961914,20.600000381469727,20.579999923706055,20.587099075317383,14901,0.0,0.0,0.0
2023-12-28 12:30:00-05:00,20.57900047302246,20.600000381469727,20.549999237060547,20.559999465942383,410186,0.0,0.0,0.0
2023-12-28 13:30:00-05:00,20.56999969482422,20.6200008392334,20.559999465942383,20.579999923706055,114497,0.0,0.0,0.0
2023-12-28 14:30:00-05:00,20.579999923706055,20.599899291992188,20.559999465942383,20.579999923706055,81550,0.0,0.0,0.0
2023-12-28 15:30:00-05:00,20.575000762939453,20.6200008392334,20.565000534057617,20.6200008392334,73754,0.0,0.0,0.0
2023-12-29 09:30:00-05:00,20.729999542236328,20.729999542236328,20.59000015258789,20.639799118041992,105971,0.0,0.0,0.0
2023-12-29 10:30:00-05:00,20.649799346923828,20.67169952392578,20.639999389648438,20.66790008544922,49379,0.0,0.0,0.0
2023-12-29 11:30:00-05:00,20.670000076293945,20.760000228881836,20.66010093688965,20.759899139404297,171262,0.0,0.0,0.0
2023-12-29 12:30:00-05:00,20.7549991607666,20.779699325561523,20.709999084472656,20.740100860595703,100284,0.0,0.0,0.0
2023-12-29 13:30:00-05:00,20.75979995727539,20.770000457763672,20.729999542236328,20.736600875854492,87373,0.0,0.0,0.0
2023-12-29 14:30:00-05:00,20.75,20.75,20.709999084472656,20.719999313354492,54942,0.0,0.0,0.0
2023-12-29 15:30:00-05:00,20.719999313354492,20.726900100708008,20.649999618530273,20.68000030517578,52693,0.0,0.0,0.0
2024-01-02 09:30:00-05:00,20.760000228881836,20.760000228881836,20.610000610351562,20.674999237060547,214081,0.0,0.0,0.0
2024-01-02 10:30:00-05:00,20.65999984741211,20.690000534057617,20.649999618530273,20.68000030517578,81572,0.0,0.0,0.0
2024-01-02 11:30:00-05:00,20.68000030517578,20.690000534057617,20.65999984741211,20.689899444580078,57646,0.0,0.0,0.0
2024-01-02 12:30:00-05:00,20.690000534057617,20.719999313354492,20.68000030517578,20.708599090576172,29340,0.0,0.0,0.0
2024-01-02 13:30:00-05:00,20.700000762939453,20.70989990234375,20.690000534057617,20.69499969482422,36873,0.0,0.0,0.0
2024-01-02 14:30:00-05:00,20.69499969482422,20.700000762939453,20.670000076293945,20.68000030517578,63244,0.0,0.0,0.0
2024-01-02 15:30:00-05:00,20.68000030517578,20.69930076599121,20.65999984741211,20.670000076293945,34479,0.0,0.0,0.0
2024-01-03 09:30:00-05:00,20.700000762939453,20.700000762939453,20.530000686645508,20.5393009185791,96926,0.0,0.0,0.0
2024-01-03 10:30:00-05:00,20.530000686645508,20.559999465942383,20.479999542236328,20.53499984741211,59904,0.0,0.0,0.0
2024-01-03 11:30:00-05:00,20.530000686645508,20.56800079345703,20.520000457763672,20.56800079345703,31110,0.0,0.0,0.0
2024-01-03 12:30:00-05:00,20.549999237060547,20.610000610351562,20.549999237060547,20.586700439453125,32645,0.0,0.0,0.0
2024-01-03 13:30:00-05:00,20.610000610351562,20.639999389648438,20.559999465942383,20.63990020751953,43176,0.0,0.0,0.0
2024-01-03 14:30:00-05:00,20.639999389648438,20.654300689697266,20.58009910583496,20.600000381469727,16144,0.0,0.0,0.0
2024-01-03 15:30:00-05:00,20.610000610351562,20.649900436401367,20.600000381469727,20.600000381469727,17922,0.0,0.0,0.0
2024-01-04 09:30:00-05:00,20.56999969482422,20.600000381469727,20.5,20.600000381469727,86738,0.0,0.0,0.0
2024-01-04 10:30:00-05:00,20.559999465942383,20.600000381469727,20.559999465942383,20.600000381469727,71238,0.0,0.0,0.0
2024-01-04 11:30:00-05:00,20.59000015258789,20.600000381469727,20.56999969482422,20.57990074157715,28879,0.0,0.0,0.0
2024-01-04 12:30:00-05:00,20.575000762939453,20.579999923706055,20.540000915527344,20.549999237060547,42587,0.0,0.0,0.0
2024-01-04 13:30:00-05:00,20.549999237060547,20.56999969482422,20.54010009765625,20.549999237060547,72515,0.0,0.0,0.0
2024-01-04 14:30:00-05:00,20.548099517822266,20.5846004486084,20.540000915527344,20.561399459838867,36001,0.0,0.0,0.0
2024-01-04 15:30:00-05:00,20.565000534057617,20.59000015258789,20.549999237060547,20.549999237060547,44979,0.0,0.0,0.0
2024-01-05 09:30:00-05:00,20.530000686645508,20.699899673461914,20.520099639892578,20.68440055847168,50937,0.0,0.0,0.0
2024-01-05 10:30:00-05:00,20.684900283813477,20.739900588989258,20.665000915527344,20.66990089416504,49741,0.0,0.0,0.0
2024-01-05 11:30:00-05:00,20.670000076293945,20.674999237060547,20.600000381469727,20.6200008392334,54758,0.0,0.0,0.0
2024-01-05 12:30:00-05:00,20.600000381469727,20.6299991607666,20.600000381469727,20.61989974975586,63728,0.0,0.0,0.0
2024-01-05 13:30:00-05:00,20.610000610351562,20.649999618530273,20.610000610351562,20.640600204467773,42695,0.0,0.0,0.0
2024-01-05 14:30:00-05:00,20.643999099731445,20.64590072631836,20.579999923706055,20.579999923706055,51712,0.0,0.0,0.0
2024-01-05 15:30:00-05:00,20.600000381469727,20.649999618530273,20.559999465942383,20.600000381469727,27021,0.0,0.0,0.0
2024-01-08 09:30:00-05:00,20.670000076293945,20.68000030517578,20.6200008392334,20.670000076293945,82479,0.0,0.0,0.0
2024-01-08 10:30:00-05:00,20.679899215698242,20.690000534057617,20.649999618530273,20.690000534057617,78233,0.0,0.0,0.0
2024-01-08 11:30:00-05:00,20.680099487304688,20.69700050354004,20.670000076293945,20.670000076293945,27651,0.0,0.0,0.0
2024-01-08 12:30:00-05:00,20.670000076293945,20.700000762939453,20.65999984741211,20.67169952392578,38774,0.0,0.0,0.0
2024-01-08 13:30:00-05:00,20.678300857543945,20.719900131225586,20.65999984741211,20.70009994506836,25916,0.0,0.0,0.0
2024-01-08 14:30:00-05:00,20.709999084472656,20.74920082092285,20.700000762939453,20.729999542236328,45672,0.0,0.0,0.0
2024-01-08 15:30:00-05:00,20.72010040283203,20.790000915527344,20.72010040283203,20.760000228881836,26168,0.0,0.0,0.0
2024-01-09 09:30:00-05:00,20.75,20.770000457763672,20.719999313354492,20.760000228881836,50785,0.0,0.0,0.0
2024-01-09 10:30:00-05:00,20.759199142456055,20.790000915527344,20.739999771118164,20.770000457763672,60382,0.0,0.0,0.0
2024-01-09 11:30:00-05:00,20.774999618530273,20.829999923706055,20.770000457763672,20.829999923706055,19223,0.0,0.0,0.0
2024-01-09 12:30:00-05:00,20.834999084472656,20.850000381469727,20.799999237060547,20.809999465942383,60182,0.0,0.0,0.0
2024-01-09 13:30:00-05:00,20.809999465942383,20.84000015258789,20.77669906616211,20.81999969482422,44068,0.0,0.0,0.0
2024-01-09 14:30:00-05:00,20.810199737548828,20.829999923706055,20.799999237060547,20.800100326538086,42440,0.0,0.0,0.0
2024-01-09 15:30:00-05:00,20.819000244140625,20.81999969482422,20.790000915527344,20.790000915527344,41456,0.0,0.0,0.0
2024-01-10 09:30:00-05:00,20.850000381469727,20.860000610351562,20.809999465942383,20.84000015258789,52742,0.0,0.0,0.0
2024-01-10 10:30:00-05:00,20.86989974975586,20.8799991607666,20.83009910583496,20.8700008392334,27940,0.0,0.0,0.0
2024-01-10 11:30:00-05:00,20.8700008392334,20.8700008392334,20.850000381469727,20.860000610351562,43347,0.0,0.0,0.0
2024-01-10 12:30:00-05:00,20.860000610351562,20.889999389648438,20.850000381469727,20.860000610351562,43965,0.0,0.0,0.0
2024-01-10 13:30:00-05:00,20.850000381469727,20.8700008392334,20.849899291992188,20.859899520874023,23981,0.0,0.0,0.0
2024-01-10 14:30:00-05:00,20.860000610351562,20.8700008392334,20.84000015258789,20.84000015258789,37823,0.0,0.0,0.0
2024-01-10 15:30:00-05:00,20.850000381469727,20.8700008392334,20.84000015258789,20.850000381469727,19770,0.0,0.0,0.0
2024-01-11 09:30:00-05:00,20.860000610351562,20.864999771118164,20.752500534057617,20.760099411010742,82171,0.0,0.0,0.0
2024-01-11 10:30:00-05:00,20.760000228881836,20.78420066833496,20.760000228881836,20.772899627685547,36081,0.0,0.0,0.0
2024-01-11 11:30:00-05:00,20.768199920654297,20.770000457763672,20.74049949645996,20.759899139404297,16982,0.0,0.0,0.0
2024-01-11 12:30:00-05:00,20.770000457763672,20.80970001220703,20.760099411010742,20.79010009765625,21702,0.0,0.0,0.0
2024-01-11 13:30:00-05:00,20.799999237060547,20.81999969482422,20.790000915527344,20.815200805664062,25878,0.0,0.0,0.0
2024-01-11 14:30:00-05:00,20.81999969482422,20.839500427246094,20.809999465942383,20.81999969482422,31690,0.0,0.0,0.0
2024-01-11 15:30:00-05:00,20.81999969482422,20.839799880981445,20.799999237060547,20.815000534057617,16440,0.0,0.0,0.0
2024-01-12 09:30:00-05:00,20.850000381469727,20.940000534057617,20.810100555419922,20.820100784301758,63038,0.0,0.0,0.0
2024-01-12 10:30:00-05:00,20.84000015258789,20.899999618530273,20.84000015258789,20.870100021362305,52316,0.0,0.0,0.0
2024-01-12 11:30:00-05:00,20.889999389648438,20.899999618530273,20.870100021362305,20.889999389648438,23443,0.0,0.0,0.0
2024-01-12 12:30:00-05:00,20.889999389648438,20.940000534057617,20.889999389648438,20.93000030517578,22115,0.0,0.0,0.0
2024-01-12 13:30:00-05:00,20.93000030517578,20.979999542236328,20.920000076293945,20.95009994506836,17744,0.0,0.0,0.0
2024-01-12 14:30:00-05:00,20.950000762939453,20.979999542236328,20.93000030517578,20.979900360107422,32570,0.0,0.0,0.0
2024-01-12 15:30:00-05:00,20.979900360107422,20.989999771118164,20.950000762939453,20.989999771118164,19951,0.0,0.0,0.0
2024-01-16 09:30:00-05:00,20.969999313354492,20.969999313354492,20.860000610351562,20.8799991607666,182590,0.0,0.0,0.0
2024-01-16 10:30:00-05:00,20.899900436401367,20.899900436401367,20.81999969482422,20.850000381469727,73713,0.0,0.0,0.0
2024-01-16 11:30:00-05:00,20.850000381469727,20.889999389648438,20.829999923706055,20.864999771118164,95289,0.0,0.0,0.0
2024-01-16 12:30:00-05:00,20.864999771118164,20.8799991607666,20.850000381469727,20.8799991607666,39849,0.0,0.0,0.0
2024-01-16 13:30:00-05:00,20.875,20.899900436401367,20.850000381469727,20.850000381469727,53492,0.0,0.0,0.0
2024-01-16 14:30:00-05:00,20.850000381469727,20.88990020751953,20.829999923706055,20.8799991607666,50888,0.0,0.0,0.0
2024-01-16 15:30:00-05:00,20.879899978637695,20.889999389648438,20.860000610351562,20.889999389648438,44644,0.0,0.0,0.0
2024-01-17 09:30:00-05:00,20.8700008392334,20.889999389648438,20.790000915527344,20.81450080871582,102290,0.0,0.0,0.0
2024-01-17 10:30:00-05:00,20.81999969482422,20.82990074157715,20.799999237060547,20.819700241088867,51358,0.0,0.0,0.0
2024-01-17 11:30:00-05:00,20.809999465942383,20.809999465942383,20.735000610351562,20.75189971923828,43585,0.0,0.0,0.0
2024-01-17 12:30:00-05:00,20.7593994140625,20.759899139404297,20.670000076293945,20.67009925842285,27839,0.0,0.0,0.0
2024-01-17 13:30:00-05:00,20.679899215698242,20.68000030517578,20.6200008392334,20.679899215698242,23867,0.0,0.0,0.0
2024-01-17 14:30:00-05:00,20.67009925842285,20.700000762939453,20.670000076293945,20.68000030517578,36108,0.0,0.0,0.0
2024-01-17 15:30:00-05:00,20.700000762939453,20.719999313354492,20.670000076293945,20.709999084472656,0,0.0,0.0,0.0
2024-01-18 09:30:00-05:00,20.760000228881836,20.760000228881836,20.6200008392334,20.649999618530273,67038,0.0,0.0,0.0
2024-01-18 10:30:00-05:00,20.649799346923828,20.649999618530273,20.579999923706055,20.610000610351562,57852,0.0,0.0,0.0
2024-01-18 11:30:00-05:00,20.6200008392334,20.6299991607666,20.559999465942383,20.579999923706055,57703,0.0,0.0,0.0
2024-01-18 12:30:00-05:00,20.579999923706055,20.600000381469727,20.56999969482422,20.589099884033203,65346,0.0,0.0,0.0
2024-01-18 13:30:00-05:00,20.59000015258789,20.610000610351562,20.56999969482422,20.591800689697266,41154,0.0,0.0,0.0
2024-01-18 14:30:00-05:00,20.59000015258789,20.609600067138672,20.56999969482422,20.59000015258789,45479,0.0,0.0,0.0
2024-01-18 15:30:00-05:00,20.610000610351562,20.610000610351562,20.584999084472656,20.59000015258789,48065,0.0,0.0,0.0
2024-01-19 09:30:00-05:00,20.68000030517578,20.700000762939453,20.479999542236328,20.520000457763672,98888,0.0,0.0,0.0
2024-01-19 10:30:00-05:00,20.540000915527344,20.559999465942383,20.5,20.540000915527344,39298,0.0,0.0,0.0
2024-01-19 11:30:00-05:00,20.540000915527344,20.540000915527344,20.520000457763672,20.540000915527344,25867,0.0,0.0,0.0
2024-01-19 12:30:00-05:00,20.534299850463867,20.580799102783203,20.520000457763672,20.559999465942383,42606,0.0,0.0,0.0
2024-01-19 13:30:00-05:00,20.565000534057617,20.599899291992188,20.559999465942383,20.599899291992188,23450,0.0,0.0,0.0
2024-01-19 14:30:00-05:00,20.579999923706055,20.649099349975586,20.579999923706055,20.642900466918945,15884,0.0,0.0,0.0
2024-01-19 15:30:00-05:00,20.655000686645508,20.700000762939453,20.6299991607666,20.670000076293945,17842,0.0,0.0,0.0
2024-01-22 09:30:00-05:00,20.649999618530273,20.670000076293945,20.58989906311035,20.6200008392334,118919,0.0,0.0,0.0
2024-01-22 10:30:00-05:00,20.6299991607666,20.671899795532227,20.579999923706055,20.59000015258789,54310,0.0,0.0,0.0
2024-01-22 11:30:00-05:00,20.58650016784668,20.639999389648438,20.513099670410156,20.530000686645508,78194,0.0,0.0,0.0
2024-01-22 12:30:00-05:00,20.530000686645508,20.59000015258789,20.520099639892578,20.565000534057617,49298,0.0,0.0,0.0
2024-01-22 13:30:00-05:00,20.559999465942383,20.579999923706055,20.550100326538086,20.56999969482422,26583,0.0,0.0,0.0
2024-01-22 14:30:00-05:00,20.559999465942383,20.56999969482422,20.549999237060547,20.56999969482422,90959,0.0,0.0,0.0
2024-01-22 15:30:00-05:00,20.56999969482422,20.629899978637695,20.559999465942383,20.59000015258789,66494,0.0,0.0,0.0
2024-01-23 09:30:00-05:00,20.670000076293945,20.670000076293945,20.559999465942383,20.578500747680664,58024,0.0,0.0,0.0
2024-01-23 10:30:00-05:00,20.575000762939453,20.58989906311035,20.549999237060547,20.557600021362305,54323,0.0,0.0,0.0
2024-01-23 11:30:00-05:00,20.57990074157715,20.59950065612793,20.549999237060547,20.579999923706055,72276,0.0,0.0,0.0
2024-01-23 12:30:00-05:00,20.600000381469727,20.6200008392334,20.559999465942383,20.597299575805664,22436,0.0,0.0,0.0
2024-01-23 13:30:00-05:00,20.5802001953125,20.599899291992188,20.56999969482422,20.58989906311035,34826,0.0,0.0,0.0
2024-01-23 14:30:00-05:00,20.575700759887695,20.59000015258789,20.56999969482422,20.570100784301758,44947,0.0,0.0,0.0
2024-01-23 15:30:00-05:00,20.56999969482422,20.599899291992188,20.56999969482422,20.572999954223633,17259,0.0,0.0,0.0
2024-01-24 09:30:00-05:00,20.68000030517578,20.700000762939453,20.540000915527344,20.549999237060547,58253,0.0,0.0,0.0
2024-01-24 10:30:00-05:00,20.549999237060547,20.619699478149414,20.549999237060547,20.575000762939453,104585,0.0,0.0,0.0
2024-01-24 11:30:00-05:00,20.600000381469727,20.600000381469727,20.549999237060547,20.550100326538086,31616,0.0,0.0,0.0
2024-01-24 12:30:00-05:00,20.56999969482422,20.600000381469727,20.550100326538086,20.58009910583496,105587,0.0,0.0,0.0
2024-01-24 13:30:00-05:00,20.594999313354492,20.609899520874023,20.559999465942383,20.56999969482422,25869,0.0,0.0,0.0
2024-01-24 14:30:00-05:00,20.56999969482422,20.600000381469727,20.56999969482422,20.579999923706055,19445,0.0,0.0,0.0
2024-01-24 15:30:00-05:00,20.579999923706055,20.59000015258789,20.549999237060547,20.549999237060547,24210,0.0,0.0,0.0
2024-01-25 09:30:00-05:00,20.639999389648438,20.679500579833984,20.56999969482422,20.56999969482422,75741,0.0,0.0,0.0
2024-01-25 10:30:00-05:00,20.56999969482422,20.65999984741211,20.56999969482422,20.600000381469727,38418,0.0,0.0,0.0
2024-01-25 11:30:00-05:00,20.610000610351562,20.63990020751953,20.600000381469727,20.6200008392334,476097,0.0,0.0,0.0
2024-01-25 12:30:00-05:00,20.635000228881836,20.68000030517578,20.60569953918457,20.6299991607666,39085,0.0,0.0,0.0
2024-01-25 13:30:00-05:00,20.6427001953125,20.690000534057617,20.6299991607666,20.689899444580078,22898,0.0,0.0,0.0
2024-01-25 14:30:00-05:00,20.674999237060547,20.739999771118164,20.649999618530273,20.649999618530273,72733,0.0,0.0,0.0
2024-01-25 15:30:00-05:00,20.739900588989258,20.75,20.719999313354492,20.749000549316406,5926,0.0,0.0,0.0
2024-01-26 09:30:00-05:00,20.770000457763672,20.80340003967285,20.700000762939453,20.790000915527344,43038,0.0,0.0,0.0
2024-01-26 10:30:00-05:00,20.775999069213867,20.799999237060547,20.75,20.790000915527344,73546,0.0,0.0,0.0
2024-01-26 11:30:00-05:00,20.795000076293945,20.8700008392334,20.790000915527344,20.854299545288086,40247,0.0,0.0,0.0
2024-01-26 12:30:00-05:00,20.8700008392334,20.8799991607666,20.850000381469727,20.872499465942383,19842,0.0,0.0,0.0
2024-01-26 13:30:00-05:00,20.875,20.88990020751953,20.820100784301758,20.84000015258789,40605,0.0,0.0,0.0
2024-01-26 14:30:00-05:00,20.839099884033203,20.860000610351562,20.805700302124023,20.859899520874023,33488,0.0,0.0,0.0
2024-01-26 15:30:00-05:00,20.844999313354492,20.85919952392578,20.809999465942383,20.829999923706055,19269,0.0,0.0,0.0
2024-01-29 09:30:00-05:00,20.920000076293945,20.920000076293945,20.860000610351562,20.8700008392334,128611,0.0,0.0,0.0
2024-01-29 10:30:00-05:00,20.899999618530273,20.90999984741211,20.850099563598633,20.879899978637695,59859,0.0,0.0,0.0
2024-01-29 11:30:00-05:00,20.87980079650879,20.894100189208984,20.860000610351562,20.894100189208984,25298,0.0,0.0,0.0
2024-01-29 12:30:00-05:00,20.899999618530273,20.920000076293945,20.889999389648438,20.90999984741211,33604,0.0,0.0,0.0
2024-01-29 13:30:00-05:00,20.90999984741211,20.90999984741211,20.889999389648438,20.905000686645508,50427,0.0,0.0,0.0
2024-01-29 14:30:00-05:00,20.905000686645508,20.939300537109375,20.8799991607666,20.914199829101562,41500,0.0,0.0,0.0
2024-01-29 15:30:00-05:00,20.940000534057617,20.940000534057617,20.889999389648438,20.889999389648438,25574,0.0,0.0,0.0
2024-01-30 09:30:00-05:00,20.989999771118164,21.0,20.860000610351562,20.860000610351562,95847,0.0,0.0,0.0
2024-01-30 10:30:00-05:00,20.885000228881836,20.940000534057617,20.870100021362305,20.924999237060547,36341,0.0,0.0,0.0
2024-01-30 11:30:00-05:00,20.929899215698242,20.937999725341797,20.920000076293945,20.924999237060547,51151,0.0,0.0,0.0
2024-01-30 12:30:00-05:00,20.92009925842285,20.93000030517578,20.90999984741211,20.912099838256836,34335,0.0,0.0,0.0
2024-01-30 13:30:00-05:00,20.920000076293945,20.950000762939453,20.90999984741211,20.934099197387695,28280,0.0,0.0,0.0
2024-01-30 14:30:00-05:00,20.950000762939453,20.979900360107422,20.950000762939453,20.963499069213867,32145,0.0,0.0,0.0
2024-01-30 15:30:00-05:00,20.950000762939453,20.969999313354492,20.950000762939453,20.950000762939453,23395,0.0,0.0,0.0
2024-01-31 09:30:00-05:00,20.969999313354492,20.979999542236328,20.90999984741211,20.94499969482422,85987,0.0,0.0,0.0
2024-01-31 10:30:00-05:00,20.940000534057617,20.969999313354492,20.93000030517578,20.950000762939453,123016,0.0,0.0,0.0
2024-01-31 11:30:00-05:00,20.95400047302246,20.969900131225586,20.920000076293945,20.95639991760254,33516,0.0,0.0,0.0
2024-01-31 12:30:00-05:00,20.965200424194336,20.965200424194336,20.93000030517578,20.94499969482422,26244,0.0,0.0,0.0
2024-01-31 13:30:00-05:00,20.942100524902344,20.950000762939453,20.905099868774414,20.93000030517578,42073,0.0,0.0,0.0
2024-01-31 14:30:00-05:00,20.924999237060547,20.969999313354492,20.88089942932129,20.927099227905273,68529,0.0,0.0,0.0
2024-01-31 15:30:00-05:00,20.90999984741211,20.911800384521484,20.8799991607666,20.895000457763672,26475,0.0,0.0,0.0
2024-02-01 09:30:00-05:00,20.969999313354492,20.969999313354492,20.809999465942383,20.8799991607666,90212,0.0,0.0,0.0
2024-02-01 10:30:00-05:00,20.8799991607666,20.899799346923828,20.770000457763672,20.780500411987305,104181,0.0,0.0,0.0
2024-02-01 11:30:00-05:00,20.790000915527344,20.8700008392334,20.790000915527344,20.83009910583496,36988,0.0,0.0,0.0
2024-02-01 12:30:00-05:00,20.850000381469727,20.950000762939453,20.850000381469727,20.93000030517578,43028,0.0,0.0,0.0
2024-02-01 13:30:00-05:00,20.93000030517578,20.950000762939453,20.924999237060547,20.940000534057617,28755,0.0,0.0,0.0
2024-02-01 14:30:00-05:00,20.939899444580078,20.989900588989258,20.920000076293945,20.979999542236328,59524,0.0,0.0,0.0
2024-02-01 15:30:00-05:00,20.989999771118164,21.0310001373291,20.985000610351562,21.0,48388,0.0,0.0,0.0
2024-02-02 09:30:00-05:00,20.989999771118164,21.01490020751953,20.8700008392334,20.93000030517578,81325,0.0,0.0,0.0
2024-02-02 10:30:00-05:00,20.94930076599121,20.959299087524414,20.8799991607666,20.88010025024414,59278,0.0,0.0,0.0
2024-02-02 11:30:00-05:00,20.889999389648438,20.93000030517578,20.88010025024414,20.920000076293945,31558,0.0,0.0,0.0
2024-02-02 12:30:00-05:00,20.93000030517578,20.939899444580078,20.8799991607666,20.920000076293945,57925,0.0,0.0,0.0
2024-02-02 13:30:00-05:00,20.915000915527344,20.940000534057617,20.900100708007812,20.934999465942383,17164,0.0,0.0,0.0
2024-02-02 14:30:00-05:00,20.938600540161133,20.938600540161133,20.899999618530273,20.90999984741211,39968,0.0,0.0,0.0
2024-02-02 15:30:00-05:00,20.929899215698242,20.929899215698242,20.889999389648438,20.899999618530273,17579,0.0,0.0,0.0
2024-02-05 09:30:00-05:00,20.8799991607666,20.8799991607666,20.68000030517578,20.719999313354492,141062,0.0,0.0,0.0
2024-02-05 10:30:00-05:00,20.700000762939453,20.739999771118164,20.66010093688965,20.719999313354492,37469,0.0,0.0,0.0
2024-02-05 11:30:00-05:00,20.728300094604492,20.739999771118164,20.700000762939453,20.719999313354492,27812,0.0,0.0,0.0
2024-02-05 12:30:00-05:00,20.729999542236328,20.729999542236328,20.65999984741211,20.65999984741211,43142,0.0,0.0,0.0
2024-02-05 13:30:00-05:00,20.670000076293945,20.699899673461914,20.638999938964844,20.639999389648438,58538,0.0,0.0,0.0
2024-02-05 14:30:00-05:00,20.647499084472656,20.68000030517578,20.6200008392334,20.6299991607666,51849,0.0,0.0,0.0
2024-02-05 15:30:00-05:00,20.621200561523438,20.672100067138672,20.600000381469727,20.6200008392334,45669,0.0,0.0,0.0
2024-02-06 09:30:00-05:00,20.670000076293945,20.68000030517578,20.600000381469727,20.65999984741211,48357,0.0,0.0,0.0
2024-02-06 10:30:00-05:00,20.649999618530273,20.700000762939453,20.649999618530273,20.669200897216797,49092,0.0,0.0,0.0
2024-02-06 11:30:00-05:00,20.670000076293945,20.679899215698242,20.649999618530273,20.65999984741211,25034,0.0,0.0,0.0
2024-02-06 12:30:00-05:00,20.670000076293945,20.699899673461914,20.649999618530273,20.659900665283203,28598,0.0,0.0,0.0
2024-02-06 13:30:00-05:00,20.646299362182617,20.68090057373047,20.640100479125977,20.670000076293945,29240,0.0,0.0,0.0
2024-02-06 14:30:00-05:00,20.67639923095703,20.689899444580078,20.65999984741211,20.665700912475586,15888,0.0,0.0,0.0
2024-02-06 15:30:00-05:00,20.665000915527344,20.691999435424805,20.6299991607666,20.691999435424805,40952,0.0,0.0,0.0
2024-02-07 09:30:00-05:00,20.719999313354492,20.740699768066406,20.649999618530273,20.670000076293945,54894,0.0,0.0,0.0
2024-02-07 10:30:00-05:00,20.65999984741211,20.679899215698242,20.639999389648438,20.650100708007812,61937,0.0,0.0,0.0
2024-02-07 11:30:00-05:00,20.679899215698242,20.689899444580078,20.650100708007812,20.65999984741211,23205,0.0,0.0,0.0
2024-02-07 12:30:00-05:00,20.65999984741211,20.670000076293945,20.649999618530273,20.659900665283203,33795,0.0,0.0,0.0
2024-02-07 13:30:00-05:00,20.65999984741211,20.700000762939453,20.639999389648438,20.69499969482422,22817,0.0,0.0,0.0
2024-02-07 14:30:00-05:00,20.700000762939453,20.700000762939453,20.670000076293945,20.690000534057617,30352,0.0,0.0,0.0
2024-02-07 15:30:00-05:00,20.69499969482422,20.700000762939453,20.68000030517578,20.68000030517578,50665,0.0,0.0,0.0
2024-02-08 09:30:00-05:00,20.690000534057617,20.690000534057617,20.6200008392334,20.65999984741211,44749,0.0,0.0,0.0
2024-02-08 10:30:00-05:00,20.665000915527344,20.670000076293945,20.579999923706055,20.5841007232666,65149,0.0,0.0,0.0
2024-02-08 11:30:00-05:00,20.600000381469727,20.649999618530273,20.59749984741211,20.639999389648438,14540,0.0,0.0,0.0
2024-02-08 12:30:00-05:00,20.649999618530273,20.6914005279541,20.640100479125977,20.690000534057617,23725,0.0,0.0,0.0
2024-02-08 13:30:00-05:00,20.67609977722168,20.709999084472656,20.67609977722168,20.704999923706055,37984,0.0,0.0,0.0
2024-02-08 14:30:00-05:00,20.70989990234375,20.709999084472656,20.700000762939453,20.70870018005371,38682,0.0,0.0,0.0
2024-02-08 15:30:00-05:00,20.704999923706055,20.719999313354492,20.700000762939453,20.700000762939453,23329,0.0,0.0,0.0
2024-02-09 09:30:00-05:00,20.719999313354492,20.740699768066406,20.700000762939453,20.733800888061523,0,0.0,0.0,0.0
2024-02-09 10:30:00-05:00,20.729999542236328,20.75429916381836,20.719999313354492,20.748600006103516,24855,0.0,0.0,0.0
2024-02-09 11:30:00-05:00,20.7450008392334,20.75979995727539,20.719999313354492,20.75,38403,0.0,0.0,0.0
2024-02-09 12:30:00-05:00,20.75,20.799999237060547,20.739999771118164,20.799299240112305,54321,0.0,0.0,0.0
2024-02-09 13:30:00-05:00,20.78499984741211,20.850000381469727,20.78499984741211,20.84000015258789,57811,0.0,0.0,0.0
2024-02-09 14:30:00-05:00,20.849899291992188,20.859899520874023,20.829999923706055,20.850000381469727,42147,0.0,0.0,0.0
2024-02-09 15:30:00-05:00,20.850000381469727,20.869800567626953,20.829999923706055,20.829999923706055,32177,0.0,0.0,0.0
2024-02-12 09:30:00-05:00,20.8700008392334,20.881099700927734,20.851200103759766,20.870100021362305,48234,0.0,0.0,0.0
2024-02-12 10:30:00-05:00,20.87820053100586,20.8799991607666,20.8700008392334,20.8799991607666,31551,0.0,0.0,0.0
2024-02-12 11:30:00-05:00,20.877899169921875,20.889999389648438,20.8700008392334,20.88990020751953,24372,0.0,0.0,0.0
2024-02-12 12:30:00-05:00,20.8799991607666,20.93899917602539,20.8799991607666,20.920000076293945,47718,0.0,0.0,0.0
2024-02-12 13:30:00-05:00,20.92009925842285,20.950000762939453,20.90999984741211,20.92009925842285,25052,0.0,0.0,0.0
2024-02-12 14:30:00-05:00,20.92569923400879,20.969999313354492,20.923099517822266,20.969999313354492,63956,0.0,0.0,0.0
2024-02-12 15:30:00-05:00,20.966899871826172,20.969999313354492,20.92099952697754,20.92099952697754,9436,0.0,0.0,0.0
2024-02-13 09:30:00-05:00,20.799999237060547,20.829999923706055,20.70170021057129,20.739999771118164,126743,0.0,0.0,0.0
2024-02-13 10:30:00-05:00,20.75,20.760000228881836,20.719999313354492,20.7450008392334,58526,0.0,0.0,0.0
2024-02-13 11:30:00-05:00,20.7450008392334,20.770000457763672,20.739999771118164,20.762500762939453,36743,0.0,0.0,0.0
2024-02-13 12:30:00-05:00,20.760000228881836,20.780000686645508,20.75,20.764999389648438,38338,0.0,0.0,0.0
2024-02-13 13:30:00-05:00,20.760000228881836,20.770000457763672,20.640100479125977,20.640100479125977,62716,0.0,0.0,0.0
2024-02-13 14:30:00-05:00,20.658000946044922,20.670000076293945,20.59000015258789,20.649999618530273,95518,0.0,0.0,0.0
2024-02-13 15:30:00-05:00,20.639999389648438,20.700000762939453,20.639999389648438,20.65999984741211,38109,0.0,0.0,0.0
2024-02-14 09:30:00-05:00,20.809999465942383,20.825899124145508,20.729999542236328,20.790000915527344,37459,0.0,0.0,0.0
2024-02-14 10:30:00-05:00,20.790000915527344,20.80500030517578,20.760000228881836,20.798999786376953,34027,0.0,0.0,0.0
2024-02-14 11:30:00-05:00,20.799999237060547,20.809999465942383,20.760000228881836,20.76799964904785,26173,0.0,0.0,0.0
2024-02-14 12:30:00-05:00,20.795000076293945,20.823299407958984,20.780000686645508,20.797199249267578,44902,0.0,0.0,0.0
2024-02-14 13:30:00-05:00,20.809999465942383,20.879899978637695,20.783700942993164,20.879899978637695,12014,0.0,0.0,0.0
2024-02-14 14:30:00-05:00,20.81999969482422,20.860000610351562,20.799999237060547,20.829999923706055,32486,0.0,0.0,0.0
2024-02-14 15:30:00-05:00,20.84000015258789,20.860000610351562,20.799999237060547,20.809999465942383,38719,0.0,0.0,0.0
2024-02-15 09:30:00-05:00,20.889999389648438,20.950000762939453,20.81999969482422,20.860000610351562,49220,0.0,0.0,0.0
2024-02-15 10:30:00-05:00,20.860000610351562,20.8700008392334,20.840099334716797,20.854999542236328,47496,0.0,0.0,0.0
2024-02-15 11:30:00-05:00,20.864999771118164,20.8799991607666,20.85409927368164,20.876300811767578,23144,0.0,0.0,0.0
2024-02-15 12:30:00-05:00,20.8799991607666,20.924999237060547,20.875,20.924999237060547,11061,0.0,0.0,0.0
2024-02-15 13:30:00-05:00,20.924999237060547,20.940000534057617,20.899999618530273,20.92799949645996,28391,0.0,0.0,0.0
2024-02-15 14:30:00-05:00,20.899999618530273,20.95989990234375,20.899999618530273,20.93910026550293,41455,0.0,0.0,0.0
2024-02-15 15:30:00-05:00,20.93000030517578,20.940000534057617,20.889999389648438,20.889999389648438,41001,0.0,0.0,0.0
2024-02-16 09:30:00-05:00,20.8799991607666,20.969999313354492,20.860000610351562,20.940000534057617,47874,0.0,0.0,0.0
2024-02-16 10:30:00-05:00,20.93000030517578,20.950000762939453,20.91010093688965,20.924999237060547,36963,0.0,0.0,0.0
2024-02-16 11:30:00-05:00,20.930400848388672,20.934999465942383,20.900100708007812,20.905000686645508,28558,0.0,0.0,0.0
2024-02-16 12:30:00-05:00,20.90220069885254,20.928499221801758,20.8799991607666,20.905000686645508,42509,0.0,0.0,0.0
2024-02-16 13:30:00-05:00,20.899999618530273,20.92799949645996,20.892499923706055,20.915000915527344,25692,0.0,0.0,0.0
2024-02-16 14:30:00-05:00,20.899999618530273,20.90999984741211,20.88129997253418,20.90999984741211,29788,0.0,0.0,0.0
2024-02-16 15:30:00-05:00,20.890199661254883,20.890199661254883,20.84000015258789,20.84000015258789,16545,0.0,0.0,0.0
2024-02-20 09:30:00-05:00,20.889999389648438,20.899999618530273,20.809999465942383,20.860000610351562,50638,0.0,0.0,0.0
2024-02-20 10:30:00-05:00,20.860000610351562,20.889999389648438,20.850099563598633,20.8799991607666,44466,0.0,0.0,0.0
2024-02-20 11:30:00-05:00,20.8799991607666,20.899999618530273,20.834999084472656,20.84000015258789,38604,0.0,0.0,0.0
2024-02-20 12:30:00-05:00,20.834999084472656,20.849899291992188,20.81999969482422,20.829999923706055,26373,0.0,0.0,0.0
2024-02-20 13:30:00-05:00,20.820100784301758,20.850000381469727,20.820100784301758,20.850000381469727,22334,0.0,0.0,0.0
2024-02-20 14:30:00-05:00,20.850000381469727,20.864999771118164,20.83009910583496,20.864999771118164,25899,0.0,0.0,0.0
2024-02-20 15:30:00-05:00,20.860000610351562,20.875,20.84000015258789,20.875,26645,0.0,0.0,0.0
2024-02-21 09:30:00-05:00,20.790000915527344,20.799999237060547,20.649999618530273,20.700000762939453,73423,0.0,0.0,0.0
2024-02-21 10:30:00-05:00,20.700000762939453,20.749000549316406,20.690000534057617,20.729999542236328,23481,0.0,0.0,0.0
2024-02-21 11:30:00-05:00,20.729999542236328,20.730899810791016,20.709999084472656,20.730899810791016,11741,0.0,0.0,0.0
2024-02-21 12:30:00-05:00,20.72209930419922,20.75,20.700000762939453,20.725000381469727,30954,0.0,0.0,0.0
2024-02-21 13:30:00-05:00,20.725000381469727,20.770000457763672,20.710100173950195,20.719999313354492,66278,0.0,0.0,0.0
2024-02-21 14:30:00-05:00,20.729999542236328,20.729999542236328,20.6924991607666,20.709999084472656,32261,0.0,0.0,0.0
2024-02-21 15:30:00-05:00,20.709999084472656,20.737199783325195,20.690000534057617,20.700000762939453,20619,0.0,0.0,0.0
2024-02-22 09:30:00-05:00,20.809999465942383,20.83989906311035,20.680099487304688,20.725000381469727,64123,0.0,0.0,0.0
2024-02-22 10:30:00-05:00,20.71500015258789,20.739999771118164,20.70009994506836,20.739900588989258,49011,0.0,0.0,0.0
2024-02-22 11:30:00-05:00,20.7450008392334,20.760000228881836,20.729999542236328,20.760000228881836,23167,0.0,0.0,0.0
2024-02-22 12:30:00-05:00,20.75,20.789499282836914,20.7450008392334,20.789499282836914,21016,0.0,0.0,0.0
2024-02-22 13:30:00-05:00,20.789899826049805,20.79990005493164,20.770000457763672,20.790000915527344,29649,0.0,0.0,0.0
2024-02-22 14:30:00-05:00,20.790000915527344,20.816600799560547,20.790000915527344,20.799999237060547,37047,0.0,0.0,0.0
2024-02-22 15:30:00-05:00,20.799999237060547,20.829999923706055,20.799999237060547,20.799999237060547,22442,0.0,0.0,0.0
2024-02-23 09:30:00-05:00,20.8799991607666,20.8799991607666,20.733699798583984,20.825000762939453,79455,0.0,0.0,0.0
2024-02-23 10:30:00-05:00,20.829299926757812,20.864999771118164,20.813600540161133,20.864999771118164,28571,0.0,0.0,0.0
2024-02-23 11:30:00-05:00,20.864999771118164,20.934999465942383,20.850000381469727,20.919599533081055,81356,0.0,0.0,0.0
2024-02-23 12:30:00-05:00,20.93000030517578,20.969999313354492,20.890100479125977,20.965200424194336,50901,0.0,0.0,0.0
2024-02-23 13:30:00-05:00,20.96500015258789,21.0,20.960100173950195,20.97010040283203,28846,0.0,0.0,0.0
2024-02-23 14:30:00-05:00,20.989999771118164,21.040000915527344,20.989999771118164,21.0226993560791,35422,0.0,0.0,0.0
2024-02-23 15:30:00-05:00,21.030000686645508,21.049999237060547,21.020099639892578,21.049999237060547,18594,0.0,0.0,0.0
2024-02-26 09:30:00-05:00,21.049999237060547,21.049999237060547,20.8700008392334,20.895000457763672,94965,0.0,0.0,0.0
2024-02-26 10:30:00-05:00,20.899999618530273,20.899999618530273,20.8700008392334,20.870100021362305,36148,0.0,0.0,0.0
2024-02-26 11:30:00-05:00,20.8700008392334,20.8799991607666,20.8700008392334,20.8700008392334,69019,0.0,0.0,0.0
2024-02-26 12:30:00-05:00,20.871299743652344,20.8799991607666,20.850000381469727,20.860000610351562,29317,0.0,0.0,0.0
2024-02-26 13:30:00-05:00,20.86989974975586,20.8700008392334,20.850000381469727,20.860000610351562,25487,0.0,0.0,0.0
2024-02-26 14:30:00-05:00,20.860000610351562,20.86989974975586,20.84000015258789,20.844999313354492,57066,0.0,0.0,0.0
2024-02-26 15:30:00-05:00,20.84000015258789,20.84000015258789,20.799999237060547,20.799999237060547,29171,0.0,0.0,0.0
2024-02-27 09:30:00-05:00,20.860000610351562,20.860000610351562,20.799999237060547,20.829999923706055,48156,0.0,0.0,0.0
2024-02-27 10:30:00-05:00,20.829999923706055,20.834999084472656,20.799999237060547,20.799999237060547,18019,0.0,0.0,0.0
2024-02-27 11:30:00-05:00,20.802099227905273,20.81999969482422,20.780000686645508,20.790000915527344,26069,0.0,0.0,0.0
2024-02-27 12:30:00-05:00,20.780000686645508,20.79199981689453,20.75,20.781099319458008,31193,0.0,0.0,0.0
2024-02-27 13:30:00-05:00,20.780000686645508,20.790000915527344,20.764999389648438,20.764999389648438,27824,0.0,0.0,0.0
2024-02-27 14:30:00-05:00,20.764999389648438,20.770000457763672,20.75,20.760000228881836,23331,0.0,0.0,0.0
2024-02-27 15:30:00-05:00,20.770000457763672,20.780000686645508,20.759000778198242,20.770000457763672,20569,0.0,0.0,0.0
2024-02-28 09:30:00-05:00,20.790000915527344,20.799999237060547,20.75,20.770000457763672,63017,0.0,0.0,0.0
2024-02-28 10:30:00-05:00,20.770000457763672,20.829999923706055,20.770000457763672,20.829999923706055,59941,0.0,0.0,0.0
2024-02-28 11:30:00-05:00,20.825000762939453,20.829999923706055,20.799999237060547,20.80500030517578,30906,0.0,0.0,0.0
2024-02-28 12:30:00-05:00,20.809999465942383,20.809999465942383,20.799999237060547,20.802099227905273,9022,0.0,0.0,0.0
2024-02-28 13:30:00-05:00,20.799999237060547,20.809900283813477,20.781200408935547,20.790000915527344,19666,0.0,0.0,0.0
2024-02-28 14:30:00-05:00,20.799999237060547,20.799999237060547,20.780099868774414,20.780099868774414,40061,0.0,0.0,0.0
2024-02-28 15:30:00-05:00,20.781400680541992,20.809999465942383,20.780000686645508,20.799999237060547,12870,0.0,0.0,0.0
2024-02-29 09:30:00-05:00,20.889999389648438,20.889999389648438,20.829999923706055,20.86989974975586,38579,0.0,0.0,0.0
2024-02-29 10:30:00-05:00,20.86989974975586,20.8799991607666,20.81999969482422,20.860000610351562,20785,0.0,0.0,0.0
2024-02-29 11:30:00-05:00,20.850000381469727,20.8799991607666,20.826099395751953,20.8799991607666,19173,0.0,0.0,0.0
2024-02-29 12:30:00-05:00,20.8700008392334,20.899999618530273,20.8700008392334,20.8799991607666,27083,0.0,0.0,0.0
2024-02-29 13:30:00-05:00,20.889999389648438,20.899900436401367,20.860000610351562,20.875,23330,0.0,0.0,0.0
2024-02-29 14:30:00-05:00,20.879899978637695,20.929899215698242,20.8700008392334,20.91710090637207,26152,0.0,0.0,0.0
2024-02-29 15:30:00-05:00,20.920000076293945,20.959999084472656,20.920000076293945,20.940000534057617,25351,0.0,0.0,0.0
2024-03-01 09:30:00-05:00,20.979999542236328,21.0,20.84000015258789,20.8981990814209,116860,0.0,0.0,0.0
2024-03-01 10:30:00-05:00,20.933900833129883,20.940000534057617,20.900100708007812,20.920000076293945,47633,0.0,0.0,0.0
2024-03-01 11:30:00-05:00,20.91710090637207,20.940000534057617,20.914100646972656,20.92009925842285,35208,0.0,0.0,0.0
2024-03-01 12:30:00-05:00,20.920000076293945,20.9424991607666,20.920000076293945,20.920000076293945,35218,0.0,0.0,0.0
2024-03-01 13:30:00-05:00,20.920000076293945,20.950000762939453,20.915000915527344,20.940000534057617,295219,0.0,0.0,0.0
2024-03-01 14:30:00-05:00,20.940000534057617,20.950000762939453,20.93000030517578,20.940000534057617,28015,0.0,0.0,0.0
2024-03-01 15:30:00-05:00,20.940000534057617,20.949899673461914,20.899999618530273,20.899999618530273,23016,0.0,0.0,0.0
2024-03-04 09:30:00-05:00,20.860000610351562,20.93000030517578,20.860000610351562,20.90999984741211,47140,0.0,0.0,0.0
2024-03-04 10:30:00-05:00,20.90999984741211,20.940000534057617,20.90999984741211,20.940000534057617,33875,0.0,0.0,0.0
2024-03-04 11:30:00-05:00,20.930099487304688,20.930099487304688,20.914199829101562,20.915700912475586,16581,0.0,0.0,0.0
2024-03-04 12:30:00-05:00,20.915000915527344,20.920000076293945,20.885000228881836,20.885000228881836,24262,0.0,0.0,0.0
2024-03-04 13:30:00-05:00,20.88990020751953,20.920000076293945,20.8799991607666,20.89539909362793,37691,0.0,0.0,0.0
2024-03-04 14:30:00-05:00,20.889999389648438,20.90999984741211,20.889999389648438,20.899999618530273,26490,0.0,0.0,0.0
2024-03-04 15:30:00-05:00,20.899799346923828,20.899999618530273,20.860000610351562,20.860000610351562,15720,0.0,0.0,0.0
2024-03-05 09:30:00-05:00,20.899999618530273,20.959999084472656,20.885000228881836,20.920000076293945,70760,0.0,0.0,0.0
2024-03-05 10:30:00-05:00,20.904199600219727,20.940000534057617,20.904199600219727,20.939899444580078,34836,0.0,0.0,0.0
2024-03-05 11:30:00-05:00,20.93000030517578,20.939899444580078,20.900100708007812,20.9325008392334,52997,0.0,0.0,0.0
2024-03-05 12:30:00-05:00,20.93000030517578,20.940000534057617,20.90999984741211,20.924999237060547,33296,0.0,0.0,0.0
2024-03-05 13:30:00-05:00,20.924999237060547,20.940000534057617,20.920000076293945,20.924100875854492,52217,0.0,0.0,0.0
2024-03-05 14:30:00-05:00,20.920000076293945,20.929899215698242,20.889999389648438,20.900100708007812,23956,0.0,0.0,0.0
2024-03-05 15:30:00-05:00,20.90290069580078,20.93000030517578,20.899999618530273,20.899999618530273,31048,0.0,0.0,0.0
2024-03-06 09:30:00-05:00,20.950000762939453,21.0,20.940000534057617,20.989900588989258,37513,0.0,0.0,0.0
2024-03-06 10:30:00-05:00,20.989999771118164,21.039899826049805,20.979999542236328,21.0314998626709,57978,0.0,0.0,0.0
2024-03-06 11:30:00-05:00,21.030099868774414,21.060100555419922,20.985000610351562,20.989900588989258,32909,0.0,0.0,0.0
2024-03-06 12:30:00-05:00,20.988500595092773,20.989999771118164,20.960100173950195,20.975000381469727,22614,0.0,0.0,0.0
2024-03-06 13:30:00-05:00,20.979999542236328,20.979999542236328,20.940000534057617,20.954999923706055,39807,0.0,0.0,0.0
2024-03-06 14:30:00-05:00,20.959999084472656,20.979999542236328,20.950000762939453,20.959999084472656,27040,0.0,0.0,0.0
2024-03-06 15:30:00-05:00,20.96500015258789,20.969900131225586,20.90999984741211,20.90999984741211,20366,0.0,0.0,0.0
2024-03-07 09:30:00-05:00,21.06999969482422,21.09000015258789,21.040000915527344,21.075000762939453,55950,0.0,0.0,0.0
2024-03-07 10:30:00-05:00,21.075000762939453,21.07990074157715,21.046600341796875,21.059999465942383,25575,0.0,0.0,0.0
2024-03-07 11:30:00-05:00,21.069900512695312,21.069900512695312,21.049999237060547,21.050100326538086,55047,0.0,0.0,0.0
2024-03-07 12:30:00-05:00,21.05500030517578,21.09000015258789,21.049999237060547,21.08009910583496,30868,0.0,0.0,0.0
2024-03-07 13:30:00-05:00,21.084999084472656,21.110000610351562,21.073299407958984,21.09269905090332,20169,0.0,0.0,0.0
2024-03-07 14:30:00-05:00,21.099899291992188,21.100000381469727,21.06999969482422,21.075000762939453,26879,0.0,0.0,0.0
2024-03-07 15:30:00-05:00,21.079999923706055,21.100000381469727,21.06999969482422,21.06999969482422,10686,0.0,0.0,0.0
2024-03-08 09:30:00-05:00,21.079999923706055,21.184999465942383,21.079999923706055,21.170000076293945,56056,0.0,0.0,0.0
2024-03-08 10:30:00-05:00,21.170000076293945,21.18000030517578,21.149999618530273,21.15999984741211,27567,0.0,0.0,0.0
2024-03-08 11:30:00-05:00,21.155000686645508,21.170000076293945,21.140100479125977,21.155000686645508,54670,0.0,0.0,0.0
2024-03-08 12:30:00-05:00,21.15999984741211,21.16010093688965,21.1299991607666,21.16010093688965,43770,0.0,0.0,0.0
2024-03-08 13:30:00-05:00,21.167999267578125,21.167999267578125,21.140100479125977,21.167499542236328,40671,0.0,0.0,0.0
2024-03-08 14:30:00-05:00,21.15999984741211,21.18000030517578,21.149999618530273,21.149999618530273,32035,0.0,0.0,0.0
2024-03-08 15:30:00-05:00,21.145000457763672,21.16990089416504,21.145000457763672,21.15999984741211,16260,0.0,0.0,0.0
2024-03-11 09:30:00-04:00,21.229999542236328,21.23979949951172,21.155000686645508,21.170000076293945,74789,0.0,0.0,0.0
2024-03-11 10:30:00-04:00,21.170000076293945,21.18000030517578,21.153900146484375,21.171199798583984,50989,0.0,0.0,0.0
2024-03-11 11:30:00-04:00,21.18000030517578,21.200000762939453,21.170000076293945,21.196500778198242,44775,0.0,0.0,0.0
2024-03-11 12:30:00-04:00,21.18000030517578,21.200000762939453,21.18000030517578,21.190000534057617,42710,0.0,0.0,0.0
2024-03-11 13:30:00-04:00,21.184999465942383,21.190000534057617,21.15999984741211,21.15999984741211,77685,0.0,0.0,0.0
2024-03-11 14:30:00-04:00,21.15999984741211,21.170000076293945,21.1299991607666,21.13599967956543,44378,0.0,0.0,0.0
2024-03-11 15:30:00-04:00,21.1299991607666,21.13759994506836,21.114999771118164,21.1200008392334,22829,0.0,0.0,0.0
2024-03-12 09:30:00-04:00,21.139999389648438,21.189899444580078,21.06999969482422,21.06999969482422,75169,0.0,0.0,0.0
2024-03-12 10:30:00-04:00,21.07990074157715,21.104999542236328,21.060100555419922,21.092500686645508,40595,0.0,0.0,0.0
2024-03-12 11:30:00-04:00,21.094999313354492,21.100000381469727,21.060100555419922,21.06999969482422,30162,0.0,0.0,0.0
2024-03-12 12:30:00-04:00,21.06999969482422,21.08989906311035,21.049999237060547,21.06999969482422,33333,0.0,0.0,0.0
2024-03-12 13:30:00-04:00,21.06999969482422,21.09000015258789,21.059999465942383,21.08690071105957,23344,0.0,0.0,0.0
2024-03-12 14:30:00-04:00,21.079999923706055,21.109899520874023,21.079999923706055,21.109899520874023,25538,0.0,0.0,0.0
2024-03-12 15:30:00-04:00,21.100000381469727,21.114999771118164,21.100000381469727,21.110000610351562,16785,0.0,0.0,0.0
2024-03-13 09:30:00-04:00,21.149999618530273,21.1697998046875,21.1200008392334,21.15690040588379,58631,0.0,0.0,0.0
2024-03-13 10:30:00-04:00,21.149999618530273,21.15999984741211,21.079999923706055,21.12179946899414,31812,0.0,0.0,0.0
2024-03-13 11:30:00-04:00,21.1299991607666,21.159900665283203,21.1200008392334,21.1299991607666,19050,0.0,0.0,0.0
2024-03-13 12:30:00-04:00,21.120100021362305,21.18000030517578,21.100000381469727,21.165000915527344,40447,0.0,0.0,0.0
2024-03-13 13:30:00-04:00,21.165000915527344,21.17020034790039,21.1200008392334,21.149999618530273,34092,0.0,0.0,0.0
2024-03-13 14:30:00-04:00,21.149999618530273,21.15489959716797,21.100000381469727,21.110000610351562,38679,0.0,0.0,0.0
2024-03-13 15:30:00-04:00,21.100099563598633,21.1200008392334,21.049999237060547,21.049999237060547,20833,0.0,0.0,0.0
2024-03-14 09:30:00-04:00,21.100000381469727,21.1299991607666,21.010099411010742,21.014999389648438,67525,0.0,0.0,0.0
2024-03-14 10:30:00-04:00,21.020000457763672,21.069599151611328,21.020000457763672,21.040000915527344,25821,0.0,0.0,0.0
2024-03-14 11:30:00-04:00,21.049999237060547,21.06999969482422,21.020000457763672,21.06999969482422,28344,0.0,0.0,0.0
2024-03-14 12:30:00-04:00,21.06999969482422,21.08009910583496,21.030000686645508,21.050100326538086,19719,0.0,0.0,0.0
2024-03-14 13:30:00-04:00,21.049999237060547,21.09000015258789,21.030099868774414,21.09000015258789,30207,0.0,0.0,0.0
2024-03-14 14:30:00-04:00,21.089799880981445,21.09000015258789,21.049999237060547,21.059999465942383,27297,0.0,0.0,0.0
2024-03-14 15:30:00-04:00,21.059999465942383,21.06999969482422,21.049999237060547,21.059999465942383,26418,0.0,0.0,0.0
2024-03-15 09:30:00-04:00,21.030000686645508,21.040000915527344,20.979999542236328,20.979999542236328,57131,0.0,0.0,0.0
2024-03-15 10:30:00-04:00,20.999900817871094,21.030000686645508,20.989999771118164,21.00149917602539,40707,0.0,0.0,0.0
2024-03-15 11:30:00-04:00,21.0049991607666,21.0049991607666,20.979999542236328,21.0,34522,0.0,0.0,0.0
2024-03-15 12:30:00-04:00,20.989999771118164,20.993200302124023,20.93000030517578,20.950000762939453,28324,0.0,0.0,0.0
2024-03-15 13:30:00-04:00,20.950000762939453,20.978200912475586,20.940000534057617,20.950000762939453,18014,0.0,0.0,0.0
2024-03-15 14:30:00-04:00,20.950000762939453,21.019899368286133,20.950000762939453,20.979999542236328,28992,0.0,0.0,0.0
2024-03-15 15:30:00-04:00,20.97010040283203,21.0,20.969999313354492,20.989999771118164,18838,0.0,0.0,0.0
2024-03-18 09:30:00-04:00,21.0,21.06599998474121,20.960100173950195,20.979999542236328,91431,0.0,0.0,0.0
2024-03-18 10:30:00-04:00,20.969999313354492,20.984800338745117,20.930099487304688,20.96619987487793,70132,0.0,0.0,0.0
2024-03-18 11:30:00-04:00,20.999799728393555,20.999799728393555,20.950000762939453,20.959999084472656,28528,0.0,0.0,0.0
2024-03-18 12:30:00-04:00,20.954999923706055,20.989999771118164,20.950000762939453,20.968799591064453,23906,0.0,0.0,0.0
2024-03-18 13:30:00-04:00,20.969999313354492,20.97800064086914,20.950000762939453,20.959999084472656,24144,0.0,0.0,0.0
2024-03-18 14:30:00-04:00,20.950000762939453,20.968000411987305,20.930099487304688,20.954999923706055,17330,0.0,0.0,0.0
2024-03-18 15:30:00-04:00,20.95210075378418,20.959999084472656,20.940000534057617,20.940000534057617,13584,0.0,0.0,0.0
2024-03-19 09:30:00-04:00,21.049999237060547,21.065000534057617,20.960100173950195,20.969999313354492,337192,0.0,0.0,0.0
2024-03-19 10:30:00-04:00,20.969999313354492,20.979900360107422,20.950000762939453,20.96500015258789,46338,0.0,0.0,0.0
2024-03-19 11:30:00-04:00,20.969999313354492,20.989900588989258,20.959999084472656,20.979999542236328,33255,0.0,0.0,0.0
2024-03-19 12:30:00-04:00,20.979999542236328,21.0,20.920000076293945,20.969200134277344,50951,0.0,0.0,0.0
2024-03-19 13:30:00-04:00,20.959999084472656,20.989999771118164,20.959999084472656,20.979999542236328,53770,0.0,0.0,0.0
2024-03-19 14:30:00-04:00,20.979999542236328,21.0,20.97010040283203,20.989999771118164,48315,0.0,0.0,0.0
2024-03-19 15:30:00-04:00,20.9950008392334,21.002500534057617,20.97010040283203,20.989999771118164,14894,0.0,0.0,0.0
2024-03-20 09:30:00-04:00,20.969999313354492,20.969999313354492,20.889999389648438,20.899999618530273,101713,0.0,0.0,0.0
2024-03-20 10:30:00-04:00,20.915000915527344,20.93000030517578,20.890100479125977,20.92009925842285,38929,0.0,0.0,0.0
2024-03-20 11:30:00-04:00,20.934999465942383,20.940000534057617,20.90999984741211,20.920000076293945,30319,0.0,0.0,0.0
2024-03-20 12:30:00-04:00,20.920000076293945,20.937999725341797,20.920000076293945,20.930099487304688,20907,0.0,0.0,0.0
2024-03-20 13:30:00-04:00,20.934999465942383,20.959999084472656,20.899999618530273,20.927200317382812,16214,0.0,0.0,0.0
2024-03-20 14:30:00-04:00,20.919700622558594,21.030000686645508,20.91010093688965,21.030000686645508,37939,0.0,0.0,0.0
2024-03-20 15:30:00-04:00,21.030000686645508,21.049999237060547,21.020099639892578,21.049999237060547,23901,0.0,0.0,0.0
2024-03-21 09:30:00-04:00,21.09000015258789,21.1299991607666,21.04050064086914,21.129499435424805,36237,0.0,0.0,0.0
2024-03-21 10:30:00-04:00,21.138099670410156,21.138099670410156,21.090099334716797,21.11009979248047,67162,0.0,0.0,0.0
2024-03-21 11:30:00-04:00,21.1299991607666,21.18000030517578,21.1200008392334,21.149999618530273,51195,0.0,0.0,0.0
2024-03-21 12:30:00-04:00,21.150100708007812,21.15999984741211,21.13010025024414,21.149999618530273,31694,0.0,0.0,0.0
2024-03-21 13:30:00-04:00,21.149999618530273,21.149999618530273,21.1299991607666,21.135000228881836,34247,0.0,0.0,0.0
2024-03-21 14:30:00-04:00,21.135000228881836,21.149999618530273,21.1299991607666,21.141700744628906,51567,0.0,0.0,0.0
2024-03-21 15:30:00-04:00,21.149999618530273,21.149999618530273,21.110000610351562,21.110000610351562,29741,0.0,0.0,0.0
2024-03-22 09:30:00-04:00,21.06999969482422,21.170000076293945,21.06999969482422,21.139799118041992,93000,0.0,0.0,0.0
2024-03-22 10:30:00-04:00,21.139999389648438,21.14590072631836,21.079999923706055,21.100000381469727,27784,0.0,0.0,0.0
2024-03-22 11:30:00-04:00,21.100000381469727,21.100000381469727,21.06999969482422,21.079999923706055,31131,0.0,0.0,0.0
2024-03-22 12:30:00-04:00,21.09000015258789,21.105499267578125,21.079999923706055,21.105499267578125,16661,0.0,0.0,0.0
2024-03-22 13:30:00-04:00,21.100000381469727,21.12470054626465,21.094600677490234,21.1200008392334,19454,0.0,0.0,0.0
2024-03-22 14:30:00-04:00,21.100099563598633,21.11009979248047,21.09000015258789,21.09000015258789,38393,0.0,0.0,0.0
2024-03-22 15:30:00-04:00,21.09000015258789,21.109899520874023,21.079999923706055,21.079999923706055,12026,0.0,0.0,0.0
2024-03-25 09:30:00-04:00,21.09000015258789,21.100000381469727,21.04990005493164,21.059999465942383,58437,0.0,0.0,0.0
2024-03-25 10:30:00-04:00,21.05500030517578,21.059999465942383,21.020000457763672,21.030000686645508,36926,0.0,0.0,0.0
2024-03-25 11:30:00-04:00,21.040000915527344,21.04010009765625,21.010099411010742,21.020000457763672,26647,0.0,0.0,0.0
2024-03-25 12:30:00-04:00,21.020000457763672,21.059900283813477,21.010000228881836,21.040000915527344,32480,0.0,0.0,0.0
2024-03-25 13:30:00-04:00,21.045000076293945,21.049999237060547,21.010000228881836,21.011899948120117,15268,0.0,0.0,0.0
2024-03-25 14:30:00-04:00,21.025100708007812,21.030000686645508,21.0,21.010000228881836,27238,0.0,0.0,0.0
2024-03-25 15:30:00-04:00,21.008399963378906,21.040000915527344,21.003299713134766,21.010000228881836,18076,0.0,0.0,0.0
2024-03-26 09:30:00-04:00,21.079999923706055,21.119199752807617,21.049999237060547,21.059999465942383,44202,0.0,0.0,0.0
2024-03-26 10:30:00-04:00,21.05340003967285,21.08989906311035,21.010099411010742,21.010099411010742,32841,0.0,0.0,0.0
2024-03-26 11:30:00-04:00,21.025100708007812,21.030000686645508,21.010000228881836,21.028499603271484,40093,0.0,0.0,0.0
2024-03-26 12:30:00-04:00,21.020000457763672,21.040000915527344,21.0,21.000099182128906,26246,0.0,0.0,0.0
2024-03-26 13:30:00-04:00,21.025699615478516,21.025699615478516,21.0,21.014999389648438,42372,0.0,0.0,0.0
2024-03-26 14:30:00-04:00,21.020000457763672,21.040000915527344,21.010000228881836,21.020000457763672,30261,0.0,0.0,0.0
2024-03-26 15:30:00-04:00,21.020000457763672,21.040000915527344,21.0,21.020000457763672,28169,0.0,0.0,0.0
2024-03-27 09:30:00-04:00,21.100000381469727,21.100000381469727,21.0,21.024999618530273,50583,0.0,0.0,0.0
2024-03-27 10:30:00-04:00,21.03700065612793,21.049999237060547,21.010000228881836,21.031299591064453,50328,0.0,0.0,0.0
2024-03-27 11:30:00-04:00,21.040000915527344,21.049999237060547,21.0,21.030000686645508,13208,0.0,0.0,0.0
2024-03-27 12:30:00-04:00,21.040000915527344,21.049999237060547,21.030000686645508,21.040000915527344,12022,0.0,0.0,0.0
2024-03-27 13:30:00-04:00,21.049999237060547,21.059999465942383,21.020000457763672,21.039899826049805,48959,0.0,0.0,0.0
2024-03-27 14:30:00-04:00,21.030000686645508,21.08930015563965,21.020000457763672,21.08930015563965,29958,0.0,0.0,0.0
2024-03-27 15:30:00-04:00,21.089000701904297,21.1299991607666,21.083999633789062,21.1299991607666,30133,0.0,0.0,0.0
2024-03-28 09:30:00-04:00,21.1299991607666,21.190000534057617,21.100000381469727,21.18400001525879,59264,0.0,0.0,0.0
2024-03-28 10:30:00-04:00,21.18000030517578,21.20680046081543,21.15999984741211,21.20680046081543,40128,0.0,0.0,0.0
2024-03-28 11:30:00-04:00,21.190000534057617,21.209999084472656,21.190000534057617,21.200000762939453,25576,0.0,0.0,0.0
2024-03-28 12:30:00-04:00,21.190000534057617,21.20639991760254,21.1200008392334,21.1200008392334,25389,0.0,0.0,0.0
2024-03-28 13:30:00-04:00,21.139999389648438,21.149999618530273,21.1200008392334,21.139699935913086,48053,0.0,0.0,0.0
2024-03-28 14:30:00-04:00,21.135000228881836,21.15999984741211,21.1200008392334,21.139999389648438,33114,0.0,0.0,0.0
2024-03-28 15:30:00-04:00,21.1200008392334,21.12969970703125,20.950000762939453,20.959999084472656,53259,0.0,0.0,0.0
2024-04-01 09:30:00-04:00,20.969999313354492,20.969999313354492,20.899999618530273,20.90220069885254,129461,0.0,0.0,0.0
2024-04-01 10:30:00-04:00,20.90999984741211,20.949800491333008,20.899999618530273,20.94499969482422,59597,0.0,0.0,0.0
2024-04-01 11:30:00-04:00,20.940000534057617,20.950000762939453,20.93000030517578,20.948699951171875,27305,0.0,0.0,0.0
2024-04-01 12:30:00-04:00,20.947999954223633,21.030000686645508,20.940000534057617,21.020000457763672,36788,0.0,0.0,0.0
2024-04-01 13:30:00-04:00,21.010099411010742,21.08989906311035,21.010099411010742,21.030099868774414,50076,0.0,0.0,0.0
2024-04-01 14:30:00-04:00,21.045000076293945,21.059999465942383,21.013099670410156,21.020000457763672,32324,0.0,0.0,0.0
2024-04-01 15:30:00-04:00,21.020000457763672,21.020000457763672,20.990100860595703,21.020000457763672,16301,0.0,0.0,0.0
2024-04-02 09:30:00-04:00,20.950000762939453,20.969900131225586,20.850000381469727,20.950000762939453,100625,0.0,0.0,0.0
2024-04-02 10:30:00-04:00,20.91010093688965,20.979900360107422,20.91010093688965,20.940000534057617,30245,0.0,0.0,0.0
2024-04-02 11:30:00-04:00,20.93000030517578,20.93000030517578,20.91010093688965,20.918800354003906,15837,0.0,0.0,0.0
2024-04-02 12:30:00-04:00,20.916000366210938,20.939899444580078,20.90999984741211,20.912500381469727,22366,0.0,0.0,0.0
2024-04-02 13:30:00-04:00,20.920000076293945,20.920000076293945,20.899999618530273,20.900100708007812,25884,0.0,0.0,0.0
2024-04-02 14:30:00-04:00,20.905000686645508,20.90999984741211,20.889999389648438,20.889999389648438,33655,0.0,0.0,0.0
2024-04-02 15:30:00-04:00,20.889999389648438,20.905000686645508,20.8799991607666,20.899999618530273,22423,0.0,0.0,0.0
2024-04-03 09:30:00-04:00,20.90999984741211,20.934999465942383,20.850000381469727,20.920000076293945,87116,0.0,0.0,0.0
2024-04-03 10:30:00-04:00,20.924999237060547,20.976999282836914,20.889999389648438,20.963300704956055,33189,0.0,0.0,0.0
2024-04-03 11:30:00-04:00,20.969999313354492,20.979999542236328,20.950000762939453,20.96500015258789,45612,0.0,0.0,0.0
2024-04-03 12:30:00-04:00,20.96500015258789,20.98349952697754,20.959999084472656,20.959999084472656,19570,0.0,0.0,0.0
2024-04-03 13:30:00-04:00,20.959999084472656,20.979900360107422,20.959999084472656,20.979900360107422,32206,0.0,0.0,0.0
2024-04-03 14:30:00-04:00,20.975000381469727,20.979999542236328,20.944799423217773,20.950000762939453,30855,0.0,0.0,0.0
2024-04-03 15:30:00-04:00,20.940099716186523,20.97800064086914,20.940099716186523,20.969999313354492,22981,0.0,0.0,0.0
2024-04-04 09:30:00-04:00,20.979999542236328,21.072200775146484,20.979999542236328,21.030000686645508,76424,0.0,0.0,0.0
2024-04-04 10:30:00-04:00,21.045299530029297,21.049999237060547,21.010000228881836,21.014999389648438,22173,0.0,0.0,0.0
2024-04-04 11:30:00-04:00,21.014999389648438,21.049999237060547,21.010000228881836,21.04599952697754,32795,0.0,0.0,0.0
2024-04-04 12:30:00-04:00,21.049999237060547,21.06999969482422,21.04990005493164,21.06570053100586,22042,0.0,0.0,0.0
2024-04-04 13:30:00-04:00,21.065000534057617,21.065000534057617,21.0,21.000099182128906,33531,0.0,0.0,0.0
2024-04-04 14:30:00-04:00,20.988000869750977,21.0,20.96500015258789,20.969900131225586,19080,0.0,0.0,0.0
2024-04-04 15:30:00-04:00,20.975000381469727,20.99650001525879,20.9512996673584,20.985000610351562,22816,0.0,0.0,0.0
2024-04-05 09:30:00-04:00,20.940000534057617,21.0,20.940000534057617,20.980100631713867,44772,0.0,0.0,0.0
2024-04-05 10:30:00-04:00,21.0,21.010000228881836,20.983299255371094,20.989999771118164,38652,0.0,0.0,0.0
2024-04-05 11:30:00-04:00,21.00670051574707,21.069900512695312,21.0,21.059999465942383,0,0.0,0.0,0.0
2024-04-05 12:30:00-04:00,21.059999465942383,21.06999969482422,21.030000686645508,21.040000915527344,141842,0.0,0.0,0.0
2024-04-05 13:30:00-04:00,21.045000076293945,21.04990005493164,20.989999771118164,21.005199432373047,26661,0.0,0.0,0.0
2024-04-05 14:30:00-04:00,20.9950008392334,21.010000228881836,20.969999313354492,20.975000381469727,19611,0.0,0.0,0.0
2024-04-05 15:30:00-04:00,20.976600646972656,21.030000686645508,20.976600646972656,20.990999221801758,6088,0.0,0.0,0.0
2024-04-08 09:30:00-04:00,21.020000457763672,21.06999969482422,20.989999771118164,21.008399963378906,64489,0.0,0.0,0.0
2024-04-08 10:30:00-04:00,21.010000228881836,21.020000457763672,20.990100860595703,21.010000228881836,22873,0.0,0.0,0.0
2024-04-08 11:30:00-04:00,21.015399932861328,21.02050018310547,21.0,21.0,39242,0.0,0.0,0.0
2024-04-08 12:30:00-04:00,21.0,21.019899368286133,20.989999771118164,21.009899139404297,25310,0.0,0.0,0.0
2024-04-08 13:30:00-04:00,21.0049991607666,21.030000686645508,21.000099182128906,21.010000228881836,24366,0.0,0.0,0.0
2024-04-08 14:30:00-04:00,21.010000228881836,21.020000457763672,21.0,21.000099182128906,12949,0.0,0.0,0.0
2024-04-08 15:30:00-04:00,21.000099182128906,21.017000198364258,20.989999771118164,20.989999771118164,31319,0.0,0.0,0.0
2024-04-09 09:30:00-04:00,20.989999771118164,21.02910041809082,20.979999542236328,21.0,50798,0.0,0.0,0.0
2024-04-09 10:30:00-04:00,21.003299713134766,21.01930046081543,20.979999542236328,20.984899520874023,18957,0.0,0.0,0.0
2024-04-09 11:30:00-04:00,20.989999771118164,21.016300201416016,20.979999542236328,21.010000228881836,18041,0.0,0.0,0.0
2024-04-09 12:30:00-04:00,21.019899368286133,21.020000457763672,21.002599716186523,21.017099380493164,27418,0.0,0.0,0.0
2024-04-09 13:30:00-04:00,21.020000457763672,21.030000686645508,21.004899978637695,21.009300231933594,20143,0.0,0.0,0.0
2024-04-09 14:30:00-04:00,21.015899658203125,21.021699905395508,20.93000030517578,20.975500106811523,82559,0.0,0.0,0.0
2024-04-09 15:30:00-04:00,20.979999542236328,20.989999771118164,20.959999084472656,20.969999313354492,13449,0.0,0.0,0.0
2024-04-10 09:30:00-04:00,20.899999618530273,20.899999618530273,20.770000457763672,20.829999923706055,113544,0.0,0.0,0.0
2024-04-10 10:30:00-04:00,20.829999923706055,20.829999923706055,20.719999313354492,20.739999771118164,54718,0.0,0.0,0.0
2024-04-10 11:30:00-04:00,20.7450008392334,20.7549991607666,20.649999618530273,20.68000030517578,88255,0.0,0.0,0.0
2024-04-10 12:30:00-04:00,20.68000030517578,20.699899673461914,20.579999923706055,20.65999984741211,64303,0.0,0.0,0.0
2024-04-10 13:30:00-04:00,20.65999984741211,20.729999542236328,20.65999984741211,20.69849967956543,24323,0.0,0.0,0.0
2024-04-10 14:30:00-04:00,20.69499969482422,20.739900588989258,20.680099487304688,20.73110008239746,21964,0.0,0.0,0.0
2024-04-10 15:30:00-04:00,20.729999542236328,20.739999771118164,20.700000762939453,20.729999542236328,12317,0.0,0.0,0.0
2024-04-11 09:30:00-04:00,20.649999618530273,20.70509910583496,20.579999923706055,20.6299991607666,47598,0.0,0.0,0.0
2024-04-11 10:30:00-04:00,20.600299835205078,20.649999618530273,20.600299835205078,20.610000610351562,35360,0.0,0.0,0.0
2024-04-11 11:30:00-04:00,20.610000610351562,20.649999618530273,20.600000381469727,20.649900436401367,40688,0.0,0.0,0.0
2024-04-11 12:30:00-04:00,20.63789939880371,20.68000030517578,20.6299991607666,20.674999237060547,28656,0.0,0.0,0.0
2024-04-11 13:30:00-04:00,20.679100036621094,20.700000762939453,20.650100708007812,20.690000534057617,16612,0.0,0.0,0.0
2024-04-11 14:30:00-04:00,20.690000534057617,20.700000762939453,20.67009925842285,20.684999465942383,22855,0.0,0.0,0.0
2024-04-11 15:30:00-04:00,20.67340087890625,20.690000534057617,20.662399291992188,20.690000534057617,11979,0.0,0.0,0.0
2024-04-12 09:30:00-04:00,20.65999984741211,20.75,20.649999618530273,20.719999313354492,29599,0.0,0.0,0.0
2024-04-12 10:30:00-04:00,20.729999542236328,20.75,20.709999084472656,20.733299255371094,19209,0.0,0.0,0.0
2024-04-12 11:30:00-04:00,20.739999771118164,20.75,20.739999771118164,20.740299224853516,29070,0.0,0.0,0.0
2024-04-12 12:30:00-04:00,20.742599487304688,20.7450008392334,20.700000762939453,20.700000762939453,22947,0.0,0.0,0.0
2024-04-12 13:30:00-04:00,20.690099716186523,20.709999084472656,20.689800262451172,20.690000534057617,44595,0.0,0.0,0.0
2024-04-12 14:30:00-04:00,20.690000534057617,20.69499969482422,20.641000747680664,20.667499542236328,21683,0.0,0.0,0.0
2024-04-12 15:30:00-04:00,20.674999237060547,20.709999084472656,20.649999618530273,20.670000076293945,17818,0.0,0.0,0.0
2024-04-15 09:30:00-04:00,20.700000762939453,20.700000762939453,20.54010009765625,20.55470085144043,67706,0.0,0.0,0.0
2024-04-15 10:30:00-04:00,20.540000915527344,20.554500579833984,20.350000381469727,20.350099563598633,108969,0.0,0.0,0.0
2024-04-15 11:30:00-04:00,20.3700008392334,20.40999984741211,20.350000381469727,20.3700008392334,47789,0.0,0.0,0.0
2024-04-15 12:30:00-04:00,20.3700008392334,20.3799991607666,20.350000381469727,20.350099563598633,39124,0.0,0.0,0.0
2024-04-15 13:30:00-04:00,20.373199462890625,20.373199462890625,20.299999237060547,20.299999237060547,41645,0.0,0.0,0.0
2024-04-15 14:30:00-04:00,20.299999237060547,20.30459976196289,20.15999984741211,20.165199279785156,64469,0.0,0.0,0.0
2024-04-15 15:30:00-04:00,20.174999237060547,20.218000411987305,20.170000076293945,20.18000030517578,45198,0.0,0.0,0.0
2024-04-16 09:30:00-04:00,20.239999771118164,20.303499221801758,20.100000381469727,20.226299285888672,95734,0.0,0.0,0.0
2024-04-16 10:30:00-04:00,20.225000381469727,20.25,20.200000762939453,20.229999542236328,40727,0.0,0.0,0.0
2024-04-16 11:30:00-04:00,20.219999313354492,20.269899368286133,20.210100173950195,20.269899368286133,35613,0.0,0.0,0.0
2024-04-16 12:30:00-04:00,20.2549991607666,20.269899368286133,20.220300674438477,20.229999542236328,14416,0.0,0.0,0.0
2024-04-16 13:30:00-04:00,20.200000762939453,20.219999313354492,20.149999618530273,20.170000076293945,24079,0.0,0.0,0.0
2024-04-16 14:30:00-04:00,20.14590072631836,20.170000076293945,20.1200008392334,20.1299991607666,20283,0.0,0.0,0.0
2024-04-16 15:30:00-04:00,20.124900817871094,20.132699966430664,20.100000381469727,20.100000381469727,22522,0.0,0.0,0.0
2024-04-17 09:30:00-04:00,20.280000686645508,20.360000610351562,20.250200271606445,20.277999877929688,40590,0.0,0.0,0.0
2024-04-17 10:30:00-04:00,20.299999237060547,20.319900512695312,20.270000457763672,20.28499984741211,25033,0.0,0.0,0.0
2024-04-17 11:30:00-04:00,20.299999237060547,20.299999237060547,20.270000457763672,20.277799606323242,27410,0.0,0.0,0.0
2024-04-17 12:30:00-04:00,20.274999618530273,20.36009979248047,20.270000457763672,20.36009979248047,27722,0.0,0.0,0.0
2024-04-17 13:30:00-04:00,20.375,20.420000076293945,20.3700008392334,20.411100387573242,31722,0.0,0.0,0.0
2024-04-17 14:30:00-04:00,20.415000915527344,20.441999435424805,20.350000381469727,20.369800567626953,13334,0.0,0.0,0.0
2024-04-17 15:30:00-04:00,20.350099563598633,20.367000579833984,20.299999237060547,20.299999237060547,12875,0.0,0.0,0.0
2024-04-18 09:30:00-04:00,20.329999923706055,20.389999389648438,20.31999969482422,20.3799991607666,40696,0.0,0.0,0.0
2024-04-18 10:30:00-04:00,20.3799991607666,20.440000534057617,20.329999923706055,20.3700008392334,27280,0.0,0.0,0.0
2024-04-18 11:30:00-04:00,20.3700008392334,20.385000228881836,20.353099822998047,20.35759925842285,42920,0.0,0.0,0.0
2024-04-18 12:30:00-04:00,20.350000381469727,20.364999771118164,20.299999237060547,20.299999237060547,23160,0.0,0.0,0.0
2024-04-18 13:30:00-04:00,20.303300857543945,20.319900512695312,20.280000686645508,20.280000686645508,21745,0.0,0.0,0.0
2024-04-18 14:30:00-04:00,20.280000686645508,20.280000686645508,20.260000228881836,20.260099411010742,17284,0.0,0.0,0.0
2024-04-18 15:30:00-04:00,20.270000457763672,20.29210090637207,20.25,20.25,0,0.0,0.0,0.0
2024-04-19 09:30:00-04:00,20.350000381469727,20.399999618530273,20.329999923706055,20.359100341796875,115539,0.0,0.0,0.0
2024-04-19 10:30:00-04:00,20.360000610351562,20.409799575805664,20.340099334716797,20.389999389648438,65860,0.0,0.0,0.0
2024-04-19 11:30:00-04:00,20.399999618530273,20.40999984741211,20.374399185180664,20.389999389648438,28745,0.0,0.0,0.0
2024-04-19 12:30:00-04:00,20.389999389648438,20.438600540161133,20.389999389648438,20.420000076293945,21444,0.0,0.0,0.0
2024-04-19 13:30:00-04:00,20.420000076293945,20.440000534057617,20.389999389648438,20.399999618530273,31248,0.0,0.0,0.0
2024-04-19 14:30:00-04:00,20.399999618530273,20.40999984741211,20.389999389648438,20.39900016784668,61883,0.0,0.0,0.0
2024-04-19 15:30:00-04:00,20.400400161743164,20.404800415039062,20.3799991607666,20.3799991607666,13615,0.0,0.0,0.0
2024-04-22 09:30:00-04:00,20.360000610351562,20.389999389648438,20.271099090576172,20.290000915527344,80110,0.0,0.0,0.0
2024-04-22 10:30:00-04:00,20.280000686645508,20.309999465942383,20.273500442504883,20.29010009765625,47770,0.0,0.0,0.0
2024-04-22 11:30:00-04:00,20.309999465942383,20.309999465942383,20.283300399780273,20.29990005493164,31146,0.0,0.0,0.0
2024-04-22 12:30:00-04:00,20.299999237060547,20.329999923706055,20.270000457763672,20.329999923706055,22708,0.0,0.0,0.0
2024-04-22 13:30:00-04:00,20.329999923706055,20.3700008392334,20.324899673461914,20.369699478149414,21472,0.0,0.0,0.0
2024-04-22 14:30:00-04:00,20.360000610351562,20.399999618530273,20.350000381469727,20.389999389648438,47052,0.0,0.0,0.0
2024-04-22 15:30:00-04:00,20.395000457763672,20.399999618530273,20.354400634765625,20.360000610351562,25070,0.0,0.0,0.0
2024-04-23 09:30:00-04:00,20.420000076293945,20.489999771118164,20.360000610351562,20.489999771118164,51655,0.0,0.0,0.0
2024-04-23 10:30:00-04:00,20.479999542236328,20.510000228881836,20.460100173950195,20.4950008392334,33129,0.0,0.0,0.0
2024-04-23 11:30:00-04:00,20.4950008392334,20.510000228881836,20.480100631713867,20.480300903320312,38635,0.0,0.0,0.0
2024-04-23 12:30:00-04:00,20.49209976196289,20.519899368286133,20.469999313354492,20.5,31621,0.0,0.0,0.0
2024-04-23 13:30:00-04:00,20.500099182128906,20.520000457763672,20.491100311279297,20.509899139404297,56640,0.0,0.0,0.0
2024-04-23 14:30:00-04:00,20.489999771118164,20.510000228881836,20.489999771118164,20.5,17130,0.0,0.0,0.0
2024-04-23 15:30:00-04:00,20.5,20.540000915527344,20.480100631713867,20.520000457763672,43707,0.0,0.0,0.0
2024-04-24 09:30:00-04:00,20.520000457763672,20.579999923706055,20.43000030517578,20.50950050354004,36240,0.0,0.0,0.0
2024-04-24 10:30:00-04:00,20.489999771118164,20.489999771118164,20.432100296020508,20.464099884033203,13391,0.0,0.0,0.0
2024-04-24 11:30:00-04:00,20.459999084472656,20.479900360107422,20.440000534057617,20.45989990234375,38469,0.0,0.0,0.0
2024-04-24 12:30:00-04:00,20.454999923706055,20.45800018310547,20.399999618530273,20.450000762939453,40903,0.0,0.0,0.0
2024-04-24 13:30:00-04:00,20.459699630737305,20.459999084472656,20.440000534057617,20.459999084472656,56256,0.0,0.0,0.0
2024-04-24 14:30:00-04:00,20.454999923706055,20.459999084472656,20.450000762939453,20.457500457763672,26532,0.0,0.0,0.0
2024-04-24 15:30:00-04:00,20.459999084472656,20.459999084472656,20.45009994506836,20.458999633789062,15945,0.0,0.0,0.0
2024-04-25 09:30:00-04:00,20.3799991607666,20.3799991607666,20.25,20.287099838256836,42266,0.0,0.0,0.0
2024-04-25 10:30:00-04:00,20.31999969482422,20.325000762939453,20.280099868774414,20.309999465942383,17450,0.0,0.0,0.0
2024-04-25 11:30:00-04:00,20.31999969482422,20.36989974975586,20.309999465942383,20.360000610351562,39421,0.0,0.0,0.0
2024-04-25 12:30:00-04:00,20.360000610351562,20.389999389648438,20.350000381469727,20.360000610351562,13568,0.0,0.0,0.0
2024-04-25 13:30:00-04:00,20.360000610351562,20.3700008392334,20.31999969482422,20.34000015258789,49859,0.0,0.0,0.0
2024-04-25 14:30:00-04:00,20.344999313354492,20.440000534057617,20.324899673461914,20.420000076293945,25049,0.0,0.0,0.0
2024-04-25 15:30:00-04:00,20.420000076293945,20.424999237060547,20.329999923706055,20.3700008392334,27287,0.0,0.0,0.0
2024-04-26 09:30:00-04:00,20.43000030517578,20.509899139404297,20.320100784301758,20.469999313354492,37328,0.0,0.0,0.0
2024-04-26 10:30:00-04:00,20.5,20.510000228881836,20.430099487304688,20.462799072265625,20875,0.0,0.0,0.0
2024-04-26 11:30:00-04:00,20.450000762939453,20.4596004486084,20.3799991607666,20.399999618530273,27134,0.0,0.0,0.0
2024-04-26 12:30:00-04:00,20.419700622558594,20.43000030517578,20.399999618530273,20.41010093688965,18410,0.0,0.0,0.0
2024-04-26 13:30:00-04:00,20.409900665283203,20.41990089416504,20.389999389648438,20.389999389648438,11971,0.0,0.0,0.0
2024-04-26 14:30:00-04:00,20.389999389648438,20.389999389648438,20.350000381469727,20.350000381469727,15351,0.0,0.0,0.0
2024-04-26 15:30:00-04:00,20.361299514770508,20.381999969482422,20.350000381469727,20.350000381469727,12657,0.0,0.0,0.0
2024-04-29 09:30:00-04:00,20.469999313354492,20.52989959716797,20.400100708007812,20.5,93233,0.0,0.0,0.0
2024-04-29 10:30:00-04:00,20.489999771118164,20.539899826049805,20.466299057006836,20.510000228881836,19418,0.0,0.0,0.0
2024-04-29 11:30:00-04:00,20.520000457763672,20.549999237060547,20.501100540161133,20.53499984741211,35132,0.0,0.0,0.0
2024-04-29 12:30:00-04:00,20.53499984741211,20.540000915527344,20.523300170898438,20.523300170898438,22100,0.0,0.0,0.0
2024-04-29 13:30:00-04:00,20.530000686645508,20.540000915527344,20.520099639892578,20.540000915527344,21419,0.0,0.0,0.0
2024-04-29 14:30:00-04:00,20.533700942993164,20.540000915527344,20.47260093688965,20.489900588989258,16810,0.0,0.0,0.0
2024-04-29 15:30:00-04:00,20.489900588989258,20.54990005493164,20.481700897216797,20.5,7018,0.0,0.0,0.0
2024-04-30 09:30:00-04:00,20.489999771118164,20.55900001525879,20.45009994506836,20.5231990814209,43436,0.0,0.0,0.0
2024-04-30 10:30:00-04:00,20.54210090637207,20.54210090637207,20.40999984741211,20.430099487304688,21666,0.0,0.0,0.0
2024-04-30 11:30:00-04:00,20.450000762939453,20.489999771118164,20.430099487304688,20.479999542236328,9530,0.0,0.0,0.0
2024-04-30 12:30:00-04:00,20.499000549316406,20.5,20.469999313354492,20.47010040283203,9622,0.0,0.0,0.0
2024-04-30 13:30:00-04:00,20.499799728393555,20.519899368286133,20.47010040283203,20.479999542236328,22565,0.0,0.0,0.0
2024-04-30 14:30:00-04:00,20.479999542236328,20.5,20.428199768066406,20.43000030517578,30725,0.0,0.0,0.0
2024-04-30 15:30:00-04:00,20.440000534057617,20.464599609375,20.415000915527344,20.450000762939453,13398,0.0,0.0,0.0
2024-05-01 09:30:00-04:00,20.600000381469727,20.600000381469727,20.520000457763672,20.54490089416504,47655,0.0,0.0,0.0
2024-05-01 10:30:00-04:00,20.559999465942383,20.56399917602539,20.461299896240234,20.485000610351562,24798,0.0,0.0,0.0
2024-05-01 11:30:00-04:00,20.500099182128906,20.57990074157715,20.5,20.515399932861328,17424,0.0,0.0,0.0
2024-05-01 12:30:00-04:00,20.53499984741211,20.545499801635742,20.520000457763672,20.53499984741211,11165,0.0,0.0,0.0
2024-05-01 13:30:00-04:00,20.53499984741211,20.57990074157715,20.520000457763672,20.56999969482422,25146,0.0,0.0,0.0
2024-05-01 14:30:00-04:00,20.575000762939453,20.638399124145508,20.56999969482422,20.6200008392334,38351,0.0,0.0,0.0
2024-05-01 15:30:00-04:00,20.594999313354492,20.594999313354492,20.56999969482422,20.56999969482422,12348,0.0,0.0,0.0
2024-05-02 09:30:00-04:00,20.610000610351562,20.646099090576172,20.520000457763672,20.610000610351562,37172,0.0,0.0,0.0
2024-05-02 10:30:00-04:00,20.610000610351562,20.68000030517578,20.579999923706055,20.68000030517578,45827,0.0,0.0,0.0
2024-05-02 11:30:00-04:00,20.68090057373047,20.75,20.670000076293945,20.729799270629883,38037,0.0,0.0,0.0
2024-05-02 12:30:00-04:00,20.690099716186523,20.760000228881836,20.690000534057617,20.745899200439453,21490,0.0,0.0,0.0
2024-05-02 13:30:00-04:00,20.759700775146484,20.760000228881836,20.729999542236328,20.75,25815,0.0,0.0,0.0
2024-05-02 14:30:00-04:00,20.7549991607666,20.760000228881836,20.729999542236328,20.759899139404297,18014,0.0,0.0,0.0
2024-05-02 15:30:00-04:00,20.746599197387695,20.746599197387695,20.6299991607666,20.684999465942383,15005,0.0,0.0,0.0
2024-05-03 09:30:00-04:00,20.799999237060547,20.8700008392334,20.719999313354492,20.719999313354492,76512,0.0,0.0,0.0
2024-05-03 10:30:00-04:00,20.729999542236328,20.749900817871094,20.70009994506836,20.729999542236328,18814,0.0,0.0,0.0
2024-05-03 11:30:00-04:00,20.729999542236328,20.790000915527344,20.729999542236328,20.75,219824,0.0,0.0,0.0
2024-05-03 12:30:00-04:00,20.757999420166016,20.757999420166016,20.735000610351562,20.735000610351562,21608,0.0,0.0,0.0
2024-05-03 13:30:00-04:00,20.729999542236328,20.774999618530273,20.719999313354492,20.774999618530273,40302,0.0,0.0,0.0
2024-05-03 14:30:00-04:00,20.77989959716797,20.780000686645508,20.750099182128906,20.770000457763672,25776,0.0,0.0,0.0
2024-05-03 15:30:00-04:00,20.751100540161133,20.780000686645508,20.739999771118164,20.739999771118164,65150,0.0,0.0,0.0
2024-05-06 09:30:00-04:00,20.770000457763672,20.82990074157715,20.770000457763672,20.790000915527344,44430,0.0,0.0,0.0
2024-05-06 10:30:00-04:00,20.81999969482422,20.860000610351562,20.809999465942383,20.834999084472656,39111,0.0,0.0,0.0
2024-05-06 11:30:00-04:00,20.82430076599121,20.834999084472656,20.729999542236328,20.729999542236328,178724,0.0,0.0,0.0
2024-05-06 12:30:00-04:00,20.729999542236328,20.849300384521484,20.719999313354492,20.801799774169922,131364,0.0,0.0,0.0
2024-05-06 13:30:00-04:00,20.810400009155273,20.84000015258789,20.809999465942383,20.83989906311035,22493,0.0,0.0,0.0
2024-05-06 14:30:00-04:00,20.83989906311035,20.87980079650879,20.828800201416016,20.8700008392334,37707,0.0,0.0,0.0
2024-05-06 15:30:00-04:00,20.8700008392334,20.8700008392334,20.84000015258789,20.84000015258789,8233,0.0,0.0,0.0
2024-05-07 09:30:00-04:00,20.950000762939453,20.950000762939453,20.889999389648438,20.93000030517578,46044,0.0,0.0,0.0
2024-05-07 10:30:00-04:00,20.923999786376953,20.939899444580078,20.900100708007812,20.93000030517578,38590,0.0,0.0,0.0
2024-05-07 11:30:00-04:00,20.920000076293945,20.934999465942383,20.90999984741211,20.924999237060547,28748,0.0,0.0,0.0
2024-05-07 12:30:00-04:00,20.926599502563477,20.93000030517578,20.899999618530273,20.90999984741211,31570,0.0,0.0,0.0
2024-05-07 13:30:00-04:00,20.90999984741211,20.91990089416504,20.8799991607666,20.885000228881836,16330,0.0,0.0,0.0
2024-05-07 14:30:00-04:00,20.8799991607666,20.88599967956543,20.84000015258789,20.859800338745117,35666,0.0,0.0,0.0
2024-05-07 15:30:00-04:00,20.840099334716797,20.852500915527344,20.81999969482422,20.81999969482422,15059,0.0,0.0,0.0
2024-05-08 09:30:00-04:00,20.760000228881836,20.799999237060547,20.710100173950195,20.764999389648438,37954,0.0,0.0,0.0
2024-05-08 10:30:00-04:00,20.770000457763672,20.81920051574707,20.760099411010742,20.799999237060547,19945,0.0,0.0,0.0
2024-05-08 11:30:00-04:00,20.790000915527344,20.799999237060547,20.760000228881836,20.770000457763672,20673,0.0,0.0,0.0
2024-05-08 12:30:00-04:00,20.760000228881836,20.779699325561523,20.65999984741211,20.664100646972656,34502,0.0,0.0,0.0
2024-05-08 13:30:00-04:00,20.65999984741211,20.671100616455078,20.600000381469727,20.6200008392334,36269,0.0,0.0,0.0
2024-05-08 14:30:00-04:00,20.614999771118164,20.670000076293945,20.57990074157715,20.65999984741211,29744,0.0,0.0,0.0
2024-05-08 15:30:00-04:00,20.665000915527344,20.68000030517578,20.649999618530273,20.670000076293945,26451,0.0,0.0,0.0
2024-05-09 09:30:00-04:00,20.690000534057617,20.719999313354492,20.639999389648438,20.719999313354492,46371,0.0,0.0,0.0
2024-05-09 10:30:00-04:00,20.690099716186523,20.739999771118164,20.680099487304688,20.72010040283203,23656,0.0,0.0,0.0
2024-05-09 11:30:00-04:00,20.729999542236328,20.739999771118164,20.690000534057617,20.709999084472656,19955,0.0,0.0,0.0
2024-05-09 12:30:00-04:00,20.72010040283203,20.733400344848633,20.700000762939453,20.733400344848633,16379,0.0,0.0,0.0
2024-05-09 13:30:00-04:00,20.739999771118164,20.81999969482422,20.739999771118164,20.81329917907715,13238,0.0,0.0,0.0
2024-05-09 14:30:00-04:00,20.795000076293945,20.81999969482422,20.77750015258789,20.81999969482422,9099,0.0,0.0,0.0
2024-05-09 15:30:00-04:00,20.81999969482422,20.820100784301758,20.80109977722168,20.815000534057617,6842,0.0,0.0,0.0
2024-05-10 09:30:00-04:00,20.729999542236328,20.828800201416016,20.729999542236328,20.770000457763672,64762,0.0,0.0,0.0
2024-05-10 10:30:00-04:00,20.770000457763672,20.809999465942383,20.75,20.76129913330078,22592,0.0,0.0,0.0
2024-05-10 11:30:00-04:00,20.770000457763672,20.780000686645508,20.739999771118164,20.780000686645508,14691,0.0,0.0,0.0
2024-05-10 12:30:00-04:00,20.780000686645508,20.799999237060547,20.770099639892578,20.799999237060547,15994,0.0,0.0,0.0
2024-05-10 13:30:00-04:00,20.780000686645508,20.829999923706055,20.770099639892578,20.82200050354004,42221,0.0,0.0,0.0
2024-05-10 14:30:00-04:00,20.799999237060547,20.811599731445312,20.780099868774414,20.811599731445312,10972,0.0,0.0,0.0
2024-05-10 15:30:00-04:00,20.809999465942383,20.850000381469727,20.79010009765625,20.81999969482422,27412,0.0,0.0,0.0
2024-05-13 09:30:00-04:00,20.84000015258789,20.97800064086914,20.84000015258789,20.950000762939453,36242,0.0,0.0,0.0
2024-05-13 10:30:00-04:00,20.950000762939453,20.95989990234375,20.90999984741211,20.92009925842285,37483,0.0,0.0,0.0
2024-05-13 11:30:00-04:00,20.93000030517578,20.949899673461914,20.920000076293945,20.940000534057617,18586,0.0,0.0,0.0
2024-05-13 12:30:00-04:00,20.940000534057617,20.959999084472656,20.929399490356445,20.93000030517578,43522,0.0,0.0,0.0
2024-05-13 13:30:00-04:00,20.93829917907715,20.95949935913086,20.925199508666992,20.940000534057617,20902,0.0,0.0,0.0
2024-05-13 14:30:00-04:00,20.920000076293945,20.93000030517578,20.90999984741211,20.90999984741211,27092,0.0,0.0,0.0
2024-05-13 15:30:00-04:00,20.899999618530273,20.909900665283203,20.84000015258789,20.84000015258789,51075,0.0,0.0,0.0
2024-05-14 09:30:00-04:00,20.860000610351562,20.959999084472656,20.790000915527344,20.895999908447266,54202,0.0,0.0,0.0
2024-05-14 10:30:00-04:00,20.850000381469727,20.920000076293945,20.850000381469727,20.895000457763672,15599,0.0,0.0,0.0
2024-05-14 11:30:00-04:00,20.899999618530273,20.920000076293945,20.8799991607666,20.915000915527344,23719,0.0,0.0,0.0
2024-05-14 12:30:00-04:00,20.91360092163086,20.920000076293945,20.860000610351562,20.8700008392334,26726,0.0,0.0,0.0
2024-05-14 13:30:00-04:00,20.8799991607666,20.889999389648438,20.86009979248047,20.873899459838867,25173,0.0,0.0,0.0
2024-05-14 14:30:00-04:00,20.875,20.909400939941406,20.870100021362305,20.899999618530273,28229,0.0,0.0,0.0
2024-05-14 15:30:00-04:00,20.899999618530273,20.920000076293945,20.889999389648438,20.920000076293945,23648,0.0,0.0,0.0
2024-05-15 09:30:00-04:00,20.979999542236328,21.06999969482422,20.95009994506836,21.04210090637207,56664,0.0,0.0,0.0
2024-05-15 10:30:00-04:00,21.040000915527344,21.075000762939453,21.040000915527344,21.06999969482422,55528,0.0,0.0,0.0
2024-05-15 11:30:00-04:00,21.079999923706055,21.079999923706055,21.059999465942383,21.06999969482422,42949,0.0,0.0,0.0
2024-05-15 12:30:00-04:00,21.079999923706055,21.079999923706055,21.059999465942383,21.077600479125977,21990,0.0,0.0,0.0
2024-05-15 13:30:00-04:00,21.06529998779297,21.09000015258789,21.06439971923828,21.09000015258789,26619,0.0,0.0,0.0
2024-05-15 14:30:00-04:00,21.09000015258789,21.1200008392334,21.079999923706055,21.114999771118164,42752,0.0,0.0,0.0
2024-05-15 15:30:00-04:00,21.114999771118164,21.139999389648438,21.112699508666992,21.135000228881836,31059,0.0,0.0,0.0
2024-05-16 09:30:00-04:00,21.190000534057617,21.190000534057617,21.100000381469727,21.11009979248047,54326,0.0,0.0,0.0
2024-05-16 10:30:00-04:00,21.110000610351562,21.1200008392334,21.070100784301758,21.09000015258789,24517,0.0,0.0,0.0
2024-05-16 11:30:00-04:00,21.08009910583496,21.100000381469727,21.08009910583496,21.100000381469727,29128,0.0,0.0,0.0
2024-05-16 12:30:00-04:00,21.100000381469727,21.1200008392334,21.079999923706055,21.099899291992188,25297,0.0,0.0,0.0
2024-05-16 13:30:00-04:00,21.09000015258789,21.106199264526367,21.08009910583496,21.081499099731445,30428,0.0,0.0,0.0
2024-05-16 14:30:00-04:00,21.09000015258789,21.110000610351562,21.08009910583496,21.110000610351562,22135,0.0,0.0,0.0
2024-05-16 15:30:00-04:00,21.1072998046875,21.1200008392334,21.1072998046875,21.111000061035156,14096,0.0,0.0,0.0
2024-05-17 09:30:00-04:00,21.139999389648438,21.190000534057617,21.100099563598633,21.117799758911133,59673,0.0,0.0,0.0
2024-05-17 10:30:00-04:00,21.135000228881836,21.15999984741211,21.1200008392334,21.136600494384766,33741,0.0,0.0,0.0
2024-05-17 11:30:00-04:00,21.149999618530273,21.154199600219727,21.1200008392334,21.139999389648438,21800,0.0,0.0,0.0
2024-05-17 12:30:00-04:00,21.139999389648438,21.143400192260742,21.100000381469727,21.100000381469727,44040,0.0,0.0,0.0
2024-05-17 13:30:00-04:00,21.100000381469727,21.1200008392334,21.100000381469727,21.110000610351562,10421,0.0,0.0,0.0
2024-05-17 14:30:00-04:00,21.114999771118164,21.160400390625,21.11009979248047,21.155000686645508,37432,0.0,0.0,0.0
2024-05-17 15:30:00-04:00,21.15999984741211,21.179899215698242,21.1299991607666,21.1299991607666,11776,0.0,0.0,0.0
2024-05-20 09:30:00-04:00,21.049999237060547,21.06999969482422,20.95009994506836,20.958099365234375,71148,0.0,0.0,0.0
2024-05-20 10:30:00-04:00,20.969999313354492,21.011999130249023,20.95009994506836,20.980100631713867,40723,0.0,0.0,0.0
2024-05-20 11:30:00-04:00,20.9950008392334,21.0,20.962099075317383,20.979900360107422,21129,0.0,0.0,0.0
2024-05-20 12:30:00-04:00,20.969999313354492,20.989999771118164,20.969999313354492,20.985000610351562,22798,0.0,0.0,0.0
2024-05-20 13:30:00-04:00,20.981000900268555,20.989999771118164,20.97010040283203,20.989900588989258,29098,0.0,0.0,0.0
2024-05-20 14:30:00-04:00,20.97209930419922,20.989999771118164,20.969999313354492,20.979999542236328,32062,0.0,0.0,0.0
2024-05-20 15:30:00-04:00,20.979900360107422,21.019899368286133,20.969999313354492,20.969999313354492,11698,0.0,0.0,0.0
2024-05-21 09:30:00-04:00,20.959999084472656,21.069900512695312,20.950000762939453,21.0,33766,0.0,0.0,0.0
2024-05-21 10:30:00-04:00,21.0049991607666,21.020000457763672,20.98889923095703,21.0,11862,0.0,0.0,0.0
2024-05-21 11:30:00-04:00,20.989999771118164,21.0,20.950000762939453,20.951099395751953,37077,0.0,0.0,0.0
2024-05-21 12:30:00-04:00,20.951499938964844,20.979999542236328,20.950000762939453,20.954999923706055,12717,0.0,0.0,0.0
2024-05-21 13:30:00-04:00,20.954999923706055,20.969999313354492,20.950000762939453,20.959999084472656,22036,0.0,0.0,0.0
2024-05-21 14:30:00-04:00,20.959999084472656,20.969900131225586,20.950000762939453,20.951099395751953,36735,0.0,0.0,0.0
2024-05-21 15:30:00-04:00,20.95800018310547,20.975000381469727,20.950000762939453,20.950000762939453,30632,0.0,0.0,0.0
2024-05-22 09:30:00-04:00,20.979999542236328,20.989999771118164,20.940000534057617,20.979999542236328,38024,0.0,0.0,0.0
2024-05-22 10:30:00-04:00,20.979999542236328,20.989900588989258,20.950000762939453,20.950000762939453,28036,0.0,0.0,0.0
2024-05-22 11:30:00-04:00,20.949899673461914,20.950000762939453,20.90999984741211,20.939899444580078,13038,0.0,0.0,0.0
2024-05-22 12:30:00-04:00,20.939800262451172,20.939899444580078,20.91670036315918,20.93000030517578,12121,0.0,0.0,0.0
2024-05-22 13:30:00-04:00,20.929399490356445,20.929399490356445,20.899999618530273,20.91990089416504,22380,0.0,0.0,0.0
2024-05-22 14:30:00-04:00,20.902000427246094,20.90999984741211,20.899999618530273,20.899999618530273,18131,0.0,0.0,0.0
2024-05-22 15:30:00-04:00,20.90999984741211,20.920000076293945,20.8799991607666,20.8799991607666,22229,0.0,0.0,0.0
2024-05-23 09:30:00-04:00,21.0,21.0,20.75,20.799999237060547,49005,0.0,0.0,0.0
2024-05-23 10:30:00-04:00,20.806900024414062,20.81999969482422,20.649999618530273,20.68000030517578,92906,0.0,0.0,0.0
2024-05-23 11:30:00-04:00,20.68000030517578,20.690000534057617,20.635000228881836,20.63629913330078,30935,0.0,0.0,0.0
2024-05-23 12:30:00-04:00,20.630300521850586,20.659900665283203,20.620100021362305,20.63640022277832,43610,0.0,0.0,0.0
2024-05-23 13:30:00-04:00,20.620100021362305,20.659299850463867,20.6200008392334,20.635000228881836,18934,0.0,0.0,0.0
2024-05-23 14:30:00-04:00,20.63010025024414,20.649999618530273,20.614999771118164,20.6205997467041,33982,0.0,0.0,0.0
2024-05-23 15:30:00-04:00,20.6299991607666,20.65999984741211,20.6299991607666,20.65999984741211,0,0.0,0.0,0.0
2024-05-24 09:30:00-04:00,20.690000534057617,20.729999542236328,20.6200008392334,20.729999542236328,46432,0.0,0.0,0.0
2024-05-24 10:30:00-04:00,20.729999542236328,20.75,20.714399337768555,20.734100341796875,39195,0.0,0.0,0.0
2024-05-24 11:30:00-04:00,20.720199584960938,20.770000457763672,20.700000762939453,20.770000457763672,11157,0.0,0.0,0.0
2024-05-24 12:30:00-04:00,20.75,20.770000457763672,20.729999542236328,20.760000228881836,23298,0.0,0.0,0.0
2024-05-24 13:30:00-04:00,20.780000686645508,20.809999465942383,20.760000228881836,20.809999465942383,17851,0.0,0.0,0.0
2024-05-24 14:30:00-04:00,20.796499252319336,20.82990074157715,20.790000915527344,20.815000534057617,10465,0.0,0.0,0.0
2024-05-24 15:30:00-04:00,20.820199966430664,20.84000015258789,20.809999465942383,20.809999465942383,30099,0.0,0.0,0.0
2024-05-28 09:30:00-04:00,20.950000762939453,21.100000381469727,20.920000076293945,21.02829933166504,121455,0.0,0.0,0.0
2024-05-28 10:30:00-04:00,21.010099411010742,21.040000915527344,21.010000228881836,21.014999389648438,39575,0.0,0.0,0.0
2024-05-28 11:30:00-04:00,21.04990005493164,21.04990005493164,21.0,21.014999389648438,44157,0.0,0.0,0.0
2024-05-28 12:30:00-04:00,21.01110076904297,21.020000457763672,20.979999542236328,20.979999542236328,17182,0.0,0.0,0.0
2024-05-28 13:30:00-04:00,20.979999542236328,20.979999542236328,20.940000534057617,20.954999923706055,23011,0.0,0.0,0.0
2024-05-28 14:30:00-04:00,20.940099716186523,20.979999542236328,20.940000534057617,20.979999542236328,18197,0.0,0.0,0.0
2024-05-28 15:30:00-04:00,20.959999084472656,20.989900588989258,20.93000030517578,20.979999542236328,18360,0.0,0.0,0.0
2024-05-29 09:30:00-04:00,20.940000534057617,20.940000534057617,20.848100662231445,20.860000610351562,64708,0.0,0.0,0.0
2024-05-29 10:30:00-04:00,20.875,20.875,20.799999237060547,20.816999435424805,19205,0.0,0.0,0.0
2024-05-29 11:30:00-04:00,20.81999969482422,20.829999923706055,20.809999465942383,20.813199996948242,17161,0.0,0.0,0.0
2024-05-29 12:30:00-04:00,20.81999969482422,20.81999969482422,20.780000686645508,20.799999237060547,18853,0.0,0.0,0.0
2024-05-29 13:30:00-04:00,20.80500030517578,20.83989906311035,20.780099868774414,20.83989906311035,16511,0.0,0.0,0.0
2024-05-29 14:30:00-04:00,20.820100784301758,20.86989974975586,20.820100784301758,20.84280014038086,13598,0.0,0.0,0.0
2024-05-29 15:30:00-04:00,20.850000381469727,20.8700008392334,20.829999923706055,20.84000015258789,31570,0.0,0.0,0.0
2024-05-30 09:30:00-04:00,20.84000015258789,20.88990020751953,20.809600830078125,20.88990020751953,9128,0.0,0.0,0.0
2024-05-30 10:30:00-04:00,20.88990020751953,20.90999984741211,20.860000610351562,20.889999389648438,23003,0.0,0.0,0.0
2024-05-30 11:30:00-04:00,20.889999389648438,20.95829963684082,20.889999389648438,20.940099716186523,39698,0.0,0.0,0.0
2024-05-30 12:30:00-04:00,20.969900131225586,20.989900588989258,20.940099716186523,20.983600616455078,12817,0.0,0.0,0.0
2024-05-30 13:30:00-04:00,20.979900360107422,20.979999542236328,20.950000762939453,20.950000762939453,12121,0.0,0.0,0.0
2024-05-30 14:30:00-04:00,20.950000762939453,20.969999313354492,20.941499710083008,20.950000762939453,15227,0.0,0.0,0.0
2024-05-30 15:30:00-04:00,20.950000762939453,20.954999923706055,20.92009925842285,20.93000030517578,13954,0.0,0.0,0.0
2024-05-31 09:30:00-04:00,21.0,21.059999465942383,20.90999984741211,21.03499984741211,27419,0.0,0.0,0.0
2024-05-31 10:30:00-04:00,21.030000686645508,21.040000915527344,21.014999389648438,21.03190040588379,17146,0.0,0.0,0.0
2024-05-31 11:30:00-04:00,21.030000686645508,21.040000915527344,21.0,21.009899139404297,27936,0.0,0.0,0.0
2024-05-31 12:30:00-04:00,21.009899139404297,21.079999923706055,20.981000900268555,21.06999969482422,33023,0.0,0.0,0.0
2024-05-31 13:30:00-04:00,21.06999969482422,21.06999969482422,21.04010009765625,21.04010009765625,13262,0.0,0.0,0.0
2024-05-31 14:30:00-04:00,21.053699493408203,21.053699493408203,21.020099639892578,21.03499984741211,10093,0.0,0.0,0.0
2024-05-31 15:30:00-04:00,21.040000915527344,21.149999618530273,21.040000915527344,21.149999618530273,14067,0.0,0.0,0.0
2024-06-03 09:30:00-04:00,21.209999084472656,21.299999237060547,21.170000076293945,21.277299880981445,60571,0.0,0.0,0.0
2024-06-03 10:30:00-04:00,21.290000915527344,21.329999923706055,21.260000228881836,21.280000686645508,26283,0.0,0.0,0.0
2024-06-03 11:30:00-04:00,21.287900924682617,21.29800033569336,21.265499114990234,21.274999618530273,10469,0.0,0.0,0.0
2024-06-03 12:30:00-04:00,21.274999618530273,21.29949951171875,21.270000457763672,21.290000915527344,20913,0.0,0.0,0.0
2024-06-03 13:30:00-04:00,21.290000915527344,21.292400360107422,21.270000457763672,21.28499984741211,16784,0.0,0.0,0.0
2024-06-03 14:30:00-04:00,21.28499984741211,21.319900512695312,21.280000686645508,21.285400390625,19772,0.0,0.0,0.0
2024-06-03 15:30:00-04:00,21.296499252319336,21.299800872802734,21.200000762939453,21.280000686645508,30583,0.0,0.0,0.0
2024-06-04 09:30:00-04:00,21.260000228881836,21.350000381469727,21.25149917602539,21.325000762939453,41105,0.0,0.0,0.0
2024-06-04 10:30:00-04:00,21.329999923706055,21.350000381469727,21.300100326538086,21.305700302124023,38696,0.0,0.0,0.0
2024-06-04 11:30:00-04:00,21.309999465942383,21.329999923706055,21.299999237060547,21.31999969482422,21457,0.0,0.0,0.0
2024-06-04 12:30:00-04:00,21.325000762939453,21.350000381469727,21.31999969482422,21.350000381469727,23957,0.0,0.0,0.0
2024-06-04 13:30:00-04:00,21.341699600219727,21.360000610351562,21.34000015258789,21.354999542236328,32518,0.0,0.0,0.0
2024-06-04 14:30:00-04:00,21.359899520874023,21.368999481201172,21.309999465942383,21.329999923706055,37556,0.0,0.0,0.0
2024-06-04 15:30:00-04:00,21.33009910583496,21.350000381469727,21.309999465942383,21.34000015258789,13276,0.0,0.0,0.0
2024-06-05 09:30:00-04:00,21.399999618530273,21.420000076293945,21.19409942626953,21.290000915527344,100118,0.0,0.0,0.0
2024-06-05 10:30:00-04:00,21.299999237060547,21.389999389648438,21.250099182128906,21.334999084472656,25992,0.0,0.0,0.0
2024-06-05 11:30:00-04:00,21.350000381469727,21.350000381469727,21.290000915527344,21.34000015258789,43285,0.0,0.0,0.0
2024-06-05 12:30:00-04:00,21.34000015258789,21.350000381469727,21.270000457763672,21.334999084472656,45315,0.0,0.0,0.0
2024-06-05 13:30:00-04:00,21.350000381469727,21.350000381469727,21.320100784301758,21.349899291992188,31432,0.0,0.0,0.0
2024-06-05 14:30:00-04:00,21.348899841308594,21.389999389648438,21.340099334716797,21.340099334716797,34323,0.0,0.0,0.0
2024-06-05 15:30:00-04:00,21.364999771118164,21.389999389648438,21.350000381469727,21.350000381469727,16347,0.0,0.0,0.0
2024-06-06 09:30:00-04:00,21.360000610351562,21.38050079345703,21.329999923706055,21.34000015258789,36463,0.0,0.0,0.0
2024-06-06 10:30:00-04:00,21.34000015258789,21.350000381469727,21.30150032043457,21.338600158691406,40627,0.0,0.0,0.0
2024-06-06 11:30:00-04:00,21.329999923706055,21.350000381469727,21.299999237060547,21.31999969482422,27955,0.0,0.0,0.0
2024-06-06 12:30:00-04:00,21.31999969482422,21.329999923706055,21.290000915527344,21.329999923706055,18903,0.0,0.0,0.0
2024-06-06 13:30:00-04:00,21.350000381469727,21.350000381469727,21.320100784301758,21.329999923706055,26597,0.0,0.0,0.0
2024-06-06 14:30:00-04:00,21.320100784301758,21.350000381469727,21.309999465942383,21.339599609375,24963,0.0,0.0,0.0
2024-06-06 15:30:00-04:00,21.31730079650879,21.350000381469727,21.31100082397461,21.329999923706055,26722,0.0,0.0,0.0
2024-06-07 09:30:00-04:00,21.200000762939453,21.379899978637695,21.200000762939453,21.270000457763672,37892,0.0,0.0,0.0
2024-06-07 10:30:00-04:00,21.270000457763672,21.299999237060547,21.209999084472656,21.229900360107422,21484,0.0,0.0,0.0
2024-06-07 11:30:00-04:00,21.229999542236328,21.29990005493164,21.219999313354492,21.255699157714844,17690,0.0,0.0,0.0
2024-06-07 12:30:00-04:00,21.280000686645508,21.280000686645508,21.260000228881836,21.280000686645508,9336,0.0,0.0,0.0
2024-06-07 13:30:00-04:00,21.280000686645508,21.290000915527344,21.22010040283203,21.235000610351562,19760,0.0,0.0,0.0
2024-06-07 14:30:00-04:00,21.24220085144043,21.299999237060547,21.235000610351562,21.277799606323242,18693,0.0,0.0,0.0
2024-06-07 15:30:00-04:00,21.290000915527344,21.299999237060547,21.270000457763672,21.28499984741211,7211,0.0,0.0,0.0
2024-06-10 09:30:00-04:00,21.219999313354492,21.29990005493164,21.200000762939453,21.25,65462,0.0,0.0,0.0
2024-06-10 10:30:00-04:00,21.228099822998047,21.289899826049805,21.209999084472656,21.219999313354492,56158,0.0,0.0,0.0
2024-06-10 11:30:00-04:00,21.209999084472656,21.229999542236328,21.17009925842285,21.199800491333008,55764,0.0,0.0,0.0
2024-06-10 12:30:00-04:00,21.19499969482422,21.209999084472656,21.149999618530273,21.18000030517578,29741,0.0,0.0,0.0
2024-06-10 13:30:00-04:00,21.194000244140625,21.246999740600586,21.190000534057617,21.229999542236328,25000,0.0,0.0,0.0
2024-06-10 14:30:00-04:00,21.25,21.260000228881836,21.229999542236328,21.25550079345703,95100,0.0,0.0,0.0
2024-06-10 15:30:00-04:00,21.250099182128906,21.260000228881836,21.25,21.260000228881836,0,0.0,0.0,0.0
2024-06-11 09:30:00-04:00,21.18000030517578,21.199199676513672,21.149999618530273,21.18000030517578,35486,0.0,0.0,0.0
2024-06-11 10:30:00-04:00,21.174999237060547,21.200000762939453,21.174999237060547,21.200000762939453,27242,0.0,0.0,0.0
2024-06-11 11:30:00-04:00,21.200000762939453,21.200000762939453,21.149999618530273,21.149999618530273,14239,0.0,0.0,0.0
2024-06-11 12:30:00-04:00,21.15999984741211,21.219999313354492,21.149999618530273,21.178800582885742,23458,0.0,0.0,0.0
2024-06-11 13:30:00-04:00,21.19499969482422,21.219900131225586,21.149999618530273,21.165000915527344,24224,0.0,0.0,0.0
2024-06-11 14:30:00-04:00,21.165000915527344,21.18000030517578,21.1299991607666,21.155000686645508,14483,0.0,0.0,0.0
2024-06-11 15:30:00-04:00,21.16069984436035,21.190000534057617,21.131000518798828,21.170000076293945,17969,0.0,0.0,0.0
2024-06-12 09:30:00-04:00,21.239999771118164,21.350000381469727,21.209999084472656,21.329999923706055,47192,0.0,0.0,0.0
2024-06-12 10:30:00-04:00,21.300100326538086,21.350000381469727,21.300100326538086,21.34000015258789,26727,0.0,0.0,0.0
2024-06-12 11:30:00-04:00,21.350000381469727,21.3700008392334,21.33009910583496,21.3700008392334,28268,0.0,0.0,0.0
2024-06-12 12:30:00-04:00,21.320100784301758,21.389999389648438,21.320100784301758,21.354999542236328,20441,0.0,0.0,0.0
2024-06-12 13:30:00-04:00,21.35300064086914,21.360000610351562,21.31999969482422,21.33799934387207,27179,0.0,0.0,0.0
2024-06-12 14:30:00-04:00,21.329999923706055,21.3700008392334,21.290000915527344,21.295000076293945,24164,0.0,0.0,0.0
2024-06-12 15:30:00-04:00,21.295000076293945,21.329999923706055,21.264999389648438,21.270000457763672,29604,0.0,0.0,0.0
2024-06-13 09:30:00-04:00,21.25,21.299999237060547,21.1200008392334,21.171499252319336,297337,0.0,0.0,0.0
2024-06-13 10:30:00-04:00,21.18000030517578,21.199899673461914,21.15999984741211,21.18910026550293,31929,0.0,0.0,0.0
2024-06-13 11:30:00-04:00,21.190000534057617,21.229000091552734,21.190000534057617,21.190000534057617,47349,0.0,0.0,0.0
2024-06-13 12:30:00-04:00,21.18199920654297,21.280000686645508,21.18199920654297,21.25,28690,0.0,0.0,0.0
2024-06-13 13:30:00-04:00,21.280000686645508,21.280000686645508,21.229999542236328,21.229999542236328,21416,0.0,0.0,0.0
2024-06-13 14:30:00-04:00,21.235000610351562,21.235000610351562,21.219999313354492,21.229999542236328,25759,0.0,0.0,0.0
2024-06-13 15:30:00-04:00,21.222700119018555,21.235000610351562,21.200000762939453,21.209999084472656,25519,0.0,0.0,0.0
2024-06-14 09:30:00-04:00,21.200000762939453,21.270000457763672,21.16010093688965,21.200000762939453,36976,0.0,0.0,0.0
2024-06-14 10:30:00-04:00,21.209999084472656,21.219999313354492,21.170000076293945,21.173500061035156,18477,0.0,0.0,0.0
2024-06-14 11:30:00-04:00,21.18000030517578,21.219999313354492,21.16010093688965,21.168800354003906,40114,0.0,0.0,0.0
2024-06-14 12:30:00-04:00,21.170000076293945,21.200000762939453,21.15999984741211,21.193199157714844,16895,0.0,0.0,0.0
2024-06-14 13:30:00-04:00,21.17300033569336,21.200000762939453,21.17009925842285,21.17930030822754,22634,0.0,0.0,0.0
2024-06-14 14:30:00-04:00,21.184999465942383,21.199899673461914,21.170000076293945,21.18000030517578,24376,0.0,0.0,0.0
2024-06-14 15:30:00-04:00,21.189899444580078,21.200000762939453,21.170000076293945,21.19930076599121,70015,0.0,0.0,0.0
2024-06-17 09:30:00-04:00,21.18000030517578,21.200000762939453,21.110000610351562,21.18000030517578,62585,0.0,0.0,0.0
2024-06-17 10:30:00-04:00,21.190000534057617,21.200000762939453,21.1299991607666,21.1299991607666,24839,0.0,0.0,0.0
2024-06-17 11:30:00-04:00,21.1200008392334,21.1200008392334,21.08009910583496,21.100000381469727,16710,0.0,0.0,0.0
2024-06-17 12:30:00-04:00,21.1200008392334,21.139299392700195,21.110000610351562,21.125,34489,0.0,0.0,0.0
2024-06-17 13:30:00-04:00,21.1200008392334,21.149999618530273,21.1200008392334,21.13010025024414,16259,0.0,0.0,0.0
2024-06-17 14:30:00-04:00,21.13010025024414,21.16990089416504,21.13010025024414,21.13010025024414,8624,0.0,0.0,0.0
2024-06-17 15:30:00-04:00,21.140100479125977,21.16990089416504,21.132099151611328,21.139999389648438,23347,0.0,0.0,0.0
2024-06-18 09:30:00-04:00,21.100000381469727,21.230100631713867,21.100000381469727,21.230100631713867,28684,0.0,0.0,0.0
2024-06-18 10:30:00-04:00,21.25,21.25,21.183900833129883,21.190000534057617,56726,0.0,0.0,0.0
2024-06-18 11:30:00-04:00,21.200000762939453,21.25,21.200000762939453,21.239999771118164,20669,0.0,0.0,0.0
2024-06-18 12:30:00-04:00,21.25,21.280000686645508,21.240100860595703,21.25,15863,0.0,0.0,0.0
2024-06-18 13:30:00-04:00,21.22010040283203,21.277999877929688,21.22010040283203,21.229999542236328,31703,0.0,0.0,0.0
2024-06-18 14:30:00-04:00,21.235000610351562,21.249900817871094,21.210100173950195,21.230100631713867,13641,0.0,0.0,0.0
2024-06-18 15:30:00-04:00,21.239999771118164,21.260000228881836,21.209999084472656,21.209999084472656,33700,0.0,0.0,0.0
2024-06-20 09:30:00-04:00,21.100000381469727,21.1200008392334,21.049999237060547,21.100099563598633,70253,0.0,0.0,0.0
2024-06-20 10:30:00-04:00,21.10260009765625,21.200000762939453,21.074800491333008,21.145000457763672,125121,0.0,0.0,0.0
2024-06-20 11:30:00-04:00,21.139999389648438,21.15410041809082,21.110000610351562,21.110000610351562,15780,0.0,0.0,0.0
2024-06-20 12:30:00-04:00,21.099899291992188,21.129899978637695,21.092100143432617,21.110000610351562,21470,0.0,0.0,0.0
2024-06-20 13:30:00-04:00,21.110000610351562,21.1200008392334,21.081300735473633,21.104999542236328,34947,0.0,0.0,0.0
2024-06-20 14:30:00-04:00,21.1028995513916,21.110000610351562,21.100000381469727,21.109399795532227,23297,0.0,0.0,0.0
2024-06-20 15:30:00-04:00,21.10110092163086,21.110000610351562,21.09000015258789,21.09000015258789,10251,0.0,0.0,0.0
2024-06-21 09:30:00-04:00,21.049999237060547,21.149999618530273,21.04010009765625,21.079999923706055,31852,0.0,0.0,0.0
2024-06-21 10:30:00-04:00,21.08989906311035,21.149999618530273,21.079999923706055,21.113399505615234,32503,0.0,0.0,0.0
2024-06-21 11:30:00-04:00,21.100000381469727,21.149900436401367,21.100000381469727,21.125,17572,0.0,0.0,0.0
2024-06-21 12:30:00-04:00,21.111499786376953,21.13990020751953,21.09000015258789,21.090099334716797,18231,0.0,0.0,0.0
2024-06-21 13:30:00-04:00,21.1200008392334,21.1200008392334,21.06999969482422,21.06999969482422,27159,0.0,0.0,0.0
2024-06-21 14:30:00-04:00,21.071800231933594,21.079999923706055,21.059999465942383,21.065000534057617,19045,0.0,0.0,0.0
2024-06-21 15:30:00-04:00,21.06999969482422,21.1200008392334,21.059999465942383,21.100000381469727,6012,0.0,0.0,0.0
2024-06-24 09:30:00-04:00,21.1299991607666,21.158000946044922,21.100000381469727,21.149999618530273,42590,0.0,0.0,0.0
2024-06-24 10:30:00-04:00,21.155000686645508,21.18000030517578,21.122900009155273,21.18000030517578,36426,0.0,0.0,0.0
2024-06-24 11:30:00-04:00,21.18000030517578,21.190000534057617,21.1299991607666,21.170000076293945,35037,0.0,0.0,0.0
2024-06-24 12:30:00-04:00,21.172000885009766,21.209999084472656,21.16010093688965,21.200000762939453,29875,0.0,0.0,0.0
2024-06-24 13:30:00-04:00,21.19499969482422,21.209999084472656,21.17009925842285,21.18000030517578,29105,0.0,0.0,0.0
2024-06-24 14:30:00-04:00,21.170000076293945,21.185699462890625,21.15999984741211,21.174999237060547,28576,0.0,0.0,0.0
2024-06-24 15:30:00-04:00,21.179899215698242,21.18000030517578,21.170000076293945,21.18000030517578,9815,0.0,0.0,0.0
2024-06-25 09:30:00-04:00,21.18000030517578,21.209999084472656,21.149999618530273,21.149999618530273,47941,0.0,0.0,0.0
2024-06-25 10:30:00-04:00,21.18000030517578,21.20599937438965,21.16010093688965,21.165000915527344,39509,0.0,0.0,0.0
2024-06-25 11:30:00-04:00,21.16010093688965,21.16990089416504,21.110000610351562,21.11989974975586,32610,0.0,0.0,0.0
2024-06-25 12:30:00-04:00,21.1200008392334,21.159900665283203,21.09000015258789,21.139999389648438,22781,0.0,0.0,0.0
2024-06-25 13:30:00-04:00,21.135000228881836,21.15880012512207,21.09600067138672,21.110000610351562,15188,0.0,0.0,0.0
2024-06-25 14:30:00-04:00,21.100000381469727,21.199899673461914,21.100000381469727,21.150100708007812,34936,0.0,0.0,0.0
2024-06-25 15:30:00-04:00,21.156099319458008,21.199899673461914,21.149999618530273,21.149999618530273,7426,0.0,0.0,0.0
2024-06-26 09:30:00-04:00,21.149999618530273,21.200000762939453,21.1200008392334,21.1200008392334,52984,0.0,0.0,0.0
2024-06-26 10:30:00-04:00,21.125,21.149999618530273,21.100000381469727,21.1299991607666,27504,0.0,0.0,0.0
2024-06-26 11:30:00-04:00,21.1200008392334,21.149999618530273,21.110000610351562,21.1299991607666,12162,0.0,0.0,0.0
2024-06-26 12:30:00-04:00,21.1299991607666,21.136199951171875,21.120100021362305,21.1299991607666,17391,0.0,0.0,0.0
2024-06-26 13:30:00-04:00,21.135000228881836,21.139999389648438,21.1200008392334,21.139400482177734,25162,0.0,0.0,0.0
2024-06-26 14:30:00-04:00,21.1200008392334,21.1299991607666,21.079999923706055,21.100000381469727,21363,0.0,0.0,0.0
2024-06-26 15:30:00-04:00,21.104999542236328,21.1200008392334,21.090099334716797,21.110000610351562,14110,0.0,0.0,0.0
2024-06-27 09:30:00-04:00,21.170000076293945,21.219999313354492,21.100000381469727,21.149999618530273,83425,0.0,0.0,0.0
2024-06-27 10:30:00-04:00,21.13010025024414,21.149999618530273,21.1200008392334,21.135000228881836,29974,0.0,0.0,0.0
2024-06-27 11:30:00-04:00,21.135000228881836,21.139799118041992,21.120100021362305,21.122299194335938,10616,0.0,0.0,0.0
2024-06-27 12:30:00-04:00,21.125,21.15999984741211,21.1200008392334,21.139999389648438,33389,0.0,0.0,0.0
2024-06-27 13:30:00-04:00,21.145000457763672,21.149999618530273,21.1299991607666,21.132099151611328,15565,0.0,0.0,0.0
2024-06-27 14:30:00-04:00,21.1299991607666,21.149999618530273,21.110000610351562,21.114999771118164,38801,0.0,0.0,0.0
2024-06-27 15:30:00-04:00,21.11989974975586,21.11989974975586,21.079999923706055,21.110000610351562,11508,0.0,0.0,0.0
2024-06-28 09:30:00-04:00,21.139999389648438,21.200000762939453,21.030000686645508,21.040000915527344,46067,0.0,0.0,0.0
2024-06-28 10:30:00-04:00,21.040000915527344,21.069900512695312,21.0,21.010000228881836,22084,0.0,0.0,0.0
2024-06-28 11:30:00-04:00,21.0,21.040000915527344,20.979999542236328,21.004100799560547,33342,0.0,0.0,0.0
2024-06-28 12:30:00-04:00,21.019899368286133,21.019899368286133,20.979999542236328,20.989999771118164,16202,0.0,0.0,0.0
2024-06-28 13:30:00-04:00,20.989900588989258,20.989999771118164,20.97010040283203,20.979700088500977,17096,0.0,0.0,0.0
2024-06-28 14:30:00-04:00,20.97599983215332,21.0,20.959999084472656,20.985000610351562,75517,0.0,0.0,0.0
2024-06-28 15:30:00-04:00,20.989599227905273,21.0,20.97010040283203,21.0,17330,0.0,0.0,0.0
2024-07-01 09:30:00-04:00,21.06999969482422,21.110000610351562,21.010000228881836,21.040000915527344,64898,0.0,0.0,0.0
2024-07-01 10:30:00-04:00,21.03350067138672,21.03350067138672,20.9512996673584,20.959999084472656,40424,0.0,0.0,0.0
2024-07-01 11:30:00-04:00,20.959999084472656,20.989999771118164,20.95210075378418,20.989999771118164,34428,0.0,0.0,0.0
2024-07-01 12:30:00-04:00,20.985000610351562,21.0,20.979999542236328,21.0,22579,0.0,0.0,0.0
2024-07-01 13:30:00-04:00,20.9960994720459,21.010000228881836,20.989999771118164,20.996200561523438,36511,0.0,0.0,0.0
2024-07-01 14:30:00-04:00,21.0,21.040000915527344,20.989999771118164,21.03499984741211,120769,0.0,0.0,0.0
2024-07-01 15:30:00-04:00,21.040000915527344,21.040000915527344,20.989999771118164,21.020000457763672,28675,0.0,0.0,0.0
2024-07-02 09:30:00-04:00,21.040000915527344,21.100000381469727,21.030000686645508,21.09000015258789,54368,0.0,0.0,0.0
2024-07-02 10:30:00-04:00,21.100000381469727,21.100000381469727,21.079999923706055,21.08989906311035,24388,0.0,0.0,0.0
2024-07-02 11:30:00-04:00,21.09000015258789,21.13990020751953,21.09000015258789,21.1299991607666,42209,0.0,0.0,0.0
2024-07-02 12:30:00-04:00,21.1299991607666,21.170000076293945,21.1200008392334,21.128799438476562,27525,0.0,0.0,0.0
2024-07-02 13:30:00-04:00,21.139999389648438,21.149999618530273,21.12299919128418,21.145000457763672,20398,0.0,0.0,0.0
2024-07-02 14:30:00-04:00,21.149999618530273,21.15999984741211,21.145000457763672,21.15999984741211,25699,0.0,0.0,0.0
2024-07-02 15:30:00-04:00,21.155000686645508,21.200000762939453,21.149999618530273,21.174999237060547,26938,0.0,0.0,0.0
2024-07-03 09:30:00-04:00,21.219999313354492,21.290000915527344,21.192899703979492,21.27989959716797,72933,0.0,0.0,0.0
2024-07-03 10:30:00-04:00,21.274999618530273,21.420000076293945,21.274999618530273,21.34000015258789,157384,0.0,0.0,0.0
2024-07-03 11:30:00-04:00,21.344999313354492,21.344999313354492,21.329999923706055,21.334999084472656,38047,0.0,0.0,0.0
2024-07-05 09:30:00-04:00,21.399999618530273,21.420000076293945,21.309999465942383,21.364900588989258,77121,0.0,0.0,0.0
2024-07-05 10:30:00-04:00,21.38800048828125,21.409900665283203,21.364999771118164,21.389999389648438,43629,0.0,0.0,0.0
2024-07-05 11:30:00-04:00,21.38170051574707,21.40999984741211,21.3799991607666,21.405000686645508,39593,0.0,0.0,0.0
2024-07-05 12:30:00-04:00,21.399999618530273,21.412500381469727,21.389999389648438,21.40999984741211,34887,0.0,0.0,0.0
2024-07-05 13:30:00-04:00,21.41990089416504,21.420000076293945,21.405000686645508,21.415000915527344,22183,0.0,0.0,0.0
2024-07-05 14:30:00-04:00,21.415000915527344,21.420000076293945,21.40999984741211,21.411699295043945,19709,0.0,0.0,0.0
2024-07-05 15:30:00-04:00,21.420000076293945,21.420000076293945,21.411500930786133,21.415000915527344,13568,0.0,0.0,0.0
2024-07-08 09:30:00-04:00,21.450000762939453,21.450000762939453,21.3799991607666,21.3799991607666,88576,0.0,0.0,0.0
2024-07-08 10:30:00-04:00,21.4060001373291,21.4060001373291,21.36050033569336,21.3799991607666,44046,0.0,0.0,0.0
2024-07-08 11:30:00-04:00,21.375,21.3799991607666,21.301000595092773,21.325000762939453,39984,0.0,0.0,0.0
2024-07-08 12:30:00-04:00,21.34000015258789,21.360000610351562,21.309999465942383,21.309999465942383,34541,0.0,0.0,0.0
2024-07-08 13:30:00-04:00,21.309999465942383,21.350000381469727,21.300100326538086,21.31999969482422,43195,0.0,0.0,0.0
2024-07-08 14:30:00-04:00,21.31999969482422,21.34000015258789,21.309999465942383,21.334999084472656,69596,0.0,0.0,0.0
2024-07-08 15:30:00-04:00,21.334999084472656,21.34000015258789,21.299999237060547,21.299999237060547,28160,0.0,0.0,0.0
2024-07-09 09:30:00-04:00,21.350000381469727,21.350000381469727,21.277999877929688,21.289899826049805,53939,0.0,0.0,0.0
2024-07-09 10:30:00-04:00,21.280000686645508,21.290000915527344,21.22010040283203,21.239999771118164,64043,0.0,0.0,0.0
2024-07-09 11:30:00-04:00,21.239999771118164,21.270000457763672,21.229999542236328,21.2450008392334,34115,0.0,0.0,0.0
2024-07-09 12:30:00-04:00,21.2450008392334,21.260000228881836,21.229999542236328,21.23430061340332,28310,0.0,0.0,0.0
2024-07-09 13:30:00-04:00,21.24799919128418,21.259899139404297,21.219999313354492,21.219999313354492,23949,0.0,0.0,0.0
2024-07-09 14:30:00-04:00,21.219999313354492,21.219999313354492,21.170000076293945,21.18000030517578,40172,0.0,0.0,0.0
2024-07-09 15:30:00-04:00,21.184999465942383,21.200000762939453,21.170000076293945,21.170000076293945,22494,0.0,0.0,0.0
2024-07-10 09:30:00-04:00,21.1200008392334,21.239900588989258,21.1200008392334,21.200000762939453,72674,0.0,0.0,0.0
2024-07-10 10:30:00-04:00,21.200000762939453,21.20989990234375,21.170000076293945,21.200000762939453,31246,0.0,0.0,0.0
2024-07-10 11:30:00-04:00,21.200000762939453,21.229999542236328,21.200000762939453,21.219999313354492,25842,0.0,0.0,0.0
2024-07-10 12:30:00-04:00,21.210100173950195,21.270000457763672,21.210100173950195,21.270000457763672,19022,0.0,0.0,0.0
2024-07-10 13:30:00-04:00,21.270000457763672,21.280000686645508,21.260000228881836,21.264999389648438,13253,0.0,0.0,0.0
2024-07-10 14:30:00-04:00,21.25,21.25,21.230100631713867,21.246000289916992,30595,0.0,0.0,0.0
2024-07-10 15:30:00-04:00,21.2450008392334,21.264999389648438,21.239999771118164,21.25,17519,0.0,0.0,0.0
2024-07-11 09:30:00-04:00,21.280000686645508,21.399999618530273,21.280000686645508,21.3799991607666,131771,0.0,0.0,0.0
2024-07-11 10:30:00-04:00,21.389999389648438,21.43000030517578,21.360000610351562,21.424999237060547,55046,0.0,0.0,0.0
2024-07-11 11:30:00-04:00,21.439899444580078,21.450000762939453,21.41010093688965,21.43000030517578,24175,0.0,0.0,0.0
2024-07-11 12:30:00-04:00,21.447099685668945,21.450000762939453,21.420000076293945,21.43000030517578,20575,0.0,0.0,0.0
2024-07-11 13:30:00-04:00,21.429899215698242,21.450000762939453,21.420000076293945,21.450000762939453,30303,0.0,0.0,0.0
2024-07-11 14:30:00-04:00,21.44499969482422,21.5,21.443199157714844,21.499099731445312,27129,0.0,0.0,0.0
2024-07-11 15:30:00-04:00,21.489999771118164,21.5,21.459999084472656,21.459999084472656,0,0.0,0.0,0.0
2024-07-12 09:30:00-04:00,21.450000762939453,21.559999465942383,21.450000762939453,21.540000915527344,50792,0.0,0.0,0.0
2024-07-12 10:30:00-04:00,21.548900604248047,21.549999237060547,21.520000457763672,21.530000686645508,47826,0.0,0.0,0.0
2024-07-12 11:30:00-04:00,21.530000686645508,21.559999465942383,21.530000686645508,21.540000915527344,22882,0.0,0.0,0.0
2024-07-12 12:30:00-04:00,21.53499984741211,21.540000915527344,21.510099411010742,21.520000457763672,33035,0.0,0.0,0.0
2024-07-12 13:30:00-04:00,21.51409912109375,21.540000915527344,21.510000228881836,21.514999389648438,40214,0.0,0.0,0.0
2024-07-12 14:30:00-04:00,21.510000228881836,21.52050018310547,21.510000228881836,21.510099411010742,13781,0.0,0.0,0.0
2024-07-12 15:30:00-04:00,21.510099411010742,21.530000686645508,21.510000228881836,21.520000457763672,9830,0.0,0.0,0.0
2024-07-15 09:30:00-04:00,21.549999237060547,21.569900512695312,21.484100341796875,21.5049991607666,54298,0.0,0.0,0.0
2024-07-15 10:30:00-04:00,21.5049991607666,21.516000747680664,21.450199127197266,21.47330093383789,54737,0.0,0.0,0.0
2024-07-15 11:30:00-04:00,21.489999771118164,21.5,21.459999084472656,21.460100173950195,31680,0.0,0.0,0.0
2024-07-15 12:30:00-04:00,21.469999313354492,21.469999313354492,21.400100708007812,21.41010093688965,29014,0.0,0.0,0.0
2024-07-15 13:30:00-04:00,21.415000915527344,21.43000030517578,21.399999618530273,21.42840003967285,33653,0.0,0.0,0.0
2024-07-15 14:30:00-04:00,21.43000030517578,21.469900131225586,21.420000076293945,21.452699661254883,32599,0.0,0.0,0.0
2024-07-15 15:30:00-04:00,21.459999084472656,21.469999313354492,21.450000762939453,21.459999084472656,46731,0.0,0.0,0.0
2024-07-16 09:30:00-04:00,21.530000686645508,21.585899353027344,21.489999771118164,21.489999771118164,65579,0.0,0.0,0.0
2024-07-16 10:30:00-04:00,21.489999771118164,21.52989959716797,21.489999771118164,21.510000228881836,31814,0.0,0.0,0.0
2024-07-16 11:30:00-04:00,21.510000228881836,21.517799377441406,21.5,21.5049991607666,36262,0.0,0.0,0.0
2024-07-16 12:30:00-04:00,21.5049991607666,21.510000228881836,21.5,21.505199432373047,30380,0.0,0.0,0.0
2024-07-16 13:30:00-04:00,21.5049991607666,21.54990005493164,21.5049991607666,21.530000686645508,17059,0.0,0.0,0.0
2024-07-16 14:30:00-04:00,21.53420066833496,21.540000915527344,21.526899337768555,21.53499984741211,16357,0.0,0.0,0.0
2024-07-16 15:30:00-04:00,21.53499984741211,21.540000915527344,21.530000686645508,21.530000686645508,17362,0.0,0.0,0.0
2024-07-17 09:30:00-04:00,21.530000686645508,21.58799934387207,21.520000457763672,21.53499984741211,56016,0.0,0.0,0.0
2024-07-17 10:30:00-04:00,21.530000686645508,21.549699783325195,21.486299514770508,21.523300170898438,31797,0.0,0.0,0.0
2024-07-17 11:30:00-04:00,21.524999618530273,21.545000076293945,21.520099639892578,21.530000686645508,23980,0.0,0.0,0.0
2024-07-17 12:30:00-04:00,21.530000686645508,21.530000686645508,21.510000228881836,21.51259994506836,20323,0.0,0.0,0.0
2024-07-17 13:30:00-04:00,21.510000228881836,21.510000228881836,21.490100860595703,21.5,30721,0.0,0.0,0.0
2024-07-17 14:30:00-04:00,21.50429916381836,21.53499984741211,21.500099182128906,21.53499984741211,12442,0.0,0.0,0.0
2024-07-17 15:30:00-04:00,21.53499984741211,21.549999237060547,21.510000228881836,21.540000915527344,19459,0.0,0.0,0.0
2024-07-18 09:30:00-04:00,21.559999465942383,21.618900299072266,21.532699584960938,21.579999923706055,50170,0.0,0.0,0.0
2024-07-18 10:30:00-04:00,21.56999969482422,21.579999923706055,21.533300399780273,21.533300399780273,42085,0.0,0.0,0.0
2024-07-18 11:30:00-04:00,21.53700065612793,21.549999237060547,21.5,21.530000686645508,19939,0.0,0.0,0.0
2024-07-18 12:30:00-04:00,21.520000457763672,21.539899826049805,21.510099411010742,21.525999069213867,19819,0.0,0.0,0.0
2024-07-18 13:30:00-04:00,21.524999618530273,21.524999618530273,21.479999542236328,21.479999542236328,28011,0.0,0.0,0.0
2024-07-18 14:30:00-04:00,21.480899810791016,21.48740005493164,21.360000610351562,21.385400772094727,45714,0.0,0.0,0.0
2024-07-18 15:30:00-04:00,21.389999389648438,21.43000030517578,21.3799991607666,21.43000030517578,44795,0.0,0.0,0.0
2024-07-19 09:30:00-04:00,21.399999618530273,21.5,21.399999618530273,21.459999084472656,19568,0.0,0.0,0.0
2024-07-19 10:30:00-04:00,21.450000762939453,21.5,21.440099716186523,21.45989990234375,38075,0.0,0.0,0.0
2024-07-19 11:30:00-04:00,21.450000762939453,21.459999084472656,21.440000534057617,21.45400047302246,20423,0.0,0.0,0.0
2024-07-19 12:30:00-04:00,21.459999084472656,21.469999313354492,21.430099487304688,21.44499969482422,19039,0.0,0.0,0.0
2024-07-19 13:30:00-04:00,21.450000762939453,21.450000762939453,21.422000885009766,21.42289924621582,21677,0.0,0.0,0.0
2024-07-19 14:30:00-04:00,21.42169952392578,21.450000762939453,21.42009925842285,21.450000762939453,15916,0.0,0.0,0.0
2024-07-19 15:30:00-04:00,21.449899673461914,21.450000762939453,21.440000534057617,21.440000534057617,14745,0.0,0.0,0.0
2024-07-22 09:30:00-04:00,21.420000076293945,21.469999313354492,21.350000381469727,21.395000457763672,100785,0.0,0.0,0.0
2024-07-22 10:30:00-04:00,21.395000457763672,21.420000076293945,21.389999389648438,21.420000076293945,34466,0.0,0.0,0.0
2024-07-22 11:30:00-04:00,21.42919921875,21.42919921875,21.3799991607666,21.395000457763672,58447,0.0,0.0,0.0
2024-07-22 12:30:00-04:00,21.389999389648438,21.399999618530273,21.38010025024414,21.390300750732422,26650,0.0,0.0,0.0
2024-07-22 13:30:00-04:00,21.392499923706055,21.399900436401367,21.3799991607666,21.385000228881836,15648,0.0,0.0,0.0
2024-07-22 14:30:00-04:00,21.380199432373047,21.389999389648438,21.3700008392334,21.3799991607666,39111,0.0,0.0,0.0
2024-07-22 15:30:00-04:00,21.3799991607666,21.389999389648438,21.370100021362305,21.385000228881836,38919,0.0,0.0,0.0
2024-07-23 09:30:00-04:00,21.3799991607666,21.415000915527344,21.3700008392334,21.385000228881836,57776,0.0,0.0,0.0
2024-07-23 10:30:00-04:00,21.38089942932129,21.395000457763672,21.350000381469727,21.3700008392334,29832,0.0,0.0,0.0
2024-07-23 11:30:00-04:00,21.368000030517578,21.3700008392334,21.329999923706055,21.34000015258789,34460,0.0,0.0,0.0
2024-07-23 12:30:00-04:00,21.347999572753906,21.347999572753906,21.31999969482422,21.327600479125977,19877,0.0,0.0,0.0
2024-07-23 13:30:00-04:00,21.329999923706055,21.362199783325195,21.321300506591797,21.360000610351562,17220,0.0,0.0,0.0
2024-07-23 14:30:00-04:00,21.360000610351562,21.3700008392334,21.360000610351562,21.360000610351562,29990,0.0,0.0,0.0
2024-07-23 15:30:00-04:00,21.360000610351562,21.3700008392334,21.350000381469727,21.350000381469727,24820,0.0,0.0,0.0
2024-07-24 09:30:00-04:00,21.309999465942383,21.386499404907227,21.303199768066406,21.329999923706055,28370,0.0,0.0,0.0
2024-07-24 10:30:00-04:00,21.329999923706055,21.349899291992188,21.300100326538086,21.30500030517578,17790,0.0,0.0,0.0
2024-07-24 11:30:00-04:00,21.309900283813477,21.309999465942383,21.25,21.264999389648438,31207,0.0,0.0,0.0
2024-07-24 12:30:00-04:00,21.268299102783203,21.270000457763672,21.230100631713867,21.230100631713867,24276,0.0,0.0,0.0
2024-07-24 13:30:00-04:00,21.229999542236328,21.25,21.219999313354492,21.225000381469727,36393,0.0,0.0,0.0
2024-07-24 14:30:00-04:00,21.225000381469727,21.229999542236328,21.209999084472656,21.225000381469727,24880,0.0,0.0,0.0
2024-07-24 15:30:00-04:00,21.219999313354492,21.229999542236328,21.209999084472656,21.209999084472656,13647,0.0,0.0,0.0
2024-07-25 09:30:00-04:00,21.219999313354492,21.350000381469727,21.219999313354492,21.327899932861328,40703,0.0,0.0,0.0
2024-07-25 10:30:00-04:00,21.350000381469727,21.389999389648438,21.324899673461914,21.329999923706055,49126,0.0,0.0,0.0
2024-07-25 11:30:00-04:00,21.350000381469727,21.359899520874023,21.329999923706055,21.33989906311035,22187,0.0,0.0,0.0
2024-07-25 12:30:00-04:00,21.334999084472656,21.3700008392334,21.329999923706055,21.35740089416504,17000,0.0,0.0,0.0
2024-07-25 13:30:00-04:00,21.354999542236328,21.357500076293945,21.325000762939453,21.325000762939453,31746,0.0,0.0,0.0
2024-07-25 14:30:00-04:00,21.325000762939453,21.325000762939453,21.299999237060547,21.30500030517578,48324,0.0,0.0,0.0
2024-07-25 15:30:00-04:00,21.30500030517578,21.350000381469727,21.290000915527344,21.290000915527344,26991,0.0,0.0,0.0
2024-07-26 09:30:00-04:00,21.450000762939453,21.45989990234375,21.38010025024414,21.395000457763672,81333,0.0,0.0,0.0
2024-07-26 10:30:00-04:00,21.395000457763672,21.404699325561523,21.350099563598633,21.350099563598633,17047,0.0,0.0,0.0
2024-07-26 11:30:00-04:00,21.350099563598633,21.399999618530273,21.350099563598633,21.399999618530273,16813,0.0,0.0,0.0
2024-07-26 12:30:00-04:00,21.395000457763672,21.399999618530273,21.389999389648438,21.389999389648438,25635,0.0,0.0,0.0
2024-07-26 13:30:00-04:00,21.392499923706055,21.399999618530273,21.3799991607666,21.395000457763672,18970,0.0,0.0,0.0
2024-07-26 14:30:00-04:00,21.39109992980957,21.399999618530273,21.389999389648438,21.395000457763672,11497,0.0,0.0,0.0
2024-07-26 15:30:00-04:00,21.39109992980957,21.40999984741211,21.389999389648438,21.389999389648438,23268,0.0,0.0,0.0
2024-07-29 09:30:00-04:00,21.440000534057617,21.459999084472656,21.399999618530273,21.420000076293945,47663,0.0,0.0,0.0
2024-07-29 10:30:00-04:00,21.42919921875,21.42919921875,21.315000534057617,21.34000015258789,84401,0.0,0.0,0.0
2024-07-29 11:30:00-04:00,21.34000015258789,21.409400939941406,21.33009910583496,21.34000015258789,52947,0.0,0.0,0.0
2024-07-29 12:30:00-04:00,21.334999084472656,21.350000381469727,21.334999084472656,21.344999313354492,43840,0.0,0.0,0.0
2024-07-29 13:30:00-04:00,21.34980010986328,21.350000381469727,21.340099334716797,21.345199584960938,27482,0.0,0.0,0.0
2024-07-29 14:30:00-04:00,21.349000930786133,21.350000381469727,21.34000015258789,21.341299057006836,18913,0.0,0.0,0.0
2024-07-29 15:30:00-04:00,21.350000381469727,21.360000610351562,21.34000015258789,21.34000015258789,23899,0.0,0.0,0.0
2024-07-30 09:30:00-04:00,21.3700008392334,21.418899536132812,21.350000381469727,21.350099563598633,31848,0.0,0.0,0.0
2024-07-30 10:30:00-04:00,21.350000381469727,21.350000381469727,21.30389976501465,21.34000015258789,29320,0.0,0.0,0.0
2024-07-30 11:30:00-04:00,21.344999313354492,21.344999313354492,21.300100326538086,21.31999969482422,20136,0.0,0.0,0.0
2024-07-30 12:30:00-04:00,21.31089973449707,21.34000015258789,21.310100555419922,21.329999923706055,25459,0.0,0.0,0.0
2024-07-30 13:30:00-04:00,21.322599411010742,21.339799880981445,21.31999969482422,21.339799880981445,13252,0.0,0.0,0.0
2024-07-30 14:30:00-04:00,21.329999923706055,21.329999923706055,21.31999969482422,21.329999923706055,18091,0.0,0.0,0.0
2024-07-30 15:30:00-04:00,21.329999923706055,21.34000015258789,21.31999969482422,21.329999923706055,32161,0.0,0.0,0.0
2024-07-31 09:30:00-04:00,21.399999618530273,21.45800018310547,21.399999618530273,21.421300888061523,24570,0.0,0.0,0.0
2024-07-31 10:30:00-04:00,21.420000076293945,21.43000030517578,21.390100479125977,21.43000030517578,21596,0.0,0.0,0.0
2024-07-31 11:30:00-04:00,21.423999786376953,21.43000030517578,21.400100708007812,21.40999984741211,25973,0.0,0.0,0.0
2024-07-31 12:30:00-04:00,21.420000076293945,21.43000030517578,21.390100479125977,21.40999984741211,24870,0.0,0.0,0.0
2024-07-31 13:30:00-04:00,21.399999618530273,21.420000076293945,21.3700008392334,21.395000457763672,14573,0.0,0.0,0.0
2024-07-31 14:30:00-04:00,21.420000076293945,21.479999542236328,21.390100479125977,21.450000762939453,55477,0.0,0.0,0.0
2024-07-31 15:30:00-04:00,21.454999923706055,21.45989990234375,21.360000610351562,21.3700008392334,21906,0.0,0.0,0.0
2024-08-01 09:30:00-04:00,21.440000534057617,21.479900360107422,21.36009979248047,21.439899444580078,34827,0.0,0.0,0.0
2024-08-01 10:30:00-04:00,21.413000106811523,21.413000106811523,21.360000610351562,21.375,24117,0.0,0.0,0.0
2024-08-01 11:30:00-04:00,21.37980079650879,21.45800018310547,21.3700008392334,21.432899475097656,35792,0.0,0.0,0.0
2024-08-01 12:30:00-04:00,21.440000534057617,21.459999084472656,21.430099487304688,21.430099487304688,18355,0.0,0.0,0.0
2024-08-01 13:30:00-04:00,21.430099487304688,21.440000534057617,21.399999618530273,21.415000915527344,21673,0.0,0.0,0.0
2024-08-01 14:30:00-04:00,21.399999618530273,21.43000030517578,21.399999618530273,21.43000030517578,21539,0.0,0.0,0.0
2024-08-01 15:30:00-04:00,21.42009925842285,21.479999542236328,21.399999618530273,21.459999084472656,71085,0.0,0.0,0.0
2024-08-02 09:30:00-04:00,21.399999618530273,21.47330093383789,21.362199783325195,21.37980079650879,198578,0.0,0.0,0.0
2024-08-02 10:30:00-04:00,21.350000381469727,21.368099212646484,21.31999969482422,21.339500427246094,32436,0.0,0.0,0.0
2024-08-02 11:30:00-04:00,21.327499389648438,21.3799991607666,21.31999969482422,21.373600006103516,36930,0.0,0.0,0.0
2024-08-02 12:30:00-04:00,21.370100021362305,21.389999389648438,21.350000381469727,21.36090087890625,41939,0.0,0.0,0.0
2024-08-02 13:30:00-04:00,21.360000610351562,21.360000610351562,21.299999237060547,21.329999923706055,87406,0.0,0.0,0.0
2024-08-02 14:30:00-04:00,21.34000015258789,21.34000015258789,21.270000457763672,21.319900512695312,153817,0.0,0.0,0.0
2024-08-02 15:30:00-04:00,21.318099975585938,21.33989906311035,21.299999237060547,21.31999969482422,20620,0.0,0.0,0.0
2024-08-05 09:30:00-04:00,21.209999084472656,21.209999084472656,20.764999389648438,20.92569923400879,264810,0.0,0.0,0.0
2024-08-05 10:30:00-04:00,20.979999542236328,21.089099884033203,20.90999984741211,21.079999923706055,89561,0.0,0.0,0.0
2024-08-05 11:30:00-04:00,21.079999923706055,21.1200008392334,20.979999542236328,21.020000457763672,156241,0.0,0.0,0.0
2024-08-05 12:30:00-04:00,21.020000457763672,21.020000457763672,20.963699340820312,20.989099502563477,151211,0.0,0.0,0.0
2024-08-05 13:30:00-04:00,20.985000610351562,21.010000228881836,20.969999313354492,21.010000228881836,92494,0.0,0.0,0.0
2024-08-05 14:30:00-04:00,21.020000457763672,21.029800415039062,20.975000381469727,21.0,50649,0.0,0.0,0.0
2024-08-05 15:30:00-04:00,20.989999771118164,21.010000228881836,20.940000534057617,20.954999923706055,26957,0.0,0.0,0.0
2024-08-06 09:30:00-04:00,21.010000228881836,21.11989974975586,20.950000762939453,21.103300094604492,52143,0.0,0.0,0.0
2024-08-06 10:30:00-04:00,21.110000610351562,21.15489959716797,21.100099563598633,21.110000610351562,31521,0.0,0.0,0.0
2024-08-06 11:30:00-04:00,21.100000381469727,21.149999618530273,21.090099334716797,21.139999389648438,32261,0.0,0.0,0.0
2024-08-06 12:30:00-04:00,21.13010025024414,21.18000030517578,21.13010025024414,21.170000076293945,40726,0.0,0.0,0.0
2024-08-06 13:30:00-04:00,21.18000030517578,21.229999542236328,21.15999984741211,21.229999542236328,11811,0.0,0.0,0.0
2024-08-06 14:30:00-04:00,21.22599983215332,21.249900817871094,21.170000076293945,21.219999313354492,47109,0.0,0.0,0.0
2024-08-06 15:30:00-04:00,21.219999313354492,21.229999542236328,21.170000076293945,21.170000076293945,31306,0.0,0.0,0.0
2024-08-07 09:30:00-04:00,21.190000534057617,21.30419921875,21.18000030517578,21.239900588989258,69226,0.0,0.0,0.0
2024-08-07 10:30:00-04:00,21.239999771118164,21.290000915527344,21.225000381469727,21.280000686645508,37846,0.0,0.0,0.0
2024-08-07 11:30:00-04:00,21.28030014038086,21.299999237060547,21.270099639892578,21.299999237060547,39816,0.0,0.0,0.0
2024-08-07 12:30:00-04:00,21.290000915527344,21.34000015258789,21.260000228881836,21.270000457763672,48777,0.0,0.0,0.0
2024-08-07 13:30:00-04:00,21.256399154663086,21.290000915527344,21.209999084472656,21.229999542236328,45908,0.0,0.0,0.0
2024-08-07 14:30:00-04:00,21.225000381469727,21.279499053955078,21.219999313354492,21.260000228881836,34968,0.0,0.0,0.0
2024-08-07 15:30:00-04:00,21.260000228881836,21.280000686645508,21.25,21.270000457763672,37494,0.0,0.0,0.0
2024-08-08 09:30:00-04:00,21.270000457763672,21.32990074157715,21.25,21.290000915527344,48761,0.0,0.0,0.0
2024-08-08 10:30:00-04:00,21.290000915527344,21.309999465942383,21.280000686645508,21.30500030517578,32232,0.0,0.0,0.0
2024-08-08 11:30:00-04:00,21.295000076293945,21.31999969482422,21.281099319458008,21.300600051879883,27033,0.0,0.0,0.0
2024-08-08 12:30:00-04:00,21.299999237060547,21.309999465942383,21.270000457763672,21.309999465942383,34133,0.0,0.0,0.0
2024-08-08 13:30:00-04:00,21.309999465942383,21.31999969482422,21.29010009765625,21.309999465942383,30959,0.0,0.0,0.0
2024-08-08 14:30:00-04:00,21.309999465942383,21.329999923706055,21.300100326538086,21.315000534057617,50811,0.0,0.0,0.0
2024-08-08 15:30:00-04:00,21.315000534057617,21.3700008392334,21.309999465942383,21.3700008392334,19675,0.0,0.0,0.0
2024-08-09 09:30:00-04:00,21.350000381469727,21.38990020751953,21.31369972229004,21.329999923706055,56419,0.0,0.0,0.0
2024-08-09 10:30:00-04:00,21.334999084472656,21.359899520874023,21.312000274658203,21.312000274658203,73607,0.0,0.0,0.0
2024-08-09 11:30:00-04:00,21.315000534057617,21.334999084472656,21.299999237060547,21.309999465942383,19091,0.0,0.0,0.0
2024-08-09 12:30:00-04:00,21.302799224853516,21.329999923706055,21.270000457763672,21.312599182128906,71447,0.0,0.0,0.0
2024-08-09 13:30:00-04:00,21.31999969482422,21.350000381469727,21.291200637817383,21.291200637817383,42302,0.0,0.0,0.0
2024-08-09 14:30:00-04:00,21.290000915527344,21.34000015258789,21.290000915527344,21.31999969482422,51412,0.0,0.0,0.0
2024-08-09 15:30:00-04:00,21.325000762939453,21.360000610351562,21.325000762939453,21.360000610351562,22961,0.0,0.0,0.0
2024-08-12 09:30:00-04:00,21.329999923706055,21.349899291992188,21.25,21.297000885009766,45093,0.0,0.0,0.0
2024-08-12 10:30:00-04:00,21.274200439453125,21.299999237060547,21.270000457763672,21.270000457763672,57236,0.0,0.0,0.0
2024-08-12 11:30:00-04:00,21.260000228881836,21.260000228881836,21.201099395751953,21.229700088500977,19317,0.0,0.0,0.0
2024-08-12 12:30:00-04:00,21.229999542236328,21.269899368286133,21.210100173950195,21.259899139404297,27319,0.0,0.0,0.0
2024-08-12 13:30:00-04:00,21.250099182128906,21.270000457763672,21.240100860595703,21.25,20493,0.0,0.0,0.0
2024-08-12 14:30:00-04:00,21.269899368286133,21.269899368286133,21.25,21.259899139404297,28353,0.0,0.0,0.0
2024-08-12 15:30:00-04:00,21.260000228881836,21.260000228881836,21.239999771118164,21.2450008392334,22344,0.0,0.0,0.0
2024-08-13 09:30:00-04:00,21.3799991607666,21.3799991607666,21.29800033569336,21.339799880981445,59626,0.0,0.0,0.0
2024-08-13 10:30:00-04:00,21.33799934387207,21.37969970703125,21.325000762939453,21.3700008392334,21987,0.0,0.0,0.0
2024-08-13 11:30:00-04:00,21.364200592041016,21.3700008392334,21.31999969482422,21.364999771118164,63946,0.0,0.0,0.0
2024-08-13 12:30:00-04:00,21.369300842285156,21.3799991607666,21.350000381469727,21.360000610351562,29805,0.0,0.0,0.0
2024-08-13 13:30:00-04:00,21.360000610351562,21.389999389648438,21.350099563598633,21.3799991607666,36496,0.0,0.0,0.0
2024-08-13 14:30:00-04:00,21.3799991607666,21.475900650024414,21.370100021362305,21.469999313354492,235027,0.0,0.0,0.0
2024-08-13 15:30:00-04:00,21.469999313354492,21.5,21.460100173950195,21.489999771118164,129703,0.0,0.0,0.0
2024-08-14 09:30:00-04:00,21.59000015258789,21.59000015258789,21.479999542236328,21.530000686645508,404589,0.0,0.0,0.0
2024-08-14 10:30:00-04:00,21.549999237060547,21.559999465942383,21.520099639892578,21.540000915527344,183367,0.0,0.0,0.0
2024-08-14 11:30:00-04:00,21.549999237060547,21.579999923706055,21.530000686645508,21.53499984741211,74725,0.0,0.0,0.0
2024-08-14 12:30:00-04:00,21.540000915527344,21.559999465942383,21.540000915527344,21.540000915527344,90914,0.0,0.0,0.0
2024-08-14 13:30:00-04:00,21.54990005493164,21.549999237060547,21.520000457763672,21.530000686645508,81009,0.0,0.0,0.0
2024-08-14 14:30:00-04:00,21.530000686645508,21.540000915527344,21.520000457763672,21.530000686645508,77863,0.0,0.0,0.0
2024-08-14 15:30:00-04:00,21.520099639892578,21.559999465942383,21.520099639892578,21.540000915527344,92930,0.0,0.0,0.0
2024-08-15 09:30:00-04:00,21.65169906616211,21.65169906616211,21.489999771118164,21.520000457763672,126107,0.0,0.0,0.0
2024-08-15 10:30:00-04:00,21.520000457763672,21.540000915527344,21.489999771118164,21.5,146934,0.0,0.0,0.0
2024-08-15 11:30:00-04:00,21.5,21.520000457763672,21.5,21.503999710083008,61835,0.0,0.0,0.0
2024-08-15 12:30:00-04:00,21.520000457763672,21.559999465942383,21.510000228881836,21.554800033569336,81265,0.0,0.0,0.0
2024-08-15 13:30:00-04:00,21.559999465942383,21.609899520874023,21.559999465942383,21.600000381469727,113990,0.0,0.0,0.0
2024-08-15 14:30:00-04:00,21.600000381469727,21.609600067138672,21.579999923706055,21.579999923706055,75683,0.0,0.0,0.0
2024-08-15 15:30:00-04:00,21.579999923706055,21.59000015258789,21.579999923706055,21.59000015258789,42612,0.0,0.0,0.0
2024-08-16 09:30:00-04:00,21.68000030517578,21.68000030517578,21.5,21.65999984741211,151821,0.0,0.0,0.0
2024-08-16 10:30:00-04:00,21.65999984741211,21.679899215698242,21.649999618530273,21.669700622558594,119959,0.0,0.0,0.0
2024-08-16 11:30:00-04:00,21.670000076293945,21.709999084472656,21.662099838256836,21.700000762939453,105942,0.0,0.0,0.0
2024-08-16 12:30:00-04:00,21.700000762939453,21.739999771118164,21.691099166870117,21.729999542236328,91061,0.0,0.0,0.0
2024-08-16 13:30:00-04:00,21.729999542236328,21.760000228881836,21.729999542236328,21.739999771118164,66760,0.0,0.0,0.0
2024-08-16 14:30:00-04:00,21.739999771118164,21.760000228881836,21.739999771118164,21.739999771118164,81068,0.0,0.0,0.0
2024-08-16 15:30:00-04:00,21.739999771118164,21.776500701904297,21.739999771118164,21.75,61932,0.0,0.0,0.0
2024-08-19 09:30:00-04:00,21.860000610351562,21.969999313354492,21.75,21.760000228881836,193722,0.0,0.0,0.0
2024-08-19 10:30:00-04:00,21.760000228881836,21.780000686645508,21.75349998474121,21.770000457763672,59668,0.0,0.0,0.0
2024-08-19 11:30:00-04:00,21.770000457763672,21.82990074157715,21.760099411010742,21.780000686645508,70337,0.0,0.0,0.0
2024-08-19 12:30:00-04:00,21.778099060058594,21.780000686645508,21.762100219726562,21.764999389648438,64495,0.0,0.0,0.0
2024-08-19 13:30:00-04:00,21.760000228881836,21.780000686645508,21.750900268554688,21.770000457763672,82518,0.0,0.0,0.0
2024-08-19 14:30:00-04:00,21.777599334716797,21.777700424194336,21.75,21.760000228881836,58101,0.0,0.0,0.0
2024-08-19 15:30:00-04:00,21.764999389648438,21.780000686645508,21.75,21.764999389648438,54617,0.0,0.0,0.0
2024-08-20 09:30:00-04:00,21.709999084472656,21.739999771118164,21.570100784301758,21.610000610351562,128689,0.0,0.0,0.0
2024-08-20 10:30:00-04:00,21.614999771118164,21.6200008392334,21.57029914855957,21.57509994506836,89797,0.0,0.0,0.0
2024-08-20 11:30:00-04:00,21.576400756835938,21.610000610351562,21.571300506591797,21.582000732421875,59129,0.0,0.0,0.0
2024-08-20 12:30:00-04:00,21.584999084472656,21.610000610351562,21.579999923706055,21.600000381469727,41953,0.0,0.0,0.0
2024-08-20 13:30:00-04:00,21.600500106811523,21.6299991607666,21.600000381469727,21.625,58174,0.0,0.0,0.0
2024-08-20 14:30:00-04:00,21.625,21.635000228881836,21.610000610351562,21.635000228881836,67340,0.0,0.0,0.0
2024-08-20 15:30:00-04:00,21.6299991607666,21.63249969482422,21.6200008392334,21.6200008392334,20463,0.0,0.0,0.0
2024-08-21 09:30:00-04:00,21.700000762939453,21.729999542236328,21.670000076293945,21.690000534057617,45556,0.0,0.0,0.0
2024-08-21 10:30:00-04:00,21.697900772094727,21.699899673461914,21.639999389648438,21.670000076293945,55261,0.0,0.0,0.0
2024-08-21 11:30:00-04:00,21.672500610351562,21.679899215698242,21.65999984741211,21.670000076293945,72416,0.0,0.0,0.0
2024-08-21 12:30:00-04:00,21.670000076293945,21.68000030517578,21.65999984741211,21.674999237060547,56448,0.0,0.0,0.0
2024-08-21 13:30:00-04:00,21.670000076293945,21.68000030517578,21.65999984741211,21.68000030517578,42882,0.0,0.0,0.0
2024-08-21 14:30:00-04:00,21.670000076293945,21.690000534057617,21.670000076293945,21.6825008392334,47782,0.0,0.0,0.0
2024-08-21 15:30:00-04:00,21.68000030517578,21.700000762939453,21.68000030517578,21.69499969482422,35737,0.0,0.0,0.0
2024-08-22 09:30:00-04:00,21.700000762939453,21.700000762939453,21.65999984741211,21.700000762939453,95107,0.0,0.0,0.0
2024-08-22 10:30:00-04:00,21.682100296020508,21.760000228881836,21.680099487304688,21.709999084472656,125115,0.0,0.0,0.0
2024-08-22 11:30:00-04:00,21.719999313354492,21.719999313354492,21.698699951171875,21.7189998626709,31055,0.0,0.0,0.0
2024-08-22 12:30:00-04:00,21.709999084472656,21.719999313354492,21.69499969482422,21.700000762939453,43513,0.0,0.0,0.0
2024-08-22 13:30:00-04:00,21.700000762939453,21.729999542236328,21.700000762939453,21.719999313354492,29318,0.0,0.0,0.0
2024-08-22 14:30:00-04:00,21.739200592041016,21.739900588989258,21.719999313354492,21.719999313354492,30281,0.0,0.0,0.0
2024-08-22 15:30:00-04:00,21.729999542236328,21.739999771118164,21.690000534057617,21.690000534057617,40356,0.0,0.0,0.0
2024-08-23 09:30:00-04:00,21.790000915527344,21.790000915527344,21.70009994506836,21.764999389648438,67910,0.0,0.0,0.0
2024-08-23 10:30:00-04:00,21.770000457763672,21.809999465942383,21.76799964904785,21.799999237060547,72124,0.0,0.0,0.0
2024-08-23 11:30:00-04:00,21.809900283813477,21.829999923706055,21.79159927368164,21.81999969482422,37220,0.0,0.0,0.0
2024-08-23 12:30:00-04:00,21.81999969482422,21.825000762939453,21.780000686645508,21.809999465942383,51162,0.0,0.0,0.0
2024-08-23 13:30:00-04:00,21.809999465942383,21.829999923706055,21.805700302124023,21.809999465942383,21760,0.0,0.0,0.0
2024-08-23 14:30:00-04:00,21.811399459838867,21.859899520874023,21.810100555419922,21.850000381469727,25468,0.0,0.0,0.0
2024-08-23 15:30:00-04:00,21.854999542236328,21.8799991607666,21.840099334716797,21.8700008392334,55509,0.0,0.0,0.0
2024-08-26 09:30:00-04:00,21.920000076293945,21.929899215698242,21.860000610351562,21.889999389648438,207889,0.0,0.0,0.0
2024-08-26 10:30:00-04:00,21.889999389648438,21.90999984741211,21.850000381469727,21.860000610351562,91653,0.0,0.0,0.0
2024-08-26 11:30:00-04:00,21.854799270629883,21.8700008392334,21.850000381469727,21.860000610351562,31446,0.0,0.0,0.0
2024-08-26 12:30:00-04:00,21.8612003326416,21.8799991607666,21.84000015258789,21.844999313354492,71495,0.0,0.0,0.0
2024-08-26 13:30:00-04:00,21.84469985961914,21.850000381469727,21.81999969482422,21.844999313354492,37459,0.0,0.0,0.0
2024-08-26 14:30:00-04:00,21.84000015258789,21.86989974975586,21.84000015258789,21.860000610351562,43967,0.0,0.0,0.0
2024-08-26 15:30:00-04:00,21.850299835205078,21.864999771118164,21.850000381469727,21.864999771118164,54529,0.0,0.0,0.0
2024-08-27 09:30:00-04:00,21.8799991607666,21.8799991607666,21.820100784301758,21.850099563598633,67712,0.0,0.0,0.0
2024-08-27 10:30:00-04:00,21.860000610351562,21.8700008392334,21.850099563598633,21.854999542236328,31512,0.0,0.0,0.0
2024-08-27 11:30:00-04:00,21.860000610351562,21.861600875854492,21.84000015258789,21.860000610351562,104268,0.0,0.0,0.0
2024-08-27 12:30:00-04:00,21.860000610351562,21.8700008392334,21.850000381469727,21.861299514770508,191201,0.0,0.0,0.0
2024-08-27 13:30:00-04:00,21.86009979248047,21.8799991607666,21.860000610351562,21.860000610351562,42104,0.0,0.0,0.0
2024-08-27 14:30:00-04:00,21.860000610351562,21.86989974975586,21.860000610351562,21.860000610351562,43719,0.0,0.0,0.0
2024-08-27 15:30:00-04:00,21.864999771118164,21.8700008392334,21.860000610351562,21.864999771118164,23935,0.0,0.0,0.0
2024-08-28 09:30:00-04:00,21.889999389648438,21.915000915527344,21.850000381469727,21.875999450683594,52556,0.0,0.0,0.0
2024-08-28 10:30:00-04:00,21.8799991607666,21.93000030517578,21.850099563598633,21.86989974975586,99621,0.0,0.0,0.0
2024-08-28 11:30:00-04:00,21.8700008392334,21.8799991607666,21.860000610351562,21.860000610351562,54015,0.0,0.0,0.0
2024-08-28 12:30:00-04:00,21.866600036621094,21.889999389648438,21.860000610351562,21.864999771118164,36372,0.0,0.0,0.0
2024-08-28 13:30:00-04:00,21.862499237060547,21.8799991607666,21.860000610351562,21.860000610351562,51578,0.0,0.0,0.0
2024-08-28 14:30:00-04:00,21.864999771118164,21.8700008392334,21.860000610351562,21.860000610351562,46784,0.0,0.0,0.0
2024-08-28 15:30:00-04:00,21.861799240112305,21.89699935913086,21.860000610351562,21.864999771118164,33166,0.0,0.0,0.0
2024-08-29 09:30:00-04:00,21.969999313354492,21.989999771118164,21.86009979248047,21.8799991607666,92695,0.0,0.0,0.0
2024-08-29 10:30:00-04:00,21.8700008392334,21.889999389648438,21.860000610351562,21.860000610351562,62585,0.0,0.0,0.0
2024-08-29 11:30:00-04:00,21.860000610351562,21.8799991607666,21.860000610351562,21.875200271606445,59703,0.0,0.0,0.0
2024-08-29 12:30:00-04:00,21.8799991607666,21.90999984741211,21.879899978637695,21.885900497436523,100272,0.0,0.0,0.0
2024-08-29 13:30:00-04:00,21.889999389648438,21.920000076293945,21.8799991607666,21.920000076293945,37990,0.0,0.0,0.0
2024-08-29 14:30:00-04:00,21.91010093688965,21.920000076293945,21.8799991607666,21.889999389648438,53052,0.0,0.0,0.0
2024-08-29 15:30:00-04:00,21.895000457763672,21.93000030517578,21.889999389648438,21.93000030517578,40056,0.0,0.0,0.0
2024-08-30 09:30:00-04:00,21.950000762939453,21.999900817871094,21.90999984741211,21.924999237060547,51712,0.0,0.0,0.0
2024-08-30 10:30:00-04:00,21.93000030517578,21.950000762939453,21.91010093688965,21.940099716186523,53062,0.0,0.0,0.0
2024-08-30 11:30:00-04:00,21.950000762939453,21.950000762939453,21.93000030517578,21.940000534057617,32043,0.0,0.0,0.0
2024-08-30 12:30:00-04:00,21.930099487304688,21.940000534057617,21.93000030517578,21.93000030517578,28448,0.0,0.0,0.0
2024-08-30 13:30:00-04:00,21.934999465942383,21.937400817871094,21.889999389648438,21.899999618530273,55666,0.0,0.0,0.0
2024-08-30 14:30:00-04:00,21.905000686645508,21.93000030517578,21.889999389648438,21.929899215698242,28372,0.0,0.0,0.0
2024-08-30 15:30:00-04:00,21.920000076293945,21.979999542236328,21.91010093688965,21.979999542236328,14376,0.0,0.0,0.0
2024-09-03 09:30:00-04:00,21.860000610351562,21.920000076293945,21.81999969482422,21.920000076293945,140824,0.0,0.0,0.0
2024-09-03 10:30:00-04:00,21.915000915527344,21.915000915527344,21.850000381469727,21.861000061035156,34173,0.0,0.0,0.0
2024-09-03 11:30:00-04:00,21.866600036621094,21.920000076293945,21.860000610351562,21.895000457763672,63039,0.0,0.0,0.0
2024-09-03 12:30:00-04:00,21.889999389648438,21.922500610351562,21.889999389648438,21.90999984741211,47967,0.0,0.0,0.0
2024-09-03 13:30:00-04:00,21.915199279785156,21.93000030517578,21.8799991607666,21.899999618530273,41366,0.0,0.0,0.0
2024-09-03 14:30:00-04:00,21.899999618530273,21.91990089416504,21.889999389648438,21.895000457763672,140691,0.0,0.0,0.0
2024-09-03 15:30:00-04:00,21.899999618530273,21.920000076293945,21.8799991607666,21.920000076293945,33756,0.0,0.0,0.0
2024-09-04 09:30:00-04:00,21.93000030517578,22.0,21.90999984741211,21.985000610351562,153902,0.0,0.0,0.0
2024-09-04 10:30:00-04:00,21.989999771118164,22.030000686645508,21.981300354003906,22.014999389648438,62750,0.0,0.0,0.0
2024-09-04 11:30:00-04:00,22.010000228881836,22.019899368286133,21.979999542236328,21.999900817871094,47324,0.0,0.0,0.0
2024-09-04 12:30:00-04:00,21.9950008392334,22.010000228881836,21.983800888061523,21.985000610351562,50304,0.0,0.0,0.0
2024-09-04 13:30:00-04:00,21.989999771118164,22.010000228881836,21.985000610351562,22.0,85063,0.0,0.0,0.0
2024-09-04 14:30:00-04:00,22.0,22.010000228881836,21.979999542236328,22.00510025024414,52450,0.0,0.0,0.0
2024-09-04 15:30:00-04:00,22.010000228881836,22.010000228881836,21.990100860595703,22.0,16880,0.0,0.0,0.0
2024-09-05 09:30:00-04:00,22.059999465942383,22.09000015258789,22.020000457763672,22.064899444580078,45327,0.0,0.0,0.0
2024-09-05 10:30:00-04:00,22.074499130249023,22.13990020751953,22.074499130249023,22.08329963684082,56799,0.0,0.0,0.0
2024-09-05 11:30:00-04:00,22.09939956665039,22.100000381469727,22.07360076904297,22.09000015258789,30954,0.0,0.0,0.0
2024-09-05 12:30:00-04:00,22.079999923706055,22.09000015258789,22.06999969482422,22.079999923706055,37150,0.0,0.0,0.0
2024-09-05 13:30:00-04:00,22.079999923706055,22.1200008392334,22.079999923706055,22.11009979248047,54766,0.0,0.0,0.0
2024-09-05 14:30:00-04:00,22.112300872802734,22.1299991607666,22.10449981689453,22.11989974975586,86729,0.0,0.0,0.0
2024-09-05 15:30:00-04:00,22.1200008392334,22.129899978637695,22.100000381469727,22.110000610351562,41476,0.0,0.0,0.0
2024-09-06 09:30:00-04:00,22.229999542236328,22.229999542236328,22.120100021362305,22.149999618530273,94180,0.0,0.0,0.0
2024-09-06 10:30:00-04:00,22.149999618530273,22.149999618530273,22.06999969482422,22.086299896240234,153119,0.0,0.0,0.0
2024-09-06 11:30:00-04:00,22.09000015258789,22.100000381469727,22.010099411010742,22.030000686645508,42196,0.0,0.0,0.0
2024-09-06 12:30:00-04:00,22.020000457763672,22.0393009185791,21.959999084472656,22.02199935913086,54806,0.0,0.0,0.0
2024-09-06 13:30:00-04:00,22.030000686645508,22.05500030517578,22.020000457763672,22.045000076293945,86961,0.0,0.0,0.0
2024-09-06 14:30:00-04:00,22.04990005493164,22.06999969482422,22.032499313354492,22.066200256347656,77416,0.0,0.0,0.0
2024-09-06 15:30:00-04:00,22.06800079345703,22.07990074157715,22.059999465942383,22.059999465942383,40967,0.0,0.0,0.0
2024-09-09 09:30:00-04:00,22.190000534057617,22.190000534057617,22.059999465942383,22.1200008392334,262395,0.0,0.0,0.0
2024-09-09 10:30:00-04:00,22.129899978637695,22.139999389648438,22.110000610351562,22.125,75336,0.0,0.0,0.0
2024-09-09 11:30:00-04:00,22.1299991607666,22.170000076293945,22.129899978637695,22.159900665283203,50620,0.0,0.0,0.0
2024-09-09 12:30:00-04:00,22.155000686645508,22.170000076293945,22.150100708007812,22.165000915527344,83079,0.0,0.0,0.0
2024-09-09 13:30:00-04:00,22.15999984741211,22.170000076293945,22.150999069213867,22.165000915527344,96847,0.0,0.0,0.0
2024-09-09 14:30:00-04:00,22.16990089416504,22.189800262451172,22.165000915527344,22.18000030517578,73891,0.0,0.0,0.0
2024-09-09 15:30:00-04:00,22.184999465942383,22.219999313354492,22.18000030517578,22.209999084472656,52002,0.0,0.0,0.0
2024-09-10 09:30:00-04:00,22.290000915527344,22.29990005493164,22.110000610351562,22.15999984741211,131584,0.0,0.0,0.0
2024-09-10 10:30:00-04:00,22.15999984741211,22.199899673461914,22.159799575805664,22.180099487304688,62530,0.0,0.0,0.0
2024-09-10 11:30:00-04:00,22.18000030517578,22.18000030517578,22.100000381469727,22.135000228881836,63543,0.0,0.0,0.0
2024-09-10 12:30:00-04:00,22.135000228881836,22.20989990234375,22.135000228881836,22.200000762939453,65433,0.0,0.0,0.0
2024-09-10 13:30:00-04:00,22.200000762939453,22.219999313354492,22.200000762939453,22.21500015258789,68733,0.0,0.0,0.0
2024-09-10 14:30:00-04:00,22.219999313354492,22.229999542236328,22.200000762939453,22.219999313354492,66143,0.0,0.0,0.0
2024-09-10 15:30:00-04:00,22.222000122070312,22.239999771118164,22.219999313354492,22.229999542236328,42453,0.0,0.0,0.0
2024-09-11 09:30:00-04:00,22.280000686645508,22.280000686645508,22.13010025024414,22.135000228881836,90628,0.0,0.0,0.0
2024-09-11 10:30:00-04:00,22.1299991607666,22.20989990234375,22.110000610351562,22.18000030517578,65637,0.0,0.0,0.0
2024-09-11 11:30:00-04:00,22.18000030517578,22.229999542236328,22.18000030517578,22.219999313354492,37822,0.0,0.0,0.0
2024-09-11 12:30:00-04:00,22.219999313354492,22.239900588989258,22.209999084472656,22.233699798583984,58875,0.0,0.0,0.0
2024-09-11 13:30:00-04:00,22.229999542236328,22.2450008392334,22.190099716186523,22.2450008392334,67037,0.0,0.0,0.0
2024-09-11 14:30:00-04:00,22.2450008392334,22.269899368286133,22.2450008392334,22.260000228881836,60195,0.0,0.0,0.0
2024-09-11 15:30:00-04:00,22.270000457763672,22.290000915527344,22.25,22.25,30752,0.0,0.0,0.0
2024-09-12 09:30:00-04:00,22.309999465942383,22.3700008392334,22.229999542236328,22.290000915527344,75537,0.0,0.0,0.0
2024-09-12 10:30:00-04:00,22.299999237060547,22.315000534057617,22.280000686645508,22.309900283813477,44566,0.0,0.0,0.0
2024-09-12 11:30:00-04:00,22.30699920654297,22.319900512695312,22.294099807739258,22.294099807739258,22939,0.0,0.0,0.0
2024-09-12 12:30:00-04:00,22.29010009765625,22.31999969482422,22.282499313354492,22.310100555419922,63066,0.0,0.0,0.0
2024-09-12 13:30:00-04:00,22.315000534057617,22.329999923706055,22.30500030517578,22.31999969482422,29975,0.0,0.0,0.0
2024-09-12 14:30:00-04:00,22.319900512695312,22.3700008392334,22.315000534057617,22.360000610351562,65965,0.0,0.0,0.0
2024-09-12 15:30:00-04:00,22.362499237060547,22.36989974975586,22.350000381469727,22.350000381469727,34737,0.0,0.0,0.0
2024-09-13 09:30:00-04:00,22.440000534057617,22.440000534057617,22.3700008392334,22.43000030517578,138841,0.0,0.0,0.0
2024-09-13 10:30:00-04:00,22.420000076293945,22.440000534057617,22.389999389648438,22.407699584960938,86315,0.0,0.0,0.0
2024-09-13 11:30:00-04:00,22.405000686645508,22.450000762939453,22.405000686645508,22.434999465942383,45957,0.0,0.0,0.0
2024-09-13 12:30:00-04:00,22.434999465942383,22.440000534057617,22.429000854492188,22.43000030517578,57372,0.0,0.0,0.0
2024-09-13 13:30:00-04:00,22.43000030517578,22.440000534057617,22.42009925842285,22.43000030517578,29005,0.0,0.0,0.0
2024-09-13 14:30:00-04:00,22.43000030517578,22.440000534057617,22.420000076293945,22.440000534057617,60508,0.0,0.0,0.0
2024-09-13 15:30:00-04:00,22.440000534057617,22.450000762939453,22.360000610351562,22.399999618530273,45316,0.0,0.0,0.0
2024-09-16 09:30:00-04:00,22.520000457763672,22.520000457763672,22.453500747680664,22.479900360107422,134514,0.0,0.0,0.0
2024-09-16 10:30:00-04:00,22.469999313354492,22.509899139404297,22.46500015258789,22.4950008392334,50105,0.0,0.0,0.0
2024-09-16 11:30:00-04:00,22.5,22.520000457763672,22.489999771118164,22.510000228881836,62293,0.0,0.0,0.0
2024-09-16 12:30:00-04:00,22.510000228881836,22.520000457763672,22.500099182128906,22.510099411010742,40345,0.0,0.0,0.0
2024-09-16 13:30:00-04:00,22.520000457763672,22.549999237060547,22.514999389648438,22.542499542236328,160475,0.0,0.0,0.0
2024-09-16 14:30:00-04:00,22.540000915527344,22.559999465942383,22.530099868774414,22.559999465942383,62723,0.0,0.0,0.0
2024-09-16 15:30:00-04:00,22.559999465942383,22.579999923706055,22.55500030517578,22.56999969482422,62360,0.0,0.0,0.0
2024-09-17 09:30:00-04:00,22.65999984741211,22.68000030517578,22.600000381469727,22.68000030517578,139234,0.0,0.0,0.0
2024-09-17 10:30:00-04:00,22.68829917907715,22.690000534057617,22.649999618530273,22.68000030517578,43736,0.0,0.0,0.0
2024-09-17 11:30:00-04:00,22.68000030517578,22.68000030517578,22.634199142456055,22.649900436401367,55578,0.0,0.0,0.0
2024-09-17 12:30:00-04:00,22.640100479125977,22.647499084472656,22.540000915527344,22.600000381469727,94960,0.0,0.0,0.0
2024-09-17 13:30:00-04:00,22.600000381469727,22.6299991607666,22.570100784301758,22.618999481201172,55144,0.0,0.0,0.0
2024-09-17 14:30:00-04:00,22.617263793945312,22.642499923706055,22.604000091552734,22.6299991607666,48862,0.0,0.0,0.0
2024-09-17 15:30:00-04:00,22.6299991607666,22.639999389648438,22.600000381469727,22.6299991607666,22959,0.0,0.0,0.0
2024-09-18 09:30:00-04:00,22.719999313354492,22.719999313354492,22.600099563598633,22.6200008392334,90720,0.0,0.0,0.0
2024-09-18 10:30:00-04:00,22.629899978637695,22.659900665283203,22.610000610351562,22.645000457763672,79360,0.0,0.0,0.0
2024-09-18 11:30:00-04:00,22.639999389648438,22.67639923095703,22.639999389648438,22.67009925842285,45817,0.0,0.0,0.0
2024-09-18 12:30:00-04:00,22.675600051879883,22.68000030517578,22.649999618530273,22.67009925842285,49259,0.0,0.0,0.0
2024-09-18 13:30:00-04:00,22.674999237060547,22.799999237060547,22.661699295043945,22.790000915527344,87601,0.0,0.0,0.0
2024-09-18 14:30:00-04:00,22.799100875854492,22.825000762939453,22.730100631713867,22.780000686645508,97716,0.0,0.0,0.0
2024-09-18 15:30:00-04:00,22.780000686645508,22.790000915527344,22.743600845336914,22.770000457763672,31046,0.0,0.0,0.0
2024-09-19 09:30:00-04:00,22.989999771118164,22.989999771118164,22.760099411010742,22.860000610351562,82089,0.0,0.0,0.0
2024-09-19 10:30:00-04:00,22.868999481201172,22.93000030517578,22.855199813842773,22.920000076293945,82767,0.0,0.0,0.0
2024-09-19 11:30:00-04:00,22.920000076293945,22.937999725341797,22.90999984741211,22.924999237060547,52361,0.0,0.0,0.0
2024-09-19 12:30:00-04:00,22.928699493408203,22.928699493408203,22.899999618530273,22.909900665283203,85378,0.0,0.0,0.0
2024-09-19 13:30:00-04:00,22.905000686645508,22.929899215698242,22.899999618530273,22.90999984741211,36019,0.0,0.0,0.0
2024-09-19 14:30:00-04:00,22.91790008544922,22.940000534057617,22.90999984741211,22.940000534057617,73683,0.0,0.0,0.0
2024-09-19 15:30:00-04:00,22.940000534057617,22.979999542236328,22.930200576782227,22.979999542236328,145265,0.0,0.0,0.0
2024-09-20 09:30:00-04:00,22.860000610351562,22.8799991607666,22.739900588989258,22.75,97881,0.0,0.0,0.0
2024-09-20 10:30:00-04:00,22.760000228881836,22.785499572753906,22.753299713134766,22.770000457763672,35712,0.0,0.0,0.0
2024-09-20 11:30:00-04:00,22.768400192260742,22.825000762939453,22.768400192260742,22.825000762939453,82463,0.0,0.0,0.0
2024-09-20 12:30:00-04:00,22.829999923706055,22.856800079345703,22.82110023498535,22.850000381469727,46023,0.0,0.0,0.0
2024-09-20 13:30:00-04:00,22.844999313354492,22.84630012512207,22.80500030517578,22.829999923706055,62549,0.0,0.0,0.0
2024-09-20 14:30:00-04:00,22.829999923706055,22.842199325561523,22.822200775146484,22.84000015258789,53424,0.0,0.0,0.0
2024-09-20 15:30:00-04:00,22.838600158691406,22.864999771118164,22.83370018005371,22.84000015258789,65891,0.0,0.0,0.0
2024-09-23 09:30:00-04:00,22.969999313354492,22.969999313354492,22.799999237060547,22.8700008392334,179390,0.0,0.0,0.0
2024-09-23 10:30:00-04:00,22.878999710083008,22.8799991607666,22.84000015258789,22.879899978637695,57859,0.0,0.0,0.0
2024-09-23 11:30:00-04:00,22.86669921875,22.889999389648438,22.860000610351562,22.885000228881836,112498,0.0,0.0,0.0
2024-09-23 12:30:00-04:00,22.8799991607666,22.887300491333008,22.855100631713867,22.857099533081055,61948,0.0,0.0,0.0
2024-09-23 13:30:00-04:00,22.854999542236328,22.86840057373047,22.809999465942383,22.84000015258789,42172,0.0,0.0,0.0
2024-09-23 14:30:00-04:00,22.84000015258789,22.847299575805664,22.81999969482422,22.834999084472656,64524,0.0,0.0,0.0
2024-09-23 15:30:00-04:00,22.825000762939453,22.860000610351562,22.809999465942383,22.84000015258789,33673,0.0,0.0,0.0
2024-09-24 09:30:00-04:00,22.84000015258789,22.849899291992188,22.780000686645508,22.809999465942383,55330,0.0,0.0,0.0
2024-09-24 10:30:00-04:00,22.806800842285156,22.878599166870117,22.719999313354492,22.800159454345703,142382,0.0,0.0,0.0
2024-09-24 11:30:00-04:00,22.809999465942383,22.850000381469727,22.807600021362305,22.829999923706055,66770,0.0,0.0,0.0
2024-09-24 12:30:00-04:00,22.825000762939453,22.850000381469727,22.81999969482422,22.82990074157715,36018,0.0,0.0,0.0
2024-09-24 13:30:00-04:00,22.82990074157715,22.8700008392334,22.81999969482422,22.864999771118164,92799,0.0,0.0,0.0
2024-09-24 14:30:00-04:00,22.864999771118164,22.917299270629883,22.850000381469727,22.89349937438965,93546,0.0,0.0,0.0
2024-09-24 15:30:00-04:00,22.889999389648438,22.90999984741211,22.889999389648438,22.899999618530273,31498,0.0,0.0,0.0
2024-09-25 09:30:00-04:00,22.90999984741211,22.969900131225586,22.84000015258789,22.860000610351562,54642,0.0,0.0,0.0
2024-09-25 10:30:00-04:00,22.860000610351562,22.90999984741211,22.859899520874023,22.908599853515625,35689,0.0,0.0,0.0
2024-09-25 11:30:00-04:00,22.900100708007812,22.920000076293945,22.889999389648438,22.899999618530273,37151,0.0,0.0,0.0
2024-09-25 12:30:00-04:00,22.889999389648438,22.899900436401367,22.860000610351562,22.86989974975586,16850,0.0,0.0,0.0
2024-09-25 13:30:00-04:00,22.86829948425293,22.875,22.84000015258789,22.875,27305,0.0,0.0,0.0
2024-09-25 14:30:00-04:00,22.875,22.88640022277832,22.868999481201172,22.8700008392334,60567,0.0,0.0,0.0
2024-09-25 15:30:00-04:00,22.864999771118164,22.8799991607666,22.790000915527344,22.790000915527344,58536,0.0,0.0,0.0
2024-09-26 09:30:00-04:00,22.950000762939453,22.950000762939453,22.83009910583496,22.84000015258789,190530,0.0,0.0,0.0
2024-09-26 10:30:00-04:00,22.84000015258789,22.889999389648438,22.83009910583496,22.875,103956,0.0,0.0,0.0
2024-09-26 11:30:00-04:00,22.8700008392334,22.8799991607666,22.850000381469727,22.86989974975586,89257,0.0,0.0,0.0
2024-09-26 12:30:00-04:00,22.860000610351562,22.8700008392334,22.860000610351562,22.860000610351562,52928,0.0,0.0,0.0
2024-09-26 13:30:00-04:00,22.86989974975586,22.89929962158203,22.850099563598633,22.889999389648438,166680,0.0,0.0,0.0
2024-09-26 14:30:00-04:00,22.888099670410156,22.895000457763672,22.8700008392334,22.8700008392334,33704,0.0,0.0,0.0
2024-09-26 15:30:00-04:00,22.8700008392334,22.889999389648438,22.850000381469727,22.8700008392334,51172,0.0,0.0,0.0
2024-09-27 09:30:00-04:00,22.959999084472656,23.08989906311035,22.920000076293945,22.934999465942383,120069,0.0,0.0,0.0
2024-09-27 10:30:00-04:00,22.931100845336914,22.959999084472656,22.90999984741211,22.9197998046875,39034,0.0,0.0,0.0
2024-09-27 11:30:00-04:00,22.915000915527344,22.929899215698242,22.899999618530273,22.909700393676758,67006,0.0,0.0,0.0
2024-09-27 12:30:00-04:00,22.909900665283203,22.90999984741211,22.8799991607666,22.883699417114258,26436,0.0,0.0,0.0
2024-09-27 13:30:00-04:00,22.885000228881836,22.88990020751953,22.850000381469727,22.885000228881836,23088,0.0,0.0,0.0
2024-09-27 14:30:00-04:00,22.885000228881836,22.911300659179688,22.86210060119629,22.8799991607666,61347,0.0,0.0,0.0
2024-09-27 15:30:00-04:00,22.8700008392334,22.88800048828125,22.86989974975586,22.8700008392334,22090,0.0,0.0,0.0
2024-09-30 09:30:00-04:00,22.889999389648438,22.899999618530273,22.81999969482422,22.849899291992188,135898,0.0,0.0,0.0
2024-09-30 10:30:00-04:00,22.856700897216797,22.877099990844727,22.83169937133789,22.83169937133789,51477,0.0,0.0,0.0
2024-09-30 11:30:00-04:00,22.83370018005371,22.83989906311035,22.72010040283203,22.7549991607666,58842,0.0,0.0,0.0
2024-09-30 12:30:00-04:00,22.75,22.850000381469727,22.741300582885742,22.829999923706055,130595,0.0,0.0,0.0
2024-09-30 13:30:00-04:00,22.829999923706055,22.850000381469727,22.809999465942383,22.81999969482422,105002,0.0,0.0,0.0
2024-09-30 14:30:00-04:00,22.815000534057617,22.829999923706055,22.783300399780273,22.825000762939453,142474,0.0,0.0,0.0
2024-09-30 15:30:00-04:00,22.81999969482422,22.84000015258789,22.799999237060547,22.809999465942383,63578,0.0,0.0,0.0
2024-10-01 09:30:00-04:00,22.920000076293945,22.920000076293945,22.709999084472656,22.72410011291504,142889,0.0,0.0,0.0
2024-10-01 10:30:00-04:00,22.729999542236328,22.790000915527344,22.709999084472656,22.790000915527344,70502,0.0,0.0,0.0
2024-10-01 11:30:00-04:00,22.762100219726562,22.809999465942383,22.762100219726562,22.80500030517578,47552,0.0,0.0,0.0
2024-10-01 12:30:00-04:00,22.80500030517578,22.827800750732422,22.780000686645508,22.78499984741211,40389,0.0,0.0,0.0
2024-10-01 13:30:00-04:00,22.78499984741211,22.81999969482422,22.774099349975586,22.815000534057617,25024,0.0,0.0,0.0
2024-10-01 14:30:00-04:00,22.815000534057617,22.915000915527344,22.809999465942383,22.905000686645508,182998,0.0,0.0,0.0
2024-10-01 15:30:00-04:00,22.905000686645508,22.90999984741211,22.8710994720459,22.8799991607666,53608,0.0,0.0,0.0
2024-10-02 09:30:00-04:00,22.899999618530273,22.899999618530273,22.810100555419922,22.86989974975586,73889,0.0,0.0,0.0
2024-10-02 10:30:00-04:00,22.860000610351562,22.864999771118164,22.815000534057617,22.850000381469727,51808,0.0,0.0,0.0
2024-10-02 11:30:00-04:00,22.840099334716797,22.8799991607666,22.840099334716797,22.8700008392334,42128,0.0,0.0,0.0
2024-10-02 12:30:00-04:00,22.86750030517578,22.86989974975586,22.84000015258789,22.860000610351562,32907,0.0,0.0,0.0
2024-10-02 13:30:00-04:00,22.860000610351562,22.889999389648438,22.852418899536133,22.860000610351562,82006,0.0,0.0,0.0
2024-10-02 14:30:00-04:00,22.86009979248047,22.8700008392334,22.860000610351562,22.864999771118164,28959,0.0,0.0,0.0
2024-10-02 15:30:00-04:00,22.86989974975586,22.8799991607666,22.860000610351562,22.8700008392334,63293,0.0,0.0,0.0
2024-10-03 09:30:00-04:00,22.899999618530273,22.899999618530273,22.81999969482422,22.82110023498535,59124,0.0,0.0,0.0
2024-10-03 10:30:00-04:00,22.84000015258789,22.863800048828125,22.82990074157715,22.860000610351562,25542,0.0,0.0,0.0
2024-10-03 11:30:00-04:00,22.860000610351562,22.91990089416504,22.8533992767334,22.90999984741211,40143,0.0,0.0,0.0
2024-10-03 12:30:00-04:00,22.90999984741211,22.91990089416504,22.860000610351562,22.864999771118164,32235,0.0,0.0,0.0
2024-10-03 13:30:00-04:00,22.8700008392334,22.8799991607666,22.850000381469727,22.859899520874023,46873,0.0,0.0,0.0
2024-10-03 14:30:00-04:00,22.860000610351562,22.8700008392334,22.83009910583496,22.832199096679688,36801,0.0,0.0,0.0
2024-10-03 15:30:00-04:00,22.84000015258789,22.856700897216797,22.799999237060547,22.799999237060547,51254,0.0,0.0,0.0
2024-10-04 09:30:00-04:00,22.8700008392334,22.87649917602539,22.700000762939453,22.719900131225586,167093,0.0,0.0,0.0
2024-10-04 10:30:00-04:00,22.719900131225586,22.75510025024414,22.680099487304688,22.73259925842285,92278,0.0,0.0,0.0
2024-10-04 11:30:00-04:00,22.739900588989258,22.81999969482422,22.729999542236328,22.790000915527344,89627,0.0,0.0,0.0
2024-10-04 12:30:00-04:00,22.799999237060547,22.809799194335938,22.729999542236328,22.735000610351562,98746,0.0,0.0,0.0
2024-10-04 13:30:00-04:00,22.729999542236328,22.76420021057129,22.729999542236328,22.760000228881836,123134,0.0,0.0,0.0
2024-10-04 14:30:00-04:00,22.75,22.795000076293945,22.729999542236328,22.769899368286133,136648,0.0,0.0,0.0
2024-10-04 15:30:00-04:00,22.762300491333008,22.809900283813477,22.709999084472656,22.780000686645508,66659,0.0,0.0,0.0
