Datetime,Open,High,Low,Close,Volume,Dividends,Stock Splits
2022-10-06 09:30:00-04:00,0.8101000189781189,0.8399999737739563,0.7799999713897705,0.800000011920929,137765,0.0,0.0
2022-10-06 10:30:00-04:00,0.7800099849700928,0.7946950197219849,0.7505000233650208,0.7601000070571899,58941,0.0,0.0
2022-10-06 11:30:00-04:00,0.7601000070571899,0.7900000214576721,0.7601000070571899,0.7799999713897705,22489,0.0,0.0
2022-10-06 12:30:00-04:00,0.7888000011444092,0.7900000214576721,0.7610999941825867,0.7640969753265381,26716,0.0,0.0
2022-10-06 13:30:00-04:00,0.7700999975204468,0.7900000214576721,0.7545139789581299,0.7850000262260437,25538,0.0,0.0
2022-10-06 14:30:00-04:00,0.7847999930381775,0.7850000262260437,0.7429999709129333,0.7674999833106995,40305,0.0,0.0
2022-10-06 15:30:00-04:00,0.7501000165939331,0.7900000214576721,0.7501000165939331,0.7870000004768372,0,0.0,0.0
2022-10-07 09:30:00-04:00,0.7677000164985657,0.7889999747276306,0.7429999709129333,0.7699999809265137,73793,0.0,0.0
2022-10-07 10:30:00-04:00,0.7524999976158142,0.8199999928474426,0.7524999976158142,0.8087999820709229,80048,0.0,0.0
2022-10-07 11:30:00-04:00,0.8095999956130981,0.8097000122070312,0.7599999904632568,0.8008000254631042,25921,0.0,0.0
2022-10-07 12:30:00-04:00,0.8008000254631042,0.8199999928474426,0.7599999904632568,0.8101300001144409,40442,0.0,0.0
2022-10-07 13:30:00-04:00,0.8144000172615051,0.8199999928474426,0.7768999934196472,0.8100000023841858,28441,0.0,0.0
2022-10-07 14:30:00-04:00,0.8100000023841858,0.8100000023841858,0.7900009751319885,0.7919999957084656,10373,0.0,0.0
2022-10-07 15:30:00-04:00,0.7998999953269958,0.8101000189781189,0.7763000130653381,0.8100990056991577,35572,0.0,0.0
2022-10-10 09:30:00-04:00,0.7710000276565552,0.7998999953269958,0.699999988079071,0.7200999855995178,182489,0.0,0.0
2022-10-10 10:30:00-04:00,0.7207919955253601,0.7767999768257141,0.6517000198364258,0.7350010275840759,169406,0.0,0.0
2022-10-10 11:30:00-04:00,0.7551000118255615,0.7749000191688538,0.688211977481842,0.7396000027656555,58300,0.0,0.0
2022-10-10 12:30:00-04:00,0.7389000058174133,0.7400000095367432,0.7001000046730042,0.739799976348877,6674,0.0,0.0
2022-10-10 13:30:00-04:00,0.739799976348877,0.7599999904632568,0.7051010131835938,0.7598999738693237,7853,0.0,0.0
2022-10-10 14:30:00-04:00,0.75,0.75,0.7055000066757202,0.7124000191688538,4660,0.0,0.0
2022-10-10 15:30:00-04:00,0.7164999842643738,0.75,0.6700000166893005,0.75,36344,0.0,0.0
2022-10-11 09:30:00-04:00,0.7200000286102295,0.7200000286102295,0.6499999761581421,0.6898000240325928,120777,0.0,0.0
2022-10-11 10:30:00-04:00,0.6600000262260437,0.6898999810218811,0.6287999749183655,0.6800000071525574,48004,0.0,0.0
2022-10-11 11:30:00-04:00,0.6800000071525574,0.7200000286102295,0.6500999927520752,0.6988999843597412,114143,0.0,0.0
2022-10-11 12:30:00-04:00,0.6600000262260437,0.6988999843597412,0.6600000262260437,0.6899999976158142,20267,0.0,0.0
2022-10-11 13:30:00-04:00,0.6899999976158142,0.6899999976158142,0.6549999713897705,0.6797999739646912,34181,0.0,0.0
2022-10-11 14:30:00-04:00,0.6894999742507935,0.6898000240325928,0.6553000211715698,0.678600013256073,3081,0.0,0.0
2022-10-11 15:30:00-04:00,0.678600013256073,0.6886000037193298,0.6553000211715698,0.6886000037193298,9744,0.0,0.0
2022-10-12 09:30:00-04:00,0.6700000166893005,0.6700000166893005,0.6019999980926514,0.6211000084877014,178896,0.0,0.0
2022-10-12 10:30:00-04:00,0.6473000049591064,0.6499999761581421,0.621999979019165,0.6301100254058838,19067,0.0,0.0
2022-10-12 11:30:00-04:00,0.6302000284194946,0.6499999761581421,0.6299999952316284,0.6325749754905701,79827,0.0,0.0
2022-10-12 12:30:00-04:00,0.6399000287055969,0.6499999761581421,0.6299999952316284,0.6499000191688538,6468,0.0,0.0
2022-10-12 13:30:00-04:00,0.6499000191688538,0.6499000191688538,0.6399999856948853,0.6399999856948853,5976,0.0,0.0
2022-10-12 14:30:00-04:00,0.6399999856948853,0.6499000191688538,0.6111000180244446,0.6205000281333923,26183,0.0,0.0
2022-10-12 15:30:00-04:00,0.6299999952316284,0.6395000219345093,0.6111000180244446,0.6248999834060669,40047,0.0,0.0
2022-10-13 09:30:00-04:00,0.6298999786376953,0.6658999919891357,0.6000999808311462,0.6549999713897705,153199,0.0,0.0
2022-10-13 10:30:00-04:00,0.6523000001907349,0.6700000166893005,0.6384000182151794,0.6600000262260437,57804,0.0,0.0
2022-10-13 11:30:00-04:00,0.6600000262260437,0.7106000185012817,0.6310999989509583,0.7099999785423279,70750,0.0,0.0
2022-10-13 12:30:00-04:00,0.7056999802589417,0.8100000023841858,0.6700000166893005,0.7099999785423279,1120865,0.0,0.0
2022-10-13 13:30:00-04:00,0.7200999855995178,0.7400000095367432,0.6700000166893005,0.6800000071525574,353046,0.0,0.0
2022-10-13 14:30:00-04:00,0.6700000166893005,0.6899999976158142,0.6399999856948853,0.6449999809265137,138184,0.0,0.0
2022-10-13 15:30:00-04:00,0.6499000191688538,0.6499999761581421,0.6399999856948853,0.6450009942054749,47665,0.0,0.0
2022-10-14 09:30:00-04:00,0.6299999952316284,0.6650000214576721,0.6251000165939331,0.6301000118255615,214985,0.0,0.0
2022-10-14 10:30:00-04:00,0.6299999952316284,0.6499999761581421,0.5799999833106995,0.6000000238418579,472570,0.0,0.0
2022-10-14 11:30:00-04:00,0.5963199734687805,0.6273000240325928,0.5879999995231628,0.6050000190734863,43595,0.0,0.0
2022-10-14 12:30:00-04:00,0.6099900007247925,0.6200000047683716,0.5799999833106995,0.5879999995231628,125803,0.0,0.0
2022-10-14 13:30:00-04:00,0.5879999995231628,0.6198999881744385,0.5699999928474426,0.5820000171661377,37987,0.0,0.0
2022-10-14 14:30:00-04:00,0.6069890260696411,0.6085000038146973,0.5509999990463257,0.5632129907608032,80962,0.0,0.0
2022-10-14 15:30:00-04:00,0.5871999859809875,0.589900016784668,0.5600000023841858,0.5845000147819519,30640,0.0,0.0
2022-10-17 09:30:00-04:00,0.5800999999046326,0.6200000047683716,0.5699999928474426,0.5739499926567078,101910,0.0,0.0
2022-10-17 10:30:00-04:00,0.5699999928474426,0.609000027179718,0.5699999928474426,0.609000027179718,40153,0.0,0.0
2022-10-17 11:30:00-04:00,0.609000027179718,0.6299999952316284,0.5601000189781189,0.5734999775886536,142257,0.0,0.0
2022-10-17 12:30:00-04:00,0.6200000047683716,0.6200000047683716,0.5770999789237976,0.5979999899864197,48191,0.0,0.0
2022-10-17 13:30:00-04:00,0.5978000164031982,0.5979999899864197,0.570900022983551,0.5950000286102295,13973,0.0,0.0
2022-10-17 14:30:00-04:00,0.593500018119812,0.6000000238418579,0.570900022983551,0.6000000238418579,14833,0.0,0.0
2022-10-17 15:30:00-04:00,0.6100000143051147,0.6100000143051147,0.5641000270843506,0.5641000270843506,66124,0.0,0.0
2022-10-18 09:30:00-04:00,0.5799999833106995,0.6100000143051147,0.5799999833106995,0.6022999882698059,78618,0.0,0.0
2022-10-18 10:30:00-04:00,0.6176999807357788,0.6705009937286377,0.5809999704360962,0.6000000238418579,251324,0.0,0.0
2022-10-18 11:30:00-04:00,0.6000000238418579,0.6377000212669373,0.5820000171661377,0.6198999881744385,33547,0.0,0.0
2022-10-18 12:30:00-04:00,0.6001999974250793,0.6399999856948853,0.6001999974250793,0.6250010132789612,42018,0.0,0.0
2022-10-18 13:30:00-04:00,0.6499999761581421,0.6499999761581421,0.6100000143051147,0.6294999718666077,21900,0.0,0.0
2022-10-18 14:30:00-04:00,0.6100999712944031,0.6484000086784363,0.6100000143051147,0.6200000047683716,60487,0.0,0.0
2022-10-18 15:30:00-04:00,0.6200000047683716,0.6480000019073486,0.6098999977111816,0.6399999856948853,53320,0.0,0.0
2022-10-19 09:30:00-04:00,0.6136000156402588,0.6499000191688538,0.582099974155426,0.5997999906539917,85318,0.0,0.0
2022-10-19 10:30:00-04:00,0.5899999737739563,0.607699990272522,0.5709999799728394,0.5950000286102295,44332,0.0,0.0
2022-10-19 11:30:00-04:00,0.5950000286102295,0.6299999952316284,0.5799999833106995,0.6200000047683716,43735,0.0,0.0
2022-10-19 12:30:00-04:00,0.6200000047683716,0.6399999856948853,0.6100000143051147,0.6140000224113464,16657,0.0,0.0
2022-10-19 13:30:00-04:00,0.6389999985694885,0.6481000185012817,0.6100000143051147,0.6100000143051147,32567,0.0,0.0
2022-10-19 14:30:00-04:00,0.625,0.6399000287055969,0.5860999822616577,0.6392999887466431,40689,0.0,0.0
2022-10-19 15:30:00-04:00,0.6349999904632568,0.6349999904632568,0.5810999870300293,0.6100000143051147,0,0.0,0.0
2022-10-20 09:30:00-04:00,0.6067000031471252,0.6399000287055969,0.5799999833106995,0.6000999808311462,54052,0.0,0.0
2022-10-20 10:30:00-04:00,0.6199989914894104,0.6200000047683716,0.5802010297775269,0.6115000247955322,21156,0.0,0.0
2022-10-20 11:30:00-04:00,0.6100000143051147,0.6198999881744385,0.5809999704360962,0.6000999808311462,18626,0.0,0.0
2022-10-20 12:30:00-04:00,0.6010010242462158,0.6198999881744385,0.6010000109672546,0.6011000275611877,7923,0.0,0.0
2022-10-20 13:30:00-04:00,0.6187000274658203,0.6198999881744385,0.6000999808311462,0.6197999715805054,5672,0.0,0.0
2022-10-20 14:30:00-04:00,0.6197999715805054,0.6399000287055969,0.6000999808311462,0.6200000047683716,22597,0.0,0.0
2022-10-20 15:30:00-04:00,0.6001009941101074,0.6398000121116638,0.5810999870300293,0.6100999712944031,24731,0.0,0.0
2022-10-21 09:30:00-04:00,0.6100000143051147,0.6283000111579895,0.5710999965667725,0.6085000038146973,41274,0.0,0.0
2022-10-21 10:30:00-04:00,0.5799999833106995,0.6215999722480774,0.5612999796867371,0.5749989748001099,50160,0.0,0.0
2022-10-21 11:30:00-04:00,0.5799999833106995,0.5799999833106995,0.5651000142097473,0.578000009059906,12405,0.0,0.0
2022-10-21 12:30:00-04:00,0.578000009059906,0.6050000190734863,0.5559999942779541,0.5601000189781189,8229,0.0,0.0
2022-10-21 13:30:00-04:00,0.6000000238418579,0.6000000238418579,0.5625,0.579600989818573,8330,0.0,0.0
2022-10-21 14:30:00-04:00,0.5799000263214111,0.5799999833106995,0.5371999740600586,0.5504999756813049,113858,0.0,0.0
2022-10-21 15:30:00-04:00,0.5504999756813049,0.5799999833106995,0.5401009917259216,0.5498999953269958,42813,0.0,0.0
2022-10-24 09:30:00-04:00,0.5699999928474426,0.5799999833106995,0.5210000276565552,0.5486000180244446,81619,0.0,0.0
2022-10-24 10:30:00-04:00,0.5400000214576721,0.5600000023841858,0.5227000117301941,0.5600000023841858,41361,0.0,0.0
2022-10-24 11:30:00-04:00,0.5600000023841858,0.5600000023841858,0.5230000019073486,0.5498999953269958,47744,0.0,0.0
2022-10-24 12:30:00-04:00,0.5498999953269958,0.5600000023841858,0.5400000214576721,0.5600000023841858,18150,0.0,0.0
2022-10-24 13:30:00-04:00,0.5555999875068665,0.5555999875068665,0.5319880247116089,0.5485000014305115,29253,0.0,0.0
2022-10-24 14:30:00-04:00,0.5450000166893005,0.550000011920929,0.531000018119812,0.5404999852180481,16720,0.0,0.0
2022-10-24 15:30:00-04:00,0.5498999953269958,0.57669997215271,0.5213000178337097,0.5400000214576721,94077,0.0,0.0
2022-10-25 09:30:00-04:00,0.5496000051498413,0.5799999833106995,0.5400000214576721,0.5774999856948853,89183,0.0,0.0
2022-10-25 10:30:00-04:00,0.578499972820282,0.578499972820282,0.5501999855041504,0.5501999855041504,53578,0.0,0.0
2022-10-25 11:30:00-04:00,0.5699999928474426,0.578499972820282,0.5550000071525574,0.5774999856948853,53633,0.0,0.0
2022-10-25 12:30:00-04:00,0.5774999856948853,0.5774999856948853,0.541100025177002,0.5633999705314636,35197,0.0,0.0
2022-10-25 13:30:00-04:00,0.5503010153770447,0.5764999985694885,0.550000011920929,0.5550000071525574,30973,0.0,0.0
2022-10-25 14:30:00-04:00,0.5402010083198547,0.5740000009536743,0.5402010083198547,0.5699999928474426,36842,0.0,0.0
2022-10-25 15:30:00-04:00,0.5699999928474426,0.5730000138282776,0.5586000084877014,0.5730000138282776,0,0.0,0.0
2022-10-26 09:30:00-04:00,0.5404999852180481,0.6000000238418579,0.5320000052452087,0.5997999906539917,93950,0.0,0.0
2022-10-26 10:30:00-04:00,0.5997999906539917,0.5997999906539917,0.550000011920929,0.5899999737739563,58665,0.0,0.0
2022-10-26 11:30:00-04:00,0.5899999737739563,0.5899999737739563,0.5702000260353088,0.5799999833106995,30837,0.0,0.0
2022-10-26 12:30:00-04:00,0.5699999928474426,0.5879999995231628,0.5699999928474426,0.5799999833106995,13663,0.0,0.0
2022-10-26 13:30:00-04:00,0.5799999833106995,0.6000000238418579,0.5774999856948853,0.5997999906539917,64804,0.0,0.0
2022-10-26 14:30:00-04:00,0.6000000238418579,0.6000000238418579,0.5530999898910522,0.5898990035057068,46819,0.0,0.0
2022-10-26 15:30:00-04:00,0.5788999795913696,0.5972999930381775,0.5699999928474426,0.5899999737739563,0,0.0,0.0
2022-10-27 09:30:00-04:00,0.5799999833106995,0.5899999737739563,0.5529000163078308,0.5899999737739563,18076,0.0,0.0
2022-10-27 10:30:00-04:00,0.5864999890327454,0.5999990105628967,0.5740000009536743,0.5899999737739563,0,0.0,0.0
2022-10-27 11:30:00-04:00,0.5899999737739563,0.5899999737739563,0.5740000009536743,0.589900016784668,47453,0.0,0.0
2022-10-27 12:30:00-04:00,0.5799999833106995,0.589900016784668,0.5554999709129333,0.5799999833106995,47470,0.0,0.0
2022-10-27 13:30:00-04:00,0.5712500214576721,0.5799000263214111,0.5687999725341797,0.572501003742218,2829,0.0,0.0
2022-10-27 14:30:00-04:00,0.5699999928474426,0.5950000286102295,0.5699989795684814,0.5899999737739563,78988,0.0,0.0
2022-10-27 15:30:00-04:00,0.5899999737739563,0.6000000238418579,0.5641000270843506,0.5641000270843506,0,0.0,0.0
2022-10-28 09:30:00-04:00,0.5885000228881836,0.6000000238418579,0.5600000023841858,0.5799999833106995,88101,0.0,0.0
2022-10-28 10:30:00-04:00,0.5699999928474426,0.5898000001907349,0.5601999759674072,0.5799999833106995,24148,0.0,0.0
2022-10-28 11:30:00-04:00,0.5896999835968018,0.5898000001907349,0.5605000257492065,0.5605000257492065,13257,0.0,0.0
2022-10-28 12:30:00-04:00,0.5601000189781189,0.5777000188827515,0.550000011920929,0.550000011920929,38860,0.0,0.0
2022-10-28 13:30:00-04:00,0.5550000071525574,0.5600000023841858,0.5400000214576721,0.5415999889373779,12967,0.0,0.0
2022-10-28 14:30:00-04:00,0.5450999736785889,0.5598000288009644,0.5210000276565552,0.5450999736785889,33093,0.0,0.0
2022-10-28 15:30:00-04:00,0.5450999736785889,0.5724999904632568,0.5450999736785889,0.5659199953079224,28831,0.0,0.0
2022-10-31 09:30:00-04:00,0.5587999820709229,0.5699899792671204,0.5494999885559082,0.5629000067710876,30750,0.0,0.0
2022-10-31 10:30:00-04:00,0.5494999885559082,0.5629000067710876,0.5494999885559082,0.552016019821167,11293,0.0,0.0
2022-10-31 11:30:00-04:00,0.5564000010490417,0.5627999901771545,0.550000011920929,0.5501000285148621,2039,0.0,0.0
2022-10-31 12:30:00-04:00,0.5564000010490417,0.5598999857902527,0.5494999885559082,0.5494999885559082,18041,0.0,0.0
2022-10-31 13:30:00-04:00,0.5496000051498413,0.5598999857902527,0.5302000045776367,0.5302000045776367,11108,0.0,0.0
2022-10-31 14:30:00-04:00,0.5450500249862671,0.5598999857902527,0.5450500249862671,0.5598000288009644,7470,0.0,0.0
2022-10-31 15:30:00-04:00,0.5598000288009644,0.5598000288009644,0.5404999852180481,0.5595999956130981,8125,0.0,0.0
2022-11-01 09:30:00-04:00,0.5597000122070312,0.5698999762535095,0.5200999975204468,0.5349000096321106,167332,0.0,0.0
2022-11-01 10:30:00-04:00,0.5338000059127808,0.5569000244140625,0.5112000107765198,0.5499989986419678,42829,0.0,0.0
2022-11-01 11:30:00-04:00,0.5238999724388123,0.5498999953269958,0.5120000243186951,0.5399990081787109,29346,0.0,0.0
2022-11-01 12:30:00-04:00,0.539900004863739,0.539900004863739,0.5199999809265137,0.5349000096321106,16702,0.0,0.0
2022-11-01 13:30:00-04:00,0.5349900126457214,0.5350000262260437,0.5110999941825867,0.5297999978065491,17475,0.0,0.0
2022-11-01 14:30:00-04:00,0.5297999978065491,0.6500009894371033,0.4881010055541992,0.5400000214576721,354183,0.0,0.0
2022-11-01 15:30:00-04:00,0.5499500036239624,0.5598999857902527,0.5400000214576721,0.5595999956130981,22025,0.0,0.0
2022-11-02 09:30:00-04:00,0.5598000288009644,0.5598000288009644,0.5299999713897705,0.5498999953269958,54703,0.0,0.0
2022-11-02 10:30:00-04:00,0.5370000004768372,0.5498999953269958,0.5299999713897705,0.5489000082015991,14372,0.0,0.0
2022-11-02 11:30:00-04:00,0.5489000082015991,0.5489000082015991,0.5299999713897705,0.5464000105857849,3825,0.0,0.0
2022-11-02 12:30:00-04:00,0.5486999750137329,0.5486999750137329,0.5327000021934509,0.5389990210533142,5105,0.0,0.0
2022-11-02 13:30:00-04:00,0.5479999780654907,0.5600000023841858,0.5299999713897705,0.5548999905586243,23425,0.0,0.0
2022-11-02 14:30:00-04:00,0.5548999905586243,0.5548999905586243,0.5299999713897705,0.5453000068664551,48679,0.0,0.0
2022-11-02 15:30:00-04:00,0.5314000248908997,0.5498999953269958,0.4887999892234802,0.5199999809265137,0,0.0,0.0
2022-11-03 09:30:00-04:00,0.5170000195503235,0.5400000214576721,0.5099999904632568,0.5349000096321106,28972,0.0,0.0
2022-11-03 10:30:00-04:00,0.5350000262260437,0.5350000262260437,0.5027999877929688,0.5027999877929688,13554,0.0,0.0
2022-11-03 11:30:00-04:00,0.5199999809265137,0.5350000262260437,0.5099999904632568,0.5099999904632568,21785,0.0,0.0
2022-11-03 12:30:00-04:00,0.5299999713897705,0.5299999713897705,0.5149999856948853,0.5151000022888184,8664,0.0,0.0
2022-11-03 13:30:00-04:00,0.5379999876022339,0.5379999876022339,0.5,0.5289999842643738,23202,0.0,0.0
2022-11-03 14:30:00-04:00,0.5289999842643738,0.5378999710083008,0.4999000132083893,0.4999000132083893,37182,0.0,0.0
2022-11-03 15:30:00-04:00,0.49619999527931213,0.5128999948501587,0.48500001430511475,0.5127999782562256,0,0.0,0.0
2022-11-04 09:30:00-04:00,0.506600022315979,0.5249999761581421,0.5,0.5189999938011169,22993,0.0,0.0
2022-11-04 10:30:00-04:00,0.5199999809265137,0.5199999809265137,0.5,0.5,41300,0.0,0.0
2022-11-04 11:30:00-04:00,0.49959999322891235,0.5149989724159241,0.49000000953674316,0.5024999976158142,20141,0.0,0.0
2022-11-04 12:30:00-04:00,0.490200012922287,0.5099999904632568,0.4699999988079071,0.49000000953674316,55751,0.0,0.0
2022-11-04 13:30:00-04:00,0.49000000953674316,0.5,0.47999998927116394,0.49577200412750244,33723,0.0,0.0
2022-11-04 14:30:00-04:00,0.48570001125335693,0.4968999922275543,0.4699999988079071,0.4797999858856201,13826,0.0,0.0
2022-11-04 15:30:00-04:00,0.4790000021457672,0.5112000107765198,0.4772999882698059,0.5112000107765198,32330,0.0,0.0
2022-11-07 09:30:00-05:00,0.5112000107765198,0.5113000273704529,0.4715000092983246,0.4884999990463257,43988,0.0,0.0
2022-11-07 10:30:00-05:00,0.4919990003108978,0.4989989995956421,0.4620000123977661,0.49799999594688416,60993,0.0,0.0
2022-11-07 11:30:00-05:00,0.4881100058555603,0.49799999594688416,0.48500001430511475,0.49779999256134033,24348,0.0,0.0
2022-11-07 12:30:00-05:00,0.49779900908470154,0.49779999256134033,0.49139899015426636,0.49779999256134033,2099,0.0,0.0
2022-11-07 13:30:00-05:00,0.49779999256134033,0.49779999256134033,0.47699999809265137,0.47699999809265137,20822,0.0,0.0
2022-11-07 14:30:00-05:00,0.48969998955726624,0.48969998955726624,0.4794999957084656,0.4855000078678131,13935,0.0,0.0
2022-11-07 15:30:00-05:00,0.4869000017642975,0.489300012588501,0.46000000834465027,0.48590001463890076,0,0.0,0.0
2022-11-08 09:30:00-05:00,0.4867999851703644,0.4869999885559082,0.46000000834465027,0.474700003862381,60058,0.0,0.0
2022-11-08 10:30:00-05:00,0.47209998965263367,0.47999998927116394,0.4514999985694885,0.4650000035762787,70377,0.0,0.0
2022-11-08 11:30:00-05:00,0.46650001406669617,0.4666000008583069,0.44999998807907104,0.45170000195503235,42179,0.0,0.0
2022-11-08 12:30:00-05:00,0.46000000834465027,0.46650001406669617,0.45010000467300415,0.45010000467300415,34001,0.0,0.0
2022-11-08 13:30:00-05:00,0.44999998807907104,0.45989999175071716,0.4300000071525574,0.4571000039577484,52047,0.0,0.0
2022-11-08 14:30:00-05:00,0.4350000023841858,0.45669999718666077,0.4350000023841858,0.4471000134944916,55760,0.0,0.0
2022-11-08 15:30:00-05:00,0.4399999976158142,0.45989999175071716,0.4300000071525574,0.45989999175071716,0,0.0,0.0
2022-11-09 09:30:00-05:00,0.4496000111103058,0.46000000834465027,0.42969998717308044,0.4499000012874603,70608,0.0,0.0
2022-11-09 10:30:00-05:00,0.4399999976158142,0.4490000009536743,0.41609999537467957,0.41999998688697815,57043,0.0,0.0
2022-11-09 11:30:00-05:00,0.4325000047683716,0.4325000047683716,0.2800000011920929,0.4000000059604645,937153,0.0,0.0
2022-11-09 12:30:00-05:00,0.38019999861717224,0.4300000071525574,0.38019999861717224,0.4300000071525574,24610,0.0,0.0
2022-11-09 13:30:00-05:00,0.42989999055862427,0.42989999055862427,0.38100001215934753,0.40939998626708984,57740,0.0,0.0
2022-11-09 14:30:00-05:00,0.4099000096321106,0.4198000133037567,0.38510000705718994,0.4000000059604645,18154,0.0,0.0
2022-11-09 15:30:00-05:00,0.4000000059604645,0.4194999933242798,0.38510000705718994,0.39000099897384644,13104,0.0,0.0
2022-11-10 09:30:00-05:00,0.41290000081062317,0.42010000348091125,0.38999998569488525,0.41819998621940613,51222,0.0,0.0
2022-11-10 10:30:00-05:00,0.41909998655319214,0.41999998688697815,0.40119999647140503,0.41019999980926514,23533,0.0,0.0
2022-11-10 11:30:00-05:00,0.41940000653266907,0.41999998688697815,0.414900004863739,0.41999998688697815,11058,0.0,0.0
2022-11-10 12:30:00-05:00,0.4113999903202057,0.41920000314712524,0.4099999964237213,0.41920000314712524,30883,0.0,0.0
2022-11-10 13:30:00-05:00,0.4125500023365021,0.41920000314712524,0.38999998569488525,0.41759899258613586,23392,0.0,0.0
2022-11-10 14:30:00-05:00,0.41760000586509705,0.41999998688697815,0.4127750098705292,0.41999998688697815,47362,0.0,0.0
2022-11-10 15:30:00-05:00,0.41999900341033936,0.41999998688697815,0.3910999894142151,0.39149999618530273,0,0.0,0.0
2022-11-11 09:30:00-05:00,0.41999998688697815,0.41999998688697815,0.3815999925136566,0.39980000257492065,60526,0.0,0.0
2022-11-11 10:30:00-05:00,0.38999998569488525,0.4099999964237213,0.38510000705718994,0.4020000100135803,65434,0.0,0.0
2022-11-11 11:30:00-05:00,0.4099000096321106,0.4325999915599823,0.3950999975204468,0.41942501068115234,66306,0.0,0.0
2022-11-11 12:30:00-05:00,0.4230499863624573,0.4300000071525574,0.41600000858306885,0.4268999993801117,23425,0.0,0.0
2022-11-11 13:30:00-05:00,0.4277999997138977,0.4300000071525574,0.42500001192092896,0.42879998683929443,32136,0.0,0.0
2022-11-11 14:30:00-05:00,0.4275999963283539,0.4449999928474426,0.4250999987125397,0.429749995470047,104405,0.0,0.0
2022-11-11 15:30:00-05:00,0.4300000071525574,0.4449999928474426,0.429500013589859,0.4399000108242035,20283,0.0,0.0
2022-11-14 09:30:00-05:00,0.4399999976158142,0.44999998807907104,0.429500013589859,0.4300000071525574,49863,0.0,0.0
2022-11-14 10:30:00-05:00,0.43000099062919617,0.44999998807907104,0.4104999899864197,0.41530001163482666,42175,0.0,0.0
2022-11-14 11:30:00-05:00,0.4106000065803528,0.4494999945163727,0.4106000065803528,0.4397999942302704,58557,0.0,0.0
2022-11-14 12:30:00-05:00,0.4302000105381012,0.4494999945163727,0.4300000071525574,0.4300999939441681,21422,0.0,0.0
2022-11-14 13:30:00-05:00,0.4300999939441681,0.4449999928474426,0.4300999939441681,0.4302999973297119,14977,0.0,0.0
2022-11-14 14:30:00-05:00,0.4449999928474426,0.46000000834465027,0.4300000071525574,0.4350999891757965,59721,0.0,0.0
2022-11-14 15:30:00-05:00,0.4399990141391754,0.4399999976158142,0.4300999939441681,0.4350999891757965,0,0.0,0.0
2022-11-15 09:30:00-05:00,0.430400013923645,0.4350000023841858,0.4101000130176544,0.41029998660087585,141209,0.0,0.0
2022-11-15 10:30:00-05:00,0.42010000348091125,0.4300000071525574,0.4104999899864197,0.4300000071525574,64734,0.0,0.0
2022-11-15 11:30:00-05:00,0.42010000348091125,0.4300000071525574,0.4000000059604645,0.4099240005016327,79488,0.0,0.0
2022-11-15 12:30:00-05:00,0.4063499867916107,0.41999998688697815,0.4063499867916107,0.41499999165534973,92771,0.0,0.0
2022-11-15 13:30:00-05:00,0.41499999165534973,0.41999998688697815,0.4000000059604645,0.4100010097026825,53057,0.0,0.0
2022-11-15 14:30:00-05:00,0.4099999964237213,0.41999998688697815,0.4099999964237213,0.41040000319480896,13263,0.0,0.0
2022-11-15 15:30:00-05:00,0.41519999504089355,0.41999998688697815,0.41029998660087585,0.41029998660087585,14450,0.0,0.0
2022-11-16 09:30:00-05:00,0.4478999972343445,0.4478999972343445,0.4000999927520752,0.4099999964237213,29583,0.0,0.0
2022-11-16 10:30:00-05:00,0.4099999964237213,0.41979900002479553,0.4000999927520752,0.4000999927520752,1560,0.0,0.0
2022-11-16 11:30:00-05:00,0.4002000093460083,0.4198000133037567,0.4002000093460083,0.40049999952316284,7659,0.0,0.0
2022-11-16 12:30:00-05:00,0.4050000011920929,0.41999998688697815,0.3822000026702881,0.38999998569488525,27480,0.0,0.0
2022-11-16 13:30:00-05:00,0.41999998688697815,0.41999998688697815,0.3822999894618988,0.3862000107765198,34267,0.0,0.0
2022-11-16 14:30:00-05:00,0.39890000224113464,0.4000000059604645,0.38999998569488525,0.39879998564720154,40804,0.0,0.0
2022-11-16 15:30:00-05:00,0.39750000834465027,0.42500001192092896,0.38999998569488525,0.42500001192092896,16469,0.0,0.0
2022-11-17 09:30:00-05:00,0.41670000553131104,0.4399999976158142,0.3799999952316284,0.3950499892234802,96100,0.0,0.0
2022-11-17 10:30:00-05:00,0.3999989926815033,0.4000000059604645,0.38519999384880066,0.39989998936653137,13302,0.0,0.0
2022-11-17 11:30:00-05:00,0.4000000059604645,0.42399901151657104,0.39989998936653137,0.4000000059604645,49720,0.0,0.0
2022-11-17 12:30:00-05:00,0.400299996137619,0.42399999499320984,0.4000000059604645,0.4004000127315521,25370,0.0,0.0
2022-11-17 13:30:00-05:00,0.40220001339912415,0.41999998688697815,0.38830000162124634,0.40396401286125183,90264,0.0,0.0
2022-11-17 14:30:00-05:00,0.4113749861717224,0.4399999976158142,0.4099999964237213,0.4205999970436096,90746,0.0,0.0
2022-11-17 15:30:00-05:00,0.4205999970436096,0.4300000071525574,0.37630000710487366,0.3799999952316284,0,0.0,0.0
2022-11-18 09:30:00-05:00,0.41999998688697815,0.41999998688697815,0.3813000023365021,0.4000000059604645,121696,0.0,0.0
2022-11-18 10:30:00-05:00,0.3950999975204468,0.4099000096321106,0.3901999890804291,0.3903000056743622,14352,0.0,0.0
2022-11-18 11:30:00-05:00,0.3903000056743622,0.4050000011920929,0.3799999952316284,0.38510000705718994,56578,0.0,0.0
2022-11-18 12:30:00-05:00,0.38510000705718994,0.4050000011920929,0.38510000705718994,0.39800000190734863,26930,0.0,0.0
2022-11-18 13:30:00-05:00,0.3878999948501587,0.4000000059604645,0.387800008058548,0.3878999948501587,33208,0.0,0.0
2022-11-18 14:30:00-05:00,0.3878999948501587,0.41999998688697815,0.3878999948501587,0.41499999165534973,89245,0.0,0.0
2022-11-18 15:30:00-05:00,0.41499999165534973,0.41999998688697815,0.39010000228881836,0.4002000093460083,98190,0.0,0.0
2022-11-21 09:30:00-05:00,0.4300000071525574,0.4300000071525574,0.38999998569488525,0.3901999890804291,113042,0.0,0.0
2022-11-21 10:30:00-05:00,0.3901999890804291,0.41760000586509705,0.3901999890804291,0.3903000056743622,28986,0.0,0.0
2022-11-21 11:30:00-05:00,0.3901999890804291,0.41250699758529663,0.38989999890327454,0.38999998569488525,32747,0.0,0.0
2022-11-21 12:30:00-05:00,0.38510000705718994,0.4296010136604309,0.38510000705718994,0.39070001244544983,130614,0.0,0.0
2022-11-21 13:30:00-05:00,0.39629998803138733,0.4197149872779846,0.391400009393692,0.39149999618530273,44203,0.0,0.0
2022-11-21 14:30:00-05:00,0.39149999618530273,0.41999998688697815,0.37400001287460327,0.3950999975204468,81603,0.0,0.0
2022-11-21 15:30:00-05:00,0.3950999975204468,0.4147999882698059,0.38510000705718994,0.39010000228881836,29870,0.0,0.0
2022-11-22 09:30:00-05:00,0.40540000796318054,0.40540000796318054,0.39100098609924316,0.4000000059604645,15306,0.0,0.0
2022-11-22 10:30:00-05:00,0.39149999618530273,0.439520001411438,0.38999998569488525,0.4189000129699707,149574,0.0,0.0
2022-11-22 11:30:00-05:00,0.41899898648262024,0.4189999997615814,0.3919999897480011,0.4000000059604645,33045,0.0,0.0
2022-11-22 12:30:00-05:00,0.4000000059604645,0.4390000104904175,0.3950999975204468,0.4300999939441681,139591,0.0,0.0
2022-11-22 13:30:00-05:00,0.4388999938964844,0.5199999809265137,0.4302000105381012,0.45500001311302185,328362,0.0,0.0
2022-11-22 14:30:00-05:00,0.47859999537467957,0.49000000953674316,0.4339999854564667,0.47040000557899475,326809,0.0,0.0
2022-11-22 15:30:00-05:00,0.47999998927116394,0.47999998927116394,0.4413999915122986,0.4442000091075897,0,0.0,0.0
2022-11-23 09:30:00-05:00,0.4674000144004822,0.4699989855289459,0.41600000858306885,0.4280009865760803,186255,0.0,0.0
2022-11-23 10:30:00-05:00,0.41835901141166687,0.4399999976158142,0.4011000096797943,0.41260001063346863,88395,0.0,0.0
2022-11-23 11:30:00-05:00,0.4172999858856201,0.4172999858856201,0.4050999879837036,0.41019999980926514,58142,0.0,0.0
2022-11-23 12:30:00-05:00,0.4101000130176544,0.4198000133037567,0.40817099809646606,0.4169999957084656,9800,0.0,0.0
2022-11-23 13:30:00-05:00,0.4100010097026825,0.4196000099182129,0.39010000228881836,0.4097000062465668,72140,0.0,0.0
2022-11-23 14:30:00-05:00,0.3952989876270294,0.412200003862381,0.3905999958515167,0.4000000059604645,39260,0.0,0.0
2022-11-23 15:30:00-05:00,0.4000999927520752,0.4120999872684479,0.39259999990463257,0.39259999990463257,28772,0.0,0.0
2022-11-25 09:30:00-05:00,0.4300000071525574,0.4300000071525574,0.3808000087738037,0.3903999924659729,87511,0.0,0.0
2022-11-25 10:30:00-05:00,0.39989998936653137,0.4000000059604645,0.3840000033378601,0.392300009727478,20267,0.0,0.0
2022-11-25 11:30:00-05:00,0.39614900946617126,0.4000000059604645,0.3901999890804291,0.4000000059604645,18419,0.0,0.0
2022-11-28 09:30:00-05:00,0.4153999984264374,0.41690000891685486,0.38109999895095825,0.3896999955177307,89975,0.0,0.0
2022-11-28 10:30:00-05:00,0.38920000195503235,0.4180000126361847,0.38909998536109924,0.4180000126361847,39665,0.0,0.0
2022-11-28 11:30:00-05:00,0.40400001406669617,0.4180000126361847,0.38999998569488525,0.40070000290870667,11856,0.0,0.0
2022-11-28 12:30:00-05:00,0.4072999954223633,0.4099999964237213,0.39149999618530273,0.3937999904155731,20360,0.0,0.0
2022-11-28 13:30:00-05:00,0.4097999930381775,0.4097999930381775,0.3801000118255615,0.39989998936653137,15501,0.0,0.0
2022-11-28 14:30:00-05:00,0.39980000257492065,0.40709999203681946,0.3799999952316284,0.3799999952316284,91911,0.0,0.0
2022-11-28 15:30:00-05:00,0.3800010085105896,0.39640000462532043,0.36059999465942383,0.39629998803138733,0,0.0,0.0
2022-11-29 09:30:00-05:00,0.3799999952316284,0.39629998803138733,0.3700999915599823,0.38999998569488525,84120,0.0,0.0
2022-11-29 10:30:00-05:00,0.375,0.38999998569488525,0.3637999892234802,0.373199999332428,64152,0.0,0.0
2022-11-29 11:30:00-05:00,0.3740909993648529,0.40209999680519104,0.3700000047683716,0.3799999952316284,68267,0.0,0.0
2022-11-29 12:30:00-05:00,0.39800000190734863,0.39899998903274536,0.3727000057697296,0.3898000121116638,40954,0.0,0.0
2022-11-29 13:30:00-05:00,0.3898000121116638,0.3898000121116638,0.3758000135421753,0.3889999985694885,6043,0.0,0.0
2022-11-29 14:30:00-05:00,0.3889999985694885,0.3889999985694885,0.3750999867916107,0.37940001487731934,43720,0.0,0.0
2022-11-29 15:30:00-05:00,0.39649999141693115,0.4000000059604645,0.3752000033855438,0.39800000190734863,0,0.0,0.0
2022-11-30 09:30:00-05:00,0.37130001187324524,0.4000000059604645,0.3610999882221222,0.3905999958515167,61415,0.0,0.0
2022-11-30 10:30:00-05:00,0.39010000228881836,0.39980000257492065,0.3700000047683716,0.39969998598098755,33113,0.0,0.0
2022-11-30 11:30:00-05:00,0.3799999952316284,0.39980000257492065,0.37299999594688416,0.39980000257492065,19160,0.0,0.0
2022-11-30 12:30:00-05:00,0.3864000141620636,0.39980000257492065,0.373199999332428,0.39980000257492065,17518,0.0,0.0
2022-11-30 13:30:00-05:00,0.3894999921321869,0.39736101031303406,0.3750999867916107,0.385345995426178,59362,0.0,0.0
2022-11-30 14:30:00-05:00,0.38304200768470764,0.39719998836517334,0.37310001254081726,0.3862000107765198,35411,0.0,0.0
2022-11-30 15:30:00-05:00,0.38999998569488525,0.3954710066318512,0.3630000054836273,0.3700000047683716,46421,0.0,0.0
2022-12-01 09:30:00-05:00,0.37139999866485596,0.3880000114440918,0.3700000047683716,0.3702000081539154,56285,0.0,0.0
2022-12-01 10:30:00-05:00,0.3797999918460846,0.3797999918460846,0.3499999940395355,0.36980000138282776,173757,0.0,0.0
2022-12-01 11:30:00-05:00,0.367000013589859,0.3698999881744385,0.3400999903678894,0.34060001373291016,79429,0.0,0.0
2022-12-01 12:30:00-05:00,0.35280001163482666,0.3695000112056732,0.35030001401901245,0.36948999762535095,16528,0.0,0.0
2022-12-01 13:30:00-05:00,0.3695000112056732,0.3695000112056732,0.3499999940395355,0.3499999940395355,12239,0.0,0.0
2022-12-01 14:30:00-05:00,0.3662000000476837,0.3700000047683716,0.3522000014781952,0.3700000047683716,8789,0.0,0.0
2022-12-01 15:30:00-05:00,0.35370099544525146,0.3700000047683716,0.3411000072956085,0.35499998927116394,44241,0.0,0.0
2022-12-02 09:30:00-05:00,0.38999998569488525,0.38999998569488525,0.35499998927116394,0.3799999952316284,56711,0.0,0.0
2022-12-02 10:30:00-05:00,0.36000001430511475,0.3799999952316284,0.35010001063346863,0.36010000109672546,12246,0.0,0.0
2022-12-02 11:30:00-05:00,0.36010000109672546,0.3781000077724457,0.36010000109672546,0.36492499709129333,2034,0.0,0.0
2022-12-02 12:30:00-05:00,0.36010000109672546,0.3799999952316284,0.35030001401901245,0.350600004196167,66339,0.0,0.0
2022-12-02 13:30:00-05:00,0.365200012922287,0.3799999952316284,0.3506999909877777,0.35100001096725464,16649,0.0,0.0
2022-12-02 14:30:00-05:00,0.3675999939441681,0.3799000084400177,0.35499998927116394,0.35499998927116394,44503,0.0,0.0
2022-12-02 15:30:00-05:00,0.35510098934173584,0.3700000047683716,0.35510098934173584,0.3700000047683716,47336,0.0,0.0
2022-12-05 09:30:00-05:00,0.35589998960494995,0.38019999861717224,0.3504999876022339,0.36559998989105225,111619,0.0,0.0
2022-12-05 10:30:00-05:00,0.35109999775886536,0.3799999952316284,0.3370000123977661,0.34874799847602844,195943,0.0,0.0
2022-12-05 11:30:00-05:00,0.3472999930381775,0.3499999940395355,0.3154999911785126,0.3400000035762787,56217,0.0,0.0
2022-12-05 12:30:00-05:00,0.3400999903678894,0.349700003862381,0.32030001282691956,0.320499986410141,35658,0.0,0.0
2022-12-05 13:30:00-05:00,0.34299999475479126,0.349700003862381,0.3206999897956848,0.3301999866962433,28447,0.0,0.0
2022-12-05 14:30:00-05:00,0.3398999869823456,0.349700003862381,0.32100000977516174,0.33009999990463257,25152,0.0,0.0
2022-12-05 15:30:00-05:00,0.3434000015258789,0.3434000015258789,0.322299987077713,0.33739998936653137,26735,0.0,0.0
2022-12-06 09:30:00-05:00,0.3400000035762787,0.3400000035762787,0.31049999594688416,0.3151000142097473,119776,0.0,0.0
2022-12-06 10:30:00-05:00,0.3199999928474426,0.359499990940094,0.3172999918460846,0.3400000035762787,51546,0.0,0.0
2022-12-06 11:30:00-05:00,0.33000001311302185,0.3499999940395355,0.3149999976158142,0.31534498929977417,53275,0.0,0.0
2022-12-06 12:30:00-05:00,0.3310000002384186,0.34950000047683716,0.3151000142097473,0.32010000944137573,16735,0.0,0.0
2022-12-06 13:30:00-05:00,0.33000001311302185,0.3300510048866272,0.32019999623298645,0.33000001311302185,8288,0.0,0.0
2022-12-06 14:30:00-05:00,0.32010000944137573,0.33502501249313354,0.32010000944137573,0.33000001311302185,14323,0.0,0.0
2022-12-06 15:30:00-05:00,0.33000001311302185,0.33000001311302185,0.32010000944137573,0.33000001311302185,0,0.0,0.0
2022-12-07 09:30:00-05:00,0.32010000944137573,0.3498989939689636,0.3199999928474426,0.3199999928474426,47036,0.0,0.0
2022-12-07 10:30:00-05:00,0.3349500000476837,0.3499000072479248,0.3149999976158142,0.3149999976158142,76409,0.0,0.0
2022-12-07 11:30:00-05:00,0.3280999958515167,0.32989999651908875,0.3150010108947754,0.3296000063419342,4006,0.0,0.0
2022-12-07 12:30:00-05:00,0.3199999928474426,0.3294999897480011,0.3149999976158142,0.322299987077713,90980,0.0,0.0
2022-12-07 13:30:00-05:00,0.3294990062713623,0.3294990062713623,0.3100999891757965,0.3269999921321869,15471,0.0,0.0
2022-12-07 14:30:00-05:00,0.3102009892463684,0.328000009059906,0.30855000019073486,0.3140999972820282,41162,0.0,0.0
2022-12-07 15:30:00-05:00,0.30855000019073486,0.3138999938964844,0.2955000102519989,0.29989999532699585,48834,0.0,0.0
2022-12-08 09:30:00-05:00,0.29330000281333923,0.30979999899864197,0.2904999852180481,0.2906999886035919,71500,0.0,0.0
2022-12-08 10:30:00-05:00,0.2904999852180481,0.30959999561309814,0.2904999852180481,0.2921000123023987,36680,0.0,0.0
2022-12-08 11:30:00-05:00,0.2921000123023987,0.29499998688697815,0.2919999957084656,0.2921000123023987,17434,0.0,0.0
2022-12-08 12:30:00-05:00,0.2921000123023987,0.2921000123023987,0.28189998865127563,0.2897999882698059,75995,0.0,0.0
2022-12-08 13:30:00-05:00,0.2897999882698059,0.29989999532699585,0.28279998898506165,0.28988200426101685,21541,0.0,0.0
2022-12-08 14:30:00-05:00,0.28999999165534973,0.28999999165534973,0.27309998869895935,0.2793999910354614,115169,0.0,0.0
2022-12-08 15:30:00-05:00,0.2799000144004822,0.2897999882698059,0.2791999876499176,0.2797999978065491,23650,0.0,0.0
2022-12-09 09:30:00-05:00,0.2897999882698059,0.30630001425743103,0.2791999876499176,0.30630001425743103,95560,0.0,0.0
2022-12-09 10:30:00-05:00,0.3109999895095825,0.3178989887237549,0.2858000099658966,0.28619998693466187,51586,0.0,0.0
2022-12-09 11:30:00-05:00,0.28619998693466187,0.29899999499320984,0.28600001335144043,0.296999990940094,1602,0.0,0.0
2022-12-09 12:30:00-05:00,0.29159998893737793,0.296999990940094,0.2865000069141388,0.296999990940094,2042,0.0,0.0
2022-12-09 13:30:00-05:00,0.296999990940094,0.296999990940094,0.2800000011920929,0.2802000045776367,14406,0.0,0.0
2022-12-09 14:30:00-05:00,0.29440000653266907,0.296999990940094,0.2800000011920929,0.28859999775886536,18210,0.0,0.0
2022-12-09 15:30:00-05:00,0.2888999879360199,0.296999990940094,0.2800000011920929,0.2800000011920929,12095,0.0,0.0
2022-12-12 09:30:00-05:00,0.3199999928474426,0.3199999928474426,0.2800000011920929,0.3065510094165802,236103,0.0,0.0
2022-12-12 10:30:00-05:00,0.3000999987125397,0.3188000023365021,0.2800000011920929,0.28999999165534973,215564,0.0,0.0
2022-12-12 11:30:00-05:00,0.28999999165534973,0.30000001192092896,0.2809999883174896,0.298799991607666,91718,0.0,0.0
2022-12-12 12:30:00-05:00,0.29840001463890076,0.29840001463890076,0.28450000286102295,0.2849999964237213,19430,0.0,0.0
2022-12-12 13:30:00-05:00,0.2849999964237213,0.33480000495910645,0.2800000011920929,0.29789999127388,741075,0.0,0.0
2022-12-12 14:30:00-05:00,0.2921000123023987,0.3000999987125397,0.25999999046325684,0.30000001192092896,226506,0.0,0.0
2022-12-12 15:30:00-05:00,0.3000999987125397,0.3000999987125397,0.2696000039577484,0.27149999141693115,93180,0.0,0.0
2022-12-13 09:30:00-05:00,0.2752000093460083,0.29980000853538513,0.2750999927520752,0.28040000796318054,117726,0.0,0.0
2022-12-13 10:30:00-05:00,0.28040000796318054,0.289900004863739,0.257999986410141,0.2580009996891022,75778,0.0,0.0
2022-12-13 11:30:00-05:00,0.25999999046325684,0.27000001072883606,0.257999986410141,0.257999986410141,39192,0.0,0.0
2022-12-13 12:30:00-05:00,0.25999999046325684,0.28999999165534973,0.2549999952316284,0.2849999964237213,32495,0.0,0.0
2022-12-13 13:30:00-05:00,0.27000001072883606,0.27000001072883606,0.25999999046325684,0.25999999046325684,9999,0.0,0.0
2022-12-13 14:30:00-05:00,0.25999999046325684,0.27000001072883606,0.24009999632835388,0.259799987077713,86227,0.0,0.0
2022-12-13 15:30:00-05:00,0.25999999046325684,0.26820001006126404,0.2538999915122986,0.2540000081062317,0,0.0,0.0
2022-12-14 09:30:00-05:00,0.25220000743865967,0.25999999046325684,0.24199999868869781,0.25,181061,0.0,0.0
2022-12-14 10:30:00-05:00,0.2599000036716461,0.2599000036716461,0.24199999868869781,0.25210100412368774,14312,0.0,0.0
2022-12-14 11:30:00-05:00,0.2587999999523163,0.2599000036716461,0.25220000743865967,0.25220000743865967,59814,0.0,0.0
2022-12-14 12:30:00-05:00,0.25209999084472656,0.2538999915122986,0.20999999344348907,0.2353000044822693,157399,0.0,0.0
2022-12-14 13:30:00-05:00,0.2499990016222,0.25,0.24009999632835388,0.2498999983072281,8065,0.0,0.0
2022-12-14 14:30:00-05:00,0.2451999932527542,0.2475000023841858,0.2378000020980835,0.23929999768733978,92011,0.0,0.0
2022-12-14 15:30:00-05:00,0.24120000004768372,0.24500000476837158,0.23000000417232513,0.23755000531673431,0,0.0,0.0
2022-12-15 09:30:00-05:00,0.23270000517368317,0.25999999046325684,0.2223999947309494,0.23980000615119934,57138,0.0,0.0
2022-12-15 10:30:00-05:00,0.23989999294281006,0.23989999294281006,0.21539999544620514,0.2199999988079071,62651,0.0,0.0
2022-12-15 11:30:00-05:00,0.22885699570178986,0.22999900579452515,0.22020000219345093,0.22750000655651093,21206,0.0,0.0
2022-12-15 12:30:00-05:00,0.22939999401569366,0.24690000712871552,0.22499999403953552,0.23989999294281006,112605,0.0,0.0
2022-12-15 13:30:00-05:00,0.22744999825954437,0.23149999976158142,0.21209999918937683,0.21248799562454224,41063,0.0,0.0
2022-12-15 14:30:00-05:00,0.21877500414848328,0.23362499475479126,0.2150000035762787,0.21930000185966492,92234,0.0,0.0
2022-12-15 15:30:00-05:00,0.21899999678134918,0.2199999988079071,0.2125999927520752,0.21480000019073486,143704,0.0,0.0
2022-12-16 09:30:00-05:00,0.2378000020980835,0.23999999463558197,0.20000000298023224,0.20999999344348907,310055,0.0,0.0
2022-12-16 10:30:00-05:00,0.2037999927997589,0.21439999341964722,0.1850000023841858,0.20000000298023224,275724,0.0,0.0
2022-12-16 11:30:00-05:00,0.19990000128746033,0.21849900484085083,0.1873999983072281,0.19990000128746033,122350,0.0,0.0
2022-12-16 12:30:00-05:00,0.20000000298023224,0.2272000014781952,0.16329999268054962,0.18290099501609802,385813,0.0,0.0
2022-12-16 13:30:00-05:00,0.19580000638961792,0.19990000128746033,0.18549999594688416,0.1986590027809143,55747,0.0,0.0
2022-12-16 14:30:00-05:00,0.19619999825954437,0.1996999979019165,0.16099999845027924,0.17649999260902405,95744,0.0,0.0
2022-12-16 15:30:00-05:00,0.17000000178813934,0.19969899952411652,0.1615999937057495,0.1816989928483963,302015,0.0,0.0
2022-12-19 09:30:00-05:00,0.18000000715255737,0.18000000715255737,0.15004999935626984,0.164900004863739,448722,0.0,0.0
2022-12-19 10:30:00-05:00,0.1597999930381775,0.1688999980688095,0.15000000596046448,0.15697500109672546,101188,0.0,0.0
2022-12-19 11:30:00-05:00,0.15870000422000885,0.15929999947547913,0.13510000705718994,0.1395999938249588,445109,0.0,0.0
2022-12-19 12:30:00-05:00,0.13955000042915344,0.1500999927520752,0.13699999451637268,0.14000000059604645,299046,0.0,0.0
2022-12-19 13:30:00-05:00,0.14000000059604645,0.15000000596046448,0.13993099331855774,0.14499999582767487,132676,0.0,0.0
2022-12-19 14:30:00-05:00,0.14990000426769257,0.15000000596046448,0.14010000228881836,0.14900000393390656,82843,0.0,0.0
2022-12-19 15:30:00-05:00,0.14800000190734863,0.15000000596046448,0.13519999384880066,0.13850000500679016,144026,0.0,0.0
2022-12-20 09:30:00-05:00,0.15379999577999115,0.1599999964237213,0.1363999992609024,0.13809999823570251,319631,0.0,0.0
2022-12-20 10:30:00-05:00,0.14000000059604645,0.14890000224113464,0.12999999523162842,0.13510000705718994,339138,0.0,0.0
2022-12-20 11:30:00-05:00,0.1351500004529953,0.14890000224113464,0.12999999523162842,0.13500000536441803,64978,0.0,0.0
2022-12-20 12:30:00-05:00,0.13500000536441803,0.13979999721050262,0.12600000202655792,0.13279999792575836,300970,0.0,0.0
2022-12-20 13:30:00-05:00,0.1354999989271164,0.1356000006198883,0.12600000202655792,0.12600000202655792,122353,0.0,0.0
2022-12-20 14:30:00-05:00,0.12870000302791595,0.13940000534057617,0.12600000202655792,0.12860000133514404,224512,0.0,0.0
2022-12-20 15:30:00-05:00,0.12710000574588776,0.12999999523162842,0.125,0.125,178214,0.0,0.0
2022-12-21 09:30:00-05:00,0.1453000009059906,0.1453000009059906,0.11980000138282776,0.12489999830722809,500033,0.0,0.0
2022-12-21 10:30:00-05:00,0.1242000013589859,0.125,0.11800000071525574,0.11800000071525574,190205,0.0,0.0
2022-12-21 11:30:00-05:00,0.12199900299310684,0.12349999696016312,0.11800000071525574,0.1199909970164299,126622,0.0,0.0
2022-12-21 12:30:00-05:00,0.11998999863862991,0.125,0.11150000244379044,0.11879999935626984,191588,0.0,0.0
2022-12-21 13:30:00-05:00,0.11822500079870224,0.11999999731779099,0.11599999666213989,0.11999999731779099,141195,0.0,0.0
2022-12-21 14:30:00-05:00,0.11970499902963638,0.12189999967813492,0.09539999812841415,0.10689999908208847,804160,0.0,0.0
2022-12-21 15:30:00-05:00,0.10679999738931656,0.10689999908208847,0.09799999743700027,0.10000000149011612,711130,0.0,0.0
2022-12-22 09:30:00-05:00,0.12060000002384186,0.12439999729394913,0.08250000327825546,0.08739999681711197,23959235,0.0,0.0
2022-12-22 10:30:00-05:00,0.08739999681711197,0.0949999988079071,0.08715000003576279,0.09290000051259995,3446141,0.0,0.0
2022-12-22 11:30:00-05:00,0.09269600361585617,0.09449999779462814,0.09139999747276306,0.09350000321865082,1167908,0.0,0.0
2022-12-22 12:30:00-05:00,0.09429900348186493,0.09449999779462814,0.09260000288486481,0.09319999814033508,614912,0.0,0.0
2022-12-22 13:30:00-05:00,0.09314999729394913,0.10450000315904617,0.09300000220537186,0.1023000031709671,2192871,0.0,0.0
2022-12-22 14:30:00-05:00,0.1023000031709671,0.12129999697208405,0.09709999710321426,0.10999999940395355,4792229,0.0,0.0
2022-12-22 15:30:00-05:00,0.11240000277757645,0.11900000274181366,0.10270000249147415,0.10499999672174454,2709252,0.0,0.0
2022-12-23 09:30:00-05:00,0.12720000743865967,0.13130000233650208,0.10499999672174454,0.1103999987244606,12286358,0.0,0.0
2022-12-23 10:30:00-05:00,0.1103999987244606,0.12269999831914902,0.10599999874830246,0.11259999871253967,2258043,0.0,0.0
2022-12-23 11:30:00-05:00,0.11259999871253967,0.11259999871253967,0.10540000349283218,0.10946699976921082,673697,0.0,0.0
2022-12-23 12:30:00-05:00,0.10869999974966049,0.10949999839067459,0.10719999670982361,0.10869999974966049,288996,0.0,0.0
2022-12-23 13:30:00-05:00,0.10869999974966049,0.11050000041723251,0.10719999670982361,0.11010000109672546,414175,0.0,0.0
2022-12-23 14:30:00-05:00,0.1103999987244606,0.11044900119304657,0.10719999670982361,0.10980000346899033,606196,0.0,0.0
2022-12-23 15:30:00-05:00,0.10750000178813934,0.10999999940395355,0.10499999672174454,0.10700000077486038,579352,0.0,0.0
2022-12-27 09:30:00-05:00,0.11339999735355377,0.11349999904632568,0.10000000149011612,0.10220000147819519,3083422,0.0,0.0
2022-12-27 10:30:00-05:00,0.10090000182390213,0.1039000004529953,0.10000000149011612,0.10010000318288803,882878,0.0,0.0
2022-12-27 11:30:00-05:00,0.10064999759197235,0.10339999943971634,0.09390000253915787,0.09650000184774399,1268496,0.0,0.0
2022-12-27 12:30:00-05:00,0.09539999812841415,0.10199999809265137,0.09520000219345093,0.09700000286102295,699598,0.0,0.0
2022-12-27 13:30:00-05:00,0.0966000035405159,0.10790000110864639,0.09520000219345093,0.09520000219345093,1097004,0.0,0.0
2022-12-27 14:30:00-05:00,0.10130000114440918,0.10400000214576721,0.09520000219345093,0.10119999945163727,400226,0.0,0.0
2022-12-27 15:30:00-05:00,0.10329999774694443,0.10339999943971634,0.10000000149011612,0.10000000149011612,280103,0.0,0.0
2022-12-28 09:30:00-05:00,0.10180000215768814,0.10199999809265137,0.09549999982118607,0.09989999979734421,1596790,0.0,0.0
2022-12-28 10:30:00-05:00,0.10000000149011612,0.10000000149011612,0.08510000258684158,0.09099999815225601,1515306,0.0,0.0
2022-12-28 11:30:00-05:00,0.09290000051259995,0.09989999979734421,0.09099999815225601,0.09600000083446503,409588,0.0,0.0
2022-12-28 12:30:00-05:00,0.09629900008440018,0.09759999811649323,0.09210000187158585,0.09730000048875809,338554,0.0,0.0
2022-12-28 13:30:00-05:00,0.09510000050067902,0.09740000218153,0.09000000357627869,0.09679999947547913,508648,0.0,0.0
2022-12-28 14:30:00-05:00,0.09679900109767914,0.09700000286102295,0.09009999781847,0.09009999781847,257285,0.0,0.0
2022-12-28 15:30:00-05:00,0.09380000084638596,0.09600000083446503,0.09009999781847,0.09549999982118607,281969,0.0,0.0
2022-12-29 09:30:00-05:00,0.09960000216960907,0.09960000216960907,0.09160000085830688,0.09600000083446503,1811379,0.0,0.0
2022-12-29 10:30:00-05:00,0.09600000083446503,0.10499999672174454,0.09399999678134918,0.10249999910593033,1463930,0.0,0.0
2022-12-29 11:30:00-05:00,0.10068099945783615,0.10220000147819519,0.09520000219345093,0.10180000215768814,302612,0.0,0.0
2022-12-29 12:30:00-05:00,0.10170000046491623,0.10300000011920929,0.10010000318288803,0.10119999945163727,307868,0.0,0.0
2022-12-29 13:30:00-05:00,0.10119999945163727,0.10249999910593033,0.10109999775886536,0.10220000147819519,134111,0.0,0.0
2022-12-29 14:30:00-05:00,0.10220000147819519,0.11400000005960464,0.10199999809265137,0.11010000109672546,1210242,0.0,0.0
2022-12-29 15:30:00-05:00,0.11020000278949738,0.11699999868869781,0.10350000113248825,0.10549899935722351,828279,0.0,0.0
2022-12-30 09:30:00-05:00,0.10499999672174454,0.10499999672174454,0.09989999979734421,0.1023000031709671,917065,0.0,0.0
2022-12-30 10:30:00-05:00,0.1046999990940094,0.11800000071525574,0.10199999809265137,0.11270000040531158,1021749,0.0,0.0
2022-12-30 11:30:00-05:00,0.11789999902248383,0.18000000715255737,0.11270000040531158,0.16750000417232513,12926629,0.0,0.0
2022-12-30 12:30:00-05:00,0.16750000417232513,0.17679999768733978,0.13199999928474426,0.13490000367164612,7996183,0.0,0.0
2022-12-30 13:30:00-05:00,0.13479900360107422,0.13989999890327454,0.12600000202655792,0.1354999989271164,2416343,0.0,0.0
2022-12-30 14:30:00-05:00,0.1354999989271164,0.15639999508857727,0.13410000503063202,0.1509000062942505,2979290,0.0,0.0
2022-12-30 15:30:00-05:00,0.14910100400447845,0.15150000154972076,0.13449999690055847,0.13604900240898132,1164178,0.0,0.0
2023-01-03 09:30:00-05:00,0.20579999685287476,0.23579999804496765,0.1899999976158142,0.1973000019788742,33836935,0.0,0.0
2023-01-03 10:30:00-05:00,0.19670000672340393,0.20000000298023224,0.16410000622272491,0.17440000176429749,8513395,0.0,0.0
2023-01-03 11:30:00-05:00,0.1745000034570694,0.18379999697208405,0.1670999974012375,0.18369999527931213,3025944,0.0,0.0
2023-01-03 12:30:00-05:00,0.18369999527931213,0.19499999284744263,0.17299999296665192,0.18000000715255737,3075647,0.0,0.0
2023-01-03 13:30:00-05:00,0.18217499554157257,0.1873999983072281,0.17839999496936798,0.1873999983072281,1248554,0.0,0.0
2023-01-03 14:30:00-05:00,0.1860000044107437,0.23000000417232513,0.1860000044107437,0.20340000092983246,7313943,0.0,0.0
2023-01-03 15:30:00-05:00,0.20250000059604645,0.2037999927997589,0.18629999458789825,0.18799999356269836,1706279,0.0,0.0
2023-01-04 09:30:00-05:00,0.17000000178813934,0.18000000715255737,0.16500000655651093,0.1720999926328659,3867507,0.0,0.0
2023-01-04 10:30:00-05:00,0.1720000058412552,0.17599999904632568,0.1599999964237213,0.1599999964237213,1413604,0.0,0.0
2023-01-04 11:30:00-05:00,0.16099999845027924,0.16929000616073608,0.15369999408721924,0.16110000014305115,969579,0.0,0.0
2023-01-04 12:30:00-05:00,0.1615999937057495,0.1680999994277954,0.15860000252723694,0.16019999980926514,587251,0.0,0.0
2023-01-04 13:30:00-05:00,0.1624000072479248,0.1687999963760376,0.16050000488758087,0.16210000216960907,389641,0.0,0.0
2023-01-04 14:30:00-05:00,0.16200000047683716,0.1670999974012375,0.16200000047683716,0.1662999987602234,246582,0.0,0.0
2023-01-04 15:30:00-05:00,0.16459999978542328,0.1662999987602234,0.15760000050067902,0.15919999778270721,533466,0.0,0.0
2023-01-05 09:30:00-05:00,0.16290000081062317,0.16369999945163727,0.15000000596046448,0.15003100037574768,2157995,0.0,0.0
2023-01-05 10:30:00-05:00,0.15000100433826447,0.15469999611377716,0.14110000431537628,0.14889800548553467,891201,0.0,0.0
2023-01-05 11:30:00-05:00,0.14890000224113464,0.16210000216960907,0.14499999582767487,0.1574999988079071,767666,0.0,0.0
2023-01-05 12:30:00-05:00,0.1556510031223297,0.1574999988079071,0.15000000596046448,0.1565999984741211,159900,0.0,0.0
2023-01-05 13:30:00-05:00,0.15279999375343323,0.15700000524520874,0.1500999927520752,0.15649999678134918,183677,0.0,0.0
2023-01-05 14:30:00-05:00,0.15639899671077728,0.15700000524520874,0.1459999978542328,0.1535000056028366,269258,0.0,0.0
2023-01-05 15:30:00-05:00,0.155799999833107,0.1559000015258789,0.13330000638961792,0.13930000364780426,634345,0.0,0.0
2023-01-06 09:30:00-05:00,0.15330000221729279,0.3133000135421753,0.14499999582767487,0.28200000524520874,22752015,0.0,0.0
2023-01-06 10:30:00-05:00,0.28209999203681946,0.4657000005245209,0.2662999927997589,0.3181999921798706,54050196,0.0,0.0
2023-01-06 11:30:00-05:00,0.3190999925136566,0.3894999921321869,0.3005000054836273,0.30799999833106995,17457464,0.0,0.0
2023-01-06 12:30:00-05:00,0.3089999854564667,0.4350999891757965,0.30314901471138,0.3735780119895935,21082201,0.0,0.0
2023-01-06 13:30:00-05:00,0.375,0.4300000071525574,0.3424000144004822,0.3569509983062744,16985905,0.0,0.0
2023-01-06 14:30:00-05:00,0.35530999302864075,0.35760000348091125,0.26600000262260437,0.2718000113964081,9600786,0.0,0.0
2023-01-06 15:30:00-05:00,0.2718000113964081,0.3353999853134155,0.26899999380111694,0.29899999499320984,5391731,0.0,0.0
2023-01-09 09:30:00-05:00,0.3634999990463257,0.3700000047683716,0.2750000059604645,0.2900260090827942,27800630,0.0,0.0
2023-01-09 10:30:00-05:00,0.28999999165534973,0.28999999165534973,0.25999999046325684,0.2770000100135803,4545179,0.0,0.0
2023-01-09 11:30:00-05:00,0.2770000100135803,0.2800000011920929,0.25999999046325684,0.26489999890327454,2142148,0.0,0.0
2023-01-09 12:30:00-05:00,0.26269999146461487,0.3569999933242798,0.26010000705718994,0.3366999924182892,10089447,0.0,0.0
2023-01-09 13:30:00-05:00,0.33500000834465027,0.3400000035762787,0.2800000011920929,0.30000001192092896,13915433,0.0,0.0
2023-01-09 14:30:00-05:00,0.3000999987125397,0.3100000023841858,0.27000001072883606,0.27300000190734863,3469637,0.0,0.0
2023-01-09 15:30:00-05:00,0.2759999930858612,0.27619901299476624,0.25450000166893005,0.2680000066757202,2596952,0.0,0.0
2023-01-10 09:30:00-05:00,0.27149999141693115,0.27379998564720154,0.22949999570846558,0.2420009970664978,10790811,0.0,0.0
2023-01-10 10:30:00-05:00,0.24379999935626984,0.2529999911785126,0.23170000314712524,0.24230000376701355,1799054,0.0,0.0
2023-01-10 11:30:00-05:00,0.24050000309944153,0.24849000573158264,0.23999999463558197,0.24070000648498535,748186,0.0,0.0
2023-01-10 12:30:00-05:00,0.2410999983549118,0.24699999392032623,0.23999999463558197,0.24009999632835388,894292,0.0,0.0
2023-01-10 13:30:00-05:00,0.2401999980211258,0.27000001072883606,0.23999999463558197,0.2639999985694885,2439684,0.0,0.0
2023-01-10 14:30:00-05:00,0.263700008392334,0.2800000011920929,0.2434999942779541,0.2599000036716461,2815134,0.0,0.0
2023-01-10 15:30:00-05:00,0.259799987077713,0.259799987077713,0.23899999260902405,0.2498999983072281,1486972,0.0,0.0
2023-01-11 09:30:00-05:00,0.24379999935626984,0.25060001015663147,0.2199999988079071,0.22120000422000885,4752861,0.0,0.0
2023-01-11 10:30:00-05:00,0.22110000252723694,0.2280000001192093,0.21080000698566437,0.22310000658035278,1826949,0.0,0.0
2023-01-11 11:30:00-05:00,0.22390000522136688,0.23000000417232513,0.22200000286102295,0.22989900410175323,717877,0.0,0.0
2023-01-11 12:30:00-05:00,0.2275490015745163,0.23000000417232513,0.22499999403953552,0.22699999809265137,789741,0.0,0.0
2023-01-11 13:30:00-05:00,0.22599999606609344,0.23000000417232513,0.2240000069141388,0.23000000417232513,884799,0.0,0.0
2023-01-11 14:30:00-05:00,0.22619999945163727,0.2529999911785126,0.22619999945163727,0.24719999730587006,2346974,0.0,0.0
2023-01-11 15:30:00-05:00,0.24699999392032623,0.24699999392032623,0.23180000483989716,0.23720000684261322,1013605,0.0,0.0
2023-01-12 09:30:00-05:00,0.23800000548362732,0.26989999413490295,0.23010000586509705,0.2476000040769577,5219195,0.0,0.0
2023-01-12 10:30:00-05:00,0.24949899315834045,0.25999999046325684,0.23999999463558197,0.2451000064611435,1481754,0.0,0.0
2023-01-12 11:30:00-05:00,0.24549999833106995,0.257999986410141,0.24410000443458557,0.2572999894618988,792711,0.0,0.0
2023-01-12 12:30:00-05:00,0.25699999928474426,0.26499998569488525,0.2500999867916107,0.25849899649620056,1015542,0.0,0.0
2023-01-12 13:30:00-05:00,0.25845199823379517,0.26460000872612,0.25,0.2524999976158142,749452,0.0,0.0
2023-01-12 14:30:00-05:00,0.25290000438690186,0.2574999928474426,0.23499999940395355,0.25,937433,0.0,0.0
2023-01-12 15:30:00-05:00,0.2460000067949295,0.25690001249313354,0.24199999868869781,0.24899999797344208,631143,0.0,0.0
2023-01-13 09:30:00-05:00,0.25429999828338623,0.25429999828338623,0.23000000417232513,0.23250100016593933,2376701,0.0,0.0
2023-01-13 10:30:00-05:00,0.2329999953508377,0.24490000307559967,0.2304999977350235,0.23989999294281006,911844,0.0,0.0
2023-01-13 11:30:00-05:00,0.23999999463558197,0.23999999463558197,0.23510000109672546,0.23720000684261322,244836,0.0,0.0
2023-01-13 12:30:00-05:00,0.23890000581741333,0.25999999046325684,0.23520000278949738,0.23999999463558197,1075241,0.0,0.0
2023-01-13 13:30:00-05:00,0.2410999983549118,0.24899999797344208,0.23800000548362732,0.23880000412464142,426675,0.0,0.0
2023-01-13 14:30:00-05:00,0.2397100031375885,0.24400000274181366,0.23499999940395355,0.23989999294281006,856379,0.0,0.0
2023-01-13 15:30:00-05:00,0.23729999363422394,0.2418999969959259,0.23669999837875366,0.23749999701976776,915964,0.0,0.0
2023-01-17 09:30:00-05:00,0.2451000064611435,0.24789999425411224,0.22949999570846558,0.2305999994277954,1907224,0.0,0.0
2023-01-17 10:30:00-05:00,0.23000000417232513,0.2345000058412552,0.21040000021457672,0.2168000042438507,1462533,0.0,0.0
2023-01-17 11:30:00-05:00,0.21629999577999115,0.2199999988079071,0.2150000035762787,0.2199220061302185,351126,0.0,0.0
2023-01-17 12:30:00-05:00,0.2198999971151352,0.2199999988079071,0.21130000054836273,0.2143000066280365,434438,0.0,0.0
2023-01-17 13:30:00-05:00,0.21160000562667847,0.21870000660419464,0.21160000562667847,0.21459999680519104,229298,0.0,0.0
2023-01-17 14:30:00-05:00,0.21549999713897705,0.2280000001192093,0.21539999544620514,0.2272000014781952,439892,0.0,0.0
2023-01-17 15:30:00-05:00,0.22647500038146973,0.2273000031709671,0.21739999949932098,0.22169899940490723,414580,0.0,0.0
2023-01-18 09:30:00-05:00,0.21250000596046448,0.21789999306201935,0.19200000166893005,0.19859999418258667,2155244,0.0,0.0
2023-01-18 10:30:00-05:00,0.19509999454021454,0.20250000059604645,0.19249999523162842,0.19300000369548798,460193,0.0,0.0
2023-01-18 11:30:00-05:00,0.19349999725818634,0.1940000057220459,0.1851000040769577,0.19370000064373016,585742,0.0,0.0
2023-01-18 12:30:00-05:00,0.19370000064373016,0.21379999816417694,0.18000000715255737,0.19599999487400055,1109442,0.0,0.0
2023-01-18 13:30:00-05:00,0.2061000019311905,0.20999999344348907,0.19610999524593353,0.19619999825954437,227031,0.0,0.0
2023-01-18 14:30:00-05:00,0.19629999995231628,0.20000000298023224,0.1899999976158142,0.1996999979019165,92177,0.0,0.0
2023-01-18 15:30:00-05:00,0.1956000030040741,0.2003999948501587,0.19539999961853027,0.195700004696846,145119,0.0,0.0
2023-01-19 09:30:00-05:00,0.20080000162124634,0.20080000162124634,0.18000000715255737,0.18000000715255737,5762080,0.0,0.0
2023-01-19 10:30:00-05:00,0.18219999969005585,0.18330000340938568,0.18000000715255737,0.18070000410079956,762301,0.0,0.0
2023-01-19 11:30:00-05:00,0.18060000240802765,0.1850000023841858,0.18060000240802765,0.1817999929189682,287875,0.0,0.0
2023-01-19 12:30:00-05:00,0.18170000612735748,0.18369999527931213,0.16060000658035278,0.17949999868869781,1919892,0.0,0.0
2023-01-19 13:30:00-05:00,0.17980000376701355,0.18400000035762787,0.17900000512599945,0.18000000715255737,355787,0.0,0.0
2023-01-19 14:30:00-05:00,0.1817999929189682,0.1835000067949295,0.1670999974012375,0.17030000686645508,393379,0.0,0.0
2023-01-19 15:30:00-05:00,0.1703999936580658,0.1777999997138977,0.17030000686645508,0.17720000445842743,296135,0.0,0.0
2023-01-20 09:30:00-05:00,0.17820000648498535,0.1784999966621399,0.16120000183582306,0.16899999976158142,1880357,0.0,0.0
2023-01-20 10:30:00-05:00,0.16899999976158142,0.17499999701976776,0.16410000622272491,0.16509999334812164,458336,0.0,0.0
2023-01-20 11:30:00-05:00,0.16990000009536743,0.17170000076293945,0.1639000028371811,0.16539999842643738,406097,0.0,0.0
2023-01-20 12:30:00-05:00,0.16539999842643738,0.17000000178813934,0.16509999334812164,0.16909900307655334,380817,0.0,0.0
2023-01-20 13:30:00-05:00,0.16509999334812164,0.16920000314712524,0.16509999334812164,0.1665000021457672,261995,0.0,0.0
2023-01-20 14:30:00-05:00,0.1665000021457672,0.17000000178813934,0.16529999673366547,0.1655000001192093,266461,0.0,0.0
2023-01-20 15:30:00-05:00,0.1655000001192093,0.1695999950170517,0.163100004196167,0.16699999570846558,484551,0.0,0.0
2023-01-23 09:30:00-05:00,0.17100000381469727,0.17419999837875366,0.16009999811649323,0.1623000055551529,1315320,0.0,0.0
2023-01-23 10:30:00-05:00,0.1623000055551529,0.16819900274276733,0.16009999811649323,0.16590000689029694,599651,0.0,0.0
2023-01-23 11:30:00-05:00,0.16500000655651093,0.16670000553131104,0.15600000321865082,0.16027699410915375,543942,0.0,0.0
2023-01-23 12:30:00-05:00,0.1599999964237213,0.164900004863739,0.1581999957561493,0.16259999573230743,391143,0.0,0.0
2023-01-23 13:30:00-05:00,0.16110099852085114,0.16500000655651093,0.16019999980926514,0.16459999978542328,223621,0.0,0.0
2023-01-23 14:30:00-05:00,0.16439999639987946,0.16500000655651093,0.1599999964237213,0.16300000250339508,655477,0.0,0.0
2023-01-23 15:30:00-05:00,0.16009999811649323,0.164900004863739,0.16009999811649323,0.1639000028371811,184624,0.0,0.0
2023-01-24 09:30:00-05:00,0.1656000018119812,0.17000000178813934,0.1599999964237213,0.16089999675750732,1064766,0.0,0.0
2023-01-24 10:30:00-05:00,0.16140000522136688,0.1662999987602234,0.1599999964237213,0.16539999842643738,443785,0.0,0.0
2023-01-24 11:30:00-05:00,0.16509999334812164,0.20579999685287476,0.16509999334812164,0.1843010038137436,7845100,0.0,0.0
2023-01-24 12:30:00-05:00,0.18860000371932983,0.1899999976158142,0.17509999871253967,0.17980000376701355,1665980,0.0,0.0
2023-01-24 13:30:00-05:00,0.17720000445842743,0.17990000545978546,0.1720000058412552,0.1793999969959259,846231,0.0,0.0
2023-01-24 14:30:00-05:00,0.1771010011434555,0.17970000207424164,0.1687999963760376,0.16899999976158142,990495,0.0,0.0
2023-01-24 15:30:00-05:00,0.1738000065088272,0.1738000065088272,0.16910000145435333,0.17159999907016754,471181,0.0,0.0
2023-01-25 09:30:00-05:00,0.163100004196167,0.1639000028371811,0.14309999346733093,0.1550000011920929,3557834,0.0,0.0
2023-01-25 10:30:00-05:00,0.1550000011920929,0.1551000028848648,0.15000000596046448,0.1525000035762787,553372,0.0,0.0
2023-01-25 11:30:00-05:00,0.15230000019073486,0.15690000355243683,0.1501999944448471,0.1540990024805069,344230,0.0,0.0
2023-01-25 12:30:00-05:00,0.15264999866485596,0.1599999964237213,0.15264999866485596,0.15831699967384338,534443,0.0,0.0
2023-01-25 13:30:00-05:00,0.15880000591278076,0.15889999270439148,0.15000000596046448,0.15469999611377716,449995,0.0,0.0
2023-01-25 14:30:00-05:00,0.15459899604320526,0.1599999964237213,0.15209999680519104,0.15360000729560852,754847,0.0,0.0
2023-01-25 15:30:00-05:00,0.15299999713897705,0.15809999406337738,0.15299999713897705,0.15449999272823334,286909,0.0,0.0
2023-01-26 09:30:00-05:00,4.139999866485596,4.139999866485596,3.5100998878479004,3.75,383612,0.0,0.0
2023-01-26 10:30:00-05:00,3.650099992752075,3.880000114440918,3.619999885559082,3.819999933242798,50142,0.0,0.0
2023-01-26 11:30:00-05:00,3.7855000495910645,3.899899959564209,3.7300000190734863,3.75,34146,0.0,0.0
2023-01-26 12:30:00-05:00,3.75,3.861599922180176,3.721400022506714,3.818000078201294,11088,0.0,0.0
2023-01-26 13:30:00-05:00,3.8143999576568604,3.8199000358581543,3.7300000190734863,3.767199993133545,8386,0.0,0.0
2023-01-26 14:30:00-05:00,3.747299909591675,3.819999933242798,3.5703001022338867,3.6700000762939453,33846,0.0,0.0
2023-01-26 15:30:00-05:00,3.5999999046325684,3.7088000774383545,3.466399908065796,3.6435999870300293,27789,0.0,0.0
2023-01-27 09:30:00-05:00,3.4600000381469727,3.4700000286102295,3.1500000953674316,3.2400999069213867,94683,0.0,0.0
2023-01-27 10:30:00-05:00,3.259999990463257,3.259999990463257,3.1285998821258545,3.1898999214172363,76803,0.0,0.0
2023-01-27 11:30:00-05:00,3.190000057220459,3.240000009536743,3.0801000595092773,3.130000114440918,50104,0.0,0.0
2023-01-27 12:30:00-05:00,3.184999942779541,3.184999942779541,3.109999895095825,3.1600000858306885,17735,0.0,0.0
2023-01-27 13:30:00-05:00,3.130000114440918,3.240000009536743,3.059999942779541,3.200000047683716,44165,0.0,0.0
2023-01-27 14:30:00-05:00,3.2100000381469727,3.240000009536743,3.1301000118255615,3.2388999462127686,13290,0.0,0.0
2023-01-27 15:30:00-05:00,3.2100000381469727,3.319999933242798,3.119999885559082,3.1500000953674316,42631,0.0,0.0
2023-01-30 09:30:00-05:00,3.309999942779541,3.309999942779541,3.059999942779541,3.1500000953674316,76061,0.0,0.0
2023-01-30 10:30:00-05:00,3.1500000953674316,3.200000047683716,3.0999999046325684,3.121500015258789,7958,0.0,0.0
2023-01-30 11:30:00-05:00,3.100100040435791,3.136199951171875,3.0899999141693115,3.1073999404907227,6667,0.0,0.0
2023-01-30 12:30:00-05:00,3.134999990463257,3.169800043106079,3.0999999046325684,3.0999999046325684,4023,0.0,0.0
2023-01-30 13:30:00-05:00,3.134999990463257,3.134999990463257,3.0799999237060547,3.109999895095825,7937,0.0,0.0
2023-01-30 14:30:00-05:00,3.109999895095825,3.3499999046325684,3.109999895095825,3.299999952316284,87029,0.0,0.0
2023-01-30 15:30:00-05:00,3.259999990463257,3.3399999141693115,3.1500000953674316,3.240000009536743,39595,0.0,0.0
2023-01-31 09:30:00-05:00,3.240000009536743,3.240000009536743,3.0799999237060547,3.2012999057769775,53506,0.0,0.0
2023-01-31 10:30:00-05:00,3.160099983215332,3.259999990463257,3.1600000858306885,3.200000047683716,28495,0.0,0.0
2023-01-31 11:30:00-05:00,3.200000047683716,3.219899892807007,3.1600000858306885,3.1700000762939453,17344,0.0,0.0
2023-01-31 12:30:00-05:00,3.200000047683716,3.359999895095825,3.180000066757202,3.3559999465942383,35634,0.0,0.0
2023-01-31 13:30:00-05:00,3.319999933242798,3.3259999752044678,3.140000104904175,3.1700000762939453,50680,0.0,0.0
2023-01-31 14:30:00-05:00,3.180000066757202,3.180000066757202,3.0199999809265137,3.061500072479248,65030,0.0,0.0
2023-01-31 15:30:00-05:00,3.0799999237060547,3.199899911880493,3.0799999237060547,3.0999999046325684,11578,0.0,0.0
2023-02-01 09:30:00-05:00,3.2300000190734863,3.2300000190734863,3.0299999713897705,3.109999895095825,212140,0.0,0.0
2023-02-01 10:30:00-05:00,3.168800115585327,3.168800115585327,3.069999933242798,3.099900007247925,31255,0.0,0.0
2023-02-01 11:30:00-05:00,3.09689998626709,3.1700000762939453,3.059999942779541,3.119999885559082,21886,0.0,0.0
2023-02-01 12:30:00-05:00,3.109999895095825,3.1500000953674316,3.0917999744415283,3.0999999046325684,14799,0.0,0.0
2023-02-01 13:30:00-05:00,3.0999999046325684,3.139899969100952,3.0899999141693115,3.1303999423980713,21274,0.0,0.0
2023-02-01 14:30:00-05:00,3.140000104904175,3.196199893951416,3.0999999046325684,3.190000057220459,19991,0.0,0.0
2023-02-01 15:30:00-05:00,3.1500000953674316,3.180000066757202,3.109999895095825,3.119999885559082,36172,0.0,0.0
2023-02-02 09:30:00-05:00,3.2799999713897705,3.2799999713897705,3.0999999046325684,3.1500000953674316,197099,0.0,0.0
2023-02-02 10:30:00-05:00,3.1600000858306885,3.2200000286102295,3.130000114440918,3.1500000953674316,39017,0.0,0.0
2023-02-02 11:30:00-05:00,3.170099973678589,3.200000047683716,3.119999885559082,3.140000104904175,68303,0.0,0.0
2023-02-02 12:30:00-05:00,3.140000104904175,3.2699999809265137,3.130000114440918,3.200000047683716,62268,0.0,0.0
2023-02-02 13:30:00-05:00,3.200000047683716,3.244999885559082,3.119999885559082,3.119999885559082,79220,0.0,0.0
2023-02-02 14:30:00-05:00,3.119999885559082,3.240000009536743,3.119999885559082,3.1500000953674316,55493,0.0,0.0
2023-02-02 15:30:00-05:00,3.184999942779541,3.2397000789642334,3.1500000953674316,3.1500000953674316,54316,0.0,0.0
2023-02-03 09:30:00-05:00,3.200000047683716,3.2200000286102295,3.119999885559082,3.140000104904175,57845,0.0,0.0
2023-02-03 10:30:00-05:00,3.140000104904175,3.2032999992370605,3.059999942779541,3.130000114440918,51423,0.0,0.0
2023-02-03 11:30:00-05:00,3.0801000595092773,3.1500000953674316,3.069999933242798,3.1500000953674316,24692,0.0,0.0
2023-02-03 12:30:00-05:00,3.1424999237060547,3.200000047683716,3.0999999046325684,3.0999999046325684,21254,0.0,0.0
2023-02-03 13:30:00-05:00,3.109999895095825,3.149899959564209,3.0899999141693115,3.115000009536743,10132,0.0,0.0
2023-02-03 14:30:00-05:00,3.1342999935150146,3.2060000896453857,3.0899999141693115,3.1700000762939453,27563,0.0,0.0
2023-02-03 15:30:00-05:00,3.1700000762939453,3.25,3.140000104904175,3.2100000381469727,26379,0.0,0.0
2023-02-06 09:30:00-05:00,3.180000066757202,3.200000047683716,3.0799999237060547,3.0899999141693115,72665,0.0,0.0
2023-02-06 10:30:00-05:00,3.0899999141693115,3.200000047683716,3.0899999141693115,3.109999895095825,33204,0.0,0.0
2023-02-06 11:30:00-05:00,3.1101999282836914,3.1373000144958496,3.0899999141693115,3.11899995803833,20954,0.0,0.0
2023-02-06 12:30:00-05:00,3.0999999046325684,3.1187000274658203,3.041800022125244,3.0601000785827637,58800,0.0,0.0
2023-02-06 13:30:00-05:00,3.059999942779541,3.1500000953674316,3.053499937057495,3.0815999507904053,10515,0.0,0.0
2023-02-06 14:30:00-05:00,3.0799999237060547,3.1198999881744385,3.0799999237060547,3.0899999141693115,14488,0.0,0.0
2023-02-06 15:30:00-05:00,3.0899999141693115,3.119999885559082,3.049999952316284,3.049999952316284,15206,0.0,0.0
2023-02-07 09:30:00-05:00,3.049999952316284,3.0999999046325684,3.009999990463257,3.0999999046325684,45743,0.0,0.0
2023-02-07 10:30:00-05:00,3.0996999740600586,3.140000104904175,3.069999933242798,3.0899999141693115,22289,0.0,0.0
2023-02-07 11:30:00-05:00,3.130000114440918,3.140000104904175,3.069999933242798,3.140000104904175,15041,0.0,0.0
2023-02-07 12:30:00-05:00,3.140000104904175,3.140000104904175,3.069999933242798,3.109999895095825,11073,0.0,0.0
2023-02-07 13:30:00-05:00,3.109999895095825,3.140000104904175,3.064500093460083,3.0899999141693115,8143,0.0,0.0
2023-02-07 14:30:00-05:00,3.069999933242798,3.1298999786376953,3.0299999713897705,3.0899999141693115,12279,0.0,0.0
2023-02-07 15:30:00-05:00,3.0950000286102295,3.130000114440918,3.049999952316284,3.130000114440918,0,0.0,0.0
2023-02-08 09:30:00-05:00,3.130000114440918,3.173799991607666,3.0199999809265137,3.049999952316284,60087,0.0,0.0
2023-02-08 10:30:00-05:00,3.059999942779541,3.0843000411987305,2.799999952316284,2.8894999027252197,43768,0.0,0.0
2023-02-08 11:30:00-05:00,2.890000104904175,2.9800000190734863,2.8299999237060547,2.9600000381469727,16605,0.0,0.0
2023-02-08 12:30:00-05:00,2.9100000858306885,2.9200000762939453,2.8801000118255615,2.9200000762939453,5035,0.0,0.0
2023-02-08 13:30:00-05:00,2.9000000953674316,2.9200000762939453,2.8399999141693115,2.9200000762939453,15352,0.0,0.0
2023-02-08 14:30:00-05:00,2.880000114440918,2.9000000953674316,2.7899999618530273,2.859999895095825,32507,0.0,0.0
2023-02-08 15:30:00-05:00,2.8299999237060547,2.8499999046325684,2.7899999618530273,2.8499999046325684,23436,0.0,0.0
2023-02-09 09:30:00-05:00,2.930000066757202,2.930000066757202,2.79010009765625,2.800100088119507,31643,0.0,0.0
2023-02-09 10:30:00-05:00,2.849900007247925,2.859999895095825,2.710099935531616,2.779900074005127,29101,0.0,0.0
2023-02-09 11:30:00-05:00,2.7699999809265137,2.799999952316284,2.7699999809265137,2.770400047302246,8118,0.0,0.0
2023-02-09 12:30:00-05:00,2.799999952316284,2.8499999046325684,2.7799999713897705,2.7799999713897705,6716,0.0,0.0
2023-02-09 13:30:00-05:00,2.8399999141693115,2.8399999141693115,2.7699999809265137,2.7899999618530273,5938,0.0,0.0
2023-02-09 14:30:00-05:00,2.805000066757202,2.819999933242798,2.7699999809265137,2.7699999809265137,18347,0.0,0.0
2023-02-09 15:30:00-05:00,2.7699999809265137,2.7699999809265137,2.7100000381469727,2.740000009536743,11080,0.0,0.0
2023-02-10 09:30:00-05:00,2.75,2.75,2.47160005569458,2.4900999069213867,112628,0.0,0.0
2023-02-10 10:30:00-05:00,2.509999990463257,2.5999999046325684,2.4700000286102295,2.5195000171661377,28448,0.0,0.0
2023-02-10 11:30:00-05:00,2.4800000190734863,2.569999933242798,2.4100000858306885,2.4600000381469727,34590,0.0,0.0
2023-02-10 12:30:00-05:00,2.4600000381469727,2.490000009536743,2.4600000381469727,2.4781999588012695,3737,0.0,0.0
2023-02-10 13:30:00-05:00,2.4800000190734863,2.490000009536743,2.4600000381469727,2.4798998832702637,10528,0.0,0.0
2023-02-10 14:30:00-05:00,2.4800000190734863,2.490000009536743,2.450000047683716,2.4809000492095947,13457,0.0,0.0
2023-02-10 15:30:00-05:00,2.4837000370025635,2.484999895095825,2.450000047683716,2.450000047683716,4393,0.0,0.0
2023-02-13 09:30:00-05:00,2.450000047683716,2.450000047683716,2.309999942779541,2.3499999046325684,28565,0.0,0.0
2023-02-13 10:30:00-05:00,2.3399999141693115,2.4600000381469727,2.3299999237060547,2.3399999141693115,23557,0.0,0.0
2023-02-13 11:30:00-05:00,2.359999895095825,2.4100000858306885,2.359999895095825,2.369999885559082,7007,0.0,0.0
2023-02-13 12:30:00-05:00,2.369999885559082,2.4000000953674316,2.359999895095825,2.3880999088287354,5308,0.0,0.0
2023-02-13 13:30:00-05:00,2.380000114440918,2.4100000858306885,2.369999885559082,2.390000104904175,7259,0.0,0.0
2023-02-13 14:30:00-05:00,2.380000114440918,2.4168999195098877,2.3719000816345215,2.3719000816345215,6101,0.0,0.0
2023-02-13 15:30:00-05:00,2.369999885559082,2.386699914932251,2.299999952316284,2.3749001026153564,0,0.0,0.0
2023-02-14 09:30:00-05:00,2.3499999046325684,2.3880999088287354,2.25,2.380000114440918,22580,0.0,0.0
2023-02-14 10:30:00-05:00,2.3499999046325684,2.3499999046325684,2.309999942779541,2.3399999141693115,10519,0.0,0.0
2023-02-14 11:30:00-05:00,2.380000114440918,2.4000000953674316,2.2799999713897705,2.4000000953674316,6653,0.0,0.0
2023-02-14 12:30:00-05:00,2.280100107192993,2.3450000286102295,2.280100107192993,2.3299999237060547,1322,0.0,0.0
2023-02-14 13:30:00-05:00,2.386199951171875,2.390000104904175,2.380000114440918,2.390000104904175,2148,0.0,0.0
2023-02-14 14:30:00-05:00,2.390000104904175,2.4223999977111816,2.380000114440918,2.4223999977111816,4064,0.0,0.0
2023-02-14 15:30:00-05:00,2.401700019836426,2.401700019836426,2.3499999046325684,2.375,5053,0.0,0.0
2023-02-15 09:30:00-05:00,2.3399999141693115,2.4398999214172363,2.3399999141693115,2.4100000858306885,15784,0.0,0.0
2023-02-15 10:30:00-05:00,2.386899948120117,2.4298999309539795,2.3613998889923096,2.4100000858306885,6170,0.0,0.0
2023-02-15 11:30:00-05:00,2.384999990463257,2.4049999713897705,2.380000114440918,2.3949999809265137,5114,0.0,0.0
2023-02-15 12:30:00-05:00,2.4000000953674316,2.488100051879883,2.4000000953674316,2.4600000381469727,15629,0.0,0.0
2023-02-15 13:30:00-05:00,2.469899892807007,2.5499000549316406,2.469899892807007,2.5341999530792236,13801,0.0,0.0
2023-02-15 14:30:00-05:00,2.539299964904785,2.539299964904785,2.440000057220459,2.4798998832702637,20782,0.0,0.0
2023-02-15 15:30:00-05:00,2.4625000953674316,2.4700000286102295,2.420099973678589,2.450000047683716,4451,0.0,0.0
2023-02-16 09:30:00-05:00,2.4100000858306885,2.529900074005127,2.3499999046325684,2.3685998916625977,31127,0.0,0.0
2023-02-16 10:30:00-05:00,2.3701000213623047,2.400099992752075,2.3701000213623047,2.400099992752075,1793,0.0,0.0
2023-02-16 11:30:00-05:00,2.410099983215332,2.4639999866485596,2.369999885559082,2.4000000953674316,8494,0.0,0.0
2023-02-16 12:30:00-05:00,2.4000000953674316,2.4600000381469727,2.369999885559082,2.369999885559082,7778,0.0,0.0
2023-02-16 13:30:00-05:00,2.369999885559082,2.422300100326538,2.3499999046325684,2.3499999046325684,4703,0.0,0.0
2023-02-16 14:30:00-05:00,2.3499999046325684,2.4186999797821045,2.2699999809265137,2.2699999809265137,15932,0.0,0.0
2023-02-16 15:30:00-05:00,2.299999952316284,2.309999942779541,2.240000009536743,2.2915000915527344,0,0.0,0.0
2023-02-17 09:30:00-05:00,2.2799999713897705,2.293299913406372,2.2300000190734863,2.259999990463257,13025,0.0,0.0
2023-02-17 10:30:00-05:00,2.2699999809265137,2.2699999809265137,2.2300000190734863,2.2560999393463135,1903,0.0,0.0
2023-02-17 11:30:00-05:00,2.2000999450683594,2.3299999237060547,2.109999895095825,2.2750000953674316,26761,0.0,0.0
2023-02-17 12:30:00-05:00,2.25,2.319999933242798,2.25,2.309999942779541,2307,0.0,0.0
2023-02-17 13:30:00-05:00,2.299999952316284,2.299999952316284,2.2279999256134033,2.230299949645996,8111,0.0,0.0
2023-02-17 14:30:00-05:00,2.25,2.319999933242798,2.2200000286102295,2.25,9484,0.0,0.0
2023-02-17 15:30:00-05:00,2.2100000381469727,2.243299961090088,2.2100000381469727,2.240000009536743,3069,0.0,0.0
2023-02-21 09:30:00-05:00,2.1700000762939453,2.240000009536743,2.140000104904175,2.240000009536743,25939,0.0,0.0
2023-02-21 10:30:00-05:00,2.290299892425537,2.290299892425537,2.1600000858306885,2.1700000762939453,1525,0.0,0.0
2023-02-21 11:30:00-05:00,2.190000057220459,2.200000047683716,2.1201000213623047,2.1600000858306885,6729,0.0,0.0
2023-02-21 12:30:00-05:00,2.1600000858306885,2.1644999980926514,2.140000104904175,2.1600000858306885,3176,0.0,0.0
2023-02-21 13:30:00-05:00,2.140000104904175,2.199899911880493,2.140000104904175,2.1649999618530273,10582,0.0,0.0
2023-02-21 14:30:00-05:00,2.1600000858306885,2.1649999618530273,2.134500026702881,2.1600000858306885,2556,0.0,0.0
2023-02-21 15:30:00-05:00,2.1600000858306885,2.1600000858306885,2.109999895095825,2.1449999809265137,6109,0.0,0.0
2023-02-22 09:30:00-05:00,2.109999895095825,2.210900068283081,2.109999895095825,2.200000047683716,16534,0.0,0.0
2023-02-22 10:30:00-05:00,2.140000104904175,2.2298998832702637,2.130000114440918,2.2298998832702637,3337,0.0,0.0
2023-02-22 11:30:00-05:00,2.180000066757202,2.180000066757202,2.119999885559082,2.1700000762939453,1690,0.0,0.0
2023-02-22 12:30:00-05:00,2.1500000953674316,2.1500000953674316,2.140000104904175,2.140000104904175,2344,0.0,0.0
2023-02-22 13:30:00-05:00,2.140000104904175,2.1500000953674316,2.069999933242798,2.069999933242798,4312,0.0,0.0
2023-02-22 14:30:00-05:00,2.069999933242798,2.1700000762939453,2.069999933242798,2.109999895095825,3808,0.0,0.0
2023-02-22 15:30:00-05:00,2.119999885559082,2.1600000858306885,2.119999885559082,2.1600000858306885,0,0.0,0.0
2023-02-23 09:30:00-05:00,2.180000066757202,2.200000047683716,2.0299999713897705,2.059999942779541,85711,0.0,0.0
2023-02-23 10:30:00-05:00,2.0799999237060547,2.1013998985290527,2.0199999809265137,2.1013998985290527,45976,0.0,0.0
2023-02-23 11:30:00-05:00,2.0950000286102295,2.0999999046325684,2.0401999950408936,2.0850000381469727,4189,0.0,0.0
2023-02-23 12:30:00-05:00,2.119999885559082,2.119999885559082,2.0199999809265137,2.0299999713897705,1740,0.0,0.0
2023-02-23 13:30:00-05:00,2.0399999618530273,2.1006999015808105,2.020699977874756,2.020699977874756,3745,0.0,0.0
2023-02-23 14:30:00-05:00,2.0399999618530273,2.1131999492645264,2.0199999809265137,2.069999933242798,4942,0.0,0.0
2023-02-23 15:30:00-05:00,2.088399887084961,2.109999895095825,2.0399999618530273,2.059999942779541,0,0.0,0.0
2023-02-24 09:30:00-05:00,2.0399999618530273,2.0999999046325684,2.009999990463257,2.099900007247925,18502,0.0,0.0
2023-02-24 10:30:00-05:00,2.069999933242798,2.069999933242798,2.0199999809265137,2.0485000610351562,4642,0.0,0.0
2023-02-24 11:30:00-05:00,2.0199999809265137,2.049999952316284,2.0048999786376953,2.009999990463257,7939,0.0,0.0
2023-02-24 12:30:00-05:00,2.0399999618530273,2.0499000549316406,1.940000057220459,1.940000057220459,9877,0.0,0.0
2023-02-24 13:30:00-05:00,1.9199999570846558,1.98989999294281,1.8600000143051147,1.9149999618530273,52900,0.0,0.0
2023-02-24 14:30:00-05:00,1.899999976158142,2.0,1.884600043296814,1.9778000116348267,15566,0.0,0.0
2023-02-24 15:30:00-05:00,1.9900000095367432,1.992900013923645,1.9500000476837158,1.9500000476837158,5363,0.0,0.0
2023-02-27 09:30:00-05:00,1.8899999856948853,2.009999990463257,1.8899999856948853,1.9577000141143799,13524,0.0,0.0
2023-02-27 10:30:00-05:00,1.9562000036239624,1.98989999294281,1.9500000476837158,1.9873000383377075,3975,0.0,0.0
2023-02-27 11:30:00-05:00,1.978600025177002,2.0,1.9773000478744507,1.9800000190734863,4176,0.0,0.0
2023-02-27 12:30:00-05:00,1.9800000190734863,1.9973000288009644,1.965000033378601,1.965000033378601,2679,0.0,0.0
2023-02-27 13:30:00-05:00,1.975000023841858,2.009999990463257,1.9600000381469727,1.9600000381469727,13668,0.0,0.0
2023-02-27 14:30:00-05:00,1.9975999593734741,2.0399999618530273,1.9975999593734741,2.0399999618530273,6054,0.0,0.0
2023-02-27 15:30:00-05:00,2.06850004196167,2.069999933242798,2.0399999618530273,2.0655999183654785,0,0.0,0.0
2023-02-28 09:30:00-05:00,2.031100034713745,2.111599922180176,2.031100034713745,2.079400062561035,7363,0.0,0.0
2023-02-28 10:30:00-05:00,2.0529000759124756,2.0999999046325684,2.049999952316284,2.0999999046325684,11015,0.0,0.0
2023-02-28 11:30:00-05:00,2.069999933242798,2.119999885559082,2.069999933242798,2.109999895095825,8824,0.0,0.0
2023-02-28 12:30:00-05:00,2.090100049972534,2.1198999881744385,2.0199999809265137,2.0199999809265137,7482,0.0,0.0
2023-02-28 13:30:00-05:00,2.0199999809265137,2.0499000549316406,2.0,2.0,12672,0.0,0.0
2023-02-28 14:30:00-05:00,2.005000114440918,2.0199999809265137,1.9500999450683594,2.009999990463257,12313,0.0,0.0
2023-02-28 15:30:00-05:00,2.0006000995635986,2.0399999618530273,2.0006000995635986,2.0399999618530273,1854,0.0,0.0
2023-03-01 09:30:00-05:00,2.0399999618530273,2.2399001121520996,2.0399999618530273,2.1451001167297363,26644,0.0,0.0
2023-03-01 10:30:00-05:00,2.069999933242798,2.1500000953674316,2.049999952316284,2.119999885559082,7075,0.0,0.0
2023-03-01 11:30:00-05:00,2.109999895095825,2.1594998836517334,2.059999942779541,2.149899959564209,11613,0.0,0.0
2023-03-01 12:30:00-05:00,2.1440000534057617,2.1500000953674316,2.0799999237060547,2.130000114440918,3927,0.0,0.0
2023-03-01 13:30:00-05:00,2.086699962615967,2.140000104904175,2.0299999713897705,2.0950000286102295,23015,0.0,0.0
2023-03-01 14:30:00-05:00,2.0899999141693115,2.0999999046325684,2.0850000381469727,2.0899999141693115,3934,0.0,0.0
2023-03-01 15:30:00-05:00,2.049999952316284,2.0799999237060547,2.049999952316284,2.059999942779541,0,0.0,0.0
2023-03-02 09:30:00-05:00,2.0,2.055000066757202,1.9800000190734863,1.9900000095367432,10916,0.0,0.0
2023-03-02 10:30:00-05:00,2.009999990463257,2.009999990463257,1.8300000429153442,1.8899999856948853,43251,0.0,0.0
2023-03-02 11:30:00-05:00,1.8885999917984009,1.909999966621399,1.8600000143051147,1.8700000047683716,7339,0.0,0.0
2023-03-02 12:30:00-05:00,1.8899999856948853,1.9473999738693237,1.8899999856948853,1.909999966621399,6929,0.0,0.0
2023-03-02 13:30:00-05:00,1.899999976158142,1.899999976158142,1.899999976158142,1.899999976158142,344,0.0,0.0
2023-03-02 14:30:00-05:00,1.9050999879837036,1.9479000568389893,1.8799999952316284,1.8992999792099,10731,0.0,0.0
2023-03-02 15:30:00-05:00,1.899999976158142,1.9499000310897827,1.899999976158142,1.909999966621399,2433,0.0,0.0
2023-03-03 09:30:00-05:00,1.940000057220459,2.0,1.9299999475479126,1.9500000476837158,13811,0.0,0.0
2023-03-03 10:30:00-05:00,1.9199999570846558,1.9484000205993652,1.8726999759674072,1.899999976158142,17365,0.0,0.0
2023-03-03 11:30:00-05:00,1.899999976158142,1.940000057220459,1.874899983406067,1.874899983406067,4335,0.0,0.0
2023-03-03 12:30:00-05:00,1.8701000213623047,1.9149999618530273,1.8701000213623047,1.9149999618530273,1470,0.0,0.0
2023-03-03 13:30:00-05:00,1.8899999856948853,1.9149999618530273,1.8899999856948853,1.899999976158142,6178,0.0,0.0
2023-03-03 14:30:00-05:00,1.926800012588501,1.9800000190734863,1.9199999570846558,1.9299999475479126,18178,0.0,0.0
2023-03-03 15:30:00-05:00,1.9299999475479126,1.9799000024795532,1.9299999475479126,1.9500000476837158,3968,0.0,0.0
2023-03-06 09:30:00-05:00,1.9500000476837158,1.9500000476837158,1.8945000171661377,1.8945000171661377,8810,0.0,0.0
2023-03-06 10:30:00-05:00,1.9053000211715698,1.9299999475479126,1.9053000211715698,1.9299999475479126,1184,0.0,0.0
2023-03-06 11:30:00-05:00,1.9299999475479126,1.940000057220459,1.909999966621399,1.909999966621399,5335,0.0,0.0
2023-03-06 12:30:00-05:00,1.899999976158142,1.9199999570846558,1.8799999952316284,1.9199999570846558,2963,0.0,0.0
2023-03-06 13:30:00-05:00,1.8799999952316284,1.9299999475479126,1.8799999952316284,1.9299999475479126,1577,0.0,0.0
2023-03-06 15:30:00-05:00,1.9199999570846558,1.9199999570846558,1.850000023841858,1.9098999500274658,0,0.0,0.0
2023-03-07 09:30:00-05:00,1.909999966621399,1.9499000310897827,1.7960000038146973,1.8799999952316284,13699,0.0,0.0
2023-03-07 10:30:00-05:00,1.8700000047683716,1.8799999952316284,1.809999942779541,1.8799999952316284,1687,0.0,0.0
2023-03-07 11:30:00-05:00,1.8300000429153442,1.8300000429153442,1.809999942779541,1.8300000429153442,916,0.0,0.0
2023-03-07 12:30:00-05:00,1.8300000429153442,1.8833999633789062,1.8300000429153442,1.8401000499725342,7259,0.0,0.0
2023-03-07 13:30:00-05:00,1.8700000047683716,1.8700000047683716,1.840000033378601,1.864400029182434,891,0.0,0.0
2023-03-07 14:30:00-05:00,1.8300000429153442,1.8300000429153442,1.8200000524520874,1.8259999752044678,1799,0.0,0.0
2023-03-07 15:30:00-05:00,1.8137999773025513,1.8557000160217285,1.7899999618530273,1.7899999618530273,3729,0.0,0.0
2023-03-08 09:30:00-05:00,1.7899999618530273,1.8499000072479248,1.7899999618530273,1.8162000179290771,5226,0.0,0.0
2023-03-08 10:30:00-05:00,1.809999942779541,1.8386000394821167,1.7999999523162842,1.8386000394821167,2308,0.0,0.0
2023-03-08 11:30:00-05:00,1.815000057220459,1.815000057220459,1.7999999523162842,1.8004000186920166,1590,0.0,0.0
2023-03-08 12:30:00-05:00,1.7999999523162842,1.809999942779541,1.7899999618530273,1.7899999618530273,3426,0.0,0.0
2023-03-08 13:30:00-05:00,1.809999942779541,1.8299000263214111,1.7863999605178833,1.7899999618530273,3085,0.0,0.0
2023-03-08 14:30:00-05:00,1.7999999523162842,1.7999999523162842,1.6749999523162842,1.6916999816894531,15364,0.0,0.0
2023-03-08 15:30:00-05:00,1.7000000476837158,1.7240999937057495,1.6749999523162842,1.7000000476837158,6239,0.0,0.0
2023-03-09 09:30:00-05:00,1.690000057220459,1.7699999809265137,1.6200000047683716,1.6799999475479126,65570,0.0,0.0
2023-03-09 10:30:00-05:00,1.7200000286102295,1.7446000576019287,1.659999966621399,1.659999966621399,3555,0.0,0.0
2023-03-09 11:30:00-05:00,1.659999966621399,1.6711000204086304,1.6200000047683716,1.63100004196167,15766,0.0,0.0
2023-03-09 12:30:00-05:00,1.6399999856948853,1.6585999727249146,1.6200000047683716,1.6440999507904053,6381,0.0,0.0
2023-03-09 13:30:00-05:00,1.649999976158142,1.649999976158142,1.600000023841858,1.600000023841858,21878,0.0,0.0
2023-03-09 14:30:00-05:00,1.617799997329712,1.645300030708313,1.600000023841858,1.600000023841858,8683,0.0,0.0
2023-03-09 15:30:00-05:00,1.570099949836731,1.6198999881744385,1.5168999433517456,1.5841000080108643,43044,0.0,0.0
2023-03-10 09:30:00-05:00,1.6100000143051147,1.6200000047683716,1.5199999809265137,1.5369999408721924,36405,0.0,0.0
2023-03-10 10:30:00-05:00,1.5500999689102173,1.5999000072479248,1.5306999683380127,1.5780999660491943,4018,0.0,0.0
2023-03-10 11:30:00-05:00,1.5795999765396118,1.600000023841858,1.5299999713897705,1.5789999961853027,13955,0.0,0.0
2023-03-10 12:30:00-05:00,1.5226999521255493,1.5580999851226807,1.5,1.5580999851226807,6625,0.0,0.0
2023-03-10 13:30:00-05:00,1.5499999523162842,1.5499999523162842,1.5199999809265137,1.5199999809265137,1809,0.0,0.0
2023-03-10 14:30:00-05:00,1.5199999809265137,1.5586999654769897,1.5,1.5,2864,0.0,0.0
2023-03-10 15:30:00-05:00,1.5,1.5290000438690186,1.5,1.5,8057,0.0,0.0
2023-03-13 09:30:00-04:00,1.4700000286102295,1.4987000226974487,1.4199999570846558,1.4987000226974487,19674,0.0,0.0
2023-03-13 10:30:00-04:00,1.4300999641418457,1.48989999294281,1.4199999570846558,1.4799000024795532,19158,0.0,0.0
2023-03-13 11:30:00-04:00,1.4799000024795532,1.4799000024795532,1.4600000381469727,1.4600000381469727,883,0.0,0.0
2023-03-13 12:30:00-04:00,1.4600000381469727,1.4639999866485596,1.4500000476837158,1.4500000476837158,2113,0.0,0.0
2023-03-13 13:30:00-04:00,1.4550000429153442,1.5399999618530273,1.4550000429153442,1.5,22842,0.0,0.0
2023-03-13 14:30:00-04:00,1.5073000192642212,1.5496000051498413,1.5073000192642212,1.5496000051498413,6656,0.0,0.0
2023-03-13 15:30:00-04:00,1.5399999618530273,1.5499999523162842,1.5099999904632568,1.5499999523162842,0,0.0,0.0
2023-03-14 09:30:00-04:00,1.5399999618530273,1.6304999589920044,1.5174000263214111,1.5449999570846558,12431,0.0,0.0
2023-03-14 10:30:00-04:00,1.5642999410629272,1.7000000476837158,1.5642999410629272,1.625,42723,0.0,0.0
2023-03-14 11:30:00-04:00,1.6299999952316284,1.6299999952316284,1.600000023841858,1.600000023841858,3690,0.0,0.0
2023-03-14 12:30:00-04:00,1.6100000143051147,1.6100000143051147,1.5199999809265137,1.5199999809265137,17212,0.0,0.0
2023-03-14 13:30:00-04:00,1.5199999809265137,1.5200999975204468,1.5199999809265137,1.5200999975204468,719,0.0,0.0
2023-03-14 14:30:00-04:00,1.5399999618530273,1.5399999618530273,1.5099999904632568,1.5299999713897705,2265,0.0,0.0
2023-03-14 15:30:00-04:00,1.5099999904632568,1.5369999408721924,1.5099999904632568,1.5369999408721924,10628,0.0,0.0
2023-03-15 09:30:00-04:00,1.5199999809265137,1.590000033378601,1.4500000476837158,1.5199999809265137,31699,0.0,0.0
2023-03-15 10:30:00-04:00,1.590000033378601,1.590000033378601,1.5009000301361084,1.5199999809265137,2677,0.0,0.0
2023-03-15 11:30:00-04:00,1.5199999809265137,1.5533000230789185,1.5,1.5099999904632568,5868,0.0,0.0
2023-03-15 12:30:00-04:00,1.5,1.500100016593933,1.399999976158142,1.4900000095367432,12553,0.0,0.0
2023-03-15 13:30:00-04:00,1.4500000476837158,1.4500000476837158,1.4413000345230103,1.4413000345230103,263,0.0,0.0
2023-03-15 14:30:00-04:00,1.4500000476837158,1.4800000190734863,1.399999976158142,1.440000057220459,10508,0.0,0.0
2023-03-15 15:30:00-04:00,1.4199999570846558,1.4519000053405762,1.409999966621399,1.409999966621399,812,0.0,0.0
2023-03-16 09:30:00-04:00,1.409999966621399,1.4249999523162842,1.3526999950408936,1.3899999856948853,85846,0.0,0.0
2023-03-16 10:30:00-04:00,1.399999976158142,1.4299999475479126,1.399999976158142,1.4299999475479126,2545,0.0,0.0
2023-03-16 11:30:00-04:00,1.4299999475479126,1.4579999446868896,1.3899999856948853,1.4500000476837158,10645,0.0,0.0
2023-03-16 12:30:00-04:00,1.3631999492645264,1.4600000381469727,1.3631999492645264,1.4600000381469727,854,0.0,0.0
2023-03-16 13:30:00-04:00,1.4299999475479126,1.434999942779541,1.4299999475479126,1.434999942779541,481,0.0,0.0
2023-03-16 14:30:00-04:00,1.4118000268936157,1.440000057220459,1.3700000047683716,1.399999976158142,15795,0.0,0.0
2023-03-16 15:30:00-04:00,1.3799999952316284,1.4289000034332275,1.3700000047683716,1.399999976158142,0,0.0,0.0
2023-03-17 09:30:00-04:00,1.399999976158142,1.409999966621399,1.309999942779541,1.350000023841858,14352,0.0,0.0
2023-03-17 10:30:00-04:00,1.3899999856948853,1.3899999856948853,1.309999942779541,1.3529000282287598,10423,0.0,0.0
2023-03-17 11:30:00-04:00,1.3000999689102173,1.3598999977111816,1.2999999523162842,1.2999999523162842,1122,0.0,0.0
2023-03-17 12:30:00-04:00,1.2649999856948853,1.2699999809265137,1.2200000286102295,1.2300000190734863,19652,0.0,0.0
2023-03-17 13:30:00-04:00,1.2699999809265137,1.2899999618530273,1.2300000190734863,1.2400000095367432,10074,0.0,0.0
2023-03-17 14:30:00-04:00,1.2400000095367432,1.3700000047683716,1.2300000190734863,1.2999999523162842,18657,0.0,0.0
2023-03-17 15:30:00-04:00,1.2649999856948853,1.2999999523162842,1.2400000095367432,1.2999999523162842,804,0.0,0.0
2023-03-20 09:30:00-04:00,1.2899999618530273,1.3000999689102173,1.2301000356674194,1.2599999904632568,5406,0.0,0.0
2023-03-20 10:30:00-04:00,1.250100016593933,1.301200032234192,1.25,1.250100016593933,10895,0.0,0.0
2023-03-20 11:30:00-04:00,1.2979999780654907,1.2999999523162842,1.25,1.264299988746643,18325,0.0,0.0
2023-03-20 12:30:00-04:00,1.2676000595092773,1.2799999713897705,1.2599999904632568,1.2599999904632568,3064,0.0,0.0
2023-03-20 13:30:00-04:00,1.2799999713897705,1.2799999713897705,1.2799999713897705,1.2799999713897705,257,0.0,0.0
2023-03-20 14:30:00-04:00,1.256600022315979,1.2649999856948853,1.2400000095367432,1.2400000095367432,501,0.0,0.0
2023-03-20 15:30:00-04:00,1.2893999814987183,1.2893999814987183,1.2301000356674194,1.2301000356674194,0,0.0,0.0
2023-03-21 09:30:00-04:00,1.2699999809265137,1.2997000217437744,1.25,1.2799999713897705,23554,0.0,0.0
2023-03-21 10:30:00-04:00,1.2773000001907349,1.2773000001907349,1.2200000286102295,1.2200000286102295,17071,0.0,0.0
2023-03-21 11:30:00-04:00,1.2450000047683716,1.2599999904632568,1.2300000190734863,1.2450000047683716,13193,0.0,0.0
2023-03-21 12:30:00-04:00,1.2450000047683716,1.2450000047683716,1.2301000356674194,1.2301000356674194,730,0.0,0.0
2023-03-21 13:30:00-04:00,1.2489999532699585,1.25,1.2400000095367432,1.25,851,0.0,0.0
2023-03-21 14:30:00-04:00,1.2400000095367432,1.2400000095367432,1.160099983215332,1.2100000381469727,35207,0.0,0.0
2023-03-21 15:30:00-04:00,1.2400000095367432,1.2400000095367432,1.2200000286102295,1.2200000286102295,0,0.0,0.0
2023-03-22 09:30:00-04:00,1.1967999935150146,1.2386000156402588,1.149999976158142,1.1813000440597534,22273,0.0,0.0
2023-03-22 10:30:00-04:00,1.2000000476837158,1.2000000476837158,1.1699999570846558,1.1699999570846558,15201,0.0,0.0
2023-03-22 11:30:00-04:00,1.2000000476837158,1.2172000408172607,1.1640000343322754,1.1699999570846558,16830,0.0,0.0
2023-03-22 12:30:00-04:00,1.2164000272750854,1.2199000120162964,1.159999966621399,1.2199000120162964,9376,0.0,0.0
2023-03-22 13:30:00-04:00,1.2173000574111938,1.2173000574111938,1.1699999570846558,1.1799999475479126,3989,0.0,0.0
2023-03-22 14:30:00-04:00,1.1799999475479126,1.1799999475479126,1.1799999475479126,1.1799999475479126,2120,0.0,0.0
2023-03-22 15:30:00-04:00,1.2100000381469727,1.2100000381469727,1.159999966621399,1.159999966621399,0,0.0,0.0
2023-03-23 09:30:00-04:00,1.1699999570846558,1.2100000381469727,1.1699999570846558,1.1953999996185303,11494,0.0,0.0
2023-03-23 10:30:00-04:00,1.170199990272522,1.1797000169754028,1.1100000143051147,1.1197999715805054,10813,0.0,0.0
2023-03-23 11:30:00-04:00,1.1303999423980713,1.1399999856948853,1.1200000047683716,1.1399999856948853,5659,0.0,0.0
2023-03-23 12:30:00-04:00,1.1399999856948853,1.1699999570846558,1.1399999856948853,1.159999966621399,4308,0.0,0.0
2023-03-23 13:30:00-04:00,1.159000039100647,1.159000039100647,1.1200000047683716,1.1299999952316284,5502,0.0,0.0
2023-03-23 14:30:00-04:00,1.1396000385284424,1.2699999809265137,1.131500005722046,1.149999976158142,75703,0.0,0.0
2023-03-23 15:30:00-04:00,1.2151999473571777,1.2200000286102295,1.1706000566482544,1.2200000286102295,0,0.0,0.0
2023-03-24 09:30:00-04:00,1.184999942779541,1.190000057220459,1.1699999570846558,1.1700999736785889,9195,0.0,0.0
2023-03-24 10:30:00-04:00,1.1799999475479126,1.190000057220459,1.1699999570846558,1.1699999570846558,2234,0.0,0.0
2023-03-24 11:30:00-04:00,1.1699999570846558,1.2000000476837158,1.1699999570846558,1.1972999572753906,9807,0.0,0.0
2023-03-24 12:30:00-04:00,1.1799999475479126,1.2000000476837158,1.1714999675750732,1.2000000476837158,10240,0.0,0.0
2023-03-24 13:30:00-04:00,1.190000057220459,1.190000057220459,1.1799999475479126,1.1799999475479126,1104,0.0,0.0
2023-03-24 14:30:00-04:00,1.190000057220459,1.190000057220459,1.190000057220459,1.190000057220459,2064,0.0,0.0
2023-03-24 15:30:00-04:00,1.1799999475479126,1.1799999475479126,1.1799999475479126,1.1799999475479126,1155,0.0,0.0
2023-03-27 09:30:00-04:00,1.2300000190734863,1.2400000095367432,1.1926000118255615,1.1926000118255615,5390,0.0,0.0
2023-03-27 10:30:00-04:00,1.2300000190734863,1.2300000190734863,1.2000999450683594,1.2200000286102295,2938,0.0,0.0
2023-03-27 11:30:00-04:00,1.2199000120162964,1.2199000120162964,1.2199000120162964,1.2199000120162964,129,0.0,0.0
2023-03-27 12:30:00-04:00,1.218500018119812,1.218500018119812,1.218500018119812,1.218500018119812,369,0.0,0.0
2023-03-27 13:30:00-04:00,1.2299000024795532,1.2300000190734863,1.2100000381469727,1.2143000364303589,1609,0.0,0.0
2023-03-27 14:30:00-04:00,1.2461999654769897,1.2599999904632568,1.2200000286102295,1.25,11309,0.0,0.0
2023-03-27 15:30:00-04:00,1.25,1.2999999523162842,1.25,1.2999999523162842,0,0.0,0.0
2023-03-28 09:30:00-04:00,1.299299955368042,1.350000023841858,1.2799999713897705,1.3300000429153442,24816,0.0,0.0
2023-03-28 10:30:00-04:00,1.2799999713897705,1.340000033378601,1.2799999713897705,1.340000033378601,5019,0.0,0.0
2023-03-28 11:30:00-04:00,1.3401000499725342,1.3401000499725342,1.315000057220459,1.315000057220459,3903,0.0,0.0
2023-03-28 12:30:00-04:00,1.2999999523162842,1.309999942779541,1.274999976158142,1.2862999439239502,8371,0.0,0.0
2023-03-28 13:30:00-04:00,1.2899999618530273,1.3200000524520874,1.2899999618530273,1.3200000524520874,36993,0.0,0.0
2023-03-28 14:30:00-04:00,1.309999942779541,1.309999942779541,1.2899999618530273,1.2900999784469604,1580,0.0,0.0
2023-03-28 15:30:00-04:00,1.250100016593933,1.2754000425338745,1.25,1.25,0,0.0,0.0
2023-03-29 09:30:00-04:00,1.2899999618530273,1.2899999618530273,1.2577999830245972,1.2699999809265137,3738,0.0,0.0
2023-03-29 10:30:00-04:00,1.2826999425888062,1.2899999618530273,1.25,1.2899999618530273,1075,0.0,0.0
2023-03-29 12:30:00-04:00,1.274999976158142,1.2899999618530273,1.26010000705719,1.274999976158142,2911,0.0,0.0
2023-03-29 13:30:00-04:00,1.2711999416351318,1.2711999416351318,1.2711999416351318,1.2711999416351318,192,0.0,0.0
2023-03-29 15:30:00-04:00,1.309999942779541,1.309999942779541,1.309999942779541,1.309999942779541,0,0.0,0.0
2023-03-30 09:30:00-04:00,1.3200000524520874,1.3468999862670898,1.3200000524520874,1.3468999862670898,4548,0.0,0.0
2023-03-30 10:30:00-04:00,1.3300000429153442,1.350000023841858,1.3300000429153442,1.350000023841858,4144,0.0,0.0
2023-03-30 11:30:00-04:00,1.3596999645233154,1.3799999952316284,1.3200000524520874,1.3799999952316284,12351,0.0,0.0
2023-03-30 12:30:00-04:00,1.399999976158142,1.409999966621399,1.3732999563217163,1.3732999563217163,6306,0.0,0.0
2023-03-30 13:30:00-04:00,1.3727999925613403,1.3727999925613403,1.3727999925613403,1.3727999925613403,240,0.0,0.0
2023-03-30 14:30:00-04:00,1.378000020980835,1.3799999952316284,1.3358999490737915,1.3358999490737915,600,0.0,0.0
2023-03-30 15:30:00-04:00,1.3300000429153442,1.3550000190734863,1.3300000429153442,1.3300000429153442,0,0.0,0.0
2023-03-31 09:30:00-04:00,1.3234000205993652,1.3274999856948853,1.320099949836731,1.3274999856948853,1891,0.0,0.0
2023-03-31 10:30:00-04:00,1.3220000267028809,1.36899995803833,1.3220000267028809,1.3450000286102295,6541,0.0,0.0
2023-03-31 12:30:00-04:00,1.3600000143051147,1.3799999952316284,1.340000033378601,1.3799999952316284,6777,0.0,0.0
2023-03-31 14:30:00-04:00,1.3600000143051147,1.3949999809265137,1.3600000143051147,1.3949999809265137,3070,0.0,0.0
2023-03-31 15:30:00-04:00,1.350000023841858,1.3600000143051147,1.3300000429153442,1.3300000429153442,3231,0.0,0.0
2023-04-03 09:30:00-04:00,1.2000000476837158,1.2200000286102295,1.149999976158142,1.1557999849319458,75594,0.0,0.0
2023-04-03 10:30:00-04:00,1.1799999475479126,1.190000057220459,1.1200000047683716,1.159999966621399,24412,0.0,0.0
2023-04-03 11:30:00-04:00,1.158400058746338,1.159999966621399,1.1200000047683716,1.149899959564209,9182,0.0,0.0
2023-04-03 12:30:00-04:00,1.159999966621399,1.159999966621399,1.1200000047683716,1.1598999500274658,11291,0.0,0.0
2023-04-03 13:30:00-04:00,1.1301000118255615,1.159999966621399,1.1200000047683716,1.159999966621399,34031,0.0,0.0
2023-04-03 14:30:00-04:00,1.149999976158142,1.1825000047683716,1.149999976158142,1.1799999475479126,4734,0.0,0.0
2023-04-03 15:30:00-04:00,1.1799999475479126,1.190000057220459,1.1621999740600586,1.190000057220459,7439,0.0,0.0
2023-04-04 09:30:00-04:00,1.1713999509811401,1.2300000190734863,1.1713999509811401,1.2200000286102295,8696,0.0,0.0
2023-04-04 10:30:00-04:00,1.1712000370025635,1.1999000310897827,1.1712000370025635,1.1985000371932983,5496,0.0,0.0
2023-04-04 11:30:00-04:00,1.1699999570846558,1.2100000381469727,1.1699999570846558,1.1699999570846558,2692,0.0,0.0
2023-04-04 12:30:00-04:00,1.1700999736785889,1.2164000272750854,1.1700999736785889,1.1872999668121338,996,0.0,0.0
2023-04-04 13:30:00-04:00,1.1799999475479126,1.1875,1.1799999475479126,1.1800999641418457,2607,0.0,0.0
2023-04-04 15:30:00-04:00,1.1799999475479126,1.1799999475479126,1.1649999618530273,1.1799999475479126,0,0.0,0.0
2023-04-05 09:30:00-04:00,1.1799999475479126,1.1885000467300415,1.160099983215332,1.1885000467300415,3885,0.0,0.0
2023-04-05 10:30:00-04:00,1.1699999570846558,1.1699999570846558,1.159999966621399,1.159999966621399,2211,0.0,0.0
2023-04-05 11:30:00-04:00,1.160099983215332,1.1649999618530273,1.1399999856948853,1.159999966621399,5726,0.0,0.0
2023-04-05 12:30:00-04:00,1.1741000413894653,1.1741000413894653,1.1399999856948853,1.1650999784469604,6930,0.0,0.0
2023-04-05 13:30:00-04:00,1.159999966621399,1.159999966621399,1.1299999952316284,1.1299999952316284,3000,0.0,0.0
2023-04-05 14:30:00-04:00,1.1299999952316284,1.1301000118255615,1.1299999952316284,1.1299999952316284,2877,0.0,0.0
2023-04-05 15:30:00-04:00,1.1449999809265137,1.159999966621399,1.1200000047683716,1.1200000047683716,0,0.0,0.0
2023-04-06 09:30:00-04:00,1.131700038909912,1.148300051689148,1.1100000143051147,1.148300051689148,1989,0.0,0.0
2023-04-06 10:30:00-04:00,1.1200000047683716,1.1200000047683716,1.1100000143051147,1.1100000143051147,1864,0.0,0.0
2023-04-06 11:30:00-04:00,1.1100000143051147,1.125,1.1100000143051147,1.125,2544,0.0,0.0
2023-04-06 12:30:00-04:00,1.135200023651123,1.135200023651123,1.1100000143051147,1.113800048828125,4606,0.0,0.0
2023-04-06 13:30:00-04:00,1.1100000143051147,1.1399999856948853,1.100000023841858,1.1061999797821045,4356,0.0,0.0
2023-04-06 14:30:00-04:00,1.1093000173568726,1.1093000173568726,1.1038999557495117,1.1038999557495117,564,0.0,0.0
2023-04-06 15:30:00-04:00,1.1054999828338623,1.1100000143051147,1.0800000429153442,1.0800000429153442,9103,0.0,0.0
2023-04-10 09:30:00-04:00,1.1100000143051147,1.149999976158142,1.100000023841858,1.100000023841858,3668,0.0,0.0
2023-04-10 10:30:00-04:00,1.1100000143051147,1.1100000143051147,1.070099949836731,1.0759999752044678,5548,0.0,0.0
2023-04-10 11:30:00-04:00,1.0996999740600586,1.0996999740600586,1.0755000114440918,1.0968999862670898,5402,0.0,0.0
2023-04-10 12:30:00-04:00,1.090000033378601,1.100000023841858,1.0800000429153442,1.100000023841858,5022,0.0,0.0
2023-04-10 13:30:00-04:00,1.0989999771118164,1.100000023841858,1.090000033378601,1.090000033378601,3104,0.0,0.0
2023-04-10 15:30:00-04:00,1.0987999439239502,1.100000023841858,1.090000033378601,1.100000023841858,0,0.0,0.0
2023-04-11 09:30:00-04:00,1.100000023841858,1.149999976158142,1.0950000286102295,1.1100000143051147,55492,0.0,0.0
2023-04-11 10:30:00-04:00,1.1100000143051147,1.1200000047683716,1.090000033378601,1.0989999771118164,4876,0.0,0.0
2023-04-11 11:30:00-04:00,1.100000023841858,1.100000023841858,1.0987999439239502,1.0999000072479248,5213,0.0,0.0
2023-04-11 12:30:00-04:00,1.0950000286102295,1.100000023841858,1.090000033378601,1.0988999605178833,1160,0.0,0.0
2023-04-11 13:30:00-04:00,1.0987999439239502,1.100000023841858,1.0987999439239502,1.0999000072479248,10354,0.0,0.0
2023-04-11 14:30:00-04:00,1.0950000286102295,1.0999000072479248,1.0950000286102295,1.0999000072479248,3230,0.0,0.0
2023-04-11 15:30:00-04:00,1.0999000072479248,1.100000023841858,1.0800000429153442,1.0800000429153442,0,0.0,0.0
2023-04-12 09:30:00-04:00,1.0700000524520874,1.139299988746643,1.0700000524520874,1.100000023841858,3737,0.0,0.0
2023-04-12 10:30:00-04:00,1.100000023841858,1.100000023841858,1.0800000429153442,1.0800000429153442,1656,0.0,0.0
2023-04-12 11:30:00-04:00,1.089900016784668,1.090000033378601,1.089900016784668,1.089900016784668,1198,0.0,0.0
2023-04-12 12:30:00-04:00,1.0709999799728394,1.0713000297546387,1.0709999799728394,1.0713000297546387,1281,0.0,0.0
2023-04-12 13:30:00-04:00,1.0801000595092773,1.090000033378601,1.0700000524520874,1.090000033378601,6017,0.0,0.0
2023-04-12 14:30:00-04:00,1.0813000202178955,1.090000033378601,1.059999942779541,1.0800000429153442,12425,0.0,0.0
2023-04-12 15:30:00-04:00,1.090000033378601,1.100000023841858,1.090000033378601,1.100000023841858,0,0.0,0.0
2023-04-13 09:30:00-04:00,1.100000023841858,1.1061999797821045,1.0700000524520874,1.0722999572753906,8618,0.0,0.0
2023-04-13 10:30:00-04:00,1.0999000072479248,1.100000023841858,1.0870000123977661,1.100000023841858,5797,0.0,0.0
2023-04-13 11:30:00-04:00,1.0820000171661377,1.100000023841858,1.0820000171661377,1.090000033378601,9666,0.0,0.0
2023-04-13 12:30:00-04:00,1.100000023841858,1.100000023841858,1.090000033378601,1.0999000072479248,9908,0.0,0.0
2023-04-13 13:30:00-04:00,1.090000033378601,1.100000023841858,1.090000033378601,1.100000023841858,3429,0.0,0.0
2023-04-13 14:30:00-04:00,1.100000023841858,1.1098999977111816,1.090000033378601,1.1098999977111816,3915,0.0,0.0
2023-04-13 15:30:00-04:00,1.090000033378601,1.100000023841858,1.0850000381469727,1.089900016784668,0,0.0,0.0
2023-04-14 09:30:00-04:00,1.059999942779541,1.1200000047683716,1.059999942779541,1.100000023841858,14733,0.0,0.0
2023-04-14 10:30:00-04:00,1.059999942779541,1.090000033378601,1.059999942779541,1.059999942779541,12340,0.0,0.0
2023-04-14 11:30:00-04:00,1.059999942779541,1.1100000143051147,1.059999942779541,1.059999942779541,47584,0.0,0.0
2023-04-14 12:30:00-04:00,1.0700000524520874,1.100000023841858,1.0399999618530273,1.100000023841858,33363,0.0,0.0
2023-04-14 13:30:00-04:00,1.100000023841858,1.100000023841858,1.0700000524520874,1.0700000524520874,12992,0.0,0.0
2023-04-14 14:30:00-04:00,1.0700000524520874,1.090000033378601,1.0499999523162842,1.0800000429153442,13585,0.0,0.0
2023-04-14 15:30:00-04:00,1.0800000429153442,1.0800000429153442,1.0499999523162842,1.07669997215271,5988,0.0,0.0
2023-04-17 09:30:00-04:00,1.1100000143051147,1.1298999786376953,1.0499999523162842,1.0954999923706055,48260,0.0,0.0
2023-04-17 10:30:00-04:00,1.100000023841858,1.1299999952316284,1.100000023841858,1.1150000095367432,27985,0.0,0.0
2023-04-17 11:30:00-04:00,1.100000023841858,1.1200000047683716,1.100000023841858,1.100000023841858,11140,0.0,0.0
2023-04-17 12:30:00-04:00,1.1019999980926514,1.1019999980926514,1.1019999980926514,1.1019999980926514,1142,0.0,0.0
2023-04-17 13:30:00-04:00,1.090000033378601,1.090000033378601,1.0850000381469727,1.0850000381469727,1536,0.0,0.0
2023-04-17 14:30:00-04:00,1.0800000429153442,1.1100000143051147,1.0800000429153442,1.090000033378601,19409,0.0,0.0
2023-04-17 15:30:00-04:00,1.100000023841858,1.1299999952316284,1.100000023841858,1.100000023841858,9964,0.0,0.0
2023-04-18 09:30:00-04:00,1.1100000143051147,1.1299999952316284,1.0700000524520874,1.1299999952316284,24561,0.0,0.0
2023-04-18 10:30:00-04:00,1.1299999952316284,1.1299999952316284,1.0800000429153442,1.1050000190734863,19587,0.0,0.0
2023-04-18 11:30:00-04:00,1.12909996509552,1.1399999856948853,1.100100040435791,1.113800048828125,14338,0.0,0.0
2023-04-18 12:30:00-04:00,1.1383999586105347,1.1383999586105347,1.1201000213623047,1.1299999952316284,4368,0.0,0.0
2023-04-18 13:30:00-04:00,1.125,1.1399999856948853,1.1126999855041504,1.125,2537,0.0,0.0
2023-04-18 14:30:00-04:00,1.1202000379562378,1.1202000379562378,1.1202000379562378,1.1202000379562378,140,0.0,0.0
2023-04-18 15:30:00-04:00,1.1399999856948853,1.1399999856948853,1.1399999856948853,1.1399999856948853,0,0.0,0.0
2023-04-19 09:30:00-04:00,1.1299999952316284,1.1299999952316284,1.1100000143051147,1.1100000143051147,7015,0.0,0.0
2023-04-19 10:30:00-04:00,1.1399999856948853,1.1399999856948853,1.1100000143051147,1.1100000143051147,17778,0.0,0.0
2023-04-19 11:30:00-04:00,1.149999976158142,1.149999976158142,1.1299999952316284,1.1299999952316284,9484,0.0,0.0
2023-04-19 12:30:00-04:00,1.149999976158142,1.159999966621399,1.1319999694824219,1.159500002861023,2367,0.0,0.0
2023-04-19 13:30:00-04:00,1.159999966621399,1.159999966621399,1.1399999856948853,1.1449999809265137,1465,0.0,0.0
2023-04-19 14:30:00-04:00,1.136199951171875,1.1597000360488892,1.1299999952316284,1.158400058746338,4411,0.0,0.0
2023-04-19 15:30:00-04:00,1.1449999809265137,1.1449999809265137,1.1299999952316284,1.1299999952316284,0,0.0,0.0
2023-04-20 09:30:00-04:00,1.1299999952316284,1.2949999570846558,1.1299999952316284,1.2100000381469727,58702,0.0,0.0
2023-04-20 10:30:00-04:00,1.2201000452041626,1.2400000095367432,1.2100000381469727,1.2400000095367432,7977,0.0,0.0
2023-04-20 11:30:00-04:00,1.200600028038025,1.2300000190734863,1.2000000476837158,1.2200000286102295,14735,0.0,0.0
2023-04-20 12:30:00-04:00,1.2300000190734863,1.25,1.2201000452041626,1.2400000095367432,8702,0.0,0.0
2023-04-20 13:30:00-04:00,1.2400000095367432,1.2599999904632568,1.215000033378601,1.2417000532150269,30373,0.0,0.0
2023-04-20 14:30:00-04:00,1.2698999643325806,1.340000033378601,1.1799999475479126,1.2795000076293945,100076,0.0,0.0
2023-04-20 15:30:00-04:00,1.2699999809265137,1.3799999952316284,1.2699999809265137,1.340000033378601,0,0.0,0.0
2023-04-21 09:30:00-04:00,1.3600000143051147,1.3600000143051147,1.25,1.2742999792099,32409,0.0,0.0
2023-04-21 10:30:00-04:00,1.3282999992370605,1.3282999992370605,1.2799999713897705,1.2999000549316406,7060,0.0,0.0
2023-04-21 11:30:00-04:00,1.2799999713897705,1.295699954032898,1.2300000190734863,1.2795000076293945,16108,0.0,0.0
2023-04-21 12:30:00-04:00,1.2400000095367432,1.25,1.2200000286102295,1.25,2923,0.0,0.0
2023-04-21 13:30:00-04:00,1.2400000095367432,1.2400000095367432,1.159999966621399,1.2000000476837158,60749,0.0,0.0
2023-04-21 14:30:00-04:00,1.1799999475479126,1.2618000507354736,1.179900050163269,1.25,11289,0.0,0.0
2023-04-21 15:30:00-04:00,1.2400000095367432,1.25,1.23989999294281,1.25,0,0.0,0.0
2023-04-24 09:30:00-04:00,1.190000057220459,1.2450000047683716,1.190000057220459,1.2300000190734863,0,0.0,0.0
2023-04-24 10:30:00-04:00,1.1823999881744385,1.2235000133514404,1.1299999952316284,1.2000999450683594,23748,0.0,0.0
2023-04-24 11:30:00-04:00,1.2000999450683594,1.2000999450683594,1.1713000535964966,1.1713000535964966,2907,0.0,0.0
2023-04-24 12:30:00-04:00,1.2000000476837158,1.2000000476837158,1.190000057220459,1.190000057220459,634,0.0,0.0
2023-04-24 13:30:00-04:00,1.190000057220459,1.2000000476837158,1.1799999475479126,1.1800999641418457,1840,0.0,0.0
2023-04-24 14:30:00-04:00,1.2007999420166016,1.2007999420166016,1.2000000476837158,1.2000000476837158,266,0.0,0.0
2023-04-24 15:30:00-04:00,1.2100000381469727,1.2100000381469727,1.2000000476837158,1.2000000476837158,0,0.0,0.0
2023-04-25 09:30:00-04:00,1.25,1.25,1.1799999475479126,1.2000999450683594,9636,0.0,0.0
2023-04-25 10:30:00-04:00,1.2200000286102295,1.2300000190734863,1.2000999450683594,1.2200000286102295,6813,0.0,0.0
2023-04-25 11:30:00-04:00,1.2100000381469727,1.2100000381469727,1.2072999477386475,1.2072999477386475,1420,0.0,0.0
2023-04-25 12:30:00-04:00,1.190000057220459,1.2200000286102295,1.190000057220459,1.2100000381469727,4594,0.0,0.0
2023-04-25 13:30:00-04:00,1.2200000286102295,1.2300000190734863,1.1800999641418457,1.2161999940872192,8173,0.0,0.0
2023-04-25 14:30:00-04:00,1.2289999723434448,1.2300000190734863,1.1799999475479126,1.2000000476837158,9727,0.0,0.0
2023-04-25 15:30:00-04:00,1.2000000476837158,1.2239999771118164,1.190000057220459,1.2200000286102295,0,0.0,0.0
2023-04-26 09:30:00-04:00,1.2400000095367432,1.2599999904632568,1.2100000381469727,1.2200000286102295,15419,0.0,0.0
2023-04-26 10:30:00-04:00,1.1615999937057495,1.1937999725341797,1.1299999952316284,1.1299999952316284,6285,0.0,0.0
2023-04-26 11:30:00-04:00,1.1699999570846558,1.2070000171661377,1.1693999767303467,1.2070000171661377,7674,0.0,0.0
2023-04-26 12:30:00-04:00,1.2072999477386475,1.2072999477386475,1.2050000429153442,1.205199956893921,1019,0.0,0.0
2023-04-26 13:30:00-04:00,1.2000000476837158,1.2200000286102295,1.2000000476837158,1.2000000476837158,1365,0.0,0.0
2023-04-26 14:30:00-04:00,1.2000000476837158,1.2258000373840332,1.2000000476837158,1.2151999473571777,1459,0.0,0.0
2023-04-26 15:30:00-04:00,1.2200000286102295,1.2470999956130981,1.2145999670028687,1.2200000286102295,0,0.0,0.0
2023-04-27 09:30:00-04:00,1.2300000190734863,1.267300009727478,1.2101000547409058,1.2300000190734863,5111,0.0,0.0
2023-04-27 10:30:00-04:00,1.1900999546051025,1.2411999702453613,1.1900999546051025,1.2411999702453613,12793,0.0,0.0
2023-04-27 11:30:00-04:00,1.2085000276565552,1.2085000276565552,1.2085000276565552,1.2085000276565552,163,0.0,0.0
2023-04-27 12:30:00-04:00,1.2000000476837158,1.2094999551773071,1.1799999475479126,1.2000000476837158,5489,0.0,0.0
2023-04-27 13:30:00-04:00,1.190000057220459,1.2096999883651733,1.190000057220459,1.2000000476837158,3996,0.0,0.0
2023-04-27 14:30:00-04:00,1.2099000215530396,1.2099000215530396,1.2000000476837158,1.2000000476837158,0,0.0,0.0
2023-04-28 09:30:00-04:00,1.2400000095367432,1.2400000095367432,1.2027000188827515,1.2200000286102295,5931,0.0,0.0
2023-04-28 10:30:00-04:00,1.225000023841858,1.2400000095367432,1.2127000093460083,1.2127000093460083,4486,0.0,0.0
2023-04-28 11:30:00-04:00,1.2359000444412231,1.2400000095367432,1.2100000381469727,1.225000023841858,3052,0.0,0.0
2023-04-28 12:30:00-04:00,1.2373000383377075,1.2373000383377075,1.2200000286102295,1.2200000286102295,1784,0.0,0.0
2023-04-28 13:30:00-04:00,1.23989999294281,1.2400000095367432,1.2000000476837158,1.2100000381469727,14249,0.0,0.0
2023-04-28 15:30:00-04:00,1.2194000482559204,1.2194000482559204,1.1699999570846558,1.1699999570846558,5265,0.0,0.0
2023-05-01 09:30:00-04:00,1.2799999713897705,1.2899999618530273,1.190000057220459,1.2200000286102295,44141,0.0,0.0
2023-05-01 10:30:00-04:00,1.2200000286102295,1.2419999837875366,1.2029999494552612,1.2029999494552612,5126,0.0,0.0
2023-05-01 11:30:00-04:00,1.2200000286102295,1.2200000286102295,1.2200000286102295,1.2200000286102295,2138,0.0,0.0
2023-05-01 12:30:00-04:00,1.2200000286102295,1.2200000286102295,1.2200000286102295,1.2200000286102295,513,0.0,0.0
2023-05-01 13:30:00-04:00,1.2200000286102295,1.2200000286102295,1.2050000429153442,1.2050000429153442,2039,0.0,0.0
2023-05-01 14:30:00-04:00,1.2100000381469727,1.2380000352859497,1.2100000381469727,1.2300000190734863,2945,0.0,0.0
2023-05-01 15:30:00-04:00,1.22160005569458,1.2237999439239502,1.2000000476837158,1.2100000381469727,0,0.0,0.0
2023-05-02 09:30:00-04:00,1.2400000095367432,1.2409000396728516,1.2000000476837158,1.2409000396728516,7129,0.0,0.0
2023-05-02 10:30:00-04:00,1.2100000381469727,1.2100000381469727,1.2100000381469727,1.2100000381469727,230,0.0,0.0
2023-05-02 11:30:00-04:00,1.2101000547409058,1.2101000547409058,1.2101000547409058,1.2101000547409058,247,0.0,0.0
2023-05-02 12:30:00-04:00,1.2300000190734863,1.2300000190734863,1.2100000381469727,1.2127000093460083,470,0.0,0.0
2023-05-02 13:30:00-04:00,1.2130000591278076,1.2395000457763672,1.2109999656677246,1.2109999656677246,3113,0.0,0.0
2023-05-02 14:30:00-04:00,1.2200000286102295,1.2300000190734863,1.2000000476837158,1.2300000190734863,14282,0.0,0.0
2023-05-02 15:30:00-04:00,1.2043999433517456,1.2400000095367432,1.2043999433517456,1.2300000190734863,9440,0.0,0.0
2023-05-03 09:30:00-04:00,1.2100000381469727,1.2100000381469727,1.2039999961853027,1.2039999961853027,3067,0.0,0.0
2023-05-03 11:30:00-04:00,1.2000999450683594,1.2388999462127686,1.1800999641418457,1.2388999462127686,13107,0.0,0.0
2023-05-03 12:30:00-04:00,1.2200000286102295,1.25,1.2200000286102295,1.25,610,0.0,0.0
2023-05-03 13:30:00-04:00,1.2200000286102295,1.25,1.2000000476837158,1.2300000190734863,2091,0.0,0.0
2023-05-03 14:30:00-04:00,1.2200000286102295,1.25,1.2200000286102295,1.23989999294281,3076,0.0,0.0
2023-05-03 15:30:00-04:00,1.2299000024795532,1.2299000024795532,1.2299000024795532,1.2299000024795532,0,0.0,0.0
2023-05-04 09:30:00-04:00,1.2100000381469727,1.2200000286102295,1.2029999494552612,1.2100000381469727,8618,0.0,0.0
2023-05-04 10:30:00-04:00,1.2093000411987305,1.2199000120162964,1.2000000476837158,1.2000000476837158,7927,0.0,0.0
2023-05-04 11:30:00-04:00,1.2000000476837158,1.2100000381469727,1.1699999570846558,1.2000000476837158,1753,0.0,0.0
2023-05-04 12:30:00-04:00,1.2100000381469727,1.2100000381469727,1.2099000215530396,1.2100000381469727,1716,0.0,0.0
2023-05-04 13:30:00-04:00,1.2200000286102295,1.2200000286102295,1.2158000469207764,1.2158000469207764,0,0.0,0.0
2023-05-05 09:30:00-04:00,1.2000000476837158,1.2000000476837158,1.1749999523162842,1.1829999685287476,20952,0.0,0.0
2023-05-05 10:30:00-04:00,1.190000057220459,1.2200000286102295,1.190000057220459,1.2200000286102295,8260,0.0,0.0
2023-05-05 11:30:00-04:00,1.2200000286102295,1.2295000553131104,1.2000000476837158,1.2000000476837158,3357,0.0,0.0
2023-05-05 12:30:00-04:00,1.2000000476837158,1.2000000476837158,1.2000000476837158,1.2000000476837158,234,0.0,0.0
2023-05-05 13:30:00-04:00,1.2027000188827515,1.2300000190734863,1.2027000188827515,1.2100000381469727,2121,0.0,0.0
2023-05-05 14:30:00-04:00,1.2100000381469727,1.2100000381469727,1.2100000381469727,1.2100000381469727,460,0.0,0.0
2023-05-08 09:30:00-04:00,1.1699999570846558,1.2000000476837158,1.1699999570846558,1.2000000476837158,3437,0.0,0.0
2023-05-08 10:30:00-04:00,1.1699999570846558,1.2000000476837158,1.1699999570846558,1.1699999570846558,941,0.0,0.0
2023-05-08 11:30:00-04:00,1.149999976158142,1.2199000120162964,1.1399999856948853,1.2199000120162964,20788,0.0,0.0
2023-05-08 12:30:00-04:00,1.159999966621399,1.2000000476837158,1.159999966621399,1.1799999475479126,1644,0.0,0.0
2023-05-08 13:30:00-04:00,1.2000000476837158,1.2598999738693237,1.1885000467300415,1.1885000467300415,2617,0.0,0.0
2023-05-08 14:30:00-04:00,1.190000057220459,1.1920000314712524,1.190000057220459,1.1920000314712524,0,0.0,0.0
2023-05-08 15:30:00-04:00,1.1699999570846558,1.1699999570846558,1.1699999570846558,1.1699999570846558,72,0.0,0.0
2023-05-09 09:30:00-04:00,1.2200000286102295,1.2200000286102295,1.1799999475479126,1.190000057220459,2182,0.0,0.0
2023-05-09 10:30:00-04:00,1.1699999570846558,1.2598999738693237,1.149999976158142,1.159999966621399,10456,0.0,0.0
2023-05-09 11:30:00-04:00,1.160099983215332,1.160099983215332,1.160099983215332,1.160099983215332,825,0.0,0.0
2023-05-09 12:30:00-04:00,1.1699999570846558,1.179900050163269,1.159999966621399,1.159999966621399,667,0.0,0.0
2023-05-09 13:30:00-04:00,1.1617000102996826,1.1617000102996826,1.1617000102996826,1.1617000102996826,847,0.0,0.0
2023-05-09 14:30:00-04:00,1.1698999404907227,1.1699999570846558,1.159999966621399,1.159999966621399,1270,0.0,0.0
2023-05-09 15:30:00-04:00,1.1698999404907227,1.1699999570846558,1.159999966621399,1.159999966621399,0,0.0,0.0
2023-05-10 09:30:00-04:00,1.100000023841858,1.350000023841858,1.100000023841858,1.2997000217437744,170291,0.0,0.0
2023-05-10 10:30:00-04:00,1.2400000095367432,1.2599999904632568,1.2000000476837158,1.2000000476837158,24831,0.0,0.0
2023-05-10 11:30:00-04:00,1.225000023841858,1.2476999759674072,1.2200000286102295,1.2200000286102295,3393,0.0,0.0
2023-05-10 12:30:00-04:00,1.2201999425888062,1.2699999809265137,1.190000057220459,1.2200000286102295,7965,0.0,0.0
2023-05-10 13:30:00-04:00,1.225000023841858,1.2269999980926514,1.2000000476837158,1.2000000476837158,7740,0.0,0.0
2023-05-10 14:30:00-04:00,1.2000999450683594,1.2050000429153442,1.1800999641418457,1.2008999586105347,5775,0.0,0.0
2023-05-10 15:30:00-04:00,1.2204999923706055,1.2204999923706055,1.1799999475479126,1.1799999475479126,1414,0.0,0.0
2023-05-11 09:30:00-04:00,1.2400000095367432,1.2400000095367432,1.155400037765503,1.159999966621399,8861,0.0,0.0
2023-05-11 10:30:00-04:00,1.1799999475479126,1.2000000476837158,1.1799999475479126,1.2000000476837158,1147,0.0,0.0
2023-05-11 11:30:00-04:00,1.1699999570846558,1.1699999570846558,1.1699999570846558,1.1699999570846558,205,0.0,0.0
2023-05-11 12:30:00-04:00,1.1749999523162842,1.2400000095367432,1.1749999523162842,1.2100000381469727,4660,0.0,0.0
2023-05-11 13:30:00-04:00,1.2043999433517456,1.2699999809265137,1.2043999433517456,1.2100000381469727,2098,0.0,0.0
2023-05-11 14:30:00-04:00,1.184999942779541,1.2051000595092773,1.1699999570846558,1.184999942779541,1315,0.0,0.0
2023-05-11 15:30:00-04:00,1.190000057220459,1.2200000286102295,1.190000057220459,1.2200000286102295,0,0.0,0.0
2023-05-12 09:30:00-04:00,1.159999966621399,1.1990000009536743,1.159999966621399,1.1990000009536743,568,0.0,0.0
2023-05-12 10:30:00-04:00,1.1799999475479126,1.25,1.1699999570846558,1.2000000476837158,3634,0.0,0.0
2023-05-12 11:30:00-04:00,1.215000033378601,1.2400000095367432,1.215000033378601,1.2400000095367432,311,0.0,0.0
2023-05-12 14:30:00-04:00,1.2000000476837158,1.2000000476837158,1.1943999528884888,1.2000000476837158,818,0.0,0.0
2023-05-12 15:30:00-04:00,1.2000000476837158,1.2000000476837158,1.2000000476837158,1.2000000476837158,646,0.0,0.0
2023-05-15 09:30:00-04:00,1.1799999475479126,1.190000057220459,1.1799999475479126,1.1800999641418457,824,0.0,0.0
2023-05-15 10:30:00-04:00,1.1823999881744385,1.1827000379562378,1.1799999475479126,1.1799999475479126,960,0.0,0.0
2023-05-15 11:30:00-04:00,1.1799999475479126,1.1999000310897827,1.1299999952316284,1.149999976158142,8684,0.0,0.0
2023-05-15 12:30:00-04:00,1.149999976158142,1.190000057220459,1.149999976158142,1.1830999851226807,407,0.0,0.0
2023-05-15 13:30:00-04:00,1.1799999475479126,1.1799999475479126,1.149999976158142,1.1699999570846558,414,0.0,0.0
2023-05-15 14:30:00-04:00,1.1699999570846558,1.2300000190734863,1.159999966621399,1.2300000190734863,11911,0.0,0.0
2023-05-15 15:30:00-04:00,1.2000000476837158,1.2300000190734863,1.2000000476837158,1.2300000190734863,10597,0.0,0.0
2023-05-16 09:30:00-04:00,1.2000000476837158,1.340000033378601,1.2000000476837158,1.2000000476837158,111873,0.0,0.0
2023-05-16 10:30:00-04:00,1.2400000095367432,1.3113000392913818,1.2000000476837158,1.3113000392913818,32142,0.0,0.0
2023-05-16 11:30:00-04:00,1.309999942779541,1.309999942779541,1.2000000476837158,1.2000000476837158,11209,0.0,0.0
2023-05-16 12:30:00-04:00,1.2300000190734863,1.2899999618530273,1.2300000190734863,1.2799999713897705,15420,0.0,0.0
2023-05-16 13:30:00-04:00,1.2699999809265137,1.2799999713897705,1.25,1.25,2159,0.0,0.0
2023-05-16 14:30:00-04:00,1.2899999618530273,1.2899999618530273,1.2599999904632568,1.2599999904632568,2884,0.0,0.0
2023-05-16 15:30:00-04:00,1.2699999809265137,1.2999999523162842,1.2699999809265137,1.2999999523162842,0,0.0,0.0
2023-05-17 09:30:00-04:00,1.2999999523162842,1.4600000381469727,1.2874000072479248,1.337499976158142,67544,0.0,0.0
2023-05-17 10:30:00-04:00,1.3056000471115112,1.3056000471115112,1.2610000371932983,1.2653000354766846,694,0.0,0.0
2023-05-17 11:30:00-04:00,1.2799999713897705,1.2899999618530273,1.2799999713897705,1.2892999649047852,1287,0.0,0.0
2023-05-17 12:30:00-04:00,1.2900999784469604,1.3499000072479248,1.2899999618530273,1.2999999523162842,8654,0.0,0.0
2023-05-17 13:30:00-04:00,1.2899999618530273,1.2899999618530273,1.2899999618530273,1.2899999618530273,107,0.0,0.0
2023-05-17 14:30:00-04:00,1.315000057220459,1.315000057220459,1.309999942779541,1.309999942779541,1725,0.0,0.0
2023-05-17 15:30:00-04:00,1.3199000358581543,1.3200000524520874,1.2999999523162842,1.2999999523162842,0,0.0,0.0
2023-05-18 09:30:00-04:00,1.2799999713897705,1.2799999713897705,1.2000000476837158,1.2649999856948853,11726,0.0,0.0
2023-05-18 10:30:00-04:00,1.2699999809265137,1.2899999618530273,1.2200000286102295,1.2899999618530273,9148,0.0,0.0
2023-05-18 11:30:00-04:00,1.2244999408721924,1.2999999523162842,1.2244999408721924,1.2599999904632568,6488,0.0,0.0
2023-05-18 12:30:00-04:00,1.2726999521255493,1.2726999521255493,1.2726999521255493,1.2726999521255493,1305,0.0,0.0
2023-05-18 13:30:00-04:00,1.2799999713897705,1.2799999713897705,1.2799999713897705,1.2799999713897705,455,0.0,0.0
2023-05-18 14:30:00-04:00,1.2899999618530273,1.2899999618530273,1.2899999618530273,1.2899999618530273,1077,0.0,0.0
2023-05-18 15:30:00-04:00,1.2899999618530273,1.309999942779541,1.2718000411987305,1.309999942779541,0,0.0,0.0
2023-05-19 09:30:00-04:00,1.340000033378601,1.340000033378601,1.2899999618530273,1.309999942779541,17759,0.0,0.0
2023-05-19 10:30:00-04:00,1.2699999809265137,1.3300000429153442,1.2437000274658203,1.3300000429153442,2225,0.0,0.0
2023-05-19 11:30:00-04:00,1.2999999523162842,1.2999999523162842,1.25,1.2699999809265137,1146,0.0,0.0
2023-05-19 12:30:00-04:00,1.2517000436782837,1.2517000436782837,1.2517000436782837,1.2517000436782837,808,0.0,0.0
2023-05-19 13:30:00-04:00,1.2422000169754028,1.25,1.2422000169754028,1.25,835,0.0,0.0
2023-05-19 14:30:00-04:00,1.2599999904632568,1.2599999904632568,1.2599999904632568,1.2599999904632568,1431,0.0,0.0
2023-05-19 15:30:00-04:00,1.25,1.253000020980835,1.2100000381469727,1.2300000190734863,0,0.0,0.0
2023-05-22 09:30:00-04:00,1.2899999618530273,1.2899999618530273,1.2300000190734863,1.2315000295639038,1397,0.0,0.0
2023-05-22 10:30:00-04:00,1.2029999494552612,1.2029999494552612,1.2029999494552612,1.2029999494552612,363,0.0,0.0
2023-05-22 11:30:00-04:00,1.2100000381469727,1.2200000286102295,1.2000000476837158,1.2000000476837158,9159,0.0,0.0
2023-05-22 12:30:00-04:00,1.2100000381469727,1.2100000381469727,1.2000000476837158,1.2100000381469727,2970,0.0,0.0
2023-05-22 13:30:00-04:00,1.2799999713897705,1.2799999713897705,1.2301000356674194,1.2315000295639038,3806,0.0,0.0
2023-05-22 14:30:00-04:00,1.2300000190734863,1.2300000190734863,1.2300000190734863,1.2300000190734863,569,0.0,0.0
2023-05-22 15:30:00-04:00,1.2350000143051147,1.2350000143051147,1.190000057220459,1.190000057220459,0,0.0,0.0
2023-05-23 09:30:00-04:00,1.2400000095367432,1.2419999837875366,1.2400000095367432,1.2419999837875366,1792,0.0,0.0
2023-05-23 10:30:00-04:00,1.2200000286102295,1.2389999628067017,1.2200000286102295,1.2300000190734863,2627,0.0,0.0
2023-05-23 11:30:00-04:00,1.2383999824523926,1.2400000095367432,1.2383999824523926,1.2400000095367432,881,0.0,0.0
2023-05-23 12:30:00-04:00,1.2201000452041626,1.2201000452041626,1.2200000286102295,1.2200000286102295,6970,0.0,0.0
2023-05-23 13:30:00-04:00,1.2000000476837158,1.2000000476837158,1.2000000476837158,1.2000000476837158,583,0.0,0.0
2023-05-23 14:30:00-04:00,1.2000000476837158,1.2391999959945679,1.2000000476837158,1.2000000476837158,2009,0.0,0.0
2023-05-23 15:30:00-04:00,1.2200000286102295,1.2400000095367432,1.2200000286102295,1.2400000095367432,0,0.0,0.0
2023-05-24 09:30:00-04:00,1.2699999809265137,1.2699999809265137,1.2200000286102295,1.2200000286102295,3443,0.0,0.0
2023-05-24 10:30:00-04:00,1.2698999643325806,1.2698999643325806,1.1868000030517578,1.2400000095367432,788,0.0,0.0
2023-05-24 11:30:00-04:00,1.1819000244140625,1.1819000244140625,1.1819000244140625,1.1819000244140625,676,0.0,0.0
2023-05-24 13:30:00-04:00,1.215000033378601,1.2300000190734863,1.2100000381469727,1.2300000190734863,1505,0.0,0.0
2023-05-24 15:30:00-04:00,1.1820000410079956,1.2395999431610107,1.1536999940872192,1.2100000381469727,0,0.0,0.0
2023-05-25 09:30:00-04:00,1.149999976158142,1.2100000381469727,1.149999976158142,1.1799999475479126,3393,0.0,0.0
2023-05-25 10:30:00-04:00,1.1799999475479126,1.1799999475479126,1.1799999475479126,1.1799999475479126,150,0.0,0.0
2023-05-25 11:30:00-04:00,1.1922999620437622,1.1922999620437622,1.1922999620437622,1.1922999620437622,146,0.0,0.0
2023-05-25 12:30:00-04:00,1.190000057220459,1.1950000524520874,1.190000057220459,1.1950000524520874,1573,0.0,0.0
2023-05-25 13:30:00-04:00,1.1950000524520874,1.1950000524520874,1.188099980354309,1.188099980354309,271,0.0,0.0
2023-05-25 14:30:00-04:00,1.2099000215530396,1.2099000215530396,1.1801999807357788,1.1913000345230103,2115,0.0,0.0
2023-05-25 15:30:00-04:00,1.1859999895095825,1.2182999849319458,1.1799999475479126,1.1799999475479126,19158,0.0,0.0
2023-05-26 09:30:00-04:00,1.1799999475479126,1.1799999475479126,1.1799999475479126,1.1799999475479126,3787,0.0,0.0
2023-05-26 10:30:00-04:00,1.1399999856948853,1.1399999856948853,1.1399999856948853,1.1399999856948853,1355,0.0,0.0
2023-05-26 12:30:00-04:00,1.149999976158142,1.1699999570846558,1.1410000324249268,1.1410000324249268,1477,0.0,0.0
2023-05-26 13:30:00-04:00,1.1749999523162842,1.1749999523162842,1.1749999523162842,1.1749999523162842,106,0.0,0.0
2023-05-26 14:30:00-04:00,1.1749999523162842,1.1749999523162842,1.1749999523162842,1.1749999523162842,575,0.0,0.0
2023-05-26 15:30:00-04:00,1.159999966621399,1.159999966621399,1.1502000093460083,1.1502000093460083,378,0.0,0.0
2023-05-30 09:30:00-04:00,1.1799999475479126,1.190000057220459,1.1399999856948853,1.1606999635696411,11838,0.0,0.0
2023-05-30 10:30:00-04:00,1.1598999500274658,1.190000057220459,1.1299999952316284,1.1884000301361084,7576,0.0,0.0
2023-05-30 11:30:00-04:00,1.149999976158142,1.149999976158142,1.149999976158142,1.149999976158142,0,0.0,0.0
2023-05-30 13:30:00-04:00,1.1799999475479126,1.1799999475479126,1.1699999570846558,1.1699999570846558,20928,0.0,0.0
2023-05-30 14:30:00-04:00,1.190000057220459,1.190000057220459,1.190000057220459,1.190000057220459,0,0.0,0.0
2023-05-30 15:30:00-04:00,1.190000057220459,1.190000057220459,1.1699999570846558,1.1699999570846558,23373,0.0,0.0
2023-05-31 09:30:00-04:00,1.2000000476837158,1.2200000286102295,1.1613999605178833,1.1613999605178833,3971,0.0,0.0
2023-05-31 10:30:00-04:00,1.159999966621399,1.2000000476837158,1.159999966621399,1.167199969291687,2111,0.0,0.0
2023-05-31 11:30:00-04:00,1.160099983215332,1.2000000476837158,1.160099983215332,1.2000000476837158,416,0.0,0.0
2023-05-31 12:30:00-04:00,1.2031999826431274,1.2031999826431274,1.159999966621399,1.1799999475479126,971,0.0,0.0
2023-05-31 14:30:00-04:00,1.1763999462127686,1.1763999462127686,1.1763999462127686,1.1763999462127686,339,0.0,0.0
2023-05-31 15:30:00-04:00,1.1699999570846558,1.1799999475479126,1.1299999952316284,1.1299999952316284,3704,0.0,0.0
2023-06-01 09:30:00-04:00,1.1699999570846558,1.1799999475479126,1.1299999952316284,1.1799999475479126,919,0.0,0.0
2023-06-01 10:30:00-04:00,1.1699999570846558,1.1699999570846558,1.1699999570846558,1.1699999570846558,3998,0.0,0.0
2023-06-01 11:30:00-04:00,1.1799999475479126,1.1799999475479126,1.1799999475479126,1.1799999475479126,123,0.0,0.0
2023-06-01 12:30:00-04:00,1.184999942779541,1.184999942779541,1.184999942779541,1.184999942779541,991,0.0,0.0
2023-06-01 14:30:00-04:00,1.1999000310897827,1.1999000310897827,1.1994999647140503,1.1999000310897827,4249,0.0,0.0
2023-06-01 15:30:00-04:00,1.2000000476837158,1.2000000476837158,1.2000000476837158,1.2000000476837158,492,0.0,0.0
2023-06-02 12:30:00-04:00,1.172700047492981,1.2400000095367432,1.1699999570846558,1.1699999570846558,7046,0.0,0.0
2023-06-02 13:30:00-04:00,1.2000000476837158,1.2000000476837158,1.2000000476837158,1.2000000476837158,202,0.0,0.0
2023-06-02 14:30:00-04:00,1.2000000476837158,1.2000000476837158,1.1799999475479126,1.1799999475479126,619,0.0,0.0
2023-06-02 15:30:00-04:00,1.1799999475479126,1.190000057220459,1.1699999570846558,1.190000057220459,4648,0.0,0.0
2023-06-05 09:30:00-04:00,1.164199948310852,1.1699999570846558,1.164199948310852,1.1699999570846558,5468,0.0,0.0
2023-06-05 10:30:00-04:00,1.190000057220459,1.190000057220459,1.1799999475479126,1.1799999475479126,1335,0.0,0.0
2023-06-05 12:30:00-04:00,1.215000033378601,1.215000033378601,1.2099000215530396,1.2099000215530396,1090,0.0,0.0
2023-06-05 13:30:00-04:00,1.2100000381469727,1.2100000381469727,1.2100000381469727,1.2100000381469727,440,0.0,0.0
2023-06-05 14:30:00-04:00,1.1955000162124634,1.1955000162124634,1.1953999996185303,1.1953999996185303,3548,0.0,0.0
2023-06-05 15:30:00-04:00,1.2000000476837158,1.2000000476837158,1.190000057220459,1.190000057220459,0,0.0,0.0
2023-06-06 09:30:00-04:00,1.2100000381469727,1.2200000286102295,1.1799999475479126,1.2000000476837158,4120,0.0,0.0
2023-06-06 10:30:00-04:00,1.190000057220459,1.190000057220459,1.1799999475479126,1.1799999475479126,2139,0.0,0.0
2023-06-06 11:30:00-04:00,1.1799999475479126,1.1950000524520874,1.1799999475479126,1.1950000524520874,675,0.0,0.0
2023-06-06 12:30:00-04:00,1.190000057220459,1.190000057220459,1.190000057220459,1.190000057220459,427,0.0,0.0
2023-06-06 13:30:00-04:00,1.2000000476837158,1.201200008392334,1.1592999696731567,1.1749999523162842,9711,0.0,0.0
2023-06-06 14:30:00-04:00,1.159999966621399,1.1799999475479126,1.159999966621399,1.1799999475479126,627,0.0,0.0
2023-06-06 15:30:00-04:00,1.1799999475479126,1.1799999475479126,1.1799999475479126,1.1799999475479126,0,0.0,0.0
2023-06-07 09:30:00-04:00,1.1714999675750732,1.2200000286102295,1.159999966621399,1.2199000120162964,3850,0.0,0.0
2023-06-07 10:30:00-04:00,1.2300000190734863,1.2400000095367432,1.214900016784668,1.214900016784668,2138,0.0,0.0
2023-06-07 11:30:00-04:00,1.190000057220459,1.190000057220459,1.190000057220459,1.190000057220459,805,0.0,0.0
2023-06-07 12:30:00-04:00,1.1900999546051025,1.1900999546051025,1.1900999546051025,1.1900999546051025,576,0.0,0.0
2023-06-07 13:30:00-04:00,1.2100000381469727,1.2200000286102295,1.2000000476837158,1.2066999673843384,5526,0.0,0.0
2023-06-07 14:30:00-04:00,1.215000033378601,1.219099998474121,1.2100000381469727,1.2100000381469727,2526,0.0,0.0
2023-06-07 15:30:00-04:00,1.2200000286102295,1.2200000286102295,1.2000000476837158,1.2100000381469727,0,0.0,0.0
2023-06-08 09:30:00-04:00,1.2050000429153442,1.2050000429153442,1.160099983215332,1.198099970817566,4514,0.0,0.0
2023-06-08 10:30:00-04:00,1.2000000476837158,1.2300000190734863,1.1900999546051025,1.229599952697754,9273,0.0,0.0
2023-06-08 11:30:00-04:00,1.2300000190734863,1.2799999713897705,1.1799999475479126,1.2300000190734863,9285,0.0,0.0
2023-06-08 12:30:00-04:00,1.2300000190734863,1.2301000356674194,1.2200000286102295,1.2200000286102295,3916,0.0,0.0
2023-06-08 13:30:00-04:00,1.231600046157837,1.25,1.2200000286102295,1.2201000452041626,3303,0.0,0.0
2023-06-08 14:30:00-04:00,1.2300000190734863,1.2300000190734863,1.2300000190734863,1.2300000190734863,245,0.0,0.0
2023-06-08 15:30:00-04:00,1.2699999809265137,1.2699999809265137,1.2300000190734863,1.2300000190734863,0,0.0,0.0
2023-06-09 09:30:00-04:00,1.2300000190734863,1.263800024986267,1.2200000286102295,1.263800024986267,8218,0.0,0.0
2023-06-09 10:30:00-04:00,1.2616000175476074,1.2616000175476074,1.2200000286102295,1.2200000286102295,2481,0.0,0.0
2023-06-09 11:30:00-04:00,1.2200000286102295,1.2699999809265137,1.2200000286102295,1.25,3923,0.0,0.0
2023-06-09 12:30:00-04:00,1.2200000286102295,1.2300000190734863,1.2200000286102295,1.2300000190734863,3531,0.0,0.0
2023-06-09 14:30:00-04:00,1.2200000286102295,1.2200000286102295,1.2027000188827515,1.207200050354004,2726,0.0,0.0
2023-06-09 15:30:00-04:00,1.2400000095367432,1.25,1.2200000286102295,1.2200000286102295,10627,0.0,0.0
2023-06-12 10:30:00-04:00,1.2372000217437744,1.2799999713897705,1.2372000217437744,1.2799999713897705,6350,0.0,0.0
2023-06-12 11:30:00-04:00,1.2300000190734863,1.2798000574111938,1.2300000190734863,1.2699999809265137,3350,0.0,0.0
2023-06-12 12:30:00-04:00,1.2799999713897705,1.2799999713897705,1.2300000190734863,1.2599999904632568,1978,0.0,0.0
2023-06-12 13:30:00-04:00,1.2599999904632568,1.3043999671936035,1.2400000095367432,1.2799999713897705,23922,0.0,0.0
2023-06-12 14:30:00-04:00,1.2448999881744385,1.350000023841858,1.2400000095367432,1.315500020980835,22769,0.0,0.0
2023-06-12 15:30:00-04:00,1.3049999475479126,1.3200000524520874,1.2599999904632568,1.2999999523162842,0,0.0,0.0
2023-06-13 09:30:00-04:00,1.2599999904632568,1.2657999992370605,1.2599999904632568,1.2657999992370605,4150,0.0,0.0
2023-06-13 10:30:00-04:00,1.2699999809265137,1.2699999809265137,1.25,1.2699999809265137,5941,0.0,0.0
2023-06-13 11:30:00-04:00,1.2503000497817993,1.2699999809265137,1.2503000497817993,1.260200023651123,1351,0.0,0.0
2023-06-13 12:30:00-04:00,1.2699999809265137,1.2699999809265137,1.2649999856948853,1.2699999809265137,15189,0.0,0.0
2023-06-13 13:30:00-04:00,1.2700999975204468,1.280400037765503,1.26010000705719,1.26010000705719,6601,0.0,0.0
2023-06-13 14:30:00-04:00,1.25,1.2710000276565552,1.25,1.2710000276565552,1387,0.0,0.0
2023-06-13 15:30:00-04:00,1.2697999477386475,1.2999999523162842,1.2599999904632568,1.2999999523162842,1755,0.0,0.0
2023-06-14 09:30:00-04:00,1.309999942779541,1.350000023841858,1.2599999904632568,1.2699999809265137,16027,0.0,0.0
2023-06-14 10:30:00-04:00,1.2799999713897705,1.2949999570846558,1.2599999904632568,1.2599999904632568,2865,0.0,0.0
2023-06-14 11:30:00-04:00,1.25,1.25,1.2000000476837158,1.2000000476837158,8881,0.0,0.0
2023-06-14 12:30:00-04:00,1.2100000381469727,1.2100000381469727,1.2000000476837158,1.2100000381469727,8451,0.0,0.0
2023-06-14 13:30:00-04:00,1.239799976348877,1.239799976348877,1.2100000381469727,1.2100000381469727,4108,0.0,0.0
2023-06-14 14:30:00-04:00,1.2300000190734863,1.23989999294281,1.2300000190734863,1.23989999294281,4677,0.0,0.0
2023-06-14 15:30:00-04:00,1.2400000095367432,1.2400000095367432,1.190000057220459,1.190000057220459,0,0.0,0.0
2023-06-15 09:30:00-04:00,1.2000000476837158,1.2588000297546387,1.1262999773025513,1.1699999570846558,26563,0.0,0.0
2023-06-15 10:30:00-04:00,1.1813000440597534,1.2000000476837158,1.1813000440597534,1.2000000476837158,803,0.0,0.0
2023-06-15 11:30:00-04:00,1.2226999998092651,1.2226999998092651,1.2226999998092651,1.2226999998092651,420,0.0,0.0
2023-06-15 12:30:00-04:00,1.1799999475479126,1.2000000476837158,1.1714999675750732,1.1714999675750732,4383,0.0,0.0
2023-06-15 13:30:00-04:00,1.2000000476837158,1.2100000381469727,1.159999966621399,1.159999966621399,12315,0.0,0.0
2023-06-15 14:30:00-04:00,1.159999966621399,1.1699999570846558,1.159999966621399,1.1699999570846558,827,0.0,0.0
2023-06-15 15:30:00-04:00,1.1699999570846558,1.1699999570846558,1.159999966621399,1.159999966621399,0,0.0,0.0
2023-06-16 09:30:00-04:00,1.1799999475479126,1.2100000381469727,1.159999966621399,1.2000000476837158,7421,0.0,0.0
2023-06-16 10:30:00-04:00,1.160599946975708,1.190000057220459,1.160599946975708,1.190000057220459,537,0.0,0.0
2023-06-16 11:30:00-04:00,1.1799999475479126,1.1799999475479126,1.1799999475479126,1.1799999475479126,930,0.0,0.0
2023-06-16 12:30:00-04:00,1.1950000524520874,1.1950000524520874,1.1799999475479126,1.1799999475479126,318,0.0,0.0
2023-06-16 13:30:00-04:00,1.1799999475479126,1.1799999475479126,1.159999966621399,1.159999966621399,1683,0.0,0.0
2023-06-16 14:30:00-04:00,1.1799999475479126,1.1799999475479126,1.149999976158142,1.149999976158142,4360,0.0,0.0
2023-06-16 15:30:00-04:00,1.1649999618530273,1.1649999618530273,1.1399999856948853,1.1399999856948853,2012,0.0,0.0
2023-06-20 09:30:00-04:00,1.149999976158142,1.190000057220459,1.149999976158142,1.160599946975708,4603,0.0,0.0
2023-06-20 10:30:00-04:00,1.1646000146865845,1.2200000286102295,1.1646000146865845,1.2200000286102295,7504,0.0,0.0
2023-06-20 11:30:00-04:00,1.2200000286102295,1.2400000095367432,1.2200000286102295,1.2400000095367432,918,0.0,0.0
2023-06-20 12:30:00-04:00,1.2299000024795532,1.25,1.215000033378601,1.2400000095367432,8198,0.0,0.0
2023-06-20 13:30:00-04:00,1.2799999713897705,1.2799999713897705,1.2015000581741333,1.2100000381469727,4378,0.0,0.0
2023-06-20 14:30:00-04:00,1.1699999570846558,1.2300000190734863,1.1699999570846558,1.2300000190734863,3561,0.0,0.0
2023-06-20 15:30:00-04:00,1.2300000190734863,1.2300000190734863,1.2000000476837158,1.2000000476837158,0,0.0,0.0
2023-06-21 09:30:00-04:00,1.2100000381469727,1.2222000360488892,1.149999976158142,1.1799999475479126,1493,0.0,0.0
2023-06-21 10:30:00-04:00,1.1507999897003174,1.2000000476837158,1.149999976158142,1.1526999473571777,11465,0.0,0.0
2023-06-21 11:30:00-04:00,1.1799999475479126,1.2000000476837158,1.159999966621399,1.1699999570846558,2807,0.0,0.0
2023-06-21 12:30:00-04:00,1.1799999475479126,1.183899998664856,1.1799999475479126,1.183899998664856,293,0.0,0.0
2023-06-21 13:30:00-04:00,1.184999942779541,1.184999942779541,1.184999942779541,1.184999942779541,419,0.0,0.0
2023-06-21 14:30:00-04:00,1.1700999736785889,1.1700999736785889,1.149999976158142,1.149999976158142,10435,0.0,0.0
2023-06-21 15:30:00-04:00,1.2000000476837158,1.2000000476837158,1.1699999570846558,1.1699999570846558,0,0.0,0.0
2023-06-22 09:30:00-04:00,1.2000000476837158,1.2000000476837158,1.1699999570846558,1.2000000476837158,4334,0.0,0.0
2023-06-22 10:30:00-04:00,1.2196999788284302,1.2196999788284302,1.184999942779541,1.2099000215530396,1970,0.0,0.0
2023-06-22 11:30:00-04:00,1.1847000122070312,1.1847000122070312,1.1847000122070312,1.1847000122070312,972,0.0,0.0
2023-06-22 12:30:00-04:00,1.2000000476837158,1.2100000381469727,1.1699999570846558,1.1699999570846558,2379,0.0,0.0
2023-06-22 13:30:00-04:00,1.2000000476837158,1.2000000476837158,1.1799999475479126,1.1799999475479126,3289,0.0,0.0
2023-06-22 14:30:00-04:00,1.1799999475479126,1.1799999475479126,1.1700999736785889,1.1700999736785889,549,0.0,0.0
2023-06-22 15:30:00-04:00,1.1829999685287476,1.190000057220459,1.1699999570846558,1.1799999475479126,1855,0.0,0.0
2023-06-23 09:30:00-04:00,1.1699999570846558,1.195099949836731,1.1648000478744507,1.1648000478744507,1284,0.0,0.0
2023-06-23 10:30:00-04:00,1.1799999475479126,1.2100000381469727,1.1799999475479126,1.2100000381469727,17823,0.0,0.0
2023-06-23 11:30:00-04:00,1.1926000118255615,1.2000000476837158,1.1799999475479126,1.1972999572753906,8520,0.0,0.0
2023-06-23 12:30:00-04:00,1.1799999475479126,1.2000000476837158,1.160099983215332,1.2000000476837158,2101,0.0,0.0
2023-06-23 13:30:00-04:00,1.190000057220459,1.190000057220459,1.190000057220459,1.190000057220459,346,0.0,0.0
2023-06-23 14:30:00-04:00,1.1699999570846558,1.1699999570846558,1.1648000478744507,1.1648000478744507,3187,0.0,0.0
2023-06-23 15:30:00-04:00,1.190000057220459,1.2100000381469727,1.159999966621399,1.159999966621399,2696,0.0,0.0
2023-06-26 09:30:00-04:00,1.2100000381469727,1.2100000381469727,1.2000000476837158,1.2100000381469727,1981,0.0,0.0
2023-06-26 10:30:00-04:00,1.2000000476837158,1.2000000476837158,1.2000000476837158,1.2000000476837158,400,0.0,0.0
2023-06-26 11:30:00-04:00,1.1799999475479126,1.1799999475479126,1.159999966621399,1.159999966621399,7591,0.0,0.0
2023-06-26 12:30:00-04:00,1.149999976158142,1.1699999570846558,1.1399999856948853,1.1549999713897705,5066,0.0,0.0
2023-06-26 13:30:00-04:00,1.1799999475479126,1.1799999475479126,1.1399999856948853,1.1399999856948853,6259,0.0,0.0
2023-06-26 15:30:00-04:00,1.159999966621399,1.2000000476837158,1.159999966621399,1.2000000476837158,0,0.0,0.0
2023-06-27 09:30:00-04:00,1.2000000476837158,1.2000000476837158,1.1862000226974487,1.1862000226974487,1225,0.0,0.0
2023-06-27 10:30:00-04:00,1.2100000381469727,1.2100000381469727,1.1715999841690063,1.1718000173568726,2074,0.0,0.0
2023-06-27 12:30:00-04:00,1.1799999475479126,1.2000000476837158,1.1699999570846558,1.1714999675750732,5779,0.0,0.0
2023-06-27 14:30:00-04:00,1.1799999475479126,1.1799999475479126,1.1699999570846558,1.1699999570846558,550,0.0,0.0
2023-06-27 15:30:00-04:00,1.1820000410079956,1.190000057220459,1.1699999570846558,1.190000057220459,0,0.0,0.0
2023-06-28 09:30:00-04:00,1.1749999523162842,1.1950000524520874,1.145799994468689,1.1950000524520874,9335,0.0,0.0
2023-06-28 11:30:00-04:00,1.149999976158142,1.1649999618530273,1.1399999856948853,1.1649999618530273,1797,0.0,0.0
2023-06-28 12:30:00-04:00,1.1825000047683716,1.1825000047683716,1.1825000047683716,1.1825000047683716,173,0.0,0.0
2023-06-28 13:30:00-04:00,1.1649999618530273,1.1649999618530273,1.1464999914169312,1.1511000394821167,1209,0.0,0.0
2023-06-28 15:30:00-04:00,1.1699999570846558,1.1699999570846558,1.1699999570846558,1.1699999570846558,0,0.0,0.0
2023-06-29 09:30:00-04:00,1.1649999618530273,1.1649999618530273,1.1649999618530273,1.1649999618530273,1329,0.0,0.0
2023-06-29 10:30:00-04:00,1.1699999570846558,1.2000000476837158,1.1699999570846558,1.195199966430664,4450,0.0,0.0
2023-06-29 11:30:00-04:00,1.1988999843597412,1.2000000476837158,1.190000057220459,1.2000000476837158,6426,0.0,0.0
2023-06-29 12:30:00-04:00,1.2000000476837158,1.2000000476837158,1.2000000476837158,1.2000000476837158,1575,0.0,0.0
2023-06-29 13:30:00-04:00,1.1799999475479126,1.184999942779541,1.1699999570846558,1.1699999570846558,1010,0.0,0.0
2023-06-29 14:30:00-04:00,1.1699999570846558,1.1799999475479126,1.1699999570846558,1.1799999475479126,400,0.0,0.0
2023-06-29 15:30:00-04:00,1.2000000476837158,1.2000000476837158,1.2000000476837158,1.2000000476837158,0,0.0,0.0
2023-06-30 09:30:00-04:00,1.2100000381469727,1.2599999904632568,1.2000000476837158,1.208799958229065,4996,0.0,0.0
2023-06-30 10:30:00-04:00,1.2000000476837158,1.2000000476837158,1.2000000476837158,1.2000000476837158,217,0.0,0.0
2023-06-30 11:30:00-04:00,1.193600058555603,1.2062000036239624,1.1842999458312988,1.1842999458312988,2103,0.0,0.0
2023-06-30 12:30:00-04:00,1.2000000476837158,1.2000000476837158,1.2000000476837158,1.2000000476837158,189,0.0,0.0
2023-06-30 13:30:00-04:00,1.2000000476837158,1.2100000381469727,1.2000000476837158,1.2100000381469727,1042,0.0,0.0
2023-06-30 14:30:00-04:00,1.2200000286102295,1.2200000286102295,1.2101000547409058,1.2101000547409058,405,0.0,0.0
2023-07-03 09:30:00-04:00,1.2200000286102295,1.2200000286102295,1.2100000381469727,1.2200000286102295,2421,0.0,0.0
2023-07-03 10:30:00-04:00,1.2351000308990479,1.2400000095367432,1.2100000381469727,1.2300000190734863,1832,0.0,0.0
2023-07-03 11:30:00-04:00,1.2400000095367432,1.2400000095367432,1.2400000095367432,1.2400000095367432,748,0.0,0.0
2023-07-05 09:30:00-04:00,1.2000000476837158,1.2000000476837158,1.1799999475479126,1.1800999641418457,7916,0.0,0.0
2023-07-05 10:30:00-04:00,1.2050000429153442,1.2050000429153442,1.2050000429153442,1.2050000429153442,313,0.0,0.0
2023-07-05 11:30:00-04:00,1.228600025177002,1.2300000190734863,1.226199984550476,1.226199984550476,1700,0.0,0.0
2023-07-05 12:30:00-04:00,1.2297999858856201,1.2297999858856201,1.2200000286102295,1.2200000286102295,233,0.0,0.0
2023-07-05 13:30:00-04:00,1.2200000286102295,1.2300000190734863,1.2200000286102295,1.2200000286102295,1321,0.0,0.0
2023-07-05 14:30:00-04:00,1.2299000024795532,1.2799999713897705,1.229699969291687,1.25,0,0.0,0.0
2023-07-06 09:30:00-04:00,1.190000057220459,1.190000057220459,1.159999966621399,1.1699999570846558,5445,0.0,0.0
2023-07-06 10:30:00-04:00,1.1999000310897827,1.200600028038025,1.1992000341415405,1.2000000476837158,3737,0.0,0.0
2023-07-06 11:30:00-04:00,1.2100000381469727,1.249899983406067,1.2099000215530396,1.2497999668121338,6739,0.0,0.0
2023-07-06 12:30:00-04:00,1.1900999546051025,1.2050000429153442,1.1900999546051025,1.2050000429153442,5034,0.0,0.0
2023-07-06 13:30:00-04:00,1.2200000286102295,1.2200000286102295,1.2100000381469727,1.2200000286102295,1924,0.0,0.0
2023-07-06 14:30:00-04:00,1.2300000190734863,1.2300000190734863,1.2300000190734863,1.2300000190734863,1627,0.0,0.0
2023-07-06 15:30:00-04:00,1.2200000286102295,1.2400000095367432,1.2200000286102295,1.2400000095367432,0,0.0,0.0
2023-07-07 09:30:00-04:00,1.2000000476837158,1.2200000286102295,1.2000000476837158,1.2200000286102295,1488,0.0,0.0
2023-07-07 12:30:00-04:00,1.2100000381469727,1.23989999294281,1.2100000381469727,1.2200000286102295,6890,0.0,0.0
2023-07-07 14:30:00-04:00,1.2200000286102295,1.2200000286102295,1.2200000286102295,1.2200000286102295,129,0.0,0.0
2023-07-07 15:30:00-04:00,1.2400000095367432,1.2400000095367432,1.2115000486373901,1.2300000190734863,5009,0.0,0.0
2023-07-10 09:30:00-04:00,1.2336000204086304,1.2400000095367432,1.208400011062622,1.2400000095367432,7035,0.0,0.0
2023-07-10 10:30:00-04:00,1.232699990272522,1.2400000095367432,1.2242000102996826,1.2300000190734863,855,0.0,0.0
2023-07-10 11:30:00-04:00,1.2200000286102295,1.2200000286102295,1.2200000286102295,1.2200000286102295,337,0.0,0.0
2023-07-10 12:30:00-04:00,1.2200000286102295,1.2200000286102295,1.1720000505447388,1.2050000429153442,4478,0.0,0.0
2023-07-10 13:30:00-04:00,1.2161999940872192,1.2200000286102295,1.2000000476837158,1.2000000476837158,338,0.0,0.0
2023-07-10 14:30:00-04:00,1.2289999723434448,1.2289999723434448,1.2100000381469727,1.2100000381469727,0,0.0,0.0
2023-07-11 09:30:00-04:00,1.2699999809265137,1.2699999809265137,1.190000057220459,1.190000057220459,2257,0.0,0.0
2023-07-11 10:30:00-04:00,1.2599999904632568,1.2599999904632568,1.2599999904632568,1.2599999904632568,111,0.0,0.0
2023-07-11 11:30:00-04:00,1.2301000356674194,1.25,1.2301000356674194,1.25,1468,0.0,0.0
2023-07-11 12:30:00-04:00,1.2599999904632568,1.2599999904632568,1.2440999746322632,1.2440999746322632,360,0.0,0.0
2023-07-11 14:30:00-04:00,1.2200000286102295,1.2200000286102295,1.2100000381469727,1.2100000381469727,10526,0.0,0.0
2023-07-11 15:30:00-04:00,1.2200000286102295,1.2200000286102295,1.1799999475479126,1.2050000429153442,0,0.0,0.0
2023-07-12 09:30:00-04:00,1.2200000286102295,1.2200000286102295,1.1799999475479126,1.1799999475479126,1388,0.0,0.0
2023-07-12 12:30:00-04:00,1.2101000547409058,1.2344000339508057,1.2100000381469727,1.211400032043457,3946,0.0,0.0
2023-07-12 14:30:00-04:00,1.2000000476837158,1.2000000476837158,1.1826000213623047,1.1826000213623047,1685,0.0,0.0
2023-07-12 15:30:00-04:00,1.2200000286102295,1.2400000095367432,1.2200000286102295,1.2400000095367432,684,0.0,0.0
2023-07-13 09:30:00-04:00,1.2000000476837158,1.2400000095367432,1.1901999711990356,1.2374000549316406,2412,0.0,0.0
2023-07-13 10:30:00-04:00,1.2000000476837158,1.2015999555587769,1.2000000476837158,1.2015999555587769,1033,0.0,0.0
2023-07-13 11:30:00-04:00,1.25,1.25,1.2045999765396118,1.2045999765396118,539,0.0,0.0
2023-07-13 12:30:00-04:00,1.2384999990463257,1.249899983406067,1.2384999990463257,1.249899983406067,1173,0.0,0.0
2023-07-13 13:30:00-04:00,1.2101000547409058,1.2101000547409058,1.2101000547409058,1.2101000547409058,2104,0.0,0.0
2023-07-13 14:30:00-04:00,1.2000000476837158,1.2000000476837158,1.2000000476837158,1.2000000476837158,2834,0.0,0.0
2023-07-13 15:30:00-04:00,1.2300000190734863,1.25,1.2300000190734863,1.25,0,0.0,0.0
2023-07-14 09:30:00-04:00,1.2300000190734863,1.2300000190734863,1.190000057220459,1.2177000045776367,4342,0.0,0.0
2023-07-14 10:30:00-04:00,1.2063000202178955,1.2063000202178955,1.1917999982833862,1.2000000476837158,2595,0.0,0.0
2023-07-14 11:30:00-04:00,1.2100000381469727,1.2300000190734863,1.190000057220459,1.1934000253677368,0,0.0,0.0
2023-07-14 12:30:00-04:00,1.2300000190734863,1.2300000190734863,1.2000000476837158,1.2000000476837158,13009,0.0,0.0
2023-07-14 13:30:00-04:00,1.2200000286102295,1.2200000286102295,1.2200000286102295,1.2200000286102295,564,0.0,0.0
2023-07-14 15:30:00-04:00,1.2101000547409058,1.2300000190734863,1.2101000547409058,1.2300000190734863,772,0.0,0.0
2023-07-17 09:30:00-04:00,1.2300000190734863,1.25,1.2200000286102295,1.2211999893188477,8683,0.0,0.0
2023-07-17 10:30:00-04:00,1.2396999597549438,1.2396999597549438,1.2396999597549438,1.2396999597549438,817,0.0,0.0
2023-07-17 11:30:00-04:00,1.23989999294281,1.2599999904632568,1.23989999294281,1.2599999904632568,19976,0.0,0.0
2023-07-17 12:30:00-04:00,1.2599999904632568,1.3300000429153442,1.2598999738693237,1.3300000429153442,18845,0.0,0.0
2023-07-17 13:30:00-04:00,1.3200000524520874,1.3200000524520874,1.2000000476837158,1.2991000413894653,53255,0.0,0.0
2023-07-17 14:30:00-04:00,1.25,1.2899999618530273,1.25,1.2899999618530273,579,0.0,0.0
2023-07-17 15:30:00-04:00,1.2838000059127808,1.2999999523162842,1.2699999809265137,1.2799999713897705,0,0.0,0.0
2023-07-18 09:30:00-04:00,1.25,1.284999966621399,1.25,1.26010000705719,1513,0.0,0.0
2023-07-18 10:30:00-04:00,1.309999942779541,1.309999942779541,1.309999942779541,1.309999942779541,146,0.0,0.0
2023-07-18 11:30:00-04:00,1.2799999713897705,1.3099000453948975,1.2799999713897705,1.2799999713897705,542,0.0,0.0
2023-07-18 12:30:00-04:00,1.2599999904632568,1.2599999904632568,1.25,1.25,11762,0.0,0.0
2023-07-18 13:30:00-04:00,1.2350000143051147,1.2350000143051147,1.2350000143051147,1.2350000143051147,446,0.0,0.0
2023-07-18 14:30:00-04:00,1.2350000143051147,1.2350000143051147,1.190000057220459,1.2331000566482544,2207,0.0,0.0
2023-07-18 15:30:00-04:00,1.2200000286102295,1.26010000705719,1.2200000286102295,1.2300000190734863,0,0.0,0.0
2023-07-19 09:30:00-04:00,1.2599999904632568,1.2599999904632568,1.2400000095367432,1.2400000095367432,541,0.0,0.0
2023-07-19 11:30:00-04:00,1.2379000186920166,1.25,1.2239999771118164,1.2239999771118164,1236,0.0,0.0
2023-07-19 12:30:00-04:00,1.2300000190734863,1.2300000190734863,1.2100000381469727,1.2100000381469727,628,0.0,0.0
2023-07-19 13:30:00-04:00,1.243899941444397,1.243899941444397,1.243899941444397,1.243899941444397,150,0.0,0.0
2023-07-19 14:30:00-04:00,1.2200000286102295,1.2599999904632568,1.1921000480651855,1.2400000095367432,16352,0.0,0.0
2023-07-19 15:30:00-04:00,1.25,1.25,1.2301000356674194,1.230299949645996,0,0.0,0.0
2023-07-20 10:30:00-04:00,1.2698999643325806,1.2699999809265137,1.2633999586105347,1.2633999586105347,998,0.0,0.0
2023-07-20 11:30:00-04:00,1.2561999559402466,1.256500005722046,1.2561999559402466,1.256500005722046,1035,0.0,0.0
2023-07-20 12:30:00-04:00,1.25,1.25,1.2300000190734863,1.2400000095367432,1588,0.0,0.0
2023-07-20 13:30:00-04:00,1.2450000047683716,1.2450000047683716,1.2400000095367432,1.2400000095367432,480,0.0,0.0
2023-07-20 14:30:00-04:00,1.2300000190734863,1.2300000190734863,1.2300000190734863,1.2300000190734863,724,0.0,0.0
2023-07-20 15:30:00-04:00,1.2400000095367432,1.2400000095367432,1.2100000381469727,1.2200000286102295,0,0.0,0.0
2023-07-21 09:30:00-04:00,1.25,1.25,1.190000057220459,1.2000000476837158,5701,0.0,0.0
2023-07-21 11:30:00-04:00,1.2200000286102295,1.2200000286102295,1.2000000476837158,1.2001999616622925,3458,0.0,0.0
2023-07-21 12:30:00-04:00,1.2000000476837158,1.2200000286102295,1.2000000476837158,1.2200000286102295,917,0.0,0.0
2023-07-21 14:30:00-04:00,1.2000000476837158,1.2200000286102295,1.2000000476837158,1.2200000286102295,680,0.0,0.0
2023-07-21 15:30:00-04:00,1.2000000476837158,1.2000000476837158,1.2000000476837158,1.2000000476837158,259,0.0,0.0
2023-07-24 09:30:00-04:00,1.2300000190734863,1.2300000190734863,1.2045999765396118,1.2045999765396118,1654,0.0,0.0
2023-07-24 10:30:00-04:00,1.2200000286102295,1.2200000286102295,1.2187000513076782,1.2187000513076782,469,0.0,0.0
2023-07-24 11:30:00-04:00,1.2200000286102295,1.2300000190734863,1.2101000547409058,1.2101000547409058,2511,0.0,0.0
2023-07-24 12:30:00-04:00,1.2209999561309814,1.2209999561309814,1.2100000381469727,1.2100000381469727,1730,0.0,0.0
2023-07-24 13:30:00-04:00,1.2100000381469727,1.2300000190734863,1.2000000476837158,1.2300000190734863,2881,0.0,0.0
2023-07-24 15:30:00-04:00,1.2100000381469727,1.2200000286102295,1.2100000381469727,1.2200000286102295,0,0.0,0.0
2023-07-25 09:30:00-04:00,1.2000000476837158,1.2000000476837158,1.2000000476837158,1.2000000476837158,513,0.0,0.0
2023-07-25 10:30:00-04:00,1.2200000286102295,1.2355999946594238,1.1799999475479126,1.20169997215271,7160,0.0,0.0
2023-07-25 11:30:00-04:00,1.239300012588501,1.239300012588501,1.239300012588501,1.239300012588501,293,0.0,0.0
2023-07-25 12:30:00-04:00,1.1799999475479126,1.2100000381469727,1.1799999475479126,1.2100000381469727,309,0.0,0.0
2023-07-25 13:30:00-04:00,1.2200000286102295,1.2200000286102295,1.2200000286102295,1.2200000286102295,109,0.0,0.0
2023-07-25 14:30:00-04:00,1.1799999475479126,1.1799999475479126,1.1799999475479126,1.1799999475479126,2247,0.0,0.0
2023-07-25 15:30:00-04:00,1.2080999612808228,1.2080999612808228,1.1914000511169434,1.1914000511169434,501,0.0,0.0
2023-07-26 09:30:00-04:00,1.2100000381469727,1.2100000381469727,1.190000057220459,1.190000057220459,554,0.0,0.0
2023-07-26 10:30:00-04:00,1.1720000505447388,1.190500020980835,1.1700999736785889,1.1799999475479126,11490,0.0,0.0
2023-07-26 11:30:00-04:00,1.1714999675750732,1.1899000406265259,1.149999976158142,1.1899000406265259,8854,0.0,0.0
2023-07-26 12:30:00-04:00,1.1984000205993652,1.1984000205993652,1.159999966621399,1.1799999475479126,1144,0.0,0.0
2023-07-26 13:30:00-04:00,1.159999966621399,1.1818000078201294,1.1200000047683716,1.1399999856948853,27003,0.0,0.0
2023-07-26 14:30:00-04:00,1.138800024986267,1.149999976158142,1.1200000047683716,1.149999976158142,3213,0.0,0.0
2023-07-26 15:30:00-04:00,1.1299999952316284,1.1299999952316284,1.1200000047683716,1.1200000047683716,0,0.0,0.0
2023-07-27 09:30:00-04:00,1.159999966621399,1.159999966621399,1.1299999952316284,1.1299999952316284,1201,0.0,0.0
2023-07-27 11:30:00-04:00,1.1299999952316284,1.159999966621399,1.1299999952316284,1.159999966621399,803,0.0,0.0
2023-07-27 12:30:00-04:00,1.1399999856948853,1.149999976158142,1.1299999952316284,1.149999976158142,1306,0.0,0.0
2023-07-27 14:30:00-04:00,1.1299999952316284,1.1299999952316284,1.1002000570297241,1.1002999544143677,3028,0.0,0.0
2023-07-27 15:30:00-04:00,1.100000023841858,1.1100000143051147,1.0700000524520874,1.1100000143051147,0,0.0,0.0
2023-07-28 09:30:00-04:00,1.1175999641418457,1.149999976158142,1.1100000143051147,1.1100000143051147,4670,0.0,0.0
2023-07-28 10:30:00-04:00,1.1240999698638916,1.1240999698638916,1.1200000047683716,1.1200000047683716,1282,0.0,0.0
2023-07-28 11:30:00-04:00,1.1299999952316284,1.1490000486373901,1.1200000047683716,1.1399999856948853,16785,0.0,0.0
2023-07-28 12:30:00-04:00,1.1299999952316284,1.1299999952316284,1.1299999952316284,1.1299999952316284,364,0.0,0.0
2023-07-28 15:30:00-04:00,1.1399999856948853,1.159999966621399,1.1100000143051147,1.1100000143051147,18722,0.0,0.0
2023-07-31 09:30:00-04:00,1.1100000143051147,1.1100000143051147,1.1100000143051147,1.1100000143051147,358,0.0,0.0
2023-07-31 10:30:00-04:00,1.1656999588012695,1.1656999588012695,1.1200000047683716,1.128100037574768,712,0.0,0.0
2023-07-31 11:30:00-04:00,1.1675000190734863,1.1675000190734863,1.1299999952316284,1.1299999952316284,1824,0.0,0.0
2023-07-31 12:30:00-04:00,1.1299999952316284,1.1299999952316284,1.1100000143051147,1.1100000143051147,3577,0.0,0.0
2023-07-31 13:30:00-04:00,1.1100000143051147,1.149999976158142,1.1100000143051147,1.149999976158142,8999,0.0,0.0
2023-07-31 14:30:00-04:00,1.1200000047683716,1.13100004196167,1.1200000047683716,1.1200000047683716,3609,0.0,0.0
2023-08-01 09:30:00-04:00,1.159999966621399,1.159999966621399,1.100000023841858,1.100000023841858,17204,0.0,0.0
2023-08-01 10:30:00-04:00,1.1399999856948853,1.1399999856948853,1.1200000047683716,1.1200000047683716,455,0.0,0.0
2023-08-01 11:30:00-04:00,1.1299999952316284,1.1299999952316284,1.1200000047683716,1.1200000047683716,655,0.0,0.0
2023-08-01 13:30:00-04:00,1.1399999856948853,1.149999976158142,1.1399999856948853,1.1449999809265137,2300,0.0,0.0
2023-08-01 14:30:00-04:00,1.1299999952316284,1.1299999952316284,1.1200000047683716,1.1237000226974487,0,0.0,0.0
2023-08-01 15:30:00-04:00,1.1216000318527222,1.1216000318527222,1.1200000047683716,1.1200000047683716,964,0.0,0.0
2023-08-02 10:30:00-04:00,1.1299999952316284,1.1299999952316284,1.100000023841858,1.100100040435791,6753,0.0,0.0
2023-08-02 11:30:00-04:00,1.100000023841858,1.1098999977111816,1.0800000429153442,1.0800000429153442,6649,0.0,0.0
2023-08-02 12:30:00-04:00,1.0850000381469727,1.0857000350952148,1.0707000494003296,1.0793999433517456,4520,0.0,0.0
2023-08-02 13:30:00-04:00,1.0700000524520874,1.0800000429153442,1.0700000524520874,1.0700000524520874,3007,0.0,0.0
2023-08-02 14:30:00-04:00,1.0800000429153442,1.0800000429153442,1.0788999795913696,1.0788999795913696,860,0.0,0.0
2023-08-02 15:30:00-04:00,1.0781999826431274,1.0781999826431274,1.0781999826431274,1.0781999826431274,100,0.0,0.0
2023-08-03 09:30:00-04:00,1.100000023841858,1.100000023841858,1.0700000524520874,1.090000033378601,6144,0.0,0.0
2023-08-03 10:30:00-04:00,1.0800000429153442,1.09089994430542,1.0720000267028809,1.0850000381469727,4839,0.0,0.0
2023-08-03 11:30:00-04:00,1.0980000495910645,1.0980000495910645,1.0700000524520874,1.0700000524520874,541,0.0,0.0
2023-08-03 12:30:00-04:00,1.0700000524520874,1.0850000381469727,1.0700000524520874,1.083799958229065,1972,0.0,0.0
2023-08-03 13:30:00-04:00,1.0700000524520874,1.0800000429153442,1.0499999523162842,1.0499999523162842,16755,0.0,0.0
2023-08-03 14:30:00-04:00,1.0769000053405762,1.0769000053405762,1.0769000053405762,1.0769000053405762,0,0.0,0.0
2023-08-04 09:30:00-04:00,1.0700000524520874,1.0700000524520874,1.0399999618530273,1.0570000410079956,2961,0.0,0.0
2023-08-04 10:30:00-04:00,1.0399999618530273,1.0499999523162842,1.0399999618530273,1.04830002784729,1970,0.0,0.0
2023-08-04 11:30:00-04:00,1.0299999713897705,1.0700000524520874,1.0299999713897705,1.0700000524520874,4497,0.0,0.0
2023-08-04 12:30:00-04:00,1.0494999885559082,1.0700000524520874,1.0494999885559082,1.0700000524520874,1594,0.0,0.0
2023-08-04 13:30:00-04:00,1.059999942779541,1.0600999593734741,1.0499999523162842,1.0600999593734741,2124,0.0,0.0
2023-08-04 14:30:00-04:00,1.0299999713897705,1.0299999713897705,1.0299999713897705,1.0299999713897705,2112,0.0,0.0
2023-08-04 15:30:00-04:00,1.034999966621399,1.034999966621399,1.034999966621399,1.034999966621399,356,0.0,0.0
2023-08-07 09:30:00-04:00,1.0700000524520874,1.0700000524520874,1.0299999713897705,1.0497000217437744,8975,0.0,0.0
2023-08-07 11:30:00-04:00,1.0472999811172485,1.0499999523162842,1.0298999547958374,1.0298999547958374,3844,0.0,0.0
2023-08-07 12:30:00-04:00,1.0200999975204468,1.0499999523162842,1.0,1.024999976158142,23823,0.0,0.0
2023-08-07 13:30:00-04:00,1.0399999618530273,1.100000023841858,1.034999966621399,1.0650999546051025,18810,0.0,0.0
2023-08-07 14:30:00-04:00,1.059999942779541,1.0753999948501587,1.059999942779541,1.0753999948501587,1458,0.0,0.0
2023-08-07 15:30:00-04:00,1.0549999475479126,1.0700000524520874,1.0549999475479126,1.0700000524520874,0,0.0,0.0
2023-08-08 09:30:00-04:00,1.0499999523162842,1.0499999523162842,1.0199999809265137,1.0312999486923218,3481,0.0,0.0
2023-08-08 10:30:00-04:00,1.034999966621399,1.034999966621399,1.0199999809265137,1.0199999809265137,4660,0.0,0.0
2023-08-08 11:30:00-04:00,1.0184999704360962,1.0184999704360962,1.0104999542236328,1.0104999542236328,265,0.0,0.0
2023-08-08 12:30:00-04:00,1.0188000202178955,1.0199999809265137,1.0149999856948853,1.0199999809265137,659,0.0,0.0
2023-08-08 13:30:00-04:00,1.0149999856948853,1.0199999809265137,1.0099999904632568,1.013700008392334,2487,0.0,0.0
2023-08-08 14:30:00-04:00,1.0199999809265137,1.0199999809265137,1.0134999752044678,1.0134999752044678,732,0.0,0.0
2023-08-08 15:30:00-04:00,1.018399953842163,1.0199999809265137,1.017300009727478,1.0199999809265137,0,0.0,0.0
2023-08-09 09:30:00-04:00,1.0499999523162842,1.0499999523162842,1.0,1.0099999904632568,13799,0.0,0.0
2023-08-09 10:30:00-04:00,1.0,1.0,0.8901000022888184,0.9000999927520752,120219,0.0,0.0
2023-08-09 11:30:00-04:00,0.9349499940872192,0.9674000144004822,0.9004999995231628,0.9252510070800781,12046,0.0,0.0
2023-08-09 12:30:00-04:00,0.9200000166893005,0.9498999714851379,0.8999999761581421,0.910099983215332,15947,0.0,0.0
2023-08-09 13:30:00-04:00,0.9100000262260437,0.9299499988555908,0.891700029373169,0.8948000073432922,17135,0.0,0.0
2023-08-09 14:30:00-04:00,0.891700029373169,0.9300000071525574,0.8700000047683716,0.8957499861717224,7584,0.0,0.0
2023-08-09 15:30:00-04:00,0.8999999761581421,0.9099000096321106,0.8700000047683716,0.8700000047683716,26015,0.0,0.0
2023-08-10 09:30:00-04:00,0.843500018119812,0.9031000137329102,0.6204000115394592,0.7699000239372253,117130,0.0,0.0
2023-08-10 10:30:00-04:00,0.7300000190734863,0.7660999894142151,0.7200000286102295,0.7660999894142151,9008,0.0,0.0
2023-08-10 11:30:00-04:00,0.7599999904632568,0.7699999809265137,0.7501000165939331,0.7675999999046326,2754,0.0,0.0
2023-08-10 12:30:00-04:00,0.7699999809265137,0.7699999809265137,0.7599989771842957,0.7599989771842957,2032,0.0,0.0
2023-08-10 13:30:00-04:00,0.7699999809265137,0.7699999809265137,0.7549999952316284,0.7551000118255615,2800,0.0,0.0
2023-08-10 14:30:00-04:00,0.7551000118255615,0.8019999861717224,0.7549999952316284,0.8019999861717224,6269,0.0,0.0
2023-08-10 15:30:00-04:00,0.7784990072250366,0.8009999990463257,0.7784990072250366,0.7799999713897705,0,0.0,0.0
2023-08-11 09:30:00-04:00,0.7599999904632568,0.7875000238418579,0.7200000286102295,0.7200999855995178,4399,0.0,0.0
2023-08-11 10:30:00-04:00,0.7911999821662903,0.7911999821662903,0.7311040163040161,0.7311040163040161,396,0.0,0.0
2023-08-11 11:30:00-04:00,0.7311999797821045,0.7311999797821045,0.7311000227928162,0.7311000227928162,360,0.0,0.0
2023-08-11 12:30:00-04:00,0.7311000227928162,0.75,0.7099999785423279,0.7099999785423279,17263,0.0,0.0
2023-08-11 13:30:00-04:00,0.7071999907493591,0.7102000117301941,0.6899999976158142,0.7026000022888184,9866,0.0,0.0
2023-08-11 14:30:00-04:00,0.7026000022888184,0.7382000088691711,0.7022010087966919,0.7027000188827515,3536,0.0,0.0
2023-08-11 15:30:00-04:00,0.75,0.7687000036239624,0.699999988079071,0.699999988079071,6001,0.0,0.0
2023-08-14 09:30:00-04:00,0.7060440182685852,0.722599983215332,0.7002999782562256,0.7200000286102295,1530,0.0,0.0
2023-08-14 10:30:00-04:00,0.7300000190734863,0.7390000224113464,0.7099999785423279,0.7299000024795532,2975,0.0,0.0
2023-08-14 11:30:00-04:00,0.7398999929428101,0.7847999930381775,0.7398999929428101,0.779899001121521,770,0.0,0.0
2023-08-14 12:30:00-04:00,0.7301999926567078,0.7542510032653809,0.7301999926567078,0.7542510032653809,640,0.0,0.0
2023-08-14 13:30:00-04:00,0.75,0.7501999735832214,0.75,0.7501999735832214,2385,0.0,0.0
2023-08-14 14:30:00-04:00,0.75,0.75,0.7307000160217285,0.7322999835014343,6426,0.0,0.0
2023-08-14 15:30:00-04:00,0.765999972820282,0.7710999846458435,0.7322999835014343,0.7322999835014343,0,0.0,0.0
2023-08-15 09:30:00-04:00,0.7103000283241272,0.7733309864997864,0.7103000283241272,0.7558010220527649,6764,0.0,0.0
2023-08-15 11:30:00-04:00,0.7699999809265137,0.7699999809265137,0.7599999904632568,0.7599999904632568,697,0.0,0.0
2023-08-15 12:30:00-04:00,0.7678999900817871,0.7678999900817871,0.7116000056266785,0.7116000056266785,2506,0.0,0.0
2023-08-15 13:30:00-04:00,0.7498999834060669,0.75,0.7498999834060669,0.7498999834060669,1906,0.0,0.0
2023-08-15 15:30:00-04:00,0.7452999949455261,0.75,0.7206000089645386,0.7206000089645386,0,0.0,0.0
2023-08-16 09:30:00-04:00,0.7419999837875366,0.7919999957084656,0.7419999837875366,0.770048975944519,1406,0.0,0.0
2023-08-16 10:30:00-04:00,0.75,0.75,0.75,0.75,1093,0.0,0.0
2023-08-16 11:30:00-04:00,0.7350010275840759,0.7498990297317505,0.7350010275840759,0.7494000196456909,551,0.0,0.0
2023-08-16 12:30:00-04:00,0.7494000196456909,0.7494000196456909,0.7494000196456909,0.7494000196456909,716,0.0,0.0
2023-08-16 15:30:00-04:00,0.7599999904632568,0.7599999904632568,0.7501000165939331,0.7501000165939331,0,0.0,0.0
2023-08-17 09:30:00-04:00,0.7799999713897705,0.7857649922370911,0.749750018119812,0.760001003742218,2537,0.0,0.0
2023-08-17 10:30:00-04:00,0.7799999713897705,0.7799999713897705,0.7601000070571899,0.7732999920845032,1842,0.0,0.0
2023-08-17 11:30:00-04:00,0.7732999920845032,0.796999990940094,0.75,0.7785990238189697,18044,0.0,0.0
2023-08-17 12:30:00-04:00,0.7960000038146973,0.7960000038146973,0.7960000038146973,0.7960000038146973,142,0.0,0.0
2023-08-17 13:30:00-04:00,0.7950000166893005,0.796999990940094,0.7652000188827515,0.7799999713897705,3547,0.0,0.0
2023-08-17 14:30:00-04:00,0.7906190156936646,0.796999990940094,0.781000018119812,0.796999990940094,7588,0.0,0.0
2023-08-17 15:30:00-04:00,0.796999990940094,0.8169999718666077,0.7882999777793884,0.7882999777793884,0,0.0,0.0
2023-08-18 09:30:00-04:00,0.7897999882698059,0.8198999762535095,0.7889999747276306,0.8198999762535095,6409,0.0,0.0
2023-08-18 10:30:00-04:00,0.8192999958992004,0.8202999830245972,0.7950000166893005,0.7950000166893005,11782,0.0,0.0
2023-08-18 11:30:00-04:00,0.7950999736785889,0.800000011920929,0.7901999950408936,0.800000011920929,755,0.0,0.0
2023-08-18 12:30:00-04:00,0.800000011920929,0.800000011920929,0.800000011920929,0.800000011920929,991,0.0,0.0
2023-08-18 13:30:00-04:00,0.8100000023841858,0.8100000023841858,0.75,0.75,2455,0.0,0.0
2023-08-18 14:30:00-04:00,0.7875000238418579,0.7875000238418579,0.7875000238418579,0.7875000238418579,114,0.0,0.0
2023-08-18 15:30:00-04:00,0.7986000180244446,0.8460000157356262,0.7986000180244446,0.800000011920929,6001,0.0,0.0
2023-08-21 09:30:00-04:00,0.800000011920929,0.8500000238418579,0.75,0.8050000071525574,12012,0.0,0.0
2023-08-21 11:30:00-04:00,0.8026000261306763,0.8500000238418579,0.7900000214576721,0.8500000238418579,3106,0.0,0.0
2023-08-21 15:30:00-04:00,0.8001999855041504,0.8001999855041504,0.8001999855041504,0.8001999855041504,0,0.0,0.0
2023-08-22 09:30:00-04:00,0.7710000276565552,0.8274999856948853,0.7710000276565552,0.8274999856948853,4025,0.0,0.0
2023-08-22 10:30:00-04:00,0.8104000091552734,0.8205000162124634,0.7876999974250793,0.8199999928474426,9874,0.0,0.0
2023-08-22 12:30:00-04:00,0.8100000023841858,0.8100000023841858,0.8100000023841858,0.8100000023841858,238,0.0,0.0
2023-08-22 13:30:00-04:00,0.8101000189781189,0.8101000189781189,0.8100000023841858,0.8100000023841858,468,0.0,0.0
2023-08-22 14:30:00-04:00,0.8105999827384949,0.8500000238418579,0.8105999827384949,0.8500000238418579,15239,0.0,0.0
2023-08-22 15:30:00-04:00,0.800000011920929,0.8105000257492065,0.800000011920929,0.800000011920929,635,0.0,0.0
2023-08-23 09:30:00-04:00,0.800000011920929,0.8467000126838684,0.800000011920929,0.8467000126838684,1612,0.0,0.0
2023-08-23 10:30:00-04:00,0.8465999960899353,0.8465999960899353,0.8465999960899353,0.8465999960899353,182,0.0,0.0
2023-08-23 11:30:00-04:00,0.8289999961853027,0.8467000126838684,0.8174499869346619,0.8174999952316284,10610,0.0,0.0
2023-08-23 12:30:00-04:00,0.8460249900817871,0.8460249900817871,0.8409000039100647,0.8409000039100647,5676,0.0,0.0
2023-08-23 13:30:00-04:00,0.8460000157356262,0.8500000238418579,0.8199999928474426,0.8500000238418579,8502,0.0,0.0
2023-08-23 14:30:00-04:00,0.8485999703407288,0.9200000166893005,0.8485999703407288,0.8798999786376953,16249,0.0,0.0
2023-08-23 15:30:00-04:00,0.8849999904632568,0.949999988079071,0.8500999808311462,0.8500999808311462,0,0.0,0.0
2023-08-24 09:30:00-04:00,0.9299989938735962,0.949999988079071,0.8629999756813049,0.949999988079071,19727,0.0,0.0
2023-08-24 10:30:00-04:00,0.9498000144958496,0.9498999714851379,0.8801000118255615,0.8801000118255615,1935,0.0,0.0
2023-08-24 11:30:00-04:00,0.9240999817848206,0.9440000057220459,0.8802000284194946,0.9386000037193298,2946,0.0,0.0
2023-08-24 12:30:00-04:00,0.9386000037193298,0.9430000185966492,0.9290000200271606,0.9399999976158142,5338,0.0,0.0
2023-08-24 13:30:00-04:00,0.9399999976158142,0.9438999891281128,0.9340000152587891,0.9340000152587891,1237,0.0,0.0
2023-08-24 15:30:00-04:00,0.9408000111579895,0.9438999891281128,0.9337999820709229,0.9438999891281128,0,0.0,0.0
2023-08-25 09:30:00-04:00,0.9437000155448914,0.9900000095367432,0.9409999847412109,0.9800000190734863,15175,0.0,0.0
2023-08-25 10:30:00-04:00,0.9800000190734863,0.9800000190734863,0.9501010179519653,0.9650999903678894,4714,0.0,0.0
2023-08-25 11:30:00-04:00,0.9789999723434448,0.9900000095367432,0.9789999723434448,0.9900000095367432,2324,0.0,0.0
2023-08-25 12:30:00-04:00,0.969802975654602,0.969802975654602,0.9659010171890259,0.9690999984741211,805,0.0,0.0
2023-08-25 13:30:00-04:00,0.9650999903678894,0.9650999903678894,0.9650999903678894,0.9650999903678894,652,0.0,0.0
2023-08-25 14:30:00-04:00,0.9775509834289551,0.9898999929428101,0.9775509834289551,0.9898999929428101,1885,0.0,0.0
2023-08-25 15:30:00-04:00,0.9883189797401428,0.9883189797401428,0.9620000123977661,0.9620000123977661,1482,0.0,0.0
2023-08-28 09:30:00-04:00,0.982699990272522,1.0800000429153442,0.982699990272522,1.0738999843597412,26982,0.0,0.0
2023-08-28 10:30:00-04:00,1.0800000429153442,1.0800000429153442,1.0199999809265137,1.045699954032898,4735,0.0,0.0
2023-08-28 11:30:00-04:00,1.0499999523162842,1.0499999523162842,1.0120999813079834,1.0120999813079834,1450,0.0,0.0
2023-08-28 12:30:00-04:00,1.0399999618530273,1.0399999618530273,1.0099999904632568,1.0099999904632568,3309,0.0,0.0
2023-08-28 14:30:00-04:00,1.0099999904632568,1.0299999713897705,1.0099999904632568,1.0299999713897705,2827,0.0,0.0
2023-08-28 15:30:00-04:00,1.0199999809265137,1.0200999975204468,0.9000999927520752,1.0099999904632568,0,0.0,0.0
2023-08-29 09:30:00-04:00,1.0,1.0499999523162842,0.8644999861717224,0.9868999719619751,22688,0.0,0.0
2023-08-29 10:30:00-04:00,0.9423999786376953,0.9800000190734863,0.8999999761581421,0.9800000190734863,1512,0.0,0.0
2023-08-29 11:30:00-04:00,1.0,1.0,0.9172000288963318,0.9172000288963318,559,0.0,0.0
2023-08-29 13:30:00-04:00,0.9779999852180481,0.9900000095367432,0.9760000109672546,0.9800000190734863,4533,0.0,0.0
2023-08-29 14:30:00-04:00,0.9900000095367432,0.9900000095367432,0.949999988079071,0.949999988079071,6316,0.0,0.0
2023-08-29 15:30:00-04:00,0.9900000095367432,0.9900000095367432,0.9900000095367432,0.9900000095367432,0,0.0,0.0
2023-08-30 09:30:00-04:00,0.9900000095367432,1.0,0.9501000046730042,1.0,3608,0.0,0.0
2023-08-30 10:30:00-04:00,0.9599999785423279,0.9599999785423279,0.949999988079071,0.9505000114440918,5011,0.0,0.0
2023-08-30 11:30:00-04:00,0.9552000164985657,0.9976999759674072,0.9502000212669373,0.9976999759674072,2203,0.0,0.0
2023-08-30 12:30:00-04:00,0.9900000095367432,0.9900000095367432,0.9900000095367432,0.9900000095367432,351,0.0,0.0
2023-08-30 13:30:00-04:00,0.9700000286102295,0.9976999759674072,0.9700000286102295,0.9976999759674072,525,0.0,0.0
2023-08-30 14:30:00-04:00,0.9976999759674072,0.9976999759674072,0.9976999759674072,0.9976999759674072,106,0.0,0.0
2023-08-30 15:30:00-04:00,0.9998999834060669,0.9998999834060669,0.9997000098228455,0.9998999834060669,0,0.0,0.0
2023-08-31 09:30:00-04:00,0.9599999785423279,0.9599999785423279,0.9599999785423279,0.9599999785423279,105,0.0,0.0
2023-08-31 10:30:00-04:00,0.9998999834060669,1.0399999618530273,0.9998999834060669,1.0399999618530273,728,0.0,0.0
2023-08-31 11:30:00-04:00,1.0371999740600586,1.0399999618530273,1.0126999616622925,1.0126999616622925,4527,0.0,0.0
2023-08-31 12:30:00-04:00,1.0099999904632568,1.0099999904632568,0.9900000095367432,0.9900000095367432,1737,0.0,0.0
2023-08-31 13:30:00-04:00,0.9900000095367432,1.0049999952316284,0.9900000095367432,1.0049999952316284,556,0.0,0.0
2023-08-31 14:30:00-04:00,1.0080000162124634,1.0099999904632568,0.980400025844574,0.980400025844574,3004,0.0,0.0
2023-08-31 15:30:00-04:00,0.9800999760627747,0.9998999834060669,0.9800000190734863,0.9998999834060669,0,0.0,0.0
2023-09-01 09:30:00-04:00,0.9998999834060669,0.9998999834060669,0.9638000130653381,0.9998999834060669,1647,0.0,0.0
2023-09-01 10:30:00-04:00,0.9589999914169312,0.9589999914169312,0.9501000046730042,0.9501000046730042,507,0.0,0.0
2023-09-01 11:30:00-04:00,0.9502000212669373,0.9502000212669373,0.9501000046730042,0.9501000046730042,963,0.0,0.0
2023-09-01 12:30:00-04:00,0.9501000046730042,0.9501000046730042,0.9501000046730042,0.9501000046730042,316,0.0,0.0
2023-09-01 13:30:00-04:00,0.9825000166893005,1.0,0.9650999903678894,1.0,1501,0.0,0.0
2023-09-01 15:30:00-04:00,0.9650999903678894,0.9650999903678894,0.9650999903678894,0.9650999903678894,502,0.0,0.0
2023-09-05 09:30:00-04:00,0.9800000190734863,0.9998999834060669,0.9401999711990356,0.9998999834060669,4151,0.0,0.0
2023-09-05 10:30:00-04:00,1.0,1.0,0.949999988079071,0.9505000114440918,3007,0.0,0.0
2023-09-05 11:30:00-04:00,0.9998999834060669,0.9998999834060669,0.9998999834060669,0.9998999834060669,110,0.0,0.0
2023-09-05 13:30:00-04:00,0.9750000238418579,0.9750000238418579,0.9750000238418579,0.9750000238418579,433,0.0,0.0
2023-09-05 14:30:00-04:00,1.0,1.0,1.0,1.0,114,0.0,0.0
2023-09-05 15:30:00-04:00,0.9501000046730042,0.9898999929428101,0.9501000046730042,0.9501000046730042,0,0.0,0.0
2023-09-06 09:30:00-04:00,0.9449999928474426,0.9799000024795532,0.9399999976158142,0.9599999785423279,1558,0.0,0.0
2023-09-06 10:30:00-04:00,0.9399999976158142,0.949999988079071,0.9399999976158142,0.949999988079071,504,0.0,0.0
2023-09-06 11:30:00-04:00,0.9800000190734863,0.9800000190734863,0.9800000190734863,0.9800000190734863,229,0.0,0.0
2023-09-06 12:30:00-04:00,0.9800000190734863,0.9800000190734863,0.9799990057945251,0.9799990057945251,1152,0.0,0.0
2023-09-06 13:30:00-04:00,0.965050995349884,0.965050995349884,0.965050995349884,0.965050995349884,202,0.0,0.0
2023-09-06 14:30:00-04:00,0.9599999785423279,0.9599999785423279,0.9599999785423279,0.9599999785423279,1141,0.0,0.0
2023-09-06 15:30:00-04:00,0.9592999815940857,0.9800000190734863,0.9573000073432922,0.9800000190734863,0,0.0,0.0
2023-09-07 09:30:00-04:00,0.9300000071525574,0.9399999976158142,0.8999999761581421,0.9100000262260437,232,0.0,0.0
2023-09-08 09:30:00-04:00,1.0099999904632568,1.0800000429153442,0.9190000295639038,0.9190000295639038,17142,0.0,0.0
2023-09-08 10:30:00-04:00,0.964900016784668,1.0099999904632568,0.964900016784668,1.0,1891,0.0,0.0
2023-09-08 11:30:00-04:00,0.9850000143051147,1.0,0.9850000143051147,1.0,1439,0.0,0.0
2023-09-08 12:30:00-04:00,0.9800000190734863,0.9800000190734863,0.9200999736785889,0.9200999736785889,342,0.0,0.0
2023-09-08 15:30:00-04:00,1.0,1.0,1.0,1.0,372,0.0,0.0
2023-09-11 09:30:00-04:00,0.9900000095367432,1.1299999952316284,0.9900000095367432,0.9973999857902527,21551,0.0,0.0
2023-09-11 10:30:00-04:00,1.0199999809265137,1.0299999713897705,1.0199999809265137,1.0283000469207764,1616,0.0,0.0
2023-09-11 11:30:00-04:00,1.0303000211715698,1.0364999771118164,1.0303000211715698,1.0364999771118164,1384,0.0,0.0
2023-09-11 12:30:00-04:00,1.0399999618530273,1.0399999618530273,1.0318000316619873,1.0318000316619873,1998,0.0,0.0
2023-09-11 13:30:00-04:00,1.0299999713897705,1.0299999713897705,1.0,1.0,3801,0.0,0.0
2023-09-11 14:30:00-04:00,1.0,1.0,1.0,1.0,0,0.0,0.0
2023-09-12 09:30:00-04:00,1.0499999523162842,1.0499999523162842,1.0299999713897705,1.0299999713897705,5370,0.0,0.0
2023-09-12 10:30:00-04:00,0.9900000095367432,1.0008000135421753,0.9900000095367432,1.0008000135421753,2675,0.0,0.0
2023-09-12 15:30:00-04:00,1.0008000135421753,1.0299999713897705,1.0008000135421753,1.0299999713897705,281713,0.0,0.0
2023-09-13 09:30:00-04:00,1.0700000524520874,1.1799999475479126,1.0399999618530273,1.159999966621399,367090,0.0,0.0
2023-09-13 10:30:00-04:00,1.1349999904632568,1.309999942779541,1.090000033378601,1.190000057220459,123401,0.0,0.0
2023-09-13 11:30:00-04:00,1.190000057220459,1.2890000343322754,1.1699999570846558,1.1749999523162842,54846,0.0,0.0
2023-09-13 12:30:00-04:00,1.1749999523162842,1.239799976348877,1.0499999523162842,1.149999976158142,46442,0.0,0.0
2023-09-13 13:30:00-04:00,1.1200000047683716,1.1799999475479126,1.090000033378601,1.1299999952316284,17196,0.0,0.0
2023-09-13 14:30:00-04:00,1.100000023841858,1.159600019454956,1.090000033378601,1.1200000047683716,17822,0.0,0.0
2023-09-13 15:30:00-04:00,1.092900037765503,1.159999966621399,1.092900037765503,1.101199984550476,15680,0.0,0.0
2023-09-14 09:30:00-04:00,1.149999976158142,1.149999976158142,1.0700000524520874,1.090000033378601,13739,0.0,0.0
2023-09-14 10:30:00-04:00,1.0989999771118164,1.100000023841858,1.090000033378601,1.090000033378601,17835,0.0,0.0
2023-09-14 11:30:00-04:00,1.0800000429153442,1.1100000143051147,1.0800000429153442,1.1100000143051147,6675,0.0,0.0
2023-09-14 12:30:00-04:00,1.1399999856948853,1.1399999856948853,1.1100000143051147,1.1399999856948853,3026,0.0,0.0
2023-09-14 13:30:00-04:00,1.1198999881744385,1.1198999881744385,1.1100000143051147,1.1100000143051147,9609,0.0,0.0
2023-09-14 14:30:00-04:00,1.100100040435791,1.100100040435791,1.090000033378601,1.090000033378601,3367,0.0,0.0
2023-09-14 15:30:00-04:00,1.100000023841858,1.1100000143051147,1.100000023841858,1.1100000143051147,1073,0.0,0.0
2023-09-15 09:30:00-04:00,1.0399999618530273,1.0399999618530273,0.9621000289916992,1.0,3539,0.0,0.0
2023-09-15 10:30:00-04:00,1.011299967765808,1.0199999809265137,1.011299967765808,1.0199999809265137,1500,0.0,0.0
2023-09-15 11:30:00-04:00,1.0499999523162842,1.0800000429153442,1.0326999425888062,1.0800000429153442,1095,0.0,0.0
2023-09-15 14:30:00-04:00,1.0888999700546265,1.0888999700546265,1.0888999700546265,1.0888999700546265,116,0.0,0.0
2023-09-18 09:30:00-04:00,1.0190000534057617,1.0199999809265137,1.0064500570297241,1.0199999809265137,4697,0.0,0.0
2023-09-18 10:30:00-04:00,1.024999976158142,1.024999976158142,1.01010000705719,1.01010000705719,1123,0.0,0.0
2023-09-18 11:30:00-04:00,1.01010000705719,1.01010000705719,1.01010000705719,1.01010000705719,1055,0.0,0.0
2023-09-18 12:30:00-04:00,1.0325000286102295,1.0325000286102295,1.0299999713897705,1.0299999713897705,460,0.0,0.0
2023-09-18 13:30:00-04:00,1.0099999904632568,1.0199999809265137,0.9204000234603882,0.9541000127792358,19397,0.0,0.0
2023-09-18 14:30:00-04:00,0.9399999976158142,0.975600004196167,0.9399999976158142,0.9627000093460083,3486,0.0,0.0
2023-09-18 15:30:00-04:00,0.9679999947547913,1.0099999904632568,0.9614999890327454,0.9614999890327454,0,0.0,0.0
2023-09-19 09:30:00-04:00,1.0,1.0,0.9800000190734863,0.9800000190734863,877,0.0,0.0
2023-09-19 10:30:00-04:00,0.9800000190734863,1.0,0.9800000190734863,1.0,820,0.0,0.0
2023-09-19 11:30:00-04:00,0.9700000286102295,0.9800000190734863,0.9610000252723694,0.9624000191688538,2662,0.0,0.0
2023-09-19 12:30:00-04:00,0.9700000286102295,0.9700000286102295,0.9700000286102295,0.9700000286102295,209,0.0,0.0
2023-09-19 13:30:00-04:00,0.9599999785423279,0.9599999785423279,0.9599999785423279,0.9599999785423279,106,0.0,0.0
2023-09-19 14:30:00-04:00,0.9700000286102295,0.9700000286102295,0.960099995136261,0.960099995136261,0,0.0,0.0
2023-09-20 09:30:00-04:00,0.949999988079071,0.9599999785423279,0.9211000204086304,0.9300000071525574,3466,0.0,0.0
2023-09-20 10:30:00-04:00,0.9490000009536743,0.9490000009536743,0.9300000071525574,0.9300000071525574,213,0.0,0.0
2023-09-20 11:30:00-04:00,0.9211000204086304,0.949999988079071,0.9150000214576721,0.9495000243186951,5267,0.0,0.0
2023-09-20 12:30:00-04:00,0.949999988079071,0.949999988079071,0.945900022983551,0.9495000243186951,1357,0.0,0.0
2023-09-20 14:30:00-04:00,0.9300000071525574,0.9300000071525574,0.9300000071525574,0.9300000071525574,0,0.0,0.0
2023-09-21 09:30:00-04:00,0.9300000071525574,0.9452000260353088,0.890999972820282,0.9452000260353088,10468,0.0,0.0
2023-09-21 10:30:00-04:00,0.9204999804496765,0.9354000091552734,0.9204999804496765,0.9354000091552734,0,0.0,0.0
2023-09-22 09:30:00-04:00,0.9499989748001099,0.9975000023841858,0.9300000071525574,0.9649999737739563,3941,0.0,0.0
2023-09-22 10:30:00-04:00,0.9649999737739563,0.9649999737739563,0.9649999737739563,0.9649999737739563,502,0.0,0.0
2023-09-22 11:30:00-04:00,0.9350000023841858,0.9350000023841858,0.9350000023841858,0.9350000023841858,205,0.0,0.0
2023-09-22 12:30:00-04:00,0.9767500162124634,0.9767500162124634,0.9677609801292419,0.9677609801292419,437,0.0,0.0
2023-09-22 14:30:00-04:00,0.9800000190734863,0.9900000095367432,0.9800000190734863,0.9900000095367432,405,0.0,0.0
2023-09-22 15:30:00-04:00,0.9713000059127808,0.9900000095367432,0.9713000059127808,0.9900000095367432,452,0.0,0.0
2023-09-25 09:30:00-04:00,0.9900000095367432,1.0015000104904175,0.9329000115394592,1.0015000104904175,3583,0.0,0.0
2023-09-25 13:30:00-04:00,1.0200999975204468,1.0225000381469727,1.0199999809265137,1.0199999809265137,554,0.0,0.0
2023-09-25 14:30:00-04:00,1.0199999809265137,1.0700000524520874,0.9837999939918518,1.059999942779541,8219,0.0,0.0
2023-09-26 09:30:00-04:00,1.090000033378601,1.090000033378601,1.089900016784668,1.089900016784668,751,0.0,0.0
2023-09-26 10:30:00-04:00,1.090000033378601,1.090000033378601,1.090000033378601,1.090000033378601,3970,0.0,0.0
2023-09-26 11:30:00-04:00,1.0800000429153442,1.089900016784668,1.0800000429153442,1.089900016784668,3675,0.0,0.0
2023-09-26 12:30:00-04:00,1.0199999809265137,1.0199999809265137,1.0199999809265137,1.0199999809265137,250,0.0,0.0
2023-09-26 13:30:00-04:00,1.090000033378601,1.1128000020980835,1.0199999809265137,1.1128000020980835,9876,0.0,0.0
2023-09-26 14:30:00-04:00,1.1299999952316284,1.1299999952316284,1.0299999713897705,1.0800000429153442,4802,0.0,0.0
2023-09-26 15:30:00-04:00,1.1799999475479126,1.1799999475479126,0.9804999828338623,1.100000023841858,0,0.0,0.0
2023-09-27 09:30:00-04:00,1.1207000017166138,1.1207000017166138,1.1100000143051147,1.1100000143051147,617,0.0,0.0
2023-09-27 10:30:00-04:00,1.1200000047683716,1.1399999856948853,1.100000023841858,1.100000023841858,823,0.0,0.0
2023-09-27 11:30:00-04:00,1.100000023841858,1.136199951171875,1.100000023841858,1.100100040435791,2434,0.0,0.0
2023-09-27 12:30:00-04:00,1.1399999856948853,1.1399999856948853,1.100000023841858,1.100000023841858,771,0.0,0.0
2023-09-27 15:30:00-04:00,1.1100000143051147,1.1100000143051147,1.1100000143051147,1.1100000143051147,0,0.0,0.0
2023-09-28 09:30:00-04:00,1.1200000047683716,1.1200000047683716,1.1200000047683716,1.1200000047683716,678,0.0,0.0
2023-09-28 10:30:00-04:00,1.0465999841690063,1.0465999841690063,1.0465999841690063,1.0465999841690063,177,0.0,0.0
2023-09-28 11:30:00-04:00,1.059999942779541,1.0800000429153442,1.0514999628067017,1.0800000429153442,644,0.0,0.0
2023-09-28 12:30:00-04:00,1.0399999618530273,1.0399999618530273,1.0399999618530273,1.0399999618530273,309,0.0,0.0
2023-09-28 14:30:00-04:00,1.100000023841858,1.100000023841858,1.100000023841858,1.100000023841858,200,0.0,0.0
2023-09-28 15:30:00-04:00,1.0700000524520874,1.100000023841858,1.0199999809265137,1.100000023841858,3542,0.0,0.0
2023-09-29 09:30:00-04:00,1.0499999523162842,1.100000023841858,1.0499999523162842,1.090000033378601,2971,0.0,0.0
2023-09-29 10:30:00-04:00,1.100000023841858,1.100000023841858,1.0595999956130981,1.100000023841858,1664,0.0,0.0
2023-09-29 11:30:00-04:00,1.1299999952316284,1.1299999952316284,1.1299999952316284,1.1299999952316284,396,0.0,0.0
2023-09-29 12:30:00-04:00,1.1050000190734863,1.1299999952316284,1.100000023841858,1.1200000047683716,1589,0.0,0.0
2023-09-29 13:30:00-04:00,1.1299999952316284,1.1299999952316284,1.1200000047683716,1.1200000047683716,1935,0.0,0.0
2023-09-29 14:30:00-04:00,1.149999976158142,1.149999976158142,1.1267000436782837,1.1267000436782837,860,0.0,0.0
2023-09-29 15:30:00-04:00,1.1200000047683716,1.1349999904632568,1.1200000047683716,1.1349999904632568,1327,0.0,0.0
2023-10-02 09:30:00-04:00,1.159999966621399,1.159999966621399,1.149999976158142,1.1549999713897705,909,0.0,0.0
2023-10-02 11:30:00-04:00,1.1419999599456787,1.1419999599456787,1.1419999599456787,1.1419999599456787,435,0.0,0.0
2023-10-02 12:30:00-04:00,1.1200000047683716,1.1399999856948853,1.1200000047683716,1.1399999856948853,371,0.0,0.0
2023-10-02 13:30:00-04:00,1.1399999856948853,1.1399999856948853,1.1399999856948853,1.1399999856948853,353,0.0,0.0
2023-10-02 15:30:00-04:00,1.100000023841858,1.1294000148773193,1.0800000429153442,1.1294000148773193,0,0.0,0.0
2023-10-03 10:30:00-04:00,1.090000033378601,1.090000033378601,1.090000033378601,1.090000033378601,1530,0.0,0.0
2023-10-03 11:30:00-04:00,1.1267999410629272,1.1267999410629272,1.1267999410629272,1.1267999410629272,176,0.0,0.0
2023-10-03 12:30:00-04:00,1.090000033378601,1.090000033378601,1.090000033378601,1.090000033378601,503,0.0,0.0
2023-10-03 13:30:00-04:00,1.090000033378601,1.090000033378601,1.090000033378601,1.090000033378601,754,0.0,0.0
2023-10-03 15:30:00-04:00,1.0800000429153442,1.0800000429153442,1.059999942779541,1.062600016593933,0,0.0,0.0
2023-10-04 09:30:00-04:00,1.1100000143051147,1.1100000143051147,1.0199999809265137,1.0199999809265137,306,0.0,0.0
2023-10-04 10:30:00-04:00,1.0865999460220337,1.0865999460220337,1.0865999460220337,1.0865999460220337,200,0.0,0.0
2023-10-04 11:30:00-04:00,1.090000033378601,1.090000033378601,1.037500023841858,1.037500023841858,668,0.0,0.0
2023-10-04 12:30:00-04:00,1.059999942779541,1.090000033378601,1.0299999713897705,1.090000033378601,859,0.0,0.0
2023-10-04 14:30:00-04:00,1.059999942779541,1.059999942779541,1.059999942779541,1.059999942779541,519,0.0,0.0
2023-10-04 15:30:00-04:00,1.090000033378601,1.090000033378601,1.0200999975204468,1.090000033378601,0,0.0,0.0
2023-10-05 14:30:00-04:00,1.0800000429153442,1.0800000429153442,1.0800000429153442,1.0800000429153442,423,0.0,0.0
2023-10-05 15:30:00-04:00,1.0700000524520874,1.0700000524520874,1.0499999523162842,1.0499999523162842,447,0.0,0.0
2023-10-06 09:30:00-04:00,1.0,1.024999976158142,1.0,1.024999976158142,2291,0.0,0.0
2023-10-06 11:30:00-04:00,1.0099999904632568,1.0099999904632568,1.0,1.0,3002,0.0,0.0
2023-10-06 12:30:00-04:00,1.0700000524520874,1.1699999570846558,1.0299999713897705,1.1399999856948853,2186,0.0,0.0
2023-10-06 13:30:00-04:00,1.0800000429153442,1.0800000429153442,1.0800000429153442,1.0800000429153442,333,0.0,0.0
2023-10-09 09:30:00-04:00,1.0750000476837158,1.0950000286102295,1.0,1.0,1578,0.0,0.0
2023-10-09 10:30:00-04:00,1.0399999618530273,1.0399999618530273,1.0111000537872314,1.0111000537872314,346,0.0,0.0
2023-10-09 11:30:00-04:00,1.0499999523162842,1.0499999523162842,1.0499999523162842,1.0499999523162842,148,0.0,0.0
2023-10-09 13:30:00-04:00,1.0800000429153442,1.0800000429153442,1.0800000429153442,1.0800000429153442,0,0.0,0.0
2023-10-10 09:30:00-04:00,1.0399999618530273,1.0399999618530273,1.0154999494552612,1.0399999618530273,2122,0.0,0.0
2023-10-10 10:30:00-04:00,1.0328999757766724,1.0399999618530273,1.0328999757766724,1.0399999618530273,414,0.0,0.0
2023-10-10 11:30:00-04:00,1.0800000429153442,1.0800000429153442,1.0800000429153442,1.0800000429153442,426,0.0,0.0
2023-10-10 12:30:00-04:00,1.0678999423980713,1.0678999423980713,1.0678999423980713,1.0678999423980713,225,0.0,0.0
2023-10-10 13:30:00-04:00,1.0800000429153442,1.0800000429153442,1.0800000429153442,1.0800000429153442,567,0.0,0.0
2023-10-11 09:30:00-04:00,1.0399999618530273,1.0827000141143799,1.0399999618530273,1.0827000141143799,2814,0.0,0.0
2023-10-11 15:30:00-04:00,1.0299999713897705,1.0537999868392944,1.0099999904632568,1.0099999904632568,0,0.0,0.0
2023-10-12 09:30:00-04:00,1.0728000402450562,1.0728000402450562,0.9498990178108215,0.9997000098228455,7673,0.0,0.0
2023-10-12 10:30:00-04:00,0.9501000046730042,1.0,0.949999988079071,0.9998000264167786,4670,0.0,0.0
2023-10-12 11:30:00-04:00,0.949999988079071,0.9997990131378174,0.9298999905586243,0.9997990131378174,6094,0.0,0.0
2023-10-12 15:30:00-04:00,0.9599000215530396,0.9599000215530396,0.9599000215530396,0.9599000215530396,0,0.0,0.0
2023-10-13 09:30:00-04:00,1.0,1.0,0.949999988079071,0.9926000237464905,6356,0.0,0.0
2023-10-13 10:30:00-04:00,0.9700999855995178,0.9700999855995178,0.949999988079071,0.949999988079071,1813,0.0,0.0
2023-10-13 11:30:00-04:00,0.9300000071525574,0.9496999979019165,0.9211999773979187,0.9211999773979187,2989,0.0,0.0
2023-10-13 12:30:00-04:00,0.9211999773979187,1.0,0.7099999785423279,0.8568000197410583,25433,0.0,0.0
2023-10-13 13:30:00-04:00,0.949999988079071,0.949999988079071,0.8700000047683716,0.890999972820282,6286,0.0,0.0
2023-10-13 14:30:00-04:00,0.9004989862442017,0.9099000096321106,0.890999972820282,0.8911010026931763,3000,0.0,0.0
2023-10-13 15:30:00-04:00,0.890999972820282,0.890999972820282,0.8862000107765198,0.8862000107765198,1159,0.0,0.0
2023-10-16 09:30:00-04:00,0.9100000262260437,1.0,0.9100000262260437,0.9305999875068665,9243,0.0,0.0
2023-10-16 13:30:00-04:00,0.9307000041007996,1.0,0.8190000057220459,0.9649999737739563,9764,0.0,0.0
2023-10-16 14:30:00-04:00,0.9100000262260437,0.9495999813079834,0.8600000143051147,0.8700000047683716,3583,0.0,0.0
2023-10-16 15:30:00-04:00,0.8799999952316284,0.8899999856948853,0.8799999952316284,0.8899999856948853,0,0.0,0.0
2023-10-17 09:30:00-04:00,0.9200000166893005,0.9200000166893005,0.7773000001907349,0.9100000262260437,9536,0.0,0.0
2023-10-17 10:30:00-04:00,0.800000011920929,0.8599990010261536,0.7626000046730042,0.853600025177002,6528,0.0,0.0
2023-10-17 11:30:00-04:00,0.8309999704360962,0.8309999704360962,0.8125,0.8130000233650208,423,0.0,0.0
2023-10-17 12:30:00-04:00,0.8149999976158142,0.8615000247955322,0.8149999976158142,0.8209800124168396,2924,0.0,0.0
2023-10-17 13:30:00-04:00,0.9179999828338623,0.9179999828338623,0.9179999828338623,0.9179999828338623,189,0.0,0.0
2023-10-17 14:30:00-04:00,0.8739510178565979,0.8739510178565979,0.8460000157356262,0.8460000157356262,1628,0.0,0.0
2023-10-17 15:30:00-04:00,0.8460000157356262,0.8799999952316284,0.8460000157356262,0.8500000238418579,0,0.0,0.0
2023-10-18 09:30:00-04:00,0.8898000121116638,0.9300000071525574,0.8898000121116638,0.9300000071525574,1732,0.0,0.0
2023-10-18 10:30:00-04:00,0.9089999794960022,0.9089999794960022,0.8399999737739563,0.8399999737739563,1783,0.0,0.0
2023-10-18 12:30:00-04:00,0.8399999737739563,0.8399999737739563,0.8399999737739563,0.8399999737739563,299,0.0,0.0
2023-10-18 14:30:00-04:00,0.8399999737739563,0.8449509739875793,0.8399999737739563,0.8399999737739563,1874,0.0,0.0
2023-10-18 15:30:00-04:00,0.8399999737739563,0.8399999737739563,0.8399999737739563,0.8399999737739563,0,0.0,0.0
2023-10-19 09:30:00-04:00,0.8399999737739563,0.8799999952316284,0.8399999737739563,0.8799999952316284,931,0.0,0.0
2023-10-19 10:30:00-04:00,0.8465999960899353,0.8500000238418579,0.7900000214576721,0.8500000238418579,4913,0.0,0.0
2023-10-19 11:30:00-04:00,0.8798990249633789,0.8798990249633789,0.8798990249633789,0.8798990249633789,480,0.0,0.0
2023-10-19 12:30:00-04:00,0.8790000081062317,0.8790000081062317,0.8790000081062317,0.8790000081062317,0,0.0,0.0
2023-10-20 09:30:00-04:00,0.8199999928474426,0.8499000072479248,0.8199999928474426,0.8499000072479248,1132,0.0,0.0
2023-10-20 12:30:00-04:00,0.8201010227203369,0.8374000191688538,0.8199999928474426,0.8374000191688538,901,0.0,0.0
2023-10-20 13:30:00-04:00,0.8209999799728394,0.8209999799728394,0.8011000156402588,0.8011000156402588,2573,0.0,0.0
2023-10-20 14:30:00-04:00,0.8500000238418579,0.8500000238418579,0.8420000076293945,0.8500000238418579,872,0.0,0.0
2023-10-23 09:30:00-04:00,0.8497999906539917,0.8790000081062317,0.8399999737739563,0.8788999915122986,0,0.0,0.0
2023-10-23 10:30:00-04:00,0.8644999861717224,0.878000020980835,0.8399999737739563,0.878000020980835,3115,0.0,0.0
2023-10-23 11:30:00-04:00,0.8500000238418579,0.8776999711990356,0.8500000238418579,0.8600000143051147,1167,0.0,0.0
2023-10-23 12:30:00-04:00,0.878000020980835,0.878000020980835,0.8500000238418579,0.8700000047683716,710,0.0,0.0
2023-10-23 13:30:00-04:00,0.8600000143051147,0.8700000047683716,0.8600000143051147,0.8700000047683716,2979,0.0,0.0
2023-10-23 14:30:00-04:00,0.8700000047683716,0.8700000047683716,0.8698989748954773,0.8698999881744385,2209,0.0,0.0
2023-10-23 15:30:00-04:00,0.8700000047683716,0.9300000071525574,0.8697999715805054,0.9300000071525574,0,0.0,0.0
2023-10-24 09:30:00-04:00,0.9399999976158142,0.949999988079071,0.925000011920929,0.9498999714851379,3819,0.0,0.0
2023-10-24 10:30:00-04:00,0.9023119807243347,0.9498999714851379,0.9023119807243347,0.9498999714851379,1205,0.0,0.0
2023-10-24 12:30:00-04:00,0.8999999761581421,0.949999988079071,0.8999999761581421,0.9399999976158142,4453,0.0,0.0
2023-10-24 13:30:00-04:00,0.9398999810218811,0.9399999976158142,0.9398999810218811,0.9399999976158142,805,0.0,0.0
2023-10-24 14:30:00-04:00,0.949999988079071,0.949999988079071,0.949999988079071,0.949999988079071,102,0.0,0.0
2023-10-24 15:30:00-04:00,0.949999988079071,1.0,0.8999999761581421,0.9900000095367432,0,0.0,0.0
2023-10-25 09:30:00-04:00,0.9800000190734863,0.9800000190734863,0.9548010230064392,0.9650009870529175,2297,0.0,0.0
2023-10-25 11:30:00-04:00,0.9599999785423279,0.9700000286102295,0.8399999737739563,0.8799999952316284,9992,0.0,0.0
2023-10-25 12:30:00-04:00,0.8799999952316284,0.8799999952316284,0.8799999952316284,0.8799999952316284,252,0.0,0.0
2023-10-25 15:30:00-04:00,0.9240000247955322,0.949999988079071,0.8999999761581421,0.949999988079071,1932,0.0,0.0
2023-10-26 09:30:00-04:00,0.9399999976158142,1.100000023841858,0.9399999976158142,0.9995999932289124,0,0.0,0.0
2023-10-26 10:30:00-04:00,0.9900000095367432,0.9900000095367432,0.9599999785423279,0.9599999785423279,2291,0.0,0.0
2023-10-26 11:30:00-04:00,0.9199000000953674,0.9199000000953674,0.9199000000953674,0.9199000000953674,620,0.0,0.0
2023-10-26 12:30:00-04:00,0.8849999904632568,0.9399999976158142,0.8700000047683716,0.8801000118255615,3422,0.0,0.0
2023-10-26 14:30:00-04:00,1.0199999809265137,1.0199999809265137,0.949999988079071,0.949999988079071,780,0.0,0.0
2023-10-26 15:30:00-04:00,0.960099995136261,1.0199999809265137,0.960099995136261,1.0,0,0.0,0.0
2023-10-27 09:30:00-04:00,1.0,1.0,0.949999988079071,0.949999988079071,436,0.0,0.0
2023-10-27 11:30:00-04:00,0.9879999756813049,0.9879999756813049,0.9879999756813049,0.9879999756813049,152,0.0,0.0
2023-10-27 12:30:00-04:00,0.9200000166893005,0.9300000071525574,0.9200000166893005,0.9300000071525574,1154,0.0,0.0
2023-10-27 13:30:00-04:00,0.949999988079071,0.949999988079071,0.920009970664978,0.920009970664978,566,0.0,0.0
2023-10-27 14:30:00-04:00,0.9397000074386597,0.9399999976158142,0.9397000074386597,0.9399999976158142,2442,0.0,0.0
2023-10-27 15:30:00-04:00,0.996999979019165,1.0,0.9599999785423279,1.0,726,0.0,0.0
2023-10-30 09:30:00-04:00,1.0,1.0,0.9100000262260437,1.0,7381,0.0,0.0
2023-10-30 10:30:00-04:00,0.9599999785423279,0.9599999785423279,0.9599999785423279,0.9599999785423279,123,0.0,0.0
2023-10-30 12:30:00-04:00,0.9898999929428101,0.9898999929428101,0.9399999976158142,0.9399999976158142,684,0.0,0.0
2023-10-30 13:30:00-04:00,0.9599999785423279,1.0,0.9599999785423279,0.9805499911308289,6171,0.0,0.0
2023-10-30 14:30:00-04:00,0.9965000152587891,0.9965000152587891,0.9750000238418579,0.9750000238418579,928,0.0,0.0
2023-10-30 15:30:00-04:00,0.9800000190734863,0.9800000190734863,0.9800000190734863,0.9800000190734863,0,0.0,0.0
2023-10-31 09:30:00-04:00,0.9800000190734863,0.9800000190734863,0.949999988079071,0.949999988079071,941,0.0,0.0
2023-10-31 10:30:00-04:00,0.9750000238418579,0.9750000238418579,0.9750000238418579,0.9750000238418579,168,0.0,0.0
2023-10-31 12:30:00-04:00,0.9750000238418579,0.9750000238418579,0.9750000238418579,0.9750000238418579,2344,0.0,0.0
2023-10-31 13:30:00-04:00,0.9399999976158142,0.9975000023841858,0.8999999761581421,0.949999988079071,1473,0.0,0.0
2023-11-01 09:30:00-04:00,0.9800000190734863,0.9800000190734863,0.9800000190734863,0.9800000190734863,0,0.0,0.0
2023-11-01 10:30:00-04:00,0.9100000262260437,0.9100000262260437,0.8999999761581421,0.8999999761581421,2951,0.0,0.0
2023-11-01 11:30:00-04:00,0.9300000071525574,0.9510999917984009,0.9300000071525574,0.949999988079071,5532,0.0,0.0
2023-11-01 12:30:00-04:00,0.9998999834060669,0.9998999834060669,0.9300000071525574,0.9300000071525574,1048,0.0,0.0
2023-11-01 13:30:00-04:00,0.9549999833106995,0.9549999833106995,0.9549999833106995,0.9549999833106995,334,0.0,0.0
2023-11-01 14:30:00-04:00,0.9549999833106995,0.9549999833106995,0.9549999833106995,0.9549999833106995,0,0.0,0.0
2023-11-02 09:30:00-04:00,1.0700000524520874,1.0700000524520874,0.9950000047683716,1.0298999547958374,18628,0.0,0.0
2023-11-02 10:30:00-04:00,0.9300000071525574,1.042799949645996,0.9300000071525574,1.042799949645996,3323,0.0,0.0
2023-11-02 11:30:00-04:00,1.0499999523162842,1.0549999475479126,1.0499999523162842,1.0499999523162842,4823,0.0,0.0
2023-11-02 12:30:00-04:00,1.0348999500274658,1.0399999618530273,1.0199999809265137,1.0399999618530273,2143,0.0,0.0
2023-11-02 13:30:00-04:00,1.0199999809265137,1.0204999446868896,1.0199999809265137,1.0204999446868896,1160,0.0,0.0
2023-11-02 15:30:00-04:00,1.0299999713897705,1.0299999713897705,1.0299999713897705,1.0299999713897705,0,0.0,0.0
2023-11-03 09:30:00-04:00,1.0199999809265137,1.0499999523162842,1.0099999904632568,1.0170999765396118,5504,0.0,0.0
2023-11-03 10:30:00-04:00,1.0192999839782715,1.0192999839782715,1.0099999904632568,1.0190999507904053,3061,0.0,0.0
2023-11-03 11:30:00-04:00,1.0119999647140503,1.0119999647140503,1.0099999904632568,1.0099999904632568,621,0.0,0.0
2023-11-03 12:30:00-04:00,1.0339000225067139,1.0339000225067139,1.0339000225067139,1.0339000225067139,168,0.0,0.0
2023-11-03 13:30:00-04:00,1.0199999809265137,1.0299999713897705,1.0199999809265137,1.0299999713897705,2634,0.0,0.0
2023-11-03 14:30:00-04:00,1.0398999452590942,1.0399999618530273,1.0,1.0,2463,0.0,0.0
2023-11-03 15:30:00-04:00,1.0,1.0149999856948853,1.0,1.0149999856948853,301,0.0,0.0
2023-11-06 09:30:00-05:00,1.0499999523162842,1.069000005722046,1.0299999713897705,1.059999942779541,2003,0.0,0.0
2023-11-06 11:30:00-05:00,1.0399999618530273,1.0700000524520874,1.0399999618530273,1.0499999523162842,7201,0.0,0.0
2023-11-06 15:30:00-05:00,1.0149999856948853,1.0149999856948853,0.9900000095367432,0.9900000095367432,0,0.0,0.0
2023-11-07 09:30:00-05:00,1.0399999618530273,1.0399999618530273,0.9750000238418579,1.0199999809265137,5563,0.0,0.0
2023-11-07 11:30:00-05:00,1.0099999904632568,1.0099999904632568,1.0099999904632568,1.0099999904632568,505,0.0,0.0
2023-11-07 13:30:00-05:00,1.0180000066757202,1.0199999809265137,1.0,1.0199999809265137,7547,0.0,0.0
2023-11-07 15:30:00-05:00,1.0199999809265137,1.0299999713897705,1.0199999809265137,1.0299999713897705,0,0.0,0.0
2023-11-08 09:30:00-05:00,1.0,1.0399999618530273,1.0,1.0399999618530273,1154,0.0,0.0
2023-11-08 10:30:00-05:00,0.9900000095367432,1.0099999904632568,0.9900000095367432,0.9950000047683716,1229,0.0,0.0
2023-11-08 11:30:00-05:00,1.0099999904632568,1.0099999904632568,0.9950000047683716,0.9950000047683716,301,0.0,0.0
2023-11-08 14:30:00-05:00,0.968999981880188,0.968999981880188,0.968999981880188,0.968999981880188,405,0.0,0.0
2023-11-08 15:30:00-05:00,1.0399999618530273,1.0399999618530273,0.949999988079071,0.949999988079071,0,0.0,0.0
2023-11-09 09:30:00-05:00,0.9800000190734863,0.9800000190734863,0.9700000286102295,0.9700000286102295,883,0.0,0.0
2023-11-09 10:30:00-05:00,1.003999948501587,1.003999948501587,0.949999988079071,0.949999988079071,1045,0.0,0.0
2023-11-09 11:30:00-05:00,1.0155999660491943,1.0155999660491943,1.0155999660491943,1.0155999660491943,149,0.0,0.0
2023-11-09 13:30:00-05:00,0.949999988079071,0.949999988079071,0.949999988079071,0.949999988079071,764,0.0,0.0
2023-11-09 14:30:00-05:00,1.0,1.0,0.949999988079071,0.949999988079071,1103,0.0,0.0
2023-11-09 15:30:00-05:00,0.949999988079071,0.949999988079071,0.949999988079071,0.949999988079071,0,0.0,0.0
2023-11-10 10:30:00-05:00,0.949999988079071,0.949999988079071,0.949999988079071,0.949999988079071,574,0.0,0.0
2023-11-10 11:30:00-05:00,0.9900000095367432,0.9900000095367432,0.949999988079071,0.949999988079071,1825,0.0,0.0
2023-11-10 14:30:00-05:00,1.0099999904632568,1.0099999904632568,0.949999988079071,0.949999988079071,407,0.0,0.0
2023-11-13 10:30:00-05:00,1.0099999904632568,1.0099999904632568,0.8999999761581421,0.8999999761581421,13451,0.0,0.0
2023-11-13 11:30:00-05:00,0.9419999718666077,0.9419999718666077,0.9419999718666077,0.9419999718666077,245,0.0,0.0
2023-11-13 12:30:00-05:00,0.9100000262260437,0.9100000262260437,0.8399999737739563,0.8399999737739563,9923,0.0,0.0
2023-11-13 14:30:00-05:00,0.8999999761581421,0.9498000144958496,0.8999999761581421,0.9498000144958496,3817,0.0,0.0
2023-11-13 15:30:00-05:00,0.9050499796867371,0.9100000262260437,0.9000999927520752,0.9000999927520752,500,0.0,0.0
2023-11-14 09:30:00-05:00,0.9988999962806702,1.0,0.9264000058174133,0.9922999739646912,1755,0.0,0.0
2023-11-14 10:30:00-05:00,0.9300000071525574,0.9300000071525574,0.9300000071525574,0.9300000071525574,5020,0.0,0.0
2023-11-14 11:30:00-05:00,0.9472000002861023,0.9472000002861023,0.9399999976158142,0.9399999976158142,268,0.0,0.0
2023-11-14 12:30:00-05:00,0.9479809999465942,0.949999988079071,0.9300000071525574,0.9300000071525574,1489,0.0,0.0
2023-11-14 14:30:00-05:00,0.9301000237464905,0.9301000237464905,0.9300000071525574,0.9300000071525574,613,0.0,0.0
2023-11-14 15:30:00-05:00,0.9301000237464905,0.9301000237464905,0.9301000237464905,0.9301000237464905,0,0.0,0.0
2023-11-15 09:30:00-05:00,0.9412149786949158,0.9412149786949158,0.9412149786949158,0.9412149786949158,827,0.0,0.0
2023-11-15 10:30:00-05:00,0.9300000071525574,0.9398999810218811,0.9300000071525574,0.9398999810218811,700,0.0,0.0
2023-11-15 15:30:00-05:00,0.9301000237464905,0.9301000237464905,0.9200000166893005,0.9200000166893005,0,0.0,0.0
2023-11-16 10:30:00-05:00,0.8901000022888184,0.8901000022888184,0.8901000022888184,0.8901000022888184,371,0.0,0.0
2023-11-16 11:30:00-05:00,0.891198992729187,0.891198992729187,0.891198992729187,0.891198992729187,2038,0.0,0.0
2023-11-16 14:30:00-05:00,0.9225000143051147,0.9225000143051147,0.9225000143051147,0.9225000143051147,203,0.0,0.0
2023-11-16 15:30:00-05:00,0.8999999761581421,0.8999999761581421,0.8999999761581421,0.8999999761581421,488,0.0,0.0
2023-11-17 09:30:00-05:00,0.9160000085830688,0.9197999835014343,0.8500000238418579,0.9196990132331848,29122,0.0,0.0
2023-11-17 10:30:00-05:00,0.9054499864578247,0.9054499864578247,0.8910999894142151,0.9054499864578247,2159,0.0,0.0
2023-11-17 11:30:00-05:00,0.917900025844574,1.0,0.917900025844574,0.9362999796867371,3293,0.0,0.0
2023-11-17 15:30:00-05:00,0.8912000060081482,0.8912000060081482,0.8899999856948853,0.8901000022888184,2219,0.0,0.0
2023-11-20 09:30:00-05:00,0.9257000088691711,0.9257000088691711,0.8999999761581421,0.9257000088691711,3512,0.0,0.0
2023-11-20 11:30:00-05:00,0.8999999761581421,0.8999999761581421,0.890999972820282,0.8999999761581421,6680,0.0,0.0
2023-11-20 12:30:00-05:00,0.8999999761581421,0.8999999761581421,0.8964999914169312,0.8999999761581421,3091,0.0,0.0
2023-11-20 14:30:00-05:00,0.8999999761581421,0.8999999761581421,0.8999999761581421,0.8999999761581421,10004,0.0,0.0
2023-11-20 15:30:00-05:00,0.8999999761581421,0.8999999761581421,0.8999999761581421,0.8999999761581421,0,0.0,0.0
2023-11-21 09:30:00-05:00,0.942799985408783,0.942799985408783,0.9214000105857849,0.9214000105857849,633,0.0,0.0
2023-11-21 11:30:00-05:00,0.9200000166893005,0.9200000166893005,0.9200000166893005,0.9200000166893005,102,0.0,0.0
2023-11-21 12:30:00-05:00,0.8999999761581421,0.8999999761581421,0.8999999761581421,0.8999999761581421,398,0.0,0.0
2023-11-21 14:30:00-05:00,0.9100000262260437,0.9214000105857849,0.9100000262260437,0.9214000105857849,606,0.0,0.0
2023-11-21 15:30:00-05:00,0.9100000262260437,0.9100000262260437,0.9100000262260437,0.9100000262260437,0,0.0,0.0
2023-11-22 09:30:00-05:00,0.9150000214576721,0.9150000214576721,0.9150000214576721,0.9150000214576721,648,0.0,0.0
2023-11-22 10:30:00-05:00,0.9100000262260437,0.9100000262260437,0.9100000262260437,0.9100000262260437,121,0.0,0.0
2023-11-22 11:30:00-05:00,0.9100000262260437,0.9100000262260437,0.9009000062942505,0.9009000062942505,1228,0.0,0.0
2023-11-22 14:30:00-05:00,0.9013000130653381,0.9013000130653381,0.9013000130653381,0.9013000130653381,143,0.0,0.0
2023-11-24 09:30:00-05:00,0.8999999761581421,0.8999999761581421,0.8999999761581421,0.8999999761581421,445,0.0,0.0
2023-11-24 10:30:00-05:00,0.8999999761581421,1.0,0.8999999761581421,1.0,638,0.0,0.0
2023-11-24 11:30:00-05:00,1.0,1.0,1.0,1.0,613,0.0,0.0
2023-11-27 09:30:00-05:00,0.9889000058174133,0.9998999834060669,0.9399999976158142,0.9664999842643738,2844,0.0,0.0
2023-11-27 10:30:00-05:00,0.9599999785423279,0.9799000024795532,0.9300000071525574,0.9300000071525574,12011,0.0,0.0
2023-11-27 11:30:00-05:00,0.9340000152587891,0.9340000152587891,0.933899998664856,0.9340000152587891,5880,0.0,0.0
2023-11-27 12:30:00-05:00,0.9340999722480774,0.9340999722480774,0.9200000166893005,0.9200000166893005,2566,0.0,0.0
2023-11-27 13:30:00-05:00,0.9200000166893005,0.9505000114440918,0.8999999761581421,0.934499979019165,5455,0.0,0.0
2023-11-27 15:30:00-05:00,0.9399999976158142,0.9399999976158142,0.9300000071525574,0.9300000071525574,0,0.0,0.0
2023-11-28 09:30:00-05:00,0.9399999976158142,0.9399999976158142,0.9399999976158142,0.9399999976158142,266,0.0,0.0
2023-11-28 10:30:00-05:00,1.0,1.0,1.0,1.0,229,0.0,0.0
2023-11-28 11:30:00-05:00,0.9346500039100647,0.9346500039100647,0.9346500039100647,0.9346500039100647,414,0.0,0.0
2023-11-28 12:30:00-05:00,0.949999988079071,0.9984999895095825,0.949999988079071,0.9984999895095825,1200,0.0,0.0
2023-11-28 15:30:00-05:00,0.9305999875068665,0.9399999976158142,0.9305999875068665,0.9399999976158142,0,0.0,0.0
2023-11-29 09:30:00-05:00,0.8999999761581421,0.9498000144958496,0.8999999761581421,0.9498000144958496,3326,0.0,0.0
2023-11-29 10:30:00-05:00,0.9298999905586243,0.9449999928474426,0.9298999905586243,0.9440000057220459,3141,0.0,0.0
2023-11-29 15:30:00-05:00,0.9438999891281128,0.9438999891281128,0.9200000166893005,0.9200000166893005,0,0.0,0.0
2023-11-30 09:30:00-05:00,0.9688000082969666,0.968999981880188,0.9200999736785889,0.968999981880188,1979,0.0,0.0
2023-11-30 13:30:00-05:00,0.9200999736785889,0.9424499869346619,0.9200000166893005,0.9200000166893005,1777,0.0,0.0
2023-11-30 15:30:00-05:00,0.9300000071525574,0.9300000071525574,0.9200000166893005,0.9200000166893005,655,0.0,0.0
2023-12-01 09:30:00-05:00,0.9300000071525574,0.9300000071525574,0.9300000071525574,0.9300000071525574,491,0.0,0.0
2023-12-01 10:30:00-05:00,0.949999988079071,0.949999988079071,0.9498000144958496,0.9498000144958496,1666,0.0,0.0
2023-12-01 11:30:00-05:00,0.9498000144958496,0.949999988079071,0.9498000144958496,0.9498000144958496,2712,0.0,0.0
2023-12-01 12:30:00-05:00,0.9301000237464905,0.9301000237464905,0.9301000237464905,0.9301000237464905,209,0.0,0.0
2023-12-01 13:30:00-05:00,0.9300000071525574,0.9399999976158142,0.9300000071525574,0.9300000071525574,1030,0.0,0.0
2023-12-01 14:30:00-05:00,0.9290000200271606,0.9290000200271606,0.9290000200271606,0.9290000200271606,101,0.0,0.0
2023-12-01 15:30:00-05:00,0.9249500036239624,0.9249500036239624,0.9249500036239624,0.9249500036239624,100,0.0,0.0
2023-12-04 10:30:00-05:00,0.9300000071525574,0.9398999810218811,0.9300000071525574,0.9398999810218811,1184,0.0,0.0
2023-12-04 11:30:00-05:00,0.9300000071525574,0.9300000071525574,0.925000011920929,0.925000011920929,4399,0.0,0.0
2023-12-04 12:30:00-05:00,0.9052000045776367,0.949999988079071,0.9052000045776367,0.949999988079071,6568,0.0,0.0
2023-12-04 13:30:00-05:00,0.9599999785423279,0.9599999785423279,0.9599999785423279,0.9599999785423279,5221,0.0,0.0
2023-12-04 14:30:00-05:00,0.980400025844574,0.980400025844574,0.980400025844574,0.980400025844574,5810,0.0,0.0
2023-12-04 15:30:00-05:00,0.9150999784469604,0.9200000166893005,0.9100000262260437,0.9100000262260437,3013,0.0,0.0
2023-12-05 09:30:00-05:00,0.8999999761581421,0.9599000215530396,0.8999999761581421,0.8999999761581421,11520,0.0,0.0
2023-12-05 10:30:00-05:00,0.9599999785423279,0.9599999785423279,0.9516000151634216,0.9516000151634216,321,0.0,0.0
2023-12-05 14:30:00-05:00,0.8999999761581421,0.8999999761581421,0.8998010158538818,0.8999000191688538,5582,0.0,0.0
2023-12-05 15:30:00-05:00,0.8999000191688538,0.9398999810218811,0.8899999856948853,0.9340999722480774,0,0.0,0.0
2023-12-06 09:30:00-05:00,0.9300000071525574,0.9300000071525574,0.9300000071525574,0.9300000071525574,316,0.0,0.0
2023-12-06 14:30:00-05:00,0.9498000144958496,0.9499989748001099,0.9498000144958496,0.9498000144958496,1318,0.0,0.0
2023-12-06 15:30:00-05:00,0.9498000144958496,0.9498000144958496,0.9300000071525574,0.9300000071525574,415,0.0,0.0
2023-12-07 09:30:00-05:00,0.9002000093460083,0.9298989772796631,0.8999999761581421,0.9000009894371033,1050,0.0,0.0
2023-12-07 10:30:00-05:00,0.9068729877471924,0.9299989938735962,0.9068729877471924,0.9299989938735962,0,0.0,0.0
2023-12-08 09:30:00-05:00,0.9300000071525574,0.9300000071525574,0.9300000071525574,0.9300000071525574,317,0.0,0.0
2023-12-08 10:30:00-05:00,0.955299973487854,0.955299973487854,0.955299973487854,0.955299973487854,359,0.0,0.0
2023-12-08 11:30:00-05:00,0.9118000268936157,0.9452000260353088,0.8999999761581421,0.9000999927520752,3259,0.0,0.0
2023-12-08 13:30:00-05:00,0.9399999976158142,0.9399999976158142,0.9399999976158142,0.9399999976158142,321,0.0,0.0
2023-12-11 09:30:00-05:00,0.9003000259399414,0.9003000259399414,0.9003000259399414,0.9003000259399414,808,0.0,0.0
2023-12-11 10:30:00-05:00,0.9100000262260437,0.9100000262260437,0.9100000262260437,0.9100000262260437,170,0.0,0.0
2023-12-11 12:30:00-05:00,0.9100000262260437,0.9350000023841858,0.9100000262260437,0.9350000023841858,257,0.0,0.0
2023-12-11 14:30:00-05:00,0.9150000214576721,0.9150000214576721,0.9100000262260437,0.9100000262260437,594,0.0,0.0
2023-12-12 09:30:00-05:00,0.9297999739646912,0.9297999739646912,0.9002000093460083,0.9002000093460083,1135,0.0,0.0
2023-12-12 10:30:00-05:00,0.9351000189781189,0.9351000189781189,0.9351000189781189,0.9351000189781189,202,0.0,0.0
2023-12-12 12:30:00-05:00,0.9002000093460083,0.9002000093460083,0.9002000093460083,0.9002000093460083,409,0.0,0.0
2023-12-12 14:30:00-05:00,0.9000999927520752,0.9000999927520752,0.9000999927520752,0.9000999927520752,0,0.0,0.0
2023-12-12 15:30:00-05:00,0.9000999927520752,0.9000999927520752,0.8899999856948853,0.8902000188827515,91,0.0,0.0
2023-12-13 09:30:00-05:00,0.8901000022888184,0.8901000022888184,0.8901000022888184,0.8901000022888184,383,0.0,0.0
2023-12-13 14:30:00-05:00,0.8901000022888184,0.9298989772796631,0.8901000022888184,0.9298989772796631,0,0.0,0.0
2023-12-14 09:30:00-05:00,0.9297999739646912,0.9499989748001099,0.9057000279426575,0.9301000237464905,12253,0.0,0.0
2023-12-14 10:30:00-05:00,0.9398999810218811,0.9398999810218811,0.8937000036239624,0.8937000036239624,494,0.0,0.0
2023-12-14 12:30:00-05:00,0.8974999785423279,0.9398999810218811,0.8974999785423279,0.9398999810218811,1483,0.0,0.0
2023-12-14 14:30:00-05:00,0.9300000071525574,0.9300000071525574,0.9242799878120422,0.9242799878120422,383,0.0,0.0
2023-12-15 09:30:00-05:00,0.8999999761581421,0.9990000128746033,0.8999999761581421,0.9387999773025513,0,0.0,0.0
2023-12-15 10:30:00-05:00,0.9980000257492065,0.9980000257492065,0.9980000257492065,0.9980000257492065,210,0.0,0.0
2023-12-15 11:30:00-05:00,0.9100000262260437,0.9100000262260437,0.8799999952316284,0.8799999952316284,6518,0.0,0.0
2023-12-15 12:30:00-05:00,0.9199000000953674,0.9200000166893005,0.9199000000953674,0.9200000166893005,399,0.0,0.0
2023-12-15 13:30:00-05:00,0.9200000166893005,0.9200000166893005,0.8907999992370605,0.8907999992370605,1462,0.0,0.0
2023-12-15 15:30:00-05:00,0.9399999976158142,0.9498999714851379,0.8799999952316284,0.9488000273704529,2212,0.0,0.0
2023-12-18 09:30:00-05:00,0.9200000166893005,0.9200000166893005,0.9200000166893005,0.9200000166893005,271,0.0,0.0
2023-12-18 10:30:00-05:00,0.9100000262260437,0.9100000262260437,0.9100000262260437,0.9100000262260437,974,0.0,0.0
2023-12-18 11:30:00-05:00,0.9498000144958496,0.9555000066757202,0.9498000144958496,0.9555000066757202,969,0.0,0.0
2023-12-18 14:30:00-05:00,0.9327999949455261,0.9327999949455261,0.9327999949455261,0.9327999949455261,130,0.0,0.0
2023-12-18 15:30:00-05:00,0.9100000262260437,0.9100000262260437,0.9100000262260437,0.9100000262260437,0,0.0,0.0
2023-12-19 10:30:00-05:00,0.9100000262260437,0.9100000262260437,0.9100000262260437,0.9100000262260437,2270,0.0,0.0
2023-12-19 13:30:00-05:00,0.9200000166893005,0.9200000166893005,0.9200000166893005,0.9200000166893005,1300,0.0,0.0
2023-12-19 14:30:00-05:00,0.9200000166893005,0.9200000166893005,0.9200000166893005,0.9200000166893005,679,0.0,0.0
2023-12-19 15:30:00-05:00,0.9599999785423279,0.9599999785423279,0.9599999785423279,0.9599999785423279,0,0.0,0.0
2023-12-20 09:30:00-05:00,0.9588000178337097,0.9681000113487244,0.9100000262260437,0.9599999785423279,6124,0.0,0.0
2023-12-20 10:30:00-05:00,0.9200000166893005,0.9200999736785889,0.9100000262260437,0.9100000262260437,1131,0.0,0.0
2023-12-20 11:30:00-05:00,0.9200000166893005,0.9200000166893005,0.9100000262260437,0.9100000262260437,2378,0.0,0.0
2023-12-20 12:30:00-05:00,0.8899999856948853,0.9200000166893005,0.8799999952316284,0.9100000262260437,6128,0.0,0.0
2023-12-20 14:30:00-05:00,0.9199000000953674,0.9200000166893005,0.9199000000953674,0.9200000166893005,0,0.0,0.0
2023-12-21 09:30:00-05:00,0.9139999747276306,0.9139999747276306,0.8901010155677795,0.8901010155677795,2857,0.0,0.0
2023-12-21 10:30:00-05:00,0.8999999761581421,0.9200000166893005,0.8999999761581421,0.9199990034103394,3536,0.0,0.0
2023-12-21 11:30:00-05:00,0.9200000166893005,0.9614999890327454,0.9200000166893005,0.9614999890327454,24686,0.0,0.0
2023-12-21 12:30:00-05:00,0.9599999785423279,0.9616000056266785,0.9599999785423279,0.9616000056266785,4078,0.0,0.0
2023-12-21 13:30:00-05:00,0.9424999952316284,0.9424999952316284,0.9424999952316284,0.9424999952316284,1412,0.0,0.0
2023-12-21 14:30:00-05:00,0.9251000285148621,0.9621000289916992,0.9251000285148621,0.9621000289916992,1865,0.0,0.0
2023-12-21 15:30:00-05:00,0.9950000047683716,1.000499963760376,0.9950000047683716,1.000499963760376,0,0.0,0.0
2023-12-22 09:30:00-05:00,1.0,1.0,0.9204000234603882,0.9900000095367432,5971,0.0,0.0
2023-12-22 10:30:00-05:00,0.989799976348877,0.989799976348877,0.989799976348877,0.989799976348877,538,0.0,0.0
2023-12-22 11:30:00-05:00,0.9898999929428101,0.989998996257782,0.9898999929428101,0.989998996257782,757,0.0,0.0
2023-12-22 14:30:00-05:00,0.9599999785423279,0.9599999785423279,0.9501000046730042,0.9501000046730042,906,0.0,0.0
2023-12-22 15:30:00-05:00,0.9501000046730042,0.9585000276565552,0.9501000046730042,0.9585000276565552,358,0.0,0.0
2023-12-26 09:30:00-05:00,0.9900000095367432,0.9900000095367432,0.9674000144004822,0.9674000144004822,1279,0.0,0.0
2023-12-26 10:30:00-05:00,0.9900000095367432,1.0,0.9549999833106995,0.9574999809265137,6567,0.0,0.0
2023-12-26 11:30:00-05:00,1.0,1.0,1.0,1.0,286,0.0,0.0
2023-12-26 12:30:00-05:00,0.9900000095367432,0.9900000095367432,0.9900000095367432,0.9900000095367432,174,0.0,0.0
2023-12-26 14:30:00-05:00,0.9541000127792358,0.9541000127792358,0.9502000212669373,0.9502000212669373,3143,0.0,0.0
2023-12-26 15:30:00-05:00,0.9502000212669373,0.9700999855995178,0.9502000212669373,0.9700999855995178,0,0.0,0.0
2023-12-27 09:30:00-05:00,1.0299999713897705,1.0399999618530273,1.0,1.0382000207901,23931,0.0,0.0
2023-12-27 10:30:00-05:00,1.0399999618530273,1.190000057220459,1.0399999618530273,1.1699999570846558,23374,0.0,0.0
2023-12-27 11:30:00-05:00,1.1699999570846558,1.2000000476837158,1.0,1.0,53733,0.0,0.0
2023-12-27 12:30:00-05:00,1.0425000190734863,1.3799999952316284,1.0,1.2301000356674194,125453,0.0,0.0
2023-12-27 13:30:00-05:00,1.2301000356674194,1.2649999856948853,1.100600004196167,1.190000057220459,29537,0.0,0.0
2023-12-27 14:30:00-05:00,1.190000057220459,1.274999976158142,1.1699999570846558,1.2400000095367432,35354,0.0,0.0
2023-12-27 15:30:00-05:00,1.274999976158142,1.3173999786376953,1.2400000095367432,1.315000057220459,17878,0.0,0.0
2023-12-28 09:30:00-05:00,1.3300000429153442,1.3300000429153442,1.2580000162124634,1.3300000429153442,24298,0.0,0.0
2023-12-28 10:30:00-05:00,1.3199000358581543,1.3398000001907349,1.3179999589920044,1.3179999589920044,6421,0.0,0.0
2023-12-28 11:30:00-05:00,1.3113000392913818,1.3113000392913818,1.2899999618530273,1.2899999618530273,2910,0.0,0.0
2023-12-28 12:30:00-05:00,1.25,1.295799970626831,1.25,1.295799970626831,843,0.0,0.0
2023-12-28 13:30:00-05:00,1.25,1.2999999523162842,1.2301000356674194,1.25,2545,0.0,0.0
2023-12-28 14:30:00-05:00,1.2949999570846558,1.2949999570846558,1.2100000381469727,1.2200000286102295,6591,0.0,0.0
2023-12-28 15:30:00-05:00,1.2100000381469727,1.2999999523162842,1.2100000381469727,1.2874000072479248,0,0.0,0.0
2023-12-29 09:30:00-05:00,1.3899999856948853,1.399999976158142,1.309999942779541,1.3880000114440918,26787,0.0,0.0
2023-12-29 10:30:00-05:00,1.3244999647140503,1.399999976158142,1.3244999647140503,1.3980000019073486,3250,0.0,0.0
2023-12-29 11:30:00-05:00,1.399399995803833,1.399399995803833,1.3207999467849731,1.350000023841858,2037,0.0,0.0
2023-12-29 12:30:00-05:00,1.350000023841858,1.399999976158142,1.3345999717712402,1.3700000047683716,11732,0.0,0.0
2023-12-29 13:30:00-05:00,1.3975000381469727,1.7000000476837158,1.38100004196167,1.6299999952316284,30858,0.0,0.0
2023-12-29 14:30:00-05:00,1.6299999952316284,1.7599999904632568,1.559999942779541,1.6195000410079956,38599,0.0,0.0
2023-12-29 15:30:00-05:00,1.559999942779541,1.6799999475479126,1.559999942779541,1.6735999584197998,18904,0.0,0.0
2024-01-02 09:30:00-05:00,1.600000023841858,1.600000023841858,1.4378000497817993,1.4801000356674194,27373,0.0,0.0
2024-01-02 10:30:00-05:00,1.579300045967102,1.5800000429153442,1.5299999713897705,1.5800000429153442,3083,0.0,0.0
2024-01-02 11:30:00-05:00,1.600000023841858,1.600000023841858,1.590000033378601,1.600000023841858,3807,0.0,0.0
2024-01-02 12:30:00-05:00,1.5963000059127808,1.600000023841858,1.590000033378601,1.600000023841858,5539,0.0,0.0
2024-01-02 13:30:00-05:00,1.5994000434875488,1.600000023841858,1.590000033378601,1.5901000499725342,9482,0.0,0.0
2024-01-02 14:30:00-05:00,1.600000023841858,1.600000023841858,1.590000033378601,1.590000033378601,422,0.0,0.0
2024-01-02 15:30:00-05:00,1.5901000499725342,1.6299999952316284,1.5901000499725342,1.6299999952316284,800,0.0,0.0
2024-01-03 09:30:00-05:00,1.649999976158142,1.8300000429153442,1.5700000524520874,1.7949999570846558,33423,0.0,0.0
2024-01-03 10:30:00-05:00,1.7949999570846558,1.8200000524520874,1.7244000434875488,1.7699999809265137,20739,0.0,0.0
2024-01-03 11:30:00-05:00,1.776900053024292,1.9299999475479126,1.7741999626159668,1.8801000118255615,63785,0.0,0.0
2024-01-03 12:30:00-05:00,1.8899999856948853,1.909999966621399,1.8116999864578247,1.8899999856948853,28181,0.0,0.0
2024-01-03 13:30:00-05:00,1.8898999691009521,1.8990000486373901,1.8100999593734741,1.8798999786376953,12003,0.0,0.0
2024-01-03 14:30:00-05:00,1.8799999952316284,1.9600000381469727,1.8799999952316284,1.9299999475479126,24505,0.0,0.0
2024-01-03 15:30:00-05:00,1.9199999570846558,1.9900000095367432,1.8808000087738037,1.940000057220459,0,0.0,0.0
2024-01-04 09:30:00-05:00,1.909999966621399,2.1500000953674316,1.8099000453948975,2.077699899673462,69722,0.0,0.0
2024-01-04 10:30:00-05:00,2.059999942779541,2.180000066757202,1.940000057220459,2.049999952316284,47284,0.0,0.0
2024-01-04 11:30:00-05:00,2.0515999794006348,2.146199941635132,2.0227999687194824,2.1375999450683594,11020,0.0,0.0
2024-01-04 12:30:00-05:00,2.109299898147583,2.1500000953674316,2.0999999046325684,2.0999999046325684,11332,0.0,0.0
2024-01-04 13:30:00-05:00,2.1359000205993652,2.187999963760376,2.109999895095825,2.1700000762939453,9320,0.0,0.0
2024-01-04 14:30:00-05:00,2.1700000762939453,2.219899892807007,2.150099992752075,2.150099992752075,14812,0.0,0.0
2024-01-04 15:30:00-05:00,2.214400053024292,2.3299999237060547,2.1600000858306885,2.289900064468384,0,0.0,0.0
2024-01-05 09:30:00-05:00,2.3499999046325684,3.200000047683716,2.3499999046325684,2.959700107574463,642213,0.0,0.0
2024-01-05 10:30:00-05:00,2.9200000762939453,3.0899999141693115,2.799999952316284,3.0250000953674316,156717,0.0,0.0
2024-01-05 11:30:00-05:00,3.0250000953674316,3.1851999759674072,2.9000000953674316,3.049999952316284,159015,0.0,0.0
2024-01-05 12:30:00-05:00,3.0199999809265137,3.7200000286102295,3.0199999809265137,3.4100000858306885,898303,0.0,0.0
2024-01-05 13:30:00-05:00,3.4200000762939453,3.680000066757202,3.259999990463257,3.5799999237060547,562497,0.0,0.0
2024-01-05 14:30:00-05:00,3.559999942779541,3.646399974822998,2.8001999855041504,3.0399999618530273,463894,0.0,0.0
2024-01-05 15:30:00-05:00,3.0199999809265137,3.25,2.9500999450683594,3.0100998878479004,164156,0.0,0.0
2024-01-08 09:30:00-05:00,3.200000047683716,3.619999885559082,3.065000057220459,3.319999933242798,291538,0.0,0.0
2024-01-08 10:30:00-05:00,3.319999933242798,3.6500000953674316,3.319999933242798,3.5197999477386475,121929,0.0,0.0
2024-01-08 11:30:00-05:00,3.5139000415802,3.640000104904175,3.4800000190734863,3.619999885559082,42940,0.0,0.0
2024-01-08 12:30:00-05:00,3.640000104904175,3.950000047683716,3.5,3.7797000408172607,152581,0.0,0.0
2024-01-08 13:30:00-05:00,3.819999933242798,4.130000114440918,3.75,3.9342000484466553,125669,0.0,0.0
2024-01-08 14:30:00-05:00,3.859999895095825,3.919600009918213,3.5999999046325684,3.7079999446868896,41959,0.0,0.0
2024-01-08 15:30:00-05:00,3.6500000953674316,3.8399999141693115,3.5999999046325684,3.680000066757202,58657,0.0,0.0
2024-01-09 09:30:00-05:00,3.690000057220459,3.692199945449829,3.190000057220459,3.509999990463257,106377,0.0,0.0
2024-01-09 10:30:00-05:00,3.5685999393463135,3.5685999393463135,3.359999895095825,3.380000114440918,15625,0.0,0.0
2024-01-09 11:30:00-05:00,3.390000104904175,3.9700000286102295,3.380000114440918,3.7799999713897705,60452,0.0,0.0
2024-01-09 12:30:00-05:00,3.7899999618530273,3.890000104904175,3.6700000762939453,3.890000104904175,25116,0.0,0.0
2024-01-09 13:30:00-05:00,3.8299999237060547,4.090000152587891,3.8299999237060547,3.9798998832702637,53802,0.0,0.0
2024-01-09 14:30:00-05:00,3.9000000953674316,4.170000076293945,3.9000000953674316,4.150100231170654,49318,0.0,0.0
2024-01-09 15:30:00-05:00,4.15500020980835,4.15500020980835,3.890000104904175,3.9700000286102295,36594,0.0,0.0
2024-01-10 09:30:00-05:00,4.099999904632568,4.576499938964844,4.085000038146973,4.208000183105469,200001,0.0,0.0
2024-01-10 10:30:00-05:00,4.279200077056885,4.599899768829346,4.199999809265137,4.529900074005127,55261,0.0,0.0
2024-01-10 11:30:00-05:00,4.519999980926514,4.730000019073486,4.485000133514404,4.684999942779541,59629,0.0,0.0
2024-01-10 12:30:00-05:00,4.684999942779541,4.920000076293945,4.539999961853027,4.579999923706055,126094,0.0,0.0
2024-01-10 13:30:00-05:00,4.53000020980835,4.579999923706055,4.199999809265137,4.445000171661377,55493,0.0,0.0
2024-01-10 14:30:00-05:00,4.521100044250488,4.550000190734863,4.340099811553955,4.5,29684,0.0,0.0
2024-01-10 15:30:00-05:00,4.519899845123291,4.550000190734863,4.436999797821045,4.510000228881836,32361,0.0,0.0
2024-01-11 09:30:00-05:00,4.769999980926514,5.139999866485596,4.570000171661377,5.090000152587891,143134,0.0,0.0
2024-01-11 10:30:00-05:00,5.074999809265137,5.670000076293945,4.920000076293945,5.5,198677,0.0,0.0
2024-01-11 11:30:00-05:00,5.510000228881836,6.46999979019165,5.300000190734863,5.900000095367432,571850,0.0,0.0
2024-01-11 12:30:00-05:00,5.900000095367432,6.329999923706055,5.746600151062012,6.21999979019165,211394,0.0,0.0
2024-01-11 13:30:00-05:00,6.207200050354004,6.300000190734863,5.940000057220459,6.0269999504089355,79850,0.0,0.0
2024-01-11 14:30:00-05:00,6.019999980926514,6.489999771118164,5.980000019073486,6.363900184631348,182158,0.0,0.0
2024-01-11 15:30:00-05:00,6.349999904632568,6.400000095367432,6.170000076293945,6.239099979400635,82861,0.0,0.0
2024-01-12 09:30:00-05:00,6.170000076293945,6.349999904632568,4.659999847412109,4.690000057220459,515504,0.0,0.0
2024-01-12 10:30:00-05:00,4.728899955749512,5.21999979019165,4.309999942779541,4.344900131225586,297372,0.0,0.0
2024-01-12 11:30:00-05:00,4.340000152587891,4.599999904632568,4.28000020980835,4.309999942779541,167799,0.0,0.0
2024-01-12 12:30:00-05:00,4.34499979019165,4.599999904632568,4.309999942779541,4.570000171661377,32110,0.0,0.0
2024-01-12 13:30:00-05:00,4.599999904632568,4.9816999435424805,4.599999904632568,4.75,61474,0.0,0.0
2024-01-12 14:30:00-05:00,4.799900054931641,4.989999771118164,4.559999942779541,4.954999923706055,30603,0.0,0.0
2024-01-12 15:30:00-05:00,4.920000076293945,4.96999979019165,4.860000133514404,4.880000114440918,24973,0.0,0.0
2024-01-16 09:30:00-05:00,4.809999942779541,5.498000144958496,4.510000228881836,5.460000038146973,165259,0.0,0.0
2024-01-16 10:30:00-05:00,5.329999923706055,5.75,5.28000020980835,5.577099800109863,82606,0.0,0.0
2024-01-16 11:30:00-05:00,5.570000171661377,5.570000171661377,5.079999923706055,5.190000057220459,31049,0.0,0.0
2024-01-16 12:30:00-05:00,5.255000114440918,5.400000095367432,5.179999828338623,5.230000019073486,20115,0.0,0.0
2024-01-16 13:30:00-05:00,5.309999942779541,5.449999809265137,5.25,5.328800201416016,14348,0.0,0.0
2024-01-16 14:30:00-05:00,5.3933000564575195,5.440000057220459,5.328000068664551,5.440000057220459,4656,0.0,0.0
2024-01-16 15:30:00-05:00,5.380099773406982,5.480000019073486,5.300000190734863,5.460000038146973,36677,0.0,0.0
2024-01-17 09:30:00-05:00,5.349999904632568,5.428999900817871,5.090000152587891,5.130000114440918,54750,0.0,0.0
2024-01-17 10:30:00-05:00,5.119999885559082,5.1595001220703125,4.765500068664551,4.909999847412109,55290,0.0,0.0
2024-01-17 11:30:00-05:00,4.949999809265137,5.090000152587891,4.889999866485596,5.0,8470,0.0,0.0
2024-01-17 12:30:00-05:00,5.010000228881836,5.050000190734863,4.928999900817871,4.928999900817871,5380,0.0,0.0
2024-01-17 13:30:00-05:00,4.949999809265137,4.96999979019165,4.75,4.769999980926514,15872,0.0,0.0
2024-01-17 14:30:00-05:00,4.849999904632568,4.860000133514404,4.309999942779541,4.34689998626709,58877,0.0,0.0
2024-01-17 15:30:00-05:00,4.360000133514404,4.710000038146973,4.360000133514404,4.710000038146973,23426,0.0,0.0
2024-01-18 09:30:00-05:00,4.699999809265137,5.199399948120117,4.610000133514404,4.829999923706055,64723,0.0,0.0
2024-01-18 10:30:00-05:00,4.809000015258789,4.949999809265137,4.718500137329102,4.911399841308594,12612,0.0,0.0
2024-01-18 11:30:00-05:00,4.900000095367432,5.0,4.760000228881836,4.809999942779541,18664,0.0,0.0
2024-01-18 12:30:00-05:00,4.75,4.75,4.519999980926514,4.550000190734863,17525,0.0,0.0
2024-01-18 13:30:00-05:00,4.589900016784668,4.589900016784668,4.329999923706055,4.429999828338623,21874,0.0,0.0
2024-01-18 14:30:00-05:00,4.420000076293945,4.46999979019165,4.110000133514404,4.119999885559082,34515,0.0,0.0
2024-01-18 15:30:00-05:00,4.189899921417236,4.190000057220459,4.110000133514404,4.159999847412109,22319,0.0,0.0
2024-01-19 09:30:00-05:00,4.110000133514404,4.21999979019165,4.099999904632568,4.119999885559082,8647,0.0,0.0
2024-01-19 10:30:00-05:00,4.150000095367432,4.320000171661377,3.819999933242798,3.884999990463257,35664,0.0,0.0
2024-01-19 11:30:00-05:00,3.8447999954223633,3.8447999954223633,3.3299999237060547,3.5,96226,0.0,0.0
2024-01-19 12:30:00-05:00,3.460099935531616,3.559999942779541,3.3299999237060547,3.559999942779541,37543,0.0,0.0
2024-01-19 13:30:00-05:00,3.4374001026153564,3.707900047302246,3.4100000858306885,3.5450000762939453,15815,0.0,0.0
2024-01-19 14:30:00-05:00,3.450000047683716,3.4962000846862793,3.450000047683716,3.450000047683716,4849,0.0,0.0
2024-01-19 15:30:00-05:00,3.450000047683716,3.569999933242798,3.450000047683716,3.4700000286102295,26348,0.0,0.0
2024-01-22 09:30:00-05:00,3.5999999046325684,4.000100135803223,3.5999999046325684,3.7000999450683594,19214,0.0,0.0
2024-01-22 10:30:00-05:00,3.7699999809265137,3.869999885559082,3.7699999809265137,3.869999885559082,4738,0.0,0.0
2024-01-22 11:30:00-05:00,3.869999885559082,3.940000057220459,3.7500998973846436,3.799999952316284,5666,0.0,0.0
2024-01-22 12:30:00-05:00,3.899899959564209,3.899899959564209,3.75,3.887500047683716,9467,0.0,0.0
2024-01-22 13:30:00-05:00,3.878999948501587,3.880000114440918,3.799999952316284,3.880000114440918,2587,0.0,0.0
2024-01-22 14:30:00-05:00,3.880000114440918,3.880000114440918,3.809999942779541,3.809999942779541,1105,0.0,0.0
2024-01-22 15:30:00-05:00,3.8399999141693115,3.890000104904175,3.799999952316284,3.799999952316284,11688,0.0,0.0
2024-01-23 09:30:00-05:00,4.159999847412109,4.340000152587891,3.8299999237060547,3.869999885559082,68701,0.0,0.0
2024-01-23 10:30:00-05:00,3.890000104904175,4.170000076293945,3.890000104904175,4.099999904632568,22825,0.0,0.0
2024-01-23 11:30:00-05:00,4.09499979019165,4.179999828338623,4.09499979019165,4.179999828338623,2854,0.0,0.0
2024-01-23 12:30:00-05:00,4.181399822235107,4.46999979019165,4.052499771118164,4.269999980926514,22206,0.0,0.0
2024-01-23 13:30:00-05:00,4.156000137329102,4.289999961853027,4.0,4.090000152587891,14523,0.0,0.0
2024-01-23 14:30:00-05:00,4.289999961853027,4.289999961853027,4.099999904632568,4.249000072479248,3910,0.0,0.0
2024-01-23 15:30:00-05:00,4.130000114440918,4.25,4.119999885559082,4.230000019073486,3705,0.0,0.0
2024-01-24 09:30:00-05:00,4.300000190734863,4.429999828338623,4.210000038146973,4.39900016784668,24543,0.0,0.0
2024-01-24 10:30:00-05:00,4.400000095367432,4.9899001121521,4.328700065612793,4.930099964141846,47889,0.0,0.0
2024-01-24 11:30:00-05:00,4.980000019073486,4.980000019073486,4.699999809265137,4.815000057220459,15159,0.0,0.0
2024-01-24 12:30:00-05:00,4.739999771118164,4.889999866485596,4.730000019073486,4.860000133514404,5587,0.0,0.0
2024-01-24 13:30:00-05:00,4.876200199127197,5.480000019073486,4.78000020980835,5.361299991607666,78655,0.0,0.0
2024-01-24 14:30:00-05:00,5.289999961853027,5.599999904632568,5.21999979019165,5.5,49555,0.0,0.0
2024-01-24 15:30:00-05:00,5.449999809265137,5.5,5.269999980926514,5.329999923706055,35435,0.0,0.0
2024-01-25 09:30:00-05:00,5.389999866485596,5.5,4.760000228881836,5.150000095367432,54636,0.0,0.0
2024-01-25 10:30:00-05:00,5.099999904632568,5.18179988861084,4.75,4.75,23958,0.0,0.0
2024-01-25 11:30:00-05:00,4.980000019073486,5.050000190734863,4.78000020980835,4.78000020980835,5275,0.0,0.0
2024-01-25 12:30:00-05:00,4.800000190734863,4.900000095367432,4.360000133514404,4.400000095367432,36071,0.0,0.0
2024-01-25 13:30:00-05:00,4.5,4.519999980926514,4.423699855804443,4.500400066375732,4260,0.0,0.0
2024-01-25 14:30:00-05:00,4.513299942016602,4.513299942016602,4.050099849700928,4.239999771118164,39362,0.0,0.0
2024-01-25 15:30:00-05:00,4.349899768829346,4.349899768829346,4.010000228881836,4.189799785614014,10561,0.0,0.0
2024-01-26 09:30:00-05:00,4.369999885559082,4.406400203704834,4.079999923706055,4.170000076293945,16439,0.0,0.0
2024-01-26 10:30:00-05:00,4.289999961853027,4.289999961853027,4.179999828338623,4.25,8518,0.0,0.0
2024-01-26 11:30:00-05:00,4.267499923706055,4.28000020980835,4.230000019073486,4.230000019073486,8673,0.0,0.0
2024-01-26 12:30:00-05:00,4.199999809265137,4.25,4.050000190734863,4.050000190734863,5423,0.0,0.0
2024-01-26 13:30:00-05:00,4.150000095367432,4.150000095367432,4.050099849700928,4.137499809265137,1018,0.0,0.0
2024-01-26 14:30:00-05:00,4.099999904632568,4.139999866485596,4.090000152587891,4.090000152587891,1128,0.0,0.0
2024-01-26 15:30:00-05:00,4.090000152587891,4.111999988555908,3.9000000953674316,3.9000000953674316,9586,0.0,0.0
2024-01-29 09:30:00-05:00,4.199999809265137,4.46999979019165,3.9200000762939453,4.061200141906738,27072,0.0,0.0
2024-01-29 10:30:00-05:00,4.0,4.099999904632568,3.9200000762939453,4.099999904632568,4602,0.0,0.0
2024-01-29 11:30:00-05:00,4.260000228881836,4.28000020980835,4.007999897003174,4.039999961853027,2416,0.0,0.0
2024-01-29 12:30:00-05:00,4.269999980926514,4.449999809265137,4.070099830627441,4.311600208282471,21876,0.0,0.0
2024-01-29 13:30:00-05:00,4.349999904632568,4.409999847412109,4.185100078582764,4.400000095367432,12210,0.0,0.0
2024-01-29 14:30:00-05:00,4.389999866485596,4.420000076293945,4.300000190734863,4.420000076293945,1636,0.0,0.0
2024-01-29 15:30:00-05:00,4.420000076293945,4.440000057220459,4.320000171661377,4.320000171661377,8898,0.0,0.0
2024-01-30 09:30:00-05:00,4.809999942779541,5.197999954223633,4.5,4.847899913787842,49507,0.0,0.0
2024-01-30 10:30:00-05:00,4.860000133514404,5.059999942779541,4.800899982452393,4.896500110626221,28852,0.0,0.0
2024-01-30 11:30:00-05:00,4.849999904632568,4.900000095367432,4.769999980926514,4.769999980926514,12184,0.0,0.0
2024-01-30 12:30:00-05:00,4.809999942779541,4.860000133514404,4.675000190734863,4.860000133514404,8175,0.0,0.0
2024-01-30 13:30:00-05:00,4.78000020980835,4.855000019073486,4.777400016784668,4.777400016784668,17613,0.0,0.0
2024-01-30 14:30:00-05:00,4.789999961853027,4.889999866485596,4.633900165557861,4.75,9793,0.0,0.0
2024-01-30 15:30:00-05:00,4.75,4.789599895477295,4.679999828338623,4.710000038146973,9326,0.0,0.0
2024-01-31 09:30:00-05:00,4.739999771118164,4.949999809265137,4.739999771118164,4.949999809265137,7163,0.0,0.0
2024-01-31 10:30:00-05:00,4.75,4.849999904632568,4.610000133514404,4.610000133514404,9739,0.0,0.0
2024-01-31 11:30:00-05:00,4.730000019073486,4.860000133514404,4.610000133514404,4.610000133514404,6438,0.0,0.0
2024-01-31 12:30:00-05:00,4.710000038146973,4.800000190734863,4.599999904632568,4.800000190734863,1076,0.0,0.0
2024-01-31 13:30:00-05:00,4.704999923706055,4.760000228881836,4.610000133514404,4.710000038146973,1438,0.0,0.0
2024-01-31 14:30:00-05:00,4.760000228881836,4.784999847412109,4.710000038146973,4.78000020980835,5626,0.0,0.0
2024-01-31 15:30:00-05:00,4.75,4.8094000816345215,4.710000038146973,4.804999828338623,6982,0.0,0.0
2024-02-01 09:30:00-05:00,4.820000171661377,4.820000171661377,4.611999988555908,4.650000095367432,13257,0.0,0.0
2024-02-01 10:30:00-05:00,4.650000095367432,4.880000114440918,4.650000095367432,4.75,1013,0.0,0.0
2024-02-01 11:30:00-05:00,4.679999828338623,4.788000106811523,4.665599822998047,4.665599822998047,1422,0.0,0.0
2024-02-01 12:30:00-05:00,4.51200008392334,4.748000144958496,4.320000171661377,4.748000144958496,3486,0.0,0.0
2024-02-01 13:30:00-05:00,4.71619987487793,4.739999771118164,4.71619987487793,4.739999771118164,502,0.0,0.0
2024-02-01 14:30:00-05:00,4.500100135803223,4.500100135803223,4.500100135803223,4.500100135803223,239,0.0,0.0
2024-02-01 15:30:00-05:00,4.690000057220459,4.699999809265137,4.690000057220459,4.699999809265137,563,0.0,0.0
2024-02-02 09:30:00-05:00,4.75,5.699999809265137,4.71999979019165,5.400000095367432,141256,0.0,0.0
2024-02-02 10:30:00-05:00,5.119999885559082,5.400000095367432,5.119999885559082,5.139999866485596,28087,0.0,0.0
2024-02-02 11:30:00-05:00,5.230000019073486,5.320000171661377,5.210000038146973,5.300000190734863,16584,0.0,0.0
2024-02-02 12:30:00-05:00,5.3053998947143555,5.400000095367432,5.170000076293945,5.179999828338623,11697,0.0,0.0
2024-02-02 13:30:00-05:00,5.21999979019165,5.389999866485596,5.170100212097168,5.182000160217285,7766,0.0,0.0
2024-02-02 14:30:00-05:00,5.190000057220459,5.230000019073486,5.050000190734863,5.081999778747559,11851,0.0,0.0
2024-02-02 15:30:00-05:00,5.080699920654297,5.1479997634887695,5.050000190734863,5.050000190734863,5355,0.0,0.0
2024-02-05 09:30:00-05:00,5.099999904632568,5.099999904632568,4.5,4.920000076293945,36105,0.0,0.0
2024-02-05 10:30:00-05:00,4.860099792480469,5.019899845123291,4.860000133514404,5.019899845123291,2958,0.0,0.0
2024-02-05 11:30:00-05:00,4.900000095367432,4.989999771118164,4.889999866485596,4.890100002288818,2654,0.0,0.0
2024-02-05 12:30:00-05:00,4.900000095367432,4.941999912261963,4.900000095367432,4.900000095367432,3745,0.0,0.0
2024-02-05 13:30:00-05:00,4.94980001449585,4.949999809265137,4.607600212097168,4.949999809265137,25134,0.0,0.0
2024-02-05 14:30:00-05:00,4.949900150299072,4.949900150299072,4.869999885559082,4.880000114440918,2026,0.0,0.0
2024-02-05 15:30:00-05:00,4.900000095367432,4.900000095367432,4.760000228881836,4.766300201416016,1505,0.0,0.0
2024-02-06 09:30:00-05:00,4.804999828338623,5.001699924468994,4.800000190734863,4.949999809265137,11585,0.0,0.0
2024-02-06 10:30:00-05:00,4.949999809265137,5.03000020980835,4.869999885559082,4.888899803161621,13228,0.0,0.0
2024-02-06 11:30:00-05:00,4.869999885559082,4.869999885559082,4.630000114440918,4.829999923706055,1114,0.0,0.0
2024-02-06 12:30:00-05:00,4.739999771118164,4.840000152587891,4.710000038146973,4.710000038146973,4299,0.0,0.0
2024-02-06 13:30:00-05:00,4.78000020980835,4.78000020980835,4.769999980926514,4.769999980926514,1341,0.0,0.0
2024-02-06 14:30:00-05:00,4.739999771118164,4.739999771118164,4.659999847412109,4.699999809265137,3488,0.0,0.0
2024-02-06 15:30:00-05:00,4.749899864196777,4.829999923706055,4.71999979019165,4.730000019073486,10736,0.0,0.0
2024-02-07 09:30:00-05:00,4.75,4.99399995803833,4.610000133514404,4.840000152587891,13854,0.0,0.0
2024-02-07 10:30:00-05:00,4.789999961853027,4.789999961853027,4.599999904632568,4.771399974822998,4726,0.0,0.0
2024-02-07 11:30:00-05:00,4.661300182342529,4.78000020980835,4.661300182342529,4.78000020980835,394,0.0,0.0
2024-02-07 12:30:00-05:00,4.699999809265137,4.75,4.650000095367432,4.75,4810,0.0,0.0
2024-02-07 13:30:00-05:00,4.644800186157227,4.69950008392334,4.519999980926514,4.521999835968018,13127,0.0,0.0
2024-02-07 14:30:00-05:00,4.539599895477295,4.639999866485596,4.53000020980835,4.53000020980835,13914,0.0,0.0
2024-02-07 15:30:00-05:00,4.591000080108643,4.670000076293945,4.512400150299072,4.619999885559082,11914,0.0,0.0
2024-02-08 09:30:00-05:00,4.599999904632568,4.715000152587891,4.5,4.630000114440918,7709,0.0,0.0
2024-02-08 10:30:00-05:00,4.71999979019165,4.788899898529053,4.699999809265137,4.699999809265137,1950,0.0,0.0
2024-02-08 11:30:00-05:00,4.639999866485596,4.679999828338623,4.610000133514404,4.670000076293945,4118,0.0,0.0
2024-02-08 12:30:00-05:00,4.610799789428711,4.610799789428711,4.610799789428711,4.610799789428711,504,0.0,0.0
2024-02-08 13:30:00-05:00,4.630000114440918,4.730000019073486,4.519999980926514,4.722300052642822,3350,0.0,0.0
2024-02-08 14:30:00-05:00,4.546000003814697,4.749899864196777,4.546000003814697,4.650000095367432,2494,0.0,0.0
2024-02-08 15:30:00-05:00,4.560999870300293,4.75,4.560999870300293,4.659999847412109,1726,0.0,0.0
2024-02-09 09:30:00-05:00,4.369999885559082,4.550000190734863,3.799999952316284,4.159999847412109,64094,0.0,0.0
2024-02-09 10:30:00-05:00,4.489999771118164,4.489999771118164,4.019999980926514,4.020100116729736,9671,0.0,0.0
2024-02-09 12:30:00-05:00,4.139100074768066,4.367700099945068,4.119999885559082,4.150000095367432,7761,0.0,0.0
2024-02-09 13:30:00-05:00,4.389999866485596,4.440000057220459,4.179999828338623,4.179999828338623,2043,0.0,0.0
2024-02-09 14:30:00-05:00,4.289999961853027,4.289999961853027,4.190000057220459,4.190000057220459,5358,0.0,0.0
2024-02-09 15:30:00-05:00,4.070000171661377,4.389999866485596,4.059999942779541,4.130000114440918,7322,0.0,0.0
2024-02-12 09:30:00-05:00,4.179999828338623,4.489999771118164,4.179999828338623,4.420000076293945,29993,0.0,0.0
2024-02-12 10:30:00-05:00,4.416299819946289,4.505000114440918,4.416299819946289,4.450099945068359,3849,0.0,0.0
2024-02-12 11:30:00-05:00,4.4506001472473145,4.4506001472473145,4.449999809265137,4.449999809265137,360,0.0,0.0
2024-02-12 12:30:00-05:00,4.420100212097168,4.420100212097168,4.420100212097168,4.420100212097168,628,0.0,0.0
2024-02-12 13:30:00-05:00,4.499899864196777,4.589900016784668,4.380000114440918,4.589900016784668,3484,0.0,0.0
2024-02-12 14:30:00-05:00,4.514999866485596,4.601799964904785,4.489999771118164,4.601799964904785,3655,0.0,0.0
2024-02-12 15:30:00-05:00,4.53000020980835,4.639999866485596,4.420000076293945,4.559999942779541,0,0.0,0.0
2024-02-13 09:30:00-05:00,4.53000020980835,4.602499961853027,4.409999847412109,4.5,9855,0.0,0.0
2024-02-13 10:30:00-05:00,4.434999942779541,4.434999942779541,4.434999942779541,4.434999942779541,317,0.0,0.0
2024-02-13 11:30:00-05:00,4.552000045776367,4.5980000495910645,4.552000045776367,4.5584001541137695,675,0.0,0.0
2024-02-13 12:30:00-05:00,4.550000190734863,4.550000190734863,4.550000190734863,4.550000190734863,272,0.0,0.0
2024-02-13 13:30:00-05:00,4.46999979019165,4.46999979019165,4.46999979019165,4.46999979019165,239,0.0,0.0
2024-02-13 14:30:00-05:00,4.5,4.5,4.46999979019165,4.46999979019165,7236,0.0,0.0
2024-02-13 15:30:00-05:00,4.46999979019165,4.46999979019165,4.46999979019165,4.46999979019165,0,0.0,0.0
2024-02-14 09:30:00-05:00,4.389999866485596,4.599999904632568,4.389999866485596,4.590000152587891,5152,0.0,0.0
2024-02-14 10:30:00-05:00,4.587200164794922,4.590000152587891,4.440199851989746,4.440199851989746,2038,0.0,0.0
2024-02-14 11:30:00-05:00,4.599999904632568,4.599999904632568,4.440000057220459,4.449999809265137,9878,0.0,0.0
2024-02-14 12:30:00-05:00,4.449999809265137,4.459000110626221,4.425000190734863,4.459000110626221,4006,0.0,0.0
2024-02-14 13:30:00-05:00,4.400000095367432,4.401000022888184,4.400000095367432,4.400000095367432,865,0.0,0.0
2024-02-14 14:30:00-05:00,4.449999809265137,4.510000228881836,4.429999828338623,4.429999828338623,4031,0.0,0.0
2024-02-14 15:30:00-05:00,4.440000057220459,4.5,4.400000095367432,4.449999809265137,12010,0.0,0.0
2024-02-15 09:30:00-05:00,4.320000171661377,4.590000152587891,4.320000171661377,4.570799827575684,8959,0.0,0.0
2024-02-15 10:30:00-05:00,4.309999942779541,4.390100002288818,4.309999942779541,4.390100002288818,1000,0.0,0.0
2024-02-15 11:30:00-05:00,4.403200149536133,4.509900093078613,4.403200149536133,4.429999828338623,1554,0.0,0.0
2024-02-15 12:30:00-05:00,4.489999771118164,4.620500087738037,4.4257001876831055,4.571700096130371,5603,0.0,0.0
2024-02-15 13:30:00-05:00,4.429999828338623,4.429999828338623,4.429999828338623,4.429999828338623,223,0.0,0.0
2024-02-15 14:30:00-05:00,4.5,4.929999828338623,4.5,4.900000095367432,14869,0.0,0.0
2024-02-15 15:30:00-05:00,4.869999885559082,4.949999809265137,4.820000171661377,4.949999809265137,3638,0.0,0.0
2024-02-16 09:30:00-05:00,4.989999771118164,5.480000019073486,4.530399799346924,5.150000095367432,35010,0.0,0.0
2024-02-16 10:30:00-05:00,5.034999847412109,5.440000057220459,5.034999847412109,5.389999866485596,21219,0.0,0.0
2024-02-16 11:30:00-05:00,5.28000020980835,5.309999942779541,5.005000114440918,5.005000114440918,8132,0.0,0.0
2024-02-16 12:30:00-05:00,4.989999771118164,5.190299987792969,4.789999961853027,5.190299987792969,4358,0.0,0.0
2024-02-16 13:30:00-05:00,5.185400009155273,5.185400009155273,5.185400009155273,5.185400009155273,1673,0.0,0.0
2024-02-16 14:30:00-05:00,5.1020002365112305,5.170000076293945,5.1020002365112305,5.170000076293945,931,0.0,0.0
2024-02-16 15:30:00-05:00,4.853499889373779,5.139999866485596,4.829999923706055,5.0,1437,0.0,0.0
2024-02-20 09:30:00-05:00,5.139999866485596,5.349999904632568,5.110000133514404,5.25,23227,0.0,0.0
2024-02-20 10:30:00-05:00,5.010000228881836,5.239999771118164,5.010000228881836,5.03000020980835,2038,0.0,0.0
2024-02-20 11:30:00-05:00,5.0258002281188965,5.059999942779541,5.0258002281188965,5.059999942779541,1371,0.0,0.0
2024-02-20 12:30:00-05:00,5.110000133514404,5.110000133514404,4.964000225067139,4.964000225067139,1379,0.0,0.0
2024-02-20 14:30:00-05:00,5.054999828338623,5.110000133514404,5.014999866485596,5.014999866485596,1820,0.0,0.0
2024-02-20 15:30:00-05:00,5.110000133514404,5.130000114440918,5.010000228881836,5.090000152587891,0,0.0,0.0
2024-02-21 09:30:00-05:00,4.71999979019165,5.049699783325195,4.309999942779541,5.001200199127197,12637,0.0,0.0
2024-02-21 10:30:00-05:00,4.699999809265137,4.840000152587891,4.599999904632568,4.664400100708008,2693,0.0,0.0
2024-02-21 11:30:00-05:00,4.659999847412109,4.659999847412109,4.460000038146973,4.510000228881836,9585,0.0,0.0
2024-02-21 12:30:00-05:00,4.619999885559082,4.980000019073486,4.549799919128418,4.980000019073486,4638,0.0,0.0
2024-02-21 13:30:00-05:00,4.550000190734863,4.659999847412109,4.550000190734863,4.659999847412109,1386,0.0,0.0
2024-02-21 14:30:00-05:00,4.619999885559082,4.689000129699707,4.559999942779541,4.678999900817871,1440,0.0,0.0
2024-02-21 15:30:00-05:00,4.579999923706055,4.599999904632568,4.550000190734863,4.559999942779541,0,0.0,0.0
2024-02-22 09:30:00-05:00,4.730000019073486,4.750100135803223,4.679999828338623,4.679999828338623,2804,0.0,0.0
2024-02-22 10:30:00-05:00,4.409999847412109,4.760000228881836,4.409999847412109,4.760000228881836,7017,0.0,0.0
2024-02-22 11:30:00-05:00,4.420000076293945,4.710000038146973,4.420000076293945,4.460000038146973,1845,0.0,0.0
2024-02-22 12:30:00-05:00,4.585000038146973,4.710000038146973,4.460000038146973,4.639999866485596,2704,0.0,0.0
2024-02-22 13:30:00-05:00,4.585000038146973,4.585000038146973,4.4629998207092285,4.4629998207092285,1294,0.0,0.0
2024-02-22 14:30:00-05:00,4.685500144958496,4.685500144958496,4.46999979019165,4.489999771118164,2379,0.0,0.0
2024-02-22 15:30:00-05:00,4.534999847412109,4.534999847412109,4.489999771118164,4.489999771118164,0,0.0,0.0
2024-02-23 09:30:00-05:00,4.449999809265137,4.709400177001953,4.449999809265137,4.647600173950195,3725,0.0,0.0
2024-02-23 10:30:00-05:00,4.510000228881836,4.510000228881836,4.420000076293945,4.5,2635,0.0,0.0
2024-02-23 11:30:00-05:00,4.639999866485596,4.730000019073486,4.474999904632568,4.730000019073486,4368,0.0,0.0
2024-02-23 12:30:00-05:00,4.690000057220459,4.699900150299072,4.605000019073486,4.605000019073486,1361,0.0,0.0
2024-02-23 13:30:00-05:00,4.559999942779541,4.559999942779541,4.559999942779541,4.559999942779541,1166,0.0,0.0
2024-02-23 14:30:00-05:00,4.625,4.625,4.625,4.625,298,0.0,0.0
2024-02-23 15:30:00-05:00,4.614999771118164,4.630000114440918,4.614999771118164,4.630000114440918,216,0.0,0.0
2024-02-26 09:30:00-05:00,4.699999809265137,4.800000190734863,4.309999942779541,4.53000020980835,8563,0.0,0.0
2024-02-26 11:30:00-05:00,4.610000133514404,4.795000076293945,4.539999961853027,4.760000228881836,601,0.0,0.0
2024-02-26 12:30:00-05:00,4.760000228881836,4.829999923706055,4.699999809265137,4.809999942779541,3952,0.0,0.0
2024-02-26 13:30:00-05:00,4.858399868011475,4.909999847412109,4.810200214385986,4.810200214385986,1763,0.0,0.0
2024-02-26 14:30:00-05:00,4.809999942779541,5.0,4.809999942779541,5.0,3416,0.0,0.0
2024-02-26 15:30:00-05:00,4.949999809265137,4.96999979019165,4.949999809265137,4.96999979019165,0,0.0,0.0
2024-02-27 09:30:00-05:00,5.0,5.289999961853027,4.840000152587891,5.151400089263916,12183,0.0,0.0
2024-02-27 10:30:00-05:00,5.079999923706055,5.079999923706055,4.909999847412109,4.989999771118164,6120,0.0,0.0
2024-02-27 11:30:00-05:00,4.909999847412109,4.993500232696533,4.909999847412109,4.993500232696533,534,0.0,0.0
2024-02-27 12:30:00-05:00,4.909999847412109,4.920000076293945,4.599999904632568,4.634200096130371,11006,0.0,0.0
2024-02-27 13:30:00-05:00,4.824999809265137,4.824999809265137,4.824999809265137,4.824999809265137,481,0.0,0.0
2024-02-27 14:30:00-05:00,4.769999980926514,4.809999942779541,4.599999904632568,4.800000190734863,15718,0.0,0.0
2024-02-27 15:30:00-05:00,4.849999904632568,4.849999904632568,4.769999980926514,4.769999980926514,2777,0.0,0.0
2024-02-28 09:30:00-05:00,4.610000133514404,4.866000175476074,4.610000133514404,4.840099811553955,4546,0.0,0.0
2024-02-28 10:30:00-05:00,4.970200061798096,4.998700141906738,4.900000095367432,4.925000190734863,4515,0.0,0.0
2024-02-28 11:30:00-05:00,4.918700218200684,4.918700218200684,4.6433000564575195,4.90749979019165,1367,0.0,0.0
2024-02-28 12:30:00-05:00,4.769999980926514,4.800000190734863,4.699999809265137,4.800000190734863,4864,0.0,0.0
2024-02-28 13:30:00-05:00,4.800000190734863,4.800000190734863,4.449999809265137,4.670100212097168,21501,0.0,0.0
2024-02-28 14:30:00-05:00,4.800000190734863,4.800000190734863,4.670000076293945,4.670000076293945,453,0.0,0.0
2024-02-28 15:30:00-05:00,4.659999847412109,4.659999847412109,4.610000133514404,4.610000133514404,746,0.0,0.0
2024-02-29 09:30:00-05:00,4.619999885559082,4.890699863433838,4.5,4.890699863433838,0,0.0,0.0
2024-02-29 10:30:00-05:00,4.799900054931641,4.799900054931641,4.519999980926514,4.639999866485596,10010,0.0,0.0
2024-02-29 11:30:00-05:00,4.610000133514404,4.75,4.550000190734863,4.570000171661377,2372,0.0,0.0
2024-02-29 12:30:00-05:00,4.570000171661377,4.760000228881836,4.570000171661377,4.570000171661377,3498,0.0,0.0
2024-02-29 13:30:00-05:00,4.664999961853027,4.664999961853027,4.664999961853027,4.664999961853027,214,0.0,0.0
2024-02-29 14:30:00-05:00,4.746500015258789,4.760000228881836,4.730000019073486,4.760000228881836,954,0.0,0.0
2024-02-29 15:30:00-05:00,4.739999771118164,4.760000228881836,4.570000171661377,4.630000114440918,3512,0.0,0.0
2024-03-01 09:30:00-05:00,4.650000095367432,4.880000114440918,4.510000228881836,4.866700172424316,33221,0.0,0.0
2024-03-01 10:30:00-05:00,4.829999923706055,4.996699810028076,4.764999866485596,4.996699810028076,23702,0.0,0.0
2024-03-01 11:30:00-05:00,5.0,5.099999904632568,4.980000019073486,5.050000190734863,8320,0.0,0.0
2024-03-01 12:30:00-05:00,5.085000038146973,5.25,5.0,5.114999771118164,15714,0.0,0.0
2024-03-01 13:30:00-05:00,5.190000057220459,5.699999809265137,5.190000057220459,5.650000095367432,61399,0.0,0.0
2024-03-01 14:30:00-05:00,5.650000095367432,5.699999809265137,5.329999923706055,5.410600185394287,50731,0.0,0.0
2024-03-01 15:30:00-05:00,5.440000057220459,5.519999980926514,5.400000095367432,5.5,11832,0.0,0.0
2024-03-04 09:30:00-05:00,5.570000171661377,5.590000152587891,5.400000095367432,5.480899810791016,35111,0.0,0.0
2024-03-04 10:30:00-05:00,5.5,5.570000171661377,5.320000171661377,5.5,5764,0.0,0.0
2024-03-04 11:30:00-05:00,5.409999847412109,5.5,5.409999847412109,5.5,1406,0.0,0.0
2024-03-04 12:30:00-05:00,5.467700004577637,5.550000190734863,5.460000038146973,5.5,2299,0.0,0.0
2024-03-04 13:30:00-05:00,5.571599960327148,5.589900016784668,5.550000190734863,5.579999923706055,2991,0.0,0.0
2024-03-04 14:30:00-05:00,5.550000190734863,5.590000152587891,5.479499816894531,5.480000019073486,2882,0.0,0.0
2024-03-04 15:30:00-05:00,5.525000095367432,5.571800231933594,5.400000095367432,5.400000095367432,15317,0.0,0.0
2024-03-05 09:30:00-05:00,5.454999923706055,5.590000152587891,5.210000038146973,5.210000038146973,12585,0.0,0.0
2024-03-05 10:30:00-05:00,5.414999961853027,5.510000228881836,5.110000133514404,5.264999866485596,14116,0.0,0.0
2024-03-05 11:30:00-05:00,5.380000114440918,5.491799831390381,5.255000114440918,5.482999801635742,380,0.0,0.0
2024-03-05 12:30:00-05:00,5.440000057220459,5.5,5.340000152587891,5.349999904632568,2866,0.0,0.0
2024-03-05 13:30:00-05:00,5.320000171661377,5.53000020980835,5.150000095367432,5.329999923706055,6658,0.0,0.0
2024-03-05 14:30:00-05:00,5.21999979019165,5.239999771118164,4.920000076293945,5.0,13529,0.0,0.0
2024-03-05 15:30:00-05:00,4.960000038146973,4.980000019073486,4.829999923706055,4.829999923706055,0,0.0,0.0
2024-03-06 09:30:00-05:00,5.25,5.449999809265137,5.199999809265137,5.304999828338623,7442,0.0,0.0
2024-03-06 10:30:00-05:00,5.439499855041504,5.439499855041504,5.434100151062012,5.434100151062012,0,0.0,0.0
2024-03-06 11:30:00-05:00,5.400000095367432,5.449900150299072,5.210000038146973,5.210000038146973,5627,0.0,0.0
2024-03-06 12:30:00-05:00,5.338699817657471,5.690000057220459,5.338699817657471,5.550099849700928,19150,0.0,0.0
2024-03-06 13:30:00-05:00,5.64739990234375,5.64739990234375,5.420000076293945,5.499899864196777,3061,0.0,0.0
2024-03-06 14:30:00-05:00,5.420000076293945,5.599999904632568,5.010000228881836,5.131899833679199,8668,0.0,0.0
2024-03-06 15:30:00-05:00,5.5507001876831055,5.5507001876831055,5.190000057220459,5.360000133514404,13391,0.0,0.0
2024-03-07 09:30:00-05:00,5.400000095367432,5.679999828338623,5.110000133514404,5.110000133514404,9894,0.0,0.0
2024-03-07 10:30:00-05:00,5.599999904632568,5.599999904632568,5.340000152587891,5.434999942779541,6115,0.0,0.0
2024-03-07 11:30:00-05:00,5.5,5.699999809265137,5.449999809265137,5.675000190734863,34840,0.0,0.0
2024-03-07 12:30:00-05:00,5.675000190734863,6.840000152587891,5.590000152587891,6.518700122833252,94191,0.0,0.0
2024-03-07 13:30:00-05:00,6.480000019073486,7.920000076293945,6.480000019073486,7.389999866485596,109065,0.0,0.0
2024-03-07 14:30:00-05:00,7.449900150299072,7.460000038146973,6.900000095367432,7.29010009765625,51444,0.0,0.0
2024-03-07 15:30:00-05:00,7.324999809265137,7.679999828338623,7.230000019073486,7.400000095367432,42238,0.0,0.0
2024-03-08 09:30:00-05:00,8.0,8.860199928283691,7.600100040435791,7.900000095367432,457930,0.0,0.0
2024-03-08 10:30:00-05:00,7.909999847412109,8.100000381469727,6.519999980926514,6.579999923706055,57272,0.0,0.0
2024-03-08 11:30:00-05:00,6.556300163269043,6.960000038146973,4.989999771118164,5.25,102620,0.0,0.0
2024-03-08 12:30:00-05:00,5.349999904632568,5.739999771118164,4.650000095367432,4.909999847412109,88668,0.0,0.0
2024-03-08 13:30:00-05:00,5.25,5.672399997711182,5.090000152587891,5.400000095367432,15841,0.0,0.0
2024-03-08 14:30:00-05:00,5.449999809265137,6.070000171661377,5.179999828338623,5.995800018310547,16726,0.0,0.0
2024-03-08 15:30:00-05:00,5.994999885559082,6.0229997634887695,5.309999942779541,5.71999979019165,24718,0.0,0.0
2024-03-11 09:30:00-04:00,5.690000057220459,5.719200134277344,5.400000095367432,5.449999809265137,16167,0.0,0.0
2024-03-11 10:30:00-04:00,5.440000057220459,5.566999912261963,5.0,5.420000076293945,11651,0.0,0.0
2024-03-11 11:30:00-04:00,5.460000038146973,5.699999809265137,5.460000038146973,5.670000076293945,5269,0.0,0.0
2024-03-11 12:30:00-04:00,5.660600185394287,6.199999809265137,5.659999847412109,6.190000057220459,16387,0.0,0.0
2024-03-11 13:30:00-04:00,5.713200092315674,6.199999809265137,5.696599960327148,5.949999809265137,6683,0.0,0.0
2024-03-11 14:30:00-04:00,6.03849983215332,6.369999885559082,6.03849983215332,6.268899917602539,9269,0.0,0.0
2024-03-11 15:30:00-04:00,6.190000057220459,6.260000228881836,6.050000190734863,6.190000057220459,6277,0.0,0.0
2024-03-12 09:30:00-04:00,5.800000190734863,6.480000019073486,5.800000190734863,6.28000020980835,14390,0.0,0.0
2024-03-12 10:30:00-04:00,6.449999809265137,6.449999809265137,6.062600135803223,6.110099792480469,3519,0.0,0.0
2024-03-12 11:30:00-04:00,6.184999942779541,6.289999961853027,6.184999942779541,6.289999961853027,4742,0.0,0.0
2024-03-12 12:30:00-04:00,6.400000095367432,6.409999847412109,6.2368998527526855,6.340199947357178,2600,0.0,0.0
2024-03-12 13:30:00-04:00,6.199999809265137,6.360000133514404,6.119999885559082,6.360000133514404,897,0.0,0.0
2024-03-12 14:30:00-04:00,6.25,6.369999885559082,6.139999866485596,6.369999885559082,3458,0.0,0.0
2024-03-12 15:30:00-04:00,6.360000133514404,6.489999771118164,6.230000019073486,6.369999885559082,0,0.0,0.0
2024-03-13 09:30:00-04:00,6.53000020980835,7.319900035858154,6.53000020980835,7.079999923706055,30620,0.0,0.0
2024-03-13 10:30:00-04:00,7.090000152587891,7.249899864196777,6.940000057220459,7.099999904632568,19235,0.0,0.0
2024-03-13 11:30:00-04:00,7.099999904632568,7.260000228881836,7.070000171661377,7.260000228881836,8022,0.0,0.0
2024-03-13 12:30:00-04:00,7.300000190734863,7.519999980926514,7.300000190734863,7.38670015335083,16445,0.0,0.0
2024-03-13 13:30:00-04:00,7.340000152587891,7.429999828338623,7.21999979019165,7.230100154876709,6863,0.0,0.0
2024-03-13 14:30:00-04:00,7.34499979019165,7.570000171661377,7.239999771118164,7.570000171661377,22097,0.0,0.0
2024-03-13 15:30:00-04:00,7.570000171661377,7.880000114440918,7.550000190734863,7.559999942779541,28335,0.0,0.0
2024-03-14 09:30:00-04:00,7.5,7.814000129699707,6.82480001449585,6.980000019073486,50981,0.0,0.0
2024-03-14 10:30:00-04:00,7.0,7.5,6.889999866485596,7.179999828338623,44759,0.0,0.0
2024-03-14 11:30:00-04:00,7.179999828338623,7.489999771118164,7.179999828338623,7.25,923,0.0,0.0
2024-03-14 12:30:00-04:00,7.269999980926514,7.4899001121521,7.230000019073486,7.289999961853027,16555,0.0,0.0
2024-03-14 13:30:00-04:00,7.300000190734863,7.329599857330322,7.199999809265137,7.25600004196167,11217,0.0,0.0
2024-03-14 14:30:00-04:00,7.150000095367432,7.269999980926514,7.150000095367432,7.269999980926514,740,0.0,0.0
2024-03-14 15:30:00-04:00,7.25,7.25,7.079999923706055,7.079999923706055,4658,0.0,0.0
2024-03-15 09:30:00-04:00,7.079999923706055,7.326399803161621,7.079999923706055,7.299900054931641,4766,0.0,0.0
2024-03-15 10:30:00-04:00,7.230000019073486,7.230000019073486,7.019999980926514,7.019999980926514,4919,0.0,0.0
2024-03-15 11:30:00-04:00,6.920000076293945,6.920000076293945,6.920000076293945,6.920000076293945,395,0.0,0.0
2024-03-15 12:30:00-04:00,6.889999866485596,7.239999771118164,6.889999866485596,7.210000038146973,1616,0.0,0.0
2024-03-15 13:30:00-04:00,7.230000019073486,7.480000019073486,7.019999980926514,7.320000171661377,13775,0.0,0.0
2024-03-15 14:30:00-04:00,7.170000076293945,7.204899787902832,7.170000076293945,7.204899787902832,707,0.0,0.0
2024-03-15 15:30:00-04:00,7.474800109863281,7.5,7.385000228881836,7.5,18098,0.0,0.0
2024-03-18 09:30:00-04:00,7.170000076293945,7.889999866485596,7.170000076293945,7.800000190734863,17676,0.0,0.0
2024-03-18 10:30:00-04:00,7.800000190734863,9.0,7.800000190734863,8.449999809265137,58187,0.0,0.0
2024-03-18 11:30:00-04:00,8.45009994506836,8.930000305175781,8.449999809265137,8.539999961853027,17285,0.0,0.0
2024-03-18 12:30:00-04:00,8.550000190734863,8.6899995803833,8.15999984741211,8.324999809265137,13358,0.0,0.0
2024-03-18 13:30:00-04:00,8.15999984741211,8.469799995422363,8.15999984741211,8.469799995422363,2176,0.0,0.0
2024-03-18 14:30:00-04:00,8.399999618530273,8.479999542236328,8.350000381469727,8.470000267028809,2070,0.0,0.0
2024-03-18 15:30:00-04:00,8.431500434875488,8.470000267028809,8.345000267028809,8.345000267028809,2880,0.0,0.0
2024-03-19 09:30:00-04:00,8.220000267028809,8.680000305175781,8.170000076293945,8.470000267028809,13603,0.0,0.0
2024-03-19 10:30:00-04:00,8.489999771118164,8.489999771118164,8.300000190734863,8.3100004196167,8120,0.0,0.0
2024-03-19 11:30:00-04:00,8.300000190734863,8.449999809265137,8.300000190734863,8.300000190734863,2310,0.0,0.0
2024-03-19 12:30:00-04:00,8.400099754333496,8.5,8.400099754333496,8.5,2772,0.0,0.0
2024-03-19 14:30:00-04:00,8.649999618530273,8.999899864196777,8.460000038146973,8.510000228881836,18418,0.0,0.0
2024-03-19 15:30:00-04:00,8.604999542236328,8.729999542236328,8.40999984741211,8.524999618530273,7255,0.0,0.0
2024-03-20 09:30:00-04:00,8.699999809265137,9.5,8.5,9.390000343322754,34483,0.0,0.0
2024-03-20 10:30:00-04:00,9.397299766540527,10.399999618530273,9.039999961853027,10.225000381469727,50660,0.0,0.0
2024-03-20 11:30:00-04:00,10.184100151062012,10.1899995803833,9.770099639892578,9.94279956817627,19614,0.0,0.0
2024-03-20 12:30:00-04:00,9.90999984741211,10.160900115966797,9.90999984741211,9.989999771118164,4249,0.0,0.0
2024-03-20 13:30:00-04:00,9.916299819946289,11.1899995803833,9.899999618530273,11.1899995803833,38912,0.0,0.0
2024-03-20 14:30:00-04:00,11.40470027923584,11.858400344848633,10.789999961853027,10.829999923706055,36330,0.0,0.0
2024-03-20 15:30:00-04:00,10.920000076293945,11.010000228881836,10.34000015258789,10.949999809265137,16905,0.0,0.0
2024-03-21 09:30:00-04:00,11.262999534606934,14.5,11.180000305175781,12.859999656677246,149118,0.0,0.0
2024-03-21 10:30:00-04:00,12.640000343322754,13.550000190734863,12.300000190734863,12.899999618530273,47714,0.0,0.0
2024-03-21 11:30:00-04:00,13.399999618530273,14.720000267028809,13.180000305175781,14.09000015258789,75609,0.0,0.0
2024-03-21 12:30:00-04:00,13.729999542236328,14.099599838256836,12.869999885559082,13.880000114440918,50972,0.0,0.0
2024-03-21 13:30:00-04:00,13.8100004196167,13.880000114440918,13.40999984741211,13.760000228881836,18670,0.0,0.0
2024-03-21 14:30:00-04:00,13.845000267028809,14.119999885559082,13.5,14.0,21578,0.0,0.0
2024-03-21 15:30:00-04:00,14.055000305175781,14.719900131225586,14.055000305175781,14.529999732971191,32305,0.0,0.0
2024-03-22 09:30:00-04:00,14.5,14.5,12.0423002243042,13.5600004196167,91710,0.0,0.0
2024-03-22 10:30:00-04:00,13.529999732971191,13.679900169372559,12.979999542236328,13.234999656677246,13596,0.0,0.0
2024-03-22 11:30:00-04:00,13.399900436401367,13.399900436401367,12.229999542236328,12.97659969329834,9581,0.0,0.0
2024-03-22 12:30:00-04:00,12.600000381469727,12.708999633789062,10.510000228881836,10.640000343322754,46004,0.0,0.0
2024-03-22 13:30:00-04:00,11.09000015258789,12.0,9.260000228881836,9.260000228881836,43454,0.0,0.0
2024-03-22 14:30:00-04:00,8.649999618530273,9.949999809265137,8.579999923706055,9.890000343322754,37245,0.0,0.0
2024-03-22 15:30:00-04:00,9.899999618530273,9.899999618530273,9.220000267028809,9.300000190734863,17240,0.0,0.0
2024-03-25 09:30:00-04:00,10.3100004196167,12.5,10.3100004196167,11.350000381469727,102657,0.0,0.0
2024-03-25 10:30:00-04:00,11.273699760437012,11.670000076293945,10.440199851989746,11.0600004196167,66456,0.0,0.0
2024-03-25 11:30:00-04:00,11.25,11.539999961853027,11.020000457763672,11.539999961853027,14633,0.0,0.0
2024-03-25 12:30:00-04:00,10.850000381469727,11.668999671936035,10.850000381469727,11.260000228881836,11740,0.0,0.0
2024-03-25 13:30:00-04:00,11.020000457763672,11.575900077819824,10.94159984588623,11.029500007629395,10199,0.0,0.0
2024-03-25 14:30:00-04:00,11.25,11.380599975585938,11.029999732971191,11.100000381469727,10741,0.0,0.0
2024-03-25 15:30:00-04:00,11.050000190734863,11.305000305175781,10.729999542236328,10.739999771118164,9500,0.0,0.0
2024-03-26 09:30:00-04:00,11.130000114440918,13.920000076293945,11.130000114440918,13.010000228881836,89593,0.0,0.0
2024-03-26 10:30:00-04:00,13.100000381469727,13.390000343322754,13.040399551391602,13.055999755859375,10889,0.0,0.0
2024-03-26 11:30:00-04:00,13.069999694824219,13.069999694824219,11.550000190734863,12.225500106811523,38225,0.0,0.0
2024-03-26 12:30:00-04:00,12.348999977111816,12.755000114440918,12.109999656677246,12.201000213623047,8444,0.0,0.0
2024-03-26 13:30:00-04:00,12.050000190734863,12.460000038146973,12.0,12.460000038146973,4107,0.0,0.0
2024-03-26 14:30:00-04:00,12.454999923706055,12.454999923706055,12.239899635314941,12.239899635314941,1375,0.0,0.0
2024-03-26 15:30:00-04:00,12.1899995803833,12.779999732971191,12.079999923706055,12.774999618530273,10506,0.0,0.0
2024-03-27 09:30:00-04:00,13.5,13.979999542236328,12.0,12.885000228881836,59728,0.0,0.0
2024-03-27 10:30:00-04:00,13.170000076293945,13.170000076293945,12.340100288391113,12.5,14278,0.0,0.0
2024-03-27 11:30:00-04:00,12.380000114440918,12.489999771118164,12.03439998626709,12.229999542236328,6282,0.0,0.0
2024-03-27 12:30:00-04:00,12.25,12.477999687194824,12.000100135803223,12.175100326538086,5266,0.0,0.0
2024-03-27 13:30:00-04:00,12.020000457763672,12.020000457763672,11.579999923706055,11.699999809265137,7761,0.0,0.0
2024-03-27 14:30:00-04:00,12.0,12.556599617004395,11.899999618530273,12.260000228881836,2904,0.0,0.0
2024-03-27 15:30:00-04:00,12.359999656677246,12.550000190734863,12.250100135803223,12.399999618530273,4478,0.0,0.0
2024-03-28 09:30:00-04:00,12.229999542236328,12.229999542236328,11.010000228881836,11.020000457763672,20612,0.0,0.0
2024-03-28 10:30:00-04:00,11.029999732971191,12.25,11.029999732971191,11.305000305175781,4306,0.0,0.0
2024-03-28 11:30:00-04:00,11.289999961853027,11.680000305175781,11.229999542236328,11.680000305175781,15902,0.0,0.0
2024-03-28 12:30:00-04:00,11.4399995803833,11.66670036315918,11.4399995803833,11.550000190734863,1750,0.0,0.0
2024-03-28 13:30:00-04:00,11.40999984741211,11.40999984741211,11.149999618530273,11.350000381469727,2323,0.0,0.0
2024-03-28 14:30:00-04:00,11.460000038146973,12.399999618530273,11.359999656677246,12.399999618530273,3250,0.0,0.0
2024-03-28 15:30:00-04:00,12.164999961853027,12.3100004196167,11.800000190734863,11.850000381469727,6916,0.0,0.0
2024-04-01 09:30:00-04:00,11.899999618530273,12.78499984741211,11.770000457763672,12.78499984741211,17543,0.0,0.0
2024-04-01 10:30:00-04:00,13.0,13.479900360107422,13.0,13.387999534606934,11014,0.0,0.0
2024-04-01 11:30:00-04:00,13.239999771118164,14.279999732971191,13.149999618530273,13.149999618530273,34851,0.0,0.0
2024-04-01 12:30:00-04:00,13.149999618530273,13.379500389099121,13.085000038146973,13.085000038146973,4677,0.0,0.0
2024-04-01 13:30:00-04:00,13.140000343322754,13.890000343322754,13.020000457763672,13.580400466918945,15266,0.0,0.0
2024-04-01 14:30:00-04:00,13.580100059509277,13.850000381469727,13.390000343322754,13.582200050354004,18084,0.0,0.0
2024-04-01 15:30:00-04:00,13.84000015258789,13.899999618530273,13.609999656677246,13.65999984741211,9758,0.0,0.0
2024-04-02 09:30:00-04:00,14.279999732971191,14.279999732971191,13.199999809265137,13.79990005493164,23786,0.0,0.0
2024-04-02 10:30:00-04:00,13.79990005493164,14.180000305175781,13.479999542236328,14.100000381469727,8273,0.0,0.0
2024-04-02 11:30:00-04:00,14.100000381469727,15.1899995803833,13.600099563598633,14.789999961853027,18674,0.0,0.0
2024-04-02 12:30:00-04:00,14.800000190734863,15.649999618530273,14.760000228881836,15.03499984741211,32636,0.0,0.0
2024-04-02 13:30:00-04:00,15.100000381469727,15.300000190734863,14.90999984741211,15.300000190734863,14331,0.0,0.0
2024-04-02 14:30:00-04:00,15.25,15.449999809265137,15.090399742126465,15.305000305175781,7450,0.0,0.0
2024-04-02 15:30:00-04:00,15.125,15.29990005493164,14.949999809265137,15.010000228881836,14632,0.0,0.0
2024-04-03 09:30:00-04:00,15.300000190734863,18.889999389648438,15.300000190734863,18.15049934387207,69053,0.0,0.0
2024-04-03 10:30:00-04:00,18.399999618530273,19.920000076293945,18.0,19.920000076293945,58150,0.0,0.0
2024-04-03 11:30:00-04:00,19.519500732421875,20.516000747680664,18.327499389648438,19.023799896240234,75067,0.0,0.0
2024-04-03 12:30:00-04:00,18.93000030517578,19.489999771118164,18.494600296020508,19.15959930419922,27172,0.0,0.0
2024-04-03 13:30:00-04:00,19.280000686645508,20.68000030517578,18.790000915527344,19.040000915527344,52798,0.0,0.0
2024-04-03 14:30:00-04:00,19.3700008392334,19.419700622558594,16.719999313354492,17.037700653076172,53337,0.0,0.0
2024-04-03 15:30:00-04:00,17.170000076293945,17.170000076293945,16.299999237060547,16.299999237060547,37691,0.0,0.0
2024-04-04 09:30:00-04:00,18.229999542236328,21.940000534057617,17.5,18.040000915527344,76261,0.0,0.0
2024-04-04 10:30:00-04:00,18.405000686645508,18.405000686645508,16.200000762939453,16.639999389648438,44692,0.0,0.0
2024-04-04 11:30:00-04:00,16.4950008392334,16.4950008392334,15.020000457763672,16.139999389648438,35346,0.0,0.0
2024-04-04 12:30:00-04:00,16.049999237060547,16.489900588989258,16.02039909362793,16.149999618530273,15455,0.0,0.0
2024-04-04 13:30:00-04:00,16.0,16.0,15.40999984741211,15.75,7789,0.0,0.0
2024-04-04 14:30:00-04:00,15.475000381469727,15.475000381469727,14.933899879455566,15.069999694824219,26172,0.0,0.0
2024-04-04 15:30:00-04:00,15.039999961853027,15.410300254821777,14.600000381469727,15.359999656677246,24267,0.0,0.0
2024-04-05 09:30:00-04:00,15.039999961853027,18.0,15.0,16.465599060058594,25854,0.0,0.0
2024-04-05 10:30:00-04:00,16.700000762939453,17.479999542236328,16.442800521850586,17.479999542236328,15990,0.0,0.0
2024-04-05 11:30:00-04:00,17.420000076293945,17.709999084472656,17.030099868774414,17.165000915527344,12557,0.0,0.0
2024-04-05 12:30:00-04:00,17.110599517822266,17.44580078125,16.850000381469727,16.915000915527344,10590,0.0,0.0
2024-04-05 13:30:00-04:00,16.9143009185791,16.9143009185791,16.3700008392334,16.729999542236328,4404,0.0,0.0
2024-04-05 14:30:00-04:00,16.579999923706055,16.795000076293945,16.3700008392334,16.56999969482422,4851,0.0,0.0
2024-04-05 15:30:00-04:00,16.670000076293945,17.099000930786133,16.670000076293945,16.989999771118164,7320,0.0,0.0
2024-04-08 09:30:00-04:00,17.950000762939453,18.56999969482422,17.209999084472656,17.219999313354492,49193,0.0,0.0
2024-04-08 10:30:00-04:00,17.401199340820312,17.489999771118164,15.510000228881836,15.510000228881836,30342,0.0,0.0
2024-04-08 11:30:00-04:00,15.930000305175781,16.399999618530273,15.5,15.773099899291992,15190,0.0,0.0
2024-04-08 12:30:00-04:00,16.100000381469727,16.200000762939453,15.800000190734863,15.800000190734863,6428,0.0,0.0
2024-04-08 13:30:00-04:00,16.1299991607666,16.1299991607666,15.260000228881836,16.0,17316,0.0,0.0
2024-04-08 14:30:00-04:00,16.18000030517578,16.530000686645508,16.0,16.350000381469727,14015,0.0,0.0
2024-04-08 15:30:00-04:00,16.649999618530273,16.760000228881836,16.329999923706055,16.75,5216,0.0,0.0
2024-04-09 09:30:00-04:00,15.949999809265137,16.420799255371094,15.100099563598633,15.949999809265137,27488,0.0,0.0
2024-04-09 10:30:00-04:00,15.57800006866455,15.795000076293945,15.329999923706055,15.720000267028809,6603,0.0,0.0
2024-04-09 11:30:00-04:00,15.539999961853027,15.670000076293945,14.720100402832031,14.770000457763672,11078,0.0,0.0
2024-04-09 12:30:00-04:00,14.550000190734863,15.0,14.199999809265137,15.0,12491,0.0,0.0
2024-04-09 13:30:00-04:00,15.0,15.359999656677246,14.767900466918945,15.259900093078613,10457,0.0,0.0
2024-04-09 14:30:00-04:00,15.020000457763672,15.097999572753906,14.809800148010254,14.994999885559082,9096,0.0,0.0
2024-04-09 15:30:00-04:00,14.994999885559082,15.050000190734863,14.510000228881836,14.960000038146973,10643,0.0,0.0
2024-04-10 09:30:00-04:00,14.960000038146973,15.5,14.958000183105469,15.5,18024,0.0,0.0
2024-04-10 10:30:00-04:00,15.880000114440918,15.880000114440918,15.0,15.062000274658203,6249,0.0,0.0
2024-04-10 11:30:00-04:00,15.396599769592285,15.396599769592285,15.0,15.010000228881836,2600,0.0,0.0
2024-04-10 12:30:00-04:00,15.180000305175781,15.220000267028809,15.000800132751465,15.000800132751465,1971,0.0,0.0
2024-04-10 13:30:00-04:00,15.194999694824219,15.300000190734863,14.800000190734863,14.83489990234375,4431,0.0,0.0
2024-04-10 14:30:00-04:00,14.859999656677246,14.920000076293945,14.520000457763672,14.920000076293945,5373,0.0,0.0
2024-04-10 15:30:00-04:00,14.895000457763672,15.0,14.819999694824219,14.899999618530273,4908,0.0,0.0
2024-04-11 09:30:00-04:00,15.40999984741211,16.15999984741211,14.618900299072266,14.648200035095215,21241,0.0,0.0
2024-04-11 10:30:00-04:00,14.510000228881836,14.979999542236328,14.220000267028809,14.649999618530273,8922,0.0,0.0
2024-04-11 11:30:00-04:00,14.805000305175781,14.9399995803833,14.660099983215332,14.9399995803833,2947,0.0,0.0
2024-04-11 12:30:00-04:00,14.760000228881836,14.760000228881836,14.760000228881836,14.760000228881836,2930,0.0,0.0
2024-04-11 13:30:00-04:00,14.869999885559082,15.050000190734863,14.800000190734863,14.975000381469727,3735,0.0,0.0
2024-04-11 14:30:00-04:00,14.920000076293945,14.920000076293945,14.701299667358398,14.701299667358398,3640,0.0,0.0
2024-04-11 15:30:00-04:00,14.649999618530273,14.999600410461426,14.649999618530273,14.970000267028809,7020,0.0,0.0
2024-04-12 09:30:00-04:00,14.379500389099121,14.710000038146973,14.100000381469727,14.329999923706055,11455,0.0,0.0
2024-04-12 10:30:00-04:00,14.239999771118164,14.380000114440918,13.100000381469727,13.120100021362305,16273,0.0,0.0
2024-04-12 11:30:00-04:00,13.609999656677246,13.609999656677246,13.0600004196167,13.140000343322754,10630,0.0,0.0
2024-04-12 12:30:00-04:00,13.25,13.390000343322754,13.140000343322754,13.140000343322754,7148,0.0,0.0
2024-04-12 13:30:00-04:00,13.010000228881836,13.119999885559082,12.510000228881836,13.074999809265137,12981,0.0,0.0
2024-04-12 14:30:00-04:00,13.095000267028809,13.29990005493164,13.010100364685059,13.010100364685059,6010,0.0,0.0
2024-04-12 15:30:00-04:00,13.300000190734863,13.479999542236328,13.109999656677246,13.354999542236328,4904,0.0,0.0
2024-04-15 09:30:00-04:00,12.699999809265137,13.489999771118164,11.300100326538086,11.484999656677246,32774,0.0,0.0
2024-04-15 10:30:00-04:00,11.029999732971191,11.359999656677246,8.149999618530273,8.329999923706055,90090,0.0,0.0
2024-04-15 11:30:00-04:00,8.359999656677246,9.752300262451172,8.359999656677246,9.100000381469727,61162,0.0,0.0
2024-04-15 12:30:00-04:00,9.069999694824219,9.300000190734863,8.4399995803833,8.779999732971191,42293,0.0,0.0
2024-04-15 13:30:00-04:00,8.729999542236328,8.729999542236328,8.050000190734863,8.497200012207031,28989,0.0,0.0
2024-04-15 14:30:00-04:00,8.529999732971191,8.699999809265137,8.25,8.300000190734863,21667,0.0,0.0
2024-04-15 15:30:00-04:00,8.289999961853027,8.34000015258789,8.100000381469727,8.100000381469727,18140,0.0,0.0
2024-04-16 09:30:00-04:00,8.170000076293945,9.189900398254395,8.140000343322754,9.102999687194824,41565,0.0,0.0
2024-04-16 10:30:00-04:00,8.90060043334961,8.90060043334961,8.640000343322754,8.715999603271484,10860,0.0,0.0
2024-04-16 11:30:00-04:00,8.699999809265137,8.710000038146973,8.20009994506836,8.351799964904785,17777,0.0,0.0
2024-04-16 12:30:00-04:00,8.360099792480469,8.360099792480469,8.029999732971191,8.140000343322754,5613,0.0,0.0
2024-04-16 13:30:00-04:00,7.949999809265137,8.423999786376953,7.878300189971924,8.423999786376953,7134,0.0,0.0
2024-04-16 14:30:00-04:00,8.229999542236328,8.319999694824219,8.229999542236328,8.239999771118164,2174,0.0,0.0
2024-04-16 15:30:00-04:00,8.210000038146973,8.34939956665039,8.199999809265137,8.34939956665039,1637,0.0,0.0
2024-04-17 09:30:00-04:00,8.289999961853027,8.420000076293945,7.776800155639648,7.800000190734863,13301,0.0,0.0
2024-04-17 10:30:00-04:00,7.921000003814697,8.260000228881836,7.809999942779541,8.109999656677246,18550,0.0,0.0
2024-04-17 11:30:00-04:00,7.9131999015808105,7.989999771118164,7.880000114440918,7.909999847412109,5174,0.0,0.0
2024-04-17 12:30:00-04:00,7.9608001708984375,7.9608001708984375,7.309999942779541,7.5,17533,0.0,0.0
2024-04-17 13:30:00-04:00,7.739999771118164,7.940000057220459,7.400000095367432,7.489999771118164,6323,0.0,0.0
2024-04-17 14:30:00-04:00,7.590099811553955,7.889900207519531,7.590000152587891,7.590000152587891,3034,0.0,0.0
2024-04-17 15:30:00-04:00,7.78000020980835,7.809999942779541,7.610000133514404,7.610099792480469,13544,0.0,0.0
2024-04-18 09:30:00-04:00,7.570000171661377,8.670000076293945,7.520699977874756,8.511899948120117,21812,0.0,0.0
2024-04-18 10:30:00-04:00,8.670000076293945,9.487299919128418,8.300000190734863,8.770000457763672,22228,0.0,0.0
2024-04-18 11:30:00-04:00,8.774999618530273,11.149900436401367,8.774999618530273,10.129400253295898,129960,0.0,0.0
2024-04-18 12:30:00-04:00,9.529999732971191,9.921500205993652,8.720000267028809,8.720000267028809,53659,0.0,0.0
2024-04-18 13:30:00-04:00,8.988699913024902,9.550800323486328,8.90999984741211,9.329999923706055,7404,0.0,0.0
2024-04-18 14:30:00-04:00,9.239999771118164,9.569999694824219,9.239999771118164,9.399999618530273,8324,0.0,0.0
2024-04-18 15:30:00-04:00,9.479999542236328,9.61989974975586,9.17140007019043,9.489999771118164,13199,0.0,0.0
2024-04-19 09:30:00-04:00,9.5,11.261699676513672,9.100000381469727,10.229999542236328,63026,0.0,0.0
2024-04-19 10:30:00-04:00,10.40999984741211,10.569999694824219,9.789799690246582,10.1899995803833,18804,0.0,0.0
2024-04-19 11:30:00-04:00,10.25,10.759900093078613,10.082799911499023,10.759900093078613,12210,0.0,0.0
2024-04-19 12:30:00-04:00,10.517000198364258,10.635600090026855,10.229999542236328,10.520000457763672,14430,0.0,0.0
2024-04-19 13:30:00-04:00,10.369999885559082,10.59000015258789,10.15999984741211,10.15999984741211,4375,0.0,0.0
2024-04-19 14:30:00-04:00,10.199999809265137,10.501899719238281,10.161999702453613,10.229999542236328,2825,0.0,0.0
2024-04-19 15:30:00-04:00,10.40999984741211,10.489999771118164,10.239999771118164,10.380000114440918,6998,0.0,0.0
2024-04-22 09:30:00-04:00,10.300000190734863,10.9399995803833,10.300000190734863,10.739999771118164,6865,0.0,0.0
2024-04-22 10:30:00-04:00,10.46780014038086,10.46780014038086,10.329999923706055,10.375,3450,0.0,0.0
2024-04-22 11:30:00-04:00,10.649999618530273,10.649999618530273,10.649999618530273,10.649999618530273,1615,0.0,0.0
2024-04-22 12:30:00-04:00,10.300000190734863,10.300000190734863,10.15999984741211,10.244999885559082,1830,0.0,0.0
2024-04-22 13:30:00-04:00,10.380000114440918,10.380000114440918,10.149999618530273,10.369999885559082,1185,0.0,0.0
2024-04-22 14:30:00-04:00,10.220000267028809,10.25,10.099599838256836,10.099599838256836,2415,0.0,0.0
2024-04-22 15:30:00-04:00,10.029999732971191,10.369999885559082,9.954999923706055,10.369999885559082,8016,0.0,0.0
2024-04-23 09:30:00-04:00,10.079999923706055,10.633099555969238,10.034199714660645,10.1899995803833,19045,0.0,0.0
2024-04-23 10:30:00-04:00,10.21500015258789,10.5,10.21500015258789,10.5,2365,0.0,0.0
2024-04-23 11:30:00-04:00,10.149999618530273,10.430000305175781,10.149999618530273,10.180000305175781,1561,0.0,0.0
2024-04-23 12:30:00-04:00,10.3149995803833,10.75,10.010000228881836,10.720000267028809,20314,0.0,0.0
2024-04-23 13:30:00-04:00,10.620599746704102,10.869999885559082,10.430000305175781,10.800000190734863,17200,0.0,0.0
2024-04-23 14:30:00-04:00,10.795000076293945,10.899999618530273,10.609999656677246,10.609999656677246,3770,0.0,0.0
2024-04-23 15:30:00-04:00,10.9399995803833,11.0,10.9399995803833,11.0,2775,0.0,0.0
2024-04-24 09:30:00-04:00,11.899999618530273,11.899999618530273,11.050000190734863,11.100000381469727,12856,0.0,0.0
2024-04-24 10:30:00-04:00,11.130000114440918,11.25,10.805399894714355,10.838199615478516,4398,0.0,0.0
2024-04-24 11:30:00-04:00,10.9399995803833,10.960000038146973,10.9399995803833,10.960000038146973,1638,0.0,0.0
2024-04-24 12:30:00-04:00,11.10890007019043,11.109800338745117,11.10890007019043,11.109800338745117,3609,0.0,0.0
2024-04-24 13:30:00-04:00,11.199999809265137,11.269000053405762,11.199999809265137,11.269000053405762,4617,0.0,0.0
2024-04-24 15:30:00-04:00,11.659899711608887,11.659899711608887,11.470000267028809,11.489999771118164,2515,0.0,0.0
2024-04-25 09:30:00-04:00,11.5,12.010000228881836,11.170100212097168,11.739999771118164,19554,0.0,0.0
2024-04-25 10:30:00-04:00,11.869999885559082,11.90999984741211,11.59000015258789,11.800000190734863,2015,0.0,0.0
2024-04-25 11:30:00-04:00,11.819999694824219,12.229999542236328,11.62440013885498,12.170000076293945,8710,0.0,0.0
2024-04-25 12:30:00-04:00,12.405799865722656,12.449999809265137,12.0,12.110099792480469,7726,0.0,0.0
2024-04-25 13:30:00-04:00,11.809000015258789,12.109199523925781,11.600000381469727,11.601499557495117,3818,0.0,0.0
2024-04-25 14:30:00-04:00,11.609999656677246,11.90999984741211,11.609999656677246,11.774999618530273,1408,0.0,0.0
2024-04-25 15:30:00-04:00,11.640000343322754,12.092499732971191,11.640000343322754,11.863499641418457,6077,0.0,0.0
2024-04-26 09:30:00-04:00,12.199999809265137,12.23960018157959,11.213600158691406,11.390000343322754,8719,0.0,0.0
2024-04-26 10:30:00-04:00,11.390000343322754,11.547599792480469,10.59000015258789,10.683300018310547,6827,0.0,0.0
2024-04-26 11:30:00-04:00,10.805000305175781,11.445799827575684,10.805000305175781,11.445799827575684,2149,0.0,0.0
2024-04-26 12:30:00-04:00,10.84000015258789,10.925000190734863,10.670000076293945,10.925000190734863,1967,0.0,0.0
2024-04-26 13:30:00-04:00,11.139900207519531,11.139900207519531,10.959099769592285,10.959099769592285,1001,0.0,0.0
2024-04-26 14:30:00-04:00,10.9399995803833,10.9399995803833,10.899999618530273,10.900099754333496,1408,0.0,0.0
2024-04-26 15:30:00-04:00,10.989999771118164,11.170000076293945,10.699999809265137,10.699999809265137,11040,0.0,0.0
2024-04-29 09:30:00-04:00,10.9399995803833,10.9399995803833,9.5,10.130000114440918,15317,0.0,0.0
2024-04-29 10:30:00-04:00,10.140000343322754,10.404999732971191,10.140000343322754,10.1899995803833,4079,0.0,0.0
2024-04-29 11:30:00-04:00,10.35830020904541,10.35830020904541,10.35830020904541,10.35830020904541,410,0.0,0.0
2024-04-29 12:30:00-04:00,10.360400199890137,10.669400215148926,10.109999656677246,10.345000267028809,3171,0.0,0.0
2024-04-29 13:30:00-04:00,10.284199714660645,10.284199714660645,10.284199714660645,10.284199714660645,278,0.0,0.0
2024-04-29 14:30:00-04:00,10.225000381469727,10.229999542236328,10.220000267028809,10.220000267028809,1150,0.0,0.0
2024-04-29 15:30:00-04:00,10.130000114440918,10.130000114440918,10.0,10.010000228881836,2077,0.0,0.0
2024-04-30 09:30:00-04:00,11.25,13.469900131225586,11.199999809265137,13.208399772644043,75159,0.0,0.0
2024-04-30 10:30:00-04:00,13.470000267028809,15.399999618530273,13.199999809265137,13.765000343322754,115249,0.0,0.0
2024-04-30 11:30:00-04:00,13.999899864196777,14.59000015258789,13.567899703979492,13.96500015258789,28223,0.0,0.0
2024-04-30 12:30:00-04:00,14.015000343322754,14.015000343322754,13.710000038146973,13.8100004196167,8887,0.0,0.0
2024-04-30 13:30:00-04:00,13.84000015258789,13.84000015258789,13.079099655151367,13.399999618530273,18127,0.0,0.0
2024-04-30 14:30:00-04:00,13.161999702453613,13.29699993133545,12.720000267028809,13.29699993133545,10675,0.0,0.0
2024-04-30 15:30:00-04:00,13.055000305175781,13.680000305175781,13.055000305175781,13.660099983215332,14477,0.0,0.0
2024-05-01 09:30:00-04:00,13.789999961853027,14.439900398254395,12.680000305175781,13.430000305175781,38573,0.0,0.0
2024-05-01 10:30:00-04:00,13.363300323486328,13.699999809265137,12.244999885559082,12.244999885559082,17345,0.0,0.0
2024-05-01 11:30:00-04:00,12.25,12.25,11.289999961853027,11.59000015258789,29485,0.0,0.0
2024-05-01 12:30:00-04:00,11.329999923706055,11.448599815368652,9.800000190734863,10.710000038146973,32224,0.0,0.0
2024-05-01 13:30:00-04:00,10.399999618530273,11.088500022888184,10.110099792480469,10.984999656677246,10303,0.0,0.0
2024-05-01 14:30:00-04:00,11.419899940490723,11.419899940490723,11.0,11.260000228881836,9411,0.0,0.0
2024-05-01 15:30:00-04:00,11.210000038146973,11.449999809265137,11.1899995803833,11.449999809265137,11054,0.0,0.0
2024-05-02 09:30:00-04:00,11.449999809265137,11.729999542236328,11.0,11.149999618530273,13161,0.0,0.0
2024-05-02 10:30:00-04:00,11.081999778747559,11.220000267028809,11.010000228881836,11.010000228881836,2595,0.0,0.0
2024-05-02 11:30:00-04:00,11.020000457763672,11.1899995803833,10.180000305175781,10.789999961853027,6901,0.0,0.0
2024-05-02 12:30:00-04:00,10.960000038146973,11.220000267028809,10.800000190734863,11.220000267028809,7008,0.0,0.0
2024-05-02 13:30:00-04:00,10.84000015258789,11.140000343322754,10.84000015258789,11.097000122070312,2772,0.0,0.0
2024-05-02 14:30:00-04:00,10.949999809265137,11.140000343322754,10.850000381469727,11.140000343322754,6921,0.0,0.0
2024-05-02 15:30:00-04:00,10.930000305175781,11.220000267028809,10.930000305175781,11.220000267028809,2608,0.0,0.0
2024-05-03 09:30:00-04:00,10.59000015258789,11.430100440979004,10.59000015258789,11.430100440979004,7398,0.0,0.0
2024-05-03 10:30:00-04:00,11.119999885559082,11.140000343322754,11.119999885559082,11.140000343322754,1389,0.0,0.0
2024-05-03 11:30:00-04:00,11.069999694824219,11.149999618530273,11.069999694824219,11.149999618530273,1601,0.0,0.0
2024-05-03 13:30:00-04:00,11.279899597167969,11.289999961853027,11.170000076293945,11.170000076293945,4115,0.0,0.0
2024-05-03 14:30:00-04:00,11.171199798583984,11.210000038146973,11.050000190734863,11.109999656677246,3421,0.0,0.0
2024-05-03 15:30:00-04:00,11.114999771118164,11.300000190734863,11.0600004196167,11.300000190734863,4452,0.0,0.0
2024-05-06 09:30:00-04:00,11.390000343322754,11.449899673461914,11.179200172424316,11.287500381469727,14312,0.0,0.0
2024-05-06 10:30:00-04:00,11.65999984741211,11.65999984741211,11.030099868774414,11.030099868774414,8577,0.0,0.0
2024-05-06 11:30:00-04:00,11.289999961853027,11.559900283813477,11.289999961853027,11.430000305175781,2948,0.0,0.0
2024-05-06 12:30:00-04:00,11.25,11.489999771118164,11.120100021362305,11.149999618530273,1116,0.0,0.0
2024-05-06 13:30:00-04:00,11.199999809265137,11.199999809265137,11.15999984741211,11.1899995803833,1126,0.0,0.0
2024-05-06 14:30:00-04:00,11.34000015258789,11.444999694824219,11.305000305175781,11.444999694824219,1591,0.0,0.0
2024-05-06 15:30:00-04:00,11.25,11.4350004196167,11.25,11.270000457763672,1386,0.0,0.0
2024-05-07 09:30:00-04:00,11.300000190734863,11.499899864196777,11.104100227355957,11.265000343322754,2495,0.0,0.0
2024-05-07 10:30:00-04:00,11.270000457763672,11.319999694824219,10.8503999710083,11.0,14492,0.0,0.0
2024-05-07 12:30:00-04:00,10.972900390625,10.972900390625,10.0,10.029999732971191,6876,0.0,0.0
2024-05-07 13:30:00-04:00,10.251999855041504,10.639699935913086,10.100000381469727,10.399999618530273,2329,0.0,0.0
2024-05-07 14:30:00-04:00,10.399999618530273,10.701000213623047,10.110099792480469,10.430000305175781,4130,0.0,0.0
2024-05-07 15:30:00-04:00,10.4399995803833,10.510000228881836,10.350000381469727,10.4399995803833,2141,0.0,0.0
2024-05-08 09:30:00-04:00,10.859999656677246,10.960000038146973,10.609999656677246,10.920000076293945,5906,0.0,0.0
2024-05-08 10:30:00-04:00,11.160799980163574,11.160799980163574,10.5600004196167,10.5600004196167,3793,0.0,0.0
2024-05-08 11:30:00-04:00,10.842300415039062,10.842300415039062,10.842300415039062,10.842300415039062,327,0.0,0.0
2024-05-08 13:30:00-04:00,10.599900245666504,10.599900245666504,10.380000114440918,10.380000114440918,683,0.0,0.0
2024-05-08 14:30:00-04:00,10.420000076293945,10.420000076293945,10.420000076293945,10.420000076293945,795,0.0,0.0
2024-05-08 15:30:00-04:00,10.680000305175781,10.6899995803833,10.619999885559082,10.619999885559082,1598,0.0,0.0
2024-05-09 09:30:00-04:00,10.729999542236328,11.050000190734863,10.729999542236328,10.899999618530273,3089,0.0,0.0
2024-05-09 10:30:00-04:00,10.699999809265137,11.0,10.6899995803833,10.805000305175781,4203,0.0,0.0
2024-05-09 11:30:00-04:00,10.648699760437012,10.648699760437012,10.648699760437012,10.648699760437012,101,0.0,0.0
2024-05-09 12:30:00-04:00,10.906100273132324,10.92650032043457,10.609999656677246,10.609999656677246,1845,0.0,0.0
2024-05-09 13:30:00-04:00,10.65999984741211,10.65999984741211,10.65999984741211,10.65999984741211,1025,0.0,0.0
2024-05-09 14:30:00-04:00,10.729999542236328,10.8100004196167,10.630000114440918,10.8100004196167,3044,0.0,0.0
2024-05-09 15:30:00-04:00,10.800000190734863,10.800000190734863,10.734999656677246,10.734999656677246,900,0.0,0.0
2024-05-10 09:30:00-04:00,10.949999809265137,11.097900390625,10.609999656677246,10.890000343322754,16941,0.0,0.0
2024-05-10 10:30:00-04:00,10.899999618530273,11.6899995803833,10.789999961853027,11.561800003051758,23916,0.0,0.0
2024-05-10 11:30:00-04:00,11.460000038146973,11.707200050354004,10.600099563598633,10.600099563598633,25799,0.0,0.0
2024-05-10 12:30:00-04:00,10.668399810791016,10.668399810791016,10.668399810791016,10.668399810791016,3719,0.0,0.0
2024-05-10 13:30:00-04:00,10.630000114440918,10.630000114440918,9.510000228881836,10.0,20152,0.0,0.0
2024-05-10 14:30:00-04:00,9.989999771118164,10.1899995803833,9.989999771118164,10.167200088500977,3122,0.0,0.0
2024-05-10 15:30:00-04:00,10.0649995803833,10.269100189208984,10.0649995803833,10.140000343322754,2293,0.0,0.0
2024-05-13 09:30:00-04:00,10.09000015258789,10.268799781799316,9.539999961853027,10.20419979095459,15485,0.0,0.0
2024-05-13 10:30:00-04:00,9.994999885559082,10.227299690246582,9.81470012664795,9.850000381469727,14418,0.0,0.0
2024-05-13 11:30:00-04:00,9.88949966430664,10.09000015258789,9.88949966430664,10.020099639892578,3215,0.0,0.0
2024-05-13 12:30:00-04:00,10.046799659729004,10.046799659729004,9.751799583435059,9.829999923706055,2146,0.0,0.0
2024-05-13 13:30:00-04:00,9.9350004196167,10.0600004196167,9.9350004196167,10.020000457763672,1307,0.0,0.0
2024-05-13 14:30:00-04:00,10.095000267028809,10.095000267028809,10.095000267028809,10.095000267028809,1476,0.0,0.0
2024-05-13 15:30:00-04:00,10.034199714660645,10.034199714660645,9.880000114440918,9.880000114440918,3624,0.0,0.0
2024-05-14 09:30:00-04:00,9.899999618530273,10.716699600219727,9.5,9.670000076293945,18590,0.0,0.0
2024-05-14 10:30:00-04:00,9.8100004196167,9.8100004196167,9.449999809265137,9.449999809265137,10348,0.0,0.0
2024-05-14 11:30:00-04:00,9.569999694824219,9.765000343322754,9.569999694824219,9.765000343322754,2215,0.0,0.0
2024-05-14 12:30:00-04:00,10.119999885559082,10.5,9.699999809265137,9.699999809265137,8014,0.0,0.0
2024-05-14 13:30:00-04:00,9.8100004196167,9.890000343322754,9.720999717712402,9.850000381469727,5781,0.0,0.0
2024-05-14 14:30:00-04:00,9.800000190734863,10.039999961853027,9.789999961853027,9.899999618530273,5636,0.0,0.0
2024-05-14 15:30:00-04:00,9.829999923706055,9.960000038146973,9.8100004196167,9.960000038146973,4690,0.0,0.0
2024-05-15 09:30:00-04:00,9.75,10.005000114440918,9.75,10.005000114440918,5243,0.0,0.0
2024-05-15 10:30:00-04:00,10.003999710083008,10.329999923706055,10.003999710083008,10.149999618530273,9815,0.0,0.0
2024-05-15 13:30:00-04:00,9.960000038146973,10.09220027923584,9.960000038146973,10.09220027923584,463,0.0,0.0
2024-05-15 14:30:00-04:00,10.029999732971191,10.065199851989746,9.819999694824219,9.819999694824219,3229,0.0,0.0
2024-05-15 15:30:00-04:00,9.895000457763672,10.149999618530273,9.7923002243042,10.149999618530273,6042,0.0,0.0
2024-05-16 09:30:00-04:00,10.0,10.029999732971191,9.770000457763672,9.770000457763672,1687,0.0,0.0
2024-05-16 10:30:00-04:00,9.895000457763672,10.079999923706055,9.86400032043457,9.86400032043457,2195,0.0,0.0
2024-05-16 11:30:00-04:00,9.800000190734863,9.875,9.699999809265137,9.789999961853027,2645,0.0,0.0
2024-05-16 12:30:00-04:00,9.906800270080566,9.906800270080566,9.5,9.739999771118164,1907,0.0,0.0
2024-05-16 13:30:00-04:00,9.614999771118164,9.649900436401367,9.614999771118164,9.649900436401367,1944,0.0,0.0
2024-05-16 14:30:00-04:00,9.5,9.5,9.069999694824219,9.09000015258789,5892,0.0,0.0
2024-05-16 15:30:00-04:00,9.179900169372559,9.189900398254395,8.729999542236328,8.729999542236328,6754,0.0,0.0
2024-05-17 09:30:00-04:00,9.010000228881836,9.640000343322754,8.760000228881836,8.899999618530273,14786,0.0,0.0
2024-05-17 10:30:00-04:00,8.779999732971191,8.970000267028809,8.740099906921387,8.774999618530273,8223,0.0,0.0
2024-05-17 11:30:00-04:00,8.779999732971191,8.790399551391602,8.70989990234375,8.761300086975098,3045,0.0,0.0
2024-05-17 12:30:00-04:00,8.699999809265137,8.949999809265137,8.600000381469727,8.600000381469727,10590,0.0,0.0
2024-05-17 13:30:00-04:00,8.5,8.609999656677246,8.100000381469727,8.510000228881836,11611,0.0,0.0
2024-05-17 14:30:00-04:00,8.59000015258789,8.710000038146973,8.569999694824219,8.649999618530273,3567,0.0,0.0
2024-05-17 15:30:00-04:00,8.59000015258789,8.59000015258789,8.329999923706055,8.524999618530273,4225,0.0,0.0
2024-05-20 09:30:00-04:00,8.890000343322754,8.890000343322754,8.550000190734863,8.625,4051,0.0,0.0
2024-05-20 10:30:00-04:00,8.75,8.859999656677246,8.6451997756958,8.762399673461914,1911,0.0,0.0
2024-05-20 11:30:00-04:00,8.871100425720215,8.871100425720215,8.871100425720215,8.871100425720215,417,0.0,0.0
2024-05-20 12:30:00-04:00,8.800000190734863,8.800000190734863,8.760000228881836,8.760000228881836,1699,0.0,0.0
2024-05-20 13:30:00-04:00,8.755000114440918,8.755000114440918,8.600000381469727,8.684100151062012,4084,0.0,0.0
2024-05-20 14:30:00-04:00,8.610300064086914,8.610300064086914,8.610300064086914,8.610300064086914,158,0.0,0.0
2024-05-20 15:30:00-04:00,8.704999923706055,8.789600372314453,8.637100219726562,8.75,2388,0.0,0.0
2024-05-21 09:30:00-04:00,8.890000343322754,9.0,8.850000381469727,8.949999809265137,11313,0.0,0.0
2024-05-21 10:30:00-04:00,8.960000038146973,9.083800315856934,8.960000038146973,9.083800315856934,2125,0.0,0.0
2024-05-21 11:30:00-04:00,9.106300354003906,9.190600395202637,9.069999694824219,9.190600395202637,1748,0.0,0.0
2024-05-21 12:30:00-04:00,9.199999809265137,9.5,9.1850004196167,9.260000228881836,3594,0.0,0.0
2024-05-21 13:30:00-04:00,9.369999885559082,9.380000114440918,9.369999885559082,9.380000114440918,573,0.0,0.0
2024-05-21 14:30:00-04:00,9.37030029296875,9.5,9.289999961853027,9.470000267028809,4178,0.0,0.0
2024-05-21 15:30:00-04:00,9.40999984741211,10.0,9.40999984741211,9.989999771118164,13066,0.0,0.0
2024-05-22 09:30:00-04:00,10.09000015258789,11.979999542236328,10.09000015258789,11.130000114440918,56362,0.0,0.0
2024-05-22 10:30:00-04:00,11.469599723815918,11.729999542236328,10.870200157165527,11.3100004196167,20044,0.0,0.0
2024-05-22 11:30:00-04:00,11.279999732971191,11.300000190734863,10.720000267028809,10.834500312805176,13589,0.0,0.0
2024-05-22 12:30:00-04:00,10.85099983215332,10.85099983215332,10.600000381469727,10.760000228881836,2109,0.0,0.0
2024-05-22 13:30:00-04:00,10.73799991607666,10.869099617004395,10.600099563598633,10.739999771118164,6440,0.0,0.0
2024-05-22 14:30:00-04:00,10.5,10.8302001953125,10.130000114440918,10.78499984741211,7810,0.0,0.0
2024-05-22 15:30:00-04:00,10.770000457763672,10.979900360107422,10.595999717712402,10.850000381469727,8552,0.0,0.0
2024-05-23 09:30:00-04:00,10.539999961853027,10.880000114440918,10.289999961853027,10.585000038146973,8199,0.0,0.0
2024-05-23 10:30:00-04:00,10.585000038146973,10.819999694824219,10.351499557495117,10.579999923706055,2138,0.0,0.0
2024-05-23 11:30:00-04:00,10.449999809265137,10.449999809265137,10.359999656677246,10.368800163269043,2991,0.0,0.0
2024-05-23 12:30:00-04:00,10.729999542236328,10.770000457763672,10.489999771118164,10.770000457763672,2002,0.0,0.0
2024-05-23 13:30:00-04:00,10.460000038146973,10.460000038146973,10.220000267028809,10.220000267028809,4697,0.0,0.0
2024-05-23 15:30:00-04:00,10.420000076293945,10.524999618530273,10.319999694824219,10.489999771118164,3288,0.0,0.0
2024-05-24 09:30:00-04:00,10.65999984741211,10.762399673461914,10.156399726867676,10.579999923706055,2988,0.0,0.0
2024-05-24 10:30:00-04:00,10.649999618530273,10.649999618530273,10.649999618530273,10.649999618530273,237,0.0,0.0
2024-05-24 11:30:00-04:00,10.642399787902832,10.642399787902832,10.642399787902832,10.642399787902832,399,0.0,0.0
2024-05-24 12:30:00-04:00,10.699999809265137,10.699999809265137,10.220000267028809,10.25,3557,0.0,0.0
2024-05-24 13:30:00-04:00,10.59000015258789,10.59000015258789,10.239999771118164,10.494999885559082,3089,0.0,0.0
2024-05-24 14:30:00-04:00,10.34000015258789,10.34000015258789,10.119999885559082,10.199999809265137,4042,0.0,0.0
2024-05-24 15:30:00-04:00,10.119999885559082,10.390000343322754,10.029999732971191,10.390000343322754,7056,0.0,0.0
2024-05-28 09:30:00-04:00,10.399999618530273,10.944700241088867,10.300000190734863,10.410499572753906,4699,0.0,0.0
2024-05-28 10:30:00-04:00,10.329999923706055,10.329999923706055,9.170000076293945,9.630000114440918,8444,0.0,0.0
2024-05-28 11:30:00-04:00,9.779999732971191,10.300000190734863,9.640000343322754,9.970000267028809,12477,0.0,0.0
2024-05-28 12:30:00-04:00,9.9350004196167,9.9350004196167,9.899999618530273,9.899999618530273,886,0.0,0.0
2024-05-28 13:30:00-04:00,9.899999618530273,9.899999618530273,9.859999656677246,9.899999618530273,4522,0.0,0.0
2024-05-28 14:30:00-04:00,9.880000114440918,9.899999618530273,9.880000114440918,9.890000343322754,4124,0.0,0.0
2024-05-28 15:30:00-04:00,9.710000038146973,9.899900436401367,9.65999984741211,9.899900436401367,1631,0.0,0.0
2024-05-29 09:30:00-04:00,9.600000381469727,10.0,9.600000381469727,9.747400283813477,4621,0.0,0.0
2024-05-29 10:30:00-04:00,9.75,9.75,9.75,9.75,1297,0.0,0.0
2024-05-29 11:30:00-04:00,10.0,10.420999526977539,10.0,10.420999526977539,3596,0.0,0.0
2024-05-29 12:30:00-04:00,10.0600004196167,10.32800006866455,10.0600004196167,10.32800006866455,564,0.0,0.0
2024-05-29 14:30:00-04:00,10.039999961853027,10.039999961853027,10.039999961853027,10.039999961853027,156,0.0,0.0
2024-05-29 15:30:00-04:00,9.859999656677246,9.859999656677246,9.859999656677246,9.859999656677246,727,0.0,0.0
2024-05-30 09:30:00-04:00,9.84000015258789,10.32289981842041,9.73270034790039,9.899999618530273,6216,0.0,0.0
2024-05-30 11:30:00-04:00,9.850000381469727,9.925000190734863,9.850000381469727,9.899999618530273,1725,0.0,0.0
2024-05-30 12:30:00-04:00,9.930000305175781,9.989999771118164,9.930000305175781,9.989999771118164,1212,0.0,0.0
2024-05-30 13:30:00-04:00,9.899999618530273,10.010000228881836,9.899999618530273,10.010000228881836,2517,0.0,0.0
2024-05-30 14:30:00-04:00,10.305000305175781,10.529999732971191,10.229999542236328,10.529800415039062,6127,0.0,0.0
2024-05-30 15:30:00-04:00,10.364999771118164,10.364999771118164,10.300000190734863,10.319999694824219,1952,0.0,0.0
2024-05-31 09:30:00-04:00,10.510000228881836,10.782899856567383,10.0600004196167,10.670000076293945,9989,0.0,0.0
2024-05-31 10:30:00-04:00,10.624500274658203,10.624500274658203,10.399999618530273,10.399999618530273,2252,0.0,0.0
2024-05-31 11:30:00-04:00,10.34000015258789,10.34000015258789,10.34000015258789,10.34000015258789,272,0.0,0.0
2024-05-31 12:30:00-04:00,10.329999923706055,10.545000076293945,10.329999923706055,10.369999885559082,703,0.0,0.0
2024-05-31 14:30:00-04:00,10.399999618530273,10.5,10.369999885559082,10.380000114440918,2050,0.0,0.0
2024-05-31 15:30:00-04:00,10.600000381469727,10.600000381469727,10.600000381469727,10.600000381469727,1908,0.0,0.0
2024-06-03 09:30:00-04:00,10.5,10.520000457763672,10.335000038146973,10.520000457763672,3198,0.0,0.0
2024-06-03 10:30:00-04:00,10.390000343322754,10.449999809265137,10.390000343322754,10.449999809265137,1684,0.0,0.0
2024-06-03 11:30:00-04:00,10.867300033569336,10.867300033569336,10.310099601745605,10.310099601745605,1422,0.0,0.0
2024-06-03 12:30:00-04:00,10.619999885559082,10.619999885559082,10.513400077819824,10.619999885559082,2903,0.0,0.0
2024-06-03 13:30:00-04:00,10.272000312805176,10.579999923706055,10.272000312805176,10.579999923706055,1533,0.0,0.0
2024-06-03 15:30:00-04:00,10.529999732971191,10.539999961853027,10.460000038146973,10.460000038146973,1394,0.0,0.0
2024-06-04 09:30:00-04:00,10.1899995803833,10.800000190734863,10.1899995803833,10.550000190734863,13187,0.0,0.0
2024-06-04 10:30:00-04:00,10.399999618530273,10.399999618530273,10.380000114440918,10.399999618530273,804,0.0,0.0
2024-06-04 11:30:00-04:00,10.562800407409668,10.569999694824219,10.550000190734863,10.569999694824219,1751,0.0,0.0
2024-06-04 12:30:00-04:00,10.739899635314941,10.739899635314941,10.59000015258789,10.59000015258789,1559,0.0,0.0
2024-06-04 13:30:00-04:00,10.595000267028809,10.619999885559082,10.595000267028809,10.619999885559082,521,0.0,0.0
2024-06-04 14:30:00-04:00,10.652799606323242,10.6899995803833,10.619999885559082,10.6899995803833,2720,0.0,0.0
2024-06-04 15:30:00-04:00,10.800000190734863,10.800000190734863,10.800000190734863,10.800000190734863,190,0.0,0.0
2024-06-05 09:30:00-04:00,10.800000190734863,10.800000190734863,10.119999885559082,10.5,7099,0.0,0.0
2024-06-05 10:30:00-04:00,10.71500015258789,10.75,10.524999618530273,10.524999618530273,1806,0.0,0.0
2024-06-05 13:30:00-04:00,10.470000267028809,10.470000267028809,10.320099830627441,10.320099830627441,826,0.0,0.0
2024-06-05 14:30:00-04:00,10.542699813842773,10.625,10.5,10.625,1161,0.0,0.0
2024-06-05 15:30:00-04:00,10.600000381469727,10.600000381469727,10.399999618530273,10.399999618530273,876,0.0,0.0
2024-06-06 09:30:00-04:00,10.239999771118164,10.722599983215332,10.239999771118164,10.520000457763672,2115,0.0,0.0
2024-06-06 10:30:00-04:00,10.369999885559082,10.369999885559082,9.180000305175781,10.15999984741211,13302,0.0,0.0
2024-06-06 11:30:00-04:00,9.420000076293945,9.420000076293945,9.40999984741211,9.40999984741211,725,0.0,0.0
2024-06-06 12:30:00-04:00,9.609999656677246,9.609999656677246,9.609999656677246,9.609999656677246,980,0.0,0.0
2024-06-06 13:30:00-04:00,10.149900436401367,10.149900436401367,9.474499702453613,9.474499702453613,1686,0.0,0.0
2024-06-06 14:30:00-04:00,9.819999694824219,9.819999694824219,9.579999923706055,9.579999923706055,1565,0.0,0.0
2024-06-06 15:30:00-04:00,9.664999961853027,9.75,9.430000305175781,9.430000305175781,1339,0.0,0.0
2024-06-07 09:30:00-04:00,9.40999984741211,9.84000015258789,9.40999984741211,9.84000015258789,2963,0.0,0.0
2024-06-07 10:30:00-04:00,9.795299530029297,9.795299530029297,9.795299530029297,9.795299530029297,343,0.0,0.0
2024-06-07 11:30:00-04:00,9.510000228881836,9.510000228881836,9.5,9.5,2047,0.0,0.0
2024-06-07 12:30:00-04:00,9.4798002243042,9.4798002243042,9.4798002243042,9.4798002243042,630,0.0,0.0
2024-06-07 14:30:00-04:00,9.4399995803833,9.470000267028809,9.4399995803833,9.470000267028809,1239,0.0,0.0
2024-06-07 15:30:00-04:00,9.454999923706055,9.460000038146973,9.454999923706055,9.460000038146973,530,0.0,0.0
2024-06-10 09:30:00-04:00,8.819999694824219,9.430000305175781,8.600000381469727,9.430000305175781,5885,0.0,0.0
2024-06-10 10:30:00-04:00,9.039999961853027,9.839900016784668,9.000100135803223,9.234999656677246,1065,0.0,0.0
2024-06-10 11:30:00-04:00,9.100000381469727,9.100000381469727,9.09000015258789,9.09000015258789,1244,0.0,0.0
2024-06-10 12:30:00-04:00,9.170000076293945,9.170000076293945,9.100000381469727,9.100000381469727,2358,0.0,0.0
2024-06-10 13:30:00-04:00,9.228899955749512,9.228899955749512,9.173600196838379,9.173600196838379,1583,0.0,0.0
2024-06-10 14:30:00-04:00,9.229999542236328,9.229999542236328,9.140000343322754,9.140000343322754,714,0.0,0.0
2024-06-10 15:30:00-04:00,9.132200241088867,9.28849983215332,9.109999656677246,9.140000343322754,2328,0.0,0.0
2024-06-11 09:30:00-04:00,9.149999618530273,9.149999618530273,9.104999542236328,9.104999542236328,1694,0.0,0.0
2024-06-11 10:30:00-04:00,9.079999923706055,9.079999923706055,8.970000267028809,9.010000228881836,1266,0.0,0.0
2024-06-11 11:30:00-04:00,8.90999984741211,8.921699523925781,8.835000038146973,8.85219955444336,2670,0.0,0.0
2024-06-11 12:30:00-04:00,8.90999984741211,8.989999771118164,8.90999984741211,8.989999771118164,2194,0.0,0.0
2024-06-11 13:30:00-04:00,9.059599876403809,9.100000381469727,9.032999992370605,9.100000381469727,2689,0.0,0.0
2024-06-11 14:30:00-04:00,9.0,9.33080005645752,9.0,9.100000381469727,3473,0.0,0.0
2024-06-11 15:30:00-04:00,9.0,9.039899826049805,8.949999809265137,8.949999809265137,858,0.0,0.0
2024-06-12 09:30:00-04:00,9.210000038146973,9.210000038146973,8.699999809265137,8.75,10236,0.0,0.0
2024-06-12 10:30:00-04:00,8.895000457763672,8.895000457763672,8.734999656677246,8.869999885559082,7407,0.0,0.0
2024-06-12 11:30:00-04:00,8.9399995803833,8.9399995803833,8.850000381469727,8.937800407409668,1849,0.0,0.0
2024-06-12 12:30:00-04:00,8.949999809265137,8.989999771118164,8.899999618530273,8.899999618530273,1541,0.0,0.0
2024-06-12 13:30:00-04:00,8.944999694824219,9.0,8.800000190734863,8.800000190734863,4874,0.0,0.0
2024-06-12 14:30:00-04:00,8.800000190734863,8.800000190734863,8.500100135803223,8.65999984741211,6639,0.0,0.0
2024-06-12 15:30:00-04:00,8.600000381469727,8.699999809265137,8.600000381469727,8.699999809265137,1120,0.0,0.0
2024-06-13 09:30:00-04:00,8.770000457763672,8.954999923706055,8.770000457763672,8.899999618530273,1683,0.0,0.0
2024-06-13 10:30:00-04:00,8.510000228881836,8.510000228881836,8.5,8.5,2325,0.0,0.0
2024-06-13 11:30:00-04:00,8.149999618530273,8.199999809265137,7.900000095367432,7.989999771118164,6314,0.0,0.0
2024-06-13 12:30:00-04:00,8.0,8.0,7.699999809265137,7.699999809265137,1847,0.0,0.0
2024-06-13 13:30:00-04:00,7.689899921417236,8.199999809265137,7.644999980926514,8.199999809265137,9324,0.0,0.0
2024-06-13 14:30:00-04:00,8.25,8.380000114440918,8.25,8.380000114440918,1177,0.0,0.0
2024-06-13 15:30:00-04:00,8.380000114440918,8.380000114440918,8.350000381469727,8.350000381469727,1196,0.0,0.0
2024-06-14 09:30:00-04:00,8.550000190734863,8.586899757385254,8.399900436401367,8.399900436401367,3351,0.0,0.0
2024-06-14 10:30:00-04:00,8.128700256347656,8.350000381469727,8.0,8.300000190734863,2218,0.0,0.0
2024-06-14 11:30:00-04:00,8.184599876403809,8.184599876403809,8.170000076293945,8.170000076293945,1272,0.0,0.0
2024-06-14 12:30:00-04:00,8.19260025024414,8.19260025024414,7.935999870300293,7.935999870300293,1773,0.0,0.0
2024-06-14 13:30:00-04:00,8.170000076293945,8.25,8.170000076293945,8.25,3135,0.0,0.0
2024-06-14 14:30:00-04:00,8.399999618530273,8.399999618530273,8.175000190734863,8.175000190734863,3482,0.0,0.0
2024-06-14 15:30:00-04:00,8.125,8.149999618530273,8.125,8.149999618530273,1746,0.0,0.0
2024-06-17 09:30:00-04:00,8.199999809265137,8.399999618530273,8.199999809265137,8.399999618530273,3179,0.0,0.0
2024-06-17 10:30:00-04:00,8.050100326538086,8.119999885559082,8.050000190734863,8.050000190734863,2216,0.0,0.0
2024-06-17 11:30:00-04:00,8.210000038146973,8.210000038146973,8.199999809265137,8.199999809265137,739,0.0,0.0
2024-06-17 12:30:00-04:00,8.329999923706055,8.329999923706055,8.329999923706055,8.329999923706055,435,0.0,0.0
2024-06-17 13:30:00-04:00,8.149999618530273,8.149999618530273,8.119999885559082,8.119999885559082,752,0.0,0.0
2024-06-17 14:30:00-04:00,8.180000305175781,8.180000305175781,8.079999923706055,8.079999923706055,1572,0.0,0.0
2024-06-17 15:30:00-04:00,8.300000190734863,9.187199592590332,8.300000190734863,8.880000114440918,13233,0.0,0.0
2024-06-18 09:30:00-04:00,8.520000457763672,8.880000114440918,8.402799606323242,8.670000076293945,13109,0.0,0.0
2024-06-18 10:30:00-04:00,8.5,8.670000076293945,8.420000076293945,8.470000267028809,1287,0.0,0.0
2024-06-18 11:30:00-04:00,8.604999542236328,8.604999542236328,8.604999542236328,8.604999542236328,1296,0.0,0.0
2024-06-18 12:30:00-04:00,8.470000267028809,8.524999618530273,8.430000305175781,8.489999771118164,2780,0.0,0.0
2024-06-18 13:30:00-04:00,8.359999656677246,8.359999656677246,8.359999656677246,8.359999656677246,176,0.0,0.0
2024-06-18 14:30:00-04:00,8.270000457763672,8.345000267028809,8.21619987487793,8.21619987487793,1511,0.0,0.0
2024-06-18 15:30:00-04:00,8.279999732971191,8.289999961853027,8.210000038146973,8.279999732971191,2540,0.0,0.0
2024-06-20 09:30:00-04:00,8.199999809265137,8.244999885559082,8.0,8.166199684143066,0,0.0,0.0
2024-06-20 10:30:00-04:00,8.010000228881836,8.09000015258789,8.0,8.079999923706055,1929,0.0,0.0
2024-06-20 11:30:00-04:00,7.989999771118164,7.995999813079834,7.96999979019165,7.96999979019165,1549,0.0,0.0
2024-06-20 12:30:00-04:00,7.820000171661377,7.820000171661377,7.500999927520752,7.500999927520752,2040,0.0,0.0
2024-06-20 13:30:00-04:00,7.789999961853027,7.855000019073486,7.5,7.550000190734863,9622,0.0,0.0
2024-06-20 14:30:00-04:00,7.5507001876831055,7.679999828338623,7.5,7.670000076293945,9084,0.0,0.0
2024-06-20 15:30:00-04:00,7.605000019073486,7.605000019073486,7.25,7.27400016784668,9121,0.0,0.0
2024-06-21 09:30:00-04:00,7.659999847412109,7.659999847412109,7.269999980926514,7.269999980926514,5198,0.0,0.0
2024-06-21 10:30:00-04:00,7.400000095367432,7.400000095367432,7.195000171661377,7.195000171661377,3043,0.0,0.0
2024-06-21 11:30:00-04:00,7.065000057220459,7.065000057220459,7.065000057220459,7.065000057220459,144,0.0,0.0
2024-06-21 12:30:00-04:00,7.070000171661377,7.070000171661377,7.010000228881836,7.010000228881836,6417,0.0,0.0
2024-06-21 13:30:00-04:00,7.0,7.010000228881836,6.994999885559082,6.994999885559082,4604,0.0,0.0
2024-06-21 14:30:00-04:00,6.760000228881836,6.809999942779541,6.300000190734863,6.329999923706055,8066,0.0,0.0
2024-06-21 15:30:00-04:00,6.2519001960754395,6.2519001960754395,5.5,5.699999809265137,9750,0.0,0.0
2024-06-24 09:30:00-04:00,5.840000152587891,7.369900226593018,5.840000152587891,7.099999904632568,18934,0.0,0.0
2024-06-24 10:30:00-04:00,7.039999961853027,7.190000057220459,7.0,7.119999885559082,6032,0.0,0.0
2024-06-24 11:30:00-04:00,7.019999980926514,7.019999980926514,6.949999809265137,6.949999809265137,7444,0.0,0.0
2024-06-24 12:30:00-04:00,6.800000190734863,6.800000190734863,5.900000095367432,5.900000095367432,6572,0.0,0.0
2024-06-24 13:30:00-04:00,6.0,6.349899768829346,6.0,6.083700180053711,4670,0.0,0.0
2024-06-24 14:30:00-04:00,6.090000152587891,6.260000228881836,6.044400215148926,6.260000228881836,3033,0.0,0.0
2024-06-24 15:30:00-04:00,6.420599937438965,6.489999771118164,6.380000114440918,6.46999979019165,9527,0.0,0.0
2024-06-25 09:30:00-04:00,6.28000020980835,6.460000038146973,6.28000020980835,6.40500020980835,5199,0.0,0.0
2024-06-25 10:30:00-04:00,6.442299842834473,6.442299842834473,6.400000095367432,6.400000095367432,662,0.0,0.0
2024-06-25 11:30:00-04:00,6.400000095367432,6.46999979019165,6.0,6.320000171661377,6847,0.0,0.0
2024-06-25 12:30:00-04:00,6.304999828338623,6.304999828338623,6.304999828338623,6.304999828338623,1029,0.0,0.0
2024-06-25 13:30:00-04:00,6.409999847412109,6.409999847412109,6.260000228881836,6.260000228881836,2470,0.0,0.0
2024-06-25 14:30:00-04:00,6.440000057220459,6.440000057220459,6.440000057220459,6.440000057220459,358,0.0,0.0
2024-06-25 15:30:00-04:00,6.440000057220459,6.440000057220459,6.440000057220459,6.440000057220459,595,0.0,0.0
2024-06-26 09:30:00-04:00,6.28000020980835,6.880000114440918,6.28000020980835,6.542799949645996,1242,0.0,0.0
2024-06-26 11:30:00-04:00,6.650000095367432,6.650000095367432,6.599999904632568,6.599999904632568,1300,0.0,0.0
2024-06-26 12:30:00-04:00,6.630000114440918,6.630000114440918,6.605599880218506,6.605599880218506,956,0.0,0.0
2024-06-26 13:30:00-04:00,6.550000190734863,6.550000190734863,6.550000190734863,6.550000190734863,822,0.0,0.0
2024-06-26 15:30:00-04:00,6.599999904632568,6.599999904632568,6.599999904632568,6.599999904632568,291,0.0,0.0
2024-06-27 09:30:00-04:00,6.309999942779541,6.449999809265137,6.309999942779541,6.355000019073486,2489,0.0,0.0
2024-06-27 10:30:00-04:00,6.514800071716309,6.514800071716309,6.514800071716309,6.514800071716309,170,0.0,0.0
2024-06-27 11:30:00-04:00,6.429999828338623,6.429999828338623,6.429999828338623,6.429999828338623,156,0.0,0.0
2024-06-27 12:30:00-04:00,6.465000152587891,6.53000020980835,6.320000171661377,6.320000171661377,5893,0.0,0.0
2024-06-27 13:30:00-04:00,6.425000190734863,6.425000190734863,6.320000171661377,6.340000152587891,639,0.0,0.0
2024-06-27 14:30:00-04:00,6.519999980926514,6.519999980926514,6.519999980926514,6.519999980926514,529,0.0,0.0
2024-06-27 15:30:00-04:00,6.349999904632568,6.349999904632568,6.349999904632568,6.349999904632568,212,0.0,0.0
2024-06-28 09:30:00-04:00,6.3302001953125,6.3302001953125,6.3302001953125,6.3302001953125,3377,0.0,0.0
2024-06-28 10:30:00-04:00,6.468200206756592,6.468200206756592,6.468200206756592,6.468200206756592,310,0.0,0.0
2024-06-28 12:30:00-04:00,6.349999904632568,6.349999904632568,6.349999904632568,6.349999904632568,717,0.0,0.0
2024-06-28 13:30:00-04:00,6.360000133514404,6.372000217437744,6.360000133514404,6.360000133514404,1596,0.0,0.0
2024-06-28 14:30:00-04:00,6.390500068664551,6.460000038146973,6.390500068664551,6.460000038146973,1651,0.0,0.0
2024-06-28 15:30:00-04:00,6.449999809265137,6.449999809265137,6.449999809265137,6.449999809265137,424,0.0,0.0
2024-07-01 09:30:00-04:00,6.460000038146973,6.957799911499023,6.26200008392334,6.269999980926514,5197,0.0,0.0
2024-07-01 10:30:00-04:00,6.95989990234375,6.95989990234375,6.440000057220459,6.440000057220459,1878,0.0,0.0
2024-07-01 12:30:00-04:00,6.300000190734863,6.300000190734863,6.300000190734863,6.300000190734863,841,0.0,0.0
2024-07-01 13:30:00-04:00,6.25,6.25,6.010000228881836,6.099999904632568,1013,0.0,0.0
2024-07-01 14:30:00-04:00,6.255000114440918,6.589900016784668,6.210000038146973,6.210000038146973,3072,0.0,0.0
2024-07-01 15:30:00-04:00,6.25,6.550000190734863,6.25,6.550000190734863,369,0.0,0.0
2024-07-02 09:30:00-04:00,6.260000228881836,6.309999942779541,6.130000114440918,6.309999942779541,909,0.0,0.0
2024-07-02 10:30:00-04:00,6.375,6.375,6.375,6.375,136,0.0,0.0
2024-07-02 11:30:00-04:00,6.28000020980835,6.375,6.150000095367432,6.150000095367432,3889,0.0,0.0
2024-07-02 12:30:00-04:00,6.2399001121521,6.284999847412109,6.204999923706055,6.235000133514404,2500,0.0,0.0
2024-07-02 14:30:00-04:00,6.335000038146973,6.389999866485596,6.335000038146973,6.389999866485596,2500,0.0,0.0
2024-07-02 15:30:00-04:00,6.389999866485596,6.739999771118164,6.335000038146973,6.739999771118164,2541,0.0,0.0
2024-07-03 09:30:00-04:00,6.539999961853027,6.539999961853027,6.539999961853027,6.539999961853027,473,0.0,0.0
2024-07-03 10:30:00-04:00,6.421800136566162,6.480000019073486,6.40500020980835,6.480000019073486,2360,0.0,0.0
2024-07-03 11:30:00-04:00,6.440000057220459,6.440000057220459,6.010000228881836,6.010000228881836,2115,0.0,0.0
2024-07-05 09:30:00-04:00,6.059999942779541,6.400000095367432,6.059999942779541,6.110000133514404,2754,0.0,0.0
2024-07-05 10:30:00-04:00,6.160600185394287,6.160699844360352,6.159999847412109,6.160699844360352,1536,0.0,0.0
2024-07-05 12:30:00-04:00,6.170000076293945,6.289999961853027,6.110000133514404,6.195000171661377,1254,0.0,0.0
2024-07-05 13:30:00-04:00,6.199999809265137,6.199999809265137,6.050000190734863,6.050000190734863,6097,0.0,0.0
2024-07-05 14:30:00-04:00,6.010000228881836,6.010000228881836,6.010000228881836,6.010000228881836,137,0.0,0.0
2024-07-05 15:30:00-04:00,6.289999961853027,6.289999961853027,6.260000228881836,6.260000228881836,1029,0.0,0.0
2024-07-08 09:30:00-04:00,6.420000076293945,6.420000076293945,6.260000228881836,6.260000228881836,2458,0.0,0.0
2024-07-08 10:30:00-04:00,6.289999961853027,6.361999988555908,6.289999961853027,6.361999988555908,788,0.0,0.0
2024-07-08 11:30:00-04:00,6.291600227355957,6.321599960327148,6.119999885559082,6.320000171661377,1967,0.0,0.0
2024-07-08 12:30:00-04:00,6.206299781799316,7.429999828338623,6.206299781799316,6.824999809265137,19906,0.0,0.0
2024-07-08 13:30:00-04:00,6.599999904632568,6.599999904632568,6.599999904632568,6.599999904632568,320,0.0,0.0
2024-07-08 14:30:00-04:00,6.809999942779541,6.980000019073486,6.800000190734863,6.800000190734863,3471,0.0,0.0
2024-07-08 15:30:00-04:00,6.949999809265137,7.099899768829346,6.809999942779541,6.949999809265137,2237,0.0,0.0
2024-07-09 09:30:00-04:00,6.989999771118164,7.349999904632568,6.5100998878479,6.880000114440918,3183,0.0,0.0
2024-07-09 10:30:00-04:00,7.170000076293945,7.170000076293945,6.706500053405762,6.900000095367432,3090,0.0,0.0
2024-07-09 11:30:00-04:00,6.679999828338623,6.929999828338623,6.679999828338623,6.909999847412109,1598,0.0,0.0
2024-07-09 12:30:00-04:00,6.800000190734863,6.949999809265137,6.7891998291015625,6.900000095367432,5441,0.0,0.0
2024-07-09 13:30:00-04:00,6.940000057220459,7.5,6.800000190734863,6.900000095367432,22246,0.0,0.0
2024-07-09 14:30:00-04:00,7.010000228881836,7.099999904632568,6.900000095367432,6.974999904632568,3722,0.0,0.0
2024-07-09 15:30:00-04:00,6.974999904632568,7.099999904632568,6.96999979019165,7.078000068664551,2140,0.0,0.0
2024-07-10 09:30:00-04:00,6.800000190734863,7.349999904632568,6.690100193023682,7.20359992980957,8876,0.0,0.0
2024-07-10 10:30:00-04:00,7.150000095367432,7.150000095367432,6.985000133514404,6.985000133514404,895,0.0,0.0
2024-07-10 11:30:00-04:00,6.760000228881836,7.0,6.760000228881836,7.0,488,0.0,0.0
2024-07-10 12:30:00-04:00,6.96999979019165,7.0,6.699999809265137,6.730000019073486,5257,0.0,0.0
2024-07-10 13:30:00-04:00,6.855000019073486,6.855000019073486,6.699999809265137,6.84499979019165,1615,0.0,0.0
2024-07-10 14:30:00-04:00,6.92080020904541,6.92080020904541,6.75,6.75,463,0.0,0.0
2024-07-10 15:30:00-04:00,6.71999979019165,7.0,6.519999980926514,6.5920000076293945,7613,0.0,0.0
2024-07-11 09:30:00-04:00,6.789999961853027,6.940000057220459,6.510000228881836,6.840000152587891,4966,0.0,0.0
2024-07-11 11:30:00-04:00,6.78000020980835,6.78000020980835,6.760000228881836,6.760000228881836,682,0.0,0.0
2024-07-11 12:30:00-04:00,6.760000228881836,6.779799938201904,6.75,6.75,1052,0.0,0.0
2024-07-11 13:30:00-04:00,6.747000217437744,6.929999828338623,6.730000019073486,6.84499979019165,2314,0.0,0.0
2024-07-11 14:30:00-04:00,6.739999771118164,6.739999771118164,6.739999771118164,6.739999771118164,493,0.0,0.0
2024-07-11 15:30:00-04:00,6.745800018310547,6.745800018310547,6.745800018310547,6.745800018310547,324,0.0,0.0
2024-07-12 09:30:00-04:00,6.840000152587891,6.840000152587891,6.579999923706055,6.695000171661377,2899,0.0,0.0
2024-07-12 11:30:00-04:00,6.78000020980835,6.800000190734863,6.639999866485596,6.639999866485596,652,0.0,0.0
2024-07-12 12:30:00-04:00,6.675000190734863,6.800000190734863,6.639999866485596,6.690000057220459,5311,0.0,0.0
2024-07-12 13:30:00-04:00,6.799799919128418,6.800000190734863,6.78000020980835,6.78000020980835,1334,0.0,0.0
2024-07-12 14:30:00-04:00,6.75,6.75,6.75,6.75,233,0.0,0.0
2024-07-12 15:30:00-04:00,6.769999980926514,6.769999980926514,6.675000190734863,6.690000057220459,3778,0.0,0.0
2024-07-15 09:30:00-04:00,6.840000152587891,7.119999885559082,6.599999904632568,7.119999885559082,7067,0.0,0.0
2024-07-15 10:30:00-04:00,6.889999866485596,7.019999980926514,6.889999866485596,7.019999980926514,469,0.0,0.0
2024-07-15 12:30:00-04:00,6.900000095367432,7.019999980926514,6.883999824523926,6.883999824523926,1272,0.0,0.0
2024-07-15 13:30:00-04:00,6.909999847412109,6.909999847412109,6.909999847412109,6.909999847412109,721,0.0,0.0
2024-07-15 14:30:00-04:00,6.743899822235107,6.960000038146973,6.743899822235107,6.960000038146973,3182,0.0,0.0
2024-07-15 15:30:00-04:00,7.072000026702881,7.072000026702881,6.949999809265137,6.949999809265137,3269,0.0,0.0
2024-07-16 10:30:00-04:00,6.820099830627441,6.829999923706055,6.820099830627441,6.829999923706055,1070,0.0,0.0
2024-07-16 11:30:00-04:00,6.800000190734863,6.949999809265137,6.78000020980835,6.949999809265137,1670,0.0,0.0
2024-07-16 12:30:00-04:00,6.820000171661377,6.820000171661377,6.820000171661377,6.820000171661377,837,0.0,0.0
2024-07-16 15:30:00-04:00,6.789999961853027,6.789999961853027,6.78000020980835,6.78000020980835,939,0.0,0.0
2024-07-17 09:30:00-04:00,6.849999904632568,7.104000091552734,6.849999904632568,7.104000091552734,1632,0.0,0.0
2024-07-17 11:30:00-04:00,7.090000152587891,7.090000152587891,7.090000152587891,7.090000152587891,2618,0.0,0.0
2024-07-17 12:30:00-04:00,6.989500045776367,6.989500045776367,6.860000133514404,6.860000133514404,7080,0.0,0.0
2024-07-17 13:30:00-04:00,6.929999828338623,7.010000228881836,6.929999828338623,7.010000228881836,6244,0.0,0.0
2024-07-17 14:30:00-04:00,6.994999885559082,7.131899833679199,6.994999885559082,7.070000171661377,2972,0.0,0.0
2024-07-17 15:30:00-04:00,6.900000095367432,6.900000095367432,6.900000095367432,6.900000095367432,429,0.0,0.0
2024-07-18 09:30:00-04:00,6.940000057220459,6.940000057220459,6.824999809265137,6.824999809265137,1525,0.0,0.0
2024-07-18 10:30:00-04:00,7.09499979019165,7.09499979019165,7.09499979019165,7.09499979019165,131,0.0,0.0
2024-07-18 11:30:00-04:00,6.949999809265137,6.949999809265137,6.920100212097168,6.920100212097168,334,0.0,0.0
2024-07-18 12:30:00-04:00,6.937699794769287,6.937699794769287,6.920000076293945,6.920000076293945,588,0.0,0.0
2024-07-18 14:30:00-04:00,7.025000095367432,7.025000095367432,6.949999809265137,6.949999809265137,1079,0.0,0.0
2024-07-18 15:30:00-04:00,6.989999771118164,7.293000221252441,6.989999771118164,7.293000221252441,6503,0.0,0.0
2024-07-19 09:30:00-04:00,6.920000076293945,6.920000076293945,6.920000076293945,6.920000076293945,1242,0.0,0.0
2024-07-19 10:30:00-04:00,6.960000038146973,7.125,6.960000038146973,7.119999885559082,936,0.0,0.0
2024-07-19 11:30:00-04:00,7.006199836730957,7.195000171661377,7.006199836730957,7.195000171661377,663,0.0,0.0
2024-07-19 14:30:00-04:00,7.215000152587891,7.215000152587891,7.039999961853027,7.039999961853027,243,0.0,0.0
2024-07-19 15:30:00-04:00,7.03000020980835,7.03000020980835,7.0,7.010000228881836,1097,0.0,0.0
2024-07-22 09:30:00-04:00,7.139999866485596,7.150000095367432,7.090000152587891,7.090000152587891,2277,0.0,0.0
2024-07-22 12:30:00-04:00,6.909999847412109,6.9664998054504395,6.909999847412109,6.9664998054504395,1070,0.0,0.0
2024-07-22 13:30:00-04:00,7.019999980926514,7.050000190734863,6.980000019073486,7.0,2734,0.0,0.0
2024-07-22 14:30:00-04:00,7.019999980926514,7.349999904632568,6.739999771118164,7.349999904632568,13827,0.0,0.0
2024-07-22 15:30:00-04:00,6.960100173950195,6.960100173950195,6.960100173950195,6.960100173950195,2397,0.0,0.0
2024-07-23 09:30:00-04:00,7.119999885559082,7.119999885559082,7.119999885559082,7.119999885559082,636,0.0,0.0
2024-07-23 10:30:00-04:00,7.119900226593018,7.119900226593018,7.119900226593018,7.119900226593018,1834,0.0,0.0
2024-07-23 11:30:00-04:00,7.269999980926514,7.269999980926514,7.269999980926514,7.269999980926514,239,0.0,0.0
2024-07-23 13:30:00-04:00,7.010000228881836,7.130000114440918,7.010000228881836,7.130000114440918,646,0.0,0.0
2024-07-23 14:30:00-04:00,7.019999980926514,7.019999980926514,6.929999828338623,6.929999828338623,3694,0.0,0.0
2024-07-23 15:30:00-04:00,6.840000152587891,6.949999809265137,6.769999980926514,6.949999809265137,2854,0.0,0.0
2024-07-24 09:30:00-04:00,6.840000152587891,6.840000152587891,6.840000152587891,6.840000152587891,419,0.0,0.0
2024-07-24 10:30:00-04:00,7.090000152587891,7.099999904632568,7.039999961853027,7.039999961853027,1386,0.0,0.0
2024-07-24 11:30:00-04:00,6.949999809265137,7.0,6.949999809265137,7.0,922,0.0,0.0
2024-07-24 13:30:00-04:00,6.900000095367432,6.900000095367432,6.900000095367432,6.900000095367432,284,0.0,0.0
2024-07-24 14:30:00-04:00,6.869999885559082,6.869999885559082,6.869999885559082,6.869999885559082,145,0.0,0.0
2024-07-24 15:30:00-04:00,6.920000076293945,6.949999809265137,6.920000076293945,6.949999809265137,566,0.0,0.0
2024-07-25 09:30:00-04:00,6.789999961853027,6.789999961853027,6.789999961853027,6.789999961853027,278,0.0,0.0
2024-07-25 10:30:00-04:00,6.75,6.840000152587891,6.679999828338623,6.679999828338623,4428,0.0,0.0
2024-07-25 12:30:00-04:00,6.820000171661377,6.820000171661377,6.820000171661377,6.820000171661377,805,0.0,0.0
2024-07-25 13:30:00-04:00,6.78000020980835,7.0,6.710000038146973,6.855000019073486,3444,0.0,0.0
2024-07-25 14:30:00-04:00,7.010000228881836,7.010000228881836,7.010000228881836,7.010000228881836,0,0.0,0.0
2024-07-25 15:30:00-04:00,6.96999979019165,6.96999979019165,6.96999979019165,6.96999979019165,101,0.0,0.0
2024-07-26 09:30:00-04:00,6.949999809265137,6.949999809265137,6.710000038146973,6.78000020980835,5361,0.0,0.0
2024-07-26 10:30:00-04:00,6.800000190734863,6.800000190734863,6.741799831390381,6.769999980926514,984,0.0,0.0
2024-07-26 11:30:00-04:00,6.949999809265137,6.949999809265137,6.889999866485596,6.889999866485596,468,0.0,0.0
2024-07-26 12:30:00-04:00,6.769999980926514,6.769999980926514,6.720200061798096,6.764999866485596,1340,0.0,0.0
2024-07-26 13:30:00-04:00,6.800000190734863,6.800000190734863,6.800000190734863,6.800000190734863,563,0.0,0.0
2024-07-26 14:30:00-04:00,6.849999904632568,6.860000133514404,6.800000190734863,6.860000133514404,4886,0.0,0.0
2024-07-26 15:30:00-04:00,6.730000019073486,6.75,6.730000019073486,6.75,760,0.0,0.0
2024-07-29 09:30:00-04:00,7.050000190734863,7.25,6.78000020980835,7.000100135803223,10670,0.0,0.0
2024-07-29 10:30:00-04:00,7.019999980926514,7.099999904632568,7.019999980926514,7.099999904632568,4171,0.0,0.0
2024-07-29 11:30:00-04:00,7.399899959564209,7.400000095367432,7.050000190734863,7.400000095367432,1293,0.0,0.0
2024-07-29 12:30:00-04:00,7.329999923706055,7.400000095367432,7.130000114440918,7.130000114440918,5877,0.0,0.0
2024-07-29 14:30:00-04:00,7.389999866485596,7.389999866485596,7.389999866485596,7.389999866485596,105,0.0,0.0
2024-07-29 15:30:00-04:00,7.369999885559082,7.369999885559082,7.130000114440918,7.130000114440918,688,0.0,0.0
2024-07-30 09:30:00-04:00,7.400000095367432,7.5,7.150000095367432,7.5,12397,0.0,0.0
2024-07-30 10:30:00-04:00,7.400000095367432,7.400000095367432,7.179999828338623,7.179999828338623,636,0.0,0.0
2024-07-30 12:30:00-04:00,7.179999828338623,7.179999828338623,7.179999828338623,7.179999828338623,588,0.0,0.0
2024-07-30 13:30:00-04:00,7.179999828338623,7.179999828338623,7.179999828338623,7.179999828338623,298,0.0,0.0
2024-07-30 14:30:00-04:00,7.210000038146973,7.210000038146973,7.210000038146973,7.210000038146973,501,0.0,0.0
2024-07-30 15:30:00-04:00,7.210000038146973,7.210000038146973,7.210000038146973,7.210000038146973,94,0.0,0.0
2024-07-31 09:30:00-04:00,7.429999828338623,7.480000019073486,7.139999866485596,7.320000171661377,5154,0.0,0.0
2024-07-31 10:30:00-04:00,7.320000171661377,7.619999885559082,7.320000171661377,7.510000228881836,8272,0.0,0.0
2024-07-31 11:30:00-04:00,7.78000020980835,7.78000020980835,7.5,7.5,757,0.0,0.0
2024-07-31 12:30:00-04:00,7.534999847412109,7.690000057220459,7.350100040435791,7.690000057220459,5780,0.0,0.0
2024-07-31 13:30:00-04:00,7.53000020980835,7.642899990081787,7.519999980926514,7.53000020980835,4849,0.0,0.0
2024-07-31 14:30:00-04:00,7.570000171661377,8.04990005493164,7.559999942779541,8.04990005493164,15549,0.0,0.0
2024-07-31 15:30:00-04:00,7.909999847412109,8.020000457763672,7.909999847412109,8.020000457763672,1579,0.0,0.0
2024-08-01 09:30:00-04:00,7.73330020904541,8.010000228881836,7.550000190734863,7.789999961853027,6790,0.0,0.0
2024-08-01 10:30:00-04:00,7.670000076293945,7.789999961853027,7.610000133514404,7.610000133514404,884,0.0,0.0
2024-08-01 11:30:00-04:00,7.877999782562256,7.940000057220459,7.590000152587891,7.800000190734863,5406,0.0,0.0
2024-08-01 12:30:00-04:00,7.610000133514404,7.789999961853027,7.610000133514404,7.789999961853027,2075,0.0,0.0
2024-08-01 13:30:00-04:00,7.699999809265137,7.699999809265137,7.699999809265137,7.699999809265137,316,0.0,0.0
2024-08-01 14:30:00-04:00,7.769999980926514,7.769999980926514,7.769999980926514,7.769999980926514,880,0.0,0.0
2024-08-01 15:30:00-04:00,7.559999942779541,7.570000171661377,7.5,7.519999980926514,3226,0.0,0.0
2024-08-02 09:30:00-04:00,7.449999809265137,7.850399971008301,6.409999847412109,6.429999828338623,8990,0.0,0.0
2024-08-02 10:30:00-04:00,6.5,6.525000095367432,6.269999980926514,6.349999904632568,3489,0.0,0.0
2024-08-02 11:30:00-04:00,6.389999866485596,6.389999866485596,5.679999828338623,5.900000095367432,8210,0.0,0.0
2024-08-02 12:30:00-04:00,6.159999847412109,6.360000133514404,5.949999809265137,6.260000228881836,3262,0.0,0.0
2024-08-02 13:30:00-04:00,6.300000190734863,6.304999828338623,6.25,6.304999828338623,1951,0.0,0.0
2024-08-02 14:30:00-04:00,6.333899974822998,6.333899974822998,6.270699977874756,6.324999809265137,776,0.0,0.0
2024-08-02 15:30:00-04:00,6.297599792480469,6.297599792480469,5.809999942779541,5.820000171661377,8954,0.0,0.0
2024-08-05 09:30:00-04:00,5.574999809265137,5.574999809265137,4.820000171661377,5.416800022125244,19946,0.0,0.0
2024-08-05 10:30:00-04:00,5.300000190734863,5.489999771118164,5.300000190734863,5.489999771118164,3643,0.0,0.0
2024-08-05 11:30:00-04:00,5.460000038146973,5.489999771118164,5.260000228881836,5.489999771118164,1229,0.0,0.0
2024-08-05 12:30:00-04:00,5.480000019073486,5.4882001876831055,5.370100021362305,5.370100021362305,1339,0.0,0.0
2024-08-05 13:30:00-04:00,5.379700183868408,5.398600101470947,5.379700183868408,5.398600101470947,1371,0.0,0.0
2024-08-05 14:30:00-04:00,5.389999866485596,5.480000019073486,5.349999904632568,5.440000057220459,4388,0.0,0.0
2024-08-05 15:30:00-04:00,5.309999942779541,5.309999942779541,5.309999942779541,5.309999942779541,300,0.0,0.0
2024-08-06 09:30:00-04:00,5.360000133514404,5.489999771118164,5.349999904632568,5.46999979019165,2352,0.0,0.0
2024-08-06 10:30:00-04:00,5.739999771118164,5.757500171661377,5.5,5.5,2850,0.0,0.0
2024-08-06 12:30:00-04:00,5.679999828338623,5.769999980926514,5.670000076293945,5.760000228881836,3294,0.0,0.0
2024-08-06 13:30:00-04:00,5.760000228881836,5.769999980926514,5.699999809265137,5.75,1491,0.0,0.0
2024-08-06 14:30:00-04:00,5.760000228881836,5.760000228881836,5.760000228881836,5.760000228881836,140,0.0,0.0
2024-08-06 15:30:00-04:00,5.78000020980835,5.78000020980835,5.75,5.78000020980835,1119,0.0,0.0
2024-08-07 09:30:00-04:00,5.829999923706055,5.829999923706055,5.735400199890137,5.735400199890137,1656,0.0,0.0
2024-08-07 10:30:00-04:00,5.920599937438965,5.920599937438965,5.75,5.75,2177,0.0,0.0
2024-08-07 11:30:00-04:00,5.6519999504089355,5.840000152587891,5.6519999504089355,5.739999771118164,894,0.0,0.0
2024-08-07 12:30:00-04:00,5.700399875640869,5.700399875640869,5.700399875640869,5.700399875640869,209,0.0,0.0
2024-08-07 13:30:00-04:00,5.712500095367432,5.739999771118164,5.699999809265137,5.699999809265137,2205,0.0,0.0
2024-08-07 14:30:00-04:00,5.7108001708984375,5.7108001708984375,5.599999904632568,5.610000133514404,3266,0.0,0.0
2024-08-07 15:30:00-04:00,5.730000019073486,5.739999771118164,5.619999885559082,5.619999885559082,0,0.0,0.0
2024-08-08 09:30:00-04:00,6.0040998458862305,6.0040998458862305,6.0040998458862305,6.0040998458862305,0,0.0,0.0
2024-08-08 10:30:00-04:00,5.619999885559082,5.619999885559082,5.619999885559082,5.619999885559082,647,0.0,0.0
2024-08-08 14:30:00-04:00,5.762899875640869,6.0,5.760000228881836,6.0,4585,0.0,0.0
2024-08-08 15:30:00-04:00,6.019999980926514,6.039999961853027,6.0,6.039999961853027,825,0.0,0.0
2024-08-09 10:30:00-04:00,5.879700183868408,5.879700183868408,5.879700183868408,5.879700183868408,866,0.0,0.0
2024-08-09 14:30:00-04:00,5.84499979019165,5.84499979019165,5.84499979019165,5.84499979019165,160,0.0,0.0
2024-08-09 15:30:00-04:00,5.869999885559082,5.869999885559082,5.869999885559082,5.869999885559082,961,0.0,0.0
2024-08-12 09:30:00-04:00,5.960000038146973,5.960000038146973,5.849999904632568,5.849999904632568,1257,0.0,0.0
2024-08-12 11:30:00-04:00,5.96999979019165,6.070000171661377,5.960000038146973,6.059999942779541,2876,0.0,0.0
2024-08-12 12:30:00-04:00,5.882199764251709,6.1417999267578125,5.800099849700928,5.800099849700928,2165,0.0,0.0
2024-08-12 14:30:00-04:00,5.840000152587891,5.840000152587891,5.800000190734863,5.809999942779541,1683,0.0,0.0
2024-08-13 09:30:00-04:00,6.070000171661377,6.070000171661377,6.070000171661377,6.070000171661377,922,0.0,0.0
2024-08-13 10:30:00-04:00,6.079899787902832,6.079899787902832,6.079899787902832,6.079899787902832,383,0.0,0.0
2024-08-13 14:30:00-04:00,5.949999809265137,5.989999771118164,5.929999828338623,5.989999771118164,1352,0.0,0.0
2024-08-13 15:30:00-04:00,5.96999979019165,5.980000019073486,5.960000038146973,5.960000038146973,537,0.0,0.0
2024-08-14 09:30:00-04:00,5.96999979019165,5.96999979019165,5.96999979019165,5.96999979019165,530,0.0,0.0
2024-08-14 11:30:00-04:00,5.883500099182129,6.050000190734863,5.883500099182129,6.0,1430,0.0,0.0
2024-08-14 15:30:00-04:00,5.900000095367432,5.900000095367432,5.900000095367432,5.900000095367432,184,0.0,0.0
2024-08-15 09:30:00-04:00,5.699999809265137,5.699999809265137,5.699999809265137,5.699999809265137,2105,0.0,0.0
2024-08-15 11:30:00-04:00,6.079999923706055,6.079999923706055,5.820000171661377,5.820000171661377,2512,0.0,0.0
2024-08-15 12:30:00-04:00,5.989999771118164,6.099999904632568,5.840000152587891,5.840000152587891,1631,0.0,0.0
2024-08-15 13:30:00-04:00,5.840000152587891,5.840000152587891,5.809999942779541,5.840000152587891,2578,0.0,0.0
2024-08-16 09:30:00-04:00,6.070000171661377,6.070000171661377,6.070000171661377,6.070000171661377,397,0.0,0.0
2024-08-16 10:30:00-04:00,5.803699970245361,5.803699970245361,5.803699970245361,5.803699970245361,2719,0.0,0.0
2024-08-16 11:30:00-04:00,5.675300121307373,5.675300121307373,5.675300121307373,5.675300121307373,878,0.0,0.0
2024-08-16 12:30:00-04:00,5.737500190734863,5.96999979019165,5.710000038146973,5.869999885559082,3818,0.0,0.0
2024-08-16 13:30:00-04:00,5.800000190734863,5.869999885559082,5.800000190734863,5.869999885559082,1468,0.0,0.0
2024-08-16 14:30:00-04:00,5.759799957275391,5.759799957275391,5.75,5.75,3728,0.0,0.0
2024-08-19 09:30:00-04:00,5.739999771118164,5.84499979019165,5.710000038146973,5.710000038146973,1462,0.0,0.0
2024-08-19 10:30:00-04:00,5.710000038146973,5.710000038146973,5.710000038146973,5.710000038146973,439,0.0,0.0
2024-08-19 12:30:00-04:00,5.71999979019165,5.71999979019165,5.71999979019165,5.71999979019165,324,0.0,0.0
2024-08-19 13:30:00-04:00,5.840000152587891,5.840000152587891,5.730000019073486,5.730000019073486,1298,0.0,0.0
2024-08-19 14:30:00-04:00,5.829999923706055,5.840000152587891,5.829999923706055,5.829999923706055,647,0.0,0.0
2024-08-19 15:30:00-04:00,5.873499870300293,5.873499870300293,5.860000133514404,5.860000133514404,1310,0.0,0.0
2024-08-20 09:30:00-04:00,5.809999942779541,5.809999942779541,5.800000190734863,5.800000190734863,1772,0.0,0.0
2024-08-20 10:30:00-04:00,5.739999771118164,5.814000129699707,5.610099792480469,5.610099792480469,6004,0.0,0.0
2024-08-20 11:30:00-04:00,5.699999809265137,5.724999904632568,5.670000076293945,5.724999904632568,581,0.0,0.0
2024-08-20 12:30:00-04:00,5.74429988861084,5.754000186920166,5.710000038146973,5.754000186920166,3040,0.0,0.0
2024-08-20 14:30:00-04:00,5.690000057220459,5.775000095367432,5.690000057220459,5.775000095367432,203,0.0,0.0
2024-08-20 15:30:00-04:00,5.869999885559082,5.869999885559082,5.869999885559082,5.869999885559082,215,0.0,0.0
2024-08-21 09:30:00-04:00,5.860000133514404,5.860000133514404,5.860000133514404,5.860000133514404,964,0.0,0.0
2024-08-21 11:30:00-04:00,5.840000152587891,5.840000152587891,5.699999809265137,5.699999809265137,201,0.0,0.0
2024-08-21 12:30:00-04:00,5.840000152587891,5.840000152587891,5.809999942779541,5.809999942779541,1124,0.0,0.0
2024-08-21 13:30:00-04:00,5.800000190734863,5.800000190734863,5.71999979019165,5.71999979019165,2071,0.0,0.0
2024-08-21 14:30:00-04:00,5.71999979019165,5.71999979019165,5.619999885559082,5.619999885559082,2234,0.0,0.0
2024-08-21 15:30:00-04:00,5.639999866485596,5.639999866485596,5.630000114440918,5.630000114440918,355,0.0,0.0
2024-08-22 09:30:00-04:00,5.599999904632568,5.599999904632568,5.599999904632568,5.599999904632568,635,0.0,0.0
2024-08-22 10:30:00-04:00,5.71999979019165,5.71999979019165,5.71999979019165,5.71999979019165,453,0.0,0.0
2024-08-22 13:30:00-04:00,5.639999866485596,5.639999866485596,5.639999866485596,5.639999866485596,195,0.0,0.0
2024-08-22 14:30:00-04:00,5.675000190734863,5.675000190734863,5.599999904632568,5.599999904632568,796,0.0,0.0
2024-08-23 09:30:00-04:00,5.730000019073486,5.829999923706055,5.625,5.791999816894531,3389,0.0,0.0
2024-08-23 11:30:00-04:00,5.75,5.75,5.75,5.75,940,0.0,0.0
2024-08-23 12:30:00-04:00,5.809999942779541,5.840000152587891,5.809999942779541,5.840000152587891,806,0.0,0.0
2024-08-23 13:30:00-04:00,5.892899990081787,5.909999847412109,5.892899990081787,5.909999847412109,2757,0.0,0.0
2024-08-23 15:30:00-04:00,5.884399890899658,5.884399890899658,5.869999885559082,5.869999885559082,611,0.0,0.0
2024-08-26 09:30:00-04:00,5.679999828338623,5.679999828338623,5.679999828338623,5.679999828338623,4034,0.0,0.0
2024-08-26 10:30:00-04:00,5.769999980926514,5.840000152587891,5.769999980926514,5.840000152587891,419,0.0,0.0
2024-08-26 11:30:00-04:00,5.820000171661377,5.864999771118164,5.800000190734863,5.864999771118164,934,0.0,0.0
2024-08-26 12:30:00-04:00,5.849999904632568,5.849999904632568,5.75,5.840000152587891,1678,0.0,0.0
2024-08-26 13:30:00-04:00,5.739999771118164,5.78000020980835,5.690000057220459,5.699999809265137,2709,0.0,0.0
2024-08-26 14:30:00-04:00,5.760000228881836,5.760000228881836,5.760000228881836,5.760000228881836,121,0.0,0.0
2024-08-26 15:30:00-04:00,5.699999809265137,5.699999809265137,5.699999809265137,5.699999809265137,270,0.0,0.0
2024-08-27 11:30:00-04:00,5.947500228881836,5.949999809265137,5.8358001708984375,5.8358001708984375,5081,0.0,0.0
2024-08-27 13:30:00-04:00,5.837500095367432,5.837500095367432,5.837500095367432,5.837500095367432,4029,0.0,0.0
2024-08-27 14:30:00-04:00,5.821800231933594,5.8983001708984375,5.821800231933594,5.8983001708984375,769,0.0,0.0
2024-08-27 15:30:00-04:00,5.905700206756592,5.959099769592285,5.840000152587891,5.840000152587891,2466,0.0,0.0
2024-08-28 09:30:00-04:00,5.8003997802734375,5.8003997802734375,5.800000190734863,5.800000190734863,2064,0.0,0.0
2024-08-28 12:30:00-04:00,5.72160005569458,5.800000190734863,5.710000038146973,5.800000190734863,3083,0.0,0.0
2024-08-28 13:30:00-04:00,5.800000190734863,5.800000190734863,5.699999809265137,5.699999809265137,447,0.0,0.0
2024-08-28 14:30:00-04:00,5.699999809265137,5.71999979019165,5.699999809265137,5.71999979019165,454,0.0,0.0
2024-08-28 15:30:00-04:00,5.699999809265137,5.71999979019165,5.699999809265137,5.710000038146973,3308,0.0,0.0
2024-08-29 09:30:00-04:00,5.562699794769287,5.562699794769287,5.562699794769287,5.562699794769287,1338,0.0,0.0
2024-08-29 10:30:00-04:00,5.600200176239014,5.600200176239014,5.600200176239014,5.600200176239014,2515,0.0,0.0
2024-08-29 11:30:00-04:00,5.526599884033203,5.559999942779541,5.301000118255615,5.429999828338623,6138,0.0,0.0
2024-08-29 12:30:00-04:00,5.429999828338623,5.433599948883057,5.429999828338623,5.433599948883057,1014,0.0,0.0
2024-08-29 14:30:00-04:00,5.474999904632568,5.664999961853027,5.474999904632568,5.550000190734863,4303,0.0,0.0
2024-08-30 09:30:00-04:00,5.769999980926514,5.769999980926514,5.769999980926514,5.769999980926514,1556,0.0,0.0
2024-08-30 13:30:00-04:00,5.488699913024902,5.488699913024902,5.488699913024902,5.488699913024902,547,0.0,0.0
2024-08-30 15:30:00-04:00,5.480000019073486,5.480000019073486,5.449999809265137,5.460000038146973,1462,0.0,0.0
2024-09-03 09:30:00-04:00,5.769999980926514,5.9791998863220215,5.769999980926514,5.9791998863220215,8793,0.0,0.0
2024-09-03 10:30:00-04:00,5.885000228881836,5.960000038146973,5.824999809265137,5.824999809265137,2249,0.0,0.0
2024-09-03 12:30:00-04:00,5.730000019073486,5.760000228881836,5.684999942779541,5.684999942779541,3200,0.0,0.0
2024-09-04 10:30:00-04:00,5.650199890136719,5.650199890136719,5.650100231170654,5.650100231170654,1265,0.0,0.0
2024-09-04 11:30:00-04:00,5.824999809265137,5.960000038146973,5.824999809265137,5.95989990234375,2180,0.0,0.0
2024-09-04 12:30:00-04:00,5.932199954986572,5.932199954986572,5.932199954986572,5.932199954986572,1127,0.0,0.0
2024-09-04 13:30:00-04:00,5.927999973297119,5.927999973297119,5.927999973297119,5.927999973297119,683,0.0,0.0
2024-09-04 14:30:00-04:00,5.9105000495910645,5.9105000495910645,5.902200222015381,5.902200222015381,1382,0.0,0.0
2024-09-05 09:30:00-04:00,5.710000038146973,5.710000038146973,5.6645002365112305,5.6645002365112305,1667,0.0,0.0
2024-09-05 10:30:00-04:00,5.651000022888184,5.839900016784668,5.650000095367432,5.839900016784668,2370,0.0,0.0
2024-09-05 12:30:00-04:00,5.840000152587891,5.849999904632568,5.840000152587891,5.849999904632568,618,0.0,0.0
2024-09-05 15:30:00-04:00,5.940299987792969,5.940299987792969,5.940299987792969,5.940299987792969,3464,0.0,0.0
2024-09-06 09:30:00-04:00,5.750400066375732,5.800000190734863,5.750400066375732,5.800000190734863,1929,0.0,0.0
2024-09-06 12:30:00-04:00,5.599999904632568,5.599999904632568,5.599999904632568,5.599999904632568,1620,0.0,0.0
2024-09-06 13:30:00-04:00,5.639999866485596,5.690000057220459,5.639999866485596,5.690000057220459,1199,0.0,0.0
2024-09-06 14:30:00-04:00,5.639999866485596,5.679999828338623,5.599999904632568,5.670000076293945,2143,0.0,0.0
2024-09-06 15:30:00-04:00,5.53000020980835,5.670000076293945,5.53000020980835,5.670000076293945,382,0.0,0.0
2024-09-09 09:30:00-04:00,5.5,5.579999923706055,5.5,5.579999923706055,0,0.0,0.0
2024-09-09 10:30:00-04:00,5.630000114440918,5.699999809265137,5.630000114440918,5.690000057220459,4954,0.0,0.0
2024-09-09 12:30:00-04:00,5.610000133514404,5.65500020980835,5.559999942779541,5.623600006103516,3042,0.0,0.0
2024-09-10 10:30:00-04:00,5.699999809265137,5.849999904632568,5.684999942779541,5.849999904632568,11755,0.0,0.0
2024-09-10 11:30:00-04:00,5.849999904632568,5.900000095367432,5.800000190734863,5.853099822998047,3200,0.0,0.0
2024-09-10 13:30:00-04:00,5.840000152587891,5.840000152587891,5.712800025939941,5.712800025939941,828,0.0,0.0
2024-09-10 15:30:00-04:00,5.824999809265137,5.824999809265137,5.690000057220459,5.690000057220459,2455,0.0,0.0
2024-09-11 09:30:00-04:00,5.700900077819824,5.700900077819824,5.700900077819824,5.700900077819824,1264,0.0,0.0
2024-09-11 10:30:00-04:00,5.699999809265137,5.849999904632568,5.699999809265137,5.849999904632568,5791,0.0,0.0
2024-09-11 11:30:00-04:00,5.809999942779541,5.809999942779541,5.809999942779541,5.809999942779541,1682,0.0,0.0
2024-09-11 12:30:00-04:00,5.829999923706055,5.840000152587891,5.829999923706055,5.840000152587891,2376,0.0,0.0
2024-09-11 14:30:00-04:00,5.839300155639648,5.839300155639648,5.839300155639648,5.839300155639648,1123,0.0,0.0
2024-09-11 15:30:00-04:00,5.8850998878479,5.8850998878479,5.867099761962891,5.867099761962891,3823,0.0,0.0
2024-09-12 09:30:00-04:00,5.829999923706055,5.900000095367432,5.690000057220459,5.690000057220459,2246,0.0,0.0
2024-09-12 10:30:00-04:00,6.0,6.0,6.0,6.0,561,0.0,0.0
2024-09-12 11:30:00-04:00,5.699999809265137,5.900000095367432,5.699999809265137,5.900000095367432,4004,0.0,0.0
2024-09-12 12:30:00-04:00,5.860000133514404,5.900000095367432,5.860000133514404,5.880000114440918,1568,0.0,0.0
2024-09-12 13:30:00-04:00,5.679999828338623,5.679999828338623,5.670000076293945,5.670000076293945,652,0.0,0.0
2024-09-12 15:30:00-04:00,5.720399856567383,5.730000019073486,5.690000057220459,5.730000019073486,836,0.0,0.0
2024-09-13 09:30:00-04:00,5.659999847412109,5.659999847412109,5.650100231170654,5.650100231170654,1113,0.0,0.0
2024-09-13 11:30:00-04:00,5.724999904632568,5.789999961853027,5.724999904632568,5.789999961853027,473,0.0,0.0
2024-09-13 12:30:00-04:00,5.699999809265137,5.699999809265137,5.650000095367432,5.650000095367432,3752,0.0,0.0
2024-09-13 14:30:00-04:00,5.520999908447266,5.760000228881836,5.5,5.510000228881836,6301,0.0,0.0
2024-09-13 15:30:00-04:00,5.380000114440918,5.380000114440918,5.380000114440918,5.380000114440918,337,0.0,0.0
2024-09-16 10:30:00-04:00,5.409999847412109,5.800000190734863,5.409999847412109,5.699999809265137,2642,0.0,0.0
2024-09-16 11:30:00-04:00,5.849999904632568,5.980000019073486,5.610000133514404,5.610000133514404,3396,0.0,0.0
2024-09-16 12:30:00-04:00,5.599999904632568,5.6656999588012695,5.400000095367432,5.400000095367432,957,0.0,0.0
2024-09-16 13:30:00-04:00,5.420000076293945,5.420000076293945,5.420000076293945,5.420000076293945,0,0.0,0.0
2024-09-16 14:30:00-04:00,5.42080020904541,5.42080020904541,5.380000114440918,5.380000114440918,8500,0.0,0.0
2024-09-16 15:30:00-04:00,5.449999809265137,5.449999809265137,5.400000095367432,5.409999847412109,5197,0.0,0.0
2024-09-17 09:30:00-04:00,5.508999824523926,5.508999824523926,4.28000020980835,4.829999923706055,67700,0.0,0.0
2024-09-17 10:30:00-04:00,5.019999980926514,5.519999980926514,4.590000152587891,4.760000228881836,63032,0.0,0.0
2024-09-17 11:30:00-04:00,4.650000095367432,5.0,4.650000095367432,4.713200092315674,8512,0.0,0.0
2024-09-17 12:30:00-04:00,4.966899871826172,5.300000190734863,3.569999933242798,3.8120999336242676,102187,0.0,0.0
2024-09-17 13:30:00-04:00,3.9377999305725098,3.950000047683716,3.259999990463257,3.3399999141693115,59478,0.0,0.0
2024-09-17 14:30:00-04:00,3.3399999141693115,3.380000114440918,3.0299999713897705,3.20989990234375,96078,0.0,0.0
2024-09-17 15:30:00-04:00,3.2049999237060547,3.4800000190734863,2.799999952316284,3.049999952316284,62949,0.0,0.0
2024-09-18 09:30:00-04:00,3.630000114440918,4.239999771118164,3.381200075149536,3.9084999561309814,221024,0.0,0.0
2024-09-18 10:30:00-04:00,4.039899826049805,4.650000095367432,3.9700000286102295,4.425000190734863,162844,0.0,0.0
2024-09-18 11:30:00-04:00,4.386000156402588,4.5954999923706055,3.8499999046325684,4.03000020980835,58354,0.0,0.0
2024-09-18 12:30:00-04:00,4.131999969482422,4.131999969482422,3.325900077819824,3.4600000381469727,64559,0.0,0.0
2024-09-18 13:30:00-04:00,3.5,3.5399999618530273,2.9100000858306885,3.174299955368042,190469,0.0,0.0
2024-09-18 14:30:00-04:00,3.1500000953674316,3.34060001373291,3.1500000953674316,3.23009991645813,16463,0.0,0.0
2024-09-18 15:30:00-04:00,3.240000009536743,3.305000066757202,2.8499999046325684,3.1684000492095947,63400,0.0,0.0
2024-09-19 09:30:00-04:00,3.2100000381469727,3.498800039291382,3.2100000381469727,3.2690000534057617,34561,0.0,0.0
2024-09-19 10:30:00-04:00,3.4100000858306885,3.440000057220459,3.2219998836517334,3.3499999046325684,12865,0.0,0.0
2024-09-19 11:30:00-04:00,3.4000000953674316,3.450000047683716,3.259999990463257,3.3399999141693115,18478,0.0,0.0
2024-09-19 12:30:00-04:00,3.4000000953674316,3.4000000953674316,3.365000009536743,3.365000009536743,1734,0.0,0.0
2024-09-19 13:30:00-04:00,3.3299999237060547,3.3299999237060547,3.1500000953674316,3.190000057220459,29774,0.0,0.0
2024-09-19 14:30:00-04:00,3.259999990463257,3.2699999809265137,3.1500000953674316,3.1500000953674316,13263,0.0,0.0
2024-09-19 15:30:00-04:00,3.178999900817871,3.180000066757202,3.119999885559082,3.130000114440918,13512,0.0,0.0
2024-09-20 09:30:00-04:00,3.1500000953674316,3.180000066757202,3.069999933242798,3.125,8275,0.0,0.0
2024-09-20 10:30:00-04:00,3.1414999961853027,3.1500000953674316,3.009999990463257,3.050100088119507,12871,0.0,0.0
2024-09-20 11:30:00-04:00,3.1145999431610107,3.1700000762939453,3.052000045776367,3.0799999237060547,16177,0.0,0.0
2024-09-20 12:30:00-04:00,3.1500000953674316,3.279900074005127,3.149899959564209,3.2699999809265137,9898,0.0,0.0
2024-09-20 13:30:00-04:00,3.2799999713897705,3.2799999713897705,3.2699999809265137,3.2699999809265137,2640,0.0,0.0
2024-09-20 14:30:00-04:00,3.2899999618530273,3.319999933242798,3.2899999618530273,3.319999933242798,1268,0.0,0.0
2024-09-20 15:30:00-04:00,3.315000057220459,3.315000057220459,3.1600000858306885,3.180000066757202,9158,0.0,0.0
2024-09-23 09:30:00-04:00,3.240000009536743,3.490000009536743,3.1201000213623047,3.200000047683716,32212,0.0,0.0
2024-09-23 10:30:00-04:00,3.2321999073028564,3.2321999073028564,2.819999933242798,2.8499999046325684,18178,0.0,0.0
2024-09-23 11:30:00-04:00,2.8241000175476074,2.932800054550171,2.809999942779541,2.932800054550171,6467,0.0,0.0
2024-09-23 12:30:00-04:00,2.930000066757202,3.0204999446868896,2.930000066757202,2.9590001106262207,4260,0.0,0.0
2024-09-23 13:30:00-04:00,2.9800000190734863,3.0179998874664307,2.9019999504089355,2.9052999019622803,2283,0.0,0.0
2024-09-23 14:30:00-04:00,2.9342000484466553,2.9342000484466553,2.859999895095825,2.859999895095825,5230,0.0,0.0
2024-09-23 15:30:00-04:00,2.869999885559082,2.869999885559082,2.799999952316284,2.845400094985962,15625,0.0,0.0
2024-09-24 09:30:00-04:00,2.8499999046325684,3.0399999618530273,2.8499999046325684,3.010200023651123,0,0.0,0.0
2024-09-24 10:30:00-04:00,2.9988999366760254,2.9988999366760254,2.884999990463257,2.9000000953674316,6675,0.0,0.0
2024-09-24 11:30:00-04:00,2.9000000953674316,2.9000000953674316,2.869999885559082,2.869999885559082,5740,0.0,0.0
2024-09-24 12:30:00-04:00,2.8162999153137207,2.880000114440918,2.8162999153137207,2.8310000896453857,3992,0.0,0.0
2024-09-24 13:30:00-04:00,2.8457000255584717,2.8457000255584717,2.759999990463257,2.799999952316284,7131,0.0,0.0
2024-09-24 14:30:00-04:00,2.799999952316284,2.940000057220459,2.7992000579833984,2.890000104904175,5979,0.0,0.0
2024-09-24 15:30:00-04:00,2.9897000789642334,3.0199999809265137,2.880000114440918,3.005000114440918,6132,0.0,0.0
2024-09-25 09:30:00-04:00,3.119999885559082,3.119999885559082,3.0250000953674316,3.069999933242798,3382,0.0,0.0
2024-09-25 10:30:00-04:00,3.009999990463257,3.009999990463257,2.890000104904175,2.9200000762939453,4531,0.0,0.0
2024-09-25 11:30:00-04:00,2.950000047683716,3.0982000827789307,2.940000057220459,2.950000047683716,2833,0.0,0.0
2024-09-25 12:30:00-04:00,3.049999952316284,3.049999952316284,2.940000057220459,2.940000057220459,1441,0.0,0.0
2024-09-25 13:30:00-04:00,2.9275999069213867,2.9326000213623047,2.9100000858306885,2.924999952316284,1789,0.0,0.0
2024-09-25 14:30:00-04:00,2.924999952316284,2.950000047683716,2.860100030899048,2.860100030899048,4813,0.0,0.0
2024-09-25 15:30:00-04:00,2.859999895095825,2.9000000953674316,2.7899999618530273,2.9000000953674316,4777,0.0,0.0
2024-09-26 09:30:00-04:00,2.990000009536743,2.990000009536743,2.869999885559082,2.869999885559082,1044,0.0,0.0
2024-09-26 10:30:00-04:00,2.941999912261963,2.941999912261963,2.549999952316284,2.7750000953674316,17357,0.0,0.0
2024-09-26 11:30:00-04:00,2.9000000953674316,2.9000000953674316,2.8768999576568604,2.8768999576568604,0,0.0,0.0
2024-09-26 12:30:00-04:00,2.869999885559082,2.869999885559082,2.7300000190734863,2.7300000190734863,3016,0.0,0.0
2024-09-26 13:30:00-04:00,2.809999942779541,2.869999885559082,2.809999942779541,2.869999885559082,4522,0.0,0.0
2024-09-26 15:30:00-04:00,2.859999895095825,2.859999895095825,2.859999895095825,2.859999895095825,227,0.0,0.0
2024-09-27 09:30:00-04:00,2.7799999713897705,2.9000000953674316,2.7799999713897705,2.859999895095825,9611,0.0,0.0
2024-09-27 10:30:00-04:00,2.8399999141693115,2.9800000190734863,2.7300000190734863,2.869999885559082,16181,0.0,0.0
2024-09-27 11:30:00-04:00,2.9600000381469727,2.9600000381469727,2.884999990463257,2.940000057220459,8780,0.0,0.0
2024-09-27 12:30:00-04:00,2.820199966430664,2.9100000858306885,2.819999933242798,2.9100000858306885,5732,0.0,0.0
2024-09-27 13:30:00-04:00,2.869999885559082,2.869999885559082,2.869999885559082,2.869999885559082,168,0.0,0.0
2024-09-27 14:30:00-04:00,2.8301000595092773,2.8399999141693115,2.819999933242798,2.819999933242798,1793,0.0,0.0
2024-09-27 15:30:00-04:00,2.8399999141693115,2.8399999141693115,2.759999990463257,2.799999952316284,4756,0.0,0.0
2024-09-30 09:30:00-04:00,2.690000057220459,2.819999933242798,2.690000057220459,2.800600051879883,3066,0.0,0.0
2024-09-30 10:30:00-04:00,2.869999885559082,2.869999885559082,2.745800018310547,2.799999952316284,1558,0.0,0.0
2024-09-30 11:30:00-04:00,2.8055999279022217,2.89520001411438,2.8055999279022217,2.869999885559082,3747,0.0,0.0
2024-09-30 12:30:00-04:00,2.859999895095825,2.859999895095825,2.809999942779541,2.8399999141693115,4278,0.0,0.0
2024-09-30 13:30:00-04:00,2.759999990463257,2.759999990463257,2.759999990463257,2.759999990463257,448,0.0,0.0
2024-09-30 14:30:00-04:00,2.799999952316284,2.799999952316284,2.7943999767303467,2.799999952316284,1038,0.0,0.0
2024-09-30 15:30:00-04:00,2.8399999141693115,2.930000066757202,2.799999952316284,2.80049991607666,5670,0.0,0.0
2024-10-01 09:30:00-04:00,3.0,3.0,2.9000000953674316,2.9000000953674316,9390,0.0,0.0
2024-10-01 10:30:00-04:00,2.8499999046325684,2.866300106048584,2.7799999713897705,2.866300106048584,5281,0.0,0.0
2024-10-01 11:30:00-04:00,2.781899929046631,2.781899929046631,2.781899929046631,2.781899929046631,1038,0.0,0.0
2024-10-01 12:30:00-04:00,2.815000057220459,2.8499999046325684,2.690000057220459,2.7149999141693115,8599,0.0,0.0
2024-10-01 14:30:00-04:00,2.7909998893737793,2.7909998893737793,2.7909998893737793,2.7909998893737793,675,0.0,0.0
2024-10-01 15:30:00-04:00,2.799999952316284,2.8499999046325684,2.799999952316284,2.8399999141693115,1301,0.0,0.0
2024-10-02 09:30:00-04:00,2.899199962615967,2.899199962615967,2.731800079345703,2.731800079345703,1634,0.0,0.0
2024-10-02 10:30:00-04:00,2.7699999809265137,2.7699999809265137,2.7699999809265137,2.7699999809265137,914,0.0,0.0
2024-10-02 11:30:00-04:00,2.7899999618530273,2.8299999237060547,2.7899999618530273,2.799999952316284,947,0.0,0.0
2024-10-02 12:30:00-04:00,2.799999952316284,2.829400062561035,2.7869999408721924,2.7899999618530273,862,0.0,0.0
2024-10-02 13:30:00-04:00,2.819000005722046,2.822000026702881,2.75,2.75,3838,0.0,0.0
2024-10-02 14:30:00-04:00,2.75,2.75,2.740000009536743,2.75,1639,0.0,0.0
2024-10-03 09:30:00-04:00,2.752000093460083,2.7600998878479004,2.75,2.7500998973846436,2974,0.0,0.0
2024-10-03 10:30:00-04:00,2.8299999237060547,2.930000066757202,2.8299999237060547,2.930000066757202,2811,0.0,0.0
2024-10-03 11:30:00-04:00,2.9395999908447266,2.9619998931884766,2.9052999019622803,2.9619998931884766,1670,0.0,0.0
2024-10-03 12:30:00-04:00,2.9600000381469727,2.9700000286102295,2.9600000381469727,2.965100049972534,4116,0.0,0.0
2024-10-03 13:30:00-04:00,2.9052000045776367,2.95989990234375,2.9000000953674316,2.940000057220459,1449,0.0,0.0
2024-10-03 14:30:00-04:00,2.930000066757202,2.940000057220459,2.930000066757202,2.940000057220459,2654,0.0,0.0
2024-10-03 15:30:00-04:00,2.9398999214172363,2.950000047683716,2.9398999214172363,2.950000047683716,2323,0.0,0.0
2024-10-04 09:30:00-04:00,2.9179000854492188,2.9179000854492188,2.9179000854492188,2.9179000854492188,856,0.0,0.0
2024-10-04 12:30:00-04:00,2.910099983215332,2.950000047683716,2.910099983215332,2.950000047683716,2943,0.0,0.0
2024-10-04 13:30:00-04:00,2.9700000286102295,3.2421000003814697,2.9700000286102295,3.090100049972534,8478,0.0,0.0
2024-10-04 14:30:00-04:00,2.981100082397461,3.055000066757202,2.981100082397461,3.0450000762939453,1474,0.0,0.0
2024-10-04 15:30:00-04:00,3.0399999618530273,3.0899999141693115,3.0399999618530273,3.0899999141693115,639,0.0,0.0
