Datetime,Open,High,Low,Close,Volume,Dividends,Stock Splits
2024-06-21 09:00:00+08:00,53.29999923706055,54.0,53.29999923706055,53.79999923706055,0,0.0,0.0
2024-06-21 09:05:00+08:00,53.79999923706055,53.900001525878906,53.599998474121094,53.70000076293945,36920,0.0,0.0
2024-06-21 09:10:00+08:00,53.599998474121094,53.900001525878906,53.5,53.599998474121094,56385,0.0,0.0
2024-06-21 09:15:00+08:00,53.70000076293945,53.70000076293945,53.400001525878906,53.400001525878906,22609,0.0,0.0
2024-06-21 09:20:00+08:00,53.400001525878906,53.400001525878906,53.20000076293945,53.29999923706055,54426,0.0,0.0
2024-06-21 09:25:00+08:00,53.400001525878906,53.400001525878906,53.400001525878906,53.400001525878906,4254,0.0,0.0
2024-06-21 09:30:00+08:00,53.400001525878906,53.400001525878906,53.099998474121094,53.099998474121094,74010,0.0,0.0
2024-06-21 09:35:00+08:00,53.29999923706055,53.29999923706055,52.900001525878906,52.900001525878906,64086,0.0,0.0
2024-06-21 09:40:00+08:00,52.900001525878906,53.0,52.900001525878906,52.900001525878906,19000,0.0,0.0
2024-06-21 09:45:00+08:00,53.0,53.0,52.900001525878906,52.900001525878906,49000,0.0,0.0
2024-06-21 09:50:00+08:00,52.900001525878906,52.900001525878906,52.900001525878906,52.900001525878906,8201,0.0,0.0
2024-06-21 09:55:00+08:00,53.0,53.0,52.900001525878906,52.900001525878906,9000,0.0,0.0
2024-06-21 10:00:00+08:00,52.900001525878906,52.900001525878906,52.79999923706055,52.79999923706055,31000,0.0,0.0
2024-06-21 10:05:00+08:00,52.79999923706055,52.79999923706055,52.79999923706055,52.79999923706055,3120,0.0,0.0
2024-06-21 10:10:00+08:00,52.79999923706055,52.79999923706055,52.79999923706055,52.79999923706055,23565,0.0,0.0
2024-06-21 10:15:00+08:00,52.70000076293945,52.79999923706055,52.70000076293945,52.79999923706055,9000,0.0,0.0
2024-06-21 10:20:00+08:00,52.900001525878906,52.900001525878906,52.900001525878906,52.900001525878906,3010,0.0,0.0
2024-06-21 10:25:00+08:00,52.900001525878906,52.900001525878906,52.79999923706055,52.900001525878906,28040,0.0,0.0
2024-06-21 10:30:00+08:00,52.900001525878906,53.0,52.900001525878906,53.0,8400,0.0,0.0
2024-06-21 10:35:00+08:00,52.900001525878906,53.0,52.900001525878906,53.0,17053,0.0,0.0
2024-06-21 10:40:00+08:00,52.900001525878906,52.900001525878906,52.900001525878906,52.900001525878906,3000,0.0,0.0
2024-06-21 10:45:00+08:00,53.0,53.0,53.0,53.0,2400,0.0,0.0
2024-06-21 10:50:00+08:00,53.0,53.0,53.0,53.0,12002,0.0,0.0
2024-06-21 10:55:00+08:00,52.900001525878906,52.900001525878906,52.900001525878906,52.900001525878906,11700,0.0,0.0
2024-06-21 11:00:00+08:00,52.900001525878906,52.900001525878906,52.79999923706055,52.79999923706055,9000,0.0,0.0
2024-06-21 11:05:00+08:00,52.79999923706055,52.900001525878906,52.79999923706055,52.900001525878906,6000,0.0,0.0
2024-06-21 11:10:00+08:00,52.900001525878906,52.900001525878906,52.79999923706055,52.79999923706055,5000,0.0,0.0
2024-06-21 11:15:00+08:00,52.79999923706055,52.79999923706055,52.70000076293945,52.79999923706055,59101,0.0,0.0
2024-06-21 11:20:00+08:00,52.79999923706055,52.79999923706055,52.79999923706055,52.79999923706055,3000,0.0,0.0
2024-06-21 11:25:00+08:00,52.79999923706055,52.79999923706055,52.599998474121094,52.70000076293945,64138,0.0,0.0
2024-06-21 11:30:00+08:00,52.70000076293945,52.70000076293945,52.70000076293945,52.70000076293945,2046,0.0,0.0
2024-06-21 11:35:00+08:00,52.70000076293945,52.70000076293945,52.70000076293945,52.70000076293945,2335,0.0,0.0
2024-06-21 11:40:00+08:00,52.70000076293945,52.70000076293945,52.70000076293945,52.70000076293945,8050,0.0,0.0
2024-06-21 11:45:00+08:00,52.70000076293945,52.70000076293945,52.599998474121094,52.599998474121094,25000,0.0,0.0
2024-06-21 11:50:00+08:00,52.599998474121094,52.599998474121094,52.5,52.599998474121094,8665,0.0,0.0
2024-06-21 11:55:00+08:00,52.599998474121094,52.599998474121094,52.5,52.5,17208,0.0,0.0
2024-06-21 12:00:00+08:00,52.599998474121094,52.70000076293945,52.599998474121094,52.599998474121094,7000,0.0,0.0
2024-06-21 12:05:00+08:00,52.599998474121094,52.599998474121094,52.5,52.599998474121094,11001,0.0,0.0
2024-06-21 12:10:00+08:00,52.599998474121094,52.599998474121094,52.5,52.5,4250,0.0,0.0
2024-06-21 12:15:00+08:00,52.5,52.5,52.400001525878906,52.400001525878906,51876,0.0,0.0
2024-06-21 12:20:00+08:00,52.400001525878906,52.400001525878906,52.29999923706055,52.400001525878906,25000,0.0,0.0
2024-06-21 12:25:00+08:00,52.400001525878906,52.5,52.400001525878906,52.5,11855,0.0,0.0
2024-06-21 12:30:00+08:00,52.5,52.5,52.5,52.5,9010,0.0,0.0
2024-06-21 12:35:00+08:00,52.5,52.5,52.5,52.5,4190,0.0,0.0
2024-06-21 12:40:00+08:00,52.5,52.5,52.29999923706055,52.29999923706055,35953,0.0,0.0
2024-06-21 12:45:00+08:00,52.29999923706055,52.29999923706055,52.29999923706055,52.29999923706055,32644,0.0,0.0
2024-06-21 12:50:00+08:00,52.29999923706055,52.400001525878906,52.29999923706055,52.400001525878906,11220,0.0,0.0
2024-06-21 12:55:00+08:00,52.400001525878906,52.400001525878906,52.29999923706055,52.29999923706055,26315,0.0,0.0
2024-06-21 13:00:00+08:00,52.29999923706055,52.400001525878906,52.29999923706055,52.29999923706055,7300,0.0,0.0
2024-06-21 13:05:00+08:00,52.400001525878906,52.400001525878906,52.400001525878906,52.400001525878906,27111,0.0,0.0
2024-06-21 13:10:00+08:00,52.400001525878906,52.400001525878906,52.29999923706055,52.29999923706055,16200,0.0,0.0
2024-06-21 13:15:00+08:00,52.29999923706055,52.29999923706055,52.20000076293945,52.20000076293945,81164,0.0,0.0
2024-06-21 13:20:00+08:00,52.29999923706055,52.29999923706055,52.20000076293945,52.20000076293945,44600,0.0,0.0
2024-06-24 09:00:00+08:00,52.5,52.5,52.0,52.29999923706055,0,0.0,0.0
2024-06-24 09:05:00+08:00,52.400001525878906,52.599998474121094,52.400001525878906,52.599998474121094,19845,0.0,0.0
2024-06-24 09:10:00+08:00,52.599998474121094,52.599998474121094,52.5,52.5,12700,0.0,0.0
2024-06-24 09:15:00+08:00,52.5,52.599998474121094,52.5,52.599998474121094,7000,0.0,0.0
2024-06-24 09:20:00+08:00,52.5,52.5,52.400001525878906,52.400001525878906,13248,0.0,0.0
2024-06-24 09:25:00+08:00,52.400001525878906,52.400001525878906,52.400001525878906,52.400001525878906,1000,0.0,0.0
2024-06-24 09:30:00+08:00,52.400001525878906,52.5,52.400001525878906,52.400001525878906,12300,0.0,0.0
2024-06-24 09:35:00+08:00,52.400001525878906,52.5,52.20000076293945,52.5,30030,0.0,0.0
2024-06-24 09:40:00+08:00,52.5,52.5,52.400001525878906,52.400001525878906,2000,0.0,0.0
2024-06-24 09:45:00+08:00,52.400001525878906,52.400001525878906,52.29999923706055,52.29999923706055,7039,0.0,0.0
2024-06-24 09:50:00+08:00,52.29999923706055,52.5,52.29999923706055,52.400001525878906,12030,0.0,0.0
2024-06-24 10:00:00+08:00,52.400001525878906,52.5,52.400001525878906,52.5,2000,0.0,0.0
2024-06-24 10:05:00+08:00,52.400001525878906,52.5,52.400001525878906,52.5,4100,0.0,0.0
2024-06-24 10:10:00+08:00,52.5,52.5,52.400001525878906,52.5,10000,0.0,0.0
2024-06-24 10:15:00+08:00,52.400001525878906,52.400001525878906,52.400001525878906,52.400001525878906,15223,0.0,0.0
2024-06-24 10:20:00+08:00,52.400001525878906,52.5,52.29999923706055,52.400001525878906,27000,0.0,0.0
2024-06-24 10:25:00+08:00,52.400001525878906,52.400001525878906,52.400001525878906,52.400001525878906,2025,0.0,0.0
2024-06-24 10:30:00+08:00,52.400001525878906,52.400001525878906,52.400001525878906,52.400001525878906,19001,0.0,0.0
2024-06-24 10:35:00+08:00,52.400001525878906,52.400001525878906,52.400001525878906,52.400001525878906,1200,0.0,0.0
2024-06-24 10:40:00+08:00,52.400001525878906,52.5,52.400001525878906,52.5,23406,0.0,0.0
2024-06-24 10:45:00+08:00,52.599998474121094,52.599998474121094,52.29999923706055,52.29999923706055,20050,0.0,0.0
2024-06-24 10:55:00+08:00,52.29999923706055,52.5,52.29999923706055,52.5,6850,0.0,0.0
2024-06-24 11:00:00+08:00,52.29999923706055,52.29999923706055,52.20000076293945,52.20000076293945,21000,0.0,0.0
2024-06-24 11:05:00+08:00,52.20000076293945,52.20000076293945,52.20000076293945,52.20000076293945,3000,0.0,0.0
2024-06-24 11:10:00+08:00,52.20000076293945,52.20000076293945,52.20000076293945,52.20000076293945,15178,0.0,0.0
2024-06-24 11:15:00+08:00,52.20000076293945,52.29999923706055,52.20000076293945,52.29999923706055,4025,0.0,0.0
2024-06-24 11:20:00+08:00,52.29999923706055,52.400001525878906,52.29999923706055,52.400001525878906,21001,0.0,0.0
2024-06-24 11:25:00+08:00,52.29999923706055,52.29999923706055,52.29999923706055,52.29999923706055,1000,0.0,0.0
2024-06-24 11:30:00+08:00,52.29999923706055,52.29999923706055,52.29999923706055,52.29999923706055,1119,0.0,0.0
2024-06-24 11:35:00+08:00,52.29999923706055,52.29999923706055,52.29999923706055,52.29999923706055,1000,0.0,0.0
2024-06-24 11:40:00+08:00,52.29999923706055,52.29999923706055,52.29999923706055,52.29999923706055,1030,0.0,0.0
2024-06-24 11:45:00+08:00,52.29999923706055,52.29999923706055,52.29999923706055,52.29999923706055,3000,0.0,0.0
2024-06-24 11:50:00+08:00,52.29999923706055,52.29999923706055,52.29999923706055,52.29999923706055,9000,0.0,0.0
2024-06-24 11:55:00+08:00,52.29999923706055,52.29999923706055,52.29999923706055,52.29999923706055,4000,0.0,0.0
2024-06-24 12:00:00+08:00,52.29999923706055,52.400001525878906,52.20000076293945,52.20000076293945,13000,0.0,0.0
2024-06-24 12:05:00+08:00,52.099998474121094,52.20000076293945,52.099998474121094,52.20000076293945,10910,0.0,0.0
2024-06-24 12:10:00+08:00,52.099998474121094,52.20000076293945,52.099998474121094,52.099998474121094,7000,0.0,0.0
2024-06-24 12:15:00+08:00,52.099998474121094,52.099998474121094,52.099998474121094,52.099998474121094,21592,0.0,0.0
2024-06-24 12:20:00+08:00,52.0,52.0,52.0,52.0,1040,0.0,0.0
2024-06-24 12:25:00+08:00,52.0,52.099998474121094,52.0,52.099998474121094,14247,0.0,0.0
2024-06-24 12:30:00+08:00,52.099998474121094,52.099998474121094,51.900001525878906,52.0,75489,0.0,0.0
2024-06-24 12:35:00+08:00,52.0,52.0,51.900001525878906,51.900001525878906,18117,0.0,0.0
2024-06-24 12:40:00+08:00,51.900001525878906,51.900001525878906,51.900001525878906,51.900001525878906,3400,0.0,0.0
2024-06-24 12:45:00+08:00,51.900001525878906,51.900001525878906,51.70000076293945,51.70000076293945,29186,0.0,0.0
2024-06-24 12:50:00+08:00,51.70000076293945,51.900001525878906,51.70000076293945,51.79999923706055,22000,0.0,0.0
2024-06-24 12:55:00+08:00,51.79999923706055,51.900001525878906,51.79999923706055,51.900001525878906,4000,0.0,0.0
2024-06-24 13:00:00+08:00,51.79999923706055,51.79999923706055,51.70000076293945,51.79999923706055,48339,0.0,0.0
2024-06-24 13:05:00+08:00,51.70000076293945,51.79999923706055,51.599998474121094,51.70000076293945,15510,0.0,0.0
2024-06-24 13:10:00+08:00,51.70000076293945,51.70000076293945,51.599998474121094,51.599998474121094,5141,0.0,0.0
2024-06-24 13:15:00+08:00,51.70000076293945,51.79999923706055,51.599998474121094,51.70000076293945,41915,0.0,0.0
2024-06-24 13:20:00+08:00,51.70000076293945,51.79999923706055,51.70000076293945,51.79999923706055,34691,0.0,0.0
2024-06-25 09:00:00+08:00,51.79999923706055,52.0,51.79999923706055,52.0,0,0.0,0.0
2024-06-25 09:05:00+08:00,52.0,52.0,51.5,51.5,47531,0.0,0.0
2024-06-25 09:10:00+08:00,51.5,51.5,51.29999923706055,51.29999923706055,47067,0.0,0.0
2024-06-25 09:15:00+08:00,51.29999923706055,51.29999923706055,51.0,51.099998474121094,64200,0.0,0.0
2024-06-25 09:20:00+08:00,51.099998474121094,51.099998474121094,51.099998474121094,51.099998474121094,15000,0.0,0.0
2024-06-25 09:25:00+08:00,51.099998474121094,51.20000076293945,51.0,51.20000076293945,57045,0.0,0.0
2024-06-25 09:30:00+08:00,51.5,51.5,51.400001525878906,51.400001525878906,2290,0.0,0.0
2024-06-25 09:35:00+08:00,51.400001525878906,51.400001525878906,51.20000076293945,51.29999923706055,22200,0.0,0.0
2024-06-25 09:40:00+08:00,51.20000076293945,51.20000076293945,51.20000076293945,51.20000076293945,5312,0.0,0.0
2024-06-25 09:45:00+08:00,51.29999923706055,51.400001525878906,51.29999923706055,51.400001525878906,6500,0.0,0.0
2024-06-25 09:55:00+08:00,51.400001525878906,51.400001525878906,51.29999923706055,51.29999923706055,9748,0.0,0.0
2024-06-25 10:05:00+08:00,51.29999923706055,51.29999923706055,51.29999923706055,51.29999923706055,1482,0.0,0.0
2024-06-25 10:10:00+08:00,51.400001525878906,51.400001525878906,51.400001525878906,51.400001525878906,4150,0.0,0.0
2024-06-25 10:20:00+08:00,51.400001525878906,51.400001525878906,51.400001525878906,51.400001525878906,13011,0.0,0.0
2024-06-25 10:25:00+08:00,51.5,51.5,51.400001525878906,51.400001525878906,7000,0.0,0.0
2024-06-25 10:30:00+08:00,51.5,51.5,51.400001525878906,51.5,8017,0.0,0.0
2024-06-25 10:35:00+08:00,51.5,51.599998474121094,51.5,51.599998474121094,4000,0.0,0.0
2024-06-25 10:40:00+08:00,51.599998474121094,51.599998474121094,51.599998474121094,51.599998474121094,4296,0.0,0.0
2024-06-25 10:45:00+08:00,51.599998474121094,51.599998474121094,51.599998474121094,51.599998474121094,1001,0.0,0.0
2024-06-25 10:50:00+08:00,51.599998474121094,51.599998474121094,51.599998474121094,51.599998474121094,1000,0.0,0.0
2024-06-25 10:55:00+08:00,51.599998474121094,51.599998474121094,51.599998474121094,51.599998474121094,3000,0.0,0.0
2024-06-25 11:00:00+08:00,51.599998474121094,51.599998474121094,51.599998474121094,51.599998474121094,5172,0.0,0.0
2024-06-25 11:05:00+08:00,51.599998474121094,51.599998474121094,51.599998474121094,51.599998474121094,2000,0.0,0.0
2024-06-25 11:10:00+08:00,51.599998474121094,51.599998474121094,51.599998474121094,51.599998474121094,5000,0.0,0.0
2024-06-25 11:15:00+08:00,51.599998474121094,51.599998474121094,51.599998474121094,51.599998474121094,1250,0.0,0.0
2024-06-25 11:20:00+08:00,51.599998474121094,51.599998474121094,51.5,51.5,17560,0.0,0.0
2024-06-25 11:25:00+08:00,51.5,51.599998474121094,51.5,51.599998474121094,2000,0.0,0.0
2024-06-25 11:30:00+08:00,51.5,51.599998474121094,51.5,51.599998474121094,4101,0.0,0.0
2024-06-25 11:35:00+08:00,51.599998474121094,51.70000076293945,51.599998474121094,51.70000076293945,5020,0.0,0.0
2024-06-25 11:40:00+08:00,51.5,51.599998474121094,51.5,51.599998474121094,13196,0.0,0.0
2024-06-25 11:45:00+08:00,51.599998474121094,51.599998474121094,51.599998474121094,51.599998474121094,3100,0.0,0.0
2024-06-25 11:50:00+08:00,51.599998474121094,51.599998474121094,51.599998474121094,51.599998474121094,5000,0.0,0.0
2024-06-25 11:55:00+08:00,51.599998474121094,51.599998474121094,51.599998474121094,51.599998474121094,1000,0.0,0.0
2024-06-25 12:00:00+08:00,51.599998474121094,51.70000076293945,51.599998474121094,51.70000076293945,20200,0.0,0.0
2024-06-25 12:05:00+08:00,51.599998474121094,51.599998474121094,51.5,51.5,8120,0.0,0.0
2024-06-25 12:10:00+08:00,51.5,51.599998474121094,51.5,51.599998474121094,2000,0.0,0.0
2024-06-25 12:15:00+08:00,51.5,51.5,51.5,51.5,12000,0.0,0.0
2024-06-25 12:25:00+08:00,51.599998474121094,51.599998474121094,51.599998474121094,51.599998474121094,1115,0.0,0.0
2024-06-25 12:35:00+08:00,51.599998474121094,51.599998474121094,51.5,51.5,4020,0.0,0.0
2024-06-25 12:40:00+08:00,51.5,51.599998474121094,51.5,51.599998474121094,4194,0.0,0.0
2024-06-25 12:45:00+08:00,51.599998474121094,51.599998474121094,51.599998474121094,51.599998474121094,6000,0.0,0.0
2024-06-25 12:50:00+08:00,51.599998474121094,51.599998474121094,51.599998474121094,51.599998474121094,3000,0.0,0.0
2024-06-25 12:55:00+08:00,51.599998474121094,51.599998474121094,51.599998474121094,51.599998474121094,8000,0.0,0.0
2024-06-25 13:00:00+08:00,51.599998474121094,51.70000076293945,51.599998474121094,51.70000076293945,9482,0.0,0.0
2024-06-25 13:05:00+08:00,51.70000076293945,51.70000076293945,51.599998474121094,51.70000076293945,21336,0.0,0.0
2024-06-25 13:10:00+08:00,51.599998474121094,51.70000076293945,51.599998474121094,51.599998474121094,23000,0.0,0.0
2024-06-25 13:15:00+08:00,51.599998474121094,51.79999923706055,51.599998474121094,51.79999923706055,32697,0.0,0.0
2024-06-25 13:20:00+08:00,51.79999923706055,52.0,51.79999923706055,52.0,18150,0.0,0.0
2024-06-26 09:00:00+08:00,52.20000076293945,52.400001525878906,52.099998474121094,52.099998474121094,0,0.0,0.0
2024-06-26 09:05:00+08:00,52.20000076293945,52.20000076293945,52.20000076293945,52.20000076293945,1000,0.0,0.0
2024-06-26 09:10:00+08:00,52.099998474121094,52.599998474121094,52.099998474121094,52.5,95853,0.0,0.0
2024-06-26 09:15:00+08:00,52.5,52.5,52.20000076293945,52.400001525878906,43894,0.0,0.0
2024-06-26 09:20:00+08:00,52.400001525878906,52.70000076293945,52.400001525878906,52.599998474121094,56640,0.0,0.0
2024-06-26 09:25:00+08:00,52.70000076293945,52.70000076293945,52.70000076293945,52.70000076293945,37865,0.0,0.0
2024-06-26 09:30:00+08:00,52.79999923706055,53.0,52.70000076293945,52.900001525878906,72739,0.0,0.0
2024-06-26 09:35:00+08:00,52.900001525878906,53.0,52.70000076293945,52.900001525878906,101872,0.0,0.0
2024-06-26 09:40:00+08:00,52.900001525878906,52.900001525878906,52.70000076293945,52.70000076293945,17506,0.0,0.0
2024-06-26 09:45:00+08:00,52.599998474121094,52.79999923706055,52.599998474121094,52.79999923706055,30294,0.0,0.0
2024-06-26 09:50:00+08:00,52.79999923706055,53.0,52.79999923706055,53.0,138100,0.0,0.0
2024-06-26 09:55:00+08:00,52.79999923706055,52.79999923706055,52.70000076293945,52.79999923706055,12120,0.0,0.0
2024-06-26 10:00:00+08:00,52.79999923706055,52.79999923706055,52.70000076293945,52.79999923706055,14000,0.0,0.0
2024-06-26 10:05:00+08:00,52.79999923706055,53.0,52.79999923706055,52.79999923706055,29148,0.0,0.0
2024-06-26 10:10:00+08:00,53.0,53.0,52.900001525878906,52.900001525878906,23640,0.0,0.0
2024-06-26 10:15:00+08:00,52.900001525878906,52.900001525878906,52.79999923706055,52.900001525878906,11000,0.0,0.0
2024-06-26 10:20:00+08:00,52.900001525878906,52.900001525878906,52.79999923706055,52.79999923706055,14050,0.0,0.0
2024-06-26 10:25:00+08:00,52.79999923706055,52.79999923706055,52.79999923706055,52.79999923706055,6000,0.0,0.0
2024-06-26 10:30:00+08:00,52.79999923706055,52.900001525878906,52.599998474121094,52.599998474121094,24100,0.0,0.0
2024-06-26 10:35:00+08:00,52.70000076293945,52.70000076293945,52.70000076293945,52.70000076293945,29001,0.0,0.0
2024-06-26 10:40:00+08:00,52.70000076293945,52.79999923706055,52.70000076293945,52.79999923706055,64357,0.0,0.0
2024-06-26 10:45:00+08:00,52.79999923706055,52.79999923706055,52.79999923706055,52.79999923706055,10654,0.0,0.0
2024-06-26 10:50:00+08:00,52.900001525878906,53.20000076293945,52.900001525878906,53.0,144050,0.0,0.0
2024-06-26 10:55:00+08:00,53.20000076293945,53.29999923706055,53.20000076293945,53.20000076293945,85480,0.0,0.0
2024-06-26 11:00:00+08:00,53.20000076293945,53.20000076293945,53.099998474121094,53.20000076293945,21433,0.0,0.0
2024-06-26 11:05:00+08:00,53.20000076293945,53.20000076293945,53.099998474121094,53.099998474121094,21000,0.0,0.0
2024-06-26 11:10:00+08:00,53.20000076293945,53.20000076293945,53.0,53.0,16628,0.0,0.0
2024-06-26 11:15:00+08:00,53.0,53.0,52.900001525878906,52.900001525878906,17000,0.0,0.0
2024-06-26 11:20:00+08:00,52.900001525878906,52.900001525878906,52.79999923706055,52.900001525878906,17000,0.0,0.0
2024-06-26 11:25:00+08:00,52.900001525878906,52.900001525878906,52.79999923706055,52.79999923706055,4400,0.0,0.0
2024-06-26 11:30:00+08:00,52.79999923706055,52.79999923706055,52.70000076293945,52.70000076293945,14126,0.0,0.0
2024-06-26 11:40:00+08:00,52.79999923706055,52.79999923706055,52.70000076293945,52.70000076293945,6000,0.0,0.0
2024-06-26 11:45:00+08:00,52.70000076293945,52.79999923706055,52.70000076293945,52.79999923706055,21250,0.0,0.0
2024-06-26 11:55:00+08:00,52.900001525878906,52.900001525878906,52.900001525878906,52.900001525878906,6328,0.0,0.0
2024-06-26 12:00:00+08:00,52.900001525878906,52.900001525878906,52.900001525878906,52.900001525878906,3000,0.0,0.0
2024-06-26 12:05:00+08:00,52.900001525878906,52.900001525878906,52.79999923706055,52.900001525878906,4000,0.0,0.0
2024-06-26 12:10:00+08:00,52.900001525878906,52.900001525878906,52.79999923706055,52.79999923706055,8000,0.0,0.0
2024-06-26 12:15:00+08:00,52.79999923706055,52.79999923706055,52.79999923706055,52.79999923706055,7020,0.0,0.0
2024-06-26 12:20:00+08:00,52.79999923706055,52.900001525878906,52.79999923706055,52.900001525878906,7100,0.0,0.0
2024-06-26 12:25:00+08:00,52.900001525878906,52.900001525878906,52.900001525878906,52.900001525878906,1390,0.0,0.0
2024-06-26 12:30:00+08:00,52.900001525878906,52.900001525878906,52.900001525878906,52.900001525878906,3009,0.0,0.0
2024-06-26 12:35:00+08:00,52.900001525878906,52.900001525878906,52.900001525878906,52.900001525878906,7002,0.0,0.0
2024-06-26 12:40:00+08:00,53.0,53.0,52.900001525878906,52.900001525878906,13153,0.0,0.0
2024-06-26 12:45:00+08:00,52.900001525878906,52.900001525878906,52.79999923706055,52.79999923706055,21101,0.0,0.0
2024-06-26 12:50:00+08:00,52.79999923706055,53.0,52.79999923706055,52.900001525878906,18406,0.0,0.0
2024-06-26 12:55:00+08:00,52.900001525878906,52.900001525878906,52.79999923706055,52.900001525878906,33437,0.0,0.0
2024-06-26 13:00:00+08:00,52.900001525878906,52.900001525878906,52.79999923706055,52.79999923706055,14050,0.0,0.0
2024-06-26 13:05:00+08:00,52.900001525878906,52.900001525878906,52.79999923706055,52.79999923706055,53205,0.0,0.0
2024-06-26 13:10:00+08:00,52.79999923706055,52.79999923706055,52.70000076293945,52.79999923706055,14354,0.0,0.0
2024-06-26 13:15:00+08:00,52.70000076293945,52.70000076293945,52.70000076293945,52.70000076293945,35560,0.0,0.0
2024-06-26 13:20:00+08:00,52.70000076293945,52.79999923706055,52.70000076293945,52.79999923706055,34765,0.0,0.0
2024-06-27 09:00:00+08:00,52.79999923706055,53.5,52.79999923706055,53.400001525878906,0,0.0,0.0
2024-06-27 09:05:00+08:00,53.400001525878906,53.5,53.29999923706055,53.400001525878906,127440,0.0,0.0
2024-06-27 09:10:00+08:00,53.400001525878906,53.79999923706055,53.400001525878906,53.70000076293945,199541,0.0,0.0
2024-06-27 09:15:00+08:00,53.70000076293945,54.29999923706055,53.70000076293945,53.900001525878906,332198,0.0,0.0
2024-06-27 09:20:00+08:00,53.900001525878906,54.0,53.599998474121094,53.599998474121094,128911,0.0,0.0
2024-06-27 09:25:00+08:00,53.70000076293945,53.79999923706055,53.599998474121094,53.70000076293945,30210,0.0,0.0
2024-06-27 09:30:00+08:00,53.70000076293945,53.79999923706055,53.599998474121094,53.70000076293945,37343,0.0,0.0
2024-06-27 09:35:00+08:00,53.70000076293945,53.70000076293945,53.400001525878906,53.5,83094,0.0,0.0
2024-06-27 09:40:00+08:00,53.5,53.5,53.400001525878906,53.5,20450,0.0,0.0
2024-06-27 09:45:00+08:00,53.400001525878906,53.5,53.400001525878906,53.5,15016,0.0,0.0
2024-06-27 09:50:00+08:00,53.5,53.5,53.5,53.5,26150,0.0,0.0
2024-06-27 09:55:00+08:00,53.5,53.5,53.400001525878906,53.400001525878906,11100,0.0,0.0
2024-06-27 10:00:00+08:00,53.400001525878906,53.5,53.20000076293945,53.20000076293945,85275,0.0,0.0
2024-06-27 10:05:00+08:00,53.20000076293945,53.20000076293945,53.099998474121094,53.20000076293945,25360,0.0,0.0
2024-06-27 10:10:00+08:00,53.20000076293945,53.29999923706055,53.20000076293945,53.29999923706055,15000,0.0,0.0
2024-06-27 10:15:00+08:00,53.29999923706055,53.29999923706055,53.20000076293945,53.20000076293945,42418,0.0,0.0
2024-06-27 10:20:00+08:00,53.20000076293945,53.29999923706055,53.20000076293945,53.29999923706055,4020,0.0,0.0
2024-06-27 10:25:00+08:00,53.29999923706055,53.29999923706055,53.29999923706055,53.29999923706055,5000,0.0,0.0
2024-06-27 10:30:00+08:00,53.29999923706055,53.400001525878906,53.29999923706055,53.400001525878906,11200,0.0,0.0
2024-06-27 10:35:00+08:00,53.400001525878906,53.400001525878906,53.20000076293945,53.20000076293945,10000,0.0,0.0
2024-06-27 10:40:00+08:00,53.20000076293945,53.29999923706055,53.20000076293945,53.29999923706055,26250,0.0,0.0
2024-06-27 10:45:00+08:00,53.400001525878906,53.400001525878906,53.400001525878906,53.400001525878906,5673,0.0,0.0
2024-06-27 10:50:00+08:00,53.400001525878906,53.400001525878906,53.29999923706055,53.29999923706055,19500,0.0,0.0
2024-06-27 10:55:00+08:00,53.29999923706055,53.29999923706055,53.29999923706055,53.29999923706055,11000,0.0,0.0
2024-06-27 11:00:00+08:00,53.29999923706055,53.29999923706055,53.20000076293945,53.20000076293945,9410,0.0,0.0
2024-06-27 11:05:00+08:00,53.29999923706055,53.29999923706055,53.20000076293945,53.20000076293945,11500,0.0,0.0
2024-06-27 11:10:00+08:00,53.20000076293945,53.20000076293945,53.20000076293945,53.20000076293945,25000,0.0,0.0
2024-06-27 11:15:00+08:00,53.20000076293945,53.29999923706055,53.20000076293945,53.29999923706055,3250,0.0,0.0
2024-06-27 11:20:00+08:00,53.29999923706055,53.29999923706055,53.29999923706055,53.29999923706055,5900,0.0,0.0
2024-06-27 11:25:00+08:00,53.29999923706055,53.29999923706055,53.29999923706055,53.29999923706055,4005,0.0,0.0
2024-06-27 11:30:00+08:00,53.29999923706055,53.29999923706055,53.20000076293945,53.29999923706055,12495,0.0,0.0
2024-06-27 11:35:00+08:00,53.29999923706055,53.29999923706055,53.29999923706055,53.29999923706055,4000,0.0,0.0
2024-06-27 11:40:00+08:00,53.29999923706055,53.29999923706055,53.20000076293945,53.20000076293945,22400,0.0,0.0
2024-06-27 11:45:00+08:00,53.29999923706055,53.29999923706055,53.29999923706055,53.29999923706055,13400,0.0,0.0
2024-06-27 11:50:00+08:00,53.29999923706055,53.400001525878906,53.29999923706055,53.29999923706055,10101,0.0,0.0
2024-06-27 11:55:00+08:00,53.29999923706055,53.400001525878906,53.29999923706055,53.29999923706055,28000,0.0,0.0
2024-06-27 12:00:00+08:00,53.400001525878906,53.400001525878906,53.400001525878906,53.400001525878906,11030,0.0,0.0
2024-06-27 12:05:00+08:00,53.400001525878906,53.5,53.400001525878906,53.400001525878906,14000,0.0,0.0
2024-06-27 12:10:00+08:00,53.400001525878906,53.400001525878906,53.400001525878906,53.400001525878906,10070,0.0,0.0
2024-06-27 12:15:00+08:00,53.400001525878906,53.400001525878906,53.29999923706055,53.29999923706055,14000,0.0,0.0
2024-06-27 12:20:00+08:00,53.29999923706055,53.29999923706055,53.29999923706055,53.29999923706055,32214,0.0,0.0
2024-06-27 12:25:00+08:00,53.29999923706055,53.29999923706055,53.20000076293945,53.20000076293945,24229,0.0,0.0
2024-06-27 12:30:00+08:00,53.20000076293945,53.29999923706055,53.099998474121094,53.29999923706055,11070,0.0,0.0
2024-06-27 12:35:00+08:00,53.20000076293945,53.20000076293945,53.20000076293945,53.20000076293945,6150,0.0,0.0
2024-06-27 12:40:00+08:00,53.20000076293945,53.20000076293945,53.099998474121094,53.099998474121094,8050,0.0,0.0
2024-06-27 12:45:00+08:00,53.099998474121094,53.099998474121094,53.099998474121094,53.099998474121094,9050,0.0,0.0
2024-06-27 12:50:00+08:00,53.099998474121094,53.20000076293945,53.099998474121094,53.20000076293945,28202,0.0,0.0
2024-06-27 12:55:00+08:00,53.20000076293945,53.29999923706055,53.099998474121094,53.099998474121094,38707,0.0,0.0
2024-06-27 13:00:00+08:00,53.099998474121094,53.20000076293945,53.099998474121094,53.20000076293945,4000,0.0,0.0
2024-06-27 13:05:00+08:00,53.099998474121094,53.20000076293945,53.0,53.099998474121094,82354,0.0,0.0
2024-06-27 13:10:00+08:00,53.099998474121094,53.099998474121094,53.0,53.099998474121094,24000,0.0,0.0
2024-06-27 13:15:00+08:00,53.099998474121094,53.099998474121094,53.0,53.0,32510,0.0,0.0
2024-06-27 13:20:00+08:00,53.099998474121094,53.29999923706055,53.0,53.099998474121094,52050,0.0,0.0
2024-06-28 09:00:00+08:00,53.099998474121094,53.5,53.099998474121094,53.5,0,0.0,0.0
2024-06-28 09:05:00+08:00,53.5,53.5,53.400001525878906,53.5,37401,0.0,0.0
2024-06-28 09:10:00+08:00,53.400001525878906,54.0,53.400001525878906,54.0,194678,0.0,0.0
2024-06-28 09:15:00+08:00,54.099998474121094,54.099998474121094,53.79999923706055,53.79999923706055,70636,0.0,0.0
2024-06-28 09:20:00+08:00,53.79999923706055,53.79999923706055,53.79999923706055,53.79999923706055,20150,0.0,0.0
2024-06-28 09:25:00+08:00,53.900001525878906,54.0,53.70000076293945,54.0,109350,0.0,0.0
2024-06-28 09:30:00+08:00,54.0,54.099998474121094,53.900001525878906,54.0,107241,0.0,0.0
2024-06-28 09:35:00+08:00,54.0,54.20000076293945,54.0,54.20000076293945,86113,0.0,0.0
2024-06-28 09:40:00+08:00,54.099998474121094,54.099998474121094,53.900001525878906,53.900001525878906,40310,0.0,0.0
2024-06-28 09:45:00+08:00,53.79999923706055,53.900001525878906,53.79999923706055,53.79999923706055,7201,0.0,0.0
2024-06-28 09:50:00+08:00,53.70000076293945,53.900001525878906,53.599998474121094,53.79999923706055,17300,0.0,0.0
2024-06-28 09:55:00+08:00,53.900001525878906,54.29999923706055,53.900001525878906,54.29999923706055,177988,0.0,0.0
2024-06-28 10:00:00+08:00,54.29999923706055,54.29999923706055,54.20000076293945,54.20000076293945,83038,0.0,0.0
2024-06-28 10:05:00+08:00,54.20000076293945,54.20000076293945,54.099998474121094,54.099998474121094,16776,0.0,0.0
2024-06-28 10:10:00+08:00,54.099998474121094,54.099998474121094,54.0,54.0,15000,0.0,0.0
2024-06-28 10:15:00+08:00,54.0,54.20000076293945,54.0,54.20000076293945,22029,0.0,0.0
2024-06-28 10:20:00+08:00,54.099998474121094,54.099998474121094,54.099998474121094,54.099998474121094,11050,0.0,0.0
2024-06-28 10:25:00+08:00,54.099998474121094,54.099998474121094,54.099998474121094,54.099998474121094,31187,0.0,0.0
2024-06-28 10:30:00+08:00,54.0,54.0,53.900001525878906,54.0,19000,0.0,0.0
2024-06-28 10:35:00+08:00,54.0,54.0,53.900001525878906,53.900001525878906,4074,0.0,0.0
2024-06-28 10:40:00+08:00,53.900001525878906,54.0,53.900001525878906,53.900001525878906,9333,0.0,0.0
2024-06-28 10:45:00+08:00,53.900001525878906,53.900001525878906,53.79999923706055,53.900001525878906,4300,0.0,0.0
2024-06-28 10:50:00+08:00,53.79999923706055,53.900001525878906,53.79999923706055,53.900001525878906,7541,0.0,0.0
2024-06-28 10:55:00+08:00,53.79999923706055,54.0,53.79999923706055,53.900001525878906,16000,0.0,0.0
2024-06-28 11:00:00+08:00,53.900001525878906,53.900001525878906,53.900001525878906,53.900001525878906,5009,0.0,0.0
2024-06-28 11:05:00+08:00,54.0,54.0,53.900001525878906,53.900001525878906,9020,0.0,0.0
2024-06-28 11:10:00+08:00,53.900001525878906,54.0,53.900001525878906,54.0,12995,0.0,0.0
2024-06-28 11:15:00+08:00,54.0,54.0,53.900001525878906,54.0,10567,0.0,0.0
2024-06-28 11:20:00+08:00,53.900001525878906,53.900001525878906,53.900001525878906,53.900001525878906,3180,0.0,0.0
2024-06-28 11:30:00+08:00,53.79999923706055,53.79999923706055,53.79999923706055,53.79999923706055,2000,0.0,0.0
2024-06-28 11:35:00+08:00,53.79999923706055,53.79999923706055,53.79999923706055,53.79999923706055,23622,0.0,0.0
2024-06-28 11:40:00+08:00,53.79999923706055,53.79999923706055,53.79999923706055,53.79999923706055,4060,0.0,0.0
2024-06-28 11:45:00+08:00,53.79999923706055,53.79999923706055,53.79999923706055,53.79999923706055,2401,0.0,0.0
2024-06-28 11:50:00+08:00,53.79999923706055,53.79999923706055,53.70000076293945,53.70000076293945,7000,0.0,0.0
2024-06-28 11:55:00+08:00,53.70000076293945,53.70000076293945,53.70000076293945,53.70000076293945,17100,0.0,0.0
2024-06-28 12:00:00+08:00,53.70000076293945,53.70000076293945,53.70000076293945,53.70000076293945,1000,0.0,0.0
2024-06-28 12:05:00+08:00,53.70000076293945,53.79999923706055,53.70000076293945,53.79999923706055,32025,0.0,0.0
2024-06-28 12:10:00+08:00,53.79999923706055,53.900001525878906,53.79999923706055,53.79999923706055,6000,0.0,0.0
2024-06-28 12:15:00+08:00,53.900001525878906,53.900001525878906,53.900001525878906,53.900001525878906,18200,0.0,0.0
2024-06-28 12:20:00+08:00,54.0,54.099998474121094,54.0,54.0,60550,0.0,0.0
2024-06-28 12:25:00+08:00,54.0,54.099998474121094,54.0,54.0,32000,0.0,0.0
2024-06-28 12:30:00+08:00,54.0,54.099998474121094,54.0,54.0,17085,0.0,0.0
2024-06-28 12:35:00+08:00,54.0,54.0,54.0,54.0,16262,0.0,0.0
2024-06-28 12:40:00+08:00,54.0,54.099998474121094,54.0,54.099998474121094,10001,0.0,0.0
2024-06-28 12:45:00+08:00,54.099998474121094,54.20000076293945,54.099998474121094,54.20000076293945,64000,0.0,0.0
2024-06-28 12:50:00+08:00,54.20000076293945,54.29999923706055,54.099998474121094,54.20000076293945,77860,0.0,0.0
2024-06-28 12:55:00+08:00,54.20000076293945,54.5,54.20000076293945,54.5,261820,0.0,0.0
2024-06-28 13:00:00+08:00,54.400001525878906,54.5,54.400001525878906,54.400001525878906,91215,0.0,0.0
2024-06-28 13:05:00+08:00,54.400001525878906,54.5,54.400001525878906,54.400001525878906,29632,0.0,0.0
2024-06-28 13:10:00+08:00,54.400001525878906,54.5,54.400001525878906,54.400001525878906,36305,0.0,0.0
2024-06-28 13:15:00+08:00,54.400001525878906,54.5,54.400001525878906,54.5,58123,0.0,0.0
2024-06-28 13:20:00+08:00,54.5,54.5,54.400001525878906,54.5,78551,0.0,0.0
2024-07-01 09:00:00+08:00,56.20000076293945,56.20000076293945,55.70000076293945,55.70000076293945,0,0.0,0.0
2024-07-01 09:05:00+08:00,55.70000076293945,55.70000076293945,55.5,55.599998474121094,134000,0.0,0.0
2024-07-01 09:10:00+08:00,55.599998474121094,55.599998474121094,55.20000076293945,55.29999923706055,192269,0.0,0.0
2024-07-01 09:15:00+08:00,55.29999923706055,55.599998474121094,55.29999923706055,55.599998474121094,64717,0.0,0.0
2024-07-01 09:20:00+08:00,55.599998474121094,56.29999923706055,55.5,56.29999923706055,249510,0.0,0.0
2024-07-01 09:25:00+08:00,56.29999923706055,56.5,56.29999923706055,56.29999923706055,165780,0.0,0.0
2024-07-01 09:30:00+08:00,56.29999923706055,56.29999923706055,56.0,56.0,72825,0.0,0.0
2024-07-01 09:35:00+08:00,56.0,56.29999923706055,56.0,56.20000076293945,88742,0.0,0.0
2024-07-01 09:40:00+08:00,56.20000076293945,56.29999923706055,56.099998474121094,56.20000076293945,93384,0.0,0.0
2024-07-01 09:45:00+08:00,56.099998474121094,56.099998474121094,55.900001525878906,56.0,129911,0.0,0.0
2024-07-01 09:50:00+08:00,55.900001525878906,55.900001525878906,55.70000076293945,55.70000076293945,59790,0.0,0.0
2024-07-01 09:55:00+08:00,55.70000076293945,56.099998474121094,55.70000076293945,56.0,156919,0.0,0.0
2024-07-01 10:00:00+08:00,56.099998474121094,56.20000076293945,56.0,56.099998474121094,39595,0.0,0.0
2024-07-01 10:05:00+08:00,56.099998474121094,56.099998474121094,56.0,56.0,22200,0.0,0.0
2024-07-01 10:10:00+08:00,56.099998474121094,56.400001525878906,56.099998474121094,56.29999923706055,96944,0.0,0.0
2024-07-01 10:15:00+08:00,56.29999923706055,56.400001525878906,56.20000076293945,56.20000076293945,107030,0.0,0.0
2024-07-01 10:20:00+08:00,56.20000076293945,56.20000076293945,56.099998474121094,56.20000076293945,24210,0.0,0.0
2024-07-01 10:25:00+08:00,56.29999923706055,56.29999923706055,56.099998474121094,56.29999923706055,38167,0.0,0.0
2024-07-01 10:30:00+08:00,56.29999923706055,56.400001525878906,56.29999923706055,56.400001525878906,18219,0.0,0.0
2024-07-01 10:35:00+08:00,56.400001525878906,56.400001525878906,56.29999923706055,56.400001525878906,17190,0.0,0.0
2024-07-01 10:40:00+08:00,56.400001525878906,57.0,56.400001525878906,56.70000076293945,371332,0.0,0.0
2024-07-01 10:45:00+08:00,56.70000076293945,56.70000076293945,56.599998474121094,56.599998474121094,64525,0.0,0.0
2024-07-01 10:50:00+08:00,56.70000076293945,56.70000076293945,56.5,56.599998474121094,41515,0.0,0.0
2024-07-01 10:55:00+08:00,56.599998474121094,56.70000076293945,56.29999923706055,56.29999923706055,53866,0.0,0.0
2024-07-01 11:00:00+08:00,56.29999923706055,56.400001525878906,56.29999923706055,56.400001525878906,21608,0.0,0.0
2024-07-01 11:05:00+08:00,56.5,56.5,56.400001525878906,56.400001525878906,24000,0.0,0.0
2024-07-01 11:10:00+08:00,56.400001525878906,56.5,56.29999923706055,56.400001525878906,17355,0.0,0.0
2024-07-01 11:15:00+08:00,56.400001525878906,56.400001525878906,56.29999923706055,56.400001525878906,37515,0.0,0.0
2024-07-01 11:20:00+08:00,56.400001525878906,56.5,56.400001525878906,56.5,6802,0.0,0.0
2024-07-01 11:25:00+08:00,56.400001525878906,56.5,56.400001525878906,56.5,23812,0.0,0.0
2024-07-01 11:30:00+08:00,56.599998474121094,56.599998474121094,56.400001525878906,56.400001525878906,34723,0.0,0.0
2024-07-01 11:35:00+08:00,56.400001525878906,56.5,56.400001525878906,56.400001525878906,9327,0.0,0.0
2024-07-01 11:40:00+08:00,56.400001525878906,56.400001525878906,56.400001525878906,56.400001525878906,20093,0.0,0.0
2024-07-01 11:45:00+08:00,56.400001525878906,56.5,56.400001525878906,56.400001525878906,18100,0.0,0.0
2024-07-01 11:50:00+08:00,56.5,56.599998474121094,56.400001525878906,56.400001525878906,22000,0.0,0.0
2024-07-01 11:55:00+08:00,56.400001525878906,56.5,56.400001525878906,56.5,8100,0.0,0.0
2024-07-01 12:00:00+08:00,56.5,56.599998474121094,56.5,56.599998474121094,5642,0.0,0.0
2024-07-01 12:05:00+08:00,56.599998474121094,56.599998474121094,56.5,56.5,72180,0.0,0.0
2024-07-01 12:10:00+08:00,56.400001525878906,56.5,56.400001525878906,56.5,25047,0.0,0.0
2024-07-01 12:15:00+08:00,56.5,56.5,56.29999923706055,56.29999923706055,54280,0.0,0.0
2024-07-01 12:20:00+08:00,56.29999923706055,56.29999923706055,56.20000076293945,56.20000076293945,61353,0.0,0.0
2024-07-01 12:25:00+08:00,56.099998474121094,56.20000076293945,56.099998474121094,56.20000076293945,47865,0.0,0.0
2024-07-01 12:30:00+08:00,56.20000076293945,56.29999923706055,56.099998474121094,56.29999923706055,13400,0.0,0.0
2024-07-01 12:35:00+08:00,56.29999923706055,56.29999923706055,56.29999923706055,56.29999923706055,6010,0.0,0.0
2024-07-01 12:40:00+08:00,56.400001525878906,56.400001525878906,56.29999923706055,56.29999923706055,19130,0.0,0.0
2024-07-01 12:45:00+08:00,56.29999923706055,56.29999923706055,56.29999923706055,56.29999923706055,25118,0.0,0.0
2024-07-01 12:50:00+08:00,56.29999923706055,56.400001525878906,56.29999923706055,56.29999923706055,17000,0.0,0.0
2024-07-01 12:55:00+08:00,56.29999923706055,56.29999923706055,56.20000076293945,56.20000076293945,33212,0.0,0.0
2024-07-01 13:00:00+08:00,56.29999923706055,56.29999923706055,56.099998474121094,56.099998474121094,91120,0.0,0.0
2024-07-01 13:05:00+08:00,56.20000076293945,56.29999923706055,56.20000076293945,56.29999923706055,45049,0.0,0.0
2024-07-01 13:10:00+08:00,56.29999923706055,56.29999923706055,56.20000076293945,56.20000076293945,62654,0.0,0.0
2024-07-01 13:15:00+08:00,56.29999923706055,56.400001525878906,56.29999923706055,56.29999923706055,41330,0.0,0.0
2024-07-01 13:20:00+08:00,56.29999923706055,56.29999923706055,56.20000076293945,56.20000076293945,80522,0.0,0.0
2024-07-02 09:00:00+08:00,55.599998474121094,56.099998474121094,55.599998474121094,55.70000076293945,0,0.0,0.0
2024-07-02 09:05:00+08:00,55.599998474121094,55.70000076293945,55.29999923706055,55.400001525878906,186833,0.0,0.0
2024-07-02 09:10:00+08:00,55.5,55.599998474121094,55.29999923706055,55.29999923706055,126670,0.0,0.0
2024-07-02 09:15:00+08:00,55.400001525878906,55.400001525878906,55.099998474121094,55.099998474121094,132200,0.0,0.0
2024-07-02 09:20:00+08:00,55.099998474121094,55.099998474121094,54.70000076293945,54.79999923706055,228030,0.0,0.0
2024-07-02 09:25:00+08:00,54.79999923706055,55.099998474121094,54.599998474121094,55.099998474121094,145106,0.0,0.0
2024-07-02 09:30:00+08:00,55.099998474121094,55.29999923706055,55.099998474121094,55.20000076293945,38860,0.0,0.0
2024-07-02 09:35:00+08:00,55.20000076293945,55.20000076293945,55.0,55.0,32300,0.0,0.0
2024-07-02 09:40:00+08:00,55.0,55.0,54.900001525878906,55.0,31643,0.0,0.0
2024-07-02 09:45:00+08:00,55.0,55.0,55.0,55.0,16000,0.0,0.0
2024-07-02 09:50:00+08:00,55.0,55.0,54.900001525878906,54.900001525878906,27523,0.0,0.0
2024-07-02 09:55:00+08:00,54.900001525878906,55.099998474121094,54.900001525878906,55.099998474121094,68200,0.0,0.0
2024-07-02 10:00:00+08:00,55.0,55.099998474121094,55.0,55.0,30200,0.0,0.0
2024-07-02 10:05:00+08:00,54.900001525878906,54.900001525878906,54.599998474121094,54.599998474121094,127904,0.0,0.0
2024-07-02 10:10:00+08:00,54.599998474121094,54.70000076293945,54.599998474121094,54.70000076293945,66294,0.0,0.0
2024-07-02 10:15:00+08:00,54.70000076293945,54.79999923706055,54.599998474121094,54.70000076293945,30740,0.0,0.0
2024-07-02 10:20:00+08:00,54.599998474121094,54.70000076293945,54.599998474121094,54.599998474121094,58232,0.0,0.0
2024-07-02 10:25:00+08:00,54.599998474121094,54.599998474121094,54.400001525878906,54.400001525878906,96412,0.0,0.0
2024-07-02 10:30:00+08:00,54.400001525878906,54.400001525878906,54.20000076293945,54.20000076293945,181423,0.0,0.0
2024-07-02 10:35:00+08:00,54.400001525878906,54.5,54.29999923706055,54.400001525878906,23269,0.0,0.0
2024-07-02 10:40:00+08:00,54.400001525878906,54.5,54.29999923706055,54.400001525878906,19275,0.0,0.0
2024-07-02 10:45:00+08:00,54.400001525878906,54.400001525878906,54.400001525878906,54.400001525878906,14000,0.0,0.0
2024-07-02 10:50:00+08:00,54.5,54.5,54.400001525878906,54.5,11015,0.0,0.0
2024-07-02 10:55:00+08:00,54.400001525878906,54.400001525878906,54.29999923706055,54.400001525878906,10868,0.0,0.0
2024-07-02 11:00:00+08:00,54.400001525878906,54.400001525878906,54.400001525878906,54.400001525878906,11100,0.0,0.0
2024-07-02 11:05:00+08:00,54.400001525878906,54.5,54.400001525878906,54.400001525878906,23050,0.0,0.0
2024-07-02 11:10:00+08:00,54.400001525878906,54.400001525878906,54.29999923706055,54.29999923706055,19125,0.0,0.0
2024-07-02 11:15:00+08:00,54.29999923706055,54.400001525878906,54.29999923706055,54.29999923706055,30050,0.0,0.0
2024-07-02 11:20:00+08:00,54.29999923706055,54.29999923706055,54.20000076293945,54.20000076293945,30300,0.0,0.0
2024-07-02 11:25:00+08:00,54.20000076293945,54.400001525878906,54.20000076293945,54.400001525878906,9000,0.0,0.0
2024-07-02 11:30:00+08:00,54.400001525878906,54.5,54.400001525878906,54.5,10000,0.0,0.0
2024-07-02 11:35:00+08:00,54.5,54.5,54.400001525878906,54.5,5000,0.0,0.0
2024-07-02 11:40:00+08:00,54.5,54.5,54.400001525878906,54.400001525878906,11022,0.0,0.0
2024-07-02 11:45:00+08:00,54.400001525878906,54.5,54.400001525878906,54.400001525878906,5650,0.0,0.0
2024-07-02 11:50:00+08:00,54.400001525878906,54.400001525878906,54.29999923706055,54.29999923706055,10080,0.0,0.0
2024-07-02 11:55:00+08:00,54.29999923706055,54.29999923706055,54.29999923706055,54.29999923706055,8000,0.0,0.0
2024-07-02 12:00:00+08:00,54.29999923706055,54.29999923706055,54.20000076293945,54.29999923706055,60942,0.0,0.0
2024-07-02 12:05:00+08:00,54.29999923706055,54.29999923706055,54.29999923706055,54.29999923706055,25300,0.0,0.0
2024-07-02 12:10:00+08:00,54.29999923706055,54.29999923706055,54.20000076293945,54.20000076293945,9070,0.0,0.0
2024-07-02 12:15:00+08:00,54.20000076293945,54.20000076293945,54.20000076293945,54.20000076293945,10136,0.0,0.0
2024-07-02 12:20:00+08:00,54.20000076293945,54.20000076293945,54.20000076293945,54.20000076293945,9100,0.0,0.0
2024-07-02 12:25:00+08:00,54.29999923706055,54.5,54.29999923706055,54.400001525878906,86052,0.0,0.0
2024-07-02 12:30:00+08:00,54.400001525878906,54.400001525878906,54.29999923706055,54.29999923706055,25014,0.0,0.0
2024-07-02 12:35:00+08:00,54.20000076293945,54.29999923706055,54.20000076293945,54.29999923706055,23354,0.0,0.0
2024-07-02 12:40:00+08:00,54.29999923706055,54.29999923706055,54.20000076293945,54.29999923706055,13000,0.0,0.0
2024-07-02 12:45:00+08:00,54.29999923706055,54.29999923706055,54.29999923706055,54.29999923706055,31100,0.0,0.0
2024-07-02 12:50:00+08:00,54.400001525878906,54.400001525878906,54.29999923706055,54.29999923706055,5200,0.0,0.0
2024-07-02 12:55:00+08:00,54.29999923706055,54.400001525878906,54.20000076293945,54.20000076293945,24002,0.0,0.0
2024-07-02 13:00:00+08:00,54.29999923706055,54.29999923706055,54.20000076293945,54.29999923706055,26300,0.0,0.0
2024-07-02 13:05:00+08:00,54.29999923706055,54.29999923706055,54.29999923706055,54.29999923706055,30954,0.0,0.0
2024-07-02 13:10:00+08:00,54.29999923706055,54.400001525878906,54.20000076293945,54.29999923706055,31012,0.0,0.0
2024-07-02 13:15:00+08:00,54.29999923706055,54.29999923706055,54.20000076293945,54.29999923706055,47200,0.0,0.0
2024-07-02 13:20:00+08:00,54.29999923706055,54.400001525878906,54.20000076293945,54.400001525878906,58299,0.0,0.0
2024-07-03 09:00:00+08:00,54.29999923706055,54.900001525878906,53.79999923706055,53.79999923706055,283000,0.0,0.0
2024-07-03 09:05:00+08:00,54.099998474121094,54.20000076293945,54.0,54.0,23000,0.0,0.0
2024-07-03 09:10:00+08:00,54.0,54.099998474121094,54.0,54.099998474121094,29100,0.0,0.0
2024-07-03 09:15:00+08:00,54.099998474121094,54.599998474121094,54.099998474121094,54.599998474121094,21523,0.0,0.0
2024-07-03 09:20:00+08:00,54.599998474121094,54.599998474121094,54.29999923706055,54.29999923706055,22276,0.0,0.0
2024-07-03 09:25:00+08:00,54.29999923706055,54.5,54.29999923706055,54.29999923706055,25455,0.0,0.0
2024-07-03 09:30:00+08:00,54.400001525878906,54.400001525878906,54.29999923706055,54.29999923706055,15120,0.0,0.0
2024-07-03 09:35:00+08:00,54.29999923706055,54.400001525878906,54.29999923706055,54.400001525878906,8079,0.0,0.0
2024-07-03 09:40:00+08:00,54.5,54.599998474121094,54.5,54.599998474121094,19280,0.0,0.0
2024-07-03 09:45:00+08:00,54.599998474121094,54.599998474121094,54.400001525878906,54.400001525878906,22487,0.0,0.0
2024-07-03 09:50:00+08:00,54.400001525878906,54.400001525878906,54.29999923706055,54.29999923706055,14377,0.0,0.0
2024-07-03 09:55:00+08:00,54.29999923706055,54.29999923706055,54.29999923706055,54.29999923706055,13304,0.0,0.0
2024-07-03 10:00:00+08:00,54.29999923706055,54.29999923706055,54.20000076293945,54.29999923706055,26200,0.0,0.0
2024-07-03 10:05:00+08:00,54.29999923706055,54.29999923706055,54.29999923706055,54.29999923706055,13105,0.0,0.0
2024-07-03 10:10:00+08:00,54.20000076293945,54.20000076293945,54.099998474121094,54.20000076293945,12195,0.0,0.0
2024-07-03 10:15:00+08:00,54.29999923706055,54.400001525878906,54.29999923706055,54.29999923706055,8419,0.0,0.0
2024-07-03 10:20:00+08:00,54.29999923706055,54.29999923706055,54.29999923706055,54.29999923706055,11270,0.0,0.0
2024-07-03 10:25:00+08:00,54.29999923706055,54.29999923706055,54.29999923706055,54.29999923706055,3750,0.0,0.0
2024-07-03 10:30:00+08:00,54.20000076293945,54.20000076293945,54.20000076293945,54.20000076293945,11181,0.0,0.0
2024-07-03 10:35:00+08:00,54.099998474121094,54.20000076293945,54.099998474121094,54.099998474121094,5435,0.0,0.0
2024-07-03 10:40:00+08:00,54.099998474121094,54.20000076293945,54.099998474121094,54.20000076293945,26000,0.0,0.0
2024-07-03 10:45:00+08:00,54.29999923706055,54.29999923706055,54.20000076293945,54.20000076293945,14050,0.0,0.0
2024-07-03 10:50:00+08:00,54.099998474121094,54.099998474121094,54.099998474121094,54.099998474121094,13550,0.0,0.0
2024-07-03 10:55:00+08:00,54.099998474121094,54.099998474121094,54.099998474121094,54.099998474121094,9290,0.0,0.0
2024-07-03 11:00:00+08:00,54.099998474121094,54.099998474121094,54.0,54.0,8000,0.0,0.0
2024-07-03 11:05:00+08:00,54.0,54.0,53.900001525878906,53.900001525878906,48259,0.0,0.0
2024-07-03 11:10:00+08:00,53.900001525878906,53.900001525878906,53.900001525878906,53.900001525878906,23019,0.0,0.0
2024-07-03 11:15:00+08:00,54.0,54.0,53.79999923706055,53.900001525878906,66129,0.0,0.0
2024-07-03 11:20:00+08:00,53.900001525878906,53.900001525878906,53.900001525878906,53.900001525878906,8000,0.0,0.0
2024-07-03 11:25:00+08:00,53.900001525878906,53.900001525878906,53.900001525878906,53.900001525878906,11482,0.0,0.0
2024-07-03 11:30:00+08:00,53.900001525878906,53.900001525878906,53.900001525878906,53.900001525878906,11000,0.0,0.0
2024-07-03 11:35:00+08:00,53.900001525878906,54.0,53.900001525878906,54.0,9082,0.0,0.0
2024-07-03 11:40:00+08:00,54.0,54.0,54.0,54.0,12300,0.0,0.0
2024-07-03 11:45:00+08:00,54.0,54.0,54.0,54.0,5050,0.0,0.0
2024-07-03 11:50:00+08:00,53.900001525878906,53.900001525878906,53.900001525878906,53.900001525878906,6000,0.0,0.0
2024-07-03 11:55:00+08:00,53.900001525878906,53.900001525878906,53.900001525878906,53.900001525878906,3100,0.0,0.0
2024-07-03 12:00:00+08:00,53.900001525878906,53.900001525878906,53.70000076293945,53.79999923706055,112693,0.0,0.0
2024-07-03 12:05:00+08:00,53.70000076293945,53.79999923706055,53.70000076293945,53.79999923706055,17000,0.0,0.0
2024-07-03 12:10:00+08:00,53.70000076293945,53.70000076293945,53.70000076293945,53.70000076293945,25907,0.0,0.0
2024-07-03 12:15:00+08:00,53.70000076293945,53.70000076293945,53.599998474121094,53.70000076293945,12530,0.0,0.0
2024-07-03 12:20:00+08:00,53.70000076293945,53.70000076293945,53.70000076293945,53.70000076293945,9023,0.0,0.0
2024-07-03 12:25:00+08:00,53.70000076293945,53.70000076293945,53.5,53.599998474121094,52445,0.0,0.0
2024-07-03 12:30:00+08:00,53.599998474121094,53.599998474121094,53.599998474121094,53.599998474121094,5120,0.0,0.0
2024-07-03 12:35:00+08:00,53.599998474121094,53.70000076293945,53.599998474121094,53.599998474121094,13260,0.0,0.0
2024-07-03 12:40:00+08:00,53.70000076293945,53.70000076293945,53.599998474121094,53.599998474121094,17350,0.0,0.0
2024-07-03 12:45:00+08:00,53.599998474121094,53.599998474121094,53.5,53.599998474121094,15800,0.0,0.0
2024-07-03 12:50:00+08:00,53.70000076293945,53.70000076293945,53.599998474121094,53.599998474121094,22003,0.0,0.0
2024-07-03 12:55:00+08:00,53.5,53.599998474121094,53.5,53.5,86197,0.0,0.0
2024-07-03 13:00:00+08:00,53.5,53.5,53.400001525878906,53.5,39290,0.0,0.0
2024-07-03 13:05:00+08:00,53.5,53.599998474121094,53.5,53.5,15000,0.0,0.0
2024-07-03 13:10:00+08:00,53.5,53.5,53.5,53.5,24020,0.0,0.0
2024-07-03 13:15:00+08:00,53.5,53.599998474121094,53.5,53.599998474121094,9000,0.0,0.0
2024-07-03 13:20:00+08:00,53.599998474121094,53.599998474121094,53.5,53.5,44234,0.0,0.0
2024-07-04 09:00:00+08:00,54.0,54.099998474121094,53.5,53.5,124000,0.0,0.0
2024-07-04 09:05:00+08:00,53.5,53.5,53.400001525878906,53.400001525878906,44120,0.0,0.0
2024-07-04 09:10:00+08:00,53.5,53.79999923706055,53.5,53.70000076293945,34072,0.0,0.0
2024-07-04 09:15:00+08:00,53.70000076293945,53.900001525878906,53.70000076293945,53.900001525878906,18411,0.0,0.0
2024-07-04 09:20:00+08:00,53.900001525878906,53.900001525878906,53.70000076293945,53.79999923706055,36582,0.0,0.0
2024-07-04 09:25:00+08:00,53.70000076293945,53.70000076293945,53.70000076293945,53.70000076293945,1810,0.0,0.0
2024-07-04 09:30:00+08:00,53.70000076293945,53.70000076293945,53.70000076293945,53.70000076293945,12128,0.0,0.0
2024-07-04 09:35:00+08:00,53.599998474121094,53.599998474121094,53.599998474121094,53.599998474121094,3000,0.0,0.0
2024-07-04 09:40:00+08:00,53.70000076293945,53.70000076293945,53.70000076293945,53.70000076293945,3000,0.0,0.0
2024-07-04 09:45:00+08:00,53.599998474121094,53.599998474121094,53.5,53.5,37019,0.0,0.0
2024-07-04 09:50:00+08:00,53.5,53.5,53.20000076293945,53.20000076293945,55187,0.0,0.0
2024-07-04 09:55:00+08:00,53.20000076293945,53.400001525878906,53.20000076293945,53.400001525878906,21120,0.0,0.0
2024-07-04 10:00:00+08:00,53.400001525878906,53.400001525878906,53.29999923706055,53.29999923706055,16043,0.0,0.0
2024-07-04 10:05:00+08:00,53.29999923706055,53.29999923706055,53.20000076293945,53.20000076293945,33741,0.0,0.0
2024-07-04 10:10:00+08:00,53.20000076293945,53.20000076293945,53.20000076293945,53.20000076293945,6754,0.0,0.0
2024-07-04 10:15:00+08:00,53.29999923706055,53.29999923706055,53.29999923706055,53.29999923706055,24657,0.0,0.0
2024-07-04 10:20:00+08:00,53.29999923706055,53.29999923706055,53.29999923706055,53.29999923706055,5100,0.0,0.0
2024-07-04 10:25:00+08:00,53.400001525878906,53.400001525878906,53.29999923706055,53.400001525878906,10382,0.0,0.0
2024-07-04 10:30:00+08:00,53.400001525878906,53.400001525878906,53.400001525878906,53.400001525878906,5018,0.0,0.0
2024-07-04 10:35:00+08:00,53.29999923706055,53.400001525878906,53.29999923706055,53.29999923706055,7000,0.0,0.0
2024-07-04 10:40:00+08:00,53.29999923706055,53.400001525878906,53.29999923706055,53.29999923706055,7424,0.0,0.0
2024-07-04 10:45:00+08:00,53.29999923706055,53.29999923706055,53.29999923706055,53.29999923706055,4000,0.0,0.0
2024-07-04 10:50:00+08:00,53.29999923706055,53.29999923706055,53.29999923706055,53.29999923706055,12180,0.0,0.0
2024-07-04 10:55:00+08:00,53.29999923706055,53.29999923706055,53.29999923706055,53.29999923706055,1438,0.0,0.0
2024-07-04 11:05:00+08:00,53.400001525878906,53.400001525878906,53.400001525878906,53.400001525878906,6150,0.0,0.0
2024-07-04 11:10:00+08:00,53.400001525878906,53.400001525878906,53.400001525878906,53.400001525878906,7851,0.0,0.0
2024-07-04 11:15:00+08:00,53.400001525878906,53.400001525878906,53.29999923706055,53.29999923706055,29240,0.0,0.0
2024-07-04 11:20:00+08:00,53.29999923706055,53.29999923706055,53.29999923706055,53.29999923706055,5000,0.0,0.0
2024-07-04 11:25:00+08:00,53.29999923706055,53.29999923706055,53.29999923706055,53.29999923706055,2010,0.0,0.0
2024-07-04 11:30:00+08:00,53.400001525878906,53.400001525878906,53.20000076293945,53.20000076293945,50322,0.0,0.0
2024-07-04 11:35:00+08:00,53.20000076293945,53.20000076293945,53.20000076293945,53.20000076293945,9328,0.0,0.0
2024-07-04 11:40:00+08:00,53.20000076293945,53.20000076293945,53.099998474121094,53.099998474121094,33100,0.0,0.0
2024-07-04 11:45:00+08:00,53.099998474121094,53.099998474121094,53.099998474121094,53.099998474121094,8000,0.0,0.0
2024-07-04 11:50:00+08:00,53.20000076293945,53.20000076293945,53.099998474121094,53.099998474121094,25000,0.0,0.0
2024-07-04 11:55:00+08:00,53.099998474121094,53.20000076293945,53.099998474121094,53.099998474121094,23250,0.0,0.0
2024-07-04 12:00:00+08:00,53.20000076293945,53.20000076293945,53.20000076293945,53.20000076293945,2000,0.0,0.0
2024-07-04 12:05:00+08:00,53.099998474121094,53.099998474121094,53.099998474121094,53.099998474121094,1000,0.0,0.0
2024-07-04 12:10:00+08:00,53.099998474121094,53.099998474121094,53.0,53.0,62000,0.0,0.0
2024-07-04 12:15:00+08:00,53.099998474121094,53.099998474121094,53.0,53.0,14700,0.0,0.0
2024-07-04 12:20:00+08:00,53.099998474121094,53.099998474121094,53.0,53.0,11500,0.0,0.0
2024-07-04 12:25:00+08:00,53.099998474121094,53.099998474121094,53.0,53.099998474121094,16000,0.0,0.0
2024-07-04 12:30:00+08:00,53.099998474121094,53.099998474121094,53.0,53.0,24102,0.0,0.0
2024-07-04 12:35:00+08:00,53.0,53.0,52.900001525878906,52.900001525878906,175847,0.0,0.0
2024-07-04 12:40:00+08:00,52.900001525878906,53.099998474121094,52.900001525878906,53.099998474121094,34000,0.0,0.0
2024-07-04 12:45:00+08:00,53.0,53.0,52.79999923706055,52.79999923706055,28139,0.0,0.0
2024-07-04 12:50:00+08:00,52.900001525878906,53.0,52.900001525878906,53.0,8101,0.0,0.0
2024-07-04 12:55:00+08:00,53.0,53.099998474121094,53.0,53.099998474121094,19200,0.0,0.0
2024-07-04 13:00:00+08:00,53.099998474121094,53.099998474121094,53.0,53.0,11000,0.0,0.0
2024-07-04 13:05:00+08:00,53.0,53.0,53.0,53.0,35100,0.0,0.0
2024-07-04 13:10:00+08:00,53.0,53.099998474121094,52.900001525878906,53.0,24210,0.0,0.0
2024-07-04 13:15:00+08:00,53.0,53.0,52.900001525878906,52.900001525878906,18476,0.0,0.0
2024-07-04 13:20:00+08:00,52.900001525878906,53.0,52.79999923706055,52.900001525878906,53704,0.0,0.0
2024-07-05 09:00:00+08:00,53.20000076293945,53.400001525878906,53.20000076293945,53.400001525878906,0,0.0,0.0
2024-07-05 09:05:00+08:00,53.400001525878906,53.400001525878906,53.400001525878906,53.400001525878906,25201,0.0,0.0
2024-07-05 09:10:00+08:00,53.400001525878906,53.400001525878906,53.29999923706055,53.29999923706055,13080,0.0,0.0
2024-07-05 09:15:00+08:00,53.400001525878906,53.599998474121094,53.400001525878906,53.599998474121094,47958,0.0,0.0
2024-07-05 09:20:00+08:00,53.599998474121094,53.70000076293945,53.599998474121094,53.599998474121094,20937,0.0,0.0
2024-07-05 09:25:00+08:00,53.599998474121094,53.599998474121094,53.5,53.5,11047,0.0,0.0
2024-07-05 09:30:00+08:00,53.599998474121094,53.599998474121094,53.5,53.599998474121094,21050,0.0,0.0
2024-07-05 09:35:00+08:00,53.599998474121094,53.599998474121094,53.599998474121094,53.599998474121094,12065,0.0,0.0
2024-07-05 09:40:00+08:00,53.599998474121094,53.599998474121094,53.599998474121094,53.599998474121094,17097,0.0,0.0
2024-07-05 09:45:00+08:00,53.599998474121094,53.599998474121094,53.5,53.5,10000,0.0,0.0
2024-07-05 09:50:00+08:00,53.5,53.599998474121094,53.5,53.599998474121094,4000,0.0,0.0
2024-07-05 09:55:00+08:00,53.599998474121094,53.599998474121094,53.5,53.5,3000,0.0,0.0
2024-07-05 10:00:00+08:00,53.5,53.5,53.400001525878906,53.400001525878906,29167,0.0,0.0
2024-07-05 10:05:00+08:00,53.5,53.5,53.400001525878906,53.400001525878906,6000,0.0,0.0
2024-07-05 10:10:00+08:00,53.400001525878906,53.400001525878906,53.400001525878906,53.400001525878906,11000,0.0,0.0
2024-07-05 10:15:00+08:00,53.400001525878906,53.5,53.400001525878906,53.5,26130,0.0,0.0
2024-07-05 10:20:00+08:00,53.5,53.5,53.5,53.5,4000,0.0,0.0
2024-07-05 10:25:00+08:00,53.5,53.5,53.400001525878906,53.400001525878906,9300,0.0,0.0
2024-07-05 10:30:00+08:00,53.29999923706055,53.400001525878906,53.29999923706055,53.400001525878906,31108,0.0,0.0
2024-07-05 10:35:00+08:00,53.400001525878906,53.5,53.400001525878906,53.5,4100,0.0,0.0
2024-07-05 10:40:00+08:00,53.400001525878906,53.400001525878906,53.400001525878906,53.400001525878906,3120,0.0,0.0
2024-07-05 10:50:00+08:00,53.400001525878906,53.5,53.400001525878906,53.5,15100,0.0,0.0
2024-07-05 10:55:00+08:00,53.5,53.5,53.5,53.5,1000,0.0,0.0
2024-07-05 11:00:00+08:00,53.5,53.5,53.5,53.5,1000,0.0,0.0
2024-07-05 11:05:00+08:00,53.5,53.5,53.5,53.5,5065,0.0,0.0
2024-07-05 11:10:00+08:00,53.5,53.599998474121094,53.400001525878906,53.400001525878906,25110,0.0,0.0
2024-07-05 11:15:00+08:00,53.5,53.5,53.5,53.5,5030,0.0,0.0
2024-07-05 11:20:00+08:00,53.5,53.599998474121094,53.5,53.599998474121094,17000,0.0,0.0
2024-07-05 11:25:00+08:00,53.599998474121094,53.70000076293945,53.5,53.599998474121094,22073,0.0,0.0
2024-07-05 11:30:00+08:00,53.599998474121094,53.599998474121094,53.599998474121094,53.599998474121094,3200,0.0,0.0
2024-07-05 11:40:00+08:00,53.599998474121094,53.599998474121094,53.599998474121094,53.599998474121094,4101,0.0,0.0
2024-07-05 11:45:00+08:00,53.70000076293945,53.70000076293945,53.70000076293945,53.70000076293945,26151,0.0,0.0
2024-07-05 11:50:00+08:00,53.70000076293945,53.79999923706055,53.70000076293945,53.70000076293945,5000,0.0,0.0
2024-07-05 11:55:00+08:00,53.70000076293945,53.79999923706055,53.70000076293945,53.79999923706055,7000,0.0,0.0
2024-07-05 12:00:00+08:00,53.79999923706055,53.79999923706055,53.79999923706055,53.79999923706055,2200,0.0,0.0
2024-07-05 12:05:00+08:00,53.79999923706055,53.79999923706055,53.79999923706055,53.79999923706055,1050,0.0,0.0
2024-07-05 12:10:00+08:00,53.79999923706055,53.79999923706055,53.79999923706055,53.79999923706055,1000,0.0,0.0
2024-07-05 12:15:00+08:00,53.70000076293945,53.70000076293945,53.70000076293945,53.70000076293945,20100,0.0,0.0
2024-07-05 12:20:00+08:00,53.70000076293945,53.70000076293945,53.599998474121094,53.599998474121094,10000,0.0,0.0
2024-07-05 12:25:00+08:00,53.70000076293945,53.70000076293945,53.70000076293945,53.70000076293945,3030,0.0,0.0
2024-07-05 12:30:00+08:00,53.70000076293945,53.70000076293945,53.599998474121094,53.599998474121094,25010,0.0,0.0
2024-07-05 12:35:00+08:00,53.5,53.5,53.5,53.5,17000,0.0,0.0
2024-07-05 12:40:00+08:00,53.5,53.5,53.5,53.5,19482,0.0,0.0
2024-07-05 12:45:00+08:00,53.5,53.599998474121094,53.5,53.5,37000,0.0,0.0
2024-07-05 12:50:00+08:00,53.599998474121094,53.599998474121094,53.5,53.599998474121094,20000,0.0,0.0
2024-07-05 12:55:00+08:00,53.599998474121094,53.599998474121094,53.5,53.599998474121094,12220,0.0,0.0
2024-07-05 13:00:00+08:00,53.599998474121094,53.70000076293945,53.599998474121094,53.70000076293945,28030,0.0,0.0
2024-07-05 13:05:00+08:00,53.70000076293945,53.70000076293945,53.70000076293945,53.70000076293945,14005,0.0,0.0
2024-07-05 13:10:00+08:00,53.70000076293945,53.70000076293945,53.70000076293945,53.70000076293945,1100,0.0,0.0
2024-07-05 13:15:00+08:00,53.70000076293945,53.70000076293945,53.599998474121094,53.70000076293945,26334,0.0,0.0
2024-07-05 13:20:00+08:00,53.70000076293945,53.70000076293945,53.599998474121094,53.599998474121094,19781,0.0,0.0
2024-07-08 09:00:00+08:00,53.5,54.29999923706055,53.5,54.29999923706055,0,0.0,0.0
2024-07-08 09:05:00+08:00,54.29999923706055,54.5,54.20000076293945,54.400001525878906,118998,0.0,0.0
2024-07-08 09:10:00+08:00,54.400001525878906,54.5,54.29999923706055,54.29999923706055,63700,0.0,0.0
2024-07-08 09:15:00+08:00,54.20000076293945,54.20000076293945,54.0,54.0,51179,0.0,0.0
2024-07-08 09:20:00+08:00,54.0,54.0,53.70000076293945,53.900001525878906,27142,0.0,0.0
2024-07-08 09:25:00+08:00,54.0,54.0,53.900001525878906,53.900001525878906,7700,0.0,0.0
2024-07-08 09:30:00+08:00,53.900001525878906,53.900001525878906,53.5,53.599998474121094,80260,0.0,0.0
2024-07-08 09:35:00+08:00,53.79999923706055,53.79999923706055,53.599998474121094,53.599998474121094,19640,0.0,0.0
2024-07-08 09:40:00+08:00,53.599998474121094,53.70000076293945,53.599998474121094,53.70000076293945,33190,0.0,0.0
2024-07-08 09:45:00+08:00,53.70000076293945,53.70000076293945,53.70000076293945,53.70000076293945,21282,0.0,0.0
2024-07-08 09:50:00+08:00,53.79999923706055,53.79999923706055,53.599998474121094,53.79999923706055,14031,0.0,0.0
2024-07-08 09:55:00+08:00,53.79999923706055,53.79999923706055,53.70000076293945,53.79999923706055,6000,0.0,0.0
2024-07-08 10:00:00+08:00,53.79999923706055,53.79999923706055,53.70000076293945,53.70000076293945,15230,0.0,0.0
2024-07-08 10:05:00+08:00,53.70000076293945,53.70000076293945,53.70000076293945,53.70000076293945,1252,0.0,0.0
2024-07-08 10:10:00+08:00,53.70000076293945,53.79999923706055,53.70000076293945,53.70000076293945,4097,0.0,0.0
2024-07-08 10:15:00+08:00,53.70000076293945,53.70000076293945,53.70000076293945,53.70000076293945,15005,0.0,0.0
2024-07-08 10:20:00+08:00,53.70000076293945,53.70000076293945,53.70000076293945,53.70000076293945,10000,0.0,0.0
2024-07-08 10:25:00+08:00,53.79999923706055,53.79999923706055,53.70000076293945,53.70000076293945,9793,0.0,0.0
2024-07-08 10:30:00+08:00,53.70000076293945,53.70000076293945,53.70000076293945,53.70000076293945,3000,0.0,0.0
2024-07-08 10:35:00+08:00,53.70000076293945,53.70000076293945,53.70000076293945,53.70000076293945,1291,0.0,0.0
2024-07-08 10:40:00+08:00,53.70000076293945,53.79999923706055,53.70000076293945,53.79999923706055,5279,0.0,0.0
2024-07-08 10:45:00+08:00,53.79999923706055,53.900001525878906,53.79999923706055,53.900001525878906,40151,0.0,0.0
2024-07-08 10:50:00+08:00,53.900001525878906,54.0,53.900001525878906,54.0,26316,0.0,0.0
2024-07-08 10:55:00+08:00,54.0,54.0,53.900001525878906,54.0,12010,0.0,0.0
2024-07-08 11:00:00+08:00,53.900001525878906,53.900001525878906,53.900001525878906,53.900001525878906,7000,0.0,0.0
2024-07-08 11:05:00+08:00,53.79999923706055,53.79999923706055,53.79999923706055,53.79999923706055,16010,0.0,0.0
2024-07-08 11:10:00+08:00,53.79999923706055,53.79999923706055,53.79999923706055,53.79999923706055,1000,0.0,0.0
2024-07-08 11:15:00+08:00,53.79999923706055,53.79999923706055,53.79999923706055,53.79999923706055,9310,0.0,0.0
2024-07-08 11:25:00+08:00,53.70000076293945,53.70000076293945,53.70000076293945,53.70000076293945,21518,0.0,0.0
2024-07-08 11:30:00+08:00,53.70000076293945,53.70000076293945,53.70000076293945,53.70000076293945,9000,0.0,0.0
2024-07-08 11:35:00+08:00,53.599998474121094,53.70000076293945,53.599998474121094,53.70000076293945,7088,0.0,0.0
2024-07-08 11:40:00+08:00,53.599998474121094,53.70000076293945,53.599998474121094,53.70000076293945,9081,0.0,0.0
2024-07-08 11:45:00+08:00,53.79999923706055,53.79999923706055,53.70000076293945,53.70000076293945,6510,0.0,0.0
2024-07-08 11:50:00+08:00,53.70000076293945,53.79999923706055,53.70000076293945,53.79999923706055,13985,0.0,0.0
2024-07-08 12:00:00+08:00,53.79999923706055,53.79999923706055,53.79999923706055,53.79999923706055,2461,0.0,0.0
2024-07-08 12:10:00+08:00,53.70000076293945,53.70000076293945,53.70000076293945,53.70000076293945,3100,0.0,0.0
2024-07-08 12:15:00+08:00,53.70000076293945,53.70000076293945,53.70000076293945,53.70000076293945,8000,0.0,0.0
2024-07-08 12:20:00+08:00,53.70000076293945,53.70000076293945,53.70000076293945,53.70000076293945,4000,0.0,0.0
2024-07-08 12:25:00+08:00,53.70000076293945,53.70000076293945,53.70000076293945,53.70000076293945,9000,0.0,0.0
2024-07-08 12:30:00+08:00,53.70000076293945,53.70000076293945,53.599998474121094,53.599998474121094,9131,0.0,0.0
2024-07-08 12:35:00+08:00,53.599998474121094,53.599998474121094,53.599998474121094,53.599998474121094,2001,0.0,0.0
2024-07-08 12:40:00+08:00,53.599998474121094,53.599998474121094,53.599998474121094,53.599998474121094,38370,0.0,0.0
2024-07-08 12:45:00+08:00,53.599998474121094,53.599998474121094,53.5,53.5,15030,0.0,0.0
2024-07-08 12:50:00+08:00,53.5,53.599998474121094,53.5,53.599998474121094,25000,0.0,0.0
2024-07-08 12:55:00+08:00,53.5,53.70000076293945,53.5,53.599998474121094,21045,0.0,0.0
2024-07-08 13:00:00+08:00,53.599998474121094,53.599998474121094,53.5,53.5,7000,0.0,0.0
2024-07-08 13:05:00+08:00,53.5,53.5,53.5,53.5,10862,0.0,0.0
2024-07-08 13:10:00+08:00,53.5,53.5,53.5,53.5,32444,0.0,0.0
2024-07-08 13:15:00+08:00,53.400001525878906,53.5,53.400001525878906,53.5,21000,0.0,0.0
2024-07-08 13:20:00+08:00,53.5,53.70000076293945,53.400001525878906,53.70000076293945,32538,0.0,0.0
2024-07-09 09:00:00+08:00,53.70000076293945,53.79999923706055,53.70000076293945,53.70000076293945,21000,0.0,0.0
2024-07-09 09:05:00+08:00,53.79999923706055,53.79999923706055,53.79999923706055,53.79999923706055,7082,0.0,0.0
2024-07-09 09:10:00+08:00,53.79999923706055,53.79999923706055,53.79999923706055,53.79999923706055,41894,0.0,0.0
2024-07-09 09:15:00+08:00,53.79999923706055,53.79999923706055,53.70000076293945,53.70000076293945,25150,0.0,0.0
2024-07-09 09:20:00+08:00,53.599998474121094,53.599998474121094,53.400001525878906,53.400001525878906,65419,0.0,0.0
2024-07-09 09:25:00+08:00,53.400001525878906,53.400001525878906,53.20000076293945,53.20000076293945,14925,0.0,0.0
2024-07-09 09:30:00+08:00,53.20000076293945,53.20000076293945,52.5,52.5,129667,0.0,0.0
2024-07-09 09:35:00+08:00,52.5,52.70000076293945,52.5,52.599998474121094,64662,0.0,0.0
2024-07-09 09:40:00+08:00,52.599998474121094,52.70000076293945,52.599998474121094,52.70000076293945,31033,0.0,0.0
2024-07-09 09:45:00+08:00,52.70000076293945,52.70000076293945,52.599998474121094,52.599998474121094,61214,0.0,0.0
2024-07-09 09:50:00+08:00,52.70000076293945,52.70000076293945,52.5,52.5,103596,0.0,0.0
2024-07-09 09:55:00+08:00,52.5,52.5,52.29999923706055,52.400001525878906,65278,0.0,0.0
2024-07-09 10:00:00+08:00,52.29999923706055,52.400001525878906,52.29999923706055,52.400001525878906,31000,0.0,0.0
2024-07-09 10:05:00+08:00,52.400001525878906,52.5,52.20000076293945,52.20000076293945,49016,0.0,0.0
2024-07-09 10:10:00+08:00,52.20000076293945,52.400001525878906,52.20000076293945,52.29999923706055,29195,0.0,0.0
2024-07-09 10:15:00+08:00,52.400001525878906,52.5,52.400001525878906,52.5,10002,0.0,0.0
2024-07-09 10:20:00+08:00,52.5,52.5,52.5,52.5,4100,0.0,0.0
2024-07-09 10:25:00+08:00,52.5,52.599998474121094,52.5,52.5,19250,0.0,0.0
2024-07-09 10:30:00+08:00,52.5,52.5,52.400001525878906,52.400001525878906,15702,0.0,0.0
2024-07-09 10:35:00+08:00,52.400001525878906,52.400001525878906,52.29999923706055,52.29999923706055,27000,0.0,0.0
2024-07-09 10:40:00+08:00,52.400001525878906,52.400001525878906,52.29999923706055,52.400001525878906,9035,0.0,0.0
2024-07-09 10:45:00+08:00,52.5,52.5,52.5,52.5,29100,0.0,0.0
2024-07-09 10:50:00+08:00,52.5,52.5,52.5,52.5,4415,0.0,0.0
2024-07-09 10:55:00+08:00,52.5,52.5,52.400001525878906,52.400001525878906,7793,0.0,0.0
2024-07-09 11:00:00+08:00,52.400001525878906,52.400001525878906,52.400001525878906,52.400001525878906,5000,0.0,0.0
2024-07-09 11:05:00+08:00,52.400001525878906,52.400001525878906,52.400001525878906,52.400001525878906,1000,0.0,0.0
2024-07-09 11:10:00+08:00,52.400001525878906,52.400001525878906,52.400001525878906,52.400001525878906,16095,0.0,0.0
2024-07-09 11:15:00+08:00,52.29999923706055,52.400001525878906,52.29999923706055,52.400001525878906,24000,0.0,0.0
2024-07-09 11:20:00+08:00,52.400001525878906,52.400001525878906,52.400001525878906,52.400001525878906,1000,0.0,0.0
2024-07-09 11:25:00+08:00,52.400001525878906,52.400001525878906,52.29999923706055,52.29999923706055,8514,0.0,0.0
2024-07-09 11:30:00+08:00,52.29999923706055,52.400001525878906,52.29999923706055,52.400001525878906,6000,0.0,0.0
2024-07-09 11:35:00+08:00,52.400001525878906,52.400001525878906,52.400001525878906,52.400001525878906,1209,0.0,0.0
2024-07-09 11:40:00+08:00,52.5,52.5,52.400001525878906,52.400001525878906,6000,0.0,0.0
2024-07-09 11:45:00+08:00,52.400001525878906,52.400001525878906,52.29999923706055,52.400001525878906,6184,0.0,0.0
2024-07-09 11:50:00+08:00,52.5,52.5,52.400001525878906,52.400001525878906,9500,0.0,0.0
2024-07-09 11:55:00+08:00,52.400001525878906,52.5,52.29999923706055,52.5,11326,0.0,0.0
2024-07-09 12:00:00+08:00,52.29999923706055,52.5,52.29999923706055,52.400001525878906,6384,0.0,0.0
2024-07-09 12:05:00+08:00,52.400001525878906,52.400001525878906,52.400001525878906,52.400001525878906,7000,0.0,0.0
2024-07-09 12:10:00+08:00,52.400001525878906,52.400001525878906,52.400001525878906,52.400001525878906,7000,0.0,0.0
2024-07-09 12:15:00+08:00,52.400001525878906,52.400001525878906,52.400001525878906,52.400001525878906,2200,0.0,0.0
2024-07-09 12:20:00+08:00,52.400001525878906,52.5,52.400001525878906,52.5,10121,0.0,0.0
2024-07-09 12:25:00+08:00,52.5,52.5,52.5,52.5,2020,0.0,0.0
2024-07-09 12:30:00+08:00,52.5,52.5,52.400001525878906,52.400001525878906,31070,0.0,0.0
2024-07-09 12:35:00+08:00,52.400001525878906,52.400001525878906,52.400001525878906,52.400001525878906,4700,0.0,0.0
2024-07-09 12:40:00+08:00,52.5,52.5,52.29999923706055,52.29999923706055,49000,0.0,0.0
2024-07-09 12:45:00+08:00,52.29999923706055,52.400001525878906,52.29999923706055,52.29999923706055,4000,0.0,0.0
2024-07-09 12:50:00+08:00,52.400001525878906,52.400001525878906,52.29999923706055,52.29999923706055,30707,0.0,0.0
2024-07-09 12:55:00+08:00,52.29999923706055,52.29999923706055,52.29999923706055,52.29999923706055,27232,0.0,0.0
2024-07-09 13:00:00+08:00,52.29999923706055,52.29999923706055,52.099998474121094,52.20000076293945,54289,0.0,0.0
2024-07-09 13:05:00+08:00,52.20000076293945,52.29999923706055,52.20000076293945,52.29999923706055,9214,0.0,0.0
2024-07-09 13:10:00+08:00,52.29999923706055,52.29999923706055,52.20000076293945,52.29999923706055,18130,0.0,0.0
2024-07-09 13:15:00+08:00,52.29999923706055,52.400001525878906,52.29999923706055,52.400001525878906,37035,0.0,0.0
2024-07-09 13:20:00+08:00,52.400001525878906,52.5,52.29999923706055,52.29999923706055,20475,0.0,0.0
2024-07-10 09:00:00+08:00,52.5,53.099998474121094,52.5,52.79999923706055,45000,0.0,0.0
2024-07-10 09:05:00+08:00,52.79999923706055,52.79999923706055,52.70000076293945,52.70000076293945,18557,0.0,0.0
2024-07-10 09:10:00+08:00,52.70000076293945,52.79999923706055,52.70000076293945,52.79999923706055,7000,0.0,0.0
2024-07-10 09:15:00+08:00,52.70000076293945,52.70000076293945,52.5,52.599998474121094,50379,0.0,0.0
2024-07-10 09:20:00+08:00,52.599998474121094,52.70000076293945,52.599998474121094,52.70000076293945,6076,0.0,0.0
2024-07-10 09:25:00+08:00,52.70000076293945,52.79999923706055,52.599998474121094,52.599998474121094,9000,0.0,0.0
2024-07-10 09:30:00+08:00,52.70000076293945,52.79999923706055,52.70000076293945,52.79999923706055,16263,0.0,0.0
2024-07-10 09:35:00+08:00,52.900001525878906,53.0,52.900001525878906,53.0,9012,0.0,0.0
2024-07-10 09:40:00+08:00,53.0,53.0,52.900001525878906,52.900001525878906,2828,0.0,0.0
2024-07-10 09:45:00+08:00,53.0,53.099998474121094,53.0,53.099998474121094,4350,0.0,0.0
2024-07-10 09:50:00+08:00,53.099998474121094,53.29999923706055,53.099998474121094,53.20000076293945,44310,0.0,0.0
2024-07-10 09:55:00+08:00,53.20000076293945,53.20000076293945,53.20000076293945,53.20000076293945,20000,0.0,0.0
2024-07-10 10:00:00+08:00,53.20000076293945,53.400001525878906,53.20000076293945,53.400001525878906,58040,0.0,0.0
2024-07-10 10:05:00+08:00,53.400001525878906,53.400001525878906,53.400001525878906,53.400001525878906,11264,0.0,0.0
2024-07-10 10:10:00+08:00,53.400001525878906,53.79999923706055,53.400001525878906,53.599998474121094,82369,0.0,0.0
2024-07-10 10:15:00+08:00,53.5,53.5,53.400001525878906,53.400001525878906,6074,0.0,0.0
2024-07-10 10:20:00+08:00,53.400001525878906,53.400001525878906,53.400001525878906,53.400001525878906,6020,0.0,0.0
2024-07-10 10:25:00+08:00,53.29999923706055,53.29999923706055,53.29999923706055,53.29999923706055,3482,0.0,0.0
2024-07-10 10:30:00+08:00,53.400001525878906,53.400001525878906,53.400001525878906,53.400001525878906,1400,0.0,0.0
2024-07-10 10:35:00+08:00,53.400001525878906,53.400001525878906,53.400001525878906,53.400001525878906,1000,0.0,0.0
2024-07-10 10:40:00+08:00,53.400001525878906,53.400001525878906,53.400001525878906,53.400001525878906,9000,0.0,0.0
2024-07-10 10:45:00+08:00,53.29999923706055,53.400001525878906,53.29999923706055,53.29999923706055,20000,0.0,0.0
2024-07-10 10:50:00+08:00,53.29999923706055,53.29999923706055,53.29999923706055,53.29999923706055,11000,0.0,0.0
2024-07-10 10:55:00+08:00,53.29999923706055,53.29999923706055,53.29999923706055,53.29999923706055,7597,0.0,0.0
2024-07-10 11:00:00+08:00,53.29999923706055,53.29999923706055,53.29999923706055,53.29999923706055,1172,0.0,0.0
2024-07-10 11:05:00+08:00,53.29999923706055,53.29999923706055,53.29999923706055,53.29999923706055,2005,0.0,0.0
2024-07-10 11:10:00+08:00,53.29999923706055,53.29999923706055,53.29999923706055,53.29999923706055,4095,0.0,0.0
2024-07-10 11:20:00+08:00,53.20000076293945,53.20000076293945,53.20000076293945,53.20000076293945,8070,0.0,0.0
2024-07-10 11:25:00+08:00,53.20000076293945,53.20000076293945,53.20000076293945,53.20000076293945,2050,0.0,0.0
2024-07-10 11:30:00+08:00,53.20000076293945,53.20000076293945,53.20000076293945,53.20000076293945,4000,0.0,0.0
2024-07-10 11:35:00+08:00,53.20000076293945,53.20000076293945,53.20000076293945,53.20000076293945,6000,0.0,0.0
2024-07-10 11:40:00+08:00,53.099998474121094,53.099998474121094,53.099998474121094,53.099998474121094,5000,0.0,0.0
2024-07-10 11:45:00+08:00,53.099998474121094,53.20000076293945,53.099998474121094,53.20000076293945,10280,0.0,0.0
2024-07-10 11:50:00+08:00,53.20000076293945,53.20000076293945,53.20000076293945,53.20000076293945,7050,0.0,0.0
2024-07-10 11:55:00+08:00,53.099998474121094,53.099998474121094,53.099998474121094,53.099998474121094,2000,0.0,0.0
2024-07-10 12:00:00+08:00,53.099998474121094,53.099998474121094,53.099998474121094,53.099998474121094,2000,0.0,0.0
2024-07-10 12:05:00+08:00,53.099998474121094,53.099998474121094,53.099998474121094,53.099998474121094,5258,0.0,0.0
2024-07-10 12:10:00+08:00,53.099998474121094,53.099998474121094,53.099998474121094,53.099998474121094,5006,0.0,0.0
2024-07-10 12:15:00+08:00,53.0,53.0,53.0,53.0,12000,0.0,0.0
2024-07-10 12:20:00+08:00,53.0,53.0,53.0,53.0,6000,0.0,0.0
2024-07-10 12:25:00+08:00,53.0,53.0,53.0,53.0,1482,0.0,0.0
2024-07-10 12:30:00+08:00,53.0,53.0,52.900001525878906,52.900001525878906,3010,0.0,0.0
2024-07-10 12:35:00+08:00,52.900001525878906,52.900001525878906,52.900001525878906,52.900001525878906,3270,0.0,0.0
2024-07-10 12:40:00+08:00,52.900001525878906,52.900001525878906,52.900001525878906,52.900001525878906,12078,0.0,0.0
2024-07-10 12:45:00+08:00,52.900001525878906,52.900001525878906,52.900001525878906,52.900001525878906,8001,0.0,0.0
2024-07-10 12:50:00+08:00,52.900001525878906,52.900001525878906,52.900001525878906,52.900001525878906,13000,0.0,0.0
2024-07-10 12:55:00+08:00,52.900001525878906,53.0,52.900001525878906,52.900001525878906,19073,0.0,0.0
2024-07-10 13:00:00+08:00,52.900001525878906,53.0,52.900001525878906,53.0,7678,0.0,0.0
2024-07-10 13:10:00+08:00,53.099998474121094,53.099998474121094,52.900001525878906,52.900001525878906,17070,0.0,0.0
2024-07-10 13:15:00+08:00,53.0,53.099998474121094,53.0,53.0,6220,0.0,0.0
2024-07-10 13:20:00+08:00,53.0,53.099998474121094,52.900001525878906,52.900001525878906,24100,0.0,0.0
2024-07-11 09:00:00+08:00,52.79999923706055,52.79999923706055,52.29999923706055,52.400001525878906,104000,0.0,0.0
2024-07-11 09:05:00+08:00,52.5,52.599998474121094,52.400001525878906,52.400001525878906,17263,0.0,0.0
2024-07-11 09:10:00+08:00,52.400001525878906,52.400001525878906,52.0,52.0,117672,0.0,0.0
2024-07-11 09:15:00+08:00,52.0,52.0,51.70000076293945,51.79999923706055,145533,0.0,0.0
2024-07-11 09:20:00+08:00,51.79999923706055,51.79999923706055,51.70000076293945,51.79999923706055,45471,0.0,0.0
2024-07-11 09:25:00+08:00,51.79999923706055,51.900001525878906,51.70000076293945,51.900001525878906,75168,0.0,0.0
2024-07-11 09:30:00+08:00,51.900001525878906,51.900001525878906,51.70000076293945,51.79999923706055,61953,0.0,0.0
2024-07-11 09:35:00+08:00,51.79999923706055,51.900001525878906,51.79999923706055,51.900001525878906,22262,0.0,0.0
2024-07-11 09:40:00+08:00,51.79999923706055,51.900001525878906,51.70000076293945,51.70000076293945,105159,0.0,0.0
2024-07-11 09:45:00+08:00,51.70000076293945,51.70000076293945,51.599998474121094,51.599998474121094,80752,0.0,0.0
2024-07-11 09:50:00+08:00,51.599998474121094,51.599998474121094,51.5,51.5,123004,0.0,0.0
2024-07-11 09:55:00+08:00,51.5,51.5,51.400001525878906,51.5,39964,0.0,0.0
2024-07-11 10:00:00+08:00,51.599998474121094,51.599998474121094,51.29999923706055,51.29999923706055,126842,0.0,0.0
2024-07-11 10:05:00+08:00,51.29999923706055,51.400001525878906,51.20000076293945,51.20000076293945,119639,0.0,0.0
2024-07-11 10:10:00+08:00,51.29999923706055,51.5,51.29999923706055,51.5,23682,0.0,0.0
2024-07-11 10:15:00+08:00,51.599998474121094,51.599998474121094,51.5,51.5,22100,0.0,0.0
2024-07-11 10:20:00+08:00,51.599998474121094,51.599998474121094,51.5,51.5,17300,0.0,0.0
2024-07-11 10:25:00+08:00,51.599998474121094,51.70000076293945,51.5,51.70000076293945,6000,0.0,0.0
2024-07-11 10:30:00+08:00,51.70000076293945,51.70000076293945,51.599998474121094,51.599998474121094,4200,0.0,0.0
2024-07-11 10:35:00+08:00,51.599998474121094,51.599998474121094,51.5,51.599998474121094,27103,0.0,0.0
2024-07-11 10:40:00+08:00,51.599998474121094,51.599998474121094,51.599998474121094,51.599998474121094,12037,0.0,0.0
2024-07-11 10:45:00+08:00,51.5,51.5,51.400001525878906,51.400001525878906,22458,0.0,0.0
2024-07-11 10:50:00+08:00,51.400001525878906,51.5,51.400001525878906,51.400001525878906,11150,0.0,0.0
2024-07-11 10:55:00+08:00,51.400001525878906,51.599998474121094,51.400001525878906,51.599998474121094,17156,0.0,0.0
2024-07-11 11:00:00+08:00,51.5,51.599998474121094,51.400001525878906,51.400001525878906,30013,0.0,0.0
2024-07-11 11:05:00+08:00,51.5,51.5,51.5,51.5,4000,0.0,0.0
2024-07-11 11:10:00+08:00,51.5,51.5,51.29999923706055,51.5,29010,0.0,0.0
2024-07-11 11:15:00+08:00,51.5,51.5,51.29999923706055,51.400001525878906,33465,0.0,0.0
2024-07-11 11:20:00+08:00,51.400001525878906,51.400001525878906,51.20000076293945,51.20000076293945,98740,0.0,0.0
2024-07-11 11:25:00+08:00,51.20000076293945,51.29999923706055,51.20000076293945,51.29999923706055,20001,0.0,0.0
2024-07-11 11:30:00+08:00,51.5,51.5,51.20000076293945,51.20000076293945,17100,0.0,0.0
2024-07-11 11:35:00+08:00,51.29999923706055,51.29999923706055,51.29999923706055,51.29999923706055,7000,0.0,0.0
2024-07-11 11:40:00+08:00,51.400001525878906,51.5,51.400001525878906,51.5,15000,0.0,0.0
2024-07-11 11:45:00+08:00,51.5,51.5,51.5,51.5,11000,0.0,0.0
2024-07-11 11:50:00+08:00,51.5,51.5,51.400001525878906,51.400001525878906,15070,0.0,0.0
2024-07-11 11:55:00+08:00,51.400001525878906,51.400001525878906,51.29999923706055,51.29999923706055,10100,0.0,0.0
2024-07-11 12:00:00+08:00,51.400001525878906,51.5,51.400001525878906,51.400001525878906,20001,0.0,0.0
2024-07-11 12:05:00+08:00,51.400001525878906,51.400001525878906,51.29999923706055,51.29999923706055,34000,0.0,0.0
2024-07-11 12:10:00+08:00,51.29999923706055,51.400001525878906,51.29999923706055,51.29999923706055,13950,0.0,0.0
2024-07-11 12:15:00+08:00,51.400001525878906,51.400001525878906,51.400001525878906,51.400001525878906,10358,0.0,0.0
2024-07-11 12:20:00+08:00,51.400001525878906,51.400001525878906,51.400001525878906,51.400001525878906,18348,0.0,0.0
2024-07-11 12:25:00+08:00,51.400001525878906,51.400001525878906,51.29999923706055,51.29999923706055,4020,0.0,0.0
2024-07-11 12:30:00+08:00,51.29999923706055,51.400001525878906,51.29999923706055,51.400001525878906,27187,0.0,0.0
2024-07-11 12:35:00+08:00,51.29999923706055,51.400001525878906,51.29999923706055,51.29999923706055,7400,0.0,0.0
2024-07-11 12:40:00+08:00,51.29999923706055,51.400001525878906,51.20000076293945,51.20000076293945,129674,0.0,0.0
2024-07-11 12:45:00+08:00,51.20000076293945,51.20000076293945,51.099998474121094,51.20000076293945,35687,0.0,0.0
2024-07-11 12:50:00+08:00,51.099998474121094,51.20000076293945,51.099998474121094,51.20000076293945,50256,0.0,0.0
2024-07-11 12:55:00+08:00,51.20000076293945,51.29999923706055,51.20000076293945,51.20000076293945,17225,0.0,0.0
2024-07-11 13:00:00+08:00,51.20000076293945,51.29999923706055,51.20000076293945,51.20000076293945,44020,0.0,0.0
2024-07-11 13:05:00+08:00,51.29999923706055,51.29999923706055,51.20000076293945,51.29999923706055,12327,0.0,0.0
2024-07-11 13:10:00+08:00,51.29999923706055,51.29999923706055,51.099998474121094,51.20000076293945,74441,0.0,0.0
2024-07-11 13:15:00+08:00,51.20000076293945,51.29999923706055,51.20000076293945,51.20000076293945,40370,0.0,0.0
2024-07-11 13:20:00+08:00,51.20000076293945,51.400001525878906,51.20000076293945,51.29999923706055,82181,0.0,0.0
2024-07-12 09:00:00+08:00,51.29999923706055,51.400001525878906,51.0,51.400001525878906,69000,0.0,0.0
2024-07-12 09:05:00+08:00,51.400001525878906,51.5,51.29999923706055,51.5,55807,0.0,0.0
2024-07-12 09:10:00+08:00,51.5,51.5,51.5,51.5,2110,0.0,0.0
2024-07-12 09:15:00+08:00,51.5,51.599998474121094,51.5,51.599998474121094,49403,0.0,0.0
2024-07-12 09:20:00+08:00,51.599998474121094,51.79999923706055,51.599998474121094,51.599998474121094,75120,0.0,0.0
2024-07-12 09:25:00+08:00,51.599998474121094,51.599998474121094,51.599998474121094,51.599998474121094,4100,0.0,0.0
2024-07-12 09:30:00+08:00,51.599998474121094,51.599998474121094,51.5,51.5,9000,0.0,0.0
2024-07-12 09:35:00+08:00,51.5,51.5,51.5,51.5,2000,0.0,0.0
2024-07-12 09:40:00+08:00,51.5,51.5,51.5,51.5,18368,0.0,0.0
2024-07-12 09:45:00+08:00,51.5,51.5,51.400001525878906,51.5,13000,0.0,0.0
2024-07-12 09:50:00+08:00,51.5,51.5,51.5,51.5,2100,0.0,0.0
2024-07-12 09:55:00+08:00,51.599998474121094,51.599998474121094,51.5,51.599998474121094,10050,0.0,0.0
2024-07-12 10:00:00+08:00,51.5,51.599998474121094,51.5,51.599998474121094,6000,0.0,0.0
2024-07-12 10:05:00+08:00,51.5,51.599998474121094,51.5,51.5,4050,0.0,0.0
2024-07-12 10:10:00+08:00,51.5,51.5,51.5,51.5,2566,0.0,0.0
2024-07-12 10:15:00+08:00,51.5,51.5,51.5,51.5,9030,0.0,0.0
2024-07-12 10:20:00+08:00,51.599998474121094,51.599998474121094,51.599998474121094,51.599998474121094,3200,0.0,0.0
2024-07-12 10:25:00+08:00,51.5,51.5,51.5,51.5,10177,0.0,0.0
2024-07-12 10:30:00+08:00,51.5,51.5,51.5,51.5,10003,0.0,0.0
2024-07-12 10:35:00+08:00,51.5,51.5,51.5,51.5,31070,0.0,0.0
2024-07-12 10:45:00+08:00,51.5,51.5,51.400001525878906,51.5,12000,0.0,0.0
2024-07-12 10:50:00+08:00,51.5,51.5,51.400001525878906,51.400001525878906,5000,0.0,0.0
2024-07-12 10:55:00+08:00,51.400001525878906,51.400001525878906,51.29999923706055,51.29999923706055,44501,0.0,0.0
2024-07-12 11:00:00+08:00,51.29999923706055,51.29999923706055,51.20000076293945,51.20000076293945,27000,0.0,0.0
2024-07-12 11:05:00+08:00,51.29999923706055,51.29999923706055,51.20000076293945,51.29999923706055,9000,0.0,0.0
2024-07-12 11:10:00+08:00,51.29999923706055,51.400001525878906,51.29999923706055,51.400001525878906,3400,0.0,0.0
2024-07-12 11:15:00+08:00,51.29999923706055,51.400001525878906,51.29999923706055,51.29999923706055,12200,0.0,0.0
2024-07-12 11:20:00+08:00,51.29999923706055,51.29999923706055,51.29999923706055,51.29999923706055,5050,0.0,0.0
2024-07-12 11:25:00+08:00,51.29999923706055,51.29999923706055,51.29999923706055,51.29999923706055,2060,0.0,0.0
2024-07-12 11:30:00+08:00,51.29999923706055,51.29999923706055,51.20000076293945,51.20000076293945,10000,0.0,0.0
2024-07-12 11:35:00+08:00,51.29999923706055,51.29999923706055,51.29999923706055,51.29999923706055,3107,0.0,0.0
2024-07-12 11:40:00+08:00,51.29999923706055,51.29999923706055,51.29999923706055,51.29999923706055,8200,0.0,0.0
2024-07-12 11:45:00+08:00,51.29999923706055,51.29999923706055,51.20000076293945,51.29999923706055,10083,0.0,0.0
2024-07-12 11:50:00+08:00,51.29999923706055,51.29999923706055,51.29999923706055,51.29999923706055,3000,0.0,0.0
2024-07-12 11:55:00+08:00,51.29999923706055,51.400001525878906,51.29999923706055,51.29999923706055,8003,0.0,0.0
2024-07-12 12:00:00+08:00,51.400001525878906,51.400001525878906,51.400001525878906,51.400001525878906,3010,0.0,0.0
2024-07-12 12:05:00+08:00,51.29999923706055,51.400001525878906,51.20000076293945,51.29999923706055,40000,0.0,0.0
2024-07-12 12:10:00+08:00,51.29999923706055,51.29999923706055,51.29999923706055,51.29999923706055,4200,0.0,0.0
2024-07-12 12:15:00+08:00,51.29999923706055,51.29999923706055,51.20000076293945,51.20000076293945,4913,0.0,0.0
2024-07-12 12:20:00+08:00,51.29999923706055,51.29999923706055,51.20000076293945,51.20000076293945,5000,0.0,0.0
2024-07-12 12:25:00+08:00,51.29999923706055,51.29999923706055,51.20000076293945,51.20000076293945,18020,0.0,0.0
2024-07-12 12:30:00+08:00,51.20000076293945,51.29999923706055,51.20000076293945,51.20000076293945,31000,0.0,0.0
2024-07-12 12:35:00+08:00,51.20000076293945,51.29999923706055,51.20000076293945,51.29999923706055,6100,0.0,0.0
2024-07-12 12:40:00+08:00,51.29999923706055,51.29999923706055,51.20000076293945,51.20000076293945,12228,0.0,0.0
2024-07-12 12:45:00+08:00,51.20000076293945,51.20000076293945,51.20000076293945,51.20000076293945,16050,0.0,0.0
2024-07-12 12:50:00+08:00,51.20000076293945,51.20000076293945,51.099998474121094,51.20000076293945,6000,0.0,0.0
2024-07-12 12:55:00+08:00,51.20000076293945,51.20000076293945,51.20000076293945,51.20000076293945,4146,0.0,0.0
2024-07-12 13:00:00+08:00,51.20000076293945,51.20000076293945,51.099998474121094,51.099998474121094,31250,0.0,0.0
2024-07-12 13:05:00+08:00,51.20000076293945,51.20000076293945,51.099998474121094,51.20000076293945,18000,0.0,0.0
2024-07-12 13:10:00+08:00,51.20000076293945,51.20000076293945,51.099998474121094,51.20000076293945,17010,0.0,0.0
2024-07-12 13:15:00+08:00,51.20000076293945,51.20000076293945,51.20000076293945,51.20000076293945,21000,0.0,0.0
2024-07-12 13:20:00+08:00,51.20000076293945,51.20000076293945,51.0,51.20000076293945,139966,0.0,0.0
2024-07-15 09:00:00+08:00,51.29999923706055,51.400001525878906,51.29999923706055,51.400001525878906,0,0.0,0.0
2024-07-15 09:05:00+08:00,51.5,51.900001525878906,51.5,51.79999923706055,43576,0.0,0.0
2024-07-15 09:10:00+08:00,51.70000076293945,51.70000076293945,51.599998474121094,51.70000076293945,7321,0.0,0.0
2024-07-15 09:15:00+08:00,51.70000076293945,51.70000076293945,51.5,51.5,17090,0.0,0.0
2024-07-15 09:20:00+08:00,51.5,51.5,51.400001525878906,51.400001525878906,16000,0.0,0.0
2024-07-15 09:25:00+08:00,51.400001525878906,51.400001525878906,51.20000076293945,51.20000076293945,38200,0.0,0.0
2024-07-15 09:30:00+08:00,51.099998474121094,51.099998474121094,51.0,51.099998474121094,67309,0.0,0.0
2024-07-15 09:35:00+08:00,51.099998474121094,51.099998474121094,51.099998474121094,51.099998474121094,2000,0.0,0.0
2024-07-15 09:40:00+08:00,51.099998474121094,51.099998474121094,51.099998474121094,51.099998474121094,3000,0.0,0.0
2024-07-15 09:45:00+08:00,51.099998474121094,51.099998474121094,51.099998474121094,51.099998474121094,4000,0.0,0.0
2024-07-15 09:50:00+08:00,51.099998474121094,51.099998474121094,51.099998474121094,51.099998474121094,1000,0.0,0.0
2024-07-15 09:55:00+08:00,51.20000076293945,51.29999923706055,51.099998474121094,51.29999923706055,7669,0.0,0.0
2024-07-15 10:05:00+08:00,51.20000076293945,51.20000076293945,51.20000076293945,51.20000076293945,8000,0.0,0.0
2024-07-15 10:10:00+08:00,51.20000076293945,51.20000076293945,51.20000076293945,51.20000076293945,4439,0.0,0.0
2024-07-15 10:15:00+08:00,51.099998474121094,51.099998474121094,51.099998474121094,51.099998474121094,14007,0.0,0.0
2024-07-15 10:20:00+08:00,51.099998474121094,51.20000076293945,51.099998474121094,51.20000076293945,12148,0.0,0.0
2024-07-15 10:25:00+08:00,51.29999923706055,51.599998474121094,51.29999923706055,51.5,73053,0.0,0.0
2024-07-15 10:30:00+08:00,51.599998474121094,51.70000076293945,51.599998474121094,51.70000076293945,29546,0.0,0.0
2024-07-15 10:35:00+08:00,51.70000076293945,51.900001525878906,51.70000076293945,51.70000076293945,20442,0.0,0.0
2024-07-15 10:40:00+08:00,51.70000076293945,51.79999923706055,51.70000076293945,51.79999923706055,7200,0.0,0.0
2024-07-15 10:45:00+08:00,51.79999923706055,51.79999923706055,51.79999923706055,51.79999923706055,12000,0.0,0.0
2024-07-15 10:50:00+08:00,51.79999923706055,51.79999923706055,51.70000076293945,51.70000076293945,10450,0.0,0.0
2024-07-15 10:55:00+08:00,51.70000076293945,51.70000076293945,51.70000076293945,51.70000076293945,14000,0.0,0.0
2024-07-15 11:00:00+08:00,51.599998474121094,51.599998474121094,51.5,51.599998474121094,9000,0.0,0.0
2024-07-15 11:05:00+08:00,51.599998474121094,51.599998474121094,51.599998474121094,51.599998474121094,1000,0.0,0.0
2024-07-15 11:10:00+08:00,51.599998474121094,51.599998474121094,51.29999923706055,51.400001525878906,21069,0.0,0.0
2024-07-15 11:15:00+08:00,51.400001525878906,51.70000076293945,51.400001525878906,51.599998474121094,9001,0.0,0.0
2024-07-15 11:25:00+08:00,51.5,51.5,51.5,51.5,2000,0.0,0.0
2024-07-15 11:30:00+08:00,51.5,51.5,51.29999923706055,51.29999923706055,14628,0.0,0.0
2024-07-15 11:35:00+08:00,51.29999923706055,51.29999923706055,51.29999923706055,51.29999923706055,1000,0.0,0.0
2024-07-15 11:40:00+08:00,51.29999923706055,51.400001525878906,51.20000076293945,51.400001525878906,21330,0.0,0.0
2024-07-15 11:45:00+08:00,51.400001525878906,51.400001525878906,51.400001525878906,51.400001525878906,5240,0.0,0.0
2024-07-15 11:50:00+08:00,51.400001525878906,51.400001525878906,51.400001525878906,51.400001525878906,6000,0.0,0.0
2024-07-15 11:55:00+08:00,51.29999923706055,51.400001525878906,51.29999923706055,51.400001525878906,9130,0.0,0.0
2024-07-15 12:05:00+08:00,51.400001525878906,51.400001525878906,51.29999923706055,51.29999923706055,33500,0.0,0.0
2024-07-15 12:10:00+08:00,51.29999923706055,51.29999923706055,51.29999923706055,51.29999923706055,1012,0.0,0.0
2024-07-15 12:15:00+08:00,51.20000076293945,51.20000076293945,51.20000076293945,51.20000076293945,1000,0.0,0.0
2024-07-15 12:20:00+08:00,51.20000076293945,51.29999923706055,51.20000076293945,51.20000076293945,16000,0.0,0.0
2024-07-15 12:25:00+08:00,51.20000076293945,51.29999923706055,51.20000076293945,51.29999923706055,6444,0.0,0.0
2024-07-15 12:35:00+08:00,51.29999923706055,51.29999923706055,51.29999923706055,51.29999923706055,5000,0.0,0.0
2024-07-15 12:40:00+08:00,51.29999923706055,51.29999923706055,51.29999923706055,51.29999923706055,4005,0.0,0.0
2024-07-15 12:45:00+08:00,51.20000076293945,51.29999923706055,51.20000076293945,51.20000076293945,12000,0.0,0.0
2024-07-15 12:50:00+08:00,51.29999923706055,51.29999923706055,51.29999923706055,51.29999923706055,7000,0.0,0.0
2024-07-15 12:55:00+08:00,51.29999923706055,51.29999923706055,51.20000076293945,51.20000076293945,17250,0.0,0.0
2024-07-15 13:00:00+08:00,51.29999923706055,51.400001525878906,51.20000076293945,51.29999923706055,26245,0.0,0.0
2024-07-15 13:05:00+08:00,51.29999923706055,51.29999923706055,51.29999923706055,51.29999923706055,5000,0.0,0.0
2024-07-15 13:10:00+08:00,51.29999923706055,51.400001525878906,51.29999923706055,51.400001525878906,5185,0.0,0.0
2024-07-15 13:15:00+08:00,51.29999923706055,51.29999923706055,51.20000076293945,51.29999923706055,17000,0.0,0.0
2024-07-15 13:20:00+08:00,51.29999923706055,51.400001525878906,51.29999923706055,51.29999923706055,29015,0.0,0.0
2024-07-16 09:00:00+08:00,51.70000076293945,51.70000076293945,51.400001525878906,51.5,13000,0.0,0.0
2024-07-16 09:05:00+08:00,51.5,51.5,51.400001525878906,51.400001525878906,6000,0.0,0.0
2024-07-16 09:10:00+08:00,51.400001525878906,51.400001525878906,51.29999923706055,51.400001525878906,21150,0.0,0.0
2024-07-16 09:15:00+08:00,51.29999923706055,51.400001525878906,51.29999923706055,51.29999923706055,31045,0.0,0.0
2024-07-16 09:20:00+08:00,51.400001525878906,51.400001525878906,51.29999923706055,51.29999923706055,5000,0.0,0.0
2024-07-16 09:25:00+08:00,51.400001525878906,51.400001525878906,51.29999923706055,51.29999923706055,7100,0.0,0.0
2024-07-16 09:30:00+08:00,51.20000076293945,51.20000076293945,51.0,51.20000076293945,62000,0.0,0.0
2024-07-16 09:35:00+08:00,51.20000076293945,51.20000076293945,51.20000076293945,51.20000076293945,6015,0.0,0.0
2024-07-16 09:40:00+08:00,51.29999923706055,51.29999923706055,51.29999923706055,51.29999923706055,7074,0.0,0.0
2024-07-16 09:45:00+08:00,51.20000076293945,51.20000076293945,51.099998474121094,51.099998474121094,17037,0.0,0.0
2024-07-16 09:50:00+08:00,51.099998474121094,51.099998474121094,50.79999923706055,50.79999923706055,124116,0.0,0.0
2024-07-16 09:55:00+08:00,50.900001525878906,50.900001525878906,50.900001525878906,50.900001525878906,10030,0.0,0.0
2024-07-16 10:00:00+08:00,50.900001525878906,51.0,50.900001525878906,50.900001525878906,22000,0.0,0.0
2024-07-16 10:05:00+08:00,50.900001525878906,51.0,50.79999923706055,50.900001525878906,14290,0.0,0.0
2024-07-16 10:10:00+08:00,50.900001525878906,51.0,50.900001525878906,51.0,6232,0.0,0.0
2024-07-16 10:15:00+08:00,50.900001525878906,51.0,50.900001525878906,51.0,13000,0.0,0.0
2024-07-16 10:20:00+08:00,51.0,51.0,51.0,51.0,11000,0.0,0.0
2024-07-16 10:25:00+08:00,51.0,51.0,51.0,51.0,15000,0.0,0.0
2024-07-16 10:30:00+08:00,51.0,51.0,51.0,51.0,3868,0.0,0.0
2024-07-16 10:35:00+08:00,51.099998474121094,51.099998474121094,51.0,51.0,36330,0.0,0.0
2024-07-16 10:40:00+08:00,51.0,51.0,51.0,51.0,1000,0.0,0.0
2024-07-16 10:45:00+08:00,51.0,51.0,50.900001525878906,50.900001525878906,19065,0.0,0.0
2024-07-16 10:50:00+08:00,50.900001525878906,50.900001525878906,50.79999923706055,50.79999923706055,54272,0.0,0.0
2024-07-16 10:55:00+08:00,50.79999923706055,50.900001525878906,50.79999923706055,50.900001525878906,16050,0.0,0.0
2024-07-16 11:00:00+08:00,51.0,51.0,50.900001525878906,50.900001525878906,2000,0.0,0.0
2024-07-16 11:05:00+08:00,50.900001525878906,50.900001525878906,50.900001525878906,50.900001525878906,15534,0.0,0.0
2024-07-16 11:10:00+08:00,50.79999923706055,50.900001525878906,50.79999923706055,50.900001525878906,2000,0.0,0.0
2024-07-16 11:15:00+08:00,50.900001525878906,50.900001525878906,50.900001525878906,50.900001525878906,15000,0.0,0.0
2024-07-16 11:20:00+08:00,50.900001525878906,50.900001525878906,50.900001525878906,50.900001525878906,3000,0.0,0.0
2024-07-16 11:25:00+08:00,50.900001525878906,51.0,50.900001525878906,51.0,12682,0.0,0.0
2024-07-16 11:35:00+08:00,50.900001525878906,50.900001525878906,50.900001525878906,50.900001525878906,13190,0.0,0.0
2024-07-16 11:40:00+08:00,50.900001525878906,50.900001525878906,50.900001525878906,50.900001525878906,2100,0.0,0.0
2024-07-16 11:45:00+08:00,50.900001525878906,50.900001525878906,50.900001525878906,50.900001525878906,19000,0.0,0.0
2024-07-16 11:50:00+08:00,51.0,51.0,50.900001525878906,51.0,29045,0.0,0.0
2024-07-16 11:55:00+08:00,51.0,51.0,51.0,51.0,8298,0.0,0.0
2024-07-16 12:00:00+08:00,51.0,51.0,50.900001525878906,50.900001525878906,4000,0.0,0.0
2024-07-16 12:05:00+08:00,51.0,51.0,51.0,51.0,6100,0.0,0.0
2024-07-16 12:10:00+08:00,51.0,51.0,51.0,51.0,1000,0.0,0.0
2024-07-16 12:15:00+08:00,51.0,51.0,51.0,51.0,3000,0.0,0.0
2024-07-16 12:20:00+08:00,51.0,51.0,51.0,51.0,2222,0.0,0.0
2024-07-16 12:25:00+08:00,51.0,51.0,50.900001525878906,50.900001525878906,5000,0.0,0.0
2024-07-16 12:30:00+08:00,50.900001525878906,51.0,50.900001525878906,51.0,32500,0.0,0.0
2024-07-16 12:35:00+08:00,50.900001525878906,50.900001525878906,50.900001525878906,50.900001525878906,9000,0.0,0.0
2024-07-16 12:40:00+08:00,50.900001525878906,50.900001525878906,50.900001525878906,50.900001525878906,10835,0.0,0.0
2024-07-16 12:45:00+08:00,50.900001525878906,50.900001525878906,50.79999923706055,50.79999923706055,6005,0.0,0.0
2024-07-16 12:50:00+08:00,50.900001525878906,50.900001525878906,50.900001525878906,50.900001525878906,20200,0.0,0.0
2024-07-16 12:55:00+08:00,51.0,51.0,50.900001525878906,50.900001525878906,5210,0.0,0.0
2024-07-16 13:00:00+08:00,50.900001525878906,51.0,50.900001525878906,50.900001525878906,8965,0.0,0.0
2024-07-16 13:05:00+08:00,50.900001525878906,50.900001525878906,50.79999923706055,50.79999923706055,6260,0.0,0.0
2024-07-16 13:10:00+08:00,50.900001525878906,50.900001525878906,50.79999923706055,50.900001525878906,14500,0.0,0.0
2024-07-16 13:15:00+08:00,50.900001525878906,50.900001525878906,50.79999923706055,50.900001525878906,11367,0.0,0.0
2024-07-16 13:20:00+08:00,50.900001525878906,50.900001525878906,50.79999923706055,50.900001525878906,41497,0.0,0.0
2024-07-17 09:00:00+08:00,50.900001525878906,51.099998474121094,50.900001525878906,51.0,43000,0.0,0.0
2024-07-17 09:05:00+08:00,50.900001525878906,51.099998474121094,50.900001525878906,51.099998474121094,5000,0.0,0.0
2024-07-17 09:10:00+08:00,51.0,51.099998474121094,50.900001525878906,51.0,11060,0.0,0.0
2024-07-17 09:15:00+08:00,50.900001525878906,51.0,50.900001525878906,51.0,14021,0.0,0.0
2024-07-17 09:20:00+08:00,51.099998474121094,51.5,51.099998474121094,51.5,39175,0.0,0.0
2024-07-17 09:25:00+08:00,51.400001525878906,51.400001525878906,51.20000076293945,51.20000076293945,43104,0.0,0.0
2024-07-17 09:30:00+08:00,51.20000076293945,51.20000076293945,51.20000076293945,51.20000076293945,4295,0.0,0.0
2024-07-17 09:35:00+08:00,51.20000076293945,51.5,51.099998474121094,51.5,73000,0.0,0.0
2024-07-17 09:40:00+08:00,51.5,51.5,51.400001525878906,51.400001525878906,8100,0.0,0.0
2024-07-17 09:45:00+08:00,51.400001525878906,51.400001525878906,51.29999923706055,51.29999923706055,10000,0.0,0.0
2024-07-17 09:50:00+08:00,51.29999923706055,51.29999923706055,51.20000076293945,51.29999923706055,3000,0.0,0.0
2024-07-17 09:55:00+08:00,51.29999923706055,51.400001525878906,51.20000076293945,51.20000076293945,20097,0.0,0.0
2024-07-17 10:00:00+08:00,51.400001525878906,51.400001525878906,51.400001525878906,51.400001525878906,2000,0.0,0.0
2024-07-17 10:05:00+08:00,51.400001525878906,51.5,51.400001525878906,51.5,21300,0.0,0.0
2024-07-17 10:10:00+08:00,51.599998474121094,51.599998474121094,51.5,51.5,27200,0.0,0.0
2024-07-17 10:15:00+08:00,51.5,51.70000076293945,51.5,51.599998474121094,59266,0.0,0.0
2024-07-17 10:20:00+08:00,51.70000076293945,51.70000076293945,51.599998474121094,51.70000076293945,6125,0.0,0.0
2024-07-17 10:25:00+08:00,51.70000076293945,51.70000076293945,51.599998474121094,51.599998474121094,7435,0.0,0.0
2024-07-17 10:35:00+08:00,51.5,51.599998474121094,51.5,51.5,12100,0.0,0.0
2024-07-17 10:40:00+08:00,51.400001525878906,51.400001525878906,51.29999923706055,51.29999923706055,28812,0.0,0.0
2024-07-17 10:45:00+08:00,51.400001525878906,51.599998474121094,51.400001525878906,51.400001525878906,36000,0.0,0.0
2024-07-17 10:50:00+08:00,51.599998474121094,51.599998474121094,51.5,51.5,7030,0.0,0.0
2024-07-17 10:55:00+08:00,51.5,51.5,51.5,51.5,1028,0.0,0.0
2024-07-17 11:00:00+08:00,51.5,51.5,51.400001525878906,51.400001525878906,8234,0.0,0.0
2024-07-17 11:05:00+08:00,51.400001525878906,51.5,51.400001525878906,51.5,4000,0.0,0.0
2024-07-17 11:10:00+08:00,51.5,51.5,51.5,51.5,3047,0.0,0.0
2024-07-17 11:15:00+08:00,51.400001525878906,51.400001525878906,51.400001525878906,51.400001525878906,4000,0.0,0.0
2024-07-17 11:20:00+08:00,51.400001525878906,51.400001525878906,51.400001525878906,51.400001525878906,4706,0.0,0.0
2024-07-17 11:25:00+08:00,51.29999923706055,51.29999923706055,51.29999923706055,51.29999923706055,1000,0.0,0.0
2024-07-17 11:30:00+08:00,51.29999923706055,51.29999923706055,51.29999923706055,51.29999923706055,14000,0.0,0.0
2024-07-17 11:35:00+08:00,51.29999923706055,51.29999923706055,51.29999923706055,51.29999923706055,1000,0.0,0.0
2024-07-17 11:40:00+08:00,51.29999923706055,51.29999923706055,51.29999923706055,51.29999923706055,1000,0.0,0.0
2024-07-17 11:45:00+08:00,51.29999923706055,51.29999923706055,51.29999923706055,51.29999923706055,9007,0.0,0.0
2024-07-17 11:50:00+08:00,51.20000076293945,51.20000076293945,51.099998474121094,51.20000076293945,16115,0.0,0.0
2024-07-17 11:55:00+08:00,51.29999923706055,51.29999923706055,51.29999923706055,51.29999923706055,6458,0.0,0.0
2024-07-17 12:00:00+08:00,51.29999923706055,51.29999923706055,51.29999923706055,51.29999923706055,4170,0.0,0.0
2024-07-17 12:05:00+08:00,51.29999923706055,51.29999923706055,51.20000076293945,51.20000076293945,2000,0.0,0.0
2024-07-17 12:10:00+08:00,51.20000076293945,51.29999923706055,51.099998474121094,51.099998474121094,10000,0.0,0.0
2024-07-17 12:15:00+08:00,51.099998474121094,51.099998474121094,51.099998474121094,51.099998474121094,7000,0.0,0.0
2024-07-17 12:20:00+08:00,51.20000076293945,51.29999923706055,51.20000076293945,51.29999923706055,7000,0.0,0.0
2024-07-17 12:25:00+08:00,51.29999923706055,51.29999923706055,51.29999923706055,51.29999923706055,3000,0.0,0.0
2024-07-17 12:30:00+08:00,51.29999923706055,51.29999923706055,51.20000076293945,51.20000076293945,34040,0.0,0.0
2024-07-17 12:35:00+08:00,51.20000076293945,51.20000076293945,51.20000076293945,51.20000076293945,3000,0.0,0.0
2024-07-17 12:40:00+08:00,51.20000076293945,51.29999923706055,51.20000076293945,51.20000076293945,21001,0.0,0.0
2024-07-17 12:45:00+08:00,51.20000076293945,51.400001525878906,51.20000076293945,51.29999923706055,28000,0.0,0.0
2024-07-17 12:50:00+08:00,51.29999923706055,51.400001525878906,51.29999923706055,51.29999923706055,11948,0.0,0.0
2024-07-17 12:55:00+08:00,51.29999923706055,51.29999923706055,51.20000076293945,51.29999923706055,8000,0.0,0.0
2024-07-17 13:00:00+08:00,51.29999923706055,51.29999923706055,51.29999923706055,51.29999923706055,3418,0.0,0.0
2024-07-17 13:05:00+08:00,51.20000076293945,51.29999923706055,51.20000076293945,51.29999923706055,15126,0.0,0.0
2024-07-17 13:10:00+08:00,51.29999923706055,51.29999923706055,51.29999923706055,51.29999923706055,3000,0.0,0.0
2024-07-17 13:15:00+08:00,51.20000076293945,51.29999923706055,51.20000076293945,51.20000076293945,43035,0.0,0.0
2024-07-17 13:20:00+08:00,51.29999923706055,51.400001525878906,51.20000076293945,51.400001525878906,20443,0.0,0.0
2024-07-18 09:00:00+08:00,51.400001525878906,51.400001525878906,50.900001525878906,51.20000076293945,75000,0.0,0.0
2024-07-18 09:05:00+08:00,51.0,51.099998474121094,50.900001525878906,51.099998474121094,20403,0.0,0.0
2024-07-18 09:10:00+08:00,51.099998474121094,51.099998474121094,50.29999923706055,50.5,210604,0.0,0.0
2024-07-18 09:15:00+08:00,50.599998474121094,50.70000076293945,50.599998474121094,50.70000076293945,74393,0.0,0.0
2024-07-18 09:20:00+08:00,50.70000076293945,50.70000076293945,50.599998474121094,50.70000076293945,13085,0.0,0.0
2024-07-18 09:25:00+08:00,50.599998474121094,50.70000076293945,50.599998474121094,50.70000076293945,16100,0.0,0.0
2024-07-18 09:30:00+08:00,50.70000076293945,50.70000076293945,50.599998474121094,50.70000076293945,71540,0.0,0.0
2024-07-18 09:35:00+08:00,50.599998474121094,50.599998474121094,50.400001525878906,50.599998474121094,108601,0.0,0.0
2024-07-18 09:40:00+08:00,50.599998474121094,50.79999923706055,50.599998474121094,50.70000076293945,29053,0.0,0.0
2024-07-18 09:45:00+08:00,50.70000076293945,50.79999923706055,50.70000076293945,50.70000076293945,9230,0.0,0.0
2024-07-18 09:50:00+08:00,50.70000076293945,50.70000076293945,50.70000076293945,50.70000076293945,9000,0.0,0.0
2024-07-18 09:55:00+08:00,50.70000076293945,50.70000076293945,50.70000076293945,50.70000076293945,12300,0.0,0.0
2024-07-18 10:00:00+08:00,50.70000076293945,50.70000076293945,50.599998474121094,50.599998474121094,13000,0.0,0.0
2024-07-18 10:05:00+08:00,50.599998474121094,50.599998474121094,50.599998474121094,50.599998474121094,7010,0.0,0.0
2024-07-18 10:10:00+08:00,50.599998474121094,50.70000076293945,50.599998474121094,50.70000076293945,15108,0.0,0.0
2024-07-18 10:15:00+08:00,50.599998474121094,50.70000076293945,50.599998474121094,50.70000076293945,20000,0.0,0.0
2024-07-18 10:20:00+08:00,50.599998474121094,50.599998474121094,50.599998474121094,50.599998474121094,5070,0.0,0.0
2024-07-18 10:25:00+08:00,50.599998474121094,50.599998474121094,50.400001525878906,50.400001525878906,158434,0.0,0.0
2024-07-18 10:30:00+08:00,50.29999923706055,50.29999923706055,49.900001525878906,49.95000076293945,429522,0.0,0.0
2024-07-18 10:35:00+08:00,49.900001525878906,50.099998474121094,49.79999923706055,50.0,135430,0.0,0.0
2024-07-18 10:40:00+08:00,50.0,50.099998474121094,50.0,50.099998474121094,52000,0.0,0.0
2024-07-18 10:45:00+08:00,50.20000076293945,50.20000076293945,50.099998474121094,50.099998474121094,24110,0.0,0.0
2024-07-18 10:50:00+08:00,50.099998474121094,50.20000076293945,50.099998474121094,50.20000076293945,46510,0.0,0.0
2024-07-18 10:55:00+08:00,50.20000076293945,50.29999923706055,50.20000076293945,50.20000076293945,45619,0.0,0.0
2024-07-18 11:00:00+08:00,50.20000076293945,50.20000076293945,50.20000076293945,50.20000076293945,19100,0.0,0.0
2024-07-18 11:05:00+08:00,50.20000076293945,50.20000076293945,50.099998474121094,50.20000076293945,29360,0.0,0.0
2024-07-18 11:10:00+08:00,50.099998474121094,50.20000076293945,50.099998474121094,50.099998474121094,27004,0.0,0.0
2024-07-18 11:15:00+08:00,50.099998474121094,50.20000076293945,50.099998474121094,50.099998474121094,21024,0.0,0.0
2024-07-18 11:20:00+08:00,50.099998474121094,50.099998474121094,50.0,50.0,137701,0.0,0.0
2024-07-18 11:25:00+08:00,50.0,50.0,50.0,50.0,11208,0.0,0.0
2024-07-18 11:30:00+08:00,50.0,50.0,49.95000076293945,49.95000076293945,53546,0.0,0.0
2024-07-18 11:35:00+08:00,49.95000076293945,49.95000076293945,49.95000076293945,49.95000076293945,74324,0.0,0.0
2024-07-18 11:40:00+08:00,49.95000076293945,50.0,49.95000076293945,50.0,33260,0.0,0.0
2024-07-18 11:45:00+08:00,50.0,50.0,50.0,50.0,16050,0.0,0.0
2024-07-18 11:50:00+08:00,50.099998474121094,50.099998474121094,50.0,50.0,39100,0.0,0.0
2024-07-18 11:55:00+08:00,50.0,50.0,50.0,50.0,7110,0.0,0.0
2024-07-18 12:00:00+08:00,50.0,50.0,49.95000076293945,49.95000076293945,34432,0.0,0.0
2024-07-18 12:05:00+08:00,49.95000076293945,49.95000076293945,49.900001525878906,49.900001525878906,54500,0.0,0.0
2024-07-18 12:10:00+08:00,49.900001525878906,49.95000076293945,49.900001525878906,49.900001525878906,29500,0.0,0.0
2024-07-18 12:15:00+08:00,49.95000076293945,49.95000076293945,49.849998474121094,49.900001525878906,183626,0.0,0.0
2024-07-18 12:20:00+08:00,49.95000076293945,49.95000076293945,49.900001525878906,49.95000076293945,47000,0.0,0.0
2024-07-18 12:25:00+08:00,49.95000076293945,49.95000076293945,49.900001525878906,49.95000076293945,27359,0.0,0.0
2024-07-18 12:30:00+08:00,49.95000076293945,49.95000076293945,49.849998474121094,49.900001525878906,54970,0.0,0.0
2024-07-18 12:35:00+08:00,49.900001525878906,49.900001525878906,49.79999923706055,49.849998474121094,242000,0.0,0.0
2024-07-18 12:40:00+08:00,49.849998474121094,49.849998474121094,49.79999923706055,49.849998474121094,81844,0.0,0.0
2024-07-18 12:45:00+08:00,49.900001525878906,49.900001525878906,49.849998474121094,49.849998474121094,4155,0.0,0.0
2024-07-18 12:50:00+08:00,49.849998474121094,49.900001525878906,49.849998474121094,49.849998474121094,28198,0.0,0.0
2024-07-18 12:55:00+08:00,49.849998474121094,49.900001525878906,49.849998474121094,49.849998474121094,27464,0.0,0.0
2024-07-18 13:00:00+08:00,49.900001525878906,49.900001525878906,49.79999923706055,49.79999923706055,90310,0.0,0.0
2024-07-18 13:05:00+08:00,49.849998474121094,49.849998474121094,49.75,49.75,132581,0.0,0.0
2024-07-18 13:10:00+08:00,49.75,49.79999923706055,49.650001525878906,49.650001525878906,216183,0.0,0.0
2024-07-18 13:15:00+08:00,49.70000076293945,49.79999923706055,49.650001525878906,49.79999923706055,87130,0.0,0.0
2024-07-18 13:20:00+08:00,49.79999923706055,49.849998474121094,49.650001525878906,49.70000076293945,134794,0.0,0.0
2024-07-19 09:00:00+08:00,50.099998474121094,50.099998474121094,49.79999923706055,49.849998474121094,82000,0.0,0.0
2024-07-19 09:05:00+08:00,49.900001525878906,49.95000076293945,49.54999923706055,49.70000076293945,84521,0.0,0.0
2024-07-19 09:10:00+08:00,49.650001525878906,49.70000076293945,49.5,49.54999923706055,49600,0.0,0.0
2024-07-19 09:15:00+08:00,49.54999923706055,49.54999923706055,49.45000076293945,49.54999923706055,52393,0.0,0.0
2024-07-19 09:20:00+08:00,49.5,49.70000076293945,49.45000076293945,49.70000076293945,54040,0.0,0.0
2024-07-19 09:25:00+08:00,49.70000076293945,49.70000076293945,49.70000076293945,49.70000076293945,5105,0.0,0.0
2024-07-19 09:30:00+08:00,49.79999923706055,49.849998474121094,49.70000076293945,49.79999923706055,48548,0.0,0.0
2024-07-19 09:35:00+08:00,49.849998474121094,49.849998474121094,49.75,49.79999923706055,7107,0.0,0.0
2024-07-19 09:40:00+08:00,49.849998474121094,49.849998474121094,49.79999923706055,49.849998474121094,12100,0.0,0.0
2024-07-19 09:45:00+08:00,49.849998474121094,49.849998474121094,49.75,49.75,28015,0.0,0.0
2024-07-19 09:50:00+08:00,49.70000076293945,49.70000076293945,49.349998474121094,49.400001525878906,123879,0.0,0.0
2024-07-19 09:55:00+08:00,49.400001525878906,49.400001525878906,49.29999923706055,49.29999923706055,73519,0.0,0.0
2024-07-19 10:00:00+08:00,49.29999923706055,49.29999923706055,49.099998474121094,49.20000076293945,89894,0.0,0.0
2024-07-19 10:05:00+08:00,49.150001525878906,49.20000076293945,49.099998474121094,49.150001525878906,43086,0.0,0.0
2024-07-19 10:10:00+08:00,49.20000076293945,49.20000076293945,49.099998474121094,49.099998474121094,56715,0.0,0.0
2024-07-19 10:15:00+08:00,49.04999923706055,49.099998474121094,49.0,49.04999923706055,65147,0.0,0.0
2024-07-19 10:20:00+08:00,49.04999923706055,49.04999923706055,48.79999923706055,48.849998474121094,217298,0.0,0.0
2024-07-19 10:25:00+08:00,48.849998474121094,48.849998474121094,48.75,48.79999923706055,31097,0.0,0.0
2024-07-19 10:30:00+08:00,48.79999923706055,48.849998474121094,48.79999923706055,48.79999923706055,19220,0.0,0.0
2024-07-19 10:35:00+08:00,48.900001525878906,48.95000076293945,48.849998474121094,48.95000076293945,24496,0.0,0.0
2024-07-19 10:40:00+08:00,48.95000076293945,49.099998474121094,48.95000076293945,49.099998474121094,25120,0.0,0.0
2024-07-19 10:45:00+08:00,49.099998474121094,49.150001525878906,49.099998474121094,49.099998474121094,4000,0.0,0.0
2024-07-19 10:50:00+08:00,49.099998474121094,49.20000076293945,49.099998474121094,49.150001525878906,4000,0.0,0.0
2024-07-19 10:55:00+08:00,49.150001525878906,49.150001525878906,49.150001525878906,49.150001525878906,3020,0.0,0.0
2024-07-19 11:00:00+08:00,49.150001525878906,49.150001525878906,49.099998474121094,49.099998474121094,10100,0.0,0.0
2024-07-19 11:05:00+08:00,49.099998474121094,49.099998474121094,49.099998474121094,49.099998474121094,3069,0.0,0.0
2024-07-19 11:10:00+08:00,49.099998474121094,49.099998474121094,49.04999923706055,49.04999923706055,2019,0.0,0.0
2024-07-19 11:15:00+08:00,49.099998474121094,49.150001525878906,49.099998474121094,49.150001525878906,23468,0.0,0.0
2024-07-19 11:20:00+08:00,49.150001525878906,49.150001525878906,49.150001525878906,49.150001525878906,2000,0.0,0.0
2024-07-19 11:25:00+08:00,49.099998474121094,49.099998474121094,49.099998474121094,49.099998474121094,3100,0.0,0.0
2024-07-19 11:30:00+08:00,49.099998474121094,49.099998474121094,49.04999923706055,49.04999923706055,2080,0.0,0.0
2024-07-19 11:35:00+08:00,49.04999923706055,49.099998474121094,49.04999923706055,49.099998474121094,13141,0.0,0.0
2024-07-19 11:40:00+08:00,49.099998474121094,49.099998474121094,49.099998474121094,49.099998474121094,4000,0.0,0.0
2024-07-19 11:45:00+08:00,49.099998474121094,49.099998474121094,49.099998474121094,49.099998474121094,6021,0.0,0.0
2024-07-19 11:50:00+08:00,49.099998474121094,49.099998474121094,49.099998474121094,49.099998474121094,5131,0.0,0.0
2024-07-19 11:55:00+08:00,49.099998474121094,49.099998474121094,49.099998474121094,49.099998474121094,5000,0.0,0.0
2024-07-19 12:00:00+08:00,49.099998474121094,49.099998474121094,49.04999923706055,49.04999923706055,36100,0.0,0.0
2024-07-19 12:05:00+08:00,49.099998474121094,49.099998474121094,49.099998474121094,49.099998474121094,10900,0.0,0.0
2024-07-19 12:10:00+08:00,49.099998474121094,49.099998474121094,49.099998474121094,49.099998474121094,7000,0.0,0.0
2024-07-19 12:15:00+08:00,49.099998474121094,49.099998474121094,49.099998474121094,49.099998474121094,14634,0.0,0.0
2024-07-19 12:25:00+08:00,49.099998474121094,49.099998474121094,49.04999923706055,49.04999923706055,17010,0.0,0.0
2024-07-19 12:30:00+08:00,49.04999923706055,49.04999923706055,49.04999923706055,49.04999923706055,33604,0.0,0.0
2024-07-19 12:35:00+08:00,49.0,49.04999923706055,49.0,49.04999923706055,28000,0.0,0.0
2024-07-19 12:40:00+08:00,49.04999923706055,49.099998474121094,49.04999923706055,49.04999923706055,41000,0.0,0.0
2024-07-19 12:45:00+08:00,49.04999923706055,49.099998474121094,49.0,49.04999923706055,8000,0.0,0.0
2024-07-19 12:50:00+08:00,49.04999923706055,49.04999923706055,49.0,49.0,54000,0.0,0.0
2024-07-19 12:55:00+08:00,49.0,49.0,48.900001525878906,48.95000076293945,12882,0.0,0.0
2024-07-19 13:00:00+08:00,48.95000076293945,48.95000076293945,48.900001525878906,48.95000076293945,33355,0.0,0.0
2024-07-19 13:05:00+08:00,48.95000076293945,48.95000076293945,48.900001525878906,48.95000076293945,9034,0.0,0.0
2024-07-19 13:10:00+08:00,48.900001525878906,48.95000076293945,48.900001525878906,48.900001525878906,33100,0.0,0.0
2024-07-19 13:15:00+08:00,48.95000076293945,49.0,48.95000076293945,48.95000076293945,34135,0.0,0.0
2024-07-19 13:20:00+08:00,48.95000076293945,48.95000076293945,48.79999923706055,48.849998474121094,88695,0.0,0.0
