Datetime,Open,High,Low,Close,Volume,Dividends,Stock Splits
2024-09-09 09:30:00-04:00,15.100000381469727,15.180000305175781,15.020000457763672,15.095000267028809,5131,0.0,0.0
2024-09-09 09:31:00-04:00,15.09000015258789,15.119999885559082,15.09000015258789,15.119999885559082,519,0.0,0.0
2024-09-09 09:32:00-04:00,15.130000114440918,15.130000114440918,15.130000114440918,15.130000114440918,103,0.0,0.0
2024-09-09 09:33:00-04:00,15.119999885559082,15.119999885559082,15.119999885559082,15.119999885559082,146,0.0,0.0
2024-09-09 09:34:00-04:00,15.09000015258789,15.09000015258789,15.09000015258789,15.09000015258789,157,0.0,0.0
2024-09-09 09:35:00-04:00,15.130000114440918,15.130000114440918,15.130000114440918,15.130000114440918,182,0.0,0.0
2024-09-09 09:36:00-04:00,15.15999984741211,15.170000076293945,15.085000038146973,15.085000038146973,2644,0.0,0.0
2024-09-09 09:37:00-04:00,15.119999885559082,15.119999885559082,15.119999885559082,15.119999885559082,110,0.0,0.0
2024-09-09 09:38:00-04:00,15.130000114440918,15.130000114440918,15.119999885559082,15.119999885559082,273,0.0,0.0
2024-09-09 09:39:00-04:00,15.09000015258789,15.135000228881836,15.09000015258789,15.135000228881836,2312,0.0,0.0
2024-09-09 09:40:00-04:00,15.125,15.135000228881836,15.125,15.135000228881836,275,0.0,0.0
2024-09-09 09:41:00-04:00,15.140000343322754,15.140000343322754,15.140000343322754,15.140000343322754,214,0.0,0.0
2024-09-09 09:42:00-04:00,15.119999885559082,15.119999885559082,15.104999542236328,15.104999542236328,1017,0.0,0.0
2024-09-09 09:43:00-04:00,15.135000228881836,15.135000228881836,15.135000228881836,15.135000228881836,2414,0.0,0.0
2024-09-09 09:44:00-04:00,15.109999656677246,15.135000228881836,15.095000267028809,15.095000267028809,1252,0.0,0.0
2024-09-09 09:46:00-04:00,15.0600004196167,15.0600004196167,15.03499984741211,15.03499984741211,388,0.0,0.0
2024-09-09 09:47:00-04:00,15.029999732971191,15.0600004196167,15.020000457763672,15.0600004196167,2617,0.0,0.0
2024-09-09 09:48:00-04:00,15.069899559020996,15.069999694824219,15.069199562072754,15.069999694824219,2019,0.0,0.0
2024-09-09 09:50:00-04:00,15.039999961853027,15.0600004196167,15.039999961853027,15.0600004196167,2424,0.0,0.0
2024-09-09 09:51:00-04:00,15.020000457763672,15.020000457763672,15.020000457763672,15.020000457763672,305,0.0,0.0
2024-09-09 09:52:00-04:00,15.037500381469727,15.039999961853027,15.037500381469727,15.039999961853027,707,0.0,0.0
2024-09-09 09:53:00-04:00,15.039999961853027,15.039999961853027,15.039999961853027,15.039999961853027,407,0.0,0.0
2024-09-09 09:54:00-04:00,15.0600004196167,15.0600004196167,15.0600004196167,15.0600004196167,595,0.0,0.0
2024-09-09 09:55:00-04:00,15.055000305175781,15.0600004196167,15.039999961853027,15.0600004196167,1240,0.0,0.0
2024-09-09 09:56:00-04:00,15.0649995803833,15.0649995803833,15.039999961853027,15.039999961853027,10964,0.0,0.0
2024-09-09 09:57:00-04:00,15.050000190734863,15.050000190734863,15.039999961853027,15.039999961853027,1299,0.0,0.0
2024-09-09 09:58:00-04:00,15.079999923706055,15.100000381469727,15.079999923706055,15.100000381469727,1391,0.0,0.0
2024-09-09 09:59:00-04:00,15.095000267028809,15.095000267028809,15.079999923706055,15.079999923706055,765,0.0,0.0
2024-09-09 10:01:00-04:00,15.130000114440918,15.130000114440918,15.109999656677246,15.109999656677246,1830,0.0,0.0
2024-09-09 10:04:00-04:00,15.114999771118164,15.130000114440918,15.100000381469727,15.130000114440918,2093,0.0,0.0
2024-09-09 10:05:00-04:00,15.137499809265137,15.140000343322754,15.135000228881836,15.140000343322754,2997,0.0,0.0
2024-09-09 10:06:00-04:00,15.149999618530273,15.180000305175781,15.149999618530273,15.170000076293945,2440,0.0,0.0
2024-09-09 10:07:00-04:00,15.140000343322754,15.140000343322754,15.140000343322754,15.140000343322754,414,0.0,0.0
2024-09-09 10:08:00-04:00,15.119999885559082,15.119999885559082,15.109999656677246,15.119999885559082,1765,0.0,0.0
2024-09-09 10:09:00-04:00,15.140000343322754,15.180000305175781,15.130000114440918,15.180000305175781,1090,0.0,0.0
2024-09-09 10:10:00-04:00,15.1850004196167,15.1850004196167,15.1850004196167,15.1850004196167,902,0.0,0.0
2024-09-09 10:12:00-04:00,15.220000267028809,15.220000267028809,15.220000267028809,15.220000267028809,601,0.0,0.0
2024-09-09 10:14:00-04:00,15.239999771118164,15.239999771118164,15.239999771118164,15.239999771118164,662,0.0,0.0
2024-09-09 10:15:00-04:00,15.260000228881836,15.260000228881836,15.260000228881836,15.260000228881836,101,0.0,0.0
2024-09-09 10:16:00-04:00,15.270000457763672,15.300000190734863,15.270000457763672,15.300000190734863,978,0.0,0.0
2024-09-09 10:17:00-04:00,15.300000190734863,15.300000190734863,15.300000190734863,15.300000190734863,708,0.0,0.0
2024-09-09 10:18:00-04:00,15.279999732971191,15.279999732971191,15.229999542236328,15.229999542236328,2129,0.0,0.0
2024-09-09 10:19:00-04:00,15.220999717712402,15.220999717712402,15.220999717712402,15.220999717712402,229,0.0,0.0
2024-09-09 10:20:00-04:00,15.229999542236328,15.229999542236328,15.204999923706055,15.204999923706055,996,0.0,0.0
2024-09-09 10:21:00-04:00,15.210000038146973,15.210000038146973,15.199999809265137,15.199999809265137,397,0.0,0.0
2024-09-09 10:22:00-04:00,15.1899995803833,15.1899995803833,15.154999732971191,15.154999732971191,917,0.0,0.0
2024-09-09 10:23:00-04:00,15.170000076293945,15.170000076293945,15.170000076293945,15.170000076293945,984,0.0,0.0
2024-09-09 10:24:00-04:00,15.170000076293945,15.170000076293945,15.140000343322754,15.140000343322754,1539,0.0,0.0
2024-09-09 10:25:00-04:00,15.15999984741211,15.170000076293945,15.15999984741211,15.170000076293945,1237,0.0,0.0
2024-09-09 10:28:00-04:00,15.180000305175781,15.180000305175781,15.180000305175781,15.180000305175781,760,0.0,0.0
2024-09-09 10:29:00-04:00,15.170000076293945,15.170000076293945,15.130000114440918,15.130000114440918,870,0.0,0.0
2024-09-09 10:30:00-04:00,15.09000015258789,15.10099983215332,15.09000015258789,15.10099983215332,555,0.0,0.0
2024-09-09 10:31:00-04:00,15.090999603271484,15.090999603271484,15.079999923706055,15.079999923706055,383,0.0,0.0
2024-09-09 10:32:00-04:00,15.109999656677246,15.109999656677246,15.109999656677246,15.109999656677246,657,0.0,0.0
2024-09-09 10:33:00-04:00,15.119999885559082,15.119999885559082,15.119999885559082,15.119999885559082,405,0.0,0.0
2024-09-09 10:34:00-04:00,15.140000343322754,15.140000343322754,15.140000343322754,15.140000343322754,1462,0.0,0.0
2024-09-09 10:35:00-04:00,15.15999984741211,15.15999984741211,15.15999984741211,15.15999984741211,900,0.0,0.0
2024-09-09 10:36:00-04:00,15.140999794006348,15.175000190734863,15.140999794006348,15.175000190734863,1201,0.0,0.0
2024-09-09 10:37:00-04:00,15.170000076293945,15.170000076293945,15.15999984741211,15.15999984741211,861,0.0,0.0
2024-09-09 10:38:00-04:00,15.15999984741211,15.15999984741211,15.15999984741211,15.15999984741211,226,0.0,0.0
2024-09-09 10:40:00-04:00,15.130000114440918,15.130000114440918,15.130000114440918,15.130000114440918,505,0.0,0.0
2024-09-09 10:41:00-04:00,15.119999885559082,15.119999885559082,15.119999885559082,15.119999885559082,258,0.0,0.0
2024-09-09 10:42:00-04:00,15.140000343322754,15.140000343322754,15.130000114440918,15.130000114440918,1140,0.0,0.0
2024-09-09 10:43:00-04:00,15.119999885559082,15.119999885559082,15.109999656677246,15.109999656677246,1514,0.0,0.0
2024-09-09 10:44:00-04:00,15.119999885559082,15.130000114440918,15.119999885559082,15.130000114440918,1082,0.0,0.0
2024-09-09 10:45:00-04:00,15.119999885559082,15.130000114440918,15.119999885559082,15.130000114440918,457,0.0,0.0
2024-09-09 10:47:00-04:00,15.130000114440918,15.130000114440918,15.130000114440918,15.130000114440918,525,0.0,0.0
2024-09-09 10:48:00-04:00,15.130000114440918,15.140000343322754,15.130000114440918,15.140000343322754,841,0.0,0.0
2024-09-09 10:49:00-04:00,15.149999618530273,15.149999618530273,15.149999618530273,15.149999618530273,648,0.0,0.0
2024-09-09 10:51:00-04:00,15.149999618530273,15.149999618530273,15.149999618530273,15.149999618530273,1750,0.0,0.0
2024-09-09 10:52:00-04:00,15.140999794006348,15.1850004196167,15.140000343322754,15.1850004196167,1184,0.0,0.0
2024-09-09 10:55:00-04:00,15.1899995803833,15.1899995803833,15.1899995803833,15.1899995803833,866,0.0,0.0
2024-09-09 10:58:00-04:00,15.1899995803833,15.1899995803833,15.1899995803833,15.1899995803833,1341,0.0,0.0
2024-09-09 10:59:00-04:00,15.170000076293945,15.180000305175781,15.170000076293945,15.180000305175781,1183,0.0,0.0
2024-09-09 11:00:00-04:00,15.1899995803833,15.1899995803833,15.1899995803833,15.1899995803833,813,0.0,0.0
2024-09-09 11:01:00-04:00,15.1899995803833,15.1899995803833,15.1899995803833,15.1899995803833,695,0.0,0.0
2024-09-09 11:02:00-04:00,15.199999809265137,15.199999809265137,15.199999809265137,15.199999809265137,904,0.0,0.0
2024-09-09 11:03:00-04:00,15.210000038146973,15.210000038146973,15.210000038146973,15.210000038146973,288,0.0,0.0
2024-09-09 11:04:00-04:00,15.199999809265137,15.199999809265137,15.199999809265137,15.199999809265137,351,0.0,0.0
2024-09-09 11:05:00-04:00,15.199999809265137,15.199999809265137,15.199999809265137,15.199999809265137,533,0.0,0.0
2024-09-09 11:07:00-04:00,15.210000038146973,15.210000038146973,15.210000038146973,15.210000038146973,749,0.0,0.0
2024-09-09 11:09:00-04:00,15.211000442504883,15.220000267028809,15.210000038146973,15.220000267028809,1362,0.0,0.0
2024-09-09 11:10:00-04:00,15.220000267028809,15.229999542236328,15.220000267028809,15.229999542236328,798,0.0,0.0
2024-09-09 11:11:00-04:00,15.210000038146973,15.210000038146973,15.210000038146973,15.210000038146973,231,0.0,0.0
2024-09-09 11:12:00-04:00,15.210000038146973,15.210000038146973,15.210000038146973,15.210000038146973,207,0.0,0.0
2024-09-09 11:13:00-04:00,15.210000038146973,15.210000038146973,15.210000038146973,15.210000038146973,172,0.0,0.0
2024-09-09 11:15:00-04:00,15.199999809265137,15.199999809265137,15.1899995803833,15.1899995803833,961,0.0,0.0
2024-09-09 11:16:00-04:00,15.164999961853027,15.180000305175781,15.164999961853027,15.180000305175781,960,0.0,0.0
2024-09-09 11:18:00-04:00,15.170000076293945,15.180000305175781,15.170000076293945,15.180000305175781,506,0.0,0.0
2024-09-09 11:19:00-04:00,15.1899995803833,15.199999809265137,15.1899995803833,15.199999809265137,1351,0.0,0.0
2024-09-09 11:20:00-04:00,15.199999809265137,15.199999809265137,15.199999809265137,15.199999809265137,1401,0.0,0.0
2024-09-09 11:22:00-04:00,15.210000038146973,15.210000038146973,15.210000038146973,15.210000038146973,714,0.0,0.0
2024-09-09 11:23:00-04:00,15.220000267028809,15.220000267028809,15.210000038146973,15.210000038146973,820,0.0,0.0
2024-09-09 11:25:00-04:00,15.199999809265137,15.199999809265137,15.1899995803833,15.1899995803833,767,0.0,0.0
2024-09-09 11:27:00-04:00,15.1899995803833,15.1899995803833,15.1899995803833,15.1899995803833,404,0.0,0.0
2024-09-09 11:28:00-04:00,15.170000076293945,15.1899995803833,15.170000076293945,15.1899995803833,1022,0.0,0.0
2024-09-09 11:29:00-04:00,15.199999809265137,15.199999809265137,15.199999809265137,15.199999809265137,104,0.0,0.0
2024-09-09 11:30:00-04:00,15.199999809265137,15.199999809265137,15.199999809265137,15.199999809265137,800,0.0,0.0
2024-09-09 11:31:00-04:00,15.1899995803833,15.1899995803833,15.1899995803833,15.1899995803833,1136,0.0,0.0
2024-09-09 11:33:00-04:00,15.1899995803833,15.1899995803833,15.1899995803833,15.1899995803833,603,0.0,0.0
2024-09-09 11:35:00-04:00,15.170000076293945,15.170000076293945,15.15999984741211,15.15999984741211,887,0.0,0.0
2024-09-09 11:36:00-04:00,15.15999984741211,15.15999984741211,15.15999984741211,15.15999984741211,937,0.0,0.0
2024-09-09 11:37:00-04:00,15.16100025177002,15.16100025177002,15.15999984741211,15.15999984741211,681,0.0,0.0
2024-09-09 11:41:00-04:00,15.140000343322754,15.140000343322754,15.135000228881836,15.135000228881836,1140,0.0,0.0
2024-09-09 11:42:00-04:00,15.140000343322754,15.140000343322754,15.130000114440918,15.130000114440918,760,0.0,0.0
2024-09-09 11:43:00-04:00,15.130000114440918,15.130000114440918,15.130000114440918,15.130000114440918,479,0.0,0.0
2024-09-09 11:45:00-04:00,15.130000114440918,15.130000114440918,15.130000114440918,15.130000114440918,485,0.0,0.0
2024-09-09 11:46:00-04:00,15.130000114440918,15.140000343322754,15.130000114440918,15.140000343322754,1196,0.0,0.0
2024-09-09 11:47:00-04:00,15.149999618530273,15.149999618530273,15.140000343322754,15.140000343322754,1652,0.0,0.0
2024-09-09 11:48:00-04:00,15.140000343322754,15.170000076293945,15.140000343322754,15.15999984741211,2267,0.0,0.0
2024-09-09 11:49:00-04:00,15.170000076293945,15.170000076293945,15.170000076293945,15.170000076293945,212,0.0,0.0
2024-09-09 11:50:00-04:00,15.15999984741211,15.164999961853027,15.15999984741211,15.164999961853027,2945,0.0,0.0
2024-09-09 11:51:00-04:00,15.164999961853027,15.164999961853027,15.149999618530273,15.164999961853027,4163,0.0,0.0
2024-09-09 11:52:00-04:00,15.149999618530273,15.149999618530273,15.149999618530273,15.149999618530273,1005,0.0,0.0
2024-09-09 11:53:00-04:00,15.149999618530273,15.149999618530273,15.149999618530273,15.149999618530273,185,0.0,0.0
2024-09-09 11:55:00-04:00,15.158499717712402,15.158499717712402,15.149999618530273,15.149999618530273,517,0.0,0.0
2024-09-09 11:56:00-04:00,15.149399757385254,15.149399757385254,15.140000343322754,15.14050006866455,2573,0.0,0.0
2024-09-09 11:57:00-04:00,15.140000343322754,15.140000343322754,15.130000114440918,15.130000114440918,937,0.0,0.0
2024-09-09 11:58:00-04:00,15.145000457763672,15.145000457763672,15.139900207519531,15.139900207519531,3544,0.0,0.0
2024-09-09 11:59:00-04:00,15.149999618530273,15.15999984741211,15.149999618530273,15.15999984741211,959,0.0,0.0
2024-09-09 12:02:00-04:00,15.149999618530273,15.149999618530273,15.149999618530273,15.149999618530273,220,0.0,0.0
2024-09-09 12:03:00-04:00,15.15999984741211,15.15999984741211,15.15999984741211,15.15999984741211,1499,0.0,0.0
2024-09-09 12:04:00-04:00,15.164999961853027,15.164999961853027,15.15999984741211,15.15999984741211,837,0.0,0.0
2024-09-09 12:05:00-04:00,15.149999618530273,15.149999618530273,15.149999618530273,15.149999618530273,562,0.0,0.0
2024-09-09 12:07:00-04:00,15.15999984741211,15.15999984741211,15.15999984741211,15.15999984741211,1250,0.0,0.0
2024-09-09 12:10:00-04:00,15.170000076293945,15.180000305175781,15.170000076293945,15.180000305175781,3101,0.0,0.0
2024-09-09 12:11:00-04:00,15.175000190734863,15.180000305175781,15.174500465393066,15.180000305175781,2457,0.0,0.0
2024-09-09 12:12:00-04:00,15.180000305175781,15.180000305175781,15.180000305175781,15.180000305175781,1357,0.0,0.0
2024-09-09 12:17:00-04:00,15.180000305175781,15.180000305175781,15.180000305175781,15.180000305175781,1224,0.0,0.0
2024-09-09 12:18:00-04:00,15.170000076293945,15.170000076293945,15.170000076293945,15.170000076293945,472,0.0,0.0
2024-09-09 12:21:00-04:00,15.170000076293945,15.170000076293945,15.170000076293945,15.170000076293945,315,0.0,0.0
2024-09-09 12:24:00-04:00,15.170000076293945,15.170000076293945,15.164999961853027,15.164999961853027,854,0.0,0.0
2024-09-09 12:26:00-04:00,15.15999984741211,15.15999984741211,15.140000343322754,15.140000343322754,2274,0.0,0.0
2024-09-09 12:27:00-04:00,15.156000137329102,15.156000137329102,15.156000137329102,15.156000137329102,720,0.0,0.0
2024-09-09 12:29:00-04:00,15.149999618530273,15.149999618530273,15.145000457763672,15.149999618530273,897,0.0,0.0
2024-09-09 12:30:00-04:00,15.149999618530273,15.15999984741211,15.149999618530273,15.154999732971191,1235,0.0,0.0
2024-09-09 12:32:00-04:00,15.149999618530273,15.149999618530273,15.149999618530273,15.149999618530273,217,0.0,0.0
2024-09-09 12:33:00-04:00,15.154999732971191,15.154999732971191,15.154500007629395,15.154500007629395,1183,0.0,0.0
2024-09-09 12:35:00-04:00,15.15999984741211,15.15999984741211,15.154999732971191,15.154999732971191,1902,0.0,0.0
2024-09-09 12:36:00-04:00,15.15999984741211,15.15999984741211,15.15999984741211,15.15999984741211,258,0.0,0.0
2024-09-09 12:37:00-04:00,15.149999618530273,15.149999618530273,15.149999618530273,15.149999618530273,474,0.0,0.0
2024-09-09 12:41:00-04:00,15.15999984741211,15.15999984741211,15.15999984741211,15.15999984741211,854,0.0,0.0
2024-09-09 12:44:00-04:00,15.15999984741211,15.15999984741211,15.130000114440918,15.149999618530273,4297,0.0,0.0
2024-09-09 12:45:00-04:00,15.149999618530273,15.149999618530273,15.149999618530273,15.149999618530273,337,0.0,0.0
2024-09-09 12:46:00-04:00,15.15999984741211,15.170000076293945,15.15999984741211,15.170000076293945,1018,0.0,0.0
2024-09-09 12:47:00-04:00,15.170000076293945,15.170000076293945,15.170000076293945,15.170000076293945,103,0.0,0.0
2024-09-09 12:48:00-04:00,15.170999526977539,15.170999526977539,15.170000076293945,15.170000076293945,721,0.0,0.0
2024-09-09 12:49:00-04:00,15.149999618530273,15.149999618530273,15.149999618530273,15.149999618530273,302,0.0,0.0
2024-09-09 12:51:00-04:00,15.149999618530273,15.149999618530273,15.149999618530273,15.149999618530273,100,0.0,0.0
2024-09-09 12:52:00-04:00,15.149999618530273,15.149999618530273,15.149999618530273,15.149999618530273,455,0.0,0.0
2024-09-09 12:55:00-04:00,15.130000114440918,15.149999618530273,15.130000114440918,15.149999618530273,1907,0.0,0.0
2024-09-09 12:56:00-04:00,15.15999984741211,15.15999984741211,15.15999984741211,15.15999984741211,493,0.0,0.0
2024-09-09 12:58:00-04:00,15.15999984741211,15.15999984741211,15.15999984741211,15.15999984741211,443,0.0,0.0
2024-09-09 12:59:00-04:00,15.15999984741211,15.15999984741211,15.15999984741211,15.15999984741211,1094,0.0,0.0
2024-09-09 13:01:00-04:00,15.15999984741211,15.15999984741211,15.154999732971191,15.154999732971191,664,0.0,0.0
2024-09-09 13:02:00-04:00,15.15999984741211,15.15999984741211,15.15999984741211,15.15999984741211,714,0.0,0.0
2024-09-09 13:03:00-04:00,15.15999984741211,15.15999984741211,15.15999984741211,15.15999984741211,250,0.0,0.0
2024-09-09 13:07:00-04:00,15.164999961853027,15.170000076293945,15.164999961853027,15.170000076293945,2447,0.0,0.0
2024-09-09 13:08:00-04:00,15.15999984741211,15.15999984741211,15.15999984741211,15.15999984741211,773,0.0,0.0
2024-09-09 13:11:00-04:00,15.15999984741211,15.15999984741211,15.15999984741211,15.15999984741211,783,0.0,0.0
2024-09-09 13:13:00-04:00,15.15999984741211,15.15999984741211,15.15999984741211,15.15999984741211,1941,0.0,0.0
2024-09-09 13:15:00-04:00,15.15999984741211,15.15999984741211,15.151800155639648,15.151800155639648,1834,0.0,0.0
2024-09-09 13:16:00-04:00,15.163900375366211,15.163900375366211,15.163900375366211,15.163900375366211,348,0.0,0.0
2024-09-09 13:19:00-04:00,15.15999984741211,15.164999961853027,15.15999984741211,15.164999961853027,244,0.0,0.0
2024-09-09 13:20:00-04:00,15.15999984741211,15.164999961853027,15.154999732971191,15.154999732971191,1412,0.0,0.0
2024-09-09 13:21:00-04:00,15.149999618530273,15.149999618530273,15.145000457763672,15.145000457763672,831,0.0,0.0
2024-09-09 13:23:00-04:00,15.140000343322754,15.140000343322754,15.069999694824219,15.069999694824219,1753,0.0,0.0
2024-09-09 13:24:00-04:00,15.074999809265137,15.079999923706055,15.074999809265137,15.074999809265137,634,0.0,0.0
2024-09-09 13:25:00-04:00,15.074999809265137,15.074999809265137,15.074999809265137,15.074999809265137,224,0.0,0.0
2024-09-09 13:26:00-04:00,15.079999923706055,15.09000015258789,15.079999923706055,15.09000015258789,1336,0.0,0.0
2024-09-09 13:30:00-04:00,15.079999923706055,15.079999923706055,15.055000305175781,15.055000305175781,2031,0.0,0.0
2024-09-09 13:31:00-04:00,15.050000190734863,15.069999694824219,15.050000190734863,15.069999694824219,3199,0.0,0.0
2024-09-09 13:32:00-04:00,15.069999694824219,15.09000015258789,15.0600004196167,15.09000015258789,3561,0.0,0.0
2024-09-09 13:33:00-04:00,15.079999923706055,15.079999923706055,15.079999923706055,15.079999923706055,382,0.0,0.0
2024-09-09 13:34:00-04:00,15.0600004196167,15.0600004196167,15.0600004196167,15.0600004196167,614,0.0,0.0
2024-09-09 13:35:00-04:00,15.069999694824219,15.069999694824219,15.069999694824219,15.069999694824219,388,0.0,0.0
2024-09-09 13:36:00-04:00,15.079999923706055,15.079999923706055,15.079999923706055,15.079999923706055,539,0.0,0.0
2024-09-09 13:37:00-04:00,15.09000015258789,15.100000381469727,15.09000015258789,15.100000381469727,832,0.0,0.0
2024-09-09 13:39:00-04:00,15.104999542236328,15.104999542236328,15.104999542236328,15.104999542236328,200,0.0,0.0
2024-09-09 13:40:00-04:00,15.104999542236328,15.104999542236328,15.104999542236328,15.104999542236328,160,0.0,0.0
2024-09-09 13:41:00-04:00,15.100000381469727,15.100000381469727,15.100000381469727,15.100000381469727,841,0.0,0.0
2024-09-09 13:42:00-04:00,15.069999694824219,15.09000015258789,15.069999694824219,15.09000015258789,1464,0.0,0.0
2024-09-09 13:45:00-04:00,15.069999694824219,15.069999694824219,15.069999694824219,15.069999694824219,431,0.0,0.0
2024-09-09 13:46:00-04:00,15.069999694824219,15.069999694824219,15.069999694824219,15.069999694824219,521,0.0,0.0
2024-09-09 13:47:00-04:00,15.0600004196167,15.0600004196167,15.0600004196167,15.0600004196167,217,0.0,0.0
2024-09-09 13:48:00-04:00,15.069999694824219,15.069999694824219,15.069999694824219,15.069999694824219,463,0.0,0.0
2024-09-09 13:49:00-04:00,15.074999809265137,15.074999809265137,15.069999694824219,15.069999694824219,696,0.0,0.0
2024-09-09 13:50:00-04:00,15.069999694824219,15.079999923706055,15.069999694824219,15.079999923706055,472,0.0,0.0
2024-09-09 13:52:00-04:00,15.074999809265137,15.074999809265137,15.074999809265137,15.074999809265137,235,0.0,0.0
2024-09-09 13:54:00-04:00,15.071000099182129,15.071000099182129,15.071000099182129,15.071000099182129,219,0.0,0.0
2024-09-09 13:55:00-04:00,15.069999694824219,15.069999694824219,15.0600004196167,15.0600004196167,838,0.0,0.0
2024-09-09 13:57:00-04:00,15.050000190734863,15.050000190734863,15.039999961853027,15.039999961853027,874,0.0,0.0
2024-09-09 13:58:00-04:00,15.020000457763672,15.020000457763672,15.015000343322754,15.020000457763672,878,0.0,0.0
2024-09-09 13:59:00-04:00,15.020000457763672,15.020000457763672,15.010000228881836,15.015000343322754,1624,0.0,0.0
2024-09-09 14:00:00-04:00,15.020000457763672,15.029999732971191,15.020000457763672,15.029999732971191,1506,0.0,0.0
2024-09-09 14:07:00-04:00,15.015000343322754,15.015000343322754,15.015000343322754,15.015000343322754,266,0.0,0.0
2024-09-09 14:08:00-04:00,15.015000343322754,15.015000343322754,15.015000343322754,15.015000343322754,156,0.0,0.0
2024-09-09 14:09:00-04:00,15.010000228881836,15.010000228881836,15.010000228881836,15.010000228881836,1588,0.0,0.0
2024-09-09 14:10:00-04:00,15.015000343322754,15.015000343322754,15.010000228881836,15.010000228881836,209,0.0,0.0
2024-09-09 14:11:00-04:00,15.01099967956543,15.01099967956543,15.0,15.010000228881836,949,0.0,0.0
2024-09-09 14:13:00-04:00,15.0,15.0,15.0,15.0,284,0.0,0.0
2024-09-09 14:14:00-04:00,15.005000114440918,15.010000228881836,15.0,15.0,1258,0.0,0.0
2024-09-09 14:15:00-04:00,14.984999656677246,14.984999656677246,14.984999656677246,14.984999656677246,152,0.0,0.0
2024-09-09 14:16:00-04:00,14.968700408935547,15.0,14.968700408935547,15.0,2314,0.0,0.0
2024-09-09 14:17:00-04:00,15.0,15.0,15.0,15.0,359,0.0,0.0
2024-09-09 14:18:00-04:00,14.994999885559082,15.0,14.994999885559082,15.0,369,0.0,0.0
2024-09-09 14:19:00-04:00,15.010000228881836,15.010000228881836,15.010000228881836,15.010000228881836,838,0.0,0.0
2024-09-09 14:20:00-04:00,15.0,15.0,15.0,15.0,819,0.0,0.0
2024-09-09 14:23:00-04:00,15.0,15.010000228881836,15.0,15.010000228881836,778,0.0,0.0
2024-09-09 14:24:00-04:00,15.005000114440918,15.005000114440918,15.005000114440918,15.005000114440918,254,0.0,0.0
2024-09-09 14:25:00-04:00,15.0,15.0,15.0,15.0,661,0.0,0.0
2024-09-09 14:27:00-04:00,14.989999771118164,14.989999771118164,14.984999656677246,14.984999656677246,516,0.0,0.0
2024-09-09 14:28:00-04:00,14.979999542236328,14.979999542236328,14.979999542236328,14.979999542236328,343,0.0,0.0
2024-09-09 14:30:00-04:00,14.944999694824219,14.954999923706055,14.944999694824219,14.954999923706055,991,0.0,0.0
2024-09-09 14:31:00-04:00,14.960000038146973,14.970000267028809,14.960000038146973,14.970000267028809,463,0.0,0.0
2024-09-09 14:32:00-04:00,14.970000267028809,14.989999771118164,14.970000267028809,14.979999542236328,2156,0.0,0.0
2024-09-09 14:33:00-04:00,14.970000267028809,14.979999542236328,14.970000267028809,14.979999542236328,250,0.0,0.0
2024-09-09 14:34:00-04:00,14.979999542236328,14.979999542236328,14.970000267028809,14.970000267028809,560,0.0,0.0
2024-09-09 14:35:00-04:00,14.960000038146973,14.970000267028809,14.960000038146973,14.960000038146973,1489,0.0,0.0
2024-09-09 14:36:00-04:00,14.959199905395508,14.959199905395508,14.959199905395508,14.959199905395508,699,0.0,0.0
2024-09-09 14:38:00-04:00,14.949999809265137,14.949999809265137,14.949999809265137,14.949999809265137,358,0.0,0.0
2024-09-09 14:39:00-04:00,14.949999809265137,14.949999809265137,14.930000305175781,14.930000305175781,778,0.0,0.0
2024-09-09 14:40:00-04:00,14.930000305175781,14.930000305175781,14.930000305175781,14.930000305175781,1192,0.0,0.0
2024-09-09 14:42:00-04:00,14.9399995803833,14.9399995803833,14.9399995803833,14.9399995803833,605,0.0,0.0
2024-09-09 14:44:00-04:00,14.984999656677246,14.984999656677246,14.979999542236328,14.979999542236328,953,0.0,0.0
2024-09-09 14:46:00-04:00,14.96500015258789,14.96500015258789,14.96500015258789,14.96500015258789,524,0.0,0.0
2024-09-09 14:51:00-04:00,14.960000038146973,14.970000267028809,14.960000038146973,14.970000267028809,1214,0.0,0.0
2024-09-09 14:53:00-04:00,14.975000381469727,14.975000381469727,14.975000381469727,14.975000381469727,132,0.0,0.0
2024-09-09 14:54:00-04:00,14.970000267028809,14.970000267028809,14.960000038146973,14.970000267028809,2287,0.0,0.0
2024-09-09 14:56:00-04:00,14.960000038146973,14.960000038146973,14.960000038146973,14.960000038146973,489,0.0,0.0
2024-09-09 15:00:00-04:00,14.954999923706055,14.954999923706055,14.944999694824219,14.949999809265137,3121,0.0,0.0
2024-09-09 15:01:00-04:00,14.949999809265137,14.949999809265137,14.949999809265137,14.949999809265137,622,0.0,0.0
2024-09-09 15:03:00-04:00,14.954999923706055,14.960000038146973,14.954999923706055,14.960000038146973,670,0.0,0.0
2024-09-09 15:04:00-04:00,14.975000381469727,14.975000381469727,14.970000267028809,14.970000267028809,1310,0.0,0.0
2024-09-09 15:05:00-04:00,14.970000267028809,14.970000267028809,14.970000267028809,14.970000267028809,866,0.0,0.0
2024-09-09 15:09:00-04:00,14.975000381469727,14.975000381469727,14.975000381469727,14.975000381469727,236,0.0,0.0
2024-09-09 15:10:00-04:00,14.970000267028809,14.970000267028809,14.9399995803833,14.949999809265137,2947,0.0,0.0
2024-09-09 15:11:00-04:00,14.960000038146973,14.960000038146973,14.960000038146973,14.960000038146973,402,0.0,0.0
2024-09-09 15:13:00-04:00,14.930000305175781,14.930000305175781,14.930000305175781,14.930000305175781,484,0.0,0.0
2024-09-09 15:15:00-04:00,14.9350004196167,14.9399995803833,14.9350004196167,14.9399995803833,944,0.0,0.0
2024-09-09 15:16:00-04:00,14.9399995803833,14.9399995803833,14.9399995803833,14.9399995803833,473,0.0,0.0
2024-09-09 15:18:00-04:00,14.930000305175781,14.9350004196167,14.91100025177002,14.91100025177002,1989,0.0,0.0
2024-09-09 15:19:00-04:00,14.920000076293945,14.920000076293945,14.920000076293945,14.920000076293945,707,0.0,0.0
2024-09-09 15:20:00-04:00,14.90999984741211,14.90999984741211,14.90999984741211,14.90999984741211,208,0.0,0.0
2024-09-09 15:21:00-04:00,14.90999984741211,14.90999984741211,14.90999984741211,14.90999984741211,848,0.0,0.0
2024-09-09 15:22:00-04:00,14.899999618530273,14.899999618530273,14.899999618530273,14.899999618530273,515,0.0,0.0
2024-09-09 15:23:00-04:00,14.885000228881836,14.885000228881836,14.885000228881836,14.885000228881836,340,0.0,0.0
2024-09-09 15:24:00-04:00,14.890000343322754,14.890000343322754,14.890000343322754,14.890000343322754,526,0.0,0.0
2024-09-09 15:25:00-04:00,14.890000343322754,14.890000343322754,14.890000343322754,14.890000343322754,564,0.0,0.0
2024-09-09 15:26:00-04:00,14.895000457763672,14.899999618530273,14.895000457763672,14.899999618530273,1427,0.0,0.0
2024-09-09 15:27:00-04:00,14.899999618530273,14.899999618530273,14.899999618530273,14.899999618530273,1393,0.0,0.0
2024-09-09 15:28:00-04:00,14.890000343322754,14.890999794006348,14.885000228881836,14.890999794006348,2238,0.0,0.0
2024-09-09 15:29:00-04:00,14.895000457763672,14.895000457763672,14.895000457763672,14.895000457763672,164,0.0,0.0
2024-09-09 15:30:00-04:00,14.890000343322754,14.890000343322754,14.869999885559082,14.880000114440918,2243,0.0,0.0
2024-09-09 15:31:00-04:00,14.875,14.875,14.875,14.875,153,0.0,0.0
2024-09-09 15:32:00-04:00,14.880000114440918,14.885000228881836,14.880000114440918,14.885000228881836,1026,0.0,0.0
2024-09-09 15:33:00-04:00,14.880000114440918,14.880000114440918,14.869999885559082,14.869999885559082,922,0.0,0.0
2024-09-09 15:34:00-04:00,14.869999885559082,14.869999885559082,14.859999656677246,14.859999656677246,1229,0.0,0.0
2024-09-09 15:35:00-04:00,14.867500305175781,14.869999885559082,14.864999771118164,14.869999885559082,1823,0.0,0.0
2024-09-09 15:36:00-04:00,14.875499725341797,14.885000228881836,14.875499725341797,14.885000228881836,1473,0.0,0.0
2024-09-09 15:37:00-04:00,14.880000114440918,14.880000114440918,14.869999885559082,14.869999885559082,2745,0.0,0.0
2024-09-09 15:38:00-04:00,14.859999656677246,14.859999656677246,14.859999656677246,14.859999656677246,363,0.0,0.0
2024-09-09 15:39:00-04:00,14.850000381469727,14.859999656677246,14.850000381469727,14.859999656677246,1247,0.0,0.0
2024-09-09 15:40:00-04:00,14.869999885559082,14.880000114440918,14.869999885559082,14.869999885559082,2429,0.0,0.0
2024-09-09 15:41:00-04:00,14.875,14.875,14.869999885559082,14.869999885559082,1988,0.0,0.0
2024-09-09 15:42:00-04:00,14.880000114440918,14.880000114440918,14.859999656677246,14.859999656677246,3479,0.0,0.0
2024-09-09 15:43:00-04:00,14.854999542236328,14.854999542236328,14.854999542236328,14.854999542236328,277,0.0,0.0
2024-09-09 15:45:00-04:00,14.84000015258789,14.84000015258789,14.819999694824219,14.824999809265137,1414,0.0,0.0
2024-09-09 15:46:00-04:00,14.819999694824219,14.819999694824219,14.819999694824219,14.819999694824219,117,0.0,0.0
2024-09-09 15:47:00-04:00,14.824999809265137,14.824999809265137,14.8100004196167,14.8100004196167,1952,0.0,0.0
2024-09-09 15:48:00-04:00,14.8100004196167,14.8100004196167,14.805000305175781,14.805000305175781,1929,0.0,0.0
2024-09-09 15:49:00-04:00,14.800000190734863,14.800000190734863,14.789999961853027,14.789999961853027,1105,0.0,0.0
2024-09-09 15:50:00-04:00,14.789999961853027,14.789999961853027,14.770000457763672,14.770000457763672,2374,0.0,0.0
2024-09-09 15:51:00-04:00,14.774999618530273,14.789999961853027,14.774999618530273,14.78499984741211,4092,0.0,0.0
2024-09-09 15:52:00-04:00,14.779999732971191,14.779999732971191,14.774999618530273,14.779999732971191,1437,0.0,0.0
2024-09-09 15:53:00-04:00,14.779999732971191,14.779999732971191,14.760000228881836,14.760000228881836,1446,0.0,0.0
2024-09-09 15:54:00-04:00,14.744999885559082,14.755000114440918,14.744999885559082,14.755000114440918,1859,0.0,0.0
2024-09-09 15:55:00-04:00,14.760000228881836,14.760000228881836,14.739999771118164,14.739999771118164,5720,0.0,0.0
2024-09-09 15:56:00-04:00,14.744999885559082,14.75,14.729999542236328,14.729999542236328,2598,0.0,0.0
2024-09-09 15:57:00-04:00,14.729999542236328,14.729999542236328,14.720000267028809,14.725000381469727,3320,0.0,0.0
2024-09-09 15:58:00-04:00,14.729999542236328,14.729999542236328,14.710000038146973,14.710000038146973,6247,0.0,0.0
2024-09-09 15:59:00-04:00,14.710000038146973,14.710000038146973,14.699999809265137,14.699999809265137,13065,0.0,0.0
2024-09-10 09:30:00-04:00,14.75,14.75,14.75,14.75,5418,0.0,0.0
2024-09-10 09:32:00-04:00,14.65999984741211,14.65999984741211,14.65999984741211,14.65999984741211,753,0.0,0.0
2024-09-10 09:33:00-04:00,14.619999885559082,14.630000114440918,14.619999885559082,14.630000114440918,927,0.0,0.0
2024-09-10 09:34:00-04:00,14.600000381469727,14.600000381469727,14.600000381469727,14.600000381469727,721,0.0,0.0
2024-09-10 09:35:00-04:00,14.569999694824219,14.569999694824219,14.569999694824219,14.569999694824219,381,0.0,0.0
2024-09-10 09:37:00-04:00,14.609999656677246,14.609999656677246,14.609999656677246,14.609999656677246,181,0.0,0.0
2024-09-10 09:39:00-04:00,14.609999656677246,14.609999656677246,14.5600004196167,14.609999656677246,675,0.0,0.0
2024-09-10 09:41:00-04:00,14.614999771118164,14.614999771118164,14.614999771118164,14.614999771118164,199,0.0,0.0
2024-09-10 09:42:00-04:00,14.619999885559082,14.65999984741211,14.619999885559082,14.65999984741211,2212,0.0,0.0
2024-09-10 09:43:00-04:00,14.680000305175781,14.680000305175781,14.680000305175781,14.680000305175781,642,0.0,0.0
2024-09-10 09:45:00-04:00,14.6899995803833,14.739999771118164,14.6899995803833,14.739999771118164,1565,0.0,0.0
2024-09-10 09:46:00-04:00,14.739999771118164,14.739999771118164,14.720000267028809,14.720000267028809,1488,0.0,0.0
2024-09-10 09:47:00-04:00,14.720000267028809,14.720000267028809,14.720000267028809,14.720000267028809,688,0.0,0.0
2024-09-10 09:51:00-04:00,14.720000267028809,14.720000267028809,14.720000267028809,14.720000267028809,407,0.0,0.0
2024-09-10 09:52:00-04:00,14.6899995803833,14.6899995803833,14.6899995803833,14.6899995803833,498,0.0,0.0
2024-09-10 09:57:00-04:00,14.6899995803833,14.699899673461914,14.670000076293945,14.6899995803833,2676,0.0,0.0
2024-09-10 09:58:00-04:00,14.6899995803833,14.6899995803833,14.680000305175781,14.680000305175781,210,0.0,0.0
2024-09-10 09:59:00-04:00,14.710000038146973,14.710000038146973,14.694999694824219,14.704999923706055,4699,0.0,0.0
2024-09-10 10:00:00-04:00,14.704999923706055,14.704999923706055,14.664999961853027,14.664999961853027,2110,0.0,0.0
2024-09-10 10:01:00-04:00,14.65999984741211,14.65999984741211,14.65999984741211,14.65999984741211,856,0.0,0.0
2024-09-10 10:02:00-04:00,14.65999984741211,14.664999961853027,14.65999984741211,14.65999984741211,779,0.0,0.0
2024-09-10 10:04:00-04:00,14.65999984741211,14.670000076293945,14.65999984741211,14.670000076293945,2031,0.0,0.0
2024-09-10 10:05:00-04:00,14.649999618530273,14.649999618530273,14.640000343322754,14.640000343322754,617,0.0,0.0
2024-09-10 10:06:00-04:00,14.600000381469727,14.600000381469727,14.569999694824219,14.569999694824219,416,0.0,0.0
2024-09-10 10:08:00-04:00,14.59000015258789,14.59000015258789,14.59000015258789,14.59000015258789,1772,0.0,0.0
2024-09-10 10:09:00-04:00,14.609999656677246,14.619999885559082,14.609999656677246,14.614999771118164,957,0.0,0.0
2024-09-10 10:10:00-04:00,14.59000015258789,14.59000015258789,14.59000015258789,14.59000015258789,704,0.0,0.0
2024-09-10 10:11:00-04:00,14.579999923706055,14.579999923706055,14.5,14.5,862,0.0,0.0
2024-09-10 10:12:00-04:00,14.494999885559082,14.538999557495117,14.494999885559082,14.529999732971191,4727,0.0,0.0
2024-09-10 10:13:00-04:00,14.510000228881836,14.515000343322754,14.510000228881836,14.515000343322754,644,0.0,0.0
2024-09-10 10:14:00-04:00,14.505000114440918,14.505000114440918,14.505000114440918,14.505000114440918,2758,0.0,0.0
2024-09-10 10:15:00-04:00,14.505000114440918,14.505000114440918,14.505000114440918,14.505000114440918,135,0.0,0.0
2024-09-10 10:16:00-04:00,14.505000114440918,14.505000114440918,14.505000114440918,14.505000114440918,660,0.0,0.0
2024-09-10 10:17:00-04:00,14.520000457763672,14.550000190734863,14.515000343322754,14.550000190734863,4570,0.0,0.0
2024-09-10 10:18:00-04:00,14.550000190734863,14.550000190734863,14.550000190734863,14.550000190734863,162,0.0,0.0
2024-09-10 10:19:00-04:00,14.550000190734863,14.550000190734863,14.550000190734863,14.550000190734863,149,0.0,0.0
2024-09-10 10:20:00-04:00,14.550000190734863,14.550000190734863,14.550000190734863,14.550000190734863,479,0.0,0.0
2024-09-10 10:21:00-04:00,14.529999732971191,14.529999732971191,14.510000228881836,14.529999732971191,1708,0.0,0.0
2024-09-10 10:23:00-04:00,14.529999732971191,14.539999961853027,14.529999732971191,14.529999732971191,838,0.0,0.0
2024-09-10 10:25:00-04:00,14.520299911499023,14.529999732971191,14.520299911499023,14.529999732971191,437,0.0,0.0
2024-09-10 10:26:00-04:00,14.539999961853027,14.539999961853027,14.539999961853027,14.539999961853027,1174,0.0,0.0
2024-09-10 10:28:00-04:00,14.539999961853027,14.539999961853027,14.520000457763672,14.520000457763672,1391,0.0,0.0
2024-09-10 10:29:00-04:00,14.520000457763672,14.550000190734863,14.520000457763672,14.550000190734863,992,0.0,0.0
2024-09-10 10:30:00-04:00,14.539999961853027,14.539999961853027,14.539999961853027,14.539999961853027,404,0.0,0.0
2024-09-10 10:31:00-04:00,14.520400047302246,14.53600025177002,14.5,14.5,1222,0.0,0.0
2024-09-10 10:37:00-04:00,14.510000228881836,14.510000228881836,14.510000228881836,14.510000228881836,799,0.0,0.0
2024-09-10 10:38:00-04:00,14.510000228881836,14.520000457763672,14.510000228881836,14.520000457763672,655,0.0,0.0
2024-09-10 10:39:00-04:00,14.539999961853027,14.539999961853027,14.539999961853027,14.539999961853027,285,0.0,0.0
2024-09-10 10:41:00-04:00,14.53499984741211,14.550000190734863,14.53499984741211,14.550000190734863,910,0.0,0.0
2024-09-10 10:42:00-04:00,14.545000076293945,14.545000076293945,14.545000076293945,14.545000076293945,581,0.0,0.0
2024-09-10 10:45:00-04:00,14.529999732971191,14.529999732971191,14.529999732971191,14.529999732971191,125,0.0,0.0
2024-09-10 10:46:00-04:00,14.550000190734863,14.550000190734863,14.550000190734863,14.550000190734863,531,0.0,0.0
2024-09-10 10:48:00-04:00,14.550000190734863,14.579999923706055,14.550000190734863,14.579999923706055,1167,0.0,0.0
2024-09-10 10:49:00-04:00,14.579999923706055,14.579999923706055,14.579999923706055,14.579999923706055,343,0.0,0.0
2024-09-10 10:50:00-04:00,14.579999923706055,14.579999923706055,14.569999694824219,14.579999923706055,1417,0.0,0.0
2024-09-10 10:51:00-04:00,14.550000190734863,14.550000190734863,14.550000190734863,14.550000190734863,387,0.0,0.0
2024-09-10 10:53:00-04:00,14.539999961853027,14.539999961853027,14.539999961853027,14.539999961853027,326,0.0,0.0
2024-09-10 10:58:00-04:00,14.510000228881836,14.520000457763672,14.510000228881836,14.520000457763672,2346,0.0,0.0
2024-09-10 10:59:00-04:00,14.510000228881836,14.510000228881836,14.510000228881836,14.510000228881836,192,0.0,0.0
2024-09-10 11:00:00-04:00,14.510000228881836,14.510000228881836,14.5,14.5,6570,0.0,0.0
2024-09-10 11:01:00-04:00,14.479999542236328,14.479999542236328,14.477499961853027,14.477499961853027,409,0.0,0.0
2024-09-10 11:02:00-04:00,14.510000228881836,14.520000457763672,14.510000228881836,14.520000457763672,1413,0.0,0.0
2024-09-10 11:06:00-04:00,14.529999732971191,14.529999732971191,14.515000343322754,14.515000343322754,2586,0.0,0.0
2024-09-10 11:07:00-04:00,14.510000228881836,14.510000228881836,14.510000228881836,14.510000228881836,535,0.0,0.0
2024-09-10 11:09:00-04:00,14.520000457763672,14.539999961853027,14.520000457763672,14.539999961853027,776,0.0,0.0
2024-09-10 11:10:00-04:00,14.550000190734863,14.550000190734863,14.550000190734863,14.550000190734863,515,0.0,0.0
2024-09-10 11:12:00-04:00,14.539999961853027,14.539999961853027,14.529999732971191,14.529999732971191,767,0.0,0.0
2024-09-10 11:15:00-04:00,14.53499984741211,14.53499984741211,14.53499984741211,14.53499984741211,261,0.0,0.0
2024-09-10 11:16:00-04:00,14.539999961853027,14.539999961853027,14.539999961853027,14.539999961853027,175,0.0,0.0
2024-09-10 11:18:00-04:00,14.529999732971191,14.539999961853027,14.529999732971191,14.539999961853027,1832,0.0,0.0
2024-09-10 11:20:00-04:00,14.539999961853027,14.539999961853027,14.539999961853027,14.539999961853027,648,0.0,0.0
2024-09-10 11:24:00-04:00,14.539999961853027,14.539999961853027,14.539999961853027,14.539999961853027,101,0.0,0.0
2024-09-10 11:25:00-04:00,14.550000190734863,14.5600004196167,14.550000190734863,14.5600004196167,2139,0.0,0.0
2024-09-10 11:26:00-04:00,14.5600004196167,14.5600004196167,14.5600004196167,14.5600004196167,182,0.0,0.0
2024-09-10 11:27:00-04:00,14.5600004196167,14.5600004196167,14.5600004196167,14.5600004196167,384,0.0,0.0
2024-09-10 11:28:00-04:00,14.55090045928955,14.55090045928955,14.539999961853027,14.539999961853027,2077,0.0,0.0
2024-09-10 11:29:00-04:00,14.53499984741211,14.53499984741211,14.53499984741211,14.53499984741211,946,0.0,0.0
2024-09-10 11:32:00-04:00,14.529999732971191,14.529999732971191,14.529999732971191,14.529999732971191,227,0.0,0.0
2024-09-10 11:33:00-04:00,14.520000457763672,14.520000457763672,14.520000457763672,14.520000457763672,999,0.0,0.0
2024-09-10 11:36:00-04:00,14.5,14.5,14.430000305175781,14.475000381469727,8366,0.0,0.0
2024-09-10 11:37:00-04:00,14.470000267028809,14.489999771118164,14.449999809265137,14.489999771118164,1588,0.0,0.0
2024-09-10 11:41:00-04:00,14.489999771118164,14.489999771118164,14.489999771118164,14.489999771118164,102,0.0,0.0
2024-09-10 11:43:00-04:00,14.489999771118164,14.489999771118164,14.489999771118164,14.489999771118164,784,0.0,0.0
2024-09-10 11:44:00-04:00,14.479999542236328,14.479999542236328,14.479999542236328,14.479999542236328,200,0.0,0.0
2024-09-10 11:45:00-04:00,14.470000267028809,14.470000267028809,14.454999923706055,14.454999923706055,1139,0.0,0.0
2024-09-10 11:46:00-04:00,14.470000267028809,14.470000267028809,14.460000038146973,14.460000038146973,628,0.0,0.0
2024-09-10 11:48:00-04:00,14.449999809265137,14.449999809265137,14.449999809265137,14.449999809265137,566,0.0,0.0
2024-09-10 11:49:00-04:00,14.4350004196167,14.460000038146973,14.4350004196167,14.449999809265137,2902,0.0,0.0
2024-09-10 11:53:00-04:00,14.460000038146973,14.470000267028809,14.460000038146973,14.470000267028809,463,0.0,0.0
2024-09-10 11:54:00-04:00,14.470000267028809,14.470000267028809,14.470000267028809,14.470000267028809,856,0.0,0.0
2024-09-10 11:55:00-04:00,14.450900077819824,14.450900077819824,14.450900077819824,14.450900077819824,307,0.0,0.0
2024-09-10 11:56:00-04:00,14.46500015258789,14.46500015258789,14.46500015258789,14.46500015258789,141,0.0,0.0
2024-09-10 11:58:00-04:00,14.449999809265137,14.449999809265137,14.449999809265137,14.449999809265137,822,0.0,0.0
2024-09-10 11:59:00-04:00,14.449999809265137,14.449999809265137,14.449999809265137,14.449999809265137,305,0.0,0.0
2024-09-10 12:00:00-04:00,14.4399995803833,14.449999809265137,14.4399995803833,14.449999809265137,832,0.0,0.0
2024-09-10 12:01:00-04:00,14.4399995803833,14.4399995803833,14.4399995803833,14.4399995803833,159,0.0,0.0
2024-09-10 12:02:00-04:00,14.444999694824219,14.444999694824219,14.444999694824219,14.444999694824219,145,0.0,0.0
2024-09-10 12:06:00-04:00,14.460000038146973,14.460000038146973,14.460000038146973,14.460000038146973,1321,0.0,0.0
2024-09-10 12:07:00-04:00,14.460000038146973,14.460000038146973,14.444999694824219,14.444999694824219,1521,0.0,0.0
2024-09-10 12:09:00-04:00,14.449999809265137,14.460000038146973,14.449999809265137,14.460000038146973,680,0.0,0.0
2024-09-10 12:14:00-04:00,14.4399995803833,14.4399995803833,14.4399995803833,14.4399995803833,657,0.0,0.0
2024-09-10 12:16:00-04:00,14.4399995803833,14.449999809265137,14.4399995803833,14.449999809265137,1701,0.0,0.0
2024-09-10 12:17:00-04:00,14.449999809265137,14.449999809265137,14.449999809265137,14.449999809265137,603,0.0,0.0
2024-09-10 12:20:00-04:00,14.460000038146973,14.479999542236328,14.460000038146973,14.479999542236328,3286,0.0,0.0
2024-09-10 12:21:00-04:00,14.479999542236328,14.479999542236328,14.479999542236328,14.479999542236328,187,0.0,0.0
2024-09-10 12:23:00-04:00,14.470000267028809,14.475000381469727,14.460000038146973,14.460000038146973,2066,0.0,0.0
2024-09-10 12:26:00-04:00,14.460000038146973,14.46500015258789,14.4399995803833,14.46500015258789,3197,0.0,0.0
2024-09-10 12:29:00-04:00,14.46500015258789,14.46500015258789,14.46500015258789,14.46500015258789,505,0.0,0.0
2024-09-10 12:30:00-04:00,14.470000267028809,14.470000267028809,14.470000267028809,14.470000267028809,405,0.0,0.0
2024-09-10 12:33:00-04:00,14.479999542236328,14.479999542236328,14.479999542236328,14.479999542236328,1125,0.0,0.0
2024-09-10 12:35:00-04:00,14.489999771118164,14.5,14.489999771118164,14.5,1007,0.0,0.0
2024-09-10 12:36:00-04:00,14.5,14.5,14.5,14.5,596,0.0,0.0
2024-09-10 12:37:00-04:00,14.520000457763672,14.520000457763672,14.520000457763672,14.520000457763672,488,0.0,0.0
2024-09-10 12:38:00-04:00,14.53499984741211,14.53499984741211,14.53499984741211,14.53499984741211,252,0.0,0.0
2024-09-10 12:39:00-04:00,14.53499984741211,14.53499984741211,14.53499984741211,14.53499984741211,247,0.0,0.0
2024-09-10 12:40:00-04:00,14.539999961853027,14.579999923706055,14.539999961853027,14.579999923706055,1512,0.0,0.0
2024-09-10 12:41:00-04:00,14.579999923706055,14.579999923706055,14.550000190734863,14.550000190734863,2081,0.0,0.0
2024-09-10 12:44:00-04:00,14.529999732971191,14.539999961853027,14.529999732971191,14.539999961853027,2258,0.0,0.0
2024-09-10 12:45:00-04:00,14.550000190734863,14.550000190734863,14.550000190734863,14.550000190734863,260,0.0,0.0
2024-09-10 12:46:00-04:00,14.550000190734863,14.550000190734863,14.550000190734863,14.550000190734863,228,0.0,0.0
2024-09-10 12:49:00-04:00,14.539999961853027,14.539999961853027,14.539999961853027,14.539999961853027,242,0.0,0.0
2024-09-10 12:51:00-04:00,14.550999641418457,14.550999641418457,14.550999641418457,14.550999641418457,806,0.0,0.0
2024-09-10 12:53:00-04:00,14.5600004196167,14.5600004196167,14.5600004196167,14.5600004196167,840,0.0,0.0
2024-09-10 12:55:00-04:00,14.5600004196167,14.5600004196167,14.5600004196167,14.5600004196167,3032,0.0,0.0
2024-09-10 12:59:00-04:00,14.5600004196167,14.5600004196167,14.5600004196167,14.5600004196167,332,0.0,0.0
2024-09-10 13:01:00-04:00,14.5600004196167,14.5600004196167,14.5600004196167,14.5600004196167,215,0.0,0.0
2024-09-10 13:02:00-04:00,14.5600004196167,14.5600004196167,14.5600004196167,14.5600004196167,183,0.0,0.0
2024-09-10 13:03:00-04:00,14.5600004196167,14.5600004196167,14.5600004196167,14.5600004196167,200,0.0,0.0
2024-09-10 13:04:00-04:00,14.5600004196167,14.5600004196167,14.550000190734863,14.550000190734863,712,0.0,0.0
2024-09-10 13:06:00-04:00,14.555000305175781,14.555000305175781,14.545000076293945,14.545000076293945,2226,0.0,0.0
2024-09-10 13:07:00-04:00,14.539999961853027,14.539999961853027,14.529999732971191,14.529999732971191,935,0.0,0.0
2024-09-10 13:08:00-04:00,14.539999961853027,14.539999961853027,14.529999732971191,14.529999732971191,1012,0.0,0.0
2024-09-10 13:09:00-04:00,14.550000190734863,14.5600004196167,14.550000190734863,14.550000190734863,1244,0.0,0.0
2024-09-10 13:10:00-04:00,14.5600004196167,14.5600004196167,14.5600004196167,14.5600004196167,649,0.0,0.0
2024-09-10 13:12:00-04:00,14.569999694824219,14.569999694824219,14.569999694824219,14.569999694824219,1477,0.0,0.0
2024-09-10 13:13:00-04:00,14.59000015258789,14.609999656677246,14.59000015258789,14.609999656677246,2065,0.0,0.0
2024-09-10 13:14:00-04:00,14.59000015258789,14.59000015258789,14.579999923706055,14.579999923706055,1186,0.0,0.0
2024-09-10 13:16:00-04:00,14.579999923706055,14.579999923706055,14.579999923706055,14.579999923706055,260,0.0,0.0
2024-09-10 13:19:00-04:00,14.569999694824219,14.569999694824219,14.569999694824219,14.569999694824219,716,0.0,0.0
2024-09-10 13:20:00-04:00,14.560400009155273,14.560400009155273,14.550000190734863,14.550000190734863,1919,0.0,0.0
2024-09-10 13:22:00-04:00,14.539999961853027,14.539999961853027,14.539999961853027,14.539999961853027,207,0.0,0.0
2024-09-10 13:24:00-04:00,14.539999961853027,14.550000190734863,14.539999961853027,14.545000076293945,1434,0.0,0.0
2024-09-10 13:25:00-04:00,14.529999732971191,14.529999732971191,14.529999732971191,14.529999732971191,847,0.0,0.0
2024-09-10 13:27:00-04:00,14.529999732971191,14.529999732971191,14.529999732971191,14.529999732971191,250,0.0,0.0
2024-09-10 13:30:00-04:00,14.53499984741211,14.53499984741211,14.515000343322754,14.515000343322754,2362,0.0,0.0
2024-09-10 13:32:00-04:00,14.510000228881836,14.510000228881836,14.510000228881836,14.510000228881836,194,0.0,0.0
2024-09-10 13:33:00-04:00,14.510000228881836,14.510000228881836,14.510000228881836,14.510000228881836,250,0.0,0.0
2024-09-10 13:35:00-04:00,14.520000457763672,14.524999618530273,14.520000457763672,14.524999618530273,769,0.0,0.0
2024-09-10 13:36:00-04:00,14.529999732971191,14.529999732971191,14.529999732971191,14.529999732971191,690,0.0,0.0
2024-09-10 13:38:00-04:00,14.520600318908691,14.529999732971191,14.520600318908691,14.529999732971191,1431,0.0,0.0
2024-09-10 13:39:00-04:00,14.529999732971191,14.529999732971191,14.529999732971191,14.529999732971191,226,0.0,0.0
2024-09-10 13:40:00-04:00,14.529999732971191,14.529999732971191,14.529999732971191,14.529999732971191,310,0.0,0.0
2024-09-10 13:42:00-04:00,14.520000457763672,14.520000457763672,14.5,14.5,2575,0.0,0.0
2024-09-10 13:43:00-04:00,14.494999885559082,14.494999885559082,14.494999885559082,14.494999885559082,466,0.0,0.0
2024-09-10 13:46:00-04:00,14.479999542236328,14.479999542236328,14.479999542236328,14.479999542236328,127,0.0,0.0
2024-09-10 13:48:00-04:00,14.479999542236328,14.479999542236328,14.479999542236328,14.479999542236328,112,0.0,0.0
2024-09-10 13:50:00-04:00,14.479999542236328,14.479999542236328,14.470000267028809,14.470000267028809,1444,0.0,0.0
2024-09-10 13:51:00-04:00,14.460000038146973,14.460000038146973,14.460000038146973,14.460000038146973,207,0.0,0.0
2024-09-10 13:53:00-04:00,14.460000038146973,14.460000038146973,14.449999809265137,14.449999809265137,1210,0.0,0.0
2024-09-10 13:54:00-04:00,14.4399995803833,14.4399995803833,14.430000305175781,14.430000305175781,865,0.0,0.0
2024-09-10 13:55:00-04:00,14.430000305175781,14.430000305175781,14.430000305175781,14.430000305175781,637,0.0,0.0
2024-09-10 13:58:00-04:00,14.4399995803833,14.4399995803833,14.4399995803833,14.4399995803833,207,0.0,0.0
2024-09-10 13:59:00-04:00,14.4399995803833,14.4399995803833,14.4399995803833,14.4399995803833,125,0.0,0.0
2024-09-10 14:00:00-04:00,14.449999809265137,14.475000381469727,14.449999809265137,14.475000381469727,4450,0.0,0.0
2024-09-10 14:02:00-04:00,14.470000267028809,14.470000267028809,14.470000267028809,14.470000267028809,286,0.0,0.0
2024-09-10 14:04:00-04:00,14.479999542236328,14.489999771118164,14.479999542236328,14.489999771118164,726,0.0,0.0
2024-09-10 14:05:00-04:00,14.484999656677246,14.484999656677246,14.475000381469727,14.475000381469727,1005,0.0,0.0
2024-09-10 14:08:00-04:00,14.489299774169922,14.489299774169922,14.489299774169922,14.489299774169922,205,0.0,0.0
2024-09-10 14:09:00-04:00,14.484999656677246,14.484999656677246,14.484999656677246,14.484999656677246,201,0.0,0.0
2024-09-10 14:10:00-04:00,14.484999656677246,14.48859977722168,14.484999656677246,14.484999656677246,947,0.0,0.0
2024-09-10 14:11:00-04:00,14.484999656677246,14.484999656677246,14.484999656677246,14.484999656677246,305,0.0,0.0
2024-09-10 14:12:00-04:00,14.484999656677246,14.489999771118164,14.479999542236328,14.489999771118164,2892,0.0,0.0
2024-09-10 14:13:00-04:00,14.479999542236328,14.479999542236328,14.479999542236328,14.479999542236328,377,0.0,0.0
2024-09-10 14:14:00-04:00,14.479999542236328,14.479999542236328,14.479999542236328,14.479999542236328,347,0.0,0.0
2024-09-10 14:16:00-04:00,14.479999542236328,14.479999542236328,14.479999542236328,14.479999542236328,273,0.0,0.0
2024-09-10 14:17:00-04:00,14.489999771118164,14.494999885559082,14.489999771118164,14.494999885559082,621,0.0,0.0
2024-09-10 14:18:00-04:00,14.5,14.5,14.494999885559082,14.494999885559082,360,0.0,0.0
2024-09-10 14:19:00-04:00,14.5,14.5,14.5,14.5,568,0.0,0.0
2024-09-10 14:20:00-04:00,14.5,14.5,14.5,14.5,181,0.0,0.0
2024-09-10 14:21:00-04:00,14.510000228881836,14.510000228881836,14.510000228881836,14.510000228881836,469,0.0,0.0
2024-09-10 14:22:00-04:00,14.5,14.5,14.479999542236328,14.479999542236328,2603,0.0,0.0
2024-09-10 14:23:00-04:00,14.489999771118164,14.489999771118164,14.489999771118164,14.489999771118164,937,0.0,0.0
2024-09-10 14:24:00-04:00,14.5,14.5,14.5,14.5,305,0.0,0.0
2024-09-10 14:26:00-04:00,14.5,14.5,14.5,14.5,900,0.0,0.0
2024-09-10 14:27:00-04:00,14.510000228881836,14.510000228881836,14.510000228881836,14.510000228881836,693,0.0,0.0
2024-09-10 14:29:00-04:00,14.520000457763672,14.550000190734863,14.520000457763672,14.550000190734863,1001,0.0,0.0
2024-09-10 14:30:00-04:00,14.529999732971191,14.529999732971191,14.529999732971191,14.529999732971191,628,0.0,0.0
2024-09-10 14:31:00-04:00,14.529999732971191,14.529999732971191,14.529999732971191,14.529999732971191,534,0.0,0.0
2024-09-10 14:36:00-04:00,14.529999732971191,14.529999732971191,14.529999732971191,14.529999732971191,889,0.0,0.0
2024-09-10 14:40:00-04:00,14.529999732971191,14.529999732971191,14.529999732971191,14.529999732971191,220,0.0,0.0
2024-09-10 14:41:00-04:00,14.520000457763672,14.520000457763672,14.520000457763672,14.520000457763672,1113,0.0,0.0
2024-09-10 14:43:00-04:00,14.5,14.5,14.5,14.5,509,0.0,0.0
2024-09-10 14:46:00-04:00,14.510000228881836,14.510000228881836,14.510000228881836,14.510000228881836,476,0.0,0.0
2024-09-10 14:47:00-04:00,14.510000228881836,14.510000228881836,14.510000228881836,14.510000228881836,216,0.0,0.0
2024-09-10 14:48:00-04:00,14.510000228881836,14.510000228881836,14.510000228881836,14.510000228881836,903,0.0,0.0
2024-09-10 14:50:00-04:00,14.510000228881836,14.510000228881836,14.5,14.505000114440918,548,0.0,0.0
2024-09-10 14:51:00-04:00,14.5,14.5,14.5,14.5,1073,0.0,0.0
2024-09-10 14:52:00-04:00,14.510000228881836,14.510000228881836,14.510000228881836,14.510000228881836,334,0.0,0.0
2024-09-10 14:53:00-04:00,14.505000114440918,14.505000114440918,14.505000114440918,14.505000114440918,561,0.0,0.0
2024-09-10 14:54:00-04:00,14.510000228881836,14.510000228881836,14.505000114440918,14.510000228881836,1552,0.0,0.0
2024-09-10 14:55:00-04:00,14.515000343322754,14.515000343322754,14.5,14.5,1410,0.0,0.0
2024-09-10 14:56:00-04:00,14.494999885559082,14.5,14.494999885559082,14.5,533,0.0,0.0
2024-09-10 14:57:00-04:00,14.489999771118164,14.489999771118164,14.489999771118164,14.489999771118164,1238,0.0,0.0
2024-09-10 14:58:00-04:00,14.484999656677246,14.484999656677246,14.484999656677246,14.484999656677246,216,0.0,0.0
2024-09-10 15:00:00-04:00,14.479999542236328,14.489999771118164,14.475000381469727,14.489999771118164,3524,0.0,0.0
2024-09-10 15:01:00-04:00,14.489999771118164,14.489999771118164,14.489999771118164,14.489999771118164,121,0.0,0.0
2024-09-10 15:02:00-04:00,14.489999771118164,14.489999771118164,14.489999771118164,14.489999771118164,536,0.0,0.0
2024-09-10 15:04:00-04:00,14.489999771118164,14.489999771118164,14.489999771118164,14.489999771118164,341,0.0,0.0
2024-09-10 15:05:00-04:00,14.5,14.5,14.5,14.5,1134,0.0,0.0
2024-09-10 15:06:00-04:00,14.5,14.5,14.5,14.5,662,0.0,0.0
2024-09-10 15:07:00-04:00,14.489999771118164,14.494999885559082,14.484999656677246,14.484999656677246,1999,0.0,0.0
2024-09-10 15:10:00-04:00,14.489999771118164,14.489999771118164,14.489999771118164,14.489999771118164,959,0.0,0.0
2024-09-10 15:11:00-04:00,14.489999771118164,14.489999771118164,14.489999771118164,14.489999771118164,1022,0.0,0.0
2024-09-10 15:12:00-04:00,14.479999542236328,14.479999542236328,14.470000267028809,14.470000267028809,859,0.0,0.0
2024-09-10 15:13:00-04:00,14.479999542236328,14.489999771118164,14.479999542236328,14.489999771118164,1151,0.0,0.0
2024-09-10 15:15:00-04:00,14.489999771118164,14.489999771118164,14.489999771118164,14.489999771118164,423,0.0,0.0
2024-09-10 15:17:00-04:00,14.479999542236328,14.489999771118164,14.479999542236328,14.489999771118164,360,0.0,0.0
2024-09-10 15:18:00-04:00,14.489999771118164,14.489999771118164,14.489999771118164,14.489999771118164,1773,0.0,0.0
2024-09-10 15:19:00-04:00,14.484999656677246,14.484999656677246,14.484999656677246,14.484999656677246,292,0.0,0.0
2024-09-10 15:20:00-04:00,14.489999771118164,14.510000228881836,14.489999771118164,14.510000228881836,3012,0.0,0.0
2024-09-10 15:22:00-04:00,14.520000457763672,14.550000190734863,14.520000457763672,14.550000190734863,2619,0.0,0.0
2024-09-10 15:23:00-04:00,14.539999961853027,14.539999961853027,14.529999732971191,14.539999961853027,1827,0.0,0.0
2024-09-10 15:25:00-04:00,14.539999961853027,14.539999961853027,14.539999961853027,14.539999961853027,583,0.0,0.0
2024-09-10 15:26:00-04:00,14.550000190734863,14.550000190734863,14.539999961853027,14.539999961853027,933,0.0,0.0
2024-09-10 15:27:00-04:00,14.539999961853027,14.539999961853027,14.529999732971191,14.529999732971191,1348,0.0,0.0
2024-09-10 15:28:00-04:00,14.529999732971191,14.529999732971191,14.520000457763672,14.520000457763672,1689,0.0,0.0
2024-09-10 15:29:00-04:00,14.520000457763672,14.520000457763672,14.520000457763672,14.520000457763672,573,0.0,0.0
2024-09-10 15:30:00-04:00,14.510000228881836,14.524999618530273,14.510000228881836,14.524999618530273,2566,0.0,0.0
2024-09-10 15:31:00-04:00,14.529999732971191,14.529999732971191,14.520000457763672,14.520000457763672,1953,0.0,0.0
2024-09-10 15:32:00-04:00,14.524999618530273,14.524999618530273,14.510000228881836,14.510000228881836,1146,0.0,0.0
2024-09-10 15:33:00-04:00,14.5,14.5,14.5,14.5,757,0.0,0.0
2024-09-10 15:34:00-04:00,14.5,14.5,14.5,14.5,1391,0.0,0.0
2024-09-10 15:35:00-04:00,14.510000228881836,14.510000228881836,14.484999656677246,14.484999656677246,2810,0.0,0.0
2024-09-10 15:36:00-04:00,14.479999542236328,14.479999542236328,14.470000267028809,14.470000267028809,690,0.0,0.0
2024-09-10 15:37:00-04:00,14.470000267028809,14.470000267028809,14.46500015258789,14.46500015258789,821,0.0,0.0
2024-09-10 15:38:00-04:00,14.460000038146973,14.460000038146973,14.449999809265137,14.449999809265137,1325,0.0,0.0
2024-09-10 15:39:00-04:00,14.460000038146973,14.460000038146973,14.444999694824219,14.444999694824219,3343,0.0,0.0
2024-09-10 15:40:00-04:00,14.449999809265137,14.449999809265137,14.4399995803833,14.449999809265137,1706,0.0,0.0
2024-09-10 15:41:00-04:00,14.4399995803833,14.4399995803833,14.4399995803833,14.4399995803833,1380,0.0,0.0
2024-09-10 15:42:00-04:00,14.4399995803833,14.479999542236328,14.4399995803833,14.479999542236328,3956,0.0,0.0
2024-09-10 15:43:00-04:00,14.489999771118164,14.490099906921387,14.460000038146973,14.484999656677246,5352,0.0,0.0
2024-09-10 15:44:00-04:00,14.489999771118164,14.489999771118164,14.4798002243042,14.4798002243042,953,0.0,0.0
2024-09-10 15:45:00-04:00,14.479999542236328,14.489999771118164,14.479999542236328,14.484999656677246,1225,0.0,0.0
2024-09-10 15:46:00-04:00,14.489999771118164,14.489999771118164,14.489999771118164,14.489999771118164,1002,0.0,0.0
2024-09-10 15:47:00-04:00,14.5,14.510000228881836,14.5,14.5,1245,0.0,0.0
2024-09-10 15:48:00-04:00,14.489999771118164,14.5,14.489999771118164,14.489999771118164,2056,0.0,0.0
2024-09-10 15:49:00-04:00,14.494999885559082,14.520000457763672,14.494999885559082,14.520000457763672,1968,0.0,0.0
2024-09-10 15:50:00-04:00,14.539999961853027,14.5600004196167,14.529999732971191,14.529999732971191,3372,0.0,0.0
2024-09-10 15:51:00-04:00,14.53499984741211,14.545000076293945,14.524999618530273,14.537500381469727,3037,0.0,0.0
2024-09-10 15:52:00-04:00,14.539999961853027,14.539999961853027,14.53499984741211,14.539999961853027,1953,0.0,0.0
2024-09-10 15:53:00-04:00,14.53499984741211,14.53499984741211,14.520000457763672,14.53499984741211,1957,0.0,0.0
2024-09-10 15:54:00-04:00,14.520000457763672,14.520000457763672,14.510000228881836,14.510000228881836,2600,0.0,0.0
2024-09-10 15:55:00-04:00,14.515000343322754,14.520000457763672,14.489999771118164,14.489999771118164,4742,0.0,0.0
2024-09-10 15:56:00-04:00,14.5,14.505000114440918,14.489999771118164,14.494999885559082,6739,0.0,0.0
2024-09-10 15:57:00-04:00,14.5,14.505000114440918,14.489999771118164,14.489999771118164,8220,0.0,0.0
2024-09-10 15:58:00-04:00,14.5,14.515000343322754,14.489999771118164,14.489999771118164,6506,0.0,0.0
2024-09-10 15:59:00-04:00,14.5,14.5,14.479999542236328,14.479999542236328,9155,0.0,0.0
2024-09-11 09:30:00-04:00,14.420000076293945,14.420000076293945,14.420000076293945,14.420000076293945,1807,0.0,0.0
2024-09-11 09:34:00-04:00,14.359999656677246,14.359999656677246,14.359999656677246,14.359999656677246,144,0.0,0.0
2024-09-11 09:35:00-04:00,14.350000381469727,14.350000381469727,14.25,14.3100004196167,2097,0.0,0.0
2024-09-11 09:40:00-04:00,14.3100004196167,14.369999885559082,14.3100004196167,14.369999885559082,1657,0.0,0.0
2024-09-11 09:43:00-04:00,14.385000228881836,14.385000228881836,14.385000228881836,14.385000228881836,110,0.0,0.0
2024-09-11 09:44:00-04:00,14.385000228881836,14.385000228881836,14.385000228881836,14.385000228881836,313,0.0,0.0
2024-09-11 09:45:00-04:00,14.390000343322754,14.390000343322754,14.390000343322754,14.390000343322754,204,0.0,0.0
2024-09-11 09:46:00-04:00,14.399999618530273,14.399999618530273,14.399999618530273,14.399999618530273,365,0.0,0.0
2024-09-11 09:50:00-04:00,14.399999618530273,14.399999618530273,14.359999656677246,14.364999771118164,2503,0.0,0.0
2024-09-11 09:51:00-04:00,14.364999771118164,14.364999771118164,14.329999923706055,14.329999923706055,925,0.0,0.0
2024-09-11 09:58:00-04:00,14.25,14.270000457763672,14.25,14.270000457763672,1580,0.0,0.0
2024-09-11 10:00:00-04:00,14.220000267028809,14.220000267028809,14.220000267028809,14.220000267028809,887,0.0,0.0
2024-09-11 10:02:00-04:00,14.210000038146973,14.22249984741211,14.210000038146973,14.22249984741211,1038,0.0,0.0
2024-09-11 10:04:00-04:00,14.1899995803833,14.1899995803833,14.15999984741211,14.15999984741211,1517,0.0,0.0
2024-09-11 10:08:00-04:00,14.149999618530273,14.149999618530273,14.119999885559082,14.119999885559082,3657,0.0,0.0
2024-09-11 10:10:00-04:00,14.114999771118164,14.114999771118164,14.109999656677246,14.109999656677246,559,0.0,0.0
2024-09-11 10:11:00-04:00,14.109999656677246,14.119999885559082,14.109999656677246,14.119999885559082,688,0.0,0.0
2024-09-11 10:12:00-04:00,14.140000343322754,14.140000343322754,14.140000343322754,14.140000343322754,226,0.0,0.0
2024-09-11 10:13:00-04:00,14.140000343322754,14.170000076293945,14.140000343322754,14.170000076293945,714,0.0,0.0
2024-09-11 10:14:00-04:00,14.170000076293945,14.170000076293945,14.149999618530273,14.149999618530273,632,0.0,0.0
2024-09-11 10:15:00-04:00,14.140000343322754,14.140000343322754,14.130000114440918,14.130000114440918,640,0.0,0.0
2024-09-11 10:17:00-04:00,14.149999618530273,14.149999618530273,14.145000457763672,14.145000457763672,702,0.0,0.0
2024-09-11 10:19:00-04:00,14.140000343322754,14.140000343322754,14.140000343322754,14.140000343322754,301,0.0,0.0
2024-09-11 10:20:00-04:00,14.130000114440918,14.130000114440918,14.109999656677246,14.130000114440918,2643,0.0,0.0
2024-09-11 10:21:00-04:00,14.130000114440918,14.149999618530273,14.130000114440918,14.149999618530273,447,0.0,0.0
2024-09-11 10:22:00-04:00,14.149999618530273,14.1899995803833,14.149999618530273,14.180000305175781,2475,0.0,0.0
2024-09-11 10:23:00-04:00,14.1899995803833,14.1899995803833,14.1899995803833,14.1899995803833,300,0.0,0.0
2024-09-11 10:24:00-04:00,14.170000076293945,14.170000076293945,14.15999984741211,14.15999984741211,588,0.0,0.0
2024-09-11 10:26:00-04:00,14.170000076293945,14.170000076293945,14.170000076293945,14.170000076293945,595,0.0,0.0
2024-09-11 10:28:00-04:00,14.199999809265137,14.239999771118164,14.199999809265137,14.239999771118164,1584,0.0,0.0
2024-09-11 10:29:00-04:00,14.229999542236328,14.229999542236328,14.180000305175781,14.180000305175781,1442,0.0,0.0
2024-09-11 10:30:00-04:00,14.15999984741211,14.170000076293945,14.15999984741211,14.170000076293945,1228,0.0,0.0
2024-09-11 10:35:00-04:00,14.130000114440918,14.130000114440918,14.130000114440918,14.130000114440918,463,0.0,0.0
2024-09-11 10:38:00-04:00,14.130000114440918,14.130000114440918,14.130000114440918,14.130000114440918,1121,0.0,0.0
2024-09-11 10:43:00-04:00,14.130000114440918,14.140000343322754,14.130000114440918,14.140000343322754,1003,0.0,0.0
2024-09-11 10:45:00-04:00,14.140000343322754,14.140000343322754,14.109999656677246,14.109999656677246,1646,0.0,0.0
2024-09-11 10:46:00-04:00,14.100000381469727,14.109999656677246,14.100000381469727,14.109999656677246,871,0.0,0.0
2024-09-11 10:47:00-04:00,14.109999656677246,14.109999656677246,14.109999656677246,14.109999656677246,636,0.0,0.0
2024-09-11 10:50:00-04:00,14.119999885559082,14.119999885559082,14.119999885559082,14.119999885559082,226,0.0,0.0
2024-09-11 10:52:00-04:00,14.109999656677246,14.109999656677246,14.09000015258789,14.09000015258789,706,0.0,0.0
2024-09-11 10:54:00-04:00,14.100000381469727,14.109999656677246,14.100000381469727,14.109999656677246,729,0.0,0.0
2024-09-11 10:55:00-04:00,14.100000381469727,14.100000381469727,14.100000381469727,14.100000381469727,468,0.0,0.0
2024-09-11 10:58:00-04:00,14.109999656677246,14.114999771118164,14.109999656677246,14.114999771118164,697,0.0,0.0
2024-09-11 10:59:00-04:00,14.119999885559082,14.119999885559082,14.100000381469727,14.100000381469727,415,0.0,0.0
2024-09-11 11:00:00-04:00,14.109999656677246,14.119999885559082,14.109999656677246,14.109999656677246,1333,0.0,0.0
2024-09-11 11:02:00-04:00,14.100000381469727,14.100000381469727,14.100000381469727,14.100000381469727,173,0.0,0.0
2024-09-11 11:03:00-04:00,14.100000381469727,14.119999885559082,14.100000381469727,14.119999885559082,249,0.0,0.0
2024-09-11 11:04:00-04:00,14.119999885559082,14.170000076293945,14.119999885559082,14.140000343322754,5959,0.0,0.0
2024-09-11 11:05:00-04:00,14.130000114440918,14.130000114440918,14.119999885559082,14.119999885559082,540,0.0,0.0
2024-09-11 11:08:00-04:00,14.130000114440918,14.130000114440918,14.130000114440918,14.130000114440918,201,0.0,0.0
2024-09-11 11:09:00-04:00,14.109999656677246,14.109999656677246,14.109999656677246,14.109999656677246,294,0.0,0.0
2024-09-11 11:10:00-04:00,14.109999656677246,14.109999656677246,14.109999656677246,14.109999656677246,535,0.0,0.0
2024-09-11 11:11:00-04:00,14.119999885559082,14.119999885559082,14.119999885559082,14.119999885559082,134,0.0,0.0
2024-09-11 11:12:00-04:00,14.130000114440918,14.140000343322754,14.130000114440918,14.140000343322754,409,0.0,0.0
2024-09-11 11:13:00-04:00,14.140000343322754,14.140000343322754,14.135000228881836,14.135000228881836,587,0.0,0.0
2024-09-11 11:14:00-04:00,14.130000114440918,14.130000114440918,14.130000114440918,14.130000114440918,304,0.0,0.0
2024-09-11 11:15:00-04:00,14.119999885559082,14.140000343322754,14.119999885559082,14.140000343322754,1380,0.0,0.0
2024-09-11 11:16:00-04:00,14.220000267028809,14.220000267028809,14.220000267028809,14.220000267028809,1436,0.0,0.0
2024-09-11 11:17:00-04:00,14.1899995803833,14.1899995803833,14.1899995803833,14.1899995803833,131,0.0,0.0
2024-09-11 11:19:00-04:00,14.193699836730957,14.199999809265137,14.1899995803833,14.199999809265137,986,0.0,0.0
2024-09-11 11:20:00-04:00,14.180000305175781,14.210000038146973,14.180000305175781,14.210000038146973,391,0.0,0.0
2024-09-11 11:21:00-04:00,14.1899995803833,14.225000381469727,14.1899995803833,14.225000381469727,2234,0.0,0.0
2024-09-11 11:22:00-04:00,14.220000267028809,14.229999542236328,14.220000267028809,14.229999542236328,413,0.0,0.0
2024-09-11 11:23:00-04:00,14.229999542236328,14.229999542236328,14.229999542236328,14.229999542236328,171,0.0,0.0
2024-09-11 11:25:00-04:00,14.229999542236328,14.229999542236328,14.229999542236328,14.229999542236328,127,0.0,0.0
2024-09-11 11:26:00-04:00,14.229999542236328,14.229999542236328,14.229999542236328,14.229999542236328,189,0.0,0.0
2024-09-11 11:28:00-04:00,14.25,14.25,14.220000267028809,14.229999542236328,522,0.0,0.0
2024-09-11 11:29:00-04:00,14.229999542236328,14.25,14.229999542236328,14.25,345,0.0,0.0
2024-09-11 11:30:00-04:00,14.239999771118164,14.239999771118164,14.239999771118164,14.239999771118164,220,0.0,0.0
2024-09-11 11:31:00-04:00,14.25,14.25,14.25,14.25,397,0.0,0.0
2024-09-11 11:32:00-04:00,14.255000114440918,14.255000114440918,14.255000114440918,14.255000114440918,382,0.0,0.0
2024-09-11 11:34:00-04:00,14.260000228881836,14.265000343322754,14.260000228881836,14.265000343322754,398,0.0,0.0
2024-09-11 11:36:00-04:00,14.265000343322754,14.270000457763672,14.265000343322754,14.270000457763672,251,0.0,0.0
2024-09-11 11:38:00-04:00,14.260000228881836,14.260000228881836,14.239999771118164,14.260000228881836,2346,0.0,0.0
2024-09-11 11:42:00-04:00,14.260000228881836,14.260000228881836,14.260000228881836,14.260000228881836,664,0.0,0.0
2024-09-11 11:45:00-04:00,14.260000228881836,14.260000228881836,14.260000228881836,14.260000228881836,357,0.0,0.0
2024-09-11 11:46:00-04:00,14.270000457763672,14.300000190734863,14.270000457763672,14.300000190734863,1433,0.0,0.0
2024-09-11 11:47:00-04:00,14.289999961853027,14.300000190734863,14.279999732971191,14.279999732971191,1142,0.0,0.0
2024-09-11 11:48:00-04:00,14.279999732971191,14.279999732971191,14.279999732971191,14.279999732971191,603,0.0,0.0
2024-09-11 11:50:00-04:00,14.279999732971191,14.289999961853027,14.274999618530273,14.279999732971191,1342,0.0,0.0
2024-09-11 11:53:00-04:00,14.270000457763672,14.270000457763672,14.260000228881836,14.270000457763672,1235,0.0,0.0
2024-09-11 11:54:00-04:00,14.270000457763672,14.270000457763672,14.260000228881836,14.260000228881836,524,0.0,0.0
2024-09-11 11:55:00-04:00,14.239999771118164,14.260000228881836,14.239999771118164,14.255000114440918,2308,0.0,0.0
2024-09-11 11:56:00-04:00,14.239999771118164,14.239999771118164,14.21500015258789,14.21500015258789,832,0.0,0.0
2024-09-11 11:57:00-04:00,14.220000267028809,14.229999542236328,14.220000267028809,14.229999542236328,581,0.0,0.0
2024-09-11 12:01:00-04:00,14.244999885559082,14.244999885559082,14.244999885559082,14.244999885559082,112,0.0,0.0
2024-09-11 12:03:00-04:00,14.25,14.260000228881836,14.25,14.260000228881836,526,0.0,0.0
2024-09-11 12:04:00-04:00,14.270000457763672,14.270000457763672,14.270000457763672,14.270000457763672,145,0.0,0.0
2024-09-11 12:05:00-04:00,14.274999618530273,14.289999961853027,14.274999618530273,14.289999961853027,594,0.0,0.0
2024-09-11 12:06:00-04:00,14.289999961853027,14.289999961853027,14.289999961853027,14.289999961853027,287,0.0,0.0
2024-09-11 12:07:00-04:00,14.305000305175781,14.305000305175781,14.305000305175781,14.305000305175781,101,0.0,0.0
2024-09-11 12:08:00-04:00,14.289999961853027,14.289999961853027,14.279999732971191,14.289999961853027,539,0.0,0.0
2024-09-11 12:09:00-04:00,14.279999732971191,14.279999732971191,14.279999732971191,14.279999732971191,250,0.0,0.0
2024-09-11 12:12:00-04:00,14.279999732971191,14.279999732971191,14.279999732971191,14.279999732971191,329,0.0,0.0
2024-09-11 12:13:00-04:00,14.289999961853027,14.289999961853027,14.270000457763672,14.270000457763672,327,0.0,0.0
2024-09-11 12:15:00-04:00,14.289999961853027,14.3100004196167,14.289999961853027,14.3100004196167,619,0.0,0.0
2024-09-11 12:16:00-04:00,14.279999732971191,14.279999732971191,14.279999732971191,14.279999732971191,558,0.0,0.0
2024-09-11 12:18:00-04:00,14.279999732971191,14.279999732971191,14.279999732971191,14.279999732971191,357,0.0,0.0
2024-09-11 12:19:00-04:00,14.279999732971191,14.279999732971191,14.279999732971191,14.279999732971191,283,0.0,0.0
2024-09-11 12:22:00-04:00,14.28499984741211,14.28499984741211,14.28499984741211,14.28499984741211,168,0.0,0.0
2024-09-11 12:23:00-04:00,14.279999732971191,14.279999732971191,14.270000457763672,14.270000457763672,1181,0.0,0.0
2024-09-11 12:24:00-04:00,14.265000343322754,14.28499984741211,14.265000343322754,14.28499984741211,1002,0.0,0.0
2024-09-11 12:26:00-04:00,14.279999732971191,14.279999732971191,14.279999732971191,14.279999732971191,260,0.0,0.0
2024-09-11 12:29:00-04:00,14.28499984741211,14.289999961853027,14.25,14.274999618530273,3207,0.0,0.0
2024-09-11 12:31:00-04:00,14.295000076293945,14.295000076293945,14.295000076293945,14.295000076293945,267,0.0,0.0
2024-09-11 12:37:00-04:00,14.289999961853027,14.289999961853027,14.289999961853027,14.289999961853027,254,0.0,0.0
2024-09-11 12:39:00-04:00,14.289999961853027,14.295000076293945,14.289999961853027,14.295000076293945,203,0.0,0.0
2024-09-11 12:40:00-04:00,14.295000076293945,14.295000076293945,14.260000228881836,14.279999732971191,2844,0.0,0.0
2024-09-11 12:41:00-04:00,14.260000228881836,14.270000457763672,14.260000228881836,14.270000457763672,609,0.0,0.0
2024-09-11 12:43:00-04:00,14.270000457763672,14.270000457763672,14.270000457763672,14.270000457763672,192,0.0,0.0
2024-09-11 12:49:00-04:00,14.263999938964844,14.28499984741211,14.263999938964844,14.28499984741211,1338,0.0,0.0
2024-09-11 12:52:00-04:00,14.289999961853027,14.295000076293945,14.289999961853027,14.295000076293945,263,0.0,0.0
2024-09-11 12:53:00-04:00,14.280099868774414,14.3100004196167,14.274999618530273,14.274999618530273,4349,0.0,0.0
2024-09-11 12:54:00-04:00,14.279999732971191,14.289999961853027,14.279999732971191,14.289999961853027,4540,0.0,0.0
2024-09-11 12:57:00-04:00,14.270000457763672,14.270000457763672,14.270000457763672,14.270000457763672,386,0.0,0.0
2024-09-11 12:58:00-04:00,14.270000457763672,14.270000457763672,14.270000457763672,14.270000457763672,310,0.0,0.0
2024-09-11 13:01:00-04:00,14.279999732971191,14.279999732971191,14.279999732971191,14.279999732971191,259,0.0,0.0
2024-09-11 13:02:00-04:00,14.289999961853027,14.295000076293945,14.289999961853027,14.295000076293945,461,0.0,0.0
2024-09-11 13:03:00-04:00,14.295000076293945,14.295000076293945,14.295000076293945,14.295000076293945,104,0.0,0.0
2024-09-11 13:05:00-04:00,14.289999961853027,14.289999961853027,14.289999961853027,14.289999961853027,871,0.0,0.0
2024-09-11 13:06:00-04:00,14.289999961853027,14.289999961853027,14.289999961853027,14.289999961853027,227,0.0,0.0
2024-09-11 13:07:00-04:00,14.300000190734863,14.3100004196167,14.300000190734863,14.3100004196167,389,0.0,0.0
2024-09-11 13:08:00-04:00,14.300000190734863,14.300000190734863,14.300000190734863,14.300000190734863,616,0.0,0.0
2024-09-11 13:09:00-04:00,14.300000190734863,14.3100004196167,14.300000190734863,14.3100004196167,859,0.0,0.0
2024-09-11 13:11:00-04:00,14.319999694824219,14.335000038146973,14.319999694824219,14.335000038146973,464,0.0,0.0
2024-09-11 13:12:00-04:00,14.34000015258789,14.345000267028809,14.34000015258789,14.345000267028809,606,0.0,0.0
2024-09-11 13:14:00-04:00,14.330100059509277,14.330100059509277,14.330100059509277,14.330100059509277,136,0.0,0.0
2024-09-11 13:15:00-04:00,14.329999923706055,14.329999923706055,14.329999923706055,14.329999923706055,167,0.0,0.0
2024-09-11 13:17:00-04:00,14.338000297546387,14.350000381469727,14.338000297546387,14.350000381469727,907,0.0,0.0
2024-09-11 13:19:00-04:00,14.350000381469727,14.350000381469727,14.347999572753906,14.350000381469727,998,0.0,0.0
2024-09-11 13:20:00-04:00,14.34000015258789,14.34000015258789,14.34000015258789,14.34000015258789,1189,0.0,0.0
2024-09-11 13:22:00-04:00,14.350000381469727,14.350000381469727,14.350000381469727,14.350000381469727,116,0.0,0.0
2024-09-11 13:23:00-04:00,14.350000381469727,14.350000381469727,14.350000381469727,14.350000381469727,191,0.0,0.0
2024-09-11 13:24:00-04:00,14.34000015258789,14.34000015258789,14.34000015258789,14.34000015258789,384,0.0,0.0
2024-09-11 13:28:00-04:00,14.34000015258789,14.350000381469727,14.34000015258789,14.350000381469727,318,0.0,0.0
2024-09-11 13:29:00-04:00,14.350000381469727,14.350000381469727,14.34000015258789,14.350000381469727,1602,0.0,0.0
2024-09-11 13:32:00-04:00,14.359999656677246,14.359999656677246,14.359999656677246,14.359999656677246,803,0.0,0.0
2024-09-11 13:33:00-04:00,14.350000381469727,14.350000381469727,14.350000381469727,14.350000381469727,492,0.0,0.0
2024-09-11 13:36:00-04:00,14.350000381469727,14.350000381469727,14.350000381469727,14.350000381469727,1173,0.0,0.0
2024-09-11 13:40:00-04:00,14.359999656677246,14.359999656677246,14.350000381469727,14.350000381469727,486,0.0,0.0
2024-09-11 13:45:00-04:00,14.34000015258789,14.350000381469727,14.34000015258789,14.350000381469727,464,0.0,0.0
2024-09-11 13:47:00-04:00,14.359999656677246,14.364999771118164,14.359999656677246,14.364999771118164,1410,0.0,0.0
2024-09-11 13:48:00-04:00,14.369799613952637,14.369999885559082,14.369799613952637,14.369999885559082,885,0.0,0.0
2024-09-11 13:50:00-04:00,14.390000343322754,14.390000343322754,14.390000343322754,14.390000343322754,220,0.0,0.0
2024-09-11 13:52:00-04:00,14.380000114440918,14.390000343322754,14.380000114440918,14.380000114440918,901,0.0,0.0
2024-09-11 13:53:00-04:00,14.38070011138916,14.388400077819824,14.380000114440918,14.380000114440918,2732,0.0,0.0
2024-09-11 13:54:00-04:00,14.380000114440918,14.390000343322754,14.350000381469727,14.350000381469727,3287,0.0,0.0
2024-09-11 13:57:00-04:00,14.354999542236328,14.354999542236328,14.350000381469727,14.350000381469727,2308,0.0,0.0
2024-09-11 13:59:00-04:00,14.35949993133545,14.359999656677246,14.354999542236328,14.354999542236328,836,0.0,0.0
2024-09-11 14:00:00-04:00,14.354999542236328,14.354999542236328,14.354999542236328,14.354999542236328,239,0.0,0.0
2024-09-11 14:01:00-04:00,14.354999542236328,14.354999542236328,14.354999542236328,14.354999542236328,132,0.0,0.0
2024-09-11 14:02:00-04:00,14.359999656677246,14.359999656677246,14.359999656677246,14.359999656677246,114,0.0,0.0
2024-09-11 14:03:00-04:00,14.359999656677246,14.359999656677246,14.359999656677246,14.359999656677246,629,0.0,0.0
2024-09-11 14:04:00-04:00,14.364999771118164,14.364999771118164,14.364999771118164,14.364999771118164,204,0.0,0.0
2024-09-11 14:06:00-04:00,14.369999885559082,14.375,14.369999885559082,14.375,503,0.0,0.0
2024-09-11 14:11:00-04:00,14.375,14.375,14.375,14.375,585,0.0,0.0
2024-09-11 14:13:00-04:00,14.369999885559082,14.369999885559082,14.345000267028809,14.345000267028809,1614,0.0,0.0
2024-09-11 14:14:00-04:00,14.350000381469727,14.359999656677246,14.350000381469727,14.359999656677246,960,0.0,0.0
2024-09-11 14:15:00-04:00,14.350000381469727,14.350000381469727,14.350000381469727,14.350000381469727,305,0.0,0.0
2024-09-11 14:16:00-04:00,14.359999656677246,14.369999885559082,14.359999656677246,14.369999885559082,1052,0.0,0.0
2024-09-11 14:17:00-04:00,14.364999771118164,14.364999771118164,14.364999771118164,14.364999771118164,308,0.0,0.0
2024-09-11 14:18:00-04:00,14.369999885559082,14.369999885559082,14.369999885559082,14.369999885559082,229,0.0,0.0
2024-09-11 14:21:00-04:00,14.369999885559082,14.380000114440918,14.369999885559082,14.380000114440918,1115,0.0,0.0
2024-09-11 14:26:00-04:00,14.420000076293945,14.420000076293945,14.420000076293945,14.420000076293945,104,0.0,0.0
2024-09-11 14:27:00-04:00,14.420000076293945,14.4399995803833,14.420000076293945,14.4399995803833,858,0.0,0.0
2024-09-11 14:28:00-04:00,14.430000305175781,14.4399995803833,14.430000305175781,14.4399995803833,660,0.0,0.0
2024-09-11 14:29:00-04:00,14.449899673461914,14.449899673461914,14.449899673461914,14.449899673461914,240,0.0,0.0
2024-09-11 14:31:00-04:00,14.449999809265137,14.449999809265137,14.444999694824219,14.444999694824219,2011,0.0,0.0
2024-09-11 14:32:00-04:00,14.449999809265137,14.449999809265137,14.449999809265137,14.449999809265137,232,0.0,0.0
2024-09-11 14:34:00-04:00,14.460000038146973,14.479999542236328,14.460000038146973,14.479999542236328,422,0.0,0.0
2024-09-11 14:35:00-04:00,14.470000267028809,14.470000267028809,14.460000038146973,14.460000038146973,1125,0.0,0.0
2024-09-11 14:37:00-04:00,14.470000267028809,14.470000267028809,14.470000267028809,14.470000267028809,365,0.0,0.0
2024-09-11 14:40:00-04:00,14.489999771118164,14.489999771118164,14.489999771118164,14.489999771118164,184,0.0,0.0
2024-09-11 14:41:00-04:00,14.510000228881836,14.510000228881836,14.510000228881836,14.510000228881836,121,0.0,0.0
2024-09-11 14:42:00-04:00,14.5,14.510000228881836,14.5,14.510000228881836,1067,0.0,0.0
2024-09-11 14:43:00-04:00,14.510000228881836,14.510000228881836,14.510000228881836,14.510000228881836,206,0.0,0.0
2024-09-11 14:44:00-04:00,14.5,14.5,14.5,14.5,376,0.0,0.0
2024-09-11 14:45:00-04:00,14.489999771118164,14.5,14.489999771118164,14.5,366,0.0,0.0
2024-09-11 14:46:00-04:00,14.5,14.5,14.489999771118164,14.494999885559082,1909,0.0,0.0
2024-09-11 14:47:00-04:00,14.5,14.5,14.5,14.5,136,0.0,0.0
2024-09-11 14:48:00-04:00,14.5,14.5,14.494000434875488,14.494000434875488,400,0.0,0.0
2024-09-11 14:49:00-04:00,14.5,14.5,14.5,14.5,444,0.0,0.0
2024-09-11 14:50:00-04:00,14.5,14.5,14.489999771118164,14.489999771118164,1212,0.0,0.0
2024-09-11 14:51:00-04:00,14.479999542236328,14.479999542236328,14.475000381469727,14.475000381469727,1463,0.0,0.0
2024-09-11 14:53:00-04:00,14.460000038146973,14.460000038146973,14.449999809265137,14.449999809265137,250,0.0,0.0
2024-09-11 14:54:00-04:00,14.449999809265137,14.449999809265137,14.449999809265137,14.449999809265137,985,0.0,0.0
2024-09-11 15:00:00-04:00,14.449999809265137,14.470000267028809,14.449999809265137,14.470000267028809,3258,0.0,0.0
2024-09-11 15:01:00-04:00,14.479999542236328,14.479999542236328,14.479999542236328,14.479999542236328,252,0.0,0.0
2024-09-11 15:03:00-04:00,14.484999656677246,14.484999656677246,14.484999656677246,14.484999656677246,438,0.0,0.0
2024-09-11 15:04:00-04:00,14.484999656677246,14.484999656677246,14.479999542236328,14.479999542236328,1392,0.0,0.0
2024-09-11 15:05:00-04:00,14.489999771118164,14.489999771118164,14.489999771118164,14.489999771118164,251,0.0,0.0
2024-09-11 15:06:00-04:00,14.489999771118164,14.5,14.489999771118164,14.5,950,0.0,0.0
2024-09-11 15:07:00-04:00,14.5,14.5,14.5,14.5,812,0.0,0.0
2024-09-11 15:09:00-04:00,14.510000228881836,14.510000228881836,14.510000228881836,14.510000228881836,348,0.0,0.0
2024-09-11 15:12:00-04:00,14.510000228881836,14.510000228881836,14.510000228881836,14.510000228881836,165,0.0,0.0
2024-09-11 15:13:00-04:00,14.510000228881836,14.510000228881836,14.510000228881836,14.510000228881836,1078,0.0,0.0
2024-09-11 15:15:00-04:00,14.520000457763672,14.520000457763672,14.520000457763672,14.520000457763672,877,0.0,0.0
2024-09-11 15:17:00-04:00,14.529999732971191,14.529999732971191,14.520000457763672,14.520000457763672,1408,0.0,0.0
2024-09-11 15:18:00-04:00,14.529999732971191,14.529999732971191,14.524999618530273,14.524999618530273,221,0.0,0.0
2024-09-11 15:19:00-04:00,14.524999618530273,14.524999618530273,14.524999618530273,14.524999618530273,246,0.0,0.0
2024-09-11 15:21:00-04:00,14.529999732971191,14.529999732971191,14.529999732971191,14.529999732971191,594,0.0,0.0
2024-09-11 15:22:00-04:00,14.539999961853027,14.545000076293945,14.539999961853027,14.539999961853027,1013,0.0,0.0
2024-09-11 15:23:00-04:00,14.539999961853027,14.540200233459473,14.539999961853027,14.540200233459473,613,0.0,0.0
2024-09-11 15:24:00-04:00,14.550000190734863,14.550000190734863,14.545000076293945,14.550000190734863,792,0.0,0.0
2024-09-11 15:25:00-04:00,14.5600004196167,14.5649995803833,14.5600004196167,14.5649995803833,458,0.0,0.0
2024-09-11 15:26:00-04:00,14.5600004196167,14.5600004196167,14.550000190734863,14.550000190734863,1684,0.0,0.0
2024-09-11 15:27:00-04:00,14.550000190734863,14.550000190734863,14.550000190734863,14.550000190734863,430,0.0,0.0
2024-09-11 15:29:00-04:00,14.550000190734863,14.5600004196167,14.550000190734863,14.5600004196167,1032,0.0,0.0
2024-09-11 15:30:00-04:00,14.550000190734863,14.550000190734863,14.545000076293945,14.550000190734863,1508,0.0,0.0
2024-09-11 15:31:00-04:00,14.5600004196167,14.5600004196167,14.5600004196167,14.5600004196167,404,0.0,0.0
2024-09-11 15:33:00-04:00,14.550000190734863,14.569999694824219,14.539999961853027,14.569999694824219,1152,0.0,0.0
2024-09-11 15:34:00-04:00,14.5600004196167,14.569999694824219,14.5600004196167,14.569999694824219,1116,0.0,0.0
2024-09-11 15:35:00-04:00,14.609999656677246,14.609999656677246,14.609999656677246,14.609999656677246,1234,0.0,0.0
2024-09-11 15:37:00-04:00,14.59000015258789,14.59000015258789,14.59000015258789,14.59000015258789,579,0.0,0.0
2024-09-11 15:38:00-04:00,14.609999656677246,14.609999656677246,14.579999923706055,14.579999923706055,2351,0.0,0.0
2024-09-11 15:39:00-04:00,14.5600004196167,14.5600004196167,14.555000305175781,14.555000305175781,642,0.0,0.0
2024-09-11 15:40:00-04:00,14.550000190734863,14.5600004196167,14.550000190734863,14.550000190734863,807,0.0,0.0
2024-09-11 15:41:00-04:00,14.550000190734863,14.5600004196167,14.550000190734863,14.555000305175781,830,0.0,0.0
2024-09-11 15:42:00-04:00,14.5600004196167,14.5600004196167,14.555000305175781,14.555000305175781,856,0.0,0.0
2024-09-11 15:43:00-04:00,14.5600004196167,14.5600004196167,14.5600004196167,14.5600004196167,696,0.0,0.0
2024-09-11 15:44:00-04:00,14.559000015258789,14.559000015258789,14.559000015258789,14.559000015258789,311,0.0,0.0
2024-09-11 15:46:00-04:00,14.585000038146973,14.585000038146973,14.550000190734863,14.5600004196167,3436,0.0,0.0
2024-09-11 15:47:00-04:00,14.550000190734863,14.550000190734863,14.550000190734863,14.550000190734863,427,0.0,0.0
2024-09-11 15:48:00-04:00,14.555000305175781,14.555000305175781,14.555000305175781,14.555000305175781,447,0.0,0.0
2024-09-11 15:49:00-04:00,14.5600004196167,14.59000015258789,14.5600004196167,14.59000015258789,1160,0.0,0.0
2024-09-11 15:50:00-04:00,14.579999923706055,14.579999923706055,14.5649995803833,14.569999694824219,2074,0.0,0.0
2024-09-11 15:51:00-04:00,14.5649995803833,14.569999694824219,14.550000190734863,14.550000190734863,2024,0.0,0.0
2024-09-11 15:52:00-04:00,14.559000015258789,14.5600004196167,14.550000190734863,14.5600004196167,1057,0.0,0.0
2024-09-11 15:53:00-04:00,14.5649995803833,14.569999694824219,14.5649995803833,14.5649995803833,1183,0.0,0.0
2024-09-11 15:54:00-04:00,14.569999694824219,14.569999694824219,14.550000190734863,14.550000190734863,2692,0.0,0.0
2024-09-11 15:55:00-04:00,14.5600004196167,14.569999694824219,14.550000190734863,14.5600004196167,4251,0.0,0.0
2024-09-11 15:56:00-04:00,14.550000190734863,14.555000305175781,14.550000190734863,14.550000190734863,1433,0.0,0.0
2024-09-11 15:57:00-04:00,14.550000190734863,14.550000190734863,14.529999732971191,14.529999732971191,6051,0.0,0.0
2024-09-11 15:58:00-04:00,14.53499984741211,14.5649995803833,14.520000457763672,14.5649995803833,4973,0.0,0.0
2024-09-11 15:59:00-04:00,14.5600004196167,14.574999809265137,14.539999961853027,14.550000190734863,8140,0.0,0.0
2024-09-12 09:30:00-04:00,14.75,14.75,14.75,14.75,5029,0.0,0.0
2024-09-12 09:39:00-04:00,14.734999656677246,14.734999656677246,14.734999656677246,14.734999656677246,157,0.0,0.0
2024-09-12 09:41:00-04:00,14.729999542236328,14.729999542236328,14.729999542236328,14.729999542236328,607,0.0,0.0
2024-09-12 09:45:00-04:00,14.739999771118164,14.75,14.739999771118164,14.75,1343,0.0,0.0
2024-09-12 09:47:00-04:00,14.680000305175781,14.680000305175781,14.670000076293945,14.670000076293945,264,0.0,0.0
2024-09-12 09:49:00-04:00,14.640000343322754,14.640000343322754,14.640000343322754,14.640000343322754,377,0.0,0.0
2024-09-12 09:57:00-04:00,14.609999656677246,14.635000228881836,14.609999656677246,14.635000228881836,885,0.0,0.0
2024-09-12 10:00:00-04:00,14.5649995803833,14.5649995803833,14.5649995803833,14.5649995803833,464,0.0,0.0
2024-09-12 10:03:00-04:00,14.569999694824219,14.595000267028809,14.569999694824219,14.595000267028809,761,0.0,0.0
2024-09-12 10:04:00-04:00,14.579999923706055,14.59000015258789,14.574999809265137,14.59000015258789,916,0.0,0.0
2024-09-12 10:05:00-04:00,14.59000015258789,14.59000015258789,14.59000015258789,14.59000015258789,246,0.0,0.0
2024-09-12 10:06:00-04:00,14.600000381469727,14.600000381469727,14.600000381469727,14.600000381469727,160,0.0,0.0
2024-09-12 10:07:00-04:00,14.600000381469727,14.600000381469727,14.595000267028809,14.595000267028809,535,0.0,0.0
2024-09-12 10:10:00-04:00,14.609999656677246,14.609999656677246,14.59000015258789,14.59000015258789,997,0.0,0.0
2024-09-12 10:12:00-04:00,14.579999923706055,14.579999923706055,14.579999923706055,14.579999923706055,616,0.0,0.0
2024-09-12 10:14:00-04:00,14.600000381469727,14.600000381469727,14.600000381469727,14.600000381469727,527,0.0,0.0
2024-09-12 10:15:00-04:00,14.595000267028809,14.595000267028809,14.5600004196167,14.5600004196167,1888,0.0,0.0
2024-09-12 10:21:00-04:00,14.595000267028809,14.595000267028809,14.595000267028809,14.595000267028809,284,0.0,0.0
2024-09-12 10:23:00-04:00,14.619999885559082,14.619999885559082,14.614999771118164,14.614999771118164,436,0.0,0.0
2024-09-12 10:24:00-04:00,14.600000381469727,14.600000381469727,14.59000015258789,14.59000015258789,673,0.0,0.0
2024-09-12 10:28:00-04:00,14.630000114440918,14.630000114440918,14.630000114440918,14.630000114440918,243,0.0,0.0
2024-09-12 10:29:00-04:00,14.640000343322754,14.640000343322754,14.640000343322754,14.640000343322754,178,0.0,0.0
2024-09-12 10:30:00-04:00,14.610099792480469,14.649999618530273,14.610099792480469,14.649999618530273,1100,0.0,0.0
2024-09-12 10:32:00-04:00,14.649999618530273,14.65999984741211,14.649999618530273,14.65999984741211,755,0.0,0.0
2024-09-12 10:34:00-04:00,14.699999809265137,14.75,14.699999809265137,14.75,5120,0.0,0.0
2024-09-12 10:35:00-04:00,14.739999771118164,14.739999771118164,14.710000038146973,14.739999771118164,1615,0.0,0.0
2024-09-12 10:39:00-04:00,14.75,14.770000457763672,14.739999771118164,14.760000228881836,1845,0.0,0.0
2024-09-12 10:40:00-04:00,14.739999771118164,14.739999771118164,14.739999771118164,14.739999771118164,827,0.0,0.0
2024-09-12 10:48:00-04:00,14.760000228881836,14.760000228881836,14.760000228881836,14.760000228881836,565,0.0,0.0
2024-09-12 10:52:00-04:00,14.729999542236328,14.75,14.729999542236328,14.75,357,0.0,0.0
2024-09-12 10:54:00-04:00,14.75,14.75,14.75,14.75,1314,0.0,0.0
2024-09-12 10:56:00-04:00,14.75,14.75,14.75,14.75,293,0.0,0.0
2024-09-12 10:57:00-04:00,14.744999885559082,14.760000228881836,14.744999885559082,14.760000228881836,415,0.0,0.0
2024-09-12 10:58:00-04:00,14.710000038146973,14.710000038146973,14.710000038146973,14.710000038146973,1114,0.0,0.0
2024-09-12 11:05:00-04:00,14.719900131225586,14.720000267028809,14.719900131225586,14.720000267028809,1082,0.0,0.0
2024-09-12 11:06:00-04:00,14.699999809265137,14.720000267028809,14.699999809265137,14.720000267028809,280,0.0,0.0
2024-09-12 11:08:00-04:00,14.699999809265137,14.699999809265137,14.699999809265137,14.699999809265137,313,0.0,0.0
2024-09-12 11:12:00-04:00,14.739999771118164,14.739999771118164,14.739999771118164,14.739999771118164,1096,0.0,0.0
2024-09-12 11:14:00-04:00,14.760000228881836,14.789999961853027,14.760000228881836,14.789999961853027,980,0.0,0.0
2024-09-12 11:15:00-04:00,14.78499984741211,14.78499984741211,14.760000228881836,14.760000228881836,1628,0.0,0.0
2024-09-12 11:20:00-04:00,14.760000228881836,14.760000228881836,14.744999885559082,14.744999885559082,433,0.0,0.0
2024-09-12 11:21:00-04:00,14.770000457763672,14.770000457763672,14.765000343322754,14.765000343322754,253,0.0,0.0
2024-09-12 11:24:00-04:00,14.75,14.75,14.739999771118164,14.739999771118164,355,0.0,0.0
2024-09-12 11:26:00-04:00,14.744999885559082,14.744999885559082,14.744999885559082,14.744999885559082,356,0.0,0.0
2024-09-12 11:27:00-04:00,14.760000228881836,14.760000228881836,14.760000228881836,14.760000228881836,283,0.0,0.0
2024-09-12 11:31:00-04:00,14.760000228881836,14.770000457763672,14.760000228881836,14.770000457763672,770,0.0,0.0
2024-09-12 11:32:00-04:00,14.789999961853027,14.800000190734863,14.789999961853027,14.800000190734863,2612,0.0,0.0
2024-09-12 11:35:00-04:00,14.8100004196167,14.8100004196167,14.8100004196167,14.8100004196167,125,0.0,0.0
2024-09-12 11:37:00-04:00,14.788399696350098,14.788399696350098,14.788399696350098,14.788399696350098,279,0.0,0.0
2024-09-12 11:39:00-04:00,14.770000457763672,14.770000457763672,14.770000457763672,14.770000457763672,1382,0.0,0.0
2024-09-12 11:43:00-04:00,14.770000457763672,14.779999732971191,14.770000457763672,14.779999732971191,400,0.0,0.0
2024-09-12 11:44:00-04:00,14.760000228881836,14.760000228881836,14.760000228881836,14.760000228881836,658,0.0,0.0
2024-09-12 11:46:00-04:00,14.760000228881836,14.760000228881836,14.75,14.75,1662,0.0,0.0
2024-09-12 11:58:00-04:00,14.675000190734863,14.675000190734863,14.675000190734863,14.675000190734863,159,0.0,0.0
2024-09-12 12:01:00-04:00,14.680000305175781,14.680000305175781,14.680000305175781,14.680000305175781,118,0.0,0.0
2024-09-12 12:02:00-04:00,14.65999984741211,14.6899995803833,14.65999984741211,14.6899995803833,1218,0.0,0.0
2024-09-12 12:04:00-04:00,14.680000305175781,14.680000305175781,14.680000305175781,14.680000305175781,502,0.0,0.0
2024-09-12 12:05:00-04:00,14.670000076293945,14.675000190734863,14.670000076293945,14.670000076293945,898,0.0,0.0
2024-09-12 12:06:00-04:00,14.675000190734863,14.680000305175781,14.675000190734863,14.680000305175781,299,0.0,0.0
2024-09-12 12:09:00-04:00,14.6899995803833,14.6899995803833,14.6899995803833,14.6899995803833,748,0.0,0.0
2024-09-12 12:13:00-04:00,14.670000076293945,14.670000076293945,14.664999961853027,14.664999961853027,748,0.0,0.0
2024-09-12 12:15:00-04:00,14.670000076293945,14.670000076293945,14.670000076293945,14.670000076293945,706,0.0,0.0
2024-09-12 12:19:00-04:00,14.6899995803833,14.6899995803833,14.6899995803833,14.6899995803833,508,0.0,0.0
2024-09-12 12:20:00-04:00,14.6899995803833,14.6899995803833,14.6899995803833,14.6899995803833,135,0.0,0.0
2024-09-12 12:21:00-04:00,14.699999809265137,14.729999542236328,14.699999809265137,14.729999542236328,628,0.0,0.0
2024-09-12 12:23:00-04:00,14.704999923706055,14.704999923706055,14.699999809265137,14.699999809265137,412,0.0,0.0
2024-09-12 12:24:00-04:00,14.710000038146973,14.710000038146973,14.710000038146973,14.710000038146973,291,0.0,0.0
2024-09-12 12:27:00-04:00,14.6899995803833,14.699999809265137,14.6899995803833,14.699999809265137,704,0.0,0.0
2024-09-12 12:28:00-04:00,14.699999809265137,14.699999809265137,14.664999961853027,14.664999961853027,1517,0.0,0.0
2024-09-12 12:30:00-04:00,14.65999984741211,14.670000076293945,14.65999984741211,14.670000076293945,334,0.0,0.0
2024-09-12 12:32:00-04:00,14.65999984741211,14.65999984741211,14.65999984741211,14.65999984741211,192,0.0,0.0
2024-09-12 12:33:00-04:00,14.65999984741211,14.65999984741211,14.645000457763672,14.645000457763672,3634,0.0,0.0
2024-09-12 12:34:00-04:00,14.649999618530273,14.649999618530273,14.649999618530273,14.649999618530273,754,0.0,0.0
2024-09-12 12:35:00-04:00,14.649999618530273,14.649999618530273,14.619999885559082,14.619999885559082,1172,0.0,0.0
2024-09-12 12:36:00-04:00,14.609999656677246,14.609999656677246,14.609999656677246,14.609999656677246,170,0.0,0.0
2024-09-12 12:37:00-04:00,14.600000381469727,14.600000381469727,14.600000381469727,14.600000381469727,219,0.0,0.0
2024-09-12 12:39:00-04:00,14.600000381469727,14.600000381469727,14.600000381469727,14.600000381469727,381,0.0,0.0
2024-09-12 12:42:00-04:00,14.609999656677246,14.614999771118164,14.59000015258789,14.59000015258789,1792,0.0,0.0
2024-09-12 12:43:00-04:00,14.600000381469727,14.619999885559082,14.600000381469727,14.619999885559082,1456,0.0,0.0
2024-09-12 12:45:00-04:00,14.619999885559082,14.619999885559082,14.619999885559082,14.619999885559082,664,0.0,0.0
2024-09-12 12:48:00-04:00,14.619999885559082,14.619999885559082,14.619999885559082,14.619999885559082,244,0.0,0.0
2024-09-12 12:52:00-04:00,14.649999618530273,14.670000076293945,14.649999618530273,14.670000076293945,1969,0.0,0.0
2024-09-12 12:54:00-04:00,14.664999961853027,14.664999961853027,14.645000457763672,14.645000457763672,1650,0.0,0.0
2024-09-12 12:58:00-04:00,14.670000076293945,14.670000076293945,14.670000076293945,14.670000076293945,232,0.0,0.0
2024-09-12 12:59:00-04:00,14.680000305175781,14.680000305175781,14.680000305175781,14.680000305175781,353,0.0,0.0
2024-09-12 13:01:00-04:00,14.680000305175781,14.699999809265137,14.680000305175781,14.6899995803833,2973,0.0,0.0
2024-09-12 13:05:00-04:00,14.710000038146973,14.710000038146973,14.710000038146973,14.710000038146973,155,0.0,0.0
2024-09-12 13:06:00-04:00,14.710000038146973,14.710000038146973,14.710000038146973,14.710000038146973,111,0.0,0.0
2024-09-12 13:07:00-04:00,14.699999809265137,14.699999809265137,14.6899995803833,14.699999809265137,714,0.0,0.0
2024-09-12 13:11:00-04:00,14.699999809265137,14.699999809265137,14.6850004196167,14.6850004196167,1233,0.0,0.0
2024-09-12 13:12:00-04:00,14.670000076293945,14.670000076293945,14.670000076293945,14.670000076293945,596,0.0,0.0
2024-09-12 13:13:00-04:00,14.65999984741211,14.65999984741211,14.65999984741211,14.65999984741211,451,0.0,0.0
2024-09-12 13:16:00-04:00,14.65999984741211,14.65999984741211,14.65999984741211,14.65999984741211,740,0.0,0.0
2024-09-12 13:20:00-04:00,14.65999984741211,14.65999984741211,14.649999618530273,14.649999618530273,1141,0.0,0.0
2024-09-12 13:22:00-04:00,14.65999984741211,14.65999984741211,14.65999984741211,14.65999984741211,287,0.0,0.0
2024-09-12 13:23:00-04:00,14.6697998046875,14.670000076293945,14.6697998046875,14.670000076293945,579,0.0,0.0
2024-09-12 13:24:00-04:00,14.680000305175781,14.680000305175781,14.680000305175781,14.680000305175781,561,0.0,0.0
2024-09-12 13:25:00-04:00,14.670999526977539,14.670999526977539,14.649999618530273,14.65999984741211,5456,0.0,0.0
2024-09-12 13:26:00-04:00,14.65999984741211,14.65999984741211,14.65999984741211,14.65999984741211,236,0.0,0.0
2024-09-12 13:28:00-04:00,14.670000076293945,14.670000076293945,14.65999984741211,14.670000076293945,3560,0.0,0.0
2024-09-12 13:29:00-04:00,14.680000305175781,14.6899995803833,14.680000305175781,14.6899995803833,528,0.0,0.0
2024-09-12 13:30:00-04:00,14.6899995803833,14.710000038146973,14.6899995803833,14.704999923706055,1063,0.0,0.0
2024-09-12 13:31:00-04:00,14.704999923706055,14.704999923706055,14.6899995803833,14.699999809265137,483,0.0,0.0
2024-09-12 13:32:00-04:00,14.710000038146973,14.710000038146973,14.690099716186523,14.699999809265137,3523,0.0,0.0
2024-09-12 13:33:00-04:00,14.710000038146973,14.710000038146973,14.710000038146973,14.710000038146973,283,0.0,0.0
2024-09-12 13:35:00-04:00,14.729999542236328,14.729999542236328,14.729999542236328,14.729999542236328,419,0.0,0.0
2024-09-12 13:36:00-04:00,14.739999771118164,14.739999771118164,14.739999771118164,14.739999771118164,890,0.0,0.0
2024-09-12 13:41:00-04:00,14.739999771118164,14.739999771118164,14.729999542236328,14.729999542236328,729,0.0,0.0
2024-09-12 13:42:00-04:00,14.739999771118164,14.739999771118164,14.739999771118164,14.739999771118164,954,0.0,0.0
2024-09-12 13:45:00-04:00,14.744999885559082,14.744999885559082,14.73009967803955,14.73009967803955,588,0.0,0.0
2024-09-12 13:47:00-04:00,14.739999771118164,14.739999771118164,14.739999771118164,14.739999771118164,1410,0.0,0.0
2024-09-12 13:49:00-04:00,14.75,14.75,14.75,14.75,258,0.0,0.0
2024-09-12 13:50:00-04:00,14.75,14.770000457763672,14.75,14.770000457763672,1087,0.0,0.0
2024-09-12 13:52:00-04:00,14.760000228881836,14.760000228881836,14.760000228881836,14.760000228881836,687,0.0,0.0
2024-09-12 13:53:00-04:00,14.770000457763672,14.770000457763672,14.770000457763672,14.770000457763672,743,0.0,0.0
2024-09-12 13:56:00-04:00,14.779999732971191,14.779999732971191,14.779999732971191,14.779999732971191,346,0.0,0.0
2024-09-12 14:00:00-04:00,14.789999961853027,14.789999961853027,14.78499984741211,14.78499984741211,690,0.0,0.0
2024-09-12 14:04:00-04:00,14.779999732971191,14.779999732971191,14.779999732971191,14.779999732971191,229,0.0,0.0
2024-09-12 14:05:00-04:00,14.772100448608398,14.772100448608398,14.772100448608398,14.772100448608398,260,0.0,0.0
2024-09-12 14:06:00-04:00,14.770000457763672,14.770000457763672,14.760000228881836,14.760000228881836,1213,0.0,0.0
2024-09-12 14:08:00-04:00,14.770000457763672,14.770000457763672,14.770000457763672,14.770000457763672,2263,0.0,0.0
2024-09-12 14:09:00-04:00,14.760000228881836,14.760000228881836,14.739999771118164,14.739999771118164,686,0.0,0.0
2024-09-12 14:17:00-04:00,14.739999771118164,14.739999771118164,14.739999771118164,14.739999771118164,1712,0.0,0.0
2024-09-12 14:18:00-04:00,14.729999542236328,14.729999542236328,14.729999542236328,14.729999542236328,668,0.0,0.0
2024-09-12 14:21:00-04:00,14.710000038146973,14.710000038146973,14.710000038146973,14.710000038146973,328,0.0,0.0
2024-09-12 14:24:00-04:00,14.700200080871582,14.710000038146973,14.699999809265137,14.699999809265137,7254,0.0,0.0
2024-09-12 14:27:00-04:00,14.6899995803833,14.6899995803833,14.6899995803833,14.6899995803833,378,0.0,0.0
2024-09-12 14:29:00-04:00,14.680000305175781,14.680000305175781,14.670000076293945,14.670000076293945,591,0.0,0.0
2024-09-12 14:31:00-04:00,14.680000305175781,14.680000305175781,14.680000305175781,14.680000305175781,592,0.0,0.0
2024-09-12 14:33:00-04:00,14.65999984741211,14.670000076293945,14.65999984741211,14.670000076293945,407,0.0,0.0
2024-09-12 14:37:00-04:00,14.670000076293945,14.670000076293945,14.670000076293945,14.670000076293945,514,0.0,0.0
2024-09-12 14:41:00-04:00,14.649999618530273,14.649999618530273,14.649999618530273,14.649999618530273,907,0.0,0.0
2024-09-12 14:43:00-04:00,14.635000228881836,14.635000228881836,14.635000228881836,14.635000228881836,248,0.0,0.0
2024-09-12 14:45:00-04:00,14.635000228881836,14.635000228881836,14.635000228881836,14.635000228881836,210,0.0,0.0
2024-09-12 14:47:00-04:00,14.640000343322754,14.640000343322754,14.640000343322754,14.640000343322754,454,0.0,0.0
2024-09-12 14:51:00-04:00,14.640000343322754,14.640000343322754,14.609999656677246,14.609999656677246,2136,0.0,0.0
2024-09-12 14:52:00-04:00,14.600000381469727,14.600000381469727,14.600000381469727,14.600000381469727,428,0.0,0.0
2024-09-12 14:53:00-04:00,14.600000381469727,14.600000381469727,14.600000381469727,14.600000381469727,720,0.0,0.0
2024-09-12 14:54:00-04:00,14.609999656677246,14.609999656677246,14.609999656677246,14.609999656677246,1692,0.0,0.0
2024-09-12 14:57:00-04:00,14.600000381469727,14.619999885559082,14.600000381469727,14.619999885559082,1247,0.0,0.0
2024-09-12 14:58:00-04:00,14.630000114440918,14.630000114440918,14.625,14.625,531,0.0,0.0
2024-09-12 14:59:00-04:00,14.619999885559082,14.630000114440918,14.619999885559082,14.619999885559082,581,0.0,0.0
2024-09-12 15:00:00-04:00,14.614999771118164,14.614999771118164,14.614999771118164,14.614999771118164,112,0.0,0.0
2024-09-12 15:01:00-04:00,14.619999885559082,14.619999885559082,14.619999885559082,14.619999885559082,228,0.0,0.0
2024-09-12 15:02:00-04:00,14.619999885559082,14.619999885559082,14.619999885559082,14.619999885559082,597,0.0,0.0
2024-09-12 15:03:00-04:00,14.609999656677246,14.609999656677246,14.609999656677246,14.609999656677246,568,0.0,0.0
2024-09-12 15:04:00-04:00,14.61970043182373,14.61970043182373,14.61970043182373,14.61970043182373,184,0.0,0.0
2024-09-12 15:05:00-04:00,14.609999656677246,14.619999885559082,14.609999656677246,14.619999885559082,576,0.0,0.0
2024-09-12 15:06:00-04:00,14.614999771118164,14.640000343322754,14.614999771118164,14.630000114440918,2632,0.0,0.0
2024-09-12 15:08:00-04:00,14.640000343322754,14.640000343322754,14.640000343322754,14.640000343322754,485,0.0,0.0
2024-09-12 15:10:00-04:00,14.635000228881836,14.635000228881836,14.635000228881836,14.635000228881836,396,0.0,0.0
2024-09-12 15:11:00-04:00,14.630000114440918,14.630000114440918,14.630000114440918,14.630000114440918,1030,0.0,0.0
2024-09-12 15:14:00-04:00,14.619999885559082,14.619999885559082,14.614999771118164,14.614999771118164,969,0.0,0.0
2024-09-12 15:15:00-04:00,14.619999885559082,14.619999885559082,14.609999656677246,14.619999885559082,948,0.0,0.0
2024-09-12 15:16:00-04:00,14.630000114440918,14.638999938964844,14.630000114440918,14.638999938964844,381,0.0,0.0
2024-09-12 15:18:00-04:00,14.640000343322754,14.645000457763672,14.640000343322754,14.645000457763672,866,0.0,0.0
2024-09-12 15:21:00-04:00,14.64900016784668,14.649999618530273,14.645000457763672,14.649999618530273,2188,0.0,0.0
2024-09-12 15:22:00-04:00,14.645000457763672,14.649999618530273,14.630000114440918,14.630000114440918,3869,0.0,0.0
2024-09-12 15:25:00-04:00,14.609999656677246,14.609999656677246,14.609999656677246,14.609999656677246,1086,0.0,0.0
2024-09-12 15:26:00-04:00,14.600000381469727,14.600000381469727,14.600000381469727,14.600000381469727,1757,0.0,0.0
2024-09-12 15:27:00-04:00,14.59000015258789,14.59000015258789,14.59000015258789,14.59000015258789,675,0.0,0.0
2024-09-12 15:29:00-04:00,14.600000381469727,14.609000205993652,14.600000381469727,14.609000205993652,1442,0.0,0.0
2024-09-12 15:30:00-04:00,14.600000381469727,14.600000381469727,14.600000381469727,14.600000381469727,788,0.0,0.0
2024-09-12 15:31:00-04:00,14.59000015258789,14.59000015258789,14.579999923706055,14.579999923706055,808,0.0,0.0
2024-09-12 15:33:00-04:00,14.569999694824219,14.569999694824219,14.569999694824219,14.569999694824219,442,0.0,0.0
2024-09-12 15:34:00-04:00,14.579000473022461,14.579000473022461,14.579000473022461,14.579000473022461,242,0.0,0.0
2024-09-12 15:35:00-04:00,14.579999923706055,14.600000381469727,14.579999923706055,14.600000381469727,1906,0.0,0.0
2024-09-12 15:36:00-04:00,14.59000015258789,14.600000381469727,14.59000015258789,14.59000015258789,1520,0.0,0.0
2024-09-12 15:37:00-04:00,14.595000267028809,14.600000381469727,14.595000267028809,14.600000381469727,422,0.0,0.0
2024-09-12 15:39:00-04:00,14.595000267028809,14.600000381469727,14.595000267028809,14.600000381469727,390,0.0,0.0
2024-09-12 15:40:00-04:00,14.595000267028809,14.595000267028809,14.59000015258789,14.59000015258789,872,0.0,0.0
2024-09-12 15:41:00-04:00,14.585000038146973,14.585000038146973,14.585000038146973,14.585000038146973,418,0.0,0.0
2024-09-12 15:42:00-04:00,14.59000015258789,14.59000015258789,14.59000015258789,14.59000015258789,280,0.0,0.0
2024-09-12 15:43:00-04:00,14.59000015258789,14.600000381469727,14.59000015258789,14.600000381469727,1026,0.0,0.0
2024-09-12 15:44:00-04:00,14.600000381469727,14.600000381469727,14.600000381469727,14.600000381469727,143,0.0,0.0
2024-09-12 15:45:00-04:00,14.595000267028809,14.604999542236328,14.595000267028809,14.604999542236328,1646,0.0,0.0
2024-09-12 15:46:00-04:00,14.604999542236328,14.609999656677246,14.604999542236328,14.609999656677246,1011,0.0,0.0
2024-09-12 15:47:00-04:00,14.625,14.625,14.619000434875488,14.619000434875488,1536,0.0,0.0
2024-09-12 15:48:00-04:00,14.619999885559082,14.619999885559082,14.619999885559082,14.619999885559082,280,0.0,0.0
2024-09-12 15:49:00-04:00,14.614999771118164,14.614999771118164,14.614999771118164,14.614999771118164,340,0.0,0.0
2024-09-12 15:50:00-04:00,14.619999885559082,14.619999885559082,14.609999656677246,14.609999656677246,3237,0.0,0.0
2024-09-12 15:51:00-04:00,14.600000381469727,14.600000381469727,14.595000267028809,14.595000267028809,1048,0.0,0.0
2024-09-12 15:52:00-04:00,14.595000267028809,14.600000381469727,14.59000015258789,14.59000015258789,1519,0.0,0.0
2024-09-12 15:53:00-04:00,14.600000381469727,14.609999656677246,14.600000381469727,14.609999656677246,1825,0.0,0.0
2024-09-12 15:54:00-04:00,14.604999542236328,14.609999656677246,14.595000267028809,14.609999656677246,3125,0.0,0.0
2024-09-12 15:55:00-04:00,14.609999656677246,14.619999885559082,14.609999656677246,14.619999885559082,2895,0.0,0.0
2024-09-12 15:58:00-04:00,14.619999885559082,14.640000343322754,14.609999656677246,14.630000114440918,20463,0.0,0.0
2024-09-12 15:59:00-04:00,14.625,14.625,14.600000381469727,14.600000381469727,10845,0.0,0.0
2024-09-13 09:30:00-04:00,14.760000228881836,14.760000228881836,14.760000228881836,14.760000228881836,3509,0.0,0.0
2024-09-13 09:31:00-04:00,14.75,14.760000228881836,14.739999771118164,14.760000228881836,3987,0.0,0.0
2024-09-13 09:33:00-04:00,14.800000190734863,14.800000190734863,14.800000190734863,14.800000190734863,311,0.0,0.0
2024-09-13 09:35:00-04:00,14.770000457763672,14.770000457763672,14.770000457763672,14.770000457763672,120,0.0,0.0
2024-09-13 09:38:00-04:00,14.829999923706055,14.829999923706055,14.829999923706055,14.829999923706055,163,0.0,0.0
2024-09-13 09:40:00-04:00,14.779999732971191,14.779999732971191,14.779999732971191,14.779999732971191,136,0.0,0.0
2024-09-13 09:41:00-04:00,14.774999618530273,14.774999618530273,14.740099906921387,14.740099906921387,741,0.0,0.0
2024-09-13 09:42:00-04:00,14.779999732971191,14.789999961853027,14.779999732971191,14.779999732971191,839,0.0,0.0
2024-09-13 09:45:00-04:00,14.789999961853027,14.789999961853027,14.789999961853027,14.789999961853027,120,0.0,0.0
2024-09-13 09:47:00-04:00,14.850000381469727,14.850000381469727,14.850000381469727,14.850000381469727,113,0.0,0.0
2024-09-13 09:48:00-04:00,14.850000381469727,14.850000381469727,14.850000381469727,14.850000381469727,469,0.0,0.0
2024-09-13 09:49:00-04:00,14.84000015258789,14.869999885559082,14.84000015258789,14.869999885559082,1696,0.0,0.0
2024-09-13 09:50:00-04:00,14.869999885559082,14.899999618530273,14.869999885559082,14.899999618530273,6976,0.0,0.0
2024-09-13 09:52:00-04:00,14.91510009765625,14.91510009765625,14.91510009765625,14.91510009765625,128,0.0,0.0
2024-09-13 09:53:00-04:00,14.930000305175781,14.930000305175781,14.930000305175781,14.930000305175781,1315,0.0,0.0
2024-09-13 09:54:00-04:00,14.930000305175781,14.930000305175781,14.930000305175781,14.930000305175781,308,0.0,0.0
2024-09-13 09:56:00-04:00,14.930000305175781,14.970000267028809,14.930000305175781,14.970000267028809,6158,0.0,0.0
2024-09-13 09:57:00-04:00,14.960000038146973,14.960000038146973,14.960000038146973,14.960000038146973,2025,0.0,0.0
2024-09-13 09:58:00-04:00,14.970000267028809,14.970000267028809,14.970000267028809,14.970000267028809,722,0.0,0.0
2024-09-13 09:59:00-04:00,14.989999771118164,14.989999771118164,14.960000038146973,14.960000038146973,1464,0.0,0.0
2024-09-13 10:00:00-04:00,14.9399995803833,14.960000038146973,14.9399995803833,14.960000038146973,978,0.0,0.0
2024-09-13 10:01:00-04:00,14.954999923706055,14.954999923706055,14.920000076293945,14.930000305175781,1840,0.0,0.0
2024-09-13 10:02:00-04:00,14.9399995803833,14.9399995803833,14.9399995803833,14.9399995803833,122,0.0,0.0
2024-09-13 10:03:00-04:00,14.949999809265137,14.949999809265137,14.9399995803833,14.9399995803833,665,0.0,0.0
2024-09-13 10:04:00-04:00,14.9399995803833,14.9399995803833,14.9399995803833,14.9399995803833,297,0.0,0.0
2024-09-13 10:05:00-04:00,14.9350004196167,14.9350004196167,14.920000076293945,14.920000076293945,228,0.0,0.0
2024-09-13 10:06:00-04:00,14.920000076293945,14.9350004196167,14.920000076293945,14.920000076293945,1749,0.0,0.0
2024-09-13 10:07:00-04:00,14.90999984741211,14.90999984741211,14.90999984741211,14.90999984741211,609,0.0,0.0
2024-09-13 10:09:00-04:00,14.920000076293945,14.920000076293945,14.914999961853027,14.920000076293945,2001,0.0,0.0
2024-09-13 10:10:00-04:00,14.949999809265137,14.960000038146973,14.949999809265137,14.960000038146973,342,0.0,0.0
2024-09-13 10:11:00-04:00,14.979999542236328,14.979999542236328,14.979999542236328,14.979999542236328,200,0.0,0.0
2024-09-13 10:13:00-04:00,14.989999771118164,15.029999732971191,14.989999771118164,15.029999732971191,1030,0.0,0.0
2024-09-13 10:16:00-04:00,15.024999618530273,15.024999618530273,15.024999618530273,15.024999618530273,183,0.0,0.0
2024-09-13 10:17:00-04:00,15.020000457763672,15.024999618530273,15.020000457763672,15.024999618530273,605,0.0,0.0
2024-09-13 10:18:00-04:00,15.020000457763672,15.020000457763672,15.020000457763672,15.020000457763672,168,0.0,0.0
2024-09-13 10:19:00-04:00,15.029999732971191,15.029999732971191,15.029999732971191,15.029999732971191,203,0.0,0.0
2024-09-13 10:20:00-04:00,15.0600004196167,15.0600004196167,15.045000076293945,15.045000076293945,326,0.0,0.0
2024-09-13 10:21:00-04:00,15.045000076293945,15.045000076293945,15.029999732971191,15.045000076293945,701,0.0,0.0
2024-09-13 10:23:00-04:00,15.050000190734863,15.069999694824219,15.050000190734863,15.069999694824219,788,0.0,0.0
2024-09-13 10:24:00-04:00,15.0649995803833,15.079999923706055,15.0649995803833,15.069999694824219,652,0.0,0.0
2024-09-13 10:25:00-04:00,15.100000381469727,15.100000381469727,15.100000381469727,15.100000381469727,734,0.0,0.0
2024-09-13 10:27:00-04:00,15.109999656677246,15.119999885559082,15.109999656677246,15.119999885559082,812,0.0,0.0
2024-09-13 10:28:00-04:00,15.119999885559082,15.119999885559082,15.119999885559082,15.119999885559082,521,0.0,0.0
2024-09-13 10:29:00-04:00,15.100000381469727,15.114999771118164,15.09000015258789,15.100000381469727,1180,0.0,0.0
2024-09-13 10:31:00-04:00,15.09000015258789,15.09000015258789,15.09000015258789,15.09000015258789,276,0.0,0.0
2024-09-13 10:32:00-04:00,15.109999656677246,15.109999656677246,15.109999656677246,15.109999656677246,601,0.0,0.0
2024-09-13 10:33:00-04:00,15.119999885559082,15.119999885559082,15.119999885559082,15.119999885559082,200,0.0,0.0
2024-09-13 10:34:00-04:00,15.125,15.125,15.100000381469727,15.114999771118164,1890,0.0,0.0
2024-09-13 10:37:00-04:00,15.109999656677246,15.130000114440918,15.109999656677246,15.130000114440918,459,0.0,0.0
2024-09-13 10:38:00-04:00,15.140000343322754,15.140000343322754,15.130000114440918,15.130000114440918,365,0.0,0.0
2024-09-13 10:39:00-04:00,15.130000114440918,15.130000114440918,15.130000114440918,15.130000114440918,304,0.0,0.0
2024-09-13 10:40:00-04:00,15.159899711608887,15.170000076293945,15.142999649047852,15.145000457763672,1650,0.0,0.0
2024-09-13 10:41:00-04:00,15.170000076293945,15.170000076293945,15.170000076293945,15.170000076293945,201,0.0,0.0
2024-09-13 10:42:00-04:00,15.170000076293945,15.170000076293945,15.170000076293945,15.170000076293945,520,0.0,0.0
2024-09-13 10:43:00-04:00,15.170000076293945,15.170000076293945,15.170000076293945,15.170000076293945,100,0.0,0.0
2024-09-13 10:44:00-04:00,15.170000076293945,15.170000076293945,15.170000076293945,15.170000076293945,440,0.0,0.0
2024-09-13 10:45:00-04:00,15.194999694824219,15.194999694824219,15.170000076293945,15.170000076293945,806,0.0,0.0
2024-09-13 10:46:00-04:00,15.140000343322754,15.149999618530273,15.140000343322754,15.149999618530273,662,0.0,0.0
2024-09-13 10:48:00-04:00,15.154999732971191,15.180000305175781,15.154999732971191,15.180000305175781,868,0.0,0.0
2024-09-13 10:49:00-04:00,15.170000076293945,15.170000076293945,15.170000076293945,15.170000076293945,482,0.0,0.0
2024-09-13 10:50:00-04:00,15.1899995803833,15.1899995803833,15.1899995803833,15.1899995803833,429,0.0,0.0
2024-09-13 10:52:00-04:00,15.170000076293945,15.170000076293945,15.170000076293945,15.170000076293945,531,0.0,0.0
2024-09-13 10:54:00-04:00,15.180000305175781,15.180000305175781,15.180000305175781,15.180000305175781,608,0.0,0.0
2024-09-13 10:56:00-04:00,15.210000038146973,15.210000038146973,15.210000038146973,15.210000038146973,411,0.0,0.0
2024-09-13 10:57:00-04:00,15.199999809265137,15.210000038146973,15.1899995803833,15.204999923706055,1609,0.0,0.0
2024-09-13 10:58:00-04:00,15.1850004196167,15.1850004196167,15.1850004196167,15.1850004196167,114,0.0,0.0
2024-09-13 10:59:00-04:00,15.1850004196167,15.1850004196167,15.1850004196167,15.1850004196167,335,0.0,0.0
2024-09-13 11:00:00-04:00,15.170000076293945,15.170000076293945,15.149999618530273,15.149999618530273,1207,0.0,0.0
2024-09-13 11:01:00-04:00,15.140000343322754,15.154999732971191,15.140000343322754,15.154999732971191,690,0.0,0.0
2024-09-13 11:03:00-04:00,15.15999984741211,15.15999984741211,15.15999984741211,15.15999984741211,211,0.0,0.0
2024-09-13 11:04:00-04:00,15.130000114440918,15.135000228881836,15.125,15.125,938,0.0,0.0
2024-09-13 11:05:00-04:00,15.110099792480469,15.130000114440918,15.110099792480469,15.130000114440918,849,0.0,0.0
2024-09-13 11:07:00-04:00,15.149999618530273,15.149999618530273,15.09000015258789,15.09000015258789,1636,0.0,0.0
2024-09-13 11:08:00-04:00,15.104999542236328,15.104999542236328,15.104999542236328,15.104999542236328,111,0.0,0.0
2024-09-13 11:09:00-04:00,15.109999656677246,15.109999656677246,15.095000267028809,15.095000267028809,601,0.0,0.0
2024-09-13 11:11:00-04:00,15.095000267028809,15.095000267028809,15.095000267028809,15.095000267028809,104,0.0,0.0
2024-09-13 11:12:00-04:00,15.079999923706055,15.09000015258789,15.079999923706055,15.09000015258789,1985,0.0,0.0
2024-09-13 11:13:00-04:00,15.09589958190918,15.09589958190918,15.079999923706055,15.079999923706055,1628,0.0,0.0
2024-09-13 11:14:00-04:00,15.09000015258789,15.09000015258789,15.069999694824219,15.085000038146973,841,0.0,0.0
2024-09-13 11:16:00-04:00,15.100000381469727,15.109999656677246,15.100000381469727,15.109999656677246,910,0.0,0.0
2024-09-13 11:17:00-04:00,15.100000381469727,15.109999656677246,15.09000015258789,15.09000015258789,1534,0.0,0.0
2024-09-13 11:18:00-04:00,15.0600004196167,15.074999809265137,15.0600004196167,15.074999809265137,502,0.0,0.0
2024-09-13 11:19:00-04:00,15.0600004196167,15.0600004196167,15.0600004196167,15.0600004196167,296,0.0,0.0
2024-09-13 11:20:00-04:00,15.050000190734863,15.0600004196167,15.050000190734863,15.0600004196167,747,0.0,0.0
2024-09-13 11:21:00-04:00,15.055000305175781,15.055000305175781,15.055000305175781,15.055000305175781,109,0.0,0.0
2024-09-13 11:22:00-04:00,15.069999694824219,15.079999923706055,15.069999694824219,15.079999923706055,1362,0.0,0.0
2024-09-13 11:23:00-04:00,15.09000015258789,15.09000015258789,15.09000015258789,15.09000015258789,1001,0.0,0.0
2024-09-13 11:25:00-04:00,15.109999656677246,15.109999656677246,15.109999656677246,15.109999656677246,540,0.0,0.0
2024-09-13 11:26:00-04:00,15.109999656677246,15.119999885559082,15.109999656677246,15.119999885559082,449,0.0,0.0
2024-09-13 11:28:00-04:00,15.130000114440918,15.135000228881836,15.119999885559082,15.119999885559082,623,0.0,0.0
2024-09-13 11:29:00-04:00,15.125,15.125,15.109999656677246,15.125,1247,0.0,0.0
2024-09-13 11:30:00-04:00,15.100000381469727,15.100000381469727,15.100000381469727,15.100000381469727,179,0.0,0.0
2024-09-13 11:31:00-04:00,15.109999656677246,15.109999656677246,15.109999656677246,15.109999656677246,113,0.0,0.0
2024-09-13 11:32:00-04:00,15.109999656677246,15.119999885559082,15.109999656677246,15.119999885559082,860,0.0,0.0
2024-09-13 11:34:00-04:00,15.119999885559082,15.119999885559082,15.109999656677246,15.119999885559082,690,0.0,0.0
2024-09-13 11:35:00-04:00,15.119999885559082,15.140000343322754,15.119999885559082,15.140000343322754,588,0.0,0.0
2024-09-13 11:37:00-04:00,15.140000343322754,15.145000457763672,15.140000343322754,15.145000457763672,1290,0.0,0.0
2024-09-13 11:38:00-04:00,15.140000343322754,15.140000343322754,15.140000343322754,15.140000343322754,231,0.0,0.0
2024-09-13 11:39:00-04:00,15.130000114440918,15.130000114440918,15.130000114440918,15.130000114440918,496,0.0,0.0
2024-09-13 11:40:00-04:00,15.149999618530273,15.149999618530273,15.149999618530273,15.149999618530273,218,0.0,0.0
2024-09-13 11:41:00-04:00,15.145000457763672,15.149999618530273,15.145000457763672,15.149999618530273,622,0.0,0.0
2024-09-13 11:43:00-04:00,15.170000076293945,15.170000076293945,15.170000076293945,15.170000076293945,222,0.0,0.0
2024-09-13 11:44:00-04:00,15.170000076293945,15.170000076293945,15.170000076293945,15.170000076293945,355,0.0,0.0
2024-09-13 11:46:00-04:00,15.170000076293945,15.170000076293945,15.170000076293945,15.170000076293945,172,0.0,0.0
2024-09-13 11:47:00-04:00,15.170000076293945,15.170000076293945,15.170000076293945,15.170000076293945,284,0.0,0.0
2024-09-13 11:49:00-04:00,15.180000305175781,15.180000305175781,15.170000076293945,15.170000076293945,814,0.0,0.0
2024-09-13 11:50:00-04:00,15.170000076293945,15.180000305175781,15.170000076293945,15.180000305175781,328,0.0,0.0
2024-09-13 11:51:00-04:00,15.180000305175781,15.1899995803833,15.180000305175781,15.1899995803833,432,0.0,0.0
2024-09-13 11:54:00-04:00,15.180000305175781,15.1899995803833,15.180000305175781,15.1899995803833,715,0.0,0.0
2024-09-13 11:56:00-04:00,15.1899995803833,15.1899995803833,15.1899995803833,15.1899995803833,203,0.0,0.0
2024-09-13 11:57:00-04:00,15.199999809265137,15.21500015258789,15.199999809265137,15.21500015258789,3031,0.0,0.0
2024-09-13 11:58:00-04:00,15.199999809265137,15.210000038146973,15.199999809265137,15.210000038146973,519,0.0,0.0
2024-09-13 12:00:00-04:00,15.220000267028809,15.25,15.219900131225586,15.229999542236328,7455,0.0,0.0
2024-09-13 12:01:00-04:00,15.234999656677246,15.234999656677246,15.234999656677246,15.234999656677246,118,0.0,0.0
2024-09-13 12:02:00-04:00,15.234999656677246,15.234999656677246,15.234999656677246,15.234999656677246,222,0.0,0.0
2024-09-13 12:03:00-04:00,15.239999771118164,15.25,15.220000267028809,15.234999656677246,2137,0.0,0.0
2024-09-13 12:05:00-04:00,15.220000267028809,15.229999542236328,15.220000267028809,15.229999542236328,405,0.0,0.0
2024-09-13 12:06:00-04:00,15.220000267028809,15.229999542236328,15.220000267028809,15.229999542236328,865,0.0,0.0
2024-09-13 12:08:00-04:00,15.229999542236328,15.229999542236328,15.220000267028809,15.220000267028809,695,0.0,0.0
2024-09-13 12:09:00-04:00,15.229999542236328,15.239999771118164,15.229999542236328,15.239999771118164,276,0.0,0.0
2024-09-13 12:10:00-04:00,15.234999656677246,15.239999771118164,15.234999656677246,15.239999771118164,1700,0.0,0.0
2024-09-13 12:11:00-04:00,15.234999656677246,15.234999656677246,15.220000267028809,15.220000267028809,1617,0.0,0.0
2024-09-13 12:12:00-04:00,15.229999542236328,15.229999542236328,15.229999542236328,15.229999542236328,481,0.0,0.0
2024-09-13 12:13:00-04:00,15.239999771118164,15.239999771118164,15.229999542236328,15.229999542236328,995,0.0,0.0
2024-09-13 12:16:00-04:00,15.229999542236328,15.229999542236328,15.229999542236328,15.229999542236328,595,0.0,0.0
2024-09-13 12:19:00-04:00,15.225000381469727,15.225000381469727,15.225000381469727,15.225000381469727,651,0.0,0.0
2024-09-13 12:22:00-04:00,15.229999542236328,15.229999542236328,15.229999542236328,15.229999542236328,770,0.0,0.0
2024-09-13 12:23:00-04:00,15.239999771118164,15.239999771118164,15.229999542236328,15.229999542236328,605,0.0,0.0
2024-09-13 12:24:00-04:00,15.229999542236328,15.229999542236328,15.229999542236328,15.229999542236328,145,0.0,0.0
2024-09-13 12:25:00-04:00,15.239999771118164,15.239999771118164,15.220000267028809,15.229999542236328,1357,0.0,0.0
2024-09-13 12:26:00-04:00,15.220000267028809,15.220000267028809,15.220000267028809,15.220000267028809,615,0.0,0.0
2024-09-13 12:27:00-04:00,15.21500015258789,15.21500015258789,15.21500015258789,15.21500015258789,507,0.0,0.0
2024-09-13 12:29:00-04:00,15.210000038146973,15.21500015258789,15.210000038146973,15.210000038146973,919,0.0,0.0
2024-09-13 12:30:00-04:00,15.210000038146973,15.210000038146973,15.204999923706055,15.204999923706055,786,0.0,0.0
2024-09-13 12:31:00-04:00,15.199999809265137,15.199999809265137,15.1899995803833,15.1899995803833,821,0.0,0.0
2024-09-13 12:32:00-04:00,15.1850004196167,15.1850004196167,15.175000190734863,15.175000190734863,218,0.0,0.0
2024-09-13 12:34:00-04:00,15.180000305175781,15.180000305175781,15.180000305175781,15.180000305175781,335,0.0,0.0
2024-09-13 12:36:00-04:00,15.180000305175781,15.180000305175781,15.180000305175781,15.180000305175781,100,0.0,0.0
2024-09-13 12:37:00-04:00,15.170000076293945,15.180000305175781,15.170000076293945,15.170000076293945,2064,0.0,0.0
2024-09-13 12:39:00-04:00,15.170000076293945,15.170000076293945,15.170000076293945,15.170000076293945,478,0.0,0.0
2024-09-13 12:40:00-04:00,15.180000305175781,15.180000305175781,15.180000305175781,15.180000305175781,286,0.0,0.0
2024-09-13 12:41:00-04:00,15.180000305175781,15.180000305175781,15.180000305175781,15.180000305175781,794,0.0,0.0
2024-09-13 12:42:00-04:00,15.180000305175781,15.180000305175781,15.170000076293945,15.170000076293945,727,0.0,0.0
2024-09-13 12:43:00-04:00,15.180000305175781,15.180000305175781,15.180000305175781,15.180000305175781,560,0.0,0.0
2024-09-13 12:46:00-04:00,15.180000305175781,15.180000305175781,15.180000305175781,15.180000305175781,859,0.0,0.0
2024-09-13 12:48:00-04:00,15.1899995803833,15.194999694824219,15.170000076293945,15.180000305175781,2473,0.0,0.0
2024-09-13 12:49:00-04:00,15.170000076293945,15.170000076293945,15.170000076293945,15.170000076293945,397,0.0,0.0
2024-09-13 12:53:00-04:00,15.170000076293945,15.170000076293945,15.15999984741211,15.15999984741211,524,0.0,0.0
2024-09-13 12:57:00-04:00,15.170000076293945,15.170000076293945,15.170000076293945,15.170000076293945,1895,0.0,0.0
2024-09-13 12:58:00-04:00,15.170000076293945,15.175000190734863,15.170000076293945,15.175000190734863,1021,0.0,0.0
2024-09-13 12:59:00-04:00,15.180000305175781,15.180000305175781,15.180000305175781,15.180000305175781,288,0.0,0.0
2024-09-13 13:03:00-04:00,15.180000305175781,15.180000305175781,15.170000076293945,15.170000076293945,485,0.0,0.0
2024-09-13 13:04:00-04:00,15.180000305175781,15.1899995803833,15.180000305175781,15.1899995803833,352,0.0,0.0
2024-09-13 13:05:00-04:00,15.1850004196167,15.1850004196167,15.180000305175781,15.180000305175781,1362,0.0,0.0
2024-09-13 13:06:00-04:00,15.180000305175781,15.180000305175781,15.180000305175781,15.180000305175781,542,0.0,0.0
2024-09-13 13:07:00-04:00,15.1899995803833,15.1899995803833,15.1899995803833,15.1899995803833,341,0.0,0.0
2024-09-13 13:08:00-04:00,15.180000305175781,15.180000305175781,15.180000305175781,15.180000305175781,1174,0.0,0.0
2024-09-13 13:12:00-04:00,15.1899995803833,15.1899995803833,15.1899995803833,15.1899995803833,320,0.0,0.0
2024-09-13 13:13:00-04:00,15.1899995803833,15.1899995803833,15.180000305175781,15.180000305175781,480,0.0,0.0
2024-09-13 13:14:00-04:00,15.1899995803833,15.199999809265137,15.1899995803833,15.199999809265137,794,0.0,0.0
2024-09-13 13:15:00-04:00,15.1899995803833,15.194999694824219,15.1899995803833,15.1899995803833,644,0.0,0.0
2024-09-13 13:16:00-04:00,15.1850004196167,15.1850004196167,15.1850004196167,15.1850004196167,106,0.0,0.0
2024-09-13 13:17:00-04:00,15.1850004196167,15.1850004196167,15.180000305175781,15.180000305175781,424,0.0,0.0
2024-09-13 13:18:00-04:00,15.17080020904541,15.175000190734863,15.17080020904541,15.175000190734863,433,0.0,0.0
2024-09-13 13:19:00-04:00,15.175000190734863,15.175000190734863,15.175000190734863,15.175000190734863,138,0.0,0.0
2024-09-13 13:21:00-04:00,15.180000305175781,15.180000305175781,15.170000076293945,15.175000190734863,1039,0.0,0.0
2024-09-13 13:23:00-04:00,15.164999961853027,15.164999961853027,15.119999885559082,15.130000114440918,7258,0.0,0.0
2024-09-13 13:24:00-04:00,15.130000114440918,15.130000114440918,15.130000114440918,15.130000114440918,404,0.0,0.0
2024-09-13 13:26:00-04:00,15.140000343322754,15.149999618530273,15.140000343322754,15.149999618530273,956,0.0,0.0
2024-09-13 13:27:00-04:00,15.140000343322754,15.140000343322754,15.140000343322754,15.140000343322754,402,0.0,0.0
2024-09-13 13:28:00-04:00,15.135000228881836,15.140000343322754,15.135000228881836,15.138400077819824,520,0.0,0.0
2024-09-13 13:29:00-04:00,15.140000343322754,15.140000343322754,15.135000228881836,15.140000343322754,321,0.0,0.0
2024-09-13 13:30:00-04:00,15.140000343322754,15.149999618530273,15.140000343322754,15.149999618530273,1416,0.0,0.0
2024-09-13 13:31:00-04:00,15.149999618530273,15.149999618530273,15.149999618530273,15.149999618530273,258,0.0,0.0
2024-09-13 13:32:00-04:00,15.15999984741211,15.15999984741211,15.15999984741211,15.15999984741211,626,0.0,0.0
2024-09-13 13:33:00-04:00,15.15999984741211,15.170000076293945,15.15999984741211,15.170000076293945,241,0.0,0.0
2024-09-13 13:34:00-04:00,15.15999984741211,15.15999984741211,15.15999984741211,15.15999984741211,124,0.0,0.0
2024-09-13 13:35:00-04:00,15.149999618530273,15.15999984741211,15.149999618530273,15.15999984741211,1403,0.0,0.0
2024-09-13 13:36:00-04:00,15.154999732971191,15.15999984741211,15.154999732971191,15.15999984741211,365,0.0,0.0
2024-09-13 13:37:00-04:00,15.15999984741211,15.15999984741211,15.15999984741211,15.15999984741211,298,0.0,0.0
2024-09-13 13:38:00-04:00,15.164999961853027,15.170000076293945,15.15999984741211,15.170000076293945,1472,0.0,0.0
2024-09-13 13:39:00-04:00,15.170000076293945,15.170000076293945,15.170000076293945,15.170000076293945,493,0.0,0.0
2024-09-13 13:40:00-04:00,15.170000076293945,15.175000190734863,15.15999984741211,15.170000076293945,1510,0.0,0.0
2024-09-13 13:41:00-04:00,15.170000076293945,15.170000076293945,15.170000076293945,15.170000076293945,325,0.0,0.0
2024-09-13 13:42:00-04:00,15.180000305175781,15.180000305175781,15.180000305175781,15.180000305175781,215,0.0,0.0
2024-09-13 13:43:00-04:00,15.180000305175781,15.180000305175781,15.180000305175781,15.180000305175781,208,0.0,0.0
2024-09-13 13:44:00-04:00,15.180000305175781,15.180000305175781,15.180000305175781,15.180000305175781,224,0.0,0.0
2024-09-13 13:45:00-04:00,15.15999984741211,15.170000076293945,15.145000457763672,15.145000457763672,1893,0.0,0.0
2024-09-13 13:47:00-04:00,15.149999618530273,15.149999618530273,15.149999618530273,15.149999618530273,201,0.0,0.0
2024-09-13 13:48:00-04:00,15.145000457763672,15.145000457763672,15.145000457763672,15.145000457763672,442,0.0,0.0
2024-09-13 13:49:00-04:00,15.140000343322754,15.140000343322754,15.135000228881836,15.135000228881836,543,0.0,0.0
2024-09-13 13:50:00-04:00,15.109999656677246,15.109999656677246,15.109999656677246,15.109999656677246,111,0.0,0.0
2024-09-13 13:51:00-04:00,15.109999656677246,15.109999656677246,15.109999656677246,15.109999656677246,260,0.0,0.0
2024-09-13 13:54:00-04:00,15.100000381469727,15.109999656677246,15.079999923706055,15.079999923706055,2378,0.0,0.0
2024-09-13 13:55:00-04:00,15.055000305175781,15.055000305175781,15.055000305175781,15.055000305175781,186,0.0,0.0
2024-09-13 13:58:00-04:00,15.055000305175781,15.055000305175781,15.055000305175781,15.055000305175781,217,0.0,0.0
2024-09-13 13:59:00-04:00,15.055000305175781,15.055000305175781,15.029999732971191,15.039999961853027,2102,0.0,0.0
2024-09-13 14:00:00-04:00,15.039999961853027,15.039999961853027,14.989999771118164,14.989999771118164,1434,0.0,0.0
2024-09-13 14:01:00-04:00,15.010000228881836,15.029999732971191,15.010000228881836,15.029999732971191,1316,0.0,0.0
2024-09-13 14:05:00-04:00,15.029999732971191,15.039999961853027,15.029999732971191,15.039999961853027,733,0.0,0.0
2024-09-13 14:06:00-04:00,15.03499984741211,15.039999961853027,15.03499984741211,15.039999961853027,506,0.0,0.0
2024-09-13 14:07:00-04:00,15.050000190734863,15.0649995803833,15.050000190734863,15.0625,1720,0.0,0.0
2024-09-13 14:09:00-04:00,15.0600004196167,15.0600004196167,15.050000190734863,15.050000190734863,1255,0.0,0.0
2024-09-13 14:11:00-04:00,15.050000190734863,15.050000190734863,15.039999961853027,15.039999961853027,842,0.0,0.0
2024-09-13 14:12:00-04:00,15.039999961853027,15.039999961853027,15.039999961853027,15.039999961853027,395,0.0,0.0
2024-09-13 14:13:00-04:00,15.039999961853027,15.039999961853027,15.039999961853027,15.039999961853027,205,0.0,0.0
2024-09-13 14:14:00-04:00,15.029999732971191,15.029999732971191,15.029999732971191,15.029999732971191,136,0.0,0.0
2024-09-13 14:15:00-04:00,15.039999961853027,15.039999961853027,15.039999961853027,15.039999961853027,267,0.0,0.0
2024-09-13 14:16:00-04:00,15.039999961853027,15.039999961853027,15.039999961853027,15.039999961853027,499,0.0,0.0
2024-09-13 14:18:00-04:00,15.050000190734863,15.050000190734863,15.050000190734863,15.050000190734863,362,0.0,0.0
2024-09-13 14:19:00-04:00,15.0600004196167,15.0600004196167,15.0600004196167,15.0600004196167,136,0.0,0.0
2024-09-13 14:20:00-04:00,15.0600004196167,15.0600004196167,15.0600004196167,15.0600004196167,105,0.0,0.0
2024-09-13 14:21:00-04:00,15.0600004196167,15.0600004196167,15.0600004196167,15.0600004196167,192,0.0,0.0
2024-09-13 14:22:00-04:00,15.0600004196167,15.0600004196167,15.039999961853027,15.042499542236328,1322,0.0,0.0
2024-09-13 14:23:00-04:00,15.050000190734863,15.050000190734863,15.050000190734863,15.050000190734863,1481,0.0,0.0
2024-09-13 14:24:00-04:00,15.039999961853027,15.045000076293945,15.03499984741211,15.03499984741211,890,0.0,0.0
2024-09-13 14:25:00-04:00,15.029999732971191,15.03499984741211,15.029999732971191,15.03499984741211,381,0.0,0.0
2024-09-13 14:26:00-04:00,15.039999961853027,15.039999961853027,15.039999961853027,15.039999961853027,775,0.0,0.0
2024-09-13 14:28:00-04:00,15.050000190734863,15.050000190734863,15.050000190734863,15.050000190734863,217,0.0,0.0
2024-09-13 14:29:00-04:00,15.050000190734863,15.050000190734863,15.050000190734863,15.050000190734863,1046,0.0,0.0
2024-09-13 14:30:00-04:00,15.050000190734863,15.050000190734863,15.050000190734863,15.050000190734863,289,0.0,0.0
2024-09-13 14:31:00-04:00,15.050000190734863,15.050000190734863,15.050000190734863,15.050000190734863,546,0.0,0.0
2024-09-13 14:32:00-04:00,15.050000190734863,15.0649995803833,15.050000190734863,15.050000190734863,2125,0.0,0.0
2024-09-13 14:33:00-04:00,15.050000190734863,15.050000190734863,15.050000190734863,15.050000190734863,143,0.0,0.0
2024-09-13 14:34:00-04:00,15.0600004196167,15.0600004196167,15.0600004196167,15.0600004196167,334,0.0,0.0
2024-09-13 14:35:00-04:00,15.055000305175781,15.055000305175781,15.050000190734863,15.050000190734863,565,0.0,0.0
2024-09-13 14:36:00-04:00,15.039999961853027,15.039999961853027,15.039999961853027,15.039999961853027,269,0.0,0.0
2024-09-13 14:37:00-04:00,15.039999961853027,15.039999961853027,15.039999961853027,15.039999961853027,166,0.0,0.0
2024-09-13 14:38:00-04:00,15.039999961853027,15.039999961853027,15.039999961853027,15.039999961853027,132,0.0,0.0
2024-09-13 14:39:00-04:00,15.039999961853027,15.039999961853027,15.020000457763672,15.020000457763672,822,0.0,0.0
2024-09-13 14:40:00-04:00,15.020000457763672,15.020000457763672,15.020000457763672,15.020000457763672,219,0.0,0.0
2024-09-13 14:41:00-04:00,15.020000457763672,15.020000457763672,15.020000457763672,15.020000457763672,316,0.0,0.0
2024-09-13 14:42:00-04:00,15.020000457763672,15.020000457763672,15.020000457763672,15.020000457763672,114,0.0,0.0
2024-09-13 14:43:00-04:00,15.020000457763672,15.020000457763672,15.013099670410156,15.020000457763672,475,0.0,0.0
2024-09-13 14:44:00-04:00,15.029999732971191,15.029999732971191,15.029999732971191,15.029999732971191,461,0.0,0.0
2024-09-13 14:46:00-04:00,15.029999732971191,15.029999732971191,15.029999732971191,15.029999732971191,237,0.0,0.0
2024-09-13 14:48:00-04:00,15.029999732971191,15.029999732971191,15.020000457763672,15.020000457763672,327,0.0,0.0
2024-09-13 14:49:00-04:00,15.029999732971191,15.029999732971191,15.020000457763672,15.029999732971191,550,0.0,0.0
2024-09-13 14:50:00-04:00,15.029999732971191,15.029999732971191,15.010000228881836,15.010000228881836,1436,0.0,0.0
2024-09-13 14:51:00-04:00,15.020000457763672,15.029999732971191,15.020000457763672,15.029999732971191,1402,0.0,0.0
2024-09-13 14:52:00-04:00,15.020000457763672,15.020000457763672,15.020000457763672,15.020000457763672,597,0.0,0.0
2024-09-13 14:53:00-04:00,15.010000228881836,15.010000228881836,15.010000228881836,15.010000228881836,210,0.0,0.0
2024-09-13 14:55:00-04:00,15.010000228881836,15.039999961853027,15.010000228881836,15.029999732971191,9868,0.0,0.0
2024-09-13 14:56:00-04:00,15.039999961853027,15.039999961853027,15.039999961853027,15.039999961853027,719,0.0,0.0
2024-09-13 14:57:00-04:00,15.039999961853027,15.039999961853027,15.039999961853027,15.039999961853027,171,0.0,0.0
2024-09-13 14:58:00-04:00,15.039999961853027,15.039999961853027,15.039999961853027,15.039999961853027,264,0.0,0.0
2024-09-13 14:59:00-04:00,15.039999961853027,15.039999961853027,15.029999732971191,15.029999732971191,1506,0.0,0.0
2024-09-13 15:00:00-04:00,15.0,15.0,14.979999542236328,14.979999542236328,580,0.0,0.0
2024-09-13 15:02:00-04:00,14.979999542236328,14.979999542236328,14.979999542236328,14.979999542236328,1095,0.0,0.0
2024-09-13 15:05:00-04:00,14.989999771118164,14.994999885559082,14.989999771118164,14.989999771118164,843,0.0,0.0
2024-09-13 15:06:00-04:00,14.989999771118164,14.989999771118164,14.989999771118164,14.989999771118164,1333,0.0,0.0
2024-09-13 15:07:00-04:00,14.979999542236328,14.979999542236328,14.979999542236328,14.979999542236328,1431,0.0,0.0
2024-09-13 15:11:00-04:00,14.984999656677246,14.984999656677246,14.979999542236328,14.979999542236328,309,0.0,0.0
2024-09-13 15:13:00-04:00,14.979999542236328,14.979999542236328,14.979999542236328,14.979999542236328,442,0.0,0.0
2024-09-13 15:14:00-04:00,14.970000267028809,14.970000267028809,14.960000038146973,14.960000038146973,1678,0.0,0.0
2024-09-13 15:17:00-04:00,14.960000038146973,14.960000038146973,14.960000038146973,14.960000038146973,774,0.0,0.0
2024-09-13 15:18:00-04:00,14.970000267028809,14.970000267028809,14.970000267028809,14.970000267028809,139,0.0,0.0
2024-09-13 15:19:00-04:00,14.970000267028809,14.970000267028809,14.970000267028809,14.970000267028809,172,0.0,0.0
2024-09-13 15:20:00-04:00,14.960000038146973,14.960000038146973,14.954999923706055,14.960000038146973,1541,0.0,0.0
2024-09-13 15:21:00-04:00,14.960000038146973,14.960000038146973,14.960000038146973,14.960000038146973,710,0.0,0.0
2024-09-13 15:22:00-04:00,14.954999923706055,14.954999923706055,14.949999809265137,14.954999923706055,905,0.0,0.0
2024-09-13 15:23:00-04:00,14.944999694824219,14.949999809265137,14.944999694824219,14.949999809265137,237,0.0,0.0
2024-09-13 15:25:00-04:00,14.949999809265137,14.949999809265137,14.949999809265137,14.949999809265137,951,0.0,0.0
2024-09-13 15:27:00-04:00,14.940999984741211,14.940999984741211,14.940999984741211,14.940999984741211,220,0.0,0.0
2024-09-13 15:28:00-04:00,14.960000038146973,14.960000038146973,14.960000038146973,14.960000038146973,596,0.0,0.0
2024-09-13 15:29:00-04:00,14.970000267028809,14.979999542236328,14.970000267028809,14.979999542236328,1174,0.0,0.0
2024-09-13 15:30:00-04:00,14.979999542236328,14.979999542236328,14.970000267028809,14.970999717712402,1843,0.0,0.0
2024-09-13 15:31:00-04:00,14.979999542236328,14.991000175476074,14.979999542236328,14.991000175476074,1061,0.0,0.0
2024-09-13 15:33:00-04:00,14.994999885559082,15.005000114440918,14.994999885559082,15.005000114440918,767,0.0,0.0
2024-09-13 15:34:00-04:00,15.010000228881836,15.010000228881836,15.010000228881836,15.010000228881836,553,0.0,0.0
2024-09-13 15:36:00-04:00,15.024999618530273,15.024999618530273,15.020000457763672,15.020000457763672,1212,0.0,0.0
2024-09-13 15:37:00-04:00,15.010000228881836,15.010000228881836,15.0,15.0,1032,0.0,0.0
2024-09-13 15:38:00-04:00,14.980999946594238,14.980999946594238,14.979999542236328,14.979999542236328,1088,0.0,0.0
2024-09-13 15:39:00-04:00,14.970000267028809,14.970000267028809,14.96500015258789,14.970000267028809,845,0.0,0.0
2024-09-13 15:40:00-04:00,14.979999542236328,14.979999542236328,14.979999542236328,14.979999542236328,1264,0.0,0.0
2024-09-13 15:41:00-04:00,14.970999717712402,14.970999717712402,14.960000038146973,14.970999717712402,2316,0.0,0.0
2024-09-13 15:42:00-04:00,14.979999542236328,14.979999542236328,14.979999542236328,14.979999542236328,177,0.0,0.0
2024-09-13 15:43:00-04:00,14.975000381469727,14.979999542236328,14.970000267028809,14.979999542236328,1712,0.0,0.0
2024-09-13 15:44:00-04:00,14.979999542236328,14.989999771118164,14.979999542236328,14.984999656677246,1822,0.0,0.0
2024-09-13 15:45:00-04:00,15.0,15.0,15.0,15.0,580,0.0,0.0
2024-09-13 15:46:00-04:00,15.010000228881836,15.015000343322754,15.010000228881836,15.015000343322754,908,0.0,0.0
2024-09-13 15:47:00-04:00,15.015000343322754,15.015000343322754,15.015000343322754,15.015000343322754,1127,0.0,0.0
2024-09-13 15:48:00-04:00,15.015000343322754,15.029999732971191,15.015000343322754,15.029999732971191,596,0.0,0.0
2024-09-13 15:49:00-04:00,15.038999557495117,15.038999557495117,15.020000457763672,15.020000457763672,1689,0.0,0.0
2024-09-13 15:50:00-04:00,15.024999618530273,15.029999732971191,15.015000343322754,15.015000343322754,2731,0.0,0.0
2024-09-13 15:51:00-04:00,15.020000457763672,15.024999618530273,15.015000343322754,15.024999618530273,2317,0.0,0.0
2024-09-13 15:52:00-04:00,15.020000457763672,15.020000457763672,15.010000228881836,15.020000457763672,1079,0.0,0.0
2024-09-13 15:54:00-04:00,15.029000282287598,15.029000282287598,15.010000228881836,15.015000343322754,4037,0.0,0.0
2024-09-13 15:55:00-04:00,15.029999732971191,15.050000190734863,15.029999732971191,15.050000190734863,3039,0.0,0.0
2024-09-13 15:56:00-04:00,15.050000190734863,15.069999694824219,15.050000190734863,15.0600004196167,3607,0.0,0.0
2024-09-13 15:57:00-04:00,15.050999641418457,15.069999694824219,15.050999641418457,15.069999694824219,2281,0.0,0.0
2024-09-13 15:58:00-04:00,15.069999694824219,15.069999694824219,15.039999961853027,15.045000076293945,5433,0.0,0.0
2024-09-13 15:59:00-04:00,15.039999961853027,15.0600004196167,15.029999732971191,15.039999961853027,7351,0.0,0.0
