Datetime,Open,High,Low,Close,Volume,Dividends,Stock Splits,Capital Gains
2024-09-09 09:30:00-04:00,42.91999816894531,42.92499923706055,42.91999816894531,42.92499923706055,0,0.0,0.0,0.0
2024-09-09 09:31:00-04:00,42.920101165771484,42.920101165771484,42.920101165771484,42.920101165771484,176,0.0,0.0,0.0
2024-09-09 09:32:00-04:00,42.92499923706055,42.92499923706055,42.92499923706055,42.92499923706055,108,0.0,0.0,0.0
2024-09-09 09:33:00-04:00,42.91999816894531,42.91999816894531,42.91999816894531,42.91999816894531,2944,0.0,0.0,0.0
2024-09-09 09:34:00-04:00,42.915000915527344,42.9197998046875,42.904998779296875,42.904998779296875,2867,0.0,0.0,0.0
2024-09-09 09:35:00-04:00,42.90999984741211,42.90999984741211,42.90999984741211,42.90999984741211,783,0.0,0.0,0.0
2024-09-09 09:36:00-04:00,42.91999816894531,42.91999816894531,42.90999984741211,42.90999984741211,24444,0.0,0.0,0.0
2024-09-09 09:37:00-04:00,42.915000915527344,42.915000915527344,42.90999984741211,42.90999984741211,300,0.0,0.0,0.0
2024-09-09 09:38:00-04:00,42.90999984741211,42.915000915527344,42.904998779296875,42.915000915527344,2314,0.0,0.0,0.0
2024-09-09 09:39:00-04:00,42.915000915527344,42.915000915527344,42.915000915527344,42.915000915527344,466,0.0,0.0,0.0
2024-09-09 09:40:00-04:00,42.90999984741211,42.90999984741211,42.90810012817383,42.90810012817383,1931,0.0,0.0,0.0
2024-09-09 09:42:00-04:00,42.904998779296875,42.904998779296875,42.89500045776367,42.89500045776367,4768,0.0,0.0,0.0
2024-09-09 09:43:00-04:00,42.89500045776367,42.89500045776367,42.88999938964844,42.89500045776367,4704,0.0,0.0,0.0
2024-09-09 09:44:00-04:00,42.900001525878906,42.900001525878906,42.900001525878906,42.900001525878906,601,0.0,0.0,0.0
2024-09-09 09:45:00-04:00,42.89950180053711,42.900001525878906,42.89950180053711,42.900001525878906,452,0.0,0.0,0.0
2024-09-09 09:46:00-04:00,42.900001525878906,42.904998779296875,42.900001525878906,42.904998779296875,571,0.0,0.0,0.0
2024-09-09 09:47:00-04:00,42.904998779296875,42.904998779296875,42.904998779296875,42.904998779296875,302,0.0,0.0,0.0
2024-09-09 09:49:00-04:00,42.904998779296875,42.904998779296875,42.90010070800781,42.90010070800781,2356,0.0,0.0,0.0
2024-09-09 09:51:00-04:00,42.904998779296875,42.904998779296875,42.904998779296875,42.904998779296875,437,0.0,0.0,0.0
2024-09-09 09:54:00-04:00,42.904998779296875,42.904998779296875,42.904998779296875,42.904998779296875,575,0.0,0.0,0.0
2024-09-09 09:55:00-04:00,42.902198791503906,42.902198791503906,42.902198791503906,42.902198791503906,275,0.0,0.0,0.0
2024-09-09 09:56:00-04:00,42.90999984741211,42.90999984741211,42.9099006652832,42.9099006652832,2030,0.0,0.0,0.0
2024-09-09 09:58:00-04:00,42.90999984741211,42.90999984741211,42.904998779296875,42.904998779296875,1021,0.0,0.0,0.0
2024-09-09 10:01:00-04:00,42.90679931640625,42.90679931640625,42.90679931640625,42.90679931640625,906,0.0,0.0,0.0
2024-09-09 10:02:00-04:00,42.90999984741211,42.90999984741211,42.90999984741211,42.90999984741211,3479,0.0,0.0,0.0
2024-09-09 10:03:00-04:00,42.9099006652832,42.9099006652832,42.90650177001953,42.907501220703125,1250,0.0,0.0,0.0
2024-09-09 10:04:00-04:00,42.909000396728516,42.909000396728516,42.904998779296875,42.904998779296875,341,0.0,0.0,0.0
2024-09-09 10:05:00-04:00,42.90999984741211,42.90999984741211,42.90999984741211,42.90999984741211,407,0.0,0.0,0.0
2024-09-09 10:06:00-04:00,42.904998779296875,42.90999984741211,42.904998779296875,42.90999984741211,1304,0.0,0.0,0.0
2024-09-09 10:07:00-04:00,42.90999984741211,42.90999984741211,42.900001525878906,42.90999984741211,2490,0.0,0.0,0.0
2024-09-09 10:08:00-04:00,42.91999816894531,42.91999816894531,42.91999816894531,42.91999816894531,764,0.0,0.0,0.0
2024-09-09 10:09:00-04:00,42.91999816894531,42.91999816894531,42.91640090942383,42.91640090942383,955,0.0,0.0,0.0
2024-09-09 10:10:00-04:00,42.9197998046875,42.93000030517578,42.9197998046875,42.93000030517578,1929,0.0,0.0,0.0
2024-09-09 10:11:00-04:00,42.93000030517578,42.93000030517578,42.92499923706055,42.926700592041016,1951,0.0,0.0,0.0
2024-09-09 10:12:00-04:00,42.93000030517578,42.93000030517578,42.92169952392578,42.92839813232422,3113,0.0,0.0,0.0
2024-09-09 10:13:00-04:00,42.92599868774414,42.92599868774414,42.92599868774414,42.92599868774414,597,0.0,0.0,0.0
2024-09-09 10:14:00-04:00,42.928001403808594,42.928001403808594,42.928001403808594,42.928001403808594,188,0.0,0.0,0.0
2024-09-09 10:16:00-04:00,42.92900085449219,42.93000030517578,42.92499923706055,42.92499923706055,3494,0.0,0.0,0.0
2024-09-09 10:17:00-04:00,42.93000030517578,42.93000030517578,42.926300048828125,42.93000030517578,1585,0.0,0.0,0.0
2024-09-09 10:18:00-04:00,42.93000030517578,42.93000030517578,42.93000030517578,42.93000030517578,1413,0.0,0.0,0.0
2024-09-09 10:19:00-04:00,42.92499923706055,42.92499923706055,42.92499923706055,42.92499923706055,1499,0.0,0.0,0.0
2024-09-09 10:20:00-04:00,42.920799255371094,42.920799255371094,42.920799255371094,42.920799255371094,212,0.0,0.0,0.0
2024-09-09 10:21:00-04:00,42.91999816894531,42.91999816894531,42.91999816894531,42.91999816894531,2563,0.0,0.0,0.0
2024-09-09 10:22:00-04:00,42.920101165771484,42.92499923706055,42.920101165771484,42.92499923706055,2835,0.0,0.0,0.0
2024-09-09 10:23:00-04:00,42.91999816894531,42.91999816894531,42.91999816894531,42.91999816894531,1093,0.0,0.0,0.0
2024-09-09 10:25:00-04:00,42.918800354003906,42.918800354003906,42.918800354003906,42.918800354003906,801,0.0,0.0,0.0
2024-09-09 10:26:00-04:00,42.91999816894531,42.91999816894531,42.91999816894531,42.91999816894531,1186,0.0,0.0,0.0
2024-09-09 10:29:00-04:00,42.92499923706055,42.92499923706055,42.915000915527344,42.915000915527344,1073,0.0,0.0,0.0
2024-09-09 10:30:00-04:00,42.910099029541016,42.91899871826172,42.910099029541016,42.915000915527344,5787,0.0,0.0,0.0
2024-09-09 10:31:00-04:00,42.90999984741211,42.915000915527344,42.90999984741211,42.915000915527344,796,0.0,0.0,0.0
2024-09-09 10:32:00-04:00,42.915000915527344,42.915000915527344,42.904998779296875,42.90999984741211,1902,0.0,0.0,0.0
2024-09-09 10:33:00-04:00,42.915000915527344,42.915000915527344,42.904998779296875,42.90999984741211,2063,0.0,0.0,0.0
2024-09-09 10:35:00-04:00,42.910099029541016,42.915000915527344,42.90999984741211,42.90999984741211,21705,0.0,0.0,0.0
2024-09-09 10:36:00-04:00,42.90999984741211,42.90999984741211,42.90999984741211,42.90999984741211,427,0.0,0.0,0.0
2024-09-09 10:37:00-04:00,42.915000915527344,42.91999816894531,42.91170120239258,42.91490173339844,4512,0.0,0.0,0.0
2024-09-09 10:38:00-04:00,42.910301208496094,42.910301208496094,42.904998779296875,42.904998779296875,1974,0.0,0.0,0.0
2024-09-09 10:39:00-04:00,42.904998779296875,42.90999984741211,42.90449905395508,42.90449905395508,1231,0.0,0.0,0.0
2024-09-09 10:43:00-04:00,42.900001525878906,42.904998779296875,42.900001525878906,42.904998779296875,2442,0.0,0.0,0.0
2024-09-09 10:44:00-04:00,42.904998779296875,42.904998779296875,42.90010070800781,42.904998779296875,714,0.0,0.0,0.0
2024-09-09 10:45:00-04:00,42.904998779296875,42.904998779296875,42.904998779296875,42.904998779296875,228,0.0,0.0,0.0
2024-09-09 10:46:00-04:00,42.90340042114258,42.90999984741211,42.90340042114258,42.90629959106445,853,0.0,0.0,0.0
2024-09-09 10:47:00-04:00,42.9098014831543,42.9098014831543,42.9098014831543,42.9098014831543,579,0.0,0.0,0.0
2024-09-09 10:48:00-04:00,42.9099006652832,42.915000915527344,42.9099006652832,42.915000915527344,2033,0.0,0.0,0.0
2024-09-09 10:49:00-04:00,42.915000915527344,42.915000915527344,42.915000915527344,42.915000915527344,1005,0.0,0.0,0.0
2024-09-09 10:51:00-04:00,42.92499923706055,42.92499923706055,42.92499923706055,42.92499923706055,4704,0.0,0.0,0.0
2024-09-09 10:52:00-04:00,42.91999816894531,42.91999816894531,42.91999816894531,42.91999816894531,360,0.0,0.0,0.0
2024-09-09 10:54:00-04:00,42.91999816894531,42.91999816894531,42.91999816894531,42.91999816894531,159,0.0,0.0,0.0
2024-09-09 10:55:00-04:00,42.91999816894531,42.91999816894531,42.91999816894531,42.91999816894531,630,0.0,0.0,0.0
2024-09-09 10:57:00-04:00,42.91999816894531,42.91999816894531,42.91999816894531,42.91999816894531,1022,0.0,0.0,0.0
2024-09-09 10:58:00-04:00,42.915000915527344,42.915000915527344,42.915000915527344,42.915000915527344,400,0.0,0.0,0.0
2024-09-09 10:59:00-04:00,42.915000915527344,42.91999816894531,42.915000915527344,42.91999816894531,8612,0.0,0.0,0.0
2024-09-09 11:00:00-04:00,42.915000915527344,42.91899871826172,42.915000915527344,42.915000915527344,2932,0.0,0.0,0.0
2024-09-09 11:01:00-04:00,42.915000915527344,42.915000915527344,42.915000915527344,42.915000915527344,4837,0.0,0.0,0.0
2024-09-09 11:02:00-04:00,42.915000915527344,42.915000915527344,42.915000915527344,42.915000915527344,1842,0.0,0.0,0.0
2024-09-09 11:04:00-04:00,42.91830062866211,42.919898986816406,42.915000915527344,42.915000915527344,614,0.0,0.0,0.0
2024-09-09 11:05:00-04:00,42.915000915527344,42.915000915527344,42.915000915527344,42.915000915527344,282,0.0,0.0,0.0
2024-09-09 11:06:00-04:00,42.915000915527344,42.915000915527344,42.915000915527344,42.915000915527344,128,0.0,0.0,0.0
2024-09-09 11:07:00-04:00,42.91999816894531,42.91999816894531,42.91999816894531,42.91999816894531,1772,0.0,0.0,0.0
2024-09-09 11:08:00-04:00,42.92499923706055,42.92499923706055,42.92499923706055,42.92499923706055,2865,0.0,0.0,0.0
2024-09-09 11:09:00-04:00,42.92499923706055,42.92499923706055,42.92499923706055,42.92499923706055,231,0.0,0.0,0.0
2024-09-09 11:10:00-04:00,42.919700622558594,42.91999816894531,42.919700622558594,42.91999816894531,510,0.0,0.0,0.0
2024-09-09 11:11:00-04:00,42.915000915527344,42.91999816894531,42.915000915527344,42.91630172729492,941,0.0,0.0,0.0
2024-09-09 11:12:00-04:00,42.919898986816406,42.919898986816406,42.919898986816406,42.919898986816406,407,0.0,0.0,0.0
2024-09-09 11:13:00-04:00,42.915000915527344,42.91559982299805,42.915000915527344,42.91559982299805,1356,0.0,0.0,0.0
2024-09-09 11:14:00-04:00,42.915000915527344,42.915000915527344,42.915000915527344,42.915000915527344,885,0.0,0.0,0.0
2024-09-09 11:16:00-04:00,42.915000915527344,42.915000915527344,42.915000915527344,42.915000915527344,3170,0.0,0.0,0.0
2024-09-09 11:18:00-04:00,42.915000915527344,42.915000915527344,42.915000915527344,42.915000915527344,1354,0.0,0.0,0.0
2024-09-09 11:21:00-04:00,42.91999816894531,42.91999816894531,42.915199279785156,42.915199279785156,1484,0.0,0.0,0.0
2024-09-09 11:22:00-04:00,42.91999816894531,42.91999816894531,42.915000915527344,42.915000915527344,373,0.0,0.0,0.0
2024-09-09 11:23:00-04:00,42.91899871826172,42.91899871826172,42.91899871826172,42.91899871826172,230,0.0,0.0,0.0
2024-09-09 11:24:00-04:00,42.915000915527344,42.915000915527344,42.915000915527344,42.915000915527344,358,0.0,0.0,0.0
2024-09-09 11:25:00-04:00,42.91999816894531,42.91999816894531,42.915199279785156,42.915199279785156,272,0.0,0.0,0.0
2024-09-09 11:26:00-04:00,42.915000915527344,42.915000915527344,42.915000915527344,42.915000915527344,220,0.0,0.0,0.0
2024-09-09 11:27:00-04:00,42.915000915527344,42.9182014465332,42.915000915527344,42.915000915527344,9978,0.0,0.0,0.0
2024-09-09 11:28:00-04:00,42.914398193359375,42.91999816894531,42.914398193359375,42.91999816894531,5087,0.0,0.0,0.0
2024-09-09 11:29:00-04:00,42.915000915527344,42.915000915527344,42.915000915527344,42.915000915527344,179,0.0,0.0,0.0
2024-09-09 11:30:00-04:00,42.91450119018555,42.915000915527344,42.91450119018555,42.915000915527344,419,0.0,0.0,0.0
2024-09-09 11:31:00-04:00,42.91999816894531,42.92499923706055,42.91999816894531,42.92499923706055,873,0.0,0.0,0.0
2024-09-09 11:32:00-04:00,42.93000030517578,42.935001373291016,42.92940139770508,42.93000030517578,6699,0.0,0.0,0.0
2024-09-09 11:33:00-04:00,42.93000030517578,42.9375,42.93000030517578,42.9375,3959,0.0,0.0,0.0
2024-09-09 11:36:00-04:00,42.933101654052734,42.933101654052734,42.933101654052734,42.933101654052734,567,0.0,0.0,0.0
2024-09-09 11:37:00-04:00,42.935001373291016,42.935001373291016,42.93450164794922,42.93450164794922,629,0.0,0.0,0.0
2024-09-09 11:38:00-04:00,42.935001373291016,42.935001373291016,42.926300048828125,42.926300048828125,3451,0.0,0.0,0.0
2024-09-09 11:39:00-04:00,42.93000030517578,42.935001373291016,42.93000030517578,42.93370056152344,2849,0.0,0.0,0.0
2024-09-09 11:40:00-04:00,42.935001373291016,42.935001373291016,42.935001373291016,42.935001373291016,556,0.0,0.0,0.0
2024-09-09 11:41:00-04:00,42.93899917602539,42.939998626708984,42.93009948730469,42.935001373291016,2360,0.0,0.0,0.0
2024-09-09 11:44:00-04:00,42.939998626708984,42.939998626708984,42.939998626708984,42.939998626708984,212,0.0,0.0,0.0
2024-09-09 11:46:00-04:00,42.939998626708984,42.939998626708984,42.939998626708984,42.939998626708984,870,0.0,0.0,0.0
2024-09-09 11:47:00-04:00,42.939998626708984,42.939998626708984,42.939998626708984,42.939998626708984,348,0.0,0.0,0.0
2024-09-09 11:48:00-04:00,42.945098876953125,42.945098876953125,42.945098876953125,42.945098876953125,106,0.0,0.0,0.0
2024-09-09 11:49:00-04:00,42.94499969482422,42.94499969482422,42.94499969482422,42.94499969482422,200,0.0,0.0,0.0
2024-09-09 11:50:00-04:00,42.945499420166016,42.945499420166016,42.94499969482422,42.94499969482422,3559,0.0,0.0,0.0
2024-09-09 11:51:00-04:00,42.94499969482422,42.94499969482422,42.94499969482422,42.94499969482422,1017,0.0,0.0,0.0
2024-09-09 11:52:00-04:00,42.94499969482422,42.94499969482422,42.94499969482422,42.94499969482422,200,0.0,0.0,0.0
2024-09-09 11:53:00-04:00,42.94499969482422,42.94499969482422,42.94499969482422,42.94499969482422,657,0.0,0.0,0.0
2024-09-09 11:56:00-04:00,42.95000076293945,42.95000076293945,42.95000076293945,42.95000076293945,2360,0.0,0.0,0.0
2024-09-09 11:57:00-04:00,42.949798583984375,42.95000076293945,42.949798583984375,42.95000076293945,1756,0.0,0.0,0.0
2024-09-09 11:59:00-04:00,42.95500183105469,42.95500183105469,42.95500183105469,42.95500183105469,947,0.0,0.0,0.0
2024-09-09 12:00:00-04:00,42.94499969482422,42.94499969482422,42.94499969482422,42.94499969482422,431,0.0,0.0,0.0
2024-09-09 12:02:00-04:00,42.94990158081055,42.95000076293945,42.94990158081055,42.95000076293945,612,0.0,0.0,0.0
2024-09-09 12:03:00-04:00,42.95500183105469,42.95500183105469,42.95500183105469,42.95500183105469,115,0.0,0.0,0.0
2024-09-09 12:04:00-04:00,42.95000076293945,42.95000076293945,42.95000076293945,42.95000076293945,292,0.0,0.0,0.0
2024-09-09 12:07:00-04:00,42.95500183105469,42.957401275634766,42.95500183105469,42.957401275634766,309,0.0,0.0,0.0
2024-09-09 12:08:00-04:00,42.95000076293945,42.95500183105469,42.95000076293945,42.95000076293945,246808,0.0,0.0,0.0
2024-09-09 12:10:00-04:00,42.95000076293945,42.95000076293945,42.95000076293945,42.95000076293945,2209,0.0,0.0,0.0
2024-09-09 12:11:00-04:00,42.95000076293945,42.95000076293945,42.95000076293945,42.95000076293945,101,0.0,0.0,0.0
2024-09-09 12:12:00-04:00,42.95500183105469,42.95989990234375,42.95500183105469,42.95989990234375,230,0.0,0.0,0.0
2024-09-09 12:14:00-04:00,42.95500183105469,42.95830154418945,42.95500183105469,42.95830154418945,512,0.0,0.0,0.0
2024-09-09 12:16:00-04:00,42.95500183105469,42.95500183105469,42.95500183105469,42.95500183105469,235,0.0,0.0,0.0
2024-09-09 12:18:00-04:00,42.959999084472656,42.959999084472656,42.959999084472656,42.959999084472656,168,0.0,0.0,0.0
2024-09-09 12:19:00-04:00,42.955101013183594,42.955101013183594,42.955101013183594,42.955101013183594,141,0.0,0.0,0.0
2024-09-09 12:21:00-04:00,42.95500183105469,42.95500183105469,42.95500183105469,42.95500183105469,117,0.0,0.0,0.0
2024-09-09 12:22:00-04:00,42.95500183105469,42.95500183105469,42.95500183105469,42.95500183105469,1273,0.0,0.0,0.0
2024-09-09 12:29:00-04:00,42.959999084472656,42.959999084472656,42.95000076293945,42.95970153808594,29651,0.0,0.0,0.0
2024-09-09 12:30:00-04:00,42.959999084472656,42.970001220703125,42.959999084472656,42.970001220703125,9270,0.0,0.0,0.0
2024-09-09 12:31:00-04:00,42.96500015258789,42.96500015258789,42.96500015258789,42.96500015258789,153,0.0,0.0,0.0
2024-09-09 12:32:00-04:00,42.96979904174805,42.96979904174805,42.96979904174805,42.96979904174805,1503,0.0,0.0,0.0
2024-09-09 12:33:00-04:00,42.968299865722656,42.968299865722656,42.9650993347168,42.9650993347168,1524,0.0,0.0,0.0
2024-09-09 12:36:00-04:00,42.96500015258789,42.96500015258789,42.964298248291016,42.96500015258789,1389,0.0,0.0,0.0
2024-09-09 12:37:00-04:00,42.970001220703125,42.970001220703125,42.970001220703125,42.970001220703125,6186,0.0,0.0,0.0
2024-09-09 12:38:00-04:00,42.96500015258789,42.96500015258789,42.96500015258789,42.96500015258789,183,0.0,0.0,0.0
2024-09-09 12:39:00-04:00,42.96009826660156,42.96500015258789,42.96009826660156,42.96500015258789,3404,0.0,0.0,0.0
2024-09-09 12:40:00-04:00,42.96500015258789,42.966400146484375,42.96500015258789,42.966400146484375,3085,0.0,0.0,0.0
2024-09-09 12:41:00-04:00,42.96500015258789,42.970001220703125,42.96379852294922,42.970001220703125,9073,0.0,0.0,0.0
2024-09-09 12:42:00-04:00,42.96500015258789,42.96500015258789,42.96500015258789,42.96500015258789,8736,0.0,0.0,0.0
2024-09-09 12:43:00-04:00,42.970001220703125,42.977500915527344,42.970001220703125,42.974998474121094,3999,0.0,0.0,0.0
2024-09-09 12:45:00-04:00,42.974998474121094,42.974998474121094,42.97359848022461,42.97380065917969,5207,0.0,0.0,0.0
2024-09-09 12:46:00-04:00,42.974998474121094,42.97549819946289,42.970001220703125,42.970001220703125,2814,0.0,0.0,0.0
2024-09-09 12:49:00-04:00,42.97549819946289,42.97990036010742,42.970001220703125,42.970001220703125,2613,0.0,0.0,0.0
2024-09-09 12:51:00-04:00,42.974998474121094,42.974998474121094,42.974998474121094,42.974998474121094,1707,0.0,0.0,0.0
2024-09-09 12:52:00-04:00,42.970001220703125,42.970001220703125,42.970001220703125,42.970001220703125,400,0.0,0.0,0.0
2024-09-09 12:53:00-04:00,42.974998474121094,42.974998474121094,42.970001220703125,42.974998474121094,5834,0.0,0.0,0.0
2024-09-09 12:54:00-04:00,42.974998474121094,42.974998474121094,42.974998474121094,42.974998474121094,5718,0.0,0.0,0.0
2024-09-09 12:57:00-04:00,42.97999954223633,42.97999954223633,42.97999954223633,42.97999954223633,300,0.0,0.0,0.0
2024-09-09 12:58:00-04:00,42.974998474121094,42.974998474121094,42.970001220703125,42.970001220703125,1796,0.0,0.0,0.0
2024-09-09 12:59:00-04:00,42.974998474121094,42.974998474121094,42.97010040283203,42.97010040283203,477,0.0,0.0,0.0
2024-09-09 13:01:00-04:00,42.974998474121094,42.974998474121094,42.974998474121094,42.974998474121094,100,0.0,0.0,0.0
2024-09-09 13:02:00-04:00,42.974998474121094,42.974998474121094,42.974998474121094,42.974998474121094,686,0.0,0.0,0.0
2024-09-09 13:03:00-04:00,42.974998474121094,42.974998474121094,42.974998474121094,42.974998474121094,455,0.0,0.0,0.0
2024-09-09 13:04:00-04:00,42.974998474121094,42.974998474121094,42.970001220703125,42.974998474121094,3074,0.0,0.0,0.0
2024-09-09 13:07:00-04:00,42.974998474121094,42.97999954223633,42.970001220703125,42.97999954223633,2608,0.0,0.0,0.0
2024-09-09 13:08:00-04:00,42.974998474121094,42.97999954223633,42.974998474121094,42.974998474121094,2922,0.0,0.0,0.0
2024-09-09 13:10:00-04:00,42.980201721191406,42.980201721191406,42.97999954223633,42.97999954223633,520,0.0,0.0,0.0
2024-09-09 13:11:00-04:00,42.979801177978516,42.97999954223633,42.970001220703125,42.974998474121094,1860,0.0,0.0,0.0
2024-09-09 13:12:00-04:00,42.97999954223633,42.97999954223633,42.97999954223633,42.97999954223633,369852,0.0,0.0,0.0
2024-09-09 13:16:00-04:00,42.98500061035156,42.98500061035156,42.98500061035156,42.98500061035156,180,0.0,0.0,0.0
2024-09-09 13:17:00-04:00,42.98500061035156,42.98500061035156,42.98500061035156,42.98500061035156,1198,0.0,0.0,0.0
2024-09-09 13:20:00-04:00,42.98500061035156,42.98500061035156,42.98500061035156,42.98500061035156,416,0.0,0.0,0.0
2024-09-09 13:21:00-04:00,42.985198974609375,42.98540115356445,42.985198974609375,42.98540115356445,360,0.0,0.0,0.0
2024-09-09 13:24:00-04:00,42.98619842529297,42.98619842529297,42.970001220703125,42.970001220703125,3138,0.0,0.0,0.0
2024-09-09 13:25:00-04:00,42.974998474121094,42.974998474121094,42.974998474121094,42.974998474121094,843,0.0,0.0,0.0
2024-09-09 13:26:00-04:00,42.979698181152344,42.979698181152344,42.979698181152344,42.979698181152344,11700,0.0,0.0,0.0
2024-09-09 13:27:00-04:00,42.98500061035156,42.98500061035156,42.98500061035156,42.98500061035156,444,0.0,0.0,0.0
2024-09-09 13:29:00-04:00,42.980098724365234,42.980098724365234,42.980098724365234,42.980098724365234,1063,0.0,0.0,0.0
2024-09-09 13:34:00-04:00,42.97990036010742,42.97990036010742,42.970001220703125,42.970001220703125,1309,0.0,0.0,0.0
2024-09-09 13:35:00-04:00,42.970001220703125,42.974998474121094,42.970001220703125,42.970001220703125,2241,0.0,0.0,0.0
2024-09-09 13:36:00-04:00,42.974998474121094,42.974998474121094,42.974998474121094,42.974998474121094,122,0.0,0.0,0.0
2024-09-09 13:38:00-04:00,42.97999954223633,42.97999954223633,42.97999954223633,42.97999954223633,1397,0.0,0.0,0.0
2024-09-09 13:41:00-04:00,42.977500915527344,42.977500915527344,42.974998474121094,42.974998474121094,1834,0.0,0.0,0.0
2024-09-09 13:42:00-04:00,42.97629928588867,42.97629928588867,42.97629928588867,42.97629928588867,592,0.0,0.0,0.0
2024-09-09 13:43:00-04:00,42.970001220703125,42.974998474121094,42.96500015258789,42.96500015258789,2820,0.0,0.0,0.0
2024-09-09 13:44:00-04:00,42.959999084472656,42.9656982421875,42.959999084472656,42.9656982421875,766,0.0,0.0,0.0
2024-09-09 13:45:00-04:00,42.96500015258789,42.96500015258789,42.96500015258789,42.96500015258789,100,0.0,0.0,0.0
2024-09-09 13:46:00-04:00,42.96500015258789,42.96500015258789,42.959999084472656,42.959999084472656,4793,0.0,0.0,0.0
2024-09-09 13:47:00-04:00,42.970001220703125,42.970001220703125,42.970001220703125,42.970001220703125,151,0.0,0.0,0.0
2024-09-09 13:48:00-04:00,42.96419906616211,42.96419906616211,42.96419906616211,42.96419906616211,555,0.0,0.0,0.0
2024-09-09 13:49:00-04:00,42.96979904174805,42.970001220703125,42.96979904174805,42.970001220703125,5791,0.0,0.0,0.0
2024-09-09 13:50:00-04:00,42.970001220703125,42.97233581542969,42.970001220703125,42.97233581542969,1821,0.0,0.0,0.0
2024-09-09 13:51:00-04:00,42.970001220703125,42.970001220703125,42.96500015258789,42.968299865722656,603,0.0,0.0,0.0
2024-09-09 13:52:00-04:00,42.966400146484375,42.966400146484375,42.966400146484375,42.966400146484375,812,0.0,0.0,0.0
2024-09-09 13:53:00-04:00,42.96500015258789,42.96500015258789,42.96500015258789,42.96500015258789,438,0.0,0.0,0.0
2024-09-09 13:55:00-04:00,42.96500015258789,42.96989822387695,42.96500015258789,42.96989822387695,2355,0.0,0.0,0.0
2024-09-09 13:58:00-04:00,42.96989822387695,42.96989822387695,42.96989822387695,42.96989822387695,260,0.0,0.0,0.0
2024-09-09 13:59:00-04:00,42.959999084472656,42.96500015258789,42.959999084472656,42.959999084472656,1273,0.0,0.0,0.0
2024-09-09 14:00:00-04:00,42.959999084472656,42.959999084472656,42.959999084472656,42.959999084472656,424,0.0,0.0,0.0
2024-09-09 14:01:00-04:00,42.96500015258789,42.970001220703125,42.96500015258789,42.970001220703125,4230,0.0,0.0,0.0
2024-09-09 14:03:00-04:00,42.96500015258789,42.970001220703125,42.96500015258789,42.965301513671875,1143,0.0,0.0,0.0
2024-09-09 14:04:00-04:00,42.96500015258789,42.96500015258789,42.96500015258789,42.96500015258789,598,0.0,0.0,0.0
2024-09-09 14:05:00-04:00,42.96500015258789,42.96500015258789,42.96500015258789,42.96500015258789,339,0.0,0.0,0.0
2024-09-09 14:06:00-04:00,42.96799850463867,42.96799850463867,42.96500015258789,42.96500015258789,576,0.0,0.0,0.0
2024-09-09 14:07:00-04:00,42.96009826660156,42.96500015258789,42.96009826660156,42.96500015258789,3995,0.0,0.0,0.0
2024-09-09 14:08:00-04:00,42.96500015258789,42.970001220703125,42.96500015258789,42.970001220703125,11766,0.0,0.0,0.0
2024-09-09 14:09:00-04:00,42.96500015258789,42.96500015258789,42.96500015258789,42.96500015258789,337,0.0,0.0,0.0
2024-09-09 14:10:00-04:00,42.962799072265625,42.96500015258789,42.96099853515625,42.96099853515625,4433,0.0,0.0,0.0
2024-09-09 14:11:00-04:00,42.96500015258789,42.96500015258789,42.959999084472656,42.959999084472656,544,0.0,0.0,0.0
2024-09-09 14:12:00-04:00,42.959999084472656,42.959999084472656,42.959999084472656,42.959999084472656,4591,0.0,0.0,0.0
2024-09-09 14:13:00-04:00,42.959999084472656,42.959999084472656,42.95500183105469,42.95500183105469,455,0.0,0.0,0.0
2024-09-09 14:15:00-04:00,42.95500183105469,42.959999084472656,42.953800201416016,42.959999084472656,3420,0.0,0.0,0.0
2024-09-09 14:16:00-04:00,42.959999084472656,42.959999084472656,42.959999084472656,42.959999084472656,1838,0.0,0.0,0.0
2024-09-09 14:17:00-04:00,42.970001220703125,42.970001220703125,42.970001220703125,42.970001220703125,153,0.0,0.0,0.0
2024-09-09 14:18:00-04:00,42.96500015258789,42.96500015258789,42.96500015258789,42.96500015258789,303,0.0,0.0,0.0
2024-09-09 14:19:00-04:00,42.96500015258789,42.967899322509766,42.96500015258789,42.967899322509766,1659,0.0,0.0,0.0
2024-09-09 14:20:00-04:00,42.96480178833008,42.96480178833008,42.96480178833008,42.96480178833008,374,0.0,0.0,0.0
2024-09-09 14:21:00-04:00,42.959999084472656,42.96500015258789,42.959999084472656,42.959999084472656,5607,0.0,0.0,0.0
2024-09-09 14:23:00-04:00,42.95989990234375,42.95989990234375,42.95989990234375,42.95989990234375,1230,0.0,0.0,0.0
2024-09-09 14:25:00-04:00,42.95000076293945,42.95000076293945,42.95000076293945,42.95000076293945,2550,0.0,0.0,0.0
2024-09-09 14:26:00-04:00,42.959999084472656,42.959999084472656,42.954498291015625,42.959999084472656,2900,0.0,0.0,0.0
2024-09-09 14:27:00-04:00,42.959999084472656,42.959999084472656,42.959999084472656,42.959999084472656,3502,0.0,0.0,0.0
2024-09-09 14:28:00-04:00,42.95500183105469,42.95500183105469,42.954498291015625,42.954498291015625,2031,0.0,0.0,0.0
2024-09-09 14:30:00-04:00,42.955101013183594,42.95750045776367,42.955101013183594,42.95750045776367,419,0.0,0.0,0.0
2024-09-09 14:33:00-04:00,42.95000076293945,42.95000076293945,42.95000076293945,42.95000076293945,405,0.0,0.0,0.0
2024-09-09 14:35:00-04:00,42.95000076293945,42.95000076293945,42.95000076293945,42.95000076293945,1753,0.0,0.0,0.0
2024-09-09 14:37:00-04:00,42.94499969482422,42.94499969482422,42.94499969482422,42.94499969482422,583,0.0,0.0,0.0
2024-09-09 14:40:00-04:00,42.94990158081055,42.94990158081055,42.94499969482422,42.94499969482422,570,0.0,0.0,0.0
2024-09-09 14:41:00-04:00,42.94499969482422,42.94990158081055,42.94499969482422,42.94990158081055,1517,0.0,0.0,0.0
2024-09-09 14:42:00-04:00,42.94369888305664,42.95000076293945,42.94369888305664,42.95000076293945,600,0.0,0.0,0.0
2024-09-09 14:43:00-04:00,42.94499969482422,42.95000076293945,42.94499969482422,42.94499969482422,13522,0.0,0.0,0.0
2024-09-09 14:44:00-04:00,42.95000076293945,42.95000076293945,42.944400787353516,42.95000076293945,10907,0.0,0.0,0.0
2024-09-09 14:45:00-04:00,42.95000076293945,42.95000076293945,42.95000076293945,42.95000076293945,1607,0.0,0.0,0.0
2024-09-09 14:46:00-04:00,42.949798583984375,42.95000076293945,42.949798583984375,42.95000076293945,637,0.0,0.0,0.0
2024-09-09 14:48:00-04:00,42.95000076293945,42.95000076293945,42.94499969482422,42.94499969482422,1213,0.0,0.0,0.0
2024-09-09 14:49:00-04:00,42.94369888305664,42.95000076293945,42.94369888305664,42.949798583984375,2727,0.0,0.0,0.0
2024-09-09 14:50:00-04:00,42.95000076293945,42.95000076293945,42.94499969482422,42.95000076293945,2057,0.0,0.0,0.0
2024-09-09 14:52:00-04:00,42.95000076293945,42.95000076293945,42.95000076293945,42.95000076293945,277,0.0,0.0,0.0
2024-09-09 14:53:00-04:00,42.95000076293945,42.95000076293945,42.94419860839844,42.94419860839844,1456,0.0,0.0,0.0
2024-09-09 14:54:00-04:00,42.94499969482422,42.94499969482422,42.94499969482422,42.94499969482422,100,0.0,0.0,0.0
2024-09-09 14:55:00-04:00,42.939998626708984,42.94620132446289,42.939998626708984,42.94620132446289,1128,0.0,0.0,0.0
2024-09-09 14:56:00-04:00,42.95000076293945,42.95000076293945,42.95000076293945,42.95000076293945,100,0.0,0.0,0.0
2024-09-09 14:57:00-04:00,42.94499969482422,42.95000076293945,42.94499969482422,42.95000076293945,362,0.0,0.0,0.0
2024-09-09 14:58:00-04:00,42.95000076293945,42.95000076293945,42.94499969482422,42.94499969482422,1031,0.0,0.0,0.0
2024-09-09 14:59:00-04:00,42.94499969482422,42.95000076293945,42.939998626708984,42.939998626708984,48805,0.0,0.0,0.0
2024-09-09 15:00:00-04:00,42.95000076293945,42.95000076293945,42.95000076293945,42.95000076293945,103,0.0,0.0,0.0
2024-09-09 15:01:00-04:00,42.939998626708984,42.94499969482422,42.939998626708984,42.94499969482422,354,0.0,0.0,0.0
2024-09-09 15:02:00-04:00,42.94499969482422,42.94499969482422,42.94499969482422,42.94499969482422,100,0.0,0.0,0.0
2024-09-09 15:03:00-04:00,42.94599914550781,42.94599914550781,42.94499969482422,42.94499969482422,419,0.0,0.0,0.0
2024-09-09 15:04:00-04:00,42.94499969482422,42.94499969482422,42.94499969482422,42.94499969482422,598,0.0,0.0,0.0
2024-09-09 15:06:00-04:00,42.94499969482422,42.94499969482422,42.94499969482422,42.94499969482422,230,0.0,0.0,0.0
2024-09-09 15:07:00-04:00,42.95000076293945,42.95000076293945,42.95000076293945,42.95000076293945,134,0.0,0.0,0.0
2024-09-09 15:08:00-04:00,42.94499969482422,42.95000076293945,42.94499969482422,42.94499969482422,704,0.0,0.0,0.0
2024-09-09 15:09:00-04:00,42.94499969482422,42.95000076293945,42.94499969482422,42.95000076293945,1025,0.0,0.0,0.0
2024-09-09 15:11:00-04:00,42.94329833984375,42.94499969482422,42.94329833984375,42.94499969482422,1533,0.0,0.0,0.0
2024-09-09 15:12:00-04:00,42.95000076293945,42.95000076293945,42.95000076293945,42.95000076293945,104,0.0,0.0,0.0
2024-09-09 15:13:00-04:00,42.94499969482422,42.94499969482422,42.94060134887695,42.944000244140625,1009,0.0,0.0,0.0
2024-09-09 15:14:00-04:00,42.94499969482422,42.94499969482422,42.94499969482422,42.94499969482422,162,0.0,0.0,0.0
2024-09-09 15:15:00-04:00,42.94499969482422,42.94670104980469,42.940101623535156,42.940101623535156,2967,0.0,0.0,0.0
2024-09-09 15:16:00-04:00,42.940101623535156,42.95000076293945,42.940101623535156,42.95000076293945,5786,0.0,0.0,0.0
2024-09-09 15:18:00-04:00,42.95000076293945,42.95000076293945,42.94499969482422,42.94499969482422,714,0.0,0.0,0.0
2024-09-09 15:20:00-04:00,42.94900131225586,42.94900131225586,42.94499969482422,42.94499969482422,215,0.0,0.0,0.0
2024-09-09 15:21:00-04:00,42.94499969482422,42.94499969482422,42.939998626708984,42.939998626708984,690,0.0,0.0,0.0
2024-09-09 15:22:00-04:00,42.94499969482422,42.94499969482422,42.94499969482422,42.94499969482422,3145,0.0,0.0,0.0
2024-09-09 15:23:00-04:00,42.939998626708984,42.95000076293945,42.939998626708984,42.95000076293945,659,0.0,0.0,0.0
2024-09-09 15:24:00-04:00,42.94990158081055,42.95000076293945,42.94990158081055,42.95000076293945,261,0.0,0.0,0.0
2024-09-09 15:25:00-04:00,42.94499969482422,42.94499969482422,42.94499969482422,42.94499969482422,5000,0.0,0.0,0.0
2024-09-09 15:26:00-04:00,42.95000076293945,42.95000076293945,42.95000076293945,42.95000076293945,315,0.0,0.0,0.0
2024-09-09 15:28:00-04:00,42.95000076293945,42.95000076293945,42.95000076293945,42.95000076293945,266,0.0,0.0,0.0
2024-09-09 15:29:00-04:00,42.95000076293945,42.959999084472656,42.95000076293945,42.95500183105469,4103,0.0,0.0,0.0
2024-09-09 15:30:00-04:00,42.95500183105469,42.95500183105469,42.95500183105469,42.95500183105469,157,0.0,0.0,0.0
2024-09-09 15:31:00-04:00,42.95500183105469,42.95830154418945,42.95500183105469,42.95830154418945,269,0.0,0.0,0.0
2024-09-09 15:32:00-04:00,42.959999084472656,42.959999084472656,42.956298828125,42.956298828125,442,0.0,0.0,0.0
2024-09-09 15:33:00-04:00,42.95009994506836,42.959999084472656,42.95009994506836,42.959999084472656,5219,0.0,0.0,0.0
2024-09-09 15:34:00-04:00,42.959999084472656,42.959999084472656,42.959999084472656,42.959999084472656,145,0.0,0.0,0.0
2024-09-09 15:35:00-04:00,42.959999084472656,42.959999084472656,42.95309829711914,42.95309829711914,5200,0.0,0.0,0.0
2024-09-09 15:36:00-04:00,42.959999084472656,42.96500015258789,42.954498291015625,42.96500015258789,5445,0.0,0.0,0.0
2024-09-09 15:37:00-04:00,42.96500015258789,42.96500015258789,42.959999084472656,42.959999084472656,2013,0.0,0.0,0.0
2024-09-09 15:38:00-04:00,42.959999084472656,42.959999084472656,42.95500183105469,42.95500183105469,4531,0.0,0.0,0.0
2024-09-09 15:40:00-04:00,42.95500183105469,42.96500015258789,42.95500183105469,42.96500015258789,9228,0.0,0.0,0.0
2024-09-09 15:41:00-04:00,42.96500015258789,42.96500015258789,42.96500015258789,42.96500015258789,228,0.0,0.0,0.0
2024-09-09 15:43:00-04:00,42.970001220703125,42.970001220703125,42.966400146484375,42.966400146484375,703,0.0,0.0,0.0
2024-09-09 15:44:00-04:00,42.970001220703125,42.970001220703125,42.970001220703125,42.970001220703125,541,0.0,0.0,0.0
2024-09-09 15:45:00-04:00,42.970001220703125,42.970001220703125,42.96500015258789,42.96500015258789,400,0.0,0.0,0.0
2024-09-09 15:46:00-04:00,42.96500015258789,42.96500015258789,42.96500015258789,42.96500015258789,1450,0.0,0.0,0.0
2024-09-09 15:47:00-04:00,42.970001220703125,42.970001220703125,42.970001220703125,42.970001220703125,400,0.0,0.0,0.0
2024-09-09 15:48:00-04:00,42.96989822387695,42.970001220703125,42.96440124511719,42.96440124511719,1873,0.0,0.0,0.0
2024-09-09 15:49:00-04:00,42.964900970458984,42.970001220703125,42.964900970458984,42.970001220703125,2359,0.0,0.0,0.0
2024-09-09 15:50:00-04:00,42.96500015258789,42.970001220703125,42.959999084472656,42.96500015258789,4151,0.0,0.0,0.0
2024-09-09 15:51:00-04:00,42.96500015258789,42.96500015258789,42.96500015258789,42.96500015258789,3916,0.0,0.0,0.0
2024-09-09 15:52:00-04:00,42.96500015258789,42.96500015258789,42.96500015258789,42.96500015258789,226,0.0,0.0,0.0
2024-09-09 15:53:00-04:00,42.96500015258789,42.96500015258789,42.95500183105469,42.95500183105469,1044,0.0,0.0,0.0
2024-09-09 15:54:00-04:00,42.95500183105469,42.95500183105469,42.95500183105469,42.95500183105469,100,0.0,0.0,0.0
2024-09-09 15:56:00-04:00,42.959999084472656,42.96500015258789,42.959999084472656,42.96500015258789,8587,0.0,0.0,0.0
2024-09-09 15:57:00-04:00,42.96500015258789,42.96649932861328,42.96500015258789,42.96649932861328,299,0.0,0.0,0.0
2024-09-09 15:58:00-04:00,42.96500015258789,42.970001220703125,42.96099853515625,42.96500015258789,3860,0.0,0.0,0.0
2024-09-09 15:59:00-04:00,42.96500015258789,42.96500015258789,42.959999084472656,42.959999084472656,7059,0.0,0.0,0.0
2024-09-10 09:30:00-04:00,42.9900016784668,42.9900016784668,42.9900016784668,42.9900016784668,11584,0.0,0.0,0.0
2024-09-10 09:31:00-04:00,42.9900016784668,42.9900016784668,42.98979949951172,42.98979949951172,2317,0.0,0.0,0.0
2024-09-10 09:33:00-04:00,42.98500061035156,42.9900016784668,42.98500061035156,42.98500061035156,463,0.0,0.0,0.0
2024-09-10 09:34:00-04:00,42.989898681640625,42.989898681640625,42.97999954223633,42.97999954223633,1674,0.0,0.0,0.0
2024-09-10 09:35:00-04:00,42.97999954223633,42.9900016784668,42.97999954223633,42.9900016784668,5925,0.0,0.0,0.0
2024-09-10 09:36:00-04:00,42.98500061035156,42.98500061035156,42.97999954223633,42.97999954223633,2309,0.0,0.0,0.0
2024-09-10 09:37:00-04:00,42.98500061035156,42.9900016784668,42.97999954223633,42.9900016784668,1206,0.0,0.0,0.0
2024-09-10 09:38:00-04:00,42.98500061035156,42.9900016784668,42.98500061035156,42.98500061035156,1212,0.0,0.0,0.0
2024-09-10 09:39:00-04:00,42.9900016784668,42.9900016784668,42.9900016784668,42.9900016784668,203,0.0,0.0,0.0
2024-09-10 09:40:00-04:00,42.9900016784668,42.9900016784668,42.9900016784668,42.9900016784668,100,0.0,0.0,0.0
2024-09-10 09:41:00-04:00,42.98550033569336,42.9900016784668,42.98500061035156,42.98500061035156,758,0.0,0.0,0.0
2024-09-10 09:42:00-04:00,42.9900016784668,42.9900016784668,42.9900016784668,42.9900016784668,185,0.0,0.0,0.0
2024-09-10 09:43:00-04:00,42.98500061035156,42.98500061035156,42.98500061035156,42.98500061035156,207,0.0,0.0,0.0
2024-09-10 09:44:00-04:00,42.986000061035156,42.9900016784668,42.986000061035156,42.9900016784668,506,0.0,0.0,0.0
2024-09-10 09:45:00-04:00,42.9900016784668,42.9900016784668,42.9900016784668,42.9900016784668,284,0.0,0.0,0.0
2024-09-10 09:46:00-04:00,42.985599517822266,42.994998931884766,42.98550033569336,42.985599517822266,32101,0.0,0.0,0.0
2024-09-10 09:47:00-04:00,42.99549865722656,42.99549865722656,42.9900016784668,42.9900016784668,946,0.0,0.0,0.0
2024-09-10 09:48:00-04:00,42.99399948120117,42.99399948120117,42.9833984375,42.9833984375,986,0.0,0.0,0.0
2024-09-10 09:51:00-04:00,42.97999954223633,42.97999954223633,42.97999954223633,42.97999954223633,1533,0.0,0.0,0.0
2024-09-10 09:52:00-04:00,42.974998474121094,42.974998474121094,42.974998474121094,42.974998474121094,162,0.0,0.0,0.0
2024-09-10 09:54:00-04:00,42.97249984741211,42.97249984741211,42.97249984741211,42.97249984741211,250,0.0,0.0,0.0
2024-09-10 09:57:00-04:00,42.97529983520508,42.97529983520508,42.974998474121094,42.974998474121094,832,0.0,0.0,0.0
2024-09-10 09:58:00-04:00,42.974998474121094,42.974998474121094,42.970001220703125,42.970001220703125,591,0.0,0.0,0.0
2024-09-10 09:59:00-04:00,42.970001220703125,42.970001220703125,42.96500015258789,42.96500015258789,494,0.0,0.0,0.0
2024-09-10 10:00:00-04:00,42.96500015258789,42.96500015258789,42.96500015258789,42.96500015258789,372,0.0,0.0,0.0
2024-09-10 10:01:00-04:00,42.959999084472656,42.959999084472656,42.959999084472656,42.959999084472656,1107,0.0,0.0,0.0
2024-09-10 10:03:00-04:00,42.959999084472656,42.959999084472656,42.959999084472656,42.959999084472656,1010,0.0,0.0,0.0
2024-09-10 10:04:00-04:00,42.959999084472656,42.959999084472656,42.959999084472656,42.959999084472656,739,0.0,0.0,0.0
2024-09-10 10:06:00-04:00,42.95000076293945,42.95000076293945,42.95000076293945,42.95000076293945,608,0.0,0.0,0.0
2024-09-10 10:07:00-04:00,42.959999084472656,42.959999084472656,42.959999084472656,42.959999084472656,312,0.0,0.0,0.0
2024-09-10 10:08:00-04:00,42.970001220703125,42.970001220703125,42.970001220703125,42.970001220703125,115,0.0,0.0,0.0
2024-09-10 10:09:00-04:00,42.96500015258789,42.96500015258789,42.96500015258789,42.96500015258789,159,0.0,0.0,0.0
2024-09-10 10:10:00-04:00,42.959999084472656,42.959999084472656,42.959999084472656,42.959999084472656,704,0.0,0.0,0.0
2024-09-10 10:11:00-04:00,42.95500183105469,42.957271575927734,42.95000076293945,42.95000076293945,1467,0.0,0.0,0.0
2024-09-10 10:12:00-04:00,42.95000076293945,42.95000076293945,42.94499969482422,42.949798583984375,1699,0.0,0.0,0.0
2024-09-10 10:13:00-04:00,42.94499969482422,42.94499969482422,42.94499969482422,42.94499969482422,1018,0.0,0.0,0.0
2024-09-10 10:14:00-04:00,42.939998626708984,42.939998626708984,42.939998626708984,42.939998626708984,101,0.0,0.0,0.0
2024-09-10 10:15:00-04:00,42.9385986328125,42.9385986328125,42.935001373291016,42.935001373291016,826,0.0,0.0,0.0
2024-09-10 10:17:00-04:00,42.935001373291016,42.935001373291016,42.935001373291016,42.935001373291016,338,0.0,0.0,0.0
2024-09-10 10:18:00-04:00,42.935001373291016,42.939998626708984,42.935001373291016,42.935001373291016,4306,0.0,0.0,0.0
2024-09-10 10:19:00-04:00,42.939998626708984,42.939998626708984,42.939998626708984,42.939998626708984,379,0.0,0.0,0.0
2024-09-10 10:20:00-04:00,42.9474983215332,42.9474983215332,42.9474983215332,42.9474983215332,101,0.0,0.0,0.0
2024-09-10 10:21:00-04:00,42.939998626708984,42.94660186767578,42.939998626708984,42.939998626708984,1404,0.0,0.0,0.0
2024-09-10 10:22:00-04:00,42.93000030517578,42.93000030517578,42.93000030517578,42.93000030517578,404,0.0,0.0,0.0
2024-09-10 10:23:00-04:00,42.93149948120117,42.93149948120117,42.93149948120117,42.93149948120117,166,0.0,0.0,0.0
2024-09-10 10:24:00-04:00,42.93000030517578,42.93000030517578,42.93000030517578,42.93000030517578,346,0.0,0.0,0.0
2024-09-10 10:26:00-04:00,42.93000030517578,42.93000030517578,42.93000030517578,42.93000030517578,576,0.0,0.0,0.0
2024-09-10 10:29:00-04:00,42.939998626708984,42.939998626708984,42.93899917602539,42.93899917602539,1389,0.0,0.0,0.0
2024-09-10 10:31:00-04:00,42.935001373291016,42.93989944458008,42.935001373291016,42.935001373291016,4029,0.0,0.0,0.0
2024-09-10 10:32:00-04:00,42.93000030517578,42.935001373291016,42.93000030517578,42.93000030517578,1523,0.0,0.0,0.0
2024-09-10 10:33:00-04:00,42.93000030517578,42.93000030517578,42.93000030517578,42.93000030517578,172,0.0,0.0,0.0
2024-09-10 10:34:00-04:00,42.92499923706055,42.92499923706055,42.92499923706055,42.92499923706055,273,0.0,0.0,0.0
2024-09-10 10:35:00-04:00,42.92530059814453,42.92530059814453,42.92499923706055,42.92499923706055,994,0.0,0.0,0.0
2024-09-10 10:37:00-04:00,42.9286994934082,42.9286994934082,42.9286994934082,42.9286994934082,187,0.0,0.0,0.0
2024-09-10 10:38:00-04:00,42.9275016784668,42.9275016784668,42.92499923706055,42.92499923706055,2379,0.0,0.0,0.0
2024-09-10 10:39:00-04:00,42.93000030517578,42.93000030517578,42.92499923706055,42.92499923706055,3136,0.0,0.0,0.0
2024-09-10 10:40:00-04:00,42.92499923706055,42.92499923706055,42.92499923706055,42.92499923706055,362,0.0,0.0,0.0
2024-09-10 10:41:00-04:00,42.92499923706055,42.92499923706055,42.92499923706055,42.92499923706055,124,0.0,0.0,0.0
2024-09-10 10:42:00-04:00,42.91999816894531,42.92499923706055,42.91999816894531,42.91999816894531,1426,0.0,0.0,0.0
2024-09-10 10:43:00-04:00,42.91999816894531,42.91999816894531,42.91999816894531,42.91999816894531,142,0.0,0.0,0.0
2024-09-10 10:44:00-04:00,42.91749954223633,42.91999816894531,42.91749954223633,42.91999816894531,860,0.0,0.0,0.0
2024-09-10 10:46:00-04:00,42.91899871826172,42.91899871826172,42.91899871826172,42.91899871826172,1335,0.0,0.0,0.0
2024-09-10 10:48:00-04:00,42.915000915527344,42.919898986816406,42.915000915527344,42.919898986816406,3559,0.0,0.0,0.0
2024-09-10 10:49:00-04:00,42.915000915527344,42.915000915527344,42.915000915527344,42.915000915527344,238,0.0,0.0,0.0
2024-09-10 10:50:00-04:00,42.91999816894531,42.91999816894531,42.915000915527344,42.915000915527344,1182,0.0,0.0,0.0
2024-09-10 10:51:00-04:00,42.90999984741211,42.915000915527344,42.90999984741211,42.915000915527344,630,0.0,0.0,0.0
2024-09-10 10:52:00-04:00,42.91339874267578,42.915000915527344,42.91339874267578,42.915000915527344,1133,0.0,0.0,0.0
2024-09-10 10:53:00-04:00,42.915000915527344,42.919898986816406,42.913944244384766,42.913944244384766,657,0.0,0.0,0.0
2024-09-10 10:54:00-04:00,42.915000915527344,42.915000915527344,42.915000915527344,42.915000915527344,929,0.0,0.0,0.0
2024-09-10 10:55:00-04:00,42.915000915527344,42.915000915527344,42.915000915527344,42.915000915527344,440,0.0,0.0,0.0
2024-09-10 10:58:00-04:00,42.90999984741211,42.91510009765625,42.90999984741211,42.91510009765625,1017,0.0,0.0,0.0
2024-09-10 11:00:00-04:00,42.90999984741211,42.90999984741211,42.90999984741211,42.90999984741211,1288,0.0,0.0,0.0
2024-09-10 11:01:00-04:00,42.904998779296875,42.904998779296875,42.904998779296875,42.904998779296875,3132,0.0,0.0,0.0
2024-09-10 11:02:00-04:00,42.9099006652832,42.90999984741211,42.904998779296875,42.904998779296875,1291,0.0,0.0,0.0
2024-09-10 11:03:00-04:00,42.9099006652832,42.9099006652832,42.904998779296875,42.904998779296875,2633,0.0,0.0,0.0
2024-09-10 11:04:00-04:00,42.90380096435547,42.90620040893555,42.90380096435547,42.904998779296875,2460,0.0,0.0,0.0
2024-09-10 11:05:00-04:00,42.909698486328125,42.909698486328125,42.904998779296875,42.904998779296875,887,0.0,0.0,0.0
2024-09-10 11:06:00-04:00,42.904998779296875,42.90879821777344,42.900001525878906,42.900001525878906,9403,0.0,0.0,0.0
2024-09-10 11:07:00-04:00,42.900001525878906,42.900001525878906,42.894901275634766,42.900001525878906,2418,0.0,0.0,0.0
2024-09-10 11:08:00-04:00,42.90999984741211,42.90999984741211,42.90999984741211,42.90999984741211,518,0.0,0.0,0.0
2024-09-10 11:09:00-04:00,42.90999984741211,42.90999984741211,42.90999984741211,42.90999984741211,100,0.0,0.0,0.0
2024-09-10 11:10:00-04:00,42.90999984741211,42.915000915527344,42.90999984741211,42.915000915527344,971,0.0,0.0,0.0
2024-09-10 11:11:00-04:00,42.919898986816406,42.919898986816406,42.919898986816406,42.919898986816406,121,0.0,0.0,0.0
2024-09-10 11:12:00-04:00,42.90999984741211,42.90999984741211,42.904998779296875,42.904998779296875,502,0.0,0.0,0.0
2024-09-10 11:13:00-04:00,42.9099006652832,42.90999984741211,42.90010070800781,42.90999984741211,2339,0.0,0.0,0.0
2024-09-10 11:14:00-04:00,42.90010070800781,42.919898986816406,42.90010070800781,42.910099029541016,2087,0.0,0.0,0.0
2024-09-10 11:15:00-04:00,42.919898986816406,42.91999816894531,42.910099029541016,42.910099029541016,612,0.0,0.0,0.0
2024-09-10 11:16:00-04:00,42.915000915527344,42.919898986816406,42.910099029541016,42.910099029541016,1829,0.0,0.0,0.0
2024-09-10 11:17:00-04:00,42.919898986816406,42.919898986816406,42.910099029541016,42.912200927734375,915,0.0,0.0,0.0
2024-09-10 11:18:00-04:00,42.915000915527344,42.915000915527344,42.915000915527344,42.915000915527344,394,0.0,0.0,0.0
2024-09-10 11:19:00-04:00,42.915000915527344,42.91999816894531,42.915000915527344,42.915000915527344,2279,0.0,0.0,0.0
2024-09-10 11:20:00-04:00,42.915000915527344,42.915000915527344,42.910099029541016,42.910099029541016,596,0.0,0.0,0.0
2024-09-10 11:21:00-04:00,42.915000915527344,42.915000915527344,42.90999984741211,42.90999984741211,4179,0.0,0.0,0.0
2024-09-10 11:22:00-04:00,42.9099006652832,42.9099006652832,42.9099006652832,42.9099006652832,563,0.0,0.0,0.0
2024-09-10 11:23:00-04:00,42.90999984741211,42.90999984741211,42.90999984741211,42.90999984741211,1038,0.0,0.0,0.0
2024-09-10 11:24:00-04:00,42.91999816894531,42.91999816894531,42.91999816894531,42.91999816894531,100,0.0,0.0,0.0
2024-09-10 11:25:00-04:00,42.91999816894531,42.91999816894531,42.91999816894531,42.91999816894531,1130,0.0,0.0,0.0
2024-09-10 11:27:00-04:00,42.91999816894531,42.91999816894531,42.91999816894531,42.91999816894531,180,0.0,0.0,0.0
2024-09-10 11:28:00-04:00,42.91999816894531,42.92499923706055,42.91999816894531,42.92499923706055,2474,0.0,0.0,0.0
2024-09-10 11:29:00-04:00,42.92499923706055,42.92499923706055,42.92499923706055,42.92499923706055,890,0.0,0.0,0.0
2024-09-10 11:30:00-04:00,42.92499923706055,42.92499923706055,42.92499923706055,42.92499923706055,931,0.0,0.0,0.0
2024-09-10 11:31:00-04:00,42.92499923706055,42.92499923706055,42.92499923706055,42.92499923706055,524,0.0,0.0,0.0
2024-09-10 11:32:00-04:00,42.93000030517578,42.93000030517578,42.93000030517578,42.93000030517578,1023,0.0,0.0,0.0
2024-09-10 11:34:00-04:00,42.92499923706055,42.92499923706055,42.92499923706055,42.92499923706055,1593,0.0,0.0,0.0
2024-09-10 11:35:00-04:00,42.92499923706055,42.92499923706055,42.92499923706055,42.92499923706055,1010,0.0,0.0,0.0
2024-09-10 11:36:00-04:00,42.92499923706055,42.92499923706055,42.92499923706055,42.92499923706055,421,0.0,0.0,0.0
2024-09-10 11:37:00-04:00,42.91999816894531,42.91999816894531,42.915000915527344,42.915000915527344,2820,0.0,0.0,0.0
2024-09-10 11:39:00-04:00,42.915000915527344,42.915000915527344,42.915000915527344,42.915000915527344,2624,0.0,0.0,0.0
2024-09-10 11:40:00-04:00,42.915000915527344,42.915000915527344,42.915000915527344,42.915000915527344,1514,0.0,0.0,0.0
2024-09-10 11:42:00-04:00,42.91999816894531,42.91999816894531,42.91999816894531,42.91999816894531,200,0.0,0.0,0.0
2024-09-10 11:43:00-04:00,42.915000915527344,42.91999816894531,42.915000915527344,42.91999816894531,1485,0.0,0.0,0.0
2024-09-10 11:45:00-04:00,42.90999984741211,42.915000915527344,42.90999984741211,42.90999984741211,1110,0.0,0.0,0.0
2024-09-10 11:46:00-04:00,42.90999984741211,42.915000915527344,42.90999984741211,42.915000915527344,1238,0.0,0.0,0.0
2024-09-10 11:47:00-04:00,42.915000915527344,42.915000915527344,42.90999984741211,42.915000915527344,18212,0.0,0.0,0.0
2024-09-10 11:48:00-04:00,42.915000915527344,42.915000915527344,42.90999984741211,42.90999984741211,1257,0.0,0.0,0.0
2024-09-10 11:49:00-04:00,42.915000915527344,42.915000915527344,42.915000915527344,42.915000915527344,184,0.0,0.0,0.0
2024-09-10 11:50:00-04:00,42.90999984741211,42.90999984741211,42.900001525878906,42.900001525878906,2910,0.0,0.0,0.0
2024-09-10 11:51:00-04:00,42.900001525878906,42.907798767089844,42.900001525878906,42.907798767089844,23106,0.0,0.0,0.0
2024-09-10 11:53:00-04:00,42.905601501464844,42.905601501464844,42.904998779296875,42.904998779296875,1557,0.0,0.0,0.0
2024-09-10 11:55:00-04:00,42.900001525878906,42.900001525878906,42.900001525878906,42.900001525878906,211,0.0,0.0,0.0
2024-09-10 11:56:00-04:00,42.900001525878906,42.909000396728516,42.900001525878906,42.904998779296875,1241,0.0,0.0,0.0
2024-09-10 11:57:00-04:00,42.900001525878906,42.900001525878906,42.89500045776367,42.900001525878906,2268,0.0,0.0,0.0
2024-09-10 11:58:00-04:00,42.900001525878906,42.900001525878906,42.900001525878906,42.900001525878906,6231,0.0,0.0,0.0
2024-09-10 11:59:00-04:00,42.89500045776367,42.900001525878906,42.89500045776367,42.89500045776367,21475,0.0,0.0,0.0
2024-09-10 12:00:00-04:00,42.89500045776367,42.89500045776367,42.88999938964844,42.89500045776367,3107,0.0,0.0,0.0
2024-09-10 12:01:00-04:00,42.89500045776367,42.900001525878906,42.89500045776367,42.900001525878906,423,0.0,0.0,0.0
2024-09-10 12:03:00-04:00,42.88999938964844,42.89500045776367,42.8849983215332,42.8849983215332,4131,0.0,0.0,0.0
2024-09-10 12:04:00-04:00,42.8849983215332,42.8849983215332,42.8849983215332,42.8849983215332,816,0.0,0.0,0.0
2024-09-10 12:05:00-04:00,42.88999938964844,42.88999938964844,42.88999938964844,42.88999938964844,247,0.0,0.0,0.0
2024-09-10 12:06:00-04:00,42.88990020751953,42.88999938964844,42.8849983215332,42.8849983215332,1730,0.0,0.0,0.0
2024-09-10 12:07:00-04:00,42.888301849365234,42.888301849365234,42.888301849365234,42.888301849365234,410,0.0,0.0,0.0
2024-09-10 12:11:00-04:00,42.88999938964844,42.88999938964844,42.8849983215332,42.8849983215332,405,0.0,0.0,0.0
2024-09-10 12:12:00-04:00,42.88990020751953,42.88990020751953,42.88990020751953,42.88990020751953,2619,0.0,0.0,0.0
2024-09-10 12:13:00-04:00,42.8849983215332,42.8849983215332,42.8849983215332,42.8849983215332,101,0.0,0.0,0.0
2024-09-10 12:14:00-04:00,42.8849983215332,42.8849983215332,42.8849983215332,42.8849983215332,1024,0.0,0.0,0.0
2024-09-10 12:16:00-04:00,42.8849983215332,42.8849983215332,42.8849983215332,42.8849983215332,165,0.0,0.0,0.0
2024-09-10 12:17:00-04:00,42.88999938964844,42.88999938964844,42.88999938964844,42.88999938964844,223,0.0,0.0,0.0
2024-09-10 12:18:00-04:00,42.88999938964844,42.88999938964844,42.8849983215332,42.8849983215332,1627,0.0,0.0,0.0
2024-09-10 12:19:00-04:00,42.8849983215332,42.8849983215332,42.8849983215332,42.8849983215332,241,0.0,0.0,0.0
2024-09-10 12:21:00-04:00,42.88999938964844,42.88999938964844,42.88999938964844,42.88999938964844,285,0.0,0.0,0.0
2024-09-10 12:23:00-04:00,42.88999938964844,42.88999938964844,42.88999938964844,42.88999938964844,113,0.0,0.0,0.0
2024-09-10 12:25:00-04:00,42.8849983215332,42.88999938964844,42.8849983215332,42.88999938964844,355,0.0,0.0,0.0
2024-09-10 12:27:00-04:00,42.88999938964844,42.88999938964844,42.88999938964844,42.88999938964844,137,0.0,0.0,0.0
2024-09-10 12:28:00-04:00,42.8849983215332,42.8849983215332,42.8849983215332,42.8849983215332,101,0.0,0.0,0.0
2024-09-10 12:29:00-04:00,42.88010025024414,42.88999938964844,42.88010025024414,42.8849983215332,3066,0.0,0.0,0.0
2024-09-10 12:30:00-04:00,42.880001068115234,42.8849983215332,42.880001068115234,42.8849983215332,1186,0.0,0.0,0.0
2024-09-10 12:31:00-04:00,42.880001068115234,42.880001068115234,42.880001068115234,42.880001068115234,192,0.0,0.0,0.0
2024-09-10 12:32:00-04:00,42.88999938964844,42.88999938964844,42.88999938964844,42.88999938964844,109,0.0,0.0,0.0
2024-09-10 12:34:00-04:00,42.8849983215332,42.886199951171875,42.8849983215332,42.8849983215332,700,0.0,0.0,0.0
2024-09-10 12:35:00-04:00,42.880001068115234,42.880001068115234,42.875,42.875,11665,0.0,0.0,0.0
2024-09-10 12:36:00-04:00,42.875,42.875,42.875,42.875,318,0.0,0.0,0.0
2024-09-10 12:37:00-04:00,42.880001068115234,42.880001068115234,42.880001068115234,42.880001068115234,563,0.0,0.0,0.0
2024-09-10 12:38:00-04:00,42.880001068115234,42.880001068115234,42.87009811401367,42.87009811401367,1031,0.0,0.0,0.0
2024-09-10 12:40:00-04:00,42.880001068115234,42.880001068115234,42.880001068115234,42.880001068115234,112,0.0,0.0,0.0
2024-09-10 12:41:00-04:00,42.87990188598633,42.87990188598633,42.87990188598633,42.87990188598633,146,0.0,0.0,0.0
2024-09-10 12:42:00-04:00,42.880001068115234,42.880001068115234,42.880001068115234,42.880001068115234,102,0.0,0.0,0.0
2024-09-10 12:43:00-04:00,42.875,42.87990188598633,42.869998931884766,42.875,16104,0.0,0.0,0.0
2024-09-10 12:44:00-04:00,42.875,42.875,42.875,42.875,123,0.0,0.0,0.0
2024-09-10 12:45:00-04:00,42.875,42.880001068115234,42.875,42.880001068115234,740,0.0,0.0,0.0
2024-09-10 12:46:00-04:00,42.869998931884766,42.880001068115234,42.869998931884766,42.87860107421875,7163,0.0,0.0,0.0
2024-09-10 12:47:00-04:00,42.875,42.87710189819336,42.875,42.87710189819336,2183,0.0,0.0,0.0
2024-09-10 12:48:00-04:00,42.875,42.875,42.875,42.875,100,0.0,0.0,0.0
2024-09-10 12:49:00-04:00,42.87350082397461,42.87350082397461,42.87350082397461,42.87350082397461,129,0.0,0.0,0.0
2024-09-10 12:50:00-04:00,42.875,42.875,42.875,42.875,129,0.0,0.0,0.0
2024-09-10 12:52:00-04:00,42.875,42.880001068115234,42.875,42.87649917602539,2017,0.0,0.0,0.0
2024-09-10 12:53:00-04:00,42.880001068115234,42.8849983215332,42.880001068115234,42.8849983215332,5005,0.0,0.0,0.0
2024-09-10 12:54:00-04:00,42.8849983215332,42.8849983215332,42.8849983215332,42.8849983215332,326,0.0,0.0,0.0
2024-09-10 12:55:00-04:00,42.88990020751953,42.88990020751953,42.88990020751953,42.88990020751953,1038,0.0,0.0,0.0
2024-09-10 12:56:00-04:00,42.875,42.885799407958984,42.875,42.875,3853,0.0,0.0,0.0
2024-09-10 12:57:00-04:00,42.880001068115234,42.8849983215332,42.880001068115234,42.8849983215332,2735,0.0,0.0,0.0
2024-09-10 12:58:00-04:00,42.880001068115234,42.880001068115234,42.880001068115234,42.880001068115234,154,0.0,0.0,0.0
2024-09-10 12:59:00-04:00,42.880001068115234,42.88309860229492,42.880001068115234,42.88309860229492,664,0.0,0.0,0.0
2024-09-10 13:00:00-04:00,42.869998931884766,42.87799835205078,42.869998931884766,42.87799835205078,2166,0.0,0.0,0.0
2024-09-10 13:02:00-04:00,42.875,42.88999938964844,42.875,42.8849983215332,24857,0.0,0.0,0.0
2024-09-10 13:03:00-04:00,42.8849983215332,42.8849983215332,42.880001068115234,42.880001068115234,1178,0.0,0.0,0.0
2024-09-10 13:05:00-04:00,42.880001068115234,42.880001068115234,42.880001068115234,42.880001068115234,194,0.0,0.0,0.0
2024-09-10 13:06:00-04:00,42.88010025024414,42.8849983215332,42.88010025024414,42.8849983215332,760,0.0,0.0,0.0
2024-09-10 13:08:00-04:00,42.880001068115234,42.8849983215332,42.880001068115234,42.880001068115234,2369,0.0,0.0,0.0
2024-09-10 13:09:00-04:00,42.8849983215332,42.88990020751953,42.880001068115234,42.88990020751953,1828,0.0,0.0,0.0
2024-09-10 13:10:00-04:00,42.880001068115234,42.880001068115234,42.880001068115234,42.880001068115234,753,0.0,0.0,0.0
2024-09-10 13:11:00-04:00,42.8849983215332,42.88999938964844,42.8849983215332,42.88999938964844,1292,0.0,0.0,0.0
2024-09-10 13:12:00-04:00,42.880001068115234,42.88999938964844,42.880001068115234,42.88999938964844,641,0.0,0.0,0.0
2024-09-10 13:13:00-04:00,42.8849983215332,42.8849983215332,42.8849983215332,42.8849983215332,704,0.0,0.0,0.0
2024-09-10 13:14:00-04:00,42.88999938964844,42.88999938964844,42.88999938964844,42.88999938964844,275,0.0,0.0,0.0
2024-09-10 13:15:00-04:00,42.8849983215332,42.88999938964844,42.880001068115234,42.8849983215332,11682,0.0,0.0,0.0
2024-09-10 13:17:00-04:00,42.88010025024414,42.88999938964844,42.88010025024414,42.88999938964844,446,0.0,0.0,0.0
2024-09-10 13:18:00-04:00,42.8849983215332,42.8849983215332,42.8849983215332,42.8849983215332,329,0.0,0.0,0.0
2024-09-10 13:19:00-04:00,42.88999938964844,42.88999938964844,42.8849983215332,42.8849983215332,3875,0.0,0.0,0.0
2024-09-10 13:20:00-04:00,42.8849983215332,42.88990020751953,42.88010025024414,42.88010025024414,1165,0.0,0.0,0.0
2024-09-10 13:21:00-04:00,42.8849983215332,42.8849983215332,42.8849983215332,42.8849983215332,1152,0.0,0.0,0.0
2024-09-10 13:22:00-04:00,42.8849983215332,42.8849983215332,42.875,42.880001068115234,123284,0.0,0.0,0.0
2024-09-10 13:23:00-04:00,42.875,42.87969970703125,42.87369918823242,42.87969970703125,1509,0.0,0.0,0.0
2024-09-10 13:24:00-04:00,42.875,42.88999938964844,42.875,42.88999938964844,4918,0.0,0.0,0.0
2024-09-10 13:25:00-04:00,42.8849983215332,42.8849983215332,42.8849983215332,42.8849983215332,744,0.0,0.0,0.0
2024-09-10 13:26:00-04:00,42.8849983215332,42.8849983215332,42.8849983215332,42.8849983215332,292,0.0,0.0,0.0
2024-09-10 13:28:00-04:00,42.88999938964844,42.88999938964844,42.88999938964844,42.88999938964844,832,0.0,0.0,0.0
2024-09-10 13:29:00-04:00,42.880001068115234,42.880001068115234,42.880001068115234,42.880001068115234,2029,0.0,0.0,0.0
2024-09-10 13:32:00-04:00,42.869998931884766,42.87990188598633,42.869998931884766,42.87990188598633,509,0.0,0.0,0.0
2024-09-10 13:33:00-04:00,42.880001068115234,42.880001068115234,42.87519836425781,42.87519836425781,516,0.0,0.0,0.0
2024-09-10 13:34:00-04:00,42.87379837036133,42.87379837036133,42.87379837036133,42.87379837036133,292,0.0,0.0,0.0
2024-09-10 13:36:00-04:00,42.880001068115234,42.880001068115234,42.880001068115234,42.880001068115234,141,0.0,0.0,0.0
2024-09-10 13:37:00-04:00,42.875,42.875,42.875,42.875,100,0.0,0.0,0.0
2024-09-10 13:38:00-04:00,42.880001068115234,42.880001068115234,42.880001068115234,42.880001068115234,207,0.0,0.0,0.0
2024-09-10 13:39:00-04:00,42.87590026855469,42.8849983215332,42.87590026855469,42.8849983215332,1626,0.0,0.0,0.0
2024-09-10 13:40:00-04:00,42.8849983215332,42.8849983215332,42.88420104980469,42.88420104980469,467,0.0,0.0,0.0
2024-09-10 13:41:00-04:00,42.88999938964844,42.88999938964844,42.88999938964844,42.88999938964844,236,0.0,0.0,0.0
2024-09-10 13:44:00-04:00,42.880001068115234,42.880001068115234,42.880001068115234,42.880001068115234,2222,0.0,0.0,0.0
2024-09-10 13:45:00-04:00,42.8849983215332,42.8849983215332,42.880001068115234,42.880001068115234,2626,0.0,0.0,0.0
2024-09-10 13:46:00-04:00,42.880001068115234,42.88610076904297,42.880001068115234,42.8849983215332,1342,0.0,0.0,0.0
2024-09-10 13:47:00-04:00,42.880001068115234,42.88999938964844,42.880001068115234,42.88999938964844,1306,0.0,0.0,0.0
2024-09-10 13:48:00-04:00,42.880001068115234,42.8849983215332,42.880001068115234,42.88010025024414,1300,0.0,0.0,0.0
2024-09-10 13:49:00-04:00,42.88850021362305,42.88999938964844,42.880001068115234,42.88999938964844,1156,0.0,0.0,0.0
2024-09-10 13:51:00-04:00,42.88999938964844,42.88999938964844,42.878501892089844,42.878501892089844,1028,0.0,0.0,0.0
2024-09-10 13:53:00-04:00,42.880001068115234,42.880001068115234,42.875,42.875,11267,0.0,0.0,0.0
2024-09-10 13:55:00-04:00,42.875,42.875,42.875,42.875,568,0.0,0.0,0.0
2024-09-10 13:56:00-04:00,42.880001068115234,42.880001068115234,42.880001068115234,42.880001068115234,100,0.0,0.0,0.0
2024-09-10 13:57:00-04:00,42.875,42.880001068115234,42.875,42.880001068115234,593,0.0,0.0,0.0
2024-09-10 13:58:00-04:00,42.880001068115234,42.880001068115234,42.880001068115234,42.880001068115234,100,0.0,0.0,0.0
2024-09-10 13:59:00-04:00,42.875701904296875,42.880001068115234,42.875701904296875,42.880001068115234,240,0.0,0.0,0.0
2024-09-10 14:00:00-04:00,42.875,42.875,42.869998931884766,42.869998931884766,3325,0.0,0.0,0.0
2024-09-10 14:01:00-04:00,42.880001068115234,42.880001068115234,42.869998931884766,42.869998931884766,2735,0.0,0.0,0.0
2024-09-10 14:03:00-04:00,42.86009979248047,42.86009979248047,42.86009979248047,42.86009979248047,206,0.0,0.0,0.0
2024-09-10 14:04:00-04:00,42.86819839477539,42.86819839477539,42.86819839477539,42.86819839477539,4250,0.0,0.0,0.0
2024-09-10 14:05:00-04:00,42.869998931884766,42.869998931884766,42.869998931884766,42.869998931884766,183,0.0,0.0,0.0
2024-09-10 14:06:00-04:00,42.86980056762695,42.86980056762695,42.8650016784668,42.8650016784668,411,0.0,0.0,0.0
2024-09-10 14:07:00-04:00,42.869998931884766,42.869998931884766,42.869998931884766,42.869998931884766,144,0.0,0.0,0.0
2024-09-10 14:08:00-04:00,42.869998931884766,42.869998931884766,42.86989974975586,42.86989974975586,3914,0.0,0.0,0.0
2024-09-10 14:09:00-04:00,42.869998931884766,42.869998931884766,42.8650016784668,42.86989974975586,3059,0.0,0.0,0.0
2024-09-10 14:10:00-04:00,42.8661994934082,42.869998931884766,42.8661994934082,42.869998931884766,423,0.0,0.0,0.0
2024-09-10 14:12:00-04:00,42.869998931884766,42.869998931884766,42.8650016784668,42.869998931884766,1046,0.0,0.0,0.0
2024-09-10 14:13:00-04:00,42.869998931884766,42.869998931884766,42.869998931884766,42.869998931884766,429,0.0,0.0,0.0
2024-09-10 14:14:00-04:00,42.869998931884766,42.869998931884766,42.86629867553711,42.86629867553711,878,0.0,0.0,0.0
2024-09-10 14:15:00-04:00,42.869998931884766,42.869998931884766,42.869998931884766,42.869998931884766,630,0.0,0.0,0.0
2024-09-10 14:16:00-04:00,42.869998931884766,42.869998931884766,42.869998931884766,42.869998931884766,234,0.0,0.0,0.0
2024-09-10 14:17:00-04:00,42.8650016784668,42.869998931884766,42.8650016784668,42.869998931884766,1981,0.0,0.0,0.0
2024-09-10 14:18:00-04:00,42.868499755859375,42.868499755859375,42.868499755859375,42.868499755859375,1387,0.0,0.0,0.0
2024-09-10 14:20:00-04:00,42.869998931884766,42.875,42.869998931884766,42.875,1817,0.0,0.0,0.0
2024-09-10 14:21:00-04:00,42.875,42.880001068115234,42.869998931884766,42.875,1128,0.0,0.0,0.0
2024-09-10 14:22:00-04:00,42.869998931884766,42.869998931884766,42.869998931884766,42.869998931884766,136,0.0,0.0,0.0
2024-09-10 14:23:00-04:00,42.880001068115234,42.880001068115234,42.875,42.880001068115234,905,0.0,0.0,0.0
2024-09-10 14:24:00-04:00,42.880001068115234,42.880001068115234,42.880001068115234,42.880001068115234,413,0.0,0.0,0.0
2024-09-10 14:25:00-04:00,42.880001068115234,42.880001068115234,42.880001068115234,42.880001068115234,211,0.0,0.0,0.0
2024-09-10 14:26:00-04:00,42.880001068115234,42.880001068115234,42.880001068115234,42.880001068115234,175,0.0,0.0,0.0
2024-09-10 14:27:00-04:00,42.880001068115234,42.880001068115234,42.880001068115234,42.880001068115234,160,0.0,0.0,0.0
2024-09-10 14:28:00-04:00,42.875,42.880001068115234,42.875,42.880001068115234,675,0.0,0.0,0.0
2024-09-10 14:29:00-04:00,42.875,42.875,42.875,42.875,276,0.0,0.0,0.0
2024-09-10 14:30:00-04:00,42.880001068115234,42.880001068115234,42.880001068115234,42.880001068115234,116,0.0,0.0,0.0
2024-09-10 14:31:00-04:00,42.875,42.880001068115234,42.875,42.880001068115234,1532,0.0,0.0,0.0
2024-09-10 14:32:00-04:00,42.880001068115234,42.880001068115234,42.880001068115234,42.880001068115234,100,0.0,0.0,0.0
2024-09-10 14:33:00-04:00,42.880001068115234,42.880001068115234,42.878501892089844,42.880001068115234,4208,0.0,0.0,0.0
2024-09-10 14:34:00-04:00,42.880001068115234,42.880001068115234,42.880001068115234,42.880001068115234,503,0.0,0.0,0.0
2024-09-10 14:36:00-04:00,42.875,42.880001068115234,42.875,42.880001068115234,361,0.0,0.0,0.0
2024-09-10 14:37:00-04:00,42.880001068115234,42.880001068115234,42.880001068115234,42.880001068115234,244,0.0,0.0,0.0
2024-09-10 14:39:00-04:00,42.880001068115234,42.880001068115234,42.880001068115234,42.880001068115234,310,0.0,0.0,0.0
2024-09-10 14:40:00-04:00,42.880001068115234,42.8849983215332,42.880001068115234,42.8849983215332,4070,0.0,0.0,0.0
2024-09-10 14:41:00-04:00,42.8849983215332,42.8849983215332,42.8849983215332,42.8849983215332,465,0.0,0.0,0.0
2024-09-10 14:42:00-04:00,42.88010025024414,42.88999938964844,42.88010025024414,42.8849983215332,2565,0.0,0.0,0.0
2024-09-10 14:43:00-04:00,42.88999938964844,42.88999938964844,42.88999938964844,42.88999938964844,101,0.0,0.0,0.0
2024-09-10 14:44:00-04:00,42.88999938964844,42.88999938964844,42.88999938964844,42.88999938964844,100,0.0,0.0,0.0
2024-09-10 14:45:00-04:00,42.88999938964844,42.88999938964844,42.88999938964844,42.88999938964844,101,0.0,0.0,0.0
2024-09-10 14:46:00-04:00,42.8849983215332,42.8849983215332,42.8849983215332,42.8849983215332,494,0.0,0.0,0.0
2024-09-10 14:47:00-04:00,42.88999938964844,42.88999938964844,42.884700775146484,42.88990020751953,1230,0.0,0.0,0.0
2024-09-10 14:48:00-04:00,42.88999938964844,42.88999938964844,42.8849983215332,42.8849983215332,2106,0.0,0.0,0.0
2024-09-10 14:49:00-04:00,42.88159942626953,42.88999938964844,42.88159942626953,42.8849983215332,5198,0.0,0.0,0.0
2024-09-10 14:50:00-04:00,42.88010025024414,42.88999938964844,42.88010025024414,42.88999938964844,894,0.0,0.0,0.0
2024-09-10 14:51:00-04:00,42.8849983215332,42.88999938964844,42.8849983215332,42.88999938964844,2250,0.0,0.0,0.0
2024-09-10 14:52:00-04:00,42.883201599121094,42.88999938964844,42.883201599121094,42.88999938964844,722,0.0,0.0,0.0
2024-09-10 14:53:00-04:00,42.88840103149414,42.88999938964844,42.8849983215332,42.8849983215332,1014,0.0,0.0,0.0
2024-09-10 14:54:00-04:00,42.88999938964844,42.88999938964844,42.88999938964844,42.88999938964844,537,0.0,0.0,0.0
2024-09-10 14:55:00-04:00,42.88999938964844,42.88999938964844,42.88999938964844,42.88999938964844,100,0.0,0.0,0.0
2024-09-10 14:56:00-04:00,42.88999938964844,42.88999938964844,42.88999938964844,42.88999938964844,108,0.0,0.0,0.0
2024-09-10 14:57:00-04:00,42.88999938964844,42.88999938964844,42.88999938964844,42.88999938964844,100,0.0,0.0,0.0
2024-09-10 14:58:00-04:00,42.88840103149414,42.88840103149414,42.8849983215332,42.8849983215332,2201,0.0,0.0,0.0
2024-09-10 14:59:00-04:00,42.88999938964844,42.88999938964844,42.8849983215332,42.8849983215332,322,0.0,0.0,0.0
2024-09-10 15:00:00-04:00,42.88999938964844,42.88999938964844,42.88999938964844,42.88999938964844,114,0.0,0.0,0.0
2024-09-10 15:01:00-04:00,42.88999938964844,42.88999938964844,42.88999938964844,42.88999938964844,162,0.0,0.0,0.0
2024-09-10 15:02:00-04:00,42.88999938964844,42.88999938964844,42.88999938964844,42.88999938964844,177,0.0,0.0,0.0
2024-09-10 15:03:00-04:00,42.88999938964844,42.88999938964844,42.88999938964844,42.88999938964844,140,0.0,0.0,0.0
2024-09-10 15:04:00-04:00,42.880001068115234,42.88999938964844,42.880001068115234,42.88999938964844,1500,0.0,0.0,0.0
2024-09-10 15:05:00-04:00,42.88999938964844,42.88999938964844,42.88999938964844,42.88999938964844,135,0.0,0.0,0.0
2024-09-10 15:06:00-04:00,42.8849983215332,42.88999938964844,42.8849983215332,42.88999938964844,265,0.0,0.0,0.0
2024-09-10 15:08:00-04:00,42.88999938964844,42.88999938964844,42.8849983215332,42.8849983215332,465,0.0,0.0,0.0
2024-09-10 15:09:00-04:00,42.88999938964844,42.88999938964844,42.88999938964844,42.88999938964844,200,0.0,0.0,0.0
2024-09-10 15:10:00-04:00,42.88990020751953,42.88999938964844,42.8849983215332,42.8849983215332,7181,0.0,0.0,0.0
2024-09-10 15:12:00-04:00,42.88999938964844,42.88999938964844,42.88999938964844,42.88999938964844,376,0.0,0.0,0.0
2024-09-10 15:13:00-04:00,42.8838996887207,42.88999938964844,42.8838996887207,42.88999938964844,1012,0.0,0.0,0.0
2024-09-10 15:14:00-04:00,42.88629913330078,42.88999938964844,42.8849983215332,42.8849983215332,2303,0.0,0.0,0.0
2024-09-10 15:15:00-04:00,42.8849983215332,42.8849983215332,42.8849983215332,42.8849983215332,828,0.0,0.0,0.0
2024-09-10 15:16:00-04:00,42.88999938964844,42.88999938964844,42.8849983215332,42.8849983215332,333,0.0,0.0,0.0
2024-09-10 15:17:00-04:00,42.88010025024414,42.88999938964844,42.88010025024414,42.88999938964844,914,0.0,0.0,0.0
2024-09-10 15:18:00-04:00,42.88999938964844,42.88999938964844,42.8849983215332,42.8849983215332,3175,0.0,0.0,0.0
2024-09-10 15:20:00-04:00,42.88999938964844,42.88999938964844,42.88999938964844,42.88999938964844,211,0.0,0.0,0.0
2024-09-10 15:21:00-04:00,42.88679885864258,42.88999938964844,42.8849983215332,42.88999938964844,29824,0.0,0.0,0.0
2024-09-10 15:22:00-04:00,42.88999938964844,42.89500045776367,42.880001068115234,42.89500045776367,2623,0.0,0.0,0.0
2024-09-10 15:23:00-04:00,42.900001525878906,42.900001525878906,42.900001525878906,42.900001525878906,237,0.0,0.0,0.0
2024-09-10 15:25:00-04:00,42.900001525878906,42.900001525878906,42.89350128173828,42.89350128173828,600,0.0,0.0,0.0
2024-09-10 15:27:00-04:00,42.900001525878906,42.900001525878906,42.88999938964844,42.88999938964844,662,0.0,0.0,0.0
2024-09-10 15:29:00-04:00,42.89500045776367,42.900001525878906,42.89500045776367,42.89500045776367,9269,0.0,0.0,0.0
2024-09-10 15:31:00-04:00,42.89780044555664,42.900001525878906,42.88999938964844,42.900001525878906,575,0.0,0.0,0.0
2024-09-10 15:33:00-04:00,42.89500045776367,42.900001525878906,42.89500045776367,42.89500045776367,3103,0.0,0.0,0.0
2024-09-10 15:34:00-04:00,42.89500045776367,42.89500045776367,42.89500045776367,42.89500045776367,2100,0.0,0.0,0.0
2024-09-10 15:35:00-04:00,42.89500045776367,42.900001525878906,42.89500045776367,42.900001525878906,763,0.0,0.0,0.0
2024-09-10 15:36:00-04:00,42.894901275634766,42.894901275634766,42.894901275634766,42.894901275634766,131,0.0,0.0,0.0
2024-09-10 15:37:00-04:00,42.89500045776367,42.900001525878906,42.88999938964844,42.89070129394531,7437,0.0,0.0,0.0
2024-09-10 15:38:00-04:00,42.88999938964844,42.89500045776367,42.88999938964844,42.89500045776367,1118,0.0,0.0,0.0
2024-09-10 15:39:00-04:00,42.900001525878906,42.900001525878906,42.88999938964844,42.89500045776367,1354,0.0,0.0,0.0
2024-09-10 15:40:00-04:00,42.89500045776367,42.89500045776367,42.89500045776367,42.89500045776367,2200,0.0,0.0,0.0
2024-09-10 15:41:00-04:00,42.900001525878906,42.900001525878906,42.89500045776367,42.900001525878906,2529,0.0,0.0,0.0
2024-09-10 15:42:00-04:00,42.900001525878906,42.904998779296875,42.900001525878906,42.904998779296875,1725,0.0,0.0,0.0
2024-09-10 15:43:00-04:00,42.904998779296875,42.904998779296875,42.904998779296875,42.904998779296875,817,0.0,0.0,0.0
2024-09-10 15:47:00-04:00,42.90950012207031,42.90950012207031,42.900001525878906,42.900001525878906,678,0.0,0.0,0.0
2024-09-10 15:48:00-04:00,42.90530014038086,42.90999984741211,42.904998779296875,42.904998779296875,824,0.0,0.0,0.0
2024-09-10 15:49:00-04:00,42.904998779296875,42.904998779296875,42.90399932861328,42.904998779296875,2334,0.0,0.0,0.0
2024-09-10 15:50:00-04:00,42.904998779296875,42.90999984741211,42.904998779296875,42.904998779296875,2848,0.0,0.0,0.0
2024-09-10 15:51:00-04:00,42.904998779296875,42.90999984741211,42.904998779296875,42.904998779296875,2643,0.0,0.0,0.0
2024-09-10 15:52:00-04:00,42.90999984741211,42.90999984741211,42.904998779296875,42.904998779296875,471,0.0,0.0,0.0
2024-09-10 15:53:00-04:00,42.90999984741211,42.90999984741211,42.90999984741211,42.90999984741211,200,0.0,0.0,0.0
2024-09-10 15:55:00-04:00,42.90999984741211,42.90999984741211,42.90999984741211,42.90999984741211,3929,0.0,0.0,0.0
2024-09-10 15:56:00-04:00,42.90380096435547,42.90999984741211,42.90380096435547,42.904998779296875,3018,0.0,0.0,0.0
2024-09-10 15:57:00-04:00,42.904998779296875,42.90999984741211,42.904998779296875,42.90999984741211,3386,0.0,0.0,0.0
2024-09-10 15:58:00-04:00,42.904998779296875,42.90999984741211,42.90399932861328,42.904998779296875,2177,0.0,0.0,0.0
2024-09-10 15:59:00-04:00,42.90999984741211,42.90999984741211,42.89500045776367,42.89500045776367,31496,0.0,0.0,0.0
2024-09-11 09:30:00-04:00,42.880001068115234,42.880001068115234,42.86000061035156,42.86000061035156,9244,0.0,0.0,0.0
2024-09-11 09:31:00-04:00,42.86000061035156,42.869998931884766,42.86000061035156,42.8650016784668,8105,0.0,0.0,0.0
2024-09-11 09:32:00-04:00,42.869998931884766,42.869998931884766,42.869998931884766,42.869998931884766,516,0.0,0.0,0.0
2024-09-11 09:33:00-04:00,42.880001068115234,42.880001068115234,42.880001068115234,42.880001068115234,572,0.0,0.0,0.0
2024-09-11 09:34:00-04:00,42.869998931884766,42.869998931884766,42.8650016784668,42.8650016784668,870,0.0,0.0,0.0
2024-09-11 09:38:00-04:00,42.8650016784668,42.8650016784668,42.86000061035156,42.8650016784668,1344,0.0,0.0,0.0
2024-09-11 09:39:00-04:00,42.86000061035156,42.86000061035156,42.85499954223633,42.85499954223633,1269,0.0,0.0,0.0
2024-09-11 09:42:00-04:00,42.85499954223633,42.85499954223633,42.85499954223633,42.85499954223633,1303,0.0,0.0,0.0
2024-09-11 09:43:00-04:00,42.85499954223633,42.86000061035156,42.85499954223633,42.85499954223633,1715,0.0,0.0,0.0
2024-09-11 09:44:00-04:00,42.85499954223633,42.85499954223633,42.85499954223633,42.85499954223633,260,0.0,0.0,0.0
2024-09-11 09:46:00-04:00,42.849998474121094,42.86000061035156,42.845001220703125,42.849998474121094,3111,0.0,0.0,0.0
2024-09-11 09:47:00-04:00,42.849998474121094,42.849998474121094,42.845001220703125,42.845001220703125,456,0.0,0.0,0.0
2024-09-11 09:48:00-04:00,42.845001220703125,42.849998474121094,42.84000015258789,42.849998474121094,7437,0.0,0.0,0.0
2024-09-11 09:49:00-04:00,42.849998474121094,42.849998474121094,42.845001220703125,42.845001220703125,3673,0.0,0.0,0.0
2024-09-11 09:50:00-04:00,42.849998474121094,42.849998474121094,42.849998474121094,42.849998474121094,215,0.0,0.0,0.0
2024-09-11 09:51:00-04:00,42.84000015258789,42.84000015258789,42.84000015258789,42.84000015258789,291,0.0,0.0,0.0
2024-09-11 09:53:00-04:00,42.84000015258789,42.849998474121094,42.84000015258789,42.849998474121094,1374,0.0,0.0,0.0
2024-09-11 09:54:00-04:00,42.845001220703125,42.845001220703125,42.845001220703125,42.845001220703125,120,0.0,0.0,0.0
2024-09-11 09:56:00-04:00,42.845001220703125,42.849998474121094,42.845001220703125,42.84870147705078,1628,0.0,0.0,0.0
2024-09-11 09:57:00-04:00,42.845001220703125,42.845001220703125,42.845001220703125,42.845001220703125,211,0.0,0.0,0.0
2024-09-11 09:58:00-04:00,42.849998474121094,42.849998474121094,42.849998474121094,42.849998474121094,400,0.0,0.0,0.0
2024-09-11 09:59:00-04:00,42.849998474121094,42.849998474121094,42.84000015258789,42.84000015258789,822,0.0,0.0,0.0
2024-09-11 10:00:00-04:00,42.829898834228516,42.829898834228516,42.829898834228516,42.829898834228516,0,0.0,0.0,0.0
2024-09-11 10:01:00-04:00,42.83000183105469,42.84000015258789,42.83000183105469,42.84000015258789,53160,0.0,0.0,0.0
2024-09-11 10:02:00-04:00,42.84000015258789,42.845001220703125,42.84000015258789,42.845001220703125,7761,0.0,0.0,0.0
2024-09-11 10:03:00-04:00,42.845001220703125,42.845001220703125,42.834999084472656,42.84000015258789,2011,0.0,0.0,0.0
2024-09-11 10:04:00-04:00,42.83689880371094,42.84000015258789,42.83000183105469,42.84000015258789,1275,0.0,0.0,0.0
2024-09-11 10:05:00-04:00,42.83000183105469,42.83000183105469,42.83000183105469,42.83000183105469,352,0.0,0.0,0.0
2024-09-11 10:06:00-04:00,42.83000183105469,42.83000183105469,42.83000183105469,42.83000183105469,108,0.0,0.0,0.0
2024-09-11 10:07:00-04:00,42.83539962768555,42.83539962768555,42.83000183105469,42.83000183105469,560,0.0,0.0,0.0
2024-09-11 10:08:00-04:00,42.83649826049805,42.83649826049805,42.83649826049805,42.83649826049805,1854,0.0,0.0,0.0
2024-09-11 10:10:00-04:00,42.83000183105469,42.83000183105469,42.820098876953125,42.820098876953125,3892,0.0,0.0,0.0
2024-09-11 10:11:00-04:00,42.83000183105469,42.83000183105469,42.820098876953125,42.820098876953125,1226,0.0,0.0,0.0
2024-09-11 10:12:00-04:00,42.83000183105469,42.83000183105469,42.82109832763672,42.83000183105469,4856,0.0,0.0,0.0
2024-09-11 10:13:00-04:00,42.84000015258789,42.84000015258789,42.834999084472656,42.84000015258789,2646,0.0,0.0,0.0
2024-09-11 10:14:00-04:00,42.83000183105469,42.834999084472656,42.83000183105469,42.83000183105469,1738,0.0,0.0,0.0
2024-09-11 10:15:00-04:00,42.82500076293945,42.82500076293945,42.81999969482422,42.82500076293945,2555,0.0,0.0,0.0
2024-09-11 10:16:00-04:00,42.82500076293945,42.82500076293945,42.82500076293945,42.82500076293945,3772,0.0,0.0,0.0
2024-09-11 10:17:00-04:00,42.82500076293945,42.82500076293945,42.82500076293945,42.82500076293945,3839,0.0,0.0,0.0
2024-09-11 10:18:00-04:00,42.82500076293945,42.82500076293945,42.82500076293945,42.82500076293945,2253,0.0,0.0,0.0
2024-09-11 10:19:00-04:00,42.82500076293945,42.82500076293945,42.82500076293945,42.82500076293945,731,0.0,0.0,0.0
2024-09-11 10:20:00-04:00,42.83000183105469,42.83000183105469,42.82500076293945,42.82500076293945,1615,0.0,0.0,0.0
2024-09-11 10:21:00-04:00,42.83000183105469,42.83000183105469,42.83000183105469,42.83000183105469,470,0.0,0.0,0.0
2024-09-11 10:23:00-04:00,42.83000183105469,42.83000183105469,42.82500076293945,42.82500076293945,1859,0.0,0.0,0.0
2024-09-11 10:27:00-04:00,42.82500076293945,42.82500076293945,42.82500076293945,42.82500076293945,3294,0.0,0.0,0.0
2024-09-11 10:28:00-04:00,42.82500076293945,42.83000183105469,42.82379913330078,42.83000183105469,1042,0.0,0.0,0.0
2024-09-11 10:29:00-04:00,42.834999084472656,42.834999084472656,42.83000183105469,42.834999084472656,2017,0.0,0.0,0.0
2024-09-11 10:30:00-04:00,42.83000183105469,42.83000183105469,42.82500076293945,42.82500076293945,3184,0.0,0.0,0.0
2024-09-11 10:31:00-04:00,42.82500076293945,42.82500076293945,42.82500076293945,42.82500076293945,168,0.0,0.0,0.0
2024-09-11 10:32:00-04:00,42.82440185546875,42.82500076293945,42.82440185546875,42.82500076293945,524,0.0,0.0,0.0
2024-09-11 10:33:00-04:00,42.82500076293945,42.82500076293945,42.82500076293945,42.82500076293945,1066,0.0,0.0,0.0
2024-09-11 10:34:00-04:00,42.82500076293945,42.83000183105469,42.82500076293945,42.83000183105469,624,0.0,0.0,0.0
2024-09-11 10:35:00-04:00,42.83000183105469,42.834999084472656,42.83000183105469,42.834999084472656,2071,0.0,0.0,0.0
2024-09-11 10:36:00-04:00,42.834999084472656,42.834999084472656,42.834999084472656,42.834999084472656,2877,0.0,0.0,0.0
2024-09-11 10:37:00-04:00,42.834999084472656,42.834999084472656,42.83000183105469,42.83000183105469,2794,0.0,0.0,0.0
2024-09-11 10:38:00-04:00,42.834999084472656,42.834999084472656,42.82500076293945,42.82500076293945,831,0.0,0.0,0.0
2024-09-11 10:39:00-04:00,42.82379913330078,42.82500076293945,42.82379913330078,42.82500076293945,4050,0.0,0.0,0.0
2024-09-11 10:41:00-04:00,42.82500076293945,42.82500076293945,42.81999969482422,42.81999969482422,2593,0.0,0.0,0.0
2024-09-11 10:43:00-04:00,42.81999969482422,42.81999969482422,42.814998626708984,42.814998626708984,1647,0.0,0.0,0.0
2024-09-11 10:45:00-04:00,42.814998626708984,42.814998626708984,42.814998626708984,42.814998626708984,318,0.0,0.0,0.0
2024-09-11 10:46:00-04:00,42.814998626708984,42.814998626708984,42.814998626708984,42.814998626708984,330,0.0,0.0,0.0
2024-09-11 10:47:00-04:00,42.814998626708984,42.81760025024414,42.814998626708984,42.81760025024414,1535,0.0,0.0,0.0
2024-09-11 10:48:00-04:00,42.810001373291016,42.814998626708984,42.810001373291016,42.810001373291016,2554,0.0,0.0,0.0
2024-09-11 10:49:00-04:00,42.814998626708984,42.814998626708984,42.814998626708984,42.814998626708984,249,0.0,0.0,0.0
2024-09-11 10:50:00-04:00,42.814998626708984,42.814998626708984,42.814998626708984,42.814998626708984,1833,0.0,0.0,0.0
2024-09-11 10:53:00-04:00,42.814998626708984,42.814998626708984,42.810001373291016,42.814998626708984,1389,0.0,0.0,0.0
2024-09-11 10:55:00-04:00,42.810001373291016,42.810001373291016,42.80500030517578,42.80500030517578,1188,0.0,0.0,0.0
2024-09-11 10:56:00-04:00,42.80500030517578,42.81999969482422,42.80500030517578,42.81019973754883,4027,0.0,0.0,0.0
2024-09-11 10:57:00-04:00,42.814998626708984,42.814998626708984,42.814998626708984,42.814998626708984,1656,0.0,0.0,0.0
2024-09-11 10:59:00-04:00,42.81549835205078,42.81549835205078,42.814998626708984,42.814998626708984,1917,0.0,0.0,0.0
2024-09-11 11:00:00-04:00,42.81999969482422,42.81999969482422,42.81999969482422,42.81999969482422,3301,0.0,0.0,0.0
2024-09-11 11:01:00-04:00,42.82500076293945,42.82500076293945,42.82500076293945,42.82500076293945,2001,0.0,0.0,0.0
2024-09-11 11:02:00-04:00,42.82500076293945,42.83000183105469,42.82500076293945,42.829898834228516,3280,0.0,0.0,0.0
2024-09-11 11:03:00-04:00,42.83000183105469,42.838199615478516,42.83000183105469,42.8317985534668,3400,0.0,0.0,0.0
2024-09-11 11:05:00-04:00,42.834999084472656,42.834999084472656,42.834999084472656,42.834999084472656,758,0.0,0.0,0.0
2024-09-11 11:06:00-04:00,42.84000015258789,42.849998474121094,42.84000015258789,42.849998474121094,1157,0.0,0.0,0.0
2024-09-11 11:07:00-04:00,42.845001220703125,42.849998474121094,42.845001220703125,42.845001220703125,945,0.0,0.0,0.0
2024-09-11 11:08:00-04:00,42.84989929199219,42.85499954223633,42.84989929199219,42.85499954223633,2456,0.0,0.0,0.0
2024-09-11 11:09:00-04:00,42.85499954223633,42.85530090332031,42.85499954223633,42.85530090332031,749,0.0,0.0,0.0
2024-09-11 11:10:00-04:00,42.849998474121094,42.849998474121094,42.841800689697266,42.847999572753906,2834,0.0,0.0,0.0
2024-09-11 11:11:00-04:00,42.845001220703125,42.845001220703125,42.845001220703125,42.845001220703125,802,0.0,0.0,0.0
2024-09-11 11:12:00-04:00,42.849998474121094,42.85499954223633,42.849998474121094,42.85329818725586,4118,0.0,0.0,0.0
2024-09-11 11:13:00-04:00,42.850101470947266,42.85499954223633,42.850101470947266,42.85499954223633,4714,0.0,0.0,0.0
2024-09-11 11:14:00-04:00,42.85499954223633,42.85499954223633,42.849998474121094,42.849998474121094,3454,0.0,0.0,0.0
2024-09-11 11:15:00-04:00,42.85499954223633,42.85499954223633,42.849998474121094,42.849998474121094,2781,0.0,0.0,0.0
2024-09-11 11:16:00-04:00,42.849998474121094,42.849998474121094,42.849998474121094,42.849998474121094,457,0.0,0.0,0.0
2024-09-11 11:17:00-04:00,42.849998474121094,42.849998474121094,42.849998474121094,42.849998474121094,1242,0.0,0.0,0.0
2024-09-11 11:18:00-04:00,42.849998474121094,42.849998474121094,42.845001220703125,42.845001220703125,4649,0.0,0.0,0.0
2024-09-11 11:19:00-04:00,42.849998474121094,42.849998474121094,42.849998474121094,42.849998474121094,373,0.0,0.0,0.0
2024-09-11 11:20:00-04:00,42.845001220703125,42.845001220703125,42.845001220703125,42.845001220703125,712,0.0,0.0,0.0
2024-09-11 11:21:00-04:00,42.845001220703125,42.845001220703125,42.845001220703125,42.845001220703125,890,0.0,0.0,0.0
2024-09-11 11:22:00-04:00,42.84000015258789,42.84000015258789,42.834999084472656,42.84000015258789,4253,0.0,0.0,0.0
2024-09-11 11:23:00-04:00,42.845001220703125,42.845001220703125,42.845001220703125,42.845001220703125,2556,0.0,0.0,0.0
2024-09-11 11:24:00-04:00,42.845001220703125,42.845001220703125,42.84000015258789,42.8401985168457,4393,0.0,0.0,0.0
2024-09-11 11:25:00-04:00,42.84000015258789,42.84619903564453,42.84000015258789,42.845001220703125,5357,0.0,0.0,0.0
2024-09-11 11:26:00-04:00,42.845001220703125,42.849998474121094,42.845001220703125,42.845001220703125,4030,0.0,0.0,0.0
2024-09-11 11:27:00-04:00,42.84600067138672,42.84600067138672,42.84000015258789,42.845001220703125,955,0.0,0.0,0.0
2024-09-11 11:28:00-04:00,42.845001220703125,42.845001220703125,42.843990325927734,42.845001220703125,1992,0.0,0.0,0.0
2024-09-11 11:29:00-04:00,42.845001220703125,42.845001220703125,42.84379959106445,42.845001220703125,3628,0.0,0.0,0.0
2024-09-11 11:30:00-04:00,42.845001220703125,42.845001220703125,42.84400177001953,42.84400177001953,1570,0.0,0.0,0.0
2024-09-11 11:31:00-04:00,42.845001220703125,42.845001220703125,42.845001220703125,42.845001220703125,100,0.0,0.0,0.0
2024-09-11 11:32:00-04:00,42.845001220703125,42.845001220703125,42.845001220703125,42.845001220703125,2434,0.0,0.0,0.0
2024-09-11 11:33:00-04:00,42.845001220703125,42.845001220703125,42.84000015258789,42.84000015258789,3769,0.0,0.0,0.0
2024-09-11 11:34:00-04:00,42.84000015258789,42.84000015258789,42.84000015258789,42.84000015258789,500,0.0,0.0,0.0
2024-09-11 11:35:00-04:00,42.84000015258789,42.84619903564453,42.84000015258789,42.84619903564453,922,0.0,0.0,0.0
2024-09-11 11:36:00-04:00,42.845001220703125,42.849998474121094,42.845001220703125,42.849998474121094,2442,0.0,0.0,0.0
2024-09-11 11:37:00-04:00,42.845001220703125,42.849998474121094,42.845001220703125,42.849998474121094,1312,0.0,0.0,0.0
2024-09-11 11:38:00-04:00,42.849998474121094,42.85499954223633,42.849998474121094,42.85499954223633,941,0.0,0.0,0.0
2024-09-11 11:39:00-04:00,42.85499954223633,42.85499954223633,42.85499954223633,42.85499954223633,671,0.0,0.0,0.0
2024-09-11 11:40:00-04:00,42.85499954223633,42.85499954223633,42.85499954223633,42.85499954223633,501,0.0,0.0,0.0
2024-09-11 11:41:00-04:00,42.86000061035156,42.8650016784668,42.85499954223633,42.8650016784668,5655,0.0,0.0,0.0
2024-09-11 11:42:00-04:00,42.8650016784668,42.8650016784668,42.8650016784668,42.8650016784668,2051,0.0,0.0,0.0
2024-09-11 11:43:00-04:00,42.8650016784668,42.8650016784668,42.8650016784668,42.8650016784668,1774,0.0,0.0,0.0
2024-09-11 11:44:00-04:00,42.86000061035156,42.8650016784668,42.86000061035156,42.8650016784668,4835,0.0,0.0,0.0
2024-09-11 11:45:00-04:00,42.86000061035156,42.86000061035156,42.86000061035156,42.86000061035156,3525,0.0,0.0,0.0
2024-09-11 11:46:00-04:00,42.86000061035156,42.86360168457031,42.86000061035156,42.86000061035156,3115,0.0,0.0,0.0
2024-09-11 11:47:00-04:00,42.86000061035156,42.86000061035156,42.85499954223633,42.85499954223633,1273,0.0,0.0,0.0
2024-09-11 11:48:00-04:00,42.859901428222656,42.859901428222656,42.849998474121094,42.849998474121094,593,0.0,0.0,0.0
2024-09-11 11:49:00-04:00,42.849998474121094,42.849998474121094,42.849998474121094,42.849998474121094,1790,0.0,0.0,0.0
2024-09-11 11:50:00-04:00,42.849998474121094,42.849998474121094,42.849998474121094,42.849998474121094,568,0.0,0.0,0.0
2024-09-11 11:51:00-04:00,42.845001220703125,42.845001220703125,42.845001220703125,42.845001220703125,937,0.0,0.0,0.0
2024-09-11 11:52:00-04:00,42.84000015258789,42.84000015258789,42.834999084472656,42.834999084472656,1514,0.0,0.0,0.0
2024-09-11 11:54:00-04:00,42.83879089355469,42.83879089355469,42.83000183105469,42.834999084472656,1519,0.0,0.0,0.0
2024-09-11 11:55:00-04:00,42.83000183105469,42.83000183105469,42.82379913330078,42.83000183105469,2044,0.0,0.0,0.0
2024-09-11 11:58:00-04:00,42.82500076293945,42.82500076293945,42.81999969482422,42.82500076293945,1206,0.0,0.0,0.0
2024-09-11 11:59:00-04:00,42.83000183105469,42.83000183105469,42.83000183105469,42.83000183105469,900,0.0,0.0,0.0
2024-09-11 12:00:00-04:00,42.834999084472656,42.834999084472656,42.83000183105469,42.834999084472656,2846,0.0,0.0,0.0
2024-09-11 12:01:00-04:00,42.834999084472656,42.834999084472656,42.834999084472656,42.834999084472656,388,0.0,0.0,0.0
2024-09-11 12:02:00-04:00,42.83150100708008,42.84000015258789,42.83000183105469,42.83000183105469,2176,0.0,0.0,0.0
2024-09-11 12:03:00-04:00,42.834999084472656,42.84000015258789,42.834999084472656,42.834999084472656,1156,0.0,0.0,0.0
2024-09-11 12:04:00-04:00,42.834999084472656,42.84000015258789,42.834999084472656,42.84000015258789,2862,0.0,0.0,0.0
2024-09-11 12:05:00-04:00,42.849998474121094,42.849998474121094,42.849998474121094,42.849998474121094,12126,0.0,0.0,0.0
2024-09-11 12:09:00-04:00,42.845001220703125,42.845001220703125,42.845001220703125,42.845001220703125,113,0.0,0.0,0.0
2024-09-11 12:10:00-04:00,42.845699310302734,42.845699310302734,42.845699310302734,42.845699310302734,1439,0.0,0.0,0.0
2024-09-11 12:11:00-04:00,42.84000015258789,42.84000015258789,42.84000015258789,42.84000015258789,369,0.0,0.0,0.0
2024-09-11 12:12:00-04:00,42.84000015258789,42.845001220703125,42.84000015258789,42.845001220703125,483,0.0,0.0,0.0
2024-09-11 12:13:00-04:00,42.84000015258789,42.84000015258789,42.84000015258789,42.84000015258789,423,0.0,0.0,0.0
2024-09-11 12:14:00-04:00,42.84000015258789,42.84000015258789,42.84000015258789,42.84000015258789,884,0.0,0.0,0.0
2024-09-11 12:15:00-04:00,42.84000015258789,42.84000015258789,42.84000015258789,42.84000015258789,495,0.0,0.0,0.0
2024-09-11 12:16:00-04:00,42.84000015258789,42.845001220703125,42.84000015258789,42.845001220703125,748,0.0,0.0,0.0
2024-09-11 12:17:00-04:00,42.84000015258789,42.84000015258789,42.84000015258789,42.84000015258789,2134,0.0,0.0,0.0
2024-09-11 12:18:00-04:00,42.84000015258789,42.84000015258789,42.84000015258789,42.84000015258789,2351,0.0,0.0,0.0
2024-09-11 12:19:00-04:00,42.84000015258789,42.84000015258789,42.84000015258789,42.84000015258789,2455,0.0,0.0,0.0
2024-09-11 12:20:00-04:00,42.84000015258789,42.845001220703125,42.84000015258789,42.845001220703125,2271,0.0,0.0,0.0
2024-09-11 12:21:00-04:00,42.84000015258789,42.84000015258789,42.84000015258789,42.84000015258789,446,0.0,0.0,0.0
2024-09-11 12:22:00-04:00,42.84000015258789,42.84000015258789,42.84000015258789,42.84000015258789,166,0.0,0.0,0.0
2024-09-11 12:23:00-04:00,42.84000015258789,42.845001220703125,42.84000015258789,42.845001220703125,2579,0.0,0.0,0.0
2024-09-11 12:24:00-04:00,42.84000015258789,42.84000015258789,42.84000015258789,42.84000015258789,357,0.0,0.0,0.0
2024-09-11 12:25:00-04:00,42.845001220703125,42.845001220703125,42.84000015258789,42.84000015258789,650,0.0,0.0,0.0
2024-09-11 12:26:00-04:00,42.845001220703125,42.845001220703125,42.84360122680664,42.84360122680664,754,0.0,0.0,0.0
2024-09-11 12:27:00-04:00,42.84000015258789,42.845001220703125,42.84000015258789,42.845001220703125,1536,0.0,0.0,0.0
2024-09-11 12:28:00-04:00,42.84000015258789,42.84000015258789,42.84000015258789,42.84000015258789,476,0.0,0.0,0.0
2024-09-11 12:29:00-04:00,42.84000015258789,42.845001220703125,42.84000015258789,42.845001220703125,1403,0.0,0.0,0.0
2024-09-11 12:30:00-04:00,42.845001220703125,42.849998474121094,42.845001220703125,42.849998474121094,2975,0.0,0.0,0.0
2024-09-11 12:31:00-04:00,42.845001220703125,42.849998474121094,42.845001220703125,42.845001220703125,2621,0.0,0.0,0.0
2024-09-11 12:32:00-04:00,42.84379959106445,42.845001220703125,42.84000015258789,42.845001220703125,924,0.0,0.0,0.0
2024-09-11 12:33:00-04:00,42.845001220703125,42.849998474121094,42.845001220703125,42.845001220703125,2216,0.0,0.0,0.0
2024-09-11 12:34:00-04:00,42.845001220703125,42.849998474121094,42.845001220703125,42.849998474121094,499,0.0,0.0,0.0
2024-09-11 12:35:00-04:00,42.845001220703125,42.849998474121094,42.845001220703125,42.849998474121094,1128,0.0,0.0,0.0
2024-09-11 12:36:00-04:00,42.845001220703125,42.849998474121094,42.8400993347168,42.849998474121094,1265,0.0,0.0,0.0
2024-09-11 12:37:00-04:00,42.845001220703125,42.86000061035156,42.845001220703125,42.86000061035156,3552,0.0,0.0,0.0
2024-09-11 12:39:00-04:00,42.85499954223633,42.86000061035156,42.85499954223633,42.85499954223633,1280,0.0,0.0,0.0
2024-09-11 12:40:00-04:00,42.85499954223633,42.85499954223633,42.85499954223633,42.85499954223633,218,0.0,0.0,0.0
2024-09-11 12:41:00-04:00,42.850101470947266,42.86000061035156,42.850101470947266,42.85380172729492,1077,0.0,0.0,0.0
2024-09-11 12:42:00-04:00,42.849998474121094,42.85499954223633,42.849998474121094,42.85499954223633,993,0.0,0.0,0.0
2024-09-11 12:43:00-04:00,42.849998474121094,42.859901428222656,42.849998474121094,42.850101470947266,1113,0.0,0.0,0.0
2024-09-11 12:44:00-04:00,42.849998474121094,42.859901428222656,42.849998474121094,42.850101470947266,1606,0.0,0.0,0.0
2024-09-11 12:45:00-04:00,42.859901428222656,42.859901428222656,42.849998474121094,42.85499954223633,3104,0.0,0.0,0.0
2024-09-11 12:46:00-04:00,42.85499954223633,42.85499954223633,42.849998474121094,42.85499954223633,1614,0.0,0.0,0.0
2024-09-11 12:47:00-04:00,42.849998474121094,42.859901428222656,42.849998474121094,42.850101470947266,771,0.0,0.0,0.0
2024-09-11 12:48:00-04:00,42.859901428222656,42.859901428222656,42.849998474121094,42.859901428222656,2006,0.0,0.0,0.0
2024-09-11 12:49:00-04:00,42.850101470947266,42.86000061035156,42.849998474121094,42.849998474121094,2908,0.0,0.0,0.0
2024-09-11 12:51:00-04:00,42.85499954223633,42.85499954223633,42.85499954223633,42.85499954223633,791,0.0,0.0,0.0
2024-09-11 12:52:00-04:00,42.85499954223633,42.86000061035156,42.85499954223633,42.85499954223633,3153,0.0,0.0,0.0
2024-09-11 12:53:00-04:00,42.85499954223633,42.86000061035156,42.853599548339844,42.853599548339844,1170,0.0,0.0,0.0
2024-09-11 12:54:00-04:00,42.85499954223633,42.86000061035156,42.85499954223633,42.86000061035156,1820,0.0,0.0,0.0
2024-09-11 12:55:00-04:00,42.85499954223633,42.86000061035156,42.85499954223633,42.86000061035156,901,0.0,0.0,0.0
2024-09-11 12:56:00-04:00,42.85499954223633,42.85499954223633,42.85499954223633,42.85499954223633,470,0.0,0.0,0.0
2024-09-11 12:57:00-04:00,42.85499954223633,42.85499954223633,42.849998474121094,42.849998474121094,2115,0.0,0.0,0.0
2024-09-11 12:58:00-04:00,42.85499954223633,42.86000061035156,42.850101470947266,42.86000061035156,1619,0.0,0.0,0.0
2024-09-11 12:59:00-04:00,42.86000061035156,42.86000061035156,42.85499954223633,42.85499954223633,693,0.0,0.0,0.0
2024-09-11 13:00:00-04:00,42.849998474121094,42.85499954223633,42.849998474121094,42.85499954223633,2104,0.0,0.0,0.0
2024-09-11 13:01:00-04:00,42.85499954223633,42.85900115966797,42.85499954223633,42.85900115966797,2183,0.0,0.0,0.0
2024-09-11 13:02:00-04:00,42.86000061035156,42.875,42.86000061035156,42.869998931884766,4965,0.0,0.0,0.0
2024-09-11 13:03:00-04:00,42.8650016784668,42.8650016784668,42.8650016784668,42.8650016784668,504,0.0,0.0,0.0
2024-09-11 13:04:00-04:00,42.8650016784668,42.869998931884766,42.8650016784668,42.869998931884766,1114,0.0,0.0,0.0
2024-09-11 13:05:00-04:00,42.8650016784668,42.869998931884766,42.86000061035156,42.869998931884766,1085,0.0,0.0,0.0
2024-09-11 13:06:00-04:00,42.869998931884766,42.880001068115234,42.869998931884766,42.880001068115234,2253,0.0,0.0,0.0
2024-09-11 13:07:00-04:00,42.87409973144531,42.880001068115234,42.87409973144531,42.880001068115234,1276,0.0,0.0,0.0
2024-09-11 13:08:00-04:00,42.875,42.880001068115234,42.875,42.880001068115234,18584,0.0,0.0,0.0
2024-09-11 13:09:00-04:00,42.880001068115234,42.880001068115234,42.880001068115234,42.880001068115234,2534,0.0,0.0,0.0
2024-09-11 13:10:00-04:00,42.875,42.880001068115234,42.875,42.880001068115234,31607,0.0,0.0,0.0
2024-09-11 13:11:00-04:00,42.880001068115234,42.88999938964844,42.880001068115234,42.88999938964844,2104,0.0,0.0,0.0
2024-09-11 13:12:00-04:00,42.8849983215332,42.8849983215332,42.8849983215332,42.8849983215332,260,0.0,0.0,0.0
2024-09-11 13:14:00-04:00,42.880001068115234,42.880001068115234,42.880001068115234,42.880001068115234,770,0.0,0.0,0.0
2024-09-11 13:16:00-04:00,42.8849983215332,42.8849983215332,42.8849983215332,42.8849983215332,409,0.0,0.0,0.0
2024-09-11 13:17:00-04:00,42.880001068115234,42.8849983215332,42.880001068115234,42.8849983215332,1092,0.0,0.0,0.0
2024-09-11 13:18:00-04:00,42.880001068115234,42.8849983215332,42.880001068115234,42.8849983215332,500,0.0,0.0,0.0
2024-09-11 13:19:00-04:00,42.8849983215332,42.8849983215332,42.880001068115234,42.8849983215332,2024,0.0,0.0,0.0
2024-09-11 13:21:00-04:00,42.88819885253906,42.88819885253906,42.880001068115234,42.880001068115234,1751,0.0,0.0,0.0
2024-09-11 13:22:00-04:00,42.88010025024414,42.88010025024414,42.88010025024414,42.88010025024414,185,0.0,0.0,0.0
2024-09-11 13:23:00-04:00,42.883399963378906,42.883399963378906,42.883399963378906,42.883399963378906,441,0.0,0.0,0.0
2024-09-11 13:25:00-04:00,42.880001068115234,42.880001068115234,42.880001068115234,42.880001068115234,875,0.0,0.0,0.0
2024-09-11 13:27:00-04:00,42.880001068115234,42.880001068115234,42.880001068115234,42.880001068115234,3897,0.0,0.0,0.0
2024-09-11 13:28:00-04:00,42.880001068115234,42.880001068115234,42.880001068115234,42.880001068115234,3594,0.0,0.0,0.0
2024-09-11 13:30:00-04:00,42.8849983215332,42.88990020751953,42.880001068115234,42.880001068115234,8141,0.0,0.0,0.0
2024-09-11 13:31:00-04:00,42.8849983215332,42.885799407958984,42.8849983215332,42.8849983215332,5141,0.0,0.0,0.0
2024-09-11 13:32:00-04:00,42.8849983215332,42.885398864746094,42.88010025024414,42.88010025024414,4532,0.0,0.0,0.0
2024-09-11 13:33:00-04:00,42.88999938964844,42.88999938964844,42.880001068115234,42.88029861450195,3807,0.0,0.0,0.0
2024-09-11 13:34:00-04:00,42.880001068115234,42.880001068115234,42.880001068115234,42.880001068115234,282,0.0,0.0,0.0
2024-09-11 13:35:00-04:00,42.88410186767578,42.88410186767578,42.88410186767578,42.88410186767578,2075,0.0,0.0,0.0
2024-09-11 13:36:00-04:00,42.880001068115234,42.8849983215332,42.880001068115234,42.8849983215332,799,0.0,0.0,0.0
2024-09-11 13:37:00-04:00,42.8849983215332,42.8849983215332,42.880001068115234,42.880001068115234,6446,0.0,0.0,0.0
2024-09-11 13:38:00-04:00,42.8849983215332,42.8849983215332,42.8849983215332,42.8849983215332,409,0.0,0.0,0.0
2024-09-11 13:39:00-04:00,42.8849983215332,42.8849983215332,42.880001068115234,42.8849983215332,5516,0.0,0.0,0.0
2024-09-11 13:40:00-04:00,42.8849983215332,42.8849983215332,42.8849983215332,42.8849983215332,200,0.0,0.0,0.0
2024-09-11 13:41:00-04:00,42.8849983215332,42.88999938964844,42.882598876953125,42.8849983215332,13254,0.0,0.0,0.0
2024-09-11 13:42:00-04:00,42.88999938964844,42.88999938964844,42.8849983215332,42.8849983215332,917,0.0,0.0,0.0
2024-09-11 13:43:00-04:00,42.8849983215332,42.8849983215332,42.8849983215332,42.8849983215332,260,0.0,0.0,0.0
2024-09-11 13:44:00-04:00,42.8849983215332,42.88999938964844,42.8849983215332,42.88999938964844,45622,0.0,0.0,0.0
2024-09-11 13:45:00-04:00,42.8849983215332,42.88999938964844,42.88010025024414,42.88999938964844,891,0.0,0.0,0.0
2024-09-11 13:46:00-04:00,42.88999938964844,42.88999938964844,42.88999938964844,42.88999938964844,903,0.0,0.0,0.0
2024-09-11 13:47:00-04:00,42.8843994140625,42.89500045776367,42.8843994140625,42.89500045776367,2593,0.0,0.0,0.0
2024-09-11 13:48:00-04:00,42.900001525878906,42.900001525878906,42.900001525878906,42.900001525878906,7507,0.0,0.0,0.0
2024-09-11 13:49:00-04:00,42.89500045776367,42.900001525878906,42.89500045776367,42.900001525878906,2100,0.0,0.0,0.0
2024-09-11 13:50:00-04:00,42.900001525878906,42.900001525878906,42.89500045776367,42.900001525878906,8621,0.0,0.0,0.0
2024-09-11 13:51:00-04:00,42.890098571777344,42.900001525878906,42.890098571777344,42.894500732421875,4157,0.0,0.0,0.0
2024-09-11 13:52:00-04:00,42.89500045776367,42.900001525878906,42.89179992675781,42.89820098876953,2424,0.0,0.0,0.0
2024-09-11 13:53:00-04:00,42.900001525878906,42.900001525878906,42.890098571777344,42.89500045776367,6684,0.0,0.0,0.0
2024-09-11 13:54:00-04:00,42.900001525878906,42.900001525878906,42.89500045776367,42.900001525878906,1186,0.0,0.0,0.0
2024-09-11 13:55:00-04:00,42.89149856567383,42.89500045776367,42.89149856567383,42.89500045776367,1165,0.0,0.0,0.0
2024-09-11 13:56:00-04:00,42.89500045776367,42.89500045776367,42.88999938964844,42.88999938964844,1087,0.0,0.0,0.0
2024-09-11 13:57:00-04:00,42.89500045776367,42.89500045776367,42.88999938964844,42.88999938964844,341,0.0,0.0,0.0
2024-09-11 13:58:00-04:00,42.8849983215332,42.8849983215332,42.8849983215332,42.8849983215332,570,0.0,0.0,0.0
2024-09-11 13:59:00-04:00,42.88999938964844,42.88999938964844,42.8849983215332,42.8849983215332,3391,0.0,0.0,0.0
2024-09-11 14:01:00-04:00,42.885101318359375,42.885101318359375,42.8849983215332,42.8849983215332,1618,0.0,0.0,0.0
2024-09-11 14:02:00-04:00,42.8849983215332,42.8849983215332,42.8849983215332,42.8849983215332,2003,0.0,0.0,0.0
2024-09-11 14:03:00-04:00,42.88999938964844,42.89500045776367,42.88999938964844,42.89500045776367,3752,0.0,0.0,0.0
2024-09-11 14:04:00-04:00,42.89500045776367,42.89500045776367,42.890098571777344,42.890098571777344,3882,0.0,0.0,0.0
2024-09-11 14:05:00-04:00,42.89500045776367,42.89500045776367,42.89500045776367,42.89500045776367,124,0.0,0.0,0.0
2024-09-11 14:07:00-04:00,42.89849853515625,42.89849853515625,42.89849853515625,42.89849853515625,295,0.0,0.0,0.0
2024-09-11 14:08:00-04:00,42.900001525878906,42.900001525878906,42.900001525878906,42.900001525878906,100,0.0,0.0,0.0
2024-09-11 14:09:00-04:00,42.900001525878906,42.900001525878906,42.900001525878906,42.900001525878906,202,0.0,0.0,0.0
2024-09-11 14:10:00-04:00,42.89500045776367,42.900001525878906,42.890098571777344,42.900001525878906,7872,0.0,0.0,0.0
2024-09-11 14:13:00-04:00,42.89500045776367,42.900001525878906,42.89500045776367,42.900001525878906,1592,0.0,0.0,0.0
2024-09-11 14:15:00-04:00,42.892601013183594,42.892601013183594,42.892601013183594,42.892601013183594,290,0.0,0.0,0.0
2024-09-11 14:16:00-04:00,42.88999938964844,42.89500045776367,42.88999938964844,42.89500045776367,1006,0.0,0.0,0.0
2024-09-11 14:17:00-04:00,42.88999938964844,42.89500045776367,42.8849983215332,42.8849983215332,4886,0.0,0.0,0.0
2024-09-11 14:18:00-04:00,42.8849983215332,42.8849983215332,42.8849983215332,42.8849983215332,622,0.0,0.0,0.0
2024-09-11 14:19:00-04:00,42.8849983215332,42.8849983215332,42.8849983215332,42.8849983215332,700,0.0,0.0,0.0
2024-09-11 14:20:00-04:00,42.8849983215332,42.8849983215332,42.8849983215332,42.8849983215332,640,0.0,0.0,0.0
2024-09-11 14:21:00-04:00,42.8849983215332,42.8849983215332,42.8849983215332,42.8849983215332,113,0.0,0.0,0.0
2024-09-11 14:22:00-04:00,42.8849983215332,42.8849983215332,42.8849983215332,42.8849983215332,1727,0.0,0.0,0.0
2024-09-11 14:23:00-04:00,42.8849983215332,42.8849983215332,42.8849983215332,42.8849983215332,434,0.0,0.0,0.0
2024-09-11 14:24:00-04:00,42.88999938964844,42.89500045776367,42.88999938964844,42.89500045776367,5684,0.0,0.0,0.0
2024-09-11 14:25:00-04:00,42.89500045776367,42.89500045776367,42.89500045776367,42.89500045776367,143,0.0,0.0,0.0
2024-09-11 14:26:00-04:00,42.89500045776367,42.89500045776367,42.89500045776367,42.89500045776367,118,0.0,0.0,0.0
2024-09-11 14:27:00-04:00,42.89500045776367,42.900001525878906,42.89500045776367,42.89500045776367,1400,0.0,0.0,0.0
2024-09-11 14:28:00-04:00,42.89500045776367,42.89500045776367,42.89500045776367,42.89500045776367,1481,0.0,0.0,0.0
2024-09-11 14:29:00-04:00,42.89500045776367,42.89500045776367,42.89500045776367,42.89500045776367,903,0.0,0.0,0.0
2024-09-11 14:30:00-04:00,42.89500045776367,42.89500045776367,42.89500045776367,42.89500045776367,1131,0.0,0.0,0.0
2024-09-11 14:31:00-04:00,42.899898529052734,42.900001525878906,42.89250183105469,42.900001525878906,1624,0.0,0.0,0.0
2024-09-11 14:32:00-04:00,42.89500045776367,42.900001525878906,42.88999938964844,42.900001525878906,4558,0.0,0.0,0.0
2024-09-11 14:33:00-04:00,42.900001525878906,42.900001525878906,42.89500045776367,42.89500045776367,411,0.0,0.0,0.0
2024-09-11 14:34:00-04:00,42.89500045776367,42.904998779296875,42.89500045776367,42.904998779296875,6173,0.0,0.0,0.0
2024-09-11 14:35:00-04:00,42.904998779296875,42.904998779296875,42.904998779296875,42.904998779296875,717,0.0,0.0,0.0
2024-09-11 14:36:00-04:00,42.904998779296875,42.904998779296875,42.904998779296875,42.904998779296875,300,0.0,0.0,0.0
2024-09-11 14:37:00-04:00,42.904998779296875,42.904998779296875,42.900901794433594,42.900901794433594,7284,0.0,0.0,0.0
2024-09-11 14:38:00-04:00,42.90999984741211,42.90999984741211,42.904998779296875,42.904998779296875,1376,0.0,0.0,0.0
2024-09-11 14:39:00-04:00,42.90999984741211,42.90999984741211,42.904998779296875,42.904998779296875,635,0.0,0.0,0.0
2024-09-11 14:40:00-04:00,42.90999984741211,42.915000915527344,42.90999984741211,42.915000915527344,3308,0.0,0.0,0.0
2024-09-11 14:41:00-04:00,42.915000915527344,42.915000915527344,42.915000915527344,42.915000915527344,473,0.0,0.0,0.0
2024-09-11 14:42:00-04:00,42.915000915527344,42.92499923706055,42.915000915527344,42.92499923706055,5645,0.0,0.0,0.0
2024-09-11 14:43:00-04:00,42.92499923706055,42.92499923706055,42.91999816894531,42.92499923706055,1402,0.0,0.0,0.0
2024-09-11 14:45:00-04:00,42.92499923706055,42.92499923706055,42.92499923706055,42.92499923706055,1213,0.0,0.0,0.0
2024-09-11 14:46:00-04:00,42.92499923706055,42.92570114135742,42.92499923706055,42.92570114135742,500,0.0,0.0,0.0
2024-09-11 14:47:00-04:00,42.91999816894531,42.91999816894531,42.90999984741211,42.915000915527344,43552,0.0,0.0,0.0
2024-09-11 14:48:00-04:00,42.915000915527344,42.91999816894531,42.915000915527344,42.91999816894531,9652,0.0,0.0,0.0
2024-09-11 14:49:00-04:00,42.915000915527344,42.91999816894531,42.90999984741211,42.90999984741211,9684,0.0,0.0,0.0
2024-09-11 14:50:00-04:00,42.915000915527344,42.91999816894531,42.915000915527344,42.915000915527344,27477,0.0,0.0,0.0
2024-09-11 14:51:00-04:00,42.915000915527344,42.915000915527344,42.90999984741211,42.915000915527344,3388,0.0,0.0,0.0
2024-09-11 14:52:00-04:00,42.915000915527344,42.91999816894531,42.915000915527344,42.915000915527344,5514,0.0,0.0,0.0
2024-09-11 14:54:00-04:00,42.915000915527344,42.915000915527344,42.90999984741211,42.915000915527344,2021,0.0,0.0,0.0
2024-09-11 14:55:00-04:00,42.91379928588867,42.915000915527344,42.91379928588867,42.915000915527344,3089,0.0,0.0,0.0
2024-09-11 14:56:00-04:00,42.915000915527344,42.915000915527344,42.915000915527344,42.915000915527344,2437,0.0,0.0,0.0
2024-09-11 14:57:00-04:00,42.915000915527344,42.91999816894531,42.90999984741211,42.91999816894531,119923,0.0,0.0,0.0
2024-09-11 14:58:00-04:00,42.915000915527344,42.915000915527344,42.915000915527344,42.915000915527344,640,0.0,0.0,0.0
2024-09-11 14:59:00-04:00,42.91490173339844,42.915000915527344,42.91490173339844,42.915000915527344,1385,0.0,0.0,0.0
2024-09-11 15:00:00-04:00,42.91429901123047,42.91429901123047,42.91429901123047,42.91429901123047,294,0.0,0.0,0.0
2024-09-11 15:02:00-04:00,42.9197998046875,42.9197998046875,42.914398193359375,42.91579818725586,7056,0.0,0.0,0.0
2024-09-11 15:03:00-04:00,42.90999984741211,42.915000915527344,42.90999984741211,42.915000915527344,800,0.0,0.0,0.0
2024-09-11 15:04:00-04:00,42.915000915527344,42.915000915527344,42.915000915527344,42.915000915527344,2164,0.0,0.0,0.0
2024-09-11 15:05:00-04:00,42.915000915527344,42.915000915527344,42.90999984741211,42.915000915527344,3161,0.0,0.0,0.0
2024-09-11 15:06:00-04:00,42.915000915527344,42.915000915527344,42.915000915527344,42.915000915527344,1823,0.0,0.0,0.0
2024-09-11 15:07:00-04:00,42.915000915527344,42.91999816894531,42.915000915527344,42.915000915527344,3477,0.0,0.0,0.0
2024-09-11 15:08:00-04:00,42.915000915527344,42.915000915527344,42.915000915527344,42.915000915527344,400,0.0,0.0,0.0
2024-09-11 15:09:00-04:00,42.915000915527344,42.91999816894531,42.915000915527344,42.9197998046875,2302,0.0,0.0,0.0
2024-09-11 15:10:00-04:00,42.91999816894531,42.92499923706055,42.915000915527344,42.92499923706055,5411,0.0,0.0,0.0
2024-09-11 15:11:00-04:00,42.92499923706055,42.92509841918945,42.922000885009766,42.92499923706055,1383,0.0,0.0,0.0
2024-09-11 15:12:00-04:00,42.92499923706055,42.92499923706055,42.92499923706055,42.92499923706055,325,0.0,0.0,0.0
2024-09-11 15:13:00-04:00,42.92499923706055,42.93000030517578,42.92499923706055,42.93000030517578,412,0.0,0.0,0.0
2024-09-11 15:14:00-04:00,42.92499923706055,42.92499923706055,42.92399978637695,42.92399978637695,3014,0.0,0.0,0.0
2024-09-11 15:15:00-04:00,42.93000030517578,42.93000030517578,42.92499923706055,42.93000030517578,2946,0.0,0.0,0.0
2024-09-11 15:16:00-04:00,42.92499923706055,42.935001373291016,42.92499923706055,42.93000030517578,10955,0.0,0.0,0.0
2024-09-11 15:17:00-04:00,42.93330001831055,42.93659973144531,42.93000030517578,42.93000030517578,19266,0.0,0.0,0.0
2024-09-11 15:18:00-04:00,42.93000030517578,42.935001373291016,42.93000030517578,42.935001373291016,2458,0.0,0.0,0.0
2024-09-11 15:19:00-04:00,42.935001373291016,42.935001373291016,42.935001373291016,42.935001373291016,3006,0.0,0.0,0.0
2024-09-11 15:20:00-04:00,42.935001373291016,42.935001373291016,42.93000030517578,42.935001373291016,2043,0.0,0.0,0.0
2024-09-11 15:21:00-04:00,42.935001373291016,42.935001373291016,42.91999816894531,42.91999816894531,1689,0.0,0.0,0.0
2024-09-11 15:22:00-04:00,42.92499923706055,42.92499923706055,42.91999816894531,42.91999816894531,1388,0.0,0.0,0.0
2024-09-11 15:24:00-04:00,42.92300033569336,42.92499923706055,42.92300033569336,42.92499923706055,5285,0.0,0.0,0.0
2024-09-11 15:25:00-04:00,42.92499923706055,42.92499923706055,42.92499923706055,42.92499923706055,1401,0.0,0.0,0.0
2024-09-11 15:26:00-04:00,42.92499923706055,42.929901123046875,42.92499923706055,42.929901123046875,456,0.0,0.0,0.0
2024-09-11 15:29:00-04:00,42.929901123046875,42.93000030517578,42.92499923706055,42.92499923706055,2342,0.0,0.0,0.0
2024-09-11 15:30:00-04:00,42.93000030517578,42.93000030517578,42.93000030517578,42.93000030517578,1687,0.0,0.0,0.0
2024-09-11 15:31:00-04:00,42.935001373291016,42.93669891357422,42.935001373291016,42.93669891357422,387,0.0,0.0,0.0
2024-09-11 15:32:00-04:00,42.935001373291016,42.935001373291016,42.933998107910156,42.933998107910156,583,0.0,0.0,0.0
2024-09-11 15:37:00-04:00,42.93000030517578,42.935001373291016,42.93000030517578,42.935001373291016,2996,0.0,0.0,0.0
2024-09-11 15:38:00-04:00,42.93000030517578,42.93989944458008,42.93000030517578,42.93989944458008,1547,0.0,0.0,0.0
2024-09-11 15:40:00-04:00,42.93000030517578,42.93000030517578,42.93000030517578,42.93000030517578,504,0.0,0.0,0.0
2024-09-11 15:41:00-04:00,42.935001373291016,42.935001373291016,42.93000030517578,42.93000030517578,1141,0.0,0.0,0.0
2024-09-11 15:42:00-04:00,42.93000030517578,42.93000030517578,42.93000030517578,42.93000030517578,526,0.0,0.0,0.0
2024-09-11 15:43:00-04:00,42.93000030517578,42.935001373291016,42.926700592041016,42.926700592041016,13808,0.0,0.0,0.0
2024-09-11 15:44:00-04:00,42.92499923706055,42.92499923706055,42.92499923706055,42.92499923706055,2090,0.0,0.0,0.0
2024-09-11 15:45:00-04:00,42.92499923706055,42.92641067504883,42.92499923706055,42.92499923706055,1261,0.0,0.0,0.0
2024-09-11 15:46:00-04:00,42.93000030517578,42.935001373291016,42.93000030517578,42.935001373291016,14520,0.0,0.0,0.0
2024-09-11 15:47:00-04:00,42.935001373291016,42.935001373291016,42.93439865112305,42.93439865112305,1515,0.0,0.0,0.0
2024-09-11 15:48:00-04:00,42.9370002746582,42.939998626708984,42.935001373291016,42.93539810180664,766,0.0,0.0,0.0
2024-09-11 15:49:00-04:00,42.935001373291016,42.939998626708984,42.93000030517578,42.935001373291016,2384,0.0,0.0,0.0
2024-09-11 15:50:00-04:00,42.935001373291016,42.94499969482422,42.933998107910156,42.94499969482422,8766,0.0,0.0,0.0
2024-09-11 15:51:00-04:00,42.94499969482422,42.94499969482422,42.94499969482422,42.94499969482422,103,0.0,0.0,0.0
2024-09-11 15:52:00-04:00,42.94499969482422,42.95000076293945,42.94499969482422,42.94499969482422,5085,0.0,0.0,0.0
2024-09-11 15:53:00-04:00,42.95000076293945,42.95000076293945,42.94499969482422,42.94499969482422,11564,0.0,0.0,0.0
2024-09-11 15:54:00-04:00,42.94499969482422,42.95500183105469,42.94499969482422,42.95500183105469,22016,0.0,0.0,0.0
2024-09-11 15:55:00-04:00,42.95500183105469,42.95500183105469,42.9547004699707,42.95500183105469,4540,0.0,0.0,0.0
2024-09-11 15:56:00-04:00,42.95500183105469,42.95500183105469,42.95009994506836,42.95009994506836,2951,0.0,0.0,0.0
2024-09-11 15:57:00-04:00,42.95500183105469,42.959999084472656,42.95500183105469,42.95500183105469,6720,0.0,0.0,0.0
2024-09-11 15:58:00-04:00,42.95500183105469,42.959999084472656,42.95500183105469,42.95500183105469,5350,0.0,0.0,0.0
2024-09-11 15:59:00-04:00,42.95500183105469,42.959999084472656,42.95500183105469,42.959999084472656,18771,0.0,0.0,0.0
2024-09-12 09:30:00-04:00,42.939998626708984,42.94990158081055,42.939998626708984,42.94990158081055,26007,0.0,0.0,0.0
2024-09-12 09:31:00-04:00,42.939998626708984,42.939998626708984,42.939998626708984,42.939998626708984,2548,0.0,0.0,0.0
2024-09-12 09:32:00-04:00,42.939998626708984,42.939998626708984,42.939998626708984,42.939998626708984,0,0.0,0.0,0.0
2024-09-12 09:33:00-04:00,42.935001373291016,42.935001373291016,42.93280029296875,42.93280029296875,33180,0.0,0.0,0.0
2024-09-12 09:34:00-04:00,42.93000030517578,42.93000030517578,42.93000030517578,42.93000030517578,304,0.0,0.0,0.0
2024-09-12 09:35:00-04:00,42.93000030517578,42.93000030517578,42.93000030517578,42.93000030517578,1307,0.0,0.0,0.0
2024-09-12 09:36:00-04:00,42.935001373291016,42.939998626708984,42.935001373291016,42.939998626708984,718,0.0,0.0,0.0
2024-09-12 09:37:00-04:00,42.935001373291016,42.935001373291016,42.935001373291016,42.935001373291016,156,0.0,0.0,0.0
2024-09-12 09:38:00-04:00,42.939998626708984,42.939998626708984,42.939998626708984,42.939998626708984,890,0.0,0.0,0.0
2024-09-12 09:39:00-04:00,42.939998626708984,42.939998626708984,42.939998626708984,42.939998626708984,791,0.0,0.0,0.0
2024-09-12 09:40:00-04:00,42.939998626708984,42.939998626708984,42.939998626708984,42.939998626708984,1118,0.0,0.0,0.0
2024-09-12 09:41:00-04:00,42.93000030517578,42.939998626708984,42.93000030517578,42.939998626708984,19562,0.0,0.0,0.0
2024-09-12 09:42:00-04:00,42.939998626708984,42.939998626708984,42.939998626708984,42.939998626708984,1778,0.0,0.0,0.0
2024-09-12 09:43:00-04:00,42.939998626708984,42.939998626708984,42.935001373291016,42.939998626708984,10772,0.0,0.0,0.0
2024-09-12 09:44:00-04:00,42.939998626708984,42.939998626708984,42.935001373291016,42.935001373291016,906,0.0,0.0,0.0
2024-09-12 09:46:00-04:00,42.935001373291016,42.94499969482422,42.935001373291016,42.94499969482422,1376,0.0,0.0,0.0
2024-09-12 09:47:00-04:00,42.939998626708984,42.939998626708984,42.935001373291016,42.935001373291016,73437,0.0,0.0,0.0
2024-09-12 09:48:00-04:00,42.935001373291016,42.935001373291016,42.935001373291016,42.935001373291016,318,0.0,0.0,0.0
2024-09-12 09:49:00-04:00,42.93000030517578,42.93000030517578,42.92499923706055,42.93000030517578,2803,0.0,0.0,0.0
2024-09-12 09:50:00-04:00,42.92499923706055,42.93000030517578,42.92499923706055,42.92499923706055,4326,0.0,0.0,0.0
2024-09-12 09:51:00-04:00,42.92499923706055,42.92499923706055,42.92499923706055,42.92499923706055,312,0.0,0.0,0.0
2024-09-12 09:52:00-04:00,42.93000030517578,42.93000030517578,42.93000030517578,42.93000030517578,1482,0.0,0.0,0.0
2024-09-12 09:53:00-04:00,42.935001373291016,42.935001373291016,42.935001373291016,42.935001373291016,106,0.0,0.0,0.0
2024-09-12 09:54:00-04:00,42.935001373291016,42.935001373291016,42.935001373291016,42.935001373291016,113,0.0,0.0,0.0
2024-09-12 09:55:00-04:00,42.93000030517578,42.935001373291016,42.93000030517578,42.935001373291016,2658,0.0,0.0,0.0
2024-09-12 09:56:00-04:00,42.935001373291016,42.935001373291016,42.93000030517578,42.935001373291016,2662,0.0,0.0,0.0
2024-09-12 09:57:00-04:00,42.93000030517578,42.935001373291016,42.93000030517578,42.935001373291016,428,0.0,0.0,0.0
2024-09-12 09:58:00-04:00,42.93000030517578,42.935001373291016,42.93000030517578,42.935001373291016,604,0.0,0.0,0.0
2024-09-12 10:00:00-04:00,42.935001373291016,42.935001373291016,42.92100143432617,42.92100143432617,1920,0.0,0.0,0.0
2024-09-12 10:01:00-04:00,42.93000030517578,42.93000030517578,42.9296989440918,42.9296989440918,963,0.0,0.0,0.0
2024-09-12 10:03:00-04:00,42.935001373291016,42.935001373291016,42.935001373291016,42.935001373291016,123,0.0,0.0,0.0
2024-09-12 10:04:00-04:00,42.93000030517578,42.93000030517578,42.92499923706055,42.92499923706055,1461,0.0,0.0,0.0
2024-09-12 10:05:00-04:00,42.93000030517578,42.93000030517578,42.93000030517578,42.93000030517578,1028,0.0,0.0,0.0
2024-09-12 10:07:00-04:00,42.935001373291016,42.935001373291016,42.935001373291016,42.935001373291016,869,0.0,0.0,0.0
2024-09-12 10:08:00-04:00,42.93000030517578,42.935001373291016,42.93000030517578,42.935001373291016,395,0.0,0.0,0.0
2024-09-12 10:09:00-04:00,42.93989944458008,42.93989944458008,42.93000030517578,42.93000030517578,1186,0.0,0.0,0.0
2024-09-12 10:12:00-04:00,42.939998626708984,42.94969940185547,42.939998626708984,42.94499969482422,4110,0.0,0.0,0.0
2024-09-12 10:13:00-04:00,42.94499969482422,42.94499969482422,42.94499969482422,42.94499969482422,2535,0.0,0.0,0.0
2024-09-12 10:14:00-04:00,42.95000076293945,42.95000076293945,42.95000076293945,42.95000076293945,102,0.0,0.0,0.0
2024-09-12 10:15:00-04:00,42.94499969482422,42.95000076293945,42.94499969482422,42.95000076293945,1860,0.0,0.0,0.0
2024-09-12 10:16:00-04:00,42.94499969482422,42.94990158081055,42.940101623535156,42.940101623535156,4748,0.0,0.0,0.0
2024-09-12 10:17:00-04:00,42.94990158081055,42.94990158081055,42.940101623535156,42.94499969482422,808,0.0,0.0,0.0
2024-09-12 10:18:00-04:00,42.94499969482422,42.94499969482422,42.94499969482422,42.94499969482422,804,0.0,0.0,0.0
2024-09-12 10:20:00-04:00,42.94606018066406,42.94606018066406,42.94606018066406,42.94606018066406,360,0.0,0.0,0.0
2024-09-12 10:21:00-04:00,42.95000076293945,42.95000076293945,42.95000076293945,42.95000076293945,756,0.0,0.0,0.0
2024-09-12 10:22:00-04:00,42.95500183105469,42.95500183105469,42.95500183105469,42.95500183105469,196,0.0,0.0,0.0
2024-09-12 10:23:00-04:00,42.95500183105469,42.95500183105469,42.95500183105469,42.95500183105469,244,0.0,0.0,0.0
2024-09-12 10:24:00-04:00,42.95370101928711,42.95370101928711,42.94499969482422,42.94499969482422,3392,0.0,0.0,0.0
2024-09-12 10:25:00-04:00,42.94850158691406,42.94850158691406,42.94850158691406,42.94850158691406,184,0.0,0.0,0.0
2024-09-12 10:26:00-04:00,42.94499969482422,42.94499969482422,42.94499969482422,42.94499969482422,117631,0.0,0.0,0.0
2024-09-12 10:27:00-04:00,42.94499969482422,42.94499969482422,42.94499969482422,42.94499969482422,2455,0.0,0.0,0.0
2024-09-12 10:28:00-04:00,42.94350051879883,42.94350051879883,42.94350051879883,42.94350051879883,193,0.0,0.0,0.0
2024-09-12 10:29:00-04:00,42.95000076293945,42.95000076293945,42.95000076293945,42.95000076293945,517,0.0,0.0,0.0
2024-09-12 10:30:00-04:00,42.94499969482422,42.95000076293945,42.939998626708984,42.939998626708984,3771,0.0,0.0,0.0
2024-09-12 10:31:00-04:00,42.95500183105469,42.95500183105469,42.95500183105469,42.95500183105469,1386,0.0,0.0,0.0
2024-09-12 10:33:00-04:00,42.95000076293945,42.95000076293945,42.95000076293945,42.95000076293945,618,0.0,0.0,0.0
2024-09-12 10:35:00-04:00,42.95000076293945,42.95000076293945,42.948001861572266,42.94879913330078,4473,0.0,0.0,0.0
2024-09-12 10:36:00-04:00,42.93000030517578,42.93000030517578,42.93000030517578,42.93000030517578,322,0.0,0.0,0.0
2024-09-12 10:37:00-04:00,42.931800842285156,42.931800842285156,42.931800842285156,42.931800842285156,236,0.0,0.0,0.0
2024-09-12 10:38:00-04:00,42.939998626708984,42.94990158081055,42.939998626708984,42.94990158081055,1003,0.0,0.0,0.0
2024-09-12 10:40:00-04:00,42.94499969482422,42.94499969482422,42.94499969482422,42.94499969482422,166,0.0,0.0,0.0
2024-09-12 10:41:00-04:00,42.940101623535156,42.94990158081055,42.940101623535156,42.94990158081055,4332,0.0,0.0,0.0
2024-09-12 10:43:00-04:00,42.94499969482422,42.94499969482422,42.94499969482422,42.94499969482422,242,0.0,0.0,0.0
2024-09-12 10:44:00-04:00,42.94499969482422,42.94499969482422,42.94499969482422,42.94499969482422,3387,0.0,0.0,0.0
2024-09-12 10:45:00-04:00,42.95000076293945,42.95000076293945,42.95000076293945,42.95000076293945,1300,0.0,0.0,0.0
2024-09-12 10:46:00-04:00,42.950199127197266,42.950199127197266,42.950199127197266,42.950199127197266,3183,0.0,0.0,0.0
2024-09-12 10:48:00-04:00,42.95100021362305,42.95100021362305,42.95000076293945,42.95000076293945,2569,0.0,0.0,0.0
2024-09-12 10:49:00-04:00,42.95330047607422,42.95500183105469,42.95000076293945,42.95500183105469,4618,0.0,0.0,0.0
2024-09-12 10:50:00-04:00,42.95500183105469,42.95669937133789,42.95000076293945,42.95669937133789,761,0.0,0.0,0.0
2024-09-12 10:51:00-04:00,42.95000076293945,42.95500183105469,42.95000076293945,42.95009994506836,1410,0.0,0.0,0.0
2024-09-12 10:52:00-04:00,42.95000076293945,42.95330047607422,42.95000076293945,42.95009994506836,1093,0.0,0.0,0.0
2024-09-12 10:54:00-04:00,42.94499969482422,42.94499969482422,42.94499969482422,42.94499969482422,2074,0.0,0.0,0.0
2024-09-12 10:57:00-04:00,42.95000076293945,42.95000076293945,42.95000076293945,42.95000076293945,1254,0.0,0.0,0.0
2024-09-12 10:59:00-04:00,42.935001373291016,42.939998626708984,42.935001373291016,42.939998626708984,800,0.0,0.0,0.0
2024-09-12 11:00:00-04:00,42.935001373291016,42.939998626708984,42.935001373291016,42.939998626708984,3706,0.0,0.0,0.0
2024-09-12 11:01:00-04:00,42.939998626708984,42.939998626708984,42.939998626708984,42.939998626708984,914,0.0,0.0,0.0
2024-09-12 11:02:00-04:00,42.94499969482422,42.94499969482422,42.94499969482422,42.94499969482422,111,0.0,0.0,0.0
2024-09-12 11:03:00-04:00,42.940101623535156,42.94990158081055,42.940101623535156,42.94990158081055,7413,0.0,0.0,0.0
2024-09-12 11:04:00-04:00,42.94499969482422,42.94499969482422,42.94499969482422,42.94499969482422,104,0.0,0.0,0.0
2024-09-12 11:05:00-04:00,42.94499969482422,42.95000076293945,42.94499969482422,42.94850158691406,1526,0.0,0.0,0.0
2024-09-12 11:06:00-04:00,42.95500183105469,42.95500183105469,42.95500183105469,42.95500183105469,1234,0.0,0.0,0.0
2024-09-12 11:07:00-04:00,42.959999084472656,42.959999084472656,42.959999084472656,42.959999084472656,759,0.0,0.0,0.0
2024-09-12 11:09:00-04:00,42.959999084472656,42.96009826660156,42.9552001953125,42.96009826660156,2486,0.0,0.0,0.0
2024-09-12 11:10:00-04:00,42.95000076293945,42.959999084472656,42.95000076293945,42.95750045776367,598,0.0,0.0,0.0
2024-09-12 11:11:00-04:00,42.959999084472656,42.959999084472656,42.95180130004883,42.95180130004883,1038,0.0,0.0,0.0
2024-09-12 11:13:00-04:00,42.970001220703125,42.974998474121094,42.970001220703125,42.974998474121094,1933,0.0,0.0,0.0
2024-09-12 11:14:00-04:00,42.97010040283203,42.97010040283203,42.97010040283203,42.97010040283203,244,0.0,0.0,0.0
2024-09-12 11:15:00-04:00,42.974998474121094,42.97990036010742,42.970001220703125,42.970001220703125,5663,0.0,0.0,0.0
2024-09-12 11:18:00-04:00,42.96500015258789,42.96500015258789,42.96500015258789,42.96500015258789,386,0.0,0.0,0.0
2024-09-12 11:27:00-04:00,42.96500015258789,42.96500015258789,42.96500015258789,42.96500015258789,207,0.0,0.0,0.0
2024-09-12 11:29:00-04:00,42.96989822387695,42.96989822387695,42.96989822387695,42.96989822387695,130,0.0,0.0,0.0
2024-09-12 11:30:00-04:00,42.96500015258789,42.96500015258789,42.96500015258789,42.96500015258789,254,0.0,0.0,0.0
2024-09-12 11:31:00-04:00,42.96500015258789,42.970001220703125,42.96500015258789,42.970001220703125,1978,0.0,0.0,0.0
2024-09-12 11:32:00-04:00,42.970001220703125,42.970001220703125,42.970001220703125,42.970001220703125,215,0.0,0.0,0.0
2024-09-12 11:34:00-04:00,42.970001220703125,42.970001220703125,42.970001220703125,42.970001220703125,1585,0.0,0.0,0.0
2024-09-12 11:35:00-04:00,42.974998474121094,42.974998474121094,42.974998474121094,42.974998474121094,492,0.0,0.0,0.0
2024-09-12 11:39:00-04:00,42.97650146484375,42.97650146484375,42.974998474121094,42.974998474121094,4861,0.0,0.0,0.0
2024-09-12 11:40:00-04:00,42.974998474121094,42.974998474121094,42.974998474121094,42.974998474121094,167,0.0,0.0,0.0
2024-09-12 11:41:00-04:00,42.974998474121094,42.974998474121094,42.974998474121094,42.974998474121094,931,0.0,0.0,0.0
2024-09-12 11:43:00-04:00,42.970001220703125,42.970001220703125,42.970001220703125,42.970001220703125,400,0.0,0.0,0.0
2024-09-12 11:44:00-04:00,42.974998474121094,42.974998474121094,42.970001220703125,42.970001220703125,1017,0.0,0.0,0.0
2024-09-12 11:45:00-04:00,42.97010040283203,42.974998474121094,42.97010040283203,42.974998474121094,662,0.0,0.0,0.0
2024-09-12 11:46:00-04:00,42.970001220703125,42.970001220703125,42.965999603271484,42.965999603271484,201019,0.0,0.0,0.0
2024-09-12 11:47:00-04:00,42.96989822387695,42.96989822387695,42.96989822387695,42.96989822387695,282,0.0,0.0,0.0
2024-09-12 11:49:00-04:00,42.970001220703125,42.974998474121094,42.970001220703125,42.974998474121094,755,0.0,0.0,0.0
2024-09-12 11:52:00-04:00,42.972198486328125,42.972198486328125,42.972198486328125,42.972198486328125,123,0.0,0.0,0.0
2024-09-12 11:53:00-04:00,42.974998474121094,42.974998474121094,42.97010040283203,42.97010040283203,500,0.0,0.0,0.0
2024-09-12 11:54:00-04:00,42.970001220703125,42.970001220703125,42.970001220703125,42.970001220703125,2439,0.0,0.0,0.0
2024-09-12 11:55:00-04:00,42.96500015258789,42.970001220703125,42.96500015258789,42.96989822387695,1861,0.0,0.0,0.0
2024-09-12 11:56:00-04:00,42.96500015258789,42.96549987792969,42.96500015258789,42.96549987792969,701,0.0,0.0,0.0
2024-09-12 11:57:00-04:00,42.959999084472656,42.96500015258789,42.959999084472656,42.96500015258789,472,0.0,0.0,0.0
2024-09-12 11:58:00-04:00,42.96500015258789,42.96500015258789,42.96500015258789,42.96500015258789,347,0.0,0.0,0.0
2024-09-12 11:59:00-04:00,42.96549987792969,42.96580123901367,42.959999084472656,42.959999084472656,1669,0.0,0.0,0.0
2024-09-12 12:00:00-04:00,42.96989822387695,42.96989822387695,42.959999084472656,42.959999084472656,3548,0.0,0.0,0.0
2024-09-12 12:01:00-04:00,42.959999084472656,42.959999084472656,42.959999084472656,42.959999084472656,717,0.0,0.0,0.0
2024-09-12 12:02:00-04:00,42.959999084472656,42.959999084472656,42.959999084472656,42.959999084472656,988,0.0,0.0,0.0
2024-09-12 12:04:00-04:00,42.96500015258789,42.96500015258789,42.96500015258789,42.96500015258789,241,0.0,0.0,0.0
2024-09-12 12:05:00-04:00,42.96989822387695,42.96989822387695,42.96989822387695,42.96989822387695,1556,0.0,0.0,0.0
2024-09-12 12:09:00-04:00,42.96500015258789,42.96659851074219,42.96500015258789,42.96659851074219,660,0.0,0.0,0.0
2024-09-12 12:11:00-04:00,42.96500015258789,42.96500015258789,42.96500015258789,42.96500015258789,876,0.0,0.0,0.0
2024-09-12 12:12:00-04:00,42.9653434753418,42.9653434753418,42.9653434753418,42.9653434753418,234,0.0,0.0,0.0
2024-09-12 12:13:00-04:00,42.959999084472656,42.959999084472656,42.959999084472656,42.959999084472656,201,0.0,0.0,0.0
2024-09-12 12:14:00-04:00,42.96760177612305,42.96760177612305,42.96760177612305,42.96760177612305,185,0.0,0.0,0.0
2024-09-12 12:16:00-04:00,42.96989822387695,42.96989822387695,42.959999084472656,42.959999084472656,331,0.0,0.0,0.0
2024-09-12 12:17:00-04:00,42.959999084472656,42.959999084472656,42.95500183105469,42.95500183105469,1772,0.0,0.0,0.0
2024-09-12 12:18:00-04:00,42.95500183105469,42.959999084472656,42.95500183105469,42.959999084472656,2501,0.0,0.0,0.0
2024-09-12 12:19:00-04:00,42.95000076293945,42.959999084472656,42.95000076293945,42.95989990234375,1812,0.0,0.0,0.0
2024-09-12 12:20:00-04:00,42.96500015258789,42.96500015258789,42.96500015258789,42.96500015258789,5992,0.0,0.0,0.0
2024-09-12 12:21:00-04:00,42.96500015258789,42.96500015258789,42.96500015258789,42.96500015258789,591,0.0,0.0,0.0
2024-09-12 12:22:00-04:00,42.96500015258789,42.96500015258789,42.96500015258789,42.96500015258789,245,0.0,0.0,0.0
2024-09-12 12:24:00-04:00,42.959999084472656,42.959999084472656,42.959999084472656,42.959999084472656,238,0.0,0.0,0.0
2024-09-12 12:25:00-04:00,42.96500015258789,42.96500015258789,42.96500015258789,42.96500015258789,995,0.0,0.0,0.0
2024-09-12 12:26:00-04:00,42.959999084472656,42.959999084472656,42.959999084472656,42.959999084472656,270,0.0,0.0,0.0
2024-09-12 12:27:00-04:00,42.96500015258789,42.96500015258789,42.96500015258789,42.96500015258789,310,0.0,0.0,0.0
2024-09-12 12:28:00-04:00,42.959999084472656,42.959999084472656,42.959999084472656,42.959999084472656,654,0.0,0.0,0.0
2024-09-12 12:29:00-04:00,42.95600128173828,42.959999084472656,42.95600128173828,42.959999084472656,2165,0.0,0.0,0.0
2024-09-12 12:31:00-04:00,42.959999084472656,42.959999084472656,42.95500183105469,42.95500183105469,2002,0.0,0.0,0.0
2024-09-12 12:32:00-04:00,42.95500183105469,42.95500183105469,42.95500183105469,42.95500183105469,200,0.0,0.0,0.0
2024-09-12 12:33:00-04:00,42.95500183105469,42.959999084472656,42.95500183105469,42.959999084472656,1328,0.0,0.0,0.0
2024-09-12 12:34:00-04:00,42.95500183105469,42.95500183105469,42.95500183105469,42.95500183105469,489,0.0,0.0,0.0
2024-09-12 12:35:00-04:00,42.95500183105469,42.959999084472656,42.95500183105469,42.959999084472656,2528,0.0,0.0,0.0
2024-09-12 12:36:00-04:00,42.967498779296875,42.970001220703125,42.96500015258789,42.96500015258789,13255,0.0,0.0,0.0
2024-09-12 12:37:00-04:00,42.970001220703125,42.970001220703125,42.96500015258789,42.96500015258789,1009,0.0,0.0,0.0
2024-09-12 12:38:00-04:00,42.968299865722656,42.968299865722656,42.968299865722656,42.968299865722656,1017,0.0,0.0,0.0
2024-09-12 12:39:00-04:00,42.963199615478516,42.96500015258789,42.959999084472656,42.959999084472656,1914,0.0,0.0,0.0
2024-09-12 12:40:00-04:00,42.959800720214844,42.959800720214844,42.959800720214844,42.959800720214844,617,0.0,0.0,0.0
2024-09-12 12:41:00-04:00,42.959999084472656,42.959999084472656,42.95500183105469,42.95790100097656,2585,0.0,0.0,0.0
2024-09-12 12:42:00-04:00,42.959999084472656,42.959999084472656,42.959999084472656,42.959999084472656,905,0.0,0.0,0.0
2024-09-12 12:43:00-04:00,42.96500015258789,42.96500015258789,42.96500015258789,42.96500015258789,432,0.0,0.0,0.0
2024-09-12 12:44:00-04:00,42.96500015258789,42.96500015258789,42.96500015258789,42.96500015258789,275,0.0,0.0,0.0
2024-09-12 12:45:00-04:00,42.959999084472656,42.96500015258789,42.959999084472656,42.96369171142578,704,0.0,0.0,0.0
2024-09-12 12:46:00-04:00,42.959999084472656,42.959999084472656,42.959999084472656,42.959999084472656,226,0.0,0.0,0.0
2024-09-12 12:47:00-04:00,42.96500015258789,42.96500015258789,42.96500015258789,42.96500015258789,815,0.0,0.0,0.0
2024-09-12 12:48:00-04:00,42.96500015258789,42.96500015258789,42.96500015258789,42.96500015258789,374,0.0,0.0,0.0
2024-09-12 12:49:00-04:00,42.970001220703125,42.970001220703125,42.970001220703125,42.970001220703125,1772,0.0,0.0,0.0
2024-09-12 12:50:00-04:00,42.970001220703125,42.970001220703125,42.970001220703125,42.970001220703125,2475,0.0,0.0,0.0
2024-09-12 12:51:00-04:00,42.97169876098633,42.974998474121094,42.97169876098633,42.974998474121094,20438,0.0,0.0,0.0
2024-09-12 12:54:00-04:00,42.974998474121094,42.974998474121094,42.974998474121094,42.974998474121094,423,0.0,0.0,0.0
2024-09-12 12:56:00-04:00,42.975799560546875,42.975799560546875,42.974998474121094,42.974998474121094,396,0.0,0.0,0.0
2024-09-12 12:57:00-04:00,42.97999954223633,42.97999954223633,42.97999954223633,42.97999954223633,7991,0.0,0.0,0.0
2024-09-12 12:58:00-04:00,42.97999954223633,42.98500061035156,42.97999954223633,42.98500061035156,2919,0.0,0.0,0.0
2024-09-12 12:59:00-04:00,42.9900016784668,42.9900016784668,42.98500061035156,42.98500061035156,7825,0.0,0.0,0.0
2024-09-12 13:00:00-04:00,42.98500061035156,42.98500061035156,42.98500061035156,42.98500061035156,238,0.0,0.0,0.0
2024-09-12 13:01:00-04:00,42.98500061035156,42.98500061035156,42.98500061035156,42.98500061035156,288,0.0,0.0,0.0
2024-09-12 13:02:00-04:00,42.9900016784668,42.9900016784668,42.98500061035156,42.9900016784668,503,0.0,0.0,0.0
2024-09-12 13:03:00-04:00,42.98500061035156,42.98500061035156,42.98500061035156,42.98500061035156,230,0.0,0.0,0.0
2024-09-12 13:05:00-04:00,42.97999954223633,42.97999954223633,42.97999954223633,42.97999954223633,250,0.0,0.0,0.0
2024-09-12 13:06:00-04:00,42.98500061035156,42.98500061035156,42.98500061035156,42.98500061035156,2382,0.0,0.0,0.0
2024-09-12 13:07:00-04:00,42.9900016784668,42.9900016784668,42.9900016784668,42.9900016784668,980,0.0,0.0,0.0
2024-09-12 13:08:00-04:00,42.994998931884766,42.994998931884766,42.994998931884766,42.994998931884766,100,0.0,0.0,0.0
2024-09-12 13:09:00-04:00,42.9900016784668,42.9900016784668,42.9900016784668,42.9900016784668,200,0.0,0.0,0.0
2024-09-12 13:11:00-04:00,42.9900016784668,42.9900016784668,42.9900016784668,42.9900016784668,821,0.0,0.0,0.0
2024-09-12 13:12:00-04:00,42.9900016784668,42.9900016784668,42.98500061035156,42.98500061035156,1673,0.0,0.0,0.0
2024-09-12 13:14:00-04:00,42.98759841918945,42.98759841918945,42.98500061035156,42.98500061035156,1277,0.0,0.0,0.0
2024-09-12 13:15:00-04:00,42.9900016784668,42.9900016784668,42.9900016784668,42.9900016784668,1155,0.0,0.0,0.0
2024-09-12 13:16:00-04:00,42.997100830078125,42.997100830078125,42.997100830078125,42.997100830078125,376,0.0,0.0,0.0
2024-09-12 13:18:00-04:00,43.0,43.0,42.994998931884766,42.994998931884766,852,0.0,0.0,0.0
2024-09-12 13:20:00-04:00,42.994998931884766,42.994998931884766,42.994998931884766,42.994998931884766,264,0.0,0.0,0.0
2024-09-12 13:21:00-04:00,42.9900016784668,42.994998931884766,42.9900016784668,42.994998931884766,318,0.0,0.0,0.0
2024-09-12 13:24:00-04:00,42.9901008605957,42.9901008605957,42.9901008605957,42.9901008605957,1170,0.0,0.0,0.0
2024-09-12 13:25:00-04:00,42.999000549316406,42.999000549316406,42.999000549316406,42.999000549316406,101,0.0,0.0,0.0
2024-09-12 13:26:00-04:00,42.994998931884766,42.99620056152344,42.994998931884766,42.99620056152344,461,0.0,0.0,0.0
2024-09-12 13:27:00-04:00,43.0,43.0098991394043,43.0,43.0098991394043,1258,0.0,0.0,0.0
2024-09-12 13:28:00-04:00,43.005001068115234,43.005001068115234,43.0,43.005001068115234,1565,0.0,0.0,0.0
2024-09-12 13:29:00-04:00,43.0,43.0,42.994998931884766,42.994998931884766,366,0.0,0.0,0.0
2024-09-12 13:30:00-04:00,42.994998931884766,42.994998931884766,42.994998931884766,42.994998931884766,784,0.0,0.0,0.0
2024-09-12 13:31:00-04:00,42.994998931884766,42.999900817871094,42.994998931884766,42.999900817871094,1025,0.0,0.0,0.0
2024-09-12 13:32:00-04:00,43.0,43.0,43.0,43.0,718,0.0,0.0,0.0
2024-09-12 13:34:00-04:00,42.99660110473633,43.0,42.994998931884766,43.0,11105,0.0,0.0,0.0
2024-09-12 13:35:00-04:00,43.0,43.0,43.0,43.0,1465,0.0,0.0,0.0
2024-09-12 13:36:00-04:00,43.0,43.005001068115234,43.0,43.005001068115234,2308,0.0,0.0,0.0
2024-09-12 13:37:00-04:00,43.005001068115234,43.005001068115234,43.005001068115234,43.005001068115234,157,0.0,0.0,0.0
2024-09-12 13:38:00-04:00,43.0098991394043,43.0098991394043,43.005001068115234,43.005001068115234,5455,0.0,0.0,0.0
2024-09-12 13:39:00-04:00,43.005001068115234,43.005001068115234,43.005001068115234,43.005001068115234,106,0.0,0.0,0.0
2024-09-12 13:41:00-04:00,43.005001068115234,43.0099983215332,43.005001068115234,43.005001068115234,1282,0.0,0.0,0.0
2024-09-12 13:42:00-04:00,43.005001068115234,43.005001068115234,43.005001068115234,43.005001068115234,300,0.0,0.0,0.0
2024-09-12 13:43:00-04:00,43.005001068115234,43.005001068115234,43.005001068115234,43.005001068115234,530,0.0,0.0,0.0
2024-09-12 13:44:00-04:00,43.0099983215332,43.0099983215332,43.005001068115234,43.005001068115234,503,0.0,0.0,0.0
2024-09-12 13:45:00-04:00,43.005001068115234,43.01499938964844,43.005001068115234,43.01499938964844,2990,0.0,0.0,0.0
2024-09-12 13:46:00-04:00,43.01499938964844,43.01499938964844,43.01499938964844,43.01499938964844,3745,0.0,0.0,0.0
2024-09-12 13:47:00-04:00,43.01499938964844,43.01499938964844,43.01499938964844,43.01499938964844,243,0.0,0.0,0.0
2024-09-12 13:48:00-04:00,43.0099983215332,43.0099983215332,43.0099983215332,43.0099983215332,443,0.0,0.0,0.0
2024-09-12 13:49:00-04:00,43.01499938964844,43.01499938964844,43.0099983215332,43.01499938964844,48425,0.0,0.0,0.0
2024-09-12 13:50:00-04:00,43.01499938964844,43.02000045776367,43.01499938964844,43.02000045776367,711,0.0,0.0,0.0
2024-09-12 13:51:00-04:00,43.02000045776367,43.025001525878906,43.02000045776367,43.025001525878906,1800,0.0,0.0,0.0
2024-09-12 13:52:00-04:00,43.025001525878906,43.02519989013672,43.025001525878906,43.02519989013672,1213,0.0,0.0,0.0
2024-09-12 13:53:00-04:00,43.029998779296875,43.03990173339844,43.029998779296875,43.03990173339844,1159,0.0,0.0,0.0
2024-09-12 13:54:00-04:00,43.03499984741211,43.03499984741211,43.029998779296875,43.029998779296875,2015,0.0,0.0,0.0
2024-09-12 13:55:00-04:00,43.029998779296875,43.03329849243164,43.029998779296875,43.029998779296875,1037,0.0,0.0,0.0
2024-09-12 13:56:00-04:00,43.03499984741211,43.03499984741211,43.029998779296875,43.03499984741211,1750,0.0,0.0,0.0
2024-09-12 13:57:00-04:00,43.03499984741211,43.03499984741211,43.02519989013672,43.02519989013672,4488,0.0,0.0,0.0
2024-09-12 13:58:00-04:00,43.029998779296875,43.03499984741211,43.029998779296875,43.03499984741211,405,0.0,0.0,0.0
2024-09-12 13:59:00-04:00,43.03499984741211,43.03499984741211,43.029998779296875,43.029998779296875,447,0.0,0.0,0.0
2024-09-12 14:01:00-04:00,43.029998779296875,43.029998779296875,43.024898529052734,43.025001525878906,746,0.0,0.0,0.0
2024-09-12 14:03:00-04:00,43.02000045776367,43.02000045776367,43.02000045776367,43.02000045776367,378,0.0,0.0,0.0
2024-09-12 14:04:00-04:00,43.025001525878906,43.025001525878906,43.02000045776367,43.02000045776367,860,0.0,0.0,0.0
2024-09-12 14:05:00-04:00,43.025001525878906,43.025001525878906,43.02000045776367,43.02000045776367,654,0.0,0.0,0.0
2024-09-12 14:06:00-04:00,43.02000045776367,43.025001525878906,43.02000045776367,43.025001525878906,914,0.0,0.0,0.0
2024-09-12 14:07:00-04:00,43.02000045776367,43.025001525878906,43.02000045776367,43.02000045776367,642,0.0,0.0,0.0
2024-09-12 14:08:00-04:00,43.02009963989258,43.025001525878906,43.02000045776367,43.02000045776367,3139,0.0,0.0,0.0
2024-09-12 14:09:00-04:00,43.02000045776367,43.023399353027344,43.01499938964844,43.01499938964844,857,0.0,0.0,0.0
2024-09-12 14:10:00-04:00,43.01499938964844,43.01499938964844,43.0099983215332,43.01499938964844,1650,0.0,0.0,0.0
2024-09-12 14:11:00-04:00,43.01499938964844,43.01499938964844,43.0099983215332,43.01499938964844,939,0.0,0.0,0.0
2024-09-12 14:12:00-04:00,43.0099983215332,43.02000045776367,43.0099983215332,43.02000045776367,1226,0.0,0.0,0.0
2024-09-12 14:14:00-04:00,43.025001525878906,43.025001525878906,43.025001525878906,43.025001525878906,3044,0.0,0.0,0.0
2024-09-12 14:15:00-04:00,43.025001525878906,43.025001525878906,43.02009963989258,43.02009963989258,722,0.0,0.0,0.0
2024-09-12 14:17:00-04:00,43.02000045776367,43.02000045776367,43.02000045776367,43.02000045776367,3063,0.0,0.0,0.0
2024-09-12 14:18:00-04:00,43.029998779296875,43.029998779296875,43.02000045776367,43.02000045776367,982,0.0,0.0,0.0
2024-09-12 14:19:00-04:00,43.025001525878906,43.025001525878906,43.025001525878906,43.025001525878906,110,0.0,0.0,0.0
2024-09-12 14:20:00-04:00,43.02000045776367,43.025001525878906,43.02000045776367,43.025001525878906,395,0.0,0.0,0.0
2024-09-12 14:21:00-04:00,43.025001525878906,43.025001525878906,43.02000045776367,43.02000045776367,1182,0.0,0.0,0.0
2024-09-12 14:22:00-04:00,43.02199935913086,43.0265998840332,43.02000045776367,43.0265998840332,1412,0.0,0.0,0.0
2024-09-12 14:23:00-04:00,43.02000045776367,43.02000045776367,43.02000045776367,43.02000045776367,632,0.0,0.0,0.0
2024-09-12 14:24:00-04:00,43.01639938354492,43.019901275634766,43.0099983215332,43.0099983215332,1528,0.0,0.0,0.0
2024-09-12 14:25:00-04:00,43.025001525878906,43.025001525878906,43.02000045776367,43.02000045776367,3139,0.0,0.0,0.0
2024-09-12 14:26:00-04:00,43.025001525878906,43.025001525878906,43.025001525878906,43.025001525878906,418,0.0,0.0,0.0
2024-09-12 14:27:00-04:00,43.02000045776367,43.02159881591797,43.02000045776367,43.02159881591797,6213,0.0,0.0,0.0
2024-09-12 14:28:00-04:00,43.02000045776367,43.02669906616211,43.02000045776367,43.02669906616211,318,0.0,0.0,0.0
2024-09-12 14:29:00-04:00,43.02980041503906,43.02980041503906,43.02000045776367,43.025001525878906,3554,0.0,0.0,0.0
2024-09-12 14:30:00-04:00,43.025001525878906,43.025001525878906,43.02410125732422,43.025001525878906,1385,0.0,0.0,0.0
2024-09-12 14:31:00-04:00,43.02000045776367,43.02000045776367,43.02000045776367,43.02000045776367,1133,0.0,0.0,0.0
2024-09-12 14:32:00-04:00,43.01499938964844,43.01499938964844,43.01499938964844,43.01499938964844,203,0.0,0.0,0.0
2024-09-12 14:33:00-04:00,43.015499114990234,43.015499114990234,43.0099983215332,43.0099983215332,1516,0.0,0.0,0.0
2024-09-12 14:34:00-04:00,43.01499938964844,43.016700744628906,43.01499938964844,43.016700744628906,1564,0.0,0.0,0.0
2024-09-12 14:35:00-04:00,43.0099983215332,43.0099983215332,43.0099983215332,43.0099983215332,226,0.0,0.0,0.0
2024-09-12 14:37:00-04:00,43.019901275634766,43.019901275634766,43.019901275634766,43.019901275634766,277,0.0,0.0,0.0
2024-09-12 14:38:00-04:00,43.01499938964844,43.01499938964844,43.01499938964844,43.01499938964844,142,0.0,0.0,0.0
2024-09-12 14:39:00-04:00,43.01499938964844,43.01499938964844,43.01499938964844,43.01499938964844,2875,0.0,0.0,0.0
2024-09-12 14:40:00-04:00,43.01499938964844,43.019901275634766,43.0099983215332,43.0099983215332,693,0.0,0.0,0.0
2024-09-12 14:41:00-04:00,43.01499938964844,43.01499938964844,43.01499938964844,43.01499938964844,100,0.0,0.0,0.0
2024-09-12 14:42:00-04:00,43.0099983215332,43.02000045776367,43.0099983215332,43.02000045776367,545,0.0,0.0,0.0
2024-09-12 14:43:00-04:00,43.019798278808594,43.019798278808594,43.019798278808594,43.019798278808594,298,0.0,0.0,0.0
2024-09-12 14:44:00-04:00,43.01570129394531,43.01570129394531,43.01570129394531,43.01570129394531,191,0.0,0.0,0.0
2024-09-12 14:45:00-04:00,43.01499938964844,43.01499938964844,43.01499938964844,43.01499938964844,107,0.0,0.0,0.0
2024-09-12 14:46:00-04:00,43.01499938964844,43.01499938964844,43.01499938964844,43.01499938964844,493,0.0,0.0,0.0
2024-09-12 14:49:00-04:00,43.01639938354492,43.01639938354492,43.01639938354492,43.01639938354492,458,0.0,0.0,0.0
2024-09-12 14:50:00-04:00,43.01499938964844,43.01499938964844,43.01499938964844,43.01499938964844,100,0.0,0.0,0.0
2024-09-12 14:51:00-04:00,43.0099983215332,43.0099983215332,42.9901008605957,42.9901008605957,3370,0.0,0.0,0.0
2024-09-12 14:52:00-04:00,42.994998931884766,42.99829864501953,42.9900016784668,42.994998931884766,6312,0.0,0.0,0.0
2024-09-12 14:53:00-04:00,42.9900016784668,42.999698638916016,42.9900016784668,42.999698638916016,1540,0.0,0.0,0.0
2024-09-12 14:54:00-04:00,43.0,43.005001068115234,43.0,43.005001068115234,1309,0.0,0.0,0.0
2024-09-12 14:55:00-04:00,43.0099983215332,43.0099983215332,43.0099983215332,43.0099983215332,2057,0.0,0.0,0.0
2024-09-12 14:56:00-04:00,43.0099983215332,43.01499938964844,43.005001068115234,43.005001068115234,4389,0.0,0.0,0.0
2024-09-12 14:57:00-04:00,43.005001068115234,43.0099983215332,43.005001068115234,43.0099983215332,10508,0.0,0.0,0.0
2024-09-12 14:58:00-04:00,43.01499938964844,43.01499938964844,43.01499938964844,43.01499938964844,236,0.0,0.0,0.0
2024-09-12 15:00:00-04:00,43.01499938964844,43.01499938964844,43.0099983215332,43.0099983215332,1234,0.0,0.0,0.0
2024-09-12 15:01:00-04:00,43.02000045776367,43.02000045776367,43.016300201416016,43.016300201416016,1010,0.0,0.0,0.0
2024-09-12 15:02:00-04:00,43.02000045776367,43.025001525878906,43.02000045776367,43.025001525878906,2947,0.0,0.0,0.0
2024-09-12 15:03:00-04:00,43.025001525878906,43.025001525878906,43.02000045776367,43.02000045776367,3423,0.0,0.0,0.0
2024-09-12 15:04:00-04:00,43.0099983215332,43.0099983215332,43.0099983215332,43.0099983215332,410,0.0,0.0,0.0
2024-09-12 15:05:00-04:00,43.02000045776367,43.025001525878906,43.02000045776367,43.02000045776367,4385,0.0,0.0,0.0
2024-09-12 15:07:00-04:00,43.02000045776367,43.02000045776367,43.02000045776367,43.02000045776367,112,0.0,0.0,0.0
2024-09-12 15:08:00-04:00,43.02000045776367,43.025001525878906,43.02000045776367,43.02000045776367,1582,0.0,0.0,0.0
2024-09-12 15:09:00-04:00,43.02000045776367,43.02000045776367,43.0099983215332,43.0099983215332,491,0.0,0.0,0.0
2024-09-12 15:10:00-04:00,43.01470184326172,43.01470184326172,43.01470184326172,43.01470184326172,464,0.0,0.0,0.0
2024-09-12 15:11:00-04:00,43.01499938964844,43.01499938964844,43.01499938964844,43.01499938964844,1045,0.0,0.0,0.0
2024-09-12 15:12:00-04:00,43.01499938964844,43.01499938964844,43.01499938964844,43.01499938964844,941,0.0,0.0,0.0
2024-09-12 15:14:00-04:00,43.019901275634766,43.019901275634766,43.017398834228516,43.017398834228516,733,0.0,0.0,0.0
2024-09-12 15:15:00-04:00,43.01499938964844,43.01499938964844,43.01499938964844,43.01499938964844,1486,0.0,0.0,0.0
2024-09-12 15:16:00-04:00,43.01499938964844,43.01499938964844,43.00849914550781,43.00849914550781,5310,0.0,0.0,0.0
2024-09-12 15:17:00-04:00,43.0,43.0,43.0,43.0,377,0.0,0.0,0.0
2024-09-12 15:18:00-04:00,43.009700775146484,43.009700775146484,43.009700775146484,43.009700775146484,257,0.0,0.0,0.0
2024-09-12 15:19:00-04:00,43.0099983215332,43.01499938964844,43.0099983215332,43.01499938964844,1831,0.0,0.0,0.0
2024-09-12 15:20:00-04:00,43.019901275634766,43.019901275634766,43.019901275634766,43.019901275634766,528,0.0,0.0,0.0
2024-09-12 15:21:00-04:00,43.01499938964844,43.01499938964844,43.01499938964844,43.01499938964844,109,0.0,0.0,0.0
2024-09-12 15:22:00-04:00,43.010501861572266,43.016300201416016,43.010501861572266,43.01499938964844,3817,0.0,0.0,0.0
2024-09-12 15:23:00-04:00,43.0099983215332,43.0099983215332,43.005001068115234,43.005001068115234,712,0.0,0.0,0.0
2024-09-12 15:25:00-04:00,43.0099983215332,43.0099983215332,43.0099983215332,43.0099983215332,1069,0.0,0.0,0.0
2024-09-12 15:26:00-04:00,43.0099983215332,43.0099983215332,43.000099182128906,43.0099983215332,3556,0.0,0.0,0.0
2024-09-12 15:27:00-04:00,43.0,43.0,43.0,43.0,300,0.0,0.0,0.0
2024-09-12 15:29:00-04:00,43.005001068115234,43.005001068115234,43.005001068115234,43.005001068115234,544650,0.0,0.0,0.0
2024-09-12 15:31:00-04:00,43.005001068115234,43.005001068115234,43.004398345947266,43.004398345947266,792,0.0,0.0,0.0
2024-09-12 15:32:00-04:00,43.005001068115234,43.00590133666992,43.005001068115234,43.00590133666992,1152,0.0,0.0,0.0
2024-09-12 15:34:00-04:00,43.0,43.003501892089844,43.0,43.003501892089844,516,0.0,0.0,0.0
2024-09-12 15:36:00-04:00,43.0,43.0,43.0,43.0,102,0.0,0.0,0.0
2024-09-12 15:37:00-04:00,43.005001068115234,43.005001068115234,43.005001068115234,43.005001068115234,373,0.0,0.0,0.0
2024-09-12 15:39:00-04:00,43.005001068115234,43.005001068115234,43.005001068115234,43.005001068115234,305,0.0,0.0,0.0
2024-09-12 15:40:00-04:00,43.00170135498047,43.00170135498047,43.00170135498047,43.00170135498047,1318,0.0,0.0,0.0
2024-09-12 15:42:00-04:00,43.005001068115234,43.005001068115234,43.0,43.0,66236,0.0,0.0,0.0
2024-09-12 15:43:00-04:00,43.005001068115234,43.0099983215332,43.004798889160156,43.0099983215332,1099,0.0,0.0,0.0
2024-09-12 15:44:00-04:00,43.005001068115234,43.005001068115234,43.000999450683594,43.005001068115234,737,0.0,0.0,0.0
2024-09-12 15:48:00-04:00,43.005001068115234,43.005001068115234,43.005001068115234,43.005001068115234,255,0.0,0.0,0.0
2024-09-12 15:49:00-04:00,43.005001068115234,43.005001068115234,43.0,43.0,304,0.0,0.0,0.0
2024-09-12 15:50:00-04:00,43.0,43.005001068115234,43.0,43.0,2466,0.0,0.0,0.0
2024-09-12 15:51:00-04:00,43.0,43.0,43.0,43.0,1830,0.0,0.0,0.0
2024-09-12 15:52:00-04:00,43.0,43.0,43.0,43.0,1273,0.0,0.0,0.0
2024-09-12 15:53:00-04:00,43.0,43.0,43.0,43.0,1079,0.0,0.0,0.0
2024-09-12 15:54:00-04:00,43.0,43.0,43.0,43.0,1522,0.0,0.0,0.0
2024-09-12 15:55:00-04:00,43.005001068115234,43.005001068115234,43.0,43.0,2351,0.0,0.0,0.0
2024-09-12 15:58:00-04:00,43.0,43.005001068115234,43.0,43.0,4626,0.0,0.0,0.0
2024-09-12 15:59:00-04:00,43.00699996948242,43.0099983215332,43.0,43.0099983215332,14042,0.0,0.0,0.0
2024-09-13 09:30:00-04:00,43.040000915527344,43.040000915527344,43.040000915527344,43.040000915527344,9008,0.0,0.0,0.0
2024-09-13 09:31:00-04:00,43.060001373291016,43.064998626708984,43.060001373291016,43.064701080322266,649,0.0,0.0,0.0
2024-09-13 09:32:00-04:00,43.06990051269531,43.06990051269531,43.064998626708984,43.064998626708984,808,0.0,0.0,0.0
2024-09-13 09:34:00-04:00,43.064998626708984,43.06800079345703,43.064998626708984,43.06800079345703,505,0.0,0.0,0.0
2024-09-13 09:35:00-04:00,43.06999969482422,43.079898834228516,43.06999969482422,43.079898834228516,2384,0.0,0.0,0.0
2024-09-13 09:36:00-04:00,43.08000183105469,43.08000183105469,43.08000183105469,43.08000183105469,250,0.0,0.0,0.0
2024-09-13 09:37:00-04:00,43.07500076293945,43.08000183105469,43.07500076293945,43.08000183105469,498,0.0,0.0,0.0
2024-09-13 09:38:00-04:00,43.084999084472656,43.084999084472656,43.08169937133789,43.08169937133789,6219,0.0,0.0,0.0
2024-09-13 09:39:00-04:00,43.09000015258789,43.09000015258789,43.09000015258789,43.09000015258789,687,0.0,0.0,0.0
2024-09-13 09:40:00-04:00,43.09000015258789,43.09000015258789,43.09000015258789,43.09000015258789,1302,0.0,0.0,0.0
2024-09-13 09:41:00-04:00,43.084999084472656,43.084999084472656,43.084999084472656,43.084999084472656,459,0.0,0.0,0.0
2024-09-13 09:42:00-04:00,43.08000183105469,43.08000183105469,43.08000183105469,43.08000183105469,444,0.0,0.0,0.0
2024-09-13 09:44:00-04:00,43.084999084472656,43.084999084472656,43.084999084472656,43.084999084472656,400,0.0,0.0,0.0
2024-09-13 09:45:00-04:00,43.084999084472656,43.084999084472656,43.084999084472656,43.084999084472656,405,0.0,0.0,0.0
2024-09-13 09:48:00-04:00,43.095001220703125,43.095001220703125,43.095001220703125,43.095001220703125,513,0.0,0.0,0.0
2024-09-13 09:49:00-04:00,43.099998474121094,43.099998474121094,43.099998474121094,43.099998474121094,1027,0.0,0.0,0.0
2024-09-13 09:53:00-04:00,43.10499954223633,43.10499954223633,43.099998474121094,43.099998474121094,1074,0.0,0.0,0.0
2024-09-13 09:54:00-04:00,43.106300354003906,43.106300354003906,43.100101470947266,43.100101470947266,1340,0.0,0.0,0.0
2024-09-13 09:55:00-04:00,43.099998474121094,43.10499954223633,43.099998474121094,43.099998474121094,28830,0.0,0.0,0.0
2024-09-13 09:57:00-04:00,43.099998474121094,43.10499954223633,43.099998474121094,43.10499954223633,916,0.0,0.0,0.0
2024-09-13 09:58:00-04:00,43.099998474121094,43.099998474121094,43.099998474121094,43.099998474121094,3208,0.0,0.0,0.0
2024-09-13 10:00:00-04:00,43.11000061035156,43.130001068115234,43.109500885009766,43.109500885009766,8221,0.0,0.0,0.0
2024-09-13 10:01:00-04:00,43.10499954223633,43.10499954223633,43.099998474121094,43.10499954223633,1368,0.0,0.0,0.0
2024-09-13 10:02:00-04:00,43.099998474121094,43.10499954223633,43.099998474121094,43.10499954223633,1188,0.0,0.0,0.0
2024-09-13 10:03:00-04:00,43.10499954223633,43.10499954223633,43.10499954223633,43.10499954223633,645,0.0,0.0,0.0
2024-09-13 10:04:00-04:00,43.10499954223633,43.11000061035156,43.099998474121094,43.10499954223633,2920,0.0,0.0,0.0
2024-09-13 10:05:00-04:00,43.11000061035156,43.1150016784668,43.11000061035156,43.11000061035156,4467,0.0,0.0,0.0
2024-09-13 10:06:00-04:00,43.10499954223633,43.10499954223633,43.10499954223633,43.10499954223633,2248,0.0,0.0,0.0
2024-09-13 10:08:00-04:00,43.10499954223633,43.10499954223633,43.099998474121094,43.099998474121094,1017,0.0,0.0,0.0
2024-09-13 10:10:00-04:00,43.09000015258789,43.09000015258789,43.09000015258789,43.09000015258789,262,0.0,0.0,0.0
2024-09-13 10:11:00-04:00,43.095001220703125,43.095001220703125,43.095001220703125,43.095001220703125,423,0.0,0.0,0.0
2024-09-13 10:12:00-04:00,43.095001220703125,43.099998474121094,43.095001220703125,43.099998474121094,810,0.0,0.0,0.0
2024-09-13 10:13:00-04:00,43.099998474121094,43.099998474121094,43.09000015258789,43.09000015258789,812,0.0,0.0,0.0
2024-09-13 10:14:00-04:00,43.095001220703125,43.095001220703125,43.095001220703125,43.095001220703125,909,0.0,0.0,0.0
2024-09-13 10:15:00-04:00,43.099998474121094,43.099998474121094,43.099998474121094,43.099998474121094,919,0.0,0.0,0.0
2024-09-13 10:23:00-04:00,43.11000061035156,43.11000061035156,43.11000061035156,43.11000061035156,134,0.0,0.0,0.0
2024-09-13 10:24:00-04:00,43.1150016784668,43.119998931884766,43.1150016784668,43.119998931884766,337,0.0,0.0,0.0
2024-09-13 10:25:00-04:00,43.11000061035156,43.11000061035156,43.11000061035156,43.11000061035156,787,0.0,0.0,0.0
2024-09-13 10:26:00-04:00,43.1150016784668,43.1150016784668,43.1150016784668,43.1150016784668,3555,0.0,0.0,0.0
2024-09-13 10:28:00-04:00,43.1150016784668,43.1150016784668,43.1150016784668,43.1150016784668,361,0.0,0.0,0.0
2024-09-13 10:30:00-04:00,43.11000061035156,43.11000061035156,43.11000061035156,43.11000061035156,101,0.0,0.0,0.0
2024-09-13 10:31:00-04:00,43.11000061035156,43.11000061035156,43.10499954223633,43.11000061035156,1130,0.0,0.0,0.0
2024-09-13 10:32:00-04:00,43.11989974975586,43.11989974975586,43.11000061035156,43.11000061035156,2572,0.0,0.0,0.0
2024-09-13 10:34:00-04:00,43.1150016784668,43.1150016784668,43.11000061035156,43.11000061035156,4355,0.0,0.0,0.0
2024-09-13 10:35:00-04:00,43.10499954223633,43.1057014465332,43.10499954223633,43.1057014465332,780,0.0,0.0,0.0
2024-09-13 10:36:00-04:00,43.10499954223633,43.10499954223633,43.10499954223633,43.10499954223633,287,0.0,0.0,0.0
2024-09-13 10:37:00-04:00,43.10499954223633,43.11000061035156,43.10499954223633,43.11000061035156,605,0.0,0.0,0.0
2024-09-13 10:38:00-04:00,43.11629867553711,43.11629867553711,43.11629867553711,43.11629867553711,804,0.0,0.0,0.0
2024-09-13 10:39:00-04:00,43.1150016784668,43.1150016784668,43.1150016784668,43.1150016784668,222,0.0,0.0,0.0
2024-09-13 10:40:00-04:00,43.1150016784668,43.119998931884766,43.11000061035156,43.11000061035156,66464,0.0,0.0,0.0
2024-09-13 10:41:00-04:00,43.1150016784668,43.1150016784668,43.1150016784668,43.1150016784668,318,0.0,0.0,0.0
2024-09-13 10:42:00-04:00,43.11330032348633,43.11330032348633,43.11000061035156,43.11000061035156,493,0.0,0.0,0.0
2024-09-13 10:44:00-04:00,43.1150016784668,43.1150016784668,43.1150016784668,43.1150016784668,0,0.0,0.0,0.0
2024-09-13 10:45:00-04:00,43.119998931884766,43.119998931884766,43.1150016784668,43.1150016784668,143933,0.0,0.0,0.0
2024-09-13 10:47:00-04:00,43.119998931884766,43.119998931884766,43.11009979248047,43.11009979248047,8436,0.0,0.0,0.0
2024-09-13 10:48:00-04:00,43.1150016784668,43.11989974975586,43.1150016784668,43.11989974975586,3245,0.0,0.0,0.0
2024-09-13 10:49:00-04:00,43.11000061035156,43.11000061035156,43.11000061035156,43.11000061035156,2358,0.0,0.0,0.0
2024-09-13 10:51:00-04:00,43.10499954223633,43.10499954223633,43.10499954223633,43.10499954223633,1512,0.0,0.0,0.0
2024-09-13 10:52:00-04:00,43.099998474121094,43.099998474121094,43.099998474121094,43.099998474121094,201,0.0,0.0,0.0
2024-09-13 10:53:00-04:00,43.099998474121094,43.099998474121094,43.099998474121094,43.099998474121094,122,0.0,0.0,0.0
2024-09-13 10:54:00-04:00,43.099998474121094,43.099998474121094,43.095001220703125,43.095001220703125,7431,0.0,0.0,0.0
2024-09-13 10:55:00-04:00,43.095001220703125,43.095001220703125,43.095001220703125,43.095001220703125,251,0.0,0.0,0.0
2024-09-13 10:56:00-04:00,43.095001220703125,43.095001220703125,43.095001220703125,43.095001220703125,622,0.0,0.0,0.0
2024-09-13 10:58:00-04:00,43.09000015258789,43.09000015258789,43.09000015258789,43.09000015258789,356,0.0,0.0,0.0
2024-09-13 10:59:00-04:00,43.09000015258789,43.09230041503906,43.09000015258789,43.09230041503906,328,0.0,0.0,0.0
2024-09-13 11:01:00-04:00,43.099998474121094,43.10499954223633,43.099998474121094,43.10499954223633,573,0.0,0.0,0.0
2024-09-13 11:03:00-04:00,43.099998474121094,43.099998474121094,43.099998474121094,43.099998474121094,347,0.0,0.0,0.0
2024-09-13 11:05:00-04:00,43.10499954223633,43.11000061035156,43.10499954223633,43.1083984375,1805,0.0,0.0,0.0
2024-09-13 11:06:00-04:00,43.10499954223633,43.10499954223633,43.10499954223633,43.10499954223633,103,0.0,0.0,0.0
2024-09-13 11:07:00-04:00,43.099998474121094,43.099998474121094,43.099998474121094,43.099998474121094,179,0.0,0.0,0.0
2024-09-13 11:08:00-04:00,43.10499954223633,43.10499954223633,43.099998474121094,43.099998474121094,908,0.0,0.0,0.0
2024-09-13 11:09:00-04:00,43.099998474121094,43.10049819946289,43.099998474121094,43.10049819946289,342,0.0,0.0,0.0
2024-09-13 11:10:00-04:00,43.099998474121094,43.10499954223633,43.099998474121094,43.10499954223633,642,0.0,0.0,0.0
2024-09-13 11:11:00-04:00,43.099998474121094,43.099998474121094,43.099998474121094,43.099998474121094,281,0.0,0.0,0.0
2024-09-13 11:12:00-04:00,43.11000061035156,43.11000061035156,43.10499954223633,43.10499954223633,649,0.0,0.0,0.0
2024-09-13 11:13:00-04:00,43.10419845581055,43.11840057373047,43.10419845581055,43.11000061035156,5224,0.0,0.0,0.0
2024-09-13 11:14:00-04:00,43.1150016784668,43.1150016784668,43.1150016784668,43.1150016784668,100,0.0,0.0,0.0
2024-09-13 11:15:00-04:00,43.1150016784668,43.1150016784668,43.11000061035156,43.11000061035156,399,0.0,0.0,0.0
2024-09-13 11:16:00-04:00,43.1150016784668,43.1150016784668,43.11000061035156,43.11000061035156,654,0.0,0.0,0.0
2024-09-13 11:17:00-04:00,43.1150016784668,43.1150016784668,43.11000061035156,43.1150016784668,1334,0.0,0.0,0.0
2024-09-13 11:18:00-04:00,43.1150016784668,43.1150016784668,43.11000061035156,43.11000061035156,1326,0.0,0.0,0.0
2024-09-13 11:19:00-04:00,43.1150016784668,43.1150016784668,43.11000061035156,43.11000061035156,450,0.0,0.0,0.0
2024-09-13 11:20:00-04:00,43.11000061035156,43.11000061035156,43.11000061035156,43.11000061035156,125,0.0,0.0,0.0
2024-09-13 11:21:00-04:00,43.11000061035156,43.11000061035156,43.11000061035156,43.11000061035156,118,0.0,0.0,0.0
2024-09-13 11:22:00-04:00,43.1150016784668,43.1150016784668,43.1150016784668,43.1150016784668,146,0.0,0.0,0.0
2024-09-13 11:23:00-04:00,43.11000061035156,43.1150016784668,43.11000061035156,43.1150016784668,200,0.0,0.0,0.0
2024-09-13 11:24:00-04:00,43.1150016784668,43.1150016784668,43.1150016784668,43.1150016784668,928,0.0,0.0,0.0
2024-09-13 11:25:00-04:00,43.1150016784668,43.1150016784668,43.1150016784668,43.1150016784668,113,0.0,0.0,0.0
2024-09-13 11:26:00-04:00,43.1150016784668,43.119998931884766,43.1150016784668,43.119998931884766,11456,0.0,0.0,0.0
2024-09-13 11:27:00-04:00,43.1150016784668,43.1150016784668,43.1150016784668,43.1150016784668,1131,0.0,0.0,0.0
2024-09-13 11:28:00-04:00,43.1150016784668,43.1150016784668,43.1150016784668,43.1150016784668,100,0.0,0.0,0.0
2024-09-13 11:29:00-04:00,43.11000061035156,43.1150016784668,43.11000061035156,43.1150016784668,902,0.0,0.0,0.0
2024-09-13 11:30:00-04:00,43.1150016784668,43.1150016784668,43.11000061035156,43.11000061035156,606,0.0,0.0,0.0
2024-09-13 11:31:00-04:00,43.11000061035156,43.11000061035156,43.11000061035156,43.11000061035156,102,0.0,0.0,0.0
2024-09-13 11:32:00-04:00,43.1150016784668,43.1150016784668,43.1150016784668,43.1150016784668,930,0.0,0.0,0.0
2024-09-13 11:33:00-04:00,43.11000061035156,43.11000061035156,43.11000061035156,43.11000061035156,286,0.0,0.0,0.0
2024-09-13 11:34:00-04:00,43.1150016784668,43.1150016784668,43.1150016784668,43.1150016784668,2531,0.0,0.0,0.0
2024-09-13 11:35:00-04:00,43.1150016784668,43.11989974975586,43.11000061035156,43.11989974975586,1256,0.0,0.0,0.0
2024-09-13 11:36:00-04:00,43.11899948120117,43.11899948120117,43.11000061035156,43.1150016784668,1616,0.0,0.0,0.0
2024-09-13 11:37:00-04:00,43.11989974975586,43.11989974975586,43.11000061035156,43.11000061035156,1052,0.0,0.0,0.0
2024-09-13 11:38:00-04:00,43.110801696777344,43.110801696777344,43.10499954223633,43.10499954223633,1089,0.0,0.0,0.0
2024-09-13 11:39:00-04:00,43.10499954223633,43.10499954223633,43.10499954223633,43.10499954223633,152,0.0,0.0,0.0
2024-09-13 11:40:00-04:00,43.11000061035156,43.11000061035156,43.11000061035156,43.11000061035156,300,0.0,0.0,0.0
2024-09-13 11:41:00-04:00,43.11000061035156,43.11000061035156,43.11000061035156,43.11000061035156,902,0.0,0.0,0.0
2024-09-13 11:42:00-04:00,43.11000061035156,43.11000061035156,43.11000061035156,43.11000061035156,290,0.0,0.0,0.0
2024-09-13 11:44:00-04:00,43.11000061035156,43.11000061035156,43.11000061035156,43.11000061035156,200,0.0,0.0,0.0
2024-09-13 11:45:00-04:00,43.1150016784668,43.1150016784668,43.11000061035156,43.11000061035156,937,0.0,0.0,0.0
2024-09-13 11:46:00-04:00,43.11000061035156,43.1150016784668,43.11000061035156,43.1150016784668,389,0.0,0.0,0.0
2024-09-13 11:48:00-04:00,43.1150016784668,43.1150016784668,43.1150016784668,43.1150016784668,1261,0.0,0.0,0.0
2024-09-13 11:49:00-04:00,43.1150016784668,43.11989974975586,43.1150016784668,43.11989974975586,2694,0.0,0.0,0.0
2024-09-13 11:50:00-04:00,43.11370086669922,43.11370086669922,43.11370086669922,43.11370086669922,894,0.0,0.0,0.0
2024-09-13 11:51:00-04:00,43.1150016784668,43.11600112915039,43.1150016784668,43.1150016784668,593,0.0,0.0,0.0
2024-09-13 11:52:00-04:00,43.1150016784668,43.119998931884766,43.1150016784668,43.119998931884766,466,0.0,0.0,0.0
2024-09-13 11:53:00-04:00,43.11000061035156,43.11000061035156,43.11000061035156,43.11000061035156,138,0.0,0.0,0.0
2024-09-13 11:55:00-04:00,43.11000061035156,43.11989974975586,43.11000061035156,43.11989974975586,2651,0.0,0.0,0.0
2024-09-13 11:56:00-04:00,43.1150016784668,43.1150016784668,43.1150016784668,43.1150016784668,139,0.0,0.0,0.0
2024-09-13 11:57:00-04:00,43.1150016784668,43.1150016784668,43.1150016784668,43.1150016784668,100,0.0,0.0,0.0
2024-09-13 11:58:00-04:00,43.1150016784668,43.11658477783203,43.11000061035156,43.11000061035156,2390,0.0,0.0,0.0
2024-09-13 11:59:00-04:00,43.11000061035156,43.11000061035156,43.11000061035156,43.11000061035156,220,0.0,0.0,0.0
2024-09-13 12:00:00-04:00,43.11000061035156,43.1150016784668,43.11000061035156,43.1150016784668,216,0.0,0.0,0.0
2024-09-13 12:02:00-04:00,43.11000061035156,43.11000061035156,43.11000061035156,43.11000061035156,145,0.0,0.0,0.0
2024-09-13 12:03:00-04:00,43.11000061035156,43.11000061035156,43.11000061035156,43.11000061035156,167,0.0,0.0,0.0
2024-09-13 12:04:00-04:00,43.11000061035156,43.11000061035156,43.11000061035156,43.11000061035156,108,0.0,0.0,0.0
2024-09-13 12:05:00-04:00,43.1150016784668,43.1150016784668,43.1150016784668,43.1150016784668,9245,0.0,0.0,0.0
2024-09-13 12:06:00-04:00,43.11000061035156,43.1150016784668,43.11000061035156,43.1150016784668,250,0.0,0.0,0.0
2024-09-13 12:07:00-04:00,43.11000061035156,43.11000061035156,43.11000061035156,43.11000061035156,169,0.0,0.0,0.0
2024-09-13 12:08:00-04:00,43.11000061035156,43.11000061035156,43.11000061035156,43.11000061035156,155,0.0,0.0,0.0
2024-09-13 12:09:00-04:00,43.1150016784668,43.1150016784668,43.11000061035156,43.11000061035156,622,0.0,0.0,0.0
2024-09-13 12:10:00-04:00,43.11000061035156,43.11000061035156,43.11000061035156,43.11000061035156,112,0.0,0.0,0.0
2024-09-13 12:11:00-04:00,43.1150016784668,43.1150016784668,43.1150016784668,43.1150016784668,539,0.0,0.0,0.0
2024-09-13 12:12:00-04:00,43.11000061035156,43.11000061035156,43.11000061035156,43.11000061035156,125,0.0,0.0,0.0
2024-09-13 12:13:00-04:00,43.11000061035156,43.11000061035156,43.10499954223633,43.10499954223633,2184,0.0,0.0,0.0
2024-09-13 12:14:00-04:00,43.10499954223633,43.10499954223633,43.10499954223633,43.10499954223633,100,0.0,0.0,0.0
2024-09-13 12:15:00-04:00,43.109901428222656,43.109901428222656,43.099998474121094,43.099998474121094,332,0.0,0.0,0.0
2024-09-13 12:17:00-04:00,43.099998474121094,43.099998474121094,43.09989929199219,43.09989929199219,2782,0.0,0.0,0.0
2024-09-13 12:18:00-04:00,43.095001220703125,43.095001220703125,43.095001220703125,43.095001220703125,100,0.0,0.0,0.0
2024-09-13 12:19:00-04:00,43.095001220703125,43.095001220703125,43.095001220703125,43.095001220703125,100,0.0,0.0,0.0
2024-09-13 12:20:00-04:00,43.095001220703125,43.095001220703125,43.095001220703125,43.095001220703125,509,0.0,0.0,0.0
2024-09-13 12:21:00-04:00,43.095001220703125,43.095001220703125,43.095001220703125,43.095001220703125,397,0.0,0.0,0.0
2024-09-13 12:22:00-04:00,43.09000015258789,43.09000015258789,43.09000015258789,43.09000015258789,100,0.0,0.0,0.0
2024-09-13 12:23:00-04:00,43.09000015258789,43.0901985168457,43.09000015258789,43.0901985168457,783,0.0,0.0,0.0
2024-09-13 12:24:00-04:00,43.095001220703125,43.095001220703125,43.095001220703125,43.095001220703125,819,0.0,0.0,0.0
2024-09-13 12:25:00-04:00,43.095001220703125,43.095001220703125,43.09000015258789,43.09400177001953,1097,0.0,0.0,0.0
2024-09-13 12:26:00-04:00,43.09000015258789,43.095001220703125,43.09000015258789,43.095001220703125,1039,0.0,0.0,0.0
2024-09-13 12:27:00-04:00,43.0989990234375,43.0989990234375,43.0989990234375,43.0989990234375,111,0.0,0.0,0.0
2024-09-13 12:28:00-04:00,43.09000015258789,43.095001220703125,43.09000015258789,43.09000015258789,950,0.0,0.0,0.0
2024-09-13 12:29:00-04:00,43.095001220703125,43.095001220703125,43.095001220703125,43.095001220703125,3642,0.0,0.0,0.0
2024-09-13 12:30:00-04:00,43.096500396728516,43.096500396728516,43.096500396728516,43.096500396728516,1559,0.0,0.0,0.0
2024-09-13 12:31:00-04:00,43.095001220703125,43.095001220703125,43.095001220703125,43.095001220703125,524,0.0,0.0,0.0
2024-09-13 12:32:00-04:00,43.09000015258789,43.09000015258789,43.09000015258789,43.09000015258789,410,0.0,0.0,0.0
2024-09-13 12:34:00-04:00,43.09000015258789,43.09000015258789,43.09000015258789,43.09000015258789,133,0.0,0.0,0.0
2024-09-13 12:35:00-04:00,43.09000015258789,43.09000015258789,43.09000015258789,43.09000015258789,100,0.0,0.0,0.0
2024-09-13 12:36:00-04:00,43.09000015258789,43.09000015258789,43.084999084472656,43.084999084472656,22471,0.0,0.0,0.0
2024-09-13 12:37:00-04:00,43.084999084472656,43.09000015258789,43.084999084472656,43.09000015258789,14012,0.0,0.0,0.0
2024-09-13 12:38:00-04:00,43.084999084472656,43.09000015258789,43.084999084472656,43.084999084472656,14765,0.0,0.0,0.0
2024-09-13 12:39:00-04:00,43.084999084472656,43.084999084472656,43.08000183105469,43.084999084472656,13048,0.0,0.0,0.0
2024-09-13 12:40:00-04:00,43.084999084472656,43.09000015258789,43.084999084472656,43.084999084472656,14323,0.0,0.0,0.0
2024-09-13 12:41:00-04:00,43.084999084472656,43.09000015258789,43.084999084472656,43.084999084472656,14532,0.0,0.0,0.0
2024-09-13 12:42:00-04:00,43.084999084472656,43.088401794433594,43.08000183105469,43.08000183105469,13676,0.0,0.0,0.0
2024-09-13 12:43:00-04:00,43.08000183105469,43.08000183105469,43.08000183105469,43.08000183105469,12855,0.0,0.0,0.0
2024-09-13 12:44:00-04:00,43.08000183105469,43.08000183105469,43.08000183105469,43.08000183105469,14384,0.0,0.0,0.0
2024-09-13 12:45:00-04:00,43.08000183105469,43.08000183105469,43.08000183105469,43.08000183105469,13169,0.0,0.0,0.0
2024-09-13 12:46:00-04:00,43.08000183105469,43.08000183105469,43.08000183105469,43.08000183105469,13648,0.0,0.0,0.0
2024-09-13 12:47:00-04:00,43.08000183105469,43.08000183105469,43.07500076293945,43.07500076293945,13957,0.0,0.0,0.0
2024-09-13 12:48:00-04:00,43.07500076293945,43.08000183105469,43.07500076293945,43.07500076293945,16000,0.0,0.0,0.0
2024-09-13 12:49:00-04:00,43.07500076293945,43.08000183105469,43.06999969482422,43.06999969482422,13467,0.0,0.0,0.0
2024-09-13 12:50:00-04:00,43.06999969482422,43.07500076293945,43.06999969482422,43.07500076293945,12378,0.0,0.0,0.0
2024-09-13 12:51:00-04:00,43.07500076293945,43.08000183105469,43.06999969482422,43.07500076293945,14070,0.0,0.0,0.0
2024-09-13 12:52:00-04:00,43.07500076293945,43.08000183105469,43.07500076293945,43.08000183105469,14568,0.0,0.0,0.0
2024-09-13 12:53:00-04:00,43.08000183105469,43.08000183105469,43.07500076293945,43.07500076293945,12713,0.0,0.0,0.0
2024-09-13 12:54:00-04:00,43.07500076293945,43.08000183105469,43.07500076293945,43.07500076293945,17223,0.0,0.0,0.0
2024-09-13 12:55:00-04:00,43.08000183105469,43.08000183105469,43.06999969482422,43.06999969482422,16243,0.0,0.0,0.0
2024-09-13 12:56:00-04:00,43.06999969482422,43.08000183105469,43.06999969482422,43.07500076293945,14260,0.0,0.0,0.0
2024-09-13 12:58:00-04:00,43.06999969482422,43.07500076293945,43.06999969482422,43.06999969482422,26142,0.0,0.0,0.0
2024-09-13 12:59:00-04:00,43.06999969482422,43.06999969482422,43.064998626708984,43.06999969482422,26279,0.0,0.0,0.0
2024-09-13 13:00:00-04:00,43.06999969482422,43.06999969482422,43.06999969482422,43.06999969482422,10683,0.0,0.0,0.0
2024-09-13 13:01:00-04:00,43.06999969482422,43.06999969482422,43.06999969482422,43.06999969482422,13640,0.0,0.0,0.0
2024-09-13 13:02:00-04:00,43.06999969482422,43.06999969482422,43.064998626708984,43.064998626708984,11705,0.0,0.0,0.0
2024-09-13 13:03:00-04:00,43.064998626708984,43.06999969482422,43.064998626708984,43.064998626708984,13372,0.0,0.0,0.0
2024-09-13 13:04:00-04:00,43.06999969482422,43.06999969482422,43.064998626708984,43.064998626708984,1203,0.0,0.0,0.0
2024-09-13 13:05:00-04:00,43.08000183105469,43.08000183105469,43.07500076293945,43.08000183105469,7812,0.0,0.0,0.0
2024-09-13 13:06:00-04:00,43.06999969482422,43.07500076293945,43.06999969482422,43.07500076293945,744,0.0,0.0,0.0
2024-09-13 13:08:00-04:00,43.07500076293945,43.07500076293945,43.07500076293945,43.07500076293945,240,0.0,0.0,0.0
2024-09-13 13:09:00-04:00,43.06999969482422,43.06999969482422,43.06999969482422,43.06999969482422,300,0.0,0.0,0.0
2024-09-13 13:10:00-04:00,43.07500076293945,43.07500076293945,43.07500076293945,43.07500076293945,170,0.0,0.0,0.0
2024-09-13 13:11:00-04:00,43.07500076293945,43.07500076293945,43.06999969482422,43.06999969482422,1229,0.0,0.0,0.0
2024-09-13 13:12:00-04:00,43.07899856567383,43.07899856567383,43.06999969482422,43.06999969482422,8176,0.0,0.0,0.0
2024-09-13 13:15:00-04:00,43.064998626708984,43.06999969482422,43.064998626708984,43.06999969482422,8436,0.0,0.0,0.0
2024-09-13 13:17:00-04:00,43.0723991394043,43.0723991394043,43.0723991394043,43.0723991394043,265,0.0,0.0,0.0
2024-09-13 13:19:00-04:00,43.06999969482422,43.07500076293945,43.06999969482422,43.07500076293945,1146,0.0,0.0,0.0
2024-09-13 13:20:00-04:00,43.07500076293945,43.07500076293945,43.07500076293945,43.07500076293945,200,0.0,0.0,0.0
2024-09-13 13:21:00-04:00,43.07500076293945,43.07500076293945,43.06999969482422,43.06999969482422,726,0.0,0.0,0.0
2024-09-13 13:22:00-04:00,43.07550048828125,43.07550048828125,43.07550048828125,43.07550048828125,355,0.0,0.0,0.0
2024-09-13 13:23:00-04:00,43.06999969482422,43.06999969482422,43.06999969482422,43.06999969482422,367,0.0,0.0,0.0
2024-09-13 13:24:00-04:00,43.06999969482422,43.06999969482422,43.06999969482422,43.06999969482422,548,0.0,0.0,0.0
2024-09-13 13:25:00-04:00,43.064998626708984,43.064998626708984,43.064998626708984,43.064998626708984,353,0.0,0.0,0.0
2024-09-13 13:26:00-04:00,43.067100524902344,43.06999969482422,43.067100524902344,43.06999969482422,1292,0.0,0.0,0.0
2024-09-13 13:27:00-04:00,43.06999969482422,43.06999969482422,43.06999969482422,43.06999969482422,157,0.0,0.0,0.0
2024-09-13 13:28:00-04:00,43.07500076293945,43.07500076293945,43.07500076293945,43.07500076293945,176,0.0,0.0,0.0
2024-09-13 13:29:00-04:00,43.06999969482422,43.06999969482422,43.06999969482422,43.06999969482422,316,0.0,0.0,0.0
2024-09-13 13:30:00-04:00,43.078800201416016,43.078800201416016,43.07500076293945,43.07500076293945,537,0.0,0.0,0.0
2024-09-13 13:32:00-04:00,43.07500076293945,43.07500076293945,43.07500076293945,43.07500076293945,374,0.0,0.0,0.0
2024-09-13 13:33:00-04:00,43.06999969482422,43.06999969482422,43.06999969482422,43.06999969482422,696144,0.0,0.0,0.0
2024-09-13 13:34:00-04:00,43.06999969482422,43.06999969482422,43.064998626708984,43.064998626708984,2352,0.0,0.0,0.0
2024-09-13 13:35:00-04:00,43.064998626708984,43.064998626708984,43.060001373291016,43.060001373291016,7527,0.0,0.0,0.0
2024-09-13 13:36:00-04:00,43.064998626708984,43.064998626708984,43.060001373291016,43.064998626708984,7100,0.0,0.0,0.0
2024-09-13 13:37:00-04:00,43.064998626708984,43.064998626708984,43.060001373291016,43.064998626708984,8044,0.0,0.0,0.0
2024-09-13 13:38:00-04:00,43.06999969482422,43.06999969482422,43.064998626708984,43.064998626708984,9132,0.0,0.0,0.0
2024-09-13 13:39:00-04:00,43.064998626708984,43.06999969482422,43.064998626708984,43.064998626708984,7360,0.0,0.0,0.0
2024-09-13 13:40:00-04:00,43.064998626708984,43.06999969482422,43.064998626708984,43.064998626708984,7827,0.0,0.0,0.0
2024-09-13 13:41:00-04:00,43.064998626708984,43.06999969482422,43.064998626708984,43.064998626708984,7864,0.0,0.0,0.0
2024-09-13 13:42:00-04:00,43.064998626708984,43.068199157714844,43.064998626708984,43.064998626708984,7460,0.0,0.0,0.0
2024-09-13 13:43:00-04:00,43.064998626708984,43.064998626708984,43.060001373291016,43.064998626708984,7927,0.0,0.0,0.0
2024-09-13 13:44:00-04:00,43.064998626708984,43.06999969482422,43.064998626708984,43.064998626708984,10901,0.0,0.0,0.0
2024-09-13 13:45:00-04:00,43.064998626708984,43.069801330566406,43.06449890136719,43.064998626708984,8936,0.0,0.0,0.0
2024-09-13 13:46:00-04:00,43.064998626708984,43.064998626708984,43.064998626708984,43.064998626708984,8926,0.0,0.0,0.0
2024-09-13 13:47:00-04:00,43.064998626708984,43.064998626708984,43.064998626708984,43.064998626708984,7854,0.0,0.0,0.0
2024-09-13 13:48:00-04:00,43.064998626708984,43.064998626708984,43.064998626708984,43.064998626708984,8088,0.0,0.0,0.0
2024-09-13 13:49:00-04:00,43.064998626708984,43.064998626708984,43.064998626708984,43.064998626708984,8786,0.0,0.0,0.0
2024-09-13 13:50:00-04:00,43.064998626708984,43.064998626708984,43.060001373291016,43.060001373291016,8577,0.0,0.0,0.0
2024-09-13 13:51:00-04:00,43.06999969482422,43.06999969482422,43.064998626708984,43.06999969482422,22209,0.0,0.0,0.0
2024-09-13 13:52:00-04:00,43.06999969482422,43.06999969482422,43.06999969482422,43.06999969482422,126,0.0,0.0,0.0
2024-09-13 13:53:00-04:00,43.07500076293945,43.07500076293945,43.07500076293945,43.07500076293945,504,0.0,0.0,0.0
2024-09-13 13:54:00-04:00,43.07500076293945,43.07500076293945,43.07500076293945,43.07500076293945,200,0.0,0.0,0.0
2024-09-13 13:55:00-04:00,43.07500076293945,43.07500076293945,43.06999969482422,43.06999969482422,722,0.0,0.0,0.0
2024-09-13 13:57:00-04:00,43.06999969482422,43.07500076293945,43.06999969482422,43.07500076293945,800,0.0,0.0,0.0
2024-09-13 13:58:00-04:00,43.06999969482422,43.07500076293945,43.06999969482422,43.06999969482422,969,0.0,0.0,0.0
2024-09-13 13:59:00-04:00,43.07500076293945,43.07500076293945,43.07500076293945,43.07500076293945,100,0.0,0.0,0.0
2024-09-13 14:00:00-04:00,43.07500076293945,43.07500076293945,43.064998626708984,43.064998626708984,4430,0.0,0.0,0.0
2024-09-13 14:01:00-04:00,43.060001373291016,43.060001373291016,43.060001373291016,43.060001373291016,401,0.0,0.0,0.0
2024-09-13 14:02:00-04:00,43.06949996948242,43.06949996948242,43.06949996948242,43.06949996948242,174,0.0,0.0,0.0
2024-09-13 14:03:00-04:00,43.064998626708984,43.064998626708984,43.064998626708984,43.064998626708984,1051238,0.0,0.0,0.0
2024-09-13 14:04:00-04:00,43.064998626708984,43.08000183105469,43.064998626708984,43.07500076293945,28377,0.0,0.0,0.0
2024-09-13 14:05:00-04:00,43.07500076293945,43.09000015258789,43.07500076293945,43.09000015258789,99915,0.0,0.0,0.0
2024-09-13 14:06:00-04:00,43.09000015258789,43.09000015258789,43.08000183105469,43.08000183105469,381,0.0,0.0,0.0
2024-09-13 14:07:00-04:00,43.09000015258789,43.095001220703125,43.09000015258789,43.095001220703125,28881,0.0,0.0,0.0
2024-09-13 14:08:00-04:00,43.095001220703125,43.095001220703125,43.0900993347168,43.0900993347168,707,0.0,0.0,0.0
2024-09-13 14:09:00-04:00,43.095001220703125,43.095001220703125,43.095001220703125,43.095001220703125,200,0.0,0.0,0.0
2024-09-13 14:10:00-04:00,43.095001220703125,43.095001220703125,43.095001220703125,43.095001220703125,410,0.0,0.0,0.0
2024-09-13 14:11:00-04:00,43.095001220703125,43.095001220703125,43.095001220703125,43.095001220703125,100,0.0,0.0,0.0
2024-09-13 14:12:00-04:00,43.09000015258789,43.09000015258789,43.08209991455078,43.08209991455078,1399,0.0,0.0,0.0
2024-09-13 14:13:00-04:00,43.084999084472656,43.084999084472656,43.084999084472656,43.084999084472656,502,0.0,0.0,0.0
2024-09-13 14:14:00-04:00,43.084999084472656,43.084999084472656,43.084999084472656,43.084999084472656,889,0.0,0.0,0.0
2024-09-13 14:16:00-04:00,43.09000015258789,43.09000015258789,43.084999084472656,43.084999084472656,645,0.0,0.0,0.0
2024-09-13 14:17:00-04:00,43.09000015258789,43.09000015258789,43.09000015258789,43.09000015258789,1110,0.0,0.0,0.0
2024-09-13 14:18:00-04:00,43.09000015258789,43.09000015258789,43.09000015258789,43.09000015258789,1753,0.0,0.0,0.0
2024-09-13 14:19:00-04:00,43.095001220703125,43.099998474121094,43.095001220703125,43.095001220703125,35792,0.0,0.0,0.0
2024-09-13 14:20:00-04:00,43.095001220703125,43.095001220703125,43.095001220703125,43.095001220703125,492,0.0,0.0,0.0
2024-09-13 14:22:00-04:00,43.095001220703125,43.095001220703125,43.09000015258789,43.09000015258789,1159,0.0,0.0,0.0
2024-09-13 14:23:00-04:00,43.09000015258789,43.09000015258789,43.09000015258789,43.09000015258789,4132,0.0,0.0,0.0
2024-09-13 14:24:00-04:00,43.084999084472656,43.084999084472656,43.084999084472656,43.084999084472656,169,0.0,0.0,0.0
2024-09-13 14:25:00-04:00,43.08000183105469,43.08000183105469,43.08000183105469,43.08000183105469,523,0.0,0.0,0.0
2024-09-13 14:27:00-04:00,43.08000183105469,43.084999084472656,43.08000183105469,43.084999084472656,1029,0.0,0.0,0.0
2024-09-13 14:28:00-04:00,43.085601806640625,43.085601806640625,43.084999084472656,43.084999084472656,1256,0.0,0.0,0.0
2024-09-13 14:29:00-04:00,43.084999084472656,43.09000015258789,43.084999084472656,43.09000015258789,7905,0.0,0.0,0.0
2024-09-13 14:30:00-04:00,43.09000015258789,43.09000015258789,43.09000015258789,43.09000015258789,3197,0.0,0.0,0.0
2024-09-13 14:31:00-04:00,43.09000015258789,43.09000015258789,43.09000015258789,43.09000015258789,1501,0.0,0.0,0.0
2024-09-13 14:32:00-04:00,43.09000015258789,43.09000015258789,43.09000015258789,43.09000015258789,2593,0.0,0.0,0.0
2024-09-13 14:33:00-04:00,43.09000015258789,43.09000015258789,43.08000183105469,43.084999084472656,7070,0.0,0.0,0.0
2024-09-13 14:34:00-04:00,43.084999084472656,43.084999084472656,43.084999084472656,43.084999084472656,291,0.0,0.0,0.0
2024-09-13 14:35:00-04:00,43.08000183105469,43.08000183105469,43.08000183105469,43.08000183105469,132,0.0,0.0,0.0
2024-09-13 14:36:00-04:00,43.08266067504883,43.08700180053711,43.08000183105469,43.08000183105469,2469,0.0,0.0,0.0
2024-09-13 14:37:00-04:00,43.084999084472656,43.084999084472656,43.084999084472656,43.084999084472656,887,0.0,0.0,0.0
2024-09-13 14:38:00-04:00,43.09000015258789,43.095001220703125,43.09000015258789,43.095001220703125,1684,0.0,0.0,0.0
2024-09-13 14:40:00-04:00,43.095001220703125,43.095001220703125,43.095001220703125,43.095001220703125,198,0.0,0.0,0.0
2024-09-13 14:41:00-04:00,43.095001220703125,43.099998474121094,43.09000015258789,43.099998474121094,6823,0.0,0.0,0.0
2024-09-13 14:42:00-04:00,43.099998474121094,43.099998474121094,43.099998474121094,43.099998474121094,505,0.0,0.0,0.0
2024-09-13 14:43:00-04:00,43.099998474121094,43.099998474121094,43.099998474121094,43.099998474121094,1876,0.0,0.0,0.0
2024-09-13 14:44:00-04:00,43.099998474121094,43.10499954223633,43.099998474121094,43.10499954223633,778,0.0,0.0,0.0
2024-09-13 14:46:00-04:00,43.099998474121094,43.099998474121094,43.099998474121094,43.099998474121094,1199,0.0,0.0,0.0
2024-09-13 14:47:00-04:00,43.099998474121094,43.099998474121094,43.099998474121094,43.099998474121094,539,0.0,0.0,0.0
2024-09-13 14:48:00-04:00,43.10499954223633,43.11000061035156,43.099998474121094,43.11000061035156,8802,0.0,0.0,0.0
2024-09-13 14:49:00-04:00,43.099998474121094,43.099998474121094,43.099998474121094,43.099998474121094,502,0.0,0.0,0.0
2024-09-13 14:50:00-04:00,43.099998474121094,43.099998474121094,43.095001220703125,43.095001220703125,1327,0.0,0.0,0.0
2024-09-13 14:51:00-04:00,43.09000015258789,43.09000015258789,43.09000015258789,43.09000015258789,504,0.0,0.0,0.0
2024-09-13 14:52:00-04:00,43.095001220703125,43.095001220703125,43.09000015258789,43.09000015258789,723,0.0,0.0,0.0
2024-09-13 14:53:00-04:00,43.09989929199219,43.09989929199219,43.095001220703125,43.095001220703125,2161,0.0,0.0,0.0
2024-09-13 14:54:00-04:00,43.09000015258789,43.095001220703125,43.09000015258789,43.095001220703125,613,0.0,0.0,0.0
2024-09-13 14:55:00-04:00,43.09178924560547,43.09178924560547,43.09000015258789,43.09000015258789,762,0.0,0.0,0.0
2024-09-13 14:56:00-04:00,43.091800689697266,43.091800689697266,43.09000015258789,43.09000015258789,963,0.0,0.0,0.0
2024-09-13 14:57:00-04:00,43.0900993347168,43.0900993347168,43.0900993347168,43.0900993347168,390,0.0,0.0,0.0
2024-09-13 14:59:00-04:00,43.09000015258789,43.09989929199219,43.09000015258789,43.09989929199219,3087,0.0,0.0,0.0
2024-09-13 15:00:00-04:00,43.095001220703125,43.095001220703125,43.09000015258789,43.09000015258789,600,0.0,0.0,0.0
2024-09-13 15:01:00-04:00,43.095001220703125,43.09989929199219,43.09000015258789,43.09000015258789,1076,0.0,0.0,0.0
2024-09-13 15:03:00-04:00,43.098201751708984,43.098201751708984,43.098201751708984,43.098201751708984,645,0.0,0.0,0.0
2024-09-13 15:05:00-04:00,43.09000015258789,43.095001220703125,43.09000015258789,43.09000015258789,2055,0.0,0.0,0.0
2024-09-13 15:06:00-04:00,43.099700927734375,43.099700927734375,43.099700927734375,43.099700927734375,211,0.0,0.0,0.0
2024-09-13 15:07:00-04:00,43.095001220703125,43.095001220703125,43.095001220703125,43.095001220703125,250,0.0,0.0,0.0
2024-09-13 15:08:00-04:00,43.09000015258789,43.095001220703125,43.09000015258789,43.095001220703125,1672,0.0,0.0,0.0
2024-09-13 15:09:00-04:00,43.095001220703125,43.095001220703125,43.095001220703125,43.095001220703125,198,0.0,0.0,0.0
2024-09-13 15:10:00-04:00,43.09000015258789,43.095001220703125,43.09000015258789,43.095001220703125,780,0.0,0.0,0.0
2024-09-13 15:11:00-04:00,43.09000015258789,43.09000015258789,43.09000015258789,43.09000015258789,611,0.0,0.0,0.0
2024-09-13 15:12:00-04:00,43.0974006652832,43.0974006652832,43.0974006652832,43.0974006652832,1066,0.0,0.0,0.0
2024-09-13 15:13:00-04:00,43.0900993347168,43.095001220703125,43.09000015258789,43.095001220703125,1349,0.0,0.0,0.0
2024-09-13 15:14:00-04:00,43.095001220703125,43.09980010986328,43.095001220703125,43.095001220703125,861,0.0,0.0,0.0
2024-09-13 15:15:00-04:00,43.09000015258789,43.09000015258789,43.09000015258789,43.09000015258789,600,0.0,0.0,0.0
2024-09-13 15:16:00-04:00,43.095001220703125,43.099998474121094,43.095001220703125,43.099998474121094,671,0.0,0.0,0.0
2024-09-13 15:17:00-04:00,43.095001220703125,43.095001220703125,43.09000015258789,43.09000015258789,1372,0.0,0.0,0.0
2024-09-13 15:18:00-04:00,43.0981559753418,43.099998474121094,43.0981559753418,43.099998474121094,1014,0.0,0.0,0.0
2024-09-13 15:20:00-04:00,43.099998474121094,43.099998474121094,43.099998474121094,43.099998474121094,491,0.0,0.0,0.0
2024-09-13 15:21:00-04:00,43.095001220703125,43.095001220703125,43.095001220703125,43.095001220703125,1269,0.0,0.0,0.0
2024-09-13 15:22:00-04:00,43.095001220703125,43.095001220703125,43.09000015258789,43.09000015258789,1213,0.0,0.0,0.0
2024-09-13 15:23:00-04:00,43.099998474121094,43.099998474121094,43.09000015258789,43.09000015258789,1099,0.0,0.0,0.0
2024-09-13 15:24:00-04:00,43.099700927734375,43.099700927734375,43.099700927734375,43.099700927734375,184,0.0,0.0,0.0
2024-09-13 15:25:00-04:00,43.09000015258789,43.099998474121094,43.09000015258789,43.099998474121094,701,0.0,0.0,0.0
2024-09-13 15:26:00-04:00,43.099998474121094,43.099998474121094,43.099998474121094,43.099998474121094,401,0.0,0.0,0.0
2024-09-13 15:27:00-04:00,43.095001220703125,43.099998474121094,43.09000015258789,43.095001220703125,1870,0.0,0.0,0.0
2024-09-13 15:28:00-04:00,43.095001220703125,43.095001220703125,43.095001220703125,43.095001220703125,803,0.0,0.0,0.0
2024-09-13 15:29:00-04:00,43.0984001159668,43.0984001159668,43.0900993347168,43.095001220703125,1602,0.0,0.0,0.0
2024-09-13 15:30:00-04:00,43.095001220703125,43.09989929199219,43.09000015258789,43.09000015258789,1766,0.0,0.0,0.0
2024-09-13 15:32:00-04:00,43.09000015258789,43.09000015258789,43.09000015258789,43.09000015258789,701,0.0,0.0,0.0
2024-09-13 15:33:00-04:00,43.095001220703125,43.099998474121094,43.095001220703125,43.099998474121094,782,0.0,0.0,0.0
2024-09-13 15:34:00-04:00,43.09989929199219,43.09989929199219,43.09000015258789,43.09000015258789,1705,0.0,0.0,0.0
2024-09-13 15:36:00-04:00,43.0965461730957,43.0973014831543,43.09000015258789,43.095001220703125,1821,0.0,0.0,0.0
2024-09-13 15:37:00-04:00,43.095001220703125,43.095001220703125,43.09000015258789,43.09000015258789,1322,0.0,0.0,0.0
2024-09-13 15:38:00-04:00,43.095001220703125,43.095001220703125,43.095001220703125,43.095001220703125,1020,0.0,0.0,0.0
2024-09-13 15:39:00-04:00,43.095001220703125,43.095001220703125,43.094398498535156,43.095001220703125,1033,0.0,0.0,0.0
2024-09-13 15:40:00-04:00,43.09000015258789,43.099998474121094,43.09000015258789,43.09989929199219,1387,0.0,0.0,0.0
2024-09-13 15:41:00-04:00,43.095001220703125,43.095298767089844,43.09000015258789,43.095298767089844,1224,0.0,0.0,0.0
2024-09-13 15:43:00-04:00,43.095001220703125,43.095001220703125,43.09000015258789,43.095001220703125,1244,0.0,0.0,0.0
2024-09-13 15:44:00-04:00,43.09519958496094,43.09519958496094,43.09000015258789,43.095001220703125,1581,0.0,0.0,0.0
2024-09-13 15:45:00-04:00,43.095001220703125,43.09980010986328,43.095001220703125,43.09980010986328,2167,0.0,0.0,0.0
2024-09-13 15:46:00-04:00,43.099998474121094,43.099998474121094,43.099998474121094,43.099998474121094,320,0.0,0.0,0.0
2024-09-13 15:47:00-04:00,43.09920120239258,43.099998474121094,43.095001220703125,43.095001220703125,3207,0.0,0.0,0.0
2024-09-13 15:48:00-04:00,43.09000015258789,43.0968017578125,43.09000015258789,43.095001220703125,2431,0.0,0.0,0.0
2024-09-13 15:49:00-04:00,43.095001220703125,43.095001220703125,43.09000015258789,43.09000015258789,905,0.0,0.0,0.0
2024-09-13 15:50:00-04:00,43.095001220703125,43.099998474121094,43.095001220703125,43.095001220703125,1219,0.0,0.0,0.0
2024-09-13 15:52:00-04:00,43.09989929199219,43.09989929199219,43.09989929199219,43.09989929199219,146,0.0,0.0,0.0
2024-09-13 15:53:00-04:00,43.09000015258789,43.095001220703125,43.09000015258789,43.09000015258789,1900,0.0,0.0,0.0
2024-09-13 15:54:00-04:00,43.095001220703125,43.099998474121094,43.09000015258789,43.09000015258789,23583,0.0,0.0,0.0
2024-09-13 15:55:00-04:00,43.095001220703125,43.095001220703125,43.084999084472656,43.084999084472656,4748,0.0,0.0,0.0
2024-09-13 15:56:00-04:00,43.084999084472656,43.08509826660156,43.08000183105469,43.08000183105469,2282,0.0,0.0,0.0
2024-09-13 15:57:00-04:00,43.09000015258789,43.09000015258789,43.08000183105469,43.09000015258789,1448,0.0,0.0,0.0
2024-09-13 15:58:00-04:00,43.09000015258789,43.09000015258789,43.08000183105469,43.08000183105469,1640,0.0,0.0,0.0
2024-09-13 15:59:00-04:00,43.08000183105469,43.09000015258789,43.06999969482422,43.09000015258789,47915,0.0,0.0,0.0
