Datetime,Open,High,Low,Close,Volume,Dividends,Stock Splits,Capital Gains
2024-09-20 09:30:00-04:00,80.7699966430664,80.81999969482422,80.68000030517578,80.72000122070312,76926,0.0,0.0,0.0
2024-09-20 09:35:00-04:00,80.66000366210938,80.73819732666016,80.55999755859375,80.70040130615234,14710,0.0,0.0,0.0
2024-09-20 09:40:00-04:00,80.72000122070312,80.81999969482422,80.69000244140625,80.77999877929688,5783,0.0,0.0,0.0
2024-09-20 09:45:00-04:00,80.81999969482422,80.81999969482422,80.73999786376953,80.77999877929688,4814,0.0,0.0,0.0
2024-09-20 09:50:00-04:00,80.76000213623047,80.76000213623047,80.75679779052734,80.75679779052734,1560,0.0,0.0,0.0
2024-09-20 09:55:00-04:00,80.7699966430664,80.80999755859375,80.7699966430664,80.77310180664062,1308,0.0,0.0,0.0
2024-09-20 10:00:00-04:00,80.78600311279297,80.79000091552734,80.70999908447266,80.77999877929688,6240,0.0,0.0,0.0
2024-09-20 10:05:00-04:00,80.73909759521484,80.76000213623047,80.72000122070312,80.72000122070312,5476,0.0,0.0,0.0
2024-09-20 10:10:00-04:00,80.71320343017578,80.72000122070312,80.66000366210938,80.66000366210938,42056,0.0,0.0,0.0
2024-09-20 10:15:00-04:00,80.7300033569336,80.7300033569336,80.62999725341797,80.69000244140625,28917,0.0,0.0,0.0
2024-09-20 10:20:00-04:00,80.63999938964844,80.66000366210938,80.61000061035156,80.62000274658203,4921,0.0,0.0,0.0
2024-09-20 10:25:00-04:00,80.62999725341797,80.62999725341797,80.5999984741211,80.5999984741211,7909,0.0,0.0,0.0
2024-09-20 10:30:00-04:00,80.5801010131836,80.5801010131836,80.58000183105469,80.58000183105469,1924,0.0,0.0,0.0
2024-09-20 10:35:00-04:00,80.5999984741211,80.5999984741211,80.5886001586914,80.5886001586914,1021,0.0,0.0,0.0
2024-09-20 10:40:00-04:00,80.63999938964844,80.63999938964844,80.5999984741211,80.5999984741211,2551,0.0,0.0,0.0
2024-09-20 10:45:00-04:00,80.5999984741211,80.5999984741211,80.55999755859375,80.5999984741211,4543,0.0,0.0,0.0
2024-09-20 10:50:00-04:00,80.62999725341797,80.62999725341797,80.581298828125,80.5999984741211,7380,0.0,0.0,0.0
2024-09-20 10:55:00-04:00,80.61499786376953,80.63999938964844,80.5801010131836,80.63999938964844,4017,0.0,0.0,0.0
2024-09-20 11:00:00-04:00,80.60240173339844,80.62000274658203,80.58000183105469,80.5999984741211,6714,0.0,0.0,0.0
2024-09-20 11:05:00-04:00,80.56990051269531,80.56999969482422,80.4800033569336,80.4800033569336,8436,0.0,0.0,0.0
2024-09-20 11:10:00-04:00,80.47039794921875,80.50679779052734,80.45700073242188,80.50170135498047,3912,0.0,0.0,0.0
2024-09-20 11:15:00-04:00,80.4749984741211,80.5250015258789,80.46199798583984,80.5250015258789,3018,0.0,0.0,0.0
2024-09-20 11:20:00-04:00,80.53500366210938,80.55000305175781,80.5,80.52999877929688,3699,0.0,0.0,0.0
2024-09-20 11:25:00-04:00,80.51000213623047,80.56999969482422,80.50499725341797,80.5447998046875,1506,0.0,0.0,0.0
2024-09-20 11:30:00-04:00,80.50499725341797,80.5999984741211,80.50499725341797,80.5999984741211,3611,0.0,0.0,0.0
2024-09-20 11:35:00-04:00,80.58999633789062,80.63999938964844,80.58999633789062,80.5999984741211,3148,0.0,0.0,0.0
2024-09-20 11:40:00-04:00,80.5999984741211,80.62000274658203,80.53500366210938,80.57820129394531,22873,0.0,0.0,0.0
2024-09-20 11:45:00-04:00,80.58000183105469,80.5999984741211,80.54000091552734,80.58000183105469,1650,0.0,0.0,0.0
2024-09-20 11:50:00-04:00,80.54499816894531,80.54499816894531,80.49500274658203,80.49500274658203,7515,0.0,0.0,0.0
2024-09-20 11:55:00-04:00,80.54000091552734,80.58000183105469,80.53500366210938,80.56500244140625,2378,0.0,0.0,0.0
2024-09-20 12:00:00-04:00,80.58000183105469,80.61000061035156,80.51000213623047,80.5999984741211,2870,0.0,0.0,0.0
2024-09-20 12:05:00-04:00,80.61000061035156,80.66999816894531,80.58999633789062,80.58999633789062,3510,0.0,0.0,0.0
2024-09-20 12:10:00-04:00,80.63580322265625,80.71800231933594,80.63580322265625,80.71499633789062,5750,0.0,0.0,0.0
2024-09-20 12:15:00-04:00,80.70999908447266,80.7300033569336,80.68000030517578,80.7136001586914,5658,0.0,0.0,0.0
2024-09-20 12:20:00-04:00,80.69999694824219,80.71920013427734,80.63590240478516,80.71920013427734,1893,0.0,0.0,0.0
2024-09-20 12:25:00-04:00,80.77999877929688,80.81999969482422,80.77999877929688,80.80000305175781,11599,0.0,0.0,0.0
2024-09-20 12:30:00-04:00,80.80680084228516,80.80889892578125,80.69999694824219,80.77629852294922,22156,0.0,0.0,0.0
2024-09-20 12:35:00-04:00,80.75,80.87000274658203,80.75,80.80000305175781,11069,0.0,0.0,0.0
2024-09-20 12:40:00-04:00,80.79900360107422,80.9000015258789,80.79900360107422,80.8853988647461,2831,0.0,0.0,0.0
2024-09-20 12:45:00-04:00,80.88999938964844,80.95999908447266,80.8499984741211,80.95999908447266,7075,0.0,0.0,0.0
2024-09-20 12:50:00-04:00,80.97000122070312,80.98989868164062,80.91000366210938,80.94000244140625,14195,0.0,0.0,0.0
2024-09-20 12:55:00-04:00,80.95999908447266,80.95999908447266,80.95999908447266,80.95999908447266,592,0.0,0.0,0.0
2024-09-20 13:00:00-04:00,80.88999938964844,80.88999938964844,80.80500030517578,80.85990142822266,15693,0.0,0.0,0.0
2024-09-20 13:05:00-04:00,80.8499984741211,80.87899780273438,80.81999969482422,80.87899780273438,4173,0.0,0.0,0.0
2024-09-20 13:10:00-04:00,80.8499984741211,80.87000274658203,80.8499984741211,80.85659790039062,2048,0.0,0.0,0.0
2024-09-20 13:15:00-04:00,80.8499984741211,80.88999938964844,80.8499984741211,80.8667984008789,2915,0.0,0.0,0.0
2024-09-20 13:20:00-04:00,80.88999938964844,80.93800354003906,80.88999938964844,80.93800354003906,11277,0.0,0.0,0.0
2024-09-20 13:25:00-04:00,80.88999938964844,80.91999816894531,80.88999938964844,80.91999816894531,5254,0.0,0.0,0.0
2024-09-20 13:30:00-04:00,80.90409851074219,80.90409851074219,80.87809753417969,80.87809753417969,1410,0.0,0.0,0.0
2024-09-20 13:35:00-04:00,80.87000274658203,80.87000274658203,80.81999969482422,80.83000183105469,1271,0.0,0.0,0.0
2024-09-20 13:40:00-04:00,80.83999633789062,80.83999633789062,80.80999755859375,80.81999969482422,1471,0.0,0.0,0.0
2024-09-20 13:45:00-04:00,80.80999755859375,80.83000183105469,80.80999755859375,80.80999755859375,979,0.0,0.0,0.0
2024-09-20 13:50:00-04:00,80.80500030517578,80.82393646240234,80.80500030517578,80.82393646240234,891,0.0,0.0,0.0
2024-09-20 13:55:00-04:00,80.83000183105469,80.8499984741211,80.75160217285156,80.75160217285156,30838,0.0,0.0,0.0
2024-09-20 14:00:00-04:00,80.7699966430664,80.7699966430664,80.70999908447266,80.7300033569336,5439,0.0,0.0,0.0
2024-09-20 14:05:00-04:00,80.72000122070312,80.73200225830078,80.66000366210938,80.66000366210938,2910,0.0,0.0,0.0
2024-09-20 14:10:00-04:00,80.78500366210938,80.78500366210938,80.76000213623047,80.76000213623047,1841,0.0,0.0,0.0
2024-09-20 14:15:00-04:00,80.77999877929688,80.77999877929688,80.76000213623047,80.76000213623047,2688,0.0,0.0,0.0
2024-09-20 14:20:00-04:00,80.7699966430664,80.79000091552734,80.71009826660156,80.79000091552734,3646,0.0,0.0,0.0
2024-09-20 14:25:00-04:00,80.76380157470703,80.76599884033203,80.72930145263672,80.72930145263672,1537,0.0,0.0,0.0
2024-09-20 14:30:00-04:00,80.72000122070312,80.77940368652344,80.72000122070312,80.72270202636719,5674,0.0,0.0,0.0
2024-09-20 14:35:00-04:00,80.76000213623047,80.76000213623047,80.76000213623047,80.76000213623047,461,0.0,0.0,0.0
2024-09-20 14:40:00-04:00,80.80000305175781,80.80000305175781,80.73999786376953,80.75,3191,0.0,0.0,0.0
2024-09-20 14:45:00-04:00,80.7699966430664,80.80000305175781,80.7699966430664,80.77999877929688,4592,0.0,0.0,0.0
2024-09-20 14:50:00-04:00,80.79219818115234,80.79499816894531,80.78880310058594,80.79499816894531,527,0.0,0.0,0.0
2024-09-20 14:55:00-04:00,80.77010345458984,80.80999755859375,80.69999694824219,80.70999908447266,9717,0.0,0.0,0.0
2024-09-20 15:00:00-04:00,80.81999969482422,80.81999969482422,80.80999755859375,80.81500244140625,1093,0.0,0.0,0.0
2024-09-20 15:05:00-04:00,80.80999755859375,80.81999969482422,80.74530029296875,80.81999969482422,2849,0.0,0.0,0.0
2024-09-20 15:10:00-04:00,80.83000183105469,80.83000183105469,80.78500366210938,80.78500366210938,3247,0.0,0.0,0.0
2024-09-20 15:15:00-04:00,80.81999969482422,80.82969665527344,80.79000091552734,80.79000091552734,11657,0.0,0.0,0.0
2024-09-20 15:20:00-04:00,80.7699966430664,80.80999755859375,80.7699966430664,80.7750015258789,3377,0.0,0.0,0.0
2024-09-20 15:25:00-04:00,80.77999877929688,80.83999633789062,80.77330017089844,80.83999633789062,3695,0.0,0.0,0.0
2024-09-20 15:30:00-04:00,80.83000183105469,80.8499984741211,80.80000305175781,80.80999755859375,2555,0.0,0.0,0.0
2024-09-20 15:35:00-04:00,80.81890106201172,80.91000366210938,80.81520080566406,80.86000061035156,14302,0.0,0.0,0.0
2024-09-20 15:40:00-04:00,80.83000183105469,80.84100341796875,80.76709747314453,80.81999969482422,5488,0.0,0.0,0.0
2024-09-20 15:45:00-04:00,80.80999755859375,80.83000183105469,80.79000091552734,80.8156967163086,12788,0.0,0.0,0.0
2024-09-20 15:50:00-04:00,80.82489776611328,80.82489776611328,80.7500991821289,80.76000213623047,10491,0.0,0.0,0.0
2024-09-20 15:55:00-04:00,80.79000091552734,80.79000091552734,80.6500015258789,80.6500015258789,10311,0.0,0.0,0.0
2024-09-23 09:30:00-04:00,80.06999969482422,80.25,80.05999755859375,80.12000274658203,33564,0.0,0.0,0.0
2024-09-23 09:35:00-04:00,80.1500015258789,80.21849822998047,80.13999938964844,80.13999938964844,9128,0.0,0.0,0.0
2024-09-23 09:40:00-04:00,80.23999786376953,80.23999786376953,80.06279754638672,80.12000274658203,8618,0.0,0.0,0.0
2024-09-23 09:45:00-04:00,80.1500015258789,80.25,79.86000061035156,79.88999938964844,83388,0.0,0.0,0.0
2024-09-23 09:50:00-04:00,79.94989776611328,79.9800033569336,79.87000274658203,79.87000274658203,11047,0.0,0.0,0.0
2024-09-23 09:55:00-04:00,79.85359954833984,79.88999938964844,79.6635971069336,79.71499633789062,30820,0.0,0.0,0.0
2024-09-23 10:00:00-04:00,79.75,79.75,79.5999984741211,79.7300033569336,38216,0.0,0.0,0.0
2024-09-23 10:05:00-04:00,79.72000122070312,79.72000122070312,79.5999984741211,79.5999984741211,12450,0.0,0.0,0.0
2024-09-23 10:10:00-04:00,79.58000183105469,79.6500015258789,79.52999877929688,79.5999984741211,13010,0.0,0.0,0.0
2024-09-23 10:15:00-04:00,79.58000183105469,79.69999694824219,79.58000183105469,79.68000030517578,22171,0.0,0.0,0.0
2024-09-23 10:20:00-04:00,79.68000030517578,79.77999877929688,79.68000030517578,79.75849914550781,5896,0.0,0.0,0.0
2024-09-23 10:25:00-04:00,79.7229995727539,79.80249786376953,79.71009826660156,79.77999877929688,17552,0.0,0.0,0.0
2024-09-23 10:30:00-04:00,79.80999755859375,79.86000061035156,79.77010345458984,79.8499984741211,20115,0.0,0.0,0.0
2024-09-23 10:35:00-04:00,79.88500213623047,79.97000122070312,79.88500213623047,79.93000030517578,10612,0.0,0.0,0.0
2024-09-23 10:40:00-04:00,79.91929626464844,80.03990173339844,79.8499984741211,80.0,8092,0.0,0.0,0.0
2024-09-23 10:45:00-04:00,80.0199966430664,80.04989624023438,79.9000015258789,79.94000244140625,13738,0.0,0.0,0.0
2024-09-23 10:50:00-04:00,79.94999694824219,79.98989868164062,79.92500305175781,79.92500305175781,108517,0.0,0.0,0.0
2024-09-23 10:55:00-04:00,79.92109680175781,79.94999694824219,79.8499984741211,79.8499984741211,23822,0.0,0.0,0.0
2024-09-23 11:00:00-04:00,79.91000366210938,79.96859741210938,79.91000366210938,79.94999694824219,2817,0.0,0.0,0.0
2024-09-23 11:05:00-04:00,79.94000244140625,79.94999694824219,79.80000305175781,79.86000061035156,10686,0.0,0.0,0.0
2024-09-23 11:10:00-04:00,79.83000183105469,79.87000274658203,79.80999755859375,79.87000274658203,2747,0.0,0.0,0.0
2024-09-23 11:15:00-04:00,79.9000015258789,79.97000122070312,79.9000015258789,79.97000122070312,8556,0.0,0.0,0.0
2024-09-23 11:20:00-04:00,79.98500061035156,79.98500061035156,79.9000015258789,79.93499755859375,1938,0.0,0.0,0.0
2024-09-23 11:25:00-04:00,79.95999908447266,79.95999908447266,79.9000015258789,79.94999694824219,2561,0.0,0.0,0.0
2024-09-23 11:30:00-04:00,79.90239715576172,79.90239715576172,79.87999725341797,79.9000015258789,5629,0.0,0.0,0.0
2024-09-23 11:35:00-04:00,79.93000030517578,80.0,79.88999938964844,80.0,6684,0.0,0.0,0.0
2024-09-23 11:40:00-04:00,79.9800033569336,80.01000213623047,79.96499633789062,80.0,8421,0.0,0.0,0.0
2024-09-23 11:45:00-04:00,80.01000213623047,80.0999984741211,80.00769805908203,80.0999984741211,3676,0.0,0.0,0.0
2024-09-23 11:50:00-04:00,80.14990234375,80.16000366210938,80.11000061035156,80.16000366210938,2471,0.0,0.0,0.0
2024-09-23 11:55:00-04:00,80.22000122070312,80.32009887695312,80.22000122070312,80.32009887695312,3637,0.0,0.0,0.0
2024-09-23 12:00:00-04:00,80.4000015258789,80.43990325927734,80.32499694824219,80.32499694824219,5407,0.0,0.0,0.0
2024-09-23 12:05:00-04:00,80.3280029296875,80.40740203857422,80.30000305175781,80.40740203857422,3513,0.0,0.0,0.0
2024-09-23 12:10:00-04:00,80.45999908447266,80.5199966430664,80.44000244140625,80.44010162353516,5752,0.0,0.0,0.0
2024-09-23 12:15:00-04:00,80.47000122070312,80.55580139160156,80.47000122070312,80.54010009765625,1103,0.0,0.0,0.0
2024-09-23 12:20:00-04:00,80.5999984741211,80.61000061035156,80.56999969482422,80.61000061035156,4091,0.0,0.0,0.0
2024-09-23 12:25:00-04:00,80.62000274658203,80.72000122070312,80.62000274658203,80.68450164794922,4811,0.0,0.0,0.0
2024-09-23 12:30:00-04:00,80.6500015258789,80.6500015258789,80.61000061035156,80.6500015258789,1978,0.0,0.0,0.0
2024-09-23 12:35:00-04:00,80.58499908447266,80.62999725341797,80.58499908447266,80.62999725341797,831,0.0,0.0,0.0
2024-09-23 12:40:00-04:00,80.68990325927734,80.68990325927734,80.62300109863281,80.62300109863281,3003,0.0,0.0,0.0
2024-09-23 12:45:00-04:00,80.65950012207031,80.65950012207031,80.5999984741211,80.5999984741211,750,0.0,0.0,0.0
2024-09-23 12:50:00-04:00,80.61000061035156,80.61000061035156,80.5999984741211,80.6050033569336,730,0.0,0.0,0.0
2024-09-23 12:55:00-04:00,80.62000274658203,80.66960144042969,80.62000274658203,80.66960144042969,965,0.0,0.0,0.0
2024-09-23 13:00:00-04:00,80.66999816894531,80.79000091552734,80.66999816894531,80.7699966430664,34411,0.0,0.0,0.0
2024-09-23 13:05:00-04:00,80.76000213623047,80.77899932861328,80.7301025390625,80.73049926757812,5779,0.0,0.0,0.0
2024-09-23 13:10:00-04:00,80.74500274658203,80.75,80.71320343017578,80.75,852,0.0,0.0,0.0
2024-09-23 13:15:00-04:00,80.75,80.77999877929688,80.70010375976562,80.70010375976562,2515,0.0,0.0,0.0
2024-09-23 13:20:00-04:00,80.69000244140625,80.69000244140625,80.6500015258789,80.6500015258789,3712,0.0,0.0,0.0
2024-09-23 13:25:00-04:00,80.66999816894531,80.66999816894531,80.66999816894531,80.66999816894531,3349,0.0,0.0,0.0
2024-09-23 13:30:00-04:00,80.62889862060547,80.62889862060547,80.56999969482422,80.58999633789062,9480,0.0,0.0,0.0
2024-09-23 13:35:00-04:00,80.58999633789062,80.66079711914062,80.56999969482422,80.66079711914062,2206,0.0,0.0,0.0
2024-09-23 13:40:00-04:00,80.66919708251953,80.7030029296875,80.6500015258789,80.6500015258789,12697,0.0,0.0,0.0
2024-09-23 13:45:00-04:00,80.6449966430664,80.6449966430664,80.61000061035156,80.62000274658203,9490,0.0,0.0,0.0
2024-09-23 13:50:00-04:00,80.60579681396484,80.61000061035156,80.5999984741211,80.60990142822266,1209,0.0,0.0,0.0
2024-09-23 13:55:00-04:00,80.61000061035156,80.63999938964844,80.61000061035156,80.61940002441406,4125,0.0,0.0,0.0
2024-09-23 14:00:00-04:00,80.5989990234375,80.62989807128906,80.55999755859375,80.56999969482422,4443,0.0,0.0,0.0
2024-09-23 14:05:00-04:00,80.56490325927734,80.56490325927734,80.47000122070312,80.52999877929688,112918,0.0,0.0,0.0
2024-09-23 14:10:00-04:00,80.55000305175781,80.61000061035156,80.52999877929688,80.52999877929688,5998,0.0,0.0,0.0
2024-09-23 14:15:00-04:00,80.5,80.54000091552734,80.48539733886719,80.50499725341797,3074,0.0,0.0,0.0
2024-09-23 14:20:00-04:00,80.5199966430664,80.52999877929688,80.51000213623047,80.51000213623047,1316,0.0,0.0,0.0
2024-09-23 14:25:00-04:00,80.54000091552734,80.54000091552734,80.54000091552734,80.54000091552734,792,0.0,0.0,0.0
2024-09-23 14:30:00-04:00,80.52159881591797,80.52159881591797,80.52159881591797,80.52159881591797,281,0.0,0.0,0.0
2024-09-23 14:35:00-04:00,80.52010345458984,80.58999633789062,80.52010345458984,80.58000183105469,1302,0.0,0.0,0.0
2024-09-23 14:40:00-04:00,80.61000061035156,80.61000061035156,80.56999969482422,80.56999969482422,1385,0.0,0.0,0.0
2024-09-23 14:45:00-04:00,80.59500122070312,80.59500122070312,80.54000091552734,80.54499816894531,1048,0.0,0.0,0.0
2024-09-23 14:50:00-04:00,80.55000305175781,80.55000305175781,80.5,80.5199966430664,5848,0.0,0.0,0.0
2024-09-23 14:55:00-04:00,80.52999877929688,80.55999755859375,80.51000213623047,80.55999755859375,3310,0.0,0.0,0.0
2024-09-23 15:00:00-04:00,80.51000213623047,80.52999877929688,80.45999908447266,80.45999908447266,5611,0.0,0.0,0.0
2024-09-23 15:05:00-04:00,80.4800033569336,80.489501953125,80.43000030517578,80.44000244140625,3933,0.0,0.0,0.0
2024-09-23 15:10:00-04:00,80.44000244140625,80.51000213623047,80.44000244140625,80.4800033569336,5768,0.0,0.0,0.0
2024-09-23 15:15:00-04:00,80.48999786376953,80.5199966430664,80.4800033569336,80.48999786376953,3242,0.0,0.0,0.0
2024-09-23 15:20:00-04:00,80.45469665527344,80.48999786376953,80.45469665527344,80.47799682617188,1412,0.0,0.0,0.0
2024-09-23 15:25:00-04:00,80.5,80.5093994140625,80.43000030517578,80.43000030517578,12535,0.0,0.0,0.0
2024-09-23 15:30:00-04:00,80.44000244140625,80.48999786376953,80.43000030517578,80.48999786376953,3336,0.0,0.0,0.0
2024-09-23 15:35:00-04:00,80.48999786376953,80.5,80.47000122070312,80.5,1423,0.0,0.0,0.0
2024-09-23 15:40:00-04:00,80.49240112304688,80.5,80.44999694824219,80.4800033569336,4930,0.0,0.0,0.0
2024-09-23 15:45:00-04:00,80.4800033569336,80.5,80.44999694824219,80.44999694824219,11488,0.0,0.0,0.0
2024-09-23 15:50:00-04:00,80.43000030517578,80.43000030517578,80.38999938964844,80.41000366210938,11774,0.0,0.0,0.0
2024-09-23 15:55:00-04:00,80.37999725341797,80.44000244140625,80.30000305175781,80.33999633789062,19434,0.0,0.0,0.0
2024-09-24 09:30:00-04:00,79.4800033569336,79.61990356445312,79.44000244140625,79.51000213623047,60856,0.0,0.0,0.0
2024-09-24 09:35:00-04:00,79.51000213623047,79.52999877929688,79.42240142822266,79.44999694824219,21263,0.0,0.0,0.0
2024-09-24 09:40:00-04:00,79.43000030517578,79.43000030517578,79.33000183105469,79.41000366210938,0,0.0,0.0,0.0
2024-09-24 09:45:00-04:00,79.4000015258789,79.41999816894531,79.33999633789062,79.36000061035156,119232,0.0,0.0,0.0
2024-09-24 09:50:00-04:00,79.38999938964844,79.41000366210938,79.34049987792969,79.37000274658203,28472,0.0,0.0,0.0
2024-09-24 09:55:00-04:00,79.41000366210938,79.5,79.38009643554688,79.5,4004,0.0,0.0,0.0
2024-09-24 10:00:00-04:00,79.55000305175781,79.70500183105469,79.50129699707031,79.70500183105469,16248,0.0,0.0,0.0
2024-09-24 10:05:00-04:00,79.70999908447266,79.80000305175781,79.70999908447266,79.80000305175781,19140,0.0,0.0,0.0
2024-09-24 10:10:00-04:00,79.77999877929688,79.77999877929688,79.66999816894531,79.7311019897461,9919,0.0,0.0,0.0
2024-09-24 10:15:00-04:00,79.7699966430664,79.87830352783203,79.72000122070312,79.87830352783203,27957,0.0,0.0,0.0
2024-09-24 10:20:00-04:00,79.87000274658203,79.96600341796875,79.82499694824219,79.91000366210938,6559,0.0,0.0,0.0
2024-09-24 10:25:00-04:00,79.9397964477539,80.05999755859375,79.88999938964844,80.01010131835938,29777,0.0,0.0,0.0
2024-09-24 10:30:00-04:00,80.01000213623047,80.11000061035156,79.94999694824219,80.01000213623047,17748,0.0,0.0,0.0
2024-09-24 10:35:00-04:00,80.0,80.02999877929688,79.98580169677734,80.00990295410156,7693,0.0,0.0,0.0
2024-09-24 10:40:00-04:00,80.02999877929688,80.05989837646484,79.9801025390625,80.00060272216797,14862,0.0,0.0,0.0
2024-09-24 10:45:00-04:00,80.01000213623047,80.0999984741211,79.99009704589844,80.08000183105469,59910,0.0,0.0,0.0
2024-09-24 10:50:00-04:00,80.08000183105469,80.12999725341797,80.04000091552734,80.07839965820312,11355,0.0,0.0,0.0
2024-09-24 10:55:00-04:00,80.11000061035156,80.12999725341797,80.04519653320312,80.04519653320312,3032,0.0,0.0,0.0
2024-09-24 11:00:00-04:00,80.0999984741211,80.1001968383789,80.04010009765625,80.06900024414062,2732,0.0,0.0,0.0
2024-09-24 11:05:00-04:00,80.04000091552734,80.05999755859375,80.02999877929688,80.05999755859375,3113,0.0,0.0,0.0
2024-09-24 11:10:00-04:00,80.07599639892578,80.1500015258789,80.06999969482422,80.11000061035156,110598,0.0,0.0,0.0
2024-09-24 11:15:00-04:00,80.1500015258789,80.16000366210938,80.05390167236328,80.11000061035156,5308,0.0,0.0,0.0
2024-09-24 11:20:00-04:00,80.11000061035156,80.11000061035156,80.04509735107422,80.07569885253906,6675,0.0,0.0,0.0
2024-09-24 11:25:00-04:00,80.0425033569336,80.1500015258789,80.0425033569336,80.08999633789062,3522,0.0,0.0,0.0
2024-09-24 11:30:00-04:00,80.05999755859375,80.05999755859375,79.94999694824219,79.94999694824219,10974,0.0,0.0,0.0
2024-09-24 11:35:00-04:00,79.91999816894531,79.98999786376953,79.91999816894531,79.94999694824219,6795,0.0,0.0,0.0
2024-09-24 11:40:00-04:00,79.9530029296875,79.9530029296875,79.85009765625,79.85009765625,220467,0.0,0.0,0.0
2024-09-24 11:45:00-04:00,79.88500213623047,79.94000244140625,79.85179901123047,79.8948974609375,185501,0.0,0.0,0.0
2024-09-24 11:50:00-04:00,79.91999816894531,79.91999816894531,79.8499984741211,79.8499984741211,9674,0.0,0.0,0.0
2024-09-24 11:55:00-04:00,79.84500122070312,79.84500122070312,79.84140014648438,79.84140014648438,1285,0.0,0.0,0.0
2024-09-24 12:00:00-04:00,79.94429779052734,79.97000122070312,79.94429779052734,79.97000122070312,1567,0.0,0.0,0.0
2024-09-24 12:05:00-04:00,80.0,80.03700256347656,79.98059844970703,80.03700256347656,2996,0.0,0.0,0.0
2024-09-24 12:10:00-04:00,80.05000305175781,80.0999984741211,80.04000091552734,80.0999984741211,3619,0.0,0.0,0.0
2024-09-24 12:15:00-04:00,80.08999633789062,80.14360046386719,80.06999969482422,80.14360046386719,1938,0.0,0.0,0.0
2024-09-24 12:20:00-04:00,80.1500015258789,80.1500015258789,80.08000183105469,80.08000183105469,1038,0.0,0.0,0.0
2024-09-24 12:25:00-04:00,80.16000366210938,80.16000366210938,80.16000366210938,80.16000366210938,375,0.0,0.0,0.0
2024-09-24 12:30:00-04:00,80.08000183105469,80.08999633789062,80.05999755859375,80.06999969482422,2222,0.0,0.0,0.0
2024-09-24 12:35:00-04:00,80.13500213623047,80.13500213623047,80.13500213623047,80.13500213623047,192,0.0,0.0,0.0
2024-09-24 12:40:00-04:00,80.08999633789062,80.08999633789062,80.05000305175781,80.05000305175781,1632,0.0,0.0,0.0
2024-09-24 12:45:00-04:00,80.08000183105469,80.09400177001953,80.08000183105469,80.09400177001953,7419,0.0,0.0,0.0
2024-09-24 12:50:00-04:00,80.08000183105469,80.08000183105469,80.08000183105469,80.08000183105469,2888,0.0,0.0,0.0
2024-09-24 12:55:00-04:00,80.12999725341797,80.1698989868164,80.1238021850586,80.1500015258789,4583,0.0,0.0,0.0
2024-09-24 13:00:00-04:00,80.16500091552734,80.16500091552734,80.13999938964844,80.1449966430664,2012,0.0,0.0,0.0
2024-09-24 13:05:00-04:00,80.05999755859375,80.08999633789062,80.0270004272461,80.08999633789062,7869,0.0,0.0,0.0
2024-09-24 13:10:00-04:00,80.06900024414062,80.06900024414062,80.01000213623047,80.05000305175781,2215,0.0,0.0,0.0
2024-09-24 13:15:00-04:00,80.0625,80.0625,80.03500366210938,80.03500366210938,1119,0.0,0.0,0.0
2024-09-24 13:20:00-04:00,80.06990051269531,80.11180114746094,80.06990051269531,80.11180114746094,1150,0.0,0.0,0.0
2024-09-24 13:25:00-04:00,80.08409881591797,80.08409881591797,80.08409881591797,80.08409881591797,956,0.0,0.0,0.0
2024-09-24 13:30:00-04:00,80.03559875488281,80.05899810791016,80.02140045166016,80.04000091552734,3048,0.0,0.0,0.0
2024-09-24 13:35:00-04:00,80.05000305175781,80.11979675292969,80.05000305175781,80.06999969482422,3427,0.0,0.0,0.0
2024-09-24 13:40:00-04:00,80.13999938964844,80.1500015258789,80.13999938964844,80.1500015258789,888,0.0,0.0,0.0
2024-09-24 13:45:00-04:00,80.20899963378906,80.20899963378906,80.13999938964844,80.13999938964844,2379,0.0,0.0,0.0
2024-09-24 13:50:00-04:00,80.12000274658203,80.18000030517578,80.12000274658203,80.18000030517578,1112,0.0,0.0,0.0
2024-09-24 13:55:00-04:00,80.22000122070312,80.28919982910156,80.22000122070312,80.28919982910156,1677,0.0,0.0,0.0
2024-09-24 14:00:00-04:00,80.2699966430664,80.2699966430664,80.19999694824219,80.25,3249,0.0,0.0,0.0
2024-09-24 14:05:00-04:00,80.26439666748047,80.33999633789062,80.26439666748047,80.28009796142578,3753,0.0,0.0,0.0
2024-09-24 14:10:00-04:00,80.28369903564453,80.30000305175781,80.28369903564453,80.30000305175781,920,0.0,0.0,0.0
2024-09-24 14:15:00-04:00,80.30490112304688,80.30490112304688,80.2699966430664,80.30000305175781,2431,0.0,0.0,0.0
2024-09-24 14:20:00-04:00,80.3499984741211,80.4800033569336,80.3499984741211,80.4800033569336,5128,0.0,0.0,0.0
2024-09-24 14:25:00-04:00,80.45999908447266,80.47000122070312,80.375,80.38240051269531,1675,0.0,0.0,0.0
2024-09-24 14:30:00-04:00,80.41000366210938,80.42430114746094,80.4000015258789,80.41519927978516,1917,0.0,0.0,0.0
2024-09-24 14:35:00-04:00,80.40290069580078,80.40290069580078,80.35430145263672,80.38999938964844,2626,0.0,0.0,0.0
2024-09-24 14:40:00-04:00,80.40989685058594,80.40989685058594,80.37999725341797,80.37999725341797,1195,0.0,0.0,0.0
2024-09-24 14:45:00-04:00,80.37000274658203,80.37999725341797,80.31999969482422,80.31999969482422,4823,0.0,0.0,0.0
2024-09-24 14:50:00-04:00,80.30010223388672,80.4000015258789,80.30010223388672,80.33999633789062,6463,0.0,0.0,0.0
2024-09-24 14:55:00-04:00,80.30000305175781,80.33000183105469,80.30000305175781,80.33000183105469,4583,0.0,0.0,0.0
2024-09-24 15:00:00-04:00,80.31999969482422,80.3499984741211,80.23480224609375,80.30000305175781,13382,0.0,0.0,0.0
2024-09-24 15:05:00-04:00,80.29989624023438,80.33999633789062,80.26090240478516,80.30999755859375,3431,0.0,0.0,0.0
2024-09-24 15:10:00-04:00,80.32949829101562,80.3499984741211,80.32949829101562,80.33000183105469,3353,0.0,0.0,0.0
2024-09-24 15:15:00-04:00,80.34500122070312,80.375,80.30999755859375,80.31999969482422,6986,0.0,0.0,0.0
2024-09-24 15:20:00-04:00,80.31999969482422,80.32980346679688,80.30999755859375,80.30999755859375,8293,0.0,0.0,0.0
2024-09-24 15:25:00-04:00,80.30999755859375,80.37999725341797,80.30999755859375,80.3499984741211,9179,0.0,0.0,0.0
2024-09-24 15:30:00-04:00,80.3572998046875,80.37000274658203,80.30500030517578,80.30500030517578,14353,0.0,0.0,0.0
2024-09-24 15:35:00-04:00,80.30500030517578,80.36000061035156,80.30000305175781,80.31990051269531,9802,0.0,0.0,0.0
2024-09-24 15:40:00-04:00,80.33000183105469,80.37000274658203,80.33000183105469,80.33999633789062,15777,0.0,0.0,0.0
2024-09-24 15:45:00-04:00,80.33999633789062,80.36000061035156,80.33000183105469,80.3550033569336,15321,0.0,0.0,0.0
2024-09-24 15:50:00-04:00,80.36000061035156,80.36000061035156,80.31999969482422,80.36000061035156,22162,0.0,0.0,0.0
2024-09-24 15:55:00-04:00,80.36000061035156,80.44999694824219,80.26000213623047,80.26000213623047,88232,0.0,0.0,0.0
2024-09-25 09:30:00-04:00,79.81999969482422,79.81999969482422,79.68000030517578,79.68840026855469,41972,0.0,0.0,0.0
2024-09-25 09:35:00-04:00,79.69000244140625,79.75160217285156,79.69000244140625,79.73500061035156,28637,0.0,0.0,0.0
2024-09-25 09:40:00-04:00,79.7300033569336,79.76000213623047,79.56999969482422,79.62000274658203,32775,0.0,0.0,0.0
2024-09-25 09:45:00-04:00,79.61000061035156,79.7302017211914,79.61000061035156,79.69999694824219,10005,0.0,0.0,0.0
2024-09-25 09:50:00-04:00,79.72000122070312,79.86000061035156,79.72000122070312,79.83000183105469,101503,0.0,0.0,0.0
2024-09-25 09:55:00-04:00,79.86000061035156,79.86000061035156,79.80999755859375,79.83999633789062,8860,0.0,0.0,0.0
2024-09-25 10:00:00-04:00,79.83999633789062,79.83999633789062,79.69000244140625,79.73690032958984,5165,0.0,0.0,0.0
2024-09-25 10:05:00-04:00,79.69000244140625,79.73999786376953,79.63760375976562,79.70890045166016,7351,0.0,0.0,0.0
2024-09-25 10:10:00-04:00,79.69000244140625,79.70999908447266,79.63999938964844,79.66000366210938,5662,0.0,0.0,0.0
2024-09-25 10:15:00-04:00,79.62999725341797,79.62999725341797,79.5199966430664,79.56999969482422,8035,0.0,0.0,0.0
2024-09-25 10:20:00-04:00,79.55500030517578,79.58999633789062,79.54499816894531,79.55999755859375,5021,0.0,0.0,0.0
2024-09-25 10:25:00-04:00,79.52999877929688,79.58999633789062,79.52999877929688,79.5718994140625,5430,0.0,0.0,0.0
2024-09-25 10:30:00-04:00,79.58999633789062,79.58999633789062,79.55599975585938,79.58000183105469,7196,0.0,0.0,0.0
2024-09-25 10:35:00-04:00,79.60430145263672,79.62999725341797,79.60430145263672,79.62000274658203,3214,0.0,0.0,0.0
2024-09-25 10:40:00-04:00,79.64679718017578,79.64679718017578,79.5907974243164,79.5907974243164,32481,0.0,0.0,0.0
2024-09-25 10:45:00-04:00,79.63999938964844,79.69000244140625,79.5999984741211,79.69000244140625,2455,0.0,0.0,0.0
2024-09-25 10:50:00-04:00,79.65499877929688,79.69139862060547,79.65499877929688,79.69000244140625,3348,0.0,0.0,0.0
2024-09-25 10:55:00-04:00,79.69999694824219,79.7249984741211,79.59010314941406,79.61000061035156,5719,0.0,0.0,0.0
2024-09-25 11:00:00-04:00,79.6449966430664,79.75,79.6449966430664,79.66999816894531,4385,0.0,0.0,0.0
2024-09-25 11:05:00-04:00,79.6500015258789,79.66999816894531,79.62999725341797,79.62999725341797,1842,0.0,0.0,0.0
2024-09-25 11:10:00-04:00,79.73999786376953,79.73999786376953,79.73999786376953,79.73999786376953,668,0.0,0.0,0.0
2024-09-25 11:15:00-04:00,79.63990020751953,79.63990020751953,79.5999984741211,79.60009765625,2420,0.0,0.0,0.0
2024-09-25 11:20:00-04:00,79.62999725341797,79.62999725341797,79.61000061035156,79.61000061035156,4093,0.0,0.0,0.0
2024-09-25 11:25:00-04:00,79.5999984741211,79.60700225830078,79.5,79.52999877929688,11450,0.0,0.0,0.0
2024-09-25 11:30:00-04:00,79.52999877929688,79.61000061035156,79.52999877929688,79.58999633789062,6387,0.0,0.0,0.0
2024-09-25 11:35:00-04:00,79.5999984741211,79.60559844970703,79.5416030883789,79.5416030883789,1181,0.0,0.0,0.0
2024-09-25 11:40:00-04:00,79.5999984741211,79.62999725341797,79.56009674072266,79.62000274658203,1346,0.0,0.0,0.0
2024-09-25 11:45:00-04:00,79.58550262451172,79.66999816894531,79.58550262451172,79.66999816894531,3256,0.0,0.0,0.0
2024-09-25 11:50:00-04:00,79.63999938964844,79.69580078125,79.63999938964844,79.69580078125,1108,0.0,0.0,0.0
2024-09-25 11:55:00-04:00,79.66000366210938,79.69619750976562,79.66000366210938,79.69619750976562,889,0.0,0.0,0.0
2024-09-25 12:00:00-04:00,79.66000366210938,79.66000366210938,79.65080261230469,79.65080261230469,1475,0.0,0.0,0.0
2024-09-25 12:05:00-04:00,79.6449966430664,79.66600036621094,79.6449966430664,79.6521987915039,2084,0.0,0.0,0.0
2024-09-25 12:10:00-04:00,79.64340209960938,79.66999816894531,79.62999725341797,79.63999938964844,12893,0.0,0.0,0.0
2024-09-25 12:15:00-04:00,79.63500213623047,79.69999694824219,79.62999725341797,79.69999694824219,20795,0.0,0.0,0.0
2024-09-25 12:20:00-04:00,79.70500183105469,79.76000213623047,79.68000030517578,79.69499969482422,14963,0.0,0.0,0.0
2024-09-25 12:25:00-04:00,79.67829895019531,79.72840118408203,79.66480255126953,79.69000244140625,4550,0.0,0.0,0.0
2024-09-25 12:30:00-04:00,79.73889923095703,79.739501953125,79.71499633789062,79.71499633789062,1770,0.0,0.0,0.0
2024-09-25 12:35:00-04:00,79.70939636230469,79.7300033569336,79.67160034179688,79.7300033569336,3406,0.0,0.0,0.0
2024-09-25 12:40:00-04:00,79.69999694824219,79.72250366210938,79.69000244140625,79.72250366210938,1251,0.0,0.0,0.0
2024-09-25 12:45:00-04:00,79.70999908447266,79.72000122070312,79.69000244140625,79.72000122070312,1554,0.0,0.0,0.0
2024-09-25 12:50:00-04:00,79.69000244140625,79.69499969482422,79.6500015258789,79.66000366210938,3293,0.0,0.0,0.0
2024-09-25 12:55:00-04:00,79.61000061035156,79.61000061035156,79.58000183105469,79.58000183105469,1376,0.0,0.0,0.0
2024-09-25 13:00:00-04:00,79.61000061035156,79.62999725341797,79.55999755859375,79.55999755859375,3016,0.0,0.0,0.0
2024-09-25 13:05:00-04:00,79.58000183105469,79.58000183105469,79.5,79.5,15978,0.0,0.0,0.0
2024-09-25 13:10:00-04:00,79.5,79.52639770507812,79.47360229492188,79.52639770507812,27493,0.0,0.0,0.0
2024-09-25 13:15:00-04:00,79.48999786376953,79.48999786376953,79.44999694824219,79.44999694824219,2519,0.0,0.0,0.0
2024-09-25 13:20:00-04:00,79.44999694824219,79.45819854736328,79.43000030517578,79.44239807128906,3105,0.0,0.0,0.0
2024-09-25 13:25:00-04:00,79.45999908447266,79.45999908447266,79.4000015258789,79.41999816894531,7454,0.0,0.0,0.0
2024-09-25 13:30:00-04:00,79.41490173339844,79.47000122070312,79.41490173339844,79.47000122070312,6031,0.0,0.0,0.0
2024-09-25 13:35:00-04:00,79.44999694824219,79.55809783935547,79.44999694824219,79.55809783935547,2998,0.0,0.0,0.0
2024-09-25 13:40:00-04:00,79.54000091552734,79.54299926757812,79.54000091552734,79.54299926757812,851,0.0,0.0,0.0
2024-09-25 13:45:00-04:00,79.48999786376953,79.5199966430664,79.48999786376953,79.5,4395,0.0,0.0,0.0
2024-09-25 13:50:00-04:00,79.51000213623047,79.5199966430664,79.45999908447266,79.51000213623047,2785,0.0,0.0,0.0
2024-09-25 13:55:00-04:00,79.50499725341797,79.52999877929688,79.50499725341797,79.51000213623047,3758,0.0,0.0,0.0
2024-09-25 14:00:00-04:00,79.5197982788086,79.5197982788086,79.45999908447266,79.51000213623047,2493,0.0,0.0,0.0
2024-09-25 14:05:00-04:00,79.53820037841797,79.54000091552734,79.51000213623047,79.5250015258789,3171,0.0,0.0,0.0
2024-09-25 14:10:00-04:00,79.54000091552734,79.59989929199219,79.50890350341797,79.50890350341797,9346,0.0,0.0,0.0
2024-09-25 14:15:00-04:00,79.5374984741211,79.55999755859375,79.50170135498047,79.54000091552734,9468,0.0,0.0,0.0
2024-09-25 14:20:00-04:00,79.5199966430664,79.53929901123047,79.5,79.5,1197,0.0,0.0,0.0
2024-09-25 14:25:00-04:00,79.51619720458984,79.55989837646484,79.51619720458984,79.55000305175781,2115,0.0,0.0,0.0
2024-09-25 14:30:00-04:00,79.533203125,79.62000274658203,79.533203125,79.62000274658203,6206,0.0,0.0,0.0
2024-09-25 14:35:00-04:00,79.58999633789062,79.58999633789062,79.56999969482422,79.58999633789062,4711,0.0,0.0,0.0
2024-09-25 14:40:00-04:00,79.56500244140625,79.5999984741211,79.5302963256836,79.5999984741211,5982,0.0,0.0,0.0
2024-09-25 14:45:00-04:00,79.55999755859375,79.55999755859375,79.46499633789062,79.46499633789062,14574,0.0,0.0,0.0
2024-09-25 14:50:00-04:00,79.46499633789062,79.46499633789062,79.4104995727539,79.4104995727539,2459,0.0,0.0,0.0
2024-09-25 14:55:00-04:00,79.47000122070312,79.4800033569336,79.43000030517578,79.44000244140625,2041,0.0,0.0,0.0
2024-09-25 15:00:00-04:00,79.43000030517578,79.43000030517578,79.37000274658203,79.37999725341797,7946,0.0,0.0,0.0
2024-09-25 15:05:00-04:00,79.37999725341797,79.38919830322266,79.31999969482422,79.38860321044922,6781,0.0,0.0,0.0
2024-09-25 15:10:00-04:00,79.36940002441406,79.42990112304688,79.35050201416016,79.3550033569336,4574,0.0,0.0,0.0
2024-09-25 15:15:00-04:00,79.3499984741211,79.41000366210938,79.3499984741211,79.37999725341797,4603,0.0,0.0,0.0
2024-09-25 15:20:00-04:00,79.4354019165039,79.4354019165039,79.41999816894531,79.41999816894531,882,0.0,0.0,0.0
2024-09-25 15:25:00-04:00,79.41000366210938,79.43000030517578,79.4000015258789,79.41000366210938,3890,0.0,0.0,0.0
2024-09-25 15:30:00-04:00,79.4000015258789,79.40989685058594,79.3499984741211,79.38999938964844,4004,0.0,0.0,0.0
2024-09-25 15:35:00-04:00,79.38999938964844,79.38999938964844,79.38999938964844,79.38999938964844,1520,0.0,0.0,0.0
2024-09-25 15:40:00-04:00,79.38999938964844,79.41999816894531,79.36940002441406,79.36940002441406,6516,0.0,0.0,0.0
2024-09-25 15:45:00-04:00,79.37999725341797,79.38999938964844,79.36630249023438,79.37999725341797,111220,0.0,0.0,0.0
2024-09-25 15:50:00-04:00,79.37950134277344,79.37999725341797,79.35009765625,79.37020111083984,7723,0.0,0.0,0.0
2024-09-25 15:55:00-04:00,79.375,79.375,79.26000213623047,79.30000305175781,21929,0.0,0.0,0.0
2024-09-26 09:30:00-04:00,79.56999969482422,79.69999694824219,79.48999786376953,79.69999694824219,63547,0.0,0.0,0.0
2024-09-26 09:35:00-04:00,79.7300033569336,79.7300033569336,79.5199966430664,79.53669738769531,17172,0.0,0.0,0.0
2024-09-26 09:40:00-04:00,79.5,79.50559997558594,79.36000061035156,79.41000366210938,14039,0.0,0.0,0.0
2024-09-26 09:45:00-04:00,79.41000366210938,79.42489624023438,79.27999877929688,79.35759735107422,17812,0.0,0.0,0.0
2024-09-26 09:50:00-04:00,79.36009979248047,79.5,79.36009979248047,79.4800033569336,23434,0.0,0.0,0.0
2024-09-26 09:55:00-04:00,79.4845962524414,79.55999755859375,79.41999816894531,79.51000213623047,0,0.0,0.0,0.0
2024-09-26 10:00:00-04:00,79.51000213623047,79.54000091552734,79.37999725341797,79.38999938964844,170247,0.0,0.0,0.0
2024-09-26 10:05:00-04:00,79.38999938964844,79.42500305175781,79.33999633789062,79.33999633789062,4147,0.0,0.0,0.0
2024-09-26 10:10:00-04:00,79.33599853515625,79.4000015258789,79.33599853515625,79.37999725341797,19685,0.0,0.0,0.0
2024-09-26 10:15:00-04:00,79.33999633789062,79.37999725341797,79.30999755859375,79.37999725341797,3224,0.0,0.0,0.0
2024-09-26 10:20:00-04:00,79.36299896240234,79.36299896240234,79.18000030517578,79.18000030517578,20082,0.0,0.0,0.0
2024-09-26 10:25:00-04:00,79.18000030517578,79.19989776611328,78.94000244140625,78.97000122070312,42511,0.0,0.0,0.0
2024-09-26 10:30:00-04:00,78.98999786376953,79.00499725341797,78.83999633789062,78.93000030517578,15088,0.0,0.0,0.0
2024-09-26 10:35:00-04:00,78.94999694824219,79.13999938964844,78.94999694824219,79.13999938964844,4049,0.0,0.0,0.0
2024-09-26 10:40:00-04:00,79.1500015258789,79.25,79.12000274658203,79.25,6052,0.0,0.0,0.0
2024-09-26 10:45:00-04:00,79.279296875,79.41999816894531,79.279296875,79.38999938964844,5728,0.0,0.0,0.0
2024-09-26 10:50:00-04:00,79.40699768066406,79.48999786376953,79.39420318603516,79.44000244140625,2193,0.0,0.0,0.0
2024-09-26 10:55:00-04:00,79.47139739990234,79.49980163574219,79.41999816894531,79.41999816894531,6114,0.0,0.0,0.0
2024-09-26 11:00:00-04:00,79.3406982421875,79.36499786376953,79.29000091552734,79.29010009765625,8124,0.0,0.0,0.0
2024-09-26 11:05:00-04:00,79.30999755859375,79.30999755859375,79.25,79.25,1088,0.0,0.0,0.0
2024-09-26 11:10:00-04:00,79.25,79.25990295410156,79.16000366210938,79.16000366210938,10502,0.0,0.0,0.0
2024-09-26 11:15:00-04:00,79.20500183105469,79.2300033569336,79.1500015258789,79.1500015258789,4048,0.0,0.0,0.0
2024-09-26 11:20:00-04:00,79.22000122070312,79.26000213623047,79.19999694824219,79.26000213623047,1405,0.0,0.0,0.0
2024-09-26 11:25:00-04:00,79.2300033569336,79.27999877929688,79.1531982421875,79.18000030517578,6416,0.0,0.0,0.0
2024-09-26 11:30:00-04:00,79.16999816894531,79.23419952392578,79.16999816894531,79.19000244140625,2405,0.0,0.0,0.0
2024-09-26 11:35:00-04:00,79.19000244140625,79.22000122070312,79.16380310058594,79.17220306396484,1997,0.0,0.0,0.0
2024-09-26 11:40:00-04:00,79.25,79.25,79.16999816894531,79.19000244140625,78671,0.0,0.0,0.0
2024-09-26 11:45:00-04:00,79.16999816894531,79.22000122070312,79.16999816894531,79.19999694824219,7212,0.0,0.0,0.0
2024-09-26 11:50:00-04:00,79.18000030517578,79.18000030517578,79.1395034790039,79.14009857177734,8193,0.0,0.0,0.0
2024-09-26 11:55:00-04:00,79.1500015258789,79.16000366210938,79.13500213623047,79.13500213623047,3794,0.0,0.0,0.0
2024-09-26 12:00:00-04:00,79.125,79.22000122070312,79.125,79.18000030517578,1882,0.0,0.0,0.0
2024-09-26 12:05:00-04:00,79.193603515625,79.21990203857422,79.13999938964844,79.21990203857422,3001,0.0,0.0,0.0
2024-09-26 12:10:00-04:00,79.20999908447266,79.24199676513672,79.16200256347656,79.24199676513672,1623,0.0,0.0,0.0
2024-09-26 12:15:00-04:00,79.2300033569336,79.2300033569336,79.19000244140625,79.19300079345703,2489,0.0,0.0,0.0
2024-09-26 12:20:00-04:00,79.19000244140625,79.19052124023438,79.15010070800781,79.16000366210938,1176,0.0,0.0,0.0
2024-09-26 12:25:00-04:00,79.1500015258789,79.1500015258789,79.1500015258789,79.1500015258789,2864,0.0,0.0,0.0
2024-09-26 12:30:00-04:00,79.19999694824219,79.2249984741211,79.19999694824219,79.2249984741211,1396,0.0,0.0,0.0
2024-09-26 12:35:00-04:00,79.25,79.2699966430664,79.25,79.26000213623047,1934,0.0,0.0,0.0
2024-09-26 12:40:00-04:00,79.26000213623047,79.26000213623047,79.22000122070312,79.25070190429688,1084,0.0,0.0,0.0
2024-09-26 12:45:00-04:00,79.25,79.27989959716797,79.23999786376953,79.23999786376953,4746,0.0,0.0,0.0
2024-09-26 12:50:00-04:00,79.15499877929688,79.15499877929688,79.15499877929688,79.15499877929688,478,0.0,0.0,0.0
2024-09-26 12:55:00-04:00,79.06999969482422,79.15499877929688,79.06999969482422,79.1355972290039,19126,0.0,0.0,0.0
2024-09-26 13:00:00-04:00,79.12999725341797,79.23999786376953,79.12999725341797,79.23999786376953,5042,0.0,0.0,0.0
2024-09-26 13:05:00-04:00,79.23999786376953,79.25990295410156,79.22000122070312,79.22000122070312,3841,0.0,0.0,0.0
2024-09-26 13:10:00-04:00,79.23999786376953,79.4000015258789,79.23999786376953,79.38999938964844,2617,0.0,0.0,0.0
2024-09-26 13:15:00-04:00,79.41000366210938,79.5199966430664,79.41000366210938,79.5199966430664,2489,0.0,0.0,0.0
2024-09-26 13:20:00-04:00,79.5199966430664,79.53500366210938,79.42009735107422,79.47000122070312,5063,0.0,0.0,0.0
2024-09-26 13:25:00-04:00,79.4999008178711,79.55999755859375,79.4800033569336,79.5199966430664,14420,0.0,0.0,0.0
2024-09-26 13:30:00-04:00,79.48999786376953,79.48999786376953,79.46060180664062,79.4800033569336,828,0.0,0.0,0.0
2024-09-26 13:35:00-04:00,79.48500061035156,79.54000091552734,79.45929718017578,79.4894027709961,3596,0.0,0.0,0.0
2024-09-26 13:40:00-04:00,79.4906005859375,79.4906005859375,79.48999786376953,79.48999786376953,585,0.0,0.0,0.0
2024-09-26 13:45:00-04:00,79.49500274658203,79.51000213623047,79.45999908447266,79.45999908447266,2463,0.0,0.0,0.0
2024-09-26 13:50:00-04:00,79.44000244140625,79.44499969482422,79.41000366210938,79.41000366210938,1264,0.0,0.0,0.0
2024-09-26 13:55:00-04:00,79.41000366210938,79.48580169677734,79.41000366210938,79.47000122070312,2758,0.0,0.0,0.0
2024-09-26 14:00:00-04:00,79.46379852294922,79.46379852294922,79.37999725341797,79.44000244140625,2016,0.0,0.0,0.0
2024-09-26 14:05:00-04:00,79.41000366210938,79.41000366210938,79.41000366210938,79.41000366210938,422,0.0,0.0,0.0
2024-09-26 14:10:00-04:00,79.51399993896484,79.51399993896484,79.47000122070312,79.4760971069336,828,0.0,0.0,0.0
2024-09-26 14:15:00-04:00,79.52439880371094,79.55999755859375,79.52439880371094,79.55999755859375,2841,0.0,0.0,0.0
2024-09-26 14:20:00-04:00,79.55999755859375,79.57240295410156,79.48049926757812,79.48999786376953,11485,0.0,0.0,0.0
2024-09-26 14:25:00-04:00,79.48999786376953,79.55000305175781,79.46800231933594,79.47010040283203,6512,0.0,0.0,0.0
2024-09-26 14:30:00-04:00,79.48999786376953,79.5198974609375,79.48999786376953,79.51959991455078,1336,0.0,0.0,0.0
2024-09-26 14:35:00-04:00,79.5199966430664,79.59140014648438,79.5199966430664,79.59140014648438,14612,0.0,0.0,0.0
2024-09-26 14:40:00-04:00,79.55999755859375,79.6134033203125,79.55999755859375,79.58999633789062,2844,0.0,0.0,0.0
2024-09-26 14:45:00-04:00,79.61000061035156,79.61000061035156,79.58000183105469,79.58000183105469,1654,0.0,0.0,0.0
2024-09-26 14:50:00-04:00,79.54000091552734,79.62529754638672,79.50849914550781,79.61540222167969,3815,0.0,0.0,0.0
2024-09-26 14:55:00-04:00,79.64830017089844,79.65260314941406,79.62000274658203,79.6500015258789,4817,0.0,0.0,0.0
2024-09-26 15:00:00-04:00,79.68499755859375,79.72000122070312,79.68000030517578,79.72000122070312,5456,0.0,0.0,0.0
2024-09-26 15:05:00-04:00,79.7300033569336,79.74690246582031,79.7300033569336,79.74690246582031,1614,0.0,0.0,0.0
2024-09-26 15:10:00-04:00,79.7699966430664,79.79499816894531,79.75,79.76000213623047,3752,0.0,0.0,0.0
2024-09-26 15:15:00-04:00,79.70999908447266,79.70999908447266,79.68000030517578,79.69000244140625,1374,0.0,0.0,0.0
2024-09-26 15:20:00-04:00,79.69000244140625,79.69000244140625,79.66999816894531,79.66999816894531,2323,0.0,0.0,0.0
2024-09-26 15:25:00-04:00,79.68000030517578,79.68000030517578,79.66000366210938,79.66000366210938,856,0.0,0.0,0.0
2024-09-26 15:30:00-04:00,79.67500305175781,79.67500305175781,79.52880096435547,79.55000305175781,7651,0.0,0.0,0.0
2024-09-26 15:35:00-04:00,79.54000091552734,79.61000061035156,79.54000091552734,79.61000061035156,2315,0.0,0.0,0.0
2024-09-26 15:40:00-04:00,79.5824966430664,79.6050033569336,79.56999969482422,79.5780029296875,8181,0.0,0.0,0.0
2024-09-26 15:45:00-04:00,79.58000183105469,79.61000061035156,79.5250015258789,79.5250015258789,12355,0.0,0.0,0.0
2024-09-26 15:50:00-04:00,79.54000091552734,79.56990051269531,79.52999877929688,79.56199645996094,9234,0.0,0.0,0.0
2024-09-26 15:55:00-04:00,79.55999755859375,79.62999725341797,79.52999877929688,79.5999984741211,10477,0.0,0.0,0.0
2024-09-27 09:30:00-04:00,80.12999725341797,80.13999938964844,80.01000213623047,80.12010192871094,29782,0.0,0.0,0.0
2024-09-27 09:35:00-04:00,80.16580200195312,80.20500183105469,80.12000274658203,80.19349670410156,6741,0.0,0.0,0.0
2024-09-27 09:40:00-04:00,80.19000244140625,80.30000305175781,80.18000030517578,80.26820373535156,21290,0.0,0.0,0.0
2024-09-27 09:45:00-04:00,80.25,80.33000183105469,80.25,80.30000305175781,6130,0.0,0.0,0.0
2024-09-27 09:50:00-04:00,80.27999877929688,80.30000305175781,80.2699966430664,80.29989624023438,7062,0.0,0.0,0.0
2024-09-27 09:55:00-04:00,80.27999877929688,80.3125,80.2699966430664,80.29000091552734,2763,0.0,0.0,0.0
2024-09-27 10:00:00-04:00,80.2699966430664,80.29000091552734,80.19999694824219,80.24500274658203,5647,0.0,0.0,0.0
2024-09-27 10:05:00-04:00,80.2300033569336,80.33499908447266,80.2300033569336,80.33499908447266,4998,0.0,0.0,0.0
2024-09-27 10:10:00-04:00,80.30000305175781,80.30000305175781,80.22000122070312,80.25,12825,0.0,0.0,0.0
2024-09-27 10:15:00-04:00,80.21289825439453,80.26909637451172,80.21289825439453,80.23999786376953,1657,0.0,0.0,0.0
2024-09-27 10:20:00-04:00,80.19999694824219,80.23809814453125,80.11000061035156,80.12000274658203,7361,0.0,0.0,0.0
2024-09-27 10:25:00-04:00,80.0999984741211,80.14910125732422,80.0199966430664,80.0199966430664,7792,0.0,0.0,0.0
2024-09-27 10:30:00-04:00,80.08000183105469,80.11669921875,80.0199966430664,80.11669921875,4000,0.0,0.0,0.0
2024-09-27 10:35:00-04:00,80.11000061035156,80.12000274658203,79.9406967163086,80.00900268554688,7601,0.0,0.0,0.0
2024-09-27 10:40:00-04:00,79.93000030517578,79.9800033569336,79.91999816894531,79.95999908447266,6244,0.0,0.0,0.0
2024-09-27 10:45:00-04:00,79.97000122070312,79.97000122070312,79.77999877929688,79.77999877929688,2463,0.0,0.0,0.0
2024-09-27 10:50:00-04:00,79.80999755859375,79.83999633789062,79.80999755859375,79.81999969482422,3519,0.0,0.0,0.0
2024-09-27 10:55:00-04:00,79.80999755859375,79.87000274658203,79.80999755859375,79.87000274658203,4758,0.0,0.0,0.0
2024-09-27 11:00:00-04:00,79.83000183105469,79.86990356445312,79.81999969482422,79.84989929199219,12156,0.0,0.0,0.0
2024-09-27 11:05:00-04:00,79.87930297851562,79.9000015258789,79.87930297851562,79.9000015258789,2598,0.0,0.0,0.0
2024-09-27 11:10:00-04:00,79.91000366210938,79.91000366210938,79.80729675292969,79.81999969482422,8314,0.0,0.0,0.0
2024-09-27 11:15:00-04:00,79.82492065429688,79.83999633789062,79.82492065429688,79.83999633789062,2320,0.0,0.0,0.0
2024-09-27 11:20:00-04:00,79.93930053710938,79.93930053710938,79.87000274658203,79.87000274658203,439,0.0,0.0,0.0
2024-09-27 11:25:00-04:00,79.91999816894531,79.98999786376953,79.91999816894531,79.96959686279297,1504,0.0,0.0,0.0
2024-09-27 11:30:00-04:00,79.91999816894531,79.93990325927734,79.8550033569336,79.87999725341797,57265,0.0,0.0,0.0
2024-09-27 11:35:00-04:00,79.88999938964844,79.88999938964844,79.83000183105469,79.83000183105469,2921,0.0,0.0,0.0
2024-09-27 11:40:00-04:00,79.80999755859375,79.81999969482422,79.80999755859375,79.81009674072266,1143,0.0,0.0,0.0
2024-09-27 11:45:00-04:00,79.87000274658203,79.9000015258789,79.83999633789062,79.9000015258789,2086,0.0,0.0,0.0
2024-09-27 11:50:00-04:00,79.93000030517578,79.95999908447266,79.93000030517578,79.94999694824219,6202,0.0,0.0,0.0
2024-09-27 11:55:00-04:00,79.95999908447266,80.0,79.95069885253906,80.0,15932,0.0,0.0,0.0
2024-09-27 12:00:00-04:00,80.0,80.1050033569336,80.0,80.1050033569336,22486,0.0,0.0,0.0
2024-09-27 12:05:00-04:00,80.12999725341797,80.1500015258789,80.12030029296875,80.1500015258789,3480,0.0,0.0,0.0
2024-09-27 12:10:00-04:00,80.2229995727539,80.2229995727539,80.20999908447266,80.20999908447266,519,0.0,0.0,0.0
2024-09-27 12:15:00-04:00,80.26000213623047,80.26000213623047,80.19999694824219,80.22000122070312,2892,0.0,0.0,0.0
2024-09-27 12:20:00-04:00,80.24500274658203,80.2699966430664,80.20010375976562,80.20010375976562,1936,0.0,0.0,0.0
2024-09-27 12:25:00-04:00,80.33000183105469,80.33000183105469,80.2699966430664,80.2699966430664,4458,0.0,0.0,0.0
2024-09-27 12:30:00-04:00,80.16999816894531,80.2593002319336,80.16999816894531,80.2593002319336,3252,0.0,0.0,0.0
2024-09-27 12:35:00-04:00,80.25859832763672,80.26000213623047,80.23079681396484,80.26000213623047,3021,0.0,0.0,0.0
2024-09-27 12:40:00-04:00,80.30000305175781,80.32499694824219,80.2750015258789,80.32499694824219,1529,0.0,0.0,0.0
2024-09-27 12:45:00-04:00,80.33000183105469,80.33570098876953,80.27010345458984,80.27010345458984,3680,0.0,0.0,0.0
2024-09-27 12:50:00-04:00,80.27999877929688,80.27999877929688,80.22480010986328,80.22480010986328,1622,0.0,0.0,0.0
2024-09-27 12:55:00-04:00,80.2249984741211,80.26000213623047,80.2249984741211,80.26000213623047,2403,0.0,0.0,0.0
2024-09-27 13:00:00-04:00,80.2300033569336,80.23829650878906,80.1886978149414,80.1886978149414,1493,0.0,0.0,0.0
2024-09-27 13:05:00-04:00,80.1884994506836,80.2300033569336,80.1884994506836,80.2300033569336,1429,0.0,0.0,0.0
2024-09-27 13:10:00-04:00,80.19999694824219,80.2300033569336,80.19999694824219,80.2300033569336,608,0.0,0.0,0.0
2024-09-27 13:15:00-04:00,80.22989654541016,80.23999786376953,80.19999694824219,80.20999908447266,2480,0.0,0.0,0.0
2024-09-27 13:20:00-04:00,80.22000122070312,80.26000213623047,80.1906967163086,80.1906967163086,4709,0.0,0.0,0.0
2024-09-27 13:25:00-04:00,80.19999694824219,80.20999908447266,80.12999725341797,80.14610290527344,1890,0.0,0.0,0.0
2024-09-27 13:30:00-04:00,80.14080047607422,80.14939880371094,80.13999938964844,80.14939880371094,1012,0.0,0.0,0.0
2024-09-27 13:35:00-04:00,80.18499755859375,80.22000122070312,80.16000366210938,80.21520233154297,2970,0.0,0.0,0.0
2024-09-27 13:40:00-04:00,80.22000122070312,80.23999786376953,80.16519927978516,80.16519927978516,789,0.0,0.0,0.0
2024-09-27 13:45:00-04:00,80.197998046875,80.197998046875,80.1500015258789,80.15889739990234,1179,0.0,0.0,0.0
2024-09-27 13:50:00-04:00,80.12999725341797,80.12999725341797,80.11009979248047,80.12999725341797,4345,0.0,0.0,0.0
2024-09-27 13:55:00-04:00,80.0999984741211,80.11000061035156,80.08000183105469,80.08999633789062,3992,0.0,0.0,0.0
2024-09-27 14:00:00-04:00,80.1500015258789,80.16000366210938,80.1500015258789,80.16000366210938,547,0.0,0.0,0.0
2024-09-27 14:05:00-04:00,80.1686019897461,80.1686019897461,80.1052017211914,80.11499786376953,1795,0.0,0.0,0.0
2024-09-27 14:10:00-04:00,80.13999938964844,80.16000366210938,80.13999938964844,80.16000366210938,439,0.0,0.0,0.0
2024-09-27 14:15:00-04:00,80.1500015258789,80.19000244140625,80.13999938964844,80.18000030517578,7222,0.0,0.0,0.0
2024-09-27 14:20:00-04:00,80.19999694824219,80.19999694824219,80.19999694824219,80.19999694824219,371,0.0,0.0,0.0
2024-09-27 14:25:00-04:00,80.16999816894531,80.23989868164062,80.16999816894531,80.18099975585938,982,0.0,0.0,0.0
2024-09-27 14:30:00-04:00,80.21980285644531,80.21980285644531,80.1801986694336,80.2030029296875,1126,0.0,0.0,0.0
2024-09-27 14:35:00-04:00,80.19999694824219,80.21869659423828,80.19999694824219,80.21869659423828,1582,0.0,0.0,0.0
2024-09-27 14:40:00-04:00,80.19000244140625,80.19000244140625,80.16000366210938,80.16000366210938,7394,0.0,0.0,0.0
2024-09-27 14:45:00-04:00,80.16000366210938,80.16079711914062,80.12000274658203,80.12010192871094,2262,0.0,0.0,0.0
2024-09-27 14:50:00-04:00,80.12000274658203,80.12999725341797,80.05130004882812,80.05130004882812,1475,0.0,0.0,0.0
2024-09-27 14:55:00-04:00,80.11000061035156,80.1500015258789,80.11000061035156,80.1500015258789,1502,0.0,0.0,0.0
2024-09-27 15:00:00-04:00,80.12999725341797,80.12999725341797,80.08000183105469,80.08000183105469,1458,0.0,0.0,0.0
2024-09-27 15:05:00-04:00,80.08000183105469,80.10600280761719,80.05010223388672,80.10600280761719,6115,0.0,0.0,0.0
2024-09-27 15:10:00-04:00,80.13739776611328,80.16000366210938,80.13179779052734,80.13179779052734,2282,0.0,0.0,0.0
2024-09-27 15:15:00-04:00,80.12999725341797,80.13480377197266,80.0999984741211,80.13080596923828,1960,0.0,0.0,0.0
2024-09-27 15:20:00-04:00,80.12999725341797,80.16000366210938,80.12999725341797,80.13999938964844,1342,0.0,0.0,0.0
2024-09-27 15:25:00-04:00,80.13059997558594,80.13059997558594,80.0801010131836,80.11000061035156,9837,0.0,0.0,0.0
2024-09-27 15:30:00-04:00,80.08000183105469,80.11000061035156,80.08000183105469,80.11000061035156,3294,0.0,0.0,0.0
2024-09-27 15:35:00-04:00,80.0999984741211,80.11000061035156,80.05000305175781,80.05000305175781,9463,0.0,0.0,0.0
2024-09-27 15:40:00-04:00,80.0199966430664,80.02999877929688,79.98500061035156,79.98500061035156,9342,0.0,0.0,0.0
2024-09-27 15:45:00-04:00,80.00360107421875,80.01000213623047,79.9749984741211,79.9749984741211,4592,0.0,0.0,0.0
2024-09-27 15:50:00-04:00,79.9800033569336,79.98999786376953,79.93000030517578,79.93000030517578,7696,0.0,0.0,0.0
2024-09-27 15:55:00-04:00,79.94000244140625,80.08000183105469,79.83999633789062,80.08000183105469,13930,0.0,0.0,0.0
2024-09-30 09:30:00-04:00,80.26499938964844,80.33000183105469,80.22010040283203,80.2249984741211,28109,0.0,0.0,0.0
2024-09-30 09:35:00-04:00,80.24009704589844,80.25,80.16000366210938,80.16999816894531,17793,0.0,0.0,0.0
2024-09-30 09:40:00-04:00,80.11000061035156,80.11000061035156,80.01000213623047,80.01000213623047,8748,0.0,0.0,0.0
2024-09-30 09:45:00-04:00,80.0,80.0,79.9000015258789,79.99500274658203,15225,0.0,0.0,0.0
2024-09-30 09:50:00-04:00,80.04000091552734,80.25,80.04000091552734,80.19999694824219,7278,0.0,0.0,0.0
2024-09-30 09:55:00-04:00,80.22000122070312,80.2699966430664,80.19000244140625,80.25759887695312,3826,0.0,0.0,0.0
2024-09-30 10:00:00-04:00,80.19550323486328,80.23999786376953,80.19550323486328,80.23999786376953,979,0.0,0.0,0.0
2024-09-30 10:05:00-04:00,80.25669860839844,80.25669860839844,80.17179870605469,80.17179870605469,2125,0.0,0.0,0.0
2024-09-30 10:10:00-04:00,80.16000366210938,80.25499725341797,80.16000366210938,80.25499725341797,4191,0.0,0.0,0.0
2024-09-30 10:15:00-04:00,80.20999908447266,80.2249984741211,80.09970092773438,80.13999938964844,3027,0.0,0.0,0.0
2024-09-30 10:20:00-04:00,80.1500015258789,80.16000366210938,80.12000274658203,80.1500015258789,4459,0.0,0.0,0.0
2024-09-30 10:25:00-04:00,80.1500015258789,80.2300033569336,80.12149810791016,80.12149810791016,4759,0.0,0.0,0.0
2024-09-30 10:30:00-04:00,80.19000244140625,80.25,80.18990325927734,80.24500274658203,1297,0.0,0.0,0.0
2024-09-30 10:35:00-04:00,80.19000244140625,80.28500366210938,80.18009948730469,80.25,7632,0.0,0.0,0.0
2024-09-30 10:40:00-04:00,80.19000244140625,80.19000244140625,80.02999877929688,80.05999755859375,44326,0.0,0.0,0.0
2024-09-30 10:45:00-04:00,80.04000091552734,80.05999755859375,79.9000015258789,79.91000366210938,16525,0.0,0.0,0.0
2024-09-30 10:50:00-04:00,79.91000366210938,79.91000366210938,79.86039733886719,79.91000366210938,5481,0.0,0.0,0.0
2024-09-30 10:55:00-04:00,79.9000015258789,79.91999816894531,79.8499984741211,79.8499984741211,4213,0.0,0.0,0.0
2024-09-30 11:00:00-04:00,79.8499984741211,79.91999816894531,79.8499984741211,79.88999938964844,6426,0.0,0.0,0.0
2024-09-30 11:05:00-04:00,79.8656005859375,79.8656005859375,79.75499725341797,79.75499725341797,7299,0.0,0.0,0.0
2024-09-30 11:10:00-04:00,79.75,79.76000213623047,79.72599792480469,79.76000213623047,2983,0.0,0.0,0.0
2024-09-30 11:15:00-04:00,79.81999969482422,79.85469818115234,79.73999786376953,79.73999786376953,4256,0.0,0.0,0.0
2024-09-30 11:20:00-04:00,79.7300033569336,79.82499694824219,79.7300033569336,79.80000305175781,8330,0.0,0.0,0.0
2024-09-30 11:25:00-04:00,79.82060241699219,79.82060241699219,79.75,79.78720092773438,7035,0.0,0.0,0.0
2024-09-30 11:30:00-04:00,79.73999786376953,79.81079864501953,79.61009979248047,79.68000030517578,19502,0.0,0.0,0.0
2024-09-30 11:35:00-04:00,79.6458969116211,79.69999694824219,79.62999725341797,79.65550231933594,14057,0.0,0.0,0.0
2024-09-30 11:40:00-04:00,79.6500015258789,79.6500015258789,79.55650329589844,79.55650329589844,6921,0.0,0.0,0.0
2024-09-30 11:45:00-04:00,79.55999755859375,79.62999725341797,79.54850006103516,79.5988998413086,7678,0.0,0.0,0.0
2024-09-30 11:50:00-04:00,79.6500015258789,79.72429656982422,79.6500015258789,79.65010070800781,3116,0.0,0.0,0.0
2024-09-30 11:55:00-04:00,79.67500305175781,79.70999908447266,79.67500305175781,79.69999694824219,3802,0.0,0.0,0.0
2024-09-30 12:00:00-04:00,79.73999786376953,79.75,79.73999786376953,79.75,1165,0.0,0.0,0.0
2024-09-30 12:05:00-04:00,79.79679870605469,79.81999969482422,79.76010131835938,79.77539825439453,5371,0.0,0.0,0.0
2024-09-30 12:10:00-04:00,79.77999877929688,79.79000091552734,79.73470306396484,79.77999877929688,3040,0.0,0.0,0.0
2024-09-30 12:15:00-04:00,79.80999755859375,79.88330078125,79.80000305175781,79.83000183105469,1971,0.0,0.0,0.0
2024-09-30 12:20:00-04:00,79.80999755859375,79.8501968383789,79.77010345458984,79.8501968383789,12956,0.0,0.0,0.0
2024-09-30 12:25:00-04:00,79.87999725341797,79.9000015258789,79.87999725341797,79.87999725341797,1713,0.0,0.0,0.0
2024-09-30 12:30:00-04:00,79.91000366210938,79.98989868164062,79.91000366210938,79.95500183105469,1867,0.0,0.0,0.0
2024-09-30 12:35:00-04:00,79.98899841308594,79.98899841308594,79.89009857177734,79.93000030517578,2752,0.0,0.0,0.0
2024-09-30 12:40:00-04:00,79.9010009765625,79.94989776611328,79.88999938964844,79.92990112304688,1852,0.0,0.0,0.0
2024-09-30 12:45:00-04:00,79.91000366210938,79.91000366210938,79.87000274658203,79.88520050048828,1734,0.0,0.0,0.0
2024-09-30 12:50:00-04:00,79.91999816894531,80.02989959716797,79.89029693603516,79.94999694824219,5995,0.0,0.0,0.0
2024-09-30 12:55:00-04:00,79.93419647216797,79.9800033569336,79.93419647216797,79.9800033569336,1191,0.0,0.0,0.0
2024-09-30 13:00:00-04:00,79.93360137939453,79.94000244140625,79.87010192871094,79.94000244140625,1383,0.0,0.0,0.0
2024-09-30 13:05:00-04:00,79.868896484375,79.91000366210938,79.8499984741211,79.87429809570312,4017,0.0,0.0,0.0
2024-09-30 13:10:00-04:00,79.9000015258789,79.95999908447266,79.9000015258789,79.94000244140625,5174,0.0,0.0,0.0
2024-09-30 13:15:00-04:00,79.93000030517578,79.94000244140625,79.93000030517578,79.93499755859375,1845,0.0,0.0,0.0
2024-09-30 13:20:00-04:00,79.9000015258789,79.96499633789062,79.9000015258789,79.96499633789062,849,0.0,0.0,0.0
2024-09-30 13:25:00-04:00,79.90879821777344,80.0010986328125,79.90879821777344,80.0010986328125,2197,0.0,0.0,0.0
2024-09-30 13:30:00-04:00,79.9800033569336,79.9800033569336,79.96499633789062,79.97039794921875,1955,0.0,0.0,0.0
2024-09-30 13:35:00-04:00,79.95999908447266,80.01899719238281,79.93340301513672,80.01899719238281,2299,0.0,0.0,0.0
2024-09-30 13:40:00-04:00,79.97010040283203,80.01920318603516,79.93499755859375,79.93499755859375,2432,0.0,0.0,0.0
2024-09-30 13:45:00-04:00,79.92569732666016,79.94999694824219,79.9000015258789,79.91999816894531,1000,0.0,0.0,0.0
2024-09-30 13:50:00-04:00,79.94999694824219,79.94999694824219,79.9000015258789,79.9000015258789,1076,0.0,0.0,0.0
2024-09-30 13:55:00-04:00,79.93000030517578,80.01000213623047,79.79010009765625,79.86000061035156,9106,0.0,0.0,0.0
2024-09-30 14:00:00-04:00,79.86000061035156,79.86000061035156,79.80999755859375,79.80999755859375,851,0.0,0.0,0.0
2024-09-30 14:05:00-04:00,79.92500305175781,79.92500305175781,79.71099853515625,79.77999877929688,2632,0.0,0.0,0.0
2024-09-30 14:10:00-04:00,79.68499755859375,79.68499755859375,79.55000305175781,79.62989807128906,9100,0.0,0.0,0.0
2024-09-30 14:15:00-04:00,79.55999755859375,79.61949920654297,79.5199966430664,79.57499694824219,7847,0.0,0.0,0.0
2024-09-30 14:20:00-04:00,79.56999969482422,79.62000274658203,79.5199966430664,79.5999984741211,9924,0.0,0.0,0.0
2024-09-30 14:25:00-04:00,79.55120086669922,79.62000274658203,79.45999908447266,79.45999908447266,19450,0.0,0.0,0.0
2024-09-30 14:30:00-04:00,79.51000213623047,79.55999755859375,79.4801025390625,79.55000305175781,11045,0.0,0.0,0.0
2024-09-30 14:35:00-04:00,79.5,79.5999984741211,79.44999694824219,79.56500244140625,23344,0.0,0.0,0.0
2024-09-30 14:40:00-04:00,79.58999633789062,79.66519927978516,79.56999969482422,79.65499877929688,14021,0.0,0.0,0.0
2024-09-30 14:45:00-04:00,79.65499877929688,79.73999786376953,79.56999969482422,79.61000061035156,34586,0.0,0.0,0.0
2024-09-30 14:50:00-04:00,79.625,79.63999938964844,79.54000091552734,79.62000274658203,12443,0.0,0.0,0.0
2024-09-30 14:55:00-04:00,79.61000061035156,79.62000274658203,79.5,79.54000091552734,8709,0.0,0.0,0.0
2024-09-30 15:00:00-04:00,79.62999725341797,79.62999725341797,79.54000091552734,79.62999725341797,10406,0.0,0.0,0.0
2024-09-30 15:05:00-04:00,79.62999725341797,79.68000030517578,79.62999725341797,79.6500015258789,11706,0.0,0.0,0.0
2024-09-30 15:10:00-04:00,79.62000274658203,79.63999938964844,79.5250015258789,79.55999755859375,19308,0.0,0.0,0.0
2024-09-30 15:15:00-04:00,79.55999755859375,79.5999984741211,79.47010040283203,79.5199966430664,19810,0.0,0.0,0.0
2024-09-30 15:20:00-04:00,79.5199966430664,79.61000061035156,79.51950073242188,79.61000061035156,14374,0.0,0.0,0.0
2024-09-30 15:25:00-04:00,79.61000061035156,79.61499786376953,79.52570343017578,79.55999755859375,12767,0.0,0.0,0.0
2024-09-30 15:30:00-04:00,79.5199966430664,79.55000305175781,79.47360229492188,79.49500274658203,15340,0.0,0.0,0.0
2024-09-30 15:35:00-04:00,79.48999786376953,79.56999969482422,79.45999908447266,79.55000305175781,16435,0.0,0.0,0.0
2024-09-30 15:40:00-04:00,79.55000305175781,79.58000183105469,79.52999877929688,79.56999969482422,18977,0.0,0.0,0.0
2024-09-30 15:45:00-04:00,79.58000183105469,79.58999633789062,79.52999877929688,79.52999877929688,6533,0.0,0.0,0.0
2024-09-30 15:50:00-04:00,79.5199966430664,79.5999984741211,79.51000213623047,79.5999984741211,16192,0.0,0.0,0.0
2024-09-30 15:55:00-04:00,79.5999984741211,79.77899932861328,79.58999633789062,79.68000030517578,14291,0.0,0.0,0.0
2024-10-01 09:30:00-04:00,80.08000183105469,80.39790344238281,80.0270004272461,80.39790344238281,73262,0.0,0.0,0.0
2024-10-01 09:35:00-04:00,80.37000274658203,80.5,80.37000274658203,80.40010070800781,38068,0.0,0.0,0.0
2024-10-01 09:40:00-04:00,80.44999694824219,80.5199966430664,80.39330291748047,80.43000030517578,20665,0.0,0.0,0.0
2024-10-01 09:45:00-04:00,80.44000244140625,80.45999908447266,80.26519775390625,80.4000015258789,11903,0.0,0.0,0.0
2024-10-01 09:50:00-04:00,80.38500213623047,80.43000030517578,80.31999969482422,80.33000183105469,5303,0.0,0.0,0.0
2024-10-01 09:55:00-04:00,80.3479995727539,80.44000244140625,80.33000183105469,80.44000244140625,9234,0.0,0.0,0.0
2024-10-01 10:00:00-04:00,80.4000015258789,80.67440032958984,80.11000061035156,80.4800033569336,21460,0.0,0.0,0.0
2024-10-01 10:05:00-04:00,80.41000366210938,80.61499786376953,80.37000274658203,80.56199645996094,12537,0.0,0.0,0.0
2024-10-01 10:10:00-04:00,80.53260040283203,80.60890197753906,80.45999908447266,80.47000122070312,7137,0.0,0.0,0.0
2024-10-01 10:15:00-04:00,80.5,80.55000305175781,80.48999786376953,80.48999786376953,2917,0.0,0.0,0.0
2024-10-01 10:20:00-04:00,80.41999816894531,80.41999816894531,80.2699966430664,80.2699966430664,10281,0.0,0.0,0.0
2024-10-01 10:25:00-04:00,80.27239990234375,80.41059875488281,80.27239990234375,80.41059875488281,1937,0.0,0.0,0.0
2024-10-01 10:30:00-04:00,80.43000030517578,80.43499755859375,80.2699966430664,80.2699966430664,4923,0.0,0.0,0.0
2024-10-01 10:35:00-04:00,80.2699966430664,80.28730010986328,80.18000030517578,80.18000030517578,2791,0.0,0.0,0.0
2024-10-01 10:40:00-04:00,80.13999938964844,80.25,80.12010192871094,80.22000122070312,18516,0.0,0.0,0.0
2024-10-01 10:45:00-04:00,80.21009826660156,80.25,80.21009826660156,80.25,3321,0.0,0.0,0.0
2024-10-01 10:50:00-04:00,80.28910064697266,80.28910064697266,80.21150207519531,80.23799896240234,2582,0.0,0.0,0.0
2024-10-01 10:55:00-04:00,80.20999908447266,80.2300033569336,80.14070129394531,80.16000366210938,1557,0.0,0.0,0.0
2024-10-01 11:00:00-04:00,80.18000030517578,80.18000030517578,80.12000274658203,80.12000274658203,2184,0.0,0.0,0.0
2024-10-01 11:05:00-04:00,80.08999633789062,80.13980102539062,80.05000305175781,80.12200164794922,4198,0.0,0.0,0.0
2024-10-01 11:10:00-04:00,80.06230163574219,80.0999984741211,80.06230163574219,80.0999984741211,491,0.0,0.0,0.0
2024-10-01 11:15:00-04:00,80.1500015258789,80.1500015258789,80.11000061035156,80.13999938964844,1674,0.0,0.0,0.0
2024-10-01 11:20:00-04:00,80.16560363769531,80.16999816894531,80.12000274658203,80.16999816894531,1543,0.0,0.0,0.0
2024-10-01 11:25:00-04:00,80.05999755859375,80.05999755859375,80.00499725341797,80.05999755859375,4770,0.0,0.0,0.0
2024-10-01 11:30:00-04:00,80.0,80.0,79.90910339355469,79.94999694824219,2555,0.0,0.0,0.0
2024-10-01 11:35:00-04:00,79.94999694824219,79.94999694824219,79.87000274658203,79.87000274658203,1710,0.0,0.0,0.0
2024-10-01 11:40:00-04:00,79.86000061035156,79.87000274658203,79.83100128173828,79.83100128173828,548,0.0,0.0,0.0
2024-10-01 11:45:00-04:00,79.87999725341797,79.93000030517578,79.87999725341797,79.91999816894531,2986,0.0,0.0,0.0
2024-10-01 11:50:00-04:00,79.94999694824219,79.94999694824219,79.88999938964844,79.90499877929688,3174,0.0,0.0,0.0
2024-10-01 11:55:00-04:00,79.94319915771484,80.0,79.94319915771484,80.0,1498,0.0,0.0,0.0
2024-10-01 12:00:00-04:00,80.05000305175781,80.05000305175781,80.0000991821289,80.0000991821289,123893,0.0,0.0,0.0
2024-10-01 12:05:00-04:00,80.0199966430664,80.0999984741211,80.0199966430664,80.0999984741211,10074,0.0,0.0,0.0
2024-10-01 12:10:00-04:00,80.0999984741211,80.13999938964844,80.07499694824219,80.11009979248047,3621,0.0,0.0,0.0
2024-10-01 12:15:00-04:00,80.15499877929688,80.15499877929688,80.12999725341797,80.12999725341797,719,0.0,0.0,0.0
2024-10-01 12:20:00-04:00,80.17500305175781,80.20999908447266,80.1500015258789,80.1500015258789,1791,0.0,0.0,0.0
2024-10-01 12:25:00-04:00,80.20099639892578,80.20999908447266,80.18099975585938,80.20999908447266,2911,0.0,0.0,0.0
2024-10-01 12:30:00-04:00,80.23999786376953,80.2699966430664,80.19000244140625,80.19000244140625,1533,0.0,0.0,0.0
2024-10-01 12:35:00-04:00,80.20500183105469,80.20999908447266,80.20500183105469,80.20999908447266,795,0.0,0.0,0.0
2024-10-01 12:40:00-04:00,80.23999786376953,80.27989959716797,80.2042007446289,80.27349853515625,8378,0.0,0.0,0.0
2024-10-01 12:45:00-04:00,80.2957992553711,80.30000305175781,80.22000122070312,80.22000122070312,1716,0.0,0.0,0.0
2024-10-01 12:50:00-04:00,80.22000122070312,80.23999786376953,80.22000122070312,80.23999786376953,1408,0.0,0.0,0.0
2024-10-01 12:55:00-04:00,80.1500015258789,80.20999908447266,80.08499908447266,80.08499908447266,2484,0.0,0.0,0.0
2024-10-01 13:00:00-04:00,80.05000305175781,80.21690368652344,80.02690124511719,80.21690368652344,8791,0.0,0.0,0.0
2024-10-01 13:05:00-04:00,80.19999694824219,80.19999694824219,80.13999938964844,80.13999938964844,3432,0.0,0.0,0.0
2024-10-01 13:10:00-04:00,80.12999725341797,80.15499877929688,80.10099792480469,80.1082992553711,2333,0.0,0.0,0.0
2024-10-01 13:15:00-04:00,80.16999816894531,80.21499633789062,80.15699768066406,80.1781005859375,3218,0.0,0.0,0.0
2024-10-01 13:20:00-04:00,80.19499969482422,80.19499969482422,80.1343002319336,80.16000366210938,2864,0.0,0.0,0.0
2024-10-01 13:25:00-04:00,80.13700103759766,80.13700103759766,80.0,80.0,8447,0.0,0.0,0.0
2024-10-01 13:30:00-04:00,80.04000091552734,80.06999969482422,79.9000015258789,79.91999816894531,3312,0.0,0.0,0.0
2024-10-01 13:35:00-04:00,79.95500183105469,80.02490234375,79.95500183105469,80.02490234375,1435,0.0,0.0,0.0
2024-10-01 13:40:00-04:00,79.91000366210938,79.96600341796875,79.91000366210938,79.91000366210938,1099,0.0,0.0,0.0
2024-10-01 13:45:00-04:00,79.86000061035156,79.87000274658203,79.77999877929688,79.79100036621094,40996,0.0,0.0,0.0
2024-10-01 13:50:00-04:00,79.79100036621094,79.83999633789062,79.7699966430664,79.79000091552734,9875,0.0,0.0,0.0
2024-10-01 13:55:00-04:00,79.7300033569336,79.73999786376953,79.6500015258789,79.69000244140625,4475,0.0,0.0,0.0
2024-10-01 14:00:00-04:00,79.70999908447266,79.72000122070312,79.69000244140625,79.69000244140625,2019,0.0,0.0,0.0
2024-10-01 14:05:00-04:00,79.70999908447266,79.72000122070312,79.62000274658203,79.62000274658203,19111,0.0,0.0,0.0
2024-10-01 14:10:00-04:00,79.62000274658203,79.64579772949219,79.55000305175781,79.5999984741211,9859,0.0,0.0,0.0
2024-10-01 14:15:00-04:00,79.5999984741211,79.5999984741211,79.55999755859375,79.55999755859375,2300,0.0,0.0,0.0
2024-10-01 14:20:00-04:00,79.55999755859375,79.5999984741211,79.55999755859375,79.58999633789062,2560,0.0,0.0,0.0
2024-10-01 14:25:00-04:00,79.58999633789062,79.68000030517578,79.57150268554688,79.68000030517578,3762,0.0,0.0,0.0
2024-10-01 14:30:00-04:00,79.70999908447266,79.7499008178711,79.6500015258789,79.69999694824219,3352,0.0,0.0,0.0
2024-10-01 14:35:00-04:00,79.69999694824219,79.74939727783203,79.69000244140625,79.69000244140625,4211,0.0,0.0,0.0
2024-10-01 14:40:00-04:00,79.69000244140625,79.75,79.6500015258789,79.66000366210938,8976,0.0,0.0,0.0
2024-10-01 14:45:00-04:00,79.66000366210938,79.68499755859375,79.58999633789062,79.68000030517578,7194,0.0,0.0,0.0
2024-10-01 14:50:00-04:00,79.6875991821289,79.72989654541016,79.66000366210938,79.66490173339844,7511,0.0,0.0,0.0
2024-10-01 14:55:00-04:00,79.66000366210938,79.70999908447266,79.61000061035156,79.69400024414062,11051,0.0,0.0,0.0
2024-10-01 15:00:00-04:00,79.68000030517578,79.78399658203125,79.68000030517578,79.7300033569336,3090,0.0,0.0,0.0
2024-10-01 15:05:00-04:00,79.77999877929688,79.77999877929688,79.68000030517578,79.69999694824219,4473,0.0,0.0,0.0
2024-10-01 15:10:00-04:00,79.70999908447266,79.7300033569336,79.69000244140625,79.70999908447266,2654,0.0,0.0,0.0
2024-10-01 15:15:00-04:00,79.72000122070312,79.7499008178711,79.70999908447266,79.70999908447266,3031,0.0,0.0,0.0
2024-10-01 15:20:00-04:00,79.69999694824219,79.70999908447266,79.63999938964844,79.6500015258789,3607,0.0,0.0,0.0
2024-10-01 15:25:00-04:00,79.6500015258789,79.73500061035156,79.6500015258789,79.7300033569336,6233,0.0,0.0,0.0
2024-10-01 15:30:00-04:00,79.7300033569336,79.76300048828125,79.67379760742188,79.73799896240234,8649,0.0,0.0,0.0
2024-10-01 15:35:00-04:00,79.70999908447266,79.76000213623047,79.69999694824219,79.7300033569336,46975,0.0,0.0,0.0
2024-10-01 15:40:00-04:00,79.72000122070312,79.7300033569336,79.66459655761719,79.66999816894531,10095,0.0,0.0,0.0
2024-10-01 15:45:00-04:00,79.7300033569336,79.7300033569336,79.66000366210938,79.68000030517578,8130,0.0,0.0,0.0
2024-10-01 15:50:00-04:00,79.68000030517578,79.7300033569336,79.62999725341797,79.66000366210938,15742,0.0,0.0,0.0
2024-10-01 15:55:00-04:00,79.66000366210938,79.7699966430664,79.58000183105469,79.66999816894531,44764,0.0,0.0,0.0
2024-10-02 09:30:00-04:00,78.31999969482422,78.3499984741211,78.12000274658203,78.1449966430664,360167,0.0,0.0,0.0
2024-10-02 09:35:00-04:00,78.12999725341797,78.18000030517578,77.98999786376953,78.1500015258789,37521,0.0,0.0,0.0
2024-10-02 09:40:00-04:00,78.14469909667969,78.30000305175781,78.14469909667969,78.30000305175781,12924,0.0,0.0,0.0
2024-10-02 09:45:00-04:00,78.27999877929688,78.32990264892578,78.19999694824219,78.20999908447266,25392,0.0,0.0,0.0
2024-10-02 09:50:00-04:00,78.23999786376953,78.26000213623047,78.20999908447266,78.24330139160156,15993,0.0,0.0,0.0
2024-10-02 09:55:00-04:00,78.25,78.25,78.08000183105469,78.1500015258789,27517,0.0,0.0,0.0
2024-10-02 10:00:00-04:00,78.1500015258789,78.19000244140625,78.12259674072266,78.16000366210938,16469,0.0,0.0,0.0
2024-10-02 10:05:00-04:00,78.19000244140625,78.30899810791016,78.19000244140625,78.30000305175781,19606,0.0,0.0,0.0
2024-10-02 10:10:00-04:00,78.2964096069336,78.31999969482422,78.2699966430664,78.31999969482422,15314,0.0,0.0,0.0
2024-10-02 10:15:00-04:00,78.27999877929688,78.33999633789062,78.20999908447266,78.20999908447266,35420,0.0,0.0,0.0
2024-10-02 10:20:00-04:00,78.20999908447266,78.29000091552734,78.19999694824219,78.27999877929688,6793,0.0,0.0,0.0
2024-10-02 10:25:00-04:00,78.30989837646484,78.30999755859375,78.2300033569336,78.23999786376953,12370,0.0,0.0,0.0
2024-10-02 10:30:00-04:00,78.24500274658203,78.29830169677734,78.16000366210938,78.16999816894531,6520,0.0,0.0,0.0
2024-10-02 10:35:00-04:00,78.20999908447266,78.2300033569336,78.16000366210938,78.16000366210938,5585,0.0,0.0,0.0
2024-10-02 10:40:00-04:00,78.16000366210938,78.19989776611328,78.12000274658203,78.12999725341797,5899,0.0,0.0,0.0
2024-10-02 10:45:00-04:00,78.12999725341797,78.16000366210938,78.12999725341797,78.13999938964844,5495,0.0,0.0,0.0
2024-10-02 10:50:00-04:00,78.1449966430664,78.18000030517578,78.0801010131836,78.1500015258789,10040,0.0,0.0,0.0
2024-10-02 10:55:00-04:00,78.16000366210938,78.19000244140625,78.12000274658203,78.18000030517578,9273,0.0,0.0,0.0
2024-10-02 11:00:00-04:00,78.22000122070312,78.26000213623047,78.19999694824219,78.26000213623047,34429,0.0,0.0,0.0
2024-10-02 11:05:00-04:00,78.25,78.3499984741211,78.2300033569336,78.3499984741211,6789,0.0,0.0,0.0
2024-10-02 11:10:00-04:00,78.3499984741211,78.39610290527344,78.30999755859375,78.30999755859375,4204,0.0,0.0,0.0
2024-10-02 11:15:00-04:00,78.30000305175781,78.45999908447266,78.2699966430664,78.44999694824219,12774,0.0,0.0,0.0
2024-10-02 11:20:00-04:00,78.47000122070312,78.48999786376953,78.4000015258789,78.4000015258789,6681,0.0,0.0,0.0
2024-10-02 11:25:00-04:00,78.38999938964844,78.43499755859375,78.38999938964844,78.41000366210938,3191,0.0,0.0,0.0
2024-10-02 11:30:00-04:00,78.41999816894531,78.45500183105469,78.4000015258789,78.45500183105469,4037,0.0,0.0,0.0
2024-10-02 11:35:00-04:00,78.47000122070312,78.51000213623047,78.44999694824219,78.51000213623047,3538,0.0,0.0,0.0
2024-10-02 11:40:00-04:00,78.5,78.51000213623047,78.44999694824219,78.4800033569336,4573,0.0,0.0,0.0
2024-10-02 11:45:00-04:00,78.5,78.53730010986328,78.48999786376953,78.52999877929688,6975,0.0,0.0,0.0
2024-10-02 11:50:00-04:00,78.52999877929688,78.66000366210938,78.5009994506836,78.55999755859375,11542,0.0,0.0,0.0
2024-10-02 11:55:00-04:00,78.58760070800781,78.69000244140625,78.58000183105469,78.68000030517578,15265,0.0,0.0,0.0
2024-10-02 12:00:00-04:00,78.66999816894531,78.66999816894531,78.61000061035156,78.62999725341797,3490,0.0,0.0,0.0
2024-10-02 12:05:00-04:00,78.66649627685547,78.68099975585938,78.62999725341797,78.63999938964844,8861,0.0,0.0,0.0
2024-10-02 12:10:00-04:00,78.63999938964844,78.6500015258789,78.5999984741211,78.5999984741211,6832,0.0,0.0,0.0
2024-10-02 12:15:00-04:00,78.58000183105469,78.62999725341797,78.58000183105469,78.62999725341797,3130,0.0,0.0,0.0
2024-10-02 12:20:00-04:00,78.62000274658203,78.62999725341797,78.61000061035156,78.62439727783203,4717,0.0,0.0,0.0
2024-10-02 12:25:00-04:00,78.62999725341797,78.67520141601562,78.61000061035156,78.61000061035156,3675,0.0,0.0,0.0
2024-10-02 12:30:00-04:00,78.55999755859375,78.62000274658203,78.55999755859375,78.6050033569336,9725,0.0,0.0,0.0
2024-10-02 12:35:00-04:00,78.6050033569336,78.62899780273438,78.55000305175781,78.55000305175781,6154,0.0,0.0,0.0
2024-10-02 12:40:00-04:00,78.55950164794922,78.55950164794922,78.4800033569336,78.48999786376953,2976,0.0,0.0,0.0
2024-10-02 12:45:00-04:00,78.51000213623047,78.52999877929688,78.51000213623047,78.52999877929688,1698,0.0,0.0,0.0
2024-10-02 12:50:00-04:00,78.51000213623047,78.54000091552734,78.5,78.5,1755,0.0,0.0,0.0
2024-10-02 12:55:00-04:00,78.51000213623047,78.55000305175781,78.4800033569336,78.55000305175781,2516,0.0,0.0,0.0
2024-10-02 13:00:00-04:00,78.58499908447266,78.61000061035156,78.55999755859375,78.61000061035156,2570,0.0,0.0,0.0
2024-10-02 13:05:00-04:00,78.5999984741211,78.61000061035156,78.58999633789062,78.58999633789062,1937,0.0,0.0,0.0
2024-10-02 13:10:00-04:00,78.56099700927734,78.56099700927734,78.52999877929688,78.52999877929688,1766,0.0,0.0,0.0
2024-10-02 13:15:00-04:00,78.55000305175781,78.55000305175781,78.5,78.52999877929688,2891,0.0,0.0,0.0
2024-10-02 13:20:00-04:00,78.5,78.51499938964844,78.48999786376953,78.48999786376953,5573,0.0,0.0,0.0
2024-10-02 13:25:00-04:00,78.5199966430664,78.58000183105469,78.48100280761719,78.58000183105469,1927,0.0,0.0,0.0
2024-10-02 13:30:00-04:00,78.55999755859375,78.58999633789062,78.54000091552734,78.58000183105469,3458,0.0,0.0,0.0
2024-10-02 13:35:00-04:00,78.55000305175781,78.5999984741211,78.54000091552734,78.5999984741211,3124,0.0,0.0,0.0
2024-10-02 13:40:00-04:00,78.625,78.625,78.56999969482422,78.5885009765625,1478,0.0,0.0,0.0
2024-10-02 13:45:00-04:00,78.62999725341797,78.66000366210938,78.62999725341797,78.63999938964844,2339,0.0,0.0,0.0
2024-10-02 13:50:00-04:00,78.66000366210938,78.72000122070312,78.66000366210938,78.72000122070312,2015,0.0,0.0,0.0
2024-10-02 13:55:00-04:00,78.76499938964844,78.76499938964844,78.7229995727539,78.7300033569336,5508,0.0,0.0,0.0
2024-10-02 14:00:00-04:00,78.68000030517578,78.70439910888672,78.65579986572266,78.69000244140625,3343,0.0,0.0,0.0
2024-10-02 14:05:00-04:00,78.66000366210938,78.70999908447266,78.66000366210938,78.70999908447266,2416,0.0,0.0,0.0
2024-10-02 14:10:00-04:00,78.70999908447266,78.7699966430664,78.70999908447266,78.76000213623047,32622,0.0,0.0,0.0
2024-10-02 14:15:00-04:00,78.76000213623047,78.76000213623047,78.70999908447266,78.70999908447266,2573,0.0,0.0,0.0
2024-10-02 14:20:00-04:00,78.69000244140625,78.73049926757812,78.66999816894531,78.73049926757812,3072,0.0,0.0,0.0
2024-10-02 14:25:00-04:00,78.69000244140625,78.69000244140625,78.66999816894531,78.68000030517578,1676,0.0,0.0,0.0
2024-10-02 14:30:00-04:00,78.68000030517578,78.68499755859375,78.63999938964844,78.63999938964844,3054,0.0,0.0,0.0
2024-10-02 14:35:00-04:00,78.65499877929688,78.66999816894531,78.6500015258789,78.66999816894531,3542,0.0,0.0,0.0
2024-10-02 14:40:00-04:00,78.66000366210938,78.67729949951172,78.66000366210938,78.66999816894531,2075,0.0,0.0,0.0
2024-10-02 14:45:00-04:00,78.66999816894531,78.67880249023438,78.62000274658203,78.62000274658203,7242,0.0,0.0,0.0
2024-10-02 14:50:00-04:00,78.62999725341797,78.66999816894531,78.62999725341797,78.6500015258789,9730,0.0,0.0,0.0
2024-10-02 14:55:00-04:00,78.66999816894531,78.68000030517578,78.66000366210938,78.68000030517578,2033,0.0,0.0,0.0
2024-10-02 15:00:00-04:00,78.70999908447266,78.75,78.69560241699219,78.7300033569336,16115,0.0,0.0,0.0
2024-10-02 15:05:00-04:00,78.70999908447266,78.7300033569336,78.681396484375,78.69059753417969,6569,0.0,0.0,0.0
2024-10-02 15:10:00-04:00,78.69999694824219,78.70999908447266,78.66999816894531,78.69999694824219,13322,0.0,0.0,0.0
2024-10-02 15:15:00-04:00,78.69999694824219,78.7300033569336,78.69999694824219,78.69999694824219,4776,0.0,0.0,0.0
2024-10-02 15:20:00-04:00,78.70999908447266,78.72989654541016,78.66999816894531,78.66999816894531,7542,0.0,0.0,0.0
2024-10-02 15:25:00-04:00,78.66999816894531,78.66999816894531,78.62000274658203,78.63200378417969,5935,0.0,0.0,0.0
2024-10-02 15:30:00-04:00,78.62000274658203,78.62000274658203,78.58999633789062,78.62000274658203,15218,0.0,0.0,0.0
2024-10-02 15:35:00-04:00,78.5999984741211,78.62000274658203,78.56999969482422,78.5999984741211,7831,0.0,0.0,0.0
2024-10-02 15:40:00-04:00,78.58999633789062,78.63999938964844,78.58999633789062,78.5999984741211,3436,0.0,0.0,0.0
2024-10-02 15:45:00-04:00,78.5999984741211,78.61489868164062,78.55130004882812,78.61489868164062,4176,0.0,0.0,0.0
2024-10-02 15:50:00-04:00,78.59100341796875,78.62000274658203,78.58000183105469,78.597900390625,11567,0.0,0.0,0.0
2024-10-02 15:55:00-04:00,78.5999984741211,78.7300033569336,78.58499908447266,78.66000366210938,46546,0.0,0.0,0.0
2024-10-03 09:30:00-04:00,78.44999694824219,78.46499633789062,78.25,78.46499633789062,58022,0.0,0.0,0.0
2024-10-03 09:35:00-04:00,78.40180206298828,78.51000213623047,78.40180206298828,78.51000213623047,4176,0.0,0.0,0.0
2024-10-03 09:40:00-04:00,78.53399658203125,78.53399658203125,78.45999908447266,78.4906997680664,2773,0.0,0.0,0.0
2024-10-03 09:45:00-04:00,78.45999908447266,78.55000305175781,78.44999694824219,78.55000305175781,7700,0.0,0.0,0.0
2024-10-03 09:50:00-04:00,78.5199966430664,78.56999969482422,78.37999725341797,78.4000015258789,225246,0.0,0.0,0.0
2024-10-03 09:55:00-04:00,78.41000366210938,78.41000366210938,78.33999633789062,78.36000061035156,111606,0.0,0.0,0.0
2024-10-03 10:00:00-04:00,78.3499984741211,78.3499984741211,78.0,78.19000244140625,18099,0.0,0.0,0.0
2024-10-03 10:05:00-04:00,78.18000030517578,78.22000122070312,78.1500015258789,78.16999816894531,7663,0.0,0.0,0.0
2024-10-03 10:10:00-04:00,78.14869689941406,78.41999816894531,78.12000274658203,78.2300033569336,45051,0.0,0.0,0.0
2024-10-03 10:15:00-04:00,78.26000213623047,78.32710266113281,78.12000274658203,78.12000274658203,26004,0.0,0.0,0.0
2024-10-03 10:20:00-04:00,78.1449966430664,78.27999877929688,78.1449966430664,78.2300033569336,8336,0.0,0.0,0.0
2024-10-03 10:25:00-04:00,78.16500091552734,78.25,78.12999725341797,78.19999694824219,14040,0.0,0.0,0.0
2024-10-03 10:30:00-04:00,78.19000244140625,78.19000244140625,78.12000274658203,78.12000274658203,6968,0.0,0.0,0.0
2024-10-03 10:35:00-04:00,78.11000061035156,78.12000274658203,78.0000991821289,78.02999877929688,11008,0.0,0.0,0.0
2024-10-03 10:40:00-04:00,78.01000213623047,78.04000091552734,77.90010070800781,77.91000366210938,20078,0.0,0.0,0.0
2024-10-03 10:45:00-04:00,77.91999816894531,77.97000122070312,77.87039947509766,77.91500091552734,6341,0.0,0.0,0.0
2024-10-03 10:50:00-04:00,77.91999816894531,78.04000091552734,77.91999816894531,78.02999877929688,7940,0.0,0.0,0.0
2024-10-03 10:55:00-04:00,78.04000091552734,78.06999969482422,77.98999786376953,78.06999969482422,5289,0.0,0.0,0.0
2024-10-03 11:00:00-04:00,78.06500244140625,78.18000030517578,78.03500366210938,78.18000030517578,4730,0.0,0.0,0.0
2024-10-03 11:05:00-04:00,78.16999816894531,78.24700164794922,78.16000366210938,78.21499633789062,4405,0.0,0.0,0.0
2024-10-03 11:10:00-04:00,78.19999694824219,78.31999969482422,78.19999694824219,78.30999755859375,4970,0.0,0.0,0.0
2024-10-03 11:15:00-04:00,78.31999969482422,78.3499984741211,78.30999755859375,78.31999969482422,1237,0.0,0.0,0.0
2024-10-03 11:20:00-04:00,78.3301010131836,78.43900299072266,78.27999877929688,78.27999877929688,4895,0.0,0.0,0.0
2024-10-03 11:25:00-04:00,78.33999633789062,78.4000015258789,78.23500061035156,78.23500061035156,17460,0.0,0.0,0.0
2024-10-03 11:30:00-04:00,78.23500061035156,78.2699966430664,78.21649932861328,78.23999786376953,1665,0.0,0.0,0.0
2024-10-03 11:35:00-04:00,78.2249984741211,78.29000091552734,78.16000366210938,78.26239776611328,10010,0.0,0.0,0.0
2024-10-03 11:40:00-04:00,78.29989624023438,78.37000274658203,78.27999877929688,78.33999633789062,14476,0.0,0.0,0.0
2024-10-03 11:45:00-04:00,78.31999969482422,78.43000030517578,78.30000305175781,78.3499984741211,14615,0.0,0.0,0.0
2024-10-03 11:50:00-04:00,78.37999725341797,78.38899993896484,78.34249877929688,78.34249877929688,1305,0.0,0.0,0.0
2024-10-03 11:55:00-04:00,78.30999755859375,78.31999969482422,78.18000030517578,78.18000030517578,1789,0.0,0.0,0.0
2024-10-03 12:00:00-04:00,78.23832702636719,78.2490005493164,78.20999908447266,78.2301025390625,1091,0.0,0.0,0.0
2024-10-03 12:05:00-04:00,78.2300033569336,78.2300033569336,78.18000030517578,78.18000030517578,700,0.0,0.0,0.0
2024-10-03 12:10:00-04:00,78.25,78.25,78.22000122070312,78.22000122070312,1133,0.0,0.0,0.0
2024-10-03 12:15:00-04:00,78.26000213623047,78.26000213623047,78.24500274658203,78.24500274658203,1199,0.0,0.0,0.0
2024-10-03 12:20:00-04:00,78.22000122070312,78.26000213623047,78.22000122070312,78.25,731,0.0,0.0,0.0
2024-10-03 12:25:00-04:00,78.19499969482422,78.20999908447266,78.0999984741211,78.19499969482422,45321,0.0,0.0,0.0
2024-10-03 12:30:00-04:00,78.18299865722656,78.18900299072266,78.0999984741211,78.11000061035156,31884,0.0,0.0,0.0
2024-10-03 12:35:00-04:00,78.07009887695312,78.11000061035156,78.07009887695312,78.11000061035156,6964,0.0,0.0,0.0
2024-10-03 12:40:00-04:00,78.12999725341797,78.18000030517578,78.12999725341797,78.12999725341797,3109,0.0,0.0,0.0
2024-10-03 12:45:00-04:00,78.11000061035156,78.2699966430664,78.0999984741211,78.1500015258789,33683,0.0,0.0,0.0
2024-10-03 12:50:00-04:00,78.11000061035156,78.1500015258789,78.0999984741211,78.12999725341797,3140,0.0,0.0,0.0
2024-10-03 12:55:00-04:00,78.1500015258789,78.19000244140625,78.1500015258789,78.16999816894531,2372,0.0,0.0,0.0
2024-10-03 13:00:00-04:00,78.16999816894531,78.27999877929688,78.16999816894531,78.27999877929688,2875,0.0,0.0,0.0
2024-10-03 13:05:00-04:00,78.30570220947266,78.33000183105469,78.29000091552734,78.29000091552734,1050,0.0,0.0,0.0
2024-10-03 13:10:00-04:00,78.2699966430664,78.2699966430664,78.23999786376953,78.23999786376953,347,0.0,0.0,0.0
2024-10-03 13:15:00-04:00,78.23999786376953,78.23999786376953,78.18000030517578,78.19010162353516,903,0.0,0.0,0.0
2024-10-03 13:20:00-04:00,78.19000244140625,78.19000244140625,78.0999984741211,78.0999984741211,2630,0.0,0.0,0.0
2024-10-03 13:25:00-04:00,78.08000183105469,78.09500122070312,78.0199966430664,78.09500122070312,19936,0.0,0.0,0.0
2024-10-03 13:30:00-04:00,78.06999969482422,78.12000274658203,78.06999969482422,78.08999633789062,2624,0.0,0.0,0.0
2024-10-03 13:35:00-04:00,78.11000061035156,78.14700317382812,78.11000061035156,78.12999725341797,2469,0.0,0.0,0.0
2024-10-03 13:40:00-04:00,78.14900207519531,78.14900207519531,78.0999984741211,78.0999984741211,542,0.0,0.0,0.0
2024-10-03 13:45:00-04:00,78.11000061035156,78.12000274658203,78.06999969482422,78.06999969482422,17755,0.0,0.0,0.0
2024-10-03 13:50:00-04:00,78.06999969482422,78.06999969482422,78.02999877929688,78.05000305175781,1315,0.0,0.0,0.0
2024-10-03 13:55:00-04:00,78.05999755859375,78.07499694824219,78.02439880371094,78.07499694824219,2768,0.0,0.0,0.0
2024-10-03 14:00:00-04:00,78.04309844970703,78.10679626464844,77.96009826660156,78.03469848632812,8205,0.0,0.0,0.0
2024-10-03 14:05:00-04:00,78.01750183105469,78.04989624023438,77.98999786376953,77.98999786376953,1979,0.0,0.0,0.0
2024-10-03 14:10:00-04:00,77.98999786376953,78.03949737548828,77.97000122070312,78.02999877929688,5627,0.0,0.0,0.0
2024-10-03 14:15:00-04:00,78.02010345458984,78.05280303955078,78.0,78.0,8014,0.0,0.0,0.0
2024-10-03 14:20:00-04:00,78.01000213623047,78.03900146484375,78.0,78.0199966430664,1928,0.0,0.0,0.0
2024-10-03 14:25:00-04:00,78.02059936523438,78.03900146484375,78.0,78.01499938964844,1674,0.0,0.0,0.0
2024-10-03 14:30:00-04:00,78.02999877929688,78.03900146484375,78.0199966430664,78.0199966430664,4249,0.0,0.0,0.0
2024-10-03 14:35:00-04:00,78.0000991821289,78.0199966430664,77.94999694824219,77.9990005493164,5670,0.0,0.0,0.0
2024-10-03 14:40:00-04:00,77.95999908447266,77.9843978881836,77.91000366210938,77.93499755859375,6526,0.0,0.0,0.0
2024-10-03 14:45:00-04:00,77.93000030517578,77.95999908447266,77.91000366210938,77.93000030517578,14525,0.0,0.0,0.0
2024-10-03 14:50:00-04:00,77.91999816894531,77.95069885253906,77.9000015258789,77.90540313720703,10885,0.0,0.0,0.0
2024-10-03 14:55:00-04:00,77.93000030517578,77.94000244140625,77.8499984741211,77.8550033569336,261966,0.0,0.0,0.0
2024-10-03 15:00:00-04:00,77.87000274658203,77.90460205078125,77.80999755859375,77.87000274658203,8143,0.0,0.0,0.0
2024-10-03 15:05:00-04:00,77.8499984741211,77.8499984741211,77.80000305175781,77.80000305175781,9509,0.0,0.0,0.0
2024-10-03 15:10:00-04:00,77.80000305175781,77.8499984741211,77.79000091552734,77.8499984741211,9703,0.0,0.0,0.0
2024-10-03 15:15:00-04:00,77.83999633789062,77.86000061035156,77.83000183105469,77.86000061035156,4842,0.0,0.0,0.0
2024-10-03 15:20:00-04:00,77.84500122070312,77.87750244140625,77.80000305175781,77.80999755859375,6076,0.0,0.0,0.0
2024-10-03 15:25:00-04:00,77.80999755859375,77.83000183105469,77.80000305175781,77.8290023803711,12469,0.0,0.0,0.0
2024-10-03 15:30:00-04:00,77.80000305175781,77.8499984741211,77.80000305175781,77.83999633789062,4468,0.0,0.0,0.0
2024-10-03 15:35:00-04:00,77.8489990234375,77.88999938964844,77.8489990234375,77.88999938964844,4644,0.0,0.0,0.0
2024-10-03 15:40:00-04:00,77.88999938964844,77.88999938964844,77.81999969482422,77.81999969482422,19609,0.0,0.0,0.0
2024-10-03 15:45:00-04:00,77.83679962158203,77.83999633789062,77.80000305175781,77.80000305175781,6349,0.0,0.0,0.0
2024-10-03 15:50:00-04:00,77.83560180664062,77.83999633789062,77.77999877929688,77.79000091552734,7614,0.0,0.0,0.0
2024-10-03 15:55:00-04:00,77.77999877929688,77.81999969482422,77.69999694824219,77.79000091552734,22782,0.0,0.0,0.0
2024-10-04 09:30:00-04:00,76.33000183105469,76.6395034790039,76.26000213623047,76.6395034790039,262802,0.0,0.0,0.0
2024-10-04 09:35:00-04:00,76.58000183105469,76.71800231933594,76.55000305175781,76.69999694824219,16605,0.0,0.0,0.0
2024-10-04 09:40:00-04:00,76.70999908447266,76.7750015258789,76.66999816894531,76.66999816894531,17281,0.0,0.0,0.0
2024-10-04 09:45:00-04:00,76.63999938964844,76.66549682617188,76.55999755859375,76.64849853515625,12903,0.0,0.0,0.0
2024-10-04 09:50:00-04:00,76.58499908447266,76.70989990234375,76.58499908447266,76.70989990234375,11385,0.0,0.0,0.0
2024-10-04 09:55:00-04:00,76.7300033569336,76.76000213623047,76.70010375976562,76.75,30238,0.0,0.0,0.0
2024-10-04 10:00:00-04:00,76.7300033569336,76.75,76.5999984741211,76.5999984741211,71995,0.0,0.0,0.0
2024-10-04 10:05:00-04:00,76.6500015258789,76.7699966430664,76.5801010131836,76.72000122070312,11292,0.0,0.0,0.0
2024-10-04 10:10:00-04:00,76.7300033569336,76.77130126953125,76.66999816894531,76.67230224609375,8900,0.0,0.0,0.0
2024-10-04 10:15:00-04:00,76.71849822998047,76.72000122070312,76.5999984741211,76.5999984741211,10940,0.0,0.0,0.0
2024-10-04 10:20:00-04:00,76.60399627685547,76.66000366210938,76.58000183105469,76.63500213623047,8808,0.0,0.0,0.0
2024-10-04 10:25:00-04:00,76.61000061035156,76.68000030517578,76.5999984741211,76.66999816894531,5633,0.0,0.0,0.0
2024-10-04 10:30:00-04:00,76.72000122070312,76.86000061035156,76.72000122070312,76.82630157470703,18782,0.0,0.0,0.0
2024-10-04 10:35:00-04:00,76.76000213623047,76.818603515625,76.75,76.75,3330,0.0,0.0,0.0
2024-10-04 10:40:00-04:00,76.72000122070312,76.82599639892578,76.72000122070312,76.80840301513672,2852,0.0,0.0,0.0
2024-10-04 10:45:00-04:00,76.75,76.77641296386719,76.68000030517578,76.68000030517578,13118,0.0,0.0,0.0
2024-10-04 10:50:00-04:00,76.66999816894531,76.70899963378906,76.6500015258789,76.68000030517578,4957,0.0,0.0,0.0
2024-10-04 10:55:00-04:00,76.70989990234375,76.70999908447266,76.67500305175781,76.69999694824219,5209,0.0,0.0,0.0
2024-10-04 11:00:00-04:00,76.72000122070312,76.82499694824219,76.72000122070312,76.79010009765625,14156,0.0,0.0,0.0
2024-10-04 11:05:00-04:00,76.79000091552734,76.8499984741211,76.73999786376953,76.84500122070312,5742,0.0,0.0,0.0
2024-10-04 11:10:00-04:00,76.83000183105469,76.95960235595703,76.83000183105469,76.94000244140625,2901,0.0,0.0,0.0
2024-10-04 11:15:00-04:00,76.94999694824219,76.94999694824219,76.9000015258789,76.9000015258789,1873,0.0,0.0,0.0
2024-10-04 11:20:00-04:00,76.83999633789062,76.91999816894531,76.77999877929688,76.77999877929688,4367,0.0,0.0,0.0
2024-10-04 11:25:00-04:00,76.79499816894531,76.79499816894531,76.72000122070312,76.75,1754,0.0,0.0,0.0
2024-10-04 11:30:00-04:00,76.7699966430664,76.81999969482422,76.75,76.81999969482422,4359,0.0,0.0,0.0
2024-10-04 11:35:00-04:00,76.81999969482422,76.81999969482422,76.72100067138672,76.72100067138672,2758,0.0,0.0,0.0
2024-10-04 11:40:00-04:00,76.71900177001953,76.72000122070312,76.6500015258789,76.6500015258789,10084,0.0,0.0,0.0
2024-10-04 11:45:00-04:00,76.66000366210938,76.66999816894531,76.5999984741211,76.61000061035156,6178,0.0,0.0,0.0
2024-10-04 11:50:00-04:00,76.61000061035156,76.69070434570312,76.5999984741211,76.68016815185547,11677,0.0,0.0,0.0
2024-10-04 11:55:00-04:00,76.70999908447266,76.76000213623047,76.68000030517578,76.76000213623047,4409,0.0,0.0,0.0
2024-10-04 12:00:00-04:00,76.76499938964844,76.85639953613281,76.76499938964844,76.83999633789062,6723,0.0,0.0,0.0
2024-10-04 12:05:00-04:00,76.83999633789062,76.87000274658203,76.80999755859375,76.80999755859375,3206,0.0,0.0,0.0
2024-10-04 12:10:00-04:00,76.80000305175781,76.80000305175781,76.69999694824219,76.76399993896484,1415,0.0,0.0,0.0
2024-10-04 12:15:00-04:00,76.67440032958984,76.70960235595703,76.6500015258789,76.69999694824219,3188,0.0,0.0,0.0
2024-10-04 12:20:00-04:00,76.69000244140625,76.69280242919922,76.68000030517578,76.68000030517578,1872,0.0,0.0,0.0
2024-10-04 12:25:00-04:00,76.66500091552734,76.66500091552734,76.5999984741211,76.62000274658203,7659,0.0,0.0,0.0
2024-10-04 12:30:00-04:00,76.62000274658203,76.66000366210938,76.62000274658203,76.66000366210938,4287,0.0,0.0,0.0
2024-10-04 12:35:00-04:00,76.66000366210938,76.66000366210938,76.62000274658203,76.62999725341797,1299,0.0,0.0,0.0
2024-10-04 12:40:00-04:00,76.68499755859375,76.70999908447266,76.68499755859375,76.69999694824219,4250,0.0,0.0,0.0
2024-10-04 12:45:00-04:00,76.66500091552734,76.6969985961914,76.66290283203125,76.66940307617188,2755,0.0,0.0,0.0
2024-10-04 12:50:00-04:00,76.68000030517578,76.69000244140625,76.66500091552734,76.66500091552734,1022,0.0,0.0,0.0
2024-10-04 12:55:00-04:00,76.62999725341797,76.6698989868164,76.61009979248047,76.61009979248047,2818,0.0,0.0,0.0
2024-10-04 13:00:00-04:00,76.62999725341797,76.64019775390625,76.61000061035156,76.62000274658203,25955,0.0,0.0,0.0
2024-10-04 13:05:00-04:00,76.65609741210938,76.66999816894531,76.61000061035156,76.63999938964844,7562,0.0,0.0,0.0
2024-10-04 13:10:00-04:00,76.62999725341797,76.6500015258789,76.61499786376953,76.64990234375,7887,0.0,0.0,0.0
2024-10-04 13:15:00-04:00,76.65640258789062,76.65640258789062,76.61000061035156,76.61000061035156,1362,0.0,0.0,0.0
2024-10-04 13:20:00-04:00,76.62000274658203,76.63719940185547,76.61000061035156,76.62000274658203,2672,0.0,0.0,0.0
2024-10-04 13:25:00-04:00,76.61000061035156,76.61000061035156,76.55000305175781,76.55000305175781,2428,0.0,0.0,0.0
2024-10-04 13:30:00-04:00,76.55999755859375,76.58000183105469,76.55000305175781,76.55000305175781,4918,0.0,0.0,0.0
2024-10-04 13:35:00-04:00,76.54000091552734,76.56999969482422,76.54000091552734,76.5615005493164,7834,0.0,0.0,0.0
2024-10-04 13:40:00-04:00,76.58000183105469,76.58000183105469,76.55010223388672,76.56500244140625,7126,0.0,0.0,0.0
2024-10-04 13:45:00-04:00,76.58000183105469,76.58999633789062,76.54049682617188,76.58989715576172,5326,0.0,0.0,0.0
2024-10-04 13:50:00-04:00,76.57927703857422,76.57927703857422,76.54010009765625,76.55500030517578,2565,0.0,0.0,0.0
2024-10-04 13:55:00-04:00,76.55500030517578,76.55850219726562,76.54000091552734,76.54000091552734,1697,0.0,0.0,0.0
2024-10-04 14:00:00-04:00,76.52999877929688,76.52999877929688,76.51000213623047,76.51000213623047,3152,0.0,0.0,0.0
2024-10-04 14:05:00-04:00,76.51499938964844,76.55989837646484,76.46070098876953,76.53500366210938,11396,0.0,0.0,0.0
2024-10-04 14:10:00-04:00,76.55899810791016,76.55899810791016,76.5199966430664,76.5199966430664,1569,0.0,0.0,0.0
2024-10-04 14:15:00-04:00,76.51000213623047,76.52999877929688,76.44999694824219,76.48999786376953,16737,0.0,0.0,0.0
2024-10-04 14:20:00-04:00,76.47000122070312,76.52989959716797,76.47000122070312,76.50499725341797,2669,0.0,0.0,0.0
2024-10-04 14:25:00-04:00,76.5199966430664,76.55999755859375,76.51499938964844,76.55999755859375,19515,0.0,0.0,0.0
2024-10-04 14:30:00-04:00,76.55999755859375,76.5999984741211,76.55329895019531,76.58760070800781,5819,0.0,0.0,0.0
2024-10-04 14:35:00-04:00,76.58499908447266,76.61990356445312,76.55999755859375,76.55999755859375,4380,0.0,0.0,0.0
2024-10-04 14:40:00-04:00,76.56500244140625,76.58660125732422,76.55000305175781,76.55989837646484,3909,0.0,0.0,0.0
2024-10-04 14:45:00-04:00,76.55989837646484,76.55989837646484,76.5199966430664,76.5199966430664,1578,0.0,0.0,0.0
2024-10-04 14:50:00-04:00,76.5199966430664,76.5199966430664,76.45999908447266,76.47000122070312,4141,0.0,0.0,0.0
2024-10-04 14:55:00-04:00,76.45999908447266,76.47000122070312,76.4000015258789,76.4000015258789,51575,0.0,0.0,0.0
2024-10-04 15:00:00-04:00,76.37999725341797,76.42759704589844,76.36000061035156,76.37000274658203,3064,0.0,0.0,0.0
2024-10-04 15:05:00-04:00,76.35289764404297,76.41999816894531,76.35289764404297,76.37210083007812,86351,0.0,0.0,0.0
2024-10-04 15:10:00-04:00,76.37699890136719,76.40080261230469,76.36000061035156,76.38999938964844,6347,0.0,0.0,0.0
2024-10-04 15:15:00-04:00,76.38999938964844,76.4000015258789,76.37000274658203,76.38500213623047,8888,0.0,0.0,0.0
2024-10-04 15:20:00-04:00,76.38500213623047,76.41999816894531,76.38500213623047,76.40499877929688,5484,0.0,0.0,0.0
2024-10-04 15:25:00-04:00,76.4000015258789,76.44000244140625,76.4000015258789,76.44000244140625,9079,0.0,0.0,0.0
2024-10-04 15:30:00-04:00,76.45999908447266,76.45999908447266,76.41999816894531,76.44000244140625,14212,0.0,0.0,0.0
2024-10-04 15:35:00-04:00,76.44000244140625,76.44999694824219,76.41999816894531,76.43000030517578,19348,0.0,0.0,0.0
2024-10-04 15:40:00-04:00,76.41999816894531,76.43900299072266,76.4000015258789,76.43900299072266,12451,0.0,0.0,0.0
2024-10-04 15:45:00-04:00,76.43000030517578,76.44999694824219,76.41000366210938,76.44999694824219,19875,0.0,0.0,0.0
2024-10-04 15:50:00-04:00,76.43000030517578,76.51000213623047,76.43000030517578,76.5,48533,0.0,0.0,0.0
2024-10-04 15:55:00-04:00,76.49500274658203,76.5427017211914,76.44000244140625,76.44000244140625,201633,0.0,0.0,0.0
2024-10-07 09:30:00-04:00,75.93000030517578,76.0199966430664,75.93000030517578,76.0199966430664,77417,0.0,0.0,0.0
2024-10-07 09:35:00-04:00,76.01399993896484,76.09700012207031,76.01399993896484,76.01709747314453,12000,0.0,0.0,0.0
2024-10-07 09:40:00-04:00,76.0,76.15579986572266,75.9800033569336,76.15579986572266,10677,0.0,0.0,0.0
2024-10-07 09:45:00-04:00,76.12999725341797,76.22239685058594,76.09349822998047,76.09349822998047,10672,0.0,0.0,0.0
2024-10-07 09:50:00-04:00,76.08000183105469,76.12999725341797,76.01000213623047,76.01000213623047,11626,0.0,0.0,0.0
2024-10-07 09:55:00-04:00,76.0250015258789,76.0250015258789,75.88999938964844,75.88999938964844,17394,0.0,0.0,0.0
2024-10-07 10:00:00-04:00,75.9198989868164,75.9198989868164,75.80000305175781,75.83000183105469,11414,0.0,0.0,0.0
2024-10-07 10:05:00-04:00,75.8550033569336,75.8667984008789,75.80069732666016,75.86499786376953,11798,0.0,0.0,0.0
2024-10-07 10:10:00-04:00,75.86100006103516,75.94270324707031,75.82009887695312,75.9000015258789,17542,0.0,0.0,0.0
2024-10-07 10:15:00-04:00,75.91719818115234,75.94000244140625,75.75,75.79989624023438,11979,0.0,0.0,0.0
2024-10-07 10:20:00-04:00,75.80000305175781,75.86000061035156,75.79010009765625,75.86000061035156,5843,0.0,0.0,0.0
2024-10-07 10:25:00-04:00,75.87999725341797,75.87999725341797,75.81009674072266,75.86000061035156,5753,0.0,0.0,0.0
2024-10-07 10:30:00-04:00,75.9000015258789,75.91000366210938,75.8499984741211,75.8499984741211,2805,0.0,0.0,0.0
2024-10-07 10:35:00-04:00,75.8499984741211,75.964599609375,75.8499984741211,75.964599609375,11351,0.0,0.0,0.0
2024-10-07 10:40:00-04:00,75.96510314941406,76.02999877929688,75.96510314941406,76.02999877929688,6937,0.0,0.0,0.0
2024-10-07 10:45:00-04:00,76.04000091552734,76.05699920654297,76.0,76.0,9839,0.0,0.0,0.0
2024-10-07 10:50:00-04:00,76.01000213623047,76.01000213623047,75.89019775390625,75.93000030517578,6254,0.0,0.0,0.0
2024-10-07 10:55:00-04:00,75.88480377197266,75.88480377197266,75.79000091552734,75.80000305175781,5873,0.0,0.0,0.0
2024-10-07 11:00:00-04:00,75.83899688720703,75.89990234375,75.78469848632812,75.80650329589844,7303,0.0,0.0,0.0
2024-10-07 11:05:00-04:00,75.84500122070312,75.93000030517578,75.84500122070312,75.93000030517578,5828,0.0,0.0,0.0
2024-10-07 11:10:00-04:00,75.89009857177734,75.92970275878906,75.80000305175781,75.80000305175781,3739,0.0,0.0,0.0
2024-10-07 11:15:00-04:00,75.85990142822266,75.85990142822266,75.7957992553711,75.80500030517578,2000,0.0,0.0,0.0
2024-10-07 11:20:00-04:00,75.8499984741211,75.8499984741211,75.80286407470703,75.8499984741211,1365,0.0,0.0,0.0
2024-10-07 11:25:00-04:00,75.88500213623047,75.94000244140625,75.87680053710938,75.94000244140625,2912,0.0,0.0,0.0
2024-10-07 11:30:00-04:00,75.97000122070312,75.97989654541016,75.9000015258789,75.9000015258789,2467,0.0,0.0,0.0
2024-10-07 11:35:00-04:00,75.88200378417969,75.94000244140625,75.88200378417969,75.92500305175781,878,0.0,0.0,0.0
2024-10-07 11:40:00-04:00,75.95439910888672,75.95439910888672,75.87000274658203,75.87000274658203,4651,0.0,0.0,0.0
2024-10-07 11:45:00-04:00,75.87999725341797,75.87999725341797,75.80000305175781,75.80999755859375,5815,0.0,0.0,0.0
2024-10-07 11:50:00-04:00,75.81400299072266,75.85900115966797,75.7699966430664,75.7699966430664,2271,0.0,0.0,0.0
2024-10-07 11:55:00-04:00,75.79000091552734,75.79000091552734,75.76000213623047,75.7699966430664,3251,0.0,0.0,0.0
2024-10-07 12:00:00-04:00,75.76000213623047,75.76000213623047,75.69999694824219,75.69999694824219,9655,0.0,0.0,0.0
2024-10-07 12:05:00-04:00,75.64749908447266,75.73999786376953,75.6449966430664,75.73999786376953,4447,0.0,0.0,0.0
2024-10-07 12:10:00-04:00,75.73999786376953,75.75879669189453,75.72000122070312,75.74500274658203,6701,0.0,0.0,0.0
2024-10-07 12:15:00-04:00,75.7249984741211,75.75659942626953,75.68620300292969,75.68620300292969,1200,0.0,0.0,0.0
2024-10-07 12:20:00-04:00,75.72989654541016,75.75,75.72019958496094,75.74819946289062,3624,0.0,0.0,0.0
2024-10-07 12:25:00-04:00,75.72000122070312,75.72000122070312,75.68000030517578,75.70899963378906,1118,0.0,0.0,0.0
2024-10-07 12:30:00-04:00,75.70999908447266,75.73999786376953,75.69999694824219,75.73999786376953,2331,0.0,0.0,0.0
2024-10-07 12:35:00-04:00,75.73999786376953,75.76000213623047,75.73999786376953,75.75,2116,0.0,0.0,0.0
2024-10-07 12:40:00-04:00,75.73999786376953,75.73999786376953,75.70999908447266,75.70999908447266,1741,0.0,0.0,0.0
2024-10-07 12:45:00-04:00,75.77999877929688,75.806396484375,75.76000213623047,75.806396484375,1557,0.0,0.0,0.0
2024-10-07 12:50:00-04:00,75.79989624023438,75.79989624023438,75.79989624023438,75.79989624023438,410,0.0,0.0,0.0
2024-10-07 12:55:00-04:00,75.79000091552734,75.82689666748047,75.79000091552734,75.81500244140625,1733,0.0,0.0,0.0
2024-10-07 13:00:00-04:00,75.81999969482422,75.82769775390625,75.79000091552734,75.80999755859375,2514,0.0,0.0,0.0
2024-10-07 13:05:00-04:00,75.80999755859375,75.83000183105469,75.80999755859375,75.81500244140625,17173,0.0,0.0,0.0
2024-10-07 13:10:00-04:00,75.81500244140625,75.83000183105469,75.81500244140625,75.83000183105469,15188,0.0,0.0,0.0
2024-10-07 13:15:00-04:00,75.81999969482422,75.81999969482422,75.7760009765625,75.77999877929688,3421,0.0,0.0,0.0
2024-10-07 13:20:00-04:00,75.76509857177734,75.8499984741211,75.76509857177734,75.8499984741211,1253,0.0,0.0,0.0
2024-10-07 13:25:00-04:00,75.83450317382812,75.8499984741211,75.81999969482422,75.81999969482422,2662,0.0,0.0,0.0
2024-10-07 13:30:00-04:00,75.83989715576172,75.8666000366211,75.80000305175781,75.8666000366211,1213,0.0,0.0,0.0
2024-10-07 13:35:00-04:00,75.83999633789062,75.8740005493164,75.83580017089844,75.8740005493164,1642,0.0,0.0,0.0
2024-10-07 13:40:00-04:00,75.86000061035156,75.87409973144531,75.83000183105469,75.86000061035156,13319,0.0,0.0,0.0
2024-10-07 13:45:00-04:00,75.87000274658203,75.9000015258789,75.83820343017578,75.83820343017578,2454,0.0,0.0,0.0
2024-10-07 13:50:00-04:00,75.87000274658203,75.92990112304688,75.86720275878906,75.9094009399414,2811,0.0,0.0,0.0
2024-10-07 13:55:00-04:00,75.88999938964844,75.89929962158203,75.87000274658203,75.8958969116211,2019,0.0,0.0,0.0
2024-10-07 14:00:00-04:00,75.90709686279297,75.93000030517578,75.88999938964844,75.93000030517578,6413,0.0,0.0,0.0
2024-10-07 14:05:00-04:00,75.91999816894531,75.92990112304688,75.87000274658203,75.9000015258789,9904,0.0,0.0,0.0
2024-10-07 14:10:00-04:00,75.91889953613281,75.94319915771484,75.87999725341797,75.94319915771484,7537,0.0,0.0,0.0
2024-10-07 14:15:00-04:00,75.93000030517578,75.95600128173828,75.90010070800781,75.90010070800781,7212,0.0,0.0,0.0
2024-10-07 14:20:00-04:00,75.93000030517578,75.95999908447266,75.9000015258789,75.91000366210938,8374,0.0,0.0,0.0
2024-10-07 14:25:00-04:00,75.92250061035156,75.92890167236328,75.87000274658203,75.87000274658203,8271,0.0,0.0,0.0
2024-10-07 14:30:00-04:00,75.86302185058594,75.95999908447266,75.86302185058594,75.93270111083984,6533,0.0,0.0,0.0
2024-10-07 14:35:00-04:00,75.93000030517578,75.93000030517578,75.83000183105469,75.87000274658203,9729,0.0,0.0,0.0
2024-10-07 14:40:00-04:00,75.81009674072266,75.88999938964844,75.81009674072266,75.87000274658203,5786,0.0,0.0,0.0
2024-10-07 14:45:00-04:00,75.88999938964844,75.88999938964844,75.85199737548828,75.86499786376953,1724,0.0,0.0,0.0
2024-10-07 14:50:00-04:00,75.86000061035156,75.86900329589844,75.80999755859375,75.83999633789062,309511,0.0,0.0,0.0
2024-10-07 14:55:00-04:00,75.83000183105469,75.83000183105469,75.68000030517578,75.69000244140625,10992,0.0,0.0,0.0
2024-10-07 15:00:00-04:00,75.74500274658203,75.75900268554688,75.70735168457031,75.72579956054688,5764,0.0,0.0,0.0
2024-10-07 15:05:00-04:00,75.72000122070312,75.76000213623047,75.72000122070312,75.73999786376953,23338,0.0,0.0,0.0
2024-10-07 15:10:00-04:00,75.70010375976562,75.76000213623047,75.70010375976562,75.76000213623047,1968,0.0,0.0,0.0
2024-10-07 15:15:00-04:00,75.72149658203125,75.76000213623047,75.72149658203125,75.7300033569336,3929,0.0,0.0,0.0
2024-10-07 15:20:00-04:00,75.7300033569336,75.76000213623047,75.72090148925781,75.73999786376953,2840,0.0,0.0,0.0
2024-10-07 15:25:00-04:00,75.73999786376953,75.75499725341797,75.7155990600586,75.7300033569336,7958,0.0,0.0,0.0
2024-10-07 15:30:00-04:00,75.7300033569336,75.75650024414062,75.69000244140625,75.70999908447266,8265,0.0,0.0,0.0
2024-10-07 15:35:00-04:00,75.71369934082031,75.76000213623047,75.70999908447266,75.73999786376953,7313,0.0,0.0,0.0
2024-10-07 15:40:00-04:00,75.73999786376953,75.76239776611328,75.69999694824219,75.70999908447266,8363,0.0,0.0,0.0
2024-10-07 15:45:00-04:00,75.70999908447266,75.71630096435547,75.6613998413086,75.66999816894531,14457,0.0,0.0,0.0
2024-10-07 15:50:00-04:00,75.69000244140625,75.69999694824219,75.62000274658203,75.62000274658203,17360,0.0,0.0,0.0
2024-10-07 15:55:00-04:00,75.62000274658203,75.7300033569336,75.58000183105469,75.7300033569336,35372,0.0,0.0,0.0
2024-10-08 09:30:00-04:00,75.18000030517578,75.36000061035156,75.16000366210938,75.31999969482422,85137,0.0,0.0,0.0
2024-10-08 09:35:00-04:00,75.34750366210938,75.37909698486328,75.22000122070312,75.30000305175781,45434,0.0,0.0,0.0
2024-10-08 09:40:00-04:00,75.30500030517578,75.36000061035156,75.30000305175781,75.33000183105469,22846,0.0,0.0,0.0
2024-10-08 09:45:00-04:00,75.37000274658203,75.37000274658203,75.31009674072266,75.31999969482422,12876,0.0,0.0,0.0
2024-10-08 09:50:00-04:00,75.31999969482422,75.33000183105469,75.23999786376953,75.23999786376953,9643,0.0,0.0,0.0
2024-10-08 09:55:00-04:00,75.23999786376953,75.23999786376953,75.16000366210938,75.16999816894531,12302,0.0,0.0,0.0
2024-10-08 10:00:00-04:00,75.17009735107422,75.23999786376953,75.1500015258789,75.23999786376953,9041,0.0,0.0,0.0
2024-10-08 10:05:00-04:00,75.25,75.2699966430664,75.22000122070312,75.23605346679688,4414,0.0,0.0,0.0
2024-10-08 10:10:00-04:00,75.2384033203125,75.31289672851562,75.2300033569336,75.31289672851562,24979,0.0,0.0,0.0
2024-10-08 10:15:00-04:00,75.30000305175781,75.37000274658203,75.29000091552734,75.36000061035156,8349,0.0,0.0,0.0
2024-10-08 10:20:00-04:00,75.36000061035156,75.40989685058594,75.33000183105469,75.33000183105469,2927,0.0,0.0,0.0
2024-10-08 10:25:00-04:00,75.33000183105469,75.44000244140625,75.33000183105469,75.4000015258789,254967,0.0,0.0,0.0
2024-10-08 10:30:00-04:00,75.38999938964844,75.43000030517578,75.38990020751953,75.3949966430664,9925,0.0,0.0,0.0
2024-10-08 10:35:00-04:00,75.3949966430664,75.41000366210938,75.37000274658203,75.4000015258789,5994,0.0,0.0,0.0
2024-10-08 10:40:00-04:00,75.41000366210938,75.48999786376953,75.39900207519531,75.47000122070312,0,0.0,0.0,0.0
2024-10-08 10:45:00-04:00,75.47989654541016,75.5,75.4000015258789,75.44000244140625,524679,0.0,0.0,0.0
2024-10-08 10:50:00-04:00,75.42500305175781,75.43000030517578,75.37030029296875,75.4000015258789,4064,0.0,0.0,0.0
2024-10-08 10:55:00-04:00,75.41999816894531,75.5,75.38999938964844,75.5,21897,0.0,0.0,0.0
2024-10-08 11:00:00-04:00,75.48999786376953,75.54000091552734,75.48999786376953,75.48999786376953,4587,0.0,0.0,0.0
2024-10-08 11:05:00-04:00,75.48999786376953,75.5250015258789,75.47000122070312,75.47000122070312,26670,0.0,0.0,0.0
2024-10-08 11:10:00-04:00,75.45999908447266,75.51000213623047,75.45050048828125,75.50499725341797,6452,0.0,0.0,0.0
2024-10-08 11:15:00-04:00,75.51000213623047,75.5551986694336,75.4802017211914,75.55000305175781,10064,0.0,0.0,0.0
2024-10-08 11:20:00-04:00,75.54000091552734,75.62000274658203,75.54000091552734,75.61000061035156,8980,0.0,0.0,0.0
2024-10-08 11:25:00-04:00,75.62000274658203,75.62000274658203,75.56009674072266,75.58499908447266,5715,0.0,0.0,0.0
2024-10-08 11:30:00-04:00,75.58999633789062,75.58999633789062,75.52050018310547,75.57749938964844,8726,0.0,0.0,0.0
2024-10-08 11:35:00-04:00,75.55999755859375,75.61000061035156,75.55010223388672,75.59500122070312,9573,0.0,0.0,0.0
2024-10-08 11:40:00-04:00,75.6083984375,75.6500015258789,75.60649871826172,75.61000061035156,8340,0.0,0.0,0.0
2024-10-08 11:45:00-04:00,75.61000061035156,75.63999938964844,75.6001968383789,75.61000061035156,6593,0.0,0.0,0.0
2024-10-08 11:50:00-04:00,75.61499786376953,75.66999816894531,75.61499786376953,75.6405029296875,4468,0.0,0.0,0.0
2024-10-08 11:55:00-04:00,75.66500091552734,75.66899871826172,75.66500091552734,75.66840362548828,695,0.0,0.0,0.0
2024-10-08 12:00:00-04:00,75.66000366210938,75.66000366210938,75.63999938964844,75.63999938964844,831,0.0,0.0,0.0
2024-10-08 12:05:00-04:00,75.66500091552734,75.66999816894531,75.60009765625,75.66000366210938,2576,0.0,0.0,0.0
2024-10-08 12:10:00-04:00,75.6344985961914,75.65989685058594,75.5999984741211,75.5999984741211,2031,0.0,0.0,0.0
2024-10-08 12:15:00-04:00,75.63999938964844,75.69000244140625,75.63580322265625,75.66999816894531,2838,0.0,0.0,0.0
2024-10-08 12:20:00-04:00,75.62000274658203,75.66000366210938,75.62000274658203,75.66000366210938,1983,0.0,0.0,0.0
2024-10-08 12:25:00-04:00,75.60199737548828,75.62999725341797,75.60199737548828,75.62439727783203,2120,0.0,0.0,0.0
2024-10-08 12:30:00-04:00,75.63999938964844,75.66999816894531,75.62999725341797,75.6500015258789,5290,0.0,0.0,0.0
2024-10-08 12:35:00-04:00,75.69999694824219,75.7300033569336,75.68000030517578,75.72000122070312,18232,0.0,0.0,0.0
2024-10-08 12:40:00-04:00,75.69000244140625,75.69999694824219,75.6500015258789,75.6500015258789,23292,0.0,0.0,0.0
2024-10-08 12:45:00-04:00,75.68000030517578,75.70999908447266,75.6500015258789,75.68000030517578,32564,0.0,0.0,0.0
2024-10-08 12:50:00-04:00,75.66000366210938,75.69999694824219,75.66000366210938,75.66999816894531,8163,0.0,0.0,0.0
2024-10-08 12:55:00-04:00,75.61499786376953,75.63999938964844,75.58499908447266,75.58999633789062,13838,0.0,0.0,0.0
2024-10-08 13:00:00-04:00,75.6050033569336,75.63999938964844,75.58499908447266,75.58499908447266,3445,0.0,0.0,0.0
2024-10-08 13:05:00-04:00,75.58000183105469,75.58000183105469,75.47000122070312,75.47000122070312,9035,0.0,0.0,0.0
2024-10-08 13:10:00-04:00,75.47000122070312,75.51000213623047,75.45249938964844,75.51000213623047,1248,0.0,0.0,0.0
2024-10-08 13:15:00-04:00,75.44000244140625,75.45999908447266,75.43000030517578,75.43000030517578,910,0.0,0.0,0.0
2024-10-08 13:20:00-04:00,75.51730346679688,75.51730346679688,75.48999786376953,75.48999786376953,624,0.0,0.0,0.0
2024-10-08 13:25:00-04:00,75.44249725341797,75.54789733886719,75.44249725341797,75.54789733886719,1874,0.0,0.0,0.0
2024-10-08 13:30:00-04:00,75.5250015258789,75.55000305175781,75.5250015258789,75.55000305175781,949,0.0,0.0,0.0
2024-10-08 13:35:00-04:00,75.55000305175781,75.55000305175781,75.52999877929688,75.54000091552734,462,0.0,0.0,0.0
2024-10-08 13:40:00-04:00,75.56999969482422,75.56999969482422,75.56999969482422,75.56999969482422,142,0.0,0.0,0.0
2024-10-08 13:45:00-04:00,75.5999984741211,75.62239837646484,75.52059936523438,75.52059936523438,2953,0.0,0.0,0.0
2024-10-08 13:50:00-04:00,75.54000091552734,75.5792007446289,75.5250015258789,75.55000305175781,4523,0.0,0.0,0.0
2024-10-08 13:55:00-04:00,75.52899932861328,75.58999633789062,75.52899932861328,75.58989715576172,6939,0.0,0.0,0.0
2024-10-08 14:00:00-04:00,75.54570007324219,75.56999969482422,75.54570007324219,75.56099700927734,1036,0.0,0.0,0.0
2024-10-08 14:05:00-04:00,75.5999984741211,75.61000061035156,75.57679748535156,75.61000061035156,1348,0.0,0.0,0.0
2024-10-08 14:10:00-04:00,75.5918197631836,75.66000366210938,75.58699798583984,75.58699798583984,7729,0.0,0.0,0.0
2024-10-08 14:15:00-04:00,75.62000274658203,75.62000274658203,75.58999633789062,75.5999984741211,1790,0.0,0.0,0.0
2024-10-08 14:20:00-04:00,75.58999633789062,75.61000061035156,75.58999633789062,75.61000061035156,2339,0.0,0.0,0.0
2024-10-08 14:25:00-04:00,75.5999984741211,75.5999984741211,75.50499725341797,75.51000213623047,3547,0.0,0.0,0.0
2024-10-08 14:30:00-04:00,75.48999786376953,75.52999877929688,75.48999786376953,75.5250015258789,1435,0.0,0.0,0.0
2024-10-08 14:35:00-04:00,75.55000305175781,75.55000305175781,75.55000305175781,75.55000305175781,943,0.0,0.0,0.0
2024-10-08 14:40:00-04:00,75.55000305175781,75.55999755859375,75.5199966430664,75.5199966430664,2391,0.0,0.0,0.0
2024-10-08 14:45:00-04:00,75.53500366210938,75.53500366210938,75.53500366210938,75.53500366210938,397,0.0,0.0,0.0
2024-10-08 14:50:00-04:00,75.58000183105469,75.63349914550781,75.56999969482422,75.63349914550781,1394,0.0,0.0,0.0
2024-10-08 14:55:00-04:00,75.61720275878906,75.61720275878906,75.51000213623047,75.51000213623047,5357,0.0,0.0,0.0
2024-10-08 15:00:00-04:00,75.4800033569336,75.48999786376953,75.44999694824219,75.44999694824219,1620,0.0,0.0,0.0
2024-10-08 15:05:00-04:00,75.47709655761719,75.5093994140625,75.45010375976562,75.45010375976562,2549,0.0,0.0,0.0
2024-10-08 15:10:00-04:00,75.48999786376953,75.51010131835938,75.45999908447266,75.48999786376953,3962,0.0,0.0,0.0
2024-10-08 15:15:00-04:00,75.48999786376953,75.52999877929688,75.45999908447266,75.48999786376953,10647,0.0,0.0,0.0
2024-10-08 15:20:00-04:00,75.48999786376953,75.5,75.47000122070312,75.4800033569336,8182,0.0,0.0,0.0
2024-10-08 15:25:00-04:00,75.4800033569336,75.5199966430664,75.46859741210938,75.5,9585,0.0,0.0,0.0
2024-10-08 15:30:00-04:00,75.5,75.58999633789062,75.5,75.57489776611328,12190,0.0,0.0,0.0
2024-10-08 15:35:00-04:00,75.5199966430664,75.5199966430664,75.51000213623047,75.5199966430664,8168,0.0,0.0,0.0
2024-10-08 15:40:00-04:00,75.5199966430664,75.62999725341797,75.5199966430664,75.62999725341797,12417,0.0,0.0,0.0
2024-10-08 15:45:00-04:00,75.62000274658203,75.70999908447266,75.61000061035156,75.69000244140625,8705,0.0,0.0,0.0
2024-10-08 15:50:00-04:00,75.69000244140625,75.72000122070312,75.66999816894531,75.69000244140625,15872,0.0,0.0,0.0
2024-10-08 15:55:00-04:00,75.69000244140625,75.87999725341797,75.66000366210938,75.80000305175781,68510,0.0,0.0,0.0
2024-10-09 09:30:00-04:00,75.44000244140625,75.58000183105469,75.44000244140625,75.51000213623047,27961,0.0,0.0,0.0
2024-10-09 09:35:00-04:00,75.50569915771484,75.60459899902344,75.45999908447266,75.5,10213,0.0,0.0,0.0
2024-10-09 09:40:00-04:00,75.45999908447266,75.58000183105469,75.45960235595703,75.58000183105469,9971,0.0,0.0,0.0
2024-10-09 09:45:00-04:00,75.52999877929688,75.58989715576172,75.50499725341797,75.52999877929688,9004,0.0,0.0,0.0
2024-10-09 09:50:00-04:00,75.52999877929688,75.55999755859375,75.51000213623047,75.51000213623047,4141,0.0,0.0,0.0
2024-10-09 09:55:00-04:00,75.51000213623047,75.51000213623047,75.45999908447266,75.4800033569336,6979,0.0,0.0,0.0
2024-10-09 10:00:00-04:00,75.45999908447266,75.56999969482422,75.45010375976562,75.55999755859375,6073,0.0,0.0,0.0
2024-10-09 10:05:00-04:00,75.56999969482422,75.5999984741211,75.54989624023438,75.58000183105469,4471,0.0,0.0,0.0
2024-10-09 10:10:00-04:00,75.62000274658203,75.69999694824219,75.5999984741211,75.5999984741211,7338,0.0,0.0,0.0
2024-10-09 10:15:00-04:00,75.5999984741211,75.62999725341797,75.55999755859375,75.61000061035156,4557,0.0,0.0,0.0
2024-10-09 10:20:00-04:00,75.62000274658203,75.69000244140625,75.6135025024414,75.66239929199219,4895,0.0,0.0,0.0
2024-10-09 10:25:00-04:00,75.66120147705078,75.70999908447266,75.63999938964844,75.70999908447266,3996,0.0,0.0,0.0
2024-10-09 10:30:00-04:00,75.72000122070312,75.73999786376953,75.68000030517578,75.72000122070312,5473,0.0,0.0,0.0
2024-10-09 10:35:00-04:00,75.73999786376953,75.80000305175781,75.69999694824219,75.75129699707031,10716,0.0,0.0,0.0
2024-10-09 10:40:00-04:00,75.69999694824219,75.70999908447266,75.66000366210938,75.70999908447266,2568,0.0,0.0,0.0
2024-10-09 10:45:00-04:00,75.7249984741211,75.7249984741211,75.69000244140625,75.72000122070312,10571,0.0,0.0,0.0
2024-10-09 10:50:00-04:00,75.69999694824219,75.69999694824219,75.62999725341797,75.62999725341797,4245,0.0,0.0,0.0
2024-10-09 10:55:00-04:00,75.61000061035156,75.70379638671875,75.61000061035156,75.66000366210938,5602,0.0,0.0,0.0
2024-10-09 11:00:00-04:00,75.66000366210938,75.66999816894531,75.62999725341797,75.6500015258789,2204,0.0,0.0,0.0
2024-10-09 11:05:00-04:00,75.63999938964844,75.7052001953125,75.62999725341797,75.63710021972656,3609,0.0,0.0,0.0
2024-10-09 11:10:00-04:00,75.66950225830078,75.66950225830078,75.61000061035156,75.61499786376953,6989,0.0,0.0,0.0
2024-10-09 11:15:00-04:00,75.62999725341797,75.66500091552734,75.60310363769531,75.6500015258789,2920,0.0,0.0,0.0
2024-10-09 11:20:00-04:00,75.66010284423828,75.66999816894531,75.5999984741211,75.5999984741211,52600,0.0,0.0,0.0
2024-10-09 11:25:00-04:00,75.58999633789062,75.5999984741211,75.52339935302734,75.52999877929688,21925,0.0,0.0,0.0
2024-10-09 11:30:00-04:00,75.55999755859375,75.58999633789062,75.53009796142578,75.58999633789062,2767,0.0,0.0,0.0
2024-10-09 11:35:00-04:00,75.59500122070312,75.61000061035156,75.59159851074219,75.60099792480469,8433,0.0,0.0,0.0
2024-10-09 11:40:00-04:00,75.58999633789062,75.62000274658203,75.58999633789062,75.61000061035156,14248,0.0,0.0,0.0
2024-10-09 11:45:00-04:00,75.58000183105469,75.6500015258789,75.58000183105469,75.6500015258789,1547,0.0,0.0,0.0
2024-10-09 11:50:00-04:00,75.58000183105469,75.58000183105469,75.51000213623047,75.5199966430664,5623,0.0,0.0,0.0
2024-10-09 11:55:00-04:00,75.52999877929688,75.54000091552734,75.51010131835938,75.54000091552734,2016,0.0,0.0,0.0
2024-10-09 12:00:00-04:00,75.56999969482422,75.56999969482422,75.5199966430664,75.5199966430664,10236,0.0,0.0,0.0
2024-10-09 12:05:00-04:00,75.52999877929688,75.57440185546875,75.52999877929688,75.52999877929688,2017,0.0,0.0,0.0
2024-10-09 12:10:00-04:00,75.51000213623047,75.51000213623047,75.48999786376953,75.5,10870,0.0,0.0,0.0
2024-10-09 12:15:00-04:00,75.4999008178711,75.4999008178711,75.43499755859375,75.44999694824219,1873,0.0,0.0,0.0
2024-10-09 12:20:00-04:00,75.4208984375,75.43289947509766,75.4000015258789,75.41000366210938,3298,0.0,0.0,0.0
2024-10-09 12:25:00-04:00,75.44999694824219,75.44999694824219,75.44000244140625,75.44000244140625,894,0.0,0.0,0.0
2024-10-09 12:30:00-04:00,75.41000366210938,75.41000366210938,75.3594970703125,75.3594970703125,3845,0.0,0.0,0.0
2024-10-09 12:35:00-04:00,75.36000061035156,75.4000015258789,75.36000061035156,75.38999938964844,4622,0.0,0.0,0.0
2024-10-09 12:40:00-04:00,75.3949966430664,75.3949966430664,75.36000061035156,75.38999938964844,1077,0.0,0.0,0.0
2024-10-09 12:45:00-04:00,75.375,75.38999938964844,75.33999633789062,75.36499786376953,4253,0.0,0.0,0.0
2024-10-09 12:50:00-04:00,75.36499786376953,75.37999725341797,75.3499984741211,75.37999725341797,1504,0.0,0.0,0.0
2024-10-09 12:55:00-04:00,75.4000015258789,75.4000015258789,75.30999755859375,75.30999755859375,3104,0.0,0.0,0.0
2024-10-09 13:00:00-04:00,75.3499984741211,75.3550033569336,75.26000213623047,75.29000091552734,3336,0.0,0.0,0.0
2024-10-09 13:05:00-04:00,75.26000213623047,75.26000213623047,75.12000274658203,75.19999694824219,17292,0.0,0.0,0.0
2024-10-09 13:10:00-04:00,75.19000244140625,75.27989959716797,75.19000244140625,75.26000213623047,9850,0.0,0.0,0.0
2024-10-09 13:15:00-04:00,75.25,75.37000274658203,75.25,75.37000274658203,5213,0.0,0.0,0.0
2024-10-09 13:20:00-04:00,75.33999633789062,75.3499984741211,75.22000122070312,75.26000213623047,5013,0.0,0.0,0.0
2024-10-09 13:25:00-04:00,75.23500061035156,75.28929901123047,75.2052001953125,75.20999908447266,3162,0.0,0.0,0.0
2024-10-09 13:30:00-04:00,75.2300033569336,75.2699966430664,75.20369720458984,75.20369720458984,2226,0.0,0.0,0.0
2024-10-09 13:35:00-04:00,75.23500061035156,75.23500061035156,75.17389678955078,75.18000030517578,29494,0.0,0.0,0.0
2024-10-09 13:40:00-04:00,75.17269897460938,75.18000030517578,75.08000183105469,75.08000183105469,12565,0.0,0.0,0.0
2024-10-09 13:45:00-04:00,75.06999969482422,75.07499694824219,75.01000213623047,75.0198974609375,6512,0.0,0.0,0.0
2024-10-09 13:50:00-04:00,75.0199966430664,75.07499694824219,75.00140380859375,75.05000305175781,8136,0.0,0.0,0.0
2024-10-09 13:55:00-04:00,75.05999755859375,75.16000366210938,75.02999877929688,75.02999877929688,2365,0.0,0.0,0.0
2024-10-09 14:00:00-04:00,75.06999969482422,75.16000366210938,75.06999969482422,75.16000366210938,1722,0.0,0.0,0.0
2024-10-09 14:05:00-04:00,75.16000366210938,75.16500091552734,75.11000061035156,75.12039947509766,5681,0.0,0.0,0.0
2024-10-09 14:10:00-04:00,75.13999938964844,75.18000030517578,75.12999725341797,75.15499877929688,1389,0.0,0.0,0.0
2024-10-09 14:15:00-04:00,75.12999725341797,75.21420288085938,75.12999725341797,75.21420288085938,1102,0.0,0.0,0.0
2024-10-09 14:20:00-04:00,75.19499969482422,75.25,75.1500015258789,75.23999786376953,25102,0.0,0.0,0.0
2024-10-09 14:25:00-04:00,75.29000091552734,75.41999816894531,75.29000091552734,75.41999816894531,13610,0.0,0.0,0.0
2024-10-09 14:30:00-04:00,75.42500305175781,75.42500305175781,75.33709716796875,75.36000061035156,5411,0.0,0.0,0.0
2024-10-09 14:35:00-04:00,75.3550033569336,75.3550033569336,75.33159637451172,75.33159637451172,1942,0.0,0.0,0.0
2024-10-09 14:40:00-04:00,75.33999633789062,75.3499984741211,75.2699966430664,75.30000305175781,2979,0.0,0.0,0.0
2024-10-09 14:45:00-04:00,75.30999755859375,75.30999755859375,75.29000091552734,75.29000091552734,1173,0.0,0.0,0.0
2024-10-09 14:50:00-04:00,75.28959655761719,75.29000091552734,75.25749969482422,75.26499938964844,1322,0.0,0.0,0.0
2024-10-09 14:55:00-04:00,75.25,75.36640167236328,75.23999786376953,75.26000213623047,2763,0.0,0.0,0.0
2024-10-09 15:00:00-04:00,75.30999755859375,75.31999969482422,75.30999755859375,75.3198013305664,1775,0.0,0.0,0.0
2024-10-09 15:05:00-04:00,75.33000183105469,75.33000183105469,75.27999877929688,75.30999755859375,3900,0.0,0.0,0.0
2024-10-09 15:10:00-04:00,75.30750274658203,75.30750274658203,75.24199676513672,75.26000213623047,6548,0.0,0.0,0.0
2024-10-09 15:15:00-04:00,75.26000213623047,75.2699966430664,75.25,75.26000213623047,6105,0.0,0.0,0.0
2024-10-09 15:20:00-04:00,75.25,75.2699966430664,75.25,75.26499938964844,1722,0.0,0.0,0.0
2024-10-09 15:25:00-04:00,75.26200103759766,75.27999877929688,75.2300033569336,75.25,17725,0.0,0.0,0.0
2024-10-09 15:30:00-04:00,75.256103515625,75.2699966430664,75.2300033569336,75.26000213623047,7081,0.0,0.0,0.0
2024-10-09 15:35:00-04:00,75.2699966430664,75.27259826660156,75.25,75.25,5155,0.0,0.0,0.0
2024-10-09 15:40:00-04:00,75.25,75.25,75.20999908447266,75.23999786376953,5670,0.0,0.0,0.0
2024-10-09 15:45:00-04:00,75.23999786376953,75.24490356445312,75.19499969482422,75.23607635498047,7748,0.0,0.0,0.0
2024-10-09 15:50:00-04:00,75.23500061035156,75.26000213623047,75.22730255126953,75.23999786376953,9356,0.0,0.0,0.0
2024-10-09 15:55:00-04:00,75.28399658203125,75.28399658203125,75.17859649658203,75.22000122070312,19851,0.0,0.0,0.0
2024-10-10 09:30:00-04:00,74.62999725341797,74.62999725341797,74.41010284423828,74.56999969482422,105600,0.0,0.0,0.0
2024-10-10 09:35:00-04:00,74.5199966430664,74.66960144042969,74.51000213623047,74.52999877929688,22790,0.0,0.0,0.0
2024-10-10 09:40:00-04:00,74.5250015258789,74.62999725341797,74.5250015258789,74.55979919433594,150517,0.0,0.0,0.0
2024-10-10 09:45:00-04:00,74.55000305175781,74.61000061035156,74.45500183105469,74.5979995727539,28827,0.0,0.0,0.0
2024-10-10 09:50:00-04:00,74.68000030517578,74.7699966430664,74.63939666748047,74.69999694824219,50765,0.0,0.0,0.0
2024-10-10 09:55:00-04:00,74.71299743652344,74.73999786376953,74.55999755859375,74.56999969482422,16460,0.0,0.0,0.0
2024-10-10 10:00:00-04:00,74.54000091552734,74.73660278320312,74.54000091552734,74.69000244140625,5978,0.0,0.0,0.0
2024-10-10 10:05:00-04:00,74.66010284423828,74.66010284423828,74.54000091552734,74.56999969482422,6807,0.0,0.0,0.0
2024-10-10 10:10:00-04:00,74.55000305175781,74.75,74.51000213623047,74.63269805908203,75398,0.0,0.0,0.0
2024-10-10 10:15:00-04:00,74.58000183105469,74.77999877929688,74.43499755859375,74.43499755859375,52453,0.0,0.0,0.0
2024-10-10 10:20:00-04:00,74.43000030517578,74.47920227050781,74.38999938964844,74.38999938964844,17571,0.0,0.0,0.0
2024-10-10 10:25:00-04:00,74.4000015258789,74.4000015258789,74.30999755859375,74.3499984741211,8356,0.0,0.0,0.0
2024-10-10 10:30:00-04:00,74.38999938964844,74.5,74.37999725341797,74.38500213623047,8653,0.0,0.0,0.0
2024-10-10 10:35:00-04:00,74.37000274658203,74.4000015258789,74.33499908447266,74.3489990234375,6240,0.0,0.0,0.0
2024-10-10 10:40:00-04:00,74.375,74.375,74.30000305175781,74.3270034790039,9303,0.0,0.0,0.0
2024-10-10 10:45:00-04:00,74.31500244140625,74.31500244140625,74.23799896240234,74.23999786376953,16801,0.0,0.0,0.0
2024-10-10 10:50:00-04:00,74.27999877929688,74.34600067138672,74.27999877929688,74.33000183105469,8989,0.0,0.0,0.0
2024-10-10 10:55:00-04:00,74.30999755859375,74.3499984741211,74.30999755859375,74.33000183105469,4720,0.0,0.0,0.0
2024-10-10 11:00:00-04:00,74.32830047607422,74.37000274658203,74.27999877929688,74.27999877929688,3068,0.0,0.0,0.0
2024-10-10 11:05:00-04:00,74.22380065917969,74.30999755859375,74.19000244140625,74.27999877929688,7529,0.0,0.0,0.0
2024-10-10 11:10:00-04:00,74.29000091552734,74.4000015258789,74.27999877929688,74.37000274658203,9437,0.0,0.0,0.0
2024-10-10 11:15:00-04:00,74.38999938964844,74.47899627685547,74.38999938964844,74.47899627685547,1808,0.0,0.0,0.0
2024-10-10 11:20:00-04:00,74.48999786376953,74.53500366210938,74.4800033569336,74.51000213623047,5904,0.0,0.0,0.0
2024-10-10 11:25:00-04:00,74.51000213623047,74.67990112304688,74.5,74.52999877929688,46294,0.0,0.0,0.0
2024-10-10 11:30:00-04:00,74.52999877929688,74.55909729003906,74.44499969482422,74.45999908447266,21050,0.0,0.0,0.0
2024-10-10 11:35:00-04:00,74.45999908447266,74.56999969482422,74.44999694824219,74.52999877929688,0,0.0,0.0,0.0
2024-10-10 11:40:00-04:00,74.5199966430664,74.56999969482422,74.51000213623047,74.56999969482422,710065,0.0,0.0,0.0
2024-10-10 11:45:00-04:00,74.55999755859375,74.56999969482422,74.51000213623047,74.51000213623047,14363,0.0,0.0,0.0
2024-10-10 11:50:00-04:00,74.5000991821289,74.54000091552734,74.5000991821289,74.53009796142578,993,0.0,0.0,0.0
2024-10-10 11:55:00-04:00,74.54499816894531,74.5697021484375,74.54000091552734,74.55999755859375,4722,0.0,0.0,0.0
2024-10-10 12:00:00-04:00,74.59870147705078,74.59870147705078,74.55999755859375,74.55999755859375,2207,0.0,0.0,0.0
2024-10-10 12:05:00-04:00,74.5,74.55999755859375,74.5,74.55000305175781,5525,0.0,0.0,0.0
2024-10-10 12:10:00-04:00,74.58000183105469,74.6500015258789,74.58000183105469,74.61000061035156,2964,0.0,0.0,0.0
2024-10-10 12:15:00-04:00,74.5999984741211,74.5999984741211,74.55010223388672,74.56999969482422,4854,0.0,0.0,0.0
2024-10-10 12:20:00-04:00,74.55999755859375,74.55999755859375,74.5199966430664,74.54769897460938,4353,0.0,0.0,0.0
2024-10-10 12:25:00-04:00,74.5199966430664,74.60890197753906,74.5199966430664,74.6082992553711,2984,0.0,0.0,0.0
2024-10-10 12:30:00-04:00,74.59649658203125,74.64679718017578,74.5199966430664,74.52999877929688,14916,0.0,0.0,0.0
2024-10-10 12:35:00-04:00,74.51000213623047,74.51000213623047,74.43000030517578,74.43000030517578,9947,0.0,0.0,0.0
2024-10-10 12:40:00-04:00,74.38999938964844,74.39250183105469,74.2699966430664,74.27999877929688,4553,0.0,0.0,0.0
2024-10-10 12:45:00-04:00,74.29000091552734,74.29000091552734,74.19999694824219,74.22000122070312,10172,0.0,0.0,0.0
2024-10-10 12:50:00-04:00,74.2300033569336,74.23999786376953,74.18000030517578,74.18000030517578,7250,0.0,0.0,0.0
2024-10-10 12:55:00-04:00,74.18000030517578,74.23860168457031,73.9800033569336,74.01000213623047,21596,0.0,0.0,0.0
2024-10-10 13:00:00-04:00,74.05999755859375,74.31999969482422,74.04000091552734,74.2750015258789,211227,0.0,0.0,0.0
2024-10-10 13:05:00-04:00,74.2750015258789,74.27999877929688,74.1500015258789,74.26000213623047,31556,0.0,0.0,0.0
2024-10-10 13:10:00-04:00,74.25170135498047,74.30999755859375,74.0999984741211,74.19000244140625,46265,0.0,0.0,0.0
2024-10-10 13:15:00-04:00,74.18000030517578,74.23999786376953,74.18000030517578,74.19999694824219,10660,0.0,0.0,0.0
2024-10-10 13:20:00-04:00,74.19999694824219,74.30000305175781,74.19999694824219,74.25,79583,0.0,0.0,0.0
2024-10-10 13:25:00-04:00,74.26000213623047,74.26809692382812,74.18000030517578,74.19000244140625,13139,0.0,0.0,0.0
2024-10-10 13:30:00-04:00,74.18000030517578,74.22000122070312,74.11000061035156,74.1500015258789,15039,0.0,0.0,0.0
2024-10-10 13:35:00-04:00,74.18000030517578,74.25,74.16999816894531,74.22000122070312,10799,0.0,0.0,0.0
2024-10-10 13:40:00-04:00,74.23999786376953,74.30989837646484,74.19999694824219,74.23999786376953,11863,0.0,0.0,0.0
2024-10-10 13:45:00-04:00,74.23999786376953,74.29949951171875,74.22000122070312,74.29000091552734,16500,0.0,0.0,0.0
2024-10-10 13:50:00-04:00,74.2699966430664,74.31999969482422,74.19999694824219,74.25,16147,0.0,0.0,0.0
2024-10-10 13:55:00-04:00,74.2699966430664,74.33000183105469,74.2300033569336,74.29499816894531,18477,0.0,0.0,0.0
2024-10-10 14:00:00-04:00,74.29000091552734,74.37999725341797,74.22000122070312,74.31999969482422,21168,0.0,0.0,0.0
2024-10-10 14:05:00-04:00,74.31999969482422,74.41999816894531,74.27999877929688,74.41999816894531,16203,0.0,0.0,0.0
2024-10-10 14:10:00-04:00,74.41999816894531,74.42520141601562,74.33000183105469,74.36000061035156,26144,0.0,0.0,0.0
2024-10-10 14:15:00-04:00,74.36000061035156,74.39029693603516,74.30999755859375,74.33999633789062,17393,0.0,0.0,0.0
2024-10-10 14:20:00-04:00,74.33999633789062,74.37000274658203,74.30999755859375,74.36000061035156,17657,0.0,0.0,0.0
2024-10-10 14:25:00-04:00,74.36000061035156,74.38999938964844,74.33000183105469,74.33999633789062,20783,0.0,0.0,0.0
2024-10-10 14:30:00-04:00,74.33000183105469,74.375,74.29000091552734,74.33000183105469,22988,0.0,0.0,0.0
2024-10-10 14:35:00-04:00,74.33999633789062,74.47000122070312,74.33999633789062,74.47000122070312,19696,0.0,0.0,0.0
2024-10-10 14:40:00-04:00,74.44999694824219,74.4800033569336,74.43000030517578,74.43000030517578,23332,0.0,0.0,0.0
2024-10-10 14:45:00-04:00,74.43000030517578,74.48999786376953,74.41000366210938,74.47000122070312,23657,0.0,0.0,0.0
2024-10-10 14:50:00-04:00,74.4749984741211,74.4749984741211,74.4000015258789,74.4000015258789,27230,0.0,0.0,0.0
2024-10-10 14:55:00-04:00,74.4000015258789,74.41000366210938,74.3499984741211,74.37000274658203,24796,0.0,0.0,0.0
2024-10-10 15:00:00-04:00,74.37000274658203,74.4000015258789,74.3499984741211,74.38500213623047,25509,0.0,0.0,0.0
2024-10-10 15:05:00-04:00,74.38999938964844,74.41000366210938,74.37000274658203,74.4000015258789,15732,0.0,0.0,0.0
2024-10-10 15:10:00-04:00,74.38999938964844,74.47000122070312,74.38999938964844,74.45999908447266,25588,0.0,0.0,0.0
2024-10-10 15:15:00-04:00,74.45999908447266,74.48999786376953,74.44000244140625,74.44499969482422,23549,0.0,0.0,0.0
2024-10-10 15:20:00-04:00,74.4800033569336,74.53990173339844,74.44000244140625,74.51000213623047,29383,0.0,0.0,0.0
2024-10-10 15:25:00-04:00,74.51000213623047,74.5199966430664,74.43000030517578,74.44000244140625,26731,0.0,0.0,0.0
2024-10-10 15:30:00-04:00,74.44999694824219,74.54000091552734,74.43000030517578,74.51000213623047,34260,0.0,0.0,0.0
2024-10-10 15:35:00-04:00,74.4800033569336,74.62999725341797,74.4800033569336,74.61000061035156,19490,0.0,0.0,0.0
2024-10-10 15:40:00-04:00,74.62740325927734,74.70999908447266,74.5999984741211,74.69999694824219,90435,0.0,0.0,0.0
2024-10-10 15:45:00-04:00,74.69999694824219,74.72000122070312,74.66999816894531,74.69000244140625,549618,0.0,0.0,0.0
2024-10-10 15:50:00-04:00,74.69999694824219,74.70999908447266,74.63500213623047,74.6500015258789,22583,0.0,0.0,0.0
2024-10-10 15:55:00-04:00,74.66000366210938,74.73999786376953,74.63500213623047,74.73999786376953,23588,0.0,0.0,0.0
2024-10-11 09:30:00-04:00,74.0,74.13990020751953,73.94000244140625,74.08999633789062,57819,0.0,0.0,0.0
2024-10-11 09:35:00-04:00,74.06009674072266,74.17870330810547,74.0199966430664,74.05000305175781,80725,0.0,0.0,0.0
2024-10-11 09:40:00-04:00,74.16999816894531,74.19000244140625,74.11000061035156,74.13999938964844,16147,0.0,0.0,0.0
2024-10-11 09:45:00-04:00,74.12999725341797,74.23480224609375,74.12999725341797,74.13050079345703,4996,0.0,0.0,0.0
2024-10-11 09:50:00-04:00,74.12999725341797,74.13349914550781,74.01000213623047,74.11000061035156,31984,0.0,0.0,0.0
2024-10-11 09:55:00-04:00,74.06999969482422,74.12000274658203,74.04010009765625,74.08300018310547,34359,0.0,0.0,0.0
2024-10-11 10:00:00-04:00,74.12999725341797,74.29000091552734,74.05999755859375,74.05999755859375,22980,0.0,0.0,0.0
2024-10-11 10:05:00-04:00,74.06999969482422,74.1318130493164,74.05000305175781,74.07499694824219,5315,0.0,0.0,0.0
2024-10-11 10:10:00-04:00,74.08499908447266,74.1500015258789,74.06009674072266,74.11000061035156,11414,0.0,0.0,0.0
2024-10-11 10:15:00-04:00,74.2061996459961,74.2061996459961,74.14910125732422,74.19999694824219,1869,0.0,0.0,0.0
2024-10-11 10:20:00-04:00,74.16999816894531,74.16999816894531,74.12100219726562,74.12100219726562,8026,0.0,0.0,0.0
2024-10-11 10:25:00-04:00,74.11000061035156,74.1500015258789,74.09750366210938,74.09960174560547,10514,0.0,0.0,0.0
2024-10-11 10:30:00-04:00,74.12000274658203,74.18000030517578,74.11219787597656,74.15499877929688,11544,0.0,0.0,0.0
2024-10-11 10:35:00-04:00,74.1500015258789,74.27999877929688,74.1500015258789,74.27999877929688,40153,0.0,0.0,0.0
2024-10-11 10:40:00-04:00,74.28500366210938,74.3479995727539,74.2750015258789,74.30000305175781,3778,0.0,0.0,0.0
2024-10-11 10:45:00-04:00,74.29499816894531,74.33000183105469,74.28309631347656,74.33000183105469,5379,0.0,0.0,0.0
2024-10-11 10:50:00-04:00,74.3499984741211,74.41000366210938,74.33999633789062,74.36000061035156,6927,0.0,0.0,0.0
2024-10-11 10:55:00-04:00,74.39749908447266,74.40989685058594,74.2300033569336,74.2300033569336,7030,0.0,0.0,0.0
2024-10-11 11:00:00-04:00,74.25530242919922,74.30000305175781,74.21009826660156,74.30000305175781,12216,0.0,0.0,0.0
2024-10-11 11:05:00-04:00,74.2699966430664,74.3499984741211,74.2699966430664,74.33999633789062,5317,0.0,0.0,0.0
2024-10-11 11:10:00-04:00,74.33499908447266,74.37920379638672,74.33499908447266,74.37920379638672,775,0.0,0.0,0.0
2024-10-11 11:15:00-04:00,74.33999633789062,74.44000244140625,74.33999633789062,74.44000244140625,2682,0.0,0.0,0.0
2024-10-11 11:20:00-04:00,74.37999725341797,74.42759704589844,74.37999725341797,74.41539764404297,1914,0.0,0.0,0.0
2024-10-11 11:25:00-04:00,74.51429748535156,74.51429748535156,74.48500061035156,74.48500061035156,517,0.0,0.0,0.0
2024-10-11 11:30:00-04:00,74.54000091552734,74.6093978881836,74.5,74.6093978881836,8308,0.0,0.0,0.0
2024-10-11 11:35:00-04:00,74.62539672851562,74.62539672851562,74.5199966430664,74.5199966430664,3689,0.0,0.0,0.0
2024-10-11 11:40:00-04:00,74.51499938964844,74.51499938964844,74.45999908447266,74.45999908447266,4756,0.0,0.0,0.0
2024-10-11 11:45:00-04:00,74.45999908447266,74.48999786376953,74.39839935302734,74.39839935302734,6076,0.0,0.0,0.0
2024-10-11 11:50:00-04:00,74.4000015258789,74.43000030517578,74.38999938964844,74.43000030517578,6372,0.0,0.0,0.0
2024-10-11 11:55:00-04:00,74.43000030517578,74.48999786376953,74.43000030517578,74.4749984741211,7551,0.0,0.0,0.0
2024-10-11 12:00:00-04:00,74.48999786376953,74.5199966430664,74.41010284423828,74.5199966430664,9349,0.0,0.0,0.0
2024-10-11 12:05:00-04:00,74.52999877929688,74.52999877929688,74.48999786376953,74.5199966430664,6684,0.0,0.0,0.0
2024-10-11 12:10:00-04:00,74.54000091552734,74.55619812011719,74.45999908447266,74.45999908447266,8692,0.0,0.0,0.0
2024-10-11 12:15:00-04:00,74.45999908447266,74.53800201416016,74.44000244140625,74.5199966430664,4740,0.0,0.0,0.0
2024-10-11 12:20:00-04:00,74.5199966430664,74.54000091552734,74.49320220947266,74.5199966430664,3971,0.0,0.0,0.0
2024-10-11 12:25:00-04:00,74.52999877929688,74.59629821777344,74.52999877929688,74.5531997680664,8131,0.0,0.0,0.0
2024-10-11 12:30:00-04:00,74.55500030517578,74.55500030517578,74.52549743652344,74.55500030517578,3910,0.0,0.0,0.0
2024-10-11 12:35:00-04:00,74.55000305175781,74.58550262451172,74.53759765625,74.58000183105469,6649,0.0,0.0,0.0
2024-10-11 12:40:00-04:00,74.55999755859375,74.58999633789062,74.54000091552734,74.55000305175781,4152,0.0,0.0,0.0
2024-10-11 12:45:00-04:00,74.55000305175781,74.58409881591797,74.5199966430664,74.54000091552734,4438,0.0,0.0,0.0
2024-10-11 12:50:00-04:00,74.54000091552734,74.62999725341797,74.54000091552734,74.62999725341797,4609,0.0,0.0,0.0
2024-10-11 12:55:00-04:00,74.5999984741211,74.61029815673828,74.58999633789062,74.58999633789062,3364,0.0,0.0,0.0
2024-10-11 13:00:00-04:00,74.5999984741211,74.63999938964844,74.55000305175781,74.56999969482422,5547,0.0,0.0,0.0
2024-10-11 13:05:00-04:00,74.58999633789062,74.62000274658203,74.52999877929688,74.55000305175781,6866,0.0,0.0,0.0
2024-10-11 13:10:00-04:00,74.55000305175781,74.56999969482422,74.5199966430664,74.5199966430664,3977,0.0,0.0,0.0
2024-10-11 13:15:00-04:00,74.52999877929688,74.55000305175781,74.4800033569336,74.55000305175781,47669,0.0,0.0,0.0
2024-10-11 13:20:00-04:00,74.5199966430664,74.5613021850586,74.47000122070312,74.4800033569336,5386,0.0,0.0,0.0
2024-10-11 13:25:00-04:00,74.47000122070312,74.47000122070312,74.44499969482422,74.47000122070312,4107,0.0,0.0,0.0
2024-10-11 13:30:00-04:00,74.45999908447266,74.45999908447266,74.36000061035156,74.36000061035156,3953,0.0,0.0,0.0
2024-10-11 13:35:00-04:00,74.37000274658203,74.3949966430664,74.3499984741211,74.3499984741211,18974,0.0,0.0,0.0
2024-10-11 13:40:00-04:00,74.3499984741211,74.3949966430664,74.3499984741211,74.38999938964844,8175,0.0,0.0,0.0
2024-10-11 13:45:00-04:00,74.38999938964844,74.38999938964844,74.33999633789062,74.3499984741211,3440,0.0,0.0,0.0
2024-10-11 13:50:00-04:00,74.3499984741211,74.3499984741211,74.31999969482422,74.33999633789062,2250,0.0,0.0,0.0
2024-10-11 13:55:00-04:00,74.3499984741211,74.43000030517578,74.33830261230469,74.43000030517578,4180,0.0,0.0,0.0
2024-10-11 14:00:00-04:00,74.4000015258789,74.41000366210938,74.37000274658203,74.37999725341797,3741,0.0,0.0,0.0
2024-10-11 14:05:00-04:00,74.37999725341797,74.41000366210938,74.37000274658203,74.4000015258789,6658,0.0,0.0,0.0
2024-10-11 14:10:00-04:00,74.40499877929688,74.41500091552734,74.3949966430664,74.3949966430664,2982,0.0,0.0,0.0
2024-10-11 14:15:00-04:00,74.4000015258789,74.43000030517578,74.37999725341797,74.43000030517578,7328,0.0,0.0,0.0
2024-10-11 14:20:00-04:00,74.4000015258789,74.44999694824219,74.38999938964844,74.44000244140625,4052,0.0,0.0,0.0
2024-10-11 14:25:00-04:00,74.44000244140625,74.4800033569336,74.44000244140625,74.45999908447266,4334,0.0,0.0,0.0
2024-10-11 14:30:00-04:00,74.45999908447266,74.47000122070312,74.41000366210938,74.41999816894531,3473,0.0,0.0,0.0
2024-10-11 14:35:00-04:00,74.45610046386719,74.45999908447266,74.41010284423828,74.44999694824219,4171,0.0,0.0,0.0
2024-10-11 14:40:00-04:00,74.44999694824219,74.44999694824219,74.4000015258789,74.41000366210938,6585,0.0,0.0,0.0
2024-10-11 14:45:00-04:00,74.41500091552734,74.48999786376953,74.4000015258789,74.4800033569336,7497,0.0,0.0,0.0
2024-10-11 14:50:00-04:00,74.44999694824219,74.5,74.43000030517578,74.47000122070312,4472,0.0,0.0,0.0
2024-10-11 14:55:00-04:00,74.47000122070312,74.5,74.44499969482422,74.48809814453125,13452,0.0,0.0,0.0
2024-10-11 15:00:00-04:00,74.47000122070312,74.4800033569336,74.4000015258789,74.4000015258789,7023,0.0,0.0,0.0
2024-10-11 15:05:00-04:00,74.41000366210938,74.43000030517578,74.39119720458984,74.41000366210938,4281,0.0,0.0,0.0
2024-10-11 15:10:00-04:00,74.41000366210938,74.44999694824219,74.4000015258789,74.41929626464844,6885,0.0,0.0,0.0
2024-10-11 15:15:00-04:00,74.4000015258789,74.44999694824219,74.37999725341797,74.37999725341797,4819,0.0,0.0,0.0
2024-10-11 15:20:00-04:00,74.37000274658203,74.38999938964844,74.33999633789062,74.36000061035156,7323,0.0,0.0,0.0
2024-10-11 15:25:00-04:00,74.36000061035156,74.36499786376953,74.33000183105469,74.33999633789062,5385,0.0,0.0,0.0
2024-10-11 15:30:00-04:00,74.33000183105469,74.36000061035156,74.31999969482422,74.31999969482422,8266,0.0,0.0,0.0
2024-10-11 15:35:00-04:00,74.31999969482422,74.3499984741211,74.30000305175781,74.31999969482422,15518,0.0,0.0,0.0
2024-10-11 15:40:00-04:00,74.30999755859375,74.32990264892578,74.30000305175781,74.30999755859375,6417,0.0,0.0,0.0
2024-10-11 15:45:00-04:00,74.30999755859375,74.36000061035156,74.27999877929688,74.3550033569336,16097,0.0,0.0,0.0
2024-10-11 15:50:00-04:00,74.3499984741211,74.38990020751953,74.33999633789062,74.3499984741211,11819,0.0,0.0,0.0
2024-10-11 15:55:00-04:00,74.3499984741211,74.36000061035156,74.26000213623047,74.27999877929688,20223,0.0,0.0,0.0
2024-10-14 09:30:00-04:00,73.51000213623047,73.56500244140625,73.4800033569336,73.49479675292969,62910,0.0,0.0,0.0
2024-10-14 09:35:00-04:00,73.51000213623047,73.54000091552734,73.45999908447266,73.48500061035156,21329,0.0,0.0,0.0
2024-10-14 09:40:00-04:00,73.4801025390625,73.58999633789062,73.4801025390625,73.55010223388672,10074,0.0,0.0,0.0
2024-10-14 09:45:00-04:00,73.56999969482422,73.58999633789062,73.5000991821289,73.52999877929688,12037,0.0,0.0,0.0
2024-10-14 09:50:00-04:00,73.52999877929688,73.52999877929688,73.4800033569336,73.4800033569336,16565,0.0,0.0,0.0
2024-10-14 09:55:00-04:00,73.47000122070312,73.47100067138672,73.41999816894531,73.44999694824219,13173,0.0,0.0,0.0
2024-10-14 10:00:00-04:00,73.43309783935547,73.47989654541016,73.42009735107422,73.47689819335938,9432,0.0,0.0,0.0
2024-10-14 10:05:00-04:00,73.44000244140625,73.4800033569336,73.43000030517578,73.47989654541016,13858,0.0,0.0,0.0
2024-10-14 10:10:00-04:00,73.47309875488281,73.4800033569336,73.45059967041016,73.4800033569336,9926,0.0,0.0,0.0
2024-10-14 10:15:00-04:00,73.52999877929688,73.55999755859375,73.5250015258789,73.55999755859375,3772,0.0,0.0,0.0
2024-10-14 10:20:00-04:00,73.55989837646484,73.55999755859375,73.49549865722656,73.55999755859375,9115,0.0,0.0,0.0
2024-10-14 10:25:00-04:00,73.55000305175781,73.62750244140625,73.55000305175781,73.62750244140625,4463,0.0,0.0,0.0
2024-10-14 10:30:00-04:00,73.62999725341797,73.62999725341797,73.58999633789062,73.58999633789062,3037,0.0,0.0,0.0
2024-10-14 10:35:00-04:00,73.56999969482422,73.5999984741211,73.56500244140625,73.5999984741211,1115,0.0,0.0,0.0
2024-10-14 10:40:00-04:00,73.58999633789062,73.66500091552734,73.57530212402344,73.66500091552734,5496,0.0,0.0,0.0
2024-10-14 10:45:00-04:00,73.68000030517578,73.70970153808594,73.66000366210938,73.68299865722656,2427,0.0,0.0,0.0
2024-10-14 10:50:00-04:00,73.69499969482422,73.73999786376953,73.6801986694336,73.7219009399414,4212,0.0,0.0,0.0
2024-10-14 10:55:00-04:00,73.74299621582031,73.77999877929688,73.73300170898438,73.76899719238281,1799,0.0,0.0,0.0
2024-10-14 11:00:00-04:00,73.80000305175781,73.80000305175781,73.7301025390625,73.7301025390625,4170,0.0,0.0,0.0
2024-10-14 11:05:00-04:00,73.75499725341797,73.77950286865234,73.75499725341797,73.77420043945312,3574,0.0,0.0,0.0
2024-10-14 11:10:00-04:00,73.79190063476562,73.81990051269531,73.79190063476562,73.80999755859375,4430,0.0,0.0,0.0
2024-10-14 11:15:00-04:00,73.7699966430664,73.83689880371094,73.7699966430664,73.77010345458984,4144,0.0,0.0,0.0
2024-10-14 11:20:00-04:00,73.7699966430664,73.83000183105469,73.7699966430664,73.81500244140625,3866,0.0,0.0,0.0
2024-10-14 11:25:00-04:00,73.81690216064453,73.86000061035156,73.80239868164062,73.85800170898438,12851,0.0,0.0,0.0
2024-10-14 11:30:00-04:00,73.85009765625,73.94249725341797,73.85009765625,73.94249725341797,3013,0.0,0.0,0.0
2024-10-14 11:35:00-04:00,73.93009948730469,73.97000122070312,73.93009948730469,73.94499969482422,2797,0.0,0.0,0.0
2024-10-14 11:40:00-04:00,73.91500091552734,73.97000122070312,73.91500091552734,73.9541015625,2702,0.0,0.0,0.0
2024-10-14 11:45:00-04:00,73.95999908447266,73.95999908447266,73.91999816894531,73.91999816894531,583,0.0,0.0,0.0
2024-10-14 11:50:00-04:00,73.93199920654297,73.95919799804688,73.91000366210938,73.91000366210938,3235,0.0,0.0,0.0
2024-10-14 11:55:00-04:00,73.93000030517578,73.95989990234375,73.9176025390625,73.9176025390625,1595,0.0,0.0,0.0
2024-10-14 12:00:00-04:00,73.91609954833984,73.93499755859375,73.89910125732422,73.91999816894531,2722,0.0,0.0,0.0
2024-10-14 12:05:00-04:00,73.91999816894531,73.92510223388672,73.875,73.875,1008,0.0,0.0,0.0
2024-10-14 12:10:00-04:00,73.85870361328125,73.87999725341797,73.85870361328125,73.87999725341797,1222,0.0,0.0,0.0
2024-10-14 12:15:00-04:00,73.88500213623047,73.95999908447266,73.88500213623047,73.9092025756836,2935,0.0,0.0,0.0
2024-10-14 12:20:00-04:00,73.94989776611328,73.94989776611328,73.9000015258789,73.9000015258789,3317,0.0,0.0,0.0
2024-10-14 12:25:00-04:00,73.87010192871094,73.9000015258789,73.87010192871094,73.89900207519531,3191,0.0,0.0,0.0
2024-10-14 12:35:00-04:00,73.85320281982422,73.875,73.85320281982422,73.875,1693,0.0,0.0,0.0
2024-10-14 12:40:00-04:00,73.87999725341797,73.87999725341797,73.8499984741211,73.8499984741211,3054,0.0,0.0,0.0
2024-10-14 12:45:00-04:00,73.84989929199219,73.84989929199219,73.80760192871094,73.81009674072266,2115,0.0,0.0,0.0
2024-10-14 12:50:00-04:00,73.83899688720703,73.8550033569336,73.83899688720703,73.84750366210938,437,0.0,0.0,0.0
2024-10-14 12:55:00-04:00,73.82499694824219,73.82499694824219,73.82340240478516,73.82340240478516,964,0.0,0.0,0.0
2024-10-14 13:00:00-04:00,73.81999969482422,73.86900329589844,73.81999969482422,73.86900329589844,1095,0.0,0.0,0.0
2024-10-14 13:05:00-04:00,73.83999633789062,73.87000274658203,73.83999633789062,73.87000274658203,481,0.0,0.0,0.0
2024-10-14 13:10:00-04:00,73.9000015258789,73.9000015258789,73.87000274658203,73.87000274658203,960,0.0,0.0,0.0
2024-10-14 13:15:00-04:00,73.86000061035156,73.86000061035156,73.8499984741211,73.86000061035156,1616,0.0,0.0,0.0
2024-10-14 13:20:00-04:00,73.83999633789062,73.86000061035156,73.83999633789062,73.86000061035156,1728,0.0,0.0,0.0
2024-10-14 13:25:00-04:00,73.87969970703125,73.87999725341797,73.83999633789062,73.83999633789062,68806,0.0,0.0,0.0
2024-10-14 13:30:00-04:00,73.83499908447266,73.87000274658203,73.83499908447266,73.87000274658203,1422,0.0,0.0,0.0
2024-10-14 13:35:00-04:00,73.85880279541016,73.85880279541016,73.8218002319336,73.8292007446289,2763,0.0,0.0,0.0
2024-10-14 13:40:00-04:00,73.845703125,73.87000274658203,73.84500122070312,73.87000274658203,4651,0.0,0.0,0.0
2024-10-14 13:45:00-04:00,73.82009887695312,73.87000274658203,73.82009887695312,73.83869934082031,1896,0.0,0.0,0.0
2024-10-14 13:50:00-04:00,73.83470153808594,73.87000274658203,73.83000183105469,73.84750366210938,45402,0.0,0.0,0.0
2024-10-14 13:55:00-04:00,73.83999633789062,73.87779998779297,73.83999633789062,73.86000061035156,21794,0.0,0.0,0.0
2024-10-14 14:00:00-04:00,73.8499984741211,73.93000030517578,73.8499984741211,73.91999816894531,16171,0.0,0.0,0.0
2024-10-14 14:05:00-04:00,73.91000366210938,73.91000366210938,73.87999725341797,73.87999725341797,16602,0.0,0.0,0.0
2024-10-14 14:10:00-04:00,73.87999725341797,73.93280029296875,73.87010192871094,73.87010192871094,5292,0.0,0.0,0.0
2024-10-14 14:15:00-04:00,73.87999725341797,73.94000244140625,73.87409973144531,73.88999938964844,17192,0.0,0.0,0.0
2024-10-14 14:20:00-04:00,73.90840148925781,73.92749786376953,73.88999938964844,73.90370178222656,4513,0.0,0.0,0.0
2024-10-14 14:25:00-04:00,73.9000015258789,73.91000366210938,73.86499786376953,73.87000274658203,10707,0.0,0.0,0.0
2024-10-14 14:30:00-04:00,73.86000061035156,73.86499786376953,73.83999633789062,73.83999633789062,39289,0.0,0.0,0.0
2024-10-14 14:35:00-04:00,73.83999633789062,73.8499984741211,73.83000183105469,73.83999633789062,36624,0.0,0.0,0.0
2024-10-14 14:40:00-04:00,73.83999633789062,73.87000274658203,73.83999633789062,73.83999633789062,17600,0.0,0.0,0.0
2024-10-14 14:45:00-04:00,73.8499984741211,73.8499984741211,73.8499984741211,73.8499984741211,120,0.0,0.0,0.0
2024-10-14 14:50:00-04:00,73.83159637451172,73.83999633789062,73.83159637451172,73.83999633789062,620,0.0,0.0,0.0
2024-10-14 14:55:00-04:00,73.84500122070312,73.88500213623047,73.81999969482422,73.8499984741211,42384,0.0,0.0,0.0
2024-10-14 15:00:00-04:00,73.8499984741211,73.91500091552734,73.7699966430664,73.88999938964844,0,0.0,0.0,0.0
2024-10-14 15:05:00-04:00,73.94239807128906,73.9655990600586,73.87000274658203,73.91000366210938,767997,0.0,0.0,0.0
2024-10-14 15:10:00-04:00,73.94999694824219,73.95999908447266,73.93499755859375,73.93499755859375,1149,0.0,0.0,0.0
2024-10-14 15:15:00-04:00,73.97000122070312,74.0,73.96510314941406,73.9800033569336,4797,0.0,0.0,0.0
2024-10-14 15:20:00-04:00,73.97799682617188,74.0,73.9645004272461,74.0,5689,0.0,0.0,0.0
2024-10-14 15:25:00-04:00,74.02999877929688,74.05960083007812,74.0199966430664,74.0199966430664,4711,0.0,0.0,0.0
2024-10-14 15:30:00-04:00,74.04000091552734,74.05999755859375,74.02870178222656,74.05999755859375,8158,0.0,0.0,0.0
2024-10-14 15:35:00-04:00,74.04000091552734,74.05999755859375,74.02999877929688,74.05000305175781,4383,0.0,0.0,0.0
2024-10-14 15:40:00-04:00,74.05000305175781,74.0647964477539,74.02999877929688,74.03790283203125,3809,0.0,0.0,0.0
2024-10-14 15:45:00-04:00,74.04000091552734,74.0790023803711,74.02999877929688,74.0790023803711,5647,0.0,0.0,0.0
2024-10-14 15:50:00-04:00,74.05999755859375,74.08999633789062,74.04000091552734,74.06999969482422,11747,0.0,0.0,0.0
2024-10-14 15:55:00-04:00,74.08000183105469,74.23989868164062,74.08000183105469,74.16999816894531,18127,0.0,0.0,0.0
2024-10-15 09:30:00-04:00,75.12000274658203,75.20999908447266,75.11849975585938,75.20999908447266,81289,0.0,0.0,0.0
2024-10-15 09:35:00-04:00,75.19049835205078,75.45999908447266,75.11499786376953,75.22000122070312,22409,0.0,0.0,0.0
2024-10-15 09:40:00-04:00,75.22250366210938,75.2750015258789,75.19000244140625,75.25,6754,0.0,0.0,0.0
2024-10-15 09:45:00-04:00,75.2300033569336,75.23999786376953,75.18000030517578,75.18000030517578,7419,0.0,0.0,0.0
2024-10-15 09:50:00-04:00,75.18000030517578,75.18000030517578,75.0999984741211,75.13999938964844,6769,0.0,0.0,0.0
2024-10-15 09:55:00-04:00,75.1500015258789,75.1500015258789,75.11000061035156,75.12000274658203,6501,0.0,0.0,0.0
2024-10-15 10:00:00-04:00,75.1050033569336,75.12000274658203,75.08999633789062,75.08999633789062,14908,0.0,0.0,0.0
2024-10-15 10:05:00-04:00,75.0999984741211,75.19999694824219,75.09220123291016,75.19000244140625,36046,0.0,0.0,0.0
2024-10-15 10:10:00-04:00,75.19999694824219,75.29000091552734,75.19499969482422,75.27999877929688,27805,0.0,0.0,0.0
2024-10-15 10:15:00-04:00,75.27999877929688,75.34500122070312,75.25,75.34500122070312,22529,0.0,0.0,0.0
2024-10-15 10:20:00-04:00,75.36000061035156,75.43499755859375,75.35330200195312,75.37999725341797,37720,0.0,0.0,0.0
2024-10-15 10:25:00-04:00,75.37000274658203,75.37000274658203,75.31999969482422,75.31999969482422,6543,0.0,0.0,0.0
2024-10-15 10:30:00-04:00,75.30999755859375,75.37999725341797,75.30000305175781,75.37059783935547,12190,0.0,0.0,0.0
2024-10-15 10:35:00-04:00,75.3499984741211,75.4000015258789,75.30999755859375,75.4000015258789,2930,0.0,0.0,0.0
2024-10-15 10:40:00-04:00,75.4000015258789,75.54499816894531,75.4000015258789,75.5000991821289,16792,0.0,0.0,0.0
2024-10-15 10:45:00-04:00,75.5,75.55000305175781,75.44999694824219,75.53780364990234,18524,0.0,0.0,0.0
2024-10-15 10:50:00-04:00,75.51000213623047,75.5199966430664,75.39029693603516,75.41100311279297,11663,0.0,0.0,0.0
2024-10-15 10:55:00-04:00,75.42430114746094,75.42430114746094,75.26000213623047,75.2699966430664,13330,0.0,0.0,0.0
2024-10-15 11:00:00-04:00,75.2699966430664,75.36000061035156,75.23999786376953,75.36000061035156,27165,0.0,0.0,0.0
2024-10-15 11:05:00-04:00,75.3499984741211,75.41999816894531,75.33999633789062,75.40499877929688,5093,0.0,0.0,0.0
2024-10-15 11:10:00-04:00,75.41000366210938,75.4623031616211,75.41000366210938,75.45909881591797,9646,0.0,0.0,0.0
2024-10-15 11:15:00-04:00,75.44999694824219,75.44999694824219,75.38999938964844,75.43609619140625,3087,0.0,0.0,0.0
2024-10-15 11:20:00-04:00,75.4000015258789,75.44000244140625,75.3499984741211,75.3499984741211,129027,0.0,0.0,0.0
2024-10-15 11:25:00-04:00,75.34940338134766,75.44519805908203,75.34940338134766,75.41999816894531,2146,0.0,0.0,0.0
2024-10-15 11:30:00-04:00,75.41000366210938,75.44999694824219,75.41000366210938,75.41000366210938,3168,0.0,0.0,0.0
2024-10-15 11:35:00-04:00,75.41999816894531,75.52999877929688,75.41999816894531,75.50340270996094,2379,0.0,0.0,0.0
2024-10-15 11:40:00-04:00,75.5,75.53900146484375,75.5,75.52999877929688,601,0.0,0.0,0.0
2024-10-15 11:45:00-04:00,75.5248031616211,75.62999725341797,75.5199966430664,75.57599639892578,5722,0.0,0.0,0.0
2024-10-15 11:50:00-04:00,75.55999755859375,75.6260986328125,75.55000305175781,75.58280181884766,6195,0.0,0.0,0.0
2024-10-15 11:55:00-04:00,75.58999633789062,75.5999984741211,75.58999633789062,75.5999984741211,647,0.0,0.0,0.0
2024-10-15 12:00:00-04:00,75.54000091552734,75.54000091552734,75.48999786376953,75.48999786376953,8333,0.0,0.0,0.0
2024-10-15 12:05:00-04:00,75.48999786376953,75.49410247802734,75.44000244140625,75.44000244140625,5627,0.0,0.0,0.0
2024-10-15 12:10:00-04:00,75.41999816894531,75.49510192871094,75.41259765625,75.46009826660156,3080,0.0,0.0,0.0
2024-10-15 12:15:00-04:00,75.48690032958984,75.5199966430664,75.44999694824219,75.48999786376953,65376,0.0,0.0,0.0
2024-10-15 12:20:00-04:00,75.48999786376953,75.5551986694336,75.48999786376953,75.53379821777344,2945,0.0,0.0,0.0
2024-10-15 12:25:00-04:00,75.55000305175781,75.55000305175781,75.5,75.5,7352,0.0,0.0,0.0
2024-10-15 12:30:00-04:00,75.50150299072266,75.51200103759766,75.5,75.51000213623047,1289,0.0,0.0,0.0
2024-10-15 12:35:00-04:00,75.5,75.51499938964844,75.5,75.51499938964844,608,0.0,0.0,0.0
2024-10-15 12:40:00-04:00,75.51000213623047,75.51899719238281,75.49150085449219,75.49150085449219,2097,0.0,0.0,0.0
2024-10-15 12:45:00-04:00,75.51000213623047,75.54499816894531,75.51000213623047,75.54499816894531,2181,0.0,0.0,0.0
2024-10-15 12:50:00-04:00,75.55000305175781,75.56999969482422,75.55000305175781,75.55999755859375,2188,0.0,0.0,0.0
2024-10-15 12:55:00-04:00,75.55349731445312,75.55349731445312,75.5,75.5,1585,0.0,0.0,0.0
2024-10-15 13:00:00-04:00,75.47250366210938,75.4800033569336,75.43499755859375,75.43499755859375,2092,0.0,0.0,0.0
2024-10-15 13:05:00-04:00,75.44499969482422,75.47000122070312,75.44000244140625,75.44000244140625,2658,0.0,0.0,0.0
2024-10-15 13:10:00-04:00,75.43009948730469,75.45999908447266,75.43009948730469,75.44999694824219,1107,0.0,0.0,0.0
2024-10-15 13:15:00-04:00,75.48500061035156,75.48899841308594,75.46009826660156,75.48899841308594,614,0.0,0.0,0.0
2024-10-15 13:20:00-04:00,75.47200012207031,75.48999786376953,75.47200012207031,75.48999786376953,733,0.0,0.0,0.0
2024-10-15 13:25:00-04:00,75.51640319824219,75.51640319824219,75.4800033569336,75.4800033569336,1843,0.0,0.0,0.0
2024-10-15 13:30:00-04:00,75.48999786376953,75.5199966430664,75.48999786376953,75.5199966430664,683,0.0,0.0,0.0
2024-10-15 13:35:00-04:00,75.52940368652344,75.54000091552734,75.5,75.54000091552734,2170,0.0,0.0,0.0
2024-10-15 13:40:00-04:00,75.55000305175781,75.59459686279297,75.55000305175781,75.55999755859375,3274,0.0,0.0,0.0
2024-10-15 13:45:00-04:00,75.55999755859375,75.55999755859375,75.48590087890625,75.52999877929688,2704,0.0,0.0,0.0
2024-10-15 13:50:00-04:00,75.5250015258789,75.55899810791016,75.5250015258789,75.53410339355469,817,0.0,0.0,0.0
2024-10-15 13:55:00-04:00,75.55000305175781,75.55000305175781,75.52999877929688,75.52999877929688,2478,0.0,0.0,0.0
2024-10-15 14:00:00-04:00,75.55000305175781,75.58999633789062,75.55000305175781,75.58999633789062,2612,0.0,0.0,0.0
2024-10-15 14:05:00-04:00,75.58000183105469,75.5999984741211,75.56999969482422,75.5999984741211,2483,0.0,0.0,0.0
2024-10-15 14:10:00-04:00,75.6500015258789,75.6500015258789,75.58999633789062,75.63009643554688,2464,0.0,0.0,0.0
2024-10-15 14:15:00-04:00,75.65499877929688,75.69000244140625,75.65499877929688,75.69000244140625,3109,0.0,0.0,0.0
2024-10-15 14:20:00-04:00,75.69000244140625,75.69000244140625,75.62000274658203,75.62000274658203,5394,0.0,0.0,0.0
2024-10-15 14:25:00-04:00,75.6343994140625,75.66699981689453,75.62000274658203,75.66000366210938,1719,0.0,0.0,0.0
2024-10-15 14:30:00-04:00,75.66000366210938,75.69999694824219,75.66000366210938,75.69000244140625,2021,0.0,0.0,0.0
2024-10-15 14:35:00-04:00,75.71690368652344,75.71690368652344,75.693603515625,75.693603515625,1103,0.0,0.0,0.0
2024-10-15 14:40:00-04:00,75.68250274658203,75.68250274658203,75.63999938964844,75.6500015258789,2981,0.0,0.0,0.0
2024-10-15 14:45:00-04:00,75.65840148925781,75.69000244140625,75.65840148925781,75.69000244140625,8891,0.0,0.0,0.0
2024-10-15 14:50:00-04:00,75.68800354003906,75.68990325927734,75.62000274658203,75.62000274658203,5668,0.0,0.0,0.0
2024-10-15 14:55:00-04:00,75.63500213623047,75.66000366210938,75.58000183105469,75.58000183105469,2067,0.0,0.0,0.0
2024-10-15 15:00:00-04:00,75.55000305175781,75.58999633789062,75.55000305175781,75.56009674072266,4835,0.0,0.0,0.0
2024-10-15 15:05:00-04:00,75.5624008178711,75.65989685058594,75.5624008178711,75.6500015258789,19754,0.0,0.0,0.0
2024-10-15 15:10:00-04:00,75.66999816894531,75.7300033569336,75.63999938964844,75.7300033569336,13254,0.0,0.0,0.0
2024-10-15 15:15:00-04:00,75.7300033569336,75.80590057373047,75.7300033569336,75.77999877929688,3959,0.0,0.0,0.0
2024-10-15 15:20:00-04:00,75.77999877929688,75.81999969482422,75.76959991455078,75.79000091552734,5022,0.0,0.0,0.0
2024-10-15 15:25:00-04:00,75.77999877929688,75.80999755859375,75.77220153808594,75.80000305175781,8799,0.0,0.0,0.0
2024-10-15 15:30:00-04:00,75.81400299072266,75.81400299072266,75.7699966430664,75.7699966430664,3803,0.0,0.0,0.0
2024-10-15 15:35:00-04:00,75.7699966430664,75.7699966430664,75.73999786376953,75.75,4231,0.0,0.0,0.0
2024-10-15 15:40:00-04:00,75.7300033569336,75.7300033569336,75.69999694824219,75.69999694824219,30126,0.0,0.0,0.0
2024-10-15 15:45:00-04:00,75.72000122070312,75.7300033569336,75.70999908447266,75.70999908447266,20418,0.0,0.0,0.0
2024-10-15 15:50:00-04:00,75.69100189208984,75.7300033569336,75.68000030517578,75.7300033569336,39506,0.0,0.0,0.0
2024-10-15 15:55:00-04:00,75.7699966430664,75.79100036621094,75.75,75.79000091552734,23347,0.0,0.0,0.0
2024-10-16 09:30:00-04:00,76.30999755859375,76.30999755859375,76.20040130615234,76.25,34495,0.0,0.0,0.0
2024-10-16 09:35:00-04:00,76.2261962890625,76.25,76.13999938964844,76.17386627197266,22479,0.0,0.0,0.0
2024-10-16 09:40:00-04:00,76.16000366210938,76.30999755859375,76.16000366210938,76.30999755859375,5475,0.0,0.0,0.0
2024-10-16 09:45:00-04:00,76.32369995117188,76.33000183105469,76.26090240478516,76.29000091552734,5946,0.0,0.0,0.0
2024-10-16 09:50:00-04:00,76.29000091552734,76.29000091552734,76.23999786376953,76.25499725341797,2834,0.0,0.0,0.0
2024-10-16 09:55:00-04:00,76.2699966430664,76.29000091552734,76.24500274658203,76.29000091552734,4883,0.0,0.0,0.0
2024-10-16 10:00:00-04:00,76.30999755859375,76.30999755859375,76.24500274658203,76.24500274658203,4398,0.0,0.0,0.0
2024-10-16 10:05:00-04:00,76.27680206298828,76.28620147705078,76.2300033569336,76.2300033569336,4511,0.0,0.0,0.0
2024-10-16 10:10:00-04:00,76.2300033569336,76.28829956054688,76.2300033569336,76.27999877929688,5628,0.0,0.0,0.0
2024-10-16 10:15:00-04:00,76.2750015258789,76.27999877929688,76.25,76.27999877929688,2692,0.0,0.0,0.0
2024-10-16 10:20:00-04:00,76.25499725341797,76.27950286865234,76.23999786376953,76.26000213623047,4936,0.0,0.0,0.0
2024-10-16 10:25:00-04:00,76.26000213623047,76.26000213623047,76.22360229492188,76.25,3557,0.0,0.0,0.0
2024-10-16 10:30:00-04:00,76.23999786376953,76.23999786376953,76.19999694824219,76.19999694824219,15942,0.0,0.0,0.0
2024-10-16 10:35:00-04:00,76.19989776611328,76.20999908447266,76.16999816894531,76.19000244140625,6719,0.0,0.0,0.0
2024-10-16 10:40:00-04:00,76.16999816894531,76.2249984741211,76.16999816894531,76.2249984741211,4391,0.0,0.0,0.0
2024-10-16 10:45:00-04:00,76.23999786376953,76.29000091552734,76.23999786376953,76.29000091552734,7373,0.0,0.0,0.0
2024-10-16 10:50:00-04:00,76.28500366210938,76.29959869384766,76.27780151367188,76.27780151367188,1206,0.0,0.0,0.0
2024-10-16 10:55:00-04:00,76.27999877929688,76.30000305175781,76.19000244140625,76.2699966430664,13939,0.0,0.0,0.0
2024-10-16 11:00:00-04:00,76.27999877929688,76.33999633789062,76.27999877929688,76.33599853515625,7456,0.0,0.0,0.0
2024-10-16 11:05:00-04:00,76.33999633789062,76.41999816894531,76.27249908447266,76.41600036621094,6548,0.0,0.0,0.0
2024-10-16 11:10:00-04:00,76.44499969482422,76.4739990234375,76.43000030517578,76.44999694824219,2650,0.0,0.0,0.0
2024-10-16 11:15:00-04:00,76.48999786376953,76.54000091552734,76.48999786376953,76.53990173339844,4729,0.0,0.0,0.0
2024-10-16 11:20:00-04:00,76.55670166015625,76.56990051269531,76.51000213623047,76.51000213623047,3183,0.0,0.0,0.0
2024-10-16 11:25:00-04:00,76.5199966430664,76.57990264892578,76.5199966430664,76.52999877929688,2756,0.0,0.0,0.0
2024-10-16 11:30:00-04:00,76.51499938964844,76.52999877929688,76.48999786376953,76.48999786376953,3265,0.0,0.0,0.0
2024-10-16 11:35:00-04:00,76.4175033569336,76.47000122070312,76.41000366210938,76.41000366210938,4202,0.0,0.0,0.0
2024-10-16 11:40:00-04:00,76.38500213623047,76.38500213623047,76.30999755859375,76.30999755859375,2583,0.0,0.0,0.0
2024-10-16 11:45:00-04:00,76.33000183105469,76.33999633789062,76.24500274658203,76.24500274658203,2550,0.0,0.0,0.0
2024-10-16 11:50:00-04:00,76.25789642333984,76.32499694824219,76.21150207519531,76.32499694824219,4465,0.0,0.0,0.0
2024-10-16 11:55:00-04:00,76.30000305175781,76.32849884033203,76.23999786376953,76.23999786376953,8536,0.0,0.0,0.0
2024-10-16 12:00:00-04:00,76.25,76.25,76.21009826660156,76.21009826660156,2579,0.0,0.0,0.0
2024-10-16 12:05:00-04:00,76.2344970703125,76.28900146484375,76.2344970703125,76.2699966430664,6070,0.0,0.0,0.0
2024-10-16 12:10:00-04:00,76.23999786376953,76.23999786376953,76.23999786376953,76.23999786376953,2878,0.0,0.0,0.0
2024-10-16 12:15:00-04:00,76.23999786376953,76.23999786376953,76.23500061035156,76.23999786376953,777,0.0,0.0,0.0
2024-10-16 12:20:00-04:00,76.23999786376953,76.27999877929688,76.23999786376953,76.25499725341797,2110,0.0,0.0,0.0
2024-10-16 12:25:00-04:00,76.26000213623047,76.26000213623047,76.19999694824219,76.25,2673,0.0,0.0,0.0
2024-10-16 12:30:00-04:00,76.25,76.2699966430664,76.25,76.25,3646,0.0,0.0,0.0
2024-10-16 12:35:00-04:00,76.25499725341797,76.25499725341797,76.19999694824219,76.19999694824219,15693,0.0,0.0,0.0
2024-10-16 12:40:00-04:00,76.19999694824219,76.30000305175781,76.19000244140625,76.30000305175781,13683,0.0,0.0,0.0
2024-10-16 12:45:00-04:00,76.30000305175781,76.30000305175781,76.21369934082031,76.22000122070312,13148,0.0,0.0,0.0
2024-10-16 12:50:00-04:00,76.22000122070312,76.23500061035156,76.20999908447266,76.23500061035156,8843,0.0,0.0,0.0
2024-10-16 12:55:00-04:00,76.25,76.26000213623047,76.19999694824219,76.23999786376953,11284,0.0,0.0,0.0
2024-10-16 13:00:00-04:00,76.23999786376953,76.2699966430664,76.20899963378906,76.20899963378906,16097,0.0,0.0,0.0
2024-10-16 13:05:00-04:00,76.20500183105469,76.20500183105469,76.16000366210938,76.16500091552734,17080,0.0,0.0,0.0
2024-10-16 13:10:00-04:00,76.16000366210938,76.16000366210938,76.11000061035156,76.12000274658203,31657,0.0,0.0,0.0
2024-10-16 13:15:00-04:00,76.12000274658203,76.13500213623047,76.11000061035156,76.13500213623047,15121,0.0,0.0,0.0
2024-10-16 13:20:00-04:00,76.1500015258789,76.16000366210938,76.12000274658203,76.12000274658203,10627,0.0,0.0,0.0
2024-10-16 13:25:00-04:00,76.11150360107422,76.13999938964844,76.0999984741211,76.0999984741211,10247,0.0,0.0,0.0
2024-10-16 13:30:00-04:00,76.08999633789062,76.0999984741211,76.05999755859375,76.05999755859375,8545,0.0,0.0,0.0
2024-10-16 13:35:00-04:00,76.0999984741211,76.13999938964844,76.0999984741211,76.12000274658203,1539,0.0,0.0,0.0
2024-10-16 13:40:00-04:00,76.11000061035156,76.12000274658203,76.11000061035156,76.11000061035156,1048,0.0,0.0,0.0
2024-10-16 13:45:00-04:00,76.07649993896484,76.12249755859375,76.07649993896484,76.12249755859375,2091,0.0,0.0,0.0
2024-10-16 13:50:00-04:00,76.13999938964844,76.16999816894531,76.11599731445312,76.16709899902344,3075,0.0,0.0,0.0
2024-10-16 13:55:00-04:00,76.16999816894531,76.16999816894531,76.13500213623047,76.1500015258789,2749,0.0,0.0,0.0
2024-10-16 14:00:00-04:00,76.13500213623047,76.19400024414062,76.13500213623047,76.16600036621094,10104,0.0,0.0,0.0
2024-10-16 14:05:00-04:00,76.18949890136719,76.19000244140625,76.16999816894531,76.16999816894531,3839,0.0,0.0,0.0
2024-10-16 14:10:00-04:00,76.16000366210938,76.19999694824219,76.1500015258789,76.19999694824219,2873,0.0,0.0,0.0
2024-10-16 14:15:00-04:00,76.20099639892578,76.2300033569336,76.18000030517578,76.19740295410156,4788,0.0,0.0,0.0
2024-10-16 14:20:00-04:00,76.2300033569336,76.2300033569336,76.18000030517578,76.18099975585938,5249,0.0,0.0,0.0
2024-10-16 14:25:00-04:00,76.1947021484375,76.2042007446289,76.18000030517578,76.19999694824219,1912,0.0,0.0,0.0
2024-10-16 14:30:00-04:00,76.2300033569336,76.23999786376953,76.21499633789062,76.2300033569336,1696,0.0,0.0,0.0
2024-10-16 14:35:00-04:00,76.19000244140625,76.20829772949219,76.16999816894531,76.16999816894531,1270,0.0,0.0,0.0
2024-10-16 14:40:00-04:00,76.19000244140625,76.19000244140625,76.125,76.13999938964844,3428,0.0,0.0,0.0
2024-10-16 14:45:00-04:00,76.14330291748047,76.14330291748047,76.12000274658203,76.13999938964844,1741,0.0,0.0,0.0
2024-10-16 14:50:00-04:00,76.13410186767578,76.16000366210938,76.0999984741211,76.12000274658203,7044,0.0,0.0,0.0
2024-10-16 14:55:00-04:00,76.13999938964844,76.16999816894531,76.12999725341797,76.16999816894531,3390,0.0,0.0,0.0
2024-10-16 15:00:00-04:00,76.13050079345703,76.13050079345703,76.0999984741211,76.0999984741211,4598,0.0,0.0,0.0
2024-10-16 15:05:00-04:00,76.0999984741211,76.0999984741211,76.07499694824219,76.08000183105469,4081,0.0,0.0,0.0
2024-10-16 15:10:00-04:00,76.08000183105469,76.11730194091797,76.08000183105469,76.08999633789062,4403,0.0,0.0,0.0
2024-10-16 15:15:00-04:00,76.08999633789062,76.11810302734375,76.07980346679688,76.11810302734375,3657,0.0,0.0,0.0
2024-10-16 15:20:00-04:00,76.08799743652344,76.0999984741211,76.06079864501953,76.08999633789062,10926,0.0,0.0,0.0
2024-10-16 15:25:00-04:00,76.08999633789062,76.0999984741211,76.05999755859375,76.06999969482422,4011,0.0,0.0,0.0
2024-10-16 15:30:00-04:00,76.09649658203125,76.12989807128906,76.08329772949219,76.0873031616211,5606,0.0,0.0,0.0
2024-10-16 15:35:00-04:00,76.09359741210938,76.0999984741211,76.06500244140625,76.09970092773438,3310,0.0,0.0,0.0
2024-10-16 15:40:00-04:00,76.08000183105469,76.08979797363281,76.05999755859375,76.05999755859375,5800,0.0,0.0,0.0
2024-10-16 15:45:00-04:00,76.06999969482422,76.08999633789062,76.05010223388672,76.05010223388672,11610,0.0,0.0,0.0
2024-10-16 15:50:00-04:00,76.07499694824219,76.0999984741211,76.05000305175781,76.0999984741211,15086,0.0,0.0,0.0
2024-10-16 15:55:00-04:00,76.12000274658203,76.19999694824219,76.09149932861328,76.19000244140625,11202,0.0,0.0,0.0
2024-10-17 09:30:00-04:00,75.08000183105469,75.13999938964844,75.02999877929688,75.06999969482422,45893,0.0,0.0,0.0
2024-10-17 09:35:00-04:00,75.05000305175781,75.19000244140625,75.0,75.19000244140625,9714,0.0,0.0,0.0
2024-10-17 09:40:00-04:00,75.13999938964844,75.17379760742188,75.01000213623047,75.0199966430664,4719,0.0,0.0,0.0
2024-10-17 09:45:00-04:00,74.95999908447266,75.0270004272461,74.77999877929688,74.80000305175781,27345,0.0,0.0,0.0
2024-10-17 09:50:00-04:00,74.75,74.81999969482422,74.70999908447266,74.7249984741211,14400,0.0,0.0,0.0
2024-10-17 09:55:00-04:00,74.72000122070312,74.76499938964844,74.71800231933594,74.76370239257812,9860,0.0,0.0,0.0
2024-10-17 10:00:00-04:00,74.73500061035156,74.75,74.61000061035156,74.61000061035156,7371,0.0,0.0,0.0
2024-10-17 10:05:00-04:00,74.5999984741211,74.5999984741211,74.52999877929688,74.58599853515625,5707,0.0,0.0,0.0
2024-10-17 10:10:00-04:00,74.6050033569336,74.76000213623047,74.58999633789062,74.7300033569336,6306,0.0,0.0,0.0
2024-10-17 10:15:00-04:00,74.73500061035156,74.75990295410156,74.67500305175781,74.70429992675781,8421,0.0,0.0,0.0
2024-10-17 10:20:00-04:00,74.69000244140625,74.83000183105469,74.69000244140625,74.76010131835938,3440,0.0,0.0,0.0
2024-10-17 10:25:00-04:00,74.77999877929688,74.79989624023438,74.75,74.75,1743,0.0,0.0,0.0
2024-10-17 10:30:00-04:00,74.78500366210938,74.80500030517578,74.73999786376953,74.73999786376953,2621,0.0,0.0,0.0
2024-10-17 10:35:00-04:00,74.76000213623047,74.76000213623047,74.62999725341797,74.64900207519531,4088,0.0,0.0,0.0
2024-10-17 10:40:00-04:00,74.62999725341797,74.62999725341797,74.56999969482422,74.59089660644531,12313,0.0,0.0,0.0
2024-10-17 10:45:00-04:00,74.62999725341797,74.64810180664062,74.58999633789062,74.64810180664062,5760,0.0,0.0,0.0
2024-10-17 10:50:00-04:00,74.62999725341797,74.6500015258789,74.58999633789062,74.60749816894531,7651,0.0,0.0,0.0
2024-10-17 10:55:00-04:00,74.61060333251953,74.63500213623047,74.56999969482422,74.58000183105469,18105,0.0,0.0,0.0
2024-10-17 11:00:00-04:00,74.56999969482422,74.56999969482422,74.4800033569336,74.52999877929688,11113,0.0,0.0,0.0
2024-10-17 11:05:00-04:00,74.5199966430664,74.54000091552734,74.51000213623047,74.52999877929688,3313,0.0,0.0,0.0
2024-10-17 11:10:00-04:00,74.54000091552734,74.54000091552734,74.44999694824219,74.47000122070312,34773,0.0,0.0,0.0
2024-10-17 11:15:00-04:00,74.4822998046875,74.54989624023438,74.45999908447266,74.54989624023438,4361,0.0,0.0,0.0
2024-10-17 11:20:00-04:00,74.55999755859375,74.58000183105469,74.55999755859375,74.55999755859375,1819,0.0,0.0,0.0
2024-10-17 11:25:00-04:00,74.54000091552734,74.68399810791016,74.54000091552734,74.68000030517578,6153,0.0,0.0,0.0
2024-10-17 11:30:00-04:00,74.68000030517578,74.68579864501953,74.63999938964844,74.63999938964844,2620,0.0,0.0,0.0
2024-10-17 11:35:00-04:00,74.63500213623047,74.6500015258789,74.5999984741211,74.61000061035156,30028,0.0,0.0,0.0
2024-10-17 11:40:00-04:00,74.61000061035156,74.63999938964844,74.60600280761719,74.61599731445312,3160,0.0,0.0,0.0
2024-10-17 11:45:00-04:00,74.63690185546875,74.64969635009766,74.58000183105469,74.59600067138672,2686,0.0,0.0,0.0
2024-10-17 11:50:00-04:00,74.57499694824219,74.57499694824219,74.55999755859375,74.55999755859375,1020,0.0,0.0,0.0
2024-10-17 11:55:00-04:00,74.58999633789062,74.5999984741211,74.58999633789062,74.58999633789062,1690,0.0,0.0,0.0
2024-10-17 12:00:00-04:00,74.55999755859375,74.55999755859375,74.46499633789062,74.46499633789062,2235,0.0,0.0,0.0
2024-10-17 12:05:00-04:00,74.4739990234375,74.51000213623047,74.45359802246094,74.47010040283203,4891,0.0,0.0,0.0
2024-10-17 12:10:00-04:00,74.47000122070312,74.54000091552734,74.47000122070312,74.52999877929688,4627,0.0,0.0,0.0
2024-10-17 12:15:00-04:00,74.5250015258789,74.5250015258789,74.48999786376953,74.50440216064453,2480,0.0,0.0,0.0
2024-10-17 12:20:00-04:00,74.50440216064453,74.52999877929688,74.48999786376953,74.51010131835938,5568,0.0,0.0,0.0
2024-10-17 12:25:00-04:00,74.5199966430664,74.54000091552734,74.5199966430664,74.5199966430664,1029,0.0,0.0,0.0
2024-10-17 12:30:00-04:00,74.52570343017578,74.55999755859375,74.52339935302734,74.52999877929688,2461,0.0,0.0,0.0
2024-10-17 12:35:00-04:00,74.54170227050781,74.56990051269531,74.52999877929688,74.5614013671875,3007,0.0,0.0,0.0
2024-10-17 12:40:00-04:00,74.54499816894531,74.54499816894531,74.43299865722656,74.43299865722656,4588,0.0,0.0,0.0
2024-10-17 12:45:00-04:00,74.44100189208984,74.44100189208984,74.37999725341797,74.39440155029297,9824,0.0,0.0,0.0
2024-10-17 12:50:00-04:00,74.4000015258789,74.42535400390625,74.38999938964844,74.42535400390625,3474,0.0,0.0,0.0
2024-10-17 12:55:00-04:00,74.41999816894531,74.44999694824219,74.41999816894531,74.43000030517578,1735,0.0,0.0,0.0
2024-10-17 13:00:00-04:00,74.43080139160156,74.47959899902344,74.41000366210938,74.47959899902344,5154,0.0,0.0,0.0
2024-10-17 13:05:00-04:00,74.47000122070312,74.5199966430664,74.44020080566406,74.47000122070312,4985,0.0,0.0,0.0
2024-10-17 13:10:00-04:00,74.46499633789062,74.48770141601562,74.46430206298828,74.46430206298828,1408,0.0,0.0,0.0
2024-10-17 13:15:00-04:00,74.4800033569336,74.48999786376953,74.45179748535156,74.45999908447266,3482,0.0,0.0,0.0
2024-10-17 13:20:00-04:00,74.44619750976562,74.47000122070312,74.42500305175781,74.44999694824219,6184,0.0,0.0,0.0
2024-10-17 13:25:00-04:00,74.4896011352539,74.4896011352539,74.44000244140625,74.44000244140625,3162,0.0,0.0,0.0
2024-10-17 13:30:00-04:00,74.44010162353516,74.44999694824219,74.4000015258789,74.44000244140625,4266,0.0,0.0,0.0
2024-10-17 13:35:00-04:00,74.42500305175781,74.43990325927734,74.37999725341797,74.37999725341797,3802,0.0,0.0,0.0
2024-10-17 13:40:00-04:00,74.33999633789062,74.37000274658203,74.33999633789062,74.37000274658203,4644,0.0,0.0,0.0
2024-10-17 13:45:00-04:00,74.3949966430664,74.41000366210938,74.37999725341797,74.37999725341797,1210,0.0,0.0,0.0
2024-10-17 13:50:00-04:00,74.36000061035156,74.37449645996094,74.34010314941406,74.36499786376953,1859,0.0,0.0,0.0
2024-10-17 13:55:00-04:00,74.3499984741211,74.3550033569336,74.33159637451172,74.33159637451172,4493,0.0,0.0,0.0
2024-10-17 14:00:00-04:00,74.33999633789062,74.36000061035156,74.33000183105469,74.33000183105469,2208,0.0,0.0,0.0
2024-10-17 14:05:00-04:00,74.33200073242188,74.36000061035156,74.32839965820312,74.3499984741211,8008,0.0,0.0,0.0
2024-10-17 14:10:00-04:00,74.36000061035156,74.36000061035156,74.36000061035156,74.36000061035156,171,0.0,0.0,0.0
2024-10-17 14:15:00-04:00,74.3499984741211,74.364501953125,74.31999969482422,74.33999633789062,2491,0.0,0.0,0.0
2024-10-17 14:20:00-04:00,74.33000183105469,74.3499984741211,74.31999969482422,74.33999633789062,2606,0.0,0.0,0.0
2024-10-17 14:25:00-04:00,74.36499786376953,74.38999938964844,74.32499694824219,74.32499694824219,3601,0.0,0.0,0.0
2024-10-17 14:30:00-04:00,74.33999633789062,74.35990142822266,74.31999969482422,74.33000183105469,3891,0.0,0.0,0.0
2024-10-17 14:35:00-04:00,74.33000183105469,74.33999633789062,74.3228988647461,74.33999633789062,1268,0.0,0.0,0.0
2024-10-17 14:40:00-04:00,74.38990020751953,74.4000015258789,74.3499984741211,74.4000015258789,3104,0.0,0.0,0.0
2024-10-17 14:45:00-04:00,74.41000366210938,74.41000366210938,74.37000274658203,74.37106323242188,6098,0.0,0.0,0.0
2024-10-17 14:50:00-04:00,74.40650177001953,74.40650177001953,74.37000274658203,74.37000274658203,4447,0.0,0.0,0.0
2024-10-17 14:55:00-04:00,74.40989685058594,74.41510009765625,74.36640167236328,74.38999938964844,4168,0.0,0.0,0.0
2024-10-17 15:00:00-04:00,74.37999725341797,74.41000366210938,74.37000274658203,74.41000366210938,6552,0.0,0.0,0.0
2024-10-17 15:05:00-04:00,74.42919921875,74.44000244140625,74.41000366210938,74.41000366210938,2396,0.0,0.0,0.0
2024-10-17 15:10:00-04:00,74.40499877929688,74.41000366210938,74.36000061035156,74.40599822998047,3001,0.0,0.0,0.0
2024-10-17 15:15:00-04:00,74.4000015258789,74.43499755859375,74.4000015258789,74.41600036621094,5803,0.0,0.0,0.0
2024-10-17 15:20:00-04:00,74.44999694824219,74.44999694824219,74.41999816894531,74.44999694824219,3155,0.0,0.0,0.0
2024-10-17 15:25:00-04:00,74.4541015625,74.45999908447266,74.45149993896484,74.45149993896484,1196,0.0,0.0,0.0
2024-10-17 15:30:00-04:00,74.47000122070312,74.4800033569336,74.45999908447266,74.46530151367188,7199,0.0,0.0,0.0
2024-10-17 15:35:00-04:00,74.47000122070312,74.48999786376953,74.45999908447266,74.47000122070312,15281,0.0,0.0,0.0
2024-10-17 15:40:00-04:00,74.47000122070312,74.48500061035156,74.45999908447266,74.4800033569336,22604,0.0,0.0,0.0
2024-10-17 15:45:00-04:00,74.4800033569336,74.5199966430664,74.4800033569336,74.5199966430664,25438,0.0,0.0,0.0
2024-10-17 15:50:00-04:00,74.5199966430664,74.5199966430664,74.44999694824219,74.46910095214844,45950,0.0,0.0,0.0
2024-10-17 15:55:00-04:00,74.45999908447266,74.5199966430664,74.44000244140625,74.51000213623047,102566,0.0,0.0,0.0
2024-10-18 09:30:00-04:00,74.69999694824219,74.7699966430664,74.66000366210938,74.73999786376953,20537,0.0,0.0,0.0
2024-10-18 09:35:00-04:00,74.77999877929688,74.77999877929688,74.73999786376953,74.73999786376953,5198,0.0,0.0,0.0
2024-10-18 09:40:00-04:00,74.75170135498047,74.75170135498047,74.5999984741211,74.5999984741211,6792,0.0,0.0,0.0
2024-10-18 09:45:00-04:00,74.5999984741211,74.66999816894531,74.5999984741211,74.66999816894531,2520,0.0,0.0,0.0
2024-10-18 09:50:00-04:00,74.67500305175781,74.69000244140625,74.66999816894531,74.68000030517578,1733,0.0,0.0,0.0
2024-10-18 09:55:00-04:00,74.69000244140625,74.7699966430664,74.69000244140625,74.73999786376953,4225,0.0,0.0,0.0
2024-10-18 10:00:00-04:00,74.77999877929688,74.77999877929688,74.7300033569336,74.7300033569336,5931,0.0,0.0,0.0
2024-10-18 10:05:00-04:00,74.76000213623047,74.77999877929688,74.66999816894531,74.69999694824219,5720,0.0,0.0,0.0
2024-10-18 10:10:00-04:00,74.69999694824219,74.72000122070312,74.68499755859375,74.72000122070312,2980,0.0,0.0,0.0
2024-10-18 10:15:00-04:00,74.7500991821289,74.76000213623047,74.7300033569336,74.73999786376953,2812,0.0,0.0,0.0
2024-10-18 10:20:00-04:00,74.70980072021484,74.73999786376953,74.69000244140625,74.73999786376953,2415,0.0,0.0,0.0
2024-10-18 10:25:00-04:00,74.67919921875,74.69499969482422,74.66999816894531,74.68000030517578,3652,0.0,0.0,0.0
2024-10-18 10:30:00-04:00,74.68000030517578,74.69000244140625,74.6500015258789,74.69000244140625,4035,0.0,0.0,0.0
2024-10-18 10:35:00-04:00,74.69000244140625,74.75,74.6500015258789,74.75,27416,0.0,0.0,0.0
2024-10-18 10:40:00-04:00,74.73999786376953,74.80000305175781,74.73999786376953,74.7738037109375,4442,0.0,0.0,0.0
2024-10-18 10:45:00-04:00,74.80000305175781,74.83989715576172,74.80000305175781,74.80999755859375,11684,0.0,0.0,0.0
2024-10-18 10:50:00-04:00,74.83999633789062,74.8499984741211,74.80000305175781,74.80000305175781,2523,0.0,0.0,0.0
2024-10-18 10:55:00-04:00,74.80999755859375,74.84609985351562,74.80999755859375,74.8373031616211,7540,0.0,0.0,0.0
2024-10-18 11:00:00-04:00,74.81999969482422,74.8499984741211,74.80000305175781,74.8499984741211,13163,0.0,0.0,0.0
2024-10-18 11:05:00-04:00,74.85060119628906,74.86000061035156,74.83000183105469,74.83000183105469,3219,0.0,0.0,0.0
2024-10-18 11:10:00-04:00,74.83999633789062,74.83999633789062,74.8010025024414,74.80999755859375,1092,0.0,0.0,0.0
2024-10-18 11:15:00-04:00,74.80999755859375,74.82689666748047,74.80999755859375,74.81500244140625,1186,0.0,0.0,0.0
2024-10-18 11:20:00-04:00,74.80999755859375,74.81999969482422,74.79000091552734,74.81999969482422,5660,0.0,0.0,0.0
2024-10-18 11:25:00-04:00,74.82499694824219,74.82499694824219,74.77010345458984,74.77010345458984,5643,0.0,0.0,0.0
2024-10-18 11:30:00-04:00,74.80999755859375,74.90799713134766,74.80999755859375,74.88999938964844,3519,0.0,0.0,0.0
2024-10-18 11:35:00-04:00,74.91000366210938,74.91999816894531,74.83999633789062,74.83999633789062,3301,0.0,0.0,0.0
2024-10-18 11:40:00-04:00,74.83899688720703,74.83999633789062,74.81099700927734,74.81099700927734,707,0.0,0.0,0.0
2024-10-18 11:45:00-04:00,74.81999969482422,74.83000183105469,74.79100036621094,74.83000183105469,1727,0.0,0.0,0.0
2024-10-18 11:50:00-04:00,74.83999633789062,74.87000274658203,74.83999633789062,74.8499984741211,1835,0.0,0.0,0.0
2024-10-18 11:55:00-04:00,74.83999633789062,74.84500122070312,74.81999969482422,74.83999633789062,724,0.0,0.0,0.0
2024-10-18 12:00:00-04:00,74.82499694824219,74.83999633789062,74.80039978027344,74.83999633789062,1124,0.0,0.0,0.0
2024-10-18 12:05:00-04:00,74.80400085449219,74.80400085449219,74.77999877929688,74.79000091552734,2895,0.0,0.0,0.0
2024-10-18 12:10:00-04:00,74.79000091552734,74.83489990234375,74.79000091552734,74.83489990234375,1443,0.0,0.0,0.0
2024-10-18 12:20:00-04:00,74.77999877929688,74.78160095214844,74.77999877929688,74.78160095214844,1551,0.0,0.0,0.0
2024-10-18 12:25:00-04:00,74.77999877929688,74.80989837646484,74.77999877929688,74.80989837646484,946,0.0,0.0,0.0
2024-10-18 12:30:00-04:00,74.80999755859375,74.84940338134766,74.80999755859375,74.84940338134766,4436,0.0,0.0,0.0
2024-10-18 12:35:00-04:00,74.83999633789062,74.83999633789062,74.82499694824219,74.82499694824219,2384,0.0,0.0,0.0
2024-10-18 12:40:00-04:00,74.83399963378906,74.85990142822266,74.83399963378906,74.85990142822266,457,0.0,0.0,0.0
2024-10-18 12:45:00-04:00,74.85089874267578,74.85089874267578,74.85009765625,74.85009765625,1670,0.0,0.0,0.0
2024-10-18 12:50:00-04:00,74.88999938964844,74.91999816894531,74.88999938964844,74.91999816894531,1649,0.0,0.0,0.0
2024-10-18 12:55:00-04:00,74.94999694824219,74.94999694824219,74.89080047607422,74.89080047607422,1733,0.0,0.0,0.0
2024-10-18 13:00:00-04:00,74.91999816894531,74.91999816894531,74.87049865722656,74.90489959716797,3123,0.0,0.0,0.0
2024-10-18 13:05:00-04:00,74.87999725341797,74.9000015258789,74.87999725341797,74.88999938964844,1311,0.0,0.0,0.0
2024-10-18 13:10:00-04:00,74.8949966430664,74.8949966430664,74.8499984741211,74.8499984741211,1100,0.0,0.0,0.0
2024-10-18 13:15:00-04:00,74.86000061035156,74.86000061035156,74.77999877929688,74.81500244140625,4811,0.0,0.0,0.0
2024-10-18 13:20:00-04:00,74.83000183105469,74.83999633789062,74.77999877929688,74.78739929199219,2376,0.0,0.0,0.0
2024-10-18 13:25:00-04:00,74.78669738769531,74.79000091552734,74.73999786376953,74.73999786376953,3057,0.0,0.0,0.0
2024-10-18 13:30:00-04:00,74.7300033569336,74.7699966430664,74.7300033569336,74.7699966430664,2202,0.0,0.0,0.0
2024-10-18 13:35:00-04:00,74.76000213623047,74.76000213623047,74.75,74.75,791,0.0,0.0,0.0
2024-10-18 13:40:00-04:00,74.73999786376953,74.73999786376953,74.68009948730469,74.68009948730469,7451,0.0,0.0,0.0
2024-10-18 13:45:00-04:00,74.71430206298828,74.72160339355469,74.62010192871094,74.62010192871094,7220,0.0,0.0,0.0
2024-10-18 13:50:00-04:00,74.62999725341797,74.63999938964844,74.60759735107422,74.60759735107422,2292,0.0,0.0,0.0
2024-10-18 13:55:00-04:00,74.61000061035156,74.62999725341797,74.59010314941406,74.62999725341797,3661,0.0,0.0,0.0
2024-10-18 14:00:00-04:00,74.61000061035156,74.68000030517578,74.61000061035156,74.68000030517578,1031,0.0,0.0,0.0
2024-10-18 14:05:00-04:00,74.6958999633789,74.72000122070312,74.69499969482422,74.72000122070312,1692,0.0,0.0,0.0
2024-10-18 14:10:00-04:00,74.69999694824219,74.72000122070312,74.68009948730469,74.72000122070312,1727,0.0,0.0,0.0
2024-10-18 14:15:00-04:00,74.70999908447266,74.70999908447266,74.70999908447266,74.70999908447266,562,0.0,0.0,0.0
2024-10-18 14:20:00-04:00,74.69999694824219,74.69999694824219,74.69000244140625,74.69000244140625,1907,0.0,0.0,0.0
2024-10-18 14:25:00-04:00,74.69999694824219,74.69999694824219,74.66000366210938,74.677001953125,6222,0.0,0.0,0.0
2024-10-18 14:30:00-04:00,74.68000030517578,74.70999908447266,74.66100311279297,74.66100311279297,6952,0.0,0.0,0.0
2024-10-18 14:35:00-04:00,74.66999816894531,74.66999816894531,74.6500015258789,74.6500015258789,2058,0.0,0.0,0.0
2024-10-18 14:40:00-04:00,74.6500015258789,74.65499877929688,74.62590026855469,74.62999725341797,4030,0.0,0.0,0.0
2024-10-18 14:45:00-04:00,74.65799713134766,74.66000366210938,74.62999725341797,74.66000366210938,3188,0.0,0.0,0.0
2024-10-18 14:50:00-04:00,74.66999816894531,74.69000244140625,74.6500015258789,74.66410064697266,4961,0.0,0.0,0.0
2024-10-18 14:55:00-04:00,74.66999816894531,74.70999908447266,74.63999938964844,74.63999938964844,5181,0.0,0.0,0.0
2024-10-18 15:00:00-04:00,74.63999938964844,74.69950103759766,74.53099822998047,74.68990325927734,2972,0.0,0.0,0.0
2024-10-18 15:05:00-04:00,74.67880249023438,74.67880249023438,74.625,74.625,1762,0.0,0.0,0.0
2024-10-18 15:10:00-04:00,74.62000274658203,74.62000274658203,74.58999633789062,74.61000061035156,4311,0.0,0.0,0.0
2024-10-18 15:15:00-04:00,74.5999984741211,74.60179901123047,74.55999755859375,74.5999984741211,2941,0.0,0.0,0.0
2024-10-18 15:20:00-04:00,74.6050033569336,74.60990142822266,74.58999633789062,74.58999633789062,2870,0.0,0.0,0.0
2024-10-18 15:25:00-04:00,74.61299896240234,74.61299896240234,74.58999633789062,74.58999633789062,1531,0.0,0.0,0.0
2024-10-18 15:30:00-04:00,74.57499694824219,74.61949920654297,74.57379913330078,74.5999984741211,5972,0.0,0.0,0.0
2024-10-18 15:35:00-04:00,74.62000274658203,74.62000274658203,74.5999984741211,74.5999984741211,22674,0.0,0.0,0.0
2024-10-18 15:40:00-04:00,74.61000061035156,74.63999938964844,74.61000061035156,74.63839721679688,7270,0.0,0.0,0.0
2024-10-18 15:45:00-04:00,74.61000061035156,74.62999725341797,74.58200073242188,74.59500122070312,6563,0.0,0.0,0.0
2024-10-18 15:50:00-04:00,74.58999633789062,74.62000274658203,74.55370330810547,74.58000183105469,9982,0.0,0.0,0.0
2024-10-18 15:55:00-04:00,74.55999755859375,74.55999755859375,74.44999694824219,74.47000122070312,17399,0.0,0.0,0.0
