Datetime,Open,High,Low,Close,Volume,Dividends,Stock Splits,Capital Gains
2024-09-20 09:30:00-04:00,29.799999237060547,29.799999237060547,29.691499710083008,29.691499710083008,0,0.0,0.0,0.0
2024-09-20 09:35:00-04:00,29.709999084472656,29.709999084472656,29.709999084472656,29.709999084472656,354,0.0,0.0,0.0
2024-09-20 09:40:00-04:00,29.729000091552734,29.729000091552734,29.64389991760254,29.64389991760254,733,0.0,0.0,0.0
2024-09-20 09:45:00-04:00,29.68000030517578,29.68000030517578,29.646699905395508,29.661605834960938,2061,0.0,0.0,0.0
2024-09-20 09:50:00-04:00,29.684999465942383,29.684999465942383,29.684999465942383,29.684999465942383,212,0.0,0.0,0.0
2024-09-20 09:55:00-04:00,29.670000076293945,29.670000076293945,29.670000076293945,29.670000076293945,435,0.0,0.0,0.0
2024-09-20 10:00:00-04:00,29.6200008392334,29.670000076293945,29.6200008392334,29.670000076293945,1519,0.0,0.0,0.0
2024-09-20 10:05:00-04:00,29.600099563598633,29.600099563598633,29.600099563598633,29.600099563598633,190,0.0,0.0,0.0
2024-09-20 10:10:00-04:00,29.600000381469727,29.600000381469727,29.600000381469727,29.600000381469727,747,0.0,0.0,0.0
2024-09-20 10:15:00-04:00,29.590099334716797,29.59149932861328,29.590099334716797,29.59149932861328,369,0.0,0.0,0.0
2024-09-20 10:25:00-04:00,29.597299575805664,29.597299575805664,29.597299575805664,29.597299575805664,585,0.0,0.0,0.0
2024-09-20 10:30:00-04:00,29.60610008239746,29.60610008239746,29.60610008239746,29.60610008239746,296,0.0,0.0,0.0
2024-09-20 10:35:00-04:00,29.639999389648438,29.639999389648438,29.627599716186523,29.627599716186523,526,0.0,0.0,0.0
2024-09-20 10:40:00-04:00,29.622699737548828,29.646499633789062,29.622699737548828,29.646499633789062,1093,0.0,0.0,0.0
2024-09-20 10:50:00-04:00,29.6200008392334,29.6200008392334,29.601299285888672,29.601299285888672,1467,0.0,0.0,0.0
2024-09-20 11:00:00-04:00,29.59510040283203,29.614999771118164,29.59000015258789,29.614999771118164,1087,0.0,0.0,0.0
2024-09-20 11:05:00-04:00,29.627084732055664,29.627084732055664,29.627084732055664,29.627084732055664,338,0.0,0.0,0.0
2024-09-20 11:10:00-04:00,29.600000381469727,29.600000381469727,29.600000381469727,29.600000381469727,388,0.0,0.0,0.0
2024-09-20 11:15:00-04:00,29.594999313354492,29.594999313354492,29.594999313354492,29.594999313354492,192,0.0,0.0,0.0
2024-09-20 11:20:00-04:00,29.61989974975586,29.61989974975586,29.61989974975586,29.61989974975586,438,0.0,0.0,0.0
2024-09-20 11:40:00-04:00,29.6299991607666,29.689899444580078,29.6299991607666,29.689899444580078,6110,0.0,0.0,0.0
2024-09-20 11:50:00-04:00,29.655000686645508,29.655000686645508,29.649999618530273,29.649999618530273,1233,0.0,0.0,0.0
2024-09-20 11:55:00-04:00,29.679899215698242,29.689699172973633,29.65999984741211,29.65999984741211,593,0.0,0.0,0.0
2024-09-20 12:05:00-04:00,29.6737003326416,29.6737003326416,29.6737003326416,29.6737003326416,149,0.0,0.0,0.0
2024-09-20 12:10:00-04:00,29.639999389648438,29.665000915527344,29.639999389648438,29.665000915527344,2180,0.0,0.0,0.0
2024-09-20 12:15:00-04:00,29.665000915527344,29.665000915527344,29.665000915527344,29.665000915527344,1763,0.0,0.0,0.0
2024-09-20 12:35:00-04:00,29.661500930786133,29.661500930786133,29.661500930786133,29.661500930786133,465,0.0,0.0,0.0
2024-09-20 12:55:00-04:00,29.666900634765625,29.666900634765625,29.666900634765625,29.666900634765625,718,0.0,0.0,0.0
2024-09-20 13:00:00-04:00,29.684999465942383,29.684999465942383,29.684999465942383,29.684999465942383,340,0.0,0.0,0.0
2024-09-20 13:05:00-04:00,29.666099548339844,29.666099548339844,29.666099548339844,29.666099548339844,1395,0.0,0.0,0.0
2024-09-20 13:10:00-04:00,29.708999633789062,29.708999633789062,29.708999633789062,29.708999633789062,2099,0.0,0.0,0.0
2024-09-20 13:15:00-04:00,29.68000030517578,29.68000030517578,29.68000030517578,29.68000030517578,5922,0.0,0.0,0.0
2024-09-20 13:20:00-04:00,29.68000030517578,29.68000030517578,29.68000030517578,29.68000030517578,100,0.0,0.0,0.0
2024-09-20 13:25:00-04:00,29.674999237060547,29.674999237060547,29.674999237060547,29.674999237060547,178,0.0,0.0,0.0
2024-09-20 13:30:00-04:00,29.684999465942383,29.684999465942383,29.684999465942383,29.684999465942383,295,0.0,0.0,0.0
2024-09-20 13:35:00-04:00,29.65999984741211,29.66010093688965,29.65999984741211,29.66010093688965,7095,0.0,0.0,0.0
2024-09-20 13:40:00-04:00,29.690000534057617,29.690000534057617,29.690000534057617,29.690000534057617,452,0.0,0.0,0.0
2024-09-20 14:05:00-04:00,29.618799209594727,29.65999984741211,29.618799209594727,29.641923904418945,3555,0.0,0.0,0.0
2024-09-20 14:10:00-04:00,29.64900016784668,29.649999618530273,29.625,29.625,772,0.0,0.0,0.0
2024-09-20 14:20:00-04:00,29.6481990814209,29.6481990814209,29.6481990814209,29.6481990814209,866,0.0,0.0,0.0
2024-09-20 14:25:00-04:00,29.625,29.625,29.625,29.625,1595,0.0,0.0,0.0
2024-09-20 14:35:00-04:00,29.625,29.625,29.591299057006836,29.591299057006836,456,0.0,0.0,0.0
2024-09-20 14:40:00-04:00,29.590099334716797,29.610000610351562,29.590099334716797,29.610000610351562,349,0.0,0.0,0.0
2024-09-20 14:45:00-04:00,29.610000610351562,29.6299991607666,29.610000610351562,29.6299991607666,932,0.0,0.0,0.0
2024-09-20 14:50:00-04:00,29.677000045776367,29.677000045776367,29.677000045776367,29.677000045776367,1040,0.0,0.0,0.0
2024-09-20 14:55:00-04:00,29.68000030517578,29.690000534057617,29.670000076293945,29.690000534057617,1332,0.0,0.0,0.0
2024-09-20 15:05:00-04:00,29.670000076293945,29.670000076293945,29.65559959411621,29.670000076293945,346,0.0,0.0,0.0
2024-09-20 15:10:00-04:00,29.652999877929688,29.67959976196289,29.652999877929688,29.67959976196289,7202,0.0,0.0,0.0
2024-09-20 15:15:00-04:00,29.654300689697266,29.654300689697266,29.654300689697266,29.654300689697266,149,0.0,0.0,0.0
2024-09-20 15:20:00-04:00,29.69930076599121,29.69930076599121,29.668899536132812,29.668899536132812,14211,0.0,0.0,0.0
2024-09-20 15:25:00-04:00,29.673999786376953,29.709999084472656,29.673999786376953,29.709999084472656,3398,0.0,0.0,0.0
2024-09-20 15:35:00-04:00,29.700000762939453,29.719999313354492,29.693199157714844,29.704999923706055,2759,0.0,0.0,0.0
2024-09-20 15:40:00-04:00,29.700000762939453,29.729999542236328,29.700000762939453,29.729999542236328,2396,0.0,0.0,0.0
2024-09-20 15:45:00-04:00,29.709999084472656,29.709999084472656,29.68000030517578,29.709999084472656,3706,0.0,0.0,0.0
2024-09-20 15:50:00-04:00,29.709999084472656,29.709999084472656,29.674999237060547,29.674999237060547,2359,0.0,0.0,0.0
2024-09-20 15:55:00-04:00,29.639999389648438,29.639999389648438,29.639999389648438,29.639999389648438,0,0.0,0.0,0.0
2024-09-23 09:30:00-04:00,29.709999084472656,29.719999313354492,29.700000762939453,29.719999313354492,3851,0.0,0.0,0.0
2024-09-23 09:35:00-04:00,29.700000762939453,29.719999313354492,29.700000762939453,29.700000762939453,10800,0.0,0.0,0.0
2024-09-23 09:40:00-04:00,29.725000381469727,29.739999771118164,29.725000381469727,29.739999771118164,1236,0.0,0.0,0.0
2024-09-23 09:45:00-04:00,29.7549991607666,29.766300201416016,29.719999313354492,29.719999313354492,1389,0.0,0.0,0.0
2024-09-23 09:50:00-04:00,29.725000381469727,29.739999771118164,29.725000381469727,29.725000381469727,3300,0.0,0.0,0.0
2024-09-23 09:55:00-04:00,29.729999542236328,29.729999542236328,29.725000381469727,29.729999542236328,570,0.0,0.0,0.0
2024-09-23 10:00:00-04:00,29.729999542236328,29.729999542236328,29.701499938964844,29.719999313354492,2651,0.0,0.0,0.0
2024-09-23 10:05:00-04:00,29.71500015258789,29.739999771118164,29.704999923706055,29.704999923706055,1895,0.0,0.0,0.0
2024-09-23 10:10:00-04:00,29.709999084472656,29.709999084472656,29.709999084472656,29.709999084472656,542,0.0,0.0,0.0
2024-09-23 10:25:00-04:00,29.688800811767578,29.688800811767578,29.688800811767578,29.688800811767578,627,0.0,0.0,0.0
2024-09-23 10:30:00-04:00,29.700000762939453,29.719999313354492,29.700000762939453,29.719999313354492,268,0.0,0.0,0.0
2024-09-23 10:35:00-04:00,29.680099487304688,29.75,29.680099487304688,29.71500015258789,2198,0.0,0.0,0.0
2024-09-23 10:40:00-04:00,29.689800262451172,29.719999313354492,29.689800262451172,29.719999313354492,888,0.0,0.0,0.0
2024-09-23 10:55:00-04:00,29.780000686645508,29.790000915527344,29.770000457763672,29.78499984741211,2272,0.0,0.0,0.0
2024-09-23 11:00:00-04:00,29.770000457763672,29.770000457763672,29.760000228881836,29.764999389648438,1000,0.0,0.0,0.0
2024-09-23 11:05:00-04:00,29.729999542236328,29.729999542236328,29.719999313354492,29.719999313354492,7690,0.0,0.0,0.0
2024-09-23 11:10:00-04:00,29.709999084472656,29.74049949645996,29.709999084472656,29.74049949645996,1028,0.0,0.0,0.0
2024-09-23 11:20:00-04:00,29.719999313354492,29.719999313354492,29.68000030517578,29.68000030517578,625,0.0,0.0,0.0
2024-09-23 11:25:00-04:00,29.770000457763672,29.770000457763672,29.75,29.770000457763672,2000,0.0,0.0,0.0
2024-09-23 11:30:00-04:00,29.770000457763672,29.770000457763672,29.770000457763672,29.770000457763672,1000,0.0,0.0,0.0
2024-09-23 11:35:00-04:00,29.68000030517578,29.780000686645508,29.68000030517578,29.764999389648438,11094,0.0,0.0,0.0
2024-09-23 11:40:00-04:00,29.770000457763672,29.770000457763672,29.770000457763672,29.770000457763672,1218,0.0,0.0,0.0
2024-09-23 11:45:00-04:00,29.780000686645508,29.780000686645508,29.780000686645508,29.780000686645508,0,0.0,0.0,0.0
2024-09-23 11:55:00-04:00,29.770000457763672,29.770000457763672,29.7549991607666,29.760000228881836,63904,0.0,0.0,0.0
2024-09-23 12:00:00-04:00,29.760000228881836,29.760000228881836,29.725000381469727,29.725000381469727,1313,0.0,0.0,0.0
2024-09-23 12:10:00-04:00,29.719999313354492,29.719999313354492,29.71500015258789,29.71500015258789,700,0.0,0.0,0.0
2024-09-23 12:15:00-04:00,29.700000762939453,29.700000762939453,29.700000762939453,29.700000762939453,610,0.0,0.0,0.0
2024-09-23 12:20:00-04:00,29.68630027770996,29.68630027770996,29.68630027770996,29.68630027770996,169,0.0,0.0,0.0
2024-09-23 12:25:00-04:00,29.680099487304688,29.709999084472656,29.680099487304688,29.709999084472656,601,0.0,0.0,0.0
2024-09-23 12:30:00-04:00,29.700000762939453,29.700000762939453,29.680099487304688,29.681299209594727,1515,0.0,0.0,0.0
2024-09-23 12:35:00-04:00,29.709999084472656,29.719999313354492,29.709999084472656,29.719900131225586,949,0.0,0.0,0.0
2024-09-23 12:40:00-04:00,29.700000762939453,29.700000762939453,29.700000762939453,29.700000762939453,100,0.0,0.0,0.0
2024-09-23 12:45:00-04:00,29.700000762939453,29.700000762939453,29.680099487304688,29.700000762939453,5350,0.0,0.0,0.0
2024-09-23 12:50:00-04:00,29.719999313354492,29.719999313354492,29.719999313354492,29.719999313354492,978,0.0,0.0,0.0
2024-09-23 12:55:00-04:00,29.75,29.760000228881836,29.75,29.760000228881836,2184,0.0,0.0,0.0
2024-09-23 13:00:00-04:00,29.725000381469727,29.725000381469727,29.70210075378418,29.70210075378418,834,0.0,0.0,0.0
2024-09-23 13:05:00-04:00,29.75,29.75,29.719999313354492,29.729999542236328,2627,0.0,0.0,0.0
2024-09-23 13:10:00-04:00,29.729999542236328,29.764999389648438,29.729999542236328,29.739999771118164,13781,0.0,0.0,0.0
2024-09-23 13:15:00-04:00,29.760000228881836,29.770000457763672,29.729999542236328,29.729999542236328,3489,0.0,0.0,0.0
2024-09-23 13:20:00-04:00,29.770000457763672,29.770000457763672,29.739999771118164,29.739999771118164,2235,0.0,0.0,0.0
2024-09-23 13:25:00-04:00,29.739999771118164,29.739999771118164,29.735000610351562,29.735000610351562,575,0.0,0.0,0.0
2024-09-23 13:30:00-04:00,29.75,29.770000457763672,29.739999771118164,29.770000457763672,5195,0.0,0.0,0.0
2024-09-23 13:35:00-04:00,29.780000686645508,29.790000915527344,29.7549991607666,29.7549991607666,6989,0.0,0.0,0.0
2024-09-23 13:40:00-04:00,29.75510025024414,29.75510025024414,29.7549991607666,29.7549991607666,2267,0.0,0.0,0.0
2024-09-23 13:45:00-04:00,29.7549991607666,29.7549991607666,29.7549991607666,29.7549991607666,290,0.0,0.0,0.0
2024-09-23 13:50:00-04:00,29.7549991607666,29.770000457763672,29.7549991607666,29.760000228881836,765,0.0,0.0,0.0
2024-09-23 13:55:00-04:00,29.760000228881836,29.760000228881836,29.760000228881836,29.760000228881836,100,0.0,0.0,0.0
2024-09-23 14:00:00-04:00,29.7549991607666,29.78499984741211,29.709999084472656,29.739999771118164,6797,0.0,0.0,0.0
2024-09-23 14:05:00-04:00,29.71500015258789,29.75,29.71500015258789,29.75,273,0.0,0.0,0.0
2024-09-23 14:10:00-04:00,29.760000228881836,29.799999237060547,29.75,29.780000686645508,2514,0.0,0.0,0.0
2024-09-23 14:15:00-04:00,29.764999389648438,29.795000076293945,29.764999389648438,29.790000915527344,1803,0.0,0.0,0.0
2024-09-23 14:20:00-04:00,29.770000457763672,29.81999969482422,29.760099411010742,29.809999465942383,5215,0.0,0.0,0.0
2024-09-23 14:25:00-04:00,29.809999465942383,29.809999465942383,29.760000228881836,29.790000915527344,2551,0.0,0.0,0.0
2024-09-23 14:30:00-04:00,29.770000457763672,29.790000915527344,29.770000457763672,29.770000457763672,422,0.0,0.0,0.0
2024-09-23 14:35:00-04:00,29.770000457763672,29.809999465942383,29.760099411010742,29.809999465942383,3443,0.0,0.0,0.0
2024-09-23 14:40:00-04:00,29.799999237060547,29.809499740600586,29.770000457763672,29.809499740600586,6769,0.0,0.0,0.0
2024-09-23 14:45:00-04:00,29.790000915527344,29.7992000579834,29.790000915527344,29.795000076293945,2307,0.0,0.0,0.0
2024-09-23 14:50:00-04:00,29.790000915527344,29.790000915527344,29.770000457763672,29.770000457763672,2013,0.0,0.0,0.0
2024-09-23 14:55:00-04:00,29.75,29.770000457763672,29.75,29.760000228881836,1258,0.0,0.0,0.0
2024-09-23 15:00:00-04:00,29.729999542236328,29.790000915527344,29.729999542236328,29.780000686645508,5206,0.0,0.0,0.0
2024-09-23 15:05:00-04:00,29.780000686645508,29.78660011291504,29.780000686645508,29.780000686645508,1283,0.0,0.0,0.0
2024-09-23 15:10:00-04:00,29.795400619506836,29.795400619506836,29.739999771118164,29.770000457763672,3554,0.0,0.0,0.0
2024-09-23 15:15:00-04:00,29.730100631713867,29.790000915527344,29.730100631713867,29.790000915527344,4036,0.0,0.0,0.0
2024-09-23 15:20:00-04:00,29.790000915527344,29.790000915527344,29.790000915527344,29.790000915527344,1903,0.0,0.0,0.0
2024-09-23 15:25:00-04:00,29.729999542236328,29.790000915527344,29.729999542236328,29.768999099731445,4383,0.0,0.0,0.0
2024-09-23 15:30:00-04:00,29.790000915527344,29.799999237060547,29.770000457763672,29.790000915527344,10167,0.0,0.0,0.0
2024-09-23 15:35:00-04:00,29.78499984741211,29.799999237060547,29.772199630737305,29.79990005493164,45965,0.0,0.0,0.0
2024-09-23 15:40:00-04:00,29.770000457763672,29.799999237060547,29.760000228881836,29.760000228881836,6086,0.0,0.0,0.0
2024-09-23 15:45:00-04:00,29.760000228881836,29.809999465942383,29.760000228881836,29.809999465942383,3363,0.0,0.0,0.0
2024-09-23 15:50:00-04:00,29.78499984741211,29.78499984741211,29.760000228881836,29.760000228881836,1246,0.0,0.0,0.0
2024-09-23 15:55:00-04:00,29.790000915527344,29.790000915527344,29.764999389648438,29.790000915527344,0,0.0,0.0,0.0
2024-09-24 09:30:00-04:00,29.850000381469727,29.860000610351562,29.790000915527344,29.790000915527344,6173,0.0,0.0,0.0
2024-09-24 09:40:00-04:00,29.809999465942383,29.809999465942383,29.809999465942383,29.809999465942383,635,0.0,0.0,0.0
2024-09-24 09:55:00-04:00,29.84000015258789,29.850000381469727,29.81999969482422,29.84000015258789,9100,0.0,0.0,0.0
2024-09-24 10:00:00-04:00,29.850000381469727,29.8799991607666,29.790000915527344,29.790000915527344,4813,0.0,0.0,0.0
2024-09-24 10:20:00-04:00,29.815000534057617,29.815000534057617,29.780000686645508,29.780000686645508,675,0.0,0.0,0.0
2024-09-24 10:35:00-04:00,29.786399841308594,29.786399841308594,29.781299591064453,29.781299591064453,443,0.0,0.0,0.0
2024-09-24 10:40:00-04:00,29.780000686645508,29.780000686645508,29.780000686645508,29.780000686645508,157,0.0,0.0,0.0
2024-09-24 10:50:00-04:00,29.850000381469727,29.850000381469727,29.849899291992188,29.850000381469727,866,0.0,0.0,0.0
2024-09-24 11:05:00-04:00,29.909900665283203,29.909900665283203,29.909900665283203,29.909900665283203,1866,0.0,0.0,0.0
2024-09-24 11:10:00-04:00,29.903400421142578,29.903400421142578,29.903400421142578,29.903400421142578,187,0.0,0.0,0.0
2024-09-24 11:35:00-04:00,29.895000457763672,29.895000457763672,29.895000457763672,29.895000457763672,250,0.0,0.0,0.0
2024-09-24 11:40:00-04:00,29.932100296020508,29.932100296020508,29.932100296020508,29.932100296020508,168,0.0,0.0,0.0
2024-09-24 11:50:00-04:00,29.949199676513672,29.949199676513672,29.949199676513672,29.949199676513672,621,0.0,0.0,0.0
2024-09-24 11:55:00-04:00,29.93000030517578,29.93000030517578,29.93000030517578,29.93000030517578,184,0.0,0.0,0.0
2024-09-24 12:05:00-04:00,29.87190055847168,29.87190055847168,29.87190055847168,29.87190055847168,2267,0.0,0.0,0.0
2024-09-24 12:15:00-04:00,29.870100021362305,29.95319938659668,29.870100021362305,29.95319938659668,1122,0.0,0.0,0.0
2024-09-24 12:35:00-04:00,29.889999389648438,29.903799057006836,29.850000381469727,29.903799057006836,2855,0.0,0.0,0.0
2024-09-24 12:40:00-04:00,29.899999618530273,29.899999618530273,29.839000701904297,29.8700008392334,568,0.0,0.0,0.0
2024-09-24 12:45:00-04:00,29.90999984741211,29.943899154663086,29.905000686645508,29.943899154663086,8435,0.0,0.0,0.0
2024-09-24 13:15:00-04:00,29.90999984741211,29.950000762939453,29.90999984741211,29.940000534057617,3797,0.0,0.0,0.0
2024-09-24 13:25:00-04:00,29.91010093688965,29.91390037536621,29.91010093688965,29.91390037536621,289,0.0,0.0,0.0
2024-09-24 13:30:00-04:00,29.924999237060547,29.940000534057617,29.924999237060547,29.934999465942383,42351,0.0,0.0,0.0
2024-09-24 13:35:00-04:00,29.934999465942383,29.936800003051758,29.934999465942383,29.934999465942383,1342,0.0,0.0,0.0
2024-09-24 13:40:00-04:00,29.939899444580078,29.940000534057617,29.934999465942383,29.934999465942383,8086,0.0,0.0,0.0
2024-09-24 13:50:00-04:00,29.934999465942383,29.934999465942383,29.934999465942383,29.934999465942383,398,0.0,0.0,0.0
2024-09-24 13:55:00-04:00,29.93000030517578,29.93000030517578,29.93000030517578,29.93000030517578,246,0.0,0.0,0.0
2024-09-24 14:05:00-04:00,29.890100479125977,29.890100479125977,29.890100479125977,29.890100479125977,168,0.0,0.0,0.0
2024-09-24 14:10:00-04:00,29.890100479125977,29.93400001525879,29.890100479125977,29.93400001525879,1264,0.0,0.0,0.0
2024-09-24 14:15:00-04:00,29.896099090576172,29.928600311279297,29.896099090576172,29.928600311279297,2133,0.0,0.0,0.0
2024-09-24 14:20:00-04:00,29.891300201416016,29.93000030517578,29.891300201416016,29.92919921875,1050,0.0,0.0,0.0
2024-09-24 14:25:00-04:00,29.93000030517578,29.93000030517578,29.93000030517578,29.93000030517578,202,0.0,0.0,0.0
2024-09-24 14:30:00-04:00,29.920000076293945,29.929000854492188,29.899999618530273,29.924999237060547,2630,0.0,0.0,0.0
2024-09-24 14:35:00-04:00,29.924999237060547,29.940000534057617,29.924999237060547,29.940000534057617,3285,0.0,0.0,0.0
2024-09-24 14:40:00-04:00,29.940000534057617,29.940000534057617,29.940000534057617,29.940000534057617,1317,0.0,0.0,0.0
2024-09-24 14:50:00-04:00,29.940000534057617,29.940000534057617,29.940000534057617,29.940000534057617,532,0.0,0.0,0.0
2024-09-24 14:55:00-04:00,29.93950080871582,29.950000762939453,29.924999237060547,29.940000534057617,3684,0.0,0.0,0.0
2024-09-24 15:00:00-04:00,29.959999084472656,29.969999313354492,29.933700561523438,29.933700561523438,2541,0.0,0.0,0.0
2024-09-24 15:05:00-04:00,29.9689998626709,29.9689998626709,29.92009925842285,29.92009925842285,1466,0.0,0.0,0.0
2024-09-24 15:10:00-04:00,29.979000091552734,29.979000091552734,29.979000091552734,29.979000091552734,316,0.0,0.0,0.0
2024-09-24 15:25:00-04:00,29.979999542236328,30.0,29.979999542236328,30.0,1239,0.0,0.0,0.0
2024-09-24 15:35:00-04:00,29.940000534057617,30.010000228881836,29.940000534057617,29.969999313354492,99603,0.0,0.0,0.0
2024-09-24 15:40:00-04:00,29.941499710083008,29.969999313354492,29.941499710083008,29.969999313354492,534,0.0,0.0,0.0
2024-09-24 15:45:00-04:00,29.969999313354492,29.975000381469727,29.969999313354492,29.975000381469727,408,0.0,0.0,0.0
2024-09-24 15:50:00-04:00,30.0,30.0,29.940099716186523,29.969999313354492,1846,0.0,0.0,0.0
2024-09-24 15:55:00-04:00,29.969999313354492,29.975000381469727,29.940099716186523,29.969999313354492,3260,0.0,0.0,0.0
2024-09-25 09:30:00-04:00,29.959999084472656,29.959999084472656,29.959999084472656,29.959999084472656,0,0.0,0.0,0.0
2024-09-25 09:35:00-04:00,29.979999542236328,29.979999542236328,29.979999542236328,29.979999542236328,176,0.0,0.0,0.0
2024-09-25 09:40:00-04:00,29.975000381469727,29.975000381469727,29.975000381469727,29.975000381469727,356,0.0,0.0,0.0
2024-09-25 09:55:00-04:00,29.940099716186523,30.0,29.940099716186523,30.0,3315,0.0,0.0,0.0
2024-09-25 10:00:00-04:00,30.0,30.0,30.0,30.0,241,0.0,0.0,0.0
2024-09-25 10:15:00-04:00,29.98509979248047,29.98509979248047,29.98509979248047,29.98509979248047,200,0.0,0.0,0.0
2024-09-25 10:25:00-04:00,29.96500015258789,29.96500015258789,29.96500015258789,29.96500015258789,228,0.0,0.0,0.0
2024-09-25 10:30:00-04:00,29.96500015258789,29.96500015258789,29.96500015258789,29.96500015258789,454,0.0,0.0,0.0
2024-09-25 10:35:00-04:00,29.985000610351562,29.985000610351562,29.940099716186523,29.941499710083008,1177,0.0,0.0,0.0
2024-09-25 10:45:00-04:00,29.959999084472656,29.959999084472656,29.959999084472656,29.959999084472656,465,0.0,0.0,0.0
2024-09-25 11:00:00-04:00,29.979999542236328,29.979999542236328,29.944000244140625,29.944000244140625,603,0.0,0.0,0.0
2024-09-25 11:05:00-04:00,29.950000762939453,29.950000762939453,29.950000762939453,29.950000762939453,100,0.0,0.0,0.0
2024-09-25 11:10:00-04:00,29.950000762939453,29.950000762939453,29.940000534057617,29.950000762939453,808,0.0,0.0,0.0
2024-09-25 11:45:00-04:00,29.89069938659668,29.89069938659668,29.89069938659668,29.89069938659668,4085,0.0,0.0,0.0
2024-09-25 12:20:00-04:00,29.891300201416016,29.891300201416016,29.891300201416016,29.891300201416016,333,0.0,0.0,0.0
2024-09-25 12:25:00-04:00,29.894399642944336,29.894399642944336,29.889999389648438,29.889999389648438,468,0.0,0.0,0.0
2024-09-25 12:30:00-04:00,29.891300201416016,29.891300201416016,29.891300201416016,29.891300201416016,154,0.0,0.0,0.0
2024-09-25 12:40:00-04:00,29.90999984741211,29.911300659179688,29.90999984741211,29.90999984741211,7230,0.0,0.0,0.0
2024-09-25 12:45:00-04:00,29.905099868774414,29.905099868774414,29.889999389648438,29.889999389648438,1164,0.0,0.0,0.0
2024-09-25 12:50:00-04:00,29.850000381469727,29.850000381469727,29.850000381469727,29.850000381469727,100,0.0,0.0,0.0
2024-09-25 12:55:00-04:00,29.88949966430664,29.88949966430664,29.88949966430664,29.88949966430664,2115,0.0,0.0,0.0
2024-09-25 13:10:00-04:00,29.836200714111328,29.836200714111328,29.836200714111328,29.836200714111328,277,0.0,0.0,0.0
2024-09-25 13:15:00-04:00,29.836740493774414,29.8799991607666,29.836740493774414,29.8799991607666,2083,0.0,0.0,0.0
2024-09-25 13:25:00-04:00,29.809999465942383,29.809999465942383,29.809999465942383,29.809999465942383,221,0.0,0.0,0.0
2024-09-25 13:35:00-04:00,29.84869956970215,29.84869956970215,29.84869956970215,29.84869956970215,961,0.0,0.0,0.0
2024-09-25 13:50:00-04:00,29.84000015258789,29.869400024414062,29.84000015258789,29.869400024414062,3608,0.0,0.0,0.0
2024-09-25 13:55:00-04:00,29.821199417114258,29.821199417114258,29.821199417114258,29.821199417114258,248,0.0,0.0,0.0
2024-09-25 14:00:00-04:00,29.844999313354492,29.8799991607666,29.790000915527344,29.824100494384766,638049,0.0,0.0,0.0
2024-09-25 14:05:00-04:00,29.809999465942383,29.809999465942383,29.809999465942383,29.809999465942383,5972,0.0,0.0,0.0
2024-09-25 14:15:00-04:00,29.809999465942383,29.859500885009766,29.809999465942383,29.859500885009766,864,0.0,0.0,0.0
2024-09-25 14:20:00-04:00,29.859899520874023,29.859899520874023,29.829999923706055,29.829999923706055,968,0.0,0.0,0.0
2024-09-25 14:25:00-04:00,29.834999084472656,29.846099853515625,29.834999084472656,29.846099853515625,809,0.0,0.0,0.0
2024-09-25 14:35:00-04:00,29.846399307250977,29.846399307250977,29.846399307250977,29.846399307250977,249,0.0,0.0,0.0
2024-09-25 14:40:00-04:00,29.879100799560547,29.879100799560547,29.879100799560547,29.879100799560547,186,0.0,0.0,0.0
2024-09-25 14:45:00-04:00,29.790000915527344,29.790000915527344,29.790000915527344,29.790000915527344,206,0.0,0.0,0.0
2024-09-25 14:50:00-04:00,29.790000915527344,29.8218994140625,29.790000915527344,29.8218994140625,1791,0.0,0.0,0.0
2024-09-25 14:55:00-04:00,29.872699737548828,29.872699737548828,29.834999084472656,29.834999084472656,1929,0.0,0.0,0.0
2024-09-25 15:00:00-04:00,29.829999923706055,29.86989974975586,29.829999923706055,29.861499786376953,1992,0.0,0.0,0.0
2024-09-25 15:15:00-04:00,29.85919952392578,29.85919952392578,29.857900619506836,29.857900619506836,2392,0.0,0.0,0.0
2024-09-25 15:20:00-04:00,29.790000915527344,29.829999923706055,29.790000915527344,29.829999923706055,59948,0.0,0.0,0.0
2024-09-25 15:25:00-04:00,29.807300567626953,29.829999923706055,29.807300567626953,29.829999923706055,1276,0.0,0.0,0.0
2024-09-25 15:30:00-04:00,29.859399795532227,29.859399795532227,29.799999237060547,29.829999923706055,6292,0.0,0.0,0.0
2024-09-25 15:35:00-04:00,29.808000564575195,29.850000381469727,29.808000564575195,29.82229995727539,1951,0.0,0.0,0.0
2024-09-25 15:40:00-04:00,29.829999923706055,29.829999923706055,29.829999923706055,29.829999923706055,1000,0.0,0.0,0.0
2024-09-25 15:50:00-04:00,29.84819984436035,29.84819984436035,29.800100326538086,29.825000762939453,2027,0.0,0.0,0.0
2024-09-25 15:55:00-04:00,29.850000381469727,29.850000381469727,29.825000762939453,29.84000015258789,593,0.0,0.0,0.0
2024-09-26 09:30:00-04:00,30.309999465942383,30.309999465942383,30.257299423217773,30.257299423217773,3233,0.0,0.0,0.0
2024-09-26 09:35:00-04:00,30.253599166870117,30.309999465942383,30.253599166870117,30.264999389648438,2548,0.0,0.0,0.0
2024-09-26 09:40:00-04:00,30.260000228881836,30.27899932861328,30.260000228881836,30.27899932861328,901,0.0,0.0,0.0
2024-09-26 09:45:00-04:00,30.280000686645508,30.280000686645508,30.240100860595703,30.260000228881836,3198,0.0,0.0,0.0
2024-09-26 09:50:00-04:00,30.260000228881836,30.310100555419922,30.260000228881836,30.310100555419922,817,0.0,0.0,0.0
2024-09-26 10:00:00-04:00,30.280000686645508,30.280000686645508,30.280000686645508,30.280000686645508,160,0.0,0.0,0.0
2024-09-26 10:10:00-04:00,30.274999618530273,30.274999618530273,30.274999618530273,30.274999618530273,331,0.0,0.0,0.0
2024-09-26 10:15:00-04:00,30.299999237060547,30.299999237060547,30.24850082397461,30.24850082397461,3505,0.0,0.0,0.0
2024-09-26 10:20:00-04:00,30.28260040283203,30.28260040283203,30.28260040283203,30.28260040283203,790,0.0,0.0,0.0
2024-09-26 10:25:00-04:00,30.29599952697754,30.29599952697754,30.29599952697754,30.29599952697754,948,0.0,0.0,0.0
2024-09-26 10:30:00-04:00,30.240100860595703,30.240100860595703,30.240100860595703,30.240100860595703,200,0.0,0.0,0.0
2024-09-26 10:35:00-04:00,30.280000686645508,30.31049919128418,30.24970054626465,30.24970054626465,8872,0.0,0.0,0.0
2024-09-26 10:40:00-04:00,30.274999618530273,30.274999618530273,30.274999618530273,30.274999618530273,461,0.0,0.0,0.0
2024-09-26 10:45:00-04:00,30.31999969482422,30.31999969482422,30.239999771118164,30.274999618530273,573,0.0,0.0,0.0
2024-09-26 10:55:00-04:00,30.2549991607666,30.2549991607666,30.239999771118164,30.239999771118164,701,0.0,0.0,0.0
2024-09-26 11:00:00-04:00,30.256000518798828,30.263999938964844,30.256000518798828,30.263999938964844,760,0.0,0.0,0.0
2024-09-26 11:05:00-04:00,30.260000228881836,30.260000228881836,30.260000228881836,30.260000228881836,149,0.0,0.0,0.0
2024-09-26 11:10:00-04:00,30.270000457763672,30.270000457763672,30.270000457763672,30.270000457763672,1359,0.0,0.0,0.0
2024-09-26 11:15:00-04:00,30.270000457763672,30.290000915527344,30.270000457763672,30.290000915527344,3686,0.0,0.0,0.0
2024-09-26 11:20:00-04:00,30.34000015258789,30.34000015258789,30.34000015258789,30.34000015258789,229,0.0,0.0,0.0
2024-09-26 11:30:00-04:00,30.349000930786133,30.349899291992188,30.310100555419922,30.310100555419922,2222,0.0,0.0,0.0
2024-09-26 11:35:00-04:00,30.349300384521484,30.349300384521484,30.349300384521484,30.349300384521484,354,0.0,0.0,0.0
2024-09-26 11:40:00-04:00,30.350000381469727,30.409500122070312,30.350000381469727,30.409500122070312,1925,0.0,0.0,0.0
2024-09-26 11:45:00-04:00,30.3700008392334,30.3700008392334,30.3700008392334,30.3700008392334,583,0.0,0.0,0.0
2024-09-26 12:00:00-04:00,30.435199737548828,30.440000534057617,30.415000915527344,30.415000915527344,2914,0.0,0.0,0.0
2024-09-26 12:05:00-04:00,30.415000915527344,30.415000915527344,30.415000915527344,30.415000915527344,354,0.0,0.0,0.0
2024-09-26 12:10:00-04:00,30.438600540161133,30.438600540161133,30.390100479125977,30.390100479125977,3427,0.0,0.0,0.0
2024-09-26 12:15:00-04:00,30.42300033569336,30.439800262451172,30.390100479125977,30.439800262451172,1049,0.0,0.0,0.0
2024-09-26 12:20:00-04:00,30.440000534057617,30.440000534057617,30.415000915527344,30.415000915527344,841,0.0,0.0,0.0
2024-09-26 12:25:00-04:00,30.396099090576172,30.415000915527344,30.396099090576172,30.396099090576172,3144,0.0,0.0,0.0
2024-09-26 12:30:00-04:00,30.40999984741211,30.429899215698242,30.40999984741211,30.429899215698242,707,0.0,0.0,0.0
2024-09-26 12:35:00-04:00,30.43000030517578,30.5,30.399700164794922,30.44499969482422,5255,0.0,0.0,0.0
2024-09-26 12:40:00-04:00,30.499900817871094,30.499900817871094,30.44499969482422,30.44499969482422,1425,0.0,0.0,0.0
2024-09-26 12:45:00-04:00,30.40329933166504,30.47800064086914,30.40329933166504,30.47800064086914,1764,0.0,0.0,0.0
2024-09-26 12:50:00-04:00,30.40329933166504,30.44499969482422,30.40329933166504,30.44499969482422,1147,0.0,0.0,0.0
2024-09-26 12:55:00-04:00,30.489999771118164,30.5,30.44499969482422,30.44499969482422,5481,0.0,0.0,0.0
2024-09-26 13:00:00-04:00,30.44499969482422,30.44499969482422,30.44499969482422,30.44499969482422,515,0.0,0.0,0.0
2024-09-26 13:05:00-04:00,30.44499969482422,30.44499969482422,30.44499969482422,30.44499969482422,3545,0.0,0.0,0.0
2024-09-26 13:10:00-04:00,30.44499969482422,30.44499969482422,30.44499969482422,30.44499969482422,226,0.0,0.0,0.0
2024-09-26 13:15:00-04:00,30.44499969482422,30.44499969482422,30.389999389648438,30.389999389648438,1476,0.0,0.0,0.0
2024-09-26 13:20:00-04:00,30.33009910583496,30.389999389648438,30.33009910583496,30.389999389648438,341,0.0,0.0,0.0
2024-09-26 13:25:00-04:00,30.395000457763672,30.395000457763672,30.395000457763672,30.395000457763672,467,0.0,0.0,0.0
2024-09-26 13:30:00-04:00,30.36009979248047,30.36009979248047,30.36009979248047,30.36009979248047,392,0.0,0.0,0.0
2024-09-26 13:35:00-04:00,30.37849998474121,30.43899917602539,30.37809944152832,30.43899917602539,4718,0.0,0.0,0.0
2024-09-26 13:40:00-04:00,30.43899917602539,30.439599990844727,30.370100021362305,30.43899917602539,6132,0.0,0.0,0.0
2024-09-26 13:50:00-04:00,30.44499969482422,30.450000762939453,30.44499969482422,30.450000762939453,598,0.0,0.0,0.0
2024-09-26 13:55:00-04:00,30.440000534057617,30.44499969482422,30.440000534057617,30.44499969482422,1120,0.0,0.0,0.0
2024-09-26 14:00:00-04:00,30.4689998626709,30.4689998626709,30.454999923706055,30.454999923706055,1555,0.0,0.0,0.0
2024-09-26 14:05:00-04:00,30.479999542236328,30.479999542236328,30.454999923706055,30.454999923706055,1200,0.0,0.0,0.0
2024-09-26 14:10:00-04:00,30.454999923706055,30.454999923706055,30.454999923706055,30.454999923706055,821,0.0,0.0,0.0
2024-09-26 14:15:00-04:00,30.479999542236328,30.5,30.46500015258789,30.46500015258789,12199,0.0,0.0,0.0
2024-09-26 14:20:00-04:00,30.43000030517578,30.5,30.43000030517578,30.46500015258789,1440,0.0,0.0,0.0
2024-09-26 14:25:00-04:00,30.46500015258789,30.5,30.46500015258789,30.46500015258789,1842,0.0,0.0,0.0
2024-09-26 14:30:00-04:00,30.472999572753906,30.5,30.46500015258789,30.5,1354,0.0,0.0,0.0
2024-09-26 14:35:00-04:00,30.475500106811523,30.475500106811523,30.475500106811523,30.475500106811523,1099,0.0,0.0,0.0
2024-09-26 14:40:00-04:00,30.489999771118164,30.489999771118164,30.489999771118164,30.489999771118164,209,0.0,0.0,0.0
2024-09-26 14:45:00-04:00,30.46500015258789,30.46500015258789,30.46500015258789,30.46500015258789,1479,0.0,0.0,0.0
2024-09-26 14:55:00-04:00,30.490999221801758,30.490999221801758,30.490999221801758,30.490999221801758,2298,0.0,0.0,0.0
2024-09-26 15:00:00-04:00,30.489999771118164,30.489999771118164,30.489999771118164,30.489999771118164,150,0.0,0.0,0.0
2024-09-26 15:05:00-04:00,30.489999771118164,30.498699188232422,30.489999771118164,30.498699188232422,417,0.0,0.0,0.0
2024-09-26 15:10:00-04:00,30.5,30.5,30.431699752807617,30.431699752807617,444,0.0,0.0,0.0
2024-09-26 15:15:00-04:00,30.489999771118164,30.489999771118164,30.438499450683594,30.479999542236328,18840,0.0,0.0,0.0
2024-09-26 15:20:00-04:00,30.489999771118164,30.4950008392334,30.430099487304688,30.46500015258789,4061,0.0,0.0,0.0
2024-09-26 15:30:00-04:00,30.46500015258789,30.499900817871094,30.46500015258789,30.46500015258789,1370,0.0,0.0,0.0
2024-09-26 15:35:00-04:00,30.46500015258789,30.499900817871094,30.43000030517578,30.44409942626953,1972,0.0,0.0,0.0
2024-09-26 15:40:00-04:00,30.489999771118164,30.489999771118164,30.46500015258789,30.46500015258789,1035,0.0,0.0,0.0
2024-09-26 15:45:00-04:00,30.489999771118164,30.489999771118164,30.46500015258789,30.46500015258789,681,0.0,0.0,0.0
2024-09-26 15:50:00-04:00,30.46500015258789,30.489999771118164,30.459999084472656,30.460100173950195,2858,0.0,0.0,0.0
2024-09-26 15:55:00-04:00,30.459999084472656,30.479999542236328,30.459999084472656,30.479999542236328,1416,0.0,0.0,0.0
2024-09-27 09:30:00-04:00,30.3700008392334,30.3700008392334,30.3700008392334,30.3700008392334,0,0.0,0.0,0.0
2024-09-27 09:35:00-04:00,30.350000381469727,30.399599075317383,30.310100555419922,30.399599075317383,1395,0.0,0.0,0.0
2024-09-27 09:55:00-04:00,30.3799991607666,30.3799991607666,30.34000015258789,30.34000015258789,1252,0.0,0.0,0.0
2024-09-27 10:10:00-04:00,30.399999618530273,30.399999618530273,30.399900436401367,30.399900436401367,200,0.0,0.0,0.0
2024-09-27 10:15:00-04:00,30.36396598815918,30.399999618530273,30.36396598815918,30.399999618530273,252,0.0,0.0,0.0
2024-09-27 10:20:00-04:00,30.350900650024414,30.350900650024414,30.350900650024414,30.350900650024414,773,0.0,0.0,0.0
2024-09-27 10:25:00-04:00,30.428699493408203,30.428699493408203,30.428699493408203,30.428699493408203,354,0.0,0.0,0.0
2024-09-27 10:35:00-04:00,30.36009979248047,30.440000534057617,30.36009979248047,30.440000534057617,855,0.0,0.0,0.0
2024-09-27 10:45:00-04:00,30.36009979248047,30.36009979248047,30.36009979248047,30.36009979248047,303,0.0,0.0,0.0
2024-09-27 10:50:00-04:00,30.366100311279297,30.366100311279297,30.366100311279297,30.366100311279297,846,0.0,0.0,0.0
2024-09-27 11:05:00-04:00,30.3799991607666,30.3799991607666,30.360000610351562,30.360000610351562,578,0.0,0.0,0.0
2024-09-27 11:10:00-04:00,30.38990020751953,30.38990020751953,30.38990020751953,30.38990020751953,2084,0.0,0.0,0.0
2024-09-27 11:35:00-04:00,30.369199752807617,30.369199752807617,30.36669921875,30.36669921875,1782,0.0,0.0,0.0
2024-09-27 11:40:00-04:00,30.34000015258789,30.350000381469727,30.34000015258789,30.34000015258789,791,0.0,0.0,0.0
2024-09-27 11:45:00-04:00,30.300100326538086,30.3700008392334,30.300100326538086,30.300100326538086,2256,0.0,0.0,0.0
2024-09-27 12:00:00-04:00,30.299999237060547,30.299999237060547,30.299999237060547,30.299999237060547,634,0.0,0.0,0.0
2024-09-27 12:05:00-04:00,30.295000076293945,30.295000076293945,30.251699447631836,30.251699447631836,228,0.0,0.0,0.0
2024-09-27 12:15:00-04:00,30.280000686645508,30.280000686645508,30.280000686645508,30.280000686645508,641,0.0,0.0,0.0
2024-09-27 12:25:00-04:00,30.250200271606445,30.250200271606445,30.250200271606445,30.250200271606445,340,0.0,0.0,0.0
2024-09-27 12:30:00-04:00,30.31999969482422,30.31999969482422,30.260900497436523,30.263399124145508,5754,0.0,0.0,0.0
2024-09-27 12:40:00-04:00,30.261699676513672,30.261699676513672,30.261699676513672,30.261699676513672,1153,0.0,0.0,0.0
2024-09-27 13:05:00-04:00,30.30579948425293,30.30579948425293,30.260000228881836,30.28499984741211,3572,0.0,0.0,0.0
2024-09-27 13:25:00-04:00,30.25,30.25,30.25,30.25,500,0.0,0.0,0.0
2024-09-27 13:30:00-04:00,30.25,30.25,30.25,30.25,1424,0.0,0.0,0.0
2024-09-27 13:35:00-04:00,30.260000228881836,30.260000228881836,30.209999084472656,30.219999313354492,8475,0.0,0.0,0.0
2024-09-27 13:40:00-04:00,30.219999313354492,30.219999313354492,30.219999313354492,30.219999313354492,1964,0.0,0.0,0.0
2024-09-27 13:50:00-04:00,30.239999771118164,30.2450008392334,30.20009994506836,30.2450008392334,1172,0.0,0.0,0.0
2024-09-27 14:05:00-04:00,30.289600372314453,30.289600372314453,30.289600372314453,30.289600372314453,4397,0.0,0.0,0.0
2024-09-27 14:15:00-04:00,30.216100692749023,30.216100692749023,30.216100692749023,30.216100692749023,538,0.0,0.0,0.0
2024-09-27 14:25:00-04:00,30.259700775146484,30.260000228881836,30.259700775146484,30.260000228881836,2397,0.0,0.0,0.0
2024-09-27 14:30:00-04:00,30.200000762939453,30.200000762939453,30.149999618530273,30.184999465942383,2957,0.0,0.0,0.0
2024-09-27 14:55:00-04:00,30.290000915527344,30.290000915527344,30.290000915527344,30.290000915527344,1101,0.0,0.0,0.0
2024-09-27 15:10:00-04:00,30.20009994506836,30.20009994506836,30.20009994506836,30.20009994506836,569,0.0,0.0,0.0
2024-09-27 15:15:00-04:00,30.208499908447266,30.270000457763672,30.208499908447266,30.209699630737305,3809,0.0,0.0,0.0
2024-09-27 15:20:00-04:00,30.239999771118164,30.280000686645508,30.200000762939453,30.200000762939453,60029,0.0,0.0,0.0
2024-09-27 15:25:00-04:00,30.200000762939453,30.260000228881836,30.200000762939453,30.25,16631,0.0,0.0,0.0
2024-09-27 15:35:00-04:00,30.219999313354492,30.219999313354492,30.207599639892578,30.207599639892578,2168,0.0,0.0,0.0
2024-09-27 15:40:00-04:00,30.235000610351562,30.235000610351562,30.235000610351562,30.235000610351562,322,0.0,0.0,0.0
2024-09-27 15:45:00-04:00,30.229999542236328,30.235000610351562,30.219999313354492,30.235000610351562,1059,0.0,0.0,0.0
2024-09-27 15:50:00-04:00,30.239999771118164,30.239999771118164,30.239999771118164,30.239999771118164,191,0.0,0.0,0.0
2024-09-27 15:55:00-04:00,30.225000381469727,30.225000381469727,30.225000381469727,30.225000381469727,321,0.0,0.0,0.0
2024-09-30 09:30:00-04:00,30.209999084472656,30.24519920349121,30.209999084472656,30.24519920349121,0,0.0,0.0,0.0
2024-09-30 09:40:00-04:00,30.15999984741211,30.15999984741211,30.15999984741211,30.15999984741211,112,0.0,0.0,0.0
2024-09-30 09:45:00-04:00,30.101600646972656,30.200000762939453,30.101600646972656,30.155000686645508,2333,0.0,0.0,0.0
2024-09-30 09:50:00-04:00,30.19529914855957,30.229999542236328,30.192800521850586,30.192800521850586,1637,0.0,0.0,0.0
2024-09-30 09:55:00-04:00,30.190000534057617,30.190000534057617,30.18000030517578,30.18000030517578,1483,0.0,0.0,0.0
2024-09-30 10:00:00-04:00,30.200000762939453,30.200000762939453,30.200000762939453,30.200000762939453,134,0.0,0.0,0.0
2024-09-30 10:05:00-04:00,30.170000076293945,30.170000076293945,30.149999618530273,30.149999618530273,14423,0.0,0.0,0.0
2024-09-30 10:15:00-04:00,30.1299991607666,30.18000030517578,30.1299991607666,30.1299991607666,1897,0.0,0.0,0.0
2024-09-30 10:20:00-04:00,30.135000228881836,30.15999984741211,30.135000228881836,30.15999984741211,271,0.0,0.0,0.0
2024-09-30 10:25:00-04:00,30.110000610351562,30.139999389648438,30.110000610351562,30.139999389648438,564,0.0,0.0,0.0
2024-09-30 10:40:00-04:00,30.190000534057617,30.190000534057617,30.190000534057617,30.190000534057617,147,0.0,0.0,0.0
2024-09-30 11:10:00-04:00,30.149999618530273,30.149999618530273,30.139999389648438,30.149999618530273,3878,0.0,0.0,0.0
2024-09-30 11:25:00-04:00,30.149999618530273,30.149999618530273,30.104999542236328,30.104999542236328,1337,0.0,0.0,0.0
2024-09-30 11:35:00-04:00,30.1299991607666,30.1299991607666,30.06999969482422,30.06999969482422,846,0.0,0.0,0.0
2024-09-30 11:40:00-04:00,30.110000610351562,30.1200008392334,30.020099639892578,30.020099639892578,483,0.0,0.0,0.0
2024-09-30 11:55:00-04:00,30.020000457763672,30.11989974975586,30.020000457763672,30.11989974975586,1428,0.0,0.0,0.0
2024-09-30 12:00:00-04:00,30.058000564575195,30.058000564575195,30.054399490356445,30.054399490356445,466,0.0,0.0,0.0
2024-09-30 12:05:00-04:00,30.110000610351562,30.12929916381836,30.040000915527344,30.12929916381836,841,0.0,0.0,0.0
2024-09-30 12:10:00-04:00,30.059900283813477,30.1299991607666,30.059900283813477,30.1299991607666,924,0.0,0.0,0.0
2024-09-30 12:15:00-04:00,30.050100326538086,30.130199432373047,30.050100326538086,30.130199432373047,4226,0.0,0.0,0.0
2024-09-30 12:20:00-04:00,30.05769920349121,30.149599075317383,30.05769920349121,30.149599075317383,911,0.0,0.0,0.0
2024-09-30 12:25:00-04:00,30.149900436401367,30.149900436401367,30.08609962463379,30.08609962463379,1503,0.0,0.0,0.0
2024-09-30 12:30:00-04:00,30.149999618530273,30.149999618530273,30.139999389648438,30.139999389648438,510,0.0,0.0,0.0
2024-09-30 12:45:00-04:00,30.110000610351562,30.144899368286133,30.110000610351562,30.144899368286133,1810,0.0,0.0,0.0
2024-09-30 12:50:00-04:00,30.104999542236328,30.104999542236328,30.070100784301758,30.070100784301758,2659,0.0,0.0,0.0
2024-09-30 12:55:00-04:00,30.1299991607666,30.1299991607666,30.078899383544922,30.1299991607666,3841,0.0,0.0,0.0
2024-09-30 13:00:00-04:00,30.1299991607666,30.1299991607666,30.1299991607666,30.1299991607666,103,0.0,0.0,0.0
2024-09-30 13:05:00-04:00,30.100000381469727,30.1299991607666,30.100000381469727,30.1299991607666,8283,0.0,0.0,0.0
2024-09-30 13:10:00-04:00,30.09000015258789,30.139999389648438,30.079999923706055,30.110000610351562,11836,0.0,0.0,0.0
2024-09-30 13:15:00-04:00,30.1299991607666,30.1387996673584,30.1299991607666,30.1387996673584,1135,0.0,0.0,0.0
2024-09-30 13:20:00-04:00,30.1299991607666,30.13990020751953,30.110000610351562,30.13990020751953,1492,0.0,0.0,0.0
2024-09-30 13:25:00-04:00,30.096099853515625,30.1299991607666,30.09000015258789,30.09000015258789,1694,0.0,0.0,0.0
2024-09-30 13:30:00-04:00,30.139999389648438,30.139999389648438,30.1299991607666,30.1299991607666,751,0.0,0.0,0.0
2024-09-30 13:40:00-04:00,30.1200008392334,30.1200008392334,30.1200008392334,30.1200008392334,134,0.0,0.0,0.0
2024-09-30 13:45:00-04:00,30.1299991607666,30.139999389648438,30.104999542236328,30.104999542236328,1615,0.0,0.0,0.0
2024-09-30 13:50:00-04:00,30.1299991607666,30.1387996673584,30.077299118041992,30.104999542236328,3357,0.0,0.0,0.0
2024-09-30 13:55:00-04:00,30.138200759887695,30.138200759887695,30.083900451660156,30.1299991607666,1676,0.0,0.0,0.0
2024-09-30 14:00:00-04:00,30.1299991607666,30.1299991607666,30.1299991607666,30.1299991607666,187,0.0,0.0,0.0
2024-09-30 14:05:00-04:00,30.06999969482422,30.104999542236328,30.06999969482422,30.06999969482422,1270,0.0,0.0,0.0
2024-09-30 14:10:00-04:00,30.09000015258789,30.09000015258789,30.020000457763672,30.020000457763672,3386,0.0,0.0,0.0
2024-09-30 14:15:00-04:00,29.980499267578125,30.020000457763672,29.980499267578125,30.020000457763672,2699,0.0,0.0,0.0
2024-09-30 14:20:00-04:00,29.979999542236328,30.0,29.950000762939453,29.950000762939453,2652,0.0,0.0,0.0
2024-09-30 14:25:00-04:00,29.989700317382812,29.989999771118164,29.940000534057617,29.989999771118164,785,0.0,0.0,0.0
2024-09-30 14:35:00-04:00,30.0,30.020000457763672,29.9552001953125,30.020000457763672,0,0.0,0.0,0.0
2024-09-30 14:40:00-04:00,30.030000686645508,30.030000686645508,30.010000228881836,30.024999618530273,119259,0.0,0.0,0.0
2024-09-30 14:45:00-04:00,30.020000457763672,30.049999237060547,30.010000228881836,30.04990005493164,4631,0.0,0.0,0.0
2024-09-30 14:50:00-04:00,30.027299880981445,30.027299880981445,30.024999618530273,30.024999618530273,675,0.0,0.0,0.0
2024-09-30 14:55:00-04:00,30.032699584960938,30.032699584960938,30.030000686645508,30.030000686645508,1655,0.0,0.0,0.0
2024-09-30 15:00:00-04:00,30.0,30.020000457763672,30.0,30.020000457763672,1291,0.0,0.0,0.0
2024-09-30 15:05:00-04:00,30.0,30.0,30.0,30.0,126,0.0,0.0,0.0
2024-09-30 15:10:00-04:00,30.024999618530273,30.024999618530273,30.0,30.0,5957,0.0,0.0,0.0
2024-09-30 15:15:00-04:00,29.9950008392334,30.09000015258789,29.9950008392334,30.060100555419922,117420,0.0,0.0,0.0
2024-09-30 15:20:00-04:00,30.059999465942383,30.079999923706055,29.99799919128418,29.99799919128418,11346,0.0,0.0,0.0
2024-09-30 15:25:00-04:00,30.059999465942383,30.059999465942383,30.059999465942383,30.059999465942383,216,0.0,0.0,0.0
2024-09-30 15:30:00-04:00,30.049999237060547,30.049999237060547,30.049999237060547,30.049999237060547,107,0.0,0.0,0.0
2024-09-30 15:35:00-04:00,30.001300811767578,30.059999465942383,30.0,30.059999465942383,1026,0.0,0.0,0.0
2024-09-30 15:40:00-04:00,30.049999237060547,30.100000381469727,30.049999237060547,30.100000381469727,649,0.0,0.0,0.0
2024-09-30 15:50:00-04:00,30.11910057067871,30.1200008392334,30.118999481201172,30.1200008392334,2015,0.0,0.0,0.0
2024-09-30 15:55:00-04:00,30.1299991607666,30.149999618530273,30.087200164794922,30.139999389648438,5978,0.0,0.0,0.0
2024-10-01 09:30:00-04:00,30.100000381469727,30.20800018310547,30.039899826049805,30.039899826049805,11811,0.0,0.0,0.0
2024-10-01 09:35:00-04:00,30.020000457763672,30.038999557495117,29.950000762939453,29.950000762939453,4539,0.0,0.0,0.0
2024-10-01 09:40:00-04:00,29.93000030517578,29.93000030517578,29.93000030517578,29.93000030517578,2103,0.0,0.0,0.0
2024-10-01 09:45:00-04:00,29.920000076293945,29.920000076293945,29.899999618530273,29.899999618530273,538,0.0,0.0,0.0
2024-10-01 09:50:00-04:00,29.860000610351562,29.8799991607666,29.860000610351562,29.8799991607666,529,0.0,0.0,0.0
2024-10-01 10:00:00-04:00,29.87689971923828,29.87689971923828,29.87689971923828,29.87689971923828,197,0.0,0.0,0.0
2024-10-01 10:05:00-04:00,29.860000610351562,29.860000610351562,29.80620002746582,29.80620002746582,2337,0.0,0.0,0.0
2024-10-01 10:15:00-04:00,29.799999237060547,29.799999237060547,29.799999237060547,29.799999237060547,1430,0.0,0.0,0.0
2024-10-01 10:20:00-04:00,29.850000381469727,29.850000381469727,29.850000381469727,29.850000381469727,249,0.0,0.0,0.0
2024-10-01 10:25:00-04:00,29.799999237060547,29.829999923706055,29.799999237060547,29.829999923706055,1110,0.0,0.0,0.0
2024-10-01 10:30:00-04:00,29.780000686645508,29.780000686645508,29.780000686645508,29.780000686645508,100,0.0,0.0,0.0
2024-10-01 10:35:00-04:00,29.790000915527344,29.854999542236328,29.790000915527344,29.854999542236328,517,0.0,0.0,0.0
2024-10-01 10:40:00-04:00,29.89900016784668,29.899999618530273,29.89900016784668,29.899999618530273,979,0.0,0.0,0.0
2024-10-01 10:50:00-04:00,29.852800369262695,29.852800369262695,29.800100326538086,29.800100326538086,273,0.0,0.0,0.0
2024-10-01 10:55:00-04:00,29.860000610351562,29.8799991607666,29.808500289916992,29.8799991607666,4640,0.0,0.0,0.0
2024-10-01 11:00:00-04:00,29.850000381469727,29.850000381469727,29.850000381469727,29.850000381469727,259,0.0,0.0,0.0
2024-10-01 11:05:00-04:00,29.829999923706055,29.829999923706055,29.829999923706055,29.829999923706055,135,0.0,0.0,0.0
2024-10-01 11:10:00-04:00,29.815000534057617,29.815000534057617,29.780000686645508,29.780000686645508,202,0.0,0.0,0.0
2024-10-01 11:15:00-04:00,29.799999237060547,29.799999237060547,29.77144432067871,29.799999237060547,625,0.0,0.0,0.0
2024-10-01 11:20:00-04:00,29.829999923706055,29.829999923706055,29.827699661254883,29.827699661254883,659,0.0,0.0,0.0
2024-10-01 11:25:00-04:00,29.854999542236328,29.864999771118164,29.854999542236328,29.864999771118164,200,0.0,0.0,0.0
2024-10-01 11:30:00-04:00,29.850000381469727,29.8700008392334,29.84440040588379,29.850000381469727,3413,0.0,0.0,0.0
2024-10-01 11:35:00-04:00,29.850000381469727,29.850000381469727,29.81170082092285,29.81170082092285,450,0.0,0.0,0.0
2024-10-01 11:40:00-04:00,29.8799991607666,29.905000686645508,29.860000610351562,29.905000686645508,1712,0.0,0.0,0.0
2024-10-01 11:45:00-04:00,29.895000457763672,29.895000457763672,29.895000457763672,29.895000457763672,3629,0.0,0.0,0.0
2024-10-01 11:50:00-04:00,29.918899536132812,29.918899536132812,29.918899536132812,29.918899536132812,105,0.0,0.0,0.0
2024-10-01 11:55:00-04:00,29.919700622558594,29.920000076293945,29.860000610351562,29.860000610351562,1723,0.0,0.0,0.0
2024-10-01 12:00:00-04:00,29.860000610351562,29.8799991607666,29.81049919128418,29.8799991607666,896,0.0,0.0,0.0
2024-10-01 12:05:00-04:00,29.889999389648438,29.889999389648438,29.809999465942383,29.854999542236328,4543,0.0,0.0,0.0
2024-10-01 12:10:00-04:00,29.850000381469727,29.889999389648438,29.81170082092285,29.81170082092285,972,0.0,0.0,0.0
2024-10-01 12:15:00-04:00,29.844999313354492,29.8799991607666,29.844999313354492,29.878999710083008,1023,0.0,0.0,0.0
2024-10-01 12:20:00-04:00,29.8799991607666,29.8799991607666,29.8799991607666,29.8799991607666,276,0.0,0.0,0.0
2024-10-01 12:25:00-04:00,29.817699432373047,29.86280059814453,29.817699432373047,29.849000930786133,771,0.0,0.0,0.0
2024-10-01 12:30:00-04:00,29.84000015258789,29.84000015258789,29.829999923706055,29.829999923706055,515,0.0,0.0,0.0
2024-10-01 12:40:00-04:00,29.811500549316406,29.811500549316406,29.811500549316406,29.811500549316406,172,0.0,0.0,0.0
2024-10-01 12:45:00-04:00,29.809999465942383,29.809999465942383,29.79800033569336,29.79800033569336,1378,0.0,0.0,0.0
2024-10-01 12:50:00-04:00,29.799999237060547,29.81999969482422,29.799999237060547,29.81999969482422,231,0.0,0.0,0.0
2024-10-01 12:55:00-04:00,29.790000915527344,29.790000915527344,29.790000915527344,29.790000915527344,1500,0.0,0.0,0.0
2024-10-01 13:00:00-04:00,29.80500030517578,29.80500030517578,29.80500030517578,29.80500030517578,1250,0.0,0.0,0.0
2024-10-01 13:05:00-04:00,29.799999237060547,29.799999237060547,29.799999237060547,29.799999237060547,324,0.0,0.0,0.0
2024-10-01 13:10:00-04:00,29.750099182128906,29.836200714111328,29.750099182128906,29.758499145507812,1610,0.0,0.0,0.0
2024-10-01 13:15:00-04:00,29.809999465942383,29.8700008392334,29.750099182128906,29.809999465942383,8808,0.0,0.0,0.0
2024-10-01 13:20:00-04:00,29.81999969482422,29.81999969482422,29.75,29.75,1548,0.0,0.0,0.0
2024-10-01 13:25:00-04:00,29.75,29.830699920654297,29.75,29.795000076293945,1850,0.0,0.0,0.0
2024-10-01 13:30:00-04:00,29.850000381469727,29.850000381469727,29.753700256347656,29.795000076293945,1925,0.0,0.0,0.0
2024-10-01 13:35:00-04:00,29.795000076293945,29.795000076293945,29.795000076293945,29.795000076293945,201,0.0,0.0,0.0
2024-10-01 13:40:00-04:00,29.795000076293945,29.795000076293945,29.740100860595703,29.740100860595703,1781,0.0,0.0,0.0
2024-10-01 13:45:00-04:00,29.84000015258789,29.84000015258789,29.84000015258789,29.84000015258789,200,0.0,0.0,0.0
2024-10-01 13:50:00-04:00,29.770099639892578,29.770099639892578,29.770099639892578,29.770099639892578,269,0.0,0.0,0.0
2024-10-01 14:00:00-04:00,29.90399932861328,29.90999984741211,29.90399932861328,29.90999984741211,361,0.0,0.0,0.0
2024-10-01 14:05:00-04:00,29.889999389648438,29.889999389648438,29.889999389648438,29.889999389648438,450,0.0,0.0,0.0
2024-10-01 14:10:00-04:00,29.940000534057617,29.940000534057617,29.905000686645508,29.905000686645508,792,0.0,0.0,0.0
2024-10-01 14:15:00-04:00,29.924999237060547,29.924999237060547,29.88909912109375,29.88909912109375,926,0.0,0.0,0.0
2024-10-01 14:20:00-04:00,29.969900131225586,29.969900131225586,29.959999084472656,29.959999084472656,1044,0.0,0.0,0.0
2024-10-01 14:25:00-04:00,29.959999084472656,29.979999542236328,29.88010025024414,29.959999084472656,1336,0.0,0.0,0.0
2024-10-01 14:35:00-04:00,30.040000915527344,30.040000915527344,30.040000915527344,30.040000915527344,3183,0.0,0.0,0.0
2024-10-01 14:40:00-04:00,29.979999542236328,30.014999389648438,29.942100524902344,30.014999389648438,3066,0.0,0.0,0.0
2024-10-01 14:45:00-04:00,30.06999969482422,30.079999923706055,29.958099365234375,29.958099365234375,1189,0.0,0.0,0.0
2024-10-01 14:50:00-04:00,30.010000228881836,30.049100875854492,30.010000228881836,30.049100875854492,1010,0.0,0.0,0.0
2024-10-01 14:55:00-04:00,30.099300384521484,30.099300384521484,30.099300384521484,30.099300384521484,600,0.0,0.0,0.0
2024-10-01 15:00:00-04:00,29.940099716186523,30.099700927734375,29.940099716186523,30.099700927734375,467,0.0,0.0,0.0
2024-10-01 15:10:00-04:00,30.010000228881836,30.064716339111328,29.92009925842285,29.99139976501465,6289,0.0,0.0,0.0
2024-10-01 15:15:00-04:00,29.969999313354492,30.079999923706055,29.950000762939453,29.95009994506836,9222,0.0,0.0,0.0
2024-10-01 15:20:00-04:00,30.030000686645508,30.180599212646484,29.920000076293945,29.934999465942383,9943,0.0,0.0,0.0
2024-10-01 15:25:00-04:00,29.940000534057617,30.0,29.940000534057617,29.969999313354492,4074,0.0,0.0,0.0
2024-10-01 15:30:00-04:00,29.959999084472656,29.96500015258789,29.940000534057617,29.940000534057617,5087,0.0,0.0,0.0
2024-10-01 15:35:00-04:00,29.940000534057617,29.940000534057617,29.926300048828125,29.926300048828125,681,0.0,0.0,0.0
2024-10-01 15:40:00-04:00,29.934999465942383,29.950000762939453,29.899999618530273,29.915000915527344,5627,0.0,0.0,0.0
2024-10-01 15:45:00-04:00,29.915000915527344,29.915000915527344,29.8700008392334,29.899999618530273,6438,0.0,0.0,0.0
2024-10-01 15:50:00-04:00,29.889999389648438,29.899999618530273,29.889999389648438,29.899999618530273,3104,0.0,0.0,0.0
2024-10-01 15:55:00-04:00,29.899999618530273,29.920000076293945,29.8700008392334,29.8700008392334,2679,0.0,0.0,0.0
2024-10-02 09:30:00-04:00,29.780000686645508,30.0,29.68160057067871,29.68160057067871,0,0.0,0.0,0.0
2024-10-02 09:35:00-04:00,29.690000534057617,29.690000534057617,29.66029930114746,29.679000854492188,7710,0.0,0.0,0.0
2024-10-02 09:40:00-04:00,29.780000686645508,29.78499984741211,29.71500015258789,29.71500015258789,1828,0.0,0.0,0.0
2024-10-02 09:45:00-04:00,29.731700897216797,29.731700897216797,29.731700897216797,29.731700897216797,0,0.0,0.0,0.0
2024-10-02 09:55:00-04:00,29.799999237060547,29.813199996948242,29.709999084472656,29.709999084472656,30501,0.0,0.0,0.0
2024-10-02 10:00:00-04:00,29.709999084472656,29.780000686645508,29.709999084472656,29.75,3760,0.0,0.0,0.0
2024-10-02 10:05:00-04:00,29.700000762939453,29.770000457763672,29.700000762939453,29.770000457763672,636,0.0,0.0,0.0
2024-10-02 10:10:00-04:00,29.770000457763672,29.829999923706055,29.770000457763672,29.829999923706055,3962,0.0,0.0,0.0
2024-10-02 10:20:00-04:00,29.809999465942383,29.809999465942383,29.799999237060547,29.799999237060547,882,0.0,0.0,0.0
2024-10-02 10:25:00-04:00,29.809900283813477,29.809900283813477,29.740100860595703,29.740100860595703,828,0.0,0.0,0.0
2024-10-02 10:30:00-04:00,29.799999237060547,29.800100326538086,29.760000228881836,29.760000228881836,844,0.0,0.0,0.0
2024-10-02 10:35:00-04:00,29.760099411010742,29.780000686645508,29.760000228881836,29.760000228881836,704,0.0,0.0,0.0
2024-10-02 10:40:00-04:00,29.755699157714844,29.780000686645508,29.755699157714844,29.780000686645508,2477,0.0,0.0,0.0
2024-10-02 10:45:00-04:00,29.81999969482422,29.81999969482422,29.75749969482422,29.75749969482422,1290,0.0,0.0,0.0
2024-10-02 10:50:00-04:00,29.829700469970703,29.829700469970703,29.829700469970703,29.829700469970703,199,0.0,0.0,0.0
2024-10-02 10:55:00-04:00,29.746000289916992,29.746000289916992,29.746000289916992,29.746000289916992,250,0.0,0.0,0.0
2024-10-02 11:00:00-04:00,29.780000686645508,29.780000686645508,29.780000686645508,29.780000686645508,320,0.0,0.0,0.0
2024-10-02 11:10:00-04:00,29.805299758911133,29.805299758911133,29.805299758911133,29.805299758911133,1786,0.0,0.0,0.0
2024-10-02 11:25:00-04:00,29.76729965209961,29.76729965209961,29.76729965209961,29.76729965209961,537,0.0,0.0,0.0
2024-10-02 11:30:00-04:00,29.843799591064453,29.843799591064453,29.843799591064453,29.843799591064453,1105,0.0,0.0,0.0
2024-10-02 11:40:00-04:00,29.837499618530273,29.837499618530273,29.805700302124023,29.805700302124023,334,0.0,0.0,0.0
2024-10-02 11:45:00-04:00,29.877599716186523,29.889999389648438,29.8700008392334,29.8799991607666,5787,0.0,0.0,0.0
2024-10-02 11:50:00-04:00,29.889999389648438,29.889999389648438,29.860000610351562,29.860000610351562,740,0.0,0.0,0.0
2024-10-02 12:05:00-04:00,29.850000381469727,29.8700008392334,29.844900131225586,29.844900131225586,375,0.0,0.0,0.0
2024-10-02 12:15:00-04:00,29.843799591064453,29.843799591064453,29.843799591064453,29.843799591064453,114,0.0,0.0,0.0
2024-10-02 12:20:00-04:00,29.850000381469727,29.850000381469727,29.84000015258789,29.84000015258789,833,0.0,0.0,0.0
2024-10-02 12:25:00-04:00,29.860000610351562,29.860000610351562,29.860000610351562,29.860000610351562,168,0.0,0.0,0.0
2024-10-02 12:30:00-04:00,29.84000015258789,29.84000015258789,29.834999084472656,29.834999084472656,696,0.0,0.0,0.0
2024-10-02 12:35:00-04:00,29.81999969482422,29.81999969482422,29.81999969482422,29.81999969482422,790,0.0,0.0,0.0
2024-10-02 12:40:00-04:00,29.81999969482422,29.81999969482422,29.81999969482422,29.81999969482422,220,0.0,0.0,0.0
2024-10-02 12:50:00-04:00,29.780000686645508,29.780000686645508,29.780000686645508,29.780000686645508,402,0.0,0.0,0.0
2024-10-02 12:55:00-04:00,29.80500030517578,29.80500030517578,29.80500030517578,29.80500030517578,210,0.0,0.0,0.0
2024-10-02 13:00:00-04:00,29.767099380493164,29.801300048828125,29.767099380493164,29.801300048828125,992,0.0,0.0,0.0
2024-10-02 13:05:00-04:00,29.760099411010742,29.760099411010742,29.760099411010742,29.760099411010742,110,0.0,0.0,0.0
2024-10-02 13:20:00-04:00,29.81999969482422,29.81999969482422,29.795000076293945,29.795000076293945,207,0.0,0.0,0.0
2024-10-02 13:25:00-04:00,29.777299880981445,29.777299880981445,29.777299880981445,29.777299880981445,665,0.0,0.0,0.0
2024-10-02 13:30:00-04:00,29.799999237060547,29.799999237060547,29.799999237060547,29.799999237060547,306,0.0,0.0,0.0
2024-10-02 13:40:00-04:00,29.799999237060547,29.799999237060547,29.799999237060547,29.799999237060547,148,0.0,0.0,0.0
2024-10-02 13:45:00-04:00,29.809999465942383,29.809999465942383,29.809999465942383,29.809999465942383,355,0.0,0.0,0.0
2024-10-02 13:50:00-04:00,29.8080997467041,29.8080997467041,29.8080997467041,29.8080997467041,949,0.0,0.0,0.0
2024-10-02 14:05:00-04:00,29.809999465942383,29.809999465942383,29.809999465942383,29.809999465942383,169,0.0,0.0,0.0
2024-10-02 14:15:00-04:00,29.81999969482422,29.83989906311035,29.81130027770996,29.829999923706055,2397,0.0,0.0,0.0
2024-10-02 14:20:00-04:00,29.81999969482422,29.81999969482422,29.81999969482422,29.81999969482422,518,0.0,0.0,0.0
2024-10-02 14:25:00-04:00,29.81999969482422,29.81999969482422,29.770000457763672,29.770000457763672,1436,0.0,0.0,0.0
2024-10-02 14:35:00-04:00,29.770000457763672,29.790000915527344,29.770000457763672,29.780000686645508,1269,0.0,0.0,0.0
2024-10-02 14:40:00-04:00,29.779800415039062,29.809999465942383,29.779800415039062,29.809999465942383,2520,0.0,0.0,0.0
2024-10-02 14:55:00-04:00,29.81999969482422,29.81999969482422,29.805400848388672,29.805400848388672,1532,0.0,0.0,0.0
2024-10-02 15:05:00-04:00,29.82990074157715,29.82990074157715,29.809999465942383,29.81999969482422,4446,0.0,0.0,0.0
2024-10-02 15:15:00-04:00,29.803800582885742,29.93000030517578,29.803800582885742,29.825000762939453,15854,0.0,0.0,0.0
2024-10-02 15:20:00-04:00,29.829099655151367,29.829099655151367,29.829099655151367,29.829099655151367,131,0.0,0.0,0.0
2024-10-02 15:25:00-04:00,29.829999923706055,29.829999923706055,29.829999923706055,29.829999923706055,345,0.0,0.0,0.0
2024-10-02 15:30:00-04:00,29.825000762939453,29.829999923706055,29.81999969482422,29.822099685668945,11496,0.0,0.0,0.0
2024-10-02 15:35:00-04:00,29.81999969482422,29.81999969482422,29.81999969482422,29.81999969482422,344,0.0,0.0,0.0
2024-10-02 15:40:00-04:00,29.829999923706055,29.829999923706055,29.829999923706055,29.829999923706055,300,0.0,0.0,0.0
2024-10-02 15:45:00-04:00,29.84000015258789,29.84000015258789,29.84000015258789,29.84000015258789,1459,0.0,0.0,0.0
2024-10-02 15:50:00-04:00,29.84000015258789,29.84000015258789,29.829999923706055,29.834999084472656,854,0.0,0.0,0.0
2024-10-02 15:55:00-04:00,29.829999923706055,29.84000015258789,29.829999923706055,29.829999923706055,2464,0.0,0.0,0.0
2024-10-03 09:30:00-04:00,29.540000915527344,29.55500030517578,29.520000457763672,29.520000457763672,4034,0.0,0.0,0.0
2024-10-03 09:35:00-04:00,29.520000457763672,29.520000457763672,29.520000457763672,29.520000457763672,110,0.0,0.0,0.0
2024-10-03 09:40:00-04:00,29.519100189208984,29.519100189208984,29.519100189208984,29.519100189208984,114,0.0,0.0,0.0
2024-10-03 09:45:00-04:00,29.5,29.510000228881836,29.5,29.510000228881836,822,0.0,0.0,0.0
2024-10-03 09:50:00-04:00,29.491100311279297,29.491100311279297,29.491100311279297,29.491100311279297,114,0.0,0.0,0.0
2024-10-03 09:55:00-04:00,29.520000457763672,29.520000457763672,29.51289939880371,29.51289939880371,5262,0.0,0.0,0.0
2024-10-03 10:00:00-04:00,29.489999771118164,29.489999771118164,29.489999771118164,29.489999771118164,413,0.0,0.0,0.0
2024-10-03 10:05:00-04:00,29.558700561523438,29.579999923706055,29.558700561523438,29.579999923706055,849,0.0,0.0,0.0
2024-10-03 10:10:00-04:00,29.600000381469727,29.600000381469727,29.545000076293945,29.545000076293945,1158,0.0,0.0,0.0
2024-10-03 10:20:00-04:00,29.540000915527344,29.540000915527344,29.53499984741211,29.53499984741211,543,0.0,0.0,0.0
2024-10-03 10:25:00-04:00,29.520000457763672,29.520000457763672,29.510000228881836,29.510000228881836,482,0.0,0.0,0.0
2024-10-03 10:30:00-04:00,29.520000457763672,29.520000457763672,29.520000457763672,29.520000457763672,102,0.0,0.0,0.0
2024-10-03 10:35:00-04:00,29.540000915527344,29.540000915527344,29.421600341796875,29.485000610351562,1918,0.0,0.0,0.0
2024-10-03 10:45:00-04:00,29.469999313354492,29.469999313354492,29.469999313354492,29.469999313354492,100,0.0,0.0,0.0
2024-10-03 10:50:00-04:00,29.485700607299805,29.485700607299805,29.485700607299805,29.485700607299805,340,0.0,0.0,0.0
2024-10-03 10:55:00-04:00,29.485000610351562,29.485000610351562,29.485000610351562,29.485000610351562,595,0.0,0.0,0.0
2024-10-03 11:00:00-04:00,29.46489906311035,29.46489906311035,29.46489906311035,29.46489906311035,531,0.0,0.0,0.0
2024-10-03 11:10:00-04:00,29.498899459838867,29.498899459838867,29.459999084472656,29.459999084472656,336,0.0,0.0,0.0
2024-10-03 11:15:00-04:00,29.485000610351562,29.510000228881836,29.485000610351562,29.510000228881836,84956,0.0,0.0,0.0
2024-10-03 11:20:00-04:00,29.506099700927734,29.509899139404297,29.467100143432617,29.509899139404297,4970,0.0,0.0,0.0
2024-10-03 11:25:00-04:00,29.5,29.5,29.5,29.5,600,0.0,0.0,0.0
2024-10-03 11:30:00-04:00,29.510000228881836,29.510000228881836,29.510000228881836,29.510000228881836,139,0.0,0.0,0.0
2024-10-03 11:40:00-04:00,29.501300811767578,29.545000076293945,29.501300811767578,29.545000076293945,531,0.0,0.0,0.0
2024-10-03 11:45:00-04:00,29.540000915527344,29.540000915527344,29.540000915527344,29.540000915527344,480,0.0,0.0,0.0
2024-10-03 11:50:00-04:00,29.557100296020508,29.557100296020508,29.557100296020508,29.557100296020508,506,0.0,0.0,0.0
2024-10-03 11:55:00-04:00,29.551300048828125,29.551300048828125,29.551300048828125,29.551300048828125,438,0.0,0.0,0.0
2024-10-03 12:20:00-04:00,29.600000381469727,29.600000381469727,29.600000381469727,29.600000381469727,211,0.0,0.0,0.0
2024-10-03 12:30:00-04:00,29.579999923706055,29.59000015258789,29.563899993896484,29.56439971923828,1474,0.0,0.0,0.0
2024-10-03 12:35:00-04:00,29.59000015258789,29.59000015258789,29.570100784301758,29.570100784301758,237,0.0,0.0,0.0
2024-10-03 12:40:00-04:00,29.59910011291504,29.59910011291504,29.549999237060547,29.549999237060547,601,0.0,0.0,0.0
2024-10-03 12:45:00-04:00,29.549999237060547,29.549999237060547,29.549999237060547,29.549999237060547,156,0.0,0.0,0.0
2024-10-03 12:50:00-04:00,29.530000686645508,29.530000686645508,29.530000686645508,29.530000686645508,151,0.0,0.0,0.0
2024-10-03 12:55:00-04:00,29.540000915527344,29.540000915527344,29.540000915527344,29.540000915527344,706,0.0,0.0,0.0
2024-10-03 13:05:00-04:00,29.53499984741211,29.53499984741211,29.520000457763672,29.520000457763672,393,0.0,0.0,0.0
2024-10-03 13:15:00-04:00,29.50149917602539,29.50149917602539,29.50149917602539,29.50149917602539,272,0.0,0.0,0.0
2024-10-03 13:20:00-04:00,29.503700256347656,29.503700256347656,29.503700256347656,29.503700256347656,488,0.0,0.0,0.0
2024-10-03 13:25:00-04:00,29.525100708007812,29.525100708007812,29.510000228881836,29.510099411010742,3817,0.0,0.0,0.0
2024-10-03 13:30:00-04:00,29.549999237060547,29.559999465942383,29.549999237060547,29.559999465942383,3534,0.0,0.0,0.0
2024-10-03 13:40:00-04:00,29.559999465942383,29.559999465942383,29.510099411010742,29.510099411010742,1060,0.0,0.0,0.0
2024-10-03 13:50:00-04:00,29.545000076293945,29.579999923706055,29.545000076293945,29.579999923706055,2593,0.0,0.0,0.0
2024-10-03 14:00:00-04:00,29.55500030517578,29.55500030517578,29.520000457763672,29.520000457763672,888,0.0,0.0,0.0
2024-10-03 14:05:00-04:00,29.588300704956055,29.588300704956055,29.588300704956055,29.588300704956055,200,0.0,0.0,0.0
2024-10-03 14:10:00-04:00,29.58989906311035,29.58989906311035,29.520099639892578,29.520099639892578,2156,0.0,0.0,0.0
2024-10-03 14:15:00-04:00,29.528499603271484,29.528499603271484,29.528499603271484,29.528499603271484,1912,0.0,0.0,0.0
2024-10-03 14:25:00-04:00,29.530099868774414,29.530099868774414,29.530099868774414,29.530099868774414,168,0.0,0.0,0.0
2024-10-03 14:30:00-04:00,29.582199096679688,29.599899291992188,29.530000686645508,29.530000686645508,2039,0.0,0.0,0.0
2024-10-03 14:45:00-04:00,29.59280014038086,29.59280014038086,29.59280014038086,29.59280014038086,507,0.0,0.0,0.0
2024-10-03 14:50:00-04:00,29.572900772094727,29.572900772094727,29.572900772094727,29.572900772094727,214,0.0,0.0,0.0
2024-10-03 14:55:00-04:00,29.57550048828125,29.57550048828125,29.530099868774414,29.530099868774414,530,0.0,0.0,0.0
2024-10-03 15:00:00-04:00,29.530000686645508,29.53499984741211,29.530000686645508,29.53499984741211,3721,0.0,0.0,0.0
2024-10-03 15:05:00-04:00,29.53499984741211,29.53499984741211,29.53499984741211,29.53499984741211,2420,0.0,0.0,0.0
2024-10-03 15:10:00-04:00,29.53499984741211,29.53499984741211,29.53499984741211,29.53499984741211,476,0.0,0.0,0.0
2024-10-03 15:15:00-04:00,29.540000915527344,29.799999237060547,29.530000686645508,29.559999465942383,24085,0.0,0.0,0.0
2024-10-03 15:20:00-04:00,29.56369972229004,29.579999923706055,29.51689910888672,29.559999465942383,1351,0.0,0.0,0.0
2024-10-03 15:25:00-04:00,29.559999465942383,29.559999465942383,29.559999465942383,29.559999465942383,154,0.0,0.0,0.0
2024-10-03 15:30:00-04:00,29.559999465942383,29.559999465942383,29.5,29.510099411010742,2216,0.0,0.0,0.0
2024-10-03 15:35:00-04:00,29.545000076293945,29.55139923095703,29.545000076293945,29.55139923095703,4561,0.0,0.0,0.0
2024-10-03 15:40:00-04:00,29.545000076293945,29.545000076293945,29.540000915527344,29.540000915527344,798,0.0,0.0,0.0
2024-10-03 15:45:00-04:00,29.540000915527344,29.540000915527344,29.540000915527344,29.540000915527344,643,0.0,0.0,0.0
2024-10-03 15:50:00-04:00,29.540000915527344,29.579999923706055,29.5,29.540000915527344,3397,0.0,0.0,0.0
2024-10-03 15:55:00-04:00,29.578699111938477,29.829999923706055,29.520000457763672,29.600000381469727,2624,0.0,0.0,0.0
2024-10-04 09:30:00-04:00,29.549999237060547,29.59000015258789,29.549999237060547,29.59000015258789,0,0.0,0.0,0.0
2024-10-04 09:35:00-04:00,29.56170082092285,29.56999969482422,29.56170082092285,29.56999969482422,705,0.0,0.0,0.0
2024-10-04 09:40:00-04:00,29.59000015258789,29.59000015258789,29.59000015258789,29.59000015258789,460,0.0,0.0,0.0
2024-10-04 09:45:00-04:00,29.635000228881836,29.66900062561035,29.600099563598633,29.600099563598633,3404,0.0,0.0,0.0
2024-10-04 09:50:00-04:00,29.6299991607666,29.709999084472656,29.6299991607666,29.684999465942383,1658,0.0,0.0,0.0
2024-10-04 09:55:00-04:00,29.649999618530273,29.649999618530273,29.649999618530273,29.649999618530273,128,0.0,0.0,0.0
2024-10-04 10:05:00-04:00,29.69499969482422,29.709999084472656,29.65999984741211,29.66010093688965,7145,0.0,0.0,0.0
2024-10-04 10:10:00-04:00,29.612300872802734,29.75,29.612300872802734,29.65999984741211,9490,0.0,0.0,0.0
2024-10-04 10:15:00-04:00,29.649999618530273,29.649999618530273,29.639999389648438,29.64430046081543,343,0.0,0.0,0.0
2024-10-04 10:20:00-04:00,29.655000686645508,29.68000030517578,29.649999618530273,29.649999618530273,4325,0.0,0.0,0.0
2024-10-04 10:25:00-04:00,29.670000076293945,29.670000076293945,29.639999389648438,29.639999389648438,2434,0.0,0.0,0.0
2024-10-04 10:30:00-04:00,29.600000381469727,29.65999984741211,29.579999923706055,29.6200008392334,838,0.0,0.0,0.0
2024-10-04 10:35:00-04:00,29.59000015258789,29.639999389648438,29.561899185180664,29.561899185180664,1554,0.0,0.0,0.0
2024-10-04 10:40:00-04:00,29.600000381469727,29.670000076293945,29.59000015258789,29.620100021362305,1670,0.0,0.0,0.0
2024-10-04 10:45:00-04:00,29.649999618530273,29.649999618530273,29.6299991607666,29.6299991607666,755,0.0,0.0,0.0
2024-10-04 10:50:00-04:00,29.6299991607666,29.6299991607666,29.6299991607666,29.6299991607666,185,0.0,0.0,0.0
2024-10-04 10:55:00-04:00,29.679500579833984,29.679500579833984,29.601699829101562,29.601699829101562,503,0.0,0.0,0.0
2024-10-04 11:10:00-04:00,29.643518447875977,29.643518447875977,29.643518447875977,29.643518447875977,423,0.0,0.0,0.0
2024-10-04 11:30:00-04:00,29.6299991607666,29.6299991607666,29.6299991607666,29.6299991607666,325,0.0,0.0,0.0
2024-10-04 11:40:00-04:00,29.590099334716797,29.590099334716797,29.590099334716797,29.590099334716797,272,0.0,0.0,0.0
2024-10-04 11:50:00-04:00,29.599899291992188,29.599899291992188,29.599899291992188,29.599899291992188,411,0.0,0.0,0.0
2024-10-04 11:55:00-04:00,29.61009979248047,29.61009979248047,29.61009979248047,29.61009979248047,1375,0.0,0.0,0.0
2024-10-04 12:10:00-04:00,29.63010025024414,29.665000915527344,29.63010025024414,29.665000915527344,5584,0.0,0.0,0.0
2024-10-04 12:15:00-04:00,29.665000915527344,29.665000915527344,29.665000915527344,29.665000915527344,665,0.0,0.0,0.0
2024-10-04 12:20:00-04:00,29.66939926147461,29.66939926147461,29.66939926147461,29.66939926147461,169,0.0,0.0,0.0
2024-10-04 12:25:00-04:00,29.699899673461914,29.699899673461914,29.6299991607666,29.6299991607666,3568,0.0,0.0,0.0
2024-10-04 12:40:00-04:00,29.670000076293945,29.670000076293945,29.670000076293945,29.670000076293945,4543,0.0,0.0,0.0
2024-10-04 12:45:00-04:00,29.708200454711914,29.708200454711914,29.708200454711914,29.708200454711914,1035,0.0,0.0,0.0
2024-10-04 13:10:00-04:00,29.674999237060547,29.674999237060547,29.674999237060547,29.674999237060547,101,0.0,0.0,0.0
2024-10-04 13:15:00-04:00,29.708900451660156,29.708900451660156,29.674999237060547,29.674999237060547,5800,0.0,0.0,0.0
2024-10-04 13:20:00-04:00,29.70400047302246,29.719999313354492,29.68000030517578,29.719999313354492,6283,0.0,0.0,0.0
2024-10-04 13:25:00-04:00,29.690000534057617,29.690000534057617,29.690000534057617,29.690000534057617,301,0.0,0.0,0.0
2024-10-04 13:30:00-04:00,29.657899856567383,29.68000030517578,29.657899856567383,29.68000030517578,13866,0.0,0.0,0.0
2024-10-04 13:35:00-04:00,29.684999465942383,29.684999465942383,29.649999618530273,29.649999618530273,1300,0.0,0.0,0.0
2024-10-04 13:40:00-04:00,29.674999237060547,29.68869972229004,29.674999237060547,29.674999237060547,1905,0.0,0.0,0.0
2024-10-04 13:50:00-04:00,29.71969985961914,29.71969985961914,29.71969985961914,29.71969985961914,699,0.0,0.0,0.0
2024-10-04 13:55:00-04:00,29.719999313354492,29.719999313354492,29.719999313354492,29.719999313354492,459,0.0,0.0,0.0
2024-10-04 14:00:00-04:00,29.684999465942383,29.684999465942383,29.6299991607666,29.6299991607666,4432,0.0,0.0,0.0
2024-10-04 14:05:00-04:00,29.610000610351562,29.68899917602539,29.610000610351562,29.65999984741211,6457,0.0,0.0,0.0
2024-10-04 14:10:00-04:00,29.635000228881836,29.66990089416504,29.61709976196289,29.6471004486084,22843,0.0,0.0,0.0
2024-10-04 14:15:00-04:00,29.65999984741211,29.700000762939453,29.639999389648438,29.700000762939453,2760,0.0,0.0,0.0
2024-10-04 14:20:00-04:00,29.709999084472656,29.709999084472656,29.709999084472656,29.709999084472656,397,0.0,0.0,0.0
2024-10-04 14:25:00-04:00,29.670000076293945,29.68000030517578,29.649999618530273,29.68000030517578,1551,0.0,0.0,0.0
2024-10-04 14:30:00-04:00,29.650100708007812,29.650100708007812,29.650100708007812,29.650100708007812,240,0.0,0.0,0.0
2024-10-04 14:35:00-04:00,29.68950080871582,29.68950080871582,29.68950080871582,29.68950080871582,1000,0.0,0.0,0.0
2024-10-04 14:40:00-04:00,29.68000030517578,29.68000030517578,29.68000030517578,29.68000030517578,300,0.0,0.0,0.0
2024-10-04 14:45:00-04:00,29.68000030517578,29.68000030517578,29.68000030517578,29.68000030517578,242,0.0,0.0,0.0
2024-10-04 14:50:00-04:00,29.684999465942383,29.719900131225586,29.684999465942383,29.695499420166016,1339,0.0,0.0,0.0
2024-10-04 14:55:00-04:00,29.719999313354492,29.719999313354492,29.719999313354492,29.719999313354492,1077,0.0,0.0,0.0
2024-10-04 15:00:00-04:00,29.684999465942383,29.684999465942383,29.684999465942383,29.684999465942383,350,0.0,0.0,0.0
2024-10-04 15:05:00-04:00,29.700000762939453,29.700000762939453,29.684999465942383,29.684999465942383,5520,0.0,0.0,0.0
2024-10-04 15:15:00-04:00,29.690000534057617,29.690000534057617,29.690000534057617,29.690000534057617,30565,0.0,0.0,0.0
2024-10-04 15:20:00-04:00,29.709999084472656,29.899999618530273,29.69499969482422,29.725000381469727,28494,0.0,0.0,0.0
2024-10-04 15:25:00-04:00,29.725000381469727,29.725000381469727,29.725000381469727,29.725000381469727,420,0.0,0.0,0.0
2024-10-04 15:30:00-04:00,29.725000381469727,29.725000381469727,29.725000381469727,29.725000381469727,2228,0.0,0.0,0.0
2024-10-04 15:35:00-04:00,29.692100524902344,29.729999542236328,29.692100524902344,29.7091007232666,1804,0.0,0.0,0.0
2024-10-04 15:40:00-04:00,29.750099182128906,29.750099182128906,29.711299896240234,29.711299896240234,415,0.0,0.0,0.0
2024-10-04 15:45:00-04:00,29.711299896240234,29.739999771118164,29.711299896240234,29.739999771118164,1078,0.0,0.0,0.0
2024-10-04 15:50:00-04:00,29.739999771118164,29.780000686645508,29.739999771118164,29.739999771118164,1982,0.0,0.0,0.0
2024-10-04 15:55:00-04:00,29.780000686645508,29.780000686645508,29.7450008392334,29.7450008392334,966,0.0,0.0,0.0
2024-10-07 09:30:00-04:00,29.649999618530273,29.649999618530273,29.649999618530273,29.649999618530273,2769,0.0,0.0,0.0
2024-10-07 09:35:00-04:00,29.670000076293945,29.670000076293945,29.670000076293945,29.670000076293945,110,0.0,0.0,0.0
2024-10-07 09:40:00-04:00,29.68000030517578,29.68000030517578,29.68000030517578,29.68000030517578,300,0.0,0.0,0.0
2024-10-07 09:45:00-04:00,29.786300659179688,29.786300659179688,29.690000534057617,29.700000762939453,16755,0.0,0.0,0.0
2024-10-07 09:55:00-04:00,29.670000076293945,29.68000030517578,29.604999542236328,29.604999542236328,7386,0.0,0.0,0.0
2024-10-07 10:00:00-04:00,29.68000030517578,29.68000030517578,29.665000915527344,29.670000076293945,3396,0.0,0.0,0.0
2024-10-07 10:05:00-04:00,29.649999618530273,29.65999984741211,29.639999389648438,29.639999389648438,4733,0.0,0.0,0.0
2024-10-07 10:10:00-04:00,29.649999618530273,29.649999618530273,29.600000381469727,29.6299991607666,20809,0.0,0.0,0.0
2024-10-07 10:15:00-04:00,29.6299991607666,29.699899673461914,29.6299991607666,29.639999389648438,3625,0.0,0.0,0.0
2024-10-07 10:20:00-04:00,29.639999389648438,29.639999389648438,29.639999389648438,29.639999389648438,301,0.0,0.0,0.0
2024-10-07 10:25:00-04:00,29.6200008392334,29.6200008392334,29.600000381469727,29.600000381469727,0,0.0,0.0,0.0
2024-10-07 10:45:00-04:00,29.600000381469727,29.600000381469727,29.600000381469727,29.600000381469727,62137,0.0,0.0,0.0
2024-10-07 10:50:00-04:00,29.610000610351562,29.610000610351562,29.610000610351562,29.610000610351562,1495,0.0,0.0,0.0
2024-10-07 11:00:00-04:00,29.600000381469727,29.600000381469727,29.600000381469727,29.600000381469727,168,0.0,0.0,0.0
2024-10-07 11:05:00-04:00,29.629899978637695,29.629899978637695,29.570100784301758,29.570100784301758,998,0.0,0.0,0.0
2024-10-07 11:10:00-04:00,29.608999252319336,29.624300003051758,29.608999252319336,29.624300003051758,609,0.0,0.0,0.0
2024-10-07 11:20:00-04:00,29.614999771118164,29.614999771118164,29.614999771118164,29.614999771118164,130,0.0,0.0,0.0
2024-10-07 11:25:00-04:00,29.6200008392334,29.6200008392334,29.6200008392334,29.6200008392334,230,0.0,0.0,0.0
2024-10-07 11:30:00-04:00,29.610000610351562,29.610000610351562,29.610000610351562,29.610000610351562,643,0.0,0.0,0.0
2024-10-07 11:35:00-04:00,29.6200008392334,29.6299991607666,29.6200008392334,29.6299991607666,2170,0.0,0.0,0.0
2024-10-07 11:40:00-04:00,29.600000381469727,29.600000381469727,29.600000381469727,29.600000381469727,100,0.0,0.0,0.0
2024-10-07 11:50:00-04:00,29.631900787353516,29.631900787353516,29.610000610351562,29.610000610351562,765,0.0,0.0,0.0
2024-10-07 12:00:00-04:00,29.639999389648438,29.639999389648438,29.610000610351562,29.610000610351562,300,0.0,0.0,0.0
2024-10-07 12:05:00-04:00,29.587299346923828,29.587299346923828,29.587299346923828,29.587299346923828,0,0.0,0.0,0.0
2024-10-07 12:10:00-04:00,29.579999923706055,29.620100021362305,29.579999923706055,29.620100021362305,71198,0.0,0.0,0.0
2024-10-07 12:20:00-04:00,29.614999771118164,29.614999771118164,29.614999771118164,29.614999771118164,100,0.0,0.0,0.0
2024-10-07 12:25:00-04:00,29.614999771118164,29.614999771118164,29.614999771118164,29.614999771118164,191,0.0,0.0,0.0
2024-10-07 12:30:00-04:00,29.610000610351562,29.610000610351562,29.600000381469727,29.610000610351562,818,0.0,0.0,0.0
2024-10-07 12:35:00-04:00,29.604999542236328,29.610000610351562,29.600000381469727,29.610000610351562,2448,0.0,0.0,0.0
2024-10-07 12:40:00-04:00,29.610000610351562,29.610000610351562,29.610000610351562,29.610000610351562,135,0.0,0.0,0.0
2024-10-07 12:45:00-04:00,29.610000610351562,29.610000610351562,29.610000610351562,29.610000610351562,200,0.0,0.0,0.0
2024-10-07 12:50:00-04:00,29.610000610351562,29.610000610351562,29.610000610351562,29.610000610351562,0,0.0,0.0,0.0
2024-10-07 12:55:00-04:00,29.610000610351562,29.610000610351562,29.605199813842773,29.605199813842773,84148,0.0,0.0,0.0
2024-10-07 13:00:00-04:00,29.649900436401367,29.649900436401367,29.61009979248047,29.6299991607666,508,0.0,0.0,0.0
2024-10-07 13:05:00-04:00,29.611299514770508,29.611299514770508,29.611299514770508,29.611299514770508,414,0.0,0.0,0.0
2024-10-07 13:10:00-04:00,29.649999618530273,29.690000534057617,29.624000549316406,29.624000549316406,3441,0.0,0.0,0.0
2024-10-07 13:20:00-04:00,29.6299991607666,29.6299991607666,29.6299991607666,29.6299991607666,192,0.0,0.0,0.0
2024-10-07 13:30:00-04:00,29.655000686645508,29.655000686645508,29.655000686645508,29.655000686645508,117,0.0,0.0,0.0
2024-10-07 13:35:00-04:00,29.655000686645508,29.655000686645508,29.655000686645508,29.655000686645508,201,0.0,0.0,0.0
2024-10-07 13:40:00-04:00,29.66160011291504,29.66160011291504,29.655000686645508,29.655000686645508,0,0.0,0.0,0.0
2024-10-07 13:50:00-04:00,29.655000686645508,29.655000686645508,29.6299991607666,29.6299991607666,90972,0.0,0.0,0.0
2024-10-07 13:55:00-04:00,29.68000030517578,29.68000030517578,29.68000030517578,29.68000030517578,160,0.0,0.0,0.0
2024-10-07 14:00:00-04:00,29.66990089416504,29.66990089416504,29.610000610351562,29.610000610351562,1981,0.0,0.0,0.0
2024-10-07 14:10:00-04:00,29.614999771118164,29.638999938964844,29.614999771118164,29.638999938964844,1137,0.0,0.0,0.0
2024-10-07 14:15:00-04:00,29.6299991607666,29.639999389648438,29.587099075317383,29.639999389648438,1030,0.0,0.0,0.0
2024-10-07 14:20:00-04:00,29.604999542236328,29.604999542236328,29.600000381469727,29.600000381469727,856,0.0,0.0,0.0
2024-10-07 14:25:00-04:00,29.600000381469727,29.600000381469727,29.579999923706055,29.579999923706055,307,0.0,0.0,0.0
2024-10-07 14:30:00-04:00,29.559999465942383,29.59000015258789,29.549999237060547,29.565000534057617,7180,0.0,0.0,0.0
2024-10-07 14:35:00-04:00,29.565000534057617,29.565000534057617,29.565000534057617,29.565000534057617,778,0.0,0.0,0.0
2024-10-07 14:40:00-04:00,29.565000534057617,29.565000534057617,29.565000534057617,29.565000534057617,139,0.0,0.0,0.0
2024-10-07 14:45:00-04:00,29.540000915527344,29.549999237060547,29.5,29.5,1661,0.0,0.0,0.0
2024-10-07 14:50:00-04:00,29.480100631713867,29.480100631713867,29.480100631713867,29.480100631713867,612,0.0,0.0,0.0
2024-10-07 14:55:00-04:00,29.5049991607666,29.52989959716797,29.479999542236328,29.479999542236328,8257,0.0,0.0,0.0
2024-10-07 15:05:00-04:00,29.5,29.5,29.5,29.5,331,0.0,0.0,0.0
2024-10-07 15:10:00-04:00,29.5049991607666,29.510000228881836,29.5049991607666,29.510000228881836,3167,0.0,0.0,0.0
2024-10-07 15:15:00-04:00,29.510000228881836,29.510000228881836,29.501699447631836,29.501699447631836,260,0.0,0.0,0.0
2024-10-07 15:20:00-04:00,29.520000457763672,29.520000457763672,29.520000457763672,29.520000457763672,149,0.0,0.0,0.0
2024-10-07 15:25:00-04:00,29.530000686645508,29.530000686645508,29.530000686645508,29.530000686645508,805,0.0,0.0,0.0
2024-10-07 15:30:00-04:00,29.510000228881836,29.530000686645508,29.510000228881836,29.510000228881836,609,0.0,0.0,0.0
2024-10-07 15:35:00-04:00,29.496400833129883,29.510000228881836,29.496400833129883,29.510000228881836,3963,0.0,0.0,0.0
2024-10-07 15:40:00-04:00,29.54400062561035,29.54400062561035,29.510000228881836,29.510000228881836,200,0.0,0.0,0.0
2024-10-07 15:45:00-04:00,29.530000686645508,29.55500030517578,29.530000686645508,29.55500030517578,702,0.0,0.0,0.0
2024-10-07 15:50:00-04:00,29.559999465942383,29.584999084472656,29.559999465942383,29.559999465942383,1307,0.0,0.0,0.0
2024-10-07 15:55:00-04:00,29.540000915527344,29.540000915527344,29.540000915527344,29.540000915527344,1030,0.0,0.0,0.0
2024-10-08 09:30:00-04:00,29.549999237060547,29.59000015258789,29.510000228881836,29.549999237060547,15155,0.0,0.0,0.0
2024-10-08 09:35:00-04:00,29.530000686645508,29.57859992980957,29.530000686645508,29.559999465942383,1311,0.0,0.0,0.0
2024-10-08 09:40:00-04:00,29.559999465942383,29.579599380493164,29.510000228881836,29.520099639892578,3919,0.0,0.0,0.0
2024-10-08 09:45:00-04:00,29.510000228881836,29.545000076293945,29.510000228881836,29.545000076293945,619,0.0,0.0,0.0
2024-10-08 09:50:00-04:00,29.56999969482422,29.5718994140625,29.53499984741211,29.53499984741211,5600,0.0,0.0,0.0
2024-10-08 09:55:00-04:00,29.578399658203125,29.57900047302246,29.545000076293945,29.56999969482422,3553,0.0,0.0,0.0
2024-10-08 10:00:00-04:00,29.579999923706055,29.579999923706055,29.559999465942383,29.559999465942383,664,0.0,0.0,0.0
2024-10-08 10:05:00-04:00,29.55500030517578,29.55500030517578,29.55500030517578,29.55500030517578,113,0.0,0.0,0.0
2024-10-08 10:10:00-04:00,29.530099868774414,29.549999237060547,29.500099182128906,29.530000686645508,2267,0.0,0.0,0.0
2024-10-08 10:15:00-04:00,29.520000457763672,29.524999618530273,29.520000457763672,29.524999618530273,624,0.0,0.0,0.0
2024-10-08 10:20:00-04:00,29.524999618530273,29.524999618530273,29.520000457763672,29.520000457763672,1368,0.0,0.0,0.0
2024-10-08 10:25:00-04:00,29.50469970703125,29.524900436401367,29.50469970703125,29.520000457763672,806,0.0,0.0,0.0
2024-10-08 10:30:00-04:00,29.504899978637695,29.504899978637695,29.4950008392334,29.4950008392334,3193,0.0,0.0,0.0
2024-10-08 10:35:00-04:00,29.4950008392334,29.530000686645508,29.489999771118164,29.520000457763672,3900,0.0,0.0,0.0
2024-10-08 10:40:00-04:00,29.47010040283203,29.53809928894043,29.47010040283203,29.490100860595703,921,0.0,0.0,0.0
2024-10-08 10:45:00-04:00,29.520000457763672,29.530000686645508,29.520000457763672,29.530000686645508,1132,0.0,0.0,0.0
2024-10-08 10:50:00-04:00,29.505399703979492,29.54990005493164,29.505399703979492,29.54990005493164,859,0.0,0.0,0.0
2024-10-08 10:55:00-04:00,29.5447998046875,29.5447998046875,29.500099182128906,29.500099182128906,484,0.0,0.0,0.0
2024-10-08 11:00:00-04:00,29.562999725341797,29.562999725341797,29.549999237060547,29.549999237060547,1133,0.0,0.0,0.0
2024-10-08 11:10:00-04:00,29.530000686645508,29.530000686645508,29.530000686645508,29.530000686645508,1555,0.0,0.0,0.0
2024-10-08 11:15:00-04:00,29.50909996032715,29.548200607299805,29.50909996032715,29.548200607299805,491,0.0,0.0,0.0
2024-10-08 11:20:00-04:00,29.533700942993164,29.53499984741211,29.50149917602539,29.50149917602539,1983,0.0,0.0,0.0
2024-10-08 11:25:00-04:00,29.47640037536621,29.540000915527344,29.47640037536621,29.51137924194336,8679,0.0,0.0,0.0
2024-10-08 11:30:00-04:00,29.510000228881836,29.510000228881836,29.4950008392334,29.4950008392334,4160,0.0,0.0,0.0
2024-10-08 11:35:00-04:00,29.4950008392334,29.510000228881836,29.4950008392334,29.50149917602539,2429,0.0,0.0,0.0
2024-10-08 11:45:00-04:00,29.540000915527344,29.54400062561035,29.524999618530273,29.524999618530273,3757,0.0,0.0,0.0
2024-10-08 12:00:00-04:00,29.549999237060547,29.559999465942383,29.549999237060547,29.559999465942383,756,0.0,0.0,0.0
2024-10-08 12:05:00-04:00,29.56999969482422,29.56999969482422,29.520099639892578,29.549999237060547,733,0.0,0.0,0.0
2024-10-08 12:10:00-04:00,29.545000076293945,29.566665649414062,29.540592193603516,29.54949951171875,2245,0.0,0.0,0.0
2024-10-08 12:15:00-04:00,29.538700103759766,29.538700103759766,29.538700103759766,29.538700103759766,343,0.0,0.0,0.0
2024-10-08 12:20:00-04:00,29.520099639892578,29.559999465942383,29.520099639892578,29.546199798583984,1279,0.0,0.0,0.0
2024-10-08 12:25:00-04:00,29.546199798583984,29.56999969482422,29.546199798583984,29.569900512695312,10589,0.0,0.0,0.0
2024-10-08 12:45:00-04:00,29.533899307250977,29.549999237060547,29.530000686645508,29.549999237060547,675,0.0,0.0,0.0
2024-10-08 12:50:00-04:00,29.549999237060547,29.549999237060547,29.549999237060547,29.549999237060547,607,0.0,0.0,0.0
2024-10-08 13:00:00-04:00,29.559999465942383,29.559999465942383,29.549999237060547,29.549999237060547,7467,0.0,0.0,0.0
2024-10-08 13:05:00-04:00,29.520000457763672,29.520000457763672,29.520000457763672,29.520000457763672,100,0.0,0.0,0.0
2024-10-08 13:10:00-04:00,29.520000457763672,29.520000457763672,29.520000457763672,29.520000457763672,208,0.0,0.0,0.0
2024-10-08 13:15:00-04:00,29.520000457763672,29.530000686645508,29.5,29.5,1476,0.0,0.0,0.0
2024-10-08 13:20:00-04:00,29.48579978942871,29.48579978942871,29.480100631713867,29.480100631713867,520,0.0,0.0,0.0
2024-10-08 13:50:00-04:00,29.520000457763672,29.520000457763672,29.520000457763672,29.520000457763672,1009,0.0,0.0,0.0
2024-10-08 13:55:00-04:00,29.500099182128906,29.524999618530273,29.500099182128906,29.524999618530273,1303,0.0,0.0,0.0
2024-10-08 14:00:00-04:00,29.500099182128906,29.500099182128906,29.500099182128906,29.500099182128906,196,0.0,0.0,0.0
2024-10-08 14:05:00-04:00,29.53499984741211,29.53499984741211,29.53499984741211,29.53499984741211,704,0.0,0.0,0.0
2024-10-08 14:10:00-04:00,29.51609992980957,29.569900512695312,29.51609992980957,29.569900512695312,2189,0.0,0.0,0.0
2024-10-08 14:15:00-04:00,29.55299949645996,29.55299949645996,29.55299949645996,29.55299949645996,929,0.0,0.0,0.0
2024-10-08 14:20:00-04:00,29.53499984741211,29.53499984741211,29.53499984741211,29.53499984741211,146,0.0,0.0,0.0
2024-10-08 14:25:00-04:00,29.51129913330078,29.524499893188477,29.51129913330078,29.524499893188477,876,0.0,0.0,0.0
2024-10-08 14:30:00-04:00,29.51129913330078,29.51129913330078,29.51129913330078,29.51129913330078,127,0.0,0.0,0.0
2024-10-08 14:40:00-04:00,29.53499984741211,29.53499984741211,29.53499984741211,29.53499984741211,1355,0.0,0.0,0.0
2024-10-08 14:45:00-04:00,29.549999237060547,29.549999237060547,29.549999237060547,29.549999237060547,150,0.0,0.0,0.0
2024-10-08 14:50:00-04:00,29.559900283813477,29.559900283813477,29.559900283813477,29.559900283813477,100,0.0,0.0,0.0
2024-10-08 14:55:00-04:00,29.53499984741211,29.55500030517578,29.53499984741211,29.55500030517578,702,0.0,0.0,0.0
2024-10-08 15:00:00-04:00,29.55299949645996,29.55299949645996,29.51490020751953,29.51490020751953,4907,0.0,0.0,0.0
2024-10-08 15:05:00-04:00,29.510000228881836,29.510000228881836,29.510000228881836,29.510000228881836,679,0.0,0.0,0.0
2024-10-08 15:10:00-04:00,29.524999618530273,29.530000686645508,29.524999618530273,29.524999618530273,573,0.0,0.0,0.0
2024-10-08 15:15:00-04:00,29.540000915527344,29.649999618530273,29.531299591064453,29.545000076293945,27641,0.0,0.0,0.0
2024-10-08 15:20:00-04:00,29.530000686645508,29.540000915527344,29.530000686645508,29.540000915527344,394,0.0,0.0,0.0
2024-10-08 15:30:00-04:00,29.540000915527344,29.54990005493164,29.530000686645508,29.531099319458008,1163,0.0,0.0,0.0
2024-10-08 15:35:00-04:00,29.540000915527344,29.549999237060547,29.531099319458008,29.549999237060547,1795,0.0,0.0,0.0
2024-10-08 15:40:00-04:00,29.549999237060547,29.549999237060547,29.54990005493164,29.549999237060547,1806,0.0,0.0,0.0
2024-10-08 15:45:00-04:00,29.530099868774414,29.530099868774414,29.530099868774414,29.530099868774414,151,0.0,0.0,0.0
2024-10-08 15:50:00-04:00,29.549999237060547,29.599899291992188,29.530099868774414,29.579999923706055,1833,0.0,0.0,0.0
2024-10-08 15:55:00-04:00,29.575000762939453,29.575000762939453,29.55500030517578,29.55500030517578,440,0.0,0.0,0.0
2024-10-09 09:30:00-04:00,29.459999084472656,29.510000228881836,29.434999465942383,29.439599990844727,6800,0.0,0.0,0.0
2024-10-09 09:35:00-04:00,29.420000076293945,29.420000076293945,29.41990089416504,29.41990089416504,1150,0.0,0.0,0.0
2024-10-09 09:40:00-04:00,29.469999313354492,29.469999313354492,29.469999313354492,29.469999313354492,204,0.0,0.0,0.0
2024-10-09 09:45:00-04:00,29.469999313354492,29.489999771118164,29.469999313354492,29.488500595092773,3977,0.0,0.0,0.0
2024-10-09 09:55:00-04:00,29.491500854492188,29.514999389648438,29.491500854492188,29.514999389648438,425,0.0,0.0,0.0
2024-10-09 10:00:00-04:00,29.514999389648438,29.514999389648438,29.514999389648438,29.514999389648438,334,0.0,0.0,0.0
2024-10-09 10:25:00-04:00,29.53510093688965,29.53510093688965,29.500099182128906,29.500099182128906,1673,0.0,0.0,0.0
2024-10-09 10:40:00-04:00,29.503400802612305,29.503400802612305,29.503400802612305,29.503400802612305,467,0.0,0.0,0.0
2024-10-09 10:45:00-04:00,29.510000228881836,29.510000228881836,29.510000228881836,29.510000228881836,118,0.0,0.0,0.0
2024-10-09 10:50:00-04:00,29.527000427246094,29.527000427246094,29.527000427246094,29.527000427246094,694,0.0,0.0,0.0
2024-10-09 10:55:00-04:00,29.524999618530273,29.524999618530273,29.524999618530273,29.524999618530273,783,0.0,0.0,0.0
2024-10-09 11:05:00-04:00,29.549999237060547,29.549999237060547,29.549999237060547,29.549999237060547,105,0.0,0.0,0.0
2024-10-09 11:10:00-04:00,29.600000381469727,29.600000381469727,29.600000381469727,29.600000381469727,228,0.0,0.0,0.0
2024-10-09 11:35:00-04:00,29.60930061340332,29.60930061340332,29.60930061340332,29.60930061340332,914,0.0,0.0,0.0
2024-10-09 11:40:00-04:00,29.599000930786133,29.599000930786133,29.599000930786133,29.599000930786133,506,0.0,0.0,0.0
2024-10-09 11:45:00-04:00,29.6200008392334,29.6200008392334,29.560100555419922,29.560100555419922,14286,0.0,0.0,0.0
2024-10-09 11:55:00-04:00,29.568500518798828,29.568500518798828,29.568500518798828,29.568500518798828,1129,0.0,0.0,0.0
2024-10-09 12:00:00-04:00,29.584999084472656,29.59000015258789,29.584999084472656,29.59000015258789,287,0.0,0.0,0.0
2024-10-09 12:05:00-04:00,29.5669002532959,29.5669002532959,29.5669002532959,29.5669002532959,1013,0.0,0.0,0.0
2024-10-09 12:10:00-04:00,29.56999969482422,29.59000015258789,29.56999969482422,29.59000015258789,582,0.0,0.0,0.0
2024-10-09 12:15:00-04:00,29.6200008392334,29.6200008392334,29.6200008392334,29.6200008392334,938,0.0,0.0,0.0
2024-10-09 12:20:00-04:00,29.60409927368164,29.604999542236328,29.576099395751953,29.576099395751953,1594,0.0,0.0,0.0
2024-10-09 12:35:00-04:00,29.584999084472656,29.60849952697754,29.564599990844727,29.60849952697754,38140,0.0,0.0,0.0
2024-10-09 12:45:00-04:00,29.610000610351562,30.0,29.560100555419922,29.560100555419922,2521,0.0,0.0,0.0
2024-10-09 12:55:00-04:00,29.614999771118164,29.614999771118164,29.614999771118164,29.614999771118164,962,0.0,0.0,0.0
2024-10-09 13:00:00-04:00,29.573299407958984,29.573299407958984,29.573299407958984,29.573299407958984,789,0.0,0.0,0.0
2024-10-09 13:10:00-04:00,29.625,29.625,29.625,29.625,560,0.0,0.0,0.0
2024-10-09 13:45:00-04:00,29.62179946899414,29.62179946899414,29.62179946899414,29.62179946899414,1000,0.0,0.0,0.0
2024-10-09 13:50:00-04:00,29.594999313354492,29.629899978637695,29.584999084472656,29.584999084472656,3419,0.0,0.0,0.0
2024-10-09 13:55:00-04:00,29.565900802612305,29.6200008392334,29.565900802612305,29.6200008392334,403,0.0,0.0,0.0
2024-10-09 14:05:00-04:00,29.610000610351562,29.6299991607666,29.610000610351562,29.6299991607666,489,0.0,0.0,0.0
2024-10-09 14:15:00-04:00,29.600000381469727,29.600000381469727,29.600000381469727,29.600000381469727,109,0.0,0.0,0.0
2024-10-09 14:25:00-04:00,29.6299991607666,29.6299991607666,29.6299991607666,29.6299991607666,608,0.0,0.0,0.0
2024-10-09 14:35:00-04:00,29.6299991607666,29.6299991607666,29.6299991607666,29.6299991607666,107,0.0,0.0,0.0
2024-10-09 14:45:00-04:00,29.594999313354492,29.594999313354492,29.594999313354492,29.594999313354492,1971,0.0,0.0,0.0
2024-10-09 14:55:00-04:00,29.594999313354492,29.6299991607666,29.560100555419922,29.560100555419922,2506,0.0,0.0,0.0
2024-10-09 15:00:00-04:00,29.560100555419922,29.560100555419922,29.560100555419922,29.560100555419922,232,0.0,0.0,0.0
2024-10-09 15:10:00-04:00,29.568300247192383,29.628799438476562,29.568300247192383,29.628799438476562,3714,0.0,0.0,0.0
2024-10-09 15:15:00-04:00,29.56909942626953,29.56909942626953,29.56909942626953,29.56909942626953,300,0.0,0.0,0.0
2024-10-09 15:20:00-04:00,29.604999542236328,29.639999389648438,29.577699661254883,29.639999389648438,1094,0.0,0.0,0.0
2024-10-09 15:25:00-04:00,29.617300033569336,29.617300033569336,29.617300033569336,29.617300033569336,229,0.0,0.0,0.0
2024-10-09 15:30:00-04:00,29.604999542236328,29.604999542236328,29.604999542236328,29.604999542236328,553,0.0,0.0,0.0
2024-10-09 15:35:00-04:00,29.610000610351562,29.610000610351562,29.610000610351562,29.610000610351562,2390,0.0,0.0,0.0
2024-10-09 15:40:00-04:00,29.639999389648438,29.639999389648438,29.6299991607666,29.6299991607666,311,0.0,0.0,0.0
2024-10-09 15:50:00-04:00,29.649999618530273,29.649999618530273,29.649999618530273,29.649999618530273,234,0.0,0.0,0.0
2024-10-09 15:55:00-04:00,29.614999771118164,29.639999389648438,29.610000610351562,29.639999389648438,1233,0.0,0.0,0.0
2024-10-10 09:30:00-04:00,29.530000686645508,29.559999465942383,29.530000686645508,29.530000686645508,0,0.0,0.0,0.0
2024-10-10 09:35:00-04:00,29.5,29.5,29.469999313354492,29.469999313354492,786,0.0,0.0,0.0
2024-10-10 09:40:00-04:00,29.469999313354492,29.469999313354492,29.469999313354492,29.469999313354492,1093,0.0,0.0,0.0
2024-10-10 09:45:00-04:00,29.454999923706055,29.454999923706055,29.370100021362305,29.370100021362305,2098,0.0,0.0,0.0
2024-10-10 09:50:00-04:00,29.450000762939453,29.450000762939453,29.389999389648438,29.389999389648438,1606,0.0,0.0,0.0
2024-10-10 10:05:00-04:00,29.461299896240234,29.461299896240234,29.461299896240234,29.461299896240234,1592,0.0,0.0,0.0
2024-10-10 10:10:00-04:00,29.489999771118164,29.489999771118164,29.489999771118164,29.489999771118164,151,0.0,0.0,0.0
2024-10-10 10:15:00-04:00,29.440099716186523,29.440099716186523,29.440099716186523,29.440099716186523,562,0.0,0.0,0.0
2024-10-10 10:20:00-04:00,29.489999771118164,29.489999771118164,29.479999542236328,29.479999542236328,228,0.0,0.0,0.0
2024-10-10 10:25:00-04:00,29.45159912109375,29.475000381469727,29.420000076293945,29.43079948425293,1926,0.0,0.0,0.0
2024-10-10 10:30:00-04:00,29.450000762939453,29.459999084472656,29.43000030517578,29.440000534057617,2563,0.0,0.0,0.0
2024-10-10 10:35:00-04:00,29.46500015258789,29.46500015258789,29.43000030517578,29.450000762939453,2089,0.0,0.0,0.0
2024-10-10 10:40:00-04:00,29.459999084472656,29.469999313354492,29.459999084472656,29.469999313354492,320,0.0,0.0,0.0
2024-10-10 10:45:00-04:00,29.469999313354492,29.469999313354492,29.469999313354492,29.469999313354492,114,0.0,0.0,0.0
2024-10-10 10:55:00-04:00,29.458423614501953,29.469999313354492,29.458423614501953,29.469999313354492,296,0.0,0.0,0.0
2024-10-10 11:05:00-04:00,29.469999313354492,29.510000228881836,29.469999313354492,29.510000228881836,3089,0.0,0.0,0.0
2024-10-10 11:10:00-04:00,29.4507999420166,29.519899368286133,29.4507999420166,29.519899368286133,644,0.0,0.0,0.0
2024-10-10 11:15:00-04:00,29.520000457763672,29.520000457763672,29.510000228881836,29.520000457763672,415,0.0,0.0,0.0
2024-10-10 11:20:00-04:00,29.52989959716797,29.52989959716797,29.52989959716797,29.52989959716797,339,0.0,0.0,0.0
2024-10-10 11:25:00-04:00,29.502599716186523,29.502599716186523,29.489999771118164,29.489999771118164,1818,0.0,0.0,0.0
2024-10-10 11:30:00-04:00,29.489999771118164,29.489999771118164,29.489999771118164,29.489999771118164,500,0.0,0.0,0.0
2024-10-10 11:35:00-04:00,29.4950008392334,29.530000686645508,29.4950008392334,29.5,600,0.0,0.0,0.0
2024-10-10 11:40:00-04:00,29.533199310302734,29.540000915527344,29.5,29.5,2670,0.0,0.0,0.0
2024-10-10 11:45:00-04:00,29.530000686645508,29.530000686645508,29.450000762939453,29.479999542236328,9158,0.0,0.0,0.0
2024-10-10 11:50:00-04:00,29.450000762939453,29.450000762939453,29.440000534057617,29.450000762939453,0,0.0,0.0,0.0
2024-10-10 11:55:00-04:00,29.479999542236328,29.5,29.469999313354492,29.4950008392334,37963,0.0,0.0,0.0
2024-10-10 12:00:00-04:00,29.465299606323242,29.4950008392334,29.465299606323242,29.4950008392334,708,0.0,0.0,0.0
2024-10-10 12:05:00-04:00,29.46619987487793,29.46619987487793,29.46619987487793,29.46619987487793,370,0.0,0.0,0.0
2024-10-10 12:10:00-04:00,29.459999084472656,29.539899826049805,29.459999084472656,29.472000122070312,1898,0.0,0.0,0.0
2024-10-10 12:15:00-04:00,29.469200134277344,29.48200035095215,29.469200134277344,29.48200035095215,1464,0.0,0.0,0.0
2024-10-10 12:20:00-04:00,29.530000686645508,29.530000686645508,29.530000686645508,29.530000686645508,510,0.0,0.0,0.0
2024-10-10 12:25:00-04:00,29.549999237060547,29.549999237060547,29.520000457763672,29.520000457763672,3822,0.0,0.0,0.0
2024-10-10 12:30:00-04:00,29.514999389648438,29.520000457763672,29.479999542236328,29.520000457763672,5411,0.0,0.0,0.0
2024-10-10 12:35:00-04:00,29.479999542236328,29.479999542236328,29.479999542236328,29.479999542236328,427,0.0,0.0,0.0
2024-10-10 12:45:00-04:00,29.48110008239746,29.48110008239746,29.48110008239746,29.48110008239746,1145,0.0,0.0,0.0
2024-10-10 12:50:00-04:00,29.479999542236328,29.509899139404297,29.479999542236328,29.509899139404297,1408,0.0,0.0,0.0
2024-10-10 12:55:00-04:00,29.479999542236328,29.479999542236328,29.469999313354492,29.469999313354492,800,0.0,0.0,0.0
2024-10-10 13:00:00-04:00,29.469999313354492,29.469999313354492,29.469999313354492,29.469999313354492,501,0.0,0.0,0.0
2024-10-10 13:05:00-04:00,29.450000762939453,29.469900131225586,29.420000076293945,29.469900131225586,2986,0.0,0.0,0.0
2024-10-10 13:10:00-04:00,29.434999465942383,29.434999465942383,29.41010093688965,29.434999465942383,531,0.0,0.0,0.0
2024-10-10 13:15:00-04:00,29.459199905395508,29.459199905395508,29.434999465942383,29.434999465942383,657,0.0,0.0,0.0
2024-10-10 13:20:00-04:00,29.459999084472656,29.459999084472656,29.40999984741211,29.40999984741211,3806,0.0,0.0,0.0
2024-10-10 13:30:00-04:00,29.5,29.5,29.5,29.5,1494,0.0,0.0,0.0
2024-10-10 13:35:00-04:00,29.499500274658203,29.499500274658203,29.499500274658203,29.499500274658203,929,0.0,0.0,0.0
2024-10-10 13:40:00-04:00,29.530000686645508,29.540000915527344,29.530000686645508,29.539899826049805,610,0.0,0.0,0.0
2024-10-10 13:50:00-04:00,29.520000457763672,29.520000457763672,29.520000457763672,29.520000457763672,1082,0.0,0.0,0.0
2024-10-10 14:05:00-04:00,29.524999618530273,29.536300659179688,29.524999618530273,29.536300659179688,622,0.0,0.0,0.0
2024-10-10 14:10:00-04:00,29.524999618530273,29.524999618530273,29.524999618530273,29.524999618530273,289,0.0,0.0,0.0
2024-10-10 14:20:00-04:00,29.520000457763672,29.520000457763672,29.520000457763672,29.520000457763672,897,0.0,0.0,0.0
2024-10-10 14:25:00-04:00,29.501300811767578,29.501300811767578,29.501300811767578,29.501300811767578,394,0.0,0.0,0.0
2024-10-10 14:40:00-04:00,29.514999389648438,29.514999389648438,29.514999389648438,29.514999389648438,576,0.0,0.0,0.0
2024-10-10 14:45:00-04:00,29.520299911499023,29.530000686645508,29.520299911499023,29.530000686645508,1013,0.0,0.0,0.0
2024-10-10 14:50:00-04:00,29.520000457763672,29.520000457763672,29.514999389648438,29.514999389648438,1831,0.0,0.0,0.0
2024-10-10 14:55:00-04:00,29.510000228881836,29.510000228881836,29.510000228881836,29.510000228881836,2368,0.0,0.0,0.0
2024-10-10 15:00:00-04:00,29.510000228881836,29.510000228881836,29.469999313354492,29.4950008392334,5162,0.0,0.0,0.0
2024-10-10 15:05:00-04:00,29.479999542236328,29.479999542236328,29.459999084472656,29.479999542236328,1562,0.0,0.0,0.0
2024-10-10 15:10:00-04:00,29.479999542236328,29.5,29.479999542236328,29.5,3881,0.0,0.0,0.0
2024-10-10 15:15:00-04:00,29.5,29.530000686645508,29.499900817871094,29.530000686645508,4391,0.0,0.0,0.0
2024-10-10 15:25:00-04:00,29.5,29.5,29.5,29.5,110,0.0,0.0,0.0
2024-10-10 15:40:00-04:00,29.5049991607666,29.540000915527344,29.489999771118164,29.5049991607666,2588,0.0,0.0,0.0
2024-10-10 15:45:00-04:00,29.47010040283203,29.47010040283203,29.47010040283203,29.47010040283203,2008,0.0,0.0,0.0
2024-10-10 15:50:00-04:00,29.540000915527344,29.540000915527344,29.496299743652344,29.496299743652344,302,0.0,0.0,0.0
2024-10-10 15:55:00-04:00,29.56999969482422,29.600000381469727,29.549999237060547,29.549999237060547,1633,0.0,0.0,0.0
2024-10-11 09:30:00-04:00,29.43000030517578,29.43000030517578,29.43000030517578,29.43000030517578,0,0.0,0.0,0.0
2024-10-11 09:35:00-04:00,29.5,29.579999923706055,29.5,29.531700134277344,4529,0.0,0.0,0.0
2024-10-11 09:55:00-04:00,29.604999542236328,29.64900016784668,29.604999542236328,29.6200008392334,2140,0.0,0.0,0.0
2024-10-11 10:00:00-04:00,29.65999984741211,29.709999084472656,29.65999984741211,29.670000076293945,3795,0.0,0.0,0.0
2024-10-11 10:05:00-04:00,29.649999618530273,29.649999618530273,29.649999618530273,29.649999618530273,504,0.0,0.0,0.0
2024-10-11 10:10:00-04:00,29.65999984741211,29.709999084472656,29.6200008392334,29.6200008392334,7740,0.0,0.0,0.0
2024-10-11 10:15:00-04:00,29.729900360107422,29.729900360107422,29.729900360107422,29.729900360107422,247,0.0,0.0,0.0
2024-10-11 10:20:00-04:00,29.633899688720703,29.674999237060547,29.633899688720703,29.674999237060547,804,0.0,0.0,0.0
2024-10-11 10:25:00-04:00,29.674999237060547,29.729999542236328,29.670000076293945,29.670000076293945,2828,0.0,0.0,0.0
2024-10-11 10:30:00-04:00,29.6299991607666,29.6299991607666,29.6299991607666,29.6299991607666,1128,0.0,0.0,0.0
2024-10-11 10:35:00-04:00,29.661300659179688,29.661300659179688,29.65999984741211,29.65999984741211,1389,0.0,0.0,0.0
2024-10-11 10:45:00-04:00,29.69219970703125,29.69219970703125,29.69219970703125,29.69219970703125,201,0.0,0.0,0.0
2024-10-11 10:50:00-04:00,29.639299392700195,29.68000030517578,29.639299392700195,29.68000030517578,2704,0.0,0.0,0.0
2024-10-11 10:55:00-04:00,29.678300857543945,29.678300857543945,29.678300857543945,29.678300857543945,253,0.0,0.0,0.0
2024-10-11 11:00:00-04:00,29.682100296020508,29.682100296020508,29.682100296020508,29.682100296020508,456,0.0,0.0,0.0
2024-10-11 11:05:00-04:00,29.655000686645508,29.655000686645508,29.655000686645508,29.655000686645508,127,0.0,0.0,0.0
2024-10-11 11:15:00-04:00,29.68000030517578,29.719900131225586,29.639999389648438,29.719900131225586,3454,0.0,0.0,0.0
2024-10-11 11:20:00-04:00,29.68000030517578,29.71339988708496,29.68000030517578,29.71339988708496,418,0.0,0.0,0.0
2024-10-11 11:25:00-04:00,29.714500427246094,29.714500427246094,29.714500427246094,29.714500427246094,738,0.0,0.0,0.0
2024-10-11 11:30:00-04:00,29.719999313354492,29.739999771118164,29.670000076293945,29.709999084472656,2887,0.0,0.0,0.0
2024-10-11 11:45:00-04:00,29.67650032043457,29.67650032043457,29.67650032043457,29.67650032043457,267,0.0,0.0,0.0
2024-10-11 11:50:00-04:00,29.704999923706055,29.704999923706055,29.67729949951172,29.67729949951172,798,0.0,0.0,0.0
2024-10-11 11:55:00-04:00,29.67009925842285,29.67009925842285,29.67009925842285,29.67009925842285,416,0.0,0.0,0.0
2024-10-11 12:15:00-04:00,29.69499969482422,29.719999313354492,29.69499969482422,29.719999313354492,912,0.0,0.0,0.0
2024-10-11 12:20:00-04:00,29.719900131225586,29.719900131225586,29.69499969482422,29.718799591064453,3110,0.0,0.0,0.0
2024-10-11 12:30:00-04:00,29.671499252319336,29.72909927368164,29.671499252319336,29.72909927368164,1227,0.0,0.0,0.0
2024-10-11 12:35:00-04:00,29.69499969482422,29.69499969482422,29.671499252319336,29.671499252319336,293,0.0,0.0,0.0
2024-10-11 12:45:00-04:00,29.709999084472656,29.709999084472656,29.67639923095703,29.67639923095703,330,0.0,0.0,0.0
2024-10-11 12:50:00-04:00,29.690000534057617,29.690000534057617,29.690000534057617,29.690000534057617,106,0.0,0.0,0.0
2024-10-11 13:00:00-04:00,29.69499969482422,29.69499969482422,29.69499969482422,29.69499969482422,3252,0.0,0.0,0.0
2024-10-11 13:05:00-04:00,29.69499969482422,29.69499969482422,29.69499969482422,29.69499969482422,1479,0.0,0.0,0.0
2024-10-11 13:10:00-04:00,29.69499969482422,29.718900680541992,29.670000076293945,29.670000076293945,14149,0.0,0.0,0.0
2024-10-11 13:15:00-04:00,29.682899475097656,29.729999542236328,29.656099319458008,29.68000030517578,20290,0.0,0.0,0.0
2024-10-11 13:20:00-04:00,29.709999084472656,29.90999984741211,29.684999465942383,29.69499969482422,4124,0.0,0.0,0.0
2024-10-11 13:35:00-04:00,29.729900360107422,29.729900360107422,29.700000762939453,29.700000762939453,2550,0.0,0.0,0.0
2024-10-11 13:40:00-04:00,29.71540069580078,29.729999542236328,29.71540069580078,29.729999542236328,787,0.0,0.0,0.0
2024-10-11 13:55:00-04:00,29.670700073242188,29.670700073242188,29.670700073242188,29.670700073242188,497,0.0,0.0,0.0
2024-10-11 14:00:00-04:00,29.739999771118164,29.739999771118164,29.739999771118164,29.739999771118164,116,0.0,0.0,0.0
2024-10-11 14:05:00-04:00,29.739999771118164,29.739999771118164,29.739999771118164,29.739999771118164,995,0.0,0.0,0.0
2024-10-11 14:15:00-04:00,29.67300033569336,29.739999771118164,29.67300033569336,29.739999771118164,1490,0.0,0.0,0.0
2024-10-11 14:20:00-04:00,29.739999771118164,29.739999771118164,29.67259979248047,29.739999771118164,2476,0.0,0.0,0.0
2024-10-11 14:25:00-04:00,29.73900032043457,29.739999771118164,29.67650032043457,29.67650032043457,2146,0.0,0.0,0.0
2024-10-11 14:30:00-04:00,29.739999771118164,29.739999771118164,29.739999771118164,29.739999771118164,1530,0.0,0.0,0.0
2024-10-11 14:35:00-04:00,29.729999542236328,29.729999542236328,29.719999313354492,29.719999313354492,928,0.0,0.0,0.0
2024-10-11 14:40:00-04:00,29.739900588989258,29.739900588989258,29.739900588989258,29.739900588989258,290,0.0,0.0,0.0
2024-10-11 14:45:00-04:00,29.70400047302246,29.70400047302246,29.7012996673584,29.7012996673584,640,0.0,0.0,0.0
2024-10-11 14:50:00-04:00,29.70170021057129,29.70170021057129,29.70170021057129,29.70170021057129,235,0.0,0.0,0.0
2024-10-11 15:00:00-04:00,29.719999313354492,29.719999313354492,29.719999313354492,29.719999313354492,541,0.0,0.0,0.0
2024-10-11 15:05:00-04:00,29.739999771118164,29.75790023803711,29.719999313354492,29.75790023803711,5335,0.0,0.0,0.0
2024-10-11 15:10:00-04:00,29.735000610351562,29.735000610351562,29.735000610351562,29.735000610351562,482,0.0,0.0,0.0
2024-10-11 15:15:00-04:00,29.752899169921875,29.752899169921875,29.752899169921875,29.752899169921875,186,0.0,0.0,0.0
2024-10-11 15:20:00-04:00,29.729999542236328,29.729999542236328,29.729999542236328,29.729999542236328,254,0.0,0.0,0.0
2024-10-11 15:25:00-04:00,29.700000762939453,29.729999542236328,29.700000762939453,29.729999542236328,591,0.0,0.0,0.0
2024-10-11 15:30:00-04:00,29.729999542236328,29.760000228881836,29.701499938964844,29.729999542236328,4192,0.0,0.0,0.0
2024-10-11 15:35:00-04:00,29.729999542236328,29.760000228881836,29.729999542236328,29.729999542236328,5702,0.0,0.0,0.0
2024-10-11 15:40:00-04:00,29.725000381469727,29.725000381469727,29.725000381469727,29.725000381469727,152,0.0,0.0,0.0
2024-10-11 15:45:00-04:00,29.72610092163086,29.72610092163086,29.725000381469727,29.725000381469727,300,0.0,0.0,0.0
2024-10-11 15:55:00-04:00,29.719999313354492,29.739999771118164,29.700000762939453,29.719999313354492,1255,0.0,0.0,0.0
2024-10-14 09:30:00-04:00,29.65999984741211,29.65999984741211,29.479999542236328,29.479999542236328,4880,0.0,0.0,0.0
2024-10-14 09:35:00-04:00,29.59000015258789,29.59000015258789,29.59000015258789,29.59000015258789,300,0.0,0.0,0.0
2024-10-14 09:40:00-04:00,29.6299991607666,29.639999389648438,29.6299991607666,29.639999389648438,449,0.0,0.0,0.0
2024-10-14 09:50:00-04:00,29.742300033569336,29.742300033569336,29.742300033569336,29.742300033569336,168,0.0,0.0,0.0
2024-10-14 09:55:00-04:00,29.79330062866211,29.79330062866211,29.79330062866211,29.79330062866211,338,0.0,0.0,0.0
2024-10-14 10:05:00-04:00,29.77989959716797,29.77989959716797,29.719999313354492,29.719999313354492,2545,0.0,0.0,0.0
2024-10-14 10:10:00-04:00,29.739299774169922,29.783599853515625,29.739299774169922,29.783599853515625,1279,0.0,0.0,0.0
2024-10-14 10:15:00-04:00,29.7273006439209,29.774700164794922,29.7273006439209,29.774700164794922,1654,0.0,0.0,0.0
2024-10-14 10:20:00-04:00,29.7106990814209,29.7106990814209,29.7106990814209,29.7106990814209,303,0.0,0.0,0.0
2024-10-14 10:35:00-04:00,29.707399368286133,29.780000686645508,29.691699981689453,29.691699981689453,751,0.0,0.0,0.0
2024-10-14 10:40:00-04:00,29.761999130249023,29.761999130249023,29.761999130249023,29.761999130249023,346,0.0,0.0,0.0
2024-10-14 10:55:00-04:00,29.778400421142578,29.778400421142578,29.778400421142578,29.778400421142578,1483,0.0,0.0,0.0
2024-10-14 11:00:00-04:00,29.735000610351562,29.780000686645508,29.735000610351562,29.780000686645508,715,0.0,0.0,0.0
2024-10-14 11:05:00-04:00,29.750099182128906,29.750099182128906,29.750099182128906,29.750099182128906,2556,0.0,0.0,0.0
2024-10-14 11:30:00-04:00,29.787399291992188,29.787399291992188,29.787399291992188,29.787399291992188,1055,0.0,0.0,0.0
2024-10-14 11:50:00-04:00,29.780000686645508,29.780000686645508,29.780000686645508,29.780000686645508,241,0.0,0.0,0.0
2024-10-14 11:55:00-04:00,29.797500610351562,29.797500610351562,29.797500610351562,29.797500610351562,711,0.0,0.0,0.0
2024-10-14 12:00:00-04:00,29.798099517822266,29.798099517822266,29.798099517822266,29.798099517822266,857,0.0,0.0,0.0
2024-10-14 12:05:00-04:00,29.774999618530273,29.774999618530273,29.774999618530273,29.774999618530273,363,0.0,0.0,0.0
2024-10-14 12:20:00-04:00,29.75,29.75,29.75,29.75,500,0.0,0.0,0.0
2024-10-14 12:25:00-04:00,29.7549991607666,29.7549991607666,29.7549991607666,29.7549991607666,330,0.0,0.0,0.0
2024-10-14 12:35:00-04:00,29.780000686645508,29.780000686645508,29.780000686645508,29.780000686645508,541,0.0,0.0,0.0
2024-10-14 12:40:00-04:00,29.756500244140625,29.809900283813477,29.756500244140625,29.809900283813477,424,0.0,0.0,0.0
2024-10-14 12:45:00-04:00,29.809999465942383,29.809999465942383,29.809999465942383,29.809999465942383,2101,0.0,0.0,0.0
2024-10-14 12:55:00-04:00,29.754899978637695,29.754899978637695,29.754899978637695,29.754899978637695,500,0.0,0.0,0.0
2024-10-14 13:00:00-04:00,29.809999465942383,29.809999465942383,29.809999465942383,29.809999465942383,201,0.0,0.0,0.0
2024-10-14 13:20:00-04:00,29.780000686645508,29.780000686645508,29.780000686645508,29.780000686645508,2114,0.0,0.0,0.0
2024-10-14 13:25:00-04:00,29.780000686645508,29.780000686645508,29.780000686645508,29.780000686645508,100,0.0,0.0,0.0
2024-10-14 13:30:00-04:00,29.75149917602539,29.75149917602539,29.75149917602539,29.75149917602539,428,0.0,0.0,0.0
2024-10-14 13:55:00-04:00,29.750099182128906,29.756399154663086,29.75,29.755699157714844,1498,0.0,0.0,0.0
2024-10-14 14:00:00-04:00,29.780000686645508,29.780000686645508,29.780000686645508,29.780000686645508,326,0.0,0.0,0.0
2024-10-14 14:05:00-04:00,29.819900512695312,29.819900512695312,29.819900512695312,29.819900512695312,100,0.0,0.0,0.0
2024-10-14 14:10:00-04:00,29.825300216674805,29.825300216674805,29.819900512695312,29.824600219726562,3656,0.0,0.0,0.0
2024-10-14 14:35:00-04:00,29.795000076293945,29.795000076293945,29.795000076293945,29.795000076293945,350,0.0,0.0,0.0
2024-10-14 14:40:00-04:00,29.759599685668945,29.759599685668945,29.759599685668945,29.759599685668945,148,0.0,0.0,0.0
2024-10-14 14:45:00-04:00,29.83099937438965,29.83099937438965,29.795000076293945,29.795000076293945,1024,0.0,0.0,0.0
2024-10-14 14:50:00-04:00,29.75,29.75,29.75,29.75,450,0.0,0.0,0.0
2024-10-14 15:00:00-04:00,29.7549991607666,29.822599411010742,29.7549991607666,29.822599411010742,908,0.0,0.0,0.0
2024-10-14 15:10:00-04:00,29.760099411010742,29.84000015258789,29.760099411010742,29.83810043334961,12146,0.0,0.0,0.0
2024-10-14 15:20:00-04:00,29.791500091552734,29.81999969482422,29.791500091552734,29.81999969482422,288,0.0,0.0,0.0
2024-10-14 15:25:00-04:00,29.850000381469727,29.850000381469727,29.849899291992188,29.849899291992188,223,0.0,0.0,0.0
2024-10-14 15:35:00-04:00,29.797100067138672,29.802000045776367,29.797100067138672,29.802000045776367,345,0.0,0.0,0.0
2024-10-14 15:40:00-04:00,29.79669952392578,29.833599090576172,29.79669952392578,29.833599090576172,1278,0.0,0.0,0.0
2024-10-14 15:45:00-04:00,29.83989906311035,29.850000381469727,29.791500091552734,29.850000381469727,2886,0.0,0.0,0.0
2024-10-14 15:50:00-04:00,29.79129981994629,29.816200256347656,29.79129981994629,29.816200256347656,590,0.0,0.0,0.0
2024-10-14 15:55:00-04:00,29.815000534057617,29.829999923706055,29.815000534057617,29.822999954223633,0,0.0,0.0,0.0
2024-10-15 09:30:00-04:00,29.719999313354492,29.719999313354492,29.719999313354492,29.719999313354492,4684,0.0,0.0,0.0
2024-10-15 09:40:00-04:00,29.670000076293945,29.691600799560547,29.631999969482422,29.691600799560547,719,0.0,0.0,0.0
2024-10-15 09:45:00-04:00,29.708999633789062,29.709999084472656,29.681499481201172,29.681499481201172,906,0.0,0.0,0.0
2024-10-15 09:55:00-04:00,29.684999465942383,29.684999465942383,29.649999618530273,29.649999618530273,528,0.0,0.0,0.0
2024-10-15 10:00:00-04:00,29.700000762939453,29.709999084472656,29.700000762939453,29.709999084472656,678,0.0,0.0,0.0
2024-10-15 10:10:00-04:00,29.65570068359375,29.65570068359375,29.65570068359375,29.65570068359375,369,0.0,0.0,0.0
2024-10-15 10:25:00-04:00,29.649999618530273,29.649999618530273,29.649999618530273,29.649999618530273,600,0.0,0.0,0.0
2024-10-15 10:30:00-04:00,29.585800170898438,29.585800170898438,29.559999465942383,29.559999465942383,762,0.0,0.0,0.0
2024-10-15 10:35:00-04:00,29.511600494384766,29.511600494384766,29.511600494384766,29.511600494384766,384,0.0,0.0,0.0
2024-10-15 10:40:00-04:00,29.51609992980957,29.51609992980957,29.51609992980957,29.51609992980957,1042,0.0,0.0,0.0
2024-10-15 10:45:00-04:00,29.540000915527344,29.540000915527344,29.540000915527344,29.540000915527344,100,0.0,0.0,0.0
2024-10-15 10:50:00-04:00,29.515600204467773,29.515600204467773,29.510099411010742,29.510099411010742,722,0.0,0.0,0.0
2024-10-15 10:55:00-04:00,29.599899291992188,29.599899291992188,29.55500030517578,29.55500030517578,2538,0.0,0.0,0.0
2024-10-15 11:00:00-04:00,29.55500030517578,29.55500030517578,29.55500030517578,29.55500030517578,167,0.0,0.0,0.0
2024-10-15 11:05:00-04:00,29.566316604614258,29.566316604614258,29.566316604614258,29.566316604614258,290,0.0,0.0,0.0
2024-10-15 11:20:00-04:00,29.57900047302246,29.59000015258789,29.565000534057617,29.56999969482422,6833,0.0,0.0,0.0
2024-10-15 11:30:00-04:00,29.559999465942383,29.559999465942383,29.559999465942383,29.559999465942383,406,0.0,0.0,0.0
2024-10-15 11:35:00-04:00,29.55500030517578,29.559999465942383,29.524999618530273,29.524999618530273,1867,0.0,0.0,0.0
2024-10-15 11:40:00-04:00,29.519800186157227,29.519800186157227,29.514999389648438,29.514999389648438,1510,0.0,0.0,0.0
2024-10-15 11:45:00-04:00,29.514999389648438,29.514999389648438,29.510000228881836,29.510000228881836,345,0.0,0.0,0.0
2024-10-15 11:55:00-04:00,29.38010025024414,29.38010025024414,29.38010025024414,29.38010025024414,532,0.0,0.0,0.0
2024-10-15 12:05:00-04:00,29.440000534057617,29.450000762939453,29.440000534057617,29.449899673461914,425,0.0,0.0,0.0
2024-10-15 12:10:00-04:00,29.450000762939453,29.459999084472656,29.449899673461914,29.459999084472656,1010,0.0,0.0,0.0
2024-10-15 12:15:00-04:00,29.459999084472656,29.459999084472656,29.422000885009766,29.422000885009766,958,0.0,0.0,0.0
2024-10-15 12:25:00-04:00,29.459999084472656,29.509899139404297,29.459999084472656,29.509899139404297,6670,0.0,0.0,0.0
2024-10-15 12:30:00-04:00,29.5,29.510000228881836,29.459999084472656,29.459999084472656,12326,0.0,0.0,0.0
2024-10-15 12:40:00-04:00,29.464000701904297,29.489999771118164,29.438899993896484,29.46380043029785,6379,0.0,0.0,0.0
2024-10-15 12:45:00-04:00,29.489999771118164,29.489999771118164,29.42449951171875,29.446699142456055,2865,0.0,0.0,0.0
2024-10-15 12:50:00-04:00,29.479999542236328,29.479999542236328,29.479999542236328,29.479999542236328,466,0.0,0.0,0.0
2024-10-15 13:00:00-04:00,29.489999771118164,29.489999771118164,29.489999771118164,29.489999771118164,128,0.0,0.0,0.0
2024-10-15 13:05:00-04:00,29.479999542236328,29.479999542236328,29.45199966430664,29.45199966430664,776,0.0,0.0,0.0
2024-10-15 13:10:00-04:00,29.459999084472656,29.459999084472656,29.459999084472656,29.459999084472656,107,0.0,0.0,0.0
2024-10-15 13:15:00-04:00,29.459999084472656,29.4689998626709,29.440000534057617,29.440000534057617,2066,0.0,0.0,0.0
2024-10-15 13:20:00-04:00,29.434999465942383,29.450000762939453,29.434999465942383,29.450000762939453,1758,0.0,0.0,0.0
2024-10-15 13:25:00-04:00,29.43000030517578,29.43000030517578,29.424999237060547,29.43000030517578,700,0.0,0.0,0.0
2024-10-15 13:30:00-04:00,29.440000534057617,29.440000534057617,29.43000030517578,29.43000030517578,242,0.0,0.0,0.0
2024-10-15 13:40:00-04:00,29.450000762939453,29.450000762939453,29.450000762939453,29.450000762939453,170,0.0,0.0,0.0
2024-10-15 13:50:00-04:00,29.449199676513672,29.450000762939453,29.449199676513672,29.450000762939453,606,0.0,0.0,0.0
2024-10-15 13:55:00-04:00,29.530000686645508,29.530000686645508,29.440000534057617,29.440000534057617,210,0.0,0.0,0.0
2024-10-15 14:00:00-04:00,29.3799991607666,29.5,29.3799991607666,29.450000762939453,741,0.0,0.0,0.0
2024-10-15 14:05:00-04:00,29.469999313354492,29.469999313354492,29.469999313354492,29.469999313354492,976,0.0,0.0,0.0
2024-10-15 14:10:00-04:00,29.469999313354492,29.469999313354492,29.469999313354492,29.469999313354492,501,0.0,0.0,0.0
2024-10-15 14:15:00-04:00,29.479999542236328,29.489999771118164,29.459999084472656,29.459999084472656,315,0.0,0.0,0.0
2024-10-15 14:20:00-04:00,29.454999923706055,29.489999771118164,29.454999923706055,29.479999542236328,825,0.0,0.0,0.0
2024-10-15 14:35:00-04:00,29.459999084472656,29.459999084472656,29.424999237060547,29.424999237060547,500,0.0,0.0,0.0
2024-10-15 14:40:00-04:00,29.450000762939453,29.450000762939453,29.450000762939453,29.450000762939453,552,0.0,0.0,0.0
2024-10-15 14:45:00-04:00,29.420000076293945,29.5,29.420000076293945,29.43000030517578,4345,0.0,0.0,0.0
2024-10-15 14:50:00-04:00,29.43000030517578,29.469999313354492,29.43000030517578,29.469999313354492,1920,0.0,0.0,0.0
2024-10-15 14:55:00-04:00,29.43000030517578,29.43000030517578,29.43000030517578,29.43000030517578,513,0.0,0.0,0.0
2024-10-15 15:00:00-04:00,29.43000030517578,29.440000534057617,29.43000030517578,29.440000534057617,380,0.0,0.0,0.0
2024-10-15 15:05:00-04:00,29.440000534057617,29.440000534057617,29.3799991607666,29.40999984741211,1418,0.0,0.0,0.0
2024-10-15 15:10:00-04:00,29.44499969482422,29.5,29.40999984741211,29.40999984741211,11765,0.0,0.0,0.0
2024-10-15 15:15:00-04:00,29.389999389648438,29.420000076293945,29.389999389648438,29.399999618530273,10928,0.0,0.0,0.0
2024-10-15 15:20:00-04:00,29.454999923706055,29.454999923706055,29.40999984741211,29.440000534057617,1220,0.0,0.0,0.0
2024-10-15 15:25:00-04:00,29.440099716186523,29.459999084472656,29.420000076293945,29.459999084472656,1679,0.0,0.0,0.0
2024-10-15 15:30:00-04:00,29.420000076293945,29.44499969482422,29.420000076293945,29.44499969482422,535,0.0,0.0,0.0
2024-10-15 15:35:00-04:00,29.399999618530273,29.440000534057617,29.389999389648438,29.40999984741211,1437,0.0,0.0,0.0
2024-10-15 15:40:00-04:00,29.400100708007812,29.400100708007812,29.400100708007812,29.400100708007812,307,0.0,0.0,0.0
2024-10-15 15:45:00-04:00,29.440000534057617,29.44499969482422,29.40999984741211,29.40999984741211,4881,0.0,0.0,0.0
2024-10-15 15:50:00-04:00,29.43000030517578,29.440000534057617,29.3799991607666,29.440000534057617,8619,0.0,0.0,0.0
2024-10-15 15:55:00-04:00,29.440000534057617,29.5049991607666,29.40999984741211,29.40999984741211,7759,0.0,0.0,0.0
2024-10-16 09:30:00-04:00,29.43000030517578,29.43910026550293,29.43000030517578,29.43910026550293,0,0.0,0.0,0.0
2024-10-16 09:35:00-04:00,29.459999084472656,29.459999084472656,29.451499938964844,29.451499938964844,483,0.0,0.0,0.0
2024-10-16 09:40:00-04:00,29.469999313354492,29.479999542236328,29.469999313354492,29.479999542236328,1144,0.0,0.0,0.0
2024-10-16 09:45:00-04:00,29.489999771118164,29.489999771118164,29.489999771118164,29.489999771118164,416,0.0,0.0,0.0
2024-10-16 09:55:00-04:00,29.5049991607666,29.5049991607666,29.5049991607666,29.5049991607666,199,0.0,0.0,0.0
2024-10-16 10:00:00-04:00,29.479999542236328,29.489999771118164,29.479999542236328,29.489999771118164,2161,0.0,0.0,0.0
2024-10-16 10:05:00-04:00,29.489999771118164,29.549999237060547,29.480600357055664,29.530000686645508,1476,0.0,0.0,0.0
2024-10-16 10:10:00-04:00,29.510000228881836,29.579999923706055,29.510000228881836,29.56220054626465,8108,0.0,0.0,0.0
2024-10-16 10:15:00-04:00,29.584999084472656,29.584999084472656,29.510000228881836,29.510000228881836,984,0.0,0.0,0.0
2024-10-16 10:20:00-04:00,29.5,29.510000228881836,29.5,29.5,2977,0.0,0.0,0.0
2024-10-16 10:25:00-04:00,29.510000228881836,29.510000228881836,29.5,29.5,2257,0.0,0.0,0.0
2024-10-16 10:35:00-04:00,29.48270034790039,29.579999923706055,29.479999542236328,29.485000610351562,1316,0.0,0.0,0.0
2024-10-16 10:40:00-04:00,29.479999542236328,29.639999389648438,29.47089958190918,29.639999389648438,899,0.0,0.0,0.0
2024-10-16 10:50:00-04:00,29.658000946044922,29.658000946044922,29.658000946044922,29.658000946044922,2176,0.0,0.0,0.0
2024-10-16 11:05:00-04:00,29.469999313354492,29.649999618530273,29.459999084472656,29.459999084472656,987,0.0,0.0,0.0
2024-10-16 11:10:00-04:00,29.55500030517578,29.55500030517578,29.5,29.5,3138,0.0,0.0,0.0
2024-10-16 11:15:00-04:00,29.5,29.56999969482422,29.489999771118164,29.489999771118164,715,0.0,0.0,0.0
2024-10-16 11:20:00-04:00,29.489999771118164,29.489999771118164,29.489999771118164,29.489999771118164,357,0.0,0.0,0.0
2024-10-16 11:25:00-04:00,29.479999542236328,29.565000534057617,29.479999542236328,29.479999542236328,10561,0.0,0.0,0.0
2024-10-16 11:30:00-04:00,29.559999465942383,29.6200008392334,29.43000030517578,29.43000030517578,13538,0.0,0.0,0.0
2024-10-16 11:35:00-04:00,29.450000762939453,29.5,29.450000762939453,29.46500015258789,5956,0.0,0.0,0.0
2024-10-16 11:40:00-04:00,29.5,29.5,29.440000534057617,29.459999084472656,1658,0.0,0.0,0.0
2024-10-16 11:45:00-04:00,29.489999771118164,29.489999771118164,29.450000762939453,29.450000762939453,404,0.0,0.0,0.0
2024-10-16 11:50:00-04:00,29.488500595092773,29.488500595092773,29.42930030822754,29.479999542236328,66400,0.0,0.0,0.0
2024-10-16 11:55:00-04:00,29.46500015258789,29.46500015258789,29.46500015258789,29.46500015258789,158,0.0,0.0,0.0
2024-10-16 12:10:00-04:00,29.459999084472656,29.5,29.459999084472656,29.5,467,0.0,0.0,0.0
2024-10-16 12:15:00-04:00,29.459999084472656,29.459999084472656,29.459999084472656,29.459999084472656,106,0.0,0.0,0.0
2024-10-16 12:20:00-04:00,29.489999771118164,29.5,29.475000381469727,29.5,2403,0.0,0.0,0.0
2024-10-16 12:25:00-04:00,29.535999298095703,29.540000915527344,29.456100463867188,29.479999542236328,1120,0.0,0.0,0.0
2024-10-16 12:30:00-04:00,29.489999771118164,29.489999771118164,29.469999313354492,29.469999313354492,1004,0.0,0.0,0.0
2024-10-16 12:35:00-04:00,29.489999771118164,29.489999771118164,29.489999771118164,29.489999771118164,146,0.0,0.0,0.0
2024-10-16 12:55:00-04:00,29.452199935913086,29.533199310302734,29.452199935913086,29.479999542236328,5468,0.0,0.0,0.0
2024-10-16 13:00:00-04:00,29.5,29.530000686645508,29.479999542236328,29.479999542236328,7345,0.0,0.0,0.0
2024-10-16 13:05:00-04:00,29.469999313354492,29.469999313354492,29.469999313354492,29.469999313354492,700,0.0,0.0,0.0
2024-10-16 13:10:00-04:00,29.475000381469727,29.475000381469727,29.475000381469727,29.475000381469727,788,0.0,0.0,0.0
2024-10-16 13:15:00-04:00,29.459999084472656,29.459999084472656,29.459999084472656,29.459999084472656,633,0.0,0.0,0.0
2024-10-16 13:25:00-04:00,29.479999542236328,29.479999542236328,29.470500946044922,29.470500946044922,587,0.0,0.0,0.0
2024-10-16 13:30:00-04:00,29.479000091552734,29.479000091552734,29.479000091552734,29.479000091552734,203,0.0,0.0,0.0
2024-10-16 13:35:00-04:00,29.460100173950195,29.479000091552734,29.460100173950195,29.479000091552734,513,0.0,0.0,0.0
2024-10-16 13:40:00-04:00,29.479999542236328,29.479999542236328,29.47330093383789,29.479999542236328,1826,0.0,0.0,0.0
2024-10-16 13:55:00-04:00,29.489999771118164,29.5,29.460100173950195,29.460100173950195,2420,0.0,0.0,0.0
2024-10-16 14:05:00-04:00,29.5,29.5,29.479999542236328,29.479999542236328,619,0.0,0.0,0.0
2024-10-16 14:10:00-04:00,29.485000610351562,29.485000610351562,29.485000610351562,29.485000610351562,451,0.0,0.0,0.0
2024-10-16 14:15:00-04:00,29.5,29.520000457763672,29.489999771118164,29.489999771118164,5777,0.0,0.0,0.0
2024-10-16 14:20:00-04:00,29.510000228881836,29.549999237060547,29.489999771118164,29.549999237060547,5979,0.0,0.0,0.0
2024-10-16 14:35:00-04:00,29.572500228881836,29.575000762939453,29.510000228881836,29.510000228881836,808,0.0,0.0,0.0
2024-10-16 14:45:00-04:00,29.557899475097656,29.56999969482422,29.557899475097656,29.56999969482422,811,0.0,0.0,0.0
2024-10-16 14:50:00-04:00,29.575000762939453,29.575000762939453,29.489999771118164,29.489999771118164,9321,0.0,0.0,0.0
2024-10-16 14:55:00-04:00,29.479999542236328,29.539899826049805,29.479999542236328,29.4950008392334,1410,0.0,0.0,0.0
2024-10-16 15:00:00-04:00,29.503999710083008,29.540000915527344,29.4950008392334,29.540000915527344,426,0.0,0.0,0.0
2024-10-16 15:05:00-04:00,29.489999771118164,29.489999771118164,29.489999771118164,29.489999771118164,6047,0.0,0.0,0.0
2024-10-16 15:20:00-04:00,29.459999084472656,29.4950008392334,29.459999084472656,29.4950008392334,15330,0.0,0.0,0.0
2024-10-16 15:25:00-04:00,29.4950008392334,29.520000457763672,29.460899353027344,29.5,1995,0.0,0.0,0.0
2024-10-16 15:30:00-04:00,29.461700439453125,29.461700439453125,29.461700439453125,29.461700439453125,344,0.0,0.0,0.0
2024-10-16 15:35:00-04:00,29.459999084472656,29.5,29.459999084472656,29.489999771118164,460,0.0,0.0,0.0
2024-10-16 15:45:00-04:00,29.489999771118164,29.520000457763672,29.489999771118164,29.489999771118164,893,0.0,0.0,0.0
2024-10-16 15:50:00-04:00,29.489999771118164,29.489999771118164,29.475000381469727,29.475000381469727,915,0.0,0.0,0.0
2024-10-16 15:55:00-04:00,29.489999771118164,29.510000228881836,29.47570037841797,29.510000228881836,81445,0.0,0.0,0.0
2024-10-17 09:30:00-04:00,29.520000457763672,29.594999313354492,29.489999771118164,29.489999771118164,0,0.0,0.0,0.0
2024-10-17 09:35:00-04:00,29.489999771118164,29.489999771118164,29.489999771118164,29.489999771118164,623,0.0,0.0,0.0
2024-10-17 09:40:00-04:00,29.480100631713867,29.52790069580078,29.480100631713867,29.497100830078125,2050,0.0,0.0,0.0
2024-10-17 09:50:00-04:00,29.53809928894043,29.53809928894043,29.480100631713867,29.480100631713867,440,0.0,0.0,0.0
2024-10-17 09:55:00-04:00,29.480100631713867,29.559999465942383,29.480100631713867,29.530000686645508,154456,0.0,0.0,0.0
2024-10-17 10:00:00-04:00,29.530000686645508,29.530000686645508,29.489999771118164,29.5,6318,0.0,0.0,0.0
2024-10-17 10:05:00-04:00,29.489999771118164,29.489999771118164,29.469999313354492,29.475000381469727,2760,0.0,0.0,0.0
2024-10-17 10:10:00-04:00,29.475000381469727,29.5,29.475000381469727,29.479999542236328,561,0.0,0.0,0.0
2024-10-17 10:15:00-04:00,29.479999542236328,29.5,29.469999313354492,29.469999313354492,560,0.0,0.0,0.0
2024-10-17 10:20:00-04:00,29.479999542236328,29.479999542236328,29.475000381469727,29.475000381469727,1021,0.0,0.0,0.0
2024-10-17 10:25:00-04:00,29.45009994506836,29.485000610351562,29.45009994506836,29.459999084472656,6742,0.0,0.0,0.0
2024-10-17 10:30:00-04:00,29.479999542236328,29.479999542236328,29.450000762939453,29.469999313354492,2088,0.0,0.0,0.0
2024-10-17 10:35:00-04:00,29.459999084472656,29.46500015258789,29.459999084472656,29.46500015258789,6303,0.0,0.0,0.0
2024-10-17 10:45:00-04:00,29.4950008392334,29.4950008392334,29.460100173950195,29.460100173950195,2023,0.0,0.0,0.0
2024-10-17 10:55:00-04:00,29.489999771118164,29.489999771118164,29.489999771118164,29.489999771118164,379,0.0,0.0,0.0
2024-10-17 11:00:00-04:00,29.489999771118164,29.489999771118164,29.489999771118164,29.489999771118164,563,0.0,0.0,0.0
2024-10-17 11:05:00-04:00,29.5049991607666,29.5049991607666,29.5049991607666,29.5049991607666,219,0.0,0.0,0.0
2024-10-17 11:10:00-04:00,29.489999771118164,29.489999771118164,29.45009994506836,29.489999771118164,2099,0.0,0.0,0.0
2024-10-17 11:15:00-04:00,29.479999542236328,29.56999969482422,29.479999542236328,29.56999969482422,1386,0.0,0.0,0.0
2024-10-17 11:20:00-04:00,29.520000457763672,29.559999465942383,29.489999771118164,29.489999771118164,1053,0.0,0.0,0.0
2024-10-17 11:25:00-04:00,29.61009979248047,29.61009979248047,29.530000686645508,29.540000915527344,2901,0.0,0.0,0.0
2024-10-17 11:30:00-04:00,29.56999969482422,29.56999969482422,29.510000228881836,29.530000686645508,14636,0.0,0.0,0.0
2024-10-17 11:35:00-04:00,29.520000457763672,29.520000457763672,29.4950008392334,29.520000457763672,1893,0.0,0.0,0.0
2024-10-17 11:40:00-04:00,29.520000457763672,29.520000457763672,29.510000228881836,29.510000228881836,2137,0.0,0.0,0.0
2024-10-17 11:45:00-04:00,29.5,29.520000457763672,29.5,29.519899368286133,3656,0.0,0.0,0.0
2024-10-17 11:50:00-04:00,29.5049991607666,29.5049991607666,29.5049991607666,29.5049991607666,294,0.0,0.0,0.0
2024-10-17 11:55:00-04:00,29.5,29.530000686645508,29.499900817871094,29.510000228881836,9422,0.0,0.0,0.0
2024-10-17 12:00:00-04:00,29.5,29.5049991607666,29.459999084472656,29.489999771118164,4841,0.0,0.0,0.0
2024-10-17 12:05:00-04:00,29.517799377441406,29.519899368286133,29.489999771118164,29.5,5567,0.0,0.0,0.0
2024-10-17 12:10:00-04:00,29.600000381469727,29.600000381469727,29.600000381469727,29.600000381469727,1769,0.0,0.0,0.0
2024-10-17 12:15:00-04:00,29.510000228881836,29.510000228881836,29.510000228881836,29.510000228881836,200,0.0,0.0,0.0
2024-10-17 12:20:00-04:00,29.600000381469727,29.600000381469727,29.600000381469727,29.600000381469727,268,0.0,0.0,0.0
2024-10-17 12:25:00-04:00,29.491899490356445,29.491899490356445,29.490100860595703,29.490100860595703,1064,0.0,0.0,0.0
2024-10-17 12:30:00-04:00,29.545000076293945,29.545000076293945,29.5,29.5,1736,0.0,0.0,0.0
2024-10-17 12:40:00-04:00,29.50189971923828,29.549999237060547,29.50189971923828,29.549999237060547,751,0.0,0.0,0.0
2024-10-17 12:45:00-04:00,29.50189971923828,29.50189971923828,29.50189971923828,29.50189971923828,297,0.0,0.0,0.0
2024-10-17 12:55:00-04:00,29.520000457763672,29.540000915527344,29.520000457763672,29.520000457763672,1526,0.0,0.0,0.0
2024-10-17 13:00:00-04:00,29.510099411010742,29.520000457763672,29.510099411010742,29.520000457763672,874,0.0,0.0,0.0
2024-10-17 13:05:00-04:00,29.510000228881836,29.510000228881836,29.489999771118164,29.489999771118164,1454,0.0,0.0,0.0
2024-10-17 13:10:00-04:00,29.489999771118164,29.489999771118164,29.489999771118164,29.489999771118164,1022,0.0,0.0,0.0
2024-10-17 13:20:00-04:00,29.58060073852539,29.58060073852539,29.489999771118164,29.489999771118164,259,0.0,0.0,0.0
2024-10-17 13:25:00-04:00,29.489999771118164,29.489999771118164,29.450000762939453,29.450000762939453,1375,0.0,0.0,0.0
2024-10-17 13:40:00-04:00,29.459999084472656,29.556699752807617,29.450000762939453,29.556699752807617,2146,0.0,0.0,0.0
2024-10-17 13:45:00-04:00,29.469999313354492,29.489999771118164,29.459999084472656,29.489999771118164,1129,0.0,0.0,0.0
2024-10-17 13:50:00-04:00,29.479999542236328,29.53730010986328,29.479999542236328,29.53730010986328,6986,0.0,0.0,0.0
2024-10-17 13:55:00-04:00,29.524999618530273,29.600000381469727,29.469999313354492,29.600000381469727,1560,0.0,0.0,0.0
2024-10-17 14:00:00-04:00,29.540000915527344,29.540000915527344,29.469999313354492,29.469999313354492,1772,0.0,0.0,0.0
2024-10-17 14:05:00-04:00,29.479999542236328,29.479999542236328,29.450000762939453,29.450000762939453,13227,0.0,0.0,0.0
2024-10-17 14:10:00-04:00,29.561500549316406,29.561500549316406,29.561500549316406,29.561500549316406,999,0.0,0.0,0.0
2024-10-17 14:15:00-04:00,29.520000457763672,29.520000457763672,29.460100173950195,29.46500015258789,908,0.0,0.0,0.0
2024-10-17 14:25:00-04:00,29.5,29.5,29.5,29.5,10331,0.0,0.0,0.0
2024-10-17 14:30:00-04:00,29.459999084472656,29.46619987487793,29.459999084472656,29.46619987487793,770,0.0,0.0,0.0
2024-10-17 14:35:00-04:00,29.459999084472656,29.459999084472656,29.459999084472656,29.459999084472656,175,0.0,0.0,0.0
2024-10-17 14:40:00-04:00,29.520000457763672,29.520000457763672,29.450000762939453,29.490100860595703,1524,0.0,0.0,0.0
2024-10-17 14:45:00-04:00,29.5,29.579999923706055,29.450000762939453,29.450000762939453,5798,0.0,0.0,0.0
2024-10-17 14:50:00-04:00,29.495500564575195,29.498300552368164,29.450000762939453,29.459999084472656,5421,0.0,0.0,0.0
2024-10-17 14:55:00-04:00,29.479799270629883,29.479799270629883,29.45009994506836,29.46500015258789,1448,0.0,0.0,0.0
2024-10-17 15:00:00-04:00,29.479900360107422,29.479900360107422,29.420000076293945,29.430099487304688,6015,0.0,0.0,0.0
2024-10-17 15:05:00-04:00,29.440000534057617,29.45050048828125,29.440000534057617,29.45050048828125,2500,0.0,0.0,0.0
2024-10-17 15:10:00-04:00,29.492599487304688,29.492599487304688,29.492599487304688,29.492599487304688,172,0.0,0.0,0.0
2024-10-17 15:15:00-04:00,29.436199188232422,29.5,29.43000030517578,29.43000030517578,2759,0.0,0.0,0.0
2024-10-17 15:25:00-04:00,29.432199478149414,29.4773006439209,29.432199478149414,29.4773006439209,1044,0.0,0.0,0.0
2024-10-17 15:30:00-04:00,29.46500015258789,29.469999313354492,29.459999084472656,29.459999084472656,1328,0.0,0.0,0.0
2024-10-17 15:35:00-04:00,29.450000762939453,29.469999313354492,29.450000762939453,29.450000762939453,2095,0.0,0.0,0.0
2024-10-17 15:40:00-04:00,29.5,29.5,29.450000762939453,29.459999084472656,3242,0.0,0.0,0.0
2024-10-17 15:45:00-04:00,29.450000762939453,29.459999084472656,29.42609977722168,29.459999084472656,1040,0.0,0.0,0.0
2024-10-17 15:50:00-04:00,29.459999084472656,29.479999542236328,29.459999084472656,29.459999084472656,1100,0.0,0.0,0.0
2024-10-17 15:55:00-04:00,29.489500045776367,29.489500045776367,29.450000762939453,29.450000762939453,3415,0.0,0.0,0.0
2024-10-18 09:30:00-04:00,29.540000915527344,29.594999313354492,29.540000915527344,29.594999313354492,0,0.0,0.0,0.0
2024-10-18 09:35:00-04:00,29.56999969482422,29.56999969482422,29.503400802612305,29.503400802612305,598,0.0,0.0,0.0
2024-10-18 09:40:00-04:00,29.514999389648438,29.530000686645508,29.510000228881836,29.510000228881836,951,0.0,0.0,0.0
2024-10-18 09:50:00-04:00,29.559900283813477,29.559900283813477,29.559900283813477,29.559900283813477,463,0.0,0.0,0.0
2024-10-18 09:55:00-04:00,29.541000366210938,29.541000366210938,29.541000366210938,29.541000366210938,899,0.0,0.0,0.0
2024-10-18 10:00:00-04:00,29.491500854492188,29.491500854492188,29.489999771118164,29.489999771118164,348,0.0,0.0,0.0
2024-10-18 10:05:00-04:00,29.534900665283203,29.534900665283203,29.534900665283203,29.534900665283203,500,0.0,0.0,0.0
2024-10-18 10:10:00-04:00,29.500099182128906,29.538999557495117,29.480100631713867,29.538999557495117,5845,0.0,0.0,0.0
2024-10-18 10:20:00-04:00,29.5,29.54990005493164,29.5,29.54990005493164,1711,0.0,0.0,0.0
2024-10-18 10:25:00-04:00,29.550600051879883,29.558900833129883,29.550600051879883,29.558900833129883,1353,0.0,0.0,0.0
2024-10-18 10:35:00-04:00,29.540000915527344,29.540000915527344,29.520200729370117,29.521299362182617,1843,0.0,0.0,0.0
2024-10-18 10:40:00-04:00,29.559999465942383,29.559999465942383,29.559099197387695,29.559099197387695,924,0.0,0.0,0.0
2024-10-18 10:50:00-04:00,29.545000076293945,29.545000076293945,29.545000076293945,29.545000076293945,1494,0.0,0.0,0.0
2024-10-18 10:55:00-04:00,29.530000686645508,29.559999465942383,29.530000686645508,29.549999237060547,3650,0.0,0.0,0.0
2024-10-18 11:00:00-04:00,29.559999465942383,29.559999465942383,29.559999465942383,29.559999465942383,314,0.0,0.0,0.0
2024-10-18 11:05:00-04:00,29.549999237060547,29.55500030517578,29.549999237060547,29.549999237060547,5596,0.0,0.0,0.0
2024-10-18 11:10:00-04:00,29.559999465942383,29.575000762939453,29.559999465942383,29.565000534057617,3628,0.0,0.0,0.0
2024-10-18 11:15:00-04:00,29.565000534057617,29.565000534057617,29.565000534057617,29.565000534057617,260,0.0,0.0,0.0
2024-10-18 11:20:00-04:00,29.549999237060547,29.565000534057617,29.549999237060547,29.565000534057617,554,0.0,0.0,0.0
2024-10-18 11:25:00-04:00,29.579999923706055,29.579999923706055,29.565000534057617,29.565000534057617,2522,0.0,0.0,0.0
2024-10-18 11:30:00-04:00,29.549999237060547,29.57990074157715,29.549999237060547,29.565000534057617,2439,0.0,0.0,0.0
2024-10-18 11:35:00-04:00,29.579999923706055,29.579999923706055,29.56999969482422,29.56999969482422,218,0.0,0.0,0.0
2024-10-18 11:45:00-04:00,29.549999237060547,29.565000534057617,29.549999237060547,29.565000534057617,279,0.0,0.0,0.0
2024-10-18 11:55:00-04:00,29.57029914855957,29.57029914855957,29.57029914855957,29.57029914855957,569,0.0,0.0,0.0
2024-10-18 12:00:00-04:00,29.575700759887695,29.579999923706055,29.559999465942383,29.559999465942383,933,0.0,0.0,0.0
2024-10-18 12:05:00-04:00,29.565000534057617,29.565000534057617,29.565000534057617,29.565000534057617,142,0.0,0.0,0.0
2024-10-18 12:10:00-04:00,29.559999465942383,29.559999465942383,29.559999465942383,29.559999465942383,1554,0.0,0.0,0.0
2024-10-18 12:15:00-04:00,29.559999465942383,29.565000534057617,29.559999465942383,29.565000534057617,320,0.0,0.0,0.0
2024-10-18 12:20:00-04:00,29.579999923706055,29.579999923706055,29.560100555419922,29.56130027770996,444,0.0,0.0,0.0
2024-10-18 12:25:00-04:00,29.584999084472656,29.59000015258789,29.584999084472656,29.59000015258789,1408,0.0,0.0,0.0
2024-10-18 12:30:00-04:00,29.59000015258789,29.594999313354492,29.559999465942383,29.559999465942383,2921,0.0,0.0,0.0
2024-10-18 12:35:00-04:00,29.579999923706055,29.604999542236328,29.579999923706055,29.604999542236328,2190,0.0,0.0,0.0
2024-10-18 12:40:00-04:00,29.600000381469727,29.610000610351562,29.579999923706055,29.59000015258789,3458,0.0,0.0,0.0
2024-10-18 12:45:00-04:00,29.600000381469727,29.600000381469727,29.579999923706055,29.597000122070312,1274,0.0,0.0,0.0
2024-10-18 12:50:00-04:00,29.584999084472656,29.65999984741211,29.584999084472656,29.65999984741211,3816,0.0,0.0,0.0
2024-10-18 12:55:00-04:00,29.600000381469727,29.600000381469727,29.600000381469727,29.600000381469727,101,0.0,0.0,0.0
2024-10-18 13:00:00-04:00,29.799999237060547,29.799999237060547,29.799999237060547,29.799999237060547,104,0.0,0.0,0.0
2024-10-18 13:05:00-04:00,29.69499969482422,29.69499969482422,29.576099395751953,29.600000381469727,5428,0.0,0.0,0.0
2024-10-18 13:10:00-04:00,29.600000381469727,29.709999084472656,29.590099334716797,29.709999084472656,1752,0.0,0.0,0.0
2024-10-18 13:15:00-04:00,29.592100143432617,29.592100143432617,29.592100143432617,29.592100143432617,309,0.0,0.0,0.0
2024-10-18 13:20:00-04:00,29.649999618530273,29.690000534057617,29.639999389648438,29.65730094909668,6040,0.0,0.0,0.0
2024-10-18 13:25:00-04:00,29.65999984741211,29.65999984741211,29.600000381469727,29.600000381469727,1412,0.0,0.0,0.0
2024-10-18 13:30:00-04:00,29.590099334716797,29.649999618530273,29.59000015258789,29.649999618530273,1724,0.0,0.0,0.0
2024-10-18 13:40:00-04:00,29.649999618530273,29.649999618530273,29.649999618530273,29.649999618530273,100,0.0,0.0,0.0
2024-10-18 13:45:00-04:00,29.600000381469727,29.639999389648438,29.59000015258789,29.59000015258789,4031,0.0,0.0,0.0
2024-10-18 13:50:00-04:00,29.6299991607666,29.6299991607666,29.6299991607666,29.6299991607666,106,0.0,0.0,0.0
2024-10-18 13:55:00-04:00,29.600000381469727,29.600000381469727,29.579999923706055,29.579999923706055,2373,0.0,0.0,0.0
2024-10-18 14:00:00-04:00,29.579999923706055,29.59000015258789,29.579999923706055,29.579999923706055,1310,0.0,0.0,0.0
2024-10-18 14:05:00-04:00,29.59000015258789,29.592100143432617,29.579999923706055,29.592100143432617,568,0.0,0.0,0.0
2024-10-18 14:10:00-04:00,29.600000381469727,29.600000381469727,29.600000381469727,29.600000381469727,215,0.0,0.0,0.0
2024-10-18 14:15:00-04:00,29.649999618530273,29.70800018310547,29.59079933166504,29.649999618530273,3753,0.0,0.0,0.0
2024-10-18 14:20:00-04:00,29.655000686645508,29.655000686645508,29.590099334716797,29.655000686645508,661,0.0,0.0,0.0
2024-10-18 14:25:00-04:00,29.6299991607666,29.65999984741211,29.607999801635742,29.65999984741211,1340,0.0,0.0,0.0
2024-10-18 14:30:00-04:00,29.600000381469727,29.610000610351562,29.600000381469727,29.600000381469727,2600,0.0,0.0,0.0
2024-10-18 14:35:00-04:00,29.600000381469727,29.600000381469727,29.600000381469727,29.600000381469727,1000,0.0,0.0,0.0
2024-10-18 14:40:00-04:00,29.59000015258789,29.59000015258789,29.59000015258789,29.59000015258789,173,0.0,0.0,0.0
2024-10-18 14:45:00-04:00,29.639999389648438,29.639999389648438,29.639999389648438,29.639999389648438,116,0.0,0.0,0.0
2024-10-18 14:55:00-04:00,29.682199478149414,29.709999084472656,29.600000381469727,29.639999389648438,15163,0.0,0.0,0.0
2024-10-18 15:00:00-04:00,29.572099685668945,29.600000381469727,29.572099685668945,29.600000381469727,1194,0.0,0.0,0.0
2024-10-18 15:05:00-04:00,29.579999923706055,29.670000076293945,29.579999923706055,29.579999923706055,1232,0.0,0.0,0.0
2024-10-18 15:10:00-04:00,29.579999923706055,29.579999923706055,29.56999969482422,29.56999969482422,215,0.0,0.0,0.0
2024-10-18 15:15:00-04:00,29.579999923706055,29.700000762939453,29.579999923706055,29.635000228881836,2140,0.0,0.0,0.0
2024-10-18 15:20:00-04:00,29.579999923706055,29.579999923706055,29.579999923706055,29.579999923706055,320,0.0,0.0,0.0
2024-10-18 15:25:00-04:00,29.700000762939453,29.700000762939453,29.610000610351562,29.6299991607666,1001,0.0,0.0,0.0
2024-10-18 15:30:00-04:00,29.582700729370117,29.645000457763672,29.582700729370117,29.59000015258789,2149,0.0,0.0,0.0
2024-10-18 15:35:00-04:00,29.600000381469727,29.6299991607666,29.59000015258789,29.59000015258789,8546,0.0,0.0,0.0
2024-10-18 15:40:00-04:00,29.67959976196289,29.67959976196289,29.579999923706055,29.579999923706055,2343,0.0,0.0,0.0
2024-10-18 15:45:00-04:00,29.600000381469727,29.600000381469727,29.600000381469727,29.600000381469727,149,0.0,0.0,0.0
2024-10-18 15:50:00-04:00,29.582500457763672,29.724899291992188,29.582500457763672,29.59000015258789,1230,0.0,0.0,0.0
2024-10-18 15:55:00-04:00,29.600000381469727,29.610000610351562,29.579999923706055,29.579999923706055,1166,0.0,0.0,0.0
