Datetime,Open,High,Low,Close,Volume,Dividends,Stock Splits
2024-09-20 09:30:00-04:00,2.450000047683716,2.450000047683716,2.450000047683716,2.450000047683716,0,0.0,0.0
2024-09-20 09:45:00-04:00,2.4200000762939453,2.450000047683716,2.4200000762939453,2.450000047683716,1585,0.0,0.0
2024-09-20 09:50:00-04:00,2.4100000858306885,2.410099983215332,2.4100000858306885,2.410099983215332,778,0.0,0.0
2024-09-20 10:00:00-04:00,2.4100000858306885,2.4200000762939453,2.4100000858306885,2.4200000762939453,392,0.0,0.0
2024-09-20 10:10:00-04:00,2.390000104904175,2.390000104904175,2.390000104904175,2.390000104904175,250,0.0,0.0
2024-09-20 10:20:00-04:00,2.4100000858306885,2.4100000858306885,2.4100000858306885,2.4100000858306885,361,0.0,0.0
2024-09-20 10:30:00-04:00,2.4100000858306885,2.4100000858306885,2.4100000858306885,2.4100000858306885,363,0.0,0.0
2024-09-20 10:40:00-04:00,2.424999952316284,2.424999952316284,2.424999952316284,2.424999952316284,230,0.0,0.0
2024-09-20 10:50:00-04:00,2.450000047683716,2.450000047683716,2.450000047683716,2.450000047683716,749,0.0,0.0
2024-09-20 10:55:00-04:00,2.430000066757202,2.4600000381469727,2.430000066757202,2.4600000381469727,2189,0.0,0.0
2024-09-20 11:40:00-04:00,2.4749999046325684,2.490000009536743,2.4749999046325684,2.4774999618530273,930,0.0,0.0
2024-09-20 11:45:00-04:00,2.490000009536743,2.490000009536743,2.490000009536743,2.490000009536743,126,0.0,0.0
2024-09-20 11:55:00-04:00,2.4749999046325684,2.490000009536743,2.4749999046325684,2.490000009536743,801,0.0,0.0
2024-09-20 12:00:00-04:00,2.4800000190734863,2.5,2.4800000190734863,2.490000009536743,3003,0.0,0.0
2024-09-20 12:05:00-04:00,2.4800000190734863,2.4800000190734863,2.4800000190734863,2.4800000190734863,176,0.0,0.0
2024-09-20 12:10:00-04:00,2.490000009536743,2.5299999713897705,2.490000009536743,2.5299999713897705,12429,0.0,0.0
2024-09-20 12:15:00-04:00,2.5199999809265137,2.5299999713897705,2.5199999809265137,2.5299999713897705,6699,0.0,0.0
2024-09-20 12:35:00-04:00,2.549999952316284,2.549999952316284,2.549999952316284,2.549999952316284,600,0.0,0.0
2024-09-20 12:40:00-04:00,2.5450000762939453,2.5450000762939453,2.5399999618530273,2.5399999618530273,2852,0.0,0.0
2024-09-20 12:50:00-04:00,2.5399999618530273,2.5399999618530273,2.5399999618530273,2.5399999618530273,281,0.0,0.0
2024-09-20 12:55:00-04:00,2.5399999618530273,2.5399999618530273,2.5399999618530273,2.5399999618530273,454,0.0,0.0
2024-09-20 13:00:00-04:00,2.5399999618530273,2.5399999618530273,2.5399999618530273,2.5399999618530273,532,0.0,0.0
2024-09-20 13:05:00-04:00,2.5399999618530273,2.5399999618530273,2.5399999618530273,2.5399999618530273,200,0.0,0.0
2024-09-20 13:10:00-04:00,2.5299999713897705,2.5299999713897705,2.5299999713897705,2.5299999713897705,300,0.0,0.0
2024-09-20 13:15:00-04:00,2.5399999618530273,2.5399999618530273,2.5399999618530273,2.5399999618530273,300,0.0,0.0
2024-09-20 13:20:00-04:00,2.5399999618530273,2.5399999618530273,2.5399999618530273,2.5399999618530273,626,0.0,0.0
2024-09-20 13:25:00-04:00,2.5299999713897705,2.5299999713897705,2.5299999713897705,2.5299999713897705,942,0.0,0.0
2024-09-20 13:35:00-04:00,2.5399999618530273,2.549999952316284,2.5399999618530273,2.549999952316284,503,0.0,0.0
2024-09-20 13:40:00-04:00,2.5299999713897705,2.530100107192993,2.5299999713897705,2.530100107192993,477,0.0,0.0
2024-09-20 13:45:00-04:00,2.5399999618530273,2.549999952316284,2.5399999618530273,2.549999952316284,500,0.0,0.0
2024-09-20 13:50:00-04:00,2.5399999618530273,2.559999942779541,2.5399999618530273,2.559999942779541,11257,0.0,0.0
2024-09-20 13:55:00-04:00,2.5799999237060547,2.5999999046325684,2.5799999237060547,2.5899999141693115,3602,0.0,0.0
2024-09-20 14:00:00-04:00,2.5899999141693115,2.619999885559082,2.5899999141693115,2.619999885559082,5652,0.0,0.0
2024-09-20 14:05:00-04:00,2.5999999046325684,2.615600109100342,2.5999999046325684,2.5999999046325684,3845,0.0,0.0
2024-09-20 14:10:00-04:00,2.5799999237060547,2.5799999237060547,2.5799999237060547,2.5799999237060547,121,0.0,0.0
2024-09-20 14:15:00-04:00,2.586400032043457,2.586400032043457,2.586400032043457,2.586400032043457,161,0.0,0.0
2024-09-20 14:20:00-04:00,2.5799999237060547,2.5799999237060547,2.5799999237060547,2.5799999237060547,748,0.0,0.0
2024-09-20 14:25:00-04:00,2.565000057220459,2.569999933242798,2.565000057220459,2.565000057220459,988,0.0,0.0
2024-09-20 14:30:00-04:00,2.5699000358581543,2.569999933242798,2.5699000358581543,2.569999933242798,5110,0.0,0.0
2024-09-20 14:35:00-04:00,2.559999942779541,2.5799999237060547,2.559999942779541,2.5601000785827637,578,0.0,0.0
2024-09-20 14:40:00-04:00,2.5799999237060547,2.640000104904175,2.569999933242798,2.640000104904175,16378,0.0,0.0
2024-09-20 14:45:00-04:00,2.625,2.625,2.619999885559082,2.619999885559082,632,0.0,0.0
2024-09-20 14:50:00-04:00,2.615000009536743,2.619999885559082,2.5999999046325684,2.619999885559082,10237,0.0,0.0
2024-09-20 15:00:00-04:00,2.609999895095825,2.609999895095825,2.609999895095825,2.609999895095825,247,0.0,0.0
2024-09-20 15:15:00-04:00,2.619999885559082,2.619999885559082,2.609999895095825,2.619999885559082,846,0.0,0.0
2024-09-20 15:20:00-04:00,2.619999885559082,2.619999885559082,2.619999885559082,2.619999885559082,2040,0.0,0.0
2024-09-20 15:25:00-04:00,2.615000009536743,2.619999885559082,2.609999895095825,2.619999885559082,1161,0.0,0.0
2024-09-20 15:30:00-04:00,2.609999895095825,2.619999885559082,2.5999999046325684,2.5999999046325684,4521,0.0,0.0
2024-09-20 15:35:00-04:00,2.609999895095825,2.619999885559082,2.6003000736236572,2.609999895095825,2443,0.0,0.0
2024-09-20 15:45:00-04:00,2.602099895477295,2.609999895095825,2.5999999046325684,2.609999895095825,5579,0.0,0.0
2024-09-20 15:50:00-04:00,2.5999999046325684,2.5999999046325684,2.5899999141693115,2.5899999141693115,2844,0.0,0.0
2024-09-20 15:55:00-04:00,2.5899999141693115,2.609999895095825,2.5799999237060547,2.5799999237060547,7737,0.0,0.0
2024-09-23 09:30:00-04:00,2.5999999046325684,2.609999895095825,2.5999999046325684,2.609999895095825,5022,0.0,0.0
2024-09-23 09:35:00-04:00,2.615000009536743,2.6500000953674316,2.5999999046325684,2.5999999046325684,6131,0.0,0.0
2024-09-23 09:50:00-04:00,2.5999999046325684,2.619999885559082,2.5999999046325684,2.619999885559082,4237,0.0,0.0
2024-09-23 09:55:00-04:00,2.5999999046325684,2.5999999046325684,2.5999999046325684,2.5999999046325684,328,0.0,0.0
2024-09-23 10:00:00-04:00,2.609999895095825,2.617500066757202,2.5999999046325684,2.617500066757202,910,0.0,0.0
2024-09-23 10:05:00-04:00,2.615000009536743,2.619999885559082,2.609999895095825,2.609999895095825,310,0.0,0.0
2024-09-23 10:10:00-04:00,2.609999895095825,2.609999895095825,2.609999895095825,2.609999895095825,511,0.0,0.0
2024-09-23 10:15:00-04:00,2.609999895095825,2.609999895095825,2.609999895095825,2.609999895095825,1235,0.0,0.0
2024-09-23 10:20:00-04:00,2.5999999046325684,2.5999999046325684,2.5999999046325684,2.5999999046325684,637,0.0,0.0
2024-09-23 10:30:00-04:00,2.609999895095825,2.615000009536743,2.609999895095825,2.615000009536743,693,0.0,0.0
2024-09-23 10:35:00-04:00,2.609999895095825,2.609999895095825,2.609999895095825,2.609999895095825,200,0.0,0.0
2024-09-23 10:40:00-04:00,2.609999895095825,2.619999885559082,2.5999999046325684,2.619999885559082,3234,0.0,0.0
2024-09-23 10:45:00-04:00,2.609999895095825,2.619999885559082,2.5999999046325684,2.5999999046325684,1085,0.0,0.0
2024-09-23 10:55:00-04:00,2.609999895095825,2.609999895095825,2.609999895095825,2.609999895095825,332,0.0,0.0
2024-09-23 11:10:00-04:00,2.6050000190734863,2.619999885559082,2.5999999046325684,2.5999999046325684,9976,0.0,0.0
2024-09-23 11:15:00-04:00,2.5999999046325684,2.609999895095825,2.5999999046325684,2.5999999046325684,4635,0.0,0.0
2024-09-23 11:20:00-04:00,2.5999999046325684,2.609999895095825,2.5999999046325684,2.609999895095825,1807,0.0,0.0
2024-09-23 11:25:00-04:00,2.5999999046325684,2.5999999046325684,2.5999999046325684,2.5999999046325684,411,0.0,0.0
2024-09-23 11:35:00-04:00,2.5999999046325684,2.6047000885009766,2.5999999046325684,2.5999999046325684,1310,0.0,0.0
2024-09-23 11:40:00-04:00,2.5999999046325684,2.5999999046325684,2.5999999046325684,2.5999999046325684,200,0.0,0.0
2024-09-23 11:45:00-04:00,2.5999999046325684,2.6050000190734863,2.5999999046325684,2.6050000190734863,1341,0.0,0.0
2024-09-23 11:50:00-04:00,2.5999999046325684,2.609999895095825,2.5999999046325684,2.6050000190734863,7332,0.0,0.0
2024-09-23 11:55:00-04:00,2.5999999046325684,2.5999999046325684,2.5999999046325684,2.5999999046325684,346,0.0,0.0
2024-09-23 12:05:00-04:00,2.600100040435791,2.600100040435791,2.600100040435791,2.600100040435791,205,0.0,0.0
2024-09-23 12:10:00-04:00,2.5999999046325684,2.5999999046325684,2.569999933242798,2.569999933242798,3113,0.0,0.0
2024-09-23 12:20:00-04:00,2.5629000663757324,2.5629000663757324,2.559999942779541,2.559999942779541,562,0.0,0.0
2024-09-23 12:30:00-04:00,2.559999942779541,2.569999933242798,2.559999942779541,2.569999933242798,930,0.0,0.0
2024-09-23 12:35:00-04:00,2.549999952316284,2.549999952316284,2.5299999713897705,2.5299999713897705,2208,0.0,0.0
2024-09-23 12:40:00-04:00,2.5299999713897705,2.5399999618530273,2.5299999713897705,2.5299999713897705,1729,0.0,0.0
2024-09-23 12:45:00-04:00,2.5352001190185547,2.5399999618530273,2.5352001190185547,2.5399999618530273,1240,0.0,0.0
2024-09-23 12:55:00-04:00,2.5399999618530273,2.5799999237060547,2.5399999618530273,2.5799999237060547,6926,0.0,0.0
2024-09-23 13:00:00-04:00,2.5799999237060547,2.630000114440918,2.5789999961853027,2.619999885559082,24309,0.0,0.0
2024-09-23 13:15:00-04:00,2.615000009536743,2.630000114440918,2.615000009536743,2.630000114440918,441,0.0,0.0
2024-09-23 13:20:00-04:00,2.6152000427246094,2.6152000427246094,2.6152000427246094,2.6152000427246094,256,0.0,0.0
2024-09-23 13:25:00-04:00,2.619999885559082,2.619999885559082,2.609999895095825,2.609999895095825,505,0.0,0.0
2024-09-23 13:30:00-04:00,2.619999885559082,2.619999885559082,2.5899999141693115,2.619999885559082,4601,0.0,0.0
2024-09-23 13:35:00-04:00,2.5999999046325684,2.619999885559082,2.5999999046325684,2.619999885559082,0,0.0,0.0
2024-09-23 13:40:00-04:00,2.5850000381469727,2.5850000381469727,2.5850000381469727,2.5850000381469727,101576,0.0,0.0
2024-09-23 13:45:00-04:00,2.569999933242798,2.569999933242798,2.569999933242798,2.569999933242798,1,0.0,0.0
2024-09-23 13:50:00-04:00,2.5799999237060547,2.5799999237060547,2.5799999237060547,2.5799999237060547,300,0.0,0.0
2024-09-23 13:55:00-04:00,2.5899999141693115,2.5999999046325684,2.5899999141693115,2.5899999141693115,1717,0.0,0.0
2024-09-23 14:05:00-04:00,2.569999933242798,2.569999933242798,2.569999933242798,2.569999933242798,350,0.0,0.0
2024-09-23 14:10:00-04:00,2.569999933242798,2.569999933242798,2.569999933242798,2.569999933242798,309,0.0,0.0
2024-09-23 14:15:00-04:00,2.569999933242798,2.569999933242798,2.569999933242798,2.569999933242798,299,0.0,0.0
2024-09-23 14:20:00-04:00,2.559999942779541,2.569999933242798,2.559999942779541,2.559999942779541,726,0.0,0.0
2024-09-23 14:35:00-04:00,2.559999942779541,2.559999942779541,2.559999942779541,2.559999942779541,706,0.0,0.0
2024-09-23 14:40:00-04:00,2.559999942779541,2.559999942779541,2.559999942779541,2.559999942779541,109,0.0,0.0
2024-09-23 14:45:00-04:00,2.569999933242798,2.569999933242798,2.549999952316284,2.549999952316284,1489,0.0,0.0
2024-09-23 15:05:00-04:00,2.549999952316284,2.5799999237060547,2.549999952316284,2.5799999237060547,6135,0.0,0.0
2024-09-23 15:15:00-04:00,2.559999942779541,2.559999942779541,2.559999942779541,2.559999942779541,1353,0.0,0.0
2024-09-23 15:20:00-04:00,2.549999952316284,2.549999952316284,2.549999952316284,2.549999952316284,243,0.0,0.0
2024-09-23 15:25:00-04:00,2.549999952316284,2.555000066757202,2.549999952316284,2.549999952316284,2617,0.0,0.0
2024-09-23 15:35:00-04:00,2.549999952316284,2.559999942779541,2.549999952316284,2.549999952316284,2004,0.0,0.0
2024-09-23 15:40:00-04:00,2.559999942779541,2.5999999046325684,2.559999942779541,2.5999999046325684,6320,0.0,0.0
2024-09-23 15:45:00-04:00,2.5899999141693115,2.5999999046325684,2.5899999141693115,2.5899999141693115,1478,0.0,0.0
2024-09-23 15:50:00-04:00,2.5950000286102295,2.5999999046325684,2.5950000286102295,2.5950000286102295,1010,0.0,0.0
2024-09-23 15:55:00-04:00,2.5950000286102295,2.5999999046325684,2.5899999141693115,2.5999999046325684,7133,0.0,0.0
2024-09-24 09:30:00-04:00,2.619999885559082,2.619999885559082,2.619999885559082,2.619999885559082,0,0.0,0.0
2024-09-24 10:00:00-04:00,2.6398000717163086,2.640000104904175,2.6398000717163086,2.640000104904175,1950,0.0,0.0
2024-09-24 10:05:00-04:00,2.619999885559082,2.619999885559082,2.5999999046325684,2.5999999046325684,7909,0.0,0.0
2024-09-24 10:25:00-04:00,2.5999999046325684,2.630000114440918,2.5999999046325684,2.5999999046325684,8887,0.0,0.0
2024-09-24 10:35:00-04:00,2.640000104904175,2.640000104904175,2.640000104904175,2.640000104904175,750,0.0,0.0
2024-09-24 10:40:00-04:00,2.6500000953674316,2.6500000953674316,2.6500000953674316,2.6500000953674316,692,0.0,0.0
2024-09-24 10:55:00-04:00,2.6449999809265137,2.6449999809265137,2.6449999809265137,2.6449999809265137,400,0.0,0.0
2024-09-24 11:00:00-04:00,2.6500000953674316,2.6700000762939453,2.6500000953674316,2.6700000762939453,4334,0.0,0.0
2024-09-24 11:05:00-04:00,2.6600000858306885,2.6600000858306885,2.6500000953674316,2.6500000953674316,346,0.0,0.0
2024-09-24 11:10:00-04:00,2.6500000953674316,2.6500000953674316,2.649899959564209,2.6500000953674316,1255,0.0,0.0
2024-09-24 11:15:00-04:00,2.6449999809265137,2.6500000953674316,2.6440999507904053,2.6500000953674316,2052,0.0,0.0
2024-09-24 11:30:00-04:00,2.6500000953674316,2.6500000953674316,2.6410000324249268,2.6410000324249268,4467,0.0,0.0
2024-09-24 11:45:00-04:00,2.640000104904175,2.640000104904175,2.640000104904175,2.640000104904175,443,0.0,0.0
2024-09-24 12:05:00-04:00,2.640000104904175,2.6500000953674316,2.640000104904175,2.6500000953674316,3770,0.0,0.0
2024-09-24 12:10:00-04:00,2.6500000953674316,2.6500000953674316,2.6500000953674316,2.6500000953674316,300,0.0,0.0
2024-09-24 12:15:00-04:00,2.658600091934204,2.658600091934204,2.658600091934204,2.658600091934204,1226,0.0,0.0
2024-09-24 12:20:00-04:00,2.6500000953674316,2.6500000953674316,2.6500000953674316,2.6500000953674316,415,0.0,0.0
2024-09-24 12:25:00-04:00,2.6500000953674316,2.6500000953674316,2.6500000953674316,2.6500000953674316,4110,0.0,0.0
2024-09-24 12:35:00-04:00,2.6500000953674316,2.6500000953674316,2.6500000953674316,2.6500000953674316,3797,0.0,0.0
2024-09-24 12:40:00-04:00,2.6600000858306885,2.6600000858306885,2.6600000858306885,2.6600000858306885,200,0.0,0.0
2024-09-24 12:45:00-04:00,2.6600000858306885,2.6600000858306885,2.650099992752075,2.650099992752075,1338,0.0,0.0
2024-09-24 12:50:00-04:00,2.650099992752075,2.6549999713897705,2.650099992752075,2.6549999713897705,4337,0.0,0.0
2024-09-24 12:55:00-04:00,2.6549999713897705,2.6549999713897705,2.6549999713897705,2.6549999713897705,119,0.0,0.0
2024-09-24 13:10:00-04:00,2.6549999713897705,2.6600000858306885,2.6549999713897705,2.6600000858306885,726,0.0,0.0
2024-09-24 13:15:00-04:00,2.6549999713897705,2.6549999713897705,2.6549999713897705,2.6549999713897705,138,0.0,0.0
2024-09-24 13:25:00-04:00,2.6600000858306885,2.6600000858306885,2.6600000858306885,2.6600000858306885,710,0.0,0.0
2024-09-24 13:30:00-04:00,2.661099910736084,2.661099910736084,2.661099910736084,2.661099910736084,1443,0.0,0.0
2024-09-24 13:40:00-04:00,2.6649999618530273,2.6649999618530273,2.661400079727173,2.6649999618530273,3316,0.0,0.0
2024-09-24 13:45:00-04:00,2.6649999618530273,2.6649999618530273,2.6624999046325684,2.6649999618530273,2766,0.0,0.0
2024-09-24 13:50:00-04:00,2.6649999618530273,2.6649999618530273,2.6649999618530273,2.6649999618530273,1422,0.0,0.0
2024-09-24 13:55:00-04:00,2.6649999618530273,2.6649999618530273,2.6649999618530273,2.6649999618530273,0,0.0,0.0
2024-09-24 14:05:00-04:00,2.6649999618530273,2.6700000762939453,2.6649999618530273,2.6649999618530273,427,0.0,0.0
2024-09-24 14:10:00-04:00,2.6600000858306885,2.6600000858306885,2.6549999713897705,2.658400058746338,2085,0.0,0.0
2024-09-24 14:15:00-04:00,2.6500000953674316,2.6500000953674316,2.6500000953674316,2.6500000953674316,994,0.0,0.0
2024-09-24 14:20:00-04:00,2.6500000953674316,2.6500000953674316,2.630000114440918,2.6449999809265137,6199,0.0,0.0
2024-09-24 14:25:00-04:00,2.6500000953674316,2.6500000953674316,2.6449999809265137,2.6500000953674316,2684,0.0,0.0
2024-09-24 14:45:00-04:00,2.6449999809265137,2.6500000953674316,2.6449999809265137,2.6500000953674316,415,0.0,0.0
2024-09-24 14:55:00-04:00,2.6449999809265137,2.6449999809265137,2.6449999809265137,2.6449999809265137,200,0.0,0.0
2024-09-24 15:00:00-04:00,2.6449999809265137,2.6500000953674316,2.6449999809265137,2.6500000953674316,1719,0.0,0.0
2024-09-24 15:10:00-04:00,2.6500000953674316,2.6500000953674316,2.640000104904175,2.640000104904175,1036,0.0,0.0
2024-09-24 15:15:00-04:00,2.630000114440918,2.630000114440918,2.630000114440918,2.630000114440918,643,0.0,0.0
2024-09-24 15:35:00-04:00,2.630000114440918,2.630000114440918,2.630000114440918,2.630000114440918,960,0.0,0.0
2024-09-24 15:40:00-04:00,2.609999895095825,2.621999979019165,2.609999895095825,2.621999979019165,418,0.0,0.0
2024-09-24 15:50:00-04:00,2.609999895095825,2.609999895095825,2.5999999046325684,2.6050000190734863,3678,0.0,0.0
2024-09-24 15:55:00-04:00,2.609999895095825,2.609999895095825,2.609999895095825,2.609999895095825,237,0.0,0.0
2024-09-25 09:30:00-04:00,2.609999895095825,2.630000114440918,2.5999999046325684,2.630000114440918,2668,0.0,0.0
2024-09-25 09:40:00-04:00,2.630000114440918,2.630000114440918,2.630000114440918,2.630000114440918,300,0.0,0.0
2024-09-25 09:45:00-04:00,2.630000114440918,2.630000114440918,2.630000114440918,2.630000114440918,17,0.0,0.0
2024-09-25 10:00:00-04:00,2.619999885559082,2.619999885559082,2.619999885559082,2.619999885559082,104,0.0,0.0
2024-09-25 10:05:00-04:00,2.5999999046325684,2.5999999046325684,2.5999999046325684,2.5999999046325684,476,0.0,0.0
2024-09-25 10:10:00-04:00,2.609999895095825,2.609999895095825,2.609999895095825,2.609999895095825,137,0.0,0.0
2024-09-25 10:15:00-04:00,2.5999999046325684,2.609999895095825,2.5999999046325684,2.5999999046325684,2381,0.0,0.0
2024-09-25 10:20:00-04:00,2.609999895095825,2.619999885559082,2.609999895095825,2.619999885559082,4451,0.0,0.0
2024-09-25 10:50:00-04:00,2.609999895095825,2.609999895095825,2.609999895095825,2.609999895095825,112,0.0,0.0
2024-09-25 10:55:00-04:00,2.609999895095825,2.619999885559082,2.5999999046325684,2.5999999046325684,706,0.0,0.0
2024-09-25 11:00:00-04:00,2.5999999046325684,2.5999999046325684,2.5999999046325684,2.5999999046325684,545,0.0,0.0
2024-09-25 11:10:00-04:00,2.5999999046325684,2.5999999046325684,2.5999999046325684,2.5999999046325684,281,0.0,0.0
2024-09-25 11:20:00-04:00,2.5999999046325684,2.5999999046325684,2.5999999046325684,2.5999999046325684,102,0.0,0.0
2024-09-25 11:30:00-04:00,2.5999999046325684,2.6050000190734863,2.5999999046325684,2.6050000190734863,1636,0.0,0.0
2024-09-25 11:35:00-04:00,2.5999999046325684,2.5999999046325684,2.5999999046325684,2.5999999046325684,112,0.0,0.0
2024-09-25 11:40:00-04:00,2.5999999046325684,2.609999895095825,2.5899999141693115,2.609999895095825,7497,0.0,0.0
2024-09-25 11:45:00-04:00,2.5999999046325684,2.5999999046325684,2.5999999046325684,2.5999999046325684,101,0.0,0.0
2024-09-25 11:50:00-04:00,2.5999999046325684,2.5999999046325684,2.5999999046325684,2.5999999046325684,110,0.0,0.0
2024-09-25 11:55:00-04:00,2.5999999046325684,2.5999999046325684,2.5999999046325684,2.5999999046325684,115,0.0,0.0
2024-09-25 12:00:00-04:00,2.5999999046325684,2.5999999046325684,2.5999999046325684,2.5999999046325684,103,0.0,0.0
2024-09-25 12:05:00-04:00,2.5999999046325684,2.619999885559082,2.5999999046325684,2.619999885559082,8954,0.0,0.0
2024-09-25 12:10:00-04:00,2.609999895095825,2.609999895095825,2.609999895095825,2.609999895095825,243,0.0,0.0
2024-09-25 12:40:00-04:00,2.609999895095825,2.609999895095825,2.609999895095825,2.609999895095825,147,0.0,0.0
2024-09-25 12:50:00-04:00,2.609999895095825,2.609999895095825,2.609999895095825,2.609999895095825,3680,0.0,0.0
2024-09-25 12:55:00-04:00,2.609999895095825,2.609999895095825,2.609999895095825,2.609999895095825,1753,0.0,0.0
2024-09-25 13:00:00-04:00,2.5999999046325684,2.5999999046325684,2.5999999046325684,2.5999999046325684,507,0.0,0.0
2024-09-25 13:05:00-04:00,2.5999999046325684,2.5999999046325684,2.5999999046325684,2.5999999046325684,112,0.0,0.0
2024-09-25 13:10:00-04:00,2.5999999046325684,2.609999895095825,2.5999999046325684,2.609999895095825,615,0.0,0.0
2024-09-25 13:15:00-04:00,2.6050000190734863,2.6050000190734863,2.6050000190734863,2.6050000190734863,258,0.0,0.0
2024-09-25 13:20:00-04:00,2.5999999046325684,2.5999999046325684,2.5999999046325684,2.5999999046325684,112,0.0,0.0
2024-09-25 13:25:00-04:00,2.5999999046325684,2.5999999046325684,2.5999999046325684,2.5999999046325684,119,0.0,0.0
2024-09-25 13:30:00-04:00,2.5999999046325684,2.609999895095825,2.5999999046325684,2.609999895095825,7510,0.0,0.0
2024-09-25 13:40:00-04:00,2.5999999046325684,2.5999999046325684,2.5999999046325684,2.5999999046325684,286,0.0,0.0
2024-09-25 13:45:00-04:00,2.5999999046325684,2.609999895095825,2.5999999046325684,2.609999895095825,250,0.0,0.0
2024-09-25 13:55:00-04:00,2.5999999046325684,2.5999999046325684,2.5999999046325684,2.5999999046325684,109,0.0,0.0
2024-09-25 14:00:00-04:00,2.5999999046325684,2.5999999046325684,2.5999999046325684,2.5999999046325684,159,0.0,0.0
2024-09-25 14:05:00-04:00,2.5999999046325684,2.5999999046325684,2.5999999046325684,2.5999999046325684,228,0.0,0.0
2024-09-25 14:10:00-04:00,2.6050000190734863,2.6050000190734863,2.6050000190734863,2.6050000190734863,107,0.0,0.0
2024-09-25 14:15:00-04:00,2.5999999046325684,2.5999999046325684,2.5999999046325684,2.5999999046325684,111,0.0,0.0
2024-09-25 14:20:00-04:00,2.5999999046325684,2.609999895095825,2.5999999046325684,2.609999895095825,218,0.0,0.0
2024-09-25 14:30:00-04:00,2.609999895095825,2.609999895095825,2.6050000190734863,2.609999895095825,3288,0.0,0.0
2024-09-25 14:35:00-04:00,2.609100103378296,2.630000114440918,2.6050000190734863,2.619999885559082,4608,0.0,0.0
2024-09-25 15:00:00-04:00,2.619999885559082,2.619999885559082,2.619999885559082,2.619999885559082,1013,0.0,0.0
2024-09-25 15:10:00-04:00,2.609999895095825,2.609999895095825,2.609999895095825,2.609999895095825,120,0.0,0.0
2024-09-25 15:15:00-04:00,2.609999895095825,2.619999885559082,2.609999895095825,2.619999885559082,925,0.0,0.0
2024-09-25 15:20:00-04:00,2.6050000190734863,2.6050000190734863,2.6050000190734863,2.6050000190734863,611,0.0,0.0
2024-09-25 15:25:00-04:00,2.6050000190734863,2.609999895095825,2.6050000190734863,2.6050000190734863,821,0.0,0.0
2024-09-25 15:30:00-04:00,2.6050000190734863,2.609999895095825,2.5999999046325684,2.609999895095825,13538,0.0,0.0
2024-09-25 15:35:00-04:00,2.5999999046325684,2.609999895095825,2.5999999046325684,2.5999999046325684,11022,0.0,0.0
2024-09-25 15:40:00-04:00,2.5999999046325684,2.6050000190734863,2.5999999046325684,2.6050000190734863,3919,0.0,0.0
2024-09-25 15:45:00-04:00,2.5999999046325684,2.6075000762939453,2.5899999141693115,2.5999999046325684,14550,0.0,0.0
2024-09-25 15:50:00-04:00,2.5999999046325684,2.5999999046325684,2.5950000286102295,2.5999999046325684,12921,0.0,0.0
2024-09-25 15:55:00-04:00,2.5950000286102295,2.5999999046325684,2.5899999141693115,2.5899999141693115,4307,0.0,0.0
2024-09-26 09:30:00-04:00,2.630000114440918,2.630000114440918,2.559999942779541,2.559999942779541,1414,0.0,0.0
2024-09-26 09:40:00-04:00,2.5799999237060547,2.5799999237060547,2.5799999237060547,2.5799999237060547,200,0.0,0.0
2024-09-26 09:45:00-04:00,2.619999885559082,2.619999885559082,2.5929999351501465,2.5929999351501465,239,0.0,0.0
2024-09-26 09:50:00-04:00,2.5899999141693115,2.5899999141693115,2.5899999141693115,2.5899999141693115,4458,0.0,0.0
2024-09-26 10:30:00-04:00,2.5199999809265137,2.5199999809265137,2.5199999809265137,2.5199999809265137,1473,0.0,0.0
2024-09-26 10:35:00-04:00,2.5399999618530273,2.559999942779541,2.5250000953674316,2.549999952316284,10861,0.0,0.0
2024-09-26 10:40:00-04:00,2.549999952316284,2.549999952316284,2.549999952316284,2.549999952316284,400,0.0,0.0
2024-09-26 10:50:00-04:00,2.549999952316284,2.559999942779541,2.549999952316284,2.549999952316284,2976,0.0,0.0
2024-09-26 10:55:00-04:00,2.549999952316284,2.555000066757202,2.549999952316284,2.549999952316284,821,0.0,0.0
2024-09-26 11:05:00-04:00,2.555000066757202,2.555000066757202,2.555000066757202,2.555000066757202,625,0.0,0.0
2024-09-26 11:10:00-04:00,2.555000066757202,2.555000066757202,2.555000066757202,2.555000066757202,275,0.0,0.0
2024-09-26 11:15:00-04:00,2.555000066757202,2.555000066757202,2.555000066757202,2.555000066757202,398,0.0,0.0
2024-09-26 11:25:00-04:00,2.549999952316284,2.549999952316284,2.549999952316284,2.549999952316284,300,0.0,0.0
2024-09-26 11:30:00-04:00,2.555000066757202,2.559999942779541,2.555000066757202,2.559999942779541,167,0.0,0.0
2024-09-26 11:35:00-04:00,2.556999921798706,2.569999933242798,2.549999952316284,2.559999942779541,2622,0.0,0.0
2024-09-26 11:40:00-04:00,2.565000057220459,2.565000057220459,2.565000057220459,2.565000057220459,205,0.0,0.0
2024-09-26 11:45:00-04:00,2.569999933242798,2.5799999237060547,2.569999933242798,2.569999933242798,856,0.0,0.0
2024-09-26 11:50:00-04:00,2.5899999141693115,2.5899999141693115,2.5799999237060547,2.5899999141693115,846,0.0,0.0
2024-09-26 11:55:00-04:00,2.5799999237060547,2.5799999237060547,2.5799999237060547,2.5799999237060547,388,0.0,0.0
2024-09-26 12:05:00-04:00,2.569999933242798,2.5799999237060547,2.569999933242798,2.5799999237060547,2547,0.0,0.0
2024-09-26 12:15:00-04:00,2.5799999237060547,2.5799999237060547,2.5799999237060547,2.5799999237060547,413,0.0,0.0
2024-09-26 12:25:00-04:00,2.5799999237060547,2.5799999237060547,2.5799999237060547,2.5799999237060547,146,0.0,0.0
2024-09-26 12:30:00-04:00,2.5799999237060547,2.5899999141693115,2.5799999237060547,2.5799999237060547,897,0.0,0.0
2024-09-26 12:40:00-04:00,2.5799999237060547,2.609999895095825,2.5799999237060547,2.609999895095825,7469,0.0,0.0
2024-09-26 12:45:00-04:00,2.6050000190734863,2.609999895095825,2.6050000190734863,2.6050000190734863,692,0.0,0.0
2024-09-26 13:10:00-04:00,2.5999999046325684,2.5999999046325684,2.5999999046325684,2.5999999046325684,467,0.0,0.0
2024-09-26 13:15:00-04:00,2.609999895095825,2.609999895095825,2.5950000286102295,2.5950000286102295,538,0.0,0.0
2024-09-26 13:25:00-04:00,2.5799999237060547,2.5799999237060547,2.5799999237060547,2.5799999237060547,103,0.0,0.0
2024-09-26 13:40:00-04:00,2.5899999141693115,2.5899999141693115,2.5899999141693115,2.5899999141693115,1023,0.0,0.0
2024-09-26 14:10:00-04:00,2.5799999237060547,2.5808000564575195,2.559999942779541,2.569999933242798,8315,0.0,0.0
2024-09-26 14:20:00-04:00,2.559999942779541,2.559999942779541,2.559999942779541,2.559999942779541,500,0.0,0.0
2024-09-26 14:30:00-04:00,2.557499885559082,2.559999942779541,2.555000066757202,2.555000066757202,1062,0.0,0.0
2024-09-26 14:35:00-04:00,2.555000066757202,2.555000066757202,2.555000066757202,2.555000066757202,300,0.0,0.0
2024-09-26 14:40:00-04:00,2.549999952316284,2.559999942779541,2.549999952316284,2.559999942779541,200,0.0,0.0
2024-09-26 14:45:00-04:00,2.555000066757202,2.555000066757202,2.555000066757202,2.555000066757202,647,0.0,0.0
2024-09-26 14:50:00-04:00,2.559999942779541,2.569999933242798,2.559999942779541,2.565000057220459,1159,0.0,0.0
2024-09-26 15:05:00-04:00,2.569999933242798,2.569999933242798,2.559999942779541,2.559999942779541,538,0.0,0.0
2024-09-26 15:10:00-04:00,2.559999942779541,2.569999933242798,2.559999942779541,2.559999942779541,962,0.0,0.0
2024-09-26 15:25:00-04:00,2.559999942779541,2.559999942779541,2.559999942779541,2.559999942779541,522,0.0,0.0
2024-09-26 15:30:00-04:00,2.559999942779541,2.569999933242798,2.559999942779541,2.569999933242798,484,0.0,0.0
2024-09-26 15:35:00-04:00,2.549999952316284,2.549999952316284,2.549999952316284,2.549999952316284,546,0.0,0.0
2024-09-26 15:40:00-04:00,2.555000066757202,2.559999942779541,2.555000066757202,2.555000066757202,602,0.0,0.0
2024-09-26 15:45:00-04:00,2.555000066757202,2.559999942779541,2.555000066757202,2.555000066757202,1200,0.0,0.0
2024-09-26 15:50:00-04:00,2.555000066757202,2.559999942779541,2.555000066757202,2.555000066757202,738,0.0,0.0
2024-09-26 15:55:00-04:00,2.555000066757202,2.559999942779541,2.5399999618530273,2.5399999618530273,5294,0.0,0.0
2024-09-27 09:30:00-04:00,2.5799999237060547,2.5799999237060547,2.5799999237060547,2.5799999237060547,1443,0.0,0.0
2024-09-27 09:50:00-04:00,2.5850000381469727,2.5850000381469727,2.5850000381469727,2.5850000381469727,810,0.0,0.0
2024-09-27 10:00:00-04:00,2.5799999237060547,2.5799999237060547,2.5799999237060547,2.5799999237060547,940,0.0,0.0
2024-09-27 10:20:00-04:00,2.5799999237060547,2.5899999141693115,2.5799999237060547,2.5799999237060547,661,0.0,0.0
2024-09-27 10:40:00-04:00,2.5899999141693115,2.5899999141693115,2.569999933242798,2.569999933242798,1387,0.0,0.0
2024-09-27 10:55:00-04:00,2.5399999618530273,2.5399999618530273,2.5199999809265137,2.530100107192993,2576,0.0,0.0
2024-09-27 11:05:00-04:00,2.5299999713897705,2.630000114440918,2.5299999713897705,2.549999952316284,15254,0.0,0.0
2024-09-27 11:10:00-04:00,2.565000057220459,2.565000057220459,2.565000057220459,2.565000057220459,175,0.0,0.0
2024-09-27 11:15:00-04:00,2.578000068664551,2.5799999237060547,2.559999942779541,2.559999942779541,2500,0.0,0.0
2024-09-27 11:20:00-04:00,2.5703001022338867,2.5799999237060547,2.5703001022338867,2.5799999237060547,629,0.0,0.0
2024-09-27 11:35:00-04:00,2.5799999237060547,2.5899999141693115,2.559999942779541,2.559999942779541,1626,0.0,0.0
2024-09-27 11:40:00-04:00,2.5799999237060547,2.5999999046325684,2.569999933242798,2.5799999237060547,1586,0.0,0.0
2024-09-27 11:45:00-04:00,2.5850000381469727,2.5999999046325684,2.5799999237060547,2.5899999141693115,2078,0.0,0.0
2024-09-27 11:50:00-04:00,2.5799999237060547,2.5799999237060547,2.5799999237060547,2.5799999237060547,1002,0.0,0.0
2024-09-27 11:55:00-04:00,2.5799999237060547,2.5899999141693115,2.5799999237060547,2.5799999237060547,2428,0.0,0.0
2024-09-27 12:00:00-04:00,2.5850000381469727,2.5899999141693115,2.5850000381469727,2.5850000381469727,713,0.0,0.0
2024-09-27 12:05:00-04:00,2.5799999237060547,2.5799999237060547,2.5799999237060547,2.5799999237060547,0,0.0,0.0
2024-09-27 12:10:00-04:00,2.5899999141693115,2.5999999046325684,2.5799999237060547,2.5899999141693115,4291,0.0,0.0
2024-09-27 12:25:00-04:00,2.5799999237060547,2.5799999237060547,2.5799999237060547,2.5799999237060547,200,0.0,0.0
2024-09-27 12:30:00-04:00,2.589200019836426,2.5999999046325684,2.5799999237060547,2.5975000858306885,5607,0.0,0.0
2024-09-27 12:35:00-04:00,2.5899999141693115,2.5999999046325684,2.5899999141693115,2.5999999046325684,3275,0.0,0.0
2024-09-27 12:40:00-04:00,2.5799999237060547,2.5899999141693115,2.5799999237060547,2.5899999141693115,311,0.0,0.0
2024-09-27 13:00:00-04:00,2.5799999237060547,2.5799999237060547,2.5799999237060547,2.5799999237060547,100,0.0,0.0
2024-09-27 13:10:00-04:00,2.5799999237060547,2.5799999237060547,2.5799999237060547,2.5799999237060547,600,0.0,0.0
2024-09-27 13:15:00-04:00,2.5799999237060547,2.5799999237060547,2.5799999237060547,2.5799999237060547,0,0.0,0.0
2024-09-27 13:20:00-04:00,2.5899999141693115,2.5999999046325684,2.5899999141693115,2.5999999046325684,118,0.0,0.0
2024-09-27 13:40:00-04:00,2.5899999141693115,2.5999999046325684,2.5799999237060547,2.5899999141693115,2729,0.0,0.0
2024-09-27 13:45:00-04:00,2.5899999141693115,2.5999999046325684,2.5899999141693115,2.5899999141693115,1113,0.0,0.0
2024-09-27 13:50:00-04:00,2.5899999141693115,2.5899999141693115,2.5899999141693115,2.5899999141693115,104,0.0,0.0
2024-09-27 14:25:00-04:00,2.5799999237060547,2.5899999141693115,2.569999933242798,2.5799999237060547,4998,0.0,0.0
2024-09-27 14:30:00-04:00,2.569999933242798,2.569999933242798,2.569999933242798,2.569999933242798,600,0.0,0.0
2024-09-27 14:40:00-04:00,2.569999933242798,2.569999933242798,2.569999933242798,2.569999933242798,222,0.0,0.0
2024-09-27 14:45:00-04:00,2.579900026321411,2.5799999237060547,2.579900026321411,2.5799999237060547,3751,0.0,0.0
2024-09-27 14:55:00-04:00,2.5799999237060547,2.5799999237060547,2.5799999237060547,2.5799999237060547,200,0.0,0.0
2024-09-27 15:00:00-04:00,2.559999942779541,2.5799999237060547,2.559999942779541,2.5799999237060547,1851,0.0,0.0
2024-09-27 15:05:00-04:00,2.569999933242798,2.5799999237060547,2.569999933242798,2.5799999237060547,200,0.0,0.0
2024-09-27 15:10:00-04:00,2.559999942779541,2.559999942779541,2.559999942779541,2.559999942779541,127,0.0,0.0
2024-09-27 15:25:00-04:00,2.569999933242798,2.569999933242798,2.569999933242798,2.569999933242798,200,0.0,0.0
2024-09-27 15:35:00-04:00,2.559999942779541,2.559999942779541,2.559999942779541,2.559999942779541,1,0.0,0.0
2024-09-27 15:40:00-04:00,2.559999942779541,2.559999942779541,2.559999942779541,2.559999942779541,288,0.0,0.0
2024-09-27 15:45:00-04:00,2.569999933242798,2.569999933242798,2.559999942779541,2.559999942779541,531,0.0,0.0
2024-09-27 15:50:00-04:00,2.559999942779541,2.5799999237060547,2.559999942779541,2.5799999237060547,542,0.0,0.0
2024-09-27 15:55:00-04:00,2.559999942779541,2.559999942779541,2.549999952316284,2.549999952316284,3672,0.0,0.0
2024-09-30 09:30:00-04:00,2.5399999618530273,2.5399999618530273,2.5399999618530273,2.5399999618530273,1885,0.0,0.0
2024-09-30 09:45:00-04:00,2.5250000953674316,2.5250000953674316,2.5250000953674316,2.5250000953674316,688,0.0,0.0
2024-09-30 10:05:00-04:00,2.526599884033203,2.526599884033203,2.5250000953674316,2.5250000953674316,1306,0.0,0.0
2024-09-30 10:10:00-04:00,2.5292999744415283,2.5399999618530273,2.490000009536743,2.490000009536743,5069,0.0,0.0
2024-09-30 10:25:00-04:00,2.480799913406372,2.480799913406372,2.4600000381469727,2.4600000381469727,3394,0.0,0.0
2024-09-30 10:30:00-04:00,2.4649999141693115,2.490000009536743,2.4649999141693115,2.490000009536743,747,0.0,0.0
2024-09-30 10:45:00-04:00,2.5,2.5,2.5,2.5,245,0.0,0.0
2024-09-30 10:55:00-04:00,2.4800000190734863,2.4800000190734863,2.4800000190734863,2.4800000190734863,128,0.0,0.0
2024-09-30 11:10:00-04:00,2.490000009536743,2.490000009536743,2.490000009536743,2.490000009536743,219,0.0,0.0
2024-09-30 11:15:00-04:00,2.4749999046325684,2.4749999046325684,2.4749999046325684,2.4749999046325684,300,0.0,0.0
2024-09-30 11:30:00-04:00,2.4749999046325684,2.4749999046325684,2.4749999046325684,2.4749999046325684,292,0.0,0.0
2024-09-30 11:55:00-04:00,2.4800000190734863,2.4800000190734863,2.4800000190734863,2.4800000190734863,1648,0.0,0.0
2024-09-30 12:15:00-04:00,2.4800000190734863,2.5,2.4800000190734863,2.5,1191,0.0,0.0
2024-09-30 12:20:00-04:00,2.490000009536743,2.5,2.490000009536743,2.5,2542,0.0,0.0
2024-09-30 12:25:00-04:00,2.5,2.5,2.5,2.5,931,0.0,0.0
2024-09-30 12:45:00-04:00,2.5,2.5,2.494999885559082,2.494999885559082,1519,0.0,0.0
2024-09-30 12:50:00-04:00,2.494999885559082,2.5,2.494999885559082,2.5,710,0.0,0.0
2024-09-30 13:00:00-04:00,2.497499942779541,2.497499942779541,2.497499942779541,2.497499942779541,284,0.0,0.0
2024-09-30 13:10:00-04:00,2.5,2.509999990463257,2.5,2.509999990463257,832,0.0,0.0
2024-09-30 13:15:00-04:00,2.505000114440918,2.505000114440918,2.505000114440918,2.505000114440918,240,0.0,0.0
2024-09-30 13:20:00-04:00,2.505000114440918,2.5199999809265137,2.505000114440918,2.5199999809265137,600,0.0,0.0
2024-09-30 13:30:00-04:00,2.5199999809265137,2.5199999809265137,2.515000104904175,2.515000104904175,660,0.0,0.0
2024-09-30 13:45:00-04:00,2.5199999809265137,2.5199999809265137,2.515000104904175,2.515000104904175,1280,0.0,0.0
2024-09-30 13:50:00-04:00,2.5199999809265137,2.5199999809265137,2.5199999809265137,2.5199999809265137,602,0.0,0.0
2024-09-30 13:55:00-04:00,2.5199999809265137,2.5299999713897705,2.515000104904175,2.5199999809265137,1891,0.0,0.0
2024-09-30 14:05:00-04:00,2.5199999809265137,2.5299999713897705,2.515000104904175,2.515000104904175,4192,0.0,0.0
2024-09-30 14:15:00-04:00,2.509999990463257,2.515000104904175,2.505000114440918,2.505000114440918,1269,0.0,0.0
2024-09-30 14:20:00-04:00,2.505000114440918,2.505000114440918,2.505000114440918,2.505000114440918,100,0.0,0.0
2024-09-30 14:25:00-04:00,2.505000114440918,2.505000114440918,2.505000114440918,2.505000114440918,654,0.0,0.0
2024-09-30 14:30:00-04:00,2.5,2.5,2.4800000190734863,2.484999895095825,4122,0.0,0.0
2024-09-30 14:40:00-04:00,2.5,2.5,2.5,2.5,2300,0.0,0.0
2024-09-30 14:50:00-04:00,2.490000009536743,2.490000009536743,2.490000009536743,2.490000009536743,792,0.0,0.0
2024-09-30 15:00:00-04:00,2.484999895095825,2.484999895095825,2.4814999103546143,2.4814999103546143,975,0.0,0.0
2024-09-30 15:05:00-04:00,2.4800000190734863,2.4800000190734863,2.4800000190734863,2.4800000190734863,539,0.0,0.0
2024-09-30 15:10:00-04:00,2.4800000190734863,2.4800000190734863,2.450000047683716,2.450000047683716,3288,0.0,0.0
2024-09-30 15:15:00-04:00,2.450000047683716,2.450000047683716,2.450000047683716,2.450000047683716,119,0.0,0.0
2024-09-30 15:30:00-04:00,2.450000047683716,2.4600000381469727,2.450000047683716,2.4600000381469727,1823,0.0,0.0
2024-09-30 15:35:00-04:00,2.4600000381469727,2.4600000381469727,2.4600000381469727,2.4600000381469727,384,0.0,0.0
2024-09-30 15:40:00-04:00,2.4600000381469727,2.4600000381469727,2.4600000381469727,2.4600000381469727,126,0.0,0.0
2024-09-30 15:45:00-04:00,2.4600000381469727,2.4600000381469727,2.4600000381469727,2.4600000381469727,610,0.0,0.0
2024-09-30 15:50:00-04:00,2.4700000286102295,2.490000009536743,2.4700000286102295,2.4800000190734863,2110,0.0,0.0
2024-09-30 15:55:00-04:00,2.490000009536743,2.490000009536743,2.4800000190734863,2.4800000190734863,972,0.0,0.0
2024-10-01 09:30:00-04:00,2.4800000190734863,2.4800000190734863,2.4800000190734863,2.4800000190734863,329,0.0,0.0
2024-10-01 09:45:00-04:00,2.4549999237060547,2.4800000190734863,2.4549999237060547,2.4800000190734863,1479,0.0,0.0
2024-10-01 09:50:00-04:00,2.4549999237060547,2.4549999237060547,2.4549999237060547,2.4549999237060547,930,0.0,0.0
2024-10-01 09:55:00-04:00,2.4800000190734863,2.4800000190734863,2.4549999237060547,2.4549999237060547,721,0.0,0.0
2024-10-01 10:00:00-04:00,2.450000047683716,2.450000047683716,2.450000047683716,2.450000047683716,219,0.0,0.0
2024-10-01 10:10:00-04:00,2.4600000381469727,2.4600000381469727,2.4600000381469727,2.4600000381469727,155,0.0,0.0
2024-10-01 10:40:00-04:00,2.4100000858306885,2.4100000858306885,2.4100000858306885,2.4100000858306885,863,0.0,0.0
2024-10-01 10:50:00-04:00,2.4065001010894775,2.4200000762939453,2.3499999046325684,2.369999885559082,15008,0.0,0.0
2024-10-01 10:55:00-04:00,2.380000114440918,2.390000104904175,2.380000114440918,2.390000104904175,3035,0.0,0.0
2024-10-01 11:00:00-04:00,2.384999990463257,2.384999990463257,2.380000114440918,2.380000114440918,3836,0.0,0.0
2024-10-01 11:05:00-04:00,2.380000114440918,2.390000104904175,2.380000114440918,2.380000114440918,473,0.0,0.0
2024-10-01 11:10:00-04:00,2.380000114440918,2.380000114440918,2.380000114440918,2.380000114440918,255,0.0,0.0
2024-10-01 11:15:00-04:00,2.380000114440918,2.380000114440918,2.380000114440918,2.380000114440918,252,0.0,0.0
2024-10-01 11:30:00-04:00,2.390000104904175,2.390000104904175,2.384999990463257,2.390000104904175,2336,0.0,0.0
2024-10-01 11:35:00-04:00,2.4000000953674316,2.4000000953674316,2.4000000953674316,2.4000000953674316,286,0.0,0.0
2024-10-01 11:45:00-04:00,2.390000104904175,2.390000104904175,2.390000104904175,2.390000104904175,112,0.0,0.0
2024-10-01 11:50:00-04:00,2.390000104904175,2.390000104904175,2.3840999603271484,2.3840999603271484,208,0.0,0.0
2024-10-01 12:00:00-04:00,2.390000104904175,2.4000000953674316,2.390000104904175,2.390000104904175,2034,0.0,0.0
2024-10-01 12:05:00-04:00,2.390000104904175,2.390000104904175,2.390000104904175,2.390000104904175,432,0.0,0.0
2024-10-01 12:15:00-04:00,2.4000000953674316,2.4000000953674316,2.4000000953674316,2.4000000953674316,1006,0.0,0.0
2024-10-01 12:45:00-04:00,2.390000104904175,2.4000000953674316,2.390000104904175,2.4000000953674316,416,0.0,0.0
2024-10-01 12:50:00-04:00,2.390000104904175,2.390000104904175,2.380000114440918,2.380000114440918,543,0.0,0.0
2024-10-01 12:55:00-04:00,2.380000114440918,2.380000114440918,2.380000114440918,2.380000114440918,181,0.0,0.0
2024-10-01 13:00:00-04:00,2.369999885559082,2.369999885559082,2.3399999141693115,2.3399999141693115,2722,0.0,0.0
2024-10-01 13:05:00-04:00,2.3299999237060547,2.359999895095825,2.3299999237060547,2.359999895095825,3256,0.0,0.0
2024-10-01 13:25:00-04:00,2.3499999046325684,2.359999895095825,2.3499999046325684,2.3499999046325684,2290,0.0,0.0
2024-10-01 13:35:00-04:00,2.3499999046325684,2.3499999046325684,2.3499999046325684,2.3499999046325684,200,0.0,0.0
2024-10-01 13:45:00-04:00,2.3499999046325684,2.359999895095825,2.3499999046325684,2.359999895095825,400,0.0,0.0
2024-10-01 14:00:00-04:00,2.3420000076293945,2.359999895095825,2.3399999141693115,2.3399999141693115,5227,0.0,0.0
2024-10-01 14:05:00-04:00,2.3399999141693115,2.3499999046325684,2.3399999141693115,2.3499999046325684,4473,0.0,0.0
2024-10-01 14:10:00-04:00,2.3499999046325684,2.3499999046325684,2.3499999046325684,2.3499999046325684,200,0.0,0.0
2024-10-01 14:15:00-04:00,2.3499999046325684,2.359999895095825,2.3499999046325684,2.3499999046325684,1768,0.0,0.0
2024-10-01 14:20:00-04:00,2.3580000400543213,2.3580000400543213,2.3499999046325684,2.3499999046325684,472,0.0,0.0
2024-10-01 14:25:00-04:00,2.3499999046325684,2.359999895095825,2.3499999046325684,2.3499999046325684,520,0.0,0.0
2024-10-01 14:30:00-04:00,2.3499999046325684,2.375,2.3499999046325684,2.375,1024,0.0,0.0
2024-10-01 14:35:00-04:00,2.369999885559082,2.369999885559082,2.369999885559082,2.369999885559082,486,0.0,0.0
2024-10-01 14:40:00-04:00,2.365000009536743,2.365000009536743,2.365000009536743,2.365000009536743,200,0.0,0.0
2024-10-01 14:45:00-04:00,2.365000009536743,2.369999885559082,2.365000009536743,2.369999885559082,108,0.0,0.0
2024-10-01 14:50:00-04:00,2.359999895095825,2.359999895095825,2.3499999046325684,2.3499999046325684,885,0.0,0.0
2024-10-01 14:55:00-04:00,2.3499999046325684,2.359999895095825,2.3499999046325684,2.3499999046325684,6628,0.0,0.0
2024-10-01 15:00:00-04:00,2.3499999046325684,2.359999895095825,2.3450000286102295,2.3499999046325684,10890,0.0,0.0
2024-10-01 15:05:00-04:00,2.3450000286102295,2.3499999046325684,2.3450000286102295,2.3450000286102295,818,0.0,0.0
2024-10-01 15:10:00-04:00,2.3399999141693115,2.3450000286102295,2.3399999141693115,2.3450000286102295,280,0.0,0.0
2024-10-01 15:15:00-04:00,2.3450000286102295,2.3499999046325684,2.3399999141693115,2.3450000286102295,1018,0.0,0.0
2024-10-01 15:20:00-04:00,2.3350000381469727,2.3399999141693115,2.3350000381469727,2.3350000381469727,1241,0.0,0.0
2024-10-01 15:25:00-04:00,2.3350000381469727,2.3499999046325684,2.3350000381469727,2.3499999046325684,3532,0.0,0.0
2024-10-01 15:30:00-04:00,2.3399999141693115,2.3399999141693115,2.3399999141693115,2.3399999141693115,591,0.0,0.0
2024-10-01 15:35:00-04:00,2.3399999141693115,2.3499999046325684,2.3399999141693115,2.3399999141693115,599,0.0,0.0
2024-10-01 15:40:00-04:00,2.3399999141693115,2.3399999141693115,2.3399999141693115,2.3399999141693115,500,0.0,0.0
2024-10-01 15:45:00-04:00,2.3399999141693115,2.3499999046325684,2.3399999141693115,2.3499999046325684,5876,0.0,0.0
2024-10-01 15:50:00-04:00,2.3399999141693115,2.3499999046325684,2.3399999141693115,2.3499999046325684,2796,0.0,0.0
2024-10-01 15:55:00-04:00,2.3499999046325684,2.359999895095825,2.3499999046325684,2.359999895095825,2730,0.0,0.0
2024-10-02 09:30:00-04:00,2.3499999046325684,2.3499999046325684,2.3499999046325684,2.3499999046325684,1512,0.0,0.0
2024-10-02 09:45:00-04:00,2.3399999141693115,2.390000104904175,2.3399999141693115,2.390000104904175,10612,0.0,0.0
2024-10-02 09:50:00-04:00,2.380000114440918,2.380000114440918,2.369999885559082,2.380000114440918,0,0.0,0.0
2024-10-02 10:15:00-04:00,2.397599935531616,2.4000000953674316,2.397599935531616,2.4000000953674316,14647,0.0,0.0
2024-10-02 10:25:00-04:00,2.440000057220459,2.440000057220459,2.440000057220459,2.440000057220459,2304,0.0,0.0
2024-10-02 10:30:00-04:00,2.450000047683716,2.4600000381469727,2.450000047683716,2.450000047683716,9562,0.0,0.0
2024-10-02 10:35:00-04:00,2.440000057220459,2.440000057220459,2.440000057220459,2.440000057220459,1000,0.0,0.0
2024-10-02 10:40:00-04:00,2.450000047683716,2.4800000190734863,2.450000047683716,2.4800000190734863,1493,0.0,0.0
2024-10-02 10:45:00-04:00,2.4800000190734863,2.4800000190734863,2.4749999046325684,2.4749999046325684,254,0.0,0.0
2024-10-02 10:55:00-04:00,2.4700000286102295,2.4700000286102295,2.440000057220459,2.4456000328063965,7275,0.0,0.0
2024-10-02 11:00:00-04:00,2.440000057220459,2.440000057220459,2.4200000762939453,2.4200000762939453,1176,0.0,0.0
2024-10-02 11:30:00-04:00,2.430000066757202,2.430000066757202,2.430000066757202,2.430000066757202,112,0.0,0.0
2024-10-02 11:35:00-04:00,2.430000066757202,2.430000066757202,2.430000066757202,2.430000066757202,326,0.0,0.0
2024-10-02 11:45:00-04:00,2.440000057220459,2.440000057220459,2.440000057220459,2.440000057220459,213,0.0,0.0
2024-10-02 12:05:00-04:00,2.430000066757202,2.450000047683716,2.430000066757202,2.440000057220459,5883,0.0,0.0
2024-10-02 12:10:00-04:00,2.450000047683716,2.450000047683716,2.450000047683716,2.450000047683716,200,0.0,0.0
2024-10-02 12:15:00-04:00,2.440000057220459,2.4600000381469727,2.440000057220459,2.4600000381469727,1266,0.0,0.0
2024-10-02 12:25:00-04:00,2.4519999027252197,2.4519999027252197,2.4519999027252197,2.4519999027252197,233,0.0,0.0
2024-10-02 12:35:00-04:00,2.4600000381469727,2.4600000381469727,2.4600000381469727,2.4600000381469727,316,0.0,0.0
2024-10-02 12:50:00-04:00,2.4549999237060547,2.4549999237060547,2.4549999237060547,2.4549999237060547,118,0.0,0.0
2024-10-02 12:55:00-04:00,2.450000047683716,2.450000047683716,2.450000047683716,2.450000047683716,243,0.0,0.0
2024-10-02 13:00:00-04:00,2.4509999752044678,2.4600000381469727,2.4509999752044678,2.4600000381469727,406,0.0,0.0
2024-10-02 13:15:00-04:00,2.4549999237060547,2.4549999237060547,2.4549999237060547,2.4549999237060547,237,0.0,0.0
2024-10-02 13:20:00-04:00,2.4600000381469727,2.4600000381469727,2.4600000381469727,2.4600000381469727,203,0.0,0.0
2024-10-02 13:30:00-04:00,2.4600000381469727,2.4600000381469727,2.4600000381469727,2.4600000381469727,146,0.0,0.0
2024-10-02 13:35:00-04:00,2.4600000381469727,2.4600000381469727,2.459700107574463,2.459700107574463,448,0.0,0.0
2024-10-02 13:40:00-04:00,2.4600000381469727,2.4600000381469727,2.4600000381469727,2.4600000381469727,690,0.0,0.0
2024-10-02 13:50:00-04:00,2.4700000286102295,2.4700000286102295,2.4700000286102295,2.4700000286102295,2009,0.0,0.0
2024-10-02 13:55:00-04:00,2.5,2.5399999618530273,2.5,2.5399999618530273,5735,0.0,0.0
2024-10-02 14:15:00-04:00,2.5399999618530273,2.5399999618530273,2.5399999618530273,2.5399999618530273,209,0.0,0.0
2024-10-02 14:25:00-04:00,2.5199999809265137,2.5201001167297363,2.5199999809265137,2.5201001167297363,3724,0.0,0.0
2024-10-02 14:30:00-04:00,2.5299999713897705,2.5399999618530273,2.5299999713897705,2.5399999618530273,731,0.0,0.0
2024-10-02 14:35:00-04:00,2.5199999809265137,2.5299999713897705,2.509999990463257,2.5199999809265137,1348,0.0,0.0
2024-10-02 14:40:00-04:00,2.509999990463257,2.509999990463257,2.509999990463257,2.509999990463257,958,0.0,0.0
2024-10-02 14:45:00-04:00,2.5199999809265137,2.5299999713897705,2.5199999809265137,2.5299999713897705,2620,0.0,0.0
2024-10-02 14:55:00-04:00,2.5399999618530273,2.5399999618530273,2.5399999618530273,2.5399999618530273,235,0.0,0.0
2024-10-02 15:00:00-04:00,2.5299999713897705,2.5399999618530273,2.5299999713897705,2.5399999618530273,566,0.0,0.0
2024-10-02 15:05:00-04:00,2.549999952316284,2.549999952316284,2.5299999713897705,2.5299999713897705,7582,0.0,0.0
2024-10-02 15:10:00-04:00,2.5299999713897705,2.5299999713897705,2.5299999713897705,2.5299999713897705,286,0.0,0.0
2024-10-02 15:15:00-04:00,2.5199999809265137,2.5199999809265137,2.5,2.5,1467,0.0,0.0
2024-10-02 15:20:00-04:00,2.505000114440918,2.505000114440918,2.500200033187866,2.500200033187866,1712,0.0,0.0
2024-10-02 15:25:00-04:00,2.509999990463257,2.5399999618530273,2.509999990463257,2.5399999618530273,1488,0.0,0.0
2024-10-02 15:35:00-04:00,2.5380001068115234,2.5399999618530273,2.5380001068115234,2.5399999618530273,1277,0.0,0.0
2024-10-02 15:40:00-04:00,2.559999942779541,2.569999933242798,2.559999942779541,2.569999933242798,1669,0.0,0.0
2024-10-02 15:45:00-04:00,2.5799999237060547,2.5899999141693115,2.5782999992370605,2.5899999141693115,1447,0.0,0.0
2024-10-02 15:50:00-04:00,2.5899999141693115,2.5899999141693115,2.5899999141693115,2.5899999141693115,776,0.0,0.0
2024-10-02 15:55:00-04:00,2.5899999141693115,2.5899999141693115,2.5799999237060547,2.5799999237060547,2732,0.0,0.0
2024-10-03 09:30:00-04:00,2.5999999046325684,2.6500000953674316,2.5850000381469727,2.640000104904175,26047,0.0,0.0
2024-10-03 09:35:00-04:00,2.640000104904175,2.700000047683716,2.625,2.700000047683716,9268,0.0,0.0
2024-10-03 09:40:00-04:00,2.7300000190734863,2.75,2.666800022125244,2.6798999309539795,18374,0.0,0.0
2024-10-03 09:50:00-04:00,2.6500000953674316,2.690000057220459,2.6500000953674316,2.690000057220459,3482,0.0,0.0
2024-10-03 10:05:00-04:00,2.699899911880493,2.699899911880493,2.699899911880493,2.699899911880493,355,0.0,0.0
2024-10-03 10:15:00-04:00,2.700000047683716,2.700000047683716,2.700000047683716,2.700000047683716,1399,0.0,0.0
2024-10-03 10:20:00-04:00,2.700000047683716,2.700000047683716,2.700000047683716,2.700000047683716,671,0.0,0.0
2024-10-03 10:45:00-04:00,2.6898000240325928,2.6898000240325928,2.6898000240325928,2.6898000240325928,600,0.0,0.0
2024-10-03 10:50:00-04:00,2.690000057220459,2.690000057220459,2.6898999214172363,2.6898999214172363,524,0.0,0.0
2024-10-03 11:05:00-04:00,2.680000066757202,2.680000066757202,2.680000066757202,2.680000066757202,600,0.0,0.0
2024-10-03 11:15:00-04:00,2.690000057220459,2.690000057220459,2.680000066757202,2.690000057220459,3135,0.0,0.0
2024-10-03 11:20:00-04:00,2.690000057220459,2.690000057220459,2.690000057220459,2.690000057220459,1557,0.0,0.0
2024-10-03 11:50:00-04:00,2.671999931335449,2.671999931335449,2.671999931335449,2.671999931335449,130,0.0,0.0
2024-10-03 11:55:00-04:00,2.680000066757202,2.680000066757202,2.680000066757202,2.680000066757202,200,0.0,0.0
2024-10-03 12:05:00-04:00,2.680000066757202,2.680000066757202,2.674999952316284,2.674999952316284,460,0.0,0.0
2024-10-03 12:10:00-04:00,2.680000066757202,2.700000047683716,2.6700000762939453,2.694999933242798,10629,0.0,0.0
2024-10-03 12:15:00-04:00,2.700000047683716,2.759999990463257,2.700000047683716,2.759999990463257,12920,0.0,0.0
2024-10-03 12:20:00-04:00,2.75,2.765000104904175,2.75,2.759999990463257,6521,0.0,0.0
2024-10-03 12:25:00-04:00,2.7850000858306885,2.7850000858306885,2.7799999713897705,2.7799999713897705,1151,0.0,0.0
2024-10-03 12:30:00-04:00,2.7899999618530273,2.7899999618530273,2.7799999713897705,2.7867000102996826,2954,0.0,0.0
2024-10-03 12:40:00-04:00,2.789900064468384,2.789900064468384,2.7799999713897705,2.7850000858306885,1395,0.0,0.0
2024-10-03 12:45:00-04:00,2.7799999713897705,2.799999952316284,2.7799999713897705,2.799999952316284,6193,0.0,0.0
2024-10-03 12:50:00-04:00,2.819999933242798,2.819999933242798,2.819999933242798,2.819999933242798,351,0.0,0.0
2024-10-03 12:55:00-04:00,2.817500114440918,2.817500114440918,2.817500114440918,2.817500114440918,583,0.0,0.0
2024-10-03 13:05:00-04:00,2.825000047683716,2.8499999046325684,2.7799999713897705,2.7799999713897705,32928,0.0,0.0
2024-10-03 13:10:00-04:00,2.765000104904175,2.7699999809265137,2.75,2.75,3664,0.0,0.0
2024-10-03 13:15:00-04:00,2.7400999069213867,2.799999952316284,2.740000009536743,2.7850000858306885,13244,0.0,0.0
2024-10-03 13:45:00-04:00,2.759999990463257,2.759999990463257,2.759999990463257,2.759999990463257,783,0.0,0.0
2024-10-03 13:55:00-04:00,2.743499994277954,2.743499994277954,2.740000009536743,2.740000009536743,1054,0.0,0.0
2024-10-03 14:00:00-04:00,2.744999885559082,2.748300075531006,2.74180006980896,2.74180006980896,340,0.0,0.0
2024-10-03 14:05:00-04:00,2.743499994277954,2.75,2.743499994277954,2.75,365,0.0,0.0
2024-10-03 14:15:00-04:00,2.759999990463257,2.7699999809265137,2.759999990463257,2.759999990463257,882,0.0,0.0
2024-10-03 14:45:00-04:00,2.779900074005127,2.779900074005127,2.75,2.75,2897,0.0,0.0
2024-10-03 14:55:00-04:00,2.75,2.75,2.75,2.75,238,0.0,0.0
2024-10-03 15:05:00-04:00,2.75,2.75,2.740000009536743,2.740000009536743,4113,0.0,0.0
2024-10-03 15:25:00-04:00,2.75,2.75,2.75,2.75,183,0.0,0.0
2024-10-03 15:35:00-04:00,2.740000009536743,2.740000009536743,2.740000009536743,2.740000009536743,982,0.0,0.0
2024-10-03 15:45:00-04:00,2.744999885559082,2.744999885559082,2.7300000190734863,2.740000009536743,6308,0.0,0.0
2024-10-03 15:50:00-04:00,2.744999885559082,2.744999885559082,2.740000009536743,2.744999885559082,1241,0.0,0.0
2024-10-03 15:55:00-04:00,2.75,2.75,2.740000009536743,2.740000009536743,2864,0.0,0.0
2024-10-04 09:30:00-04:00,2.75,2.759999990463257,2.75,2.759999990463257,1785,0.0,0.0
2024-10-04 09:45:00-04:00,2.75,2.75,2.75,2.75,547,0.0,0.0
2024-10-04 09:50:00-04:00,2.7200000286102295,2.7200000286102295,2.700000047683716,2.700000047683716,3323,0.0,0.0
2024-10-04 09:55:00-04:00,2.6881000995635986,2.6881000995635986,2.6881000995635986,2.6881000995635986,653,0.0,0.0
2024-10-04 10:10:00-04:00,2.680000066757202,2.680000066757202,2.680000066757202,2.680000066757202,240,0.0,0.0
2024-10-04 10:15:00-04:00,2.700000047683716,2.700000047683716,2.700000047683716,2.700000047683716,720,0.0,0.0
2024-10-04 10:20:00-04:00,2.700000047683716,2.700000047683716,2.700000047683716,2.700000047683716,577,0.0,0.0
2024-10-04 10:30:00-04:00,2.680000066757202,2.680000066757202,2.6700000762939453,2.6700000762939453,1859,0.0,0.0
2024-10-04 10:35:00-04:00,2.6710000038146973,2.6710000038146973,2.6710000038146973,2.6710000038146973,520,0.0,0.0
2024-10-04 10:45:00-04:00,2.6700000762939453,2.684999942779541,2.6700000762939453,2.6700000762939453,452,0.0,0.0
2024-10-04 11:20:00-04:00,2.684999942779541,2.684999942779541,2.684999942779541,2.684999942779541,117,0.0,0.0
2024-10-04 11:25:00-04:00,2.6700000762939453,2.680000066757202,2.640000104904175,2.6500000953674316,22526,0.0,0.0
2024-10-04 11:30:00-04:00,2.650099992752075,2.6600000858306885,2.650099992752075,2.6600000858306885,9543,0.0,0.0
2024-10-04 11:35:00-04:00,2.6700000762939453,2.6700000762939453,2.6649999618530273,2.6700000762939453,310,0.0,0.0
2024-10-04 11:40:00-04:00,2.680000066757202,2.700000047683716,2.680000066757202,2.700000047683716,2644,0.0,0.0
2024-10-04 11:45:00-04:00,2.700000047683716,2.700000047683716,2.700000047683716,2.700000047683716,503,0.0,0.0
2024-10-04 12:00:00-04:00,2.7200000286102295,2.7300000190734863,2.7200000286102295,2.7300000190734863,2708,0.0,0.0
2024-10-04 12:20:00-04:00,2.7149999141693115,2.7149999141693115,2.700000047683716,2.700000047683716,4373,0.0,0.0
2024-10-04 12:45:00-04:00,2.7100000381469727,2.7100000381469727,2.6600000858306885,2.6600000858306885,9077,0.0,0.0
2024-10-04 12:50:00-04:00,2.6549999713897705,2.6600000858306885,2.6500000953674316,2.6500000953674316,1598,0.0,0.0
2024-10-04 13:00:00-04:00,2.680000066757202,2.690000057220459,2.680000066757202,2.690000057220459,926,0.0,0.0
2024-10-04 13:10:00-04:00,2.7100000381469727,2.7100000381469727,2.7100000381469727,2.7100000381469727,345,0.0,0.0
2024-10-04 13:15:00-04:00,2.7049999237060547,2.7049999237060547,2.650099992752075,2.6600000858306885,4518,0.0,0.0
2024-10-04 13:20:00-04:00,2.680000066757202,2.680000066757202,2.680000066757202,2.680000066757202,1104,0.0,0.0
2024-10-04 13:35:00-04:00,2.678499937057495,2.678499937057495,2.6649999618530273,2.6700000762939453,570,0.0,0.0
2024-10-04 13:55:00-04:00,2.6600000858306885,2.6600000858306885,2.6600000858306885,2.6600000858306885,384,0.0,0.0
2024-10-04 14:00:00-04:00,2.6549999713897705,2.6600000858306885,2.6549999713897705,2.6549999713897705,941,0.0,0.0
2024-10-04 14:05:00-04:00,2.6600000858306885,2.6600000858306885,2.6600000858306885,2.6600000858306885,46,0.0,0.0
2024-10-04 14:10:00-04:00,2.6600000858306885,2.6600000858306885,2.6600000858306885,2.6600000858306885,286,0.0,0.0
2024-10-04 14:15:00-04:00,2.6700000762939453,2.6700000762939453,2.6700000762939453,2.6700000762939453,275,0.0,0.0
2024-10-04 14:25:00-04:00,2.6500000953674316,2.6500000953674316,2.6500000953674316,2.6500000953674316,570,0.0,0.0
2024-10-04 14:35:00-04:00,2.6600000858306885,2.6600000858306885,2.6600000858306885,2.6600000858306885,479,0.0,0.0
2024-10-04 14:45:00-04:00,2.6510000228881836,2.6510000228881836,2.6510000228881836,2.6510000228881836,127,0.0,0.0
2024-10-04 14:50:00-04:00,2.6600000858306885,2.6600000858306885,2.6600000858306885,2.6600000858306885,2516,0.0,0.0
2024-10-04 14:55:00-04:00,2.652100086212158,2.652100086212158,2.6500000953674316,2.6500000953674316,1168,0.0,0.0
2024-10-04 15:05:00-04:00,2.6600000858306885,2.6600000858306885,2.6500000953674316,2.6500000953674316,14968,0.0,0.0
2024-10-04 15:30:00-04:00,2.6549999713897705,2.6549999713897705,2.6549999713897705,2.6549999713897705,226,0.0,0.0
2024-10-04 15:35:00-04:00,2.6500000953674316,2.6549999713897705,2.6500000953674316,2.650099992752075,1762,0.0,0.0
2024-10-04 15:45:00-04:00,2.6500000953674316,2.6500000953674316,2.6500000953674316,2.6500000953674316,1901,0.0,0.0
2024-10-04 15:50:00-04:00,2.6500000953674316,2.6600000858306885,2.6500000953674316,2.6500000953674316,3811,0.0,0.0
2024-10-04 15:55:00-04:00,2.6500000953674316,2.6500000953674316,2.640000104904175,2.6500000953674316,3591,0.0,0.0
2024-10-07 09:30:00-04:00,2.5280001163482666,2.640000104904175,2.492000102996826,2.630000114440918,4729,0.0,0.0
2024-10-07 09:40:00-04:00,2.5999999046325684,2.600100040435791,2.549999952316284,2.549999952316284,14000,0.0,0.0
2024-10-07 09:45:00-04:00,2.565000057220459,2.565000057220459,2.565000057220459,2.565000057220459,1078,0.0,0.0
2024-10-07 10:20:00-04:00,2.5799999237060547,2.5799999237060547,2.5799999237060547,2.5799999237060547,500,0.0,0.0
2024-10-07 10:25:00-04:00,2.5799999237060547,2.5999999046325684,2.5799999237060547,2.5999999046325684,8084,0.0,0.0
2024-10-07 10:30:00-04:00,2.5899999141693115,2.5899999141693115,2.5899999141693115,2.5899999141693115,0,0.0,0.0
2024-10-07 10:45:00-04:00,2.5894999504089355,2.5894999504089355,2.5894999504089355,2.5894999504089355,28921,0.0,0.0
2024-10-07 10:50:00-04:00,2.5999999046325684,2.5999999046325684,2.5999999046325684,2.5999999046325684,518,0.0,0.0
2024-10-07 11:05:00-04:00,2.5799999237060547,2.5799999237060547,2.5799999237060547,2.5799999237060547,711,0.0,0.0
2024-10-07 11:25:00-04:00,2.5799999237060547,2.5799999237060547,2.5799999237060547,2.5799999237060547,532,0.0,0.0
2024-10-07 11:35:00-04:00,2.549999952316284,2.549999952316284,2.549999952316284,2.549999952316284,101,0.0,0.0
2024-10-07 11:40:00-04:00,2.549999952316284,2.549999952316284,2.549999952316284,2.549999952316284,2065,0.0,0.0
2024-10-07 11:45:00-04:00,2.530900001525879,2.5471999645233154,2.530900001525879,2.5471999645233154,613,0.0,0.0
2024-10-07 12:00:00-04:00,2.5299999713897705,2.569999933242798,2.5299999713897705,2.569999933242798,3449,0.0,0.0
2024-10-07 12:10:00-04:00,2.559999942779541,2.559999942779541,2.559999942779541,2.559999942779541,1718,0.0,0.0
2024-10-07 12:15:00-04:00,2.559999942779541,2.559999942779541,2.509999990463257,2.5199999809265137,4576,0.0,0.0
2024-10-07 12:25:00-04:00,2.509999990463257,2.509999990463257,2.4700000286102295,2.4700000286102295,6989,0.0,0.0
2024-10-07 12:30:00-04:00,2.4800000190734863,2.4800000190734863,2.4800000190734863,2.4800000190734863,529,0.0,0.0
2024-10-07 12:35:00-04:00,2.4800000190734863,2.4800000190734863,2.4800000190734863,2.4800000190734863,300,0.0,0.0
2024-10-07 12:40:00-04:00,2.4800000190734863,2.559999942779541,2.4800000190734863,2.5450000762939453,14897,0.0,0.0
2024-10-07 12:45:00-04:00,2.549999952316284,2.549999952316284,2.549999952316284,2.549999952316284,601,0.0,0.0
2024-10-07 12:50:00-04:00,2.5399999618530273,2.549999952316284,2.5399999618530273,2.549999952316284,980,0.0,0.0
2024-10-07 12:55:00-04:00,2.5399999618530273,2.5399999618530273,2.5299999713897705,2.5299999713897705,287,0.0,0.0
2024-10-07 13:00:00-04:00,2.5399999618530273,2.549999952316284,2.5399999618530273,2.5399999618530273,5493,0.0,0.0
2024-10-07 13:05:00-04:00,2.5350000858306885,2.5399999618530273,2.5350000858306885,2.5350000858306885,4500,0.0,0.0
2024-10-07 13:10:00-04:00,2.5299999713897705,2.5350000858306885,2.5299999713897705,2.5350000858306885,0,0.0,0.0
2024-10-07 13:15:00-04:00,2.539099931716919,2.5399999618530273,2.5350000858306885,2.5399999618530273,1691,0.0,0.0
2024-10-07 13:35:00-04:00,2.509999990463257,2.5199999809265137,2.509999990463257,2.5199999809265137,5296,0.0,0.0
2024-10-07 13:45:00-04:00,2.5199999809265137,2.5199999809265137,2.5199999809265137,2.5199999809265137,200,0.0,0.0
2024-10-07 13:50:00-04:00,2.5199999809265137,2.5199999809265137,2.5199999809265137,2.5199999809265137,881,0.0,0.0
2024-10-07 13:55:00-04:00,2.5199999809265137,2.5199999809265137,2.5199999809265137,2.5199999809265137,347,0.0,0.0
2024-10-07 14:00:00-04:00,2.5299999713897705,2.5299999713897705,2.5199999809265137,2.5299999713897705,3769,0.0,0.0
2024-10-07 14:10:00-04:00,2.5199999809265137,2.5199999809265137,2.5199999809265137,2.5199999809265137,346,0.0,0.0
2024-10-07 14:15:00-04:00,2.5199999809265137,2.5199999809265137,2.5199999809265137,2.5199999809265137,121,0.0,0.0
2024-10-07 14:20:00-04:00,2.5199999809265137,2.5299999713897705,2.5199999809265137,2.5299999713897705,829,0.0,0.0
2024-10-07 14:25:00-04:00,2.5199999809265137,2.5199999809265137,2.5199999809265137,2.5199999809265137,2,0.0,0.0
2024-10-07 14:30:00-04:00,2.509999990463257,2.509999990463257,2.490000009536743,2.490000009536743,2030,0.0,0.0
2024-10-07 14:35:00-04:00,2.4800000190734863,2.4800000190734863,2.4800000190734863,2.4800000190734863,1144,0.0,0.0
2024-10-07 14:40:00-04:00,2.4800000190734863,2.4800000190734863,2.4800000190734863,2.4800000190734863,256,0.0,0.0
2024-10-07 14:45:00-04:00,2.4800000190734863,2.4800000190734863,2.4800000190734863,2.4800000190734863,286,0.0,0.0
2024-10-07 14:55:00-04:00,2.470099925994873,2.470099925994873,2.4700000286102295,2.4700000286102295,584,0.0,0.0
2024-10-07 15:00:00-04:00,2.4600000381469727,2.4600000381469727,2.4600000381469727,2.4600000381469727,1359,0.0,0.0
2024-10-07 15:05:00-04:00,2.4700000286102295,2.4800000190734863,2.4600000381469727,2.4600000381469727,2402,0.0,0.0
2024-10-07 15:15:00-04:00,2.4700000286102295,2.4700000286102295,2.4600000381469727,2.4600000381469727,2671,0.0,0.0
2024-10-07 15:20:00-04:00,2.450000047683716,2.469099998474121,2.450000047683716,2.469099998474121,3893,0.0,0.0
2024-10-07 15:25:00-04:00,2.4600000381469727,2.4600000381469727,2.4600000381469727,2.4600000381469727,937,0.0,0.0
2024-10-07 15:30:00-04:00,2.450000047683716,2.450000047683716,2.450000047683716,2.450000047683716,628,0.0,0.0
2024-10-07 15:35:00-04:00,2.440000057220459,2.450000047683716,2.430000066757202,2.430000066757202,6336,0.0,0.0
2024-10-07 15:40:00-04:00,2.4200000762939453,2.4200000762939453,2.4100000858306885,2.4100000858306885,6380,0.0,0.0
2024-10-07 15:45:00-04:00,2.424999952316284,2.430000066757202,2.4100000858306885,2.430000066757202,1224,0.0,0.0
2024-10-07 15:50:00-04:00,2.430000066757202,2.430000066757202,2.4200000762939453,2.4200000762939453,6414,0.0,0.0
2024-10-07 15:55:00-04:00,2.4200000762939453,2.444999933242798,2.4149999618530273,2.430000066757202,15837,0.0,0.0
2024-10-08 09:30:00-04:00,2.450000047683716,2.4700000286102295,2.450000047683716,2.4700000286102295,4256,0.0,0.0
2024-10-08 09:35:00-04:00,2.4700000286102295,2.4700000286102295,2.4700000286102295,2.4700000286102295,102,0.0,0.0
2024-10-08 09:40:00-04:00,2.450000047683716,2.4700000286102295,2.4200000762939453,2.4200000762939453,6052,0.0,0.0
2024-10-08 09:45:00-04:00,2.3980000019073486,2.4000000953674316,2.3980000019073486,2.4000000953674316,1445,0.0,0.0
2024-10-08 09:50:00-04:00,2.4000000953674316,2.4100000858306885,2.4000000953674316,2.4000000953674316,1938,0.0,0.0
2024-10-08 09:55:00-04:00,2.4000000953674316,2.440000057220459,2.4000000953674316,2.440000057220459,2459,0.0,0.0
2024-10-08 10:05:00-04:00,2.430000066757202,2.430000066757202,2.430000066757202,2.430000066757202,1311,0.0,0.0
2024-10-08 10:10:00-04:00,2.4200000762939453,2.4200000762939453,2.4100000858306885,2.4100000858306885,1662,0.0,0.0
2024-10-08 10:20:00-04:00,2.3949999809265137,2.3949999809265137,2.3949999809265137,2.3949999809265137,181,0.0,0.0
2024-10-08 10:25:00-04:00,2.3949999809265137,2.3949999809265137,2.390000104904175,2.390000104904175,1153,0.0,0.0
2024-10-08 10:30:00-04:00,2.390000104904175,2.390000104904175,2.390000104904175,2.390000104904175,466,0.0,0.0
2024-10-08 10:40:00-04:00,2.4000000953674316,2.4049999713897705,2.4000000953674316,2.4049999713897705,388,0.0,0.0
2024-10-08 10:45:00-04:00,2.4049999713897705,2.4049999713897705,2.4049999713897705,2.4049999713897705,200,0.0,0.0
2024-10-08 10:50:00-04:00,2.4200000762939453,2.428100109100342,2.4200000762939453,2.428100109100342,975,0.0,0.0
2024-10-08 10:55:00-04:00,2.450000047683716,2.450000047683716,2.450000047683716,2.450000047683716,300,0.0,0.0
2024-10-08 11:00:00-04:00,2.428999900817871,2.450000047683716,2.428999900817871,2.450000047683716,253,0.0,0.0
2024-10-08 11:05:00-04:00,2.450000047683716,2.450000047683716,2.450000047683716,2.450000047683716,200,0.0,0.0
2024-10-08 11:10:00-04:00,2.430000066757202,2.430000066757202,2.430000066757202,2.430000066757202,13,0.0,0.0
2024-10-08 11:15:00-04:00,2.430000066757202,2.434999942779541,2.392400026321411,2.392400026321411,5059,0.0,0.0
2024-10-08 11:30:00-04:00,2.390000104904175,2.390000104904175,2.390000104904175,2.390000104904175,811,0.0,0.0
2024-10-08 11:35:00-04:00,2.4000000953674316,2.4100000858306885,2.390000104904175,2.4100000858306885,1983,0.0,0.0
2024-10-08 11:40:00-04:00,2.4000000953674316,2.4000000953674316,2.4000000953674316,2.4000000953674316,202,0.0,0.0
2024-10-08 11:45:00-04:00,2.4000000953674316,2.4100000858306885,2.4000000953674316,2.4100000858306885,285,0.0,0.0
2024-10-08 11:50:00-04:00,2.4000000953674316,2.4000000953674316,2.4000000953674316,2.4000000953674316,671,0.0,0.0
2024-10-08 12:00:00-04:00,2.4100000858306885,2.4100000858306885,2.4100000858306885,2.4100000858306885,111,0.0,0.0
2024-10-08 12:05:00-04:00,2.3935000896453857,2.4100000858306885,2.3924999237060547,2.3924999237060547,2469,0.0,0.0
2024-10-08 12:10:00-04:00,2.4100000858306885,2.4100000858306885,2.4100000858306885,2.4100000858306885,221,0.0,0.0
2024-10-08 12:20:00-04:00,2.4100000858306885,2.4100000858306885,2.4100000858306885,2.4100000858306885,812,0.0,0.0
2024-10-08 12:25:00-04:00,2.3949999809265137,2.4200000762939453,2.3949999809265137,2.4026999473571777,6201,0.0,0.0
2024-10-08 12:30:00-04:00,2.4100000858306885,2.4200000762939453,2.4100000858306885,2.4200000762939453,689,0.0,0.0
2024-10-08 12:40:00-04:00,2.4200000762939453,2.4200000762939453,2.4100000858306885,2.4100000858306885,434,0.0,0.0
2024-10-08 12:45:00-04:00,2.4200000762939453,2.4200000762939453,2.4100000858306885,2.4100000858306885,1715,0.0,0.0
2024-10-08 12:50:00-04:00,2.4100000858306885,2.4200000762939453,2.4100000858306885,2.4100000858306885,540,0.0,0.0
2024-10-08 12:55:00-04:00,2.4100000858306885,2.4100000858306885,2.4100000858306885,2.4100000858306885,208,0.0,0.0
2024-10-08 13:10:00-04:00,2.4100000858306885,2.4100000858306885,2.4000000953674316,2.4000000953674316,3128,0.0,0.0
2024-10-08 13:15:00-04:00,2.4000000953674316,2.4000000953674316,2.390000104904175,2.4000000953674316,751,0.0,0.0
2024-10-08 13:25:00-04:00,2.390000104904175,2.4000000953674316,2.3399999141693115,2.34060001373291,15524,0.0,0.0
2024-10-08 13:30:00-04:00,2.3499999046325684,2.3499999046325684,2.3499999046325684,2.3499999046325684,0,0.0,0.0
2024-10-08 13:35:00-04:00,2.3499999046325684,2.3499999046325684,2.3499999046325684,2.3499999046325684,1452,0.0,0.0
2024-10-08 13:40:00-04:00,2.3499999046325684,2.3499999046325684,2.3499999046325684,2.3499999046325684,185,0.0,0.0
2024-10-08 13:45:00-04:00,2.349900007247925,2.3499999046325684,2.3399999141693115,2.3499999046325684,2996,0.0,0.0
2024-10-08 13:50:00-04:00,2.3350000381469727,2.3399999141693115,2.319999933242798,2.319999933242798,5715,0.0,0.0
2024-10-08 13:55:00-04:00,2.3199000358581543,2.3299999237060547,2.3199000358581543,2.319999933242798,4581,0.0,0.0
2024-10-08 14:00:00-04:00,2.325000047683716,2.3299999237060547,2.325000047683716,2.3299999237060547,300,0.0,0.0
2024-10-08 14:05:00-04:00,2.3299999237060547,2.3399999141693115,2.325000047683716,2.33240008354187,2874,0.0,0.0
2024-10-08 14:10:00-04:00,2.3350000381469727,2.3399999141693115,2.3299999237060547,2.3350000381469727,2057,0.0,0.0
2024-10-08 14:15:00-04:00,2.3450000286102295,2.3499999046325684,2.3399999141693115,2.3399999141693115,2221,0.0,0.0
2024-10-08 14:20:00-04:00,2.3350000381469727,2.3350000381469727,2.3350000381469727,2.3350000381469727,794,0.0,0.0
2024-10-08 14:30:00-04:00,2.3350000381469727,2.3499999046325684,2.3350000381469727,2.3499999046325684,5122,0.0,0.0
2024-10-08 14:35:00-04:00,2.3417999744415283,2.3499999046325684,2.3410000801086426,2.3499999046325684,3785,0.0,0.0
2024-10-08 14:40:00-04:00,2.3499999046325684,2.369999885559082,2.3499999046325684,2.369999885559082,8200,0.0,0.0
2024-10-08 14:45:00-04:00,2.361299991607666,2.369999885559082,2.3612000942230225,2.369999885559082,1600,0.0,0.0
2024-10-08 14:50:00-04:00,2.380000114440918,2.380000114440918,2.380000114440918,2.380000114440918,700,0.0,0.0
2024-10-08 14:55:00-04:00,2.380000114440918,2.380000114440918,2.380000114440918,2.380000114440918,100,0.0,0.0
2024-10-08 15:00:00-04:00,2.380000114440918,2.380000114440918,2.380000114440918,2.380000114440918,125,0.0,0.0
2024-10-08 15:05:00-04:00,2.380000114440918,2.380000114440918,2.380000114440918,2.380000114440918,668,0.0,0.0
2024-10-08 15:10:00-04:00,2.380000114440918,2.380000114440918,2.3717000484466553,2.371799945831299,867,0.0,0.0
2024-10-08 15:15:00-04:00,2.380000114440918,2.380000114440918,2.380000114440918,2.380000114440918,333,0.0,0.0
2024-10-08 15:20:00-04:00,2.380000114440918,2.380000114440918,2.371999979019165,2.380000114440918,410,0.0,0.0
2024-10-08 15:25:00-04:00,2.380000114440918,2.380000114440918,2.369999885559082,2.369999885559082,2420,0.0,0.0
2024-10-08 15:30:00-04:00,2.369999885559082,2.369999885559082,2.369999885559082,2.369999885559082,797,0.0,0.0
2024-10-08 15:35:00-04:00,2.369999885559082,2.369999885559082,2.369999885559082,2.369999885559082,191,0.0,0.0
2024-10-08 15:40:00-04:00,2.380000114440918,2.380000114440918,2.359999895095825,2.380000114440918,3499,0.0,0.0
2024-10-08 15:45:00-04:00,2.380000114440918,2.380000114440918,2.3620998859405518,2.369999885559082,3518,0.0,0.0
2024-10-08 15:50:00-04:00,2.369999885559082,2.369999885559082,2.359999895095825,2.369999885559082,2891,0.0,0.0
2024-10-08 15:55:00-04:00,2.369999885559082,2.390000104904175,2.359999895095825,2.375,10301,0.0,0.0
2024-10-09 09:30:00-04:00,2.4000000953674316,2.4000000953674316,2.369999885559082,2.387200117111206,4650,0.0,0.0
2024-10-09 09:35:00-04:00,2.380000114440918,2.380000114440918,2.380000114440918,2.380000114440918,379,0.0,0.0
2024-10-09 09:40:00-04:00,2.369999885559082,2.369999885559082,2.359999895095825,2.359999895095825,399,0.0,0.0
2024-10-09 09:50:00-04:00,2.359999895095825,2.359999895095825,2.359999895095825,2.359999895095825,289,0.0,0.0
2024-10-09 10:00:00-04:00,2.359999895095825,2.369999885559082,2.359999895095825,2.359999895095825,713,0.0,0.0
2024-10-09 10:05:00-04:00,2.369999885559082,2.369999885559082,2.369999885559082,2.369999885559082,201,0.0,0.0
2024-10-09 10:15:00-04:00,2.375,2.375,2.375,2.375,300,0.0,0.0
2024-10-09 10:20:00-04:00,2.380000114440918,2.380000114440918,2.380000114440918,2.380000114440918,200,0.0,0.0
2024-10-09 10:25:00-04:00,2.380000114440918,2.380000114440918,2.375,2.3798999786376953,502,0.0,0.0
2024-10-09 10:35:00-04:00,2.390000104904175,2.390000104904175,2.390000104904175,2.390000104904175,572,0.0,0.0
2024-10-09 10:45:00-04:00,2.380000114440918,2.380000114440918,2.380000114440918,2.380000114440918,500,0.0,0.0
2024-10-09 11:00:00-04:00,2.380000114440918,2.380000114440918,2.380000114440918,2.380000114440918,146,0.0,0.0
2024-10-09 11:20:00-04:00,2.3951001167297363,2.4000000953674316,2.3951001167297363,2.4000000953674316,605,0.0,0.0
2024-10-09 11:30:00-04:00,2.4000000953674316,2.4000000953674316,2.4000000953674316,2.4000000953674316,1009,0.0,0.0
2024-10-09 11:50:00-04:00,2.4200000762939453,2.4200000762939453,2.4200000762939453,2.4200000762939453,243,0.0,0.0
2024-10-09 11:55:00-04:00,2.430000066757202,2.4600000381469727,2.430000066757202,2.4600000381469727,1939,0.0,0.0
2024-10-09 12:00:00-04:00,2.4549999237060547,2.4600000381469727,2.4200000762939453,2.4200000762939453,13196,0.0,0.0
2024-10-09 12:05:00-04:00,2.4200000762939453,2.440000057220459,2.4200000762939453,2.440000057220459,3070,0.0,0.0
2024-10-09 12:10:00-04:00,2.440000057220459,2.440000057220459,2.440000057220459,2.440000057220459,406,0.0,0.0
2024-10-09 12:20:00-04:00,2.450000047683716,2.450000047683716,2.440000057220459,2.440000057220459,710,0.0,0.0
2024-10-09 12:25:00-04:00,2.430000066757202,2.440000057220459,2.4200000762939453,2.430000066757202,2927,0.0,0.0
2024-10-09 12:30:00-04:00,2.4149999618530273,2.430000066757202,2.4149999618530273,2.430000066757202,1191,0.0,0.0
2024-10-09 12:35:00-04:00,2.4200000762939453,2.430000066757202,2.4200000762939453,2.430000066757202,1338,0.0,0.0
2024-10-09 12:40:00-04:00,2.4200000762939453,2.430000066757202,2.4200000762939453,2.4200000762939453,615,0.0,0.0
2024-10-09 12:45:00-04:00,2.4200000762939453,2.4200000762939453,2.4200000762939453,2.4200000762939453,405,0.0,0.0
2024-10-09 12:55:00-04:00,2.4200000762939453,2.4200000762939453,2.4200000762939453,2.4200000762939453,300,0.0,0.0
2024-10-09 13:00:00-04:00,2.4200000762939453,2.430000066757202,2.4200000762939453,2.430000066757202,226,0.0,0.0
2024-10-09 13:10:00-04:00,2.4205000400543213,2.4205000400543213,2.4200000762939453,2.4200000762939453,434,0.0,0.0
2024-10-09 13:15:00-04:00,2.430000066757202,2.430000066757202,2.4000000953674316,2.4000000953674316,4493,0.0,0.0
2024-10-09 13:20:00-04:00,2.3949999809265137,2.4100000858306885,2.3949999809265137,2.4100000858306885,2049,0.0,0.0
2024-10-09 13:25:00-04:00,2.4049999713897705,2.4100000858306885,2.4049999713897705,2.4100000858306885,879,0.0,0.0
2024-10-09 13:35:00-04:00,2.4049999713897705,2.4049999713897705,2.4049999713897705,2.4049999713897705,200,0.0,0.0
2024-10-09 13:40:00-04:00,2.4049999713897705,2.4100000858306885,2.4049999713897705,2.4100000858306885,316,0.0,0.0
2024-10-09 13:45:00-04:00,2.4049999713897705,2.4049999713897705,2.4049999713897705,2.4049999713897705,323,0.0,0.0
2024-10-09 13:50:00-04:00,2.4000000953674316,2.4000000953674316,2.380000114440918,2.380000114440918,945,0.0,0.0
2024-10-09 13:55:00-04:00,2.380000114440918,2.380000114440918,2.375,2.375,1419,0.0,0.0
2024-10-09 14:00:00-04:00,2.375,2.375,2.375,2.375,404,0.0,0.0
2024-10-09 14:05:00-04:00,2.369999885559082,2.369999885559082,2.369999885559082,2.369999885559082,318,0.0,0.0
2024-10-09 14:10:00-04:00,2.378999948501587,2.380000114440918,2.369999885559082,2.380000114440918,1060,0.0,0.0
2024-10-09 14:15:00-04:00,2.375,2.375,2.375,2.375,203,0.0,0.0
2024-10-09 14:20:00-04:00,2.375,2.375,2.375,2.375,200,0.0,0.0
2024-10-09 14:25:00-04:00,2.380000114440918,2.380000114440918,2.380000114440918,2.380000114440918,695,0.0,0.0
2024-10-09 14:30:00-04:00,2.375,2.380000114440918,2.375,2.380000114440918,1040,0.0,0.0
2024-10-09 14:35:00-04:00,2.375,2.375,2.375,2.375,5,0.0,0.0
2024-10-09 14:40:00-04:00,2.380000114440918,2.380000114440918,2.380000114440918,2.380000114440918,500,0.0,0.0
2024-10-09 14:45:00-04:00,2.380000114440918,2.380000114440918,2.375,2.380000114440918,300,0.0,0.0
2024-10-09 14:55:00-04:00,2.380000114440918,2.380000114440918,2.380000114440918,2.380000114440918,1300,0.0,0.0
2024-10-09 15:00:00-04:00,2.380000114440918,2.380000114440918,2.375,2.380000114440918,1507,0.0,0.0
2024-10-09 15:05:00-04:00,2.380000114440918,2.380000114440918,2.380000114440918,2.380000114440918,314,0.0,0.0
2024-10-09 15:10:00-04:00,2.380000114440918,2.380000114440918,2.375,2.375,325,0.0,0.0
2024-10-09 15:15:00-04:00,2.375,2.375,2.375,2.375,535,0.0,0.0
2024-10-09 15:20:00-04:00,2.375,2.380000114440918,2.375,2.380000114440918,221,0.0,0.0
2024-10-09 15:25:00-04:00,2.375,2.380000114440918,2.375,2.380000114440918,1133,0.0,0.0
2024-10-09 15:30:00-04:00,2.375,2.375,2.375,2.375,438,0.0,0.0
2024-10-09 15:35:00-04:00,2.369999885559082,2.375,2.369999885559082,2.375,555,0.0,0.0
2024-10-09 15:40:00-04:00,2.375,2.375,2.375,2.375,364,0.0,0.0
2024-10-09 15:45:00-04:00,2.380000114440918,2.380000114440918,2.380000114440918,2.380000114440918,628,0.0,0.0
2024-10-09 15:50:00-04:00,2.3949999809265137,2.4100000858306885,2.3949999809265137,2.4100000858306885,683,0.0,0.0
2024-10-09 15:55:00-04:00,2.4200000762939453,2.430000066757202,2.4200000762939453,2.428999900817871,4290,0.0,0.0
2024-10-10 09:30:00-04:00,2.4000000953674316,2.424999952316284,2.4000000953674316,2.424999952316284,0,0.0,0.0
2024-10-10 09:35:00-04:00,2.408900022506714,2.408900022506714,2.408900022506714,2.408900022506714,315,0.0,0.0
2024-10-10 09:45:00-04:00,2.400899887084961,2.400899887084961,2.380000114440918,2.384999990463257,1579,0.0,0.0
2024-10-10 10:10:00-04:00,2.390000104904175,2.4000000953674316,2.390000104904175,2.4000000953674316,2050,0.0,0.0
2024-10-10 11:00:00-04:00,2.378000020980835,2.380000114440918,2.375,2.380000114440918,2221,0.0,0.0
2024-10-10 11:20:00-04:00,2.375,2.380000114440918,2.375,2.380000114440918,439,0.0,0.0
2024-10-10 11:25:00-04:00,2.4000000953674316,2.4000000953674316,2.4000000953674316,2.4000000953674316,938,0.0,0.0
2024-10-10 12:05:00-04:00,2.4100000858306885,2.4100000858306885,2.4100000858306885,2.4100000858306885,125,0.0,0.0
2024-10-10 12:25:00-04:00,2.4000000953674316,2.4000000953674316,2.390000104904175,2.390000104904175,366,0.0,0.0
2024-10-10 12:35:00-04:00,2.3975000381469727,2.3975000381469727,2.3975000381469727,2.3975000381469727,337,0.0,0.0
2024-10-10 13:00:00-04:00,2.3949999809265137,2.430000066757202,2.3949999809265137,2.430000066757202,4624,0.0,0.0
2024-10-10 13:05:00-04:00,2.430000066757202,2.430000066757202,2.4200000762939453,2.4200000762939453,223,0.0,0.0
2024-10-10 13:25:00-04:00,2.440000057220459,2.450000047683716,2.440000057220459,2.450000047683716,1580,0.0,0.0
2024-10-10 13:30:00-04:00,2.450000047683716,2.452500104904175,2.450000047683716,2.452500104904175,989,0.0,0.0
2024-10-10 13:40:00-04:00,2.4663000106811523,2.4700000286102295,2.4663000106811523,2.4700000286102295,1104,0.0,0.0
2024-10-10 13:55:00-04:00,2.450000047683716,2.4600000381469727,2.450000047683716,2.4600000381469727,237,0.0,0.0
2024-10-10 14:15:00-04:00,2.4600000381469727,2.4700000286102295,2.4600000381469727,2.4700000286102295,2144,0.0,0.0
2024-10-10 14:40:00-04:00,2.4625000953674316,2.4700000286102295,2.4625000953674316,2.4700000286102295,688,0.0,0.0
2024-10-10 14:45:00-04:00,2.467400074005127,2.467400074005127,2.467400074005127,2.467400074005127,309,0.0,0.0
2024-10-10 15:15:00-04:00,2.4500999450683594,2.4500999450683594,2.4500999450683594,2.4500999450683594,535,0.0,0.0
2024-10-10 15:25:00-04:00,2.450000047683716,2.450000047683716,2.430000066757202,2.434999942779541,6224,0.0,0.0
2024-10-10 15:30:00-04:00,2.430000066757202,2.440000057220459,2.4200000762939453,2.440000057220459,4188,0.0,0.0
2024-10-10 15:35:00-04:00,2.4600000381469727,2.4600000381469727,2.450000047683716,2.4600000381469727,2292,0.0,0.0
2024-10-10 15:40:00-04:00,2.440000057220459,2.440000057220459,2.430000066757202,2.430000066757202,1465,0.0,0.0
2024-10-10 15:45:00-04:00,2.4200000762939453,2.430000066757202,2.4100000858306885,2.4100000858306885,2993,0.0,0.0
2024-10-10 15:50:00-04:00,2.430000066757202,2.440000057220459,2.430000066757202,2.440000057220459,953,0.0,0.0
2024-10-10 15:55:00-04:00,2.450000047683716,2.4700000286102295,2.450000047683716,2.4700000286102295,1520,0.0,0.0
2024-10-11 09:30:00-04:00,2.4800000190734863,2.4800000190734863,2.4800000190734863,2.4800000190734863,1708,0.0,0.0
2024-10-11 10:00:00-04:00,2.450000047683716,2.450000047683716,2.450000047683716,2.450000047683716,410,0.0,0.0
2024-10-11 10:05:00-04:00,2.450000047683716,2.450000047683716,2.450000047683716,2.450000047683716,1121,0.0,0.0
2024-10-11 10:15:00-04:00,2.430000066757202,2.430000066757202,2.430000066757202,2.430000066757202,340,0.0,0.0
2024-10-11 10:20:00-04:00,2.4200000762939453,2.4200000762939453,2.4200000762939453,2.4200000762939453,143,0.0,0.0
2024-10-11 10:25:00-04:00,2.430000066757202,2.440000057220459,2.430000066757202,2.440000057220459,2054,0.0,0.0
2024-10-11 11:05:00-04:00,2.4700000286102295,2.4700000286102295,2.4700000286102295,2.4700000286102295,417,0.0,0.0
2024-10-11 11:10:00-04:00,2.4800000190734863,2.4800000190734863,2.4600000381469727,2.4600000381469727,2109,0.0,0.0
2024-10-11 11:15:00-04:00,2.4658000469207764,2.4800000190734863,2.4600000381469727,2.4600000381469727,4706,0.0,0.0
2024-10-11 11:20:00-04:00,2.4700000286102295,2.4700000286102295,2.4700000286102295,2.4700000286102295,43,0.0,0.0
2024-10-11 11:30:00-04:00,2.4637999534606934,2.4637999534606934,2.4637999534606934,2.4637999534606934,259,0.0,0.0
2024-10-11 11:50:00-04:00,2.4749999046325684,2.5,2.4749999046325684,2.5,1434,0.0,0.0
2024-10-11 11:55:00-04:00,2.490000009536743,2.5,2.490000009536743,2.5,1259,0.0,0.0
2024-10-11 12:35:00-04:00,2.490000009536743,2.509999990463257,2.490000009536743,2.5,3550,0.0,0.0
2024-10-11 12:40:00-04:00,2.494999885559082,2.494999885559082,2.494999885559082,2.494999885559082,688,0.0,0.0
2024-10-11 12:50:00-04:00,2.4999001026153564,2.4999001026153564,2.4999001026153564,2.4999001026153564,285,0.0,0.0
2024-10-11 13:00:00-04:00,2.494999885559082,2.509999990463257,2.494999885559082,2.5,2478,0.0,0.0
2024-10-11 13:15:00-04:00,2.4800000190734863,2.4800000190734863,2.4800000190734863,2.4800000190734863,102,0.0,0.0
2024-10-11 13:45:00-04:00,2.496500015258789,2.496500015258789,2.496500015258789,2.496500015258789,612,0.0,0.0
2024-10-11 14:25:00-04:00,2.4800000190734863,2.4800000190734863,2.4600000381469727,2.4600000381469727,1271,0.0,0.0
2024-10-11 14:45:00-04:00,2.4600000381469727,2.4600000381469727,2.4600000381469727,2.4600000381469727,154,0.0,0.0
2024-10-11 15:30:00-04:00,2.4600000381469727,2.4800000190734863,2.4600000381469727,2.4600000381469727,4891,0.0,0.0
2024-10-11 15:35:00-04:00,2.4600000381469727,2.4600000381469727,2.430000066757202,2.430000066757202,3451,0.0,0.0
2024-10-11 15:40:00-04:00,2.4200000762939453,2.4200000762939453,2.4100000858306885,2.4100000858306885,1751,0.0,0.0
2024-10-11 15:45:00-04:00,2.4100000858306885,2.4100000858306885,2.4100000858306885,2.4100000858306885,1405,0.0,0.0
2024-10-11 15:50:00-04:00,2.4100000858306885,2.4200000762939453,2.4100000858306885,2.4100000858306885,2911,0.0,0.0
2024-10-11 15:55:00-04:00,2.4200000762939453,2.4200000762939453,2.4100000858306885,2.4100000858306885,1286,0.0,0.0
2024-10-14 09:30:00-04:00,2.4200000762939453,2.430000066757202,2.369999885559082,2.369999885559082,0,0.0,0.0
2024-10-14 09:35:00-04:00,2.3959999084472656,2.3959999084472656,2.369999885559082,2.369999885559082,698,0.0,0.0
2024-10-14 09:55:00-04:00,2.384999990463257,2.384999990463257,2.384999990463257,2.384999990463257,501,0.0,0.0
2024-10-14 10:00:00-04:00,2.399899959564209,2.4000000953674316,2.369999885559082,2.369999885559082,4105,0.0,0.0
2024-10-14 10:05:00-04:00,2.369999885559082,2.369999885559082,2.3299999237060547,2.3299999237060547,3217,0.0,0.0
2024-10-14 10:10:00-04:00,2.3299999237060547,2.3399999141693115,2.319999933242798,2.319999933242798,4081,0.0,0.0
2024-10-14 10:15:00-04:00,2.3299999237060547,2.3399999141693115,2.319999933242798,2.3299999237060547,4231,0.0,0.0
2024-10-14 10:30:00-04:00,2.3399999141693115,2.3399999141693115,2.3399999141693115,2.3399999141693115,115,0.0,0.0
2024-10-14 10:45:00-04:00,2.3499999046325684,2.3499999046325684,2.3499999046325684,2.3499999046325684,300,0.0,0.0
2024-10-14 10:50:00-04:00,2.3450000286102295,2.3450000286102295,2.341599941253662,2.341599941253662,698,0.0,0.0
2024-10-14 11:00:00-04:00,2.3350000381469727,2.3499999046325684,2.3299999237060547,2.3499999046325684,2538,0.0,0.0
2024-10-14 11:05:00-04:00,2.348299980163574,2.348299980163574,2.3299999237060547,2.3299999237060547,2058,0.0,0.0
2024-10-14 11:35:00-04:00,2.3399999141693115,2.3399999141693115,2.3399999141693115,2.3399999141693115,326,0.0,0.0
2024-10-14 11:50:00-04:00,2.3499999046325684,2.3499999046325684,2.3399999141693115,2.3499999046325684,9070,0.0,0.0
2024-10-14 12:00:00-04:00,2.3499999046325684,2.3499999046325684,2.3299999237060547,2.3399999141693115,2213,0.0,0.0
2024-10-14 12:10:00-04:00,2.3375000953674316,2.3375000953674316,2.3299999237060547,2.3299999237060547,990,0.0,0.0
2024-10-14 12:15:00-04:00,2.3299999237060547,2.3399999141693115,2.319999933242798,2.3345999717712402,3217,0.0,0.0
2024-10-14 12:20:00-04:00,2.3399999141693115,2.3399999141693115,2.3299999237060547,2.3299999237060547,1391,0.0,0.0
2024-10-14 12:25:00-04:00,2.319999933242798,2.319999933242798,2.319999933242798,2.319999933242798,200,0.0,0.0
2024-10-14 12:35:00-04:00,2.3299999237060547,2.3299999237060547,2.319999933242798,2.319999933242798,796,0.0,0.0
2024-10-14 12:40:00-04:00,2.3299999237060547,2.3399999141693115,2.3299999237060547,2.3399999141693115,4384,0.0,0.0
2024-10-14 12:55:00-04:00,2.3519999980926514,2.359999895095825,2.3350000381469727,2.3399999141693115,6147,0.0,0.0
2024-10-14 13:00:00-04:00,2.3499999046325684,2.3499999046325684,2.3399999141693115,2.3399999141693115,110,0.0,0.0
2024-10-14 13:10:00-04:00,2.3399999141693115,2.3450000286102295,2.3399999141693115,2.3399999141693115,1281,0.0,0.0
2024-10-14 13:15:00-04:00,2.3399999141693115,2.3499999046325684,2.3350000381469727,2.3499999046325684,5348,0.0,0.0
2024-10-14 13:25:00-04:00,2.3399999141693115,2.3399999141693115,2.3399999141693115,2.3399999141693115,0,0.0,0.0
2024-10-14 13:30:00-04:00,2.3570001125335693,2.359999895095825,2.3570001125335693,2.359999895095825,3087,0.0,0.0
2024-10-14 13:35:00-04:00,2.3399999141693115,2.3399999141693115,2.3399999141693115,2.3399999141693115,515,0.0,0.0
2024-10-14 13:45:00-04:00,2.3499999046325684,2.369999885559082,2.3499999046325684,2.369999885559082,1180,0.0,0.0
2024-10-14 13:50:00-04:00,2.359999895095825,2.359999895095825,2.359999895095825,2.359999895095825,1500,0.0,0.0
2024-10-14 14:25:00-04:00,2.390000104904175,2.390000104904175,2.369999885559082,2.369999885559082,1552,0.0,0.0
2024-10-14 14:35:00-04:00,2.380000114440918,2.380000114440918,2.380000114440918,2.380000114440918,416,0.0,0.0
2024-10-14 15:35:00-04:00,2.390000104904175,2.390000104904175,2.3399999141693115,2.3399999141693115,7475,0.0,0.0
2024-10-14 15:45:00-04:00,2.3499999046325684,2.3499999046325684,2.3499999046325684,2.3499999046325684,1354,0.0,0.0
2024-10-14 15:50:00-04:00,2.359999895095825,2.380000114440918,2.359999895095825,2.380000114440918,3250,0.0,0.0
2024-10-14 15:55:00-04:00,2.369999885559082,2.369999885559082,2.3499999046325684,2.359999895095825,6343,0.0,0.0
2024-10-15 09:30:00-04:00,2.359999895095825,2.359999895095825,2.359999895095825,2.359999895095825,231,0.0,0.0
2024-10-15 09:35:00-04:00,2.3399999141693115,2.3499999046325684,2.3399999141693115,2.3429999351501465,1021,0.0,0.0
2024-10-15 09:40:00-04:00,2.369999885559082,2.369999885559082,2.369999885559082,2.369999885559082,236,0.0,0.0
2024-10-15 09:50:00-04:00,2.390000104904175,2.390000104904175,2.390000104904175,2.390000104904175,787,0.0,0.0
2024-10-15 09:55:00-04:00,2.369999885559082,2.369999885559082,2.369999885559082,2.369999885559082,200,0.0,0.0
2024-10-15 10:00:00-04:00,2.390000104904175,2.4100000858306885,2.389899969100952,2.4100000858306885,2442,0.0,0.0
2024-10-15 10:05:00-04:00,2.4100000858306885,2.4100000858306885,2.4100000858306885,2.4100000858306885,367,0.0,0.0
2024-10-15 10:25:00-04:00,2.4049999713897705,2.4100000858306885,2.380000114440918,2.4100000858306885,7475,0.0,0.0
2024-10-15 10:30:00-04:00,2.4100000858306885,2.4200000762939453,2.4100000858306885,2.4100000858306885,1109,0.0,0.0
2024-10-15 10:40:00-04:00,2.4000000953674316,2.4100000858306885,2.4000000953674316,2.4000000953674316,2067,0.0,0.0
2024-10-15 10:45:00-04:00,2.4000000953674316,2.4100000858306885,2.4000000953674316,2.4100000858306885,1057,0.0,0.0
2024-10-15 11:10:00-04:00,2.410099983215332,2.4200000762939453,2.4100000858306885,2.4200000762939453,3926,0.0,0.0
2024-10-15 11:15:00-04:00,2.4149999618530273,2.4200000762939453,2.4149999618530273,2.4200000762939453,5525,0.0,0.0
2024-10-15 11:30:00-04:00,2.4200000762939453,2.4200000762939453,2.4200000762939453,2.4200000762939453,348,0.0,0.0
2024-10-15 11:35:00-04:00,2.4200000762939453,2.4200000762939453,2.4200000762939453,2.4200000762939453,560,0.0,0.0
2024-10-15 12:00:00-04:00,2.4149999618530273,2.4149999618530273,2.4149999618530273,2.4149999618530273,164,0.0,0.0
2024-10-15 12:10:00-04:00,2.4100000858306885,2.4200000762939453,2.4100000858306885,2.4149999618530273,522,0.0,0.0
2024-10-15 12:25:00-04:00,2.4149999618530273,2.4149999618530273,2.4149999618530273,2.4149999618530273,261,0.0,0.0
2024-10-15 12:30:00-04:00,2.4149999618530273,2.4149999618530273,2.4149999618530273,2.4149999618530273,1610,0.0,0.0
2024-10-15 12:35:00-04:00,2.4200000762939453,2.4200000762939453,2.4200000762939453,2.4200000762939453,535,0.0,0.0
2024-10-15 12:50:00-04:00,2.424999952316284,2.430000066757202,2.4200000762939453,2.430000066757202,1782,0.0,0.0
2024-10-15 12:55:00-04:00,2.425299882888794,2.440000057220459,2.425299882888794,2.430000066757202,3261,0.0,0.0
2024-10-15 13:00:00-04:00,2.430000066757202,2.430000066757202,2.430000066757202,2.430000066757202,703,0.0,0.0
2024-10-15 13:30:00-04:00,2.430000066757202,2.440000057220459,2.430000066757202,2.440000057220459,3381,0.0,0.0
2024-10-15 14:00:00-04:00,2.430000066757202,2.430000066757202,2.430000066757202,2.430000066757202,234,0.0,0.0
2024-10-15 14:05:00-04:00,2.430999994277954,2.440000057220459,2.430000066757202,2.440000057220459,1815,0.0,0.0
2024-10-15 14:10:00-04:00,2.434999942779541,2.434999942779541,2.434999942779541,2.434999942779541,293,0.0,0.0
2024-10-15 14:40:00-04:00,2.430000066757202,2.430000066757202,2.430000066757202,2.430000066757202,175,0.0,0.0
2024-10-15 14:50:00-04:00,2.430000066757202,2.430000066757202,2.430000066757202,2.430000066757202,792,0.0,0.0
2024-10-15 14:55:00-04:00,2.4200000762939453,2.4200000762939453,2.4100000858306885,2.4100000858306885,6575,0.0,0.0
2024-10-15 15:00:00-04:00,2.4100000858306885,2.4200000762939453,2.4100000858306885,2.4200000762939453,1721,0.0,0.0
2024-10-15 15:05:00-04:00,2.4149999618530273,2.4149999618530273,2.4149999618530273,2.4149999618530273,101,0.0,0.0
2024-10-15 15:10:00-04:00,2.4149999618530273,2.4149999618530273,2.4149999618530273,2.4149999618530273,102,0.0,0.0
2024-10-15 15:15:00-04:00,2.4100000858306885,2.4149999618530273,2.4100000858306885,2.4149999618530273,925,0.0,0.0
2024-10-15 15:35:00-04:00,2.4200000762939453,2.430000066757202,2.4149999618530273,2.430000066757202,10545,0.0,0.0
2024-10-15 15:55:00-04:00,2.4200000762939453,2.430000066757202,2.4000000953674316,2.4200000762939453,6551,0.0,0.0
2024-10-16 09:30:00-04:00,2.4100000858306885,2.4100000858306885,2.4100000858306885,2.4100000858306885,1279,0.0,0.0
2024-10-16 09:45:00-04:00,2.4100000858306885,2.4100000858306885,2.4100000858306885,2.4100000858306885,5273,0.0,0.0
2024-10-16 09:50:00-04:00,2.4100000858306885,2.4100000858306885,2.4100000858306885,2.4100000858306885,327,0.0,0.0
2024-10-16 10:00:00-04:00,2.400099992752075,2.400099992752075,2.400099992752075,2.400099992752075,2318,0.0,0.0
2024-10-16 10:30:00-04:00,2.4600000381469727,2.4600000381469727,2.4600000381469727,2.4600000381469727,382,0.0,0.0
2024-10-16 10:35:00-04:00,2.450000047683716,2.4600000381469727,2.450000047683716,2.4600000381469727,305,0.0,0.0
2024-10-16 10:45:00-04:00,2.450000047683716,2.450000047683716,2.450000047683716,2.450000047683716,203,0.0,0.0
2024-10-16 11:05:00-04:00,2.4600000381469727,2.4600000381469727,2.4600000381469727,2.4600000381469727,476,0.0,0.0
2024-10-16 11:20:00-04:00,2.454200029373169,2.4600000381469727,2.450000047683716,2.450000047683716,1720,0.0,0.0
2024-10-16 11:25:00-04:00,2.450000047683716,2.450000047683716,2.450000047683716,2.450000047683716,101,0.0,0.0
2024-10-16 11:40:00-04:00,2.450000047683716,2.450000047683716,2.450000047683716,2.450000047683716,170,0.0,0.0
2024-10-16 12:00:00-04:00,2.450000047683716,2.4600000381469727,2.440000057220459,2.450000047683716,13965,0.0,0.0
2024-10-16 12:10:00-04:00,2.4567999839782715,2.4600000381469727,2.4567999839782715,2.4600000381469727,1472,0.0,0.0
2024-10-16 12:45:00-04:00,2.450000047683716,2.4600000381469727,2.450000047683716,2.4600000381469727,2715,0.0,0.0
2024-10-16 13:00:00-04:00,2.4700000286102295,2.4700000286102295,2.4700000286102295,2.4700000286102295,1194,0.0,0.0
2024-10-16 13:50:00-04:00,2.4500999450683594,2.4500999450683594,2.4500999450683594,2.4500999450683594,1400,0.0,0.0
2024-10-16 14:00:00-04:00,2.450000047683716,2.450000047683716,2.450000047683716,2.450000047683716,0,0.0,0.0
2024-10-16 15:05:00-04:00,2.451200008392334,2.451200008392334,2.451200008392334,2.451200008392334,494,0.0,0.0
2024-10-16 15:30:00-04:00,2.4549999237060547,2.4549999237060547,2.450000047683716,2.4549999237060547,1512,0.0,0.0
2024-10-16 15:35:00-04:00,2.450000047683716,2.4600000381469727,2.450000047683716,2.4600000381469727,6895,0.0,0.0
2024-10-16 15:40:00-04:00,2.450000047683716,2.450000047683716,2.450000047683716,2.450000047683716,372,0.0,0.0
2024-10-16 15:45:00-04:00,2.4549999237060547,2.4700000286102295,2.450000047683716,2.4600000381469727,7349,0.0,0.0
2024-10-16 15:50:00-04:00,2.453700065612793,2.453700065612793,2.453700065612793,2.453700065612793,1054,0.0,0.0
2024-10-16 15:55:00-04:00,2.4600000381469727,2.4600000381469727,2.450000047683716,2.450000047683716,2056,0.0,0.0
2024-10-17 09:30:00-04:00,2.4600000381469727,2.4600000381469727,2.4600000381469727,2.4600000381469727,896,0.0,0.0
2024-10-17 10:10:00-04:00,2.4700000286102295,2.4700000286102295,2.4700000286102295,2.4700000286102295,200,0.0,0.0
2024-10-17 10:15:00-04:00,2.4800000190734863,2.4800000190734863,2.4800000190734863,2.4800000190734863,100,0.0,0.0
2024-10-17 10:40:00-04:00,2.466599941253662,2.4700000286102295,2.4649999141693115,2.4700000286102295,1412,0.0,0.0
2024-10-17 10:45:00-04:00,2.4600000381469727,2.4700000286102295,2.4600000381469727,2.4700000286102295,204,0.0,0.0
2024-10-17 10:55:00-04:00,2.462899923324585,2.4700000286102295,2.4626998901367188,2.4700000286102295,2188,0.0,0.0
2024-10-17 11:15:00-04:00,2.4649999141693115,2.4649999141693115,2.450000047683716,2.4600000381469727,5531,0.0,0.0
2024-10-17 11:20:00-04:00,2.4549999237060547,2.4600000381469727,2.4549999237060547,2.4600000381469727,1717,0.0,0.0
2024-10-17 11:25:00-04:00,2.4600000381469727,2.4600000381469727,2.4600000381469727,2.4600000381469727,914,0.0,0.0
2024-10-17 11:45:00-04:00,2.4600000381469727,2.4600000381469727,2.4600000381469727,2.4600000381469727,296,0.0,0.0
2024-10-17 11:50:00-04:00,2.4584999084472656,2.4600000381469727,2.4549999237060547,2.4549999237060547,2601,0.0,0.0
2024-10-17 11:55:00-04:00,2.4600000381469727,2.4600000381469727,2.4600000381469727,2.4600000381469727,1197,0.0,0.0
2024-10-17 12:00:00-04:00,2.4600000381469727,2.4600000381469727,2.4600000381469727,2.4600000381469727,771,0.0,0.0
2024-10-17 12:15:00-04:00,2.4549999237060547,2.4600000381469727,2.4549999237060547,2.4600000381469727,662,0.0,0.0
2024-10-17 12:20:00-04:00,2.4549999237060547,2.4600000381469727,2.4549999237060547,2.4549999237060547,2605,0.0,0.0
2024-10-17 12:35:00-04:00,2.4549999237060547,2.4549999237060547,2.4549999237060547,2.4549999237060547,254,0.0,0.0
2024-10-17 12:40:00-04:00,2.4549999237060547,2.4600000381469727,2.4549999237060547,2.4549999237060547,515,0.0,0.0
2024-10-17 12:50:00-04:00,2.4549999237060547,2.4549999237060547,2.4549999237060547,2.4549999237060547,300,0.0,0.0
2024-10-17 12:55:00-04:00,2.4549999237060547,2.4549999237060547,2.444999933242798,2.450000047683716,1976,0.0,0.0
2024-10-17 13:45:00-04:00,2.459399938583374,2.4700000286102295,2.450000047683716,2.4619998931884766,2871,0.0,0.0
2024-10-17 14:10:00-04:00,2.450000047683716,2.450000047683716,2.450000047683716,2.450000047683716,167,0.0,0.0
2024-10-17 14:15:00-04:00,2.4700000286102295,2.4700000286102295,2.4700000286102295,2.4700000286102295,290,0.0,0.0
2024-10-17 14:35:00-04:00,2.450000047683716,2.450000047683716,2.450000047683716,2.450000047683716,673,0.0,0.0
2024-10-17 14:45:00-04:00,2.4493000507354736,2.4493000507354736,2.4493000507354736,2.4493000507354736,500,0.0,0.0
2024-10-17 14:50:00-04:00,2.450000047683716,2.450000047683716,2.450000047683716,2.450000047683716,0,0.0,0.0
2024-10-17 15:00:00-04:00,2.4600000381469727,2.4600000381469727,2.4600000381469727,2.4600000381469727,1200,0.0,0.0
2024-10-17 15:05:00-04:00,2.469099998474121,2.4700000286102295,2.4600000381469727,2.4600000381469727,1312,0.0,0.0
2024-10-17 15:15:00-04:00,2.4600000381469727,2.4600000381469727,2.450000047683716,2.450000047683716,1196,0.0,0.0
2024-10-17 15:35:00-04:00,2.440000057220459,2.440000057220459,2.440000057220459,2.440000057220459,681,0.0,0.0
2024-10-17 15:40:00-04:00,2.440000057220459,2.440000057220459,2.440000057220459,2.440000057220459,1641,0.0,0.0
2024-10-17 15:45:00-04:00,2.440000057220459,2.440000057220459,2.4100000858306885,2.4172000885009766,3099,0.0,0.0
2024-10-17 15:50:00-04:00,2.4200000762939453,2.4200000762939453,2.4149999618530273,2.4149999618530273,853,0.0,0.0
2024-10-17 15:55:00-04:00,2.4149999618530273,2.4200000762939453,2.4100000858306885,2.4149999618530273,4875,0.0,0.0
2024-10-18 09:30:00-04:00,2.4100000858306885,2.4100000858306885,2.4100000858306885,2.4100000858306885,2077,0.0,0.0
2024-10-18 09:40:00-04:00,2.3905999660491943,2.3905999660491943,2.390000104904175,2.390000104904175,600,0.0,0.0
2024-10-18 09:45:00-04:00,2.4100000858306885,2.4100000858306885,2.4100000858306885,2.4100000858306885,400,0.0,0.0
2024-10-18 09:55:00-04:00,2.4100000858306885,2.4100000858306885,2.4100000858306885,2.4100000858306885,225,0.0,0.0
2024-10-18 10:30:00-04:00,2.4200000762939453,2.4600000381469727,2.4200000762939453,2.4600000381469727,2804,0.0,0.0
2024-10-18 10:35:00-04:00,2.4579999446868896,2.4700000286102295,2.4579999446868896,2.4700000286102295,1980,0.0,0.0
2024-10-18 10:40:00-04:00,2.450000047683716,2.450000047683716,2.450000047683716,2.450000047683716,1120,0.0,0.0
2024-10-18 10:50:00-04:00,2.450000047683716,2.450000047683716,2.444999933242798,2.444999933242798,292,0.0,0.0
2024-10-18 11:10:00-04:00,2.440000057220459,2.440000057220459,2.440000057220459,2.440000057220459,214,0.0,0.0
2024-10-18 11:20:00-04:00,2.4100000858306885,2.440000057220459,2.4100000858306885,2.440000057220459,500,0.0,0.0
2024-10-18 11:25:00-04:00,2.424999952316284,2.424999952316284,2.424999952316284,2.424999952316284,7530,0.0,0.0
2024-10-18 11:30:00-04:00,2.424999952316284,2.424999952316284,2.424999952316284,2.424999952316284,1341,0.0,0.0
2024-10-18 11:35:00-04:00,2.432499885559082,2.440000057220459,2.424999952316284,2.424999952316284,10228,0.0,0.0
2024-10-18 11:50:00-04:00,2.424999952316284,2.424999952316284,2.424999952316284,2.424999952316284,269,0.0,0.0
2024-10-18 12:20:00-04:00,2.4100000858306885,2.440000057220459,2.4100000858306885,2.424999952316284,3200,0.0,0.0
2024-10-18 12:25:00-04:00,2.424999952316284,2.430000066757202,2.4100000858306885,2.4100000858306885,4656,0.0,0.0
2024-10-18 12:30:00-04:00,2.4100000858306885,2.430000066757202,2.4100000858306885,2.4200000762939453,1300,0.0,0.0
2024-10-18 12:40:00-04:00,2.419800043106079,2.419800043106079,2.419800043106079,2.419800043106079,300,0.0,0.0
2024-10-18 12:45:00-04:00,2.4100000858306885,2.430000066757202,2.4100000858306885,2.4100000858306885,3412,0.0,0.0
2024-10-18 12:50:00-04:00,2.4100000858306885,2.4100000858306885,2.4100000858306885,2.4100000858306885,2031,0.0,0.0
2024-10-18 12:55:00-04:00,2.4100000858306885,2.4100000858306885,2.4100000858306885,2.4100000858306885,205,0.0,0.0
2024-10-18 13:00:00-04:00,2.4100000858306885,2.4100000858306885,2.4100000858306885,2.4100000858306885,1884,0.0,0.0
2024-10-18 13:10:00-04:00,2.4100000858306885,2.4100000858306885,2.4100000858306885,2.4100000858306885,4622,0.0,0.0
2024-10-18 13:25:00-04:00,2.4100000858306885,2.4100000858306885,2.4100000858306885,2.4100000858306885,1609,0.0,0.0
2024-10-18 13:30:00-04:00,2.4100000858306885,2.4100000858306885,2.4100000858306885,2.4100000858306885,2000,0.0,0.0
2024-10-18 13:35:00-04:00,2.4100000858306885,2.430000066757202,2.4100000858306885,2.430000066757202,4973,0.0,0.0
2024-10-18 13:40:00-04:00,2.4100000858306885,2.4200000762939453,2.4100000858306885,2.4200000762939453,4582,0.0,0.0
2024-10-18 13:45:00-04:00,2.4100000858306885,2.4200000762939453,2.4100000858306885,2.4200000762939453,2413,0.0,0.0
2024-10-18 13:50:00-04:00,2.4100000858306885,2.4200000762939453,2.4100000858306885,2.4200000762939453,4700,0.0,0.0
2024-10-18 13:55:00-04:00,2.4200000762939453,2.4200000762939453,2.4100000858306885,2.4200000762939453,2663,0.0,0.0
2024-10-18 14:00:00-04:00,2.4100000858306885,2.4200000762939453,2.4100000858306885,2.4149999618530273,6665,0.0,0.0
2024-10-18 14:05:00-04:00,2.4100000858306885,2.4200000762939453,2.4100000858306885,2.4100000858306885,3400,0.0,0.0
2024-10-18 14:10:00-04:00,2.4100000858306885,2.4100000858306885,2.380000114440918,2.390000104904175,2848,0.0,0.0
2024-10-18 14:15:00-04:00,2.380000114440918,2.380000114440918,2.380000114440918,2.380000114440918,632,0.0,0.0
2024-10-18 14:20:00-04:00,2.4000000953674316,2.4000000953674316,2.380000114440918,2.380000114440918,4602,0.0,0.0
2024-10-18 14:25:00-04:00,2.369999885559082,2.369999885559082,2.369999885559082,2.369999885559082,1100,0.0,0.0
2024-10-18 14:30:00-04:00,2.369999885559082,2.369999885559082,2.359999895095825,2.359999895095825,532,0.0,0.0
2024-10-18 14:35:00-04:00,2.3499999046325684,2.3499999046325684,2.3499999046325684,2.3499999046325684,2111,0.0,0.0
2024-10-18 14:40:00-04:00,2.359999895095825,2.359999895095825,2.3499999046325684,2.3499999046325684,2829,0.0,0.0
2024-10-18 14:45:00-04:00,2.3550000190734863,2.3550000190734863,2.3550000190734863,2.3550000190734863,160,0.0,0.0
2024-10-18 14:50:00-04:00,2.3499999046325684,2.3570001125335693,2.3499999046325684,2.3499999046325684,3120,0.0,0.0
2024-10-18 15:00:00-04:00,2.3598999977111816,2.3598999977111816,2.3598999977111816,2.3598999977111816,478,0.0,0.0
2024-10-18 15:15:00-04:00,2.3513998985290527,2.3513998985290527,2.3513998985290527,2.3513998985290527,997,0.0,0.0
2024-10-18 15:45:00-04:00,2.3399999141693115,2.3399999141693115,2.2950000762939453,2.3078999519348145,13064,0.0,0.0
2024-10-18 15:50:00-04:00,2.309999942779541,2.319999933242798,2.309999942779541,2.319999933242798,455,0.0,0.0
2024-10-18 15:55:00-04:00,2.3399999141693115,2.3499999046325684,2.3299999237060547,2.3299999237060547,19627,0.0,0.0
