Datetime,Open,High,Low,Close,Volume,Dividends,Stock Splits
2022-11-02 09:00:00+09:00,5120.0,5150.0,5100.0,5130.0,0,0.0,0.0
2022-11-02 10:00:00+09:00,5120.0,5140.0,5110.0,5120.0,1164,0.0,0.0
2022-11-02 11:00:00+09:00,5130.0,5150.0,5100.0,5150.0,4511,0.0,0.0
2022-11-02 12:00:00+09:00,5150.0,5150.0,5120.0,5140.0,195,0.0,0.0
2022-11-02 13:00:00+09:00,5120.0,5140.0,5110.0,5130.0,3984,0.0,0.0
2022-11-02 14:00:00+09:00,5130.0,5140.0,5110.0,5140.0,70,0.0,0.0
2022-11-03 09:00:00+09:00,5050.0,5250.0,5050.0,5180.0,11221,0.0,0.0
2022-11-03 10:00:00+09:00,5190.0,5230.0,5160.0,5180.0,5374,0.0,0.0
2022-11-03 11:00:00+09:00,5180.0,5200.0,5150.0,5160.0,4504,0.0,0.0
2022-11-03 12:00:00+09:00,5160.0,5180.0,5140.0,5160.0,1651,0.0,0.0
2022-11-03 13:00:00+09:00,5160.0,5160.0,5120.0,5160.0,3249,0.0,0.0
2022-11-03 14:00:00+09:00,5150.0,5270.0,5130.0,5180.0,7830,0.0,0.0
2022-11-04 09:00:00+09:00,5130.0,5200.0,5130.0,5140.0,0,0.0,0.0
2022-11-04 10:00:00+09:00,5140.0,5160.0,5120.0,5120.0,2578,0.0,0.0
2022-11-04 11:00:00+09:00,5120.0,5130.0,5120.0,5130.0,587,0.0,0.0
2022-11-04 12:00:00+09:00,5130.0,5140.0,5120.0,5140.0,3153,0.0,0.0
2022-11-04 13:00:00+09:00,5140.0,5140.0,5120.0,5120.0,850,0.0,0.0
2022-11-04 14:00:00+09:00,5120.0,5140.0,5110.0,5140.0,2878,0.0,0.0
2022-11-07 09:00:00+09:00,5150.0,5200.0,5140.0,5170.0,0,0.0,0.0
2022-11-07 10:00:00+09:00,5170.0,5190.0,5170.0,5170.0,374,0.0,0.0
2022-11-07 11:00:00+09:00,5170.0,5180.0,5150.0,5180.0,605,0.0,0.0
2022-11-07 12:00:00+09:00,5170.0,5170.0,5150.0,5170.0,92,0.0,0.0
2022-11-07 13:00:00+09:00,5160.0,5170.0,5140.0,5140.0,2448,0.0,0.0
2022-11-07 14:00:00+09:00,5140.0,5180.0,5110.0,5140.0,6576,0.0,0.0
2022-11-08 09:00:00+09:00,5160.0,5210.0,5150.0,5190.0,0,0.0,0.0
2022-11-08 10:00:00+09:00,5200.0,5220.0,5160.0,5190.0,5282,0.0,0.0
2022-11-08 11:00:00+09:00,5170.0,5190.0,5160.0,5180.0,413,0.0,0.0
2022-11-08 12:00:00+09:00,5190.0,5190.0,5160.0,5160.0,214,0.0,0.0
2022-11-08 13:00:00+09:00,5170.0,5180.0,5160.0,5180.0,1379,0.0,0.0
2022-11-08 14:00:00+09:00,5180.0,5180.0,5150.0,5180.0,1114,0.0,0.0
2022-11-09 09:00:00+09:00,5190.0,5220.0,5170.0,5190.0,0,0.0,0.0
2022-11-09 10:00:00+09:00,5170.0,5170.0,5150.0,5160.0,2346,0.0,0.0
2022-11-09 11:00:00+09:00,5160.0,5190.0,5160.0,5190.0,295,0.0,0.0
2022-11-09 12:00:00+09:00,5170.0,5180.0,5160.0,5170.0,1257,0.0,0.0
2022-11-09 13:00:00+09:00,5170.0,5180.0,5160.0,5180.0,1761,0.0,0.0
2022-11-09 14:00:00+09:00,5180.0,5190.0,5150.0,5160.0,1711,0.0,0.0
2022-11-10 09:00:00+09:00,5150.0,5200.0,5110.0,5150.0,0,0.0,0.0
2022-11-10 10:00:00+09:00,5150.0,5160.0,5130.0,5150.0,1266,0.0,0.0
2022-11-10 11:00:00+09:00,5150.0,5150.0,5120.0,5120.0,2349,0.0,0.0
2022-11-10 12:00:00+09:00,5150.0,5150.0,5150.0,5150.0,4,0.0,0.0
2022-11-10 13:00:00+09:00,5150.0,5150.0,5150.0,5150.0,23,0.0,0.0
2022-11-10 14:00:00+09:00,5150.0,5150.0,5130.0,5150.0,835,0.0,0.0
2022-11-11 09:00:00+09:00,5220.0,5220.0,5160.0,5170.0,2362,0.0,0.0
2022-11-11 10:00:00+09:00,5170.0,5180.0,5120.0,5130.0,13096,0.0,0.0
2022-11-11 11:00:00+09:00,5130.0,5150.0,5120.0,5150.0,2808,0.0,0.0
2022-11-11 12:00:00+09:00,5140.0,5210.0,5130.0,5210.0,6558,0.0,0.0
2022-11-11 13:00:00+09:00,5190.0,5250.0,5120.0,5150.0,11476,0.0,0.0
2022-11-11 14:00:00+09:00,5140.0,5160.0,5130.0,5150.0,1859,0.0,0.0
2022-11-14 09:00:00+09:00,5200.0,5240.0,5150.0,5230.0,0,0.0,0.0
2022-11-14 10:00:00+09:00,5230.0,5230.0,5150.0,5180.0,3304,0.0,0.0
2022-11-14 11:00:00+09:00,5170.0,5180.0,5150.0,5180.0,2225,0.0,0.0
2022-11-14 12:00:00+09:00,5190.0,5200.0,5170.0,5180.0,101,0.0,0.0
2022-11-14 13:00:00+09:00,5180.0,5200.0,5180.0,5190.0,905,0.0,0.0
2022-11-14 14:00:00+09:00,5190.0,5190.0,5150.0,5150.0,4101,0.0,0.0
2022-11-15 09:00:00+09:00,5180.0,5260.0,5160.0,5190.0,0,0.0,0.0
2022-11-15 10:00:00+09:00,5190.0,5210.0,5180.0,5210.0,2609,0.0,0.0
2022-11-15 11:00:00+09:00,5210.0,5210.0,5180.0,5190.0,1009,0.0,0.0
2022-11-15 12:00:00+09:00,5190.0,5200.0,5180.0,5180.0,883,0.0,0.0
2022-11-15 13:00:00+09:00,5190.0,5200.0,5190.0,5190.0,276,0.0,0.0
2022-11-15 14:00:00+09:00,5190.0,5200.0,5180.0,5180.0,657,0.0,0.0
2022-11-16 09:00:00+09:00,5240.0,5240.0,5160.0,5160.0,0,0.0,0.0
2022-11-16 10:00:00+09:00,5160.0,5170.0,5160.0,5170.0,2124,0.0,0.0
2022-11-16 11:00:00+09:00,5170.0,5170.0,5140.0,5160.0,4558,0.0,0.0
2022-11-16 12:00:00+09:00,5160.0,5160.0,5130.0,5150.0,4430,0.0,0.0
2022-11-16 13:00:00+09:00,5150.0,5170.0,5110.0,5160.0,12374,0.0,0.0
2022-11-16 14:00:00+09:00,5160.0,5160.0,5140.0,5160.0,994,0.0,0.0
2022-11-17 10:00:00+09:00,5160.0,5160.0,5100.0,5130.0,3529,0.0,0.0
2022-11-17 11:00:00+09:00,5140.0,5140.0,5110.0,5120.0,1393,0.0,0.0
2022-11-17 12:00:00+09:00,5120.0,5140.0,5100.0,5140.0,425,0.0,0.0
2022-11-17 13:00:00+09:00,5140.0,5140.0,5110.0,5120.0,1094,0.0,0.0
2022-11-17 14:00:00+09:00,5120.0,5150.0,5110.0,5150.0,1829,0.0,0.0
2022-11-18 09:00:00+09:00,5160.0,5160.0,5120.0,5140.0,0,0.0,0.0
2022-11-18 10:00:00+09:00,5140.0,5170.0,5140.0,5170.0,2589,0.0,0.0
2022-11-18 11:00:00+09:00,5150.0,5170.0,5140.0,5160.0,0,0.0,0.0
2022-11-18 12:00:00+09:00,5160.0,5160.0,5150.0,5150.0,3339,0.0,0.0
2022-11-18 13:00:00+09:00,5160.0,5170.0,5140.0,5160.0,84,0.0,0.0
2022-11-18 14:00:00+09:00,5150.0,5160.0,5140.0,5150.0,1427,0.0,0.0
2022-11-21 09:00:00+09:00,5100.0,5130.0,5100.0,5130.0,0,0.0,0.0
2022-11-21 10:00:00+09:00,5110.0,5120.0,5110.0,5120.0,806,0.0,0.0
2022-11-21 11:00:00+09:00,5120.0,5120.0,5110.0,5120.0,653,0.0,0.0
2022-11-21 12:00:00+09:00,5130.0,5130.0,5100.0,5100.0,2251,0.0,0.0
2022-11-21 13:00:00+09:00,5120.0,5130.0,5110.0,5130.0,217,0.0,0.0
2022-11-21 14:00:00+09:00,5130.0,5140.0,5120.0,5130.0,873,0.0,0.0
2022-11-22 09:00:00+09:00,5070.0,5190.0,5070.0,5150.0,0,0.0,0.0
2022-11-22 10:00:00+09:00,5140.0,5150.0,5110.0,5150.0,597,0.0,0.0
2022-11-22 11:00:00+09:00,5160.0,5180.0,5110.0,5130.0,2030,0.0,0.0
2022-11-22 12:00:00+09:00,5130.0,5140.0,5110.0,5120.0,280,0.0,0.0
2022-11-22 14:00:00+09:00,5140.0,5140.0,5120.0,5120.0,475,0.0,0.0
2022-11-23 09:00:00+09:00,5180.0,5180.0,5120.0,5120.0,0,0.0,0.0
2022-11-23 10:00:00+09:00,5120.0,5140.0,5110.0,5140.0,2630,0.0,0.0
2022-11-23 11:00:00+09:00,5140.0,5140.0,5110.0,5130.0,506,0.0,0.0
2022-11-23 12:00:00+09:00,5120.0,5130.0,5100.0,5100.0,1745,0.0,0.0
2022-11-23 13:00:00+09:00,5130.0,5130.0,5110.0,5130.0,650,0.0,0.0
2022-11-23 14:00:00+09:00,5130.0,5130.0,5110.0,5130.0,946,0.0,0.0
2022-11-24 09:00:00+09:00,5160.0,5170.0,5140.0,5140.0,0,0.0,0.0
2022-11-24 10:00:00+09:00,5140.0,5160.0,5140.0,5160.0,1534,0.0,0.0
2022-11-24 11:00:00+09:00,5140.0,5160.0,5140.0,5160.0,517,0.0,0.0
2022-11-24 12:00:00+09:00,5150.0,5150.0,5140.0,5140.0,148,0.0,0.0
2022-11-24 13:00:00+09:00,5140.0,5160.0,5130.0,5160.0,1681,0.0,0.0
2022-11-24 14:00:00+09:00,5160.0,5170.0,5150.0,5170.0,872,0.0,0.0
2022-11-25 09:00:00+09:00,5170.0,5180.0,5130.0,5160.0,0,0.0,0.0
2022-11-25 10:00:00+09:00,5160.0,5170.0,5130.0,5160.0,1312,0.0,0.0
2022-11-25 11:00:00+09:00,5150.0,5180.0,5150.0,5180.0,1183,0.0,0.0
2022-11-25 12:00:00+09:00,5150.0,5180.0,5150.0,5180.0,790,0.0,0.0
2022-11-25 13:00:00+09:00,5170.0,5180.0,5170.0,5180.0,607,0.0,0.0
2022-11-25 14:00:00+09:00,5160.0,5180.0,5160.0,5180.0,586,0.0,0.0
2022-11-28 09:00:00+09:00,5210.0,5210.0,5140.0,5140.0,0,0.0,0.0
2022-11-28 10:00:00+09:00,5140.0,5150.0,5130.0,5150.0,465,0.0,0.0
2022-11-28 11:00:00+09:00,5140.0,5170.0,5140.0,5170.0,928,0.0,0.0
2022-11-28 12:00:00+09:00,5170.0,5180.0,5160.0,5160.0,287,0.0,0.0
2022-11-28 13:00:00+09:00,5160.0,5170.0,5130.0,5150.0,3155,0.0,0.0
2022-11-28 14:00:00+09:00,5150.0,5150.0,5140.0,5140.0,109,0.0,0.0
2022-11-29 09:00:00+09:00,5020.0,5130.0,5020.0,5100.0,0,0.0,0.0
2022-11-29 10:00:00+09:00,5100.0,5120.0,5100.0,5120.0,1712,0.0,0.0
2022-11-29 11:00:00+09:00,5110.0,5120.0,5100.0,5120.0,814,0.0,0.0
2022-11-29 12:00:00+09:00,5120.0,5130.0,5120.0,5120.0,229,0.0,0.0
2022-11-29 13:00:00+09:00,5120.0,5150.0,5120.0,5150.0,4393,0.0,0.0
2022-11-29 14:00:00+09:00,5150.0,5190.0,5150.0,5190.0,5016,0.0,0.0
2022-11-30 09:00:00+09:00,5280.0,5300.0,5160.0,5180.0,2215,0.0,0.0
2022-11-30 10:00:00+09:00,5180.0,5450.0,5170.0,5260.0,64813,0.0,0.0
2022-11-30 11:00:00+09:00,5260.0,5280.0,5250.0,5280.0,7625,0.0,0.0
2022-11-30 12:00:00+09:00,5270.0,5270.0,5240.0,5240.0,4805,0.0,0.0
2022-11-30 13:00:00+09:00,5240.0,5270.0,5230.0,5270.0,5702,0.0,0.0
2022-11-30 14:00:00+09:00,5240.0,5260.0,5200.0,5240.0,7031,0.0,0.0
2022-12-01 09:00:00+09:00,5290.0,5290.0,5180.0,5200.0,0,0.0,0.0
2022-12-01 10:00:00+09:00,5200.0,5220.0,5190.0,5200.0,3312,0.0,0.0
2022-12-01 11:00:00+09:00,5220.0,5230.0,5170.0,5170.0,3281,0.0,0.0
2022-12-01 12:00:00+09:00,5180.0,5200.0,5180.0,5190.0,3112,0.0,0.0
2022-12-01 13:00:00+09:00,5180.0,5200.0,5170.0,5190.0,4117,0.0,0.0
2022-12-01 14:00:00+09:00,5190.0,5190.0,5170.0,5190.0,1397,0.0,0.0
2022-12-02 09:00:00+09:00,5220.0,5220.0,5170.0,5170.0,0,0.0,0.0
2022-12-02 10:00:00+09:00,5180.0,5190.0,5170.0,5180.0,1972,0.0,0.0
2022-12-02 11:00:00+09:00,5170.0,5170.0,5150.0,5170.0,4078,0.0,0.0
2022-12-02 12:00:00+09:00,5170.0,5180.0,5160.0,5170.0,197,0.0,0.0
2022-12-02 13:00:00+09:00,5160.0,5180.0,5140.0,5160.0,2529,0.0,0.0
2022-12-02 14:00:00+09:00,5160.0,5180.0,5160.0,5160.0,392,0.0,0.0
2022-12-05 09:00:00+09:00,5190.0,5200.0,5130.0,5160.0,0,0.0,0.0
2022-12-05 10:00:00+09:00,5160.0,5180.0,5150.0,5180.0,477,0.0,0.0
2022-12-05 11:00:00+09:00,5160.0,5180.0,5150.0,5150.0,285,0.0,0.0
2022-12-05 12:00:00+09:00,5150.0,5160.0,5150.0,5150.0,1194,0.0,0.0
2022-12-05 13:00:00+09:00,5160.0,5160.0,5150.0,5150.0,166,0.0,0.0
2022-12-05 14:00:00+09:00,5160.0,5160.0,5140.0,5150.0,2381,0.0,0.0
2022-12-06 09:00:00+09:00,5190.0,5190.0,5120.0,5140.0,0,0.0,0.0
2022-12-06 10:00:00+09:00,5140.0,5190.0,5140.0,5190.0,4264,0.0,0.0
2022-12-06 11:00:00+09:00,5190.0,5190.0,5150.0,5170.0,1185,0.0,0.0
2022-12-06 12:00:00+09:00,5160.0,5180.0,5160.0,5180.0,225,0.0,0.0
2022-12-06 13:00:00+09:00,5170.0,5180.0,5160.0,5160.0,107,0.0,0.0
2022-12-06 14:00:00+09:00,5160.0,5190.0,5140.0,5140.0,2291,0.0,0.0
2022-12-07 09:00:00+09:00,5130.0,5140.0,5090.0,5120.0,4388,0.0,0.0
2022-12-07 10:00:00+09:00,5120.0,5130.0,5110.0,5120.0,1853,0.0,0.0
2022-12-07 11:00:00+09:00,5120.0,5140.0,5110.0,5130.0,1854,0.0,0.0
2022-12-07 12:00:00+09:00,5120.0,5140.0,5120.0,5120.0,795,0.0,0.0
2022-12-07 13:00:00+09:00,5120.0,5120.0,5110.0,5110.0,2177,0.0,0.0
2022-12-07 14:00:00+09:00,5110.0,5120.0,5100.0,5100.0,1693,0.0,0.0
2022-12-08 09:00:00+09:00,5050.0,5170.0,5050.0,5090.0,0,0.0,0.0
2022-12-08 10:00:00+09:00,5090.0,5090.0,5050.0,5090.0,13662,0.0,0.0
2022-12-08 11:00:00+09:00,5090.0,5100.0,5070.0,5070.0,639,0.0,0.0
2022-12-08 12:00:00+09:00,5070.0,5070.0,5060.0,5070.0,290,0.0,0.0
2022-12-08 13:00:00+09:00,5070.0,5100.0,5060.0,5060.0,1885,0.0,0.0
2022-12-08 14:00:00+09:00,5060.0,5110.0,5060.0,5090.0,1490,0.0,0.0
2022-12-09 09:00:00+09:00,5100.0,5140.0,5050.0,5080.0,0,0.0,0.0
2022-12-09 10:00:00+09:00,5090.0,5130.0,5080.0,5130.0,2402,0.0,0.0
2022-12-09 11:00:00+09:00,5120.0,5120.0,5100.0,5100.0,115,0.0,0.0
2022-12-09 12:00:00+09:00,5120.0,5120.0,5080.0,5090.0,1586,0.0,0.0
2022-12-09 13:00:00+09:00,5090.0,5100.0,5080.0,5080.0,244,0.0,0.0
2022-12-09 14:00:00+09:00,5090.0,5110.0,5090.0,5100.0,120,0.0,0.0
2022-12-12 09:00:00+09:00,5100.0,5130.0,5080.0,5110.0,0,0.0,0.0
2022-12-12 10:00:00+09:00,5080.0,5110.0,5080.0,5100.0,282,0.0,0.0
2022-12-12 11:00:00+09:00,5090.0,5110.0,5080.0,5100.0,1062,0.0,0.0
2022-12-12 12:00:00+09:00,5100.0,5110.0,5090.0,5090.0,279,0.0,0.0
2022-12-12 13:00:00+09:00,5090.0,5100.0,5090.0,5100.0,226,0.0,0.0
2022-12-12 14:00:00+09:00,5100.0,5100.0,5090.0,5090.0,0,0.0,0.0
2022-12-13 09:00:00+09:00,5130.0,5130.0,5110.0,5110.0,0,0.0,0.0
2022-12-13 10:00:00+09:00,5130.0,5130.0,5110.0,5120.0,1182,0.0,0.0
2022-12-13 11:00:00+09:00,5110.0,5130.0,5110.0,5110.0,275,0.0,0.0
2022-12-13 12:00:00+09:00,5110.0,5120.0,5110.0,5110.0,286,0.0,0.0
2022-12-13 13:00:00+09:00,5110.0,5130.0,5110.0,5110.0,376,0.0,0.0
2022-12-13 14:00:00+09:00,5110.0,5130.0,5110.0,5120.0,1208,0.0,0.0
2022-12-14 09:00:00+09:00,5130.0,5140.0,5090.0,5120.0,0,0.0,0.0
2022-12-14 10:00:00+09:00,5120.0,5130.0,5110.0,5130.0,727,0.0,0.0
2022-12-14 11:00:00+09:00,5120.0,5130.0,5110.0,5130.0,1661,0.0,0.0
2022-12-14 12:00:00+09:00,5120.0,5130.0,5110.0,5130.0,359,0.0,0.0
2022-12-14 13:00:00+09:00,5110.0,5140.0,5110.0,5140.0,690,0.0,0.0
2022-12-14 14:00:00+09:00,5140.0,5140.0,5120.0,5140.0,361,0.0,0.0
2022-12-15 09:00:00+09:00,5190.0,5200.0,5130.0,5130.0,0,0.0,0.0
2022-12-15 10:00:00+09:00,5140.0,5150.0,5120.0,5130.0,931,0.0,0.0
2022-12-15 11:00:00+09:00,5120.0,5120.0,5100.0,5120.0,2071,0.0,0.0
2022-12-15 12:00:00+09:00,5120.0,5150.0,5100.0,5140.0,3093,0.0,0.0
2022-12-15 13:00:00+09:00,5120.0,5120.0,5090.0,5090.0,6448,0.0,0.0
2022-12-15 14:00:00+09:00,5090.0,5140.0,5080.0,5140.0,2757,0.0,0.0
2022-12-16 09:00:00+09:00,5050.0,5110.0,5040.0,5110.0,0,0.0,0.0
2022-12-16 10:00:00+09:00,5090.0,5110.0,5080.0,5100.0,305,0.0,0.0
2022-12-16 11:00:00+09:00,5100.0,5100.0,5090.0,5100.0,16,0.0,0.0
2022-12-16 12:00:00+09:00,5090.0,5100.0,5090.0,5100.0,157,0.0,0.0
2022-12-16 13:00:00+09:00,5090.0,5110.0,5090.0,5100.0,234,0.0,0.0
2022-12-16 14:00:00+09:00,5100.0,5100.0,5100.0,5100.0,1012,0.0,0.0
2022-12-19 09:00:00+09:00,5050.0,5070.0,5050.0,5060.0,1921,0.0,0.0
2022-12-19 10:00:00+09:00,5070.0,5080.0,5040.0,5060.0,5697,0.0,0.0
2022-12-19 11:00:00+09:00,5040.0,5080.0,5040.0,5080.0,2214,0.0,0.0
2022-12-19 12:00:00+09:00,5080.0,5080.0,5060.0,5060.0,545,0.0,0.0
2022-12-19 13:00:00+09:00,5060.0,5090.0,5040.0,5090.0,5189,0.0,0.0
2022-12-19 14:00:00+09:00,5090.0,5100.0,5080.0,5080.0,2019,0.0,0.0
2022-12-20 09:00:00+09:00,5080.0,5080.0,5060.0,5060.0,0,0.0,0.0
2022-12-20 10:00:00+09:00,5060.0,5060.0,5050.0,5060.0,2525,0.0,0.0
2022-12-20 11:00:00+09:00,5060.0,5060.0,5050.0,5050.0,0,0.0,0.0
2022-12-20 12:00:00+09:00,5050.0,5060.0,5050.0,5060.0,4844,0.0,0.0
2022-12-20 13:00:00+09:00,5060.0,5080.0,5020.0,5030.0,5318,0.0,0.0
2022-12-20 14:00:00+09:00,5030.0,5050.0,5000.0,5030.0,1517,0.0,0.0
2022-12-21 09:00:00+09:00,5000.0,5030.0,4995.0,5010.0,0,0.0,0.0
2022-12-21 10:00:00+09:00,5000.0,5030.0,4995.0,5010.0,1500,0.0,0.0
2022-12-21 11:00:00+09:00,5010.0,5030.0,5000.0,5010.0,82,0.0,0.0
2022-12-21 12:00:00+09:00,5020.0,5030.0,5020.0,5020.0,944,0.0,0.0
2022-12-21 13:00:00+09:00,5020.0,5040.0,5010.0,5010.0,449,0.0,0.0
2022-12-21 14:00:00+09:00,5010.0,5030.0,5010.0,5010.0,615,0.0,0.0
2022-12-22 09:00:00+09:00,5020.0,5040.0,5010.0,5020.0,0,0.0,0.0
2022-12-22 10:00:00+09:00,5020.0,5040.0,5010.0,5040.0,1199,0.0,0.0
2022-12-22 11:00:00+09:00,5040.0,5050.0,5030.0,5030.0,584,0.0,0.0
2022-12-22 12:00:00+09:00,5030.0,5050.0,5020.0,5050.0,1833,0.0,0.0
2022-12-22 13:00:00+09:00,5020.0,5030.0,5020.0,5030.0,1184,0.0,0.0
2022-12-22 14:00:00+09:00,5030.0,5040.0,5030.0,5030.0,1581,0.0,0.0
2022-12-23 09:00:00+09:00,5060.0,5070.0,4990.0,5000.0,0,0.0,0.0
2022-12-23 10:00:00+09:00,5000.0,5020.0,4975.0,4985.0,5772,0.0,0.0
2022-12-23 11:00:00+09:00,4985.0,4985.0,4980.0,4980.0,576,0.0,0.0
2022-12-23 12:00:00+09:00,4980.0,4990.0,4980.0,4980.0,627,0.0,0.0
2022-12-23 13:00:00+09:00,4985.0,4985.0,4975.0,4975.0,1311,0.0,0.0
2022-12-23 14:00:00+09:00,4990.0,4990.0,4960.0,4960.0,3192,0.0,0.0
2022-12-26 09:00:00+09:00,4970.0,4970.0,4900.0,4950.0,0,0.0,0.0
2022-12-26 10:00:00+09:00,4945.0,4970.0,4935.0,4970.0,2647,0.0,0.0
2022-12-26 11:00:00+09:00,4965.0,4985.0,4960.0,4965.0,1321,0.0,0.0
2022-12-26 12:00:00+09:00,4975.0,4990.0,4955.0,4975.0,656,0.0,0.0
2022-12-26 13:00:00+09:00,4990.0,4990.0,4950.0,4965.0,3741,0.0,0.0
2022-12-26 14:00:00+09:00,4970.0,4990.0,4965.0,4965.0,104,0.0,0.0
2022-12-27 09:00:00+09:00,4990.0,5020.0,4945.0,4960.0,0,0.0,0.0
2022-12-27 10:00:00+09:00,4975.0,5000.0,4965.0,4990.0,271,0.0,0.0
2022-12-27 11:00:00+09:00,4990.0,4990.0,4990.0,4990.0,30,0.0,0.0
2022-12-27 12:00:00+09:00,4990.0,5010.0,4965.0,4990.0,801,0.0,0.0
2022-12-27 13:00:00+09:00,4985.0,4990.0,4975.0,4985.0,880,0.0,0.0
2022-12-27 14:00:00+09:00,4980.0,5000.0,4965.0,4970.0,1572,0.0,0.0
2022-12-28 09:00:00+09:00,4970.0,4970.0,4925.0,4970.0,0,50.0,0.0
2022-12-28 10:00:00+09:00,4970.0,4970.0,4940.0,4940.0,1377,0.0,0.0
2022-12-28 11:00:00+09:00,4940.0,4940.0,4905.0,4910.0,3946,0.0,0.0
2022-12-28 12:00:00+09:00,4910.0,4915.0,4900.0,4910.0,1749,0.0,0.0
2022-12-28 13:00:00+09:00,4905.0,4915.0,4900.0,4910.0,385,0.0,0.0
2022-12-28 14:00:00+09:00,4910.0,4910.0,4900.0,4905.0,5010,0.0,0.0
2022-12-29 09:00:00+09:00,4890.0,4890.0,4855.0,4860.0,0,0.0,0.0
2022-12-29 10:00:00+09:00,4860.0,4875.0,4855.0,4860.0,1169,0.0,0.0
2022-12-29 11:00:00+09:00,4855.0,4855.0,4840.0,4845.0,4359,0.0,0.0
2022-12-29 12:00:00+09:00,4840.0,4850.0,4835.0,4850.0,607,0.0,0.0
2022-12-29 13:00:00+09:00,4840.0,4850.0,4840.0,4840.0,193,0.0,0.0
2022-12-29 14:00:00+09:00,4845.0,4870.0,4840.0,4870.0,750,0.0,0.0
2023-01-02 10:00:00+09:00,4870.0,4870.0,4840.0,4855.0,1917,0.0,0.0
2023-01-02 11:00:00+09:00,4845.0,4855.0,4825.0,4825.0,3891,0.0,0.0
2023-01-02 12:00:00+09:00,4830.0,4845.0,4810.0,4810.0,4342,0.0,0.0
2023-01-02 13:00:00+09:00,4810.0,4850.0,4810.0,4810.0,1907,0.0,0.0
2023-01-02 14:00:00+09:00,4810.0,4810.0,4800.0,4810.0,1935,0.0,0.0
2023-01-03 09:00:00+09:00,4795.0,4815.0,4725.0,4725.0,0,0.0,0.0
2023-01-03 10:00:00+09:00,4730.0,4735.0,4660.0,4660.0,7654,0.0,0.0
2023-01-03 11:00:00+09:00,4660.0,4730.0,4660.0,4700.0,1596,0.0,0.0
2023-01-03 12:00:00+09:00,4700.0,4725.0,4685.0,4715.0,911,0.0,0.0
2023-01-03 13:00:00+09:00,4690.0,4720.0,4690.0,4720.0,1744,0.0,0.0
2023-01-03 14:00:00+09:00,4720.0,4720.0,4690.0,4705.0,1088,0.0,0.0
2023-01-04 09:00:00+09:00,4635.0,4685.0,4590.0,4685.0,0,0.0,0.0
2023-01-04 10:00:00+09:00,4685.0,4705.0,4665.0,4695.0,3775,0.0,0.0
2023-01-04 11:00:00+09:00,4690.0,4695.0,4685.0,4685.0,419,0.0,0.0
2023-01-04 12:00:00+09:00,4690.0,4695.0,4685.0,4685.0,3085,0.0,0.0
2023-01-04 13:00:00+09:00,4685.0,4690.0,4680.0,4680.0,1259,0.0,0.0
2023-01-04 14:00:00+09:00,4685.0,4690.0,4680.0,4680.0,2063,0.0,0.0
2023-01-05 09:00:00+09:00,4720.0,4720.0,4680.0,4680.0,0,0.0,0.0
2023-01-05 10:00:00+09:00,4685.0,4685.0,4680.0,4680.0,143,0.0,0.0
2023-01-05 11:00:00+09:00,4690.0,4700.0,4690.0,4700.0,931,0.0,0.0
2023-01-05 12:00:00+09:00,4700.0,4700.0,4690.0,4690.0,87,0.0,0.0
2023-01-05 13:00:00+09:00,4690.0,4695.0,4680.0,4695.0,1634,0.0,0.0
2023-01-05 14:00:00+09:00,4695.0,4700.0,4690.0,4690.0,144,0.0,0.0
2023-01-06 09:00:00+09:00,4715.0,4720.0,4695.0,4720.0,0,0.0,0.0
2023-01-06 10:00:00+09:00,4725.0,4755.0,4725.0,4750.0,385,0.0,0.0
2023-01-06 11:00:00+09:00,4760.0,4765.0,4750.0,4750.0,405,0.0,0.0
2023-01-06 12:00:00+09:00,4765.0,4780.0,4745.0,4750.0,414,0.0,0.0
2023-01-06 13:00:00+09:00,4760.0,4785.0,4745.0,4770.0,727,0.0,0.0
2023-01-06 14:00:00+09:00,4770.0,4780.0,4765.0,4765.0,1597,0.0,0.0
2023-01-09 09:00:00+09:00,4790.0,4830.0,4785.0,4800.0,0,0.0,0.0
2023-01-09 10:00:00+09:00,4800.0,4810.0,4790.0,4790.0,1302,0.0,0.0
2023-01-09 11:00:00+09:00,4790.0,4810.0,4790.0,4805.0,228,0.0,0.0
2023-01-09 12:00:00+09:00,4805.0,4810.0,4795.0,4795.0,713,0.0,0.0
2023-01-09 13:00:00+09:00,4790.0,4805.0,4790.0,4805.0,538,0.0,0.0
2023-01-09 14:00:00+09:00,4810.0,4810.0,4800.0,4805.0,869,0.0,0.0
2023-01-10 09:00:00+09:00,4815.0,4880.0,4815.0,4875.0,0,0.0,0.0
2023-01-10 10:00:00+09:00,4875.0,4940.0,4875.0,4895.0,2781,0.0,0.0
2023-01-10 11:00:00+09:00,4900.0,4905.0,4885.0,4895.0,6920,0.0,0.0
2023-01-10 12:00:00+09:00,4895.0,4905.0,4890.0,4890.0,10885,0.0,0.0
2023-01-10 13:00:00+09:00,4900.0,4910.0,4890.0,4895.0,1174,0.0,0.0
2023-01-10 14:00:00+09:00,4900.0,4900.0,4900.0,4900.0,45,0.0,0.0
2023-01-11 09:00:00+09:00,4950.0,4950.0,4915.0,4915.0,0,0.0,0.0
2023-01-11 10:00:00+09:00,4915.0,4920.0,4910.0,4910.0,1830,0.0,0.0
2023-01-11 11:00:00+09:00,4920.0,4920.0,4905.0,4920.0,331,0.0,0.0
2023-01-11 12:00:00+09:00,4920.0,4920.0,4920.0,4920.0,1,0.0,0.0
2023-01-11 13:00:00+09:00,4920.0,4920.0,4915.0,4915.0,41,0.0,0.0
2023-01-11 14:00:00+09:00,4915.0,4915.0,4905.0,4905.0,421,0.0,0.0
2023-01-12 09:00:00+09:00,4930.0,4950.0,4925.0,4925.0,0,0.0,0.0
2023-01-12 10:00:00+09:00,4935.0,4980.0,4925.0,4980.0,20720,0.0,0.0
2023-01-12 11:00:00+09:00,4965.0,4965.0,4950.0,4955.0,329,0.0,0.0
2023-01-12 12:00:00+09:00,4955.0,4960.0,4950.0,4960.0,262,0.0,0.0
2023-01-12 13:00:00+09:00,4955.0,4970.0,4950.0,4970.0,900,0.0,0.0
2023-01-12 14:00:00+09:00,4960.0,4975.0,4950.0,4955.0,1797,0.0,0.0
2023-01-13 09:00:00+09:00,5000.0,5010.0,4980.0,4980.0,0,0.0,0.0
2023-01-13 10:00:00+09:00,4985.0,4985.0,4970.0,4970.0,2503,0.0,0.0
2023-01-13 11:00:00+09:00,4970.0,5010.0,4965.0,5010.0,1000,0.0,0.0
2023-01-13 12:00:00+09:00,5010.0,5030.0,5000.0,5030.0,838,0.0,0.0
2023-01-13 13:00:00+09:00,5030.0,5030.0,5010.0,5010.0,732,0.0,0.0
2023-01-13 14:00:00+09:00,5010.0,5050.0,5010.0,5030.0,1745,0.0,0.0
2023-01-16 09:00:00+09:00,5050.0,5050.0,5030.0,5040.0,0,0.0,0.0
2023-01-16 10:00:00+09:00,5030.0,5040.0,5020.0,5030.0,3558,0.0,0.0
2023-01-16 11:00:00+09:00,5040.0,5070.0,5020.0,5030.0,2929,0.0,0.0
2023-01-16 12:00:00+09:00,5050.0,5050.0,5020.0,5030.0,49,0.0,0.0
2023-01-16 13:00:00+09:00,5030.0,5030.0,5020.0,5020.0,849,0.0,0.0
2023-01-16 14:00:00+09:00,5020.0,5050.0,5020.0,5050.0,467,0.0,0.0
2023-01-17 09:00:00+09:00,5050.0,5050.0,5020.0,5020.0,0,0.0,0.0
2023-01-17 10:00:00+09:00,5020.0,5020.0,4995.0,5000.0,1535,0.0,0.0
2023-01-17 11:00:00+09:00,5000.0,5020.0,4990.0,5010.0,482,0.0,0.0
2023-01-17 12:00:00+09:00,5000.0,5000.0,4990.0,4990.0,20,0.0,0.0
2023-01-17 13:00:00+09:00,4995.0,5030.0,4995.0,5030.0,302,0.0,0.0
2023-01-17 14:00:00+09:00,5010.0,5020.0,4990.0,5010.0,2715,0.0,0.0
2023-01-18 09:00:00+09:00,5030.0,5030.0,4995.0,4995.0,0,0.0,0.0
2023-01-18 10:00:00+09:00,5000.0,5000.0,4990.0,4995.0,766,0.0,0.0
2023-01-18 11:00:00+09:00,5000.0,5000.0,4995.0,4995.0,611,0.0,0.0
2023-01-18 12:00:00+09:00,5000.0,5000.0,4990.0,4995.0,392,0.0,0.0
2023-01-18 13:00:00+09:00,4995.0,4995.0,4990.0,4990.0,226,0.0,0.0
2023-01-18 14:00:00+09:00,4990.0,4995.0,4985.0,4990.0,332,0.0,0.0
2023-01-19 09:00:00+09:00,4980.0,5090.0,4910.0,5000.0,2823,0.0,0.0
2023-01-19 10:00:00+09:00,5000.0,5000.0,4995.0,4995.0,66,0.0,0.0
2023-01-19 11:00:00+09:00,5000.0,5000.0,5000.0,5000.0,804,0.0,0.0
2023-01-19 14:00:00+09:00,5000.0,5000.0,4995.0,5000.0,140,0.0,0.0
2023-01-20 09:00:00+09:00,5020.0,5050.0,5000.0,5040.0,0,0.0,0.0
2023-01-20 10:00:00+09:00,5030.0,5030.0,5030.0,5030.0,115,0.0,0.0
2023-01-20 12:00:00+09:00,5030.0,5030.0,5020.0,5020.0,242,0.0,0.0
2023-01-20 13:00:00+09:00,5020.0,5020.0,5020.0,5020.0,19,0.0,0.0
2023-01-20 14:00:00+09:00,5010.0,5010.0,5000.0,5010.0,814,0.0,0.0
2023-01-25 09:00:00+09:00,5030.0,5030.0,4980.0,4985.0,0,0.0,0.0
2023-01-25 10:00:00+09:00,4990.0,4990.0,4975.0,4980.0,1488,0.0,0.0
2023-01-25 11:00:00+09:00,4980.0,4990.0,4970.0,4990.0,833,0.0,0.0
2023-01-25 12:00:00+09:00,4990.0,5000.0,4990.0,5000.0,797,0.0,0.0
2023-01-25 13:00:00+09:00,4995.0,4995.0,4965.0,4985.0,2371,0.0,0.0
2023-01-25 14:00:00+09:00,5000.0,5030.0,4995.0,5030.0,1431,0.0,0.0
2023-01-26 09:00:00+09:00,4970.0,5020.0,4970.0,5010.0,884,0.0,0.0
2023-01-26 10:00:00+09:00,5010.0,5020.0,4985.0,5020.0,2585,0.0,0.0
2023-01-26 11:00:00+09:00,5020.0,5030.0,5010.0,5030.0,478,0.0,0.0
2023-01-26 12:00:00+09:00,5020.0,5020.0,5020.0,5020.0,32,0.0,0.0
2023-01-26 13:00:00+09:00,5020.0,5020.0,5020.0,5020.0,170,0.0,0.0
2023-01-26 14:00:00+09:00,5020.0,5020.0,5000.0,5000.0,667,0.0,0.0
2023-01-27 09:00:00+09:00,5050.0,5080.0,5030.0,5040.0,1474,0.0,0.0
2023-01-27 10:00:00+09:00,5040.0,5070.0,5040.0,5060.0,672,0.0,0.0
2023-01-27 11:00:00+09:00,5060.0,5060.0,5040.0,5050.0,453,0.0,0.0
2023-01-27 12:00:00+09:00,5050.0,5050.0,5040.0,5040.0,688,0.0,0.0
2023-01-27 13:00:00+09:00,5040.0,5050.0,5040.0,5050.0,1,0.0,0.0
2023-01-27 14:00:00+09:00,5040.0,5510.0,5040.0,5190.0,205574,0.0,0.0
2023-01-30 09:00:00+09:00,5190.0,5190.0,5060.0,5090.0,0,0.0,0.0
2023-01-30 10:00:00+09:00,5080.0,5090.0,5050.0,5050.0,6881,0.0,0.0
2023-01-30 11:00:00+09:00,5050.0,5090.0,5050.0,5080.0,845,0.0,0.0
2023-01-30 12:00:00+09:00,5080.0,5100.0,5040.0,5070.0,2162,0.0,0.0
2023-01-30 13:00:00+09:00,5060.0,5060.0,5040.0,5050.0,765,0.0,0.0
2023-01-30 14:00:00+09:00,5040.0,5070.0,5040.0,5070.0,2413,0.0,0.0
2023-01-31 09:00:00+09:00,5050.0,5080.0,5030.0,5060.0,0,0.0,0.0
2023-01-31 10:00:00+09:00,5060.0,5060.0,5040.0,5060.0,843,0.0,0.0
2023-01-31 11:00:00+09:00,5050.0,5070.0,5030.0,5060.0,1025,0.0,0.0
2023-01-31 12:00:00+09:00,5070.0,5070.0,5030.0,5060.0,2638,0.0,0.0
2023-01-31 13:00:00+09:00,5060.0,5060.0,5030.0,5050.0,1004,0.0,0.0
2023-01-31 14:00:00+09:00,5060.0,5080.0,5030.0,5080.0,4458,0.0,0.0
2023-02-01 09:00:00+09:00,5080.0,5080.0,5040.0,5060.0,2590,0.0,0.0
2023-02-01 10:00:00+09:00,5060.0,5080.0,5040.0,5060.0,6686,0.0,0.0
2023-02-01 11:00:00+09:00,5070.0,5070.0,5060.0,5060.0,192,0.0,0.0
2023-02-01 12:00:00+09:00,5070.0,5080.0,5060.0,5070.0,2073,0.0,0.0
2023-02-01 13:00:00+09:00,5070.0,5580.0,5050.0,5580.0,80103,0.0,0.0
2023-02-01 14:00:00+09:00,5500.0,5660.0,5140.0,5190.0,371914,0.0,0.0
2023-02-02 09:00:00+09:00,5110.0,5200.0,5110.0,5140.0,0,0.0,0.0
2023-02-02 10:00:00+09:00,5140.0,5160.0,5080.0,5150.0,11521,0.0,0.0
2023-02-02 11:00:00+09:00,5150.0,5220.0,5150.0,5160.0,7709,0.0,0.0
2023-02-02 12:00:00+09:00,5170.0,5170.0,5120.0,5140.0,9652,0.0,0.0
2023-02-02 13:00:00+09:00,5140.0,5160.0,5110.0,5120.0,3532,0.0,0.0
2023-02-02 14:00:00+09:00,5160.0,5160.0,5130.0,5160.0,7033,0.0,0.0
2023-02-03 09:00:00+09:00,5170.0,5230.0,5160.0,5180.0,8014,0.0,0.0
2023-02-03 10:00:00+09:00,5180.0,5200.0,5170.0,5200.0,3872,0.0,0.0
2023-02-03 11:00:00+09:00,5200.0,5200.0,5180.0,5200.0,673,0.0,0.0
2023-02-03 12:00:00+09:00,5200.0,5200.0,5180.0,5200.0,845,0.0,0.0
2023-02-03 13:00:00+09:00,5200.0,5210.0,5190.0,5200.0,1092,0.0,0.0
2023-02-03 14:00:00+09:00,5190.0,5210.0,5160.0,5200.0,5569,0.0,0.0
2023-02-06 09:00:00+09:00,5170.0,5210.0,5140.0,5200.0,0,0.0,0.0
2023-02-06 10:00:00+09:00,5200.0,5240.0,5170.0,5240.0,7638,0.0,0.0
2023-02-06 11:00:00+09:00,5220.0,5240.0,5210.0,5220.0,4938,0.0,0.0
2023-02-06 12:00:00+09:00,5220.0,5270.0,5200.0,5270.0,6172,0.0,0.0
2023-02-06 13:00:00+09:00,5260.0,5280.0,5210.0,5230.0,12678,0.0,0.0
2023-02-06 14:00:00+09:00,5220.0,5230.0,5210.0,5230.0,5243,0.0,0.0
2023-02-07 09:00:00+09:00,5210.0,5210.0,5150.0,5180.0,13332,0.0,0.0
2023-02-07 10:00:00+09:00,5180.0,5230.0,5160.0,5230.0,3411,0.0,0.0
2023-02-07 11:00:00+09:00,5230.0,5300.0,5210.0,5270.0,17049,0.0,0.0
2023-02-07 12:00:00+09:00,5270.0,5300.0,5250.0,5270.0,5782,0.0,0.0
2023-02-07 13:00:00+09:00,5280.0,5290.0,5250.0,5260.0,2073,0.0,0.0
2023-02-07 14:00:00+09:00,5260.0,5280.0,5250.0,5260.0,3226,0.0,0.0
2023-02-08 09:00:00+09:00,5280.0,5370.0,5270.0,5290.0,0,0.0,0.0
2023-02-08 10:00:00+09:00,5280.0,5300.0,5270.0,5280.0,3059,0.0,0.0
2023-02-08 11:00:00+09:00,5280.0,5330.0,5280.0,5310.0,5326,0.0,0.0
2023-02-08 12:00:00+09:00,5310.0,5330.0,5300.0,5310.0,2840,0.0,0.0
2023-02-08 13:00:00+09:00,5320.0,5320.0,5300.0,5310.0,2002,0.0,0.0
2023-02-08 14:00:00+09:00,5310.0,5320.0,5300.0,5300.0,5331,0.0,0.0
2023-02-09 09:00:00+09:00,5330.0,5330.0,5180.0,5270.0,5018,0.0,0.0
2023-02-09 10:00:00+09:00,5270.0,5270.0,5230.0,5250.0,1547,0.0,0.0
2023-02-09 11:00:00+09:00,5250.0,5280.0,5250.0,5260.0,6489,0.0,0.0
2023-02-09 12:00:00+09:00,5260.0,5290.0,5260.0,5260.0,1592,0.0,0.0
2023-02-09 13:00:00+09:00,5260.0,5310.0,5260.0,5310.0,6590,0.0,0.0
2023-02-09 14:00:00+09:00,5310.0,5320.0,5280.0,5310.0,1010,0.0,0.0
2023-02-10 09:00:00+09:00,5280.0,5300.0,5210.0,5230.0,0,0.0,0.0
2023-02-10 10:00:00+09:00,5230.0,5240.0,5210.0,5230.0,830,0.0,0.0
2023-02-10 11:00:00+09:00,5210.0,5250.0,5190.0,5250.0,3880,0.0,0.0
2023-02-10 12:00:00+09:00,5210.0,5220.0,5180.0,5200.0,3692,0.0,0.0
2023-02-10 13:00:00+09:00,5200.0,5220.0,5180.0,5220.0,850,0.0,0.0
2023-02-10 14:00:00+09:00,5230.0,5240.0,5220.0,5230.0,82,0.0,0.0
2023-02-13 09:00:00+09:00,5230.0,5250.0,5230.0,5240.0,0,0.0,0.0
2023-02-13 10:00:00+09:00,5230.0,5240.0,5230.0,5230.0,1422,0.0,0.0
2023-02-13 11:00:00+09:00,5230.0,5240.0,5210.0,5210.0,809,0.0,0.0
2023-02-13 12:00:00+09:00,5230.0,5240.0,5210.0,5230.0,248,0.0,0.0
2023-02-13 13:00:00+09:00,5210.0,5230.0,5200.0,5230.0,1413,0.0,0.0
2023-02-13 14:00:00+09:00,5230.0,5240.0,5200.0,5240.0,1850,0.0,0.0
2023-02-14 09:00:00+09:00,5200.0,5220.0,4920.0,5170.0,8800,0.0,0.0
2023-02-14 10:00:00+09:00,5190.0,5230.0,5190.0,5220.0,1483,0.0,0.0
2023-02-14 11:00:00+09:00,5220.0,5220.0,5210.0,5220.0,610,0.0,0.0
2023-02-14 12:00:00+09:00,5220.0,5220.0,5210.0,5210.0,7478,0.0,0.0
2023-02-14 13:00:00+09:00,5230.0,5240.0,5210.0,5240.0,0,0.0,0.0
2023-02-14 14:00:00+09:00,5220.0,5230.0,5210.0,5230.0,880,0.0,0.0
2023-02-15 09:00:00+09:00,5150.0,5200.0,5150.0,5190.0,0,0.0,0.0
2023-02-15 10:00:00+09:00,5200.0,5250.0,5190.0,5210.0,685,0.0,0.0
2023-02-15 11:00:00+09:00,5200.0,5220.0,5160.0,5200.0,3243,0.0,0.0
2023-02-15 12:00:00+09:00,5190.0,5200.0,5180.0,5200.0,103,0.0,0.0
2023-02-15 13:00:00+09:00,5200.0,5200.0,5160.0,5190.0,2300,0.0,0.0
2023-02-15 14:00:00+09:00,5190.0,5190.0,5160.0,5170.0,3799,0.0,0.0
2023-02-16 09:00:00+09:00,5160.0,5220.0,5140.0,5180.0,0,0.0,0.0
2023-02-16 10:00:00+09:00,5180.0,5200.0,5180.0,5200.0,541,0.0,0.0
2023-02-16 11:00:00+09:00,5200.0,5220.0,5200.0,5220.0,651,0.0,0.0
2023-02-16 12:00:00+09:00,5210.0,5220.0,5200.0,5220.0,625,0.0,0.0
2023-02-16 13:00:00+09:00,5200.0,5220.0,5190.0,5210.0,520,0.0,0.0
2023-02-16 14:00:00+09:00,5210.0,5240.0,5210.0,5230.0,3457,0.0,0.0
2023-02-17 09:00:00+09:00,5230.0,5240.0,5130.0,5150.0,4632,0.0,0.0
2023-02-17 10:00:00+09:00,5180.0,5190.0,5170.0,5190.0,816,0.0,0.0
2023-02-17 11:00:00+09:00,5190.0,5190.0,5170.0,5190.0,371,0.0,0.0
2023-02-17 12:00:00+09:00,5180.0,5190.0,5160.0,5190.0,836,0.0,0.0
2023-02-17 13:00:00+09:00,5170.0,5190.0,5150.0,5160.0,980,0.0,0.0
2023-02-17 14:00:00+09:00,5160.0,5190.0,5150.0,5190.0,875,0.0,0.0
2023-02-20 09:00:00+09:00,5190.0,5190.0,5150.0,5190.0,0,0.0,0.0
2023-02-20 10:00:00+09:00,5180.0,5240.0,5180.0,5230.0,3356,0.0,0.0
2023-02-20 11:00:00+09:00,5240.0,5240.0,5180.0,5220.0,1052,0.0,0.0
2023-02-20 12:00:00+09:00,5220.0,5220.0,5180.0,5210.0,765,0.0,0.0
2023-02-20 13:00:00+09:00,5210.0,5240.0,5190.0,5240.0,1034,0.0,0.0
2023-02-20 14:00:00+09:00,5230.0,5250.0,5200.0,5240.0,5848,0.0,0.0
2023-02-21 09:00:00+09:00,5310.0,5310.0,5240.0,5270.0,2828,0.0,0.0
2023-02-21 10:00:00+09:00,5260.0,5280.0,5250.0,5280.0,1660,0.0,0.0
2023-02-21 11:00:00+09:00,5250.0,5270.0,5240.0,5250.0,2334,0.0,0.0
2023-02-21 12:00:00+09:00,5260.0,5270.0,5250.0,5260.0,137,0.0,0.0
2023-02-21 13:00:00+09:00,5250.0,5260.0,5250.0,5260.0,0,0.0,0.0
2023-02-21 14:00:00+09:00,5250.0,5260.0,5240.0,5250.0,9481,0.0,0.0
2023-02-22 09:00:00+09:00,5260.0,5260.0,5200.0,5240.0,0,0.0,0.0
2023-02-22 10:00:00+09:00,5220.0,5220.0,5200.0,5210.0,2185,0.0,0.0
2023-02-22 11:00:00+09:00,5210.0,5230.0,5190.0,5220.0,6885,0.0,0.0
2023-02-22 12:00:00+09:00,5200.0,5220.0,5190.0,5210.0,257,0.0,0.0
2023-02-22 13:00:00+09:00,5210.0,5210.0,5190.0,5190.0,1233,0.0,0.0
2023-02-22 14:00:00+09:00,5200.0,5220.0,5180.0,5220.0,1496,0.0,0.0
2023-02-23 09:00:00+09:00,5180.0,5180.0,5050.0,5150.0,4831,0.0,0.0
2023-02-23 10:00:00+09:00,5150.0,5160.0,5120.0,5150.0,5694,0.0,0.0
2023-02-23 11:00:00+09:00,5150.0,5180.0,5150.0,5170.0,2304,0.0,0.0
2023-02-23 12:00:00+09:00,5170.0,5170.0,5090.0,5130.0,2032,0.0,0.0
2023-02-23 13:00:00+09:00,5140.0,5170.0,5120.0,5150.0,6522,0.0,0.0
2023-02-23 14:00:00+09:00,5150.0,5160.0,5110.0,5120.0,770,0.0,0.0
2023-02-24 09:00:00+09:00,5160.0,5220.0,5160.0,5180.0,2262,0.0,0.0
2023-02-24 10:00:00+09:00,5180.0,5210.0,5160.0,5160.0,3629,0.0,0.0
2023-02-24 11:00:00+09:00,5150.0,5170.0,5150.0,5150.0,240,0.0,0.0
2023-02-24 12:00:00+09:00,5150.0,5170.0,5150.0,5160.0,7,0.0,0.0
2023-02-24 13:00:00+09:00,5160.0,5170.0,5130.0,5170.0,3809,0.0,0.0
2023-02-24 14:00:00+09:00,5170.0,5170.0,5150.0,5160.0,53,0.0,0.0
2023-02-27 09:00:00+09:00,5070.0,5160.0,5070.0,5100.0,0,0.0,0.0
2023-02-27 10:00:00+09:00,5110.0,5160.0,5110.0,5120.0,1032,0.0,0.0
2023-02-27 11:00:00+09:00,5160.0,5160.0,5140.0,5140.0,447,0.0,0.0
2023-02-27 12:00:00+09:00,5160.0,5160.0,5160.0,5160.0,44,0.0,0.0
2023-02-27 13:00:00+09:00,5160.0,5180.0,5150.0,5170.0,965,0.0,0.0
2023-02-27 14:00:00+09:00,5170.0,5180.0,5170.0,5180.0,393,0.0,0.0
2023-02-28 09:00:00+09:00,5140.0,5200.0,5140.0,5200.0,0,0.0,0.0
2023-02-28 10:00:00+09:00,5200.0,5200.0,5180.0,5190.0,781,0.0,0.0
2023-02-28 11:00:00+09:00,5190.0,5200.0,5180.0,5180.0,150,0.0,0.0
2023-02-28 12:00:00+09:00,5180.0,5190.0,5160.0,5180.0,1250,0.0,0.0
2023-02-28 13:00:00+09:00,5180.0,5180.0,5170.0,5170.0,121,0.0,0.0
2023-02-28 14:00:00+09:00,5170.0,5180.0,5170.0,5170.0,833,0.0,0.0
2023-03-02 09:00:00+09:00,5180.0,5210.0,5160.0,5170.0,0,0.0,0.0
2023-03-02 10:00:00+09:00,5160.0,5170.0,5150.0,5160.0,1389,0.0,0.0
2023-03-02 11:00:00+09:00,5170.0,5170.0,5160.0,5160.0,127,0.0,0.0
2023-03-02 12:00:00+09:00,5160.0,5170.0,5150.0,5170.0,1208,0.0,0.0
2023-03-02 13:00:00+09:00,5170.0,5190.0,5160.0,5190.0,1292,0.0,0.0
2023-03-02 14:00:00+09:00,5180.0,5180.0,5170.0,5170.0,220,0.0,0.0
2023-03-03 09:00:00+09:00,5180.0,5220.0,5050.0,5140.0,4578,0.0,0.0
2023-03-03 10:00:00+09:00,5140.0,5180.0,5130.0,5160.0,1058,0.0,0.0
2023-03-03 11:00:00+09:00,5160.0,5180.0,5160.0,5180.0,25,0.0,0.0
2023-03-03 12:00:00+09:00,5180.0,5180.0,5170.0,5170.0,30,0.0,0.0
2023-03-03 13:00:00+09:00,5170.0,5180.0,5140.0,5170.0,1047,0.0,0.0
2023-03-03 14:00:00+09:00,5160.0,5180.0,5150.0,5180.0,199,0.0,0.0
2023-03-06 09:00:00+09:00,5160.0,5190.0,5140.0,5150.0,0,0.0,0.0
2023-03-06 10:00:00+09:00,5160.0,5160.0,5150.0,5160.0,103,0.0,0.0
2023-03-06 11:00:00+09:00,5150.0,5150.0,5130.0,5150.0,1430,0.0,0.0
2023-03-06 12:00:00+09:00,5150.0,5150.0,5150.0,5150.0,451,0.0,0.0
2023-03-06 13:00:00+09:00,5160.0,5160.0,5150.0,5160.0,257,0.0,0.0
2023-03-06 14:00:00+09:00,5160.0,5160.0,5120.0,5160.0,6162,0.0,0.0
2023-03-07 09:00:00+09:00,5120.0,5220.0,5120.0,5140.0,3123,0.0,0.0
2023-03-07 10:00:00+09:00,5140.0,5170.0,5140.0,5170.0,388,0.0,0.0
2023-03-07 11:00:00+09:00,5170.0,5170.0,5150.0,5170.0,50,0.0,0.0
2023-03-07 12:00:00+09:00,5160.0,5160.0,5060.0,5110.0,9339,0.0,0.0
2023-03-07 13:00:00+09:00,5110.0,5110.0,5070.0,5090.0,9580,0.0,0.0
2023-03-07 14:00:00+09:00,5090.0,5090.0,5070.0,5090.0,1741,0.0,0.0
2023-03-08 09:00:00+09:00,5150.0,5190.0,5110.0,5150.0,0,0.0,0.0
2023-03-08 10:00:00+09:00,5150.0,5170.0,5140.0,5170.0,963,0.0,0.0
2023-03-08 11:00:00+09:00,5150.0,5160.0,5130.0,5140.0,1008,0.0,0.0
2023-03-08 12:00:00+09:00,5150.0,5150.0,5110.0,5120.0,1475,0.0,0.0
2023-03-08 13:00:00+09:00,5120.0,5150.0,5120.0,5150.0,1272,0.0,0.0
2023-03-08 14:00:00+09:00,5120.0,5160.0,5120.0,5160.0,1126,0.0,0.0
2023-03-09 09:00:00+09:00,5170.0,5200.0,5130.0,5130.0,5447,0.0,0.0
2023-03-09 10:00:00+09:00,5130.0,5170.0,5100.0,5140.0,1385,0.0,0.0
2023-03-09 11:00:00+09:00,5120.0,5130.0,5110.0,5130.0,208,0.0,0.0
2023-03-09 12:00:00+09:00,5130.0,5150.0,5120.0,5150.0,692,0.0,0.0
2023-03-09 13:00:00+09:00,5150.0,5160.0,5130.0,5160.0,514,0.0,0.0
2023-03-09 14:00:00+09:00,5160.0,5160.0,5140.0,5150.0,375,0.0,0.0
2023-03-10 09:00:00+09:00,5100.0,5140.0,5080.0,5130.0,0,0.0,0.0
2023-03-10 10:00:00+09:00,5120.0,5120.0,5080.0,5090.0,5276,0.0,0.0
2023-03-10 11:00:00+09:00,5100.0,5110.0,5100.0,5110.0,2276,0.0,0.0
2023-03-10 12:00:00+09:00,5100.0,5100.0,5090.0,5100.0,2774,0.0,0.0
2023-03-10 13:00:00+09:00,5100.0,5100.0,5090.0,5100.0,8085,0.0,0.0
2023-03-10 14:00:00+09:00,5100.0,5120.0,5100.0,5100.0,1069,0.0,0.0
2023-03-13 09:00:00+09:00,5100.0,5100.0,4995.0,5010.0,0,0.0,0.0
2023-03-13 10:00:00+09:00,5010.0,5100.0,5010.0,5040.0,19435,0.0,0.0
2023-03-13 11:00:00+09:00,5050.0,5050.0,5050.0,5050.0,144,0.0,0.0
2023-03-13 12:00:00+09:00,5050.0,5110.0,5050.0,5100.0,1472,0.0,0.0
2023-03-13 13:00:00+09:00,5100.0,5130.0,5070.0,5130.0,10950,0.0,0.0
2023-03-13 14:00:00+09:00,5120.0,5130.0,5120.0,5120.0,184,0.0,0.0
2023-03-14 09:00:00+09:00,5110.0,5110.0,4985.0,5020.0,1505,0.0,0.0
2023-03-14 10:00:00+09:00,5030.0,5100.0,5030.0,5040.0,579,0.0,0.0
2023-03-14 11:00:00+09:00,5030.0,5030.0,5000.0,5020.0,6898,0.0,0.0
2023-03-14 12:00:00+09:00,5020.0,5020.0,5000.0,5020.0,4360,0.0,0.0
2023-03-14 13:00:00+09:00,5000.0,5040.0,4990.0,4995.0,1700,0.0,0.0
2023-03-14 14:00:00+09:00,4990.0,4995.0,4980.0,4980.0,1315,0.0,0.0
2023-03-15 09:00:00+09:00,4950.0,5110.0,4950.0,5090.0,0,0.0,0.0
2023-03-15 10:00:00+09:00,5090.0,5100.0,5070.0,5100.0,531,0.0,0.0
2023-03-15 11:00:00+09:00,5100.0,5650.0,5070.0,5090.0,267133,0.0,0.0
2023-03-15 12:00:00+09:00,5100.0,5100.0,5040.0,5070.0,11333,0.0,0.0
2023-03-15 13:00:00+09:00,5080.0,5100.0,5050.0,5080.0,22889,0.0,0.0
2023-03-15 14:00:00+09:00,5080.0,5150.0,5070.0,5100.0,4338,0.0,0.0
2023-03-16 09:00:00+09:00,5150.0,5190.0,5090.0,5150.0,5010,0.0,0.0
2023-03-16 10:00:00+09:00,5140.0,5150.0,5130.0,5130.0,472,0.0,0.0
2023-03-16 11:00:00+09:00,5120.0,5120.0,5110.0,5110.0,117,0.0,0.0
2023-03-16 12:00:00+09:00,5120.0,5120.0,5100.0,5110.0,794,0.0,0.0
2023-03-16 13:00:00+09:00,5110.0,5120.0,5100.0,5120.0,1282,0.0,0.0
2023-03-16 14:00:00+09:00,5120.0,5150.0,5120.0,5150.0,2172,0.0,0.0
2023-03-17 09:00:00+09:00,5110.0,5160.0,5100.0,5100.0,0,0.0,0.0
2023-03-17 10:00:00+09:00,5110.0,5120.0,5110.0,5120.0,11545,0.0,0.0
2023-03-17 11:00:00+09:00,5110.0,5140.0,5110.0,5130.0,20622,0.0,0.0
2023-03-17 12:00:00+09:00,5140.0,5140.0,5120.0,5120.0,872,0.0,0.0
2023-03-17 13:00:00+09:00,5120.0,5120.0,5120.0,5120.0,207,0.0,0.0
2023-03-17 14:00:00+09:00,5140.0,5150.0,5130.0,5130.0,519,0.0,0.0
2023-03-20 09:00:00+09:00,5150.0,5150.0,5100.0,5100.0,0,0.0,0.0
2023-03-20 10:00:00+09:00,5110.0,5140.0,5110.0,5140.0,4667,0.0,0.0
2023-03-20 11:00:00+09:00,5130.0,5140.0,5130.0,5130.0,68,0.0,0.0
2023-03-20 12:00:00+09:00,5130.0,5140.0,5100.0,5100.0,3933,0.0,0.0
2023-03-20 13:00:00+09:00,5100.0,5140.0,5090.0,5140.0,874,0.0,0.0
2023-03-20 14:00:00+09:00,5140.0,5150.0,5120.0,5150.0,119,0.0,0.0
2023-03-21 09:00:00+09:00,5160.0,5220.0,5160.0,5220.0,0,0.0,0.0
2023-03-21 10:00:00+09:00,5210.0,5220.0,5180.0,5200.0,18725,0.0,0.0
2023-03-21 11:00:00+09:00,5200.0,5220.0,5200.0,5210.0,440,0.0,0.0
2023-03-21 12:00:00+09:00,5210.0,5210.0,5200.0,5210.0,1055,0.0,0.0
2023-03-21 13:00:00+09:00,5210.0,5210.0,5200.0,5210.0,286,0.0,0.0
2023-03-21 14:00:00+09:00,5210.0,5210.0,5170.0,5170.0,488,0.0,0.0
2023-03-22 09:00:00+09:00,5240.0,5240.0,5050.0,5100.0,5154,0.0,0.0
2023-03-22 10:00:00+09:00,5130.0,5180.0,5100.0,5110.0,2672,0.0,0.0
2023-03-22 11:00:00+09:00,5150.0,5150.0,5120.0,5150.0,681,0.0,0.0
2023-03-22 12:00:00+09:00,5130.0,5150.0,5110.0,5110.0,1402,0.0,0.0
2023-03-22 13:00:00+09:00,5150.0,5150.0,5150.0,5150.0,13,0.0,0.0
2023-03-22 14:00:00+09:00,5130.0,5130.0,5120.0,5130.0,912,0.0,0.0
2023-03-23 09:00:00+09:00,5140.0,5140.0,5030.0,5070.0,6815,0.0,0.0
2023-03-23 10:00:00+09:00,5070.0,5100.0,5020.0,5100.0,6537,0.0,0.0
2023-03-23 11:00:00+09:00,5100.0,5110.0,5080.0,5110.0,863,0.0,0.0
2023-03-23 12:00:00+09:00,5100.0,5110.0,5080.0,5080.0,1024,0.0,0.0
2023-03-23 13:00:00+09:00,5100.0,5110.0,5080.0,5090.0,406,0.0,0.0
2023-03-23 14:00:00+09:00,5090.0,5100.0,5080.0,5090.0,1172,0.0,0.0
2023-03-24 09:00:00+09:00,5140.0,5150.0,5100.0,5140.0,0,0.0,0.0
2023-03-24 10:00:00+09:00,5140.0,5140.0,5100.0,5120.0,1514,0.0,0.0
2023-03-24 11:00:00+09:00,5120.0,5160.0,5120.0,5130.0,1659,0.0,0.0
2023-03-24 12:00:00+09:00,5130.0,5130.0,5100.0,5130.0,2735,0.0,0.0
2023-03-24 13:00:00+09:00,5130.0,5130.0,5100.0,5130.0,159,0.0,0.0
2023-03-24 14:00:00+09:00,5130.0,5160.0,5080.0,5140.0,8693,0.0,0.0
2023-03-27 09:00:00+09:00,5050.0,5080.0,5030.0,5030.0,0,0.0,0.0
2023-03-27 10:00:00+09:00,5060.0,5080.0,5060.0,5080.0,597,0.0,0.0
2023-03-27 11:00:00+09:00,5080.0,5100.0,5060.0,5080.0,1041,0.0,0.0
2023-03-27 12:00:00+09:00,5080.0,5080.0,5080.0,5080.0,106,0.0,0.0
2023-03-27 13:00:00+09:00,5080.0,5080.0,5000.0,5060.0,3861,0.0,0.0
2023-03-27 14:00:00+09:00,5070.0,5100.0,5070.0,5100.0,44,0.0,0.0
2023-03-28 09:00:00+09:00,5140.0,5140.0,5000.0,5080.0,0,0.0,0.0
2023-03-28 10:00:00+09:00,5100.0,5130.0,5100.0,5100.0,585,0.0,0.0
2023-03-28 11:00:00+09:00,5100.0,5140.0,5070.0,5140.0,932,0.0,0.0
2023-03-28 12:00:00+09:00,5130.0,5130.0,5070.0,5080.0,235,0.0,0.0
2023-03-28 13:00:00+09:00,5090.0,5130.0,5090.0,5100.0,374,0.0,0.0
2023-03-28 14:00:00+09:00,5100.0,5130.0,5100.0,5130.0,291,0.0,0.0
2023-03-29 09:00:00+09:00,5090.0,5090.0,5030.0,5060.0,2396,0.0,0.0
2023-03-29 10:00:00+09:00,5060.0,5090.0,5060.0,5090.0,1045,0.0,0.0
2023-03-29 11:00:00+09:00,5090.0,5110.0,5090.0,5100.0,220,0.0,0.0
2023-03-29 12:00:00+09:00,5100.0,5100.0,5090.0,5100.0,265,0.0,0.0
2023-03-29 13:00:00+09:00,5110.0,5130.0,5110.0,5130.0,2193,0.0,0.0
2023-03-29 14:00:00+09:00,5130.0,5150.0,5130.0,5150.0,570,0.0,0.0
2023-03-30 09:00:00+09:00,5040.0,5100.0,5040.0,5100.0,2076,0.0,0.0
2023-03-30 10:00:00+09:00,5080.0,5100.0,5060.0,5100.0,1548,0.0,0.0
2023-03-30 11:00:00+09:00,5100.0,5100.0,5060.0,5070.0,1132,0.0,0.0
2023-03-30 12:00:00+09:00,5070.0,5090.0,5070.0,5090.0,696,0.0,0.0
2023-03-30 13:00:00+09:00,5100.0,5130.0,5100.0,5130.0,159,0.0,0.0
2023-03-30 14:00:00+09:00,5110.0,5130.0,5110.0,5120.0,1406,0.0,0.0
2023-03-31 09:00:00+09:00,5160.0,5160.0,5080.0,5130.0,0,0.0,0.0
2023-03-31 10:00:00+09:00,5120.0,5140.0,5100.0,5140.0,6754,0.0,0.0
2023-03-31 11:00:00+09:00,5120.0,5120.0,5110.0,5120.0,543,0.0,0.0
2023-03-31 12:00:00+09:00,5120.0,5160.0,5120.0,5140.0,2118,0.0,0.0
2023-03-31 13:00:00+09:00,5130.0,5130.0,5110.0,5110.0,663,0.0,0.0
2023-03-31 14:00:00+09:00,5110.0,5120.0,5110.0,5120.0,153,0.0,0.0
2023-04-03 09:00:00+09:00,5100.0,5150.0,5060.0,5120.0,0,0.0,0.0
2023-04-03 10:00:00+09:00,5120.0,5120.0,5110.0,5110.0,265,0.0,0.0
2023-04-03 11:00:00+09:00,5120.0,5120.0,5100.0,5100.0,763,0.0,0.0
2023-04-03 12:00:00+09:00,5100.0,5110.0,5080.0,5100.0,7045,0.0,0.0
2023-04-03 13:00:00+09:00,5110.0,5110.0,5100.0,5110.0,1349,0.0,0.0
2023-04-03 14:00:00+09:00,5100.0,5120.0,5100.0,5120.0,1192,0.0,0.0
2023-04-04 09:00:00+09:00,5100.0,5150.0,5070.0,5120.0,1155,0.0,0.0
2023-04-04 10:00:00+09:00,5100.0,5120.0,5080.0,5110.0,6520,0.0,0.0
2023-04-04 11:00:00+09:00,5110.0,5120.0,5110.0,5120.0,514,0.0,0.0
2023-04-04 12:00:00+09:00,5120.0,5120.0,5100.0,5100.0,525,0.0,0.0
2023-04-04 13:00:00+09:00,5110.0,5110.0,5100.0,5110.0,390,0.0,0.0
2023-04-04 14:00:00+09:00,5110.0,5120.0,5100.0,5100.0,1513,0.0,0.0
2023-04-05 09:00:00+09:00,5090.0,5130.0,5090.0,5130.0,0,0.0,0.0
2023-04-05 10:00:00+09:00,5130.0,5130.0,5100.0,5110.0,231,0.0,0.0
2023-04-05 11:00:00+09:00,5100.0,5120.0,5100.0,5120.0,887,0.0,0.0
2023-04-05 12:00:00+09:00,5120.0,5140.0,5120.0,5140.0,1346,0.0,0.0
2023-04-05 13:00:00+09:00,5130.0,5140.0,5130.0,5130.0,823,0.0,0.0
2023-04-05 14:00:00+09:00,5130.0,5130.0,5110.0,5110.0,227,0.0,0.0
2023-04-06 09:00:00+09:00,5110.0,5110.0,5070.0,5070.0,1488,0.0,0.0
2023-04-06 10:00:00+09:00,5080.0,5110.0,5080.0,5110.0,362,0.0,0.0
2023-04-06 11:00:00+09:00,5100.0,5120.0,5100.0,5100.0,1189,0.0,0.0
2023-04-06 12:00:00+09:00,5100.0,5120.0,5100.0,5110.0,420,0.0,0.0
2023-04-06 13:00:00+09:00,5120.0,5120.0,5110.0,5120.0,548,0.0,0.0
2023-04-06 14:00:00+09:00,5120.0,5150.0,5110.0,5140.0,2162,0.0,0.0
2023-04-07 09:00:00+09:00,5120.0,5120.0,5090.0,5120.0,0,0.0,0.0
2023-04-07 10:00:00+09:00,5110.0,5120.0,5100.0,5110.0,3031,0.0,0.0
2023-04-07 11:00:00+09:00,5110.0,5120.0,5100.0,5110.0,861,0.0,0.0
2023-04-07 12:00:00+09:00,5110.0,5150.0,5110.0,5120.0,143,0.0,0.0
2023-04-07 13:00:00+09:00,5110.0,5110.0,5100.0,5100.0,4611,0.0,0.0
2023-04-07 14:00:00+09:00,5110.0,5120.0,5110.0,5120.0,0,0.0,0.0
2023-04-10 09:00:00+09:00,5150.0,5150.0,5060.0,5100.0,0,0.0,0.0
2023-04-10 10:00:00+09:00,5100.0,5110.0,5090.0,5100.0,3800,0.0,0.0
2023-04-10 11:00:00+09:00,5100.0,5110.0,5070.0,5070.0,6530,0.0,0.0
2023-04-10 12:00:00+09:00,5100.0,5100.0,5070.0,5090.0,0,0.0,0.0
2023-04-10 13:00:00+09:00,5080.0,5080.0,5070.0,5070.0,647,0.0,0.0
2023-04-10 14:00:00+09:00,5070.0,5110.0,5060.0,5080.0,825,0.0,0.0
2023-04-11 09:00:00+09:00,5010.0,5050.0,4975.0,5020.0,10907,0.0,0.0
2023-04-11 10:00:00+09:00,5030.0,5120.0,5030.0,5110.0,8105,0.0,0.0
2023-04-11 11:00:00+09:00,5110.0,5120.0,5100.0,5120.0,2162,0.0,0.0
2023-04-11 12:00:00+09:00,5110.0,5120.0,5100.0,5100.0,2533,0.0,0.0
2023-04-11 13:00:00+09:00,5100.0,5120.0,5090.0,5120.0,486,0.0,0.0
2023-04-11 14:00:00+09:00,5110.0,5120.0,5070.0,5070.0,1264,0.0,0.0
2023-04-12 09:00:00+09:00,5140.0,5140.0,5050.0,5060.0,4492,0.0,0.0
2023-04-12 10:00:00+09:00,5080.0,5090.0,5060.0,5090.0,1364,0.0,0.0
2023-04-12 11:00:00+09:00,5080.0,5090.0,5060.0,5090.0,98,0.0,0.0
2023-04-12 12:00:00+09:00,5090.0,5090.0,5060.0,5090.0,441,0.0,0.0
2023-04-12 13:00:00+09:00,5090.0,5090.0,5070.0,5080.0,604,0.0,0.0
2023-04-12 14:00:00+09:00,5080.0,5090.0,5060.0,5090.0,2445,0.0,0.0
2023-04-13 09:00:00+09:00,5090.0,5100.0,5060.0,5080.0,692,0.0,0.0
2023-04-13 10:00:00+09:00,5100.0,5130.0,5070.0,5130.0,1150,0.0,0.0
2023-04-13 11:00:00+09:00,5130.0,5130.0,5080.0,5120.0,145,0.0,0.0
2023-04-13 12:00:00+09:00,5120.0,5120.0,5120.0,5120.0,0,0.0,0.0
2023-04-13 13:00:00+09:00,5110.0,5110.0,5100.0,5100.0,76,0.0,0.0
2023-04-13 14:00:00+09:00,5090.0,5100.0,5090.0,5100.0,216,0.0,0.0
2023-04-14 09:00:00+09:00,5150.0,5150.0,5060.0,5090.0,0,0.0,0.0
2023-04-14 10:00:00+09:00,5090.0,5110.0,5090.0,5110.0,1669,0.0,0.0
2023-04-14 11:00:00+09:00,5110.0,5130.0,5100.0,5100.0,2282,0.0,0.0
2023-04-14 12:00:00+09:00,5110.0,5130.0,5100.0,5130.0,1309,0.0,0.0
2023-04-14 13:00:00+09:00,5120.0,5120.0,5110.0,5120.0,46,0.0,0.0
2023-04-14 14:00:00+09:00,5120.0,5120.0,5100.0,5100.0,1712,0.0,0.0
2023-04-17 09:00:00+09:00,5120.0,5130.0,5090.0,5100.0,0,0.0,0.0
2023-04-17 10:00:00+09:00,5100.0,5110.0,5100.0,5110.0,379,0.0,0.0
2023-04-17 11:00:00+09:00,5120.0,5120.0,5100.0,5120.0,996,0.0,0.0
2023-04-17 12:00:00+09:00,5120.0,5120.0,5110.0,5110.0,106,0.0,0.0
2023-04-17 13:00:00+09:00,5110.0,5120.0,5110.0,5120.0,1572,0.0,0.0
2023-04-17 14:00:00+09:00,5100.0,5110.0,5100.0,5100.0,647,0.0,0.0
2023-04-18 09:00:00+09:00,5080.0,5080.0,5060.0,5060.0,2522,0.0,0.0
2023-04-18 10:00:00+09:00,5060.0,5110.0,5060.0,5100.0,2482,0.0,0.0
2023-04-18 11:00:00+09:00,5100.0,5100.0,5090.0,5090.0,1032,0.0,0.0
2023-04-18 12:00:00+09:00,5090.0,5100.0,5090.0,5100.0,1129,0.0,0.0
2023-04-18 13:00:00+09:00,5090.0,5120.0,5070.0,5110.0,610,0.0,0.0
2023-04-18 14:00:00+09:00,5100.0,5120.0,5100.0,5120.0,230,0.0,0.0
2023-04-19 09:00:00+09:00,5070.0,5150.0,5070.0,5080.0,699,0.0,0.0
2023-04-19 10:00:00+09:00,5090.0,5090.0,5070.0,5080.0,659,0.0,0.0
2023-04-19 11:00:00+09:00,5080.0,5110.0,5080.0,5090.0,120,0.0,0.0
2023-04-19 12:00:00+09:00,5100.0,5120.0,5100.0,5120.0,1052,0.0,0.0
2023-04-19 13:00:00+09:00,5110.0,5110.0,5090.0,5090.0,2407,0.0,0.0
2023-04-19 14:00:00+09:00,5110.0,5110.0,5090.0,5110.0,242,0.0,0.0
2023-04-20 09:00:00+09:00,5110.0,5110.0,5070.0,5080.0,861,0.0,0.0
2023-04-20 10:00:00+09:00,5100.0,5120.0,5100.0,5100.0,325,0.0,0.0
2023-04-20 11:00:00+09:00,5100.0,5100.0,5100.0,5100.0,14,0.0,0.0
2023-04-20 12:00:00+09:00,5110.0,5120.0,5100.0,5100.0,254,0.0,0.0
2023-04-20 13:00:00+09:00,5100.0,5100.0,5070.0,5070.0,453,0.0,0.0
2023-04-20 14:00:00+09:00,5080.0,5100.0,5070.0,5100.0,2469,0.0,0.0
2023-04-21 09:00:00+09:00,5030.0,5090.0,5030.0,5070.0,2025,0.0,0.0
2023-04-21 10:00:00+09:00,5070.0,5100.0,5070.0,5100.0,3184,0.0,0.0
2023-04-21 11:00:00+09:00,5110.0,5130.0,5060.0,5070.0,4674,0.0,0.0
2023-04-21 12:00:00+09:00,5070.0,5090.0,5070.0,5080.0,0,0.0,0.0
2023-04-21 13:00:00+09:00,5080.0,5080.0,5080.0,5080.0,946,0.0,0.0
2023-04-21 14:00:00+09:00,5080.0,5080.0,5050.0,5070.0,2626,0.0,0.0
2023-04-24 09:00:00+09:00,5060.0,5080.0,5060.0,5060.0,0,0.0,0.0
2023-04-24 10:00:00+09:00,5060.0,5070.0,5050.0,5070.0,4507,0.0,0.0
2023-04-24 11:00:00+09:00,5050.0,5070.0,5050.0,5050.0,241,0.0,0.0
2023-04-24 12:00:00+09:00,5050.0,5050.0,5050.0,5050.0,327,0.0,0.0
2023-04-24 13:00:00+09:00,5060.0,5070.0,5060.0,5070.0,2409,0.0,0.0
2023-04-24 14:00:00+09:00,5070.0,5090.0,5060.0,5090.0,1905,0.0,0.0
2023-04-25 09:00:00+09:00,5080.0,5090.0,5080.0,5090.0,0,0.0,0.0
2023-04-25 10:00:00+09:00,5090.0,5090.0,5070.0,5070.0,153,0.0,0.0
2023-04-25 11:00:00+09:00,5060.0,5070.0,5060.0,5060.0,827,0.0,0.0
2023-04-25 12:00:00+09:00,5060.0,5070.0,5060.0,5070.0,952,0.0,0.0
2023-04-25 13:00:00+09:00,5070.0,5070.0,5030.0,5030.0,6349,0.0,0.0
2023-04-25 14:00:00+09:00,5050.0,5050.0,5010.0,5050.0,4084,0.0,0.0
2023-04-26 09:00:00+09:00,4970.0,5040.0,4970.0,5000.0,0,0.0,0.0
2023-04-26 10:00:00+09:00,5020.0,5030.0,5000.0,5030.0,872,0.0,0.0
2023-04-26 11:00:00+09:00,5020.0,5030.0,5020.0,5030.0,304,0.0,0.0
2023-04-26 12:00:00+09:00,5030.0,5030.0,5000.0,5010.0,2501,0.0,0.0
2023-04-26 13:00:00+09:00,5000.0,5010.0,5000.0,5010.0,262,0.0,0.0
2023-04-26 14:00:00+09:00,5010.0,5030.0,5000.0,5010.0,357,0.0,0.0
2023-04-27 09:00:00+09:00,5030.0,5040.0,5000.0,5010.0,0,0.0,0.0
2023-04-27 10:00:00+09:00,5010.0,5030.0,4995.0,5030.0,6660,0.0,0.0
2023-04-27 11:00:00+09:00,5020.0,5020.0,5020.0,5020.0,0,0.0,0.0
2023-04-27 12:00:00+09:00,5020.0,5020.0,5020.0,5020.0,22,0.0,0.0
2023-04-27 13:00:00+09:00,5020.0,5020.0,5020.0,5020.0,666,0.0,0.0
2023-04-27 14:00:00+09:00,5030.0,5030.0,5020.0,5030.0,0,0.0,0.0
2023-04-28 09:00:00+09:00,5030.0,5030.0,4965.0,5020.0,6553,0.0,0.0
2023-04-28 10:00:00+09:00,5010.0,5020.0,5000.0,5020.0,239,0.0,0.0
2023-04-28 11:00:00+09:00,5020.0,5030.0,5010.0,5010.0,48,0.0,0.0
2023-04-28 12:00:00+09:00,5000.0,5010.0,5000.0,5010.0,182,0.0,0.0
2023-04-28 13:00:00+09:00,5010.0,5030.0,5010.0,5020.0,1175,0.0,0.0
2023-04-28 14:00:00+09:00,5020.0,5040.0,5020.0,5030.0,431,0.0,0.0
2023-05-02 09:00:00+09:00,5050.0,5100.0,5020.0,5090.0,0,0.0,0.0
2023-05-02 10:00:00+09:00,5080.0,5080.0,5060.0,5080.0,2313,0.0,0.0
2023-05-02 11:00:00+09:00,5080.0,5080.0,5060.0,5060.0,1661,0.0,0.0
2023-05-02 12:00:00+09:00,5060.0,5190.0,5060.0,5100.0,5761,0.0,0.0
2023-05-02 13:00:00+09:00,5100.0,5150.0,5100.0,5150.0,1454,0.0,0.0
2023-05-02 14:00:00+09:00,5150.0,5190.0,5140.0,5150.0,4963,0.0,0.0
2023-05-03 09:00:00+09:00,5200.0,5210.0,5130.0,5170.0,0,0.0,0.0
2023-05-03 10:00:00+09:00,5170.0,5190.0,5170.0,5180.0,2562,0.0,0.0
2023-05-03 11:00:00+09:00,5180.0,5180.0,5150.0,5170.0,802,0.0,0.0
2023-05-03 12:00:00+09:00,5170.0,5180.0,5160.0,5180.0,182,0.0,0.0
2023-05-03 13:00:00+09:00,5150.0,5180.0,5110.0,5150.0,2536,0.0,0.0
2023-05-03 14:00:00+09:00,5140.0,5150.0,5120.0,5130.0,870,0.0,0.0
2023-05-04 09:00:00+09:00,5220.0,5280.0,5190.0,5240.0,0,0.0,0.0
2023-05-04 10:00:00+09:00,5230.0,5280.0,5210.0,5270.0,2897,0.0,0.0
2023-05-04 11:00:00+09:00,5270.0,5380.0,5250.0,5290.0,17678,0.0,0.0
2023-05-04 12:00:00+09:00,5280.0,5300.0,5260.0,5290.0,5738,0.0,0.0
2023-05-04 13:00:00+09:00,5290.0,5290.0,5240.0,5280.0,1081,0.0,0.0
2023-05-04 14:00:00+09:00,5260.0,5260.0,5190.0,5220.0,9212,0.0,0.0
2023-05-08 09:00:00+09:00,5340.0,5340.0,5240.0,5250.0,0,0.0,0.0
2023-05-08 10:00:00+09:00,5240.0,5250.0,5200.0,5200.0,3896,0.0,0.0
2023-05-08 11:00:00+09:00,5200.0,5200.0,5160.0,5180.0,2073,0.0,0.0
2023-05-08 12:00:00+09:00,5170.0,5200.0,5170.0,5200.0,700,0.0,0.0
2023-05-08 13:00:00+09:00,5200.0,5210.0,5180.0,5200.0,318,0.0,0.0
2023-05-08 14:00:00+09:00,5210.0,5220.0,5190.0,5220.0,2814,0.0,0.0
2023-05-09 09:00:00+09:00,5220.0,5250.0,5190.0,5230.0,529,0.0,0.0
2023-05-09 10:00:00+09:00,5220.0,5230.0,5180.0,5180.0,1655,0.0,0.0
2023-05-09 11:00:00+09:00,5200.0,5210.0,5170.0,5170.0,404,0.0,0.0
2023-05-09 12:00:00+09:00,5190.0,5210.0,5160.0,5210.0,520,0.0,0.0
2023-05-09 13:00:00+09:00,5210.0,5220.0,5190.0,5220.0,2286,0.0,0.0
2023-05-09 14:00:00+09:00,5220.0,5230.0,5180.0,5210.0,811,0.0,0.0
2023-05-10 09:00:00+09:00,5220.0,5220.0,5200.0,5200.0,0,0.0,0.0
2023-05-10 10:00:00+09:00,5200.0,5210.0,5180.0,5180.0,3130,0.0,0.0
2023-05-10 11:00:00+09:00,5210.0,5210.0,5180.0,5200.0,1230,0.0,0.0
2023-05-10 12:00:00+09:00,5200.0,5220.0,5190.0,5220.0,275,0.0,0.0
2023-05-10 13:00:00+09:00,5220.0,5240.0,5220.0,5240.0,1005,0.0,0.0
2023-05-10 14:00:00+09:00,5230.0,5240.0,5210.0,5210.0,1265,0.0,0.0
2023-05-11 09:00:00+09:00,5230.0,5300.0,5200.0,5260.0,0,0.0,0.0
2023-05-11 10:00:00+09:00,5240.0,5260.0,5230.0,5260.0,549,0.0,0.0
2023-05-11 11:00:00+09:00,5260.0,5260.0,5250.0,5250.0,264,0.0,0.0
2023-05-11 12:00:00+09:00,5240.0,5270.0,5240.0,5260.0,1002,0.0,0.0
2023-05-11 13:00:00+09:00,5250.0,5260.0,5230.0,5260.0,252,0.0,0.0
2023-05-11 14:00:00+09:00,5240.0,5260.0,5200.0,5230.0,676,0.0,0.0
2023-05-12 09:00:00+09:00,5120.0,5180.0,5100.0,5170.0,0,0.0,0.0
2023-05-12 10:00:00+09:00,5160.0,5170.0,5130.0,5170.0,968,0.0,0.0
2023-05-12 11:00:00+09:00,5150.0,5170.0,5140.0,5160.0,489,0.0,0.0
2023-05-12 12:00:00+09:00,5160.0,5160.0,5140.0,5150.0,724,0.0,0.0
2023-05-12 13:00:00+09:00,5160.0,5210.0,5160.0,5190.0,1142,0.0,0.0
2023-05-12 14:00:00+09:00,5190.0,5190.0,5100.0,5140.0,4602,0.0,0.0
2023-05-15 09:00:00+09:00,5090.0,5220.0,5060.0,5160.0,0,0.0,0.0
2023-05-15 10:00:00+09:00,5140.0,5160.0,5090.0,5090.0,1284,0.0,0.0
2023-05-15 11:00:00+09:00,5090.0,5130.0,5080.0,5130.0,514,0.0,0.0
2023-05-15 12:00:00+09:00,5120.0,5120.0,5080.0,5110.0,813,0.0,0.0
2023-05-15 13:00:00+09:00,5120.0,5120.0,5090.0,5090.0,231,0.0,0.0
2023-05-15 14:00:00+09:00,5090.0,5120.0,5080.0,5110.0,831,0.0,0.0
2023-05-16 09:00:00+09:00,5090.0,5270.0,5090.0,5160.0,4989,0.0,0.0
2023-05-16 10:00:00+09:00,5140.0,5140.0,5110.0,5140.0,529,0.0,0.0
2023-05-16 11:00:00+09:00,5140.0,5140.0,5110.0,5130.0,771,0.0,0.0
2023-05-16 12:00:00+09:00,5130.0,5150.0,5130.0,5130.0,1337,0.0,0.0
2023-05-16 13:00:00+09:00,5150.0,5150.0,5090.0,5130.0,4952,0.0,0.0
2023-05-16 14:00:00+09:00,5110.0,5160.0,5090.0,5140.0,3552,0.0,0.0
2023-05-17 09:00:00+09:00,5080.0,5150.0,5080.0,5130.0,1276,0.0,0.0
2023-05-17 10:00:00+09:00,5130.0,5140.0,5130.0,5130.0,1001,0.0,0.0
2023-05-17 11:00:00+09:00,5130.0,5150.0,5130.0,5140.0,717,0.0,0.0
2023-05-17 12:00:00+09:00,5130.0,5150.0,5120.0,5150.0,133,0.0,0.0
2023-05-17 13:00:00+09:00,5150.0,5150.0,5150.0,5150.0,60,0.0,0.0
2023-05-17 14:00:00+09:00,5140.0,5140.0,5110.0,5120.0,667,0.0,0.0
2023-05-18 09:00:00+09:00,5150.0,5160.0,5140.0,5150.0,2635,0.0,0.0
2023-05-18 10:00:00+09:00,5150.0,5210.0,5150.0,5190.0,1491,0.0,0.0
2023-05-18 11:00:00+09:00,5190.0,5200.0,5170.0,5180.0,637,0.0,0.0
2023-05-18 12:00:00+09:00,5190.0,5190.0,5180.0,5180.0,192,0.0,0.0
2023-05-18 13:00:00+09:00,5190.0,5190.0,5140.0,5150.0,2648,0.0,0.0
2023-05-18 14:00:00+09:00,5150.0,5150.0,5110.0,5110.0,943,0.0,0.0
2023-05-19 09:00:00+09:00,5160.0,5160.0,5080.0,5100.0,7778,0.0,0.0
2023-05-19 10:00:00+09:00,5090.0,5110.0,5090.0,5110.0,2152,0.0,0.0
2023-05-19 11:00:00+09:00,5120.0,5140.0,5100.0,5140.0,32,0.0,0.0
2023-05-19 12:00:00+09:00,5140.0,5140.0,5130.0,5140.0,108,0.0,0.0
2023-05-19 13:00:00+09:00,5140.0,5140.0,5120.0,5120.0,311,0.0,0.0
2023-05-19 14:00:00+09:00,5120.0,5140.0,5100.0,5110.0,499,0.0,0.0
2023-05-22 09:00:00+09:00,5140.0,5200.0,5120.0,5150.0,0,0.0,0.0
2023-05-22 10:00:00+09:00,5140.0,5150.0,5080.0,5110.0,4361,0.0,0.0
2023-05-22 11:00:00+09:00,5110.0,5140.0,5110.0,5140.0,355,0.0,0.0
2023-05-22 12:00:00+09:00,5140.0,5140.0,5140.0,5140.0,434,0.0,0.0
2023-05-22 13:00:00+09:00,5140.0,5150.0,5130.0,5150.0,924,0.0,0.0
2023-05-22 14:00:00+09:00,5140.0,5150.0,5140.0,5150.0,400,0.0,0.0
2023-05-23 09:00:00+09:00,5130.0,5170.0,5110.0,5150.0,1762,0.0,0.0
2023-05-23 10:00:00+09:00,5150.0,5150.0,5120.0,5150.0,519,0.0,0.0
2023-05-23 11:00:00+09:00,5130.0,5150.0,5120.0,5120.0,1175,0.0,0.0
2023-05-23 12:00:00+09:00,5120.0,5130.0,5090.0,5130.0,1416,0.0,0.0
2023-05-23 13:00:00+09:00,5130.0,5130.0,5120.0,5130.0,40,0.0,0.0
2023-05-23 14:00:00+09:00,5130.0,5130.0,5130.0,5130.0,34,0.0,0.0
2023-05-24 09:00:00+09:00,5100.0,5250.0,5100.0,5140.0,0,0.0,0.0
2023-05-24 10:00:00+09:00,5140.0,5160.0,5130.0,5160.0,313,0.0,0.0
2023-05-24 11:00:00+09:00,5160.0,5160.0,5120.0,5150.0,951,0.0,0.0
2023-05-24 12:00:00+09:00,5150.0,5160.0,5110.0,5110.0,1458,0.0,0.0
2023-05-24 13:00:00+09:00,5110.0,5140.0,5110.0,5140.0,67,0.0,0.0
2023-05-24 14:00:00+09:00,5130.0,5140.0,5110.0,5140.0,427,0.0,0.0
2023-05-25 09:00:00+09:00,5160.0,5170.0,5100.0,5150.0,0,0.0,0.0
2023-05-25 10:00:00+09:00,5140.0,5150.0,5140.0,5150.0,110,0.0,0.0
2023-05-25 11:00:00+09:00,5140.0,5150.0,5140.0,5140.0,145,0.0,0.0
2023-05-25 12:00:00+09:00,5140.0,5160.0,5140.0,5160.0,446,0.0,0.0
2023-05-25 13:00:00+09:00,5150.0,5190.0,5140.0,5170.0,754,0.0,0.0
2023-05-25 14:00:00+09:00,5160.0,5170.0,5140.0,5160.0,1069,0.0,0.0
2023-05-26 09:00:00+09:00,5180.0,5200.0,5130.0,5130.0,0,0.0,0.0
2023-05-26 10:00:00+09:00,5140.0,5180.0,5110.0,5140.0,1404,0.0,0.0
2023-05-26 11:00:00+09:00,5130.0,5140.0,5110.0,5140.0,91,0.0,0.0
2023-05-26 12:00:00+09:00,5130.0,5140.0,5120.0,5140.0,37,0.0,0.0
2023-05-26 13:00:00+09:00,5140.0,5170.0,5120.0,5150.0,661,0.0,0.0
2023-05-26 14:00:00+09:00,5130.0,5150.0,5120.0,5150.0,768,0.0,0.0
2023-05-30 09:00:00+09:00,5080.0,5140.0,5080.0,5090.0,0,0.0,0.0
2023-05-30 10:00:00+09:00,5100.0,5110.0,5080.0,5080.0,2843,0.0,0.0
2023-05-30 11:00:00+09:00,5100.0,5120.0,5100.0,5110.0,646,0.0,0.0
2023-05-30 12:00:00+09:00,5100.0,5120.0,5100.0,5110.0,990,0.0,0.0
2023-05-30 13:00:00+09:00,5110.0,5110.0,5100.0,5110.0,0,0.0,0.0
2023-05-30 14:00:00+09:00,5110.0,5120.0,5090.0,5120.0,4198,0.0,0.0
2023-05-31 09:00:00+09:00,5070.0,5160.0,5070.0,5110.0,910,0.0,0.0
2023-05-31 10:00:00+09:00,5110.0,5130.0,5110.0,5120.0,95,0.0,0.0
2023-05-31 11:00:00+09:00,5110.0,5120.0,5090.0,5100.0,1688,0.0,0.0
2023-05-31 12:00:00+09:00,5100.0,5130.0,5100.0,5130.0,253,0.0,0.0
2023-05-31 13:00:00+09:00,5120.0,5130.0,5110.0,5130.0,114,0.0,0.0
2023-05-31 14:00:00+09:00,5120.0,5120.0,5100.0,5100.0,6634,0.0,0.0
2023-06-01 09:00:00+09:00,5110.0,5110.0,5100.0,5110.0,0,0.0,0.0
2023-06-01 10:00:00+09:00,5100.0,5110.0,5100.0,5110.0,386,0.0,0.0
2023-06-01 11:00:00+09:00,5110.0,5110.0,5090.0,5110.0,1717,0.0,0.0
2023-06-01 12:00:00+09:00,5100.0,5110.0,5090.0,5090.0,2532,0.0,0.0
2023-06-01 13:00:00+09:00,5110.0,5110.0,5110.0,5110.0,0,0.0,0.0
2023-06-01 14:00:00+09:00,5110.0,5110.0,5090.0,5090.0,2255,0.0,0.0
2023-06-02 09:00:00+09:00,5110.0,5110.0,5060.0,5090.0,2206,0.0,0.0
2023-06-02 10:00:00+09:00,5110.0,5110.0,5080.0,5080.0,1494,0.0,0.0
2023-06-02 11:00:00+09:00,5090.0,5090.0,5070.0,5070.0,975,0.0,0.0
2023-06-02 12:00:00+09:00,5070.0,5100.0,5070.0,5070.0,2079,0.0,0.0
2023-06-02 13:00:00+09:00,5070.0,5100.0,5070.0,5100.0,905,0.0,0.0
2023-06-02 14:00:00+09:00,5100.0,5110.0,5050.0,5110.0,8648,0.0,0.0
2023-06-05 09:00:00+09:00,5110.0,5150.0,5110.0,5110.0,0,0.0,0.0
2023-06-05 10:00:00+09:00,5140.0,5140.0,5140.0,5140.0,319,0.0,0.0
2023-06-05 11:00:00+09:00,5140.0,5140.0,5120.0,5130.0,6,0.0,0.0
2023-06-05 12:00:00+09:00,5120.0,5130.0,5120.0,5130.0,6,0.0,0.0
2023-06-05 13:00:00+09:00,5120.0,5140.0,5120.0,5140.0,466,0.0,0.0
2023-06-05 14:00:00+09:00,5130.0,5130.0,5120.0,5120.0,723,0.0,0.0
2023-06-07 09:00:00+09:00,5080.0,5130.0,5070.0,5100.0,1470,0.0,0.0
2023-06-07 10:00:00+09:00,5100.0,5110.0,5090.0,5110.0,0,0.0,0.0
2023-06-07 11:00:00+09:00,5110.0,5110.0,5070.0,5080.0,1333,0.0,0.0
2023-06-07 12:00:00+09:00,5100.0,5100.0,5080.0,5100.0,207,0.0,0.0
2023-06-07 13:00:00+09:00,5100.0,5100.0,5090.0,5100.0,624,0.0,0.0
2023-06-07 14:00:00+09:00,5100.0,5100.0,5100.0,5100.0,11,0.0,0.0
2023-06-08 09:00:00+09:00,5050.0,5100.0,5050.0,5080.0,2408,0.0,0.0
2023-06-08 10:00:00+09:00,5070.0,5080.0,5060.0,5080.0,1358,0.0,0.0
2023-06-08 11:00:00+09:00,5080.0,5080.0,5070.0,5070.0,282,0.0,0.0
2023-06-08 12:00:00+09:00,5080.0,5080.0,5080.0,5080.0,997,0.0,0.0
2023-06-08 13:00:00+09:00,5080.0,5080.0,5070.0,5080.0,308,0.0,0.0
2023-06-08 14:00:00+09:00,5080.0,5080.0,5070.0,5080.0,621,0.0,0.0
2023-06-09 09:00:00+09:00,5080.0,5100.0,5070.0,5090.0,2986,0.0,0.0
2023-06-09 10:00:00+09:00,5090.0,5100.0,5060.0,5100.0,1108,0.0,0.0
2023-06-09 11:00:00+09:00,5090.0,5100.0,5070.0,5080.0,311,0.0,0.0
2023-06-09 12:00:00+09:00,5080.0,5090.0,5080.0,5090.0,97,0.0,0.0
2023-06-09 13:00:00+09:00,5090.0,5090.0,5070.0,5090.0,159,0.0,0.0
2023-06-09 14:00:00+09:00,5070.0,5090.0,5070.0,5090.0,259,0.0,0.0
2023-06-12 09:00:00+09:00,5060.0,5090.0,5040.0,5070.0,0,0.0,0.0
2023-06-12 10:00:00+09:00,5080.0,5080.0,5080.0,5080.0,409,0.0,0.0
2023-06-12 11:00:00+09:00,5080.0,5090.0,5070.0,5090.0,95,0.0,0.0
2023-06-12 12:00:00+09:00,5090.0,5100.0,5060.0,5100.0,1628,0.0,0.0
2023-06-12 13:00:00+09:00,5100.0,5110.0,5060.0,5110.0,213,0.0,0.0
2023-06-12 14:00:00+09:00,5090.0,5100.0,5070.0,5100.0,524,0.0,0.0
2023-06-13 09:00:00+09:00,5070.0,5120.0,5040.0,5110.0,136,0.0,0.0
2023-06-13 10:00:00+09:00,5100.0,5110.0,5100.0,5110.0,442,0.0,0.0
2023-06-13 11:00:00+09:00,5100.0,5130.0,5100.0,5100.0,2474,0.0,0.0
2023-06-13 12:00:00+09:00,5130.0,5130.0,5100.0,5120.0,1819,0.0,0.0
2023-06-13 13:00:00+09:00,5100.0,5120.0,5100.0,5110.0,3354,0.0,0.0
2023-06-13 14:00:00+09:00,5110.0,5110.0,5100.0,5100.0,780,0.0,0.0
2023-06-14 09:00:00+09:00,5120.0,5130.0,5100.0,5130.0,6153,0.0,0.0
2023-06-14 10:00:00+09:00,5120.0,5130.0,5100.0,5130.0,498,0.0,0.0
2023-06-14 11:00:00+09:00,5110.0,5120.0,5100.0,5120.0,184,0.0,0.0
2023-06-14 12:00:00+09:00,5110.0,5120.0,5100.0,5110.0,387,0.0,0.0
2023-06-14 13:00:00+09:00,5120.0,5120.0,5080.0,5120.0,7065,0.0,0.0
2023-06-14 14:00:00+09:00,5080.0,5100.0,5080.0,5100.0,1757,0.0,0.0
2023-06-15 09:00:00+09:00,5050.0,5130.0,5050.0,5120.0,0,0.0,0.0
2023-06-15 10:00:00+09:00,5130.0,5160.0,5120.0,5140.0,1759,0.0,0.0
2023-06-15 11:00:00+09:00,5150.0,5150.0,5130.0,5150.0,22,0.0,0.0
2023-06-15 12:00:00+09:00,5140.0,5140.0,5110.0,5110.0,90,0.0,0.0
2023-06-15 13:00:00+09:00,5130.0,5140.0,5100.0,5140.0,7734,0.0,0.0
2023-06-15 14:00:00+09:00,5110.0,5150.0,5100.0,5140.0,2015,0.0,0.0
2023-06-16 09:00:00+09:00,5060.0,5140.0,5050.0,5100.0,6040,0.0,0.0
2023-06-16 10:00:00+09:00,5100.0,5160.0,5060.0,5160.0,3750,0.0,0.0
2023-06-16 11:00:00+09:00,5160.0,5160.0,5130.0,5150.0,210,0.0,0.0
2023-06-16 12:00:00+09:00,5140.0,5150.0,5110.0,5120.0,223,0.0,0.0
2023-06-16 13:00:00+09:00,5110.0,5120.0,5100.0,5120.0,169,0.0,0.0
2023-06-16 14:00:00+09:00,5120.0,5120.0,5100.0,5110.0,117,0.0,0.0
2023-06-19 09:00:00+09:00,5120.0,5200.0,5090.0,5100.0,0,0.0,0.0
2023-06-19 10:00:00+09:00,5100.0,5100.0,5100.0,5100.0,2773,0.0,0.0
2023-06-19 11:00:00+09:00,5120.0,5140.0,5100.0,5130.0,1381,0.0,0.0
2023-06-19 12:00:00+09:00,5120.0,5130.0,5120.0,5130.0,63,0.0,0.0
2023-06-19 13:00:00+09:00,5120.0,5120.0,5090.0,5120.0,2417,0.0,0.0
2023-06-19 14:00:00+09:00,5120.0,5130.0,5090.0,5120.0,333,0.0,0.0
2023-06-20 09:00:00+09:00,5090.0,5120.0,5080.0,5110.0,565,0.0,0.0
2023-06-20 10:00:00+09:00,5100.0,5110.0,5100.0,5110.0,170,0.0,0.0
2023-06-20 11:00:00+09:00,5110.0,5110.0,5110.0,5110.0,3,0.0,0.0
2023-06-20 12:00:00+09:00,5110.0,5110.0,5100.0,5110.0,299,0.0,0.0
2023-06-20 13:00:00+09:00,5100.0,5110.0,5100.0,5100.0,1142,0.0,0.0
2023-06-20 14:00:00+09:00,5110.0,5110.0,5110.0,5110.0,324,0.0,0.0
2023-06-21 09:00:00+09:00,5070.0,5110.0,5070.0,5100.0,0,0.0,0.0
2023-06-21 10:00:00+09:00,5090.0,5090.0,5080.0,5090.0,842,0.0,0.0
2023-06-21 11:00:00+09:00,5090.0,5090.0,5070.0,5090.0,1332,0.0,0.0
2023-06-21 12:00:00+09:00,5070.0,5090.0,5060.0,5070.0,646,0.0,0.0
2023-06-21 13:00:00+09:00,5070.0,5090.0,5060.0,5080.0,598,0.0,0.0
2023-06-21 14:00:00+09:00,5080.0,5080.0,5060.0,5060.0,2512,0.0,0.0
2023-06-22 09:00:00+09:00,5050.0,5060.0,5020.0,5060.0,2210,0.0,0.0
2023-06-22 10:00:00+09:00,5050.0,5080.0,5040.0,5080.0,2094,0.0,0.0
2023-06-22 11:00:00+09:00,5080.0,5080.0,5070.0,5070.0,38,0.0,0.0
2023-06-22 12:00:00+09:00,5070.0,5070.0,5060.0,5060.0,130,0.0,0.0
2023-06-22 13:00:00+09:00,5060.0,5070.0,5060.0,5070.0,104,0.0,0.0
2023-06-22 14:00:00+09:00,5060.0,5070.0,5050.0,5060.0,1673,0.0,0.0
2023-06-23 09:00:00+09:00,5060.0,5060.0,5030.0,5050.0,0,0.0,0.0
2023-06-23 10:00:00+09:00,5050.0,5050.0,4995.0,5000.0,7723,0.0,0.0
2023-06-23 11:00:00+09:00,5030.0,5040.0,4995.0,5030.0,1252,0.0,0.0
2023-06-23 12:00:00+09:00,5030.0,5050.0,5020.0,5050.0,7,0.0,0.0
2023-06-23 13:00:00+09:00,5030.0,5030.0,5000.0,5010.0,241,0.0,0.0
2023-06-23 14:00:00+09:00,5020.0,5040.0,5020.0,5040.0,331,0.0,0.0
2023-06-26 09:00:00+09:00,5040.0,5070.0,4995.0,5030.0,0,0.0,0.0
2023-06-26 10:00:00+09:00,5020.0,5040.0,5000.0,5040.0,6226,0.0,0.0
2023-06-26 11:00:00+09:00,5020.0,5040.0,5020.0,5040.0,19,0.0,0.0
2023-06-26 12:00:00+09:00,5040.0,5090.0,5040.0,5050.0,434,0.0,0.0
2023-06-26 13:00:00+09:00,5050.0,5080.0,5040.0,5050.0,176,0.0,0.0
2023-06-26 14:00:00+09:00,5040.0,5050.0,5030.0,5050.0,120,0.0,0.0
2023-06-27 09:00:00+09:00,5050.0,5060.0,5040.0,5050.0,285,0.0,0.0
2023-06-27 10:00:00+09:00,5050.0,5070.0,5030.0,5070.0,1098,0.0,0.0
2023-06-27 11:00:00+09:00,5070.0,5070.0,5070.0,5070.0,206,0.0,0.0
2023-06-27 12:00:00+09:00,5070.0,5100.0,5070.0,5100.0,165,0.0,0.0
2023-06-27 13:00:00+09:00,5100.0,5100.0,5090.0,5100.0,298,0.0,0.0
2023-06-27 14:00:00+09:00,5100.0,5110.0,5090.0,5090.0,1833,0.0,0.0
2023-06-28 09:00:00+09:00,5080.0,5110.0,5050.0,5090.0,376,0.0,0.0
2023-06-28 10:00:00+09:00,5090.0,5090.0,5080.0,5090.0,31,0.0,0.0
2023-06-28 11:00:00+09:00,5090.0,5110.0,5090.0,5110.0,3004,0.0,0.0
2023-06-28 12:00:00+09:00,5110.0,5110.0,5100.0,5100.0,877,0.0,0.0
2023-06-28 13:00:00+09:00,5100.0,5100.0,5090.0,5100.0,0,0.0,0.0
2023-06-28 14:00:00+09:00,5100.0,5110.0,5090.0,5110.0,1096,0.0,0.0
2023-06-29 09:00:00+09:00,5100.0,5100.0,5040.0,5090.0,0,0.0,0.0
2023-06-29 10:00:00+09:00,5090.0,5090.0,5050.0,5070.0,2728,0.0,0.0
2023-06-29 11:00:00+09:00,5060.0,5090.0,5060.0,5090.0,379,0.0,0.0
2023-06-29 12:00:00+09:00,5080.0,5090.0,5080.0,5080.0,325,0.0,0.0
2023-06-29 13:00:00+09:00,5080.0,5090.0,5060.0,5060.0,547,0.0,0.0
2023-06-29 14:00:00+09:00,5060.0,5100.0,5060.0,5060.0,7784,0.0,0.0
2023-06-30 09:00:00+09:00,5080.0,5100.0,5030.0,5060.0,1730,0.0,0.0
2023-06-30 10:00:00+09:00,5050.0,5070.0,5050.0,5070.0,225,0.0,0.0
2023-06-30 11:00:00+09:00,5070.0,5070.0,5050.0,5060.0,2388,0.0,0.0
2023-06-30 12:00:00+09:00,5060.0,5060.0,5040.0,5040.0,7812,0.0,0.0
2023-06-30 13:00:00+09:00,5050.0,5060.0,5040.0,5060.0,440,0.0,0.0
2023-06-30 14:00:00+09:00,5070.0,5070.0,5000.0,5040.0,3798,0.0,0.0
2023-07-03 09:00:00+09:00,5100.0,5100.0,5060.0,5060.0,0,0.0,0.0
2023-07-03 10:00:00+09:00,5060.0,5090.0,5060.0,5080.0,831,0.0,0.0
2023-07-03 11:00:00+09:00,5070.0,5090.0,5060.0,5080.0,844,0.0,0.0
2023-07-03 12:00:00+09:00,5070.0,5080.0,5070.0,5080.0,54,0.0,0.0
2023-07-03 13:00:00+09:00,5080.0,5080.0,5060.0,5060.0,329,0.0,0.0
2023-07-03 14:00:00+09:00,5060.0,5070.0,5060.0,5060.0,4580,0.0,0.0
2023-07-04 09:00:00+09:00,4980.0,5040.0,4980.0,5010.0,15939,0.0,0.0
2023-07-04 10:00:00+09:00,5010.0,5020.0,4990.0,5020.0,554,0.0,0.0
2023-07-04 11:00:00+09:00,5020.0,5020.0,5010.0,5020.0,455,0.0,0.0
2023-07-04 12:00:00+09:00,5020.0,5020.0,5020.0,5020.0,367,0.0,0.0
2023-07-04 13:00:00+09:00,5020.0,5030.0,5000.0,5010.0,339,0.0,0.0
2023-07-04 14:00:00+09:00,5000.0,5030.0,5000.0,5020.0,5093,0.0,0.0
2023-07-05 09:00:00+09:00,5010.0,5010.0,4990.0,5010.0,0,0.0,0.0
2023-07-05 10:00:00+09:00,5000.0,5010.0,4990.0,5010.0,510,0.0,0.0
2023-07-05 11:00:00+09:00,5010.0,5030.0,4995.0,5020.0,292,0.0,0.0
2023-07-05 12:00:00+09:00,5030.0,5030.0,4990.0,4995.0,969,0.0,0.0
2023-07-05 13:00:00+09:00,4995.0,5020.0,4995.0,5020.0,207,0.0,0.0
2023-07-05 14:00:00+09:00,5000.0,5020.0,4990.0,4995.0,1153,0.0,0.0
2023-07-06 09:00:00+09:00,5000.0,5020.0,4965.0,4970.0,0,0.0,0.0
2023-07-06 10:00:00+09:00,4975.0,5000.0,4975.0,5000.0,878,0.0,0.0
2023-07-06 11:00:00+09:00,5000.0,5000.0,4975.0,4975.0,342,0.0,0.0
2023-07-06 12:00:00+09:00,4970.0,4980.0,4965.0,4980.0,782,0.0,0.0
2023-07-06 13:00:00+09:00,4980.0,4985.0,4970.0,4975.0,224,0.0,0.0
2023-07-06 14:00:00+09:00,4975.0,4985.0,4965.0,4985.0,1388,0.0,0.0
2023-07-07 09:00:00+09:00,5000.0,5000.0,4975.0,4975.0,0,0.0,0.0
2023-07-07 10:00:00+09:00,4975.0,4985.0,4970.0,4970.0,1598,0.0,0.0
2023-07-07 11:00:00+09:00,4970.0,4970.0,4965.0,4965.0,527,0.0,0.0
2023-07-07 12:00:00+09:00,4980.0,4980.0,4970.0,4970.0,561,0.0,0.0
2023-07-07 13:00:00+09:00,4970.0,4975.0,4965.0,4970.0,164,0.0,0.0
2023-07-07 14:00:00+09:00,4965.0,4965.0,4945.0,4945.0,3083,0.0,0.0
2023-07-10 09:00:00+09:00,4920.0,4940.0,4920.0,4940.0,0,0.0,0.0
2023-07-10 10:00:00+09:00,4930.0,4940.0,4930.0,4940.0,537,0.0,0.0
2023-07-10 11:00:00+09:00,4935.0,4935.0,4925.0,4925.0,1036,0.0,0.0
2023-07-10 12:00:00+09:00,4940.0,4940.0,4910.0,4930.0,2647,0.0,0.0
2023-07-10 13:00:00+09:00,4930.0,4930.0,4920.0,4930.0,56,0.0,0.0
2023-07-10 14:00:00+09:00,4930.0,4945.0,4915.0,4935.0,4543,0.0,0.0
2023-07-11 09:00:00+09:00,4940.0,4955.0,4920.0,4935.0,0,0.0,0.0
2023-07-11 10:00:00+09:00,4935.0,5080.0,4935.0,4990.0,1868,0.0,0.0
2023-07-11 11:00:00+09:00,4985.0,5090.0,4985.0,5090.0,1994,0.0,0.0
2023-07-11 12:00:00+09:00,5080.0,5090.0,5060.0,5070.0,959,0.0,0.0
2023-07-11 13:00:00+09:00,5060.0,5060.0,5040.0,5040.0,312,0.0,0.0
2023-07-11 14:00:00+09:00,5050.0,5070.0,5030.0,5060.0,617,0.0,0.0
2023-07-12 09:00:00+09:00,5080.0,5110.0,5070.0,5100.0,0,0.0,0.0
2023-07-12 10:00:00+09:00,5100.0,5110.0,5050.0,5050.0,1438,0.0,0.0
2023-07-12 11:00:00+09:00,5070.0,5080.0,5060.0,5080.0,24,0.0,0.0
2023-07-12 13:00:00+09:00,5060.0,5060.0,5020.0,5050.0,953,0.0,0.0
2023-07-12 14:00:00+09:00,5060.0,5060.0,5050.0,5060.0,7,0.0,0.0
2023-07-13 09:00:00+09:00,5060.0,5060.0,5030.0,5060.0,0,0.0,0.0
2023-07-13 10:00:00+09:00,5060.0,5060.0,5000.0,5030.0,3202,0.0,0.0
2023-07-13 11:00:00+09:00,5030.0,5150.0,5030.0,5060.0,2699,0.0,0.0
2023-07-13 12:00:00+09:00,5090.0,5090.0,5060.0,5090.0,106,0.0,0.0
2023-07-13 13:00:00+09:00,5090.0,5090.0,5050.0,5090.0,602,0.0,0.0
2023-07-13 14:00:00+09:00,5080.0,5090.0,5080.0,5080.0,67,0.0,0.0
2023-07-14 09:00:00+09:00,5080.0,5080.0,4975.0,5030.0,0,0.0,0.0
2023-07-14 10:00:00+09:00,5000.0,5000.0,4980.0,5000.0,2333,0.0,0.0
2023-07-14 11:00:00+09:00,4990.0,4990.0,4970.0,4975.0,3157,0.0,0.0
2023-07-14 12:00:00+09:00,4970.0,5060.0,4970.0,4990.0,2567,0.0,0.0
2023-07-14 13:00:00+09:00,5010.0,5090.0,5010.0,5050.0,1174,0.0,0.0
2023-07-14 14:00:00+09:00,5040.0,5040.0,4980.0,4985.0,416,0.0,0.0
2023-07-17 09:00:00+09:00,4975.0,4975.0,4960.0,4970.0,0,0.0,0.0
2023-07-17 10:00:00+09:00,4970.0,4980.0,4970.0,4975.0,715,0.0,0.0
2023-07-17 11:00:00+09:00,4970.0,4970.0,4950.0,4960.0,1724,0.0,0.0
2023-07-17 12:00:00+09:00,4960.0,4980.0,4945.0,4975.0,2591,0.0,0.0
2023-07-17 13:00:00+09:00,4975.0,4975.0,4960.0,4970.0,352,0.0,0.0
2023-07-17 14:00:00+09:00,4970.0,4995.0,4950.0,4995.0,1192,0.0,0.0
2023-07-18 09:00:00+09:00,5000.0,5040.0,4960.0,4960.0,966,0.0,0.0
2023-07-18 10:00:00+09:00,4960.0,4960.0,4960.0,4960.0,21,0.0,0.0
2023-07-18 11:00:00+09:00,4955.0,5000.0,4955.0,5000.0,1623,0.0,0.0
2023-07-18 12:00:00+09:00,4980.0,4980.0,4980.0,4980.0,32,0.0,0.0
2023-07-18 13:00:00+09:00,4980.0,4980.0,4965.0,4975.0,400,0.0,0.0
2023-07-18 14:00:00+09:00,4975.0,4990.0,4965.0,4985.0,55,0.0,0.0
2023-07-19 09:00:00+09:00,4965.0,4985.0,4945.0,4965.0,2144,0.0,0.0
2023-07-19 10:00:00+09:00,4965.0,4970.0,4950.0,4970.0,320,0.0,0.0
2023-07-19 11:00:00+09:00,4965.0,4980.0,4960.0,4980.0,375,0.0,0.0
2023-07-19 12:00:00+09:00,4970.0,4985.0,4965.0,4965.0,740,0.0,0.0
2023-07-19 13:00:00+09:00,4965.0,4970.0,4965.0,4965.0,97,0.0,0.0
2023-07-19 14:00:00+09:00,4960.0,4960.0,4950.0,4950.0,3613,0.0,0.0
2023-07-20 09:00:00+09:00,4970.0,4970.0,4925.0,4930.0,2569,0.0,0.0
2023-07-20 10:00:00+09:00,4935.0,4955.0,4930.0,4955.0,1163,0.0,0.0
2023-07-20 11:00:00+09:00,4965.0,5060.0,4960.0,4960.0,939,0.0,0.0
2023-07-20 12:00:00+09:00,4970.0,4970.0,4970.0,4970.0,96,0.0,0.0
2023-07-20 13:00:00+09:00,4970.0,4970.0,4960.0,4970.0,120,0.0,0.0
2023-07-20 14:00:00+09:00,4960.0,4985.0,4955.0,4980.0,184,0.0,0.0
2023-07-21 09:00:00+09:00,5000.0,5000.0,4945.0,4965.0,1223,0.0,0.0
2023-07-21 10:00:00+09:00,4950.0,4965.0,4945.0,4965.0,820,0.0,0.0
2023-07-21 11:00:00+09:00,4960.0,4965.0,4955.0,4955.0,5120,0.0,0.0
2023-07-21 12:00:00+09:00,4950.0,4955.0,4950.0,4955.0,28,0.0,0.0
2023-07-21 13:00:00+09:00,4960.0,4960.0,4960.0,4960.0,790,0.0,0.0
2023-07-21 14:00:00+09:00,4960.0,4960.0,4960.0,4960.0,530,0.0,0.0
2023-07-24 09:00:00+09:00,4975.0,4975.0,4945.0,4950.0,0,0.0,0.0
2023-07-24 10:00:00+09:00,4950.0,5000.0,4945.0,4980.0,864,0.0,0.0
2023-07-24 11:00:00+09:00,4965.0,4970.0,4915.0,4915.0,2302,0.0,0.0
2023-07-24 12:00:00+09:00,4915.0,4935.0,4890.0,4900.0,4340,0.0,0.0
2023-07-24 13:00:00+09:00,4900.0,4900.0,4860.0,4860.0,1024,0.0,0.0
2023-07-24 14:00:00+09:00,4865.0,4895.0,4865.0,4885.0,2578,0.0,0.0
2023-07-25 09:00:00+09:00,4880.0,4880.0,4825.0,4870.0,2873,0.0,0.0
2023-07-25 10:00:00+09:00,4870.0,4870.0,4860.0,4865.0,1292,0.0,0.0
2023-07-25 11:00:00+09:00,4870.0,4870.0,4860.0,4870.0,1511,0.0,0.0
2023-07-25 12:00:00+09:00,4865.0,4880.0,4865.0,4880.0,468,0.0,0.0
2023-07-25 13:00:00+09:00,4880.0,4880.0,4860.0,4860.0,3162,0.0,0.0
2023-07-25 14:00:00+09:00,4865.0,4870.0,4840.0,4840.0,2150,0.0,0.0
2023-07-26 09:00:00+09:00,4800.0,4830.0,4695.0,4715.0,6301,0.0,0.0
2023-07-26 10:00:00+09:00,4720.0,4720.0,4590.0,4720.0,8978,0.0,0.0
2023-07-26 11:00:00+09:00,4720.0,4740.0,4700.0,4700.0,422,0.0,0.0
2023-07-26 12:00:00+09:00,4695.0,4695.0,4685.0,4685.0,499,0.0,0.0
2023-07-26 13:00:00+09:00,4685.0,4720.0,4670.0,4720.0,1035,0.0,0.0
2023-07-26 14:00:00+09:00,4720.0,4740.0,4690.0,4730.0,722,0.0,0.0
2023-07-27 09:00:00+09:00,4690.0,4740.0,4645.0,4740.0,2794,0.0,0.0
2023-07-27 10:00:00+09:00,4740.0,4740.0,4740.0,4740.0,25,0.0,0.0
2023-07-27 11:00:00+09:00,4735.0,4790.0,4735.0,4780.0,1175,0.0,0.0
2023-07-27 12:00:00+09:00,4765.0,4800.0,4750.0,4800.0,243,0.0,0.0
2023-07-27 13:00:00+09:00,4775.0,4800.0,4775.0,4800.0,331,0.0,0.0
2023-07-27 14:00:00+09:00,4800.0,4810.0,4770.0,4810.0,788,0.0,0.0
2023-07-28 09:00:00+09:00,4755.0,4755.0,4735.0,4745.0,627,0.0,0.0
2023-07-28 10:00:00+09:00,4740.0,4745.0,4715.0,4715.0,2685,0.0,0.0
2023-07-28 11:00:00+09:00,4720.0,4745.0,4720.0,4730.0,1865,0.0,0.0
2023-07-28 12:00:00+09:00,4725.0,4730.0,4705.0,4730.0,2312,0.0,0.0
2023-07-28 13:00:00+09:00,4725.0,4725.0,4720.0,4720.0,187,0.0,0.0
2023-07-28 14:00:00+09:00,4720.0,4720.0,4710.0,4715.0,1481,0.0,0.0
2023-07-31 09:00:00+09:00,4680.0,4720.0,4670.0,4690.0,0,0.0,0.0
2023-07-31 10:00:00+09:00,4690.0,4710.0,4685.0,4700.0,286,0.0,0.0
2023-07-31 11:00:00+09:00,4710.0,4725.0,4710.0,4720.0,755,0.0,0.0
2023-07-31 12:00:00+09:00,4725.0,4725.0,4720.0,4725.0,0,0.0,0.0
2023-07-31 13:00:00+09:00,4725.0,4740.0,4725.0,4740.0,834,0.0,0.0
2023-07-31 14:00:00+09:00,4725.0,4740.0,4720.0,4740.0,268,0.0,0.0
2023-08-01 09:00:00+09:00,4720.0,4800.0,4670.0,4690.0,3737,0.0,0.0
2023-08-01 10:00:00+09:00,4685.0,4725.0,4670.0,4715.0,10398,0.0,0.0
2023-08-01 11:00:00+09:00,4725.0,4725.0,4710.0,4715.0,1596,0.0,0.0
2023-08-01 12:00:00+09:00,4715.0,4725.0,4715.0,4715.0,154,0.0,0.0
2023-08-01 13:00:00+09:00,4715.0,4725.0,4710.0,4720.0,569,0.0,0.0
2023-08-01 14:00:00+09:00,4715.0,4745.0,4715.0,4715.0,271,0.0,0.0
2023-08-02 09:00:00+09:00,4750.0,4750.0,4710.0,4715.0,332,0.0,0.0
2023-08-02 10:00:00+09:00,4740.0,4740.0,4715.0,4715.0,126,0.0,0.0
2023-08-02 11:00:00+09:00,4715.0,4730.0,4710.0,4715.0,370,0.0,0.0
2023-08-02 12:00:00+09:00,4725.0,4725.0,4725.0,4725.0,15,0.0,0.0
2023-08-02 13:00:00+09:00,4710.0,4735.0,4710.0,4735.0,78,0.0,0.0
2023-08-02 14:00:00+09:00,4735.0,4735.0,4690.0,4690.0,2014,0.0,0.0
2023-08-03 09:00:00+09:00,4690.0,4715.0,4660.0,4690.0,1060,0.0,0.0
2023-08-03 10:00:00+09:00,4670.0,4700.0,4655.0,4675.0,417,0.0,0.0
2023-08-03 11:00:00+09:00,4670.0,4690.0,4670.0,4690.0,158,0.0,0.0
2023-08-03 12:00:00+09:00,4690.0,4715.0,4690.0,4715.0,1391,0.0,0.0
2023-08-03 13:00:00+09:00,4710.0,4715.0,4710.0,4715.0,10,0.0,0.0
2023-08-03 14:00:00+09:00,4715.0,4720.0,4710.0,4720.0,9,0.0,0.0
2023-08-04 09:00:00+09:00,4850.0,4850.0,4790.0,4795.0,269,0.0,0.0
2023-08-04 10:00:00+09:00,4790.0,4805.0,4775.0,4800.0,305,0.0,0.0
2023-08-04 11:00:00+09:00,4795.0,4830.0,4795.0,4830.0,294,0.0,0.0
2023-08-04 12:00:00+09:00,4825.0,4825.0,4795.0,4795.0,321,0.0,0.0
2023-08-04 13:00:00+09:00,4800.0,4820.0,4800.0,4810.0,446,0.0,0.0
2023-08-04 14:00:00+09:00,4810.0,4815.0,4805.0,4805.0,213,0.0,0.0
2023-08-07 09:00:00+09:00,4800.0,4800.0,4750.0,4750.0,0,0.0,0.0
2023-08-07 10:00:00+09:00,4750.0,4760.0,4750.0,4760.0,89,0.0,0.0
2023-08-07 11:00:00+09:00,4760.0,4775.0,4755.0,4775.0,55,0.0,0.0
2023-08-07 12:00:00+09:00,4760.0,4775.0,4760.0,4775.0,904,0.0,0.0
2023-08-07 13:00:00+09:00,4770.0,4775.0,4735.0,4740.0,3159,0.0,0.0
2023-08-07 14:00:00+09:00,4750.0,4760.0,4750.0,4755.0,0,0.0,0.0
2023-08-08 09:00:00+09:00,4640.0,4700.0,4640.0,4695.0,3139,0.0,0.0
2023-08-08 10:00:00+09:00,4690.0,4730.0,4680.0,4725.0,1707,0.0,0.0
2023-08-08 11:00:00+09:00,4715.0,4720.0,4715.0,4720.0,258,0.0,0.0
2023-08-08 12:00:00+09:00,4720.0,4725.0,4715.0,4725.0,53,0.0,0.0
2023-08-08 13:00:00+09:00,4705.0,4720.0,4695.0,4695.0,290,0.0,0.0
2023-08-08 14:00:00+09:00,4705.0,4720.0,4695.0,4700.0,223,0.0,0.0
2023-08-09 09:00:00+09:00,4690.0,4700.0,4655.0,4700.0,1436,0.0,0.0
2023-08-09 10:00:00+09:00,4700.0,4740.0,4700.0,4740.0,106,0.0,0.0
2023-08-09 12:00:00+09:00,4740.0,4810.0,4740.0,4800.0,1130,0.0,0.0
2023-08-09 13:00:00+09:00,4800.0,4810.0,4765.0,4800.0,2190,0.0,0.0
2023-08-09 14:00:00+09:00,4800.0,4805.0,4795.0,4805.0,240,0.0,0.0
2023-08-10 09:00:00+09:00,4830.0,4835.0,4770.0,4830.0,1023,0.0,0.0
2023-08-10 10:00:00+09:00,4825.0,4830.0,4785.0,4825.0,469,0.0,0.0
2023-08-10 11:00:00+09:00,4795.0,4820.0,4755.0,4815.0,496,0.0,0.0
2023-08-10 12:00:00+09:00,4820.0,4830.0,4815.0,4815.0,480,0.0,0.0
2023-08-10 13:00:00+09:00,4810.0,4815.0,4800.0,4815.0,82,0.0,0.0
2023-08-10 14:00:00+09:00,4815.0,4815.0,4810.0,4815.0,1053,0.0,0.0
2023-08-11 09:00:00+09:00,4790.0,4810.0,4770.0,4785.0,0,0.0,0.0
2023-08-11 10:00:00+09:00,4780.0,4785.0,4760.0,4775.0,1503,0.0,0.0
2023-08-11 11:00:00+09:00,4775.0,4775.0,4760.0,4770.0,77,0.0,0.0
2023-08-11 12:00:00+09:00,4775.0,4810.0,4765.0,4810.0,3577,0.0,0.0
2023-08-11 13:00:00+09:00,4805.0,4815.0,4805.0,4805.0,2540,0.0,0.0
2023-08-11 14:00:00+09:00,4805.0,4810.0,4765.0,4765.0,494,0.0,0.0
2023-08-14 09:00:00+09:00,4785.0,4785.0,4765.0,4765.0,0,0.0,0.0
2023-08-14 10:00:00+09:00,4765.0,4785.0,4750.0,4785.0,896,0.0,0.0
2023-08-14 11:00:00+09:00,4785.0,4820.0,4785.0,4820.0,231,0.0,0.0
2023-08-14 12:00:00+09:00,4810.0,4810.0,4810.0,4810.0,36,0.0,0.0
2023-08-14 13:00:00+09:00,4800.0,4800.0,4785.0,4785.0,35,0.0,0.0
2023-08-14 14:00:00+09:00,4785.0,4790.0,4760.0,4790.0,215,0.0,0.0
2023-08-16 09:00:00+09:00,4750.0,4760.0,4715.0,4715.0,946,0.0,0.0
2023-08-16 10:00:00+09:00,4710.0,4715.0,4690.0,4715.0,929,0.0,0.0
2023-08-16 11:00:00+09:00,4715.0,4715.0,4695.0,4695.0,1033,0.0,0.0
2023-08-16 12:00:00+09:00,4695.0,4700.0,4695.0,4695.0,91,0.0,0.0
2023-08-16 13:00:00+09:00,4700.0,4700.0,4700.0,4700.0,328,0.0,0.0
2023-08-16 14:00:00+09:00,4710.0,4750.0,4700.0,4700.0,1112,0.0,0.0
2023-08-17 09:00:00+09:00,4770.0,4770.0,4730.0,4770.0,2486,0.0,0.0
2023-08-17 10:00:00+09:00,4770.0,4770.0,4690.0,4765.0,679,0.0,0.0
2023-08-17 11:00:00+09:00,4765.0,4765.0,4730.0,4760.0,4081,0.0,0.0
2023-08-17 12:00:00+09:00,4765.0,4770.0,4765.0,4770.0,1101,0.0,0.0
2023-08-17 13:00:00+09:00,4775.0,4850.0,4775.0,4845.0,580,0.0,0.0
2023-08-17 14:00:00+09:00,4830.0,4880.0,4830.0,4845.0,2923,0.0,0.0
2023-08-18 09:00:00+09:00,4865.0,4865.0,4690.0,4830.0,1266,0.0,0.0
2023-08-18 10:00:00+09:00,4820.0,4840.0,4820.0,4840.0,447,0.0,0.0
2023-08-18 11:00:00+09:00,4840.0,4840.0,4840.0,4840.0,19,0.0,0.0
2023-08-18 12:00:00+09:00,4835.0,4835.0,4830.0,4835.0,132,0.0,0.0
2023-08-18 13:00:00+09:00,4835.0,4835.0,4830.0,4830.0,65,0.0,0.0
2023-08-18 14:00:00+09:00,4825.0,4835.0,4800.0,4835.0,242,0.0,0.0
2023-08-21 09:00:00+09:00,4825.0,4825.0,4770.0,4800.0,0,0.0,0.0
2023-08-21 10:00:00+09:00,4800.0,4810.0,4795.0,4805.0,528,0.0,0.0
2023-08-21 11:00:00+09:00,4800.0,4800.0,4800.0,4800.0,4814,0.0,0.0
2023-08-21 12:00:00+09:00,4805.0,4810.0,4800.0,4810.0,486,0.0,0.0
2023-08-21 13:00:00+09:00,4810.0,4810.0,4800.0,4800.0,588,0.0,0.0
2023-08-21 14:00:00+09:00,4800.0,4810.0,4800.0,4805.0,673,0.0,0.0
2023-08-22 09:00:00+09:00,4780.0,4795.0,4760.0,4770.0,893,0.0,0.0
2023-08-22 10:00:00+09:00,4795.0,4815.0,4795.0,4800.0,1596,0.0,0.0
2023-08-22 11:00:00+09:00,4800.0,4810.0,4800.0,4810.0,0,0.0,0.0
2023-08-22 12:00:00+09:00,4810.0,5420.0,4775.0,4815.0,322274,0.0,0.0
2023-08-22 13:00:00+09:00,4825.0,4855.0,4765.0,4765.0,6622,0.0,0.0
2023-08-22 14:00:00+09:00,4765.0,4820.0,4760.0,4810.0,4633,0.0,0.0
2023-08-23 09:00:00+09:00,4710.0,4800.0,4705.0,4765.0,0,0.0,0.0
2023-08-23 10:00:00+09:00,4765.0,4800.0,4765.0,4765.0,1624,0.0,0.0
2023-08-23 11:00:00+09:00,4780.0,4800.0,4760.0,4760.0,1098,0.0,0.0
2023-08-23 12:00:00+09:00,4760.0,4775.0,4740.0,4745.0,601,0.0,0.0
2023-08-23 13:00:00+09:00,4750.0,4780.0,4740.0,4775.0,491,0.0,0.0
2023-08-23 14:00:00+09:00,4765.0,4780.0,4745.0,4765.0,1041,0.0,0.0
2023-08-24 09:00:00+09:00,4895.0,4990.0,4800.0,4870.0,5560,0.0,0.0
2023-08-24 10:00:00+09:00,4840.0,4840.0,4820.0,4840.0,2898,0.0,0.0
2023-08-24 11:00:00+09:00,4820.0,4830.0,4795.0,4800.0,1229,0.0,0.0
2023-08-24 12:00:00+09:00,4800.0,4810.0,4720.0,4720.0,12879,0.0,0.0
2023-08-24 13:00:00+09:00,4760.0,4765.0,4720.0,4740.0,2126,0.0,0.0
2023-08-24 14:00:00+09:00,4735.0,4825.0,4730.0,4785.0,5233,0.0,0.0
2023-08-25 09:00:00+09:00,4825.0,4825.0,4725.0,4770.0,2585,0.0,0.0
2023-08-25 10:00:00+09:00,4765.0,4770.0,4755.0,4770.0,744,0.0,0.0
2023-08-25 11:00:00+09:00,4775.0,4785.0,4775.0,4780.0,218,0.0,0.0
2023-08-25 12:00:00+09:00,4760.0,4770.0,4760.0,4765.0,183,0.0,0.0
2023-08-25 13:00:00+09:00,4775.0,4830.0,4775.0,4820.0,2333,0.0,0.0
2023-08-25 14:00:00+09:00,4790.0,4800.0,4750.0,4765.0,801,0.0,0.0
2023-08-28 09:00:00+09:00,4820.0,4825.0,4775.0,4785.0,0,0.0,0.0
2023-08-28 10:00:00+09:00,4780.0,4800.0,4780.0,4800.0,716,0.0,0.0
2023-08-28 11:00:00+09:00,4795.0,4800.0,4780.0,4790.0,3244,0.0,0.0
2023-08-28 12:00:00+09:00,4795.0,4795.0,4780.0,4795.0,1969,0.0,0.0
2023-08-28 13:00:00+09:00,4795.0,4795.0,4710.0,4780.0,3993,0.0,0.0
2023-08-28 14:00:00+09:00,4780.0,4790.0,4705.0,4770.0,4564,0.0,0.0
2023-08-29 09:00:00+09:00,4810.0,4945.0,4810.0,4845.0,2947,0.0,0.0
2023-08-29 10:00:00+09:00,4845.0,4850.0,4810.0,4840.0,1147,0.0,0.0
2023-08-29 11:00:00+09:00,4835.0,4835.0,4795.0,4825.0,346,0.0,0.0
2023-08-29 12:00:00+09:00,4825.0,4825.0,4820.0,4820.0,24,0.0,0.0
2023-08-29 13:00:00+09:00,4825.0,4825.0,4765.0,4815.0,1718,0.0,0.0
2023-08-29 14:00:00+09:00,4810.0,4810.0,4810.0,4810.0,224,0.0,0.0
2023-08-30 09:00:00+09:00,4830.0,4835.0,4795.0,4830.0,2458,0.0,0.0
2023-08-30 10:00:00+09:00,4830.0,4830.0,4815.0,4825.0,36,0.0,0.0
2023-08-30 11:00:00+09:00,4820.0,4825.0,4800.0,4815.0,570,0.0,0.0
2023-08-30 12:00:00+09:00,4815.0,4825.0,4815.0,4820.0,17,0.0,0.0
2023-08-30 13:00:00+09:00,4820.0,4825.0,4810.0,4825.0,43,0.0,0.0
2023-08-30 14:00:00+09:00,4825.0,4835.0,4820.0,4820.0,3415,0.0,0.0
2023-08-31 09:00:00+09:00,4805.0,4815.0,4790.0,4795.0,292,0.0,0.0
2023-08-31 10:00:00+09:00,4800.0,4835.0,4795.0,4795.0,42,0.0,0.0
2023-08-31 11:00:00+09:00,4830.0,4835.0,4830.0,4830.0,268,0.0,0.0
2023-08-31 12:00:00+09:00,4805.0,4820.0,4795.0,4810.0,250,0.0,0.0
2023-08-31 13:00:00+09:00,4810.0,4810.0,4795.0,4795.0,372,0.0,0.0
2023-08-31 14:00:00+09:00,4800.0,4805.0,4790.0,4800.0,254,0.0,0.0
2023-09-01 09:00:00+09:00,4810.0,4810.0,4755.0,4780.0,494,0.0,0.0
2023-09-01 10:00:00+09:00,4770.0,4790.0,4760.0,4790.0,1467,0.0,0.0
2023-09-01 11:00:00+09:00,4780.0,4785.0,4775.0,4785.0,82,0.0,0.0
2023-09-01 12:00:00+09:00,4790.0,4795.0,4790.0,4790.0,48,0.0,0.0
2023-09-01 13:00:00+09:00,4785.0,4790.0,4765.0,4785.0,320,0.0,0.0
2023-09-01 14:00:00+09:00,4780.0,4970.0,4720.0,4780.0,7456,0.0,0.0
2023-09-04 09:00:00+09:00,4790.0,4790.0,4735.0,4765.0,0,0.0,0.0
2023-09-04 10:00:00+09:00,4770.0,4780.0,4755.0,4775.0,290,0.0,0.0
2023-09-04 11:00:00+09:00,4775.0,4775.0,4775.0,4775.0,155,0.0,0.0
2023-09-04 12:00:00+09:00,4740.0,4780.0,4740.0,4760.0,188,0.0,0.0
2023-09-04 13:00:00+09:00,4775.0,4775.0,4775.0,4775.0,21,0.0,0.0
2023-09-04 14:00:00+09:00,4775.0,4775.0,4775.0,4775.0,114,0.0,0.0
2023-09-05 09:00:00+09:00,4770.0,4770.0,4730.0,4735.0,1188,0.0,0.0
2023-09-05 10:00:00+09:00,4735.0,4760.0,4735.0,4755.0,908,0.0,0.0
2023-09-05 11:00:00+09:00,4735.0,4735.0,4735.0,4735.0,54,0.0,0.0
2023-09-05 12:00:00+09:00,4750.0,4750.0,4735.0,4750.0,317,0.0,0.0
2023-09-05 13:00:00+09:00,4750.0,4755.0,4750.0,4750.0,6068,0.0,0.0
2023-09-05 14:00:00+09:00,4750.0,4750.0,4740.0,4740.0,144,0.0,0.0
2023-09-06 09:00:00+09:00,4750.0,4750.0,4730.0,4750.0,1840,0.0,0.0
2023-09-06 10:00:00+09:00,4745.0,4785.0,4745.0,4785.0,172,0.0,0.0
2023-09-06 11:00:00+09:00,4785.0,4785.0,4770.0,4780.0,8,0.0,0.0
2023-09-06 12:00:00+09:00,4770.0,4770.0,4755.0,4770.0,129,0.0,0.0
2023-09-06 13:00:00+09:00,4770.0,4770.0,4770.0,4770.0,9,0.0,0.0
2023-09-06 14:00:00+09:00,4765.0,4770.0,4750.0,4770.0,1469,0.0,0.0
2023-09-07 09:00:00+09:00,4750.0,4780.0,4740.0,4775.0,3269,0.0,0.0
2023-09-07 10:00:00+09:00,4770.0,4770.0,4745.0,4745.0,12,0.0,0.0
2023-09-07 11:00:00+09:00,4745.0,4765.0,4730.0,4735.0,938,0.0,0.0
2023-09-07 12:00:00+09:00,4735.0,4760.0,4725.0,4730.0,534,0.0,0.0
2023-09-07 13:00:00+09:00,4730.0,4730.0,4730.0,4730.0,116,0.0,0.0
2023-09-07 14:00:00+09:00,4730.0,4730.0,4730.0,4730.0,129,0.0,0.0
2023-09-08 09:00:00+09:00,4710.0,4745.0,4710.0,4735.0,932,0.0,0.0
2023-09-08 10:00:00+09:00,4735.0,4755.0,4735.0,4755.0,625,0.0,0.0
2023-09-08 11:00:00+09:00,4750.0,4780.0,4750.0,4775.0,1224,0.0,0.0
2023-09-08 12:00:00+09:00,4765.0,4765.0,4725.0,4755.0,215,0.0,0.0
2023-09-08 13:00:00+09:00,4745.0,4760.0,4725.0,4760.0,349,0.0,0.0
2023-09-08 14:00:00+09:00,4760.0,4760.0,4735.0,4735.0,63,0.0,0.0
2023-09-11 09:00:00+09:00,4750.0,4750.0,4705.0,4710.0,0,0.0,0.0
2023-09-11 10:00:00+09:00,4710.0,4740.0,4705.0,4740.0,1531,0.0,0.0
2023-09-11 11:00:00+09:00,4740.0,4760.0,4730.0,4760.0,165,0.0,0.0
2023-09-11 12:00:00+09:00,4755.0,4760.0,4755.0,4755.0,4,0.0,0.0
2023-09-11 13:00:00+09:00,4750.0,4755.0,4730.0,4735.0,597,0.0,0.0
2023-09-11 14:00:00+09:00,4745.0,4750.0,4745.0,4750.0,80,0.0,0.0
2023-09-12 09:00:00+09:00,4740.0,4850.0,4740.0,4780.0,1101,0.0,0.0
2023-09-12 10:00:00+09:00,4780.0,4780.0,4760.0,4760.0,320,0.0,0.0
2023-09-12 11:00:00+09:00,4770.0,4770.0,4770.0,4770.0,0,0.0,0.0
2023-09-12 12:00:00+09:00,4770.0,4775.0,4730.0,4760.0,3946,0.0,0.0
2023-09-12 13:00:00+09:00,4750.0,4765.0,4730.0,4745.0,375,0.0,0.0
2023-09-12 14:00:00+09:00,4740.0,4740.0,4740.0,4740.0,0,0.0,0.0
2023-09-13 09:00:00+09:00,4730.0,4750.0,4725.0,4735.0,1986,0.0,0.0
2023-09-13 10:00:00+09:00,4750.0,4750.0,4735.0,4735.0,100,0.0,0.0
2023-09-13 11:00:00+09:00,4745.0,4790.0,4745.0,4790.0,2103,0.0,0.0
2023-09-13 12:00:00+09:00,4760.0,4775.0,4735.0,4755.0,221,0.0,0.0
2023-09-13 13:00:00+09:00,4755.0,4755.0,4745.0,4755.0,80,0.0,0.0
2023-09-13 14:00:00+09:00,4750.0,4750.0,4730.0,4740.0,2080,0.0,0.0
2023-09-14 09:00:00+09:00,4725.0,4750.0,4725.0,4750.0,650,0.0,0.0
2023-09-14 10:00:00+09:00,4750.0,4755.0,4750.0,4750.0,0,0.0,0.0
2023-09-14 11:00:00+09:00,4760.0,4945.0,4760.0,4870.0,10776,0.0,0.0
2023-09-14 12:00:00+09:00,4890.0,4890.0,4730.0,4835.0,7851,0.0,0.0
2023-09-14 13:00:00+09:00,4835.0,4835.0,4760.0,4790.0,2004,0.0,0.0
2023-09-14 14:00:00+09:00,4795.0,4830.0,4795.0,4825.0,369,0.0,0.0
2023-09-15 09:00:00+09:00,4820.0,4890.0,4750.0,4820.0,0,0.0,0.0
2023-09-15 10:00:00+09:00,4820.0,4875.0,4780.0,4835.0,10770,0.0,0.0
2023-09-15 11:00:00+09:00,4835.0,4835.0,4795.0,4825.0,122,0.0,0.0
2023-09-15 12:00:00+09:00,4825.0,4825.0,4800.0,4820.0,312,0.0,0.0
2023-09-15 14:00:00+09:00,4810.0,4820.0,4810.0,4820.0,220,0.0,0.0
2023-09-18 09:00:00+09:00,4815.0,4815.0,4700.0,4765.0,0,0.0,0.0
2023-09-18 10:00:00+09:00,4770.0,4770.0,4755.0,4755.0,163,0.0,0.0
2023-09-18 11:00:00+09:00,4765.0,4765.0,4730.0,4740.0,1843,0.0,0.0
2023-09-18 12:00:00+09:00,4750.0,4755.0,4745.0,4745.0,306,0.0,0.0
2023-09-18 13:00:00+09:00,4755.0,4755.0,4735.0,4755.0,256,0.0,0.0
2023-09-18 14:00:00+09:00,4755.0,4755.0,4745.0,4745.0,556,0.0,0.0
2023-09-19 09:00:00+09:00,4715.0,4760.0,4715.0,4760.0,1917,0.0,0.0
2023-09-19 10:00:00+09:00,4740.0,4755.0,4720.0,4755.0,986,0.0,0.0
2023-09-19 11:00:00+09:00,4755.0,4755.0,4755.0,4755.0,82,0.0,0.0
2023-09-19 12:00:00+09:00,4755.0,4760.0,4730.0,4735.0,169,0.0,0.0
2023-09-19 13:00:00+09:00,4730.0,4755.0,4730.0,4755.0,111,0.0,0.0
2023-09-19 14:00:00+09:00,4750.0,4785.0,4750.0,4750.0,465,0.0,0.0
2023-09-20 09:00:00+09:00,4725.0,4745.0,4725.0,4730.0,1426,0.0,0.0
2023-09-20 10:00:00+09:00,4740.0,4740.0,4725.0,4730.0,270,0.0,0.0
2023-09-20 11:00:00+09:00,4730.0,4745.0,4725.0,4745.0,40,0.0,0.0
2023-09-20 12:00:00+09:00,4745.0,4750.0,4720.0,4740.0,299,0.0,0.0
2023-09-20 13:00:00+09:00,4745.0,4755.0,4740.0,4755.0,1151,0.0,0.0
2023-09-20 14:00:00+09:00,4735.0,4745.0,4735.0,4745.0,61,0.0,0.0
2023-09-21 09:00:00+09:00,4715.0,4730.0,4705.0,4710.0,415,0.0,0.0
2023-09-21 10:00:00+09:00,4730.0,4730.0,4655.0,4710.0,975,0.0,0.0
2023-09-21 11:00:00+09:00,4710.0,4710.0,4675.0,4695.0,589,0.0,0.0
2023-09-21 12:00:00+09:00,4690.0,4700.0,4665.0,4680.0,1251,0.0,0.0
2023-09-21 13:00:00+09:00,4690.0,4700.0,4660.0,4700.0,1147,0.0,0.0
2023-09-21 14:00:00+09:00,4700.0,4735.0,4675.0,4725.0,492,0.0,0.0
2023-09-22 09:00:00+09:00,4615.0,4705.0,4520.0,4655.0,4463,0.0,0.0
2023-09-22 10:00:00+09:00,4660.0,4730.0,4660.0,4700.0,616,0.0,0.0
2023-09-22 11:00:00+09:00,4680.0,4775.0,4665.0,4665.0,857,0.0,0.0
2023-09-22 12:00:00+09:00,4690.0,4695.0,4660.0,4690.0,156,0.0,0.0
2023-09-22 13:00:00+09:00,4670.0,4745.0,4665.0,4690.0,156,0.0,0.0
2023-09-22 14:00:00+09:00,4700.0,4710.0,4670.0,4670.0,294,0.0,0.0
2023-09-25 09:00:00+09:00,4640.0,4700.0,4590.0,4700.0,0,0.0,0.0
2023-09-25 10:00:00+09:00,4700.0,4700.0,4680.0,4680.0,201,0.0,0.0
2023-09-25 11:00:00+09:00,4685.0,4685.0,4665.0,4665.0,485,0.0,0.0
2023-09-25 12:00:00+09:00,4665.0,4720.0,4660.0,4675.0,123,0.0,0.0
2023-09-25 13:00:00+09:00,4675.0,4690.0,4670.0,4685.0,231,0.0,0.0
2023-09-25 14:00:00+09:00,4675.0,4715.0,4645.0,4675.0,1341,0.0,0.0
2023-09-26 09:00:00+09:00,4720.0,4720.0,4655.0,4655.0,549,0.0,0.0
2023-09-26 10:00:00+09:00,4655.0,4680.0,4630.0,4635.0,1250,0.0,0.0
2023-09-26 11:00:00+09:00,4670.0,4700.0,4640.0,4645.0,17,0.0,0.0
2023-09-26 12:00:00+09:00,4640.0,4675.0,4635.0,4645.0,260,0.0,0.0
2023-09-26 13:00:00+09:00,4645.0,4655.0,4635.0,4655.0,909,0.0,0.0
2023-09-26 14:00:00+09:00,4630.0,4670.0,4630.0,4670.0,767,0.0,0.0
2023-09-27 09:00:00+09:00,4715.0,4720.0,4670.0,4710.0,841,0.0,0.0
2023-09-27 10:00:00+09:00,4695.0,4695.0,4650.0,4650.0,366,0.0,0.0
2023-09-27 11:00:00+09:00,4645.0,4690.0,4645.0,4645.0,476,0.0,0.0
2023-09-27 12:00:00+09:00,4645.0,4645.0,4640.0,4645.0,561,0.0,0.0
2023-09-27 13:00:00+09:00,4675.0,4700.0,4640.0,4655.0,267,0.0,0.0
2023-09-27 14:00:00+09:00,4650.0,4675.0,4650.0,4670.0,234,0.0,0.0
2023-10-04 09:00:00+09:00,4705.0,4705.0,4615.0,4620.0,0,0.0,0.0
2023-10-04 10:00:00+09:00,4620.0,4620.0,4600.0,4605.0,2941,0.0,0.0
2023-10-04 11:00:00+09:00,4605.0,4620.0,4600.0,4620.0,2174,0.0,0.0
2023-10-04 12:00:00+09:00,4605.0,4620.0,4600.0,4615.0,581,0.0,0.0
2023-10-04 13:00:00+09:00,4615.0,4615.0,4615.0,4615.0,23,0.0,0.0
2023-10-04 14:00:00+09:00,4615.0,4615.0,4610.0,4610.0,303,0.0,0.0
2023-10-05 09:00:00+09:00,4590.0,4595.0,4530.0,4595.0,1755,0.0,0.0
2023-10-05 10:00:00+09:00,4595.0,4595.0,4560.0,4560.0,403,0.0,0.0
2023-10-05 11:00:00+09:00,4555.0,4560.0,4550.0,4560.0,1675,0.0,0.0
2023-10-05 12:00:00+09:00,4560.0,4560.0,4555.0,4555.0,220,0.0,0.0
2023-10-05 13:00:00+09:00,4550.0,4555.0,4550.0,4550.0,1186,0.0,0.0
2023-10-05 14:00:00+09:00,4555.0,4555.0,4545.0,4545.0,1065,0.0,0.0
2023-10-06 09:00:00+09:00,4520.0,4520.0,4500.0,4520.0,2729,0.0,0.0
2023-10-06 10:00:00+09:00,4520.0,4520.0,4515.0,4515.0,0,0.0,0.0
2023-10-06 11:00:00+09:00,4520.0,4520.0,4515.0,4520.0,983,0.0,0.0
2023-10-06 12:00:00+09:00,4520.0,4830.0,4515.0,4555.0,6153,0.0,0.0
2023-10-06 13:00:00+09:00,4590.0,4765.0,4510.0,4675.0,3694,0.0,0.0
2023-10-06 14:00:00+09:00,4710.0,4750.0,4645.0,4690.0,3801,0.0,0.0
2023-10-10 09:00:00+09:00,4765.0,4765.0,4730.0,4740.0,0,0.0,0.0
2023-10-10 10:00:00+09:00,4740.0,4740.0,4725.0,4730.0,208,0.0,0.0
2023-10-10 11:00:00+09:00,4720.0,4725.0,4720.0,4725.0,205,0.0,0.0
2023-10-10 12:00:00+09:00,4715.0,4730.0,4710.0,4710.0,277,0.0,0.0
2023-10-10 13:00:00+09:00,4705.0,4705.0,4695.0,4700.0,331,0.0,0.0
2023-10-10 14:00:00+09:00,4700.0,4705.0,4680.0,4685.0,724,0.0,0.0
2023-10-11 09:00:00+09:00,4660.0,4705.0,4655.0,4700.0,496,0.0,0.0
2023-10-11 10:00:00+09:00,4695.0,4695.0,4675.0,4675.0,60,0.0,0.0
2023-10-11 11:00:00+09:00,4670.0,4695.0,4665.0,4680.0,264,0.0,0.0
2023-10-11 12:00:00+09:00,4680.0,4690.0,4665.0,4680.0,182,0.0,0.0
2023-10-11 13:00:00+09:00,4680.0,4680.0,4660.0,4675.0,828,0.0,0.0
2023-10-11 14:00:00+09:00,4670.0,4680.0,4665.0,4675.0,972,0.0,0.0
2023-10-12 09:00:00+09:00,4630.0,4680.0,4630.0,4675.0,659,0.0,0.0
2023-10-12 10:00:00+09:00,4660.0,4665.0,4645.0,4650.0,869,0.0,0.0
2023-10-12 11:00:00+09:00,4645.0,4680.0,4645.0,4660.0,409,0.0,0.0
2023-10-12 12:00:00+09:00,4680.0,4680.0,4660.0,4660.0,133,0.0,0.0
2023-10-12 13:00:00+09:00,4660.0,4675.0,4630.0,4630.0,1410,0.0,0.0
2023-10-12 14:00:00+09:00,4665.0,4665.0,4585.0,4635.0,3700,0.0,0.0
2023-10-13 09:00:00+09:00,4600.0,4615.0,4500.0,4595.0,4394,0.0,0.0
2023-10-13 10:00:00+09:00,4595.0,4600.0,4565.0,4595.0,172,0.0,0.0
2023-10-13 11:00:00+09:00,4595.0,4600.0,4590.0,4595.0,175,0.0,0.0
2023-10-13 12:00:00+09:00,4595.0,4595.0,4570.0,4575.0,137,0.0,0.0
2023-10-13 13:00:00+09:00,4570.0,4585.0,4555.0,4560.0,375,0.0,0.0
2023-10-13 14:00:00+09:00,4555.0,4565.0,4525.0,4525.0,1084,0.0,0.0
2023-10-16 09:00:00+09:00,4560.0,4630.0,4560.0,4605.0,0,0.0,0.0
2023-10-16 10:00:00+09:00,4605.0,4620.0,4605.0,4620.0,381,0.0,0.0
2023-10-16 11:00:00+09:00,4590.0,4590.0,4565.0,4575.0,1436,0.0,0.0
2023-10-16 12:00:00+09:00,4575.0,4575.0,4555.0,4560.0,1062,0.0,0.0
2023-10-16 13:00:00+09:00,4560.0,4560.0,4550.0,4555.0,175,0.0,0.0
2023-10-16 14:00:00+09:00,4555.0,4555.0,4540.0,4550.0,1115,0.0,0.0
2023-10-17 09:00:00+09:00,4520.0,4545.0,4520.0,4545.0,1464,0.0,0.0
2023-10-17 10:00:00+09:00,4535.0,4545.0,4530.0,4535.0,597,0.0,0.0
2023-10-17 11:00:00+09:00,4530.0,4540.0,4530.0,4540.0,303,0.0,0.0
2023-10-17 12:00:00+09:00,4545.0,4545.0,4530.0,4545.0,119,0.0,0.0
2023-10-17 13:00:00+09:00,4535.0,4545.0,4505.0,4520.0,2051,0.0,0.0
2023-10-17 14:00:00+09:00,4520.0,4540.0,4515.0,4535.0,276,0.0,0.0
2023-10-18 09:00:00+09:00,4545.0,4635.0,4545.0,4570.0,610,0.0,0.0
2023-10-18 10:00:00+09:00,4565.0,4565.0,4500.0,4550.0,630,0.0,0.0
2023-10-18 11:00:00+09:00,4510.0,4550.0,4495.0,4525.0,991,0.0,0.0
2023-10-18 12:00:00+09:00,4530.0,4545.0,4495.0,4535.0,416,0.0,0.0
2023-10-18 13:00:00+09:00,4535.0,4535.0,4500.0,4500.0,175,0.0,0.0
2023-10-18 14:00:00+09:00,4495.0,4525.0,4490.0,4525.0,679,0.0,0.0
2023-10-19 09:00:00+09:00,4495.0,4520.0,4485.0,4495.0,1821,0.0,0.0
2023-10-19 10:00:00+09:00,4495.0,4505.0,4470.0,4505.0,1342,0.0,0.0
2023-10-19 11:00:00+09:00,4485.0,4485.0,4460.0,4470.0,2231,0.0,0.0
2023-10-19 12:00:00+09:00,4470.0,4490.0,4460.0,4465.0,1229,0.0,0.0
2023-10-19 13:00:00+09:00,4455.0,4490.0,4455.0,4470.0,85,0.0,0.0
2023-10-19 14:00:00+09:00,4470.0,4470.0,4460.0,4460.0,342,0.0,0.0
2023-10-20 09:00:00+09:00,4430.0,4455.0,4405.0,4455.0,1402,0.0,0.0
2023-10-20 10:00:00+09:00,4455.0,4455.0,4425.0,4425.0,1073,0.0,0.0
2023-10-20 11:00:00+09:00,4425.0,4425.0,4420.0,4420.0,269,0.0,0.0
2023-10-20 12:00:00+09:00,4420.0,4420.0,4405.0,4410.0,259,0.0,0.0
2023-10-20 13:00:00+09:00,4410.0,4410.0,4390.0,4400.0,1355,0.0,0.0
2023-10-20 14:00:00+09:00,4395.0,4395.0,4330.0,4340.0,1801,0.0,0.0
2023-10-23 09:00:00+09:00,4355.0,4355.0,4175.0,4345.0,0,0.0,0.0
2023-10-23 10:00:00+09:00,4335.0,4350.0,4320.0,4350.0,1136,0.0,0.0
2023-10-23 11:00:00+09:00,4350.0,4350.0,4330.0,4350.0,0,0.0,0.0
2023-10-23 12:00:00+09:00,4330.0,4340.0,4330.0,4340.0,245,0.0,0.0
2023-10-23 13:00:00+09:00,4340.0,4345.0,4335.0,4335.0,385,0.0,0.0
2023-10-23 14:00:00+09:00,4340.0,4340.0,4315.0,4330.0,934,0.0,0.0
2023-10-24 09:00:00+09:00,4180.0,4230.0,4180.0,4225.0,4261,0.0,0.0
2023-10-24 10:00:00+09:00,4225.0,4225.0,4220.0,4220.0,162,0.0,0.0
2023-10-24 11:00:00+09:00,4220.0,4225.0,4180.0,4215.0,362,0.0,0.0
2023-10-24 12:00:00+09:00,4215.0,4225.0,4200.0,4220.0,214,0.0,0.0
2023-10-24 13:00:00+09:00,4210.0,4245.0,4195.0,4230.0,1654,0.0,0.0
2023-10-24 14:00:00+09:00,4225.0,4295.0,4225.0,4265.0,3292,0.0,0.0
2023-10-25 09:00:00+09:00,4380.0,4380.0,4320.0,4365.0,0,0.0,0.0
2023-10-25 10:00:00+09:00,4365.0,4375.0,4365.0,4370.0,2092,0.0,0.0
2023-10-25 11:00:00+09:00,4365.0,4375.0,4365.0,4370.0,1000,0.0,0.0
2023-10-25 12:00:00+09:00,4370.0,4375.0,4365.0,4365.0,2232,0.0,0.0
2023-10-25 14:00:00+09:00,4360.0,4360.0,4350.0,4360.0,0,0.0,0.0
2023-10-26 09:00:00+09:00,4320.0,4390.0,4320.0,4380.0,2877,0.0,0.0
2023-10-26 10:00:00+09:00,4360.0,4380.0,4350.0,4380.0,197,0.0,0.0
2023-10-26 11:00:00+09:00,4350.0,4360.0,4340.0,4340.0,512,0.0,0.0
2023-10-26 12:00:00+09:00,4340.0,4340.0,4305.0,4315.0,2738,0.0,0.0
2023-10-26 13:00:00+09:00,4305.0,4315.0,4295.0,4295.0,183,0.0,0.0
2023-10-26 14:00:00+09:00,4310.0,4320.0,4290.0,4320.0,460,0.0,0.0
2023-10-27 09:00:00+09:00,4420.0,4420.0,4305.0,4315.0,576,0.0,0.0
2023-10-27 10:00:00+09:00,4310.0,4310.0,4205.0,4295.0,2824,0.0,0.0
2023-10-27 11:00:00+09:00,4295.0,4315.0,4295.0,4315.0,205,0.0,0.0
2023-10-27 12:00:00+09:00,4320.0,4345.0,4320.0,4340.0,1518,0.0,0.0
2023-10-27 13:00:00+09:00,4330.0,4330.0,4325.0,4325.0,163,0.0,0.0
2023-10-27 14:00:00+09:00,4315.0,4420.0,4315.0,4400.0,2807,0.0,0.0
2023-10-30 09:00:00+09:00,4410.0,4410.0,4395.0,4410.0,0,0.0,0.0
2023-10-30 10:00:00+09:00,4405.0,4440.0,4350.0,4440.0,366,0.0,0.0
2023-10-30 11:00:00+09:00,4435.0,4435.0,4355.0,4425.0,227,0.0,0.0
2023-10-30 12:00:00+09:00,4410.0,4640.0,4405.0,4540.0,2377,0.0,0.0
2023-10-30 13:00:00+09:00,4530.0,4545.0,4490.0,4540.0,385,0.0,0.0
2023-10-30 14:00:00+09:00,4540.0,4550.0,4520.0,4520.0,586,0.0,0.0
2023-10-31 09:00:00+09:00,4545.0,4595.0,4525.0,4535.0,258,0.0,0.0
2023-10-31 10:00:00+09:00,4535.0,4550.0,4510.0,4545.0,489,0.0,0.0
2023-10-31 11:00:00+09:00,4545.0,4545.0,4500.0,4535.0,552,0.0,0.0
2023-10-31 12:00:00+09:00,4505.0,4535.0,4470.0,4470.0,257,0.0,0.0
2023-10-31 13:00:00+09:00,4485.0,4500.0,4485.0,4500.0,51,0.0,0.0
2023-10-31 14:00:00+09:00,4500.0,4530.0,4465.0,4490.0,898,0.0,0.0
2023-11-01 09:00:00+09:00,4370.0,4565.0,4370.0,4555.0,1296,0.0,0.0
2023-11-01 10:00:00+09:00,4510.0,4535.0,4400.0,4400.0,629,0.0,0.0
2023-11-01 12:00:00+09:00,4400.0,4400.0,4390.0,4400.0,101,0.0,0.0
2023-11-01 13:00:00+09:00,4395.0,4455.0,4370.0,4455.0,882,0.0,0.0
2023-11-01 14:00:00+09:00,4455.0,4455.0,4450.0,4450.0,24,0.0,0.0
2023-11-02 09:00:00+09:00,4460.0,4480.0,4450.0,4480.0,171,0.0,0.0
2023-11-02 10:00:00+09:00,4475.0,4545.0,4465.0,4530.0,329,0.0,0.0
2023-11-02 11:00:00+09:00,4510.0,4530.0,4480.0,4480.0,67,0.0,0.0
2023-11-02 12:00:00+09:00,4470.0,4480.0,4470.0,4480.0,46,0.0,0.0
2023-11-02 13:00:00+09:00,4480.0,4480.0,4465.0,4465.0,364,0.0,0.0
2023-11-02 14:00:00+09:00,4465.0,4470.0,4465.0,4470.0,256,0.0,0.0
2023-11-03 09:00:00+09:00,4525.0,4525.0,4500.0,4515.0,342,0.0,0.0
2023-11-03 10:00:00+09:00,4515.0,4515.0,4500.0,4515.0,1279,0.0,0.0
2023-11-03 11:00:00+09:00,4515.0,4515.0,4495.0,4495.0,805,0.0,0.0
2023-11-03 12:00:00+09:00,4495.0,4500.0,4490.0,4495.0,98,0.0,0.0
2023-11-03 13:00:00+09:00,4495.0,4520.0,4490.0,4520.0,693,0.0,0.0
2023-11-03 14:00:00+09:00,4520.0,4600.0,4520.0,4550.0,404,0.0,0.0
2023-11-06 09:00:00+09:00,4595.0,4595.0,4550.0,4590.0,0,0.0,0.0
2023-11-06 10:00:00+09:00,4580.0,4595.0,4575.0,4580.0,250,0.0,0.0
2023-11-06 11:00:00+09:00,4580.0,4590.0,4570.0,4590.0,388,0.0,0.0
2023-11-06 12:00:00+09:00,4590.0,4635.0,4590.0,4635.0,553,0.0,0.0
2023-11-06 13:00:00+09:00,4605.0,4625.0,4605.0,4620.0,1517,0.0,0.0
2023-11-06 14:00:00+09:00,4620.0,4675.0,4620.0,4640.0,4961,0.0,0.0
2023-11-07 09:00:00+09:00,4770.0,4770.0,4625.0,4660.0,2475,0.0,0.0
2023-11-07 10:00:00+09:00,4660.0,4670.0,4650.0,4670.0,127,0.0,0.0
2023-11-07 11:00:00+09:00,4645.0,4660.0,4630.0,4655.0,188,0.0,0.0
2023-11-07 12:00:00+09:00,4630.0,4655.0,4630.0,4635.0,196,0.0,0.0
2023-11-07 13:00:00+09:00,4635.0,4645.0,4595.0,4595.0,1415,0.0,0.0
2023-11-07 14:00:00+09:00,4630.0,4655.0,4630.0,4655.0,284,0.0,0.0
2023-11-08 09:00:00+09:00,4650.0,4670.0,4645.0,4660.0,1360,0.0,0.0
2023-11-08 10:00:00+09:00,4665.0,4665.0,4645.0,4650.0,254,0.0,0.0
2023-11-08 11:00:00+09:00,4650.0,4650.0,4645.0,4650.0,83,0.0,0.0
2023-11-08 12:00:00+09:00,4645.0,4650.0,4645.0,4650.0,75,0.0,0.0
2023-11-08 13:00:00+09:00,4650.0,4650.0,4630.0,4630.0,173,0.0,0.0
2023-11-08 14:00:00+09:00,4630.0,4630.0,4620.0,4620.0,176,0.0,0.0
2023-11-09 09:00:00+09:00,4730.0,4845.0,4600.0,4665.0,3163,0.0,0.0
2023-11-09 10:00:00+09:00,4660.0,4665.0,4420.0,4595.0,3959,0.0,0.0
2023-11-09 11:00:00+09:00,4600.0,4600.0,4550.0,4570.0,300,0.0,0.0
2023-11-09 12:00:00+09:00,4555.0,4605.0,4540.0,4600.0,121,0.0,0.0
2023-11-09 13:00:00+09:00,4600.0,4635.0,4455.0,4545.0,1264,0.0,0.0
2023-11-09 14:00:00+09:00,4535.0,4615.0,4530.0,4550.0,603,0.0,0.0
2023-11-10 09:00:00+09:00,4610.0,4630.0,4600.0,4630.0,311,0.0,0.0
2023-11-10 10:00:00+09:00,4630.0,4630.0,4595.0,4630.0,101,0.0,0.0
2023-11-10 11:00:00+09:00,4630.0,4630.0,4585.0,4585.0,134,0.0,0.0
2023-11-10 12:00:00+09:00,4580.0,4605.0,4475.0,4605.0,1230,0.0,0.0
2023-11-10 14:00:00+09:00,4560.0,4585.0,4545.0,4585.0,16,0.0,0.0
2023-11-13 09:00:00+09:00,4590.0,4590.0,4570.0,4590.0,0,0.0,0.0
2023-11-13 10:00:00+09:00,4580.0,4610.0,4530.0,4605.0,199,0.0,0.0
2023-11-13 11:00:00+09:00,4605.0,4610.0,4545.0,4545.0,34,0.0,0.0
2023-11-13 12:00:00+09:00,4545.0,4545.0,4515.0,4540.0,375,0.0,0.0
2023-11-13 13:00:00+09:00,4540.0,4625.0,4540.0,4615.0,1052,0.0,0.0
2023-11-13 14:00:00+09:00,4590.0,4610.0,4560.0,4610.0,395,0.0,0.0
2023-11-14 09:00:00+09:00,4585.0,4585.0,4575.0,4580.0,378,0.0,0.0
2023-11-14 10:00:00+09:00,4580.0,4610.0,4570.0,4600.0,862,0.0,0.0
2023-11-14 11:00:00+09:00,4590.0,4605.0,4585.0,4585.0,218,0.0,0.0
2023-11-14 12:00:00+09:00,4590.0,4600.0,4590.0,4600.0,20,0.0,0.0
2023-11-14 13:00:00+09:00,4600.0,4615.0,4550.0,4615.0,3461,0.0,0.0
2023-11-14 14:00:00+09:00,4600.0,4630.0,4570.0,4600.0,0,0.0,0.0
2023-11-15 09:00:00+09:00,4660.0,4665.0,4555.0,4635.0,816,0.0,0.0
2023-11-15 10:00:00+09:00,4625.0,4635.0,4600.0,4635.0,108,0.0,0.0
2023-11-15 11:00:00+09:00,4635.0,4645.0,4600.0,4625.0,199,0.0,0.0
2023-11-15 12:00:00+09:00,4630.0,4640.0,4620.0,4635.0,170,0.0,0.0
2023-11-15 13:00:00+09:00,4630.0,4630.0,4625.0,4625.0,22,0.0,0.0
2023-11-15 14:00:00+09:00,4625.0,4625.0,4620.0,4625.0,672,0.0,0.0
2023-11-16 10:00:00+09:00,4650.0,4740.0,4625.0,4740.0,9123,0.0,0.0
2023-11-16 11:00:00+09:00,4715.0,4770.0,4705.0,4765.0,3179,0.0,0.0
2023-11-16 12:00:00+09:00,4760.0,4815.0,4760.0,4815.0,19527,0.0,0.0
2023-11-16 13:00:00+09:00,4800.0,4820.0,4800.0,4800.0,4589,0.0,0.0
2023-11-16 14:00:00+09:00,4815.0,4845.0,4795.0,4830.0,4793,0.0,0.0
2023-11-17 09:00:00+09:00,4850.0,4850.0,4790.0,4815.0,4514,0.0,0.0
2023-11-17 10:00:00+09:00,4805.0,4840.0,4800.0,4800.0,2240,0.0,0.0
2023-11-17 11:00:00+09:00,4825.0,4830.0,4800.0,4825.0,630,0.0,0.0
2023-11-17 12:00:00+09:00,4815.0,4830.0,4800.0,4825.0,928,0.0,0.0
2023-11-17 13:00:00+09:00,4825.0,4830.0,4805.0,4825.0,591,0.0,0.0
2023-11-17 14:00:00+09:00,4810.0,4825.0,4805.0,4825.0,244,0.0,0.0
2023-11-20 09:00:00+09:00,4820.0,4870.0,4820.0,4840.0,0,0.0,0.0
2023-11-20 10:00:00+09:00,4840.0,4850.0,4820.0,4845.0,640,0.0,0.0
2023-11-20 11:00:00+09:00,4840.0,4845.0,4825.0,4840.0,1126,0.0,0.0
2023-11-20 12:00:00+09:00,4845.0,4890.0,4845.0,4885.0,11883,0.0,0.0
2023-11-20 13:00:00+09:00,4880.0,4880.0,4825.0,4870.0,1423,0.0,0.0
2023-11-20 14:00:00+09:00,4870.0,4870.0,4835.0,4870.0,3956,0.0,0.0
2023-11-21 09:00:00+09:00,4860.0,4865.0,4845.0,4845.0,1599,0.0,0.0
2023-11-21 10:00:00+09:00,4845.0,4845.0,4785.0,4840.0,13681,0.0,0.0
2023-11-21 11:00:00+09:00,4820.0,4840.0,4795.0,4805.0,204,0.0,0.0
2023-11-21 12:00:00+09:00,4830.0,4835.0,4810.0,4810.0,850,0.0,0.0
2023-11-21 13:00:00+09:00,4830.0,4835.0,4805.0,4830.0,0,0.0,0.0
2023-11-21 14:00:00+09:00,4820.0,4830.0,4805.0,4805.0,53,0.0,0.0
2023-11-22 09:00:00+09:00,4835.0,4840.0,4805.0,4840.0,633,0.0,0.0
2023-11-22 10:00:00+09:00,4845.0,4845.0,4825.0,4845.0,706,0.0,0.0
2023-11-22 11:00:00+09:00,4845.0,4845.0,4835.0,4845.0,34,0.0,0.0
2023-11-22 12:00:00+09:00,4845.0,4845.0,4835.0,4845.0,1284,0.0,0.0
2023-11-22 13:00:00+09:00,4845.0,4850.0,4840.0,4850.0,675,0.0,0.0
2023-11-22 14:00:00+09:00,4850.0,4850.0,4830.0,4830.0,221,0.0,0.0
2023-11-23 09:00:00+09:00,4850.0,4990.0,4815.0,4940.0,807,0.0,0.0
2023-11-23 10:00:00+09:00,4935.0,4935.0,4900.0,4920.0,809,0.0,0.0
2023-11-23 11:00:00+09:00,4915.0,4915.0,4890.0,4890.0,741,0.0,0.0
2023-11-23 12:00:00+09:00,4890.0,4890.0,4835.0,4865.0,270,0.0,0.0
2023-11-23 13:00:00+09:00,4870.0,4890.0,4870.0,4890.0,209,0.0,0.0
2023-11-23 14:00:00+09:00,4855.0,4885.0,4855.0,4880.0,215,0.0,0.0
2023-11-24 09:00:00+09:00,4860.0,4900.0,4855.0,4885.0,232,0.0,0.0
2023-11-24 10:00:00+09:00,4885.0,4885.0,4785.0,4840.0,667,0.0,0.0
2023-11-24 11:00:00+09:00,4840.0,4890.0,4840.0,4890.0,291,0.0,0.0
2023-11-24 12:00:00+09:00,4890.0,4890.0,4865.0,4885.0,2246,0.0,0.0
2023-11-24 13:00:00+09:00,4885.0,4890.0,4875.0,4875.0,310,0.0,0.0
2023-11-24 14:00:00+09:00,4875.0,4895.0,4875.0,4895.0,506,0.0,0.0
2023-11-27 09:00:00+09:00,4860.0,4865.0,4815.0,4855.0,0,0.0,0.0
2023-11-27 10:00:00+09:00,4850.0,4850.0,4835.0,4845.0,130,0.0,0.0
2023-11-27 11:00:00+09:00,4845.0,4865.0,4845.0,4865.0,1544,0.0,0.0
2023-11-27 12:00:00+09:00,4865.0,4905.0,4865.0,4900.0,737,0.0,0.0
2023-11-27 13:00:00+09:00,4900.0,4905.0,4900.0,4905.0,1607,0.0,0.0
2023-11-27 14:00:00+09:00,4905.0,4905.0,4850.0,4855.0,2570,0.0,0.0
2023-11-28 09:00:00+09:00,4835.0,4915.0,4835.0,4895.0,764,0.0,0.0
2023-11-28 10:00:00+09:00,4910.0,4910.0,4895.0,4900.0,1215,0.0,0.0
2023-11-28 11:00:00+09:00,4900.0,4905.0,4895.0,4905.0,3537,0.0,0.0
2023-11-28 12:00:00+09:00,4905.0,4910.0,4905.0,4910.0,0,0.0,0.0
2023-11-28 13:00:00+09:00,4905.0,4915.0,4905.0,4915.0,143,0.0,0.0
2023-11-28 14:00:00+09:00,4915.0,4920.0,4850.0,4895.0,3823,0.0,0.0
2023-11-29 09:00:00+09:00,4890.0,4900.0,4865.0,4865.0,979,0.0,0.0
2023-11-29 10:00:00+09:00,4880.0,4895.0,4870.0,4895.0,51,0.0,0.0
2023-11-29 11:00:00+09:00,4885.0,4895.0,4875.0,4880.0,92,0.0,0.0
2023-11-29 12:00:00+09:00,4880.0,4905.0,4880.0,4880.0,314,0.0,0.0
2023-11-29 13:00:00+09:00,4895.0,4895.0,4880.0,4895.0,943,0.0,0.0
2023-11-29 14:00:00+09:00,4895.0,4905.0,4890.0,4905.0,0,0.0,0.0
2023-11-30 09:00:00+09:00,4970.0,4970.0,4905.0,4965.0,1925,0.0,0.0
2023-11-30 10:00:00+09:00,4960.0,4965.0,4945.0,4960.0,1137,0.0,0.0
2023-11-30 11:00:00+09:00,4960.0,4970.0,4950.0,4965.0,1313,0.0,0.0
2023-11-30 12:00:00+09:00,4970.0,4970.0,4940.0,4970.0,1974,0.0,0.0
2023-11-30 13:00:00+09:00,4965.0,4965.0,4965.0,4965.0,283,0.0,0.0
2023-11-30 14:00:00+09:00,4965.0,4970.0,4950.0,4970.0,638,0.0,0.0
2023-12-01 09:00:00+09:00,4995.0,5000.0,4950.0,4990.0,3901,0.0,0.0
2023-12-01 10:00:00+09:00,4990.0,4995.0,4990.0,4990.0,72,0.0,0.0
2023-12-01 11:00:00+09:00,4990.0,4990.0,4965.0,4965.0,0,0.0,0.0
2023-12-01 12:00:00+09:00,4960.0,4960.0,4945.0,4945.0,327,0.0,0.0
2023-12-01 13:00:00+09:00,4955.0,4970.0,4955.0,4970.0,964,0.0,0.0
2023-12-01 14:00:00+09:00,4970.0,4970.0,4945.0,4970.0,0,0.0,0.0
2023-12-04 09:00:00+09:00,4975.0,4975.0,4950.0,4950.0,0,0.0,0.0
2023-12-04 10:00:00+09:00,4950.0,4975.0,4940.0,4975.0,291,0.0,0.0
2023-12-04 11:00:00+09:00,4945.0,4965.0,4930.0,4960.0,543,0.0,0.0
2023-12-04 12:00:00+09:00,4960.0,4960.0,4940.0,4960.0,281,0.0,0.0
2023-12-04 13:00:00+09:00,4960.0,4960.0,4905.0,4945.0,192,0.0,0.0
2023-12-04 14:00:00+09:00,4950.0,4960.0,4945.0,4945.0,60,0.0,0.0
2023-12-05 09:00:00+09:00,4895.0,4925.0,4875.0,4920.0,1237,0.0,0.0
2023-12-05 10:00:00+09:00,4920.0,4925.0,4920.0,4920.0,252,0.0,0.0
2023-12-05 11:00:00+09:00,4915.0,4920.0,4915.0,4920.0,20,0.0,0.0
2023-12-05 12:00:00+09:00,4920.0,4920.0,4910.0,4910.0,27,0.0,0.0
2023-12-05 13:00:00+09:00,4915.0,4915.0,4785.0,4845.0,2083,0.0,0.0
2023-12-05 14:00:00+09:00,4850.0,4850.0,4840.0,4845.0,634,0.0,0.0
2023-12-06 09:00:00+09:00,4800.0,4850.0,4800.0,4820.0,738,0.0,0.0
2023-12-06 10:00:00+09:00,4815.0,4815.0,4805.0,4810.0,273,0.0,0.0
2023-12-06 11:00:00+09:00,4810.0,4840.0,4780.0,4810.0,25788,0.0,0.0
2023-12-06 12:00:00+09:00,4810.0,4810.0,4810.0,4810.0,0,0.0,0.0
2023-12-06 13:00:00+09:00,4810.0,4845.0,4805.0,4845.0,503,0.0,0.0
2023-12-06 14:00:00+09:00,4845.0,4880.0,4800.0,4880.0,897,0.0,0.0
2023-12-07 09:00:00+09:00,4870.0,4870.0,4810.0,4870.0,286,0.0,0.0
2023-12-07 10:00:00+09:00,4870.0,4870.0,4870.0,4870.0,144,0.0,0.0
2023-12-07 11:00:00+09:00,4870.0,4870.0,4870.0,4870.0,44,0.0,0.0
2023-12-07 12:00:00+09:00,4870.0,4880.0,4840.0,4870.0,816,0.0,0.0
2023-12-07 13:00:00+09:00,4870.0,4870.0,4805.0,4870.0,141,0.0,0.0
2023-12-07 14:00:00+09:00,4870.0,4870.0,4820.0,4865.0,273,0.0,0.0
2023-12-08 09:00:00+09:00,4800.0,4840.0,4785.0,4835.0,249,0.0,0.0
2023-12-08 10:00:00+09:00,4835.0,4845.0,4820.0,4820.0,1117,0.0,0.0
2023-12-08 11:00:00+09:00,4825.0,4825.0,4810.0,4820.0,113,0.0,0.0
2023-12-08 12:00:00+09:00,4820.0,4845.0,4810.0,4840.0,30,0.0,0.0
2023-12-08 13:00:00+09:00,4840.0,4855.0,4840.0,4855.0,209,0.0,0.0
2023-12-08 14:00:00+09:00,4855.0,4860.0,4810.0,4860.0,233,0.0,0.0
2023-12-11 09:00:00+09:00,4870.0,4870.0,4870.0,4870.0,0,0.0,0.0
2023-12-11 10:00:00+09:00,4865.0,4895.0,4865.0,4890.0,687,0.0,0.0
2023-12-11 11:00:00+09:00,4865.0,4885.0,4850.0,4885.0,132,0.0,0.0
2023-12-11 13:00:00+09:00,4875.0,4875.0,4875.0,4875.0,40,0.0,0.0
2023-12-11 14:00:00+09:00,4875.0,4875.0,4860.0,4860.0,54,0.0,0.0
2023-12-12 09:00:00+09:00,4890.0,4910.0,4890.0,4900.0,234,0.0,0.0
2023-12-12 10:00:00+09:00,4900.0,4900.0,4895.0,4895.0,12,0.0,0.0
2023-12-12 11:00:00+09:00,4890.0,4890.0,4890.0,4890.0,9,0.0,0.0
2023-12-12 12:00:00+09:00,4890.0,4890.0,4890.0,4890.0,24,0.0,0.0
2023-12-12 13:00:00+09:00,4890.0,4895.0,4885.0,4885.0,676,0.0,0.0
2023-12-12 14:00:00+09:00,4885.0,4895.0,4865.0,4875.0,38,0.0,0.0
2023-12-13 09:00:00+09:00,4830.0,4860.0,4820.0,4820.0,67,0.0,0.0
2023-12-13 10:00:00+09:00,4855.0,4855.0,4810.0,4845.0,8,0.0,0.0
2023-12-13 11:00:00+09:00,4830.0,4845.0,4810.0,4845.0,6,0.0,0.0
2023-12-13 12:00:00+09:00,4845.0,4845.0,4705.0,4750.0,3384,0.0,0.0
2023-12-13 13:00:00+09:00,4750.0,4750.0,4710.0,4750.0,914,0.0,0.0
2023-12-13 14:00:00+09:00,4750.0,4750.0,4705.0,4735.0,1979,0.0,0.0
2023-12-14 09:00:00+09:00,4785.0,4820.0,4785.0,4810.0,1541,0.0,0.0
2023-12-14 10:00:00+09:00,4810.0,4815.0,4785.0,4815.0,3793,0.0,0.0
2023-12-14 11:00:00+09:00,4800.0,4800.0,4780.0,4780.0,56,0.0,0.0
2023-12-14 12:00:00+09:00,4780.0,4810.0,4760.0,4805.0,308,0.0,0.0
2023-12-14 13:00:00+09:00,4805.0,4815.0,4795.0,4805.0,527,0.0,0.0
2023-12-14 14:00:00+09:00,4805.0,4805.0,4800.0,4800.0,1172,0.0,0.0
2023-12-15 09:00:00+09:00,4800.0,4825.0,4790.0,4815.0,1612,0.0,0.0
2023-12-15 10:00:00+09:00,4790.0,4825.0,4780.0,4820.0,843,0.0,0.0
2023-12-15 11:00:00+09:00,4800.0,4800.0,4785.0,4785.0,424,0.0,0.0
2023-12-15 12:00:00+09:00,4815.0,4825.0,4800.0,4800.0,905,0.0,0.0
2023-12-15 13:00:00+09:00,4800.0,4800.0,4795.0,4795.0,385,0.0,0.0
2023-12-15 14:00:00+09:00,4795.0,4800.0,4790.0,4790.0,1537,0.0,0.0
2023-12-18 09:00:00+09:00,4825.0,4855.0,4825.0,4840.0,0,0.0,0.0
2023-12-18 10:00:00+09:00,4840.0,4840.0,4795.0,4835.0,330,0.0,0.0
2023-12-18 11:00:00+09:00,4830.0,4855.0,4830.0,4855.0,314,0.0,0.0
2023-12-18 12:00:00+09:00,4855.0,4875.0,4840.0,4875.0,164,0.0,0.0
2023-12-18 13:00:00+09:00,4875.0,4880.0,4875.0,4880.0,323,0.0,0.0
2023-12-18 14:00:00+09:00,4880.0,4880.0,4835.0,4875.0,234,0.0,0.0
2023-12-19 09:00:00+09:00,4880.0,4885.0,4880.0,4880.0,387,0.0,0.0
2023-12-19 10:00:00+09:00,4885.0,4885.0,4880.0,4880.0,146,0.0,0.0
2023-12-19 11:00:00+09:00,4885.0,4885.0,4800.0,4880.0,1127,0.0,0.0
2023-12-19 12:00:00+09:00,4880.0,4880.0,4875.0,4880.0,125,0.0,0.0
2023-12-19 13:00:00+09:00,4880.0,4880.0,4880.0,4880.0,94,0.0,0.0
2023-12-19 14:00:00+09:00,4880.0,4880.0,4845.0,4865.0,280,0.0,0.0
2023-12-20 09:00:00+09:00,4840.0,4840.0,4825.0,4825.0,111,0.0,0.0
2023-12-20 10:00:00+09:00,4825.0,4860.0,4825.0,4860.0,107,0.0,0.0
2023-12-20 11:00:00+09:00,4835.0,4850.0,4820.0,4845.0,169,0.0,0.0
2023-12-20 12:00:00+09:00,4850.0,4850.0,4845.0,4845.0,298,0.0,0.0
2023-12-20 13:00:00+09:00,4840.0,4855.0,4840.0,4855.0,271,0.0,0.0
2023-12-20 14:00:00+09:00,4855.0,4860.0,4855.0,4855.0,73,0.0,0.0
2023-12-21 09:00:00+09:00,4780.0,4860.0,4780.0,4860.0,525,0.0,0.0
2023-12-21 10:00:00+09:00,4825.0,4860.0,4825.0,4860.0,602,0.0,0.0
2023-12-21 11:00:00+09:00,4860.0,4860.0,4860.0,4860.0,80,0.0,0.0
2023-12-21 12:00:00+09:00,4860.0,4860.0,4860.0,4860.0,0,0.0,0.0
2023-12-21 13:00:00+09:00,4860.0,4860.0,4860.0,4860.0,1246,0.0,0.0
2023-12-22 09:00:00+09:00,4825.0,4870.0,4825.0,4865.0,144,0.0,0.0
2023-12-22 10:00:00+09:00,4860.0,4860.0,4785.0,4835.0,828,0.0,0.0
2023-12-22 11:00:00+09:00,4800.0,4815.0,4785.0,4800.0,110,0.0,0.0
2023-12-22 12:00:00+09:00,4800.0,4800.0,4790.0,4800.0,84,0.0,0.0
2023-12-22 13:00:00+09:00,4795.0,4800.0,4740.0,4795.0,1321,0.0,0.0
2023-12-22 14:00:00+09:00,4795.0,4815.0,4775.0,4780.0,84,0.0,0.0
2023-12-26 09:00:00+09:00,4895.0,4895.0,4840.0,4860.0,2536,0.0,0.0
2023-12-26 10:00:00+09:00,4855.0,4855.0,4810.0,4835.0,1671,0.0,0.0
2023-12-26 11:00:00+09:00,4830.0,4830.0,4825.0,4830.0,70,0.0,0.0
2023-12-26 12:00:00+09:00,4825.0,4825.0,4805.0,4805.0,910,0.0,0.0
2023-12-26 13:00:00+09:00,4805.0,4805.0,4710.0,4710.0,1377,0.0,0.0
2023-12-26 14:00:00+09:00,4720.0,4835.0,4705.0,4835.0,1700,0.0,0.0
2023-12-27 09:00:00+09:00,4750.0,4780.0,4730.0,4770.0,587,50.0,0.0
2023-12-27 10:00:00+09:00,4770.0,4770.0,4770.0,4770.0,186,0.0,0.0
2023-12-27 11:00:00+09:00,4770.0,4800.0,4770.0,4800.0,3305,0.0,0.0
2023-12-27 12:00:00+09:00,4800.0,4800.0,4800.0,4800.0,48,0.0,0.0
2023-12-27 13:00:00+09:00,4790.0,4795.0,4790.0,4790.0,83,0.0,0.0
2023-12-27 14:00:00+09:00,4795.0,4795.0,4740.0,4780.0,858,0.0,0.0
2023-12-28 09:00:00+09:00,4725.0,4725.0,4610.0,4720.0,3310,0.0,0.0
2023-12-28 10:00:00+09:00,4720.0,4720.0,4585.0,4620.0,2252,0.0,0.0
2023-12-28 11:00:00+09:00,4620.0,4640.0,4580.0,4615.0,6584,0.0,0.0
2023-12-28 12:00:00+09:00,4610.0,4610.0,4540.0,4605.0,3653,0.0,0.0
2023-12-28 13:00:00+09:00,4605.0,4665.0,4600.0,4665.0,4141,0.0,0.0
2023-12-28 14:00:00+09:00,4665.0,4690.0,4665.0,4690.0,1014,0.0,0.0
2024-01-02 10:00:00+09:00,4835.0,4835.0,4715.0,4715.0,2654,0.0,0.0
2024-01-02 11:00:00+09:00,4710.0,4715.0,4700.0,4710.0,1084,0.0,0.0
2024-01-02 12:00:00+09:00,4710.0,4710.0,4695.0,4695.0,459,0.0,0.0
2024-01-02 13:00:00+09:00,4695.0,4695.0,4660.0,4685.0,807,0.0,0.0
2024-01-02 14:00:00+09:00,4685.0,4710.0,4660.0,4705.0,1460,0.0,0.0
2024-01-03 09:00:00+09:00,4700.0,4730.0,4665.0,4730.0,1171,0.0,0.0
2024-01-03 10:00:00+09:00,4735.0,4970.0,4700.0,4825.0,2782,0.0,0.0
2024-01-03 11:00:00+09:00,4820.0,4820.0,4750.0,4750.0,356,0.0,0.0
2024-01-03 12:00:00+09:00,4750.0,4750.0,4700.0,4740.0,3778,0.0,0.0
2024-01-03 13:00:00+09:00,4710.0,4730.0,4700.0,4720.0,657,0.0,0.0
2024-01-03 14:00:00+09:00,4710.0,4720.0,4705.0,4705.0,215,0.0,0.0
2024-01-04 09:00:00+09:00,4720.0,4720.0,4680.0,4685.0,471,0.0,0.0
2024-01-04 10:00:00+09:00,4690.0,4700.0,4645.0,4650.0,1028,0.0,0.0
2024-01-04 11:00:00+09:00,4680.0,4690.0,4560.0,4690.0,642,0.0,0.0
2024-01-04 12:00:00+09:00,4640.0,4665.0,4640.0,4665.0,44,0.0,0.0
2024-01-04 13:00:00+09:00,4660.0,4665.0,4645.0,4665.0,44,0.0,0.0
2024-01-04 14:00:00+09:00,4665.0,4665.0,4665.0,4665.0,44,0.0,0.0
2024-01-05 09:00:00+09:00,4625.0,4650.0,4600.0,4630.0,1055,0.0,0.0
2024-01-05 10:00:00+09:00,4630.0,4645.0,4630.0,4645.0,47,0.0,0.0
2024-01-05 11:00:00+09:00,4640.0,4645.0,4615.0,4615.0,987,0.0,0.0
2024-01-05 12:00:00+09:00,4640.0,4645.0,4640.0,4645.0,459,0.0,0.0
2024-01-05 13:00:00+09:00,4645.0,4645.0,4640.0,4645.0,609,0.0,0.0
2024-01-05 14:00:00+09:00,4650.0,4665.0,4650.0,4665.0,928,0.0,0.0
2024-01-08 09:00:00+09:00,4720.0,4720.0,4660.0,4715.0,0,0.0,0.0
2024-01-08 10:00:00+09:00,4715.0,4715.0,4670.0,4715.0,1430,0.0,0.0
2024-01-08 11:00:00+09:00,4710.0,4710.0,4680.0,4680.0,15,0.0,0.0
2024-01-08 12:00:00+09:00,4705.0,4710.0,4700.0,4710.0,158,0.0,0.0
2024-01-08 13:00:00+09:00,4695.0,4705.0,4690.0,4705.0,197,0.0,0.0
2024-01-08 14:00:00+09:00,4705.0,4705.0,4705.0,4705.0,2,0.0,0.0
2024-01-09 09:00:00+09:00,4695.0,4750.0,4680.0,4735.0,1112,0.0,0.0
2024-01-09 10:00:00+09:00,4730.0,4735.0,4720.0,4730.0,1314,0.0,0.0
2024-01-09 11:00:00+09:00,4735.0,4740.0,4735.0,4740.0,892,0.0,0.0
2024-01-09 12:00:00+09:00,4740.0,4745.0,4730.0,4730.0,866,0.0,0.0
2024-01-09 13:00:00+09:00,4725.0,4725.0,4705.0,4705.0,1208,0.0,0.0
2024-01-09 14:00:00+09:00,4710.0,4745.0,4710.0,4740.0,29,0.0,0.0
2024-01-10 09:00:00+09:00,4740.0,4790.0,4740.0,4760.0,478,0.0,0.0
2024-01-10 10:00:00+09:00,4760.0,4760.0,4755.0,4755.0,305,0.0,0.0
2024-01-10 11:00:00+09:00,4755.0,4760.0,4750.0,4750.0,551,0.0,0.0
2024-01-10 12:00:00+09:00,4760.0,4760.0,4745.0,4750.0,898,0.0,0.0
2024-01-10 13:00:00+09:00,4745.0,4750.0,4745.0,4750.0,353,0.0,0.0
2024-01-10 14:00:00+09:00,4750.0,4750.0,4745.0,4750.0,0,0.0,0.0
2024-01-11 09:00:00+09:00,4750.0,4785.0,4740.0,4775.0,1773,0.0,0.0
2024-01-11 10:00:00+09:00,4775.0,4780.0,4775.0,4780.0,49,0.0,0.0
2024-01-11 11:00:00+09:00,4770.0,4825.0,4770.0,4800.0,711,0.0,0.0
2024-01-11 12:00:00+09:00,4800.0,4820.0,4790.0,4790.0,742,0.0,0.0
2024-01-11 13:00:00+09:00,4790.0,4800.0,4785.0,4785.0,79,0.0,0.0
2024-01-11 14:00:00+09:00,4785.0,4785.0,4780.0,4780.0,58,0.0,0.0
2024-01-12 09:00:00+09:00,4680.0,4780.0,4680.0,4780.0,629,0.0,0.0
2024-01-12 10:00:00+09:00,4780.0,4785.0,4760.0,4760.0,2304,0.0,0.0
2024-01-12 11:00:00+09:00,4760.0,4780.0,4760.0,4780.0,1256,0.0,0.0
2024-01-12 12:00:00+09:00,4775.0,4780.0,4770.0,4780.0,15,0.0,0.0
2024-01-12 13:00:00+09:00,4750.0,4780.0,4725.0,4755.0,186,0.0,0.0
2024-01-12 14:00:00+09:00,4750.0,4810.0,4720.0,4810.0,2398,0.0,0.0
2024-01-15 09:00:00+09:00,4720.0,4790.0,4720.0,4790.0,0,0.0,0.0
2024-01-15 10:00:00+09:00,4795.0,4795.0,4790.0,4790.0,46,0.0,0.0
2024-01-15 11:00:00+09:00,4795.0,4795.0,4790.0,4790.0,4702,0.0,0.0
2024-01-15 12:00:00+09:00,4790.0,4805.0,4790.0,4805.0,336,0.0,0.0
2024-01-15 13:00:00+09:00,4805.0,4805.0,4790.0,4790.0,858,0.0,0.0
2024-01-15 14:00:00+09:00,4790.0,4810.0,4790.0,4805.0,158,0.0,0.0
2024-01-16 09:00:00+09:00,4770.0,4805.0,4770.0,4800.0,275,0.0,0.0
2024-01-16 10:00:00+09:00,4800.0,4815.0,4770.0,4815.0,106,0.0,0.0
2024-01-16 11:00:00+09:00,4790.0,4790.0,4785.0,4785.0,29,0.0,0.0
2024-01-16 12:00:00+09:00,4785.0,4790.0,4785.0,4790.0,495,0.0,0.0
2024-01-16 13:00:00+09:00,4790.0,4790.0,4770.0,4770.0,531,0.0,0.0
2024-01-16 14:00:00+09:00,4790.0,4790.0,4780.0,4780.0,0,0.0,0.0
2024-01-17 09:00:00+09:00,4780.0,4780.0,4695.0,4710.0,873,0.0,0.0
2024-01-17 10:00:00+09:00,4720.0,4840.0,4715.0,4830.0,1975,0.0,0.0
2024-01-17 11:00:00+09:00,4825.0,4840.0,4825.0,4830.0,647,0.0,0.0
2024-01-17 12:00:00+09:00,4830.0,4830.0,4795.0,4830.0,275,0.0,0.0
2024-01-17 13:00:00+09:00,4800.0,4800.0,4705.0,4770.0,2101,0.0,0.0
2024-01-17 14:00:00+09:00,4770.0,4770.0,4735.0,4735.0,44,0.0,0.0
2024-01-18 09:00:00+09:00,4665.0,4755.0,4665.0,4755.0,1264,0.0,0.0
2024-01-18 10:00:00+09:00,4755.0,4770.0,4755.0,4770.0,54,0.0,0.0
2024-01-18 11:00:00+09:00,4770.0,4780.0,4770.0,4775.0,790,0.0,0.0
2024-01-18 12:00:00+09:00,4775.0,4775.0,4750.0,4760.0,265,0.0,0.0
2024-01-18 13:00:00+09:00,4760.0,4785.0,4740.0,4740.0,1010,0.0,0.0
2024-01-18 14:00:00+09:00,4740.0,4770.0,4740.0,4770.0,0,0.0,0.0
2024-01-19 09:00:00+09:00,4880.0,4880.0,4755.0,4820.0,680,0.0,0.0
2024-01-19 10:00:00+09:00,4820.0,4820.0,4785.0,4785.0,213,0.0,0.0
2024-01-19 11:00:00+09:00,4780.0,4815.0,4760.0,4780.0,654,0.0,0.0
2024-01-19 12:00:00+09:00,4775.0,4815.0,4770.0,4815.0,135,0.0,0.0
2024-01-19 13:00:00+09:00,4795.0,4795.0,4795.0,4795.0,3,0.0,0.0
2024-01-19 14:00:00+09:00,4790.0,4820.0,4765.0,4820.0,1344,0.0,0.0
2024-01-22 09:00:00+09:00,4850.0,4850.0,4815.0,4850.0,0,0.0,0.0
2024-01-22 10:00:00+09:00,4850.0,4850.0,4785.0,4790.0,1201,0.0,0.0
2024-01-22 11:00:00+09:00,4790.0,4845.0,4790.0,4815.0,247,0.0,0.0
2024-01-22 12:00:00+09:00,4815.0,4820.0,4785.0,4785.0,57,0.0,0.0
2024-01-22 13:00:00+09:00,4780.0,4820.0,4780.0,4815.0,349,0.0,0.0
2024-01-22 14:00:00+09:00,4815.0,4815.0,4815.0,4815.0,103,0.0,0.0
2024-01-23 09:00:00+09:00,4840.0,4840.0,4780.0,4780.0,2920,0.0,0.0
2024-01-23 10:00:00+09:00,4815.0,4815.0,4780.0,4780.0,124,0.0,0.0
2024-01-23 11:00:00+09:00,4815.0,4815.0,4790.0,4800.0,313,0.0,0.0
2024-01-23 12:00:00+09:00,4800.0,4800.0,4790.0,4790.0,16,0.0,0.0
2024-01-23 13:00:00+09:00,4800.0,4800.0,4785.0,4785.0,3,0.0,0.0
2024-01-23 14:00:00+09:00,4785.0,4810.0,4785.0,4785.0,1045,0.0,0.0
2024-01-24 09:00:00+09:00,4750.0,4800.0,4750.0,4765.0,1717,0.0,0.0
2024-01-24 10:00:00+09:00,4755.0,4765.0,4755.0,4765.0,3,0.0,0.0
2024-01-24 11:00:00+09:00,4760.0,4765.0,4755.0,4765.0,271,0.0,0.0
2024-01-24 12:00:00+09:00,4755.0,4755.0,4755.0,4755.0,6,0.0,0.0
2024-01-24 13:00:00+09:00,4760.0,4760.0,4750.0,4750.0,834,0.0,0.0
2024-01-24 14:00:00+09:00,4750.0,4755.0,4745.0,4745.0,191,0.0,0.0
2024-01-25 09:00:00+09:00,4710.0,4710.0,4670.0,4700.0,585,0.0,0.0
2024-01-25 10:00:00+09:00,4710.0,4710.0,4710.0,4710.0,18,0.0,0.0
2024-01-25 11:00:00+09:00,4710.0,4710.0,4705.0,4705.0,270,0.0,0.0
2024-01-25 12:00:00+09:00,4705.0,4705.0,4700.0,4705.0,48,0.0,0.0
2024-01-25 13:00:00+09:00,4700.0,4710.0,4680.0,4710.0,152,0.0,0.0
2024-01-25 14:00:00+09:00,4710.0,4710.0,4705.0,4705.0,13,0.0,0.0
2024-01-26 09:00:00+09:00,4700.0,4710.0,4680.0,4710.0,409,0.0,0.0
2024-01-26 10:00:00+09:00,4710.0,4710.0,4670.0,4705.0,1824,0.0,0.0
2024-01-26 11:00:00+09:00,4690.0,4695.0,4690.0,4690.0,570,0.0,0.0
2024-01-26 12:00:00+09:00,4685.0,4695.0,4675.0,4695.0,354,0.0,0.0
2024-01-26 13:00:00+09:00,4690.0,4690.0,4690.0,4690.0,33,0.0,0.0
2024-01-26 14:00:00+09:00,4690.0,4695.0,4670.0,4675.0,1446,0.0,0.0
2024-01-29 09:00:00+09:00,4670.0,4675.0,4640.0,4655.0,0,0.0,0.0
2024-01-29 10:00:00+09:00,4675.0,4675.0,4670.0,4670.0,0,0.0,0.0
2024-01-29 11:00:00+09:00,4675.0,4675.0,4670.0,4675.0,147,0.0,0.0
2024-01-29 12:00:00+09:00,4675.0,4675.0,4675.0,4675.0,442,0.0,0.0
2024-01-29 13:00:00+09:00,4675.0,4675.0,4660.0,4675.0,110,0.0,0.0
2024-01-29 14:00:00+09:00,4675.0,4675.0,4650.0,4650.0,818,0.0,0.0
2024-01-30 09:00:00+09:00,4655.0,4675.0,4655.0,4665.0,933,0.0,0.0
2024-01-30 10:00:00+09:00,4670.0,4685.0,4665.0,4675.0,963,0.0,0.0
2024-01-30 11:00:00+09:00,4665.0,4680.0,4660.0,4675.0,280,0.0,0.0
2024-01-30 12:00:00+09:00,4680.0,4680.0,4660.0,4680.0,452,0.0,0.0
2024-01-30 13:00:00+09:00,4660.0,4660.0,4655.0,4660.0,560,0.0,0.0
2024-01-30 14:00:00+09:00,4680.0,4680.0,4670.0,4670.0,67,0.0,0.0
2024-01-31 09:00:00+09:00,4660.0,4660.0,4650.0,4660.0,211,0.0,0.0
2024-01-31 10:00:00+09:00,4660.0,4660.0,4660.0,4660.0,173,0.0,0.0
2024-01-31 11:00:00+09:00,4660.0,4660.0,4660.0,4660.0,23,0.0,0.0
2024-01-31 12:00:00+09:00,4655.0,4655.0,4655.0,4655.0,45,0.0,0.0
2024-01-31 13:00:00+09:00,4655.0,4655.0,4645.0,4645.0,852,0.0,0.0
2024-01-31 14:00:00+09:00,4650.0,4660.0,4650.0,4660.0,446,0.0,0.0
2024-02-01 09:00:00+09:00,4630.0,4630.0,4600.0,4615.0,1040,0.0,0.0
2024-02-01 10:00:00+09:00,4630.0,4630.0,4600.0,4600.0,856,0.0,0.0
2024-02-01 11:00:00+09:00,4600.0,4620.0,4585.0,4615.0,48,0.0,0.0
2024-02-01 12:00:00+09:00,4615.0,4630.0,4615.0,4630.0,690,0.0,0.0
2024-02-01 13:00:00+09:00,4630.0,4630.0,4570.0,4610.0,1168,0.0,0.0
2024-02-01 14:00:00+09:00,4610.0,4610.0,4580.0,4585.0,178,0.0,0.0
2024-02-02 09:00:00+09:00,4630.0,4645.0,4630.0,4630.0,431,0.0,0.0
2024-02-02 10:00:00+09:00,4630.0,4650.0,4630.0,4630.0,667,0.0,0.0
2024-02-02 11:00:00+09:00,4630.0,4645.0,4610.0,4610.0,574,0.0,0.0
2024-02-02 12:00:00+09:00,4610.0,4640.0,4605.0,4610.0,387,0.0,0.0
2024-02-02 13:00:00+09:00,4610.0,4645.0,4600.0,4600.0,1209,0.0,0.0
2024-02-02 14:00:00+09:00,4610.0,4630.0,4575.0,4600.0,2678,0.0,0.0
2024-02-05 09:00:00+09:00,4585.0,4645.0,4585.0,4635.0,0,0.0,0.0
2024-02-05 10:00:00+09:00,4635.0,4645.0,4610.0,4610.0,443,0.0,0.0
2024-02-05 11:00:00+09:00,4610.0,4650.0,4605.0,4645.0,318,0.0,0.0
2024-02-05 12:00:00+09:00,4645.0,4695.0,4645.0,4660.0,833,0.0,0.0
2024-02-05 13:00:00+09:00,4660.0,4675.0,4655.0,4660.0,150,0.0,0.0
2024-02-05 14:00:00+09:00,4660.0,4675.0,4600.0,4605.0,2206,0.0,0.0
2024-02-06 09:00:00+09:00,4585.0,4625.0,4580.0,4625.0,1419,0.0,0.0
2024-02-06 10:00:00+09:00,4625.0,4635.0,4590.0,4630.0,474,0.0,0.0
2024-02-06 11:00:00+09:00,4630.0,4645.0,4630.0,4630.0,482,0.0,0.0
2024-02-06 12:00:00+09:00,4630.0,4630.0,4615.0,4615.0,48,0.0,0.0
2024-02-06 13:00:00+09:00,4615.0,4615.0,4615.0,4615.0,213,0.0,0.0
2024-02-06 14:00:00+09:00,4610.0,4625.0,4580.0,4590.0,1764,0.0,0.0
2024-02-07 09:00:00+09:00,4605.0,4635.0,4590.0,4630.0,383,0.0,0.0
2024-02-07 10:00:00+09:00,4630.0,4630.0,4575.0,4625.0,287,0.0,0.0
2024-02-07 11:00:00+09:00,4620.0,4620.0,4610.0,4610.0,13,0.0,0.0
2024-02-07 12:00:00+09:00,4620.0,4625.0,4595.0,4605.0,632,0.0,0.0
2024-02-07 13:00:00+09:00,4600.0,4630.0,4575.0,4630.0,1258,0.0,0.0
2024-02-07 14:00:00+09:00,4605.0,4630.0,4575.0,4600.0,480,0.0,0.0
2024-02-08 09:00:00+09:00,4540.0,4635.0,4540.0,4635.0,297,0.0,0.0
2024-02-08 10:00:00+09:00,4630.0,4635.0,4585.0,4630.0,127,0.0,0.0
2024-02-08 11:00:00+09:00,4635.0,4635.0,4630.0,4635.0,79,0.0,0.0
2024-02-08 12:00:00+09:00,4635.0,4635.0,4585.0,4605.0,594,0.0,0.0
2024-02-08 13:00:00+09:00,4605.0,4625.0,4600.0,4600.0,316,0.0,0.0
2024-02-08 14:00:00+09:00,4605.0,4640.0,4600.0,4600.0,959,0.0,0.0
2024-02-13 09:00:00+09:00,4640.0,4715.0,4635.0,4660.0,1728,0.0,0.0
2024-02-13 10:00:00+09:00,4695.0,4715.0,4665.0,4705.0,147,0.0,0.0
2024-02-13 11:00:00+09:00,4680.0,4705.0,4590.0,4645.0,1782,0.0,0.0
2024-02-13 12:00:00+09:00,4645.0,4655.0,4645.0,4655.0,111,0.0,0.0
2024-02-13 13:00:00+09:00,4655.0,4670.0,4600.0,4635.0,3718,0.0,0.0
2024-02-13 14:00:00+09:00,4610.0,4655.0,4600.0,4655.0,1922,0.0,0.0
2024-02-14 09:00:00+09:00,4630.0,4630.0,4600.0,4630.0,500,0.0,0.0
2024-02-14 10:00:00+09:00,4625.0,4640.0,4595.0,4600.0,2800,0.0,0.0
2024-02-14 11:00:00+09:00,4620.0,4650.0,4600.0,4600.0,434,0.0,0.0
2024-02-14 12:00:00+09:00,4640.0,4650.0,4640.0,4645.0,25,0.0,0.0
2024-02-14 13:00:00+09:00,4640.0,4650.0,4620.0,4650.0,55,0.0,0.0
2024-02-14 14:00:00+09:00,4635.0,4640.0,4590.0,4640.0,3898,0.0,0.0
2024-02-15 09:00:00+09:00,4600.0,4665.0,4600.0,4640.0,1427,0.0,0.0
2024-02-15 10:00:00+09:00,4640.0,4640.0,4590.0,4635.0,1556,0.0,0.0
2024-02-15 11:00:00+09:00,4635.0,4645.0,4590.0,4605.0,3789,0.0,0.0
2024-02-15 12:00:00+09:00,4640.0,4645.0,4605.0,4645.0,524,0.0,0.0
2024-02-15 13:00:00+09:00,4625.0,4660.0,4605.0,4655.0,421,0.0,0.0
2024-02-15 14:00:00+09:00,4640.0,4650.0,4610.0,4650.0,518,0.0,0.0
2024-02-16 09:00:00+09:00,4615.0,4670.0,4615.0,4630.0,1381,0.0,0.0
2024-02-16 10:00:00+09:00,4625.0,4640.0,4605.0,4610.0,647,0.0,0.0
2024-02-16 11:00:00+09:00,4635.0,4640.0,4610.0,4615.0,23,0.0,0.0
2024-02-16 12:00:00+09:00,4615.0,4640.0,4610.0,4615.0,68,0.0,0.0
2024-02-16 13:00:00+09:00,4615.0,4630.0,4605.0,4615.0,213,0.0,0.0
2024-02-16 14:00:00+09:00,4605.0,4630.0,4600.0,4625.0,1256,0.0,0.0
2024-02-19 09:00:00+09:00,4635.0,4640.0,4630.0,4630.0,0,0.0,0.0
2024-02-19 10:00:00+09:00,4630.0,4635.0,4605.0,4635.0,17,0.0,0.0
2024-02-19 11:00:00+09:00,4635.0,4635.0,4630.0,4635.0,81,0.0,0.0
2024-02-19 12:00:00+09:00,4635.0,4640.0,4630.0,4630.0,315,0.0,0.0
2024-02-19 13:00:00+09:00,4635.0,4635.0,4630.0,4635.0,441,0.0,0.0
2024-02-19 14:00:00+09:00,4640.0,4675.0,4640.0,4665.0,780,0.0,0.0
2024-02-20 09:00:00+09:00,4580.0,4645.0,4580.0,4615.0,2273,0.0,0.0
2024-02-20 10:00:00+09:00,4610.0,4670.0,4600.0,4645.0,882,0.0,0.0
2024-02-20 11:00:00+09:00,4650.0,4650.0,4625.0,4635.0,512,0.0,0.0
2024-02-20 12:00:00+09:00,4625.0,4665.0,4625.0,4665.0,545,0.0,0.0
2024-02-20 13:00:00+09:00,4630.0,4660.0,4620.0,4660.0,194,0.0,0.0
2024-02-20 14:00:00+09:00,4635.0,4670.0,4630.0,4670.0,999,0.0,0.0
2024-02-21 09:00:00+09:00,4685.0,4735.0,4685.0,4685.0,1405,0.0,0.0
2024-02-21 10:00:00+09:00,4700.0,4700.0,4580.0,4670.0,1734,0.0,0.0
2024-02-21 11:00:00+09:00,4695.0,4695.0,4590.0,4600.0,1157,0.0,0.0
2024-02-21 12:00:00+09:00,4630.0,4640.0,4580.0,4625.0,3465,0.0,0.0
2024-02-21 13:00:00+09:00,4615.0,4630.0,4585.0,4630.0,2287,0.0,0.0
2024-02-21 14:00:00+09:00,4630.0,4690.0,4630.0,4655.0,378,0.0,0.0
2024-02-22 09:00:00+09:00,4675.0,4700.0,4600.0,4670.0,707,0.0,0.0
2024-02-22 10:00:00+09:00,4685.0,4700.0,4625.0,4670.0,2663,0.0,0.0
2024-02-22 11:00:00+09:00,4670.0,4675.0,4645.0,4650.0,90,0.0,0.0
2024-02-22 12:00:00+09:00,4650.0,4655.0,4650.0,4650.0,32,0.0,0.0
2024-02-22 13:00:00+09:00,4650.0,4670.0,4640.0,4660.0,93,0.0,0.0
2024-02-22 14:00:00+09:00,4670.0,4670.0,4645.0,4655.0,57,0.0,0.0
2024-02-23 09:00:00+09:00,4670.0,4690.0,4650.0,4690.0,410,0.0,0.0
2024-02-23 10:00:00+09:00,4650.0,4655.0,4620.0,4655.0,469,0.0,0.0
2024-02-23 11:00:00+09:00,4655.0,4690.0,4655.0,4690.0,451,0.0,0.0
2024-02-23 12:00:00+09:00,4690.0,4705.0,4655.0,4690.0,255,0.0,0.0
2024-02-23 13:00:00+09:00,4690.0,4690.0,4625.0,4690.0,201,0.0,0.0
2024-02-23 14:00:00+09:00,4655.0,4675.0,4615.0,4675.0,650,0.0,0.0
2024-02-26 09:00:00+09:00,4640.0,4700.0,4605.0,4690.0,0,0.0,0.0
2024-02-26 10:00:00+09:00,4685.0,4690.0,4685.0,4690.0,65,0.0,0.0
2024-02-26 11:00:00+09:00,4675.0,4680.0,4605.0,4665.0,2409,0.0,0.0
2024-02-26 13:00:00+09:00,4640.0,4655.0,4615.0,4640.0,54,0.0,0.0
2024-02-26 14:00:00+09:00,4640.0,4650.0,4615.0,4625.0,39,0.0,0.0
2024-02-27 09:00:00+09:00,4660.0,4660.0,4610.0,4645.0,607,0.0,0.0
2024-02-27 10:00:00+09:00,4610.0,4650.0,4610.0,4620.0,42,0.0,0.0
2024-02-27 11:00:00+09:00,4620.0,4650.0,4565.0,4630.0,2526,0.0,0.0
2024-02-27 12:00:00+09:00,4630.0,4630.0,4630.0,4630.0,33,0.0,0.0
2024-02-27 13:00:00+09:00,4625.0,4625.0,4605.0,4605.0,94,0.0,0.0
2024-02-27 14:00:00+09:00,4605.0,4605.0,4580.0,4605.0,1124,0.0,0.0
2024-02-28 09:00:00+09:00,4610.0,4610.0,4590.0,4605.0,997,0.0,0.0
2024-02-28 10:00:00+09:00,4600.0,4600.0,4555.0,4575.0,2778,0.0,0.0
2024-02-28 11:00:00+09:00,4575.0,4600.0,4570.0,4600.0,106,0.0,0.0
2024-02-28 12:00:00+09:00,4600.0,4600.0,4580.0,4600.0,43,0.0,0.0
2024-02-28 13:00:00+09:00,4600.0,4600.0,4600.0,4600.0,3,0.0,0.0
2024-02-28 14:00:00+09:00,4600.0,4600.0,4590.0,4600.0,124,0.0,0.0
2024-02-29 09:00:00+09:00,4520.0,4555.0,4520.0,4540.0,1566,0.0,0.0
2024-02-29 10:00:00+09:00,4545.0,4565.0,4535.0,4560.0,75,0.0,0.0
2024-02-29 11:00:00+09:00,4550.0,4565.0,4525.0,4550.0,883,0.0,0.0
2024-02-29 12:00:00+09:00,4565.0,4605.0,4550.0,4605.0,601,0.0,0.0
2024-02-29 13:00:00+09:00,4590.0,4590.0,4555.0,4590.0,1810,0.0,0.0
2024-02-29 14:00:00+09:00,4590.0,4650.0,4590.0,4590.0,442,0.0,0.0
2024-03-04 09:00:00+09:00,4690.0,4700.0,4560.0,4570.0,0,0.0,0.0
2024-03-04 10:00:00+09:00,4570.0,4610.0,4545.0,4590.0,1687,0.0,0.0
2024-03-04 11:00:00+09:00,4590.0,4595.0,4545.0,4580.0,264,0.0,0.0
2024-03-04 12:00:00+09:00,4600.0,4605.0,4590.0,4600.0,12,0.0,0.0
2024-03-04 13:00:00+09:00,4600.0,4600.0,4570.0,4570.0,705,0.0,0.0
2024-03-04 14:00:00+09:00,4600.0,4600.0,4585.0,4595.0,140,0.0,0.0
2024-03-05 09:00:00+09:00,4685.0,4685.0,4505.0,4510.0,2886,0.0,0.0
2024-03-05 10:00:00+09:00,4545.0,4550.0,4510.0,4545.0,134,0.0,0.0
2024-03-05 11:00:00+09:00,4545.0,4545.0,4545.0,4545.0,199,0.0,0.0
2024-03-05 12:00:00+09:00,4535.0,4555.0,4530.0,4530.0,277,0.0,0.0
2024-03-05 13:00:00+09:00,4560.0,4575.0,4530.0,4565.0,455,0.0,0.0
2024-03-05 14:00:00+09:00,4565.0,4570.0,4530.0,4565.0,785,0.0,0.0
2024-03-06 09:00:00+09:00,4520.0,4560.0,4520.0,4540.0,75,0.0,0.0
2024-03-06 10:00:00+09:00,4550.0,4560.0,4515.0,4530.0,318,0.0,0.0
2024-03-06 11:00:00+09:00,4530.0,4530.0,4520.0,4520.0,44,0.0,0.0
2024-03-06 12:00:00+09:00,4530.0,4550.0,4530.0,4550.0,107,0.0,0.0
2024-03-06 13:00:00+09:00,4550.0,4550.0,4515.0,4550.0,222,0.0,0.0
2024-03-06 14:00:00+09:00,4520.0,4550.0,4490.0,4490.0,496,0.0,0.0
2024-03-07 09:00:00+09:00,4500.0,4540.0,4400.0,4410.0,12963,0.0,0.0
2024-03-07 10:00:00+09:00,4445.0,4475.0,4445.0,4475.0,508,0.0,0.0
2024-03-07 11:00:00+09:00,4480.0,4490.0,4450.0,4490.0,254,0.0,0.0
2024-03-07 12:00:00+09:00,4490.0,4505.0,4445.0,4485.0,1090,0.0,0.0
2024-03-07 13:00:00+09:00,4485.0,4500.0,4445.0,4500.0,776,0.0,0.0
2024-03-07 14:00:00+09:00,4500.0,4525.0,4470.0,4515.0,321,0.0,0.0
2024-03-08 09:00:00+09:00,4510.0,4530.0,4460.0,4480.0,1845,0.0,0.0
2024-03-08 10:00:00+09:00,4480.0,4510.0,4440.0,4510.0,1198,0.0,0.0
2024-03-08 11:00:00+09:00,4515.0,4520.0,4510.0,4515.0,248,0.0,0.0
2024-03-08 12:00:00+09:00,4515.0,4520.0,4495.0,4510.0,315,0.0,0.0
2024-03-08 13:00:00+09:00,4505.0,4505.0,4485.0,4485.0,277,0.0,0.0
2024-03-08 14:00:00+09:00,4500.0,4500.0,4490.0,4500.0,89,0.0,0.0
2024-03-11 09:00:00+09:00,4500.0,4500.0,4410.0,4490.0,0,0.0,0.0
2024-03-11 10:00:00+09:00,4500.0,4500.0,4450.0,4475.0,435,0.0,0.0
2024-03-11 11:00:00+09:00,4485.0,4485.0,4465.0,4465.0,112,0.0,0.0
2024-03-11 12:00:00+09:00,4465.0,4485.0,4465.0,4465.0,408,0.0,0.0
2024-03-11 13:00:00+09:00,4465.0,4500.0,4465.0,4500.0,51,0.0,0.0
2024-03-11 14:00:00+09:00,4495.0,4500.0,4465.0,4500.0,426,0.0,0.0
2024-03-12 09:00:00+09:00,4540.0,4540.0,4485.0,4500.0,482,0.0,0.0
2024-03-12 10:00:00+09:00,4505.0,4510.0,4495.0,4495.0,82,0.0,0.0
2024-03-12 11:00:00+09:00,4510.0,4510.0,4400.0,4435.0,8662,0.0,0.0
2024-03-12 12:00:00+09:00,4445.0,4460.0,4410.0,4450.0,1402,0.0,0.0
2024-03-12 13:00:00+09:00,4450.0,4455.0,4415.0,4430.0,735,0.0,0.0
2024-03-12 14:00:00+09:00,4430.0,4465.0,4410.0,4435.0,3370,0.0,0.0
2024-03-13 09:00:00+09:00,4445.0,4445.0,4390.0,4390.0,3945,0.0,0.0
2024-03-13 10:00:00+09:00,4410.0,4425.0,4395.0,4415.0,1235,0.0,0.0
2024-03-13 11:00:00+09:00,4415.0,4420.0,4390.0,4405.0,3393,0.0,0.0
2024-03-13 12:00:00+09:00,4405.0,4420.0,4405.0,4420.0,88,0.0,0.0
2024-03-13 13:00:00+09:00,4415.0,4420.0,4405.0,4405.0,401,0.0,0.0
2024-03-13 14:00:00+09:00,4410.0,4415.0,4395.0,4410.0,486,0.0,0.0
2024-03-14 09:00:00+09:00,4425.0,4440.0,4405.0,4405.0,841,0.0,0.0
2024-03-14 10:00:00+09:00,4415.0,4415.0,4390.0,4395.0,1099,0.0,0.0
2024-03-14 11:00:00+09:00,4395.0,4405.0,4370.0,4390.0,4639,0.0,0.0
2024-03-14 12:00:00+09:00,4390.0,4410.0,4390.0,4405.0,1438,0.0,0.0
2024-03-14 13:00:00+09:00,4410.0,4420.0,4405.0,4420.0,5901,0.0,0.0
2024-03-14 14:00:00+09:00,4420.0,4420.0,4395.0,4410.0,62,0.0,0.0
2024-03-15 09:00:00+09:00,4420.0,4435.0,4385.0,4405.0,867,0.0,0.0
2024-03-15 10:00:00+09:00,4405.0,4420.0,4400.0,4420.0,634,0.0,0.0
2024-03-15 11:00:00+09:00,4420.0,4430.0,4420.0,4430.0,399,0.0,0.0
2024-03-15 12:00:00+09:00,4430.0,4475.0,4425.0,4450.0,505,0.0,0.0
2024-03-15 13:00:00+09:00,4450.0,4455.0,4420.0,4455.0,156,0.0,0.0
2024-03-15 14:00:00+09:00,4455.0,4460.0,4400.0,4405.0,3208,0.0,0.0
2024-03-18 09:00:00+09:00,4390.0,4400.0,4385.0,4390.0,0,0.0,0.0
2024-03-18 10:00:00+09:00,4390.0,4390.0,4385.0,4385.0,28,0.0,0.0
2024-03-18 11:00:00+09:00,4390.0,4400.0,4390.0,4400.0,282,0.0,0.0
2024-03-18 12:00:00+09:00,4400.0,4400.0,4390.0,4390.0,173,0.0,0.0
2024-03-18 13:00:00+09:00,4395.0,4395.0,4385.0,4390.0,732,0.0,0.0
2024-03-18 14:00:00+09:00,4390.0,4390.0,4370.0,4375.0,795,0.0,0.0
2024-03-19 09:00:00+09:00,4365.0,4405.0,4335.0,4365.0,1940,0.0,0.0
2024-03-19 10:00:00+09:00,4350.0,4365.0,4330.0,4335.0,409,0.0,0.0
2024-03-19 11:00:00+09:00,4360.0,4365.0,4305.0,4345.0,3670,0.0,0.0
2024-03-19 12:00:00+09:00,4345.0,4345.0,4310.0,4345.0,498,0.0,0.0
2024-03-19 13:00:00+09:00,4345.0,4350.0,4320.0,4340.0,160,0.0,0.0
2024-03-19 14:00:00+09:00,4335.0,4355.0,4315.0,4330.0,198,0.0,0.0
2024-03-20 09:00:00+09:00,4330.0,4345.0,4310.0,4345.0,2074,0.0,0.0
2024-03-20 10:00:00+09:00,4340.0,4340.0,4305.0,4330.0,291,0.0,0.0
2024-03-20 11:00:00+09:00,4320.0,4325.0,4265.0,4315.0,1316,0.0,0.0
2024-03-20 12:00:00+09:00,4310.0,4320.0,4285.0,4300.0,566,0.0,0.0
2024-03-20 13:00:00+09:00,4300.0,4310.0,4250.0,4285.0,1856,0.0,0.0
2024-03-20 14:00:00+09:00,4280.0,4290.0,4260.0,4270.0,682,0.0,0.0
2024-03-21 09:00:00+09:00,4260.0,4285.0,4210.0,4260.0,6791,0.0,0.0
2024-03-21 10:00:00+09:00,4265.0,4290.0,4255.0,4260.0,672,0.0,0.0
2024-03-21 11:00:00+09:00,4285.0,4295.0,4260.0,4265.0,852,0.0,0.0
2024-03-21 12:00:00+09:00,4265.0,4310.0,4260.0,4305.0,337,0.0,0.0
2024-03-21 13:00:00+09:00,4300.0,4315.0,4290.0,4300.0,670,0.0,0.0
2024-03-21 14:00:00+09:00,4305.0,4335.0,4225.0,4300.0,6732,0.0,0.0
2024-03-22 09:00:00+09:00,4315.0,4315.0,4300.0,4310.0,557,0.0,0.0
2024-03-22 10:00:00+09:00,4305.0,4305.0,4290.0,4295.0,216,0.0,0.0
2024-03-22 11:00:00+09:00,4295.0,4315.0,4280.0,4280.0,1055,0.0,0.0
2024-03-22 12:00:00+09:00,4285.0,4300.0,4265.0,4295.0,1547,0.0,0.0
2024-03-22 13:00:00+09:00,4295.0,4340.0,4285.0,4335.0,912,0.0,0.0
2024-03-22 14:00:00+09:00,4335.0,4350.0,4290.0,4300.0,1893,0.0,0.0
2024-03-25 09:00:00+09:00,4325.0,4385.0,4300.0,4315.0,0,0.0,0.0
2024-03-25 10:00:00+09:00,4320.0,4330.0,4295.0,4300.0,771,0.0,0.0
2024-03-25 11:00:00+09:00,4295.0,4320.0,4280.0,4305.0,1405,0.0,0.0
2024-03-25 12:00:00+09:00,4295.0,4295.0,4285.0,4295.0,339,0.0,0.0
2024-03-25 13:00:00+09:00,4295.0,4295.0,4245.0,4280.0,1849,0.0,0.0
2024-03-25 14:00:00+09:00,4275.0,4285.0,4255.0,4270.0,1465,0.0,0.0
2024-03-26 09:00:00+09:00,4285.0,4285.0,4250.0,4255.0,1811,0.0,0.0
2024-03-26 10:00:00+09:00,4255.0,4280.0,4250.0,4260.0,443,0.0,0.0
2024-03-26 11:00:00+09:00,4275.0,4280.0,4205.0,4220.0,5037,0.0,0.0
2024-03-26 12:00:00+09:00,4225.0,4235.0,4190.0,4225.0,1585,0.0,0.0
2024-03-26 13:00:00+09:00,4235.0,4235.0,4225.0,4235.0,67,0.0,0.0
2024-03-26 14:00:00+09:00,4235.0,4235.0,4220.0,4225.0,1943,0.0,0.0
2024-03-27 09:00:00+09:00,4195.0,4220.0,4175.0,4205.0,5348,0.0,0.0
2024-03-27 10:00:00+09:00,4205.0,4295.0,4205.0,4270.0,3109,0.0,0.0
2024-03-27 11:00:00+09:00,4270.0,4270.0,4210.0,4240.0,8475,0.0,0.0
2024-03-27 12:00:00+09:00,4235.0,4235.0,4175.0,4225.0,6440,0.0,0.0
2024-03-27 13:00:00+09:00,4225.0,4225.0,4170.0,4225.0,5035,0.0,0.0
2024-03-27 14:00:00+09:00,4205.0,4225.0,4160.0,4225.0,4082,0.0,0.0
2024-03-28 09:00:00+09:00,4240.0,4280.0,4240.0,4275.0,998,0.0,0.0
2024-03-28 10:00:00+09:00,4270.0,4270.0,4250.0,4265.0,262,0.0,0.0
2024-03-28 11:00:00+09:00,4270.0,4270.0,4240.0,4240.0,729,0.0,0.0
2024-03-28 12:00:00+09:00,4265.0,4265.0,4245.0,4245.0,130,0.0,0.0
2024-03-28 13:00:00+09:00,4245.0,4265.0,4245.0,4260.0,90,0.0,0.0
2024-03-28 14:00:00+09:00,4260.0,4275.0,4245.0,4270.0,1331,0.0,0.0
2024-03-29 09:00:00+09:00,4275.0,4280.0,4255.0,4280.0,1104,0.0,0.0
2024-03-29 10:00:00+09:00,4280.0,4285.0,4280.0,4285.0,398,0.0,0.0
2024-03-29 11:00:00+09:00,4285.0,4295.0,4285.0,4295.0,828,0.0,0.0
2024-03-29 12:00:00+09:00,4295.0,4375.0,4295.0,4360.0,4419,0.0,0.0
2024-03-29 13:00:00+09:00,4355.0,4360.0,4350.0,4360.0,1223,0.0,0.0
2024-03-29 14:00:00+09:00,4360.0,4385.0,4360.0,4385.0,2980,0.0,0.0
2024-04-01 09:00:00+09:00,4385.0,4420.0,4350.0,4375.0,0,0.0,0.0
2024-04-01 10:00:00+09:00,4375.0,4385.0,4330.0,4350.0,1046,0.0,0.0
2024-04-01 11:00:00+09:00,4345.0,4365.0,4315.0,4350.0,2673,0.0,0.0
2024-04-01 12:00:00+09:00,4345.0,4360.0,4310.0,4340.0,2649,0.0,0.0
2024-04-01 13:00:00+09:00,4340.0,4340.0,4305.0,4340.0,1573,0.0,0.0
2024-04-01 14:00:00+09:00,4330.0,4385.0,4315.0,4385.0,909,0.0,0.0
2024-04-02 09:00:00+09:00,4430.0,4490.0,4430.0,4470.0,6062,0.0,0.0
2024-04-02 10:00:00+09:00,4460.0,4460.0,4440.0,4460.0,2922,0.0,0.0
2024-04-02 11:00:00+09:00,4460.0,4460.0,4455.0,4455.0,1683,0.0,0.0
2024-04-02 12:00:00+09:00,4460.0,4460.0,4450.0,4455.0,673,0.0,0.0
2024-04-02 13:00:00+09:00,4450.0,4460.0,4425.0,4435.0,2859,0.0,0.0
2024-04-02 14:00:00+09:00,4435.0,4440.0,4400.0,4440.0,787,0.0,0.0
2024-04-03 09:00:00+09:00,4445.0,4445.0,4400.0,4430.0,884,0.0,0.0
2024-04-03 10:00:00+09:00,4400.0,4425.0,4385.0,4395.0,608,0.0,0.0
2024-04-03 11:00:00+09:00,4390.0,4415.0,4370.0,4415.0,981,0.0,0.0
2024-04-03 12:00:00+09:00,4415.0,4430.0,4415.0,4420.0,2183,0.0,0.0
2024-04-03 13:00:00+09:00,4420.0,4425.0,4400.0,4410.0,435,0.0,0.0
2024-04-03 14:00:00+09:00,4410.0,4430.0,4410.0,4425.0,733,0.0,0.0
2024-04-04 09:00:00+09:00,4410.0,4425.0,4375.0,4425.0,596,0.0,0.0
2024-04-04 10:00:00+09:00,4420.0,4425.0,4400.0,4425.0,2129,0.0,0.0
2024-04-04 11:00:00+09:00,4415.0,4430.0,4370.0,4425.0,1808,0.0,0.0
2024-04-04 13:00:00+09:00,4425.0,4425.0,4405.0,4425.0,106,0.0,0.0
2024-04-04 14:00:00+09:00,4425.0,4435.0,4425.0,4425.0,726,0.0,0.0
2024-04-05 09:00:00+09:00,4430.0,4445.0,4415.0,4415.0,1707,0.0,0.0
2024-04-05 10:00:00+09:00,4415.0,4415.0,4405.0,4405.0,2454,0.0,0.0
2024-04-05 11:00:00+09:00,4400.0,4410.0,4380.0,4410.0,1425,0.0,0.0
2024-04-05 12:00:00+09:00,4410.0,4410.0,4410.0,4410.0,0,0.0,0.0
2024-04-05 13:00:00+09:00,4405.0,4410.0,4395.0,4410.0,381,0.0,0.0
2024-04-05 14:00:00+09:00,4410.0,4410.0,4360.0,4405.0,2380,0.0,0.0
2024-04-08 09:00:00+09:00,4350.0,4350.0,4320.0,4325.0,0,0.0,0.0
2024-04-08 10:00:00+09:00,4325.0,4340.0,4325.0,4325.0,176,0.0,0.0
2024-04-08 11:00:00+09:00,4330.0,4330.0,4310.0,4320.0,929,0.0,0.0
2024-04-08 12:00:00+09:00,4320.0,4330.0,4315.0,4330.0,365,0.0,0.0
2024-04-08 13:00:00+09:00,4330.0,4335.0,4310.0,4335.0,1038,0.0,0.0
2024-04-08 14:00:00+09:00,4310.0,4340.0,4310.0,4340.0,2169,0.0,0.0
2024-04-09 09:00:00+09:00,4300.0,4340.0,4300.0,4335.0,1621,0.0,0.0
2024-04-09 10:00:00+09:00,4335.0,4350.0,4330.0,4350.0,1391,0.0,0.0
2024-04-09 11:00:00+09:00,4345.0,4350.0,4345.0,4345.0,324,0.0,0.0
2024-04-09 12:00:00+09:00,4345.0,4345.0,4345.0,4345.0,51,0.0,0.0
2024-04-09 13:00:00+09:00,4340.0,4340.0,4310.0,4340.0,448,0.0,0.0
2024-04-09 14:00:00+09:00,4340.0,4340.0,4340.0,4340.0,613,0.0,0.0
2024-04-11 09:00:00+09:00,4275.0,4320.0,4275.0,4320.0,0,0.0,0.0
2024-04-11 10:00:00+09:00,4320.0,4325.0,4315.0,4315.0,480,0.0,0.0
2024-04-11 12:00:00+09:00,4310.0,4315.0,4300.0,4315.0,187,0.0,0.0
2024-04-11 13:00:00+09:00,4315.0,4315.0,4310.0,4310.0,98,0.0,0.0
2024-04-11 14:00:00+09:00,4310.0,4315.0,4295.0,4310.0,225,0.0,0.0
2024-04-12 09:00:00+09:00,4295.0,4335.0,4295.0,4310.0,1932,0.0,0.0
2024-04-12 10:00:00+09:00,4310.0,4330.0,4305.0,4305.0,2282,0.0,0.0
2024-04-12 11:00:00+09:00,4330.0,4330.0,4320.0,4320.0,70,0.0,0.0
2024-04-12 12:00:00+09:00,4315.0,4320.0,4300.0,4320.0,279,0.0,0.0
2024-04-12 13:00:00+09:00,4320.0,4320.0,4320.0,4320.0,2049,0.0,0.0
2024-04-12 14:00:00+09:00,4315.0,4315.0,4315.0,4315.0,656,0.0,0.0
2024-04-15 09:00:00+09:00,4335.0,4335.0,4270.0,4295.0,0,0.0,0.0
2024-04-15 10:00:00+09:00,4290.0,4290.0,4250.0,4285.0,1693,0.0,0.0
2024-04-15 11:00:00+09:00,4290.0,4290.0,4230.0,4260.0,1246,0.0,0.0
2024-04-15 12:00:00+09:00,4260.0,4285.0,4260.0,4285.0,770,0.0,0.0
2024-04-15 13:00:00+09:00,4265.0,4285.0,4265.0,4275.0,0,0.0,0.0
2024-04-15 14:00:00+09:00,4280.0,4285.0,4260.0,4285.0,501,0.0,0.0
2024-04-16 09:00:00+09:00,4270.0,4285.0,4260.0,4280.0,1179,0.0,0.0
2024-04-16 10:00:00+09:00,4275.0,4280.0,4255.0,4280.0,661,0.0,0.0
2024-04-16 11:00:00+09:00,4255.0,4270.0,4255.0,4270.0,32,0.0,0.0
2024-04-16 12:00:00+09:00,4270.0,4270.0,4270.0,4270.0,1124,0.0,0.0
2024-04-16 13:00:00+09:00,4270.0,4270.0,4255.0,4255.0,397,0.0,0.0
2024-04-16 14:00:00+09:00,4250.0,4250.0,4250.0,4250.0,0,0.0,0.0
2024-04-17 09:00:00+09:00,4230.0,4265.0,4230.0,4265.0,1250,0.0,0.0
2024-04-17 10:00:00+09:00,4265.0,4265.0,4260.0,4265.0,693,0.0,0.0
2024-04-17 11:00:00+09:00,4240.0,4255.0,4235.0,4250.0,327,0.0,0.0
2024-04-17 12:00:00+09:00,4245.0,4250.0,4240.0,4250.0,22,0.0,0.0
2024-04-17 13:00:00+09:00,4250.0,4255.0,4250.0,4255.0,116,0.0,0.0
2024-04-17 14:00:00+09:00,4255.0,4255.0,4255.0,4255.0,24,0.0,0.0
2024-04-18 09:00:00+09:00,4230.0,4250.0,4225.0,4250.0,250,0.0,0.0
2024-04-18 10:00:00+09:00,4250.0,4265.0,4250.0,4265.0,3180,0.0,0.0
2024-04-18 11:00:00+09:00,4270.0,4300.0,4270.0,4275.0,2251,0.0,0.0
2024-04-18 12:00:00+09:00,4275.0,4315.0,4270.0,4315.0,907,0.0,0.0
2024-04-18 13:00:00+09:00,4320.0,4345.0,4315.0,4330.0,1215,0.0,0.0
2024-04-18 14:00:00+09:00,4310.0,4310.0,4295.0,4295.0,2000,0.0,0.0
2024-04-19 09:00:00+09:00,4315.0,4350.0,4315.0,4350.0,1298,0.0,0.0
2024-04-19 10:00:00+09:00,4350.0,4365.0,4325.0,4355.0,498,0.0,0.0
2024-04-19 11:00:00+09:00,4355.0,4355.0,4310.0,4335.0,683,0.0,0.0
2024-04-19 12:00:00+09:00,4340.0,4345.0,4275.0,4275.0,784,0.0,0.0
2024-04-19 13:00:00+09:00,4270.0,4330.0,4260.0,4330.0,588,0.0,0.0
2024-04-19 14:00:00+09:00,4330.0,4355.0,4330.0,4355.0,239,0.0,0.0
2024-04-22 09:00:00+09:00,4355.0,4355.0,4280.0,4310.0,0,0.0,0.0
2024-04-22 10:00:00+09:00,4310.0,4330.0,4295.0,4325.0,685,0.0,0.0
2024-04-22 11:00:00+09:00,4325.0,4330.0,4325.0,4330.0,84,0.0,0.0
2024-04-22 12:00:00+09:00,4335.0,4335.0,4310.0,4310.0,575,0.0,0.0
2024-04-22 13:00:00+09:00,4335.0,4335.0,4330.0,4335.0,0,0.0,0.0
2024-04-22 14:00:00+09:00,4325.0,4325.0,4285.0,4325.0,1135,0.0,0.0
2024-04-23 09:00:00+09:00,4305.0,4310.0,4160.0,4305.0,2592,0.0,0.0
2024-04-23 10:00:00+09:00,4305.0,4310.0,4300.0,4310.0,578,0.0,0.0
2024-04-23 11:00:00+09:00,4305.0,4310.0,4305.0,4310.0,706,0.0,0.0
2024-04-23 12:00:00+09:00,4305.0,4310.0,4300.0,4310.0,372,0.0,0.0
2024-04-23 13:00:00+09:00,4310.0,4310.0,4295.0,4310.0,349,0.0,0.0
2024-04-23 14:00:00+09:00,4310.0,4315.0,4310.0,4315.0,43,0.0,0.0
2024-04-24 09:00:00+09:00,4285.0,4300.0,4210.0,4270.0,1679,0.0,0.0
2024-04-24 10:00:00+09:00,4275.0,4295.0,4270.0,4295.0,265,0.0,0.0
2024-04-24 11:00:00+09:00,4295.0,4295.0,4270.0,4295.0,583,0.0,0.0
2024-04-24 12:00:00+09:00,4295.0,4300.0,4275.0,4290.0,541,0.0,0.0
2024-04-24 13:00:00+09:00,4285.0,4295.0,4280.0,4295.0,74,0.0,0.0
2024-04-24 14:00:00+09:00,4295.0,4300.0,4265.0,4290.0,886,0.0,0.0
2024-04-25 09:00:00+09:00,4260.0,4285.0,4260.0,4265.0,654,0.0,0.0
2024-04-25 10:00:00+09:00,4265.0,4265.0,4230.0,4265.0,2804,0.0,0.0
2024-04-25 11:00:00+09:00,4265.0,4265.0,4265.0,4265.0,244,0.0,0.0
2024-04-25 13:00:00+09:00,4255.0,4260.0,4250.0,4260.0,462,0.0,0.0
2024-04-25 14:00:00+09:00,4260.0,4260.0,4235.0,4260.0,361,0.0,0.0
2024-04-26 09:00:00+09:00,4280.0,4280.0,4230.0,4250.0,1500,0.0,0.0
2024-04-26 10:00:00+09:00,4250.0,4250.0,4225.0,4225.0,1559,0.0,0.0
2024-04-26 11:00:00+09:00,4225.0,4230.0,4220.0,4230.0,2510,0.0,0.0
2024-04-26 12:00:00+09:00,4230.0,4230.0,4220.0,4230.0,859,0.0,0.0
2024-04-26 13:00:00+09:00,4225.0,4230.0,4215.0,4230.0,1806,0.0,0.0
2024-04-26 14:00:00+09:00,4230.0,4230.0,4230.0,4230.0,530,0.0,0.0
2024-04-29 09:00:00+09:00,4210.0,4235.0,4200.0,4220.0,0,0.0,0.0
2024-04-29 10:00:00+09:00,4215.0,4235.0,4215.0,4235.0,1250,0.0,0.0
2024-04-29 11:00:00+09:00,4235.0,4245.0,4235.0,4245.0,3234,0.0,0.0
2024-04-29 12:00:00+09:00,4245.0,4245.0,4230.0,4230.0,0,0.0,0.0
2024-04-29 13:00:00+09:00,4230.0,4230.0,4225.0,4230.0,3095,0.0,0.0
2024-04-29 14:00:00+09:00,4230.0,4245.0,4230.0,4245.0,229,0.0,0.0
2024-04-30 09:00:00+09:00,4255.0,4255.0,4225.0,4230.0,2274,0.0,0.0
2024-04-30 10:00:00+09:00,4240.0,4240.0,4230.0,4240.0,188,0.0,0.0
2024-04-30 11:00:00+09:00,4235.0,4240.0,4225.0,4235.0,136,0.0,0.0
2024-04-30 12:00:00+09:00,4235.0,4245.0,4235.0,4245.0,858,0.0,0.0
2024-04-30 13:00:00+09:00,4245.0,4245.0,4240.0,4245.0,278,0.0,0.0
2024-04-30 14:00:00+09:00,4245.0,4245.0,4235.0,4235.0,304,0.0,0.0
2024-05-02 09:00:00+09:00,4240.0,4265.0,4240.0,4260.0,131,0.0,0.0
2024-05-02 10:00:00+09:00,4270.0,4270.0,4265.0,4270.0,2025,0.0,0.0
2024-05-02 11:00:00+09:00,4270.0,4375.0,4270.0,4375.0,4242,0.0,0.0
2024-05-02 12:00:00+09:00,4375.0,4385.0,4345.0,4350.0,2086,0.0,0.0
2024-05-02 13:00:00+09:00,4350.0,4365.0,4345.0,4365.0,1166,0.0,0.0
2024-05-02 14:00:00+09:00,4345.0,4350.0,4340.0,4340.0,215,0.0,0.0
2024-05-03 09:00:00+09:00,4330.0,4360.0,4310.0,4340.0,1927,0.0,0.0
2024-05-03 10:00:00+09:00,4340.0,4340.0,4330.0,4335.0,101,0.0,0.0
2024-05-03 11:00:00+09:00,4335.0,4340.0,4335.0,4340.0,79,0.0,0.0
2024-05-03 12:00:00+09:00,4335.0,4335.0,4335.0,4335.0,265,0.0,0.0
2024-05-03 13:00:00+09:00,4330.0,4340.0,4320.0,4340.0,439,0.0,0.0
2024-05-03 14:00:00+09:00,4335.0,4335.0,4335.0,4335.0,74,0.0,0.0
2024-05-07 09:00:00+09:00,4335.0,4335.0,4320.0,4335.0,0,0.0,0.0
2024-05-07 10:00:00+09:00,4335.0,4335.0,4320.0,4335.0,274,0.0,0.0
2024-05-07 11:00:00+09:00,4335.0,4335.0,4330.0,4335.0,1913,0.0,0.0
2024-05-07 12:00:00+09:00,4340.0,4340.0,4320.0,4340.0,1191,0.0,0.0
2024-05-07 13:00:00+09:00,4340.0,4340.0,4320.0,4340.0,912,0.0,0.0
2024-05-07 14:00:00+09:00,4345.0,4345.0,4340.0,4340.0,184,0.0,0.0
2024-05-08 09:00:00+09:00,4345.0,4345.0,4340.0,4345.0,807,0.0,0.0
2024-05-08 10:00:00+09:00,4345.0,4345.0,4340.0,4340.0,458,0.0,0.0
2024-05-08 11:00:00+09:00,4340.0,4340.0,4335.0,4340.0,83,0.0,0.0
2024-05-08 12:00:00+09:00,4335.0,4340.0,4300.0,4340.0,427,0.0,0.0
2024-05-08 13:00:00+09:00,4315.0,4335.0,4300.0,4335.0,733,0.0,0.0
2024-05-08 14:00:00+09:00,4335.0,4335.0,4335.0,4335.0,20,0.0,0.0
2024-05-09 09:00:00+09:00,4295.0,4330.0,4295.0,4330.0,1967,0.0,0.0
2024-05-09 10:00:00+09:00,4325.0,4325.0,4300.0,4300.0,1178,0.0,0.0
2024-05-09 11:00:00+09:00,4300.0,4300.0,4300.0,4300.0,257,0.0,0.0
2024-05-09 12:00:00+09:00,4300.0,4300.0,4290.0,4300.0,650,0.0,0.0
2024-05-09 13:00:00+09:00,4300.0,4300.0,4295.0,4300.0,1366,0.0,0.0
2024-05-09 14:00:00+09:00,4300.0,4300.0,4290.0,4290.0,51,0.0,0.0
2024-05-10 09:00:00+09:00,4280.0,4300.0,4280.0,4280.0,460,0.0,0.0
2024-05-10 10:00:00+09:00,4280.0,4290.0,4275.0,4290.0,800,0.0,0.0
2024-05-10 11:00:00+09:00,4285.0,4285.0,4280.0,4285.0,73,0.0,0.0
2024-05-10 12:00:00+09:00,4285.0,4285.0,4280.0,4280.0,1008,0.0,0.0
2024-05-10 13:00:00+09:00,4280.0,4280.0,4265.0,4265.0,3112,0.0,0.0
2024-05-10 14:00:00+09:00,4265.0,4280.0,4255.0,4280.0,894,0.0,0.0
2024-05-13 09:00:00+09:00,4250.0,4250.0,4240.0,4250.0,0,0.0,0.0
2024-05-13 10:00:00+09:00,4250.0,4250.0,4230.0,4230.0,851,0.0,0.0
2024-05-13 11:00:00+09:00,4230.0,4245.0,4230.0,4240.0,1365,0.0,0.0
2024-05-13 12:00:00+09:00,4240.0,4245.0,4220.0,4235.0,422,0.0,0.0
2024-05-13 13:00:00+09:00,4225.0,4240.0,4220.0,4240.0,138,0.0,0.0
2024-05-13 14:00:00+09:00,4235.0,4235.0,4235.0,4235.0,19,0.0,0.0
2024-05-14 09:00:00+09:00,4240.0,4240.0,4235.0,4240.0,3260,0.0,0.0
2024-05-14 10:00:00+09:00,4240.0,4240.0,4240.0,4240.0,999,0.0,0.0
2024-05-14 11:00:00+09:00,4240.0,4240.0,4200.0,4240.0,1521,0.0,0.0
2024-05-14 12:00:00+09:00,4240.0,4240.0,4240.0,4240.0,27,0.0,0.0
2024-05-14 13:00:00+09:00,4235.0,4240.0,4195.0,4230.0,1865,0.0,0.0
2024-05-14 14:00:00+09:00,4215.0,4225.0,4210.0,4220.0,483,0.0,0.0
2024-05-16 09:00:00+09:00,4195.0,4215.0,4195.0,4215.0,0,0.0,0.0
2024-05-16 10:00:00+09:00,4215.0,4215.0,4180.0,4190.0,2766,0.0,0.0
2024-05-16 11:00:00+09:00,4190.0,4210.0,4190.0,4205.0,343,0.0,0.0
2024-05-16 12:00:00+09:00,4200.0,4205.0,4190.0,4205.0,884,0.0,0.0
2024-05-16 13:00:00+09:00,4205.0,4205.0,4185.0,4185.0,1694,0.0,0.0
2024-05-16 14:00:00+09:00,4185.0,4190.0,4180.0,4190.0,606,0.0,0.0
2024-05-17 09:00:00+09:00,4150.0,4165.0,4110.0,4150.0,14775,0.0,0.0
2024-05-17 10:00:00+09:00,4155.0,4165.0,4155.0,4165.0,790,0.0,0.0
2024-05-17 11:00:00+09:00,4165.0,4170.0,4095.0,4120.0,7747,0.0,0.0
2024-05-17 12:00:00+09:00,4120.0,4150.0,4095.0,4100.0,2545,0.0,0.0
2024-05-17 13:00:00+09:00,4110.0,4160.0,4110.0,4135.0,1242,0.0,0.0
2024-05-17 14:00:00+09:00,4135.0,4160.0,4125.0,4160.0,803,0.0,0.0
2024-05-20 09:00:00+09:00,4195.0,4200.0,4180.0,4195.0,0,0.0,0.0
2024-05-20 10:00:00+09:00,4195.0,4195.0,4170.0,4180.0,218,0.0,0.0
2024-05-20 11:00:00+09:00,4180.0,4180.0,4160.0,4170.0,1379,0.0,0.0
2024-05-20 12:00:00+09:00,4170.0,4170.0,4155.0,4155.0,453,0.0,0.0
2024-05-20 13:00:00+09:00,4165.0,4170.0,4150.0,4155.0,1367,0.0,0.0
2024-05-20 14:00:00+09:00,4150.0,4170.0,4150.0,4150.0,333,0.0,0.0
2024-05-21 09:00:00+09:00,4150.0,4175.0,4140.0,4160.0,1447,0.0,0.0
2024-05-21 10:00:00+09:00,4160.0,4160.0,4140.0,4160.0,216,0.0,0.0
2024-05-21 12:00:00+09:00,4160.0,4160.0,4155.0,4155.0,6,0.0,0.0
2024-05-21 13:00:00+09:00,4155.0,4155.0,4135.0,4135.0,7432,0.0,0.0
2024-05-21 14:00:00+09:00,4135.0,4140.0,4130.0,4135.0,1755,0.0,0.0
2024-05-22 09:00:00+09:00,4105.0,4110.0,4100.0,4100.0,4528,0.0,0.0
2024-05-22 10:00:00+09:00,4100.0,4100.0,4095.0,4100.0,940,0.0,0.0
2024-05-22 11:00:00+09:00,4095.0,4095.0,4085.0,4090.0,1706,0.0,0.0
2024-05-22 12:00:00+09:00,4090.0,4090.0,4080.0,4085.0,979,0.0,0.0
2024-05-22 13:00:00+09:00,4080.0,4085.0,4080.0,4085.0,696,0.0,0.0
2024-05-22 14:00:00+09:00,4085.0,4090.0,4075.0,4090.0,428,0.0,0.0
2024-05-23 09:00:00+09:00,4100.0,4100.0,4080.0,4095.0,1270,0.0,0.0
2024-05-23 10:00:00+09:00,4090.0,4095.0,4070.0,4090.0,430,0.0,0.0
2024-05-23 11:00:00+09:00,4090.0,4095.0,4090.0,4090.0,904,0.0,0.0
2024-05-23 12:00:00+09:00,4090.0,4100.0,4090.0,4100.0,169,0.0,0.0
2024-05-23 13:00:00+09:00,4100.0,4100.0,4095.0,4100.0,740,0.0,0.0
2024-05-23 14:00:00+09:00,4095.0,4100.0,4095.0,4100.0,329,0.0,0.0
2024-05-24 09:00:00+09:00,4055.0,4110.0,4055.0,4105.0,850,0.0,0.0
2024-05-24 10:00:00+09:00,4105.0,4110.0,4100.0,4110.0,232,0.0,0.0
2024-05-24 11:00:00+09:00,4105.0,4110.0,4100.0,4110.0,163,0.0,0.0
2024-05-24 12:00:00+09:00,4110.0,4110.0,4110.0,4110.0,112,0.0,0.0
2024-05-24 13:00:00+09:00,4110.0,4110.0,4090.0,4110.0,442,0.0,0.0
2024-05-24 14:00:00+09:00,4110.0,4110.0,4055.0,4095.0,1019,0.0,0.0
2024-05-27 09:00:00+09:00,4075.0,4100.0,4075.0,4090.0,0,0.0,0.0
2024-05-27 10:00:00+09:00,4090.0,4090.0,4075.0,4075.0,901,0.0,0.0
2024-05-27 11:00:00+09:00,4070.0,4080.0,4030.0,4080.0,1731,0.0,0.0
2024-05-27 12:00:00+09:00,4065.0,4080.0,4065.0,4080.0,38,0.0,0.0
2024-05-27 13:00:00+09:00,4080.0,4085.0,4060.0,4060.0,860,0.0,0.0
2024-05-27 14:00:00+09:00,4085.0,4090.0,4050.0,4090.0,329,0.0,0.0
2024-05-28 09:00:00+09:00,4000.0,4065.0,4000.0,4015.0,2597,0.0,0.0
2024-05-28 10:00:00+09:00,4015.0,4040.0,4015.0,4025.0,963,0.0,0.0
2024-05-28 11:00:00+09:00,4020.0,4040.0,4005.0,4035.0,928,0.0,0.0
2024-05-28 12:00:00+09:00,4020.0,4040.0,4020.0,4040.0,108,0.0,0.0
2024-05-28 13:00:00+09:00,4035.0,4040.0,4010.0,4040.0,769,0.0,0.0
2024-05-28 14:00:00+09:00,4040.0,4065.0,4040.0,4065.0,289,0.0,0.0
2024-05-29 09:00:00+09:00,4070.0,4085.0,4070.0,4085.0,1471,0.0,0.0
2024-05-29 10:00:00+09:00,4075.0,4085.0,4075.0,4080.0,53,0.0,0.0
2024-05-29 11:00:00+09:00,4080.0,4080.0,4065.0,4065.0,380,0.0,0.0
2024-05-29 12:00:00+09:00,4075.0,4075.0,4065.0,4075.0,159,0.0,0.0
2024-05-29 13:00:00+09:00,4075.0,4075.0,4075.0,4075.0,54,0.0,0.0
2024-05-29 14:00:00+09:00,4075.0,4080.0,4060.0,4060.0,822,0.0,0.0
2024-05-30 09:00:00+09:00,4060.0,4070.0,4025.0,4070.0,3154,0.0,0.0
2024-05-30 10:00:00+09:00,4070.0,4070.0,4060.0,4070.0,311,0.0,0.0
2024-05-30 11:00:00+09:00,4070.0,4085.0,4070.0,4085.0,371,0.0,0.0
2024-05-30 12:00:00+09:00,4080.0,4085.0,4080.0,4085.0,657,0.0,0.0
2024-05-30 13:00:00+09:00,4085.0,4085.0,4070.0,4070.0,85,0.0,0.0
2024-05-30 14:00:00+09:00,4085.0,4085.0,4075.0,4080.0,136,0.0,0.0
2024-05-31 09:00:00+09:00,4065.0,4065.0,4045.0,4065.0,3308,0.0,0.0
2024-05-31 10:00:00+09:00,4065.0,4075.0,4065.0,4075.0,527,0.0,0.0
2024-05-31 11:00:00+09:00,4080.0,4090.0,4080.0,4090.0,84,0.0,0.0
2024-05-31 12:00:00+09:00,4090.0,4115.0,4085.0,4115.0,1108,0.0,0.0
2024-05-31 13:00:00+09:00,4090.0,4140.0,4075.0,4140.0,872,0.0,0.0
2024-05-31 14:00:00+09:00,4140.0,4180.0,4115.0,4180.0,2950,0.0,0.0
2024-06-03 09:00:00+09:00,4080.0,4135.0,4035.0,4125.0,0,0.0,0.0
2024-06-03 10:00:00+09:00,4120.0,4250.0,4120.0,4225.0,2505,0.0,0.0
2024-06-03 11:00:00+09:00,4220.0,4235.0,4200.0,4215.0,1405,0.0,0.0
2024-06-03 12:00:00+09:00,4215.0,4220.0,4150.0,4185.0,1114,0.0,0.0
2024-06-03 13:00:00+09:00,4180.0,4230.0,4180.0,4230.0,886,0.0,0.0
2024-06-03 14:00:00+09:00,4230.0,4230.0,4195.0,4195.0,1066,0.0,0.0
2024-06-04 09:00:00+09:00,4165.0,4165.0,4110.0,4145.0,2278,0.0,0.0
2024-06-04 10:00:00+09:00,4145.0,4150.0,4140.0,4145.0,137,0.0,0.0
2024-06-04 11:00:00+09:00,4150.0,4170.0,4150.0,4170.0,499,0.0,0.0
2024-06-04 12:00:00+09:00,4165.0,4180.0,4165.0,4175.0,667,0.0,0.0
2024-06-04 13:00:00+09:00,4175.0,4190.0,4175.0,4190.0,619,0.0,0.0
2024-06-04 14:00:00+09:00,4180.0,4190.0,4165.0,4185.0,320,0.0,0.0
2024-06-05 09:00:00+09:00,4135.0,4165.0,4135.0,4150.0,101,0.0,0.0
2024-06-05 10:00:00+09:00,4150.0,4150.0,4100.0,4150.0,418,0.0,0.0
2024-06-05 11:00:00+09:00,4145.0,4145.0,4145.0,4145.0,0,0.0,0.0
2024-06-05 12:00:00+09:00,4140.0,4140.0,4135.0,4140.0,36,0.0,0.0
2024-06-05 13:00:00+09:00,4140.0,4145.0,4140.0,4145.0,60,0.0,0.0
2024-06-05 14:00:00+09:00,4145.0,4145.0,4115.0,4145.0,229,0.0,0.0
2024-06-07 09:00:00+09:00,4085.0,4115.0,4085.0,4115.0,0,0.0,0.0
2024-06-07 10:00:00+09:00,4115.0,4115.0,4090.0,4110.0,1145,0.0,0.0
2024-06-07 11:00:00+09:00,4100.0,4100.0,4095.0,4100.0,2144,0.0,0.0
2024-06-07 12:00:00+09:00,4100.0,4110.0,4100.0,4110.0,826,0.0,0.0
2024-06-07 13:00:00+09:00,4110.0,4110.0,4105.0,4110.0,92,0.0,0.0
2024-06-07 14:00:00+09:00,4105.0,4110.0,4095.0,4100.0,832,0.0,0.0
2024-06-10 09:00:00+09:00,4100.0,4105.0,4075.0,4100.0,0,0.0,0.0
2024-06-10 10:00:00+09:00,4100.0,4105.0,4060.0,4100.0,390,0.0,0.0
2024-06-10 11:00:00+09:00,4100.0,4105.0,4100.0,4105.0,495,0.0,0.0
2024-06-10 12:00:00+09:00,4100.0,4100.0,4085.0,4090.0,307,0.0,0.0
2024-06-10 13:00:00+09:00,4095.0,4095.0,4090.0,4090.0,12,0.0,0.0
2024-06-10 14:00:00+09:00,4090.0,4095.0,4090.0,4095.0,147,0.0,0.0
2024-06-11 09:00:00+09:00,4065.0,4065.0,4030.0,4045.0,7758,0.0,0.0
2024-06-11 10:00:00+09:00,4045.0,4045.0,4000.0,4025.0,2751,0.0,0.0
2024-06-11 11:00:00+09:00,4025.0,4030.0,4000.0,4025.0,2234,0.0,0.0
2024-06-11 12:00:00+09:00,4010.0,4035.0,3985.0,4025.0,4987,0.0,0.0
2024-06-11 13:00:00+09:00,4025.0,4025.0,4005.0,4005.0,271,0.0,0.0
2024-06-11 14:00:00+09:00,4005.0,4025.0,3980.0,4020.0,2427,0.0,0.0
2024-06-12 09:00:00+09:00,4020.0,4025.0,4015.0,4020.0,909,0.0,0.0
2024-06-12 10:00:00+09:00,4020.0,4020.0,3990.0,4015.0,568,0.0,0.0
2024-06-12 11:00:00+09:00,4000.0,4020.0,3990.0,4020.0,134,0.0,0.0
2024-06-12 12:00:00+09:00,4020.0,4020.0,3985.0,4020.0,893,0.0,0.0
2024-06-12 13:00:00+09:00,4020.0,4020.0,4020.0,4020.0,65,0.0,0.0
2024-06-12 14:00:00+09:00,4015.0,4020.0,3975.0,4015.0,2942,0.0,0.0
2024-06-13 09:00:00+09:00,4000.0,4000.0,3940.0,3960.0,13976,0.0,0.0
2024-06-13 10:00:00+09:00,3960.0,3960.0,3930.0,3945.0,4678,0.0,0.0
2024-06-13 11:00:00+09:00,3945.0,3950.0,3930.0,3940.0,1627,0.0,0.0
2024-06-13 12:00:00+09:00,3940.0,4000.0,3940.0,4000.0,1867,0.0,0.0
2024-06-13 13:00:00+09:00,4000.0,4000.0,3990.0,3995.0,852,0.0,0.0
2024-06-13 14:00:00+09:00,3995.0,4000.0,3975.0,4000.0,730,0.0,0.0
2024-06-14 09:00:00+09:00,3950.0,3985.0,3925.0,3985.0,2482,0.0,0.0
2024-06-14 10:00:00+09:00,3985.0,3985.0,3985.0,3985.0,3,0.0,0.0
2024-06-14 11:00:00+09:00,3985.0,3985.0,3960.0,3980.0,329,0.0,0.0
2024-06-14 12:00:00+09:00,3960.0,3980.0,3945.0,3980.0,951,0.0,0.0
2024-06-14 13:00:00+09:00,3945.0,3975.0,3940.0,3975.0,254,0.0,0.0
2024-06-14 14:00:00+09:00,3955.0,3980.0,3940.0,3940.0,732,0.0,0.0
2024-06-17 09:00:00+09:00,3950.0,4015.0,3945.0,4015.0,0,0.0,0.0
2024-06-17 10:00:00+09:00,4015.0,4020.0,3985.0,4010.0,474,0.0,0.0
2024-06-17 11:00:00+09:00,4010.0,4010.0,3975.0,4010.0,1024,0.0,0.0
2024-06-17 12:00:00+09:00,4010.0,4010.0,4010.0,4010.0,9,0.0,0.0
2024-06-17 14:00:00+09:00,4005.0,4005.0,4000.0,4000.0,1001,0.0,0.0
2024-06-18 09:00:00+09:00,3990.0,4020.0,3990.0,4015.0,298,0.0,0.0
2024-06-18 10:00:00+09:00,4015.0,4020.0,4010.0,4015.0,640,0.0,0.0
2024-06-18 11:00:00+09:00,4015.0,4015.0,4015.0,4015.0,51,0.0,0.0
2024-06-18 12:00:00+09:00,4010.0,4010.0,3990.0,3990.0,824,0.0,0.0
2024-06-18 13:00:00+09:00,3990.0,3990.0,3970.0,3980.0,389,0.0,0.0
2024-06-18 14:00:00+09:00,3980.0,4010.0,3965.0,4010.0,2980,0.0,0.0
2024-06-19 09:00:00+09:00,3995.0,4010.0,3970.0,4000.0,334,0.0,0.0
2024-06-19 10:00:00+09:00,4000.0,4000.0,3975.0,4000.0,378,0.0,0.0
2024-06-19 11:00:00+09:00,4000.0,4000.0,4000.0,4000.0,9,0.0,0.0
2024-06-19 12:00:00+09:00,3995.0,4000.0,3950.0,3965.0,1693,0.0,0.0
2024-06-19 13:00:00+09:00,3960.0,3965.0,3935.0,3960.0,2954,0.0,0.0
2024-06-19 14:00:00+09:00,3950.0,3965.0,3935.0,3965.0,678,0.0,0.0
2024-06-20 09:00:00+09:00,3925.0,3965.0,3925.0,3960.0,1708,0.0,0.0
2024-06-20 10:00:00+09:00,3960.0,3960.0,3955.0,3960.0,191,0.0,0.0
2024-06-20 11:00:00+09:00,3955.0,3955.0,3925.0,3940.0,1019,0.0,0.0
2024-06-20 12:00:00+09:00,3940.0,3955.0,3940.0,3955.0,0,0.0,0.0
2024-06-20 13:00:00+09:00,3955.0,3955.0,3940.0,3955.0,1209,0.0,0.0
2024-06-20 14:00:00+09:00,3940.0,3945.0,3925.0,3945.0,1483,0.0,0.0
2024-06-21 09:00:00+09:00,3915.0,3915.0,3895.0,3915.0,980,0.0,0.0
2024-06-21 10:00:00+09:00,3915.0,3915.0,3895.0,3910.0,446,0.0,0.0
2024-06-21 11:00:00+09:00,3905.0,3915.0,3895.0,3915.0,1127,0.0,0.0
2024-06-21 12:00:00+09:00,3915.0,3915.0,3915.0,3915.0,27,0.0,0.0
2024-06-21 13:00:00+09:00,3915.0,3915.0,3905.0,3915.0,57,0.0,0.0
2024-06-21 14:00:00+09:00,3910.0,3915.0,3910.0,3915.0,2,0.0,0.0
2024-06-24 09:00:00+09:00,3915.0,3915.0,3885.0,3900.0,0,0.0,0.0
2024-06-24 10:00:00+09:00,3885.0,3900.0,3885.0,3900.0,1009,0.0,0.0
2024-06-24 11:00:00+09:00,3900.0,3910.0,3880.0,3910.0,554,0.0,0.0
2024-06-24 12:00:00+09:00,3910.0,3915.0,3865.0,3890.0,2319,0.0,0.0
2024-06-24 13:00:00+09:00,3890.0,3900.0,3865.0,3900.0,135,0.0,0.0
2024-06-24 14:00:00+09:00,3900.0,3905.0,3900.0,3900.0,2187,0.0,0.0
2024-06-25 09:00:00+09:00,3905.0,3905.0,3870.0,3900.0,605,0.0,0.0
2024-06-25 10:00:00+09:00,3895.0,3900.0,3890.0,3900.0,72,0.0,0.0
2024-06-25 11:00:00+09:00,3900.0,3900.0,3900.0,3900.0,715,0.0,0.0
2024-06-25 12:00:00+09:00,3900.0,3900.0,3900.0,3900.0,0,0.0,0.0
2024-06-25 13:00:00+09:00,3900.0,3900.0,3900.0,3900.0,2,0.0,0.0
2024-06-25 14:00:00+09:00,3890.0,3890.0,3870.0,3890.0,634,0.0,0.0
2024-06-26 09:00:00+09:00,3860.0,3865.0,3850.0,3865.0,1554,0.0,0.0
2024-06-26 10:00:00+09:00,3865.0,3895.0,3860.0,3895.0,575,0.0,0.0
2024-06-26 11:00:00+09:00,3890.0,3905.0,3890.0,3905.0,99,0.0,0.0
2024-06-26 13:00:00+09:00,3885.0,3895.0,3865.0,3890.0,87,0.0,0.0
2024-06-26 14:00:00+09:00,3895.0,3900.0,3870.0,3900.0,128,0.0,0.0
2024-06-27 09:00:00+09:00,3950.0,3950.0,3930.0,3930.0,588,0.0,0.0
2024-06-27 10:00:00+09:00,3930.0,3935.0,3910.0,3925.0,1029,0.0,0.0
2024-06-27 12:00:00+09:00,3920.0,3925.0,3920.0,3925.0,84,0.0,0.0
2024-06-27 13:00:00+09:00,3920.0,3920.0,3920.0,3920.0,39,0.0,0.0
2024-06-27 14:00:00+09:00,3920.0,3920.0,3920.0,3920.0,1,0.0,0.0
2024-06-28 09:00:00+09:00,3920.0,3920.0,3910.0,3915.0,1823,0.0,0.0
2024-06-28 10:00:00+09:00,3915.0,3940.0,3910.0,3935.0,1514,0.0,0.0
2024-06-28 11:00:00+09:00,3935.0,3935.0,3935.0,3935.0,92,0.0,0.0
2024-06-28 12:00:00+09:00,3940.0,3945.0,3915.0,3945.0,588,0.0,0.0
2024-06-28 13:00:00+09:00,3945.0,3945.0,3945.0,3945.0,1330,0.0,0.0
2024-06-28 14:00:00+09:00,3945.0,3945.0,3935.0,3935.0,0,0.0,0.0
2024-07-01 09:00:00+09:00,3965.0,3970.0,3960.0,3960.0,0,0.0,0.0
2024-07-01 10:00:00+09:00,3960.0,3990.0,3950.0,3955.0,619,0.0,0.0
2024-07-01 11:00:00+09:00,3955.0,3955.0,3950.0,3955.0,232,0.0,0.0
2024-07-01 12:00:00+09:00,3950.0,3955.0,3925.0,3925.0,328,0.0,0.0
2024-07-01 13:00:00+09:00,3940.0,3940.0,3880.0,3940.0,420,0.0,0.0
2024-07-01 14:00:00+09:00,3940.0,3945.0,3940.0,3940.0,41,0.0,0.0
2024-07-02 09:00:00+09:00,3860.0,3910.0,3860.0,3905.0,1363,0.0,0.0
2024-07-02 10:00:00+09:00,3905.0,3905.0,3900.0,3905.0,93,0.0,0.0
2024-07-02 11:00:00+09:00,3900.0,3900.0,3895.0,3900.0,280,0.0,0.0
2024-07-02 12:00:00+09:00,3900.0,3900.0,3885.0,3890.0,67,0.0,0.0
2024-07-02 13:00:00+09:00,3885.0,3890.0,3885.0,3890.0,586,0.0,0.0
2024-07-02 14:00:00+09:00,3885.0,3890.0,3885.0,3885.0,204,0.0,0.0
2024-07-03 09:00:00+09:00,3880.0,3880.0,3875.0,3875.0,345,0.0,0.0
2024-07-03 10:00:00+09:00,3870.0,3880.0,3835.0,3870.0,1052,0.0,0.0
2024-07-03 11:00:00+09:00,3875.0,3875.0,3870.0,3875.0,284,0.0,0.0
2024-07-03 12:00:00+09:00,3875.0,3875.0,3870.0,3870.0,138,0.0,0.0
2024-07-03 13:00:00+09:00,3865.0,3870.0,3805.0,3830.0,3307,0.0,0.0
2024-07-03 14:00:00+09:00,3805.0,3840.0,3800.0,3820.0,3771,0.0,0.0
2024-07-04 09:00:00+09:00,3705.0,3790.0,3680.0,3750.0,4358,0.0,0.0
2024-07-04 10:00:00+09:00,3745.0,3750.0,3735.0,3740.0,788,0.0,0.0
2024-07-04 11:00:00+09:00,3740.0,3810.0,3670.0,3810.0,967,0.0,0.0
2024-07-04 12:00:00+09:00,3810.0,3895.0,3690.0,3720.0,3060,0.0,0.0
2024-07-04 13:00:00+09:00,3700.0,3725.0,3690.0,3725.0,1081,0.0,0.0
2024-07-04 14:00:00+09:00,3725.0,3725.0,3690.0,3710.0,679,0.0,0.0
2024-07-05 09:00:00+09:00,3750.0,3780.0,3730.0,3780.0,1116,0.0,0.0
2024-07-05 10:00:00+09:00,3775.0,3775.0,3760.0,3760.0,767,0.0,0.0
2024-07-05 11:00:00+09:00,3755.0,3765.0,3755.0,3765.0,7,0.0,0.0
2024-07-05 12:00:00+09:00,3770.0,3770.0,3770.0,3770.0,5,0.0,0.0
2024-07-05 13:00:00+09:00,3765.0,3765.0,3720.0,3750.0,441,0.0,0.0
2024-07-05 14:00:00+09:00,3740.0,3750.0,3720.0,3750.0,137,0.0,0.0
2024-07-08 09:00:00+09:00,3705.0,3740.0,3705.0,3720.0,0,0.0,0.0
2024-07-08 10:00:00+09:00,3720.0,3730.0,3705.0,3730.0,1071,0.0,0.0
2024-07-08 11:00:00+09:00,3730.0,3730.0,3710.0,3710.0,71,0.0,0.0
2024-07-08 12:00:00+09:00,3730.0,3730.0,3705.0,3730.0,340,0.0,0.0
2024-07-08 13:00:00+09:00,3730.0,3740.0,3730.0,3740.0,235,0.0,0.0
2024-07-08 14:00:00+09:00,3740.0,3800.0,3740.0,3795.0,562,0.0,0.0
2024-07-09 09:00:00+09:00,3795.0,3805.0,3755.0,3785.0,1143,0.0,0.0
2024-07-09 10:00:00+09:00,3785.0,3795.0,3780.0,3795.0,1349,0.0,0.0
2024-07-09 11:00:00+09:00,3795.0,3795.0,3750.0,3780.0,311,0.0,0.0
2024-07-09 12:00:00+09:00,3780.0,3780.0,3780.0,3780.0,0,0.0,0.0
2024-07-09 13:00:00+09:00,3785.0,3785.0,3780.0,3780.0,7,0.0,0.0
2024-07-09 14:00:00+09:00,3775.0,3780.0,3775.0,3780.0,281,0.0,0.0
2024-07-10 09:00:00+09:00,3780.0,3785.0,3665.0,3785.0,2319,0.0,0.0
2024-07-10 10:00:00+09:00,3785.0,3785.0,3780.0,3785.0,306,0.0,0.0
2024-07-10 11:00:00+09:00,3785.0,3785.0,3780.0,3780.0,120,0.0,0.0
2024-07-10 12:00:00+09:00,3775.0,3785.0,3685.0,3785.0,218,0.0,0.0
2024-07-10 13:00:00+09:00,3785.0,3785.0,3780.0,3780.0,1066,0.0,0.0
2024-07-10 14:00:00+09:00,3780.0,3780.0,3780.0,3780.0,154,0.0,0.0
2024-07-11 09:00:00+09:00,3800.0,3800.0,3800.0,3800.0,806,0.0,0.0
2024-07-11 10:00:00+09:00,3800.0,3800.0,3770.0,3795.0,753,0.0,0.0
2024-07-11 11:00:00+09:00,3790.0,3795.0,3770.0,3795.0,145,0.0,0.0
2024-07-11 12:00:00+09:00,3770.0,3790.0,3750.0,3790.0,311,0.0,0.0
2024-07-11 13:00:00+09:00,3790.0,3790.0,3775.0,3790.0,21,0.0,0.0
2024-07-11 14:00:00+09:00,3775.0,3790.0,3765.0,3790.0,39,0.0,0.0
2024-07-12 09:00:00+09:00,3795.0,3810.0,3795.0,3810.0,1340,0.0,0.0
2024-07-12 10:00:00+09:00,3810.0,3810.0,3780.0,3810.0,295,0.0,0.0
2024-07-12 11:00:00+09:00,3810.0,3810.0,3805.0,3805.0,4,0.0,0.0
2024-07-12 12:00:00+09:00,3800.0,3805.0,3800.0,3805.0,204,0.0,0.0
2024-07-12 13:00:00+09:00,3800.0,3820.0,3800.0,3820.0,5292,0.0,0.0
2024-07-12 14:00:00+09:00,3815.0,3825.0,3775.0,3805.0,1358,0.0,0.0
2024-07-15 09:00:00+09:00,3775.0,3805.0,3775.0,3805.0,0,0.0,0.0
2024-07-15 10:00:00+09:00,3775.0,3805.0,3715.0,3780.0,711,0.0,0.0
2024-07-15 11:00:00+09:00,3780.0,3780.0,3775.0,3780.0,50,0.0,0.0
2024-07-15 12:00:00+09:00,3785.0,3785.0,3785.0,3785.0,3,0.0,0.0
2024-07-15 13:00:00+09:00,3785.0,3790.0,3780.0,3790.0,204,0.0,0.0
2024-07-15 14:00:00+09:00,3790.0,3795.0,3780.0,3795.0,609,0.0,0.0
2024-07-16 09:00:00+09:00,3765.0,3835.0,3755.0,3800.0,4220,0.0,0.0
2024-07-16 10:00:00+09:00,3795.0,3805.0,3765.0,3795.0,414,0.0,0.0
2024-07-16 11:00:00+09:00,3790.0,3800.0,3785.0,3800.0,123,0.0,0.0
2024-07-16 12:00:00+09:00,3795.0,3800.0,3785.0,3800.0,586,0.0,0.0
2024-07-16 13:00:00+09:00,3800.0,3800.0,3755.0,3755.0,2985,0.0,0.0
2024-07-16 14:00:00+09:00,3755.0,3780.0,3755.0,3780.0,808,0.0,0.0
2024-07-17 09:00:00+09:00,3775.0,3830.0,3775.0,3810.0,659,0.0,0.0
2024-07-17 10:00:00+09:00,3810.0,3850.0,3810.0,3850.0,1598,0.0,0.0
2024-07-17 11:00:00+09:00,3850.0,3855.0,3850.0,3855.0,9,0.0,0.0
2024-07-17 12:00:00+09:00,3850.0,3850.0,3845.0,3845.0,6,0.0,0.0
2024-07-17 14:00:00+09:00,3835.0,3845.0,3830.0,3840.0,154,0.0,0.0
2024-07-18 09:00:00+09:00,3820.0,3820.0,3795.0,3815.0,2482,0.0,0.0
2024-07-18 10:00:00+09:00,3810.0,3815.0,3810.0,3815.0,14,0.0,0.0
2024-07-18 11:00:00+09:00,3810.0,3810.0,3800.0,3805.0,27,0.0,0.0
2024-07-18 12:00:00+09:00,3805.0,3810.0,3785.0,3790.0,288,0.0,0.0
2024-07-18 13:00:00+09:00,3790.0,3790.0,3715.0,3770.0,2670,0.0,0.0
2024-07-18 14:00:00+09:00,3770.0,3805.0,3755.0,3805.0,2858,0.0,0.0
2024-07-19 09:00:00+09:00,3800.0,3825.0,3790.0,3825.0,1509,0.0,0.0
2024-07-19 10:00:00+09:00,3825.0,3825.0,3795.0,3825.0,136,0.0,0.0
2024-07-19 11:00:00+09:00,3800.0,3820.0,3800.0,3820.0,2,0.0,0.0
2024-07-19 12:00:00+09:00,3810.0,3815.0,3810.0,3815.0,151,0.0,0.0
2024-07-19 13:00:00+09:00,3795.0,3815.0,3795.0,3815.0,90,0.0,0.0
2024-07-19 14:00:00+09:00,3815.0,3815.0,3815.0,3815.0,11,0.0,0.0
2024-07-22 09:00:00+09:00,3790.0,3800.0,3790.0,3800.0,0,0.0,0.0
2024-07-22 10:00:00+09:00,3805.0,3805.0,3790.0,3790.0,220,0.0,0.0
2024-07-22 11:00:00+09:00,3790.0,3810.0,3790.0,3810.0,353,0.0,0.0
2024-07-22 12:00:00+09:00,3810.0,3935.0,3785.0,3825.0,1897,0.0,0.0
2024-07-22 13:00:00+09:00,3820.0,3820.0,3815.0,3820.0,214,0.0,0.0
2024-07-22 14:00:00+09:00,3820.0,3860.0,3805.0,3860.0,1256,0.0,0.0
2024-07-23 09:00:00+09:00,3825.0,3860.0,3825.0,3855.0,248,0.0,0.0
2024-07-23 10:00:00+09:00,3855.0,3860.0,3850.0,3860.0,67,0.0,0.0
2024-07-23 11:00:00+09:00,3845.0,3850.0,3820.0,3850.0,70,0.0,0.0
2024-07-23 12:00:00+09:00,3840.0,3850.0,3840.0,3850.0,0,0.0,0.0
2024-07-23 13:00:00+09:00,3845.0,3880.0,3805.0,3880.0,2539,0.0,0.0
2024-07-23 14:00:00+09:00,3885.0,3895.0,3870.0,3890.0,605,0.0,0.0
2024-07-24 09:00:00+09:00,3860.0,3885.0,3845.0,3885.0,222,0.0,0.0
2024-07-24 10:00:00+09:00,3880.0,3885.0,3875.0,3885.0,1037,0.0,0.0
2024-07-24 11:00:00+09:00,3885.0,3885.0,3885.0,3885.0,21,0.0,0.0
2024-07-24 12:00:00+09:00,3885.0,3885.0,3885.0,3885.0,559,0.0,0.0
2024-07-24 13:00:00+09:00,3885.0,3885.0,3885.0,3885.0,30,0.0,0.0
2024-07-24 14:00:00+09:00,3880.0,3885.0,3865.0,3885.0,65,0.0,0.0
2024-07-25 09:00:00+09:00,3890.0,3890.0,3880.0,3880.0,2252,0.0,0.0
2024-07-25 10:00:00+09:00,3885.0,3885.0,3860.0,3860.0,247,0.0,0.0
2024-07-25 11:00:00+09:00,3860.0,3885.0,3860.0,3885.0,288,0.0,0.0
2024-07-25 12:00:00+09:00,3885.0,3890.0,3885.0,3885.0,683,0.0,0.0
2024-07-25 13:00:00+09:00,3880.0,3880.0,3880.0,3880.0,0,0.0,0.0
2024-07-25 14:00:00+09:00,3885.0,3885.0,3865.0,3885.0,88,0.0,0.0
2024-07-26 09:00:00+09:00,3910.0,3910.0,3905.0,3910.0,326,0.0,0.0
2024-07-26 10:00:00+09:00,3915.0,3915.0,3905.0,3915.0,44,0.0,0.0
2024-07-26 11:00:00+09:00,3915.0,3925.0,3910.0,3925.0,1948,0.0,0.0
2024-07-26 12:00:00+09:00,3920.0,3925.0,3895.0,3895.0,157,0.0,0.0
2024-07-26 13:00:00+09:00,3900.0,3925.0,3895.0,3895.0,13,0.0,0.0
2024-07-26 14:00:00+09:00,3895.0,3925.0,3895.0,3925.0,1117,0.0,0.0
2024-07-29 09:00:00+09:00,3915.0,3925.0,3720.0,3890.0,0,0.0,0.0
2024-07-29 10:00:00+09:00,3890.0,3930.0,3890.0,3930.0,1337,0.0,0.0
2024-07-29 11:00:00+09:00,3925.0,3925.0,3920.0,3920.0,270,0.0,0.0
2024-07-29 12:00:00+09:00,3920.0,3930.0,3920.0,3930.0,28,0.0,0.0
2024-07-29 13:00:00+09:00,3930.0,3935.0,3930.0,3935.0,507,0.0,0.0
2024-07-29 14:00:00+09:00,3925.0,3925.0,3920.0,3920.0,0,0.0,0.0
2024-07-30 09:00:00+09:00,3865.0,3920.0,3865.0,3895.0,1022,0.0,0.0
2024-07-30 10:00:00+09:00,3895.0,3895.0,3895.0,3895.0,263,0.0,0.0
2024-07-30 11:00:00+09:00,3890.0,3890.0,3830.0,3860.0,1357,0.0,0.0
2024-07-30 12:00:00+09:00,3855.0,3860.0,3855.0,3860.0,336,0.0,0.0
2024-07-30 13:00:00+09:00,3860.0,3870.0,3860.0,3870.0,120,0.0,0.0
2024-07-31 09:00:00+09:00,3860.0,3875.0,3860.0,3875.0,287,0.0,0.0
2024-07-31 10:00:00+09:00,3875.0,3875.0,3875.0,3875.0,1,0.0,0.0
2024-07-31 12:00:00+09:00,3870.0,3870.0,3795.0,3835.0,429,0.0,0.0
2024-07-31 13:00:00+09:00,3835.0,3835.0,3800.0,3835.0,370,0.0,0.0
2024-08-01 09:00:00+09:00,3835.0,3840.0,3835.0,3840.0,66,0.0,0.0
2024-08-01 10:00:00+09:00,3840.0,3840.0,3790.0,3820.0,3671,0.0,0.0
2024-08-01 11:00:00+09:00,3815.0,3820.0,3800.0,3820.0,132,0.0,0.0
2024-08-01 12:00:00+09:00,3810.0,3820.0,3805.0,3820.0,3,0.0,0.0
2024-08-01 13:00:00+09:00,3810.0,3820.0,3800.0,3820.0,1547,0.0,0.0
2024-08-01 14:00:00+09:00,3820.0,3820.0,3800.0,3815.0,1448,0.0,0.0
2024-08-02 09:00:00+09:00,3820.0,3830.0,3800.0,3820.0,632,0.0,0.0
2024-08-02 10:00:00+09:00,3815.0,3820.0,3810.0,3820.0,112,0.0,0.0
2024-08-02 11:00:00+09:00,3810.0,3820.0,3795.0,3820.0,104,0.0,0.0
2024-08-02 12:00:00+09:00,3815.0,3815.0,3790.0,3790.0,287,0.0,0.0
2024-08-02 13:00:00+09:00,3790.0,3790.0,3765.0,3790.0,449,0.0,0.0
2024-08-02 14:00:00+09:00,3790.0,3790.0,3765.0,3790.0,418,0.0,0.0
2024-08-05 09:00:00+09:00,3800.0,3800.0,3620.0,3730.0,3018,0.0,0.0
2024-08-05 10:00:00+09:00,3725.0,3735.0,3670.0,3725.0,5059,0.0,0.0
2024-08-05 11:00:00+09:00,3700.0,3725.0,3670.0,3675.0,7797,0.0,0.0
2024-08-05 12:00:00+09:00,3675.0,3675.0,3635.0,3660.0,4603,0.0,0.0
2024-08-05 13:00:00+09:00,3660.0,3660.0,3640.0,3640.0,82,0.0,0.0
2024-08-05 14:00:00+09:00,3640.0,3650.0,3575.0,3575.0,2991,0.0,0.0
2024-08-06 09:00:00+09:00,3350.0,3635.0,3350.0,3560.0,2456,0.0,0.0
2024-08-06 10:00:00+09:00,3545.0,3545.0,3375.0,3475.0,305,0.0,0.0
2024-08-06 11:00:00+09:00,3450.0,3465.0,3425.0,3455.0,108,0.0,0.0
2024-08-06 12:00:00+09:00,3455.0,3455.0,3455.0,3455.0,74,0.0,0.0
2024-08-06 13:00:00+09:00,3455.0,3455.0,3415.0,3455.0,68,0.0,0.0
2024-08-06 14:00:00+09:00,3440.0,3455.0,3440.0,3455.0,275,0.0,0.0
2024-08-07 09:00:00+09:00,3420.0,3475.0,3420.0,3475.0,358,0.0,0.0
2024-08-07 10:00:00+09:00,3475.0,3495.0,3475.0,3495.0,178,0.0,0.0
2024-08-07 11:00:00+09:00,3495.0,3550.0,3455.0,3495.0,786,0.0,0.0
2024-08-07 12:00:00+09:00,3495.0,3525.0,3490.0,3515.0,1415,0.0,0.0
2024-08-07 14:00:00+09:00,3515.0,3520.0,3515.0,3515.0,0,0.0,0.0
2024-08-08 09:00:00+09:00,3585.0,3585.0,3550.0,3570.0,225,0.0,0.0
2024-08-08 10:00:00+09:00,3565.0,3575.0,3565.0,3575.0,101,0.0,0.0
2024-08-08 12:00:00+09:00,3575.0,3575.0,3515.0,3570.0,747,0.0,0.0
2024-08-08 13:00:00+09:00,3570.0,3575.0,3565.0,3565.0,241,0.0,0.0
2024-08-08 14:00:00+09:00,3560.0,3560.0,3525.0,3525.0,209,0.0,0.0
2024-08-09 09:00:00+09:00,3640.0,3640.0,3535.0,3620.0,76,0.0,0.0
2024-08-09 10:00:00+09:00,3620.0,3650.0,3610.0,3650.0,35,0.0,0.0
2024-08-09 11:00:00+09:00,3645.0,3645.0,3645.0,3645.0,5,0.0,0.0
2024-08-09 12:00:00+09:00,3640.0,3640.0,3640.0,3640.0,1,0.0,0.0
2024-08-09 13:00:00+09:00,3640.0,3640.0,3515.0,3630.0,1011,0.0,0.0
2024-08-09 14:00:00+09:00,3625.0,3625.0,3625.0,3625.0,2,0.0,0.0
2024-08-12 09:00:00+09:00,3575.0,3615.0,3575.0,3605.0,0,0.0,0.0
2024-08-12 10:00:00+09:00,3605.0,3605.0,3570.0,3575.0,177,0.0,0.0
2024-08-12 11:00:00+09:00,3575.0,3575.0,3575.0,3575.0,179,0.0,0.0
2024-08-12 12:00:00+09:00,3575.0,3600.0,3575.0,3595.0,644,0.0,0.0
2024-08-12 13:00:00+09:00,3585.0,3600.0,3575.0,3600.0,53,0.0,0.0
2024-08-12 14:00:00+09:00,3595.0,3600.0,3575.0,3600.0,45,0.0,0.0
2024-08-13 09:00:00+09:00,3565.0,3760.0,3535.0,3645.0,3487,0.0,0.0
2024-08-13 10:00:00+09:00,3645.0,3645.0,3565.0,3565.0,41,0.0,0.0
2024-08-13 11:00:00+09:00,3610.0,3610.0,3610.0,3610.0,0,0.0,0.0
2024-08-13 13:00:00+09:00,3600.0,3610.0,3600.0,3610.0,3,0.0,0.0
2024-08-13 14:00:00+09:00,3605.0,3610.0,3575.0,3610.0,177,0.0,0.0
2024-08-14 09:00:00+09:00,3710.0,3710.0,3660.0,3700.0,278,0.0,0.0
2024-08-14 10:00:00+09:00,3700.0,3705.0,3700.0,3700.0,79,0.0,0.0
2024-08-14 11:00:00+09:00,3700.0,3700.0,3660.0,3700.0,355,0.0,0.0
2024-08-14 12:00:00+09:00,3695.0,3700.0,3695.0,3700.0,73,0.0,0.0
2024-08-14 13:00:00+09:00,3695.0,3695.0,3695.0,3695.0,40,0.0,0.0
2024-08-14 14:00:00+09:00,3690.0,3695.0,3685.0,3695.0,4,0.0,0.0
2024-08-16 09:00:00+09:00,3700.0,3700.0,3660.0,3695.0,0,0.0,0.0
2024-08-16 10:00:00+09:00,3690.0,3700.0,3675.0,3685.0,699,0.0,0.0
2024-08-16 11:00:00+09:00,3685.0,3745.0,3675.0,3745.0,1899,0.0,0.0
2024-08-16 12:00:00+09:00,3745.0,3750.0,3740.0,3745.0,4456,0.0,0.0
2024-08-16 13:00:00+09:00,3745.0,3815.0,3740.0,3805.0,1996,0.0,0.0
2024-08-16 14:00:00+09:00,3805.0,3820.0,3770.0,3800.0,534,0.0,0.0
2024-08-19 09:00:00+09:00,3825.0,3835.0,3805.0,3825.0,0,0.0,0.0
2024-08-19 10:00:00+09:00,3825.0,3825.0,3805.0,3805.0,9074,0.0,0.0
2024-08-19 11:00:00+09:00,3805.0,3825.0,3805.0,3820.0,270,0.0,0.0
2024-08-19 12:00:00+09:00,3820.0,3825.0,3820.0,3825.0,2031,0.0,0.0
2024-08-19 13:00:00+09:00,3820.0,3825.0,3820.0,3825.0,22,0.0,0.0
2024-08-19 14:00:00+09:00,3825.0,3825.0,3820.0,3825.0,449,0.0,0.0
2024-08-20 09:00:00+09:00,3800.0,3825.0,3705.0,3810.0,1244,0.0,0.0
2024-08-20 10:00:00+09:00,3810.0,3905.0,3810.0,3900.0,2194,0.0,0.0
2024-08-20 11:00:00+09:00,3900.0,3910.0,3900.0,3905.0,350,0.0,0.0
2024-08-20 12:00:00+09:00,3900.0,3905.0,3900.0,3905.0,319,0.0,0.0
2024-08-20 13:00:00+09:00,3905.0,3910.0,3900.0,3910.0,1265,0.0,0.0
2024-08-20 14:00:00+09:00,3905.0,3905.0,3905.0,3905.0,131,0.0,0.0
2024-08-21 09:00:00+09:00,3900.0,3915.0,3900.0,3900.0,2007,0.0,0.0
2024-08-21 10:00:00+09:00,3915.0,3965.0,3915.0,3955.0,2397,0.0,0.0
2024-08-21 11:00:00+09:00,3950.0,3950.0,3930.0,3930.0,52,0.0,0.0
2024-08-21 12:00:00+09:00,3945.0,3960.0,3910.0,3955.0,4789,0.0,0.0
2024-08-21 13:00:00+09:00,3965.0,4150.0,3960.0,4040.0,6355,0.0,0.0
2024-08-21 14:00:00+09:00,4040.0,4105.0,4010.0,4075.0,3329,0.0,0.0
2024-08-22 09:00:00+09:00,4010.0,4010.0,3960.0,3975.0,3703,0.0,0.0
2024-08-22 10:00:00+09:00,3970.0,3975.0,3965.0,3975.0,1975,0.0,0.0
2024-08-22 12:00:00+09:00,3975.0,4000.0,3975.0,3995.0,772,0.0,0.0
2024-08-22 13:00:00+09:00,3995.0,3995.0,3990.0,3990.0,18,0.0,0.0
2024-08-22 14:00:00+09:00,3990.0,3990.0,3980.0,3990.0,39,0.0,0.0
2024-08-23 09:00:00+09:00,4000.0,4015.0,3985.0,4010.0,165,0.0,0.0
2024-08-23 10:00:00+09:00,4000.0,4000.0,3965.0,3995.0,7652,0.0,0.0
2024-08-23 11:00:00+09:00,3975.0,4010.0,3975.0,4010.0,310,0.0,0.0
2024-08-23 12:00:00+09:00,4015.0,4015.0,4015.0,4015.0,56,0.0,0.0
2024-08-23 13:00:00+09:00,4015.0,4015.0,3990.0,4015.0,83,0.0,0.0
2024-08-23 14:00:00+09:00,4015.0,4025.0,4015.0,4025.0,194,0.0,0.0
2024-08-26 09:00:00+09:00,4010.0,4055.0,4010.0,4050.0,0,0.0,0.0
2024-08-26 10:00:00+09:00,4050.0,4060.0,4030.0,4030.0,1712,0.0,0.0
2024-08-26 11:00:00+09:00,4055.0,4055.0,4025.0,4055.0,0,0.0,0.0
2024-08-26 12:00:00+09:00,4055.0,4055.0,4025.0,4055.0,753,0.0,0.0
2024-08-26 13:00:00+09:00,4055.0,4055.0,4015.0,4015.0,1995,0.0,0.0
2024-08-26 14:00:00+09:00,4010.0,4015.0,4010.0,4015.0,1348,0.0,0.0
2024-08-27 09:00:00+09:00,4025.0,4025.0,4010.0,4015.0,599,0.0,0.0
2024-08-27 10:00:00+09:00,4015.0,4015.0,3980.0,4005.0,123,0.0,0.0
2024-08-27 11:00:00+09:00,4010.0,4015.0,3985.0,4015.0,18,0.0,0.0
2024-08-27 12:00:00+09:00,4005.0,4020.0,3985.0,4020.0,311,0.0,0.0
2024-08-27 13:00:00+09:00,4015.0,4020.0,4010.0,4020.0,11,0.0,0.0
2024-08-27 14:00:00+09:00,4005.0,4015.0,3980.0,4015.0,876,0.0,0.0
2024-08-28 09:00:00+09:00,4025.0,4030.0,4020.0,4025.0,62,0.0,0.0
2024-08-28 10:00:00+09:00,4025.0,4040.0,4025.0,4040.0,55,0.0,0.0
2024-08-28 11:00:00+09:00,4030.0,4040.0,4030.0,4035.0,20,0.0,0.0
2024-08-28 12:00:00+09:00,4030.0,4035.0,4025.0,4025.0,395,0.0,0.0
2024-08-28 13:00:00+09:00,4035.0,4035.0,4010.0,4035.0,30,0.0,0.0
2024-08-28 14:00:00+09:00,4035.0,4045.0,4035.0,4045.0,446,0.0,0.0
2024-08-29 09:00:00+09:00,4030.0,4035.0,3990.0,4030.0,322,0.0,0.0
2024-08-29 10:00:00+09:00,4030.0,4035.0,4025.0,4035.0,284,0.0,0.0
2024-08-29 11:00:00+09:00,4035.0,4035.0,4035.0,4035.0,463,0.0,0.0
2024-08-29 12:00:00+09:00,4040.0,4045.0,4040.0,4045.0,345,0.0,0.0
2024-08-29 13:00:00+09:00,4035.0,4040.0,4030.0,4040.0,68,0.0,0.0
2024-08-29 14:00:00+09:00,4045.0,4060.0,3990.0,4020.0,446,0.0,0.0
2024-08-30 09:00:00+09:00,4040.0,4040.0,4035.0,4040.0,41,0.0,0.0
2024-08-30 10:00:00+09:00,4030.0,4040.0,4015.0,4040.0,125,0.0,0.0
2024-08-30 11:00:00+09:00,4035.0,4040.0,4020.0,4040.0,480,0.0,0.0
2024-08-30 12:00:00+09:00,4040.0,4040.0,4040.0,4040.0,4,0.0,0.0
2024-08-30 13:00:00+09:00,4030.0,4040.0,4020.0,4040.0,53,0.0,0.0
2024-08-30 14:00:00+09:00,4040.0,4055.0,4040.0,4055.0,1343,0.0,0.0
2024-09-02 09:00:00+09:00,4015.0,4055.0,4015.0,4055.0,0,0.0,0.0
2024-09-02 10:00:00+09:00,4055.0,4060.0,4030.0,4060.0,1747,0.0,0.0
2024-09-02 11:00:00+09:00,4040.0,4055.0,4040.0,4055.0,0,0.0,0.0
2024-09-02 12:00:00+09:00,4055.0,4055.0,4055.0,4055.0,105,0.0,0.0
2024-09-02 13:00:00+09:00,4055.0,4060.0,4055.0,4060.0,175,0.0,0.0
2024-09-02 14:00:00+09:00,4060.0,4065.0,4055.0,4060.0,211,0.0,0.0
2024-09-03 09:00:00+09:00,4030.0,4035.0,4030.0,4035.0,37,0.0,0.0
2024-09-03 10:00:00+09:00,4035.0,4035.0,4020.0,4035.0,225,0.0,0.0
2024-09-03 11:00:00+09:00,4035.0,4035.0,4035.0,4035.0,108,0.0,0.0
2024-09-03 12:00:00+09:00,4035.0,4035.0,4030.0,4030.0,29,0.0,0.0
2024-09-03 13:00:00+09:00,4030.0,4035.0,4030.0,4035.0,35,0.0,0.0
2024-09-03 14:00:00+09:00,4035.0,4035.0,4030.0,4030.0,276,0.0,0.0
2024-09-04 09:00:00+09:00,4010.0,4035.0,4000.0,4020.0,772,0.0,0.0
2024-09-04 10:00:00+09:00,4015.0,4015.0,4015.0,4015.0,20,0.0,0.0
2024-09-04 11:00:00+09:00,4030.0,4030.0,4030.0,4030.0,0,0.0,0.0
2024-09-04 12:00:00+09:00,4010.0,4025.0,4010.0,4010.0,86,0.0,0.0
2024-09-04 13:00:00+09:00,4005.0,4005.0,4000.0,4000.0,178,0.0,0.0
2024-09-04 14:00:00+09:00,4000.0,4000.0,3990.0,3990.0,114,0.0,0.0
2024-09-05 09:00:00+09:00,3980.0,4025.0,3980.0,4025.0,779,0.0,0.0
2024-09-05 10:00:00+09:00,4005.0,4005.0,4000.0,4000.0,19,0.0,0.0
2024-09-05 11:00:00+09:00,4000.0,4060.0,3995.0,4060.0,479,0.0,0.0
2024-09-05 12:00:00+09:00,4055.0,4060.0,4030.0,4060.0,42,0.0,0.0
2024-09-05 13:00:00+09:00,4050.0,4050.0,4035.0,4035.0,70,0.0,0.0
2024-09-05 14:00:00+09:00,4030.0,4030.0,4030.0,4030.0,77,0.0,0.0
2024-09-06 09:00:00+09:00,4025.0,4025.0,3825.0,3890.0,2306,0.0,0.0
2024-09-06 10:00:00+09:00,3880.0,3930.0,3860.0,3910.0,146,0.0,0.0
2024-09-06 11:00:00+09:00,3910.0,3910.0,3910.0,3910.0,66,0.0,0.0
2024-09-06 12:00:00+09:00,3895.0,3905.0,3860.0,3905.0,545,0.0,0.0
2024-09-06 13:00:00+09:00,3905.0,3905.0,3860.0,3905.0,500,0.0,0.0
2024-09-06 14:00:00+09:00,3905.0,3935.0,3890.0,3935.0,240,0.0,0.0
2024-09-09 09:00:00+09:00,4025.0,4065.0,3970.0,4010.0,0,0.0,0.0
2024-09-09 10:00:00+09:00,3990.0,4060.0,3970.0,4015.0,184,0.0,0.0
2024-09-09 11:00:00+09:00,3980.0,4025.0,3975.0,4010.0,219,0.0,0.0
2024-09-09 12:00:00+09:00,4025.0,4025.0,4025.0,4025.0,0,0.0,0.0
2024-09-09 13:00:00+09:00,4025.0,4025.0,4015.0,4025.0,12,0.0,0.0
2024-09-09 14:00:00+09:00,4025.0,4025.0,4015.0,4015.0,6,0.0,0.0
2024-09-10 09:00:00+09:00,4025.0,4025.0,4000.0,4005.0,1092,0.0,0.0
2024-09-10 10:00:00+09:00,3995.0,4005.0,3990.0,4005.0,8,0.0,0.0
2024-09-10 11:00:00+09:00,4000.0,4005.0,4000.0,4005.0,9,0.0,0.0
2024-09-10 12:00:00+09:00,3995.0,3995.0,3995.0,3995.0,746,0.0,0.0
2024-09-10 13:00:00+09:00,3995.0,4005.0,3995.0,4005.0,561,0.0,0.0
2024-09-10 14:00:00+09:00,4000.0,4005.0,3990.0,4000.0,3634,0.0,0.0
2024-09-11 09:00:00+09:00,4055.0,4055.0,3920.0,3990.0,199,0.0,0.0
2024-09-11 10:00:00+09:00,4020.0,4020.0,4000.0,4005.0,0,0.0,0.0
2024-09-11 11:00:00+09:00,4000.0,4010.0,3930.0,4010.0,125,0.0,0.0
2024-09-11 12:00:00+09:00,4010.0,4010.0,4000.0,4000.0,24,0.0,0.0
2024-09-11 13:00:00+09:00,3990.0,3995.0,3960.0,3995.0,126,0.0,0.0
2024-09-11 14:00:00+09:00,3995.0,4005.0,3955.0,3955.0,623,0.0,0.0
2024-09-12 09:00:00+09:00,4060.0,4060.0,4010.0,4015.0,141,0.0,0.0
2024-09-12 10:00:00+09:00,4010.0,4040.0,4010.0,4040.0,779,0.0,0.0
2024-09-12 11:00:00+09:00,4010.0,4010.0,4010.0,4010.0,10,0.0,0.0
2024-09-12 12:00:00+09:00,4010.0,4035.0,4010.0,4030.0,16,0.0,0.0
2024-09-12 13:00:00+09:00,4005.0,4020.0,4000.0,4000.0,70,0.0,0.0
2024-09-12 14:00:00+09:00,4000.0,4025.0,4000.0,4025.0,98,0.0,0.0
2024-09-13 09:00:00+09:00,4030.0,4085.0,4030.0,4085.0,769,0.0,0.0
2024-09-13 10:00:00+09:00,4085.0,4115.0,4085.0,4115.0,2594,0.0,0.0
2024-09-13 11:00:00+09:00,4120.0,4145.0,4115.0,4140.0,1934,0.0,0.0
2024-09-13 12:00:00+09:00,4140.0,4145.0,4115.0,4140.0,693,0.0,0.0
2024-09-13 13:00:00+09:00,4130.0,4135.0,4105.0,4135.0,232,0.0,0.0
2024-09-13 14:00:00+09:00,4140.0,4140.0,4110.0,4115.0,971,0.0,0.0
2024-09-19 09:00:00+09:00,4110.0,4140.0,4110.0,4140.0,0,0.0,0.0
2024-09-19 10:00:00+09:00,4130.0,4145.0,4130.0,4145.0,496,0.0,0.0
2024-09-19 11:00:00+09:00,4140.0,4150.0,4120.0,4150.0,634,0.0,0.0
2024-09-19 12:00:00+09:00,4145.0,4145.0,4135.0,4140.0,144,0.0,0.0
2024-09-19 13:00:00+09:00,4135.0,4155.0,4135.0,4140.0,2011,0.0,0.0
2024-09-19 14:00:00+09:00,4155.0,4155.0,4120.0,4130.0,490,0.0,0.0
2024-09-20 09:00:00+09:00,4150.0,4160.0,4140.0,4145.0,372,0.0,0.0
2024-09-20 10:00:00+09:00,4145.0,4150.0,4115.0,4115.0,250,0.0,0.0
2024-09-20 11:00:00+09:00,4120.0,4145.0,4120.0,4145.0,38,0.0,0.0
2024-09-20 12:00:00+09:00,4140.0,4150.0,4120.0,4150.0,91,0.0,0.0
2024-09-20 13:00:00+09:00,4150.0,4150.0,4150.0,4150.0,2,0.0,0.0
2024-09-20 14:00:00+09:00,4145.0,4150.0,4130.0,4150.0,131,0.0,0.0
2024-09-23 09:00:00+09:00,4150.0,4155.0,4150.0,4150.0,0,0.0,0.0
2024-09-23 10:00:00+09:00,4125.0,4150.0,4110.0,4110.0,672,0.0,0.0
2024-09-23 11:00:00+09:00,4140.0,4140.0,4140.0,4140.0,1,0.0,0.0
2024-09-23 13:00:00+09:00,4140.0,4140.0,4125.0,4125.0,111,0.0,0.0
2024-09-23 14:00:00+09:00,4120.0,4130.0,4105.0,4120.0,1408,0.0,0.0
2024-09-24 09:00:00+09:00,4050.0,4050.0,3990.0,4040.0,1755,0.0,0.0
2024-09-24 10:00:00+09:00,4040.0,4045.0,4030.0,4045.0,637,0.0,0.0
2024-09-24 11:00:00+09:00,4045.0,4060.0,4030.0,4060.0,770,0.0,0.0
2024-09-24 12:00:00+09:00,4060.0,4060.0,4045.0,4045.0,14,0.0,0.0
2024-09-24 13:00:00+09:00,4045.0,4060.0,4045.0,4060.0,5,0.0,0.0
2024-09-24 14:00:00+09:00,4050.0,4060.0,4050.0,4055.0,36,0.0,0.0
2024-09-25 09:00:00+09:00,4060.0,4075.0,4060.0,4070.0,360,0.0,0.0
2024-09-25 10:00:00+09:00,4070.0,4070.0,4070.0,4070.0,0,0.0,0.0
2024-09-25 12:00:00+09:00,4060.0,4065.0,4050.0,4065.0,5,0.0,0.0
2024-09-25 13:00:00+09:00,4065.0,4065.0,4065.0,4065.0,1,0.0,0.0
2024-09-25 14:00:00+09:00,4065.0,4065.0,4065.0,4065.0,19,0.0,0.0
2024-09-26 09:00:00+09:00,4075.0,4085.0,4075.0,4075.0,1062,0.0,0.0
2024-09-26 10:00:00+09:00,4065.0,4085.0,4065.0,4080.0,465,0.0,0.0
2024-09-26 11:00:00+09:00,4080.0,4085.0,4080.0,4080.0,785,0.0,0.0
2024-09-26 12:00:00+09:00,4085.0,4100.0,4085.0,4100.0,166,0.0,0.0
2024-09-26 13:00:00+09:00,4095.0,4100.0,4080.0,4080.0,139,0.0,0.0
2024-09-26 14:00:00+09:00,4090.0,4105.0,4090.0,4100.0,61,0.0,0.0
2024-09-27 09:00:00+09:00,4090.0,4150.0,4090.0,4150.0,1588,0.0,0.0
2024-09-27 10:00:00+09:00,4150.0,4165.0,4140.0,4155.0,0,0.0,0.0
2024-09-27 11:00:00+09:00,4155.0,4155.0,4120.0,4145.0,243,0.0,0.0
2024-09-27 12:00:00+09:00,4140.0,4150.0,4125.0,4135.0,19,0.0,0.0
2024-09-27 13:00:00+09:00,4130.0,4130.0,4130.0,4130.0,480,0.0,0.0
2024-09-27 14:00:00+09:00,4130.0,4130.0,4120.0,4120.0,834,0.0,0.0
2024-09-30 09:00:00+09:00,4120.0,4120.0,4120.0,4120.0,0,0.0,0.0
2024-09-30 10:00:00+09:00,4115.0,4175.0,4110.0,4170.0,1945,0.0,0.0
2024-09-30 11:00:00+09:00,4170.0,4170.0,4165.0,4165.0,159,0.0,0.0
2024-09-30 12:00:00+09:00,4160.0,4165.0,4145.0,4165.0,37,0.0,0.0
2024-09-30 13:00:00+09:00,4160.0,4165.0,4145.0,4165.0,124,0.0,0.0
2024-09-30 14:00:00+09:00,4140.0,4140.0,4070.0,4070.0,532,0.0,0.0
2024-10-02 09:00:00+09:00,4075.0,4075.0,4010.0,4050.0,0,0.0,0.0
2024-10-02 10:00:00+09:00,4045.0,4050.0,4030.0,4050.0,545,0.0,0.0
2024-10-02 11:00:00+09:00,4050.0,4050.0,4050.0,4050.0,93,0.0,0.0
2024-10-02 12:00:00+09:00,4050.0,4050.0,4035.0,4035.0,76,0.0,0.0
2024-10-02 13:00:00+09:00,4035.0,4035.0,4035.0,4035.0,147,0.0,0.0
2024-10-02 14:00:00+09:00,4035.0,4035.0,4030.0,4030.0,26,0.0,0.0
2024-10-04 09:00:00+09:00,4035.0,4065.0,4025.0,4065.0,0,0.0,0.0
2024-10-04 10:00:00+09:00,4060.0,4080.0,4060.0,4070.0,1498,0.0,0.0
2024-10-04 11:00:00+09:00,4070.0,4080.0,4070.0,4080.0,116,0.0,0.0
2024-10-04 12:00:00+09:00,4080.0,4080.0,4080.0,4080.0,4,0.0,0.0
2024-10-04 13:00:00+09:00,4070.0,4080.0,4000.0,4050.0,895,0.0,0.0
2024-10-04 14:00:00+09:00,4035.0,4050.0,4000.0,4040.0,841,0.0,0.0
2024-10-07 09:00:00+09:00,4075.0,4075.0,4040.0,4065.0,0,0.0,0.0
2024-10-07 10:00:00+09:00,4060.0,4060.0,3880.0,4035.0,438,0.0,0.0
2024-10-07 11:00:00+09:00,4025.0,4030.0,3980.0,4030.0,1167,0.0,0.0
2024-10-07 12:00:00+09:00,4030.0,4030.0,4030.0,4030.0,61,0.0,0.0
2024-10-07 13:00:00+09:00,3995.0,4025.0,3995.0,4025.0,2,0.0,0.0
2024-10-07 14:00:00+09:00,4025.0,4025.0,4025.0,4025.0,3,0.0,0.0
2024-10-08 09:00:00+09:00,4055.0,4055.0,4015.0,4025.0,496,0.0,0.0
2024-10-08 10:00:00+09:00,4025.0,4025.0,4025.0,4025.0,13,0.0,0.0
2024-10-08 11:00:00+09:00,4030.0,4030.0,4025.0,4025.0,41,0.0,0.0
2024-10-08 13:00:00+09:00,4025.0,4030.0,4025.0,4030.0,12,0.0,0.0
2024-10-08 14:00:00+09:00,4035.0,4045.0,4035.0,4045.0,457,0.0,0.0
2024-10-10 09:00:00+09:00,4055.0,4060.0,4055.0,4055.0,0,0.0,0.0
2024-10-10 10:00:00+09:00,4055.0,4070.0,4035.0,4065.0,302,0.0,0.0
2024-10-10 11:00:00+09:00,4060.0,4070.0,4060.0,4070.0,83,0.0,0.0
2024-10-10 12:00:00+09:00,4045.0,4075.0,4045.0,4075.0,85,0.0,0.0
2024-10-10 13:00:00+09:00,4070.0,4075.0,4050.0,4075.0,128,0.0,0.0
2024-10-10 14:00:00+09:00,4075.0,4080.0,4045.0,4075.0,412,0.0,0.0
2024-10-11 09:00:00+09:00,4045.0,4045.0,4035.0,4040.0,173,0.0,0.0
2024-10-11 10:00:00+09:00,4040.0,4040.0,4040.0,4040.0,1,0.0,0.0
2024-10-11 12:00:00+09:00,4045.0,4045.0,4045.0,4045.0,162,0.0,0.0
2024-10-11 13:00:00+09:00,4055.0,4055.0,4055.0,4055.0,96,0.0,0.0
2024-10-11 14:00:00+09:00,4045.0,4075.0,4045.0,4075.0,1381,0.0,0.0
2024-10-14 09:00:00+09:00,4075.0,4075.0,4050.0,4075.0,0,0.0,0.0
2024-10-14 10:00:00+09:00,4075.0,4075.0,3965.0,4045.0,362,0.0,0.0
2024-10-14 11:00:00+09:00,4045.0,4045.0,4045.0,4045.0,2,0.0,0.0
2024-10-14 12:00:00+09:00,4045.0,4050.0,4045.0,4050.0,922,0.0,0.0
2024-10-14 13:00:00+09:00,4050.0,4065.0,4050.0,4065.0,379,0.0,0.0
2024-10-14 14:00:00+09:00,4065.0,4090.0,4060.0,4085.0,352,0.0,0.0
2024-10-15 09:00:00+09:00,4115.0,4125.0,4115.0,4115.0,554,0.0,0.0
2024-10-15 10:00:00+09:00,4110.0,4120.0,4100.0,4120.0,246,0.0,0.0
2024-10-15 11:00:00+09:00,4120.0,4120.0,4120.0,4120.0,3,0.0,0.0
2024-10-15 14:00:00+09:00,4115.0,4115.0,4115.0,4115.0,48,0.0,0.0
2024-10-16 09:00:00+09:00,4095.0,4100.0,4085.0,4100.0,54,0.0,0.0
2024-10-16 10:00:00+09:00,4100.0,4100.0,4065.0,4100.0,1314,0.0,0.0
2024-10-16 11:00:00+09:00,4100.0,4100.0,4045.0,4075.0,154,0.0,0.0
2024-10-16 12:00:00+09:00,4070.0,4070.0,4070.0,4070.0,1,0.0,0.0
2024-10-16 13:00:00+09:00,4075.0,4080.0,4075.0,4080.0,13,0.0,0.0
2024-10-16 14:00:00+09:00,4070.0,4105.0,4070.0,4105.0,76,0.0,0.0
2024-10-17 09:00:00+09:00,4060.0,4065.0,4060.0,4065.0,46,0.0,0.0
2024-10-17 10:00:00+09:00,4065.0,4065.0,4065.0,4065.0,230,0.0,0.0
2024-10-17 11:00:00+09:00,4060.0,4060.0,4060.0,4060.0,121,0.0,0.0
2024-10-17 12:00:00+09:00,4060.0,4080.0,4055.0,4075.0,241,0.0,0.0
2024-10-17 14:00:00+09:00,4075.0,4075.0,4070.0,4070.0,7,0.0,0.0
2024-10-18 09:00:00+09:00,4065.0,4070.0,4050.0,4070.0,384,0.0,0.0
2024-10-18 10:00:00+09:00,4050.0,4070.0,4045.0,4045.0,302,0.0,0.0
2024-10-18 11:00:00+09:00,4070.0,4070.0,4045.0,4070.0,298,0.0,0.0
2024-10-18 12:00:00+09:00,4065.0,4065.0,4065.0,4065.0,15,0.0,0.0
2024-10-18 13:00:00+09:00,4070.0,4070.0,4070.0,4070.0,37,0.0,0.0
2024-10-18 14:00:00+09:00,4070.0,4070.0,4065.0,4070.0,582,0.0,0.0
2024-10-21 09:00:00+09:00,4040.0,4060.0,4030.0,4060.0,0,0.0,0.0
2024-10-21 11:00:00+09:00,4040.0,4060.0,4040.0,4060.0,10,0.0,0.0
2024-10-21 12:00:00+09:00,4060.0,4060.0,4060.0,4060.0,14,0.0,0.0
2024-10-21 13:00:00+09:00,4060.0,4060.0,4060.0,4060.0,991,0.0,0.0
2024-10-21 14:00:00+09:00,4040.0,4060.0,4040.0,4060.0,476,0.0,0.0
2024-10-22 09:00:00+09:00,4050.0,4050.0,4035.0,4035.0,74,0.0,0.0
2024-10-22 10:00:00+09:00,4035.0,4035.0,4035.0,4035.0,77,0.0,0.0
2024-10-22 11:00:00+09:00,4035.0,4035.0,4035.0,4035.0,0,0.0,0.0
2024-10-22 12:00:00+09:00,4035.0,4035.0,4000.0,4000.0,761,0.0,0.0
2024-10-22 13:00:00+09:00,4000.0,4000.0,4000.0,4000.0,24,0.0,0.0
2024-10-22 14:00:00+09:00,4000.0,4030.0,4000.0,4030.0,0,0.0,0.0
2024-10-23 09:00:00+09:00,3995.0,4025.0,3995.0,4020.0,1049,0.0,0.0
2024-10-23 10:00:00+09:00,4020.0,4020.0,3995.0,4020.0,618,0.0,0.0
2024-10-23 12:00:00+09:00,4020.0,4025.0,3980.0,4025.0,531,0.0,0.0
2024-10-23 13:00:00+09:00,4025.0,4025.0,4025.0,4025.0,0,0.0,0.0
2024-10-23 14:00:00+09:00,4015.0,4025.0,4000.0,4025.0,2366,0.0,0.0
2024-10-24 09:00:00+09:00,3980.0,4010.0,3980.0,4010.0,263,0.0,0.0
2024-10-24 10:00:00+09:00,4005.0,4010.0,3995.0,4010.0,94,0.0,0.0
2024-10-24 11:00:00+09:00,4005.0,4005.0,3995.0,4005.0,29,0.0,0.0
2024-10-24 12:00:00+09:00,4000.0,4000.0,3770.0,3770.0,1977,0.0,0.0
2024-10-24 13:00:00+09:00,3940.0,3960.0,3900.0,3925.0,3232,0.0,0.0
2024-10-24 14:00:00+09:00,3925.0,3935.0,3925.0,3935.0,142,0.0,0.0
2024-10-25 09:00:00+09:00,3925.0,3925.0,3920.0,3925.0,292,0.0,0.0
2024-10-25 10:00:00+09:00,3925.0,3925.0,3925.0,3925.0,234,0.0,0.0
2024-10-25 11:00:00+09:00,3925.0,3925.0,3915.0,3915.0,42,0.0,0.0
2024-10-25 12:00:00+09:00,3915.0,3925.0,3915.0,3920.0,123,0.0,0.0
2024-10-25 13:00:00+09:00,3915.0,3920.0,3900.0,3920.0,133,0.0,0.0
2024-10-25 14:00:00+09:00,3900.0,3900.0,3895.0,3895.0,40,0.0,0.0
2024-10-28 09:00:00+09:00,3885.0,3915.0,3885.0,3915.0,343,0.0,0.0
2024-10-28 10:00:00+09:00,3915.0,3920.0,3915.0,3920.0,88,0.0,0.0
2024-10-28 11:00:00+09:00,3915.0,3920.0,3895.0,3920.0,35,0.0,0.0
2024-10-28 12:00:00+09:00,3920.0,3920.0,3920.0,3920.0,143,0.0,0.0
2024-10-28 13:00:00+09:00,3915.0,3920.0,3885.0,3915.0,1165,0.0,0.0
2024-10-28 14:00:00+09:00,3915.0,3920.0,3910.0,3920.0,0,0.0,0.0
2024-10-29 09:00:00+09:00,3920.0,3925.0,3920.0,3925.0,734,0.0,0.0
2024-10-29 10:00:00+09:00,3920.0,3930.0,3920.0,3930.0,299,0.0,0.0
2024-10-29 11:00:00+09:00,3925.0,3935.0,3925.0,3935.0,139,0.0,0.0
2024-10-29 12:00:00+09:00,3930.0,3935.0,3925.0,3935.0,961,0.0,0.0
2024-10-29 13:00:00+09:00,3935.0,3950.0,3890.0,3920.0,659,0.0,0.0
2024-10-29 14:00:00+09:00,3920.0,3930.0,3920.0,3930.0,19,0.0,0.0
2024-10-30 09:00:00+09:00,3960.0,3970.0,3960.0,3970.0,876,0.0,0.0
2024-10-30 10:00:00+09:00,3970.0,3975.0,3970.0,3975.0,80,0.0,0.0
2024-10-30 11:00:00+09:00,3970.0,3970.0,3965.0,3965.0,270,0.0,0.0
2024-10-30 12:00:00+09:00,3965.0,3965.0,3965.0,3965.0,15,0.0,0.0
2024-10-30 13:00:00+09:00,3965.0,3965.0,3960.0,3960.0,163,0.0,0.0
2024-10-30 14:00:00+09:00,3965.0,3965.0,3965.0,3965.0,0,0.0,0.0
2024-10-31 09:00:00+09:00,3965.0,3970.0,3945.0,3965.0,947,0.0,0.0
2024-10-31 10:00:00+09:00,3965.0,3970.0,3960.0,3960.0,388,0.0,0.0
2024-10-31 11:00:00+09:00,3955.0,3955.0,3885.0,3915.0,2109,0.0,0.0
2024-10-31 12:00:00+09:00,3925.0,3925.0,3920.0,3920.0,273,0.0,0.0
2024-10-31 13:00:00+09:00,3920.0,3965.0,3910.0,3965.0,272,0.0,0.0
2024-10-31 14:00:00+09:00,3910.0,3910.0,3900.0,3900.0,1076,0.0,0.0
2024-11-01 09:00:00+09:00,3915.0,3930.0,3890.0,3895.0,1448,0.0,0.0
2024-11-01 10:00:00+09:00,3915.0,3915.0,3915.0,3915.0,2,0.0,0.0
2024-11-01 11:00:00+09:00,3915.0,3915.0,3915.0,3915.0,24,0.0,0.0
2024-11-01 13:00:00+09:00,3915.0,3915.0,3915.0,3915.0,127,0.0,0.0
2024-11-01 14:00:00+09:00,3900.0,3915.0,3900.0,3915.0,677,0.0,0.0
