Datetime,Open,High,Low,Close,Volume,Dividends,Stock Splits
2022-11-02 09:00:00+09:00,9060.0,9070.0,8840.0,8970.0,0,0.0,0.0
2022-11-02 10:00:00+09:00,8900.0,8970.0,8870.0,8910.0,3606,0.0,0.0
2022-11-02 11:00:00+09:00,8920.0,8920.0,8860.0,8860.0,7564,0.0,0.0
2022-11-02 12:00:00+09:00,8910.0,8910.0,8870.0,8890.0,798,0.0,0.0
2022-11-02 13:00:00+09:00,8890.0,8910.0,8870.0,8880.0,4101,0.0,0.0
2022-11-02 14:00:00+09:00,8880.0,8890.0,8850.0,8880.0,2952,0.0,0.0
2022-11-03 09:00:00+09:00,8730.0,8870.0,8700.0,8840.0,0,0.0,0.0
2022-11-03 10:00:00+09:00,8830.0,8850.0,8790.0,8800.0,9058,0.0,0.0
2022-11-03 11:00:00+09:00,8800.0,8810.0,8780.0,8800.0,2279,0.0,0.0
2022-11-03 12:00:00+09:00,8800.0,8810.0,8730.0,8770.0,6242,0.0,0.0
2022-11-03 13:00:00+09:00,8770.0,8800.0,8750.0,8780.0,1451,0.0,0.0
2022-11-03 14:00:00+09:00,8780.0,8800.0,8730.0,8750.0,6284,0.0,0.0
2022-11-04 09:00:00+09:00,8760.0,8800.0,8620.0,8660.0,0,0.0,0.0
2022-11-04 10:00:00+09:00,8640.0,8640.0,8400.0,8540.0,18271,0.0,0.0
2022-11-04 11:00:00+09:00,8550.0,8590.0,8500.0,8570.0,6951,0.0,0.0
2022-11-04 12:00:00+09:00,8570.0,8580.0,8500.0,8580.0,2962,0.0,0.0
2022-11-04 13:00:00+09:00,8550.0,8580.0,8450.0,8510.0,8153,0.0,0.0
2022-11-04 14:00:00+09:00,8510.0,8540.0,8460.0,8500.0,10083,0.0,0.0
2022-11-07 09:00:00+09:00,8460.0,8600.0,8460.0,8570.0,0,0.0,0.0
2022-11-07 10:00:00+09:00,8550.0,8590.0,8520.0,8590.0,5709,0.0,0.0
2022-11-07 11:00:00+09:00,8590.0,8590.0,8540.0,8540.0,1675,0.0,0.0
2022-11-07 12:00:00+09:00,8530.0,8580.0,8510.0,8570.0,3591,0.0,0.0
2022-11-07 13:00:00+09:00,8570.0,8570.0,8540.0,8550.0,2744,0.0,0.0
2022-11-07 14:00:00+09:00,8550.0,8580.0,8540.0,8570.0,5427,0.0,0.0
2022-11-08 09:00:00+09:00,8530.0,8780.0,8530.0,8710.0,0,0.0,0.0
2022-11-08 10:00:00+09:00,8710.0,8800.0,8640.0,8750.0,5789,0.0,0.0
2022-11-08 11:00:00+09:00,8780.0,8780.0,8730.0,8770.0,1423,0.0,0.0
2022-11-08 12:00:00+09:00,8770.0,8800.0,8710.0,8800.0,7722,0.0,0.0
2022-11-08 13:00:00+09:00,8790.0,8800.0,8720.0,8740.0,4359,0.0,0.0
2022-11-08 14:00:00+09:00,8770.0,8770.0,8730.0,8760.0,435,0.0,0.0
2022-11-09 09:00:00+09:00,8760.0,8880.0,8760.0,8880.0,0,0.0,0.0
2022-11-09 10:00:00+09:00,8880.0,8880.0,8800.0,8870.0,3775,0.0,0.0
2022-11-09 11:00:00+09:00,8880.0,8910.0,8870.0,8910.0,3822,0.0,0.0
2022-11-09 12:00:00+09:00,8910.0,8920.0,8870.0,8870.0,2702,0.0,0.0
2022-11-09 13:00:00+09:00,8900.0,8900.0,8860.0,8880.0,3958,0.0,0.0
2022-11-09 14:00:00+09:00,8880.0,8900.0,8810.0,8860.0,3190,0.0,0.0
2022-11-10 09:00:00+09:00,8800.0,8900.0,8690.0,8880.0,0,0.0,0.0
2022-11-10 10:00:00+09:00,8880.0,8900.0,8850.0,8890.0,2469,0.0,0.0
2022-11-10 11:00:00+09:00,8890.0,8890.0,8810.0,8840.0,3079,0.0,0.0
2022-11-10 12:00:00+09:00,8840.0,8840.0,8810.0,8840.0,386,0.0,0.0
2022-11-10 13:00:00+09:00,8840.0,8870.0,8810.0,8860.0,2892,0.0,0.0
2022-11-10 14:00:00+09:00,8860.0,8920.0,8860.0,8920.0,1475,0.0,0.0
2022-11-11 09:00:00+09:00,9180.0,9200.0,9070.0,9090.0,3810,0.0,0.0
2022-11-11 10:00:00+09:00,9090.0,9090.0,8960.0,8970.0,16097,0.0,0.0
2022-11-11 11:00:00+09:00,8960.0,9000.0,8920.0,8950.0,12192,0.0,0.0
2022-11-11 12:00:00+09:00,8950.0,8970.0,8940.0,8950.0,3862,0.0,0.0
2022-11-11 13:00:00+09:00,8950.0,8980.0,8940.0,8940.0,4279,0.0,0.0
2022-11-11 14:00:00+09:00,8940.0,8950.0,8930.0,8950.0,7809,0.0,0.0
2022-11-14 09:00:00+09:00,9090.0,9090.0,8990.0,8990.0,0,0.0,0.0
2022-11-14 10:00:00+09:00,8990.0,9030.0,8960.0,9030.0,3171,0.0,0.0
2022-11-14 11:00:00+09:00,9030.0,9030.0,8950.0,9000.0,1314,0.0,0.0
2022-11-14 12:00:00+09:00,9000.0,9010.0,8950.0,9010.0,1028,0.0,0.0
2022-11-14 13:00:00+09:00,9010.0,9010.0,8980.0,9010.0,899,0.0,0.0
2022-11-14 14:00:00+09:00,9000.0,9010.0,8960.0,8990.0,2968,0.0,0.0
2022-11-15 09:00:00+09:00,8950.0,9040.0,8900.0,9030.0,0,0.0,0.0
2022-11-15 10:00:00+09:00,9010.0,9100.0,9000.0,9060.0,5996,0.0,0.0
2022-11-15 11:00:00+09:00,9050.0,9190.0,9050.0,9130.0,8235,0.0,0.0
2022-11-15 12:00:00+09:00,9150.0,9200.0,9120.0,9190.0,5400,0.0,0.0
2022-11-15 13:00:00+09:00,9200.0,9230.0,9160.0,9220.0,6788,0.0,0.0
2022-11-15 14:00:00+09:00,9250.0,9350.0,9240.0,9280.0,12739,0.0,0.0
2022-11-16 09:00:00+09:00,9390.0,9410.0,9250.0,9330.0,0,0.0,0.0
2022-11-16 10:00:00+09:00,9320.0,9390.0,9310.0,9350.0,5891,0.0,0.0
2022-11-16 11:00:00+09:00,9370.0,9380.0,9290.0,9370.0,9233,0.0,0.0
2022-11-16 12:00:00+09:00,9360.0,9380.0,9300.0,9350.0,1236,0.0,0.0
2022-11-16 13:00:00+09:00,9330.0,9350.0,9200.0,9210.0,6740,0.0,0.0
2022-11-16 14:00:00+09:00,9200.0,9310.0,9170.0,9230.0,8243,0.0,0.0
2022-11-17 10:00:00+09:00,9170.0,9330.0,9140.0,9190.0,3087,0.0,0.0
2022-11-17 11:00:00+09:00,9170.0,9190.0,9050.0,9170.0,6064,0.0,0.0
2022-11-17 12:00:00+09:00,9160.0,9170.0,9140.0,9150.0,1491,0.0,0.0
2022-11-17 13:00:00+09:00,9150.0,9170.0,9150.0,9160.0,2250,0.0,0.0
2022-11-17 14:00:00+09:00,9160.0,9210.0,9140.0,9210.0,1092,0.0,0.0
2022-11-18 09:00:00+09:00,9300.0,9300.0,9130.0,9150.0,0,0.0,0.0
2022-11-18 10:00:00+09:00,9140.0,9270.0,9140.0,9200.0,5357,0.0,0.0
2022-11-18 11:00:00+09:00,9200.0,9220.0,9170.0,9190.0,926,0.0,0.0
2022-11-18 12:00:00+09:00,9190.0,9220.0,9130.0,9210.0,3997,0.0,0.0
2022-11-18 13:00:00+09:00,9200.0,9220.0,9190.0,9190.0,1573,0.0,0.0
2022-11-18 14:00:00+09:00,9190.0,9200.0,9130.0,9130.0,3184,0.0,0.0
2022-11-21 09:00:00+09:00,9080.0,9120.0,8940.0,8960.0,0,0.0,0.0
2022-11-21 10:00:00+09:00,8990.0,9000.0,8880.0,8880.0,5223,0.0,0.0
2022-11-21 11:00:00+09:00,8910.0,8960.0,8900.0,8950.0,2629,0.0,0.0
2022-11-21 12:00:00+09:00,8950.0,8950.0,8860.0,8890.0,4302,0.0,0.0
2022-11-21 13:00:00+09:00,8890.0,8950.0,8880.0,8930.0,539,0.0,0.0
2022-11-21 14:00:00+09:00,8920.0,8930.0,8880.0,8910.0,3208,0.0,0.0
2022-11-22 09:00:00+09:00,8960.0,8970.0,8800.0,8810.0,0,0.0,0.0
2022-11-22 10:00:00+09:00,8810.0,8820.0,8760.0,8790.0,6247,0.0,0.0
2022-11-22 11:00:00+09:00,8790.0,8830.0,8760.0,8810.0,1883,0.0,0.0
2022-11-22 12:00:00+09:00,8810.0,8850.0,8780.0,8830.0,1454,0.0,0.0
2022-11-22 13:00:00+09:00,8830.0,8850.0,8800.0,8810.0,1844,0.0,0.0
2022-11-22 14:00:00+09:00,8800.0,8840.0,8790.0,8820.0,2075,0.0,0.0
2022-11-23 09:00:00+09:00,8820.0,8950.0,8820.0,8900.0,0,0.0,0.0
2022-11-23 10:00:00+09:00,8900.0,8950.0,8900.0,8940.0,1571,0.0,0.0
2022-11-23 11:00:00+09:00,8940.0,8950.0,8890.0,8940.0,2750,0.0,0.0
2022-11-23 12:00:00+09:00,8930.0,8930.0,8850.0,8900.0,4989,0.0,0.0
2022-11-23 13:00:00+09:00,8900.0,8900.0,8890.0,8900.0,1316,0.0,0.0
2022-11-23 14:00:00+09:00,8890.0,8900.0,8850.0,8880.0,2380,0.0,0.0
2022-11-24 09:00:00+09:00,8910.0,9040.0,8910.0,8990.0,0,0.0,0.0
2022-11-24 10:00:00+09:00,9020.0,9150.0,9020.0,9150.0,11832,0.0,0.0
2022-11-24 11:00:00+09:00,9130.0,9150.0,9080.0,9090.0,667,0.0,0.0
2022-11-24 12:00:00+09:00,9090.0,9110.0,9090.0,9110.0,850,0.0,0.0
2022-11-24 13:00:00+09:00,9100.0,9180.0,9100.0,9180.0,3935,0.0,0.0
2022-11-24 14:00:00+09:00,9170.0,9190.0,9130.0,9140.0,5662,0.0,0.0
2022-11-25 09:00:00+09:00,9360.0,9360.0,9080.0,9130.0,0,0.0,0.0
2022-11-25 10:00:00+09:00,9120.0,9150.0,9080.0,9120.0,801,0.0,0.0
2022-11-25 11:00:00+09:00,9120.0,9170.0,9110.0,9170.0,1078,0.0,0.0
2022-11-25 12:00:00+09:00,9160.0,9190.0,9110.0,9110.0,604,0.0,0.0
2022-11-25 13:00:00+09:00,9120.0,9170.0,9080.0,9140.0,788,0.0,0.0
2022-11-25 14:00:00+09:00,9140.0,9170.0,9070.0,9090.0,2077,0.0,0.0
2022-11-28 09:00:00+09:00,8930.0,9000.0,8830.0,8850.0,0,0.0,0.0
2022-11-28 10:00:00+09:00,8850.0,8890.0,8820.0,8820.0,6579,0.0,0.0
2022-11-28 11:00:00+09:00,8830.0,8830.0,8810.0,8820.0,3416,0.0,0.0
2022-11-28 12:00:00+09:00,8820.0,8840.0,8810.0,8840.0,2686,0.0,0.0
2022-11-28 13:00:00+09:00,8840.0,8840.0,8810.0,8820.0,2639,0.0,0.0
2022-11-28 14:00:00+09:00,8810.0,8830.0,8770.0,8770.0,10402,0.0,0.0
2022-11-29 09:00:00+09:00,8770.0,8880.0,8750.0,8810.0,0,0.0,0.0
2022-11-29 10:00:00+09:00,8820.0,8830.0,8790.0,8800.0,1098,0.0,0.0
2022-11-29 11:00:00+09:00,8800.0,8900.0,8800.0,8870.0,10521,0.0,0.0
2022-11-29 12:00:00+09:00,8890.0,8900.0,8890.0,8890.0,8301,0.0,0.0
2022-11-29 13:00:00+09:00,8890.0,8950.0,8880.0,8950.0,6780,0.0,0.0
2022-11-29 14:00:00+09:00,8950.0,8950.0,8920.0,8920.0,512,0.0,0.0
2022-11-30 09:00:00+09:00,8900.0,8900.0,8800.0,8840.0,0,0.0,0.0
2022-11-30 10:00:00+09:00,8850.0,8900.0,8820.0,8840.0,4009,0.0,0.0
2022-11-30 11:00:00+09:00,8840.0,8870.0,8830.0,8860.0,708,0.0,0.0
2022-11-30 12:00:00+09:00,8860.0,8860.0,8800.0,8840.0,4556,0.0,0.0
2022-11-30 13:00:00+09:00,8840.0,8840.0,8800.0,8800.0,5870,0.0,0.0
2022-11-30 14:00:00+09:00,8800.0,8810.0,8790.0,8810.0,6147,0.0,0.0
2022-12-01 09:00:00+09:00,8860.0,9190.0,8860.0,9030.0,0,0.0,0.0
2022-12-01 10:00:00+09:00,9030.0,9030.0,8900.0,9020.0,3716,0.0,0.0
2022-12-01 11:00:00+09:00,9010.0,9010.0,8960.0,9000.0,361,0.0,0.0
2022-12-01 12:00:00+09:00,8960.0,9000.0,8940.0,8990.0,1636,0.0,0.0
2022-12-01 13:00:00+09:00,8990.0,8990.0,8970.0,8980.0,1035,0.0,0.0
2022-12-01 14:00:00+09:00,8960.0,9010.0,8950.0,9000.0,3605,0.0,0.0
2022-12-02 09:00:00+09:00,8950.0,9140.0,8910.0,8980.0,0,0.0,0.0
2022-12-02 10:00:00+09:00,8980.0,8990.0,8910.0,8910.0,2049,0.0,0.0
2022-12-02 11:00:00+09:00,8910.0,8930.0,8900.0,8910.0,717,0.0,0.0
2022-12-02 12:00:00+09:00,8920.0,8920.0,8810.0,8890.0,5679,0.0,0.0
2022-12-02 13:00:00+09:00,8860.0,8910.0,8850.0,8910.0,899,0.0,0.0
2022-12-02 14:00:00+09:00,8890.0,8890.0,8840.0,8840.0,1662,0.0,0.0
2022-12-05 09:00:00+09:00,8840.0,8930.0,8770.0,8910.0,0,0.0,0.0
2022-12-05 10:00:00+09:00,8910.0,8940.0,8910.0,8930.0,11016,0.0,0.0
2022-12-05 11:00:00+09:00,8920.0,8930.0,8890.0,8890.0,338,0.0,0.0
2022-12-05 12:00:00+09:00,8880.0,8900.0,8880.0,8900.0,4561,0.0,0.0
2022-12-05 13:00:00+09:00,8900.0,9040.0,8870.0,8940.0,15036,0.0,0.0
2022-12-05 14:00:00+09:00,8940.0,9030.0,8940.0,8980.0,10326,0.0,0.0
2022-12-06 09:00:00+09:00,8780.0,8970.0,8780.0,8850.0,0,0.0,0.0
2022-12-06 10:00:00+09:00,8890.0,8890.0,8820.0,8850.0,4761,0.0,0.0
2022-12-06 11:00:00+09:00,8870.0,8930.0,8850.0,8920.0,1941,0.0,0.0
2022-12-06 12:00:00+09:00,8900.0,8900.0,8780.0,8820.0,4316,0.0,0.0
2022-12-06 13:00:00+09:00,8820.0,8850.0,8800.0,8850.0,0,0.0,0.0
2022-12-06 14:00:00+09:00,8850.0,8880.0,8810.0,8860.0,27157,0.0,0.0
2022-12-07 09:00:00+09:00,8700.0,8760.0,8570.0,8700.0,16495,0.0,0.0
2022-12-07 10:00:00+09:00,8710.0,8710.0,8620.0,8710.0,3678,0.0,0.0
2022-12-07 11:00:00+09:00,8710.0,8710.0,8670.0,8690.0,928,0.0,0.0
2022-12-07 12:00:00+09:00,8660.0,8690.0,8650.0,8690.0,324,0.0,0.0
2022-12-07 13:00:00+09:00,8690.0,8760.0,8650.0,8720.0,1776,0.0,0.0
2022-12-07 14:00:00+09:00,8760.0,8760.0,8670.0,8690.0,1977,0.0,0.0
2022-12-08 09:00:00+09:00,8740.0,8740.0,8560.0,8640.0,0,0.0,0.0
2022-12-08 10:00:00+09:00,8580.0,8640.0,8430.0,8480.0,16966,0.0,0.0
2022-12-08 11:00:00+09:00,8490.0,8530.0,8490.0,8520.0,1785,0.0,0.0
2022-12-08 12:00:00+09:00,8500.0,8530.0,8500.0,8520.0,971,0.0,0.0
2022-12-08 13:00:00+09:00,8510.0,8520.0,8500.0,8500.0,2358,0.0,0.0
2022-12-08 14:00:00+09:00,8500.0,8520.0,8460.0,8500.0,3956,0.0,0.0
2022-12-09 09:00:00+09:00,8690.0,8690.0,8500.0,8600.0,0,0.0,0.0
2022-12-09 10:00:00+09:00,8520.0,8590.0,8500.0,8580.0,7167,0.0,0.0
2022-12-09 11:00:00+09:00,8580.0,8640.0,8500.0,8600.0,4330,0.0,0.0
2022-12-09 12:00:00+09:00,8580.0,8600.0,8560.0,8600.0,562,0.0,0.0
2022-12-09 13:00:00+09:00,8580.0,8590.0,8530.0,8590.0,872,0.0,0.0
2022-12-09 14:00:00+09:00,8590.0,8590.0,8510.0,8520.0,5505,0.0,0.0
2022-12-12 09:00:00+09:00,8390.0,8550.0,8300.0,8360.0,0,0.0,0.0
2022-12-12 10:00:00+09:00,8320.0,8390.0,8300.0,8390.0,9866,0.0,0.0
2022-12-12 11:00:00+09:00,8380.0,8390.0,8350.0,8380.0,749,0.0,0.0
2022-12-12 12:00:00+09:00,8380.0,8390.0,8380.0,8390.0,2753,0.0,0.0
2022-12-12 13:00:00+09:00,8390.0,8490.0,8380.0,8430.0,2844,0.0,0.0
2022-12-12 14:00:00+09:00,8420.0,8430.0,8310.0,8310.0,9198,0.0,0.0
2022-12-13 09:00:00+09:00,8480.0,8580.0,8390.0,8400.0,0,0.0,0.0
2022-12-13 10:00:00+09:00,8400.0,8410.0,8330.0,8340.0,5457,0.0,0.0
2022-12-13 11:00:00+09:00,8400.0,8410.0,8350.0,8350.0,1020,0.0,0.0
2022-12-13 12:00:00+09:00,8350.0,8350.0,8330.0,8350.0,2971,0.0,0.0
2022-12-13 13:00:00+09:00,8370.0,8390.0,8350.0,8390.0,0,0.0,0.0
2022-12-13 14:00:00+09:00,8360.0,8380.0,8320.0,8380.0,29432,0.0,0.0
2022-12-14 09:00:00+09:00,8320.0,8480.0,8320.0,8400.0,0,0.0,0.0
2022-12-14 10:00:00+09:00,8390.0,8400.0,8370.0,8390.0,2380,0.0,0.0
2022-12-14 11:00:00+09:00,8400.0,8470.0,8370.0,8470.0,8878,0.0,0.0
2022-12-14 12:00:00+09:00,8470.0,8580.0,8460.0,8580.0,17351,0.0,0.0
2022-12-14 13:00:00+09:00,8570.0,8620.0,8560.0,8580.0,8089,0.0,0.0
2022-12-14 14:00:00+09:00,8570.0,8620.0,8570.0,8610.0,0,0.0,0.0
2022-12-15 09:00:00+09:00,8540.0,8660.0,8500.0,8570.0,0,0.0,0.0
2022-12-15 10:00:00+09:00,8560.0,8570.0,8510.0,8510.0,4275,0.0,0.0
2022-12-15 11:00:00+09:00,8540.0,8540.0,8500.0,8530.0,1767,0.0,0.0
2022-12-15 12:00:00+09:00,8510.0,8530.0,8500.0,8520.0,1470,0.0,0.0
2022-12-15 13:00:00+09:00,8500.0,8540.0,8450.0,8450.0,2583,0.0,0.0
2022-12-15 14:00:00+09:00,8460.0,8540.0,8460.0,8500.0,530,0.0,0.0
2022-12-16 09:00:00+09:00,8410.0,8410.0,8320.0,8350.0,0,0.0,0.0
2022-12-16 10:00:00+09:00,8350.0,8400.0,8330.0,8400.0,3775,0.0,0.0
2022-12-16 11:00:00+09:00,8390.0,8430.0,8380.0,8400.0,2154,0.0,0.0
2022-12-16 12:00:00+09:00,8390.0,8400.0,8350.0,8360.0,2292,0.0,0.0
2022-12-16 13:00:00+09:00,8370.0,8400.0,8370.0,8400.0,1666,0.0,0.0
2022-12-16 14:00:00+09:00,8380.0,8400.0,8330.0,8340.0,9015,0.0,0.0
2022-12-19 09:00:00+09:00,8260.0,8350.0,8210.0,8350.0,5968,0.0,0.0
2022-12-19 10:00:00+09:00,8350.0,8380.0,8350.0,8350.0,1392,0.0,0.0
2022-12-19 11:00:00+09:00,8340.0,8360.0,8300.0,8330.0,4977,0.0,0.0
2022-12-19 12:00:00+09:00,8330.0,8330.0,8310.0,8310.0,1604,0.0,0.0
2022-12-19 13:00:00+09:00,8310.0,8330.0,8290.0,8310.0,2415,0.0,0.0
2022-12-19 14:00:00+09:00,8310.0,8310.0,8290.0,8300.0,2670,0.0,0.0
2022-12-20 09:00:00+09:00,8220.0,8320.0,8150.0,8180.0,0,0.0,0.0
2022-12-20 10:00:00+09:00,8180.0,8230.0,8180.0,8220.0,3000,0.0,0.0
2022-12-20 11:00:00+09:00,8220.0,8220.0,8200.0,8220.0,0,0.0,0.0
2022-12-20 12:00:00+09:00,8220.0,8250.0,8160.0,8240.0,16081,0.0,0.0
2022-12-20 13:00:00+09:00,8180.0,8210.0,8150.0,8200.0,2569,0.0,0.0
2022-12-20 14:00:00+09:00,8180.0,8200.0,8080.0,8130.0,13505,0.0,0.0
2022-12-21 09:00:00+09:00,8330.0,8330.0,8100.0,8100.0,0,0.0,0.0
2022-12-21 10:00:00+09:00,8100.0,8120.0,8030.0,8120.0,5639,0.0,0.0
2022-12-21 11:00:00+09:00,8110.0,8120.0,8090.0,8100.0,781,0.0,0.0
2022-12-21 12:00:00+09:00,8110.0,8110.0,8070.0,8100.0,2438,0.0,0.0
2022-12-21 13:00:00+09:00,8100.0,8100.0,8000.0,8050.0,7018,0.0,0.0
2022-12-21 14:00:00+09:00,8050.0,8050.0,7970.0,8030.0,13958,0.0,0.0
2022-12-22 09:00:00+09:00,7990.0,8100.0,7980.0,8010.0,0,0.0,0.0
2022-12-22 10:00:00+09:00,8010.0,8010.0,7990.0,8010.0,4673,0.0,0.0
2022-12-22 11:00:00+09:00,8040.0,8080.0,8040.0,8050.0,3469,0.0,0.0
2022-12-22 12:00:00+09:00,8070.0,8080.0,8050.0,8060.0,2008,0.0,0.0
2022-12-22 13:00:00+09:00,8050.0,8050.0,8000.0,8040.0,3796,0.0,0.0
2022-12-22 14:00:00+09:00,8040.0,8070.0,8010.0,8060.0,8208,0.0,0.0
2022-12-23 09:00:00+09:00,7940.0,8020.0,7780.0,7800.0,0,0.0,0.0
2022-12-23 10:00:00+09:00,7800.0,7960.0,7780.0,7910.0,6876,0.0,0.0
2022-12-23 11:00:00+09:00,7910.0,7950.0,7860.0,7870.0,459,0.0,0.0
2022-12-23 12:00:00+09:00,7880.0,7920.0,7860.0,7870.0,908,0.0,0.0
2022-12-23 13:00:00+09:00,7870.0,7890.0,7840.0,7890.0,649,0.0,0.0
2022-12-23 14:00:00+09:00,7890.0,7890.0,7700.0,7700.0,13152,0.0,0.0
2022-12-26 09:00:00+09:00,7660.0,7760.0,7560.0,7580.0,0,0.0,0.0
2022-12-26 10:00:00+09:00,7570.0,7650.0,7550.0,7590.0,20996,0.0,0.0
2022-12-26 11:00:00+09:00,7590.0,7600.0,7580.0,7580.0,4082,0.0,0.0
2022-12-26 12:00:00+09:00,7580.0,7590.0,7500.0,7580.0,14975,0.0,0.0
2022-12-26 13:00:00+09:00,7590.0,7700.0,7590.0,7680.0,9727,0.0,0.0
2022-12-26 14:00:00+09:00,7670.0,7670.0,7600.0,7650.0,2074,0.0,0.0
2022-12-27 09:00:00+09:00,7480.0,7640.0,7480.0,7610.0,0,0.0,0.0
2022-12-27 10:00:00+09:00,7590.0,7780.0,7570.0,7750.0,17883,0.0,0.0
2022-12-27 11:00:00+09:00,7750.0,8220.0,7740.0,7750.0,75775,0.0,0.0
2022-12-27 12:00:00+09:00,7760.0,7830.0,7730.0,7770.0,1713,0.0,0.0
2022-12-27 13:00:00+09:00,7760.0,8020.0,7730.0,7990.0,9767,0.0,0.0
2022-12-27 14:00:00+09:00,7980.0,8020.0,7900.0,7980.0,15331,0.0,0.0
2022-12-28 09:00:00+09:00,7960.0,7960.0,7780.0,7810.0,0,0.0,0.0
2022-12-28 10:00:00+09:00,7820.0,7920.0,7790.0,7910.0,2441,0.0,0.0
2022-12-28 11:00:00+09:00,7910.0,8010.0,7890.0,7990.0,5931,0.0,0.0
2022-12-28 12:00:00+09:00,8000.0,8030.0,7960.0,8010.0,1423,0.0,0.0
2022-12-28 13:00:00+09:00,8010.0,8050.0,7960.0,7960.0,1732,0.0,0.0
2022-12-28 14:00:00+09:00,8010.0,8030.0,7960.0,8020.0,1014,0.0,0.0
2022-12-29 09:00:00+09:00,7760.0,7920.0,7760.0,7920.0,0,0.0,0.0
2022-12-29 10:00:00+09:00,7950.0,7990.0,7890.0,7980.0,6238,0.0,0.0
2022-12-29 11:00:00+09:00,7960.0,7990.0,7920.0,7950.0,2713,0.0,0.0
2022-12-29 12:00:00+09:00,7950.0,7970.0,7900.0,7930.0,1284,0.0,0.0
2022-12-29 13:00:00+09:00,7940.0,7970.0,7930.0,7960.0,1145,0.0,0.0
2022-12-29 14:00:00+09:00,7960.0,8000.0,7930.0,8000.0,1761,0.0,0.0
2023-01-02 10:00:00+09:00,7950.0,8090.0,7950.0,8040.0,2784,0.0,0.0
2023-01-02 11:00:00+09:00,8030.0,8030.0,7950.0,7990.0,2467,0.0,0.0
2023-01-02 12:00:00+09:00,7960.0,7990.0,7940.0,7950.0,6418,0.0,0.0
2023-01-02 13:00:00+09:00,7940.0,7940.0,7930.0,7930.0,1479,0.0,0.0
2023-01-02 14:00:00+09:00,7930.0,7940.0,7910.0,7940.0,4525,0.0,0.0
2023-01-03 09:00:00+09:00,8010.0,8010.0,7870.0,7890.0,0,0.0,0.0
2023-01-03 10:00:00+09:00,7890.0,7940.0,7610.0,7920.0,8373,0.0,0.0
2023-01-03 11:00:00+09:00,7920.0,7940.0,7870.0,7940.0,727,0.0,0.0
2023-01-03 12:00:00+09:00,7940.0,8020.0,7930.0,8020.0,2631,0.0,0.0
2023-01-03 13:00:00+09:00,8000.0,8020.0,7970.0,8010.0,1704,0.0,0.0
2023-01-03 14:00:00+09:00,8010.0,8010.0,7900.0,7950.0,2500,0.0,0.0
2023-01-04 09:00:00+09:00,7990.0,8010.0,7920.0,8000.0,0,0.0,0.0
2023-01-04 10:00:00+09:00,8000.0,8040.0,7960.0,8020.0,10660,0.0,0.0
2023-01-04 11:00:00+09:00,8020.0,8020.0,8000.0,8010.0,2035,0.0,0.0
2023-01-04 12:00:00+09:00,8000.0,8050.0,7990.0,8050.0,3266,0.0,0.0
2023-01-04 13:00:00+09:00,8050.0,8050.0,7980.0,8000.0,1919,0.0,0.0
2023-01-04 14:00:00+09:00,7990.0,8020.0,7980.0,8010.0,1849,0.0,0.0
2023-01-05 09:00:00+09:00,8130.0,8130.0,7860.0,7860.0,0,0.0,0.0
2023-01-05 10:00:00+09:00,7850.0,7990.0,7840.0,7990.0,4803,0.0,0.0
2023-01-05 11:00:00+09:00,7960.0,7960.0,7730.0,7770.0,9050,0.0,0.0
2023-01-05 12:00:00+09:00,7770.0,7780.0,7700.0,7710.0,4009,0.0,0.0
2023-01-05 13:00:00+09:00,7720.0,7780.0,7710.0,7770.0,7720,0.0,0.0
2023-01-05 14:00:00+09:00,7760.0,7780.0,7740.0,7740.0,6854,0.0,0.0
2023-01-06 09:00:00+09:00,7700.0,7960.0,7700.0,7960.0,0,0.0,0.0
2023-01-06 10:00:00+09:00,7940.0,7990.0,7800.0,7880.0,6269,0.0,0.0
2023-01-06 11:00:00+09:00,7860.0,7920.0,7800.0,7920.0,4481,0.0,0.0
2023-01-06 12:00:00+09:00,7920.0,7980.0,7910.0,7980.0,2565,0.0,0.0
2023-01-06 13:00:00+09:00,7970.0,7980.0,7930.0,7960.0,2604,0.0,0.0
2023-01-06 14:00:00+09:00,7960.0,7960.0,7920.0,7930.0,1359,0.0,0.0
2023-01-09 09:00:00+09:00,7970.0,8140.0,7900.0,8020.0,0,0.0,0.0
2023-01-09 10:00:00+09:00,8030.0,8140.0,8020.0,8140.0,6100,0.0,0.0
2023-01-09 11:00:00+09:00,8150.0,8190.0,8100.0,8140.0,9724,0.0,0.0
2023-01-09 12:00:00+09:00,8140.0,8140.0,8100.0,8130.0,1401,0.0,0.0
2023-01-09 13:00:00+09:00,8130.0,8130.0,8070.0,8070.0,3246,0.0,0.0
2023-01-09 14:00:00+09:00,8060.0,8060.0,8000.0,8030.0,1251,0.0,0.0
2023-01-10 09:00:00+09:00,8000.0,8180.0,8000.0,8160.0,0,0.0,0.0
2023-01-10 10:00:00+09:00,8160.0,8280.0,8100.0,8210.0,7972,0.0,0.0
2023-01-10 11:00:00+09:00,8210.0,8210.0,8080.0,8120.0,4479,0.0,0.0
2023-01-10 12:00:00+09:00,8110.0,8140.0,8080.0,8120.0,2736,0.0,0.0
2023-01-10 13:00:00+09:00,8160.0,8160.0,8070.0,8070.0,1391,0.0,0.0
2023-01-10 14:00:00+09:00,8060.0,8140.0,8060.0,8100.0,4497,0.0,0.0
2023-01-11 09:00:00+09:00,8070.0,8240.0,8070.0,8230.0,0,0.0,0.0
2023-01-11 10:00:00+09:00,8230.0,9550.0,8230.0,8410.0,313462,0.0,0.0
2023-01-11 11:00:00+09:00,8400.0,8490.0,8390.0,8420.0,19362,0.0,0.0
2023-01-11 12:00:00+09:00,8430.0,9070.0,8380.0,8520.0,219011,0.0,0.0
2023-01-11 13:00:00+09:00,8530.0,8690.0,8460.0,8490.0,46817,0.0,0.0
2023-01-11 14:00:00+09:00,8490.0,8540.0,8450.0,8520.0,23687,0.0,0.0
2023-01-12 09:00:00+09:00,8570.0,8650.0,8490.0,8500.0,0,0.0,0.0
2023-01-12 10:00:00+09:00,8490.0,8520.0,8440.0,8460.0,9763,0.0,0.0
2023-01-12 11:00:00+09:00,8460.0,8570.0,8440.0,8450.0,8037,0.0,0.0
2023-01-12 12:00:00+09:00,8450.0,8500.0,8450.0,8470.0,5386,0.0,0.0
2023-01-12 13:00:00+09:00,8470.0,8500.0,8450.0,8470.0,9553,0.0,0.0
2023-01-12 14:00:00+09:00,8490.0,8490.0,8450.0,8460.0,2659,0.0,0.0
2023-01-13 09:00:00+09:00,8470.0,8500.0,8440.0,8480.0,0,0.0,0.0
2023-01-13 10:00:00+09:00,8450.0,8460.0,8420.0,8440.0,5395,0.0,0.0
2023-01-13 11:00:00+09:00,8440.0,8440.0,8420.0,8420.0,3594,0.0,0.0
2023-01-13 12:00:00+09:00,8420.0,8450.0,8410.0,8450.0,1040,0.0,0.0
2023-01-13 13:00:00+09:00,8450.0,8450.0,8420.0,8440.0,1674,0.0,0.0
2023-01-13 14:00:00+09:00,8440.0,8440.0,8410.0,8420.0,939,0.0,0.0
2023-01-16 09:00:00+09:00,8400.0,8440.0,8370.0,8420.0,0,0.0,0.0
2023-01-16 10:00:00+09:00,8410.0,8420.0,8400.0,8410.0,12354,0.0,0.0
2023-01-16 11:00:00+09:00,8410.0,8420.0,8390.0,8410.0,2279,0.0,0.0
2023-01-16 12:00:00+09:00,8400.0,8410.0,8400.0,8400.0,472,0.0,0.0
2023-01-16 13:00:00+09:00,8400.0,8400.0,8300.0,8320.0,8734,0.0,0.0
2023-01-16 14:00:00+09:00,8320.0,8370.0,8290.0,8340.0,2702,0.0,0.0
2023-01-17 09:00:00+09:00,8330.0,8370.0,8280.0,8300.0,0,0.0,0.0
2023-01-17 10:00:00+09:00,8340.0,8370.0,8310.0,8350.0,5487,0.0,0.0
2023-01-17 11:00:00+09:00,8340.0,8340.0,8270.0,8280.0,8669,0.0,0.0
2023-01-17 12:00:00+09:00,8280.0,8290.0,8270.0,8290.0,572,0.0,0.0
2023-01-17 13:00:00+09:00,8290.0,8300.0,8270.0,8280.0,1243,0.0,0.0
2023-01-17 14:00:00+09:00,8280.0,8280.0,8250.0,8250.0,2437,0.0,0.0
2023-01-18 09:00:00+09:00,8340.0,8390.0,8310.0,8360.0,0,0.0,0.0
2023-01-18 10:00:00+09:00,8360.0,8410.0,8320.0,8320.0,5348,0.0,0.0
2023-01-18 11:00:00+09:00,8380.0,8390.0,8290.0,8300.0,3968,0.0,0.0
2023-01-18 12:00:00+09:00,8320.0,8330.0,8290.0,8320.0,2469,0.0,0.0
2023-01-18 13:00:00+09:00,8300.0,8310.0,8280.0,8310.0,1043,0.0,0.0
2023-01-18 14:00:00+09:00,8310.0,8310.0,8300.0,8310.0,482,0.0,0.0
2023-01-19 09:00:00+09:00,8300.0,8500.0,8300.0,8390.0,0,0.0,0.0
2023-01-19 10:00:00+09:00,8390.0,8410.0,8380.0,8390.0,3650,0.0,0.0
2023-01-19 11:00:00+09:00,8390.0,8460.0,8390.0,8450.0,1624,0.0,0.0
2023-01-19 12:00:00+09:00,8460.0,8470.0,8390.0,8390.0,4206,0.0,0.0
2023-01-19 13:00:00+09:00,8390.0,8400.0,8380.0,8400.0,595,0.0,0.0
2023-01-19 14:00:00+09:00,8400.0,8420.0,8380.0,8380.0,881,0.0,0.0
2023-01-20 09:00:00+09:00,8390.0,8480.0,8330.0,8410.0,0,0.0,0.0
2023-01-20 10:00:00+09:00,8410.0,8410.0,8370.0,8380.0,6967,0.0,0.0
2023-01-20 11:00:00+09:00,8380.0,8380.0,8330.0,8350.0,757,0.0,0.0
2023-01-20 12:00:00+09:00,8350.0,8400.0,8340.0,8370.0,4576,0.0,0.0
2023-01-20 13:00:00+09:00,8370.0,8410.0,8350.0,8410.0,1994,0.0,0.0
2023-01-20 14:00:00+09:00,8410.0,8410.0,8360.0,8360.0,3485,0.0,0.0
2023-01-25 09:00:00+09:00,8380.0,8480.0,8380.0,8440.0,0,0.0,0.0
2023-01-25 10:00:00+09:00,8440.0,8560.0,8440.0,8510.0,12197,0.0,0.0
2023-01-25 11:00:00+09:00,8510.0,8520.0,8480.0,8480.0,4864,0.0,0.0
2023-01-25 12:00:00+09:00,8490.0,8490.0,8440.0,8440.0,9631,0.0,0.0
2023-01-25 13:00:00+09:00,8440.0,8510.0,8430.0,8500.0,4785,0.0,0.0
2023-01-25 14:00:00+09:00,8480.0,8530.0,8480.0,8520.0,2233,0.0,0.0
2023-01-26 09:00:00+09:00,8480.0,8550.0,8410.0,8460.0,4605,0.0,0.0
2023-01-26 10:00:00+09:00,8460.0,8540.0,8450.0,8510.0,6112,0.0,0.0
2023-01-26 11:00:00+09:00,8510.0,8520.0,8480.0,8480.0,4483,0.0,0.0
2023-01-26 12:00:00+09:00,8490.0,8530.0,8440.0,8500.0,12195,0.0,0.0
2023-01-26 13:00:00+09:00,8500.0,8520.0,8480.0,8480.0,9263,0.0,0.0
2023-01-26 14:00:00+09:00,8490.0,8510.0,8480.0,8490.0,6401,0.0,0.0
2023-01-27 09:00:00+09:00,8500.0,8640.0,8500.0,8540.0,11288,0.0,0.0
2023-01-27 10:00:00+09:00,8520.0,8550.0,8500.0,8540.0,13475,0.0,0.0
2023-01-27 11:00:00+09:00,8530.0,8540.0,8500.0,8510.0,630,0.0,0.0
2023-01-27 12:00:00+09:00,8520.0,8530.0,8500.0,8500.0,2563,0.0,0.0
2023-01-27 13:00:00+09:00,8500.0,8510.0,8480.0,8510.0,4516,0.0,0.0
2023-01-27 14:00:00+09:00,8510.0,8550.0,8510.0,8550.0,5119,0.0,0.0
2023-01-30 09:00:00+09:00,8670.0,8700.0,8570.0,8570.0,0,0.0,0.0
2023-01-30 10:00:00+09:00,8570.0,8910.0,8550.0,8890.0,34910,0.0,0.0
2023-01-30 11:00:00+09:00,8880.0,9210.0,8840.0,9120.0,61309,0.0,0.0
2023-01-30 12:00:00+09:00,9110.0,9160.0,8980.0,9130.0,23128,0.0,0.0
2023-01-30 13:00:00+09:00,9110.0,9160.0,8850.0,8850.0,31033,0.0,0.0
2023-01-30 14:00:00+09:00,8870.0,8910.0,8800.0,8840.0,23871,0.0,0.0
2023-01-31 09:00:00+09:00,8780.0,8970.0,8730.0,8890.0,0,0.0,0.0
2023-01-31 10:00:00+09:00,8890.0,8970.0,8860.0,8970.0,5454,0.0,0.0
2023-01-31 11:00:00+09:00,8980.0,8990.0,8840.0,8860.0,5643,0.0,0.0
2023-01-31 12:00:00+09:00,8900.0,8960.0,8850.0,8940.0,4929,0.0,0.0
2023-01-31 13:00:00+09:00,8940.0,8940.0,8890.0,8910.0,3662,0.0,0.0
2023-01-31 14:00:00+09:00,8920.0,9000.0,8890.0,8920.0,4265,0.0,0.0
2023-02-01 09:00:00+09:00,8910.0,9100.0,8910.0,9000.0,18920,0.0,0.0
2023-02-01 10:00:00+09:00,9010.0,9010.0,8910.0,8960.0,7792,0.0,0.0
2023-02-01 11:00:00+09:00,8960.0,9070.0,8960.0,9020.0,9171,0.0,0.0
2023-02-01 12:00:00+09:00,9020.0,9190.0,9000.0,9110.0,12107,0.0,0.0
2023-02-01 13:00:00+09:00,9110.0,9120.0,9010.0,9010.0,6692,0.0,0.0
2023-02-01 14:00:00+09:00,9010.0,9050.0,8970.0,8970.0,5279,0.0,0.0
2023-02-02 09:00:00+09:00,9020.0,9390.0,9020.0,9390.0,0,0.0,0.0
2023-02-02 10:00:00+09:00,9390.0,9500.0,9340.0,9400.0,32956,0.0,0.0
2023-02-02 11:00:00+09:00,9400.0,9460.0,9330.0,9360.0,12471,0.0,0.0
2023-02-02 12:00:00+09:00,9360.0,9400.0,9350.0,9360.0,5609,0.0,0.0
2023-02-02 13:00:00+09:00,9360.0,9440.0,9360.0,9410.0,12803,0.0,0.0
2023-02-02 14:00:00+09:00,9410.0,9540.0,9390.0,9510.0,22304,0.0,0.0
2023-02-03 09:00:00+09:00,9500.0,9590.0,9360.0,9430.0,18042,0.0,0.0
2023-02-03 10:00:00+09:00,9420.0,9490.0,9420.0,9460.0,5493,0.0,0.0
2023-02-03 11:00:00+09:00,9460.0,9500.0,9460.0,9460.0,8363,0.0,0.0
2023-02-03 12:00:00+09:00,9460.0,9480.0,9460.0,9470.0,3041,0.0,0.0
2023-02-03 13:00:00+09:00,9460.0,9530.0,9460.0,9520.0,6126,0.0,0.0
2023-02-03 14:00:00+09:00,9510.0,9520.0,9470.0,9480.0,12638,0.0,0.0
2023-02-06 09:00:00+09:00,9460.0,9650.0,9260.0,9650.0,0,0.0,0.0
2023-02-06 10:00:00+09:00,9650.0,9750.0,9580.0,9750.0,15625,0.0,0.0
2023-02-06 11:00:00+09:00,9750.0,9810.0,9700.0,9720.0,11122,0.0,0.0
2023-02-06 12:00:00+09:00,9710.0,9750.0,9680.0,9710.0,4218,0.0,0.0
2023-02-06 13:00:00+09:00,9720.0,9750.0,9690.0,9690.0,4478,0.0,0.0
2023-02-06 14:00:00+09:00,9700.0,9760.0,9650.0,9750.0,9081,0.0,0.0
2023-02-07 09:00:00+09:00,9730.0,9900.0,9730.0,9890.0,14065,0.0,0.0
2023-02-07 10:00:00+09:00,9870.0,9870.0,9740.0,9820.0,5247,0.0,0.0
2023-02-07 11:00:00+09:00,9820.0,10000.0,9790.0,9940.0,20630,0.0,0.0
2023-02-07 12:00:00+09:00,9950.0,10030.0,9930.0,10020.0,13061,0.0,0.0
2023-02-07 13:00:00+09:00,10030.0,10180.0,10030.0,10160.0,33916,0.0,0.0
2023-02-07 14:00:00+09:00,10170.0,10290.0,10160.0,10270.0,40033,0.0,0.0
2023-02-08 09:00:00+09:00,10250.0,10430.0,10150.0,10380.0,0,0.0,0.0
2023-02-08 10:00:00+09:00,10390.0,10410.0,10170.0,10230.0,15891,0.0,0.0
2023-02-08 11:00:00+09:00,10230.0,10230.0,10090.0,10120.0,11940,0.0,0.0
2023-02-08 12:00:00+09:00,10120.0,10140.0,10100.0,10130.0,5692,0.0,0.0
2023-02-08 13:00:00+09:00,10130.0,10240.0,10110.0,10210.0,14328,0.0,0.0
2023-02-08 14:00:00+09:00,10210.0,10240.0,10170.0,10220.0,3514,0.0,0.0
2023-02-09 09:00:00+09:00,10250.0,10250.0,9990.0,10040.0,15756,0.0,0.0
2023-02-09 10:00:00+09:00,10040.0,10150.0,10010.0,10140.0,5282,0.0,0.0
2023-02-09 11:00:00+09:00,10130.0,10130.0,10020.0,10080.0,7270,0.0,0.0
2023-02-09 12:00:00+09:00,10080.0,10150.0,10050.0,10130.0,5889,0.0,0.0
2023-02-09 13:00:00+09:00,10130.0,10250.0,10100.0,10130.0,12188,0.0,0.0
2023-02-09 14:00:00+09:00,10170.0,10170.0,10130.0,10130.0,4213,0.0,0.0
2023-02-10 09:00:00+09:00,10160.0,10160.0,9830.0,9840.0,0,0.0,0.0
2023-02-10 10:00:00+09:00,9850.0,9930.0,9760.0,9810.0,21850,0.0,0.0
2023-02-10 11:00:00+09:00,9810.0,9820.0,9710.0,9790.0,20375,0.0,0.0
2023-02-10 12:00:00+09:00,9790.0,9790.0,9690.0,9700.0,7467,0.0,0.0
2023-02-10 13:00:00+09:00,9700.0,9800.0,9670.0,9730.0,4218,0.0,0.0
2023-02-10 14:00:00+09:00,9730.0,9890.0,9730.0,9730.0,26596,0.0,0.0
2023-02-13 09:00:00+09:00,9810.0,9950.0,9700.0,9910.0,0,0.0,0.0
2023-02-13 10:00:00+09:00,9900.0,9910.0,9730.0,9760.0,11871,0.0,0.0
2023-02-13 11:00:00+09:00,9760.0,9900.0,9760.0,9830.0,2293,0.0,0.0
2023-02-13 12:00:00+09:00,9830.0,9850.0,9810.0,9840.0,1674,0.0,0.0
2023-02-13 13:00:00+09:00,9810.0,9850.0,9810.0,9850.0,791,0.0,0.0
2023-02-13 14:00:00+09:00,9830.0,9900.0,9790.0,9810.0,6623,0.0,0.0
2023-02-14 09:00:00+09:00,9800.0,10150.0,9800.0,10060.0,27342,0.0,0.0
2023-02-14 10:00:00+09:00,10060.0,10150.0,10010.0,10030.0,13524,0.0,0.0
2023-02-14 11:00:00+09:00,10050.0,10100.0,10050.0,10070.0,3765,0.0,0.0
2023-02-14 12:00:00+09:00,10060.0,10060.0,9980.0,10000.0,9453,0.0,0.0
2023-02-14 13:00:00+09:00,10020.0,10090.0,10020.0,10070.0,6733,0.0,0.0
2023-02-14 14:00:00+09:00,10070.0,10150.0,10060.0,10090.0,20066,0.0,0.0
2023-02-15 09:00:00+09:00,10070.0,10070.0,9890.0,9890.0,0,0.0,0.0
2023-02-15 10:00:00+09:00,9880.0,9980.0,9770.0,9830.0,15103,0.0,0.0
2023-02-15 11:00:00+09:00,9830.0,9920.0,9830.0,9850.0,4794,0.0,0.0
2023-02-15 12:00:00+09:00,9860.0,9910.0,9830.0,9840.0,2786,0.0,0.0
2023-02-15 13:00:00+09:00,9860.0,9880.0,9820.0,9880.0,3537,0.0,0.0
2023-02-15 14:00:00+09:00,9870.0,9890.0,9750.0,9830.0,13605,0.0,0.0
2023-02-16 09:00:00+09:00,9890.0,10270.0,9890.0,10250.0,0,0.0,0.0
2023-02-16 10:00:00+09:00,10240.0,10550.0,10220.0,10380.0,72735,0.0,0.0
2023-02-16 11:00:00+09:00,10380.0,10550.0,10340.0,10430.0,16490,0.0,0.0
2023-02-16 12:00:00+09:00,10410.0,10440.0,10330.0,10330.0,4096,0.0,0.0
2023-02-16 13:00:00+09:00,10330.0,10400.0,10330.0,10360.0,0,0.0,0.0
2023-02-16 14:00:00+09:00,10360.0,12000.0,10360.0,10560.0,532288,0.0,0.0
2023-02-17 09:00:00+09:00,10580.0,10680.0,10450.0,10490.0,0,0.0,0.0
2023-02-17 10:00:00+09:00,10500.0,10550.0,10290.0,10290.0,20750,0.0,0.0
2023-02-17 11:00:00+09:00,10290.0,10330.0,10260.0,10300.0,11459,0.0,0.0
2023-02-17 12:00:00+09:00,10310.0,10310.0,10140.0,10190.0,28357,0.0,0.0
2023-02-17 13:00:00+09:00,10190.0,10230.0,10010.0,10190.0,11715,0.0,0.0
2023-02-17 14:00:00+09:00,10200.0,10250.0,10160.0,10160.0,9352,0.0,0.0
2023-02-20 09:00:00+09:00,10100.0,10130.0,9870.0,9930.0,0,0.0,0.0
2023-02-20 10:00:00+09:00,9920.0,10230.0,9910.0,10200.0,14568,0.0,0.0
2023-02-20 11:00:00+09:00,10200.0,10280.0,10110.0,10270.0,8718,0.0,0.0
2023-02-20 12:00:00+09:00,10250.0,10280.0,10200.0,10230.0,3009,0.0,0.0
2023-02-20 13:00:00+09:00,10230.0,10290.0,10180.0,10250.0,2016,0.0,0.0
2023-02-20 14:00:00+09:00,10210.0,10220.0,10160.0,10200.0,1697,0.0,0.0
2023-02-21 09:00:00+09:00,10110.0,10200.0,10040.0,10120.0,0,0.0,0.0
2023-02-21 10:00:00+09:00,10130.0,10320.0,10100.0,10320.0,17258,0.0,0.0
2023-02-21 11:00:00+09:00,10320.0,10500.0,10320.0,10320.0,17130,0.0,0.0
2023-02-21 12:00:00+09:00,10340.0,10340.0,10220.0,10280.0,1540,0.0,0.0
2023-02-21 13:00:00+09:00,10260.0,10260.0,10220.0,10220.0,2908,0.0,0.0
2023-02-21 14:00:00+09:00,10220.0,10290.0,10150.0,10270.0,2561,0.0,0.0
2023-02-22 09:00:00+09:00,10060.0,10160.0,10050.0,10130.0,0,0.0,0.0
2023-02-22 10:00:00+09:00,10130.0,10140.0,10100.0,10130.0,3102,0.0,0.0
2023-02-22 11:00:00+09:00,10110.0,10130.0,10090.0,10120.0,726,0.0,0.0
2023-02-22 12:00:00+09:00,10110.0,10120.0,10090.0,10100.0,996,0.0,0.0
2023-02-22 13:00:00+09:00,10120.0,10120.0,10080.0,10080.0,2688,0.0,0.0
2023-02-22 14:00:00+09:00,10110.0,10120.0,10020.0,10070.0,9590,0.0,0.0
2023-02-23 09:00:00+09:00,10070.0,10150.0,10000.0,10050.0,0,0.0,0.0
2023-02-23 10:00:00+09:00,10050.0,10090.0,10020.0,10090.0,5175,0.0,0.0
2023-02-23 11:00:00+09:00,10090.0,10090.0,10020.0,10060.0,1396,0.0,0.0
2023-02-23 12:00:00+09:00,10060.0,10090.0,10030.0,10090.0,1458,0.0,0.0
2023-02-23 13:00:00+09:00,10090.0,10090.0,10040.0,10050.0,2286,0.0,0.0
2023-02-23 14:00:00+09:00,10050.0,10090.0,10050.0,10060.0,968,0.0,0.0
2023-02-24 09:00:00+09:00,10060.0,10090.0,10000.0,10040.0,0,0.0,0.0
2023-02-24 10:00:00+09:00,10060.0,10070.0,9990.0,10000.0,8867,0.0,0.0
2023-02-24 11:00:00+09:00,10000.0,10020.0,9980.0,10020.0,1606,0.0,0.0
2023-02-24 12:00:00+09:00,10020.0,10030.0,10010.0,10020.0,2251,0.0,0.0
2023-02-24 13:00:00+09:00,10020.0,10060.0,10010.0,10030.0,1500,0.0,0.0
2023-02-24 14:00:00+09:00,10030.0,10050.0,10020.0,10040.0,1919,0.0,0.0
2023-02-27 09:00:00+09:00,10050.0,10050.0,9830.0,9830.0,0,0.0,0.0
2023-02-27 10:00:00+09:00,9830.0,9950.0,9810.0,9840.0,12972,0.0,0.0
2023-02-27 11:00:00+09:00,9830.0,9900.0,9830.0,9860.0,414,0.0,0.0
2023-02-27 12:00:00+09:00,9850.0,9880.0,9840.0,9870.0,1716,0.0,0.0
2023-02-27 13:00:00+09:00,9870.0,9870.0,9750.0,9750.0,11854,0.0,0.0
2023-02-27 14:00:00+09:00,9750.0,9800.0,9730.0,9740.0,2627,0.0,0.0
2023-02-28 09:00:00+09:00,9700.0,9960.0,9700.0,9900.0,0,0.0,0.0
2023-02-28 10:00:00+09:00,9870.0,9900.0,9840.0,9870.0,2545,0.0,0.0
2023-02-28 11:00:00+09:00,9850.0,9900.0,9850.0,9900.0,1451,0.0,0.0
2023-02-28 12:00:00+09:00,9900.0,9940.0,9900.0,9920.0,1010,0.0,0.0
2023-02-28 13:00:00+09:00,9920.0,9950.0,9920.0,9940.0,1819,0.0,0.0
2023-02-28 14:00:00+09:00,9940.0,9940.0,9900.0,9910.0,430,0.0,0.0
2023-03-02 09:00:00+09:00,9970.0,9970.0,9760.0,9780.0,0,0.0,0.0
2023-03-02 10:00:00+09:00,9780.0,9780.0,9580.0,9600.0,26121,0.0,0.0
2023-03-02 11:00:00+09:00,9610.0,9730.0,9610.0,9690.0,5328,0.0,0.0
2023-03-02 12:00:00+09:00,9690.0,9810.0,9680.0,9810.0,3113,0.0,0.0
2023-03-02 13:00:00+09:00,9810.0,9810.0,9730.0,9770.0,4733,0.0,0.0
2023-03-02 14:00:00+09:00,9750.0,9820.0,9750.0,9820.0,3173,0.0,0.0
2023-03-03 09:00:00+09:00,9810.0,9930.0,9780.0,9820.0,0,0.0,0.0
2023-03-03 10:00:00+09:00,9830.0,9880.0,9580.0,9680.0,16873,0.0,0.0
2023-03-03 11:00:00+09:00,9670.0,9680.0,9610.0,9650.0,2197,0.0,0.0
2023-03-03 12:00:00+09:00,9650.0,9650.0,9600.0,9630.0,1867,0.0,0.0
2023-03-03 13:00:00+09:00,9620.0,9650.0,9610.0,9650.0,4648,0.0,0.0
2023-03-03 14:00:00+09:00,9650.0,9760.0,9650.0,9730.0,1609,0.0,0.0
2023-03-06 09:00:00+09:00,9680.0,9900.0,9400.0,9660.0,0,0.0,0.0
2023-03-06 10:00:00+09:00,9660.0,9820.0,9550.0,9810.0,10452,0.0,0.0
2023-03-06 11:00:00+09:00,9800.0,9870.0,9740.0,9790.0,11142,0.0,0.0
2023-03-06 12:00:00+09:00,9770.0,9880.0,9770.0,9850.0,3264,0.0,0.0
2023-03-06 13:00:00+09:00,9860.0,10520.0,9860.0,10280.0,53283,0.0,0.0
2023-03-06 14:00:00+09:00,10280.0,10320.0,10110.0,10140.0,17514,0.0,0.0
2023-03-07 09:00:00+09:00,10210.0,10230.0,10020.0,10060.0,0,0.0,0.0
2023-03-07 10:00:00+09:00,10060.0,10250.0,9980.0,10130.0,15473,0.0,0.0
2023-03-07 11:00:00+09:00,10110.0,10200.0,10060.0,10070.0,2250,0.0,0.0
2023-03-07 12:00:00+09:00,10070.0,10090.0,10030.0,10030.0,1507,0.0,0.0
2023-03-07 13:00:00+09:00,10030.0,10080.0,10030.0,10070.0,2548,0.0,0.0
2023-03-07 14:00:00+09:00,10070.0,10100.0,10060.0,10070.0,3640,0.0,0.0
2023-03-08 09:00:00+09:00,10060.0,10060.0,9750.0,10000.0,0,0.0,0.0
2023-03-08 10:00:00+09:00,10000.0,10070.0,9860.0,10070.0,20624,0.0,0.0
2023-03-08 11:00:00+09:00,10040.0,10040.0,9900.0,9910.0,2634,0.0,0.0
2023-03-08 12:00:00+09:00,9910.0,9940.0,9840.0,9940.0,3664,0.0,0.0
2023-03-08 13:00:00+09:00,9920.0,9970.0,9910.0,9970.0,888,0.0,0.0
2023-03-08 14:00:00+09:00,9930.0,9990.0,9900.0,9990.0,2893,0.0,0.0
2023-03-09 09:00:00+09:00,9970.0,10500.0,9970.0,10180.0,27812,0.0,0.0
2023-03-09 10:00:00+09:00,10160.0,10190.0,10070.0,10160.0,3031,0.0,0.0
2023-03-09 11:00:00+09:00,10170.0,10240.0,10120.0,10150.0,4576,0.0,0.0
2023-03-09 12:00:00+09:00,10140.0,10210.0,10130.0,10210.0,1404,0.0,0.0
2023-03-09 13:00:00+09:00,10210.0,10250.0,10160.0,10240.0,6331,0.0,0.0
2023-03-09 14:00:00+09:00,10220.0,10250.0,10180.0,10200.0,2320,0.0,0.0
2023-03-10 09:00:00+09:00,10080.0,10190.0,10080.0,10130.0,12755,0.0,0.0
2023-03-10 10:00:00+09:00,10120.0,10120.0,10020.0,10020.0,6518,0.0,0.0
2023-03-10 11:00:00+09:00,10020.0,10050.0,9810.0,9810.0,16593,0.0,0.0
2023-03-10 12:00:00+09:00,9820.0,9820.0,9780.0,9800.0,14237,0.0,0.0
2023-03-10 13:00:00+09:00,9800.0,9810.0,9760.0,9760.0,13291,0.0,0.0
2023-03-10 14:00:00+09:00,9790.0,9800.0,9640.0,9770.0,14507,0.0,0.0
2023-03-13 09:00:00+09:00,9620.0,9630.0,9310.0,9400.0,0,0.0,0.0
2023-03-13 10:00:00+09:00,9410.0,9600.0,9210.0,9460.0,17890,0.0,0.0
2023-03-13 11:00:00+09:00,9460.0,9550.0,9350.0,9550.0,1771,0.0,0.0
2023-03-13 12:00:00+09:00,9550.0,9580.0,9430.0,9440.0,7804,0.0,0.0
2023-03-13 13:00:00+09:00,9450.0,9510.0,9380.0,9510.0,16300,0.0,0.0
2023-03-13 14:00:00+09:00,9520.0,9780.0,9520.0,9750.0,5526,0.0,0.0
2023-03-14 09:00:00+09:00,9510.0,9790.0,9180.0,9220.0,0,0.0,0.0
2023-03-14 10:00:00+09:00,9180.0,9350.0,9170.0,9350.0,9244,0.0,0.0
2023-03-14 11:00:00+09:00,9350.0,9570.0,9350.0,9420.0,22804,0.0,0.0
2023-03-14 12:00:00+09:00,9480.0,9480.0,9320.0,9400.0,2779,0.0,0.0
2023-03-14 13:00:00+09:00,9390.0,9400.0,9250.0,9350.0,3219,0.0,0.0
2023-03-14 14:00:00+09:00,9360.0,9360.0,9220.0,9250.0,8772,0.0,0.0
2023-03-15 09:00:00+09:00,9400.0,9760.0,9300.0,9450.0,0,0.0,0.0
2023-03-15 10:00:00+09:00,9480.0,9480.0,9380.0,9470.0,687,0.0,0.0
2023-03-15 11:00:00+09:00,9440.0,9520.0,9390.0,9470.0,7499,0.0,0.0
2023-03-15 12:00:00+09:00,9470.0,9500.0,9390.0,9500.0,5960,0.0,0.0
2023-03-15 13:00:00+09:00,9500.0,9500.0,9470.0,9500.0,2494,0.0,0.0
2023-03-15 14:00:00+09:00,9500.0,9500.0,9310.0,9370.0,3895,0.0,0.0
2023-03-16 09:00:00+09:00,9200.0,9540.0,9200.0,9520.0,0,0.0,0.0
2023-03-16 10:00:00+09:00,9520.0,9580.0,9390.0,9550.0,5137,0.0,0.0
2023-03-16 11:00:00+09:00,9560.0,9560.0,9500.0,9550.0,2581,0.0,0.0
2023-03-16 12:00:00+09:00,9510.0,9540.0,9470.0,9490.0,381,0.0,0.0
2023-03-16 13:00:00+09:00,9480.0,9480.0,9250.0,9440.0,6962,0.0,0.0
2023-03-16 14:00:00+09:00,9450.0,9520.0,9400.0,9520.0,1527,0.0,0.0
2023-03-17 09:00:00+09:00,9900.0,9910.0,9650.0,9770.0,19959,0.0,0.0
2023-03-17 10:00:00+09:00,9870.0,9960.0,9810.0,9850.0,7875,0.0,0.0
2023-03-17 11:00:00+09:00,9850.0,9890.0,9780.0,9850.0,11434,0.0,0.0
2023-03-17 12:00:00+09:00,9860.0,9890.0,9830.0,9880.0,4033,0.0,0.0
2023-03-17 13:00:00+09:00,9870.0,9900.0,9870.0,9890.0,1391,0.0,0.0
2023-03-17 14:00:00+09:00,9900.0,9900.0,9830.0,9840.0,5151,0.0,0.0
2023-03-20 09:00:00+09:00,9820.0,9890.0,9740.0,9810.0,0,0.0,0.0
2023-03-20 10:00:00+09:00,9780.0,9810.0,9770.0,9780.0,2777,0.0,0.0
2023-03-20 11:00:00+09:00,9800.0,9800.0,9690.0,9760.0,2920,0.0,0.0
2023-03-20 12:00:00+09:00,9750.0,9800.0,9750.0,9790.0,292,0.0,0.0
2023-03-20 13:00:00+09:00,9790.0,9790.0,9660.0,9720.0,1990,0.0,0.0
2023-03-20 14:00:00+09:00,9670.0,9690.0,9600.0,9600.0,2822,0.0,0.0
2023-03-21 09:00:00+09:00,9700.0,9790.0,9550.0,9600.0,2111,0.0,0.0
2023-03-21 10:00:00+09:00,9610.0,9610.0,9410.0,9450.0,7974,0.0,0.0
2023-03-21 11:00:00+09:00,9480.0,9480.0,9390.0,9470.0,1525,0.0,0.0
2023-03-21 12:00:00+09:00,9400.0,9460.0,9400.0,9420.0,1545,0.0,0.0
2023-03-21 13:00:00+09:00,9410.0,9440.0,9400.0,9420.0,2590,0.0,0.0
2023-03-21 14:00:00+09:00,9410.0,9440.0,9390.0,9440.0,2821,0.0,0.0
2023-03-22 09:00:00+09:00,9490.0,9600.0,9460.0,9500.0,4165,0.0,0.0
2023-03-22 10:00:00+09:00,9480.0,9480.0,9400.0,9410.0,5627,0.0,0.0
2023-03-22 11:00:00+09:00,9440.0,9450.0,9290.0,9390.0,10077,0.0,0.0
2023-03-22 12:00:00+09:00,9390.0,9390.0,9240.0,9260.0,19919,0.0,0.0
2023-03-22 13:00:00+09:00,9260.0,9350.0,9260.0,9350.0,8200,0.0,0.0
2023-03-22 14:00:00+09:00,9360.0,9540.0,9340.0,9480.0,9956,0.0,0.0
2023-03-23 09:00:00+09:00,9250.0,9550.0,9250.0,9490.0,5529,0.0,0.0
2023-03-23 10:00:00+09:00,9490.0,9540.0,9430.0,9430.0,8850,0.0,0.0
2023-03-23 11:00:00+09:00,9460.0,9480.0,9390.0,9480.0,8928,0.0,0.0
2023-03-23 12:00:00+09:00,9470.0,9490.0,9340.0,9360.0,5571,0.0,0.0
2023-03-23 13:00:00+09:00,9350.0,9520.0,9330.0,9500.0,12327,0.0,0.0
2023-03-23 14:00:00+09:00,9470.0,9490.0,9390.0,9480.0,2725,0.0,0.0
2023-03-24 09:00:00+09:00,9350.0,10050.0,9350.0,9960.0,43205,0.0,0.0
2023-03-24 10:00:00+09:00,9960.0,10100.0,9850.0,10100.0,39912,0.0,0.0
2023-03-24 11:00:00+09:00,10100.0,10120.0,9930.0,9950.0,9534,0.0,0.0
2023-03-24 12:00:00+09:00,9950.0,10080.0,9950.0,10070.0,8520,0.0,0.0
2023-03-24 13:00:00+09:00,10080.0,10110.0,10030.0,10070.0,10596,0.0,0.0
2023-03-24 14:00:00+09:00,10070.0,10090.0,9980.0,10010.0,6654,0.0,0.0
2023-03-27 09:00:00+09:00,10200.0,10200.0,9880.0,10030.0,0,0.0,0.0
2023-03-27 10:00:00+09:00,10020.0,10230.0,9960.0,10010.0,15461,0.0,0.0
2023-03-27 11:00:00+09:00,10040.0,10230.0,10040.0,10110.0,7527,0.0,0.0
2023-03-27 12:00:00+09:00,10110.0,10140.0,10090.0,10120.0,2797,0.0,0.0
2023-03-27 13:00:00+09:00,10110.0,10110.0,10050.0,10050.0,4002,0.0,0.0
2023-03-27 14:00:00+09:00,10040.0,10090.0,10010.0,10060.0,4655,0.0,0.0
2023-03-28 09:00:00+09:00,10170.0,10550.0,10080.0,10500.0,0,0.0,0.0
2023-03-28 10:00:00+09:00,10490.0,10710.0,10440.0,10450.0,41053,0.0,0.0
2023-03-28 11:00:00+09:00,10450.0,10490.0,10320.0,10360.0,16956,0.0,0.0
2023-03-28 12:00:00+09:00,10360.0,10380.0,10310.0,10320.0,9443,0.0,0.0
2023-03-28 13:00:00+09:00,10350.0,10460.0,10340.0,10440.0,10066,0.0,0.0
2023-03-28 14:00:00+09:00,10410.0,10690.0,10410.0,10520.0,40138,0.0,0.0
2023-03-29 09:00:00+09:00,10530.0,10730.0,10400.0,10530.0,72653,0.0,0.0
2023-03-29 10:00:00+09:00,10530.0,10610.0,10450.0,10500.0,15787,0.0,0.0
2023-03-29 11:00:00+09:00,10490.0,10570.0,10460.0,10510.0,10323,0.0,0.0
2023-03-29 12:00:00+09:00,10510.0,10530.0,10450.0,10490.0,4984,0.0,0.0
2023-03-29 13:00:00+09:00,10500.0,10660.0,10500.0,10630.0,17038,0.0,0.0
2023-03-29 14:00:00+09:00,10640.0,10710.0,10610.0,10690.0,16132,0.0,0.0
2023-03-30 09:00:00+09:00,10720.0,10750.0,10600.0,10680.0,24963,0.0,0.0
2023-03-30 10:00:00+09:00,10680.0,10740.0,10560.0,10580.0,23800,0.0,0.0
2023-03-30 11:00:00+09:00,10580.0,10600.0,10530.0,10540.0,7463,0.0,0.0
2023-03-30 12:00:00+09:00,10530.0,10540.0,10470.0,10500.0,57328,0.0,0.0
2023-03-30 13:00:00+09:00,10490.0,10590.0,10490.0,10530.0,9356,0.0,0.0
2023-03-30 14:00:00+09:00,10530.0,10530.0,10450.0,10470.0,12347,0.0,0.0
2023-03-31 09:00:00+09:00,10580.0,10860.0,10520.0,10680.0,59717,0.0,0.0
2023-03-31 10:00:00+09:00,10640.0,10790.0,10630.0,10750.0,25301,0.0,0.0
2023-03-31 11:00:00+09:00,10750.0,10780.0,10740.0,10750.0,5310,0.0,0.0
2023-03-31 12:00:00+09:00,10750.0,10760.0,10640.0,10700.0,9453,0.0,0.0
2023-03-31 13:00:00+09:00,10710.0,10710.0,10490.0,10490.0,10375,0.0,0.0
2023-03-31 14:00:00+09:00,10480.0,10490.0,10270.0,10270.0,18103,0.0,0.0
2023-04-03 09:00:00+09:00,10550.0,10550.0,10050.0,10170.0,0,0.0,0.0
2023-04-03 10:00:00+09:00,10140.0,10320.0,10110.0,10130.0,15997,0.0,0.0
2023-04-03 11:00:00+09:00,10140.0,10220.0,10100.0,10200.0,3454,0.0,0.0
2023-04-03 12:00:00+09:00,10200.0,10270.0,10200.0,10240.0,3456,0.0,0.0
2023-04-03 13:00:00+09:00,10230.0,10250.0,10200.0,10220.0,1603,0.0,0.0
2023-04-03 14:00:00+09:00,10220.0,10250.0,10200.0,10250.0,5228,0.0,0.0
2023-04-04 09:00:00+09:00,10260.0,10260.0,10130.0,10260.0,12415,0.0,0.0
2023-04-04 10:00:00+09:00,10260.0,10440.0,10240.0,10400.0,17166,0.0,0.0
2023-04-04 11:00:00+09:00,10400.0,10520.0,10400.0,10470.0,14984,0.0,0.0
2023-04-04 12:00:00+09:00,10470.0,10470.0,10430.0,10470.0,4348,0.0,0.0
2023-04-04 13:00:00+09:00,10470.0,10470.0,10340.0,10410.0,9407,0.0,0.0
2023-04-04 14:00:00+09:00,10410.0,10420.0,10270.0,10350.0,5507,0.0,0.0
2023-04-05 09:00:00+09:00,10170.0,10570.0,10170.0,10360.0,25750,0.0,0.0
2023-04-05 10:00:00+09:00,10360.0,10550.0,10240.0,10550.0,29904,0.0,0.0
2023-04-05 11:00:00+09:00,10550.0,10720.0,10550.0,10720.0,24196,0.0,0.0
2023-04-05 12:00:00+09:00,10720.0,10730.0,10670.0,10730.0,10091,0.0,0.0
2023-04-05 13:00:00+09:00,10730.0,10730.0,10450.0,10580.0,5810,0.0,0.0
2023-04-05 14:00:00+09:00,10590.0,10600.0,10420.0,10550.0,6342,0.0,0.0
2023-04-06 09:00:00+09:00,10570.0,10590.0,10210.0,10240.0,25110,0.0,0.0
2023-04-06 10:00:00+09:00,10250.0,10320.0,10250.0,10280.0,2331,0.0,0.0
2023-04-06 11:00:00+09:00,10280.0,10280.0,10170.0,10200.0,17860,0.0,0.0
2023-04-06 12:00:00+09:00,10200.0,10210.0,10100.0,10100.0,18157,0.0,0.0
2023-04-06 13:00:00+09:00,10100.0,10130.0,10090.0,10100.0,6221,0.0,0.0
2023-04-06 14:00:00+09:00,10090.0,10120.0,10050.0,10100.0,8447,0.0,0.0
2023-04-07 09:00:00+09:00,10200.0,10350.0,10180.0,10190.0,9962,0.0,0.0
2023-04-07 10:00:00+09:00,10190.0,10450.0,10190.0,10450.0,24434,0.0,0.0
2023-04-07 11:00:00+09:00,10450.0,10660.0,10450.0,10650.0,31800,0.0,0.0
2023-04-07 12:00:00+09:00,10650.0,10650.0,10400.0,10420.0,5948,0.0,0.0
2023-04-07 13:00:00+09:00,10420.0,10440.0,10350.0,10440.0,10025,0.0,0.0
2023-04-07 14:00:00+09:00,10420.0,10430.0,10360.0,10390.0,1309,0.0,0.0
2023-04-10 09:00:00+09:00,10390.0,10440.0,10040.0,10140.0,0,0.0,0.0
2023-04-10 10:00:00+09:00,10180.0,10190.0,10030.0,10070.0,11344,0.0,0.0
2023-04-10 11:00:00+09:00,10070.0,10110.0,10040.0,10070.0,8330,0.0,0.0
2023-04-10 12:00:00+09:00,10090.0,10130.0,10090.0,10130.0,2670,0.0,0.0
2023-04-10 13:00:00+09:00,10130.0,10180.0,10060.0,10070.0,5179,0.0,0.0
2023-04-10 14:00:00+09:00,10070.0,10110.0,10070.0,10110.0,1307,0.0,0.0
2023-04-11 09:00:00+09:00,10060.0,10310.0,10030.0,10180.0,14960,0.0,0.0
2023-04-11 10:00:00+09:00,10180.0,10400.0,10120.0,10270.0,22537,0.0,0.0
2023-04-11 11:00:00+09:00,10290.0,10300.0,10270.0,10280.0,1104,0.0,0.0
2023-04-11 12:00:00+09:00,10280.0,10280.0,10210.0,10210.0,3629,0.0,0.0
2023-04-11 13:00:00+09:00,10210.0,10300.0,10200.0,10230.0,0,0.0,0.0
2023-04-11 14:00:00+09:00,10240.0,10290.0,10220.0,10240.0,49007,0.0,0.0
2023-04-12 09:00:00+09:00,10300.0,10300.0,10160.0,10300.0,0,0.0,0.0
2023-04-12 10:00:00+09:00,10300.0,10300.0,10160.0,10200.0,10240,0.0,0.0
2023-04-12 11:00:00+09:00,10200.0,10340.0,10200.0,10330.0,4881,0.0,0.0
2023-04-12 12:00:00+09:00,10330.0,10380.0,10330.0,10360.0,3500,0.0,0.0
2023-04-12 13:00:00+09:00,10360.0,10360.0,10240.0,10300.0,15094,0.0,0.0
2023-04-12 14:00:00+09:00,10340.0,10390.0,10280.0,10300.0,4719,0.0,0.0
2023-04-13 09:00:00+09:00,10360.0,10360.0,10060.0,10200.0,0,0.0,0.0
2023-04-13 10:00:00+09:00,10190.0,10210.0,10130.0,10170.0,1786,0.0,0.0
2023-04-13 11:00:00+09:00,10170.0,10210.0,10170.0,10200.0,1588,0.0,0.0
2023-04-13 12:00:00+09:00,10200.0,10230.0,10170.0,10180.0,5412,0.0,0.0
2023-04-13 13:00:00+09:00,10190.0,10190.0,10160.0,10180.0,1863,0.0,0.0
2023-04-13 14:00:00+09:00,10180.0,10260.0,10170.0,10240.0,3108,0.0,0.0
2023-04-14 09:00:00+09:00,10340.0,10470.0,10210.0,10220.0,0,0.0,0.0
2023-04-14 10:00:00+09:00,10220.0,10220.0,10040.0,10080.0,19825,0.0,0.0
2023-04-14 11:00:00+09:00,10080.0,10180.0,10080.0,10160.0,4087,0.0,0.0
2023-04-14 12:00:00+09:00,10160.0,10160.0,10100.0,10160.0,2723,0.0,0.0
2023-04-14 13:00:00+09:00,10160.0,10180.0,10080.0,10100.0,7942,0.0,0.0
2023-04-14 14:00:00+09:00,10100.0,10230.0,10090.0,10160.0,7665,0.0,0.0
2023-04-17 09:00:00+09:00,10150.0,10150.0,9950.0,9990.0,0,0.0,0.0
2023-04-17 10:00:00+09:00,9990.0,10110.0,9980.0,10060.0,9262,0.0,0.0
2023-04-17 11:00:00+09:00,10100.0,10100.0,10040.0,10070.0,1635,0.0,0.0
2023-04-17 12:00:00+09:00,10080.0,10190.0,10050.0,10160.0,14273,0.0,0.0
2023-04-17 13:00:00+09:00,10170.0,10200.0,10140.0,10180.0,6870,0.0,0.0
2023-04-17 14:00:00+09:00,10180.0,10190.0,10130.0,10130.0,497,0.0,0.0
2023-04-18 09:00:00+09:00,10200.0,10200.0,10010.0,10030.0,0,0.0,0.0
2023-04-18 10:00:00+09:00,10040.0,10100.0,10000.0,10090.0,7698,0.0,0.0
2023-04-18 11:00:00+09:00,10080.0,10110.0,10080.0,10080.0,2649,0.0,0.0
2023-04-18 12:00:00+09:00,10080.0,10100.0,10060.0,10080.0,2692,0.0,0.0
2023-04-18 13:00:00+09:00,10080.0,10110.0,10080.0,10110.0,10100,0.0,0.0
2023-04-18 14:00:00+09:00,10110.0,10200.0,10110.0,10160.0,7851,0.0,0.0
2023-04-19 09:00:00+09:00,10090.0,10390.0,10090.0,10360.0,0,0.0,0.0
2023-04-19 10:00:00+09:00,10380.0,10560.0,10340.0,10560.0,35598,0.0,0.0
2023-04-19 11:00:00+09:00,10560.0,10670.0,10540.0,10550.0,36268,0.0,0.0
2023-04-19 12:00:00+09:00,10550.0,10600.0,10490.0,10490.0,5575,0.0,0.0
2023-04-19 13:00:00+09:00,10500.0,10710.0,10470.0,10690.0,37541,0.0,0.0
2023-04-19 14:00:00+09:00,10680.0,10750.0,10650.0,10700.0,34967,0.0,0.0
2023-04-20 09:00:00+09:00,10680.0,11060.0,10620.0,10830.0,0,0.0,0.0
2023-04-20 10:00:00+09:00,10840.0,11200.0,10840.0,11100.0,72614,0.0,0.0
2023-04-20 11:00:00+09:00,11100.0,11100.0,10710.0,10990.0,30815,0.0,0.0
2023-04-20 12:00:00+09:00,10990.0,10990.0,10790.0,10930.0,8272,0.0,0.0
2023-04-20 13:00:00+09:00,10900.0,10900.0,10650.0,10650.0,18505,0.0,0.0
2023-04-20 14:00:00+09:00,10650.0,10650.0,10380.0,10480.0,28283,0.0,0.0
2023-04-21 09:00:00+09:00,10530.0,10990.0,10470.0,10620.0,0,0.0,0.0
2023-04-21 10:00:00+09:00,10620.0,11230.0,10620.0,11230.0,98210,0.0,0.0
2023-04-21 11:00:00+09:00,11230.0,11330.0,10920.0,11050.0,107811,0.0,0.0
2023-04-21 12:00:00+09:00,11050.0,11050.0,10800.0,10870.0,30769,0.0,0.0
2023-04-21 13:00:00+09:00,10860.0,10870.0,10750.0,10820.0,14542,0.0,0.0
2023-04-21 14:00:00+09:00,10810.0,10880.0,10700.0,10780.0,28769,0.0,0.0
2023-04-24 09:00:00+09:00,10720.0,10770.0,10360.0,10370.0,0,0.0,0.0
2023-04-24 10:00:00+09:00,10360.0,10810.0,10360.0,10650.0,34975,0.0,0.0
2023-04-24 11:00:00+09:00,10660.0,10660.0,10430.0,10430.0,4542,0.0,0.0
2023-04-24 12:00:00+09:00,10430.0,10460.0,10360.0,10400.0,11247,0.0,0.0
2023-04-24 13:00:00+09:00,10400.0,10730.0,10390.0,10730.0,14730,0.0,0.0
2023-04-24 14:00:00+09:00,10730.0,10740.0,10390.0,10400.0,15855,0.0,0.0
2023-04-25 09:00:00+09:00,10480.0,10510.0,10090.0,10230.0,37618,0.0,0.0
2023-04-25 10:00:00+09:00,10230.0,10280.0,10020.0,10050.0,26573,0.0,0.0
2023-04-25 11:00:00+09:00,10050.0,10140.0,10000.0,10090.0,15435,0.0,0.0
2023-04-25 12:00:00+09:00,10100.0,10110.0,10050.0,10050.0,7546,0.0,0.0
2023-04-25 13:00:00+09:00,10050.0,10080.0,9970.0,10070.0,14219,0.0,0.0
2023-04-25 14:00:00+09:00,10060.0,10160.0,9980.0,10070.0,14869,0.0,0.0
2023-04-26 09:00:00+09:00,9990.0,10220.0,9980.0,10170.0,0,0.0,0.0
2023-04-26 10:00:00+09:00,10120.0,10430.0,10120.0,10420.0,20283,0.0,0.0
2023-04-26 11:00:00+09:00,10410.0,10590.0,10380.0,10570.0,30963,0.0,0.0
2023-04-26 12:00:00+09:00,10560.0,10560.0,10310.0,10310.0,9638,0.0,0.0
2023-04-26 13:00:00+09:00,10310.0,10350.0,10230.0,10230.0,6766,0.0,0.0
2023-04-26 14:00:00+09:00,10220.0,10260.0,10110.0,10120.0,10787,0.0,0.0
2023-04-27 09:00:00+09:00,10160.0,10270.0,9960.0,10060.0,25205,0.0,0.0
2023-04-27 10:00:00+09:00,10080.0,10590.0,10080.0,10510.0,46502,0.0,0.0
2023-04-27 11:00:00+09:00,10510.0,10540.0,10430.0,10450.0,8006,0.0,0.0
2023-04-27 12:00:00+09:00,10480.0,10500.0,10120.0,10240.0,23902,0.0,0.0
2023-04-27 13:00:00+09:00,10230.0,10270.0,10170.0,10250.0,4034,0.0,0.0
2023-04-27 14:00:00+09:00,10260.0,10270.0,10190.0,10200.0,5802,0.0,0.0
2023-04-28 09:00:00+09:00,10400.0,10420.0,10120.0,10350.0,30887,0.0,0.0
2023-04-28 10:00:00+09:00,10350.0,10400.0,10280.0,10290.0,3613,0.0,0.0
2023-04-28 11:00:00+09:00,10330.0,10340.0,10190.0,10190.0,3721,0.0,0.0
2023-04-28 12:00:00+09:00,10200.0,10220.0,10080.0,10080.0,12049,0.0,0.0
2023-04-28 13:00:00+09:00,10120.0,10200.0,10100.0,10120.0,4937,0.0,0.0
2023-04-28 14:00:00+09:00,10120.0,10150.0,10040.0,10100.0,16416,0.0,0.0
2023-05-02 09:00:00+09:00,10190.0,10190.0,10050.0,10130.0,0,0.0,0.0
2023-05-02 10:00:00+09:00,10130.0,10170.0,10110.0,10130.0,5234,0.0,0.0
2023-05-02 11:00:00+09:00,10130.0,10150.0,10100.0,10150.0,2410,0.0,0.0
2023-05-02 12:00:00+09:00,10150.0,10180.0,10110.0,10160.0,2854,0.0,0.0
2023-05-02 13:00:00+09:00,10160.0,10160.0,10050.0,10070.0,8741,0.0,0.0
2023-05-02 14:00:00+09:00,10080.0,10080.0,10040.0,10080.0,4924,0.0,0.0
2023-05-03 09:00:00+09:00,10030.0,10220.0,10000.0,10030.0,0,0.0,0.0
2023-05-03 10:00:00+09:00,10050.0,10070.0,10010.0,10010.0,6274,0.0,0.0
2023-05-03 11:00:00+09:00,10010.0,10180.0,10000.0,10180.0,6648,0.0,0.0
2023-05-03 12:00:00+09:00,10180.0,10180.0,10130.0,10130.0,777,0.0,0.0
2023-05-03 13:00:00+09:00,10120.0,10190.0,10110.0,10150.0,1139,0.0,0.0
2023-05-03 14:00:00+09:00,10140.0,10140.0,10060.0,10060.0,1084,0.0,0.0
2023-05-04 09:00:00+09:00,10060.0,10110.0,9980.0,10000.0,0,0.0,0.0
2023-05-04 10:00:00+09:00,10000.0,10020.0,9950.0,9980.0,11115,0.0,0.0
2023-05-04 11:00:00+09:00,9970.0,10020.0,9950.0,10010.0,5065,0.0,0.0
2023-05-04 12:00:00+09:00,10010.0,10020.0,9950.0,9960.0,6744,0.0,0.0
2023-05-04 13:00:00+09:00,9970.0,9980.0,9910.0,9930.0,6530,0.0,0.0
2023-05-04 14:00:00+09:00,9920.0,10000.0,9750.0,9750.0,18145,0.0,0.0
2023-05-08 09:00:00+09:00,9750.0,10220.0,9750.0,10210.0,0,0.0,0.0
2023-05-08 10:00:00+09:00,10200.0,10360.0,10200.0,10350.0,27227,0.0,0.0
2023-05-08 11:00:00+09:00,10360.0,10430.0,10320.0,10410.0,16165,0.0,0.0
2023-05-08 12:00:00+09:00,10410.0,10450.0,10390.0,10450.0,15299,0.0,0.0
2023-05-08 13:00:00+09:00,10450.0,10700.0,10310.0,10490.0,25127,0.0,0.0
2023-05-08 14:00:00+09:00,10490.0,10540.0,10250.0,10270.0,12427,0.0,0.0
2023-05-09 09:00:00+09:00,10300.0,10300.0,10070.0,10150.0,0,0.0,0.0
2023-05-09 10:00:00+09:00,10140.0,10260.0,10070.0,10260.0,9055,0.0,0.0
2023-05-09 11:00:00+09:00,10250.0,10260.0,10150.0,10190.0,4417,0.0,0.0
2023-05-09 12:00:00+09:00,10190.0,10290.0,10170.0,10240.0,3182,0.0,0.0
2023-05-09 13:00:00+09:00,10230.0,10270.0,10170.0,10180.0,1944,0.0,0.0
2023-05-09 14:00:00+09:00,10220.0,10230.0,10190.0,10220.0,2825,0.0,0.0
2023-05-10 09:00:00+09:00,10130.0,10250.0,10130.0,10230.0,0,0.0,0.0
2023-05-10 10:00:00+09:00,10230.0,10230.0,10130.0,10170.0,11645,0.0,0.0
2023-05-10 11:00:00+09:00,10180.0,10180.0,10150.0,10160.0,1410,0.0,0.0
2023-05-10 12:00:00+09:00,10160.0,10210.0,10160.0,10180.0,1811,0.0,0.0
2023-05-10 13:00:00+09:00,10180.0,10200.0,10050.0,10200.0,25216,0.0,0.0
2023-05-10 14:00:00+09:00,10160.0,10160.0,10070.0,10070.0,0,0.0,0.0
2023-05-11 09:00:00+09:00,10150.0,10200.0,10100.0,10140.0,0,0.0,0.0
2023-05-11 10:00:00+09:00,10140.0,10150.0,10050.0,10070.0,3847,0.0,0.0
2023-05-11 11:00:00+09:00,10080.0,10130.0,10080.0,10120.0,0,0.0,0.0
2023-05-11 12:00:00+09:00,10110.0,10130.0,10090.0,10100.0,2312,0.0,0.0
2023-05-11 13:00:00+09:00,10120.0,10240.0,10110.0,10200.0,4589,0.0,0.0
2023-05-11 14:00:00+09:00,10200.0,10240.0,10130.0,10130.0,7455,0.0,0.0
2023-05-12 09:00:00+09:00,10090.0,10210.0,10060.0,10210.0,0,0.0,0.0
2023-05-12 10:00:00+09:00,10210.0,10270.0,10150.0,10270.0,7952,0.0,0.0
2023-05-12 11:00:00+09:00,10270.0,10280.0,10190.0,10190.0,5669,0.0,0.0
2023-05-12 12:00:00+09:00,10190.0,10230.0,10170.0,10210.0,3964,0.0,0.0
2023-05-12 13:00:00+09:00,10200.0,10200.0,10150.0,10170.0,4729,0.0,0.0
2023-05-12 14:00:00+09:00,10170.0,10200.0,10150.0,10160.0,11507,0.0,0.0
2023-05-15 09:00:00+09:00,10190.0,10250.0,10060.0,10080.0,0,0.0,0.0
2023-05-15 10:00:00+09:00,10080.0,10110.0,10070.0,10090.0,3084,0.0,0.0
2023-05-15 11:00:00+09:00,10100.0,10110.0,10000.0,10010.0,11740,0.0,0.0
2023-05-15 12:00:00+09:00,10020.0,10050.0,10020.0,10050.0,1239,0.0,0.0
2023-05-15 13:00:00+09:00,10050.0,10080.0,9960.0,9980.0,14293,0.0,0.0
2023-05-15 14:00:00+09:00,9980.0,10030.0,9980.0,10000.0,1858,0.0,0.0
2023-05-16 09:00:00+09:00,10000.0,10090.0,9850.0,9920.0,0,0.0,0.0
2023-05-16 10:00:00+09:00,9920.0,9920.0,9810.0,9900.0,6463,0.0,0.0
2023-05-16 11:00:00+09:00,9890.0,9910.0,9860.0,9900.0,915,0.0,0.0
2023-05-16 12:00:00+09:00,9900.0,9930.0,9870.0,9930.0,2163,0.0,0.0
2023-05-16 13:00:00+09:00,9930.0,9960.0,9870.0,9890.0,3427,0.0,0.0
2023-05-16 14:00:00+09:00,9890.0,9890.0,9840.0,9840.0,7761,0.0,0.0
2023-05-17 09:00:00+09:00,9830.0,10120.0,9770.0,10100.0,0,0.0,0.0
2023-05-17 10:00:00+09:00,10090.0,10280.0,10090.0,10230.0,32000,0.0,0.0
2023-05-17 11:00:00+09:00,10220.0,10280.0,10220.0,10270.0,7555,0.0,0.0
2023-05-17 12:00:00+09:00,10270.0,10270.0,10210.0,10250.0,11294,0.0,0.0
2023-05-17 13:00:00+09:00,10250.0,10260.0,10220.0,10220.0,2484,0.0,0.0
2023-05-17 14:00:00+09:00,10220.0,10240.0,10200.0,10240.0,6617,0.0,0.0
2023-05-18 09:00:00+09:00,10250.0,10300.0,10160.0,10260.0,0,0.0,0.0
2023-05-18 10:00:00+09:00,10250.0,10260.0,10090.0,10190.0,8111,0.0,0.0
2023-05-18 11:00:00+09:00,10190.0,10220.0,10170.0,10220.0,2336,0.0,0.0
2023-05-18 12:00:00+09:00,10220.0,10250.0,10220.0,10250.0,6055,0.0,0.0
2023-05-18 13:00:00+09:00,10240.0,10250.0,10180.0,10200.0,5805,0.0,0.0
2023-05-18 14:00:00+09:00,10190.0,10190.0,10130.0,10190.0,1956,0.0,0.0
2023-05-19 09:00:00+09:00,10300.0,10420.0,10240.0,10320.0,18499,0.0,0.0
2023-05-19 10:00:00+09:00,10320.0,10440.0,10320.0,10430.0,16079,0.0,0.0
2023-05-19 11:00:00+09:00,10430.0,10470.0,10350.0,10450.0,12070,0.0,0.0
2023-05-19 12:00:00+09:00,10450.0,10480.0,10420.0,10450.0,5663,0.0,0.0
2023-05-19 13:00:00+09:00,10440.0,10440.0,10340.0,10440.0,5606,0.0,0.0
2023-05-19 14:00:00+09:00,10440.0,10480.0,10350.0,10470.0,15804,0.0,0.0
2023-05-22 09:00:00+09:00,10500.0,10500.0,10360.0,10390.0,0,0.0,0.0
2023-05-22 10:00:00+09:00,10430.0,10480.0,10390.0,10460.0,8139,0.0,0.0
2023-05-22 11:00:00+09:00,10460.0,10540.0,10460.0,10540.0,9821,0.0,0.0
2023-05-22 12:00:00+09:00,10540.0,10630.0,10530.0,10610.0,12671,0.0,0.0
2023-05-22 13:00:00+09:00,10610.0,10620.0,10490.0,10490.0,5678,0.0,0.0
2023-05-22 14:00:00+09:00,10480.0,10550.0,10450.0,10540.0,16335,0.0,0.0
2023-05-23 09:00:00+09:00,10390.0,10590.0,10350.0,10510.0,11805,0.0,0.0
2023-05-23 10:00:00+09:00,10540.0,10640.0,10500.0,10640.0,12204,0.0,0.0
2023-05-23 11:00:00+09:00,10620.0,10720.0,10600.0,10700.0,18301,0.0,0.0
2023-05-23 12:00:00+09:00,10710.0,10720.0,10680.0,10700.0,7100,0.0,0.0
2023-05-23 13:00:00+09:00,10690.0,10700.0,10600.0,10680.0,8131,0.0,0.0
2023-05-23 14:00:00+09:00,10680.0,10690.0,10550.0,10660.0,11931,0.0,0.0
2023-05-24 09:00:00+09:00,10650.0,10690.0,10530.0,10680.0,0,0.0,0.0
2023-05-24 10:00:00+09:00,10680.0,10720.0,10620.0,10690.0,6142,0.0,0.0
2023-05-24 11:00:00+09:00,10690.0,10700.0,10660.0,10700.0,2795,0.0,0.0
2023-05-24 12:00:00+09:00,10700.0,10700.0,10580.0,10650.0,9245,0.0,0.0
2023-05-24 13:00:00+09:00,10650.0,10690.0,10630.0,10660.0,2384,0.0,0.0
2023-05-24 14:00:00+09:00,10670.0,10690.0,10600.0,10670.0,7767,0.0,0.0
2023-05-25 09:00:00+09:00,10690.0,10770.0,10500.0,10660.0,0,0.0,0.0
2023-05-25 10:00:00+09:00,10660.0,10670.0,10530.0,10590.0,18932,0.0,0.0
2023-05-25 11:00:00+09:00,10590.0,10680.0,10580.0,10680.0,7695,0.0,0.0
2023-05-25 12:00:00+09:00,10680.0,10740.0,10670.0,10680.0,11069,0.0,0.0
2023-05-25 13:00:00+09:00,10680.0,10690.0,10530.0,10530.0,12852,0.0,0.0
2023-05-25 14:00:00+09:00,10530.0,10560.0,10470.0,10520.0,24882,0.0,0.0
2023-05-26 09:00:00+09:00,10660.0,10770.0,10540.0,10580.0,0,0.0,0.0
2023-05-26 10:00:00+09:00,10580.0,10730.0,10580.0,10660.0,3548,0.0,0.0
2023-05-26 11:00:00+09:00,10660.0,10680.0,10650.0,10680.0,3381,0.0,0.0
2023-05-26 12:00:00+09:00,10680.0,10710.0,10550.0,10560.0,8972,0.0,0.0
2023-05-26 13:00:00+09:00,10550.0,10640.0,10490.0,10610.0,9169,0.0,0.0
2023-05-26 14:00:00+09:00,10600.0,10670.0,10570.0,10600.0,5387,0.0,0.0
2023-05-30 09:00:00+09:00,10500.0,10910.0,10500.0,10900.0,0,0.0,0.0
2023-05-30 10:00:00+09:00,10910.0,11040.0,10820.0,11010.0,53427,0.0,0.0
2023-05-30 11:00:00+09:00,11010.0,11070.0,10980.0,11040.0,19128,0.0,0.0
2023-05-30 12:00:00+09:00,11030.0,11150.0,11020.0,11110.0,21680,0.0,0.0
2023-05-30 13:00:00+09:00,11110.0,11230.0,11030.0,11190.0,43262,0.0,0.0
2023-05-30 14:00:00+09:00,11190.0,11200.0,11040.0,11150.0,19869,0.0,0.0
2023-05-31 09:00:00+09:00,11270.0,11300.0,10990.0,11090.0,0,0.0,0.0
2023-05-31 10:00:00+09:00,11090.0,11110.0,10870.0,10880.0,22930,0.0,0.0
2023-05-31 11:00:00+09:00,10870.0,10900.0,10820.0,10830.0,20236,0.0,0.0
2023-05-31 12:00:00+09:00,10830.0,10930.0,10800.0,10900.0,13920,0.0,0.0
2023-05-31 13:00:00+09:00,10900.0,11030.0,10880.0,10970.0,17757,0.0,0.0
2023-05-31 14:00:00+09:00,10960.0,11050.0,10950.0,11030.0,11317,0.0,0.0
2023-06-01 09:00:00+09:00,10970.0,10970.0,10510.0,10620.0,0,0.0,0.0
2023-06-01 10:00:00+09:00,10620.0,10780.0,10560.0,10720.0,13599,0.0,0.0
2023-06-01 11:00:00+09:00,10740.0,10770.0,10680.0,10750.0,4610,0.0,0.0
2023-06-01 12:00:00+09:00,10750.0,10770.0,10670.0,10770.0,3602,0.0,0.0
2023-06-01 13:00:00+09:00,10720.0,10770.0,10710.0,10730.0,3556,0.0,0.0
2023-06-01 14:00:00+09:00,10730.0,10840.0,10680.0,10790.0,13073,0.0,0.0
2023-06-02 09:00:00+09:00,10850.0,10990.0,10720.0,10830.0,26966,0.0,0.0
2023-06-02 10:00:00+09:00,10810.0,10950.0,10740.0,10900.0,15804,0.0,0.0
2023-06-02 11:00:00+09:00,10910.0,11050.0,10840.0,11010.0,23343,0.0,0.0
2023-06-02 12:00:00+09:00,11010.0,11100.0,10920.0,11100.0,20853,0.0,0.0
2023-06-02 13:00:00+09:00,11090.0,11100.0,10930.0,10930.0,7806,0.0,0.0
2023-06-02 14:00:00+09:00,10930.0,11000.0,10900.0,10980.0,14206,0.0,0.0
2023-06-05 09:00:00+09:00,11200.0,11200.0,10920.0,11080.0,0,0.0,0.0
2023-06-05 10:00:00+09:00,11100.0,11810.0,11080.0,11650.0,203123,0.0,0.0
2023-06-05 11:00:00+09:00,11640.0,12200.0,11600.0,12060.0,178120,0.0,0.0
2023-06-05 12:00:00+09:00,12060.0,12120.0,11910.0,12020.0,67876,0.0,0.0
2023-06-05 13:00:00+09:00,12020.0,12100.0,11850.0,11870.0,54191,0.0,0.0
2023-06-05 14:00:00+09:00,11860.0,11920.0,11760.0,11790.0,35461,0.0,0.0
2023-06-07 09:00:00+09:00,11680.0,11770.0,11370.0,11570.0,0,0.0,0.0
2023-06-07 10:00:00+09:00,11560.0,12050.0,11560.0,11970.0,104471,0.0,0.0
2023-06-07 11:00:00+09:00,11970.0,12140.0,11940.0,12040.0,68670,0.0,0.0
2023-06-07 12:00:00+09:00,12040.0,12110.0,12010.0,12060.0,20864,0.0,0.0
2023-06-07 13:00:00+09:00,12060.0,12080.0,11870.0,12010.0,26933,0.0,0.0
2023-06-07 14:00:00+09:00,11990.0,12180.0,11960.0,12160.0,92046,0.0,0.0
2023-06-08 09:00:00+09:00,11960.0,12060.0,11920.0,11940.0,62883,0.0,0.0
2023-06-08 10:00:00+09:00,11940.0,12150.0,11930.0,12050.0,26122,0.0,0.0
2023-06-08 11:00:00+09:00,12040.0,12040.0,11960.0,11970.0,23655,0.0,0.0
2023-06-08 12:00:00+09:00,11970.0,11990.0,11890.0,11900.0,22244,0.0,0.0
2023-06-08 13:00:00+09:00,11900.0,12060.0,11820.0,12020.0,43922,0.0,0.0
2023-06-08 14:00:00+09:00,12020.0,12160.0,11950.0,12090.0,41286,0.0,0.0
2023-06-09 09:00:00+09:00,12030.0,12090.0,11860.0,11900.0,0,0.0,0.0
2023-06-09 10:00:00+09:00,11890.0,11960.0,11890.0,11910.0,14157,0.0,0.0
2023-06-09 11:00:00+09:00,11910.0,12040.0,11760.0,11770.0,47056,0.0,0.0
2023-06-09 12:00:00+09:00,11770.0,11860.0,11720.0,11820.0,23212,0.0,0.0
2023-06-09 13:00:00+09:00,11830.0,11920.0,11720.0,11920.0,20589,0.0,0.0
2023-06-09 14:00:00+09:00,11920.0,11930.0,11750.0,11830.0,25542,0.0,0.0
2023-06-12 09:00:00+09:00,11880.0,11900.0,11500.0,11750.0,0,0.0,0.0
2023-06-12 10:00:00+09:00,11750.0,11800.0,11670.0,11770.0,13703,0.0,0.0
2023-06-12 11:00:00+09:00,11760.0,11860.0,11660.0,11860.0,16978,0.0,0.0
2023-06-12 12:00:00+09:00,11850.0,11860.0,11790.0,11800.0,12562,0.0,0.0
2023-06-12 13:00:00+09:00,11800.0,11890.0,11730.0,11780.0,31374,0.0,0.0
2023-06-12 14:00:00+09:00,11770.0,11940.0,11760.0,11880.0,16042,0.0,0.0
2023-06-13 09:00:00+09:00,11860.0,11960.0,11620.0,11650.0,0,0.0,0.0
2023-06-13 10:00:00+09:00,11660.0,11770.0,11530.0,11550.0,33941,0.0,0.0
2023-06-13 11:00:00+09:00,11550.0,11720.0,11550.0,11680.0,21204,0.0,0.0
2023-06-13 12:00:00+09:00,11680.0,11710.0,11580.0,11710.0,9120,0.0,0.0
2023-06-13 13:00:00+09:00,11690.0,11740.0,11610.0,11660.0,6711,0.0,0.0
2023-06-13 14:00:00+09:00,11660.0,11890.0,11660.0,11890.0,15401,0.0,0.0
2023-06-14 09:00:00+09:00,11860.0,11990.0,11790.0,11830.0,54883,0.0,0.0
2023-06-14 10:00:00+09:00,11830.0,11840.0,11700.0,11720.0,24764,0.0,0.0
2023-06-14 11:00:00+09:00,11720.0,11720.0,11650.0,11650.0,15912,0.0,0.0
2023-06-14 12:00:00+09:00,11650.0,12100.0,11640.0,11930.0,47986,0.0,0.0
2023-06-14 13:00:00+09:00,11930.0,12050.0,11820.0,11880.0,30369,0.0,0.0
2023-06-14 14:00:00+09:00,11890.0,12070.0,11750.0,11850.0,36917,0.0,0.0
2023-06-15 09:00:00+09:00,12000.0,12020.0,11860.0,12020.0,0,0.0,0.0
2023-06-15 10:00:00+09:00,12010.0,12200.0,11950.0,12150.0,57229,0.0,0.0
2023-06-15 11:00:00+09:00,12150.0,12400.0,12050.0,12390.0,69544,0.0,0.0
2023-06-15 12:00:00+09:00,12400.0,12480.0,12340.0,12480.0,51121,0.0,0.0
2023-06-15 13:00:00+09:00,12480.0,12480.0,12190.0,12210.0,27314,0.0,0.0
2023-06-15 14:00:00+09:00,12270.0,12390.0,12210.0,12310.0,28092,0.0,0.0
2023-06-16 09:00:00+09:00,12520.0,12570.0,12130.0,12310.0,0,0.0,0.0
2023-06-16 10:00:00+09:00,12310.0,12310.0,12090.0,12210.0,28306,0.0,0.0
2023-06-16 11:00:00+09:00,12210.0,12230.0,12150.0,12200.0,3613,0.0,0.0
2023-06-16 12:00:00+09:00,12200.0,12500.0,12160.0,12500.0,41087,0.0,0.0
2023-06-16 13:00:00+09:00,12500.0,12500.0,12320.0,12410.0,17240,0.0,0.0
2023-06-16 14:00:00+09:00,12420.0,12460.0,12360.0,12410.0,19526,0.0,0.0
2023-06-19 09:00:00+09:00,12520.0,12520.0,12250.0,12500.0,0,0.0,0.0
2023-06-19 10:00:00+09:00,12500.0,12750.0,12500.0,12600.0,34672,0.0,0.0
2023-06-19 11:00:00+09:00,12600.0,12600.0,12340.0,12400.0,19970,0.0,0.0
2023-06-19 12:00:00+09:00,12400.0,12480.0,12350.0,12350.0,6455,0.0,0.0
2023-06-19 13:00:00+09:00,12370.0,12490.0,12300.0,12490.0,14477,0.0,0.0
2023-06-19 14:00:00+09:00,12490.0,12550.0,12450.0,12450.0,15291,0.0,0.0
2023-06-20 09:00:00+09:00,12160.0,12340.0,12040.0,12190.0,0,0.0,0.0
2023-06-20 10:00:00+09:00,12190.0,12350.0,12010.0,12020.0,63399,0.0,0.0
2023-06-20 11:00:00+09:00,12020.0,12050.0,11830.0,11850.0,29068,0.0,0.0
2023-06-20 12:00:00+09:00,11860.0,11990.0,11840.0,11850.0,12711,0.0,0.0
2023-06-20 13:00:00+09:00,11840.0,12000.0,11630.0,11890.0,39659,0.0,0.0
2023-06-20 14:00:00+09:00,11890.0,11970.0,11840.0,11890.0,17565,0.0,0.0
2023-06-21 09:00:00+09:00,12020.0,12080.0,11910.0,11910.0,0,0.0,0.0
2023-06-21 10:00:00+09:00,11920.0,11960.0,11790.0,11940.0,18154,0.0,0.0
2023-06-21 11:00:00+09:00,11820.0,11940.0,11710.0,11730.0,15330,0.0,0.0
2023-06-21 12:00:00+09:00,11720.0,11760.0,11690.0,11700.0,8962,0.0,0.0
2023-06-21 13:00:00+09:00,11700.0,11740.0,11670.0,11690.0,14626,0.0,0.0
2023-06-21 14:00:00+09:00,11690.0,11710.0,11620.0,11640.0,19960,0.0,0.0
2023-06-22 09:00:00+09:00,11490.0,11570.0,11320.0,11320.0,0,0.0,0.0
2023-06-22 10:00:00+09:00,11310.0,11350.0,11150.0,11230.0,35185,0.0,0.0
2023-06-22 11:00:00+09:00,11230.0,11240.0,11110.0,11130.0,21931,0.0,0.0
2023-06-22 12:00:00+09:00,11120.0,11300.0,11120.0,11200.0,12107,0.0,0.0
2023-06-22 13:00:00+09:00,11210.0,11290.0,11130.0,11260.0,12668,0.0,0.0
2023-06-22 14:00:00+09:00,11250.0,11250.0,11130.0,11190.0,11080,0.0,0.0
2023-06-23 09:00:00+09:00,11230.0,11400.0,11100.0,11260.0,0,0.0,0.0
2023-06-23 10:00:00+09:00,11280.0,11370.0,11190.0,11200.0,11111,0.0,0.0
2023-06-23 11:00:00+09:00,11190.0,11230.0,11080.0,11130.0,17029,0.0,0.0
2023-06-23 12:00:00+09:00,11120.0,11260.0,11110.0,11150.0,15875,0.0,0.0
2023-06-23 13:00:00+09:00,11160.0,11400.0,11110.0,11150.0,31369,0.0,0.0
2023-06-23 14:00:00+09:00,11150.0,11300.0,11130.0,11170.0,15153,0.0,0.0
2023-06-26 09:00:00+09:00,11140.0,11440.0,10950.0,11260.0,0,0.0,0.0
2023-06-26 10:00:00+09:00,11270.0,11320.0,11220.0,11230.0,4943,0.0,0.0
2023-06-26 11:00:00+09:00,11250.0,11260.0,11220.0,11220.0,5547,0.0,0.0
2023-06-26 12:00:00+09:00,11220.0,11310.0,11220.0,11310.0,10529,0.0,0.0
2023-06-26 13:00:00+09:00,11310.0,11330.0,11260.0,11280.0,4614,0.0,0.0
2023-06-26 14:00:00+09:00,11280.0,11280.0,11220.0,11220.0,6150,0.0,0.0
2023-06-27 09:00:00+09:00,11110.0,11210.0,11050.0,11090.0,0,0.0,0.0
2023-06-27 10:00:00+09:00,11080.0,11400.0,11020.0,11380.0,31330,0.0,0.0
2023-06-27 11:00:00+09:00,11390.0,11580.0,11380.0,11570.0,20683,0.0,0.0
2023-06-27 12:00:00+09:00,11570.0,11680.0,11560.0,11590.0,20295,0.0,0.0
2023-06-27 13:00:00+09:00,11600.0,11610.0,11470.0,11520.0,12952,0.0,0.0
2023-06-27 14:00:00+09:00,11520.0,11540.0,11460.0,11480.0,14221,0.0,0.0
2023-06-28 09:00:00+09:00,11450.0,11460.0,11290.0,11300.0,0,0.0,0.0
2023-06-28 10:00:00+09:00,11300.0,11300.0,11160.0,11220.0,11038,0.0,0.0
2023-06-28 11:00:00+09:00,11250.0,11250.0,11180.0,11220.0,8031,0.0,0.0
2023-06-28 12:00:00+09:00,11220.0,11220.0,11180.0,11180.0,3733,0.0,0.0
2023-06-28 13:00:00+09:00,11180.0,11190.0,11080.0,11100.0,20170,0.0,0.0
2023-06-28 14:00:00+09:00,11090.0,11130.0,11060.0,11100.0,10753,0.0,0.0
2023-06-29 09:00:00+09:00,11510.0,11580.0,11350.0,11410.0,0,0.0,0.0
2023-06-29 10:00:00+09:00,11460.0,11570.0,11380.0,11400.0,25945,0.0,0.0
2023-06-29 11:00:00+09:00,11400.0,11490.0,11380.0,11430.0,8573,0.0,0.0
2023-06-29 12:00:00+09:00,11430.0,11570.0,11410.0,11490.0,13668,0.0,0.0
2023-06-29 13:00:00+09:00,11500.0,11580.0,11420.0,11460.0,25196,0.0,0.0
2023-06-29 14:00:00+09:00,11470.0,11970.0,11460.0,11670.0,117638,0.0,0.0
2023-06-30 09:00:00+09:00,11500.0,11500.0,11130.0,11240.0,59290,0.0,0.0
2023-06-30 10:00:00+09:00,11240.0,11300.0,11160.0,11240.0,14564,0.0,0.0
2023-06-30 11:00:00+09:00,11250.0,11280.0,11220.0,11220.0,7547,0.0,0.0
2023-06-30 12:00:00+09:00,11220.0,11250.0,11220.0,11240.0,5352,0.0,0.0
2023-06-30 13:00:00+09:00,11250.0,11270.0,11230.0,11230.0,8386,0.0,0.0
2023-06-30 14:00:00+09:00,11240.0,11350.0,11230.0,11280.0,13731,0.0,0.0
2023-07-03 09:00:00+09:00,11300.0,11480.0,11300.0,11310.0,0,0.0,0.0
2023-07-03 10:00:00+09:00,11360.0,11380.0,11290.0,11340.0,18226,0.0,0.0
2023-07-03 11:00:00+09:00,11340.0,11380.0,11310.0,11330.0,8132,0.0,0.0
2023-07-03 12:00:00+09:00,11340.0,11360.0,11260.0,11270.0,13515,0.0,0.0
2023-07-03 13:00:00+09:00,11270.0,11280.0,11180.0,11200.0,25176,0.0,0.0
2023-07-03 14:00:00+09:00,11200.0,11240.0,11170.0,11190.0,36261,0.0,0.0
2023-07-04 09:00:00+09:00,11160.0,11300.0,11140.0,11140.0,0,0.0,0.0
2023-07-04 10:00:00+09:00,11150.0,11240.0,11050.0,11130.0,36116,0.0,0.0
2023-07-04 11:00:00+09:00,11140.0,11200.0,11140.0,11160.0,6229,0.0,0.0
2023-07-04 12:00:00+09:00,11150.0,11210.0,11120.0,11210.0,6398,0.0,0.0
2023-07-04 13:00:00+09:00,11200.0,11540.0,11150.0,11320.0,31075,0.0,0.0
2023-07-04 14:00:00+09:00,11330.0,11350.0,11270.0,11330.0,16897,0.0,0.0
2023-07-05 09:00:00+09:00,11350.0,11510.0,11270.0,11380.0,0,0.0,0.0
2023-07-05 10:00:00+09:00,11390.0,11430.0,11310.0,11410.0,17729,0.0,0.0
2023-07-05 11:00:00+09:00,11410.0,11670.0,11400.0,11590.0,29521,0.0,0.0
2023-07-05 12:00:00+09:00,11610.0,11610.0,11490.0,11570.0,6576,0.0,0.0
2023-07-05 13:00:00+09:00,11530.0,11630.0,11530.0,11570.0,14814,0.0,0.0
2023-07-05 14:00:00+09:00,11570.0,11590.0,11480.0,11560.0,16911,0.0,0.0
2023-07-06 09:00:00+09:00,11470.0,11530.0,11270.0,11460.0,0,0.0,0.0
2023-07-06 10:00:00+09:00,11460.0,11500.0,11390.0,11470.0,13412,0.0,0.0
2023-07-06 11:00:00+09:00,11450.0,11470.0,11320.0,11320.0,5296,0.0,0.0
2023-07-06 12:00:00+09:00,11330.0,11390.0,11230.0,11250.0,4741,0.0,0.0
2023-07-06 13:00:00+09:00,11250.0,11370.0,11160.0,11310.0,15971,0.0,0.0
2023-07-06 14:00:00+09:00,11250.0,11320.0,11230.0,11230.0,9340,0.0,0.0
2023-07-07 09:00:00+09:00,11230.0,11330.0,11090.0,11090.0,0,0.0,0.0
2023-07-07 10:00:00+09:00,11090.0,11090.0,10950.0,11050.0,28411,0.0,0.0
2023-07-07 11:00:00+09:00,11000.0,11040.0,10970.0,10980.0,4702,0.0,0.0
2023-07-07 12:00:00+09:00,10990.0,11090.0,10990.0,11030.0,1842,0.0,0.0
2023-07-07 13:00:00+09:00,11020.0,11020.0,10960.0,10960.0,9107,0.0,0.0
2023-07-07 14:00:00+09:00,10950.0,11080.0,10950.0,11030.0,3799,0.0,0.0
2023-07-10 09:00:00+09:00,10920.0,11010.0,10750.0,10860.0,0,0.0,0.0
2023-07-10 10:00:00+09:00,10840.0,11140.0,10840.0,11030.0,13755,0.0,0.0
2023-07-10 11:00:00+09:00,10980.0,11110.0,10980.0,11000.0,8883,0.0,0.0
2023-07-10 12:00:00+09:00,10950.0,11030.0,10950.0,11030.0,7673,0.0,0.0
2023-07-10 13:00:00+09:00,11030.0,11030.0,10970.0,10990.0,3841,0.0,0.0
2023-07-10 14:00:00+09:00,10990.0,10990.0,10770.0,10770.0,9280,0.0,0.0
2023-07-11 09:00:00+09:00,10700.0,10910.0,10610.0,10700.0,7339,0.0,0.0
2023-07-11 10:00:00+09:00,10700.0,10760.0,10670.0,10680.0,16671,0.0,0.0
2023-07-11 11:00:00+09:00,10680.0,10700.0,10650.0,10700.0,3193,0.0,0.0
2023-07-11 12:00:00+09:00,10700.0,10740.0,10700.0,10720.0,889,0.0,0.0
2023-07-11 13:00:00+09:00,10720.0,10720.0,10640.0,10640.0,7894,0.0,0.0
2023-07-11 14:00:00+09:00,10650.0,10740.0,10640.0,10730.0,3236,0.0,0.0
2023-07-12 09:00:00+09:00,10700.0,10800.0,10500.0,10560.0,45189,0.0,0.0
2023-07-12 10:00:00+09:00,10560.0,10770.0,10550.0,10730.0,13228,0.0,0.0
2023-07-12 11:00:00+09:00,10730.0,10740.0,10630.0,10680.0,11624,0.0,0.0
2023-07-12 12:00:00+09:00,10680.0,10680.0,10560.0,10570.0,13670,0.0,0.0
2023-07-12 13:00:00+09:00,10570.0,10650.0,10500.0,10620.0,41630,0.0,0.0
2023-07-12 14:00:00+09:00,10610.0,10620.0,10500.0,10550.0,13735,0.0,0.0
2023-07-13 09:00:00+09:00,10620.0,11320.0,10610.0,11190.0,77749,0.0,0.0
2023-07-13 10:00:00+09:00,11190.0,11190.0,10850.0,10860.0,26975,0.0,0.0
2023-07-13 11:00:00+09:00,10840.0,10840.0,10700.0,10750.0,24959,0.0,0.0
2023-07-13 12:00:00+09:00,10740.0,11090.0,10740.0,10920.0,35304,0.0,0.0
2023-07-13 13:00:00+09:00,10930.0,10930.0,10760.0,10790.0,26705,0.0,0.0
2023-07-13 14:00:00+09:00,10800.0,10800.0,10650.0,10740.0,37547,0.0,0.0
2023-07-14 09:00:00+09:00,10900.0,10980.0,10690.0,10750.0,0,0.0,0.0
2023-07-14 10:00:00+09:00,10750.0,10990.0,10610.0,10960.0,38473,0.0,0.0
2023-07-14 11:00:00+09:00,10960.0,11280.0,10960.0,11170.0,60577,0.0,0.0
2023-07-14 12:00:00+09:00,11150.0,11280.0,11100.0,11270.0,46240,0.0,0.0
2023-07-14 13:00:00+09:00,11270.0,11270.0,11080.0,11080.0,37158,0.0,0.0
2023-07-14 14:00:00+09:00,11070.0,11130.0,10740.0,11010.0,60328,0.0,0.0
2023-07-17 09:00:00+09:00,11350.0,11800.0,11160.0,11410.0,57508,0.0,0.0
2023-07-17 10:00:00+09:00,11410.0,11660.0,11400.0,11480.0,65138,0.0,0.0
2023-07-17 11:00:00+09:00,11440.0,11630.0,11430.0,11540.0,25452,0.0,0.0
2023-07-17 12:00:00+09:00,11530.0,11540.0,11450.0,11450.0,19317,0.0,0.0
2023-07-17 13:00:00+09:00,11450.0,11470.0,11300.0,11330.0,49743,0.0,0.0
2023-07-17 14:00:00+09:00,11330.0,11330.0,11190.0,11220.0,32052,0.0,0.0
2023-07-18 09:00:00+09:00,11330.0,11330.0,11010.0,11130.0,56185,0.0,0.0
2023-07-18 10:00:00+09:00,11130.0,11170.0,11080.0,11130.0,16124,0.0,0.0
2023-07-18 11:00:00+09:00,11120.0,11180.0,11050.0,11140.0,10673,0.0,0.0
2023-07-18 12:00:00+09:00,11140.0,11150.0,11000.0,11100.0,24700,0.0,0.0
2023-07-18 13:00:00+09:00,11100.0,11160.0,11020.0,11130.0,4039,0.0,0.0
2023-07-18 14:00:00+09:00,11120.0,11190.0,11100.0,11190.0,14614,0.0,0.0
2023-07-19 09:00:00+09:00,11380.0,11380.0,10950.0,11110.0,38513,0.0,0.0
2023-07-19 10:00:00+09:00,11140.0,11260.0,10990.0,11090.0,13386,0.0,0.0
2023-07-19 11:00:00+09:00,11090.0,11100.0,10910.0,10910.0,15898,0.0,0.0
2023-07-19 12:00:00+09:00,10920.0,10940.0,10830.0,10830.0,14424,0.0,0.0
2023-07-19 13:00:00+09:00,10850.0,10890.0,10820.0,10880.0,10720,0.0,0.0
2023-07-19 14:00:00+09:00,10890.0,10920.0,10770.0,10790.0,30756,0.0,0.0
2023-07-20 09:00:00+09:00,11000.0,11290.0,10830.0,10900.0,32037,0.0,0.0
2023-07-20 10:00:00+09:00,10900.0,11230.0,10900.0,11200.0,37173,0.0,0.0
2023-07-20 11:00:00+09:00,11200.0,11240.0,11110.0,11190.0,17932,0.0,0.0
2023-07-20 12:00:00+09:00,11190.0,11280.0,11160.0,11280.0,21394,0.0,0.0
2023-07-20 13:00:00+09:00,11280.0,11280.0,11170.0,11200.0,16454,0.0,0.0
2023-07-20 14:00:00+09:00,11210.0,11360.0,11180.0,11300.0,49484,0.0,0.0
2023-07-21 09:00:00+09:00,11020.0,11020.0,10730.0,10800.0,53759,0.0,0.0
2023-07-21 10:00:00+09:00,10780.0,10800.0,10730.0,10750.0,42652,0.0,0.0
2023-07-21 11:00:00+09:00,10750.0,10790.0,10730.0,10750.0,20547,0.0,0.0
2023-07-21 12:00:00+09:00,10740.0,10790.0,10720.0,10730.0,20209,0.0,0.0
2023-07-21 13:00:00+09:00,10730.0,10780.0,10700.0,10720.0,11736,0.0,0.0
2023-07-21 14:00:00+09:00,10730.0,10730.0,10680.0,10700.0,16541,0.0,0.0
2023-07-24 09:00:00+09:00,10780.0,10780.0,10240.0,10310.0,0,0.0,0.0
2023-07-24 10:00:00+09:00,10330.0,10390.0,10270.0,10370.0,14773,0.0,0.0
2023-07-24 11:00:00+09:00,10370.0,10370.0,10250.0,10270.0,21260,0.0,0.0
2023-07-24 12:00:00+09:00,10270.0,10300.0,10250.0,10300.0,6661,0.0,0.0
2023-07-24 13:00:00+09:00,10300.0,10330.0,10220.0,10270.0,28068,0.0,0.0
2023-07-24 14:00:00+09:00,10270.0,10330.0,10230.0,10260.0,15144,0.0,0.0
2023-07-25 09:00:00+09:00,10210.0,10370.0,10130.0,10190.0,22984,0.0,0.0
2023-07-25 10:00:00+09:00,10190.0,10190.0,10030.0,10030.0,33442,0.0,0.0
2023-07-25 11:00:00+09:00,10030.0,10040.0,9960.0,10000.0,38610,0.0,0.0
2023-07-25 12:00:00+09:00,10000.0,10040.0,9960.0,10020.0,12638,0.0,0.0
2023-07-25 13:00:00+09:00,10010.0,10030.0,9950.0,9980.0,20316,0.0,0.0
2023-07-25 14:00:00+09:00,9950.0,10010.0,9950.0,9990.0,11189,0.0,0.0
2023-07-26 09:00:00+09:00,9950.0,9970.0,9750.0,9780.0,28184,0.0,0.0
2023-07-26 10:00:00+09:00,9780.0,9780.0,9330.0,9640.0,36510,0.0,0.0
2023-07-26 11:00:00+09:00,9570.0,9620.0,9430.0,9530.0,11467,0.0,0.0
2023-07-26 12:00:00+09:00,9520.0,9530.0,9370.0,9450.0,5941,0.0,0.0
2023-07-26 13:00:00+09:00,9450.0,9480.0,9240.0,9240.0,20826,0.0,0.0
2023-07-26 14:00:00+09:00,9290.0,9450.0,9110.0,9140.0,74040,0.0,0.0
2023-07-27 09:00:00+09:00,9140.0,9790.0,9140.0,9360.0,52383,0.0,0.0
2023-07-27 10:00:00+09:00,9360.0,9400.0,9240.0,9370.0,22110,0.0,0.0
2023-07-27 11:00:00+09:00,9370.0,9400.0,9290.0,9340.0,10830,0.0,0.0
2023-07-27 12:00:00+09:00,9330.0,9380.0,9210.0,9350.0,27373,0.0,0.0
2023-07-27 13:00:00+09:00,9380.0,9380.0,9270.0,9300.0,12439,0.0,0.0
2023-07-27 14:00:00+09:00,9310.0,9350.0,9200.0,9230.0,8031,0.0,0.0
2023-07-28 09:00:00+09:00,9150.0,10050.0,9150.0,9980.0,85940,0.0,0.0
2023-07-28 10:00:00+09:00,9980.0,10060.0,9760.0,9860.0,28838,0.0,0.0
2023-07-28 11:00:00+09:00,9860.0,10070.0,9830.0,9920.0,20441,0.0,0.0
2023-07-28 12:00:00+09:00,9920.0,9920.0,9810.0,9830.0,2490,0.0,0.0
2023-07-28 13:00:00+09:00,9830.0,9880.0,9780.0,9820.0,0,0.0,0.0
2023-07-28 14:00:00+09:00,9810.0,9820.0,9780.0,9790.0,142475,0.0,0.0
2023-07-31 09:00:00+09:00,9800.0,9990.0,9490.0,9900.0,0,0.0,0.0
2023-07-31 10:00:00+09:00,9900.0,10000.0,9870.0,10000.0,15722,0.0,0.0
2023-07-31 11:00:00+09:00,10010.0,10050.0,9890.0,10030.0,8767,0.0,0.0
2023-07-31 12:00:00+09:00,10030.0,10050.0,9840.0,9880.0,3174,0.0,0.0
2023-07-31 13:00:00+09:00,9880.0,10010.0,9700.0,10000.0,6946,0.0,0.0
2023-07-31 14:00:00+09:00,10000.0,10040.0,9880.0,9890.0,10103,0.0,0.0
2023-08-01 09:00:00+09:00,9800.0,9890.0,9720.0,9830.0,9369,0.0,0.0
2023-08-01 10:00:00+09:00,9830.0,9870.0,9790.0,9840.0,4715,0.0,0.0
2023-08-01 11:00:00+09:00,9840.0,9840.0,9740.0,9810.0,2194,0.0,0.0
2023-08-01 12:00:00+09:00,9810.0,9810.0,9730.0,9780.0,3465,0.0,0.0
2023-08-01 13:00:00+09:00,9780.0,9790.0,9690.0,9790.0,5469,0.0,0.0
2023-08-01 14:00:00+09:00,9790.0,9790.0,9710.0,9720.0,4282,0.0,0.0
2023-08-02 09:00:00+09:00,9700.0,9960.0,9700.0,9910.0,5158,0.0,0.0
2023-08-02 10:00:00+09:00,9870.0,9940.0,9790.0,9790.0,8544,0.0,0.0
2023-08-02 11:00:00+09:00,9780.0,9860.0,9640.0,9640.0,2914,0.0,0.0
2023-08-02 12:00:00+09:00,9660.0,9750.0,9610.0,9620.0,3619,0.0,0.0
2023-08-02 13:00:00+09:00,9620.0,9710.0,9430.0,9430.0,21400,0.0,0.0
2023-08-02 14:00:00+09:00,9440.0,9510.0,9380.0,9430.0,18586,0.0,0.0
2023-08-03 09:00:00+09:00,9480.0,9650.0,9280.0,9600.0,13453,0.0,0.0
2023-08-03 10:00:00+09:00,9640.0,9640.0,9310.0,9310.0,13119,0.0,0.0
2023-08-03 11:00:00+09:00,9360.0,9490.0,9360.0,9450.0,4892,0.0,0.0
2023-08-03 12:00:00+09:00,9450.0,9550.0,9450.0,9550.0,12536,0.0,0.0
2023-08-03 13:00:00+09:00,9550.0,9610.0,9530.0,9540.0,0,0.0,0.0
2023-08-03 14:00:00+09:00,9550.0,11020.0,9390.0,9600.0,236352,0.0,0.0
2023-08-04 09:00:00+09:00,9410.0,9610.0,9380.0,9450.0,18765,0.0,0.0
2023-08-04 10:00:00+09:00,9430.0,9490.0,9210.0,9290.0,29961,0.0,0.0
2023-08-04 11:00:00+09:00,9290.0,9380.0,9250.0,9380.0,5842,0.0,0.0
2023-08-04 12:00:00+09:00,9370.0,9470.0,9300.0,9330.0,1769,0.0,0.0
2023-08-04 13:00:00+09:00,9320.0,9360.0,9280.0,9350.0,2176,0.0,0.0
2023-08-04 14:00:00+09:00,9350.0,9360.0,9300.0,9330.0,4905,0.0,0.0
2023-08-07 09:00:00+09:00,9220.0,9370.0,9080.0,9350.0,0,0.0,0.0
2023-08-07 10:00:00+09:00,9350.0,9470.0,9300.0,9420.0,7993,0.0,0.0
2023-08-07 11:00:00+09:00,9420.0,9500.0,9420.0,9500.0,4764,0.0,0.0
2023-08-07 12:00:00+09:00,9500.0,9500.0,9400.0,9400.0,4160,0.0,0.0
2023-08-07 13:00:00+09:00,9450.0,9450.0,9360.0,9420.0,1835,0.0,0.0
2023-08-07 14:00:00+09:00,9420.0,9430.0,9380.0,9420.0,7156,0.0,0.0
2023-08-08 09:00:00+09:00,9350.0,9610.0,9350.0,9540.0,3666,0.0,0.0
2023-08-08 10:00:00+09:00,9540.0,9740.0,9510.0,9680.0,14818,0.0,0.0
2023-08-08 11:00:00+09:00,9670.0,9740.0,9550.0,9730.0,9219,0.0,0.0
2023-08-08 12:00:00+09:00,9730.0,9740.0,9640.0,9680.0,5144,0.0,0.0
2023-08-08 13:00:00+09:00,9680.0,9700.0,9560.0,9700.0,6537,0.0,0.0
2023-08-08 14:00:00+09:00,9700.0,9750.0,9660.0,9700.0,5980,0.0,0.0
2023-08-09 09:00:00+09:00,9740.0,9760.0,9610.0,9680.0,5598,0.0,0.0
2023-08-09 10:00:00+09:00,9680.0,9690.0,9630.0,9670.0,6565,0.0,0.0
2023-08-09 11:00:00+09:00,9670.0,9750.0,9660.0,9670.0,7385,0.0,0.0
2023-08-09 12:00:00+09:00,9660.0,9700.0,9660.0,9700.0,1106,0.0,0.0
2023-08-09 13:00:00+09:00,9690.0,9720.0,9650.0,9680.0,5641,0.0,0.0
2023-08-09 14:00:00+09:00,9670.0,9680.0,9640.0,9640.0,3217,0.0,0.0
2023-08-10 09:00:00+09:00,9630.0,9730.0,9480.0,9550.0,12453,0.0,0.0
2023-08-10 10:00:00+09:00,9530.0,9550.0,9460.0,9470.0,19793,0.0,0.0
2023-08-10 11:00:00+09:00,9480.0,9620.0,9480.0,9620.0,3625,0.0,0.0
2023-08-10 12:00:00+09:00,9540.0,9610.0,9530.0,9590.0,87,0.0,0.0
2023-08-10 13:00:00+09:00,9570.0,9580.0,9540.0,9540.0,636,0.0,0.0
2023-08-10 14:00:00+09:00,9540.0,9550.0,9520.0,9530.0,1963,0.0,0.0
2023-08-11 09:00:00+09:00,9510.0,9870.0,9510.0,9730.0,17168,0.0,0.0
2023-08-11 10:00:00+09:00,9730.0,10000.0,9700.0,10000.0,21202,0.0,0.0
2023-08-11 11:00:00+09:00,10000.0,10090.0,9970.0,10070.0,20812,0.0,0.0
2023-08-11 12:00:00+09:00,10070.0,10100.0,9810.0,9870.0,16427,0.0,0.0
2023-08-11 13:00:00+09:00,9870.0,9920.0,9780.0,9780.0,1637,0.0,0.0
2023-08-11 14:00:00+09:00,9790.0,9830.0,9780.0,9830.0,1417,0.0,0.0
2023-08-14 09:00:00+09:00,9790.0,9840.0,9520.0,9520.0,0,0.0,0.0
2023-08-14 10:00:00+09:00,9520.0,9660.0,9480.0,9560.0,6090,0.0,0.0
2023-08-14 11:00:00+09:00,9560.0,9590.0,9500.0,9590.0,4188,0.0,0.0
2023-08-14 12:00:00+09:00,9590.0,9610.0,9590.0,9600.0,212,0.0,0.0
2023-08-14 13:00:00+09:00,9580.0,9590.0,9510.0,9540.0,1982,0.0,0.0
2023-08-14 14:00:00+09:00,9530.0,9560.0,9500.0,9540.0,8312,0.0,0.0
2023-08-16 09:00:00+09:00,9320.0,9510.0,9300.0,9330.0,0,0.0,0.0
2023-08-16 10:00:00+09:00,9330.0,9460.0,9330.0,9440.0,2830,0.0,0.0
2023-08-16 11:00:00+09:00,9460.0,9460.0,9270.0,9350.0,6369,0.0,0.0
2023-08-16 12:00:00+09:00,9280.0,9340.0,9240.0,9320.0,1751,0.0,0.0
2023-08-16 13:00:00+09:00,9340.0,9400.0,9340.0,9370.0,1985,0.0,0.0
2023-08-16 14:00:00+09:00,9360.0,9400.0,9310.0,9360.0,1847,0.0,0.0
2023-08-17 09:00:00+09:00,9100.0,9320.0,8910.0,9120.0,30684,0.0,0.0
2023-08-17 10:00:00+09:00,9110.0,9220.0,9020.0,9190.0,7149,0.0,0.0
2023-08-17 11:00:00+09:00,9190.0,9200.0,9100.0,9180.0,2322,0.0,0.0
2023-08-17 12:00:00+09:00,9170.0,9200.0,9140.0,9200.0,2952,0.0,0.0
2023-08-17 13:00:00+09:00,9190.0,9420.0,9170.0,9300.0,7637,0.0,0.0
2023-08-17 14:00:00+09:00,9300.0,9460.0,9230.0,9340.0,12250,0.0,0.0
2023-08-18 09:00:00+09:00,9100.0,9340.0,9100.0,9260.0,5997,0.0,0.0
2023-08-18 10:00:00+09:00,9250.0,9330.0,9190.0,9330.0,6588,0.0,0.0
2023-08-18 11:00:00+09:00,9330.0,9360.0,9270.0,9270.0,1009,0.0,0.0
2023-08-18 12:00:00+09:00,9340.0,9390.0,9280.0,9380.0,3256,0.0,0.0
2023-08-18 13:00:00+09:00,9380.0,9380.0,9240.0,9250.0,12168,0.0,0.0
2023-08-18 14:00:00+09:00,9240.0,9390.0,9240.0,9250.0,7273,0.0,0.0
2023-08-21 09:00:00+09:00,9250.0,9430.0,9100.0,9130.0,0,0.0,0.0
2023-08-21 10:00:00+09:00,9130.0,9130.0,9050.0,9060.0,18347,0.0,0.0
2023-08-21 11:00:00+09:00,9060.0,9080.0,9050.0,9060.0,3888,0.0,0.0
2023-08-21 12:00:00+09:00,9060.0,9120.0,9060.0,9120.0,2045,0.0,0.0
2023-08-21 13:00:00+09:00,9120.0,9150.0,9110.0,9120.0,1812,0.0,0.0
2023-08-21 14:00:00+09:00,9120.0,9150.0,9050.0,9060.0,18200,0.0,0.0
2023-08-22 09:00:00+09:00,9050.0,9160.0,9050.0,9140.0,3707,0.0,0.0
2023-08-22 10:00:00+09:00,9130.0,9150.0,9110.0,9120.0,2500,0.0,0.0
2023-08-22 11:00:00+09:00,9130.0,9190.0,9120.0,9180.0,2661,0.0,0.0
2023-08-22 12:00:00+09:00,9170.0,9190.0,9160.0,9190.0,534,0.0,0.0
2023-08-22 13:00:00+09:00,9190.0,9210.0,9110.0,9110.0,6349,0.0,0.0
2023-08-22 14:00:00+09:00,9110.0,9160.0,9070.0,9100.0,6045,0.0,0.0
2023-08-23 09:00:00+09:00,9070.0,9190.0,9060.0,9150.0,2764,0.0,0.0
2023-08-23 10:00:00+09:00,9140.0,9160.0,9110.0,9140.0,868,0.0,0.0
2023-08-23 11:00:00+09:00,9130.0,9180.0,9110.0,9170.0,1812,0.0,0.0
2023-08-23 12:00:00+09:00,9170.0,9170.0,9110.0,9120.0,2089,0.0,0.0
2023-08-23 13:00:00+09:00,9120.0,9120.0,9110.0,9120.0,1968,0.0,0.0
2023-08-23 14:00:00+09:00,9110.0,9150.0,9090.0,9090.0,2739,0.0,0.0
2023-08-24 09:00:00+09:00,9180.0,9270.0,9100.0,9240.0,1613,0.0,0.0
2023-08-24 10:00:00+09:00,9230.0,9230.0,9120.0,9220.0,3231,0.0,0.0
2023-08-24 11:00:00+09:00,9220.0,9250.0,9150.0,9150.0,11692,0.0,0.0
2023-08-24 12:00:00+09:00,9150.0,9200.0,9140.0,9200.0,1844,0.0,0.0
2023-08-24 13:00:00+09:00,9200.0,9210.0,9180.0,9210.0,1004,0.0,0.0
2023-08-24 14:00:00+09:00,9190.0,9230.0,9170.0,9200.0,11261,0.0,0.0
2023-08-25 09:00:00+09:00,9150.0,9480.0,9010.0,9420.0,21224,0.0,0.0
2023-08-25 10:00:00+09:00,9420.0,9840.0,9060.0,9100.0,60427,0.0,0.0
2023-08-25 11:00:00+09:00,9090.0,9090.0,8970.0,8990.0,21224,0.0,0.0
2023-08-25 12:00:00+09:00,9000.0,9020.0,8990.0,8990.0,11049,0.0,0.0
2023-08-25 13:00:00+09:00,8990.0,9050.0,8980.0,9000.0,12299,0.0,0.0
2023-08-25 14:00:00+09:00,9000.0,9110.0,9000.0,9060.0,8591,0.0,0.0
2023-08-28 09:00:00+09:00,9130.0,9170.0,8990.0,9010.0,0,0.0,0.0
2023-08-28 10:00:00+09:00,9010.0,9130.0,8950.0,8950.0,17894,0.0,0.0
2023-08-28 11:00:00+09:00,8960.0,8960.0,8810.0,8830.0,32182,0.0,0.0
2023-08-28 12:00:00+09:00,8830.0,8900.0,8810.0,8840.0,10015,0.0,0.0
2023-08-28 13:00:00+09:00,8830.0,8870.0,8810.0,8820.0,11869,0.0,0.0
2023-08-28 14:00:00+09:00,8820.0,8850.0,8810.0,8830.0,13095,0.0,0.0
2023-08-29 09:00:00+09:00,8820.0,9000.0,8740.0,8800.0,22896,0.0,0.0
2023-08-29 10:00:00+09:00,8800.0,8830.0,8730.0,8760.0,14252,0.0,0.0
2023-08-29 11:00:00+09:00,8760.0,8900.0,8760.0,8880.0,15316,0.0,0.0
2023-08-29 12:00:00+09:00,8880.0,8880.0,8830.0,8840.0,5111,0.0,0.0
2023-08-29 13:00:00+09:00,8830.0,8890.0,8800.0,8830.0,7366,0.0,0.0
2023-08-29 14:00:00+09:00,8830.0,8970.0,8830.0,8900.0,7055,0.0,0.0
2023-08-30 09:00:00+09:00,8940.0,9240.0,8940.0,9230.0,17788,0.0,0.0
2023-08-30 10:00:00+09:00,9230.0,9230.0,9090.0,9110.0,5940,0.0,0.0
2023-08-30 11:00:00+09:00,9110.0,9150.0,9110.0,9140.0,1551,0.0,0.0
2023-08-30 12:00:00+09:00,9140.0,9140.0,9100.0,9100.0,2314,0.0,0.0
2023-08-30 13:00:00+09:00,9130.0,9130.0,8970.0,8970.0,14999,0.0,0.0
2023-08-30 14:00:00+09:00,8970.0,9070.0,8940.0,9050.0,8029,0.0,0.0
2023-08-31 09:00:00+09:00,9060.0,9060.0,8900.0,8940.0,36024,0.0,0.0
2023-08-31 10:00:00+09:00,8900.0,8930.0,8880.0,8900.0,13716,0.0,0.0
2023-08-31 11:00:00+09:00,8900.0,8980.0,8900.0,8940.0,3597,0.0,0.0
2023-08-31 12:00:00+09:00,8940.0,8970.0,8910.0,8970.0,3006,0.0,0.0
2023-08-31 13:00:00+09:00,8950.0,8990.0,8910.0,8970.0,7033,0.0,0.0
2023-08-31 14:00:00+09:00,8970.0,9000.0,8950.0,8990.0,3360,0.0,0.0
2023-09-01 09:00:00+09:00,8950.0,9120.0,8930.0,9100.0,9640,0.0,0.0
2023-09-01 10:00:00+09:00,9100.0,9130.0,9040.0,9100.0,2497,0.0,0.0
2023-09-01 11:00:00+09:00,9090.0,9100.0,8860.0,9060.0,4561,0.0,0.0
2023-09-01 12:00:00+09:00,9060.0,9090.0,9060.0,9060.0,2017,0.0,0.0
2023-09-01 13:00:00+09:00,9060.0,9110.0,9060.0,9100.0,3141,0.0,0.0
2023-09-01 14:00:00+09:00,9100.0,9110.0,9040.0,9070.0,1974,0.0,0.0
2023-09-04 09:00:00+09:00,8990.0,9080.0,8900.0,8930.0,0,0.0,0.0
2023-09-04 10:00:00+09:00,8930.0,8990.0,8900.0,8920.0,9735,0.0,0.0
2023-09-04 11:00:00+09:00,8920.0,8980.0,8910.0,8930.0,3386,0.0,0.0
2023-09-04 12:00:00+09:00,8940.0,8970.0,8890.0,8910.0,6255,0.0,0.0
2023-09-04 13:00:00+09:00,8910.0,8970.0,8910.0,8950.0,709,0.0,0.0
2023-09-04 14:00:00+09:00,8970.0,9040.0,8940.0,9020.0,3280,0.0,0.0
2023-09-05 09:00:00+09:00,9180.0,9230.0,8990.0,8990.0,33189,0.0,0.0
2023-09-05 10:00:00+09:00,8990.0,9090.0,8980.0,9040.0,4530,0.0,0.0
2023-09-05 11:00:00+09:00,9040.0,9080.0,9030.0,9080.0,658,0.0,0.0
2023-09-05 12:00:00+09:00,9040.0,9080.0,9020.0,9040.0,3183,0.0,0.0
2023-09-05 13:00:00+09:00,9030.0,9120.0,9000.0,9080.0,9450,0.0,0.0
2023-09-05 14:00:00+09:00,9080.0,9110.0,9060.0,9110.0,4865,0.0,0.0
2023-09-06 09:00:00+09:00,9070.0,9070.0,8910.0,8930.0,20244,0.0,0.0
2023-09-06 10:00:00+09:00,8930.0,8980.0,8920.0,8960.0,12163,0.0,0.0
2023-09-06 11:00:00+09:00,8960.0,9010.0,8930.0,9010.0,6701,0.0,0.0
2023-09-06 12:00:00+09:00,9000.0,9010.0,8960.0,8980.0,5009,0.0,0.0
2023-09-06 13:00:00+09:00,8970.0,9000.0,8930.0,8930.0,4407,0.0,0.0
2023-09-06 14:00:00+09:00,8940.0,8960.0,8920.0,8930.0,9286,0.0,0.0
2023-09-07 09:00:00+09:00,8970.0,8970.0,8650.0,8670.0,42566,0.0,0.0
2023-09-07 10:00:00+09:00,8670.0,8780.0,8600.0,8640.0,21614,0.0,0.0
2023-09-07 11:00:00+09:00,8640.0,8680.0,8610.0,8660.0,2016,0.0,0.0
2023-09-07 12:00:00+09:00,8650.0,8760.0,8650.0,8760.0,1364,0.0,0.0
2023-09-07 13:00:00+09:00,8750.0,8760.0,8720.0,8730.0,1718,0.0,0.0
2023-09-07 14:00:00+09:00,8720.0,8730.0,8650.0,8680.0,5340,0.0,0.0
2023-09-08 09:00:00+09:00,8670.0,8670.0,8510.0,8520.0,14978,0.0,0.0
2023-09-08 10:00:00+09:00,8510.0,8560.0,8430.0,8460.0,23811,0.0,0.0
2023-09-08 11:00:00+09:00,8460.0,8560.0,8460.0,8500.0,1799,0.0,0.0
2023-09-08 12:00:00+09:00,8500.0,8520.0,8470.0,8470.0,2291,0.0,0.0
2023-09-08 13:00:00+09:00,8470.0,8510.0,8450.0,8470.0,6051,0.0,0.0
2023-09-08 14:00:00+09:00,8460.0,8500.0,8450.0,8460.0,4656,0.0,0.0
2023-09-11 09:00:00+09:00,8400.0,8440.0,8160.0,8160.0,0,0.0,0.0
2023-09-11 10:00:00+09:00,8150.0,8370.0,8150.0,8370.0,9497,0.0,0.0
2023-09-11 11:00:00+09:00,8380.0,8440.0,8360.0,8390.0,2517,0.0,0.0
2023-09-11 12:00:00+09:00,8390.0,8390.0,8240.0,8340.0,2063,0.0,0.0
2023-09-11 13:00:00+09:00,8340.0,8380.0,8300.0,8360.0,3823,0.0,0.0
2023-09-11 14:00:00+09:00,8360.0,8370.0,8300.0,8310.0,3219,0.0,0.0
2023-09-12 09:00:00+09:00,8260.0,8480.0,8260.0,8330.0,5381,0.0,0.0
2023-09-12 10:00:00+09:00,8330.0,8410.0,8320.0,8330.0,7022,0.0,0.0
2023-09-12 11:00:00+09:00,8330.0,8380.0,8330.0,8330.0,3349,0.0,0.0
2023-09-12 12:00:00+09:00,8340.0,8340.0,8320.0,8320.0,4057,0.0,0.0
2023-09-12 13:00:00+09:00,8320.0,8340.0,8300.0,8300.0,3704,0.0,0.0
2023-09-12 14:00:00+09:00,8300.0,8530.0,8250.0,8320.0,12630,0.0,0.0
2023-09-13 09:00:00+09:00,8490.0,8490.0,8350.0,8400.0,1870,0.0,0.0
2023-09-13 10:00:00+09:00,8400.0,8400.0,8260.0,8260.0,10238,0.0,0.0
2023-09-13 11:00:00+09:00,8270.0,8390.0,8220.0,8230.0,12339,0.0,0.0
2023-09-13 12:00:00+09:00,8230.0,8360.0,8210.0,8270.0,8410,0.0,0.0
2023-09-13 13:00:00+09:00,8240.0,8330.0,8210.0,8260.0,0,0.0,0.0
2023-09-13 14:00:00+09:00,8250.0,8320.0,8170.0,8200.0,79355,0.0,0.0
2023-09-14 09:00:00+09:00,8100.0,8330.0,8100.0,8230.0,6581,0.0,0.0
2023-09-14 10:00:00+09:00,8230.0,8260.0,8210.0,8220.0,6598,0.0,0.0
2023-09-14 11:00:00+09:00,8210.0,8300.0,8190.0,8290.0,10044,0.0,0.0
2023-09-14 12:00:00+09:00,8290.0,8310.0,8280.0,8300.0,629,0.0,0.0
2023-09-14 13:00:00+09:00,8260.0,8300.0,8150.0,8150.0,10266,0.0,0.0
2023-09-14 14:00:00+09:00,8150.0,8230.0,8120.0,8190.0,18068,0.0,0.0
2023-09-15 09:00:00+09:00,8420.0,8420.0,8350.0,8380.0,3148,0.0,0.0
2023-09-15 10:00:00+09:00,8370.0,8380.0,8320.0,8320.0,5477,0.0,0.0
2023-09-15 11:00:00+09:00,8320.0,8350.0,8310.0,8320.0,989,0.0,0.0
2023-09-15 12:00:00+09:00,8340.0,8340.0,8290.0,8290.0,986,0.0,0.0
2023-09-15 13:00:00+09:00,8310.0,8310.0,8220.0,8220.0,7730,0.0,0.0
2023-09-15 14:00:00+09:00,8220.0,8270.0,8200.0,8260.0,3876,0.0,0.0
2023-09-18 09:00:00+09:00,8260.0,8300.0,8060.0,8080.0,14154,0.0,0.0
2023-09-18 10:00:00+09:00,8100.0,8100.0,8020.0,8040.0,13852,0.0,0.0
2023-09-18 11:00:00+09:00,8040.0,8110.0,8010.0,8080.0,9578,0.0,0.0
2023-09-18 12:00:00+09:00,8070.0,8090.0,8030.0,8040.0,5165,0.0,0.0
2023-09-18 13:00:00+09:00,8040.0,8140.0,8020.0,8130.0,14985,0.0,0.0
2023-09-18 14:00:00+09:00,8130.0,8150.0,8060.0,8080.0,7010,0.0,0.0
2023-09-19 09:00:00+09:00,8030.0,8150.0,8020.0,8050.0,6128,0.0,0.0
2023-09-19 10:00:00+09:00,8050.0,8060.0,7960.0,8010.0,20906,0.0,0.0
2023-09-19 11:00:00+09:00,8000.0,8110.0,7970.0,7980.0,27401,0.0,0.0
2023-09-19 12:00:00+09:00,7980.0,8290.0,7970.0,8150.0,13879,0.0,0.0
2023-09-19 13:00:00+09:00,8140.0,8240.0,8020.0,8060.0,10617,0.0,0.0
2023-09-19 14:00:00+09:00,8070.0,8100.0,8020.0,8040.0,9785,0.0,0.0
2023-09-20 09:00:00+09:00,7960.0,8040.0,7760.0,7760.0,38227,0.0,0.0
2023-09-20 10:00:00+09:00,7760.0,7880.0,7760.0,7810.0,24751,0.0,0.0
2023-09-20 11:00:00+09:00,7800.0,7810.0,7740.0,7780.0,22284,0.0,0.0
2023-09-20 12:00:00+09:00,7760.0,7840.0,7750.0,7790.0,17151,0.0,0.0
2023-09-20 13:00:00+09:00,7790.0,7830.0,7780.0,7790.0,16130,0.0,0.0
2023-09-20 14:00:00+09:00,7810.0,7840.0,7780.0,7780.0,24897,0.0,0.0
2023-09-21 09:00:00+09:00,7760.0,7780.0,7550.0,7550.0,30716,0.0,0.0
2023-09-21 10:00:00+09:00,7580.0,7620.0,7510.0,7530.0,27601,0.0,0.0
2023-09-21 11:00:00+09:00,7520.0,7580.0,7480.0,7560.0,13380,0.0,0.0
2023-09-21 12:00:00+09:00,7550.0,7570.0,7510.0,7510.0,1185,0.0,0.0
2023-09-21 13:00:00+09:00,7510.0,7550.0,7480.0,7510.0,4736,0.0,0.0
2023-09-21 14:00:00+09:00,7510.0,7550.0,7480.0,7510.0,5056,0.0,0.0
2023-09-22 09:00:00+09:00,7350.0,7690.0,7350.0,7690.0,13948,0.0,0.0
2023-09-22 10:00:00+09:00,7640.0,7720.0,7570.0,7700.0,23281,0.0,0.0
2023-09-22 11:00:00+09:00,7700.0,7780.0,7680.0,7700.0,1832,0.0,0.0
2023-09-22 12:00:00+09:00,7730.0,7770.0,7720.0,7740.0,411,0.0,0.0
2023-09-22 13:00:00+09:00,7740.0,7770.0,7660.0,7710.0,4424,0.0,0.0
2023-09-22 14:00:00+09:00,7720.0,7750.0,7710.0,7740.0,3451,0.0,0.0
2023-09-25 09:00:00+09:00,7780.0,7940.0,7600.0,7910.0,0,0.0,0.0
2023-09-25 10:00:00+09:00,7900.0,7930.0,7830.0,7880.0,5088,0.0,0.0
2023-09-25 11:00:00+09:00,7880.0,7880.0,7790.0,7840.0,4852,0.0,0.0
2023-09-25 12:00:00+09:00,7820.0,7930.0,7700.0,7870.0,5580,0.0,0.0
2023-09-25 13:00:00+09:00,7830.0,7890.0,7770.0,7850.0,2156,0.0,0.0
2023-09-25 14:00:00+09:00,7840.0,7890.0,7790.0,7830.0,2585,0.0,0.0
2023-09-26 09:00:00+09:00,7700.0,7900.0,7660.0,7710.0,7870,0.0,0.0
2023-09-26 10:00:00+09:00,7740.0,7750.0,7660.0,7700.0,1842,0.0,0.0
2023-09-26 11:00:00+09:00,7700.0,7700.0,7630.0,7650.0,4209,0.0,0.0
2023-09-26 12:00:00+09:00,7650.0,7670.0,7610.0,7660.0,2741,0.0,0.0
2023-09-26 13:00:00+09:00,7630.0,7680.0,7590.0,7610.0,3764,0.0,0.0
2023-09-26 14:00:00+09:00,7610.0,7700.0,7600.0,7670.0,4419,0.0,0.0
2023-09-27 09:00:00+09:00,7400.0,7790.0,7400.0,7660.0,0,0.0,0.0
2023-09-27 10:00:00+09:00,7660.0,7660.0,7580.0,7580.0,9108,0.0,0.0
2023-09-27 11:00:00+09:00,7600.0,7680.0,7560.0,7630.0,5182,0.0,0.0
2023-09-27 12:00:00+09:00,7590.0,7650.0,7590.0,7640.0,198,0.0,0.0
2023-09-27 13:00:00+09:00,7630.0,7640.0,7530.0,7590.0,1998,0.0,0.0
2023-09-27 14:00:00+09:00,7600.0,7650.0,7600.0,7630.0,919,0.0,0.0
2023-10-04 09:00:00+09:00,7570.0,8250.0,7480.0,7530.0,0,0.0,0.0
2023-10-04 10:00:00+09:00,7530.0,7580.0,7490.0,7580.0,4434,0.0,0.0
2023-10-04 11:00:00+09:00,7570.0,7640.0,7570.0,7580.0,503,0.0,0.0
2023-10-04 12:00:00+09:00,7570.0,7630.0,7570.0,7580.0,4040,0.0,0.0
2023-10-04 13:00:00+09:00,7590.0,7640.0,7550.0,7600.0,3568,0.0,0.0
2023-10-04 14:00:00+09:00,7590.0,7590.0,7500.0,7560.0,4564,0.0,0.0
2023-10-05 09:00:00+09:00,7490.0,7650.0,7460.0,7520.0,0,0.0,0.0
2023-10-05 10:00:00+09:00,7510.0,7600.0,7470.0,7600.0,5156,0.0,0.0
2023-10-05 11:00:00+09:00,7600.0,7640.0,7580.0,7620.0,444,0.0,0.0
2023-10-05 12:00:00+09:00,7600.0,7620.0,7540.0,7590.0,1265,0.0,0.0
2023-10-05 13:00:00+09:00,7580.0,7600.0,7550.0,7590.0,1516,0.0,0.0
2023-10-05 14:00:00+09:00,7600.0,7600.0,7480.0,7530.0,4793,0.0,0.0
2023-10-06 09:00:00+09:00,7500.0,7640.0,7450.0,7590.0,7614,0.0,0.0
2023-10-06 10:00:00+09:00,7620.0,7730.0,7590.0,7660.0,10114,0.0,0.0
2023-10-06 11:00:00+09:00,7660.0,7670.0,7590.0,7660.0,4186,0.0,0.0
2023-10-06 12:00:00+09:00,7660.0,7660.0,7610.0,7640.0,1088,0.0,0.0
2023-10-06 13:00:00+09:00,7640.0,7640.0,7520.0,7590.0,1175,0.0,0.0
2023-10-06 14:00:00+09:00,7570.0,7590.0,7530.0,7590.0,1252,0.0,0.0
2023-10-10 09:00:00+09:00,7610.0,7760.0,7560.0,7670.0,0,0.0,0.0
2023-10-10 10:00:00+09:00,7750.0,7750.0,7650.0,7670.0,2725,0.0,0.0
2023-10-10 11:00:00+09:00,7660.0,7660.0,7630.0,7650.0,473,0.0,0.0
2023-10-10 12:00:00+09:00,7650.0,7650.0,7400.0,7530.0,3869,0.0,0.0
2023-10-10 13:00:00+09:00,7530.0,7530.0,7410.0,7430.0,1286,0.0,0.0
2023-10-10 14:00:00+09:00,7430.0,7430.0,7320.0,7330.0,11223,0.0,0.0
2023-10-11 09:00:00+09:00,7370.0,7520.0,7370.0,7510.0,3276,0.0,0.0
2023-10-11 10:00:00+09:00,7480.0,7600.0,7480.0,7590.0,3425,0.0,0.0
2023-10-11 11:00:00+09:00,7590.0,7590.0,7550.0,7560.0,1751,0.0,0.0
2023-10-11 12:00:00+09:00,7590.0,7590.0,7560.0,7560.0,309,0.0,0.0
2023-10-11 13:00:00+09:00,7580.0,7580.0,7540.0,7580.0,861,0.0,0.0
2023-10-11 14:00:00+09:00,7580.0,7600.0,7510.0,7600.0,4912,0.0,0.0
2023-10-12 09:00:00+09:00,7600.0,7740.0,7600.0,7690.0,3004,0.0,0.0
2023-10-12 10:00:00+09:00,7650.0,7680.0,7630.0,7660.0,1515,0.0,0.0
2023-10-12 11:00:00+09:00,7660.0,7660.0,7610.0,7610.0,1265,0.0,0.0
2023-10-12 12:00:00+09:00,7610.0,7660.0,7610.0,7650.0,676,0.0,0.0
2023-10-12 13:00:00+09:00,7650.0,7650.0,7640.0,7650.0,344,0.0,0.0
2023-10-12 14:00:00+09:00,7640.0,7670.0,7600.0,7660.0,3054,0.0,0.0
2023-10-13 09:00:00+09:00,7750.0,7920.0,7740.0,7840.0,18414,0.0,0.0
2023-10-13 10:00:00+09:00,7830.0,7850.0,7750.0,7820.0,2361,0.0,0.0
2023-10-13 11:00:00+09:00,7760.0,8150.0,7730.0,7990.0,33025,0.0,0.0
2023-10-13 12:00:00+09:00,7990.0,8220.0,7980.0,8220.0,17016,0.0,0.0
2023-10-13 13:00:00+09:00,8220.0,8230.0,8000.0,8050.0,12035,0.0,0.0
2023-10-13 14:00:00+09:00,8060.0,8150.0,7980.0,8130.0,11359,0.0,0.0
2023-10-16 09:00:00+09:00,8200.0,8200.0,7800.0,7880.0,0,0.0,0.0
2023-10-16 10:00:00+09:00,7890.0,8000.0,7620.0,7740.0,25408,0.0,0.0
2023-10-16 11:00:00+09:00,7700.0,7730.0,7650.0,7650.0,8893,0.0,0.0
2023-10-16 12:00:00+09:00,7660.0,7660.0,7590.0,7640.0,6734,0.0,0.0
2023-10-16 13:00:00+09:00,7650.0,7750.0,7510.0,7680.0,11416,0.0,0.0
2023-10-16 14:00:00+09:00,7660.0,7690.0,7600.0,7650.0,4233,0.0,0.0
2023-10-17 09:00:00+09:00,7720.0,7860.0,7720.0,7860.0,3624,0.0,0.0
2023-10-17 10:00:00+09:00,7900.0,9120.0,7900.0,9100.0,509977,0.0,0.0
2023-10-17 11:00:00+09:00,9100.0,9360.0,8410.0,8470.0,1145540,0.0,0.0
2023-10-17 12:00:00+09:00,8470.0,9800.0,8420.0,9540.0,459765,0.0,0.0
2023-10-17 13:00:00+09:00,9540.0,9990.0,9150.0,9650.0,693062,0.0,0.0
2023-10-17 14:00:00+09:00,9680.0,9720.0,8950.0,9010.0,716539,0.0,0.0
2023-10-18 09:00:00+09:00,9350.0,9600.0,8920.0,9490.0,416161,0.0,0.0
2023-10-18 10:00:00+09:00,9430.0,9560.0,8980.0,8990.0,140300,0.0,0.0
2023-10-18 11:00:00+09:00,9000.0,9190.0,8920.0,9030.0,44734,0.0,0.0
2023-10-18 12:00:00+09:00,9050.0,9140.0,8940.0,9050.0,26501,0.0,0.0
2023-10-18 13:00:00+09:00,9050.0,9120.0,8900.0,8970.0,48528,0.0,0.0
2023-10-18 14:00:00+09:00,8970.0,9040.0,8880.0,9040.0,51009,0.0,0.0
2023-10-19 09:00:00+09:00,8920.0,8940.0,8680.0,8700.0,155993,0.0,0.0
2023-10-19 10:00:00+09:00,8700.0,8960.0,8700.0,8810.0,35848,0.0,0.0
2023-10-19 11:00:00+09:00,8810.0,9040.0,8800.0,9030.0,40737,0.0,0.0
2023-10-19 12:00:00+09:00,9040.0,9380.0,8890.0,8910.0,211852,0.0,0.0
2023-10-19 13:00:00+09:00,8910.0,8980.0,8800.0,8940.0,35594,0.0,0.0
2023-10-19 14:00:00+09:00,8940.0,9120.0,8930.0,9090.0,40376,0.0,0.0
2023-10-20 09:00:00+09:00,9100.0,9420.0,8820.0,8920.0,185557,0.0,0.0
2023-10-20 10:00:00+09:00,8920.0,9200.0,8910.0,9170.0,65807,0.0,0.0
2023-10-20 11:00:00+09:00,9170.0,9360.0,9150.0,9340.0,84001,0.0,0.0
2023-10-20 12:00:00+09:00,9340.0,9460.0,9260.0,9450.0,81315,0.0,0.0
2023-10-20 13:00:00+09:00,9450.0,9480.0,9330.0,9410.0,67283,0.0,0.0
2023-10-20 14:00:00+09:00,9410.0,9600.0,9330.0,9460.0,91507,0.0,0.0
2023-10-23 09:00:00+09:00,9450.0,9600.0,8940.0,9000.0,0,0.0,0.0
2023-10-23 10:00:00+09:00,9000.0,9180.0,8970.0,9130.0,47329,0.0,0.0
2023-10-23 11:00:00+09:00,9130.0,9140.0,8950.0,8950.0,26662,0.0,0.0
2023-10-23 12:00:00+09:00,8960.0,9070.0,8950.0,8990.0,11919,0.0,0.0
2023-10-23 13:00:00+09:00,8990.0,9000.0,8840.0,8870.0,68837,0.0,0.0
2023-10-23 14:00:00+09:00,8860.0,8960.0,8840.0,8930.0,29270,0.0,0.0
2023-10-24 09:00:00+09:00,8820.0,9310.0,8820.0,9060.0,110451,0.0,0.0
2023-10-24 10:00:00+09:00,9070.0,9070.0,8400.0,8600.0,138540,0.0,0.0
2023-10-24 11:00:00+09:00,8600.0,8740.0,8520.0,8700.0,15343,0.0,0.0
2023-10-24 12:00:00+09:00,8690.0,8850.0,8640.0,8810.0,11816,0.0,0.0
2023-10-24 13:00:00+09:00,8830.0,9100.0,8810.0,9080.0,25614,0.0,0.0
2023-10-24 14:00:00+09:00,9080.0,9190.0,9010.0,9160.0,32555,0.0,0.0
2023-10-25 09:00:00+09:00,9020.0,9100.0,8850.0,8960.0,34838,0.0,0.0
2023-10-25 10:00:00+09:00,8960.0,9040.0,8940.0,8950.0,18393,0.0,0.0
2023-10-25 11:00:00+09:00,8950.0,9000.0,8950.0,8990.0,9935,0.0,0.0
2023-10-25 12:00:00+09:00,8960.0,8990.0,8840.0,8880.0,21286,0.0,0.0
2023-10-25 13:00:00+09:00,8890.0,8950.0,8800.0,8800.0,19891,0.0,0.0
2023-10-25 14:00:00+09:00,8810.0,8930.0,8710.0,8800.0,31905,0.0,0.0
2023-10-26 09:00:00+09:00,8580.0,8670.0,8470.0,8510.0,34798,0.0,0.0
2023-10-26 10:00:00+09:00,8510.0,8630.0,8460.0,8550.0,20910,0.0,0.0
2023-10-26 11:00:00+09:00,8550.0,8550.0,8450.0,8520.0,8756,0.0,0.0
2023-10-26 12:00:00+09:00,8500.0,8520.0,8340.0,8400.0,17850,0.0,0.0
2023-10-26 13:00:00+09:00,8390.0,8390.0,8280.0,8310.0,0,0.0,0.0
2023-10-26 14:00:00+09:00,8310.0,8360.0,8230.0,8350.0,141256,0.0,0.0
2023-10-27 09:00:00+09:00,8300.0,8430.0,8030.0,8080.0,45525,0.0,0.0
2023-10-27 10:00:00+09:00,8060.0,8200.0,8040.0,8120.0,22838,0.0,0.0
2023-10-27 11:00:00+09:00,8170.0,8330.0,8140.0,8290.0,11657,0.0,0.0
2023-10-27 12:00:00+09:00,8260.0,8260.0,8060.0,8060.0,13838,0.0,0.0
2023-10-27 13:00:00+09:00,8060.0,8120.0,7960.0,8010.0,27656,0.0,0.0
2023-10-27 14:00:00+09:00,8020.0,8080.0,7970.0,8000.0,11398,0.0,0.0
2023-10-30 09:00:00+09:00,7910.0,8150.0,7910.0,8010.0,0,0.0,0.0
2023-10-30 10:00:00+09:00,8030.0,8090.0,7950.0,8070.0,7729,0.0,0.0
2023-10-30 11:00:00+09:00,8070.0,8160.0,8050.0,8160.0,8177,0.0,0.0
2023-10-30 12:00:00+09:00,8160.0,8240.0,8140.0,8230.0,5187,0.0,0.0
2023-10-30 13:00:00+09:00,8240.0,8270.0,7820.0,8090.0,27731,0.0,0.0
2023-10-30 14:00:00+09:00,8090.0,8090.0,7940.0,8010.0,7709,0.0,0.0
2023-10-31 09:00:00+09:00,7970.0,8100.0,7840.0,7950.0,12045,0.0,0.0
2023-10-31 10:00:00+09:00,7900.0,7970.0,7870.0,7920.0,6138,0.0,0.0
2023-10-31 11:00:00+09:00,7950.0,7960.0,7880.0,7880.0,4663,0.0,0.0
2023-10-31 12:00:00+09:00,7880.0,7970.0,7860.0,7950.0,4378,0.0,0.0
2023-10-31 13:00:00+09:00,7950.0,8110.0,7950.0,8040.0,9977,0.0,0.0
2023-10-31 14:00:00+09:00,8040.0,8100.0,7950.0,8040.0,14437,0.0,0.0
2023-11-01 09:00:00+09:00,8100.0,8180.0,8010.0,8060.0,9864,0.0,0.0
2023-11-01 10:00:00+09:00,8060.0,8080.0,7960.0,7980.0,5339,0.0,0.0
2023-11-01 11:00:00+09:00,7980.0,8100.0,7870.0,7940.0,8117,0.0,0.0
2023-11-01 12:00:00+09:00,7940.0,7950.0,7900.0,7920.0,4315,0.0,0.0
2023-11-01 13:00:00+09:00,7930.0,7940.0,7830.0,7830.0,13049,0.0,0.0
2023-11-01 14:00:00+09:00,7830.0,7920.0,7750.0,7910.0,23830,0.0,0.0
2023-11-02 09:00:00+09:00,7950.0,8700.0,7940.0,8660.0,72677,0.0,0.0
2023-11-02 10:00:00+09:00,8660.0,8660.0,8320.0,8530.0,50789,0.0,0.0
2023-11-02 11:00:00+09:00,8480.0,8500.0,8330.0,8330.0,10451,0.0,0.0
2023-11-02 12:00:00+09:00,8330.0,8400.0,8310.0,8360.0,18782,0.0,0.0
2023-11-02 13:00:00+09:00,8340.0,8410.0,8260.0,8300.0,11532,0.0,0.0
2023-11-02 14:00:00+09:00,8290.0,8390.0,8260.0,8270.0,7563,0.0,0.0
2023-11-03 09:00:00+09:00,8260.0,8480.0,8140.0,8470.0,26519,0.0,0.0
2023-11-03 10:00:00+09:00,8470.0,8470.0,8270.0,8340.0,6814,0.0,0.0
2023-11-03 11:00:00+09:00,8340.0,8420.0,8330.0,8390.0,3865,0.0,0.0
2023-11-03 12:00:00+09:00,8390.0,8450.0,8340.0,8430.0,3924,0.0,0.0
2023-11-03 13:00:00+09:00,8430.0,8440.0,8360.0,8370.0,9415,0.0,0.0
2023-11-03 14:00:00+09:00,8370.0,8390.0,8240.0,8250.0,18015,0.0,0.0
2023-11-06 09:00:00+09:00,8340.0,8350.0,8160.0,8240.0,0,0.0,0.0
2023-11-06 10:00:00+09:00,8240.0,8370.0,8160.0,8340.0,27209,0.0,0.0
2023-11-06 11:00:00+09:00,8340.0,8510.0,8330.0,8480.0,24616,0.0,0.0
2023-11-06 12:00:00+09:00,8500.0,8500.0,8430.0,8430.0,7357,0.0,0.0
2023-11-06 13:00:00+09:00,8440.0,8530.0,8420.0,8470.0,11454,0.0,0.0
2023-11-06 14:00:00+09:00,8480.0,8480.0,8370.0,8370.0,21209,0.0,0.0
2023-11-07 09:00:00+09:00,8420.0,8500.0,8170.0,8270.0,41565,0.0,0.0
2023-11-07 10:00:00+09:00,8260.0,8270.0,8130.0,8270.0,5354,0.0,0.0
2023-11-07 11:00:00+09:00,8240.0,8270.0,8090.0,8110.0,19441,0.0,0.0
2023-11-07 12:00:00+09:00,8100.0,8120.0,7970.0,8100.0,24880,0.0,0.0
2023-11-07 13:00:00+09:00,8100.0,8260.0,8070.0,8240.0,9387,0.0,0.0
2023-11-07 14:00:00+09:00,8230.0,8270.0,8200.0,8270.0,5163,0.0,0.0
2023-11-08 09:00:00+09:00,8290.0,8740.0,8290.0,8600.0,57449,0.0,0.0
2023-11-08 10:00:00+09:00,8590.0,8730.0,8510.0,8700.0,24239,0.0,0.0
2023-11-08 11:00:00+09:00,8700.0,8700.0,8570.0,8610.0,19472,0.0,0.0
2023-11-08 12:00:00+09:00,8620.0,8670.0,8600.0,8630.0,5871,0.0,0.0
2023-11-08 13:00:00+09:00,8630.0,8710.0,8610.0,8700.0,8593,0.0,0.0
2023-11-08 14:00:00+09:00,8700.0,8710.0,8570.0,8640.0,17224,0.0,0.0
2023-11-09 09:00:00+09:00,8750.0,8970.0,8620.0,8910.0,40826,0.0,0.0
2023-11-09 10:00:00+09:00,8900.0,8980.0,8830.0,8930.0,25528,0.0,0.0
2023-11-09 11:00:00+09:00,8930.0,9050.0,8930.0,9000.0,19509,0.0,0.0
2023-11-09 12:00:00+09:00,9000.0,9000.0,8760.0,8830.0,22998,0.0,0.0
2023-11-09 13:00:00+09:00,8780.0,8800.0,8680.0,8750.0,16827,0.0,0.0
2023-11-09 14:00:00+09:00,8720.0,8830.0,8700.0,8730.0,20501,0.0,0.0
2023-11-10 09:00:00+09:00,8760.0,8760.0,8380.0,8540.0,17138,0.0,0.0
2023-11-10 10:00:00+09:00,8520.0,8620.0,8470.0,8610.0,14324,0.0,0.0
2023-11-10 11:00:00+09:00,8620.0,8630.0,8560.0,8570.0,2860,0.0,0.0
2023-11-10 12:00:00+09:00,8580.0,8600.0,8550.0,8550.0,2199,0.0,0.0
2023-11-10 13:00:00+09:00,8540.0,8540.0,8460.0,8460.0,4505,0.0,0.0
2023-11-10 14:00:00+09:00,8460.0,8490.0,8430.0,8470.0,5677,0.0,0.0
2023-11-13 09:00:00+09:00,8450.0,8450.0,8320.0,8340.0,0,0.0,0.0
2023-11-13 10:00:00+09:00,8340.0,8340.0,8270.0,8290.0,6941,0.0,0.0
2023-11-13 11:00:00+09:00,8290.0,8390.0,8270.0,8270.0,10453,0.0,0.0
2023-11-13 12:00:00+09:00,8280.0,8280.0,8200.0,8210.0,5239,0.0,0.0
2023-11-13 13:00:00+09:00,8210.0,8330.0,8200.0,8330.0,1831,0.0,0.0
2023-11-13 14:00:00+09:00,8260.0,8270.0,8120.0,8200.0,10056,0.0,0.0
2023-11-14 09:00:00+09:00,8110.0,8380.0,8110.0,8240.0,2453,0.0,0.0
2023-11-14 10:00:00+09:00,8210.0,8250.0,8190.0,8200.0,1066,0.0,0.0
2023-11-14 11:00:00+09:00,8200.0,8250.0,8180.0,8240.0,1532,0.0,0.0
2023-11-14 12:00:00+09:00,8240.0,8290.0,8200.0,8240.0,2427,0.0,0.0
2023-11-14 13:00:00+09:00,8270.0,8290.0,8180.0,8200.0,5619,0.0,0.0
2023-11-14 14:00:00+09:00,8190.0,8240.0,8160.0,8240.0,6629,0.0,0.0
2023-11-15 09:00:00+09:00,8300.0,8440.0,8300.0,8360.0,12639,0.0,0.0
2023-11-15 10:00:00+09:00,8370.0,8430.0,8330.0,8380.0,4375,0.0,0.0
2023-11-15 11:00:00+09:00,8420.0,8530.0,8390.0,8520.0,10480,0.0,0.0
2023-11-15 12:00:00+09:00,8520.0,8550.0,8420.0,8430.0,7335,0.0,0.0
2023-11-15 13:00:00+09:00,8430.0,8460.0,8400.0,8410.0,3065,0.0,0.0
2023-11-15 14:00:00+09:00,8410.0,8490.0,8400.0,8400.0,2493,0.0,0.0
2023-11-16 10:00:00+09:00,8450.0,8450.0,8220.0,8320.0,18933,0.0,0.0
2023-11-16 11:00:00+09:00,8260.0,8320.0,8250.0,8290.0,3383,0.0,0.0
2023-11-16 12:00:00+09:00,8320.0,8370.0,8280.0,8320.0,4975,0.0,0.0
2023-11-16 13:00:00+09:00,8340.0,8400.0,8310.0,8330.0,3011,0.0,0.0
2023-11-16 14:00:00+09:00,8330.0,8410.0,8290.0,8410.0,11556,0.0,0.0
2023-11-17 09:00:00+09:00,8450.0,8450.0,8210.0,8210.0,11943,0.0,0.0
2023-11-17 10:00:00+09:00,8230.0,8260.0,8180.0,8180.0,13938,0.0,0.0
2023-11-17 11:00:00+09:00,8180.0,8220.0,8160.0,8200.0,9007,0.0,0.0
2023-11-17 12:00:00+09:00,8210.0,8230.0,8190.0,8200.0,3245,0.0,0.0
2023-11-17 13:00:00+09:00,8220.0,8310.0,8200.0,8240.0,4375,0.0,0.0
2023-11-17 14:00:00+09:00,8240.0,8280.0,8210.0,8220.0,4755,0.0,0.0
2023-11-20 09:00:00+09:00,8190.0,8340.0,8160.0,8180.0,0,0.0,0.0
2023-11-20 10:00:00+09:00,8180.0,8270.0,8180.0,8210.0,4205,0.0,0.0
2023-11-20 11:00:00+09:00,8210.0,8280.0,8200.0,8210.0,5665,0.0,0.0
2023-11-20 12:00:00+09:00,8210.0,8290.0,8180.0,8200.0,8496,0.0,0.0
2023-11-20 13:00:00+09:00,8190.0,8330.0,8190.0,8290.0,9641,0.0,0.0
2023-11-20 14:00:00+09:00,8290.0,8300.0,8250.0,8260.0,4186,0.0,0.0
2023-11-21 09:00:00+09:00,8260.0,8350.0,8230.0,8300.0,3833,0.0,0.0
2023-11-21 10:00:00+09:00,8310.0,8440.0,8310.0,8430.0,7062,0.0,0.0
2023-11-21 11:00:00+09:00,8430.0,8430.0,8360.0,8400.0,3889,0.0,0.0
2023-11-21 12:00:00+09:00,8390.0,8410.0,8300.0,8380.0,3256,0.0,0.0
2023-11-21 13:00:00+09:00,8380.0,8390.0,8260.0,8300.0,10208,0.0,0.0
2023-11-21 14:00:00+09:00,8280.0,8320.0,8250.0,8280.0,12083,0.0,0.0
2023-11-22 09:00:00+09:00,8200.0,8350.0,8200.0,8330.0,7059,0.0,0.0
2023-11-22 10:00:00+09:00,8320.0,8440.0,8320.0,8410.0,8429,0.0,0.0
2023-11-22 11:00:00+09:00,8420.0,8450.0,8400.0,8430.0,6853,0.0,0.0
2023-11-22 12:00:00+09:00,8430.0,8430.0,8320.0,8380.0,2929,0.0,0.0
2023-11-22 13:00:00+09:00,8370.0,8400.0,8310.0,8380.0,1486,0.0,0.0
2023-11-22 14:00:00+09:00,8380.0,8380.0,8320.0,8380.0,0,0.0,0.0
2023-11-23 09:00:00+09:00,8330.0,8390.0,8320.0,8320.0,7675,0.0,0.0
2023-11-23 10:00:00+09:00,8340.0,8370.0,8300.0,8310.0,9319,0.0,0.0
2023-11-23 11:00:00+09:00,8330.0,8390.0,8330.0,8370.0,2477,0.0,0.0
2023-11-23 12:00:00+09:00,8370.0,8380.0,8310.0,8330.0,3656,0.0,0.0
2023-11-23 13:00:00+09:00,8330.0,8330.0,8250.0,8290.0,5274,0.0,0.0
2023-11-23 14:00:00+09:00,8270.0,8300.0,8200.0,8220.0,11081,0.0,0.0
2023-11-24 09:00:00+09:00,8340.0,8340.0,8160.0,8200.0,0,0.0,0.0
2023-11-24 10:00:00+09:00,8200.0,8230.0,7960.0,8010.0,60979,0.0,0.0
2023-11-24 11:00:00+09:00,8010.0,8180.0,8010.0,8170.0,4449,0.0,0.0
2023-11-24 12:00:00+09:00,8180.0,8230.0,8170.0,8220.0,5818,0.0,0.0
2023-11-24 13:00:00+09:00,8200.0,8210.0,8190.0,8190.0,1750,0.0,0.0
2023-11-24 14:00:00+09:00,8180.0,8200.0,8150.0,8190.0,4379,0.0,0.0
2023-11-27 09:00:00+09:00,8060.0,8160.0,8010.0,8110.0,0,0.0,0.0
2023-11-27 10:00:00+09:00,8160.0,8180.0,8090.0,8130.0,5493,0.0,0.0
2023-11-27 11:00:00+09:00,8150.0,8180.0,8110.0,8130.0,2866,0.0,0.0
2023-11-27 12:00:00+09:00,8160.0,8180.0,8120.0,8140.0,1616,0.0,0.0
2023-11-27 13:00:00+09:00,8140.0,8140.0,8120.0,8140.0,408,0.0,0.0
2023-11-27 14:00:00+09:00,8140.0,8170.0,8130.0,8150.0,3827,0.0,0.0
2023-11-28 09:00:00+09:00,8110.0,8360.0,8100.0,8310.0,17880,0.0,0.0
2023-11-28 10:00:00+09:00,8300.0,8540.0,8290.0,8540.0,25243,0.0,0.0
2023-11-28 11:00:00+09:00,8530.0,8540.0,8430.0,8450.0,8338,0.0,0.0
2023-11-28 12:00:00+09:00,8420.0,8450.0,8400.0,8420.0,3030,0.0,0.0
2023-11-28 13:00:00+09:00,8410.0,8480.0,8410.0,8410.0,6573,0.0,0.0
2023-11-28 14:00:00+09:00,8400.0,8410.0,8370.0,8380.0,8556,0.0,0.0
2023-11-29 09:00:00+09:00,8470.0,8470.0,8320.0,8330.0,3504,0.0,0.0
2023-11-29 10:00:00+09:00,8340.0,8410.0,8320.0,8360.0,13772,0.0,0.0
2023-11-29 11:00:00+09:00,8390.0,8410.0,8360.0,8410.0,2753,0.0,0.0
2023-11-29 12:00:00+09:00,8390.0,8390.0,8360.0,8390.0,718,0.0,0.0
2023-11-29 13:00:00+09:00,8370.0,8450.0,8350.0,8410.0,4574,0.0,0.0
2023-11-29 14:00:00+09:00,8400.0,8410.0,8350.0,8360.0,1777,0.0,0.0
2023-11-30 09:00:00+09:00,8310.0,8500.0,8310.0,8440.0,8885,0.0,0.0
2023-11-30 10:00:00+09:00,8450.0,8680.0,8420.0,8640.0,30589,0.0,0.0
2023-11-30 11:00:00+09:00,8640.0,8910.0,8640.0,8900.0,50600,0.0,0.0
2023-11-30 12:00:00+09:00,8900.0,9160.0,8900.0,9090.0,78683,0.0,0.0
2023-11-30 13:00:00+09:00,9090.0,9150.0,8770.0,8800.0,38089,0.0,0.0
2023-11-30 14:00:00+09:00,8800.0,8800.0,8490.0,8530.0,0,0.0,0.0
2023-12-01 09:00:00+09:00,8670.0,8680.0,8480.0,8600.0,8583,0.0,0.0
2023-12-01 10:00:00+09:00,8530.0,8610.0,8510.0,8600.0,5519,0.0,0.0
2023-12-01 11:00:00+09:00,8560.0,8570.0,8490.0,8490.0,12804,0.0,0.0
2023-12-01 12:00:00+09:00,8490.0,8550.0,8490.0,8550.0,1967,0.0,0.0
2023-12-01 13:00:00+09:00,8530.0,8550.0,8510.0,8510.0,3270,0.0,0.0
2023-12-01 14:00:00+09:00,8510.0,8530.0,8500.0,8530.0,3640,0.0,0.0
2023-12-04 09:00:00+09:00,8510.0,8570.0,8450.0,8560.0,0,0.0,0.0
2023-12-04 10:00:00+09:00,8530.0,8610.0,8530.0,8600.0,6529,0.0,0.0
2023-12-04 11:00:00+09:00,8600.0,8600.0,8560.0,8590.0,4129,0.0,0.0
2023-12-04 12:00:00+09:00,8600.0,8670.0,8570.0,8670.0,2479,0.0,0.0
2023-12-04 13:00:00+09:00,8650.0,8650.0,8560.0,8600.0,6974,0.0,0.0
2023-12-04 14:00:00+09:00,8580.0,8600.0,8530.0,8560.0,4664,0.0,0.0
2023-12-05 09:00:00+09:00,8530.0,8590.0,8470.0,8530.0,4930,0.0,0.0
2023-12-05 10:00:00+09:00,8510.0,8580.0,8500.0,8520.0,9560,0.0,0.0
2023-12-05 11:00:00+09:00,8520.0,8540.0,8450.0,8450.0,7197,0.0,0.0
2023-12-05 12:00:00+09:00,8500.0,8500.0,8400.0,8440.0,4285,0.0,0.0
2023-12-05 13:00:00+09:00,8440.0,8460.0,8370.0,8380.0,6669,0.0,0.0
2023-12-05 14:00:00+09:00,8380.0,8400.0,8310.0,8320.0,16077,0.0,0.0
2023-12-06 09:00:00+09:00,8220.0,8380.0,8190.0,8230.0,4154,0.0,0.0
2023-12-06 10:00:00+09:00,8240.0,8270.0,8220.0,8270.0,810,0.0,0.0
2023-12-06 11:00:00+09:00,8280.0,8280.0,8250.0,8250.0,194,0.0,0.0
2023-12-06 12:00:00+09:00,8250.0,8330.0,8250.0,8300.0,2703,0.0,0.0
2023-12-06 13:00:00+09:00,8300.0,8300.0,8290.0,8290.0,517,0.0,0.0
2023-12-06 14:00:00+09:00,8300.0,8370.0,8290.0,8370.0,1175,0.0,0.0
2023-12-07 09:00:00+09:00,8270.0,8380.0,8160.0,8280.0,12056,0.0,0.0
2023-12-07 10:00:00+09:00,8280.0,8290.0,8180.0,8260.0,6121,0.0,0.0
2023-12-07 11:00:00+09:00,8260.0,8300.0,8220.0,8230.0,4181,0.0,0.0
2023-12-07 12:00:00+09:00,8230.0,8270.0,8210.0,8270.0,4385,0.0,0.0
2023-12-07 13:00:00+09:00,8250.0,8270.0,8160.0,8200.0,19498,0.0,0.0
2023-12-07 14:00:00+09:00,8200.0,8250.0,8170.0,8240.0,4279,0.0,0.0
2023-12-08 09:00:00+09:00,8210.0,8350.0,8210.0,8280.0,1723,0.0,0.0
2023-12-08 10:00:00+09:00,8250.0,8260.0,8190.0,8260.0,10048,0.0,0.0
2023-12-08 11:00:00+09:00,8250.0,8260.0,8240.0,8240.0,1116,0.0,0.0
2023-12-08 12:00:00+09:00,8230.0,8280.0,8230.0,8250.0,7926,0.0,0.0
2023-12-08 13:00:00+09:00,8260.0,8340.0,8240.0,8310.0,3224,0.0,0.0
2023-12-08 14:00:00+09:00,8310.0,8330.0,8250.0,8290.0,954,0.0,0.0
2023-12-11 09:00:00+09:00,8270.0,8380.0,8260.0,8360.0,0,0.0,0.0
2023-12-11 10:00:00+09:00,8360.0,8380.0,8360.0,8380.0,2768,0.0,0.0
2023-12-11 11:00:00+09:00,8380.0,8380.0,8360.0,8360.0,3584,0.0,0.0
2023-12-11 12:00:00+09:00,8350.0,8360.0,8300.0,8360.0,2502,0.0,0.0
2023-12-11 13:00:00+09:00,8360.0,8400.0,8250.0,8340.0,10660,0.0,0.0
2023-12-11 14:00:00+09:00,8340.0,8410.0,8320.0,8390.0,2353,0.0,0.0
2023-12-12 09:00:00+09:00,8290.0,8590.0,8290.0,8460.0,9802,0.0,0.0
2023-12-12 10:00:00+09:00,8470.0,8550.0,8450.0,8540.0,9517,0.0,0.0
2023-12-12 11:00:00+09:00,8550.0,8630.0,8500.0,8570.0,7663,0.0,0.0
2023-12-12 12:00:00+09:00,8550.0,8560.0,8490.0,8550.0,1803,0.0,0.0
2023-12-12 13:00:00+09:00,8540.0,8600.0,8500.0,8600.0,6480,0.0,0.0
2023-12-12 14:00:00+09:00,8590.0,8620.0,8580.0,8600.0,3260,0.0,0.0
2023-12-13 09:00:00+09:00,8540.0,8650.0,8540.0,8580.0,3931,0.0,0.0
2023-12-13 10:00:00+09:00,8580.0,8600.0,8540.0,8600.0,2266,0.0,0.0
2023-12-13 11:00:00+09:00,8600.0,8620.0,8540.0,8550.0,2658,0.0,0.0
2023-12-13 12:00:00+09:00,8550.0,8570.0,8450.0,8450.0,11668,0.0,0.0
2023-12-13 13:00:00+09:00,8450.0,8590.0,8450.0,8490.0,11777,0.0,0.0
2023-12-13 14:00:00+09:00,8550.0,8550.0,8460.0,8540.0,0,0.0,0.0
2023-12-14 09:00:00+09:00,8500.0,8640.0,8500.0,8580.0,4399,0.0,0.0
2023-12-14 10:00:00+09:00,8560.0,8580.0,8480.0,8500.0,7914,0.0,0.0
2023-12-14 11:00:00+09:00,8500.0,8510.0,8460.0,8460.0,1313,0.0,0.0
2023-12-14 12:00:00+09:00,8450.0,8470.0,8410.0,8430.0,1788,0.0,0.0
2023-12-14 13:00:00+09:00,8430.0,8500.0,8430.0,8500.0,1235,0.0,0.0
2023-12-14 14:00:00+09:00,8490.0,8510.0,8470.0,8470.0,3967,0.0,0.0
2023-12-15 09:00:00+09:00,8450.0,8610.0,8450.0,8580.0,5528,0.0,0.0
2023-12-15 10:00:00+09:00,8580.0,8580.0,8460.0,8490.0,9760,0.0,0.0
2023-12-15 11:00:00+09:00,8490.0,8500.0,8450.0,8450.0,9804,0.0,0.0
2023-12-15 12:00:00+09:00,8450.0,8480.0,8400.0,8410.0,4278,0.0,0.0
2023-12-15 13:00:00+09:00,8410.0,8420.0,8330.0,8380.0,17648,0.0,0.0
2023-12-15 14:00:00+09:00,8370.0,8420.0,8310.0,8350.0,15225,0.0,0.0
2023-12-18 09:00:00+09:00,8430.0,8470.0,8410.0,8450.0,0,0.0,0.0
2023-12-18 10:00:00+09:00,8450.0,8520.0,8430.0,8520.0,3301,0.0,0.0
2023-12-18 11:00:00+09:00,8520.0,8520.0,8460.0,8500.0,1175,0.0,0.0
2023-12-18 12:00:00+09:00,8490.0,8500.0,8440.0,8500.0,3849,0.0,0.0
2023-12-18 13:00:00+09:00,8500.0,8510.0,8500.0,8510.0,608,0.0,0.0
2023-12-18 14:00:00+09:00,8500.0,8510.0,8470.0,8470.0,1388,0.0,0.0
2023-12-19 09:00:00+09:00,8500.0,8610.0,8420.0,8530.0,9391,0.0,0.0
2023-12-19 10:00:00+09:00,8530.0,8560.0,8450.0,8520.0,4998,0.0,0.0
2023-12-19 11:00:00+09:00,8530.0,8530.0,8510.0,8530.0,328,0.0,0.0
2023-12-19 12:00:00+09:00,8550.0,8550.0,8500.0,8510.0,2276,0.0,0.0
2023-12-19 13:00:00+09:00,8530.0,8540.0,8490.0,8540.0,5169,0.0,0.0
2023-12-19 14:00:00+09:00,8540.0,8540.0,8490.0,8490.0,8376,0.0,0.0
2023-12-20 09:00:00+09:00,8540.0,8700.0,8500.0,8570.0,20470,0.0,0.0
2023-12-20 10:00:00+09:00,8570.0,8580.0,8440.0,8470.0,19048,0.0,0.0
2023-12-20 11:00:00+09:00,8470.0,8480.0,8460.0,8460.0,5100,0.0,0.0
2023-12-20 12:00:00+09:00,8470.0,8520.0,8450.0,8480.0,6624,0.0,0.0
2023-12-20 13:00:00+09:00,8480.0,8520.0,8450.0,8480.0,6640,0.0,0.0
2023-12-20 14:00:00+09:00,8480.0,8490.0,8450.0,8470.0,9197,0.0,0.0
2023-12-21 09:00:00+09:00,8490.0,8500.0,8420.0,8490.0,2544,0.0,0.0
2023-12-21 10:00:00+09:00,8490.0,8500.0,8350.0,8360.0,14377,0.0,0.0
2023-12-21 11:00:00+09:00,8360.0,8400.0,8290.0,8350.0,11660,0.0,0.0
2023-12-21 12:00:00+09:00,8380.0,8410.0,8380.0,8380.0,2715,0.0,0.0
2023-12-21 13:00:00+09:00,8380.0,8410.0,8350.0,8390.0,4642,0.0,0.0
2023-12-21 14:00:00+09:00,8400.0,8420.0,8360.0,8370.0,3138,0.0,0.0
2023-12-22 09:00:00+09:00,8340.0,8420.0,8340.0,8370.0,3382,0.0,0.0
2023-12-22 10:00:00+09:00,8360.0,8390.0,8330.0,8340.0,4973,0.0,0.0
2023-12-22 11:00:00+09:00,8340.0,8350.0,8310.0,8320.0,4462,0.0,0.0
2023-12-22 12:00:00+09:00,8310.0,8330.0,8310.0,8330.0,856,0.0,0.0
2023-12-22 13:00:00+09:00,8320.0,8360.0,8300.0,8320.0,4066,0.0,0.0
2023-12-22 14:00:00+09:00,8320.0,8370.0,8320.0,8330.0,307,0.0,0.0
2023-12-26 09:00:00+09:00,8330.0,8350.0,8240.0,8320.0,0,0.0,0.0
2023-12-26 10:00:00+09:00,8300.0,8300.0,8280.0,8280.0,930,0.0,0.0
2023-12-26 11:00:00+09:00,8280.0,8340.0,8280.0,8340.0,4775,0.0,0.0
2023-12-26 12:00:00+09:00,8350.0,8360.0,8290.0,8290.0,487,0.0,0.0
2023-12-26 13:00:00+09:00,8300.0,8330.0,8280.0,8280.0,1749,0.0,0.0
2023-12-26 14:00:00+09:00,8280.0,8300.0,8280.0,8290.0,824,0.0,0.0
2023-12-27 09:00:00+09:00,8260.0,8360.0,8260.0,8280.0,1745,0.0,0.0
2023-12-27 10:00:00+09:00,8280.0,8310.0,8210.0,8210.0,6670,0.0,0.0
2023-12-27 11:00:00+09:00,8230.0,8300.0,8210.0,8260.0,1778,0.0,0.0
2023-12-27 12:00:00+09:00,8260.0,8300.0,8260.0,8300.0,1532,0.0,0.0
2023-12-27 13:00:00+09:00,8290.0,8300.0,8290.0,8290.0,3563,0.0,0.0
2023-12-27 14:00:00+09:00,8290.0,8300.0,8230.0,8260.0,2961,0.0,0.0
2023-12-28 09:00:00+09:00,8310.0,8360.0,8250.0,8360.0,3398,0.0,0.0
2023-12-28 10:00:00+09:00,8310.0,8360.0,8300.0,8300.0,1581,0.0,0.0
2023-12-28 11:00:00+09:00,8360.0,8360.0,8310.0,8360.0,2965,0.0,0.0
2023-12-28 12:00:00+09:00,8340.0,8400.0,8330.0,8400.0,647,0.0,0.0
2023-12-28 13:00:00+09:00,8390.0,8410.0,8340.0,8410.0,2641,0.0,0.0
2023-12-28 14:00:00+09:00,8400.0,8420.0,8380.0,8400.0,1578,0.0,0.0
2024-01-02 10:00:00+09:00,8450.0,8520.0,8400.0,8510.0,6197,0.0,0.0
2024-01-02 11:00:00+09:00,8470.0,8530.0,8440.0,8480.0,4714,0.0,0.0
2024-01-02 12:00:00+09:00,8490.0,8520.0,8470.0,8520.0,3916,0.0,0.0
2024-01-02 13:00:00+09:00,8480.0,8590.0,8450.0,8580.0,10231,0.0,0.0
2024-01-02 14:00:00+09:00,8580.0,8590.0,8460.0,8480.0,5359,0.0,0.0
2024-01-03 09:00:00+09:00,8370.0,8440.0,8300.0,8380.0,0,0.0,0.0
2024-01-03 10:00:00+09:00,8340.0,8340.0,8190.0,8220.0,31067,0.0,0.0
2024-01-03 11:00:00+09:00,8220.0,8280.0,8200.0,8280.0,10485,0.0,0.0
2024-01-03 12:00:00+09:00,8280.0,8280.0,8240.0,8250.0,1813,0.0,0.0
2024-01-03 13:00:00+09:00,8260.0,8280.0,8260.0,8280.0,632,0.0,0.0
2024-01-03 14:00:00+09:00,8280.0,8280.0,8200.0,8250.0,13408,0.0,0.0
2024-01-04 09:00:00+09:00,8240.0,8300.0,8100.0,8110.0,28147,0.0,0.0
2024-01-04 10:00:00+09:00,8110.0,8130.0,8050.0,8050.0,21798,0.0,0.0
2024-01-04 11:00:00+09:00,8050.0,8070.0,8050.0,8050.0,5376,0.0,0.0
2024-01-04 12:00:00+09:00,8050.0,8180.0,8050.0,8070.0,1380,0.0,0.0
2024-01-04 13:00:00+09:00,8120.0,8130.0,8070.0,8110.0,1599,0.0,0.0
2024-01-04 14:00:00+09:00,8130.0,8130.0,8080.0,8090.0,585,0.0,0.0
2024-01-05 09:00:00+09:00,8190.0,8190.0,8000.0,8140.0,6891,0.0,0.0
2024-01-05 10:00:00+09:00,8110.0,8130.0,8080.0,8130.0,2427,0.0,0.0
2024-01-05 11:00:00+09:00,8130.0,8140.0,8090.0,8130.0,2049,0.0,0.0
2024-01-05 12:00:00+09:00,8130.0,8300.0,8110.0,8210.0,7689,0.0,0.0
2024-01-05 13:00:00+09:00,8280.0,8350.0,8200.0,8260.0,20129,0.0,0.0
2024-01-05 14:00:00+09:00,8220.0,8280.0,8200.0,8260.0,4339,0.0,0.0
2024-01-08 09:00:00+09:00,8110.0,8270.0,8110.0,8190.0,0,0.0,0.0
2024-01-08 10:00:00+09:00,8200.0,8240.0,8200.0,8240.0,1252,0.0,0.0
2024-01-08 11:00:00+09:00,8260.0,8260.0,8190.0,8220.0,1849,0.0,0.0
2024-01-08 12:00:00+09:00,8220.0,8250.0,8220.0,8220.0,1831,0.0,0.0
2024-01-08 13:00:00+09:00,8230.0,8500.0,8210.0,8450.0,15865,0.0,0.0
2024-01-08 14:00:00+09:00,8450.0,8450.0,8390.0,8410.0,5835,0.0,0.0
2024-01-09 09:00:00+09:00,8510.0,8520.0,8440.0,8490.0,8971,0.0,0.0
2024-01-09 10:00:00+09:00,8490.0,8580.0,8460.0,8550.0,5566,0.0,0.0
2024-01-09 11:00:00+09:00,8530.0,8560.0,8470.0,8470.0,3582,0.0,0.0
2024-01-09 12:00:00+09:00,8500.0,8510.0,8440.0,8450.0,2170,0.0,0.0
2024-01-09 13:00:00+09:00,8460.0,8460.0,8420.0,8430.0,2498,0.0,0.0
2024-01-09 14:00:00+09:00,8440.0,8490.0,8420.0,8440.0,1216,0.0,0.0
2024-01-10 09:00:00+09:00,8420.0,8430.0,8330.0,8340.0,2899,0.0,0.0
2024-01-10 10:00:00+09:00,8340.0,8420.0,8300.0,8300.0,6657,0.0,0.0
2024-01-10 11:00:00+09:00,8340.0,8380.0,8310.0,8320.0,4241,0.0,0.0
2024-01-10 12:00:00+09:00,8350.0,8350.0,8310.0,8320.0,517,0.0,0.0
2024-01-10 13:00:00+09:00,8320.0,8350.0,8300.0,8350.0,4330,0.0,0.0
2024-01-10 14:00:00+09:00,8330.0,8350.0,8300.0,8330.0,1924,0.0,0.0
2024-01-11 09:00:00+09:00,8530.0,8530.0,8330.0,8360.0,4232,0.0,0.0
2024-01-11 10:00:00+09:00,8360.0,8370.0,8350.0,8350.0,2427,0.0,0.0
2024-01-11 11:00:00+09:00,8350.0,8360.0,8330.0,8340.0,4653,0.0,0.0
2024-01-11 12:00:00+09:00,8330.0,8340.0,8320.0,8320.0,2377,0.0,0.0
2024-01-11 13:00:00+09:00,8320.0,8380.0,8320.0,8370.0,558,0.0,0.0
2024-01-11 14:00:00+09:00,8360.0,8410.0,8360.0,8370.0,1392,0.0,0.0
2024-01-12 09:00:00+09:00,8390.0,8920.0,8390.0,8920.0,89670,0.0,0.0
2024-01-12 10:00:00+09:00,8910.0,9160.0,8830.0,8880.0,204706,0.0,0.0
2024-01-12 11:00:00+09:00,8880.0,9410.0,8880.0,9010.0,481423,0.0,0.0
2024-01-12 12:00:00+09:00,9000.0,9170.0,8960.0,9080.0,59726,0.0,0.0
2024-01-12 13:00:00+09:00,9080.0,9130.0,8980.0,9110.0,63452,0.0,0.0
2024-01-12 14:00:00+09:00,9110.0,9270.0,9090.0,9140.0,101218,0.0,0.0
2024-01-15 09:00:00+09:00,9320.0,9490.0,8990.0,9360.0,0,0.0,0.0
2024-01-15 10:00:00+09:00,9350.0,9420.0,9080.0,9170.0,68793,0.0,0.0
2024-01-15 11:00:00+09:00,9150.0,9280.0,9110.0,9260.0,20257,0.0,0.0
2024-01-15 12:00:00+09:00,9240.0,9250.0,9130.0,9150.0,16816,0.0,0.0
2024-01-15 13:00:00+09:00,9150.0,9250.0,9120.0,9140.0,13446,0.0,0.0
2024-01-15 14:00:00+09:00,9140.0,9190.0,9100.0,9140.0,16062,0.0,0.0
2024-01-16 09:00:00+09:00,9180.0,9390.0,9080.0,9080.0,36062,0.0,0.0
2024-01-16 10:00:00+09:00,9090.0,9290.0,9080.0,9270.0,31738,0.0,0.0
2024-01-16 11:00:00+09:00,9270.0,9310.0,9230.0,9270.0,16238,0.0,0.0
2024-01-16 12:00:00+09:00,9270.0,9270.0,9110.0,9230.0,14572,0.0,0.0
2024-01-16 13:00:00+09:00,9220.0,9230.0,9160.0,9220.0,14894,0.0,0.0
2024-01-16 14:00:00+09:00,9220.0,9330.0,9190.0,9290.0,26154,0.0,0.0
2024-01-17 09:00:00+09:00,9340.0,9440.0,9120.0,9150.0,53592,0.0,0.0
2024-01-17 10:00:00+09:00,9150.0,9280.0,9140.0,9240.0,16919,0.0,0.0
2024-01-17 11:00:00+09:00,9240.0,9290.0,9230.0,9260.0,9277,0.0,0.0
2024-01-17 12:00:00+09:00,9260.0,9370.0,9260.0,9350.0,17016,0.0,0.0
2024-01-17 13:00:00+09:00,9350.0,9370.0,9180.0,9190.0,17904,0.0,0.0
2024-01-17 14:00:00+09:00,9190.0,9240.0,9100.0,9110.0,18421,0.0,0.0
2024-01-18 09:00:00+09:00,9100.0,9310.0,9100.0,9160.0,18295,0.0,0.0
2024-01-18 10:00:00+09:00,9150.0,9250.0,9030.0,9030.0,18332,0.0,0.0
2024-01-18 11:00:00+09:00,9030.0,9050.0,8860.0,8910.0,40236,0.0,0.0
2024-01-18 12:00:00+09:00,8910.0,8970.0,8890.0,8960.0,11926,0.0,0.0
2024-01-18 13:00:00+09:00,8960.0,8960.0,8880.0,8880.0,20577,0.0,0.0
2024-01-18 14:00:00+09:00,8880.0,9010.0,8860.0,8950.0,13104,0.0,0.0
2024-01-19 09:00:00+09:00,9070.0,9350.0,9070.0,9300.0,40028,0.0,0.0
2024-01-19 10:00:00+09:00,9280.0,9460.0,9280.0,9340.0,41831,0.0,0.0
2024-01-19 11:00:00+09:00,9340.0,9420.0,9270.0,9390.0,15532,0.0,0.0
2024-01-19 12:00:00+09:00,9400.0,9420.0,9380.0,9380.0,6518,0.0,0.0
2024-01-19 13:00:00+09:00,9380.0,9470.0,9370.0,9390.0,16670,0.0,0.0
2024-01-19 14:00:00+09:00,9390.0,9470.0,9370.0,9460.0,12405,0.0,0.0
2024-01-22 09:00:00+09:00,9780.0,9800.0,9500.0,9660.0,0,0.0,0.0
2024-01-22 10:00:00+09:00,9660.0,9660.0,9490.0,9490.0,32779,0.0,0.0
2024-01-22 11:00:00+09:00,9570.0,9570.0,9450.0,9480.0,6675,0.0,0.0
2024-01-22 12:00:00+09:00,9490.0,9530.0,9490.0,9510.0,1062,0.0,0.0
2024-01-22 13:00:00+09:00,9510.0,9600.0,9480.0,9510.0,7585,0.0,0.0
2024-01-22 14:00:00+09:00,9510.0,9520.0,9480.0,9490.0,3038,0.0,0.0
2024-01-23 09:00:00+09:00,9500.0,9540.0,9330.0,9440.0,15735,0.0,0.0
2024-01-23 10:00:00+09:00,9440.0,9500.0,9340.0,9430.0,9030,0.0,0.0
2024-01-23 11:00:00+09:00,9440.0,9490.0,9430.0,9460.0,0,0.0,0.0
2024-01-23 12:00:00+09:00,9450.0,9450.0,9370.0,9380.0,37262,0.0,0.0
2024-01-23 13:00:00+09:00,9370.0,9370.0,9210.0,9280.0,20669,0.0,0.0
2024-01-23 14:00:00+09:00,9280.0,9340.0,9270.0,9320.0,4519,0.0,0.0
2024-01-24 09:00:00+09:00,9310.0,9320.0,9220.0,9260.0,6526,0.0,0.0
2024-01-24 10:00:00+09:00,9280.0,9280.0,9150.0,9230.0,11965,0.0,0.0
2024-01-24 11:00:00+09:00,9240.0,9270.0,9200.0,9220.0,811,0.0,0.0
2024-01-24 12:00:00+09:00,9220.0,9230.0,9200.0,9210.0,1256,0.0,0.0
2024-01-24 13:00:00+09:00,9210.0,9230.0,9110.0,9150.0,12783,0.0,0.0
2024-01-24 14:00:00+09:00,9150.0,9250.0,9110.0,9200.0,9275,0.0,0.0
2024-01-25 09:00:00+09:00,9160.0,9340.0,9100.0,9260.0,12786,0.0,0.0
2024-01-25 10:00:00+09:00,9280.0,9520.0,9280.0,9320.0,12627,0.0,0.0
2024-01-25 11:00:00+09:00,9320.0,9420.0,9310.0,9330.0,4262,0.0,0.0
2024-01-25 12:00:00+09:00,9320.0,9510.0,9310.0,9490.0,12957,0.0,0.0
2024-01-25 13:00:00+09:00,9490.0,9650.0,9490.0,9610.0,21747,0.0,0.0
2024-01-25 14:00:00+09:00,9610.0,9670.0,9530.0,9570.0,9655,0.0,0.0
2024-01-26 09:00:00+09:00,9430.0,9540.0,9240.0,9340.0,19823,0.0,0.0
2024-01-26 10:00:00+09:00,9350.0,9380.0,9280.0,9280.0,0,0.0,0.0
2024-01-26 11:00:00+09:00,9300.0,9400.0,9250.0,9280.0,30279,0.0,0.0
2024-01-26 12:00:00+09:00,9280.0,9360.0,9270.0,9350.0,1966,0.0,0.0
2024-01-26 13:00:00+09:00,9350.0,9390.0,9280.0,9280.0,5144,0.0,0.0
2024-01-26 14:00:00+09:00,9280.0,9300.0,9260.0,9270.0,3565,0.0,0.0
2024-01-29 09:00:00+09:00,9300.0,9350.0,9170.0,9270.0,0,0.0,0.0
2024-01-29 10:00:00+09:00,9220.0,9310.0,9220.0,9250.0,3128,0.0,0.0
2024-01-29 11:00:00+09:00,9250.0,9350.0,9240.0,9250.0,2762,0.0,0.0
2024-01-29 12:00:00+09:00,9250.0,9290.0,9230.0,9250.0,1129,0.0,0.0
2024-01-29 13:00:00+09:00,9240.0,9280.0,9210.0,9220.0,2541,0.0,0.0
2024-01-29 14:00:00+09:00,9270.0,9280.0,9090.0,9180.0,22433,0.0,0.0
2024-01-30 09:00:00+09:00,9180.0,9190.0,9100.0,9100.0,0,0.0,0.0
2024-01-30 10:00:00+09:00,9100.0,9150.0,9070.0,9090.0,10446,0.0,0.0
2024-01-30 11:00:00+09:00,9090.0,9110.0,9010.0,9060.0,7778,0.0,0.0
2024-01-30 12:00:00+09:00,9010.0,9010.0,8980.0,8980.0,7308,0.0,0.0
2024-01-30 13:00:00+09:00,8980.0,8990.0,8920.0,8990.0,8364,0.0,0.0
2024-01-30 14:00:00+09:00,8950.0,9100.0,8920.0,9080.0,5982,0.0,0.0
2024-01-31 09:00:00+09:00,9000.0,9000.0,8920.0,8960.0,2037,0.0,0.0
2024-01-31 10:00:00+09:00,8960.0,9000.0,8940.0,8950.0,1917,0.0,0.0
2024-01-31 11:00:00+09:00,8990.0,8990.0,8950.0,8950.0,2263,0.0,0.0
2024-01-31 12:00:00+09:00,8950.0,8970.0,8930.0,8930.0,3397,0.0,0.0
2024-01-31 13:00:00+09:00,8930.0,9000.0,8900.0,8900.0,5693,0.0,0.0
2024-01-31 14:00:00+09:00,8900.0,8970.0,8850.0,8930.0,8292,0.0,0.0
2024-02-01 09:00:00+09:00,8960.0,9060.0,8890.0,9000.0,6492,0.0,0.0
2024-02-01 10:00:00+09:00,8990.0,9000.0,8860.0,8930.0,7910,0.0,0.0
2024-02-01 11:00:00+09:00,8910.0,8940.0,8860.0,8920.0,4240,0.0,0.0
2024-02-01 12:00:00+09:00,8920.0,9050.0,8920.0,9020.0,4030,0.0,0.0
2024-02-01 13:00:00+09:00,9020.0,9050.0,8870.0,8910.0,7804,0.0,0.0
2024-02-01 14:00:00+09:00,8890.0,8940.0,8870.0,8880.0,5255,0.0,0.0
2024-02-02 09:00:00+09:00,8910.0,9210.0,8910.0,9180.0,26053,0.0,0.0
2024-02-02 10:00:00+09:00,9140.0,9210.0,9130.0,9130.0,3175,0.0,0.0
2024-02-02 11:00:00+09:00,9130.0,9180.0,9060.0,9070.0,3918,0.0,0.0
2024-02-02 12:00:00+09:00,9110.0,9120.0,9070.0,9120.0,328,0.0,0.0
2024-02-02 13:00:00+09:00,9120.0,9120.0,9010.0,9060.0,2887,0.0,0.0
2024-02-02 14:00:00+09:00,9070.0,9140.0,9070.0,9080.0,3227,0.0,0.0
2024-02-05 09:00:00+09:00,9120.0,9210.0,9030.0,9050.0,0,0.0,0.0
2024-02-05 10:00:00+09:00,9050.0,9110.0,9050.0,9060.0,1838,0.0,0.0
2024-02-05 11:00:00+09:00,9070.0,9100.0,9060.0,9080.0,2090,0.0,0.0
2024-02-05 12:00:00+09:00,9080.0,9100.0,9060.0,9060.0,1971,0.0,0.0
2024-02-05 13:00:00+09:00,9060.0,9100.0,9060.0,9080.0,1878,0.0,0.0
2024-02-05 14:00:00+09:00,9070.0,9130.0,9030.0,9100.0,16429,0.0,0.0
2024-02-06 09:00:00+09:00,9180.0,9180.0,8870.0,8900.0,10533,0.0,0.0
2024-02-06 10:00:00+09:00,8900.0,9050.0,8880.0,9010.0,1157,0.0,0.0
2024-02-06 11:00:00+09:00,8980.0,9090.0,8960.0,9090.0,7365,0.0,0.0
2024-02-06 12:00:00+09:00,9070.0,9070.0,8970.0,8970.0,4623,0.0,0.0
2024-02-06 13:00:00+09:00,9020.0,9060.0,8980.0,9030.0,1355,0.0,0.0
2024-02-06 14:00:00+09:00,9040.0,9040.0,9000.0,9000.0,557,0.0,0.0
2024-02-07 09:00:00+09:00,9010.0,9080.0,8860.0,8870.0,9425,0.0,0.0
2024-02-07 10:00:00+09:00,8870.0,8950.0,8860.0,8940.0,1336,0.0,0.0
2024-02-07 11:00:00+09:00,8940.0,8970.0,8930.0,8960.0,461,0.0,0.0
2024-02-07 12:00:00+09:00,8960.0,8960.0,8910.0,8940.0,1119,0.0,0.0
2024-02-07 13:00:00+09:00,8940.0,8940.0,8900.0,8910.0,6925,0.0,0.0
2024-02-07 14:00:00+09:00,8910.0,8940.0,8910.0,8920.0,3326,0.0,0.0
2024-02-08 09:00:00+09:00,9010.0,9240.0,9000.0,9210.0,13269,0.0,0.0
2024-02-08 10:00:00+09:00,9210.0,9270.0,9190.0,9200.0,5635,0.0,0.0
2024-02-08 11:00:00+09:00,9210.0,9300.0,9200.0,9280.0,7773,0.0,0.0
2024-02-08 12:00:00+09:00,9280.0,9310.0,9200.0,9210.0,8849,0.0,0.0
2024-02-08 13:00:00+09:00,9210.0,9230.0,9170.0,9190.0,4571,0.0,0.0
2024-02-08 14:00:00+09:00,9170.0,9240.0,9170.0,9190.0,5618,0.0,0.0
2024-02-13 09:00:00+09:00,9250.0,9600.0,9250.0,9300.0,0,0.0,0.0
2024-02-13 10:00:00+09:00,9290.0,9360.0,9260.0,9270.0,6518,0.0,0.0
2024-02-13 11:00:00+09:00,9280.0,9310.0,9260.0,9300.0,3763,0.0,0.0
2024-02-13 12:00:00+09:00,9300.0,9320.0,9290.0,9300.0,717,0.0,0.0
2024-02-13 13:00:00+09:00,9290.0,9320.0,9290.0,9300.0,4104,0.0,0.0
2024-02-13 14:00:00+09:00,9290.0,9310.0,9260.0,9260.0,7168,0.0,0.0
2024-02-14 09:00:00+09:00,9210.0,9280.0,9040.0,9190.0,8042,0.0,0.0
2024-02-14 10:00:00+09:00,9210.0,9270.0,9170.0,9220.0,2366,0.0,0.0
2024-02-14 11:00:00+09:00,9260.0,9300.0,9200.0,9300.0,13036,0.0,0.0
2024-02-14 12:00:00+09:00,9300.0,9490.0,9290.0,9380.0,15194,0.0,0.0
2024-02-14 13:00:00+09:00,9430.0,9570.0,9420.0,9480.0,19828,0.0,0.0
2024-02-14 14:00:00+09:00,9480.0,10070.0,9450.0,10000.0,196711,0.0,0.0
2024-02-15 09:00:00+09:00,10000.0,10350.0,9920.0,10270.0,130500,0.0,0.0
2024-02-15 10:00:00+09:00,10260.0,10330.0,10110.0,10110.0,40829,0.0,0.0
2024-02-15 11:00:00+09:00,10160.0,10180.0,10060.0,10130.0,26847,0.0,0.0
2024-02-15 12:00:00+09:00,10130.0,10160.0,10080.0,10130.0,16056,0.0,0.0
2024-02-15 13:00:00+09:00,10130.0,10180.0,10020.0,10050.0,25159,0.0,0.0
2024-02-15 14:00:00+09:00,10060.0,10290.0,10060.0,10100.0,41398,0.0,0.0
2024-02-16 09:00:00+09:00,10040.0,10180.0,9800.0,9870.0,31833,0.0,0.0
2024-02-16 10:00:00+09:00,9860.0,9870.0,9740.0,9750.0,19550,0.0,0.0
2024-02-16 11:00:00+09:00,9780.0,9820.0,9770.0,9790.0,3206,0.0,0.0
2024-02-16 12:00:00+09:00,9790.0,9920.0,9770.0,9860.0,7002,0.0,0.0
2024-02-16 13:00:00+09:00,9860.0,9910.0,9790.0,9860.0,8776,0.0,0.0
2024-02-16 14:00:00+09:00,9800.0,9800.0,9750.0,9750.0,15381,0.0,0.0
2024-02-19 09:00:00+09:00,10030.0,10030.0,9800.0,9900.0,0,0.0,0.0
2024-02-19 10:00:00+09:00,9900.0,9920.0,9820.0,9820.0,15693,0.0,0.0
2024-02-19 11:00:00+09:00,9820.0,9830.0,9810.0,9810.0,3375,0.0,0.0
2024-02-19 12:00:00+09:00,9810.0,9840.0,9790.0,9840.0,7847,0.0,0.0
2024-02-19 13:00:00+09:00,9850.0,9950.0,9810.0,9830.0,11060,0.0,0.0
2024-02-19 14:00:00+09:00,9860.0,9880.0,9810.0,9880.0,3389,0.0,0.0
2024-02-20 09:00:00+09:00,9880.0,9880.0,9650.0,9660.0,12832,0.0,0.0
2024-02-20 10:00:00+09:00,9660.0,9670.0,9540.0,9550.0,28822,0.0,0.0
2024-02-20 11:00:00+09:00,9550.0,9560.0,9500.0,9520.0,12120,0.0,0.0
2024-02-20 12:00:00+09:00,9520.0,9530.0,9460.0,9490.0,7689,0.0,0.0
2024-02-20 13:00:00+09:00,9490.0,9540.0,9480.0,9490.0,8484,0.0,0.0
2024-02-20 14:00:00+09:00,9490.0,9510.0,9480.0,9500.0,4757,0.0,0.0
2024-02-21 09:00:00+09:00,9520.0,9690.0,9420.0,9470.0,14422,0.0,0.0
2024-02-21 10:00:00+09:00,9470.0,9720.0,9450.0,9590.0,19245,0.0,0.0
2024-02-21 11:00:00+09:00,9610.0,9710.0,9610.0,9640.0,12527,0.0,0.0
2024-02-21 12:00:00+09:00,9640.0,9650.0,9580.0,9590.0,5869,0.0,0.0
2024-02-21 13:00:00+09:00,9580.0,9590.0,9500.0,9550.0,7577,0.0,0.0
2024-02-21 14:00:00+09:00,9530.0,9530.0,9450.0,9460.0,3571,0.0,0.0
2024-02-22 09:00:00+09:00,9510.0,9670.0,9510.0,9520.0,11873,0.0,0.0
2024-02-22 10:00:00+09:00,9520.0,9650.0,9510.0,9580.0,5415,0.0,0.0
2024-02-22 11:00:00+09:00,9580.0,9660.0,9580.0,9600.0,3970,0.0,0.0
2024-02-22 12:00:00+09:00,9600.0,9650.0,9600.0,9630.0,757,0.0,0.0
2024-02-22 13:00:00+09:00,9620.0,9640.0,9580.0,9610.0,1818,0.0,0.0
2024-02-22 14:00:00+09:00,9620.0,9620.0,9530.0,9540.0,6381,0.0,0.0
2024-02-23 09:00:00+09:00,9590.0,9760.0,9350.0,9450.0,13016,0.0,0.0
2024-02-23 10:00:00+09:00,9440.0,9550.0,9430.0,9490.0,5189,0.0,0.0
2024-02-23 11:00:00+09:00,9490.0,9580.0,9490.0,9530.0,1596,0.0,0.0
2024-02-23 12:00:00+09:00,9530.0,9540.0,9490.0,9540.0,2555,0.0,0.0
2024-02-23 13:00:00+09:00,9540.0,9540.0,9500.0,9500.0,3319,0.0,0.0
2024-02-23 14:00:00+09:00,9500.0,9520.0,9450.0,9470.0,5371,0.0,0.0
2024-02-26 09:00:00+09:00,9520.0,9670.0,9450.0,9520.0,0,0.0,0.0
2024-02-26 10:00:00+09:00,9520.0,9540.0,9450.0,9450.0,9473,0.0,0.0
2024-02-26 11:00:00+09:00,9460.0,9540.0,9440.0,9540.0,3651,0.0,0.0
2024-02-26 12:00:00+09:00,9490.0,9550.0,9470.0,9480.0,1871,0.0,0.0
2024-02-26 13:00:00+09:00,9480.0,9550.0,9480.0,9510.0,2095,0.0,0.0
2024-02-26 14:00:00+09:00,9510.0,9740.0,9510.0,9550.0,25656,0.0,0.0
2024-02-27 09:00:00+09:00,9490.0,9570.0,9320.0,9410.0,15515,0.0,0.0
2024-02-27 10:00:00+09:00,9400.0,9420.0,9370.0,9420.0,4772,0.0,0.0
2024-02-27 11:00:00+09:00,9390.0,9420.0,9280.0,9280.0,8890,0.0,0.0
2024-02-27 12:00:00+09:00,9280.0,9300.0,9240.0,9290.0,5316,0.0,0.0
2024-02-27 13:00:00+09:00,9290.0,9320.0,9230.0,9320.0,5825,0.0,0.0
2024-02-27 14:00:00+09:00,9320.0,9420.0,9250.0,9270.0,8919,0.0,0.0
2024-02-28 09:00:00+09:00,9320.0,9490.0,9290.0,9490.0,6511,0.0,0.0
2024-02-28 10:00:00+09:00,9430.0,9480.0,9380.0,9420.0,4248,0.0,0.0
2024-02-28 11:00:00+09:00,9420.0,9440.0,9400.0,9420.0,1724,0.0,0.0
2024-02-28 12:00:00+09:00,9420.0,9440.0,9370.0,9440.0,2160,0.0,0.0
2024-02-28 13:00:00+09:00,9440.0,9460.0,9410.0,9450.0,1670,0.0,0.0
2024-02-28 14:00:00+09:00,9450.0,9500.0,9430.0,9430.0,6590,0.0,0.0
2024-02-29 09:00:00+09:00,9530.0,9530.0,9400.0,9430.0,3674,0.0,0.0
2024-02-29 10:00:00+09:00,9430.0,9490.0,9420.0,9470.0,1424,0.0,0.0
2024-02-29 11:00:00+09:00,9430.0,9480.0,9420.0,9470.0,2147,0.0,0.0
2024-02-29 12:00:00+09:00,9450.0,9470.0,9400.0,9400.0,4249,0.0,0.0
2024-02-29 13:00:00+09:00,9410.0,9410.0,9240.0,9250.0,10492,0.0,0.0
2024-02-29 14:00:00+09:00,9250.0,9410.0,9150.0,9190.0,14254,0.0,0.0
2024-03-04 09:00:00+09:00,9350.0,9350.0,8980.0,9010.0,0,0.0,0.0
2024-03-04 10:00:00+09:00,9010.0,9120.0,8990.0,9000.0,6676,0.0,0.0
2024-03-04 11:00:00+09:00,9010.0,9100.0,8960.0,9000.0,12340,0.0,0.0
2024-03-04 12:00:00+09:00,8990.0,9030.0,8960.0,8970.0,15499,0.0,0.0
2024-03-04 13:00:00+09:00,8970.0,9070.0,8960.0,9060.0,7218,0.0,0.0
2024-03-04 14:00:00+09:00,9060.0,9260.0,9000.0,9180.0,12655,0.0,0.0
2024-03-05 09:00:00+09:00,9110.0,9340.0,9110.0,9240.0,0,0.0,0.0
2024-03-05 10:00:00+09:00,9260.0,9260.0,9160.0,9170.0,21975,0.0,0.0
2024-03-05 11:00:00+09:00,9170.0,9180.0,9060.0,9070.0,15444,0.0,0.0
2024-03-05 12:00:00+09:00,9070.0,9080.0,9050.0,9060.0,4615,0.0,0.0
2024-03-05 13:00:00+09:00,9060.0,9100.0,9030.0,9070.0,6249,0.0,0.0
2024-03-05 14:00:00+09:00,9070.0,9190.0,9070.0,9140.0,15314,0.0,0.0
2024-03-06 09:00:00+09:00,9200.0,9200.0,9050.0,9140.0,10555,0.0,0.0
2024-03-06 10:00:00+09:00,9150.0,9200.0,9120.0,9150.0,1487,0.0,0.0
2024-03-06 11:00:00+09:00,9150.0,9190.0,9150.0,9160.0,2004,0.0,0.0
2024-03-06 12:00:00+09:00,9160.0,9390.0,9140.0,9290.0,10744,0.0,0.0
2024-03-06 13:00:00+09:00,9290.0,9330.0,9200.0,9200.0,10587,0.0,0.0
2024-03-06 14:00:00+09:00,9210.0,9270.0,9180.0,9250.0,11153,0.0,0.0
2024-03-07 09:00:00+09:00,9140.0,9390.0,9100.0,9160.0,9056,0.0,0.0
2024-03-07 10:00:00+09:00,9160.0,9190.0,9060.0,9140.0,2862,0.0,0.0
2024-03-07 11:00:00+09:00,9130.0,9190.0,9060.0,9060.0,2519,0.0,0.0
2024-03-07 12:00:00+09:00,9110.0,9130.0,9060.0,9080.0,728,0.0,0.0
2024-03-07 13:00:00+09:00,9130.0,9130.0,9090.0,9090.0,265,0.0,0.0
2024-03-07 14:00:00+09:00,9090.0,9090.0,8970.0,9020.0,12978,0.0,0.0
2024-03-08 09:00:00+09:00,9000.0,9140.0,8850.0,8860.0,17141,0.0,0.0
2024-03-08 10:00:00+09:00,8870.0,8890.0,8720.0,8720.0,12722,0.0,0.0
2024-03-08 11:00:00+09:00,8730.0,8750.0,8680.0,8700.0,9721,0.0,0.0
2024-03-08 12:00:00+09:00,8700.0,8730.0,8650.0,8690.0,9189,0.0,0.0
2024-03-08 13:00:00+09:00,8680.0,8820.0,8680.0,8790.0,11219,0.0,0.0
2024-03-08 14:00:00+09:00,8780.0,8800.0,8750.0,8800.0,9043,0.0,0.0
2024-03-11 09:00:00+09:00,8720.0,8850.0,8710.0,8730.0,0,0.0,0.0
2024-03-11 10:00:00+09:00,8730.0,8790.0,8720.0,8790.0,6425,0.0,0.0
2024-03-11 11:00:00+09:00,8770.0,8770.0,8730.0,8750.0,4257,0.0,0.0
2024-03-11 12:00:00+09:00,8740.0,8890.0,8740.0,8810.0,3759,0.0,0.0
2024-03-11 13:00:00+09:00,8840.0,9030.0,8830.0,8900.0,14181,0.0,0.0
2024-03-11 14:00:00+09:00,8910.0,8910.0,8860.0,8890.0,7125,0.0,0.0
2024-03-12 09:00:00+09:00,8980.0,8980.0,8840.0,8870.0,6736,0.0,0.0
2024-03-12 10:00:00+09:00,8880.0,8950.0,8870.0,8950.0,3546,0.0,0.0
2024-03-12 11:00:00+09:00,8980.0,8980.0,8890.0,8890.0,1760,0.0,0.0
2024-03-12 12:00:00+09:00,8890.0,8960.0,8850.0,8960.0,3368,0.0,0.0
2024-03-12 13:00:00+09:00,8910.0,8930.0,8810.0,8810.0,11584,0.0,0.0
2024-03-12 14:00:00+09:00,8820.0,8840.0,8780.0,8840.0,10646,0.0,0.0
2024-03-13 09:00:00+09:00,9000.0,9060.0,8920.0,8960.0,8066,0.0,0.0
2024-03-13 10:00:00+09:00,8960.0,9200.0,8960.0,9100.0,8844,0.0,0.0
2024-03-13 11:00:00+09:00,9100.0,9310.0,9080.0,9270.0,11350,0.0,0.0
2024-03-13 12:00:00+09:00,9300.0,9300.0,9110.0,9140.0,11151,0.0,0.0
2024-03-13 13:00:00+09:00,9140.0,9190.0,9110.0,9140.0,4940,0.0,0.0
2024-03-13 14:00:00+09:00,9140.0,9220.0,9140.0,9170.0,1957,0.0,0.0
2024-03-14 09:00:00+09:00,9120.0,9120.0,9000.0,9050.0,0,0.0,0.0
2024-03-14 10:00:00+09:00,9010.0,9050.0,8950.0,8970.0,21285,0.0,0.0
2024-03-14 11:00:00+09:00,8970.0,9050.0,8970.0,9000.0,3401,0.0,0.0
2024-03-14 12:00:00+09:00,9000.0,9020.0,9000.0,9020.0,612,0.0,0.0
2024-03-14 13:00:00+09:00,9020.0,9100.0,9020.0,9100.0,1488,0.0,0.0
2024-03-14 14:00:00+09:00,9060.0,9100.0,9040.0,9080.0,2256,0.0,0.0
2024-03-15 09:00:00+09:00,9100.0,9130.0,8990.0,9050.0,10782,0.0,0.0
2024-03-15 10:00:00+09:00,9050.0,9080.0,9000.0,9050.0,2051,0.0,0.0
2024-03-15 11:00:00+09:00,9050.0,9050.0,9010.0,9010.0,1183,0.0,0.0
2024-03-15 12:00:00+09:00,9010.0,9020.0,8960.0,8960.0,9706,0.0,0.0
2024-03-15 13:00:00+09:00,8960.0,9000.0,8930.0,8950.0,6447,0.0,0.0
2024-03-15 14:00:00+09:00,8950.0,8960.0,8930.0,8960.0,1873,0.0,0.0
2024-03-18 09:00:00+09:00,9030.0,9110.0,8880.0,9050.0,0,0.0,0.0
2024-03-18 10:00:00+09:00,9050.0,9050.0,9000.0,9000.0,2128,0.0,0.0
2024-03-18 11:00:00+09:00,9000.0,9020.0,8980.0,8980.0,2084,0.0,0.0
2024-03-18 12:00:00+09:00,8980.0,9040.0,8970.0,9030.0,5547,0.0,0.0
2024-03-18 13:00:00+09:00,9030.0,9060.0,9010.0,9030.0,2110,0.0,0.0
2024-03-18 14:00:00+09:00,9030.0,9100.0,9020.0,9040.0,3957,0.0,0.0
2024-03-19 09:00:00+09:00,8980.0,9110.0,8980.0,9040.0,8087,0.0,0.0
2024-03-19 10:00:00+09:00,9020.0,9040.0,8980.0,8990.0,1989,0.0,0.0
2024-03-19 11:00:00+09:00,8990.0,9020.0,8960.0,8960.0,1763,0.0,0.0
2024-03-19 12:00:00+09:00,8980.0,8990.0,8920.0,8990.0,6652,0.0,0.0
2024-03-19 13:00:00+09:00,8970.0,8980.0,8800.0,8930.0,9654,0.0,0.0
2024-03-19 14:00:00+09:00,8930.0,8930.0,8850.0,8870.0,3352,0.0,0.0
2024-03-20 09:00:00+09:00,8920.0,8920.0,8810.0,8840.0,3067,0.0,0.0
2024-03-20 10:00:00+09:00,8840.0,8910.0,8840.0,8860.0,1077,0.0,0.0
2024-03-20 11:00:00+09:00,8880.0,8900.0,8850.0,8860.0,5483,0.0,0.0
2024-03-20 12:00:00+09:00,8880.0,8980.0,8880.0,8960.0,2276,0.0,0.0
2024-03-20 13:00:00+09:00,8970.0,9020.0,8940.0,9020.0,3945,0.0,0.0
2024-03-20 14:00:00+09:00,9040.0,9050.0,8970.0,9040.0,3752,0.0,0.0
2024-03-21 09:00:00+09:00,8940.0,9070.0,8900.0,9050.0,13644,0.0,0.0
2024-03-21 10:00:00+09:00,9050.0,9150.0,9050.0,9110.0,12408,0.0,0.0
2024-03-21 11:00:00+09:00,9100.0,9110.0,9060.0,9110.0,262,0.0,0.0
2024-03-21 12:00:00+09:00,9070.0,9100.0,9070.0,9090.0,755,0.0,0.0
2024-03-21 13:00:00+09:00,9090.0,9210.0,9080.0,9210.0,7865,0.0,0.0
2024-03-21 14:00:00+09:00,9180.0,9220.0,9150.0,9160.0,10028,0.0,0.0
2024-03-22 09:00:00+09:00,9310.0,9310.0,9100.0,9210.0,11309,0.0,0.0
2024-03-22 10:00:00+09:00,9200.0,9210.0,9170.0,9170.0,2625,0.0,0.0
2024-03-22 11:00:00+09:00,9170.0,9190.0,9110.0,9130.0,2519,0.0,0.0
2024-03-22 12:00:00+09:00,9150.0,9250.0,9130.0,9160.0,15737,0.0,0.0
2024-03-22 13:00:00+09:00,9160.0,9290.0,9160.0,9230.0,4813,0.0,0.0
2024-03-22 14:00:00+09:00,9220.0,9270.0,9130.0,9160.0,7136,0.0,0.0
2024-03-25 09:00:00+09:00,9240.0,9320.0,9140.0,9300.0,0,0.0,0.0
2024-03-25 10:00:00+09:00,9300.0,9490.0,9290.0,9360.0,17218,0.0,0.0
2024-03-25 11:00:00+09:00,9330.0,9360.0,9320.0,9320.0,3115,0.0,0.0
2024-03-25 12:00:00+09:00,9310.0,9320.0,9300.0,9310.0,5125,0.0,0.0
2024-03-25 13:00:00+09:00,9310.0,9560.0,9310.0,9500.0,31920,0.0,0.0
2024-03-25 14:00:00+09:00,9480.0,9640.0,9410.0,9620.0,24930,0.0,0.0
2024-03-26 09:00:00+09:00,9630.0,9630.0,9500.0,9550.0,7665,0.0,0.0
2024-03-26 10:00:00+09:00,9550.0,9630.0,9530.0,9620.0,4908,0.0,0.0
2024-03-26 11:00:00+09:00,9570.0,9600.0,9550.0,9550.0,7290,0.0,0.0
2024-03-26 12:00:00+09:00,9540.0,9660.0,9540.0,9660.0,8374,0.0,0.0
2024-03-26 13:00:00+09:00,9660.0,9840.0,9550.0,9840.0,32995,0.0,0.0
2024-03-26 14:00:00+09:00,9850.0,9860.0,9650.0,9710.0,12870,0.0,0.0
2024-03-27 09:00:00+09:00,9700.0,10080.0,9630.0,9930.0,54535,0.0,0.0
2024-03-27 10:00:00+09:00,9940.0,10040.0,9910.0,9930.0,33782,0.0,0.0
2024-03-27 11:00:00+09:00,9930.0,9930.0,9700.0,9730.0,17885,0.0,0.0
2024-03-27 12:00:00+09:00,9730.0,9860.0,9630.0,9730.0,7949,0.0,0.0
2024-03-27 13:00:00+09:00,9720.0,9800.0,9680.0,9800.0,7224,0.0,0.0
2024-03-27 14:00:00+09:00,9800.0,10010.0,9760.0,9990.0,47903,0.0,0.0
2024-03-28 09:00:00+09:00,10000.0,10110.0,9910.0,10000.0,20676,0.0,0.0
2024-03-28 10:00:00+09:00,10000.0,10090.0,10000.0,10010.0,11643,0.0,0.0
2024-03-28 11:00:00+09:00,10020.0,10050.0,10000.0,10010.0,5826,0.0,0.0
2024-03-28 12:00:00+09:00,10010.0,10030.0,9990.0,10000.0,11339,0.0,0.0
2024-03-28 13:00:00+09:00,10040.0,10040.0,9990.0,10010.0,9000,0.0,0.0
2024-03-28 14:00:00+09:00,10010.0,10060.0,10000.0,10050.0,13659,0.0,0.0
2024-03-29 09:00:00+09:00,9950.0,10080.0,9700.0,9890.0,20454,0.0,0.0
2024-03-29 10:00:00+09:00,9900.0,9920.0,9860.0,9860.0,10840,0.0,0.0
2024-03-29 11:00:00+09:00,9860.0,9860.0,9710.0,9720.0,34596,0.0,0.0
2024-03-29 12:00:00+09:00,9720.0,9750.0,9590.0,9600.0,25599,0.0,0.0
2024-03-29 13:00:00+09:00,9590.0,9600.0,9400.0,9460.0,22415,0.0,0.0
2024-03-29 14:00:00+09:00,9450.0,9500.0,9370.0,9390.0,12896,0.0,0.0
2024-04-01 09:00:00+09:00,9400.0,9710.0,9390.0,9660.0,0,0.0,0.0
2024-04-01 10:00:00+09:00,9650.0,9720.0,9570.0,9580.0,25189,0.0,0.0
2024-04-01 11:00:00+09:00,9580.0,9700.0,9550.0,9700.0,21872,0.0,0.0
2024-04-01 12:00:00+09:00,9700.0,9710.0,9570.0,9600.0,14738,0.0,0.0
2024-04-01 13:00:00+09:00,9600.0,9670.0,9560.0,9600.0,21279,0.0,0.0
2024-04-01 14:00:00+09:00,9590.0,9630.0,9560.0,9560.0,17368,0.0,0.0
2024-04-02 09:00:00+09:00,9620.0,9710.0,9510.0,9560.0,0,0.0,0.0
2024-04-02 10:00:00+09:00,9580.0,9580.0,9470.0,9480.0,21797,0.0,0.0
2024-04-02 11:00:00+09:00,9480.0,9480.0,9350.0,9430.0,24612,0.0,0.0
2024-04-02 12:00:00+09:00,9430.0,9440.0,9400.0,9400.0,938,0.0,0.0
2024-04-02 13:00:00+09:00,9410.0,9430.0,9400.0,9420.0,1301,0.0,0.0
2024-04-02 14:00:00+09:00,9410.0,9430.0,9380.0,9380.0,5426,0.0,0.0
2024-04-03 09:00:00+09:00,9460.0,9460.0,9220.0,9240.0,0,0.0,0.0
2024-04-03 10:00:00+09:00,9240.0,9250.0,9120.0,9160.0,17977,0.0,0.0
2024-04-03 11:00:00+09:00,9150.0,9180.0,9120.0,9140.0,2857,0.0,0.0
2024-04-03 12:00:00+09:00,9150.0,9180.0,9070.0,9090.0,8816,0.0,0.0
2024-04-03 13:00:00+09:00,9090.0,9160.0,9010.0,9080.0,19925,0.0,0.0
2024-04-03 14:00:00+09:00,9090.0,9090.0,9030.0,9060.0,9983,0.0,0.0
2024-04-04 09:00:00+09:00,9220.0,9260.0,9130.0,9260.0,5619,0.0,0.0
2024-04-04 10:00:00+09:00,9260.0,9260.0,9170.0,9210.0,2169,0.0,0.0
2024-04-04 11:00:00+09:00,9210.0,9230.0,9170.0,9230.0,1730,0.0,0.0
2024-04-04 12:00:00+09:00,9210.0,9220.0,9160.0,9170.0,1962,0.0,0.0
2024-04-04 13:00:00+09:00,9170.0,9270.0,9060.0,9230.0,12510,0.0,0.0
2024-04-04 14:00:00+09:00,9230.0,9250.0,9210.0,9210.0,5039,0.0,0.0
2024-04-05 09:00:00+09:00,9330.0,9330.0,9100.0,9160.0,3495,0.0,0.0
2024-04-05 10:00:00+09:00,9160.0,9160.0,9060.0,9060.0,6786,0.0,0.0
2024-04-05 11:00:00+09:00,9060.0,9090.0,9040.0,9080.0,4675,0.0,0.0
2024-04-05 12:00:00+09:00,9080.0,9080.0,9060.0,9060.0,119,0.0,0.0
2024-04-05 13:00:00+09:00,9060.0,9080.0,9060.0,9080.0,781,0.0,0.0
2024-04-05 14:00:00+09:00,9090.0,9120.0,9060.0,9080.0,11371,0.0,0.0
2024-04-08 09:00:00+09:00,9150.0,9340.0,9100.0,9110.0,2476,0.0,0.0
2024-04-08 10:00:00+09:00,9110.0,9170.0,9090.0,9160.0,3224,0.0,0.0
2024-04-08 11:00:00+09:00,9120.0,9120.0,9060.0,9060.0,4654,0.0,0.0
2024-04-08 12:00:00+09:00,9060.0,9160.0,9060.0,9120.0,1104,0.0,0.0
2024-04-08 13:00:00+09:00,9120.0,9170.0,9080.0,9170.0,1875,0.0,0.0
2024-04-08 14:00:00+09:00,9160.0,9250.0,9140.0,9250.0,3941,0.0,0.0
2024-04-09 09:00:00+09:00,9140.0,9260.0,9090.0,9140.0,4272,0.0,0.0
2024-04-09 10:00:00+09:00,9140.0,9170.0,9030.0,9080.0,13934,0.0,0.0
2024-04-09 11:00:00+09:00,9080.0,9080.0,9020.0,9040.0,5458,0.0,0.0
2024-04-09 12:00:00+09:00,9060.0,9070.0,9040.0,9060.0,847,0.0,0.0
2024-04-09 13:00:00+09:00,9070.0,9080.0,9070.0,9070.0,615,0.0,0.0
2024-04-09 14:00:00+09:00,9070.0,9130.0,9040.0,9130.0,11927,0.0,0.0
2024-04-11 09:00:00+09:00,9010.0,9270.0,8950.0,8980.0,18717,0.0,0.0
2024-04-11 10:00:00+09:00,8980.0,9180.0,8950.0,9180.0,17172,0.0,0.0
2024-04-11 11:00:00+09:00,9180.0,9190.0,9030.0,9150.0,1804,0.0,0.0
2024-04-11 12:00:00+09:00,9150.0,9200.0,9080.0,9170.0,1081,0.0,0.0
2024-04-11 13:00:00+09:00,9170.0,9170.0,9140.0,9140.0,43,0.0,0.0
2024-04-11 14:00:00+09:00,9130.0,9130.0,9100.0,9110.0,896,0.0,0.0
2024-04-12 09:00:00+09:00,9030.0,9240.0,9030.0,9240.0,4376,0.0,0.0
2024-04-12 10:00:00+09:00,9230.0,9270.0,9160.0,9210.0,1140,0.0,0.0
2024-04-12 11:00:00+09:00,9210.0,9270.0,9200.0,9240.0,2307,0.0,0.0
2024-04-12 12:00:00+09:00,9240.0,9240.0,9160.0,9240.0,2532,0.0,0.0
2024-04-12 13:00:00+09:00,9240.0,9250.0,9160.0,9200.0,6517,0.0,0.0
2024-04-12 14:00:00+09:00,9200.0,9210.0,9180.0,9210.0,1348,0.0,0.0
2024-04-15 09:00:00+09:00,8970.0,9190.0,8950.0,9010.0,1287,0.0,0.0
2024-04-15 10:00:00+09:00,9010.0,9010.0,8830.0,8880.0,23650,0.0,0.0
2024-04-15 11:00:00+09:00,8890.0,8900.0,8820.0,8860.0,31744,0.0,0.0
2024-04-15 12:00:00+09:00,8850.0,8860.0,8830.0,8850.0,6064,0.0,0.0
2024-04-15 13:00:00+09:00,8860.0,8930.0,8860.0,8920.0,2728,0.0,0.0
2024-04-15 14:00:00+09:00,8920.0,8920.0,8850.0,8920.0,4690,0.0,0.0
2024-04-16 09:00:00+09:00,9170.0,9170.0,8800.0,8820.0,36802,0.0,0.0
2024-04-16 10:00:00+09:00,8830.0,8830.0,8700.0,8720.0,45854,0.0,0.0
2024-04-16 11:00:00+09:00,8710.0,8740.0,8630.0,8740.0,19788,0.0,0.0
2024-04-16 12:00:00+09:00,8740.0,8800.0,8680.0,8720.0,3605,0.0,0.0
2024-04-16 13:00:00+09:00,8720.0,8800.0,8550.0,8590.0,18847,0.0,0.0
2024-04-16 14:00:00+09:00,8600.0,8630.0,8430.0,8500.0,23392,0.0,0.0
2024-04-17 09:00:00+09:00,8530.0,8600.0,8500.0,8600.0,15947,0.0,0.0
2024-04-17 10:00:00+09:00,8550.0,8600.0,8470.0,8490.0,8844,0.0,0.0
2024-04-17 11:00:00+09:00,8490.0,8500.0,8470.0,8490.0,8524,0.0,0.0
2024-04-17 12:00:00+09:00,8490.0,8500.0,8470.0,8490.0,855,0.0,0.0
2024-04-17 13:00:00+09:00,8500.0,8520.0,8480.0,8500.0,6536,0.0,0.0
2024-04-17 14:00:00+09:00,8500.0,8510.0,8460.0,8490.0,4452,0.0,0.0
2024-04-18 09:00:00+09:00,8340.0,8620.0,8320.0,8530.0,36200,0.0,0.0
2024-04-18 10:00:00+09:00,8530.0,8680.0,8530.0,8660.0,8279,0.0,0.0
2024-04-18 11:00:00+09:00,8660.0,8690.0,8600.0,8640.0,4190,0.0,0.0
2024-04-18 12:00:00+09:00,8640.0,8650.0,8600.0,8600.0,6787,0.0,0.0
2024-04-18 13:00:00+09:00,8600.0,8600.0,8520.0,8520.0,8828,0.0,0.0
2024-04-18 14:00:00+09:00,8520.0,8530.0,8480.0,8510.0,4388,0.0,0.0
2024-04-19 09:00:00+09:00,8500.0,8500.0,8280.0,8330.0,8989,0.0,0.0
2024-04-19 10:00:00+09:00,8350.0,8370.0,8270.0,8280.0,16954,0.0,0.0
2024-04-19 11:00:00+09:00,8290.0,8300.0,8100.0,8160.0,20571,0.0,0.0
2024-04-19 12:00:00+09:00,8160.0,8300.0,8140.0,8300.0,1875,0.0,0.0
2024-04-19 13:00:00+09:00,8300.0,8330.0,8280.0,8300.0,2304,0.0,0.0
2024-04-19 14:00:00+09:00,8330.0,8330.0,8240.0,8290.0,6065,0.0,0.0
2024-04-22 09:00:00+09:00,8320.0,8320.0,8160.0,8200.0,0,0.0,0.0
2024-04-22 10:00:00+09:00,8200.0,8230.0,8190.0,8230.0,3002,0.0,0.0
2024-04-22 11:00:00+09:00,8220.0,8230.0,8180.0,8200.0,4801,0.0,0.0
2024-04-22 12:00:00+09:00,8200.0,8220.0,8200.0,8220.0,240,0.0,0.0
2024-04-22 13:00:00+09:00,8240.0,8300.0,8220.0,8290.0,9498,0.0,0.0
2024-04-22 14:00:00+09:00,8240.0,8300.0,8220.0,8300.0,2056,0.0,0.0
2024-04-23 09:00:00+09:00,8210.0,8330.0,8210.0,8330.0,3674,0.0,0.0
2024-04-23 10:00:00+09:00,8330.0,8350.0,8310.0,8330.0,3436,0.0,0.0
2024-04-23 11:00:00+09:00,8330.0,8340.0,8310.0,8310.0,2640,0.0,0.0
2024-04-23 12:00:00+09:00,8300.0,8330.0,8300.0,8300.0,1628,0.0,0.0
2024-04-23 13:00:00+09:00,8310.0,8310.0,8300.0,8300.0,2882,0.0,0.0
2024-04-23 14:00:00+09:00,8300.0,8300.0,8250.0,8290.0,5171,0.0,0.0
2024-04-24 09:00:00+09:00,8400.0,8610.0,8400.0,8490.0,5361,0.0,0.0
2024-04-24 10:00:00+09:00,8460.0,8520.0,8460.0,8470.0,18221,0.0,0.0
2024-04-24 11:00:00+09:00,8480.0,8490.0,8460.0,8460.0,2059,0.0,0.0
2024-04-24 12:00:00+09:00,8490.0,8560.0,8490.0,8500.0,5796,0.0,0.0
2024-04-24 13:00:00+09:00,8490.0,8500.0,8480.0,8500.0,1567,0.0,0.0
2024-04-24 14:00:00+09:00,8500.0,8530.0,8490.0,8500.0,6415,0.0,0.0
2024-04-25 09:00:00+09:00,8580.0,8580.0,8310.0,8450.0,9484,0.0,0.0
2024-04-25 10:00:00+09:00,8400.0,8460.0,8400.0,8450.0,603,0.0,0.0
2024-04-25 11:00:00+09:00,8450.0,8500.0,8450.0,8480.0,1878,0.0,0.0
2024-04-25 12:00:00+09:00,8480.0,8500.0,8480.0,8500.0,432,0.0,0.0
2024-04-25 13:00:00+09:00,8500.0,8500.0,8470.0,8470.0,870,0.0,0.0
2024-04-25 14:00:00+09:00,8470.0,8470.0,8370.0,8390.0,6760,0.0,0.0
2024-04-26 09:00:00+09:00,8510.0,8580.0,8510.0,8540.0,4987,0.0,0.0
2024-04-26 10:00:00+09:00,8540.0,8550.0,8450.0,8450.0,3136,0.0,0.0
2024-04-26 11:00:00+09:00,8490.0,8500.0,8450.0,8460.0,1451,0.0,0.0
2024-04-26 12:00:00+09:00,8460.0,8480.0,8460.0,8460.0,1003,0.0,0.0
2024-04-26 13:00:00+09:00,8460.0,8480.0,8430.0,8450.0,3113,0.0,0.0
2024-04-26 14:00:00+09:00,8430.0,8450.0,8380.0,8430.0,5575,0.0,0.0
2024-04-29 09:00:00+09:00,8600.0,8600.0,8470.0,8480.0,0,0.0,0.0
2024-04-29 10:00:00+09:00,8490.0,8490.0,8470.0,8470.0,4816,0.0,0.0
2024-04-29 11:00:00+09:00,8480.0,8520.0,8450.0,8490.0,3685,0.0,0.0
2024-04-29 12:00:00+09:00,8500.0,8500.0,8490.0,8490.0,80,0.0,0.0
2024-04-29 13:00:00+09:00,8500.0,8550.0,8490.0,8520.0,6697,0.0,0.0
2024-04-29 14:00:00+09:00,8520.0,8550.0,8470.0,8500.0,5680,0.0,0.0
2024-04-30 09:00:00+09:00,8590.0,8690.0,8430.0,8570.0,6115,0.0,0.0
2024-04-30 10:00:00+09:00,8560.0,8600.0,8530.0,8550.0,3933,0.0,0.0
2024-04-30 11:00:00+09:00,8550.0,8580.0,8550.0,8550.0,3547,0.0,0.0
2024-04-30 12:00:00+09:00,8550.0,8650.0,8550.0,8650.0,7548,0.0,0.0
2024-04-30 13:00:00+09:00,8600.0,8700.0,8600.0,8620.0,6164,0.0,0.0
2024-04-30 14:00:00+09:00,8610.0,8640.0,8590.0,8600.0,5749,0.0,0.0
2024-05-02 09:00:00+09:00,8880.0,9580.0,8710.0,9280.0,125519,0.0,0.0
2024-05-02 10:00:00+09:00,9280.0,9320.0,8950.0,9070.0,53882,0.0,0.0
2024-05-02 11:00:00+09:00,9060.0,9110.0,8800.0,9000.0,38860,0.0,0.0
2024-05-02 12:00:00+09:00,8980.0,9060.0,8940.0,9040.0,12743,0.0,0.0
2024-05-02 13:00:00+09:00,9040.0,9090.0,9000.0,9060.0,13457,0.0,0.0
2024-05-02 14:00:00+09:00,9060.0,9110.0,9020.0,9110.0,18350,0.0,0.0
2024-05-03 09:00:00+09:00,9500.0,9890.0,9410.0,9590.0,165434,0.0,0.0
2024-05-03 10:00:00+09:00,9580.0,9600.0,9390.0,9400.0,43700,0.0,0.0
2024-05-03 11:00:00+09:00,9400.0,9500.0,9350.0,9480.0,13229,0.0,0.0
2024-05-03 12:00:00+09:00,9480.0,9500.0,9450.0,9470.0,6308,0.0,0.0
2024-05-03 13:00:00+09:00,9470.0,9470.0,9350.0,9440.0,32341,0.0,0.0
2024-05-03 14:00:00+09:00,9410.0,9440.0,9290.0,9410.0,39178,0.0,0.0
2024-05-07 09:00:00+09:00,9720.0,9890.0,9600.0,9750.0,0,0.0,0.0
2024-05-07 10:00:00+09:00,9750.0,9800.0,9670.0,9670.0,39003,0.0,0.0
2024-05-07 11:00:00+09:00,9690.0,9700.0,9580.0,9600.0,17444,0.0,0.0
2024-05-07 12:00:00+09:00,9580.0,9680.0,9570.0,9620.0,12362,0.0,0.0
2024-05-07 13:00:00+09:00,9640.0,9770.0,9630.0,9700.0,39078,0.0,0.0
2024-05-07 14:00:00+09:00,9700.0,9740.0,9650.0,9710.0,19258,0.0,0.0
2024-05-08 09:00:00+09:00,9770.0,9770.0,9520.0,9570.0,27127,0.0,0.0
2024-05-08 10:00:00+09:00,9570.0,9640.0,9550.0,9580.0,9004,0.0,0.0
2024-05-08 11:00:00+09:00,9590.0,9610.0,9570.0,9600.0,9592,0.0,0.0
2024-05-08 12:00:00+09:00,9580.0,9610.0,9570.0,9570.0,6326,0.0,0.0
2024-05-08 13:00:00+09:00,9580.0,9590.0,9550.0,9580.0,7952,0.0,0.0
2024-05-08 14:00:00+09:00,9580.0,9610.0,9550.0,9580.0,6766,0.0,0.0
2024-05-09 09:00:00+09:00,9570.0,9890.0,9560.0,9830.0,51802,0.0,0.0
2024-05-09 10:00:00+09:00,9840.0,9860.0,9780.0,9820.0,19554,0.0,0.0
2024-05-09 11:00:00+09:00,9820.0,10150.0,9820.0,10060.0,80727,0.0,0.0
2024-05-09 12:00:00+09:00,10080.0,10100.0,9990.0,10010.0,13344,0.0,0.0
2024-05-09 13:00:00+09:00,10000.0,10020.0,9900.0,9940.0,16501,0.0,0.0
2024-05-09 14:00:00+09:00,9920.0,9940.0,9830.0,9900.0,16868,0.0,0.0
2024-05-10 09:00:00+09:00,9930.0,9930.0,9810.0,9860.0,28417,0.0,0.0
2024-05-10 10:00:00+09:00,9890.0,9950.0,9860.0,9940.0,15807,0.0,0.0
2024-05-10 11:00:00+09:00,9940.0,10070.0,9900.0,10010.0,22863,0.0,0.0
2024-05-10 12:00:00+09:00,10010.0,10040.0,9950.0,10000.0,11784,0.0,0.0
2024-05-10 13:00:00+09:00,10010.0,10030.0,9910.0,9960.0,7536,0.0,0.0
2024-05-10 14:00:00+09:00,9960.0,9970.0,9900.0,9930.0,7251,0.0,0.0
2024-05-13 09:00:00+09:00,9920.0,10350.0,9880.0,10280.0,0,0.0,0.0
2024-05-13 10:00:00+09:00,10280.0,10290.0,10100.0,10180.0,22614,0.0,0.0
2024-05-13 11:00:00+09:00,10170.0,10230.0,10070.0,10170.0,11662,0.0,0.0
2024-05-13 12:00:00+09:00,10170.0,10170.0,10100.0,10110.0,7134,0.0,0.0
2024-05-13 13:00:00+09:00,10110.0,10450.0,10090.0,10420.0,60262,0.0,0.0
2024-05-13 14:00:00+09:00,10420.0,10690.0,10370.0,10450.0,103160,0.0,0.0
2024-05-14 09:00:00+09:00,10410.0,10610.0,10100.0,10540.0,65523,0.0,0.0
2024-05-14 10:00:00+09:00,10510.0,10580.0,10420.0,10570.0,36210,0.0,0.0
2024-05-14 11:00:00+09:00,10560.0,10660.0,10520.0,10560.0,30195,0.0,0.0
2024-05-14 12:00:00+09:00,10570.0,10610.0,10510.0,10510.0,15086,0.0,0.0
2024-05-14 13:00:00+09:00,10560.0,10600.0,10490.0,10510.0,9314,0.0,0.0
2024-05-14 14:00:00+09:00,10510.0,10510.0,10410.0,10440.0,6644,0.0,0.0
2024-05-16 09:00:00+09:00,10670.0,10850.0,10540.0,10560.0,0,0.0,0.0
2024-05-16 10:00:00+09:00,10560.0,10700.0,10550.0,10650.0,60725,0.0,0.0
2024-05-16 11:00:00+09:00,10650.0,10650.0,10490.0,10490.0,31082,0.0,0.0
2024-05-16 12:00:00+09:00,10490.0,10540.0,10420.0,10500.0,10609,0.0,0.0
2024-05-16 13:00:00+09:00,10510.0,10520.0,10460.0,10500.0,5114,0.0,0.0
2024-05-16 14:00:00+09:00,10500.0,10500.0,10350.0,10400.0,22447,0.0,0.0
2024-05-17 09:00:00+09:00,10350.0,10510.0,10320.0,10440.0,16508,0.0,0.0
2024-05-17 10:00:00+09:00,10480.0,10480.0,10330.0,10410.0,5397,0.0,0.0
2024-05-17 11:00:00+09:00,10420.0,10440.0,10290.0,10310.0,31506,0.0,0.0
2024-05-17 12:00:00+09:00,10330.0,10380.0,10250.0,10300.0,10799,0.0,0.0
2024-05-17 13:00:00+09:00,10300.0,10300.0,10240.0,10300.0,9437,0.0,0.0
2024-05-17 14:00:00+09:00,10300.0,10400.0,10250.0,10400.0,13318,0.0,0.0
2024-05-20 09:00:00+09:00,10320.0,10430.0,10150.0,10260.0,0,0.0,0.0
2024-05-20 10:00:00+09:00,10260.0,10320.0,10230.0,10270.0,5430,0.0,0.0
2024-05-20 11:00:00+09:00,10270.0,10300.0,10250.0,10280.0,3028,0.0,0.0
2024-05-20 12:00:00+09:00,10280.0,10300.0,10270.0,10270.0,2141,0.0,0.0
2024-05-20 13:00:00+09:00,10270.0,10280.0,10220.0,10250.0,8961,0.0,0.0
2024-05-20 14:00:00+09:00,10260.0,10350.0,10260.0,10300.0,13136,0.0,0.0
2024-05-21 09:00:00+09:00,10200.0,10400.0,10200.0,10350.0,10602,0.0,0.0
2024-05-21 10:00:00+09:00,10350.0,10480.0,10290.0,10450.0,11155,0.0,0.0
2024-05-21 11:00:00+09:00,10450.0,10520.0,10370.0,10400.0,12424,0.0,0.0
2024-05-21 12:00:00+09:00,10400.0,10400.0,10290.0,10370.0,4419,0.0,0.0
2024-05-21 13:00:00+09:00,10370.0,10400.0,10330.0,10400.0,2928,0.0,0.0
2024-05-21 14:00:00+09:00,10400.0,10450.0,10340.0,10420.0,5334,0.0,0.0
2024-05-22 09:00:00+09:00,10460.0,10530.0,10390.0,10420.0,14250,0.0,0.0
2024-05-22 10:00:00+09:00,10440.0,10540.0,10400.0,10520.0,14015,0.0,0.0
2024-05-22 11:00:00+09:00,10510.0,10560.0,10500.0,10560.0,8204,0.0,0.0
2024-05-22 12:00:00+09:00,10570.0,11470.0,10570.0,11170.0,459152,0.0,0.0
2024-05-22 13:00:00+09:00,11160.0,11240.0,11100.0,11190.0,103959,0.0,0.0
2024-05-22 14:00:00+09:00,11180.0,11300.0,11090.0,11230.0,115844,0.0,0.0
2024-05-23 09:00:00+09:00,11550.0,11580.0,11220.0,11490.0,438542,0.0,0.0
2024-05-23 10:00:00+09:00,11490.0,11900.0,11430.0,11660.0,323452,0.0,0.0
2024-05-23 11:00:00+09:00,11630.0,11690.0,11490.0,11610.0,82617,0.0,0.0
2024-05-23 12:00:00+09:00,11610.0,11810.0,11540.0,11730.0,115281,0.0,0.0
2024-05-23 13:00:00+09:00,11740.0,11740.0,11630.0,11650.0,64447,0.0,0.0
2024-05-23 14:00:00+09:00,11650.0,11820.0,11630.0,11730.0,50158,0.0,0.0
2024-05-24 09:00:00+09:00,11650.0,11660.0,11390.0,11640.0,122379,0.0,0.0
2024-05-24 10:00:00+09:00,11650.0,11750.0,11490.0,11540.0,81358,0.0,0.0
2024-05-24 11:00:00+09:00,11540.0,11640.0,11440.0,11470.0,22850,0.0,0.0
2024-05-24 12:00:00+09:00,11440.0,11470.0,11370.0,11420.0,49462,0.0,0.0
2024-05-24 13:00:00+09:00,11440.0,11590.0,11440.0,11500.0,19182,0.0,0.0
2024-05-24 14:00:00+09:00,11530.0,11590.0,11420.0,11430.0,47182,0.0,0.0
2024-05-27 09:00:00+09:00,11720.0,11800.0,11420.0,11530.0,0,0.0,0.0
2024-05-27 10:00:00+09:00,11530.0,11590.0,11440.0,11470.0,37133,0.0,0.0
2024-05-27 11:00:00+09:00,11480.0,11500.0,11350.0,11350.0,33756,0.0,0.0
2024-05-27 12:00:00+09:00,11370.0,11390.0,11320.0,11360.0,23833,0.0,0.0
2024-05-27 13:00:00+09:00,11360.0,11400.0,11320.0,11330.0,14226,0.0,0.0
2024-05-27 14:00:00+09:00,11330.0,11600.0,11310.0,11600.0,62314,0.0,0.0
2024-05-28 09:00:00+09:00,11450.0,11460.0,11270.0,11310.0,116710,0.0,0.0
2024-05-28 10:00:00+09:00,11270.0,11340.0,11210.0,11340.0,43065,0.0,0.0
2024-05-28 11:00:00+09:00,11330.0,11380.0,11260.0,11330.0,14194,0.0,0.0
2024-05-28 12:00:00+09:00,11330.0,11370.0,11240.0,11270.0,18377,0.0,0.0
2024-05-28 13:00:00+09:00,11270.0,11290.0,11240.0,11280.0,13576,0.0,0.0
2024-05-28 14:00:00+09:00,11280.0,11370.0,11280.0,11310.0,20410,0.0,0.0
2024-05-29 09:00:00+09:00,11310.0,11960.0,11210.0,11940.0,348984,0.0,0.0
2024-05-29 10:00:00+09:00,11930.0,11990.0,11680.0,11690.0,132993,0.0,0.0
2024-05-29 11:00:00+09:00,11720.0,11720.0,11420.0,11580.0,46283,0.0,0.0
2024-05-29 12:00:00+09:00,11530.0,11640.0,11450.0,11560.0,37011,0.0,0.0
2024-05-29 13:00:00+09:00,11570.0,11590.0,11300.0,11450.0,45051,0.0,0.0
2024-05-29 14:00:00+09:00,11440.0,11510.0,11410.0,11440.0,16588,0.0,0.0
2024-05-30 09:00:00+09:00,11300.0,11640.0,11240.0,11490.0,61317,0.0,0.0
2024-05-30 10:00:00+09:00,11460.0,11850.0,11450.0,11830.0,75295,0.0,0.0
2024-05-30 11:00:00+09:00,11830.0,11890.0,11680.0,11720.0,33018,0.0,0.0
2024-05-30 12:00:00+09:00,11720.0,11820.0,11630.0,11810.0,24985,0.0,0.0
2024-05-30 13:00:00+09:00,11810.0,11810.0,11610.0,11680.0,26789,0.0,0.0
2024-05-30 14:00:00+09:00,11690.0,11700.0,11580.0,11630.0,20495,0.0,0.0
2024-05-31 09:00:00+09:00,11590.0,11700.0,11320.0,11620.0,180959,0.0,0.0
2024-05-31 10:00:00+09:00,11630.0,11640.0,11430.0,11450.0,61314,0.0,0.0
2024-05-31 11:00:00+09:00,11450.0,11520.0,11410.0,11480.0,14618,0.0,0.0
2024-05-31 12:00:00+09:00,11480.0,11500.0,11410.0,11460.0,7679,0.0,0.0
2024-05-31 13:00:00+09:00,11450.0,11490.0,11350.0,11380.0,26253,0.0,0.0
2024-05-31 14:00:00+09:00,11390.0,11470.0,11360.0,11400.0,60671,0.0,0.0
2024-06-03 09:00:00+09:00,11730.0,12350.0,11640.0,11820.0,0,0.0,0.0
2024-06-03 10:00:00+09:00,11830.0,11920.0,11500.0,11550.0,82178,0.0,0.0
2024-06-03 11:00:00+09:00,11530.0,11810.0,11520.0,11810.0,35423,0.0,0.0
2024-06-03 12:00:00+09:00,11820.0,11890.0,11710.0,11760.0,45131,0.0,0.0
2024-06-03 13:00:00+09:00,11760.0,12170.0,11760.0,12130.0,111372,0.0,0.0
2024-06-03 14:00:00+09:00,12130.0,12160.0,12020.0,12050.0,70867,0.0,0.0
2024-06-04 09:00:00+09:00,11850.0,11850.0,11270.0,11370.0,162650,0.0,0.0
2024-06-04 10:00:00+09:00,11340.0,11510.0,11270.0,11460.0,52827,0.0,0.0
2024-06-04 11:00:00+09:00,11480.0,11600.0,11420.0,11550.0,46323,0.0,0.0
2024-06-04 12:00:00+09:00,11550.0,11570.0,11410.0,11430.0,40365,0.0,0.0
2024-06-04 13:00:00+09:00,11470.0,11470.0,11320.0,11360.0,25369,0.0,0.0
2024-06-04 14:00:00+09:00,11360.0,11360.0,11160.0,11230.0,79144,0.0,0.0
2024-06-05 09:00:00+09:00,11200.0,11200.0,10880.0,10890.0,107511,0.0,0.0
2024-06-05 10:00:00+09:00,10890.0,11060.0,10870.0,10960.0,16732,0.0,0.0
2024-06-05 11:00:00+09:00,10960.0,11010.0,10840.0,10950.0,47373,0.0,0.0
2024-06-05 12:00:00+09:00,10960.0,10970.0,10880.0,10910.0,19707,0.0,0.0
2024-06-05 13:00:00+09:00,10920.0,10990.0,10900.0,10960.0,28723,0.0,0.0
2024-06-05 14:00:00+09:00,10950.0,10990.0,10920.0,10960.0,19166,0.0,0.0
2024-06-07 09:00:00+09:00,10970.0,11130.0,10900.0,11110.0,0,0.0,0.0
2024-06-07 10:00:00+09:00,11080.0,11100.0,10950.0,11000.0,16133,0.0,0.0
2024-06-07 11:00:00+09:00,11050.0,11120.0,10910.0,10960.0,26103,0.0,0.0
2024-06-07 12:00:00+09:00,10960.0,11060.0,10920.0,11040.0,9552,0.0,0.0
2024-06-07 13:00:00+09:00,11070.0,11100.0,10910.0,10940.0,9966,0.0,0.0
2024-06-07 14:00:00+09:00,10930.0,10960.0,10790.0,10870.0,45526,0.0,0.0
2024-06-10 09:00:00+09:00,10990.0,11390.0,10960.0,11200.0,0,0.0,0.0
2024-06-10 10:00:00+09:00,11210.0,11260.0,11120.0,11140.0,17414,0.0,0.0
2024-06-10 11:00:00+09:00,11140.0,11180.0,11060.0,11140.0,33386,0.0,0.0
2024-06-10 12:00:00+09:00,11150.0,11300.0,11120.0,11290.0,22131,0.0,0.0
2024-06-10 13:00:00+09:00,11280.0,11290.0,11170.0,11200.0,12748,0.0,0.0
2024-06-10 14:00:00+09:00,11210.0,11290.0,11170.0,11180.0,14568,0.0,0.0
2024-06-11 09:00:00+09:00,11080.0,11340.0,10500.0,11050.0,215145,0.0,0.0
2024-06-11 10:00:00+09:00,11070.0,11080.0,10880.0,10880.0,26061,0.0,0.0
2024-06-11 11:00:00+09:00,10870.0,10980.0,10870.0,10890.0,26312,0.0,0.0
2024-06-11 12:00:00+09:00,10930.0,10930.0,10870.0,10910.0,6860,0.0,0.0
2024-06-11 13:00:00+09:00,10900.0,10910.0,10700.0,10870.0,20330,0.0,0.0
2024-06-11 14:00:00+09:00,10870.0,10980.0,10740.0,10950.0,31168,0.0,0.0
2024-06-12 09:00:00+09:00,11500.0,11520.0,11180.0,11320.0,169102,0.0,0.0
2024-06-12 10:00:00+09:00,11310.0,11330.0,11010.0,11040.0,21952,0.0,0.0
2024-06-12 11:00:00+09:00,11040.0,11070.0,10860.0,10880.0,19325,0.0,0.0
2024-06-12 12:00:00+09:00,10880.0,10910.0,10830.0,10850.0,12600,0.0,0.0
2024-06-12 13:00:00+09:00,10850.0,10870.0,10800.0,10810.0,11874,0.0,0.0
2024-06-12 14:00:00+09:00,10810.0,10830.0,10670.0,10720.0,31630,0.0,0.0
2024-06-13 09:00:00+09:00,10850.0,11090.0,10750.0,11030.0,54649,0.0,0.0
2024-06-13 10:00:00+09:00,11080.0,11080.0,10960.0,11070.0,16290,0.0,0.0
2024-06-13 11:00:00+09:00,11060.0,11090.0,11000.0,11090.0,24615,0.0,0.0
2024-06-13 12:00:00+09:00,11090.0,11100.0,10850.0,10980.0,23835,0.0,0.0
2024-06-13 13:00:00+09:00,10980.0,11080.0,10930.0,10980.0,20024,0.0,0.0
2024-06-13 14:00:00+09:00,10980.0,11070.0,10940.0,11040.0,25135,0.0,0.0
2024-06-14 09:00:00+09:00,10870.0,10970.0,10600.0,10670.0,49909,0.0,0.0
2024-06-14 10:00:00+09:00,10670.0,10750.0,10550.0,10660.0,35024,0.0,0.0
2024-06-14 11:00:00+09:00,10660.0,10720.0,10610.0,10610.0,14925,0.0,0.0
2024-06-14 12:00:00+09:00,10620.0,10650.0,10610.0,10610.0,7822,0.0,0.0
2024-06-14 13:00:00+09:00,10610.0,10700.0,10590.0,10670.0,16076,0.0,0.0
2024-06-14 14:00:00+09:00,10670.0,10700.0,10590.0,10680.0,18163,0.0,0.0
2024-06-17 09:00:00+09:00,10630.0,10820.0,10550.0,10670.0,0,0.0,0.0
2024-06-17 10:00:00+09:00,10670.0,10740.0,10570.0,10580.0,16743,0.0,0.0
2024-06-17 11:00:00+09:00,10580.0,10610.0,10490.0,10490.0,29852,0.0,0.0
2024-06-17 12:00:00+09:00,10500.0,10630.0,10480.0,10630.0,14217,0.0,0.0
2024-06-17 13:00:00+09:00,10550.0,10600.0,10480.0,10560.0,19687,0.0,0.0
2024-06-17 14:00:00+09:00,10520.0,10600.0,10460.0,10590.0,22009,0.0,0.0
2024-06-18 09:00:00+09:00,10680.0,10770.0,10520.0,10720.0,20671,0.0,0.0
2024-06-18 10:00:00+09:00,10720.0,10840.0,10680.0,10690.0,17565,0.0,0.0
2024-06-18 11:00:00+09:00,10680.0,10720.0,10570.0,10640.0,18299,0.0,0.0
2024-06-18 12:00:00+09:00,10640.0,10660.0,10560.0,10620.0,11929,0.0,0.0
2024-06-18 13:00:00+09:00,10610.0,10700.0,10580.0,10610.0,15201,0.0,0.0
2024-06-18 14:00:00+09:00,10610.0,10680.0,10570.0,10680.0,12784,0.0,0.0
2024-06-19 09:00:00+09:00,10710.0,10900.0,10650.0,10840.0,32206,0.0,0.0
2024-06-19 10:00:00+09:00,10840.0,10840.0,10760.0,10770.0,7324,0.0,0.0
2024-06-19 11:00:00+09:00,10770.0,10820.0,10740.0,10770.0,8719,0.0,0.0
2024-06-19 12:00:00+09:00,10800.0,10820.0,10770.0,10800.0,8994,0.0,0.0
2024-06-19 13:00:00+09:00,10810.0,10860.0,10790.0,10860.0,6541,0.0,0.0
2024-06-19 14:00:00+09:00,10860.0,10970.0,10840.0,10970.0,27751,0.0,0.0
2024-06-20 09:00:00+09:00,10960.0,10960.0,10700.0,10950.0,25112,0.0,0.0
2024-06-20 10:00:00+09:00,10890.0,10940.0,10820.0,10820.0,10078,0.0,0.0
2024-06-20 11:00:00+09:00,10810.0,10910.0,10810.0,10910.0,9128,0.0,0.0
2024-06-20 12:00:00+09:00,10860.0,11070.0,10860.0,11060.0,19860,0.0,0.0
2024-06-20 13:00:00+09:00,11060.0,11150.0,11010.0,11030.0,26935,0.0,0.0
2024-06-20 14:00:00+09:00,11050.0,11050.0,10850.0,10910.0,18691,0.0,0.0
2024-06-21 09:00:00+09:00,10960.0,11410.0,10430.0,10690.0,117149,0.0,0.0
2024-06-21 10:00:00+09:00,10660.0,10740.0,10610.0,10660.0,6687,0.0,0.0
2024-06-21 11:00:00+09:00,10650.0,10660.0,10580.0,10610.0,3830,0.0,0.0
2024-06-21 12:00:00+09:00,10630.0,10690.0,10590.0,10640.0,2974,0.0,0.0
2024-06-21 13:00:00+09:00,10660.0,10680.0,10570.0,10570.0,15965,0.0,0.0
2024-06-21 14:00:00+09:00,10570.0,10670.0,10510.0,10510.0,22992,0.0,0.0
2024-06-24 09:00:00+09:00,10490.0,10590.0,10280.0,10430.0,0,0.0,0.0
2024-06-24 10:00:00+09:00,10430.0,10540.0,10430.0,10500.0,15570,0.0,0.0
2024-06-24 11:00:00+09:00,10470.0,10530.0,10380.0,10440.0,12968,0.0,0.0
2024-06-24 12:00:00+09:00,10410.0,10480.0,10410.0,10430.0,8744,0.0,0.0
2024-06-24 13:00:00+09:00,10430.0,10480.0,10400.0,10420.0,9356,0.0,0.0
2024-06-24 14:00:00+09:00,10420.0,10470.0,10410.0,10460.0,17005,0.0,0.0
2024-06-25 09:00:00+09:00,10400.0,10530.0,10300.0,10440.0,32512,0.0,0.0
2024-06-25 10:00:00+09:00,10420.0,10470.0,10310.0,10420.0,17857,0.0,0.0
2024-06-25 11:00:00+09:00,10410.0,10440.0,10350.0,10430.0,9929,0.0,0.0
2024-06-25 12:00:00+09:00,10430.0,10450.0,10390.0,10390.0,8895,0.0,0.0
2024-06-25 13:00:00+09:00,10410.0,10440.0,10360.0,10400.0,16379,0.0,0.0
2024-06-25 14:00:00+09:00,10400.0,10400.0,10350.0,10390.0,10012,0.0,0.0
2024-06-26 09:00:00+09:00,10450.0,10650.0,10350.0,10600.0,25614,0.0,0.0
2024-06-26 10:00:00+09:00,10600.0,10760.0,10520.0,10680.0,46920,0.0,0.0
2024-06-26 11:00:00+09:00,10690.0,10770.0,10640.0,10690.0,31297,0.0,0.0
2024-06-26 12:00:00+09:00,10710.0,10860.0,10640.0,10860.0,27721,0.0,0.0
2024-06-26 13:00:00+09:00,10850.0,10880.0,10690.0,10770.0,45355,0.0,0.0
2024-06-26 14:00:00+09:00,10770.0,10860.0,10760.0,10790.0,35520,0.0,0.0
2024-06-27 09:00:00+09:00,10740.0,11220.0,10740.0,11050.0,93155,0.0,0.0
2024-06-27 10:00:00+09:00,11050.0,11350.0,11000.0,11280.0,105262,0.0,0.0
2024-06-27 11:00:00+09:00,11280.0,11310.0,11060.0,11090.0,48625,0.0,0.0
2024-06-27 12:00:00+09:00,11090.0,11160.0,11070.0,11120.0,33367,0.0,0.0
2024-06-27 13:00:00+09:00,11120.0,11140.0,10910.0,11050.0,57885,0.0,0.0
2024-06-27 14:00:00+09:00,11050.0,11070.0,10990.0,11040.0,49839,0.0,0.0
2024-06-28 09:00:00+09:00,11070.0,11340.0,10930.0,11310.0,67009,0.0,0.0
2024-06-28 10:00:00+09:00,11310.0,11780.0,11200.0,11530.0,257504,0.0,0.0
2024-06-28 11:00:00+09:00,11560.0,11560.0,11230.0,11280.0,57241,0.0,0.0
2024-06-28 12:00:00+09:00,11270.0,11500.0,11240.0,11450.0,50128,0.0,0.0
2024-06-28 13:00:00+09:00,11450.0,11650.0,11300.0,11350.0,101341,0.0,0.0
2024-06-28 14:00:00+09:00,11380.0,11440.0,11260.0,11340.0,66135,0.0,0.0
2024-07-01 09:00:00+09:00,11230.0,11340.0,11020.0,11110.0,0,0.0,0.0
2024-07-01 10:00:00+09:00,11150.0,11150.0,10970.0,10990.0,27724,0.0,0.0
2024-07-01 11:00:00+09:00,10990.0,11000.0,10910.0,10940.0,15889,0.0,0.0
2024-07-01 12:00:00+09:00,10920.0,10920.0,10850.0,10870.0,13090,0.0,0.0
2024-07-01 13:00:00+09:00,10870.0,10880.0,10710.0,10780.0,28868,0.0,0.0
2024-07-01 14:00:00+09:00,10780.0,10780.0,10680.0,10690.0,14470,0.0,0.0
2024-07-02 09:00:00+09:00,10690.0,10780.0,10460.0,10510.0,47581,0.0,0.0
2024-07-02 10:00:00+09:00,10500.0,10550.0,10420.0,10460.0,28538,0.0,0.0
2024-07-02 11:00:00+09:00,10490.0,10510.0,10460.0,10480.0,14364,0.0,0.0
2024-07-02 12:00:00+09:00,10470.0,10500.0,10430.0,10500.0,5086,0.0,0.0
2024-07-02 13:00:00+09:00,10500.0,10500.0,10430.0,10470.0,9523,0.0,0.0
2024-07-02 14:00:00+09:00,10470.0,10480.0,10350.0,10470.0,34650,0.0,0.0
2024-07-03 09:00:00+09:00,10470.0,10550.0,10260.0,10320.0,28276,0.0,0.0
2024-07-03 10:00:00+09:00,10290.0,10320.0,10210.0,10300.0,17853,0.0,0.0
2024-07-03 11:00:00+09:00,10290.0,10320.0,10270.0,10280.0,7555,0.0,0.0
2024-07-03 12:00:00+09:00,10270.0,10350.0,10270.0,10280.0,12307,0.0,0.0
2024-07-03 13:00:00+09:00,10280.0,10300.0,10250.0,10250.0,5071,0.0,0.0
2024-07-03 14:00:00+09:00,10250.0,10270.0,10200.0,10240.0,34484,0.0,0.0
2024-07-04 09:00:00+09:00,10260.0,10390.0,10200.0,10280.0,14009,0.0,0.0
2024-07-04 10:00:00+09:00,10280.0,10310.0,10220.0,10260.0,9051,0.0,0.0
2024-07-04 11:00:00+09:00,10260.0,10580.0,10210.0,10580.0,28799,0.0,0.0
2024-07-04 12:00:00+09:00,10520.0,10590.0,10340.0,10400.0,16915,0.0,0.0
2024-07-04 13:00:00+09:00,10420.0,10570.0,10390.0,10500.0,15870,0.0,0.0
2024-07-04 14:00:00+09:00,10490.0,10590.0,10470.0,10550.0,21695,0.0,0.0
2024-07-05 09:00:00+09:00,10530.0,10630.0,10400.0,10490.0,16223,0.0,0.0
2024-07-05 10:00:00+09:00,10430.0,10570.0,10410.0,10510.0,21354,0.0,0.0
2024-07-05 11:00:00+09:00,10480.0,10510.0,10450.0,10500.0,10629,0.0,0.0
2024-07-05 12:00:00+09:00,10490.0,10510.0,10460.0,10500.0,3439,0.0,0.0
2024-07-05 13:00:00+09:00,10490.0,10510.0,10420.0,10430.0,12396,0.0,0.0
2024-07-05 14:00:00+09:00,10430.0,10470.0,10270.0,10340.0,17084,0.0,0.0
2024-07-08 09:00:00+09:00,10320.0,10480.0,10320.0,10390.0,0,0.0,0.0
2024-07-08 10:00:00+09:00,10390.0,10410.0,10350.0,10400.0,7382,0.0,0.0
2024-07-08 11:00:00+09:00,10400.0,10400.0,10250.0,10360.0,15721,0.0,0.0
2024-07-08 12:00:00+09:00,10380.0,10670.0,10330.0,10500.0,18650,0.0,0.0
2024-07-08 13:00:00+09:00,10480.0,10740.0,10480.0,10710.0,31053,0.0,0.0
2024-07-08 14:00:00+09:00,10710.0,10910.0,10650.0,10880.0,49627,0.0,0.0
2024-07-09 09:00:00+09:00,10850.0,10850.0,10620.0,10750.0,20140,0.0,0.0
2024-07-09 10:00:00+09:00,10740.0,10880.0,10670.0,10810.0,17965,0.0,0.0
2024-07-09 11:00:00+09:00,10800.0,10950.0,10780.0,10830.0,8125,0.0,0.0
2024-07-09 12:00:00+09:00,10830.0,10950.0,10780.0,10950.0,11135,0.0,0.0
2024-07-09 13:00:00+09:00,10960.0,11040.0,10890.0,11020.0,29206,0.0,0.0
2024-07-09 14:00:00+09:00,11040.0,11090.0,10960.0,11000.0,20768,0.0,0.0
2024-07-10 09:00:00+09:00,11020.0,11120.0,10950.0,11040.0,34074,0.0,0.0
2024-07-10 10:00:00+09:00,11040.0,11110.0,11000.0,11090.0,11407,0.0,0.0
2024-07-10 11:00:00+09:00,11090.0,11300.0,11080.0,11220.0,50661,0.0,0.0
2024-07-10 12:00:00+09:00,11220.0,11340.0,11160.0,11340.0,36002,0.0,0.0
2024-07-10 13:00:00+09:00,11320.0,11620.0,11310.0,11470.0,139176,0.0,0.0
2024-07-10 14:00:00+09:00,11480.0,11620.0,11400.0,11610.0,53376,0.0,0.0
2024-07-11 09:00:00+09:00,11790.0,12390.0,11680.0,12130.0,286104,0.0,0.0
2024-07-11 10:00:00+09:00,12120.0,12250.0,12020.0,12070.0,49066,0.0,0.0
2024-07-11 11:00:00+09:00,12060.0,12070.0,11840.0,11950.0,40021,0.0,0.0
2024-07-11 12:00:00+09:00,11950.0,12010.0,11800.0,11870.0,28332,0.0,0.0
2024-07-11 13:00:00+09:00,11860.0,11900.0,11800.0,11850.0,18597,0.0,0.0
2024-07-11 14:00:00+09:00,11850.0,11970.0,11690.0,11750.0,38465,0.0,0.0
2024-07-12 09:00:00+09:00,11680.0,11730.0,11400.0,11500.0,81147,0.0,0.0
2024-07-12 10:00:00+09:00,11520.0,11580.0,11310.0,11500.0,30805,0.0,0.0
2024-07-12 11:00:00+09:00,11500.0,11500.0,11380.0,11460.0,10440,0.0,0.0
2024-07-12 12:00:00+09:00,11470.0,11470.0,11350.0,11370.0,13874,0.0,0.0
2024-07-12 13:00:00+09:00,11380.0,11450.0,11310.0,11390.0,14595,0.0,0.0
2024-07-12 14:00:00+09:00,11350.0,11500.0,11290.0,11370.0,39102,0.0,0.0
2024-07-15 09:00:00+09:00,11330.0,11930.0,11330.0,11740.0,0,0.0,0.0
2024-07-15 10:00:00+09:00,11770.0,11850.0,11650.0,11770.0,36775,0.0,0.0
2024-07-15 11:00:00+09:00,11780.0,11870.0,11690.0,11850.0,23123,0.0,0.0
2024-07-15 12:00:00+09:00,11830.0,11950.0,11800.0,11950.0,37917,0.0,0.0
2024-07-15 13:00:00+09:00,11940.0,11980.0,11780.0,11780.0,27944,0.0,0.0
2024-07-15 14:00:00+09:00,11780.0,11900.0,11740.0,11900.0,19614,0.0,0.0
2024-07-16 09:00:00+09:00,12430.0,13410.0,12300.0,12510.0,1682267,0.0,0.0
2024-07-16 10:00:00+09:00,12520.0,12850.0,12380.0,12750.0,393054,0.0,0.0
2024-07-16 11:00:00+09:00,12740.0,12930.0,12620.0,12730.0,198701,0.0,0.0
2024-07-16 12:00:00+09:00,12720.0,12890.0,12700.0,12800.0,82874,0.0,0.0
2024-07-16 13:00:00+09:00,12800.0,12870.0,12610.0,12690.0,108644,0.0,0.0
2024-07-16 14:00:00+09:00,12690.0,13030.0,12630.0,13000.0,185153,0.0,0.0
2024-07-17 09:00:00+09:00,13500.0,13950.0,13290.0,13520.0,1210283,0.0,0.0
2024-07-17 10:00:00+09:00,13520.0,13540.0,13220.0,13400.0,183979,0.0,0.0
2024-07-17 11:00:00+09:00,13360.0,13490.0,13260.0,13380.0,62815,0.0,0.0
2024-07-17 12:00:00+09:00,13400.0,13550.0,13400.0,13450.0,55962,0.0,0.0
2024-07-17 13:00:00+09:00,13450.0,13490.0,13300.0,13370.0,54233,0.0,0.0
2024-07-17 14:00:00+09:00,13370.0,13410.0,13130.0,13260.0,82020,0.0,0.0
2024-07-18 09:00:00+09:00,12690.0,13200.0,12480.0,12890.0,280187,0.0,0.0
2024-07-18 10:00:00+09:00,12890.0,12930.0,12650.0,12680.0,52413,0.0,0.0
2024-07-18 11:00:00+09:00,12750.0,12750.0,12610.0,12660.0,25324,0.0,0.0
2024-07-18 12:00:00+09:00,12650.0,12830.0,12610.0,12760.0,36119,0.0,0.0
2024-07-18 13:00:00+09:00,12740.0,13050.0,12620.0,12910.0,95818,0.0,0.0
2024-07-18 14:00:00+09:00,12910.0,13090.0,12760.0,12850.0,103911,0.0,0.0
2024-07-19 09:00:00+09:00,13100.0,13600.0,12850.0,13410.0,597910,0.0,0.0
2024-07-19 10:00:00+09:00,13420.0,13690.0,13280.0,13300.0,225113,0.0,0.0
2024-07-19 11:00:00+09:00,13300.0,13440.0,13220.0,13300.0,51609,0.0,0.0
2024-07-19 12:00:00+09:00,13300.0,13370.0,13230.0,13270.0,34364,0.0,0.0
2024-07-19 13:00:00+09:00,13270.0,13280.0,13070.0,13140.0,117210,0.0,0.0
2024-07-19 14:00:00+09:00,13120.0,13230.0,13020.0,13110.0,71954,0.0,0.0
2024-07-22 09:00:00+09:00,13390.0,13400.0,12170.0,12500.0,0,0.0,0.0
2024-07-22 10:00:00+09:00,12510.0,12580.0,12270.0,12330.0,129820,0.0,0.0
2024-07-22 11:00:00+09:00,12320.0,12370.0,12210.0,12350.0,67019,0.0,0.0
2024-07-22 12:00:00+09:00,12350.0,12430.0,12280.0,12350.0,43579,0.0,0.0
2024-07-22 13:00:00+09:00,12350.0,12360.0,12090.0,12230.0,145018,0.0,0.0
2024-07-22 14:00:00+09:00,12230.0,12310.0,12100.0,12240.0,95010,0.0,0.0
2024-07-23 09:00:00+09:00,12340.0,12500.0,12050.0,12070.0,166783,0.0,0.0
2024-07-23 10:00:00+09:00,12070.0,12140.0,11850.0,12010.0,96459,0.0,0.0
2024-07-23 11:00:00+09:00,11970.0,12030.0,11770.0,11840.0,47066,0.0,0.0
2024-07-23 12:00:00+09:00,11840.0,12080.0,11660.0,12060.0,67052,0.0,0.0
2024-07-23 13:00:00+09:00,12070.0,12100.0,11980.0,12050.0,30701,0.0,0.0
2024-07-23 14:00:00+09:00,12050.0,12110.0,11900.0,11980.0,55102,0.0,0.0
2024-07-24 09:00:00+09:00,11660.0,11890.0,11590.0,11810.0,121559,0.0,0.0
2024-07-24 10:00:00+09:00,11800.0,12100.0,11780.0,11920.0,63837,0.0,0.0
2024-07-24 11:00:00+09:00,11910.0,12120.0,11900.0,11920.0,31659,0.0,0.0
2024-07-24 12:00:00+09:00,11920.0,12330.0,11870.0,12010.0,100982,0.0,0.0
2024-07-24 13:00:00+09:00,12000.0,12070.0,11820.0,11840.0,35907,0.0,0.0
2024-07-24 14:00:00+09:00,11840.0,11960.0,11810.0,11930.0,25116,0.0,0.0
2024-07-25 09:00:00+09:00,11320.0,11600.0,11140.0,11300.0,152831,0.0,0.0
2024-07-25 10:00:00+09:00,11300.0,11440.0,11220.0,11270.0,30211,0.0,0.0
2024-07-25 11:00:00+09:00,11280.0,11440.0,11270.0,11440.0,23394,0.0,0.0
2024-07-25 12:00:00+09:00,11400.0,11670.0,11380.0,11500.0,34438,0.0,0.0
2024-07-25 13:00:00+09:00,11500.0,11610.0,11410.0,11450.0,30159,0.0,0.0
2024-07-25 14:00:00+09:00,11450.0,11590.0,11390.0,11420.0,22574,0.0,0.0
2024-07-26 09:00:00+09:00,11370.0,11600.0,11250.0,11440.0,46456,0.0,0.0
2024-07-26 10:00:00+09:00,11410.0,11410.0,11260.0,11290.0,30452,0.0,0.0
2024-07-26 11:00:00+09:00,11290.0,11360.0,11220.0,11220.0,19918,0.0,0.0
2024-07-26 12:00:00+09:00,11230.0,11250.0,11210.0,11210.0,12628,0.0,0.0
2024-07-26 13:00:00+09:00,11200.0,11380.0,11150.0,11280.0,25950,0.0,0.0
2024-07-26 14:00:00+09:00,11250.0,11430.0,11220.0,11410.0,25826,0.0,0.0
2024-07-29 09:00:00+09:00,11500.0,11530.0,11290.0,11410.0,0,0.0,0.0
2024-07-29 10:00:00+09:00,11410.0,11490.0,11350.0,11400.0,17474,0.0,0.0
2024-07-29 11:00:00+09:00,11420.0,11480.0,11390.0,11480.0,7333,0.0,0.0
2024-07-29 12:00:00+09:00,11480.0,11480.0,11420.0,11450.0,4730,0.0,0.0
2024-07-29 13:00:00+09:00,11450.0,11570.0,11450.0,11520.0,32473,0.0,0.0
2024-07-29 14:00:00+09:00,11520.0,11550.0,11490.0,11520.0,16688,0.0,0.0
2024-07-30 09:00:00+09:00,11400.0,11570.0,11220.0,11270.0,52760,0.0,0.0
2024-07-30 10:00:00+09:00,11300.0,11350.0,11200.0,11200.0,25565,0.0,0.0
2024-07-30 11:00:00+09:00,11200.0,11250.0,11180.0,11210.0,20868,0.0,0.0
2024-07-30 12:00:00+09:00,11210.0,11240.0,11180.0,11200.0,15790,0.0,0.0
2024-07-30 13:00:00+09:00,11200.0,11200.0,11150.0,11190.0,8716,0.0,0.0
2024-07-30 14:00:00+09:00,11190.0,11210.0,11130.0,11140.0,13057,0.0,0.0
2024-07-31 09:00:00+09:00,11160.0,11370.0,11070.0,11350.0,36065,0.0,0.0
2024-07-31 10:00:00+09:00,11340.0,11430.0,11120.0,11140.0,40432,0.0,0.0
2024-07-31 11:00:00+09:00,11140.0,11350.0,11140.0,11280.0,9860,0.0,0.0
2024-07-31 12:00:00+09:00,11280.0,11280.0,11190.0,11220.0,9357,0.0,0.0
2024-07-31 13:00:00+09:00,11210.0,11350.0,11190.0,11250.0,10899,0.0,0.0
2024-07-31 14:00:00+09:00,11240.0,11490.0,11200.0,11440.0,19132,0.0,0.0
2024-08-01 09:00:00+09:00,11400.0,11830.0,11400.0,11610.0,110069,0.0,0.0
2024-08-01 10:00:00+09:00,11610.0,11890.0,11490.0,11670.0,62131,0.0,0.0
2024-08-01 11:00:00+09:00,11650.0,11740.0,11530.0,11660.0,38348,0.0,0.0
2024-08-01 12:00:00+09:00,11660.0,11700.0,11490.0,11520.0,30492,0.0,0.0
2024-08-01 13:00:00+09:00,11520.0,11530.0,11400.0,11470.0,48911,0.0,0.0
2024-08-01 14:00:00+09:00,11470.0,11510.0,11300.0,11350.0,34940,0.0,0.0
2024-08-02 09:00:00+09:00,11550.0,11560.0,10880.0,11100.0,239919,0.0,0.0
2024-08-02 10:00:00+09:00,11100.0,11480.0,11100.0,11320.0,98228,0.0,0.0
2024-08-02 11:00:00+09:00,11320.0,11320.0,11210.0,11270.0,56615,0.0,0.0
2024-08-02 12:00:00+09:00,11270.0,11280.0,11160.0,11230.0,53604,0.0,0.0
2024-08-02 13:00:00+09:00,11250.0,11290.0,11190.0,11190.0,54819,0.0,0.0
2024-08-02 14:00:00+09:00,11190.0,11270.0,11020.0,11270.0,75911,0.0,0.0
2024-08-05 09:00:00+09:00,10750.0,10800.0,10320.0,10600.0,0,0.0,0.0
2024-08-05 10:00:00+09:00,10590.0,10590.0,10350.0,10450.0,59187,0.0,0.0
2024-08-05 11:00:00+09:00,10400.0,10450.0,10200.0,10200.0,64445,0.0,0.0
2024-08-05 12:00:00+09:00,10200.0,10310.0,10160.0,10260.0,40963,0.0,0.0
2024-08-05 13:00:00+09:00,10260.0,10260.0,10050.0,10060.0,77099,0.0,0.0
2024-08-05 14:00:00+09:00,10020.0,10040.0,9230.0,9530.0,131184,0.0,0.0
2024-08-06 09:00:00+09:00,10180.0,10610.0,10020.0,10470.0,107937,0.0,0.0
2024-08-06 10:00:00+09:00,10470.0,10530.0,10030.0,10350.0,47305,0.0,0.0
2024-08-06 11:00:00+09:00,10340.0,10370.0,10260.0,10280.0,26504,0.0,0.0
2024-08-06 12:00:00+09:00,10280.0,10360.0,10250.0,10330.0,17526,0.0,0.0
2024-08-06 13:00:00+09:00,10320.0,10370.0,10190.0,10210.0,20985,0.0,0.0
2024-08-06 14:00:00+09:00,10270.0,10330.0,10100.0,10310.0,36496,0.0,0.0
2024-08-07 09:00:00+09:00,10250.0,10680.0,10250.0,10520.0,49476,0.0,0.0
2024-08-07 10:00:00+09:00,10520.0,10660.0,10440.0,10650.0,23089,0.0,0.0
2024-08-07 11:00:00+09:00,10650.0,10730.0,10560.0,10700.0,22332,0.0,0.0
2024-08-07 12:00:00+09:00,10700.0,10800.0,10650.0,10680.0,16451,0.0,0.0
2024-08-07 13:00:00+09:00,10680.0,10840.0,10670.0,10750.0,29966,0.0,0.0
2024-08-07 14:00:00+09:00,10750.0,10780.0,10610.0,10620.0,18824,0.0,0.0
2024-08-08 09:00:00+09:00,10430.0,10850.0,10380.0,10810.0,38239,0.0,0.0
2024-08-08 10:00:00+09:00,10810.0,10870.0,10570.0,10620.0,28235,0.0,0.0
2024-08-08 11:00:00+09:00,10630.0,10670.0,10570.0,10590.0,13195,0.0,0.0
2024-08-08 12:00:00+09:00,10580.0,10730.0,10540.0,10620.0,22564,0.0,0.0
2024-08-08 13:00:00+09:00,10610.0,10730.0,10510.0,10650.0,57114,0.0,0.0
2024-08-08 14:00:00+09:00,10650.0,10730.0,10650.0,10670.0,16224,0.0,0.0
2024-08-09 09:00:00+09:00,10980.0,11020.0,10770.0,11010.0,58130,0.0,0.0
2024-08-09 10:00:00+09:00,11020.0,11030.0,10860.0,10950.0,15623,0.0,0.0
2024-08-09 11:00:00+09:00,10950.0,11060.0,10950.0,11050.0,12745,0.0,0.0
2024-08-09 12:00:00+09:00,11050.0,11080.0,10990.0,11050.0,15173,0.0,0.0
2024-08-09 13:00:00+09:00,11030.0,11040.0,10910.0,10940.0,35964,0.0,0.0
2024-08-09 14:00:00+09:00,10930.0,11040.0,10900.0,10950.0,15839,0.0,0.0
2024-08-12 09:00:00+09:00,10940.0,11350.0,10940.0,11280.0,0,0.0,0.0
2024-08-12 10:00:00+09:00,11300.0,11300.0,11200.0,11270.0,20231,0.0,0.0
2024-08-12 11:00:00+09:00,11270.0,11270.0,11180.0,11190.0,13117,0.0,0.0
2024-08-12 12:00:00+09:00,11220.0,11240.0,11190.0,11210.0,11892,0.0,0.0
2024-08-12 13:00:00+09:00,11220.0,11220.0,11040.0,11200.0,40192,0.0,0.0
2024-08-12 14:00:00+09:00,11200.0,11220.0,11090.0,11130.0,12492,0.0,0.0
2024-08-13 09:00:00+09:00,11100.0,11200.0,10830.0,10930.0,40415,0.0,0.0
2024-08-13 10:00:00+09:00,10920.0,11030.0,10840.0,10880.0,45461,0.0,0.0
2024-08-13 11:00:00+09:00,10880.0,10880.0,10700.0,10780.0,14322,0.0,0.0
2024-08-13 12:00:00+09:00,10780.0,10800.0,10720.0,10760.0,9275,0.0,0.0
2024-08-13 13:00:00+09:00,10750.0,10990.0,10670.0,10960.0,38107,0.0,0.0
2024-08-13 14:00:00+09:00,10960.0,10980.0,10900.0,10960.0,12850,0.0,0.0
2024-08-14 09:00:00+09:00,11110.0,11200.0,10790.0,10970.0,78721,0.0,0.0
2024-08-14 10:00:00+09:00,10950.0,11020.0,10890.0,11000.0,13650,0.0,0.0
2024-08-14 11:00:00+09:00,11000.0,11030.0,10950.0,10970.0,6092,0.0,0.0
2024-08-14 12:00:00+09:00,10970.0,10990.0,10870.0,10870.0,8883,0.0,0.0
2024-08-14 13:00:00+09:00,10870.0,10950.0,10850.0,10910.0,10979,0.0,0.0
2024-08-14 14:00:00+09:00,10910.0,10970.0,10880.0,10930.0,10142,0.0,0.0
2024-08-16 09:00:00+09:00,11070.0,11200.0,10930.0,11150.0,0,0.0,0.0
2024-08-16 10:00:00+09:00,11190.0,11380.0,11150.0,11330.0,56492,0.0,0.0
2024-08-16 11:00:00+09:00,11350.0,11480.0,11350.0,11380.0,65154,0.0,0.0
2024-08-16 12:00:00+09:00,11360.0,11530.0,11360.0,11490.0,33850,0.0,0.0
2024-08-16 13:00:00+09:00,11470.0,11540.0,11390.0,11530.0,30997,0.0,0.0
2024-08-16 14:00:00+09:00,11530.0,11590.0,11450.0,11500.0,47214,0.0,0.0
2024-08-19 09:00:00+09:00,11700.0,11780.0,11480.0,11590.0,0,0.0,0.0
2024-08-19 10:00:00+09:00,11590.0,11650.0,11450.0,11540.0,37107,0.0,0.0
2024-08-19 11:00:00+09:00,11540.0,11760.0,11520.0,11730.0,45276,0.0,0.0
2024-08-19 12:00:00+09:00,11710.0,11740.0,11630.0,11680.0,28479,0.0,0.0
2024-08-19 13:00:00+09:00,11690.0,11850.0,11630.0,11640.0,40852,0.0,0.0
2024-08-19 14:00:00+09:00,11640.0,11690.0,11490.0,11650.0,34631,0.0,0.0
2024-08-20 09:00:00+09:00,11600.0,11820.0,11540.0,11800.0,60902,0.0,0.0
2024-08-20 10:00:00+09:00,11800.0,11990.0,11780.0,11960.0,68313,0.0,0.0
2024-08-20 11:00:00+09:00,11960.0,11980.0,11900.0,11970.0,30192,0.0,0.0
2024-08-20 12:00:00+09:00,11970.0,11980.0,11900.0,11960.0,17097,0.0,0.0
2024-08-20 13:00:00+09:00,11950.0,11970.0,11910.0,11970.0,16363,0.0,0.0
2024-08-20 14:00:00+09:00,11960.0,11970.0,11930.0,11950.0,25386,0.0,0.0
2024-08-21 09:00:00+09:00,11950.0,12170.0,11830.0,12010.0,58766,0.0,0.0
2024-08-21 10:00:00+09:00,12010.0,12150.0,12010.0,12080.0,22445,0.0,0.0
2024-08-21 11:00:00+09:00,12080.0,12080.0,11950.0,12040.0,21724,0.0,0.0
2024-08-21 12:00:00+09:00,12040.0,12070.0,11950.0,12010.0,16892,0.0,0.0
2024-08-21 13:00:00+09:00,12000.0,12010.0,11930.0,11930.0,25401,0.0,0.0
2024-08-21 14:00:00+09:00,11950.0,12180.0,11930.0,12150.0,46255,0.0,0.0
2024-08-22 09:00:00+09:00,12480.0,12480.0,12060.0,12190.0,83796,0.0,0.0
2024-08-22 10:00:00+09:00,12190.0,12190.0,12060.0,12170.0,16292,0.0,0.0
2024-08-22 11:00:00+09:00,12160.0,12170.0,12050.0,12100.0,21971,0.0,0.0
2024-08-22 12:00:00+09:00,12110.0,12110.0,11930.0,11960.0,22595,0.0,0.0
2024-08-22 13:00:00+09:00,11990.0,12070.0,11980.0,12050.0,10143,0.0,0.0
2024-08-22 14:00:00+09:00,12050.0,12210.0,11910.0,12090.0,45382,0.0,0.0
2024-08-23 09:00:00+09:00,11820.0,11910.0,11700.0,11780.0,35992,0.0,0.0
2024-08-23 10:00:00+09:00,11780.0,11840.0,11670.0,11680.0,24838,0.0,0.0
2024-08-23 11:00:00+09:00,11680.0,11750.0,11670.0,11700.0,7572,0.0,0.0
2024-08-23 12:00:00+09:00,11700.0,11810.0,11690.0,11780.0,17802,0.0,0.0
2024-08-23 13:00:00+09:00,11790.0,11880.0,11740.0,11780.0,17970,0.0,0.0
2024-08-23 14:00:00+09:00,11770.0,11880.0,11720.0,11860.0,49042,0.0,0.0
2024-08-26 09:00:00+09:00,12020.0,12040.0,11750.0,11810.0,0,0.0,0.0
2024-08-26 10:00:00+09:00,11830.0,11830.0,11630.0,11630.0,17115,0.0,0.0
2024-08-26 11:00:00+09:00,11620.0,11620.0,11560.0,11590.0,10417,0.0,0.0
2024-08-26 12:00:00+09:00,11600.0,11600.0,11540.0,11560.0,9253,0.0,0.0
2024-08-26 13:00:00+09:00,11570.0,11570.0,11540.0,11570.0,5838,0.0,0.0
2024-08-26 14:00:00+09:00,11550.0,12000.0,11540.0,12000.0,57163,0.0,0.0
2024-08-27 09:00:00+09:00,11810.0,12000.0,11650.0,11860.0,25884,0.0,0.0
2024-08-27 10:00:00+09:00,11860.0,11860.0,11740.0,11800.0,10323,0.0,0.0
2024-08-27 11:00:00+09:00,11780.0,11800.0,11740.0,11780.0,3153,0.0,0.0
2024-08-27 12:00:00+09:00,11780.0,11800.0,11700.0,11760.0,7934,0.0,0.0
2024-08-27 13:00:00+09:00,11780.0,11800.0,11720.0,11730.0,3827,0.0,0.0
2024-08-27 14:00:00+09:00,11790.0,11950.0,11750.0,11930.0,22747,0.0,0.0
2024-08-28 09:00:00+09:00,11950.0,12090.0,11840.0,11990.0,23749,0.0,0.0
2024-08-28 10:00:00+09:00,11990.0,12020.0,11900.0,11940.0,8074,0.0,0.0
2024-08-28 11:00:00+09:00,11950.0,11950.0,11890.0,11890.0,7926,0.0,0.0
2024-08-28 12:00:00+09:00,11910.0,11920.0,11830.0,11900.0,7794,0.0,0.0
2024-08-28 13:00:00+09:00,11900.0,11950.0,11840.0,11920.0,8148,0.0,0.0
2024-08-28 14:00:00+09:00,11910.0,12020.0,11880.0,11990.0,23420,0.0,0.0
2024-08-29 09:00:00+09:00,11850.0,12020.0,11840.0,11950.0,29727,0.0,0.0
2024-08-29 10:00:00+09:00,11940.0,11940.0,11830.0,11860.0,14196,0.0,0.0
2024-08-29 11:00:00+09:00,11830.0,11850.0,11750.0,11850.0,13065,0.0,0.0
2024-08-29 12:00:00+09:00,11850.0,11850.0,11800.0,11800.0,3795,0.0,0.0
2024-08-29 13:00:00+09:00,11810.0,12000.0,11780.0,12000.0,26076,0.0,0.0
2024-08-29 14:00:00+09:00,12010.0,12070.0,11800.0,11960.0,20016,0.0,0.0
2024-08-30 09:00:00+09:00,12080.0,12200.0,12000.0,12100.0,39183,0.0,0.0
2024-08-30 10:00:00+09:00,12070.0,12140.0,12040.0,12070.0,23049,0.0,0.0
2024-08-30 11:00:00+09:00,12090.0,12100.0,12040.0,12080.0,21553,0.0,0.0
2024-08-30 12:00:00+09:00,12090.0,12090.0,12040.0,12040.0,4959,0.0,0.0
2024-08-30 13:00:00+09:00,12070.0,12410.0,12050.0,12400.0,127192,0.0,0.0
2024-08-30 14:00:00+09:00,12410.0,12570.0,12370.0,12440.0,153145,0.0,0.0
2024-09-02 09:00:00+09:00,12550.0,12550.0,11950.0,11990.0,0,0.0,0.0
2024-09-02 10:00:00+09:00,11990.0,12110.0,11980.0,12030.0,19113,0.0,0.0
2024-09-02 11:00:00+09:00,12040.0,12100.0,12010.0,12020.0,15799,0.0,0.0
2024-09-02 12:00:00+09:00,12030.0,12090.0,12000.0,12020.0,13186,0.0,0.0
2024-09-02 13:00:00+09:00,12030.0,12090.0,12030.0,12070.0,8376,0.0,0.0
2024-09-02 14:00:00+09:00,12070.0,12280.0,12050.0,12240.0,28985,0.0,0.0
2024-09-03 09:00:00+09:00,12160.0,12200.0,11650.0,11700.0,100541,0.0,0.0
2024-09-03 10:00:00+09:00,11680.0,11730.0,11590.0,11700.0,33807,0.0,0.0
2024-09-03 11:00:00+09:00,11680.0,11720.0,11630.0,11670.0,13409,0.0,0.0
2024-09-03 12:00:00+09:00,11670.0,11690.0,11630.0,11680.0,10077,0.0,0.0
2024-09-03 13:00:00+09:00,11630.0,11680.0,11580.0,11650.0,16034,0.0,0.0
2024-09-03 14:00:00+09:00,11640.0,11810.0,11630.0,11730.0,43164,0.0,0.0
2024-09-04 09:00:00+09:00,11080.0,11450.0,11040.0,11130.0,74491,0.0,0.0
2024-09-04 10:00:00+09:00,11130.0,11220.0,11070.0,11160.0,25605,0.0,0.0
2024-09-04 11:00:00+09:00,11160.0,11170.0,11100.0,11110.0,12481,0.0,0.0
2024-09-04 12:00:00+09:00,11120.0,11130.0,10840.0,10880.0,47508,0.0,0.0
2024-09-04 13:00:00+09:00,10880.0,11080.0,10880.0,10980.0,18747,0.0,0.0
2024-09-04 14:00:00+09:00,10980.0,11210.0,10920.0,11170.0,36984,0.0,0.0
2024-09-05 09:00:00+09:00,11130.0,11490.0,11130.0,11400.0,33955,0.0,0.0
2024-09-05 10:00:00+09:00,11400.0,11400.0,11040.0,11050.0,20076,0.0,0.0
2024-09-05 11:00:00+09:00,11050.0,11120.0,10770.0,10830.0,24936,0.0,0.0
2024-09-05 12:00:00+09:00,10830.0,10920.0,10700.0,10740.0,26570,0.0,0.0
2024-09-05 13:00:00+09:00,10740.0,10790.0,10680.0,10750.0,17976,0.0,0.0
2024-09-05 14:00:00+09:00,10710.0,11000.0,10650.0,11000.0,37688,0.0,0.0
2024-09-06 09:00:00+09:00,11020.0,11180.0,10710.0,10980.0,24215,0.0,0.0
2024-09-06 10:00:00+09:00,10990.0,11090.0,10870.0,11070.0,20442,0.0,0.0
2024-09-06 11:00:00+09:00,11070.0,11150.0,10950.0,10980.0,15616,0.0,0.0
2024-09-06 12:00:00+09:00,11010.0,11040.0,10960.0,11010.0,10006,0.0,0.0
2024-09-06 13:00:00+09:00,10990.0,11020.0,10920.0,10960.0,16096,0.0,0.0
2024-09-06 14:00:00+09:00,10960.0,11080.0,10890.0,11070.0,29678,0.0,0.0
2024-09-09 09:00:00+09:00,10800.0,11030.0,10700.0,10900.0,0,0.0,0.0
2024-09-09 10:00:00+09:00,10930.0,10990.0,10790.0,10890.0,14344,0.0,0.0
2024-09-09 11:00:00+09:00,10890.0,10950.0,10800.0,10930.0,11301,0.0,0.0
2024-09-09 12:00:00+09:00,10930.0,10970.0,10920.0,10930.0,4782,0.0,0.0
2024-09-09 13:00:00+09:00,10920.0,11150.0,10890.0,11080.0,14036,0.0,0.0
2024-09-09 14:00:00+09:00,11080.0,11110.0,10960.0,11010.0,12083,0.0,0.0
2024-09-10 09:00:00+09:00,11310.0,11390.0,10730.0,10730.0,114263,0.0,0.0
2024-09-10 10:00:00+09:00,10750.0,10750.0,10610.0,10660.0,51034,0.0,0.0
2024-09-10 11:00:00+09:00,10660.0,10660.0,10200.0,10450.0,84587,0.0,0.0
2024-09-10 12:00:00+09:00,10450.0,10520.0,10330.0,10360.0,30053,0.0,0.0
2024-09-10 13:00:00+09:00,10350.0,10520.0,10350.0,10480.0,38637,0.0,0.0
2024-09-10 14:00:00+09:00,10480.0,10960.0,10440.0,10900.0,80689,0.0,0.0
2024-09-11 09:00:00+09:00,10790.0,10940.0,10790.0,10890.0,16901,0.0,0.0
2024-09-11 10:00:00+09:00,10890.0,10900.0,10670.0,10710.0,17864,0.0,0.0
2024-09-11 11:00:00+09:00,10670.0,10800.0,10670.0,10750.0,4760,0.0,0.0
2024-09-11 12:00:00+09:00,10750.0,10780.0,10630.0,10630.0,9226,0.0,0.0
2024-09-11 13:00:00+09:00,10620.0,10860.0,10600.0,10760.0,12780,0.0,0.0
2024-09-11 14:00:00+09:00,10760.0,10870.0,10670.0,10870.0,28985,0.0,0.0
2024-09-12 09:00:00+09:00,11000.0,11130.0,10880.0,11080.0,36981,0.0,0.0
2024-09-12 10:00:00+09:00,11080.0,11090.0,11000.0,11060.0,9656,0.0,0.0
2024-09-12 11:00:00+09:00,11060.0,11080.0,11040.0,11060.0,1159,0.0,0.0
2024-09-12 12:00:00+09:00,11060.0,11080.0,11040.0,11080.0,2262,0.0,0.0
2024-09-12 13:00:00+09:00,11080.0,11170.0,11070.0,11100.0,15126,0.0,0.0
2024-09-12 14:00:00+09:00,11090.0,11120.0,11050.0,11070.0,5596,0.0,0.0
2024-09-13 09:00:00+09:00,11070.0,11120.0,10990.0,11060.0,37218,0.0,0.0
2024-09-13 10:00:00+09:00,11060.0,11070.0,10900.0,10980.0,15307,0.0,0.0
2024-09-13 11:00:00+09:00,10940.0,10960.0,10880.0,10910.0,9617,0.0,0.0
2024-09-13 12:00:00+09:00,10900.0,10950.0,10840.0,10840.0,9762,0.0,0.0
2024-09-13 13:00:00+09:00,10850.0,10890.0,10800.0,10840.0,15222,0.0,0.0
2024-09-13 14:00:00+09:00,10830.0,11020.0,10780.0,11020.0,29324,0.0,0.0
2024-09-19 09:00:00+09:00,10880.0,10980.0,10700.0,10770.0,0,0.0,0.0
2024-09-19 10:00:00+09:00,10780.0,10780.0,10510.0,10640.0,22702,0.0,0.0
2024-09-19 11:00:00+09:00,10640.0,10770.0,10610.0,10660.0,10897,0.0,0.0
2024-09-19 12:00:00+09:00,10630.0,10700.0,10580.0,10610.0,10502,0.0,0.0
2024-09-19 13:00:00+09:00,10610.0,10700.0,10580.0,10670.0,9956,0.0,0.0
2024-09-19 14:00:00+09:00,10630.0,10770.0,10600.0,10770.0,36587,0.0,0.0
2024-09-20 09:00:00+09:00,10950.0,10950.0,10700.0,10730.0,32899,0.0,0.0
2024-09-20 10:00:00+09:00,10730.0,10770.0,10650.0,10700.0,14422,0.0,0.0
2024-09-20 11:00:00+09:00,10710.0,10720.0,10630.0,10630.0,10787,0.0,0.0
2024-09-20 12:00:00+09:00,10640.0,10670.0,10590.0,10620.0,9496,0.0,0.0
2024-09-20 13:00:00+09:00,10620.0,10650.0,10580.0,10610.0,6877,0.0,0.0
2024-09-20 14:00:00+09:00,10610.0,10630.0,10490.0,10530.0,22139,0.0,0.0
2024-09-23 09:00:00+09:00,10400.0,10430.0,10200.0,10350.0,0,0.0,0.0
2024-09-23 10:00:00+09:00,10370.0,10380.0,10290.0,10330.0,5981,0.0,0.0
2024-09-23 11:00:00+09:00,10330.0,10350.0,10280.0,10300.0,5884,0.0,0.0
2024-09-23 12:00:00+09:00,10290.0,10360.0,10280.0,10300.0,6130,0.0,0.0
2024-09-23 13:00:00+09:00,10300.0,10310.0,10190.0,10200.0,24303,0.0,0.0
2024-09-23 14:00:00+09:00,10200.0,10210.0,10100.0,10150.0,26942,0.0,0.0
2024-09-24 09:00:00+09:00,10110.0,10240.0,10110.0,10200.0,11830,0.0,0.0
2024-09-24 10:00:00+09:00,10200.0,10210.0,10110.0,10120.0,7658,0.0,0.0
2024-09-24 11:00:00+09:00,10140.0,10170.0,10120.0,10170.0,957,0.0,0.0
2024-09-24 12:00:00+09:00,10170.0,10170.0,10130.0,10160.0,1738,0.0,0.0
2024-09-24 13:00:00+09:00,10160.0,10250.0,10140.0,10250.0,6407,0.0,0.0
2024-09-24 14:00:00+09:00,10250.0,10270.0,10200.0,10220.0,3583,0.0,0.0
2024-09-25 09:00:00+09:00,10260.0,10330.0,10200.0,10300.0,8337,0.0,0.0
2024-09-25 10:00:00+09:00,10290.0,10300.0,10240.0,10280.0,6938,0.0,0.0
2024-09-25 11:00:00+09:00,10280.0,10320.0,10250.0,10320.0,3532,0.0,0.0
2024-09-25 12:00:00+09:00,10280.0,10310.0,10250.0,10290.0,2172,0.0,0.0
2024-09-25 13:00:00+09:00,10270.0,10290.0,10230.0,10250.0,1447,0.0,0.0
2024-09-25 14:00:00+09:00,10250.0,10270.0,10110.0,10190.0,20044,0.0,0.0
2024-09-26 09:00:00+09:00,10200.0,10360.0,10200.0,10320.0,17896,0.0,0.0
2024-09-26 10:00:00+09:00,10310.0,10470.0,10270.0,10420.0,23344,0.0,0.0
2024-09-26 11:00:00+09:00,10450.0,10450.0,10400.0,10430.0,2429,0.0,0.0
2024-09-26 12:00:00+09:00,10430.0,10480.0,10410.0,10450.0,8023,0.0,0.0
2024-09-26 13:00:00+09:00,10440.0,10450.0,10420.0,10440.0,3228,0.0,0.0
2024-09-26 14:00:00+09:00,10450.0,10450.0,10260.0,10280.0,34358,0.0,0.0
2024-09-27 09:00:00+09:00,10400.0,10400.0,10160.0,10250.0,42589,0.0,0.0
2024-09-27 10:00:00+09:00,10240.0,10320.0,10210.0,10300.0,11833,0.0,0.0
2024-09-27 11:00:00+09:00,10300.0,10340.0,10240.0,10340.0,11683,0.0,0.0
2024-09-27 12:00:00+09:00,10330.0,10330.0,10250.0,10260.0,1865,0.0,0.0
2024-09-27 13:00:00+09:00,10300.0,10300.0,10270.0,10270.0,5527,0.0,0.0
2024-09-27 14:00:00+09:00,10270.0,10450.0,10270.0,10390.0,9519,0.0,0.0
2024-09-30 09:00:00+09:00,10350.0,10400.0,10140.0,10190.0,0,0.0,0.0
2024-09-30 10:00:00+09:00,10190.0,10190.0,10100.0,10140.0,8965,0.0,0.0
2024-09-30 11:00:00+09:00,10130.0,10180.0,10090.0,10180.0,8232,0.0,0.0
2024-09-30 12:00:00+09:00,10160.0,10180.0,10120.0,10180.0,2098,0.0,0.0
2024-09-30 13:00:00+09:00,10180.0,10200.0,10120.0,10180.0,2703,0.0,0.0
2024-09-30 14:00:00+09:00,10180.0,10180.0,10130.0,10160.0,3206,0.0,0.0
2024-10-02 09:00:00+09:00,10090.0,10090.0,9840.0,9940.0,0,0.0,0.0
2024-10-02 10:00:00+09:00,9940.0,10070.0,9940.0,10000.0,21308,0.0,0.0
2024-10-02 11:00:00+09:00,10000.0,10050.0,9960.0,10050.0,4928,0.0,0.0
2024-10-02 12:00:00+09:00,10010.0,10050.0,10000.0,10050.0,1938,0.0,0.0
2024-10-02 13:00:00+09:00,10040.0,10080.0,9900.0,9930.0,49169,0.0,0.0
2024-10-02 14:00:00+09:00,9930.0,9960.0,9880.0,9900.0,11512,0.0,0.0
2024-10-04 09:00:00+09:00,9990.0,10100.0,9850.0,9950.0,0,0.0,0.0
2024-10-04 10:00:00+09:00,9950.0,9990.0,9900.0,9950.0,6887,0.0,0.0
2024-10-04 11:00:00+09:00,9960.0,9970.0,9880.0,9950.0,12044,0.0,0.0
2024-10-04 12:00:00+09:00,9900.0,9950.0,9880.0,9890.0,2482,0.0,0.0
2024-10-04 13:00:00+09:00,9890.0,9940.0,9860.0,9870.0,6959,0.0,0.0
2024-10-04 14:00:00+09:00,9900.0,9910.0,9850.0,9850.0,11088,0.0,0.0
2024-10-07 09:00:00+09:00,9850.0,9940.0,9780.0,9850.0,0,0.0,0.0
2024-10-07 10:00:00+09:00,9850.0,9900.0,9830.0,9870.0,20542,0.0,0.0
2024-10-07 11:00:00+09:00,9870.0,9890.0,9870.0,9880.0,3480,0.0,0.0
2024-10-07 12:00:00+09:00,9880.0,9950.0,9870.0,9950.0,22911,0.0,0.0
2024-10-07 13:00:00+09:00,9950.0,10040.0,9880.0,10000.0,12537,0.0,0.0
2024-10-07 14:00:00+09:00,10000.0,10030.0,10000.0,10030.0,4717,0.0,0.0
2024-10-08 09:00:00+09:00,9910.0,9970.0,9860.0,9880.0,10465,0.0,0.0
2024-10-08 10:00:00+09:00,9880.0,9880.0,9800.0,9830.0,12904,0.0,0.0
2024-10-08 11:00:00+09:00,9820.0,9820.0,9740.0,9750.0,9778,0.0,0.0
2024-10-08 12:00:00+09:00,9750.0,9800.0,9730.0,9800.0,3153,0.0,0.0
2024-10-08 13:00:00+09:00,9800.0,9800.0,9640.0,9650.0,27711,0.0,0.0
2024-10-08 14:00:00+09:00,9650.0,9650.0,9290.0,9420.0,100508,0.0,0.0
2024-10-10 09:00:00+09:00,9410.0,9500.0,9300.0,9310.0,0,0.0,0.0
2024-10-10 10:00:00+09:00,9320.0,9440.0,9220.0,9420.0,28651,0.0,0.0
2024-10-10 11:00:00+09:00,9420.0,9450.0,9390.0,9450.0,12578,0.0,0.0
2024-10-10 12:00:00+09:00,9450.0,9450.0,9370.0,9380.0,7149,0.0,0.0
2024-10-10 13:00:00+09:00,9390.0,9430.0,9370.0,9400.0,5988,0.0,0.0
2024-10-10 14:00:00+09:00,9400.0,9400.0,9170.0,9200.0,30329,0.0,0.0
2024-10-11 09:00:00+09:00,9210.0,9380.0,9210.0,9330.0,19218,0.0,0.0
2024-10-11 10:00:00+09:00,9310.0,9350.0,9270.0,9280.0,8358,0.0,0.0
2024-10-11 11:00:00+09:00,9280.0,9340.0,9250.0,9300.0,5268,0.0,0.0
2024-10-11 12:00:00+09:00,9250.0,9330.0,9240.0,9330.0,1870,0.0,0.0
2024-10-11 13:00:00+09:00,9310.0,9320.0,9240.0,9250.0,3089,0.0,0.0
2024-10-11 14:00:00+09:00,9240.0,9250.0,9060.0,9100.0,29644,0.0,0.0
2024-10-14 09:00:00+09:00,9150.0,9250.0,9150.0,9200.0,0,0.0,0.0
2024-10-14 10:00:00+09:00,9250.0,9250.0,9130.0,9220.0,4533,0.0,0.0
2024-10-14 11:00:00+09:00,9200.0,9240.0,9200.0,9210.0,2451,0.0,0.0
2024-10-14 12:00:00+09:00,9210.0,9220.0,9200.0,9220.0,1029,0.0,0.0
2024-10-14 13:00:00+09:00,9220.0,9260.0,9210.0,9250.0,3290,0.0,0.0
2024-10-14 14:00:00+09:00,9250.0,9270.0,9110.0,9110.0,20493,0.0,0.0
2024-10-15 09:00:00+09:00,9210.0,9250.0,9100.0,9170.0,18679,0.0,0.0
2024-10-15 10:00:00+09:00,9160.0,9190.0,9040.0,9090.0,21977,0.0,0.0
2024-10-15 11:00:00+09:00,9090.0,9100.0,9000.0,9040.0,22237,0.0,0.0
2024-10-15 12:00:00+09:00,9050.0,9090.0,9020.0,9090.0,6079,0.0,0.0
2024-10-15 13:00:00+09:00,9080.0,9180.0,8990.0,9000.0,14643,0.0,0.0
2024-10-15 14:00:00+09:00,9000.0,9010.0,8870.0,8900.0,44051,0.0,0.0
2024-10-16 09:00:00+09:00,8950.0,9000.0,8870.0,8960.0,38689,0.0,0.0
2024-10-16 10:00:00+09:00,8950.0,9160.0,8950.0,9100.0,32791,0.0,0.0
2024-10-16 11:00:00+09:00,9130.0,9130.0,8950.0,8960.0,11339,0.0,0.0
2024-10-16 12:00:00+09:00,8960.0,9120.0,8950.0,8950.0,14687,0.0,0.0
2024-10-16 13:00:00+09:00,8940.0,9020.0,8850.0,8890.0,17012,0.0,0.0
2024-10-16 14:00:00+09:00,8860.0,8900.0,8770.0,8850.0,27266,0.0,0.0
2024-10-17 09:00:00+09:00,8900.0,8990.0,8840.0,8870.0,11318,0.0,0.0
2024-10-17 10:00:00+09:00,8870.0,8880.0,8800.0,8800.0,9690,0.0,0.0
2024-10-17 11:00:00+09:00,8800.0,8850.0,8690.0,8720.0,29294,0.0,0.0
2024-10-17 12:00:00+09:00,8720.0,8770.0,8680.0,8720.0,30459,0.0,0.0
2024-10-17 13:00:00+09:00,8770.0,8770.0,8670.0,8670.0,25009,0.0,0.0
2024-10-17 14:00:00+09:00,8710.0,8790.0,8670.0,8770.0,18529,0.0,0.0
2024-10-18 09:00:00+09:00,8730.0,8880.0,8630.0,8670.0,12655,0.0,0.0
2024-10-18 10:00:00+09:00,8670.0,8680.0,8570.0,8640.0,38436,0.0,0.0
2024-10-18 11:00:00+09:00,8660.0,8730.0,8610.0,8640.0,13741,0.0,0.0
2024-10-18 12:00:00+09:00,8610.0,8630.0,8600.0,8600.0,5528,0.0,0.0
2024-10-18 13:00:00+09:00,8600.0,8630.0,8580.0,8610.0,5784,0.0,0.0
2024-10-18 14:00:00+09:00,8620.0,8710.0,8600.0,8650.0,14921,0.0,0.0
2024-10-21 09:00:00+09:00,8610.0,9050.0,8610.0,8980.0,0,0.0,0.0
2024-10-21 10:00:00+09:00,8970.0,8980.0,8870.0,8910.0,9633,0.0,0.0
2024-10-21 11:00:00+09:00,8910.0,8950.0,8880.0,8900.0,6737,0.0,0.0
2024-10-21 12:00:00+09:00,8900.0,8950.0,8860.0,8860.0,6749,0.0,0.0
2024-10-21 13:00:00+09:00,8850.0,8900.0,8800.0,8850.0,16908,0.0,0.0
2024-10-21 14:00:00+09:00,8850.0,8900.0,8800.0,8800.0,18184,0.0,0.0
2024-10-22 09:00:00+09:00,8830.0,8870.0,8490.0,8490.0,30103,0.0,0.0
2024-10-22 10:00:00+09:00,8490.0,8610.0,8460.0,8520.0,12671,0.0,0.0
2024-10-22 11:00:00+09:00,8500.0,8600.0,8490.0,8550.0,9785,0.0,0.0
2024-10-22 12:00:00+09:00,8500.0,8600.0,8450.0,8490.0,14648,0.0,0.0
2024-10-22 13:00:00+09:00,8460.0,8530.0,8400.0,8400.0,25377,0.0,0.0
2024-10-22 14:00:00+09:00,8400.0,8440.0,8370.0,8370.0,20389,0.0,0.0
2024-10-23 09:00:00+09:00,8440.0,8450.0,8300.0,8350.0,7776,0.0,0.0
2024-10-23 10:00:00+09:00,8340.0,8520.0,8300.0,8460.0,4903,0.0,0.0
2024-10-23 11:00:00+09:00,8490.0,8510.0,8430.0,8500.0,3379,0.0,0.0
2024-10-23 12:00:00+09:00,8490.0,8500.0,8430.0,8460.0,2447,0.0,0.0
2024-10-23 13:00:00+09:00,8470.0,8590.0,8380.0,8460.0,8243,0.0,0.0
2024-10-23 14:00:00+09:00,8460.0,8550.0,8400.0,8500.0,9158,0.0,0.0
2024-10-24 09:00:00+09:00,8330.0,8470.0,8230.0,8310.0,13679,0.0,0.0
2024-10-24 10:00:00+09:00,8260.0,8300.0,8220.0,8290.0,4442,0.0,0.0
2024-10-24 11:00:00+09:00,8280.0,8280.0,8200.0,8210.0,5179,0.0,0.0
2024-10-24 12:00:00+09:00,8210.0,8230.0,8160.0,8170.0,6615,0.0,0.0
2024-10-24 13:00:00+09:00,8190.0,8240.0,8180.0,8240.0,5738,0.0,0.0
2024-10-24 14:00:00+09:00,8220.0,8240.0,8140.0,8160.0,8355,0.0,0.0
2024-10-25 09:00:00+09:00,8150.0,8240.0,7960.0,8050.0,16013,0.0,0.0
2024-10-25 10:00:00+09:00,8050.0,8050.0,7930.0,8000.0,24050,0.0,0.0
2024-10-25 11:00:00+09:00,7980.0,8090.0,7940.0,8010.0,8494,0.0,0.0
2024-10-25 12:00:00+09:00,8080.0,8080.0,8010.0,8040.0,96,0.0,0.0
2024-10-25 13:00:00+09:00,8000.0,8080.0,7970.0,7980.0,7221,0.0,0.0
2024-10-25 14:00:00+09:00,7970.0,7990.0,7850.0,7890.0,30404,0.0,0.0
2024-10-28 09:00:00+09:00,7900.0,8210.0,7900.0,8130.0,0,0.0,0.0
2024-10-28 10:00:00+09:00,8140.0,8180.0,8100.0,8170.0,5480,0.0,0.0
2024-10-28 11:00:00+09:00,8170.0,8240.0,8150.0,8200.0,3595,0.0,0.0
2024-10-28 12:00:00+09:00,8210.0,8240.0,8060.0,8210.0,4162,0.0,0.0
2024-10-28 13:00:00+09:00,8200.0,8300.0,8200.0,8260.0,1806,0.0,0.0
2024-10-28 14:00:00+09:00,8260.0,8280.0,8180.0,8180.0,2110,0.0,0.0
2024-10-29 09:00:00+09:00,8340.0,8550.0,8110.0,8180.0,15281,0.0,0.0
2024-10-29 10:00:00+09:00,8180.0,8470.0,8170.0,8290.0,2930,0.0,0.0
2024-10-29 11:00:00+09:00,8290.0,8350.0,8210.0,8240.0,1337,0.0,0.0
2024-10-29 12:00:00+09:00,8250.0,8250.0,8190.0,8200.0,830,0.0,0.0
2024-10-29 13:00:00+09:00,8230.0,8250.0,8130.0,8250.0,3927,0.0,0.0
2024-10-29 14:00:00+09:00,8220.0,8250.0,8120.0,8240.0,2182,0.0,0.0
2024-10-30 09:00:00+09:00,8390.0,8390.0,8150.0,8150.0,32795,0.0,0.0
2024-10-30 10:00:00+09:00,8110.0,8440.0,8110.0,8350.0,18741,0.0,0.0
2024-10-30 11:00:00+09:00,8330.0,8440.0,8320.0,8340.0,21152,0.0,0.0
2024-10-30 12:00:00+09:00,8330.0,8380.0,8310.0,8310.0,11931,0.0,0.0
2024-10-30 13:00:00+09:00,8350.0,8350.0,8180.0,8190.0,23544,0.0,0.0
2024-10-30 14:00:00+09:00,8190.0,8260.0,8180.0,8240.0,11432,0.0,0.0
2024-10-31 09:00:00+09:00,8220.0,8270.0,8080.0,8220.0,7464,0.0,0.0
2024-10-31 10:00:00+09:00,8210.0,8310.0,8180.0,8290.0,2950,0.0,0.0
2024-10-31 11:00:00+09:00,8280.0,8380.0,8260.0,8320.0,8298,0.0,0.0
2024-10-31 12:00:00+09:00,8310.0,8310.0,8250.0,8300.0,3702,0.0,0.0
2024-10-31 13:00:00+09:00,8290.0,8310.0,8150.0,8190.0,11051,0.0,0.0
2024-10-31 14:00:00+09:00,8150.0,8240.0,8110.0,8240.0,7203,0.0,0.0
2024-11-01 09:00:00+09:00,8160.0,8430.0,8030.0,8060.0,77752,0.0,0.0
2024-11-01 10:00:00+09:00,8050.0,8130.0,7980.0,8080.0,37662,0.0,0.0
2024-11-01 11:00:00+09:00,8130.0,8130.0,8010.0,8120.0,13307,0.0,0.0
2024-11-01 12:00:00+09:00,8110.0,8110.0,8070.0,8100.0,5271,0.0,0.0
2024-11-01 13:00:00+09:00,8090.0,8100.0,7980.0,8020.0,22194,0.0,0.0
2024-11-01 14:00:00+09:00,8020.0,8070.0,8020.0,8020.0,3922,0.0,0.0
