Datetime,Open,High,Low,Close,Volume,Dividends,Stock Splits
2022-06-30 09:00:00+09:00,3900.0,3930.0,3900.0,3905.0,5000,0.0,0.0
2022-06-30 10:00:00+09:00,3905.0,3905.0,3900.0,3900.0,1500,0.0,0.0
2022-06-30 11:00:00+09:00,3895.0,3900.0,3885.0,3900.0,0,0.0,0.0
2022-06-30 12:00:00+09:00,3900.0,3900.0,3900.0,3900.0,8600,0.0,0.0
2022-06-30 13:00:00+09:00,3885.0,3905.0,3885.0,3900.0,2700,0.0,0.0
2022-06-30 14:00:00+09:00,3895.0,3910.0,3885.0,3885.0,4200,0.0,0.0
2022-07-01 09:00:00+09:00,3885.0,3910.0,3885.0,3910.0,4900,0.0,0.0
2022-07-01 10:00:00+09:00,3900.0,3905.0,3895.0,3900.0,1100,0.0,0.0
2022-07-01 11:00:00+09:00,3900.0,3910.0,3900.0,3905.0,0,0.0,0.0
2022-07-01 12:00:00+09:00,3900.0,3910.0,3900.0,3905.0,13200,0.0,0.0
2022-07-01 13:00:00+09:00,3905.0,3910.0,3895.0,3900.0,2900,0.0,0.0
2022-07-01 14:00:00+09:00,3905.0,3925.0,3890.0,3925.0,4400,0.0,0.0
2022-07-04 09:00:00+09:00,3940.0,3955.0,3930.0,3940.0,5700,0.0,0.0
2022-07-04 10:00:00+09:00,3945.0,3955.0,3945.0,3955.0,3100,0.0,0.0
2022-07-04 11:00:00+09:00,3950.0,3955.0,3950.0,3955.0,0,0.0,0.0
2022-07-04 12:00:00+09:00,3955.0,3955.0,3945.0,3945.0,11100,0.0,0.0
2022-07-04 13:00:00+09:00,3945.0,3945.0,3940.0,3945.0,1200,0.0,0.0
2022-07-04 14:00:00+09:00,3945.0,3960.0,3945.0,3945.0,4100,0.0,0.0
2022-07-05 09:00:00+09:00,3970.0,3995.0,3960.0,3995.0,9300,0.0,0.0
2022-07-05 10:00:00+09:00,3995.0,4025.0,3995.0,4010.0,17600,0.0,0.0
2022-07-05 11:00:00+09:00,4005.0,4010.0,4000.0,4010.0,0,0.0,0.0
2022-07-05 12:00:00+09:00,4010.0,4010.0,4000.0,4000.0,29000,0.0,0.0
2022-07-05 13:00:00+09:00,4000.0,4025.0,4000.0,4025.0,5300,0.0,0.0
2022-07-05 14:00:00+09:00,4025.0,4050.0,4025.0,4025.0,7400,0.0,0.0
2022-07-06 09:00:00+09:00,4030.0,4040.0,4020.0,4035.0,4200,0.0,0.0
2022-07-06 10:00:00+09:00,4030.0,4030.0,4010.0,4015.0,3100,0.0,0.0
2022-07-06 11:00:00+09:00,4010.0,4010.0,4010.0,4010.0,0,0.0,0.0
2022-07-06 12:00:00+09:00,4010.0,4010.0,3990.0,3990.0,9700,0.0,0.0
2022-07-06 13:00:00+09:00,3990.0,4020.0,3975.0,4015.0,3500,0.0,0.0
2022-07-06 14:00:00+09:00,4020.0,4030.0,4010.0,4025.0,3700,0.0,0.0
2022-07-07 09:00:00+09:00,4015.0,4020.0,3975.0,3980.0,2800,0.0,0.0
2022-07-07 10:00:00+09:00,3975.0,3975.0,3960.0,3960.0,1600,0.0,0.0
2022-07-07 11:00:00+09:00,3965.0,3965.0,3955.0,3965.0,0,0.0,0.0
2022-07-07 12:00:00+09:00,3965.0,3980.0,3960.0,3980.0,7800,0.0,0.0
2022-07-07 13:00:00+09:00,3990.0,3990.0,3980.0,3980.0,3800,0.0,0.0
2022-07-07 14:00:00+09:00,3985.0,3985.0,3975.0,3975.0,1900,0.0,0.0
2022-07-08 09:00:00+09:00,3960.0,3980.0,3955.0,3970.0,3300,0.0,0.0
2022-07-08 10:00:00+09:00,3975.0,4010.0,3975.0,4010.0,3500,0.0,0.0
2022-07-08 11:00:00+09:00,4010.0,4020.0,4010.0,4015.0,0,0.0,0.0
2022-07-08 12:00:00+09:00,3960.0,3995.0,3960.0,3995.0,9100,0.0,0.0
2022-07-08 13:00:00+09:00,4000.0,4025.0,4000.0,4025.0,5200,0.0,0.0
2022-07-08 14:00:00+09:00,4020.0,4060.0,3985.0,3995.0,18200,0.0,0.0
2022-07-11 09:00:00+09:00,4010.0,4070.0,4010.0,4070.0,4900,0.0,0.0
2022-07-11 10:00:00+09:00,4070.0,4090.0,4060.0,4080.0,5700,0.0,0.0
2022-07-11 11:00:00+09:00,4070.0,4070.0,4070.0,4070.0,0,0.0,0.0
2022-07-11 12:00:00+09:00,4065.0,4070.0,4060.0,4070.0,12500,0.0,0.0
2022-07-11 13:00:00+09:00,4065.0,4075.0,4065.0,4070.0,2700,0.0,0.0
2022-07-11 14:00:00+09:00,4075.0,4085.0,4070.0,4075.0,5600,0.0,0.0
2022-07-12 09:00:00+09:00,4050.0,4060.0,4035.0,4040.0,3400,0.0,0.0
2022-07-12 10:00:00+09:00,4040.0,4050.0,4030.0,4040.0,2500,0.0,0.0
2022-07-12 11:00:00+09:00,4040.0,4040.0,4025.0,4040.0,0,0.0,0.0
2022-07-12 12:00:00+09:00,4030.0,4040.0,4030.0,4040.0,9200,0.0,0.0
2022-07-12 13:00:00+09:00,4040.0,4040.0,4025.0,4025.0,1200,0.0,0.0
2022-07-12 14:00:00+09:00,4025.0,4040.0,4015.0,4030.0,4100,0.0,0.0
2022-07-13 09:00:00+09:00,4035.0,4045.0,4035.0,4045.0,800,0.0,0.0
2022-07-13 10:00:00+09:00,4055.0,4055.0,4050.0,4050.0,400,0.0,0.0
2022-07-13 11:00:00+09:00,4045.0,4060.0,4045.0,4050.0,0,0.0,0.0
2022-07-13 12:00:00+09:00,4045.0,4050.0,4030.0,4050.0,2600,0.0,0.0
2022-07-13 13:00:00+09:00,4055.0,4080.0,4055.0,4080.0,3200,0.0,0.0
2022-07-13 14:00:00+09:00,4080.0,4095.0,4080.0,4095.0,2900,0.0,0.0
2022-07-14 09:00:00+09:00,4100.0,4125.0,4085.0,4120.0,10000,0.0,0.0
2022-07-14 10:00:00+09:00,4120.0,4135.0,4120.0,4135.0,4100,0.0,0.0
2022-07-14 11:00:00+09:00,4125.0,4125.0,4125.0,4125.0,0,0.0,0.0
2022-07-14 12:00:00+09:00,4120.0,4135.0,4120.0,4130.0,16400,0.0,0.0
2022-07-14 13:00:00+09:00,4130.0,4135.0,4125.0,4125.0,1100,0.0,0.0
2022-07-14 14:00:00+09:00,4125.0,4135.0,4125.0,4135.0,2300,0.0,0.0
2022-07-15 09:00:00+09:00,4140.0,4155.0,4125.0,4140.0,6400,0.0,0.0
2022-07-15 10:00:00+09:00,4135.0,4135.0,4130.0,4130.0,1000,0.0,0.0
2022-07-15 11:00:00+09:00,4140.0,4140.0,4135.0,4135.0,0,0.0,0.0
2022-07-15 12:00:00+09:00,4135.0,4160.0,4130.0,4155.0,13000,0.0,0.0
2022-07-15 13:00:00+09:00,4150.0,4150.0,4135.0,4135.0,800,0.0,0.0
2022-07-15 14:00:00+09:00,4135.0,4135.0,4125.0,4130.0,1600,0.0,0.0
2022-07-19 09:00:00+09:00,4150.0,4150.0,4070.0,4075.0,6400,0.0,0.0
2022-07-19 10:00:00+09:00,4075.0,4090.0,4075.0,4090.0,800,0.0,0.0
2022-07-19 11:00:00+09:00,4085.0,4090.0,4085.0,4090.0,0,0.0,0.0
2022-07-19 12:00:00+09:00,4080.0,4080.0,4080.0,4080.0,7600,0.0,0.0
2022-07-19 13:00:00+09:00,4075.0,4110.0,4075.0,4090.0,2700,0.0,0.0
2022-07-19 14:00:00+09:00,4090.0,4095.0,4080.0,4095.0,2100,0.0,0.0
2022-07-20 09:00:00+09:00,4145.0,4150.0,4120.0,4140.0,5400,0.0,0.0
2022-07-20 10:00:00+09:00,4140.0,4145.0,4130.0,4140.0,1800,0.0,0.0
2022-07-20 11:00:00+09:00,4150.0,4150.0,4145.0,4145.0,0,0.0,0.0
2022-07-20 12:00:00+09:00,4150.0,4150.0,4145.0,4150.0,10500,0.0,0.0
2022-07-20 13:00:00+09:00,4145.0,4150.0,4145.0,4150.0,1700,0.0,0.0
2022-07-20 14:00:00+09:00,4155.0,4175.0,4155.0,4165.0,6500,0.0,0.0
2022-07-21 09:00:00+09:00,4150.0,4155.0,4120.0,4125.0,2700,0.0,0.0
2022-07-21 10:00:00+09:00,4125.0,4125.0,4105.0,4115.0,1800,0.0,0.0
2022-07-21 11:00:00+09:00,4120.0,4125.0,4120.0,4125.0,0,0.0,0.0
2022-07-21 12:00:00+09:00,4125.0,4140.0,4115.0,4135.0,7700,0.0,0.0
2022-07-21 13:00:00+09:00,4130.0,4140.0,4125.0,4140.0,1400,0.0,0.0
2022-07-21 14:00:00+09:00,4145.0,4150.0,4130.0,4130.0,2600,0.0,0.0
2022-07-22 09:00:00+09:00,4110.0,4140.0,4100.0,4140.0,0,0.0,0.0
2022-07-22 10:00:00+09:00,4130.0,4130.0,4125.0,4125.0,5900,0.0,0.0
2022-07-22 11:00:00+09:00,4120.0,4125.0,4120.0,4125.0,0,0.0,0.0
2022-07-22 12:00:00+09:00,4120.0,4150.0,4120.0,4145.0,8800,0.0,0.0
2022-07-22 13:00:00+09:00,4140.0,4145.0,4135.0,4145.0,1300,0.0,0.0
2022-07-22 14:00:00+09:00,4145.0,4150.0,4145.0,4145.0,2800,0.0,0.0
2022-07-25 09:00:00+09:00,4135.0,4145.0,4130.0,4135.0,0,0.0,0.0
2022-07-25 10:00:00+09:00,4140.0,4140.0,4125.0,4125.0,400,0.0,0.0
2022-07-25 11:00:00+09:00,4130.0,4130.0,4130.0,4130.0,0,0.0,0.0
2022-07-25 12:00:00+09:00,4135.0,4150.0,4135.0,4150.0,7700,0.0,0.0
2022-07-25 13:00:00+09:00,4150.0,4155.0,4145.0,4145.0,1100,0.0,0.0
2022-07-25 14:00:00+09:00,4145.0,4145.0,4125.0,4130.0,2900,0.0,0.0
2022-07-26 09:00:00+09:00,4120.0,4130.0,4105.0,4110.0,3200,0.0,0.0
2022-07-26 10:00:00+09:00,4110.0,4115.0,4100.0,4100.0,1700,0.0,0.0
2022-07-26 11:00:00+09:00,4100.0,4105.0,4100.0,4105.0,0,0.0,0.0
2022-07-26 12:00:00+09:00,4105.0,4105.0,4090.0,4090.0,6500,0.0,0.0
2022-07-26 13:00:00+09:00,4090.0,4090.0,4080.0,4080.0,800,0.0,0.0
2022-07-26 14:00:00+09:00,4080.0,4080.0,4055.0,4060.0,3200,0.0,0.0
2022-07-27 09:00:00+09:00,4045.0,4065.0,4035.0,4045.0,2900,0.0,0.0
2022-07-27 10:00:00+09:00,4040.0,4065.0,4040.0,4060.0,1900,0.0,0.0
2022-07-27 11:00:00+09:00,4065.0,4065.0,4045.0,4055.0,0,0.0,0.0
2022-07-27 12:00:00+09:00,4060.0,4060.0,4050.0,4050.0,5900,0.0,0.0
2022-07-27 13:00:00+09:00,4045.0,4060.0,4040.0,4060.0,2400,0.0,0.0
2022-07-27 14:00:00+09:00,4055.0,4070.0,4055.0,4065.0,1700,0.0,0.0
2022-07-28 09:00:00+09:00,4095.0,4095.0,4065.0,4065.0,1100,0.0,0.0
2022-07-28 10:00:00+09:00,4070.0,4080.0,4070.0,4080.0,600,0.0,0.0
2022-07-28 11:00:00+09:00,4075.0,4075.0,4075.0,4075.0,0,0.0,0.0
2022-07-28 12:00:00+09:00,4075.0,4090.0,4075.0,4090.0,2100,0.0,0.0
2022-07-28 13:00:00+09:00,4090.0,4090.0,4080.0,4085.0,800,0.0,0.0
2022-07-28 14:00:00+09:00,4095.0,4145.0,4095.0,4125.0,9800,0.0,0.0
2022-07-29 09:00:00+09:00,4130.0,4130.0,4080.0,4085.0,1700,0.0,0.0
2022-07-29 10:00:00+09:00,4075.0,4090.0,4075.0,4080.0,600,0.0,0.0
2022-07-29 11:00:00+09:00,4090.0,4090.0,4090.0,4090.0,0,0.0,0.0
2022-07-29 12:00:00+09:00,4080.0,4095.0,4080.0,4090.0,4100,0.0,0.0
2022-07-29 13:00:00+09:00,4085.0,4095.0,4075.0,4075.0,3600,0.0,0.0
2022-07-29 14:00:00+09:00,4070.0,4070.0,4050.0,4050.0,1900,0.0,0.0
2022-08-01 09:00:00+09:00,4055.0,4080.0,4055.0,4080.0,0,0.0,0.0
2022-08-01 10:00:00+09:00,4085.0,4090.0,4075.0,4080.0,1900,0.0,0.0
2022-08-01 11:00:00+09:00,4075.0,4085.0,4075.0,4085.0,0,0.0,0.0
2022-08-01 12:00:00+09:00,4050.0,4075.0,4040.0,4040.0,14000,0.0,0.0
2022-08-01 13:00:00+09:00,4045.0,4050.0,4040.0,4040.0,2500,0.0,0.0
2022-08-01 14:00:00+09:00,4040.0,4055.0,4030.0,4055.0,5800,0.0,0.0
2022-08-02 09:00:00+09:00,4055.0,4055.0,3975.0,3975.0,6300,0.0,0.0
2022-08-02 10:00:00+09:00,3970.0,3980.0,3960.0,3980.0,2200,0.0,0.0
2022-08-02 11:00:00+09:00,3980.0,3980.0,3970.0,3980.0,0,0.0,0.0
2022-08-02 12:00:00+09:00,3980.0,3985.0,3975.0,3980.0,11700,0.0,0.0
2022-08-02 13:00:00+09:00,3980.0,3980.0,3960.0,3970.0,3200,0.0,0.0
2022-08-02 14:00:00+09:00,3970.0,3975.0,3950.0,3970.0,5100,0.0,0.0
2022-08-03 09:00:00+09:00,3975.0,4000.0,3975.0,3985.0,3400,0.0,0.0
2022-08-03 10:00:00+09:00,3985.0,3985.0,3970.0,3970.0,1100,0.0,0.0
2022-08-03 11:00:00+09:00,3970.0,3970.0,3965.0,3965.0,0,0.0,0.0
2022-08-03 12:00:00+09:00,3955.0,3970.0,3955.0,3965.0,8600,0.0,0.0
2022-08-03 13:00:00+09:00,3965.0,3965.0,3955.0,3955.0,1900,0.0,0.0
2022-08-03 14:00:00+09:00,3960.0,3965.0,3960.0,3960.0,1400,0.0,0.0
2022-08-04 09:00:00+09:00,3970.0,3970.0,3950.0,3950.0,2900,0.0,0.0
2022-08-04 10:00:00+09:00,3945.0,3955.0,3940.0,3945.0,2500,0.0,0.0
2022-08-04 11:00:00+09:00,3945.0,3950.0,3945.0,3950.0,0,0.0,0.0
2022-08-04 12:00:00+09:00,3940.0,3960.0,3940.0,3960.0,7400,0.0,0.0
2022-08-04 13:00:00+09:00,3965.0,3970.0,3960.0,3960.0,1300,0.0,0.0
2022-08-04 14:00:00+09:00,3955.0,3955.0,3945.0,3945.0,1400,0.0,0.0
2022-08-05 09:00:00+09:00,3940.0,3975.0,3940.0,3970.0,2500,0.0,0.0
2022-08-05 10:00:00+09:00,3975.0,3985.0,3970.0,3975.0,1900,0.0,0.0
2022-08-05 11:00:00+09:00,3975.0,3975.0,3975.0,3975.0,0,0.0,0.0
2022-08-05 12:00:00+09:00,3965.0,3985.0,3965.0,3985.0,7100,0.0,0.0
2022-08-05 13:00:00+09:00,3980.0,3980.0,3970.0,3970.0,1200,0.0,0.0
2022-08-05 14:00:00+09:00,3980.0,3990.0,3980.0,3985.0,2100,0.0,0.0
2022-08-08 09:00:00+09:00,3965.0,3970.0,3960.0,3960.0,0,0.0,0.0
2022-08-08 10:00:00+09:00,3955.0,3955.0,3940.0,3940.0,1400,0.0,0.0
2022-08-08 11:00:00+09:00,3940.0,3945.0,3935.0,3940.0,0,0.0,0.0
2022-08-08 12:00:00+09:00,3935.0,3935.0,3920.0,3920.0,8400,0.0,0.0
2022-08-08 13:00:00+09:00,3920.0,3920.0,3910.0,3915.0,3000,0.0,0.0
2022-08-08 14:00:00+09:00,3910.0,3910.0,3900.0,3900.0,4200,0.0,0.0
2022-08-09 09:00:00+09:00,3900.0,3935.0,3900.0,3915.0,3300,0.0,0.0
2022-08-09 10:00:00+09:00,3910.0,3910.0,3905.0,3905.0,400,0.0,0.0
2022-08-09 11:00:00+09:00,3905.0,3905.0,3905.0,3905.0,0,0.0,0.0
2022-08-09 12:00:00+09:00,3900.0,3900.0,3875.0,3875.0,5900,0.0,0.0
2022-08-09 13:00:00+09:00,3880.0,3880.0,3850.0,3855.0,5000,0.0,0.0
2022-08-09 14:00:00+09:00,3855.0,3870.0,3855.0,3855.0,3300,0.0,0.0
2022-08-10 09:00:00+09:00,3840.0,3875.0,3840.0,3875.0,3300,0.0,0.0
2022-08-10 10:00:00+09:00,3875.0,3880.0,3870.0,3870.0,700,0.0,0.0
2022-08-10 11:00:00+09:00,3880.0,3885.0,3880.0,3880.0,0,0.0,0.0
2022-08-10 12:00:00+09:00,3890.0,3890.0,3890.0,3890.0,5300,0.0,0.0
2022-08-10 13:00:00+09:00,3880.0,3880.0,3875.0,3875.0,200,0.0,0.0
2022-08-10 14:00:00+09:00,3885.0,3900.0,3885.0,3885.0,4500,0.0,0.0
2022-08-12 09:00:00+09:00,3950.0,3950.0,3915.0,3945.0,0,0.0,0.0
2022-08-12 10:00:00+09:00,3945.0,3945.0,3940.0,3940.0,1300,0.0,0.0
2022-08-12 11:00:00+09:00,3940.0,3940.0,3930.0,3930.0,0,0.0,0.0
2022-08-12 12:00:00+09:00,3930.0,3930.0,3930.0,3930.0,10700,0.0,0.0
2022-08-12 13:00:00+09:00,3930.0,3930.0,3925.0,3930.0,500,0.0,0.0
2022-08-12 14:00:00+09:00,3935.0,3940.0,3930.0,3930.0,3200,0.0,0.0
2022-08-15 09:00:00+09:00,3925.0,3925.0,3915.0,3915.0,0,0.0,0.0
2022-08-15 10:00:00+09:00,3915.0,3915.0,3905.0,3905.0,1900,0.0,0.0
2022-08-15 11:00:00+09:00,3905.0,3910.0,3905.0,3910.0,0,0.0,0.0
2022-08-15 12:00:00+09:00,3900.0,3910.0,3900.0,3900.0,5100,0.0,0.0
2022-08-15 13:00:00+09:00,3900.0,3905.0,3890.0,3900.0,2900,0.0,0.0
2022-08-15 14:00:00+09:00,3905.0,3915.0,3900.0,3915.0,1500,0.0,0.0
2022-08-16 09:00:00+09:00,3915.0,3920.0,3900.0,3905.0,2700,0.0,0.0
2022-08-16 10:00:00+09:00,3900.0,3915.0,3900.0,3915.0,1200,0.0,0.0
2022-08-16 11:00:00+09:00,3920.0,3920.0,3920.0,3920.0,0,0.0,0.0
2022-08-16 12:00:00+09:00,3930.0,3935.0,3915.0,3915.0,5200,0.0,0.0
2022-08-16 13:00:00+09:00,3920.0,3920.0,3920.0,3920.0,300,0.0,0.0
2022-08-16 14:00:00+09:00,3925.0,3935.0,3915.0,3930.0,3000,0.0,0.0
2022-08-17 09:00:00+09:00,3945.0,3945.0,3925.0,3930.0,2400,0.0,0.0
2022-08-17 10:00:00+09:00,3925.0,3930.0,3925.0,3930.0,500,0.0,0.0
2022-08-17 11:00:00+09:00,3925.0,3925.0,3920.0,3925.0,0,0.0,0.0
2022-08-17 12:00:00+09:00,3930.0,3935.0,3930.0,3935.0,4700,0.0,0.0
2022-08-17 13:00:00+09:00,3940.0,3945.0,3940.0,3945.0,900,0.0,0.0
2022-08-17 14:00:00+09:00,3945.0,3945.0,3930.0,3930.0,4100,0.0,0.0
2022-08-18 09:00:00+09:00,3915.0,3930.0,3910.0,3910.0,2800,0.0,0.0
2022-08-18 10:00:00+09:00,3915.0,3915.0,3900.0,3905.0,1200,0.0,0.0
2022-08-18 11:00:00+09:00,3910.0,3910.0,3910.0,3910.0,0,0.0,0.0
2022-08-18 12:00:00+09:00,3900.0,3900.0,3895.0,3900.0,0,0.0,0.0
2022-08-18 13:00:00+09:00,3895.0,3895.0,3890.0,3890.0,6600,0.0,0.0
2022-08-18 14:00:00+09:00,3895.0,3900.0,3895.0,3895.0,1600,0.0,0.0
2022-08-19 09:00:00+09:00,3920.0,3920.0,3895.0,3910.0,0,0.0,0.0
2022-08-19 10:00:00+09:00,3910.0,3910.0,3910.0,3910.0,1900,0.0,0.0
2022-08-19 11:00:00+09:00,3910.0,3910.0,3910.0,3910.0,0,0.0,0.0
2022-08-19 12:00:00+09:00,3910.0,3915.0,3910.0,3910.0,3100,0.0,0.0
2022-08-19 13:00:00+09:00,3910.0,3910.0,3910.0,3910.0,200,0.0,0.0
2022-08-19 14:00:00+09:00,3905.0,3910.0,3900.0,3910.0,1300,0.0,0.0
2022-08-22 09:00:00+09:00,3895.0,3895.0,3875.0,3890.0,2500,0.0,0.0
2022-08-22 10:00:00+09:00,3890.0,3890.0,3890.0,3890.0,0,0.0,0.0
2022-08-22 11:00:00+09:00,3895.0,3895.0,3895.0,3895.0,0,0.0,0.0
2022-08-22 12:00:00+09:00,3900.0,3900.0,3895.0,3895.0,3900,0.0,0.0
2022-08-22 13:00:00+09:00,3905.0,3905.0,3900.0,3900.0,800,0.0,0.0
2022-08-22 14:00:00+09:00,3890.0,3900.0,3885.0,3900.0,3600,0.0,0.0
2022-08-23 09:00:00+09:00,3905.0,3905.0,3875.0,3875.0,2300,0.0,0.0
2022-08-23 10:00:00+09:00,3875.0,3895.0,3870.0,3885.0,1300,0.0,0.0
2022-08-23 11:00:00+09:00,3890.0,3890.0,3890.0,3890.0,0,0.0,0.0
2022-08-23 12:00:00+09:00,3910.0,3910.0,3905.0,3905.0,4400,0.0,0.0
2022-08-23 13:00:00+09:00,3900.0,3905.0,3900.0,3905.0,600,0.0,0.0
2022-08-23 14:00:00+09:00,3900.0,3900.0,3895.0,3900.0,2000,0.0,0.0
2022-08-24 09:00:00+09:00,3915.0,3915.0,3895.0,3905.0,2000,0.0,0.0
2022-08-24 11:00:00+09:00,3905.0,3910.0,3905.0,3910.0,0,0.0,0.0
2022-08-24 12:00:00+09:00,3895.0,3900.0,3895.0,3900.0,2800,0.0,0.0
2022-08-24 13:00:00+09:00,3900.0,3905.0,3895.0,3895.0,1800,0.0,0.0
2022-08-24 14:00:00+09:00,3895.0,3895.0,3885.0,3890.0,3500,0.0,0.0
2022-08-25 09:00:00+09:00,3885.0,3895.0,3885.0,3890.0,3600,0.0,0.0
2022-08-25 11:00:00+09:00,3890.0,3890.0,3890.0,3890.0,0,0.0,0.0
2022-08-25 12:00:00+09:00,3895.0,3895.0,3880.0,3880.0,5200,0.0,0.0
2022-08-25 13:00:00+09:00,3885.0,3890.0,3885.0,3890.0,400,0.0,0.0
2022-08-25 14:00:00+09:00,3890.0,3895.0,3890.0,3890.0,600,0.0,0.0
2022-08-26 09:00:00+09:00,3895.0,3895.0,3880.0,3890.0,0,0.0,0.0
2022-08-26 11:00:00+09:00,3890.0,3890.0,3890.0,3890.0,0,0.0,0.0
2022-08-26 12:00:00+09:00,3880.0,3880.0,3880.0,3880.0,1900,0.0,0.0
2022-08-26 13:00:00+09:00,3880.0,3880.0,3865.0,3865.0,1900,0.0,0.0
2022-08-26 14:00:00+09:00,3865.0,3865.0,3850.0,3855.0,3400,0.0,0.0
2022-08-29 09:00:00+09:00,3840.0,3840.0,3810.0,3810.0,7600,0.0,0.0
2022-08-29 10:00:00+09:00,3820.0,3820.0,3810.0,3820.0,2400,0.0,0.0
2022-08-29 11:00:00+09:00,3815.0,3825.0,3815.0,3825.0,0,0.0,0.0
2022-08-29 12:00:00+09:00,3825.0,3825.0,3815.0,3825.0,12000,0.0,0.0
2022-08-29 13:00:00+09:00,3830.0,3830.0,3825.0,3825.0,1000,0.0,0.0
2022-08-29 14:00:00+09:00,3830.0,3830.0,3815.0,3815.0,3100,0.0,0.0
2022-08-30 09:00:00+09:00,3825.0,3845.0,3820.0,3835.0,0,0.0,0.0
2022-08-30 10:00:00+09:00,3840.0,3845.0,3835.0,3835.0,2900,0.0,0.0
2022-08-30 11:00:00+09:00,3845.0,3845.0,3840.0,3845.0,0,0.0,0.0
2022-08-30 12:00:00+09:00,3845.0,3845.0,3840.0,3840.0,3900,0.0,0.0
2022-08-30 13:00:00+09:00,3840.0,3850.0,3840.0,3850.0,2100,0.0,0.0
2022-08-30 14:00:00+09:00,3855.0,3860.0,3855.0,3860.0,1100,0.0,0.0
2022-08-31 09:00:00+09:00,3840.0,3850.0,3825.0,3840.0,3300,0.0,0.0
2022-08-31 10:00:00+09:00,3840.0,3840.0,3825.0,3825.0,2600,0.0,0.0
2022-08-31 11:00:00+09:00,3825.0,3840.0,3820.0,3840.0,0,0.0,0.0
2022-08-31 12:00:00+09:00,3840.0,3840.0,3830.0,3830.0,8100,0.0,0.0
2022-08-31 13:00:00+09:00,3840.0,3845.0,3840.0,3840.0,1100,0.0,0.0
2022-08-31 14:00:00+09:00,3840.0,3840.0,3820.0,3835.0,4300,0.0,0.0
2022-09-01 09:00:00+09:00,3825.0,3835.0,3815.0,3815.0,3700,0.0,0.0
2022-09-01 10:00:00+09:00,3815.0,3815.0,3800.0,3805.0,4300,0.0,0.0
2022-09-01 11:00:00+09:00,3805.0,3810.0,3805.0,3810.0,0,0.0,0.0
2022-09-01 12:00:00+09:00,3805.0,3805.0,3805.0,3805.0,9700,0.0,0.0
2022-09-01 13:00:00+09:00,3800.0,3800.0,3780.0,3780.0,5400,0.0,0.0
2022-09-01 14:00:00+09:00,3775.0,3780.0,3770.0,3770.0,2300,0.0,0.0
2022-09-02 09:00:00+09:00,3770.0,3770.0,3735.0,3735.0,4400,0.0,0.0
2022-09-02 10:00:00+09:00,3740.0,3740.0,3720.0,3730.0,3200,0.0,0.0
2022-09-02 11:00:00+09:00,3725.0,3730.0,3720.0,3730.0,0,0.0,0.0
2022-09-02 12:00:00+09:00,3730.0,3740.0,3730.0,3740.0,11000,0.0,0.0
2022-09-02 13:00:00+09:00,3730.0,3740.0,3730.0,3735.0,1500,0.0,0.0
2022-09-02 14:00:00+09:00,3735.0,3735.0,3725.0,3735.0,1800,0.0,0.0
2022-09-05 09:00:00+09:00,3720.0,3720.0,3710.0,3720.0,3900,0.0,0.0
2022-09-05 10:00:00+09:00,3730.0,3740.0,3730.0,3735.0,1400,0.0,0.0
2022-09-05 11:00:00+09:00,3735.0,3735.0,3735.0,3735.0,0,0.0,0.0
2022-09-05 12:00:00+09:00,3735.0,3735.0,3735.0,3735.0,6100,0.0,0.0
2022-09-05 13:00:00+09:00,3740.0,3740.0,3730.0,3730.0,200,0.0,0.0
2022-09-05 14:00:00+09:00,3735.0,3735.0,3730.0,3735.0,1800,0.0,0.0
2022-09-06 09:00:00+09:00,3745.0,3785.0,3745.0,3780.0,4000,0.0,0.0
2022-09-06 10:00:00+09:00,3770.0,3770.0,3745.0,3745.0,1100,0.0,0.0
2022-09-06 11:00:00+09:00,3735.0,3740.0,3735.0,3735.0,0,0.0,0.0
2022-09-06 12:00:00+09:00,3735.0,3745.0,3730.0,3730.0,7400,0.0,0.0
2022-09-06 13:00:00+09:00,3730.0,3730.0,3720.0,3720.0,900,0.0,0.0
2022-09-06 14:00:00+09:00,3720.0,3750.0,3720.0,3740.0,5400,0.0,0.0
2022-09-07 09:00:00+09:00,3760.0,3760.0,3700.0,3700.0,5500,0.0,0.0
2022-09-07 10:00:00+09:00,3700.0,3710.0,3700.0,3700.0,1500,0.0,0.0
2022-09-07 11:00:00+09:00,3700.0,3710.0,3700.0,3710.0,0,0.0,0.0
2022-09-07 12:00:00+09:00,3720.0,3720.0,3700.0,3710.0,9200,0.0,0.0
2022-09-07 13:00:00+09:00,3705.0,3710.0,3705.0,3705.0,600,0.0,0.0
2022-09-07 14:00:00+09:00,3715.0,3725.0,3710.0,3710.0,3500,0.0,0.0
2022-09-08 09:00:00+09:00,3705.0,3740.0,3705.0,3725.0,3700,0.0,0.0
2022-09-08 10:00:00+09:00,3730.0,3745.0,3730.0,3745.0,2300,0.0,0.0
2022-09-08 11:00:00+09:00,3740.0,3750.0,3740.0,3740.0,0,0.0,0.0
2022-09-08 12:00:00+09:00,3745.0,3745.0,3740.0,3740.0,6900,0.0,0.0
2022-09-08 13:00:00+09:00,3745.0,3745.0,3735.0,3740.0,1300,0.0,0.0
2022-09-08 14:00:00+09:00,3730.0,3750.0,3730.0,3750.0,1800,0.0,0.0
2022-09-09 09:00:00+09:00,3730.0,3775.0,3730.0,3765.0,11400,0.0,0.0
2022-09-09 10:00:00+09:00,3765.0,3775.0,3765.0,3770.0,700,0.0,0.0
2022-09-09 11:00:00+09:00,3775.0,3780.0,3775.0,3780.0,0,0.0,0.0
2022-09-09 12:00:00+09:00,3785.0,3785.0,3780.0,3780.0,14200,0.0,0.0
2022-09-09 13:00:00+09:00,3780.0,3780.0,3770.0,3780.0,400,0.0,0.0
2022-09-09 14:00:00+09:00,3780.0,3780.0,3765.0,3770.0,3900,0.0,0.0
2022-09-12 09:00:00+09:00,3795.0,3810.0,3765.0,3765.0,6900,0.0,0.0
2022-09-12 10:00:00+09:00,3760.0,3760.0,3745.0,3755.0,1800,0.0,0.0
2022-09-12 11:00:00+09:00,3755.0,3760.0,3745.0,3760.0,0,0.0,0.0
2022-09-12 12:00:00+09:00,3770.0,3770.0,3770.0,3770.0,11500,0.0,0.0
2022-09-12 13:00:00+09:00,3770.0,3770.0,3760.0,3760.0,1100,0.0,0.0
2022-09-12 14:00:00+09:00,3760.0,3760.0,3750.0,3755.0,1300,0.0,0.0
2022-09-13 09:00:00+09:00,3765.0,3775.0,3755.0,3775.0,0,0.0,0.0
2022-09-13 10:00:00+09:00,3775.0,3780.0,3775.0,3780.0,3100,0.0,0.0
2022-09-13 11:00:00+09:00,3775.0,3775.0,3770.0,3775.0,0,0.0,0.0
2022-09-13 12:00:00+09:00,3785.0,3785.0,3775.0,3775.0,4500,0.0,0.0
2022-09-13 13:00:00+09:00,3770.0,3775.0,3770.0,3775.0,1700,0.0,0.0
2022-09-13 14:00:00+09:00,3775.0,3785.0,3775.0,3780.0,1600,0.0,0.0
2022-09-14 09:00:00+09:00,3770.0,3770.0,3750.0,3770.0,3400,0.0,0.0
2022-09-14 10:00:00+09:00,3760.0,3770.0,3760.0,3760.0,800,0.0,0.0
2022-09-14 11:00:00+09:00,3765.0,3775.0,3765.0,3775.0,0,0.0,0.0
2022-09-14 12:00:00+09:00,3780.0,3780.0,3765.0,3765.0,7400,0.0,0.0
2022-09-14 13:00:00+09:00,3765.0,3765.0,3755.0,3765.0,1900,0.0,0.0
2022-09-14 14:00:00+09:00,3765.0,3775.0,3765.0,3765.0,2800,0.0,0.0
2022-09-15 09:00:00+09:00,3765.0,3770.0,3760.0,3770.0,2900,0.0,0.0
2022-09-15 10:00:00+09:00,3785.0,3790.0,3770.0,3775.0,900,0.0,0.0
2022-09-15 11:00:00+09:00,3780.0,3785.0,3780.0,3785.0,0,0.0,0.0
2022-09-15 12:00:00+09:00,3775.0,3775.0,3765.0,3765.0,4800,0.0,0.0
2022-09-15 13:00:00+09:00,3780.0,3785.0,3780.0,3780.0,700,0.0,0.0
2022-09-15 14:00:00+09:00,3790.0,3790.0,3780.0,3780.0,1700,0.0,0.0
2022-09-16 09:00:00+09:00,3800.0,3820.0,3790.0,3810.0,6300,0.0,0.0
2022-09-16 10:00:00+09:00,3815.0,3825.0,3810.0,3825.0,2500,0.0,0.0
2022-09-16 11:00:00+09:00,3825.0,3825.0,3815.0,3815.0,0,0.0,0.0
2022-09-16 12:00:00+09:00,3815.0,3825.0,3815.0,3825.0,12200,0.0,0.0
2022-09-16 13:00:00+09:00,3825.0,3840.0,3825.0,3835.0,2100,0.0,0.0
2022-09-16 14:00:00+09:00,3825.0,3830.0,3810.0,3810.0,2000,0.0,0.0
2022-09-20 09:00:00+09:00,3845.0,3845.0,3830.0,3830.0,6800,0.0,0.0
2022-09-20 10:00:00+09:00,3830.0,3845.0,3830.0,3840.0,2000,0.0,0.0
2022-09-20 11:00:00+09:00,3835.0,3835.0,3820.0,3820.0,0,0.0,0.0
2022-09-20 12:00:00+09:00,3825.0,3830.0,3820.0,3830.0,12100,0.0,0.0
2022-09-20 13:00:00+09:00,3825.0,3830.0,3825.0,3825.0,500,0.0,0.0
2022-09-20 14:00:00+09:00,3830.0,3835.0,3825.0,3835.0,1300,0.0,0.0
2022-09-21 09:00:00+09:00,3850.0,3850.0,3820.0,3825.0,17000,0.0,0.0
2022-09-21 10:00:00+09:00,3815.0,3815.0,3800.0,3805.0,2200,0.0,0.0
2022-09-21 11:00:00+09:00,3810.0,3810.0,3800.0,3805.0,0,0.0,0.0
2022-09-21 12:00:00+09:00,3805.0,3815.0,3800.0,3810.0,25400,0.0,0.0
2022-09-21 13:00:00+09:00,3810.0,3815.0,3810.0,3815.0,300,0.0,0.0
2022-09-21 14:00:00+09:00,3815.0,3820.0,3810.0,3810.0,2400,0.0,0.0
2022-09-22 09:00:00+09:00,3800.0,3800.0,3755.0,3760.0,13200,0.0,0.0
2022-09-22 10:00:00+09:00,3760.0,3765.0,3755.0,3760.0,2000,0.0,0.0
2022-09-22 11:00:00+09:00,3765.0,3780.0,3765.0,3780.0,0,0.0,0.0
2022-09-22 12:00:00+09:00,3770.0,3780.0,3770.0,3780.0,21200,0.0,0.0
2022-09-22 13:00:00+09:00,3780.0,3785.0,3770.0,3770.0,1300,0.0,0.0
2022-09-22 14:00:00+09:00,3765.0,3770.0,3755.0,3770.0,4200,0.0,0.0
2022-09-26 09:00:00+09:00,3760.0,3775.0,3760.0,3770.0,21200,0.0,0.0
2022-09-26 10:00:00+09:00,3775.0,3795.0,3775.0,3790.0,3900,0.0,0.0
2022-09-26 11:00:00+09:00,3785.0,3785.0,3775.0,3775.0,0,0.0,0.0
2022-09-26 12:00:00+09:00,3765.0,3775.0,3765.0,3775.0,29300,0.0,0.0
2022-09-26 13:00:00+09:00,3775.0,3775.0,3760.0,3765.0,2700,0.0,0.0
2022-09-26 14:00:00+09:00,3765.0,3765.0,3755.0,3765.0,2600,0.0,0.0
2022-09-27 09:00:00+09:00,3765.0,3780.0,3755.0,3770.0,22800,0.0,0.0
2022-09-27 10:00:00+09:00,3770.0,3790.0,3770.0,3790.0,1700,0.0,0.0
2022-09-27 11:00:00+09:00,3790.0,3795.0,3790.0,3795.0,0,0.0,0.0
2022-09-27 12:00:00+09:00,3800.0,3815.0,3795.0,3805.0,32100,0.0,0.0
2022-09-27 13:00:00+09:00,3810.0,3810.0,3790.0,3790.0,2300,0.0,0.0
2022-09-27 14:00:00+09:00,3790.0,3805.0,3785.0,3805.0,3500,0.0,0.0
2022-09-28 09:00:00+09:00,3780.0,3780.0,3735.0,3750.0,97500,0.0,0.0
2022-09-28 10:00:00+09:00,3755.0,3755.0,3740.0,3750.0,5200,0.0,0.0
2022-09-28 11:00:00+09:00,3755.0,3755.0,3735.0,3750.0,0,0.0,0.0
2022-09-28 12:00:00+09:00,3750.0,3765.0,3750.0,3760.0,120300,0.0,0.0
2022-09-28 13:00:00+09:00,3765.0,3765.0,3745.0,3755.0,4800,0.0,0.0
2022-09-28 14:00:00+09:00,3750.0,3780.0,3740.0,3780.0,6000,0.0,0.0
2022-09-29 09:00:00+09:00,3770.0,3775.0,3750.0,3775.0,30100,0.0,0.0
2022-09-29 10:00:00+09:00,3775.0,3795.0,3775.0,3790.0,4700,0.0,0.0
2022-09-29 11:00:00+09:00,3795.0,3815.0,3795.0,3815.0,0,0.0,0.0
2022-09-29 12:00:00+09:00,3815.0,3820.0,3815.0,3815.0,42200,0.0,0.0
2022-09-29 13:00:00+09:00,3815.0,3830.0,3810.0,3825.0,3900,0.0,0.0
2022-09-29 14:00:00+09:00,3820.0,3820.0,3805.0,3810.0,5500,0.0,0.0
2022-09-30 09:00:00+09:00,3820.0,3860.0,3815.0,3850.0,11000,0.0,0.0
2022-09-30 10:00:00+09:00,3860.0,3875.0,3850.0,3850.0,4300,0.0,0.0
2022-09-30 11:00:00+09:00,3840.0,3845.0,3835.0,3835.0,0,0.0,0.0
2022-09-30 12:00:00+09:00,3835.0,3840.0,3825.0,3825.0,17600,0.0,0.0
2022-09-30 13:00:00+09:00,3830.0,3855.0,3830.0,3850.0,3100,0.0,0.0
2022-09-30 14:00:00+09:00,3850.0,3860.0,3830.0,3830.0,5400,0.0,0.0
2022-10-03 09:00:00+09:00,3815.0,3815.0,3755.0,3755.0,5500,0.0,0.0
2022-10-03 10:00:00+09:00,3755.0,3775.0,3755.0,3770.0,2500,0.0,0.0
2022-10-03 11:00:00+09:00,3780.0,3790.0,3780.0,3790.0,0,0.0,0.0
2022-10-03 12:00:00+09:00,3790.0,3805.0,3785.0,3805.0,12200,0.0,0.0
2022-10-03 13:00:00+09:00,3800.0,3815.0,3795.0,3815.0,2500,0.0,0.0
2022-10-03 14:00:00+09:00,3825.0,3830.0,3805.0,3825.0,4800,0.0,0.0
2022-10-04 09:00:00+09:00,3845.0,3865.0,3845.0,3860.0,6600,0.0,0.0
2022-10-04 10:00:00+09:00,3855.0,3855.0,3835.0,3840.0,1500,0.0,0.0
2022-10-04 11:00:00+09:00,3845.0,3850.0,3845.0,3845.0,0,0.0,0.0
2022-10-04 12:00:00+09:00,3835.0,3870.0,3835.0,3865.0,12800,0.0,0.0
2022-10-04 13:00:00+09:00,3870.0,3885.0,3870.0,3880.0,4300,0.0,0.0
2022-10-04 14:00:00+09:00,3875.0,3875.0,3860.0,3860.0,4600,0.0,0.0
2022-10-05 09:00:00+09:00,3885.0,3910.0,3875.0,3905.0,8200,0.0,0.0
2022-10-05 10:00:00+09:00,3905.0,3915.0,3890.0,3890.0,4800,0.0,0.0
2022-10-05 11:00:00+09:00,3890.0,3890.0,3890.0,3890.0,0,0.0,0.0
2022-10-05 12:00:00+09:00,3890.0,3915.0,3890.0,3910.0,17100,0.0,0.0
2022-10-05 13:00:00+09:00,3910.0,3910.0,3895.0,3905.0,3100,0.0,0.0
2022-10-05 14:00:00+09:00,3905.0,3905.0,3900.0,3900.0,1100,0.0,0.0
2022-10-06 09:00:00+09:00,3945.0,3975.0,3940.0,3960.0,10000,0.0,0.0
2022-10-06 10:00:00+09:00,3960.0,3980.0,3960.0,3970.0,4500,0.0,0.0
2022-10-06 11:00:00+09:00,3970.0,3985.0,3970.0,3980.0,0,0.0,0.0
2022-10-06 12:00:00+09:00,3980.0,3980.0,3965.0,3975.0,19000,0.0,0.0
2022-10-06 13:00:00+09:00,3975.0,3980.0,3975.0,3975.0,2300,0.0,0.0
2022-10-06 14:00:00+09:00,3975.0,3980.0,3970.0,3970.0,3400,0.0,0.0
2022-10-07 09:00:00+09:00,3960.0,4005.0,3960.0,3990.0,8300,0.0,0.0
2022-10-07 10:00:00+09:00,3985.0,4010.0,3985.0,4010.0,5200,0.0,0.0
2022-10-07 11:00:00+09:00,4005.0,4010.0,4000.0,4010.0,0,0.0,0.0
2022-10-07 12:00:00+09:00,3995.0,3995.0,3980.0,3985.0,17200,0.0,0.0
2022-10-07 13:00:00+09:00,3985.0,4000.0,3985.0,3990.0,2100,0.0,0.0
2022-10-07 14:00:00+09:00,3990.0,3995.0,3980.0,3995.0,2700,0.0,0.0
2022-10-11 09:00:00+09:00,3975.0,4005.0,3940.0,3945.0,0,0.0,0.0
2022-10-11 10:00:00+09:00,3945.0,3960.0,3935.0,3940.0,4700,0.0,0.0
2022-10-11 11:00:00+09:00,3945.0,3955.0,3945.0,3955.0,0,0.0,0.0
2022-10-11 12:00:00+09:00,3955.0,3955.0,3945.0,3950.0,17200,0.0,0.0
2022-10-11 13:00:00+09:00,3950.0,3960.0,3950.0,3955.0,3200,0.0,0.0
2022-10-11 14:00:00+09:00,3955.0,3980.0,3955.0,3965.0,5600,0.0,0.0
2022-10-12 09:00:00+09:00,3945.0,3955.0,3940.0,3945.0,3400,0.0,0.0
2022-10-12 10:00:00+09:00,3950.0,3975.0,3950.0,3970.0,2800,0.0,0.0
2022-10-12 11:00:00+09:00,3970.0,3975.0,3965.0,3975.0,0,0.0,0.0
2022-10-12 12:00:00+09:00,3960.0,3975.0,3960.0,3965.0,8000,0.0,0.0
2022-10-12 13:00:00+09:00,3975.0,3975.0,3955.0,3970.0,3400,0.0,0.0
2022-10-12 14:00:00+09:00,3970.0,3995.0,3970.0,3990.0,7500,0.0,0.0
2022-10-13 09:00:00+09:00,3935.0,3995.0,3920.0,3935.0,3700,0.0,0.0
2022-10-13 10:00:00+09:00,3930.0,3945.0,3930.0,3930.0,2700,0.0,0.0
2022-10-13 11:00:00+09:00,3930.0,3945.0,3930.0,3945.0,0,0.0,0.0
2022-10-13 12:00:00+09:00,3945.0,3945.0,3930.0,3935.0,9400,0.0,0.0
2022-10-13 13:00:00+09:00,3930.0,3930.0,3925.0,3930.0,1600,0.0,0.0
2022-10-13 14:00:00+09:00,3930.0,3935.0,3925.0,3925.0,2200,0.0,0.0
2022-10-14 09:00:00+09:00,3935.0,3995.0,3930.0,3990.0,8600,0.0,0.0
2022-10-14 10:00:00+09:00,3990.0,4020.0,3990.0,4020.0,8200,0.0,0.0
2022-10-14 11:00:00+09:00,4010.0,4010.0,4005.0,4010.0,0,0.0,0.0
2022-10-14 12:00:00+09:00,4010.0,4025.0,4010.0,4010.0,24300,0.0,0.0
2022-10-14 13:00:00+09:00,4010.0,4010.0,4005.0,4010.0,1300,0.0,0.0
2022-10-14 14:00:00+09:00,4010.0,4015.0,4005.0,4005.0,4200,0.0,0.0
2022-10-17 09:00:00+09:00,3980.0,4000.0,3980.0,3995.0,0,0.0,0.0
2022-10-17 10:00:00+09:00,3990.0,3990.0,3980.0,3980.0,1200,0.0,0.0
2022-10-17 11:00:00+09:00,3975.0,3990.0,3975.0,3990.0,0,0.0,0.0
2022-10-17 12:00:00+09:00,3980.0,3980.0,3965.0,3965.0,8300,0.0,0.0
2022-10-17 13:00:00+09:00,3965.0,3965.0,3960.0,3965.0,2300,0.0,0.0
2022-10-17 14:00:00+09:00,3965.0,3965.0,3950.0,3960.0,2300,0.0,0.0
2022-10-18 09:00:00+09:00,3985.0,4005.0,3970.0,4005.0,5400,0.0,0.0
2022-10-18 10:00:00+09:00,4000.0,4010.0,3995.0,4000.0,2000,0.0,0.0
2022-10-18 11:00:00+09:00,3995.0,4005.0,3995.0,4000.0,0,0.0,0.0
2022-10-18 12:00:00+09:00,4000.0,4000.0,4000.0,4000.0,9300,0.0,0.0
2022-10-18 13:00:00+09:00,3995.0,3995.0,3990.0,3990.0,900,0.0,0.0
2022-10-18 14:00:00+09:00,3985.0,4005.0,3985.0,3995.0,3400,0.0,0.0
2022-10-19 09:00:00+09:00,3995.0,4015.0,3980.0,4015.0,2700,0.0,0.0
2022-10-19 10:00:00+09:00,4010.0,4010.0,3995.0,3995.0,1000,0.0,0.0
2022-10-19 11:00:00+09:00,3995.0,4000.0,3990.0,4000.0,0,0.0,0.0
2022-10-19 12:00:00+09:00,4000.0,4000.0,3995.0,3995.0,5500,0.0,0.0
2022-10-19 13:00:00+09:00,4000.0,4005.0,3995.0,3995.0,800,0.0,0.0
2022-10-19 14:00:00+09:00,3995.0,4010.0,3995.0,4010.0,2800,0.0,0.0
2022-10-20 09:00:00+09:00,3995.0,4005.0,3990.0,3995.0,0,0.0,0.0
2022-10-20 10:00:00+09:00,3995.0,3995.0,3985.0,3985.0,2900,0.0,0.0
2022-10-20 11:00:00+09:00,3985.0,3985.0,3980.0,3980.0,0,0.0,0.0
2022-10-20 12:00:00+09:00,3980.0,3980.0,3975.0,3975.0,4700,0.0,0.0
2022-10-20 13:00:00+09:00,3975.0,3990.0,3975.0,3980.0,2000,0.0,0.0
2022-10-20 14:00:00+09:00,3990.0,3995.0,3985.0,3990.0,2100,0.0,0.0
2022-10-21 09:00:00+09:00,3970.0,4000.0,3970.0,3995.0,2600,0.0,0.0
2022-10-21 10:00:00+09:00,3985.0,3990.0,3970.0,3985.0,2000,0.0,0.0
2022-10-21 11:00:00+09:00,3990.0,3990.0,3985.0,3985.0,0,0.0,0.0
2022-10-21 12:00:00+09:00,3985.0,3995.0,3985.0,3995.0,6400,0.0,0.0
2022-10-21 13:00:00+09:00,3990.0,3995.0,3990.0,3995.0,600,0.0,0.0
2022-10-21 14:00:00+09:00,3990.0,3995.0,3985.0,3990.0,3000,0.0,0.0
2022-10-24 09:00:00+09:00,4000.0,4000.0,3985.0,3985.0,3400,0.0,0.0
2022-10-24 10:00:00+09:00,3980.0,3980.0,3955.0,3965.0,2400,0.0,0.0
2022-10-24 11:00:00+09:00,3970.0,3980.0,3970.0,3975.0,0,0.0,0.0
2022-10-24 12:00:00+09:00,3980.0,3990.0,3970.0,3990.0,8100,0.0,0.0
2022-10-24 13:00:00+09:00,3985.0,3995.0,3985.0,3995.0,1800,0.0,0.0
2022-10-24 14:00:00+09:00,4000.0,4000.0,3990.0,3995.0,2000,0.0,0.0
2022-10-25 09:00:00+09:00,4000.0,4000.0,3975.0,3990.0,4400,0.0,0.0
2022-10-25 10:00:00+09:00,3990.0,3995.0,3985.0,3990.0,1900,0.0,0.0
2022-10-25 11:00:00+09:00,3990.0,3990.0,3990.0,3990.0,0,0.0,0.0
2022-10-25 12:00:00+09:00,3980.0,3995.0,3980.0,3995.0,7600,0.0,0.0
2022-10-25 13:00:00+09:00,4000.0,4000.0,3990.0,3990.0,700,0.0,0.0
2022-10-25 14:00:00+09:00,3995.0,4020.0,3995.0,4015.0,5700,0.0,0.0
2022-10-26 09:00:00+09:00,4020.0,4040.0,4010.0,4030.0,6400,0.0,0.0
2022-10-26 10:00:00+09:00,4025.0,4035.0,4025.0,4025.0,800,0.0,0.0
2022-10-26 11:00:00+09:00,4025.0,4025.0,4020.0,4020.0,0,0.0,0.0
2022-10-26 12:00:00+09:00,4025.0,4025.0,4015.0,4025.0,10100,0.0,0.0
2022-10-26 13:00:00+09:00,4015.0,4025.0,4015.0,4025.0,1200,0.0,0.0
2022-10-26 14:00:00+09:00,4015.0,4015.0,4000.0,4010.0,1900,0.0,0.0
2022-10-27 09:00:00+09:00,4010.0,4010.0,3970.0,3975.0,3100,0.0,0.0
2022-10-27 10:00:00+09:00,3985.0,3995.0,3980.0,3995.0,800,0.0,0.0
2022-10-27 11:00:00+09:00,4000.0,4000.0,3990.0,3995.0,0,0.0,0.0
2022-10-27 12:00:00+09:00,4005.0,4015.0,4000.0,4015.0,6200,0.0,0.0
2022-10-27 13:00:00+09:00,4015.0,4020.0,4015.0,4015.0,1100,0.0,0.0
2022-10-27 14:00:00+09:00,4015.0,4015.0,4000.0,4010.0,1100,0.0,0.0
2022-10-28 09:00:00+09:00,4010.0,4010.0,3975.0,3980.0,4100,0.0,0.0
2022-10-28 10:00:00+09:00,3980.0,4000.0,3980.0,3990.0,1900,0.0,0.0
2022-10-28 11:00:00+09:00,3990.0,3990.0,3985.0,3985.0,0,0.0,0.0
2022-10-28 12:00:00+09:00,3985.0,4005.0,3985.0,3995.0,9800,0.0,0.0
2022-10-28 13:00:00+09:00,4000.0,4005.0,3980.0,3990.0,2900,0.0,0.0
2022-10-28 14:00:00+09:00,3990.0,4005.0,3975.0,4005.0,13600,0.0,0.0
2022-10-31 09:00:00+09:00,4010.0,4010.0,3990.0,3990.0,0,0.0,0.0
2022-10-31 10:00:00+09:00,3985.0,4015.0,3985.0,4005.0,4400,0.0,0.0
2022-10-31 11:00:00+09:00,4000.0,4010.0,4000.0,4010.0,0,0.0,0.0
2022-10-31 12:00:00+09:00,4005.0,4035.0,4005.0,4035.0,10500,0.0,0.0
2022-10-31 13:00:00+09:00,4035.0,4040.0,4025.0,4040.0,1600,0.0,0.0
2022-10-31 14:00:00+09:00,4040.0,4095.0,4040.0,4070.0,14600,0.0,0.0
2022-11-01 09:00:00+09:00,4080.0,4090.0,4050.0,4050.0,3000,0.0,0.0
2022-11-01 10:00:00+09:00,4055.0,4055.0,4035.0,4045.0,2200,0.0,0.0
2022-11-01 11:00:00+09:00,4045.0,4045.0,4045.0,4045.0,0,0.0,0.0
2022-11-01 12:00:00+09:00,4045.0,4045.0,4030.0,4040.0,6100,0.0,0.0
2022-11-01 13:00:00+09:00,4040.0,4045.0,4030.0,4030.0,1300,0.0,0.0
2022-11-01 14:00:00+09:00,4040.0,4050.0,4035.0,4035.0,3200,0.0,0.0
2022-11-02 09:00:00+09:00,4040.0,4055.0,4030.0,4040.0,1800,0.0,0.0
2022-11-02 10:00:00+09:00,4040.0,4055.0,4035.0,4035.0,3500,0.0,0.0
2022-11-02 11:00:00+09:00,4030.0,4035.0,4030.0,4030.0,0,0.0,0.0
2022-11-02 12:00:00+09:00,4020.0,4030.0,4020.0,4020.0,7800,0.0,0.0
2022-11-02 13:00:00+09:00,4020.0,4020.0,4010.0,4010.0,400,0.0,0.0
2022-11-02 14:00:00+09:00,4015.0,4015.0,3990.0,4000.0,5000,0.0,0.0
2022-11-04 09:00:00+09:00,3990.0,4000.0,3975.0,3980.0,0,0.0,0.0
2022-11-04 10:00:00+09:00,3970.0,3980.0,3955.0,3960.0,3300,0.0,0.0
2022-11-04 11:00:00+09:00,3960.0,3970.0,3960.0,3970.0,0,0.0,0.0
2022-11-04 12:00:00+09:00,3960.0,3975.0,3960.0,3970.0,7900,0.0,0.0
2022-11-04 13:00:00+09:00,3965.0,3965.0,3950.0,3950.0,3400,0.0,0.0
2022-11-04 14:00:00+09:00,3950.0,3955.0,3940.0,3945.0,5300,0.0,0.0
2022-11-07 09:00:00+09:00,3955.0,3975.0,3955.0,3970.0,0,0.0,0.0
2022-11-07 10:00:00+09:00,3970.0,3970.0,3960.0,3965.0,2800,0.0,0.0
2022-11-07 11:00:00+09:00,3960.0,3960.0,3950.0,3950.0,0,0.0,0.0
2022-11-07 12:00:00+09:00,3950.0,3955.0,3940.0,3945.0,7900,0.0,0.0
2022-11-07 13:00:00+09:00,3950.0,3960.0,3940.0,3940.0,2900,0.0,0.0
2022-11-07 14:00:00+09:00,3945.0,3945.0,3930.0,3940.0,2800,0.0,0.0
2022-11-08 09:00:00+09:00,3945.0,3960.0,3920.0,3920.0,3100,0.0,0.0
2022-11-08 10:00:00+09:00,3925.0,3930.0,3925.0,3930.0,700,0.0,0.0
2022-11-08 11:00:00+09:00,3925.0,3930.0,3925.0,3930.0,0,0.0,0.0
2022-11-08 12:00:00+09:00,3920.0,3945.0,3920.0,3940.0,6500,0.0,0.0
2022-11-08 13:00:00+09:00,3940.0,3950.0,3940.0,3945.0,1200,0.0,0.0
2022-11-08 14:00:00+09:00,3945.0,3955.0,3945.0,3950.0,2800,0.0,0.0
2022-11-09 09:00:00+09:00,3955.0,3955.0,3930.0,3945.0,1200,0.0,0.0
2022-11-09 10:00:00+09:00,3950.0,3960.0,3940.0,3960.0,1800,0.0,0.0
2022-11-09 11:00:00+09:00,3950.0,3960.0,3950.0,3960.0,0,0.0,0.0
2022-11-09 12:00:00+09:00,3960.0,3965.0,3955.0,3955.0,5200,0.0,0.0
2022-11-09 13:00:00+09:00,3950.0,3950.0,3940.0,3940.0,800,0.0,0.0
2022-11-09 14:00:00+09:00,3940.0,3955.0,3940.0,3945.0,2500,0.0,0.0
2022-11-10 09:00:00+09:00,3945.0,3945.0,3940.0,3940.0,1000,0.0,0.0
2022-11-10 10:00:00+09:00,3935.0,3940.0,3935.0,3940.0,1500,0.0,0.0
2022-11-10 11:00:00+09:00,3940.0,3940.0,3940.0,3940.0,0,0.0,0.0
2022-11-10 12:00:00+09:00,3945.0,3955.0,3940.0,3955.0,3500,0.0,0.0
2022-11-10 13:00:00+09:00,3960.0,3965.0,3955.0,3965.0,1300,0.0,0.0
2022-11-10 14:00:00+09:00,3965.0,3970.0,3945.0,3950.0,4300,0.0,0.0
2022-11-11 09:00:00+09:00,3970.0,3970.0,3955.0,3970.0,0,0.0,0.0
2022-11-11 10:00:00+09:00,3970.0,3980.0,3970.0,3975.0,3800,0.0,0.0
2022-11-11 11:00:00+09:00,3965.0,3980.0,3965.0,3980.0,0,0.0,0.0
2022-11-11 12:00:00+09:00,3980.0,3980.0,3960.0,3960.0,6000,0.0,0.0
2022-11-11 13:00:00+09:00,3960.0,3960.0,3955.0,3960.0,1700,0.0,0.0
2022-11-11 14:00:00+09:00,3960.0,3965.0,3950.0,3960.0,3600,0.0,0.0
2022-11-14 09:00:00+09:00,3950.0,3950.0,3935.0,3940.0,2300,0.0,0.0
2022-11-14 10:00:00+09:00,3940.0,3945.0,3935.0,3935.0,1700,0.0,0.0
2022-11-14 11:00:00+09:00,3935.0,3940.0,3935.0,3940.0,0,0.0,0.0
2022-11-14 12:00:00+09:00,3940.0,3940.0,3930.0,3930.0,5500,0.0,0.0
2022-11-14 13:00:00+09:00,3930.0,3930.0,3930.0,3930.0,400,0.0,0.0
2022-11-14 14:00:00+09:00,3930.0,3930.0,3920.0,3920.0,3200,0.0,0.0
2022-11-15 09:00:00+09:00,3915.0,3935.0,3905.0,3930.0,2700,0.0,0.0
2022-11-15 10:00:00+09:00,3930.0,3945.0,3925.0,3940.0,2500,0.0,0.0
2022-11-15 11:00:00+09:00,3945.0,3945.0,3940.0,3940.0,0,0.0,0.0
2022-11-15 12:00:00+09:00,3950.0,3955.0,3945.0,3950.0,7300,0.0,0.0
2022-11-15 13:00:00+09:00,3950.0,3965.0,3950.0,3960.0,2200,0.0,0.0
2022-11-15 14:00:00+09:00,3965.0,3970.0,3955.0,3960.0,2700,0.0,0.0
2022-11-16 09:00:00+09:00,3930.0,3960.0,3930.0,3955.0,1700,0.0,0.0
2022-11-16 10:00:00+09:00,3955.0,3960.0,3955.0,3960.0,1400,0.0,0.0
2022-11-16 11:00:00+09:00,3965.0,3975.0,3965.0,3975.0,0,0.0,0.0
2022-11-16 12:00:00+09:00,3975.0,3975.0,3970.0,3975.0,4900,0.0,0.0
2022-11-16 13:00:00+09:00,3975.0,3980.0,3970.0,3970.0,3600,0.0,0.0
2022-11-16 14:00:00+09:00,3970.0,3970.0,3960.0,3960.0,2100,0.0,0.0
2022-11-17 09:00:00+09:00,3945.0,3985.0,3945.0,3985.0,2300,0.0,0.0
2022-11-17 10:00:00+09:00,3985.0,3995.0,3985.0,3995.0,700,0.0,0.0
2022-11-17 11:00:00+09:00,3995.0,3995.0,3995.0,3995.0,0,0.0,0.0
2022-11-17 12:00:00+09:00,4000.0,4000.0,3990.0,3995.0,4400,0.0,0.0
2022-11-17 13:00:00+09:00,3995.0,3995.0,3995.0,3995.0,400,0.0,0.0
2022-11-17 14:00:00+09:00,4000.0,4010.0,4000.0,4010.0,5500,0.0,0.0
2022-11-18 09:00:00+09:00,4010.0,4035.0,4010.0,4025.0,0,0.0,0.0
2022-11-18 10:00:00+09:00,4030.0,4035.0,4030.0,4035.0,4400,0.0,0.0
2022-11-18 11:00:00+09:00,4035.0,4035.0,4035.0,4035.0,0,0.0,0.0
2022-11-18 12:00:00+09:00,4035.0,4035.0,4025.0,4025.0,5400,0.0,0.0
2022-11-18 13:00:00+09:00,4025.0,4030.0,4025.0,4025.0,900,0.0,0.0
2022-11-18 14:00:00+09:00,4030.0,4035.0,4025.0,4025.0,1300,0.0,0.0
2022-11-21 09:00:00+09:00,4040.0,4050.0,4025.0,4040.0,0,0.0,0.0
2022-11-21 10:00:00+09:00,4030.0,4040.0,4030.0,4035.0,400,0.0,0.0
2022-11-21 11:00:00+09:00,4030.0,4035.0,4030.0,4035.0,0,0.0,0.0
2022-11-21 12:00:00+09:00,4035.0,4035.0,4030.0,4035.0,3400,0.0,0.0
2022-11-21 13:00:00+09:00,4040.0,4040.0,4040.0,4040.0,800,0.0,0.0
2022-11-21 14:00:00+09:00,4040.0,4045.0,4035.0,4040.0,3200,0.0,0.0
2022-11-22 09:00:00+09:00,4050.0,4080.0,4050.0,4080.0,3500,0.0,0.0
2022-11-22 10:00:00+09:00,4075.0,4085.0,4075.0,4080.0,1900,0.0,0.0
2022-11-22 11:00:00+09:00,4080.0,4080.0,4075.0,4080.0,0,0.0,0.0
2022-11-22 12:00:00+09:00,4085.0,4085.0,4070.0,4070.0,7600,0.0,0.0
2022-11-22 13:00:00+09:00,4065.0,4065.0,4060.0,4060.0,1000,0.0,0.0
2022-11-22 14:00:00+09:00,4065.0,4070.0,4060.0,4065.0,3200,0.0,0.0
2022-11-24 09:00:00+09:00,4100.0,4105.0,4090.0,4105.0,0,0.0,0.0
2022-11-24 10:00:00+09:00,4100.0,4105.0,4075.0,4075.0,9000,0.0,0.0
2022-11-24 11:00:00+09:00,4080.0,4080.0,4080.0,4080.0,0,0.0,0.0
2022-11-24 12:00:00+09:00,4075.0,4085.0,4070.0,4070.0,11400,0.0,0.0
2022-11-24 13:00:00+09:00,4065.0,4065.0,4060.0,4065.0,1600,0.0,0.0
2022-11-24 14:00:00+09:00,4060.0,4065.0,4050.0,4050.0,1900,0.0,0.0
2022-11-25 09:00:00+09:00,4050.0,4090.0,4050.0,4090.0,6500,0.0,0.0
2022-11-25 10:00:00+09:00,4090.0,4110.0,4090.0,4110.0,3500,0.0,0.0
2022-11-25 11:00:00+09:00,4110.0,4110.0,4105.0,4110.0,0,0.0,0.0
2022-11-25 12:00:00+09:00,4110.0,4110.0,4100.0,4100.0,11300,0.0,0.0
2022-11-25 13:00:00+09:00,4105.0,4105.0,4095.0,4095.0,1500,0.0,0.0
2022-11-25 14:00:00+09:00,4095.0,4100.0,4090.0,4090.0,1700,0.0,0.0
2022-11-28 09:00:00+09:00,4085.0,4085.0,4070.0,4070.0,1700,0.0,0.0
2022-11-28 10:00:00+09:00,4060.0,4080.0,4060.0,4075.0,1000,0.0,0.0
2022-11-28 11:00:00+09:00,4085.0,4085.0,4085.0,4085.0,0,0.0,0.0
2022-11-28 12:00:00+09:00,4090.0,4090.0,4085.0,4085.0,3300,0.0,0.0
2022-11-28 13:00:00+09:00,4080.0,4080.0,4080.0,4080.0,400,0.0,0.0
2022-11-28 14:00:00+09:00,4075.0,4085.0,4075.0,4080.0,1900,0.0,0.0
2022-11-29 09:00:00+09:00,4055.0,4060.0,4040.0,4055.0,2200,0.0,0.0
2022-11-29 10:00:00+09:00,4060.0,4060.0,4045.0,4045.0,1200,0.0,0.0
2022-11-29 11:00:00+09:00,4045.0,4055.0,4045.0,4055.0,0,0.0,0.0
2022-11-29 12:00:00+09:00,4040.0,4055.0,4040.0,4050.0,5900,0.0,0.0
2022-11-29 13:00:00+09:00,4050.0,4050.0,4050.0,4050.0,300,0.0,0.0
2022-11-29 14:00:00+09:00,4055.0,4065.0,4040.0,4060.0,3000,0.0,0.0
2022-11-30 09:00:00+09:00,4060.0,4065.0,4050.0,4050.0,1100,0.0,0.0
2022-11-30 10:00:00+09:00,4040.0,4045.0,4035.0,4045.0,500,0.0,0.0
2022-11-30 11:00:00+09:00,4050.0,4050.0,4050.0,4050.0,0,0.0,0.0
2022-11-30 12:00:00+09:00,4045.0,4045.0,4035.0,4035.0,2200,0.0,0.0
2022-11-30 13:00:00+09:00,4030.0,4030.0,4025.0,4025.0,400,0.0,0.0
2022-11-30 14:00:00+09:00,4020.0,4020.0,4000.0,4000.0,3700,0.0,0.0
2022-12-01 09:00:00+09:00,3990.0,4025.0,3965.0,3975.0,3900,0.0,0.0
2022-12-01 10:00:00+09:00,3975.0,3975.0,3965.0,3965.0,1800,0.0,0.0
2022-12-01 11:00:00+09:00,3970.0,3970.0,3960.0,3965.0,0,0.0,0.0
2022-12-01 12:00:00+09:00,3960.0,3965.0,3960.0,3960.0,8500,0.0,0.0
2022-12-01 13:00:00+09:00,3960.0,3965.0,3960.0,3965.0,1000,0.0,0.0
2022-12-01 14:00:00+09:00,3965.0,3965.0,3960.0,3960.0,1300,0.0,0.0
2022-12-02 09:00:00+09:00,3950.0,3950.0,3910.0,3910.0,6600,0.0,0.0
2022-12-02 10:00:00+09:00,3905.0,3910.0,3900.0,3910.0,2500,0.0,0.0
2022-12-02 11:00:00+09:00,3910.0,3910.0,3910.0,3910.0,0,0.0,0.0
2022-12-02 12:00:00+09:00,3910.0,3925.0,3910.0,3920.0,11800,0.0,0.0
2022-12-02 13:00:00+09:00,3925.0,3930.0,3925.0,3930.0,700,0.0,0.0
2022-12-02 14:00:00+09:00,3930.0,3935.0,3920.0,3925.0,2900,0.0,0.0
2022-12-05 09:00:00+09:00,3925.0,3935.0,3920.0,3920.0,2000,0.0,0.0
2022-12-05 10:00:00+09:00,3920.0,3920.0,3900.0,3905.0,2900,0.0,0.0
2022-12-05 11:00:00+09:00,3905.0,3910.0,3900.0,3910.0,0,0.0,0.0
2022-12-05 12:00:00+09:00,3905.0,3910.0,3905.0,3910.0,7700,0.0,0.0
2022-12-05 13:00:00+09:00,3910.0,3910.0,3910.0,3910.0,200,0.0,0.0
2022-12-05 14:00:00+09:00,3910.0,3915.0,3905.0,3915.0,700,0.0,0.0
2022-12-06 09:00:00+09:00,3920.0,3920.0,3885.0,3885.0,6100,0.0,0.0
2022-12-06 10:00:00+09:00,3880.0,3885.0,3865.0,3865.0,3700,0.0,0.0
2022-12-06 11:00:00+09:00,3865.0,3875.0,3865.0,3875.0,0,0.0,0.0
2022-12-06 12:00:00+09:00,3870.0,3870.0,3860.0,3860.0,12300,0.0,0.0
2022-12-06 13:00:00+09:00,3865.0,3870.0,3860.0,3870.0,1300,0.0,0.0
2022-12-06 14:00:00+09:00,3870.0,3875.0,3865.0,3865.0,2800,0.0,0.0
2022-12-07 09:00:00+09:00,3880.0,3900.0,3870.0,3895.0,3300,0.0,0.0
2022-12-07 10:00:00+09:00,3905.0,3905.0,3890.0,3890.0,0,0.0,0.0
2022-12-07 11:00:00+09:00,3895.0,3895.0,3895.0,3895.0,0,0.0,0.0
2022-12-07 12:00:00+09:00,3900.0,3900.0,3895.0,3900.0,4800,0.0,0.0
2022-12-07 13:00:00+09:00,3900.0,3910.0,3895.0,3910.0,1200,0.0,0.0
2022-12-07 14:00:00+09:00,3900.0,3900.0,3895.0,3895.0,2400,0.0,0.0
2022-12-08 09:00:00+09:00,3895.0,3895.0,3865.0,3865.0,1400,0.0,0.0
2022-12-08 10:00:00+09:00,3865.0,3880.0,3865.0,3880.0,600,0.0,0.0
2022-12-08 11:00:00+09:00,3880.0,3880.0,3880.0,3880.0,0,0.0,0.0
2022-12-08 12:00:00+09:00,3880.0,3880.0,3875.0,3880.0,3700,0.0,0.0
2022-12-08 13:00:00+09:00,3885.0,3885.0,3885.0,3885.0,100,0.0,0.0
2022-12-08 14:00:00+09:00,3885.0,3885.0,3875.0,3885.0,1400,0.0,0.0
2022-12-09 09:00:00+09:00,3895.0,3910.0,3895.0,3910.0,2900,0.0,0.0
2022-12-09 10:00:00+09:00,3915.0,3915.0,3905.0,3910.0,700,0.0,0.0
2022-12-09 11:00:00+09:00,3910.0,3910.0,3910.0,3910.0,0,0.0,0.0
2022-12-09 12:00:00+09:00,3910.0,3930.0,3910.0,3920.0,7500,0.0,0.0
2022-12-09 13:00:00+09:00,3930.0,3935.0,3930.0,3935.0,900,0.0,0.0
2022-12-09 14:00:00+09:00,3935.0,3945.0,3935.0,3945.0,1700,0.0,0.0
2022-12-12 09:00:00+09:00,3905.0,3935.0,3905.0,3935.0,0,0.0,0.0
2022-12-12 10:00:00+09:00,3935.0,3935.0,3935.0,3935.0,200,0.0,0.0
2022-12-12 11:00:00+09:00,3925.0,3930.0,3925.0,3930.0,0,0.0,0.0
2022-12-12 12:00:00+09:00,3930.0,3930.0,3925.0,3930.0,4300,0.0,0.0
2022-12-12 13:00:00+09:00,3920.0,3920.0,3915.0,3915.0,300,0.0,0.0
2022-12-12 14:00:00+09:00,3915.0,3925.0,3915.0,3920.0,2000,0.0,0.0
2022-12-13 09:00:00+09:00,3935.0,3935.0,3925.0,3930.0,2400,0.0,0.0
2022-12-13 10:00:00+09:00,3930.0,3935.0,3930.0,3930.0,400,0.0,0.0
2022-12-13 11:00:00+09:00,3930.0,3930.0,3930.0,3930.0,0,0.0,0.0
2022-12-13 12:00:00+09:00,3930.0,3935.0,3930.0,3930.0,3600,0.0,0.0
2022-12-13 13:00:00+09:00,3935.0,3940.0,3930.0,3935.0,600,0.0,0.0
2022-12-13 14:00:00+09:00,3935.0,3935.0,3915.0,3915.0,1900,0.0,0.0
2022-12-14 09:00:00+09:00,3910.0,3925.0,3910.0,3915.0,1800,0.0,0.0
2022-12-14 10:00:00+09:00,3915.0,3915.0,3915.0,3915.0,200,0.0,0.0
2022-12-14 11:00:00+09:00,3920.0,3920.0,3920.0,3920.0,0,0.0,0.0
2022-12-14 12:00:00+09:00,3925.0,3930.0,3920.0,3930.0,2900,0.0,0.0
2022-12-14 13:00:00+09:00,3930.0,3930.0,3925.0,3925.0,700,0.0,0.0
2022-12-14 14:00:00+09:00,3935.0,3945.0,3935.0,3940.0,1900,0.0,0.0
2022-12-15 09:00:00+09:00,3940.0,3950.0,3935.0,3940.0,1800,0.0,0.0
2022-12-15 10:00:00+09:00,3940.0,3940.0,3935.0,3940.0,600,0.0,0.0
2022-12-15 11:00:00+09:00,3945.0,3945.0,3935.0,3935.0,0,0.0,0.0
2022-12-15 12:00:00+09:00,3920.0,3930.0,3920.0,3930.0,3300,0.0,0.0
2022-12-15 13:00:00+09:00,3935.0,3940.0,3930.0,3930.0,600,0.0,0.0
2022-12-15 14:00:00+09:00,3920.0,3925.0,3915.0,3920.0,1300,0.0,0.0
2022-12-16 09:00:00+09:00,3930.0,3930.0,3920.0,3920.0,0,0.0,0.0
2022-12-16 10:00:00+09:00,3920.0,3920.0,3920.0,3920.0,2100,0.0,0.0
2022-12-16 11:00:00+09:00,3920.0,3920.0,3920.0,3920.0,0,0.0,0.0
2022-12-16 12:00:00+09:00,3920.0,3935.0,3920.0,3935.0,4500,0.0,0.0
2022-12-16 13:00:00+09:00,3935.0,3935.0,3925.0,3925.0,800,0.0,0.0
2022-12-16 14:00:00+09:00,3925.0,3950.0,3925.0,3950.0,5500,0.0,0.0
2022-12-19 09:00:00+09:00,3950.0,3955.0,3935.0,3945.0,3800,0.0,0.0
2022-12-19 10:00:00+09:00,3950.0,3965.0,3950.0,3960.0,1000,0.0,0.0
2022-12-19 11:00:00+09:00,3955.0,3960.0,3955.0,3960.0,0,0.0,0.0
2022-12-19 12:00:00+09:00,3945.0,3965.0,3945.0,3960.0,6800,0.0,0.0
2022-12-19 13:00:00+09:00,3955.0,3960.0,3955.0,3955.0,1200,0.0,0.0
2022-12-19 14:00:00+09:00,3950.0,3960.0,3950.0,3955.0,1500,0.0,0.0
2022-12-20 09:00:00+09:00,3975.0,3975.0,3965.0,3965.0,2300,0.0,0.0
2022-12-20 10:00:00+09:00,3970.0,3970.0,3970.0,3970.0,300,0.0,0.0
2022-12-20 11:00:00+09:00,3970.0,3970.0,3970.0,3970.0,0,0.0,0.0
2022-12-20 12:00:00+09:00,3935.0,3935.0,3920.0,3920.0,6100,0.0,0.0
2022-12-20 13:00:00+09:00,3925.0,3935.0,3920.0,3935.0,3200,0.0,0.0
2022-12-20 14:00:00+09:00,3925.0,3945.0,3925.0,3940.0,2500,0.0,0.0
2022-12-21 09:00:00+09:00,3935.0,3955.0,3930.0,3950.0,4000,0.0,0.0
2022-12-21 10:00:00+09:00,3950.0,3965.0,3950.0,3965.0,1300,0.0,0.0
2022-12-21 11:00:00+09:00,3975.0,3975.0,3975.0,3975.0,0,0.0,0.0
2022-12-21 12:00:00+09:00,3975.0,3975.0,3960.0,3960.0,6600,0.0,0.0
2022-12-21 13:00:00+09:00,3965.0,3970.0,3960.0,3970.0,3000,0.0,0.0
2022-12-21 14:00:00+09:00,3970.0,3970.0,3955.0,3960.0,2600,0.0,0.0
2022-12-22 09:00:00+09:00,3980.0,3980.0,3955.0,3970.0,2800,0.0,0.0
2022-12-22 10:00:00+09:00,3970.0,3970.0,3970.0,3970.0,400,0.0,0.0
2022-12-22 11:00:00+09:00,3975.0,3975.0,3975.0,3975.0,0,0.0,0.0
2022-12-22 12:00:00+09:00,3970.0,3975.0,3970.0,3975.0,5100,0.0,0.0
2022-12-22 13:00:00+09:00,3975.0,3985.0,3975.0,3985.0,1000,0.0,0.0
2022-12-22 14:00:00+09:00,3990.0,4000.0,3980.0,3985.0,6600,0.0,0.0
2022-12-23 09:00:00+09:00,4000.0,4010.0,3995.0,3995.0,14800,0.0,0.0
2022-12-23 10:00:00+09:00,3995.0,3995.0,3990.0,3990.0,300,0.0,0.0
2022-12-23 11:00:00+09:00,3995.0,3995.0,3990.0,3990.0,0,0.0,0.0
2022-12-23 12:00:00+09:00,3990.0,3995.0,3990.0,3990.0,15900,0.0,0.0
2022-12-23 13:00:00+09:00,3990.0,3995.0,3990.0,3995.0,400,0.0,0.0
2022-12-23 14:00:00+09:00,4000.0,4010.0,4000.0,4010.0,2500,0.0,0.0
2022-12-26 09:00:00+09:00,4010.0,4015.0,4000.0,4000.0,0,0.0,0.0
2022-12-26 10:00:00+09:00,4010.0,4010.0,4010.0,4010.0,500,0.0,0.0
2022-12-26 11:00:00+09:00,4010.0,4010.0,4010.0,4010.0,0,0.0,0.0
2022-12-26 12:00:00+09:00,4010.0,4010.0,4010.0,4010.0,4500,0.0,0.0
2022-12-26 13:00:00+09:00,4005.0,4005.0,4000.0,4000.0,700,0.0,0.0
2022-12-26 14:00:00+09:00,3995.0,4000.0,3985.0,3985.0,1000,0.0,0.0
2022-12-27 09:00:00+09:00,4005.0,4010.0,3990.0,4005.0,2000,0.0,0.0
2022-12-27 10:00:00+09:00,4000.0,4005.0,3995.0,4005.0,600,0.0,0.0
2022-12-27 11:00:00+09:00,4005.0,4005.0,4000.0,4005.0,0,0.0,0.0
2022-12-27 12:00:00+09:00,4000.0,4000.0,4000.0,4000.0,3000,0.0,0.0
2022-12-27 13:00:00+09:00,4005.0,4005.0,4005.0,4005.0,100,0.0,0.0
2022-12-27 14:00:00+09:00,4005.0,4010.0,4005.0,4010.0,700,0.0,0.0
2022-12-28 09:00:00+09:00,4005.0,4005.0,4000.0,4000.0,1300,0.0,0.0
2022-12-28 10:00:00+09:00,4005.0,4005.0,4000.0,4000.0,400,0.0,0.0
2022-12-28 11:00:00+09:00,4005.0,4005.0,4005.0,4005.0,0,0.0,0.0
2022-12-28 12:00:00+09:00,4005.0,4005.0,4000.0,4005.0,2300,0.0,0.0
2022-12-28 13:00:00+09:00,4005.0,4015.0,4000.0,4015.0,1800,0.0,0.0
2022-12-28 14:00:00+09:00,4010.0,4015.0,4005.0,4015.0,2200,0.0,0.0
2022-12-29 09:00:00+09:00,4010.0,4010.0,3980.0,3985.0,0,0.0,0.0
2022-12-29 10:00:00+09:00,3985.0,3985.0,3980.0,3980.0,3400,0.0,0.0
2022-12-29 11:00:00+09:00,3985.0,3990.0,3985.0,3990.0,0,0.0,0.0
2022-12-29 12:00:00+09:00,3990.0,3990.0,3990.0,3990.0,5000,0.0,0.0
2022-12-29 13:00:00+09:00,3985.0,3990.0,3985.0,3990.0,200,0.0,0.0
2022-12-29 14:00:00+09:00,3995.0,4000.0,3985.0,4000.0,1800,0.0,0.0
2022-12-30 09:00:00+09:00,4000.0,4010.0,3985.0,4010.0,4400,0.0,0.0
2022-12-30 10:00:00+09:00,4010.0,4015.0,4005.0,4005.0,1100,0.0,0.0
2022-12-30 11:00:00+09:00,4005.0,4005.0,4000.0,4000.0,0,0.0,0.0
2022-12-30 12:00:00+09:00,4000.0,4010.0,3985.0,3985.0,8200,0.0,0.0
2022-12-30 13:00:00+09:00,3985.0,3985.0,3960.0,3960.0,3600,0.0,0.0
2022-12-30 14:00:00+09:00,3955.0,3965.0,3950.0,3950.0,3100,0.0,0.0
2023-01-04 09:00:00+09:00,3950.0,3950.0,3910.0,3910.0,0,0.0,0.0
2023-01-04 10:00:00+09:00,3910.0,3930.0,3910.0,3915.0,3000,0.0,0.0
2023-01-04 11:00:00+09:00,3915.0,3920.0,3915.0,3920.0,0,0.0,0.0
2023-01-04 12:00:00+09:00,3920.0,3925.0,3920.0,3925.0,10000,0.0,0.0
2023-01-04 13:00:00+09:00,3930.0,3930.0,3920.0,3925.0,600,0.0,0.0
2023-01-04 14:00:00+09:00,3925.0,3930.0,3910.0,3915.0,2500,0.0,0.0
2023-01-05 09:00:00+09:00,3915.0,3920.0,3895.0,3900.0,4800,0.0,0.0
2023-01-05 10:00:00+09:00,3900.0,3905.0,3895.0,3895.0,1900,0.0,0.0
2023-01-05 11:00:00+09:00,3895.0,3895.0,3890.0,3890.0,0,0.0,0.0
2023-01-05 12:00:00+09:00,3885.0,3885.0,3880.0,3885.0,9600,0.0,0.0
2023-01-05 13:00:00+09:00,3885.0,3890.0,3875.0,3875.0,1500,0.0,0.0
2023-01-05 14:00:00+09:00,3880.0,3890.0,3880.0,3890.0,1500,0.0,0.0
2023-01-06 09:00:00+09:00,3875.0,3900.0,3875.0,3900.0,5800,0.0,0.0
2023-01-06 10:00:00+09:00,3890.0,3890.0,3880.0,3880.0,2100,0.0,0.0
2023-01-06 11:00:00+09:00,3875.0,3880.0,3870.0,3880.0,0,0.0,0.0
2023-01-06 12:00:00+09:00,3885.0,3885.0,3880.0,3880.0,10200,0.0,0.0
2023-01-06 13:00:00+09:00,3885.0,3885.0,3885.0,3885.0,300,0.0,0.0
2023-01-06 14:00:00+09:00,3885.0,3890.0,3880.0,3890.0,1800,0.0,0.0
2023-01-10 09:00:00+09:00,3920.0,3920.0,3885.0,3885.0,0,0.0,0.0
2023-01-10 10:00:00+09:00,3885.0,3885.0,3880.0,3885.0,500,0.0,0.0
2023-01-10 11:00:00+09:00,3885.0,3890.0,3880.0,3880.0,0,0.0,0.0
2023-01-10 12:00:00+09:00,3880.0,3885.0,3870.0,3870.0,8000,0.0,0.0
2023-01-10 13:00:00+09:00,3880.0,3885.0,3880.0,3880.0,800,0.0,0.0
2023-01-10 14:00:00+09:00,3880.0,3880.0,3860.0,3870.0,3700,0.0,0.0
2023-01-11 09:00:00+09:00,3865.0,3890.0,3865.0,3880.0,1400,0.0,0.0
2023-01-11 10:00:00+09:00,3890.0,3895.0,3880.0,3880.0,1400,0.0,0.0
2023-01-11 11:00:00+09:00,3885.0,3885.0,3880.0,3880.0,0,0.0,0.0
2023-01-11 12:00:00+09:00,3885.0,3890.0,3885.0,3885.0,3900,0.0,0.0
2023-01-11 13:00:00+09:00,3885.0,3885.0,3885.0,3885.0,200,0.0,0.0
2023-01-11 14:00:00+09:00,3890.0,3900.0,3890.0,3895.0,800,0.0,0.0
2023-01-12 09:00:00+09:00,3925.0,3925.0,3900.0,3900.0,3300,0.0,0.0
2023-01-12 10:00:00+09:00,3895.0,3900.0,3895.0,3900.0,800,0.0,0.0
2023-01-12 11:00:00+09:00,3900.0,3900.0,3895.0,3895.0,0,0.0,0.0
2023-01-12 12:00:00+09:00,3895.0,3900.0,3895.0,3900.0,5100,0.0,0.0
2023-01-12 13:00:00+09:00,3900.0,3900.0,3890.0,3890.0,500,0.0,0.0
2023-01-12 14:00:00+09:00,3895.0,3900.0,3895.0,3895.0,1900,0.0,0.0
2023-01-13 09:00:00+09:00,3870.0,3895.0,3870.0,3885.0,6500,0.0,0.0
2023-01-13 10:00:00+09:00,3880.0,3880.0,3865.0,3870.0,2600,0.0,0.0
2023-01-13 11:00:00+09:00,3875.0,3880.0,3870.0,3880.0,0,0.0,0.0
2023-01-13 12:00:00+09:00,3880.0,3880.0,3870.0,3875.0,11900,0.0,0.0
2023-01-13 13:00:00+09:00,3875.0,3885.0,3875.0,3880.0,1600,0.0,0.0
2023-01-13 14:00:00+09:00,3880.0,3880.0,3870.0,3880.0,3100,0.0,0.0
2023-01-16 09:00:00+09:00,3875.0,3895.0,3875.0,3890.0,0,0.0,0.0
2023-01-16 10:00:00+09:00,3895.0,3895.0,3895.0,3895.0,600,0.0,0.0
2023-01-16 11:00:00+09:00,3895.0,3895.0,3895.0,3895.0,0,0.0,0.0
2023-01-16 12:00:00+09:00,3885.0,3890.0,3885.0,3890.0,4600,0.0,0.0
2023-01-16 13:00:00+09:00,3890.0,3890.0,3885.0,3885.0,300,0.0,0.0
2023-01-16 14:00:00+09:00,3890.0,3890.0,3885.0,3885.0,1200,0.0,0.0
2023-01-17 09:00:00+09:00,3895.0,3895.0,3890.0,3895.0,700,0.0,0.0
2023-01-17 10:00:00+09:00,3895.0,3905.0,3895.0,3905.0,600,0.0,0.0
2023-01-17 11:00:00+09:00,3905.0,3915.0,3905.0,3915.0,0,0.0,0.0
2023-01-17 12:00:00+09:00,3915.0,3915.0,3915.0,3915.0,2600,0.0,0.0
2023-01-17 13:00:00+09:00,3910.0,3920.0,3910.0,3920.0,800,0.0,0.0
2023-01-17 14:00:00+09:00,3920.0,3930.0,3920.0,3930.0,2100,0.0,0.0
2023-01-18 09:00:00+09:00,3940.0,3945.0,3930.0,3940.0,1500,0.0,0.0
2023-01-18 10:00:00+09:00,3945.0,3955.0,3945.0,3950.0,1100,0.0,0.0
2023-01-18 11:00:00+09:00,3950.0,3960.0,3950.0,3960.0,0,0.0,0.0
2023-01-18 12:00:00+09:00,3970.0,3980.0,3965.0,3965.0,5800,0.0,0.0
2023-01-18 13:00:00+09:00,3970.0,3975.0,3970.0,3970.0,0,0.0,0.0
2023-01-18 14:00:00+09:00,3970.0,3970.0,3965.0,3965.0,8300,0.0,0.0
2023-01-19 09:00:00+09:00,3975.0,3980.0,3970.0,3970.0,2700,0.0,0.0
2023-01-19 10:00:00+09:00,3965.0,3970.0,3960.0,3970.0,800,0.0,0.0
2023-01-19 11:00:00+09:00,3970.0,3975.0,3965.0,3975.0,0,0.0,0.0
2023-01-19 12:00:00+09:00,3960.0,3970.0,3960.0,3970.0,4900,0.0,0.0
2023-01-19 13:00:00+09:00,3970.0,3970.0,3970.0,3970.0,500,0.0,0.0
2023-01-19 14:00:00+09:00,3965.0,3965.0,3965.0,3965.0,900,0.0,0.0
2023-01-20 09:00:00+09:00,3950.0,3960.0,3950.0,3960.0,4100,0.0,0.0
2023-01-20 10:00:00+09:00,3960.0,3970.0,3960.0,3970.0,1100,0.0,0.0
2023-01-20 11:00:00+09:00,3975.0,3975.0,3970.0,3970.0,0,0.0,0.0
2023-01-20 12:00:00+09:00,3970.0,3980.0,3965.0,3980.0,6500,0.0,0.0
2023-01-20 13:00:00+09:00,3985.0,3985.0,3985.0,3985.0,100,0.0,0.0
2023-01-20 14:00:00+09:00,3985.0,3985.0,3965.0,3970.0,2000,0.0,0.0
2023-01-23 09:00:00+09:00,3985.0,3990.0,3980.0,3990.0,2800,0.0,0.0
2023-01-23 10:00:00+09:00,3985.0,3995.0,3985.0,3995.0,1300,0.0,0.0
2023-01-23 11:00:00+09:00,3995.0,3995.0,3995.0,3995.0,0,0.0,0.0
2023-01-23 12:00:00+09:00,3995.0,4000.0,3990.0,3995.0,5100,0.0,0.0
2023-01-23 13:00:00+09:00,4000.0,4005.0,4000.0,4000.0,1100,0.0,0.0
2023-01-23 14:00:00+09:00,3995.0,4000.0,3990.0,4000.0,1000,0.0,0.0
2023-01-24 09:00:00+09:00,4020.0,4020.0,3995.0,4010.0,1800,0.0,0.0
2023-01-24 10:00:00+09:00,4010.0,4010.0,3995.0,4010.0,1400,0.0,0.0
2023-01-24 11:00:00+09:00,4010.0,4015.0,4010.0,4015.0,0,0.0,0.0
2023-01-24 12:00:00+09:00,4015.0,4015.0,4015.0,4015.0,4200,0.0,0.0
2023-01-24 13:00:00+09:00,4015.0,4020.0,4015.0,4020.0,1600,0.0,0.0
2023-01-24 14:00:00+09:00,4015.0,4025.0,4015.0,4020.0,3000,0.0,0.0
2023-01-25 09:00:00+09:00,3995.0,4000.0,3990.0,3995.0,5100,0.0,0.0
2023-01-25 10:00:00+09:00,3995.0,3995.0,3995.0,3995.0,500,0.0,0.0
2023-01-25 11:00:00+09:00,3995.0,3995.0,3995.0,3995.0,0,0.0,0.0
2023-01-25 12:00:00+09:00,3995.0,4000.0,3995.0,4000.0,7600,0.0,0.0
2023-01-25 13:00:00+09:00,3995.0,3995.0,3985.0,3985.0,2400,0.0,0.0
2023-01-25 14:00:00+09:00,3995.0,4005.0,3995.0,4005.0,1400,0.0,0.0
2023-01-26 09:00:00+09:00,3990.0,4005.0,3985.0,3985.0,1100,0.0,0.0
2023-01-26 10:00:00+09:00,3990.0,3995.0,3985.0,3985.0,1700,0.0,0.0
2023-01-26 11:00:00+09:00,3985.0,3985.0,3965.0,3980.0,0,0.0,0.0
2023-01-26 12:00:00+09:00,3980.0,3980.0,3970.0,3980.0,7300,0.0,0.0
2023-01-26 13:00:00+09:00,3975.0,3975.0,3970.0,3975.0,1100,0.0,0.0
2023-01-26 14:00:00+09:00,3975.0,3975.0,3960.0,3960.0,3600,0.0,0.0
2023-01-27 09:00:00+09:00,3990.0,3990.0,3980.0,3980.0,4800,0.0,0.0
2023-01-27 10:00:00+09:00,3970.0,3970.0,3965.0,3965.0,500,0.0,0.0
2023-01-27 11:00:00+09:00,3965.0,3965.0,3960.0,3960.0,0,0.0,0.0
2023-01-27 12:00:00+09:00,3960.0,3965.0,3955.0,3965.0,7200,0.0,0.0
2023-01-27 13:00:00+09:00,3960.0,3970.0,3960.0,3965.0,900,0.0,0.0
2023-01-27 14:00:00+09:00,3965.0,3975.0,3965.0,3965.0,2000,0.0,0.0
2023-01-30 09:00:00+09:00,3965.0,3990.0,3965.0,3985.0,2700,0.0,0.0
2023-01-30 10:00:00+09:00,3985.0,3985.0,3985.0,3985.0,500,0.0,0.0
2023-01-30 11:00:00+09:00,3985.0,3985.0,3985.0,3985.0,0,0.0,0.0
2023-01-30 12:00:00+09:00,3995.0,4000.0,3985.0,3995.0,6600,0.0,0.0
2023-01-30 13:00:00+09:00,3995.0,3995.0,3990.0,3990.0,200,0.0,0.0
2023-01-30 14:00:00+09:00,3995.0,3995.0,3975.0,3980.0,1900,0.0,0.0
2023-01-31 09:00:00+09:00,3975.0,4005.0,3975.0,4000.0,2200,0.0,0.0
2023-01-31 10:00:00+09:00,4000.0,4000.0,3995.0,3995.0,800,0.0,0.0
2023-01-31 11:00:00+09:00,3995.0,3995.0,3990.0,3995.0,0,0.0,0.0
2023-01-31 12:00:00+09:00,3995.0,4010.0,3995.0,4000.0,6200,0.0,0.0
2023-01-31 13:00:00+09:00,4005.0,4010.0,4000.0,4000.0,600,0.0,0.0
2023-01-31 14:00:00+09:00,4000.0,4035.0,4000.0,4020.0,7000,0.0,0.0
2023-02-01 09:00:00+09:00,4035.0,4035.0,4025.0,4035.0,2100,0.0,0.0
2023-02-01 10:00:00+09:00,4035.0,4035.0,4035.0,4035.0,400,0.0,0.0
2023-02-01 11:00:00+09:00,4030.0,4030.0,4020.0,4020.0,0,0.0,0.0
2023-02-01 12:00:00+09:00,4025.0,4025.0,4005.0,4005.0,4500,0.0,0.0
2023-02-01 13:00:00+09:00,4000.0,4005.0,4000.0,4000.0,0,0.0,0.0
2023-02-01 14:00:00+09:00,4005.0,4005.0,3995.0,3995.0,6400,0.0,0.0
2023-02-02 09:00:00+09:00,4000.0,4010.0,3995.0,4000.0,2400,0.0,0.0
2023-02-02 10:00:00+09:00,4000.0,4000.0,3990.0,3995.0,800,0.0,0.0
2023-02-02 11:00:00+09:00,3995.0,3995.0,3995.0,3995.0,0,0.0,0.0
2023-02-02 12:00:00+09:00,3990.0,3995.0,3990.0,3990.0,4200,0.0,0.0
2023-02-02 13:00:00+09:00,3990.0,3995.0,3990.0,3995.0,400,0.0,0.0
2023-02-02 14:00:00+09:00,3990.0,3990.0,3975.0,3985.0,2900,0.0,0.0
2023-02-03 09:00:00+09:00,3960.0,3980.0,3960.0,3980.0,6500,0.0,0.0
2023-02-03 10:00:00+09:00,3975.0,3975.0,3975.0,3975.0,300,0.0,0.0
2023-02-03 11:00:00+09:00,3975.0,3980.0,3970.0,3980.0,0,0.0,0.0
2023-02-03 12:00:00+09:00,3980.0,3980.0,3965.0,3970.0,9400,0.0,0.0
2023-02-03 13:00:00+09:00,3975.0,3975.0,3965.0,3965.0,300,0.0,0.0
2023-02-03 14:00:00+09:00,3965.0,3980.0,3960.0,3965.0,2400,0.0,0.0
2023-02-06 09:00:00+09:00,3975.0,3975.0,3960.0,3965.0,5100,0.0,0.0
2023-02-06 10:00:00+09:00,3960.0,3965.0,3960.0,3960.0,300,0.0,0.0
2023-02-06 11:00:00+09:00,3965.0,3965.0,3950.0,3955.0,0,0.0,0.0
2023-02-06 12:00:00+09:00,3970.0,3970.0,3965.0,3965.0,8600,0.0,0.0
2023-02-06 13:00:00+09:00,3965.0,3965.0,3960.0,3960.0,800,0.0,0.0
2023-02-06 14:00:00+09:00,3960.0,3965.0,3950.0,3965.0,3100,0.0,0.0
2023-02-07 09:00:00+09:00,3980.0,3980.0,3975.0,3980.0,1800,0.0,0.0
2023-02-07 10:00:00+09:00,3975.0,3980.0,3970.0,3970.0,800,0.0,0.0
2023-02-07 11:00:00+09:00,3980.0,3980.0,3980.0,3980.0,0,0.0,0.0
2023-02-07 12:00:00+09:00,3980.0,3980.0,3970.0,3970.0,3100,0.0,0.0
2023-02-07 13:00:00+09:00,3970.0,3970.0,3965.0,3970.0,700,0.0,0.0
2023-02-07 14:00:00+09:00,3965.0,3965.0,3960.0,3960.0,500,0.0,0.0
2023-02-08 09:00:00+09:00,3975.0,3975.0,3965.0,3965.0,600,0.0,0.0
2023-02-08 10:00:00+09:00,3970.0,3970.0,3970.0,3970.0,100,0.0,0.0
2023-02-08 11:00:00+09:00,3970.0,3970.0,3970.0,3970.0,0,0.0,0.0
2023-02-08 12:00:00+09:00,3965.0,3970.0,3960.0,3970.0,1500,0.0,0.0
2023-02-08 13:00:00+09:00,3970.0,3970.0,3965.0,3970.0,700,0.0,0.0
2023-02-08 14:00:00+09:00,3975.0,3975.0,3965.0,3965.0,1000,0.0,0.0
2023-02-09 09:00:00+09:00,3970.0,3980.0,3970.0,3970.0,1100,0.0,0.0
2023-02-09 11:00:00+09:00,3970.0,3975.0,3970.0,3975.0,0,0.0,0.0
2023-02-09 12:00:00+09:00,3975.0,3975.0,3965.0,3965.0,0,0.0,0.0
2023-02-09 14:00:00+09:00,3965.0,3965.0,3965.0,3965.0,0,0.0,0.0
2023-02-10 09:00:00+09:00,3960.0,3980.0,3960.0,3980.0,7300,0.0,0.0
2023-02-10 10:00:00+09:00,3985.0,3995.0,3985.0,3995.0,0,0.0,0.0
2023-02-10 11:00:00+09:00,3990.0,3990.0,3980.0,3980.0,0,0.0,0.0
2023-02-10 12:00:00+09:00,3980.0,3990.0,3970.0,3990.0,12400,0.0,0.0
2023-02-10 13:00:00+09:00,3980.0,3980.0,3980.0,3980.0,100,0.0,0.0
2023-02-10 14:00:00+09:00,3980.0,3985.0,3975.0,3985.0,2100,0.0,0.0
2023-02-13 09:00:00+09:00,3985.0,3995.0,3985.0,3985.0,2600,0.0,0.0
2023-02-13 10:00:00+09:00,3990.0,3990.0,3980.0,3980.0,1200,0.0,0.0
2023-02-13 11:00:00+09:00,3980.0,3980.0,3980.0,3980.0,0,0.0,0.0
2023-02-13 12:00:00+09:00,3990.0,3990.0,3985.0,3990.0,4800,0.0,0.0
2023-02-13 13:00:00+09:00,3990.0,3990.0,3985.0,3985.0,800,0.0,0.0
2023-02-13 14:00:00+09:00,3985.0,3985.0,3970.0,3970.0,1500,0.0,0.0
2023-02-14 09:00:00+09:00,3975.0,3995.0,3975.0,3990.0,2000,0.0,0.0
2023-02-14 10:00:00+09:00,3990.0,4005.0,3990.0,4000.0,3000,0.0,0.0
2023-02-14 11:00:00+09:00,4000.0,4000.0,4000.0,4000.0,0,0.0,0.0
2023-02-14 12:00:00+09:00,3995.0,4010.0,3995.0,4010.0,6000,0.0,0.0
2023-02-14 13:00:00+09:00,4010.0,4010.0,4010.0,4010.0,100,0.0,0.0
2023-02-14 14:00:00+09:00,4010.0,4015.0,4010.0,4015.0,1100,0.0,0.0
2023-02-15 09:00:00+09:00,4020.0,4025.0,4010.0,4010.0,2200,0.0,0.0
2023-02-15 10:00:00+09:00,4015.0,4020.0,4000.0,4005.0,1500,0.0,0.0
2023-02-15 11:00:00+09:00,4005.0,4005.0,4005.0,4005.0,0,0.0,0.0
2023-02-15 12:00:00+09:00,3990.0,3995.0,3985.0,3995.0,4700,0.0,0.0
2023-02-15 13:00:00+09:00,3990.0,3995.0,3985.0,3995.0,0,0.0,0.0
2023-02-15 14:00:00+09:00,3990.0,3995.0,3985.0,3990.0,5800,0.0,0.0
2023-02-16 09:00:00+09:00,3975.0,3985.0,3975.0,3980.0,2700,0.0,0.0
2023-02-16 10:00:00+09:00,3980.0,3985.0,3980.0,3980.0,300,0.0,0.0
2023-02-16 11:00:00+09:00,3985.0,3995.0,3985.0,3995.0,0,0.0,0.0
2023-02-16 12:00:00+09:00,3995.0,3995.0,3990.0,3990.0,4200,0.0,0.0
2023-02-16 13:00:00+09:00,3995.0,3995.0,3995.0,3995.0,200,0.0,0.0
2023-02-16 14:00:00+09:00,3995.0,4000.0,3995.0,4000.0,300,0.0,0.0
2023-02-17 09:00:00+09:00,3980.0,3995.0,3980.0,3985.0,6900,0.0,0.0
2023-02-17 10:00:00+09:00,3985.0,3990.0,3985.0,3985.0,500,0.0,0.0
2023-02-17 11:00:00+09:00,3985.0,3985.0,3985.0,3985.0,0,0.0,0.0
2023-02-17 12:00:00+09:00,3985.0,3995.0,3985.0,3995.0,9000,0.0,0.0
2023-02-17 14:00:00+09:00,3985.0,3990.0,3985.0,3990.0,800,0.0,0.0
2023-02-20 09:00:00+09:00,3985.0,4005.0,3985.0,4005.0,5600,0.0,0.0
2023-02-20 10:00:00+09:00,4000.0,4005.0,4000.0,4000.0,400,0.0,0.0
2023-02-20 11:00:00+09:00,4000.0,4005.0,4000.0,4005.0,0,0.0,0.0
2023-02-20 12:00:00+09:00,4005.0,4005.0,3995.0,4000.0,6800,0.0,0.0
2023-02-20 13:00:00+09:00,4000.0,4000.0,4000.0,4000.0,100,0.0,0.0
2023-02-20 14:00:00+09:00,4000.0,4000.0,3995.0,3995.0,1100,0.0,0.0
2023-02-21 09:00:00+09:00,4000.0,4005.0,3990.0,3990.0,2700,0.0,0.0
2023-02-21 10:00:00+09:00,3990.0,3990.0,3990.0,3990.0,100,0.0,0.0
2023-02-21 11:00:00+09:00,3990.0,3990.0,3990.0,3990.0,0,0.0,0.0
2023-02-21 12:00:00+09:00,3995.0,3995.0,3985.0,3985.0,4500,0.0,0.0
2023-02-21 13:00:00+09:00,3990.0,3990.0,3985.0,3990.0,500,0.0,0.0
2023-02-21 14:00:00+09:00,3995.0,3995.0,3985.0,3985.0,800,0.0,0.0
2023-02-22 09:00:00+09:00,3985.0,4000.0,3985.0,3990.0,2700,0.0,0.0
2023-02-22 10:00:00+09:00,3990.0,3995.0,3980.0,3985.0,1500,0.0,0.0
2023-02-22 11:00:00+09:00,3985.0,3985.0,3985.0,3985.0,0,0.0,0.0
2023-02-22 12:00:00+09:00,3985.0,3985.0,3985.0,3985.0,5400,0.0,0.0
2023-02-22 13:00:00+09:00,3985.0,3990.0,3980.0,3985.0,700,0.0,0.0
2023-02-22 14:00:00+09:00,3980.0,3985.0,3980.0,3985.0,1100,0.0,0.0
2023-02-24 09:00:00+09:00,3980.0,3990.0,3980.0,3990.0,2300,0.0,0.0
2023-02-24 10:00:00+09:00,3990.0,4000.0,3990.0,3990.0,800,0.0,0.0
2023-02-24 11:00:00+09:00,3995.0,3995.0,3995.0,3995.0,0,0.0,0.0
2023-02-24 12:00:00+09:00,3990.0,3990.0,3980.0,3980.0,16900,0.0,0.0
2023-02-24 13:00:00+09:00,3990.0,3990.0,3990.0,3990.0,100,0.0,0.0
2023-02-24 14:00:00+09:00,3990.0,3995.0,3985.0,3985.0,1900,0.0,0.0
2023-02-27 09:00:00+09:00,3970.0,3975.0,3935.0,3965.0,21800,0.0,0.0
2023-02-27 10:00:00+09:00,3965.0,3975.0,3960.0,3975.0,1400,0.0,0.0
2023-02-27 11:00:00+09:00,3975.0,3990.0,3975.0,3990.0,0,0.0,0.0
2023-02-27 12:00:00+09:00,3990.0,3990.0,3975.0,3975.0,27000,0.0,0.0
2023-02-27 13:00:00+09:00,3975.0,3980.0,3975.0,3980.0,400,0.0,0.0
2023-02-27 14:00:00+09:00,3980.0,3980.0,3965.0,3970.0,3200,0.0,0.0
2023-02-28 09:00:00+09:00,3970.0,3980.0,3970.0,3975.0,3400,0.0,0.0
2023-02-28 10:00:00+09:00,3980.0,3980.0,3975.0,3980.0,900,0.0,0.0
2023-02-28 11:00:00+09:00,3980.0,3980.0,3980.0,3980.0,0,0.0,0.0
2023-02-28 12:00:00+09:00,3970.0,3975.0,3965.0,3970.0,7800,0.0,0.0
2023-02-28 13:00:00+09:00,3970.0,3970.0,3960.0,3960.0,1200,0.0,0.0
2023-02-28 14:00:00+09:00,3960.0,3960.0,3935.0,3940.0,9200,0.0,0.0
2023-03-01 09:00:00+09:00,3935.0,3955.0,3935.0,3950.0,3900,0.0,0.0
2023-03-01 10:00:00+09:00,3950.0,3965.0,3940.0,3940.0,2600,0.0,0.0
2023-03-01 11:00:00+09:00,3940.0,3940.0,3940.0,3940.0,0,0.0,0.0
2023-03-01 12:00:00+09:00,3950.0,3950.0,3940.0,3945.0,9000,0.0,0.0
2023-03-01 13:00:00+09:00,3945.0,3945.0,3940.0,3940.0,600,0.0,0.0
2023-03-01 14:00:00+09:00,3950.0,3950.0,3940.0,3950.0,2300,0.0,0.0
2023-03-02 09:00:00+09:00,3965.0,3975.0,3960.0,3970.0,5100,0.0,0.0
2023-03-02 10:00:00+09:00,3975.0,3975.0,3970.0,3970.0,900,0.0,0.0
2023-03-02 11:00:00+09:00,3975.0,3975.0,3975.0,3975.0,0,0.0,0.0
2023-03-02 12:00:00+09:00,3975.0,3975.0,3970.0,3970.0,6800,0.0,0.0
2023-03-02 13:00:00+09:00,3970.0,3975.0,3970.0,3975.0,700,0.0,0.0
2023-03-02 14:00:00+09:00,3975.0,3975.0,3965.0,3970.0,1200,0.0,0.0
2023-03-03 09:00:00+09:00,3990.0,4000.0,3985.0,3995.0,39900,0.0,0.0
2023-03-03 10:00:00+09:00,4000.0,4020.0,3995.0,4015.0,4900,0.0,0.0
2023-03-03 11:00:00+09:00,4015.0,4015.0,4005.0,4010.0,0,0.0,0.0
2023-03-03 12:00:00+09:00,4010.0,4010.0,4010.0,4010.0,50600,0.0,0.0
2023-03-03 13:00:00+09:00,4010.0,4015.0,4010.0,4010.0,400,0.0,0.0
2023-03-03 14:00:00+09:00,4015.0,4040.0,4015.0,4025.0,6100,0.0,0.0
2023-03-06 09:00:00+09:00,4075.0,4075.0,4040.0,4055.0,11700,0.0,0.0
2023-03-06 10:00:00+09:00,4050.0,4050.0,4050.0,4050.0,800,0.0,0.0
2023-03-06 11:00:00+09:00,4045.0,4050.0,4045.0,4050.0,0,0.0,0.0
2023-03-06 12:00:00+09:00,4050.0,4050.0,4050.0,4050.0,13400,0.0,0.0
2023-03-06 13:00:00+09:00,4045.0,4050.0,4045.0,4045.0,0,0.0,0.0
2023-03-06 14:00:00+09:00,4045.0,4050.0,4040.0,4050.0,15500,0.0,0.0
2023-03-07 09:00:00+09:00,4065.0,4100.0,4050.0,4100.0,9600,0.0,0.0
2023-03-07 10:00:00+09:00,4105.0,4105.0,4095.0,4095.0,2300,0.0,0.0
2023-03-07 11:00:00+09:00,4090.0,4090.0,4090.0,4090.0,0,0.0,0.0
2023-03-07 12:00:00+09:00,4095.0,4095.0,4085.0,4085.0,13800,0.0,0.0
2023-03-07 13:00:00+09:00,4090.0,4090.0,4090.0,4090.0,600,0.0,0.0
2023-03-07 14:00:00+09:00,4095.0,4115.0,4095.0,4105.0,4000,0.0,0.0
2023-03-08 09:00:00+09:00,4105.0,4130.0,4100.0,4125.0,9600,0.0,0.0
2023-03-08 10:00:00+09:00,4120.0,4130.0,4120.0,4130.0,1900,0.0,0.0
2023-03-08 11:00:00+09:00,4135.0,4140.0,4130.0,4140.0,0,0.0,0.0
2023-03-08 12:00:00+09:00,4140.0,4150.0,4140.0,4145.0,14600,0.0,0.0
2023-03-08 13:00:00+09:00,4145.0,4150.0,4145.0,4150.0,1700,0.0,0.0
2023-03-08 14:00:00+09:00,4150.0,4155.0,4145.0,4150.0,3200,0.0,0.0
2023-03-09 09:00:00+09:00,4155.0,4180.0,4155.0,4180.0,8200,0.0,0.0
2023-03-09 10:00:00+09:00,4185.0,4195.0,4185.0,4185.0,2300,0.0,0.0
2023-03-09 11:00:00+09:00,4185.0,4185.0,4185.0,4185.0,0,0.0,0.0
2023-03-09 12:00:00+09:00,4185.0,4185.0,4175.0,4175.0,12400,0.0,0.0
2023-03-09 13:00:00+09:00,4175.0,4175.0,4165.0,4165.0,900,0.0,0.0
2023-03-09 14:00:00+09:00,4170.0,4180.0,4170.0,4180.0,1300,0.0,0.0
2023-03-10 09:00:00+09:00,4160.0,4160.0,4135.0,4150.0,35400,0.0,0.0
2023-03-10 10:00:00+09:00,4140.0,4145.0,4135.0,4140.0,1300,0.0,0.0
2023-03-10 11:00:00+09:00,4135.0,4135.0,4105.0,4115.0,0,0.0,0.0
2023-03-10 12:00:00+09:00,4120.0,4130.0,4120.0,4130.0,45700,0.0,0.0
2023-03-10 13:00:00+09:00,4125.0,4130.0,4120.0,4130.0,1100,0.0,0.0
2023-03-10 14:00:00+09:00,4125.0,4135.0,4120.0,4130.0,1200,0.0,0.0
2023-03-13 09:00:00+09:00,4095.0,4095.0,4065.0,4070.0,0,0.0,0.0
2023-03-13 10:00:00+09:00,4070.0,4075.0,4035.0,4035.0,4500,0.0,0.0
2023-03-13 11:00:00+09:00,4040.0,4045.0,4035.0,4035.0,0,0.0,0.0
2023-03-13 12:00:00+09:00,4045.0,4045.0,4045.0,4045.0,22200,0.0,0.0
2023-03-13 13:00:00+09:00,4050.0,4055.0,4045.0,4050.0,1500,0.0,0.0
2023-03-13 14:00:00+09:00,4050.0,4070.0,4050.0,4070.0,1200,0.0,0.0
2023-03-14 09:00:00+09:00,4050.0,4050.0,3975.0,3975.0,12400,0.0,0.0
2023-03-14 10:00:00+09:00,3975.0,3990.0,3970.0,3990.0,5700,0.0,0.0
2023-03-14 11:00:00+09:00,4000.0,4020.0,4000.0,4020.0,0,0.0,0.0
2023-03-14 12:00:00+09:00,4035.0,4040.0,4030.0,4030.0,20400,0.0,0.0
2023-03-14 13:00:00+09:00,4030.0,4035.0,4020.0,4020.0,600,0.0,0.0
2023-03-14 14:00:00+09:00,4015.0,4025.0,4015.0,4020.0,2800,0.0,0.0
2023-03-15 09:00:00+09:00,4050.0,4075.0,4050.0,4065.0,4000,0.0,0.0
2023-03-15 10:00:00+09:00,4080.0,4110.0,4075.0,4105.0,3900,0.0,0.0
2023-03-15 11:00:00+09:00,4105.0,4130.0,4105.0,4130.0,0,0.0,0.0
2023-03-15 12:00:00+09:00,4140.0,4140.0,4120.0,4120.0,12200,0.0,0.0
2023-03-15 13:00:00+09:00,4120.0,4130.0,4115.0,4125.0,2200,0.0,0.0
2023-03-15 14:00:00+09:00,4130.0,4130.0,4105.0,4110.0,4300,0.0,0.0
2023-03-16 09:00:00+09:00,4050.0,4070.0,4040.0,4060.0,8100,0.0,0.0
2023-03-16 10:00:00+09:00,4075.0,4075.0,4060.0,4070.0,900,0.0,0.0
2023-03-16 11:00:00+09:00,4060.0,4065.0,4060.0,4065.0,0,0.0,0.0
2023-03-16 12:00:00+09:00,4055.0,4065.0,4050.0,4055.0,11700,0.0,0.0
2023-03-16 13:00:00+09:00,4050.0,4060.0,4050.0,4060.0,1400,0.0,0.0
2023-03-16 14:00:00+09:00,4065.0,4075.0,4065.0,4070.0,2200,0.0,0.0
2023-03-17 09:00:00+09:00,4075.0,4120.0,4060.0,4120.0,39200,0.0,0.0
2023-03-17 10:00:00+09:00,4115.0,4120.0,4100.0,4100.0,2200,0.0,0.0
2023-03-17 11:00:00+09:00,4100.0,4100.0,4100.0,4100.0,0,0.0,0.0
2023-03-17 12:00:00+09:00,4115.0,4115.0,4095.0,4100.0,46000,0.0,0.0
2023-03-17 13:00:00+09:00,4105.0,4105.0,4100.0,4100.0,400,0.0,0.0
2023-03-17 14:00:00+09:00,4100.0,4100.0,4085.0,4085.0,2400,0.0,0.0
2023-03-20 09:00:00+09:00,4060.0,4070.0,4050.0,4065.0,11800,0.0,0.0
2023-03-20 10:00:00+09:00,4055.0,4055.0,4025.0,4025.0,3400,0.0,0.0
2023-03-20 11:00:00+09:00,4025.0,4025.0,4025.0,4025.0,0,0.0,0.0
2023-03-20 12:00:00+09:00,4030.0,4030.0,4015.0,4015.0,18300,0.0,0.0
2023-03-20 13:00:00+09:00,4020.0,4030.0,4020.0,4030.0,0,0.0,0.0
2023-03-20 14:00:00+09:00,4030.0,4035.0,4020.0,4020.0,22400,0.0,0.0
2023-03-22 09:00:00+09:00,4060.0,4095.0,4055.0,4095.0,0,0.0,0.0
2023-03-22 10:00:00+09:00,4100.0,4110.0,4095.0,4105.0,1700,0.0,0.0
2023-03-22 11:00:00+09:00,4100.0,4100.0,4095.0,4100.0,0,0.0,0.0
2023-03-22 12:00:00+09:00,4095.0,4095.0,4085.0,4090.0,16400,0.0,0.0
2023-03-22 13:00:00+09:00,4090.0,4100.0,4090.0,4095.0,1600,0.0,0.0
2023-03-22 14:00:00+09:00,4100.0,4105.0,4085.0,4095.0,4600,0.0,0.0
2023-03-23 09:00:00+09:00,4080.0,4095.0,4065.0,4095.0,8100,0.0,0.0
2023-03-23 10:00:00+09:00,4095.0,4105.0,4085.0,4105.0,1400,0.0,0.0
2023-03-23 11:00:00+09:00,4110.0,4110.0,4110.0,4110.0,0,0.0,0.0
2023-03-23 12:00:00+09:00,4090.0,4100.0,4090.0,4095.0,11500,0.0,0.0
2023-03-23 13:00:00+09:00,4090.0,4090.0,4090.0,4090.0,600,0.0,0.0
2023-03-23 14:00:00+09:00,4095.0,4100.0,4095.0,4100.0,1600,0.0,0.0
2023-03-24 09:00:00+09:00,4080.0,4080.0,4045.0,4055.0,49600,0.0,0.0
2023-03-24 10:00:00+09:00,4050.0,4065.0,4045.0,4060.0,5200,0.0,0.0
2023-03-24 11:00:00+09:00,4060.0,4060.0,4060.0,4060.0,0,0.0,0.0
2023-03-24 12:00:00+09:00,4060.0,4070.0,4060.0,4070.0,62100,0.0,0.0
2023-03-24 13:00:00+09:00,4060.0,4070.0,4060.0,4070.0,700,0.0,0.0
2023-03-24 14:00:00+09:00,4070.0,4085.0,4070.0,4085.0,1900,0.0,0.0
2023-03-27 09:00:00+09:00,4090.0,4110.0,4090.0,4100.0,21600,0.0,0.0
2023-03-27 10:00:00+09:00,4095.0,4110.0,4090.0,4100.0,2900,0.0,0.0
2023-03-27 11:00:00+09:00,4100.0,4100.0,4095.0,4095.0,0,0.0,0.0
2023-03-27 12:00:00+09:00,4095.0,4110.0,4095.0,4100.0,30400,0.0,0.0
2023-03-27 13:00:00+09:00,4100.0,4110.0,4095.0,4105.0,1500,0.0,0.0
2023-03-27 14:00:00+09:00,4105.0,4110.0,4095.0,4095.0,3800,0.0,0.0
2023-03-28 09:00:00+09:00,4090.0,4110.0,4080.0,4090.0,19600,0.0,0.0
2023-03-28 10:00:00+09:00,4090.0,4095.0,4065.0,4065.0,4800,0.0,0.0
2023-03-28 11:00:00+09:00,4065.0,4065.0,4060.0,4065.0,0,0.0,0.0
2023-03-28 12:00:00+09:00,4065.0,4065.0,4055.0,4060.0,33900,0.0,0.0
2023-03-28 13:00:00+09:00,4065.0,4070.0,4055.0,4060.0,1900,0.0,0.0
2023-03-28 14:00:00+09:00,4065.0,4075.0,4055.0,4075.0,4600,0.0,0.0
2023-03-29 09:00:00+09:00,4085.0,4125.0,4085.0,4125.0,57300,0.0,0.0
2023-03-29 10:00:00+09:00,4125.0,4135.0,4115.0,4130.0,4100,0.0,0.0
2023-03-29 11:00:00+09:00,4125.0,4130.0,4120.0,4130.0,0,0.0,0.0
2023-03-29 12:00:00+09:00,4130.0,4140.0,4125.0,4130.0,72800,0.0,0.0
2023-03-29 13:00:00+09:00,4125.0,4135.0,4120.0,4125.0,3300,0.0,0.0
2023-03-29 14:00:00+09:00,4135.0,4150.0,4130.0,4150.0,10000,0.0,0.0
2023-03-30 09:00:00+09:00,4130.0,4130.0,4055.0,4055.0,50200,0.0,0.0
2023-03-30 10:00:00+09:00,4065.0,4080.0,4055.0,4080.0,2200,0.0,0.0
2023-03-30 11:00:00+09:00,4075.0,4090.0,4070.0,4090.0,0,0.0,0.0
2023-03-30 12:00:00+09:00,4085.0,4085.0,4070.0,4075.0,58200,0.0,0.0
2023-03-30 13:00:00+09:00,4075.0,4080.0,4065.0,4065.0,1400,0.0,0.0
2023-03-30 14:00:00+09:00,4065.0,4090.0,4060.0,4080.0,6600,0.0,0.0
2023-03-31 09:00:00+09:00,4090.0,4095.0,4080.0,4090.0,4700,0.0,0.0
2023-03-31 10:00:00+09:00,4080.0,4080.0,4065.0,4065.0,2300,0.0,0.0
2023-03-31 11:00:00+09:00,4065.0,4075.0,4065.0,4075.0,0,0.0,0.0
2023-03-31 12:00:00+09:00,4080.0,4085.0,4080.0,4080.0,9900,0.0,0.0
2023-03-31 13:00:00+09:00,4085.0,4085.0,4080.0,4080.0,1000,0.0,0.0
2023-03-31 14:00:00+09:00,4080.0,4080.0,4075.0,4080.0,1000,0.0,0.0
2023-04-03 09:00:00+09:00,4090.0,4115.0,4075.0,4115.0,8500,0.0,0.0
2023-04-03 10:00:00+09:00,4115.0,4115.0,4105.0,4110.0,1300,0.0,0.0
2023-04-03 11:00:00+09:00,4105.0,4110.0,4100.0,4110.0,0,0.0,0.0
2023-04-03 12:00:00+09:00,4100.0,4100.0,4080.0,4080.0,13300,0.0,0.0
2023-04-03 13:00:00+09:00,4085.0,4085.0,4075.0,4080.0,1000,0.0,0.0
2023-04-03 14:00:00+09:00,4085.0,4085.0,4075.0,4080.0,2200,0.0,0.0
2023-04-04 09:00:00+09:00,4080.0,4110.0,4075.0,4105.0,0,0.0,0.0
2023-04-04 10:00:00+09:00,4110.0,4125.0,4110.0,4125.0,3200,0.0,0.0
2023-04-04 11:00:00+09:00,4120.0,4120.0,4110.0,4110.0,0,0.0,0.0
2023-04-04 12:00:00+09:00,4110.0,4110.0,4100.0,4110.0,13000,0.0,0.0
2023-04-04 13:00:00+09:00,4105.0,4110.0,4095.0,4110.0,900,0.0,0.0
2023-04-04 14:00:00+09:00,4105.0,4120.0,4100.0,4120.0,2500,0.0,0.0
2023-04-05 09:00:00+09:00,4105.0,4105.0,4075.0,4085.0,4500,0.0,0.0
2023-04-05 10:00:00+09:00,4085.0,4090.0,4075.0,4080.0,1600,0.0,0.0
2023-04-05 11:00:00+09:00,4085.0,4095.0,4085.0,4090.0,0,0.0,0.0
2023-04-05 12:00:00+09:00,4080.0,4080.0,4080.0,4080.0,9500,0.0,0.0
2023-04-05 13:00:00+09:00,4080.0,4090.0,4080.0,4090.0,2500,0.0,0.0
2023-04-05 14:00:00+09:00,4090.0,4095.0,4085.0,4085.0,5800,0.0,0.0
2023-04-06 09:00:00+09:00,4070.0,4070.0,4050.0,4060.0,3800,0.0,0.0
2023-04-06 10:00:00+09:00,4055.0,4055.0,4050.0,4050.0,800,0.0,0.0
2023-04-06 11:00:00+09:00,4050.0,4050.0,4040.0,4050.0,0,0.0,0.0
2023-04-06 12:00:00+09:00,4040.0,4040.0,4035.0,4035.0,8700,0.0,0.0
2023-04-06 13:00:00+09:00,4030.0,4030.0,4020.0,4020.0,2100,0.0,0.0
2023-04-06 14:00:00+09:00,4025.0,4030.0,4015.0,4030.0,3600,0.0,0.0
2023-04-07 09:00:00+09:00,4045.0,4065.0,4045.0,4060.0,3900,0.0,0.0
2023-04-07 10:00:00+09:00,4055.0,4065.0,4055.0,4060.0,1800,0.0,0.0
2023-04-07 11:00:00+09:00,4065.0,4075.0,4065.0,4075.0,0,0.0,0.0
2023-04-07 12:00:00+09:00,4075.0,4075.0,4070.0,4070.0,8500,0.0,0.0
2023-04-07 13:00:00+09:00,4070.0,4070.0,4065.0,4065.0,500,0.0,0.0
2023-04-07 14:00:00+09:00,4070.0,4070.0,4060.0,4060.0,3200,0.0,0.0
2023-04-10 09:00:00+09:00,4055.0,4070.0,4045.0,4060.0,2900,0.0,0.0
2023-04-10 10:00:00+09:00,4055.0,4055.0,4040.0,4050.0,1500,0.0,0.0
2023-04-10 11:00:00+09:00,4050.0,4050.0,4050.0,4050.0,0,0.0,0.0
2023-04-10 12:00:00+09:00,4055.0,4055.0,4055.0,4055.0,5500,0.0,0.0
2023-04-10 13:00:00+09:00,4060.0,4060.0,4060.0,4060.0,100,0.0,0.0
2023-04-10 14:00:00+09:00,4055.0,4075.0,4050.0,4070.0,3100,0.0,0.0
2023-04-11 09:00:00+09:00,4065.0,4075.0,4060.0,4070.0,1500,0.0,0.0
2023-04-11 10:00:00+09:00,4065.0,4080.0,4065.0,4080.0,1000,0.0,0.0
2023-04-11 11:00:00+09:00,4080.0,4085.0,4075.0,4075.0,0,0.0,0.0
2023-04-11 12:00:00+09:00,4075.0,4075.0,4075.0,4075.0,3600,0.0,0.0
2023-04-11 14:00:00+09:00,4075.0,4085.0,4075.0,4075.0,3600,0.0,0.0
2023-04-12 09:00:00+09:00,4070.0,4110.0,4070.0,4110.0,4800,0.0,0.0
2023-04-12 10:00:00+09:00,4100.0,4105.0,4100.0,4100.0,1600,0.0,0.0
2023-04-12 11:00:00+09:00,4105.0,4110.0,4100.0,4110.0,0,0.0,0.0
2023-04-12 12:00:00+09:00,4110.0,4110.0,4100.0,4100.0,7200,0.0,0.0
2023-04-12 13:00:00+09:00,4110.0,4110.0,4095.0,4095.0,1400,0.0,0.0
2023-04-12 14:00:00+09:00,4095.0,4095.0,4090.0,4095.0,800,0.0,0.0
2023-04-13 09:00:00+09:00,4095.0,4125.0,4085.0,4125.0,6900,0.0,0.0
2023-04-13 10:00:00+09:00,4115.0,4115.0,4115.0,4115.0,100,0.0,0.0
2023-04-13 11:00:00+09:00,4110.0,4115.0,4110.0,4115.0,0,0.0,0.0
2023-04-13 12:00:00+09:00,4105.0,4105.0,4105.0,4105.0,8100,0.0,0.0
2023-04-13 13:00:00+09:00,4105.0,4105.0,4100.0,4100.0,600,0.0,0.0
2023-04-13 14:00:00+09:00,4095.0,4105.0,4095.0,4095.0,1800,0.0,0.0
2023-04-14 09:00:00+09:00,4090.0,4120.0,4090.0,4120.0,2900,0.0,0.0
2023-04-14 10:00:00+09:00,4120.0,4130.0,4120.0,4130.0,1900,0.0,0.0
2023-04-14 11:00:00+09:00,4125.0,4125.0,4125.0,4125.0,0,0.0,0.0
2023-04-14 12:00:00+09:00,4125.0,4125.0,4125.0,4125.0,6100,0.0,0.0
2023-04-14 13:00:00+09:00,4125.0,4130.0,4120.0,4125.0,1900,0.0,0.0
2023-04-14 14:00:00+09:00,4125.0,4125.0,4115.0,4115.0,1300,0.0,0.0
2023-04-17 09:00:00+09:00,4115.0,4130.0,4110.0,4125.0,2000,0.0,0.0
2023-04-17 10:00:00+09:00,4120.0,4125.0,4120.0,4125.0,400,0.0,0.0
2023-04-17 11:00:00+09:00,4120.0,4130.0,4120.0,4130.0,0,0.0,0.0
2023-04-17 12:00:00+09:00,4130.0,4130.0,4125.0,4125.0,3200,0.0,0.0
2023-04-17 13:00:00+09:00,4125.0,4135.0,4125.0,4135.0,2000,0.0,0.0
2023-04-17 14:00:00+09:00,4135.0,4140.0,4130.0,4130.0,2200,0.0,0.0
2023-04-18 09:00:00+09:00,4130.0,4140.0,4130.0,4130.0,2300,0.0,0.0
2023-04-18 10:00:00+09:00,4135.0,4160.0,4135.0,4160.0,7400,0.0,0.0
2023-04-18 11:00:00+09:00,4155.0,4160.0,4155.0,4160.0,0,0.0,0.0
2023-04-18 12:00:00+09:00,4170.0,4170.0,4155.0,4155.0,11100,0.0,0.0
2023-04-18 13:00:00+09:00,4155.0,4165.0,4155.0,4165.0,400,0.0,0.0
2023-04-18 14:00:00+09:00,4165.0,4175.0,4165.0,4165.0,2400,0.0,0.0
2023-04-19 09:00:00+09:00,4140.0,4170.0,4140.0,4160.0,2100,0.0,0.0
2023-04-19 10:00:00+09:00,4150.0,4165.0,4150.0,4165.0,900,0.0,0.0
2023-04-19 11:00:00+09:00,4170.0,4175.0,4170.0,4175.0,0,0.0,0.0
2023-04-19 12:00:00+09:00,4165.0,4165.0,4165.0,4165.0,4600,0.0,0.0
2023-04-19 13:00:00+09:00,4165.0,4165.0,4165.0,4165.0,100,0.0,0.0
2023-04-19 14:00:00+09:00,4170.0,4170.0,4160.0,4160.0,1200,0.0,0.0
2023-04-20 09:00:00+09:00,4155.0,4185.0,4155.0,4185.0,2400,0.0,0.0
2023-04-20 10:00:00+09:00,4180.0,4180.0,4175.0,4180.0,600,0.0,0.0
2023-04-20 11:00:00+09:00,4180.0,4185.0,4180.0,4185.0,0,0.0,0.0
2023-04-20 12:00:00+09:00,4185.0,4185.0,4180.0,4180.0,3900,0.0,0.0
2023-04-20 13:00:00+09:00,4180.0,4180.0,4175.0,4175.0,1000,0.0,0.0
2023-04-20 14:00:00+09:00,4180.0,4180.0,4175.0,4180.0,700,0.0,0.0
2023-04-21 09:00:00+09:00,4170.0,4210.0,4170.0,4210.0,9000,0.0,0.0
2023-04-21 10:00:00+09:00,4210.0,4210.0,4200.0,4205.0,1700,0.0,0.0
2023-04-21 11:00:00+09:00,4200.0,4200.0,4200.0,4200.0,0,0.0,0.0
2023-04-21 12:00:00+09:00,4190.0,4200.0,4190.0,4200.0,11500,0.0,0.0
2023-04-21 13:00:00+09:00,4200.0,4200.0,4195.0,4195.0,1100,0.0,0.0
2023-04-21 14:00:00+09:00,4195.0,4195.0,4190.0,4195.0,500,0.0,0.0
2023-04-24 09:00:00+09:00,4200.0,4250.0,4200.0,4225.0,8100,0.0,0.0
2023-04-24 10:00:00+09:00,4230.0,4245.0,4230.0,4245.0,600,0.0,0.0
2023-04-24 11:00:00+09:00,4235.0,4245.0,4235.0,4245.0,0,0.0,0.0
2023-04-24 12:00:00+09:00,4240.0,4240.0,4240.0,4240.0,12400,0.0,0.0
2023-04-24 13:00:00+09:00,4245.0,4245.0,4245.0,4245.0,600,0.0,0.0
2023-04-24 14:00:00+09:00,4240.0,4250.0,4240.0,4245.0,0,0.0,0.0
2023-04-25 09:00:00+09:00,4260.0,4285.0,4260.0,4280.0,8100,0.0,0.0
2023-04-25 10:00:00+09:00,4280.0,4290.0,4275.0,4290.0,1300,0.0,0.0
2023-04-25 11:00:00+09:00,4290.0,4300.0,4290.0,4300.0,0,0.0,0.0
2023-04-25 12:00:00+09:00,4300.0,4300.0,4290.0,4290.0,12600,0.0,0.0
2023-04-25 13:00:00+09:00,4290.0,4295.0,4285.0,4285.0,1000,0.0,0.0
2023-04-25 14:00:00+09:00,4285.0,4285.0,4275.0,4275.0,1600,0.0,0.0
2023-04-26 09:00:00+09:00,4270.0,4275.0,4255.0,4275.0,3100,0.0,0.0
2023-04-26 10:00:00+09:00,4280.0,4285.0,4275.0,4275.0,600,0.0,0.0
2023-04-26 11:00:00+09:00,4270.0,4270.0,4265.0,4270.0,0,0.0,0.0
2023-04-26 12:00:00+09:00,4270.0,4270.0,4240.0,4240.0,6500,0.0,0.0
2023-04-26 13:00:00+09:00,4230.0,4230.0,4230.0,4230.0,300,0.0,0.0
2023-04-26 14:00:00+09:00,4240.0,4240.0,4220.0,4220.0,2400,0.0,0.0
2023-04-27 09:00:00+09:00,4190.0,4210.0,4190.0,4210.0,2500,0.0,0.0
2023-04-27 10:00:00+09:00,4220.0,4225.0,4215.0,4225.0,500,0.0,0.0
2023-04-27 11:00:00+09:00,4220.0,4225.0,4220.0,4225.0,0,0.0,0.0
2023-04-27 12:00:00+09:00,4230.0,4230.0,4205.0,4205.0,6400,0.0,0.0
2023-04-27 13:00:00+09:00,4205.0,4215.0,4200.0,4215.0,1200,0.0,0.0
2023-04-27 14:00:00+09:00,4215.0,4215.0,4205.0,4205.0,2900,0.0,0.0
2023-04-28 09:00:00+09:00,4235.0,4280.0,4235.0,4275.0,5000,0.0,0.0
2023-04-28 10:00:00+09:00,4275.0,4285.0,4270.0,4280.0,2700,0.0,0.0
2023-04-28 11:00:00+09:00,4280.0,4280.0,4265.0,4275.0,0,0.0,0.0
2023-04-28 12:00:00+09:00,4275.0,4275.0,4265.0,4265.0,10100,0.0,0.0
2023-04-28 13:00:00+09:00,4265.0,4285.0,4265.0,4275.0,1500,0.0,0.0
2023-04-28 14:00:00+09:00,4275.0,4275.0,4265.0,4270.0,3200,0.0,0.0
2023-05-01 09:00:00+09:00,4280.0,4300.0,4280.0,4295.0,4900,0.0,0.0
2023-05-01 10:00:00+09:00,4295.0,4295.0,4290.0,4290.0,1000,0.0,0.0
2023-05-01 11:00:00+09:00,4290.0,4295.0,4290.0,4290.0,0,0.0,0.0
2023-05-01 12:00:00+09:00,4290.0,4290.0,4290.0,4290.0,8300,0.0,0.0
2023-05-01 13:00:00+09:00,4295.0,4295.0,4290.0,4295.0,1000,0.0,0.0
2023-05-01 14:00:00+09:00,4295.0,4295.0,4290.0,4290.0,1800,0.0,0.0
2023-05-02 09:00:00+09:00,4300.0,4305.0,4270.0,4270.0,4100,0.0,0.0
2023-05-02 10:00:00+09:00,4280.0,4280.0,4270.0,4270.0,900,0.0,0.0
2023-05-02 11:00:00+09:00,4270.0,4270.0,4270.0,4270.0,0,0.0,0.0
2023-05-02 12:00:00+09:00,4290.0,4290.0,4290.0,4290.0,5500,0.0,0.0
2023-05-02 13:00:00+09:00,4285.0,4285.0,4270.0,4275.0,1500,0.0,0.0
2023-05-02 14:00:00+09:00,4280.0,4280.0,4265.0,4275.0,1500,0.0,0.0
2023-05-08 09:00:00+09:00,4265.0,4315.0,4250.0,4315.0,7900,0.0,0.0
2023-05-08 10:00:00+09:00,4310.0,4310.0,4305.0,4305.0,1200,0.0,0.0
2023-05-08 11:00:00+09:00,4300.0,4305.0,4300.0,4305.0,0,0.0,0.0
2023-05-08 12:00:00+09:00,4310.0,4310.0,4305.0,4310.0,10500,0.0,0.0
2023-05-08 13:00:00+09:00,4310.0,4310.0,4305.0,4305.0,700,0.0,0.0
2023-05-08 14:00:00+09:00,4305.0,4320.0,4305.0,4320.0,5200,0.0,0.0
2023-05-09 09:00:00+09:00,4310.0,4330.0,4310.0,4310.0,3000,0.0,0.0
2023-05-09 10:00:00+09:00,4310.0,4330.0,4305.0,4325.0,1200,0.0,0.0
2023-05-09 11:00:00+09:00,4325.0,4345.0,4325.0,4345.0,0,0.0,0.0
2023-05-09 12:00:00+09:00,4340.0,4340.0,4340.0,4340.0,8700,0.0,0.0
2023-05-09 13:00:00+09:00,4345.0,4350.0,4340.0,4350.0,1700,0.0,0.0
2023-05-09 14:00:00+09:00,4350.0,4355.0,4330.0,4330.0,6900,0.0,0.0
2023-05-10 09:00:00+09:00,4325.0,4355.0,4325.0,4350.0,3300,0.0,0.0
2023-05-10 10:00:00+09:00,4345.0,4345.0,4335.0,4345.0,1100,0.0,0.0
2023-05-10 11:00:00+09:00,4340.0,4340.0,4330.0,4335.0,0,0.0,0.0
2023-05-10 12:00:00+09:00,4335.0,4335.0,4325.0,4325.0,6400,0.0,0.0
2023-05-10 13:00:00+09:00,4320.0,4320.0,4305.0,4310.0,1100,0.0,0.0
2023-05-10 14:00:00+09:00,4305.0,4305.0,4300.0,4305.0,1000,0.0,0.0
2023-05-11 09:00:00+09:00,4300.0,4310.0,4295.0,4295.0,2300,0.0,0.0
2023-05-11 10:00:00+09:00,4295.0,4300.0,4295.0,4300.0,500,0.0,0.0
2023-05-11 11:00:00+09:00,4300.0,4300.0,4300.0,4300.0,0,0.0,0.0
2023-05-11 12:00:00+09:00,4300.0,4300.0,4300.0,4300.0,3700,0.0,0.0
2023-05-11 13:00:00+09:00,4295.0,4300.0,4295.0,4295.0,500,0.0,0.0
2023-05-11 14:00:00+09:00,4295.0,4310.0,4295.0,4305.0,2000,0.0,0.0
2023-05-12 09:00:00+09:00,4315.0,4330.0,4315.0,4320.0,2500,0.0,0.0
2023-05-12 10:00:00+09:00,4330.0,4335.0,4325.0,4330.0,1500,0.0,0.0
2023-05-12 11:00:00+09:00,4335.0,4335.0,4330.0,4335.0,0,0.0,0.0
2023-05-12 12:00:00+09:00,4335.0,4350.0,4330.0,4340.0,6900,0.0,0.0
2023-05-12 13:00:00+09:00,4335.0,4345.0,4330.0,4330.0,2100,0.0,0.0
2023-05-12 14:00:00+09:00,4340.0,4350.0,4325.0,4350.0,7800,0.0,0.0
2023-05-15 09:00:00+09:00,4300.0,4320.0,4270.0,4270.0,12100,0.0,0.0
2023-05-15 10:00:00+09:00,4265.0,4280.0,4265.0,4270.0,3400,0.0,0.0
2023-05-15 11:00:00+09:00,4265.0,4265.0,4240.0,4250.0,0,0.0,0.0
2023-05-15 12:00:00+09:00,4240.0,4240.0,4215.0,4230.0,23600,0.0,0.0
2023-05-15 13:00:00+09:00,4235.0,4235.0,4215.0,4225.0,7000,0.0,0.0
2023-05-15 14:00:00+09:00,4230.0,4235.0,4215.0,4220.0,5000,0.0,0.0
2023-05-16 09:00:00+09:00,4245.0,4300.0,4235.0,4280.0,10100,0.0,0.0
2023-05-16 10:00:00+09:00,4280.0,4285.0,4270.0,4275.0,3500,0.0,0.0
2023-05-16 11:00:00+09:00,4270.0,4270.0,4265.0,4270.0,0,0.0,0.0
2023-05-16 12:00:00+09:00,4275.0,4280.0,4275.0,4280.0,16000,0.0,0.0
2023-05-16 13:00:00+09:00,4280.0,4285.0,4270.0,4280.0,1600,0.0,0.0
2023-05-16 14:00:00+09:00,4280.0,4290.0,4280.0,4280.0,2000,0.0,0.0
2023-05-17 09:00:00+09:00,4280.0,4280.0,4260.0,4270.0,2400,0.0,0.0
2023-05-17 10:00:00+09:00,4275.0,4280.0,4275.0,4280.0,600,0.0,0.0
2023-05-17 11:00:00+09:00,4280.0,4280.0,4280.0,4280.0,0,0.0,0.0
2023-05-17 12:00:00+09:00,4285.0,4285.0,4275.0,4280.0,4900,0.0,0.0
2023-05-17 13:00:00+09:00,4275.0,4280.0,4275.0,4275.0,1300,0.0,0.0
2023-05-17 14:00:00+09:00,4275.0,4275.0,4265.0,4265.0,3300,0.0,0.0
2023-05-18 09:00:00+09:00,4290.0,4290.0,4250.0,4255.0,0,0.0,0.0
2023-05-18 10:00:00+09:00,4250.0,4255.0,4240.0,4240.0,6200,0.0,0.0
2023-05-18 11:00:00+09:00,4235.0,4235.0,4230.0,4230.0,0,0.0,0.0
2023-05-18 12:00:00+09:00,4235.0,4245.0,4235.0,4245.0,8300,0.0,0.0
2023-05-18 13:00:00+09:00,4250.0,4260.0,4250.0,4255.0,1700,0.0,0.0
2023-05-18 14:00:00+09:00,4260.0,4265.0,4250.0,4255.0,2300,0.0,0.0
2023-05-19 09:00:00+09:00,4260.0,4260.0,4230.0,4230.0,3400,0.0,0.0
2023-05-19 10:00:00+09:00,4235.0,4245.0,4230.0,4245.0,600,0.0,0.0
2023-05-19 11:00:00+09:00,4245.0,4245.0,4235.0,4235.0,0,0.0,0.0
2023-05-19 12:00:00+09:00,4235.0,4235.0,4215.0,4215.0,7800,0.0,0.0
2023-05-19 13:00:00+09:00,4215.0,4215.0,4205.0,4205.0,3300,0.0,0.0
2023-05-19 14:00:00+09:00,4200.0,4200.0,4180.0,4180.0,6500,0.0,0.0
2023-05-22 09:00:00+09:00,4185.0,4200.0,4175.0,4200.0,0,0.0,0.0
2023-05-22 10:00:00+09:00,4200.0,4220.0,4200.0,4215.0,0,0.0,0.0
2023-05-22 11:00:00+09:00,4210.0,4215.0,4210.0,4215.0,0,0.0,0.0
2023-05-22 12:00:00+09:00,4205.0,4210.0,4205.0,4205.0,7500,0.0,0.0
2023-05-22 13:00:00+09:00,4205.0,4225.0,4200.0,4220.0,1500,0.0,0.0
2023-05-22 14:00:00+09:00,4225.0,4235.0,4215.0,4235.0,2800,0.0,0.0
2023-05-23 09:00:00+09:00,4245.0,4255.0,4200.0,4205.0,4600,0.0,0.0
2023-05-23 10:00:00+09:00,4200.0,4210.0,4195.0,4195.0,1000,0.0,0.0
2023-05-23 11:00:00+09:00,4195.0,4195.0,4195.0,4195.0,0,0.0,0.0
2023-05-23 12:00:00+09:00,4195.0,4195.0,4175.0,4175.0,9300,0.0,0.0
2023-05-23 13:00:00+09:00,4170.0,4170.0,4145.0,4150.0,3700,0.0,0.0
2023-05-23 14:00:00+09:00,4160.0,4160.0,4155.0,4160.0,1700,0.0,0.0
2023-05-24 09:00:00+09:00,4155.0,4155.0,4135.0,4135.0,3200,0.0,0.0
2023-05-24 10:00:00+09:00,4135.0,4145.0,4135.0,4145.0,1500,0.0,0.0
2023-05-24 11:00:00+09:00,4145.0,4145.0,4140.0,4145.0,0,0.0,0.0
2023-05-24 12:00:00+09:00,4145.0,4145.0,4125.0,4135.0,8400,0.0,0.0
2023-05-24 13:00:00+09:00,4140.0,4140.0,4135.0,4140.0,0,0.0,0.0
2023-05-24 14:00:00+09:00,4135.0,4135.0,4115.0,4115.0,11200,0.0,0.0
2023-05-25 09:00:00+09:00,4115.0,4140.0,4095.0,4125.0,10700,0.0,0.0
2023-05-25 10:00:00+09:00,4135.0,4135.0,4125.0,4135.0,400,0.0,0.0
2023-05-25 11:00:00+09:00,4135.0,4145.0,4130.0,4145.0,0,0.0,0.0
2023-05-25 12:00:00+09:00,4150.0,4160.0,4145.0,4145.0,13900,0.0,0.0
2023-05-25 13:00:00+09:00,4135.0,4135.0,4130.0,4130.0,1400,0.0,0.0
2023-05-25 14:00:00+09:00,4135.0,4145.0,4130.0,4145.0,1700,0.0,0.0
2023-05-26 09:00:00+09:00,4120.0,4150.0,4105.0,4135.0,3400,0.0,0.0
2023-05-26 10:00:00+09:00,4125.0,4130.0,4125.0,4130.0,500,0.0,0.0
2023-05-26 11:00:00+09:00,4125.0,4125.0,4125.0,4125.0,0,0.0,0.0
2023-05-26 12:00:00+09:00,4105.0,4130.0,4105.0,4110.0,4900,0.0,0.0
2023-05-26 13:00:00+09:00,4115.0,4115.0,4105.0,4110.0,1700,0.0,0.0
2023-05-26 14:00:00+09:00,4115.0,4115.0,4100.0,4100.0,2500,0.0,0.0
2023-05-29 09:00:00+09:00,4150.0,4150.0,4110.0,4115.0,0,0.0,0.0
2023-05-29 10:00:00+09:00,4115.0,4125.0,4115.0,4125.0,800,0.0,0.0
2023-05-29 11:00:00+09:00,4125.0,4125.0,4120.0,4120.0,0,0.0,0.0
2023-05-29 12:00:00+09:00,4110.0,4120.0,4110.0,4115.0,4700,0.0,0.0
2023-05-29 13:00:00+09:00,4110.0,4110.0,4105.0,4110.0,900,0.0,0.0
2023-05-29 14:00:00+09:00,4110.0,4110.0,4105.0,4110.0,2300,0.0,0.0
2023-05-30 09:00:00+09:00,4105.0,4105.0,4065.0,4065.0,0,0.0,0.0
2023-05-30 10:00:00+09:00,4070.0,4075.0,4070.0,4070.0,8100,0.0,0.0
2023-05-30 11:00:00+09:00,4070.0,4070.0,4070.0,4070.0,0,0.0,0.0
2023-05-30 12:00:00+09:00,4070.0,4080.0,4070.0,4080.0,9300,0.0,0.0
2023-05-30 13:00:00+09:00,4075.0,4085.0,4070.0,4075.0,1500,0.0,0.0
2023-05-30 14:00:00+09:00,4085.0,4095.0,4080.0,4080.0,1700,0.0,0.0
2023-05-31 09:00:00+09:00,4060.0,4065.0,4040.0,4040.0,7000,0.0,0.0
2023-05-31 10:00:00+09:00,4035.0,4045.0,4030.0,4045.0,2300,0.0,0.0
2023-05-31 11:00:00+09:00,4040.0,4045.0,4040.0,4045.0,0,0.0,0.0
2023-05-31 12:00:00+09:00,4045.0,4045.0,4030.0,4040.0,12900,0.0,0.0
2023-05-31 13:00:00+09:00,4040.0,4040.0,4030.0,4040.0,0,0.0,0.0
2023-05-31 14:00:00+09:00,4035.0,4035.0,4020.0,4025.0,19600,0.0,0.0
2023-06-01 09:00:00+09:00,4060.0,4085.0,4050.0,4085.0,3500,0.0,0.0
2023-06-01 10:00:00+09:00,4080.0,4085.0,4070.0,4070.0,1200,0.0,0.0
2023-06-01 11:00:00+09:00,4070.0,4070.0,4070.0,4070.0,0,0.0,0.0
2023-06-01 12:00:00+09:00,4070.0,4080.0,4070.0,4075.0,5700,0.0,0.0
2023-06-01 13:00:00+09:00,4065.0,4065.0,4060.0,4060.0,2100,0.0,0.0
2023-06-01 14:00:00+09:00,4060.0,4070.0,4055.0,4060.0,2900,0.0,0.0
2023-06-02 09:00:00+09:00,4075.0,4125.0,4075.0,4115.0,5300,0.0,0.0
2023-06-02 10:00:00+09:00,4125.0,4140.0,4125.0,4130.0,1700,0.0,0.0
2023-06-02 11:00:00+09:00,4130.0,4130.0,4115.0,4115.0,0,0.0,0.0
2023-06-02 12:00:00+09:00,4125.0,4135.0,4125.0,4135.0,9700,0.0,0.0
2023-06-02 13:00:00+09:00,4135.0,4140.0,4130.0,4135.0,1300,0.0,0.0
2023-06-02 14:00:00+09:00,4130.0,4150.0,4130.0,4145.0,2700,0.0,0.0
2023-06-05 09:00:00+09:00,4185.0,4185.0,4135.0,4140.0,0,0.0,0.0
2023-06-05 10:00:00+09:00,4135.0,4135.0,4135.0,4135.0,800,0.0,0.0
2023-06-05 11:00:00+09:00,4135.0,4135.0,4130.0,4130.0,0,0.0,0.0
2023-06-05 12:00:00+09:00,4140.0,4140.0,4130.0,4130.0,7000,0.0,0.0
2023-06-05 13:00:00+09:00,4130.0,4130.0,4130.0,4130.0,500,0.0,0.0
2023-06-05 14:00:00+09:00,4130.0,4135.0,4130.0,4130.0,700,0.0,0.0
2023-06-06 09:00:00+09:00,4125.0,4130.0,4115.0,4120.0,0,0.0,0.0
2023-06-06 10:00:00+09:00,4130.0,4130.0,4120.0,4130.0,3900,0.0,0.0
2023-06-06 11:00:00+09:00,4120.0,4120.0,4115.0,4120.0,0,0.0,0.0
2023-06-06 12:00:00+09:00,4115.0,4115.0,4100.0,4100.0,6100,0.0,0.0
2023-06-06 13:00:00+09:00,4115.0,4120.0,4110.0,4115.0,1500,0.0,0.0
2023-06-06 14:00:00+09:00,4110.0,4110.0,4100.0,4105.0,2000,0.0,0.0
2023-06-07 09:00:00+09:00,4115.0,4135.0,4110.0,4110.0,3100,0.0,0.0
2023-06-07 10:00:00+09:00,4105.0,4105.0,4085.0,4105.0,3000,0.0,0.0
2023-06-07 11:00:00+09:00,4105.0,4110.0,4105.0,4110.0,0,0.0,0.0
2023-06-07 12:00:00+09:00,4100.0,4115.0,4100.0,4110.0,8100,0.0,0.0
2023-06-07 13:00:00+09:00,4115.0,4120.0,4095.0,4115.0,1700,0.0,0.0
2023-06-07 14:00:00+09:00,4100.0,4105.0,4090.0,4090.0,2400,0.0,0.0
2023-06-08 09:00:00+09:00,4100.0,4105.0,4080.0,4080.0,2600,0.0,0.0
2023-06-08 10:00:00+09:00,4090.0,4095.0,4085.0,4090.0,1600,0.0,0.0
2023-06-08 11:00:00+09:00,4085.0,4090.0,4085.0,4090.0,0,0.0,0.0
2023-06-08 12:00:00+09:00,4090.0,4090.0,4075.0,4080.0,6800,0.0,0.0
2023-06-08 13:00:00+09:00,4075.0,4075.0,4065.0,4070.0,2100,0.0,0.0
2023-06-08 14:00:00+09:00,4075.0,4080.0,4070.0,4075.0,2400,0.0,0.0
2023-06-09 09:00:00+09:00,4075.0,4110.0,4075.0,4105.0,12000,0.0,0.0
2023-06-09 10:00:00+09:00,4110.0,4110.0,4105.0,4110.0,600,0.0,0.0
2023-06-09 11:00:00+09:00,4100.0,4100.0,4095.0,4100.0,0,0.0,0.0
2023-06-09 12:00:00+09:00,4085.0,4095.0,4085.0,4095.0,14000,0.0,0.0
2023-06-09 13:00:00+09:00,4095.0,4095.0,4085.0,4085.0,1400,0.0,0.0
2023-06-09 14:00:00+09:00,4090.0,4105.0,4090.0,4105.0,2000,0.0,0.0
2023-06-12 09:00:00+09:00,4120.0,4120.0,4110.0,4120.0,3300,0.0,0.0
2023-06-12 10:00:00+09:00,4120.0,4120.0,4120.0,4120.0,500,0.0,0.0
2023-06-12 11:00:00+09:00,4120.0,4120.0,4120.0,4120.0,0,0.0,0.0
2023-06-12 12:00:00+09:00,4110.0,4115.0,4105.0,4115.0,5200,0.0,0.0
2023-06-12 13:00:00+09:00,4110.0,4110.0,4105.0,4110.0,300,0.0,0.0
2023-06-12 14:00:00+09:00,4100.0,4120.0,4100.0,4120.0,1300,0.0,0.0
2023-06-13 09:00:00+09:00,4135.0,4135.0,4120.0,4120.0,2100,0.0,0.0
2023-06-13 10:00:00+09:00,4120.0,4125.0,4110.0,4125.0,1200,0.0,0.0
2023-06-13 11:00:00+09:00,4120.0,4125.0,4120.0,4120.0,0,0.0,0.0
2023-06-13 12:00:00+09:00,4125.0,4140.0,4125.0,4135.0,5600,0.0,0.0
2023-06-13 13:00:00+09:00,4130.0,4130.0,4130.0,4130.0,1200,0.0,0.0
2023-06-13 14:00:00+09:00,4130.0,4140.0,4130.0,4130.0,1700,0.0,0.0
2023-06-14 09:00:00+09:00,4135.0,4135.0,4120.0,4130.0,2700,0.0,0.0
2023-06-14 10:00:00+09:00,4135.0,4140.0,4125.0,4135.0,1500,0.0,0.0
2023-06-14 11:00:00+09:00,4125.0,4125.0,4115.0,4120.0,0,0.0,0.0
2023-06-14 12:00:00+09:00,4125.0,4130.0,4125.0,4130.0,5900,0.0,0.0
2023-06-14 13:00:00+09:00,4135.0,4135.0,4130.0,4130.0,1300,0.0,0.0
2023-06-14 14:00:00+09:00,4135.0,4140.0,4130.0,4135.0,2100,0.0,0.0
2023-06-15 09:00:00+09:00,4135.0,4140.0,4130.0,4140.0,2200,0.0,0.0
2023-06-15 10:00:00+09:00,4140.0,4140.0,4135.0,4135.0,0,0.0,0.0
2023-06-15 11:00:00+09:00,4135.0,4140.0,4135.0,4140.0,0,0.0,0.0
2023-06-15 12:00:00+09:00,4150.0,4150.0,4135.0,4150.0,5300,0.0,0.0
2023-06-15 13:00:00+09:00,4155.0,4155.0,4140.0,4140.0,2600,0.0,0.0
2023-06-15 14:00:00+09:00,4145.0,4145.0,4125.0,4130.0,3500,0.0,0.0
2023-06-16 09:00:00+09:00,4155.0,4155.0,4135.0,4145.0,3000,0.0,0.0
2023-06-16 10:00:00+09:00,4150.0,4150.0,4145.0,4150.0,600,0.0,0.0
2023-06-16 11:00:00+09:00,4155.0,4155.0,4145.0,4145.0,0,0.0,0.0
2023-06-16 12:00:00+09:00,4155.0,4155.0,4140.0,4140.0,7600,0.0,0.0
2023-06-16 13:00:00+09:00,4145.0,4145.0,4145.0,4145.0,1200,0.0,0.0
2023-06-16 14:00:00+09:00,4145.0,4145.0,4125.0,4130.0,3200,0.0,0.0
2023-06-19 09:00:00+09:00,4150.0,4150.0,4135.0,4135.0,2100,0.0,0.0
2023-06-19 10:00:00+09:00,4130.0,4135.0,4120.0,4120.0,1800,0.0,0.0
2023-06-19 11:00:00+09:00,4120.0,4130.0,4120.0,4130.0,0,0.0,0.0
2023-06-19 12:00:00+09:00,4130.0,4130.0,4110.0,4110.0,7200,0.0,0.0
2023-06-19 13:00:00+09:00,4110.0,4120.0,4105.0,4120.0,1100,0.0,0.0
2023-06-19 14:00:00+09:00,4115.0,4130.0,4115.0,4130.0,1500,0.0,0.0
2023-06-20 09:00:00+09:00,4135.0,4135.0,4120.0,4120.0,3300,0.0,0.0
2023-06-20 10:00:00+09:00,4115.0,4130.0,4115.0,4120.0,1300,0.0,0.0
2023-06-20 11:00:00+09:00,4130.0,4145.0,4130.0,4145.0,0,0.0,0.0
2023-06-20 12:00:00+09:00,4120.0,4135.0,4120.0,4135.0,8800,0.0,0.0
2023-06-20 13:00:00+09:00,4135.0,4145.0,4135.0,4135.0,1200,0.0,0.0
2023-06-20 14:00:00+09:00,4145.0,4155.0,4140.0,4155.0,4500,0.0,0.0
2023-06-21 09:00:00+09:00,4160.0,4180.0,4160.0,4180.0,3700,0.0,0.0
2023-06-21 10:00:00+09:00,4175.0,4185.0,4175.0,4180.0,600,0.0,0.0
2023-06-21 11:00:00+09:00,4180.0,4180.0,4170.0,4180.0,0,0.0,0.0
2023-06-21 12:00:00+09:00,4170.0,4170.0,4150.0,4150.0,7600,0.0,0.0
2023-06-21 13:00:00+09:00,4145.0,4145.0,4135.0,4140.0,0,0.0,0.0
2023-06-21 14:00:00+09:00,4150.0,4155.0,4130.0,4130.0,13100,0.0,0.0
2023-06-22 09:00:00+09:00,4155.0,4170.0,4140.0,4160.0,3900,0.0,0.0
2023-06-22 10:00:00+09:00,4155.0,4160.0,4150.0,4160.0,1000,0.0,0.0
2023-06-22 11:00:00+09:00,4160.0,4160.0,4160.0,4160.0,0,0.0,0.0
2023-06-22 12:00:00+09:00,4155.0,4155.0,4150.0,4150.0,6400,0.0,0.0
2023-06-22 13:00:00+09:00,4155.0,4155.0,4145.0,4145.0,400,0.0,0.0
2023-06-22 14:00:00+09:00,4155.0,4155.0,4135.0,4135.0,2400,0.0,0.0
2023-06-23 09:00:00+09:00,4160.0,4160.0,4140.0,4145.0,3600,0.0,0.0
2023-06-23 10:00:00+09:00,4140.0,4140.0,4120.0,4125.0,2900,0.0,0.0
2023-06-23 11:00:00+09:00,4120.0,4125.0,4120.0,4120.0,0,0.0,0.0
2023-06-23 12:00:00+09:00,4120.0,4135.0,4120.0,4130.0,20100,0.0,0.0
2023-06-23 13:00:00+09:00,4125.0,4125.0,4120.0,4120.0,1100,0.0,0.0
2023-06-23 14:00:00+09:00,4120.0,4125.0,4105.0,4105.0,3700,0.0,0.0
2023-06-26 09:00:00+09:00,4110.0,4120.0,4080.0,4120.0,0,0.0,0.0
2023-06-26 10:00:00+09:00,4110.0,4115.0,4105.0,4110.0,1200,0.0,0.0
2023-06-26 11:00:00+09:00,4110.0,4110.0,4110.0,4110.0,0,0.0,0.0
2023-06-26 12:00:00+09:00,4105.0,4115.0,4090.0,4090.0,8700,0.0,0.0
2023-06-26 13:00:00+09:00,4095.0,4105.0,4095.0,4095.0,1000,0.0,0.0
2023-06-26 14:00:00+09:00,4095.0,4105.0,4095.0,4095.0,800,0.0,0.0
2023-06-27 09:00:00+09:00,4090.0,4095.0,4080.0,4095.0,3700,0.0,0.0
2023-06-27 10:00:00+09:00,4090.0,4095.0,4090.0,4095.0,300,0.0,0.0
2023-06-27 11:00:00+09:00,4100.0,4105.0,4100.0,4105.0,0,0.0,0.0
2023-06-27 12:00:00+09:00,4095.0,4110.0,4095.0,4110.0,5600,0.0,0.0
2023-06-27 13:00:00+09:00,4105.0,4115.0,4105.0,4115.0,200,0.0,0.0
2023-06-27 14:00:00+09:00,4115.0,4115.0,4100.0,4105.0,700,0.0,0.0
2023-06-28 09:00:00+09:00,4110.0,4135.0,4110.0,4135.0,1900,0.0,0.0
2023-06-28 10:00:00+09:00,4130.0,4145.0,4130.0,4145.0,900,0.0,0.0
2023-06-28 11:00:00+09:00,4140.0,4145.0,4140.0,4140.0,0,0.0,0.0
2023-06-28 12:00:00+09:00,4140.0,4150.0,4140.0,4150.0,4700,0.0,0.0
2023-06-28 13:00:00+09:00,4150.0,4150.0,4140.0,4150.0,900,0.0,0.0
2023-06-28 14:00:00+09:00,4155.0,4165.0,4150.0,4165.0,2200,0.0,0.0
2023-06-29 09:00:00+09:00,4165.0,4170.0,4160.0,4160.0,1700,0.0,0.0
2023-06-29 10:00:00+09:00,4155.0,4155.0,4140.0,4150.0,1100,0.0,0.0
2023-06-29 11:00:00+09:00,4140.0,4140.0,4130.0,4140.0,0,0.0,0.0
2023-06-29 12:00:00+09:00,4130.0,4135.0,4120.0,4125.0,4800,0.0,0.0
2023-06-29 13:00:00+09:00,4125.0,4125.0,4120.0,4120.0,700,0.0,0.0
2023-06-29 14:00:00+09:00,4130.0,4140.0,4125.0,4135.0,3300,0.0,0.0
2023-06-30 09:00:00+09:00,4130.0,4135.0,4120.0,4120.0,0,0.0,0.0
2023-06-30 10:00:00+09:00,4115.0,4115.0,4110.0,4110.0,5700,0.0,0.0
2023-06-30 11:00:00+09:00,4110.0,4115.0,4110.0,4115.0,0,0.0,0.0
2023-06-30 12:00:00+09:00,4125.0,4125.0,4115.0,4120.0,6900,0.0,0.0
2023-06-30 13:00:00+09:00,4115.0,4120.0,4115.0,4120.0,300,0.0,0.0
2023-06-30 14:00:00+09:00,4120.0,4120.0,4110.0,4120.0,2600,0.0,0.0
2023-07-03 09:00:00+09:00,4140.0,4155.0,4140.0,4155.0,0,0.0,0.0
2023-07-03 10:00:00+09:00,4145.0,4145.0,4140.0,4140.0,900,0.0,0.0
2023-07-03 11:00:00+09:00,4145.0,4150.0,4145.0,4150.0,0,0.0,0.0
2023-07-03 12:00:00+09:00,4135.0,4145.0,4135.0,4140.0,4900,0.0,0.0
2023-07-03 13:00:00+09:00,4140.0,4145.0,4140.0,4140.0,800,0.0,0.0
2023-07-03 14:00:00+09:00,4140.0,4145.0,4140.0,4145.0,600,0.0,0.0
2023-07-04 09:00:00+09:00,4140.0,4140.0,4120.0,4135.0,4000,0.0,0.0
2023-07-04 10:00:00+09:00,4130.0,4135.0,4130.0,4135.0,1100,0.0,0.0
2023-07-04 11:00:00+09:00,4130.0,4135.0,4125.0,4135.0,0,0.0,0.0
2023-07-04 12:00:00+09:00,4125.0,4135.0,4125.0,4135.0,6900,0.0,0.0
2023-07-04 13:00:00+09:00,4135.0,4140.0,4135.0,4140.0,400,0.0,0.0
2023-07-04 14:00:00+09:00,4140.0,4145.0,4135.0,4140.0,1100,0.0,0.0
2023-07-05 09:00:00+09:00,4125.0,4125.0,4110.0,4110.0,2800,0.0,0.0
2023-07-05 10:00:00+09:00,4120.0,4135.0,4120.0,4125.0,2100,0.0,0.0
2023-07-05 11:00:00+09:00,4120.0,4130.0,4120.0,4130.0,0,0.0,0.0
2023-07-05 12:00:00+09:00,4135.0,4135.0,4125.0,4125.0,6300,0.0,0.0
2023-07-05 13:00:00+09:00,4120.0,4120.0,4110.0,4120.0,1400,0.0,0.0
2023-07-05 14:00:00+09:00,4125.0,4130.0,4120.0,4125.0,1900,0.0,0.0
2023-07-06 09:00:00+09:00,4115.0,4130.0,4105.0,4130.0,4200,0.0,0.0
2023-07-06 10:00:00+09:00,4120.0,4120.0,4110.0,4110.0,900,0.0,0.0
2023-07-06 11:00:00+09:00,4110.0,4115.0,4110.0,4115.0,0,0.0,0.0
2023-07-06 12:00:00+09:00,4100.0,4105.0,4100.0,4105.0,7300,0.0,0.0
2023-07-06 13:00:00+09:00,4105.0,4105.0,4105.0,4105.0,800,0.0,0.0
2023-07-06 14:00:00+09:00,4105.0,4105.0,4100.0,4100.0,2000,0.0,0.0
2023-07-07 09:00:00+09:00,4100.0,4105.0,4070.0,4105.0,8200,0.0,0.0
2023-07-07 10:00:00+09:00,4115.0,4115.0,4105.0,4110.0,1300,0.0,0.0
2023-07-07 11:00:00+09:00,4110.0,4115.0,4110.0,4115.0,0,0.0,0.0
2023-07-07 12:00:00+09:00,4115.0,4125.0,4115.0,4125.0,10300,0.0,0.0
2023-07-07 13:00:00+09:00,4120.0,4120.0,4120.0,4120.0,100,0.0,0.0
2023-07-07 14:00:00+09:00,4115.0,4115.0,4090.0,4090.0,3100,0.0,0.0
2023-07-10 09:00:00+09:00,4110.0,4125.0,4100.0,4125.0,0,0.0,0.0
2023-07-10 10:00:00+09:00,4120.0,4120.0,4115.0,4115.0,1000,0.0,0.0
2023-07-10 11:00:00+09:00,4120.0,4130.0,4120.0,4130.0,0,0.0,0.0
2023-07-10 12:00:00+09:00,4115.0,4115.0,4110.0,4110.0,7400,0.0,0.0
2023-07-10 13:00:00+09:00,4110.0,4135.0,4105.0,4120.0,2600,0.0,0.0
2023-07-10 14:00:00+09:00,4120.0,4130.0,4110.0,4110.0,5500,0.0,0.0
2023-07-11 09:00:00+09:00,4135.0,4135.0,4105.0,4120.0,2400,0.0,0.0
2023-07-11 10:00:00+09:00,4120.0,4125.0,4120.0,4120.0,600,0.0,0.0
2023-07-11 11:00:00+09:00,4120.0,4120.0,4120.0,4120.0,0,0.0,0.0
2023-07-11 12:00:00+09:00,4130.0,4130.0,4120.0,4120.0,3600,0.0,0.0
2023-07-11 13:00:00+09:00,4115.0,4115.0,4110.0,4110.0,2100,0.0,0.0
2023-07-11 14:00:00+09:00,4110.0,4120.0,4105.0,4105.0,2800,0.0,0.0
2023-07-12 09:00:00+09:00,4105.0,4115.0,4105.0,4115.0,2300,0.0,0.0
2023-07-12 10:00:00+09:00,4115.0,4120.0,4115.0,4115.0,400,0.0,0.0
2023-07-12 11:00:00+09:00,4125.0,4125.0,4125.0,4125.0,0,0.0,0.0
2023-07-12 12:00:00+09:00,4120.0,4125.0,4120.0,4125.0,4000,0.0,0.0
2023-07-12 13:00:00+09:00,4130.0,4130.0,4120.0,4120.0,700,0.0,0.0
2023-07-12 14:00:00+09:00,4120.0,4120.0,4110.0,4110.0,600,0.0,0.0
2023-07-13 09:00:00+09:00,4115.0,4120.0,4105.0,4115.0,2500,0.0,0.0
2023-07-13 10:00:00+09:00,4120.0,4120.0,4120.0,4120.0,500,0.0,0.0
2023-07-13 11:00:00+09:00,4115.0,4130.0,4115.0,4130.0,0,0.0,0.0
2023-07-13 12:00:00+09:00,4130.0,4130.0,4120.0,4125.0,5900,0.0,0.0
2023-07-13 13:00:00+09:00,4125.0,4125.0,4110.0,4120.0,1100,0.0,0.0
2023-07-13 14:00:00+09:00,4120.0,4125.0,4110.0,4125.0,2000,0.0,0.0
2023-07-14 09:00:00+09:00,4130.0,4130.0,4100.0,4105.0,2700,0.0,0.0
2023-07-14 10:00:00+09:00,4100.0,4100.0,4090.0,4100.0,4400,0.0,0.0
2023-07-14 11:00:00+09:00,4100.0,4100.0,4100.0,4100.0,0,0.0,0.0
2023-07-14 12:00:00+09:00,4100.0,4110.0,4100.0,4110.0,8000,0.0,0.0
2023-07-14 13:00:00+09:00,4105.0,4110.0,4105.0,4110.0,400,0.0,0.0
2023-07-14 14:00:00+09:00,4105.0,4120.0,4095.0,4120.0,2200,0.0,0.0
2023-07-18 09:00:00+09:00,4110.0,4125.0,4110.0,4115.0,2500,0.0,0.0
2023-07-18 10:00:00+09:00,4115.0,4115.0,4115.0,4115.0,400,0.0,0.0
2023-07-18 11:00:00+09:00,4120.0,4120.0,4110.0,4110.0,0,0.0,0.0
2023-07-18 12:00:00+09:00,4110.0,4120.0,4110.0,4115.0,4900,0.0,0.0
2023-07-18 13:00:00+09:00,4115.0,4120.0,4115.0,4120.0,600,0.0,0.0
2023-07-18 14:00:00+09:00,4115.0,4120.0,4115.0,4115.0,800,0.0,0.0
2023-07-19 09:00:00+09:00,4140.0,4145.0,4125.0,4125.0,2800,0.0,0.0
2023-07-19 10:00:00+09:00,4120.0,4130.0,4120.0,4130.0,2200,0.0,0.0
2023-07-19 11:00:00+09:00,4135.0,4140.0,4135.0,4135.0,0,0.0,0.0
2023-07-19 12:00:00+09:00,4140.0,4140.0,4125.0,4125.0,7600,0.0,0.0
2023-07-19 13:00:00+09:00,4125.0,4130.0,4125.0,4125.0,300,0.0,0.0
2023-07-19 14:00:00+09:00,4125.0,4135.0,4125.0,4135.0,2300,0.0,0.0
2023-07-20 09:00:00+09:00,4140.0,4155.0,4135.0,4155.0,3700,0.0,0.0
2023-07-20 10:00:00+09:00,4150.0,4150.0,4145.0,4145.0,1200,0.0,0.0
2023-07-20 11:00:00+09:00,4145.0,4145.0,4130.0,4130.0,0,0.0,0.0
2023-07-20 12:00:00+09:00,4130.0,4130.0,4125.0,4125.0,7200,0.0,0.0
2023-07-20 13:00:00+09:00,4130.0,4130.0,4125.0,4125.0,600,0.0,0.0
2023-07-20 14:00:00+09:00,4125.0,4130.0,4120.0,4130.0,1000,0.0,0.0
2023-07-21 09:00:00+09:00,4140.0,4140.0,4125.0,4130.0,2500,0.0,0.0
2023-07-21 10:00:00+09:00,4130.0,4140.0,4130.0,4140.0,300,0.0,0.0
2023-07-21 11:00:00+09:00,4135.0,4135.0,4130.0,4130.0,0,0.0,0.0
2023-07-21 12:00:00+09:00,4130.0,4130.0,4125.0,4125.0,4200,0.0,0.0
2023-07-21 13:00:00+09:00,4125.0,4125.0,4120.0,4125.0,500,0.0,0.0
2023-07-21 14:00:00+09:00,4125.0,4135.0,4125.0,4130.0,1600,0.0,0.0
2023-07-24 09:00:00+09:00,4150.0,4180.0,4150.0,4170.0,5800,0.0,0.0
2023-07-24 10:00:00+09:00,4170.0,4180.0,4165.0,4175.0,1900,0.0,0.0
2023-07-24 11:00:00+09:00,4175.0,4180.0,4175.0,4180.0,0,0.0,0.0
2023-07-24 12:00:00+09:00,4180.0,4180.0,4170.0,4170.0,9000,0.0,0.0
2023-07-24 13:00:00+09:00,4175.0,4175.0,4170.0,4175.0,900,0.0,0.0
2023-07-24 14:00:00+09:00,4175.0,4180.0,4170.0,4180.0,1300,0.0,0.0
2023-07-25 09:00:00+09:00,4190.0,4195.0,4180.0,4185.0,7200,0.0,0.0
2023-07-25 10:00:00+09:00,4180.0,4190.0,4175.0,4180.0,800,0.0,0.0
2023-07-25 11:00:00+09:00,4180.0,4180.0,4175.0,4175.0,0,0.0,0.0
2023-07-25 12:00:00+09:00,4180.0,4180.0,4165.0,4170.0,10100,0.0,0.0
2023-07-25 13:00:00+09:00,4175.0,4175.0,4170.0,4170.0,200,0.0,0.0
2023-07-25 14:00:00+09:00,4170.0,4170.0,4150.0,4160.0,4300,0.0,0.0
2023-07-26 09:00:00+09:00,4155.0,4155.0,4135.0,4135.0,2500,0.0,0.0
2023-07-26 10:00:00+09:00,4140.0,4145.0,4140.0,4140.0,1800,0.0,0.0
2023-07-26 11:00:00+09:00,4140.0,4140.0,4135.0,4140.0,0,0.0,0.0
2023-07-26 12:00:00+09:00,4135.0,4140.0,4135.0,4140.0,5000,0.0,0.0
2023-07-26 13:00:00+09:00,4135.0,4140.0,4135.0,4140.0,1100,0.0,0.0
2023-07-26 14:00:00+09:00,4140.0,4145.0,4140.0,4145.0,1000,0.0,0.0
2023-07-27 09:00:00+09:00,4145.0,4170.0,4145.0,4160.0,1800,0.0,0.0
2023-07-27 10:00:00+09:00,4160.0,4160.0,4160.0,4160.0,400,0.0,0.0
2023-07-27 11:00:00+09:00,4160.0,4165.0,4160.0,4165.0,0,0.0,0.0
2023-07-27 12:00:00+09:00,4165.0,4165.0,4165.0,4165.0,2500,0.0,0.0
2023-07-27 13:00:00+09:00,4165.0,4165.0,4165.0,4165.0,400,0.0,0.0
2023-07-27 14:00:00+09:00,4165.0,4170.0,4165.0,4170.0,1500,0.0,0.0
2023-07-28 09:00:00+09:00,4150.0,4170.0,4150.0,4165.0,6100,0.0,0.0
2023-07-28 10:00:00+09:00,4165.0,4170.0,4165.0,4170.0,400,0.0,0.0
2023-07-28 11:00:00+09:00,4170.0,4170.0,4170.0,4170.0,0,0.0,0.0
2023-07-28 12:00:00+09:00,4155.0,4170.0,4155.0,4160.0,9000,0.0,0.0
2023-07-28 13:00:00+09:00,4155.0,4165.0,4150.0,4165.0,700,0.0,0.0
2023-07-28 14:00:00+09:00,4165.0,4185.0,4155.0,4180.0,5200,0.0,0.0
2023-07-31 09:00:00+09:00,4205.0,4235.0,4190.0,4230.0,10500,0.0,0.0
2023-07-31 10:00:00+09:00,4230.0,4235.0,4220.0,4230.0,2200,0.0,0.0
2023-07-31 11:00:00+09:00,4225.0,4225.0,4225.0,4225.0,0,0.0,0.0
2023-07-31 12:00:00+09:00,4225.0,4235.0,4215.0,4230.0,17200,0.0,0.0
2023-07-31 13:00:00+09:00,4225.0,4230.0,4220.0,4220.0,2400,0.0,0.0
2023-07-31 14:00:00+09:00,4220.0,4245.0,4220.0,4245.0,4800,0.0,0.0
2023-08-01 09:00:00+09:00,4240.0,4240.0,4215.0,4215.0,4700,0.0,0.0
2023-08-01 10:00:00+09:00,4225.0,4225.0,4225.0,4225.0,500,0.0,0.0
2023-08-01 11:00:00+09:00,4230.0,4240.0,4230.0,4240.0,0,0.0,0.0
2023-08-01 12:00:00+09:00,4240.0,4245.0,4230.0,4245.0,6700,0.0,0.0
2023-08-01 13:00:00+09:00,4240.0,4240.0,4240.0,4240.0,1100,0.0,0.0
2023-08-01 14:00:00+09:00,4240.0,4240.0,4235.0,4235.0,1600,0.0,0.0
2023-08-02 09:00:00+09:00,4230.0,4230.0,4215.0,4220.0,4200,0.0,0.0
2023-08-02 10:00:00+09:00,4225.0,4230.0,4210.0,4210.0,1800,0.0,0.0
2023-08-02 11:00:00+09:00,4210.0,4210.0,4200.0,4205.0,0,0.0,0.0
2023-08-02 12:00:00+09:00,4205.0,4210.0,4200.0,4200.0,10200,0.0,0.0
2023-08-02 13:00:00+09:00,4200.0,4200.0,4185.0,4185.0,2300,0.0,0.0
2023-08-02 14:00:00+09:00,4185.0,4190.0,4180.0,4185.0,2800,0.0,0.0
2023-08-03 09:00:00+09:00,4125.0,4125.0,4075.0,4075.0,20400,0.0,0.0
2023-08-03 10:00:00+09:00,4080.0,4110.0,4080.0,4100.0,4700,0.0,0.0
2023-08-03 11:00:00+09:00,4100.0,4100.0,4100.0,4100.0,0,0.0,0.0
2023-08-03 12:00:00+09:00,4100.0,4105.0,4095.0,4105.0,28500,0.0,0.0
2023-08-03 13:00:00+09:00,4105.0,4110.0,4105.0,4110.0,1600,0.0,0.0
2023-08-03 14:00:00+09:00,4105.0,4105.0,4095.0,4100.0,4400,0.0,0.0
2023-08-04 09:00:00+09:00,4125.0,4125.0,4090.0,4105.0,6100,0.0,0.0
2023-08-04 10:00:00+09:00,4110.0,4110.0,4095.0,4100.0,1800,0.0,0.0
2023-08-04 11:00:00+09:00,4100.0,4100.0,4090.0,4090.0,0,0.0,0.0
2023-08-04 12:00:00+09:00,4095.0,4100.0,4095.0,4095.0,10000,0.0,0.0
2023-08-04 13:00:00+09:00,4090.0,4100.0,4090.0,4095.0,0,0.0,0.0
2023-08-04 14:00:00+09:00,4095.0,4110.0,4095.0,4105.0,14500,0.0,0.0
2023-08-07 09:00:00+09:00,4115.0,4130.0,4110.0,4125.0,3000,0.0,0.0
2023-08-07 10:00:00+09:00,4125.0,4140.0,4125.0,4140.0,1300,0.0,0.0
2023-08-07 11:00:00+09:00,4135.0,4140.0,4135.0,4140.0,0,0.0,0.0
2023-08-07 12:00:00+09:00,4150.0,4155.0,4145.0,4150.0,6500,0.0,0.0
2023-08-07 13:00:00+09:00,4145.0,4145.0,4145.0,4145.0,400,0.0,0.0
2023-08-07 14:00:00+09:00,4140.0,4145.0,4140.0,4145.0,1700,0.0,0.0
2023-08-08 09:00:00+09:00,4150.0,4175.0,4150.0,4175.0,3000,0.0,0.0
2023-08-08 10:00:00+09:00,4175.0,4175.0,4175.0,4175.0,800,0.0,0.0
2023-08-08 11:00:00+09:00,4180.0,4185.0,4180.0,4185.0,0,0.0,0.0
2023-08-08 12:00:00+09:00,4185.0,4195.0,4185.0,4195.0,6500,0.0,0.0
2023-08-08 13:00:00+09:00,4195.0,4195.0,4190.0,4190.0,300,0.0,0.0
2023-08-08 14:00:00+09:00,4190.0,4195.0,4180.0,4180.0,2300,0.0,0.0
2023-08-09 09:00:00+09:00,4180.0,4180.0,4160.0,4165.0,2600,0.0,0.0
2023-08-09 10:00:00+09:00,4165.0,4175.0,4165.0,4175.0,1400,0.0,0.0
2023-08-09 11:00:00+09:00,4170.0,4170.0,4170.0,4170.0,0,0.0,0.0
2023-08-09 12:00:00+09:00,4150.0,4155.0,4150.0,4155.0,4700,0.0,0.0
2023-08-09 13:00:00+09:00,4145.0,4150.0,4145.0,4145.0,700,0.0,0.0
2023-08-09 14:00:00+09:00,4145.0,4150.0,4145.0,4150.0,900,0.0,0.0
2023-08-10 09:00:00+09:00,4170.0,4170.0,4150.0,4165.0,0,0.0,0.0
2023-08-10 10:00:00+09:00,4165.0,4170.0,4155.0,4170.0,3600,0.0,0.0
2023-08-10 11:00:00+09:00,4170.0,4170.0,4170.0,4170.0,0,0.0,0.0
2023-08-10 12:00:00+09:00,4160.0,4175.0,4160.0,4170.0,5600,0.0,0.0
2023-08-10 13:00:00+09:00,4175.0,4185.0,4175.0,4185.0,800,0.0,0.0
2023-08-10 14:00:00+09:00,4180.0,4190.0,4180.0,4185.0,2900,0.0,0.0
2023-08-14 09:00:00+09:00,4195.0,4220.0,4190.0,4210.0,4900,0.0,0.0
2023-08-14 10:00:00+09:00,4210.0,4210.0,4195.0,4200.0,1800,0.0,0.0
2023-08-14 11:00:00+09:00,4195.0,4200.0,4195.0,4200.0,0,0.0,0.0
2023-08-14 12:00:00+09:00,4190.0,4195.0,4190.0,4195.0,8000,0.0,0.0
2023-08-14 13:00:00+09:00,4190.0,4190.0,4190.0,4190.0,600,0.0,0.0
2023-08-14 14:00:00+09:00,4195.0,4205.0,4195.0,4195.0,1500,0.0,0.0
2023-08-15 09:00:00+09:00,4210.0,4210.0,4185.0,4200.0,1500,0.0,0.0
2023-08-15 10:00:00+09:00,4205.0,4210.0,4200.0,4210.0,900,0.0,0.0
2023-08-15 11:00:00+09:00,4215.0,4215.0,4215.0,4215.0,0,0.0,0.0
2023-08-15 12:00:00+09:00,4215.0,4220.0,4215.0,4220.0,3300,0.0,0.0
2023-08-15 13:00:00+09:00,4215.0,4215.0,4205.0,4205.0,800,0.0,0.0
2023-08-15 14:00:00+09:00,4210.0,4215.0,4205.0,4205.0,1100,0.0,0.0
2023-08-16 09:00:00+09:00,4200.0,4200.0,4170.0,4180.0,3100,0.0,0.0
2023-08-16 10:00:00+09:00,4170.0,4170.0,4170.0,4170.0,300,0.0,0.0
2023-08-16 11:00:00+09:00,4175.0,4175.0,4170.0,4170.0,0,0.0,0.0
2023-08-16 12:00:00+09:00,4180.0,4180.0,4175.0,4175.0,4100,0.0,0.0
2023-08-16 13:00:00+09:00,4175.0,4175.0,4175.0,4175.0,500,0.0,0.0
2023-08-16 14:00:00+09:00,4175.0,4175.0,4165.0,4170.0,3300,0.0,0.0
2023-08-17 09:00:00+09:00,4170.0,4170.0,4155.0,4155.0,1300,0.0,0.0
2023-08-17 10:00:00+09:00,4150.0,4150.0,4140.0,4140.0,1500,0.0,0.0
2023-08-17 11:00:00+09:00,4135.0,4135.0,4135.0,4135.0,0,0.0,0.0
2023-08-17 12:00:00+09:00,4160.0,4160.0,4130.0,4130.0,5000,0.0,0.0
2023-08-17 13:00:00+09:00,4135.0,4140.0,4135.0,4140.0,900,0.0,0.0
2023-08-17 14:00:00+09:00,4140.0,4140.0,4130.0,4130.0,1200,0.0,0.0
2023-08-18 09:00:00+09:00,4125.0,4130.0,4110.0,4115.0,4000,0.0,0.0
2023-08-18 10:00:00+09:00,4110.0,4110.0,4105.0,4110.0,1200,0.0,0.0
2023-08-18 11:00:00+09:00,4110.0,4115.0,4110.0,4110.0,0,0.0,0.0
2023-08-18 12:00:00+09:00,4105.0,4105.0,4105.0,4105.0,7000,0.0,0.0
2023-08-18 13:00:00+09:00,4105.0,4110.0,4100.0,4105.0,1400,0.0,0.0
2023-08-18 14:00:00+09:00,4105.0,4105.0,4095.0,4105.0,6400,0.0,0.0
2023-08-21 09:00:00+09:00,4120.0,4130.0,4110.0,4125.0,2300,0.0,0.0
2023-08-21 10:00:00+09:00,4130.0,4130.0,4125.0,4125.0,900,0.0,0.0
2023-08-21 11:00:00+09:00,4125.0,4130.0,4125.0,4130.0,0,0.0,0.0
2023-08-21 12:00:00+09:00,4120.0,4135.0,4120.0,4135.0,5100,0.0,0.0
2023-08-21 14:00:00+09:00,4130.0,4130.0,4125.0,4125.0,1600,0.0,0.0
2023-08-22 09:00:00+09:00,4140.0,4140.0,4125.0,4125.0,2000,0.0,0.0
2023-08-22 10:00:00+09:00,4125.0,4125.0,4115.0,4115.0,900,0.0,0.0
2023-08-22 11:00:00+09:00,4110.0,4110.0,4110.0,4110.0,0,0.0,0.0
2023-08-22 12:00:00+09:00,4115.0,4115.0,4110.0,4110.0,3900,0.0,0.0
2023-08-22 13:00:00+09:00,4120.0,4120.0,4115.0,4115.0,500,0.0,0.0
2023-08-22 14:00:00+09:00,4120.0,4125.0,4120.0,4125.0,1300,0.0,0.0
2023-08-23 09:00:00+09:00,4135.0,4135.0,4120.0,4125.0,1100,0.0,0.0
2023-08-23 11:00:00+09:00,4130.0,4130.0,4130.0,4130.0,0,0.0,0.0
2023-08-23 12:00:00+09:00,4130.0,4135.0,4125.0,4130.0,2200,0.0,0.0
2023-08-23 13:00:00+09:00,4125.0,4125.0,4125.0,4125.0,400,0.0,0.0
2023-08-23 14:00:00+09:00,4130.0,4135.0,4130.0,4135.0,500,0.0,0.0
2023-08-24 09:00:00+09:00,4140.0,4140.0,4130.0,4135.0,1700,0.0,0.0
2023-08-24 10:00:00+09:00,4145.0,4150.0,4145.0,4150.0,1200,0.0,0.0
2023-08-24 11:00:00+09:00,4155.0,4155.0,4145.0,4150.0,0,0.0,0.0
2023-08-24 12:00:00+09:00,4145.0,4150.0,4145.0,4150.0,4300,0.0,0.0
2023-08-24 13:00:00+09:00,4155.0,4155.0,4155.0,4155.0,700,0.0,0.0
2023-08-24 14:00:00+09:00,4155.0,4160.0,4150.0,4150.0,1200,0.0,0.0
2023-08-25 09:00:00+09:00,4140.0,4155.0,4130.0,4150.0,4900,0.0,0.0
2023-08-25 10:00:00+09:00,4150.0,4150.0,4150.0,4150.0,100,0.0,0.0
2023-08-25 11:00:00+09:00,4145.0,4145.0,4145.0,4145.0,0,0.0,0.0
2023-08-25 12:00:00+09:00,4145.0,4150.0,4145.0,4150.0,6600,0.0,0.0
2023-08-25 13:00:00+09:00,4155.0,4160.0,4150.0,4150.0,800,0.0,0.0
2023-08-25 14:00:00+09:00,4145.0,4150.0,4140.0,4150.0,2200,0.0,0.0
2023-08-28 09:00:00+09:00,4170.0,4170.0,4155.0,4155.0,1400,0.0,0.0
2023-08-28 10:00:00+09:00,4155.0,4160.0,4155.0,4160.0,1000,0.0,0.0
2023-08-28 11:00:00+09:00,4165.0,4165.0,4165.0,4165.0,0,0.0,0.0
2023-08-28 12:00:00+09:00,4155.0,4155.0,4155.0,4155.0,3200,0.0,0.0
2023-08-28 14:00:00+09:00,4160.0,4170.0,4160.0,4170.0,800,0.0,0.0
2023-08-29 09:00:00+09:00,4170.0,4175.0,4170.0,4175.0,800,0.0,0.0
2023-08-29 10:00:00+09:00,4170.0,4180.0,4170.0,4175.0,1800,0.0,0.0
2023-08-29 11:00:00+09:00,4175.0,4175.0,4175.0,4175.0,0,0.0,0.0
2023-08-29 12:00:00+09:00,4180.0,4180.0,4170.0,4170.0,3600,0.0,0.0
2023-08-29 13:00:00+09:00,4175.0,4180.0,4175.0,4180.0,200,0.0,0.0
2023-08-29 14:00:00+09:00,4175.0,4180.0,4175.0,4175.0,600,0.0,0.0
2023-08-30 09:00:00+09:00,4195.0,4195.0,4165.0,4185.0,2900,0.0,0.0
2023-08-30 10:00:00+09:00,4185.0,4185.0,4180.0,4180.0,600,0.0,0.0
2023-08-30 11:00:00+09:00,4190.0,4190.0,4190.0,4190.0,0,0.0,0.0
2023-08-30 12:00:00+09:00,4180.0,4185.0,4180.0,4185.0,4300,0.0,0.0
2023-08-30 13:00:00+09:00,4185.0,4190.0,4185.0,4185.0,800,0.0,0.0
2023-08-30 14:00:00+09:00,4185.0,4190.0,4185.0,4190.0,1200,0.0,0.0
2023-08-31 09:00:00+09:00,4200.0,4220.0,4195.0,4220.0,3200,0.0,0.0
2023-08-31 10:00:00+09:00,4220.0,4225.0,4220.0,4220.0,1200,0.0,0.0
2023-08-31 11:00:00+09:00,4220.0,4220.0,4215.0,4215.0,0,0.0,0.0
2023-08-31 12:00:00+09:00,4205.0,4225.0,4205.0,4225.0,6300,0.0,0.0
2023-08-31 13:00:00+09:00,4220.0,4235.0,4220.0,4230.0,2400,0.0,0.0
2023-08-31 14:00:00+09:00,4230.0,4240.0,4230.0,4235.0,4000,0.0,0.0
2023-09-01 09:00:00+09:00,4240.0,4245.0,4220.0,4245.0,3800,0.0,0.0
2023-09-01 10:00:00+09:00,4240.0,4245.0,4240.0,4245.0,1800,0.0,0.0
2023-09-01 11:00:00+09:00,4240.0,4240.0,4235.0,4235.0,0,0.0,0.0
2023-09-01 12:00:00+09:00,4230.0,4235.0,4230.0,4230.0,6800,0.0,0.0
2023-09-01 13:00:00+09:00,4230.0,4230.0,4225.0,4225.0,1000,0.0,0.0
2023-09-01 14:00:00+09:00,4225.0,4230.0,4220.0,4225.0,800,0.0,0.0
2023-09-04 09:00:00+09:00,4225.0,4250.0,4210.0,4245.0,6400,0.0,0.0
2023-09-04 10:00:00+09:00,4250.0,4260.0,4250.0,4260.0,4500,0.0,0.0
2023-09-04 11:00:00+09:00,4260.0,4265.0,4250.0,4265.0,0,0.0,0.0
2023-09-04 12:00:00+09:00,4265.0,4265.0,4260.0,4260.0,12900,0.0,0.0
2023-09-04 13:00:00+09:00,4255.0,4255.0,4255.0,4255.0,400,0.0,0.0
2023-09-04 14:00:00+09:00,4260.0,4265.0,4255.0,4265.0,2600,0.0,0.0
2023-09-05 09:00:00+09:00,4265.0,4265.0,4245.0,4245.0,1700,0.0,0.0
2023-09-05 10:00:00+09:00,4240.0,4240.0,4230.0,4235.0,1100,0.0,0.0
2023-09-05 11:00:00+09:00,4235.0,4235.0,4235.0,4235.0,0,0.0,0.0
2023-09-05 12:00:00+09:00,4230.0,4230.0,4225.0,4225.0,3400,0.0,0.0
2023-09-05 13:00:00+09:00,4230.0,4235.0,4230.0,4230.0,500,0.0,0.0
2023-09-05 14:00:00+09:00,4230.0,4250.0,4230.0,4250.0,2900,0.0,0.0
2023-09-06 09:00:00+09:00,4250.0,4250.0,4230.0,4230.0,2100,0.0,0.0
2023-09-06 10:00:00+09:00,4235.0,4255.0,4230.0,4250.0,2300,0.0,0.0
2023-09-06 11:00:00+09:00,4250.0,4255.0,4250.0,4255.0,0,0.0,0.0
2023-09-06 12:00:00+09:00,4245.0,4250.0,4245.0,4250.0,5600,0.0,0.0
2023-09-06 13:00:00+09:00,4250.0,4255.0,4250.0,4255.0,900,0.0,0.0
2023-09-06 14:00:00+09:00,4250.0,4255.0,4250.0,4250.0,1400,0.0,0.0
2023-09-07 09:00:00+09:00,4240.0,4255.0,4235.0,4235.0,4900,0.0,0.0
2023-09-07 10:00:00+09:00,4240.0,4240.0,4235.0,4240.0,400,0.0,0.0
2023-09-07 11:00:00+09:00,4240.0,4245.0,4240.0,4245.0,0,0.0,0.0
2023-09-07 12:00:00+09:00,4240.0,4255.0,4240.0,4250.0,7700,0.0,0.0
2023-09-07 13:00:00+09:00,4250.0,4250.0,4245.0,4250.0,900,0.0,0.0
2023-09-07 14:00:00+09:00,4250.0,4250.0,4245.0,4250.0,2400,0.0,0.0
2023-09-08 09:00:00+09:00,4230.0,4250.0,4230.0,4230.0,10200,0.0,0.0
2023-09-08 10:00:00+09:00,4230.0,4230.0,4225.0,4225.0,500,0.0,0.0
2023-09-08 11:00:00+09:00,4225.0,4225.0,4225.0,4225.0,0,0.0,0.0
2023-09-08 12:00:00+09:00,4230.0,4230.0,4210.0,4210.0,13400,0.0,0.0
2023-09-08 13:00:00+09:00,4210.0,4210.0,4205.0,4205.0,1000,0.0,0.0
2023-09-08 14:00:00+09:00,4205.0,4220.0,4205.0,4205.0,2600,0.0,0.0
2023-09-11 09:00:00+09:00,4205.0,4225.0,4205.0,4205.0,2600,0.0,0.0
2023-09-11 10:00:00+09:00,4210.0,4210.0,4210.0,4210.0,100,0.0,0.0
2023-09-11 11:00:00+09:00,4215.0,4220.0,4215.0,4220.0,0,0.0,0.0
2023-09-11 12:00:00+09:00,4220.0,4220.0,4205.0,4205.0,3900,0.0,0.0
2023-09-11 13:00:00+09:00,4205.0,4205.0,4205.0,4205.0,200,0.0,0.0
2023-09-11 14:00:00+09:00,4205.0,4215.0,4205.0,4215.0,2400,0.0,0.0
2023-09-12 09:00:00+09:00,4220.0,4235.0,4220.0,4235.0,2500,0.0,0.0
2023-09-12 10:00:00+09:00,4235.0,4250.0,4230.0,4245.0,1400,0.0,0.0
2023-09-12 11:00:00+09:00,4240.0,4250.0,4240.0,4250.0,0,0.0,0.0
2023-09-12 12:00:00+09:00,4250.0,4250.0,4250.0,4250.0,5300,0.0,0.0
2023-09-12 13:00:00+09:00,4250.0,4255.0,4250.0,4250.0,600,0.0,0.0
2023-09-12 14:00:00+09:00,4255.0,4270.0,4255.0,4265.0,2400,0.0,0.0
2023-09-13 09:00:00+09:00,4235.0,4260.0,4235.0,4250.0,2200,0.0,0.0
2023-09-13 10:00:00+09:00,4245.0,4245.0,4240.0,4240.0,800,0.0,0.0
2023-09-13 11:00:00+09:00,4235.0,4245.0,4235.0,4235.0,0,0.0,0.0
2023-09-13 12:00:00+09:00,4235.0,4240.0,4235.0,4240.0,4200,0.0,0.0
2023-09-13 13:00:00+09:00,4240.0,4245.0,4240.0,4245.0,0,0.0,0.0
2023-09-13 14:00:00+09:00,4240.0,4240.0,4230.0,4230.0,7100,0.0,0.0
2023-09-14 09:00:00+09:00,4245.0,4245.0,4230.0,4235.0,3400,0.0,0.0
2023-09-14 10:00:00+09:00,4235.0,4240.0,4235.0,4240.0,500,0.0,0.0
2023-09-14 11:00:00+09:00,4240.0,4240.0,4240.0,4240.0,0,0.0,0.0
2023-09-14 12:00:00+09:00,4240.0,4240.0,4240.0,4240.0,4100,0.0,0.0
2023-09-14 13:00:00+09:00,4245.0,4245.0,4245.0,4245.0,700,0.0,0.0
2023-09-14 14:00:00+09:00,4245.0,4250.0,4245.0,4250.0,1300,0.0,0.0
2023-09-15 09:00:00+09:00,4240.0,4245.0,4235.0,4245.0,2600,0.0,0.0
2023-09-15 10:00:00+09:00,4245.0,4245.0,4240.0,4245.0,1800,0.0,0.0
2023-09-15 11:00:00+09:00,4250.0,4255.0,4250.0,4255.0,0,0.0,0.0
2023-09-15 12:00:00+09:00,4255.0,4255.0,4250.0,4250.0,6800,0.0,0.0
2023-09-15 13:00:00+09:00,4255.0,4275.0,4250.0,4275.0,0,0.0,0.0
2023-09-15 14:00:00+09:00,4275.0,4280.0,4270.0,4275.0,16300,0.0,0.0
2023-09-19 09:00:00+09:00,4270.0,4270.0,4250.0,4250.0,4900,0.0,0.0
2023-09-19 10:00:00+09:00,4250.0,4250.0,4245.0,4250.0,1200,0.0,0.0
2023-09-19 11:00:00+09:00,4250.0,4250.0,4245.0,4250.0,0,0.0,0.0
2023-09-19 12:00:00+09:00,4270.0,4270.0,4245.0,4250.0,8600,0.0,0.0
2023-09-19 13:00:00+09:00,4240.0,4240.0,4235.0,4240.0,1100,0.0,0.0
2023-09-19 14:00:00+09:00,4240.0,4265.0,4240.0,4265.0,1600,0.0,0.0
2023-09-20 09:00:00+09:00,4260.0,4260.0,4230.0,4240.0,6600,0.0,0.0
2023-09-20 10:00:00+09:00,4235.0,4240.0,4230.0,4235.0,2500,0.0,0.0
2023-09-20 11:00:00+09:00,4235.0,4235.0,4225.0,4225.0,0,0.0,0.0
2023-09-20 12:00:00+09:00,4225.0,4225.0,4215.0,4215.0,12600,0.0,0.0
2023-09-20 13:00:00+09:00,4220.0,4230.0,4215.0,4215.0,2100,0.0,0.0
2023-09-20 14:00:00+09:00,4215.0,4220.0,4205.0,4205.0,3900,0.0,0.0
2023-09-21 09:00:00+09:00,4215.0,4230.0,4215.0,4225.0,6400,0.0,0.0
2023-09-21 10:00:00+09:00,4225.0,4235.0,4225.0,4235.0,800,0.0,0.0
2023-09-21 11:00:00+09:00,4230.0,4230.0,4220.0,4220.0,0,0.0,0.0
2023-09-21 12:00:00+09:00,4220.0,4220.0,4220.0,4220.0,9300,0.0,0.0
2023-09-21 13:00:00+09:00,4220.0,4220.0,4215.0,4215.0,200,0.0,0.0
2023-09-21 14:00:00+09:00,4215.0,4225.0,4215.0,4225.0,2100,0.0,0.0
2023-09-22 09:00:00+09:00,4220.0,4220.0,4185.0,4205.0,15300,0.0,0.0
2023-09-22 10:00:00+09:00,4205.0,4210.0,4200.0,4200.0,1500,0.0,0.0
2023-09-22 11:00:00+09:00,4200.0,4200.0,4185.0,4190.0,0,0.0,0.0
2023-09-22 12:00:00+09:00,4205.0,4205.0,4190.0,4190.0,21300,0.0,0.0
2023-09-22 13:00:00+09:00,4190.0,4190.0,4175.0,4185.0,4100,0.0,0.0
2023-09-22 14:00:00+09:00,4180.0,4200.0,4180.0,4190.0,3200,0.0,0.0
2023-09-25 09:00:00+09:00,4185.0,4215.0,4180.0,4205.0,31200,0.0,0.0
2023-09-25 10:00:00+09:00,4215.0,4230.0,4215.0,4225.0,2900,0.0,0.0
2023-09-25 11:00:00+09:00,4230.0,4230.0,4220.0,4220.0,0,0.0,0.0
2023-09-25 12:00:00+09:00,4220.0,4220.0,4215.0,4220.0,40500,0.0,0.0
2023-09-25 13:00:00+09:00,4215.0,4215.0,4215.0,4215.0,400,0.0,0.0
2023-09-25 14:00:00+09:00,4210.0,4225.0,4210.0,4215.0,2900,0.0,0.0
2023-09-26 09:00:00+09:00,4225.0,4230.0,4205.0,4225.0,29800,0.0,0.0
2023-09-26 10:00:00+09:00,4230.0,4235.0,4230.0,4235.0,900,0.0,0.0
2023-09-26 11:00:00+09:00,4235.0,4235.0,4230.0,4230.0,0,0.0,0.0
2023-09-26 12:00:00+09:00,4230.0,4230.0,4230.0,4230.0,38700,0.0,0.0
2023-09-26 13:00:00+09:00,4230.0,4230.0,4225.0,4230.0,1000,0.0,0.0
2023-09-26 14:00:00+09:00,4230.0,4235.0,4220.0,4220.0,2400,0.0,0.0
2023-09-27 09:00:00+09:00,4245.0,4245.0,4180.0,4195.0,102800,0.0,0.0
2023-09-27 10:00:00+09:00,4200.0,4200.0,4185.0,4185.0,3600,0.0,0.0
2023-09-27 11:00:00+09:00,4185.0,4195.0,4185.0,4195.0,0,0.0,0.0
2023-09-27 12:00:00+09:00,4210.0,4210.0,4195.0,4195.0,122500,0.0,0.0
2023-09-27 13:00:00+09:00,4200.0,4200.0,4190.0,4195.0,3100,0.0,0.0
2023-09-27 14:00:00+09:00,4190.0,4195.0,4180.0,4195.0,5800,0.0,0.0
2023-09-28 09:00:00+09:00,4155.0,4155.0,4125.0,4130.0,31000,0.0,0.0
2023-09-28 10:00:00+09:00,4125.0,4140.0,4120.0,4130.0,3400,0.0,0.0
2023-09-28 11:00:00+09:00,4135.0,4135.0,4120.0,4120.0,0,0.0,0.0
2023-09-28 12:00:00+09:00,4110.0,4110.0,4080.0,4090.0,46500,0.0,0.0
2023-09-28 13:00:00+09:00,4080.0,4115.0,4080.0,4115.0,2100,0.0,0.0
2023-09-28 14:00:00+09:00,4120.0,4120.0,4100.0,4110.0,6900,0.0,0.0
2023-09-29 09:00:00+09:00,4140.0,4170.0,4135.0,4140.0,7300,0.0,0.0
2023-09-29 10:00:00+09:00,4145.0,4150.0,4120.0,4120.0,1700,0.0,0.0
2023-09-29 11:00:00+09:00,4120.0,4120.0,4115.0,4115.0,0,0.0,0.0
2023-09-29 12:00:00+09:00,4115.0,4125.0,4115.0,4115.0,11700,0.0,0.0
2023-09-29 13:00:00+09:00,4115.0,4125.0,4105.0,4105.0,3200,0.0,0.0
2023-09-29 14:00:00+09:00,4100.0,4120.0,4090.0,4110.0,7200,0.0,0.0
2023-10-02 09:00:00+09:00,4110.0,4125.0,4090.0,4100.0,6800,0.0,0.0
2023-10-02 10:00:00+09:00,4105.0,4120.0,4105.0,4120.0,1200,0.0,0.0
2023-10-02 11:00:00+09:00,4120.0,4120.0,4110.0,4110.0,0,0.0,0.0
2023-10-02 12:00:00+09:00,4105.0,4110.0,4100.0,4100.0,10900,0.0,0.0
2023-10-02 13:00:00+09:00,4100.0,4100.0,4080.0,4085.0,7000,0.0,0.0
2023-10-02 14:00:00+09:00,4085.0,4085.0,4065.0,4070.0,5200,0.0,0.0
2023-10-03 09:00:00+09:00,4065.0,4115.0,4065.0,4115.0,4600,0.0,0.0
2023-10-03 10:00:00+09:00,4110.0,4110.0,4090.0,4100.0,2400,0.0,0.0
2023-10-03 11:00:00+09:00,4105.0,4115.0,4105.0,4115.0,0,0.0,0.0
2023-10-03 12:00:00+09:00,4115.0,4115.0,4095.0,4095.0,9800,0.0,0.0
2023-10-03 13:00:00+09:00,4095.0,4095.0,4085.0,4095.0,2300,0.0,0.0
2023-10-03 14:00:00+09:00,4080.0,4085.0,4080.0,4080.0,3100,0.0,0.0
2023-10-04 09:00:00+09:00,4060.0,4075.0,4045.0,4060.0,6400,0.0,0.0
2023-10-04 10:00:00+09:00,4060.0,4075.0,4060.0,4065.0,1900,0.0,0.0
2023-10-04 11:00:00+09:00,4065.0,4065.0,4065.0,4065.0,0,0.0,0.0
2023-10-04 12:00:00+09:00,4065.0,4065.0,4055.0,4060.0,10200,0.0,0.0
2023-10-04 13:00:00+09:00,4055.0,4070.0,4045.0,4060.0,7000,0.0,0.0
2023-10-04 14:00:00+09:00,4055.0,4065.0,4045.0,4045.0,5700,0.0,0.0
2023-10-05 09:00:00+09:00,4050.0,4095.0,4050.0,4090.0,7800,0.0,0.0
2023-10-05 10:00:00+09:00,4090.0,4095.0,4090.0,4090.0,300,0.0,0.0
2023-10-05 11:00:00+09:00,4090.0,4090.0,4085.0,4085.0,0,0.0,0.0
2023-10-05 12:00:00+09:00,4090.0,4095.0,4090.0,4095.0,10100,0.0,0.0
2023-10-05 13:00:00+09:00,4090.0,4105.0,4090.0,4100.0,800,0.0,0.0
2023-10-05 14:00:00+09:00,4105.0,4110.0,4100.0,4110.0,2300,0.0,0.0
2023-10-06 09:00:00+09:00,4100.0,4120.0,4095.0,4110.0,3300,0.0,0.0
2023-10-06 10:00:00+09:00,4115.0,4115.0,4115.0,4115.0,400,0.0,0.0
2023-10-06 11:00:00+09:00,4120.0,4120.0,4120.0,4120.0,0,0.0,0.0
2023-10-06 12:00:00+09:00,4125.0,4125.0,4110.0,4110.0,4900,0.0,0.0
2023-10-06 13:00:00+09:00,4115.0,4130.0,4115.0,4120.0,1600,0.0,0.0
2023-10-06 14:00:00+09:00,4120.0,4120.0,4110.0,4110.0,1800,0.0,0.0
2023-10-10 09:00:00+09:00,4135.0,4135.0,4115.0,4125.0,2600,0.0,0.0
2023-10-10 10:00:00+09:00,4130.0,4130.0,4125.0,4125.0,300,0.0,0.0
2023-10-10 11:00:00+09:00,4120.0,4125.0,4120.0,4125.0,0,0.0,0.0
2023-10-10 12:00:00+09:00,4120.0,4125.0,4120.0,4125.0,4400,0.0,0.0
2023-10-10 13:00:00+09:00,4125.0,4135.0,4125.0,4135.0,800,0.0,0.0
2023-10-10 14:00:00+09:00,4125.0,4150.0,4125.0,4140.0,3500,0.0,0.0
2023-10-11 09:00:00+09:00,4150.0,4150.0,4120.0,4120.0,2600,0.0,0.0
2023-10-11 10:00:00+09:00,4120.0,4125.0,4120.0,4125.0,600,0.0,0.0
2023-10-11 11:00:00+09:00,4130.0,4135.0,4130.0,4135.0,0,0.0,0.0
2023-10-11 12:00:00+09:00,4125.0,4140.0,4125.0,4140.0,4400,0.0,0.0
2023-10-11 13:00:00+09:00,4135.0,4135.0,4125.0,4125.0,1000,0.0,0.0
2023-10-11 14:00:00+09:00,4120.0,4120.0,4105.0,4115.0,1600,0.0,0.0
2023-10-12 09:00:00+09:00,4130.0,4140.0,4115.0,4135.0,4900,0.0,0.0
2023-10-12 10:00:00+09:00,4130.0,4145.0,4125.0,4145.0,2400,0.0,0.0
2023-10-12 11:00:00+09:00,4150.0,4155.0,4150.0,4155.0,0,0.0,0.0
2023-10-12 12:00:00+09:00,4155.0,4165.0,4155.0,4160.0,9700,0.0,0.0
2023-10-12 13:00:00+09:00,4160.0,4165.0,4160.0,4160.0,1500,0.0,0.0
2023-10-12 14:00:00+09:00,4165.0,4165.0,4155.0,4160.0,3700,0.0,0.0
2023-10-13 09:00:00+09:00,4150.0,4165.0,4145.0,4165.0,5000,0.0,0.0
2023-10-13 10:00:00+09:00,4155.0,4160.0,4155.0,4155.0,1000,0.0,0.0
2023-10-13 11:00:00+09:00,4150.0,4155.0,4150.0,4155.0,0,0.0,0.0
2023-10-13 12:00:00+09:00,4145.0,4165.0,4145.0,4165.0,8700,0.0,0.0
2023-10-13 13:00:00+09:00,4170.0,4175.0,4155.0,4155.0,2900,0.0,0.0
2023-10-13 14:00:00+09:00,4150.0,4160.0,4150.0,4155.0,2300,0.0,0.0
2023-10-16 09:00:00+09:00,4160.0,4160.0,4130.0,4135.0,5100,0.0,0.0
2023-10-16 10:00:00+09:00,4130.0,4130.0,4120.0,4120.0,1000,0.0,0.0
2023-10-16 11:00:00+09:00,4125.0,4125.0,4115.0,4120.0,0,0.0,0.0
2023-10-16 12:00:00+09:00,4110.0,4110.0,4105.0,4110.0,7700,0.0,0.0
2023-10-16 13:00:00+09:00,4105.0,4105.0,4095.0,4095.0,2600,0.0,0.0
2023-10-16 14:00:00+09:00,4095.0,4100.0,4085.0,4095.0,3000,0.0,0.0
2023-10-17 09:00:00+09:00,4120.0,4140.0,4115.0,4130.0,4400,0.0,0.0
2023-10-17 10:00:00+09:00,4130.0,4135.0,4110.0,4110.0,2400,0.0,0.0
2023-10-17 11:00:00+09:00,4115.0,4115.0,4110.0,4110.0,0,0.0,0.0
2023-10-17 12:00:00+09:00,4110.0,4120.0,4110.0,4115.0,8200,0.0,0.0
2023-10-17 13:00:00+09:00,4115.0,4115.0,4115.0,4115.0,100,0.0,0.0
2023-10-17 14:00:00+09:00,4110.0,4125.0,4110.0,4115.0,1400,0.0,0.0
2023-10-18 09:00:00+09:00,4125.0,4135.0,4090.0,4090.0,4100,0.0,0.0
2023-10-18 10:00:00+09:00,4095.0,4115.0,4095.0,4110.0,2300,0.0,0.0
2023-10-18 11:00:00+09:00,4120.0,4120.0,4120.0,4120.0,0,0.0,0.0
2023-10-18 12:00:00+09:00,4105.0,4110.0,4100.0,4110.0,8100,0.0,0.0
2023-10-18 13:00:00+09:00,4115.0,4140.0,4115.0,4130.0,1300,0.0,0.0
2023-10-18 14:00:00+09:00,4125.0,4135.0,4125.0,4130.0,1900,0.0,0.0
2023-10-19 09:00:00+09:00,4100.0,4135.0,4100.0,4130.0,4100,0.0,0.0
2023-10-19 10:00:00+09:00,4125.0,4125.0,4095.0,4095.0,1600,0.0,0.0
2023-10-19 11:00:00+09:00,4095.0,4095.0,4090.0,4090.0,0,0.0,0.0
2023-10-19 12:00:00+09:00,4090.0,4095.0,4085.0,4090.0,8700,0.0,0.0
2023-10-19 13:00:00+09:00,4090.0,4105.0,4090.0,4095.0,2000,0.0,0.0
2023-10-19 14:00:00+09:00,4095.0,4100.0,4090.0,4090.0,3500,0.0,0.0
2023-10-20 09:00:00+09:00,4085.0,4110.0,4085.0,4105.0,3200,0.0,0.0
2023-10-20 10:00:00+09:00,4100.0,4110.0,4100.0,4110.0,300,0.0,0.0
2023-10-20 11:00:00+09:00,4110.0,4110.0,4110.0,4110.0,0,0.0,0.0
2023-10-20 12:00:00+09:00,4115.0,4115.0,4110.0,4110.0,4700,0.0,0.0
2023-10-20 13:00:00+09:00,4120.0,4130.0,4120.0,4130.0,800,0.0,0.0
2023-10-20 14:00:00+09:00,4125.0,4125.0,4115.0,4120.0,1800,0.0,0.0
2023-10-23 09:00:00+09:00,4115.0,4115.0,4100.0,4105.0,3200,0.0,0.0
2023-10-23 10:00:00+09:00,4105.0,4110.0,4105.0,4110.0,600,0.0,0.0
2023-10-23 11:00:00+09:00,4105.0,4105.0,4105.0,4105.0,0,0.0,0.0
2023-10-23 12:00:00+09:00,4100.0,4105.0,4100.0,4105.0,5200,0.0,0.0
2023-10-23 13:00:00+09:00,4100.0,4100.0,4085.0,4095.0,3600,0.0,0.0
2023-10-23 14:00:00+09:00,4100.0,4100.0,4095.0,4095.0,1600,0.0,0.0
2023-10-24 09:00:00+09:00,4105.0,4105.0,4090.0,4090.0,2900,0.0,0.0
2023-10-24 10:00:00+09:00,4090.0,4090.0,4070.0,4075.0,4800,0.0,0.0
2023-10-24 11:00:00+09:00,4080.0,4085.0,4080.0,4085.0,0,0.0,0.0
2023-10-24 12:00:00+09:00,4095.0,4095.0,4085.0,4090.0,9500,0.0,0.0
2023-10-24 13:00:00+09:00,4090.0,4100.0,4090.0,4100.0,700,0.0,0.0
2023-10-24 14:00:00+09:00,4100.0,4115.0,4100.0,4105.0,2000,0.0,0.0
2023-10-25 09:00:00+09:00,4120.0,4125.0,4105.0,4115.0,5800,0.0,0.0
2023-10-25 10:00:00+09:00,4120.0,4130.0,4120.0,4130.0,1100,0.0,0.0
2023-10-25 11:00:00+09:00,4135.0,4160.0,4135.0,4160.0,0,0.0,0.0
2023-10-25 12:00:00+09:00,4150.0,4170.0,4150.0,4160.0,15900,0.0,0.0
2023-10-25 13:00:00+09:00,4150.0,4175.0,4150.0,4165.0,4800,0.0,0.0
2023-10-25 14:00:00+09:00,4165.0,4165.0,4150.0,4155.0,3200,0.0,0.0
2023-10-26 09:00:00+09:00,4155.0,4215.0,4150.0,4200.0,11300,0.0,0.0
2023-10-26 10:00:00+09:00,4195.0,4195.0,4175.0,4175.0,1200,0.0,0.0
2023-10-26 11:00:00+09:00,4175.0,4175.0,4160.0,4160.0,0,0.0,0.0
2023-10-26 12:00:00+09:00,4160.0,4180.0,4155.0,4170.0,17200,0.0,0.0
2023-10-26 13:00:00+09:00,4170.0,4180.0,4170.0,4180.0,1700,0.0,0.0
2023-10-26 14:00:00+09:00,4180.0,4180.0,4170.0,4175.0,3400,0.0,0.0
2023-10-27 09:00:00+09:00,4185.0,4190.0,4170.0,4185.0,4400,0.0,0.0
2023-10-27 10:00:00+09:00,4185.0,4195.0,4180.0,4185.0,1400,0.0,0.0
2023-10-27 11:00:00+09:00,4190.0,4190.0,4190.0,4190.0,0,0.0,0.0
2023-10-27 12:00:00+09:00,4180.0,4185.0,4175.0,4185.0,8200,0.0,0.0
2023-10-27 13:00:00+09:00,4185.0,4190.0,4185.0,4190.0,1300,0.0,0.0
2023-10-27 14:00:00+09:00,4195.0,4210.0,4195.0,4205.0,3900,0.0,0.0
2023-10-30 09:00:00+09:00,4205.0,4225.0,4190.0,4225.0,5200,0.0,0.0
2023-10-30 10:00:00+09:00,4225.0,4225.0,4220.0,4220.0,1100,0.0,0.0
2023-10-30 11:00:00+09:00,4215.0,4215.0,4200.0,4200.0,0,0.0,0.0
2023-10-30 12:00:00+09:00,4210.0,4240.0,4205.0,4235.0,14400,0.0,0.0
2023-10-30 13:00:00+09:00,4230.0,4240.0,4220.0,4220.0,3600,0.0,0.0
2023-10-30 14:00:00+09:00,4215.0,4240.0,4215.0,4230.0,5700,0.0,0.0
2023-10-31 09:00:00+09:00,4240.0,4260.0,4220.0,4260.0,6800,0.0,0.0
2023-10-31 10:00:00+09:00,4255.0,4260.0,4250.0,4260.0,3500,0.0,0.0
2023-10-31 11:00:00+09:00,4265.0,4265.0,4255.0,4260.0,0,0.0,0.0
2023-10-31 12:00:00+09:00,4265.0,4325.0,4265.0,4310.0,22600,0.0,0.0
2023-10-31 13:00:00+09:00,4325.0,4335.0,4305.0,4310.0,4900,0.0,0.0
2023-10-31 14:00:00+09:00,4315.0,4335.0,4305.0,4330.0,5800,0.0,0.0
2023-11-01 09:00:00+09:00,4360.0,4375.0,4320.0,4365.0,10200,0.0,0.0
2023-11-01 10:00:00+09:00,4370.0,4375.0,4355.0,4365.0,3200,0.0,0.0
2023-11-01 11:00:00+09:00,4360.0,4390.0,4360.0,4390.0,0,0.0,0.0
2023-11-01 12:00:00+09:00,4390.0,4390.0,4385.0,4390.0,20600,0.0,0.0
2023-11-01 13:00:00+09:00,4390.0,4400.0,4380.0,4395.0,7500,0.0,0.0
2023-11-01 14:00:00+09:00,4390.0,4400.0,4390.0,4400.0,1800,0.0,0.0
2023-11-02 09:00:00+09:00,4400.0,4490.0,4400.0,4475.0,21100,0.0,0.0
2023-11-02 10:00:00+09:00,4470.0,4470.0,4430.0,4435.0,4600,0.0,0.0
2023-11-02 11:00:00+09:00,4430.0,4440.0,4430.0,4440.0,0,0.0,0.0
2023-11-02 12:00:00+09:00,4440.0,4440.0,4415.0,4430.0,28800,0.0,0.0
2023-11-02 13:00:00+09:00,4425.0,4435.0,4420.0,4430.0,2700,0.0,0.0
2023-11-02 14:00:00+09:00,4435.0,4460.0,4435.0,4450.0,8600,0.0,0.0
2023-11-06 09:00:00+09:00,4465.0,4480.0,4415.0,4440.0,0,0.0,0.0
2023-11-06 10:00:00+09:00,4450.0,4460.0,4440.0,4450.0,12700,0.0,0.0
2023-11-06 11:00:00+09:00,4450.0,4455.0,4440.0,4440.0,0,0.0,0.0
2023-11-06 12:00:00+09:00,4425.0,4455.0,4425.0,4455.0,17100,0.0,0.0
2023-11-06 13:00:00+09:00,4460.0,4535.0,4440.0,4510.0,19000,0.0,0.0
2023-11-06 14:00:00+09:00,4530.0,4545.0,4490.0,4500.0,16200,0.0,0.0
2023-11-07 09:00:00+09:00,4510.0,4770.0,4470.0,4700.0,94100,0.0,0.0
2023-11-07 10:00:00+09:00,4700.0,4760.0,4700.0,4760.0,20300,0.0,0.0
2023-11-07 11:00:00+09:00,4755.0,4780.0,4750.0,4775.0,0,0.0,0.0
2023-11-07 12:00:00+09:00,4760.0,4765.0,4675.0,4690.0,139400,0.0,0.0
2023-11-07 13:00:00+09:00,4685.0,4710.0,4665.0,4705.0,13000,0.0,0.0
2023-11-07 14:00:00+09:00,4710.0,4735.0,4700.0,4735.0,17100,0.0,0.0
2023-11-08 09:00:00+09:00,4630.0,4685.0,4605.0,4660.0,27800,0.0,0.0
2023-11-08 10:00:00+09:00,4665.0,4670.0,4620.0,4660.0,11600,0.0,0.0
2023-11-08 11:00:00+09:00,4655.0,4665.0,4650.0,4665.0,0,0.0,0.0
2023-11-08 12:00:00+09:00,4660.0,4675.0,4660.0,4660.0,45100,0.0,0.0
2023-11-08 13:00:00+09:00,4670.0,4730.0,4670.0,4730.0,12000,0.0,0.0
2023-11-08 14:00:00+09:00,4725.0,4745.0,4725.0,4740.0,9600,0.0,0.0
2023-11-09 09:00:00+09:00,4725.0,4820.0,4690.0,4745.0,32700,0.0,0.0
2023-11-09 10:00:00+09:00,4735.0,4765.0,4715.0,4745.0,6900,0.0,0.0
2023-11-09 11:00:00+09:00,4740.0,4745.0,4720.0,4720.0,0,0.0,0.0
2023-11-09 12:00:00+09:00,4720.0,4730.0,4715.0,4725.0,44400,0.0,0.0
2023-11-09 13:00:00+09:00,4725.0,4750.0,4710.0,4745.0,7300,0.0,0.0
2023-11-09 14:00:00+09:00,4750.0,4770.0,4750.0,4760.0,7500,0.0,0.0
2023-11-10 09:00:00+09:00,4695.0,4755.0,4695.0,4750.0,16000,0.0,0.0
2023-11-10 10:00:00+09:00,4750.0,4765.0,4740.0,4755.0,7700,0.0,0.0
2023-11-10 11:00:00+09:00,4750.0,4800.0,4750.0,4800.0,0,0.0,0.0
2023-11-10 12:00:00+09:00,4795.0,4805.0,4785.0,4785.0,33200,0.0,0.0
2023-11-10 13:00:00+09:00,4790.0,4800.0,4790.0,4800.0,5600,0.0,0.0
2023-11-10 14:00:00+09:00,4790.0,4815.0,4785.0,4815.0,10500,0.0,0.0
2023-11-13 09:00:00+09:00,4820.0,4850.0,4800.0,4815.0,0,0.0,0.0
2023-11-13 10:00:00+09:00,4805.0,4815.0,4790.0,4790.0,17800,0.0,0.0
2023-11-13 11:00:00+09:00,4790.0,4825.0,4790.0,4825.0,0,0.0,0.0
2023-11-13 12:00:00+09:00,4810.0,4820.0,4805.0,4805.0,22700,0.0,0.0
2023-11-13 13:00:00+09:00,4805.0,4810.0,4795.0,4805.0,2800,0.0,0.0
2023-11-13 14:00:00+09:00,4810.0,4840.0,4810.0,4820.0,5900,0.0,0.0
2023-11-14 09:00:00+09:00,4820.0,4835.0,4790.0,4825.0,8400,0.0,0.0
2023-11-14 10:00:00+09:00,4825.0,4830.0,4800.0,4815.0,3400,0.0,0.0
2023-11-14 11:00:00+09:00,4820.0,4825.0,4805.0,4805.0,0,0.0,0.0
2023-11-14 12:00:00+09:00,4805.0,4830.0,4805.0,4830.0,16500,0.0,0.0
2023-11-14 13:00:00+09:00,4830.0,4865.0,4830.0,4850.0,9600,0.0,0.0
2023-11-14 14:00:00+09:00,4850.0,4850.0,4835.0,4835.0,5200,0.0,0.0
2023-11-15 09:00:00+09:00,4860.0,4865.0,4825.0,4850.0,8600,0.0,0.0
2023-11-15 10:00:00+09:00,4855.0,4860.0,4830.0,4830.0,3500,0.0,0.0
2023-11-15 11:00:00+09:00,4830.0,4860.0,4820.0,4855.0,0,0.0,0.0
2023-11-15 12:00:00+09:00,4855.0,4860.0,4845.0,4855.0,17500,0.0,0.0
2023-11-15 13:00:00+09:00,4860.0,4860.0,4845.0,4845.0,900,0.0,0.0
2023-11-15 14:00:00+09:00,4845.0,4855.0,4840.0,4840.0,5300,0.0,0.0
2023-11-16 09:00:00+09:00,4835.0,4865.0,4805.0,4850.0,0,0.0,0.0
2023-11-16 10:00:00+09:00,4850.0,4850.0,4830.0,4835.0,9600,0.0,0.0
2023-11-16 11:00:00+09:00,4825.0,4825.0,4825.0,4825.0,0,0.0,0.0
2023-11-16 12:00:00+09:00,4825.0,4825.0,4795.0,4800.0,15000,0.0,0.0
2023-11-16 13:00:00+09:00,4795.0,4805.0,4785.0,4790.0,3500,0.0,0.0
2023-11-16 14:00:00+09:00,4790.0,4800.0,4775.0,4775.0,4700,0.0,0.0
2023-11-17 09:00:00+09:00,4740.0,4760.0,4710.0,4760.0,13400,0.0,0.0
2023-11-17 10:00:00+09:00,4760.0,4765.0,4740.0,4760.0,2900,0.0,0.0
2023-11-17 11:00:00+09:00,4760.0,4785.0,4760.0,4775.0,0,0.0,0.0
2023-11-17 12:00:00+09:00,4780.0,4800.0,4770.0,4800.0,21300,0.0,0.0
2023-11-17 13:00:00+09:00,4790.0,4795.0,4785.0,4790.0,2100,0.0,0.0
2023-11-17 14:00:00+09:00,4795.0,4820.0,4795.0,4810.0,7600,0.0,0.0
2023-11-20 09:00:00+09:00,4850.0,4895.0,4850.0,4890.0,18100,0.0,0.0
2023-11-20 10:00:00+09:00,4880.0,4880.0,4855.0,4855.0,2800,0.0,0.0
2023-11-20 11:00:00+09:00,4860.0,4860.0,4860.0,4860.0,0,0.0,0.0
2023-11-20 12:00:00+09:00,4860.0,4860.0,4815.0,4815.0,23800,0.0,0.0
2023-11-20 13:00:00+09:00,4815.0,4820.0,4805.0,4815.0,1400,0.0,0.0
2023-11-20 14:00:00+09:00,4815.0,4830.0,4810.0,4820.0,3200,0.0,0.0
2023-11-21 09:00:00+09:00,4810.0,4865.0,4810.0,4830.0,5100,0.0,0.0
2023-11-21 10:00:00+09:00,4830.0,4855.0,4830.0,4855.0,1900,0.0,0.0
2023-11-21 11:00:00+09:00,4850.0,4855.0,4850.0,4850.0,0,0.0,0.0
2023-11-21 12:00:00+09:00,4850.0,4865.0,4845.0,4845.0,11200,0.0,0.0
2023-11-21 13:00:00+09:00,4850.0,4895.0,4850.0,4875.0,7300,0.0,0.0
2023-11-21 14:00:00+09:00,4875.0,4885.0,4865.0,4865.0,3400,0.0,0.0
2023-11-22 09:00:00+09:00,4865.0,4960.0,4865.0,4940.0,20100,0.0,0.0
2023-11-22 10:00:00+09:00,4935.0,4945.0,4935.0,4940.0,1300,0.0,0.0
2023-11-22 11:00:00+09:00,4940.0,4950.0,4935.0,4950.0,0,0.0,0.0
2023-11-22 12:00:00+09:00,4950.0,4950.0,4935.0,4935.0,23300,0.0,0.0
2023-11-22 13:00:00+09:00,4935.0,4940.0,4935.0,4935.0,1600,0.0,0.0
2023-11-22 14:00:00+09:00,4940.0,4970.0,4940.0,4970.0,9800,0.0,0.0
2023-11-24 09:00:00+09:00,5000.0,5020.0,4925.0,4930.0,26200,0.0,0.0
2023-11-24 10:00:00+09:00,4935.0,4945.0,4925.0,4945.0,900,0.0,0.0
2023-11-24 11:00:00+09:00,4950.0,4960.0,4950.0,4950.0,0,0.0,0.0
2023-11-24 12:00:00+09:00,4940.0,4940.0,4930.0,4930.0,30000,0.0,0.0
2023-11-24 13:00:00+09:00,4930.0,4945.0,4910.0,4940.0,6600,0.0,0.0
2023-11-24 14:00:00+09:00,4935.0,4935.0,4905.0,4925.0,5400,0.0,0.0
2023-11-27 09:00:00+09:00,4920.0,4940.0,4875.0,4890.0,8600,0.0,0.0
2023-11-27 10:00:00+09:00,4880.0,4880.0,4860.0,4875.0,2800,0.0,0.0
2023-11-27 11:00:00+09:00,4875.0,4875.0,4875.0,4875.0,0,0.0,0.0
2023-11-27 12:00:00+09:00,4875.0,4875.0,4865.0,4875.0,14600,0.0,0.0
2023-11-27 13:00:00+09:00,4875.0,4890.0,4875.0,4890.0,0,0.0,0.0
2023-11-27 14:00:00+09:00,4890.0,4905.0,4885.0,4905.0,19200,0.0,0.0
2023-11-28 09:00:00+09:00,4930.0,4970.0,4915.0,4965.0,8200,0.0,0.0
2023-11-28 10:00:00+09:00,4965.0,4970.0,4960.0,4960.0,1300,0.0,0.0
2023-11-28 11:00:00+09:00,4965.0,4970.0,4960.0,4960.0,0,0.0,0.0
2023-11-28 12:00:00+09:00,4965.0,4970.0,4955.0,4970.0,12000,0.0,0.0
2023-11-28 13:00:00+09:00,4975.0,4975.0,4960.0,4960.0,2800,0.0,0.0
2023-11-28 14:00:00+09:00,4970.0,4980.0,4965.0,4965.0,3900,0.0,0.0
2023-11-29 09:00:00+09:00,4980.0,5000.0,4955.0,4960.0,5900,0.0,0.0
2023-11-29 10:00:00+09:00,4970.0,4980.0,4970.0,4970.0,900,0.0,0.0
2023-11-29 11:00:00+09:00,4980.0,4980.0,4975.0,4975.0,0,0.0,0.0
2023-11-29 12:00:00+09:00,5000.0,5000.0,4990.0,4990.0,9600,0.0,0.0
2023-11-29 13:00:00+09:00,4990.0,4990.0,4980.0,4980.0,1800,0.0,0.0
2023-11-29 14:00:00+09:00,4980.0,4980.0,4960.0,4960.0,3100,0.0,0.0
2023-11-30 09:00:00+09:00,4955.0,4975.0,4950.0,4965.0,3500,0.0,0.0
2023-11-30 10:00:00+09:00,4965.0,4975.0,4960.0,4975.0,3600,0.0,0.0
2023-11-30 11:00:00+09:00,4980.0,4990.0,4980.0,4980.0,0,0.0,0.0
2023-11-30 12:00:00+09:00,4990.0,5020.0,4975.0,5020.0,18200,0.0,0.0
2023-11-30 13:00:00+09:00,5010.0,5010.0,5000.0,5000.0,1400,0.0,0.0
2023-11-30 14:00:00+09:00,5000.0,5020.0,5000.0,5010.0,7800,0.0,0.0
2023-12-01 09:00:00+09:00,5010.0,5010.0,4990.0,5010.0,7400,0.0,0.0
2023-12-01 10:00:00+09:00,5010.0,5010.0,5000.0,5010.0,2000,0.0,0.0
2023-12-01 11:00:00+09:00,5000.0,5010.0,5000.0,5010.0,0,0.0,0.0
2023-12-01 12:00:00+09:00,5010.0,5010.0,5000.0,5010.0,11500,0.0,0.0
2023-12-01 13:00:00+09:00,5010.0,5010.0,5000.0,5000.0,1100,0.0,0.0
2023-12-01 14:00:00+09:00,5010.0,5070.0,5010.0,5060.0,13900,0.0,0.0
2023-12-04 09:00:00+09:00,5060.0,5130.0,5050.0,5110.0,12600,0.0,0.0
2023-12-04 10:00:00+09:00,5120.0,5180.0,5120.0,5170.0,8800,0.0,0.0
2023-12-04 11:00:00+09:00,5170.0,5170.0,5170.0,5170.0,0,0.0,0.0
2023-12-04 12:00:00+09:00,5180.0,5200.0,5170.0,5200.0,26600,0.0,0.0
2023-12-04 13:00:00+09:00,5200.0,5220.0,5190.0,5210.0,3100,0.0,0.0
2023-12-04 14:00:00+09:00,5210.0,5240.0,5210.0,5230.0,6800,0.0,0.0
2023-12-05 09:00:00+09:00,5240.0,5270.0,5170.0,5230.0,19600,0.0,0.0
2023-12-05 10:00:00+09:00,5230.0,5240.0,5200.0,5230.0,3500,0.0,0.0
2023-12-05 11:00:00+09:00,5220.0,5220.0,5210.0,5210.0,0,0.0,0.0
2023-12-05 12:00:00+09:00,5200.0,5210.0,5170.0,5170.0,28800,0.0,0.0
2023-12-05 13:00:00+09:00,5170.0,5170.0,5150.0,5160.0,0,0.0,0.0
2023-12-05 14:00:00+09:00,5160.0,5160.0,5130.0,5130.0,37900,0.0,0.0
2023-12-06 09:00:00+09:00,5130.0,5200.0,5130.0,5200.0,7000,0.0,0.0
2023-12-06 10:00:00+09:00,5190.0,5200.0,5180.0,5200.0,3200,0.0,0.0
2023-12-06 11:00:00+09:00,5200.0,5200.0,5200.0,5200.0,0,0.0,0.0
2023-12-06 12:00:00+09:00,5200.0,5200.0,5200.0,5200.0,13300,0.0,0.0
2023-12-06 13:00:00+09:00,5200.0,5240.0,5200.0,5240.0,4900,0.0,0.0
2023-12-06 14:00:00+09:00,5230.0,5250.0,5230.0,5240.0,3100,0.0,0.0
2023-12-07 09:00:00+09:00,5240.0,5250.0,5210.0,5220.0,3400,0.0,0.0
2023-12-07 10:00:00+09:00,5220.0,5220.0,5200.0,5210.0,4100,0.0,0.0
2023-12-07 11:00:00+09:00,5200.0,5200.0,5200.0,5200.0,0,0.0,0.0
2023-12-07 12:00:00+09:00,5200.0,5220.0,5200.0,5220.0,9600,0.0,0.0
2023-12-07 13:00:00+09:00,5220.0,5220.0,5180.0,5190.0,3900,0.0,0.0
2023-12-07 14:00:00+09:00,5200.0,5200.0,5180.0,5190.0,3600,0.0,0.0
2023-12-08 09:00:00+09:00,5200.0,5270.0,5190.0,5240.0,13200,0.0,0.0
2023-12-08 10:00:00+09:00,5240.0,5240.0,5210.0,5210.0,2500,0.0,0.0
2023-12-08 11:00:00+09:00,5200.0,5200.0,5200.0,5200.0,0,0.0,0.0
2023-12-08 12:00:00+09:00,5190.0,5190.0,5160.0,5180.0,19000,0.0,0.0
2023-12-08 13:00:00+09:00,5180.0,5180.0,5170.0,5180.0,2200,0.0,0.0
2023-12-08 14:00:00+09:00,5180.0,5190.0,5170.0,5190.0,5100,0.0,0.0
2023-12-11 09:00:00+09:00,5200.0,5230.0,5190.0,5190.0,0,0.0,0.0
2023-12-11 10:00:00+09:00,5190.0,5210.0,5190.0,5210.0,7400,0.0,0.0
2023-12-11 11:00:00+09:00,5210.0,5210.0,5200.0,5210.0,0,0.0,0.0
2023-12-11 12:00:00+09:00,5210.0,5210.0,5190.0,5190.0,9900,0.0,0.0
2023-12-11 13:00:00+09:00,5200.0,5200.0,5190.0,5200.0,1300,0.0,0.0
2023-12-11 14:00:00+09:00,5200.0,5200.0,5190.0,5200.0,1200,0.0,0.0
2023-12-12 09:00:00+09:00,5200.0,5220.0,5130.0,5200.0,14600,0.0,0.0
2023-12-12 10:00:00+09:00,5200.0,5210.0,5200.0,5210.0,500,0.0,0.0
2023-12-12 11:00:00+09:00,5210.0,5220.0,5200.0,5220.0,0,0.0,0.0
2023-12-12 12:00:00+09:00,5190.0,5210.0,5190.0,5190.0,17200,0.0,0.0
2023-12-12 13:00:00+09:00,5180.0,5180.0,5160.0,5170.0,1000,0.0,0.0
2023-12-12 14:00:00+09:00,5170.0,5170.0,5160.0,5160.0,1900,0.0,0.0
2023-12-13 09:00:00+09:00,5120.0,5140.0,5110.0,5130.0,4900,0.0,0.0
2023-12-13 10:00:00+09:00,5120.0,5120.0,5050.0,5070.0,7500,0.0,0.0
2023-12-13 11:00:00+09:00,5060.0,5060.0,5050.0,5050.0,0,0.0,0.0
2023-12-13 12:00:00+09:00,5020.0,5030.0,5000.0,5000.0,19600,0.0,0.0
2023-12-13 13:00:00+09:00,5010.0,5030.0,5000.0,5030.0,2600,0.0,0.0
2023-12-13 14:00:00+09:00,5030.0,5040.0,5020.0,5020.0,4500,0.0,0.0
2023-12-14 09:00:00+09:00,4990.0,5000.0,4905.0,4905.0,10200,0.0,0.0
2023-12-14 10:00:00+09:00,4905.0,4950.0,4895.0,4935.0,4000,0.0,0.0
2023-12-14 11:00:00+09:00,4935.0,4935.0,4935.0,4935.0,0,0.0,0.0
2023-12-14 12:00:00+09:00,4915.0,4915.0,4880.0,4890.0,19300,0.0,0.0
2023-12-14 13:00:00+09:00,4895.0,4895.0,4875.0,4890.0,3500,0.0,0.0
2023-12-14 14:00:00+09:00,4890.0,4890.0,4855.0,4865.0,4100,0.0,0.0
2023-12-15 09:00:00+09:00,4840.0,4870.0,4785.0,4795.0,11000,0.0,0.0
2023-12-15 10:00:00+09:00,4795.0,4825.0,4790.0,4825.0,1900,0.0,0.0
2023-12-15 11:00:00+09:00,4820.0,4835.0,4820.0,4830.0,0,0.0,0.0
2023-12-15 12:00:00+09:00,4830.0,4830.0,4815.0,4815.0,17000,0.0,0.0
2023-12-15 13:00:00+09:00,4815.0,4835.0,4805.0,4820.0,3000,0.0,0.0
2023-12-15 14:00:00+09:00,4820.0,4890.0,4820.0,4860.0,15200,0.0,0.0
2023-12-18 09:00:00+09:00,4875.0,4940.0,4860.0,4930.0,9100,0.0,0.0
2023-12-18 10:00:00+09:00,4935.0,4935.0,4920.0,4930.0,1100,0.0,0.0
2023-12-18 11:00:00+09:00,4930.0,4935.0,4920.0,4920.0,0,0.0,0.0
2023-12-18 12:00:00+09:00,4925.0,4940.0,4925.0,4940.0,12800,0.0,0.0
2023-12-18 13:00:00+09:00,4940.0,4975.0,4940.0,4975.0,3900,0.0,0.0
2023-12-18 14:00:00+09:00,4975.0,4990.0,4975.0,4990.0,3500,0.0,0.0
2023-12-19 09:00:00+09:00,5000.0,5030.0,4990.0,5000.0,5500,0.0,0.0
2023-12-19 10:00:00+09:00,5000.0,5000.0,5000.0,5000.0,300,0.0,0.0
2023-12-19 11:00:00+09:00,5020.0,5020.0,5010.0,5010.0,0,0.0,0.0
2023-12-19 12:00:00+09:00,5010.0,5040.0,5010.0,5020.0,11700,0.0,0.0
2023-12-19 13:00:00+09:00,5020.0,5050.0,5010.0,5040.0,2600,0.0,0.0
2023-12-19 14:00:00+09:00,5050.0,5080.0,5050.0,5080.0,8800,0.0,0.0
2023-12-20 09:00:00+09:00,5100.0,5130.0,5100.0,5100.0,3500,0.0,0.0
2023-12-20 10:00:00+09:00,5100.0,5150.0,5100.0,5150.0,2600,0.0,0.0
2023-12-20 11:00:00+09:00,5150.0,5160.0,5150.0,5150.0,0,0.0,0.0
2023-12-20 12:00:00+09:00,5160.0,5160.0,5140.0,5150.0,9200,0.0,0.0
2023-12-20 13:00:00+09:00,5130.0,5130.0,5120.0,5130.0,1000,0.0,0.0
2023-12-20 14:00:00+09:00,5120.0,5150.0,5120.0,5130.0,3200,0.0,0.0
2023-12-21 09:00:00+09:00,5120.0,5150.0,5100.0,5140.0,4200,0.0,0.0
2023-12-21 10:00:00+09:00,5150.0,5190.0,5150.0,5180.0,4300,0.0,0.0
2023-12-21 11:00:00+09:00,5180.0,5180.0,5180.0,5180.0,0,0.0,0.0
2023-12-21 12:00:00+09:00,5170.0,5180.0,5170.0,5170.0,10200,0.0,0.0
2023-12-21 13:00:00+09:00,5170.0,5200.0,5170.0,5190.0,4200,0.0,0.0
2023-12-21 14:00:00+09:00,5200.0,5220.0,5170.0,5170.0,7500,0.0,0.0
2023-12-22 09:00:00+09:00,5200.0,5210.0,5100.0,5100.0,8900,0.0,0.0
2023-12-22 10:00:00+09:00,5120.0,5140.0,5110.0,5140.0,2300,0.0,0.0
2023-12-22 11:00:00+09:00,5130.0,5140.0,5130.0,5140.0,0,0.0,0.0
2023-12-22 12:00:00+09:00,5140.0,5140.0,5070.0,5090.0,18500,0.0,0.0
2023-12-22 13:00:00+09:00,5090.0,5100.0,5080.0,5080.0,3200,0.0,0.0
2023-12-22 14:00:00+09:00,5090.0,5110.0,5090.0,5090.0,4100,0.0,0.0
2023-12-25 09:00:00+09:00,5180.0,5210.0,5140.0,5210.0,18600,0.0,0.0
2023-12-25 10:00:00+09:00,5210.0,5210.0,5210.0,5210.0,700,0.0,0.0
2023-12-25 11:00:00+09:00,5220.0,5230.0,5220.0,5230.0,0,0.0,0.0
2023-12-25 12:00:00+09:00,5240.0,5280.0,5240.0,5280.0,31600,0.0,0.0
2023-12-25 13:00:00+09:00,5290.0,5290.0,5250.0,5250.0,4000,0.0,0.0
2023-12-25 14:00:00+09:00,5270.0,5270.0,5250.0,5260.0,3000,0.0,0.0
2023-12-26 09:00:00+09:00,5300.0,5380.0,5260.0,5370.0,14900,0.0,0.0
2023-12-26 10:00:00+09:00,5360.0,5370.0,5350.0,5370.0,3600,0.0,0.0
2023-12-26 11:00:00+09:00,5370.0,5380.0,5350.0,5380.0,0,0.0,0.0
2023-12-26 12:00:00+09:00,5380.0,5400.0,5380.0,5390.0,28700,0.0,0.0
2023-12-26 13:00:00+09:00,5390.0,5390.0,5360.0,5390.0,4700,0.0,0.0
2023-12-26 14:00:00+09:00,5390.0,5400.0,5370.0,5370.0,10100,0.0,0.0
2023-12-27 09:00:00+09:00,5390.0,5410.0,5350.0,5390.0,9200,0.0,0.0
2023-12-27 10:00:00+09:00,5380.0,5400.0,5360.0,5380.0,3000,0.0,0.0
2023-12-27 11:00:00+09:00,5380.0,5390.0,5370.0,5380.0,0,0.0,0.0
2023-12-27 12:00:00+09:00,5390.0,5390.0,5370.0,5380.0,15000,0.0,0.0
2023-12-27 13:00:00+09:00,5370.0,5380.0,5360.0,5380.0,4700,0.0,0.0
2023-12-27 14:00:00+09:00,5390.0,5430.0,5390.0,5410.0,7000,0.0,0.0
2023-12-28 09:00:00+09:00,5420.0,5570.0,5420.0,5560.0,19200,0.0,0.0
2023-12-28 10:00:00+09:00,5550.0,5580.0,5550.0,5570.0,4800,0.0,0.0
2023-12-28 11:00:00+09:00,5560.0,5570.0,5540.0,5550.0,0,0.0,0.0
2023-12-28 12:00:00+09:00,5540.0,5560.0,5540.0,5560.0,32500,0.0,0.0
2023-12-28 13:00:00+09:00,5560.0,5560.0,5550.0,5550.0,1600,0.0,0.0
2023-12-28 14:00:00+09:00,5550.0,5560.0,5550.0,5560.0,4100,0.0,0.0
2023-12-29 09:00:00+09:00,5560.0,5560.0,5470.0,5490.0,10700,0.0,0.0
2023-12-29 10:00:00+09:00,5480.0,5520.0,5470.0,5490.0,3400,0.0,0.0
2023-12-29 11:00:00+09:00,5490.0,5490.0,5490.0,5490.0,0,0.0,0.0
2023-12-29 12:00:00+09:00,5490.0,5490.0,5470.0,5480.0,17200,0.0,0.0
2023-12-29 13:00:00+09:00,5480.0,5490.0,5470.0,5480.0,1300,0.0,0.0
2023-12-29 14:00:00+09:00,5490.0,5490.0,5470.0,5480.0,4000,0.0,0.0
2024-01-04 09:00:00+09:00,5450.0,5560.0,5420.0,5540.0,18200,0.0,0.0
2024-01-04 10:00:00+09:00,5540.0,5550.0,5530.0,5540.0,4800,0.0,0.0
2024-01-04 11:00:00+09:00,5540.0,5550.0,5540.0,5550.0,0,0.0,0.0
2024-01-04 12:00:00+09:00,5550.0,5630.0,5550.0,5610.0,32100,0.0,0.0
2024-01-04 13:00:00+09:00,5620.0,5650.0,5620.0,5620.0,6700,0.0,0.0
2024-01-04 14:00:00+09:00,5630.0,5710.0,5630.0,5670.0,15800,0.0,0.0
2024-01-05 09:00:00+09:00,5710.0,5740.0,5650.0,5700.0,19500,0.0,0.0
2024-01-05 10:00:00+09:00,5700.0,5750.0,5700.0,5730.0,5800,0.0,0.0
2024-01-05 11:00:00+09:00,5720.0,5720.0,5700.0,5700.0,0,0.0,0.0
2024-01-05 12:00:00+09:00,5700.0,5750.0,5700.0,5740.0,29800,0.0,0.0
2024-01-05 13:00:00+09:00,5750.0,5780.0,5740.0,5780.0,6500,0.0,0.0
2024-01-05 14:00:00+09:00,5780.0,5790.0,5770.0,5780.0,6100,0.0,0.0
2024-01-09 09:00:00+09:00,5880.0,5910.0,5830.0,5890.0,20900,0.0,0.0
2024-01-09 10:00:00+09:00,5880.0,5920.0,5860.0,5910.0,8400,0.0,0.0
2024-01-09 11:00:00+09:00,5910.0,5950.0,5900.0,5910.0,0,0.0,0.0
2024-01-09 12:00:00+09:00,5900.0,5920.0,5880.0,5880.0,43300,0.0,0.0
2024-01-09 13:00:00+09:00,5880.0,5880.0,5850.0,5880.0,4600,0.0,0.0
2024-01-09 14:00:00+09:00,5870.0,5890.0,5860.0,5890.0,6500,0.0,0.0
2024-01-10 09:00:00+09:00,5920.0,5980.0,5890.0,5940.0,20800,0.0,0.0
2024-01-10 10:00:00+09:00,5930.0,5940.0,5920.0,5940.0,3400,0.0,0.0
2024-01-10 11:00:00+09:00,5940.0,5950.0,5930.0,5950.0,0,0.0,0.0
2024-01-10 12:00:00+09:00,5950.0,5970.0,5940.0,5970.0,33700,0.0,0.0
2024-01-10 13:00:00+09:00,5960.0,6000.0,5950.0,5990.0,10600,0.0,0.0
2024-01-10 14:00:00+09:00,5980.0,5990.0,5970.0,5970.0,6500,0.0,0.0
2024-01-11 09:00:00+09:00,6000.0,6000.0,5860.0,5900.0,27600,0.0,0.0
2024-01-11 10:00:00+09:00,5890.0,5910.0,5870.0,5870.0,8300,0.0,0.0
2024-01-11 11:00:00+09:00,5890.0,5890.0,5890.0,5890.0,0,0.0,0.0
2024-01-11 12:00:00+09:00,5890.0,5900.0,5880.0,5900.0,39500,0.0,0.0
2024-01-11 13:00:00+09:00,5900.0,5930.0,5880.0,5920.0,6700,0.0,0.0
2024-01-11 14:00:00+09:00,5910.0,5910.0,5890.0,5900.0,7200,0.0,0.0
2024-01-12 09:00:00+09:00,5900.0,5990.0,5880.0,5980.0,0,0.0,0.0
2024-01-12 10:00:00+09:00,5990.0,6060.0,5990.0,6050.0,15700,0.0,0.0
2024-01-12 11:00:00+09:00,6050.0,6070.0,6000.0,6000.0,0,0.0,0.0
2024-01-12 12:00:00+09:00,6000.0,6000.0,5960.0,5960.0,43500,0.0,0.0
2024-01-12 13:00:00+09:00,5960.0,5990.0,5950.0,5970.0,3900,0.0,0.0
2024-01-12 14:00:00+09:00,5970.0,6000.0,5970.0,5980.0,5500,0.0,0.0
2024-01-15 09:00:00+09:00,6020.0,6060.0,5960.0,5980.0,15400,0.0,0.0
2024-01-15 10:00:00+09:00,5980.0,6010.0,5970.0,6010.0,4500,0.0,0.0
2024-01-15 11:00:00+09:00,6010.0,6030.0,6010.0,6030.0,0,0.0,0.0
2024-01-15 12:00:00+09:00,6040.0,6060.0,6040.0,6060.0,27800,0.0,0.0
2024-01-15 13:00:00+09:00,6070.0,6140.0,6070.0,6140.0,12200,0.0,0.0
2024-01-15 14:00:00+09:00,6140.0,6180.0,6130.0,6180.0,8800,0.0,0.0
2024-01-16 09:00:00+09:00,6180.0,6230.0,6120.0,6210.0,13400,0.0,0.0
2024-01-16 10:00:00+09:00,6210.0,6220.0,6140.0,6140.0,7200,0.0,0.0
2024-01-16 11:00:00+09:00,6130.0,6160.0,6130.0,6160.0,0,0.0,0.0
2024-01-16 12:00:00+09:00,6170.0,6190.0,6150.0,6170.0,25300,0.0,0.0
2024-01-16 13:00:00+09:00,6170.0,6200.0,6170.0,6180.0,1200,0.0,0.0
2024-01-16 14:00:00+09:00,6180.0,6210.0,6180.0,6190.0,8600,0.0,0.0
2024-01-17 09:00:00+09:00,6210.0,6290.0,6210.0,6290.0,13500,0.0,0.0
2024-01-17 10:00:00+09:00,6290.0,6340.0,6270.0,6270.0,10000,0.0,0.0
2024-01-17 11:00:00+09:00,6270.0,6270.0,6240.0,6240.0,0,0.0,0.0
2024-01-17 12:00:00+09:00,6220.0,6240.0,6220.0,6220.0,27600,0.0,0.0
2024-01-17 13:00:00+09:00,6220.0,6270.0,6220.0,6260.0,3500,0.0,0.0
2024-01-17 14:00:00+09:00,6260.0,6270.0,6190.0,6190.0,11600,0.0,0.0
2024-01-18 09:00:00+09:00,6190.0,6190.0,6110.0,6160.0,10900,0.0,0.0
2024-01-18 10:00:00+09:00,6150.0,6150.0,6080.0,6110.0,7900,0.0,0.0
2024-01-18 11:00:00+09:00,6100.0,6110.0,6090.0,6100.0,0,0.0,0.0
2024-01-18 12:00:00+09:00,6090.0,6100.0,6070.0,6070.0,27700,0.0,0.0
2024-01-18 13:00:00+09:00,6070.0,6100.0,6060.0,6080.0,4600,0.0,0.0
2024-01-18 14:00:00+09:00,6080.0,6090.0,6070.0,6070.0,4500,0.0,0.0
2024-01-19 09:00:00+09:00,6100.0,6100.0,6000.0,6020.0,13500,0.0,0.0
2024-01-19 10:00:00+09:00,6010.0,6010.0,5970.0,5980.0,8400,0.0,0.0
2024-01-19 11:00:00+09:00,5980.0,5990.0,5980.0,5990.0,0,0.0,0.0
2024-01-19 12:00:00+09:00,5970.0,5990.0,5960.0,5970.0,30400,0.0,0.0
2024-01-19 13:00:00+09:00,5970.0,5980.0,5940.0,5940.0,8200,0.0,0.0
2024-01-19 14:00:00+09:00,5950.0,5960.0,5940.0,5940.0,5100,0.0,0.0
2024-01-22 09:00:00+09:00,5920.0,5980.0,5900.0,5920.0,18600,0.0,0.0
2024-01-22 10:00:00+09:00,5920.0,5940.0,5910.0,5940.0,2700,0.0,0.0
2024-01-22 11:00:00+09:00,5940.0,5950.0,5940.0,5950.0,0,0.0,0.0
2024-01-22 12:00:00+09:00,5960.0,5960.0,5940.0,5950.0,24800,0.0,0.0
2024-01-22 13:00:00+09:00,5950.0,5950.0,5920.0,5920.0,3600,0.0,0.0
2024-01-22 14:00:00+09:00,5930.0,5940.0,5910.0,5930.0,7400,0.0,0.0
2024-01-23 09:00:00+09:00,5930.0,5970.0,5920.0,5940.0,9300,0.0,0.0
2024-01-23 10:00:00+09:00,5930.0,5940.0,5890.0,5910.0,12100,0.0,0.0
2024-01-23 11:00:00+09:00,5910.0,5920.0,5880.0,5880.0,0,0.0,0.0
2024-01-23 12:00:00+09:00,5880.0,5890.0,5860.0,5870.0,31600,0.0,0.0
2024-01-23 13:00:00+09:00,5870.0,5880.0,5860.0,5860.0,2100,0.0,0.0
2024-01-23 14:00:00+09:00,5860.0,5860.0,5830.0,5840.0,6300,0.0,0.0
2024-01-24 09:00:00+09:00,5840.0,5880.0,5810.0,5820.0,14100,0.0,0.0
2024-01-24 10:00:00+09:00,5810.0,5820.0,5770.0,5780.0,8900,0.0,0.0
2024-01-24 11:00:00+09:00,5780.0,5790.0,5770.0,5770.0,0,0.0,0.0
2024-01-24 12:00:00+09:00,5770.0,5770.0,5740.0,5760.0,32900,0.0,0.0
2024-01-24 13:00:00+09:00,5760.0,5770.0,5750.0,5770.0,3400,0.0,0.0
2024-01-24 14:00:00+09:00,5770.0,5780.0,5770.0,5770.0,7200,0.0,0.0
2024-01-25 09:00:00+09:00,5710.0,5780.0,5710.0,5780.0,12700,0.0,0.0
2024-01-25 10:00:00+09:00,5790.0,5800.0,5760.0,5760.0,6200,0.0,0.0
2024-01-25 11:00:00+09:00,5770.0,5790.0,5770.0,5780.0,0,0.0,0.0
2024-01-25 12:00:00+09:00,5790.0,5790.0,5750.0,5750.0,24000,0.0,0.0
2024-01-25 13:00:00+09:00,5760.0,5760.0,5760.0,5760.0,800,0.0,0.0
2024-01-25 14:00:00+09:00,5750.0,5760.0,5730.0,5740.0,7100,0.0,0.0
2024-01-26 09:00:00+09:00,5750.0,5800.0,5700.0,5760.0,15500,0.0,0.0
2024-01-26 10:00:00+09:00,5770.0,5840.0,5770.0,5830.0,7400,0.0,0.0
2024-01-26 11:00:00+09:00,5830.0,5830.0,5800.0,5800.0,0,0.0,0.0
2024-01-26 12:00:00+09:00,5790.0,5810.0,5790.0,5810.0,28000,0.0,0.0
2024-01-26 13:00:00+09:00,5810.0,5820.0,5800.0,5800.0,4600,0.0,0.0
2024-01-26 14:00:00+09:00,5800.0,5820.0,5770.0,5780.0,10100,0.0,0.0
2024-01-29 09:00:00+09:00,5850.0,5850.0,5820.0,5830.0,5900,0.0,0.0
2024-01-29 10:00:00+09:00,5840.0,5870.0,5840.0,5870.0,4500,0.0,0.0
2024-01-29 11:00:00+09:00,5870.0,5870.0,5860.0,5860.0,0,0.0,0.0
2024-01-29 12:00:00+09:00,5870.0,5870.0,5850.0,5850.0,16300,0.0,0.0
2024-01-29 13:00:00+09:00,5840.0,5850.0,5820.0,5850.0,4400,0.0,0.0
2024-01-29 14:00:00+09:00,5840.0,5860.0,5830.0,5850.0,4100,0.0,0.0
2024-01-30 09:00:00+09:00,5850.0,5920.0,5850.0,5880.0,8700,0.0,0.0
2024-01-30 10:00:00+09:00,5870.0,5870.0,5860.0,5860.0,1800,0.0,0.0
2024-01-30 11:00:00+09:00,5850.0,5850.0,5840.0,5840.0,0,0.0,0.0
2024-01-30 12:00:00+09:00,5850.0,5850.0,5840.0,5840.0,14700,0.0,0.0
2024-01-30 13:00:00+09:00,5840.0,5850.0,5840.0,5850.0,900,0.0,0.0
2024-01-30 14:00:00+09:00,5850.0,5850.0,5830.0,5830.0,3400,0.0,0.0
2024-01-31 09:00:00+09:00,5820.0,5830.0,5800.0,5830.0,6300,0.0,0.0
2024-01-31 10:00:00+09:00,5820.0,5860.0,5820.0,5850.0,2000,0.0,0.0
2024-01-31 11:00:00+09:00,5860.0,5860.0,5840.0,5840.0,0,0.0,0.0
2024-01-31 12:00:00+09:00,5850.0,5890.0,5850.0,5870.0,15000,0.0,0.0
2024-01-31 13:00:00+09:00,5880.0,5910.0,5880.0,5900.0,4500,0.0,0.0
2024-01-31 14:00:00+09:00,5910.0,5930.0,5900.0,5930.0,5500,0.0,0.0
2024-02-01 09:00:00+09:00,5940.0,5970.0,5920.0,5930.0,6800,0.0,0.0
2024-02-01 10:00:00+09:00,5930.0,6000.0,5930.0,6000.0,5400,0.0,0.0
2024-02-01 11:00:00+09:00,5990.0,5990.0,5980.0,5980.0,0,0.0,0.0
2024-02-01 12:00:00+09:00,5970.0,5980.0,5950.0,5960.0,15800,0.0,0.0
2024-02-01 13:00:00+09:00,5960.0,5970.0,5960.0,5970.0,2700,0.0,0.0
2024-02-01 14:00:00+09:00,5970.0,5990.0,5960.0,5960.0,5500,0.0,0.0
2024-02-02 09:00:00+09:00,6000.0,6000.0,5840.0,5860.0,17000,0.0,0.0
2024-02-02 10:00:00+09:00,5870.0,5880.0,5860.0,5870.0,2400,0.0,0.0
2024-02-02 11:00:00+09:00,5880.0,5880.0,5880.0,5880.0,0,0.0,0.0
2024-02-02 12:00:00+09:00,5900.0,5900.0,5870.0,5890.0,22000,0.0,0.0
2024-02-02 13:00:00+09:00,5890.0,5910.0,5890.0,5910.0,6100,0.0,0.0
2024-02-02 14:00:00+09:00,5910.0,5910.0,5880.0,5890.0,5400,0.0,0.0
2024-02-05 09:00:00+09:00,5930.0,5930.0,5810.0,5870.0,15800,0.0,0.0
2024-02-05 10:00:00+09:00,5880.0,5910.0,5860.0,5890.0,6200,0.0,0.0
2024-02-05 11:00:00+09:00,5900.0,5920.0,5900.0,5910.0,0,0.0,0.0
2024-02-05 12:00:00+09:00,5910.0,5940.0,5890.0,5910.0,33800,0.0,0.0
2024-02-05 13:00:00+09:00,5920.0,5950.0,5910.0,5950.0,7900,0.0,0.0
2024-02-05 14:00:00+09:00,5960.0,5980.0,5920.0,5920.0,24600,0.0,0.0
2024-02-06 09:00:00+09:00,5850.0,5850.0,5710.0,5710.0,58500,0.0,0.0
2024-02-06 10:00:00+09:00,5710.0,5770.0,5710.0,5770.0,14000,0.0,0.0
2024-02-06 11:00:00+09:00,5770.0,5770.0,5710.0,5720.0,0,0.0,0.0
2024-02-06 12:00:00+09:00,5720.0,5720.0,5620.0,5660.0,112100,0.0,0.0
2024-02-06 13:00:00+09:00,5670.0,5690.0,5650.0,5660.0,9800,0.0,0.0
2024-02-06 14:00:00+09:00,5670.0,5680.0,5630.0,5640.0,20400,0.0,0.0
2024-02-07 09:00:00+09:00,5600.0,5660.0,5530.0,5630.0,31200,0.0,0.0
2024-02-07 10:00:00+09:00,5630.0,5630.0,5580.0,5580.0,5000,0.0,0.0
2024-02-07 11:00:00+09:00,5590.0,5620.0,5580.0,5620.0,0,0.0,0.0
2024-02-07 12:00:00+09:00,5590.0,5600.0,5590.0,5600.0,41700,0.0,0.0
2024-02-07 13:00:00+09:00,5610.0,5650.0,5610.0,5640.0,6100,0.0,0.0
2024-02-07 14:00:00+09:00,5640.0,5640.0,5600.0,5610.0,8800,0.0,0.0
2024-02-08 09:00:00+09:00,5640.0,5680.0,5600.0,5640.0,9600,0.0,0.0
2024-02-08 10:00:00+09:00,5640.0,5640.0,5560.0,5570.0,6300,0.0,0.0
2024-02-08 11:00:00+09:00,5570.0,5590.0,5570.0,5580.0,0,0.0,0.0
2024-02-08 12:00:00+09:00,5600.0,5640.0,5580.0,5640.0,20300,0.0,0.0
2024-02-08 13:00:00+09:00,5630.0,5660.0,5630.0,5660.0,4200,0.0,0.0
2024-02-08 14:00:00+09:00,5660.0,5690.0,5650.0,5660.0,12100,0.0,0.0
2024-02-09 09:00:00+09:00,5630.0,5730.0,5620.0,5670.0,10100,0.0,0.0
2024-02-09 10:00:00+09:00,5680.0,5680.0,5660.0,5660.0,2000,0.0,0.0
2024-02-09 11:00:00+09:00,5650.0,5650.0,5630.0,5640.0,0,0.0,0.0
2024-02-09 12:00:00+09:00,5640.0,5640.0,5610.0,5640.0,17600,0.0,0.0
2024-02-09 13:00:00+09:00,5640.0,5650.0,5640.0,5640.0,1700,0.0,0.0
2024-02-09 14:00:00+09:00,5630.0,5680.0,5630.0,5670.0,6600,0.0,0.0
2024-02-13 09:00:00+09:00,5700.0,5700.0,5630.0,5650.0,9400,0.0,0.0
2024-02-13 10:00:00+09:00,5640.0,5670.0,5640.0,5640.0,3700,0.0,0.0
2024-02-13 11:00:00+09:00,5650.0,5660.0,5650.0,5650.0,0,0.0,0.0
2024-02-13 12:00:00+09:00,5670.0,5700.0,5670.0,5680.0,18500,0.0,0.0
2024-02-13 13:00:00+09:00,5670.0,5670.0,5630.0,5640.0,3300,0.0,0.0
2024-02-13 14:00:00+09:00,5630.0,5650.0,5630.0,5640.0,4900,0.0,0.0
2024-02-14 09:00:00+09:00,5630.0,5630.0,5570.0,5570.0,9200,0.0,0.0
2024-02-14 10:00:00+09:00,5560.0,5570.0,5550.0,5550.0,5300,0.0,0.0
2024-02-14 11:00:00+09:00,5540.0,5550.0,5540.0,5540.0,0,0.0,0.0
2024-02-14 12:00:00+09:00,5540.0,5570.0,5540.0,5570.0,19400,0.0,0.0
2024-02-14 13:00:00+09:00,5570.0,5570.0,5550.0,5560.0,3700,0.0,0.0
2024-02-14 14:00:00+09:00,5570.0,5580.0,5540.0,5550.0,4700,0.0,0.0
2024-02-15 09:00:00+09:00,5530.0,5530.0,5450.0,5450.0,19500,0.0,0.0
2024-02-15 10:00:00+09:00,5460.0,5480.0,5440.0,5480.0,2700,0.0,0.0
2024-02-15 11:00:00+09:00,5470.0,5480.0,5460.0,5470.0,0,0.0,0.0
2024-02-15 12:00:00+09:00,5470.0,5470.0,5460.0,5470.0,25300,0.0,0.0
2024-02-15 13:00:00+09:00,5480.0,5490.0,5460.0,5460.0,3000,0.0,0.0
2024-02-15 14:00:00+09:00,5460.0,5490.0,5460.0,5460.0,4600,0.0,0.0
2024-02-16 09:00:00+09:00,5500.0,5550.0,5490.0,5550.0,7000,0.0,0.0
2024-02-16 10:00:00+09:00,5560.0,5560.0,5540.0,5550.0,3800,0.0,0.0
2024-02-16 11:00:00+09:00,5550.0,5570.0,5550.0,5570.0,0,0.0,0.0
2024-02-16 12:00:00+09:00,5570.0,5580.0,5570.0,5570.0,15200,0.0,0.0
2024-02-16 13:00:00+09:00,5570.0,5570.0,5550.0,5570.0,1600,0.0,0.0
2024-02-16 14:00:00+09:00,5560.0,5570.0,5550.0,5560.0,5700,0.0,0.0
2024-02-19 09:00:00+09:00,5540.0,5620.0,5540.0,5610.0,10500,0.0,0.0
2024-02-19 10:00:00+09:00,5610.0,5610.0,5580.0,5590.0,3500,0.0,0.0
2024-02-19 11:00:00+09:00,5580.0,5600.0,5580.0,5600.0,0,0.0,0.0
2024-02-19 12:00:00+09:00,5600.0,5600.0,5590.0,5590.0,15700,0.0,0.0
2024-02-19 13:00:00+09:00,5600.0,5620.0,5600.0,5610.0,1300,0.0,0.0
2024-02-19 14:00:00+09:00,5610.0,5620.0,5610.0,5620.0,2700,0.0,0.0
2024-02-20 09:00:00+09:00,5650.0,5650.0,5560.0,5580.0,6100,0.0,0.0
2024-02-20 10:00:00+09:00,5580.0,5600.0,5550.0,5570.0,4500,0.0,0.0
2024-02-20 11:00:00+09:00,5570.0,5570.0,5550.0,5550.0,0,0.0,0.0
2024-02-20 12:00:00+09:00,5560.0,5560.0,5530.0,5560.0,17800,0.0,0.0
2024-02-20 13:00:00+09:00,5570.0,5570.0,5560.0,5560.0,1900,0.0,0.0
2024-02-20 14:00:00+09:00,5560.0,5580.0,5560.0,5560.0,3300,0.0,0.0
2024-02-21 09:00:00+09:00,5570.0,5590.0,5550.0,5590.0,0,0.0,0.0
2024-02-21 10:00:00+09:00,5580.0,5590.0,5570.0,5570.0,7000,0.0,0.0
2024-02-21 11:00:00+09:00,5560.0,5560.0,5560.0,5560.0,0,0.0,0.0
2024-02-21 12:00:00+09:00,5550.0,5570.0,5550.0,5570.0,9000,0.0,0.0
2024-02-21 13:00:00+09:00,5560.0,5590.0,5560.0,5590.0,1700,0.0,0.0
2024-02-21 14:00:00+09:00,5600.0,5610.0,5580.0,5600.0,4200,0.0,0.0
2024-02-22 09:00:00+09:00,5580.0,5590.0,5580.0,5590.0,6900,0.0,0.0
2024-02-22 10:00:00+09:00,5580.0,5600.0,5580.0,5600.0,1500,0.0,0.0
2024-02-22 11:00:00+09:00,5600.0,5610.0,5600.0,5610.0,0,0.0,0.0
2024-02-22 12:00:00+09:00,5610.0,5610.0,5590.0,5590.0,10800,0.0,0.0
2024-02-22 13:00:00+09:00,5590.0,5600.0,5590.0,5590.0,1500,0.0,0.0
2024-02-22 14:00:00+09:00,5600.0,5610.0,5600.0,5600.0,1800,0.0,0.0
2024-02-26 09:00:00+09:00,5600.0,5640.0,5600.0,5620.0,5500,0.0,0.0
2024-02-26 10:00:00+09:00,5620.0,5620.0,5550.0,5570.0,7200,0.0,0.0
2024-02-26 11:00:00+09:00,5580.0,5580.0,5580.0,5580.0,0,0.0,0.0
2024-02-26 12:00:00+09:00,5570.0,5580.0,5570.0,5570.0,14900,0.0,0.0
2024-02-26 13:00:00+09:00,5570.0,5580.0,5560.0,5570.0,2300,0.0,0.0
2024-02-26 14:00:00+09:00,5570.0,5580.0,5550.0,5550.0,1800,0.0,0.0
2024-02-27 09:00:00+09:00,5540.0,5550.0,5490.0,5510.0,11800,0.0,0.0
2024-02-27 10:00:00+09:00,5500.0,5510.0,5490.0,5510.0,2200,0.0,0.0
2024-02-27 11:00:00+09:00,5520.0,5520.0,5520.0,5520.0,0,0.0,0.0
2024-02-27 12:00:00+09:00,5520.0,5520.0,5500.0,5500.0,17200,0.0,0.0
2024-02-27 13:00:00+09:00,5500.0,5520.0,5500.0,5520.0,2900,0.0,0.0
2024-02-27 14:00:00+09:00,5520.0,5520.0,5490.0,5490.0,2800,0.0,0.0
2024-02-28 09:00:00+09:00,5480.0,5540.0,5470.0,5530.0,8300,0.0,0.0
2024-02-28 10:00:00+09:00,5530.0,5570.0,5520.0,5530.0,6800,0.0,0.0
2024-02-28 11:00:00+09:00,5530.0,5550.0,5530.0,5550.0,0,0.0,0.0
2024-02-28 12:00:00+09:00,5540.0,5550.0,5540.0,5550.0,21200,0.0,0.0
2024-02-28 13:00:00+09:00,5550.0,5560.0,5550.0,5550.0,2300,0.0,0.0
2024-02-28 14:00:00+09:00,5560.0,5570.0,5560.0,5560.0,4000,0.0,0.0
2024-02-29 09:00:00+09:00,5590.0,5820.0,5580.0,5800.0,52000,0.0,0.0
2024-02-29 10:00:00+09:00,5790.0,5810.0,5750.0,5810.0,11400,0.0,0.0
2024-02-29 11:00:00+09:00,5810.0,5830.0,5810.0,5820.0,0,0.0,0.0
2024-02-29 12:00:00+09:00,5800.0,5870.0,5800.0,5850.0,81300,0.0,0.0
2024-02-29 13:00:00+09:00,5860.0,5870.0,5850.0,5870.0,7600,0.0,0.0
2024-02-29 14:00:00+09:00,5870.0,5880.0,5820.0,5850.0,12700,0.0,0.0
2024-03-01 09:00:00+09:00,5800.0,5830.0,5740.0,5790.0,21200,0.0,0.0
2024-03-01 10:00:00+09:00,5790.0,5820.0,5760.0,5810.0,6800,0.0,0.0
2024-03-01 11:00:00+09:00,5820.0,5850.0,5820.0,5840.0,0,0.0,0.0
2024-03-01 12:00:00+09:00,5860.0,5860.0,5850.0,5850.0,35400,0.0,0.0
2024-03-01 13:00:00+09:00,5840.0,5890.0,5840.0,5870.0,9900,0.0,0.0
2024-03-01 14:00:00+09:00,5870.0,5890.0,5870.0,5890.0,5700,0.0,0.0
2024-03-04 09:00:00+09:00,5890.0,5900.0,5820.0,5850.0,16200,0.0,0.0
2024-03-04 10:00:00+09:00,5860.0,5940.0,5840.0,5860.0,6500,0.0,0.0
2024-03-04 11:00:00+09:00,5850.0,5850.0,5810.0,5810.0,0,0.0,0.0
2024-03-04 12:00:00+09:00,5800.0,5820.0,5800.0,5820.0,30100,0.0,0.0
2024-03-04 13:00:00+09:00,5820.0,5820.0,5800.0,5820.0,2200,0.0,0.0
2024-03-04 14:00:00+09:00,5820.0,5820.0,5800.0,5810.0,5600,0.0,0.0
2024-03-05 09:00:00+09:00,5780.0,5820.0,5780.0,5820.0,6800,0.0,0.0
2024-03-05 10:00:00+09:00,5820.0,5850.0,5820.0,5830.0,2100,0.0,0.0
2024-03-05 11:00:00+09:00,5820.0,5820.0,5820.0,5820.0,0,0.0,0.0
2024-03-05 12:00:00+09:00,5810.0,5840.0,5810.0,5840.0,10900,0.0,0.0
2024-03-05 13:00:00+09:00,5850.0,5880.0,5850.0,5870.0,2400,0.0,0.0
2024-03-05 14:00:00+09:00,5870.0,5890.0,5860.0,5880.0,8100,0.0,0.0
2024-03-06 09:00:00+09:00,5860.0,5890.0,5840.0,5880.0,0,0.0,0.0
2024-03-06 10:00:00+09:00,5870.0,5870.0,5840.0,5850.0,12400,0.0,0.0
2024-03-06 11:00:00+09:00,5850.0,5850.0,5830.0,5840.0,0,0.0,0.0
2024-03-06 12:00:00+09:00,5840.0,5860.0,5830.0,5860.0,15600,0.0,0.0
2024-03-06 13:00:00+09:00,5860.0,5860.0,5830.0,5830.0,1100,0.0,0.0
2024-03-06 14:00:00+09:00,5840.0,5840.0,5810.0,5820.0,4700,0.0,0.0
2024-03-07 09:00:00+09:00,5810.0,5870.0,5810.0,5870.0,10600,0.0,0.0
2024-03-07 10:00:00+09:00,5870.0,5920.0,5860.0,5890.0,9100,0.0,0.0
2024-03-07 11:00:00+09:00,5880.0,5890.0,5880.0,5890.0,0,0.0,0.0
2024-03-07 12:00:00+09:00,5890.0,5900.0,5880.0,5900.0,24500,0.0,0.0
2024-03-07 13:00:00+09:00,5900.0,5900.0,5880.0,5890.0,2800,0.0,0.0
2024-03-07 14:00:00+09:00,5890.0,5900.0,5880.0,5880.0,3000,0.0,0.0
2024-03-08 09:00:00+09:00,5870.0,5890.0,5820.0,5840.0,14800,0.0,0.0
2024-03-08 10:00:00+09:00,5850.0,5860.0,5850.0,5860.0,1700,0.0,0.0
2024-03-08 11:00:00+09:00,5860.0,5870.0,5860.0,5870.0,0,0.0,0.0
2024-03-08 12:00:00+09:00,5870.0,5900.0,5860.0,5900.0,21700,0.0,0.0
2024-03-08 13:00:00+09:00,5910.0,5920.0,5900.0,5900.0,3200,0.0,0.0
2024-03-08 14:00:00+09:00,5900.0,5910.0,5900.0,5900.0,2400,0.0,0.0
2024-03-11 09:00:00+09:00,5890.0,5900.0,5840.0,5850.0,13200,0.0,0.0
2024-03-11 10:00:00+09:00,5840.0,5850.0,5820.0,5830.0,3700,0.0,0.0
2024-03-11 11:00:00+09:00,5840.0,5840.0,5830.0,5830.0,0,0.0,0.0
2024-03-11 12:00:00+09:00,5820.0,5830.0,5800.0,5800.0,21000,0.0,0.0
2024-03-11 13:00:00+09:00,5810.0,5830.0,5810.0,5810.0,1600,0.0,0.0
2024-03-11 14:00:00+09:00,5810.0,5840.0,5810.0,5840.0,5200,0.0,0.0
2024-03-12 09:00:00+09:00,5820.0,5860.0,5810.0,5830.0,6400,0.0,0.0
2024-03-12 10:00:00+09:00,5830.0,5830.0,5770.0,5770.0,5100,0.0,0.0
2024-03-12 11:00:00+09:00,5770.0,5790.0,5770.0,5790.0,0,0.0,0.0
2024-03-12 12:00:00+09:00,5790.0,5840.0,5790.0,5840.0,14400,0.0,0.0
2024-03-12 13:00:00+09:00,5840.0,5850.0,5830.0,5850.0,1600,0.0,0.0
2024-03-12 14:00:00+09:00,5850.0,5880.0,5850.0,5880.0,5000,0.0,0.0
2024-03-13 09:00:00+09:00,5900.0,5920.0,5890.0,5890.0,7700,0.0,0.0
2024-03-13 10:00:00+09:00,5890.0,5920.0,5890.0,5890.0,2600,0.0,0.0
2024-03-13 11:00:00+09:00,5900.0,5900.0,5900.0,5900.0,0,0.0,0.0
2024-03-13 12:00:00+09:00,5910.0,5910.0,5870.0,5870.0,14700,0.0,0.0
2024-03-13 13:00:00+09:00,5870.0,5900.0,5870.0,5900.0,1700,0.0,0.0
2024-03-13 14:00:00+09:00,5910.0,5910.0,5900.0,5900.0,800,0.0,0.0
2024-03-14 09:00:00+09:00,5920.0,5940.0,5890.0,5940.0,17300,0.0,0.0
2024-03-14 10:00:00+09:00,5930.0,5970.0,5930.0,5960.0,3400,0.0,0.0
2024-03-14 11:00:00+09:00,5960.0,5980.0,5960.0,5980.0,0,0.0,0.0
2024-03-14 12:00:00+09:00,5980.0,6030.0,5980.0,6030.0,37500,0.0,0.0
2024-03-14 13:00:00+09:00,6030.0,6030.0,6010.0,6020.0,3500,0.0,0.0
2024-03-14 14:00:00+09:00,6010.0,6020.0,6010.0,6010.0,3200,0.0,0.0
2024-03-15 09:00:00+09:00,6040.0,6080.0,6010.0,6080.0,11400,0.0,0.0
2024-03-15 10:00:00+09:00,6080.0,6090.0,6070.0,6090.0,7200,0.0,0.0
2024-03-15 11:00:00+09:00,6100.0,6110.0,6090.0,6110.0,0,0.0,0.0
2024-03-15 12:00:00+09:00,6120.0,6120.0,6100.0,6120.0,27200,0.0,0.0
2024-03-15 13:00:00+09:00,6110.0,6110.0,6100.0,6100.0,1200,0.0,0.0
2024-03-15 14:00:00+09:00,6100.0,6110.0,6090.0,6090.0,3600,0.0,0.0
2024-03-18 09:00:00+09:00,6090.0,6110.0,5980.0,6030.0,22000,0.0,0.0
2024-03-18 10:00:00+09:00,6030.0,6030.0,6010.0,6020.0,2900,0.0,0.0
2024-03-18 11:00:00+09:00,6000.0,6010.0,5980.0,5980.0,0,0.0,0.0
2024-03-18 12:00:00+09:00,5980.0,5980.0,5940.0,5950.0,38500,0.0,0.0
2024-03-18 13:00:00+09:00,5960.0,5980.0,5960.0,5980.0,2000,0.0,0.0
2024-03-18 14:00:00+09:00,5980.0,5990.0,5960.0,5980.0,4700,0.0,0.0
2024-03-19 09:00:00+09:00,5950.0,5980.0,5920.0,5950.0,15500,0.0,0.0
2024-03-19 10:00:00+09:00,5950.0,5960.0,5950.0,5960.0,800,0.0,0.0
2024-03-19 11:00:00+09:00,5970.0,5970.0,5960.0,5970.0,0,0.0,0.0
2024-03-19 12:00:00+09:00,5960.0,6000.0,5960.0,6000.0,24100,0.0,0.0
2024-03-19 13:00:00+09:00,5990.0,6000.0,5980.0,5990.0,0,0.0,0.0
2024-03-19 14:00:00+09:00,5980.0,5990.0,5970.0,5990.0,30800,0.0,0.0
2024-03-21 09:00:00+09:00,5990.0,6010.0,5920.0,5950.0,33400,0.0,0.0
2024-03-21 10:00:00+09:00,5950.0,5970.0,5950.0,5960.0,800,0.0,0.0
2024-03-21 11:00:00+09:00,5970.0,5970.0,5950.0,5960.0,0,0.0,0.0
2024-03-21 12:00:00+09:00,5970.0,5970.0,5910.0,5910.0,48400,0.0,0.0
2024-03-21 13:00:00+09:00,5910.0,5930.0,5910.0,5930.0,4900,0.0,0.0
2024-03-21 14:00:00+09:00,5930.0,5940.0,5920.0,5930.0,3400,0.0,0.0
2024-03-22 09:00:00+09:00,5920.0,5930.0,5880.0,5920.0,22500,0.0,0.0
2024-03-22 10:00:00+09:00,5920.0,5930.0,5910.0,5930.0,5700,0.0,0.0
2024-03-22 11:00:00+09:00,5940.0,5940.0,5940.0,5940.0,0,0.0,0.0
2024-03-22 12:00:00+09:00,5930.0,5950.0,5920.0,5930.0,33500,0.0,0.0
2024-03-22 13:00:00+09:00,5910.0,5920.0,5910.0,5920.0,300,0.0,0.0
2024-03-22 14:00:00+09:00,5920.0,5940.0,5880.0,5880.0,9600,0.0,0.0
2024-03-25 09:00:00+09:00,5880.0,5910.0,5830.0,5850.0,32800,0.0,0.0
2024-03-25 10:00:00+09:00,5860.0,5860.0,5800.0,5840.0,9700,0.0,0.0
2024-03-25 11:00:00+09:00,5820.0,5830.0,5810.0,5820.0,0,0.0,0.0
2024-03-25 12:00:00+09:00,5830.0,5830.0,5810.0,5820.0,51000,0.0,0.0
2024-03-25 13:00:00+09:00,5830.0,5850.0,5830.0,5840.0,3300,0.0,0.0
2024-03-25 14:00:00+09:00,5850.0,5850.0,5840.0,5840.0,2200,0.0,0.0
2024-03-26 09:00:00+09:00,5820.0,5850.0,5790.0,5850.0,26000,0.0,0.0
2024-03-26 10:00:00+09:00,5850.0,5850.0,5820.0,5840.0,3100,0.0,0.0
2024-03-26 11:00:00+09:00,5840.0,5850.0,5840.0,5840.0,0,0.0,0.0
2024-03-26 12:00:00+09:00,5830.0,5860.0,5830.0,5850.0,41000,0.0,0.0
2024-03-26 13:00:00+09:00,5850.0,5850.0,5830.0,5830.0,3600,0.0,0.0
2024-03-26 14:00:00+09:00,5830.0,5850.0,5820.0,5840.0,6100,0.0,0.0
2024-03-27 09:00:00+09:00,5820.0,5860.0,5820.0,5850.0,59900,0.0,0.0
2024-03-27 10:00:00+09:00,5850.0,5890.0,5850.0,5870.0,8500,0.0,0.0
2024-03-27 11:00:00+09:00,5880.0,5890.0,5880.0,5890.0,0,0.0,0.0
2024-03-27 12:00:00+09:00,5880.0,5900.0,5830.0,5830.0,91200,0.0,0.0
2024-03-27 13:00:00+09:00,5830.0,5850.0,5830.0,5830.0,6000,0.0,0.0
2024-03-27 14:00:00+09:00,5840.0,5850.0,5820.0,5840.0,10200,0.0,0.0
2024-03-28 09:00:00+09:00,5720.0,5720.0,5630.0,5670.0,80200,0.0,0.0
2024-03-28 10:00:00+09:00,5670.0,5700.0,5660.0,5670.0,5800,0.0,0.0
2024-03-28 11:00:00+09:00,5670.0,5670.0,5660.0,5670.0,0,0.0,0.0
2024-03-28 12:00:00+09:00,5670.0,5670.0,5640.0,5650.0,92300,0.0,0.0
2024-03-28 13:00:00+09:00,5650.0,5650.0,5640.0,5640.0,3800,0.0,0.0
2024-03-28 14:00:00+09:00,5640.0,5650.0,5630.0,5630.0,9500,0.0,0.0
2024-03-29 09:00:00+09:00,5680.0,5770.0,5680.0,5730.0,12900,0.0,0.0
2024-03-29 10:00:00+09:00,5720.0,5720.0,5680.0,5690.0,3000,0.0,0.0
2024-03-29 11:00:00+09:00,5680.0,5680.0,5680.0,5680.0,0,0.0,0.0
2024-03-29 12:00:00+09:00,5680.0,5690.0,5680.0,5690.0,18100,0.0,0.0
2024-03-29 13:00:00+09:00,5690.0,5690.0,5680.0,5690.0,1600,0.0,0.0
2024-03-29 14:00:00+09:00,5690.0,5700.0,5680.0,5690.0,3200,0.0,0.0
2024-04-01 09:00:00+09:00,5680.0,5680.0,5600.0,5630.0,10600,0.0,0.0
2024-04-01 10:00:00+09:00,5620.0,5630.0,5600.0,5610.0,4500,0.0,0.0
2024-04-01 11:00:00+09:00,5600.0,5610.0,5580.0,5590.0,0,0.0,0.0
2024-04-01 12:00:00+09:00,5600.0,5600.0,5590.0,5600.0,21400,0.0,0.0
2024-04-01 13:00:00+09:00,5590.0,5590.0,5560.0,5570.0,4000,0.0,0.0
2024-04-01 14:00:00+09:00,5570.0,5570.0,5560.0,5560.0,5100,0.0,0.0
2024-04-02 09:00:00+09:00,5560.0,5580.0,5470.0,5480.0,15400,0.0,0.0
2024-04-02 10:00:00+09:00,5480.0,5480.0,5430.0,5440.0,7500,0.0,0.0
2024-04-02 11:00:00+09:00,5430.0,5440.0,5420.0,5430.0,0,0.0,0.0
2024-04-02 12:00:00+09:00,5430.0,5440.0,5410.0,5430.0,29400,0.0,0.0
2024-04-02 13:00:00+09:00,5430.0,5460.0,5420.0,5440.0,2200,0.0,0.0
2024-04-02 14:00:00+09:00,5440.0,5450.0,5420.0,5440.0,4000,0.0,0.0
2024-04-03 09:00:00+09:00,5400.0,5500.0,5380.0,5500.0,10000,0.0,0.0
2024-04-03 10:00:00+09:00,5500.0,5520.0,5500.0,5500.0,3900,0.0,0.0
2024-04-03 11:00:00+09:00,5490.0,5490.0,5470.0,5470.0,0,0.0,0.0
2024-04-03 12:00:00+09:00,5470.0,5510.0,5470.0,5510.0,18200,0.0,0.0
2024-04-03 13:00:00+09:00,5510.0,5520.0,5500.0,5520.0,2000,0.0,0.0
2024-04-03 14:00:00+09:00,5510.0,5510.0,5500.0,5510.0,2800,0.0,0.0
2024-04-04 09:00:00+09:00,5490.0,5490.0,5430.0,5450.0,7200,0.0,0.0
2024-04-04 10:00:00+09:00,5450.0,5510.0,5450.0,5510.0,3800,0.0,0.0
2024-04-04 11:00:00+09:00,5500.0,5520.0,5500.0,5520.0,0,0.0,0.0
2024-04-04 12:00:00+09:00,5530.0,5570.0,5530.0,5560.0,17300,0.0,0.0
2024-04-04 13:00:00+09:00,5550.0,5550.0,5530.0,5530.0,2700,0.0,0.0
2024-04-04 14:00:00+09:00,5530.0,5530.0,5500.0,5500.0,2500,0.0,0.0
2024-04-05 09:00:00+09:00,5490.0,5540.0,5450.0,5530.0,5300,0.0,0.0
2024-04-05 10:00:00+09:00,5530.0,5530.0,5490.0,5490.0,2900,0.0,0.0
2024-04-05 11:00:00+09:00,5500.0,5500.0,5480.0,5490.0,0,0.0,0.0
2024-04-05 12:00:00+09:00,5490.0,5530.0,5480.0,5530.0,11000,0.0,0.0
2024-04-05 13:00:00+09:00,5520.0,5530.0,5510.0,5510.0,1200,0.0,0.0
2024-04-05 14:00:00+09:00,5510.0,5510.0,5470.0,5470.0,3200,0.0,0.0
2024-04-08 09:00:00+09:00,5480.0,5530.0,5480.0,5530.0,4200,0.0,0.0
2024-04-08 10:00:00+09:00,5520.0,5520.0,5500.0,5500.0,3000,0.0,0.0
2024-04-08 11:00:00+09:00,5510.0,5520.0,5510.0,5520.0,0,0.0,0.0
2024-04-08 12:00:00+09:00,5520.0,5520.0,5490.0,5520.0,11100,0.0,0.0
2024-04-08 13:00:00+09:00,5520.0,5560.0,5520.0,5550.0,4700,0.0,0.0
2024-04-08 14:00:00+09:00,5550.0,5570.0,5540.0,5570.0,5900,0.0,0.0
2024-04-09 09:00:00+09:00,5570.0,5590.0,5520.0,5550.0,6500,0.0,0.0
2024-04-09 10:00:00+09:00,5550.0,5550.0,5530.0,5530.0,700,0.0,0.0
2024-04-09 11:00:00+09:00,5530.0,5530.0,5530.0,5530.0,0,0.0,0.0
2024-04-09 12:00:00+09:00,5540.0,5550.0,5530.0,5550.0,9100,0.0,0.0
2024-04-09 13:00:00+09:00,5540.0,5540.0,5530.0,5540.0,700,0.0,0.0
2024-04-09 14:00:00+09:00,5540.0,5560.0,5540.0,5560.0,2500,0.0,0.0
2024-04-10 09:00:00+09:00,5580.0,5600.0,5570.0,5600.0,8000,0.0,0.0
2024-04-10 10:00:00+09:00,5600.0,5600.0,5570.0,5570.0,4000,0.0,0.0
2024-04-10 11:00:00+09:00,5570.0,5570.0,5570.0,5570.0,0,0.0,0.0
2024-04-10 12:00:00+09:00,5590.0,5590.0,5560.0,5560.0,13200,0.0,0.0
2024-04-10 13:00:00+09:00,5560.0,5590.0,5560.0,5590.0,2200,0.0,0.0
2024-04-10 14:00:00+09:00,5590.0,5590.0,5570.0,5580.0,1800,0.0,0.0
2024-04-11 09:00:00+09:00,5530.0,5530.0,5470.0,5520.0,9400,0.0,0.0
2024-04-11 10:00:00+09:00,5520.0,5520.0,5470.0,5470.0,9100,0.0,0.0
2024-04-11 11:00:00+09:00,5480.0,5500.0,5480.0,5500.0,0,0.0,0.0
2024-04-11 12:00:00+09:00,5480.0,5490.0,5480.0,5490.0,22100,0.0,0.0
2024-04-11 13:00:00+09:00,5490.0,5490.0,5480.0,5480.0,2800,0.0,0.0
2024-04-11 14:00:00+09:00,5470.0,5480.0,5460.0,5470.0,3000,0.0,0.0
2024-04-12 09:00:00+09:00,5450.0,5460.0,5410.0,5460.0,12000,0.0,0.0
2024-04-12 10:00:00+09:00,5450.0,5460.0,5440.0,5460.0,1500,0.0,0.0
2024-04-12 11:00:00+09:00,5460.0,5470.0,5450.0,5470.0,0,0.0,0.0
2024-04-12 12:00:00+09:00,5470.0,5490.0,5460.0,5460.0,19200,0.0,0.0
2024-04-12 13:00:00+09:00,5460.0,5470.0,5460.0,5470.0,2200,0.0,0.0
2024-04-12 14:00:00+09:00,5470.0,5490.0,5470.0,5490.0,4200,0.0,0.0
2024-04-15 09:00:00+09:00,5490.0,5500.0,5470.0,5500.0,4800,0.0,0.0
2024-04-15 10:00:00+09:00,5500.0,5500.0,5490.0,5490.0,1700,0.0,0.0
2024-04-15 11:00:00+09:00,5490.0,5500.0,5490.0,5500.0,0,0.0,0.0
2024-04-15 12:00:00+09:00,5500.0,5500.0,5480.0,5490.0,8800,0.0,0.0
2024-04-15 13:00:00+09:00,5500.0,5520.0,5500.0,5510.0,1600,0.0,0.0
2024-04-15 14:00:00+09:00,5510.0,5530.0,5510.0,5530.0,2800,0.0,0.0
2024-04-16 09:00:00+09:00,5510.0,5510.0,5460.0,5490.0,4400,0.0,0.0
2024-04-16 10:00:00+09:00,5490.0,5490.0,5460.0,5460.0,3100,0.0,0.0
2024-04-16 11:00:00+09:00,5460.0,5460.0,5450.0,5450.0,0,0.0,0.0
2024-04-16 12:00:00+09:00,5450.0,5450.0,5430.0,5450.0,11500,0.0,0.0
2024-04-16 13:00:00+09:00,5450.0,5450.0,5440.0,5440.0,1500,0.0,0.0
2024-04-16 14:00:00+09:00,5440.0,5450.0,5440.0,5440.0,3700,0.0,0.0
2024-04-17 09:00:00+09:00,5430.0,5460.0,5390.0,5420.0,11100,0.0,0.0
2024-04-17 10:00:00+09:00,5420.0,5420.0,5400.0,5410.0,1100,0.0,0.0
2024-04-17 11:00:00+09:00,5420.0,5430.0,5420.0,5420.0,0,0.0,0.0
2024-04-17 12:00:00+09:00,5410.0,5430.0,5410.0,5420.0,15600,0.0,0.0
2024-04-17 13:00:00+09:00,5420.0,5420.0,5410.0,5410.0,900,0.0,0.0
2024-04-17 14:00:00+09:00,5410.0,5410.0,5370.0,5370.0,3500,0.0,0.0
2024-04-18 09:00:00+09:00,5340.0,5440.0,5330.0,5430.0,8200,0.0,0.0
2024-04-18 10:00:00+09:00,5430.0,5430.0,5420.0,5420.0,1300,0.0,0.0
2024-04-18 11:00:00+09:00,5420.0,5440.0,5410.0,5440.0,0,0.0,0.0
2024-04-18 12:00:00+09:00,5410.0,5440.0,5410.0,5440.0,11700,0.0,0.0
2024-04-18 13:00:00+09:00,5450.0,5460.0,5450.0,5450.0,2900,0.0,0.0
2024-04-18 14:00:00+09:00,5450.0,5450.0,5420.0,5440.0,2900,0.0,0.0
2024-04-19 09:00:00+09:00,5430.0,5430.0,5380.0,5390.0,5800,0.0,0.0
2024-04-19 10:00:00+09:00,5390.0,5400.0,5340.0,5360.0,6300,0.0,0.0
2024-04-19 11:00:00+09:00,5360.0,5360.0,5330.0,5340.0,0,0.0,0.0
2024-04-19 12:00:00+09:00,5360.0,5380.0,5350.0,5370.0,19800,0.0,0.0
2024-04-19 13:00:00+09:00,5370.0,5410.0,5360.0,5400.0,4000,0.0,0.0
2024-04-19 14:00:00+09:00,5410.0,5430.0,5410.0,5430.0,2500,0.0,0.0
2024-04-22 09:00:00+09:00,5480.0,5520.0,5480.0,5510.0,14300,0.0,0.0
2024-04-22 10:00:00+09:00,5510.0,5510.0,5490.0,5500.0,0,0.0,0.0
2024-04-22 11:00:00+09:00,5500.0,5540.0,5490.0,5540.0,0,0.0,0.0
2024-04-22 12:00:00+09:00,5530.0,5560.0,5530.0,5530.0,30000,0.0,0.0
2024-04-22 13:00:00+09:00,5540.0,5550.0,5540.0,5550.0,1700,0.0,0.0
2024-04-22 14:00:00+09:00,5560.0,5600.0,5560.0,5600.0,5500,0.0,0.0
2024-04-23 09:00:00+09:00,5600.0,5600.0,5560.0,5580.0,3000,0.0,0.0
2024-04-23 10:00:00+09:00,5590.0,5590.0,5570.0,5570.0,1000,0.0,0.0
2024-04-23 11:00:00+09:00,5560.0,5590.0,5560.0,5590.0,0,0.0,0.0
2024-04-23 12:00:00+09:00,5600.0,5610.0,5600.0,5600.0,10100,0.0,0.0
2024-04-23 13:00:00+09:00,5600.0,5620.0,5600.0,5610.0,1900,0.0,0.0
2024-04-23 14:00:00+09:00,5610.0,5610.0,5560.0,5560.0,4300,0.0,0.0
2024-04-24 09:00:00+09:00,5620.0,5620.0,5570.0,5580.0,0,0.0,0.0
2024-04-24 10:00:00+09:00,5580.0,5600.0,5580.0,5590.0,3600,0.0,0.0
2024-04-24 11:00:00+09:00,5590.0,5590.0,5590.0,5590.0,0,0.0,0.0
2024-04-24 12:00:00+09:00,5590.0,5620.0,5590.0,5600.0,10200,0.0,0.0
2024-04-24 13:00:00+09:00,5610.0,5640.0,5610.0,5630.0,4200,0.0,0.0
2024-04-24 14:00:00+09:00,5630.0,5640.0,5600.0,5600.0,4600,0.0,0.0
2024-04-25 09:00:00+09:00,5600.0,5600.0,5540.0,5570.0,7800,0.0,0.0
2024-04-25 10:00:00+09:00,5560.0,5560.0,5540.0,5540.0,2400,0.0,0.0
2024-04-25 11:00:00+09:00,5530.0,5530.0,5530.0,5530.0,0,0.0,0.0
2024-04-25 12:00:00+09:00,5550.0,5570.0,5550.0,5570.0,12000,0.0,0.0
2024-04-25 13:00:00+09:00,5570.0,5570.0,5570.0,5570.0,300,0.0,0.0
2024-04-25 14:00:00+09:00,5570.0,5570.0,5560.0,5560.0,1600,0.0,0.0
2024-04-26 09:00:00+09:00,5570.0,5640.0,5550.0,5620.0,5900,0.0,0.0
2024-04-26 10:00:00+09:00,5610.0,5640.0,5610.0,5640.0,1900,0.0,0.0
2024-04-26 11:00:00+09:00,5610.0,5610.0,5600.0,5600.0,0,0.0,0.0
2024-04-26 12:00:00+09:00,5600.0,5640.0,5600.0,5630.0,10100,0.0,0.0
2024-04-26 13:00:00+09:00,5630.0,5640.0,5630.0,5640.0,3400,0.0,0.0
2024-04-26 14:00:00+09:00,5630.0,5640.0,5620.0,5630.0,2100,0.0,0.0
2024-04-30 09:00:00+09:00,5630.0,5630.0,5550.0,5580.0,6300,0.0,0.0
2024-04-30 10:00:00+09:00,5580.0,5590.0,5570.0,5580.0,1700,0.0,0.0
2024-04-30 11:00:00+09:00,5590.0,5600.0,5590.0,5590.0,0,0.0,0.0
2024-04-30 12:00:00+09:00,5590.0,5590.0,5580.0,5580.0,10300,0.0,0.0
2024-04-30 13:00:00+09:00,5580.0,5590.0,5570.0,5580.0,1200,0.0,0.0
2024-04-30 14:00:00+09:00,5580.0,5610.0,5580.0,5610.0,1700,0.0,0.0
2024-05-01 09:00:00+09:00,5630.0,5670.0,5600.0,5650.0,5600,0.0,0.0
2024-05-01 10:00:00+09:00,5630.0,5630.0,5620.0,5620.0,1600,0.0,0.0
2024-05-01 11:00:00+09:00,5620.0,5630.0,5620.0,5630.0,0,0.0,0.0
2024-05-01 12:00:00+09:00,5630.0,5650.0,5620.0,5650.0,9600,0.0,0.0
2024-05-01 13:00:00+09:00,5630.0,5640.0,5630.0,5630.0,1100,0.0,0.0
2024-05-01 14:00:00+09:00,5630.0,5630.0,5620.0,5620.0,1100,0.0,0.0
2024-05-02 09:00:00+09:00,5640.0,5640.0,5620.0,5620.0,1800,0.0,0.0
2024-05-02 10:00:00+09:00,5620.0,5630.0,5610.0,5630.0,900,0.0,0.0
2024-05-02 11:00:00+09:00,5630.0,5640.0,5630.0,5640.0,0,0.0,0.0
2024-05-02 12:00:00+09:00,5660.0,5670.0,5660.0,5670.0,3700,0.0,0.0
2024-05-02 13:00:00+09:00,5650.0,5660.0,5640.0,5640.0,1600,0.0,0.0
2024-05-02 14:00:00+09:00,5640.0,5640.0,5630.0,5640.0,1700,0.0,0.0
2024-05-07 09:00:00+09:00,5630.0,5640.0,5570.0,5570.0,4800,0.0,0.0
2024-05-07 10:00:00+09:00,5570.0,5590.0,5570.0,5570.0,2100,0.0,0.0
2024-05-07 11:00:00+09:00,5570.0,5580.0,5570.0,5580.0,0,0.0,0.0
2024-05-07 12:00:00+09:00,5580.0,5580.0,5580.0,5580.0,8600,0.0,0.0
2024-05-07 13:00:00+09:00,5570.0,5570.0,5570.0,5570.0,1300,0.0,0.0
2024-05-07 14:00:00+09:00,5570.0,5580.0,5560.0,5560.0,1600,0.0,0.0
2024-05-08 09:00:00+09:00,5600.0,5610.0,5570.0,5570.0,2700,0.0,0.0
2024-05-08 10:00:00+09:00,5560.0,5560.0,5510.0,5510.0,3900,0.0,0.0
2024-05-08 11:00:00+09:00,5510.0,5510.0,5500.0,5500.0,0,0.0,0.0
2024-05-08 12:00:00+09:00,5510.0,5510.0,5510.0,5510.0,9500,0.0,0.0
2024-05-08 13:00:00+09:00,5510.0,5520.0,5510.0,5510.0,1400,0.0,0.0
2024-05-08 14:00:00+09:00,5510.0,5520.0,5500.0,5520.0,2200,0.0,0.0
2024-05-09 09:00:00+09:00,5500.0,5520.0,5500.0,5520.0,1400,0.0,0.0
2024-05-09 10:00:00+09:00,5500.0,5520.0,5500.0,5520.0,2800,0.0,0.0
2024-05-09 11:00:00+09:00,5520.0,5520.0,5520.0,5520.0,0,0.0,0.0
2024-05-09 12:00:00+09:00,5530.0,5530.0,5530.0,5530.0,6100,0.0,0.0
2024-05-09 13:00:00+09:00,5520.0,5520.0,5510.0,5510.0,500,0.0,0.0
2024-05-09 14:00:00+09:00,5510.0,5510.0,5500.0,5500.0,1800,0.0,0.0
2024-05-10 09:00:00+09:00,5540.0,5540.0,5490.0,5490.0,5500,0.0,0.0
2024-05-10 10:00:00+09:00,5500.0,5520.0,5500.0,5500.0,2600,0.0,0.0
2024-05-10 11:00:00+09:00,5510.0,5510.0,5510.0,5510.0,0,0.0,0.0
2024-05-10 12:00:00+09:00,5520.0,5530.0,5480.0,5480.0,10400,0.0,0.0
2024-05-10 13:00:00+09:00,5480.0,5480.0,5470.0,5480.0,2800,0.0,0.0
2024-05-10 14:00:00+09:00,5480.0,5510.0,5480.0,5510.0,3000,0.0,0.0
2024-05-13 09:00:00+09:00,5530.0,5570.0,5520.0,5540.0,6500,0.0,0.0
2024-05-13 10:00:00+09:00,5550.0,5550.0,5530.0,5530.0,4000,0.0,0.0
2024-05-13 11:00:00+09:00,5530.0,5530.0,5530.0,5530.0,0,0.0,0.0
2024-05-13 12:00:00+09:00,5550.0,5550.0,5540.0,5540.0,12200,0.0,0.0
2024-05-13 13:00:00+09:00,5550.0,5560.0,5540.0,5550.0,5200,0.0,0.0
2024-05-13 14:00:00+09:00,5550.0,5580.0,5520.0,5580.0,5900,0.0,0.0
2024-05-14 09:00:00+09:00,5300.0,5300.0,5060.0,5090.0,80000,0.0,0.0
2024-05-14 10:00:00+09:00,5090.0,5150.0,5070.0,5100.0,27900,0.0,0.0
2024-05-14 11:00:00+09:00,5090.0,5100.0,5060.0,5100.0,0,0.0,0.0
2024-05-14 12:00:00+09:00,5130.0,5180.0,5110.0,5170.0,141200,0.0,0.0
2024-05-14 13:00:00+09:00,5160.0,5190.0,5150.0,5180.0,12600,0.0,0.0
2024-05-14 14:00:00+09:00,5180.0,5210.0,5170.0,5210.0,9600,0.0,0.0
2024-05-15 09:00:00+09:00,5260.0,5270.0,5180.0,5200.0,18300,0.0,0.0
2024-05-15 10:00:00+09:00,5210.0,5210.0,5170.0,5170.0,3600,0.0,0.0
2024-05-15 11:00:00+09:00,5170.0,5190.0,5170.0,5180.0,0,0.0,0.0
2024-05-15 12:00:00+09:00,5190.0,5190.0,5160.0,5170.0,29900,0.0,0.0
2024-05-15 13:00:00+09:00,5160.0,5160.0,5140.0,5160.0,6300,0.0,0.0
2024-05-15 14:00:00+09:00,5160.0,5170.0,5150.0,5150.0,2000,0.0,0.0
2024-05-16 09:00:00+09:00,5120.0,5180.0,5120.0,5130.0,9300,0.0,0.0
2024-05-16 10:00:00+09:00,5130.0,5170.0,5130.0,5150.0,4900,0.0,0.0
2024-05-16 11:00:00+09:00,5160.0,5190.0,5160.0,5190.0,0,0.0,0.0
2024-05-16 12:00:00+09:00,5200.0,5220.0,5180.0,5190.0,22800,0.0,0.0
2024-05-16 13:00:00+09:00,5190.0,5190.0,5180.0,5180.0,2300,0.0,0.0
2024-05-16 14:00:00+09:00,5180.0,5200.0,5170.0,5190.0,6500,0.0,0.0
2024-05-17 09:00:00+09:00,5210.0,5210.0,5170.0,5200.0,4200,0.0,0.0
2024-05-17 10:00:00+09:00,5200.0,5220.0,5200.0,5200.0,1900,0.0,0.0
2024-05-17 11:00:00+09:00,5190.0,5190.0,5170.0,5170.0,0,0.0,0.0
2024-05-17 12:00:00+09:00,5170.0,5180.0,5170.0,5180.0,9400,0.0,0.0
2024-05-17 13:00:00+09:00,5190.0,5190.0,5180.0,5180.0,1300,0.0,0.0
2024-05-17 14:00:00+09:00,5190.0,5200.0,5180.0,5200.0,2100,0.0,0.0
2024-05-20 09:00:00+09:00,5220.0,5240.0,5200.0,5210.0,5000,0.0,0.0
2024-05-20 10:00:00+09:00,5220.0,5240.0,5210.0,5240.0,4900,0.0,0.0
2024-05-20 11:00:00+09:00,5240.0,5240.0,5220.0,5220.0,0,0.0,0.0
2024-05-20 12:00:00+09:00,5210.0,5210.0,5200.0,5200.0,11900,0.0,0.0
2024-05-20 13:00:00+09:00,5200.0,5210.0,5200.0,5210.0,900,0.0,0.0
2024-05-20 14:00:00+09:00,5200.0,5210.0,5190.0,5200.0,1900,0.0,0.0
2024-05-21 09:00:00+09:00,5180.0,5200.0,5180.0,5180.0,3800,0.0,0.0
2024-05-21 10:00:00+09:00,5170.0,5180.0,5170.0,5170.0,2600,0.0,0.0
2024-05-21 11:00:00+09:00,5170.0,5170.0,5170.0,5170.0,0,0.0,0.0
2024-05-21 12:00:00+09:00,5170.0,5190.0,5170.0,5170.0,8100,0.0,0.0
2024-05-21 14:00:00+09:00,5170.0,5170.0,5160.0,5170.0,4300,0.0,0.0
2024-05-22 09:00:00+09:00,5190.0,5200.0,5140.0,5170.0,5500,0.0,0.0
2024-05-22 10:00:00+09:00,5170.0,5170.0,5150.0,5150.0,1800,0.0,0.0
2024-05-22 11:00:00+09:00,5150.0,5150.0,5150.0,5150.0,0,0.0,0.0
2024-05-22 12:00:00+09:00,5140.0,5150.0,5130.0,5130.0,11300,0.0,0.0
2024-05-22 13:00:00+09:00,5130.0,5140.0,5120.0,5140.0,1800,0.0,0.0
2024-05-22 14:00:00+09:00,5130.0,5130.0,5120.0,5130.0,900,0.0,0.0
2024-05-23 09:00:00+09:00,5120.0,5170.0,5120.0,5150.0,5900,0.0,0.0
2024-05-23 10:00:00+09:00,5150.0,5170.0,5150.0,5170.0,1900,0.0,0.0
2024-05-23 11:00:00+09:00,5160.0,5170.0,5160.0,5170.0,0,0.0,0.0
2024-05-23 12:00:00+09:00,5180.0,5180.0,5160.0,5160.0,9400,0.0,0.0
2024-05-23 13:00:00+09:00,5160.0,5170.0,5160.0,5170.0,1300,0.0,0.0
2024-05-23 14:00:00+09:00,5170.0,5190.0,5170.0,5190.0,2200,0.0,0.0
2024-05-24 09:00:00+09:00,5190.0,5250.0,5190.0,5240.0,11100,0.0,0.0
2024-05-24 10:00:00+09:00,5230.0,5270.0,5230.0,5270.0,4200,0.0,0.0
2024-05-24 11:00:00+09:00,5260.0,5280.0,5260.0,5280.0,0,0.0,0.0
2024-05-24 12:00:00+09:00,5280.0,5300.0,5280.0,5280.0,23000,0.0,0.0
2024-05-24 13:00:00+09:00,5280.0,5290.0,5280.0,5290.0,600,0.0,0.0
2024-05-24 14:00:00+09:00,5290.0,5310.0,5280.0,5280.0,6000,0.0,0.0
2024-05-27 09:00:00+09:00,5310.0,5340.0,5280.0,5290.0,8400,0.0,0.0
2024-05-27 10:00:00+09:00,5290.0,5310.0,5290.0,5310.0,1400,0.0,0.0
2024-05-27 11:00:00+09:00,5300.0,5310.0,5300.0,5310.0,0,0.0,0.0
2024-05-27 12:00:00+09:00,5320.0,5330.0,5320.0,5330.0,12900,0.0,0.0
2024-05-27 13:00:00+09:00,5320.0,5340.0,5320.0,5330.0,3100,0.0,0.0
2024-05-27 14:00:00+09:00,5340.0,5350.0,5340.0,5350.0,4900,0.0,0.0
2024-05-28 09:00:00+09:00,5360.0,5400.0,5340.0,5400.0,4000,0.0,0.0
2024-05-28 10:00:00+09:00,5400.0,5400.0,5370.0,5380.0,1800,0.0,0.0
2024-05-28 11:00:00+09:00,5380.0,5380.0,5370.0,5370.0,0,0.0,0.0
2024-05-28 12:00:00+09:00,5390.0,5390.0,5370.0,5370.0,7600,0.0,0.0
2024-05-28 13:00:00+09:00,5360.0,5360.0,5340.0,5340.0,1300,0.0,0.0
2024-05-28 14:00:00+09:00,5340.0,5350.0,5330.0,5340.0,1800,0.0,0.0
2024-05-29 09:00:00+09:00,5370.0,5370.0,5330.0,5340.0,4100,0.0,0.0
2024-05-29 10:00:00+09:00,5340.0,5350.0,5330.0,5350.0,1900,0.0,0.0
2024-05-29 11:00:00+09:00,5340.0,5340.0,5330.0,5330.0,0,0.0,0.0
2024-05-29 12:00:00+09:00,5320.0,5320.0,5300.0,5300.0,9300,0.0,0.0
2024-05-29 13:00:00+09:00,5290.0,5310.0,5290.0,5300.0,1400,0.0,0.0
2024-05-29 14:00:00+09:00,5300.0,5300.0,5270.0,5280.0,2800,0.0,0.0
2024-05-30 09:00:00+09:00,5260.0,5300.0,5250.0,5290.0,4400,0.0,0.0
2024-05-30 10:00:00+09:00,5290.0,5310.0,5290.0,5310.0,900,0.0,0.0
2024-05-30 11:00:00+09:00,5300.0,5310.0,5300.0,5310.0,0,0.0,0.0
2024-05-30 12:00:00+09:00,5330.0,5330.0,5310.0,5310.0,6400,0.0,0.0
2024-05-30 13:00:00+09:00,5310.0,5320.0,5310.0,5310.0,900,0.0,0.0
2024-05-30 14:00:00+09:00,5310.0,5330.0,5300.0,5310.0,3000,0.0,0.0
2024-05-31 09:00:00+09:00,5320.0,5340.0,5310.0,5330.0,3400,0.0,0.0
2024-05-31 10:00:00+09:00,5330.0,5330.0,5310.0,5330.0,700,0.0,0.0
2024-05-31 11:00:00+09:00,5320.0,5320.0,5320.0,5320.0,0,0.0,0.0
2024-05-31 12:00:00+09:00,5320.0,5350.0,5320.0,5340.0,5900,0.0,0.0
2024-05-31 13:00:00+09:00,5360.0,5360.0,5320.0,5350.0,3200,0.0,0.0
2024-05-31 14:00:00+09:00,5340.0,5410.0,5340.0,5370.0,9900,0.0,0.0
2024-06-03 09:00:00+09:00,5420.0,5420.0,5340.0,5390.0,8900,0.0,0.0
2024-06-03 10:00:00+09:00,5380.0,5380.0,5370.0,5370.0,600,0.0,0.0
2024-06-03 11:00:00+09:00,5360.0,5360.0,5350.0,5350.0,0,0.0,0.0
2024-06-03 12:00:00+09:00,5350.0,5350.0,5330.0,5330.0,11900,0.0,0.0
2024-06-03 13:00:00+09:00,5340.0,5340.0,5330.0,5330.0,1100,0.0,0.0
2024-06-03 14:00:00+09:00,5330.0,5330.0,5330.0,5330.0,900,0.0,0.0
2024-06-04 09:00:00+09:00,5390.0,5410.0,5360.0,5410.0,6700,0.0,0.0
2024-06-04 10:00:00+09:00,5410.0,5450.0,5410.0,5440.0,4400,0.0,0.0
2024-06-04 11:00:00+09:00,5440.0,5460.0,5440.0,5450.0,0,0.0,0.0
2024-06-04 12:00:00+09:00,5450.0,5450.0,5440.0,5440.0,16800,0.0,0.0
2024-06-04 13:00:00+09:00,5440.0,5440.0,5430.0,5440.0,800,0.0,0.0
2024-06-04 14:00:00+09:00,5440.0,5440.0,5430.0,5430.0,1800,0.0,0.0
2024-06-05 09:00:00+09:00,5400.0,5420.0,5380.0,5420.0,3600,0.0,0.0
2024-06-05 10:00:00+09:00,5420.0,5430.0,5410.0,5410.0,1100,0.0,0.0
2024-06-05 11:00:00+09:00,5420.0,5420.0,5420.0,5420.0,0,0.0,0.0
2024-06-05 12:00:00+09:00,5430.0,5450.0,5420.0,5430.0,8500,0.0,0.0
2024-06-05 13:00:00+09:00,5440.0,5440.0,5430.0,5440.0,800,0.0,0.0
2024-06-05 14:00:00+09:00,5440.0,5460.0,5430.0,5460.0,3200,0.0,0.0
2024-06-06 09:00:00+09:00,5470.0,5500.0,5450.0,5470.0,3600,0.0,0.0
2024-06-06 10:00:00+09:00,5460.0,5490.0,5450.0,5490.0,2100,0.0,0.0
2024-06-06 11:00:00+09:00,5490.0,5500.0,5480.0,5480.0,0,0.0,0.0
2024-06-06 12:00:00+09:00,5490.0,5490.0,5490.0,5490.0,7500,0.0,0.0
2024-06-06 13:00:00+09:00,5490.0,5490.0,5490.0,5490.0,600,0.0,0.0
2024-06-06 14:00:00+09:00,5490.0,5490.0,5480.0,5490.0,2000,0.0,0.0
2024-06-07 09:00:00+09:00,5500.0,5570.0,5500.0,5520.0,8800,0.0,0.0
2024-06-07 10:00:00+09:00,5530.0,5550.0,5530.0,5550.0,1100,0.0,0.0
2024-06-07 11:00:00+09:00,5560.0,5580.0,5550.0,5580.0,0,0.0,0.0
2024-06-07 12:00:00+09:00,5580.0,5600.0,5570.0,5600.0,14300,0.0,0.0
2024-06-07 13:00:00+09:00,5600.0,5610.0,5590.0,5600.0,2800,0.0,0.0
2024-06-07 14:00:00+09:00,5600.0,5600.0,5590.0,5600.0,1400,0.0,0.0
2024-06-10 09:00:00+09:00,5600.0,5630.0,5580.0,5620.0,5200,0.0,0.0
2024-06-10 10:00:00+09:00,5610.0,5630.0,5610.0,5630.0,1300,0.0,0.0
2024-06-10 11:00:00+09:00,5630.0,5650.0,5630.0,5650.0,0,0.0,0.0
2024-06-10 12:00:00+09:00,5640.0,5650.0,5630.0,5630.0,9900,0.0,0.0
2024-06-10 13:00:00+09:00,5640.0,5640.0,5630.0,5630.0,1200,0.0,0.0
2024-06-10 14:00:00+09:00,5640.0,5640.0,5610.0,5620.0,1800,0.0,0.0
2024-06-11 09:00:00+09:00,5620.0,5620.0,5590.0,5610.0,3600,0.0,0.0
2024-06-11 10:00:00+09:00,5600.0,5610.0,5600.0,5610.0,500,0.0,0.0
2024-06-11 11:00:00+09:00,5610.0,5610.0,5610.0,5610.0,0,0.0,0.0
2024-06-11 12:00:00+09:00,5620.0,5620.0,5610.0,5610.0,4900,0.0,0.0
2024-06-11 13:00:00+09:00,5610.0,5610.0,5580.0,5580.0,800,0.0,0.0
2024-06-11 14:00:00+09:00,5590.0,5590.0,5580.0,5580.0,2000,0.0,0.0
2024-06-12 09:00:00+09:00,5620.0,5630.0,5580.0,5590.0,2900,0.0,0.0
2024-06-12 10:00:00+09:00,5590.0,5590.0,5550.0,5550.0,1400,0.0,0.0
2024-06-12 11:00:00+09:00,5560.0,5570.0,5560.0,5570.0,0,0.0,0.0
2024-06-12 12:00:00+09:00,5580.0,5580.0,5570.0,5580.0,5800,0.0,0.0
2024-06-12 13:00:00+09:00,5580.0,5580.0,5580.0,5580.0,100,0.0,0.0
2024-06-12 14:00:00+09:00,5580.0,5580.0,5570.0,5570.0,900,0.0,0.0
2024-06-13 09:00:00+09:00,5550.0,5580.0,5540.0,5550.0,0,0.0,0.0
2024-06-13 10:00:00+09:00,5560.0,5570.0,5560.0,5560.0,5000,0.0,0.0
2024-06-13 11:00:00+09:00,5560.0,5560.0,5550.0,5550.0,0,0.0,0.0
2024-06-13 12:00:00+09:00,5560.0,5580.0,5560.0,5570.0,8100,0.0,0.0
2024-06-13 13:00:00+09:00,5570.0,5570.0,5570.0,5570.0,100,0.0,0.0
2024-06-13 14:00:00+09:00,5560.0,5570.0,5550.0,5550.0,1200,0.0,0.0
2024-06-14 09:00:00+09:00,5590.0,5690.0,5560.0,5660.0,16400,0.0,0.0
2024-06-14 10:00:00+09:00,5660.0,5670.0,5660.0,5670.0,1600,0.0,0.0
2024-06-14 11:00:00+09:00,5670.0,5670.0,5630.0,5630.0,0,0.0,0.0
2024-06-14 12:00:00+09:00,5640.0,5650.0,5590.0,5640.0,22300,0.0,0.0
2024-06-14 13:00:00+09:00,5640.0,5650.0,5640.0,5640.0,1500,0.0,0.0
2024-06-14 14:00:00+09:00,5630.0,5660.0,5630.0,5660.0,1700,0.0,0.0
2024-06-17 09:00:00+09:00,5640.0,5660.0,5600.0,5660.0,4100,0.0,0.0
2024-06-17 10:00:00+09:00,5640.0,5640.0,5620.0,5630.0,1300,0.0,0.0
2024-06-17 11:00:00+09:00,5630.0,5660.0,5630.0,5650.0,0,0.0,0.0
2024-06-17 12:00:00+09:00,5660.0,5680.0,5660.0,5680.0,8600,0.0,0.0
2024-06-17 13:00:00+09:00,5680.0,5720.0,5670.0,5710.0,5100,0.0,0.0
2024-06-17 14:00:00+09:00,5710.0,5740.0,5710.0,5730.0,3300,0.0,0.0
2024-06-18 09:00:00+09:00,5770.0,5810.0,5730.0,5790.0,9500,0.0,0.0
2024-06-18 10:00:00+09:00,5790.0,5830.0,5790.0,5820.0,4200,0.0,0.0
2024-06-18 11:00:00+09:00,5820.0,5830.0,5820.0,5830.0,0,0.0,0.0
2024-06-18 12:00:00+09:00,5830.0,5840.0,5820.0,5820.0,19400,0.0,0.0
2024-06-18 13:00:00+09:00,5830.0,5840.0,5830.0,5830.0,1900,0.0,0.0
2024-06-18 14:00:00+09:00,5830.0,5840.0,5820.0,5820.0,2600,0.0,0.0
2024-06-19 09:00:00+09:00,5850.0,5890.0,5830.0,5880.0,8300,0.0,0.0
2024-06-19 10:00:00+09:00,5890.0,5890.0,5860.0,5860.0,2100,0.0,0.0
2024-06-19 11:00:00+09:00,5850.0,5850.0,5840.0,5850.0,0,0.0,0.0
2024-06-19 12:00:00+09:00,5860.0,5860.0,5840.0,5840.0,12500,0.0,0.0
2024-06-19 13:00:00+09:00,5830.0,5830.0,5820.0,5820.0,1100,0.0,0.0
2024-06-19 14:00:00+09:00,5810.0,5820.0,5810.0,5810.0,1400,0.0,0.0
2024-06-20 09:00:00+09:00,5880.0,5910.0,5860.0,5900.0,6000,0.0,0.0
2024-06-20 10:00:00+09:00,5890.0,5890.0,5840.0,5850.0,1700,0.0,0.0
2024-06-20 11:00:00+09:00,5840.0,5840.0,5830.0,5840.0,0,0.0,0.0
2024-06-20 12:00:00+09:00,5850.0,5850.0,5840.0,5850.0,10200,0.0,0.0
2024-06-20 13:00:00+09:00,5850.0,5850.0,5840.0,5850.0,1300,0.0,0.0
2024-06-20 14:00:00+09:00,5840.0,5840.0,5830.0,5830.0,1600,0.0,0.0
2024-06-21 09:00:00+09:00,5810.0,5880.0,5780.0,5860.0,7800,0.0,0.0
2024-06-21 10:00:00+09:00,5850.0,5900.0,5850.0,5870.0,3900,0.0,0.0
2024-06-21 11:00:00+09:00,5860.0,5880.0,5860.0,5880.0,0,0.0,0.0
2024-06-21 12:00:00+09:00,5900.0,5940.0,5890.0,5940.0,23000,0.0,0.0
2024-06-21 13:00:00+09:00,5940.0,5960.0,5930.0,5960.0,5200,0.0,0.0
2024-06-21 14:00:00+09:00,5950.0,5960.0,5920.0,5930.0,6800,0.0,0.0
2024-06-24 09:00:00+09:00,5950.0,5990.0,5920.0,5980.0,8700,0.0,0.0
2024-06-24 10:00:00+09:00,5970.0,6000.0,5970.0,6000.0,4400,0.0,0.0
2024-06-24 11:00:00+09:00,5980.0,6000.0,5970.0,6000.0,0,0.0,0.0
2024-06-24 12:00:00+09:00,6000.0,6000.0,5980.0,6000.0,17900,0.0,0.0
2024-06-24 13:00:00+09:00,6000.0,6040.0,6000.0,6010.0,8400,0.0,0.0
2024-06-24 14:00:00+09:00,6000.0,6010.0,6000.0,6010.0,3900,0.0,0.0
2024-06-25 09:00:00+09:00,6040.0,6070.0,6000.0,6020.0,16300,0.0,0.0
2024-06-25 10:00:00+09:00,6010.0,6040.0,6010.0,6040.0,2800,0.0,0.0
2024-06-25 11:00:00+09:00,6050.0,6060.0,6050.0,6060.0,0,0.0,0.0
2024-06-25 12:00:00+09:00,6060.0,6060.0,6020.0,6020.0,21100,0.0,0.0
2024-06-25 13:00:00+09:00,6020.0,6030.0,6010.0,6030.0,1900,0.0,0.0
2024-06-25 14:00:00+09:00,6020.0,6040.0,6020.0,6040.0,4100,0.0,0.0
2024-06-26 09:00:00+09:00,6000.0,6010.0,5970.0,6010.0,4700,0.0,0.0
2024-06-26 10:00:00+09:00,6000.0,6040.0,6000.0,6040.0,2100,0.0,0.0
2024-06-26 11:00:00+09:00,6030.0,6040.0,6030.0,6040.0,0,0.0,0.0
2024-06-26 12:00:00+09:00,6050.0,6050.0,6030.0,6030.0,8900,0.0,0.0
2024-06-26 13:00:00+09:00,6030.0,6030.0,6020.0,6020.0,1500,0.0,0.0
2024-06-26 14:00:00+09:00,6030.0,6030.0,6010.0,6020.0,3000,0.0,0.0
2024-06-27 09:00:00+09:00,5970.0,5990.0,5950.0,5990.0,7300,0.0,0.0
2024-06-27 10:00:00+09:00,5980.0,6020.0,5980.0,6010.0,1800,0.0,0.0
2024-06-27 11:00:00+09:00,6000.0,6030.0,6000.0,6030.0,0,0.0,0.0
2024-06-27 12:00:00+09:00,6030.0,6040.0,6020.0,6020.0,12900,0.0,0.0
2024-06-27 13:00:00+09:00,6030.0,6040.0,6020.0,6040.0,0,0.0,0.0
2024-06-27 14:00:00+09:00,6040.0,6050.0,6020.0,6030.0,19300,0.0,0.0
2024-06-28 09:00:00+09:00,6050.0,6050.0,5950.0,5970.0,8400,0.0,0.0
2024-06-28 10:00:00+09:00,5970.0,5990.0,5930.0,5930.0,5300,0.0,0.0
2024-06-28 11:00:00+09:00,5940.0,5940.0,5930.0,5930.0,0,0.0,0.0
2024-06-28 12:00:00+09:00,5920.0,5930.0,5920.0,5930.0,18100,0.0,0.0
2024-06-28 13:00:00+09:00,5920.0,5940.0,5920.0,5940.0,2400,0.0,0.0
2024-06-28 14:00:00+09:00,5940.0,5970.0,5930.0,5960.0,4200,0.0,0.0
