Datetime,Open,High,Low,Close,Volume,Dividends,Stock Splits
2022-11-11 09:30:00-05:00,11.0,11.0,11.0,11.0,0,0.0,0.0
2022-11-11 10:30:00-05:00,15.5,17.049999237060547,12.0,13.077500343322754,1242461,0.0,0.0
2022-11-11 11:30:00-05:00,13.12720012664795,13.390000343322754,12.5,12.654999732971191,210163,0.0,0.0
2022-11-11 12:30:00-05:00,12.654999732971191,12.800000190734863,12.5,12.600000381469727,100274,0.0,0.0
2022-11-11 13:30:00-05:00,12.550000190734863,12.710000038146973,12.199999809265137,12.34000015258789,86831,0.0,0.0
2022-11-11 14:30:00-05:00,12.369999885559082,13.0,12.199999809265137,13.0,103311,0.0,0.0
2022-11-11 15:30:00-05:00,12.979999542236328,12.979999542236328,12.510000228881836,12.850000381469727,74214,0.0,0.0
2022-11-14 09:30:00-05:00,14.680000305175781,14.949999809265137,12.600000381469727,13.359999656677246,1042386,0.0,0.0
2022-11-14 10:30:00-05:00,13.300100326538086,14.199999809265137,13.220000267028809,13.476300239562988,221045,0.0,0.0
2022-11-14 11:30:00-05:00,13.46500015258789,13.600000381469727,13.350000381469727,13.5600004196167,44698,0.0,0.0
2022-11-14 12:30:00-05:00,13.640000343322754,13.979999542236328,13.359999656677246,13.510000228881836,61479,0.0,0.0
2022-11-14 13:30:00-05:00,13.555000305175781,13.649999618530273,13.359999656677246,13.470000267028809,25674,0.0,0.0
2022-11-14 14:30:00-05:00,13.510000228881836,13.600000381469727,13.399999618530273,13.449999809265137,30822,0.0,0.0
2022-11-14 15:30:00-05:00,13.46500015258789,13.46500015258789,13.100000381469727,13.199999809265137,55041,0.0,0.0
2022-11-15 09:30:00-05:00,14.399999618530273,15.270000457763672,13.739999771118164,14.789999961853027,765886,0.0,0.0
2022-11-15 10:30:00-05:00,14.75,14.935099601745605,14.210000038146973,14.40999984741211,224366,0.0,0.0
2022-11-15 11:30:00-05:00,14.425000190734863,14.4399995803833,14.140000343322754,14.395000457763672,120065,0.0,0.0
2022-11-15 12:30:00-05:00,14.395000457763672,14.789999961853027,14.350000381469727,14.619999885559082,131426,0.0,0.0
2022-11-15 13:30:00-05:00,14.619999885559082,14.789899826049805,14.40999984741211,14.574999809265137,94305,0.0,0.0
2022-11-15 14:30:00-05:00,14.574999809265137,14.574999809265137,14.119999885559082,14.145000457763672,186206,0.0,0.0
2022-11-15 15:30:00-05:00,14.145000457763672,14.375300407409668,14.100000381469727,14.130000114440918,140226,0.0,0.0
2022-11-16 09:30:00-05:00,13.609999656677246,13.899999618530273,12.880000114440918,13.180000305175781,169983,0.0,0.0
2022-11-16 10:30:00-05:00,13.229999542236328,13.289999961853027,12.550000190734863,12.819999694824219,88262,0.0,0.0
2022-11-16 11:30:00-05:00,12.8100004196167,13.0,12.5600004196167,12.561100006103516,44775,0.0,0.0
2022-11-16 12:30:00-05:00,12.600000381469727,13.170000076293945,12.5,12.510000228881836,36868,0.0,0.0
2022-11-16 13:30:00-05:00,12.510100364685059,12.529999732971191,12.05090045928955,12.4399995803833,31884,0.0,0.0
2022-11-16 14:30:00-05:00,12.279999732971191,12.279999732971191,11.016599655151367,11.100000381469727,39352,0.0,0.0
2022-11-16 15:30:00-05:00,11.4399995803833,11.869999885559082,11.130000114440918,11.59000015258789,41612,0.0,0.0
2022-11-17 09:30:00-05:00,12.010000228881836,13.829999923706055,11.800000190734863,12.770000457763672,554095,0.0,0.0
2022-11-17 10:30:00-05:00,12.770000457763672,13.699999809265137,12.75,13.46500015258789,181667,0.0,0.0
2022-11-17 11:30:00-05:00,13.449999809265137,14.0,13.350000381469727,13.968700408935547,285301,0.0,0.0
2022-11-17 12:30:00-05:00,13.9399995803833,15.699999809265137,13.71049976348877,14.95989990234375,527001,0.0,0.0
2022-11-17 13:30:00-05:00,14.900099754333496,15.199999809265137,14.0,14.5068998336792,184669,0.0,0.0
2022-11-17 14:30:00-05:00,14.48449993133545,15.100000381469727,14.289999961853027,14.489999771118164,121309,0.0,0.0
2022-11-17 15:30:00-05:00,14.489999771118164,14.899999618530273,14.430000305175781,14.699999809265137,77364,0.0,0.0
2022-11-18 09:30:00-05:00,15.029999732971191,15.039999961853027,12.600000381469727,13.265700340270996,625957,0.0,0.0
2022-11-18 10:30:00-05:00,13.199999809265137,13.65719985961914,12.930000305175781,13.5,190531,0.0,0.0
2022-11-18 11:30:00-05:00,13.510000228881836,13.670000076293945,13.119999885559082,13.130000114440918,82424,0.0,0.0
2022-11-18 12:30:00-05:00,13.224100112915039,13.430000305175781,12.850000381469727,13.010000228881836,84850,0.0,0.0
2022-11-18 13:30:00-05:00,13.109999656677246,13.40999984741211,13.000100135803223,13.1899995803833,17594,0.0,0.0
2022-11-18 14:30:00-05:00,13.180000305175781,13.289999961853027,13.020099639892578,13.270000457763672,11576,0.0,0.0
2022-11-18 15:30:00-05:00,13.279999732971191,13.369999885559082,13.0,13.0,19524,0.0,0.0
2022-11-21 09:30:00-05:00,12.600000381469727,13.15999984741211,12.5,12.899999618530273,111178,0.0,0.0
2022-11-21 10:30:00-05:00,12.805000305175781,12.943400382995605,12.489999771118164,12.550000190734863,66978,0.0,0.0
2022-11-21 11:30:00-05:00,12.579999923706055,12.600000381469727,12.380000114440918,12.385000228881836,40637,0.0,0.0
2022-11-21 12:30:00-05:00,12.380000114440918,12.479999542236328,12.300000190734863,12.359999656677246,24250,0.0,0.0
2022-11-21 13:30:00-05:00,12.300000190734863,12.420000076293945,12.199999809265137,12.229999542236328,16575,0.0,0.0
2022-11-21 14:30:00-05:00,12.21500015258789,12.520000457763672,12.199999809265137,12.489999771118164,17150,0.0,0.0
2022-11-21 15:30:00-05:00,12.390000343322754,12.479999542236328,12.3100004196167,12.430000305175781,19361,0.0,0.0
2022-11-22 09:30:00-05:00,12.0,12.260000228881836,11.520000457763672,11.850000381469727,131283,0.0,0.0
2022-11-22 10:30:00-05:00,11.79010009765625,11.929900169372559,11.399999618530273,11.470000267028809,85877,0.0,0.0
2022-11-22 11:30:00-05:00,11.420000076293945,11.800000190734863,11.279999732971191,11.755000114440918,119646,0.0,0.0
2022-11-22 12:30:00-05:00,11.739999771118164,11.739999771118164,11.460100173950195,11.550000190734863,30304,0.0,0.0
2022-11-22 13:30:00-05:00,11.550000190734863,11.59000015258789,11.250100135803223,11.380000114440918,23823,0.0,0.0
2022-11-22 14:30:00-05:00,11.364999771118164,11.369999885559082,11.23859977722168,11.28499984741211,13542,0.0,0.0
2022-11-22 15:30:00-05:00,11.300000190734863,11.390000343322754,11.260000228881836,11.319999694824219,15353,0.0,0.0
2022-11-23 09:30:00-05:00,12.0,12.100000381469727,11.489999771118164,11.579999923706055,170115,0.0,0.0
2022-11-23 10:30:00-05:00,11.579999923706055,11.720000267028809,11.225000381469727,11.399999618530273,36666,0.0,0.0
2022-11-23 11:30:00-05:00,11.345000267028809,11.4350004196167,11.1899995803833,11.329999923706055,19903,0.0,0.0
2022-11-23 12:30:00-05:00,11.329999923706055,11.350000381469727,11.149999618530273,11.180000305175781,12851,0.0,0.0
2022-11-23 13:30:00-05:00,11.210000038146973,11.729999542236328,11.210000038146973,11.645000457763672,19347,0.0,0.0
2022-11-23 14:30:00-05:00,11.664999961853027,11.759900093078613,11.289999961853027,11.380000114440918,8180,0.0,0.0
2022-11-23 15:30:00-05:00,11.369999885559082,11.5,11.295000076293945,11.449999809265137,10636,0.0,0.0
2022-11-25 09:30:00-05:00,11.600000381469727,11.880000114440918,11.199999809265137,11.229999542236328,46603,0.0,0.0
2022-11-25 10:30:00-05:00,11.220000267028809,11.59000015258789,11.1899995803833,11.5,24039,0.0,0.0
2022-11-25 11:30:00-05:00,11.489999771118164,11.739999771118164,11.489999771118164,11.604999542236328,41598,0.0,0.0
2022-11-28 09:30:00-05:00,12.220000267028809,12.800000190734863,12.020000457763672,12.350000381469727,337104,0.0,0.0
2022-11-28 10:30:00-05:00,12.324999809265137,12.649999618530273,12.15999984741211,12.399999618530273,158332,0.0,0.0
2022-11-28 11:30:00-05:00,12.529999732971191,12.529999732971191,12.300000190734863,12.350000381469727,20786,0.0,0.0
2022-11-28 12:30:00-05:00,12.319999694824219,12.350000381469727,12.257399559020996,12.270000457763672,26730,0.0,0.0
2022-11-28 13:30:00-05:00,12.289999961853027,12.319999694824219,12.25,12.279999732971191,17680,0.0,0.0
2022-11-28 14:30:00-05:00,12.279999732971191,12.399999618530273,12.260000228881836,12.350000381469727,14554,0.0,0.0
2022-11-28 15:30:00-05:00,12.3100004196167,12.479999542236328,12.279999732971191,12.399999618530273,27636,0.0,0.0
2022-11-29 09:30:00-05:00,13.5,13.789999961853027,12.680000305175781,13.010000228881836,653674,0.0,0.0
2022-11-29 10:30:00-05:00,13.039999961853027,13.1899995803833,12.899999618530273,12.914999961853027,191703,0.0,0.0
2022-11-29 11:30:00-05:00,12.914999961853027,13.050000190734863,12.824999809265137,12.899999618530273,105658,0.0,0.0
2022-11-29 12:30:00-05:00,12.920000076293945,12.96500015258789,12.359999656677246,12.40999984741211,116277,0.0,0.0
2022-11-29 13:30:00-05:00,12.350000381469727,12.359999656677246,12.020000457763672,12.149999618530273,9988,0.0,0.0
2022-11-29 14:30:00-05:00,12.100000381469727,12.4399995803833,12.050000190734863,12.4399995803833,12235,0.0,0.0
2022-11-29 15:30:00-05:00,12.369999885559082,12.760000228881836,12.300000190734863,12.739999771118164,15775,0.0,0.0
2022-11-30 09:30:00-05:00,13.979900360107422,14.600000381469727,13.199999809265137,14.029999732971191,557456,0.0,0.0
2022-11-30 10:30:00-05:00,14.09000015258789,15.800000190734863,14.09000015258789,14.880000114440918,456802,0.0,0.0
2022-11-30 11:30:00-05:00,14.949999809265137,15.144100189208984,14.760000228881836,14.850000381469727,64795,0.0,0.0
2022-11-30 12:30:00-05:00,14.930000305175781,15.09000015258789,14.829999923706055,15.0,29624,0.0,0.0
2022-11-30 13:30:00-05:00,15.0,15.489999771118164,14.920000076293945,15.380000114440918,157314,0.0,0.0
2022-11-30 14:30:00-05:00,15.36970043182373,15.75,15.069999694824219,15.270000457763672,138375,0.0,0.0
2022-11-30 15:30:00-05:00,15.270000457763672,15.460000038146973,15.149999618530273,15.460000038146973,64482,0.0,0.0
2022-12-01 09:30:00-05:00,14.789999961853027,16.1200008392334,14.649999618530273,15.619999885559082,504142,0.0,0.0
2022-12-01 10:30:00-05:00,15.600000381469727,15.779999732971191,15.109999656677246,15.588899612426758,182639,0.0,0.0
2022-12-01 11:30:00-05:00,15.600000381469727,15.800000190734863,15.430000305175781,15.59000015258789,87690,0.0,0.0
2022-12-01 12:30:00-05:00,15.770000457763672,15.897199630737305,15.550000190734863,15.65999984741211,63364,0.0,0.0
2022-12-01 13:30:00-05:00,15.649999618530273,15.65999984741211,15.3100004196167,15.550000190734863,40021,0.0,0.0
2022-12-01 14:30:00-05:00,15.569999694824219,15.75,15.470000267028809,15.744999885559082,37902,0.0,0.0
2022-12-01 15:30:00-05:00,15.760000228881836,15.84000015258789,15.520000457763672,15.649999618530273,43471,0.0,0.0
2022-12-02 09:30:00-05:00,15.220000267028809,18.0,14.850000381469727,16.469999313354492,761935,0.0,0.0
2022-12-02 10:30:00-05:00,16.6299991607666,18.270000457763672,16.0,18.04990005493164,616490,0.0,0.0
2022-12-02 11:30:00-05:00,18.040000915527344,18.8799991607666,17.31999969482422,17.690000534057617,372775,0.0,0.0
2022-12-02 12:30:00-05:00,17.700000762939453,18.350000381469727,17.381000518798828,17.565000534057617,145707,0.0,0.0
2022-12-02 13:30:00-05:00,17.579999923706055,18.08989906311035,17.489999771118164,17.81999969482422,90994,0.0,0.0
2022-12-02 14:30:00-05:00,17.899999618530273,18.1299991607666,17.649999618530273,17.825000762939453,102442,0.0,0.0
2022-12-02 15:30:00-05:00,17.81999969482422,17.829999923706055,17.5,17.66010093688965,47423,0.0,0.0
2022-12-05 09:30:00-05:00,18.600000381469727,18.610000610351562,15.620100021362305,15.779999732971191,634548,0.0,0.0
2022-12-05 10:30:00-05:00,15.749300003051758,16.020000457763672,15.350000381469727,15.485799789428711,198865,0.0,0.0
2022-12-05 11:30:00-05:00,15.359999656677246,15.865699768066406,15.359999656677246,15.520000457763672,74098,0.0,0.0
2022-12-05 12:30:00-05:00,15.520000457763672,15.520000457763672,15.100000381469727,15.234999656677246,76598,0.0,0.0
2022-12-05 13:30:00-05:00,15.199999809265137,15.569999694824219,15.199999809265137,15.300000190734863,65761,0.0,0.0
2022-12-05 14:30:00-05:00,15.3149995803833,15.399999618530273,15.229999542236328,15.380000114440918,52264,0.0,0.0
2022-12-05 15:30:00-05:00,15.3100004196167,15.359999656677246,15.149999618530273,15.319999694824219,46556,0.0,0.0
2022-12-06 09:30:00-05:00,15.619999885559082,16.0,14.380999565124512,14.880000114440918,301308,0.0,0.0
2022-12-06 10:30:00-05:00,14.9399995803833,15.149999618530273,14.550000190734863,14.899999618530273,84622,0.0,0.0
2022-12-06 11:30:00-05:00,14.9350004196167,15.09000015258789,14.90999984741211,15.012499809265137,27985,0.0,0.0
2022-12-06 12:30:00-05:00,15.09000015258789,15.470000267028809,15.0,15.239999771118164,34165,0.0,0.0
2022-12-06 13:30:00-05:00,15.236300468444824,15.765000343322754,15.100099563598633,15.609999656677246,28167,0.0,0.0
2022-12-06 14:30:00-05:00,15.602299690246582,15.880000114440918,15.545000076293945,15.729999542236328,28138,0.0,0.0
2022-12-06 15:30:00-05:00,15.739999771118164,16.0,15.59000015258789,15.819999694824219,54470,0.0,0.0
2022-12-07 09:30:00-05:00,15.199999809265137,15.380000114440918,14.329999923706055,14.649999618530273,208188,0.0,0.0
2022-12-07 10:30:00-05:00,14.729999542236328,15.34000015258789,14.6899995803833,14.960000038146973,69570,0.0,0.0
2022-12-07 11:30:00-05:00,15.029999732971191,15.029999732971191,14.760000228881836,14.850000381469727,20614,0.0,0.0
2022-12-07 12:30:00-05:00,14.850000381469727,15.029999732971191,14.819999694824219,14.979999542236328,17364,0.0,0.0
2022-12-07 13:30:00-05:00,14.970000267028809,15.07409954071045,14.710000038146973,14.829999923706055,22257,0.0,0.0
2022-12-07 14:30:00-05:00,14.734999656677246,14.920000076293945,14.649999618530273,14.760000228881836,9161,0.0,0.0
2022-12-07 15:30:00-05:00,14.84000015258789,15.0,14.760000228881836,14.949999809265137,32794,0.0,0.0
2022-12-08 09:30:00-05:00,16.0,17.200000762939453,15.789999961853027,16.200000762939453,435456,0.0,0.0
2022-12-08 10:30:00-05:00,16.18000030517578,16.670000076293945,16.09000015258789,16.479999542236328,117793,0.0,0.0
2022-12-08 11:30:00-05:00,16.440000534057617,16.5,16.222000122070312,16.420000076293945,170693,0.0,0.0
2022-12-08 12:30:00-05:00,16.459999084472656,16.7549991607666,16.299999237060547,16.440000534057617,225495,0.0,0.0
2022-12-08 13:30:00-05:00,16.5,16.600000381469727,16.420000076293945,16.479999542236328,24692,0.0,0.0
2022-12-08 14:30:00-05:00,16.43000030517578,16.599899291992188,16.43000030517578,16.459999084472656,22733,0.0,0.0
2022-12-08 15:30:00-05:00,16.489999771118164,16.600000381469727,16.469999313354492,16.559999465942383,27614,0.0,0.0
2022-12-09 09:30:00-05:00,16.3700008392334,16.56999969482422,16.209999084472656,16.450000762939453,39239,0.0,0.0
2022-12-09 10:30:00-05:00,16.454999923706055,16.540000915527344,16.25,16.450000762939453,17474,0.0,0.0
2022-12-09 11:30:00-05:00,16.44499969482422,16.549999237060547,16.440000534057617,16.549999237060547,6812,0.0,0.0
2022-12-09 12:30:00-05:00,16.475000381469727,16.53179931640625,16.389999389648438,16.450000762939453,10266,0.0,0.0
2022-12-09 13:30:00-05:00,16.43000030517578,16.43000030517578,16.270000457763672,16.31999969482422,3790,0.0,0.0
2022-12-09 14:30:00-05:00,16.299999237060547,16.5,16.260000228881836,16.360000610351562,12991,0.0,0.0
2022-12-09 15:30:00-05:00,16.329999923706055,16.579999923706055,16.290000915527344,16.569499969482422,50781,0.0,0.0
2022-12-12 09:30:00-05:00,15.399999618530273,16.540000915527344,15.350000381469727,15.9399995803833,81729,0.0,0.0
2022-12-12 10:30:00-05:00,15.9399995803833,16.459999084472656,15.779999732971191,16.3799991607666,64333,0.0,0.0
2022-12-12 11:30:00-05:00,16.350000381469727,16.350000381469727,16.06999969482422,16.06999969482422,33730,0.0,0.0
2022-12-12 12:30:00-05:00,16.1299991607666,16.18000030517578,15.9399995803833,16.049999237060547,21276,0.0,0.0
2022-12-12 13:30:00-05:00,16.030000686645508,16.135000228881836,15.92770004272461,16.020000457763672,23398,0.0,0.0
2022-12-12 14:30:00-05:00,16.05500030517578,16.34000015258789,16.010000228881836,16.325000762939453,46958,0.0,0.0
2022-12-12 15:30:00-05:00,16.325000762939453,16.579999923706055,16.200000762939453,16.549999237060547,62724,0.0,0.0
2022-12-13 09:30:00-05:00,16.889999389648438,17.514999389648438,16.600000381469727,17.09000015258789,117796,0.0,0.0
2022-12-13 10:30:00-05:00,17.074600219726562,17.7549991607666,17.059999465942383,17.59000015258789,37921,0.0,0.0
2022-12-13 11:30:00-05:00,17.6200008392334,17.665000915527344,16.600000381469727,16.684999465942383,45297,0.0,0.0
2022-12-13 12:30:00-05:00,16.68000030517578,16.9950008392334,16.670000076293945,16.889999389648438,20997,0.0,0.0
2022-12-13 13:30:00-05:00,16.8700008392334,17.459999084472656,16.84000015258789,17.34000015258789,30362,0.0,0.0
2022-12-13 14:30:00-05:00,17.350000381469727,17.645000457763672,17.299999237060547,17.520000457763672,24656,0.0,0.0
2022-12-13 15:30:00-05:00,17.514999389648438,17.649999618530273,17.450000762939453,17.5049991607666,57664,0.0,0.0
2022-12-14 09:30:00-05:00,17.280000686645508,17.280000686645508,16.496400833129883,16.770000457763672,57985,0.0,0.0
2022-12-14 10:30:00-05:00,16.739999771118164,17.489999771118164,16.649999618530273,17.489999771118164,45024,0.0,0.0
2022-12-14 11:30:00-05:00,17.450000762939453,17.450000762939453,16.93000030517578,17.1299991607666,24785,0.0,0.0
2022-12-14 12:30:00-05:00,17.040000915527344,17.049999237060547,16.6200008392334,16.84000015258789,26165,0.0,0.0
2022-12-14 13:30:00-05:00,16.90999984741211,16.989999771118164,16.610000610351562,16.899999618530273,45458,0.0,0.0
2022-12-14 14:30:00-05:00,16.924999237060547,16.989999771118164,16.639999389648438,16.920000076293945,51224,0.0,0.0
2022-12-14 15:30:00-05:00,16.8799991607666,16.959999084472656,16.75,16.799999237060547,46232,0.0,0.0
2022-12-15 09:30:00-05:00,16.829999923706055,17.299999237060547,16.09000015258789,16.579999923706055,47554,0.0,0.0
2022-12-15 10:30:00-05:00,16.59000015258789,17.260000228881836,16.440000534057617,16.8799991607666,26714,0.0,0.0
2022-12-15 11:30:00-05:00,17.049999237060547,17.200000762939453,16.799999237060547,16.860000610351562,25590,0.0,0.0
2022-12-15 12:30:00-05:00,16.899999618530273,17.040000915527344,16.389999389648438,16.600000381469727,30733,0.0,0.0
2022-12-15 13:30:00-05:00,16.600000381469727,16.940000534057617,16.600000381469727,16.739999771118164,11880,0.0,0.0
2022-12-15 14:30:00-05:00,16.729999542236328,16.860000610351562,16.610000610351562,16.65999984741211,17967,0.0,0.0
2022-12-15 15:30:00-05:00,16.719999313354492,16.719999313354492,16.34000015258789,16.510000228881836,98674,0.0,0.0
2022-12-16 09:30:00-05:00,16.68000030517578,16.889999389648438,16.0,16.399999618530273,77674,0.0,0.0
2022-12-16 10:30:00-05:00,16.3799991607666,16.510000228881836,16.299999237060547,16.5,25985,0.0,0.0
2022-12-16 11:30:00-05:00,16.5,16.829999923706055,16.469999313354492,16.541000366210938,16608,0.0,0.0
2022-12-16 12:30:00-05:00,16.760000228881836,16.760000228881836,16.40999984741211,16.540000915527344,5272,0.0,0.0
2022-12-16 13:30:00-05:00,16.450000762939453,16.520000457763672,16.40999984741211,16.489999771118164,14403,0.0,0.0
2022-12-16 14:30:00-05:00,16.4950008392334,16.559999465942383,16.489999771118164,16.540000915527344,3925,0.0,0.0
2022-12-16 15:30:00-05:00,16.540000915527344,16.829999923706055,16.489999771118164,16.65999984741211,26588,0.0,0.0
2022-12-19 09:30:00-05:00,15.899999618530273,16.459999084472656,15.6899995803833,16.360000610351562,108344,0.0,0.0
2022-12-19 10:30:00-05:00,16.40999984741211,16.56999969482422,16.0,16.56999969482422,32364,0.0,0.0
2022-12-19 11:30:00-05:00,16.56999969482422,16.579999923706055,16.399999618530273,16.459999084472656,11230,0.0,0.0
2022-12-19 12:30:00-05:00,16.459999084472656,16.549999237060547,16.15999984741211,16.350000381469727,26699,0.0,0.0
2022-12-19 13:30:00-05:00,16.3700008392334,16.479999542236328,16.232500076293945,16.399999618530273,11142,0.0,0.0
2022-12-19 14:30:00-05:00,16.360000610351562,16.440000534057617,16.165000915527344,16.420000076293945,15257,0.0,0.0
2022-12-19 15:30:00-05:00,16.450000762939453,16.65999984741211,16.315000534057617,16.639999389648438,76074,0.0,0.0
2022-12-20 09:30:00-05:00,16.209999084472656,17.5,16.020000457763672,16.979999542236328,143442,0.0,0.0
2022-12-20 10:30:00-05:00,17.0049991607666,17.03499984741211,16.711000442504883,16.920000076293945,10255,0.0,0.0
2022-12-20 11:30:00-05:00,16.839799880981445,17.09000015258789,16.839799880981445,16.969999313354492,25654,0.0,0.0
2022-12-20 12:30:00-05:00,16.959999084472656,17.100000381469727,16.920000076293945,17.040000915527344,14136,0.0,0.0
2022-12-20 13:30:00-05:00,17.030000686645508,17.100000381469727,17.0,17.059999465942383,7421,0.0,0.0
2022-12-20 14:30:00-05:00,17.030000686645508,17.399999618530273,17.030000686645508,17.34000015258789,75274,0.0,0.0
2022-12-20 15:30:00-05:00,17.329999923706055,17.459999084472656,17.260000228881836,17.420000076293945,28084,0.0,0.0
2022-12-21 09:30:00-05:00,17.450000762939453,18.200000762939453,17.227800369262695,18.100000381469727,113644,0.0,0.0
2022-12-21 10:30:00-05:00,18.200000762939453,18.610000610351562,18.014999389648438,18.43000030517578,107661,0.0,0.0
2022-12-21 11:30:00-05:00,18.389999389648438,18.489999771118164,18.270000457763672,18.280000686645508,9775,0.0,0.0
2022-12-21 12:30:00-05:00,18.31999969482422,18.40999984741211,18.229999542236328,18.3799991607666,3097,0.0,0.0
2022-12-21 13:30:00-05:00,18.29599952697754,18.450000762939453,18.260000228881836,18.450000762939453,8972,0.0,0.0
2022-12-21 14:30:00-05:00,18.360000610351562,18.489999771118164,18.209999084472656,18.299999237060547,12473,0.0,0.0
2022-12-21 15:30:00-05:00,18.350000381469727,18.799999237060547,18.31999969482422,18.75,92670,0.0,0.0
2022-12-22 09:30:00-05:00,18.399999618530273,18.670000076293945,18.100000381469727,18.350000381469727,72448,0.0,0.0
2022-12-22 10:30:00-05:00,18.295000076293945,18.349899291992188,17.709999084472656,18.010000228881836,56111,0.0,0.0
2022-12-22 11:30:00-05:00,18.200000762939453,18.200000762939453,17.799999237060547,17.975000381469727,14568,0.0,0.0
2022-12-22 12:30:00-05:00,17.799999237060547,17.809999465942383,17.719999313354492,17.719999313354492,3117,0.0,0.0
2022-12-22 13:30:00-05:00,17.719999313354492,18.260000228881836,17.700000762939453,17.875,13223,0.0,0.0
2022-12-22 14:30:00-05:00,17.90999984741211,18.395000457763672,17.889999389648438,18.290000915527344,35134,0.0,0.0
2022-12-22 15:30:00-05:00,18.229999542236328,18.349899291992188,18.084999084472656,18.139999389648438,8869,0.0,0.0
2022-12-23 09:30:00-05:00,18.40999984741211,18.739999771118164,18.100000381469727,18.399999618530273,32006,0.0,0.0
2022-12-23 10:30:00-05:00,18.399999618530273,18.479999542236328,18.1299991607666,18.329999923706055,10565,0.0,0.0
2022-12-23 11:30:00-05:00,18.3799991607666,18.399999618530273,18.280000686645508,18.280000686645508,4879,0.0,0.0
2022-12-23 12:30:00-05:00,18.299999237060547,18.389999389648438,18.15999984741211,18.350000381469727,5729,0.0,0.0
2022-12-23 13:30:00-05:00,18.389999389648438,18.389999389648438,18.290000915527344,18.389999389648438,5176,0.0,0.0
2022-12-23 14:30:00-05:00,18.389999389648438,18.479999542236328,18.280000686645508,18.479999542236328,27372,0.0,0.0
2022-12-23 15:30:00-05:00,18.479999542236328,18.809499740600586,18.479999542236328,18.520099639892578,30566,0.0,0.0
2022-12-27 09:30:00-05:00,18.729999542236328,18.90999984741211,17.510000228881836,18.010000228881836,81210,0.0,0.0
2022-12-27 10:30:00-05:00,18.06999969482422,18.100000381469727,17.610000610351562,17.938100814819336,19301,0.0,0.0
2022-12-27 11:30:00-05:00,18.0,18.06999969482422,17.905000686645508,18.024999618530273,2288,0.0,0.0
2022-12-27 12:30:00-05:00,18.09000015258789,18.59000015258789,17.940000534057617,18.3700008392334,44541,0.0,0.0
2022-12-27 13:30:00-05:00,18.3700008392334,18.424999237060547,17.989999771118164,18.049999237060547,119236,0.0,0.0
2022-12-27 14:30:00-05:00,18.049999237060547,18.399999618530273,17.8700008392334,17.940000534057617,147463,0.0,0.0
2022-12-27 15:30:00-05:00,17.940000534057617,18.030000686645508,17.639999389648438,17.829999923706055,143711,0.0,0.0
2022-12-28 09:30:00-05:00,18.15999984741211,18.399999618530273,17.59000015258789,17.719999313354492,242117,0.0,0.0
2022-12-28 10:30:00-05:00,17.719999313354492,17.719999313354492,16.760000228881836,17.094999313354492,151191,0.0,0.0
2022-12-28 11:30:00-05:00,17.079999923706055,17.079999923706055,16.45439910888672,16.45439910888672,61790,0.0,0.0
2022-12-28 12:30:00-05:00,16.5,16.774999618530273,16.377300262451172,16.56999969482422,52293,0.0,0.0
2022-12-28 13:30:00-05:00,16.549999237060547,16.604999542236328,16.360000610351562,16.514999389648438,48819,0.0,0.0
2022-12-28 14:30:00-05:00,16.540000915527344,16.704999923706055,16.450000762939453,16.645000457763672,66718,0.0,0.0
2022-12-28 15:30:00-05:00,16.600000381469727,16.645000457763672,16.4950008392334,16.549999237060547,0,0.0,0.0
2022-12-29 09:30:00-05:00,16.5,18.110000610351562,16.489999771118164,17.8799991607666,110053,0.0,0.0
2022-12-29 10:30:00-05:00,17.8799991607666,18.19499969482422,17.690000534057617,18.100000381469727,70294,0.0,0.0
2022-12-29 11:30:00-05:00,18.104999542236328,18.104999542236328,17.799999237060547,17.8700008392334,36760,0.0,0.0
2022-12-29 12:30:00-05:00,17.8700008392334,18.145000457763672,17.700000762939453,17.790000915527344,37571,0.0,0.0
2022-12-29 13:30:00-05:00,17.790000915527344,18.049999237060547,17.7450008392334,17.940000534057617,40660,0.0,0.0
2022-12-29 14:30:00-05:00,17.96500015258789,18.149999618530273,17.68000030517578,17.75,48608,0.0,0.0
2022-12-29 15:30:00-05:00,17.844999313354492,18.010000228881836,17.56999969482422,18.0,39701,0.0,0.0
2022-12-30 09:30:00-05:00,17.350000381469727,18.149999618530273,17.350000381469727,17.780000686645508,58408,0.0,0.0
2022-12-30 10:30:00-05:00,17.8799991607666,18.049999237060547,17.649999618530273,17.979999542236328,36696,0.0,0.0
2022-12-30 11:30:00-05:00,17.975000381469727,18.06999969482422,17.834999084472656,18.020000457763672,39975,0.0,0.0
2022-12-30 12:30:00-05:00,18.020000457763672,18.024999618530273,17.864999771118164,17.954999923706055,33139,0.0,0.0
2022-12-30 13:30:00-05:00,17.959999084472656,18.020000457763672,17.809999465942383,17.9950008392334,34719,0.0,0.0
2022-12-30 14:30:00-05:00,17.9950008392334,18.014999389648438,17.8799991607666,18.0,33482,0.0,0.0
2022-12-30 15:30:00-05:00,18.0049991607666,18.139999389648438,17.9950008392334,18.020000457763672,55692,0.0,0.0
2023-01-03 09:30:00-05:00,18.110000610351562,19.1299991607666,17.799999237060547,18.99959945678711,189578,0.0,0.0
2023-01-03 10:30:00-05:00,18.969999313354492,19.5,18.889999389648438,19.075000762939453,79744,0.0,0.0
2023-01-03 11:30:00-05:00,19.139999389648438,19.260000228881836,18.940000534057617,19.100000381469727,13201,0.0,0.0
2023-01-03 12:30:00-05:00,19.110000610351562,19.3799991607666,19.040000915527344,19.3799991607666,28963,0.0,0.0
2023-01-03 13:30:00-05:00,19.329999923706055,19.56999969482422,19.040000915527344,19.270000457763672,77931,0.0,0.0
2023-01-03 14:30:00-05:00,19.170000076293945,19.479999542236328,19.100000381469727,19.270000457763672,53574,0.0,0.0
2023-01-03 15:30:00-05:00,19.270000457763672,19.40999984741211,19.239999771118164,19.40999984741211,38327,0.0,0.0
2023-01-04 09:30:00-05:00,19.889999389648438,19.889999389648438,19.0,19.399999618530273,88596,0.0,0.0
2023-01-04 10:30:00-05:00,19.399999618530273,19.850000381469727,19.299999237060547,19.65999984741211,105905,0.0,0.0
2023-01-04 11:30:00-05:00,19.690000534057617,20.0,19.420000076293945,19.559999465942383,63824,0.0,0.0
2023-01-04 12:30:00-05:00,19.56999969482422,19.709999084472656,19.440000534057617,19.520000457763672,46016,0.0,0.0
2023-01-04 13:30:00-05:00,19.56999969482422,19.6299991607666,19.354999542236328,19.440000534057617,55695,0.0,0.0
2023-01-04 14:30:00-05:00,19.420000076293945,19.450000762939453,19.209999084472656,19.364999771118164,54191,0.0,0.0
2023-01-04 15:30:00-05:00,19.34000015258789,19.40999984741211,19.25,19.350000381469727,34075,0.0,0.0
2023-01-05 09:30:00-05:00,19.040000915527344,19.59000015258789,18.579999923706055,19.3700008392334,71141,0.0,0.0
2023-01-05 10:30:00-05:00,19.329999923706055,19.489999771118164,19.1200008392334,19.350000381469727,56984,0.0,0.0
2023-01-05 11:30:00-05:00,19.360000610351562,19.700000762939453,19.329999923706055,19.545000076293945,38551,0.0,0.0
2023-01-05 12:30:00-05:00,19.520000457763672,19.6299991607666,19.200000762939453,19.395000457763672,172631,0.0,0.0
2023-01-05 13:30:00-05:00,19.475000381469727,19.489999771118164,19.3700008392334,19.399999618530273,12980,0.0,0.0
2023-01-05 14:30:00-05:00,19.40999984741211,19.479999542236328,19.264999389648438,19.299999237060547,23768,0.0,0.0
2023-01-05 15:30:00-05:00,19.31999969482422,19.389999389648438,19.229999542236328,19.299999237060547,33895,0.0,0.0
2023-01-06 09:30:00-05:00,18.75,19.299999237060547,18.75,19.06999969482422,52718,0.0,0.0
2023-01-06 10:30:00-05:00,19.020000457763672,19.149999618530273,18.889999389648438,19.084999084472656,9569,0.0,0.0
2023-01-06 11:30:00-05:00,19.059999465942383,19.170000076293945,18.41010093688965,18.729999542236328,77056,0.0,0.0
2023-01-06 12:30:00-05:00,18.75,18.75,18.452499389648438,18.5049991607666,20359,0.0,0.0
2023-01-06 13:30:00-05:00,18.459999084472656,18.56999969482422,18.34000015258789,18.489999771118164,24296,0.0,0.0
2023-01-06 14:30:00-05:00,18.610000610351562,18.690000534057617,18.3799991607666,18.56999969482422,9346,0.0,0.0
2023-01-06 15:30:00-05:00,18.5,18.510000228881836,18.350000381469727,18.389999389648438,10546,0.0,0.0
2023-01-09 09:30:00-05:00,19.41900062561035,20.360000610351562,18.90999984741211,19.600000381469727,125499,0.0,0.0
2023-01-09 10:30:00-05:00,19.510000228881836,20.5,19.510000228881836,20.25,80336,0.0,0.0
2023-01-09 11:30:00-05:00,20.25,20.25,19.450000762939453,19.700000762939453,113782,0.0,0.0
2023-01-09 12:30:00-05:00,19.700000762939453,19.8799991607666,19.389999389648438,19.850000381469727,151028,0.0,0.0
2023-01-09 13:30:00-05:00,19.844999313354492,19.950000762939453,19.450000762939453,19.899999618530273,52553,0.0,0.0
2023-01-09 14:30:00-05:00,19.875,20.399999618530273,19.799999237060547,20.360000610351562,45473,0.0,0.0
2023-01-09 15:30:00-05:00,20.329999923706055,20.450000762939453,20.09000015258789,20.450000762939453,108795,0.0,0.0
2023-01-10 09:30:00-05:00,20.290000915527344,21.34000015258789,20.049999237060547,20.65999984741211,127174,0.0,0.0
2023-01-10 10:30:00-05:00,20.549999237060547,21.0,20.479999542236328,20.829999923706055,23410,0.0,0.0
2023-01-10 11:30:00-05:00,20.81999969482422,20.969999313354492,20.649999618530273,20.770000457763672,10169,0.0,0.0
2023-01-10 12:30:00-05:00,20.829999923706055,20.950000762939453,20.719999313354492,20.850000381469727,5968,0.0,0.0
2023-01-10 13:30:00-05:00,20.770000457763672,20.950000762939453,20.719999313354492,20.889999389648438,8769,0.0,0.0
2023-01-10 14:30:00-05:00,20.920000076293945,21.290000915527344,20.900100708007812,21.25,29881,0.0,0.0
2023-01-10 15:30:00-05:00,21.299999237060547,21.44499969482422,21.110000610351562,21.190000534057617,32799,0.0,0.0
2023-01-11 09:30:00-05:00,21.3700008392334,21.3700008392334,20.234899520874023,20.6299991607666,46596,0.0,0.0
2023-01-11 10:30:00-05:00,20.56999969482422,21.75,20.309999465942383,21.68000030517578,48150,0.0,0.0
2023-01-11 11:30:00-05:00,21.690000534057617,21.835800170898438,21.670000076293945,21.835800170898438,10552,0.0,0.0
2023-01-11 12:30:00-05:00,21.850000381469727,22.36989974975586,21.700000762939453,22.225000381469727,25490,0.0,0.0
2023-01-11 13:30:00-05:00,22.239999771118164,22.3700008392334,22.010000228881836,22.06999969482422,6783,0.0,0.0
2023-01-11 14:30:00-05:00,22.205699920654297,22.270000457763672,22.079999923706055,22.09000015258789,6281,0.0,0.0
2023-01-11 15:30:00-05:00,22.100000381469727,22.1200008392334,21.818199157714844,22.0,33722,0.0,0.0
2023-01-12 09:30:00-05:00,22.0,22.170000076293945,20.552400588989258,20.760000228881836,49194,0.0,0.0
2023-01-12 10:30:00-05:00,20.735000610351562,21.299999237060547,20.735000610351562,21.229999542236328,22309,0.0,0.0
2023-01-12 11:30:00-05:00,21.110000610351562,21.110000610351562,20.719999313354492,20.719999313354492,26120,0.0,0.0
2023-01-12 12:30:00-05:00,20.775400161743164,20.780000686645508,20.385000228881836,20.780000686645508,32984,0.0,0.0
2023-01-12 13:30:00-05:00,20.65999984741211,20.65999984741211,20.385000228881836,20.5049991607666,7265,0.0,0.0
2023-01-12 14:30:00-05:00,20.459999084472656,20.6200008392334,20.299999237060547,20.370100021362305,16703,0.0,0.0
2023-01-12 15:30:00-05:00,20.434999465942383,20.434999465942383,20.229999542236328,20.318199157714844,17806,0.0,0.0
2023-01-13 09:30:00-05:00,20.3700008392334,22.389999389648438,20.3700008392334,22.149999618530273,80155,0.0,0.0
2023-01-13 10:30:00-05:00,22.174999237060547,23.84000015258789,22.059999465942383,23.65999984741211,82291,0.0,0.0
2023-01-13 11:30:00-05:00,23.65999984741211,24.510000228881836,23.590099334716797,24.510000228881836,97850,0.0,0.0
2023-01-13 12:30:00-05:00,24.450000762939453,24.81999969482422,24.100000381469727,24.489999771118164,35795,0.0,0.0
2023-01-13 13:30:00-05:00,24.5,25.5,24.489999771118164,25.3799991607666,72004,0.0,0.0
2023-01-13 14:30:00-05:00,25.360000610351562,25.450000762939453,24.969999313354492,25.367599487304688,62646,0.0,0.0
2023-01-13 15:30:00-05:00,25.399999618530273,25.415000915527344,25.25,25.3700008392334,147803,0.0,0.0
2023-01-17 09:30:00-05:00,24.5,24.5,22.040000915527344,22.329999923706055,220249,0.0,0.0
2023-01-17 10:30:00-05:00,22.479999542236328,22.959999084472656,22.239999771118164,22.389999389648438,64544,0.0,0.0
2023-01-17 11:30:00-05:00,22.389999389648438,22.8799991607666,22.3700008392334,22.649999618530273,27877,0.0,0.0
2023-01-17 12:30:00-05:00,22.709999084472656,22.950000762939453,22.420000076293945,22.6299991607666,29169,0.0,0.0
2023-01-17 13:30:00-05:00,22.64620018005371,23.200000762939453,22.6299991607666,22.940000534057617,18054,0.0,0.0
2023-01-17 14:30:00-05:00,22.899999618530273,22.989999771118164,22.110000610351562,22.209999084472656,27966,0.0,0.0
2023-01-17 15:30:00-05:00,22.299999237060547,22.59000015258789,22.100000381469727,22.100000381469727,45293,0.0,0.0
2023-01-18 09:30:00-05:00,22.299999237060547,23.5,22.25,22.889999389648438,146748,0.0,0.0
2023-01-18 10:30:00-05:00,22.979999542236328,22.989999771118164,21.700000762939453,22.049999237060547,82606,0.0,0.0
2023-01-18 11:30:00-05:00,22.059999465942383,22.5049991607666,21.8799991607666,22.229999542236328,33798,0.0,0.0
2023-01-18 12:30:00-05:00,22.290000915527344,22.639999389648438,22.239999771118164,22.53499984741211,33180,0.0,0.0
2023-01-18 13:30:00-05:00,22.604999542236328,22.829999923706055,22.18000030517578,22.299999237060547,59576,0.0,0.0
2023-01-18 14:30:00-05:00,22.329999923706055,22.360000610351562,21.829999923706055,21.979999542236328,49287,0.0,0.0
2023-01-18 15:30:00-05:00,21.969999313354492,21.969999313354492,21.780000686645508,21.8799991607666,40871,0.0,0.0
2023-01-19 09:30:00-05:00,21.739999771118164,23.420000076293945,21.739999771118164,23.316099166870117,76881,0.0,0.0
2023-01-19 10:30:00-05:00,23.350000381469727,23.65999984741211,23.1200008392334,23.5,29054,0.0,0.0
2023-01-19 11:30:00-05:00,23.485000610351562,23.485000610351562,22.520000457763672,23.375999450683594,45669,0.0,0.0
2023-01-19 12:30:00-05:00,23.329999923706055,23.670000076293945,23.239999771118164,23.299999237060547,26755,0.0,0.0
2023-01-19 13:30:00-05:00,23.44499969482422,24.200000762939453,23.375,24.030000686645508,36221,0.0,0.0
2023-01-19 14:30:00-05:00,24.0,24.969999313354492,23.92099952697754,24.875,36274,0.0,0.0
2023-01-19 15:30:00-05:00,24.959999084472656,25.34000015258789,24.84000015258789,25.260000228881836,43942,0.0,0.0
2023-01-20 09:30:00-05:00,25.299999237060547,26.639999389648438,24.510000228881836,26.43000030517578,112808,0.0,0.0
2023-01-20 10:30:00-05:00,26.420000076293945,27.350000381469727,26.145000457763672,26.959999084472656,62084,0.0,0.0
2023-01-20 11:30:00-05:00,26.889999389648438,27.100000381469727,26.829999923706055,26.989999771118164,42427,0.0,0.0
2023-01-20 12:30:00-05:00,26.934999465942383,27.06999969482422,26.821300506591797,27.030000686645508,7065,0.0,0.0
2023-01-20 13:30:00-05:00,26.989999771118164,27.09000015258789,26.886999130249023,26.9950008392334,13043,0.0,0.0
2023-01-20 14:30:00-05:00,27.079999923706055,27.09000015258789,26.829999923706055,26.899999618530273,10638,0.0,0.0
2023-01-20 15:30:00-05:00,26.9950008392334,27.094999313354492,26.729999542236328,27.079999923706055,23527,0.0,0.0
2023-01-23 09:30:00-05:00,27.43000030517578,27.43000030517578,26.200000762939453,26.579999923706055,46501,0.0,0.0
2023-01-23 10:30:00-05:00,26.540000915527344,26.899999618530273,26.06999969482422,26.149999618530273,21495,0.0,0.0
2023-01-23 11:30:00-05:00,26.052000045776367,26.739999771118164,25.809999465942383,26.350000381469727,44108,0.0,0.0
2023-01-23 12:30:00-05:00,26.520000457763672,27.0,26.3799991607666,26.8700008392334,6884,0.0,0.0
2023-01-23 13:30:00-05:00,26.989999771118164,26.989999771118164,26.8700008392334,26.8700008392334,2728,0.0,0.0
2023-01-23 14:30:00-05:00,26.770000457763672,26.81999969482422,26.459999084472656,26.719999313354492,5672,0.0,0.0
2023-01-23 15:30:00-05:00,26.549999237060547,26.690000534057617,26.520000457763672,26.59000015258789,6137,0.0,0.0
2023-01-24 09:30:00-05:00,26.639999389648438,26.799999237060547,26.010000228881836,26.639999389648438,32288,0.0,0.0
2023-01-24 10:30:00-05:00,26.760000228881836,26.799999237060547,26.309999465942383,26.364999771118164,11325,0.0,0.0
2023-01-24 11:30:00-05:00,26.469900131225586,26.66069984436035,26.309999465942383,26.66069984436035,5492,0.0,0.0
2023-01-24 12:30:00-05:00,26.68000030517578,27.940000534057617,26.591999053955078,27.940000534057617,27975,0.0,0.0
2023-01-24 13:30:00-05:00,27.905000686645508,28.270000457763672,27.790000915527344,27.825000762939453,35884,0.0,0.0
2023-01-24 14:30:00-05:00,27.825000762939453,28.079999923706055,27.825000762939453,27.94499969482422,11735,0.0,0.0
2023-01-24 15:30:00-05:00,27.94499969482422,29.399999618530273,27.920000076293945,29.06999969482422,40003,0.0,0.0
2023-01-25 09:30:00-05:00,28.28499984741211,29.124000549316406,27.3799991607666,27.510000228881836,131362,0.0,0.0
2023-01-25 10:30:00-05:00,27.510000228881836,28.25,26.809999465942383,28.0,74826,0.0,0.0
2023-01-25 11:30:00-05:00,27.924999237060547,28.239999771118164,27.86009979248047,28.014999389648438,7853,0.0,0.0
2023-01-25 12:30:00-05:00,28.010000228881836,28.489999771118164,27.899999618530273,28.329999923706055,25448,0.0,0.0
2023-01-25 13:30:00-05:00,28.354999542236328,28.450000762939453,27.84000015258789,27.959999084472656,6330,0.0,0.0
2023-01-25 14:30:00-05:00,27.924999237060547,27.989999771118164,27.5,27.53499984741211,10708,0.0,0.0
2023-01-25 15:30:00-05:00,27.530000686645508,27.530000686645508,27.010000228881836,27.139999389648438,18567,0.0,0.0
2023-01-26 09:30:00-05:00,27.350000381469727,28.420000076293945,25.809999465942383,25.809999465942383,125804,0.0,0.0
2023-01-26 10:30:00-05:00,25.814899444580078,26.56999969482422,24.13010025024414,25.920000076293945,262883,0.0,0.0
2023-01-26 11:30:00-05:00,25.90999984741211,26.170000076293945,25.100000381469727,25.7450008392334,50534,0.0,0.0
2023-01-26 12:30:00-05:00,25.709999084472656,26.670000076293945,25.200000762939453,25.299999237060547,28705,0.0,0.0
2023-01-26 13:30:00-05:00,25.299999237060547,25.719999313354492,25.06999969482422,25.190000534057617,20343,0.0,0.0
2023-01-26 14:30:00-05:00,25.200000762939453,25.43000030517578,23.799999237060547,24.139999389648438,157786,0.0,0.0
2023-01-26 15:30:00-05:00,24.1299991607666,24.600000381469727,23.899999618530273,24.600000381469727,108546,0.0,0.0
2023-01-27 09:30:00-05:00,25.299999237060547,26.219999313354492,24.899999618530273,25.920000076293945,114690,0.0,0.0
2023-01-27 10:30:00-05:00,25.889999389648438,26.040000915527344,25.65999984741211,25.900100708007812,35278,0.0,0.0
2023-01-27 11:30:00-05:00,25.90999984741211,25.90999984741211,25.049999237060547,25.06679916381836,47940,0.0,0.0
2023-01-27 12:30:00-05:00,25.049999237060547,25.309999465942383,25.0,25.309999465942383,38488,0.0,0.0
2023-01-27 13:30:00-05:00,25.399999618530273,25.479999542236328,25.0,25.06999969482422,19495,0.0,0.0
2023-01-27 14:30:00-05:00,25.1200008392334,25.299999237060547,24.905000686645508,25.114999771118164,29384,0.0,0.0
2023-01-27 15:30:00-05:00,25.13789939880371,25.13789939880371,25.0,25.0,39368,0.0,0.0
2023-01-30 09:30:00-05:00,24.5,27.149999618530273,23.5,26.90999984741211,196701,0.0,0.0
2023-01-30 10:30:00-05:00,26.920299530029297,27.399999618530273,26.530000686645508,27.059999465942383,175558,0.0,0.0
2023-01-30 11:30:00-05:00,27.040000915527344,27.280000686645508,26.15999984741211,27.280000686645508,64079,0.0,0.0
2023-01-30 12:30:00-05:00,27.270000457763672,27.299999237060547,26.90999984741211,27.200000762939453,100527,0.0,0.0
2023-01-30 13:30:00-05:00,27.239999771118164,27.704999923706055,27.15999984741211,27.479999542236328,98809,0.0,0.0
2023-01-30 14:30:00-05:00,27.469999313354492,28.690000534057617,27.329999923706055,27.90999984741211,77625,0.0,0.0
2023-01-30 15:30:00-05:00,27.959999084472656,27.989999771118164,27.620100021362305,27.8700008392334,27491,0.0,0.0
2023-01-31 09:30:00-05:00,26.81999969482422,27.200000762939453,26.020000457763672,26.450000762939453,101693,0.0,0.0
2023-01-31 10:30:00-05:00,26.4596004486084,27.200000762939453,26.31999969482422,27.100000381469727,28938,0.0,0.0
2023-01-31 11:30:00-05:00,27.110000610351562,27.1299991607666,26.790000915527344,26.799999237060547,14779,0.0,0.0
2023-01-31 12:30:00-05:00,26.989999771118164,27.079999923706055,26.799999237060547,26.860000610351562,8500,0.0,0.0
2023-01-31 13:30:00-05:00,26.850000381469727,27.0,26.792999267578125,26.90999984741211,13363,0.0,0.0
2023-01-31 14:30:00-05:00,26.8700008392334,27.040000915527344,26.540000915527344,26.979999542236328,15467,0.0,0.0
2023-01-31 15:30:00-05:00,26.969999313354492,26.979999542236328,26.670000076293945,26.735000610351562,22345,0.0,0.0
2023-02-01 09:30:00-05:00,26.889999389648438,27.06999969482422,25.799999237060547,25.924999237060547,59290,0.0,0.0
2023-02-01 10:30:00-05:00,25.899999618530273,25.964000701904297,25.1200008392334,25.59000015258789,37280,0.0,0.0
2023-02-01 11:30:00-05:00,25.663000106811523,26.019899368286133,25.459999084472656,25.969999313354492,11201,0.0,0.0
2023-02-01 12:30:00-05:00,25.780000686645508,25.780000686645508,25.700000762939453,25.75,2857,0.0,0.0
2023-02-01 13:30:00-05:00,25.759199142456055,25.759199142456055,25.549999237060547,25.549999237060547,6988,0.0,0.0
2023-02-01 14:30:00-05:00,25.459999084472656,25.842300415039062,25.450000762939453,25.614999771118164,13993,0.0,0.0
2023-02-01 15:30:00-05:00,25.674999237060547,25.98889923095703,25.600000381469727,25.600000381469727,14113,0.0,0.0
2023-02-02 09:30:00-05:00,25.610000610351562,26.55500030517578,24.799999237060547,25.200000762939453,118263,0.0,0.0
2023-02-02 10:30:00-05:00,25.040000915527344,25.579999923706055,24.899999618530273,25.329999923706055,58687,0.0,0.0
2023-02-02 11:30:00-05:00,25.479900360107422,25.780000686645508,25.200000762939453,25.610000610351562,13318,0.0,0.0
2023-02-02 12:30:00-05:00,25.6200008392334,26.3700008392334,25.6200008392334,26.31999969482422,11280,0.0,0.0
2023-02-02 13:30:00-05:00,26.399999618530273,26.690000534057617,26.280000686645508,26.3799991607666,17306,0.0,0.0
2023-02-02 14:30:00-05:00,26.350000381469727,26.440000534057617,25.860000610351562,26.399999618530273,16010,0.0,0.0
2023-02-02 15:30:00-05:00,26.459999084472656,26.6200008392334,26.420000076293945,26.549999237060547,12826,0.0,0.0
2023-02-03 09:30:00-05:00,25.010000228881836,26.29680061340332,25.010000228881836,25.510000228881836,19646,0.0,0.0
2023-02-03 10:30:00-05:00,25.40999984741211,25.56999969482422,25.170000076293945,25.309999465942383,14620,0.0,0.0
2023-02-03 11:30:00-05:00,25.700000762939453,26.360000610351562,25.440000534057617,25.690000534057617,38217,0.0,0.0
2023-02-03 12:30:00-05:00,25.489999771118164,26.1200008392334,25.489999771118164,25.899999618530273,3377,0.0,0.0
2023-02-03 13:30:00-05:00,25.940000534057617,25.940000534057617,25.5,25.5,2584,0.0,0.0
2023-02-03 14:30:00-05:00,25.3799991607666,25.450000762939453,25.110000610351562,25.110000610351562,5694,0.0,0.0
2023-02-03 15:30:00-05:00,25.110000610351562,25.170000076293945,25.010000228881836,25.1299991607666,7371,0.0,0.0
2023-02-06 09:30:00-05:00,24.829999923706055,25.399999618530273,23.3799991607666,23.9950008392334,181360,0.0,0.0
2023-02-06 10:30:00-05:00,23.9950008392334,24.34000015258789,23.8700008392334,24.219999313354492,19355,0.0,0.0
2023-02-06 11:30:00-05:00,24.110000610351562,24.25,23.235000610351562,23.334999084472656,29856,0.0,0.0
2023-02-06 12:30:00-05:00,23.399999618530273,23.8700008392334,23.0,23.46500015258789,27082,0.0,0.0
2023-02-06 13:30:00-05:00,23.290000915527344,23.395000457763672,22.8799991607666,23.18000030517578,25312,0.0,0.0
2023-02-06 14:30:00-05:00,23.184999465942383,23.780000686645508,22.790000915527344,23.31999969482422,27715,0.0,0.0
2023-02-06 15:30:00-05:00,23.31999969482422,23.31999969482422,23.040000915527344,23.209999084472656,12722,0.0,0.0
2023-02-07 09:30:00-05:00,24.420000076293945,25.315000534057617,24.280000686645508,24.829999923706055,85499,0.0,0.0
2023-02-07 10:30:00-05:00,24.829999923706055,25.100000381469727,24.34000015258789,24.5,44689,0.0,0.0
2023-02-07 11:30:00-05:00,24.524999618530273,25.100000381469727,24.31999969482422,25.100000381469727,21243,0.0,0.0
2023-02-07 12:30:00-05:00,25.100000381469727,25.15999984741211,24.709999084472656,24.850000381469727,41865,0.0,0.0
2023-02-07 13:30:00-05:00,24.899999618530273,25.09000015258789,24.440000534057617,24.90999984741211,20529,0.0,0.0
2023-02-07 14:30:00-05:00,24.899999618530273,25.149999618530273,24.690000534057617,25.104999542236328,15687,0.0,0.0
2023-02-07 15:30:00-05:00,25.1299991607666,25.690000534057617,24.90999984741211,25.6200008392334,31365,0.0,0.0
2023-02-08 09:30:00-05:00,25.90999984741211,26.110000610351562,24.059999465942383,26.100000381469727,56133,0.0,0.0
2023-02-08 10:30:00-05:00,25.940000534057617,25.940000534057617,25.1299991607666,25.420000076293945,13818,0.0,0.0
2023-02-08 11:30:00-05:00,25.260000228881836,25.510000228881836,25.040000915527344,25.18000030517578,12767,0.0,0.0
2023-02-08 12:30:00-05:00,25.360000610351562,25.65999984741211,25.25,25.639999389648438,9197,0.0,0.0
2023-02-08 13:30:00-05:00,25.354999542236328,25.540000915527344,25.045000076293945,25.399999618530273,5721,0.0,0.0
2023-02-08 14:30:00-05:00,25.264999389648438,25.5,25.200000762939453,25.469999313354492,6368,0.0,0.0
2023-02-08 15:30:00-05:00,25.510000228881836,26.049999237060547,25.420000076293945,26.049999237060547,29326,0.0,0.0
2023-02-09 09:30:00-05:00,26.510000228881836,28.18000030517578,26.5,26.780000686645508,144553,0.0,0.0
2023-02-09 10:30:00-05:00,26.575000762939453,27.639999389648438,26.575000762939453,26.9950008392334,22676,0.0,0.0
2023-02-09 11:30:00-05:00,27.219999313354492,27.420000076293945,26.75,27.34000015258789,7265,0.0,0.0
2023-02-09 12:30:00-05:00,27.479999542236328,27.479999542236328,26.010000228881836,26.6299991607666,28016,0.0,0.0
2023-02-09 13:30:00-05:00,26.309999465942383,27.09000015258789,26.299999237060547,26.440000534057617,8157,0.0,0.0
2023-02-09 14:30:00-05:00,26.440000534057617,26.6200008392334,25.354999542236328,25.780000686645508,32542,0.0,0.0
2023-02-09 15:30:00-05:00,25.799999237060547,26.1200008392334,25.3700008392334,25.969999313354492,36558,0.0,0.0
2023-02-10 09:30:00-05:00,25.0,25.600000381469727,25.0,25.5,12932,0.0,0.0
2023-02-10 10:30:00-05:00,25.360000610351562,25.874399185180664,25.350000381469727,25.614999771118164,13910,0.0,0.0
2023-02-10 11:30:00-05:00,25.4325008392334,25.780000686645508,25.260000228881836,25.260000228881836,9399,0.0,0.0
2023-02-10 12:30:00-05:00,25.329999923706055,25.575000762939453,25.260000228881836,25.575000762939453,5483,0.0,0.0
2023-02-10 13:30:00-05:00,25.514999389648438,25.520000457763672,25.334999084472656,25.420000076293945,4199,0.0,0.0
2023-02-10 14:30:00-05:00,25.420000076293945,25.524999618530273,25.260000228881836,25.31999969482422,11191,0.0,0.0
2023-02-10 15:30:00-05:00,25.280000686645508,25.43000030517578,25.260000228881836,25.399999618530273,10574,0.0,0.0
2023-02-13 09:30:00-05:00,25.68000030517578,27.773300170898438,25.68000030517578,27.156099319458008,79200,0.0,0.0
2023-02-13 10:30:00-05:00,27.045000076293945,27.3799991607666,26.690000534057617,26.934999465942383,22551,0.0,0.0
2023-02-13 11:30:00-05:00,26.894500732421875,27.219999313354492,26.729999542236328,26.729999542236328,19760,0.0,0.0
2023-02-13 12:30:00-05:00,26.90999984741211,27.18000030517578,26.625,27.18000030517578,7682,0.0,0.0
2023-02-13 13:30:00-05:00,27.18000030517578,27.209999084472656,26.7549991607666,27.1200008392334,12041,0.0,0.0
2023-02-13 14:30:00-05:00,27.170000076293945,27.170000076293945,26.864999771118164,27.06999969482422,10359,0.0,0.0
2023-02-13 15:30:00-05:00,27.0,27.31999969482422,26.84000015258789,27.31999969482422,18162,0.0,0.0
2023-02-14 09:30:00-05:00,26.690000534057617,27.229900360107422,25.34000015258789,26.61050033569336,44080,0.0,0.0
2023-02-14 10:30:00-05:00,26.514999389648438,26.719999313354492,26.399999618530273,26.59000015258789,7403,0.0,0.0
2023-02-14 11:30:00-05:00,26.59000015258789,26.7549991607666,26.5,26.709999084472656,7424,0.0,0.0
2023-02-14 12:30:00-05:00,26.709999084472656,26.75,26.489999771118164,26.645000457763672,5008,0.0,0.0
2023-02-14 13:30:00-05:00,26.75,26.760000228881836,26.40999984741211,26.40999984741211,5429,0.0,0.0
2023-02-14 14:30:00-05:00,26.5,26.790000915527344,26.40999984741211,26.649999618530273,10587,0.0,0.0
2023-02-14 15:30:00-05:00,26.645000457763672,26.75,26.40999984741211,26.40999984741211,8294,0.0,0.0
2023-02-15 09:30:00-05:00,26.190000534057617,26.347999572753906,25.8799991607666,26.0,14992,0.0,0.0
2023-02-15 10:30:00-05:00,26.200000762939453,26.299999237060547,25.899999618530273,26.272899627685547,10101,0.0,0.0
2023-02-15 11:30:00-05:00,25.93000030517578,26.041799545288086,25.93000030517578,26.0,3985,0.0,0.0
2023-02-15 12:30:00-05:00,26.010000228881836,26.059999465942383,25.979999542236328,26.049999237060547,3574,0.0,0.0
2023-02-15 13:30:00-05:00,26.131500244140625,26.155000686645508,25.559999465942383,25.559999465942383,7086,0.0,0.0
2023-02-15 14:30:00-05:00,25.530000686645508,25.635000228881836,25.25,25.3700008392334,5724,0.0,0.0
2023-02-15 15:30:00-05:00,25.469999313354492,25.889999389648438,25.344999313354492,25.549999237060547,10969,0.0,0.0
2023-02-16 09:30:00-05:00,25.56999969482422,25.639999389648438,25.070600509643555,25.6200008392334,46566,0.0,0.0
2023-02-16 10:30:00-05:00,25.899999618530273,25.950000762939453,25.450000762939453,25.56999969482422,12327,0.0,0.0
2023-02-16 11:30:00-05:00,25.729999542236328,25.760000228881836,25.40999984741211,25.40999984741211,4011,0.0,0.0
2023-02-16 12:30:00-05:00,25.40999984741211,25.549999237060547,25.350000381469727,25.44499969482422,5639,0.0,0.0
2023-02-16 13:30:00-05:00,25.360000610351562,25.524999618530273,25.204999923706055,25.3799991607666,3397,0.0,0.0
2023-02-16 14:30:00-05:00,25.375,25.469999313354492,25.200000762939453,25.42060089111328,5843,0.0,0.0
2023-02-16 15:30:00-05:00,25.323200225830078,25.389999389648438,24.5,24.770000457763672,31252,0.0,0.0
2023-02-17 09:30:00-05:00,24.770000457763672,24.959199905395508,24.15999984741211,24.329999923706055,14171,0.0,0.0
2023-02-17 10:30:00-05:00,24.520000457763672,24.520000457763672,23.670000076293945,23.799999237060547,31359,0.0,0.0
2023-02-17 11:30:00-05:00,23.799999237060547,23.979999542236328,23.579999923706055,23.6200008392334,10634,0.0,0.0
2023-02-17 12:30:00-05:00,23.65999984741211,24.100000381469727,23.280000686645508,23.549999237060547,25304,0.0,0.0
2023-02-17 13:30:00-05:00,23.549999237060547,23.725000381469727,23.31999969482422,23.459999084472656,10317,0.0,0.0
2023-02-17 14:30:00-05:00,23.450000762939453,23.59000015258789,23.299999237060547,23.34000015258789,11501,0.0,0.0
2023-02-17 15:30:00-05:00,23.299999237060547,24.09000015258789,23.299999237060547,23.850000381469727,26992,0.0,0.0
2023-02-21 09:30:00-05:00,23.75,24.780000686645508,23.75,24.510000228881836,31894,0.0,0.0
2023-02-21 10:30:00-05:00,24.530000686645508,24.86090087890625,24.510000228881836,24.700000762939453,19726,0.0,0.0
2023-02-21 11:30:00-05:00,24.700000762939453,25.190000534057617,24.600000381469727,25.149999618530273,12630,0.0,0.0
2023-02-21 12:30:00-05:00,25.075000762939453,25.139999389648438,24.610000610351562,24.84000015258789,5200,0.0,0.0
2023-02-21 13:30:00-05:00,24.6299991607666,24.829999923706055,24.510000228881836,24.600000381469727,7264,0.0,0.0
2023-02-21 14:30:00-05:00,24.829999923706055,24.850000381469727,24.510000228881836,24.850000381469727,4725,0.0,0.0
2023-02-21 15:30:00-05:00,24.780000686645508,24.809999465942383,24.510000228881836,24.739999771118164,12846,0.0,0.0
2023-02-22 09:30:00-05:00,24.809999465942383,25.399999618530273,24.079999923706055,24.094999313354492,39705,0.0,0.0
2023-02-22 10:30:00-05:00,24.15999984741211,24.290000915527344,23.799999237060547,23.90999984741211,27132,0.0,0.0
2023-02-22 11:30:00-05:00,23.90999984741211,23.979999542236328,23.59000015258789,23.729999542236328,19172,0.0,0.0
2023-02-22 12:30:00-05:00,23.725000381469727,23.795000076293945,23.375,23.700000762939453,17202,0.0,0.0
2023-02-22 13:30:00-05:00,23.6299991607666,23.80500030517578,23.44499969482422,23.485000610351562,9183,0.0,0.0
2023-02-22 14:30:00-05:00,23.485000610351562,23.625,23.174999237060547,23.174999237060547,12522,0.0,0.0
2023-02-22 15:30:00-05:00,23.100000381469727,23.280000686645508,23.06999969482422,23.110000610351562,17073,0.0,0.0
2023-02-23 09:30:00-05:00,23.649999618530273,25.599899291992188,23.649999618530273,25.25,65496,0.0,0.0
2023-02-23 10:30:00-05:00,25.260000228881836,25.770000457763672,24.489999771118164,25.34000015258789,44960,0.0,0.0
2023-02-23 11:30:00-05:00,25.100000381469727,25.975000381469727,25.06999969482422,25.954999923706055,33473,0.0,0.0
2023-02-23 12:30:00-05:00,25.98699951171875,25.98699951171875,25.079999923706055,25.309999465942383,45755,0.0,0.0
2023-02-23 13:30:00-05:00,25.450000762939453,26.5,25.3700008392334,26.25,60099,0.0,0.0
2023-02-23 14:30:00-05:00,26.299999237060547,26.690000534057617,25.270000457763672,26.68000030517578,36996,0.0,0.0
2023-02-23 15:30:00-05:00,26.69499969482422,26.8799991607666,26.360000610351562,26.43000030517578,56175,0.0,0.0
2023-02-24 09:30:00-05:00,25.600000381469727,25.600000381469727,23.799999237060547,24.579999923706055,86673,0.0,0.0
2023-02-24 10:30:00-05:00,24.600000381469727,24.729999542236328,24.56999969482422,24.600000381469727,22518,0.0,0.0
2023-02-24 11:30:00-05:00,24.600000381469727,24.665000915527344,24.030000686645508,24.106599807739258,30029,0.0,0.0
2023-02-24 12:30:00-05:00,24.020000457763672,24.125,23.700000762939453,23.950000762939453,28164,0.0,0.0
2023-02-24 13:30:00-05:00,23.770000457763672,24.360000610351562,23.729999542236328,23.81999969482422,40917,0.0,0.0
2023-02-24 14:30:00-05:00,23.829999923706055,24.116100311279297,23.75,23.75,15516,0.0,0.0
2023-02-24 15:30:00-05:00,23.81999969482422,24.06999969482422,23.739999771118164,24.06999969482422,19596,0.0,0.0
2023-02-27 09:30:00-05:00,24.600000381469727,24.879899978637695,24.280000686645508,24.79990005493164,24805,0.0,0.0
2023-02-27 10:30:00-05:00,24.59000015258789,24.709999084472656,24.490100860595703,24.572200775146484,8419,0.0,0.0
2023-02-27 11:30:00-05:00,24.510000228881836,24.559999465942383,24.34000015258789,24.510000228881836,11564,0.0,0.0
2023-02-27 12:30:00-05:00,24.53499984741211,24.540000915527344,24.399999618530273,24.440000534057617,3117,0.0,0.0
2023-02-27 13:30:00-05:00,24.479999542236328,24.530000686645508,24.469999313354492,24.530000686645508,4987,0.0,0.0
2023-02-27 14:30:00-05:00,24.549999237060547,24.6200008392334,24.530000686645508,24.59000015258789,2445,0.0,0.0
2023-02-27 15:30:00-05:00,24.56999969482422,24.68000030517578,24.3799991607666,24.6299991607666,6436,0.0,0.0
2023-02-28 09:30:00-05:00,24.600000381469727,26.670000076293945,24.600000381469727,26.53499984741211,74027,0.0,0.0
2023-02-28 10:30:00-05:00,26.5,27.200000762939453,26.31999969482422,27.059999465942383,100222,0.0,0.0
2023-02-28 11:30:00-05:00,27.1299991607666,27.439899444580078,26.6200008392334,26.6200008392334,41736,0.0,0.0
2023-02-28 12:30:00-05:00,26.6481990814209,26.829999923706055,26.31999969482422,26.59000015258789,8833,0.0,0.0
2023-02-28 13:30:00-05:00,26.719999313354492,26.719999313354492,26.405000686645508,26.514999389648438,11626,0.0,0.0
2023-02-28 14:30:00-05:00,26.440000534057617,26.600000381469727,26.299999237060547,26.454999923706055,8994,0.0,0.0
2023-02-28 15:30:00-05:00,26.53499984741211,26.559999465942383,26.299999237060547,26.299999237060547,16597,0.0,0.0
2023-03-01 09:30:00-05:00,27.1299991607666,27.499000549316406,26.719999313354492,27.094999313354492,31924,0.0,0.0
2023-03-01 10:30:00-05:00,26.94499969482422,27.399999618530273,26.459999084472656,26.735000610351562,28654,0.0,0.0
2023-03-01 11:30:00-05:00,26.6299991607666,26.790000915527344,26.520000457763672,26.739999771118164,8066,0.0,0.0
2023-03-01 12:30:00-05:00,26.670000076293945,26.75,26.549999237060547,26.700000762939453,7186,0.0,0.0
2023-03-01 13:30:00-05:00,26.690000534057617,26.899999618530273,26.600000381469727,26.780000686645508,6078,0.0,0.0
2023-03-01 14:30:00-05:00,26.639999389648438,27.05500030517578,26.610000610351562,26.979999542236328,7257,0.0,0.0
2023-03-01 15:30:00-05:00,26.934999465942383,27.270000457763672,26.8799991607666,27.270000457763672,13763,0.0,0.0
2023-03-02 09:30:00-05:00,27.0,27.309999465942383,26.58169937133789,26.600000381469727,20376,0.0,0.0
2023-03-02 10:30:00-05:00,26.610000610351562,26.760000228881836,26.010000228881836,26.075000762939453,21403,0.0,0.0
2023-03-02 11:30:00-05:00,26.06999969482422,26.417200088500977,26.049999237060547,26.225000381469727,4917,0.0,0.0
2023-03-02 12:30:00-05:00,26.170000076293945,26.40999984741211,26.149999618530273,26.149999618530273,4708,0.0,0.0
2023-03-02 13:30:00-05:00,26.15999984741211,26.15999984741211,26.09000015258789,26.100000381469727,4622,0.0,0.0
2023-03-02 14:30:00-05:00,26.18000030517578,26.350000381469727,26.010000228881836,26.010000228881836,5081,0.0,0.0
2023-03-02 15:30:00-05:00,26.020000457763672,26.10849952697754,25.84000015258789,25.899999618530273,8553,0.0,0.0
2023-03-03 09:30:00-05:00,26.290000915527344,26.290000915527344,25.149999618530273,25.934999465942383,47176,0.0,0.0
2023-03-03 10:30:00-05:00,25.8700008392334,26.25,25.8700008392334,26.1299991607666,5856,0.0,0.0
2023-03-03 11:30:00-05:00,26.09000015258789,26.21500015258789,26.0,26.1200008392334,5541,0.0,0.0
2023-03-03 12:30:00-05:00,26.059999465942383,26.170000076293945,26.0,26.06999969482422,7468,0.0,0.0
2023-03-03 13:30:00-05:00,26.049999237060547,26.1200008392334,26.0,26.1200008392334,2246,0.0,0.0
2023-03-03 14:30:00-05:00,26.030000686645508,26.135000228881836,26.0,26.06999969482422,2149,0.0,0.0
2023-03-03 15:30:00-05:00,26.06999969482422,26.899999618530273,26.06999969482422,26.280000686645508,17154,0.0,0.0
2023-03-06 09:30:00-05:00,26.450000762939453,26.454999923706055,25.65999984741211,25.799999237060547,10440,0.0,0.0
2023-03-06 10:30:00-05:00,25.799999237060547,26.80109977722168,25.600000381469727,26.729999542236328,24613,0.0,0.0
2023-03-06 11:30:00-05:00,26.700000762939453,27.24570083618164,26.600000381469727,26.739999771118164,27616,0.0,0.0
2023-03-06 12:30:00-05:00,26.764999389648438,27.09000015258789,26.6200008392334,27.0,9162,0.0,0.0
2023-03-06 13:30:00-05:00,26.959999084472656,26.959999084472656,26.719999313354492,26.719999313354492,3999,0.0,0.0
2023-03-06 14:30:00-05:00,26.8700008392334,26.979999542236328,26.780000686645508,26.799999237060547,3636,0.0,0.0
2023-03-06 15:30:00-05:00,26.780000686645508,26.940000534057617,26.760000228881836,26.940000534057617,4374,0.0,0.0
2023-03-07 09:30:00-05:00,26.850000381469727,27.0,24.81999969482422,25.450000762939453,80910,0.0,0.0
2023-03-07 10:30:00-05:00,25.4950008392334,26.389999389648438,25.360000610351562,25.979999542236328,21142,0.0,0.0
2023-03-07 11:30:00-05:00,25.920000076293945,26.3799991607666,25.649999618530273,26.295000076293945,11471,0.0,0.0
2023-03-07 12:30:00-05:00,26.200000762939453,26.649999618530273,26.0,26.469999313354492,9456,0.0,0.0
2023-03-07 13:30:00-05:00,26.46500015258789,26.610000610351562,26.1299991607666,26.570499420166016,8265,0.0,0.0
2023-03-07 14:30:00-05:00,26.63990020751953,26.8789005279541,26.309999465942383,26.510000228881836,9219,0.0,0.0
2023-03-07 15:30:00-05:00,26.520000457763672,27.0,26.510000228881836,26.940000534057617,36056,0.0,0.0
2023-03-08 09:30:00-05:00,26.3700008392334,26.399999618530273,24.469999313354492,25.209999084472656,75414,0.0,0.0
2023-03-08 10:30:00-05:00,25.125,25.360000610351562,25.049999237060547,25.149999618530273,18735,0.0,0.0
2023-03-08 11:30:00-05:00,25.049999237060547,25.200000762939453,25.049999237060547,25.1299991607666,4702,0.0,0.0
2023-03-08 12:30:00-05:00,25.155000686645508,25.365800857543945,25.065000534057617,25.315000534057617,7982,0.0,0.0
2023-03-08 13:30:00-05:00,25.31999969482422,25.417999267578125,25.170000076293945,25.18000030517578,9296,0.0,0.0
2023-03-08 14:30:00-05:00,25.389999389648438,25.389999389648438,25.09000015258789,25.170000076293945,7306,0.0,0.0
2023-03-08 15:30:00-05:00,25.165000915527344,25.267200469970703,25.0,25.010000228881836,14498,0.0,0.0
2023-03-09 09:30:00-05:00,24.559999465942383,24.920000076293945,23.81999969482422,23.829999923706055,36330,0.0,0.0
2023-03-09 10:30:00-05:00,23.90999984741211,24.1299991607666,23.290000915527344,23.290000915527344,31844,0.0,0.0
2023-03-09 11:30:00-05:00,23.299999237060547,23.59000015258789,23.040000915527344,23.114999771118164,30806,0.0,0.0
2023-03-09 12:30:00-05:00,23.06999969482422,24.239999771118164,22.989999771118164,24.06999969482422,75676,0.0,0.0
2023-03-09 13:30:00-05:00,24.13800048828125,24.530000686645508,23.93000030517578,24.25,33986,0.0,0.0
2023-03-09 14:30:00-05:00,24.110000610351562,24.279600143432617,23.979999542236328,24.204999923706055,21249,0.0,0.0
2023-03-09 15:30:00-05:00,24.139999389648438,24.43000030517578,23.860000610351562,24.020000457763672,21355,0.0,0.0
2023-03-10 09:30:00-05:00,23.940000534057617,23.940000534057617,23.0,23.770000457763672,30083,0.0,0.0
2023-03-10 10:30:00-05:00,23.65999984741211,24.360000610351562,23.533300399780273,23.533300399780273,8072,0.0,0.0
2023-03-10 11:30:00-05:00,23.56999969482422,24.25,23.510000228881836,23.6299991607666,6697,0.0,0.0
2023-03-10 12:30:00-05:00,23.530000686645508,23.90999984741211,23.510000228881836,23.649999618530273,14116,0.0,0.0
2023-03-10 13:30:00-05:00,23.81999969482422,23.81999969482422,23.530000686645508,23.649999618530273,8549,0.0,0.0
2023-03-10 14:30:00-05:00,23.679899215698242,23.760000228881836,23.600000381469727,23.649999618530273,7956,0.0,0.0
2023-03-10 15:30:00-05:00,23.610000610351562,23.739999771118164,23.5,23.5,16485,0.0,0.0
2023-03-13 09:30:00-04:00,23.489999771118164,26.22800064086914,23.149999618530273,24.704999923706055,59347,0.0,0.0
2023-03-13 10:30:00-04:00,24.545400619506836,24.700000762939453,24.389999389648438,24.56999969482422,12617,0.0,0.0
2023-03-13 11:30:00-04:00,24.59000015258789,24.93000030517578,24.549999237060547,24.59000015258789,5610,0.0,0.0
2023-03-13 12:30:00-04:00,24.649999618530273,24.725000381469727,24.545000076293945,24.565000534057617,5156,0.0,0.0
2023-03-13 13:30:00-04:00,24.530000686645508,24.860000610351562,24.530000686645508,24.729999542236328,5209,0.0,0.0
2023-03-13 14:30:00-04:00,24.610000610351562,24.780000686645508,24.53499984741211,24.6200008392334,5990,0.0,0.0
2023-03-13 15:30:00-04:00,24.627700805664062,24.709999084472656,24.520000457763672,24.610000610351562,8862,0.0,0.0
2023-03-14 09:30:00-04:00,24.799999237060547,24.799999237060547,24.149999618530273,24.43000030517578,0,0.0,0.0
2023-03-14 10:30:00-04:00,24.3700008392334,24.780000686645508,24.219999313354492,24.40999984741211,8879,0.0,0.0
2023-03-14 11:30:00-04:00,24.360000610351562,24.5,24.209999084472656,24.440000534057617,11390,0.0,0.0
2023-03-14 12:30:00-04:00,24.440000534057617,24.459999084472656,23.520000457763672,23.760000228881836,8546,0.0,0.0
2023-03-14 13:30:00-04:00,23.780000686645508,23.850000381469727,23.520000457763672,23.84000015258789,6699,0.0,0.0
2023-03-14 14:30:00-04:00,23.59000015258789,23.719999313354492,23.31999969482422,23.31999969482422,10433,0.0,0.0
2023-03-14 15:30:00-04:00,23.40999984741211,23.559999465942383,23.200000762939453,23.40999984741211,9955,0.0,0.0
2023-03-15 09:30:00-04:00,23.600000381469727,23.600000381469727,21.295000076293945,21.469999313354492,197941,0.0,0.0
2023-03-15 10:30:00-04:00,21.43000030517578,21.600000381469727,20.20400047302246,20.34000015258789,99606,0.0,0.0
2023-03-15 11:30:00-04:00,20.360000610351562,20.869400024414062,20.360000610351562,20.739999771118164,51223,0.0,0.0
2023-03-15 12:30:00-04:00,20.735000610351562,21.3799991607666,20.735000610351562,21.19499969482422,34099,0.0,0.0
2023-03-15 13:30:00-04:00,21.219999313354492,21.799999237060547,21.100000381469727,21.790000915527344,36177,0.0,0.0
2023-03-15 14:30:00-04:00,21.610000610351562,22.309999465942383,21.59000015258789,22.290000915527344,26767,0.0,0.0
2023-03-15 15:30:00-04:00,22.280000686645508,22.399999618530273,21.864999771118164,22.3700008392334,25453,0.0,0.0
2023-03-16 09:30:00-04:00,22.600000381469727,22.899999618530273,21.09000015258789,22.023700714111328,25685,0.0,0.0
2023-03-16 10:30:00-04:00,21.959999084472656,22.760000228881836,21.885000228881836,22.530000686645508,21246,0.0,0.0
2023-03-16 11:30:00-04:00,22.399999618530273,22.519800186157227,22.100000381469727,22.239999771118164,11065,0.0,0.0
2023-03-16 12:30:00-04:00,22.309999465942383,22.889999389648438,22.290000915527344,22.834999084472656,22893,0.0,0.0
2023-03-16 13:30:00-04:00,22.860000610351562,23.309999465942383,22.860000610351562,23.100000381469727,21851,0.0,0.0
2023-03-16 14:30:00-04:00,23.010000228881836,23.489999771118164,22.954999923706055,23.489999771118164,6992,0.0,0.0
2023-03-16 15:30:00-04:00,23.469999313354492,24.309999465942383,23.469999313354492,24.209999084472656,38153,0.0,0.0
2023-03-17 09:30:00-04:00,24.489999771118164,25.200000762939453,23.3700008392334,24.610000610351562,54523,0.0,0.0
2023-03-17 10:30:00-04:00,24.614999771118164,24.614999771118164,23.759300231933594,23.759300231933594,18127,0.0,0.0
2023-03-17 11:30:00-04:00,23.729999542236328,23.920000076293945,23.399999618530273,23.774999618530273,9917,0.0,0.0
2023-03-17 12:30:00-04:00,23.649999618530273,23.7549991607666,23.46500015258789,23.690000534057617,6089,0.0,0.0
2023-03-17 13:30:00-04:00,23.69499969482422,23.920000076293945,23.69499969482422,23.809999465942383,9182,0.0,0.0
2023-03-17 14:30:00-04:00,23.719999313354492,23.719999313354492,23.40999984741211,23.55500030517578,4346,0.0,0.0
2023-03-17 15:30:00-04:00,23.4950008392334,24.440000534057617,23.399999618530273,23.920000076293945,42832,0.0,0.0
2023-03-20 09:30:00-04:00,23.600000381469727,24.56999969482422,23.100000381469727,23.670000076293945,25080,0.0,0.0
2023-03-20 10:30:00-04:00,23.709999084472656,24.100000381469727,23.709999084472656,24.0,6362,0.0,0.0
2023-03-20 11:30:00-04:00,23.94499969482422,23.94499969482422,23.670000076293945,23.700000762939453,9005,0.0,0.0
2023-03-20 12:30:00-04:00,23.670000076293945,24.010000228881836,23.670000076293945,23.899999618530273,3069,0.0,0.0
2023-03-20 13:30:00-04:00,23.899999618530273,23.899999618530273,23.670000076293945,23.790000915527344,4069,0.0,0.0
2023-03-20 14:30:00-04:00,23.704999923706055,23.93000030517578,23.684999465942383,23.885000228881836,4936,0.0,0.0
2023-03-20 15:30:00-04:00,23.770000457763672,23.969999313354492,23.670000076293945,23.700000762939453,9043,0.0,0.0
2023-03-21 09:30:00-04:00,24.18000030517578,24.18000030517578,21.5,22.219999313354492,138626,0.0,0.0
2023-03-21 10:30:00-04:00,22.239999771118164,22.645000457763672,22.139999389648438,22.510000228881836,24654,0.0,0.0
2023-03-21 11:30:00-04:00,22.55500030517578,22.979999542236328,22.510000228881836,22.90999984741211,9266,0.0,0.0
2023-03-21 12:30:00-04:00,22.920000076293945,23.030000686645508,22.690000534057617,23.030000686645508,10688,0.0,0.0
2023-03-21 13:30:00-04:00,23.0,23.020000457763672,22.770000457763672,22.989999771118164,5784,0.0,0.0
2023-03-21 14:30:00-04:00,23.18000030517578,23.209999084472656,23.020000457763672,23.200000762939453,2808,0.0,0.0
2023-03-21 15:30:00-04:00,23.1200008392334,23.299999237060547,23.0,23.06999969482422,9682,0.0,0.0
2023-03-22 09:30:00-04:00,23.299999237060547,23.299999237060547,22.229999542236328,22.56999969482422,19601,0.0,0.0
2023-03-22 10:30:00-04:00,22.56999969482422,22.770000457763672,22.450000762939453,22.56999969482422,13978,0.0,0.0
2023-03-22 11:30:00-04:00,22.540000915527344,22.635000228881836,22.3700008392334,22.469999313354492,13244,0.0,0.0
2023-03-22 12:30:00-04:00,22.479999542236328,22.760000228881836,22.31999969482422,22.579999923706055,5851,0.0,0.0
2023-03-22 13:30:00-04:00,22.760000228881836,22.8799991607666,22.559999465942383,22.875,8146,0.0,0.0
2023-03-22 14:30:00-04:00,22.875,23.190000534057617,22.5,23.059999465942383,13097,0.0,0.0
2023-03-22 15:30:00-04:00,23.020000457763672,23.020000457763672,22.600000381469727,22.860000610351562,12325,0.0,0.0
2023-03-23 09:30:00-04:00,23.0,23.899999618530273,22.969999313354492,23.690000534057617,22679,0.0,0.0
2023-03-23 10:30:00-04:00,23.530000686645508,24.290000915527344,23.5,23.739999771118164,26231,0.0,0.0
2023-03-23 11:30:00-04:00,23.6200008392334,23.940000534057617,23.56999969482422,23.760000228881836,7489,0.0,0.0
2023-03-23 12:30:00-04:00,23.760000228881836,23.770000457763672,23.56999969482422,23.639999389648438,5033,0.0,0.0
2023-03-23 13:30:00-04:00,23.565000534057617,23.790000915527344,23.489999771118164,23.549999237060547,12659,0.0,0.0
2023-03-23 14:30:00-04:00,23.709999084472656,23.899999618530273,23.5,23.844999313354492,13436,0.0,0.0
2023-03-23 15:30:00-04:00,23.700000762939453,24.18000030517578,23.69499969482422,24.135000228881836,14420,0.0,0.0
2023-03-24 09:30:00-04:00,23.190000534057617,23.989999771118164,22.959999084472656,23.190000534057617,10076,0.0,0.0
2023-03-24 10:30:00-04:00,23.003999710083008,23.1299991607666,22.790000915527344,22.93000030517578,11935,0.0,0.0
2023-03-24 11:30:00-04:00,22.751699447631836,22.93000030517578,22.751699447631836,22.93000030517578,8798,0.0,0.0
2023-03-24 12:30:00-04:00,22.8700008392334,23.045000076293945,22.8700008392334,22.950000762939453,3343,0.0,0.0
2023-03-24 13:30:00-04:00,22.940000534057617,22.959999084472656,22.810100555419922,22.959999084472656,3027,0.0,0.0
2023-03-24 14:30:00-04:00,22.969999313354492,23.0049991607666,22.920000076293945,23.0049991607666,1111,0.0,0.0
2023-03-24 15:30:00-04:00,22.959999084472656,23.3700008392334,22.924999237060547,23.290000915527344,6181,0.0,0.0
2023-03-27 09:30:00-04:00,23.170000076293945,25.5,23.1427001953125,25.395000457763672,75912,0.0,0.0
2023-03-27 10:30:00-04:00,25.40999984741211,25.579999923706055,23.530000686645508,23.559999465942383,39332,0.0,0.0
2023-03-27 11:30:00-04:00,23.550899505615234,24.424999237060547,23.329999923706055,24.424999237060547,18060,0.0,0.0
2023-03-27 12:30:00-04:00,24.489999771118164,24.780000686645508,24.225000381469727,24.729999542236328,11083,0.0,0.0
2023-03-27 13:30:00-04:00,24.739999771118164,24.84000015258789,24.520000457763672,24.700000762939453,9774,0.0,0.0
2023-03-27 14:30:00-04:00,24.790000915527344,24.799999237060547,24.309999465942383,24.415000915527344,17774,0.0,0.0
2023-03-27 15:30:00-04:00,24.6299991607666,24.6299991607666,24.15999984741211,24.405000686645508,12525,0.0,0.0
2023-03-28 09:30:00-04:00,24.829999923706055,24.829999923706055,23.809999465942383,23.950000762939453,8911,0.0,0.0
2023-03-28 10:30:00-04:00,23.96500015258789,24.5,23.885000228881836,24.391000747680664,15336,0.0,0.0
2023-03-28 11:30:00-04:00,24.5,24.510000228881836,24.280000686645508,24.350000381469727,3605,0.0,0.0
2023-03-28 12:30:00-04:00,24.459999084472656,24.700000762939453,24.25,24.610000610351562,10157,0.0,0.0
2023-03-28 13:30:00-04:00,24.6200008392334,24.93000030517578,24.440000534057617,24.93000030517578,16603,0.0,0.0
2023-03-28 14:30:00-04:00,24.844999313354492,24.844999313354492,24.329999923706055,24.639999389648438,13099,0.0,0.0
2023-03-28 15:30:00-04:00,24.579999923706055,24.71500015258789,24.549999237060547,24.610000610351562,9648,0.0,0.0
2023-03-29 09:30:00-04:00,24.899999618530273,24.899999618530273,23.635000228881836,23.75,23792,0.0,0.0
2023-03-29 10:30:00-04:00,23.75,24.725000381469727,23.75,24.725000381469727,12160,0.0,0.0
2023-03-29 11:30:00-04:00,24.850000381469727,24.89780044555664,24.6200008392334,24.799999237060547,9466,0.0,0.0
2023-03-29 12:30:00-04:00,24.799999237060547,25.0,24.690000534057617,24.860000610351562,13012,0.0,0.0
2023-03-29 13:30:00-04:00,24.950000762939453,25.139999389648438,24.709999084472656,25.0,27026,0.0,0.0
2023-03-29 14:30:00-04:00,25.020000457763672,25.040000915527344,24.68000030517578,24.920000076293945,13285,0.0,0.0
2023-03-29 15:30:00-04:00,24.989999771118164,24.989999771118164,24.549999237060547,24.649999618530273,25452,0.0,0.0
2023-03-30 09:30:00-04:00,25.1200008392334,25.1200008392334,23.799999237060547,24.049999237060547,46770,0.0,0.0
2023-03-30 10:30:00-04:00,24.049999237060547,24.18000030517578,23.299999237060547,23.90999984741211,68233,0.0,0.0
2023-03-30 11:30:00-04:00,23.920000076293945,24.059999465942383,23.475000381469727,23.729999542236328,22580,0.0,0.0
2023-03-30 12:30:00-04:00,23.6299991607666,23.93709945678711,23.549999237060547,23.6299991607666,16027,0.0,0.0
2023-03-30 13:30:00-04:00,23.549999237060547,23.760000228881836,23.510000228881836,23.65999984741211,22541,0.0,0.0
2023-03-30 14:30:00-04:00,23.670000076293945,23.84510040283203,23.600000381469727,23.7450008392334,24100,0.0,0.0
2023-03-30 15:30:00-04:00,23.729999542236328,23.81999969482422,23.600000381469727,23.690000534057617,24568,0.0,0.0
2023-03-31 09:30:00-04:00,23.93000030517578,27.0,23.7987003326416,26.75,210552,0.0,0.0
2023-03-31 10:30:00-04:00,26.7549991607666,26.760000228881836,25.75,25.75,104082,0.0,0.0
2023-03-31 11:30:00-04:00,25.780000686645508,26.329999923706055,25.780000686645508,25.950000762939453,41903,0.0,0.0
2023-03-31 12:30:00-04:00,25.850000381469727,26.040000915527344,25.799999237060547,25.96500015258789,16205,0.0,0.0
2023-03-31 13:30:00-04:00,25.950000762939453,26.1200008392334,25.774999618530273,25.819299697875977,25072,0.0,0.0
2023-03-31 14:30:00-04:00,25.899999618530273,26.149999618530273,25.860000610351562,25.90999984741211,17075,0.0,0.0
2023-03-31 15:30:00-04:00,25.875,26.229999542236328,25.875,26.079999923706055,44701,0.0,0.0
2023-04-03 09:30:00-04:00,26.0,27.16950035095215,25.239999771118164,26.8799991607666,104000,0.0,0.0
2023-04-03 10:30:00-04:00,27.0,27.5,25.84000015258789,26.700000762939453,80916,0.0,0.0
2023-04-03 11:30:00-04:00,26.75,27.079999923706055,26.670000076293945,26.68000030517578,20335,0.0,0.0
2023-04-03 12:30:00-04:00,26.40999984741211,26.40999984741211,25.710899353027344,26.09000015258789,31304,0.0,0.0
2023-04-03 13:30:00-04:00,26.09000015258789,26.299999237060547,26.0,26.149999618530273,10886,0.0,0.0
2023-04-03 14:30:00-04:00,26.045000076293945,26.6299991607666,25.989999771118164,26.6299991607666,11091,0.0,0.0
2023-04-03 15:30:00-04:00,26.579999923706055,26.699899673461914,26.34000015258789,26.6200008392334,20902,0.0,0.0
2023-04-04 09:30:00-04:00,26.514999389648438,26.514999389648438,25.200000762939453,25.399900436401367,59670,0.0,0.0
2023-04-04 10:30:00-04:00,25.200000762939453,25.200000762939453,24.5,24.84000015258789,21868,0.0,0.0
2023-04-04 11:30:00-04:00,24.81999969482422,25.024999618530273,24.459999084472656,24.739999771118164,19317,0.0,0.0
2023-04-04 12:30:00-04:00,24.75,24.870899200439453,24.75,24.770000457763672,4845,0.0,0.0
2023-04-04 13:30:00-04:00,24.790000915527344,24.809999465942383,24.700000762939453,24.793100357055664,7655,0.0,0.0
2023-04-04 14:30:00-04:00,24.770000457763672,24.799999237060547,24.700000762939453,24.75,26604,0.0,0.0
2023-04-04 15:30:00-04:00,24.75,24.79319953918457,24.690000534057617,24.700000762939453,58186,0.0,0.0
2023-04-05 09:30:00-04:00,24.799999237060547,24.959999084472656,23.799999237060547,24.149999618530273,29712,0.0,0.0
2023-04-05 10:30:00-04:00,24.149999618530273,24.25,23.829999923706055,24.209999084472656,10737,0.0,0.0
2023-04-05 11:30:00-04:00,24.05500030517578,24.219999313354492,23.989999771118164,23.989999771118164,4849,0.0,0.0
2023-04-05 12:30:00-04:00,24.100000381469727,24.179500579833984,24.0,24.179500579833984,1537,0.0,0.0
2023-04-05 13:30:00-04:00,24.1299991607666,24.149999618530273,24.059999465942383,24.059999465942383,1990,0.0,0.0
2023-04-05 14:30:00-04:00,24.040000915527344,24.059999465942383,23.90999984741211,23.90999984741211,3706,0.0,0.0
2023-04-05 15:30:00-04:00,23.989999771118164,24.18000030517578,23.989999771118164,24.15999984741211,16612,0.0,0.0
2023-04-06 09:30:00-04:00,24.579999923706055,25.299999237060547,24.239999771118164,24.540000915527344,30367,0.0,0.0
2023-04-06 10:30:00-04:00,24.34000015258789,24.940000534057617,24.34000015258789,24.844999313354492,24875,0.0,0.0
2023-04-06 11:30:00-04:00,24.875,25.389999389648438,24.825000762939453,25.389999389648438,10373,0.0,0.0
2023-04-06 12:30:00-04:00,25.299999237060547,25.649999618530273,25.260000228881836,25.649999618530273,9432,0.0,0.0
2023-04-06 13:30:00-04:00,25.739999771118164,25.790000915527344,25.462499618530273,25.479999542236328,7939,0.0,0.0
2023-04-06 14:30:00-04:00,25.6299991607666,26.059999465942383,25.40999984741211,25.40999984741211,12922,0.0,0.0
2023-04-06 15:30:00-04:00,25.604999542236328,26.200000762939453,25.450000762939453,26.020000457763672,15136,0.0,0.0
2023-04-10 09:30:00-04:00,26.049999237060547,26.479900360107422,25.049999237060547,25.95989990234375,23432,0.0,0.0
2023-04-10 10:30:00-04:00,26.059999465942383,26.3700008392334,25.809999465942383,25.809999465942383,5207,0.0,0.0
2023-04-10 11:30:00-04:00,25.440000534057617,26.09000015258789,25.440000534057617,25.850000381469727,3655,0.0,0.0
2023-04-10 12:30:00-04:00,25.56999969482422,26.280000686645508,25.56999969482422,25.950000762939453,6832,0.0,0.0
2023-04-10 13:30:00-04:00,26.15999984741211,26.3799991607666,26.06999969482422,26.34000015258789,11120,0.0,0.0
2023-04-10 14:30:00-04:00,26.3700008392334,26.809999465942383,26.329999923706055,26.809999465942383,13716,0.0,0.0
2023-04-10 15:30:00-04:00,26.829999923706055,26.979999542236328,26.649999618530273,26.969999313354492,7743,0.0,0.0
2023-04-11 09:30:00-04:00,26.799999237060547,27.100000381469727,26.020000457763672,26.200000762939453,22581,0.0,0.0
2023-04-11 10:30:00-04:00,26.309999465942383,26.350000381469727,26.139999389648438,26.200000762939453,6184,0.0,0.0
2023-04-11 11:30:00-04:00,26.170000076293945,26.200000762939453,26.1200008392334,26.1200008392334,2266,0.0,0.0
2023-04-11 12:30:00-04:00,26.094999313354492,26.094999313354492,25.799999237060547,26.020000457763672,5902,0.0,0.0
2023-04-11 13:30:00-04:00,26.010000228881836,26.100000381469727,26.010000228881836,26.100000381469727,2911,0.0,0.0
2023-04-11 14:30:00-04:00,26.136999130249023,26.209999084472656,26.136999130249023,26.190000534057617,2963,0.0,0.0
2023-04-11 15:30:00-04:00,26.135000228881836,26.420000076293945,26.110000610351562,26.200000762939453,3109,0.0,0.0
2023-04-12 09:30:00-04:00,25.760000228881836,26.15999984741211,24.64780044555664,24.739999771118164,0,0.0,0.0
2023-04-12 10:30:00-04:00,24.649999618530273,24.739999771118164,24.239999771118164,24.260000228881836,48316,0.0,0.0
2023-04-12 11:30:00-04:00,24.229999542236328,24.450000762939453,24.165000915527344,24.325000762939453,35257,0.0,0.0
2023-04-12 12:30:00-04:00,24.325000762939453,24.875,24.325000762939453,24.770000457763672,23516,0.0,0.0
2023-04-12 13:30:00-04:00,24.774999618530273,24.93000030517578,24.639999389648438,24.854999542236328,20861,0.0,0.0
2023-04-12 14:30:00-04:00,24.84000015258789,24.8700008392334,24.65999984741211,24.829999923706055,27966,0.0,0.0
2023-04-12 15:30:00-04:00,24.829999923706055,24.93000030517578,24.700000762939453,24.700000762939453,59531,0.0,0.0
2023-04-13 09:30:00-04:00,25.059999465942383,25.399999618530273,24.6200008392334,24.834999084472656,38423,0.0,0.0
2023-04-13 10:30:00-04:00,24.725000381469727,25.219999313354492,24.190000534057617,24.489999771118164,43484,0.0,0.0
2023-04-13 11:30:00-04:00,24.485000610351562,24.899999618530273,24.360000610351562,24.899999618530273,9581,0.0,0.0
2023-04-13 12:30:00-04:00,24.709999084472656,24.989999771118164,24.469999313354492,24.790000915527344,24994,0.0,0.0
2023-04-13 13:30:00-04:00,24.635000228881836,24.635000228881836,24.06999969482422,24.135000228881836,32407,0.0,0.0
2023-04-13 14:30:00-04:00,24.209999084472656,24.25,23.25,23.43000030517578,65931,0.0,0.0
2023-04-13 15:30:00-04:00,23.364999771118164,23.43000030517578,22.329999923706055,22.34000015258789,77474,0.0,0.0
2023-04-14 09:30:00-04:00,23.200000762939453,23.274999618530273,22.579999923706055,22.854999542236328,47655,0.0,0.0
2023-04-14 10:30:00-04:00,22.860000610351562,23.270000457763672,22.719999313354492,22.8799991607666,27361,0.0,0.0
2023-04-14 11:30:00-04:00,22.790000915527344,22.915000915527344,22.700000762939453,22.809999465942383,22129,0.0,0.0
2023-04-14 12:30:00-04:00,22.809999465942383,23.15999984741211,22.600000381469727,22.889999389648438,21239,0.0,0.0
2023-04-14 13:30:00-04:00,22.84000015258789,22.940000534057617,22.799999237060547,22.850000381469727,8427,0.0,0.0
2023-04-14 14:30:00-04:00,22.929899215698242,22.93000030517578,22.784900665283203,22.8799991607666,9841,0.0,0.0
2023-04-14 15:30:00-04:00,22.8700008392334,22.90999984741211,22.760000228881836,22.760000228881836,14239,0.0,0.0
2023-04-17 09:30:00-04:00,23.1200008392334,24.440000534057617,23.1200008392334,23.75,45917,0.0,0.0
2023-04-17 10:30:00-04:00,23.614999771118164,23.809999465942383,22.739999771118164,23.040000915527344,37261,0.0,0.0
2023-04-17 11:30:00-04:00,23.1299991607666,23.3700008392334,23.125,23.3700008392334,3702,0.0,0.0
2023-04-17 12:30:00-04:00,23.299999237060547,23.3700008392334,23.104999542236328,23.34000015258789,8295,0.0,0.0
2023-04-17 13:30:00-04:00,23.329999923706055,23.469999313354492,23.135000228881836,23.469999313354492,6878,0.0,0.0
2023-04-17 14:30:00-04:00,23.469999313354492,23.519899368286133,23.31999969482422,23.519899368286133,4730,0.0,0.0
2023-04-17 15:30:00-04:00,23.5,23.510000228881836,23.219999313354492,23.3799991607666,13642,0.0,0.0
2023-04-18 09:30:00-04:00,23.610000610351562,23.610000610351562,23.0,23.360000610351562,19602,0.0,0.0
2023-04-18 10:30:00-04:00,23.15999984741211,23.670000076293945,22.975000381469727,23.459999084472656,20374,0.0,0.0
2023-04-18 11:30:00-04:00,23.440000534057617,23.489999771118164,23.1200008392334,23.28499984741211,5864,0.0,0.0
2023-04-18 12:30:00-04:00,23.290000915527344,23.315000534057617,23.190000534057617,23.315000534057617,1601,0.0,0.0
2023-04-18 13:30:00-04:00,23.25,23.350000381469727,23.170000076293945,23.229999542236328,2729,0.0,0.0
2023-04-18 14:30:00-04:00,23.229999542236328,23.329999923706055,23.135000228881836,23.19499969482422,9589,0.0,0.0
2023-04-18 15:30:00-04:00,23.1200008392334,23.260000228881836,23.100000381469727,23.239999771118164,7643,0.0,0.0
2023-04-19 09:30:00-04:00,22.829999923706055,23.829999923706055,22.799999237060547,23.790000915527344,17196,0.0,0.0
2023-04-19 10:30:00-04:00,23.780000686645508,24.229999542236328,23.5,24.229999542236328,23338,0.0,0.0
2023-04-19 11:30:00-04:00,24.200000762939453,24.3700008392334,23.760000228881836,23.934999465942383,8357,0.0,0.0
2023-04-19 12:30:00-04:00,23.81999969482422,24.170000076293945,23.81999969482422,24.1299991607666,12191,0.0,0.0
2023-04-19 13:30:00-04:00,23.88010025024414,24.1299991607666,23.8799991607666,24.1299991607666,5809,0.0,0.0
2023-04-19 14:30:00-04:00,24.104999542236328,24.450000762939453,24.094200134277344,24.360000610351562,29780,0.0,0.0
2023-04-19 15:30:00-04:00,24.325000762939453,24.959999084472656,24.299999237060547,24.8700008392334,26815,0.0,0.0
2023-04-20 09:30:00-04:00,24.510000228881836,25.18000030517578,24.020000457763672,24.600000381469727,17884,0.0,0.0
2023-04-20 10:30:00-04:00,24.5,24.979999542236328,24.5,24.649999618530273,22135,0.0,0.0
2023-04-20 11:30:00-04:00,24.60740089416504,25.010000228881836,24.549999237060547,24.979999542236328,20035,0.0,0.0
2023-04-20 12:30:00-04:00,24.969999313354492,24.979900360107422,24.780000686645508,24.829999923706055,6538,0.0,0.0
2023-04-20 13:30:00-04:00,24.84000015258789,24.889999389648438,24.600000381469727,24.795000076293945,9345,0.0,0.0
2023-04-20 14:30:00-04:00,24.809999465942383,24.809999465942383,24.350000381469727,24.489999771118164,12711,0.0,0.0
2023-04-20 15:30:00-04:00,24.424999237060547,24.424999237060547,24.1200008392334,24.25,10912,0.0,0.0
2023-04-21 09:30:00-04:00,24.40999984741211,24.40999984741211,22.690000534057617,22.81999969482422,0,0.0,0.0
2023-04-21 10:30:00-04:00,22.81999969482422,23.229999542236328,22.799999237060547,23.174999237060547,33955,0.0,0.0
2023-04-21 11:30:00-04:00,23.200000762939453,23.5,23.079999923706055,23.18000030517578,31073,0.0,0.0
2023-04-21 12:30:00-04:00,23.239999771118164,23.5,23.110000610351562,23.200000762939453,23337,0.0,0.0
2023-04-21 13:30:00-04:00,23.200000762939453,23.344999313354492,23.06999969482422,23.15999984741211,8042,0.0,0.0
2023-04-21 14:30:00-04:00,23.360000610351562,23.389999389648438,23.030000686645508,23.110000610351562,10359,0.0,0.0
2023-04-21 15:30:00-04:00,23.110000610351562,23.18000030517578,22.989999771118164,23.09000015258789,30061,0.0,0.0
2023-04-24 09:30:00-04:00,23.020000457763672,23.309999465942383,22.101600646972656,22.420000076293945,37786,0.0,0.0
2023-04-24 10:30:00-04:00,22.43000030517578,22.5,22.01110076904297,22.200000762939453,27758,0.0,0.0
2023-04-24 11:30:00-04:00,22.229999542236328,22.5,21.65999984741211,22.209999084472656,37715,0.0,0.0
2023-04-24 12:30:00-04:00,22.094999313354492,22.290000915527344,21.844999313354492,22.0,7834,0.0,0.0
2023-04-24 13:30:00-04:00,22.0,22.100000381469727,21.704999923706055,21.75,50998,0.0,0.0
2023-04-24 14:30:00-04:00,21.815000534057617,21.829999923706055,21.604999542236328,21.65999984741211,11611,0.0,0.0
2023-04-24 15:30:00-04:00,21.645000457763672,21.75,21.34000015258789,21.600000381469727,33578,0.0,0.0
2023-04-25 09:30:00-04:00,21.209999084472656,21.31999969482422,20.350000381469727,20.549999237060547,82762,0.0,0.0
2023-04-25 10:30:00-04:00,20.5049991607666,20.799999237060547,20.1200008392334,20.584999084472656,77643,0.0,0.0
2023-04-25 11:30:00-04:00,20.584999084472656,20.860000610351562,20.3700008392334,20.6299991607666,29062,0.0,0.0
2023-04-25 12:30:00-04:00,20.559999465942383,20.610000610351562,20.360000610351562,20.5049991607666,14905,0.0,0.0
2023-04-25 13:30:00-04:00,20.5049991607666,20.530000686645508,20.360000610351562,20.44499969482422,15277,0.0,0.0
2023-04-25 14:30:00-04:00,20.40999984741211,20.520000457763672,20.3700008392334,20.420000076293945,9032,0.0,0.0
2023-04-25 15:30:00-04:00,20.389999389648438,20.459999084472656,20.280000686645508,20.360000610351562,26161,0.0,0.0
2023-04-26 09:30:00-04:00,21.68000030517578,22.489999771118164,21.0,21.610000610351562,193077,0.0,0.0
2023-04-26 10:30:00-04:00,21.639999389648438,21.799999237060547,21.149999618530273,21.579999923706055,72461,0.0,0.0
2023-04-26 11:30:00-04:00,21.6200008392334,21.899999618530273,21.59000015258789,21.780000686645508,14931,0.0,0.0
2023-04-26 12:30:00-04:00,21.670000076293945,21.8700008392334,21.610000610351562,21.760000228881836,10262,0.0,0.0
2023-04-26 13:30:00-04:00,21.795000076293945,21.8799991607666,21.59000015258789,21.799999237060547,20365,0.0,0.0
2023-04-26 14:30:00-04:00,21.709999084472656,21.7450008392334,21.5,21.700000762939453,13203,0.0,0.0
2023-04-26 15:30:00-04:00,21.69499969482422,21.700000762939453,21.479999542236328,21.639999389648438,17795,0.0,0.0
2023-04-27 09:30:00-04:00,21.299999237060547,21.614999771118164,20.5,20.94499969482422,0,0.0,0.0
2023-04-27 10:30:00-04:00,20.969999313354492,21.510000228881836,20.790000915527344,21.450000762939453,88480,0.0,0.0
2023-04-27 11:30:00-04:00,21.389999389648438,21.479999542236328,21.329999923706055,21.360000610351562,44639,0.0,0.0
2023-04-27 12:30:00-04:00,21.3700008392334,21.450000762939453,21.350000381469727,21.3799991607666,43516,0.0,0.0
2023-04-27 13:30:00-04:00,21.415000915527344,21.46500015258789,21.334999084472656,21.450000762939453,45762,0.0,0.0
2023-04-27 14:30:00-04:00,21.450000762939453,21.770000457763672,21.40999984741211,21.579999923706055,41520,0.0,0.0
2023-04-27 15:30:00-04:00,21.579999923706055,21.68000030517578,21.399999618530273,21.5,53803,0.0,0.0
2023-04-28 09:30:00-04:00,21.549999237060547,21.579999923706055,21.219100952148438,21.424999237060547,9779,0.0,0.0
2023-04-28 10:30:00-04:00,21.489999771118164,21.579999923706055,21.260099411010742,21.43000030517578,18767,0.0,0.0
2023-04-28 11:30:00-04:00,21.479999542236328,21.739999771118164,21.479999542236328,21.59000015258789,12062,0.0,0.0
2023-04-28 12:30:00-04:00,21.65999984741211,21.700000762939453,21.610000610351562,21.610000610351562,4452,0.0,0.0
2023-04-28 13:30:00-04:00,21.59000015258789,21.59000015258789,21.450000762939453,21.5,9215,0.0,0.0
2023-04-28 14:30:00-04:00,21.459999084472656,21.59749984741211,21.3700008392334,21.3700008392334,5382,0.0,0.0
2023-04-28 15:30:00-04:00,21.34000015258789,21.4591007232666,21.260000228881836,21.450000762939453,6676,0.0,0.0
2023-05-01 09:30:00-04:00,21.549999237060547,21.635000228881836,21.04010009765625,21.440000534057617,40296,0.0,0.0
2023-05-01 10:30:00-04:00,21.520000457763672,21.68000030517578,21.360000610351562,21.649999618530273,18172,0.0,0.0
2023-05-01 11:30:00-04:00,21.540000915527344,21.559999465942383,21.43000030517578,21.489999771118164,5508,0.0,0.0
2023-05-01 12:30:00-04:00,21.43000030517578,21.545000076293945,21.43000030517578,21.530000686645508,3876,0.0,0.0
2023-05-01 13:30:00-04:00,21.440000534057617,21.549999237060547,21.440000534057617,21.483999252319336,12770,0.0,0.0
2023-05-01 14:30:00-04:00,21.450000762939453,21.66200065612793,21.399999618530273,21.46500015258789,8695,0.0,0.0
2023-05-01 15:30:00-04:00,21.469999313354492,21.594999313354492,21.399999618530273,21.489999771118164,14195,0.0,0.0
2023-05-02 09:30:00-04:00,21.469999313354492,21.469999313354492,20.809799194335938,20.809799194335938,0,0.0,0.0
2023-05-02 10:30:00-04:00,20.821199417114258,21.1299991607666,20.600099563598633,20.81999969482422,32050,0.0,0.0
2023-05-02 11:30:00-04:00,20.729999542236328,20.75,20.520000457763672,20.75,11320,0.0,0.0
2023-05-02 12:30:00-04:00,20.780000686645508,20.780000686645508,20.68000030517578,20.709999084472656,3899,0.0,0.0
2023-05-02 13:30:00-04:00,20.700000762939453,20.700000762939453,20.389999389648438,20.5,13492,0.0,0.0
2023-05-02 14:30:00-04:00,20.459999084472656,20.489999771118164,20.329999923706055,20.434999465942383,10416,0.0,0.0
2023-05-02 15:30:00-04:00,20.424999237060547,20.459999084472656,20.209999084472656,20.28499984741211,8727,0.0,0.0
2023-05-03 09:30:00-04:00,20.229999542236328,20.3799991607666,19.68000030517578,20.1299991607666,22468,0.0,0.0
2023-05-03 10:30:00-04:00,20.075000762939453,20.1200008392334,19.53230094909668,19.850000381469727,23962,0.0,0.0
2023-05-03 11:30:00-04:00,19.799999237060547,20.15999984741211,19.6299991607666,20.100000381469727,12159,0.0,0.0
2023-05-03 12:30:00-04:00,20.079999923706055,20.09000015258789,20.0,20.030000686645508,6810,0.0,0.0
2023-05-03 13:30:00-04:00,20.075000762939453,20.290000915527344,20.020000457763672,20.145000457763672,17644,0.0,0.0
2023-05-03 14:30:00-04:00,20.1200008392334,20.639999389648438,20.059999465942383,20.31999969482422,23392,0.0,0.0
2023-05-03 15:30:00-04:00,20.239999771118164,20.399999618530273,20.139999389648438,20.395000457763672,20809,0.0,0.0
2023-05-04 09:30:00-04:00,20.010000228881836,21.06999969482422,20.0,20.594999313354492,34441,0.0,0.0
2023-05-04 10:30:00-04:00,20.690000534057617,20.719999313354492,20.420000076293945,20.639999389648438,22258,0.0,0.0
2023-05-04 11:30:00-04:00,20.600000381469727,20.670000076293945,20.399999618530273,20.489999771118164,8957,0.0,0.0
2023-05-04 12:30:00-04:00,20.454999923706055,20.65999984741211,20.440000534057617,20.65999984741211,11722,0.0,0.0
2023-05-04 13:30:00-04:00,20.6299991607666,20.690000534057617,20.31999969482422,20.395000457763672,9843,0.0,0.0
2023-05-04 14:30:00-04:00,20.34000015258789,20.399999618530273,20.010000228881836,20.010000228881836,8574,0.0,0.0
2023-05-04 15:30:00-04:00,20.020000457763672,20.200000762939453,20.020000457763672,20.200000762939453,6229,0.0,0.0
2023-05-05 09:30:00-04:00,20.060100555419922,20.260000228881836,19.510000228881836,20.229999542236328,32823,0.0,0.0
2023-05-05 10:30:00-04:00,20.030000686645508,20.139999389648438,19.610000610351562,19.809999465942383,0,0.0,0.0
2023-05-05 11:30:00-04:00,19.809999465942383,20.0,19.719999313354492,19.954999923706055,73631,0.0,0.0
2023-05-05 12:30:00-04:00,19.950000762939453,19.959999084472656,19.670000076293945,19.670000076293945,9838,0.0,0.0
2023-05-05 13:30:00-04:00,19.670000076293945,19.719999313354492,19.600000381469727,19.68000030517578,4241,0.0,0.0
2023-05-05 14:30:00-04:00,19.670000076293945,19.790000915527344,19.610000610351562,19.649999618530273,6761,0.0,0.0
2023-05-05 15:30:00-04:00,19.600000381469727,19.760000228881836,19.600000381469727,19.719999313354492,11124,0.0,0.0
2023-05-08 09:30:00-04:00,19.84000015258789,19.959999084472656,19.110000610351562,19.399999618530273,53583,0.0,0.0
2023-05-08 10:30:00-04:00,19.389999389648438,19.459999084472656,19.229999542236328,19.3799991607666,38800,0.0,0.0
2023-05-08 11:30:00-04:00,19.350000381469727,19.610000610351562,19.350000381469727,19.610000610351562,15683,0.0,0.0
2023-05-08 12:30:00-04:00,19.559999465942383,19.816499710083008,19.420000076293945,19.80500030517578,11026,0.0,0.0
2023-05-08 13:30:00-04:00,19.809999465942383,19.84000015258789,19.579999923706055,19.7549991607666,11610,0.0,0.0
2023-05-08 14:30:00-04:00,19.7549991607666,19.790000915527344,19.610000610351562,19.6299991607666,11916,0.0,0.0
2023-05-08 15:30:00-04:00,19.649999618530273,19.729999542236328,19.579999923706055,19.729999542236328,25280,0.0,0.0
2023-05-09 09:30:00-04:00,19.299999237060547,19.6299991607666,18.889999389648438,19.385000228881836,0,0.0,0.0
2023-05-09 10:30:00-04:00,19.385000228881836,19.559999465942383,19.260000228881836,19.329999923706055,51749,0.0,0.0
2023-05-09 11:30:00-04:00,19.350000381469727,19.424999237060547,19.155000686645508,19.155000686645508,47591,0.0,0.0
2023-05-09 12:30:00-04:00,19.091999053955078,19.190000534057617,18.799999237060547,18.799999237060547,49083,0.0,0.0
2023-05-09 13:30:00-04:00,18.799999237060547,18.854999542236328,18.43000030517578,18.479999542236328,37090,0.0,0.0
2023-05-09 14:30:00-04:00,18.530000686645508,18.81999969482422,18.43199920654297,18.600000381469727,30242,0.0,0.0
2023-05-09 15:30:00-04:00,18.625,18.698999404907227,18.450000762939453,18.489999771118164,52965,0.0,0.0
2023-05-10 09:30:00-04:00,18.40999984741211,18.739999771118164,18.190000534057617,18.299999237060547,120243,0.0,0.0
2023-05-10 10:30:00-04:00,18.30500030517578,18.510000228881836,18.260000228881836,18.299999237060547,40373,0.0,0.0
2023-05-10 11:30:00-04:00,18.290000915527344,18.31999969482422,17.780000686645508,17.850000381469727,51112,0.0,0.0
2023-05-10 12:30:00-04:00,17.860000610351562,17.940000534057617,17.649999618530273,17.649999618530273,18030,0.0,0.0
2023-05-10 13:30:00-04:00,17.639999389648438,17.780000686645508,17.559999465942383,17.760000228881836,13722,0.0,0.0
2023-05-10 14:30:00-04:00,17.799999237060547,17.809999465942383,17.540000915527344,17.56999969482422,14668,0.0,0.0
2023-05-10 15:30:00-04:00,17.520000457763672,17.584999084472656,17.309999465942383,17.309999465942383,31607,0.0,0.0
2023-05-11 09:30:00-04:00,17.299999237060547,17.79990005493164,16.860000610351562,17.655000686645508,78994,0.0,0.0
2023-05-11 10:30:00-04:00,17.635000228881836,18.139999389648438,17.459999084472656,17.549999237060547,77182,0.0,0.0
2023-05-11 11:30:00-04:00,17.610000610351562,17.854999542236328,17.43000030517578,17.799999237060547,33048,0.0,0.0
2023-05-11 12:30:00-04:00,17.799999237060547,17.82990074157715,17.56999969482422,17.809999465942383,26326,0.0,0.0
2023-05-11 13:30:00-04:00,17.709999084472656,18.06999969482422,17.709999084472656,18.06999969482422,35072,0.0,0.0
2023-05-11 14:30:00-04:00,18.049999237060547,18.110000610351562,17.90999984741211,18.010000228881836,30522,0.0,0.0
2023-05-11 15:30:00-04:00,18.010000228881836,18.059999465942383,17.799999237060547,17.875,53578,0.0,0.0
2023-05-12 09:30:00-04:00,18.0,18.065000534057617,17.540000915527344,17.639999389648438,15055,0.0,0.0
2023-05-12 10:30:00-04:00,17.75,17.84000015258789,17.600000381469727,17.764999389648438,10072,0.0,0.0
2023-05-12 11:30:00-04:00,17.770000457763672,18.31999969482422,17.770000457763672,18.209999084472656,14662,0.0,0.0
2023-05-12 12:30:00-04:00,18.079999923706055,18.18000030517578,18.06999969482422,18.18000030517578,1701,0.0,0.0
2023-05-12 13:30:00-04:00,18.139999389648438,18.235000610351562,18.1299991607666,18.170000076293945,2991,0.0,0.0
2023-05-12 14:30:00-04:00,18.139999389648438,18.190000534057617,17.860000610351562,17.860000610351562,13664,0.0,0.0
2023-05-12 15:30:00-04:00,17.81999969482422,17.90999984741211,17.739999771118164,17.739999771118164,7005,0.0,0.0
2023-05-15 09:30:00-04:00,18.100000381469727,18.895000457763672,17.75,18.700000762939453,31994,0.0,0.0
2023-05-15 10:30:00-04:00,18.799999237060547,18.905000686645508,18.520000457763672,18.815000534057617,13209,0.0,0.0
2023-05-15 11:30:00-04:00,18.860000610351562,18.940000534057617,18.709999084472656,18.799999237060547,22142,0.0,0.0
2023-05-15 12:30:00-04:00,18.860000610351562,18.93000030517578,18.75,18.93000030517578,16602,0.0,0.0
2023-05-15 13:30:00-04:00,18.889999389648438,18.915000915527344,18.81999969482422,18.899999618530273,10836,0.0,0.0
2023-05-15 14:30:00-04:00,18.889999389648438,19.479999542236328,18.889999389648438,19.344999313354492,37563,0.0,0.0
2023-05-15 15:30:00-04:00,19.344999313354492,19.344999313354492,19.065000534057617,19.149999618530273,16216,0.0,0.0
2023-05-16 09:30:00-04:00,19.270000457763672,19.5,18.860000610351562,19.135000228881836,27352,0.0,0.0
2023-05-16 10:30:00-04:00,19.149999618530273,19.43000030517578,19.149999618530273,19.21500015258789,13976,0.0,0.0
2023-05-16 11:30:00-04:00,19.21500015258789,19.40999984741211,19.139999389648438,19.389999389648438,17967,0.0,0.0
2023-05-16 12:30:00-04:00,19.459999084472656,19.610000610351562,19.3700008392334,19.49020004272461,13412,0.0,0.0
2023-05-16 13:30:00-04:00,19.469999313354492,19.649999618530273,19.469999313354492,19.510000228881836,8425,0.0,0.0
2023-05-16 14:30:00-04:00,19.549999237060547,19.649999618530273,19.415000915527344,19.6299991607666,12120,0.0,0.0
2023-05-16 15:30:00-04:00,19.6200008392334,19.68000030517578,19.549999237060547,19.549999237060547,12326,0.0,0.0
2023-05-17 09:30:00-04:00,19.139999389648438,19.469999313354492,18.90999984741211,19.34000015258789,23662,0.0,0.0
2023-05-17 10:30:00-04:00,19.360000610351562,19.3799991607666,19.040000915527344,19.280000686645508,18874,0.0,0.0
2023-05-17 11:30:00-04:00,19.280000686645508,19.670000076293945,19.280000686645508,19.6299991607666,17557,0.0,0.0
2023-05-17 12:30:00-04:00,19.69499969482422,19.719999313354492,19.497299194335938,19.510000228881836,10306,0.0,0.0
2023-05-17 13:30:00-04:00,19.56999969482422,19.670000076293945,19.280000686645508,19.280000686645508,9438,0.0,0.0
2023-05-17 14:30:00-04:00,19.334999084472656,19.540000915527344,19.260000228881836,19.329999923706055,9120,0.0,0.0
2023-05-17 15:30:00-04:00,19.329999923706055,19.479999542236328,19.280000686645508,19.399999618530273,20532,0.0,0.0
2023-05-18 09:30:00-04:00,19.170000076293945,19.940000534057617,17.520000457763672,18.440000534057617,79570,0.0,0.0
2023-05-18 10:30:00-04:00,18.440000534057617,18.450000762939453,17.854999542236328,18.200000762939453,62601,0.0,0.0
2023-05-18 11:30:00-04:00,18.200000762939453,18.200000762939453,17.799999237060547,18.059999465942383,42109,0.0,0.0
2023-05-18 12:30:00-04:00,18.030000686645508,18.200000762939453,17.989999771118164,18.1299991607666,25939,0.0,0.0
2023-05-18 13:30:00-04:00,18.104999542236328,18.200000762939453,18.0,18.149999618530273,27274,0.0,0.0
2023-05-18 14:30:00-04:00,18.170000076293945,18.190000534057617,18.049999237060547,18.049999237060547,7485,0.0,0.0
2023-05-18 15:30:00-04:00,18.1200008392334,18.200000762939453,18.049999237060547,18.200000762939453,26841,0.0,0.0
2023-05-19 09:30:00-04:00,18.59000015258789,18.59000015258789,17.809999465942383,18.459999084472656,26727,0.0,0.0
2023-05-19 10:30:00-04:00,18.459999084472656,18.8700008392334,18.360000610351562,18.704999923706055,40699,0.0,0.0
2023-05-19 11:30:00-04:00,18.68000030517578,18.899999618530273,18.55500030517578,18.809999465942383,28718,0.0,0.0
2023-05-19 12:30:00-04:00,18.780000686645508,18.8799991607666,18.700000762939453,18.799999237060547,16548,0.0,0.0
2023-05-19 13:30:00-04:00,18.709999084472656,18.799999237060547,18.700000762939453,18.729999542236328,18097,0.0,0.0
2023-05-19 14:30:00-04:00,18.709999084472656,18.979999542236328,18.690000534057617,18.799999237060547,60020,0.0,0.0
2023-05-19 15:30:00-04:00,18.799999237060547,18.959999084472656,18.709999084472656,18.889999389648438,32570,0.0,0.0
2023-05-22 09:30:00-04:00,19.010000228881836,19.079999923706055,17.989999771118164,18.149999618530273,195891,0.0,0.0
2023-05-22 10:30:00-04:00,18.15999984741211,18.200000762939453,18.010000228881836,18.084999084472656,41467,0.0,0.0
2023-05-22 11:30:00-04:00,18.030000686645508,18.149999618530273,17.969999313354492,18.09000015258789,15073,0.0,0.0
2023-05-22 12:30:00-04:00,18.079999923706055,18.149999618530273,18.020000457763672,18.020000457763672,22937,0.0,0.0
2023-05-22 13:30:00-04:00,18.010000228881836,18.06999969482422,17.860000610351562,17.979999542236328,36942,0.0,0.0
2023-05-22 14:30:00-04:00,17.93000030517578,18.0,17.780000686645508,17.844999313354492,26496,0.0,0.0
2023-05-22 15:30:00-04:00,17.84000015258789,17.87929916381836,17.774999618530273,17.850000381469727,18521,0.0,0.0
2023-05-23 09:30:00-04:00,17.559999465942383,17.889999389648438,17.079999923706055,17.079999923706055,73112,0.0,0.0
2023-05-23 10:30:00-04:00,17.06999969482422,17.770000457763672,16.864999771118164,17.549999237060547,116265,0.0,0.0
2023-05-23 11:30:00-04:00,17.600000381469727,18.479999542236328,17.600000381469727,17.989999771118164,123014,0.0,0.0
2023-05-23 12:30:00-04:00,17.979999542236328,18.020000457763672,17.549999237060547,17.6200008392334,31937,0.0,0.0
2023-05-23 13:30:00-04:00,17.540000915527344,17.6200008392334,17.489999771118164,17.610000610351562,12925,0.0,0.0
2023-05-23 14:30:00-04:00,17.629899978637695,17.6299991607666,17.459999084472656,17.530000686645508,20143,0.0,0.0
2023-05-23 15:30:00-04:00,17.5,17.579999923706055,17.5,17.579999923706055,31489,0.0,0.0
2023-05-24 09:30:00-04:00,17.18000030517578,17.31999969482422,16.219999313354492,17.020000457763672,0,0.0,0.0
2023-05-24 10:30:00-04:00,16.979999542236328,17.079999923706055,16.920000076293945,16.989999771118164,38203,0.0,0.0
2023-05-24 11:30:00-04:00,16.969999313354492,17.40999984741211,16.924999237060547,17.3700008392334,48180,0.0,0.0
2023-05-24 12:30:00-04:00,17.399999618530273,17.829999923706055,17.389999389648438,17.690000534057617,76160,0.0,0.0
2023-05-24 13:30:00-04:00,17.68000030517578,17.81999969482422,17.604999542236328,17.70009994506836,40809,0.0,0.0
2023-05-24 14:30:00-04:00,17.700000762939453,17.75,17.68000030517578,17.725000381469727,25418,0.0,0.0
2023-05-24 15:30:00-04:00,17.700000762939453,17.770000457763672,17.690000534057617,17.75,33419,0.0,0.0
2023-05-25 09:30:00-04:00,17.270000457763672,17.638399124145508,17.200000762939453,17.559999465942383,17922,0.0,0.0
2023-05-25 10:30:00-04:00,17.559999465942383,17.639999389648438,17.344999313354492,17.420000076293945,16372,0.0,0.0
2023-05-25 11:30:00-04:00,17.34000015258789,17.56999969482422,17.270999908447266,17.524999618530273,14936,0.0,0.0
2023-05-25 12:30:00-04:00,17.479999542236328,17.579999923706055,17.229999542236328,17.25,13024,0.0,0.0
2023-05-25 13:30:00-04:00,17.290000915527344,17.46500015258789,17.243799209594727,17.290000915527344,7921,0.0,0.0
2023-05-25 14:30:00-04:00,17.290000915527344,17.290000915527344,17.239999771118164,17.280099868774414,2916,0.0,0.0
2023-05-25 15:30:00-04:00,17.219999313354492,17.235000610351562,16.989999771118164,16.989999771118164,21180,0.0,0.0
2023-05-26 09:30:00-04:00,17.219999313354492,17.780000686645508,17.200000762939453,17.545000076293945,0,0.0,0.0
2023-05-26 10:30:00-04:00,17.56999969482422,18.149999618530273,17.360000610351562,17.97249984741211,104013,0.0,0.0
2023-05-26 11:30:00-04:00,17.979999542236328,18.06999969482422,17.860000610351562,17.969999313354492,104081,0.0,0.0
2023-05-26 12:30:00-04:00,17.943500518798828,18.0,17.889999389648438,17.989999771118164,85140,0.0,0.0
2023-05-26 13:30:00-04:00,17.989999771118164,18.030000686645508,17.940000534057617,17.989999771118164,167532,0.0,0.0
2023-05-26 14:30:00-04:00,17.989999771118164,18.010000228881836,17.899999618530273,17.915000915527344,71538,0.0,0.0
2023-05-26 15:30:00-04:00,17.950000762939453,18.010000228881836,17.90999984741211,18.0,45568,0.0,0.0
2023-05-30 09:30:00-04:00,18.200000762939453,18.200000762939453,17.010000228881836,17.020000457763672,51207,0.0,0.0
2023-05-30 10:30:00-04:00,17.110000610351562,17.239999771118164,16.979999542236328,17.05500030517578,73597,0.0,0.0
2023-05-30 11:30:00-04:00,17.05500030517578,17.079999923706055,16.969999313354492,16.969999313354492,16038,0.0,0.0
2023-05-30 12:30:00-04:00,16.969999313354492,17.135000228881836,16.96649932861328,17.040000915527344,16698,0.0,0.0
2023-05-30 13:30:00-04:00,17.020000457763672,17.065000534057617,16.959999084472656,16.969999313354492,16741,0.0,0.0
2023-05-30 14:30:00-04:00,16.979999542236328,17.1299991607666,16.969999313354492,17.049999237060547,12011,0.0,0.0
2023-05-30 15:30:00-04:00,17.084999084472656,17.084999084472656,16.950000762939453,16.989999771118164,22617,0.0,0.0
2023-05-31 09:30:00-04:00,17.079999923706055,17.43000030517578,16.440000534057617,16.979999542236328,61645,0.0,0.0
2023-05-31 10:30:00-04:00,16.969999313354492,17.049999237060547,16.600000381469727,16.760000228881836,63626,0.0,0.0
2023-05-31 11:30:00-04:00,16.75,16.940000534057617,16.700000762939453,16.8799991607666,80673,0.0,0.0
2023-05-31 12:30:00-04:00,16.860000610351562,16.860000610351562,16.700000762939453,16.700000762939453,14623,0.0,0.0
2023-05-31 13:30:00-04:00,16.65999984741211,16.700000762939453,16.520000457763672,16.579999923706055,15365,0.0,0.0
2023-05-31 14:30:00-04:00,16.549999237060547,16.59000015258789,16.270000457763672,16.270000457763672,24247,0.0,0.0
2023-05-31 15:30:00-04:00,16.325000762939453,16.43000030517578,16.25,16.280000686645508,45336,0.0,0.0
2023-06-01 09:30:00-04:00,16.479999542236328,17.25,16.40999984741211,17.229999542236328,43327,0.0,0.0
2023-06-01 10:30:00-04:00,17.229999542236328,17.3799991607666,17.06999969482422,17.1299991607666,34996,0.0,0.0
2023-06-01 11:30:00-04:00,17.19499969482422,17.93000030517578,17.110000610351562,17.8700008392334,74648,0.0,0.0
2023-06-01 12:30:00-04:00,17.850000381469727,17.940000534057617,17.799999237060547,17.8799991607666,17828,0.0,0.0
2023-06-01 13:30:00-04:00,17.850000381469727,17.989999771118164,17.850000381469727,17.989999771118164,9851,0.0,0.0
2023-06-01 14:30:00-04:00,17.989999771118164,18.079999923706055,17.799999237060547,17.90999984741211,36698,0.0,0.0
2023-06-01 15:30:00-04:00,17.799999237060547,17.90999984741211,17.799999237060547,17.809999465942383,18572,0.0,0.0
2023-06-02 09:30:00-04:00,18.239999771118164,18.5,17.934999465942383,18.200000762939453,69398,0.0,0.0
2023-06-02 10:30:00-04:00,18.260000228881836,18.260000228881836,18.059999465942383,18.100000381469727,16009,0.0,0.0
2023-06-02 11:30:00-04:00,18.100000381469727,18.18000030517578,18.040000915527344,18.040000915527344,21210,0.0,0.0
2023-06-02 12:30:00-04:00,18.079999923706055,18.190000534057617,18.010000228881836,18.110000610351562,24450,0.0,0.0
2023-06-02 13:30:00-04:00,18.110000610351562,18.139999389648438,18.049999237060547,18.100000381469727,7854,0.0,0.0
2023-06-02 14:30:00-04:00,18.079999923706055,18.079999923706055,17.905000686645508,17.905000686645508,9463,0.0,0.0
2023-06-02 15:30:00-04:00,17.899999618530273,17.989999771118164,17.860000610351562,17.860000610351562,10326,0.0,0.0
2023-06-05 09:30:00-04:00,17.969999313354492,18.0,17.25,17.489999771118164,19362,0.0,0.0
2023-06-05 10:30:00-04:00,17.489999771118164,17.600000381469727,17.100000381469727,17.25,31513,0.0,0.0
2023-06-05 11:30:00-04:00,17.25,17.299999237060547,17.040000915527344,17.19499969482422,14681,0.0,0.0
2023-06-05 12:30:00-04:00,17.209999084472656,17.28499984741211,17.209999084472656,17.229999542236328,3516,0.0,0.0
2023-06-05 13:30:00-04:00,17.170000076293945,17.270000457763672,17.15999984741211,17.18000030517578,4803,0.0,0.0
2023-06-05 14:30:00-04:00,17.15999984741211,17.15999984741211,17.09000015258789,17.145000457763672,3479,0.0,0.0
2023-06-05 15:30:00-04:00,17.126800537109375,17.145000457763672,16.889999389648438,16.975000381469727,16643,0.0,0.0
2023-06-06 09:30:00-04:00,16.170000076293945,16.170000076293945,14.800000190734863,15.670000076293945,519214,0.0,0.0
2023-06-06 10:30:00-04:00,15.729999542236328,16.860000610351562,15.720000267028809,16.350000381469727,102116,0.0,0.0
2023-06-06 11:30:00-04:00,16.385000228881836,16.700000762939453,16.34000015258789,16.570199966430664,81645,0.0,0.0
2023-06-06 12:30:00-04:00,16.594999313354492,16.6200008392334,16.22010040283203,16.5,34590,0.0,0.0
2023-06-06 13:30:00-04:00,16.5049991607666,16.588300704956055,16.290000915527344,16.290000915527344,20602,0.0,0.0
2023-06-06 14:30:00-04:00,16.290000915527344,16.290000915527344,16.100000381469727,16.114999771118164,52637,0.0,0.0
2023-06-06 15:30:00-04:00,16.114999771118164,16.15999984741211,15.75,15.75,91596,0.0,0.0
2023-06-07 09:30:00-04:00,16.18000030517578,16.600000381469727,15.65999984741211,16.30500030517578,181097,0.0,0.0
2023-06-07 10:30:00-04:00,16.329999923706055,16.399999618530273,15.600000381469727,16.1299991607666,132391,0.0,0.0
2023-06-07 11:30:00-04:00,16.079999923706055,16.270000457763672,15.699999809265137,15.725000381469727,98946,0.0,0.0
2023-06-07 12:30:00-04:00,15.755000114440918,15.989999771118164,15.649999618530273,15.760000228881836,72708,0.0,0.0
2023-06-07 13:30:00-04:00,15.755000114440918,16.0,15.670000076293945,15.920000076293945,128804,0.0,0.0
2023-06-07 14:30:00-04:00,15.920000076293945,15.920000076293945,15.300000190734863,15.539999961853027,230122,0.0,0.0
2023-06-07 15:30:00-04:00,15.539999961853027,15.869999885559082,15.510000228881836,15.704999923706055,232298,0.0,0.0
2023-06-08 09:30:00-04:00,15.25,15.699999809265137,15.020000457763672,15.630000114440918,1379202,0.0,0.0
2023-06-08 10:30:00-04:00,15.65999984741211,15.699999809265137,15.244999885559082,15.329999923706055,477635,0.0,0.0
2023-06-08 11:30:00-04:00,15.345000267028809,15.649999618530273,15.260000228881836,15.539999961853027,288427,0.0,0.0
2023-06-08 12:30:00-04:00,15.529999732971191,15.550000190734863,15.25,15.25,358965,0.0,0.0
2023-06-08 13:30:00-04:00,15.25,15.329999923706055,15.100000381469727,15.300000190734863,298615,0.0,0.0
2023-06-08 14:30:00-04:00,15.319999694824219,15.369999885559082,15.229999542236328,15.335000038146973,187723,0.0,0.0
2023-06-08 15:30:00-04:00,15.3100004196167,15.5600004196167,15.3100004196167,15.5,235127,0.0,0.0
2023-06-09 09:30:00-04:00,15.5,16.270000457763672,15.420000076293945,15.770000457763672,241125,0.0,0.0
2023-06-09 10:30:00-04:00,15.770000457763672,15.829999923706055,15.609999656677246,15.675000190734863,177493,0.0,0.0
2023-06-09 11:30:00-04:00,15.670000076293945,15.989999771118164,15.65999984741211,15.800000190734863,121292,0.0,0.0
2023-06-09 12:30:00-04:00,15.829999923706055,16.295000076293945,15.760000228881836,16.219999313354492,107288,0.0,0.0
2023-06-09 13:30:00-04:00,16.209999084472656,16.24209976196289,15.9399995803833,16.0,93873,0.0,0.0
2023-06-09 14:30:00-04:00,15.989999771118164,16.040000915527344,15.899999618530273,15.920000076293945,81436,0.0,0.0
2023-06-09 15:30:00-04:00,15.9399995803833,15.960000038146973,15.770000457763672,15.779999732971191,84460,0.0,0.0
2023-06-12 09:30:00-04:00,15.779999732971191,16.325000762939453,15.779999732971191,16.15999984741211,172776,0.0,0.0
2023-06-12 10:30:00-04:00,16.1299991607666,16.43000030517578,15.960000038146973,16.010000228881836,126950,0.0,0.0
2023-06-12 11:30:00-04:00,16.020000457763672,16.200000762939453,15.899999618530273,16.200000762939453,90092,0.0,0.0
2023-06-12 12:30:00-04:00,16.170000076293945,16.209999084472656,16.079999923706055,16.079999923706055,45373,0.0,0.0
2023-06-12 13:30:00-04:00,16.079999923706055,16.15999984741211,16.0,16.139999389648438,55390,0.0,0.0
2023-06-12 14:30:00-04:00,16.1299991607666,16.155000686645508,16.010000228881836,16.079999923706055,50065,0.0,0.0
2023-06-12 15:30:00-04:00,16.079999923706055,16.1200008392334,16.0,16.0,83634,0.0,0.0
2023-06-13 09:30:00-04:00,16.31999969482422,17.760000228881836,16.05500030517578,17.57859992980957,477094,0.0,0.0
2023-06-13 10:30:00-04:00,17.510000228881836,17.729999542236328,17.06999969482422,17.229999542236328,130215,0.0,0.0
2023-06-13 11:30:00-04:00,17.21500015258789,17.329999923706055,17.1299991607666,17.19499969482422,89426,0.0,0.0
2023-06-13 12:30:00-04:00,17.190000534057617,17.219999313354492,17.1299991607666,17.200000762939453,73308,0.0,0.0
2023-06-13 13:30:00-04:00,17.190000534057617,17.280000686645508,17.1299991607666,17.229999542236328,85035,0.0,0.0
2023-06-13 14:30:00-04:00,17.225000381469727,17.260000228881836,16.90999984741211,16.90999984741211,71092,0.0,0.0
2023-06-13 15:30:00-04:00,16.920000076293945,17.0,16.84000015258789,16.84000015258789,59335,0.0,0.0
2023-06-14 09:30:00-04:00,16.90999984741211,17.599000930786133,16.829999923706055,17.139999389648438,74819,0.0,0.0
2023-06-14 10:30:00-04:00,17.06999969482422,17.31999969482422,16.899999618530273,17.31999969482422,66474,0.0,0.0
2023-06-14 11:30:00-04:00,17.299999237060547,17.450000762939453,17.200000762939453,17.440000534057617,48296,0.0,0.0
2023-06-14 12:30:00-04:00,17.450000762939453,17.799999237060547,17.385000228881836,17.690000534057617,57830,0.0,0.0
2023-06-14 13:30:00-04:00,17.719999313354492,17.799999237060547,17.520000457763672,17.729999542236328,60543,0.0,0.0
2023-06-14 14:30:00-04:00,17.739999771118164,17.850000381469727,17.520000457763672,17.530000686645508,81302,0.0,0.0
2023-06-14 15:30:00-04:00,17.520000457763672,17.59000015258789,17.40999984741211,17.469999313354492,59912,0.0,0.0
2023-06-15 09:30:00-04:00,17.649999618530273,18.135000228881836,17.469999313354492,17.86750030517578,252655,0.0,0.0
2023-06-15 10:30:00-04:00,17.875,18.299999237060547,17.86750030517578,18.299999237060547,187471,0.0,0.0
2023-06-15 11:30:00-04:00,18.290000915527344,18.399999618530273,18.177499771118164,18.200000762939453,109904,0.0,0.0
2023-06-15 12:30:00-04:00,18.209999084472656,18.219999313354492,17.985000610351562,18.079999923706055,75072,0.0,0.0
2023-06-15 13:30:00-04:00,18.079999923706055,18.094999313354492,17.969999313354492,18.014999389648438,63503,0.0,0.0
2023-06-15 14:30:00-04:00,18.010000228881836,18.075000762939453,17.94499969482422,18.020000457763672,100662,0.0,0.0
2023-06-15 15:30:00-04:00,18.010000228881836,18.15999984741211,17.969999313354492,18.06999969482422,166608,0.0,0.0
2023-06-16 09:30:00-04:00,18.1299991607666,18.7549991607666,17.59079933166504,17.639999389648438,319405,0.0,0.0
2023-06-16 10:30:00-04:00,17.665000915527344,17.795000076293945,17.530000686645508,17.670000076293945,229125,0.0,0.0
2023-06-16 11:30:00-04:00,17.690000534057617,17.700000762939453,17.100000381469727,17.149999618530273,104270,0.0,0.0
2023-06-16 12:30:00-04:00,17.149999618530273,17.149999618530273,16.969999313354492,17.010000228881836,69714,0.0,0.0
2023-06-16 13:30:00-04:00,16.989999771118164,17.049999237060547,16.920000076293945,16.989999771118164,48791,0.0,0.0
2023-06-16 14:30:00-04:00,17.0,17.020000457763672,16.829999923706055,17.0049991607666,48515,0.0,0.0
2023-06-16 15:30:00-04:00,17.0049991607666,17.25,17.0049991607666,17.239999771118164,94192,0.0,0.0
2023-06-20 09:30:00-04:00,17.020000457763672,17.020000457763672,16.389999389648438,16.479999542236328,335944,0.0,0.0
2023-06-20 10:30:00-04:00,16.510000228881836,16.68000030517578,16.479999542236328,16.610000610351562,57047,0.0,0.0
2023-06-20 11:30:00-04:00,16.610000610351562,16.69499969482422,16.469999313354492,16.59000015258789,37265,0.0,0.0
2023-06-20 12:30:00-04:00,16.600000381469727,16.770000457763672,16.59000015258789,16.600000381469727,34293,0.0,0.0
2023-06-20 13:30:00-04:00,16.59000015258789,16.665000915527344,16.219999313354492,16.25,66749,0.0,0.0
2023-06-20 14:30:00-04:00,16.25,16.260000228881836,16.079999923706055,16.260000228881836,45770,0.0,0.0
2023-06-20 15:30:00-04:00,16.270000457763672,16.329999923706055,16.079999923706055,16.1299991607666,57090,0.0,0.0
2023-06-21 09:30:00-04:00,15.989999771118164,16.559999465942383,15.989999771118164,16.510000228881836,28833,0.0,0.0
2023-06-21 10:30:00-04:00,16.579999923706055,16.639999389648438,16.020000457763672,16.209999084472656,46557,0.0,0.0
2023-06-21 11:30:00-04:00,16.209999084472656,16.350000381469727,16.15999984741211,16.18000030517578,15701,0.0,0.0
2023-06-21 12:30:00-04:00,16.200000762939453,16.209999084472656,16.100000381469727,16.139999389648438,12111,0.0,0.0
2023-06-21 13:30:00-04:00,16.219999313354492,16.3799991607666,16.15999984741211,16.360000610351562,21064,0.0,0.0
2023-06-21 14:30:00-04:00,16.389999389648438,16.5049991607666,16.3799991607666,16.389999389648438,8828,0.0,0.0
2023-06-21 15:30:00-04:00,16.3799991607666,16.399999618530273,16.290000915527344,16.299999237060547,10324,0.0,0.0
2023-06-22 09:30:00-04:00,15.989999771118164,16.350000381469727,15.609999656677246,16.219999313354492,53770,0.0,0.0
2023-06-22 10:30:00-04:00,16.270000457763672,16.280000686645508,15.979999542236328,16.010000228881836,16206,0.0,0.0
2023-06-22 11:30:00-04:00,16.024999618530273,16.059999465942383,15.6899995803833,15.729999542236328,37135,0.0,0.0
2023-06-22 12:30:00-04:00,15.739999771118164,16.010400772094727,15.729999542236328,15.949999809265137,25393,0.0,0.0
2023-06-22 13:30:00-04:00,15.989999771118164,16.139999389648438,15.949999809265137,16.139999389648438,12692,0.0,0.0
2023-06-22 14:30:00-04:00,16.149999618530273,16.149999618530273,15.960000038146973,15.960000038146973,10417,0.0,0.0
2023-06-22 15:30:00-04:00,15.90999984741211,15.90999984741211,15.859999656677246,15.880000114440918,16027,0.0,0.0
2023-06-23 09:30:00-04:00,15.729999542236328,15.989999771118164,15.5,15.850000381469727,17126,0.0,0.0
2023-06-23 10:30:00-04:00,15.880000114440918,15.949999809265137,15.6899995803833,15.779999732971191,28674,0.0,0.0
2023-06-23 11:30:00-04:00,15.75,15.84000015258789,15.720000267028809,15.819999694824219,27692,0.0,0.0
2023-06-23 12:30:00-04:00,15.845000267028809,15.960000038146973,15.819999694824219,15.960000038146973,13587,0.0,0.0
2023-06-23 13:30:00-04:00,15.9399995803833,15.960000038146973,15.850000381469727,15.885000228881836,17709,0.0,0.0
2023-06-23 14:30:00-04:00,15.885000228881836,15.930000305175781,15.84000015258789,15.890000343322754,22645,0.0,0.0
2023-06-23 15:30:00-04:00,15.899999618530273,15.899999618530273,15.680000305175781,15.710000038146973,53510,0.0,0.0
2023-06-26 09:30:00-04:00,15.8100004196167,16.46310043334961,15.8100004196167,16.43000030517578,55062,0.0,0.0
2023-06-26 10:30:00-04:00,16.399999618530273,16.469999313354492,16.149999618530273,16.149999618530273,44706,0.0,0.0
2023-06-26 11:30:00-04:00,16.139999389648438,16.139999389648438,15.819999694824219,15.850000381469727,38297,0.0,0.0
2023-06-26 12:30:00-04:00,15.850000381469727,16.260000228881836,15.819999694824219,16.1200008392334,42633,0.0,0.0
2023-06-26 13:30:00-04:00,16.1200008392334,16.125,15.8100004196167,15.8100004196167,30765,0.0,0.0
2023-06-26 14:30:00-04:00,15.829999923706055,15.885000228881836,15.779999732971191,15.800000190734863,41707,0.0,0.0
2023-06-26 15:30:00-04:00,15.779999732971191,15.84000015258789,15.779999732971191,15.789999961853027,61996,0.0,0.0
2023-06-27 09:30:00-04:00,16.100000381469727,16.459999084472656,16.0,16.459999084472656,77180,0.0,0.0
2023-06-27 10:30:00-04:00,16.40999984741211,16.59000015258789,16.3700008392334,16.530000686645508,61437,0.0,0.0
2023-06-27 11:30:00-04:00,16.489999771118164,16.68000030517578,16.440000534057617,16.459999084472656,46487,0.0,0.0
2023-06-27 12:30:00-04:00,16.440000534057617,16.549999237060547,16.43000030517578,16.549999237060547,22775,0.0,0.0
2023-06-27 13:30:00-04:00,16.549999237060547,16.6299991607666,16.5,16.59000015258789,31490,0.0,0.0
2023-06-27 14:30:00-04:00,16.59000015258789,16.639999389648438,16.559999465942383,16.59000015258789,29673,0.0,0.0
2023-06-27 15:30:00-04:00,16.59000015258789,16.610000610351562,16.549999237060547,16.56559944152832,24668,0.0,0.0
2023-06-28 09:30:00-04:00,16.579999923706055,16.690000534057617,15.890000343322754,16.059999465942383,63899,0.0,0.0
2023-06-28 10:30:00-04:00,16.079999923706055,16.100000381469727,15.960000038146973,15.989999771118164,47541,0.0,0.0
2023-06-28 11:30:00-04:00,15.989999771118164,16.030000686645508,15.960000038146973,15.960000038146973,25850,0.0,0.0
2023-06-28 12:30:00-04:00,15.960000038146973,16.139999389648438,15.90999984741211,16.100000381469727,23773,0.0,0.0
2023-06-28 13:30:00-04:00,16.100000381469727,16.18000030517578,16.075000762939453,16.1200008392334,16734,0.0,0.0
2023-06-28 14:30:00-04:00,16.1200008392334,16.190000534057617,16.100000381469727,16.190000534057617,8423,0.0,0.0
2023-06-28 15:30:00-04:00,16.18000030517578,16.219999313354492,16.155000686645508,16.190000534057617,23560,0.0,0.0
2023-06-29 09:30:00-04:00,16.100000381469727,16.270000457763672,15.75,15.890000343322754,49092,0.0,0.0
2023-06-29 10:30:00-04:00,15.890000343322754,16.170000076293945,15.84000015258789,16.1200008392334,35980,0.0,0.0
2023-06-29 11:30:00-04:00,16.1200008392334,16.239999771118164,15.989999771118164,15.989999771118164,34007,0.0,0.0
2023-06-29 12:30:00-04:00,16.0,16.139999389648438,15.94260025024414,15.979999542236328,31464,0.0,0.0
2023-06-29 13:30:00-04:00,16.030000686645508,16.110000610351562,15.9399995803833,16.049999237060547,25612,0.0,0.0
2023-06-29 14:30:00-04:00,16.05500030517578,16.200000762939453,16.049999237060547,16.18000030517578,22053,0.0,0.0
2023-06-29 15:30:00-04:00,16.190000534057617,16.260000228881836,16.149999618530273,16.219999313354492,18558,0.0,0.0
2023-06-30 09:30:00-04:00,16.43000030517578,16.43000030517578,16.049999237060547,16.1299991607666,62421,0.0,0.0
2023-06-30 10:30:00-04:00,16.209999084472656,16.25,16.059999465942383,16.18000030517578,41232,0.0,0.0
2023-06-30 11:30:00-04:00,16.15999984741211,16.219999313354492,16.09000015258789,16.209999084472656,38994,0.0,0.0
2023-06-30 12:30:00-04:00,16.209999084472656,16.32900047302246,16.18000030517578,16.31999969482422,14634,0.0,0.0
2023-06-30 13:30:00-04:00,16.309999465942383,16.329999923706055,16.260000228881836,16.30900001525879,7631,0.0,0.0
2023-06-30 14:30:00-04:00,16.299999237060547,16.350000381469727,16.290000915527344,16.30500030517578,16562,0.0,0.0
2023-06-30 15:30:00-04:00,16.290000915527344,16.299999237060547,16.239999771118164,16.260000228881836,16418,0.0,0.0
2023-07-03 09:30:00-04:00,16.68000030517578,17.959999084472656,16.68000030517578,17.219999313354492,266014,0.0,0.0
2023-07-03 10:30:00-04:00,17.270000457763672,17.780000686645508,17.270000457763672,17.6299991607666,90577,0.0,0.0
2023-07-03 11:30:00-04:00,17.6299991607666,17.90999984741211,17.510000228881836,17.84000015258789,79440,0.0,0.0
2023-07-05 09:30:00-04:00,17.950000762939453,18.440000534057617,17.059999465942383,17.684999465942383,184721,0.0,0.0
2023-07-05 10:30:00-04:00,17.65999984741211,17.719999313354492,17.3799991607666,17.469999313354492,86475,0.0,0.0
2023-07-05 11:30:00-04:00,17.469999313354492,17.600000381469727,17.360000610351562,17.454999923706055,46225,0.0,0.0
2023-07-05 12:30:00-04:00,17.450000762939453,17.549999237060547,17.43000030517578,17.489999771118164,29864,0.0,0.0
2023-07-05 13:30:00-04:00,17.489999771118164,17.489999771118164,17.385000228881836,17.434999465942383,26719,0.0,0.0
2023-07-05 14:30:00-04:00,17.434999465942383,17.579999923706055,17.399999618530273,17.43000030517578,42420,0.0,0.0
2023-07-05 15:30:00-04:00,17.40999984741211,17.450000762939453,17.31999969482422,17.31999969482422,33490,0.0,0.0
2023-07-06 09:30:00-04:00,17.030000686645508,17.270000457763672,16.850000381469727,17.15999984741211,72631,0.0,0.0
2023-07-06 10:30:00-04:00,17.15999984741211,17.280000686645508,17.049999237060547,17.065000534057617,47925,0.0,0.0
2023-07-06 11:30:00-04:00,17.065000534057617,17.260000228881836,17.065000534057617,17.190000534057617,42397,0.0,0.0
2023-07-06 12:30:00-04:00,17.190000534057617,17.25,17.110000610351562,17.200000762939453,30565,0.0,0.0
2023-07-06 13:30:00-04:00,17.200000762939453,17.229999542236328,17.139999389648438,17.209999084472656,23550,0.0,0.0
2023-07-06 14:30:00-04:00,17.204999923706055,17.40999984741211,17.15999984741211,17.3799991607666,33787,0.0,0.0
2023-07-06 15:30:00-04:00,17.395000457763672,17.395000457763672,17.260000228881836,17.270000457763672,30788,0.0,0.0
2023-07-07 09:30:00-04:00,17.420000076293945,17.757400512695312,17.420000076293945,17.485000610351562,44615,0.0,0.0
2023-07-07 10:30:00-04:00,17.479999542236328,17.56999969482422,17.270000457763672,17.280000686645508,30221,0.0,0.0
2023-07-07 11:30:00-04:00,17.280000686645508,17.344999313354492,17.100000381469727,17.139999389648438,36608,0.0,0.0
2023-07-07 12:30:00-04:00,17.149999618530273,17.43000030517578,17.149999618530273,17.43000030517578,29507,0.0,0.0
2023-07-07 13:30:00-04:00,17.440000534057617,17.594999313354492,17.420000076293945,17.559999465942383,22901,0.0,0.0
2023-07-07 14:30:00-04:00,17.549999237060547,17.579999923706055,17.43000030517578,17.469999313354492,20924,0.0,0.0
2023-07-07 15:30:00-04:00,17.450000762939453,17.450000762939453,17.31999969482422,17.3799991607666,29985,0.0,0.0
2023-07-10 09:30:00-04:00,17.399999618530273,18.280000686645508,17.399999618530273,18.209999084472656,81688,0.0,0.0
2023-07-10 10:30:00-04:00,18.200000762939453,18.200000762939453,17.94499969482422,18.020000457763672,28584,0.0,0.0
2023-07-10 11:30:00-04:00,18.03499984741211,18.03499984741211,17.829999923706055,17.889999389648438,34309,0.0,0.0
2023-07-10 12:30:00-04:00,17.889999389648438,17.989999771118164,17.81999969482422,17.940000534057617,26866,0.0,0.0
2023-07-10 13:30:00-04:00,17.93000030517578,17.959999084472656,17.860000610351562,17.875,28005,0.0,0.0
2023-07-10 14:30:00-04:00,17.8700008392334,17.950000762939453,17.809999465942383,17.950000762939453,31496,0.0,0.0
2023-07-10 15:30:00-04:00,17.950000762939453,18.06999969482422,17.950000762939453,18.06999969482422,55050,0.0,0.0
2023-07-11 09:30:00-04:00,18.18000030517578,18.290000915527344,17.989999771118164,18.1299991607666,83472,0.0,0.0
2023-07-11 10:30:00-04:00,18.1299991607666,18.149999618530273,17.959999084472656,17.969999313354492,86628,0.0,0.0
2023-07-11 11:30:00-04:00,17.979999542236328,18.049999237060547,17.959999084472656,18.0,24859,0.0,0.0
2023-07-11 12:30:00-04:00,18.0,18.0,17.959999084472656,17.959999084472656,16812,0.0,0.0
2023-07-11 13:30:00-04:00,17.979999542236328,18.014999389648438,17.950000762939453,17.950000762939453,21620,0.0,0.0
2023-07-11 14:30:00-04:00,17.959999084472656,18.020000457763672,17.959999084472656,18.0,33291,0.0,0.0
2023-07-11 15:30:00-04:00,18.0,18.18000030517578,18.0,18.18000030517578,78631,0.0,0.0
2023-07-12 09:30:00-04:00,18.709999084472656,19.200000762939453,18.700000762939453,19.049999237060547,179864,0.0,0.0
2023-07-12 10:30:00-04:00,19.100000381469727,19.260000228881836,19.049999237060547,19.15999984741211,77433,0.0,0.0
2023-07-12 11:30:00-04:00,19.1200008392334,19.1200008392334,18.940000534057617,19.030000686645508,75098,0.0,0.0
2023-07-12 12:30:00-04:00,19.024999618530273,19.170000076293945,19.024999618530273,19.139999389648438,20976,0.0,0.0
2023-07-12 13:30:00-04:00,19.1200008392334,19.139999389648438,19.049999237060547,19.06999969482422,13557,0.0,0.0
2023-07-12 14:30:00-04:00,19.06999969482422,19.100000381469727,19.0,19.040000915527344,19358,0.0,0.0
2023-07-12 15:30:00-04:00,19.010000228881836,19.014999389648438,18.90999984741211,18.93000030517578,25346,0.0,0.0
2023-07-13 09:30:00-04:00,19.299999237060547,20.239999771118164,19.200000762939453,19.649999618530273,309180,0.0,0.0
2023-07-13 10:30:00-04:00,19.649999618530273,19.799999237060547,19.610000610351562,19.790000915527344,89886,0.0,0.0
2023-07-13 11:30:00-04:00,19.795000076293945,19.989999771118164,19.760000228881836,19.959999084472656,58516,0.0,0.0
2023-07-13 12:30:00-04:00,19.959999084472656,19.959999084472656,19.649999618530273,19.790000915527344,43097,0.0,0.0
2023-07-13 13:30:00-04:00,19.790000915527344,19.829999923706055,19.780000686645508,19.829999923706055,28726,0.0,0.0
2023-07-13 14:30:00-04:00,19.809999465942383,19.8799991607666,19.540000915527344,19.854999542236328,107438,0.0,0.0
2023-07-13 15:30:00-04:00,19.854999542236328,19.920000076293945,19.610000610351562,19.700000762939453,83009,0.0,0.0
2023-07-14 09:30:00-04:00,19.5,19.809999465942383,19.329999923706055,19.43000030517578,112680,0.0,0.0
2023-07-14 10:30:00-04:00,19.489999771118164,19.530000686645508,19.260000228881836,19.375,55394,0.0,0.0
2023-07-14 11:30:00-04:00,19.360000610351562,19.385000228881836,19.149999618530273,19.149999618530273,75066,0.0,0.0
2023-07-14 12:30:00-04:00,19.149999618530273,19.290000915527344,19.149999618530273,19.290000915527344,12015,0.0,0.0
2023-07-14 13:30:00-04:00,19.295000076293945,19.295000076293945,19.229999542236328,19.235000610351562,9219,0.0,0.0
2023-07-14 14:30:00-04:00,19.235000610351562,19.309999465942383,19.209999084472656,19.260000228881836,12326,0.0,0.0
2023-07-14 15:30:00-04:00,19.260000228881836,19.34000015258789,19.235000610351562,19.34000015258789,29298,0.0,0.0
2023-07-17 09:30:00-04:00,19.190000534057617,19.530000686645508,19.149999618530273,19.459999084472656,55678,0.0,0.0
2023-07-17 10:30:00-04:00,19.4950008392334,19.4950008392334,19.100000381469727,19.110000610351562,85941,0.0,0.0
2023-07-17 11:30:00-04:00,19.075000762939453,19.309999465942383,19.04319953918457,19.270000457763672,21993,0.0,0.0
2023-07-17 12:30:00-04:00,19.264999389648438,19.290000915527344,19.149999618530273,19.15999984741211,19782,0.0,0.0
2023-07-17 13:30:00-04:00,19.155000686645508,19.260000228881836,19.155000686645508,19.239999771118164,16848,0.0,0.0
2023-07-17 14:30:00-04:00,19.239999771118164,19.3799991607666,19.219999313354492,19.31999969482422,21587,0.0,0.0
2023-07-17 15:30:00-04:00,19.31999969482422,19.530000686645508,19.309999465942383,19.489999771118164,55307,0.0,0.0
2023-07-18 09:30:00-04:00,19.3799991607666,19.709999084472656,18.96500015258789,19.045000076293945,71924,0.0,0.0
2023-07-18 10:30:00-04:00,19.045000076293945,19.09000015258789,18.969999313354492,18.969999313354492,36167,0.0,0.0
2023-07-18 11:30:00-04:00,18.979999542236328,19.024999618530273,18.799999237060547,18.8700008392334,39350,0.0,0.0
2023-07-18 12:30:00-04:00,18.920000076293945,19.049999237060547,18.860000610351562,19.010000228881836,16951,0.0,0.0
2023-07-18 13:30:00-04:00,19.020000457763672,19.049999237060547,18.94499969482422,18.979999542236328,23492,0.0,0.0
2023-07-18 14:30:00-04:00,18.979999542236328,19.079999923706055,18.93000030517578,19.014999389648438,19753,0.0,0.0
2023-07-18 15:30:00-04:00,19.010000228881836,19.149999618530273,18.989999771118164,19.049999237060547,67364,0.0,0.0
2023-07-19 09:30:00-04:00,19.139999389648438,19.600000381469727,19.139999389648438,19.469999313354492,25984,0.0,0.0
2023-07-19 10:30:00-04:00,19.479999542236328,19.520000457763672,19.34000015258789,19.389999389648438,25008,0.0,0.0
2023-07-19 11:30:00-04:00,19.43000030517578,19.43000030517578,19.202499389648438,19.202499389648438,16767,0.0,0.0
2023-07-19 12:30:00-04:00,19.21500015258789,19.219999313354492,19.110000610351562,19.137500762939453,6993,0.0,0.0
2023-07-19 13:30:00-04:00,19.155000686645508,19.239999771118164,19.155000686645508,19.170000076293945,5182,0.0,0.0
2023-07-19 14:30:00-04:00,19.229999542236328,19.399999618530273,19.225000381469727,19.3799991607666,11236,0.0,0.0
2023-07-19 15:30:00-04:00,19.399999618530273,19.459999084472656,19.350000381469727,19.459999084472656,34135,0.0,0.0
2023-07-20 09:30:00-04:00,19.209999084472656,19.3700008392334,18.814800262451172,18.934999465942383,78019,0.0,0.0
2023-07-20 10:30:00-04:00,18.93000030517578,19.0,18.889999389648438,18.959999084472656,24992,0.0,0.0
2023-07-20 11:30:00-04:00,18.940000534057617,18.940000534057617,18.860000610351562,18.90999984741211,22245,0.0,0.0
2023-07-20 12:30:00-04:00,18.90999984741211,18.920000076293945,18.84000015258789,18.899999618530273,19243,0.0,0.0
2023-07-20 13:30:00-04:00,18.899999618530273,19.040000915527344,18.899999618530273,19.0,35233,0.0,0.0
2023-07-20 14:30:00-04:00,18.989999771118164,19.079999923706055,18.969999313354492,18.979999542236328,25181,0.0,0.0
2023-07-20 15:30:00-04:00,19.0,19.020000457763672,18.959999084472656,19.0,38370,0.0,0.0
2023-07-21 09:30:00-04:00,19.100000381469727,19.235000610351562,18.889999389648438,18.899999618530273,42961,0.0,0.0
2023-07-21 10:30:00-04:00,18.895000457763672,18.90999984741211,18.780000686645508,18.889999389648438,36932,0.0,0.0
2023-07-21 11:30:00-04:00,18.889999389648438,18.950000762939453,18.854999542236328,18.93000030517578,20028,0.0,0.0
2023-07-21 12:30:00-04:00,18.950000762939453,18.950000762939453,18.770000457763672,18.790000915527344,14649,0.0,0.0
2023-07-21 13:30:00-04:00,18.799999237060547,18.799999237060547,18.559999465942383,18.584999084472656,14854,0.0,0.0
2023-07-21 14:30:00-04:00,18.59000015258789,18.709999084472656,18.579999923706055,18.65999984741211,12982,0.0,0.0
2023-07-21 15:30:00-04:00,18.655000686645508,18.690000534057617,18.594999313354492,18.649999618530273,12688,0.0,0.0
2023-07-24 09:30:00-04:00,18.549999237060547,18.649999618530273,18.139999389648438,18.329999923706055,29052,0.0,0.0
2023-07-24 10:30:00-04:00,18.329999923706055,19.389999389648438,18.165000915527344,19.235000610351562,91208,0.0,0.0
2023-07-24 11:30:00-04:00,19.235000610351562,19.5,19.235000610351562,19.450000762939453,41998,0.0,0.0
2023-07-24 12:30:00-04:00,19.450000762939453,19.5,19.353500366210938,19.399999618530273,13464,0.0,0.0
2023-07-24 13:30:00-04:00,19.375,19.5,19.19499969482422,19.200000762939453,31424,0.0,0.0
2023-07-24 14:30:00-04:00,19.200000762939453,19.239999771118164,19.06999969482422,19.190000534057617,11859,0.0,0.0
2023-07-24 15:30:00-04:00,19.200000762939453,19.299999237060547,19.149999618530273,19.280000686645508,24673,0.0,0.0
2023-07-25 09:30:00-04:00,19.700000762939453,20.100000381469727,19.100000381469727,19.375,151791,0.0,0.0
2023-07-25 10:30:00-04:00,19.3700008392334,19.56999969482422,19.280000686645508,19.350000381469727,37621,0.0,0.0
2023-07-25 11:30:00-04:00,19.360000610351562,19.389999389648438,19.204999923706055,19.2450008392334,22455,0.0,0.0
2023-07-25 12:30:00-04:00,19.2450008392334,19.459999084472656,19.2450008392334,19.440000534057617,18868,0.0,0.0
2023-07-25 13:30:00-04:00,19.459999084472656,19.540000915527344,19.415000915527344,19.440000534057617,25189,0.0,0.0
2023-07-25 14:30:00-04:00,19.440000534057617,19.459999084472656,19.399999618530273,19.420000076293945,20375,0.0,0.0
2023-07-25 15:30:00-04:00,19.434999465942383,19.459999084472656,19.389999389648438,19.440000534057617,41597,0.0,0.0
2023-07-26 09:30:00-04:00,19.309999465942383,19.84000015258789,19.309999465942383,19.649999618530273,58728,0.0,0.0
2023-07-26 10:30:00-04:00,19.65999984741211,19.709999084472656,19.59000015258789,19.670000076293945,48590,0.0,0.0
2023-07-26 11:30:00-04:00,19.65999984741211,19.665000915527344,19.440000534057617,19.479999542236328,53050,0.0,0.0
2023-07-26 12:30:00-04:00,19.479999542236328,19.549999237060547,19.459999084472656,19.520000457763672,28681,0.0,0.0
2023-07-26 13:30:00-04:00,19.514999389648438,19.6299991607666,19.489999771118164,19.6200008392334,38940,0.0,0.0
2023-07-26 14:30:00-04:00,19.6200008392334,19.639999389648438,19.469999313354492,19.530000686645508,43587,0.0,0.0
2023-07-26 15:30:00-04:00,19.530000686645508,19.600000381469727,19.479999542236328,19.56999969482422,39846,0.0,0.0
2023-07-27 09:30:00-04:00,19.920000076293945,19.969999313354492,19.434999465942383,19.579999923706055,95356,0.0,0.0
2023-07-27 10:30:00-04:00,19.56999969482422,19.65999984741211,19.329999923706055,19.440000534057617,38860,0.0,0.0
2023-07-27 11:30:00-04:00,19.415000915527344,19.579999923706055,19.415000915527344,19.510000228881836,26131,0.0,0.0
2023-07-27 12:30:00-04:00,19.5,19.549999237060547,19.360000610351562,19.440000534057617,22443,0.0,0.0
2023-07-27 13:30:00-04:00,19.440000534057617,19.459999084472656,19.315000534057617,19.315000534057617,17434,0.0,0.0
2023-07-27 14:30:00-04:00,19.299999237060547,19.299999237060547,19.200000762939453,19.200000762939453,24722,0.0,0.0
2023-07-27 15:30:00-04:00,19.200000762939453,19.219999313354492,19.059999465942383,19.149999618530273,15844,0.0,0.0
2023-07-28 09:30:00-04:00,20.100000381469727,20.729999542236328,19.110000610351562,20.565000534057617,485733,0.0,0.0
2023-07-28 10:30:00-04:00,20.56999969482422,21.0,20.450000762939453,20.969999313354492,232148,0.0,0.0
2023-07-28 11:30:00-04:00,20.969999313354492,21.0,20.65999984741211,20.825000762939453,110921,0.0,0.0
2023-07-28 12:30:00-04:00,20.799999237060547,20.825000762939453,20.600000381469727,20.700000762939453,28563,0.0,0.0
2023-07-28 13:30:00-04:00,20.700000762939453,20.81999969482422,20.65999984741211,20.790000915527344,30445,0.0,0.0
2023-07-28 14:30:00-04:00,20.799999237060547,20.799999237060547,20.670000076293945,20.690000534057617,30653,0.0,0.0
2023-07-28 15:30:00-04:00,20.690000534057617,20.780000686645508,20.489999771118164,20.549999237060547,44472,0.0,0.0
2023-07-31 09:30:00-04:00,21.0,21.209999084472656,20.030000686645508,20.649999618530273,300744,0.0,0.0
2023-07-31 10:30:00-04:00,20.700000762939453,20.700000762939453,20.40999984741211,20.485000610351562,42663,0.0,0.0
2023-07-31 11:30:00-04:00,20.5,20.530000686645508,20.344999313354492,20.350000381469727,47044,0.0,0.0
2023-07-31 12:30:00-04:00,20.3799991607666,20.600000381469727,20.3799991607666,20.520000457763672,24757,0.0,0.0
2023-07-31 13:30:00-04:00,20.540000915527344,20.540000915527344,20.454999923706055,20.489999771118164,25174,0.0,0.0
2023-07-31 14:30:00-04:00,20.4950008392334,20.4950008392334,20.3700008392334,20.399999618530273,18063,0.0,0.0
2023-07-31 15:30:00-04:00,20.395000457763672,20.399999618530273,20.229999542236328,20.25,40140,0.0,0.0
2023-08-01 09:30:00-04:00,20.010000228881836,20.420000076293945,19.809999465942383,20.199899673461914,110556,0.0,0.0
2023-08-01 10:30:00-04:00,20.145000457763672,20.329999923706055,19.969999313354492,20.0,63012,0.0,0.0
2023-08-01 11:30:00-04:00,20.0,20.079999923706055,19.950000762939453,20.045000076293945,36329,0.0,0.0
2023-08-01 12:30:00-04:00,20.040000915527344,20.06999969482422,19.905000686645508,19.954999923706055,21537,0.0,0.0
2023-08-01 13:30:00-04:00,20.0,20.0,19.90999984741211,19.915000915527344,18879,0.0,0.0
2023-08-01 14:30:00-04:00,19.915000915527344,19.979999542236328,19.899999618530273,19.95009994506836,20077,0.0,0.0
2023-08-01 15:30:00-04:00,19.95009994506836,20.059999465942383,19.93000030517578,20.049999237060547,19394,0.0,0.0
2023-08-02 09:30:00-04:00,19.68000030517578,20.200000762939453,19.610000610351562,19.954999923706055,77453,0.0,0.0
2023-08-02 10:30:00-04:00,19.950000762939453,19.989999771118164,19.540000915527344,19.709999084472656,120569,0.0,0.0
2023-08-02 11:30:00-04:00,19.71500015258789,19.75,19.655000686645508,19.68000030517578,32510,0.0,0.0
2023-08-02 12:30:00-04:00,19.68000030517578,19.915000915527344,19.68000030517578,19.889999389648438,15081,0.0,0.0
2023-08-02 13:30:00-04:00,19.8799991607666,19.950000762939453,19.850000381469727,19.920000076293945,17931,0.0,0.0
2023-08-02 14:30:00-04:00,19.920000076293945,20.0,19.899999618530273,19.989999771118164,34247,0.0,0.0
2023-08-02 15:30:00-04:00,19.979999542236328,20.1299991607666,19.94499969482422,20.059999465942383,102340,0.0,0.0
2023-08-03 09:30:00-04:00,20.290000915527344,20.940000534057617,20.280000686645508,20.639999389648438,229490,0.0,0.0
2023-08-03 10:30:00-04:00,20.639999389648438,20.8799991607666,20.59000015258789,20.799999237060547,111646,0.0,0.0
2023-08-03 11:30:00-04:00,20.815000534057617,21.139999389648438,20.780000686645508,21.139999389648438,267337,0.0,0.0
2023-08-03 12:30:00-04:00,21.139999389648438,21.3799991607666,21.1200008392334,21.34000015258789,110402,0.0,0.0
2023-08-03 13:30:00-04:00,21.354999542236328,21.40999984741211,21.229999542236328,21.315000534057617,116965,0.0,0.0
2023-08-03 14:30:00-04:00,21.30500030517578,21.30500030517578,21.0,21.18000030517578,82307,0.0,0.0
2023-08-03 15:30:00-04:00,21.190000534057617,21.200000762939453,20.989999771118164,21.0,77487,0.0,0.0
2023-08-04 09:30:00-04:00,20.920000076293945,21.0,20.510000228881836,20.81999969482422,61596,0.0,0.0
2023-08-04 10:30:00-04:00,20.770000457763672,20.84000015258789,20.5,20.59000015258789,40616,0.0,0.0
2023-08-04 11:30:00-04:00,20.579999923706055,20.829999923706055,20.53499984741211,20.795000076293945,24474,0.0,0.0
2023-08-04 12:30:00-04:00,20.795000076293945,21.049999237060547,20.760000228881836,20.950000762939453,84082,0.0,0.0
2023-08-04 13:30:00-04:00,20.969999313354492,21.049999237060547,20.969999313354492,21.049999237060547,54669,0.0,0.0
2023-08-04 14:30:00-04:00,21.049999237060547,21.149999618530273,20.985000610351562,21.040000915527344,84555,0.0,0.0
2023-08-04 15:30:00-04:00,21.010000228881836,21.15999984741211,20.81999969482422,21.079999923706055,130592,0.0,0.0
2023-08-07 09:30:00-04:00,21.040000915527344,21.040000915527344,20.510000228881836,20.780000686645508,86826,0.0,0.0
2023-08-07 10:30:00-04:00,20.809999465942383,20.969999313354492,20.795000076293945,20.899999618530273,33855,0.0,0.0
2023-08-07 11:30:00-04:00,20.899999618530273,20.959999084472656,20.829999923706055,20.899999618530273,47390,0.0,0.0
2023-08-07 12:30:00-04:00,20.899999618530273,21.0,20.809999465942383,20.899999618530273,81192,0.0,0.0
2023-08-07 13:30:00-04:00,20.920000076293945,21.0,20.899999618530273,20.959999084472656,69813,0.0,0.0
2023-08-07 14:30:00-04:00,21.0,21.0,20.940000534057617,21.0,43955,0.0,0.0
2023-08-07 15:30:00-04:00,21.0,21.0,20.940000534057617,21.0,36260,0.0,0.0
2023-08-08 09:30:00-04:00,20.770000457763672,20.959999084472656,20.549999237060547,20.719999313354492,57571,0.0,0.0
2023-08-08 10:30:00-04:00,20.780000686645508,20.8799991607666,20.610000610351562,20.81999969482422,20148,0.0,0.0
2023-08-08 11:30:00-04:00,20.809999465942383,20.84000015258789,20.700000762939453,20.760000228881836,21366,0.0,0.0
2023-08-08 12:30:00-04:00,20.760000228881836,20.875,20.75,20.834999084472656,29512,0.0,0.0
2023-08-08 13:30:00-04:00,20.84000015258789,21.0,20.834999084472656,20.989999771118164,52172,0.0,0.0
2023-08-08 14:30:00-04:00,20.979999542236328,21.0,20.959999084472656,20.959999084472656,27357,0.0,0.0
2023-08-08 15:30:00-04:00,20.969999313354492,21.030000686645508,20.959999084472656,21.0049991607666,80515,0.0,0.0
2023-08-09 09:30:00-04:00,21.030000686645508,21.030000686645508,20.329999923706055,20.899999618530273,83903,0.0,0.0
2023-08-09 10:30:00-04:00,20.81999969482422,21.110000610351562,20.799999237060547,21.06999969482422,136797,0.0,0.0
2023-08-09 11:30:00-04:00,21.06999969482422,21.06999969482422,20.950000762939453,21.020000457763672,36074,0.0,0.0
2023-08-09 12:30:00-04:00,21.030000686645508,21.06999969482422,20.934999465942383,20.975000381469727,61015,0.0,0.0
2023-08-09 13:30:00-04:00,21.0,21.06999969482422,20.90999984741211,21.059999465942383,11861,0.0,0.0
2023-08-09 14:30:00-04:00,21.040000915527344,21.209999084472656,21.030000686645508,21.19499969482422,169139,0.0,0.0
2023-08-09 15:30:00-04:00,21.190000534057617,21.209999084472656,21.06999969482422,21.149999618530273,154059,0.0,0.0
2023-08-10 09:30:00-04:00,21.209999084472656,21.405000686645508,20.8700008392334,21.405000686645508,300593,0.0,0.0
2023-08-10 10:30:00-04:00,21.405000686645508,21.450000762939453,21.219999313354492,21.2549991607666,116494,0.0,0.0
2023-08-10 11:30:00-04:00,21.260000228881836,21.40999984741211,21.200000762939453,21.290000915527344,225428,0.0,0.0
2023-08-10 12:30:00-04:00,21.280000686645508,21.3799991607666,21.264999389648438,21.325000762939453,31164,0.0,0.0
2023-08-10 13:30:00-04:00,21.299999237060547,21.360000610351562,21.239999771118164,21.329999923706055,20164,0.0,0.0
2023-08-10 14:30:00-04:00,21.329999923706055,21.329999923706055,21.209999084472656,21.299999237060547,51837,0.0,0.0
2023-08-10 15:30:00-04:00,21.299999237060547,21.299999237060547,21.200000762939453,21.219999313354492,57557,0.0,0.0
2023-08-11 09:30:00-04:00,20.760000228881836,21.0049991607666,20.760000228881836,20.790000915527344,58085,0.0,0.0
2023-08-11 10:30:00-04:00,20.825000762939453,20.829999923706055,20.715499877929688,20.735000610351562,20096,0.0,0.0
2023-08-11 11:30:00-04:00,20.735000610351562,20.795000076293945,20.709999084472656,20.790000915527344,17645,0.0,0.0
2023-08-11 12:30:00-04:00,20.790000915527344,20.889999389648438,20.7450008392334,20.864999771118164,19192,0.0,0.0
2023-08-11 13:30:00-04:00,20.8700008392334,20.899999618530273,20.854999542236328,20.875,8270,0.0,0.0
2023-08-11 14:30:00-04:00,20.875,20.889999389648438,20.84000015258789,20.864999771118164,14210,0.0,0.0
2023-08-11 15:30:00-04:00,20.864999771118164,21.0,20.864999771118164,20.959999084472656,70169,0.0,0.0
2023-08-14 09:30:00-04:00,20.700000762939453,20.700000762939453,19.975000381469727,20.399999618530273,60079,0.0,0.0
2023-08-14 10:30:00-04:00,20.420000076293945,20.7549991607666,20.415000915527344,20.68000030517578,34226,0.0,0.0
2023-08-14 11:30:00-04:00,20.670000076293945,20.690000534057617,20.520000457763672,20.670000076293945,36976,0.0,0.0
2023-08-14 12:30:00-04:00,20.649999618530273,20.8700008392334,20.649999618530273,20.850000381469727,25169,0.0,0.0
2023-08-14 13:30:00-04:00,20.799999237060547,20.895000457763672,20.770000457763672,20.8700008392334,28619,0.0,0.0
2023-08-14 14:30:00-04:00,20.864999771118164,20.920000076293945,20.81999969482422,20.850000381469727,32023,0.0,0.0
2023-08-14 15:30:00-04:00,20.850000381469727,20.8700008392334,20.760000228881836,20.860000610351562,32739,0.0,0.0
2023-08-15 09:30:00-04:00,20.860000610351562,20.959999084472656,20.684999465942383,20.684999465942383,33964,0.0,0.0
2023-08-15 10:30:00-04:00,20.7549991607666,20.920000076293945,20.640100479125977,20.895000457763672,21258,0.0,0.0
2023-08-15 11:30:00-04:00,20.895000457763672,20.920000076293945,20.75,20.864999771118164,14471,0.0,0.0
2023-08-15 12:30:00-04:00,20.864999771118164,20.959999084472656,20.80500030517578,20.905000686645508,48671,0.0,0.0
2023-08-15 13:30:00-04:00,20.8799991607666,20.899999618530273,20.795000076293945,20.795000076293945,6628,0.0,0.0
2023-08-15 14:30:00-04:00,20.809999465942383,20.969999313354492,20.80500030517578,20.959999084472656,16866,0.0,0.0
2023-08-15 15:30:00-04:00,20.959999084472656,21.0,20.889999389648438,20.90999984741211,91427,0.0,0.0
2023-08-16 09:30:00-04:00,20.5,20.739999771118164,19.979999542236328,20.389999389648438,78937,0.0,0.0
2023-08-16 10:30:00-04:00,20.360000610351562,20.90999984741211,20.350000381469727,20.579999923706055,105032,0.0,0.0
2023-08-16 11:30:00-04:00,20.545000076293945,20.899999618530273,20.510000228881836,20.899999618530273,68464,0.0,0.0
2023-08-16 12:30:00-04:00,20.885000228881836,20.950000762939453,20.84000015258789,20.950000762939453,48602,0.0,0.0
2023-08-16 13:30:00-04:00,20.950000762939453,20.950000762939453,20.809999465942383,20.950000762939453,46714,0.0,0.0
2023-08-16 14:30:00-04:00,20.940000534057617,20.950000762939453,20.84000015258789,20.889999389648438,31129,0.0,0.0
2023-08-16 15:30:00-04:00,20.860000610351562,20.889999389648438,20.670000076293945,20.75,60051,0.0,0.0
2023-08-17 09:30:00-04:00,21.889999389648438,22.25,20.670000076293945,22.219999313354492,468321,0.0,0.0
2023-08-17 10:30:00-04:00,22.21500015258789,22.5,21.520000457763672,22.299999237060547,297458,0.0,0.0
2023-08-17 11:30:00-04:00,22.290000915527344,23.0,22.020000457763672,22.190000534057617,244694,0.0,0.0
2023-08-17 12:30:00-04:00,22.239999771118164,22.31999969482422,21.979999542236328,22.200000762939453,87460,0.0,0.0
2023-08-17 13:30:00-04:00,22.200000762939453,22.75,22.18000030517578,22.3700008392334,181448,0.0,0.0
2023-08-17 14:30:00-04:00,22.3700008392334,22.3700008392334,21.950000762939453,22.030000686645508,55176,0.0,0.0
2023-08-17 15:30:00-04:00,22.014999389648438,22.09000015258789,21.989999771118164,22.010000228881836,85285,0.0,0.0
2023-08-18 09:30:00-04:00,21.0,21.139999389648438,19.889999389648438,20.219999313354492,422059,0.0,0.0
2023-08-18 10:30:00-04:00,20.190000534057617,20.309999465942383,19.84000015258789,20.0,163580,0.0,0.0
2023-08-18 11:30:00-04:00,20.0,20.09000015258789,19.809999465942383,20.09000015258789,79831,0.0,0.0
2023-08-18 12:30:00-04:00,20.04010009765625,20.190000534057617,19.709999084472656,19.815000534057617,44912,0.0,0.0
2023-08-18 13:30:00-04:00,19.780000686645508,20.030000686645508,19.780000686645508,19.899999618530273,34299,0.0,0.0
2023-08-18 14:30:00-04:00,19.920000076293945,20.079999923706055,19.899999618530273,20.06999969482422,48021,0.0,0.0
2023-08-18 15:30:00-04:00,20.06999969482422,20.15999984741211,19.975000381469727,20.15999984741211,333587,0.0,0.0
2023-08-21 09:30:00-04:00,20.15999984741211,20.349899291992188,19.850000381469727,20.040000915527344,233780,0.0,0.0
2023-08-21 10:30:00-04:00,20.010000228881836,20.200000762939453,19.989999771118164,20.200000762939453,98622,0.0,0.0
2023-08-21 11:30:00-04:00,20.200000762939453,20.450000762939453,20.190000534057617,20.434999465942383,79389,0.0,0.0
2023-08-21 12:30:00-04:00,20.434999465942383,20.769899368286133,20.350000381469727,20.75,72762,0.0,0.0
2023-08-21 13:30:00-04:00,20.729999542236328,20.75,20.31999969482422,20.350000381469727,47661,0.0,0.0
2023-08-21 14:30:00-04:00,20.354999542236328,20.424999237060547,20.270000457763672,20.325000762939453,36179,0.0,0.0
2023-08-21 15:30:00-04:00,20.325000762939453,20.350000381469727,20.290000915527344,20.329999923706055,52212,0.0,0.0
2023-08-22 09:30:00-04:00,20.809999465942383,20.889999389648438,20.469999313354492,20.510000228881836,148078,0.0,0.0
2023-08-22 10:30:00-04:00,20.5,20.575000762939453,20.3700008392334,20.3700008392334,116900,0.0,0.0
2023-08-22 11:30:00-04:00,20.360000610351562,20.739999771118164,20.360000610351562,20.479999542236328,81038,0.0,0.0
2023-08-22 12:30:00-04:00,20.5,20.549999237060547,20.43000030517578,20.479999542236328,38440,0.0,0.0
2023-08-22 13:30:00-04:00,20.4950008392334,20.600000381469727,20.43000030517578,20.5,98435,0.0,0.0
2023-08-22 14:30:00-04:00,20.510000228881836,20.559999465942383,20.40999984741211,20.489999771118164,43218,0.0,0.0
2023-08-22 15:30:00-04:00,20.469999313354492,20.559999465942383,20.450000762939453,20.5,62129,0.0,0.0
2023-08-23 09:30:00-04:00,20.6200008392334,20.670000076293945,20.360000610351562,20.440000534057617,73164,0.0,0.0
2023-08-23 10:30:00-04:00,20.440000534057617,20.75,20.3799991607666,20.559999465942383,77353,0.0,0.0
2023-08-23 11:30:00-04:00,20.559999465942383,20.850000381469727,20.510000228881836,20.770000457763672,109915,0.0,0.0
2023-08-23 12:30:00-04:00,20.735000610351562,20.739999771118164,20.639999389648438,20.690000534057617,41080,0.0,0.0
2023-08-23 13:30:00-04:00,20.68000030517578,20.790000915527344,20.670000076293945,20.700000762939453,35894,0.0,0.0
2023-08-23 14:30:00-04:00,20.700000762939453,20.7450008392334,20.690000534057617,20.700000762939453,52276,0.0,0.0
2023-08-23 15:30:00-04:00,20.700000762939453,20.739999771118164,20.65999984741211,20.700000762939453,90405,0.0,0.0
2023-08-24 09:30:00-04:00,21.020000457763672,21.020000457763672,20.59000015258789,20.690000534057617,243409,0.0,0.0
2023-08-24 10:30:00-04:00,20.690000534057617,20.899999618530273,20.690000534057617,20.7549991607666,310635,0.0,0.0
2023-08-24 11:30:00-04:00,20.74370002746582,20.829999923706055,20.739999771118164,20.75,195671,0.0,0.0
2023-08-24 12:30:00-04:00,20.75,20.790000915527344,20.6200008392334,20.639999389648438,142259,0.0,0.0
2023-08-24 13:30:00-04:00,20.639999389648438,20.649999618530273,20.579999923706055,20.6299991607666,25846,0.0,0.0
2023-08-24 14:30:00-04:00,20.6200008392334,20.719999313354492,20.610000610351562,20.655000686645508,27540,0.0,0.0
2023-08-24 15:30:00-04:00,20.655000686645508,20.65999984741211,20.40999984741211,20.43000030517578,71087,0.0,0.0
2023-08-25 09:30:00-04:00,20.790000915527344,20.790000915527344,19.31999969482422,19.485000610351562,108052,0.0,0.0
2023-08-25 10:30:00-04:00,19.510000228881836,19.850000381469727,19.31999969482422,19.614999771118164,172355,0.0,0.0
2023-08-25 11:30:00-04:00,19.639999389648438,19.649999618530273,19.43000030517578,19.614999771118164,56707,0.0,0.0
2023-08-25 12:30:00-04:00,19.614999771118164,19.614999771118164,19.389999389648438,19.530000686645508,62300,0.0,0.0
2023-08-25 13:30:00-04:00,19.520000457763672,19.59000015258789,19.479999542236328,19.524999618530273,77194,0.0,0.0
2023-08-25 14:30:00-04:00,19.5,19.670000076293945,19.489999771118164,19.510000228881836,56621,0.0,0.0
2023-08-25 15:30:00-04:00,19.520000457763672,19.530000686645508,19.34000015258789,19.389999389648438,80484,0.0,0.0
2023-08-28 09:30:00-04:00,19.469999313354492,19.6299991607666,19.325000762939453,19.479999542236328,118440,0.0,0.0
2023-08-28 10:30:00-04:00,19.5049991607666,19.68000030517578,19.399999618530273,19.405000686645508,57231,0.0,0.0
2023-08-28 11:30:00-04:00,19.415000915527344,19.678499221801758,19.40999984741211,19.650100708007812,106265,0.0,0.0
2023-08-28 12:30:00-04:00,19.650100708007812,19.650100708007812,19.5,19.530000686645508,34664,0.0,0.0
2023-08-28 13:30:00-04:00,19.5049991607666,19.520000457763672,19.481000900268555,19.510000228881836,31166,0.0,0.0
2023-08-28 14:30:00-04:00,19.510000228881836,19.600000381469727,19.485000610351562,19.600000381469727,21262,0.0,0.0
2023-08-28 15:30:00-04:00,19.584999084472656,19.600000381469727,19.434999465942383,19.469999313354492,51690,0.0,0.0
2023-08-29 09:30:00-04:00,19.68000030517578,20.100000381469727,19.600000381469727,19.905000686645508,319759,0.0,0.0
2023-08-29 10:30:00-04:00,19.90999984741211,20.059999465942383,19.8799991607666,19.979999542236328,164309,0.0,0.0
2023-08-29 11:30:00-04:00,19.975000381469727,20.049999237060547,19.84000015258789,19.934999465942383,96544,0.0,0.0
2023-08-29 12:30:00-04:00,19.940000534057617,19.989999771118164,19.825000762939453,19.850000381469727,45812,0.0,0.0
2023-08-29 13:30:00-04:00,19.850000381469727,19.889999389648438,19.799999237060547,19.850000381469727,64019,0.0,0.0
2023-08-29 14:30:00-04:00,19.829999923706055,19.889999389648438,19.760000228881836,19.848400115966797,190272,0.0,0.0
2023-08-29 15:30:00-04:00,19.850000381469727,19.885000228881836,19.760000228881836,19.790000915527344,132628,0.0,0.0
2023-08-30 09:30:00-04:00,20.190000534057617,20.8799991607666,19.795000076293945,19.86870002746582,312920,0.0,0.0
2023-08-30 10:30:00-04:00,19.860000610351562,19.99570083618164,19.540000915527344,19.610000610351562,118046,0.0,0.0
2023-08-30 11:30:00-04:00,19.56999969482422,19.889999389648438,19.469999313354492,19.799999237060547,132350,0.0,0.0
2023-08-30 12:30:00-04:00,19.829999923706055,19.899999618530273,19.742000579833984,19.81999969482422,30729,0.0,0.0
2023-08-30 13:30:00-04:00,19.825000762939453,19.848600387573242,19.7450008392334,19.7549991607666,27687,0.0,0.0
2023-08-30 14:30:00-04:00,19.780000686645508,19.84000015258789,19.739999771118164,19.764999389648438,32793,0.0,0.0
2023-08-30 15:30:00-04:00,19.764999389648438,19.770000457763672,19.459999084472656,19.469999313354492,127582,0.0,0.0
2023-08-31 09:30:00-04:00,19.5,19.5,18.81999969482422,19.170000076293945,140285,0.0,0.0
2023-08-31 10:30:00-04:00,19.161699295043945,19.325000762939453,19.1200008392334,19.25,85385,0.0,0.0
2023-08-31 11:30:00-04:00,19.239999771118164,19.5,19.235000610351562,19.469999313354492,77495,0.0,0.0
2023-08-31 12:30:00-04:00,19.489999771118164,19.600000381469727,19.469999313354492,19.510000228881836,54908,0.0,0.0
2023-08-31 13:30:00-04:00,19.510000228881836,19.520000457763672,19.459999084472656,19.520000457763672,43432,0.0,0.0
2023-08-31 14:30:00-04:00,19.520000457763672,19.549999237060547,19.344999313354492,19.350000381469727,68319,0.0,0.0
2023-08-31 15:30:00-04:00,19.3799991607666,19.440000534057617,19.344999313354492,19.440000534057617,57701,0.0,0.0
2023-09-01 09:30:00-04:00,19.770000457763672,19.896799087524414,19.270000457763672,19.896799087524414,0,0.0,0.0
2023-09-01 10:30:00-04:00,19.860000610351562,19.8700008392334,19.600000381469727,19.690000534057617,124442,0.0,0.0
2023-09-01 11:30:00-04:00,19.690000534057617,19.690000534057617,19.552499771118164,19.600000381469727,54787,0.0,0.0
2023-09-01 12:30:00-04:00,19.600000381469727,19.610000610351562,19.385000228881836,19.420000076293945,39162,0.0,0.0
2023-09-01 13:30:00-04:00,19.420000076293945,19.579999923706055,19.360000610351562,19.559999465942383,65092,0.0,0.0
2023-09-01 14:30:00-04:00,19.56999969482422,19.65999984741211,19.5,19.6200008392334,62561,0.0,0.0
2023-09-01 15:30:00-04:00,19.645000457763672,19.764999389648438,19.579999923706055,19.6200008392334,87254,0.0,0.0
2023-09-05 09:30:00-04:00,19.229999542236328,19.229999542236328,18.899999618530273,18.969999313354492,89350,0.0,0.0
2023-09-05 10:30:00-04:00,18.959999084472656,19.200000762939453,18.959999084472656,19.165000915527344,123906,0.0,0.0
2023-09-05 11:30:00-04:00,19.149999618530273,19.25,19.1200008392334,19.15999984741211,51054,0.0,0.0
2023-09-05 12:30:00-04:00,19.149999618530273,19.200000762939453,18.989999771118164,19.06999969482422,49744,0.0,0.0
2023-09-05 13:30:00-04:00,19.049999237060547,19.200000762939453,19.040000915527344,19.18000030517578,52719,0.0,0.0
2023-09-05 14:30:00-04:00,19.170000076293945,19.219999313354492,19.149999618530273,19.174999237060547,46760,0.0,0.0
2023-09-05 15:30:00-04:00,19.170000076293945,19.200000762939453,19.149999618530273,19.200000762939453,36512,0.0,0.0
2023-09-06 09:30:00-04:00,19.18000030517578,19.5,19.170000076293945,19.34000015258789,62982,0.0,0.0
2023-09-06 10:30:00-04:00,19.299999237060547,19.520000457763672,19.25,19.350000381469727,115797,0.0,0.0
2023-09-06 11:30:00-04:00,19.350000381469727,19.360000610351562,19.270000457763672,19.334999084472656,27399,0.0,0.0
2023-09-06 12:30:00-04:00,19.334999084472656,19.399999618530273,19.329999923706055,19.34000015258789,31437,0.0,0.0
2023-09-06 13:30:00-04:00,19.350000381469727,19.5,19.350000381469727,19.420000076293945,47891,0.0,0.0
2023-09-06 14:30:00-04:00,19.425800323486328,19.450000762939453,19.329999923706055,19.3700008392334,21310,0.0,0.0
2023-09-06 15:30:00-04:00,19.3700008392334,19.489999771118164,19.3700008392334,19.479999542236328,43929,0.0,0.0
2023-09-07 09:30:00-04:00,19.15999984741211,19.15999984741211,17.950000762939453,18.110000610351562,147876,0.0,0.0
2023-09-07 10:30:00-04:00,18.094999313354492,18.260000228881836,17.969999313354492,18.170000076293945,92004,0.0,0.0
2023-09-07 11:30:00-04:00,18.15999984741211,18.399999618530273,18.151100158691406,18.3799991607666,57985,0.0,0.0
2023-09-07 12:30:00-04:00,18.3799991607666,18.389999389648438,18.230100631713867,18.329999923706055,34445,0.0,0.0
2023-09-07 13:30:00-04:00,18.334999084472656,18.5,18.329999923706055,18.399999618530273,57008,0.0,0.0
2023-09-07 14:30:00-04:00,18.375,18.459999084472656,18.360000610351562,18.389999389648438,30817,0.0,0.0
2023-09-07 15:30:00-04:00,18.385000228881836,18.385000228881836,18.239999771118164,18.260000228881836,28102,0.0,0.0
2023-09-08 09:30:00-04:00,18.280000686645508,18.6299991607666,18.280000686645508,18.434999465942383,54804,0.0,0.0
2023-09-08 10:30:00-04:00,18.43000030517578,18.489999771118164,18.405000686645508,18.479999542236328,28101,0.0,0.0
2023-09-08 11:30:00-04:00,18.489999771118164,18.489999771118164,18.3799991607666,18.385000228881836,26670,0.0,0.0
2023-09-08 12:30:00-04:00,18.381399154663086,18.40999984741211,18.356300354003906,18.360000610351562,25585,0.0,0.0
2023-09-08 13:30:00-04:00,18.358999252319336,18.3799991607666,18.28499984741211,18.30500030517578,30416,0.0,0.0
2023-09-08 14:30:00-04:00,18.309999465942383,18.3799991607666,18.309999465942383,18.3700008392334,26078,0.0,0.0
2023-09-08 15:30:00-04:00,18.3700008392334,18.459999084472656,18.364999771118164,18.459999084472656,42993,0.0,0.0
2023-09-11 09:30:00-04:00,18.719999313354492,19.06999969482422,18.510000228881836,19.040000915527344,67467,0.0,0.0
2023-09-11 10:30:00-04:00,19.0,19.15999984741211,18.934999465942383,19.045000076293945,60798,0.0,0.0
2023-09-11 11:30:00-04:00,19.040000915527344,19.149999618530273,19.020000457763672,19.135000228881836,67185,0.0,0.0
2023-09-11 12:30:00-04:00,19.1299991607666,19.280000686645508,19.1299991607666,19.260000228881836,44124,0.0,0.0
2023-09-11 13:30:00-04:00,19.229999542236328,19.31999969482422,19.15999984741211,19.225000381469727,42684,0.0,0.0
2023-09-11 14:30:00-04:00,19.219999313354492,19.31999969482422,19.149999618530273,19.18000030517578,36260,0.0,0.0
2023-09-11 15:30:00-04:00,19.139999389648438,19.229999542236328,19.110000610351562,19.110000610351562,29250,0.0,0.0
2023-09-12 09:30:00-04:00,18.940000534057617,19.690000534057617,18.940000534057617,19.6200008392334,154597,0.0,0.0
2023-09-12 10:30:00-04:00,19.649999618530273,19.700000762939453,19.34000015258789,19.510000228881836,84770,0.0,0.0
2023-09-12 11:30:00-04:00,19.5,19.739999771118164,19.5,19.710100173950195,100346,0.0,0.0
2023-09-12 12:30:00-04:00,19.739999771118164,19.829999923706055,19.719999313354492,19.75,84906,0.0,0.0
2023-09-12 13:30:00-04:00,19.751800537109375,19.751800537109375,19.559999465942383,19.600000381469727,102123,0.0,0.0
2023-09-12 14:30:00-04:00,19.600000381469727,19.649999618530273,19.570199966430664,19.6200008392334,88455,0.0,0.0
2023-09-12 15:30:00-04:00,19.635000228881836,19.635000228881836,19.530000686645508,19.549999237060547,86625,0.0,0.0
2023-09-13 09:30:00-04:00,19.540000915527344,19.540000915527344,19.280000686645508,19.440000534057617,29334,0.0,0.0
2023-09-13 10:30:00-04:00,19.399999618530273,19.440000534057617,19.239999771118164,19.43000030517578,55659,0.0,0.0
2023-09-13 11:30:00-04:00,19.405000686645508,19.540000915527344,19.389999389648438,19.520000457763672,51462,0.0,0.0
2023-09-13 12:30:00-04:00,19.510000228881836,19.579999923706055,19.450000762939453,19.579999923706055,49543,0.0,0.0
2023-09-13 13:30:00-04:00,19.579999923706055,19.579999923706055,19.399999618530273,19.420000076293945,32501,0.0,0.0
2023-09-13 14:30:00-04:00,19.399999618530273,19.450000762939453,19.389999389648438,19.43000030517578,23161,0.0,0.0
2023-09-13 15:30:00-04:00,19.43000030517578,19.440000534057617,19.270000457763672,19.299999237060547,50157,0.0,0.0
2023-09-14 09:30:00-04:00,19.40999984741211,19.56999969482422,19.350000381469727,19.46500015258789,0,0.0,0.0
2023-09-14 10:30:00-04:00,19.44499969482422,19.489999771118164,19.399999618530273,19.450000762939453,46580,0.0,0.0
2023-09-14 11:30:00-04:00,19.440000534057617,19.459999084472656,19.40999984741211,19.450000762939453,25991,0.0,0.0
2023-09-14 12:30:00-04:00,19.450000762939453,19.5,19.440000534057617,19.451200485229492,24337,0.0,0.0
2023-09-14 13:30:00-04:00,19.451200485229492,19.479999542236328,19.420000076293945,19.420000076293945,28237,0.0,0.0
2023-09-14 14:30:00-04:00,19.43000030517578,19.5,19.424999237060547,19.5,18485,0.0,0.0
2023-09-14 15:30:00-04:00,19.485000610351562,19.5,19.430999755859375,19.479999542236328,38775,0.0,0.0
2023-09-15 09:30:00-04:00,19.5,19.575000762939453,19.420000076293945,19.489999771118164,37940,0.0,0.0
2023-09-15 10:30:00-04:00,19.489999771118164,19.489999771118164,19.434900283813477,19.46500015258789,37991,0.0,0.0
2023-09-15 11:30:00-04:00,19.459999084472656,19.489999771118164,19.440000534057617,19.489999771118164,20637,0.0,0.0
2023-09-15 12:30:00-04:00,19.479999542236328,19.479999542236328,19.375,19.389999389648438,19112,0.0,0.0
2023-09-15 13:30:00-04:00,19.399999618530273,19.43000030517578,19.350000381469727,19.3799991607666,23536,0.0,0.0
2023-09-15 14:30:00-04:00,19.3799991607666,19.450000762939453,19.360000610351562,19.450000762939453,27641,0.0,0.0
2023-09-15 15:30:00-04:00,19.459999084472656,19.5,19.3799991607666,19.5,52260,0.0,0.0
2023-09-18 09:30:00-04:00,19.799999237060547,19.799999237060547,19.209999084472656,19.5,72778,0.0,0.0
2023-09-18 10:30:00-04:00,19.5,19.514999389648438,19.41160011291504,19.479999542236328,13955,0.0,0.0
2023-09-18 11:30:00-04:00,19.5,19.549999237060547,19.459999084472656,19.524999618530273,39505,0.0,0.0
2023-09-18 12:30:00-04:00,19.540000915527344,19.639999389648438,19.510000228881836,19.59000015258789,48582,0.0,0.0
2023-09-18 13:30:00-04:00,19.600000381469727,19.600000381469727,19.559999465942383,19.600000381469727,17110,0.0,0.0
2023-09-18 14:30:00-04:00,19.600000381469727,19.600000381469727,19.549999237060547,19.579999923706055,21424,0.0,0.0
2023-09-18 15:30:00-04:00,19.56999969482422,19.579999923706055,19.510000228881836,19.530000686645508,85948,0.0,0.0
2023-09-19 09:30:00-04:00,19.530000686645508,19.530000686645508,18.90999984741211,18.950000762939453,66514,0.0,0.0
2023-09-19 10:30:00-04:00,18.950000762939453,19.170000076293945,18.950000762939453,19.139999389648438,21475,0.0,0.0
2023-09-19 11:30:00-04:00,19.1299991607666,19.260000228881836,19.05500030517578,19.260000228881836,30817,0.0,0.0
2023-09-19 12:30:00-04:00,19.260000228881836,19.290000915527344,19.18000030517578,19.280000686645508,13507,0.0,0.0
2023-09-19 13:30:00-04:00,19.280000686645508,19.389999389648438,19.264999389648438,19.389999389648438,9488,0.0,0.0
2023-09-19 14:30:00-04:00,19.3700008392334,19.440000534057617,19.329999923706055,19.350000381469727,11127,0.0,0.0
2023-09-19 15:30:00-04:00,19.344999313354492,19.420000076293945,19.31999969482422,19.350000381469727,45000,0.0,0.0
2023-09-20 09:30:00-04:00,19.329999923706055,19.489999771118164,19.010000228881836,19.389999389648438,72715,0.0,0.0
2023-09-20 10:30:00-04:00,19.350000381469727,19.489999771118164,19.350000381469727,19.489999771118164,28909,0.0,0.0
2023-09-20 11:30:00-04:00,19.489999771118164,19.489999771118164,19.450000762939453,19.469999313354492,17446,0.0,0.0
2023-09-20 12:30:00-04:00,19.469999313354492,19.489999771118164,19.440000534057617,19.489999771118164,21486,0.0,0.0
2023-09-20 13:30:00-04:00,19.479999542236328,19.489999771118164,19.389999389648438,19.489999771118164,15880,0.0,0.0
2023-09-20 14:30:00-04:00,19.489999771118164,19.489999771118164,19.43000030517578,19.489999771118164,22130,0.0,0.0
2023-09-20 15:30:00-04:00,19.479999542236328,19.489999771118164,19.229999542236328,19.229999542236328,37829,0.0,0.0
2023-09-21 09:30:00-04:00,18.899999618530273,19.059999465942383,18.65999984741211,18.780000686645508,43802,0.0,0.0
2023-09-21 10:30:00-04:00,18.799999237060547,18.815000534057617,18.729999542236328,18.799999237060547,11540,0.0,0.0
2023-09-21 11:30:00-04:00,18.760000228881836,18.798999786376953,18.674999237060547,18.674999237060547,12598,0.0,0.0
2023-09-21 12:30:00-04:00,18.649999618530273,18.67530059814453,18.549999237060547,18.665000915527344,35207,0.0,0.0
2023-09-21 13:30:00-04:00,18.665000915527344,18.665000915527344,18.600000381469727,18.600000381469727,10689,0.0,0.0
2023-09-21 14:30:00-04:00,18.6299991607666,18.6299991607666,18.3700008392334,18.3700008392334,22491,0.0,0.0
2023-09-21 15:30:00-04:00,18.3799991607666,18.420000076293945,18.190000534057617,18.20800018310547,30804,0.0,0.0
2023-09-22 09:30:00-04:00,18.889999389648438,18.989999771118164,18.549999237060547,18.809999465942383,35308,0.0,0.0
2023-09-22 10:30:00-04:00,18.81999969482422,18.93000030517578,18.649999618530273,18.69499969482422,44271,0.0,0.0
2023-09-22 11:30:00-04:00,18.65999984741211,18.709999084472656,18.6299991607666,18.6299991607666,24946,0.0,0.0
2023-09-22 12:30:00-04:00,18.6299991607666,18.729999542236328,18.6299991607666,18.709999084472656,34020,0.0,0.0
2023-09-22 13:30:00-04:00,18.704999923706055,18.704999923706055,18.610000610351562,18.635000228881836,24202,0.0,0.0
2023-09-22 14:30:00-04:00,18.6299991607666,18.649999618530273,18.559999465942383,18.610000610351562,18589,0.0,0.0
2023-09-22 15:30:00-04:00,18.639999389648438,18.649999618530273,18.579999923706055,18.600000381469727,40394,0.0,0.0
2023-09-25 09:30:00-04:00,18.360000610351562,18.579999923706055,18.010000228881836,18.530000686645508,77395,0.0,0.0
2023-09-25 10:30:00-04:00,18.530000686645508,18.549999237060547,18.219999313354492,18.399999618530273,51339,0.0,0.0
2023-09-25 11:30:00-04:00,18.399999618530273,18.549999237060547,18.229999542236328,18.450000762939453,71446,0.0,0.0
2023-09-25 12:30:00-04:00,18.399999618530273,18.415000915527344,18.30500030517578,18.30500030517578,10626,0.0,0.0
2023-09-25 13:30:00-04:00,18.299999237060547,18.485000610351562,18.299999237060547,18.395000457763672,22961,0.0,0.0
2023-09-25 14:30:00-04:00,18.3799991607666,18.434999465942383,18.360000610351562,18.389999389648438,47470,0.0,0.0
2023-09-25 15:30:00-04:00,18.399999618530273,18.440000534057617,18.3700008392334,18.389999389648438,85962,0.0,0.0
2023-09-26 09:30:00-04:00,18.459999084472656,18.729999542236328,18.06999969482422,18.70599937438965,124991,0.0,0.0
2023-09-26 10:30:00-04:00,18.709999084472656,18.790000915527344,18.6200008392334,18.75,50067,0.0,0.0
2023-09-26 11:30:00-04:00,18.75,18.889999389648438,18.729999542236328,18.8700008392334,65468,0.0,0.0
2023-09-26 12:30:00-04:00,18.8799991607666,18.979999542236328,18.860000610351562,18.959999084472656,41070,0.0,0.0
2023-09-26 13:30:00-04:00,18.920000076293945,18.950000762939453,18.860000610351562,18.895000457763672,32868,0.0,0.0
2023-09-26 14:30:00-04:00,18.90999984741211,18.940000534057617,18.790000915527344,18.864999771118164,42561,0.0,0.0
2023-09-26 15:30:00-04:00,18.8799991607666,18.899999618530273,18.670000076293945,18.700000762939453,58041,0.0,0.0
2023-09-27 09:30:00-04:00,18.75,18.75,18.139999389648438,18.239999771118164,0,0.0,0.0
2023-09-27 10:30:00-04:00,18.34000015258789,18.4950008392334,18.295000076293945,18.4950008392334,15889,0.0,0.0
2023-09-27 11:30:00-04:00,18.454999923706055,18.454999923706055,18.270000457763672,18.34000015258789,24634,0.0,0.0
2023-09-27 12:30:00-04:00,18.360000610351562,18.360000610351562,18.25,18.309999465942383,20733,0.0,0.0
2023-09-27 13:30:00-04:00,18.290000915527344,18.399999618530273,18.25,18.399999618530273,13660,0.0,0.0
2023-09-27 14:30:00-04:00,18.399999618530273,18.579999923706055,18.3700008392334,18.579999923706055,21840,0.0,0.0
2023-09-27 15:30:00-04:00,18.549999237060547,18.579999923706055,18.469999313354492,18.479999542236328,14657,0.0,0.0
2023-09-28 09:30:00-04:00,18.270000457763672,18.75,18.260000228881836,18.6200008392334,80393,0.0,0.0
2023-09-28 10:30:00-04:00,18.604999542236328,18.780000686645508,18.520000457763672,18.65999984741211,48331,0.0,0.0
2023-09-28 11:30:00-04:00,18.709999084472656,18.709999084472656,18.520000457763672,18.56999969482422,28800,0.0,0.0
2023-09-28 12:30:00-04:00,18.520000457763672,18.59000015258789,18.510000228881836,18.549999237060547,20058,0.0,0.0
2023-09-28 13:30:00-04:00,18.540000915527344,18.639999389648438,18.530000686645508,18.6200008392334,54059,0.0,0.0
2023-09-28 14:30:00-04:00,18.600000381469727,18.799999237060547,18.579999923706055,18.760000228881836,64951,0.0,0.0
2023-09-28 15:30:00-04:00,18.7549991607666,18.780000686645508,18.670000076293945,18.760000228881836,80905,0.0,0.0
2023-09-29 09:30:00-04:00,19.149999618530273,19.25,18.979999542236328,18.985000610351562,133479,0.0,0.0
2023-09-29 10:30:00-04:00,19.00790023803711,19.06999969482422,18.940000534057617,19.049999237060547,24825,0.0,0.0
2023-09-29 11:30:00-04:00,19.049999237060547,19.149999618530273,18.989999771118164,19.024999618530273,25662,0.0,0.0
2023-09-29 12:30:00-04:00,19.040000915527344,19.079999923706055,18.979999542236328,19.010000228881836,29325,0.0,0.0
2023-09-29 13:30:00-04:00,19.020000457763672,19.049999237060547,18.799999237060547,18.850000381469727,34700,0.0,0.0
2023-09-29 14:30:00-04:00,18.850000381469727,18.8700008392334,18.799999237060547,18.84000015258789,25507,0.0,0.0
2023-09-29 15:30:00-04:00,18.860000610351562,18.860000610351562,18.780000686645508,18.84000015258789,33435,0.0,0.0
2023-10-02 09:30:00-04:00,18.899999618530273,19.25,18.770000457763672,18.950000762939453,14349,0.0,0.0
2023-10-02 10:30:00-04:00,18.920000076293945,18.989999771118164,18.639999389648438,18.65999984741211,19103,0.0,0.0
2023-10-02 11:30:00-04:00,18.65999984741211,18.770000457763672,18.639999389648438,18.700000762939453,17159,0.0,0.0
2023-10-02 12:30:00-04:00,18.700000762939453,18.764999389648438,18.530000686645508,18.530000686645508,17371,0.0,0.0
2023-10-02 13:30:00-04:00,18.530000686645508,18.6299991607666,18.520000457763672,18.56999969482422,20845,0.0,0.0
2023-10-02 14:30:00-04:00,18.559999465942383,18.600000381469727,18.510000228881836,18.592500686645508,23570,0.0,0.0
2023-10-02 15:30:00-04:00,18.584999084472656,18.649999618530273,18.540000915527344,18.6299991607666,46100,0.0,0.0
2023-10-03 09:30:00-04:00,18.290000915527344,18.56999969482422,18.219999313354492,18.270000457763672,21152,0.0,0.0
2023-10-03 10:30:00-04:00,18.280000686645508,18.350000381469727,18.25,18.25,18528,0.0,0.0
2023-10-03 11:30:00-04:00,18.350000381469727,18.389999389648438,18.34000015258789,18.3700008392334,2767,0.0,0.0
2023-10-03 12:30:00-04:00,18.399999618530273,18.399999618530273,18.329999923706055,18.329999923706055,4873,0.0,0.0
2023-10-03 13:30:00-04:00,18.309999465942383,18.327299118041992,18.239999771118164,18.290000915527344,9001,0.0,0.0
2023-10-03 14:30:00-04:00,18.271499633789062,18.34000015258789,18.25,18.25,6163,0.0,0.0
2023-10-03 15:30:00-04:00,18.290000915527344,18.290000915527344,18.239999771118164,18.260000228881836,30335,0.0,0.0
2023-10-04 09:30:00-04:00,18.239999771118164,18.479999542236328,18.239999771118164,18.389999389648438,0,0.0,0.0
2023-10-04 10:30:00-04:00,18.354999542236328,18.56999969482422,18.3125,18.510000228881836,52114,0.0,0.0
2023-10-04 11:30:00-04:00,18.56999969482422,18.56999969482422,18.360000610351562,18.440000534057617,27092,0.0,0.0
2023-10-04 12:30:00-04:00,18.479999542236328,18.489999771118164,18.299999237060547,18.299999237060547,14965,0.0,0.0
2023-10-04 13:30:00-04:00,18.360000610351562,18.360000610351562,18.200000762939453,18.204999923706055,7503,0.0,0.0
2023-10-04 14:30:00-04:00,18.18000030517578,18.260000228881836,18.18000030517578,18.18000030517578,9392,0.0,0.0
2023-10-04 15:30:00-04:00,18.170000076293945,18.190000534057617,18.100000381469727,18.139999389648438,14627,0.0,0.0
2023-10-05 09:30:00-04:00,18.15999984741211,18.18000030517578,17.65999984741211,17.959999084472656,41400,0.0,0.0
2023-10-05 10:30:00-04:00,17.959999084472656,17.959999084472656,17.729999542236328,17.75,25368,0.0,0.0
2023-10-05 11:30:00-04:00,17.739999771118164,17.920000076293945,17.68000030517578,17.799999237060547,27839,0.0,0.0
2023-10-05 12:30:00-04:00,17.809999465942383,17.829999923706055,17.690000534057617,17.739999771118164,14898,0.0,0.0
2023-10-05 13:30:00-04:00,17.739999771118164,17.829999923706055,17.739999771118164,17.739999771118164,16626,0.0,0.0
2023-10-05 14:30:00-04:00,17.75,17.84000015258789,17.75,17.829999923706055,19249,0.0,0.0
2023-10-05 15:30:00-04:00,17.81999969482422,17.889999389648438,17.729999542236328,17.739999771118164,51424,0.0,0.0
2023-10-06 09:30:00-04:00,17.700000762939453,17.90999984741211,17.649999618530273,17.81999969482422,30967,0.0,0.0
2023-10-06 10:30:00-04:00,17.860000610351562,18.06999969482422,17.850000381469727,18.010000228881836,88446,0.0,0.0
2023-10-06 11:30:00-04:00,18.020000457763672,18.06999969482422,17.989999771118164,18.0049991607666,87824,0.0,0.0
2023-10-06 12:30:00-04:00,18.0,18.239999771118164,17.979999542236328,17.9950008392334,93471,0.0,0.0
2023-10-06 13:30:00-04:00,18.0049991607666,18.100000381469727,17.979999542236328,18.010000228881836,105105,0.0,0.0
2023-10-06 14:30:00-04:00,18.0,18.0,17.760000228881836,17.790000915527344,86155,0.0,0.0
2023-10-06 15:30:00-04:00,17.799999237060547,17.969999313354492,17.790000915527344,17.815000534057617,87726,0.0,0.0
2023-10-09 09:30:00-04:00,17.649999618530273,17.649999618530273,16.34000015258789,16.600000381469727,0,0.0,0.0
2023-10-09 10:30:00-04:00,16.610000610351562,16.940000534057617,16.479999542236328,16.940000534057617,88842,0.0,0.0
2023-10-09 11:30:00-04:00,16.93000030517578,17.040000915527344,16.790000915527344,17.040000915527344,52031,0.0,0.0
2023-10-09 12:30:00-04:00,17.030000686645508,17.06999969482422,17.0,17.049999237060547,26187,0.0,0.0
2023-10-09 13:30:00-04:00,17.040000915527344,17.139999389648438,17.020000457763672,17.139999389648438,37161,0.0,0.0
2023-10-09 14:30:00-04:00,17.110000610351562,17.149999618530273,17.06999969482422,17.09000015258789,43307,0.0,0.0
2023-10-09 15:30:00-04:00,17.079999923706055,17.270000457763672,17.079999923706055,17.139999389648438,114281,0.0,0.0
2023-10-10 09:30:00-04:00,17.3799991607666,18.020000457763672,17.360000610351562,17.94499969482422,0,0.0,0.0
2023-10-10 10:30:00-04:00,17.94499969482422,18.059999465942383,17.81999969482422,17.864999771118164,48061,0.0,0.0
2023-10-10 11:30:00-04:00,17.850000381469727,18.09000015258789,17.850000381469727,18.049999237060547,27764,0.0,0.0
2023-10-10 12:30:00-04:00,18.049999237060547,18.110000610351562,18.010000228881836,18.110000610351562,41667,0.0,0.0
2023-10-10 13:30:00-04:00,18.110000610351562,18.139999389648438,18.040000915527344,18.040000915527344,23418,0.0,0.0
2023-10-10 14:30:00-04:00,18.030000686645508,18.18000030517578,18.030000686645508,18.139999389648438,21930,0.0,0.0
2023-10-10 15:30:00-04:00,18.139999389648438,18.190000534057617,18.030000686645508,18.040000915527344,45810,0.0,0.0
2023-10-11 09:30:00-04:00,18.149999618530273,18.46500015258789,17.8799991607666,18.1200008392334,95603,0.0,0.0
2023-10-11 10:30:00-04:00,18.139999389648438,18.350000381469727,18.110000610351562,18.165000915527344,50972,0.0,0.0
2023-10-11 11:30:00-04:00,18.170000076293945,18.219999313354492,17.920000076293945,17.979999542236328,62194,0.0,0.0
2023-10-11 12:30:00-04:00,17.93000030517578,18.15999984741211,17.93000030517578,18.059999465942383,44959,0.0,0.0
2023-10-11 13:30:00-04:00,18.049999237060547,18.200000762939453,18.049999237060547,18.15999984741211,25033,0.0,0.0
2023-10-11 14:30:00-04:00,18.174999237060547,18.209999084472656,18.1299991607666,18.184999465942383,29751,0.0,0.0
2023-10-11 15:30:00-04:00,18.184999465942383,18.219999313354492,18.094999313354492,18.149999618530273,78488,0.0,0.0
2023-10-12 09:30:00-04:00,18.270000457763672,18.270000457763672,17.8700008392334,17.959999084472656,15771,0.0,0.0
2023-10-12 10:30:00-04:00,17.950000762939453,17.9950008392334,17.829999923706055,17.969999313354492,5764,0.0,0.0
2023-10-12 11:30:00-04:00,17.96500015258789,17.989999771118164,17.885000228881836,17.885000228881836,18531,0.0,0.0
2023-10-12 12:30:00-04:00,17.920000076293945,17.94499969482422,17.75,17.75,9405,0.0,0.0
2023-10-12 13:30:00-04:00,17.790000915527344,17.790000915527344,17.6299991607666,17.770000457763672,11385,0.0,0.0
2023-10-12 14:30:00-04:00,17.760000228881836,17.81999969482422,17.71500015258789,17.770000457763672,11412,0.0,0.0
2023-10-12 15:30:00-04:00,17.799999237060547,17.8700008392334,17.760000228881836,17.8700008392334,44773,0.0,0.0
2023-10-13 09:30:00-04:00,17.899999618530273,18.1299991607666,17.719999313354492,18.0,25975,0.0,0.0
2023-10-13 10:30:00-04:00,18.05500030517578,18.139999389648438,18.003999710083008,18.059999465942383,34136,0.0,0.0
2023-10-13 11:30:00-04:00,18.059999465942383,18.110000610351562,17.989999771118164,18.014999389648438,25750,0.0,0.0
2023-10-13 12:30:00-04:00,17.989999771118164,18.110000610351562,17.920000076293945,18.100000381469727,20567,0.0,0.0
2023-10-13 13:30:00-04:00,18.114999771118164,18.135000228881836,18.0,18.0,26163,0.0,0.0
2023-10-13 14:30:00-04:00,18.040000915527344,18.059999465942383,17.989999771118164,18.05500030517578,24604,0.0,0.0
2023-10-13 15:30:00-04:00,18.059999465942383,18.100000381469727,17.969999313354492,18.100000381469727,64861,0.0,0.0
2023-10-16 09:30:00-04:00,18.100000381469727,18.34000015258789,17.820100784301758,18.329999923706055,0,0.0,0.0
2023-10-16 10:30:00-04:00,18.329999923706055,18.420000076293945,18.26020050048828,18.420000076293945,26457,0.0,0.0
2023-10-16 11:30:00-04:00,18.420000076293945,18.440000534057617,18.350000381469727,18.395000457763672,17499,0.0,0.0
2023-10-16 12:30:00-04:00,18.399999618530273,18.920000076293945,18.399999618530273,18.920000076293945,53872,0.0,0.0
2023-10-16 13:30:00-04:00,18.899999618530273,18.989999771118164,18.799999237060547,18.8799991607666,40966,0.0,0.0
2023-10-16 14:30:00-04:00,18.875,18.90999984741211,18.65999984741211,18.68000030517578,73538,0.0,0.0
2023-10-16 15:30:00-04:00,18.68000030517578,18.719999313354492,18.6200008392334,18.700000762939453,77232,0.0,0.0
2023-10-17 09:30:00-04:00,18.5,19.290000915527344,18.5,19.114999771118164,47347,0.0,0.0
2023-10-17 10:30:00-04:00,19.06999969482422,19.110000610351562,18.739999771118164,18.8700008392334,23322,0.0,0.0
2023-10-17 11:30:00-04:00,18.864999771118164,19.07990074157715,18.864999771118164,18.950000762939453,35196,0.0,0.0
2023-10-17 12:30:00-04:00,18.959999084472656,19.059999465942383,18.950000762939453,19.0,22815,0.0,0.0
2023-10-17 13:30:00-04:00,19.0,19.059999465942383,18.96500015258789,19.020000457763672,22008,0.0,0.0
2023-10-17 14:30:00-04:00,19.010000228881836,19.049999237060547,18.979999542236328,19.049999237060547,21881,0.0,0.0
2023-10-17 15:30:00-04:00,19.045000076293945,19.079999923706055,19.0,19.049999237060547,24688,0.0,0.0
2023-10-18 09:30:00-04:00,18.809999465942383,19.1200008392334,18.809999465942383,19.100000381469727,0,0.0,0.0
2023-10-18 10:30:00-04:00,19.06999969482422,19.225000381469727,18.979999542236328,19.15999984741211,17167,0.0,0.0
2023-10-18 11:30:00-04:00,19.18000030517578,19.190000534057617,19.0,19.030000686645508,14128,0.0,0.0
2023-10-18 12:30:00-04:00,19.040000915527344,19.040000915527344,18.950000762939453,18.950000762939453,13894,0.0,0.0
2023-10-18 13:30:00-04:00,18.920000076293945,18.989999771118164,18.8700008392334,18.969999313354492,12395,0.0,0.0
2023-10-18 14:30:00-04:00,18.979999542236328,18.979999542236328,18.809999465942383,18.809999465942383,10898,0.0,0.0
2023-10-18 15:30:00-04:00,18.81999969482422,18.8700008392334,18.75,18.84000015258789,19796,0.0,0.0
2023-10-19 09:30:00-04:00,18.510000228881836,18.510000228881836,18.280000686645508,18.280000686645508,6308,0.0,0.0
2023-10-19 10:30:00-04:00,18.209999084472656,18.209999084472656,17.93000030517578,17.940000534057617,29843,0.0,0.0
2023-10-19 11:30:00-04:00,17.940000534057617,18.389999389648438,17.934999465942383,18.360000610351562,19145,0.0,0.0
2023-10-19 12:30:00-04:00,18.360000610351562,18.559999465942383,18.25,18.530000686645508,9796,0.0,0.0
2023-10-19 13:30:00-04:00,18.520000457763672,18.520000457763672,18.360000610351562,18.40999984741211,14052,0.0,0.0
2023-10-19 14:30:00-04:00,18.389999389648438,18.43000030517578,18.299999237060547,18.350000381469727,16815,0.0,0.0
2023-10-19 15:30:00-04:00,18.34000015258789,18.34000015258789,18.270000457763672,18.290000915527344,50010,0.0,0.0
2023-10-20 09:30:00-04:00,18.239999771118164,18.479999542236328,17.780000686645508,18.450000762939453,12276,0.0,0.0
2023-10-20 10:30:00-04:00,18.43000030517578,18.43000030517578,18.280000686645508,18.309999465942383,16344,0.0,0.0
2023-10-20 11:30:00-04:00,18.309999465942383,18.389999389648438,18.290000915527344,18.350000381469727,15267,0.0,0.0
2023-10-20 12:30:00-04:00,18.329999923706055,18.450000762939453,18.309999465942383,18.399999618530273,19934,0.0,0.0
2023-10-20 13:30:00-04:00,18.399999618530273,18.43000030517578,18.329999923706055,18.329999923706055,16766,0.0,0.0
2023-10-20 14:30:00-04:00,18.31999969482422,18.360000610351562,18.219999313354492,18.229999542236328,14131,0.0,0.0
2023-10-20 15:30:00-04:00,18.239999771118164,18.260000228881836,18.18000030517578,18.200000762939453,25386,0.0,0.0
2023-10-23 09:30:00-04:00,17.989999771118164,18.075000762939453,17.790000915527344,18.0,54189,0.0,0.0
2023-10-23 10:30:00-04:00,18.0,18.395000457763672,18.0,18.395000457763672,49370,0.0,0.0
2023-10-23 11:30:00-04:00,18.40999984741211,18.799999237060547,18.40999984741211,18.78619956970215,28528,0.0,0.0
2023-10-23 12:30:00-04:00,18.770000457763672,18.899999618530273,18.770000457763672,18.899999618530273,22570,0.0,0.0
2023-10-23 13:30:00-04:00,18.899999618530273,18.950000762939453,18.8799991607666,18.93000030517578,22591,0.0,0.0
2023-10-23 14:30:00-04:00,18.93000030517578,18.940000534057617,18.809999465942383,18.809999465942383,30509,0.0,0.0
2023-10-23 15:30:00-04:00,18.8799991607666,18.8799991607666,18.790000915527344,18.8799991607666,35605,0.0,0.0
2023-10-24 09:30:00-04:00,18.719999313354492,19.5,18.719999313354492,19.5,70512,0.0,0.0
2023-10-24 10:30:00-04:00,19.489999771118164,19.489999771118164,18.8799991607666,18.959999084472656,102299,0.0,0.0
2023-10-24 11:30:00-04:00,18.989999771118164,19.049999237060547,18.799999237060547,19.024999618530273,22021,0.0,0.0
2023-10-24 12:30:00-04:00,19.049999237060547,19.110000610351562,19.030000686645508,19.049999237060547,33712,0.0,0.0
2023-10-24 13:30:00-04:00,19.040000915527344,19.049999237060547,18.825000762939453,18.975000381469727,47284,0.0,0.0
2023-10-24 14:30:00-04:00,18.989999771118164,19.049999237060547,18.809999465942383,18.915000915527344,65710,0.0,0.0
2023-10-24 15:30:00-04:00,18.915000915527344,19.040000915527344,18.84000015258789,19.010000228881836,58444,0.0,0.0
2023-10-25 09:30:00-04:00,18.989999771118164,18.989999771118164,18.40999984741211,18.579999923706055,0,0.0,0.0
2023-10-25 10:30:00-04:00,18.59000015258789,18.700000762939453,18.559999465942383,18.614999771118164,10142,0.0,0.0
2023-10-25 11:30:00-04:00,18.59000015258789,18.59000015258789,18.3799991607666,18.43000030517578,11440,0.0,0.0
2023-10-25 12:30:00-04:00,18.43000030517578,18.440000534057617,18.049999237060547,18.200000762939453,22433,0.0,0.0
2023-10-25 13:30:00-04:00,18.200000762939453,18.229999542236328,17.889999389648438,17.9060001373291,9047,0.0,0.0
2023-10-25 14:30:00-04:00,17.8700008392334,17.985000610351562,17.860000610351562,17.860000610351562,17117,0.0,0.0
2023-10-25 15:30:00-04:00,17.899999618530273,18.0,17.899999618530273,17.969999313354492,13777,0.0,0.0
2023-10-26 09:30:00-04:00,17.90999984741211,18.100000381469727,17.809999465942383,17.940000534057617,21225,0.0,0.0
2023-10-26 10:30:00-04:00,17.920000076293945,18.149999618530273,17.920000076293945,18.0,22092,0.0,0.0
2023-10-26 11:30:00-04:00,18.020000457763672,18.059999465942383,17.989999771118164,18.049999237060547,7436,0.0,0.0
2023-10-26 12:30:00-04:00,18.049999237060547,18.074100494384766,17.969999313354492,18.040000915527344,9055,0.0,0.0
2023-10-26 13:30:00-04:00,18.0,18.104999542236328,17.9950008392334,18.030000686645508,10311,0.0,0.0
2023-10-26 14:30:00-04:00,18.06999969482422,18.110000610351562,17.969999313354492,17.979999542236328,9842,0.0,0.0
2023-10-26 15:30:00-04:00,17.940000534057617,18.020000457763672,17.899999618530273,17.920000076293945,10306,0.0,0.0
2023-10-27 09:30:00-04:00,18.229999542236328,18.299999237060547,17.9950008392334,18.290000915527344,17752,0.0,0.0
2023-10-27 10:30:00-04:00,18.329999923706055,18.5,18.149999618530273,18.350000381469727,23315,0.0,0.0
2023-10-27 11:30:00-04:00,18.34000015258789,18.440000534057617,18.149999618530273,18.389999389648438,35459,0.0,0.0
2023-10-27 12:30:00-04:00,18.3799991607666,18.399999618530273,18.299999237060547,18.34000015258789,5218,0.0,0.0
2023-10-27 13:30:00-04:00,18.360000610351562,18.399999618530273,18.309999465942383,18.3700008392334,13291,0.0,0.0
2023-10-27 14:30:00-04:00,18.43000030517578,18.440000534057617,18.3700008392334,18.43600082397461,8719,0.0,0.0
2023-10-27 15:30:00-04:00,18.431699752807617,18.5,18.399999618530273,18.489999771118164,42260,0.0,0.0
2023-10-30 09:30:00-04:00,18.760000228881836,19.290000915527344,18.59000015258789,19.209999084472656,91385,0.0,0.0
2023-10-30 10:30:00-04:00,19.235000610351562,19.3700008392334,19.010000228881836,19.34079933166504,79971,0.0,0.0
2023-10-30 11:30:00-04:00,19.36009979248047,19.5,19.270000457763672,19.469999313354492,149915,0.0,0.0
2023-10-30 12:30:00-04:00,19.46500015258789,19.469999313354492,19.149999618530273,19.274999618530273,53112,0.0,0.0
2023-10-30 13:30:00-04:00,19.280000686645508,19.329999923706055,19.219999313354492,19.260000228881836,31087,0.0,0.0
2023-10-30 14:30:00-04:00,19.260000228881836,19.375,19.260000228881836,19.334999084472656,39699,0.0,0.0
2023-10-30 15:30:00-04:00,19.329999923706055,19.43000030517578,19.25,19.43000030517578,90262,0.0,0.0
2023-10-31 09:30:00-04:00,19.270000457763672,19.5,19.170000076293945,19.25,75357,0.0,0.0
2023-10-31 10:30:00-04:00,19.209999084472656,19.270000457763672,18.93000030517578,18.950000762939453,25734,0.0,0.0
2023-10-31 11:30:00-04:00,18.975000381469727,19.125,18.975000381469727,19.104999542236328,31671,0.0,0.0
2023-10-31 12:30:00-04:00,19.110000610351562,19.149999618530273,19.049999237060547,19.1200008392334,14647,0.0,0.0
2023-10-31 13:30:00-04:00,19.1299991607666,19.1299991607666,18.989999771118164,19.024999618530273,15681,0.0,0.0
2023-10-31 14:30:00-04:00,19.030000686645508,19.110000610351562,19.030000686645508,19.09000015258789,18363,0.0,0.0
2023-10-31 15:30:00-04:00,19.110000610351562,19.149999618530273,19.059999465942383,19.084999084472656,31204,0.0,0.0
2023-11-01 09:30:00-04:00,18.969999313354492,19.237499237060547,18.70009994506836,19.200000762939453,27567,0.0,0.0
2023-11-01 10:30:00-04:00,19.270000457763672,19.299999237060547,19.0,19.040000915527344,19112,0.0,0.0
2023-11-01 11:30:00-04:00,19.075000762939453,19.19499969482422,18.969999313354492,18.969999313354492,11728,0.0,0.0
2023-11-01 12:30:00-04:00,18.959999084472656,19.059999465942383,18.940000534057617,19.0049991607666,7846,0.0,0.0
2023-11-01 13:30:00-04:00,18.969999313354492,19.15999984741211,18.969999313354492,19.114999771118164,8197,0.0,0.0
2023-11-01 14:30:00-04:00,19.15999984741211,19.299999237060547,19.079999923706055,19.299999237060547,13782,0.0,0.0
2023-11-01 15:30:00-04:00,19.28499984741211,19.5,19.28499984741211,19.420000076293945,102387,0.0,0.0
2023-11-02 09:30:00-04:00,19.5,19.5,19.030000686645508,19.149999618530273,25226,0.0,0.0
2023-11-02 10:30:00-04:00,19.190000534057617,19.299999237060547,19.06999969482422,19.094999313354492,22770,0.0,0.0
2023-11-02 11:30:00-04:00,19.06999969482422,19.2549991607666,19.06999969482422,19.25,4957,0.0,0.0
2023-11-02 12:30:00-04:00,19.239999771118164,19.2450008392334,19.18000030517578,19.18000030517578,6698,0.0,0.0
2023-11-02 13:30:00-04:00,19.200000762939453,19.209999084472656,18.889999389648438,18.90999984741211,23132,0.0,0.0
2023-11-02 14:30:00-04:00,18.924999237060547,18.954999923706055,18.84000015258789,18.924999237060547,20366,0.0,0.0
2023-11-02 15:30:00-04:00,18.899999618530273,19.024999618530273,18.865299224853516,19.020000457763672,25764,0.0,0.0
2023-11-03 09:30:00-04:00,19.25,19.5,19.200000762939453,19.389999389648438,85362,0.0,0.0
2023-11-03 10:30:00-04:00,19.389999389648438,19.5,19.363500595092773,19.434999465942383,66941,0.0,0.0
2023-11-03 11:30:00-04:00,19.43000030517578,19.5,19.399999618530273,19.469999313354492,19010,0.0,0.0
2023-11-03 12:30:00-04:00,19.489999771118164,19.489999771118164,19.450000762939453,19.459999084472656,10805,0.0,0.0
2023-11-03 13:30:00-04:00,19.489999771118164,19.489999771118164,19.43000030517578,19.489999771118164,5583,0.0,0.0
2023-11-03 14:30:00-04:00,19.5,19.579999923706055,19.451499938964844,19.459999084472656,34434,0.0,0.0
2023-11-03 15:30:00-04:00,19.459999084472656,19.46500015258789,19.399999618530273,19.420000076293945,19809,0.0,0.0
2023-11-06 09:30:00-05:00,19.600000381469727,19.600000381469727,19.389999389648438,19.469999313354492,65074,0.0,0.0
2023-11-06 10:30:00-05:00,19.479999542236328,19.56999969482422,19.40999984741211,19.479999542236328,36015,0.0,0.0
2023-11-06 11:30:00-05:00,19.479999542236328,19.479999542236328,19.30299949645996,19.375,12918,0.0,0.0
2023-11-06 12:30:00-05:00,19.3700008392334,19.3799991607666,19.059999465942383,19.059999465942383,13887,0.0,0.0
2023-11-06 13:30:00-05:00,19.084999084472656,19.084999084472656,18.649999618530273,18.649999618530273,18122,0.0,0.0
2023-11-06 14:30:00-05:00,18.684999465942383,18.8799991607666,18.649999618530273,18.854999542236328,14849,0.0,0.0
2023-11-06 15:30:00-05:00,18.84000015258789,18.84000015258789,18.690000534057617,18.78499984741211,37357,0.0,0.0
2023-11-07 09:30:00-05:00,18.649999618530273,18.84000015258789,18.350000381469727,18.420000076293945,33563,0.0,0.0
2023-11-07 10:30:00-05:00,18.440000534057617,18.75,18.440000534057617,18.69499969482422,14204,0.0,0.0
2023-11-07 11:30:00-05:00,18.700000762939453,18.920000076293945,18.600000381469727,18.65999984741211,27485,0.0,0.0
2023-11-07 12:30:00-05:00,18.649999618530273,18.709999084472656,18.579999923706055,18.6200008392334,5907,0.0,0.0
2023-11-07 13:30:00-05:00,18.65999984741211,18.69499969482422,18.579999923706055,18.6200008392334,7171,0.0,0.0
2023-11-07 14:30:00-05:00,18.610000610351562,18.68000030517578,18.575000762939453,18.575000762939453,12390,0.0,0.0
2023-11-07 15:30:00-05:00,18.59000015258789,18.709999084472656,18.579999923706055,18.68000030517578,26086,0.0,0.0
2023-11-08 09:30:00-05:00,18.75,19.239900588989258,18.75,19.1299991607666,0,0.0,0.0
2023-11-08 10:30:00-05:00,19.149999618530273,19.440000534057617,19.149999618530273,19.34000015258789,20629,0.0,0.0
2023-11-08 11:30:00-05:00,19.350000381469727,19.3799991607666,19.170000076293945,19.350000381469727,25810,0.0,0.0
2023-11-08 12:30:00-05:00,19.325000762939453,19.389999389648438,19.200000762939453,19.219999313354492,18938,0.0,0.0
2023-11-08 13:30:00-05:00,19.219999313354492,19.420000076293945,19.219999313354492,19.420000076293945,17433,0.0,0.0
2023-11-08 14:30:00-05:00,19.420000076293945,19.450000762939453,19.34000015258789,19.34000015258789,20715,0.0,0.0
2023-11-08 15:30:00-05:00,19.34000015258789,19.34000015258789,19.18000030517578,19.200000762939453,31396,0.0,0.0
2023-11-09 09:30:00-05:00,19.100000381469727,19.100000381469727,18.540000915527344,18.739999771118164,20190,0.0,0.0
2023-11-09 10:30:00-05:00,18.770000457763672,18.799999237060547,18.700000762939453,18.790000915527344,4679,0.0,0.0
2023-11-09 11:30:00-05:00,18.75,18.770000457763672,18.479999542236328,18.479999542236328,15527,0.0,0.0
2023-11-09 12:30:00-05:00,18.5,18.59000015258789,18.399999618530273,18.40999984741211,13601,0.0,0.0
2023-11-09 13:30:00-05:00,18.5,18.5,18.350000381469727,18.434999465942383,10913,0.0,0.0
2023-11-09 14:30:00-05:00,18.440000534057617,18.450000762939453,18.34000015258789,18.389999389648438,8570,0.0,0.0
2023-11-09 15:30:00-05:00,18.399999618530273,18.399999618530273,18.229999542236328,18.229999542236328,44624,0.0,0.0
2023-11-10 09:30:00-05:00,18.15999984741211,18.420000076293945,18.110000610351562,18.229999542236328,9511,0.0,0.0
2023-11-10 10:30:00-05:00,18.229999542236328,18.47599983215332,18.229999542236328,18.47599983215332,6813,0.0,0.0
2023-11-10 11:30:00-05:00,18.459999084472656,18.770000457763672,18.450000762939453,18.7450008392334,15604,0.0,0.0
2023-11-10 12:30:00-05:00,18.75,18.8799991607666,18.714799880981445,18.780000686645508,16242,0.0,0.0
2023-11-10 13:30:00-05:00,18.75,18.790000915527344,18.700000762939453,18.739999771118164,10122,0.0,0.0
2023-11-10 14:30:00-05:00,18.739999771118164,18.770000457763672,18.65999984741211,18.760000228881836,16804,0.0,0.0
2023-11-10 15:30:00-05:00,18.729999542236328,18.799999237060547,18.6200008392334,18.649999618530273,22742,0.0,0.0
2023-11-13 09:30:00-05:00,18.65999984741211,18.959999084472656,18.65999984741211,18.940000534057617,0,0.0,0.0
2023-11-13 10:30:00-05:00,18.940000534057617,19.100000381469727,18.899999618530273,19.100000381469727,29182,0.0,0.0
2023-11-13 11:30:00-05:00,19.09000015258789,19.5,19.09000015258789,19.479999542236328,14737,0.0,0.0
2023-11-13 12:30:00-05:00,19.489999771118164,19.600000381469727,19.489999771118164,19.58989906311035,33275,0.0,0.0
2023-11-13 13:30:00-05:00,19.579999923706055,19.600000381469727,19.44499969482422,19.579999923706055,25422,0.0,0.0
2023-11-13 14:30:00-05:00,19.56999969482422,19.59000015258789,19.479999542236328,19.51799964904785,29274,0.0,0.0
2023-11-13 15:30:00-05:00,19.510000228881836,19.59000015258789,19.40999984741211,19.440000534057617,54176,0.0,0.0
2023-11-14 09:30:00-05:00,19.5,19.600000381469727,19.239999771118164,19.344999313354492,59008,0.0,0.0
2023-11-14 10:30:00-05:00,19.329999923706055,19.424999237060547,19.049999237060547,19.100000381469727,121039,0.0,0.0
2023-11-14 11:30:00-05:00,19.100000381469727,19.149999618530273,18.959999084472656,18.989999771118164,34934,0.0,0.0
2023-11-14 12:30:00-05:00,18.989999771118164,19.002500534057617,18.899999618530273,18.90999984741211,33041,0.0,0.0
2023-11-14 13:30:00-05:00,18.905000686645508,19.0,18.899999618530273,18.989999771118164,34823,0.0,0.0
2023-11-14 14:30:00-05:00,18.979999542236328,19.0,18.959999084472656,18.959999084472656,51485,0.0,0.0
2023-11-14 15:30:00-05:00,18.969999313354492,19.040000915527344,18.940000534057617,18.989999771118164,76483,0.0,0.0
2023-11-15 09:30:00-05:00,19.170000076293945,19.600000381469727,19.170000076293945,19.53499984741211,240747,0.0,0.0
2023-11-15 10:30:00-05:00,19.53499984741211,19.700000762939453,19.5049991607666,19.645000457763672,150546,0.0,0.0
2023-11-15 11:30:00-05:00,19.649999618530273,19.649999618530273,19.420000076293945,19.450000762939453,42638,0.0,0.0
2023-11-15 12:30:00-05:00,19.46500015258789,19.46500015258789,19.280000686645508,19.344999313354492,21719,0.0,0.0
2023-11-15 13:30:00-05:00,19.350000381469727,19.399999618530273,19.299999237060547,19.375,38332,0.0,0.0
2023-11-15 14:30:00-05:00,19.399999618530273,19.40999984741211,19.31999969482422,19.40999984741211,37727,0.0,0.0
2023-11-15 15:30:00-05:00,19.440000534057617,19.649999618530273,19.440000534057617,19.649999618530273,221174,0.0,0.0
2023-11-16 09:30:00-05:00,19.040000915527344,19.299999237060547,18.309999465942383,18.825000762939453,262739,0.0,0.0
2023-11-16 10:30:00-05:00,18.795000076293945,18.809999465942383,18.34000015258789,18.545000076293945,193853,0.0,0.0
2023-11-16 11:30:00-05:00,18.530000686645508,18.594999313354492,18.350000381469727,18.489999771118164,81370,0.0,0.0
2023-11-16 12:30:00-05:00,18.469999313354492,18.870500564575195,18.469999313354492,18.565000534057617,37631,0.0,0.0
2023-11-16 13:30:00-05:00,18.579999923706055,18.725000381469727,18.450000762939453,18.579999923706055,53727,0.0,0.0
2023-11-16 14:30:00-05:00,18.584999084472656,18.860000610351562,18.540000915527344,18.860000610351562,65824,0.0,0.0
2023-11-16 15:30:00-05:00,18.895000457763672,19.1200008392334,18.860000610351562,19.1200008392334,137131,0.0,0.0
2023-11-17 09:30:00-05:00,19.350000381469727,19.68000030517578,19.06999969482422,19.325000762939453,146800,0.0,0.0
2023-11-17 10:30:00-05:00,19.315000534057617,19.3799991607666,19.270000457763672,19.329999923706055,62802,0.0,0.0
2023-11-17 11:30:00-05:00,19.299999237060547,19.299999237060547,18.760000228881836,18.915000915527344,34209,0.0,0.0
2023-11-17 12:30:00-05:00,18.889999389648438,18.889999389648438,18.600000381469727,18.639999389648438,38885,0.0,0.0
2023-11-17 13:30:00-05:00,18.65999984741211,18.889999389648438,18.649999618530273,18.725000381469727,35779,0.0,0.0
2023-11-17 14:30:00-05:00,18.700000762939453,18.700000762939453,18.559999465942383,18.579999923706055,41844,0.0,0.0
2023-11-17 15:30:00-05:00,18.579999923706055,18.665000915527344,18.540000915527344,18.6299991607666,47540,0.0,0.0
2023-11-20 09:30:00-05:00,19.09000015258789,19.25,18.719999313354492,19.1200008392334,144092,0.0,0.0
2023-11-20 10:30:00-05:00,19.170000076293945,19.5049991607666,19.125,19.209999084472656,107122,0.0,0.0
2023-11-20 11:30:00-05:00,19.170000076293945,19.280000686645508,19.1299991607666,19.155000686645508,26898,0.0,0.0
2023-11-20 12:30:00-05:00,19.145000457763672,19.280000686645508,19.145000457763672,19.219999313354492,32755,0.0,0.0
2023-11-20 13:30:00-05:00,19.229999542236328,19.239999771118164,19.1200008392334,19.170000076293945,35004,0.0,0.0
2023-11-20 14:30:00-05:00,19.18000030517578,19.25,19.139999389648438,19.149999618530273,29196,0.0,0.0
2023-11-20 15:30:00-05:00,19.174999237060547,19.200000762939453,19.1200008392334,19.1299991607666,38755,0.0,0.0
2023-11-21 09:30:00-05:00,18.90999984741211,18.985000610351562,18.389999389648438,18.479999542236328,146492,0.0,0.0
2023-11-21 10:30:00-05:00,18.489999771118164,18.579999923706055,18.489999771118164,18.5,27775,0.0,0.0
2023-11-21 11:30:00-05:00,18.5,18.719999313354492,18.5,18.610000610351562,49127,0.0,0.0
2023-11-21 12:30:00-05:00,18.6299991607666,18.719999313354492,18.600000381469727,18.649999618530273,18165,0.0,0.0
2023-11-21 13:30:00-05:00,18.690000534057617,18.75,18.59000015258789,18.75,27351,0.0,0.0
2023-11-21 14:30:00-05:00,18.75,18.7549991607666,18.655000686645508,18.655000686645508,17419,0.0,0.0
2023-11-21 15:30:00-05:00,18.639999389648438,18.674999237060547,18.549999237060547,18.549999237060547,48871,0.0,0.0
2023-11-22 09:30:00-05:00,18.579999923706055,18.989999771118164,18.579999923706055,18.81999969482422,0,0.0,0.0
2023-11-22 10:30:00-05:00,18.799999237060547,18.809999465942383,18.6299991607666,18.709999084472656,44276,0.0,0.0
2023-11-22 11:30:00-05:00,18.69499969482422,18.795000076293945,18.649999618530273,18.795000076293945,45532,0.0,0.0
2023-11-22 12:30:00-05:00,18.795000076293945,18.899999618530273,18.78499984741211,18.889999389648438,19754,0.0,0.0
2023-11-22 13:30:00-05:00,18.8700008392334,18.8700008392334,18.80500030517578,18.825000762939453,27108,0.0,0.0
2023-11-22 14:30:00-05:00,18.81999969482422,18.81999969482422,18.665000915527344,18.760000228881836,44091,0.0,0.0
2023-11-22 15:30:00-05:00,18.739999771118164,18.829999923706055,18.739999771118164,18.790000915527344,55152,0.0,0.0
2023-11-24 09:30:00-05:00,18.770000457763672,18.959999084472656,18.469999313354492,18.770000457763672,0,0.0,0.0
2023-11-24 10:30:00-05:00,18.770000457763672,18.850000381469727,18.729999542236328,18.799999237060547,67685,0.0,0.0
2023-11-24 11:30:00-05:00,18.770000457763672,18.8799991607666,18.719999313354492,18.860000610351562,61307,0.0,0.0
2023-11-27 09:30:00-05:00,18.989999771118164,18.989999771118164,18.700000762939453,18.899999618530273,71142,0.0,0.0
2023-11-27 10:30:00-05:00,18.899999618530273,18.899999618530273,18.790000915527344,18.829999923706055,47446,0.0,0.0
2023-11-27 11:30:00-05:00,18.829999923706055,18.84000015258789,18.56999969482422,18.670000076293945,53539,0.0,0.0
2023-11-27 12:30:00-05:00,18.68000030517578,18.719999313354492,18.575000762939453,18.68000030517578,34738,0.0,0.0
2023-11-27 13:30:00-05:00,18.690000534057617,18.690000534057617,18.594999313354492,18.649999618530273,53423,0.0,0.0
2023-11-27 14:30:00-05:00,18.655000686645508,18.700000762939453,18.639999389648438,18.690000534057617,34665,0.0,0.0
2023-11-27 15:30:00-05:00,18.690000534057617,18.729999542236328,18.59000015258789,18.59000015258789,60941,0.0,0.0
2023-11-28 09:30:00-05:00,18.6299991607666,18.6299991607666,18.399999618530273,18.530000686645508,95467,0.0,0.0
2023-11-28 10:30:00-05:00,18.540000915527344,18.75,18.4950008392334,18.709999084472656,49533,0.0,0.0
2023-11-28 11:30:00-05:00,18.729999542236328,18.989999771118164,18.725000381469727,18.989999771118164,55418,0.0,0.0
2023-11-28 12:30:00-05:00,18.989999771118164,19.06999969482422,18.90999984741211,19.0049991607666,44665,0.0,0.0
2023-11-28 13:30:00-05:00,18.979999542236328,19.024999618530273,18.934999465942383,18.969999313354492,30842,0.0,0.0
2023-11-28 14:30:00-05:00,18.959999084472656,19.020000457763672,18.850000381469727,18.899999618530273,31250,0.0,0.0
2023-11-28 15:30:00-05:00,18.889999389648438,18.93000030517578,18.809999465942383,18.84000015258789,78478,0.0,0.0
2023-11-29 09:30:00-05:00,18.469999313354492,18.559999465942383,17.969999313354492,17.989999771118164,180306,0.0,0.0
2023-11-29 10:30:00-05:00,17.989999771118164,18.0,17.770000457763672,17.84000015258789,139637,0.0,0.0
2023-11-29 11:30:00-05:00,17.829999923706055,17.950000762939453,17.829999923706055,17.860000610351562,43550,0.0,0.0
2023-11-29 12:30:00-05:00,17.8700008392334,17.889999389648438,17.739999771118164,17.829999923706055,23048,0.0,0.0
2023-11-29 13:30:00-05:00,17.809999465942383,17.889999389648438,17.71500015258789,17.885000228881836,19245,0.0,0.0
2023-11-29 14:30:00-05:00,17.889999389648438,17.93000030517578,17.75,17.764999389648438,23317,0.0,0.0
2023-11-29 15:30:00-05:00,17.795000076293945,17.889999389648438,17.770000457763672,17.875,36721,0.0,0.0
2023-11-30 09:30:00-05:00,17.8799991607666,18.03499984741211,17.690000534057617,17.959999084472656,91037,0.0,0.0
2023-11-30 10:30:00-05:00,17.969999313354492,18.0,17.790000915527344,17.860000610351562,121186,0.0,0.0
2023-11-30 11:30:00-05:00,17.860000610351562,17.90999984741211,17.829999923706055,17.889999389648438,50242,0.0,0.0
2023-11-30 12:30:00-05:00,17.895000457763672,17.934999465942383,17.8700008392334,17.875,13232,0.0,0.0
2023-11-30 13:30:00-05:00,17.8700008392334,17.889999389648438,17.809999465942383,17.809999465942383,27059,0.0,0.0
2023-11-30 14:30:00-05:00,17.809999465942383,17.84000015258789,17.75,17.774999618530273,21277,0.0,0.0
2023-11-30 15:30:00-05:00,17.774999618530273,17.8799991607666,17.770000457763672,17.84000015258789,53831,0.0,0.0
2023-12-01 09:30:00-05:00,17.799999237060547,17.950000762939453,17.790000915527344,17.809999465942383,75716,0.0,0.0
2023-12-01 10:30:00-05:00,17.815000534057617,18.0,17.799999237060547,17.969999313354492,52221,0.0,0.0
2023-12-01 11:30:00-05:00,17.969999313354492,17.989999771118164,17.920000076293945,17.989999771118164,9711,0.0,0.0
2023-12-01 12:30:00-05:00,18.0,18.0,17.950000762939453,17.989999771118164,8367,0.0,0.0
2023-12-01 13:30:00-05:00,17.969999313354492,18.040000915527344,17.959999084472656,18.0,36631,0.0,0.0
2023-12-01 14:30:00-05:00,17.989999771118164,18.040000915527344,17.979999542236328,17.985000610351562,52168,0.0,0.0
2023-12-01 15:30:00-05:00,17.979999542236328,18.030000686645508,17.940000534057617,18.0,72966,0.0,0.0
2023-12-04 09:30:00-05:00,18.010000228881836,18.010000228881836,17.469999313354492,17.565000534057617,55975,0.0,0.0
2023-12-04 10:30:00-05:00,17.56999969482422,17.68000030517578,17.530000686645508,17.6200008392334,18744,0.0,0.0
2023-12-04 11:30:00-05:00,17.600000381469727,17.610000610351562,17.459999084472656,17.514999389648438,26493,0.0,0.0
2023-12-04 12:30:00-05:00,17.479999542236328,17.479999542236328,17.344999313354492,17.3700008392334,10029,0.0,0.0
2023-12-04 13:30:00-05:00,17.350000381469727,17.3799991607666,17.06999969482422,17.06999969482422,25218,0.0,0.0
2023-12-04 14:30:00-05:00,17.06999969482422,17.1299991607666,16.719999313354492,16.799999237060547,39531,0.0,0.0
2023-12-04 15:30:00-05:00,16.809999465942383,16.8700008392334,16.790000915527344,16.8700008392334,36431,0.0,0.0
2023-12-05 09:30:00-05:00,15.8100004196167,16.549999237060547,15.0600004196167,15.890000343322754,414791,0.0,0.0
2023-12-05 10:30:00-05:00,15.890000343322754,16.09000015258789,15.710000038146973,15.859999656677246,185490,0.0,0.0
2023-12-05 11:30:00-05:00,15.859999656677246,15.975000381469727,15.800000190734863,15.880000114440918,125667,0.0,0.0
2023-12-05 12:30:00-05:00,15.869999885559082,15.899999618530273,15.789999961853027,15.789999961853027,147073,0.0,0.0
2023-12-05 13:30:00-05:00,15.789999961853027,16.0,15.789999961853027,15.890000343322754,153081,0.0,0.0
2023-12-05 14:30:00-05:00,15.880000114440918,16.110000610351562,15.819999694824219,15.90999984741211,184249,0.0,0.0
2023-12-05 15:30:00-05:00,15.90999984741211,15.90999984741211,15.8100004196167,15.880000114440918,247765,0.0,0.0
2023-12-06 09:30:00-05:00,16.760000228881836,16.780000686645508,16.0,16.270000457763672,1648514,0.0,0.0
2023-12-06 10:30:00-05:00,16.264999389648438,16.3799991607666,16.190000534057617,16.200000762939453,373740,0.0,0.0
2023-12-06 11:30:00-05:00,16.200000762939453,16.420000076293945,16.200000762939453,16.290000915527344,293608,0.0,0.0
2023-12-06 12:30:00-05:00,16.299999237060547,16.389999389648438,16.260000228881836,16.370100021362305,147669,0.0,0.0
2023-12-06 13:30:00-05:00,16.3799991607666,16.600000381469727,16.31999969482422,16.485000610351562,109360,0.0,0.0
2023-12-06 14:30:00-05:00,16.485000610351562,16.530000686645508,16.229999542236328,16.270000457763672,221380,0.0,0.0
2023-12-06 15:30:00-05:00,16.25,16.290000915527344,16.18000030517578,16.219999313354492,306597,0.0,0.0
2023-12-07 09:30:00-05:00,16.399999618530273,16.625,16.260000228881836,16.59000015258789,167274,0.0,0.0
2023-12-07 10:30:00-05:00,16.56999969482422,16.575000762939453,16.5,16.520000457763672,67018,0.0,0.0
2023-12-07 11:30:00-05:00,16.530000686645508,16.540000915527344,16.399999618530273,16.43000030517578,126252,0.0,0.0
2023-12-07 12:30:00-05:00,16.43000030517578,16.459999084472656,16.399999618530273,16.40999984741211,85229,0.0,0.0
2023-12-07 13:30:00-05:00,16.40999984741211,16.5,16.399999618530273,16.454999923706055,78227,0.0,0.0
2023-12-07 14:30:00-05:00,16.459999084472656,16.5,16.40999984741211,16.5,73528,0.0,0.0
2023-12-07 15:30:00-05:00,16.489999771118164,16.520000457763672,16.459999084472656,16.489999771118164,105444,0.0,0.0
2023-12-08 09:30:00-05:00,16.399999618530273,16.729999542236328,16.399999618530273,16.729999542236328,0,0.0,0.0
2023-12-08 10:30:00-05:00,16.75,16.780000686645508,16.610000610351562,16.649999618530273,67747,0.0,0.0
2023-12-08 11:30:00-05:00,16.65999984741211,16.790000915527344,16.6200008392334,16.780000686645508,47770,0.0,0.0
2023-12-08 12:30:00-05:00,16.790000915527344,16.8799991607666,16.739999771118164,16.8799991607666,37472,0.0,0.0
2023-12-08 13:30:00-05:00,16.8799991607666,16.979999542236328,16.8700008392334,16.979999542236328,37657,0.0,0.0
2023-12-08 14:30:00-05:00,16.9950008392334,17.020000457763672,16.799999237060547,16.80500030517578,60450,0.0,0.0
2023-12-08 15:30:00-05:00,16.790000915527344,16.825000762939453,16.729999542236328,16.790000915527344,102500,0.0,0.0
2023-12-11 09:30:00-05:00,16.8799991607666,17.0,16.459999084472656,16.65999984741211,0,0.0,0.0
2023-12-11 10:30:00-05:00,16.6299991607666,16.889999389648438,16.600000381469727,16.790000915527344,89646,0.0,0.0
2023-12-11 11:30:00-05:00,16.780000686645508,17.040000915527344,16.770000457763672,16.889999389648438,64449,0.0,0.0
2023-12-11 12:30:00-05:00,16.899999618530273,16.950000762939453,16.790000915527344,16.815000534057617,62133,0.0,0.0
2023-12-11 13:30:00-05:00,16.809999465942383,16.829999923706055,16.68000030517578,16.780000686645508,59375,0.0,0.0
2023-12-11 14:30:00-05:00,16.770000457763672,16.780000686645508,16.6299991607666,16.639999389648438,63049,0.0,0.0
2023-12-11 15:30:00-05:00,16.649999618530273,16.790000915527344,16.649999618530273,16.68000030517578,96349,0.0,0.0
2023-12-12 09:30:00-05:00,16.579999923706055,17.06999969482422,16.5,16.8700008392334,154144,0.0,0.0
2023-12-12 10:30:00-05:00,16.875,17.059999465942383,16.84000015258789,17.059999465942383,167480,0.0,0.0
2023-12-12 11:30:00-05:00,17.06999969482422,17.1200008392334,16.93000030517578,17.024999618530273,58234,0.0,0.0
2023-12-12 12:30:00-05:00,17.020000457763672,17.110000610351562,16.969999313354492,17.024999618530273,47131,0.0,0.0
2023-12-12 13:30:00-05:00,17.030000686645508,17.100000381469727,17.0,17.040000915527344,81810,0.0,0.0
2023-12-12 14:30:00-05:00,17.040000915527344,17.09000015258789,16.850000381469727,16.850000381469727,85016,0.0,0.0
2023-12-12 15:30:00-05:00,16.84000015258789,16.84000015258789,16.709999084472656,16.709999084472656,104017,0.0,0.0
2023-12-13 09:30:00-05:00,16.559999465942383,16.75,16.5,16.639999389648438,97313,0.0,0.0
2023-12-13 10:30:00-05:00,16.649999618530273,16.90999984741211,16.59000015258789,16.764999389648438,76565,0.0,0.0
2023-12-13 11:30:00-05:00,16.75,16.790000915527344,16.68000030517578,16.709999084472656,53697,0.0,0.0
2023-12-13 12:30:00-05:00,16.700000762939453,16.739999771118164,16.579999923706055,16.6200008392334,53350,0.0,0.0
2023-12-13 13:30:00-05:00,16.600000381469727,16.790000915527344,16.549999237060547,16.760000228881836,55834,0.0,0.0
2023-12-13 14:30:00-05:00,16.770000457763672,17.040000915527344,16.75,16.90999984741211,93897,0.0,0.0
2023-12-13 15:30:00-05:00,16.90999984741211,17.100000381469727,16.899999618530273,17.079999923706055,82502,0.0,0.0
2023-12-14 09:30:00-05:00,17.149999618530273,17.43000030517578,16.940000534057617,17.024999618530273,150212,0.0,0.0
2023-12-14 10:30:00-05:00,17.030000686645508,17.094999313354492,16.969999313354492,17.020000457763672,84162,0.0,0.0
2023-12-14 11:30:00-05:00,17.010000228881836,17.09000015258789,16.989999771118164,17.010000228881836,103165,0.0,0.0
2023-12-14 12:30:00-05:00,17.020000457763672,17.049999237060547,17.0,17.030000686645508,52002,0.0,0.0
2023-12-14 13:30:00-05:00,17.020000457763672,17.040000915527344,16.924999237060547,16.989999771118164,66254,0.0,0.0
2023-12-14 14:30:00-05:00,16.989999771118164,17.049999237060547,16.979999542236328,17.040000915527344,67574,0.0,0.0
2023-12-14 15:30:00-05:00,17.030000686645508,17.049999237060547,16.969999313354492,17.0,117256,0.0,0.0
2023-12-15 09:30:00-05:00,17.09000015258789,17.239999771118164,16.770000457763672,17.1299991607666,58909,0.0,0.0
2023-12-15 10:30:00-05:00,17.110000610351562,17.260000228881836,17.075000762939453,17.100000381469727,62726,0.0,0.0
2023-12-15 11:30:00-05:00,17.09000015258789,17.1299991607666,16.924999237060547,17.100000381469727,46283,0.0,0.0
2023-12-15 12:30:00-05:00,17.104999542236328,17.1200008392334,17.0,17.100000381469727,52882,0.0,0.0
2023-12-15 13:30:00-05:00,17.100000381469727,17.100000381469727,17.059999465942383,17.059999465942383,56463,0.0,0.0
2023-12-15 14:30:00-05:00,17.059999465942383,17.139999389648438,17.010000228881836,17.100000381469727,64039,0.0,0.0
2023-12-15 15:30:00-05:00,17.100000381469727,17.1299991607666,17.049999237060547,17.1200008392334,127159,0.0,0.0
2023-12-18 09:30:00-05:00,17.170000076293945,17.3700008392334,17.100000381469727,17.25,65272,0.0,0.0
2023-12-18 10:30:00-05:00,17.25,17.260000228881836,17.079999923706055,17.100000381469727,65945,0.0,0.0
2023-12-18 11:30:00-05:00,17.100000381469727,17.190000534057617,17.049999237060547,17.1299991607666,44154,0.0,0.0
2023-12-18 12:30:00-05:00,17.1299991607666,17.1299991607666,17.05500030517578,17.06999969482422,39052,0.0,0.0
2023-12-18 13:30:00-05:00,17.079999923706055,17.149999618530273,17.06999969482422,17.139999389648438,44305,0.0,0.0
2023-12-18 14:30:00-05:00,17.139999389648438,17.200000762939453,17.1200008392334,17.170000076293945,62899,0.0,0.0
2023-12-18 15:30:00-05:00,17.15999984741211,17.170000076293945,17.110000610351562,17.110000610351562,79104,0.0,0.0
2023-12-19 09:30:00-05:00,17.290000915527344,17.385000228881836,17.190000534057617,17.3700008392334,52506,0.0,0.0
2023-12-19 10:30:00-05:00,17.3700008392334,17.3700008392334,17.31999969482422,17.31999969482422,31994,0.0,0.0
2023-12-19 11:30:00-05:00,17.309999465942383,17.329999923706055,17.190000534057617,17.219999313354492,31799,0.0,0.0
2023-12-19 12:30:00-05:00,17.229999542236328,17.309999465942383,17.229999542236328,17.25,24276,0.0,0.0
2023-12-19 13:30:00-05:00,17.25,17.34000015258789,17.239999771118164,17.309999465942383,26615,0.0,0.0
2023-12-19 14:30:00-05:00,17.31999969482422,17.362499237060547,17.260000228881836,17.290000915527344,33169,0.0,0.0
2023-12-19 15:30:00-05:00,17.280000686645508,17.350000381469727,17.260000228881836,17.350000381469727,22909,0.0,0.0
2023-12-20 09:30:00-05:00,17.31999969482422,17.5,17.270000457763672,17.350000381469727,90284,0.0,0.0
2023-12-20 10:30:00-05:00,17.350000381469727,17.360000610351562,17.049999237060547,17.084999084472656,69151,0.0,0.0
2023-12-20 11:30:00-05:00,17.084999084472656,17.155000686645508,17.0,17.1200008392334,43920,0.0,0.0
2023-12-20 12:30:00-05:00,17.110000610351562,17.15999984741211,17.079999923706055,17.09000015258789,26042,0.0,0.0
2023-12-20 13:30:00-05:00,17.09000015258789,17.209999084472656,17.09000015258789,17.110000610351562,35586,0.0,0.0
2023-12-20 14:30:00-05:00,17.110000610351562,17.110000610351562,16.93000030517578,16.969999313354492,54330,0.0,0.0
2023-12-20 15:30:00-05:00,16.979999542236328,17.030000686645508,16.93000030517578,16.959999084472656,54949,0.0,0.0
2023-12-21 09:30:00-05:00,17.290000915527344,17.389999389648438,16.78499984741211,16.889999389648438,61298,0.0,0.0
2023-12-21 10:30:00-05:00,16.889999389648438,17.075000762939453,16.850000381469727,17.065000534057617,37656,0.0,0.0
2023-12-21 11:30:00-05:00,17.059999465942383,17.1299991607666,17.030000686645508,17.110000610351562,35771,0.0,0.0
2023-12-21 12:30:00-05:00,17.110000610351562,17.15999984741211,17.030000686645508,17.149999618530273,23648,0.0,0.0
2023-12-21 13:30:00-05:00,17.149999618530273,17.219999313354492,17.149999618530273,17.190000534057617,32441,0.0,0.0
2023-12-21 14:30:00-05:00,17.200000762939453,17.239999771118164,17.18000030517578,17.229999542236328,44585,0.0,0.0
2023-12-21 15:30:00-05:00,17.229999542236328,17.329999923706055,17.209999084472656,17.329999923706055,61969,0.0,0.0
2023-12-22 09:30:00-05:00,17.190000534057617,17.309999465942383,16.670000076293945,16.790000915527344,146850,0.0,0.0
2023-12-22 10:30:00-05:00,16.790000915527344,17.079999923706055,16.760000228881836,17.024999618530273,77625,0.0,0.0
2023-12-22 11:30:00-05:00,17.030000686645508,17.100000381469727,16.9950008392334,17.0,61981,0.0,0.0
2023-12-22 12:30:00-05:00,16.989999771118164,17.06999969482422,16.979999542236328,17.010000228881836,34585,0.0,0.0
2023-12-22 13:30:00-05:00,17.010000228881836,17.030000686645508,16.950000762939453,16.950000762939453,28230,0.0,0.0
2023-12-22 14:30:00-05:00,16.94499969482422,17.1200008392334,16.93000030517578,17.110000610351562,36145,0.0,0.0
2023-12-22 15:30:00-05:00,17.114999771118164,17.149999618530273,17.100000381469727,17.139999389648438,76144,0.0,0.0
2023-12-26 09:30:00-05:00,17.190000534057617,17.469999313354492,17.100000381469727,17.200000762939453,209251,0.0,0.0
2023-12-26 10:30:00-05:00,17.200000762939453,17.21500015258789,17.100000381469727,17.139999389648438,54512,0.0,0.0
2023-12-26 11:30:00-05:00,17.1299991607666,17.139999389648438,17.010000228881836,17.09000015258789,38822,0.0,0.0
2023-12-26 12:30:00-05:00,17.09000015258789,17.1299991607666,17.059999465942383,17.09000015258789,26028,0.0,0.0
2023-12-26 13:30:00-05:00,17.06999969482422,17.100000381469727,17.040000915527344,17.06999969482422,36656,0.0,0.0
2023-12-26 14:30:00-05:00,17.079999923706055,17.110000610351562,17.059999465942383,17.06999969482422,40407,0.0,0.0
2023-12-26 15:30:00-05:00,17.06999969482422,17.09000015258789,17.010000228881836,17.09000015258789,64609,0.0,0.0
2023-12-27 09:30:00-05:00,17.020000457763672,17.1299991607666,16.8700008392334,17.010000228881836,222531,0.0,0.0
2023-12-27 10:30:00-05:00,17.020000457763672,17.030000686645508,16.90999984741211,16.950000762939453,68111,0.0,0.0
2023-12-27 11:30:00-05:00,16.940000534057617,16.959999084472656,16.75,16.790000915527344,32100,0.0,0.0
2023-12-27 12:30:00-05:00,16.799999237060547,17.049999237060547,16.799999237060547,17.010000228881836,54126,0.0,0.0
2023-12-27 13:30:00-05:00,16.979999542236328,17.059999465942383,16.93000030517578,16.96500015258789,44776,0.0,0.0
2023-12-27 14:30:00-05:00,16.959999084472656,17.0,16.940000534057617,16.950000762939453,27321,0.0,0.0
2023-12-27 15:30:00-05:00,16.950000762939453,17.020000457763672,16.940000534057617,17.0,110134,0.0,0.0
2023-12-28 09:30:00-05:00,17.110000610351562,17.489999771118164,17.073999404907227,17.31999969482422,153042,0.0,0.0
2023-12-28 10:30:00-05:00,17.299999237060547,17.31999969482422,17.1299991607666,17.190000534057617,93022,0.0,0.0
2023-12-28 11:30:00-05:00,17.209999084472656,17.329999923706055,17.18000030517578,17.209999084472656,63584,0.0,0.0
2023-12-28 12:30:00-05:00,17.219999313354492,17.25,17.059999465942383,17.079999923706055,64209,0.0,0.0
2023-12-28 13:30:00-05:00,17.100000381469727,17.209999084472656,17.079999923706055,17.18000030517578,54013,0.0,0.0
2023-12-28 14:30:00-05:00,17.190000534057617,17.200000762939453,17.1299991607666,17.149999618530273,47059,0.0,0.0
2023-12-28 15:30:00-05:00,17.15999984741211,17.200000762939453,17.110000610351562,17.139999389648438,70100,0.0,0.0
2023-12-29 09:30:00-05:00,17.18000030517578,17.739999771118164,17.18000030517578,17.639999389648438,138522,0.0,0.0
2023-12-29 10:30:00-05:00,17.655000686645508,17.655000686645508,17.450000762939453,17.469999313354492,28116,0.0,0.0
2023-12-29 11:30:00-05:00,17.479999542236328,17.510000228881836,17.440000534057617,17.468399047851562,22147,0.0,0.0
2023-12-29 12:30:00-05:00,17.469999313354492,17.520000457763672,17.469999313354492,17.485000610351562,12977,0.0,0.0
2023-12-29 13:30:00-05:00,17.489999771118164,17.5,17.43000030517578,17.450000762939453,12799,0.0,0.0
2023-12-29 14:30:00-05:00,17.440000534057617,17.479999542236328,17.3700008392334,17.399999618530273,22412,0.0,0.0
2023-12-29 15:30:00-05:00,17.399999618530273,17.399999618530273,17.34000015258789,17.3799991607666,48297,0.0,0.0
2024-01-02 09:30:00-05:00,17.25,17.329999923706055,16.700000762939453,16.700000762939453,54099,0.0,0.0
2024-01-02 10:30:00-05:00,16.719999313354492,16.899999618530273,16.690000534057617,16.899999618530273,89158,0.0,0.0
2024-01-02 11:30:00-05:00,16.899999618530273,17.010000228881836,16.889999389648438,16.979999542236328,41692,0.0,0.0
2024-01-02 12:30:00-05:00,16.985000610351562,16.989999771118164,16.799999237060547,16.84000015258789,14211,0.0,0.0
2024-01-02 13:30:00-05:00,16.829999923706055,16.860000610351562,16.760000228881836,16.854999542236328,29762,0.0,0.0
2024-01-02 14:30:00-05:00,16.854999542236328,16.8799991607666,16.809999465942383,16.850000381469727,36177,0.0,0.0
2024-01-02 15:30:00-05:00,16.860000610351562,16.860000610351562,16.790000915527344,16.81999969482422,55069,0.0,0.0
2024-01-03 09:30:00-05:00,16.670000076293945,17.049999237060547,16.6200008392334,16.899999618530273,122236,0.0,0.0
2024-01-03 10:30:00-05:00,16.899999618530273,17.040000915527344,16.829999923706055,17.0,52520,0.0,0.0
2024-01-03 11:30:00-05:00,17.0049991607666,17.100000381469727,16.940000534057617,17.014999389648438,71916,0.0,0.0
2024-01-03 12:30:00-05:00,17.040000915527344,17.06999969482422,16.950000762939453,16.950000762939453,33598,0.0,0.0
2024-01-03 13:30:00-05:00,16.975000381469727,17.010000228881836,16.920000076293945,17.010000228881836,33723,0.0,0.0
2024-01-03 14:30:00-05:00,17.020000457763672,17.020000457763672,16.8799991607666,16.899999618530273,52622,0.0,0.0
2024-01-03 15:30:00-05:00,16.90999984741211,16.940000534057617,16.8700008392334,16.940000534057617,55192,0.0,0.0
2024-01-04 09:30:00-05:00,16.959999084472656,17.020000457763672,16.25,16.524999618530273,220652,0.0,0.0
2024-01-04 10:30:00-05:00,16.6200008392334,16.920000076293945,16.59000015258789,16.829999923706055,85424,0.0,0.0
2024-01-04 11:30:00-05:00,16.829999923706055,16.969999313354492,16.799999237060547,16.940000534057617,47241,0.0,0.0
2024-01-04 12:30:00-05:00,16.94499969482422,16.94499969482422,16.764999389648438,16.8799991607666,38771,0.0,0.0
2024-01-04 13:30:00-05:00,16.8799991607666,16.93000030517578,16.350000381469727,16.93000030517578,438464,0.0,0.0
2024-01-04 14:30:00-05:00,16.93000030517578,16.969999313354492,16.8700008392334,16.93000030517578,37914,0.0,0.0
2024-01-04 15:30:00-05:00,16.940000534057617,16.950000762939453,16.8799991607666,16.90999984741211,37371,0.0,0.0
2024-01-05 09:30:00-05:00,16.790000915527344,16.8799991607666,16.559999465942383,16.860000610351562,58293,0.0,0.0
2024-01-05 10:30:00-05:00,16.860000610351562,16.93000030517578,16.829999923706055,16.829999923706055,18192,0.0,0.0
2024-01-05 11:30:00-05:00,16.84000015258789,16.969999313354492,16.84000015258789,16.889999389648438,40964,0.0,0.0
2024-01-05 12:30:00-05:00,16.889999389648438,16.889999389648438,16.75,16.799999237060547,24505,0.0,0.0
2024-01-05 13:30:00-05:00,16.84000015258789,16.899999618530273,16.829999923706055,16.8700008392334,81046,0.0,0.0
2024-01-05 14:30:00-05:00,16.8700008392334,16.920000076293945,16.829999923706055,16.8799991607666,128064,0.0,0.0
2024-01-05 15:30:00-05:00,16.8700008392334,16.90999984741211,16.860000610351562,16.8799991607666,121857,0.0,0.0
2024-01-08 09:30:00-05:00,16.549999237060547,16.674999237060547,16.309999465942383,16.549999237060547,87676,0.0,0.0
2024-01-08 10:30:00-05:00,16.549999237060547,16.75,16.549999237060547,16.719999313354492,30551,0.0,0.0
2024-01-08 11:30:00-05:00,16.719999313354492,16.780000686645508,16.559999465942383,16.59000015258789,24224,0.0,0.0
2024-01-08 12:30:00-05:00,16.549999237060547,16.81999969482422,16.549999237060547,16.790000915527344,54761,0.0,0.0
2024-01-08 13:30:00-05:00,16.790000915527344,17.079999923706055,16.780000686645508,17.079999923706055,120086,0.0,0.0
2024-01-08 14:30:00-05:00,17.079999923706055,17.100000381469727,16.954999923706055,16.954999923706055,142671,0.0,0.0
2024-01-08 15:30:00-05:00,16.954999923706055,16.979999542236328,16.860000610351562,16.8799991607666,39383,0.0,0.0
2024-01-09 09:30:00-05:00,16.510000228881836,16.850000381469727,16.5,16.514999389648438,79589,0.0,0.0
2024-01-09 10:30:00-05:00,16.530000686645508,16.790000915527344,16.530000686645508,16.739999771118164,46646,0.0,0.0
2024-01-09 11:30:00-05:00,16.799999237060547,16.799999237060547,16.600000381469727,16.6299991607666,15255,0.0,0.0
2024-01-09 12:30:00-05:00,16.600000381469727,16.809999465942383,16.600000381469727,16.799999237060547,85532,0.0,0.0
2024-01-09 13:30:00-05:00,16.799999237060547,16.90999984741211,16.780000686645508,16.905000686645508,51029,0.0,0.0
2024-01-09 14:30:00-05:00,16.8799991607666,16.959999084472656,16.81999969482422,16.920000076293945,384547,0.0,0.0
2024-01-09 15:30:00-05:00,16.90999984741211,17.030000686645508,16.899999618530273,17.0,67631,0.0,0.0
2024-01-10 09:30:00-05:00,16.989999771118164,17.329999923706055,16.969999313354492,17.260000228881836,48829,0.0,0.0
2024-01-10 10:30:00-05:00,17.25,17.270000457763672,17.1200008392334,17.145000457763672,30107,0.0,0.0
2024-01-10 11:30:00-05:00,17.145000457763672,17.145000457763672,16.950000762939453,17.03700065612793,35847,0.0,0.0
2024-01-10 12:30:00-05:00,17.040000915527344,17.110000610351562,17.030000686645508,17.06999969482422,40736,0.0,0.0
2024-01-10 13:30:00-05:00,17.06999969482422,17.100000381469727,17.030000686645508,17.05500030517578,21060,0.0,0.0
2024-01-10 14:30:00-05:00,17.040000915527344,17.100000381469727,16.969999313354492,17.030000686645508,50202,0.0,0.0
2024-01-10 15:30:00-05:00,17.020000457763672,17.059999465942383,16.940000534057617,16.989999771118164,86668,0.0,0.0
2024-01-11 09:30:00-05:00,16.979999542236328,17.079999923706055,16.954999923706055,17.030000686645508,16621,0.0,0.0
2024-01-11 10:30:00-05:00,17.030000686645508,17.149999618530273,17.0,17.030000686645508,24667,0.0,0.0
2024-01-11 11:30:00-05:00,17.014999389648438,17.100000381469727,17.014999389648438,17.09000015258789,20245,0.0,0.0
2024-01-11 12:30:00-05:00,17.100000381469727,17.18000030517578,17.079999923706055,17.18000030517578,31747,0.0,0.0
2024-01-11 13:30:00-05:00,17.18000030517578,17.19499969482422,17.06999969482422,17.110000610351562,34342,0.0,0.0
2024-01-11 14:30:00-05:00,17.1299991607666,17.1299991607666,17.079999923706055,17.114999771118164,15253,0.0,0.0
2024-01-11 15:30:00-05:00,17.1299991607666,17.1299991607666,17.06999969482422,17.079999923706055,51046,0.0,0.0
2024-01-12 09:30:00-05:00,17.079999923706055,17.6299991607666,17.079999923706055,17.5049991607666,97969,0.0,0.0
2024-01-12 10:30:00-05:00,17.520000457763672,17.700000762939453,17.520000457763672,17.700000762939453,39169,0.0,0.0
2024-01-12 11:30:00-05:00,17.674999237060547,17.75,17.649999618530273,17.649999618530273,46401,0.0,0.0
2024-01-12 12:30:00-05:00,17.625,17.645000457763672,17.600000381469727,17.645000457763672,9087,0.0,0.0
2024-01-12 13:30:00-05:00,17.639999389648438,17.700000762939453,17.6299991607666,17.700000762939453,22742,0.0,0.0
2024-01-12 14:30:00-05:00,17.700000762939453,17.75,17.688800811767578,17.75,30017,0.0,0.0
2024-01-12 15:30:00-05:00,17.75,17.84000015258789,17.75,17.84000015258789,49421,0.0,0.0
2024-01-16 09:30:00-05:00,17.729999542236328,18.200000762939453,17.559999465942383,18.100000381469727,116816,0.0,0.0
2024-01-16 10:30:00-05:00,18.100000381469727,18.229999542236328,18.024999618530273,18.1299991607666,107343,0.0,0.0
2024-01-16 11:30:00-05:00,18.1299991607666,18.15999984741211,17.8799991607666,17.899999618530273,89609,0.0,0.0
2024-01-16 12:30:00-05:00,17.899999618530273,18.049999237060547,17.790000915527344,17.84000015258789,74793,0.0,0.0
2024-01-16 13:30:00-05:00,17.799999237060547,18.0049991607666,17.790000915527344,17.834999084472656,64165,0.0,0.0
2024-01-16 14:30:00-05:00,17.84000015258789,17.844999313354492,17.559999465942383,17.600000381469727,39779,0.0,0.0
2024-01-16 15:30:00-05:00,17.600000381469727,17.6200008392334,17.5,17.5,79707,0.0,0.0
2024-01-17 09:30:00-05:00,16.969999313354492,17.309999465942383,16.530000686645508,17.1299991607666,113263,0.0,0.0
2024-01-17 10:30:00-05:00,17.09000015258789,17.639999389648438,17.0,17.440000534057617,234452,0.0,0.0
2024-01-17 11:30:00-05:00,17.469999313354492,17.579999923706055,17.229999542236328,17.229999542236328,66209,0.0,0.0
2024-01-17 12:30:00-05:00,17.229999542236328,17.350000381469727,17.084999084472656,17.219999313354492,42324,0.0,0.0
2024-01-17 13:30:00-05:00,17.200000762939453,17.40999984741211,17.19499969482422,17.399999618530273,45063,0.0,0.0
2024-01-17 14:30:00-05:00,17.469999313354492,17.5,17.260000228881836,17.3700008392334,55333,0.0,0.0
2024-01-17 15:30:00-05:00,17.360000610351562,17.479999542236328,17.34000015258789,17.479999542236328,49347,0.0,0.0
2024-01-18 09:30:00-05:00,17.549999237060547,18.09000015258789,17.549999237060547,17.93000030517578,62430,0.0,0.0
2024-01-18 10:30:00-05:00,17.950000762939453,18.1299991607666,17.920000076293945,18.09000015258789,106059,0.0,0.0
2024-01-18 11:30:00-05:00,18.09000015258789,18.209999084472656,18.0,18.06999969482422,60035,0.0,0.0
2024-01-18 12:30:00-05:00,18.079999923706055,18.09000015258789,17.989999771118164,18.014999389648438,36249,0.0,0.0
2024-01-18 13:30:00-05:00,18.020000457763672,18.100000381469727,17.959999084472656,17.96500015258789,31843,0.0,0.0
2024-01-18 14:30:00-05:00,17.96500015258789,18.079999923706055,17.950000762939453,18.0,115856,0.0,0.0
2024-01-18 15:30:00-05:00,18.010000228881836,18.079999923706055,18.0,18.07990074157715,108298,0.0,0.0
2024-01-19 09:30:00-05:00,18.0,18.3799991607666,17.719999313354492,17.780000686645508,63147,0.0,0.0
2024-01-19 10:30:00-05:00,17.780000686645508,17.969999313354492,17.719999313354492,17.899999618530273,71274,0.0,0.0
2024-01-19 11:30:00-05:00,17.90999984741211,17.950000762939453,17.860000610351562,17.950000762939453,16339,0.0,0.0
2024-01-19 12:30:00-05:00,17.959999084472656,18.020000457763672,17.940000534057617,17.959999084472656,11519,0.0,0.0
2024-01-19 13:30:00-05:00,17.959999084472656,18.030000686645508,17.90999984741211,17.979999542236328,31370,0.0,0.0
2024-01-19 14:30:00-05:00,17.979999542236328,18.030000686645508,17.899999618530273,18.0,28177,0.0,0.0
2024-01-19 15:30:00-05:00,18.010000228881836,18.020000457763672,17.969999313354492,17.989999771118164,60177,0.0,0.0
2024-01-22 09:30:00-05:00,17.709999084472656,17.790000915527344,16.920000076293945,16.969999313354492,273107,0.0,0.0
2024-01-22 10:30:00-05:00,16.959999084472656,17.059999465942383,16.899999618530273,16.920000076293945,47405,0.0,0.0
2024-01-22 11:30:00-05:00,16.93630027770996,16.950000762939453,16.700000762939453,16.700000762939453,86535,0.0,0.0
2024-01-22 12:30:00-05:00,16.739999771118164,16.950000762939453,16.700000762939453,16.84000015258789,32189,0.0,0.0
2024-01-22 13:30:00-05:00,16.854999542236328,17.0,16.84000015258789,16.922500610351562,55573,0.0,0.0
2024-01-22 14:30:00-05:00,16.934999465942383,17.079999923706055,16.90999984741211,16.969999313354492,96072,0.0,0.0
2024-01-22 15:30:00-05:00,16.969999313354492,17.110000610351562,16.969999313354492,17.094999313354492,72184,0.0,0.0
2024-01-23 09:30:00-05:00,17.549999237060547,18.139999389648438,17.4950008392334,17.674999237060547,195493,0.0,0.0
2024-01-23 10:30:00-05:00,17.690000534057617,17.770000457763672,17.606800079345703,17.704999923706055,40330,0.0,0.0
2024-01-23 11:30:00-05:00,17.719999313354492,17.780000686645508,17.610000610351562,17.65999984741211,34711,0.0,0.0
2024-01-23 12:30:00-05:00,17.65999984741211,17.809999465942383,17.6299991607666,17.780000686645508,26340,0.0,0.0
2024-01-23 13:30:00-05:00,17.799999237060547,17.898000717163086,17.760000228881836,17.860000610351562,20635,0.0,0.0
2024-01-23 14:30:00-05:00,17.875,18.010000228881836,17.850000381469727,17.93000030517578,41143,0.0,0.0
2024-01-23 15:30:00-05:00,17.940000534057617,18.0,17.90999984741211,17.989999771118164,57596,0.0,0.0
2024-01-24 09:30:00-05:00,18.25,18.459999084472656,18.2450008392334,18.375,90279,0.0,0.0
2024-01-24 10:30:00-05:00,18.3700008392334,18.3799991607666,18.200000762939453,18.260000228881836,51536,0.0,0.0
2024-01-24 11:30:00-05:00,18.270000457763672,18.299999237060547,18.200000762939453,18.204999923706055,28997,0.0,0.0
2024-01-24 12:30:00-05:00,18.190000534057617,18.299999237060547,18.190000534057617,18.21500015258789,22568,0.0,0.0
2024-01-24 13:30:00-05:00,18.21500015258789,18.239999771118164,17.969999313354492,17.989999771118164,47886,0.0,0.0
2024-01-24 14:30:00-05:00,18.030000686645508,18.06999969482422,17.989999771118164,18.0049991607666,18028,0.0,0.0
2024-01-24 15:30:00-05:00,18.0,18.100000381469727,17.989999771118164,18.09000015258789,68183,0.0,0.0
2024-01-25 09:30:00-05:00,18.360000610351562,18.469999313354492,18.190000534057617,18.325000762939453,79715,0.0,0.0
2024-01-25 10:30:00-05:00,18.334999084472656,18.334999084472656,18.200000762939453,18.2549991607666,11699,0.0,0.0
2024-01-25 11:30:00-05:00,18.270000457763672,18.270000457763672,18.1200008392334,18.174999237060547,13526,0.0,0.0
2024-01-25 12:30:00-05:00,18.161500930786133,18.18000030517578,17.940000534057617,18.010000228881836,23752,0.0,0.0
2024-01-25 13:30:00-05:00,18.010000228881836,18.059999465942383,17.979999542236328,18.03499984741211,8231,0.0,0.0
2024-01-25 14:30:00-05:00,18.010000228881836,18.030000686645508,17.979999542236328,17.989999771118164,13819,0.0,0.0
2024-01-25 15:30:00-05:00,17.989999771118164,18.010000228881836,17.979999542236328,18.0,32725,0.0,0.0
2024-01-26 09:30:00-05:00,17.920000076293945,17.940000534057617,17.739999771118164,17.8799991607666,21174,0.0,0.0
2024-01-26 10:30:00-05:00,17.860000610351562,18.030000686645508,17.860000610351562,17.979999542236328,35092,0.0,0.0
2024-01-26 11:30:00-05:00,17.979999542236328,18.0,17.940000534057617,17.969999313354492,17416,0.0,0.0
2024-01-26 12:30:00-05:00,17.969999313354492,18.0,17.940000534057617,17.989999771118164,19462,0.0,0.0
2024-01-26 13:30:00-05:00,18.0,18.049999237060547,17.979999542236328,18.0049991607666,16537,0.0,0.0
2024-01-26 14:30:00-05:00,18.0049991607666,18.030000686645508,17.959999084472656,17.989999771118164,25686,0.0,0.0
2024-01-26 15:30:00-05:00,17.979999542236328,18.020000457763672,17.969999313354492,17.979999542236328,44816,0.0,0.0
2024-01-29 09:30:00-05:00,18.0,18.040000915527344,17.559999465942383,17.56999969482422,53932,0.0,0.0
2024-01-29 10:30:00-05:00,17.559999465942383,17.59000015258789,17.280000686645508,17.31999969482422,58997,0.0,0.0
2024-01-29 11:30:00-05:00,17.280000686645508,17.579999923706055,17.270000457763672,17.530000686645508,14831,0.0,0.0
2024-01-29 12:30:00-05:00,17.549999237060547,17.584999084472656,17.510000228881836,17.56999969482422,22512,0.0,0.0
2024-01-29 13:30:00-05:00,17.56999969482422,17.56999969482422,17.489999771118164,17.530000686645508,18020,0.0,0.0
2024-01-29 14:30:00-05:00,17.520000457763672,17.719999313354492,17.510000228881836,17.68000030517578,24625,0.0,0.0
2024-01-29 15:30:00-05:00,17.690000534057617,17.760000228881836,17.68000030517578,17.760000228881836,31900,0.0,0.0
2024-01-30 09:30:00-05:00,17.559999465942383,17.690000534057617,17.31999969482422,17.399999618530273,60659,0.0,0.0
2024-01-30 10:30:00-05:00,17.399999618530273,17.399999618530273,17.209999084472656,17.264999389648438,30026,0.0,0.0
2024-01-30 11:30:00-05:00,17.25,17.389999389648438,17.25,17.290000915527344,17292,0.0,0.0
2024-01-30 12:30:00-05:00,17.25,17.2549991607666,17.110000610351562,17.15999984741211,24578,0.0,0.0
2024-01-30 13:30:00-05:00,17.1299991607666,17.219999313354492,17.1299991607666,17.15999984741211,20475,0.0,0.0
2024-01-30 14:30:00-05:00,17.15999984741211,17.290000915527344,17.110000610351562,17.200000762939453,26929,0.0,0.0
2024-01-30 15:30:00-05:00,17.219999313354492,17.219999313354492,17.15999984741211,17.200000762939453,41388,0.0,0.0
2024-01-31 09:30:00-05:00,17.110000610351562,17.360000610351562,16.889999389648438,17.229999542236328,38156,0.0,0.0
2024-01-31 10:30:00-05:00,17.219999313354492,17.44499969482422,17.219999313354492,17.44499969482422,24833,0.0,0.0
2024-01-31 11:30:00-05:00,17.44499969482422,17.514999389648438,17.3700008392334,17.3799991607666,21604,0.0,0.0
2024-01-31 12:30:00-05:00,17.405000686645508,17.53499984741211,17.3799991607666,17.399999618530273,29018,0.0,0.0
2024-01-31 13:30:00-05:00,17.420000076293945,17.44499969482422,17.299999237060547,17.375,18820,0.0,0.0
2024-01-31 14:30:00-05:00,17.350000381469727,17.55500030517578,17.260000228881836,17.43000030517578,77231,0.0,0.0
2024-01-31 15:30:00-05:00,17.43000030517578,17.454999923706055,17.299999237060547,17.309999465942383,27808,0.0,0.0
2024-02-01 09:30:00-05:00,17.5,17.889999389648438,17.440000534057617,17.81999969482422,47429,0.0,0.0
2024-02-01 10:30:00-05:00,17.81999969482422,17.920000076293945,17.725000381469727,17.767499923706055,22965,0.0,0.0
2024-02-01 11:30:00-05:00,17.84000015258789,17.920000076293945,17.825000762939453,17.889999389648438,16493,0.0,0.0
2024-02-01 12:30:00-05:00,17.899999618530273,18.0,17.889999389648438,17.940000534057617,27403,0.0,0.0
2024-02-01 13:30:00-05:00,17.950000762939453,17.969999313354492,17.84000015258789,17.940000534057617,9477,0.0,0.0
2024-02-01 14:30:00-05:00,17.94499969482422,17.989999771118164,17.93000030517578,17.94499969482422,11391,0.0,0.0
2024-02-01 15:30:00-05:00,17.959999084472656,18.0,17.950000762939453,17.989999771118164,30686,0.0,0.0
2024-02-02 09:30:00-05:00,17.93000030517578,17.93000030517578,17.56999969482422,17.799999237060547,90442,0.0,0.0
2024-02-02 10:30:00-05:00,17.799999237060547,17.8700008392334,17.670000076293945,17.780000686645508,56611,0.0,0.0
2024-02-02 11:30:00-05:00,17.780000686645508,17.799999237060547,17.59000015258789,17.690000534057617,41728,0.0,0.0
2024-02-02 12:30:00-05:00,17.700000762939453,17.850000381469727,17.700000762939453,17.770000457763672,54109,0.0,0.0
2024-02-02 13:30:00-05:00,17.780000686645508,17.850000381469727,17.729999542236328,17.729999542236328,27189,0.0,0.0
2024-02-02 14:30:00-05:00,17.738500595092773,17.825000762939453,17.719999313354492,17.799999237060547,66517,0.0,0.0
2024-02-02 15:30:00-05:00,17.790000915527344,17.920000076293945,17.790000915527344,17.860000610351562,87232,0.0,0.0
2024-02-05 09:30:00-05:00,17.989999771118164,18.0,17.774999618530273,17.854999542236328,32940,0.0,0.0
2024-02-05 10:30:00-05:00,17.899999618530273,17.899999618530273,17.739999771118164,17.774999618530273,35229,0.0,0.0
2024-02-05 11:30:00-05:00,17.780000686645508,17.860000610351562,17.65999984741211,17.764999389648438,65754,0.0,0.0
2024-02-05 12:30:00-05:00,17.760000228881836,17.84000015258789,17.75,17.770000457763672,25583,0.0,0.0
2024-02-05 13:30:00-05:00,17.770000457763672,17.81999969482422,17.739999771118164,17.80500030517578,33829,0.0,0.0
2024-02-05 14:30:00-05:00,17.80500030517578,17.850000381469727,17.7450008392334,17.790000915527344,54423,0.0,0.0
2024-02-05 15:30:00-05:00,17.790000915527344,17.84000015258789,17.75,17.81999969482422,89763,0.0,0.0
2024-02-06 09:30:00-05:00,18.34000015258789,18.459999084472656,18.030000686645508,18.330299377441406,180307,0.0,0.0
2024-02-06 10:30:00-05:00,18.364999771118164,18.364999771118164,18.149999618530273,18.209999084472656,56037,0.0,0.0
2024-02-06 11:30:00-05:00,18.190000534057617,18.209999084472656,18.170000076293945,18.19499969482422,31684,0.0,0.0
2024-02-06 12:30:00-05:00,18.19499969482422,18.280000686645508,18.18000030517578,18.200000762939453,23554,0.0,0.0
2024-02-06 13:30:00-05:00,18.200000762939453,18.219999313354492,18.18000030517578,18.190000534057617,29195,0.0,0.0
2024-02-06 14:30:00-05:00,18.200000762939453,18.235000610351562,18.190000534057617,18.200000762939453,32976,0.0,0.0
2024-02-06 15:30:00-05:00,18.204999923706055,18.219999313354492,18.170000076293945,18.204999923706055,53841,0.0,0.0
2024-02-07 09:30:00-05:00,17.950000762939453,18.110000610351562,17.68000030517578,17.899999618530273,62931,0.0,0.0
2024-02-07 10:30:00-05:00,17.899999618530273,17.979999542236328,17.889999389648438,17.889999389648438,29772,0.0,0.0
2024-02-07 11:30:00-05:00,17.889999389648438,17.969999313354492,17.8799991607666,17.950000762939453,23180,0.0,0.0
2024-02-07 12:30:00-05:00,17.950000762939453,17.969900131225586,17.920000076293945,17.920000076293945,15711,0.0,0.0
2024-02-07 13:30:00-05:00,17.94499969482422,18.030000686645508,17.920000076293945,18.0049991607666,18247,0.0,0.0
2024-02-07 14:30:00-05:00,18.010000228881836,18.100000381469727,18.010000228881836,18.084999084472656,8074,0.0,0.0
2024-02-07 15:30:00-05:00,18.06999969482422,18.110000610351562,18.059999465942383,18.079999923706055,33853,0.0,0.0
2024-02-08 09:30:00-05:00,18.010000228881836,18.15999984741211,17.895000457763672,18.1200008392334,8670,0.0,0.0
2024-02-08 10:30:00-05:00,18.18000030517578,18.184999465942383,18.08799934387207,18.08799934387207,7746,0.0,0.0
2024-02-08 11:30:00-05:00,18.065000534057617,18.1299991607666,17.985000610351562,18.0049991607666,4799,0.0,0.0
2024-02-08 12:30:00-05:00,18.00749969482422,18.1200008392334,17.989999771118164,18.079999923706055,12269,0.0,0.0
2024-02-08 13:30:00-05:00,18.084999084472656,18.100000381469727,18.0,18.0,9425,0.0,0.0
2024-02-08 14:30:00-05:00,18.0,18.05500030517578,17.979999542236328,18.0,24418,0.0,0.0
2024-02-08 15:30:00-05:00,18.0,18.059999465942383,17.989999771118164,18.020000457763672,35976,0.0,0.0
2024-02-09 09:30:00-05:00,18.020000457763672,18.020000457763672,17.674999237060547,17.850000381469727,66196,0.0,0.0
2024-02-09 10:30:00-05:00,17.799999237060547,17.860000610351562,17.760000228881836,17.829999923706055,26072,0.0,0.0
2024-02-09 11:30:00-05:00,17.790000915527344,17.8700008392334,17.665000915527344,17.860000610351562,40444,0.0,0.0
2024-02-09 12:30:00-05:00,17.885000228881836,17.93000030517578,17.799999237060547,17.924999237060547,53764,0.0,0.0
2024-02-09 13:30:00-05:00,17.899999618530273,17.969999313354492,17.8799991607666,17.969999313354492,12934,0.0,0.0
2024-02-09 14:30:00-05:00,17.96500015258789,18.0,17.899999618530273,18.0,13661,0.0,0.0
2024-02-09 15:30:00-05:00,17.987499237060547,18.030000686645508,17.899999618530273,18.0,46189,0.0,0.0
2024-02-12 09:30:00-05:00,18.0,18.299999237060547,17.99209976196289,18.274999618530273,35102,0.0,0.0
2024-02-12 10:30:00-05:00,18.25,18.280000686645508,18.100000381469727,18.100000381469727,4469,0.0,0.0
2024-02-12 11:30:00-05:00,18.100000381469727,18.139999389648438,18.0,18.0,7234,0.0,0.0
2024-02-12 12:30:00-05:00,18.0,18.06999969482422,17.959999084472656,18.06999969482422,18401,0.0,0.0
2024-02-12 13:30:00-05:00,18.045000076293945,18.079999923706055,18.0049991607666,18.0049991607666,6857,0.0,0.0
2024-02-12 14:30:00-05:00,18.0049991607666,18.040000915527344,17.93000030517578,18.020000457763672,29560,0.0,0.0
2024-02-12 15:30:00-05:00,18.010000228881836,18.02899932861328,17.989999771118164,18.014999389648438,33759,0.0,0.0
2024-02-13 09:30:00-05:00,17.860000610351562,18.100000381469727,17.735000610351562,17.979999542236328,30057,0.0,0.0
2024-02-13 10:30:00-05:00,17.979999542236328,17.989999771118164,17.809999465942383,17.84000015258789,23956,0.0,0.0
2024-02-13 11:30:00-05:00,17.829999923706055,17.90999984741211,17.81999969482422,17.81999969482422,28678,0.0,0.0
2024-02-13 12:30:00-05:00,17.829999923706055,17.889999389648438,17.739999771118164,17.75,21519,0.0,0.0
2024-02-13 13:30:00-05:00,17.7450008392334,17.915000915527344,17.690000534057617,17.915000915527344,66249,0.0,0.0
2024-02-13 14:30:00-05:00,17.920000076293945,18.0,17.850000381469727,17.899999618530273,61337,0.0,0.0
2024-02-13 15:30:00-05:00,17.899999618530273,17.90999984741211,17.799999237060547,17.8700008392334,84679,0.0,0.0
2024-02-14 09:30:00-05:00,18.0,18.229999542236328,18.0,18.065000534057617,15383,0.0,0.0
2024-02-14 10:30:00-05:00,18.065000534057617,18.18000030517578,18.0,18.040000915527344,31681,0.0,0.0
2024-02-14 11:30:00-05:00,18.049999237060547,18.079999923706055,17.979999542236328,18.049999237060547,29191,0.0,0.0
2024-02-14 12:30:00-05:00,18.079999923706055,18.110000610351562,18.049999237060547,18.049999237060547,15013,0.0,0.0
2024-02-14 13:30:00-05:00,18.049999237060547,18.239999771118164,18.040000915527344,18.219999313354492,27629,0.0,0.0
2024-02-14 14:30:00-05:00,18.219999313354492,18.290000915527344,18.170000076293945,18.174999237060547,31130,0.0,0.0
2024-02-14 15:30:00-05:00,18.18000030517578,18.290000915527344,18.139999389648438,18.280000686645508,24173,0.0,0.0
2024-02-15 09:30:00-05:00,18.260000228881836,18.399999618530273,18.190000534057617,18.329999923706055,83884,0.0,0.0
2024-02-15 10:30:00-05:00,18.31999969482422,18.469999313354492,18.299999237060547,18.40999984741211,56810,0.0,0.0
2024-02-15 11:30:00-05:00,18.420000076293945,18.469999313354492,18.350000381469727,18.3799991607666,52124,0.0,0.0
2024-02-15 12:30:00-05:00,18.3799991607666,18.389999389648438,18.31999969482422,18.3700008392334,17205,0.0,0.0
2024-02-15 13:30:00-05:00,18.360000610351562,18.364999771118164,18.274999618530273,18.290000915527344,15440,0.0,0.0
2024-02-15 14:30:00-05:00,18.299999237060547,18.3799991607666,18.290000915527344,18.375,30399,0.0,0.0
2024-02-15 15:30:00-05:00,18.375,18.389999389648438,18.31999969482422,18.334999084472656,44014,0.0,0.0
2024-02-16 09:30:00-05:00,18.889999389648438,19.690000534057617,18.719999313354492,19.479999542236328,955539,0.0,0.0
2024-02-16 10:30:00-05:00,19.470800399780273,19.540000915527344,19.30299949645996,19.459999084472656,146585,0.0,0.0
2024-02-16 11:30:00-05:00,19.459999084472656,19.594999313354492,19.31999969482422,19.545000076293945,218903,0.0,0.0
2024-02-16 12:30:00-05:00,19.540000915527344,19.56999969482422,19.360000610351562,19.40999984741211,95979,0.0,0.0
2024-02-16 13:30:00-05:00,19.43000030517578,19.5,19.360000610351562,19.3799991607666,98846,0.0,0.0
2024-02-16 14:30:00-05:00,19.3799991607666,19.40999984741211,19.06999969482422,19.15999984741211,176177,0.0,0.0
2024-02-16 15:30:00-05:00,19.170000076293945,19.28499984741211,19.049999237060547,19.280000686645508,189924,0.0,0.0
2024-02-20 09:30:00-05:00,19.030000686645508,19.260000228881836,18.309999465942383,18.545000076293945,133762,0.0,0.0
2024-02-20 10:30:00-05:00,18.540000915527344,18.809999465942383,18.520000457763672,18.75,110042,0.0,0.0
2024-02-20 11:30:00-05:00,18.729999542236328,18.735000610351562,18.541000366210938,18.600000381469727,58173,0.0,0.0
2024-02-20 12:30:00-05:00,18.600000381469727,18.649999618530273,18.540000915527344,18.600000381469727,51089,0.0,0.0
2024-02-20 13:30:00-05:00,18.59000015258789,18.645000457763672,18.540000915527344,18.610000610351562,93791,0.0,0.0
2024-02-20 14:30:00-05:00,18.59000015258789,18.610000610351562,18.510000228881836,18.549999237060547,124934,0.0,0.0
2024-02-20 15:30:00-05:00,18.559999465942383,18.579999923706055,18.520000457763672,18.549999237060547,146923,0.0,0.0
2024-02-21 09:30:00-05:00,18.850000381469727,19.350000381469727,18.844999313354492,18.969999313354492,108694,0.0,0.0
2024-02-21 10:30:00-05:00,18.959999084472656,19.0,18.799999237060547,18.94499969482422,56006,0.0,0.0
2024-02-21 11:30:00-05:00,18.969999313354492,19.040000915527344,18.899999618530273,18.989999771118164,43481,0.0,0.0
2024-02-21 12:30:00-05:00,19.0,19.059999465942383,18.924999237060547,18.950000762939453,57086,0.0,0.0
2024-02-21 13:30:00-05:00,18.979999542236328,19.059999465942383,18.959999084472656,19.010000228881836,44429,0.0,0.0
2024-02-21 14:30:00-05:00,19.0,19.040000915527344,18.920000076293945,18.940000534057617,47557,0.0,0.0
2024-02-21 15:30:00-05:00,18.950000762939453,19.0,18.93000030517578,18.989999771118164,90035,0.0,0.0
2024-02-22 09:30:00-05:00,19.110000610351562,19.5,19.06999969482422,19.350000381469727,283077,0.0,0.0
2024-02-22 10:30:00-05:00,19.350000381469727,19.450000762939453,19.25,19.389999389648438,153441,0.0,0.0
2024-02-22 11:30:00-05:00,19.389999389648438,19.469999313354492,19.344999313354492,19.469999313354492,60272,0.0,0.0
2024-02-22 12:30:00-05:00,19.469999313354492,19.469999313354492,19.360000610351562,19.385000228881836,52998,0.0,0.0
2024-02-22 13:30:00-05:00,19.392499923706055,19.40999984741211,19.360000610351562,19.364999771118164,66701,0.0,0.0
2024-02-22 14:30:00-05:00,19.3799991607666,19.3799991607666,19.329999923706055,19.350000381469727,47997,0.0,0.0
2024-02-22 15:30:00-05:00,19.350000381469727,19.469999313354492,19.350000381469727,19.40999984741211,274516,0.0,0.0
2024-02-23 09:30:00-05:00,19.59000015258789,19.799999237060547,19.479999542236328,19.600000381469727,331447,0.0,0.0
2024-02-23 10:30:00-05:00,19.600000381469727,19.700000762939453,19.56999969482422,19.56999969482422,105166,0.0,0.0
2024-02-23 11:30:00-05:00,19.579999923706055,19.709999084472656,19.579999923706055,19.584999084472656,88628,0.0,0.0
2024-02-23 12:30:00-05:00,19.600000381469727,19.670000076293945,19.520000457763672,19.600000381469727,56023,0.0,0.0
2024-02-23 13:30:00-05:00,19.600000381469727,19.6200008392334,19.530000686645508,19.540000915527344,49260,0.0,0.0
2024-02-23 14:30:00-05:00,19.540000915527344,19.559999465942383,19.479999542236328,19.520000457763672,80826,0.0,0.0
2024-02-23 15:30:00-05:00,19.530000686645508,19.600000381469727,19.5,19.559999465942383,128919,0.0,0.0
2024-02-26 09:30:00-05:00,19.600000381469727,19.700000762939453,19.18000030517578,19.469999313354492,259435,0.0,0.0
2024-02-26 10:30:00-05:00,19.450000762939453,19.549999237060547,19.299999237060547,19.450000762939453,101482,0.0,0.0
2024-02-26 11:30:00-05:00,19.489999771118164,19.549999237060547,19.40999984741211,19.530000686645508,79190,0.0,0.0
2024-02-26 12:30:00-05:00,19.549999237060547,19.579999923706055,19.489999771118164,19.510000228881836,50794,0.0,0.0
2024-02-26 13:30:00-05:00,19.5,19.575000762939453,19.459999084472656,19.549999237060547,60544,0.0,0.0
2024-02-26 14:30:00-05:00,19.549999237060547,19.56999969482422,19.469999313354492,19.540000915527344,60313,0.0,0.0
2024-02-26 15:30:00-05:00,19.540000915527344,19.6299991607666,19.530000686645508,19.549999237060547,101541,0.0,0.0
2024-02-27 09:30:00-05:00,19.389999389648438,19.6299991607666,19.290000915527344,19.604999542236328,74149,0.0,0.0
2024-02-27 10:30:00-05:00,19.600000381469727,19.700000762939453,19.59000015258789,19.59000015258789,51719,0.0,0.0
2024-02-27 11:30:00-05:00,19.579999923706055,19.6200008392334,19.540000915527344,19.579999923706055,37285,0.0,0.0
2024-02-27 12:30:00-05:00,19.579999923706055,19.600000381469727,19.530000686645508,19.59000015258789,29065,0.0,0.0
2024-02-27 13:30:00-05:00,19.59000015258789,19.600000381469727,19.510000228881836,19.549999237060547,30874,0.0,0.0
2024-02-27 14:30:00-05:00,19.530000686645508,19.540000915527344,19.43000030517578,19.440000534057617,48280,0.0,0.0
2024-02-27 15:30:00-05:00,19.440000534057617,19.5,19.420000076293945,19.5,82456,0.0,0.0
2024-02-28 09:30:00-05:00,19.209999084472656,19.450000762939453,19.170000076293945,19.450000762939453,55979,0.0,0.0
2024-02-28 10:30:00-05:00,19.399999618530273,19.5,19.299999237060547,19.489999771118164,42800,0.0,0.0
2024-02-28 11:30:00-05:00,19.489999771118164,19.5,19.440000534057617,19.489999771118164,21822,0.0,0.0
2024-02-28 12:30:00-05:00,19.469999313354492,19.489999771118164,19.40999984741211,19.440000534057617,21726,0.0,0.0
2024-02-28 13:30:00-05:00,19.440000534057617,19.450000762939453,19.3700008392334,19.3799991607666,17095,0.0,0.0
2024-02-28 14:30:00-05:00,19.3799991607666,19.450000762939453,19.31999969482422,19.420000076293945,32643,0.0,0.0
2024-02-28 15:30:00-05:00,19.420000076293945,19.5,19.361000061035156,19.469999313354492,50859,0.0,0.0
2024-02-29 09:30:00-05:00,19.3799991607666,19.559999465942383,19.34000015258789,19.469999313354492,30415,0.0,0.0
2024-02-29 10:30:00-05:00,19.450000762939453,19.4950008392334,19.290000915527344,19.34000015258789,24434,0.0,0.0
2024-02-29 11:30:00-05:00,19.31999969482422,19.3700008392334,19.18000030517578,19.239999771118164,29081,0.0,0.0
2024-02-29 12:30:00-05:00,19.239999771118164,19.290000915527344,19.184999465942383,19.290000915527344,23689,0.0,0.0
2024-02-29 13:30:00-05:00,19.274999618530273,19.3799991607666,19.25,19.290000915527344,37078,0.0,0.0
2024-02-29 14:30:00-05:00,19.290000915527344,19.329999923706055,19.200000762939453,19.329999923706055,45232,0.0,0.0
2024-02-29 15:30:00-05:00,19.350000381469727,19.450000762939453,19.31999969482422,19.389999389648438,104194,0.0,0.0
2024-03-01 09:30:00-05:00,19.450000762939453,19.549999237060547,19.450000762939453,19.479999542236328,12518,0.0,0.0
2024-03-01 10:30:00-05:00,19.469999313354492,19.520000457763672,19.34000015258789,19.3700008392334,33528,0.0,0.0
2024-03-01 11:30:00-05:00,19.389999389648438,19.459999084472656,19.3705997467041,19.459999084472656,16726,0.0,0.0
2024-03-01 12:30:00-05:00,19.459999084472656,19.479999542236328,19.43000030517578,19.450000762939453,18549,0.0,0.0
2024-03-01 13:30:00-05:00,19.450000762939453,19.479999542236328,19.385000228881836,19.469999313354492,39846,0.0,0.0
2024-03-01 14:30:00-05:00,19.450000762939453,19.479999542236328,19.440000534057617,19.459999084472656,32317,0.0,0.0
2024-03-01 15:30:00-05:00,19.459999084472656,19.5,19.42099952697754,19.5,66626,0.0,0.0
2024-03-04 09:30:00-05:00,19.489999771118164,19.489999771118164,19.040000915527344,19.170000076293945,93541,0.0,0.0
2024-03-04 10:30:00-05:00,19.170000076293945,19.25,19.059999465942383,19.110000610351562,3501,0.0,0.0
2024-03-04 11:30:00-05:00,19.110000610351562,19.200000762939453,19.110000610351562,19.149999618530273,17755,0.0,0.0
2024-03-04 12:30:00-05:00,19.149999618530273,19.18000030517578,19.100000381469727,19.170000076293945,26298,0.0,0.0
2024-03-04 13:30:00-05:00,19.15999984741211,19.170000076293945,19.110000610351562,19.15999984741211,23637,0.0,0.0
2024-03-04 14:30:00-05:00,19.15999984741211,19.18000030517578,19.139999389648438,19.149999618530273,20271,0.0,0.0
2024-03-04 15:30:00-05:00,19.149999618530273,19.209999084472656,19.059999465942383,19.18000030517578,180335,0.0,0.0
2024-03-05 09:30:00-05:00,18.670000076293945,18.989999771118164,18.0,18.639999389648438,124434,0.0,0.0
2024-03-05 10:30:00-05:00,18.690000534057617,19.0393009185791,18.690000534057617,18.975000381469727,40315,0.0,0.0
2024-03-05 11:30:00-05:00,18.989999771118164,19.0,18.934999465942383,18.989999771118164,0,0.0,0.0
2024-03-05 12:30:00-05:00,18.989999771118164,19.0,18.940000534057617,18.989999771118164,12237,0.0,0.0
2024-03-05 13:30:00-05:00,19.0,19.0,18.93000030517578,18.959999084472656,12722,0.0,0.0
2024-03-05 14:30:00-05:00,18.950000762939453,18.979999542236328,18.899999618530273,18.950000762939453,25329,0.0,0.0
2024-03-05 15:30:00-05:00,18.950000762939453,18.969999313354492,18.93000030517578,18.959999084472656,144155,0.0,0.0
2024-03-06 09:30:00-05:00,19.200000762939453,19.5,19.010000228881836,19.1200008392334,81834,0.0,0.0
2024-03-06 10:30:00-05:00,19.1200008392334,19.1200008392334,18.950000762939453,18.969999313354492,0,0.0,0.0
2024-03-06 11:30:00-05:00,19.0,19.0,18.94499969482422,18.950000762939453,14814,0.0,0.0
2024-03-06 12:30:00-05:00,18.950000762939453,18.979999542236328,18.899999618530273,18.940000534057617,11746,0.0,0.0
2024-03-06 13:30:00-05:00,18.93000030517578,18.940000534057617,18.889999389648438,18.940000534057617,12021,0.0,0.0
2024-03-06 14:30:00-05:00,18.93000030517578,19.010000228881836,18.799999237060547,18.860000610351562,20171,0.0,0.0
2024-03-06 15:30:00-05:00,18.860000610351562,18.950000762939453,18.84000015258789,18.864999771118164,137459,0.0,0.0
2024-03-07 09:30:00-05:00,18.780000686645508,19.030000686645508,18.290000915527344,18.299999237060547,74305,0.0,0.0
2024-03-07 10:30:00-05:00,18.299999237060547,18.299999237060547,18.1299991607666,18.200000762939453,103496,0.0,0.0
2024-03-07 11:30:00-05:00,18.200000762939453,18.290000915527344,18.09000015258789,18.280000686645508,66519,0.0,0.0
2024-03-07 12:30:00-05:00,18.299999237060547,18.299999237060547,18.200000762939453,18.229999542236328,17362,0.0,0.0
2024-03-07 13:30:00-05:00,18.229999542236328,18.229999542236328,18.139999389648438,18.190000534057617,20981,0.0,0.0
2024-03-07 14:30:00-05:00,18.190000534057617,18.290000915527344,18.190000534057617,18.239999771118164,21788,0.0,0.0
2024-03-07 15:30:00-05:00,18.260000228881836,18.360000610351562,18.219999313354492,18.229999542236328,48093,0.0,0.0
2024-03-08 09:30:00-05:00,18.229999542236328,18.5,18.010000228881836,18.190000534057617,82023,0.0,0.0
2024-03-08 10:30:00-05:00,18.190000534057617,18.350000381469727,18.18000030517578,18.225000381469727,27585,0.0,0.0
2024-03-08 11:30:00-05:00,18.225000381469727,18.360000610351562,18.225000381469727,18.350000381469727,26546,0.0,0.0
2024-03-08 12:30:00-05:00,18.350000381469727,18.350000381469727,18.25,18.264999389648438,15955,0.0,0.0
2024-03-08 13:30:00-05:00,18.270000457763672,18.309999465942383,18.239999771118164,18.290000915527344,20340,0.0,0.0
2024-03-08 14:30:00-05:00,18.290000915527344,18.329999923706055,18.209999084472656,18.209999084472656,28003,0.0,0.0
2024-03-08 15:30:00-05:00,18.209999084472656,18.25,18.1299991607666,18.170000076293945,49829,0.0,0.0
2024-03-11 09:30:00-04:00,18.299999237060547,18.979999542236328,18.299999237060547,18.93000030517578,60483,0.0,0.0
2024-03-11 10:30:00-04:00,18.93000030517578,19.0,18.739999771118164,18.739999771118164,39212,0.0,0.0
2024-03-11 11:30:00-04:00,18.729999542236328,18.809999465942383,18.700000762939453,18.790000915527344,20529,0.0,0.0
2024-03-11 12:30:00-04:00,18.78499984741211,18.969999313354492,18.78499984741211,18.969999313354492,21654,0.0,0.0
2024-03-11 13:30:00-04:00,18.969999313354492,18.979999542236328,18.899999618530273,18.920000076293945,19809,0.0,0.0
2024-03-11 14:30:00-04:00,18.90999984741211,18.90999984741211,18.719999313354492,18.729999542236328,22718,0.0,0.0
2024-03-11 15:30:00-04:00,18.700000762939453,18.764999389648438,18.690000534057617,18.690000534057617,28011,0.0,0.0
2024-03-12 09:30:00-04:00,19.010000228881836,19.43000030517578,19.0,19.209999084472656,87290,0.0,0.0
2024-03-12 10:30:00-04:00,19.200000762939453,19.466999053955078,19.200000762939453,19.459400177001953,68753,0.0,0.0
2024-03-12 11:30:00-04:00,19.44499969482422,19.44499969482422,19.274999618530273,19.290000915527344,60654,0.0,0.0
2024-03-12 12:30:00-04:00,19.30500030517578,19.31999969482422,19.190000534057617,19.2450008392334,19597,0.0,0.0
2024-03-12 13:30:00-04:00,19.239999771118164,19.290000915527344,19.209999084472656,19.239999771118164,25368,0.0,0.0
2024-03-12 14:30:00-04:00,19.239999771118164,19.239999771118164,19.149999618530273,19.165000915527344,34840,0.0,0.0
2024-03-12 15:30:00-04:00,19.170000076293945,19.290000915527344,19.149999618530273,19.270000457763672,48355,0.0,0.0
2024-03-13 09:30:00-04:00,19.40999984741211,19.649999618530273,19.2450008392334,19.485000610351562,88187,0.0,0.0
2024-03-13 10:30:00-04:00,19.479999542236328,19.690000534057617,19.40999984741211,19.6299991607666,145927,0.0,0.0
2024-03-13 11:30:00-04:00,19.639999389648438,19.790000915527344,19.600000381469727,19.6299991607666,190753,0.0,0.0
2024-03-13 12:30:00-04:00,19.6299991607666,19.65999984741211,19.579999923706055,19.65999984741211,25057,0.0,0.0
2024-03-13 13:30:00-04:00,19.65999984741211,19.780000686645508,19.639999389648438,19.780000686645508,51474,0.0,0.0
2024-03-13 14:30:00-04:00,19.780000686645508,19.799999237060547,19.75,19.78499984741211,67376,0.0,0.0
2024-03-13 15:30:00-04:00,19.790000915527344,19.790000915527344,19.729999542236328,19.790000915527344,78253,0.0,0.0
2024-03-14 09:30:00-04:00,19.799999237060547,19.799999237060547,19.56999969482422,19.6299991607666,91689,0.0,0.0
2024-03-14 10:30:00-04:00,19.649999618530273,19.700000762939453,19.56999969482422,19.59000015258789,38948,0.0,0.0
2024-03-14 11:30:00-04:00,19.579999923706055,19.655000686645508,19.579999923706055,19.610000610351562,40136,0.0,0.0
2024-03-14 12:30:00-04:00,19.614999771118164,19.6299991607666,19.510000228881836,19.520000457763672,29274,0.0,0.0
2024-03-14 13:30:00-04:00,19.530000686645508,19.610000610351562,19.459999084472656,19.600000381469727,119528,0.0,0.0
2024-03-14 14:30:00-04:00,19.600000381469727,19.639999389648438,19.354999542236328,19.420000076293945,81874,0.0,0.0
2024-03-14 15:30:00-04:00,19.420000076293945,19.469999313354492,19.360000610351562,19.40999984741211,77919,0.0,0.0
2024-03-15 09:30:00-04:00,19.399999618530273,19.450000762939453,19.170000076293945,19.420000076293945,40553,0.0,0.0
2024-03-15 10:30:00-04:00,19.405000686645508,19.5,19.270000457763672,19.360000610351562,19990,0.0,0.0
2024-03-15 11:30:00-04:00,19.360000610351562,19.420000076293945,19.280000686645508,19.40999984741211,16567,0.0,0.0
2024-03-15 12:30:00-04:00,19.399999618530273,19.489999771118164,19.395000457763672,19.440000534057617,19084,0.0,0.0
2024-03-15 13:30:00-04:00,19.434999465942383,19.5,19.375,19.3799991607666,131578,0.0,0.0
2024-03-15 14:30:00-04:00,19.399999618530273,19.440000534057617,19.309999465942383,19.389999389648438,0,0.0,0.0
2024-03-15 15:30:00-04:00,19.389999389648438,19.5,19.309999465942383,19.360000610351562,116461,0.0,0.0
2024-03-18 09:30:00-04:00,19.389999389648438,19.600000381469727,19.3799991607666,19.520000457763672,127806,0.0,0.0
2024-03-18 10:30:00-04:00,19.520000457763672,19.649999618530273,19.5,19.610000610351562,40183,0.0,0.0
2024-03-18 11:30:00-04:00,19.6200008392334,19.68000030517578,19.59000015258789,19.59000015258789,25791,0.0,0.0
2024-03-18 12:30:00-04:00,19.59000015258789,19.600000381469727,19.530000686645508,19.540000915527344,25429,0.0,0.0
2024-03-18 13:30:00-04:00,19.530000686645508,19.579999923706055,19.510000228881836,19.540000915527344,23362,0.0,0.0
2024-03-18 14:30:00-04:00,19.540000915527344,19.68000030517578,19.5,19.635000228881836,97016,0.0,0.0
2024-03-18 15:30:00-04:00,19.6200008392334,19.68000030517578,19.6200008392334,19.68000030517578,39559,0.0,0.0
2024-03-19 09:30:00-04:00,19.610000610351562,19.6299991607666,19.31999969482422,19.329999923706055,32793,0.0,0.0
2024-03-19 10:30:00-04:00,19.31999969482422,19.420000076293945,19.209999084472656,19.3700008392334,29240,0.0,0.0
2024-03-19 11:30:00-04:00,19.389999389648438,19.540000915527344,19.389999389648438,19.510000228881836,20277,0.0,0.0
2024-03-19 12:30:00-04:00,19.510000228881836,19.520000457763672,19.40250015258789,19.40250015258789,23945,0.0,0.0
2024-03-19 13:30:00-04:00,19.395000457763672,19.420000076293945,19.325000762939453,19.420000076293945,21782,0.0,0.0
2024-03-19 14:30:00-04:00,19.420000076293945,19.469999313354492,19.280000686645508,19.290000915527344,25292,0.0,0.0
2024-03-19 15:30:00-04:00,19.280000686645508,19.329999923706055,19.239999771118164,19.309999465942383,62476,0.0,0.0
2024-03-20 09:30:00-04:00,19.479999542236328,19.729999542236328,19.309999465942383,19.43000030517578,107448,0.0,0.0
2024-03-20 10:30:00-04:00,19.450000762939453,19.559999465942383,19.34000015258789,19.34000015258789,79180,0.0,0.0
2024-03-20 11:30:00-04:00,19.34000015258789,19.420000076293945,19.34000015258789,19.415000915527344,33444,0.0,0.0
2024-03-20 12:30:00-04:00,19.420000076293945,19.450000762939453,19.350000381469727,19.43000030517578,42721,0.0,0.0
2024-03-20 13:30:00-04:00,19.43000030517578,19.450000762939453,19.31999969482422,19.375,108662,0.0,0.0
2024-03-20 14:30:00-04:00,19.389999389648438,19.520000457763672,19.364999771118164,19.479999542236328,156909,0.0,0.0
2024-03-20 15:30:00-04:00,19.475000381469727,19.5,19.440000534057617,19.440000534057617,178574,0.0,0.0
2024-03-21 09:30:00-04:00,19.399999618530273,19.399999618530273,18.950000762939453,19.09000015258789,0,0.0,0.0
2024-03-21 10:30:00-04:00,19.09000015258789,19.114999771118164,18.7549991607666,18.760000228881836,70231,0.0,0.0
2024-03-21 11:30:00-04:00,18.780000686645508,18.8799991607666,18.709999084472656,18.809999465942383,139994,0.0,0.0
2024-03-21 12:30:00-04:00,18.809999465942383,18.920000076293945,18.770000457763672,18.899999618530273,59728,0.0,0.0
2024-03-21 13:30:00-04:00,18.920000076293945,19.010000228881836,18.8700008392334,19.010000228881836,42520,0.0,0.0
2024-03-21 14:30:00-04:00,19.0,19.09000015258789,18.969999313354492,19.059999465942383,55306,0.0,0.0
2024-03-21 15:30:00-04:00,19.059999465942383,19.09000015258789,19.0,19.079999923706055,92932,0.0,0.0
2024-03-22 09:30:00-04:00,18.959999084472656,19.075000762939453,18.780000686645508,18.90999984741211,74689,0.0,0.0
2024-03-22 10:30:00-04:00,18.915000915527344,18.979999542236328,18.8700008392334,18.950000762939453,52078,0.0,0.0
2024-03-22 11:30:00-04:00,18.94499969482422,18.989999771118164,18.875,18.959999084472656,53716,0.0,0.0
2024-03-22 12:30:00-04:00,18.959999084472656,19.0,18.954999923706055,18.969999313354492,36705,0.0,0.0
2024-03-22 13:30:00-04:00,18.979999542236328,19.06999969482422,18.979999542236328,19.040000915527344,54304,0.0,0.0
2024-03-22 14:30:00-04:00,19.040000915527344,19.040000915527344,18.829999923706055,19.0,68103,0.0,0.0
2024-03-22 15:30:00-04:00,19.020000457763672,19.020000457763672,18.959999084472656,19.0,101454,0.0,0.0
2024-03-25 09:30:00-04:00,19.170000076293945,19.34000015258789,19.065000534057617,19.280000686645508,108092,0.0,0.0
2024-03-25 10:30:00-04:00,19.270000457763672,19.30500030517578,19.219999313354492,19.25,28951,0.0,0.0
2024-03-25 11:30:00-04:00,19.25,19.25,19.0,19.040000915527344,28057,0.0,0.0
2024-03-25 12:30:00-04:00,19.049999237060547,19.229999542236328,19.049999237060547,19.0575008392334,39689,0.0,0.0
2024-03-25 13:30:00-04:00,19.079999923706055,19.200000762939453,19.06999969482422,19.149999618530273,29443,0.0,0.0
2024-03-25 14:30:00-04:00,19.15999984741211,19.209999084472656,19.149999618530273,19.174999237060547,36867,0.0,0.0
2024-03-25 15:30:00-04:00,19.174999237060547,19.270000457763672,19.174999237060547,19.260000228881836,74169,0.0,0.0
2024-03-26 09:30:00-04:00,19.395000457763672,19.450000762939453,19.25,19.270000457763672,23186,0.0,0.0
2024-03-26 10:30:00-04:00,19.229999542236328,19.299999237060547,19.219999313354492,19.290000915527344,136615,0.0,0.0
2024-03-26 11:30:00-04:00,19.295000076293945,19.295000076293945,19.100000381469727,19.165000915527344,25726,0.0,0.0
2024-03-26 12:30:00-04:00,19.15999984741211,19.174999237060547,19.1200008392334,19.170000076293945,28692,0.0,0.0
2024-03-26 13:30:00-04:00,19.170000076293945,19.18000030517578,19.139999389648438,19.170000076293945,27627,0.0,0.0
2024-03-26 14:30:00-04:00,19.170000076293945,19.25,19.15999984741211,19.170000076293945,111864,0.0,0.0
2024-03-26 15:30:00-04:00,19.15999984741211,19.209999084472656,19.1299991607666,19.18000030517578,48699,0.0,0.0
2024-03-27 09:30:00-04:00,19.1200008392334,19.200000762939453,18.94499969482422,19.1200008392334,158838,0.0,0.0
2024-03-27 10:30:00-04:00,19.110000610351562,19.280000686645508,19.09000015258789,19.170000076293945,48474,0.0,0.0
2024-03-27 11:30:00-04:00,19.170000076293945,19.184999465942383,19.1200008392334,19.170000076293945,70716,0.0,0.0
2024-03-27 12:30:00-04:00,19.15999984741211,19.15999984741211,19.040000915527344,19.049999237060547,63181,0.0,0.0
2024-03-27 13:30:00-04:00,19.049999237060547,19.075000762939453,19.049999237060547,19.06999969482422,43732,0.0,0.0
2024-03-27 14:30:00-04:00,19.059999465942383,19.110000610351562,18.979999542236328,18.989999771118164,64729,0.0,0.0
2024-03-27 15:30:00-04:00,19.0,19.010000228881836,18.90999984741211,18.969999313354492,118581,0.0,0.0
2024-03-28 09:30:00-04:00,19.200000762939453,19.399999618530273,18.020000457763672,18.315000534057617,433382,0.0,0.0
2024-03-28 10:30:00-04:00,18.34000015258789,18.489999771118164,18.079999923706055,18.184999465942383,151598,0.0,0.0
2024-03-28 11:30:00-04:00,18.225000381469727,18.290000915527344,17.739999771118164,17.979999542236328,103659,0.0,0.0
2024-03-28 12:30:00-04:00,17.969999313354492,17.989999771118164,17.600000381469727,17.799999237060547,148991,0.0,0.0
2024-03-28 13:30:00-04:00,17.799999237060547,17.799999237060547,17.600000381469727,17.760000228881836,105947,0.0,0.0
2024-03-28 14:30:00-04:00,17.739999771118164,17.829999923706055,17.559999465942383,17.739999771118164,286392,0.0,0.0
2024-03-28 15:30:00-04:00,17.739999771118164,17.959999084472656,17.700000762939453,17.959999084472656,308869,0.0,0.0
2024-04-01 09:30:00-04:00,18.09000015258789,18.597000122070312,17.790000915527344,18.399999618530273,327751,0.0,0.0
2024-04-01 10:30:00-04:00,18.393400192260742,18.6200008392334,18.393400192260742,18.489999771118164,229581,0.0,0.0
2024-04-01 11:30:00-04:00,18.489999771118164,18.565000534057617,18.395000457763672,18.510000228881836,176340,0.0,0.0
2024-04-01 12:30:00-04:00,18.520000457763672,18.610000610351562,18.459999084472656,18.610000610351562,106911,0.0,0.0
2024-04-01 13:30:00-04:00,18.59000015258789,18.649999618530273,18.5,18.579999923706055,107997,0.0,0.0
2024-04-01 14:30:00-04:00,18.579999923706055,18.600000381469727,18.43000030517578,18.524999618530273,119346,0.0,0.0
2024-04-01 15:30:00-04:00,18.52199935913086,18.579999923706055,18.440000534057617,18.549999237060547,158039,0.0,0.0
2024-04-02 09:30:00-04:00,18.65999984741211,19.020000457763672,18.56999969482422,18.90999984741211,210201,0.0,0.0
2024-04-02 10:30:00-04:00,18.90999984741211,19.0,18.889999389648438,18.959999084472656,107518,0.0,0.0
2024-04-02 11:30:00-04:00,18.957500457763672,19.0,18.905000686645508,19.0,53245,0.0,0.0
2024-04-02 12:30:00-04:00,19.0,19.0,18.90999984741211,18.989999771118164,39137,0.0,0.0
2024-04-02 13:30:00-04:00,18.985000610351562,19.0,18.950000762939453,18.969999313354492,44463,0.0,0.0
2024-04-02 14:30:00-04:00,18.969999313354492,18.969999313354492,18.8799991607666,18.93000030517578,55323,0.0,0.0
2024-04-02 15:30:00-04:00,18.934999465942383,19.0,18.920000076293945,18.979999542236328,115287,0.0,0.0
2024-04-03 09:30:00-04:00,18.899999618530273,18.989999771118164,18.780000686645508,18.790000915527344,82479,0.0,0.0
2024-04-03 10:30:00-04:00,18.790000915527344,18.809999465942383,18.75,18.799999237060547,12335,0.0,0.0
2024-04-03 11:30:00-04:00,18.799999237060547,18.809999465942383,18.75,18.799999237060547,23592,0.0,0.0
2024-04-03 12:30:00-04:00,18.799999237060547,18.899999618530273,18.799999237060547,18.877500534057617,24269,0.0,0.0
2024-04-03 13:30:00-04:00,18.885000228881836,19.0,18.877500534057617,18.979999542236328,24679,0.0,0.0
2024-04-03 14:30:00-04:00,18.969999313354492,18.989999771118164,18.90999984741211,18.979999542236328,23457,0.0,0.0
2024-04-03 15:30:00-04:00,18.959999084472656,19.0,18.940000534057617,18.979999542236328,70885,0.0,0.0
2024-04-04 09:30:00-04:00,18.860000610351562,18.915000915527344,18.625,18.625,38679,0.0,0.0
2024-04-04 10:30:00-04:00,18.600000381469727,18.639999389648438,18.5,18.56999969482422,29086,0.0,0.0
2024-04-04 11:30:00-04:00,18.56999969482422,18.639999389648438,18.56999969482422,18.59000015258789,13574,0.0,0.0
2024-04-04 12:30:00-04:00,18.59000015258789,18.600000381469727,18.549999237060547,18.59000015258789,10974,0.0,0.0
2024-04-04 13:30:00-04:00,18.610000610351562,18.690000534057617,18.559999465942383,18.614999771118164,28859,0.0,0.0
2024-04-04 14:30:00-04:00,18.600000381469727,18.600000381469727,18.17099952697754,18.17099952697754,51116,0.0,0.0
2024-04-04 15:30:00-04:00,18.170000076293945,18.25,18.079999923706055,18.209999084472656,123156,0.0,0.0
2024-04-05 09:30:00-04:00,18.270000457763672,18.59000015258789,18.170000076293945,18.540000915527344,0,0.0,0.0
2024-04-05 10:30:00-04:00,18.530000686645508,18.540000915527344,18.3799991607666,18.3799991607666,25191,0.0,0.0
2024-04-05 11:30:00-04:00,18.399999618530273,18.454999923706055,18.329999923706055,18.43000030517578,12914,0.0,0.0
2024-04-05 12:30:00-04:00,18.40999984741211,18.46500015258789,18.40999984741211,18.440000534057617,8670,0.0,0.0
2024-04-05 13:30:00-04:00,18.479999542236328,18.489999771118164,18.399999618530273,18.405000686645508,14335,0.0,0.0
2024-04-05 14:30:00-04:00,18.389999389648438,18.399999618530273,18.27750015258789,18.34000015258789,19016,0.0,0.0
2024-04-05 15:30:00-04:00,18.329999923706055,18.389999389648438,18.329999923706055,18.389999389648438,17143,0.0,0.0
2024-04-08 09:30:00-04:00,18.5,18.799999237060547,18.31999969482422,18.3799991607666,37615,0.0,0.0
2024-04-08 10:30:00-04:00,18.3700008392334,18.55500030517578,18.360000610351562,18.53499984741211,40225,0.0,0.0
2024-04-08 11:30:00-04:00,18.530000686645508,18.540000915527344,18.399999618530273,18.399999618530273,34687,0.0,0.0
2024-04-08 12:30:00-04:00,18.420000076293945,18.440000534057617,18.36359977722168,18.3799991607666,22615,0.0,0.0
2024-04-08 13:30:00-04:00,18.389999389648438,18.43000030517578,18.3799991607666,18.420000076293945,17682,0.0,0.0
2024-04-08 14:30:00-04:00,18.3799991607666,18.40999984741211,18.350000381469727,18.40999984741211,20328,0.0,0.0
2024-04-08 15:30:00-04:00,18.40999984741211,18.469999313354492,18.375,18.450000762939453,46598,0.0,0.0
2024-04-09 09:30:00-04:00,18.5,18.565000534057617,18.308300018310547,18.530000686645508,64013,0.0,0.0
2024-04-09 10:30:00-04:00,18.489999771118164,18.610000610351562,18.479999542236328,18.479999542236328,77427,0.0,0.0
2024-04-09 11:30:00-04:00,18.5,18.520000457763672,18.450000762939453,18.514999389648438,60069,0.0,0.0
2024-04-09 12:30:00-04:00,18.514999389648438,18.579999923706055,18.510000228881836,18.540000915527344,35174,0.0,0.0
2024-04-09 13:30:00-04:00,18.549999237060547,18.614999771118164,18.479999542236328,18.600000381469727,61665,0.0,0.0
2024-04-09 14:30:00-04:00,18.584999084472656,18.59000015258789,18.487499237060547,18.530000686645508,59107,0.0,0.0
2024-04-09 15:30:00-04:00,18.530000686645508,18.59000015258789,18.514999389648438,18.579999923706055,75653,0.0,0.0
2024-04-10 09:30:00-04:00,18.600000381469727,18.649999618530273,18.489999771118164,18.49530029296875,75269,0.0,0.0
2024-04-10 10:30:00-04:00,18.489999771118164,18.5,18.18000030517578,18.239999771118164,129323,0.0,0.0
2024-04-10 11:30:00-04:00,18.219999313354492,18.229999542236328,18.040000915527344,18.05500030517578,86391,0.0,0.0
2024-04-10 12:30:00-04:00,18.04599952697754,18.1200008392334,18.0,18.079999923706055,51212,0.0,0.0
2024-04-10 13:30:00-04:00,18.09000015258789,18.104999542236328,18.059999465942383,18.100000381469727,64823,0.0,0.0
2024-04-10 14:30:00-04:00,18.100000381469727,18.579999923706055,18.010000228881836,18.084999084472656,44360,0.0,0.0
2024-04-10 15:30:00-04:00,18.079999923706055,18.1299991607666,18.049999237060547,18.100000381469727,126725,0.0,0.0
2024-04-11 09:30:00-04:00,18.190000534057617,18.399999618530273,18.1200008392334,18.139999389648438,99093,0.0,0.0
2024-04-11 10:30:00-04:00,18.174999237060547,18.209999084472656,18.0,18.06999969482422,80687,0.0,0.0
2024-04-11 11:30:00-04:00,18.049999237060547,18.190000534057617,18.0,18.149999618530273,89280,0.0,0.0
2024-04-11 12:30:00-04:00,18.149999618530273,18.24519920349121,18.100000381469727,18.229999542236328,48458,0.0,0.0
2024-04-11 13:30:00-04:00,18.239999771118164,18.25,18.170000076293945,18.239999771118164,32103,0.0,0.0
2024-04-11 14:30:00-04:00,18.256000518798828,18.260000228881836,18.200000762939453,18.260000228881836,44670,0.0,0.0
2024-04-11 15:30:00-04:00,18.260000228881836,18.309999465942383,18.219999313354492,18.239999771118164,90903,0.0,0.0
2024-04-12 09:30:00-04:00,18.079999923706055,18.079999923706055,17.81999969482422,17.899999618530273,0,0.0,0.0
2024-04-12 10:30:00-04:00,17.905000686645508,17.90999984741211,17.770000457763672,17.795000076293945,111541,0.0,0.0
2024-04-12 11:30:00-04:00,17.790000915527344,17.81999969482422,17.75,17.78499984741211,67634,0.0,0.0
2024-04-12 12:30:00-04:00,17.788000106811523,17.80500030517578,17.68000030517578,17.690000534057617,84335,0.0,0.0
2024-04-12 13:30:00-04:00,17.690000534057617,17.950000762939453,17.68000030517578,17.790000915527344,119131,0.0,0.0
2024-04-12 14:30:00-04:00,17.795000076293945,17.829999923706055,17.65999984741211,17.68000030517578,96302,0.0,0.0
2024-04-12 15:30:00-04:00,17.670000076293945,17.760000228881836,17.65999984741211,17.760000228881836,112961,0.0,0.0
2024-04-15 09:30:00-04:00,17.860000610351562,17.8799991607666,17.555999755859375,17.59000015258789,90306,0.0,0.0
2024-04-15 10:30:00-04:00,17.600000381469727,17.649999618530273,17.5,17.59000015258789,59018,0.0,0.0
2024-04-15 11:30:00-04:00,17.59000015258789,17.68000030517578,17.530000686645508,17.540000915527344,55961,0.0,0.0
2024-04-15 12:30:00-04:00,17.524999618530273,17.540000915527344,17.329999923706055,17.329999923706055,37961,0.0,0.0
2024-04-15 13:30:00-04:00,17.309999465942383,17.360000610351562,17.219999313354492,17.229999542236328,58296,0.0,0.0
2024-04-15 14:30:00-04:00,17.219999313354492,17.325000762939453,17.219999313354492,17.260000228881836,76334,0.0,0.0
2024-04-15 15:30:00-04:00,17.260000228881836,17.426000595092773,17.25,17.3799991607666,90940,0.0,0.0
2024-04-16 09:30:00-04:00,17.31999969482422,17.360000610351562,16.8700008392334,16.959999084472656,183382,0.0,0.0
2024-04-16 10:30:00-04:00,17.0,17.010000228881836,16.899999618530273,16.969999313354492,90959,0.0,0.0
2024-04-16 11:30:00-04:00,16.959999084472656,16.959999084472656,16.780000686645508,16.8700008392334,133907,0.0,0.0
2024-04-16 12:30:00-04:00,16.8700008392334,17.06999969482422,16.8700008392334,17.03499984741211,95481,0.0,0.0
2024-04-16 13:30:00-04:00,17.0,17.18000030517578,16.934999465942383,17.110000610351562,103474,0.0,0.0
2024-04-16 14:30:00-04:00,17.110000610351562,17.31999969482422,17.110000610351562,17.2549991607666,138155,0.0,0.0
2024-04-16 15:30:00-04:00,17.260000228881836,17.299999237060547,17.200000762939453,17.290000915527344,275173,0.0,0.0
2024-04-17 09:30:00-04:00,17.360000610351562,17.360000610351562,16.84000015258789,16.850000381469727,82676,0.0,0.0
2024-04-17 10:30:00-04:00,16.850000381469727,17.110000610351562,16.84000015258789,16.969999313354492,138890,0.0,0.0
2024-04-17 11:30:00-04:00,16.962499618530273,17.209999084472656,16.90999984741211,17.104000091552734,91551,0.0,0.0
2024-04-17 12:30:00-04:00,17.100000381469727,17.260000228881836,16.975000381469727,17.260000228881836,97924,0.0,0.0
2024-04-17 13:30:00-04:00,17.28499984741211,17.309999465942383,17.190000534057617,17.290000915527344,57409,0.0,0.0
2024-04-17 14:30:00-04:00,17.299999237060547,17.329999923706055,17.049999237060547,17.049999237060547,48550,0.0,0.0
2024-04-17 15:30:00-04:00,17.030000686645508,17.100000381469727,17.0,17.030000686645508,77439,0.0,0.0
2024-04-18 09:30:00-04:00,17.149999618530273,17.530000686645508,17.139999389648438,17.459999084472656,71408,0.0,0.0
2024-04-18 10:30:00-04:00,17.469999313354492,17.719999313354492,17.434999465942383,17.6299991607666,67433,0.0,0.0
2024-04-18 11:30:00-04:00,17.6299991607666,17.684999465942383,17.534000396728516,17.549999237060547,64698,0.0,0.0
2024-04-18 12:30:00-04:00,17.540000915527344,17.56999969482422,17.459999084472656,17.459999084472656,21285,0.0,0.0
2024-04-18 13:30:00-04:00,17.459999084472656,17.489999771118164,17.37820053100586,17.450000762939453,31787,0.0,0.0
2024-04-18 14:30:00-04:00,17.434999465942383,17.469999313354492,17.295000076293945,17.44499969482422,45961,0.0,0.0
2024-04-18 15:30:00-04:00,17.434999465942383,17.5,17.389999389648438,17.389999389648438,73099,0.0,0.0
2024-04-19 09:30:00-04:00,17.18000030517578,17.492700576782227,17.18000030517578,17.35070037841797,60031,0.0,0.0
2024-04-19 10:30:00-04:00,17.364999771118164,17.386999130249023,17.329999923706055,17.3700008392334,56794,0.0,0.0
2024-04-19 11:30:00-04:00,17.360000610351562,17.3700008392334,17.200000762939453,17.219999313354492,62039,0.0,0.0
2024-04-19 12:30:00-04:00,17.21500015258789,17.31999969482422,17.15999984741211,17.299999237060547,28291,0.0,0.0
2024-04-19 13:30:00-04:00,17.309999465942383,17.34000015258789,17.239999771118164,17.260000228881836,23268,0.0,0.0
2024-04-19 14:30:00-04:00,17.260000228881836,17.290000915527344,17.190000534057617,17.22100067138672,60776,0.0,0.0
2024-04-19 15:30:00-04:00,17.235000610351562,17.280000686645508,17.200000762939453,17.280000686645508,111931,0.0,0.0
2024-04-22 09:30:00-04:00,17.420000076293945,17.770000457763672,17.399999618530273,17.46500015258789,50779,0.0,0.0
2024-04-22 10:30:00-04:00,17.479999542236328,17.489999771118164,17.239999771118164,17.489999771118164,17612,0.0,0.0
2024-04-22 11:30:00-04:00,17.510000228881836,17.549999237060547,17.459999084472656,17.536500930786133,15214,0.0,0.0
2024-04-22 12:30:00-04:00,17.524999618530273,17.6200008392334,17.5,17.610000610351562,17126,0.0,0.0
2024-04-22 13:30:00-04:00,17.6299991607666,17.649999618530273,17.575000762939453,17.59000015258789,15397,0.0,0.0
2024-04-22 14:30:00-04:00,17.600000381469727,17.6299991607666,17.56999969482422,17.584999084472656,16016,0.0,0.0
2024-04-22 15:30:00-04:00,17.584999084472656,17.59000015258789,17.5049991607666,17.510000228881836,45450,0.0,0.0
2024-04-23 09:30:00-04:00,17.739999771118164,18.040000915527344,17.739999771118164,17.985000610351562,174625,0.0,0.0
2024-04-23 10:30:00-04:00,17.979999542236328,17.979999542236328,17.780000686645508,17.950000762939453,259565,0.0,0.0
2024-04-23 11:30:00-04:00,17.949899673461914,18.030000686645508,17.829999923706055,17.875,61584,0.0,0.0
2024-04-23 12:30:00-04:00,17.850000381469727,17.90999984741211,17.790000915527344,17.8700008392334,60490,0.0,0.0
2024-04-23 13:30:00-04:00,17.875,17.875,17.799999237060547,17.81999969482422,52362,0.0,0.0
2024-04-23 14:30:00-04:00,17.81999969482422,17.850000381469727,17.799999237060547,17.809999465942383,72542,0.0,0.0
2024-04-23 15:30:00-04:00,17.809999465942383,17.84000015258789,17.75,17.780000686645508,127034,0.0,0.0
2024-04-24 09:30:00-04:00,18.020000457763672,18.29800033569336,18.0,18.200000762939453,0,0.0,0.0
2024-04-24 10:30:00-04:00,18.200000762939453,18.3700008392334,18.020000457763672,18.09000015258789,176044,0.0,0.0
2024-04-24 11:30:00-04:00,18.079999923706055,18.09000015258789,18.020000457763672,18.059999465942383,85828,0.0,0.0
2024-04-24 12:30:00-04:00,18.065000534057617,18.260000228881836,18.03499984741211,18.170000076293945,88358,0.0,0.0
2024-04-24 13:30:00-04:00,18.170000076293945,18.290000915527344,18.15999984741211,18.28499984741211,99179,0.0,0.0
2024-04-24 14:30:00-04:00,18.28499984741211,18.40999984741211,18.21500015258789,18.399999618530273,150579,0.0,0.0
2024-04-24 15:30:00-04:00,18.40999984741211,18.530000686645508,18.399999618530273,18.40999984741211,158509,0.0,0.0
2024-04-25 09:30:00-04:00,18.399999618530273,18.6299991607666,18.209999084472656,18.56999969482422,0,0.0,0.0
2024-04-25 10:30:00-04:00,18.575000762939453,18.649999618530273,18.420000076293945,18.510000228881836,241409,0.0,0.0
2024-04-25 11:30:00-04:00,18.5,18.5,18.0,18.46500015258789,1013812,0.0,0.0
2024-04-25 12:30:00-04:00,18.46500015258789,18.4950008392334,18.25,18.309999465942383,175759,0.0,0.0
2024-04-25 13:30:00-04:00,18.30500030517578,18.34000015258789,18.2549991607666,18.30500030517578,135578,0.0,0.0
2024-04-25 14:30:00-04:00,18.299999237060547,18.43000030517578,18.280000686645508,18.3799991607666,142316,0.0,0.0
2024-04-25 15:30:00-04:00,18.3799991607666,18.450000762939453,18.329999923706055,18.40999984741211,283455,0.0,0.0
2024-04-26 09:30:00-04:00,18.549999237060547,18.860000610351562,18.549999237060547,18.6299991607666,283469,0.0,0.0
2024-04-26 10:30:00-04:00,18.6299991607666,18.860000610351562,18.6299991607666,18.795000076293945,92361,0.0,0.0
2024-04-26 11:30:00-04:00,18.80970001220703,18.80970001220703,18.59000015258789,18.639999389648438,45919,0.0,0.0
2024-04-26 12:30:00-04:00,18.639999389648438,18.670000076293945,18.600000381469727,18.625,22917,0.0,0.0
2024-04-26 13:30:00-04:00,18.6299991607666,18.700000762939453,18.6299991607666,18.670000076293945,50557,0.0,0.0
2024-04-26 14:30:00-04:00,18.670000076293945,18.729999542236328,18.65999984741211,18.690000534057617,75470,0.0,0.0
2024-04-26 15:30:00-04:00,18.700000762939453,18.700000762939453,18.600000381469727,18.670000076293945,110927,0.0,0.0
2024-04-29 09:30:00-04:00,18.690000534057617,18.690000534057617,18.1200008392334,18.235000610351562,67006,0.0,0.0
2024-04-29 10:30:00-04:00,18.219999313354492,18.25,18.100000381469727,18.149999618530273,44206,0.0,0.0
2024-04-29 11:30:00-04:00,18.15999984741211,18.170000076293945,18.09000015258789,18.145000457763672,37439,0.0,0.0
2024-04-29 12:30:00-04:00,18.15999984741211,18.174999237060547,17.940000534057617,17.979999542236328,36015,0.0,0.0
2024-04-29 13:30:00-04:00,17.989999771118164,18.0,17.93000030517578,17.94499969482422,29505,0.0,0.0
2024-04-29 14:30:00-04:00,17.90999984741211,18.020000457763672,17.8799991607666,17.899999618530273,62437,0.0,0.0
2024-04-29 15:30:00-04:00,17.90999984741211,18.0,17.889999389648438,18.0,139676,0.0,0.0
2024-04-30 09:30:00-04:00,17.899999618530273,17.989999771118164,17.709999084472656,17.969999313354492,151421,0.0,0.0
2024-04-30 10:30:00-04:00,17.979999542236328,17.989999771118164,17.8700008392334,17.934999465942383,107667,0.0,0.0
2024-04-30 11:30:00-04:00,17.93000030517578,18.0,17.90999984741211,17.94499969482422,89475,0.0,0.0
2024-04-30 12:30:00-04:00,17.96500015258789,17.969999313354492,17.895000457763672,17.899999618530273,75042,0.0,0.0
2024-04-30 13:30:00-04:00,17.899999618530273,17.90999984741211,17.844999313354492,17.8700008392334,69708,0.0,0.0
2024-04-30 14:30:00-04:00,17.864999771118164,17.899999618530273,17.850000381469727,17.889999389648438,106650,0.0,0.0
2024-04-30 15:30:00-04:00,17.8799991607666,17.8799991607666,17.809999465942383,17.84000015258789,143857,0.0,0.0
2024-05-01 09:30:00-04:00,17.809999465942383,17.920000076293945,17.760000228881836,17.850000381469727,57438,0.0,0.0
2024-05-01 10:30:00-04:00,17.8700008392334,17.899999618530273,17.799999237060547,17.81999969482422,22323,0.0,0.0
2024-05-01 11:30:00-04:00,17.809999465942383,17.8700008392334,17.760000228881836,17.809999465942383,28436,0.0,0.0
2024-05-01 12:30:00-04:00,17.809999465942383,17.81999969482422,17.719999313354492,17.719999313354492,32678,0.0,0.0
2024-05-01 13:30:00-04:00,17.739999771118164,17.84000015258789,17.709999084472656,17.799999237060547,67514,0.0,0.0
2024-05-01 14:30:00-04:00,17.780000686645508,17.889999389648438,17.735000610351562,17.829999923706055,38659,0.0,0.0
2024-05-01 15:30:00-04:00,17.809999465942383,17.864999771118164,17.704999923706055,17.864999771118164,159800,0.0,0.0
2024-05-02 09:30:00-04:00,18.389999389648438,18.600000381469727,18.1200008392334,18.549999237060547,180037,0.0,0.0
2024-05-02 10:30:00-04:00,18.559999465942383,18.579999923706055,18.5,18.549999237060547,195551,0.0,0.0
2024-05-02 11:30:00-04:00,18.549999237060547,18.6299991607666,18.540000915527344,18.55500030517578,147404,0.0,0.0
2024-05-02 12:30:00-04:00,18.55500030517578,18.709999084472656,18.53499984741211,18.674999237060547,117732,0.0,0.0
2024-05-02 13:30:00-04:00,18.65999984741211,18.959999084472656,18.600000381469727,18.915000915527344,129147,0.0,0.0
2024-05-02 14:30:00-04:00,18.915000915527344,18.940000534057617,18.770000457763672,18.790000915527344,90601,0.0,0.0
2024-05-02 15:30:00-04:00,18.790000915527344,18.825000762939453,18.639999389648438,18.760000228881836,231804,0.0,0.0
2024-05-03 09:30:00-04:00,18.850000381469727,19.239999771118164,18.56999969482422,19.040000915527344,254637,0.0,0.0
2024-05-03 10:30:00-04:00,19.030000686645508,19.25,19.0,19.190000534057617,97608,0.0,0.0
2024-05-03 11:30:00-04:00,19.18000030517578,19.219999313354492,18.950000762939453,19.079999923706055,55370,0.0,0.0
2024-05-03 12:30:00-04:00,19.06999969482422,19.190000534057617,19.010000228881836,19.09000015258789,35913,0.0,0.0
2024-05-03 13:30:00-04:00,19.114999771118164,19.299999237060547,19.100000381469727,19.260000228881836,59378,0.0,0.0
2024-05-03 14:30:00-04:00,19.25,19.34000015258789,19.25,19.31999969482422,75435,0.0,0.0
2024-05-03 15:30:00-04:00,19.299999237060547,19.3799991607666,19.239999771118164,19.239999771118164,103651,0.0,0.0
2024-05-06 09:30:00-04:00,19.420000076293945,19.420000076293945,18.829999923706055,18.950000762939453,143048,0.0,0.0
2024-05-06 10:30:00-04:00,18.93000030517578,19.25,18.8700008392334,19.030000686645508,52036,0.0,0.0
2024-05-06 11:30:00-04:00,19.030000686645508,19.07200050354004,18.93000030517578,19.030000686645508,124495,0.0,0.0
2024-05-06 12:30:00-04:00,19.020000457763672,19.049999237060547,18.979999542236328,19.03499984741211,73999,0.0,0.0
2024-05-06 13:30:00-04:00,19.030000686645508,19.040000915527344,18.8700008392334,18.889999389648438,67972,0.0,0.0
2024-05-06 14:30:00-04:00,18.889999389648438,18.90999984741211,18.850000381469727,18.895000457763672,28240,0.0,0.0
2024-05-06 15:30:00-04:00,18.889999389648438,19.045000076293945,18.8799991607666,18.989999771118164,236183,0.0,0.0
2024-05-07 09:30:00-04:00,18.649999618530273,18.700000762939453,18.469999313354492,18.479999542236328,60127,0.0,0.0
2024-05-07 10:30:00-04:00,18.479999542236328,18.59000015258789,18.399999618530273,18.510000228881836,56142,0.0,0.0
2024-05-07 11:30:00-04:00,18.5,18.639999389648438,18.469999313354492,18.625,30553,0.0,0.0
2024-05-07 12:30:00-04:00,18.639999389648438,18.700000762939453,18.600000381469727,18.6299991607666,17718,0.0,0.0
2024-05-07 13:30:00-04:00,18.665000915527344,18.704999923706055,18.579999923706055,18.610000610351562,19357,0.0,0.0
2024-05-07 14:30:00-04:00,18.610000610351562,18.65999984741211,18.56999969482422,18.6299991607666,30138,0.0,0.0
2024-05-07 15:30:00-04:00,18.6299991607666,18.799999237060547,18.6200008392334,18.780000686645508,82784,0.0,0.0
2024-05-08 09:30:00-04:00,18.579999923706055,18.7549991607666,18.420000076293945,18.7549991607666,75791,0.0,0.0
2024-05-08 10:30:00-04:00,18.7549991607666,18.790000915527344,18.530000686645508,18.56999969482422,82455,0.0,0.0
2024-05-08 11:30:00-04:00,18.56999969482422,18.56999969482422,18.385000228881836,18.395000457763672,67196,0.0,0.0
2024-05-08 12:30:00-04:00,18.389999389648438,18.40999984741211,18.225000381469727,18.25,63162,0.0,0.0
2024-05-08 13:30:00-04:00,18.25,18.329999923706055,18.219999313354492,18.239999771118164,57117,0.0,0.0
2024-05-08 14:30:00-04:00,18.25,18.299999237060547,18.209999084472656,18.25,72554,0.0,0.0
2024-05-08 15:30:00-04:00,18.239999771118164,18.31999969482422,18.190000534057617,18.309999465942383,105849,0.0,0.0
2024-05-09 09:30:00-04:00,18.600000381469727,18.780000686645508,18.3700008392334,18.56999969482422,208679,0.0,0.0
2024-05-09 10:30:00-04:00,18.55500030517578,18.709999084472656,18.55500030517578,18.68000030517578,72016,0.0,0.0
2024-05-09 11:30:00-04:00,18.670000076293945,18.68000030517578,18.510000228881836,18.530000686645508,34934,0.0,0.0
2024-05-09 12:30:00-04:00,18.540000915527344,18.600000381469727,18.520000457763672,18.594999313354492,25451,0.0,0.0
2024-05-09 13:30:00-04:00,18.600000381469727,18.604999542236328,18.540000915527344,18.549999237060547,31753,0.0,0.0
2024-05-09 14:30:00-04:00,18.542499542236328,18.56999969482422,18.3799991607666,18.385000228881836,66415,0.0,0.0
2024-05-09 15:30:00-04:00,18.3799991607666,18.485000610351562,18.350000381469727,18.43000030517578,74539,0.0,0.0
2024-05-10 09:30:00-04:00,18.59000015258789,18.7549991607666,18.34000015258789,18.360000610351562,203527,0.0,0.0
2024-05-10 10:30:00-04:00,18.350000381469727,18.360000610351562,18.079999923706055,18.1299991607666,91394,0.0,0.0
2024-05-10 11:30:00-04:00,18.145000457763672,18.15250015258789,17.8700008392334,17.940000534057617,83749,0.0,0.0
2024-05-10 12:30:00-04:00,17.950000762939453,18.06999969482422,17.90999984741211,17.950000762939453,64717,0.0,0.0
2024-05-10 13:30:00-04:00,17.94499969482422,18.049999237060547,17.899999618530273,17.979999542236328,57139,0.0,0.0
2024-05-10 14:30:00-04:00,17.979999542236328,18.010000228881836,17.93000030517578,17.972000122070312,69019,0.0,0.0
2024-05-10 15:30:00-04:00,17.979999542236328,18.040000915527344,17.969999313354492,17.969999313354492,115181,0.0,0.0
2024-05-13 09:30:00-04:00,18.059999465942383,18.3700008392334,17.950000762939453,18.200000762939453,168821,0.0,0.0
2024-05-13 10:30:00-04:00,18.209999084472656,18.25,18.149999618530273,18.170000076293945,50084,0.0,0.0
2024-05-13 11:30:00-04:00,18.15999984741211,18.219999313354492,18.110000610351562,18.200000762939453,30047,0.0,0.0
2024-05-13 12:30:00-04:00,18.209999084472656,18.209999084472656,18.1200008392334,18.1200008392334,27446,0.0,0.0
2024-05-13 13:30:00-04:00,18.110000610351562,18.200000762939453,18.100099563598633,18.170000076293945,110236,0.0,0.0
2024-05-13 14:30:00-04:00,18.15999984741211,18.18000030517578,18.100000381469727,18.1299991607666,50047,0.0,0.0
2024-05-13 15:30:00-04:00,18.1299991607666,18.25,18.1200008392334,18.200000762939453,107742,0.0,0.0
2024-05-14 09:30:00-04:00,18.209999084472656,18.235000610351562,17.920000076293945,17.950000762939453,47592,0.0,0.0
2024-05-14 10:30:00-04:00,17.96500015258789,18.09000015258789,17.959999084472656,18.010000228881836,54240,0.0,0.0
2024-05-14 11:30:00-04:00,18.0,18.049999237060547,17.9950008392334,18.010000228881836,35682,0.0,0.0
2024-05-14 12:30:00-04:00,18.010000228881836,18.049999237060547,17.940000534057617,18.030000686645508,62531,0.0,0.0
2024-05-14 13:30:00-04:00,18.0049991607666,18.040000915527344,17.959999084472656,18.020000457763672,52149,0.0,0.0
2024-05-14 14:30:00-04:00,18.020000457763672,18.040000915527344,17.959999084472656,17.979999542236328,38888,0.0,0.0
2024-05-14 15:30:00-04:00,17.979999542236328,18.1299991607666,17.969999313354492,18.110000610351562,87127,0.0,0.0
2024-05-15 09:30:00-04:00,18.209999084472656,18.219999313354492,18.010000228881836,18.1299991607666,59442,0.0,0.0
2024-05-15 10:30:00-04:00,18.1200008392334,18.149999618530273,18.040000915527344,18.1200008392334,32787,0.0,0.0
2024-05-15 11:30:00-04:00,18.13800048828125,18.309999465942383,18.134000778198242,18.274999618530273,28814,0.0,0.0
2024-05-15 12:30:00-04:00,18.280000686645508,18.344999313354492,18.270000457763672,18.344999313354492,21932,0.0,0.0
2024-05-15 13:30:00-04:00,18.344999313354492,18.389999389648438,18.299999237060547,18.360000610351562,29747,0.0,0.0
2024-05-15 14:30:00-04:00,18.354999542236328,18.3799991607666,18.270000457763672,18.334999084472656,19716,0.0,0.0
2024-05-15 15:30:00-04:00,18.334999084472656,18.334999084472656,18.209999084472656,18.299999237060547,66078,0.0,0.0
2024-05-16 09:30:00-04:00,18.399999618530273,18.399999618530273,18.149999618530273,18.34000015258789,32769,0.0,0.0
2024-05-16 10:30:00-04:00,18.350000381469727,18.6200008392334,18.309999465942383,18.600000381469727,84634,0.0,0.0
2024-05-16 11:30:00-04:00,18.610000610351562,18.6299991607666,18.389999389648438,18.399999618530273,84086,0.0,0.0
2024-05-16 12:30:00-04:00,18.40999984741211,18.56999969482422,18.399999618530273,18.559999465942383,43258,0.0,0.0
2024-05-16 13:30:00-04:00,18.559999465942383,18.665000915527344,18.559999465942383,18.645000457763672,42196,0.0,0.0
2024-05-16 14:30:00-04:00,18.645000457763672,18.739999771118164,18.600000381469727,18.719999313354492,76634,0.0,0.0
2024-05-16 15:30:00-04:00,18.709999084472656,18.760000228881836,18.530000686645508,18.559999465942383,108464,0.0,0.0
2024-05-17 09:30:00-04:00,18.479999542236328,18.690000534057617,18.219999313354492,18.68000030517578,124121,0.0,0.0
2024-05-17 10:30:00-04:00,18.670000076293945,18.799999237060547,18.579999923706055,18.780000686645508,122422,0.0,0.0
2024-05-17 11:30:00-04:00,18.780000686645508,18.780000686645508,18.524999618530273,18.700000762939453,46944,0.0,0.0
2024-05-17 12:30:00-04:00,18.684999465942383,18.719999313354492,18.639999389648438,18.674999237060547,26418,0.0,0.0
2024-05-17 13:30:00-04:00,18.690000534057617,18.690000534057617,18.600000381469727,18.6299991607666,31068,0.0,0.0
2024-05-17 14:30:00-04:00,18.610000610351562,18.670000076293945,18.600000381469727,18.639999389648438,42340,0.0,0.0
2024-05-17 15:30:00-04:00,18.639999389648438,18.670000076293945,18.549999237060547,18.6200008392334,56275,0.0,0.0
2024-05-20 09:30:00-04:00,18.600000381469727,18.600000381469727,18.360000610351562,18.459999084472656,75898,0.0,0.0
2024-05-20 10:30:00-04:00,18.43000030517578,18.434999465942383,18.209999084472656,18.25,64115,0.0,0.0
2024-05-20 11:30:00-04:00,18.260000228881836,18.299999237060547,18.170000076293945,18.219999313354492,80373,0.0,0.0
2024-05-20 12:30:00-04:00,18.22800064086914,18.299999237060547,18.200000762939453,18.260000228881836,35847,0.0,0.0
2024-05-20 13:30:00-04:00,18.270000457763672,18.299999237060547,18.25,18.280000686645508,43655,0.0,0.0
2024-05-20 14:30:00-04:00,18.280000686645508,18.290000915527344,18.229999542236328,18.260000228881836,47703,0.0,0.0
2024-05-20 15:30:00-04:00,18.260000228881836,18.299999237060547,18.200000762939453,18.299999237060547,116348,0.0,0.0
2024-05-21 09:30:00-04:00,18.149999618530273,18.149999618530273,17.780000686645508,17.829999923706055,152835,0.0,0.0
2024-05-21 10:30:00-04:00,17.829999923706055,17.8799991607666,17.68000030517578,17.7450008392334,87721,0.0,0.0
2024-05-21 11:30:00-04:00,17.7450008392334,17.7450008392334,17.614999771118164,17.6299991607666,76795,0.0,0.0
2024-05-21 12:30:00-04:00,17.6299991607666,17.690000534057617,17.6200008392334,17.639999389648438,51873,0.0,0.0
2024-05-21 13:30:00-04:00,17.639999389648438,17.93000030517578,17.6299991607666,17.760000228881836,127981,0.0,0.0
2024-05-21 14:30:00-04:00,17.770000457763672,17.80500030517578,17.6299991607666,17.65999984741211,81110,0.0,0.0
2024-05-21 15:30:00-04:00,17.655000686645508,17.739999771118164,17.610000610351562,17.700000762939453,144804,0.0,0.0
2024-05-22 09:30:00-04:00,17.6299991607666,17.8799991607666,17.549999237060547,17.655000686645508,100259,0.0,0.0
2024-05-22 10:30:00-04:00,17.6299991607666,17.6299991607666,17.510000228881836,17.549999237060547,92901,0.0,0.0
2024-05-22 11:30:00-04:00,17.530000686645508,17.639999389648438,17.510000228881836,17.639999389648438,53321,0.0,0.0
2024-05-22 12:30:00-04:00,17.645000457763672,17.68000030517578,17.530000686645508,17.559999465942383,41153,0.0,0.0
2024-05-22 13:30:00-04:00,17.55500030517578,17.579999923706055,17.510000228881836,17.520000457763672,82772,0.0,0.0
2024-05-22 14:30:00-04:00,17.514999389648438,17.530000686645508,17.450000762939453,17.450000762939453,66252,0.0,0.0
2024-05-22 15:30:00-04:00,17.459999084472656,17.559999465942383,17.454999923706055,17.559999465942383,89875,0.0,0.0
2024-05-23 09:30:00-04:00,17.610000610351562,17.829999923706055,17.174999237060547,17.825000762939453,310831,0.0,0.0
2024-05-23 10:30:00-04:00,17.81999969482422,17.829999923706055,17.1299991607666,17.18000030517578,228126,0.0,0.0
2024-05-23 11:30:00-04:00,17.15999984741211,17.280000686645508,17.06999969482422,17.264999389648438,257163,0.0,0.0
2024-05-23 12:30:00-04:00,17.260000228881836,17.34000015258789,17.190000534057617,17.329999923706055,163579,0.0,0.0
2024-05-23 13:30:00-04:00,17.329999923706055,17.42799949645996,17.18000030517578,17.360000610351562,151653,0.0,0.0
2024-05-23 14:30:00-04:00,17.350000381469727,17.575000762939453,17.31999969482422,17.540000915527344,227091,0.0,0.0
2024-05-23 15:30:00-04:00,17.549999237060547,17.59000015258789,17.469999313354492,17.51799964904785,304548,0.0,0.0
2024-05-24 09:30:00-04:00,17.5,17.510000228881836,17.1299991607666,17.200000762939453,122198,0.0,0.0
2024-05-24 10:30:00-04:00,17.200000762939453,17.280000686645508,17.110000610351562,17.229999542236328,171637,0.0,0.0
2024-05-24 11:30:00-04:00,17.229999542236328,17.41950035095215,17.18000030517578,17.3799991607666,46210,0.0,0.0
2024-05-24 12:30:00-04:00,17.38599967956543,17.520000457763672,17.38599967956543,17.46500015258789,72469,0.0,0.0
2024-05-24 13:30:00-04:00,17.46500015258789,17.586000442504883,17.44499969482422,17.489999771118164,67983,0.0,0.0
2024-05-24 14:30:00-04:00,17.489999771118164,17.549999237060547,17.469999313354492,17.530000686645508,62160,0.0,0.0
2024-05-24 15:30:00-04:00,17.530000686645508,17.6200008392334,17.520000457763672,17.59000015258789,136817,0.0,0.0
2024-05-28 09:30:00-04:00,17.5,17.969999313354492,17.5,17.889999389648438,181753,0.0,0.0
2024-05-28 10:30:00-04:00,17.8799991607666,17.889999389648438,17.75,17.806800842285156,225506,0.0,0.0
2024-05-28 11:30:00-04:00,17.799999237060547,17.920000076293945,17.700000762939453,17.920000076293945,159362,0.0,0.0
2024-05-28 12:30:00-04:00,17.901599884033203,17.93000030517578,17.8700008392334,17.889999389648438,45618,0.0,0.0
2024-05-28 13:30:00-04:00,17.889999389648438,17.940000534057617,17.790000915527344,17.799999237060547,52814,0.0,0.0
2024-05-28 14:30:00-04:00,17.799999237060547,17.8700008392334,17.790000915527344,17.84000015258789,60376,0.0,0.0
2024-05-28 15:30:00-04:00,17.834999084472656,17.8799991607666,17.78499984741211,17.8799991607666,113250,0.0,0.0
2024-05-29 09:30:00-04:00,17.719999313354492,17.809999465942383,17.649999618530273,17.719999313354492,65943,0.0,0.0
2024-05-29 10:30:00-04:00,17.719999313354492,17.772499084472656,17.6200008392334,17.690000534057617,107526,0.0,0.0
2024-05-29 11:30:00-04:00,17.690000534057617,17.84000015258789,17.670000076293945,17.795000076293945,128910,0.0,0.0
2024-05-29 12:30:00-04:00,17.795000076293945,17.829999923706055,17.719999313354492,17.799999237060547,57455,0.0,0.0
2024-05-29 13:30:00-04:00,17.799999237060547,17.860000610351562,17.770000457763672,17.844999313354492,64506,0.0,0.0
2024-05-29 14:30:00-04:00,17.847999572753906,17.850000381469727,17.790000915527344,17.815000534057617,52123,0.0,0.0
2024-05-29 15:30:00-04:00,17.815000534057617,17.850000381469727,17.790000915527344,17.81999969482422,108995,0.0,0.0
2024-05-30 09:30:00-04:00,17.729999542236328,17.834999084472656,17.610000610351562,17.790000915527344,148319,0.0,0.0
2024-05-30 10:30:00-04:00,17.809999465942383,17.809999465942383,17.670000076293945,17.690000534057617,50278,0.0,0.0
2024-05-30 11:30:00-04:00,17.670000076293945,17.80500030517578,17.559999465942383,17.610000610351562,154008,0.0,0.0
2024-05-30 12:30:00-04:00,17.610000610351562,17.635700225830078,17.575000762939453,17.6299991607666,42078,0.0,0.0
2024-05-30 13:30:00-04:00,17.6299991607666,17.649999618530273,17.5,17.56999969482422,120910,0.0,0.0
2024-05-30 14:30:00-04:00,17.55500030517578,17.639999389648438,17.489999771118164,17.59000015258789,52884,0.0,0.0
2024-05-30 15:30:00-04:00,17.579999923706055,17.65999984741211,17.514999389648438,17.649999618530273,132511,0.0,0.0
2024-05-31 09:30:00-04:00,17.510000228881836,17.75,17.3700008392334,17.719999313354492,117976,0.0,0.0
2024-05-31 10:30:00-04:00,17.719999313354492,17.780000686645508,17.6200008392334,17.690000534057617,107658,0.0,0.0
2024-05-31 11:30:00-04:00,17.690000534057617,17.715999603271484,17.625,17.700000762939453,91875,0.0,0.0
2024-05-31 12:30:00-04:00,17.709999084472656,17.868000030517578,17.707500457763672,17.850000381469727,77988,0.0,0.0
2024-05-31 13:30:00-04:00,17.850000381469727,17.889999389648438,17.790000915527344,17.808000564575195,58349,0.0,0.0
2024-05-31 14:30:00-04:00,17.809999465942383,17.8700008392334,17.739999771118164,17.850000381469727,83823,0.0,0.0
2024-05-31 15:30:00-04:00,17.850000381469727,17.8700008392334,17.790000915527344,17.829999923706055,139667,0.0,0.0
2024-06-03 09:30:00-04:00,17.950000762939453,18.1299991607666,17.90999984741211,18.0049991607666,112839,0.0,0.0
2024-06-03 10:30:00-04:00,18.010000228881836,18.040000915527344,17.920000076293945,17.93000030517578,86095,0.0,0.0
2024-06-03 11:30:00-04:00,17.90999984741211,17.940000534057617,17.790000915527344,17.920000076293945,68977,0.0,0.0
2024-06-03 12:30:00-04:00,17.920000076293945,17.920000076293945,17.84000015258789,17.860000610351562,64642,0.0,0.0
2024-06-03 13:30:00-04:00,17.860000610351562,17.969999313354492,17.860000610351562,17.959999084472656,56254,0.0,0.0
2024-06-03 14:30:00-04:00,17.969999313354492,18.0,17.850000381469727,17.939899444580078,119670,0.0,0.0
2024-06-03 15:30:00-04:00,17.920000076293945,18.0,17.920000076293945,17.969999313354492,98178,0.0,0.0
2024-06-04 09:30:00-04:00,17.969999313354492,17.989999771118164,17.81999969482422,17.8700008392334,103620,0.0,0.0
2024-06-04 10:30:00-04:00,17.860000610351562,17.875,17.780000686645508,17.815000534057617,94532,0.0,0.0
2024-06-04 11:30:00-04:00,17.799999237060547,17.860000610351562,17.790000915527344,17.850000381469727,49099,0.0,0.0
2024-06-04 12:30:00-04:00,17.860000610351562,17.895000457763672,17.844999313354492,17.895000457763672,37998,0.0,0.0
2024-06-04 13:30:00-04:00,17.889999389648438,17.93000030517578,17.844999313354492,17.93000030517578,54384,0.0,0.0
2024-06-04 14:30:00-04:00,17.93000030517578,17.969999313354492,17.90999984741211,17.950000762939453,55955,0.0,0.0
2024-06-04 15:30:00-04:00,17.959999084472656,17.975000381469727,17.899999618530273,17.93000030517578,112170,0.0,0.0
2024-06-05 09:30:00-04:00,17.8799991607666,18.040000915527344,17.834999084472656,17.940000534057617,80496,0.0,0.0
2024-06-05 10:30:00-04:00,17.93000030517578,17.969999313354492,17.8799991607666,17.950000762939453,71783,0.0,0.0
2024-06-05 11:30:00-04:00,17.950000762939453,18.030000686645508,17.81999969482422,17.854999542236328,240174,0.0,0.0
2024-06-05 12:30:00-04:00,17.850000381469727,17.854999542236328,17.780000686645508,17.84000015258789,200229,0.0,0.0
2024-06-05 13:30:00-04:00,17.81999969482422,17.8799991607666,17.81999969482422,17.8799991607666,63004,0.0,0.0
2024-06-05 14:30:00-04:00,17.8799991607666,17.940000534057617,17.809999465942383,17.899999618530273,226760,0.0,0.0
2024-06-05 15:30:00-04:00,17.899999618530273,17.9424991607666,17.8700008392334,17.940000534057617,168133,0.0,0.0
2024-06-06 09:30:00-04:00,17.700000762939453,17.959999084472656,17.700000762939453,17.958999633789062,44095,0.0,0.0
2024-06-06 10:30:00-04:00,17.950000762939453,18.06999969482422,17.94059944152832,18.049999237060547,95475,0.0,0.0
2024-06-06 11:30:00-04:00,18.049999237060547,18.100000381469727,18.010000228881836,18.09000015258789,44143,0.0,0.0
2024-06-06 12:30:00-04:00,18.079999923706055,18.08799934387207,18.040000915527344,18.059999465942383,22719,0.0,0.0
2024-06-06 13:30:00-04:00,18.049999237060547,18.229999542236328,18.049999237060547,18.139999389648438,58045,0.0,0.0
2024-06-06 14:30:00-04:00,18.149999618530273,18.25,18.149999618530273,18.219999313354492,36650,0.0,0.0
2024-06-06 15:30:00-04:00,18.219999313354492,18.239999771118164,18.06999969482422,18.139999389648438,187584,0.0,0.0
2024-06-07 09:30:00-04:00,18.040000915527344,18.25,17.920000076293945,18.104999542236328,204956,0.0,0.0
2024-06-07 10:30:00-04:00,18.139999389648438,18.209999084472656,18.100000381469727,18.190000534057617,29269,0.0,0.0
2024-06-07 11:30:00-04:00,18.174999237060547,18.209999084472656,18.1299991607666,18.145000457763672,29486,0.0,0.0
2024-06-07 12:30:00-04:00,18.145000457763672,18.149999618530273,18.020000457763672,18.024999618530273,25691,0.0,0.0
2024-06-07 13:30:00-04:00,18.020000457763672,18.030000686645508,17.940000534057617,17.940000534057617,22488,0.0,0.0
2024-06-07 14:30:00-04:00,17.959999084472656,17.959999084472656,17.84000015258789,17.844999313354492,23913,0.0,0.0
2024-06-07 15:30:00-04:00,17.860000610351562,17.90999984741211,17.81999969482422,17.81999969482422,70806,0.0,0.0
2024-06-10 09:30:00-04:00,17.829999923706055,18.020000457763672,17.809999465942383,17.905000686645508,64115,0.0,0.0
2024-06-10 10:30:00-04:00,17.8700008392334,18.020000457763672,17.8700008392334,17.989999771118164,40809,0.0,0.0
2024-06-10 11:30:00-04:00,18.0,18.0,17.809999465942383,17.809999465942383,42181,0.0,0.0
2024-06-10 12:30:00-04:00,17.809999465942383,17.875,17.799999237060547,17.84000015258789,28710,0.0,0.0
2024-06-10 13:30:00-04:00,17.84000015258789,17.899999618530273,17.81999969482422,17.850000381469727,26371,0.0,0.0
2024-06-10 14:30:00-04:00,17.851999282836914,17.920000076293945,17.84000015258789,17.864999771118164,33417,0.0,0.0
2024-06-10 15:30:00-04:00,17.850000381469727,17.8799991607666,17.81999969482422,17.864999771118164,65430,0.0,0.0
2024-06-11 09:30:00-04:00,16.90999984741211,17.34000015258789,16.860000610351562,17.084999084472656,472932,0.0,0.0
2024-06-11 10:30:00-04:00,17.09000015258789,17.219999313354492,17.09000015258789,17.18000030517578,127922,0.0,0.0
2024-06-11 11:30:00-04:00,17.170000076293945,17.229999542236328,17.06999969482422,17.110000610351562,154356,0.0,0.0
2024-06-11 12:30:00-04:00,17.104999542236328,17.229999542236328,17.065000534057617,17.229999542236328,134181,0.0,0.0
2024-06-11 13:30:00-04:00,17.229999542236328,17.260000228881836,17.1200008392334,17.225000381469727,212687,0.0,0.0
2024-06-11 14:30:00-04:00,17.225000381469727,17.260000228881836,17.149999618530273,17.155000686645508,242858,0.0,0.0
2024-06-11 15:30:00-04:00,17.15999984741211,17.209999084472656,17.059999465942383,17.1200008392334,633118,0.0,0.0
2024-06-12 09:30:00-04:00,17.200000762939453,17.68000030517578,17.09000015258789,17.579999923706055,1943111,0.0,0.0
2024-06-12 10:30:00-04:00,17.56999969482422,17.690000534057617,17.489999771118164,17.510000228881836,493483,0.0,0.0
2024-06-12 11:30:00-04:00,17.510000228881836,17.530000686645508,17.329999923706055,17.344999313354492,309016,0.0,0.0
2024-06-12 12:30:00-04:00,17.350000381469727,17.360000610351562,17.225000381469727,17.239999771118164,305136,0.0,0.0
2024-06-12 13:30:00-04:00,17.239999771118164,17.43000030517578,17.219999313354492,17.40999984741211,271861,0.0,0.0
2024-06-12 14:30:00-04:00,17.40999984741211,17.565000534057617,17.3799991607666,17.415000915527344,354667,0.0,0.0
2024-06-12 15:30:00-04:00,17.40999984741211,17.469999313354492,17.3700008392334,17.40999984741211,385141,0.0,0.0
2024-06-13 09:30:00-04:00,17.510000228881836,17.8700008392334,17.40999984741211,17.729999542236328,378477,0.0,0.0
2024-06-13 10:30:00-04:00,17.735000610351562,17.815000534057617,17.719999313354492,17.795000076293945,213472,0.0,0.0
2024-06-13 11:30:00-04:00,17.799999237060547,17.959999084472656,17.780000686645508,17.959999084472656,98932,0.0,0.0
2024-06-13 12:30:00-04:00,17.950000762939453,18.014999389648438,17.860000610351562,17.8799991607666,115614,0.0,0.0
2024-06-13 13:30:00-04:00,17.881399154663086,17.889999389648438,17.7549991607666,17.770000457763672,64497,0.0,0.0
2024-06-13 14:30:00-04:00,17.760000228881836,17.81999969482422,17.75,17.815000534057617,68951,0.0,0.0
2024-06-13 15:30:00-04:00,17.81999969482422,17.829999923706055,17.709999084472656,17.739999771118164,188482,0.0,0.0
2024-06-14 09:30:00-04:00,17.700000762939453,17.700000762939453,17.309999465942383,17.40999984741211,74297,0.0,0.0
2024-06-14 10:30:00-04:00,17.3700008392334,17.450000762939453,17.2549991607666,17.290000915527344,207146,0.0,0.0
2024-06-14 11:30:00-04:00,17.299999237060547,17.31999969482422,17.15999984741211,17.209999084472656,76679,0.0,0.0
2024-06-14 12:30:00-04:00,17.209999084472656,17.25,17.110000610351562,17.1299991607666,64840,0.0,0.0
2024-06-14 13:30:00-04:00,17.110000610351562,17.125,17.049999237060547,17.110000610351562,56343,0.0,0.0
2024-06-14 14:30:00-04:00,17.104999542236328,17.139999389648438,17.040000915527344,17.059999465942383,87300,0.0,0.0
2024-06-14 15:30:00-04:00,17.059999465942383,17.260000228881836,17.049999237060547,17.079999923706055,206109,0.0,0.0
2024-06-17 09:30:00-04:00,17.200000762939453,17.469999313354492,17.149999618530273,17.25,162330,0.0,0.0
2024-06-17 10:30:00-04:00,17.25,17.729999542236328,17.229999542236328,17.700000762939453,361438,0.0,0.0
2024-06-17 11:30:00-04:00,17.690000534057617,17.84000015258789,17.299999237060547,17.81999969482422,197543,0.0,0.0
2024-06-17 12:30:00-04:00,17.825000762939453,18.059999465942383,17.790000915527344,17.979999542236328,117065,0.0,0.0
2024-06-17 13:30:00-04:00,17.969999313354492,18.200000762939453,17.93000030517578,18.18000030517578,140436,0.0,0.0
2024-06-17 14:30:00-04:00,18.170000076293945,18.219999313354492,18.094999313354492,18.219999313354492,121023,0.0,0.0
2024-06-17 15:30:00-04:00,18.209999084472656,18.34000015258789,18.15999984741211,18.329999923706055,226552,0.0,0.0
2024-06-18 09:30:00-04:00,18.1299991607666,18.270000457763672,18.0,18.219999313354492,159278,0.0,0.0
2024-06-18 10:30:00-04:00,18.219999313354492,18.239999771118164,18.1299991607666,18.139999389648438,50469,0.0,0.0
2024-06-18 11:30:00-04:00,18.149999618530273,18.170000076293945,18.060100555419922,18.100000381469727,37171,0.0,0.0
2024-06-18 12:30:00-04:00,18.100000381469727,18.149999618530273,18.09000015258789,18.149999618530273,52216,0.0,0.0
2024-06-18 13:30:00-04:00,18.135000228881836,18.135000228881836,17.989999771118164,18.0,37484,0.0,0.0
2024-06-18 14:30:00-04:00,18.0,18.010000228881836,17.940000534057617,17.96500015258789,33325,0.0,0.0
2024-06-18 15:30:00-04:00,17.969999313354492,18.0,17.90999984741211,18.0,101455,0.0,0.0
2024-06-20 09:30:00-04:00,17.950000762939453,18.450000762939453,17.924999237060547,18.350000381469727,629462,0.0,0.0
2024-06-20 10:30:00-04:00,18.329999923706055,18.34000015258789,18.100000381469727,18.270000457763672,234863,0.0,0.0
2024-06-20 11:30:00-04:00,18.270000457763672,18.420000076293945,18.25,18.3799991607666,294840,0.0,0.0
2024-06-20 12:30:00-04:00,18.3799991607666,18.440000534057617,18.360000610351562,18.389999389648438,97229,0.0,0.0
2024-06-20 13:30:00-04:00,18.389999389648438,18.40999984741211,18.225000381469727,18.280000686645508,108808,0.0,0.0
2024-06-20 14:30:00-04:00,18.290000915527344,18.30500030517578,18.200000762939453,18.270000457763672,208974,0.0,0.0
2024-06-20 15:30:00-04:00,18.260000228881836,18.420000076293945,18.260000228881836,18.420000076293945,389921,0.0,0.0
2024-06-21 09:30:00-04:00,18.459999084472656,18.459999084472656,18.1299991607666,18.350000381469727,197573,0.0,0.0
2024-06-21 10:30:00-04:00,18.350000381469727,18.489999771118164,18.34000015258789,18.44499969482422,191960,0.0,0.0
2024-06-21 11:30:00-04:00,18.44499969482422,18.540000915527344,18.40999984741211,18.5,473322,0.0,0.0
2024-06-21 12:30:00-04:00,18.4950008392334,18.549999237060547,18.489999771118164,18.5,141519,0.0,0.0
2024-06-21 13:30:00-04:00,18.5,18.549999237060547,18.5,18.530000686645508,139700,0.0,0.0
2024-06-21 14:30:00-04:00,18.530000686645508,18.540000915527344,18.4950008392334,18.5,102122,0.0,0.0
2024-06-21 15:30:00-04:00,18.5,18.700000762939453,18.5,18.68000030517578,352549,0.0,0.0
2024-06-24 09:30:00-04:00,18.65999984741211,18.739999771118164,18.420000076293945,18.575000762939453,166656,0.0,0.0
2024-06-24 10:30:00-04:00,18.549999237060547,18.549999237060547,18.280000686645508,18.3700008392334,75360,0.0,0.0
2024-06-24 11:30:00-04:00,18.350000381469727,18.420000076293945,18.309999465942383,18.40999984741211,50280,0.0,0.0
2024-06-24 12:30:00-04:00,18.420000076293945,18.420000076293945,18.1200008392334,18.200000762939453,46420,0.0,0.0
2024-06-24 13:30:00-04:00,18.200000762939453,18.3799991607666,18.200000762939453,18.309999465942383,61345,0.0,0.0
2024-06-24 14:30:00-04:00,18.299999237060547,18.3799991607666,18.290000915527344,18.31999969482422,74883,0.0,0.0
2024-06-24 15:30:00-04:00,18.309999465942383,18.325000762939453,18.200000762939453,18.219999313354492,92632,0.0,0.0
2024-06-25 09:30:00-04:00,18.219999313354492,18.290000915527344,18.020000457763672,18.065000534057617,40362,0.0,0.0
2024-06-25 10:30:00-04:00,18.049999237060547,18.170000076293945,17.940000534057617,18.149999618530273,114417,0.0,0.0
2024-06-25 11:30:00-04:00,18.15999984741211,18.200000762939453,17.8700008392334,18.0,77669,0.0,0.0
2024-06-25 12:30:00-04:00,18.0,18.030000686645508,17.959999084472656,18.010000228881836,36703,0.0,0.0
2024-06-25 13:30:00-04:00,18.010000228881836,18.049999237060547,17.979999542236328,18.010000228881836,38142,0.0,0.0
2024-06-25 14:30:00-04:00,18.010000228881836,18.030000686645508,17.975000381469727,18.0,68006,0.0,0.0
2024-06-25 15:30:00-04:00,18.0,18.040000915527344,17.989999771118164,18.020000457763672,120516,0.0,0.0
2024-06-26 09:30:00-04:00,17.93000030517578,18.03499984741211,17.65999984741211,17.989999771118164,50470,0.0,0.0
2024-06-26 10:30:00-04:00,17.979999542236328,18.06999969482422,17.959999084472656,18.020000457763672,55240,0.0,0.0
2024-06-26 11:30:00-04:00,17.979999542236328,18.049999237060547,17.899999618530273,18.020000457763672,36831,0.0,0.0
2024-06-26 12:30:00-04:00,18.014999389648438,18.049999237060547,17.979999542236328,18.020000457763672,28358,0.0,0.0
2024-06-26 13:30:00-04:00,18.020000457763672,18.079999923706055,18.0,18.079999923706055,24263,0.0,0.0
2024-06-26 14:30:00-04:00,18.09000015258789,18.09000015258789,18.020000457763672,18.079999923706055,42387,0.0,0.0
2024-06-26 15:30:00-04:00,18.079999923706055,18.149999618530273,18.06999969482422,18.06999969482422,75106,0.0,0.0
2024-06-27 09:30:00-04:00,18.049999237060547,18.1200008392334,17.709999084472656,17.917499542236328,0,0.0,0.0
2024-06-27 10:30:00-04:00,17.920000076293945,17.940000534057617,17.729999542236328,17.825000762939453,52096,0.0,0.0
2024-06-27 11:30:00-04:00,17.834999084472656,17.899999618530273,17.829999923706055,17.8799991607666,29676,0.0,0.0
2024-06-27 12:30:00-04:00,17.850000381469727,17.93000030517578,17.850000381469727,17.860000610351562,30419,0.0,0.0
2024-06-27 13:30:00-04:00,17.850000381469727,17.954999923706055,17.829999923706055,17.950000762939453,26727,0.0,0.0
2024-06-27 14:30:00-04:00,17.950000762939453,18.040000915527344,17.940000534057617,18.0,33767,0.0,0.0
2024-06-27 15:30:00-04:00,18.0,18.040000915527344,17.989999771118164,18.030000686645508,106778,0.0,0.0
2024-06-28 09:30:00-04:00,17.93000030517578,18.350000381469727,17.93000030517578,18.274999618530273,0,0.0,0.0
2024-06-28 10:30:00-04:00,18.280000686645508,18.399999618530273,18.200000762939453,18.219999313354492,135588,0.0,0.0
2024-06-28 11:30:00-04:00,18.209999084472656,18.44499969482422,18.209999084472656,18.420000076293945,172551,0.0,0.0
2024-06-28 12:30:00-04:00,18.43000030517578,18.434999465942383,18.34000015258789,18.3799991607666,74690,0.0,0.0
2024-06-28 13:30:00-04:00,18.3799991607666,18.3799991607666,18.309999465942383,18.3700008392334,45158,0.0,0.0
2024-06-28 14:30:00-04:00,18.3799991607666,18.389999389648438,18.31999969482422,18.360000610351562,67236,0.0,0.0
2024-06-28 15:30:00-04:00,18.360000610351562,18.40999984741211,18.31999969482422,18.3799991607666,142135,0.0,0.0
2024-07-01 09:30:00-04:00,18.649999618530273,19.049999237060547,18.540000915527344,18.6200008392334,331968,0.0,0.0
2024-07-01 10:30:00-04:00,18.600000381469727,18.719999313354492,18.479999542236328,18.479999542236328,75233,0.0,0.0
2024-07-01 11:30:00-04:00,18.5,18.649999618530273,18.420000076293945,18.6200008392334,164620,0.0,0.0
2024-07-01 12:30:00-04:00,18.6200008392334,18.729999542236328,18.59000015258789,18.709999084472656,59477,0.0,0.0
2024-07-01 13:30:00-04:00,18.709999084472656,18.739999771118164,18.649999618530273,18.650100708007812,67963,0.0,0.0
2024-07-01 14:30:00-04:00,18.649999618530273,18.75,18.649999618530273,18.704999923706055,46769,0.0,0.0
2024-07-01 15:30:00-04:00,18.709999084472656,18.760000228881836,18.639999389648438,18.65999984741211,81423,0.0,0.0
2024-07-02 09:30:00-04:00,18.829999923706055,18.950000762939453,18.610000610351562,18.799999237060547,115903,0.0,0.0
2024-07-02 10:30:00-04:00,18.799999237060547,18.850000381469727,18.600000381469727,18.760000228881836,77220,0.0,0.0
2024-07-02 11:30:00-04:00,18.760000228881836,18.8799991607666,18.68000030517578,18.700000762939453,54677,0.0,0.0
2024-07-02 12:30:00-04:00,18.700000762939453,18.75,18.68000030517578,18.69499969482422,26960,0.0,0.0
2024-07-02 13:30:00-04:00,18.700000762939453,18.790000915527344,18.68000030517578,18.709999084472656,51463,0.0,0.0
2024-07-02 14:30:00-04:00,18.690000534057617,18.799999237060547,18.690000534057617,18.780000686645508,50451,0.0,0.0
2024-07-02 15:30:00-04:00,18.790000915527344,18.829999923706055,18.729999542236328,18.81999969482422,133261,0.0,0.0
2024-07-03 09:30:00-04:00,19.0,19.010000228881836,18.799999237060547,18.8799991607666,233564,0.0,0.0
2024-07-03 10:30:00-04:00,18.8700008392334,18.950000762939453,18.84000015258789,18.8799991607666,80118,0.0,0.0
2024-07-03 11:30:00-04:00,18.8799991607666,19.0049991607666,18.860000610351562,18.9950008392334,80387,0.0,0.0
2024-07-05 09:30:00-04:00,18.65999984741211,18.729999542236328,18.40999984741211,18.489999771118164,0,0.0,0.0
2024-07-05 10:30:00-04:00,18.469999313354492,18.5,18.450000762939453,18.46500015258789,59821,0.0,0.0
2024-07-05 11:30:00-04:00,18.469999313354492,18.5,18.459999084472656,18.489999771118164,26176,0.0,0.0
2024-07-05 12:30:00-04:00,18.489999771118164,18.520000457763672,18.479999542236328,18.479999542236328,33858,0.0,0.0
2024-07-05 13:30:00-04:00,18.475000381469727,18.59000015258789,18.459999084472656,18.540000915527344,46233,0.0,0.0
2024-07-05 14:30:00-04:00,18.549999237060547,18.549999237060547,18.469999313354492,18.485000610351562,60673,0.0,0.0
2024-07-05 15:30:00-04:00,18.479999542236328,18.65999984741211,18.46500015258789,18.6200008392334,166136,0.0,0.0
2024-07-08 09:30:00-04:00,18.719999313354492,18.989999771118164,18.3799991607666,18.709999084472656,135366,0.0,0.0
2024-07-08 10:30:00-04:00,18.709999084472656,18.889999389648438,18.700000762939453,18.8700008392334,87473,0.0,0.0
2024-07-08 11:30:00-04:00,18.8700008392334,18.8799991607666,18.739999771118164,18.799999237060547,115946,0.0,0.0
2024-07-08 12:30:00-04:00,18.799999237060547,18.834999084472656,18.770000457763672,18.809999465942383,51860,0.0,0.0
2024-07-08 13:30:00-04:00,18.80500030517578,18.829999923706055,18.7549991607666,18.799999237060547,43283,0.0,0.0
2024-07-08 14:30:00-04:00,18.799999237060547,18.809999465942383,18.760000228881836,18.790000915527344,54232,0.0,0.0
2024-07-08 15:30:00-04:00,18.799999237060547,18.84000015258789,18.780000686645508,18.829999923706055,126575,0.0,0.0
2024-07-09 09:30:00-04:00,18.760000228881836,18.954999923706055,18.670000076293945,18.75,178416,0.0,0.0
2024-07-09 10:30:00-04:00,18.75,18.899999618530273,18.75,18.850000381469727,168082,0.0,0.0
2024-07-09 11:30:00-04:00,18.850000381469727,18.899999618530273,18.790700912475586,18.8799991607666,142088,0.0,0.0
2024-07-09 12:30:00-04:00,18.875,18.950000762939453,18.860000610351562,18.899999618530273,180018,0.0,0.0
2024-07-09 13:30:00-04:00,18.889999389648438,18.969999313354492,18.875,18.889999389648438,134753,0.0,0.0
2024-07-09 14:30:00-04:00,18.88010025024414,18.90999984741211,18.84000015258789,18.90999984741211,131133,0.0,0.0
2024-07-09 15:30:00-04:00,18.90999984741211,18.940000534057617,18.81999969482422,18.899999618530273,280290,0.0,0.0
2024-07-10 09:30:00-04:00,18.8700008392334,18.959999084472656,18.844999313354492,18.889999389648438,104684,0.0,0.0
2024-07-10 10:30:00-04:00,18.889999389648438,18.899999618530273,18.829999923706055,18.8799991607666,50009,0.0,0.0
2024-07-10 11:30:00-04:00,18.8700008392334,18.899999618530273,18.860000610351562,18.8799991607666,44019,0.0,0.0
2024-07-10 12:30:00-04:00,18.8799991607666,18.899999618530273,18.8700008392334,18.8799991607666,38156,0.0,0.0
2024-07-10 13:30:00-04:00,18.8799991607666,18.940000534057617,18.75,18.920000076293945,1202056,0.0,0.0
2024-07-10 14:30:00-04:00,18.920900344848633,18.979999542236328,18.895000457763672,18.899999618530273,145339,0.0,0.0
2024-07-10 15:30:00-04:00,18.899999618530273,18.920000076293945,18.8700008392334,18.8700008392334,441262,0.0,0.0
2024-07-11 09:30:00-04:00,18.989999771118164,19.209999084472656,18.90999984741211,19.100000381469727,797698,0.0,0.0
2024-07-11 10:30:00-04:00,19.110000610351562,19.1299991607666,18.979999542236328,19.010000228881836,268127,0.0,0.0
2024-07-11 11:30:00-04:00,19.030000686645508,19.040000915527344,18.954999923706055,19.010000228881836,115516,0.0,0.0
2024-07-11 12:30:00-04:00,19.0,19.059999465942383,18.9950008392334,19.0,65511,0.0,0.0
2024-07-11 13:30:00-04:00,19.0,19.0049991607666,18.84000015258789,18.850000381469727,68088,0.0,0.0
2024-07-11 14:30:00-04:00,18.854999542236328,18.93000030517578,18.84000015258789,18.90999984741211,95759,0.0,0.0
2024-07-11 15:30:00-04:00,18.899999618530273,18.959999084472656,18.860000610351562,18.950000762939453,282554,0.0,0.0
2024-07-12 09:30:00-04:00,19.0,19.100000381469727,18.88129997253418,19.010000228881836,160434,0.0,0.0
2024-07-12 10:30:00-04:00,19.010000228881836,19.014999389648438,18.899999618530273,18.940000534057617,53064,0.0,0.0
2024-07-12 11:30:00-04:00,18.950000762939453,18.959999084472656,18.860000610351562,18.90999984741211,69727,0.0,0.0
2024-07-12 12:30:00-04:00,18.899999618530273,18.950000762939453,18.850000381469727,18.93000030517578,72998,0.0,0.0
2024-07-12 13:30:00-04:00,18.950000762939453,18.969999313354492,18.93000030517578,18.940000534057617,48813,0.0,0.0
2024-07-12 14:30:00-04:00,18.94499969482422,19.020000457763672,18.94499969482422,19.020000457763672,58874,0.0,0.0
2024-07-12 15:30:00-04:00,19.020000457763672,19.040000915527344,18.979999542236328,18.9950008392334,96660,0.0,0.0
2024-07-15 09:30:00-04:00,18.979999542236328,18.979999542236328,17.959999084472656,18.06999969482422,205438,0.0,0.0
2024-07-15 10:30:00-04:00,18.040000915527344,18.100000381469727,17.841999053955078,18.06999969482422,160913,0.0,0.0
2024-07-15 11:30:00-04:00,18.059999465942383,18.149999618530273,17.989999771118164,18.040000915527344,96025,0.0,0.0
2024-07-15 12:30:00-04:00,18.040000915527344,18.170000076293945,17.950000762939453,18.149999618530273,126312,0.0,0.0
2024-07-15 13:30:00-04:00,18.145000457763672,18.219999313354492,18.110000610351562,18.174999237060547,124405,0.0,0.0
2024-07-15 14:30:00-04:00,18.170000076293945,18.18000030517578,18.049999237060547,18.079999923706055,107947,0.0,0.0
2024-07-15 15:30:00-04:00,18.059999465942383,18.1200008392334,18.0,18.1200008392334,214760,0.0,0.0
2024-07-16 09:30:00-04:00,17.979999542236328,18.25,17.520000457763672,17.65999984741211,207597,0.0,0.0
2024-07-16 10:30:00-04:00,17.65999984741211,17.690000534057617,17.579999923706055,17.6299991607666,135616,0.0,0.0
2024-07-16 11:30:00-04:00,17.638200759887695,17.690000534057617,17.59000015258789,17.68000030517578,60676,0.0,0.0
2024-07-16 12:30:00-04:00,17.65999984741211,17.75,17.649999618530273,17.719999313354492,63528,0.0,0.0
2024-07-16 13:30:00-04:00,17.71500015258789,17.75,17.68000030517578,17.700000762939453,48280,0.0,0.0
2024-07-16 14:30:00-04:00,17.704999923706055,17.729999542236328,17.684999465942383,17.700000762939453,70020,0.0,0.0
2024-07-16 15:30:00-04:00,17.700000762939453,17.75,17.659000396728516,17.739999771118164,253433,0.0,0.0
2024-07-17 09:30:00-04:00,17.649999618530273,17.9950008392334,17.579999923706055,17.639999389648438,85521,0.0,0.0
2024-07-17 10:30:00-04:00,17.6299991607666,17.690000534057617,17.59000015258789,17.68000030517578,43211,0.0,0.0
2024-07-17 11:30:00-04:00,17.68000030517578,17.770000457763672,17.670000076293945,17.670000076293945,34656,0.0,0.0
2024-07-17 12:30:00-04:00,17.65999984741211,17.75,17.65999984741211,17.700000762939453,48295,0.0,0.0
2024-07-17 13:30:00-04:00,17.709999084472656,17.719999313354492,17.690000534057617,17.704999923706055,44432,0.0,0.0
2024-07-17 14:30:00-04:00,17.704999923706055,17.770000457763672,17.700000762939453,17.700000762939453,78186,0.0,0.0
2024-07-17 15:30:00-04:00,17.709999084472656,17.799999237060547,17.700000762939453,17.770000457763672,167390,0.0,0.0
2024-07-18 09:30:00-04:00,17.770000457763672,17.950000762939453,17.65999984741211,17.770000457763672,45816,0.0,0.0
2024-07-18 10:30:00-04:00,17.790000915527344,17.790000915527344,17.700000762939453,17.739999771118164,91473,0.0,0.0
2024-07-18 11:30:00-04:00,17.729999542236328,17.739999771118164,17.389999389648438,17.399999618530273,199324,0.0,0.0
2024-07-18 12:30:00-04:00,17.40999984741211,17.549999237060547,17.40999984741211,17.459999084472656,60503,0.0,0.0
2024-07-18 13:30:00-04:00,17.469999313354492,17.510000228881836,17.420000076293945,17.459999084472656,54337,0.0,0.0
2024-07-18 14:30:00-04:00,17.440000534057617,17.469999313354492,17.360000610351562,17.40999984741211,69403,0.0,0.0
2024-07-18 15:30:00-04:00,17.40999984741211,17.5,17.399999618530273,17.459999084472656,229774,0.0,0.0
2024-07-19 09:30:00-04:00,17.34000015258789,17.53499984741211,17.06999969482422,17.1200008392334,154033,0.0,0.0
2024-07-19 10:30:00-04:00,17.1200008392334,17.15999984741211,17.09000015258789,17.1299991607666,83060,0.0,0.0
2024-07-19 11:30:00-04:00,17.1200008392334,17.139999389648438,17.079999923706055,17.094999313354492,73677,0.0,0.0
2024-07-19 12:30:00-04:00,17.094999313354492,17.110000610351562,17.010000228881836,17.020000457763672,76177,0.0,0.0
2024-07-19 13:30:00-04:00,17.024999618530273,17.024999618530273,16.950000762939453,16.969999313354492,76097,0.0,0.0
2024-07-19 14:30:00-04:00,16.959999084472656,16.989999771118164,16.920000076293945,16.924999237060547,61710,0.0,0.0
2024-07-19 15:30:00-04:00,16.924999237060547,16.979999542236328,16.899999618530273,16.940000534057617,235243,0.0,0.0
2024-07-22 09:30:00-04:00,17.100000381469727,17.360000610351562,16.96500015258789,17.360000610351562,166964,0.0,0.0
2024-07-22 10:30:00-04:00,17.3700008392334,17.399999618530273,17.170000076293945,17.219999313354492,133691,0.0,0.0
2024-07-22 11:30:00-04:00,17.200000762939453,17.520000457763672,17.200000762939453,17.510000228881836,82392,0.0,0.0
2024-07-22 12:30:00-04:00,17.5,17.530000686645508,17.43000030517578,17.450000762939453,58835,0.0,0.0
2024-07-22 13:30:00-04:00,17.459999084472656,17.524999618530273,17.450000762939453,17.485000610351562,57284,0.0,0.0
2024-07-22 14:30:00-04:00,17.488000869750977,17.520000457763672,17.399999618530273,17.40999984741211,71951,0.0,0.0
2024-07-22 15:30:00-04:00,17.41900062561035,17.510000228881836,17.399999618530273,17.450000762939453,186562,0.0,0.0
2024-07-23 09:30:00-04:00,17.18000030517578,17.209999084472656,17.020000457763672,17.059999465942383,80856,0.0,0.0
2024-07-23 10:30:00-04:00,17.05500030517578,17.114999771118164,17.010000228881836,17.07990074157715,87871,0.0,0.0
2024-07-23 11:30:00-04:00,17.06999969482422,17.128000259399414,17.049999237060547,17.06999969482422,40059,0.0,0.0
2024-07-23 12:30:00-04:00,17.06999969482422,17.097999572753906,17.030000686645508,17.079999923706055,52745,0.0,0.0
2024-07-23 13:30:00-04:00,17.079999923706055,17.114999771118164,17.065000534057617,17.079999923706055,64592,0.0,0.0
2024-07-23 14:30:00-04:00,17.084999084472656,17.139999389648438,17.079999923706055,17.09000015258789,44983,0.0,0.0
2024-07-23 15:30:00-04:00,17.09000015258789,17.1200008392334,17.059999465942383,17.110000610351562,177204,0.0,0.0
2024-07-24 09:30:00-04:00,17.100000381469727,17.26799964904785,16.969999313354492,16.979999542236328,118202,0.0,0.0
2024-07-24 10:30:00-04:00,16.979999542236328,17.06599998474121,16.940000534057617,17.065000534057617,97859,0.0,0.0
2024-07-24 11:30:00-04:00,17.065000534057617,17.06800079345703,16.90999984741211,16.90999984741211,60794,0.0,0.0
2024-07-24 12:30:00-04:00,16.90999984741211,16.90999984741211,16.760000228881836,16.799999237060547,76268,0.0,0.0
2024-07-24 13:30:00-04:00,16.790000915527344,16.850000381469727,16.780000686645508,16.809999465942383,70866,0.0,0.0
2024-07-24 14:30:00-04:00,16.808700561523438,16.81999969482422,16.729999542236328,16.799999237060547,76982,0.0,0.0
2024-07-24 15:30:00-04:00,16.799999237060547,16.8700008392334,16.790000915527344,16.81999969482422,152535,0.0,0.0
2024-07-25 09:30:00-04:00,16.829999923706055,17.040000915527344,16.809999465942383,16.969999313354492,104266,0.0,0.0
2024-07-25 10:30:00-04:00,16.950000762939453,16.950000762939453,16.850000381469727,16.90999984741211,80118,0.0,0.0
2024-07-25 11:30:00-04:00,16.90999984741211,16.93000030517578,16.84000015258789,16.93000030517578,56960,0.0,0.0
2024-07-25 12:30:00-04:00,16.920000076293945,16.950000762939453,16.8799991607666,16.899999618530273,39096,0.0,0.0
2024-07-25 13:30:00-04:00,16.889999389648438,16.889999389648438,16.809999465942383,16.81999969482422,36255,0.0,0.0
2024-07-25 14:30:00-04:00,16.799999237060547,16.816999435424805,16.719999313354492,16.809999465942383,44571,0.0,0.0
2024-07-25 15:30:00-04:00,16.799999237060547,16.809999465942383,16.610000610351562,16.610000610351562,88117,0.0,0.0
2024-07-26 09:30:00-04:00,16.559999465942383,16.90999984741211,16.559999465942383,16.889999389648438,98178,0.0,0.0
2024-07-26 10:30:00-04:00,16.885000228881836,16.93000030517578,16.799999237060547,16.829999923706055,40341,0.0,0.0
2024-07-26 11:30:00-04:00,16.84000015258789,16.860000610351562,16.809999465942383,16.829999923706055,18457,0.0,0.0
2024-07-26 12:30:00-04:00,16.81999969482422,16.8700008392334,16.809999465942383,16.850000381469727,21503,0.0,0.0
2024-07-26 13:30:00-04:00,16.860000610351562,16.860000610351562,16.78499984741211,16.809999465942383,38208,0.0,0.0
2024-07-26 14:30:00-04:00,16.81999969482422,16.81999969482422,16.790000915527344,16.799999237060547,63428,0.0,0.0
2024-07-26 15:30:00-04:00,16.799999237060547,16.829999923706055,16.795000076293945,16.799999237060547,114431,0.0,0.0
