Datetime,Open,High,Low,Close,Volume,Dividends,Stock Splits
2022-07-28 09:30:00-04:00,23.0,23.200000762939453,22.7450008392334,22.799999237060547,0,0.0,0.0
2022-07-28 10:30:00-04:00,22.799999237060547,23.260000228881836,22.770000457763672,23.260000228881836,62047,0.0,0.0
2022-07-28 11:30:00-04:00,23.260000228881836,23.290000915527344,23.18000030517578,23.209999084472656,75009,0.0,0.0
2022-07-28 12:30:00-04:00,23.209999084472656,23.225000381469727,23.049999237060547,23.059999465942383,107578,0.0,0.0
2022-07-28 13:30:00-04:00,23.065000534057617,23.114999771118164,22.905000686645508,22.940000534057617,131377,0.0,0.0
2022-07-28 14:30:00-04:00,22.93000030517578,23.06999969482422,22.864999771118164,23.06999969482422,110349,0.0,0.0
2022-07-28 15:30:00-04:00,23.059999465942383,23.270000457763672,23.03499984741211,23.239999771118164,423448,0.0,0.0
2022-07-29 09:30:00-04:00,23.3700008392334,23.614999771118164,23.25,23.56999969482422,160945,0.0,0.0
2022-07-29 10:30:00-04:00,23.579999923706055,23.594999313354492,23.3799991607666,23.389999389648438,134109,0.0,0.0
2022-07-29 11:30:00-04:00,23.399999618530273,23.549999237060547,23.375,23.5049991607666,106059,0.0,0.0
2022-07-29 12:30:00-04:00,23.510000228881836,23.610000610351562,23.5,23.56999969482422,91688,0.0,0.0
2022-07-29 13:30:00-04:00,23.565000534057617,23.739999771118164,23.540000915527344,23.739999771118164,126940,0.0,0.0
2022-07-29 14:30:00-04:00,23.735000610351562,23.829999923706055,23.735000610351562,23.829999923706055,134860,0.0,0.0
2022-07-29 15:30:00-04:00,23.825000762939453,23.850000381469727,23.639999389648438,23.65999984741211,285736,0.0,0.0
2022-08-01 09:30:00-04:00,23.5,23.559999465942383,23.290000915527344,23.290000915527344,140200,0.0,0.0
2022-08-01 10:30:00-04:00,23.309999465942383,23.549999237060547,23.209999084472656,23.290000915527344,157053,0.0,0.0
2022-08-01 11:30:00-04:00,23.290000915527344,23.40999984741211,23.2450008392334,23.389999389648438,137216,0.0,0.0
2022-08-01 12:30:00-04:00,23.3799991607666,23.514999389648438,23.3700008392334,23.3799991607666,214242,0.0,0.0
2022-08-01 13:30:00-04:00,23.3700008392334,23.420000076293945,23.290000915527344,23.40999984741211,106704,0.0,0.0
2022-08-01 14:30:00-04:00,23.415000915527344,23.530000686645508,23.3799991607666,23.405000686645508,108472,0.0,0.0
2022-08-01 15:30:00-04:00,23.405000686645508,23.520000457763672,23.350000381469727,23.489999771118164,317409,0.0,0.0
2022-08-02 09:30:00-04:00,23.329999923706055,23.5,22.80500030517578,22.950000762939453,322012,0.0,0.0
2022-08-02 10:30:00-04:00,22.950000762939453,23.049999237060547,22.780000686645508,22.850000381469727,229123,0.0,0.0
2022-08-02 11:30:00-04:00,22.850000381469727,22.915000915527344,22.790000915527344,22.895000457763672,102862,0.0,0.0
2022-08-02 12:30:00-04:00,22.893699645996094,23.010000228881836,22.825000762939453,22.8799991607666,108813,0.0,0.0
2022-08-02 13:30:00-04:00,22.8700008392334,22.93000030517578,22.739999771118164,22.90999984741211,174895,0.0,0.0
2022-08-02 14:30:00-04:00,22.90999984741211,22.969999313354492,22.75,22.854999542236328,275872,0.0,0.0
2022-08-02 15:30:00-04:00,22.850000381469727,22.90999984741211,22.78499984741211,22.81999969482422,499354,0.0,0.0
2022-08-03 09:30:00-04:00,22.989999771118164,22.989999771118164,22.68000030517578,22.770000457763672,377232,0.0,0.0
2022-08-03 10:30:00-04:00,22.770000457763672,22.989999771118164,22.71500015258789,22.979999542236328,286567,0.0,0.0
2022-08-03 11:30:00-04:00,22.979999542236328,23.145000457763672,22.940000534057617,23.0,199196,0.0,0.0
2022-08-03 12:30:00-04:00,22.9950008392334,23.079999923706055,22.989999771118164,23.010000228881836,172876,0.0,0.0
2022-08-03 13:30:00-04:00,23.020000457763672,23.15999984741211,22.975000381469727,23.09000015258789,253563,0.0,0.0
2022-08-03 14:30:00-04:00,23.094999313354492,23.1200008392334,22.940000534057617,22.989999771118164,318673,0.0,0.0
2022-08-03 15:30:00-04:00,22.985000610351562,23.0,22.81999969482422,22.850000381469727,696532,0.0,0.0
2022-08-04 09:30:00-04:00,22.8799991607666,22.8799991607666,22.549999237060547,22.594999313354492,269413,0.0,0.0
2022-08-04 10:30:00-04:00,22.600000381469727,22.610000610351562,22.309999465942383,22.329999923706055,184138,0.0,0.0
2022-08-04 11:30:00-04:00,22.34000015258789,22.34000015258789,22.15999984741211,22.170000076293945,123859,0.0,0.0
2022-08-04 12:30:00-04:00,22.170000076293945,22.170000076293945,21.979999542236328,22.110000610351562,109614,0.0,0.0
2022-08-04 13:30:00-04:00,22.110000610351562,22.18000030517578,21.989999771118164,22.010000228881836,88384,0.0,0.0
2022-08-04 14:30:00-04:00,22.024999618530273,22.065000534057617,21.950000762939453,22.045000076293945,156271,0.0,0.0
2022-08-04 15:30:00-04:00,22.040000915527344,22.06999969482422,21.959999084472656,22.049999237060547,281347,0.0,0.0
2022-08-05 09:30:00-04:00,22.049999237060547,22.125,21.93000030517578,22.030000686645508,119548,0.0,0.0
2022-08-05 10:30:00-04:00,22.03499984741211,22.03499984741211,21.799999237060547,21.799999237060547,63008,0.0,0.0
2022-08-05 11:30:00-04:00,21.78499984741211,21.829999923706055,21.719999313354492,21.799999237060547,70815,0.0,0.0
2022-08-05 12:30:00-04:00,21.799999237060547,21.93000030517578,21.799999237060547,21.875,67907,0.0,0.0
2022-08-05 13:30:00-04:00,21.8799991607666,21.93000030517578,21.844999313354492,21.844999313354492,64213,0.0,0.0
2022-08-05 14:30:00-04:00,21.834999084472656,21.975000381469727,21.834999084472656,21.956899642944336,73504,0.0,0.0
2022-08-05 15:30:00-04:00,21.954999923706055,22.06999969482422,21.934999465942383,22.040000915527344,146711,0.0,0.0
2022-08-08 09:30:00-04:00,22.149999618530273,22.68000030517578,22.149999618530273,22.440000534057617,159028,0.0,0.0
2022-08-08 10:30:00-04:00,22.469999313354492,22.489999771118164,22.239999771118164,22.2450008392334,92736,0.0,0.0
2022-08-08 11:30:00-04:00,22.239999771118164,22.239999771118164,21.989999771118164,21.989999771118164,130898,0.0,0.0
2022-08-08 12:30:00-04:00,21.989999771118164,22.014999389648438,21.950000762939453,21.950000762939453,78800,0.0,0.0
2022-08-08 13:30:00-04:00,21.940000534057617,22.020000457763672,21.915000915527344,22.0,133943,0.0,0.0
2022-08-08 14:30:00-04:00,22.0,22.010000228881836,21.780000686645508,21.94499969482422,222215,0.0,0.0
2022-08-08 15:30:00-04:00,21.940000534057617,21.9950008392334,21.8799991607666,21.90999984741211,234088,0.0,0.0
2022-08-09 09:30:00-04:00,21.940000534057617,22.0049991607666,21.639999389648438,21.719999313354492,0,0.0,0.0
2022-08-09 10:30:00-04:00,21.719999313354492,21.739999771118164,21.514999389648438,21.600000381469727,130848,0.0,0.0
2022-08-09 11:30:00-04:00,21.594999313354492,21.6299991607666,21.540000915527344,21.545000076293945,66221,0.0,0.0
2022-08-09 12:30:00-04:00,21.545000076293945,21.639999389648438,21.510000228881836,21.53499984741211,146613,0.0,0.0
2022-08-09 13:30:00-04:00,21.53499984741211,21.559999465942383,21.43000030517578,21.46500015258789,117690,0.0,0.0
2022-08-09 14:30:00-04:00,21.46500015258789,21.53499984741211,21.434999465942383,21.434999465942383,173419,0.0,0.0
2022-08-09 15:30:00-04:00,21.440000534057617,21.540000915527344,21.399999618530273,21.524999618530273,330555,0.0,0.0
2022-08-10 09:30:00-04:00,21.75,22.25,21.75,22.059999465942383,205593,0.0,0.0
2022-08-10 10:30:00-04:00,22.06999969482422,22.190000534057617,22.0049991607666,22.1200008392334,256443,0.0,0.0
2022-08-10 11:30:00-04:00,22.125,22.1299991607666,21.9950008392334,22.024999618530273,84793,0.0,0.0
2022-08-10 12:30:00-04:00,22.024999618530273,22.06999969482422,22.010000228881836,22.014999389648438,68690,0.0,0.0
2022-08-10 13:30:00-04:00,22.020000457763672,22.100000381469727,22.0049991607666,22.014999389648438,74225,0.0,0.0
2022-08-10 14:30:00-04:00,22.020000457763672,22.049999237060547,21.975000381469727,22.045000076293945,83872,0.0,0.0
2022-08-10 15:30:00-04:00,22.045000076293945,22.149999618530273,22.020000457763672,22.040000915527344,261479,0.0,0.0
2022-08-11 09:30:00-04:00,22.219999313354492,22.56999969482422,22.219999313354492,22.540000915527344,203753,0.0,0.0
2022-08-11 10:30:00-04:00,22.549999237060547,22.979999542236328,22.549999237060547,22.979999542236328,790307,0.0,0.0
2022-08-11 11:30:00-04:00,22.979999542236328,22.979999542236328,22.719999313354492,22.780000686645508,98787,0.0,0.0
2022-08-11 12:30:00-04:00,22.78499984741211,22.90999984741211,22.600000381469727,22.889999389648438,579590,0.0,0.0
2022-08-11 13:30:00-04:00,22.899999618530273,22.90999984741211,22.84000015258789,22.885000228881836,124412,0.0,0.0
2022-08-11 14:30:00-04:00,22.885000228881836,22.88990020751953,22.604999542236328,22.69499969482422,174216,0.0,0.0
2022-08-11 15:30:00-04:00,22.690000534057617,22.709999084472656,22.584999084472656,22.6299991607666,431871,0.0,0.0
2022-08-12 09:30:00-04:00,22.860000610351562,22.94700050354004,22.670000076293945,22.75,248102,0.0,0.0
2022-08-12 10:30:00-04:00,22.75,22.780000686645508,22.649999618530273,22.65999984741211,156747,0.0,0.0
2022-08-12 11:30:00-04:00,22.649999618530273,22.719999313354492,22.559999465942383,22.6299991607666,91243,0.0,0.0
2022-08-12 12:30:00-04:00,22.6200008392334,22.68000030517578,22.59000015258789,22.68000030517578,56608,0.0,0.0
2022-08-12 13:30:00-04:00,22.674999237060547,22.709999084472656,22.584999084472656,22.600000381469727,59340,0.0,0.0
2022-08-12 14:30:00-04:00,22.610000610351562,22.684999465942383,22.540000915527344,22.684999465942383,129238,0.0,0.0
2022-08-12 15:30:00-04:00,22.68000030517578,22.729999542236328,22.614999771118164,22.700000762939453,211390,0.0,0.0
2022-08-15 09:30:00-04:00,22.600000381469727,22.674999237060547,22.399999618530273,22.475000381469727,80446,0.0,0.0
2022-08-15 10:30:00-04:00,22.469999313354492,22.530000686645508,22.43000030517578,22.450000762939453,77011,0.0,0.0
2022-08-15 11:30:00-04:00,22.454999923706055,22.549999237060547,22.43000030517578,22.5,202709,0.0,0.0
2022-08-15 12:30:00-04:00,22.5049991607666,22.579999923706055,22.489999771118164,22.549999237060547,94286,0.0,0.0
2022-08-15 13:30:00-04:00,22.549999237060547,22.559999465942383,22.450000762939453,22.46500015258789,60510,0.0,0.0
2022-08-15 14:30:00-04:00,22.469999313354492,22.485000610351562,22.44499969482422,22.469999313354492,111383,0.0,0.0
2022-08-15 15:30:00-04:00,22.459999084472656,22.459999084472656,22.344999313354492,22.3799991607666,199204,0.0,0.0
2022-08-16 09:30:00-04:00,22.200000762939453,22.43000030517578,22.200000762939453,22.385000228881836,502158,0.0,0.0
2022-08-16 10:30:00-04:00,22.389999389648438,22.420000076293945,22.299999237060547,22.389999389648438,196309,0.0,0.0
2022-08-16 11:30:00-04:00,22.395000457763672,22.530000686645508,22.34000015258789,22.450000762939453,112387,0.0,0.0
2022-08-16 12:30:00-04:00,22.450000762939453,22.479999542236328,22.399999618530273,22.469999313354492,54823,0.0,0.0
2022-08-16 13:30:00-04:00,22.469999313354492,22.670000076293945,22.46500015258789,22.65999984741211,182644,0.0,0.0
2022-08-16 14:30:00-04:00,22.649999618530273,22.65999984741211,22.420000076293945,22.575000762939453,135363,0.0,0.0
2022-08-16 15:30:00-04:00,22.575000762939453,22.579999923706055,22.440000534057617,22.469999313354492,379170,0.0,0.0
2022-08-17 09:30:00-04:00,22.170000076293945,22.209999084472656,21.9950008392334,22.084999084472656,189788,0.0,0.0
2022-08-17 10:30:00-04:00,22.06999969482422,22.229999542236328,22.0,22.040000915527344,88221,0.0,0.0
2022-08-17 11:30:00-04:00,22.020000457763672,22.06999969482422,21.94499969482422,22.040000915527344,100776,0.0,0.0
2022-08-17 12:30:00-04:00,22.030000686645508,22.100000381469727,22.0049991607666,22.094999313354492,59901,0.0,0.0
2022-08-17 13:30:00-04:00,22.100000381469727,22.239999771118164,22.059999465942383,22.170000076293945,68959,0.0,0.0
2022-08-17 14:30:00-04:00,22.170000076293945,22.209999084472656,21.975000381469727,22.0,109843,0.0,0.0
2022-08-17 15:30:00-04:00,21.9950008392334,22.0,21.920000076293945,21.934999465942383,227156,0.0,0.0
2022-08-18 09:30:00-04:00,21.93000030517578,21.954999923706055,21.78499984741211,21.889999389648438,86716,0.0,0.0
2022-08-18 10:30:00-04:00,21.885000228881836,21.885000228881836,21.75,21.815000534057617,108498,0.0,0.0
2022-08-18 11:30:00-04:00,21.815000534057617,21.90999984741211,21.7549991607666,21.7549991607666,62812,0.0,0.0
2022-08-18 12:30:00-04:00,21.760000228881836,21.780000686645508,21.584999084472656,21.594999313354492,109933,0.0,0.0
2022-08-18 13:30:00-04:00,21.59000015258789,21.600000381469727,21.450000762939453,21.540000915527344,228429,0.0,0.0
2022-08-18 14:30:00-04:00,21.530000686645508,21.565000534057617,21.5,21.549999237060547,120200,0.0,0.0
2022-08-18 15:30:00-04:00,21.545000076293945,21.559999465942383,21.5,21.510000228881836,184876,0.0,0.0
2022-08-19 09:30:00-04:00,21.3700008392334,21.43000030517578,21.020000457763672,21.1200008392334,191857,0.0,0.0
2022-08-19 10:30:00-04:00,21.149999618530273,21.170000076293945,20.954999923706055,21.014999389648438,113011,0.0,0.0
2022-08-19 11:30:00-04:00,21.014999389648438,21.049999237060547,20.959999084472656,20.969999313354492,143586,0.0,0.0
2022-08-19 12:30:00-04:00,20.96500015258789,21.045000076293945,20.959999084472656,21.010000228881836,128100,0.0,0.0
2022-08-19 13:30:00-04:00,21.0,21.079999923706055,20.950000762939453,21.05500030517578,133427,0.0,0.0
2022-08-19 14:30:00-04:00,21.05500030517578,21.09000015258789,21.010000228881836,21.075000762939453,126437,0.0,0.0
2022-08-19 15:30:00-04:00,21.075000762939453,21.200000762939453,21.03499984741211,21.149999618530273,244628,0.0,0.0
2022-08-22 09:30:00-04:00,21.15999984741211,21.19499969482422,20.454999923706055,20.479999542236328,155198,0.0,0.0
2022-08-22 10:30:00-04:00,20.479999542236328,20.649999618530273,20.46500015258789,20.614999771118164,126975,0.0,0.0
2022-08-22 11:30:00-04:00,20.6200008392334,20.639999389648438,20.475000381469727,20.524999618530273,114260,0.0,0.0
2022-08-22 12:30:00-04:00,20.524999618530273,20.610000610351562,20.510000228881836,20.524999618530273,117412,0.0,0.0
2022-08-22 13:30:00-04:00,20.524999618530273,20.549999237060547,20.469999313354492,20.514999389648438,93510,0.0,0.0
2022-08-22 14:30:00-04:00,20.510000228881836,20.614999771118164,20.5049991607666,20.530000686645508,115789,0.0,0.0
2022-08-22 15:30:00-04:00,20.530000686645508,20.559999465942383,20.459999084472656,20.53499984741211,279919,0.0,0.0
2022-08-23 09:30:00-04:00,20.510000228881836,20.81999969482422,20.510000228881836,20.690000534057617,221907,0.0,0.0
2022-08-23 10:30:00-04:00,20.700000762939453,20.790000915527344,20.614999771118164,20.614999771118164,204910,0.0,0.0
2022-08-23 11:30:00-04:00,20.610000610351562,20.6200008392334,20.530000686645508,20.530000686645508,81471,0.0,0.0
2022-08-23 12:30:00-04:00,20.530000686645508,20.559999465942383,20.5,20.540000915527344,124076,0.0,0.0
2022-08-23 13:30:00-04:00,20.53499984741211,20.56999969482422,20.520000457763672,20.540000915527344,85305,0.0,0.0
2022-08-23 14:30:00-04:00,20.545000076293945,20.6200008392334,20.524999618530273,20.610000610351562,78718,0.0,0.0
2022-08-23 15:30:00-04:00,20.614999771118164,20.6200008392334,20.545000076293945,20.559999465942383,267217,0.0,0.0
2022-08-24 09:30:00-04:00,20.5,20.5,20.31999969482422,20.489999771118164,68938,0.0,0.0
2022-08-24 10:30:00-04:00,20.489999771118164,20.549999237060547,20.415000915527344,20.545000076293945,83811,0.0,0.0
2022-08-24 11:30:00-04:00,20.549999237060547,20.6200008392334,20.510000228881836,20.510000228881836,50287,0.0,0.0
2022-08-24 12:30:00-04:00,20.510000228881836,20.559999465942383,20.454999923706055,20.549999237060547,64183,0.0,0.0
2022-08-24 13:30:00-04:00,20.559999465942383,20.565000534057617,20.389999389648438,20.389999389648438,65406,0.0,0.0
2022-08-24 14:30:00-04:00,20.3700008392334,20.40999984741211,20.334999084472656,20.34000015258789,89202,0.0,0.0
2022-08-24 15:30:00-04:00,20.334999084472656,20.469999313354492,20.30500030517578,20.450000762939453,265134,0.0,0.0
2022-08-25 09:30:00-04:00,20.479999542236328,20.829999923706055,20.450000762939453,20.799999237060547,65377,0.0,0.0
2022-08-25 10:30:00-04:00,20.809999465942383,20.829999923706055,20.649999618530273,20.68000030517578,79185,0.0,0.0
2022-08-25 11:30:00-04:00,20.670000076293945,20.735000610351562,20.56999969482422,20.600000381469727,42366,0.0,0.0
2022-08-25 12:30:00-04:00,20.60300064086914,20.6299991607666,20.489999771118164,20.489999771118164,56501,0.0,0.0
2022-08-25 13:30:00-04:00,20.489999771118164,20.559999465942383,20.469999313354492,20.540000915527344,47893,0.0,0.0
2022-08-25 14:30:00-04:00,20.540000915527344,20.594999313354492,20.530000686645508,20.584999084472656,81840,0.0,0.0
2022-08-25 15:30:00-04:00,20.59000015258789,20.639999389648438,20.575000762939453,20.625,144776,0.0,0.0
2022-08-26 09:30:00-04:00,20.6299991607666,20.649999618530273,20.31999969482422,20.31999969482422,119484,0.0,0.0
2022-08-26 10:30:00-04:00,20.299999237060547,20.299999237060547,20.110000610351562,20.110000610351562,193571,0.0,0.0
2022-08-26 11:30:00-04:00,20.110000610351562,20.229999542236328,20.100000381469727,20.100000381469727,80994,0.0,0.0
2022-08-26 12:30:00-04:00,20.100000381469727,20.18000030517578,20.049999237060547,20.139999389648438,80877,0.0,0.0
2022-08-26 13:30:00-04:00,20.1200008392334,20.139999389648438,20.049999237060547,20.125,76691,0.0,0.0
2022-08-26 14:30:00-04:00,20.125,20.1299991607666,20.0,20.059999465942383,155594,0.0,0.0
2022-08-26 15:30:00-04:00,20.065000534057617,20.079999923706055,19.93000030517578,19.959999084472656,253971,0.0,0.0
2022-08-29 09:30:00-04:00,19.950000762939453,19.975000381469727,19.739999771118164,19.829999923706055,126045,0.0,0.0
2022-08-29 10:30:00-04:00,19.825000762939453,19.850000381469727,19.649999618530273,19.770000457763672,85836,0.0,0.0
2022-08-29 11:30:00-04:00,19.770000457763672,19.850000381469727,19.729999542236328,19.760000228881836,62616,0.0,0.0
2022-08-29 12:30:00-04:00,19.760000228881836,19.90999984741211,19.7549991607666,19.90999984741211,77287,0.0,0.0
2022-08-29 13:30:00-04:00,19.905000686645508,19.989999771118164,19.885000228881836,19.885000228881836,99041,0.0,0.0
2022-08-29 14:30:00-04:00,19.889999389648438,20.010000228881836,19.889999389648438,19.915000915527344,125334,0.0,0.0
2022-08-29 15:30:00-04:00,19.90999984741211,19.975000381469727,19.84000015258789,19.84000015258789,194778,0.0,0.0
2022-08-30 09:30:00-04:00,19.829999923706055,19.90999984741211,19.59000015258789,19.690000534057617,133127,0.0,0.0
2022-08-30 10:30:00-04:00,19.68000030517578,19.860000610351562,19.594999313354492,19.81999969482422,121932,0.0,0.0
2022-08-30 11:30:00-04:00,19.815000534057617,19.90999984741211,19.774999618530273,19.875,97951,0.0,0.0
2022-08-30 12:30:00-04:00,19.875,19.8799991607666,19.75,19.780000686645508,148339,0.0,0.0
2022-08-30 13:30:00-04:00,19.774999618530273,19.860000610351562,19.7450008392334,19.7450008392334,183513,0.0,0.0
2022-08-30 14:30:00-04:00,19.7450008392334,19.860000610351562,19.7450008392334,19.78499984741211,136910,0.0,0.0
2022-08-30 15:30:00-04:00,19.78499984741211,19.790000915527344,19.68000030517578,19.729999542236328,242865,0.0,0.0
2022-08-31 09:30:00-04:00,19.8700008392334,20.030000686645508,19.670000076293945,19.950000762939453,113236,0.0,0.0
2022-08-31 10:30:00-04:00,19.959999084472656,20.0,19.799999237060547,19.84000015258789,122470,0.0,0.0
2022-08-31 11:30:00-04:00,19.84000015258789,19.899999618530273,19.739999771118164,19.829999923706055,70432,0.0,0.0
2022-08-31 12:30:00-04:00,19.815000534057617,19.829999923706055,19.684999465942383,19.700000762939453,74721,0.0,0.0
2022-08-31 13:30:00-04:00,19.700000762939453,19.725000381469727,19.6200008392334,19.6200008392334,196019,0.0,0.0
2022-08-31 14:30:00-04:00,19.614999771118164,19.704999923706055,19.575000762939453,19.579999923706055,108150,0.0,0.0
2022-08-31 15:30:00-04:00,19.579999923706055,19.600000381469727,19.5,19.5,157127,0.0,0.0
2022-09-01 09:30:00-04:00,19.399999618530273,19.399999618530273,18.989999771118164,19.170000076293945,139823,0.0,0.0
2022-09-01 10:30:00-04:00,19.184999465942383,19.229999542236328,19.110000610351562,19.1200008392334,173556,0.0,0.0
2022-09-01 11:30:00-04:00,19.125,19.219999313354492,19.104999542236328,19.170000076293945,146260,0.0,0.0
2022-09-01 12:30:00-04:00,19.15999984741211,19.309999465942383,19.145000457763672,19.309999465942383,151933,0.0,0.0
2022-09-01 13:30:00-04:00,19.30500030517578,19.34000015258789,19.229999542236328,19.30500030517578,98137,0.0,0.0
2022-09-01 14:30:00-04:00,19.30500030517578,19.3799991607666,19.28499984741211,19.31999969482422,161363,0.0,0.0
2022-09-01 15:30:00-04:00,19.315000534057617,19.469999313354492,19.2549991607666,19.46500015258789,206207,0.0,0.0
2022-09-02 09:30:00-04:00,20.670000076293945,20.81999969482422,20.040000915527344,20.360000610351562,565944,0.0,0.0
2022-09-02 10:30:00-04:00,20.360000610351562,20.440000534057617,20.299999237060547,20.360000610351562,223376,0.0,0.0
2022-09-02 11:30:00-04:00,20.354999542236328,20.46500015258789,20.264999389648438,20.270000457763672,131897,0.0,0.0
2022-09-02 12:30:00-04:00,20.25,20.315000534057617,20.100000381469727,20.100000381469727,263196,0.0,0.0
2022-09-02 13:30:00-04:00,20.09000015258789,20.19499969482422,20.049999237060547,20.1299991607666,252502,0.0,0.0
2022-09-02 14:30:00-04:00,20.1299991607666,20.229999542236328,20.104999542236328,20.1200008392334,245523,0.0,0.0
2022-09-02 15:30:00-04:00,20.110000610351562,20.110000610351562,19.969999313354492,19.979999542236328,278047,0.0,0.0
2022-09-06 09:30:00-04:00,20.100000381469727,20.110000610351562,19.600000381469727,19.770000457763672,283520,0.0,0.0
2022-09-06 10:30:00-04:00,19.770000457763672,19.790000915527344,19.69499969482422,19.700000762939453,158211,0.0,0.0
2022-09-06 11:30:00-04:00,19.700000762939453,19.959999084472656,19.69499969482422,19.799999237060547,142859,0.0,0.0
2022-09-06 12:30:00-04:00,19.799999237060547,19.90999984741211,19.760000228881836,19.90999984741211,115909,0.0,0.0
2022-09-06 13:30:00-04:00,19.90999984741211,20.100000381469727,19.90999984741211,20.059999465942383,127031,0.0,0.0
2022-09-06 14:30:00-04:00,20.06999969482422,20.1200008392334,20.030000686645508,20.084999084472656,150969,0.0,0.0
2022-09-06 15:30:00-04:00,20.084999084472656,20.09000015258789,19.9950008392334,20.045000076293945,303088,0.0,0.0
2022-09-07 09:30:00-04:00,20.100000381469727,20.545000076293945,20.079999923706055,20.415000915527344,213190,0.0,0.0
2022-09-07 10:30:00-04:00,20.420000076293945,20.56999969482422,20.399999618530273,20.549999237060547,293183,0.0,0.0
2022-09-07 11:30:00-04:00,20.55500030517578,20.565000534057617,20.299999237060547,20.34000015258789,283276,0.0,0.0
2022-09-07 12:30:00-04:00,20.329999923706055,20.385000228881836,20.28499984741211,20.309999465942383,132150,0.0,0.0
2022-09-07 13:30:00-04:00,20.315000534057617,20.55500030517578,20.280000686645508,20.55500030517578,196288,0.0,0.0
2022-09-07 14:30:00-04:00,20.559999465942383,20.684999465942383,20.549999237060547,20.68000030517578,183758,0.0,0.0
2022-09-07 15:30:00-04:00,20.684999465942383,20.829999923706055,20.670000076293945,20.809999465942383,551035,0.0,0.0
2022-09-08 09:30:00-04:00,20.670000076293945,21.44499969482422,20.670000076293945,21.375,932195,0.0,0.0
2022-09-08 10:30:00-04:00,21.375,21.424999237060547,21.059999465942383,21.065000534057617,558788,0.0,0.0
2022-09-08 11:30:00-04:00,21.06999969482422,21.139999389648438,20.90999984741211,21.09000015258789,249722,0.0,0.0
2022-09-08 12:30:00-04:00,21.09000015258789,21.18000030517578,21.020000457763672,21.09000015258789,318897,0.0,0.0
2022-09-08 13:30:00-04:00,21.09000015258789,21.190000534057617,21.030000686645508,21.15999984741211,163157,0.0,0.0
2022-09-08 14:30:00-04:00,21.165000915527344,21.190000534057617,21.040000915527344,21.184999465942383,174376,0.0,0.0
2022-09-08 15:30:00-04:00,21.184999465942383,21.219999313354492,21.059999465942383,21.09000015258789,374752,0.0,0.0
2022-09-09 09:30:00-04:00,21.190000534057617,21.354999542236328,21.1299991607666,21.280000686645508,91345,0.0,0.0
2022-09-09 10:30:00-04:00,21.280000686645508,21.329999923706055,21.18000030517578,21.315000534057617,85052,0.0,0.0
2022-09-09 11:30:00-04:00,21.30500030517578,21.3700008392334,21.235000610351562,21.270000457763672,106144,0.0,0.0
2022-09-09 12:30:00-04:00,21.264999389648438,21.34000015258789,21.239999771118164,21.290000915527344,67059,0.0,0.0
2022-09-09 13:30:00-04:00,21.290000915527344,21.325000762939453,21.139999389648438,21.315000534057617,171191,0.0,0.0
2022-09-09 14:30:00-04:00,21.31999969482422,21.31999969482422,21.219999313354492,21.219999313354492,160715,0.0,0.0
2022-09-09 15:30:00-04:00,21.209999084472656,21.270000457763672,21.165000915527344,21.270000457763672,197972,0.0,0.0
2022-09-12 09:30:00-04:00,22.030000686645508,22.09000015258789,21.700000762939453,21.780000686645508,309969,0.0,0.0
2022-09-12 10:30:00-04:00,21.780000686645508,21.860000610351562,21.639999389648438,21.770000457763672,128916,0.0,0.0
2022-09-12 11:30:00-04:00,21.770000457763672,21.80500030517578,21.709999084472656,21.790000915527344,85957,0.0,0.0
2022-09-12 12:30:00-04:00,21.790000915527344,21.829999923706055,21.770000457763672,21.829999923706055,144936,0.0,0.0
2022-09-12 13:30:00-04:00,21.825000762939453,21.829999923706055,21.684999465942383,21.684999465942383,119274,0.0,0.0
2022-09-12 14:30:00-04:00,21.68000030517578,21.7450008392334,21.65999984741211,21.665000915527344,74342,0.0,0.0
2022-09-12 15:30:00-04:00,21.665000915527344,21.770000457763672,21.655000686645508,21.739999771118164,239695,0.0,0.0
2022-09-13 09:30:00-04:00,21.219999313354492,21.34000015258789,21.1200008392334,21.15999984741211,125521,0.0,0.0
2022-09-13 10:30:00-04:00,21.15999984741211,21.170000076293945,20.950000762939453,21.1200008392334,118318,0.0,0.0
2022-09-13 11:30:00-04:00,21.114999771118164,21.190000534057617,21.06999969482422,21.06999969482422,84433,0.0,0.0
2022-09-13 12:30:00-04:00,21.059999465942383,21.1200008392334,21.030000686645508,21.110000610351562,99732,0.0,0.0
2022-09-13 13:30:00-04:00,21.100000381469727,21.30500030517578,21.079999923706055,21.299999237060547,275448,0.0,0.0
2022-09-13 14:30:00-04:00,21.299999237060547,21.329999923706055,21.05500030517578,21.059999465942383,161289,0.0,0.0
2022-09-13 15:30:00-04:00,21.059999465942383,21.104999542236328,20.959999084472656,21.06999969482422,406454,0.0,0.0
2022-09-14 09:30:00-04:00,21.010000228881836,21.1299991607666,20.829999923706055,20.84000015258789,196933,0.0,0.0
2022-09-14 10:30:00-04:00,20.829999923706055,21.09000015258789,20.81999969482422,21.020000457763672,106091,0.0,0.0
2022-09-14 11:30:00-04:00,21.020000457763672,21.06999969482422,20.854999542236328,20.854999542236328,140603,0.0,0.0
2022-09-14 12:30:00-04:00,20.860000610351562,21.06999969482422,20.860000610351562,21.05500030517578,126329,0.0,0.0
2022-09-14 13:30:00-04:00,21.049999237060547,21.059999465942383,20.90999984741211,20.989999771118164,191751,0.0,0.0
2022-09-14 14:30:00-04:00,20.985000610351562,21.040000915527344,20.895000457763672,20.934999465942383,189428,0.0,0.0
2022-09-14 15:30:00-04:00,20.93000030517578,21.079999923706055,20.895000457763672,21.024999618530273,346525,0.0,0.0
2022-09-15 09:30:00-04:00,21.0,21.290000915527344,20.899999618530273,21.1200008392334,146963,0.0,0.0
2022-09-15 10:30:00-04:00,21.110000610351562,21.200000762939453,20.969999313354492,21.139999389648438,167910,0.0,0.0
2022-09-15 11:30:00-04:00,21.135000228881836,21.155000686645508,20.969999313354492,20.975000381469727,127662,0.0,0.0
2022-09-15 12:30:00-04:00,20.969999313354492,21.184999465942383,20.959999084472656,21.165000915527344,136224,0.0,0.0
2022-09-15 13:30:00-04:00,21.15999984741211,21.18000030517578,20.989999771118164,21.100000381469727,99106,0.0,0.0
2022-09-15 14:30:00-04:00,21.094999313354492,21.114999771118164,20.915000915527344,20.93000030517578,196198,0.0,0.0
2022-09-15 15:30:00-04:00,20.924999237060547,20.950000762939453,20.84000015258789,20.915000915527344,245366,0.0,0.0
2022-09-16 09:30:00-04:00,20.790000915527344,20.90999984741211,20.600000381469727,20.8700008392334,402634,0.0,0.0
2022-09-16 10:30:00-04:00,20.875,20.959999084472656,20.787900924682617,20.834999084472656,243904,0.0,0.0
2022-09-16 11:30:00-04:00,20.829999923706055,20.875,20.7450008392334,20.760000228881836,195428,0.0,0.0
2022-09-16 12:30:00-04:00,20.760000228881836,20.989999771118164,20.7450008392334,20.924999237060547,194253,0.0,0.0
2022-09-16 13:30:00-04:00,20.93000030517578,21.110000610351562,20.924999237060547,21.06999969482422,280123,0.0,0.0
2022-09-16 14:30:00-04:00,21.059999465942383,21.264999389648438,21.05500030517578,21.219999313354492,182092,0.0,0.0
2022-09-16 15:30:00-04:00,21.219999313354492,21.364999771118164,21.174999237060547,21.290000915527344,463952,0.0,0.0
2022-09-19 09:30:00-04:00,20.959999084472656,21.079999923706055,20.809999465942383,21.020000457763672,163190,0.0,0.0
2022-09-19 10:30:00-04:00,21.020000457763672,21.1200008392334,20.889999389648438,20.889999389648438,106872,0.0,0.0
2022-09-19 11:30:00-04:00,20.875,21.010000228881836,20.80500030517578,20.959999084472656,107789,0.0,0.0
2022-09-19 12:30:00-04:00,20.954999923706055,21.040000915527344,20.905000686645508,21.0,89774,0.0,0.0
2022-09-19 13:30:00-04:00,21.0,21.0049991607666,20.799999237060547,20.815000534057617,128991,0.0,0.0
2022-09-19 14:30:00-04:00,20.815000534057617,20.934999465942383,20.790000915527344,20.934999465942383,158950,0.0,0.0
2022-09-19 15:30:00-04:00,20.93000030517578,20.989999771118164,20.885000228881836,20.975000381469727,310692,0.0,0.0
2022-09-20 09:30:00-04:00,20.739999771118164,20.739999771118164,20.43000030517578,20.670000076293945,176898,0.0,0.0
2022-09-20 10:30:00-04:00,20.649999618530273,20.860000610351562,20.639999389648438,20.760000228881836,104744,0.0,0.0
2022-09-20 11:30:00-04:00,20.75,20.829999923706055,20.69499969482422,20.760000228881836,99573,0.0,0.0
2022-09-20 12:30:00-04:00,20.760000228881836,20.760000228881836,20.6200008392334,20.645000457763672,90902,0.0,0.0
2022-09-20 13:30:00-04:00,20.645000457763672,20.670000076293945,20.56999969482422,20.575000762939453,181738,0.0,0.0
2022-09-20 14:30:00-04:00,20.56999969482422,20.670000076293945,20.530000686645508,20.600000381469727,161345,0.0,0.0
2022-09-20 15:30:00-04:00,20.59000015258789,20.69499969482422,20.549999237060547,20.649999618530273,214320,0.0,0.0
2022-09-21 09:30:00-04:00,20.860000610351562,20.920000076293945,20.719999313354492,20.825000762939453,204610,0.0,0.0
2022-09-21 10:30:00-04:00,20.84000015258789,20.850000381469727,20.610000610351562,20.610000610351562,81613,0.0,0.0
2022-09-21 11:30:00-04:00,20.610000610351562,20.6200008392334,20.420000076293945,20.424999237060547,381039,0.0,0.0
2022-09-21 12:30:00-04:00,20.420000076293945,20.424999237060547,20.270000457763672,20.295000076293945,221622,0.0,0.0
2022-09-21 13:30:00-04:00,20.295000076293945,20.3799991607666,19.899999618530273,19.934999465942383,217336,0.0,0.0
2022-09-21 14:30:00-04:00,19.929100036621094,20.350000381469727,19.81999969482422,19.81999969482422,467825,0.0,0.0
2022-09-21 15:30:00-04:00,19.815000534057617,19.815000534057617,19.53499984741211,19.56999969482422,468748,0.0,0.0
2022-09-22 09:30:00-04:00,19.510000228881836,19.575000762939453,19.19499969482422,19.270000457763672,169524,0.0,0.0
2022-09-22 10:30:00-04:00,19.280000686645508,19.43000030517578,19.229999542236328,19.415000915527344,365097,0.0,0.0
2022-09-22 11:30:00-04:00,19.43000030517578,19.579999923706055,19.3700008392334,19.545000076293945,311009,0.0,0.0
2022-09-22 12:30:00-04:00,19.549999237060547,19.700000762939453,19.524999618530273,19.6299991607666,437553,0.0,0.0
2022-09-22 13:30:00-04:00,19.6299991607666,19.65999984741211,19.510000228881836,19.635000228881836,507441,0.0,0.0
2022-09-22 14:30:00-04:00,19.6299991607666,19.780000686645508,19.56999969482422,19.704999923706055,325447,0.0,0.0
2022-09-22 15:30:00-04:00,19.704999923706055,19.75,19.579999923706055,19.579999923706055,372211,0.0,0.0
2022-09-23 09:30:00-04:00,19.290000915527344,19.459999084472656,18.89109992980957,18.989999771118164,428580,0.0,0.0
2022-09-23 10:30:00-04:00,19.0,19.209999084472656,18.844999313354492,19.104999542236328,305439,0.0,0.0
2022-09-23 11:30:00-04:00,19.110000610351562,19.204999923706055,19.020000457763672,19.100000381469727,311755,0.0,0.0
2022-09-23 12:30:00-04:00,19.100000381469727,19.19499969482422,19.0049991607666,19.059999465942383,156162,0.0,0.0
2022-09-23 13:30:00-04:00,19.059999465942383,19.145000457763672,18.959999084472656,19.03499984741211,269407,0.0,0.0
2022-09-23 14:30:00-04:00,19.040000915527344,19.114999771118164,18.920000076293945,19.104999542236328,298138,0.0,0.0
2022-09-23 15:30:00-04:00,19.104999542236328,19.239999771118164,19.100000381469727,19.219999313354492,364811,0.0,0.0
2022-09-26 09:30:00-04:00,19.059999465942383,19.079999923706055,18.649999618530273,18.989999771118164,413378,0.0,0.0
2022-09-26 10:30:00-04:00,18.979999542236328,18.979999542236328,18.6299991607666,18.665000915527344,252423,0.0,0.0
2022-09-26 11:30:00-04:00,18.665000915527344,18.68000030517578,18.360000610351562,18.399999618530273,200174,0.0,0.0
2022-09-26 12:30:00-04:00,18.399999618530273,18.510000228881836,18.295000076293945,18.31999969482422,170774,0.0,0.0
2022-09-26 13:30:00-04:00,18.31999969482422,18.510000228881836,18.31999969482422,18.43000030517578,314730,0.0,0.0
2022-09-26 14:30:00-04:00,18.43000030517578,18.614999771118164,18.399999618530273,18.579999923706055,258472,0.0,0.0
2022-09-26 15:30:00-04:00,18.56999969482422,18.575000762939453,18.360000610351562,18.389999389648438,401576,0.0,0.0
2022-09-27 09:30:00-04:00,18.399999618530273,18.639999389648438,17.889999389648438,18.010000228881836,387840,0.0,0.0
2022-09-27 10:30:00-04:00,18.014999389648438,18.309999465942383,18.010000228881836,18.225000381469727,326995,0.0,0.0
2022-09-27 11:30:00-04:00,18.21500015258789,18.274999618530273,17.979999542236328,18.020000457763672,163032,0.0,0.0
2022-09-27 12:30:00-04:00,18.010000228881836,18.100000381469727,17.959999084472656,18.049999237060547,201402,0.0,0.0
2022-09-27 13:30:00-04:00,18.045000076293945,18.125,17.954999923706055,18.125,142085,0.0,0.0
2022-09-27 14:30:00-04:00,18.1200008392334,18.209999084472656,18.079999923706055,18.1299991607666,211005,0.0,0.0
2022-09-27 15:30:00-04:00,18.1299991607666,18.135000228881836,17.989999771118164,18.049999237060547,423656,0.0,0.0
2022-09-28 09:30:00-04:00,18.260000228881836,18.735000610351562,18.049999237060547,18.690000534057617,414179,0.0,0.0
2022-09-28 10:30:00-04:00,18.709999084472656,18.84000015258789,18.594999313354492,18.719999313354492,310041,0.0,0.0
2022-09-28 11:30:00-04:00,18.71500015258789,18.824100494384766,18.6200008392334,18.690000534057617,391912,0.0,0.0
2022-09-28 12:30:00-04:00,18.69499969482422,18.979999542236328,18.690000534057617,18.93000030517578,334626,0.0,0.0
2022-09-28 13:30:00-04:00,18.920000076293945,18.969999313354492,18.665000915527344,18.700000762939453,222352,0.0,0.0
2022-09-28 14:30:00-04:00,18.690000534057617,18.78499984741211,18.639999389648438,18.645000457763672,235884,0.0,0.0
2022-09-28 15:30:00-04:00,18.649999618530273,18.71500015258789,18.56999969482422,18.579999923706055,577145,0.0,0.0
2022-09-29 09:30:00-04:00,18.1200008392334,18.139999389648438,17.540000915527344,17.704999923706055,494901,0.0,0.0
2022-09-29 10:30:00-04:00,17.704999923706055,17.90999984741211,17.610000610351562,17.84000015258789,298533,0.0,0.0
2022-09-29 11:30:00-04:00,17.854999542236328,17.959999084472656,17.670000076293945,17.78499984741211,246698,0.0,0.0
2022-09-29 12:30:00-04:00,17.790000915527344,17.84000015258789,17.670000076293945,17.690000534057617,170106,0.0,0.0
2022-09-29 13:30:00-04:00,17.68000030517578,17.709999084472656,17.559999465942383,17.690000534057617,258647,0.0,0.0
2022-09-29 14:30:00-04:00,17.68000030517578,17.719999313354492,17.56999969482422,17.6299991607666,293474,0.0,0.0
2022-09-29 15:30:00-04:00,17.6200008392334,17.75,17.600000381469727,17.670000076293945,542819,0.0,0.0
2022-09-30 09:30:00-04:00,17.799999237060547,17.8700008392334,17.68000030517578,17.799999237060547,197810,0.0,0.0
2022-09-30 10:30:00-04:00,17.795000076293945,17.989999771118164,17.760000228881836,17.93000030517578,174253,0.0,0.0
2022-09-30 11:30:00-04:00,17.924999237060547,17.940000534057617,17.825000762939453,17.834999084472656,107465,0.0,0.0
2022-09-30 12:30:00-04:00,17.829999923706055,17.920000076293945,17.795000076293945,17.899999618530273,147854,0.0,0.0
2022-09-30 13:30:00-04:00,17.895000457763672,18.045000076293945,17.80500030517578,17.975000381469727,163422,0.0,0.0
2022-09-30 14:30:00-04:00,17.985000610351562,18.110000610351562,17.959999084472656,18.045000076293945,310227,0.0,0.0
2022-09-30 15:30:00-04:00,18.05500030517578,18.09000015258789,17.90999984741211,17.950000762939453,416816,0.0,0.0
2022-10-03 09:30:00-04:00,18.329999923706055,18.360000610351562,18.030000686645508,18.30500030517578,304770,0.0,0.0
2022-10-03 10:30:00-04:00,18.30500030517578,18.3799991607666,18.225000381469727,18.295000076293945,226871,0.0,0.0
2022-10-03 11:30:00-04:00,18.309999465942383,18.34000015258789,18.190000534057617,18.285499572753906,108899,0.0,0.0
2022-10-03 12:30:00-04:00,18.290000915527344,18.3799991607666,18.2549991607666,18.344999313354492,115031,0.0,0.0
2022-10-03 13:30:00-04:00,18.350000381469727,18.40999984741211,18.329999923706055,18.3700008392334,124052,0.0,0.0
2022-10-03 14:30:00-04:00,18.360000610351562,18.3799991607666,18.170000076293945,18.200000762939453,213659,0.0,0.0
2022-10-03 15:30:00-04:00,18.204999923706055,18.235000610351562,18.09000015258789,18.100000381469727,396506,0.0,0.0
2022-10-04 09:30:00-04:00,18.389999389648438,18.834999084472656,18.389999389648438,18.670000076293945,254476,0.0,0.0
2022-10-04 10:30:00-04:00,18.649999618530273,18.739999771118164,18.59000015258789,18.6299991607666,158320,0.0,0.0
2022-10-04 11:30:00-04:00,18.6299991607666,18.649999618530273,18.540000915527344,18.639999389648438,176391,0.0,0.0
2022-10-04 12:30:00-04:00,18.639999389648438,18.690000534057617,18.459999084472656,18.514999389648438,108684,0.0,0.0
2022-10-04 13:30:00-04:00,18.514999389648438,18.588899612426758,18.454999923706055,18.459999084472656,148659,0.0,0.0
2022-10-04 14:30:00-04:00,18.46500015258789,18.549999237060547,18.459999084472656,18.514999389648438,141822,0.0,0.0
2022-10-04 15:30:00-04:00,18.510000228881836,18.56999969482422,18.489999771118164,18.56999969482422,280915,0.0,0.0
2022-10-05 09:30:00-04:00,18.209999084472656,18.260000228881836,17.209999084472656,17.229999542236328,336275,0.0,0.0
2022-10-05 10:30:00-04:00,17.209999084472656,17.230499267578125,16.905000686645508,17.079999923706055,521830,0.0,0.0
2022-10-05 11:30:00-04:00,17.079999923706055,17.309999465942383,16.954999923706055,17.18000030517578,229419,0.0,0.0
2022-10-05 12:30:00-04:00,17.18000030517578,17.309999465942383,17.075000762939453,17.270000457763672,219440,0.0,0.0
2022-10-05 13:30:00-04:00,17.264999389648438,17.5049991607666,17.235000610351562,17.5,199990,0.0,0.0
2022-10-05 14:30:00-04:00,17.5,17.6200008392334,17.454999923706055,17.604999542236328,314729,0.0,0.0
2022-10-05 15:30:00-04:00,17.600000381469727,17.600000381469727,17.3799991607666,17.43000030517578,510729,0.0,0.0
2022-10-06 09:30:00-04:00,17.3799991607666,17.524999618530273,16.78499984741211,16.854999542236328,302780,0.0,0.0
2022-10-06 10:30:00-04:00,16.854999542236328,17.15999984741211,16.825000762939453,17.1299991607666,225580,0.0,0.0
2022-10-06 11:30:00-04:00,17.1299991607666,17.15999984741211,16.985000610351562,17.094999313354492,136761,0.0,0.0
2022-10-06 12:30:00-04:00,17.094999313354492,17.2450008392334,17.075000762939453,17.209999084472656,134541,0.0,0.0
2022-10-06 13:30:00-04:00,17.204999923706055,17.2450008392334,17.149999618530273,17.225000381469727,129466,0.0,0.0
2022-10-06 14:30:00-04:00,17.235000610351562,17.290000915527344,17.149999618530273,17.270000457763672,182743,0.0,0.0
2022-10-06 15:30:00-04:00,17.295000076293945,17.299999237060547,17.174999237060547,17.239999771118164,298423,0.0,0.0
2022-10-07 09:30:00-04:00,16.809999465942383,17.0,16.3799991607666,16.389999389648438,307160,0.0,0.0
2022-10-07 10:30:00-04:00,16.389999389648438,16.485000610351562,16.280000686645508,16.450000762939453,154054,0.0,0.0
2022-10-07 11:30:00-04:00,16.44499969482422,16.540000915527344,16.3799991607666,16.524999618530273,166212,0.0,0.0
2022-10-07 12:30:00-04:00,16.524999618530273,16.545000076293945,16.434999465942383,16.469999313354492,173846,0.0,0.0
2022-10-07 13:30:00-04:00,16.469999313354492,16.55500030517578,16.440000534057617,16.5,135591,0.0,0.0
2022-10-07 14:30:00-04:00,16.5,16.5049991607666,16.299999237060547,16.30500030517578,164753,0.0,0.0
2022-10-07 15:30:00-04:00,16.315000534057617,16.549999237060547,16.30500030517578,16.510000228881836,359536,0.0,0.0
2022-10-10 09:30:00-04:00,16.530000686645508,16.530000686645508,16.25,16.450000762939453,349666,0.0,0.0
2022-10-10 10:30:00-04:00,16.450000762939453,16.489999771118164,16.34000015258789,16.40999984741211,106892,0.0,0.0
2022-10-10 11:30:00-04:00,16.40999984741211,16.450000762939453,16.274499893188477,16.299999237060547,93215,0.0,0.0
2022-10-10 12:30:00-04:00,16.295000076293945,16.34000015258789,16.239999771118164,16.34000015258789,162534,0.0,0.0
2022-10-10 13:30:00-04:00,16.334999084472656,16.520000457763672,16.334999084472656,16.389999389648438,149697,0.0,0.0
2022-10-10 14:30:00-04:00,16.3799991607666,16.43000030517578,16.28499984741211,16.31999969482422,155410,0.0,0.0
2022-10-10 15:30:00-04:00,16.31999969482422,16.395000457763672,16.309999465942383,16.31999969482422,253700,0.0,0.0
2022-10-11 09:30:00-04:00,16.290000915527344,16.479999542236328,16.1200008392334,16.40999984741211,228061,0.0,0.0
2022-10-11 10:30:00-04:00,16.40999984741211,16.540000915527344,16.395000457763672,16.489999771118164,130854,0.0,0.0
2022-10-11 11:30:00-04:00,16.5,16.610000610351562,16.479999542236328,16.579999923706055,126555,0.0,0.0
2022-10-11 12:30:00-04:00,16.579999923706055,16.700000762939453,16.579999923706055,16.65999984741211,99668,0.0,0.0
2022-10-11 13:30:00-04:00,16.65999984741211,16.75,16.639999389648438,16.719999313354492,72126,0.0,0.0
2022-10-11 14:30:00-04:00,16.729999542236328,16.774999618530273,16.46500015258789,16.53499984741211,171777,0.0,0.0
2022-10-11 15:30:00-04:00,16.530000686645508,16.690000534057617,16.510000228881836,16.649999618530273,328205,0.0,0.0
2022-10-12 09:30:00-04:00,16.6299991607666,16.6299991607666,16.3799991607666,16.549999237060547,168673,0.0,0.0
2022-10-12 10:30:00-04:00,16.545000076293945,16.68000030517578,16.489999771118164,16.670000076293945,107110,0.0,0.0
2022-10-12 11:30:00-04:00,16.68000030517578,16.709999084472656,16.545000076293945,16.55500030517578,91993,0.0,0.0
2022-10-12 12:30:00-04:00,16.559999465942383,16.719999313354492,16.559999465942383,16.700000762939453,183243,0.0,0.0
2022-10-12 13:30:00-04:00,16.690000534057617,16.854999542236328,16.68000030517578,16.834999084472656,175025,0.0,0.0
2022-10-12 14:30:00-04:00,16.84000015258789,16.93000030517578,16.80500030517578,16.899999618530273,195612,0.0,0.0
2022-10-12 15:30:00-04:00,16.895000457763672,16.905000686645508,16.790000915527344,16.809999465942383,257414,0.0,0.0
2022-10-13 09:30:00-04:00,16.420000076293945,17.049999237060547,16.25,16.80500030517578,276573,0.0,0.0
2022-10-13 10:30:00-04:00,16.799999237060547,17.21500015258789,16.7450008392334,17.110000610351562,206984,0.0,0.0
2022-10-13 11:30:00-04:00,17.145000457763672,17.274999618530273,17.014999389648438,17.079999923706055,264808,0.0,0.0
2022-10-13 12:30:00-04:00,17.059999465942383,17.184999465942383,17.059999465942383,17.174999237060547,133295,0.0,0.0
2022-10-13 13:30:00-04:00,17.18000030517578,17.28499984741211,17.18000030517578,17.229999542236328,106785,0.0,0.0
2022-10-13 14:30:00-04:00,17.225000381469727,17.44499969482422,17.219999313354492,17.3700008392334,163879,0.0,0.0
2022-10-13 15:30:00-04:00,17.364999771118164,17.3799991607666,17.290000915527344,17.350000381469727,429472,0.0,0.0
2022-10-14 09:30:00-04:00,17.56999969482422,17.6299991607666,17.229999542236328,17.280000686645508,203973,0.0,0.0
2022-10-14 10:30:00-04:00,17.290000915527344,17.450000762939453,17.290000915527344,17.43000030517578,71143,0.0,0.0
2022-10-14 11:30:00-04:00,17.43000030517578,17.43000030517578,17.190000534057617,17.260000228881836,75200,0.0,0.0
2022-10-14 12:30:00-04:00,17.260000228881836,17.309999465942383,17.1299991607666,17.139999389648438,230470,0.0,0.0
2022-10-14 13:30:00-04:00,17.139999389648438,17.28499984741211,17.104999542236328,17.2549991607666,144219,0.0,0.0
2022-10-14 14:30:00-04:00,17.25,17.274999618530273,17.049999237060547,17.15999984741211,318922,0.0,0.0
2022-10-14 15:30:00-04:00,17.155000686645508,17.19499969482422,17.020000457763672,17.049999237060547,378552,0.0,0.0
2022-10-17 09:30:00-04:00,17.3700008392334,17.649999618530273,17.280000686645508,17.479999542236328,293065,0.0,0.0
2022-10-17 10:30:00-04:00,17.489999771118164,17.6299991607666,17.485000610351562,17.614999771118164,169381,0.0,0.0
2022-10-17 11:30:00-04:00,17.6200008392334,17.690000534057617,17.604999542236328,17.670000076293945,94834,0.0,0.0
2022-10-17 12:30:00-04:00,17.65999984741211,17.665000915527344,17.545000076293945,17.639999389648438,107651,0.0,0.0
2022-10-17 13:30:00-04:00,17.639999389648438,17.674999237060547,17.559999465942383,17.625,155660,0.0,0.0
2022-10-17 14:30:00-04:00,17.625,17.625,17.405000686645508,17.440000534057617,174878,0.0,0.0
2022-10-17 15:30:00-04:00,17.434999465942383,17.549999237060547,17.434999465942383,17.499000549316406,184641,0.0,0.0
2022-10-18 09:30:00-04:00,17.65999984741211,17.889999389648438,17.625,17.65999984741211,187428,0.0,0.0
2022-10-18 10:30:00-04:00,17.65999984741211,17.65999984741211,17.415000915527344,17.479999542236328,115957,0.0,0.0
2022-10-18 11:30:00-04:00,17.4950008392334,17.575000762939453,17.440000534057617,17.540000915527344,91124,0.0,0.0
2022-10-18 12:30:00-04:00,17.540000915527344,17.540000915527344,17.375,17.485000610351562,122646,0.0,0.0
2022-10-18 13:30:00-04:00,17.485000610351562,17.530000686645508,17.405000686645508,17.420000076293945,95882,0.0,0.0
2022-10-18 14:30:00-04:00,17.420000076293945,17.420000076293945,17.155000686645508,17.270000457763672,181146,0.0,0.0
2022-10-18 15:30:00-04:00,17.25,17.34000015258789,17.209999084472656,17.270000457763672,297660,0.0,0.0
2022-10-19 09:30:00-04:00,16.950000762939453,17.079999923706055,16.790000915527344,16.94499969482422,285610,0.0,0.0
2022-10-19 10:30:00-04:00,16.94499969482422,16.950000762939453,16.68000030517578,16.729999542236328,210396,0.0,0.0
2022-10-19 11:30:00-04:00,16.729999542236328,16.739999771118164,16.614999771118164,16.6299991607666,119789,0.0,0.0
2022-10-19 12:30:00-04:00,16.6200008392334,16.6299991607666,16.3700008392334,16.385000228881836,132859,0.0,0.0
2022-10-19 13:30:00-04:00,16.389999389648438,16.5049991607666,16.375,16.440000534057617,155952,0.0,0.0
2022-10-19 14:30:00-04:00,16.440000534057617,16.524999618530273,16.40999984741211,16.424999237060547,209662,0.0,0.0
2022-10-19 15:30:00-04:00,16.43000030517578,16.440000534057617,16.350000381469727,16.40999984741211,431039,0.0,0.0
2022-10-20 09:30:00-04:00,16.510000228881836,16.927000045776367,16.3700008392334,16.75,234350,0.0,0.0
2022-10-20 10:30:00-04:00,16.7549991607666,16.770000457763672,16.584999084472656,16.639999389648438,102928,0.0,0.0
2022-10-20 11:30:00-04:00,16.635000228881836,16.709999084472656,16.5049991607666,16.530000686645508,111087,0.0,0.0
2022-10-20 12:30:00-04:00,16.530000686645508,16.59000015258789,16.46500015258789,16.584999084472656,119555,0.0,0.0
2022-10-20 13:30:00-04:00,16.584999084472656,16.610000610351562,16.5049991607666,16.510000228881836,99600,0.0,0.0
2022-10-20 14:30:00-04:00,16.510000228881836,16.645000457763672,16.475000381469727,16.5049991607666,190943,0.0,0.0
2022-10-20 15:30:00-04:00,16.5049991607666,16.59000015258789,16.479999542236328,16.510000228881836,348619,0.0,0.0
2022-10-21 09:30:00-04:00,16.559999465942383,16.68000030517578,16.280000686645508,16.454999923706055,170168,0.0,0.0
2022-10-21 10:30:00-04:00,16.450000762939453,16.5049991607666,16.295000076293945,16.40999984741211,111194,0.0,0.0
2022-10-21 11:30:00-04:00,16.40999984741211,16.469999313354492,16.350000381469727,16.399999618530273,128630,0.0,0.0
2022-10-21 12:30:00-04:00,16.395000457763672,16.53499984741211,16.389999389648438,16.469999313354492,486110,0.0,0.0
2022-10-21 13:30:00-04:00,16.475000381469727,16.610000610351562,16.44499969482422,16.479999542236328,357527,0.0,0.0
2022-10-21 14:30:00-04:00,16.489999771118164,16.579999923706055,16.440000534057617,16.565000534057617,176307,0.0,0.0
2022-10-21 15:30:00-04:00,16.56999969482422,16.645000457763672,16.514999389648438,16.6299991607666,341090,0.0,0.0
2022-10-24 09:30:00-04:00,16.809999465942383,16.850000381469727,16.3799991607666,16.53499984741211,206994,0.0,0.0
2022-10-24 10:30:00-04:00,16.530000686645508,16.665000915527344,16.514999389648438,16.540000915527344,255357,0.0,0.0
2022-10-24 11:30:00-04:00,16.540000915527344,16.6200008392334,16.530000686645508,16.594999313354492,138367,0.0,0.0
2022-10-24 12:30:00-04:00,16.600000381469727,16.639999389648438,16.524999618530273,16.540000915527344,197972,0.0,0.0
2022-10-24 13:30:00-04:00,16.53499984741211,16.639999389648438,16.510099411010742,16.639999389648438,161415,0.0,0.0
2022-10-24 14:30:00-04:00,16.639999389648438,16.78499984741211,16.639999389648438,16.735000610351562,180312,0.0,0.0
2022-10-24 15:30:00-04:00,16.739999771118164,16.75,16.631500244140625,16.690000534057617,290874,0.0,0.0
2022-10-25 09:30:00-04:00,16.780000686645508,17.610000610351562,16.780000686645508,17.600000381469727,437453,0.0,0.0
2022-10-25 10:30:00-04:00,17.600000381469727,17.709999084472656,17.545000076293945,17.665000915527344,404740,0.0,0.0
2022-10-25 11:30:00-04:00,17.670000076293945,17.795000076293945,17.639999389648438,17.790000915527344,215318,0.0,0.0
2022-10-25 12:30:00-04:00,17.78499984741211,17.864999771118164,17.7549991607666,17.760000228881836,543085,0.0,0.0
2022-10-25 13:30:00-04:00,17.770000457763672,17.829999923706055,17.610000610351562,17.610000610351562,310589,0.0,0.0
2022-10-25 14:30:00-04:00,17.614999771118164,17.625,17.434999465942383,17.594999313354492,202237,0.0,0.0
2022-10-25 15:30:00-04:00,17.594999313354492,17.68000030517578,17.549999237060547,17.56999969482422,416854,0.0,0.0
2022-10-26 09:30:00-04:00,17.56999969482422,17.729999542236328,17.290000915527344,17.420000076293945,338691,0.0,0.0
2022-10-26 10:30:00-04:00,17.399999618530273,17.454999923706055,17.309999465942383,17.415000915527344,235951,0.0,0.0
2022-10-26 11:30:00-04:00,17.420000076293945,17.510000228881836,17.405000686645508,17.434999465942383,153938,0.0,0.0
2022-10-26 12:30:00-04:00,17.440000534057617,17.56999969482422,17.31999969482422,17.325000762939453,145119,0.0,0.0
2022-10-26 13:30:00-04:00,17.329999923706055,17.34000015258789,17.260000228881836,17.264999389648438,156664,0.0,0.0
2022-10-26 14:30:00-04:00,17.260000228881836,17.280000686645508,17.139999389648438,17.239999771118164,202202,0.0,0.0
2022-10-26 15:30:00-04:00,17.235000610351562,17.399999618530273,17.204999923706055,17.309999465942383,513152,0.0,0.0
2022-10-27 09:30:00-04:00,17.489999771118164,17.69499969482422,17.440000534057617,17.670000076293945,202662,0.0,0.0
2022-10-27 10:30:00-04:00,17.68000030517578,17.69499969482422,17.405000686645508,17.469999313354492,153025,0.0,0.0
2022-10-27 11:30:00-04:00,17.475000381469727,17.489999771118164,17.2549991607666,17.2549991607666,168932,0.0,0.0
2022-10-27 12:30:00-04:00,17.260000228881836,17.3799991607666,17.2549991607666,17.31999969482422,170912,0.0,0.0
2022-10-27 13:30:00-04:00,17.315000534057617,17.350000381469727,17.290000915527344,17.325000762939453,118721,0.0,0.0
2022-10-27 14:30:00-04:00,17.325000762939453,17.325000762939453,17.145000457763672,17.149999618530273,153745,0.0,0.0
2022-10-27 15:30:00-04:00,17.139999389648438,17.190000534057617,17.1200008392334,17.174999237060547,364289,0.0,0.0
2022-10-28 09:30:00-04:00,17.170000076293945,17.350000381469727,17.049999237060547,17.299999237060547,0,0.0,0.0
2022-10-28 10:30:00-04:00,17.295000076293945,17.459999084472656,17.260000228881836,17.375,129674,0.0,0.0
2022-10-28 11:30:00-04:00,17.3799991607666,17.469999313354492,17.329999923706055,17.375,169585,0.0,0.0
2022-10-28 12:30:00-04:00,17.389999389648438,17.469999313354492,17.360000610351562,17.43000030517578,239581,0.0,0.0
2022-10-28 13:30:00-04:00,17.434999465942383,17.459999084472656,17.309999465942383,17.309999465942383,181384,0.0,0.0
2022-10-28 14:30:00-04:00,17.30500030517578,17.5049991607666,17.30500030517578,17.399999618530273,609710,0.0,0.0
2022-10-28 15:30:00-04:00,17.405000686645508,17.479999542236328,17.361000061035156,17.469999313354492,562757,0.0,0.0
2022-10-31 09:30:00-04:00,17.309999465942383,17.43000030517578,17.165000915527344,17.389999389648438,196204,0.0,0.0
2022-10-31 10:30:00-04:00,17.3799991607666,17.56999969482422,17.360000610351562,17.549999237060547,139955,0.0,0.0
2022-10-31 11:30:00-04:00,17.540000915527344,17.584999084472656,17.459999084472656,17.5049991607666,149765,0.0,0.0
2022-10-31 12:30:00-04:00,17.510000228881836,17.530000686645508,17.454999923706055,17.489999771118164,120390,0.0,0.0
2022-10-31 13:30:00-04:00,17.489999771118164,17.565000534057617,17.46500015258789,17.549999237060547,160202,0.0,0.0
2022-10-31 14:30:00-04:00,17.549999237060547,17.674999237060547,17.44499969482422,17.670000076293945,422461,0.0,0.0
2022-10-31 15:30:00-04:00,17.670000076293945,17.719999313354492,17.579999923706055,17.59000015258789,530794,0.0,0.0
2022-11-01 09:30:00-04:00,17.829999923706055,17.920000076293945,17.520000457763672,17.6200008392334,216871,0.0,0.0
2022-11-01 10:30:00-04:00,17.6200008392334,17.75,17.549999237060547,17.614999771118164,148831,0.0,0.0
2022-11-01 11:30:00-04:00,17.6200008392334,17.649999618530273,17.469999313354492,17.579999923706055,320114,0.0,0.0
2022-11-01 12:30:00-04:00,17.59000015258789,17.690000534057617,17.514999389648438,17.631200790405273,326759,0.0,0.0
2022-11-01 13:30:00-04:00,17.6299991607666,17.709999084472656,17.559999465942383,17.594999313354492,222418,0.0,0.0
2022-11-01 14:30:00-04:00,17.600000381469727,17.600000381469727,17.399999618530273,17.46500015258789,220634,0.0,0.0
2022-11-01 15:30:00-04:00,17.469999313354492,17.5049991607666,17.399999618530273,17.43000030517578,533838,0.0,0.0
2022-11-02 09:30:00-04:00,17.360000610351562,17.399999618530273,17.138999938964844,17.3799991607666,102251,0.0,0.0
2022-11-02 10:30:00-04:00,17.3799991607666,17.479999542236328,17.3700008392334,17.424999237060547,78474,0.0,0.0
2022-11-02 11:30:00-04:00,17.424999237060547,17.479999542236328,17.40999984741211,17.420000076293945,91646,0.0,0.0
2022-11-02 12:30:00-04:00,17.420000076293945,17.469999313354492,17.395000457763672,17.46500015258789,50633,0.0,0.0
2022-11-02 13:30:00-04:00,17.459999084472656,17.860000610351562,17.450000762939453,17.860000610351562,150760,0.0,0.0
2022-11-02 14:30:00-04:00,17.860000610351562,17.989999771118164,17.469999313354492,17.540000915527344,596010,0.0,0.0
2022-11-02 15:30:00-04:00,17.530000686645508,17.53499984741211,17.315000534057617,17.350000381469727,283437,0.0,0.0
2022-11-03 09:30:00-04:00,17.030000686645508,17.1299991607666,16.489999771118164,16.84000015258789,226055,0.0,0.0
2022-11-03 10:30:00-04:00,16.850000381469727,17.079999923706055,16.760000228881836,17.030000686645508,120728,0.0,0.0
2022-11-03 11:30:00-04:00,17.030000686645508,17.1299991607666,16.96500015258789,17.100000381469727,118236,0.0,0.0
2022-11-03 12:30:00-04:00,17.100000381469727,17.225000381469727,17.075000762939453,17.155000686645508,107284,0.0,0.0
2022-11-03 13:30:00-04:00,17.15999984741211,17.354999542236328,17.135000228881836,17.325000762939453,125652,0.0,0.0
2022-11-03 14:30:00-04:00,17.329999923706055,17.415000915527344,17.31999969482422,17.395000457763672,219800,0.0,0.0
2022-11-03 15:30:00-04:00,17.395000457763672,17.440000534057617,17.25,17.274999618530273,285334,0.0,0.0
2022-11-04 09:30:00-04:00,17.219999313354492,17.5,17.149999618530273,17.350000381469727,0,0.0,0.0
2022-11-04 10:30:00-04:00,17.34000015258789,17.59000015258789,17.309999465942383,17.399999618530273,312085,0.0,0.0
2022-11-04 11:30:00-04:00,17.399999618530273,17.479999542236328,17.110000610351562,17.183000564575195,183542,0.0,0.0
2022-11-04 12:30:00-04:00,17.18000030517578,17.190000534057617,16.940000534057617,17.170000076293945,353466,0.0,0.0
2022-11-04 13:30:00-04:00,17.15999984741211,17.25,17.049999237060547,17.209999084472656,349733,0.0,0.0
2022-11-04 14:30:00-04:00,17.209999084472656,17.31999969482422,17.1200008392334,17.19499969482422,536268,0.0,0.0
2022-11-04 15:30:00-04:00,17.19499969482422,17.290000915527344,17.15999984741211,17.225000381469727,714181,0.0,0.0
2022-11-07 09:30:00-05:00,17.270000457763672,17.530000686645508,16.780000686645508,16.795000076293945,343568,0.0,0.0
2022-11-07 10:30:00-05:00,16.790000915527344,16.825000762939453,16.684999465942383,16.81999969482422,220735,0.0,0.0
2022-11-07 11:30:00-05:00,16.815000534057617,16.84000015258789,16.5,16.520000457763672,185890,0.0,0.0
2022-11-07 12:30:00-05:00,16.514999389648438,16.639999389648438,16.514999389648438,16.53499984741211,285345,0.0,0.0
2022-11-07 13:30:00-05:00,16.540000915527344,16.809999465942383,16.530000686645508,16.770000457763672,441379,0.0,0.0
2022-11-07 14:30:00-05:00,16.780000686645508,16.780000686645508,16.700000762939453,16.725000381469727,188722,0.0,0.0
2022-11-07 15:30:00-05:00,16.719999313354492,16.815000534057617,16.700000762939453,16.780000686645508,565973,0.0,0.0
2022-11-08 09:30:00-05:00,16.760000228881836,16.90999984741211,16.579999923706055,16.8700008392334,629196,0.0,0.0
2022-11-08 10:30:00-05:00,16.8700008392334,16.93000030517578,16.780000686645508,16.81999969482422,342158,0.0,0.0
2022-11-08 11:30:00-05:00,16.825000762939453,16.829999923706055,16.665000915527344,16.75,326138,0.0,0.0
2022-11-08 12:30:00-05:00,16.7549991607666,16.84000015258789,16.6200008392334,16.639999389648438,209235,0.0,0.0
2022-11-08 13:30:00-05:00,16.645000457763672,16.704999923706055,16.520000457763672,16.520000457763672,228754,0.0,0.0
2022-11-08 14:30:00-05:00,16.5,16.71500015258789,16.5,16.69499969482422,138525,0.0,0.0
2022-11-08 15:30:00-05:00,16.69499969482422,16.770000457763672,16.59000015258789,16.600000381469727,356074,0.0,0.0
2022-11-09 09:30:00-05:00,16.479999542236328,16.479999542236328,16.155000686645508,16.364999771118164,428290,0.0,0.0
2022-11-09 10:30:00-05:00,16.360000610351562,16.389999389648438,16.170000076293945,16.3700008392334,254830,0.0,0.0
2022-11-09 11:30:00-05:00,16.375,16.485000610351562,16.290000915527344,16.385000228881836,151823,0.0,0.0
2022-11-09 12:30:00-05:00,16.3799991607666,16.399999618530273,16.209999084472656,16.209999084472656,190490,0.0,0.0
2022-11-09 13:30:00-05:00,16.21500015258789,16.229999542236328,16.149999618530273,16.165000915527344,137512,0.0,0.0
2022-11-09 14:30:00-05:00,16.149999618530273,16.149999618530273,15.96500015258789,15.994999885559082,293523,0.0,0.0
2022-11-09 15:30:00-05:00,15.994999885559082,16.059999465942383,15.954999923706055,16.020000457763672,581836,0.0,0.0
2022-11-10 09:30:00-05:00,16.65999984741211,17.125,16.5,16.81999969482422,873156,0.0,0.0
2022-11-10 10:30:00-05:00,16.825000762939453,16.885000228881836,16.690000534057617,16.809999465942383,914491,0.0,0.0
2022-11-10 11:30:00-05:00,16.852500915527344,17.104999542236328,16.774999618530273,16.985000610351562,491422,0.0,0.0
2022-11-10 12:30:00-05:00,16.985000610351562,17.049999237060547,16.899999618530273,17.049999237060547,259071,0.0,0.0
2022-11-10 13:30:00-05:00,17.047500610351562,17.1200008392334,16.989999771118164,17.040000915527344,215036,0.0,0.0
2022-11-10 14:30:00-05:00,17.040000915527344,17.149999618530273,17.03499984741211,17.1299991607666,273715,0.0,0.0
2022-11-10 15:30:00-05:00,17.139999389648438,17.2450008392334,17.135000228881836,17.219999313354492,494760,0.0,0.0
2022-11-11 09:30:00-05:00,17.360000610351562,17.524999618530273,17.238800048828125,17.489999771118164,296478,0.0,0.0
2022-11-11 10:30:00-05:00,17.479999542236328,17.690000534057617,17.440000534057617,17.575000762939453,204887,0.0,0.0
2022-11-11 11:30:00-05:00,17.575000762939453,17.665000915527344,17.485000610351562,17.639999389648438,218365,0.0,0.0
2022-11-11 12:30:00-05:00,17.639999389648438,17.885000228881836,17.639999389648438,17.844999313354492,365289,0.0,0.0
2022-11-11 13:30:00-05:00,17.850000381469727,18.229999542236328,17.829999923706055,18.229999542236328,661561,0.0,0.0
2022-11-11 14:30:00-05:00,18.229999542236328,18.239999771118164,17.93000030517578,17.950000762939453,362674,0.0,0.0
2022-11-11 15:30:00-05:00,17.954999923706055,17.954999923706055,17.690000534057617,17.729999542236328,603176,0.0,0.0
2022-11-14 09:30:00-05:00,17.610000610351562,17.6200008392334,17.079999923706055,17.2450008392334,288727,0.0,0.0
2022-11-14 10:30:00-05:00,17.25,17.399999618530273,17.170000076293945,17.209999084472656,152489,0.0,0.0
2022-11-14 11:30:00-05:00,17.209999084472656,17.260000228881836,17.040000915527344,17.1299991607666,91525,0.0,0.0
2022-11-14 12:30:00-05:00,17.1299991607666,17.25,17.1200008392334,17.2450008392334,140609,0.0,0.0
2022-11-14 13:30:00-05:00,17.2450008392334,17.2549991607666,16.889999389648438,16.954999923706055,252500,0.0,0.0
2022-11-14 14:30:00-05:00,16.954999923706055,17.09000015258789,16.915000915527344,16.975000381469727,378911,0.0,0.0
2022-11-14 15:30:00-05:00,16.975000381469727,16.979999542236328,16.780000686645508,16.795000076293945,249334,0.0,0.0
2022-11-15 09:30:00-05:00,17.15999984741211,17.274999618530273,17.049999237060547,17.25,216370,0.0,0.0
2022-11-15 10:30:00-05:00,17.274999618530273,17.34000015258789,17.175100326538086,17.19499969482422,199263,0.0,0.0
2022-11-15 11:30:00-05:00,17.209999084472656,17.290000915527344,17.18000030517578,17.239999771118164,168618,0.0,0.0
2022-11-15 12:30:00-05:00,17.235000610351562,17.299999237060547,16.979999542236328,17.010000228881836,148705,0.0,0.0
2022-11-15 13:30:00-05:00,17.0,17.079999923706055,16.860000610351562,17.059999465942383,188751,0.0,0.0
2022-11-15 14:30:00-05:00,17.05500030517578,17.114999771118164,16.959999084472656,17.05500030517578,219589,0.0,0.0
2022-11-15 15:30:00-05:00,17.049999237060547,17.09000015258789,17.010000228881836,17.079999923706055,319665,0.0,0.0
2022-11-16 09:30:00-05:00,16.950000762939453,16.950000762939453,16.600000381469727,16.81999969482422,143728,0.0,0.0
2022-11-16 10:30:00-05:00,16.809999465942383,16.834999084472656,16.71500015258789,16.770000457763672,70377,0.0,0.0
2022-11-16 11:30:00-05:00,16.760000228881836,16.782699584960938,16.614999771118164,16.65999984741211,77818,0.0,0.0
2022-11-16 12:30:00-05:00,16.649999618530273,16.709999084472656,16.594999313354492,16.604999542236328,103969,0.0,0.0
2022-11-16 13:30:00-05:00,16.604999542236328,16.604999542236328,16.414600372314453,16.489999771118164,124567,0.0,0.0
2022-11-16 14:30:00-05:00,16.5,16.5,16.364999771118164,16.405000686645508,126584,0.0,0.0
2022-11-16 15:30:00-05:00,16.399999618530273,16.459999084472656,16.350000381469727,16.454999923706055,375660,0.0,0.0
2022-11-17 09:30:00-05:00,16.209999084472656,16.209999084472656,15.899999618530273,16.1299991607666,172169,0.0,0.0
2022-11-17 10:30:00-05:00,16.135000228881836,16.145000457763672,16.040000915527344,16.116300582885742,81025,0.0,0.0
2022-11-17 11:30:00-05:00,16.1200008392334,16.184999465942383,16.049999237060547,16.155000686645508,99446,0.0,0.0
2022-11-17 12:30:00-05:00,16.15999984741211,16.2549991607666,16.114999771118164,16.1299991607666,185515,0.0,0.0
2022-11-17 13:30:00-05:00,16.1299991607666,16.174999237060547,16.079999923706055,16.084999084472656,237068,0.0,0.0
2022-11-17 14:30:00-05:00,16.06999969482422,16.1299991607666,16.040000915527344,16.06999969482422,136474,0.0,0.0
2022-11-17 15:30:00-05:00,16.06999969482422,16.280000686645508,16.06999969482422,16.260000228881836,310598,0.0,0.0
2022-11-18 09:30:00-05:00,16.559999465942383,16.579999923706055,16.2450008392334,16.315000534057617,110738,0.0,0.0
2022-11-18 10:30:00-05:00,16.315000534057617,16.434999465942383,16.270000457763672,16.40999984741211,83596,0.0,0.0
2022-11-18 11:30:00-05:00,16.420000076293945,16.440000534057617,16.309999465942383,16.344999313354492,117754,0.0,0.0
2022-11-18 12:30:00-05:00,16.350000381469727,16.489999771118164,16.350000381469727,16.489999771118164,81350,0.0,0.0
2022-11-18 13:30:00-05:00,16.489999771118164,16.520000457763672,16.385000228881836,16.395000457763672,60699,0.0,0.0
2022-11-18 14:30:00-05:00,16.399999618530273,16.4950008392334,16.299999237060547,16.489999771118164,104574,0.0,0.0
2022-11-18 15:30:00-05:00,16.485000610351562,16.614999771118164,16.479999542236328,16.59000015258789,287145,0.0,0.0
2022-11-21 09:30:00-05:00,16.56999969482422,16.639999389648438,16.440000534057617,16.475000381469727,246337,0.0,0.0
2022-11-21 10:30:00-05:00,16.475000381469727,16.489999771118164,16.31999969482422,16.329999923706055,186654,0.0,0.0
2022-11-21 11:30:00-05:00,16.329999923706055,16.360000610351562,16.235000610351562,16.2450008392334,144994,0.0,0.0
2022-11-21 12:30:00-05:00,16.2450008392334,16.329999923706055,16.229999542236328,16.325000762939453,175978,0.0,0.0
2022-11-21 13:30:00-05:00,16.31999969482422,16.3799991607666,16.260000228881836,16.315000534057617,241572,0.0,0.0
2022-11-21 14:30:00-05:00,16.315000534057617,16.440000534057617,16.30500030517578,16.415000915527344,229621,0.0,0.0
2022-11-21 15:30:00-05:00,16.415000915527344,16.459999084472656,16.34000015258789,16.3799991607666,432353,0.0,0.0
2022-11-22 09:30:00-05:00,16.469999313354492,16.657499313354492,16.260000228881836,16.648099899291992,248547,0.0,0.0
2022-11-22 10:30:00-05:00,16.645000457763672,16.670000076293945,16.510000228881836,16.645000457763672,118714,0.0,0.0
2022-11-22 11:30:00-05:00,16.649999618530273,16.690000534057617,16.584999084472656,16.68000030517578,92110,0.0,0.0
2022-11-22 12:30:00-05:00,16.690000534057617,16.709999084472656,16.594999313354492,16.665000915527344,107117,0.0,0.0
2022-11-22 13:30:00-05:00,16.670000076293945,16.68000030517578,16.514999389648438,16.540000915527344,108211,0.0,0.0
2022-11-22 14:30:00-05:00,16.53499984741211,16.639999389648438,16.510000228881836,16.6299991607666,137483,0.0,0.0
2022-11-22 15:30:00-05:00,16.625,16.80500030517578,16.625,16.780000686645508,386272,0.0,0.0
2022-11-23 09:30:00-05:00,16.670000076293945,16.780000686645508,16.489999771118164,16.739999771118164,103387,0.0,0.0
2022-11-23 10:30:00-05:00,16.739999771118164,16.8799991607666,16.690000534057617,16.704999923706055,77876,0.0,0.0
2022-11-23 11:30:00-05:00,16.709999084472656,16.709999084472656,16.609800338745117,16.670000076293945,56953,0.0,0.0
2022-11-23 12:30:00-05:00,16.670000076293945,16.670000076293945,16.575000762939453,16.649999618530273,56993,0.0,0.0
2022-11-23 13:30:00-05:00,16.649999618530273,16.764999389648438,16.600000381469727,16.739999771118164,79737,0.0,0.0
2022-11-23 14:30:00-05:00,16.709999084472656,16.809999465942383,16.655000686645508,16.78499984741211,149578,0.0,0.0
2022-11-23 15:30:00-05:00,16.78499984741211,16.81999969482422,16.75,16.78499984741211,200172,0.0,0.0
2022-11-25 09:30:00-05:00,16.809999465942383,17.084999084472656,16.78499984741211,17.059999465942383,396107,0.0,0.0
2022-11-25 10:30:00-05:00,17.040000915527344,17.09000015258789,16.950000762939453,17.075000762939453,462181,0.0,0.0
2022-11-25 11:30:00-05:00,17.075000762939453,17.219999313354492,17.059999465942383,17.1200008392334,148740,0.0,0.0
2022-11-28 09:30:00-05:00,16.920000076293945,17.040000915527344,16.780000686645508,16.940000534057617,181081,0.0,0.0
2022-11-28 10:30:00-05:00,16.940000534057617,16.940000534057617,16.780000686645508,16.799999237060547,101184,0.0,0.0
2022-11-28 11:30:00-05:00,16.799999237060547,16.809999465942383,16.690000534057617,16.7450008392334,280012,0.0,0.0
2022-11-28 12:30:00-05:00,16.7450008392334,16.760000228881836,16.6299991607666,16.71500015258789,128459,0.0,0.0
2022-11-28 13:30:00-05:00,16.71500015258789,16.7549991607666,16.645000457763672,16.7450008392334,163401,0.0,0.0
2022-11-28 14:30:00-05:00,16.7450008392334,16.780000686645508,16.610000610351562,16.614999771118164,184437,0.0,0.0
2022-11-28 15:30:00-05:00,16.614999771118164,16.65999984741211,16.610000610351562,16.614999771118164,307493,0.0,0.0
2022-11-29 09:30:00-05:00,16.670000076293945,16.905000686645508,16.579999923706055,16.899999618530273,146001,0.0,0.0
2022-11-29 10:30:00-05:00,16.905000686645508,16.979999542236328,16.75,16.770000457763672,265049,0.0,0.0
2022-11-29 11:30:00-05:00,16.770000457763672,16.799999237060547,16.674999237060547,16.684999465942383,157170,0.0,0.0
2022-11-29 12:30:00-05:00,16.684999465942383,16.774999618530273,16.6299991607666,16.665000915527344,464578,0.0,0.0
2022-11-29 13:30:00-05:00,16.665000915527344,16.795000076293945,16.600000381469727,16.764999389648438,417889,0.0,0.0
2022-11-29 14:30:00-05:00,16.760000228881836,16.860000610351562,16.725000381469727,16.854999542236328,114898,0.0,0.0
2022-11-29 15:30:00-05:00,16.854999542236328,16.920000076293945,16.84000015258789,16.885000228881836,331403,0.0,0.0
2022-11-30 09:30:00-05:00,16.8700008392334,16.920000076293945,16.559999465942383,16.665000915527344,195379,0.0,0.0
2022-11-30 10:30:00-05:00,16.65999984741211,16.760000228881836,16.6200008392334,16.75,79214,0.0,0.0
2022-11-30 11:30:00-05:00,16.75,16.770000457763672,16.6200008392334,16.65999984741211,96238,0.0,0.0
2022-11-30 12:30:00-05:00,16.655000686645508,16.844999313354492,16.625,16.790000915527344,655192,0.0,0.0
2022-11-30 13:30:00-05:00,16.780000686645508,17.09000015258789,16.760000228881836,17.045000076293945,302443,0.0,0.0
2022-11-30 14:30:00-05:00,17.045000076293945,17.045000076293945,16.920000076293945,16.975000381469727,217439,0.0,0.0
2022-11-30 15:30:00-05:00,16.969999313354492,17.31999969482422,16.969999313354492,17.315000534057617,426157,0.0,0.0
2022-12-01 09:30:00-05:00,17.469999313354492,17.739999771118164,17.1299991607666,17.139999389648438,187257,0.0,0.0
2022-12-01 10:30:00-05:00,17.139999389648438,17.229999542236328,17.1200008392334,17.174999237060547,203711,0.0,0.0
2022-12-01 11:30:00-05:00,17.18000030517578,17.2549991607666,17.049999237060547,17.139999389648438,89213,0.0,0.0
2022-12-01 12:30:00-05:00,17.145000457763672,17.170000076293945,16.864999771118164,16.8799991607666,141840,0.0,0.0
2022-12-01 13:30:00-05:00,16.8799991607666,16.969999313354492,16.809999465942383,16.94499969482422,244880,0.0,0.0
2022-12-01 14:30:00-05:00,16.94499969482422,17.0,16.93000030517578,17.0,220841,0.0,0.0
2022-12-01 15:30:00-05:00,16.989999771118164,17.05500030517578,16.975000381469727,17.030000686645508,338988,0.0,0.0
2022-12-02 09:30:00-05:00,16.920000076293945,16.979999542236328,16.700000762939453,16.950000762939453,322460,0.0,0.0
2022-12-02 10:30:00-05:00,16.950000762939453,17.0,16.760000228881836,16.774999618530273,84150,0.0,0.0
2022-12-02 11:30:00-05:00,16.780000686645508,16.93000030517578,16.770999908447266,16.915000915527344,165361,0.0,0.0
2022-12-02 12:30:00-05:00,16.915000915527344,16.940000534057617,16.815000534057617,16.889999389648438,79229,0.0,0.0
2022-12-02 13:30:00-05:00,16.8799991607666,16.895000457763672,16.825000762939453,16.860000610351562,119675,0.0,0.0
2022-12-02 14:30:00-05:00,16.860000610351562,16.950000762939453,16.829999923706055,16.885000228881836,127508,0.0,0.0
2022-12-02 15:30:00-05:00,16.889999389648438,16.895000457763672,16.80500030517578,16.860000610351562,275706,0.0,0.0
2022-12-05 09:30:00-05:00,16.65999984741211,16.65999984741211,16.40999984741211,16.549999237060547,273042,0.0,0.0
2022-12-05 10:30:00-05:00,16.540000915527344,16.625,16.469999313354492,16.489999771118164,169414,0.0,0.0
2022-12-05 11:30:00-05:00,16.479999542236328,16.479999542236328,16.260000228881836,16.28499984741211,165942,0.0,0.0
2022-12-05 12:30:00-05:00,16.28499984741211,16.315000534057617,16.079999923706055,16.149999618530273,191201,0.0,0.0
2022-12-05 13:30:00-05:00,16.145000457763672,16.21500015258789,16.065000534057617,16.06999969482422,140939,0.0,0.0
2022-12-05 14:30:00-05:00,16.06999969482422,16.100000381469727,15.9399995803833,16.0049991607666,263348,0.0,0.0
2022-12-05 15:30:00-05:00,16.010000228881836,16.110000610351562,16.010000228881836,16.059999465942383,240194,0.0,0.0
2022-12-06 09:30:00-05:00,15.989999771118164,16.079999923706055,15.744999885559082,15.765000343322754,209666,0.0,0.0
2022-12-06 10:30:00-05:00,15.760000228881836,15.789999961853027,15.625,15.649999618530273,209426,0.0,0.0
2022-12-06 11:30:00-05:00,15.640000343322754,15.65999984741211,15.46500015258789,15.539999961853027,318260,0.0,0.0
2022-12-06 12:30:00-05:00,15.53499984741211,15.5649995803833,15.380000114440918,15.484999656677246,462256,0.0,0.0
2022-12-06 13:30:00-05:00,15.489999771118164,15.579999923706055,15.369999885559082,15.404999732971191,334062,0.0,0.0
2022-12-06 14:30:00-05:00,15.404999732971191,15.489999771118164,15.380000114440918,15.454999923706055,355595,0.0,0.0
2022-12-06 15:30:00-05:00,15.454999923706055,15.475000381469727,15.380000114440918,15.460000038146973,378859,0.0,0.0
2022-12-07 09:30:00-05:00,15.359999656677246,15.489999771118164,15.079999923706055,15.470000267028809,342400,0.0,0.0
2022-12-07 10:30:00-05:00,15.479999542236328,15.539999961853027,15.289999961853027,15.3149995803833,161474,0.0,0.0
2022-12-07 11:30:00-05:00,15.3100004196167,15.385000228881836,15.234999656677246,15.295000076293945,172552,0.0,0.0
2022-12-07 12:30:00-05:00,15.300000190734863,15.414999961853027,15.270000457763672,15.395000457763672,164683,0.0,0.0
2022-12-07 13:30:00-05:00,15.395000457763672,15.404999732971191,15.109999656677246,15.244999885559082,1014896,0.0,0.0
2022-12-07 14:30:00-05:00,15.239999771118164,15.289999961853027,15.170000076293945,15.1899995803833,267046,0.0,0.0
2022-12-07 15:30:00-05:00,15.199999809265137,15.244999885559082,15.154999732971191,15.210000038146973,407752,0.0,0.0
2022-12-08 09:30:00-05:00,15.3100004196167,15.479999542236328,15.229999542236328,15.395000457763672,438193,0.0,0.0
2022-12-08 10:30:00-05:00,15.399999618530273,15.494999885559082,15.375,15.4350004196167,154909,0.0,0.0
2022-12-08 11:30:00-05:00,15.430000305175781,15.5600004196167,15.425000190734863,15.454999923706055,153923,0.0,0.0
2022-12-08 12:30:00-05:00,15.460000038146973,15.5,15.425000190734863,15.454999923706055,113519,0.0,0.0
2022-12-08 13:30:00-05:00,15.460000038146973,15.520000457763672,15.414999961853027,15.475000381469727,136140,0.0,0.0
2022-12-08 14:30:00-05:00,15.475000381469727,15.5,15.425000190734863,15.454999923706055,126734,0.0,0.0
2022-12-08 15:30:00-05:00,15.454999923706055,15.470000267028809,15.34000015258789,15.390000343322754,262249,0.0,0.0
2022-12-09 09:30:00-05:00,15.5,15.725000381469727,15.289999961853027,15.725000381469727,762117,0.0,0.0
2022-12-09 10:30:00-05:00,15.725000381469727,16.1200008392334,15.725000381469727,16.110000610351562,677199,0.0,0.0
2022-12-09 11:30:00-05:00,16.1200008392334,16.18000030517578,15.975000381469727,15.975000381469727,451148,0.0,0.0
2022-12-09 12:30:00-05:00,15.970000267028809,16.059999465942383,15.880000114440918,15.984999656677246,578147,0.0,0.0
2022-12-09 13:30:00-05:00,15.984999656677246,16.0,15.899999618530273,15.920000076293945,319462,0.0,0.0
2022-12-09 14:30:00-05:00,15.92080020904541,16.014999389648438,15.920000076293945,15.975000381469727,415405,0.0,0.0
2022-12-09 15:30:00-05:00,15.975000381469727,15.979999542236328,15.890000343322754,15.920000076293945,723811,0.0,0.0
2022-12-12 09:30:00-05:00,15.930000305175781,16.010000228881836,15.579999923706055,15.670000076293945,239750,0.0,0.0
2022-12-12 10:30:00-05:00,15.670000076293945,15.725000381469727,15.600000381469727,15.71500015258789,116487,0.0,0.0
2022-12-12 11:30:00-05:00,15.71500015258789,15.770000457763672,15.6899995803833,15.720000267028809,173558,0.0,0.0
2022-12-12 12:30:00-05:00,15.720000267028809,15.75,15.65999984741211,15.75,115673,0.0,0.0
2022-12-12 13:30:00-05:00,15.75,15.84000015258789,15.739999771118164,15.835000038146973,210464,0.0,0.0
2022-12-12 14:30:00-05:00,15.835000038146973,15.899999618530273,15.789999961853027,15.885000228881836,206113,0.0,0.0
2022-12-12 15:30:00-05:00,15.890000343322754,15.949999809265137,15.859999656677246,15.944999694824219,588717,0.0,0.0
2022-12-13 09:30:00-05:00,16.600000381469727,16.8700008392334,16.09000015258789,16.1200008392334,385727,0.0,0.0
2022-12-13 10:30:00-05:00,16.1299991607666,16.15999984741211,15.979999542236328,16.09000015258789,279851,0.0,0.0
2022-12-13 11:30:00-05:00,16.09000015258789,16.1299991607666,15.925000190734863,15.979999542236328,355210,0.0,0.0
2022-12-13 12:30:00-05:00,15.970000267028809,16.100000381469727,15.920000076293945,16.100000381469727,150968,0.0,0.0
2022-12-13 13:30:00-05:00,16.09910011291504,16.1200008392334,16.030000686645508,16.06999969482422,143118,0.0,0.0
2022-12-13 14:30:00-05:00,16.06999969482422,16.170000076293945,15.989999771118164,16.165000915527344,253159,0.0,0.0
2022-12-13 15:30:00-05:00,16.170000076293945,16.2549991607666,16.09000015258789,16.18000030517578,753558,0.0,0.0
2022-12-14 09:30:00-05:00,16.06999969482422,16.565000534057617,16.040000915527344,16.5,242162,0.0,0.0
2022-12-14 10:30:00-05:00,16.489999771118164,16.489999771118164,16.34000015258789,16.3700008392334,123277,0.0,0.0
2022-12-14 11:30:00-05:00,16.364999771118164,16.389999389648438,16.302499771118164,16.3700008392334,110385,0.0,0.0
2022-12-14 12:30:00-05:00,16.3700008392334,16.690000534057617,16.350000381469727,16.690000534057617,708385,0.0,0.0
2022-12-14 13:30:00-05:00,16.6875,16.764999389648438,16.299999237060547,16.329999923706055,309718,0.0,0.0
2022-12-14 14:30:00-05:00,16.31999969482422,16.469999313354492,16.139999389648438,16.19499969482422,355226,0.0,0.0
2022-12-14 15:30:00-05:00,16.190000534057617,16.43000030517578,16.125,16.415000915527344,611978,0.0,0.0
2022-12-15 09:30:00-05:00,16.209999084472656,16.375,16.170000076293945,16.184999465942383,243087,0.0,0.0
2022-12-15 10:30:00-05:00,16.184999465942383,16.2549991607666,16.09000015258789,16.125,261783,0.0,0.0
2022-12-15 11:30:00-05:00,16.1299991607666,16.295000076293945,16.100000381469727,16.295000076293945,90919,0.0,0.0
2022-12-15 12:30:00-05:00,16.299999237060547,16.31999969482422,16.139999389648438,16.21500015258789,90629,0.0,0.0
2022-12-15 13:30:00-05:00,16.209999084472656,16.31999969482422,16.200000762939453,16.28499984741211,124233,0.0,0.0
2022-12-15 14:30:00-05:00,16.280000686645508,16.40999984741211,16.260000228881836,16.399999618530273,168404,0.0,0.0
2022-12-15 15:30:00-05:00,16.395000457763672,16.395000457763672,16.209999084472656,16.219999313354492,355613,0.0,0.0
2022-12-16 09:30:00-05:00,15.880000114440918,16.1200008392334,15.680000305175781,15.770000457763672,499734,0.0,0.0
2022-12-16 10:30:00-05:00,15.755000114440918,15.890000343322754,15.645000457763672,15.675000190734863,193636,0.0,0.0
2022-12-16 11:30:00-05:00,15.675000190734863,15.770000457763672,15.654999732971191,15.6899995803833,175756,0.0,0.0
2022-12-16 12:30:00-05:00,15.6899995803833,15.734999656677246,15.574999809265137,15.600000381469727,142589,0.0,0.0
2022-12-16 13:30:00-05:00,15.609999656677246,15.630000114440918,15.539999961853027,15.550000190734863,126099,0.0,0.0
2022-12-16 14:30:00-05:00,15.555000305175781,15.664999961853027,15.524999618530273,15.65999984741211,153501,0.0,0.0
2022-12-16 15:30:00-05:00,15.670000076293945,15.920000076293945,15.65999984741211,15.8100004196167,673845,0.0,0.0
2022-12-19 09:30:00-05:00,15.84000015258789,15.880000114440918,15.710000038146973,15.824999809265137,206185,0.0,0.0
2022-12-19 10:30:00-05:00,15.824999809265137,15.835000038146973,15.720000267028809,15.720000267028809,112800,0.0,0.0
2022-12-19 11:30:00-05:00,15.708200454711914,15.729999542236328,15.625,15.630000114440918,155576,0.0,0.0
2022-12-19 12:30:00-05:00,15.630000114440918,15.699999809265137,15.614999771118164,15.635000228881836,131759,0.0,0.0
2022-12-19 13:30:00-05:00,15.635000228881836,15.645000457763672,15.399999618530273,15.40999984741211,184752,0.0,0.0
2022-12-19 14:30:00-05:00,15.40999984741211,15.479999542236328,15.364999771118164,15.454999923706055,205132,0.0,0.0
2022-12-19 15:30:00-05:00,15.460000038146973,15.5600004196167,15.40999984741211,15.510000228881836,319916,0.0,0.0
2022-12-20 09:30:00-05:00,15.449999809265137,15.550000190734863,15.345000267028809,15.53499984741211,113504,0.0,0.0
2022-12-20 10:30:00-05:00,15.539999961853027,15.680000305175781,15.53499984741211,15.630000114440918,113250,0.0,0.0
2022-12-20 11:30:00-05:00,15.625,15.65999984741211,15.590900421142578,15.630000114440918,89233,0.0,0.0
2022-12-20 12:30:00-05:00,15.619999885559082,15.694999694824219,15.574999809265137,15.670000076293945,101985,0.0,0.0
2022-12-20 13:30:00-05:00,15.680000305175781,15.739999771118164,15.640000343322754,15.670000076293945,113672,0.0,0.0
2022-12-20 14:30:00-05:00,15.664999961853027,15.670000076293945,15.609999656677246,15.654999732971191,184513,0.0,0.0
2022-12-20 15:30:00-05:00,15.654999732971191,15.6850004196167,15.569999694824219,15.569999694824219,257697,0.0,0.0
2022-12-21 09:30:00-05:00,15.720000267028809,15.960000038146973,15.720000267028809,15.850000381469727,180387,0.0,0.0
2022-12-21 10:30:00-05:00,15.850000381469727,15.895000457763672,15.8149995803833,15.84000015258789,97596,0.0,0.0
2022-12-21 11:30:00-05:00,15.835000038146973,15.84000015258789,15.720000267028809,15.800000190734863,172125,0.0,0.0
2022-12-21 12:30:00-05:00,15.805000305175781,15.829999923706055,15.789999961853027,15.8149995803833,62853,0.0,0.0
2022-12-21 13:30:00-05:00,15.8149995803833,15.850000381469727,15.760000228881836,15.765000343322754,95808,0.0,0.0
2022-12-21 14:30:00-05:00,15.765000343322754,15.770000457763672,15.649999618530273,15.65410041809082,163483,0.0,0.0
2022-12-21 15:30:00-05:00,15.654999732971191,15.680000305175781,15.609999656677246,15.680000305175781,226157,0.0,0.0
2022-12-22 09:30:00-05:00,15.510000228881836,15.619999885559082,15.380000114440918,15.5649995803833,109642,0.0,0.0
2022-12-22 10:30:00-05:00,15.5649995803833,15.619999885559082,15.5,15.501799583435059,91582,0.0,0.0
2022-12-22 11:30:00-05:00,15.506400108337402,15.510000228881836,15.40999984741211,15.444999694824219,89600,0.0,0.0
2022-12-22 12:30:00-05:00,15.449999809265137,15.520000457763672,15.40999984741211,15.470000267028809,202124,0.0,0.0
2022-12-22 13:30:00-05:00,15.460000038146973,15.520000457763672,15.40999984741211,15.520000457763672,193591,0.0,0.0
2022-12-22 14:30:00-05:00,15.520000457763672,15.760000228881836,15.460000038146973,15.739999771118164,196434,0.0,0.0
2022-12-22 15:30:00-05:00,15.744999885559082,15.890000343322754,15.694999694824219,15.869999885559082,213705,0.0,0.0
2022-12-23 09:30:00-05:00,15.789999961853027,15.890000343322754,15.679699897766113,15.84000015258789,143642,0.0,0.0
2022-12-23 10:30:00-05:00,15.839900016784668,15.930000305175781,15.75,15.755000114440918,78195,0.0,0.0
2022-12-23 11:30:00-05:00,15.75,15.829999923706055,15.75,15.770000457763672,61732,0.0,0.0
2022-12-23 12:30:00-05:00,15.770000457763672,15.829999923706055,15.760000228881836,15.8100004196167,72145,0.0,0.0
2022-12-23 13:30:00-05:00,15.819999694824219,15.84000015258789,15.729999542236328,15.829999923706055,93805,0.0,0.0
2022-12-23 14:30:00-05:00,15.829999923706055,15.854999542236328,15.779999732971191,15.819999694824219,71320,0.0,0.0
2022-12-23 15:30:00-05:00,15.819999694824219,15.869999885559082,15.800000190734863,15.859999656677246,151709,0.0,0.0
2022-12-27 09:30:00-05:00,15.880000114440918,15.920000076293945,15.6899995803833,15.84000015258789,105338,0.0,0.0
2022-12-27 10:30:00-05:00,15.84000015258789,15.90999984741211,15.829999923706055,15.875,89467,0.0,0.0
2022-12-27 11:30:00-05:00,15.875,15.899999618530273,15.850000381469727,15.895000457763672,64989,0.0,0.0
2022-12-27 12:30:00-05:00,15.890000343322754,15.914999961853027,15.84000015258789,15.850000381469727,62364,0.0,0.0
2022-12-27 13:30:00-05:00,15.850000381469727,15.885000228881836,15.829999923706055,15.869999885559082,70428,0.0,0.0
2022-12-27 14:30:00-05:00,15.875,16.0049991607666,15.875,16.0049991607666,100330,0.0,0.0
2022-12-27 15:30:00-05:00,16.0049991607666,16.059999465942383,15.96500015258789,15.989999771118164,132466,0.0,0.0
2022-12-28 09:30:00-05:00,15.989999771118164,16.049999237060547,15.770000457763672,15.800000190734863,114505,0.0,0.0
2022-12-28 10:30:00-05:00,15.795000076293945,15.8149995803833,15.694999694824219,15.710000038146973,129134,0.0,0.0
2022-12-28 11:30:00-05:00,15.71500015258789,15.725000381469727,15.554300308227539,15.574999809265137,146816,0.0,0.0
2022-12-28 12:30:00-05:00,15.574999809265137,15.670000076293945,15.539999961853027,15.569999694824219,122081,0.0,0.0
2022-12-28 13:30:00-05:00,15.574999809265137,15.574999809265137,15.380000114440918,15.385000228881836,136180,0.0,0.0
2022-12-28 14:30:00-05:00,15.385000228881836,15.454999923706055,15.300000190734863,15.335000038146973,210819,0.0,0.0
2022-12-28 15:30:00-05:00,15.34000015258789,15.38599967956543,15.290800094604492,15.350000381469727,257716,0.0,0.0
2022-12-29 09:30:00-05:00,15.329999923706055,15.640000343322754,15.260000228881836,15.619999885559082,127340,0.0,0.0
2022-12-29 10:30:00-05:00,15.619999885559082,15.79800033569336,15.619999885559082,15.6899995803833,103729,0.0,0.0
2022-12-29 11:30:00-05:00,15.6899995803833,15.8149995803833,15.6850004196167,15.8149995803833,91624,0.0,0.0
2022-12-29 12:30:00-05:00,15.8149995803833,15.845000267028809,15.770000457763672,15.78499984741211,166960,0.0,0.0
2022-12-29 13:30:00-05:00,15.779999732971191,15.779999732971191,15.635000228881836,15.640000343322754,130317,0.0,0.0
2022-12-29 14:30:00-05:00,15.645000457763672,15.75,15.640000343322754,15.729999542236328,196621,0.0,0.0
2022-12-29 15:30:00-05:00,15.729999542236328,15.84000015258789,15.71500015258789,15.829999923706055,342066,0.0,0.0
2022-12-30 09:30:00-05:00,15.680000305175781,15.779999732971191,15.59000015258789,15.734999656677246,175084,0.0,0.0
2022-12-30 10:30:00-05:00,15.729999542236328,15.729999542236328,15.654999732971191,15.680000305175781,90292,0.0,0.0
2022-12-30 11:30:00-05:00,15.670000076293945,15.727999687194824,15.664999961853027,15.6850004196167,89865,0.0,0.0
2022-12-30 12:30:00-05:00,15.694999694824219,15.789999961853027,15.579999923706055,15.604999542236328,128217,0.0,0.0
2022-12-30 13:30:00-05:00,15.609999656677246,15.649999618530273,15.53499984741211,15.555000305175781,85373,0.0,0.0
2022-12-30 14:30:00-05:00,15.552499771118164,15.579999923706055,15.430000305175781,15.574999809265137,165953,0.0,0.0
2022-12-30 15:30:00-05:00,15.574999809265137,15.694999694824219,15.569999694824219,15.680000305175781,262220,0.0,0.0
2023-01-03 09:30:00-05:00,15.40999984741211,15.880000114440918,15.220000267028809,15.3100004196167,351363,0.0,0.0
2023-01-03 10:30:00-05:00,15.319999694824219,15.364999771118164,15.239999771118164,15.270000457763672,231473,0.0,0.0
2023-01-03 11:30:00-05:00,15.270000457763672,15.295000076293945,15.210000038146973,15.239999771118164,209567,0.0,0.0
2023-01-03 12:30:00-05:00,15.234999656677246,15.279999732971191,15.109999656677246,15.270000457763672,288157,0.0,0.0
2023-01-03 13:30:00-05:00,15.265000343322754,15.270000457763672,15.100000381469727,15.104999542236328,209133,0.0,0.0
2023-01-03 14:30:00-05:00,15.100000381469727,15.234999656677246,15.005000114440918,15.194999694824219,259969,0.0,0.0
2023-01-03 15:30:00-05:00,15.194999694824219,15.265000343322754,15.15999984741211,15.220000267028809,396607,0.0,0.0
2023-01-04 09:30:00-05:00,15.34000015258789,15.550000190734863,15.34000015258789,15.550000190734863,245697,0.0,0.0
2023-01-04 10:30:00-05:00,15.5600004196167,15.710000038146973,15.550000190734863,15.699999809265137,107448,0.0,0.0
2023-01-04 11:30:00-05:00,15.710000038146973,15.789999961853027,15.6850004196167,15.6850004196167,117834,0.0,0.0
2023-01-04 12:30:00-05:00,15.680000305175781,15.774999618530273,15.65999984741211,15.664999961853027,100350,0.0,0.0
2023-01-04 13:30:00-05:00,15.670000076293945,15.704999923706055,15.5,15.5,127112,0.0,0.0
2023-01-04 14:30:00-05:00,15.5,15.6850004196167,15.489999771118164,15.621000289916992,140714,0.0,0.0
2023-01-04 15:30:00-05:00,15.619999885559082,15.645000457763672,15.529999732971191,15.59000015258789,260513,0.0,0.0
2023-01-05 09:30:00-05:00,15.380000114440918,15.414999961853027,14.970000267028809,15.029999732971191,209412,0.0,0.0
2023-01-05 10:30:00-05:00,15.024999618530273,15.119999885559082,14.960000038146973,14.989999771118164,142151,0.0,0.0
2023-01-05 11:30:00-05:00,14.989999771118164,15.149999618530273,14.9399995803833,15.020000457763672,182358,0.0,0.0
2023-01-05 12:30:00-05:00,15.020000457763672,15.100000381469727,14.9399995803833,15.069999694824219,100444,0.0,0.0
2023-01-05 13:30:00-05:00,15.079999923706055,15.079999923706055,14.954999923706055,14.970000267028809,111288,0.0,0.0
2023-01-05 14:30:00-05:00,14.96500015258789,15.074999809265137,14.90999984741211,14.90999984741211,179223,0.0,0.0
2023-01-05 15:30:00-05:00,14.90999984741211,14.920000076293945,14.824999809265137,14.899999618530273,466609,0.0,0.0
2023-01-06 09:30:00-05:00,14.920000076293945,15.029999732971191,14.720000267028809,14.890000343322754,298966,0.0,0.0
2023-01-06 10:30:00-05:00,14.890000343322754,15.109999656677246,14.890000343322754,15.055000305175781,159558,0.0,0.0
2023-01-06 11:30:00-05:00,15.0600004196167,15.3100004196167,15.0600004196167,15.305000305175781,234451,0.0,0.0
2023-01-06 12:30:00-05:00,15.305000305175781,15.3100004196167,15.21500015258789,15.25,129131,0.0,0.0
2023-01-06 13:30:00-05:00,15.239999771118164,15.375,15.239999771118164,15.289999961853027,137353,0.0,0.0
2023-01-06 14:30:00-05:00,15.295000076293945,15.399999618530273,15.279999732971191,15.364999771118164,107912,0.0,0.0
2023-01-06 15:30:00-05:00,15.364999771118164,15.40999984741211,15.300000190734863,15.354999542236328,221122,0.0,0.0
2023-01-09 09:30:00-05:00,15.279999732971191,15.470000267028809,15.130000114440918,15.354999542236328,340304,0.0,0.0
2023-01-09 10:30:00-05:00,15.359999656677246,15.40999984741211,15.255000114440918,15.319999694824219,176870,0.0,0.0
2023-01-09 11:30:00-05:00,15.3149995803833,15.350000381469727,15.140000343322754,15.154999732971191,225221,0.0,0.0
2023-01-09 12:30:00-05:00,15.154999732971191,15.21500015258789,15.069999694824219,15.15999984741211,194409,0.0,0.0
2023-01-09 13:30:00-05:00,15.15999984741211,15.15999984741211,15.020000457763672,15.029999732971191,159955,0.0,0.0
2023-01-09 14:30:00-05:00,15.020000457763672,15.109999656677246,14.96500015258789,14.96500015258789,266612,0.0,0.0
2023-01-09 15:30:00-05:00,14.970000267028809,14.970000267028809,14.84000015258789,14.84000015258789,535298,0.0,0.0
2023-01-10 09:30:00-05:00,14.789999961853027,15.020000457763672,14.770000457763672,14.949999809265137,198710,0.0,0.0
2023-01-10 10:30:00-05:00,14.954999923706055,15.079999923706055,14.8100004196167,15.039999961853027,214225,0.0,0.0
2023-01-10 11:30:00-05:00,15.039999961853027,15.15999984741211,15.0,15.100000381469727,177057,0.0,0.0
2023-01-10 12:30:00-05:00,15.095000267028809,15.100000381469727,14.984999656677246,15.020000457763672,137244,0.0,0.0
2023-01-10 13:30:00-05:00,15.020000457763672,15.180000305175781,15.015000343322754,15.149999618530273,118120,0.0,0.0
2023-01-10 14:30:00-05:00,15.145000457763672,15.170000076293945,15.086199760437012,15.119999885559082,167477,0.0,0.0
2023-01-10 15:30:00-05:00,15.109999656677246,15.1899995803833,15.020000457763672,15.180000305175781,379674,0.0,0.0
2023-01-11 09:30:00-05:00,15.279999732971191,15.600000381469727,15.279999732971191,15.4399995803833,243853,0.0,0.0
2023-01-11 10:30:00-05:00,15.4399995803833,15.449999809265137,15.34000015258789,15.359999656677246,132039,0.0,0.0
2023-01-11 11:30:00-05:00,15.359999656677246,15.414999961853027,15.3100004196167,15.380000114440918,130666,0.0,0.0
2023-01-11 12:30:00-05:00,15.385000228881836,15.539999961853027,15.34000015258789,15.524999618530273,152155,0.0,0.0
2023-01-11 13:30:00-05:00,15.524999618530273,15.545000076293945,15.46500015258789,15.520099639892578,198087,0.0,0.0
2023-01-11 14:30:00-05:00,15.524999618530273,15.630000114440918,15.524999618530273,15.614999771118164,191032,0.0,0.0
2023-01-11 15:30:00-05:00,15.614999771118164,15.675000190734863,15.574999809265137,15.609999656677246,326946,0.0,0.0
2023-01-12 09:30:00-05:00,15.779999732971191,15.949999809265137,15.619999885559082,15.869999885559082,244743,0.0,0.0
2023-01-12 10:30:00-05:00,15.875,15.954999923706055,15.8149995803833,15.84000015258789,187565,0.0,0.0
2023-01-12 11:30:00-05:00,15.84000015258789,15.885000228881836,15.755000114440918,15.864999771118164,173270,0.0,0.0
2023-01-12 12:30:00-05:00,15.864999771118164,15.975000381469727,15.819999694824219,15.84000015258789,163237,0.0,0.0
2023-01-12 13:30:00-05:00,15.835000038146973,16.024999618530273,15.824999809265137,15.96500015258789,274660,0.0,0.0
2023-01-12 14:30:00-05:00,15.96500015258789,16.15999984741211,15.944999694824219,16.155000686645508,432242,0.0,0.0
2023-01-12 15:30:00-05:00,16.155000686645508,16.200000762939453,16.05500030517578,16.1200008392334,542456,0.0,0.0
2023-01-13 09:30:00-05:00,15.9399995803833,15.979999542236328,15.600000381469727,15.84000015258789,766596,0.0,0.0
2023-01-13 10:30:00-05:00,15.875,15.9399995803833,15.800000190734863,15.819999694824219,227861,0.0,0.0
2023-01-13 11:30:00-05:00,15.819999694824219,15.920000076293945,15.75,15.895000457763672,175668,0.0,0.0
2023-01-13 12:30:00-05:00,15.895000457763672,15.9399995803833,15.795000076293945,15.819999694824219,129520,0.0,0.0
2023-01-13 13:30:00-05:00,15.829999923706055,15.885000228881836,15.800000190734863,15.859999656677246,414508,0.0,0.0
2023-01-13 14:30:00-05:00,15.864999771118164,15.9350004196167,15.859999656677246,15.864999771118164,130620,0.0,0.0
2023-01-13 15:30:00-05:00,15.864999771118164,15.869999885559082,15.744999885559082,15.779999732971191,278650,0.0,0.0
2023-01-17 09:30:00-05:00,15.829999923706055,15.920000076293945,15.640000343322754,15.770000457763672,128088,0.0,0.0
2023-01-17 10:30:00-05:00,15.770000457763672,15.770000457763672,15.545000076293945,15.585000038146973,100888,0.0,0.0
2023-01-17 11:30:00-05:00,15.579999923706055,15.654999732971191,15.529999732971191,15.600000381469727,111540,0.0,0.0
2023-01-17 12:30:00-05:00,15.595000267028809,15.739999771118164,15.590100288391113,15.710000038146973,72716,0.0,0.0
2023-01-17 13:30:00-05:00,15.710000038146973,15.789999961853027,15.6899995803833,15.720000267028809,77495,0.0,0.0
2023-01-17 14:30:00-05:00,15.720000267028809,15.75,15.6899995803833,15.729999542236328,111636,0.0,0.0
2023-01-17 15:30:00-05:00,15.729999542236328,15.819999694824219,15.725000381469727,15.8100004196167,230453,0.0,0.0
2023-01-18 09:30:00-05:00,15.869999885559082,15.989999771118164,15.819999694824219,15.960000038146973,131627,0.0,0.0
2023-01-18 10:30:00-05:00,15.960000038146973,15.960000038146973,15.59000015258789,15.614999771118164,107719,0.0,0.0
2023-01-18 11:30:00-05:00,15.609999656677246,15.630000114440918,15.4399995803833,15.444999694824219,100221,0.0,0.0
2023-01-18 12:30:00-05:00,15.4399995803833,15.479999542236328,15.375,15.475000381469727,108647,0.0,0.0
2023-01-18 13:30:00-05:00,15.475000381469727,15.59000015258789,15.470000267028809,15.59000015258789,95126,0.0,0.0
2023-01-18 14:30:00-05:00,15.595000267028809,15.609999656677246,15.460000038146973,15.470000267028809,173575,0.0,0.0
2023-01-18 15:30:00-05:00,15.479999542236328,15.550000190734863,15.4399995803833,15.529999732971191,372671,0.0,0.0
2023-01-19 09:30:00-05:00,15.420000076293945,15.449999809265137,15.229999542236328,15.300000190734863,140579,0.0,0.0
2023-01-19 10:30:00-05:00,15.300000190734863,15.345000267028809,15.135000228881836,15.149999618530273,132742,0.0,0.0
2023-01-19 11:30:00-05:00,15.140000343322754,15.270000457763672,15.140000343322754,15.270000457763672,123412,0.0,0.0
2023-01-19 12:30:00-05:00,15.270000457763672,15.3100004196167,15.21500015258789,15.234999656677246,164771,0.0,0.0
2023-01-19 13:30:00-05:00,15.239999771118164,15.420000076293945,15.239999771118164,15.404999732971191,329517,0.0,0.0
2023-01-19 14:30:00-05:00,15.404999732971191,15.479999542236328,15.335000038146973,15.34000015258789,433404,0.0,0.0
2023-01-19 15:30:00-05:00,15.350000381469727,15.385000228881836,15.289999961853027,15.3100004196167,436948,0.0,0.0
2023-01-20 09:30:00-05:00,15.399999618530273,15.4399995803833,15.109999656677246,15.25,193049,0.0,0.0
2023-01-20 10:30:00-05:00,15.260000228881836,15.34000015258789,15.069999694824219,15.265000343322754,438268,0.0,0.0
2023-01-20 11:30:00-05:00,15.260000228881836,15.350000381469727,15.204999923706055,15.204999923706055,237485,0.0,0.0
2023-01-20 12:30:00-05:00,15.199999809265137,15.260000228881836,15.180000305175781,15.21500015258789,133916,0.0,0.0
2023-01-20 13:30:00-05:00,15.210000038146973,15.324999809265137,15.210000038146973,15.274999618530273,125350,0.0,0.0
2023-01-20 14:30:00-05:00,15.270000457763672,15.359999656677246,15.260000228881836,15.350000381469727,158283,0.0,0.0
2023-01-20 15:30:00-05:00,15.340200424194336,15.369999885559082,15.270000457763672,15.369999885559082,239549,0.0,0.0
2023-01-23 09:30:00-05:00,15.380000114440918,15.444999694824219,15.210000038146973,15.300000190734863,198000,0.0,0.0
2023-01-23 10:30:00-05:00,15.3100004196167,15.520000457763672,15.289999961853027,15.449999809265137,230561,0.0,0.0
2023-01-23 11:30:00-05:00,15.454999923706055,15.524999618530273,15.430000305175781,15.470000267028809,90748,0.0,0.0
2023-01-23 12:30:00-05:00,15.475000381469727,15.574999809265137,15.460000038146973,15.520000457763672,91364,0.0,0.0
2023-01-23 13:30:00-05:00,15.520000457763672,15.59000015258789,15.470000267028809,15.470000267028809,79501,0.0,0.0
2023-01-23 14:30:00-05:00,15.470000267028809,15.489999771118164,15.380000114440918,15.395000457763672,103738,0.0,0.0
2023-01-23 15:30:00-05:00,15.399999618530273,15.430000305175781,15.350000381469727,15.390000343322754,177181,0.0,0.0
2023-01-24 09:30:00-05:00,15.220000267028809,15.324999809265137,15.109999656677246,15.260000228881836,93449,0.0,0.0
2023-01-24 10:30:00-05:00,15.265000343322754,15.385000228881836,15.260000228881836,15.354999542236328,115648,0.0,0.0
2023-01-24 11:30:00-05:00,15.350000381469727,15.350000381469727,15.255000114440918,15.274999618530273,80274,0.0,0.0
2023-01-24 12:30:00-05:00,15.274999618530273,15.305000305175781,15.234999656677246,15.289999961853027,56908,0.0,0.0
2023-01-24 13:30:00-05:00,15.300000190734863,15.3100004196167,15.170000076293945,15.199999809265137,109924,0.0,0.0
2023-01-24 14:30:00-05:00,15.199999809265137,15.25,15.15999984741211,15.18910026550293,132767,0.0,0.0
2023-01-24 15:30:00-05:00,15.180000305175781,15.180000305175781,15.09000015258789,15.09000015258789,211981,0.0,0.0
2023-01-25 09:30:00-05:00,14.960000038146973,15.010000228881836,14.734999656677246,14.90999984741211,216539,0.0,0.0
2023-01-25 10:30:00-05:00,14.920000076293945,15.069999694824219,14.895000457763672,15.069999694824219,102585,0.0,0.0
2023-01-25 11:30:00-05:00,15.079999923706055,15.1899995803833,15.055000305175781,15.055000305175781,157585,0.0,0.0
2023-01-25 12:30:00-05:00,15.0600004196167,15.1899995803833,15.055000305175781,15.1850004196167,88227,0.0,0.0
2023-01-25 13:30:00-05:00,15.1850004196167,15.399999618530273,15.180000305175781,15.335000038146973,165297,0.0,0.0
2023-01-25 14:30:00-05:00,15.335000038146973,15.390000343322754,15.270000457763672,15.34000015258789,124079,0.0,0.0
2023-01-25 15:30:00-05:00,15.34000015258789,15.369999885559082,15.300000190734863,15.3100004196167,194347,0.0,0.0
2023-01-26 09:30:00-05:00,15.449999809265137,15.529999732971191,15.220000267028809,15.319999694824219,0,0.0,0.0
2023-01-26 10:30:00-05:00,15.319999694824219,15.350000381469727,15.229999542236328,15.25,90174,0.0,0.0
2023-01-26 11:30:00-05:00,15.260000228881836,15.369999885559082,15.199999809265137,15.34000015258789,111655,0.0,0.0
2023-01-26 12:30:00-05:00,15.335000038146973,15.359999656677246,15.279999732971191,15.319999694824219,236293,0.0,0.0
2023-01-26 13:30:00-05:00,15.319999694824219,15.444999694824219,15.319999694824219,15.359999656677246,172245,0.0,0.0
2023-01-26 14:30:00-05:00,15.354999542236328,15.380000114440918,15.3149995803833,15.364999771118164,141539,0.0,0.0
2023-01-26 15:30:00-05:00,15.369000434875488,15.479999542236328,15.3100004196167,15.470000267028809,358382,0.0,0.0
2023-01-27 09:30:00-05:00,15.40999984741211,15.904999732971191,15.40999984741211,15.854999542236328,204890,0.0,0.0
2023-01-27 10:30:00-05:00,15.859999656677246,15.904999732971191,15.734999656677246,15.805000305175781,133351,0.0,0.0
2023-01-27 11:30:00-05:00,15.8100004196167,16.024999618530273,15.805000305175781,16.010000228881836,108729,0.0,0.0
2023-01-27 12:30:00-05:00,16.020000457763672,16.149999618530273,16.017200469970703,16.094999313354492,86967,0.0,0.0
2023-01-27 13:30:00-05:00,16.09000015258789,16.34000015258789,16.09000015258789,16.334999084472656,141790,0.0,0.0
2023-01-27 14:30:00-05:00,16.334999084472656,16.40999984741211,16.25,16.405000686645508,271578,0.0,0.0
2023-01-27 15:30:00-05:00,16.40999984741211,16.5049991607666,16.405000686645508,16.459999084472656,521155,0.0,0.0
2023-01-30 09:30:00-05:00,16.270000457763672,16.524999618530273,16.2450008392334,16.405000686645508,242246,0.0,0.0
2023-01-30 10:30:00-05:00,16.405000686645508,16.405000686645508,16.1299991607666,16.145000457763672,208094,0.0,0.0
2023-01-30 11:30:00-05:00,16.145000457763672,16.209999084472656,16.1200008392334,16.125,115966,0.0,0.0
2023-01-30 12:30:00-05:00,16.1299991607666,16.209999084472656,16.020000457763672,16.06999969482422,177471,0.0,0.0
2023-01-30 13:30:00-05:00,16.065000534057617,16.09000015258789,15.979999542236328,16.03499984741211,136509,0.0,0.0
2023-01-30 14:30:00-05:00,16.030000686645508,16.149999618530273,15.989999771118164,16.110000610351562,206188,0.0,0.0
2023-01-30 15:30:00-05:00,16.110000610351562,16.149999618530273,16.010000228881836,16.020000457763672,377080,0.0,0.0
2023-01-31 09:30:00-05:00,16.040000915527344,16.235000610351562,15.9399995803833,16.229999542236328,159634,0.0,0.0
2023-01-31 10:30:00-05:00,16.229999542236328,16.459999084472656,16.225000381469727,16.399999618530273,172658,0.0,0.0
2023-01-31 11:30:00-05:00,16.399999618530273,16.55500030517578,16.389999389648438,16.454999923706055,135030,0.0,0.0
2023-01-31 12:30:00-05:00,16.459999084472656,16.549999237060547,16.450000762939453,16.510000228881836,72215,0.0,0.0
2023-01-31 13:30:00-05:00,16.5049991607666,16.610000610351562,16.475000381469727,16.610000610351562,125653,0.0,0.0
2023-01-31 14:30:00-05:00,16.610000610351562,16.6200008392334,16.540000915527344,16.55500030517578,182935,0.0,0.0
2023-01-31 15:30:00-05:00,16.559999465942383,16.760000228881836,16.559999465942383,16.760000228881836,628392,0.0,0.0
2023-02-01 09:30:00-05:00,16.610000610351562,16.690000534057617,16.399999618530273,16.65999984741211,283069,0.0,0.0
2023-02-01 10:30:00-05:00,16.670000076293945,16.709999084472656,16.46500015258789,16.6200008392334,243357,0.0,0.0
2023-02-01 11:30:00-05:00,16.6200008392334,16.690000534057617,16.579999923706055,16.639999389648438,648331,0.0,0.0
2023-02-01 12:30:00-05:00,16.635000228881836,16.670000076293945,16.579999923706055,16.600000381469727,326347,0.0,0.0
2023-02-01 13:30:00-05:00,16.604999542236328,16.719999313354492,16.549999237060547,16.649999618530273,259749,0.0,0.0
2023-02-01 14:30:00-05:00,16.65999984741211,17.084999084472656,16.559999465942383,16.959999084472656,548602,0.0,0.0
2023-02-01 15:30:00-05:00,16.959999084472656,17.139999389648438,16.959999084472656,17.030000686645508,451034,0.0,0.0
2023-02-02 09:30:00-05:00,17.350000381469727,17.670000076293945,17.280000686645508,17.65999984741211,378229,0.0,0.0
2023-02-02 10:30:00-05:00,17.670000076293945,17.979999542236328,17.670000076293945,17.795000076293945,433911,0.0,0.0
2023-02-02 11:30:00-05:00,17.790000915527344,17.915000915527344,17.690000534057617,17.834999084472656,250918,0.0,0.0
2023-02-02 12:30:00-05:00,17.834999084472656,17.860000610351562,17.720399856567383,17.770000457763672,205090,0.0,0.0
2023-02-02 13:30:00-05:00,17.770000457763672,17.864999771118164,17.68000030517578,17.68000030517578,200561,0.0,0.0
2023-02-02 14:30:00-05:00,17.68000030517578,17.69499969482422,17.40999984741211,17.55500030517578,280564,0.0,0.0
2023-02-02 15:30:00-05:00,17.559999465942383,17.709999084472656,17.5049991607666,17.700000762939453,377154,0.0,0.0
2023-02-03 09:30:00-05:00,17.389999389648438,17.389999389648438,17.110000610351562,17.170000076293945,293729,0.0,0.0
2023-02-03 10:30:00-05:00,17.174999237060547,17.209999084472656,16.969999313354492,17.075000762939453,112688,0.0,0.0
2023-02-03 11:30:00-05:00,17.079999923706055,17.079999923706055,16.895000457763672,17.010000228881836,206960,0.0,0.0
2023-02-03 12:30:00-05:00,17.0,17.0,16.81999969482422,16.850000381469727,194734,0.0,0.0
2023-02-03 13:30:00-05:00,16.850000381469727,16.940000534057617,16.809999465942383,16.934999465942383,196283,0.0,0.0
2023-02-03 14:30:00-05:00,16.93000030517578,16.989999771118164,16.815000534057617,16.8700008392334,186462,0.0,0.0
2023-02-03 15:30:00-05:00,16.875,16.989999771118164,16.81999969482422,16.989999771118164,229306,0.0,0.0
2023-02-06 09:30:00-05:00,16.75,16.799999237060547,16.325000762939453,16.3700008392334,494481,0.0,0.0
2023-02-06 10:30:00-05:00,16.3700008392334,16.469999313354492,16.280000686645508,16.450000762939453,208194,0.0,0.0
2023-02-06 11:30:00-05:00,16.450000762939453,16.450000762939453,16.280000686645508,16.31999969482422,148664,0.0,0.0
2023-02-06 12:30:00-05:00,16.329999923706055,16.389999389648438,16.280000686645508,16.290000915527344,181497,0.0,0.0
2023-02-06 13:30:00-05:00,16.280000686645508,16.3799991607666,16.25,16.34000015258789,175342,0.0,0.0
2023-02-06 14:30:00-05:00,16.350000381469727,16.510000228881836,16.334999084472656,16.4950008392334,250956,0.0,0.0
2023-02-06 15:30:00-05:00,16.5,16.549999237060547,16.43000030517578,16.510000228881836,229617,0.0,0.0
2023-02-07 09:30:00-05:00,16.510000228881836,16.510000228881836,16.18000030517578,16.264999389648438,204891,0.0,0.0
2023-02-07 10:30:00-05:00,16.270000457763672,16.3799991607666,16.270000457763672,16.34000015258789,127134,0.0,0.0
2023-02-07 11:30:00-05:00,16.334999084472656,16.530000686645508,16.334999084472656,16.469999313354492,117111,0.0,0.0
2023-02-07 12:30:00-05:00,16.469999313354492,16.649999618530273,16.329999923706055,16.344999313354492,812594,0.0,0.0
2023-02-07 13:30:00-05:00,16.34000015258789,16.469999313354492,16.200000762939453,16.424999237060547,1001337,0.0,0.0
2023-02-07 14:30:00-05:00,16.43000030517578,16.530000686645508,16.389999389648438,16.479999542236328,413604,0.0,0.0
2023-02-07 15:30:00-05:00,16.479999542236328,16.559999465942383,16.450000762939453,16.510000228881836,305106,0.0,0.0
2023-02-08 09:30:00-05:00,16.600000381469727,16.829999923706055,16.1200008392334,16.200000762939453,548101,0.0,0.0
2023-02-08 10:30:00-05:00,16.209999084472656,16.545000076293945,16.18000030517578,16.440000534057617,181261,0.0,0.0
2023-02-08 11:30:00-05:00,16.440000534057617,16.454999923706055,16.315000534057617,16.3799991607666,246991,0.0,0.0
2023-02-08 12:30:00-05:00,16.3799991607666,16.475000381469727,16.360000610351562,16.43000030517578,279116,0.0,0.0
2023-02-08 13:30:00-05:00,16.420000076293945,16.649999618530273,16.405000686645508,16.5575008392334,243981,0.0,0.0
2023-02-08 14:30:00-05:00,16.559999465942383,16.6299991607666,16.450000762939453,16.604999542236328,645960,0.0,0.0
2023-02-08 15:30:00-05:00,16.603500366210938,16.649999618530273,16.5,16.510000228881836,702380,0.0,0.0
2023-02-09 09:30:00-05:00,16.700000762939453,16.860000610351562,16.450000762939453,16.584999084472656,211056,0.0,0.0
2023-02-09 10:30:00-05:00,16.584999084472656,16.610000610351562,16.424999237060547,16.489999771118164,210747,0.0,0.0
2023-02-09 11:30:00-05:00,16.489999771118164,16.489999771118164,16.344999313354492,16.375,117387,0.0,0.0
2023-02-09 12:30:00-05:00,16.3799991607666,16.399999618530273,16.18000030517578,16.18000030517578,457541,0.0,0.0
2023-02-09 13:30:00-05:00,16.18000030517578,16.209999084472656,15.975000381469727,16.024999618530273,264050,0.0,0.0
2023-02-09 14:30:00-05:00,16.024999618530273,16.200000762939453,16.0,16.049999237060547,240452,0.0,0.0
2023-02-09 15:30:00-05:00,16.059999465942383,16.18000030517578,15.984999656677246,16.079999923706055,317071,0.0,0.0
2023-02-10 09:30:00-05:00,15.989999771118164,16.2549991607666,15.975000381469727,16.15999984741211,137938,0.0,0.0
2023-02-10 10:30:00-05:00,16.15999984741211,16.239999771118164,16.1200008392334,16.15999984741211,160334,0.0,0.0
2023-02-10 11:30:00-05:00,16.155000686645508,16.174999237060547,16.06220054626465,16.079999923706055,80591,0.0,0.0
2023-02-10 12:30:00-05:00,16.075000762939453,16.25,16.075000762939453,16.200000762939453,190622,0.0,0.0
2023-02-10 13:30:00-05:00,16.19499969482422,16.229999542236328,16.110000610351562,16.18000030517578,175996,0.0,0.0
2023-02-10 14:30:00-05:00,16.174999237060547,16.239999771118164,16.170000076293945,16.19499969482422,238895,0.0,0.0
2023-02-10 15:30:00-05:00,16.200000762939453,16.219999313354492,16.149999618530273,16.149999618530273,551594,0.0,0.0
2023-02-13 09:30:00-05:00,16.200000762939453,16.27750015258789,16.100000381469727,16.25,204201,0.0,0.0
2023-02-13 10:30:00-05:00,16.2450008392334,16.260000228881836,16.135000228881836,16.145000457763672,80042,0.0,0.0
2023-02-13 11:30:00-05:00,16.139999389648438,16.149999618530273,16.065000534057617,16.110000610351562,108378,0.0,0.0
2023-02-13 12:30:00-05:00,16.110000610351562,16.170000076293945,16.079999923706055,16.15999984741211,97770,0.0,0.0
2023-02-13 13:30:00-05:00,16.170000076293945,16.209999084472656,16.149999618530273,16.170000076293945,82471,0.0,0.0
2023-02-13 14:30:00-05:00,16.170000076293945,16.21500015258789,16.165000915527344,16.18000030517578,123305,0.0,0.0
2023-02-13 15:30:00-05:00,16.184999465942383,16.209999084472656,16.170000076293945,16.184999465942383,200743,0.0,0.0
2023-02-14 09:30:00-05:00,16.149999618530273,16.385000228881836,15.970000267028809,16.139999389648438,829379,0.0,0.0
2023-02-14 10:30:00-05:00,16.139999389648438,16.170000076293945,16.030000686645508,16.059999465942383,180602,0.0,0.0
2023-02-14 11:30:00-05:00,16.059999465942383,16.100000381469727,15.9399995803833,16.024999618530273,161783,0.0,0.0
2023-02-14 12:30:00-05:00,16.020000457763672,16.079999923706055,15.960000038146973,16.03499984741211,105068,0.0,0.0
2023-02-14 13:30:00-05:00,16.049999237060547,16.065000534057617,15.952500343322754,16.03499984741211,99430,0.0,0.0
2023-02-14 14:30:00-05:00,16.040000915527344,16.149999618530273,16.010000228881836,16.020000457763672,167428,0.0,0.0
2023-02-14 15:30:00-05:00,16.020000457763672,16.06999969482422,15.989999771118164,16.0,422864,0.0,0.0
2023-02-15 09:30:00-05:00,15.850000381469727,16.010000228881836,15.8100004196167,15.895000457763672,336241,0.0,0.0
2023-02-15 10:30:00-05:00,15.890000343322754,16.0,15.835000038146973,16.0,145147,0.0,0.0
2023-02-15 11:30:00-05:00,16.0,16.030000686645508,15.90999984741211,15.90999984741211,245491,0.0,0.0
2023-02-15 12:30:00-05:00,15.90999984741211,15.960000038146973,15.890000343322754,15.9399995803833,156997,0.0,0.0
2023-02-15 13:30:00-05:00,15.949999809265137,16.03499984741211,15.90999984741211,16.030000686645508,267983,0.0,0.0
2023-02-15 14:30:00-05:00,16.030000686645508,16.110000610351562,16.010000228881836,16.06999969482422,132665,0.0,0.0
2023-02-15 15:30:00-05:00,16.077499389648438,16.15999984741211,16.075000762939453,16.09000015258789,443952,0.0,0.0
2023-02-16 09:30:00-05:00,15.869999885559082,15.979999542236328,15.609999656677246,15.680000305175781,216353,0.0,0.0
2023-02-16 10:30:00-05:00,15.680000305175781,15.755000114440918,15.680000305175781,15.734999656677246,141186,0.0,0.0
2023-02-16 11:30:00-05:00,15.734999656677246,15.890000343322754,15.734999656677246,15.829999923706055,289945,0.0,0.0
2023-02-16 12:30:00-05:00,15.835000038146973,15.890000343322754,15.8100004196167,15.8149995803833,56478,0.0,0.0
2023-02-16 13:30:00-05:00,15.8100004196167,15.869999885559082,15.8100004196167,15.864999771118164,168783,0.0,0.0
2023-02-16 14:30:00-05:00,15.869999885559082,15.880000114440918,15.720000267028809,15.739999771118164,178128,0.0,0.0
2023-02-16 15:30:00-05:00,15.729999542236328,15.739999771118164,15.670000076293945,15.680000305175781,353815,0.0,0.0
2023-02-17 09:30:00-05:00,15.640000343322754,15.670000076293945,15.375,15.510000228881836,181050,0.0,0.0
2023-02-17 10:30:00-05:00,15.510000228881836,15.550000190734863,15.34000015258789,15.350000381469727,74095,0.0,0.0
2023-02-17 11:30:00-05:00,15.345000267028809,15.380000114440918,15.3100004196167,15.380000114440918,71467,0.0,0.0
2023-02-17 12:30:00-05:00,15.369999885559082,15.399999618530273,15.319999694824219,15.359999656677246,113716,0.0,0.0
2023-02-17 13:30:00-05:00,15.359999656677246,15.390000343322754,15.329999923706055,15.335000038146973,125845,0.0,0.0
2023-02-17 14:30:00-05:00,15.34000015258789,15.420000076293945,15.319999694824219,15.359999656677246,139996,0.0,0.0
2023-02-17 15:30:00-05:00,15.354999542236328,15.430000305175781,15.350000381469727,15.40999984741211,252643,0.0,0.0
2023-02-21 09:30:00-05:00,15.300000190734863,15.359999656677246,15.130000114440918,15.149999618530273,179674,0.0,0.0
2023-02-21 10:30:00-05:00,15.15999984741211,15.199999809265137,14.989999771118164,15.010000228881836,180813,0.0,0.0
2023-02-21 11:30:00-05:00,15.010000228881836,15.020000457763672,14.84000015258789,14.850099563598633,160250,0.0,0.0
2023-02-21 12:30:00-05:00,14.859999656677246,14.920000076293945,14.8100004196167,14.829999923706055,120523,0.0,0.0
2023-02-21 13:30:00-05:00,14.829999923706055,14.895000457763672,14.8149995803833,14.870800018310547,139531,0.0,0.0
2023-02-21 14:30:00-05:00,14.880000114440918,14.944999694824219,14.850000381469727,14.895000457763672,165018,0.0,0.0
2023-02-21 15:30:00-05:00,14.899999618530273,14.960000038146973,14.89490032196045,14.930000305175781,418213,0.0,0.0
2023-02-22 09:30:00-05:00,14.899999618530273,15.09000015258789,14.850000381469727,14.90999984741211,171547,0.0,0.0
2023-02-22 10:30:00-05:00,14.899999618530273,14.914999961853027,14.835000038146973,14.854999542236328,144379,0.0,0.0
2023-02-22 11:30:00-05:00,14.854999542236328,14.970000267028809,14.824999809265137,14.939900398254395,112843,0.0,0.0
2023-02-22 12:30:00-05:00,14.9399995803833,14.960000038146973,14.904999732971191,14.960000038146973,95722,0.0,0.0
2023-02-22 13:30:00-05:00,14.951899528503418,14.970000267028809,14.789999961853027,14.859999656677246,166403,0.0,0.0
2023-02-22 14:30:00-05:00,14.850000381469727,14.850000381469727,14.710000038146973,14.755000114440918,167370,0.0,0.0
2023-02-22 15:30:00-05:00,14.755000114440918,14.765000343322754,14.630000114440918,14.720000267028809,358799,0.0,0.0
2023-02-23 09:30:00-05:00,14.800000190734863,14.979999542236328,14.800000190734863,14.899999618530273,134550,0.0,0.0
2023-02-23 10:30:00-05:00,14.895000457763672,14.904999732971191,14.729999542236328,14.729999542236328,67671,0.0,0.0
2023-02-23 11:30:00-05:00,14.734999656677246,14.734999656677246,14.600000381469727,14.60669994354248,70753,0.0,0.0
2023-02-23 12:30:00-05:00,14.609999656677246,14.6899995803833,14.609999656677246,14.640000343322754,77217,0.0,0.0
2023-02-23 13:30:00-05:00,14.635000228881836,14.710000038146973,14.5600004196167,14.6850004196167,74318,0.0,0.0
2023-02-23 14:30:00-05:00,14.683199882507324,14.779999732971191,14.683199882507324,14.760000228881836,78248,0.0,0.0
2023-02-23 15:30:00-05:00,14.760000228881836,14.779999732971191,14.675000190734863,14.734999656677246,190695,0.0,0.0
2023-02-24 09:30:00-05:00,14.4399995803833,14.529999732971191,14.25,14.3100004196167,247132,0.0,0.0
2023-02-24 10:30:00-05:00,14.3149995803833,14.390000343322754,14.300000190734863,14.390000343322754,151857,0.0,0.0
2023-02-24 11:30:00-05:00,14.380000114440918,14.430000305175781,14.295000076293945,14.380000114440918,187655,0.0,0.0
2023-02-24 12:30:00-05:00,14.390000343322754,14.399999618530273,14.330900192260742,14.375,155012,0.0,0.0
2023-02-24 13:30:00-05:00,14.375,14.510000228881836,14.354999542236328,14.475000381469727,157231,0.0,0.0
2023-02-24 14:30:00-05:00,14.475000381469727,14.520000457763672,14.425000190734863,14.430000305175781,151900,0.0,0.0
2023-02-24 15:30:00-05:00,14.430000305175781,14.460000038146973,14.354999542236328,14.4399995803833,336158,0.0,0.0
2023-02-27 09:30:00-05:00,14.630000114440918,14.654999732971191,14.505000114440918,14.520000457763672,219101,0.0,0.0
2023-02-27 10:30:00-05:00,14.524999618530273,14.529999732971191,14.399999618530273,14.399999618530273,176827,0.0,0.0
2023-02-27 11:30:00-05:00,14.399999618530273,14.399999618530273,14.274999618530273,14.295000076293945,119346,0.0,0.0
2023-02-27 12:30:00-05:00,14.295000076293945,14.35990047454834,14.229999542236328,14.239999771118164,291135,0.0,0.0
2023-02-27 13:30:00-05:00,14.244999885559082,14.28499984741211,14.170000076293945,14.170000076293945,189888,0.0,0.0
2023-02-27 14:30:00-05:00,14.170000076293945,14.194999694824219,14.109999656677246,14.149999618530273,275171,0.0,0.0
2023-02-27 15:30:00-05:00,14.145000457763672,14.25,14.130000114440918,14.220000267028809,472127,0.0,0.0
2023-02-28 09:30:00-05:00,14.210000038146973,14.390000343322754,14.140000343322754,14.220000267028809,1003810,0.0,0.0
2023-02-28 10:30:00-05:00,14.229999542236328,14.380000114440918,14.220000267028809,14.3100004196167,867827,0.0,0.0
2023-02-28 11:30:00-05:00,14.305000305175781,14.329999923706055,14.234999656677246,14.270000457763672,161445,0.0,0.0
2023-02-28 12:30:00-05:00,14.270000457763672,14.390000343322754,14.244999885559082,14.329999923706055,500863,0.0,0.0
2023-02-28 13:30:00-05:00,14.329999923706055,14.335000038146973,14.229999542236328,14.244999885559082,164618,0.0,0.0
2023-02-28 14:30:00-05:00,14.244999885559082,14.244999885559082,14.130000114440918,14.1850004196167,792603,0.0,0.0
2023-02-28 15:30:00-05:00,14.1875,14.220000267028809,14.130000114440918,14.130000114440918,525485,0.0,0.0
2023-03-01 09:30:00-05:00,14.0600004196167,14.15999984741211,13.960000038146973,14.029999732971191,229936,0.0,0.0
2023-03-01 10:30:00-05:00,14.029999732971191,14.119999885559082,13.914999961853027,13.994999885559082,199731,0.0,0.0
2023-03-01 11:30:00-05:00,14.0,14.196700096130371,13.979999542236328,14.15999984741211,189449,0.0,0.0
2023-03-01 12:30:00-05:00,14.154999732971191,14.180000305175781,14.050000190734863,14.09000015258789,158326,0.0,0.0
2023-03-01 13:30:00-05:00,14.079999923706055,14.100000381469727,14.010000228881836,14.050000190734863,134601,0.0,0.0
2023-03-01 14:30:00-05:00,14.045000076293945,14.104999542236328,14.029999732971191,14.09000015258789,149396,0.0,0.0
2023-03-01 15:30:00-05:00,14.079999923706055,14.210000038146973,14.079999923706055,14.170000076293945,356484,0.0,0.0
2023-03-02 09:30:00-05:00,14.020000457763672,14.069999694824219,13.899999618530273,13.975000381469727,151799,0.0,0.0
2023-03-02 10:30:00-05:00,13.975000381469727,14.0,13.819999694824219,13.84000015258789,162707,0.0,0.0
2023-03-02 11:30:00-05:00,13.84000015258789,13.920000076293945,13.770000457763672,13.914999961853027,178325,0.0,0.0
2023-03-02 12:30:00-05:00,13.914999961853027,14.015000343322754,13.90999984741211,13.954999923706055,353995,0.0,0.0
2023-03-02 13:30:00-05:00,13.954999923706055,14.119999885559082,13.9399995803833,14.119999885559082,285028,0.0,0.0
2023-03-02 14:30:00-05:00,14.119999885559082,14.260000228881836,14.104999542236328,14.248000144958496,310413,0.0,0.0
2023-03-02 15:30:00-05:00,14.25,14.350000381469727,14.239999771118164,14.28499984741211,614222,0.0,0.0
2023-03-03 09:30:00-05:00,13.819999694824219,14.279999732971191,13.819999694824219,14.109999656677246,345469,0.0,0.0
2023-03-03 10:30:00-05:00,14.100000381469727,14.140000343322754,13.949999809265137,14.130000114440918,410793,0.0,0.0
2023-03-03 11:30:00-05:00,14.119999885559082,14.210000038146973,14.095000267028809,14.180000305175781,203864,0.0,0.0
2023-03-03 12:30:00-05:00,14.180000305175781,14.194999694824219,14.135000228881836,14.164999961853027,184611,0.0,0.0
2023-03-03 13:30:00-05:00,14.170000076293945,14.1899995803833,14.100000381469727,14.1899995803833,124747,0.0,0.0
2023-03-03 14:30:00-05:00,14.1850004196167,14.28689956665039,14.170000076293945,14.28499984741211,245909,0.0,0.0
2023-03-03 15:30:00-05:00,14.28499984741211,14.3100004196167,14.239999771118164,14.289999961853027,571569,0.0,0.0
2023-03-06 09:30:00-05:00,14.4399995803833,14.479999542236328,14.324999809265137,14.40999984741211,193317,0.0,0.0
2023-03-06 10:30:00-05:00,14.40999984741211,14.494999885559082,14.380000114440918,14.489999771118164,80885,0.0,0.0
2023-03-06 11:30:00-05:00,14.489999771118164,14.505000114440918,14.46500015258789,14.489999771118164,118480,0.0,0.0
2023-03-06 12:30:00-05:00,14.495499610900879,14.5,14.34000015258789,14.375,182431,0.0,0.0
2023-03-06 13:30:00-05:00,14.374699592590332,14.40999984741211,14.324999809265137,14.399999618530273,127931,0.0,0.0
2023-03-06 14:30:00-05:00,14.399999618530273,14.414999961853027,14.359999656677246,14.369999885559082,145686,0.0,0.0
2023-03-06 15:30:00-05:00,14.369999885559082,14.375,14.305000305175781,14.3100004196167,313899,0.0,0.0
2023-03-07 09:30:00-05:00,14.319999694824219,14.430000305175781,13.919899940490723,13.920000076293945,219245,0.0,0.0
2023-03-07 10:30:00-05:00,13.920000076293945,13.979999542236328,13.704999923706055,13.710000038146973,162707,0.0,0.0
2023-03-07 11:30:00-05:00,13.710000038146973,13.779999732971191,13.670000076293945,13.760000228881836,180018,0.0,0.0
2023-03-07 12:30:00-05:00,13.758999824523926,13.779999732971191,13.59000015258789,13.630000114440918,286248,0.0,0.0
2023-03-07 13:30:00-05:00,13.625,13.65999984741211,13.569999694824219,13.600000381469727,152521,0.0,0.0
2023-03-07 14:30:00-05:00,13.600000381469727,13.819999694824219,13.595000267028809,13.8149995803833,392954,0.0,0.0
2023-03-07 15:30:00-05:00,13.819999694824219,13.869999885559082,13.795000076293945,13.8100004196167,563149,0.0,0.0
2023-03-08 09:30:00-05:00,13.789999961853027,13.869999885559082,13.604999542236328,13.819999694824219,192868,0.0,0.0
2023-03-08 10:30:00-05:00,13.819999694824219,13.989999771118164,13.8100004196167,13.9399995803833,138480,0.0,0.0
2023-03-08 11:30:00-05:00,13.9399995803833,14.050000190734863,13.914999961853027,13.994999885559082,187628,0.0,0.0
2023-03-08 12:30:00-05:00,13.989999771118164,14.0649995803833,13.944999694824219,13.970000267028809,182918,0.0,0.0
2023-03-08 13:30:00-05:00,13.970000267028809,13.994999885559082,13.890000343322754,13.895000457763672,140841,0.0,0.0
2023-03-08 14:30:00-05:00,13.899999618530273,13.904999732971191,13.845000267028809,13.890000343322754,114638,0.0,0.0
2023-03-08 15:30:00-05:00,13.885000228881836,13.944999694824219,13.875,13.920000076293945,241528,0.0,0.0
2023-03-09 09:30:00-05:00,13.8100004196167,13.880000114440918,13.515000343322754,13.625,381204,0.0,0.0
2023-03-09 10:30:00-05:00,13.630000114440918,13.65999984741211,13.529999732971191,13.569999694824219,196511,0.0,0.0
2023-03-09 11:30:00-05:00,13.574999809265137,13.630000114440918,13.539999961853027,13.630000114440918,200046,0.0,0.0
2023-03-09 12:30:00-05:00,13.630000114440918,13.645000457763672,13.479999542236328,13.500900268554688,276989,0.0,0.0
2023-03-09 13:30:00-05:00,13.5,13.520000457763672,13.420000076293945,13.454999923706055,268829,0.0,0.0
2023-03-09 14:30:00-05:00,13.444999694824219,13.444999694824219,13.225000381469727,13.239999771118164,256841,0.0,0.0
2023-03-09 15:30:00-05:00,13.239999771118164,13.369999885559082,13.220000267028809,13.34000015258789,770762,0.0,0.0
2023-03-10 09:30:00-05:00,13.260000228881836,13.260000228881836,12.829999923706055,13.020000457763672,272749,0.0,0.0
2023-03-10 10:30:00-05:00,13.015000343322754,13.130000114440918,12.90999984741211,13.119999885559082,339197,0.0,0.0
2023-03-10 11:30:00-05:00,13.114999771118164,13.170000076293945,12.869999885559082,12.90999984741211,388616,0.0,0.0
2023-03-10 12:30:00-05:00,12.90999984741211,12.96500015258789,12.550000190734863,12.579999923706055,785409,0.0,0.0
2023-03-10 13:30:00-05:00,12.574999809265137,12.645000457763672,12.46500015258789,12.600000381469727,430168,0.0,0.0
2023-03-10 14:30:00-05:00,12.600000381469727,12.770000457763672,12.579999923706055,12.579999923706055,742807,0.0,0.0
2023-03-10 15:30:00-05:00,12.574999809265137,12.619999885559082,12.510000228881836,12.609999656677246,646858,0.0,0.0
2023-03-13 09:30:00-04:00,12.40999984741211,12.475000381469727,12.170000076293945,12.170000076293945,298702,0.0,0.0
2023-03-13 10:30:00-04:00,12.1850004196167,12.65999984741211,12.180000305175781,12.649999618530273,375607,0.0,0.0
2023-03-13 11:30:00-04:00,12.65999984741211,12.65999984741211,12.360799789428711,12.40999984741211,269810,0.0,0.0
2023-03-13 12:30:00-04:00,12.414999961853027,12.515000343322754,12.380000114440918,12.479999542236328,420912,0.0,0.0
2023-03-13 13:30:00-04:00,12.479999542236328,12.725000381469727,12.449999809265137,12.680000305175781,323238,0.0,0.0
2023-03-13 14:30:00-04:00,12.680000305175781,12.739999771118164,12.579999923706055,12.595000267028809,439416,0.0,0.0
2023-03-13 15:30:00-04:00,12.595000267028809,12.739999771118164,12.59000015258789,12.739999771118164,912329,0.0,0.0
2023-03-14 09:30:00-04:00,12.960000038146973,13.15999984741211,12.489999771118164,12.734999656677246,648728,0.0,0.0
2023-03-14 10:30:00-04:00,12.739999771118164,12.885000228881836,12.734999656677246,12.869999885559082,512743,0.0,0.0
2023-03-14 11:30:00-04:00,12.864999771118164,12.895000457763672,12.664999961853027,12.699999809265137,510907,0.0,0.0
2023-03-14 12:30:00-04:00,12.6899995803833,12.729999542236328,12.25,12.265000343322754,767173,0.0,0.0
2023-03-14 13:30:00-04:00,12.260000228881836,12.300000190734863,12.080499649047852,12.109999656677246,706326,0.0,0.0
2023-03-14 14:30:00-04:00,12.114999771118164,12.170000076293945,11.989999771118164,12.114999771118164,744733,0.0,0.0
2023-03-14 15:30:00-04:00,12.119999885559082,12.220000267028809,12.109999656677246,12.199999809265137,683472,0.0,0.0
2023-03-15 09:30:00-04:00,11.970000267028809,12.1899995803833,11.670000076293945,12.140000343322754,764663,0.0,0.0
2023-03-15 10:30:00-04:00,12.130000114440918,12.619999885559082,12.119999885559082,12.385000228881836,1111056,0.0,0.0
2023-03-15 11:30:00-04:00,12.380000114440918,12.449999809265137,12.244999885559082,12.335000038146973,671130,0.0,0.0
2023-03-15 12:30:00-04:00,12.329999923706055,12.444999694824219,12.199999809265137,12.444999694824219,431114,0.0,0.0
2023-03-15 13:30:00-04:00,12.444999694824219,12.449999809265137,12.199999809265137,12.399999618530273,411932,0.0,0.0
2023-03-15 14:30:00-04:00,12.404999732971191,12.470000267028809,12.28499984741211,12.354999542236328,433158,0.0,0.0
2023-03-15 15:30:00-04:00,12.354999542236328,12.380000114440918,12.279999732971191,12.359999656677246,618087,0.0,0.0
2023-03-16 09:30:00-04:00,12.220000267028809,12.229999542236328,11.65999984741211,11.779999732971191,836115,0.0,0.0
2023-03-16 10:30:00-04:00,11.779999732971191,12.114999771118164,11.699999809265137,12.0,448071,0.0,0.0
2023-03-16 11:30:00-04:00,12.0,12.0,11.760000228881836,11.84000015258789,331389,0.0,0.0
2023-03-16 12:30:00-04:00,11.850000381469727,12.170000076293945,11.774999618530273,11.998000144958496,357482,0.0,0.0
2023-03-16 13:30:00-04:00,11.989999771118164,12.024999618530273,11.755000114440918,11.78499984741211,279010,0.0,0.0
2023-03-16 14:30:00-04:00,11.779999732971191,11.904999732971191,11.680000305175781,11.880000114440918,391809,0.0,0.0
2023-03-16 15:30:00-04:00,11.890000343322754,11.930000305175781,11.859999656677246,11.880000114440918,529058,0.0,0.0
2023-03-17 09:30:00-04:00,11.850000381469727,11.9399995803833,11.229999542236328,11.279999732971191,657003,0.0,0.0
2023-03-17 10:30:00-04:00,11.274999618530273,11.399999618530273,11.204999923706055,11.210000038146973,721318,0.0,0.0
2023-03-17 11:30:00-04:00,11.199999809265137,11.28499984741211,11.170000076293945,11.220000267028809,838755,0.0,0.0
2023-03-17 12:30:00-04:00,11.22029972076416,11.305000305175781,11.140000343322754,11.279999732971191,1167630,0.0,0.0
2023-03-17 13:30:00-04:00,11.279999732971191,11.449999809265137,11.274999618530273,11.380000114440918,490603,0.0,0.0
2023-03-17 14:30:00-04:00,11.369999885559082,11.510000228881836,11.34000015258789,11.475000381469727,622886,0.0,0.0
2023-03-17 15:30:00-04:00,11.475000381469727,11.475000381469727,11.350000381469727,11.399999618530273,1198379,0.0,0.0
2023-03-20 09:30:00-04:00,11.40999984741211,11.890000343322754,11.390000343322754,11.805000305175781,683636,0.0,0.0
2023-03-20 10:30:00-04:00,11.805000305175781,11.84000015258789,11.65999984741211,11.699999809265137,374972,0.0,0.0
2023-03-20 11:30:00-04:00,11.694999694824219,11.704999923706055,11.479999542236328,11.520000457763672,290040,0.0,0.0
2023-03-20 12:30:00-04:00,11.529999732971191,11.800000190734863,11.484999656677246,11.765000343322754,423717,0.0,0.0
2023-03-20 13:30:00-04:00,11.760000228881836,11.760000228881836,11.550000190734863,11.579999923706055,327667,0.0,0.0
2023-03-20 14:30:00-04:00,11.574999809265137,11.579999923706055,11.489999771118164,11.555000305175781,329167,0.0,0.0
2023-03-20 15:30:00-04:00,11.555000305175781,11.630000114440918,11.539999961853027,11.59000015258789,544330,0.0,0.0
2023-03-21 09:30:00-04:00,11.800000190734863,12.010000228881836,11.720000267028809,11.859999656677246,749622,0.0,0.0
2023-03-21 10:30:00-04:00,11.859999656677246,12.265000343322754,11.829999923706055,12.244999885559082,457174,0.0,0.0
2023-03-21 11:30:00-04:00,12.248299598693848,12.270000457763672,12.039999961853027,12.09000015258789,356111,0.0,0.0
2023-03-21 12:30:00-04:00,12.079999923706055,12.210000038146973,12.0600004196167,12.175000190734863,482001,0.0,0.0
2023-03-21 13:30:00-04:00,12.175000190734863,12.199999809265137,12.050000190734863,12.0600004196167,429316,0.0,0.0
2023-03-21 14:30:00-04:00,12.0600004196167,12.109999656677246,12.010000228881836,12.085000038146973,479050,0.0,0.0
2023-03-21 15:30:00-04:00,12.085000038146973,12.170000076293945,12.069999694824219,12.100000381469727,618758,0.0,0.0
2023-03-22 09:30:00-04:00,11.970000267028809,12.029999732971191,11.699999809265137,12.010000228881836,581209,0.0,0.0
2023-03-22 10:30:00-04:00,12.005000114440918,12.029999732971191,11.680000305175781,11.704999923706055,289227,0.0,0.0
2023-03-22 11:30:00-04:00,11.710000038146973,11.729999542236328,11.595000267028809,11.720000267028809,403520,0.0,0.0
2023-03-22 12:30:00-04:00,11.71500015258789,11.760000228881836,11.640000343322754,11.755000114440918,357026,0.0,0.0
2023-03-22 13:30:00-04:00,11.755000114440918,12.020000457763672,11.729999542236328,11.850000381469727,310750,0.0,0.0
2023-03-22 14:30:00-04:00,11.850000381469727,12.015000343322754,11.704999923706055,11.824999809265137,786079,0.0,0.0
2023-03-22 15:30:00-04:00,11.824999809265137,11.824999809265137,11.489999771118164,11.5,885177,0.0,0.0
2023-03-23 09:30:00-04:00,11.5600004196167,11.630000114440918,11.385000228881836,11.510000228881836,579080,0.0,0.0
2023-03-23 10:30:00-04:00,11.510000228881836,11.569999694824219,11.470000267028809,11.470000267028809,457167,0.0,0.0
2023-03-23 11:30:00-04:00,11.479999542236328,11.524999618530273,11.34000015258789,11.399999618530273,745932,0.0,0.0
2023-03-23 12:30:00-04:00,11.399999618530273,11.4399995803833,11.135000228881836,11.21500015258789,817488,0.0,0.0
2023-03-23 13:30:00-04:00,11.220000267028809,11.229999542236328,10.859999656677246,10.859999656677246,522448,0.0,0.0
2023-03-23 14:30:00-04:00,10.859999656677246,11.03499984741211,10.819999694824219,10.859999656677246,1047937,0.0,0.0
2023-03-23 15:30:00-04:00,10.850000381469727,10.885000228881836,10.8149995803833,10.84000015258789,939996,0.0,0.0
2023-03-24 09:30:00-04:00,10.699999809265137,11.0,10.619999885559082,10.954999923706055,1132245,0.0,0.0
2023-03-24 10:30:00-04:00,10.949999809265137,11.045000076293945,10.770000457763672,10.835000038146973,811319,0.0,0.0
2023-03-24 11:30:00-04:00,10.829999923706055,11.149999618530273,10.824999809265137,11.03499984741211,795154,0.0,0.0
2023-03-24 12:30:00-04:00,11.039999961853027,11.204999923706055,11.039999961853027,11.149999618530273,288276,0.0,0.0
2023-03-24 13:30:00-04:00,11.159899711608887,11.385000228881836,11.149999618530273,11.364999771118164,531438,0.0,0.0
2023-03-24 14:30:00-04:00,11.364999771118164,11.475000381469727,11.329999923706055,11.395000457763672,449091,0.0,0.0
2023-03-24 15:30:00-04:00,11.395000457763672,11.430000305175781,11.305000305175781,11.390000343322754,719335,0.0,0.0
2023-03-27 09:30:00-04:00,11.6899995803833,11.829999923706055,11.479999542236328,11.5600004196167,745356,0.0,0.0
2023-03-27 10:30:00-04:00,11.555000305175781,11.739999771118164,11.524999618530273,11.6850004196167,538124,0.0,0.0
2023-03-27 11:30:00-04:00,11.680000305175781,11.755000114440918,11.595000267028809,11.680000305175781,432329,0.0,0.0
2023-03-27 12:30:00-04:00,11.680000305175781,11.725000381469727,11.635000228881836,11.704999923706055,456691,0.0,0.0
2023-03-27 13:30:00-04:00,11.707500457763672,11.800000190734863,11.6899995803833,11.699999809265137,416954,0.0,0.0
2023-03-27 14:30:00-04:00,11.699999809265137,11.729999542236328,11.63010025024414,11.6850004196167,387571,0.0,0.0
2023-03-27 15:30:00-04:00,11.6850004196167,11.71500015258789,11.489999771118164,11.520000457763672,548331,0.0,0.0
2023-03-28 09:30:00-04:00,11.369999885559082,11.749899864196777,11.329999923706055,11.734999656677246,385084,0.0,0.0
2023-03-28 10:30:00-04:00,11.729999542236328,11.739999771118164,11.579999923706055,11.604999542236328,436312,0.0,0.0
2023-03-28 11:30:00-04:00,11.604999542236328,11.640000343322754,11.555000305175781,11.574999809265137,414925,0.0,0.0
2023-03-28 12:30:00-04:00,11.574999809265137,11.614999771118164,11.550000190734863,11.59000015258789,382569,0.0,0.0
2023-03-28 13:30:00-04:00,11.579999923706055,11.6899995803833,11.5600004196167,11.6850004196167,461626,0.0,0.0
2023-03-28 14:30:00-04:00,11.680000305175781,11.96500015258789,11.65999984741211,11.779999732971191,796954,0.0,0.0
2023-03-28 15:30:00-04:00,11.78499984741211,11.805000305175781,11.739999771118164,11.760000228881836,372398,0.0,0.0
2023-03-29 09:30:00-04:00,11.930000305175781,12.180000305175781,11.890000343322754,11.970000267028809,496218,0.0,0.0
2023-03-29 10:30:00-04:00,11.970000267028809,12.010000228881836,11.859999656677246,11.994999885559082,290357,0.0,0.0
2023-03-29 11:30:00-04:00,11.994999885559082,12.119999885559082,11.975000381469727,12.074999809265137,508953,0.0,0.0
2023-03-29 12:30:00-04:00,12.074999809265137,12.140000343322754,12.050000190734863,12.135000228881836,375460,0.0,0.0
2023-03-29 13:30:00-04:00,12.119999885559082,12.170000076293945,12.100000381469727,12.15999984741211,398758,0.0,0.0
2023-03-29 14:30:00-04:00,12.15999984741211,12.279999732971191,12.119999885559082,12.239999771118164,501393,0.0,0.0
2023-03-29 15:30:00-04:00,12.234999656677246,12.300000190734863,12.199999809265137,12.260000228881836,717860,0.0,0.0
2023-03-30 09:30:00-04:00,12.260000228881836,12.369999885559082,12.180000305175781,12.255000114440918,563040,0.0,0.0
2023-03-30 10:30:00-04:00,12.260000228881836,12.305000305175781,12.199999809265137,12.25,279026,0.0,0.0
2023-03-30 11:30:00-04:00,12.255000114440918,12.265000343322754,12.069999694824219,12.069999694824219,277498,0.0,0.0
2023-03-30 12:30:00-04:00,12.069999694824219,12.130000114440918,12.039999961853027,12.055000305175781,492953,0.0,0.0
2023-03-30 13:30:00-04:00,12.050000190734863,12.079999923706055,11.930000305175781,11.9350004196167,493879,0.0,0.0
2023-03-30 14:30:00-04:00,11.9350004196167,11.989999771118164,11.899999618530273,11.925000190734863,319234,0.0,0.0
2023-03-30 15:30:00-04:00,11.920000076293945,12.029999732971191,11.920000076293945,12.020000457763672,828753,0.0,0.0
2023-03-31 09:30:00-04:00,12.180000305175781,12.279999732971191,11.869999885559082,12.135000228881836,368717,0.0,0.0
2023-03-31 10:30:00-04:00,12.140000343322754,12.149999618530273,11.975000381469727,12.085000038146973,195919,0.0,0.0
2023-03-31 11:30:00-04:00,12.085000038146973,12.210000038146973,12.0649995803833,12.1850004196167,280382,0.0,0.0
2023-03-31 12:30:00-04:00,12.1850004196167,12.225000381469727,12.095000267028809,12.1899995803833,292488,0.0,0.0
2023-03-31 13:30:00-04:00,12.1899995803833,12.260000228881836,12.180000305175781,12.21500015258789,228428,0.0,0.0
2023-03-31 14:30:00-04:00,12.220000267028809,12.289999961853027,12.164999961853027,12.274999618530273,237041,0.0,0.0
2023-03-31 15:30:00-04:00,12.279999732971191,12.329999923706055,12.220000267028809,12.319999694824219,518024,0.0,0.0
2023-04-03 09:30:00-04:00,12.5,12.595000267028809,12.3100004196167,12.489999771118164,550816,0.0,0.0
2023-04-03 10:30:00-04:00,12.489999771118164,12.5,12.270000457763672,12.274399757385254,324455,0.0,0.0
2023-04-03 11:30:00-04:00,12.274999618530273,12.34000015258789,12.229999542236328,12.335000038146973,180580,0.0,0.0
2023-04-03 12:30:00-04:00,12.34000015258789,12.345000267028809,12.234999656677246,12.279999732971191,254154,0.0,0.0
2023-04-03 13:30:00-04:00,12.274999618530273,12.289999961853027,12.1850004196167,12.204999923706055,284120,0.0,0.0
2023-04-03 14:30:00-04:00,12.199999809265137,12.28499984741211,12.149999618530273,12.164999961853027,310907,0.0,0.0
2023-04-03 15:30:00-04:00,12.170000076293945,12.270000457763672,12.162500381469727,12.25,412344,0.0,0.0
2023-04-04 09:30:00-04:00,12.359999656677246,12.430000305175781,12.1899995803833,12.229999542236328,442135,0.0,0.0
2023-04-04 10:30:00-04:00,12.239999771118164,12.255000114440918,12.029999732971191,12.09000015258789,596841,0.0,0.0
2023-04-04 11:30:00-04:00,12.079999923706055,12.199999809265137,12.079999923706055,12.149999618530273,209295,0.0,0.0
2023-04-04 12:30:00-04:00,12.154999732971191,12.1899995803833,12.125,12.175000190734863,341077,0.0,0.0
2023-04-04 13:30:00-04:00,12.170000076293945,12.1899995803833,12.095000267028809,12.095000267028809,340274,0.0,0.0
2023-04-04 14:30:00-04:00,12.095000267028809,12.149999618530273,12.045000076293945,12.135000228881836,410710,0.0,0.0
2023-04-04 15:30:00-04:00,12.135000228881836,12.260000228881836,12.114999771118164,12.260000228881836,458717,0.0,0.0
2023-04-05 09:30:00-04:00,12.390000343322754,12.399999618530273,12.239999771118164,12.259900093078613,1037505,0.0,0.0
2023-04-05 10:30:00-04:00,12.255000114440918,12.3100004196167,12.175000190734863,12.279999732971191,378536,0.0,0.0
2023-04-05 11:30:00-04:00,12.279999732971191,12.359999656677246,12.274999618530273,12.34000015258789,578089,0.0,0.0
2023-04-05 12:30:00-04:00,12.335000038146973,12.545000076293945,12.3100004196167,12.5,268778,0.0,0.0
2023-04-05 13:30:00-04:00,12.510000228881836,12.520000457763672,12.449999809265137,12.460000038146973,427600,0.0,0.0
2023-04-05 14:30:00-04:00,12.460000038146973,12.53499984741211,12.390000343322754,12.494999885559082,550203,0.0,0.0
2023-04-05 15:30:00-04:00,12.5,12.579999923706055,12.46500015258789,12.479999542236328,470268,0.0,0.0
2023-04-06 09:30:00-04:00,12.59000015258789,12.640000343322754,12.520000457763672,12.529999732971191,475435,0.0,0.0
2023-04-06 10:30:00-04:00,12.53499984741211,12.555000305175781,12.460000038146973,12.5,336582,0.0,0.0
2023-04-06 11:30:00-04:00,12.505000114440918,12.574999809265137,12.5,12.5600004196167,236194,0.0,0.0
2023-04-06 12:30:00-04:00,12.5649995803833,12.859999656677246,12.5600004196167,12.824999809265137,403062,0.0,0.0
2023-04-06 13:30:00-04:00,12.829999923706055,12.84000015258789,12.710000038146973,12.710000038146973,769393,0.0,0.0
2023-04-06 14:30:00-04:00,12.71500015258789,12.805000305175781,12.71500015258789,12.765000343322754,563478,0.0,0.0
2023-04-06 15:30:00-04:00,12.770000457763672,12.899999618530273,12.75,12.864999771118164,991593,0.0,0.0
2023-04-10 09:30:00-04:00,12.6899995803833,12.84000015258789,12.59000015258789,12.65999984741211,547561,0.0,0.0
2023-04-10 10:30:00-04:00,12.65999984741211,12.694999694824219,12.34000015258789,12.350000381469727,496785,0.0,0.0
2023-04-10 11:30:00-04:00,12.359999656677246,12.375,12.09000015258789,12.114999771118164,501036,0.0,0.0
2023-04-10 12:30:00-04:00,12.109999656677246,12.345000267028809,12.109999656677246,12.300000190734863,458410,0.0,0.0
2023-04-10 13:30:00-04:00,12.3100004196167,12.470000267028809,12.291999816894531,12.46500015258789,431242,0.0,0.0
2023-04-10 14:30:00-04:00,12.460000038146973,12.600000381469727,12.449999809265137,12.5649995803833,449525,0.0,0.0
2023-04-10 15:30:00-04:00,12.5649995803833,12.630000114440918,12.5600004196167,12.609999656677246,610531,0.0,0.0
2023-04-11 09:30:00-04:00,12.75,12.90999984741211,12.680000305175781,12.890000343322754,355986,0.0,0.0
2023-04-11 10:30:00-04:00,12.895000457763672,12.930000305175781,12.84000015258789,12.920000076293945,377127,0.0,0.0
2023-04-11 11:30:00-04:00,12.920000076293945,13.020000457763672,12.885000228881836,12.954999923706055,622294,0.0,0.0
2023-04-11 12:30:00-04:00,12.954999923706055,13.020000457763672,12.904999732971191,12.975000381469727,367769,0.0,0.0
2023-04-11 13:30:00-04:00,12.970000267028809,13.010000228881836,12.904999732971191,13.0,341830,0.0,0.0
2023-04-11 14:30:00-04:00,13.005000114440918,13.170000076293945,12.989999771118164,13.09000015258789,528903,0.0,0.0
2023-04-11 15:30:00-04:00,13.095000267028809,13.135000228881836,13.029999732971191,13.03499984741211,546370,0.0,0.0
2023-04-12 09:30:00-04:00,13.199999809265137,13.269000053405762,12.8149995803833,12.824999809265137,675551,0.0,0.0
2023-04-12 10:30:00-04:00,12.819999694824219,12.819999694824219,12.5600004196167,12.595000267028809,405745,0.0,0.0
2023-04-12 11:30:00-04:00,12.600000381469727,12.625,12.520000457763672,12.574999809265137,270265,0.0,0.0
2023-04-12 12:30:00-04:00,12.579999923706055,12.595000267028809,12.454999923706055,12.529999732971191,171398,0.0,0.0
2023-04-12 13:30:00-04:00,12.529999732971191,12.574999809265137,12.40999984741211,12.414999961853027,312061,0.0,0.0
2023-04-12 14:30:00-04:00,12.414999961853027,12.46500015258789,12.305000305175781,12.319999694824219,266720,0.0,0.0
2023-04-12 15:30:00-04:00,12.319999694824219,12.354999542236328,12.260000228881836,12.260000228881836,402493,0.0,0.0
2023-04-13 09:30:00-04:00,12.300000190734863,12.480899810791016,12.239999771118164,12.34000015258789,324432,0.0,0.0
2023-04-13 10:30:00-04:00,12.34000015258789,12.354999542236328,12.119999885559082,12.170000076293945,256228,0.0,0.0
2023-04-13 11:30:00-04:00,12.170000076293945,12.385000228881836,12.15999984741211,12.364999771118164,225286,0.0,0.0
2023-04-13 12:30:00-04:00,12.364999771118164,12.460000038146973,12.359999656677246,12.399999618530273,137810,0.0,0.0
2023-04-13 13:30:00-04:00,12.390000343322754,12.430000305175781,12.270000457763672,12.295000076293945,227438,0.0,0.0
2023-04-13 14:30:00-04:00,12.295000076293945,12.3149995803833,12.229999542236328,12.274999618530273,299835,0.0,0.0
2023-04-13 15:30:00-04:00,12.274999618530273,12.305000305175781,12.244999885559082,12.300000190734863,262636,0.0,0.0
2023-04-14 09:30:00-04:00,12.380000114440918,12.729999542236328,12.380000114440918,12.5,439702,0.0,0.0
2023-04-14 10:30:00-04:00,12.5,12.53499984741211,12.279999732971191,12.324999809265137,1191235,0.0,0.0
2023-04-14 11:30:00-04:00,12.329999923706055,12.34000015258789,12.204999923706055,12.28499984741211,437914,0.0,0.0
2023-04-14 12:30:00-04:00,12.279999732971191,12.34000015258789,12.274999618530273,12.300000190734863,226448,0.0,0.0
2023-04-14 13:30:00-04:00,12.300000190734863,12.32800006866455,12.194999694824219,12.3100004196167,324214,0.0,0.0
2023-04-14 14:30:00-04:00,12.305000305175781,12.34000015258789,12.220000267028809,12.255000114440918,342805,0.0,0.0
2023-04-14 15:30:00-04:00,12.25,12.369999885559082,12.244999885559082,12.350000381469727,449420,0.0,0.0
2023-04-17 09:30:00-04:00,12.34000015258789,12.5,12.270000457763672,12.494999885559082,264230,0.0,0.0
2023-04-17 10:30:00-04:00,12.5,12.65999984741211,12.5,12.585000038146973,232920,0.0,0.0
2023-04-17 11:30:00-04:00,12.59000015258789,12.604999542236328,12.520000457763672,12.600000381469727,194407,0.0,0.0
2023-04-17 12:30:00-04:00,12.600000381469727,12.630000114440918,12.489999771118164,12.505000114440918,199373,0.0,0.0
2023-04-17 13:30:00-04:00,12.5,12.550000190734863,12.449999809265137,12.489999771118164,227870,0.0,0.0
2023-04-17 14:30:00-04:00,12.494999885559082,12.729999542236328,12.489999771118164,12.704999923706055,212326,0.0,0.0
2023-04-17 15:30:00-04:00,12.704999923706055,12.739999771118164,12.670000076293945,12.71500015258789,382197,0.0,0.0
2023-04-18 09:30:00-04:00,12.739999771118164,12.739999771118164,12.265000343322754,12.300000190734863,284233,0.0,0.0
2023-04-18 10:30:00-04:00,12.3100004196167,12.3100004196167,12.175000190734863,12.225000381469727,368576,0.0,0.0
2023-04-18 11:30:00-04:00,12.225000381469727,12.430000305175781,12.225000381469727,12.399999618530273,507229,0.0,0.0
2023-04-18 12:30:00-04:00,12.399999618530273,12.425000190734863,12.300000190734863,12.329999923706055,222837,0.0,0.0
2023-04-18 13:30:00-04:00,12.329999923706055,12.404999732971191,12.319999694824219,12.369999885559082,203509,0.0,0.0
2023-04-18 14:30:00-04:00,12.364999771118164,12.399999618530273,12.3149995803833,12.3149995803833,174655,0.0,0.0
2023-04-18 15:30:00-04:00,12.3149995803833,12.354999542236328,12.300000190734863,12.335000038146973,402971,0.0,0.0
2023-04-19 09:30:00-04:00,12.1899995803833,12.380000114440918,12.154999732971191,12.329999923706055,441215,0.0,0.0
2023-04-19 10:30:00-04:00,12.34000015258789,12.539999961853027,12.330100059509277,12.529999732971191,130336,0.0,0.0
2023-04-19 11:30:00-04:00,12.529999732971191,12.574999809265137,12.430000305175781,12.574999809265137,163800,0.0,0.0
2023-04-19 12:30:00-04:00,12.569999694824219,12.645000457763672,12.550000190734863,12.604999542236328,170892,0.0,0.0
2023-04-19 13:30:00-04:00,12.609999656677246,12.850000381469727,12.604999542236328,12.835000038146973,142445,0.0,0.0
2023-04-19 14:30:00-04:00,12.84000015258789,12.989999771118164,12.819999694824219,12.989999771118164,256023,0.0,0.0
2023-04-19 15:30:00-04:00,12.979999542236328,13.029999732971191,12.920000076293945,12.9399995803833,663457,0.0,0.0
2023-04-20 09:30:00-04:00,12.739999771118164,12.954999923706055,12.65999984741211,12.755000114440918,426143,0.0,0.0
2023-04-20 10:30:00-04:00,12.760000228881836,12.770000457763672,12.569999694824219,12.579999923706055,181760,0.0,0.0
2023-04-20 11:30:00-04:00,12.579999923706055,12.600000381469727,12.494999885559082,12.5649995803833,135037,0.0,0.0
2023-04-20 12:30:00-04:00,12.569999694824219,12.625,12.53499984741211,12.609999656677246,244358,0.0,0.0
2023-04-20 13:30:00-04:00,12.609999656677246,12.619999885559082,12.574999809265137,12.579999923706055,152902,0.0,0.0
2023-04-20 14:30:00-04:00,12.585000038146973,12.59000015258789,12.420000076293945,12.454999923706055,179522,0.0,0.0
2023-04-20 15:30:00-04:00,12.460000038146973,12.539999961853027,12.449999809265137,12.539999961853027,327562,0.0,0.0
2023-04-21 09:30:00-04:00,12.609999656677246,12.619999885559082,12.460000038146973,12.510000228881836,314093,0.0,0.0
2023-04-21 10:30:00-04:00,12.5,12.604999542236328,12.470000267028809,12.5600004196167,228976,0.0,0.0
2023-04-21 11:30:00-04:00,12.5600004196167,12.640000343322754,12.510000228881836,12.545000076293945,287546,0.0,0.0
2023-04-21 12:30:00-04:00,12.550000190734863,12.5649995803833,12.475000381469727,12.5,140212,0.0,0.0
2023-04-21 13:30:00-04:00,12.510000228881836,12.6899995803833,12.505000114440918,12.675000190734863,219491,0.0,0.0
2023-04-21 14:30:00-04:00,12.675000190734863,12.734999656677246,12.600000381469727,12.609999656677246,245331,0.0,0.0
2023-04-21 15:30:00-04:00,12.609999656677246,12.619999885559082,12.550000190734863,12.569999694824219,622114,0.0,0.0
2023-04-24 09:30:00-04:00,12.569999694824219,12.770000457763672,12.510000228881836,12.699999809265137,242720,0.0,0.0
2023-04-24 10:30:00-04:00,12.699999809265137,12.739999771118164,12.449999809265137,12.510000228881836,208750,0.0,0.0
2023-04-24 11:30:00-04:00,12.510000228881836,12.609999656677246,12.510000228881836,12.600000381469727,101226,0.0,0.0
2023-04-24 12:30:00-04:00,12.609999656677246,12.670000076293945,12.539999961853027,12.600000381469727,153265,0.0,0.0
2023-04-24 13:30:00-04:00,12.600000381469727,12.649999618530273,12.489999771118164,12.505000114440918,95765,0.0,0.0
2023-04-24 14:30:00-04:00,12.505000114440918,12.604999542236328,12.470000267028809,12.5600004196167,143832,0.0,0.0
2023-04-24 15:30:00-04:00,12.550000190734863,12.609999656677246,12.515000343322754,12.609999656677246,262173,0.0,0.0
2023-04-25 09:30:00-04:00,12.449999809265137,12.569999694824219,12.210000038146973,12.220000267028809,532619,0.0,0.0
2023-04-25 10:30:00-04:00,12.220000267028809,12.255000114440918,12.104999542236328,12.149999618530273,526959,0.0,0.0
2023-04-25 11:30:00-04:00,12.149999618530273,12.220000267028809,11.989999771118164,12.194999694824219,358351,0.0,0.0
2023-04-25 12:30:00-04:00,12.194999694824219,12.274999618530273,12.074999809265137,12.180000305175781,447157,0.0,0.0
2023-04-25 13:30:00-04:00,12.180000305175781,12.390000343322754,12.15999984741211,12.380000114440918,223537,0.0,0.0
2023-04-25 14:30:00-04:00,12.380000114440918,12.380000114440918,12.300000190734863,12.300000190734863,234480,0.0,0.0
2023-04-25 15:30:00-04:00,12.305000305175781,12.350000381469727,12.229999542236328,12.34000015258789,599881,0.0,0.0
2023-04-26 09:30:00-04:00,12.369999885559082,12.699999809265137,12.369999885559082,12.430000305175781,271217,0.0,0.0
2023-04-26 10:30:00-04:00,12.4350004196167,12.539999961853027,12.420000076293945,12.5,226958,0.0,0.0
2023-04-26 11:30:00-04:00,12.494999885559082,12.53499984741211,12.380000114440918,12.380000114440918,218689,0.0,0.0
2023-04-26 12:30:00-04:00,12.390000343322754,12.585000038146973,12.382499694824219,12.574999809265137,223871,0.0,0.0
2023-04-26 13:30:00-04:00,12.574999809265137,12.600000381469727,12.370100021362305,12.454999923706055,136433,0.0,0.0
2023-04-26 14:30:00-04:00,12.460000038146973,12.470000267028809,12.305000305175781,12.380000114440918,176804,0.0,0.0
2023-04-26 15:30:00-04:00,12.375,12.430000305175781,12.34000015258789,12.399999618530273,287071,0.0,0.0
2023-04-27 09:30:00-04:00,12.359999656677246,12.675000190734863,12.229999542236328,12.539999961853027,426215,0.0,0.0
2023-04-27 10:30:00-04:00,12.539999961853027,12.65999984741211,12.460000038146973,12.630000114440918,201047,0.0,0.0
2023-04-27 11:30:00-04:00,12.630000114440918,12.779999732971191,12.625,12.755000114440918,170373,0.0,0.0
2023-04-27 12:30:00-04:00,12.75,12.755000114440918,12.542499542236328,12.710000038146973,322734,0.0,0.0
2023-04-27 13:30:00-04:00,12.710000038146973,12.84000015258789,12.694999694824219,12.819999694824219,475490,0.0,0.0
2023-04-27 14:30:00-04:00,12.819999694824219,12.859999656677246,12.744999885559082,12.744999885559082,328088,0.0,0.0
2023-04-27 15:30:00-04:00,12.739999771118164,12.800000190734863,12.699999809265137,12.720000267028809,479150,0.0,0.0
2023-04-28 09:30:00-04:00,12.699999809265137,13.25,12.6899995803833,13.239999771118164,305431,0.0,0.0
2023-04-28 10:30:00-04:00,13.239999771118164,13.270000457763672,12.984999656677246,13.0649995803833,377260,0.0,0.0
2023-04-28 11:30:00-04:00,13.069999694824219,13.095000267028809,12.875,12.944999694824219,276238,0.0,0.0
2023-04-28 12:30:00-04:00,12.944999694824219,12.984999656677246,12.885000228881836,12.920000076293945,165409,0.0,0.0
2023-04-28 13:30:00-04:00,12.930000305175781,12.9399995803833,12.789999961853027,12.8149995803833,163835,0.0,0.0
2023-04-28 14:30:00-04:00,12.819999694824219,12.9399995803833,12.78499984741211,12.895000457763672,205278,0.0,0.0
2023-04-28 15:30:00-04:00,12.895000457763672,12.914999961853027,12.835000038146973,12.880000114440918,267628,0.0,0.0
2023-05-01 09:30:00-04:00,12.789999961853027,12.899999618530273,12.720000267028809,12.789999961853027,309198,0.0,0.0
2023-05-01 10:30:00-04:00,12.789999961853027,12.875,12.539999961853027,12.5649995803833,225211,0.0,0.0
2023-05-01 11:30:00-04:00,12.5600004196167,12.6899995803833,12.550000190734863,12.680000305175781,494774,0.0,0.0
2023-05-01 12:30:00-04:00,12.680000305175781,12.729999542236328,12.579999923706055,12.579999923706055,201776,0.0,0.0
2023-05-01 13:30:00-04:00,12.579999923706055,12.670000076293945,12.574600219726562,12.640000343322754,181309,0.0,0.0
2023-05-01 14:30:00-04:00,12.630000114440918,12.670000076293945,12.59000015258789,12.59000015258789,312198,0.0,0.0
2023-05-01 15:30:00-04:00,12.59000015258789,12.65999984741211,12.59000015258789,12.630000114440918,306325,0.0,0.0
2023-05-02 09:30:00-04:00,12.489999771118164,12.630000114440918,12.1899995803833,12.1899995803833,529972,0.0,0.0
2023-05-02 10:30:00-04:00,12.180000305175781,12.1899995803833,12.010000228881836,12.010000228881836,615980,0.0,0.0
2023-05-02 11:30:00-04:00,12.005000114440918,12.25,11.984999656677246,12.145000457763672,358999,0.0,0.0
2023-05-02 12:30:00-04:00,12.149999618530273,12.1850004196167,12.074999809265137,12.164999961853027,200814,0.0,0.0
2023-05-02 13:30:00-04:00,12.170000076293945,12.295000076293945,12.130000114440918,12.175000190734863,230633,0.0,0.0
2023-05-02 14:30:00-04:00,12.180000305175781,12.329999923706055,12.180000305175781,12.229999542236328,316489,0.0,0.0
2023-05-02 15:30:00-04:00,12.229999542236328,12.234999656677246,12.154999732971191,12.180000305175781,803003,0.0,0.0
2023-05-03 09:30:00-04:00,12.229999542236328,12.350000381469727,11.524999618530273,11.670000076293945,837685,0.0,0.0
2023-05-03 10:30:00-04:00,11.65999984741211,11.789999961853027,11.5600004196167,11.630000114440918,478517,0.0,0.0
2023-05-03 11:30:00-04:00,11.635000228881836,11.789999961853027,11.630000114440918,11.739999771118164,502507,0.0,0.0
2023-05-03 12:30:00-04:00,11.75,11.800000190734863,11.694999694824219,11.760000228881836,374830,0.0,0.0
2023-05-03 13:30:00-04:00,11.760000228881836,11.914999961853027,11.710000038146973,11.878000259399414,555851,0.0,0.0
2023-05-03 14:30:00-04:00,11.869999885559082,12.020000457763672,11.5600004196167,11.579999923706055,594772,0.0,0.0
2023-05-03 15:30:00-04:00,11.579999923706055,11.585000038146973,11.399999618530273,11.5,1168595,0.0,0.0
2023-05-04 09:30:00-04:00,11.350000381469727,11.640000343322754,11.350000381469727,11.359999656677246,1054429,0.0,0.0
2023-05-04 10:30:00-04:00,11.350000381469727,11.595000267028809,11.204999923706055,11.460000038146973,869665,0.0,0.0
2023-05-04 11:30:00-04:00,11.470000267028809,11.59000015258789,11.380000114440918,11.59000015258789,504499,0.0,0.0
2023-05-04 12:30:00-04:00,11.59000015258789,11.710000038146973,11.479999542236328,11.680000305175781,359209,0.0,0.0
2023-05-04 13:30:00-04:00,11.6850004196167,11.725000381469727,11.569999694824219,11.569999694824219,286470,0.0,0.0
2023-05-04 14:30:00-04:00,11.5600004196167,11.609999656677246,11.520000457763672,11.569999694824219,299241,0.0,0.0
2023-05-04 15:30:00-04:00,11.5600004196167,11.579999923706055,11.489999771118164,11.520000457763672,531528,0.0,0.0
2023-05-05 09:30:00-04:00,11.75,12.020000457763672,11.710000038146973,11.854999542236328,0,0.0,0.0
2023-05-05 10:30:00-04:00,11.854999542236328,11.979999542236328,11.819999694824219,11.970000267028809,279053,0.0,0.0
2023-05-05 11:30:00-04:00,11.970000267028809,11.979999542236328,11.800000190734863,11.925000190734863,198639,0.0,0.0
2023-05-05 12:30:00-04:00,11.925000190734863,11.949999809265137,11.779999732971191,11.899999618530273,263781,0.0,0.0
2023-05-05 13:30:00-04:00,11.899999618530273,11.970000267028809,11.845000267028809,11.970000267028809,216074,0.0,0.0
2023-05-05 14:30:00-04:00,11.960000038146973,12.154999732971191,11.954999923706055,12.074999809265137,589751,0.0,0.0
2023-05-05 15:30:00-04:00,12.074999809265137,12.140000343322754,12.045000076293945,12.09000015258789,653396,0.0,0.0
2023-05-08 09:30:00-04:00,12.09000015258789,12.170000076293945,11.90999984741211,11.920000076293945,249163,0.0,0.0
2023-05-08 10:30:00-04:00,11.930000305175781,12.0600004196167,11.8125,11.824999809265137,177790,0.0,0.0
2023-05-08 11:30:00-04:00,11.819999694824219,11.854999542236328,11.670000076293945,11.675000190734863,403289,0.0,0.0
2023-05-08 12:30:00-04:00,11.672499656677246,11.710000038146973,11.595000267028809,11.609999656677246,340681,0.0,0.0
2023-05-08 13:30:00-04:00,11.60099983215332,11.729999542236328,11.585000038146973,11.725000381469727,547233,0.0,0.0
2023-05-08 14:30:00-04:00,11.720000267028809,11.75,11.491600036621094,11.505000114440918,397387,0.0,0.0
2023-05-08 15:30:00-04:00,11.5,11.569999694824219,11.479999542236328,11.529999732971191,944633,0.0,0.0
2023-05-09 09:30:00-04:00,11.34000015258789,11.40999984741211,11.09000015258789,11.25,927185,0.0,0.0
2023-05-09 10:30:00-04:00,11.244999885559082,11.329999923706055,11.234999656677246,11.25,485292,0.0,0.0
2023-05-09 11:30:00-04:00,11.25,11.40999984741211,11.244999885559082,11.324999809265137,321433,0.0,0.0
2023-05-09 12:30:00-04:00,11.319999694824219,11.475000381469727,11.319999694824219,11.470000267028809,288930,0.0,0.0
2023-05-09 13:30:00-04:00,11.46500015258789,11.574999809265137,11.46500015258789,11.524999618530273,234159,0.0,0.0
2023-05-09 14:30:00-04:00,11.524999618530273,11.604999542236328,11.494999885559082,11.505000114440918,248140,0.0,0.0
2023-05-09 15:30:00-04:00,11.5,11.539999961853027,11.489999771118164,11.529999732971191,541941,0.0,0.0
2023-05-10 09:30:00-04:00,11.640000343322754,11.694999694824219,11.300000190734863,11.34000015258789,390434,0.0,0.0
2023-05-10 10:30:00-04:00,11.345000267028809,11.604999542236328,11.319999694824219,11.569999694824219,265565,0.0,0.0
2023-05-10 11:30:00-04:00,11.561200141906738,11.579999923706055,11.489999771118164,11.5,207799,0.0,0.0
2023-05-10 12:30:00-04:00,11.505000114440918,11.510000228881836,11.369999885559082,11.414999961853027,208933,0.0,0.0
2023-05-10 13:30:00-04:00,11.40999984741211,11.5,11.390000343322754,11.479999542236328,226943,0.0,0.0
2023-05-10 14:30:00-04:00,11.489999771118164,11.545000076293945,11.449999809265137,11.524999618530273,229479,0.0,0.0
2023-05-10 15:30:00-04:00,11.520000457763672,11.557499885559082,11.489999771118164,11.5,388893,0.0,0.0
2023-05-11 09:30:00-04:00,11.34000015258789,11.420000076293945,11.079999923706055,11.180000305175781,341854,0.0,0.0
2023-05-11 10:30:00-04:00,11.175000190734863,11.260000228881836,11.130000114440918,11.149999618530273,201294,0.0,0.0
2023-05-11 11:30:00-04:00,11.154999732971191,11.260000228881836,11.154999732971191,11.180000305175781,308174,0.0,0.0
2023-05-11 12:30:00-04:00,11.1850004196167,11.239999771118164,11.180000305175781,11.21500015258789,261582,0.0,0.0
2023-05-11 13:30:00-04:00,11.21500015258789,11.274999618530273,11.1850004196167,11.225000381469727,188481,0.0,0.0
2023-05-11 14:30:00-04:00,11.225000381469727,11.25,11.199999809265137,11.210000038146973,589949,0.0,0.0
2023-05-11 15:30:00-04:00,11.210000038146973,11.25,11.15999984741211,11.225000381469727,927589,0.0,0.0
2023-05-12 09:30:00-04:00,11.289999961853027,11.289999961853027,10.800000190734863,10.8100004196167,344327,0.0,0.0
2023-05-12 10:30:00-04:00,10.8100004196167,10.920000076293945,10.789999961853027,10.835000038146973,441615,0.0,0.0
2023-05-12 11:30:00-04:00,10.835000038146973,10.989999771118164,10.819999694824219,10.885000228881836,321722,0.0,0.0
2023-05-12 12:30:00-04:00,10.880000114440918,10.899999618530273,10.8100004196167,10.864999771118164,155916,0.0,0.0
2023-05-12 13:30:00-04:00,10.859999656677246,10.895000457763672,10.779999732971191,10.895000457763672,345962,0.0,0.0
2023-05-12 14:30:00-04:00,10.895000457763672,10.895000457763672,10.819999694824219,10.845000267028809,341994,0.0,0.0
2023-05-12 15:30:00-04:00,10.845000267028809,10.895000457763672,10.835000038146973,10.859999656677246,377566,0.0,0.0
2023-05-15 09:30:00-04:00,10.899999618530273,11.050000190734863,10.710000038146973,10.729999542236328,294227,0.0,0.0
2023-05-15 10:30:00-04:00,10.720000267028809,10.829999923706055,10.704999923706055,10.704999923706055,314138,0.0,0.0
2023-05-15 11:30:00-04:00,10.710000038146973,10.720000267028809,10.625,10.699999809265137,433777,0.0,0.0
2023-05-15 12:30:00-04:00,10.704999923706055,10.845000267028809,10.680000305175781,10.819999694824219,313834,0.0,0.0
2023-05-15 13:30:00-04:00,10.8100004196167,10.819999694824219,10.640000343322754,10.704999923706055,508612,0.0,0.0
2023-05-15 14:30:00-04:00,10.710000038146973,10.807499885559082,10.710000038146973,10.765000343322754,365029,0.0,0.0
2023-05-15 15:30:00-04:00,10.760000228881836,10.774999618530273,10.739999771118164,10.760000228881836,353884,0.0,0.0
2023-05-16 09:30:00-04:00,10.699999809265137,10.71500015258789,10.515000343322754,10.65999984741211,850014,0.0,0.0
2023-05-16 10:30:00-04:00,10.65999984741211,10.744999885559082,10.59000015258789,10.630000114440918,655719,0.0,0.0
2023-05-16 11:30:00-04:00,10.630000114440918,10.699999809265137,10.579999923706055,10.595000267028809,246006,0.0,0.0
2023-05-16 12:30:00-04:00,10.600000381469727,10.645000457763672,10.46500015258789,10.484999656677246,864088,0.0,0.0
2023-05-16 13:30:00-04:00,10.489999771118164,10.510000228881836,10.369999885559082,10.375,508037,0.0,0.0
2023-05-16 14:30:00-04:00,10.375,10.399999618530273,10.300000190734863,10.3100004196167,425400,0.0,0.0
2023-05-16 15:30:00-04:00,10.3149995803833,10.329999923706055,10.229999542236328,10.260000228881836,587090,0.0,0.0
2023-05-17 09:30:00-04:00,10.329999923706055,10.390000343322754,10.085000038146973,10.305000305175781,755328,0.0,0.0
2023-05-17 10:30:00-04:00,10.305000305175781,10.604999542236328,10.270000457763672,10.604999542236328,424934,0.0,0.0
2023-05-17 11:30:00-04:00,10.600000381469727,10.710000038146973,10.59000015258789,10.625,308015,0.0,0.0
2023-05-17 12:30:00-04:00,10.619999885559082,10.859999656677246,10.619999885559082,10.675000190734863,389804,0.0,0.0
2023-05-17 13:30:00-04:00,10.675000190734863,10.734999656677246,10.579999923706055,10.619999885559082,322925,0.0,0.0
2023-05-17 14:30:00-04:00,10.619999885559082,10.6850004196167,10.59000015258789,10.640000343322754,262204,0.0,0.0
2023-05-17 15:30:00-04:00,10.645000457763672,10.71500015258789,10.630000114440918,10.710000038146973,340766,0.0,0.0
2023-05-18 09:30:00-04:00,10.670000076293945,10.770000457763672,10.574999809265137,10.770000457763672,299534,0.0,0.0
2023-05-18 10:30:00-04:00,10.774999618530273,10.90999984741211,10.744999885559082,10.755000114440918,398469,0.0,0.0
2023-05-18 11:30:00-04:00,10.755000114440918,10.8100004196167,10.5600004196167,10.5600004196167,355442,0.0,0.0
2023-05-18 12:30:00-04:00,10.5600004196167,10.729999542236328,10.5600004196167,10.6899995803833,349864,0.0,0.0
2023-05-18 13:30:00-04:00,10.6899995803833,10.770000457763672,10.672499656677246,10.763500213623047,271963,0.0,0.0
2023-05-18 14:30:00-04:00,10.760000228881836,10.9350004196167,10.75,10.90999984741211,576866,0.0,0.0
2023-05-18 15:30:00-04:00,10.90999984741211,11.050000190734863,10.904999732971191,11.020000457763672,468173,0.0,0.0
2023-05-19 09:30:00-04:00,11.140000343322754,11.239999771118164,11.005000114440918,11.239999771118164,630217,0.0,0.0
2023-05-19 10:30:00-04:00,11.244999885559082,11.414999961853027,11.109999656677246,11.135000228881836,352822,0.0,0.0
2023-05-19 11:30:00-04:00,11.130000114440918,11.15999984741211,11.055000305175781,11.109999656677246,331422,0.0,0.0
2023-05-19 12:30:00-04:00,11.109999656677246,11.260000228881836,11.09000015258789,11.229999542236328,247712,0.0,0.0
2023-05-19 13:30:00-04:00,11.239999771118164,11.319999694824219,11.199999809265137,11.272500038146973,254577,0.0,0.0
2023-05-19 14:30:00-04:00,11.274999618530273,11.300000190734863,11.239999771118164,11.239999771118164,250846,0.0,0.0
2023-05-19 15:30:00-04:00,11.25,11.260000228881836,11.199999809265137,11.210000038146973,527669,0.0,0.0
2023-05-22 09:30:00-04:00,11.210000038146973,11.470000267028809,11.0649995803833,11.454999923706055,386287,0.0,0.0
2023-05-22 10:30:00-04:00,11.454999923706055,11.494999885559082,11.354999542236328,11.4399995803833,238968,0.0,0.0
2023-05-22 11:30:00-04:00,11.4399995803833,11.720000267028809,11.4350004196167,11.710000038146973,539873,0.0,0.0
2023-05-22 12:30:00-04:00,11.707900047302246,11.75,11.529999732971191,11.545000076293945,283883,0.0,0.0
2023-05-22 13:30:00-04:00,11.545000076293945,11.71500015258789,11.545000076293945,11.680000305175781,496753,0.0,0.0
2023-05-22 14:30:00-04:00,11.680000305175781,11.795000076293945,11.649999618530273,11.755000114440918,686908,0.0,0.0
2023-05-22 15:30:00-04:00,11.760000228881836,11.800000190734863,11.710000038146973,11.729999542236328,528726,0.0,0.0
2023-05-23 09:30:00-04:00,11.720000267028809,12.359999656677246,11.720000267028809,12.039999961853027,812246,0.0,0.0
2023-05-23 10:30:00-04:00,12.050000190734863,12.109999656677246,11.944999694824219,11.984999656677246,449546,0.0,0.0
2023-05-23 11:30:00-04:00,11.989999771118164,12.125,11.984999656677246,12.03499984741211,646529,0.0,0.0
2023-05-23 12:30:00-04:00,12.029999732971191,12.029999732971191,11.899999618530273,11.90999984741211,532560,0.0,0.0
2023-05-23 13:30:00-04:00,11.90999984741211,12.029999732971191,11.869999885559082,11.904999732971191,311632,0.0,0.0
2023-05-23 14:30:00-04:00,11.904999732971191,11.975000381469727,11.890000343322754,11.904999732971191,406030,0.0,0.0
2023-05-23 15:30:00-04:00,11.904999732971191,11.90999984741211,11.800000190734863,11.800000190734863,668136,0.0,0.0
2023-05-24 09:30:00-04:00,11.720000267028809,11.8100004196167,11.444999694824219,11.550000190734863,337035,0.0,0.0
2023-05-24 10:30:00-04:00,11.550000190734863,11.600000381469727,11.420000076293945,11.454999923706055,417581,0.0,0.0
2023-05-24 11:30:00-04:00,11.449999809265137,11.454999923706055,11.239999771118164,11.369999885559082,354361,0.0,0.0
2023-05-24 12:30:00-04:00,11.375,11.444999694824219,11.3100004196167,11.324999809265137,214764,0.0,0.0
2023-05-24 13:30:00-04:00,11.319999694824219,11.359999656677246,11.244999885559082,11.265000343322754,284948,0.0,0.0
2023-05-24 14:30:00-04:00,11.265000343322754,11.385000228881836,11.239999771118164,11.359999656677246,338668,0.0,0.0
2023-05-24 15:30:00-04:00,11.359999656677246,11.399999618530273,11.265000343322754,11.3100004196167,542045,0.0,0.0
2023-05-25 09:30:00-04:00,11.279999732971191,11.3100004196167,11.130000114440918,11.199999809265137,840722,0.0,0.0
2023-05-25 10:30:00-04:00,11.1899995803833,11.199999809265137,11.050000190734863,11.09000015258789,440134,0.0,0.0
2023-05-25 11:30:00-04:00,11.100000381469727,11.21500015258789,11.069999694824219,11.135000228881836,214640,0.0,0.0
2023-05-25 12:30:00-04:00,11.140000343322754,11.244999885559082,11.114999771118164,11.220000267028809,361796,0.0,0.0
2023-05-25 13:30:00-04:00,11.220000267028809,11.274999618530273,11.164999961853027,11.164999961853027,203269,0.0,0.0
2023-05-25 14:30:00-04:00,11.164999961853027,11.244999885559082,11.119999885559082,11.244999885559082,729618,0.0,0.0
2023-05-25 15:30:00-04:00,11.244999885559082,11.270000457763672,11.15999984741211,11.15999984741211,467623,0.0,0.0
2023-05-26 09:30:00-04:00,11.220000267028809,11.260000228881836,11.100000381469727,11.220000267028809,680743,0.0,0.0
2023-05-26 10:30:00-04:00,11.21500015258789,11.279999732971191,11.145000457763672,11.210000038146973,500161,0.0,0.0
2023-05-26 11:30:00-04:00,11.204999923706055,11.319999694824219,11.145000457763672,11.210000038146973,316622,0.0,0.0
2023-05-26 12:30:00-04:00,11.21500015258789,11.25,11.140000343322754,11.1850004196167,202534,0.0,0.0
2023-05-26 13:30:00-04:00,11.182499885559082,11.279999732971191,11.180000305175781,11.260000228881836,199721,0.0,0.0
2023-05-26 14:30:00-04:00,11.265000343322754,11.3100004196167,11.25,11.265000343322754,198996,0.0,0.0
2023-05-26 15:30:00-04:00,11.265000343322754,11.34000015258789,11.260000228881836,11.34000015258789,325240,0.0,0.0
2023-05-30 09:30:00-04:00,11.454999923706055,11.699999809265137,11.369999885559082,11.529999732971191,316262,0.0,0.0
2023-05-30 10:30:00-04:00,11.529999732971191,11.579999923706055,11.5,11.545000076293945,197739,0.0,0.0
2023-05-30 11:30:00-04:00,11.550000190734863,11.645000457763672,11.53499984741211,11.635000228881836,141063,0.0,0.0
2023-05-30 12:30:00-04:00,11.640000343322754,11.729999542236328,11.5600004196167,11.670000076293945,252783,0.0,0.0
2023-05-30 13:30:00-04:00,11.65999984741211,11.670000076293945,11.595000267028809,11.640000343322754,171019,0.0,0.0
2023-05-30 14:30:00-04:00,11.645000457763672,11.699999809265137,11.595000267028809,11.699999809265137,276306,0.0,0.0
2023-05-30 15:30:00-04:00,11.699999809265137,11.789999961853027,11.699999809265137,11.71500015258789,426536,0.0,0.0
2023-05-31 09:30:00-04:00,11.609999656677246,11.710000038146973,11.524999618530273,11.585000038146973,348805,0.0,0.0
2023-05-31 10:30:00-04:00,11.585000038146973,11.625,11.520000457763672,11.579999923706055,348739,0.0,0.0
2023-05-31 11:30:00-04:00,11.579999923706055,11.654999732971191,11.550000190734863,11.614999771118164,206147,0.0,0.0
2023-05-31 12:30:00-04:00,11.619999885559082,11.774999618530273,11.604999542236328,11.774999618530273,221772,0.0,0.0
2023-05-31 13:30:00-04:00,11.779999732971191,11.8149995803833,11.734999656677246,11.78499984741211,220197,0.0,0.0
2023-05-31 14:30:00-04:00,11.789999961853027,11.805000305175781,11.65999984741211,11.675000190734863,527623,0.0,0.0
2023-05-31 15:30:00-04:00,11.675000190734863,11.6899995803833,11.600000381469727,11.600000381469727,919042,0.0,0.0
2023-06-01 09:30:00-04:00,11.680000305175781,11.725000381469727,11.239999771118164,11.369999885559082,532138,0.0,0.0
2023-06-01 10:30:00-04:00,11.364999771118164,11.420000076293945,11.319999694824219,11.385000228881836,306475,0.0,0.0
2023-06-01 11:30:00-04:00,11.385000228881836,11.470000267028809,11.380000114440918,11.449999809265137,203542,0.0,0.0
2023-06-01 12:30:00-04:00,11.454999923706055,11.475000381469727,11.359999656677246,11.414999961853027,279726,0.0,0.0
2023-06-01 13:30:00-04:00,11.40999984741211,11.444999694824219,11.329999923706055,11.354999542236328,238117,0.0,0.0
2023-06-01 14:30:00-04:00,11.354999542236328,11.4399995803833,11.350000381469727,11.404999732971191,328659,0.0,0.0
2023-06-01 15:30:00-04:00,11.40999984741211,11.40999984741211,11.279999732971191,11.300000190734863,481265,0.0,0.0
2023-06-02 09:30:00-04:00,11.59000015258789,11.859999656677246,11.539999961853027,11.800000190734863,364760,0.0,0.0
2023-06-02 10:30:00-04:00,11.800000190734863,12.0649995803833,11.770000457763672,12.045000076293945,271590,0.0,0.0
2023-06-02 11:30:00-04:00,12.050000190734863,12.109999656677246,11.925000190734863,12.0649995803833,210817,0.0,0.0
2023-06-02 12:30:00-04:00,12.0649995803833,12.09000015258789,11.984999656677246,12.0649995803833,298143,0.0,0.0
2023-06-02 13:30:00-04:00,12.069999694824219,12.09000015258789,11.989999771118164,12.024999618530273,236590,0.0,0.0
2023-06-02 14:30:00-04:00,12.024999618530273,12.055000305175781,11.984999656677246,12.015000343322754,227223,0.0,0.0
2023-06-02 15:30:00-04:00,12.015000343322754,12.029999732971191,11.899999618530273,11.930000305175781,448699,0.0,0.0
2023-06-05 09:30:00-04:00,11.920000076293945,11.989999771118164,11.640000343322754,11.729999542236328,350759,0.0,0.0
2023-06-05 10:30:00-04:00,11.744999885559082,11.859999656677246,11.734999656677246,11.835000038146973,284210,0.0,0.0
2023-06-05 11:30:00-04:00,11.829999923706055,11.920000076293945,11.765000343322754,11.89900016784668,263817,0.0,0.0
2023-06-05 12:30:00-04:00,11.895000457763672,11.930000305175781,11.850000381469727,11.880000114440918,212456,0.0,0.0
2023-06-05 13:30:00-04:00,11.869999885559082,11.895000457763672,11.789999961853027,11.835000038146973,305002,0.0,0.0
2023-06-05 14:30:00-04:00,11.835000038146973,11.835000038146973,11.71500015258789,11.744999885559082,302032,0.0,0.0
2023-06-05 15:30:00-04:00,11.744999885559082,11.789999961853027,11.699999809265137,11.739999771118164,515027,0.0,0.0
2023-06-06 09:30:00-04:00,11.789999961853027,11.960000038146973,11.670000076293945,11.9399995803833,523820,0.0,0.0
2023-06-06 10:30:00-04:00,11.949999809265137,12.210000038146973,11.890000343322754,12.199999809265137,573994,0.0,0.0
2023-06-06 11:30:00-04:00,12.194999694824219,12.34000015258789,12.1899995803833,12.229999542236328,363242,0.0,0.0
2023-06-06 12:30:00-04:00,12.229999542236328,12.25,12.052499771118164,12.079999923706055,369896,0.0,0.0
2023-06-06 13:30:00-04:00,12.074999809265137,12.135000228881836,11.970000267028809,11.994999885559082,348547,0.0,0.0
2023-06-06 14:30:00-04:00,11.994999885559082,12.074999809265137,11.960000038146973,12.0649995803833,402574,0.0,0.0
2023-06-06 15:30:00-04:00,12.0649995803833,12.109999656677246,12.020000457763672,12.079999923706055,653552,0.0,0.0
2023-06-07 09:30:00-04:00,12.25,12.489999771118164,12.114999771118164,12.489999771118164,645355,0.0,0.0
2023-06-07 10:30:00-04:00,12.489999771118164,12.729999542236328,12.479999542236328,12.645000457763672,697520,0.0,0.0
2023-06-07 11:30:00-04:00,12.640000343322754,12.770000457763672,12.600000381469727,12.770000457763672,572864,0.0,0.0
2023-06-07 12:30:00-04:00,12.770000457763672,13.0,12.760000228881836,12.880000114440918,491228,0.0,0.0
2023-06-07 13:30:00-04:00,12.869999885559082,12.890000343322754,12.770000457763672,12.835000038146973,321333,0.0,0.0
2023-06-07 14:30:00-04:00,12.835000038146973,12.859999656677246,12.710000038146973,12.8149995803833,627579,0.0,0.0
2023-06-07 15:30:00-04:00,12.8149995803833,12.90999984741211,12.800000190734863,12.829999923706055,771338,0.0,0.0
2023-06-08 09:30:00-04:00,12.699999809265137,12.800000190734863,12.279999732971191,12.40999984741211,324650,0.0,0.0
2023-06-08 10:30:00-04:00,12.404999732971191,12.515000343322754,12.369999885559082,12.515000343322754,154647,0.0,0.0
2023-06-08 11:30:00-04:00,12.515000343322754,12.539999961853027,12.399999618530273,12.53499984741211,171605,0.0,0.0
2023-06-08 12:30:00-04:00,12.53499984741211,12.579999923706055,12.5,12.574999809265137,149190,0.0,0.0
2023-06-08 13:30:00-04:00,12.579999923706055,12.595000267028809,12.510000228881836,12.595000267028809,226420,0.0,0.0
2023-06-08 14:30:00-04:00,12.600000381469727,12.635000228881836,12.53499984741211,12.555000305175781,175662,0.0,0.0
2023-06-08 15:30:00-04:00,12.550000190734863,12.600000381469727,12.520000457763672,12.555000305175781,362525,0.0,0.0
2023-06-09 09:30:00-04:00,12.579999923706055,12.579999923706055,12.380000114440918,12.505000114440918,199277,0.0,0.0
2023-06-09 10:30:00-04:00,12.510000228881836,12.630000114440918,12.390000343322754,12.40999984741211,181205,0.0,0.0
2023-06-09 11:30:00-04:00,12.40999984741211,12.579999923706055,12.380000114440918,12.550000190734863,257255,0.0,0.0
2023-06-09 12:30:00-04:00,12.539999961853027,12.555000305175781,12.479999542236328,12.520000457763672,175627,0.0,0.0
2023-06-09 13:30:00-04:00,12.520000457763672,12.5600004196167,12.4399995803833,12.53499984741211,210662,0.0,0.0
2023-06-09 14:30:00-04:00,12.53499984741211,12.5600004196167,12.475000381469727,12.494999885559082,257852,0.0,0.0
2023-06-09 15:30:00-04:00,12.489999771118164,12.59000015258789,12.489999771118164,12.569999694824219,337849,0.0,0.0
2023-06-12 09:30:00-04:00,12.529999732971191,12.8100004196167,12.449999809265137,12.720000267028809,406456,0.0,0.0
2023-06-12 10:30:00-04:00,12.720000267028809,12.720000267028809,12.515000343322754,12.520000457763672,241173,0.0,0.0
2023-06-12 11:30:00-04:00,12.520000457763672,12.630000114440918,12.484999656677246,12.619999885559082,232047,0.0,0.0
2023-06-12 12:30:00-04:00,12.619999885559082,12.649999618530273,12.5600004196167,12.5600004196167,228387,0.0,0.0
2023-06-12 13:30:00-04:00,12.555000305175781,12.5649995803833,12.479999542236328,12.550000190734863,201618,0.0,0.0
2023-06-12 14:30:00-04:00,12.555000305175781,12.614999771118164,12.539999961853027,12.604999542236328,239721,0.0,0.0
2023-06-12 15:30:00-04:00,12.604999542236328,12.640000343322754,12.59000015258789,12.640000343322754,455920,0.0,0.0
2023-06-13 09:30:00-04:00,12.75,13.095000267028809,12.640000343322754,13.0649995803833,410914,0.0,0.0
2023-06-13 10:30:00-04:00,13.074999809265137,13.095000267028809,12.729999542236328,12.774999618530273,255487,0.0,0.0
2023-06-13 11:30:00-04:00,12.770000457763672,12.795000076293945,12.694999694824219,12.71500015258789,192476,0.0,0.0
2023-06-13 12:30:00-04:00,12.710000038146973,12.760000228881836,12.670000076293945,12.729999542236328,149249,0.0,0.0
2023-06-13 13:30:00-04:00,12.729999542236328,12.774999618530273,12.694999694824219,12.710000038146973,216779,0.0,0.0
2023-06-13 14:30:00-04:00,12.699999809265137,12.739999771118164,12.645000457763672,12.675000190734863,735184,0.0,0.0
2023-06-13 15:30:00-04:00,12.680000305175781,12.6850004196167,12.600000381469727,12.640000343322754,461998,0.0,0.0
2023-06-14 09:30:00-04:00,12.710000038146973,13.020000457763672,12.710000038146973,12.96500015258789,924879,0.0,0.0
2023-06-14 10:30:00-04:00,12.970000267028809,12.979999542236328,12.890000343322754,12.90999984741211,966115,0.0,0.0
2023-06-14 11:30:00-04:00,12.914999961853027,12.96500015258789,12.84000015258789,12.864999771118164,262622,0.0,0.0
2023-06-14 12:30:00-04:00,12.864999771118164,12.875,12.720000267028809,12.720000267028809,219806,0.0,0.0
2023-06-14 13:30:00-04:00,12.720000267028809,12.760000228881836,12.399999618530273,12.420000076293945,379689,0.0,0.0
2023-06-14 14:30:00-04:00,12.420000076293945,12.640000343322754,12.40999984741211,12.5600004196167,448904,0.0,0.0
2023-06-14 15:30:00-04:00,12.5649995803833,12.609999656677246,12.449999809265137,12.510000228881836,561124,0.0,0.0
2023-06-15 09:30:00-04:00,12.399999618530273,12.625,12.225000381469727,12.569999694824219,374089,0.0,0.0
2023-06-15 10:30:00-04:00,12.5649995803833,12.670000076293945,12.479999542236328,12.670000076293945,236874,0.0,0.0
2023-06-15 11:30:00-04:00,12.670000076293945,12.694999694824219,12.5649995803833,12.569999694824219,187999,0.0,0.0
2023-06-15 12:30:00-04:00,12.569999694824219,12.630000114440918,12.520000457763672,12.5600004196167,185812,0.0,0.0
2023-06-15 13:30:00-04:00,12.5600004196167,12.664999961853027,12.555000305175781,12.654999732971191,195020,0.0,0.0
2023-06-15 14:30:00-04:00,12.654999732971191,12.770000457763672,12.625,12.699999809265137,240277,0.0,0.0
2023-06-15 15:30:00-04:00,12.699999809265137,12.800000190734863,12.675000190734863,12.770000457763672,424757,0.0,0.0
2023-06-16 09:30:00-04:00,12.720000267028809,12.795000076293945,12.5649995803833,12.640000343322754,653518,0.0,0.0
2023-06-16 10:30:00-04:00,12.635000228881836,12.694999694824219,12.545000076293945,12.675000190734863,407967,0.0,0.0
2023-06-16 11:30:00-04:00,12.675000190734863,12.710000038146973,12.569999694824219,12.654999732971191,413402,0.0,0.0
2023-06-16 12:30:00-04:00,12.654999732971191,12.6850004196167,12.579999923706055,12.579999923706055,387992,0.0,0.0
2023-06-16 13:30:00-04:00,12.579999923706055,12.640000343322754,12.539999961853027,12.640000343322754,279145,0.0,0.0
2023-06-16 14:30:00-04:00,12.635000228881836,12.720000267028809,12.604999542236328,12.609999656677246,550900,0.0,0.0
2023-06-16 15:30:00-04:00,12.614999771118164,12.8100004196167,12.614999771118164,12.770000457763672,3014602,0.0,0.0
2023-06-20 09:30:00-04:00,12.609999656677246,12.65999984741211,12.3100004196167,12.470000267028809,513919,0.0,0.0
2023-06-20 10:30:00-04:00,12.470000267028809,12.670000076293945,12.470000267028809,12.5600004196167,244318,0.0,0.0
2023-06-20 11:30:00-04:00,12.550000190734863,12.569999694824219,12.404999732971191,12.515000343322754,255239,0.0,0.0
2023-06-20 12:30:00-04:00,12.515000343322754,12.569999694824219,12.470000267028809,12.5,335284,0.0,0.0
2023-06-20 13:30:00-04:00,12.494999885559082,12.515000343322754,12.4399995803833,12.505000114440918,442492,0.0,0.0
2023-06-20 14:30:00-04:00,12.505000114440918,12.609999656677246,12.505000114440918,12.595000267028809,360410,0.0,0.0
2023-06-20 15:30:00-04:00,12.600000381469727,12.609999656677246,12.520000457763672,12.604999542236328,446476,0.0,0.0
2023-06-21 09:30:00-04:00,12.470000267028809,12.529999732971191,12.244999885559082,12.479999542236328,376167,0.0,0.0
2023-06-21 10:30:00-04:00,12.489999771118164,12.619999885559082,12.430000305175781,12.604999542236328,332973,0.0,0.0
2023-06-21 11:30:00-04:00,12.600000381469727,12.65999984741211,12.539999961853027,12.635000228881836,269928,0.0,0.0
2023-06-21 12:30:00-04:00,12.635000228881836,12.649999618530273,12.489999771118164,12.529999732971191,301371,0.0,0.0
2023-06-21 13:30:00-04:00,12.539999961853027,12.710000038146973,12.539999961853027,12.675000190734863,426803,0.0,0.0
2023-06-21 14:30:00-04:00,12.670000076293945,12.680000305175781,12.569999694824219,12.59000015258789,483664,0.0,0.0
2023-06-21 15:30:00-04:00,12.585000038146973,12.609999656677246,12.529999732971191,12.5600004196167,644960,0.0,0.0
2023-06-22 09:30:00-04:00,12.579999923706055,12.670000076293945,12.069999694824219,12.114999771118164,663188,0.0,0.0
2023-06-22 10:30:00-04:00,12.119999885559082,12.125,11.970000267028809,12.079999923706055,357722,0.0,0.0
2023-06-22 11:30:00-04:00,12.085000038146973,12.154999732971191,12.029999732971191,12.135000228881836,398568,0.0,0.0
2023-06-22 12:30:00-04:00,12.140000343322754,12.140000343322754,12.010000228881836,12.100000381469727,356777,0.0,0.0
2023-06-22 13:30:00-04:00,12.100000381469727,12.114999771118164,12.022500038146973,12.0600004196167,311024,0.0,0.0
2023-06-22 14:30:00-04:00,12.069999694824219,12.145000457763672,12.069999694824219,12.100000381469727,391443,0.0,0.0
2023-06-22 15:30:00-04:00,12.104999542236328,12.114999771118164,12.0,12.039999961853027,555751,0.0,0.0
2023-06-23 09:30:00-04:00,11.90999984741211,12.100000381469727,11.819999694824219,11.854999542236328,439237,0.0,0.0
2023-06-23 10:30:00-04:00,11.859999656677246,11.869999885559082,11.569999694824219,11.604999542236328,524086,0.0,0.0
2023-06-23 11:30:00-04:00,11.604999542236328,11.725000381469727,11.5600004196167,11.725000381469727,536719,0.0,0.0
2023-06-23 12:30:00-04:00,11.729999542236328,11.770000457763672,11.6850004196167,11.704999923706055,244549,0.0,0.0
2023-06-23 13:30:00-04:00,11.710000038146973,11.774999618530273,11.65999984741211,11.699999809265137,447843,0.0,0.0
2023-06-23 14:30:00-04:00,11.699999809265137,11.739999771118164,11.65999984741211,11.704999923706055,404181,0.0,0.0
2023-06-23 15:30:00-04:00,11.704999923706055,11.71500015258789,11.28499984741211,11.390000343322754,3149024,0.0,0.0
2023-06-26 09:30:00-04:00,11.40999984741211,12.03499984741211,11.364999771118164,11.996999740600586,636437,0.0,0.0
2023-06-26 10:30:00-04:00,11.994999885559082,12.0600004196167,11.925000190734863,11.960000038146973,433122,0.0,0.0
2023-06-26 11:30:00-04:00,11.954999923706055,12.069999694824219,11.890000343322754,12.050000190734863,717646,0.0,0.0
2023-06-26 12:30:00-04:00,12.039999961853027,12.175000190734863,12.005000114440918,12.119999885559082,398718,0.0,0.0
2023-06-26 13:30:00-04:00,12.119999885559082,12.175000190734863,12.095000267028809,12.145000457763672,461526,0.0,0.0
2023-06-26 14:30:00-04:00,12.145000457763672,12.420000076293945,12.145000457763672,12.420000076293945,397919,0.0,0.0
2023-06-26 15:30:00-04:00,12.420000076293945,12.479999542236328,12.380000114440918,12.395000457763672,729502,0.0,0.0
2023-06-27 09:30:00-04:00,12.34000015258789,12.539999961853027,12.154999732971191,12.524999618530273,495913,0.0,0.0
2023-06-27 10:30:00-04:00,12.520000457763672,12.869999885559082,12.5,12.765000343322754,355772,0.0,0.0
2023-06-27 11:30:00-04:00,12.760000228881836,12.795000076293945,12.704999923706055,12.795000076293945,166530,0.0,0.0
2023-06-27 12:30:00-04:00,12.795000076293945,12.859999656677246,12.739999771118164,12.805000305175781,194763,0.0,0.0
2023-06-27 13:30:00-04:00,12.805000305175781,12.850000381469727,12.779999732971191,12.8100004196167,183353,0.0,0.0
2023-06-27 14:30:00-04:00,12.8100004196167,12.850000381469727,12.75,12.78499984741211,253590,0.0,0.0
2023-06-27 15:30:00-04:00,12.78499984741211,12.789999961853027,12.699999809265137,12.725000381469727,448357,0.0,0.0
2023-06-28 09:30:00-04:00,12.720000267028809,12.720000267028809,12.300000190734863,12.449999809265137,417902,0.0,0.0
2023-06-28 10:30:00-04:00,12.460000038146973,12.550000190734863,12.359999656677246,12.475000381469727,186491,0.0,0.0
2023-06-28 11:30:00-04:00,12.479999542236328,12.53499984741211,12.364999771118164,12.489999771118164,227189,0.0,0.0
2023-06-28 12:30:00-04:00,12.494999885559082,12.505000114440918,12.319999694824219,12.329999923706055,180132,0.0,0.0
2023-06-28 13:30:00-04:00,12.329999923706055,12.375,12.274999618530273,12.28499984741211,188857,0.0,0.0
2023-06-28 14:30:00-04:00,12.28499984741211,12.34000015258789,12.244999885559082,12.305000305175781,165874,0.0,0.0
2023-06-28 15:30:00-04:00,12.305000305175781,12.369999885559082,12.274999618530273,12.369999885559082,261193,0.0,0.0
2023-06-29 09:30:00-04:00,12.079999923706055,12.5649995803833,12.0,12.270000457763672,395138,0.0,0.0
2023-06-29 10:30:00-04:00,12.270000457763672,12.329999923706055,12.234999656677246,12.28499984741211,186549,0.0,0.0
2023-06-29 11:30:00-04:00,12.300000190734863,12.460000038146973,12.239999771118164,12.444999694824219,256997,0.0,0.0
2023-06-29 12:30:00-04:00,12.444999694824219,12.550000190734863,12.420000076293945,12.550000190734863,258188,0.0,0.0
2023-06-29 13:30:00-04:00,12.5649995803833,12.600000381469727,12.53499984741211,12.595000267028809,206380,0.0,0.0
2023-06-29 14:30:00-04:00,12.59000015258789,12.654999732971191,12.59000015258789,12.619999885559082,158174,0.0,0.0
2023-06-29 15:30:00-04:00,12.619999885559082,12.675000190734863,12.579999923706055,12.640000343322754,482753,0.0,0.0
2023-06-30 09:30:00-04:00,12.800000190734863,12.925000190734863,12.430000305175781,12.670000076293945,555329,0.0,0.0
2023-06-30 10:30:00-04:00,12.65999984741211,12.675000190734863,12.460000038146973,12.546099662780762,296120,0.0,0.0
2023-06-30 11:30:00-04:00,12.555000305175781,12.59000015258789,12.4399995803833,12.46500015258789,142726,0.0,0.0
2023-06-30 12:30:00-04:00,12.46500015258789,12.537500381469727,12.40999984741211,12.515000343322754,161610,0.0,0.0
2023-06-30 13:30:00-04:00,12.510000228881836,12.524999618530273,12.432499885559082,12.475000381469727,194107,0.0,0.0
2023-06-30 14:30:00-04:00,12.470000267028809,12.529999732971191,12.422499656677246,12.489999771118164,217103,0.0,0.0
2023-06-30 15:30:00-04:00,12.489999771118164,12.59000015258789,12.420000076293945,12.5600004196167,443478,0.0,0.0
2023-07-03 09:30:00-04:00,12.5600004196167,12.9399995803833,12.489999771118164,12.90999984741211,297448,0.0,0.0
2023-07-03 10:30:00-04:00,12.90999984741211,13.03499984741211,12.892499923706055,12.994999885559082,247922,0.0,0.0
2023-07-03 11:30:00-04:00,12.989999771118164,13.109999656677246,12.975000381469727,13.069999694824219,285349,0.0,0.0
2023-07-05 09:30:00-04:00,13.0,13.0,12.680000305175781,12.805000305175781,324417,0.0,0.0
2023-07-05 10:30:00-04:00,12.805000305175781,13.175000190734863,12.805000305175781,13.170000076293945,223614,0.0,0.0
2023-07-05 11:30:00-04:00,13.180000305175781,13.229999542236328,13.085000038146973,13.104999542236328,133655,0.0,0.0
2023-07-05 12:30:00-04:00,13.100000381469727,13.1850004196167,13.09000015258789,13.15999984741211,182008,0.0,0.0
2023-07-05 13:30:00-04:00,13.154999732971191,13.204999923706055,13.069999694824219,13.074999809265137,232124,0.0,0.0
2023-07-05 14:30:00-04:00,13.079999923706055,13.164999961853027,13.069999694824219,13.114999771118164,269978,0.0,0.0
2023-07-05 15:30:00-04:00,13.114999771118164,13.119999885559082,13.0,13.005000114440918,428332,0.0,0.0
2023-07-06 09:30:00-04:00,12.649999618530273,12.779999732971191,12.484999656677246,12.569999694824219,863155,0.0,0.0
2023-07-06 10:30:00-04:00,12.5600004196167,12.670000076293945,12.494999885559082,12.569999694824219,314177,0.0,0.0
2023-07-06 11:30:00-04:00,12.569999694824219,12.6850004196167,12.568099975585938,12.635000228881836,157322,0.0,0.0
2023-07-06 12:30:00-04:00,12.640000343322754,12.765000343322754,12.619999885559082,12.765000343322754,94807,0.0,0.0
2023-07-06 13:30:00-04:00,12.770000457763672,12.899999618530273,12.770000457763672,12.859999656677246,134989,0.0,0.0
2023-07-06 14:30:00-04:00,12.859999656677246,12.90999984741211,12.760000228881836,12.869999885559082,469157,0.0,0.0
2023-07-06 15:30:00-04:00,12.869000434875488,12.930000305175781,12.835000038146973,12.859999656677246,483765,0.0,0.0
2023-07-07 09:30:00-04:00,12.850000381469727,13.149999618530273,12.800000190734863,13.100000381469727,705426,0.0,0.0
2023-07-07 10:30:00-04:00,13.09000015258789,13.420000076293945,13.050000190734863,13.420000076293945,383261,0.0,0.0
2023-07-07 11:30:00-04:00,13.420000076293945,13.579999923706055,13.404999732971191,13.579999923706055,229839,0.0,0.0
2023-07-07 12:30:00-04:00,13.579999923706055,13.859999656677246,13.555000305175781,13.850000381469727,545789,0.0,0.0
2023-07-07 13:30:00-04:00,13.845000267028809,13.845000267028809,13.65999984741211,13.6850004196167,387464,0.0,0.0
2023-07-07 14:30:00-04:00,13.6850004196167,13.710000038146973,13.600000381469727,13.670000076293945,357229,0.0,0.0
2023-07-07 15:30:00-04:00,13.675000190734863,13.699999809265137,13.59000015258789,13.59000015258789,496872,0.0,0.0
2023-07-10 09:30:00-04:00,13.430000305175781,13.770000457763672,13.289999961853027,13.670000076293945,606822,0.0,0.0
2023-07-10 10:30:00-04:00,13.664999961853027,13.739999771118164,13.569999694824219,13.664999961853027,245534,0.0,0.0
2023-07-10 11:30:00-04:00,13.65999984741211,13.720000267028809,13.609999656677246,13.625,149451,0.0,0.0
2023-07-10 12:30:00-04:00,13.625,13.6850004196167,13.600000381469727,13.630000114440918,145505,0.0,0.0
2023-07-10 13:30:00-04:00,13.630000114440918,13.699999809265137,13.625,13.664999961853027,159893,0.0,0.0
2023-07-10 14:30:00-04:00,13.664999961853027,13.697500228881836,13.539999961853027,13.555000305175781,284916,0.0,0.0
2023-07-10 15:30:00-04:00,13.555000305175781,13.609999656677246,13.539999961853027,13.550000190734863,740834,0.0,0.0
2023-07-11 09:30:00-04:00,13.739999771118164,13.859999656677246,13.520000457763672,13.84000015258789,642160,0.0,0.0
2023-07-11 10:30:00-04:00,13.84000015258789,13.84000015258789,13.710000038146973,13.800000190734863,171072,0.0,0.0
2023-07-11 11:30:00-04:00,13.800000190734863,13.829999923706055,13.739999771118164,13.765000343322754,158445,0.0,0.0
2023-07-11 12:30:00-04:00,13.765000343322754,13.824999809265137,13.710000038146973,13.795000076293945,174743,0.0,0.0
2023-07-11 13:30:00-04:00,13.795000076293945,13.895000457763672,13.779999732971191,13.869500160217285,171746,0.0,0.0
2023-07-11 14:30:00-04:00,13.864999771118164,13.9399995803833,13.850000381469727,13.904999732971191,171383,0.0,0.0
2023-07-11 15:30:00-04:00,13.904999732971191,13.979999542236328,13.890000343322754,13.930000305175781,370176,0.0,0.0
2023-07-12 09:30:00-04:00,14.289999961853027,14.475000381469727,14.0600004196167,14.100000381469727,525326,0.0,0.0
2023-07-12 10:30:00-04:00,14.100000381469727,14.149999618530273,13.890000343322754,13.975000381469727,274670,0.0,0.0
2023-07-12 11:30:00-04:00,13.970000267028809,14.03499984741211,13.899999618530273,13.975000381469727,253229,0.0,0.0
2023-07-12 12:30:00-04:00,13.975000381469727,14.050000190734863,13.930000305175781,13.984999656677246,169250,0.0,0.0
2023-07-12 13:30:00-04:00,13.984999656677246,14.010000228881836,13.949999809265137,13.970000267028809,166693,0.0,0.0
2023-07-12 14:30:00-04:00,13.96500015258789,13.979999542236328,13.800000190734863,13.824999809265137,220312,0.0,0.0
2023-07-12 15:30:00-04:00,13.819999694824219,13.84000015258789,13.640000343322754,13.649999618530273,741082,0.0,0.0
2023-07-13 09:30:00-04:00,13.699999809265137,13.829999923706055,13.600000381469727,13.800000190734863,490591,0.0,0.0
2023-07-13 10:30:00-04:00,13.8100004196167,13.904999732971191,13.729999542236328,13.869999885559082,233891,0.0,0.0
2023-07-13 11:30:00-04:00,13.869999885559082,13.920000076293945,13.829999923706055,13.84000015258789,317379,0.0,0.0
2023-07-13 12:30:00-04:00,13.850000381469727,13.944999694824219,13.835000038146973,13.899999618530273,187593,0.0,0.0
2023-07-13 13:30:00-04:00,13.899999618530273,13.9399995803833,13.859999656677246,13.930000305175781,145015,0.0,0.0
2023-07-13 14:30:00-04:00,13.9350004196167,13.960000038146973,13.890000343322754,13.944999694824219,323623,0.0,0.0
2023-07-13 15:30:00-04:00,13.944999694824219,13.994999885559082,13.9399995803833,13.970000267028809,438302,0.0,0.0
2023-07-14 09:30:00-04:00,13.949999809265137,13.949999809265137,13.630000114440918,13.654999732971191,467738,0.0,0.0
2023-07-14 10:30:00-04:00,13.65999984741211,13.765000343322754,13.595000267028809,13.675000190734863,456661,0.0,0.0
2023-07-14 11:30:00-04:00,13.680000305175781,13.734999656677246,13.635000228881836,13.699999809265137,283609,0.0,0.0
2023-07-14 12:30:00-04:00,13.694999694824219,13.71500015258789,13.654999732971191,13.654999732971191,162826,0.0,0.0
2023-07-14 13:30:00-04:00,13.649999618530273,13.654999732971191,13.579999923706055,13.614999771118164,227376,0.0,0.0
2023-07-14 14:30:00-04:00,13.614999771118164,13.640000343322754,13.481200218200684,13.494999885559082,661274,0.0,0.0
2023-07-14 15:30:00-04:00,13.494999885559082,13.5600004196167,13.484999656677246,13.539999961853027,955533,0.0,0.0
2023-07-17 09:30:00-04:00,13.539999961853027,13.545000076293945,13.28499984741211,13.454999923706055,563802,0.0,0.0
2023-07-17 10:30:00-04:00,13.460000038146973,13.510000228881836,13.380000114440918,13.46500015258789,260852,0.0,0.0
2023-07-17 11:30:00-04:00,13.46500015258789,13.529999732971191,13.4399995803833,13.479999542236328,188204,0.0,0.0
2023-07-17 12:30:00-04:00,13.484999656677246,13.524999618530273,13.460000038146973,13.479999542236328,166702,0.0,0.0
2023-07-17 13:30:00-04:00,13.479999542236328,13.522100448608398,13.454999923706055,13.475000381469727,206043,0.0,0.0
2023-07-17 14:30:00-04:00,13.470000267028809,13.510000228881836,13.454999923706055,13.46500015258789,328984,0.0,0.0
2023-07-17 15:30:00-04:00,13.46500015258789,13.53499984741211,13.460000038146973,13.475000381469727,587190,0.0,0.0
2023-07-18 09:30:00-04:00,13.5600004196167,13.970000267028809,13.5,13.859999656677246,749623,0.0,0.0
2023-07-18 10:30:00-04:00,13.869999885559082,13.895000457763672,13.574999809265137,13.699999809265137,610939,0.0,0.0
2023-07-18 11:30:00-04:00,13.704999923706055,13.704999923706055,13.470000267028809,13.555000305175781,147579,0.0,0.0
2023-07-18 12:30:00-04:00,13.550000190734863,13.670000076293945,13.505000114440918,13.600000381469727,180365,0.0,0.0
2023-07-18 13:30:00-04:00,13.600000381469727,13.670000076293945,13.555000305175781,13.670000076293945,134409,0.0,0.0
2023-07-18 14:30:00-04:00,13.664999961853027,13.765000343322754,13.654999732971191,13.755000114440918,179315,0.0,0.0
2023-07-18 15:30:00-04:00,13.760000228881836,13.779999732971191,13.71500015258789,13.760000228881836,224129,0.0,0.0
2023-07-19 09:30:00-04:00,13.989999771118164,14.050000190734863,13.850000381469727,13.949999809265137,398715,0.0,0.0
2023-07-19 10:30:00-04:00,13.960000038146973,14.015000343322754,13.90999984741211,13.984999656677246,141591,0.0,0.0
2023-07-19 11:30:00-04:00,13.989999771118164,14.140000343322754,13.989999771118164,14.109999656677246,410862,0.0,0.0
2023-07-19 12:30:00-04:00,14.100000381469727,14.140000343322754,13.984999656677246,14.020000457763672,219445,0.0,0.0
2023-07-19 13:30:00-04:00,14.020000457763672,14.079999923706055,13.979999542236328,14.039999961853027,282220,0.0,0.0
2023-07-19 14:30:00-04:00,14.039999961853027,14.079999923706055,13.994999885559082,14.03499984741211,304817,0.0,0.0
2023-07-19 15:30:00-04:00,14.03499984741211,14.119999885559082,13.960000038146973,14.119999885559082,432189,0.0,0.0
2023-07-20 09:30:00-04:00,14.069999694824219,14.09000015258789,13.710000038146973,13.8149995803833,231181,0.0,0.0
2023-07-20 10:30:00-04:00,13.829999923706055,13.869999885559082,13.699999809265137,13.75,176736,0.0,0.0
2023-07-20 11:30:00-04:00,13.75,13.795000076293945,13.649999618530273,13.720000267028809,516241,0.0,0.0
2023-07-20 12:30:00-04:00,13.720000267028809,13.729999542236328,13.520000457763672,13.529999732971191,191013,0.0,0.0
2023-07-20 13:30:00-04:00,13.529999732971191,13.574999809265137,13.489999771118164,13.529999732971191,261704,0.0,0.0
2023-07-20 14:30:00-04:00,13.524999618530273,13.630000114440918,13.520099639892578,13.600000381469727,474075,0.0,0.0
2023-07-20 15:30:00-04:00,13.600000381469727,13.6899995803833,13.600000381469727,13.65999984741211,528298,0.0,0.0
2023-07-21 09:30:00-04:00,13.789999961853027,13.800000190734863,13.524999618530273,13.729999542236328,212995,0.0,0.0
2023-07-21 10:30:00-04:00,13.720000267028809,13.8100004196167,13.6899995803833,13.75,227628,0.0,0.0
2023-07-21 11:30:00-04:00,13.755000114440918,13.829999923706055,13.670000076293945,13.765000343322754,152213,0.0,0.0
2023-07-21 12:30:00-04:00,13.770000457763672,13.850000381469727,13.71500015258789,13.779999732971191,87118,0.0,0.0
2023-07-21 13:30:00-04:00,13.779999732971191,13.8100004196167,13.729999542236328,13.760000228881836,73219,0.0,0.0
2023-07-21 14:30:00-04:00,13.765000343322754,13.779999732971191,13.6899995803833,13.734999656677246,129542,0.0,0.0
2023-07-21 15:30:00-04:00,13.734999656677246,13.739999771118164,13.649999618530273,13.6899995803833,260376,0.0,0.0
2023-07-24 09:30:00-04:00,13.680000305175781,14.050000190734863,13.579999923706055,13.829999923706055,143491,0.0,0.0
2023-07-24 10:30:00-04:00,13.8149995803833,13.875,13.725000381469727,13.850000381469727,104682,0.0,0.0
2023-07-24 11:30:00-04:00,13.854999542236328,13.979999542236328,13.8100004196167,13.970000267028809,130019,0.0,0.0
2023-07-24 12:30:00-04:00,13.979999542236328,13.989999771118164,13.890000343322754,13.920000076293945,85072,0.0,0.0
2023-07-24 13:30:00-04:00,13.90999984741211,13.920000076293945,13.835000038146973,13.850000381469727,76709,0.0,0.0
2023-07-24 14:30:00-04:00,13.850000381469727,13.850000381469727,13.755000114440918,13.755000114440918,145481,0.0,0.0
2023-07-24 15:30:00-04:00,13.75,13.800000190734863,13.739999771118164,13.770000457763672,335841,0.0,0.0
2023-07-25 09:30:00-04:00,13.699999809265137,13.869999885559082,13.630000114440918,13.739999771118164,119171,0.0,0.0
2023-07-25 10:30:00-04:00,13.739999771118164,13.829999923706055,13.710000038146973,13.827099800109863,135701,0.0,0.0
2023-07-25 11:30:00-04:00,13.819999694824219,13.875,13.725000381469727,13.725000381469727,220766,0.0,0.0
2023-07-25 12:30:00-04:00,13.729999542236328,13.78499984741211,13.675000190734863,13.71500015258789,75777,0.0,0.0
2023-07-25 13:30:00-04:00,13.71030044555664,13.75,13.6850004196167,13.704999923706055,95510,0.0,0.0
2023-07-25 14:30:00-04:00,13.710000038146973,13.729999542236328,13.579999923706055,13.625,203553,0.0,0.0
2023-07-25 15:30:00-04:00,13.619999885559082,13.619999885559082,13.529999732971191,13.555000305175781,299529,0.0,0.0
2023-07-26 09:30:00-04:00,13.579999923706055,14.0,13.579999923706055,13.890000343322754,193623,0.0,0.0
2023-07-26 10:30:00-04:00,13.899999618530273,13.925000190734863,13.72249984741211,13.760000228881836,221137,0.0,0.0
2023-07-26 11:30:00-04:00,13.770000457763672,13.885000228881836,13.739999771118164,13.885000228881836,105061,0.0,0.0
2023-07-26 12:30:00-04:00,13.880000114440918,13.885000228881836,13.779999732971191,13.8100004196167,110924,0.0,0.0
2023-07-26 13:30:00-04:00,13.8100004196167,13.885000228881836,13.779999732971191,13.859999656677246,113124,0.0,0.0
2023-07-26 14:30:00-04:00,13.869999885559082,13.989999771118164,13.850000381469727,13.904999732971191,305016,0.0,0.0
2023-07-26 15:30:00-04:00,13.904999732971191,14.024999618530273,13.890000343322754,14.010000228881836,358981,0.0,0.0
2023-07-27 09:30:00-04:00,14.020000457763672,14.140000343322754,13.880000114440918,14.079999923706055,384090,0.0,0.0
2023-07-27 10:30:00-04:00,14.079999923706055,14.220000267028809,14.029999732971191,14.050000190734863,460704,0.0,0.0
2023-07-27 11:30:00-04:00,14.045000076293945,14.135000228881836,14.024999618530273,14.079999923706055,273071,0.0,0.0
2023-07-27 12:30:00-04:00,14.085000038146973,14.164999961853027,14.0600004196167,14.09000015258789,99245,0.0,0.0
2023-07-27 13:30:00-04:00,14.09000015258789,14.119999885559082,14.024999618530273,14.045000076293945,339453,0.0,0.0
2023-07-27 14:30:00-04:00,14.045000076293945,14.074999809265137,13.949999809265137,13.975000381469727,699811,0.0,0.0
2023-07-27 15:30:00-04:00,13.975000381469727,14.024999618530273,13.9399995803833,13.960000038146973,916733,0.0,0.0
2023-07-28 09:30:00-04:00,14.1899995803833,14.470000267028809,14.109999656677246,14.305000305175781,300332,0.0,0.0
2023-07-28 10:30:00-04:00,14.305000305175781,14.454999923706055,14.260000228881836,14.420000076293945,354738,0.0,0.0
2023-07-28 11:30:00-04:00,14.420000076293945,14.454999923706055,14.350000381469727,14.390000343322754,129322,0.0,0.0
2023-07-28 12:30:00-04:00,14.390000343322754,14.425000190734863,14.329999923706055,14.369999885559082,162777,0.0,0.0
2023-07-28 13:30:00-04:00,14.380000114440918,14.4399995803833,14.329999923706055,14.4350004196167,158698,0.0,0.0
2023-07-28 14:30:00-04:00,14.430000305175781,14.460000038146973,14.359999656677246,14.369999885559082,174968,0.0,0.0
2023-07-28 15:30:00-04:00,14.369999885559082,14.399999618530273,14.359999656677246,14.385000228881836,298127,0.0,0.0
2023-07-31 09:30:00-04:00,14.369999885559082,14.925000190734863,14.369999885559082,14.880000114440918,337154,0.0,0.0
2023-07-31 10:30:00-04:00,14.875,14.875,14.649999618530273,14.800000190734863,201444,0.0,0.0
2023-07-31 11:30:00-04:00,14.800000190734863,14.805000305175781,14.619999885559082,14.660799980163574,117096,0.0,0.0
2023-07-31 12:30:00-04:00,14.664999961853027,14.699999809265137,14.600000381469727,14.619999885559082,94447,0.0,0.0
2023-07-31 13:30:00-04:00,14.619999885559082,14.670000076293945,14.600000381469727,14.625,68922,0.0,0.0
2023-07-31 14:30:00-04:00,14.625,14.65999984741211,14.579999923706055,14.614999771118164,204103,0.0,0.0
2023-07-31 15:30:00-04:00,14.614999771118164,14.699999809265137,14.569999694824219,14.699999809265137,502164,0.0,0.0
2023-08-01 09:30:00-04:00,14.6899995803833,14.6899995803833,14.170000076293945,14.170000076293945,303894,0.0,0.0
2023-08-01 10:30:00-04:00,14.15999984741211,14.279999732971191,14.100000381469727,14.199999809265137,350693,0.0,0.0
2023-08-01 11:30:00-04:00,14.210000038146973,14.345000267028809,14.199999809265137,14.319999694824219,234271,0.0,0.0
2023-08-01 12:30:00-04:00,14.322500228881836,14.414999961853027,14.3100004196167,14.395000457763672,185027,0.0,0.0
2023-08-01 13:30:00-04:00,14.395000457763672,14.460000038146973,14.380000114440918,14.399999618530273,286920,0.0,0.0
2023-08-01 14:30:00-04:00,14.40999984741211,14.5,14.395000457763672,14.5,303399,0.0,0.0
2023-08-01 15:30:00-04:00,14.5,14.539999961853027,14.390000343322754,14.460000038146973,504857,0.0,0.0
2023-08-02 09:30:00-04:00,13.90999984741211,14.350000381469727,13.779999732971191,14.029999732971191,1008514,0.0,0.0
2023-08-02 10:30:00-04:00,14.03499984741211,14.180000305175781,13.850000381469727,14.020000457763672,672240,0.0,0.0
2023-08-02 11:30:00-04:00,14.020000457763672,14.09000015258789,13.904999732971191,13.994999885559082,440314,0.0,0.0
2023-08-02 12:30:00-04:00,13.994999885559082,14.119999885559082,13.949999809265137,14.085000038146973,192633,0.0,0.0
2023-08-02 13:30:00-04:00,14.085000038146973,14.135000228881836,14.039999961853027,14.104999542236328,155193,0.0,0.0
2023-08-02 14:30:00-04:00,14.109999656677246,14.21500015258789,13.960000038146973,14.210000038146973,422079,0.0,0.0
2023-08-02 15:30:00-04:00,14.210000038146973,14.350000381469727,14.199999809265137,14.229999542236328,960348,0.0,0.0
2023-08-03 09:30:00-04:00,14.220000267028809,14.279999732971191,13.744999885559082,13.805000305175781,527195,0.0,0.0
2023-08-03 10:30:00-04:00,13.8100004196167,14.09000015258789,13.795000076293945,13.875,327635,0.0,0.0
2023-08-03 11:30:00-04:00,13.880000114440918,13.989999771118164,13.859999656677246,13.975000381469727,245836,0.0,0.0
2023-08-03 12:30:00-04:00,13.979999542236328,14.21500015258789,13.979999542236328,14.095000267028809,511879,0.0,0.0
2023-08-03 13:30:00-04:00,14.09000015258789,14.210000038146973,14.029999732971191,14.210000038146973,459369,0.0,0.0
2023-08-03 14:30:00-04:00,14.210000038146973,14.279999732971191,14.130000114440918,14.130000114440918,293547,0.0,0.0
2023-08-03 15:30:00-04:00,14.130000114440918,14.270000457763672,14.125,14.239999771118164,716949,0.0,0.0
2023-08-04 09:30:00-04:00,14.1899995803833,14.444999694824219,14.109999656677246,14.385000228881836,471469,0.0,0.0
2023-08-04 10:30:00-04:00,14.390000343322754,14.449999809265137,14.300000190734863,14.34000015258789,314816,0.0,0.0
2023-08-04 11:30:00-04:00,14.34000015258789,14.420000076293945,14.3149995803833,14.375,260534,0.0,0.0
2023-08-04 12:30:00-04:00,14.375,14.430000305175781,14.345000267028809,14.369999885559082,292382,0.0,0.0
2023-08-04 13:30:00-04:00,14.364999771118164,14.399999618530273,14.194999694824219,14.229999542236328,224008,0.0,0.0
2023-08-04 14:30:00-04:00,14.229999542236328,14.259300231933594,14.154999732971191,14.199999809265137,482369,0.0,0.0
2023-08-04 15:30:00-04:00,14.204999923706055,14.300000190734863,14.204999923706055,14.220000267028809,519310,0.0,0.0
2023-08-07 09:30:00-04:00,14.260000228881836,14.579999923706055,14.260000228881836,14.4399995803833,284248,0.0,0.0
2023-08-07 10:30:00-04:00,14.430000305175781,14.600000381469727,14.430000305175781,14.53499984741211,172269,0.0,0.0
2023-08-07 11:30:00-04:00,14.53499984741211,14.550000190734863,14.449999809265137,14.524999618530273,135906,0.0,0.0
2023-08-07 12:30:00-04:00,14.529999732971191,14.614999771118164,14.520000457763672,14.604999542236328,172283,0.0,0.0
2023-08-07 13:30:00-04:00,14.604999542236328,14.604999542236328,14.515000343322754,14.524999618530273,120946,0.0,0.0
2023-08-07 14:30:00-04:00,14.520000457763672,14.609999656677246,14.520000457763672,14.604999542236328,302235,0.0,0.0
2023-08-07 15:30:00-04:00,14.604999542236328,14.675000190734863,14.59000015258789,14.640000343322754,502511,0.0,0.0
2023-08-08 09:30:00-04:00,13.989999771118164,14.260000228881836,13.90999984741211,14.239999771118164,522437,0.0,0.0
2023-08-08 10:30:00-04:00,14.239999771118164,14.359999656677246,14.170000076293945,14.260000228881836,210268,0.0,0.0
2023-08-08 11:30:00-04:00,14.260000228881836,14.300000190734863,14.199999809265137,14.255000114440918,238170,0.0,0.0
2023-08-08 12:30:00-04:00,14.25,14.40999984741211,14.229999542236328,14.300000190734863,178651,0.0,0.0
2023-08-08 13:30:00-04:00,14.3100004196167,14.395000457763672,14.295000076293945,14.385000228881836,165134,0.0,0.0
2023-08-08 14:30:00-04:00,14.369999885559082,14.399999618530273,14.3100004196167,14.335000038146973,273866,0.0,0.0
2023-08-08 15:30:00-04:00,14.335000038146973,14.369999885559082,14.279999732971191,14.289999961853027,429881,0.0,0.0
2023-08-09 09:30:00-04:00,14.239999771118164,14.239999771118164,13.979999542236328,14.09000015258789,271141,0.0,0.0
2023-08-09 10:30:00-04:00,14.095000267028809,14.109999656677246,13.779999732971191,13.800000190734863,361516,0.0,0.0
2023-08-09 11:30:00-04:00,13.795000076293945,13.890000343322754,13.720000267028809,13.734999656677246,285371,0.0,0.0
2023-08-09 12:30:00-04:00,13.739999771118164,13.899999618530273,13.729999542236328,13.899999618530273,176071,0.0,0.0
2023-08-09 13:30:00-04:00,13.895000457763672,13.954999923706055,13.880000114440918,13.930000305175781,233360,0.0,0.0
2023-08-09 14:30:00-04:00,13.9399995803833,13.960000038146973,13.739999771118164,13.774999618530273,263316,0.0,0.0
2023-08-09 15:30:00-04:00,13.779999732971191,13.78499984741211,13.6899995803833,13.739999771118164,460156,0.0,0.0
2023-08-10 09:30:00-04:00,13.84000015258789,14.170000076293945,13.84000015258789,14.024999618530273,273776,0.0,0.0
2023-08-10 10:30:00-04:00,14.029999732971191,14.029999732971191,13.895000457763672,13.949999809265137,183083,0.0,0.0
2023-08-10 11:30:00-04:00,13.9399995803833,13.949999809265137,13.6899995803833,13.71500015258789,265387,0.0,0.0
2023-08-10 12:30:00-04:00,13.710000038146973,13.755000114440918,13.654999732971191,13.6850004196167,242375,0.0,0.0
2023-08-10 13:30:00-04:00,13.6850004196167,13.765000343322754,13.635000228881836,13.729999542236328,229577,0.0,0.0
2023-08-10 14:30:00-04:00,13.734999656677246,13.75,13.654999732971191,13.654999732971191,220595,0.0,0.0
2023-08-10 15:30:00-04:00,13.654999732971191,13.65999984741211,13.585000038146973,13.649999618530273,545712,0.0,0.0
2023-08-11 09:30:00-04:00,13.5,13.710000038146973,13.5,13.699999809265137,136763,0.0,0.0
2023-08-11 10:30:00-04:00,13.710000038146973,13.779999732971191,13.609999656677246,13.614999771118164,161784,0.0,0.0
2023-08-11 11:30:00-04:00,13.619999885559082,13.65999984741211,13.5600004196167,13.635000228881836,89596,0.0,0.0
2023-08-11 12:30:00-04:00,13.630000114440918,13.670000076293945,13.609999656677246,13.670000076293945,125279,0.0,0.0
2023-08-11 13:30:00-04:00,13.680000305175781,13.729999542236328,13.625,13.699999809265137,110303,0.0,0.0
2023-08-11 14:30:00-04:00,13.704999923706055,13.729999542236328,13.680000305175781,13.699999809265137,123578,0.0,0.0
2023-08-11 15:30:00-04:00,13.699999809265137,13.725000381469727,13.680000305175781,13.6899995803833,225096,0.0,0.0
2023-08-14 09:30:00-04:00,13.569999694824219,13.590999603271484,13.34000015258789,13.444999694824219,222653,0.0,0.0
2023-08-14 10:30:00-04:00,13.444999694824219,13.449999809265137,13.25,13.255000114440918,176902,0.0,0.0
2023-08-14 11:30:00-04:00,13.260000228881836,13.329999923706055,13.1850004196167,13.2475004196167,186981,0.0,0.0
2023-08-14 12:30:00-04:00,13.260000228881836,13.380000114440918,13.255000114440918,13.335000038146973,188968,0.0,0.0
2023-08-14 13:30:00-04:00,13.335000038146973,13.350099563598633,13.170000076293945,13.204999923706055,221295,0.0,0.0
2023-08-14 14:30:00-04:00,13.204999923706055,13.300000190734863,13.1899995803833,13.28499984741211,195883,0.0,0.0
2023-08-14 15:30:00-04:00,13.28499984741211,13.359999656677246,13.28499984741211,13.34000015258789,320085,0.0,0.0
2023-08-15 09:30:00-04:00,13.09000015258789,13.140000343322754,12.918000221252441,12.994999885559082,289754,0.0,0.0
2023-08-15 10:30:00-04:00,12.989999771118164,13.050000190734863,12.900099754333496,13.0,107324,0.0,0.0
2023-08-15 11:30:00-04:00,13.0,13.0600004196167,12.954999923706055,12.979999542236328,158846,0.0,0.0
2023-08-15 12:30:00-04:00,12.979999542236328,12.984999656677246,12.859999656677246,12.880000114440918,95333,0.0,0.0
2023-08-15 13:30:00-04:00,12.875,12.895000457763672,12.822500228881836,12.835000038146973,77894,0.0,0.0
2023-08-15 14:30:00-04:00,12.829999923706055,12.890000343322754,12.802499771118164,12.802499771118164,122619,0.0,0.0
2023-08-15 15:30:00-04:00,12.800000190734863,12.90999984741211,12.779999732971191,12.869999885559082,334623,0.0,0.0
2023-08-16 09:30:00-04:00,12.8100004196167,13.0,12.789999961853027,12.869999885559082,233623,0.0,0.0
2023-08-16 10:30:00-04:00,12.880000114440918,12.9399995803833,12.850000381469727,12.925000190734863,140643,0.0,0.0
2023-08-16 11:30:00-04:00,12.930000305175781,12.96500015258789,12.899999618530273,12.9399995803833,110112,0.0,0.0
2023-08-16 12:30:00-04:00,12.930000305175781,12.979999542236328,12.869999885559082,12.880000114440918,97681,0.0,0.0
2023-08-16 13:30:00-04:00,12.890000343322754,12.954999923706055,12.854999542236328,12.944999694824219,116580,0.0,0.0
2023-08-16 14:30:00-04:00,12.944999694824219,12.970000267028809,12.800000190734863,12.819999694824219,239681,0.0,0.0
2023-08-16 15:30:00-04:00,12.829999923706055,12.930000305175781,12.819999694824219,12.869999885559082,392750,0.0,0.0
2023-08-17 09:30:00-04:00,12.869999885559082,13.104999542236328,12.8100004196167,13.069999694824219,271305,0.0,0.0
2023-08-17 10:30:00-04:00,13.069999694824219,13.145000457763672,13.050000190734863,13.09000015258789,247175,0.0,0.0
2023-08-17 11:30:00-04:00,13.085000038146973,13.100000381469727,13.029999732971191,13.087499618530273,89309,0.0,0.0
2023-08-17 12:30:00-04:00,13.085000038146973,13.085000038146973,12.975000381469727,12.989999771118164,128844,0.0,0.0
2023-08-17 13:30:00-04:00,12.989999771118164,13.074999809265137,12.989999771118164,13.067500114440918,106886,0.0,0.0
2023-08-17 14:30:00-04:00,13.0649995803833,13.069999694824219,13.005000114440918,13.0649995803833,161952,0.0,0.0
2023-08-17 15:30:00-04:00,13.0649995803833,13.085000038146973,12.869999885559082,12.869999885559082,473015,0.0,0.0
2023-08-18 09:30:00-04:00,12.720000267028809,12.960000038146973,12.6899995803833,12.930000305175781,224346,0.0,0.0
2023-08-18 10:30:00-04:00,12.930000305175781,12.984999656677246,12.890000343322754,12.949999809265137,103177,0.0,0.0
2023-08-18 11:30:00-04:00,12.949999809265137,13.130000114440918,12.920000076293945,13.045000076293945,213899,0.0,0.0
2023-08-18 12:30:00-04:00,13.045000076293945,13.079999923706055,12.9399995803833,12.979999542236328,75783,0.0,0.0
2023-08-18 13:30:00-04:00,12.979999542236328,13.010000228881836,12.970000267028809,12.984999656677246,62586,0.0,0.0
2023-08-18 14:30:00-04:00,12.989999771118164,13.024999618530273,12.949999809265137,12.975000381469727,104647,0.0,0.0
2023-08-18 15:30:00-04:00,12.970000267028809,13.0600004196167,12.895000457763672,12.949999809265137,607340,0.0,0.0
2023-08-21 09:30:00-04:00,12.979999542236328,12.979999542236328,12.699999809265137,12.725000381469727,193206,0.0,0.0
2023-08-21 10:30:00-04:00,12.725000381469727,12.789999961853027,12.670000076293945,12.680000305175781,158667,0.0,0.0
2023-08-21 11:30:00-04:00,12.6850004196167,12.759900093078613,12.630000114440918,12.744999885559082,97046,0.0,0.0
2023-08-21 12:30:00-04:00,12.744999885559082,12.760000228881836,12.6899995803833,12.755000114440918,69355,0.0,0.0
2023-08-21 13:30:00-04:00,12.755000114440918,12.774999618530273,12.734999656677246,12.774999618530273,196085,0.0,0.0
2023-08-21 14:30:00-04:00,12.770000457763672,12.829999923706055,12.720000267028809,12.800000190734863,251920,0.0,0.0
2023-08-21 15:30:00-04:00,12.805000305175781,12.819999694824219,12.779999732971191,12.779999732971191,471292,0.0,0.0
2023-08-22 09:30:00-04:00,12.90999984741211,12.970000267028809,12.6899995803833,12.729999542236328,289772,0.0,0.0
2023-08-22 10:30:00-04:00,12.729999542236328,12.850000381469727,12.6899995803833,12.84000015258789,139087,0.0,0.0
2023-08-22 11:30:00-04:00,12.845000267028809,12.930000305175781,12.819999694824219,12.854999542236328,363340,0.0,0.0
2023-08-22 12:30:00-04:00,12.854999542236328,12.914999961853027,12.850000381469727,12.864999771118164,178220,0.0,0.0
2023-08-22 13:30:00-04:00,12.869999885559082,12.885000228881836,12.800000190734863,12.859999656677246,248817,0.0,0.0
2023-08-22 14:30:00-04:00,12.859999656677246,12.96500015258789,12.859999656677246,12.920000076293945,138993,0.0,0.0
2023-08-22 15:30:00-04:00,12.920000076293945,12.960000038146973,12.897500038146973,12.949999809265137,350703,0.0,0.0
2023-08-23 09:30:00-04:00,13.100000381469727,13.100000381469727,12.84000015258789,12.989999771118164,133953,0.0,0.0
2023-08-23 10:30:00-04:00,13.0,13.114999771118164,12.994999885559082,13.100000381469727,67881,0.0,0.0
2023-08-23 11:30:00-04:00,13.095000267028809,13.175000190734863,13.095000267028809,13.154999732971191,85386,0.0,0.0
2023-08-23 12:30:00-04:00,13.15999984741211,13.244999885559082,13.149999618530273,13.239999771118164,67688,0.0,0.0
2023-08-23 13:30:00-04:00,13.25,13.430000305175781,13.25,13.380000114440918,176524,0.0,0.0
2023-08-23 14:30:00-04:00,13.390000343322754,13.460000038146973,13.350000381469727,13.4350004196167,206491,0.0,0.0
2023-08-23 15:30:00-04:00,13.4350004196167,13.539999961853027,13.399999618530273,13.529999732971191,599694,0.0,0.0
2023-08-24 09:30:00-04:00,13.489999771118164,13.885000228881836,13.449999809265137,13.694999694824219,215514,0.0,0.0
2023-08-24 10:30:00-04:00,13.694999694824219,13.720000267028809,13.59000015258789,13.625,176879,0.0,0.0
2023-08-24 11:30:00-04:00,13.625,13.635000228881836,13.5649995803833,13.579999923706055,142013,0.0,0.0
2023-08-24 12:30:00-04:00,13.59000015258789,13.625,13.510000228881836,13.515000343322754,108374,0.0,0.0
2023-08-24 13:30:00-04:00,13.520000457763672,13.550000190734863,13.449999809265137,13.484999656677246,89033,0.0,0.0
2023-08-24 14:30:00-04:00,13.489999771118164,13.510000228881836,13.46500015258789,13.484999656677246,94825,0.0,0.0
2023-08-24 15:30:00-04:00,13.484999656677246,13.520000457763672,13.449999809265137,13.449999809265137,230191,0.0,0.0
2023-08-25 09:30:00-04:00,13.609999656677246,13.710000038146973,13.479999542236328,13.539999961853027,110787,0.0,0.0
2023-08-25 10:30:00-04:00,13.529999732971191,13.574999809265137,13.40999984741211,13.520000457763672,173720,0.0,0.0
2023-08-25 11:30:00-04:00,13.520000457763672,13.524999618530273,13.324999809265137,13.425000190734863,92933,0.0,0.0
2023-08-25 12:30:00-04:00,13.425000190734863,13.449999809265137,13.260000228881836,13.28499984741211,95725,0.0,0.0
2023-08-25 13:30:00-04:00,13.279999732971191,13.359999656677246,13.229999542236328,13.359999656677246,101308,0.0,0.0
2023-08-25 14:30:00-04:00,13.369999885559082,13.4350004196167,13.345000267028809,13.399999618530273,84839,0.0,0.0
2023-08-25 15:30:00-04:00,13.404999732971191,13.40999984741211,13.300000190734863,13.319999694824219,176883,0.0,0.0
2023-08-28 09:30:00-04:00,13.479999542236328,13.770000457763672,13.40999984741211,13.720000267028809,187753,0.0,0.0
2023-08-28 10:30:00-04:00,13.744999885559082,13.854999542236328,13.710000038146973,13.760000228881836,159280,0.0,0.0
2023-08-28 11:30:00-04:00,13.755000114440918,13.8149995803833,13.6899995803833,13.770000457763672,142695,0.0,0.0
2023-08-28 12:30:00-04:00,13.765000343322754,13.789999961853027,13.699999809265137,13.699999809265137,84767,0.0,0.0
2023-08-28 13:30:00-04:00,13.699999809265137,13.739999771118164,13.635000228881836,13.640000343322754,107414,0.0,0.0
2023-08-28 14:30:00-04:00,13.635000228881836,13.664999961853027,13.600000381469727,13.65999984741211,152542,0.0,0.0
2023-08-28 15:30:00-04:00,13.649999618530273,13.670000076293945,13.569999694824219,13.600000381469727,541640,0.0,0.0
2023-08-29 09:30:00-04:00,13.630000114440918,13.789999961853027,13.399999618530273,13.75,224896,0.0,0.0
2023-08-29 10:30:00-04:00,13.744999885559082,13.84000015258789,13.720000267028809,13.78499984741211,181342,0.0,0.0
2023-08-29 11:30:00-04:00,13.789999961853027,13.869999885559082,13.770000457763672,13.8149995803833,130732,0.0,0.0
2023-08-29 12:30:00-04:00,13.8149995803833,13.859999656677246,13.774999618530273,13.84000015258789,75147,0.0,0.0
2023-08-29 13:30:00-04:00,13.835000038146973,13.84000015258789,13.770000457763672,13.795000076293945,190467,0.0,0.0
2023-08-29 14:30:00-04:00,13.795000076293945,13.819999694824219,13.729999542236328,13.79010009765625,225862,0.0,0.0
2023-08-29 15:30:00-04:00,13.795000076293945,13.8149995803833,13.760000228881836,13.800000190734863,403151,0.0,0.0
2023-08-30 09:30:00-04:00,13.800000190734863,13.885000228881836,13.725000381469727,13.819999694824219,152325,0.0,0.0
2023-08-30 10:30:00-04:00,13.835000038146973,13.880000114440918,13.694999694824219,13.739999771118164,114833,0.0,0.0
2023-08-30 11:30:00-04:00,13.744999885559082,13.835000038146973,13.729999542236328,13.829999923706055,99784,0.0,0.0
2023-08-30 12:30:00-04:00,13.829999923706055,13.929900169372559,13.824999809265137,13.869999885559082,119619,0.0,0.0
2023-08-30 13:30:00-04:00,13.880000114440918,13.944999694824219,13.819999694824219,13.835000038146973,141131,0.0,0.0
2023-08-30 14:30:00-04:00,13.835000038146973,13.914999961853027,13.832500457763672,13.869999885559082,143386,0.0,0.0
2023-08-30 15:30:00-04:00,13.875,13.890000343322754,13.78499984741211,13.800000190734863,442652,0.0,0.0
2023-08-31 09:30:00-04:00,13.859999656677246,13.904999732971191,13.739999771118164,13.829999923706055,111510,0.0,0.0
2023-08-31 10:30:00-04:00,13.829999923706055,13.859999656677246,13.774999618530273,13.835000038146973,123344,0.0,0.0
2023-08-31 11:30:00-04:00,13.829999923706055,13.829999923706055,13.75,13.755000114440918,141177,0.0,0.0
2023-08-31 12:30:00-04:00,13.75,13.797499656677246,13.680000305175781,13.770000457763672,93622,0.0,0.0
2023-08-31 13:30:00-04:00,13.779999732971191,13.8100004196167,13.760000228881836,13.760000228881836,101038,0.0,0.0
2023-08-31 14:30:00-04:00,13.770000457763672,13.779999732971191,13.670000076293945,13.71500015258789,102859,0.0,0.0
2023-08-31 15:30:00-04:00,13.71500015258789,13.729999542236328,13.65999984741211,13.65999984741211,468408,0.0,0.0
2023-09-01 09:30:00-04:00,13.819999694824219,13.979999542236328,13.819999694824219,13.954999923706055,294382,0.0,0.0
2023-09-01 10:30:00-04:00,13.960000038146973,14.045000076293945,13.895000457763672,13.975000381469727,207400,0.0,0.0
2023-09-01 11:30:00-04:00,13.984999656677246,14.020000457763672,13.90999984741211,13.984999656677246,639408,0.0,0.0
2023-09-01 12:30:00-04:00,13.979999542236328,14.03499984741211,13.960000038146973,13.994999885559082,828138,0.0,0.0
2023-09-01 13:30:00-04:00,13.989999771118164,14.079999923706055,13.989999771118164,14.0600004196167,169313,0.0,0.0
2023-09-01 14:30:00-04:00,14.055000305175781,14.09000015258789,14.039999961853027,14.0600004196167,293610,0.0,0.0
2023-09-01 15:30:00-04:00,14.0600004196167,14.09000015258789,13.960000038146973,14.029999732971191,674417,0.0,0.0
2023-09-05 09:30:00-04:00,13.640000343322754,13.869999885559082,13.640000343322754,13.8100004196167,272601,0.0,0.0
2023-09-05 10:30:00-04:00,13.8100004196167,13.890000343322754,13.720000267028809,13.850000381469727,142992,0.0,0.0
2023-09-05 11:30:00-04:00,13.850000381469727,13.989999771118164,13.805000305175781,13.970000267028809,181258,0.0,0.0
2023-09-05 12:30:00-04:00,13.960000038146973,13.970000267028809,13.850000381469727,13.850000381469727,101146,0.0,0.0
2023-09-05 13:30:00-04:00,13.850000381469727,13.930000305175781,13.805000305175781,13.824999809265137,152032,0.0,0.0
2023-09-05 14:30:00-04:00,13.829999923706055,13.880000114440918,13.789999961853027,13.845000267028809,263775,0.0,0.0
2023-09-05 15:30:00-04:00,13.845000267028809,13.869999885559082,13.770000457763672,13.789999961853027,388213,0.0,0.0
2023-09-06 09:30:00-04:00,13.84000015258789,13.925000190734863,13.75,13.789999961853027,128726,0.0,0.0
2023-09-06 10:30:00-04:00,13.789999961853027,13.800000190734863,13.510000228881836,13.579999923706055,176979,0.0,0.0
2023-09-06 11:30:00-04:00,13.585000038146973,13.765000343322754,13.539999961853027,13.729999542236328,126506,0.0,0.0
2023-09-06 12:30:00-04:00,13.729999542236328,13.805000305175781,13.710000038146973,13.760000228881836,81233,0.0,0.0
2023-09-06 13:30:00-04:00,13.765000343322754,13.779999732971191,13.710000038146973,13.770000457763672,92217,0.0,0.0
2023-09-06 14:30:00-04:00,13.774999618530273,13.84000015258789,13.729999542236328,13.835000038146973,298463,0.0,0.0
2023-09-06 15:30:00-04:00,13.835000038146973,13.878800392150879,13.829999923706055,13.845000267028809,242580,0.0,0.0
2023-09-07 09:30:00-04:00,13.729999542236328,13.84000015258789,13.65999984741211,13.704999923706055,124270,0.0,0.0
2023-09-07 10:30:00-04:00,13.704999923706055,13.755000114440918,13.609999656677246,13.720000267028809,186668,0.0,0.0
2023-09-07 11:30:00-04:00,13.75,13.920000076293945,13.739999771118164,13.895000457763672,87250,0.0,0.0
2023-09-07 12:30:00-04:00,13.895000457763672,13.920000076293945,13.819999694824219,13.880000114440918,50473,0.0,0.0
2023-09-07 13:30:00-04:00,13.885000228881836,13.887499809265137,13.829999923706055,13.84000015258789,45314,0.0,0.0
2023-09-07 14:30:00-04:00,13.829999923706055,13.850000381469727,13.805000305175781,13.84000015258789,66863,0.0,0.0
2023-09-07 15:30:00-04:00,13.84000015258789,13.869999885559082,13.789999961853027,13.850000381469727,276038,0.0,0.0
2023-09-08 09:30:00-04:00,13.8100004196167,13.880000114440918,13.529999732971191,13.595000267028809,171585,0.0,0.0
2023-09-08 10:30:00-04:00,13.59000015258789,13.734999656677246,13.581000328063965,13.675000190734863,206862,0.0,0.0
2023-09-08 11:30:00-04:00,13.670000076293945,13.710000038146973,13.630000114440918,13.6899995803833,123715,0.0,0.0
2023-09-08 12:30:00-04:00,13.692000389099121,13.710000038146973,13.579999923706055,13.579999923706055,327459,0.0,0.0
2023-09-08 13:30:00-04:00,13.59000015258789,13.699999809265137,13.5600004196167,13.699999809265137,143088,0.0,0.0
2023-09-08 14:30:00-04:00,13.694999694824219,13.779999732971191,13.680000305175781,13.770000457763672,130754,0.0,0.0
2023-09-08 15:30:00-04:00,13.765000343322754,13.805000305175781,13.729999542236328,13.739999771118164,333787,0.0,0.0
2023-09-11 09:30:00-04:00,13.850000381469727,13.9399995803833,13.600000381469727,13.720000267028809,180182,0.0,0.0
2023-09-11 10:30:00-04:00,13.720000267028809,13.760000228881836,13.670000076293945,13.6899995803833,251570,0.0,0.0
2023-09-11 11:30:00-04:00,13.6899995803833,13.729999542236328,13.630000114440918,13.699999809265137,178446,0.0,0.0
2023-09-11 12:30:00-04:00,13.697500228881836,13.720000267028809,13.675000190734863,13.680000305175781,159732,0.0,0.0
2023-09-11 13:30:00-04:00,13.680000305175781,13.729999542236328,13.640000343322754,13.670000076293945,142149,0.0,0.0
2023-09-11 14:30:00-04:00,13.670000076293945,13.6899995803833,13.609999656677246,13.614999771118164,143851,0.0,0.0
2023-09-11 15:30:00-04:00,13.614999771118164,13.614999771118164,13.475000381469727,13.5600004196167,321762,0.0,0.0
2023-09-12 09:30:00-04:00,13.460000038146973,13.640000343322754,13.399999618530273,13.420000076293945,185552,0.0,0.0
2023-09-12 10:30:00-04:00,13.420000076293945,13.449999809265137,13.3149995803833,13.4350004196167,125952,0.0,0.0
2023-09-12 11:30:00-04:00,13.4399995803833,13.510000228881836,13.430000305175781,13.454999923706055,164864,0.0,0.0
2023-09-12 12:30:00-04:00,13.449999809265137,13.505000114440918,13.390000343322754,13.489999771118164,125750,0.0,0.0
2023-09-12 13:30:00-04:00,13.489999771118164,13.520000457763672,13.4350004196167,13.4399995803833,141102,0.0,0.0
2023-09-12 14:30:00-04:00,13.4399995803833,13.479999542236328,13.4350004196167,13.449999809265137,202373,0.0,0.0
2023-09-12 15:30:00-04:00,13.449999809265137,13.457500457763672,13.350000381469727,13.420000076293945,361376,0.0,0.0
2023-09-13 09:30:00-04:00,13.430000305175781,13.449999809265137,13.109999656677246,13.34000015258789,158042,0.0,0.0
2023-09-13 10:30:00-04:00,13.335000038146973,13.444999694824219,13.335000038146973,13.364999771118164,202645,0.0,0.0
2023-09-13 11:30:00-04:00,13.359999656677246,13.380000114440918,13.1899995803833,13.194999694824219,216151,0.0,0.0
2023-09-13 12:30:00-04:00,13.1899995803833,13.204999923706055,13.039999961853027,13.039999961853027,163738,0.0,0.0
2023-09-13 13:30:00-04:00,13.045000076293945,13.069999694824219,12.744999885559082,12.755000114440918,308443,0.0,0.0
2023-09-13 14:30:00-04:00,12.755000114440918,12.845000267028809,12.675000190734863,12.779999732971191,437004,0.0,0.0
2023-09-13 15:30:00-04:00,12.779999732971191,13.010000228881836,12.779999732971191,12.9399995803833,663786,0.0,0.0
2023-09-14 09:30:00-04:00,13.1899995803833,13.4399995803833,13.1899995803833,13.34000015258789,456928,0.0,0.0
2023-09-14 10:30:00-04:00,13.329999923706055,13.329999923706055,13.130000114440918,13.260000228881836,190211,0.0,0.0
2023-09-14 11:30:00-04:00,13.265000343322754,13.390000343322754,13.255000114440918,13.359999656677246,108531,0.0,0.0
2023-09-14 12:30:00-04:00,13.354999542236328,13.369999885559082,13.335000038146973,13.364999771118164,71327,0.0,0.0
2023-09-14 13:30:00-04:00,13.359999656677246,13.420000076293945,13.350000381469727,13.380000114440918,106234,0.0,0.0
2023-09-14 14:30:00-04:00,13.385000228881836,13.4399995803833,13.335000038146973,13.335000038146973,149766,0.0,0.0
2023-09-14 15:30:00-04:00,13.329999923706055,13.369999885559082,13.3100004196167,13.369999885559082,495525,0.0,0.0
2023-09-15 09:30:00-04:00,13.220000267028809,13.345000267028809,13.050000190734863,13.279999732971191,691733,0.0,0.0
2023-09-15 10:30:00-04:00,13.270000457763672,13.289999961853027,13.149999618530273,13.149999618530273,160097,0.0,0.0
2023-09-15 11:30:00-04:00,13.149999618530273,13.225000381469727,13.09000015258789,13.204999923706055,304760,0.0,0.0
2023-09-15 12:30:00-04:00,13.210000038146973,13.239999771118164,13.15999984741211,13.175000190734863,129712,0.0,0.0
2023-09-15 13:30:00-04:00,13.175000190734863,13.329999923706055,13.164999961853027,13.324999809265137,150448,0.0,0.0
2023-09-15 14:30:00-04:00,13.329999923706055,13.430000305175781,13.329999923706055,13.345000267028809,235361,0.0,0.0
2023-09-15 15:30:00-04:00,13.345000267028809,13.510000228881836,13.319999694824219,13.5,816835,0.0,0.0
2023-09-18 09:30:00-04:00,13.5,13.59000015258789,13.079999923706055,13.510000228881836,307054,0.0,0.0
2023-09-18 10:30:00-04:00,13.515000343322754,13.680000305175781,13.489999771118164,13.53499984741211,302665,0.0,0.0
2023-09-18 11:30:00-04:00,13.539999961853027,13.539999961853027,13.460000038146973,13.484999656677246,166948,0.0,0.0
2023-09-18 12:30:00-04:00,13.484999656677246,13.510000228881836,13.470000267028809,13.484999656677246,117037,0.0,0.0
2023-09-18 13:30:00-04:00,13.484999656677246,13.494999885559082,13.40999984741211,13.4399995803833,211901,0.0,0.0
2023-09-18 14:30:00-04:00,13.4350004196167,13.444999694824219,13.369999885559082,13.404999732971191,194440,0.0,0.0
2023-09-18 15:30:00-04:00,13.404999732971191,13.420000076293945,13.34000015258789,13.40999984741211,417299,0.0,0.0
2023-09-19 09:30:00-04:00,13.430000305175781,13.664999961853027,13.369999885559082,13.619999885559082,358029,0.0,0.0
2023-09-19 10:30:00-04:00,13.625,13.6850004196167,13.529999732971191,13.550000190734863,214055,0.0,0.0
2023-09-19 11:30:00-04:00,13.550000190734863,13.600000381469727,13.53499984741211,13.569999694824219,111216,0.0,0.0
2023-09-19 12:30:00-04:00,13.5649995803833,13.585000038146973,13.539999961853027,13.5600004196167,102089,0.0,0.0
2023-09-19 13:30:00-04:00,13.5600004196167,13.578700065612793,13.524999618530273,13.53499984741211,123425,0.0,0.0
2023-09-19 14:30:00-04:00,13.529999732971191,13.5649995803833,13.510000228881836,13.539999961853027,361840,0.0,0.0
2023-09-19 15:30:00-04:00,13.53499984741211,13.600000381469727,13.489999771118164,13.505000114440918,604262,0.0,0.0
2023-09-20 09:30:00-04:00,13.680000305175781,14.015000343322754,13.600000381469727,13.949999809265137,296197,0.0,0.0
2023-09-20 10:30:00-04:00,13.949999809265137,14.024999618530273,13.864999771118164,13.875,477145,0.0,0.0
2023-09-20 11:30:00-04:00,13.869999885559082,13.875,13.75,13.755000114440918,119137,0.0,0.0
2023-09-20 12:30:00-04:00,13.760000228881836,13.859999656677246,13.755000114440918,13.800000190734863,245075,0.0,0.0
2023-09-20 13:30:00-04:00,13.800000190734863,13.805000305175781,13.680000305175781,13.765000343322754,171879,0.0,0.0
2023-09-20 14:30:00-04:00,13.765000343322754,13.8149995803833,13.510000228881836,13.520000457763672,292277,0.0,0.0
2023-09-20 15:30:00-04:00,13.520000457763672,13.524999618530273,13.395000457763672,13.510000228881836,433311,0.0,0.0
2023-09-21 09:30:00-04:00,13.34000015258789,13.529999732971191,13.19950008392334,13.255000114440918,527243,0.0,0.0
2023-09-21 10:30:00-04:00,13.255000114440918,13.305000305175781,13.085000038146973,13.104999542236328,385363,0.0,0.0
2023-09-21 11:30:00-04:00,13.109999656677246,13.270000457763672,13.0649995803833,13.085000038146973,414471,0.0,0.0
2023-09-21 12:30:00-04:00,13.074999809265137,13.079899787902832,12.760000228881836,12.835000038146973,465115,0.0,0.0
2023-09-21 13:30:00-04:00,12.84000015258789,12.949999809265137,12.734999656677246,12.734999656677246,647491,0.0,0.0
2023-09-21 14:30:00-04:00,12.732000350952148,12.732000350952148,12.600000381469727,12.630000114440918,472171,0.0,0.0
2023-09-21 15:30:00-04:00,12.635000228881836,12.720000267028809,12.545000076293945,12.579999923706055,872439,0.0,0.0
2023-09-22 09:30:00-04:00,12.630000114440918,12.800000190734863,12.239999771118164,12.555000305175781,751393,0.0,0.0
2023-09-22 10:30:00-04:00,12.555000305175781,12.755000114440918,12.53499984741211,12.640000343322754,324203,0.0,0.0
2023-09-22 11:30:00-04:00,12.630000114440918,12.75,12.609999656677246,12.630000114440918,211464,0.0,0.0
2023-09-22 12:30:00-04:00,12.63129997253418,12.75,12.614999771118164,12.739999771118164,182141,0.0,0.0
2023-09-22 13:30:00-04:00,12.729999542236328,12.779999732971191,12.680000305175781,12.720000267028809,359510,0.0,0.0
2023-09-22 14:30:00-04:00,12.725000381469727,12.779999732971191,12.710000038146973,12.774999618530273,317102,0.0,0.0
2023-09-22 15:30:00-04:00,12.774999618530273,12.779999732971191,12.619999885559082,12.619999885559082,523186,0.0,0.0
2023-09-25 09:30:00-04:00,12.510000228881836,12.739999771118164,12.449999809265137,12.595000267028809,570207,0.0,0.0
2023-09-25 10:30:00-04:00,12.59000015258789,12.699999809265137,12.454999923706055,12.550000190734863,359154,0.0,0.0
2023-09-25 11:30:00-04:00,12.555000305175781,12.739999771118164,12.555000305175781,12.734999656677246,179213,0.0,0.0
2023-09-25 12:30:00-04:00,12.729999542236328,12.744999885559082,12.645000457763672,12.65999984741211,167582,0.0,0.0
2023-09-25 13:30:00-04:00,12.654999732971191,12.720000267028809,12.630000114440918,12.71500015258789,190300,0.0,0.0
2023-09-25 14:30:00-04:00,12.720000267028809,12.755000114440918,12.645000457763672,12.739999771118164,273847,0.0,0.0
2023-09-25 15:30:00-04:00,12.734999656677246,12.779999732971191,12.680000305175781,12.75,699398,0.0,0.0
2023-09-26 09:30:00-04:00,12.550000190734863,12.824999809265137,12.489999771118164,12.630000114440918,558145,0.0,0.0
2023-09-26 10:30:00-04:00,12.630000114440918,12.720000267028809,12.600000381469727,12.625,229489,0.0,0.0
2023-09-26 11:30:00-04:00,12.619999885559082,12.670000076293945,12.579999923706055,12.595000267028809,176926,0.0,0.0
2023-09-26 12:30:00-04:00,12.59000015258789,12.649999618530273,12.585000038146973,12.600000381469727,144391,0.0,0.0
2023-09-26 13:30:00-04:00,12.600000381469727,12.614999771118164,12.510000228881836,12.515000343322754,219838,0.0,0.0
2023-09-26 14:30:00-04:00,12.515000343322754,12.579999923706055,12.399999618530273,12.4350004196167,246960,0.0,0.0
2023-09-26 15:30:00-04:00,12.430000305175781,12.5600004196167,12.430000305175781,12.470000267028809,555364,0.0,0.0
2023-09-27 09:30:00-04:00,12.649999618530273,12.824999809265137,12.520000457763672,12.765000343322754,250929,0.0,0.0
2023-09-27 10:30:00-04:00,12.760000228881836,12.78499984741211,12.539999961853027,12.569999694824219,147131,0.0,0.0
2023-09-27 11:30:00-04:00,12.569999694824219,12.585000038146973,12.395000457763672,12.4350004196167,273180,0.0,0.0
2023-09-27 12:30:00-04:00,12.430000305175781,12.457500457763672,12.210000038146973,12.225000381469727,228429,0.0,0.0
2023-09-27 13:30:00-04:00,12.220000267028809,12.430000305175781,12.220000267028809,12.430000305175781,202606,0.0,0.0
2023-09-27 14:30:00-04:00,12.430000305175781,12.524999618530273,12.425000190734863,12.484999656677246,263240,0.0,0.0
2023-09-27 15:30:00-04:00,12.484999656677246,12.5,12.420000076293945,12.449999809265137,457374,0.0,0.0
2023-09-28 09:30:00-04:00,12.3100004196167,12.510000228881836,12.239999771118164,12.350000381469727,388153,0.0,0.0
2023-09-28 10:30:00-04:00,12.34000015258789,12.539999961853027,12.279999732971191,12.524999618530273,240733,0.0,0.0
2023-09-28 11:30:00-04:00,12.529999732971191,12.734999656677246,12.524999618530273,12.729999542236328,243418,0.0,0.0
2023-09-28 12:30:00-04:00,12.729999542236328,12.729999542236328,12.609999656677246,12.640000343322754,146407,0.0,0.0
2023-09-28 13:30:00-04:00,12.630000114440918,12.670000076293945,12.585000038146973,12.664999961853027,203279,0.0,0.0
2023-09-28 14:30:00-04:00,12.664999961853027,12.664999961853027,12.5649995803833,12.635000228881836,214250,0.0,0.0
2023-09-28 15:30:00-04:00,12.640000343322754,12.664999961853027,12.545000076293945,12.609999656677246,505764,0.0,0.0
2023-09-29 09:30:00-04:00,12.890000343322754,12.9399995803833,12.720000267028809,12.739999771118164,331901,0.0,0.0
2023-09-29 10:30:00-04:00,12.734999656677246,12.859999656677246,12.704999923706055,12.805000305175781,177884,0.0,0.0
2023-09-29 11:30:00-04:00,12.789999961853027,12.859999656677246,12.739999771118164,12.797499656677246,181279,0.0,0.0
2023-09-29 12:30:00-04:00,12.795000076293945,12.8100004196167,12.65999984741211,12.729999542236328,255801,0.0,0.0
2023-09-29 13:30:00-04:00,12.729999542236328,12.744999885559082,12.65999984741211,12.6899995803833,230205,0.0,0.0
2023-09-29 14:30:00-04:00,12.6850004196167,12.845000267028809,12.6850004196167,12.744999885559082,208096,0.0,0.0
2023-09-29 15:30:00-04:00,12.744999885559082,12.789999961853027,12.704999923706055,12.770000457763672,359305,0.0,0.0
2023-10-02 09:30:00-04:00,12.729999542236328,12.829999923706055,12.5,12.510000228881836,257225,0.0,0.0
2023-10-02 10:30:00-04:00,12.515000343322754,12.569999694824219,12.420000076293945,12.524999618530273,214999,0.0,0.0
2023-10-02 11:30:00-04:00,12.539999961853027,12.555000305175781,12.395000457763672,12.449999809265137,130029,0.0,0.0
2023-10-02 12:30:00-04:00,12.449999809265137,12.531399726867676,12.4350004196167,12.529999732971191,168415,0.0,0.0
2023-10-02 13:30:00-04:00,12.520000457763672,12.539999961853027,12.404999732971191,12.40999984741211,495891,0.0,0.0
2023-10-02 14:30:00-04:00,12.40999984741211,12.449999809265137,12.25,12.34000015258789,350377,0.0,0.0
2023-10-02 15:30:00-04:00,12.34000015258789,12.380000114440918,12.3149995803833,12.34000015258789,356079,0.0,0.0
2023-10-03 09:30:00-04:00,12.15999984741211,12.239999771118164,11.760000228881836,11.770000457763672,357821,0.0,0.0
2023-10-03 10:30:00-04:00,11.765000343322754,11.885000228881836,11.734999656677246,11.8100004196167,457540,0.0,0.0
2023-10-03 11:30:00-04:00,11.800000190734863,11.90999984741211,11.670000076293945,11.875,522250,0.0,0.0
2023-10-03 12:30:00-04:00,11.880000114440918,11.895000457763672,11.72089958190918,11.770000457763672,405550,0.0,0.0
2023-10-03 13:30:00-04:00,11.765000343322754,11.770000457763672,11.640000343322754,11.696100234985352,224403,0.0,0.0
2023-10-03 14:30:00-04:00,11.694999694824219,11.720000267028809,11.619999885559082,11.649999618530273,428223,0.0,0.0
2023-10-03 15:30:00-04:00,11.649999618530273,11.720000267028809,11.600000381469727,11.710000038146973,818783,0.0,0.0
2023-10-04 09:30:00-04:00,11.8100004196167,11.930000305175781,11.6850004196167,11.770000457763672,312324,0.0,0.0
2023-10-04 10:30:00-04:00,11.770000457763672,11.845000267028809,11.699999809265137,11.835000038146973,436676,0.0,0.0
2023-10-04 11:30:00-04:00,11.829999923706055,11.930000305175781,11.779999732971191,11.824999809265137,189066,0.0,0.0
2023-10-04 12:30:00-04:00,11.824999809265137,11.890000343322754,11.765000343322754,11.805000305175781,699174,0.0,0.0
2023-10-04 13:30:00-04:00,11.800000190734863,11.904999732971191,11.78499984741211,11.880000114440918,187205,0.0,0.0
2023-10-04 14:30:00-04:00,11.890000343322754,12.005000114440918,11.851099967956543,11.944999694824219,224160,0.0,0.0
2023-10-04 15:30:00-04:00,11.944999694824219,12.045000076293945,11.944999694824219,12.0,422043,0.0,0.0
2023-10-05 09:30:00-04:00,11.979999542236328,12.154999732971191,11.880000114440918,12.0600004196167,219887,0.0,0.0
2023-10-05 10:30:00-04:00,12.050000190734863,12.0649995803833,11.899999618530273,11.904999732971191,356922,0.0,0.0
2023-10-05 11:30:00-04:00,11.899999618530273,12.079999923706055,11.864999771118164,12.0649995803833,215579,0.0,0.0
2023-10-05 12:30:00-04:00,12.0649995803833,12.079999923706055,11.90999984741211,11.981100082397461,188876,0.0,0.0
2023-10-05 13:30:00-04:00,11.984999656677246,12.130000114440918,11.949999809265137,12.130000114440918,191277,0.0,0.0
2023-10-05 14:30:00-04:00,12.140000343322754,12.15999984741211,12.0649995803833,12.074999809265137,281316,0.0,0.0
2023-10-05 15:30:00-04:00,12.074999809265137,12.1899995803833,12.074999809265137,12.180000305175781,475361,0.0,0.0
2023-10-06 09:30:00-04:00,12.0600004196167,12.15999984741211,11.3149995803833,11.5,556444,0.0,0.0
2023-10-06 10:30:00-04:00,11.520000457763672,11.680000305175781,11.470000267028809,11.670000076293945,506802,0.0,0.0
2023-10-06 11:30:00-04:00,11.670000076293945,11.960000038146973,11.664999961853027,11.845000267028809,272672,0.0,0.0
2023-10-06 12:30:00-04:00,11.845000267028809,11.864999771118164,11.760000228881836,11.864999771118164,252279,0.0,0.0
2023-10-06 13:30:00-04:00,11.869999885559082,11.979999542236328,11.8149995803833,11.975000381469727,251001,0.0,0.0
2023-10-06 14:30:00-04:00,11.975000381469727,12.024999618530273,11.914999961853027,11.9399995803833,225507,0.0,0.0
2023-10-06 15:30:00-04:00,11.944999694824219,11.984999656677246,11.90999984741211,11.90999984741211,387886,0.0,0.0
2023-10-09 09:30:00-04:00,11.600000381469727,11.975000381469727,11.5,11.890000343322754,194726,0.0,0.0
2023-10-09 10:30:00-04:00,11.890000343322754,12.039999961853027,11.835000038146973,12.039999961853027,167477,0.0,0.0
2023-10-09 11:30:00-04:00,12.050000190734863,12.104999542236328,11.9350004196167,11.9399995803833,169460,0.0,0.0
2023-10-09 12:30:00-04:00,11.9399995803833,11.994999885559082,11.899999618530273,11.970000267028809,162359,0.0,0.0
2023-10-09 13:30:00-04:00,11.970000267028809,12.079999923706055,11.954999923706055,12.074999809265137,130073,0.0,0.0
2023-10-09 14:30:00-04:00,12.069999694824219,12.109999656677246,12.0,12.003600120544434,260135,0.0,0.0
2023-10-09 15:30:00-04:00,12.0,12.020000457763672,11.96500015258789,12.020000457763672,482294,0.0,0.0
2023-10-10 09:30:00-04:00,12.029999732971191,12.225000381469727,11.989999771118164,12.1899995803833,203941,0.0,0.0
2023-10-10 10:30:00-04:00,12.199999809265137,12.28499984741211,12.145000457763672,12.229999542236328,429000,0.0,0.0
2023-10-10 11:30:00-04:00,12.229999542236328,12.255000114440918,12.15999984741211,12.194999694824219,280631,0.0,0.0
2023-10-10 12:30:00-04:00,12.194999694824219,12.25,12.140000343322754,12.1899995803833,256438,0.0,0.0
2023-10-10 13:30:00-04:00,12.1899995803833,12.289999961853027,12.15999984741211,12.1850004196167,237845,0.0,0.0
2023-10-10 14:30:00-04:00,12.1899995803833,12.225000381469727,12.145000457763672,12.194999694824219,264045,0.0,0.0
2023-10-10 15:30:00-04:00,12.1899995803833,12.194999694824219,12.119999885559082,12.140000343322754,443337,0.0,0.0
2023-10-11 09:30:00-04:00,12.260000228881836,12.510000228881836,12.229999542236328,12.470000267028809,229530,0.0,0.0
2023-10-11 10:30:00-04:00,12.479999542236328,12.479999542236328,12.260000228881836,12.295000076293945,243188,0.0,0.0
2023-10-11 11:30:00-04:00,12.300000190734863,12.375,12.234999656677246,12.260000228881836,260558,0.0,0.0
2023-10-11 12:30:00-04:00,12.265000343322754,12.324999809265137,12.239999771118164,12.295000076293945,346421,0.0,0.0
2023-10-11 13:30:00-04:00,12.300000190734863,12.489999771118164,12.270000457763672,12.470000267028809,113686,0.0,0.0
2023-10-11 14:30:00-04:00,12.470000267028809,12.529999732971191,12.470000267028809,12.515000343322754,250431,0.0,0.0
2023-10-11 15:30:00-04:00,12.510000228881836,12.520000457763672,12.4399995803833,12.494999885559082,261765,0.0,0.0
2023-10-12 09:30:00-04:00,12.430000305175781,12.430000305175781,12.005000114440918,12.0649995803833,455472,0.0,0.0
2023-10-12 10:30:00-04:00,12.069999694824219,12.15999984741211,12.0600004196167,12.130000114440918,165760,0.0,0.0
2023-10-12 11:30:00-04:00,12.130000114440918,12.210000038146973,12.074999809265137,12.1850004196167,117948,0.0,0.0
2023-10-12 12:30:00-04:00,12.1899995803833,12.225000381469727,12.069999694824219,12.079999923706055,97313,0.0,0.0
2023-10-12 13:30:00-04:00,12.069999694824219,12.09000015258789,11.925000190734863,11.979999542236328,171190,0.0,0.0
2023-10-12 14:30:00-04:00,11.979999542236328,12.050000190734863,11.949999809265137,12.039999961853027,255830,0.0,0.0
2023-10-12 15:30:00-04:00,12.039999961853027,12.09000015258789,12.0,12.0,544218,0.0,0.0
2023-10-13 09:30:00-04:00,12.109999656677246,12.260000228881836,11.779999732971191,11.850000381469727,245908,0.0,0.0
2023-10-13 10:30:00-04:00,11.84000015258789,11.90999984741211,11.770000457763672,11.824999809265137,219780,0.0,0.0
2023-10-13 11:30:00-04:00,11.824999809265137,11.845000267028809,11.734999656677246,11.744999885559082,97920,0.0,0.0
2023-10-13 12:30:00-04:00,11.744999885559082,11.824999809265137,11.694999694824219,11.765000343322754,184431,0.0,0.0
2023-10-13 13:30:00-04:00,11.760000228881836,11.880000114440918,11.760000228881836,11.831500053405762,135441,0.0,0.0
2023-10-13 14:30:00-04:00,11.84000015258789,11.90999984741211,11.84000015258789,11.845000267028809,403153,0.0,0.0
2023-10-13 15:30:00-04:00,11.850000381469727,11.899999618530273,11.845000267028809,11.869999885559082,391613,0.0,0.0
2023-10-16 09:30:00-04:00,12.029999732971191,12.164999961853027,11.904999732971191,12.149999618530273,218021,0.0,0.0
2023-10-16 10:30:00-04:00,12.15999984741211,12.364999771118164,12.154999732971191,12.335000038146973,195356,0.0,0.0
2023-10-16 11:30:00-04:00,12.329999923706055,12.460000038146973,12.289999961853027,12.430000305175781,283088,0.0,0.0
2023-10-16 12:30:00-04:00,12.425000190734863,12.430000305175781,12.289999961853027,12.395000457763672,220809,0.0,0.0
2023-10-16 13:30:00-04:00,12.399999618530273,12.404999732971191,12.319999694824219,12.319999694824219,187377,0.0,0.0
2023-10-16 14:30:00-04:00,12.319999694824219,12.359999656677246,12.270000457763672,12.354999542236328,152608,0.0,0.0
2023-10-16 15:30:00-04:00,12.359999656677246,12.359999656677246,12.300000190734863,12.350000381469727,289824,0.0,0.0
2023-10-17 09:30:00-04:00,12.149999618530273,12.598799705505371,12.149999618530273,12.489999771118164,237718,0.0,0.0
2023-10-17 10:30:00-04:00,12.479999542236328,12.580900192260742,12.40999984741211,12.555000305175781,176077,0.0,0.0
2023-10-17 11:30:00-04:00,12.555000305175781,12.680000305175781,12.555000305175781,12.635000228881836,106773,0.0,0.0
2023-10-17 12:30:00-04:00,12.630000114440918,12.630000114440918,12.53499984741211,12.569999694824219,206567,0.0,0.0
2023-10-17 13:30:00-04:00,12.574999809265137,12.574999809265137,12.489999771118164,12.520000457763672,232210,0.0,0.0
2023-10-17 14:30:00-04:00,12.515000343322754,12.569999694824219,12.489999771118164,12.550100326538086,150427,0.0,0.0
2023-10-17 15:30:00-04:00,12.5600004196167,12.600000381469727,12.520000457763672,12.520000457763672,338178,0.0,0.0
2023-10-18 09:30:00-04:00,12.300000190734863,12.380000114440918,12.109999656677246,12.239999771118164,233734,0.0,0.0
2023-10-18 10:30:00-04:00,12.239999771118164,12.3100004196167,12.100000381469727,12.199999809265137,121109,0.0,0.0
2023-10-18 11:30:00-04:00,12.1850004196167,12.220000267028809,12.079999923706055,12.149999618530273,196264,0.0,0.0
2023-10-18 12:30:00-04:00,12.154999732971191,12.15999984741211,12.0600004196167,12.149999618530273,119220,0.0,0.0
2023-10-18 13:30:00-04:00,12.149999618530273,12.244999885559082,12.09000015258789,12.140000343322754,144795,0.0,0.0
2023-10-18 14:30:00-04:00,12.145000457763672,12.175000190734863,12.0600004196167,12.069999694824219,100533,0.0,0.0
2023-10-18 15:30:00-04:00,12.079999923706055,12.100000381469727,12.024999618530273,12.069999694824219,211349,0.0,0.0
2023-10-19 09:30:00-04:00,11.880000114440918,12.09000015258789,11.75,11.970000267028809,160545,0.0,0.0
2023-10-19 10:30:00-04:00,11.960000038146973,11.984999656677246,11.84000015258789,11.96500015258789,383333,0.0,0.0
2023-10-19 11:30:00-04:00,11.96500015258789,12.010000228881836,11.869999885559082,11.90999984741211,214769,0.0,0.0
2023-10-19 12:30:00-04:00,11.920000076293945,11.9399995803833,11.8100004196167,11.880000114440918,233454,0.0,0.0
2023-10-19 13:30:00-04:00,11.895000457763672,11.899999618530273,11.664999961853027,11.670000076293945,211579,0.0,0.0
2023-10-19 14:30:00-04:00,11.664999961853027,11.664999961853027,11.470000267028809,11.484999656677246,131785,0.0,0.0
2023-10-19 15:30:00-04:00,11.489999771118164,11.545000076293945,11.4399995803833,11.479999542236328,471049,0.0,0.0
2023-10-20 09:30:00-04:00,11.510000228881836,11.680000305175781,11.425000190734863,11.479999542236328,226020,0.0,0.0
2023-10-20 10:30:00-04:00,11.475000381469727,11.569999694824219,11.395000457763672,11.430000305175781,200359,0.0,0.0
2023-10-20 11:30:00-04:00,11.420000076293945,11.520000457763672,11.414999961853027,11.444999694824219,134714,0.0,0.0
2023-10-20 12:30:00-04:00,11.449999809265137,11.479999542236328,11.364999771118164,11.430000305175781,160138,0.0,0.0
2023-10-20 13:30:00-04:00,11.4350004196167,11.484999656677246,11.390000343322754,11.4399995803833,251205,0.0,0.0
2023-10-20 14:30:00-04:00,11.430000305175781,11.475000381469727,11.395000457763672,11.444999694824219,187302,0.0,0.0
2023-10-20 15:30:00-04:00,11.449999809265137,11.475000381469727,11.390000343322754,11.399999618530273,314358,0.0,0.0
2023-10-23 09:30:00-04:00,11.270000457763672,11.385000228881836,11.109999656677246,11.220000267028809,239362,0.0,0.0
2023-10-23 10:30:00-04:00,11.220000267028809,11.350000381469727,11.1899995803833,11.295000076293945,176163,0.0,0.0
2023-10-23 11:30:00-04:00,11.295000076293945,11.359999656677246,11.164999961853027,11.220000267028809,174623,0.0,0.0
2023-10-23 12:30:00-04:00,11.220199584960938,11.369999885559082,11.210000038146973,11.265000343322754,269243,0.0,0.0
2023-10-23 13:30:00-04:00,11.265000343322754,11.385000228881836,11.210000038146973,11.265000343322754,275794,0.0,0.0
2023-10-23 14:30:00-04:00,11.270000457763672,11.28499984741211,11.145000457763672,11.154999732971191,287303,0.0,0.0
2023-10-23 15:30:00-04:00,11.154999732971191,11.204999923706055,11.119999885559082,11.149999618530273,597037,0.0,0.0
2023-10-24 09:30:00-04:00,11.329999923706055,11.470000267028809,11.329999923706055,11.4399995803833,197122,0.0,0.0
2023-10-24 10:30:00-04:00,11.449000358581543,11.484999656677246,11.289999961853027,11.350000381469727,297031,0.0,0.0
2023-10-24 11:30:00-04:00,11.34000015258789,11.380000114440918,11.25,11.265000343322754,86826,0.0,0.0
2023-10-24 12:30:00-04:00,11.255000114440918,11.395000457763672,11.255000114440918,11.385000228881836,128709,0.0,0.0
2023-10-24 13:30:00-04:00,11.390000343322754,11.40999984741211,11.350000381469727,11.369999885559082,90400,0.0,0.0
2023-10-24 14:30:00-04:00,11.380000114440918,11.4350004196167,11.369999885559082,11.414999961853027,156862,0.0,0.0
2023-10-24 15:30:00-04:00,11.414999961853027,11.479999542236328,11.399999618530273,11.4350004196167,540376,0.0,0.0
2023-10-25 09:30:00-04:00,11.260000228881836,11.399999618530273,11.024999618530273,11.0600004196167,254136,0.0,0.0
2023-10-25 10:30:00-04:00,11.0600004196167,11.145000457763672,11.045000076293945,11.100000381469727,208180,0.0,0.0
2023-10-25 11:30:00-04:00,11.09000015258789,11.109999656677246,11.010000228881836,11.03499984741211,279791,0.0,0.0
2023-10-25 12:30:00-04:00,11.039999961853027,11.079999923706055,10.960000038146973,11.039999961853027,193188,0.0,0.0
2023-10-25 13:30:00-04:00,11.03499984741211,11.114999771118164,11.020000457763672,11.085000038146973,212360,0.0,0.0
2023-10-25 14:30:00-04:00,11.079999923706055,11.079999923706055,10.954999923706055,10.96500015258789,214249,0.0,0.0
2023-10-25 15:30:00-04:00,10.96500015258789,11.0600004196167,10.96500015258789,11.020000457763672,306106,0.0,0.0
2023-10-26 09:30:00-04:00,11.0600004196167,11.295000076293945,11.0600004196167,11.15999984741211,181927,0.0,0.0
2023-10-26 10:30:00-04:00,11.15999984741211,11.28499984741211,11.114999771118164,11.175000190734863,168008,0.0,0.0
2023-10-26 11:30:00-04:00,11.15999984741211,11.199999809265137,10.890000343322754,10.9399995803833,203160,0.0,0.0
2023-10-26 12:30:00-04:00,10.954999923706055,11.029999732971191,10.90999984741211,11.0,150561,0.0,0.0
2023-10-26 13:30:00-04:00,11.0,11.125,10.960000038146973,11.114999771118164,149100,0.0,0.0
2023-10-26 14:30:00-04:00,11.114999771118164,11.255000114440918,11.104999542236328,11.154999732971191,295067,0.0,0.0
2023-10-26 15:30:00-04:00,11.149999618530273,11.270000457763672,11.145000457763672,11.270000457763672,451004,0.0,0.0
2023-10-27 09:30:00-04:00,11.420000076293945,11.420000076293945,11.095000267028809,11.260000228881836,278364,0.0,0.0
2023-10-27 10:30:00-04:00,11.260000228881836,11.390000343322754,11.220000267028809,11.350000381469727,223192,0.0,0.0
2023-10-27 11:30:00-04:00,11.350000381469727,11.369999885559082,11.25,11.270000457763672,164828,0.0,0.0
2023-10-27 12:30:00-04:00,11.270000457763672,11.279999732971191,11.145000457763672,11.154999732971191,131218,0.0,0.0
2023-10-27 13:30:00-04:00,11.154999732971191,11.154999732971191,11.085000038146973,11.095000267028809,176875,0.0,0.0
2023-10-27 14:30:00-04:00,11.09000015258789,11.145000457763672,11.0600004196167,11.130000114440918,236795,0.0,0.0
2023-10-27 15:30:00-04:00,11.130000114440918,11.170000076293945,11.050000190734863,11.130000114440918,393976,0.0,0.0
2023-10-30 09:30:00-04:00,11.350000381469727,11.5600004196167,11.140000343322754,11.1899995803833,426951,0.0,0.0
2023-10-30 10:30:00-04:00,11.1899995803833,11.21500015258789,11.020000457763672,11.074999809265137,626469,0.0,0.0
2023-10-30 11:30:00-04:00,11.069999694824219,11.100000381469727,10.96500015258789,10.979999542236328,733418,0.0,0.0
2023-10-30 12:30:00-04:00,10.979999542236328,11.1899995803833,10.970000267028809,11.175000190734863,406056,0.0,0.0
2023-10-30 13:30:00-04:00,11.180000305175781,11.244999885559082,11.112000465393066,11.210000038146973,177678,0.0,0.0
2023-10-30 14:30:00-04:00,11.210000038146973,11.3100004196167,11.204999923706055,11.28499984741211,321073,0.0,0.0
2023-10-30 15:30:00-04:00,11.28499984741211,11.3100004196167,11.239999771118164,11.25,496100,0.0,0.0
2023-10-31 09:30:00-04:00,11.430000305175781,11.510000228881836,11.09000015258789,11.1899995803833,535880,0.0,0.0
2023-10-31 10:30:00-04:00,11.204999923706055,11.460000038146973,11.15999984741211,11.425000190734863,285575,0.0,0.0
2023-10-31 11:30:00-04:00,11.430000305175781,11.4399995803833,11.274999618530273,11.295000076293945,176065,0.0,0.0
2023-10-31 12:30:00-04:00,11.300000190734863,11.359999656677246,11.274999618530273,11.289999961853027,214077,0.0,0.0
2023-10-31 13:30:00-04:00,11.289999961853027,11.335000038146973,11.265000343322754,11.265000343322754,160323,0.0,0.0
2023-10-31 14:30:00-04:00,11.265000343322754,11.3100004196167,11.1850004196167,11.199999809265137,588280,0.0,0.0
2023-10-31 15:30:00-04:00,11.194999694824219,11.229999542236328,11.15999984741211,11.199999809265137,434470,0.0,0.0
2023-11-01 09:30:00-04:00,11.279999732971191,11.84000015258789,11.260000228881836,11.664999961853027,811022,0.0,0.0
2023-11-01 10:30:00-04:00,11.664999961853027,11.710000038146973,11.375,11.40999984741211,556577,0.0,0.0
2023-11-01 11:30:00-04:00,11.414999961853027,11.609999656677246,11.404999732971191,11.569999694824219,377667,0.0,0.0
2023-11-01 12:30:00-04:00,11.5649995803833,11.574999809265137,11.385000228881836,11.414999961853027,163357,0.0,0.0
2023-11-01 13:30:00-04:00,11.40999984741211,11.489999771118164,11.375,11.479999542236328,180977,0.0,0.0
2023-11-01 14:30:00-04:00,11.479999542236328,11.479999542236328,11.239999771118164,11.369999885559082,351526,0.0,0.0
2023-11-01 15:30:00-04:00,11.375,11.460000038146973,11.354999542236328,11.460000038146973,456288,0.0,0.0
2023-11-02 09:30:00-04:00,11.869999885559082,12.079999923706055,11.670000076293945,11.8100004196167,400557,0.0,0.0
2023-11-02 10:30:00-04:00,11.819999694824219,11.970000267028809,11.779999732971191,11.960000038146973,168843,0.0,0.0
2023-11-02 11:30:00-04:00,11.949999809265137,12.050000190734863,11.944999694824219,11.979999542236328,204423,0.0,0.0
2023-11-02 12:30:00-04:00,11.979999542236328,12.119999885559082,11.975000381469727,12.09000015258789,250584,0.0,0.0
2023-11-02 13:30:00-04:00,12.095000267028809,12.1875,12.095000267028809,12.175000190734863,216420,0.0,0.0
2023-11-02 14:30:00-04:00,12.170000076293945,12.1850004196167,12.119999885559082,12.170000076293945,183410,0.0,0.0
2023-11-02 15:30:00-04:00,12.170000076293945,12.279999732971191,12.168000221252441,12.265000343322754,534720,0.0,0.0
2023-11-03 09:30:00-04:00,12.6899995803833,13.119999885559082,12.65999984741211,12.854999542236328,536887,0.0,0.0
2023-11-03 10:30:00-04:00,12.859999656677246,12.960000038146973,12.819999694824219,12.90999984741211,194940,0.0,0.0
2023-11-03 11:30:00-04:00,12.920000076293945,13.0,12.885000228881836,12.975000381469727,151989,0.0,0.0
2023-11-03 12:30:00-04:00,12.979999542236328,13.039999961853027,12.949999809265137,13.03499984741211,257740,0.0,0.0
2023-11-03 13:30:00-04:00,13.039999961853027,13.0600004196167,12.960000038146973,12.994999885559082,133951,0.0,0.0
2023-11-03 14:30:00-04:00,12.994999885559082,13.029899597167969,12.9399995803833,12.96500015258789,170648,0.0,0.0
2023-11-03 15:30:00-04:00,12.96500015258789,12.994999885559082,12.880000114440918,12.890000343322754,287155,0.0,0.0
2023-11-06 09:30:00-05:00,12.819999694824219,12.829999923706055,12.510000228881836,12.579999923706055,185113,0.0,0.0
2023-11-06 10:30:00-05:00,12.585000038146973,12.664999961853027,12.569999694824219,12.640000343322754,119764,0.0,0.0
2023-11-06 11:30:00-05:00,12.635000228881836,12.71500015258789,12.579999923706055,12.675000190734863,113339,0.0,0.0
2023-11-06 12:30:00-05:00,12.675000190734863,12.729999542236328,12.630000114440918,12.704999923706055,105978,0.0,0.0
2023-11-06 13:30:00-05:00,12.704999923706055,12.71500015258789,12.600099563598633,12.694999694824219,93647,0.0,0.0
2023-11-06 14:30:00-05:00,12.6899995803833,12.734999656677246,12.630000114440918,12.649999618530273,108012,0.0,0.0
2023-11-06 15:30:00-05:00,12.649999618530273,12.680000305175781,12.579999923706055,12.619999885559082,208882,0.0,0.0
2023-11-07 09:30:00-05:00,12.5600004196167,12.619999885559082,12.289999961853027,12.380000114440918,182951,0.0,0.0
2023-11-07 10:30:00-05:00,12.364999771118164,12.399999618530273,12.270000457763672,12.270000457763672,134145,0.0,0.0
2023-11-07 11:30:00-05:00,12.270000457763672,12.305000305175781,12.199999809265137,12.220000267028809,93745,0.0,0.0
2023-11-07 12:30:00-05:00,12.220000267028809,12.229999542236328,12.125,12.15999984741211,111911,0.0,0.0
2023-11-07 13:30:00-05:00,12.15999984741211,12.210000038146973,12.130000114440918,12.135000228881836,77180,0.0,0.0
2023-11-07 14:30:00-05:00,12.135000228881836,12.15999984741211,12.085000038146973,12.140000343322754,169065,0.0,0.0
2023-11-07 15:30:00-05:00,12.140000343322754,12.15999984741211,12.055000305175781,12.079999923706055,442248,0.0,0.0
2023-11-08 09:30:00-05:00,12.140000343322754,12.180000305175781,11.989999771118164,12.03499984741211,93153,0.0,0.0
2023-11-08 10:30:00-05:00,12.024999618530273,12.050000190734863,11.970000267028809,11.979999542236328,75248,0.0,0.0
2023-11-08 11:30:00-05:00,11.979999542236328,12.024999618530273,11.84000015258789,11.845000267028809,81130,0.0,0.0
2023-11-08 12:30:00-05:00,11.84000015258789,11.930000305175781,11.795000076293945,11.930000305175781,276922,0.0,0.0
2023-11-08 13:30:00-05:00,11.9399995803833,11.979999542236328,11.930000305175781,11.970000267028809,112492,0.0,0.0
2023-11-08 14:30:00-05:00,11.970000267028809,11.989999771118164,11.850000381469727,11.954999923706055,298425,0.0,0.0
2023-11-08 15:30:00-05:00,11.949999809265137,12.0649995803833,11.944999694824219,11.994999885559082,221002,0.0,0.0
2023-11-09 09:30:00-05:00,12.109999656677246,12.135000228881836,11.805000305175781,11.880000114440918,411362,0.0,0.0
2023-11-09 10:30:00-05:00,11.890000343322754,11.920000076293945,11.645000457763672,11.654999732971191,257868,0.0,0.0
2023-11-09 11:30:00-05:00,11.649999618530273,11.725000381469727,11.604999542236328,11.649999618530273,201024,0.0,0.0
2023-11-09 12:30:00-05:00,11.649999618530273,11.670000076293945,11.40999984741211,11.40999984741211,206011,0.0,0.0
2023-11-09 13:30:00-05:00,11.40999984741211,11.40999984741211,11.204999923706055,11.260000228881836,203075,0.0,0.0
2023-11-09 14:30:00-05:00,11.265000343322754,11.329999923706055,11.180000305175781,11.234999656677246,253401,0.0,0.0
2023-11-09 15:30:00-05:00,11.234999656677246,11.279999732971191,11.210000038146973,11.25,310858,0.0,0.0
2023-11-10 09:30:00-05:00,11.359999656677246,11.40999984741211,11.119999885559082,11.260600090026855,224978,0.0,0.0
2023-11-10 10:30:00-05:00,11.265000343322754,11.279999732971191,11.140000343322754,11.239999771118164,110613,0.0,0.0
2023-11-10 11:30:00-05:00,11.239999771118164,11.25,11.170000076293945,11.1899995803833,139176,0.0,0.0
2023-11-10 12:30:00-05:00,11.1899995803833,11.265000343322754,11.170000076293945,11.239999771118164,127702,0.0,0.0
2023-11-10 13:30:00-05:00,11.239999771118164,11.270000457763672,11.194999694824219,11.239999771118164,125452,0.0,0.0
2023-11-10 14:30:00-05:00,11.239999771118164,11.265000343322754,11.170000076293945,11.265000343322754,112176,0.0,0.0
2023-11-10 15:30:00-05:00,11.265000343322754,11.3149995803833,11.239999771118164,11.300000190734863,286108,0.0,0.0
2023-11-13 09:30:00-05:00,11.100000381469727,11.140000343322754,10.760000228881836,10.9399995803833,342329,0.0,0.0
2023-11-13 10:30:00-05:00,10.9399995803833,10.989999771118164,10.899999618530273,10.989999771118164,126964,0.0,0.0
2023-11-13 11:30:00-05:00,10.979999542236328,11.010000228881836,10.960000038146973,10.975000381469727,97791,0.0,0.0
2023-11-13 12:30:00-05:00,10.970000267028809,10.975000381469727,10.904999732971191,10.944999694824219,128943,0.0,0.0
2023-11-13 13:30:00-05:00,10.9399995803833,10.984999656677246,10.84000015258789,10.880000114440918,186400,0.0,0.0
2023-11-13 14:30:00-05:00,10.875,10.91919994354248,10.859999656677246,10.885000228881836,282246,0.0,0.0
2023-11-13 15:30:00-05:00,10.880000114440918,10.899999618530273,10.829999923706055,10.829999923706055,616601,0.0,0.0
2023-11-14 09:30:00-05:00,11.510000228881836,12.140000343322754,11.5,12.119999885559082,460664,0.0,0.0
2023-11-14 10:30:00-05:00,12.125,12.395000457763672,12.085000038146973,12.34000015258789,306900,0.0,0.0
2023-11-14 11:30:00-05:00,12.34000015258789,12.345000267028809,12.140000343322754,12.1850004196167,248751,0.0,0.0
2023-11-14 12:30:00-05:00,12.180000305175781,12.229999542236328,12.074999809265137,12.09000015258789,162034,0.0,0.0
2023-11-14 13:30:00-05:00,12.095000267028809,12.204999923706055,12.095000267028809,12.130000114440918,182124,0.0,0.0
2023-11-14 14:30:00-05:00,12.140000343322754,12.164999961853027,12.0600004196167,12.154999732971191,217289,0.0,0.0
2023-11-14 15:30:00-05:00,12.149999618530273,12.199999809265137,12.109999656677246,12.149999618530273,338270,0.0,0.0
2023-11-15 09:30:00-05:00,12.020000457763672,12.614999771118164,12.020000457763672,12.529999732971191,358357,0.0,0.0
2023-11-15 10:30:00-05:00,12.53499984741211,12.550000190734863,12.295000076293945,12.335000038146973,254186,0.0,0.0
2023-11-15 11:30:00-05:00,12.34000015258789,12.345000267028809,12.220000267028809,12.300000190734863,146835,0.0,0.0
2023-11-15 12:30:00-05:00,12.295000076293945,12.3149995803833,12.199999809265137,12.239999771118164,104798,0.0,0.0
2023-11-15 13:30:00-05:00,12.239999771118164,12.289999961853027,12.1850004196167,12.225000381469727,105570,0.0,0.0
2023-11-15 14:30:00-05:00,12.229999542236328,12.260000228881836,12.21500015258789,12.25,159997,0.0,0.0
2023-11-15 15:30:00-05:00,12.25,12.300000190734863,12.229999542236328,12.300000190734863,266062,0.0,0.0
2023-11-16 09:30:00-05:00,12.260000228881836,12.279999732971191,11.78499984741211,11.819999694824219,232998,0.0,0.0
2023-11-16 10:30:00-05:00,11.824999809265137,11.859999656677246,11.640000343322754,11.75,244509,0.0,0.0
2023-11-16 11:30:00-05:00,11.755000114440918,11.837499618530273,11.739999771118164,11.789999961853027,150105,0.0,0.0
2023-11-16 12:30:00-05:00,11.78499984741211,11.869999885559082,11.779999732971191,11.8100004196167,108639,0.0,0.0
2023-11-16 13:30:00-05:00,11.8100004196167,11.829999923706055,11.755000114440918,11.755000114440918,136562,0.0,0.0
2023-11-16 14:30:00-05:00,11.75,11.819999694824219,11.744999885559082,11.770000457763672,145340,0.0,0.0
2023-11-16 15:30:00-05:00,11.770000457763672,11.770000457763672,11.6899995803833,11.6899995803833,227930,0.0,0.0
2023-11-17 09:30:00-05:00,11.859999656677246,11.960000038146973,11.670000076293945,11.850000381469727,240133,0.0,0.0
2023-11-17 10:30:00-05:00,11.84000015258789,11.84000015258789,11.704999923706055,11.704999923706055,126102,0.0,0.0
2023-11-17 11:30:00-05:00,11.699999809265137,11.765000343322754,11.645000457763672,11.725000381469727,89519,0.0,0.0
2023-11-17 12:30:00-05:00,11.725000381469727,11.829999923706055,11.725000381469727,11.774999618530273,93011,0.0,0.0
2023-11-17 13:30:00-05:00,11.774999618530273,11.829999923706055,11.760000228881836,11.819999694824219,114942,0.0,0.0
2023-11-17 14:30:00-05:00,11.8149995803833,11.84000015258789,11.774999618530273,11.824999809265137,102904,0.0,0.0
2023-11-17 15:30:00-05:00,11.824999809265137,11.859999656677246,11.800000190734863,11.819999694824219,227706,0.0,0.0
2023-11-20 09:30:00-05:00,11.8100004196167,11.819999694824219,11.595000267028809,11.760000228881836,124421,0.0,0.0
2023-11-20 10:30:00-05:00,11.760000228881836,11.800000190734863,11.6850004196167,11.779999732971191,196407,0.0,0.0
2023-11-20 11:30:00-05:00,11.776100158691406,11.829999923706055,11.739999771118164,11.75,134792,0.0,0.0
2023-11-20 12:30:00-05:00,11.755000114440918,11.800000190734863,11.710000038146973,11.765000343322754,84350,0.0,0.0
2023-11-20 13:30:00-05:00,11.770000457763672,11.819999694824219,11.770000457763672,11.795000076293945,154980,0.0,0.0
2023-11-20 14:30:00-05:00,11.800000190734863,11.805000305175781,11.755000114440918,11.765000343322754,107197,0.0,0.0
2023-11-20 15:30:00-05:00,11.770000457763672,11.819999694824219,11.760000228881836,11.819999694824219,290441,0.0,0.0
2023-11-21 09:30:00-05:00,11.630000114440918,11.71500015258789,11.274999618530273,11.404999732971191,161163,0.0,0.0
2023-11-21 10:30:00-05:00,11.40999984741211,11.470000267028809,11.40999984741211,11.4399995803833,122070,0.0,0.0
2023-11-21 11:30:00-05:00,11.444999694824219,11.449999809265137,11.364999771118164,11.399999618530273,102675,0.0,0.0
2023-11-21 12:30:00-05:00,11.399999618530273,11.4399995803833,11.390000343322754,11.430000305175781,79470,0.0,0.0
2023-11-21 13:30:00-05:00,11.430000305175781,11.479999542236328,11.399999618530273,11.425000190734863,96144,0.0,0.0
2023-11-21 14:30:00-05:00,11.430000305175781,11.454999923706055,11.354999542236328,11.369999885559082,175360,0.0,0.0
2023-11-21 15:30:00-05:00,11.369999885559082,11.390000343322754,11.329999923706055,11.329999923706055,268074,0.0,0.0
2023-11-22 09:30:00-05:00,11.510000228881836,11.59000015258789,11.350000381469727,11.425000190734863,264769,0.0,0.0
2023-11-22 10:30:00-05:00,11.430000305175781,11.484999656677246,11.390000343322754,11.390000343322754,66568,0.0,0.0
2023-11-22 11:30:00-05:00,11.390000343322754,11.470000267028809,11.359999656677246,11.40999984741211,116476,0.0,0.0
2023-11-22 12:30:00-05:00,11.40999984741211,11.40999984741211,11.350000381469727,11.350000381469727,79777,0.0,0.0
2023-11-22 13:30:00-05:00,11.359999656677246,11.399999618530273,11.350500106811523,11.375,53310,0.0,0.0
2023-11-22 14:30:00-05:00,11.375,11.4399995803833,11.319999694824219,11.4350004196167,155971,0.0,0.0
2023-11-22 15:30:00-05:00,11.4399995803833,11.449999809265137,11.390000343322754,11.390000343322754,162708,0.0,0.0
2023-11-24 09:30:00-05:00,11.369999885559082,11.470000267028809,11.220000267028809,11.380000114440918,238115,0.0,0.0
2023-11-24 10:30:00-05:00,11.390000343322754,11.395000457763672,11.300000190734863,11.3100004196167,81415,0.0,0.0
2023-11-24 11:30:00-05:00,11.3100004196167,11.329999923706055,11.274999618530273,11.305000305175781,56501,0.0,0.0
2023-11-27 09:30:00-05:00,11.260000228881836,11.295000076293945,11.079999923706055,11.265000343322754,155630,0.0,0.0
2023-11-27 10:30:00-05:00,11.270000457763672,11.270000457763672,11.194999694824219,11.265000343322754,122724,0.0,0.0
2023-11-27 11:30:00-05:00,11.270000457763672,11.345000267028809,11.255000114440918,11.335000038146973,148697,0.0,0.0
2023-11-27 12:30:00-05:00,11.335000038146973,11.404999732971191,11.329999923706055,11.390000343322754,136240,0.0,0.0
2023-11-27 13:30:00-05:00,11.385000228881836,11.399999618530273,11.34000015258789,11.385000228881836,151550,0.0,0.0
2023-11-27 14:30:00-05:00,11.385000228881836,11.420000076293945,11.369999885559082,11.380000114440918,160284,0.0,0.0
2023-11-27 15:30:00-05:00,11.380000114440918,11.40999984741211,11.319999694824219,11.350000381469727,211973,0.0,0.0
2023-11-28 09:30:00-05:00,11.289999961853027,11.375,11.09000015258789,11.319999694824219,144204,0.0,0.0
2023-11-28 10:30:00-05:00,11.319999694824219,11.579999923706055,11.300000190734863,11.555000305175781,124548,0.0,0.0
2023-11-28 11:30:00-05:00,11.555000305175781,11.789999961853027,11.555000305175781,11.770000457763672,198858,0.0,0.0
2023-11-28 12:30:00-05:00,11.760000228881836,11.885000228881836,11.739999771118164,11.864999771118164,200810,0.0,0.0
2023-11-28 13:30:00-05:00,11.869999885559082,11.930000305175781,11.84000015258789,11.880000114440918,144455,0.0,0.0
2023-11-28 14:30:00-05:00,11.880000114440918,11.96500015258789,11.869999885559082,11.90999984741211,167726,0.0,0.0
2023-11-28 15:30:00-05:00,11.899999618530273,12.0600004196167,11.895000457763672,12.0600004196167,675608,0.0,0.0
2023-11-29 09:30:00-05:00,12.220000267028809,12.824999809265137,12.220000267028809,12.5,552136,0.0,0.0
2023-11-29 10:30:00-05:00,12.489999771118164,12.510000228881836,12.204999923706055,12.324999809265137,618745,0.0,0.0
2023-11-29 11:30:00-05:00,12.324999809265137,12.345000267028809,12.220000267028809,12.244999885559082,212280,0.0,0.0
2023-11-29 12:30:00-05:00,12.244999885559082,12.329999923706055,12.180000305175781,12.324999809265137,226699,0.0,0.0
2023-11-29 13:30:00-05:00,12.324999809265137,12.345000267028809,12.210000038146973,12.34000015258789,205296,0.0,0.0
2023-11-29 14:30:00-05:00,12.34000015258789,12.399999618530273,12.289999961853027,12.34000015258789,444349,0.0,0.0
2023-11-29 15:30:00-05:00,12.329999923706055,12.380000114440918,12.300000190734863,12.300000190734863,533456,0.0,0.0
2023-11-30 09:30:00-05:00,12.3100004196167,12.395000457763672,12.15999984741211,12.369999885559082,211822,0.0,0.0
2023-11-30 10:30:00-05:00,12.364999771118164,12.460000038146973,12.324999809265137,12.390000343322754,317109,0.0,0.0
2023-11-30 11:30:00-05:00,12.380000114440918,12.399999618530273,12.229999542236328,12.244999885559082,115281,0.0,0.0
2023-11-30 12:30:00-05:00,12.25,12.329999923706055,12.244999885559082,12.279999732971191,114452,0.0,0.0
2023-11-30 13:30:00-05:00,12.270000457763672,12.319999694824219,12.265000343322754,12.295000076293945,159293,0.0,0.0
2023-11-30 14:30:00-05:00,12.289999961853027,12.3100004196167,12.260000228881836,12.265000343322754,326062,0.0,0.0
2023-11-30 15:30:00-05:00,12.265000343322754,12.270000457763672,12.15999984741211,12.220000267028809,474065,0.0,0.0
2023-12-01 09:30:00-05:00,12.229999542236328,12.629899978637695,12.100000381469727,12.619999885559082,311160,0.0,0.0
2023-12-01 10:30:00-05:00,12.619999885559082,13.039999961853027,12.59000015258789,13.03499984741211,520561,0.0,0.0
2023-12-01 11:30:00-05:00,13.03499984741211,13.449999809265137,12.944999694824219,13.345000267028809,539154,0.0,0.0
2023-12-01 12:30:00-05:00,13.34000015258789,13.505000114440918,13.34000015258789,13.354999542236328,298552,0.0,0.0
2023-12-01 13:30:00-05:00,13.350000381469727,13.479999542236328,13.329999923706055,13.4350004196167,293883,0.0,0.0
2023-12-01 14:30:00-05:00,13.430000305175781,13.53499984741211,13.364999771118164,13.420000076293945,428824,0.0,0.0
2023-12-01 15:30:00-05:00,13.420000076293945,13.569999694824219,13.420000076293945,13.5600004196167,621536,0.0,0.0
2023-12-04 09:30:00-05:00,13.520000457763672,13.779999732971191,13.369999885559082,13.6899995803833,389168,0.0,0.0
2023-12-04 10:30:00-05:00,13.6899995803833,13.850000381469727,13.65999984741211,13.710000038146973,368493,0.0,0.0
2023-12-04 11:30:00-05:00,13.699999809265137,13.729999542236328,13.5649995803833,13.5649995803833,239069,0.0,0.0
2023-12-04 12:30:00-05:00,13.5649995803833,13.699999809265137,13.489999771118164,13.574999809265137,230017,0.0,0.0
2023-12-04 13:30:00-05:00,13.569999694824219,13.725000381469727,13.5600004196167,13.675000190734863,230346,0.0,0.0
2023-12-04 14:30:00-05:00,13.680000305175781,13.755000114440918,13.670000076293945,13.680000305175781,271483,0.0,0.0
2023-12-04 15:30:00-05:00,13.680000305175781,13.770000457763672,13.640000343322754,13.760000228881836,586867,0.0,0.0
2023-12-05 09:30:00-05:00,13.6899995803833,13.699999809265137,13.425000190734863,13.470000267028809,232018,0.0,0.0
2023-12-05 10:30:00-05:00,13.479999542236328,13.53499984741211,13.364999771118164,13.460000038146973,244087,0.0,0.0
2023-12-05 11:30:00-05:00,13.460000038146973,13.470000267028809,13.34000015258789,13.354999542236328,144713,0.0,0.0
2023-12-05 12:30:00-05:00,13.350000381469727,13.395000457763672,13.289999961853027,13.375,141996,0.0,0.0
2023-12-05 13:30:00-05:00,13.369999885559082,13.460000038146973,13.330900192260742,13.444999694824219,143392,0.0,0.0
2023-12-05 14:30:00-05:00,13.444999694824219,13.53499984741211,13.420000076293945,13.494999885559082,256007,0.0,0.0
2023-12-05 15:30:00-05:00,13.494999885559082,13.555000305175781,13.470000267028809,13.529999732971191,373510,0.0,0.0
2023-12-06 09:30:00-05:00,13.8100004196167,14.109999656677246,13.600000381469727,14.039999961853027,692701,0.0,0.0
2023-12-06 10:30:00-05:00,14.039999961853027,14.109999656677246,13.960000038146973,14.109999656677246,339268,0.0,0.0
2023-12-06 11:30:00-05:00,14.104999542236328,14.109999656677246,13.930000305175781,13.970000267028809,272427,0.0,0.0
2023-12-06 12:30:00-05:00,13.96500015258789,13.975000381469727,13.84000015258789,13.90999984741211,292562,0.0,0.0
2023-12-06 13:30:00-05:00,13.904999732971191,14.0,13.880000114440918,13.914999961853027,215766,0.0,0.0
2023-12-06 14:30:00-05:00,13.914999961853027,13.960000038146973,13.829999923706055,13.835000038146973,279815,0.0,0.0
2023-12-06 15:30:00-05:00,13.835000038146973,13.869999885559082,13.760000228881836,13.819999694824219,458866,0.0,0.0
2023-12-07 09:30:00-05:00,13.760000228881836,14.180000305175781,13.760000228881836,14.095000267028809,214381,0.0,0.0
2023-12-07 10:30:00-05:00,14.095000267028809,14.095000267028809,13.975000381469727,14.039999961853027,233636,0.0,0.0
2023-12-07 11:30:00-05:00,14.045000076293945,14.074999809265137,13.982500076293945,14.010000228881836,99629,0.0,0.0
2023-12-07 12:30:00-05:00,14.010000228881836,14.100000381469727,14.010000228881836,14.039999961853027,159620,0.0,0.0
2023-12-07 13:30:00-05:00,14.039999961853027,14.1850004196167,14.029999732971191,14.154999732971191,147897,0.0,0.0
2023-12-07 14:30:00-05:00,14.15999984741211,14.210000038146973,14.130000114440918,14.199999809265137,174069,0.0,0.0
2023-12-07 15:30:00-05:00,14.199999809265137,14.210000038146973,14.15999984741211,14.210000038146973,317292,0.0,0.0
2023-12-08 09:30:00-05:00,14.079999923706055,14.210000038146973,13.925000190734863,14.154999732971191,147781,0.0,0.0
2023-12-08 10:30:00-05:00,14.149999618530273,14.1850004196167,14.020000457763672,14.039999961853027,101790,0.0,0.0
2023-12-08 11:30:00-05:00,14.039999961853027,14.154999732971191,14.039999961853027,14.095000267028809,294091,0.0,0.0
2023-12-08 12:30:00-05:00,14.095000267028809,14.140000343322754,14.0600004196167,14.104999542236328,101555,0.0,0.0
2023-12-08 13:30:00-05:00,14.104999542236328,14.229999542236328,14.079999923706055,14.225000381469727,170716,0.0,0.0
2023-12-08 14:30:00-05:00,14.229999542236328,14.279999732971191,14.210000038146973,14.255000114440918,299963,0.0,0.0
2023-12-08 15:30:00-05:00,14.255000114440918,14.399999618530273,14.244999885559082,14.3100004196167,854003,0.0,0.0
2023-12-11 09:30:00-05:00,14.210000038146973,14.289999961853027,14.109999656677246,14.164999961853027,198489,0.0,0.0
2023-12-11 10:30:00-05:00,14.170000076293945,14.274999618530273,14.170000076293945,14.234999656677246,112070,0.0,0.0
2023-12-11 11:30:00-05:00,14.220000267028809,14.354999542236328,14.220000267028809,14.345000267028809,103100,0.0,0.0
2023-12-11 12:30:00-05:00,14.345000267028809,14.399999618530273,14.329999923706055,14.395000457763672,116113,0.0,0.0
2023-12-11 13:30:00-05:00,14.390000343322754,14.4350004196167,14.359999656677246,14.359999656677246,157578,0.0,0.0
2023-12-11 14:30:00-05:00,14.345000267028809,14.345000267028809,14.225000381469727,14.225000381469727,105801,0.0,0.0
2023-12-11 15:30:00-05:00,14.220000267028809,14.225000381469727,14.175000190734863,14.220000267028809,221971,0.0,0.0
2023-12-12 09:30:00-05:00,14.260000228881836,14.260000228881836,13.880000114440918,13.920000076293945,192955,0.0,0.0
2023-12-12 10:30:00-05:00,13.925000190734863,14.024999618530273,13.925000190734863,14.0,118351,0.0,0.0
2023-12-12 11:30:00-05:00,14.0,14.0,13.937899589538574,13.960000038146973,186651,0.0,0.0
2023-12-12 12:30:00-05:00,13.970000267028809,14.041999816894531,13.960000038146973,14.010000228881836,116135,0.0,0.0
2023-12-12 13:30:00-05:00,14.020000457763672,14.09000015258789,14.015000343322754,14.039999961853027,104434,0.0,0.0
2023-12-12 14:30:00-05:00,14.045000076293945,14.050000190734863,13.949999809265137,13.970000267028809,279971,0.0,0.0
2023-12-12 15:30:00-05:00,13.971199989318848,13.989999771118164,13.90999984741211,13.90999984741211,707173,0.0,0.0
2023-12-13 09:30:00-05:00,13.989999771118164,14.069999694824219,13.824999809265137,14.029999732971191,218246,0.0,0.0
2023-12-13 10:30:00-05:00,14.045000076293945,14.15999984741211,14.010000228881836,14.039999961853027,109623,0.0,0.0
2023-12-13 11:30:00-05:00,14.045000076293945,14.090100288391113,14.006699562072754,14.029999732971191,106601,0.0,0.0
2023-12-13 12:30:00-05:00,14.024999618530273,14.050000190734863,13.90999984741211,13.96500015258789,184783,0.0,0.0
2023-12-13 13:30:00-05:00,13.96500015258789,14.40999984741211,13.9399995803833,14.375,371200,0.0,0.0
2023-12-13 14:30:00-05:00,14.380000114440918,14.989999771118164,14.350000381469727,14.819999694824219,548029,0.0,0.0
2023-12-13 15:30:00-05:00,14.8149995803833,14.90999984741211,14.729999542236328,14.729999542236328,900459,0.0,0.0
2023-12-14 09:30:00-05:00,15.40999984741211,16.06999969482422,15.40999984741211,15.8100004196167,702771,0.0,0.0
2023-12-14 10:30:00-05:00,15.8100004196167,16.05500030517578,15.765000343322754,15.975000381469727,277203,0.0,0.0
2023-12-14 11:30:00-05:00,15.979999542236328,16.09000015258789,15.885000228881836,16.049999237060547,239525,0.0,0.0
2023-12-14 12:30:00-05:00,16.040000915527344,16.12420082092285,15.859999656677246,15.930000305175781,221634,0.0,0.0
2023-12-14 13:30:00-05:00,15.9399995803833,15.96500015258789,15.75,15.829999923706055,357843,0.0,0.0
2023-12-14 14:30:00-05:00,15.819999694824219,15.850000381469727,15.710000038146973,15.774999618530273,502435,0.0,0.0
2023-12-14 15:30:00-05:00,15.774999618530273,15.8100004196167,15.694999694824219,15.760000228881836,857772,0.0,0.0
2023-12-15 09:30:00-05:00,15.710000038146973,15.789999961853027,15.164299964904785,15.300000190734863,911152,0.0,0.0
2023-12-15 10:30:00-05:00,15.300000190734863,15.454999923706055,15.260000228881836,15.324999809265137,277457,0.0,0.0
2023-12-15 11:30:00-05:00,15.319999694824219,15.335000038146973,15.204999923706055,15.300000190734863,144436,0.0,0.0
2023-12-15 12:30:00-05:00,15.305000305175781,15.3100004196167,15.164999961853027,15.28499984741211,216090,0.0,0.0
2023-12-15 13:30:00-05:00,15.28499984741211,15.28499984741211,15.145000457763672,15.180000305175781,261652,0.0,0.0
2023-12-15 14:30:00-05:00,15.1850004196167,15.25,15.135000228881836,15.225000381469727,291215,0.0,0.0
2023-12-15 15:30:00-05:00,15.225000381469727,15.329999923706055,15.220000267028809,15.270000457763672,744070,0.0,0.0
2023-12-18 09:30:00-05:00,15.390000343322754,15.390000343322754,15.010000228881836,15.234999656677246,385695,0.0,0.0
2023-12-18 10:30:00-05:00,15.244999885559082,15.295000076293945,15.039999961853027,15.09000015258789,183588,0.0,0.0
2023-12-18 11:30:00-05:00,15.079999923706055,15.175000190734863,15.03499984741211,15.14799976348877,108132,0.0,0.0
2023-12-18 12:30:00-05:00,15.149999618530273,15.244999885559082,15.119999885559082,15.210000038146973,134907,0.0,0.0
2023-12-18 13:30:00-05:00,15.21500015258789,15.279999732971191,15.1899995803833,15.204999923706055,134371,0.0,0.0
2023-12-18 14:30:00-05:00,15.204999923706055,15.204999923706055,14.954999923706055,14.990300178527832,376555,0.0,0.0
2023-12-18 15:30:00-05:00,14.994999885559082,15.069999694824219,14.960000038146973,15.010000228881836,388929,0.0,0.0
2023-12-19 09:30:00-05:00,15.279999732971191,15.319999694824219,15.0600004196167,15.149999618530273,365568,0.0,0.0
2023-12-19 10:30:00-05:00,15.140000343322754,15.225000381469727,15.095000267028809,15.135000228881836,134170,0.0,0.0
2023-12-19 11:30:00-05:00,15.135000228881836,15.1899995803833,15.09000015258789,15.135000228881836,448165,0.0,0.0
2023-12-19 12:30:00-05:00,15.135000228881836,15.199999809265137,15.109999656677246,15.114999771118164,116946,0.0,0.0
2023-12-19 13:30:00-05:00,15.114999771118164,15.154999732971191,15.0649995803833,15.0649995803833,145493,0.0,0.0
2023-12-19 14:30:00-05:00,15.069999694824219,15.1899995803833,15.0,15.180000305175781,1039132,0.0,0.0
2023-12-19 15:30:00-05:00,15.180000305175781,15.180000305175781,15.050000190734863,15.09000015258789,493706,0.0,0.0
2023-12-20 09:30:00-05:00,15.109999656677246,15.270000457763672,15.079999923706055,15.1899995803833,260248,0.0,0.0
2023-12-20 10:30:00-05:00,15.204999923706055,15.680000305175781,15.1899995803833,15.649999618530273,385267,0.0,0.0
2023-12-20 11:30:00-05:00,15.65999984741211,15.770000457763672,15.614999771118164,15.675000190734863,393773,0.0,0.0
2023-12-20 12:30:00-05:00,15.680000305175781,15.800000190734863,15.609999656677246,15.725000381469727,338917,0.0,0.0
2023-12-20 13:30:00-05:00,15.729999542236328,15.875,15.579999923706055,15.6899995803833,483070,0.0,0.0
2023-12-20 14:30:00-05:00,15.6850004196167,15.6899995803833,15.229999542236328,15.34000015258789,355459,0.0,0.0
2023-12-20 15:30:00-05:00,15.34000015258789,15.399999618530273,15.170000076293945,15.180000305175781,497950,0.0,0.0
2023-12-21 09:30:00-05:00,15.449999809265137,15.449999809265137,15.0,15.119999885559082,1081156,0.0,0.0
2023-12-21 10:30:00-05:00,15.135000228881836,15.180000305175781,14.984999656677246,15.010000228881836,202268,0.0,0.0
2023-12-21 11:30:00-05:00,15.010000228881836,15.050000190734863,14.9399995803833,15.005000114440918,151747,0.0,0.0
2023-12-21 12:30:00-05:00,15.0,15.069999694824219,14.930000305175781,14.979999542236328,128821,0.0,0.0
2023-12-21 13:30:00-05:00,14.979999542236328,14.994999885559082,14.904999732971191,14.979999542236328,126572,0.0,0.0
2023-12-21 14:30:00-05:00,14.979999542236328,15.03499984741211,14.875,14.949999809265137,409291,0.0,0.0
2023-12-21 15:30:00-05:00,14.949999809265137,15.100000381469727,14.9399995803833,15.09000015258789,319733,0.0,0.0
2023-12-22 09:30:00-05:00,15.25,15.529999732971191,15.100000381469727,15.211000442504883,211359,0.0,0.0
2023-12-22 10:30:00-05:00,15.210000038146973,15.220000267028809,15.09000015258789,15.109999656677246,124538,0.0,0.0
2023-12-22 11:30:00-05:00,15.109999656677246,15.125,15.010000228881836,15.050000190734863,146273,0.0,0.0
2023-12-22 12:30:00-05:00,15.050000190734863,15.079999923706055,14.970000267028809,15.029999732971191,860794,0.0,0.0
2023-12-22 13:30:00-05:00,15.024999618530273,15.050000190734863,14.979999542236328,14.989999771118164,159508,0.0,0.0
2023-12-22 14:30:00-05:00,14.984999656677246,15.039999961853027,14.930000305175781,15.020000457763672,207927,0.0,0.0
2023-12-22 15:30:00-05:00,15.029999732971191,15.029999732971191,14.96500015258789,14.994999885559082,324473,0.0,0.0
2023-12-26 09:30:00-05:00,15.079999923706055,15.170000076293945,14.960000038146973,15.09000015258789,186804,0.0,0.0
2023-12-26 10:30:00-05:00,15.095000267028809,15.116000175476074,15.020000457763672,15.0649995803833,72744,0.0,0.0
2023-12-26 11:30:00-05:00,15.0649995803833,15.180000305175781,15.0649995803833,15.154999732971191,199165,0.0,0.0
2023-12-26 12:30:00-05:00,15.15999984741211,15.260000228881836,15.135000228881836,15.220000267028809,349249,0.0,0.0
2023-12-26 13:30:00-05:00,15.220000267028809,15.279999732971191,15.1899995803833,15.25,76546,0.0,0.0
2023-12-26 14:30:00-05:00,15.255000114440918,15.300000190734863,15.25,15.270999908447266,111417,0.0,0.0
2023-12-26 15:30:00-05:00,15.270000457763672,15.34000015258789,15.210000038146973,15.220000267028809,316292,0.0,0.0
2023-12-27 09:30:00-05:00,15.1899995803833,15.229999542236328,15.029999732971191,15.069999694824219,172999,0.0,0.0
2023-12-27 10:30:00-05:00,15.069999694824219,15.069999694824219,14.970000267028809,15.039999961853027,2651055,0.0,0.0
2023-12-27 11:30:00-05:00,15.03499984741211,15.085000038146973,15.015000343322754,15.032500267028809,87585,0.0,0.0
2023-12-27 12:30:00-05:00,15.039999961853027,15.079999923706055,14.989999771118164,14.994999885559082,190859,0.0,0.0
2023-12-27 13:30:00-05:00,15.0,15.029999732971191,14.84000015258789,14.859999656677246,617049,0.0,0.0
2023-12-27 14:30:00-05:00,14.859999656677246,14.9350004196167,14.792499542236328,14.852499961853027,265562,0.0,0.0
2023-12-27 15:30:00-05:00,14.852499961853027,14.899999618530273,14.832500457763672,14.899999618530273,725447,0.0,0.0
2023-12-28 09:30:00-05:00,14.649999618530273,14.954999923706055,14.604999542236328,14.930000305175781,263944,0.0,0.0
2023-12-28 10:30:00-05:00,14.930000305175781,14.989999771118164,14.829999923706055,14.904999732971191,156991,0.0,0.0
2023-12-28 11:30:00-05:00,14.90999984741211,14.970000267028809,14.904999732971191,14.925000190734863,90861,0.0,0.0
2023-12-28 12:30:00-05:00,14.925000190734863,14.931599617004395,14.8100004196167,14.818499565124512,116687,0.0,0.0
2023-12-28 13:30:00-05:00,14.819999694824219,14.90999984741211,14.8100004196167,14.869999885559082,211061,0.0,0.0
2023-12-28 14:30:00-05:00,14.864999771118164,14.899999618530273,14.800000190734863,14.8149995803833,192832,0.0,0.0
2023-12-28 15:30:00-05:00,14.819999694824219,14.890000343322754,14.819999694824219,14.84000015258789,630590,0.0,0.0
2023-12-29 09:30:00-05:00,14.760000228881836,14.84000015258789,14.609999656677246,14.670000076293945,222007,0.0,0.0
2023-12-29 10:30:00-05:00,14.670000076293945,14.699999809265137,14.489999771118164,14.574999809265137,531381,0.0,0.0
2023-12-29 11:30:00-05:00,14.574999809265137,14.619999885559082,14.5600004196167,14.609999656677246,166617,0.0,0.0
2023-12-29 12:30:00-05:00,14.609999656677246,14.680000305175781,14.595000267028809,14.619999885559082,136371,0.0,0.0
2023-12-29 13:30:00-05:00,14.619999885559082,14.654999732971191,14.579999923706055,14.609999656677246,128386,0.0,0.0
2023-12-29 14:30:00-05:00,14.609999656677246,14.649999618530273,14.574999809265137,14.640000343322754,192916,0.0,0.0
2023-12-29 15:30:00-05:00,14.640000343322754,14.640000343322754,14.479999542236328,14.505000114440918,673013,0.0,0.0
2024-01-02 09:30:00-05:00,14.699999809265137,14.779999732971191,14.520000457763672,14.720000267028809,654959,0.0,0.0
2024-01-02 10:30:00-05:00,14.720000267028809,14.930000305175781,14.6899995803833,14.899999618530273,307449,0.0,0.0
2024-01-02 11:30:00-05:00,14.899999618530273,15.06779956817627,14.869999885559082,15.0600004196167,182151,0.0,0.0
2024-01-02 12:30:00-05:00,15.0649995803833,15.085000038146973,14.925000190734863,14.954999923706055,243175,0.0,0.0
2024-01-02 13:30:00-05:00,14.949999809265137,14.970000267028809,14.8149995803833,14.84000015258789,247889,0.0,0.0
2024-01-02 14:30:00-05:00,14.84000015258789,14.84000015258789,14.760000228881836,14.795000076293945,344992,0.0,0.0
2024-01-02 15:30:00-05:00,14.795000076293945,14.84000015258789,14.734999656677246,14.84000015258789,643612,0.0,0.0
2024-01-03 09:30:00-05:00,14.640000343322754,14.640000343322754,14.164999961853027,14.1899995803833,476697,0.0,0.0
2024-01-03 10:30:00-05:00,14.1899995803833,14.199999809265137,13.960000038146973,14.140000343322754,308068,0.0,0.0
2024-01-03 11:30:00-05:00,14.149999618530273,14.210000038146973,14.09000015258789,14.149999618530273,123854,0.0,0.0
2024-01-03 12:30:00-05:00,14.149999618530273,14.279999732971191,14.109999656677246,14.270000457763672,153658,0.0,0.0
2024-01-03 13:30:00-05:00,14.270000457763672,14.319999694824219,14.21500015258789,14.3149995803833,144967,0.0,0.0
2024-01-03 14:30:00-05:00,14.319999694824219,14.345000267028809,14.145000457763672,14.199999809265137,324692,0.0,0.0
2024-01-03 15:30:00-05:00,14.199999809265137,14.210000038146973,14.104999542236328,14.1899995803833,568907,0.0,0.0
2024-01-04 09:30:00-05:00,14.09000015258789,14.229999542236328,13.949999809265137,14.175000190734863,246337,0.0,0.0
2024-01-04 10:30:00-05:00,14.175000190734863,14.270000457763672,14.145000457763672,14.260000228881836,187598,0.0,0.0
2024-01-04 11:30:00-05:00,14.260000228881836,14.300000190734863,14.145000457763672,14.154999732971191,246218,0.0,0.0
2024-01-04 12:30:00-05:00,14.149999618530273,14.15999984741211,14.104999542236328,14.145000457763672,146328,0.0,0.0
2024-01-04 13:30:00-05:00,14.149999618530273,14.270000457763672,14.140000343322754,14.239999771118164,192523,0.0,0.0
2024-01-04 14:30:00-05:00,14.234999656677246,14.350000381469727,14.225000381469727,14.345000267028809,215937,0.0,0.0
2024-01-04 15:30:00-05:00,14.345000267028809,14.375,14.25,14.260000228881836,380434,0.0,0.0
2024-01-05 09:30:00-05:00,14.039999961853027,14.489999771118164,13.970000267028809,14.390000343322754,374477,0.0,0.0
2024-01-05 10:30:00-05:00,14.399999618530273,14.510000228881836,14.300000190734863,14.319999694824219,311377,0.0,0.0
2024-01-05 11:30:00-05:00,14.3149995803833,14.329999923706055,14.1899995803833,14.229999542236328,126167,0.0,0.0
2024-01-05 12:30:00-05:00,14.229999542236328,14.295000076293945,14.194999694824219,14.289999961853027,147411,0.0,0.0
2024-01-05 13:30:00-05:00,14.300000190734863,14.380000114440918,14.279999732971191,14.289999961853027,302900,0.0,0.0
2024-01-05 14:30:00-05:00,14.295000076293945,14.300000190734863,14.21500015258789,14.265000343322754,270901,0.0,0.0
2024-01-05 15:30:00-05:00,14.260000228881836,14.3100004196167,14.204999923706055,14.305000305175781,598561,0.0,0.0
2024-01-08 09:30:00-05:00,14.3100004196167,14.654999732971191,14.175000190734863,14.569999694824219,330720,0.0,0.0
2024-01-08 10:30:00-05:00,14.574999809265137,14.619999885559082,14.479999542236328,14.579999923706055,307090,0.0,0.0
2024-01-08 11:30:00-05:00,14.59000015258789,14.640000343322754,14.555000305175781,14.595000267028809,330639,0.0,0.0
2024-01-08 12:30:00-05:00,14.595000267028809,14.640000343322754,14.579999923706055,14.579999923706055,193559,0.0,0.0
2024-01-08 13:30:00-05:00,14.579999923706055,14.664999961853027,14.5649995803833,14.645000457763672,153901,0.0,0.0
2024-01-08 14:30:00-05:00,14.649999618530273,14.710000038146973,14.569999694824219,14.59000015258789,237027,0.0,0.0
2024-01-08 15:30:00-05:00,14.585000038146973,14.640000343322754,14.5600004196167,14.579999923706055,410621,0.0,0.0
2024-01-09 09:30:00-05:00,14.279999732971191,14.380000114440918,14.170000076293945,14.319999694824219,256580,0.0,0.0
2024-01-09 10:30:00-05:00,14.3100004196167,14.319999694824219,14.244999885559082,14.300000190734863,133335,0.0,0.0
2024-01-09 11:30:00-05:00,14.300000190734863,14.34000015258789,14.260000228881836,14.295000076293945,273760,0.0,0.0
2024-01-09 12:30:00-05:00,14.300000190734863,14.345000267028809,14.260000228881836,14.329999923706055,193965,0.0,0.0
2024-01-09 13:30:00-05:00,14.319999694824219,14.390000343322754,14.295000076293945,14.295000076293945,156039,0.0,0.0
2024-01-09 14:30:00-05:00,14.300000190734863,14.3100004196167,14.25,14.25,253568,0.0,0.0
2024-01-09 15:30:00-05:00,14.255000114440918,14.265000343322754,14.1899995803833,14.239999771118164,550510,0.0,0.0
2024-01-10 09:30:00-05:00,14.180000305175781,14.350000381469727,14.180000305175781,14.324999809265137,173210,0.0,0.0
2024-01-10 10:30:00-05:00,14.329999923706055,14.420000076293945,14.3100004196167,14.375,118275,0.0,0.0
2024-01-10 11:30:00-05:00,14.375,14.489500045776367,14.345000267028809,14.449999809265137,119189,0.0,0.0
2024-01-10 12:30:00-05:00,14.444999694824219,14.449999809265137,14.369999885559082,14.390000343322754,103951,0.0,0.0
2024-01-10 13:30:00-05:00,14.395000457763672,14.529999732971191,14.369999885559082,14.520000457763672,151328,0.0,0.0
2024-01-10 14:30:00-05:00,14.524999618530273,14.569999694824219,14.414999961853027,14.414999961853027,207661,0.0,0.0
2024-01-10 15:30:00-05:00,14.40999984741211,14.479999542236328,14.369999885559082,14.475000381469727,351443,0.0,0.0
2024-01-11 09:30:00-05:00,14.319999694824219,14.350000381469727,13.899999618530273,13.975000381469727,265145,0.0,0.0
2024-01-11 10:30:00-05:00,13.979999542236328,14.154999732971191,13.944999694824219,14.104999542236328,174228,0.0,0.0
2024-01-11 11:30:00-05:00,14.100000381469727,14.175000190734863,14.055000305175781,14.109999656677246,212287,0.0,0.0
2024-01-11 12:30:00-05:00,14.109999656677246,14.220000267028809,14.09000015258789,14.164999961853027,201613,0.0,0.0
2024-01-11 13:30:00-05:00,14.170000076293945,14.180000305175781,14.114999771118164,14.149999618530273,196641,0.0,0.0
2024-01-11 14:30:00-05:00,14.149999618530273,14.180000305175781,14.135000228881836,14.149999618530273,234162,0.0,0.0
2024-01-11 15:30:00-05:00,14.149999618530273,14.175000190734863,14.104999542236328,14.149999618530273,477751,0.0,0.0
2024-01-12 09:30:00-05:00,14.4399995803833,14.5,14.270000457763672,14.350000381469727,501565,0.0,0.0
2024-01-12 10:30:00-05:00,14.345000267028809,14.380000114440918,14.194999694824219,14.279999732971191,315408,0.0,0.0
2024-01-12 11:30:00-05:00,14.274999618530273,14.289999961853027,14.229999542236328,14.279999732971191,129283,0.0,0.0
2024-01-12 12:30:00-05:00,14.28499984741211,14.305000305175781,14.225000381469727,14.305000305175781,125291,0.0,0.0
2024-01-12 13:30:00-05:00,14.3100004196167,14.359999656677246,14.265000343322754,14.329999923706055,193795,0.0,0.0
2024-01-12 14:30:00-05:00,14.335000038146973,14.34000015258789,14.279999732971191,14.335000038146973,177829,0.0,0.0
2024-01-12 15:30:00-05:00,14.335000038146973,14.449999809265137,14.319999694824219,14.449999809265137,383584,0.0,0.0
2024-01-16 09:30:00-05:00,14.229999542236328,14.329999923706055,14.050000190734863,14.180999755859375,277116,0.0,0.0
2024-01-16 10:30:00-05:00,14.1850004196167,14.229999542236328,14.069999694824219,14.194999694824219,230186,0.0,0.0
2024-01-16 11:30:00-05:00,14.199999809265137,14.274999618530273,14.180000305175781,14.1850004196167,93805,0.0,0.0
2024-01-16 12:30:00-05:00,14.180000305175781,14.239999771118164,14.140000343322754,14.210000038146973,124514,0.0,0.0
2024-01-16 13:30:00-05:00,14.210000038146973,14.210000038146973,14.045000076293945,14.0600004196167,128250,0.0,0.0
2024-01-16 14:30:00-05:00,14.0600004196167,14.204999923706055,14.050000190734863,14.180000305175781,244706,0.0,0.0
2024-01-16 15:30:00-05:00,14.180000305175781,14.199999809265137,14.109999656677246,14.15999984741211,414350,0.0,0.0
2024-01-17 09:30:00-05:00,13.779999732971191,13.90999984741211,13.670000076293945,13.779999732971191,332532,0.0,0.0
2024-01-17 10:30:00-05:00,13.770999908447266,13.774999618530273,13.460000038146973,13.460000038146973,124650,0.0,0.0
2024-01-17 11:30:00-05:00,13.444999694824219,13.550000190734863,13.350000381469727,13.4399995803833,596553,0.0,0.0
2024-01-17 12:30:00-05:00,13.449999809265137,13.531000137329102,13.345000267028809,13.395000457763672,374488,0.0,0.0
2024-01-17 13:30:00-05:00,13.395000457763672,13.46500015258789,13.354999542236328,13.444999694824219,110904,0.0,0.0
2024-01-17 14:30:00-05:00,13.449999809265137,13.524999618530273,13.414999961853027,13.524999618530273,119398,0.0,0.0
2024-01-17 15:30:00-05:00,13.524999618530273,13.720000267028809,13.524999618530273,13.710000038146973,558208,0.0,0.0
2024-01-18 09:30:00-05:00,13.789999961853027,13.899999618530273,13.585000038146973,13.604999542236328,621979,0.0,0.0
2024-01-18 10:30:00-05:00,13.609999656677246,13.675000190734863,13.449999809265137,13.5,313672,0.0,0.0
2024-01-18 11:30:00-05:00,13.5,13.569999694824219,13.454999923706055,13.5,190272,0.0,0.0
2024-01-18 12:30:00-05:00,13.5,13.532500267028809,13.460000038146973,13.5,117588,0.0,0.0
2024-01-18 13:30:00-05:00,13.505000114440918,13.649999618530273,13.5,13.600000381469727,225940,0.0,0.0
2024-01-18 14:30:00-05:00,13.609999656677246,13.630000114440918,13.529999732971191,13.600000381469727,216592,0.0,0.0
2024-01-18 15:30:00-05:00,13.59000015258789,13.625,13.569999694824219,13.609999656677246,368350,0.0,0.0
2024-01-19 09:30:00-05:00,13.699999809265137,13.869999885559082,13.515000343322754,13.8149995803833,1048982,0.0,0.0
2024-01-19 10:30:00-05:00,13.800000190734863,14.0,13.739999771118164,13.970000267028809,854754,0.0,0.0
2024-01-19 11:30:00-05:00,13.975000381469727,14.055000305175781,13.925000190734863,14.050000190734863,1431725,0.0,0.0
2024-01-19 12:30:00-05:00,14.0600004196167,14.229999542236328,14.0,14.220000267028809,270910,0.0,0.0
2024-01-19 13:30:00-05:00,14.220000267028809,14.364999771118164,14.180000305175781,14.335000038146973,336338,0.0,0.0
2024-01-19 14:30:00-05:00,14.34000015258789,14.350000381469727,14.229999542236328,14.229999542236328,479899,0.0,0.0
2024-01-19 15:30:00-05:00,14.229999542236328,14.699999809265137,14.21500015258789,14.319999694824219,1521493,0.0,0.0
2024-01-22 09:30:00-05:00,14.460000038146973,14.670000076293945,14.34000015258789,14.5600004196167,434005,0.0,0.0
2024-01-22 10:30:00-05:00,14.5600004196167,14.609999656677246,14.489999771118164,14.609999656677246,443392,0.0,0.0
2024-01-22 11:30:00-05:00,14.600000381469727,14.630000114440918,14.53499984741211,14.625,153300,0.0,0.0
2024-01-22 12:30:00-05:00,14.625,14.630000114440918,14.510000228881836,14.515000343322754,155270,0.0,0.0
2024-01-22 13:30:00-05:00,14.512499809265137,14.569999694824219,14.479999542236328,14.569999694824219,169461,0.0,0.0
2024-01-22 14:30:00-05:00,14.569999694824219,14.739999771118164,14.550000190734863,14.739999771118164,247769,0.0,0.0
2024-01-22 15:30:00-05:00,14.729999542236328,14.789999961853027,14.725000381469727,14.779999732971191,674329,0.0,0.0
2024-01-23 09:30:00-05:00,14.949999809265137,15.109999656677246,14.84000015258789,14.854999542236328,259510,0.0,0.0
2024-01-23 10:30:00-05:00,14.854999542236328,14.854999542236328,14.545000076293945,14.5600004196167,154446,0.0,0.0
2024-01-23 11:30:00-05:00,14.569999694824219,14.600000381469727,14.460000038146973,14.494999885559082,116489,0.0,0.0
2024-01-23 12:30:00-05:00,14.494999885559082,14.520000457763672,14.444999694824219,14.505000114440918,98794,0.0,0.0
2024-01-23 13:30:00-05:00,14.5024995803833,14.595000267028809,14.470000267028809,14.510000228881836,113005,0.0,0.0
2024-01-23 14:30:00-05:00,14.515000343322754,14.664999961853027,14.489999771118164,14.569999694824219,235656,0.0,0.0
2024-01-23 15:30:00-05:00,14.569999694824219,14.569999694824219,14.460000038146973,14.49899959564209,322665,0.0,0.0
2024-01-24 09:30:00-05:00,14.800000190734863,14.800000190734863,14.425000190734863,14.470000267028809,279855,0.0,0.0
2024-01-24 10:30:00-05:00,14.475000381469727,14.609999656677246,14.449999809265137,14.569999694824219,90829,0.0,0.0
2024-01-24 11:30:00-05:00,14.550000190734863,14.5649995803833,14.484999656677246,14.529999732971191,90151,0.0,0.0
2024-01-24 12:30:00-05:00,14.529999732971191,14.545000076293945,14.395000457763672,14.395000457763672,73679,0.0,0.0
2024-01-24 13:30:00-05:00,14.390000343322754,14.390000343322754,14.289999961853027,14.295000076293945,104863,0.0,0.0
2024-01-24 14:30:00-05:00,14.295000076293945,14.385000228881836,14.270000457763672,14.3149995803833,122726,0.0,0.0
2024-01-24 15:30:00-05:00,14.3149995803833,14.380000114440918,14.289999961853027,14.380000114440918,148059,0.0,0.0
2024-01-25 09:30:00-05:00,14.75,14.829999923706055,14.520000457763672,14.600000381469727,206737,0.0,0.0
2024-01-25 10:30:00-05:00,14.604999542236328,14.619999885559082,14.449999809265137,14.59000015258789,100917,0.0,0.0
2024-01-25 11:30:00-05:00,14.579999923706055,14.579999923706055,14.46500015258789,14.5,77741,0.0,0.0
2024-01-25 12:30:00-05:00,14.489999771118164,14.579999923706055,14.430000305175781,14.53499984741211,84132,0.0,0.0
2024-01-25 13:30:00-05:00,14.529999732971191,14.65999984741211,14.524999618530273,14.574999809265137,169445,0.0,0.0
2024-01-25 14:30:00-05:00,14.579999923706055,14.595000267028809,14.460000038146973,14.479999542236328,90305,0.0,0.0
2024-01-25 15:30:00-05:00,14.489999771118164,14.5600004196167,14.479999542236328,14.515000343322754,213969,0.0,0.0
2024-01-26 09:30:00-05:00,14.569999694824219,14.760000228881836,14.479999542236328,14.5649995803833,230695,0.0,0.0
2024-01-26 10:30:00-05:00,14.5600004196167,14.614999771118164,14.470000267028809,14.470000267028809,106097,0.0,0.0
2024-01-26 11:30:00-05:00,14.470000267028809,14.545000076293945,14.46500015258789,14.539999961853027,90309,0.0,0.0
2024-01-26 12:30:00-05:00,14.545000076293945,14.59000015258789,14.484999656677246,14.585000038146973,92392,0.0,0.0
2024-01-26 13:30:00-05:00,14.59000015258789,14.609999656677246,14.550000190734863,14.574999809265137,73568,0.0,0.0
2024-01-26 14:30:00-05:00,14.579999923706055,14.619999885559082,14.545000076293945,14.555000305175781,104904,0.0,0.0
2024-01-26 15:30:00-05:00,14.550000190734863,14.640000343322754,14.539999961853027,14.640000343322754,329106,0.0,0.0
2024-01-29 09:30:00-05:00,14.569999694824219,14.710599899291992,14.470000267028809,14.664999961853027,148279,0.0,0.0
2024-01-29 10:30:00-05:00,14.664999961853027,14.75,14.654999732971191,14.6899995803833,109466,0.0,0.0
2024-01-29 11:30:00-05:00,14.699999809265137,14.710000038146973,14.609999656677246,14.619999885559082,65364,0.0,0.0
2024-01-29 12:30:00-05:00,14.614999771118164,14.654999732971191,14.5600004196167,14.569999694824219,101930,0.0,0.0
2024-01-29 13:30:00-05:00,14.569999694824219,14.569999694824219,14.46500015258789,14.479999542236328,109204,0.0,0.0
2024-01-29 14:30:00-05:00,14.489999771118164,14.625,14.46500015258789,14.604999542236328,299449,0.0,0.0
2024-01-29 15:30:00-05:00,14.604999542236328,14.645000457763672,14.5,14.545000076293945,585433,0.0,0.0
2024-01-30 09:30:00-05:00,14.329999923706055,14.420000076293945,14.239999771118164,14.239999771118164,161517,0.0,0.0
2024-01-30 10:30:00-05:00,14.239999771118164,14.255000114440918,14.15999984741211,14.229999542236328,107880,0.0,0.0
2024-01-30 11:30:00-05:00,14.229999542236328,14.305000305175781,14.220499992370605,14.289999961853027,191561,0.0,0.0
2024-01-30 12:30:00-05:00,14.28499984741211,14.295000076293945,14.119999885559082,14.145000457763672,150786,0.0,0.0
2024-01-30 13:30:00-05:00,14.149999618530273,14.265000343322754,14.130000114440918,14.255000114440918,156354,0.0,0.0
2024-01-30 14:30:00-05:00,14.25,14.25,14.100000381469727,14.104999542236328,258589,0.0,0.0
2024-01-30 15:30:00-05:00,14.104999542236328,14.170000076293945,14.100000381469727,14.149999618530273,255789,0.0,0.0
2024-01-31 09:30:00-05:00,14.069999694824219,14.109999656677246,13.585000038146973,13.71500015258789,429852,0.0,0.0
2024-01-31 10:30:00-05:00,13.720000267028809,13.904999732971191,13.614999771118164,13.854999542236328,373933,0.0,0.0
2024-01-31 11:30:00-05:00,13.859999656677246,13.979999542236328,13.779999732971191,13.970000267028809,157174,0.0,0.0
2024-01-31 12:30:00-05:00,13.96500015258789,14.029999732971191,13.890000343322754,13.960000038146973,168553,0.0,0.0
2024-01-31 13:30:00-05:00,13.96500015258789,14.079999923706055,13.770000457763672,13.779999732971191,348408,0.0,0.0
2024-01-31 14:30:00-05:00,13.789999961853027,14.140000343322754,13.46500015258789,13.569999694824219,427940,0.0,0.0
2024-01-31 15:30:00-05:00,13.5600004196167,13.579999923706055,13.494999885559082,13.550000190734863,614041,0.0,0.0
2024-02-01 09:30:00-05:00,13.430000305175781,13.520000457763672,12.989999771118164,13.104999542236328,445560,0.0,0.0
2024-02-01 10:30:00-05:00,13.109999656677246,13.140000343322754,12.800000190734863,12.845000267028809,442249,0.0,0.0
2024-02-01 11:30:00-05:00,12.850000381469727,13.0649995803833,12.8100004196167,12.984999656677246,307669,0.0,0.0
2024-02-01 12:30:00-05:00,12.984999656677246,13.140000343322754,12.9350004196167,12.979999542236328,271907,0.0,0.0
2024-02-01 13:30:00-05:00,12.979999542236328,13.1899995803833,12.960000038146973,13.119999885559082,210632,0.0,0.0
2024-02-01 14:30:00-05:00,13.119999885559082,13.244999885559082,13.074999809265137,13.225000381469727,202464,0.0,0.0
2024-02-01 15:30:00-05:00,13.225000381469727,13.260000228881836,13.135000228881836,13.210000038146973,410078,0.0,0.0
2024-02-02 09:30:00-05:00,12.90999984741211,12.90999984741211,12.630000114440918,12.875,316391,0.0,0.0
2024-02-02 10:30:00-05:00,12.880000114440918,12.944999694824219,12.84000015258789,12.920000076293945,147588,0.0,0.0
2024-02-02 11:30:00-05:00,12.9399995803833,13.034199714660645,12.930000305175781,13.034199714660645,125969,0.0,0.0
2024-02-02 12:30:00-05:00,13.039899826049805,13.09000015258789,12.9399995803833,13.010000228881836,171447,0.0,0.0
2024-02-02 13:30:00-05:00,13.010000228881836,13.119999885559082,12.979999542236328,13.100000381469727,153299,0.0,0.0
2024-02-02 14:30:00-05:00,13.109999656677246,13.154999732971191,13.045000076293945,13.149999618530273,135893,0.0,0.0
2024-02-02 15:30:00-05:00,13.149999618530273,13.170000076293945,13.020000457763672,13.050000190734863,349249,0.0,0.0
2024-02-05 09:30:00-05:00,12.8100004196167,12.8100004196167,12.649999618530273,12.694999694824219,207673,0.0,0.0
2024-02-05 10:30:00-05:00,12.699999809265137,12.779999732971191,12.635000228881836,12.75,267117,0.0,0.0
2024-02-05 11:30:00-05:00,12.75,12.779999732971191,12.720000267028809,12.765000343322754,192014,0.0,0.0
2024-02-05 12:30:00-05:00,12.770000457763672,12.800000190734863,12.725000381469727,12.744999885559082,108823,0.0,0.0
2024-02-05 13:30:00-05:00,12.739999771118164,12.854999542236328,12.739999771118164,12.829999923706055,153917,0.0,0.0
2024-02-05 14:30:00-05:00,12.84000015258789,12.904999732971191,12.829999923706055,12.895000457763672,190338,0.0,0.0
2024-02-05 15:30:00-05:00,12.899999618530273,12.9399995803833,12.770000457763672,12.770000457763672,375866,0.0,0.0
2024-02-06 09:30:00-05:00,12.6899995803833,12.925000190734863,12.520000457763672,12.8149995803833,429485,0.0,0.0
2024-02-06 10:30:00-05:00,12.8149995803833,12.899999618530273,12.694999694824219,12.760000228881836,240351,0.0,0.0
2024-02-06 11:30:00-05:00,12.760000228881836,12.805000305175781,12.704999923706055,12.734999656677246,236170,0.0,0.0
2024-02-06 12:30:00-05:00,12.734999656677246,12.734999656677246,12.600000381469727,12.675000190734863,131462,0.0,0.0
2024-02-06 13:30:00-05:00,12.680000305175781,12.765000343322754,12.640000343322754,12.675000190734863,150050,0.0,0.0
2024-02-06 14:30:00-05:00,12.675000190734863,12.680000305175781,12.604999542236328,12.609999656677246,233166,0.0,0.0
2024-02-06 15:30:00-05:00,12.614999771118164,12.739999771118164,12.595000267028809,12.729999542236328,787924,0.0,0.0
2024-02-07 09:30:00-05:00,12.899999618530273,13.25,12.800000190734863,13.149999618530273,903127,0.0,0.0
2024-02-07 10:30:00-05:00,13.15999984741211,13.300000190734863,13.125,13.220000267028809,230299,0.0,0.0
2024-02-07 11:30:00-05:00,13.225000381469727,13.265000343322754,12.859999656677246,12.90999984741211,349387,0.0,0.0
2024-02-07 12:30:00-05:00,12.90999984741211,13.010000228881836,12.829999923706055,13.010000228881836,423942,0.0,0.0
2024-02-07 13:30:00-05:00,13.020000457763672,13.175000190734863,12.895000457763672,13.175000190734863,346017,0.0,0.0
2024-02-07 14:30:00-05:00,13.175000190734863,13.274999618530273,13.0600004196167,13.194999694824219,395196,0.0,0.0
2024-02-07 15:30:00-05:00,13.1899995803833,13.194999694824219,13.020000457763672,13.069999694824219,674621,0.0,0.0
2024-02-08 09:30:00-05:00,13.050000190734863,13.279999732971191,13.0,13.234999656677246,184304,0.0,0.0
2024-02-08 10:30:00-05:00,13.229999542236328,13.260000228881836,13.1850004196167,13.225000381469727,130432,0.0,0.0
2024-02-08 11:30:00-05:00,13.220000267028809,13.489999771118164,13.220000267028809,13.454999923706055,389762,0.0,0.0
2024-02-08 12:30:00-05:00,13.449999809265137,13.479999542236328,13.354999542236328,13.479999542236328,368871,0.0,0.0
2024-02-08 13:30:00-05:00,13.479999542236328,13.6899995803833,13.4350004196167,13.645000457763672,590880,0.0,0.0
2024-02-08 14:30:00-05:00,13.645000457763672,13.65999984741211,13.5600004196167,13.609999656677246,381176,0.0,0.0
2024-02-08 15:30:00-05:00,13.604999542236328,13.649999618530273,13.539999961853027,13.630000114440918,553925,0.0,0.0
2024-02-09 09:30:00-05:00,13.640000343322754,13.739999771118164,13.34000015258789,13.364999771118164,237931,0.0,0.0
2024-02-09 10:30:00-05:00,13.350000381469727,13.4350004196167,13.170000076293945,13.194999694824219,155539,0.0,0.0
2024-02-09 11:30:00-05:00,13.204999923706055,13.279999732971191,13.164999961853027,13.274999618530273,127021,0.0,0.0
2024-02-09 12:30:00-05:00,13.270000457763672,13.375,13.239999771118164,13.350000381469727,141558,0.0,0.0
2024-02-09 13:30:00-05:00,13.359999656677246,13.359999656677246,13.270000457763672,13.305000305175781,100147,0.0,0.0
2024-02-09 14:30:00-05:00,13.3100004196167,13.350000381469727,13.260000228881836,13.300000190734863,133793,0.0,0.0
2024-02-09 15:30:00-05:00,13.300000190734863,13.329999923706055,13.279999732971191,13.319999694824219,198392,0.0,0.0
2024-02-12 09:30:00-05:00,13.380000114440918,13.819999694824219,13.380000114440918,13.71500015258789,252572,0.0,0.0
2024-02-12 10:30:00-05:00,13.710000038146973,13.759499549865723,13.609999656677246,13.734999656677246,138564,0.0,0.0
2024-02-12 11:30:00-05:00,13.734999656677246,13.779999732971191,13.649999618530273,13.694999694824219,259931,0.0,0.0
2024-02-12 12:30:00-05:00,13.694999694824219,13.8149995803833,13.65999984741211,13.760000228881836,273638,0.0,0.0
2024-02-12 13:30:00-05:00,13.75,13.819999694824219,13.675000190734863,13.699999809265137,394529,0.0,0.0
2024-02-12 14:30:00-05:00,13.699999809265137,13.760000228881836,13.670000076293945,13.670000076293945,242337,0.0,0.0
2024-02-12 15:30:00-05:00,13.670000076293945,13.720000267028809,13.600000381469727,13.619999885559082,685913,0.0,0.0
2024-02-13 09:30:00-05:00,12.720000267028809,12.720000267028809,12.449999809265137,12.489999771118164,709217,0.0,0.0
2024-02-13 10:30:00-05:00,12.484999656677246,12.609999656677246,12.354999542236328,12.598999977111816,837424,0.0,0.0
2024-02-13 11:30:00-05:00,12.600000381469727,12.680000305175781,12.524999618530273,12.604999542236328,361280,0.0,0.0
2024-02-13 12:30:00-05:00,12.604999542236328,12.694999694824219,12.555000305175781,12.680000305175781,202222,0.0,0.0
2024-02-13 13:30:00-05:00,12.680000305175781,12.699999809265137,12.59000015258789,12.645000457763672,223909,0.0,0.0
2024-02-13 14:30:00-05:00,12.649999618530273,12.680000305175781,12.505000114440918,12.53499984741211,378129,0.0,0.0
2024-02-13 15:30:00-05:00,12.529999732971191,12.720000267028809,12.512499809265137,12.710000038146973,413452,0.0,0.0
2024-02-14 09:30:00-05:00,12.920000076293945,13.010000228881836,12.84000015258789,12.880000114440918,200504,0.0,0.0
2024-02-14 10:30:00-05:00,12.890000343322754,12.9399995803833,12.819999694824219,12.90999984741211,103800,0.0,0.0
2024-02-14 11:30:00-05:00,12.90999984741211,12.944999694824219,12.835000038146973,12.930000305175781,85786,0.0,0.0
2024-02-14 12:30:00-05:00,12.9399995803833,12.9399995803833,12.869999885559082,12.927499771118164,152745,0.0,0.0
2024-02-14 13:30:00-05:00,12.925000190734863,13.039899826049805,12.925000190734863,13.015000343322754,132822,0.0,0.0
2024-02-14 14:30:00-05:00,13.015000343322754,13.074999809265137,12.984999656677246,13.0649995803833,172119,0.0,0.0
2024-02-14 15:30:00-05:00,13.0600004196167,13.0649995803833,12.850000381469727,12.869999885559082,490249,0.0,0.0
2024-02-15 09:30:00-05:00,13.0600004196167,13.539999961853027,13.045000076293945,13.494999885559082,298143,0.0,0.0
2024-02-15 10:30:00-05:00,13.5,13.515000343322754,13.395000457763672,13.484999656677246,363479,0.0,0.0
2024-02-15 11:30:00-05:00,13.479999542236328,13.5600004196167,13.444999694824219,13.5600004196167,298311,0.0,0.0
2024-02-15 12:30:00-05:00,13.5649995803833,13.699999809265137,13.520000457763672,13.675000190734863,133977,0.0,0.0
2024-02-15 13:30:00-05:00,13.6899995803833,13.704999923706055,13.5600004196167,13.59000015258789,228641,0.0,0.0
2024-02-15 14:30:00-05:00,13.585000038146973,13.664999961853027,13.515000343322754,13.625,239689,0.0,0.0
2024-02-15 15:30:00-05:00,13.619999885559082,13.670000076293945,13.595000267028809,13.65999984741211,231069,0.0,0.0
2024-02-16 09:30:00-05:00,13.239999771118164,13.734999656677246,13.180000305175781,13.699999809265137,323492,0.0,0.0
2024-02-16 10:30:00-05:00,13.6850004196167,13.770000457763672,13.670000076293945,13.75,166098,0.0,0.0
2024-02-16 11:30:00-05:00,13.75,13.819999694824219,13.71500015258789,13.805000305175781,126004,0.0,0.0
2024-02-16 12:30:00-05:00,13.8100004196167,13.829999923706055,13.755000114440918,13.795000076293945,90133,0.0,0.0
2024-02-16 13:30:00-05:00,13.795000076293945,13.869999885559082,13.729999542236328,13.869999885559082,86110,0.0,0.0
2024-02-16 14:30:00-05:00,13.864999771118164,13.899999618530273,13.739999771118164,13.845000267028809,184133,0.0,0.0
2024-02-16 15:30:00-05:00,13.845000267028809,13.880000114440918,13.739999771118164,13.75,282706,0.0,0.0
2024-02-20 09:30:00-05:00,13.470000267028809,13.614999771118164,13.329999923706055,13.587499618530273,194878,0.0,0.0
2024-02-20 10:30:00-05:00,13.59000015258789,13.625,13.510000228881836,13.609999656677246,104031,0.0,0.0
2024-02-20 11:30:00-05:00,13.609999656677246,13.614999771118164,13.460000038146973,13.489999771118164,130163,0.0,0.0
2024-02-20 12:30:00-05:00,13.494999885559082,13.579999923706055,13.46500015258789,13.569999694824219,107351,0.0,0.0
2024-02-20 13:30:00-05:00,13.57859992980957,13.57859992980957,13.489999771118164,13.5649995803833,113751,0.0,0.0
2024-02-20 14:30:00-05:00,13.569999694824219,13.609999656677246,13.545000076293945,13.574999809265137,139786,0.0,0.0
2024-02-20 15:30:00-05:00,13.574999809265137,13.579999923706055,13.510000228881836,13.550000190734863,274223,0.0,0.0
2024-02-21 09:30:00-05:00,13.449999809265137,13.630000114440918,13.399999618530273,13.569999694824219,100225,0.0,0.0
2024-02-21 10:30:00-05:00,13.579999923706055,13.604999542236328,13.449999809265137,13.53499984741211,114159,0.0,0.0
2024-02-21 11:30:00-05:00,13.53499984741211,13.53499984741211,13.430000305175781,13.479999542236328,96393,0.0,0.0
2024-02-21 12:30:00-05:00,13.484999656677246,13.550000190734863,13.470000267028809,13.53499984741211,92443,0.0,0.0
2024-02-21 13:30:00-05:00,13.53499984741211,13.609999656677246,13.479999542236328,13.520000457763672,122782,0.0,0.0
2024-02-21 14:30:00-05:00,13.520000457763672,13.529999732971191,13.479999542236328,13.494999885559082,121012,0.0,0.0
2024-02-21 15:30:00-05:00,13.494999885559082,13.579999923706055,13.494999885559082,13.539999961853027,329940,0.0,0.0
2024-02-22 09:30:00-05:00,13.529999732971191,13.550000190734863,13.350000381469727,13.395000457763672,273453,0.0,0.0
2024-02-22 10:30:00-05:00,13.399999618530273,13.53499984741211,13.369999885559082,13.512499809265137,139881,0.0,0.0
2024-02-22 11:30:00-05:00,13.515000343322754,13.585000038146973,13.510000228881836,13.574999809265137,87631,0.0,0.0
2024-02-22 12:30:00-05:00,13.579999923706055,13.595000267028809,13.479999542236328,13.550000190734863,106393,0.0,0.0
2024-02-22 13:30:00-05:00,13.545000076293945,13.550000190734863,13.510000228881836,13.529999732971191,98376,0.0,0.0
2024-02-22 14:30:00-05:00,13.524999618530273,13.524999618530273,13.4350004196167,13.470000267028809,211395,0.0,0.0
2024-02-22 15:30:00-05:00,13.46500015258789,13.475000381469727,13.40999984741211,13.430000305175781,408601,0.0,0.0
2024-02-23 09:30:00-05:00,13.4399995803833,13.4399995803833,13.135000228881836,13.260000228881836,240657,0.0,0.0
2024-02-23 10:30:00-05:00,13.270000457763672,13.385000228881836,13.229999542236328,13.274999618530273,218099,0.0,0.0
2024-02-23 11:30:00-05:00,13.274999618530273,13.390000343322754,13.229999542236328,13.324999809265137,199474,0.0,0.0
2024-02-23 12:30:00-05:00,13.329999923706055,13.420000076293945,13.3149995803833,13.390000343322754,113423,0.0,0.0
2024-02-23 13:30:00-05:00,13.390000343322754,13.449999809265137,13.369999885559082,13.395000457763672,95087,0.0,0.0
2024-02-23 14:30:00-05:00,13.390000343322754,13.404999732971191,13.300000190734863,13.34000015258789,188971,0.0,0.0
2024-02-23 15:30:00-05:00,13.335000038146973,13.350000381469727,13.260000228881836,13.3100004196167,225371,0.0,0.0
2024-02-26 09:30:00-05:00,13.289999961853027,13.40999984741211,13.170000076293945,13.25,85813,0.0,0.0
2024-02-26 10:30:00-05:00,13.270000457763672,13.300000190734863,13.154999732971191,13.194999694824219,101630,0.0,0.0
2024-02-26 11:30:00-05:00,13.1899995803833,13.210000038146973,13.114899635314941,13.1850004196167,78239,0.0,0.0
2024-02-26 12:30:00-05:00,13.1899995803833,13.1899995803833,13.050000190734863,13.067500114440918,52837,0.0,0.0
2024-02-26 13:30:00-05:00,13.0600004196167,13.09000015258789,13.039999961853027,13.079999923706055,80272,0.0,0.0
2024-02-26 14:30:00-05:00,13.09000015258789,13.15999984741211,13.0649995803833,13.100000381469727,80671,0.0,0.0
2024-02-26 15:30:00-05:00,13.095000267028809,13.1850004196167,13.055000305175781,13.125,196730,0.0,0.0
2024-02-27 09:30:00-05:00,13.279999732971191,13.319999694824219,13.074999809265137,13.109999656677246,127335,0.0,0.0
2024-02-27 10:30:00-05:00,13.135000228881836,13.175000190734863,13.079999923706055,13.145000457763672,110581,0.0,0.0
2024-02-27 11:30:00-05:00,13.145000457763672,13.194999694824219,13.130000114440918,13.170000076293945,93198,0.0,0.0
2024-02-27 12:30:00-05:00,13.164999961853027,13.305000305175781,13.149999618530273,13.25,67897,0.0,0.0
2024-02-27 13:30:00-05:00,13.239999771118164,13.260000228881836,13.149999618530273,13.164999961853027,63150,0.0,0.0
2024-02-27 14:30:00-05:00,13.170000076293945,13.220000267028809,13.145000457763672,13.210000038146973,99321,0.0,0.0
2024-02-27 15:30:00-05:00,13.220000267028809,13.239999771118164,13.149999618530273,13.149999618530273,160308,0.0,0.0
2024-02-28 09:30:00-05:00,12.970000267028809,13.194999694824219,12.90999984741211,13.114999771118164,185278,0.0,0.0
2024-02-28 10:30:00-05:00,13.109999656677246,13.175000190734863,13.069999694824219,13.095000267028809,119416,0.0,0.0
2024-02-28 11:30:00-05:00,13.095000267028809,13.210000038146973,13.045000076293945,13.194999694824219,219559,0.0,0.0
2024-02-28 12:30:00-05:00,13.199999809265137,13.210000038146973,13.15999984741211,13.1850004196167,213457,0.0,0.0
2024-02-28 13:30:00-05:00,13.1850004196167,13.3149995803833,13.1850004196167,13.199999809265137,319988,0.0,0.0
2024-02-28 14:30:00-05:00,13.204999923706055,13.210000038146973,12.96500015258789,12.989999771118164,226245,0.0,0.0
2024-02-28 15:30:00-05:00,12.984999656677246,13.029999732971191,12.9399995803833,12.949999809265137,373601,0.0,0.0
2024-02-29 09:30:00-05:00,13.140000343322754,13.579999923706055,13.079999923706055,13.510000228881836,511569,0.0,0.0
2024-02-29 10:30:00-05:00,13.520000457763672,13.574999809265137,13.204999923706055,13.25,239234,0.0,0.0
2024-02-29 11:30:00-05:00,13.229999542236328,13.25,13.164999961853027,13.199999809265137,189413,0.0,0.0
2024-02-29 12:30:00-05:00,13.204999923706055,13.505000114440918,13.1899995803833,13.505000114440918,198326,0.0,0.0
2024-02-29 13:30:00-05:00,13.505000114440918,13.640000343322754,13.404999732971191,13.454999923706055,396760,0.0,0.0
2024-02-29 14:30:00-05:00,13.470000267028809,13.475000381469727,13.175000190734863,13.1899995803833,275287,0.0,0.0
2024-02-29 15:30:00-05:00,13.1899995803833,13.239999771118164,13.130000114440918,13.204999923706055,1048868,0.0,0.0
2024-03-01 09:30:00-05:00,13.229999542236328,13.489999771118164,12.979999542236328,13.40999984741211,168148,0.0,0.0
2024-03-01 10:30:00-05:00,13.40999984741211,13.475000381469727,13.350000381469727,13.4399995803833,191584,0.0,0.0
2024-03-01 11:30:00-05:00,13.430000305175781,13.515000343322754,13.390000343322754,13.489999771118164,145272,0.0,0.0
2024-03-01 12:30:00-05:00,13.484999656677246,13.515000343322754,13.414999961853027,13.4399995803833,260244,0.0,0.0
2024-03-01 13:30:00-05:00,13.4350004196167,13.524999618530273,13.430000305175781,13.454999923706055,116143,0.0,0.0
2024-03-01 14:30:00-05:00,13.460000038146973,13.510000228881836,13.375,13.390000343322754,162550,0.0,0.0
2024-03-01 15:30:00-05:00,13.395000457763672,13.4399995803833,13.395000457763672,13.430000305175781,250289,0.0,0.0
2024-03-04 09:30:00-05:00,13.359999656677246,13.510000228881836,13.050000190734863,13.119999885559082,171738,0.0,0.0
2024-03-04 10:30:00-05:00,13.140000343322754,13.3100004196167,13.109999656677246,13.234999656677246,117726,0.0,0.0
2024-03-04 11:30:00-05:00,13.234999656677246,13.3100004196167,13.234999656677246,13.305000305175781,98483,0.0,0.0
2024-03-04 12:30:00-05:00,13.300000190734863,13.3149995803833,13.25,13.289999961853027,136610,0.0,0.0
2024-03-04 13:30:00-05:00,13.295000076293945,13.359999656677246,13.270000457763672,13.329999923706055,81291,0.0,0.0
2024-03-04 14:30:00-05:00,13.319999694824219,13.4399995803833,13.3100004196167,13.390000343322754,107868,0.0,0.0
2024-03-04 15:30:00-05:00,13.385000228881836,13.40999984741211,13.3100004196167,13.390000343322754,365963,0.0,0.0
2024-03-05 09:30:00-05:00,13.229999542236328,13.71500015258789,13.149999618530273,13.664999961853027,229911,0.0,0.0
2024-03-05 10:30:00-05:00,13.649999618530273,13.800000190734863,13.59000015258789,13.765000343322754,176042,0.0,0.0
2024-03-05 11:30:00-05:00,13.770000457763672,13.869999885559082,13.704999923706055,13.824999809265137,138772,0.0,0.0
2024-03-05 12:30:00-05:00,13.824999809265137,13.835000038146973,13.75,13.789999961853027,195230,0.0,0.0
2024-03-05 13:30:00-05:00,13.789999961853027,13.819999694824219,13.664999961853027,13.75,171986,0.0,0.0
2024-03-05 14:30:00-05:00,13.744999885559082,13.75,13.569999694824219,13.649999618530273,312976,0.0,0.0
2024-03-05 15:30:00-05:00,13.645000457763672,13.75,13.574999809265137,13.729999542236328,520980,0.0,0.0
2024-03-06 09:30:00-05:00,13.979999542236328,13.979999542236328,13.479999542236328,13.595000267028809,224798,0.0,0.0
2024-03-06 10:30:00-05:00,13.59000015258789,13.619999885559082,13.484999656677246,13.529999732971191,112056,0.0,0.0
2024-03-06 11:30:00-05:00,13.539999961853027,13.59000015258789,13.411299705505371,13.53499984741211,159917,0.0,0.0
2024-03-06 12:30:00-05:00,13.529999732971191,13.555000305175781,13.395000457763672,13.420000076293945,105831,0.0,0.0
2024-03-06 13:30:00-05:00,13.40999984741211,13.414999961853027,13.260000228881836,13.385000228881836,172917,0.0,0.0
2024-03-06 14:30:00-05:00,13.390000343322754,13.489999771118164,13.335000038146973,13.489999771118164,284078,0.0,0.0
2024-03-06 15:30:00-05:00,13.489999771118164,13.510000228881836,13.40999984741211,13.510000228881836,353944,0.0,0.0
2024-03-07 09:30:00-05:00,13.649999618530273,13.800000190734863,13.5,13.625,140301,0.0,0.0
2024-03-07 10:30:00-05:00,13.621000289916992,13.625,13.5,13.510000228881836,101695,0.0,0.0
2024-03-07 11:30:00-05:00,13.505000114440918,13.505000114440918,13.414999961853027,13.4399995803833,188517,0.0,0.0
2024-03-07 12:30:00-05:00,13.4350004196167,13.550000190734863,13.430000305175781,13.545000076293945,155859,0.0,0.0
2024-03-07 13:30:00-05:00,13.550000190734863,13.5649995803833,13.475000381469727,13.489999771118164,155174,0.0,0.0
2024-03-07 14:30:00-05:00,13.484999656677246,13.574999809265137,13.46500015258789,13.529999732971191,214344,0.0,0.0
2024-03-07 15:30:00-05:00,13.524999618530273,13.645000457763672,13.524999618530273,13.609999656677246,337945,0.0,0.0
2024-03-08 09:30:00-05:00,13.949999809265137,14.119999885559082,13.864999771118164,13.949999809265137,415752,0.0,0.0
2024-03-08 10:30:00-05:00,13.960000038146973,13.975000381469727,13.770000457763672,13.795000076293945,159121,0.0,0.0
2024-03-08 11:30:00-05:00,13.789999961853027,13.9399995803833,13.789999961853027,13.890000343322754,215465,0.0,0.0
2024-03-08 12:30:00-05:00,13.890000343322754,13.899999618530273,13.8149995803833,13.885000228881836,119070,0.0,0.0
2024-03-08 13:30:00-05:00,13.880000114440918,13.904999732971191,13.824999809265137,13.875,171781,0.0,0.0
2024-03-08 14:30:00-05:00,13.880000114440918,13.885000228881836,13.729999542236328,13.729999542236328,145384,0.0,0.0
2024-03-08 15:30:00-05:00,13.729999542236328,13.8100004196167,13.71500015258789,13.78499984741211,186100,0.0,0.0
2024-03-11 09:30:00-04:00,13.680000305175781,13.832500457763672,13.630000114440918,13.6899995803833,126145,0.0,0.0
2024-03-11 10:30:00-04:00,13.680000305175781,13.800000190734863,13.675000190734863,13.779999732971191,114700,0.0,0.0
2024-03-11 11:30:00-04:00,13.774999618530273,13.8100004196167,13.739999771118164,13.800000190734863,106422,0.0,0.0
2024-03-11 12:30:00-04:00,13.800000190734863,13.880000114440918,13.774999618530273,13.805000305175781,160725,0.0,0.0
2024-03-11 13:30:00-04:00,13.800000190734863,13.809000015258789,13.670000076293945,13.680000305175781,77329,0.0,0.0
2024-03-11 14:30:00-04:00,13.680000305175781,13.739999771118164,13.65999984741211,13.710000038146973,126386,0.0,0.0
2024-03-11 15:30:00-04:00,13.710000038146973,13.75,13.649999618530273,13.720000267028809,493009,0.0,0.0
2024-03-12 09:30:00-04:00,13.619999885559082,13.779999732971191,13.550000190734863,13.699999809265137,187320,0.0,0.0
2024-03-12 10:30:00-04:00,13.710000038146973,13.78499984741211,13.6850004196167,13.725000381469727,102947,0.0,0.0
2024-03-12 11:30:00-04:00,13.720000267028809,13.720000267028809,13.522500038146973,13.53499984741211,123601,0.0,0.0
2024-03-12 12:30:00-04:00,13.53499984741211,13.555000305175781,13.449999809265137,13.454999923706055,86865,0.0,0.0
2024-03-12 13:30:00-04:00,13.460000038146973,13.5,13.430000305175781,13.489999771118164,73156,0.0,0.0
2024-03-12 14:30:00-04:00,13.484999656677246,13.510000228881836,13.46500015258789,13.484999656677246,151335,0.0,0.0
2024-03-12 15:30:00-04:00,13.479999542236328,13.539999961853027,13.460000038146973,13.5,294009,0.0,0.0
2024-03-13 09:30:00-04:00,13.5,13.725000381469727,13.5,13.654999732971191,163507,0.0,0.0
2024-03-13 10:30:00-04:00,13.654999732971191,13.664999961853027,13.5649995803833,13.585000038146973,56754,0.0,0.0
2024-03-13 11:30:00-04:00,13.595000267028809,13.635000228881836,13.574999809265137,13.609999656677246,56799,0.0,0.0
2024-03-13 12:30:00-04:00,13.609999656677246,13.625,13.569999694824219,13.595000267028809,81025,0.0,0.0
2024-03-13 13:30:00-04:00,13.59000015258789,13.619999885559082,13.5600004196167,13.569999694824219,125222,0.0,0.0
2024-03-13 14:30:00-04:00,13.579999923706055,13.609999656677246,13.420000076293945,13.4399995803833,198581,0.0,0.0
2024-03-13 15:30:00-04:00,13.444999694824219,13.494999885559082,13.420000076293945,13.4350004196167,195587,0.0,0.0
2024-03-14 09:30:00-04:00,13.359999656677246,13.399999618530273,12.930000305175781,12.949999809265137,109705,0.0,0.0
2024-03-14 10:30:00-04:00,12.944999694824219,13.005000114440918,12.819999694824219,12.845000267028809,269381,0.0,0.0
2024-03-14 11:30:00-04:00,12.847399711608887,12.850000381469727,12.762499809265137,12.78499984741211,128464,0.0,0.0
2024-03-14 12:30:00-04:00,12.789999961853027,12.839400291442871,12.770000457763672,12.78499984741211,76358,0.0,0.0
2024-03-14 13:30:00-04:00,12.779999732971191,13.0,12.774999618530273,12.875,295092,0.0,0.0
2024-03-14 14:30:00-04:00,12.869999885559082,12.930000305175781,12.770000457763672,12.8149995803833,258560,0.0,0.0
2024-03-14 15:30:00-04:00,12.819999694824219,12.925000190734863,12.795000076293945,12.920000076293945,457141,0.0,0.0
2024-03-15 09:30:00-04:00,12.75,13.109999656677246,12.75,13.0600004196167,550013,0.0,0.0
2024-03-15 10:30:00-04:00,13.0649995803833,13.119999885559082,12.9350004196167,12.975000381469727,120385,0.0,0.0
2024-03-15 11:30:00-04:00,12.979999542236328,13.047499656677246,12.975000381469727,13.019499778747559,191243,0.0,0.0
2024-03-15 12:30:00-04:00,13.011099815368652,13.020000457763672,12.920000076293945,12.925000190734863,104620,0.0,0.0
2024-03-15 13:30:00-04:00,12.930000305175781,12.954999923706055,12.854999542236328,12.885000228881836,105422,0.0,0.0
2024-03-15 14:30:00-04:00,12.890000343322754,13.050000190734863,12.864999771118164,13.045000076293945,177125,0.0,0.0
2024-03-15 15:30:00-04:00,13.045000076293945,13.149999618530273,13.024999618530273,13.135000228881836,366557,0.0,0.0
2024-03-18 09:30:00-04:00,13.15999984741211,13.3100004196167,13.130000114440918,13.229999542236328,211740,0.0,0.0
2024-03-18 10:30:00-04:00,13.225000381469727,13.305000305175781,13.199999809265137,13.25,111406,0.0,0.0
2024-03-18 11:30:00-04:00,13.255000114440918,13.34000015258789,13.25,13.329999923706055,85456,0.0,0.0
2024-03-18 12:30:00-04:00,13.324999809265137,13.375,13.324999809265137,13.329999923706055,68526,0.0,0.0
2024-03-18 13:30:00-04:00,13.324999809265137,13.40999984741211,13.289999961853027,13.34000015258789,125142,0.0,0.0
2024-03-18 14:30:00-04:00,13.34000015258789,13.34000015258789,13.225000381469727,13.279999732971191,218877,0.0,0.0
2024-03-18 15:30:00-04:00,13.279999732971191,13.329999923706055,13.265000343322754,13.319999694824219,353704,0.0,0.0
2024-03-19 09:30:00-04:00,13.220000267028809,13.40999984741211,12.994999885559082,13.005000114440918,222657,0.0,0.0
2024-03-19 10:30:00-04:00,13.005000114440918,13.029999732971191,12.920000076293945,12.994999885559082,148781,0.0,0.0
2024-03-19 11:30:00-04:00,12.994999885559082,13.024999618530273,12.9399995803833,13.024999618530273,182676,0.0,0.0
2024-03-19 12:30:00-04:00,13.029999732971191,13.079999923706055,12.984999656677246,13.024999618530273,165872,0.0,0.0
2024-03-19 13:30:00-04:00,13.024999618530273,13.095000267028809,12.989999771118164,13.095000267028809,136109,0.0,0.0
2024-03-19 14:30:00-04:00,13.095000267028809,13.239999771118164,13.0649995803833,13.104999542236328,309692,0.0,0.0
2024-03-19 15:30:00-04:00,13.109999656677246,13.170000076293945,13.074999809265137,13.164999961853027,318635,0.0,0.0
2024-03-20 09:30:00-04:00,13.119999885559082,13.175000190734863,12.960000038146973,13.170000076293945,95043,0.0,0.0
2024-03-20 10:30:00-04:00,13.175000190734863,13.229999542236328,13.149999618530273,13.149999618530273,88770,0.0,0.0
2024-03-20 11:30:00-04:00,13.149999618530273,13.154999732971191,13.09000015258789,13.10990047454834,93257,0.0,0.0
2024-03-20 12:30:00-04:00,13.100000381469727,13.140000343322754,13.085000038146973,13.100000381469727,75478,0.0,0.0
2024-03-20 13:30:00-04:00,13.100000381469727,13.40999984741211,13.074999809265137,13.380000114440918,252732,0.0,0.0
2024-03-20 14:30:00-04:00,13.380000114440918,13.630000114440918,13.229999542236328,13.595000267028809,267530,0.0,0.0
2024-03-20 15:30:00-04:00,13.59000015258789,13.649999618530273,13.489999771118164,13.595000267028809,542007,0.0,0.0
2024-03-21 09:30:00-04:00,13.739999771118164,14.119999885559082,13.6850004196167,14.109999656677246,293047,0.0,0.0
2024-03-21 10:30:00-04:00,14.109999656677246,14.220000267028809,14.074999809265137,14.125,185094,0.0,0.0
2024-03-21 11:30:00-04:00,14.125,14.140000343322754,14.045000076293945,14.079999923706055,164838,0.0,0.0
2024-03-21 12:30:00-04:00,14.085000038146973,14.255000114440918,14.055000305175781,14.255000114440918,202652,0.0,0.0
2024-03-21 13:30:00-04:00,14.255000114440918,14.260000228881836,14.039999961853027,14.119999885559082,452581,0.0,0.0
2024-03-21 14:30:00-04:00,14.125,14.239999771118164,14.100000381469727,14.225000381469727,131956,0.0,0.0
2024-03-21 15:30:00-04:00,14.229999542236328,14.3100004196167,14.225000381469727,14.229999542236328,426526,0.0,0.0
2024-03-22 09:30:00-04:00,14.25,14.300000190734863,13.859999656677246,13.875,126983,0.0,0.0
2024-03-22 10:30:00-04:00,13.869999885559082,13.869999885559082,13.574999809265137,13.625,149870,0.0,0.0
2024-03-22 11:30:00-04:00,13.630000114440918,13.640000343322754,13.524999618530273,13.5600004196167,169239,0.0,0.0
2024-03-22 12:30:00-04:00,13.550000190734863,13.59000015258789,13.520000457763672,13.524999618530273,112878,0.0,0.0
2024-03-22 13:30:00-04:00,13.520000457763672,13.619999885559082,13.510000228881836,13.600000381469727,112685,0.0,0.0
2024-03-22 14:30:00-04:00,13.595000267028809,13.609999656677246,13.404999732971191,13.40999984741211,167837,0.0,0.0
2024-03-22 15:30:00-04:00,13.399999618530273,13.454999923706055,13.369999885559082,13.380000114440918,371617,0.0,0.0
2024-03-25 09:30:00-04:00,13.470000267028809,13.710000038146973,13.470000267028809,13.680000305175781,112813,0.0,0.0
2024-03-25 10:30:00-04:00,13.6899995803833,13.6899995803833,13.604999542236328,13.645000457763672,70517,0.0,0.0
2024-03-25 11:30:00-04:00,13.640000343322754,13.6899995803833,13.59000015258789,13.614999771118164,76953,0.0,0.0
2024-03-25 12:30:00-04:00,13.619999885559082,13.640000343322754,13.5600004196167,13.574999809265137,58073,0.0,0.0
2024-03-25 13:30:00-04:00,13.574999809265137,13.579999923706055,13.524999618530273,13.545000076293945,64145,0.0,0.0
2024-03-25 14:30:00-04:00,13.545000076293945,13.555000305175781,13.470000267028809,13.479999542236328,86078,0.0,0.0
2024-03-25 15:30:00-04:00,13.484999656677246,13.574999809265137,13.470000267028809,13.520000457763672,267969,0.0,0.0
2024-03-26 09:30:00-04:00,13.579999923706055,13.65999984741211,13.369999885559082,13.449999809265137,115545,0.0,0.0
2024-03-26 10:30:00-04:00,13.444999694824219,13.475000381469727,13.319999694824219,13.335000038146973,89569,0.0,0.0
2024-03-26 11:30:00-04:00,13.335000038146973,13.4350004196167,13.300000190734863,13.385000228881836,104905,0.0,0.0
2024-03-26 12:30:00-04:00,13.380000114440918,13.395000457763672,13.319999694824219,13.354999542236328,63496,0.0,0.0
2024-03-26 13:30:00-04:00,13.359999656677246,13.40999984741211,13.305000305175781,13.340499877929688,129842,0.0,0.0
2024-03-26 14:30:00-04:00,13.34000015258789,13.345000267028809,13.265000343322754,13.277400016784668,156212,0.0,0.0
2024-03-26 15:30:00-04:00,13.270000457763672,13.270000457763672,13.140000343322754,13.140000343322754,303812,0.0,0.0
2024-03-27 09:30:00-04:00,13.170000076293945,13.600000381469727,13.069999694824219,13.5600004196167,290166,0.0,0.0
2024-03-27 10:30:00-04:00,13.569999694824219,13.625,13.470000267028809,13.5,95577,0.0,0.0
2024-03-27 11:30:00-04:00,13.5,13.555000305175781,13.425000190734863,13.545000076293945,164713,0.0,0.0
2024-03-27 12:30:00-04:00,13.545000076293945,13.59000015258789,13.529999732971191,13.550000190734863,77531,0.0,0.0
2024-03-27 13:30:00-04:00,13.539999961853027,13.569999694824219,13.479999542236328,13.550000190734863,118831,0.0,0.0
2024-03-27 14:30:00-04:00,13.555000305175781,13.680000305175781,13.520000457763672,13.595000267028809,182030,0.0,0.0
2024-03-27 15:30:00-04:00,13.600000381469727,13.675000190734863,13.53499984741211,13.664999961853027,264334,0.0,0.0
2024-03-28 09:30:00-04:00,13.619999885559082,14.0600004196167,13.609999656677246,13.989999771118164,194345,0.0,0.0
2024-03-28 10:30:00-04:00,14.0,14.045000076293945,13.90999984741211,13.90999984741211,95695,0.0,0.0
2024-03-28 11:30:00-04:00,13.920000076293945,13.975000381469727,13.880000114440918,13.970000267028809,97672,0.0,0.0
2024-03-28 12:30:00-04:00,13.970000267028809,14.005000114440918,13.890000343322754,14.0,105738,0.0,0.0
2024-03-28 13:30:00-04:00,13.989999771118164,14.024999618530273,13.949999809265137,13.984999656677246,191830,0.0,0.0
2024-03-28 14:30:00-04:00,13.979999542236328,13.984999656677246,13.914999961853027,13.96500015258789,134760,0.0,0.0
2024-03-28 15:30:00-04:00,13.960100173950195,13.96500015258789,13.850000381469727,13.869999885559082,351669,0.0,0.0
2024-04-01 09:30:00-04:00,13.899999618530273,13.920000076293945,13.479999542236328,13.479999542236328,108519,0.0,0.0
2024-04-01 10:30:00-04:00,13.479999542236328,13.550000190734863,13.385000228881836,13.539999961853027,151939,0.0,0.0
2024-04-01 11:30:00-04:00,13.539999961853027,13.545000076293945,13.425000190734863,13.489999771118164,81219,0.0,0.0
2024-04-01 12:30:00-04:00,13.479999542236328,13.510000228881836,13.4399995803833,13.470000267028809,94802,0.0,0.0
2024-04-01 13:30:00-04:00,13.46500015258789,13.524999618530273,13.449999809265137,13.479999542236328,98508,0.0,0.0
2024-04-01 14:30:00-04:00,13.475000381469727,13.494999885559082,13.380000114440918,13.40999984741211,150649,0.0,0.0
2024-04-01 15:30:00-04:00,13.404999732971191,13.40999984741211,13.265000343322754,13.319999694824219,707909,0.0,0.0
2024-04-02 09:30:00-04:00,13.140000343322754,13.180000305175781,12.890000343322754,13.055000305175781,315531,0.0,0.0
2024-04-02 10:30:00-04:00,13.050000190734863,13.109999656677246,13.0,13.079999923706055,258621,0.0,0.0
2024-04-02 11:30:00-04:00,13.079999923706055,13.079999923706055,12.975000381469727,12.979999542236328,154879,0.0,0.0
2024-04-02 12:30:00-04:00,12.984999656677246,13.09000015258789,12.970000267028809,13.020000457763672,110690,0.0,0.0
2024-04-02 13:30:00-04:00,13.024999618530273,13.069499969482422,12.936599731445312,13.0600004196167,97721,0.0,0.0
2024-04-02 14:30:00-04:00,13.0600004196167,13.074999809265137,13.0,13.039999961853027,122275,0.0,0.0
2024-04-02 15:30:00-04:00,13.045000076293945,13.15999984741211,13.024999618530273,13.149999618530273,312204,0.0,0.0
2024-04-03 09:30:00-04:00,12.979999542236328,13.295000076293945,12.979999542236328,13.244999885559082,141353,0.0,0.0
2024-04-03 10:30:00-04:00,13.239999771118164,13.25,13.140000343322754,13.229999542236328,86165,0.0,0.0
2024-04-03 11:30:00-04:00,13.220000267028809,13.319999694824219,13.194999694824219,13.319999694824219,68288,0.0,0.0
2024-04-03 12:30:00-04:00,13.319999694824219,13.40999984741211,13.319999694824219,13.399999618530273,267595,0.0,0.0
2024-04-03 13:30:00-04:00,13.395000457763672,13.430000305175781,13.364999771118164,13.375,188716,0.0,0.0
2024-04-03 14:30:00-04:00,13.375,13.375,13.265000343322754,13.28499984741211,327315,0.0,0.0
2024-04-03 15:30:00-04:00,13.289999961853027,13.399999618530273,13.289999961853027,13.350000381469727,209726,0.0,0.0
2024-04-04 09:30:00-04:00,13.550000190734863,13.65999984741211,13.40999984741211,13.46500015258789,175294,0.0,0.0
2024-04-04 10:30:00-04:00,13.449999809265137,13.489999771118164,13.329999923706055,13.335000038146973,73511,0.0,0.0
2024-04-04 11:30:00-04:00,13.34000015258789,13.354999542236328,13.270000457763672,13.335000038146973,162541,0.0,0.0
2024-04-04 12:30:00-04:00,13.335000038146973,13.350000381469727,13.265000343322754,13.274999618530273,65956,0.0,0.0
2024-04-04 13:30:00-04:00,13.270000457763672,13.274999618530273,13.050000190734863,13.050000190734863,158798,0.0,0.0
2024-04-04 14:30:00-04:00,13.039999961853027,13.130000114440918,12.984999656677246,13.092499732971191,176048,0.0,0.0
2024-04-04 15:30:00-04:00,13.095000267028809,13.154999732971191,13.0600004196167,13.069999694824219,297599,0.0,0.0
2024-04-05 09:30:00-04:00,12.970000267028809,13.079999923706055,12.970000267028809,13.015000343322754,125689,0.0,0.0
2024-04-05 10:30:00-04:00,13.010000228881836,13.109999656677246,12.979999542236328,13.024999618530273,120635,0.0,0.0
2024-04-05 11:30:00-04:00,13.03499984741211,13.194999694824219,13.024999618530273,13.170000076293945,90502,0.0,0.0
2024-04-05 12:30:00-04:00,13.164999961853027,13.164999961853027,13.119999885559082,13.140000343322754,51380,0.0,0.0
2024-04-05 13:30:00-04:00,13.135000228881836,13.165200233459473,13.0600004196167,13.103099822998047,84627,0.0,0.0
2024-04-05 14:30:00-04:00,13.109999656677246,13.135000228881836,13.069999694824219,13.130000114440918,77219,0.0,0.0
2024-04-05 15:30:00-04:00,13.130000114440918,13.170000076293945,13.085000038146973,13.119999885559082,136576,0.0,0.0
2024-04-08 09:30:00-04:00,13.359999656677246,13.5600004196167,13.289999961853027,13.454999923706055,171528,0.0,0.0
2024-04-08 10:30:00-04:00,13.454999923706055,13.645000457763672,13.449999809265137,13.614999771118164,54169,0.0,0.0
2024-04-08 11:30:00-04:00,13.614999771118164,13.645000457763672,13.5649995803833,13.625,49200,0.0,0.0
2024-04-08 12:30:00-04:00,13.635000228881836,13.739999771118164,13.635000228881836,13.729999542236328,72330,0.0,0.0
2024-04-08 13:30:00-04:00,13.725000381469727,13.729999542236328,13.675000190734863,13.6850004196167,56459,0.0,0.0
2024-04-08 14:30:00-04:00,13.6850004196167,13.720000267028809,13.630000114440918,13.649999618530273,87754,0.0,0.0
2024-04-08 15:30:00-04:00,13.64739990234375,13.779999732971191,13.630000114440918,13.755000114440918,356983,0.0,0.0
2024-04-09 09:30:00-04:00,13.770000457763672,14.1899995803833,13.725000381469727,14.119999885559082,171341,0.0,0.0
2024-04-09 10:30:00-04:00,14.079999923706055,14.104999542236328,13.914999961853027,13.994999885559082,211272,0.0,0.0
2024-04-09 11:30:00-04:00,13.994999885559082,14.125,13.979999542236328,14.119999885559082,119436,0.0,0.0
2024-04-09 12:30:00-04:00,14.125,14.194999694824219,14.104999542236328,14.170000076293945,158347,0.0,0.0
2024-04-09 13:30:00-04:00,14.170000076293945,14.1850004196167,14.119999885559082,14.180000305175781,142868,0.0,0.0
2024-04-09 14:30:00-04:00,14.175000190734863,14.25,14.130000114440918,14.234999656677246,212941,0.0,0.0
2024-04-09 15:30:00-04:00,14.234999656677246,14.265000343322754,14.15999984741211,14.239999771118164,391740,0.0,0.0
2024-04-10 09:30:00-04:00,13.539999961853027,13.604999542236328,13.210000038146973,13.399999618530273,353741,0.0,0.0
2024-04-10 10:30:00-04:00,13.399999618530273,13.454999923706055,13.244999885559082,13.34000015258789,136124,0.0,0.0
2024-04-10 11:30:00-04:00,13.329999923706055,13.329999923706055,13.104999542236328,13.204999923706055,456538,0.0,0.0
2024-04-10 12:30:00-04:00,13.199999809265137,13.210000038146973,13.039999961853027,13.09000015258789,375555,0.0,0.0
2024-04-10 13:30:00-04:00,13.095000267028809,13.180000305175781,13.015000343322754,13.020000457763672,157163,0.0,0.0
2024-04-10 14:30:00-04:00,13.020000457763672,13.135000228881836,12.970000267028809,13.114999771118164,119835,0.0,0.0
2024-04-10 15:30:00-04:00,13.114999771118164,13.1899995803833,13.03499984741211,13.15999984741211,453030,0.0,0.0
2024-04-11 09:30:00-04:00,13.279999732971191,13.380000114440918,13.180000305175781,13.265000343322754,311594,0.0,0.0
2024-04-11 10:30:00-04:00,13.270000457763672,13.380000114440918,13.21500015258789,13.354999542236328,417029,0.0,0.0
2024-04-11 11:30:00-04:00,13.345000267028809,13.595000267028809,13.345000267028809,13.425000190734863,196117,0.0,0.0
2024-04-11 12:30:00-04:00,13.420000076293945,13.550000190734863,13.420000076293945,13.539999961853027,154187,0.0,0.0
2024-04-11 13:30:00-04:00,13.539999961853027,13.619999885559082,13.529999732971191,13.579400062561035,89653,0.0,0.0
2024-04-11 14:30:00-04:00,13.569999694824219,13.609999656677246,13.510000228881836,13.529999732971191,107546,0.0,0.0
2024-04-11 15:30:00-04:00,13.529999732971191,13.5600004196167,13.479999542236328,13.479999542236328,305136,0.0,0.0
2024-04-12 09:30:00-04:00,13.380000114440918,13.449999809265137,13.154999732971191,13.180000305175781,127031,0.0,0.0
2024-04-12 10:30:00-04:00,13.1850004196167,13.239999771118164,13.154999732971191,13.229999542236328,83783,0.0,0.0
2024-04-12 11:30:00-04:00,13.229999542236328,13.274999618530273,13.199999809265137,13.204999923706055,147975,0.0,0.0
2024-04-12 12:30:00-04:00,13.204999923706055,13.270000457763672,13.149999618530273,13.149999618530273,291807,0.0,0.0
2024-04-12 13:30:00-04:00,13.140000343322754,13.300000190734863,13.129500389099121,13.225000381469727,215920,0.0,0.0
2024-04-12 14:30:00-04:00,13.225000381469727,13.239999771118164,13.069999694824219,13.15999984741211,414524,0.0,0.0
2024-04-12 15:30:00-04:00,13.170000076293945,13.289999961853027,13.149999618530273,13.260000228881836,368844,0.0,0.0
2024-04-15 09:30:00-04:00,13.34000015258789,13.385000228881836,13.100000381469727,13.135000228881836,267508,0.0,0.0
2024-04-15 10:30:00-04:00,13.140000343322754,13.175000190734863,13.0,13.0649995803833,126620,0.0,0.0
2024-04-15 11:30:00-04:00,13.069999694824219,13.164999961853027,13.0,13.010000228881836,147873,0.0,0.0
2024-04-15 12:30:00-04:00,13.010000228881836,13.024999618530273,12.880000114440918,12.890000343322754,112057,0.0,0.0
2024-04-15 13:30:00-04:00,12.890000343322754,12.984999656677246,12.864999771118164,12.904999732971191,203188,0.0,0.0
2024-04-15 14:30:00-04:00,12.904999732971191,12.930000305175781,12.829999923706055,12.875,206219,0.0,0.0
2024-04-15 15:30:00-04:00,12.875,12.949999809265137,12.850000381469727,12.930000305175781,304782,0.0,0.0
2024-04-16 09:30:00-04:00,12.779999732971191,12.779999732971191,12.5,12.59000015258789,215218,0.0,0.0
2024-04-16 10:30:00-04:00,12.579999923706055,12.760000228881836,12.539999961853027,12.725000381469727,170411,0.0,0.0
2024-04-16 11:30:00-04:00,12.725000381469727,12.819999694824219,12.710000038146973,12.805000305175781,159224,0.0,0.0
2024-04-16 12:30:00-04:00,12.8100004196167,12.890000343322754,12.800000190734863,12.84000015258789,107846,0.0,0.0
2024-04-16 13:30:00-04:00,12.829999923706055,12.899999618530273,12.729999542236328,12.744999885559082,166332,0.0,0.0
2024-04-16 14:30:00-04:00,12.75,12.829999923706055,12.729999542236328,12.755000114440918,175584,0.0,0.0
2024-04-16 15:30:00-04:00,12.75,12.760000228881836,12.680000305175781,12.760000228881836,299874,0.0,0.0
2024-04-17 09:30:00-04:00,12.800000190734863,12.979999542236328,12.739999771118164,12.8100004196167,108016,0.0,0.0
2024-04-17 10:30:00-04:00,12.8100004196167,12.899999618530273,12.789999961853027,12.800000190734863,73698,0.0,0.0
2024-04-17 11:30:00-04:00,12.800000190734863,12.875,12.770000457763672,12.854999542236328,94956,0.0,0.0
2024-04-17 12:30:00-04:00,12.850000381469727,13.005000114440918,12.850000381469727,13.005000114440918,91109,0.0,0.0
2024-04-17 13:30:00-04:00,13.005000114440918,13.049099922180176,12.960000038146973,12.989999771118164,117753,0.0,0.0
2024-04-17 14:30:00-04:00,12.994999885559082,13.03499984741211,12.899999618530273,12.90999984741211,202768,0.0,0.0
2024-04-17 15:30:00-04:00,12.920000076293945,12.9350004196167,12.869999885559082,12.880000114440918,273231,0.0,0.0
2024-04-18 09:30:00-04:00,12.9399995803833,13.020000457763672,12.8149995803833,13.015000343322754,86197,0.0,0.0
2024-04-18 10:30:00-04:00,13.015000343322754,13.109999656677246,13.010000228881836,13.0600004196167,212276,0.0,0.0
2024-04-18 11:30:00-04:00,13.0600004196167,13.085000038146973,13.020000457763672,13.055000305175781,96079,0.0,0.0
2024-04-18 12:30:00-04:00,13.045000076293945,13.045000076293945,12.899999618530273,12.970000267028809,79057,0.0,0.0
2024-04-18 13:30:00-04:00,12.96500015258789,12.96500015258789,12.90999984741211,12.90999984741211,74743,0.0,0.0
2024-04-18 14:30:00-04:00,12.899999618530273,12.970000267028809,12.880000114440918,12.960000038146973,136073,0.0,0.0
2024-04-18 15:30:00-04:00,12.960000038146973,13.050000190734863,12.9399995803833,13.0,346069,0.0,0.0
2024-04-19 09:30:00-04:00,12.979999542236328,13.210000038146973,12.979999542236328,13.1899995803833,117484,0.0,0.0
2024-04-19 10:30:00-04:00,13.199999809265137,13.229999542236328,13.114999771118164,13.166099548339844,49877,0.0,0.0
2024-04-19 11:30:00-04:00,13.15999984741211,13.229999542236328,13.109999656677246,13.119999885559082,117506,0.0,0.0
2024-04-19 12:30:00-04:00,13.125,13.239999771118164,13.119999885559082,13.180000305175781,72605,0.0,0.0
2024-04-19 13:30:00-04:00,13.180000305175781,13.220000267028809,13.125,13.130000114440918,92883,0.0,0.0
2024-04-19 14:30:00-04:00,13.125,13.204999923706055,13.100000381469727,13.1899995803833,122154,0.0,0.0
2024-04-19 15:30:00-04:00,13.1850004196167,13.329999923706055,13.154999732971191,13.319999694824219,316935,0.0,0.0
2024-04-22 09:30:00-04:00,13.350000381469727,13.390000343322754,13.180000305175781,13.21500015258789,349862,0.0,0.0
2024-04-22 10:30:00-04:00,13.21500015258789,13.300000190734863,13.1850004196167,13.274999618530273,104080,0.0,0.0
2024-04-22 11:30:00-04:00,13.274999618530273,13.324999809265137,13.239999771118164,13.300000190734863,120371,0.0,0.0
2024-04-22 12:30:00-04:00,13.307499885559082,13.40999984741211,13.295000076293945,13.380000114440918,116472,0.0,0.0
2024-04-22 13:30:00-04:00,13.380000114440918,13.46500015258789,13.369999885559082,13.425000190734863,96949,0.0,0.0
2024-04-22 14:30:00-04:00,13.420000076293945,13.449999809265137,13.34000015258789,13.345000267028809,344446,0.0,0.0
2024-04-22 15:30:00-04:00,13.345000267028809,13.399999618530273,13.300000190734863,13.319999694824219,406591,0.0,0.0
2024-04-23 09:30:00-04:00,13.329999923706055,13.595000267028809,13.319999694824219,13.5600004196167,230196,0.0,0.0
2024-04-23 10:30:00-04:00,13.550000190734863,13.697500228881836,13.539999961853027,13.675000190734863,141331,0.0,0.0
2024-04-23 11:30:00-04:00,13.675000190734863,13.729999542236328,13.635000228881836,13.729999542236328,132812,0.0,0.0
2024-04-23 12:30:00-04:00,13.725000381469727,13.770000457763672,13.720000267028809,13.734999656677246,94438,0.0,0.0
2024-04-23 13:30:00-04:00,13.739999771118164,13.835000038146973,13.729999542236328,13.78499984741211,165348,0.0,0.0
2024-04-23 14:30:00-04:00,13.78499984741211,13.819999694824219,13.670000076293945,13.6850004196167,183257,0.0,0.0
2024-04-23 15:30:00-04:00,13.680000305175781,13.680000305175781,13.5600004196167,13.5600004196167,342129,0.0,0.0
2024-04-24 09:30:00-04:00,13.420000076293945,13.520000457763672,13.25,13.494999885559082,122995,0.0,0.0
2024-04-24 10:30:00-04:00,13.479999542236328,13.505000114440918,13.34000015258789,13.364999771118164,135350,0.0,0.0
2024-04-24 11:30:00-04:00,13.364999771118164,13.4399995803833,13.34000015258789,13.430000305175781,129214,0.0,0.0
2024-04-24 12:30:00-04:00,13.430000305175781,13.449999809265137,13.395000457763672,13.444999694824219,76802,0.0,0.0
2024-04-24 13:30:00-04:00,13.4399995803833,13.505000114440918,13.414999961853027,13.5,143166,0.0,0.0
2024-04-24 14:30:00-04:00,13.505000114440918,13.5600004196167,13.491000175476074,13.53499984741211,165927,0.0,0.0
2024-04-24 15:30:00-04:00,13.53499984741211,13.579999923706055,13.529999732971191,13.5600004196167,340785,0.0,0.0
2024-04-25 09:30:00-04:00,13.279999732971191,13.350000381469727,13.045000076293945,13.114999771118164,154133,0.0,0.0
2024-04-25 10:30:00-04:00,13.109999656677246,13.225000381469727,13.104999542236328,13.220000267028809,375426,0.0,0.0
2024-04-25 11:30:00-04:00,13.220000267028809,13.227899551391602,13.142499923706055,13.1899995803833,173029,0.0,0.0
2024-04-25 12:30:00-04:00,13.194999694824219,13.229999542236328,13.149999618530273,13.229999542236328,123881,0.0,0.0
2024-04-25 13:30:00-04:00,13.220000267028809,13.335000038146973,13.21500015258789,13.21500015258789,157361,0.0,0.0
2024-04-25 14:30:00-04:00,13.21500015258789,13.380000114440918,13.21500015258789,13.375,225954,0.0,0.0
2024-04-25 15:30:00-04:00,13.380000114440918,13.380000114440918,13.25,13.3100004196167,358185,0.0,0.0
2024-04-26 09:30:00-04:00,13.350000381469727,13.65999984741211,13.319999694824219,13.550000190734863,104105,0.0,0.0
2024-04-26 10:30:00-04:00,13.550000190734863,13.5649995803833,13.444999694824219,13.454999923706055,70661,0.0,0.0
2024-04-26 11:30:00-04:00,13.449999809265137,13.539999961853027,13.420000076293945,13.524999618530273,112825,0.0,0.0
2024-04-26 12:30:00-04:00,13.524999618530273,13.5600004196167,13.5,13.5,108772,0.0,0.0
2024-04-26 13:30:00-04:00,13.5,13.520000457763672,13.479999542236328,13.510000228881836,51473,0.0,0.0
2024-04-26 14:30:00-04:00,13.510000228881836,13.529999732971191,13.454999923706055,13.454999923706055,72679,0.0,0.0
2024-04-26 15:30:00-04:00,13.449999809265137,13.470000267028809,13.34000015258789,13.380000114440918,190234,0.0,0.0
2024-04-29 09:30:00-04:00,13.5600004196167,13.770000457763672,13.5600004196167,13.6850004196167,378143,0.0,0.0
2024-04-29 10:30:00-04:00,13.6850004196167,13.729999542236328,13.649999618530273,13.65999984741211,76238,0.0,0.0
2024-04-29 11:30:00-04:00,13.649999618530273,13.699999809265137,13.649999618530273,13.6850004196167,43383,0.0,0.0
2024-04-29 12:30:00-04:00,13.704999923706055,13.75,13.670000076293945,13.729999542236328,146771,0.0,0.0
2024-04-29 13:30:00-04:00,13.729999542236328,13.824999809265137,13.729999542236328,13.8149995803833,88690,0.0,0.0
2024-04-29 14:30:00-04:00,13.8100004196167,13.8100004196167,13.65999984741211,13.729999542236328,172183,0.0,0.0
2024-04-29 15:30:00-04:00,13.720000267028809,13.829999923706055,13.720000267028809,13.819999694824219,495108,0.0,0.0
2024-04-30 09:30:00-04:00,13.65999984741211,13.859999656677246,13.529999732971191,13.8100004196167,135343,0.0,0.0
2024-04-30 10:30:00-04:00,13.800000190734863,13.84000015258789,13.725000381469727,13.8100004196167,132931,0.0,0.0
2024-04-30 11:30:00-04:00,13.8149995803833,13.890000343322754,13.800000190734863,13.8149995803833,173941,0.0,0.0
2024-04-30 12:30:00-04:00,13.8149995803833,13.819999694824219,13.6899995803833,13.819999694824219,134968,0.0,0.0
2024-04-30 13:30:00-04:00,13.819999694824219,13.859999656677246,13.8100004196167,13.824999809265137,134663,0.0,0.0
2024-04-30 14:30:00-04:00,13.824999809265137,13.845000267028809,13.699999809265137,13.729999542236328,229981,0.0,0.0
2024-04-30 15:30:00-04:00,13.729999542236328,13.770000457763672,13.670000076293945,13.710000038146973,521554,0.0,0.0
2024-05-01 09:30:00-04:00,13.75,13.800000190734863,13.539999961853027,13.720000267028809,173225,0.0,0.0
2024-05-01 10:30:00-04:00,13.71500015258789,13.744999885559082,13.600000381469727,13.704999923706055,157764,0.0,0.0
2024-05-01 11:30:00-04:00,13.720000267028809,13.729999542236328,13.5649995803833,13.569999694824219,104224,0.0,0.0
2024-05-01 12:30:00-04:00,13.5649995803833,13.595000267028809,13.505000114440918,13.550000190734863,123790,0.0,0.0
2024-05-01 13:30:00-04:00,13.545000076293945,13.614999771118164,13.470000267028809,13.510000228881836,106378,0.0,0.0
2024-05-01 14:30:00-04:00,13.510000228881836,13.890000343322754,13.420000076293945,13.604999542236328,357024,0.0,0.0
2024-05-01 15:30:00-04:00,13.600000381469727,13.600000381469727,13.399999618530273,13.430000305175781,421411,0.0,0.0
2024-05-02 09:30:00-04:00,13.65999984741211,13.699999809265137,13.3100004196167,13.414999961853027,125038,0.0,0.0
2024-05-02 10:30:00-04:00,13.420000076293945,13.5,13.350000381469727,13.449999809265137,116027,0.0,0.0
2024-05-02 11:30:00-04:00,13.454999923706055,13.579999923706055,13.444999694824219,13.569999694824219,100407,0.0,0.0
2024-05-02 12:30:00-04:00,13.5649995803833,13.645000457763672,13.520000457763672,13.635000228881836,83713,0.0,0.0
2024-05-02 13:30:00-04:00,13.640000343322754,13.699999809265137,13.609999656677246,13.694999694824219,100148,0.0,0.0
2024-05-02 14:30:00-04:00,13.694999694824219,13.770000457763672,13.675000190734863,13.704999923706055,158916,0.0,0.0
2024-05-02 15:30:00-04:00,13.704999923706055,13.800000190734863,13.699999809265137,13.739999771118164,309477,0.0,0.0
2024-05-03 09:30:00-04:00,14.119999885559082,14.34000015258789,13.890000343322754,13.96500015258789,232191,0.0,0.0
2024-05-03 10:30:00-04:00,13.970000267028809,13.994999885559082,13.829999923706055,13.890000343322754,82368,0.0,0.0
2024-05-03 11:30:00-04:00,13.890000343322754,13.949999809265137,13.800000190734863,13.859999656677246,74098,0.0,0.0
2024-05-03 12:30:00-04:00,13.854999542236328,13.885000228881836,13.78499984741211,13.795000076293945,71263,0.0,0.0
2024-05-03 13:30:00-04:00,13.789999961853027,13.84000015258789,13.75,13.824999809265137,64460,0.0,0.0
2024-05-03 14:30:00-04:00,13.824999809265137,13.835000038146973,13.729999542236328,13.755000114440918,73902,0.0,0.0
2024-05-03 15:30:00-04:00,13.75,13.880000114440918,13.744999885559082,13.84000015258789,223269,0.0,0.0
2024-05-06 09:30:00-04:00,14.0600004196167,14.180000305175781,13.914999961853027,14.005000114440918,206751,0.0,0.0
2024-05-06 10:30:00-04:00,14.0,14.010000228881836,13.880000114440918,13.899999618530273,91848,0.0,0.0
2024-05-06 11:30:00-04:00,13.904999732971191,13.925000190734863,13.824999809265137,13.824999809265137,107970,0.0,0.0
2024-05-06 12:30:00-04:00,13.824999809265137,13.824999809265137,13.774999618530273,13.805000305175781,80690,0.0,0.0
2024-05-06 13:30:00-04:00,13.805000305175781,13.854999542236328,13.800000190734863,13.829999923706055,73329,0.0,0.0
2024-05-06 14:30:00-04:00,13.829999923706055,13.899999618530273,13.824999809265137,13.875,140900,0.0,0.0
2024-05-06 15:30:00-04:00,13.875,13.925000190734863,13.859999656677246,13.890000343322754,252555,0.0,0.0
2024-05-07 09:30:00-04:00,14.0,14.119999885559082,13.960000038146973,14.010000228881836,202549,0.0,0.0
2024-05-07 10:30:00-04:00,14.010000228881836,14.024999618530273,13.925000190734863,13.925000190734863,213269,0.0,0.0
2024-05-07 11:30:00-04:00,13.925000190734863,13.96500015258789,13.899999618530273,13.904999732971191,134751,0.0,0.0
2024-05-07 12:30:00-04:00,13.899999618530273,13.914999961853027,13.854999542236328,13.880000114440918,82757,0.0,0.0
2024-05-07 13:30:00-04:00,13.875,13.880000114440918,13.649999618530273,13.760000228881836,368878,0.0,0.0
2024-05-07 14:30:00-04:00,13.760000228881836,13.869999885559082,13.75,13.869999885559082,347715,0.0,0.0
2024-05-07 15:30:00-04:00,13.869999885559082,13.899999618530273,13.739999771118164,13.739999771118164,478261,0.0,0.0
2024-05-08 09:30:00-04:00,13.949999809265137,14.069999694824219,13.460000038146973,13.729999542236328,422928,0.0,0.0
2024-05-08 10:30:00-04:00,13.720000267028809,13.899999618530273,13.710000038146973,13.864999771118164,182940,0.0,0.0
2024-05-08 11:30:00-04:00,13.864999771118164,13.930000305175781,13.795000076293945,13.930000305175781,175533,0.0,0.0
2024-05-08 12:30:00-04:00,13.925000190734863,14.010000228881836,13.854999542236328,13.920000076293945,290904,0.0,0.0
2024-05-08 13:30:00-04:00,13.914999961853027,13.970000267028809,13.899999618530273,13.960000038146973,307983,0.0,0.0
2024-05-08 14:30:00-04:00,13.954999923706055,14.010000228881836,13.859999656677246,13.890000343322754,335778,0.0,0.0
2024-05-08 15:30:00-04:00,13.885000228881836,14.069999694824219,13.8149995803833,13.949999809265137,733665,0.0,0.0
2024-05-09 09:30:00-04:00,14.050000190734863,14.25,13.984999656677246,14.234999656677246,139833,0.0,0.0
2024-05-09 10:30:00-04:00,14.234999656677246,14.255000114440918,14.045000076293945,14.0649995803833,212540,0.0,0.0
2024-05-09 11:30:00-04:00,14.0649995803833,14.074999809265137,13.989999771118164,14.015000343322754,104995,0.0,0.0
2024-05-09 12:30:00-04:00,14.010000228881836,14.050000190734863,13.930000305175781,13.949999809265137,104525,0.0,0.0
2024-05-09 13:30:00-04:00,13.944999694824219,14.03499984741211,13.944999694824219,14.03499984741211,99647,0.0,0.0
2024-05-09 14:30:00-04:00,14.03499984741211,14.135000228881836,14.024999618530273,14.130000114440918,142563,0.0,0.0
2024-05-09 15:30:00-04:00,14.125,14.1899995803833,14.085000038146973,14.164999961853027,474300,0.0,0.0
2024-05-10 09:30:00-04:00,14.210000038146973,14.25,14.0600004196167,14.074999809265137,114608,0.0,0.0
2024-05-10 10:30:00-04:00,14.074999809265137,14.149999618530273,13.899999618530273,13.9399995803833,153803,0.0,0.0
2024-05-10 11:30:00-04:00,13.949999809265137,14.005000114440918,13.925000190734863,14.0,101563,0.0,0.0
2024-05-10 12:30:00-04:00,14.0,14.03499984741211,13.979999542236328,14.0,80841,0.0,0.0
2024-05-10 13:30:00-04:00,13.994999885559082,14.039999961853027,13.989999771118164,14.024999618530273,92188,0.0,0.0
2024-05-10 14:30:00-04:00,14.020000457763672,14.069999694824219,14.010000228881836,14.024999618530273,108566,0.0,0.0
2024-05-10 15:30:00-04:00,14.029999732971191,14.109999656677246,14.029999732971191,14.100000381469727,243244,0.0,0.0
2024-05-13 09:30:00-04:00,14.270000457763672,14.454999923706055,14.239999771118164,14.449999809265137,63329,0.0,0.0
2024-05-13 10:30:00-04:00,14.449999809265137,14.5600004196167,14.414999961853027,14.414999961853027,140445,0.0,0.0
2024-05-13 11:30:00-04:00,14.399999618530273,14.399999618530273,14.295000076293945,14.364999771118164,124406,0.0,0.0
2024-05-13 12:30:00-04:00,14.364999771118164,14.369999885559082,14.300000190734863,14.345000267028809,51955,0.0,0.0
2024-05-13 13:30:00-04:00,14.345000267028809,14.369999885559082,14.319999694824219,14.369999885559082,91951,0.0,0.0
2024-05-13 14:30:00-04:00,14.364999771118164,14.399999618530273,14.350000381469727,14.380000114440918,127332,0.0,0.0
2024-05-13 15:30:00-04:00,14.375,14.460000038146973,14.359999656677246,14.425000190734863,429032,0.0,0.0
2024-05-14 09:30:00-04:00,14.699999809265137,14.850000381469727,14.640000343322754,14.739999771118164,135358,0.0,0.0
2024-05-14 10:30:00-04:00,14.744999885559082,14.755000114440918,14.645000457763672,14.699999809265137,72067,0.0,0.0
2024-05-14 11:30:00-04:00,14.704999923706055,14.829999923706055,14.6850004196167,14.765000343322754,105211,0.0,0.0
2024-05-14 12:30:00-04:00,14.765000343322754,14.845000267028809,14.744999885559082,14.829999923706055,251808,0.0,0.0
2024-05-14 13:30:00-04:00,14.829999923706055,14.930000305175781,14.789999961853027,14.925000190734863,363189,0.0,0.0
2024-05-14 14:30:00-04:00,14.920000076293945,15.020000457763672,14.920000076293945,14.970000267028809,328933,0.0,0.0
2024-05-14 15:30:00-04:00,14.96500015258789,14.994999885559082,14.9399995803833,14.96500015258789,364369,0.0,0.0
2024-05-15 09:30:00-04:00,15.319999694824219,15.420000076293945,15.104999542236328,15.180000305175781,354420,0.0,0.0
2024-05-15 10:30:00-04:00,15.1899995803833,15.335000038146973,15.182499885559082,15.222000122070312,198839,0.0,0.0
2024-05-15 11:30:00-04:00,15.220000267028809,15.255000114440918,15.129899978637695,15.130000114440918,117927,0.0,0.0
2024-05-15 12:30:00-04:00,15.140000343322754,15.140000343322754,15.010000228881836,15.029999732971191,102089,0.0,0.0
2024-05-15 13:30:00-04:00,15.024999618530273,15.039999961853027,14.845000267028809,14.864999771118164,183250,0.0,0.0
2024-05-15 14:30:00-04:00,14.859999656677246,14.864999771118164,14.770000457763672,14.770000457763672,192708,0.0,0.0
2024-05-15 15:30:00-04:00,14.770000457763672,14.819999694824219,14.720000267028809,14.739999771118164,400007,0.0,0.0
2024-05-16 09:30:00-04:00,14.739999771118164,14.75,14.359999656677246,14.390000343322754,184113,0.0,0.0
2024-05-16 10:30:00-04:00,14.390000343322754,14.460000038146973,14.329999923706055,14.40999984741211,99993,0.0,0.0
2024-05-16 11:30:00-04:00,14.399999618530273,14.404999732971191,14.350000381469727,14.359999656677246,110397,0.0,0.0
2024-05-16 12:30:00-04:00,14.350000381469727,14.359999656677246,14.274999618530273,14.279999732971191,97956,0.0,0.0
2024-05-16 13:30:00-04:00,14.289999961853027,14.369999885559082,14.289999961853027,14.324999809265137,145722,0.0,0.0
2024-05-16 14:30:00-04:00,14.324999809265137,14.354999542236328,14.3100004196167,14.319999694824219,119780,0.0,0.0
2024-05-16 15:30:00-04:00,14.319999694824219,14.40999984741211,14.295000076293945,14.395000457763672,350533,0.0,0.0
2024-05-17 09:30:00-04:00,14.430000305175781,14.430000305175781,14.289999961853027,14.335000038146973,89932,0.0,0.0
2024-05-17 10:30:00-04:00,14.335000038146973,14.335000038146973,14.265000343322754,14.270000457763672,33776,0.0,0.0
2024-05-17 11:30:00-04:00,14.265000343322754,14.3100004196167,14.244999885559082,14.289999961853027,43384,0.0,0.0
2024-05-17 12:30:00-04:00,14.289999961853027,14.319999694824219,14.265000343322754,14.3149995803833,84062,0.0,0.0
2024-05-17 13:30:00-04:00,14.3100004196167,14.319999694824219,14.270000457763672,14.28499984741211,39246,0.0,0.0
2024-05-17 14:30:00-04:00,14.289999961853027,14.300000190734863,14.220000267028809,14.225000381469727,53941,0.0,0.0
2024-05-17 15:30:00-04:00,14.225000381469727,14.25,14.149999618530273,14.1899995803833,248542,0.0,0.0
2024-05-20 09:30:00-04:00,14.220000267028809,14.246000289916992,14.079999923706055,14.109999656677246,66582,0.0,0.0
2024-05-20 10:30:00-04:00,14.119999885559082,14.255000114440918,14.119999885559082,14.204999923706055,53502,0.0,0.0
2024-05-20 11:30:00-04:00,14.210000038146973,14.220000267028809,14.16469955444336,14.1850004196167,59248,0.0,0.0
2024-05-20 12:30:00-04:00,14.1899995803833,14.199999809265137,14.145000457763672,14.170000076293945,53994,0.0,0.0
2024-05-20 13:30:00-04:00,14.164999961853027,14.164999961853027,14.0600004196167,14.104999542236328,58685,0.0,0.0
2024-05-20 14:30:00-04:00,14.109999656677246,14.140000343322754,14.079999923706055,14.095000267028809,90540,0.0,0.0
2024-05-20 15:30:00-04:00,14.095000267028809,14.095000267028809,14.010000228881836,14.079999923706055,273137,0.0,0.0
2024-05-21 09:30:00-04:00,14.020000457763672,14.194999694824219,13.994999885559082,14.175000190734863,67091,0.0,0.0
2024-05-21 10:30:00-04:00,14.170000076293945,14.1850004196167,14.119999885559082,14.135000228881836,129720,0.0,0.0
2024-05-21 11:30:00-04:00,14.130000114440918,14.145000457763672,14.069999694824219,14.145000457763672,55568,0.0,0.0
2024-05-21 12:30:00-04:00,14.140000343322754,14.199999809265137,14.140000343322754,14.1850004196167,71170,0.0,0.0
2024-05-21 13:30:00-04:00,14.1899995803833,14.204999923706055,14.119999885559082,14.145000457763672,63173,0.0,0.0
2024-05-21 14:30:00-04:00,14.145000457763672,14.170000076293945,14.114999771118164,14.164999961853027,155176,0.0,0.0
2024-05-21 15:30:00-04:00,14.170000076293945,14.225000381469727,14.15999984741211,14.162500381469727,168498,0.0,0.0
2024-05-22 09:30:00-04:00,14.0600004196167,14.234999656677246,14.020000457763672,14.029999732971191,65148,0.0,0.0
2024-05-22 10:30:00-04:00,14.024999618530273,14.079999923706055,14.0,14.029999732971191,64947,0.0,0.0
2024-05-22 11:30:00-04:00,14.020000457763672,14.055000305175781,13.989999771118164,14.045000076293945,52269,0.0,0.0
2024-05-22 12:30:00-04:00,14.039999961853027,14.0600004196167,14.024999618530273,14.029999732971191,31384,0.0,0.0
2024-05-22 13:30:00-04:00,14.039999961853027,14.045000076293945,13.8100004196167,13.8100004196167,83592,0.0,0.0
2024-05-22 14:30:00-04:00,13.8100004196167,13.84000015258789,13.760000228881836,13.789999961853027,92698,0.0,0.0
2024-05-22 15:30:00-04:00,13.789999961853027,13.824999809265137,13.770000457763672,13.8100004196167,259594,0.0,0.0
2024-05-23 09:30:00-04:00,13.819999694824219,13.819999694824219,13.510000228881836,13.520000457763672,140705,0.0,0.0
2024-05-23 10:30:00-04:00,13.529999732971191,13.625,13.494999885559082,13.524999618530273,182055,0.0,0.0
2024-05-23 11:30:00-04:00,13.524999618530273,13.569999694824219,13.489999771118164,13.515000343322754,53877,0.0,0.0
2024-05-23 12:30:00-04:00,13.515000343322754,13.52750015258789,13.390000343322754,13.4350004196167,76024,0.0,0.0
2024-05-23 13:30:00-04:00,13.4350004196167,13.4350004196167,13.3100004196167,13.3149995803833,123373,0.0,0.0
2024-05-23 14:30:00-04:00,13.3100004196167,13.364999771118164,13.300000190734863,13.319999694824219,177984,0.0,0.0
2024-05-23 15:30:00-04:00,13.319999694824219,13.399999618530273,13.3100004196167,13.399999618530273,255620,0.0,0.0
2024-05-24 09:30:00-04:00,13.520000457763672,13.604999542236328,13.430000305175781,13.5600004196167,129106,0.0,0.0
2024-05-24 10:30:00-04:00,13.550000190734863,13.579999923706055,13.484999656677246,13.550000190734863,81719,0.0,0.0
2024-05-24 11:30:00-04:00,13.555000305175781,13.555000305175781,13.479999542236328,13.479999542236328,44252,0.0,0.0
2024-05-24 12:30:00-04:00,13.479999542236328,13.484999656677246,13.369999885559082,13.444999694824219,50248,0.0,0.0
2024-05-24 13:30:00-04:00,13.444999694824219,13.494999885559082,13.390000343322754,13.395000457763672,36907,0.0,0.0
2024-05-24 14:30:00-04:00,13.390000343322754,13.4350004196167,13.359999656677246,13.369999885559082,76319,0.0,0.0
2024-05-24 15:30:00-04:00,13.369999885559082,13.40999984741211,13.345000267028809,13.369999885559082,246548,0.0,0.0
2024-05-28 09:30:00-04:00,13.5,13.630000114440918,13.395000457763672,13.484999656677246,87738,0.0,0.0
2024-05-28 10:30:00-04:00,13.489999771118164,13.520000457763672,13.40999984741211,13.460000038146973,55556,0.0,0.0
2024-05-28 11:30:00-04:00,13.458999633789062,13.479999542236328,13.40999984741211,13.414999961853027,44517,0.0,0.0
2024-05-28 12:30:00-04:00,13.414999961853027,13.449999809265137,13.390000343322754,13.399999618530273,65074,0.0,0.0
2024-05-28 13:30:00-04:00,13.399999618530273,13.420000076293945,13.260000228881836,13.265000343322754,155411,0.0,0.0
2024-05-28 14:30:00-04:00,13.260000228881836,13.319999694824219,13.234999656677246,13.260000228881836,212090,0.0,0.0
2024-05-28 15:30:00-04:00,13.260000228881836,13.3100004196167,13.220000267028809,13.229999542236328,387114,0.0,0.0
2024-05-29 09:30:00-04:00,12.949999809265137,13.010000228881836,12.84000015258789,12.899999618530273,138634,0.0,0.0
2024-05-29 10:30:00-04:00,12.890000343322754,12.925000190734863,12.829999923706055,12.869999885559082,235863,0.0,0.0
2024-05-29 11:30:00-04:00,12.859999656677246,12.949999809265137,12.850000381469727,12.9350004196167,84856,0.0,0.0
2024-05-29 12:30:00-04:00,12.9399995803833,12.949999809265137,12.8100004196167,12.850000381469727,95698,0.0,0.0
2024-05-29 13:30:00-04:00,12.850000381469727,12.890000343322754,12.8100004196167,12.859999656677246,132861,0.0,0.0
2024-05-29 14:30:00-04:00,12.864999771118164,12.925000190734863,12.819999694824219,12.880000114440918,146583,0.0,0.0
2024-05-29 15:30:00-04:00,12.880000114440918,13.039999961853027,12.864999771118164,12.979999542236328,390828,0.0,0.0
2024-05-30 09:30:00-04:00,13.0600004196167,13.289999961853027,13.0600004196167,13.149999618530273,193094,0.0,0.0
2024-05-30 10:30:00-04:00,13.140000343322754,13.210000038146973,13.125,13.1899995803833,103440,0.0,0.0
2024-05-30 11:30:00-04:00,13.1899995803833,13.229999542236328,13.149999618530273,13.199999809265137,111123,0.0,0.0
2024-05-30 12:30:00-04:00,13.199999809265137,13.289999961853027,13.1899995803833,13.25,81339,0.0,0.0
2024-05-30 13:30:00-04:00,13.25,13.300000190734863,13.25,13.28499984741211,122910,0.0,0.0
2024-05-30 14:30:00-04:00,13.28499984741211,13.345000267028809,13.28499984741211,13.34000015258789,159718,0.0,0.0
2024-05-30 15:30:00-04:00,13.34000015258789,13.5,13.34000015258789,13.470000267028809,496442,0.0,0.0
2024-05-31 09:30:00-04:00,13.680000305175781,13.800000190734863,13.489999771118164,13.789999961853027,156507,0.0,0.0
2024-05-31 10:30:00-04:00,13.789999961853027,13.9399995803833,13.770000457763672,13.869999885559082,158237,0.0,0.0
2024-05-31 11:30:00-04:00,13.869999885559082,13.869999885559082,13.71500015258789,13.760000228881836,91262,0.0,0.0
2024-05-31 12:30:00-04:00,13.75,13.904999732971191,13.739999771118164,13.899999618530273,99375,0.0,0.0
2024-05-31 13:30:00-04:00,13.895000457763672,14.020000457763672,13.869999885559082,13.994999885559082,163232,0.0,0.0
2024-05-31 14:30:00-04:00,13.994999885559082,14.029999732971191,13.960000038146973,13.96500015258789,157581,0.0,0.0
2024-05-31 15:30:00-04:00,13.960000038146973,14.005000114440918,13.930000305175781,13.960000038146973,401391,0.0,0.0
2024-06-03 09:30:00-04:00,14.09000015258789,14.09000015258789,13.829999923706055,13.920000076293945,84555,0.0,0.0
2024-06-03 10:30:00-04:00,13.925000190734863,13.979999542236328,13.875,13.954999923706055,122601,0.0,0.0
2024-06-03 11:30:00-04:00,13.954999923706055,13.970000267028809,13.789999961853027,13.789999961853027,67914,0.0,0.0
2024-06-03 12:30:00-04:00,13.789999961853027,13.819999694824219,13.739999771118164,13.789999961853027,53644,0.0,0.0
2024-06-03 13:30:00-04:00,13.800000190734863,13.899999618530273,13.770000457763672,13.859999656677246,97817,0.0,0.0
2024-06-03 14:30:00-04:00,13.864999771118164,13.9399995803833,13.845000267028809,13.885000228881836,134916,0.0,0.0
2024-06-03 15:30:00-04:00,13.880000114440918,13.880000114440918,13.789999961853027,13.84000015258789,240157,0.0,0.0
2024-06-04 09:30:00-04:00,13.720000267028809,13.869999885559082,13.579999923706055,13.864999771118164,105305,0.0,0.0
2024-06-04 10:30:00-04:00,13.869999885559082,13.90999984741211,13.8100004196167,13.850000381469727,54469,0.0,0.0
2024-06-04 11:30:00-04:00,13.845000267028809,13.854999542236328,13.789999961853027,13.819999694824219,54557,0.0,0.0
2024-06-04 12:30:00-04:00,13.824999809265137,13.845000267028809,13.800000190734863,13.829999923706055,52001,0.0,0.0
2024-06-04 13:30:00-04:00,13.84000015258789,13.84000015258789,13.755000114440918,13.8100004196167,64843,0.0,0.0
2024-06-04 14:30:00-04:00,13.800000190734863,13.824999809265137,13.739999771118164,13.770000457763672,87910,0.0,0.0
2024-06-04 15:30:00-04:00,13.770000457763672,13.779999732971191,13.6899995803833,13.6899995803833,165582,0.0,0.0
2024-06-05 09:30:00-04:00,13.739999771118164,13.739999771118164,13.550000190734863,13.600000381469727,67044,0.0,0.0
2024-06-05 10:30:00-04:00,13.59000015258789,13.654999732971191,13.5649995803833,13.635000228881836,72502,0.0,0.0
2024-06-05 11:30:00-04:00,13.640000343322754,13.710000038146973,13.609999656677246,13.609999656677246,59088,0.0,0.0
2024-06-05 12:30:00-04:00,13.609999656677246,13.640000343322754,13.569999694824219,13.585000038146973,57275,0.0,0.0
2024-06-05 13:30:00-04:00,13.579999923706055,13.680000305175781,13.569999694824219,13.649999618530273,130775,0.0,0.0
2024-06-05 14:30:00-04:00,13.649999618530273,13.65999984741211,13.574999809265137,13.585000038146973,83911,0.0,0.0
2024-06-05 15:30:00-04:00,13.579999923706055,13.635000228881836,13.5600004196167,13.600000381469727,173823,0.0,0.0
2024-06-06 09:30:00-04:00,13.510000228881836,13.65999984741211,13.470000267028809,13.5649995803833,63986,0.0,0.0
2024-06-06 10:30:00-04:00,13.5600004196167,13.670000076293945,13.545000076293945,13.654999732971191,39719,0.0,0.0
2024-06-06 11:30:00-04:00,13.654999732971191,13.675000190734863,13.614299774169922,13.614999771118164,42118,0.0,0.0
2024-06-06 12:30:00-04:00,13.619999885559082,13.670000076293945,13.569999694824219,13.635000228881836,64756,0.0,0.0
2024-06-06 13:30:00-04:00,13.635000228881836,13.65999984741211,13.510000228881836,13.555000305175781,70073,0.0,0.0
2024-06-06 14:30:00-04:00,13.555000305175781,13.600000381469727,13.550000190734863,13.600000381469727,92809,0.0,0.0
2024-06-06 15:30:00-04:00,13.600000381469727,13.6899995803833,13.579999923706055,13.654999732971191,348479,0.0,0.0
2024-06-07 09:30:00-04:00,13.319999694824219,13.444999694824219,13.229999542236328,13.444999694824219,132068,0.0,0.0
2024-06-07 10:30:00-04:00,13.444999694824219,13.449999809265137,13.324999809265137,13.335000038146973,98737,0.0,0.0
2024-06-07 11:30:00-04:00,13.335000038146973,13.380000114440918,13.319999694824219,13.369999885559082,47882,0.0,0.0
2024-06-07 12:30:00-04:00,13.375,13.399999618530273,13.34000015258789,13.395000457763672,37229,0.0,0.0
2024-06-07 13:30:00-04:00,13.399999618530273,13.40999984741211,13.319999694824219,13.354999542236328,58324,0.0,0.0
2024-06-07 14:30:00-04:00,13.350000381469727,13.364999771118164,13.324999809265137,13.345000267028809,88754,0.0,0.0
2024-06-07 15:30:00-04:00,13.34000015258789,13.380000114440918,13.329999923706055,13.380000114440918,328442,0.0,0.0
2024-06-10 09:30:00-04:00,13.180000305175781,13.220000267028809,13.0600004196167,13.175000190734863,155709,0.0,0.0
2024-06-10 10:30:00-04:00,13.175000190734863,13.180000305175781,13.079999923706055,13.140000343322754,88034,0.0,0.0
2024-06-10 11:30:00-04:00,13.135000228881836,13.175000190734863,13.095000267028809,13.175000190734863,68310,0.0,0.0
2024-06-10 12:30:00-04:00,13.175000190734863,13.28499984741211,13.164999961853027,13.279999732971191,103512,0.0,0.0
2024-06-10 13:30:00-04:00,13.279999732971191,13.3100004196167,13.234999656677246,13.270000457763672,95112,0.0,0.0
2024-06-10 14:30:00-04:00,13.265000343322754,13.305000305175781,13.229999542236328,13.28499984741211,145290,0.0,0.0
2024-06-10 15:30:00-04:00,13.28499984741211,13.28499984741211,13.21500015258789,13.270000457763672,317990,0.0,0.0
2024-06-11 09:30:00-04:00,13.119999885559082,13.154999732971191,13.029999732971191,13.145000457763672,114329,0.0,0.0
2024-06-11 10:30:00-04:00,13.140000343322754,13.194999694824219,13.125,13.175000190734863,47839,0.0,0.0
2024-06-11 11:30:00-04:00,13.175000190734863,13.199999809265137,13.119999885559082,13.130000114440918,44585,0.0,0.0
2024-06-11 12:30:00-04:00,13.135000228881836,13.175000190734863,13.085000038146973,13.085000038146973,38567,0.0,0.0
2024-06-11 13:30:00-04:00,13.079999923706055,13.210000038146973,13.069999694824219,13.1850004196167,355338,0.0,0.0
2024-06-11 14:30:00-04:00,13.180000305175781,13.199999809265137,13.140000343322754,13.149999618530273,169903,0.0,0.0
2024-06-11 15:30:00-04:00,13.149999618530273,13.149999618530273,12.989999771118164,12.989999771118164,456298,0.0,0.0
2024-06-12 09:30:00-04:00,13.619999885559082,14.223400115966797,13.619999885559082,13.795000076293945,423056,0.0,0.0
2024-06-12 10:30:00-04:00,13.795000076293945,13.975000381469727,13.755000114440918,13.835000038146973,138998,0.0,0.0
2024-06-12 11:30:00-04:00,13.829999923706055,13.859999656677246,13.645000457763672,13.654999732971191,138689,0.0,0.0
2024-06-12 12:30:00-04:00,13.649999618530273,13.65999984741211,13.600000381469727,13.614999771118164,88115,0.0,0.0
2024-06-12 13:30:00-04:00,13.609999656677246,13.649999618530273,13.479999542236328,13.479999542236328,181152,0.0,0.0
2024-06-12 14:30:00-04:00,13.479999542236328,13.579999923706055,13.265000343322754,13.270000457763672,395850,0.0,0.0
2024-06-12 15:30:00-04:00,13.274999618530273,13.34000015258789,13.255000114440918,13.329999923706055,246733,0.0,0.0
2024-06-13 09:30:00-04:00,13.350000381469727,13.390000343322754,13.220000267028809,13.28499984741211,87194,0.0,0.0
2024-06-13 10:30:00-04:00,13.289999961853027,13.395000457763672,13.210000038146973,13.369999885559082,171934,0.0,0.0
2024-06-13 11:30:00-04:00,13.369999885559082,13.420000076293945,13.354999542236328,13.414999961853027,82420,0.0,0.0
2024-06-13 12:30:00-04:00,13.420000076293945,13.555000305175781,13.420000076293945,13.484999656677246,81368,0.0,0.0
2024-06-13 13:30:00-04:00,13.484999656677246,13.494999885559082,13.40999984741211,13.414999961853027,96296,0.0,0.0
2024-06-13 14:30:00-04:00,13.414999961853027,13.420000076293945,13.329999923706055,13.34000015258789,205524,0.0,0.0
2024-06-13 15:30:00-04:00,13.34000015258789,13.34000015258789,13.270000457763672,13.319999694824219,356517,0.0,0.0
2024-06-14 09:30:00-04:00,13.100000381469727,13.329999923706055,13.100000381469727,13.210000038146973,98979,0.0,0.0
2024-06-14 10:30:00-04:00,13.220000267028809,13.270000457763672,13.1850004196167,13.260000228881836,62545,0.0,0.0
2024-06-14 11:30:00-04:00,13.265000343322754,13.350000381469727,13.220000267028809,13.329999923706055,120476,0.0,0.0
2024-06-14 12:30:00-04:00,13.324999809265137,13.399999618530273,13.300000190734863,13.345000267028809,120324,0.0,0.0
2024-06-14 13:30:00-04:00,13.34000015258789,13.375,13.335000038146973,13.354999542236328,87435,0.0,0.0
2024-06-14 14:30:00-04:00,13.350000381469727,13.364999771118164,13.289999961853027,13.289999961853027,249669,0.0,0.0
2024-06-14 15:30:00-04:00,13.289999961853027,13.335000038146973,13.270000457763672,13.305000305175781,411238,0.0,0.0
2024-06-17 09:30:00-04:00,13.270000457763672,13.359999656677246,13.170000076293945,13.225000381469727,105940,0.0,0.0
2024-06-17 10:30:00-04:00,13.225000381469727,13.225000381469727,13.130000114440918,13.140000343322754,181066,0.0,0.0
2024-06-17 11:30:00-04:00,13.140000343322754,13.1899995803833,13.109999656677246,13.1899995803833,453608,0.0,0.0
2024-06-17 12:30:00-04:00,13.1899995803833,13.1899995803833,13.109999656677246,13.109999656677246,220460,0.0,0.0
2024-06-17 13:30:00-04:00,13.109999656677246,13.265000343322754,13.109999656677246,13.244999885559082,228570,0.0,0.0
2024-06-17 14:30:00-04:00,13.239999771118164,13.260000228881836,13.175000190734863,13.1850004196167,174890,0.0,0.0
2024-06-17 15:30:00-04:00,13.1899995803833,13.229999542236328,13.164999961853027,13.220000267028809,350961,0.0,0.0
2024-06-18 09:30:00-04:00,13.25,13.359999656677246,13.15999984741211,13.305000305175781,80896,0.0,0.0
2024-06-18 10:30:00-04:00,13.3149995803833,13.359999656677246,13.244999885559082,13.335000038146973,192250,0.0,0.0
2024-06-18 11:30:00-04:00,13.329999923706055,13.449999809265137,13.324999809265137,13.4399995803833,66124,0.0,0.0
2024-06-18 12:30:00-04:00,13.4350004196167,13.449999809265137,13.359999656677246,13.425000190734863,108419,0.0,0.0
2024-06-18 13:30:00-04:00,13.430000305175781,13.484999656677246,13.420000076293945,13.449999809265137,86422,0.0,0.0
2024-06-18 14:30:00-04:00,13.449999809265137,13.460000038146973,13.364999771118164,13.399999618530273,111594,0.0,0.0
2024-06-18 15:30:00-04:00,13.390000343322754,13.454999923706055,13.375,13.4399995803833,282910,0.0,0.0
2024-06-20 09:30:00-04:00,13.420000076293945,13.510000228881836,13.329999923706055,13.510000228881836,121339,0.0,0.0
2024-06-20 10:30:00-04:00,13.5,13.515000343322754,13.369999885559082,13.369999885559082,39631,0.0,0.0
2024-06-20 11:30:00-04:00,13.369999885559082,13.41100025177002,13.369999885559082,13.390000343322754,51153,0.0,0.0
2024-06-20 12:30:00-04:00,13.390000343322754,13.430000305175781,13.359999656677246,13.380000114440918,52838,0.0,0.0
2024-06-20 13:30:00-04:00,13.385000228881836,13.4399995803833,13.375,13.4350004196167,51400,0.0,0.0
2024-06-20 14:30:00-04:00,13.4399995803833,13.4399995803833,13.350000381469727,13.380000114440918,74743,0.0,0.0
2024-06-20 15:30:00-04:00,13.380000114440918,13.385000228881836,13.34000015258789,13.380000114440918,188332,0.0,0.0
2024-06-21 09:30:00-04:00,13.359999656677246,13.454999923706055,13.319999694824219,13.4399995803833,400490,0.0,0.0
2024-06-21 10:30:00-04:00,13.430000305175781,13.4399995803833,13.359999656677246,13.399999618530273,110788,0.0,0.0
2024-06-21 11:30:00-04:00,13.395000457763672,13.4399995803833,13.359999656677246,13.369999885559082,47909,0.0,0.0
2024-06-21 12:30:00-04:00,13.375,13.399999618530273,13.350000381469727,13.380000114440918,46739,0.0,0.0
2024-06-21 13:30:00-04:00,13.375,13.420000076293945,13.375,13.40999984741211,44238,0.0,0.0
2024-06-21 14:30:00-04:00,13.414999961853027,13.4350004196167,13.335000038146973,13.430000305175781,87378,0.0,0.0
2024-06-21 15:30:00-04:00,13.425000190734863,13.430000305175781,13.369999885559082,13.385000228881836,274781,0.0,0.0
2024-06-24 09:30:00-04:00,13.5,13.609999656677246,13.359999656677246,13.5600004196167,78117,0.0,0.0
2024-06-24 10:30:00-04:00,13.569999694824219,13.645000457763672,13.5600004196167,13.579999923706055,71169,0.0,0.0
2024-06-24 11:30:00-04:00,13.579999923706055,13.585000038146973,13.460000038146973,13.529999732971191,51747,0.0,0.0
2024-06-24 12:30:00-04:00,13.524999618530273,13.5600004196167,13.479999542236328,13.479999542236328,45681,0.0,0.0
2024-06-24 13:30:00-04:00,13.479999542236328,13.569999694824219,13.46500015258789,13.569999694824219,48238,0.0,0.0
2024-06-24 14:30:00-04:00,13.5649995803833,13.59000015258789,13.550000190734863,13.5649995803833,52928,0.0,0.0
2024-06-24 15:30:00-04:00,13.569999694824219,13.600000381469727,13.539999961853027,13.569999694824219,215548,0.0,0.0
2024-06-25 09:30:00-04:00,13.520000457763672,13.550000190734863,13.359999656677246,13.369999885559082,164982,0.0,0.0
2024-06-25 10:30:00-04:00,13.375,13.380000114440918,13.274999618530273,13.324999809265137,413480,0.0,0.0
2024-06-25 11:30:00-04:00,13.319999694824219,13.359999656677246,13.289999961853027,13.3149995803833,430996,0.0,0.0
2024-06-25 12:30:00-04:00,13.3149995803833,13.350000381469727,13.3100004196167,13.335000038146973,210725,0.0,0.0
2024-06-25 13:30:00-04:00,13.335000038146973,13.390000343322754,13.319999694824219,13.375,109067,0.0,0.0
2024-06-25 14:30:00-04:00,13.380000114440918,13.449999809265137,13.34000015258789,13.414999961853027,162997,0.0,0.0
2024-06-25 15:30:00-04:00,13.414999961853027,13.430000305175781,13.369999885559082,13.399999618530273,463182,0.0,0.0
2024-06-26 09:30:00-04:00,13.229999542236328,13.350000381469727,13.229999542236328,13.300000190734863,130470,0.0,0.0
2024-06-26 10:30:00-04:00,13.300000190734863,13.305000305175781,13.239999771118164,13.300000190734863,54636,0.0,0.0
2024-06-26 11:30:00-04:00,13.300000190734863,13.350000381469727,13.300000190734863,13.319999694824219,39313,0.0,0.0
2024-06-26 12:30:00-04:00,13.319999694824219,13.319999694824219,13.281000137329102,13.300000190734863,29538,0.0,0.0
2024-06-26 13:30:00-04:00,13.289999961853027,13.300000190734863,13.260000228881836,13.260000228881836,39703,0.0,0.0
2024-06-26 14:30:00-04:00,13.265000343322754,13.3149995803833,13.260000228881836,13.274999618530273,144155,0.0,0.0
2024-06-26 15:30:00-04:00,13.274999618530273,13.359999656677246,13.25,13.324999809265137,260520,0.0,0.0
2024-06-27 09:30:00-04:00,13.329999923706055,13.420000076293945,13.210000038146973,13.34000015258789,108335,0.0,0.0
2024-06-27 10:30:00-04:00,13.34000015258789,13.375,13.3100004196167,13.319999694824219,82069,0.0,0.0
2024-06-27 11:30:00-04:00,13.3149995803833,13.3149995803833,13.279999732971191,13.279999732971191,65454,0.0,0.0
2024-06-27 12:30:00-04:00,13.270000457763672,13.270000457763672,13.1899995803833,13.21500015258789,127114,0.0,0.0
2024-06-27 13:30:00-04:00,13.210000038146973,13.210000038146973,13.149999618530273,13.154999732971191,108596,0.0,0.0
2024-06-27 14:30:00-04:00,13.154999732971191,13.1899995803833,13.135000228881836,13.170000076293945,179957,0.0,0.0
2024-06-27 15:30:00-04:00,13.164999961853027,13.289999961853027,13.149999618530273,13.289999961853027,453698,0.0,0.0
2024-06-28 09:30:00-04:00,13.199999809265137,13.359999656677246,13.09000015258789,13.270000457763672,104255,0.0,0.0
2024-06-28 10:30:00-04:00,13.270000457763672,13.3100004196167,13.1899995803833,13.1899995803833,67394,0.0,0.0
2024-06-28 11:30:00-04:00,13.1899995803833,13.220000267028809,13.149999618530273,13.194999694824219,81599,0.0,0.0
2024-06-28 12:30:00-04:00,13.1899995803833,13.210000038146973,13.149999618530273,13.149999618530273,61101,0.0,0.0
2024-06-28 13:30:00-04:00,13.149999618530273,13.210000038146973,13.114999771118164,13.1899995803833,84701,0.0,0.0
2024-06-28 14:30:00-04:00,13.1899995803833,13.28499984741211,13.180000305175781,13.28499984741211,107636,0.0,0.0
2024-06-28 15:30:00-04:00,13.289999961853027,13.319999694824219,13.229999542236328,13.3100004196167,396804,0.0,0.0
2024-07-01 09:30:00-04:00,13.3100004196167,13.460000038146973,13.240300178527832,13.28499984741211,103391,0.0,0.0
2024-07-01 10:30:00-04:00,13.289999961853027,13.295000076293945,13.100000381469727,13.114999771118164,73337,0.0,0.0
2024-07-01 11:30:00-04:00,13.119999885559082,13.175000190734863,13.114999771118164,13.175000190734863,60009,0.0,0.0
2024-07-01 12:30:00-04:00,13.175000190734863,13.175000190734863,13.074999809265137,13.119999885559082,53116,0.0,0.0
2024-07-01 13:30:00-04:00,13.119999885559082,13.199999809265137,13.095000267028809,13.180000305175781,69549,0.0,0.0
2024-07-01 14:30:00-04:00,13.170000076293945,13.239999771118164,13.164999961853027,13.1850004196167,94121,0.0,0.0
2024-07-01 15:30:00-04:00,13.1850004196167,13.239999771118164,13.1850004196167,13.220000267028809,216599,0.0,0.0
2024-07-02 09:30:00-04:00,13.270000457763672,13.369999885559082,13.199999809265137,13.3149995803833,97395,0.0,0.0
2024-07-02 10:30:00-04:00,13.3100004196167,13.354999542236328,13.220000267028809,13.274999618530273,49708,0.0,0.0
2024-07-02 11:30:00-04:00,13.279000282287598,13.329999923706055,13.265000343322754,13.289999961853027,45265,0.0,0.0
2024-07-02 12:30:00-04:00,13.295000076293945,13.329999923706055,13.277199745178223,13.324999809265137,44215,0.0,0.0
2024-07-02 13:30:00-04:00,13.319999694824219,13.359999656677246,13.300000190734863,13.354999542236328,45546,0.0,0.0
2024-07-02 14:30:00-04:00,13.354999542236328,13.40999984741211,13.345000267028809,13.40999984741211,67941,0.0,0.0
2024-07-02 15:30:00-04:00,13.404999732971191,13.449999809265137,13.399999618530273,13.40999984741211,153042,0.0,0.0
2024-07-03 09:30:00-04:00,13.489999771118164,13.630000114440918,13.390000343322754,13.609999656677246,71080,0.0,0.0
2024-07-03 10:30:00-04:00,13.614999771118164,13.649999618530273,13.5600004196167,13.5600004196167,50242,0.0,0.0
2024-07-03 11:30:00-04:00,13.555000305175781,13.579999923706055,13.494999885559082,13.494999885559082,54508,0.0,0.0
2024-07-05 09:30:00-04:00,13.449999809265137,13.5600004196167,13.359999656677246,13.380000114440918,89390,0.0,0.0
2024-07-05 10:30:00-04:00,13.399999618530273,13.484999656677246,13.390000343322754,13.430000305175781,84828,0.0,0.0
2024-07-05 11:30:00-04:00,13.420000076293945,13.430000305175781,13.354999542236328,13.354999542236328,49273,0.0,0.0
2024-07-05 12:30:00-04:00,13.345000267028809,13.369999885559082,13.28499984741211,13.28499984741211,35147,0.0,0.0
2024-07-05 13:30:00-04:00,13.289999961853027,13.33899974822998,13.25,13.274999618530273,59768,0.0,0.0
2024-07-05 14:30:00-04:00,13.279999732971191,13.279999732971191,13.1899995803833,13.204999923706055,76930,0.0,0.0
2024-07-05 15:30:00-04:00,13.204999923706055,13.279999732971191,13.1899995803833,13.210000038146973,135109,0.0,0.0
2024-07-08 09:30:00-04:00,13.350000381469727,13.40999984741211,13.3149995803833,13.3149995803833,56188,0.0,0.0
2024-07-08 10:30:00-04:00,13.3100004196167,13.40999984741211,13.274999618530273,13.274999618530273,45598,0.0,0.0
2024-07-08 11:30:00-04:00,13.274999618530273,13.274999618530273,13.1899995803833,13.244999885559082,46248,0.0,0.0
2024-07-08 12:30:00-04:00,13.25,13.274999618530273,13.199999809265137,13.204999923706055,40345,0.0,0.0
2024-07-08 13:30:00-04:00,13.199999809265137,13.239999771118164,13.199999809265137,13.229999542236328,21816,0.0,0.0
2024-07-08 14:30:00-04:00,13.225000381469727,13.3100004196167,13.21500015258789,13.289999961853027,46598,0.0,0.0
2024-07-08 15:30:00-04:00,13.289999961853027,13.350000381469727,13.28499984741211,13.3149995803833,129702,0.0,0.0
2024-07-09 09:30:00-04:00,13.270000457763672,13.3100004196167,13.149999618530273,13.194999694824219,47392,0.0,0.0
2024-07-09 10:30:00-04:00,13.194999694824219,13.229999542236328,13.170000076293945,13.1850004196167,45725,0.0,0.0
2024-07-09 11:30:00-04:00,13.1899995803833,13.289999961853027,13.1899995803833,13.289999961853027,31175,0.0,0.0
2024-07-09 12:30:00-04:00,13.289999961853027,13.364999771118164,13.279999732971191,13.34000015258789,37211,0.0,0.0
2024-07-09 13:30:00-04:00,13.331000328063965,13.345000267028809,13.300000190734863,13.319999694824219,38191,0.0,0.0
2024-07-09 14:30:00-04:00,13.3149995803833,13.369999885559082,13.300000190734863,13.354999542236328,58119,0.0,0.0
2024-07-09 15:30:00-04:00,13.354999542236328,13.479999542236328,13.345000267028809,13.390000343322754,339386,0.0,0.0
2024-07-10 09:30:00-04:00,13.4399995803833,13.520000457763672,13.329999923706055,13.350000381469727,116306,0.0,0.0
2024-07-10 10:30:00-04:00,13.354999542236328,13.4399995803833,13.350000381469727,13.4350004196167,105011,0.0,0.0
2024-07-10 11:30:00-04:00,13.4350004196167,13.515000343322754,13.420000076293945,13.505000114440918,122731,0.0,0.0
2024-07-10 12:30:00-04:00,13.505000114440918,13.53499984741211,13.479900360107422,13.484999656677246,69924,0.0,0.0
2024-07-10 13:30:00-04:00,13.484999656677246,13.569999694824219,13.46500015258789,13.545000076293945,152715,0.0,0.0
2024-07-10 14:30:00-04:00,13.545000076293945,13.595000267028809,13.524999618530273,13.574999809265137,100786,0.0,0.0
2024-07-10 15:30:00-04:00,13.574999809265137,13.640000343322754,13.5600004196167,13.579999923706055,369613,0.0,0.0
2024-07-11 09:30:00-04:00,14.039999961853027,14.369999885559082,13.970000267028809,14.255000114440918,249170,0.0,0.0
2024-07-11 10:30:00-04:00,14.25,14.3100004196167,14.119999885559082,14.180000305175781,114974,0.0,0.0
2024-07-11 11:30:00-04:00,14.175000190734863,14.260600090026855,14.164999961853027,14.239999771118164,186081,0.0,0.0
2024-07-11 12:30:00-04:00,14.239999771118164,14.270000457763672,14.180000305175781,14.260000228881836,130386,0.0,0.0
2024-07-11 13:30:00-04:00,14.25,14.289999961853027,14.149999618530273,14.15999984741211,184689,0.0,0.0
2024-07-11 14:30:00-04:00,14.15999984741211,14.21500015258789,14.130000114440918,14.164999961853027,160937,0.0,0.0
2024-07-11 15:30:00-04:00,14.170000076293945,14.289999961853027,14.164999961853027,14.229999542236328,391594,0.0,0.0
2024-07-12 09:30:00-04:00,14.4399995803833,14.609999656677246,14.370100021362305,14.59000015258789,218600,0.0,0.0
2024-07-12 10:30:00-04:00,14.59000015258789,14.614999771118164,14.429900169372559,14.429900169372559,75071,0.0,0.0
2024-07-12 11:30:00-04:00,14.425000190734863,14.588700294494629,14.390000343322754,14.579999923706055,100694,0.0,0.0
2024-07-12 12:30:00-04:00,14.579999923706055,14.640000343322754,14.569999694824219,14.635000228881836,82553,0.0,0.0
2024-07-12 13:30:00-04:00,14.635000228881836,14.699999809265137,14.609999656677246,14.699999809265137,61515,0.0,0.0
2024-07-12 14:30:00-04:00,14.704999923706055,14.720000267028809,14.651300430297852,14.699999809265137,344709,0.0,0.0
2024-07-12 15:30:00-04:00,14.694999694824219,14.739999771118164,14.614999771118164,14.640000343322754,315826,0.0,0.0
2024-07-15 09:30:00-04:00,14.890000343322754,14.949999809265137,14.6899995803833,14.835000038146973,117006,0.0,0.0
2024-07-15 10:30:00-04:00,14.829999923706055,15.005000114440918,14.779999732971191,14.975000381469727,104924,0.0,0.0
2024-07-15 11:30:00-04:00,14.970000267028809,14.970000267028809,14.8149995803833,14.819999694824219,111420,0.0,0.0
2024-07-15 12:30:00-04:00,14.824999809265137,14.835000038146973,14.729999542236328,14.729999542236328,63488,0.0,0.0
2024-07-15 13:30:00-04:00,14.729999542236328,14.84000015258789,14.71500015258789,14.8149995803833,88529,0.0,0.0
2024-07-15 14:30:00-04:00,14.819999694824219,14.845000267028809,14.78499984741211,14.795000076293945,144747,0.0,0.0
2024-07-15 15:30:00-04:00,14.8100004196167,14.84000015258789,14.699999809265137,14.699999809265137,262992,0.0,0.0
2024-07-16 09:30:00-04:00,14.850000381469727,14.9399995803833,14.720000267028809,14.800000190734863,232562,0.0,0.0
2024-07-16 10:30:00-04:00,14.8100004196167,14.84000015258789,14.725000381469727,14.829999923706055,101673,0.0,0.0
2024-07-16 11:30:00-04:00,14.819999694824219,14.949999809265137,14.789999961853027,14.914999961853027,172403,0.0,0.0
2024-07-16 12:30:00-04:00,14.914999961853027,14.9399995803833,14.824999809265137,14.899999618530273,78460,0.0,0.0
2024-07-16 13:30:00-04:00,14.895000457763672,14.970000267028809,14.895000457763672,14.9350004196167,96383,0.0,0.0
2024-07-16 14:30:00-04:00,14.9350004196167,14.994999885559082,14.899999618530273,14.944999694824219,116515,0.0,0.0
2024-07-16 15:30:00-04:00,14.944999694824219,15.0600004196167,14.944999694824219,15.010000228881836,328080,0.0,0.0
2024-07-17 09:30:00-04:00,14.819999694824219,15.229999542236328,14.819999694824219,15.114999771118164,183040,0.0,0.0
2024-07-17 10:30:00-04:00,15.104999542236328,15.15999984741211,15.015000343322754,15.050000190734863,98081,0.0,0.0
2024-07-17 11:30:00-04:00,15.055000305175781,15.069999694824219,14.954999923706055,14.960000038146973,88257,0.0,0.0
2024-07-17 12:30:00-04:00,14.954999923706055,14.979999542236328,14.770000457763672,14.789999961853027,143054,0.0,0.0
2024-07-17 13:30:00-04:00,14.795000076293945,14.930000305175781,14.770000457763672,14.885000228881836,234315,0.0,0.0
2024-07-17 14:30:00-04:00,14.880000114440918,14.949999809265137,14.819999694824219,14.899999618530273,262235,0.0,0.0
2024-07-17 15:30:00-04:00,14.904999732971191,14.9399995803833,14.864999771118164,14.899999618530273,418422,0.0,0.0
2024-07-18 09:30:00-04:00,14.789999961853027,15.399999618530273,14.789999961853027,15.369999885559082,343148,0.0,0.0
2024-07-18 10:30:00-04:00,15.359999656677246,15.390000343322754,15.25,15.345000267028809,475325,0.0,0.0
2024-07-18 11:30:00-04:00,15.345000267028809,15.385000228881836,15.199999809265137,15.234999656677246,387165,0.0,0.0
2024-07-18 12:30:00-04:00,15.234999656677246,15.279999732971191,15.130000114440918,15.170000076293945,514537,0.0,0.0
2024-07-18 13:30:00-04:00,15.164999961853027,15.164999961853027,14.800000190734863,14.800000190734863,397762,0.0,0.0
2024-07-18 14:30:00-04:00,14.779999732971191,14.800000190734863,14.65999984741211,14.765000343322754,195029,0.0,0.0
2024-07-18 15:30:00-04:00,14.760000228881836,14.890000343322754,14.699999809265137,14.699999809265137,765856,0.0,0.0
2024-07-19 09:30:00-04:00,14.649999618530273,14.845000267028809,14.600000381469727,14.739999771118164,133458,0.0,0.0
2024-07-19 10:30:00-04:00,14.75,14.765000343322754,14.494999885559082,14.494999885559082,145196,0.0,0.0
2024-07-19 11:30:00-04:00,14.5,14.670000076293945,14.494999885559082,14.579999923706055,72470,0.0,0.0
2024-07-19 12:30:00-04:00,14.579999923706055,14.640000343322754,14.5649995803833,14.59000015258789,59715,0.0,0.0
2024-07-19 13:30:00-04:00,14.59000015258789,14.65999984741211,14.585000038146973,14.600000381469727,60272,0.0,0.0
2024-07-19 14:30:00-04:00,14.609999656677246,14.645000457763672,14.550000190734863,14.595000267028809,131023,0.0,0.0
2024-07-19 15:30:00-04:00,14.59000015258789,14.600000381469727,14.515000343322754,14.5600004196167,234634,0.0,0.0
2024-07-22 09:30:00-04:00,14.550000190734863,14.75,14.5,14.640000343322754,240628,0.0,0.0
2024-07-22 10:30:00-04:00,14.630000114440918,14.989999771118164,14.625,14.859999656677246,248196,0.0,0.0
2024-07-22 11:30:00-04:00,14.869999885559082,14.949999809265137,14.84000015258789,14.880000114440918,224734,0.0,0.0
2024-07-22 12:30:00-04:00,14.869999885559082,14.960000038146973,14.829999923706055,14.9399995803833,233368,0.0,0.0
2024-07-22 13:30:00-04:00,14.9399995803833,15.007499694824219,14.9350004196167,14.979999542236328,413216,0.0,0.0
2024-07-22 14:30:00-04:00,14.984999656677246,15.020000457763672,14.899999618530273,14.944999694824219,236516,0.0,0.0
2024-07-22 15:30:00-04:00,14.949999809265137,15.100000381469727,14.949999809265137,15.09000015258789,495993,0.0,0.0
2024-07-23 09:30:00-04:00,14.979999542236328,15.199999809265137,14.850000381469727,15.199999809265137,145628,0.0,0.0
2024-07-23 10:30:00-04:00,15.194999694824219,15.319999694824219,15.140000343322754,15.3149995803833,249457,0.0,0.0
2024-07-23 11:30:00-04:00,15.319999694824219,15.479999542236328,15.289999961853027,15.460000038146973,201677,0.0,0.0
2024-07-23 12:30:00-04:00,15.46500015258789,15.649999618530273,15.279999732971191,15.3149995803833,383664,0.0,0.0
2024-07-23 13:30:00-04:00,15.3149995803833,15.489999771118164,15.225000381469727,15.460000038146973,219806,0.0,0.0
2024-07-23 14:30:00-04:00,15.46500015258789,15.539999961853027,15.430000305175781,15.524999618530273,143352,0.0,0.0
2024-07-23 15:30:00-04:00,15.494999885559082,15.524999618530273,15.420000076293945,15.420000076293945,328550,0.0,0.0
2024-07-24 09:30:00-04:00,15.350000381469727,15.5600004196167,15.239999771118164,15.350000381469727,100858,0.0,0.0
2024-07-24 10:30:00-04:00,15.350000381469727,15.4399995803833,15.289999961853027,15.329999923706055,130789,0.0,0.0
2024-07-24 11:30:00-04:00,15.34000015258789,15.420000076293945,15.335000038146973,15.380000114440918,111917,0.0,0.0
2024-07-24 12:30:00-04:00,15.375,15.385000228881836,15.229999542236328,15.239999771118164,72106,0.0,0.0
2024-07-24 13:30:00-04:00,15.244999885559082,15.260000228881836,15.149999618530273,15.164999961853027,302636,0.0,0.0
2024-07-24 14:30:00-04:00,15.15999984741211,15.175000190734863,15.005000114440918,15.03499984741211,121961,0.0,0.0
2024-07-24 15:30:00-04:00,15.03499984741211,15.069999694824219,14.920000076293945,14.930000305175781,517784,0.0,0.0
2024-07-25 09:30:00-04:00,14.970000267028809,15.15999984741211,14.90999984741211,15.114999771118164,291717,0.0,0.0
2024-07-25 10:30:00-04:00,15.119999885559082,15.180000305175781,14.975000381469727,15.095000267028809,204359,0.0,0.0
2024-07-25 11:30:00-04:00,15.09000015258789,15.170000076293945,15.079999923706055,15.170000076293945,151883,0.0,0.0
2024-07-25 12:30:00-04:00,15.170000076293945,15.34000015258789,15.154999732971191,15.180000305175781,222312,0.0,0.0
2024-07-25 13:30:00-04:00,15.170000076293945,15.239999771118164,15.079999923706055,15.09000015258789,264995,0.0,0.0
2024-07-25 14:30:00-04:00,15.09000015258789,15.15999984741211,15.024999618530273,15.15999984741211,165317,0.0,0.0
2024-07-25 15:30:00-04:00,15.15999984741211,15.194999694824219,15.109999656677246,15.130000114440918,286501,0.0,0.0
2024-07-26 09:30:00-04:00,15.359999656677246,15.59000015258789,15.289999961853027,15.529999732971191,181773,0.0,0.0
2024-07-26 10:30:00-04:00,15.529999732971191,15.600000381469727,15.404999732971191,15.425000190734863,162623,0.0,0.0
2024-07-26 11:30:00-04:00,15.420000076293945,15.720000267028809,15.414999961853027,15.664999961853027,156100,0.0,0.0
2024-07-26 12:30:00-04:00,15.670000076293945,15.710000038146973,15.600000381469727,15.710000038146973,75786,0.0,0.0
2024-07-26 13:30:00-04:00,15.699999809265137,15.720000267028809,15.600000381469727,15.649999618530273,91598,0.0,0.0
2024-07-26 14:30:00-04:00,15.635000228881836,15.779999732971191,15.630000114440918,15.765000343322754,177920,0.0,0.0
2024-07-26 15:30:00-04:00,15.760000228881836,15.789999961853027,15.6899995803833,15.765000343322754,369185,0.0,0.0
