Datetime,Open,High,Low,Close,Volume,Dividends,Stock Splits,Capital Gains
2022-07-28 09:30:00-04:00,28.579999923706055,28.899999618530273,28.579999923706055,28.770000457763672,24011,0.0,0.0,0.0
2022-07-28 10:30:00-04:00,28.780000686645508,29.204999923706055,28.780000686645508,29.190000534057617,21716,0.0,0.0,0.0
2022-07-28 11:30:00-04:00,29.18000030517578,29.209999084472656,29.100000381469727,29.18000030517578,26938,0.0,0.0,0.0
2022-07-28 12:30:00-04:00,29.18000030517578,29.2450008392334,29.139999389648438,29.239999771118164,14346,0.0,0.0,0.0
2022-07-28 13:30:00-04:00,29.2450008392334,29.300199508666992,29.21500015258789,29.266199111938477,15312,0.0,0.0,0.0
2022-07-28 14:30:00-04:00,29.260000228881836,29.26219940185547,29.19499969482422,29.26219940185547,15983,0.0,0.0,0.0
2022-07-28 15:30:00-04:00,29.264999389648438,29.389999389648438,29.264999389648438,29.3700008392334,23802,0.0,0.0,0.0
2022-07-29 09:30:00-04:00,29.43000030517578,29.520099639892578,29.260000228881836,29.520000457763672,35153,0.0,0.0,0.0
2022-07-29 10:30:00-04:00,29.52899932861328,29.52899932861328,29.3700008392334,29.3799991607666,11054,0.0,0.0,0.0
2022-07-29 11:30:00-04:00,29.3799991607666,29.489999771118164,29.3799991607666,29.472900390625,23015,0.0,0.0,0.0
2022-07-29 12:30:00-04:00,29.510000228881836,29.59000015258789,29.510000228881836,29.530000686645508,22800,0.0,0.0,0.0
2022-07-29 13:30:00-04:00,29.551000595092773,29.568700790405273,29.520000457763672,29.545000076293945,14719,0.0,0.0,0.0
2022-07-29 14:30:00-04:00,29.56999969482422,29.6200008392334,29.55500030517578,29.59000015258789,17556,0.0,0.0,0.0
2022-07-29 15:30:00-04:00,29.594999313354492,29.62150001525879,29.510000228881836,29.520000457763672,16632,0.0,0.0,0.0
2022-08-01 09:30:00-04:00,29.389999389648438,29.40999984741211,29.200000762939453,29.219999313354492,37816,0.0,0.0,0.0
2022-08-01 10:30:00-04:00,29.18000030517578,29.40999984741211,29.18000030517578,29.34000015258789,190427,0.0,0.0,0.0
2022-08-01 11:30:00-04:00,29.350000381469727,29.450000762939453,29.325000762939453,29.360000610351562,20095,0.0,0.0,0.0
2022-08-01 12:30:00-04:00,29.350000381469727,29.420000076293945,29.315000534057617,29.322900772094727,23978,0.0,0.0,0.0
2022-08-01 13:30:00-04:00,29.280000686645508,29.345800399780273,29.21179962158203,29.295400619506836,24492,0.0,0.0,0.0
2022-08-01 14:30:00-04:00,29.31999969482422,29.375,29.260000228881836,29.270000457763672,65872,0.0,0.0,0.0
2022-08-01 15:30:00-04:00,29.28499984741211,29.334999084472656,29.264999389648438,29.290000915527344,20766,0.0,0.0,0.0
2022-08-02 09:30:00-04:00,29.229999542236328,29.329999923706055,29.1299991607666,29.22130012512207,32549,0.0,0.0,0.0
2022-08-02 10:30:00-04:00,29.229999542236328,29.264999389648438,29.149999618530273,29.209999084472656,17649,0.0,0.0,0.0
2022-08-02 11:30:00-04:00,29.209999084472656,29.309999465942383,29.190000534057617,29.309999465942383,19003,0.0,0.0,0.0
2022-08-02 12:30:00-04:00,29.31999969482422,29.350000381469727,29.239999771118164,29.239999771118164,9032,0.0,0.0,0.0
2022-08-02 13:30:00-04:00,29.229999542236328,29.239999771118164,29.1299991607666,29.170000076293945,24981,0.0,0.0,0.0
2022-08-02 14:30:00-04:00,29.184999465942383,29.200000762939453,28.959999084472656,29.0,10570,0.0,0.0,0.0
2022-08-02 15:30:00-04:00,29.010000228881836,29.030000686645508,28.895000457763672,28.90999984741211,12697,0.0,0.0,0.0
2022-08-03 09:30:00-04:00,29.040000915527344,29.260000228881836,29.040000915527344,29.219999313354492,10298,0.0,0.0,0.0
2022-08-03 10:30:00-04:00,29.204999923706055,29.280000686645508,29.155000686645508,29.200000762939453,20508,0.0,0.0,0.0
2022-08-03 11:30:00-04:00,29.18000030517578,29.259899139404297,29.170000076293945,29.200000762939453,7875,0.0,0.0,0.0
2022-08-03 12:30:00-04:00,29.200000762939453,29.280000686645508,29.200000762939453,29.260000228881836,7375,0.0,0.0,0.0
2022-08-03 13:30:00-04:00,29.280000686645508,29.280000686645508,29.139999389648438,29.139999389648438,15557,0.0,0.0,0.0
2022-08-03 14:30:00-04:00,29.15410041809082,29.15410041809082,28.990100860595703,29.010000228881836,13670,0.0,0.0,0.0
2022-08-03 15:30:00-04:00,29.010000228881836,29.040000915527344,28.979999542236328,28.989999771118164,19626,0.0,0.0,0.0
2022-08-04 09:30:00-04:00,29.049999237060547,29.059999465942383,28.850000381469727,28.899999618530273,38318,0.0,0.0,0.0
2022-08-04 10:30:00-04:00,28.899999618530273,29.059999465942383,28.860000610351562,29.030000686645508,20358,0.0,0.0,0.0
2022-08-04 11:30:00-04:00,29.020000457763672,29.040000915527344,28.899999618530273,28.90999984741211,14195,0.0,0.0,0.0
2022-08-04 12:30:00-04:00,28.924999237060547,28.924999237060547,28.790000915527344,28.875,21319,0.0,0.0,0.0
2022-08-04 13:30:00-04:00,28.863800048828125,28.899999618530273,28.84000015258789,28.860000610351562,11326,0.0,0.0,0.0
2022-08-04 14:30:00-04:00,28.8799991607666,28.924999237060547,28.84309959411621,28.889999389648438,18543,0.0,0.0,0.0
2022-08-04 15:30:00-04:00,28.899999618530273,28.959999084472656,28.854999542236328,28.959999084472656,41793,0.0,0.0,0.0
2022-08-05 09:30:00-04:00,28.68000030517578,28.8700008392334,28.670000076293945,28.729999542236328,13210,0.0,0.0,0.0
2022-08-05 10:30:00-04:00,28.690000534057617,28.75979995727539,28.631000518798828,28.631000518798828,14906,0.0,0.0,0.0
2022-08-05 11:30:00-04:00,28.670000076293945,28.770000457763672,28.65999984741211,28.760000228881836,11634,0.0,0.0,0.0
2022-08-05 12:30:00-04:00,28.75,28.860000610351562,28.739999771118164,28.84000015258789,21814,0.0,0.0,0.0
2022-08-05 13:30:00-04:00,28.850000381469727,28.864999771118164,28.763500213623047,28.764999389648438,10441,0.0,0.0,0.0
2022-08-05 14:30:00-04:00,28.797700881958008,28.889999389648438,28.770000457763672,28.8799991607666,25324,0.0,0.0,0.0
2022-08-05 15:30:00-04:00,28.924999237060547,29.03499984741211,28.92009925842285,29.030000686645508,16569,0.0,0.0,0.0
2022-08-08 09:30:00-04:00,29.229999542236328,29.479999542236328,29.229999542236328,29.399999618530273,0,0.0,0.0,0.0
2022-08-08 10:30:00-04:00,29.420000076293945,29.499900817871094,29.3700008392334,29.3700008392334,21975,0.0,0.0,0.0
2022-08-08 11:30:00-04:00,29.360000610351562,29.3799991607666,29.1200008392334,29.170000076293945,25439,0.0,0.0,0.0
2022-08-08 12:30:00-04:00,29.15999984741211,29.270000457763672,29.15999984741211,29.229999542236328,18436,0.0,0.0,0.0
2022-08-08 13:30:00-04:00,29.219999313354492,29.290000915527344,29.209999084472656,29.260000228881836,17110,0.0,0.0,0.0
2022-08-08 14:30:00-04:00,29.270000457763672,29.299999237060547,29.211200714111328,29.299999237060547,15511,0.0,0.0,0.0
2022-08-08 15:30:00-04:00,29.299999237060547,29.337099075317383,29.280000686645508,29.290000915527344,23711,0.0,0.0,0.0
2022-08-09 09:30:00-04:00,29.25,29.34000015258789,29.200000762939453,29.270000457763672,20436,0.0,0.0,0.0
2022-08-09 10:30:00-04:00,29.290000915527344,29.349000930786133,29.209999084472656,29.349000930786133,14180,0.0,0.0,0.0
2022-08-09 11:30:00-04:00,29.309999465942383,29.370500564575195,29.309999465942383,29.350000381469727,8356,0.0,0.0,0.0
2022-08-09 12:30:00-04:00,29.329999923706055,29.3700008392334,29.329999923706055,29.360000610351562,4283,0.0,0.0,0.0
2022-08-09 13:30:00-04:00,29.363500595092773,29.3700008392334,29.309999465942383,29.309999465942383,15061,0.0,0.0,0.0
2022-08-09 14:30:00-04:00,29.315000534057617,29.431299209594727,29.309999465942383,29.431299209594727,433868,0.0,0.0,0.0
2022-08-09 15:30:00-04:00,29.420000076293945,29.459999084472656,29.360000610351562,29.459999084472656,28575,0.0,0.0,0.0
2022-08-10 09:30:00-04:00,29.760000228881836,29.899999618530273,29.739999771118164,29.8257999420166,38479,0.0,0.0,0.0
2022-08-10 10:30:00-04:00,29.829999923706055,29.829999923706055,29.719999313354492,29.780000686645508,26475,0.0,0.0,0.0
2022-08-10 11:30:00-04:00,29.780000686645508,29.790000915527344,29.674999237060547,29.706899642944336,29629,0.0,0.0,0.0
2022-08-10 12:30:00-04:00,29.719999313354492,29.81999969482422,29.719999313354492,29.799999237060547,13851,0.0,0.0,0.0
2022-08-10 13:30:00-04:00,29.799999237060547,29.850000381469727,29.780000686645508,29.84000015258789,23968,0.0,0.0,0.0
2022-08-10 14:30:00-04:00,29.81999969482422,29.875,29.799999237060547,29.86870002746582,33776,0.0,0.0,0.0
2022-08-10 15:30:00-04:00,29.8700008392334,29.940000534057617,29.8700008392334,29.899999618530273,17181,0.0,0.0,0.0
2022-08-11 09:30:00-04:00,30.0,30.125,29.8799991607666,30.125,63290,0.0,0.0,0.0
2022-08-11 10:30:00-04:00,30.110200881958008,30.15999984741211,30.040000915527344,30.069799423217773,68913,0.0,0.0,0.0
2022-08-11 11:30:00-04:00,30.045000076293945,30.059999465942383,29.930099487304688,29.96500015258789,78944,0.0,0.0,0.0
2022-08-11 12:30:00-04:00,29.981300354003906,30.031299591064453,29.981300354003906,30.031299591064453,61962,0.0,0.0,0.0
2022-08-11 13:30:00-04:00,30.0,30.0049991607666,29.940000534057617,29.950000762939453,12726,0.0,0.0,0.0
2022-08-11 14:30:00-04:00,29.90999984741211,29.915000915527344,29.760000228881836,29.795000076293945,15866,0.0,0.0,0.0
2022-08-11 15:30:00-04:00,29.787900924682617,29.850000381469727,29.760000228881836,29.850000381469727,20382,0.0,0.0,0.0
2022-08-12 09:30:00-04:00,29.940000534057617,30.110000610351562,29.940000534057617,30.094999313354492,53399,0.0,0.0,0.0
2022-08-12 10:30:00-04:00,30.100000381469727,30.14080047607422,30.040000915527344,30.120100021362305,11106,0.0,0.0,0.0
2022-08-12 11:30:00-04:00,30.1299991607666,30.1299991607666,30.09000015258789,30.110000610351562,9573,0.0,0.0,0.0
2022-08-12 12:30:00-04:00,30.110000610351562,30.1299991607666,30.103200912475586,30.1200008392334,8949,0.0,0.0,0.0
2022-08-12 13:30:00-04:00,30.12380027770996,30.165000915527344,30.12380027770996,30.165000915527344,8034,0.0,0.0,0.0
2022-08-12 14:30:00-04:00,30.174999237060547,30.264999389648438,30.170000076293945,30.239999771118164,14041,0.0,0.0,0.0
2022-08-12 15:30:00-04:00,30.260000228881836,30.360000610351562,30.219999313354492,30.329999923706055,26296,0.0,0.0,0.0
2022-08-15 09:30:00-04:00,30.270000457763672,30.424999237060547,30.229999542236328,30.420000076293945,47887,0.0,0.0,0.0
2022-08-15 10:30:00-04:00,30.43000030517578,30.46500015258789,30.329500198364258,30.329999923706055,23873,0.0,0.0,0.0
2022-08-15 11:30:00-04:00,30.329999923706055,30.43000030517578,30.31999969482422,30.43000030517578,29525,0.0,0.0,0.0
2022-08-15 12:30:00-04:00,30.43000030517578,30.459800720214844,30.399999618530273,30.450000762939453,21133,0.0,0.0,0.0
2022-08-15 13:30:00-04:00,30.450000762939453,30.461299896240234,30.399999618530273,30.459999084472656,38583,0.0,0.0,0.0
2022-08-15 14:30:00-04:00,30.469999313354492,30.5049991607666,30.459999084472656,30.479999542236328,24494,0.0,0.0,0.0
2022-08-15 15:30:00-04:00,30.469999313354492,30.479999542236328,30.43000030517578,30.459999084472656,25457,0.0,0.0,0.0
2022-08-16 09:30:00-04:00,30.350000381469727,30.43000030517578,30.290000915527344,30.350000381469727,62282,0.0,0.0,0.0
2022-08-16 10:30:00-04:00,30.350000381469727,30.460100173950195,30.31999969482422,30.450000762939453,30302,0.0,0.0,0.0
2022-08-16 11:30:00-04:00,30.450000762939453,30.469999313354492,30.399999618530273,30.460500717163086,21029,0.0,0.0,0.0
2022-08-16 12:30:00-04:00,30.475000381469727,30.475000381469727,30.408700942993164,30.424999237060547,14813,0.0,0.0,0.0
2022-08-16 13:30:00-04:00,30.43000030517578,30.530000686645508,30.420000076293945,30.510000228881836,382094,0.0,0.0,0.0
2022-08-16 14:30:00-04:00,30.510000228881836,30.510000228881836,30.299999237060547,30.3700008392334,34120,0.0,0.0,0.0
2022-08-16 15:30:00-04:00,30.364999771118164,30.40999984741211,30.337900161743164,30.3700008392334,18124,0.0,0.0,0.0
2022-08-17 09:30:00-04:00,30.1200008392334,30.170000076293945,30.020000457763672,30.09939956665039,40299,0.0,0.0,0.0
2022-08-17 10:30:00-04:00,30.09709930419922,30.110000610351562,30.020000457763672,30.110000610351562,29867,0.0,0.0,0.0
2022-08-17 11:30:00-04:00,30.11870002746582,30.170000076293945,30.030000686645508,30.170000076293945,29760,0.0,0.0,0.0
2022-08-17 12:30:00-04:00,30.159900665283203,30.219999313354492,30.149999618530273,30.219999313354492,22514,0.0,0.0,0.0
2022-08-17 13:30:00-04:00,30.219999313354492,30.3700008392334,30.190000534057617,30.290000915527344,49946,0.0,0.0,0.0
2022-08-17 14:30:00-04:00,30.290000915527344,30.34000015258789,30.145000457763672,30.18000030517578,38625,0.0,0.0,0.0
2022-08-17 15:30:00-04:00,30.190000534057617,30.25,30.174999237060547,30.200000762939453,12783,0.0,0.0,0.0
2022-08-18 09:30:00-04:00,30.270000457763672,30.270000457763672,30.149999618530273,30.149999618530273,0,0.0,0.0,0.0
2022-08-18 10:30:00-04:00,30.15169906616211,30.15169906616211,30.09000015258789,30.1200008392334,22401,0.0,0.0,0.0
2022-08-18 11:30:00-04:00,30.1299991607666,30.170000076293945,30.030000686645508,30.040000915527344,25142,0.0,0.0,0.0
2022-08-18 12:30:00-04:00,30.02750015258789,30.034099578857422,29.952999114990234,29.952999114990234,44576,0.0,0.0,0.0
2022-08-18 13:30:00-04:00,29.950000762939453,29.959999084472656,29.8799991607666,29.950000762939453,18130,0.0,0.0,0.0
2022-08-18 14:30:00-04:00,29.944400787353516,30.024099349975586,29.940000534057617,30.020000457763672,23879,0.0,0.0,0.0
2022-08-18 15:30:00-04:00,30.02120018005371,30.040000915527344,29.969999313354492,30.010000228881836,14733,0.0,0.0,0.0
2022-08-19 09:30:00-04:00,29.920000076293945,29.920000076293945,29.670000076293945,29.739999771118164,29726,0.0,0.0,0.0
2022-08-19 10:30:00-04:00,29.760000228881836,29.790000915527344,29.639999389648438,29.709999084472656,18342,0.0,0.0,0.0
2022-08-19 11:30:00-04:00,29.719999313354492,29.760000228881836,29.700000762939453,29.723899841308594,16466,0.0,0.0,0.0
2022-08-19 12:30:00-04:00,29.731700897216797,29.77989959716797,29.719999313354492,29.729999542236328,6020,0.0,0.0,0.0
2022-08-19 13:30:00-04:00,29.700000762939453,29.729999542236328,29.65999984741211,29.709999084472656,18490,0.0,0.0,0.0
2022-08-19 14:30:00-04:00,29.709999084472656,29.719999313354492,29.614999771118164,29.637399673461914,17887,0.0,0.0,0.0
2022-08-19 15:30:00-04:00,29.6200008392334,29.709999084472656,29.582399368286133,29.68000030517578,33097,0.0,0.0,0.0
2022-08-22 09:30:00-04:00,29.3799991607666,29.438400268554688,29.192100524902344,29.200000762939453,30734,0.0,0.0,0.0
2022-08-22 10:30:00-04:00,29.219999313354492,29.279600143432617,29.170000076293945,29.229999542236328,10191,0.0,0.0,0.0
2022-08-22 11:30:00-04:00,29.257400512695312,29.275699615478516,29.229999542236328,29.270000457763672,3261,0.0,0.0,0.0
2022-08-22 12:30:00-04:00,29.2450008392334,29.2450008392334,29.155000686645508,29.155000686645508,7963,0.0,0.0,0.0
2022-08-22 13:30:00-04:00,29.100000381469727,29.12179946899414,29.024999618530273,29.049999237060547,8462,0.0,0.0,0.0
2022-08-22 14:30:00-04:00,29.049999237060547,29.114999771118164,29.030000686645508,29.09000015258789,179689,0.0,0.0,0.0
2022-08-22 15:30:00-04:00,29.045000076293945,29.079999923706055,29.014999389648438,29.049999237060547,14733,0.0,0.0,0.0
2022-08-23 09:30:00-04:00,28.989999771118164,29.010000228881836,28.84000015258789,28.8799991607666,72107,0.0,0.0,0.0
2022-08-23 10:30:00-04:00,28.8799991607666,28.93000030517578,28.719999313354492,28.729999542236328,47044,0.0,0.0,0.0
2022-08-23 11:30:00-04:00,28.729999542236328,28.760000228881836,28.570999145507812,28.5762996673584,33017,0.0,0.0,0.0
2022-08-23 12:30:00-04:00,28.579999923706055,28.709999084472656,28.575000762939453,28.65999984741211,28437,0.0,0.0,0.0
2022-08-23 13:30:00-04:00,28.68000030517578,28.700000762939453,28.56999969482422,28.610000610351562,24660,0.0,0.0,0.0
2022-08-23 14:30:00-04:00,28.6200008392334,28.739999771118164,28.60930061340332,28.739999771118164,34683,0.0,0.0,0.0
2022-08-23 15:30:00-04:00,28.74410057067871,28.75,28.655000686645508,28.65999984741211,23826,0.0,0.0,0.0
2022-08-24 09:30:00-04:00,28.65999984741211,28.8799991607666,28.649999618530273,28.860000610351562,0,0.0,0.0,0.0
2022-08-24 10:30:00-04:00,28.870100021362305,28.979999542236328,28.81999969482422,28.979999542236328,38618,0.0,0.0,0.0
2022-08-24 11:30:00-04:00,28.969999313354492,28.985000610351562,28.902799606323242,28.905000686645508,9287,0.0,0.0,0.0
2022-08-24 12:30:00-04:00,28.854999542236328,28.889999389648438,28.799999237060547,28.8700008392334,27286,0.0,0.0,0.0
2022-08-24 13:30:00-04:00,28.8799991607666,28.920000076293945,28.860000610351562,28.860000610351562,18837,0.0,0.0,0.0
2022-08-24 14:30:00-04:00,28.84160041809082,28.89229965209961,28.820100784301758,28.829999923706055,11205,0.0,0.0,0.0
2022-08-24 15:30:00-04:00,28.829999923706055,28.8799991607666,28.809999465942383,28.809999465942383,10068,0.0,0.0,0.0
2022-08-25 09:30:00-04:00,28.940000534057617,29.110000610351562,28.8700008392334,29.09000015258789,0,0.0,0.0,0.0
2022-08-25 10:30:00-04:00,29.135000228881836,29.149999618530273,28.93000030517578,28.979999542236328,45277,0.0,0.0,0.0
2022-08-25 11:30:00-04:00,29.0,29.040000915527344,28.959999084472656,29.0,14476,0.0,0.0,0.0
2022-08-25 12:30:00-04:00,28.989999771118164,29.020000457763672,28.967300415039062,29.0,7222,0.0,0.0,0.0
2022-08-25 13:30:00-04:00,29.020000457763672,29.110000610351562,29.020000457763672,29.110000610351562,13838,0.0,0.0,0.0
2022-08-25 14:30:00-04:00,29.104900360107422,29.15999984741211,29.05500030517578,29.149999618530273,56966,0.0,0.0,0.0
2022-08-25 15:30:00-04:00,29.139999389648438,29.280000686645508,29.139999389648438,29.270000457763672,32702,0.0,0.0,0.0
2022-08-26 09:30:00-04:00,29.290000915527344,29.290000915527344,28.90999984741211,28.910999298095703,54197,0.0,0.0,0.0
2022-08-26 10:30:00-04:00,28.899999618530273,28.899999618530273,28.770000457763672,28.80500030517578,17376,0.0,0.0,0.0
2022-08-26 11:30:00-04:00,28.809999465942383,28.8799991607666,28.75,28.764999389648438,6465,0.0,0.0,0.0
2022-08-26 12:30:00-04:00,28.714399337768555,28.815000534057617,28.709999084472656,28.815000534057617,6605,0.0,0.0,0.0
2022-08-26 13:30:00-04:00,28.7450008392334,28.7450008392334,28.655000686645508,28.702499389648438,7212,0.0,0.0,0.0
2022-08-26 14:30:00-04:00,28.65999984741211,28.68000030517578,28.540000915527344,28.600000381469727,20791,0.0,0.0,0.0
2022-08-26 15:30:00-04:00,28.610000610351562,28.610000610351562,28.520000457763672,28.530000686645508,15072,0.0,0.0,0.0
2022-08-29 09:30:00-04:00,28.329999923706055,28.40999984741211,28.209999084472656,28.395000457763672,35432,0.0,0.0,0.0
2022-08-29 10:30:00-04:00,28.3799991607666,28.43000030517578,28.26099967956543,28.40999984741211,10065,0.0,0.0,0.0
2022-08-29 11:30:00-04:00,28.389999389648438,28.475900650024414,28.364999771118164,28.389999389648438,13205,0.0,0.0,0.0
2022-08-29 12:30:00-04:00,28.389999389648438,28.5,28.389999389648438,28.43000030517578,13952,0.0,0.0,0.0
2022-08-29 13:30:00-04:00,28.479000091552734,28.549999237060547,28.389999389648438,28.40999984741211,7315,0.0,0.0,0.0
2022-08-29 14:30:00-04:00,28.40999984741211,28.489999771118164,28.40999984741211,28.42099952697754,21245,0.0,0.0,0.0
2022-08-29 15:30:00-04:00,28.364299774169922,28.440000534057617,28.270000457763672,28.270000457763672,28393,0.0,0.0,0.0
2022-08-30 09:30:00-04:00,28.31999969482422,28.3700008392334,28.170000076293945,28.205799102783203,20031,0.0,0.0,0.0
2022-08-30 10:30:00-04:00,28.184999465942383,28.22010040283203,28.065000534057617,28.22010040283203,16609,0.0,0.0,0.0
2022-08-30 11:30:00-04:00,28.200000762939453,28.200000762939453,28.1299991607666,28.15999984741211,6860,0.0,0.0,0.0
2022-08-30 12:30:00-04:00,28.110000610351562,28.110000610351562,27.989999771118164,27.989999771118164,15849,0.0,0.0,0.0
2022-08-30 13:30:00-04:00,28.020000457763672,28.020000457763672,27.920000076293945,27.940000534057617,20925,0.0,0.0,0.0
2022-08-30 14:30:00-04:00,27.95009994506836,28.030000686645508,27.895000457763672,27.993900299072266,27368,0.0,0.0,0.0
2022-08-30 15:30:00-04:00,27.90999984741211,27.940000534057617,27.809999465942383,27.8700008392334,16374,0.0,0.0,0.0
2022-08-31 09:30:00-04:00,27.969999313354492,28.149999618530273,27.969999313354492,28.030000686645508,20503,0.0,0.0,0.0
2022-08-31 10:30:00-04:00,28.059999465942383,28.1200008392334,27.940000534057617,27.983299255371094,7313,0.0,0.0,0.0
2022-08-31 11:30:00-04:00,27.969999313354492,28.010000228881836,27.8799991607666,27.889999389648438,23591,0.0,0.0,0.0
2022-08-31 12:30:00-04:00,27.895000457763672,27.920000076293945,27.825000762939453,27.825000762939453,9280,0.0,0.0,0.0
2022-08-31 13:30:00-04:00,27.829999923706055,27.850000381469727,27.75,27.760000228881836,80518,0.0,0.0,0.0
2022-08-31 14:30:00-04:00,27.75,27.899999618530273,27.68000030517578,27.81999969482422,58363,0.0,0.0,0.0
2022-08-31 15:30:00-04:00,27.81999969482422,27.8799991607666,27.729999542236328,27.739999771118164,72852,0.0,0.0,0.0
2022-09-01 09:30:00-04:00,27.530000686645508,27.649999618530273,27.299999237060547,27.479999542236328,102621,0.0,0.0,0.0
2022-09-01 10:30:00-04:00,27.475000381469727,27.479999542236328,27.31999969482422,27.389999389648438,51961,0.0,0.0,0.0
2022-09-01 11:30:00-04:00,27.395000457763672,27.530000686645508,27.395000457763672,27.530000686645508,15301,0.0,0.0,0.0
2022-09-01 12:30:00-04:00,27.5049991607666,27.56999969482422,27.389999389648438,27.56999969482422,50052,0.0,0.0,0.0
2022-09-01 13:30:00-04:00,27.540000915527344,27.649999618530273,27.489999771118164,27.649999618530273,28078,0.0,0.0,0.0
2022-09-01 14:30:00-04:00,27.649999618530273,27.68000030517578,27.600000381469727,27.600000381469727,22338,0.0,0.0,0.0
2022-09-01 15:30:00-04:00,27.59000015258789,27.799999237060547,27.56999969482422,27.799999237060547,23783,0.0,0.0,0.0
2022-09-02 09:30:00-04:00,28.049999237060547,28.079999923706055,27.729999542236328,27.950000762939453,43521,0.0,0.0,0.0
2022-09-02 10:30:00-04:00,27.969999313354492,28.040000915527344,27.940000534057617,27.969999313354492,28279,0.0,0.0,0.0
2022-09-02 11:30:00-04:00,27.969999313354492,28.019500732421875,27.864999771118164,27.864999771118164,15410,0.0,0.0,0.0
2022-09-02 12:30:00-04:00,27.809999465942383,27.815799713134766,27.542999267578125,27.559999465942383,133167,0.0,0.0,0.0
2022-09-02 13:30:00-04:00,27.549999237060547,27.627399444580078,27.5,27.59000015258789,12341,0.0,0.0,0.0
2022-09-02 14:30:00-04:00,27.551000595092773,27.600000381469727,27.5,27.510000228881836,16058,0.0,0.0,0.0
2022-09-02 15:30:00-04:00,27.489999771118164,27.489999771118164,27.34760093688965,27.399999618530273,23939,0.0,0.0,0.0
2022-09-06 09:30:00-04:00,27.489999771118164,27.610000610351562,27.3700008392334,27.600000381469727,39472,0.0,0.0,0.0
2022-09-06 10:30:00-04:00,27.559999465942383,27.760000228881836,27.549699783325195,27.6200008392334,21702,0.0,0.0,0.0
2022-09-06 11:30:00-04:00,27.639999389648438,27.709999084472656,27.524999618530273,27.530000686645508,13307,0.0,0.0,0.0
2022-09-06 12:30:00-04:00,27.549999237060547,27.600000381469727,27.43000030517578,27.469999313354492,13601,0.0,0.0,0.0
2022-09-06 13:30:00-04:00,27.520000457763672,27.65999984741211,27.469999313354492,27.6299991607666,16612,0.0,0.0,0.0
2022-09-06 14:30:00-04:00,27.600000381469727,27.709999084472656,27.600000381469727,27.68000030517578,35359,0.0,0.0,0.0
2022-09-06 15:30:00-04:00,27.649999618530273,27.670000076293945,27.584999084472656,27.649999618530273,29048,0.0,0.0,0.0
2022-09-07 09:30:00-04:00,27.6200008392334,27.809999465942383,27.6200008392334,27.790000915527344,32122,0.0,0.0,0.0
2022-09-07 10:30:00-04:00,27.84000015258789,27.869800567626953,27.764999389648438,27.860000610351562,8106,0.0,0.0,0.0
2022-09-07 11:30:00-04:00,27.889799118041992,27.88990020751953,27.828899383544922,27.828899383544922,6703,0.0,0.0,0.0
2022-09-07 12:30:00-04:00,27.84000015258789,27.979999542236328,27.84000015258789,27.943599700927734,11949,0.0,0.0,0.0
2022-09-07 13:30:00-04:00,27.940000534057617,28.110000610351562,27.940000534057617,28.0757999420166,25204,0.0,0.0,0.0
2022-09-07 14:30:00-04:00,28.110000610351562,28.167699813842773,28.100000381469727,28.167699813842773,57218,0.0,0.0,0.0
2022-09-07 15:30:00-04:00,28.18000030517578,28.239999771118164,28.15999984741211,28.200000762939453,46267,0.0,0.0,0.0
2022-09-08 09:30:00-04:00,28.030000686645508,28.280000686645508,27.979999542236328,28.209999084472656,27201,0.0,0.0,0.0
2022-09-08 10:30:00-04:00,28.239999771118164,28.349899291992188,28.239999771118164,28.280000686645508,10074,0.0,0.0,0.0
2022-09-08 11:30:00-04:00,28.27989959716797,28.27989959716797,27.969999313354492,28.020000457763672,39307,0.0,0.0,0.0
2022-09-08 12:30:00-04:00,28.040000915527344,28.239999771118164,28.040000915527344,28.239999771118164,36573,0.0,0.0,0.0
2022-09-08 13:30:00-04:00,28.229999542236328,28.297500610351562,28.190000534057617,28.280000686645508,18627,0.0,0.0,0.0
2022-09-08 14:30:00-04:00,28.299299240112305,28.299999237060547,28.170000076293945,28.270000457763672,16162,0.0,0.0,0.0
2022-09-08 15:30:00-04:00,28.270000457763672,28.280000686645508,28.19860076904297,28.260000228881836,21909,0.0,0.0,0.0
2022-09-09 09:30:00-04:00,28.40999984741211,28.510000228881836,28.239999771118164,28.5,80478,0.0,0.0,0.0
2022-09-09 10:30:00-04:00,28.502300262451172,28.579999923706055,28.451000213623047,28.512300491333008,27309,0.0,0.0,0.0
2022-09-09 11:30:00-04:00,28.510000228881836,28.579999923706055,28.450000762939453,28.489999771118164,23100,0.0,0.0,0.0
2022-09-09 12:30:00-04:00,28.498300552368164,28.584999084472656,28.489999771118164,28.549999237060547,18707,0.0,0.0,0.0
2022-09-09 13:30:00-04:00,28.579999923706055,28.610000610351562,28.549299240112305,28.600000381469727,17436,0.0,0.0,0.0
2022-09-09 14:30:00-04:00,28.604999542236328,28.65999984741211,28.58989906311035,28.600000381469727,18203,0.0,0.0,0.0
2022-09-09 15:30:00-04:00,28.59000015258789,28.6299991607666,28.559999465942383,28.56999969482422,23027,0.0,0.0,0.0
2022-09-12 09:30:00-04:00,28.68000030517578,28.899999618530273,28.68000030517578,28.780000686645508,60958,0.0,0.0,0.0
2022-09-12 10:30:00-04:00,28.780000686645508,28.860000610351562,28.770000457763672,28.84000015258789,28565,0.0,0.0,0.0
2022-09-12 11:30:00-04:00,28.850000381469727,28.850000381469727,28.719999313354492,28.790000915527344,34079,0.0,0.0,0.0
2022-09-12 12:30:00-04:00,28.790000915527344,28.8799991607666,28.780000686645508,28.8799991607666,26288,0.0,0.0,0.0
2022-09-12 13:30:00-04:00,28.8799991607666,28.889999389648438,28.795000076293945,28.799999237060547,22222,0.0,0.0,0.0
2022-09-12 14:30:00-04:00,28.799999237060547,28.860000610351562,28.78260040283203,28.799999237060547,34446,0.0,0.0,0.0
2022-09-12 15:30:00-04:00,28.790000915527344,28.854999542236328,28.760000228881836,28.850000381469727,19228,0.0,0.0,0.0
2022-09-13 09:30:00-04:00,28.309999465942383,28.34269905090332,28.139999389648438,28.149999618530273,55774,0.0,0.0,0.0
2022-09-13 10:30:00-04:00,28.139999389648438,28.139999389648438,27.940000534057617,27.969999313354492,25195,0.0,0.0,0.0
2022-09-13 11:30:00-04:00,27.959999084472656,28.12220001220703,27.959999084472656,28.059999465942383,24459,0.0,0.0,0.0
2022-09-13 12:30:00-04:00,28.010000228881836,28.06999969482422,28.010000228881836,28.06999969482422,24859,0.0,0.0,0.0
2022-09-13 13:30:00-04:00,28.059999465942383,28.09000015258789,27.959999084472656,28.0,22062,0.0,0.0,0.0
2022-09-13 14:30:00-04:00,28.010000228881836,28.020000457763672,27.829999923706055,27.829999923706055,52209,0.0,0.0,0.0
2022-09-13 15:30:00-04:00,27.799999237060547,27.799999237060547,27.65999984741211,27.760000228881836,28396,0.0,0.0,0.0
2022-09-14 09:30:00-04:00,27.739999771118164,27.739999771118164,27.459999084472656,27.459999084472656,64756,0.0,0.0,0.0
2022-09-14 10:30:00-04:00,27.450000762939453,27.610000610351562,27.440000534057617,27.469999313354492,50594,0.0,0.0,0.0
2022-09-14 11:30:00-04:00,27.469999313354492,27.469999313354492,27.260000228881836,27.270000457763672,26343,0.0,0.0,0.0
2022-09-14 12:30:00-04:00,27.309999465942383,27.510000228881836,27.290000915527344,27.47800064086914,14503,0.0,0.0,0.0
2022-09-14 13:30:00-04:00,27.479999542236328,27.479999542236328,27.329999923706055,27.420000076293945,17204,0.0,0.0,0.0
2022-09-14 14:30:00-04:00,27.43000030517578,27.45009994506836,27.251300811767578,27.290000915527344,52053,0.0,0.0,0.0
2022-09-14 15:30:00-04:00,27.290000915527344,27.459999084472656,27.25,27.450000762939453,43230,0.0,0.0,0.0
2022-09-15 09:30:00-04:00,27.43000030517578,27.520000457763672,27.354999542236328,27.354999542236328,35239,0.0,0.0,0.0
2022-09-15 10:30:00-04:00,27.3700008392334,27.399999618530273,27.18000030517578,27.290000915527344,29418,0.0,0.0,0.0
2022-09-15 11:30:00-04:00,27.270000457763672,27.270000457763672,27.040000915527344,27.040000915527344,19040,0.0,0.0,0.0
2022-09-15 12:30:00-04:00,27.030000686645508,27.280000686645508,27.030000686645508,27.229999542236328,14622,0.0,0.0,0.0
2022-09-15 13:30:00-04:00,27.229999542236328,27.2549991607666,27.040000915527344,27.170000076293945,18131,0.0,0.0,0.0
2022-09-15 14:30:00-04:00,27.172100067138672,27.19499969482422,26.985000610351562,27.0,54797,0.0,0.0,0.0
2022-09-15 15:30:00-04:00,27.0,27.020000457763672,26.90999984741211,26.93000030517578,28236,0.0,0.0,0.0
2022-09-16 09:30:00-04:00,26.469999313354492,26.579999923706055,26.31999969482422,26.420000076293945,41768,0.0,0.0,0.0
2022-09-16 10:30:00-04:00,26.399999618530273,26.5,26.3700008392334,26.3700008392334,26780,0.0,0.0,0.0
2022-09-16 11:30:00-04:00,26.360000610351562,26.3799991607666,26.31999969482422,26.322799682617188,22763,0.0,0.0,0.0
2022-09-16 12:30:00-04:00,26.319299697875977,26.389999389648438,26.309999465942383,26.34000015258789,18085,0.0,0.0,0.0
2022-09-16 13:30:00-04:00,26.3700008392334,26.520000457763672,26.34000015258789,26.5,9989,0.0,0.0,0.0
2022-09-16 14:30:00-04:00,26.479999542236328,26.600000381469727,26.475000381469727,26.520000457763672,55368,0.0,0.0,0.0
2022-09-16 15:30:00-04:00,26.5,26.65999984741211,26.5,26.649999618530273,23387,0.0,0.0,0.0
2022-09-19 09:30:00-04:00,26.43000030517578,26.43000030517578,26.270000457763672,26.40999984741211,33701,0.0,0.0,0.0
2022-09-19 10:30:00-04:00,26.450000762939453,26.489999771118164,26.389999389648438,26.389999389648438,15924,0.0,0.0,0.0
2022-09-19 11:30:00-04:00,26.3700008392334,26.454999923706055,26.31999969482422,26.40999984741211,14088,0.0,0.0,0.0
2022-09-19 12:30:00-04:00,26.40239906311035,26.487699508666992,26.40239906311035,26.450000762939453,6879,0.0,0.0,0.0
2022-09-19 13:30:00-04:00,26.440000534057617,26.457599639892578,26.367300033569336,26.367300033569336,70809,0.0,0.0,0.0
2022-09-19 14:30:00-04:00,26.370100021362305,26.579999923706055,26.370100021362305,26.549999237060547,17535,0.0,0.0,0.0
2022-09-19 15:30:00-04:00,26.55270004272461,26.6200008392334,26.530000686645508,26.6200008392334,13002,0.0,0.0,0.0
2022-09-20 09:30:00-04:00,26.3700008392334,26.3700008392334,25.93000030517578,26.010000228881836,106103,0.0,0.0,0.0
2022-09-20 10:30:00-04:00,26.010000228881836,26.1299991607666,25.969999313354492,25.989999771118164,45624,0.0,0.0,0.0
2022-09-20 11:30:00-04:00,25.985000610351562,26.149999618530273,25.959999084472656,26.06999969482422,47266,0.0,0.0,0.0
2022-09-20 12:30:00-04:00,26.059999465942383,26.059999465942383,25.950000762939453,25.954999923706055,45642,0.0,0.0,0.0
2022-09-20 13:30:00-04:00,25.950000762939453,25.969999313354492,25.84000015258789,25.950000762939453,60696,0.0,0.0,0.0
2022-09-20 14:30:00-04:00,25.93000030517578,26.010000228881836,25.84000015258789,26.0,149125,0.0,0.0,0.0
2022-09-20 15:30:00-04:00,25.959999084472656,26.059999465942383,25.934999465942383,25.950000762939453,49832,0.0,0.0,0.0
2022-09-21 09:30:00-04:00,26.149999618530273,26.295000076293945,26.100000381469727,26.295000076293945,31418,0.0,0.0,0.0
2022-09-21 10:30:00-04:00,26.260000228881836,26.270000457763672,26.139999389648438,26.139999389648438,15695,0.0,0.0,0.0
2022-09-21 11:30:00-04:00,26.149999618530273,26.190099716186523,26.149999618530273,26.190099716186523,16480,0.0,0.0,0.0
2022-09-21 12:30:00-04:00,26.190099716186523,26.200000762939453,26.139999389648438,26.155000686645508,23686,0.0,0.0,0.0
2022-09-21 13:30:00-04:00,26.15999984741211,26.200000762939453,25.739999771118164,25.770000457763672,24152,0.0,0.0,0.0
2022-09-21 14:30:00-04:00,25.760000228881836,26.25,25.739999771118164,25.780000686645508,59520,0.0,0.0,0.0
2022-09-21 15:30:00-04:00,25.719999313354492,25.799999237060547,25.540000915527344,25.549999237060547,57204,0.0,0.0,0.0
2022-09-22 09:30:00-04:00,25.530000686645508,25.530000686645508,25.229999542236328,25.315000534057617,87273,0.0,0.0,0.0
2022-09-22 10:30:00-04:00,25.31999969482422,25.340099334716797,25.170000076293945,25.290000915527344,37941,0.0,0.0,0.0
2022-09-22 11:30:00-04:00,25.280000686645508,25.295000076293945,25.165000915527344,25.20840072631836,42985,0.0,0.0,0.0
2022-09-22 12:30:00-04:00,25.200000762939453,25.260000228881836,25.139999389648438,25.209999084472656,26171,0.0,0.0,0.0
2022-09-22 13:30:00-04:00,25.229999542236328,25.280000686645508,25.200000762939453,25.229999542236328,69768,0.0,0.0,0.0
2022-09-22 14:30:00-04:00,25.200000762939453,25.3789005279541,25.170000076293945,25.290000915527344,67733,0.0,0.0,0.0
2022-09-22 15:30:00-04:00,25.31999969482422,25.399999618530273,25.239999771118164,25.239999771118164,47040,0.0,0.0,0.0
2022-09-23 09:30:00-04:00,24.950000762939453,25.084999084472656,24.939199447631836,25.040000915527344,36393,0.0,0.0,0.0
2022-09-23 10:30:00-04:00,25.030000686645508,25.030000686645508,24.81999969482422,24.920000076293945,35022,0.0,0.0,0.0
2022-09-23 11:30:00-04:00,24.920000076293945,24.969999313354492,24.81999969482422,24.81999969482422,48518,0.0,0.0,0.0
2022-09-23 12:30:00-04:00,24.80660057067871,24.954999923706055,24.780099868774414,24.8700008392334,41555,0.0,0.0,0.0
2022-09-23 13:30:00-04:00,24.8700008392334,24.899999618530273,24.68000030517578,24.760000228881836,46077,0.0,0.0,0.0
2022-09-23 14:30:00-04:00,24.75,24.850000381469727,24.6200008392334,24.850000381469727,37419,0.0,0.0,0.0
2022-09-23 15:30:00-04:00,24.8700008392334,24.93000030517578,24.82699966430664,24.889999389648438,48943,0.0,0.0,0.0
2022-09-26 09:30:00-04:00,24.780000686645508,24.780000686645508,24.350000381469727,24.65999984741211,55139,0.0,0.0,0.0
2022-09-26 10:30:00-04:00,24.65999984741211,24.65999984741211,24.299999237060547,24.299999237060547,49600,0.0,0.0,0.0
2022-09-26 11:30:00-04:00,24.29789924621582,24.329999923706055,24.049999237060547,24.079999923706055,115404,0.0,0.0,0.0
2022-09-26 12:30:00-04:00,24.06999969482422,24.15999984741211,23.969999313354492,23.979999542236328,68940,0.0,0.0,0.0
2022-09-26 13:30:00-04:00,23.969999313354492,24.100000381469727,23.95829963684082,24.023399353027344,40189,0.0,0.0,0.0
2022-09-26 14:30:00-04:00,24.020000457763672,24.309999465942383,24.020000457763672,24.266399383544922,58457,0.0,0.0,0.0
2022-09-26 15:30:00-04:00,24.260000228881836,24.3700008392334,24.18000030517578,24.18000030517578,51070,0.0,0.0,0.0
2022-09-27 09:30:00-04:00,24.389999389648438,24.559999465942383,24.079999923706055,24.12350082397461,59241,0.0,0.0,0.0
2022-09-27 10:30:00-04:00,24.219999313354492,24.309999465942383,24.059999465942383,24.079999923706055,71306,0.0,0.0,0.0
2022-09-27 11:30:00-04:00,24.09000015258789,24.14929962158203,23.934999465942383,23.989999771118164,70174,0.0,0.0,0.0
2022-09-27 12:30:00-04:00,23.979999542236328,24.049999237060547,23.90999984741211,23.989999771118164,53160,0.0,0.0,0.0
2022-09-27 13:30:00-04:00,23.979999542236328,24.010000228881836,23.809999465942383,23.8799991607666,114891,0.0,0.0,0.0
2022-09-27 14:30:00-04:00,23.8700008392334,24.030000686645508,23.849899291992188,23.93000030517578,194578,0.0,0.0,0.0
2022-09-27 15:30:00-04:00,23.940000534057617,23.940000534057617,23.829999923706055,23.8700008392334,105908,0.0,0.0,0.0
2022-09-28 09:30:00-04:00,24.040000915527344,24.2549991607666,23.84000015258789,24.229999542236328,64656,0.0,0.0,0.0
2022-09-28 10:30:00-04:00,24.239999771118164,24.350000381469727,24.170000076293945,24.290000915527344,69279,0.0,0.0,0.0
2022-09-28 11:30:00-04:00,24.290000915527344,24.3700008392334,24.190000534057617,24.309999465942383,63275,0.0,0.0,0.0
2022-09-28 12:30:00-04:00,24.299999237060547,24.450000762939453,24.280000686645508,24.3799991607666,55964,0.0,0.0,0.0
2022-09-28 13:30:00-04:00,24.3700008392334,24.389999389648438,24.239999771118164,24.270000457763672,99400,0.0,0.0,0.0
2022-09-28 14:30:00-04:00,24.280000686645508,24.405000686645508,24.270000457763672,24.360000610351562,51715,0.0,0.0,0.0
2022-09-28 15:30:00-04:00,24.360000610351562,24.450000762939453,24.350000381469727,24.360000610351562,80362,0.0,0.0,0.0
2022-09-29 09:30:00-04:00,24.110000610351562,24.110000610351562,23.489999771118164,23.559999465942383,94199,0.0,0.0,0.0
2022-09-29 10:30:00-04:00,23.55500030517578,23.829999923706055,23.520000457763672,23.775800704956055,30753,0.0,0.0,0.0
2022-09-29 11:30:00-04:00,23.809999465942383,23.90999984741211,23.75,23.793800354003906,41536,0.0,0.0,0.0
2022-09-29 12:30:00-04:00,23.780000686645508,23.799999237060547,23.625,23.66010093688965,22944,0.0,0.0,0.0
2022-09-29 13:30:00-04:00,23.655000686645508,23.670000076293945,23.540000915527344,23.579999923706055,81082,0.0,0.0,0.0
2022-09-29 14:30:00-04:00,23.579999923706055,23.649999618530273,23.510000228881836,23.614999771118164,66177,0.0,0.0,0.0
2022-09-29 15:30:00-04:00,23.59000015258789,23.719999313354492,23.59000015258789,23.649999618530273,52681,0.0,0.0,0.0
2022-09-30 09:30:00-04:00,23.770000457763672,23.920000076293945,23.719999313354492,23.799999237060547,81338,0.0,0.0,0.0
2022-09-30 10:30:00-04:00,23.850000381469727,24.079999923706055,23.81999969482422,24.040000915527344,79324,0.0,0.0,0.0
2022-09-30 11:30:00-04:00,24.040000915527344,24.049999237060547,23.860000610351562,23.889999389648438,64190,0.0,0.0,0.0
2022-09-30 12:30:00-04:00,23.889999389648438,23.969999313354492,23.8799991607666,23.940000534057617,27718,0.0,0.0,0.0
2022-09-30 13:30:00-04:00,23.94890022277832,24.05500030517578,23.850000381469727,24.0,37337,0.0,0.0,0.0
2022-09-30 14:30:00-04:00,24.0,24.04330062866211,23.93000030517578,24.010000228881836,192260,0.0,0.0,0.0
2022-09-30 15:30:00-04:00,24.010000228881836,24.06999969482422,23.899999618530273,23.940000534057617,95681,0.0,0.0,0.0
2022-10-03 09:30:00-04:00,24.200000762939453,24.34000015258789,23.8799991607666,24.309999465942383,60706,0.0,0.0,0.0
2022-10-03 10:30:00-04:00,24.31999969482422,24.440000534057617,24.239999771118164,24.3700008392334,59094,0.0,0.0,0.0
2022-10-03 11:30:00-04:00,24.3700008392334,24.3799991607666,24.18000030517578,24.190000534057617,60152,0.0,0.0,0.0
2022-10-03 12:30:00-04:00,24.190000534057617,24.3799991607666,24.190000534057617,24.364999771118164,38723,0.0,0.0,0.0
2022-10-03 13:30:00-04:00,24.3799991607666,24.469999313354492,24.354999542236328,24.469999313354492,79106,0.0,0.0,0.0
2022-10-03 14:30:00-04:00,24.459999084472656,24.488399505615234,24.3700008392334,24.43000030517578,83296,0.0,0.0,0.0
2022-10-03 15:30:00-04:00,24.450000762939453,24.456600189208984,24.299999237060547,24.350000381469727,63036,0.0,0.0,0.0
2022-10-04 09:30:00-04:00,24.649999618530273,24.969999313354492,24.600000381469727,24.950000762939453,105250,0.0,0.0,0.0
2022-10-04 10:30:00-04:00,24.940000534057617,25.0,24.809999465942383,24.829999923706055,83742,0.0,0.0,0.0
2022-10-04 11:30:00-04:00,24.84000015258789,24.8700008392334,24.770000457763672,24.84000015258789,43386,0.0,0.0,0.0
2022-10-04 12:30:00-04:00,24.829999923706055,24.864999771118164,24.639999389648438,24.69499969482422,33892,0.0,0.0,0.0
2022-10-04 13:30:00-04:00,24.69499969482422,24.739999771118164,24.649999618530273,24.659900665283203,45834,0.0,0.0,0.0
2022-10-04 14:30:00-04:00,24.649999618530273,24.760000228881836,24.639999389648438,24.71299934387207,46463,0.0,0.0,0.0
2022-10-04 15:30:00-04:00,24.709999084472656,24.829999923706055,24.695600509643555,24.829999923706055,48999,0.0,0.0,0.0
2022-10-05 09:30:00-04:00,24.540000915527344,24.540000915527344,24.0,24.020000457763672,51977,0.0,0.0,0.0
2022-10-05 10:30:00-04:00,24.0,24.110000610351562,23.950000762939453,24.010000228881836,43298,0.0,0.0,0.0
2022-10-05 11:30:00-04:00,24.020000457763672,24.200000762939453,23.979999542236328,24.110000610351562,62219,0.0,0.0,0.0
2022-10-05 12:30:00-04:00,24.1200008392334,24.229999542236328,24.049999237060547,24.200000762939453,0,0.0,0.0,0.0
2022-10-05 13:30:00-04:00,24.200000762939453,24.34000015258789,24.170000076293945,24.329999923706055,224780,0.0,0.0,0.0
2022-10-05 14:30:00-04:00,24.303199768066406,24.49410057067871,24.303199768066406,24.440000534057617,220502,0.0,0.0,0.0
2022-10-05 15:30:00-04:00,24.440000534057617,24.440000534057617,24.299999237060547,24.34000015258789,35213,0.0,0.0,0.0
2022-10-06 09:30:00-04:00,24.260000228881836,24.3700008392334,23.860000610351562,23.860000610351562,95261,0.0,0.0,0.0
2022-10-06 10:30:00-04:00,23.860000610351562,24.010000228881836,23.809999465942383,23.979999542236328,46104,0.0,0.0,0.0
2022-10-06 11:30:00-04:00,23.959999084472656,23.959999084472656,23.739999771118164,23.860000610351562,46956,0.0,0.0,0.0
2022-10-06 12:30:00-04:00,23.860000610351562,23.905000686645508,23.799999237060547,23.829999923706055,45295,0.0,0.0,0.0
2022-10-06 13:30:00-04:00,23.829999923706055,23.829999923706055,23.75,23.800899505615234,48464,0.0,0.0,0.0
2022-10-06 14:30:00-04:00,23.829999923706055,23.829999923706055,23.6299991607666,23.735000610351562,88883,0.0,0.0,0.0
2022-10-06 15:30:00-04:00,23.770000457763672,23.770000457763672,23.6200008392334,23.65999984741211,82140,0.0,0.0,0.0
2022-10-07 09:30:00-04:00,23.479999542236328,23.530000686645508,23.290000915527344,23.329999923706055,132234,0.0,0.0,0.0
2022-10-07 10:30:00-04:00,23.31999969482422,23.395000457763672,23.260000228881836,23.340099334716797,56186,0.0,0.0,0.0
2022-10-07 11:30:00-04:00,23.34000015258789,23.350000381469727,23.219999313354492,23.229999542236328,32106,0.0,0.0,0.0
2022-10-07 12:30:00-04:00,23.209999084472656,23.236000061035156,23.139999389648438,23.219999313354492,56754,0.0,0.0,0.0
2022-10-07 13:30:00-04:00,23.200000762939453,23.209999084472656,23.125,23.125,47478,0.0,0.0,0.0
2022-10-07 14:30:00-04:00,23.1200008392334,23.12019920349121,22.978200912475586,22.978200912475586,38150,0.0,0.0,0.0
2022-10-07 15:30:00-04:00,22.979999542236328,23.114999771118164,22.948999404907227,23.079999923706055,57505,0.0,0.0,0.0
2022-10-10 09:30:00-04:00,23.149999618530273,23.31999969482422,23.06999969482422,23.229999542236328,79276,0.0,0.0,0.0
2022-10-10 10:30:00-04:00,23.209999084472656,23.239999771118164,23.010000228881836,23.110000610351562,28049,0.0,0.0,0.0
2022-10-10 11:30:00-04:00,23.114999771118164,23.149999618530273,22.976299285888672,22.979999542236328,27199,0.0,0.0,0.0
2022-10-10 12:30:00-04:00,22.969999313354492,22.99839973449707,22.899200439453125,22.9950008392334,25361,0.0,0.0,0.0
2022-10-10 13:30:00-04:00,22.990299224853516,23.110000610351562,22.940000534057617,22.956499099731445,41008,0.0,0.0,0.0
2022-10-10 14:30:00-04:00,22.936199188232422,22.985000610351562,22.850000381469727,22.889999389648438,64451,0.0,0.0,0.0
2022-10-10 15:30:00-04:00,22.8799991607666,22.954999923706055,22.8700008392334,22.8799991607666,36782,0.0,0.0,0.0
2022-10-11 09:30:00-04:00,22.81999969482422,22.90999984741211,22.59000015258789,22.813100814819336,133654,0.0,0.0,0.0
2022-10-11 10:30:00-04:00,22.81999969482422,23.010000228881836,22.81999969482422,22.954999923706055,39226,0.0,0.0,0.0
2022-10-11 11:30:00-04:00,22.959999084472656,23.100000381469727,22.954500198364258,23.06999969482422,34554,0.0,0.0,0.0
2022-10-11 12:30:00-04:00,23.110000610351562,23.149999618530273,23.040000915527344,23.06999969482422,85216,0.0,0.0,0.0
2022-10-11 13:30:00-04:00,23.06999969482422,23.21500015258789,23.049999237060547,23.21500015258789,38865,0.0,0.0,0.0
2022-10-11 14:30:00-04:00,23.229999542236328,23.260000228881836,22.93000030517578,23.03499984741211,73845,0.0,0.0,0.0
2022-10-11 15:30:00-04:00,23.040000915527344,23.15999984741211,23.020000457763672,23.1299991607666,50579,0.0,0.0,0.0
2022-10-12 09:30:00-04:00,23.09000015258789,23.09000015258789,22.739999771118164,22.864999771118164,58287,0.0,0.0,0.0
2022-10-12 10:30:00-04:00,22.860000610351562,22.967599868774414,22.809999465942383,22.899999618530273,1055640,0.0,0.0,0.0
2022-10-12 11:30:00-04:00,22.912200927734375,22.989999771118164,22.864999771118164,22.8700008392334,38648,0.0,0.0,0.0
2022-10-12 12:30:00-04:00,22.889999389648438,22.980499267578125,22.875,22.975000381469727,20478,0.0,0.0,0.0
2022-10-12 13:30:00-04:00,22.96299934387207,23.049999237060547,22.889999389648438,23.049999237060547,36189,0.0,0.0,0.0
2022-10-12 14:30:00-04:00,23.04829978942871,23.049999237060547,22.93000030517578,22.969999313354492,32646,0.0,0.0,0.0
2022-10-12 15:30:00-04:00,22.954999923706055,22.9950008392334,22.860000610351562,22.860000610351562,18250,0.0,0.0,0.0
2022-10-13 09:30:00-04:00,22.469999313354492,22.729999542236328,22.290000915527344,22.559999465942383,69065,0.0,0.0,0.0
2022-10-13 10:30:00-04:00,22.540000915527344,22.93000030517578,22.485000610351562,22.82979965209961,71362,0.0,0.0,0.0
2022-10-13 11:30:00-04:00,22.850000381469727,23.139999389648438,22.81999969482422,22.989999771118164,36466,0.0,0.0,0.0
2022-10-13 12:30:00-04:00,22.969999313354492,23.204999923706055,22.950000762939453,23.190000534057617,55411,0.0,0.0,0.0
2022-10-13 13:30:00-04:00,23.230100631713867,23.290000915527344,23.18000030517578,23.190000534057617,46815,0.0,0.0,0.0
2022-10-13 14:30:00-04:00,23.209999084472656,23.389999389648438,23.204999923706055,23.280000686645508,99563,0.0,0.0,0.0
2022-10-13 15:30:00-04:00,23.280000686645508,23.325300216674805,23.209999084472656,23.280000686645508,64626,0.0,0.0,0.0
2022-10-14 09:30:00-04:00,23.540000915527344,23.639999389648438,23.030000686645508,23.095800399780273,0,0.0,0.0,0.0
2022-10-14 10:30:00-04:00,23.110000610351562,23.200000762939453,22.989999771118164,23.075000762939453,48975,0.0,0.0,0.0
2022-10-14 11:30:00-04:00,23.059999465942383,23.059999465942383,22.834999084472656,22.899999618530273,51357,0.0,0.0,0.0
2022-10-14 12:30:00-04:00,22.90999984741211,22.959999084472656,22.844999313354492,22.8799991607666,25973,0.0,0.0,0.0
2022-10-14 13:30:00-04:00,22.889999389648438,22.920000076293945,22.8700008392334,22.8700008392334,15985,0.0,0.0,0.0
2022-10-14 14:30:00-04:00,22.889999389648438,22.889999389648438,22.684999465942383,22.780000686645508,46623,0.0,0.0,0.0
2022-10-14 15:30:00-04:00,22.799999237060547,22.815000534057617,22.690000534057617,22.700000762939453,70285,0.0,0.0,0.0
2022-10-17 09:30:00-04:00,23.079999923706055,23.635000228881836,23.079999923706055,23.514999389648438,206108,0.0,0.0,0.0
2022-10-17 10:30:00-04:00,23.514999389648438,23.645000457763672,23.489999771118164,23.594999313354492,164846,0.0,0.0,0.0
2022-10-17 11:30:00-04:00,23.594999313354492,23.655000686645508,23.579999923706055,23.604999542236328,151791,0.0,0.0,0.0
2022-10-17 12:30:00-04:00,23.604999542236328,23.614999771118164,23.489999771118164,23.540000915527344,87064,0.0,0.0,0.0
2022-10-17 13:30:00-04:00,23.55500030517578,23.635000228881836,23.520000457763672,23.530000686645508,58386,0.0,0.0,0.0
2022-10-17 14:30:00-04:00,23.530000686645508,23.53499984741211,23.469999313354492,23.5049991607666,45304,0.0,0.0,0.0
2022-10-17 15:30:00-04:00,23.5,23.6200008392334,23.5,23.559999465942383,65847,0.0,0.0,0.0
2022-10-18 09:30:00-04:00,23.969999313354492,24.149999618530273,23.950000762939453,23.950000762939453,50490,0.0,0.0,0.0
2022-10-18 10:30:00-04:00,23.950000762939453,23.989999771118164,23.739999771118164,23.78499984741211,58584,0.0,0.0,0.0
2022-10-18 11:30:00-04:00,23.760000228881836,23.896699905395508,23.719999313354492,23.825000762939453,37698,0.0,0.0,0.0
2022-10-18 12:30:00-04:00,23.809999465942383,23.899999618530273,23.76409912109375,23.889999389648438,43680,0.0,0.0,0.0
2022-10-18 13:30:00-04:00,23.889999389648438,23.940000534057617,23.84000015258789,23.8799991607666,165535,0.0,0.0,0.0
2022-10-18 14:30:00-04:00,23.860000610351562,23.860000610351562,23.604999542236328,23.720399856567383,49851,0.0,0.0,0.0
2022-10-18 15:30:00-04:00,23.719999313354492,23.825000762939453,23.709999084472656,23.81999969482422,70156,0.0,0.0,0.0
2022-10-19 09:30:00-04:00,23.559999465942383,23.670000076293945,23.415000915527344,23.635000228881836,102100,0.0,0.0,0.0
2022-10-19 10:30:00-04:00,23.649999618530273,23.649999618530273,23.399999618530273,23.420000076293945,66038,0.0,0.0,0.0
2022-10-19 11:30:00-04:00,23.40999984741211,23.440000534057617,23.290000915527344,23.299999237060547,82967,0.0,0.0,0.0
2022-10-19 12:30:00-04:00,23.290000915527344,23.30500030517578,23.09000015258789,23.15999984741211,94864,0.0,0.0,0.0
2022-10-19 13:30:00-04:00,23.165000915527344,23.309999465942383,23.149999618530273,23.280000686645508,316800,0.0,0.0,0.0
2022-10-19 14:30:00-04:00,23.280000686645508,23.350000381469727,23.21500015258789,23.239999771118164,46638,0.0,0.0,0.0
2022-10-19 15:30:00-04:00,23.25,23.25,23.174999237060547,23.229999542236328,36156,0.0,0.0,0.0
2022-10-20 09:30:00-04:00,23.200000762939453,23.489999771118164,23.15999984741211,23.43000030517578,41225,0.0,0.0,0.0
2022-10-20 10:30:00-04:00,23.440000534057617,23.469999313354492,23.329999923706055,23.36989974975586,27506,0.0,0.0,0.0
2022-10-20 11:30:00-04:00,23.358800888061523,23.420000076293945,23.170000076293945,23.190000534057617,21560,0.0,0.0,0.0
2022-10-20 12:30:00-04:00,23.190000534057617,23.229999542236328,23.149999618530273,23.229999542236328,24933,0.0,0.0,0.0
2022-10-20 13:30:00-04:00,23.20840072631836,23.219999313354492,23.059999465942383,23.09000015258789,25040,0.0,0.0,0.0
2022-10-20 14:30:00-04:00,23.079999923706055,23.209999084472656,23.079999923706055,23.100000381469727,75995,0.0,0.0,0.0
2022-10-20 15:30:00-04:00,23.09000015258789,23.21500015258789,23.079999923706055,23.1200008392334,40409,0.0,0.0,0.0
2022-10-21 09:30:00-04:00,23.149999618530273,23.280000686645508,22.850000381469727,23.0,75966,0.0,0.0,0.0
2022-10-21 10:30:00-04:00,22.979999542236328,23.030000686645508,22.829999923706055,22.921499252319336,48164,0.0,0.0,0.0
2022-10-21 11:30:00-04:00,22.96649932861328,23.100000381469727,22.950000762939453,23.040000915527344,58355,0.0,0.0,0.0
2022-10-21 12:30:00-04:00,23.049999237060547,23.204999923706055,23.040000915527344,23.149999618530273,154234,0.0,0.0,0.0
2022-10-21 13:30:00-04:00,23.149999618530273,23.235000610351562,23.1299991607666,23.153900146484375,35900,0.0,0.0,0.0
2022-10-21 14:30:00-04:00,23.15999984741211,23.270000457763672,23.142099380493164,23.264999389648438,26432,0.0,0.0,0.0
2022-10-21 15:30:00-04:00,23.280000686645508,23.31999969482422,23.260000228881836,23.309999465942383,31802,0.0,0.0,0.0
2022-10-24 09:30:00-04:00,23.450000762939453,23.56999969482422,23.135000228881836,23.229999542236328,71171,0.0,0.0,0.0
2022-10-24 10:30:00-04:00,23.274200439453125,23.334999084472656,23.200000762939453,23.295000076293945,70141,0.0,0.0,0.0
2022-10-24 11:30:00-04:00,23.290000915527344,23.389999389648438,23.290000915527344,23.35689926147461,28268,0.0,0.0,0.0
2022-10-24 12:30:00-04:00,23.360000610351562,23.360000610351562,23.25,23.25,20988,0.0,0.0,0.0
2022-10-24 13:30:00-04:00,23.260000228881836,23.295000076293945,23.19499969482422,23.280000686645508,19456,0.0,0.0,0.0
2022-10-24 14:30:00-04:00,23.299999237060547,23.40999984741211,23.299999237060547,23.3700008392334,41518,0.0,0.0,0.0
2022-10-24 15:30:00-04:00,23.354999542236328,23.364999771118164,23.280000686645508,23.30500030517578,74214,0.0,0.0,0.0
2022-10-25 09:30:00-04:00,23.360000610351562,23.940000534057617,23.360000610351562,23.940000534057617,66617,0.0,0.0,0.0
2022-10-25 10:30:00-04:00,23.950000762939453,24.06599998474121,23.920000076293945,24.049999237060547,45583,0.0,0.0,0.0
2022-10-25 11:30:00-04:00,24.049999237060547,24.129899978637695,24.0049991607666,24.10300064086914,29629,0.0,0.0,0.0
2022-10-25 12:30:00-04:00,24.114999771118164,24.149999618530273,24.075000762939453,24.110000610351562,61894,0.0,0.0,0.0
2022-10-25 13:30:00-04:00,24.114999771118164,24.155000686645508,24.079999923706055,24.125,23071,0.0,0.0,0.0
2022-10-25 14:30:00-04:00,24.125,24.165000915527344,24.079999923706055,24.149999618530273,39516,0.0,0.0,0.0
2022-10-25 15:30:00-04:00,24.15999984741211,24.259899139404297,24.15999984741211,24.219999313354492,32310,0.0,0.0,0.0
2022-10-26 09:30:00-04:00,24.190000534057617,24.389999389648438,24.045000076293945,24.239999771118164,85334,0.0,0.0,0.0
2022-10-26 10:30:00-04:00,24.209999084472656,24.350000381469727,24.145000457763672,24.34000015258789,42719,0.0,0.0,0.0
2022-10-26 11:30:00-04:00,24.34000015258789,24.395000457763672,24.334999084472656,24.350000381469727,25052,0.0,0.0,0.0
2022-10-26 12:30:00-04:00,24.36520004272461,24.420000076293945,24.280000686645508,24.290000915527344,32259,0.0,0.0,0.0
2022-10-26 13:30:00-04:00,24.28499984741211,24.360000610351562,24.260000228881836,24.260000228881836,21104,0.0,0.0,0.0
2022-10-26 14:30:00-04:00,24.270000457763672,24.274999618530273,24.149999618530273,24.186399459838867,25158,0.0,0.0,0.0
2022-10-26 15:30:00-04:00,24.190000534057617,24.260000228881836,24.18470001220703,24.209999084472656,17909,0.0,0.0,0.0
2022-10-27 09:30:00-04:00,24.270000457763672,24.489999771118164,24.270000457763672,24.489999771118164,0,0.0,0.0,0.0
2022-10-27 10:30:00-04:00,24.489999771118164,24.510000228881836,24.239999771118164,24.280000686645508,58662,0.0,0.0,0.0
2022-10-27 11:30:00-04:00,24.270000457763672,24.270000457763672,24.174999237060547,24.215700149536133,33286,0.0,0.0,0.0
2022-10-27 12:30:00-04:00,24.170000076293945,24.360000610351562,24.170000076293945,24.295000076293945,22864,0.0,0.0,0.0
2022-10-27 13:30:00-04:00,24.280000686645508,24.30500030517578,24.270000457763672,24.295000076293945,18964,0.0,0.0,0.0
2022-10-27 14:30:00-04:00,24.270000457763672,24.280500411987305,24.164100646972656,24.280000686645508,158948,0.0,0.0,0.0
2022-10-27 15:30:00-04:00,24.270000457763672,24.33650016784668,24.200000762939453,24.25,0,0.0,0.0,0.0
2022-10-28 09:30:00-04:00,24.149999618530273,24.559999465942383,24.079999923706055,24.540000915527344,101187,0.0,0.0,0.0
2022-10-28 10:30:00-04:00,24.540000915527344,24.649999618530273,24.504100799560547,24.5049991607666,38091,0.0,0.0,0.0
2022-10-28 11:30:00-04:00,24.540000915527344,24.655000686645508,24.489999771118164,24.636199951171875,19163,0.0,0.0,0.0
2022-10-28 12:30:00-04:00,24.649999618530273,24.7450008392334,24.649999618530273,24.73889923095703,25241,0.0,0.0,0.0
2022-10-28 13:30:00-04:00,24.732999801635742,24.75550079345703,24.69099998474121,24.709999084472656,167884,0.0,0.0,0.0
2022-10-28 14:30:00-04:00,24.694000244140625,24.829999923706055,24.694000244140625,24.790000915527344,37269,0.0,0.0,0.0
2022-10-28 15:30:00-04:00,24.770000457763672,24.81329917907715,24.760000228881836,24.780000686645508,51444,0.0,0.0,0.0
2022-10-31 09:30:00-04:00,24.56999969482422,24.764999389648438,24.514999389648438,24.670000076293945,145004,0.0,0.0,0.0
2022-10-31 10:30:00-04:00,24.670000076293945,24.834999084472656,24.639999389648438,24.825000762939453,53167,0.0,0.0,0.0
2022-10-31 11:30:00-04:00,24.809999465942383,24.8799991607666,24.729999542236328,24.760000228881836,41884,0.0,0.0,0.0
2022-10-31 12:30:00-04:00,24.760000228881836,24.780000686645508,24.702899932861328,24.769699096679688,46766,0.0,0.0,0.0
2022-10-31 13:30:00-04:00,24.790000915527344,24.80500030517578,24.739999771118164,24.799999237060547,48080,0.0,0.0,0.0
2022-10-31 14:30:00-04:00,24.780000686645508,24.829999923706055,24.719999313354492,24.790000915527344,98508,0.0,0.0,0.0
2022-10-31 15:30:00-04:00,24.780000686645508,24.809999465942383,24.734699249267578,24.7450008392334,39997,0.0,0.0,0.0
2022-11-01 09:30:00-04:00,24.959999084472656,25.079999923706055,24.770000457763672,24.84000015258789,89959,0.0,0.0,0.0
2022-11-01 10:30:00-04:00,24.84000015258789,24.940000534057617,24.739999771118164,24.760000228881836,82317,0.0,0.0,0.0
2022-11-01 11:30:00-04:00,24.780000686645508,24.829999923706055,24.684999465942383,24.75189971923828,36926,0.0,0.0,0.0
2022-11-01 12:30:00-04:00,24.75,24.809999465942383,24.700000762939453,24.75,18702,0.0,0.0,0.0
2022-11-01 13:30:00-04:00,24.7450008392334,24.82819938659668,24.73349952697754,24.790000915527344,22593,0.0,0.0,0.0
2022-11-01 14:30:00-04:00,24.80500030517578,24.80500030517578,24.679000854492188,24.739999771118164,24558,0.0,0.0,0.0
2022-11-01 15:30:00-04:00,24.739999771118164,24.790000915527344,24.727399826049805,24.729999542236328,21358,0.0,0.0,0.0
2022-11-02 09:30:00-04:00,24.610000610351562,24.610000610351562,24.280000686645508,24.37579917907715,0,0.0,0.0,0.0
2022-11-02 10:30:00-04:00,24.389999389648438,24.510000228881836,24.389999389648438,24.440000534057617,100094,0.0,0.0,0.0
2022-11-02 11:30:00-04:00,24.425899505615234,24.510000228881836,24.420000076293945,24.440000534057617,16343,0.0,0.0,0.0
2022-11-02 12:30:00-04:00,24.450000762939453,24.530000686645508,24.434999465942383,24.520000457763672,29856,0.0,0.0,0.0
2022-11-02 13:30:00-04:00,24.510000228881836,24.809999465942383,24.469999313354492,24.809999465942383,70539,0.0,0.0,0.0
2022-11-02 14:30:00-04:00,24.829999923706055,24.860000610351562,24.139999389648438,24.190000534057617,194795,0.0,0.0,0.0
2022-11-02 15:30:00-04:00,24.170000076293945,24.170000076293945,24.01099967956543,24.059999465942383,82381,0.0,0.0,0.0
2022-11-03 09:30:00-04:00,23.84000015258789,23.850000381469727,23.579999923706055,23.84000015258789,0,0.0,0.0,0.0
2022-11-03 10:30:00-04:00,23.84000015258789,24.0,23.78499984741211,23.96500015258789,45061,0.0,0.0,0.0
2022-11-03 11:30:00-04:00,23.985000610351562,24.014999389648438,23.889999389648438,24.0,24041,0.0,0.0,0.0
2022-11-03 12:30:00-04:00,24.0049991607666,24.1299991607666,23.969999313354492,24.09000015258789,28633,0.0,0.0,0.0
2022-11-03 13:30:00-04:00,24.100000381469727,24.170000076293945,24.049999237060547,24.170000076293945,32456,0.0,0.0,0.0
2022-11-03 14:30:00-04:00,24.18000030517578,24.184999465942383,24.110000610351562,24.139999389648438,32694,0.0,0.0,0.0
2022-11-03 15:30:00-04:00,24.139999389648438,24.165000915527344,24.0,24.0,75264,0.0,0.0,0.0
2022-11-04 09:30:00-04:00,24.18000030517578,24.389999389648438,23.93000030517578,24.360000610351562,312044,0.0,0.0,0.0
2022-11-04 10:30:00-04:00,24.360000610351562,24.5,24.239999771118164,24.239999771118164,52805,0.0,0.0,0.0
2022-11-04 11:30:00-04:00,24.210800170898438,24.25,23.943500518798828,24.079999923706055,56888,0.0,0.0,0.0
2022-11-04 12:30:00-04:00,24.059999465942383,24.059999465942383,23.890399932861328,23.940000534057617,43089,0.0,0.0,0.0
2022-11-04 13:30:00-04:00,23.959999084472656,24.139999389648438,23.959999084472656,24.1299991607666,23346,0.0,0.0,0.0
2022-11-04 14:30:00-04:00,24.139999389648438,24.299999237060547,24.125,24.24720001220703,51831,0.0,0.0,0.0
2022-11-04 15:30:00-04:00,24.229999542236328,24.360000610351562,24.229999542236328,24.360000610351562,38983,0.0,0.0,0.0
2022-11-07 09:30:00-05:00,24.469999313354492,24.59000015258789,24.239999771118164,24.299999237060547,82654,0.0,0.0,0.0
2022-11-07 10:30:00-05:00,24.270000457763672,24.31999969482422,24.209999084472656,24.31999969482422,73730,0.0,0.0,0.0
2022-11-07 11:30:00-05:00,24.309999465942383,24.31999969482422,24.18000030517578,24.235000610351562,218373,0.0,0.0,0.0
2022-11-07 12:30:00-05:00,24.252199172973633,24.297000885009766,24.209999084472656,24.229999542236328,59572,0.0,0.0,0.0
2022-11-07 13:30:00-05:00,24.229999542236328,24.360000610351562,24.206499099731445,24.359899520874023,25910,0.0,0.0,0.0
2022-11-07 14:30:00-05:00,24.354999542236328,24.389999389648438,24.326400756835938,24.367599487304688,33756,0.0,0.0,0.0
2022-11-07 15:30:00-05:00,24.3700008392334,24.399999618530273,24.329999923706055,24.350000381469727,193418,0.0,0.0,0.0
2022-11-08 09:30:00-05:00,24.450000762939453,24.510000228881836,24.31999969482422,24.489999771118164,73566,0.0,0.0,0.0
2022-11-08 10:30:00-05:00,24.508100509643555,24.61910057067871,24.5,24.610000610351562,66303,0.0,0.0,0.0
2022-11-08 11:30:00-05:00,24.610000610351562,24.649999618530273,24.579999923706055,24.610000610351562,39677,0.0,0.0,0.0
2022-11-08 12:30:00-05:00,24.6299991607666,24.677900314331055,24.450000762939453,24.459999084472656,25078,0.0,0.0,0.0
2022-11-08 13:30:00-05:00,24.440000534057617,24.545000076293945,24.309999465942383,24.31999969482422,61524,0.0,0.0,0.0
2022-11-08 14:30:00-05:00,24.309999465942383,24.530000686645508,24.260000228881836,24.530000686645508,125178,0.0,0.0,0.0
2022-11-08 15:30:00-05:00,24.530000686645508,24.6200008392334,24.424999237060547,24.440000534057617,128337,0.0,0.0,0.0
2022-11-09 09:30:00-05:00,24.34000015258789,24.625,24.34000015258789,24.549699783325195,160729,0.0,0.0,0.0
2022-11-09 10:30:00-05:00,24.55500030517578,24.56999969482422,24.40999984741211,24.559999465942383,54312,0.0,0.0,0.0
2022-11-09 11:30:00-05:00,24.540000915527344,24.625,24.479999542236328,24.559999465942383,31008,0.0,0.0,0.0
2022-11-09 12:30:00-05:00,24.56999969482422,24.59000015258789,24.479999542236328,24.479999542236328,72628,0.0,0.0,0.0
2022-11-09 13:30:00-05:00,24.434999465942383,24.454999923706055,24.3700008392334,24.3799991607666,36062,0.0,0.0,0.0
2022-11-09 14:30:00-05:00,24.34000015258789,24.34000015258789,24.200000762939453,24.211700439453125,54942,0.0,0.0,0.0
2022-11-09 15:30:00-05:00,24.18000030517578,24.219999313354492,24.1200008392334,24.170000076293945,60130,0.0,0.0,0.0
2022-11-10 09:30:00-05:00,24.899999618530273,25.704999923706055,24.899999618530273,25.639999389648438,107221,0.0,0.0,0.0
2022-11-10 10:30:00-05:00,25.639999389648438,25.850000381469727,25.530000686645508,25.850000381469727,59643,0.0,0.0,0.0
2022-11-10 11:30:00-05:00,25.829999923706055,25.93000030517578,25.78499984741211,25.85569953918457,40837,0.0,0.0,0.0
2022-11-10 12:30:00-05:00,25.850000381469727,25.850000381469727,25.594999313354492,25.65999984741211,57140,0.0,0.0,0.0
2022-11-10 13:30:00-05:00,25.65999984741211,25.729999542236328,25.6200008392334,25.65999984741211,20328,0.0,0.0,0.0
2022-11-10 14:30:00-05:00,25.639999389648438,25.829999923706055,25.639999389648438,25.809999465942383,30638,0.0,0.0,0.0
2022-11-10 15:30:00-05:00,25.825000762939453,25.980100631713867,25.825000762939453,25.950000762939453,43576,0.0,0.0,0.0
2022-11-11 09:30:00-05:00,26.010000228881836,26.200000762939453,25.969999313354492,26.18000030517578,77480,0.0,0.0,0.0
2022-11-11 10:30:00-05:00,26.149999618530273,26.149999618530273,25.8799991607666,25.8799991607666,28709,0.0,0.0,0.0
2022-11-11 11:30:00-05:00,25.8700008392334,25.93000030517578,25.84000015258789,25.889999389648438,20802,0.0,0.0,0.0
2022-11-11 12:30:00-05:00,25.920000076293945,26.024999618530273,25.8700008392334,26.010000228881836,16590,0.0,0.0,0.0
2022-11-11 13:30:00-05:00,26.040000915527344,26.075000762939453,25.964000701904297,26.075000762939453,16927,0.0,0.0,0.0
2022-11-11 14:30:00-05:00,26.06999969482422,26.079999923706055,25.899999618530273,25.979999542236328,25876,0.0,0.0,0.0
2022-11-11 15:30:00-05:00,25.979999542236328,25.989999771118164,25.90999984741211,25.920000076293945,54836,0.0,0.0,0.0
2022-11-14 09:30:00-05:00,25.8799991607666,25.8799991607666,25.549999237060547,25.65999984741211,78408,0.0,0.0,0.0
2022-11-14 10:30:00-05:00,25.649999618530273,25.729999542236328,25.520000457763672,25.530000686645508,36042,0.0,0.0,0.0
2022-11-14 11:30:00-05:00,25.520000457763672,25.6200008392334,25.520000457763672,25.600000381469727,40181,0.0,0.0,0.0
2022-11-14 12:30:00-05:00,25.59000015258789,25.690000534057617,25.579999923706055,25.690000534057617,19415,0.0,0.0,0.0
2022-11-14 13:30:00-05:00,25.68000030517578,25.70669937133789,25.469999313354492,25.5,44381,0.0,0.0,0.0
2022-11-14 14:30:00-05:00,25.510000228881836,25.530000686645508,25.389999389648438,25.40999984741211,49338,0.0,0.0,0.0
2022-11-14 15:30:00-05:00,25.40999984741211,25.420000076293945,25.290000915527344,25.290000915527344,57341,0.0,0.0,0.0
2022-11-15 09:30:00-05:00,25.639999389648438,25.729999542236328,25.520000457763672,25.670000076293945,0,0.0,0.0,0.0
2022-11-15 10:30:00-05:00,25.690000534057617,25.690000534057617,25.520000457763672,25.600000381469727,57851,0.0,0.0,0.0
2022-11-15 11:30:00-05:00,25.6200008392334,25.649999618530273,25.579999923706055,25.579999923706055,43755,0.0,0.0,0.0
2022-11-15 12:30:00-05:00,25.56999969482422,25.6299991607666,25.38990020751953,25.415000915527344,91181,0.0,0.0,0.0
2022-11-15 13:30:00-05:00,25.40999984741211,25.56999969482422,25.31999969482422,25.540000915527344,68145,0.0,0.0,0.0
2022-11-15 14:30:00-05:00,25.540000915527344,25.610000610351562,25.479999542236328,25.549999237060547,71656,0.0,0.0,0.0
2022-11-15 15:30:00-05:00,25.549999237060547,25.618000030517578,25.500699996948242,25.579999923706055,48110,0.0,0.0,0.0
2022-11-16 09:30:00-05:00,25.489999771118164,25.600000381469727,25.39299964904785,25.55500030517578,48493,0.0,0.0,0.0
2022-11-16 10:30:00-05:00,25.540000915527344,25.600000381469727,25.436399459838867,25.520000457763672,38515,0.0,0.0,0.0
2022-11-16 11:30:00-05:00,25.520000457763672,25.540000915527344,25.450000762939453,25.500600814819336,15143,0.0,0.0,0.0
2022-11-16 12:30:00-05:00,25.479299545288086,25.559799194335938,25.459999084472656,25.459999084472656,81264,0.0,0.0,0.0
2022-11-16 13:30:00-05:00,25.459999084472656,25.459999084472656,25.359800338745117,25.360000610351562,40834,0.0,0.0,0.0
2022-11-16 14:30:00-05:00,25.360000610351562,25.43000030517578,25.280000686645508,25.360000610351562,27955,0.0,0.0,0.0
2022-11-16 15:30:00-05:00,25.375699996948242,25.420000076293945,25.329999923706055,25.350000381469727,95802,0.0,0.0,0.0
2022-11-17 09:30:00-05:00,25.049999237060547,25.059999465942383,24.940000534057617,25.040000915527344,143798,0.0,0.0,0.0
2022-11-17 10:30:00-05:00,25.049999237060547,25.05500030517578,24.989999771118164,25.049999237060547,170798,0.0,0.0,0.0
2022-11-17 11:30:00-05:00,25.05500030517578,25.145000457763672,25.010000228881836,25.100000381469727,56073,0.0,0.0,0.0
2022-11-17 12:30:00-05:00,25.100000381469727,25.200000762939453,25.079999923706055,25.200000762939453,54276,0.0,0.0,0.0
2022-11-17 13:30:00-05:00,25.209999084472656,25.219999313354492,25.100000381469727,25.1200008392334,46079,0.0,0.0,0.0
2022-11-17 14:30:00-05:00,25.1200008392334,25.1200008392334,24.966999053955078,25.0,135909,0.0,0.0,0.0
2022-11-17 15:30:00-05:00,25.0,25.18000030517578,24.979999542236328,25.18000030517578,93524,0.0,0.0,0.0
2022-11-18 09:30:00-05:00,25.40999984741211,25.530000686645508,25.308300018310547,25.385000228881836,47745,0.0,0.0,0.0
2022-11-18 10:30:00-05:00,25.395000457763672,25.40999984741211,25.290000915527344,25.360000610351562,32903,0.0,0.0,0.0
2022-11-18 11:30:00-05:00,25.360000610351562,25.360000610351562,25.2450008392334,25.30500030517578,24067,0.0,0.0,0.0
2022-11-18 12:30:00-05:00,25.299999237060547,25.350000381469727,25.280000686645508,25.350000381469727,9979,0.0,0.0,0.0
2022-11-18 13:30:00-05:00,25.3700008392334,25.385000228881836,25.31999969482422,25.334999084472656,39350,0.0,0.0,0.0
2022-11-18 14:30:00-05:00,25.350000381469727,25.415000915527344,25.295000076293945,25.40999984741211,25876,0.0,0.0,0.0
2022-11-18 15:30:00-05:00,25.40999984741211,25.545000076293945,25.403200149536133,25.510000228881836,53477,0.0,0.0,0.0
2022-11-21 09:30:00-05:00,25.440000534057617,25.59000015258789,25.43000030517578,25.489999771118164,35058,0.0,0.0,0.0
2022-11-21 10:30:00-05:00,25.469999313354492,25.469999313354492,25.399799346923828,25.40999984741211,88966,0.0,0.0,0.0
2022-11-21 11:30:00-05:00,25.399999618530273,25.420000076293945,25.329999923706055,25.389999389648438,59248,0.0,0.0,0.0
2022-11-21 12:30:00-05:00,25.399999618530273,25.491600036621094,25.379899978637695,25.491600036621094,27586,0.0,0.0,0.0
2022-11-21 13:30:00-05:00,25.4950008392334,25.530000686645508,25.459999084472656,25.520000457763672,24578,0.0,0.0,0.0
2022-11-21 14:30:00-05:00,25.490400314331055,25.575000762939453,25.490400314331055,25.569900512695312,39425,0.0,0.0,0.0
2022-11-21 15:30:00-05:00,25.575000762939453,25.649999618530273,25.56999969482422,25.6299991607666,47894,0.0,0.0,0.0
2022-11-22 09:30:00-05:00,25.719999313354492,25.719999313354492,25.600000381469727,25.65999984741211,47626,0.0,0.0,0.0
2022-11-22 10:30:00-05:00,25.670000076293945,25.690000534057617,25.59000015258789,25.6200008392334,26599,0.0,0.0,0.0
2022-11-22 11:30:00-05:00,25.6299991607666,25.670000076293945,25.600000381469727,25.610000610351562,27774,0.0,0.0,0.0
2022-11-22 12:30:00-05:00,25.625,25.690000534057617,25.625,25.690000534057617,21906,0.0,0.0,0.0
2022-11-22 13:30:00-05:00,25.700000762939453,25.700000762939453,25.639999389648438,25.670000076293945,33063,0.0,0.0,0.0
2022-11-22 14:30:00-05:00,25.65999984741211,25.729999542236328,25.631000518798828,25.71780014038086,44884,0.0,0.0,0.0
2022-11-22 15:30:00-05:00,25.729999542236328,25.790000915527344,25.729999542236328,25.770000457763672,29036,0.0,0.0,0.0
2022-11-23 09:30:00-05:00,25.729999542236328,25.8700008392334,25.68000030517578,25.799999237060547,25306,0.0,0.0,0.0
2022-11-23 10:30:00-05:00,25.850099563598633,25.90999984741211,25.770000457763672,25.780000686645508,18483,0.0,0.0,0.0
2022-11-23 11:30:00-05:00,25.770000457763672,25.774999618530273,25.65999984741211,25.690000534057617,16625,0.0,0.0,0.0
2022-11-23 12:30:00-05:00,25.690000534057617,25.700000762939453,25.594999313354492,25.639999389648438,15433,0.0,0.0,0.0
2022-11-23 13:30:00-05:00,25.649999618530273,25.729999542236328,25.579999923706055,25.69499969482422,23653,0.0,0.0,0.0
2022-11-23 14:30:00-05:00,25.690000534057617,25.773000717163086,25.6299991607666,25.754499435424805,35896,0.0,0.0,0.0
2022-11-23 15:30:00-05:00,25.751100540161133,25.780000686645508,25.75,25.770000457763672,30488,0.0,0.0,0.0
2022-11-25 09:30:00-05:00,25.799999237060547,25.954999923706055,25.799999237060547,25.920000076293945,54281,0.0,0.0,0.0
2022-11-25 10:30:00-05:00,25.920000076293945,25.920000076293945,25.860000610351562,25.889999389648438,19360,0.0,0.0,0.0
2022-11-25 11:30:00-05:00,25.889999389648438,25.93000030517578,25.889999389648438,25.90999984741211,28318,0.0,0.0,0.0
2022-11-28 09:30:00-05:00,25.780000686645508,25.899999618530273,25.709999084472656,25.75,76981,0.0,0.0,0.0
2022-11-28 10:30:00-05:00,25.739999771118164,25.780000686645508,25.639999389648438,25.639999389648438,56318,0.0,0.0,0.0
2022-11-28 11:30:00-05:00,25.63949966430664,25.64929962158203,25.530000686645508,25.596900939941406,28627,0.0,0.0,0.0
2022-11-28 12:30:00-05:00,25.600000381469727,25.604999542236328,25.469999313354492,25.489999771118164,31758,0.0,0.0,0.0
2022-11-28 13:30:00-05:00,25.489999771118164,25.4950008392334,25.3700008392334,25.3700008392334,39049,0.0,0.0,0.0
2022-11-28 14:30:00-05:00,25.360000610351562,25.395000457763672,25.219999313354492,25.235000610351562,72390,0.0,0.0,0.0
2022-11-28 15:30:00-05:00,25.229999542236328,25.270000457763672,25.20800018310547,25.260000228881836,89207,0.0,0.0,0.0
2022-11-29 09:30:00-05:00,25.270000457763672,25.5,25.239999771118164,25.5,31148,0.0,0.0,0.0
2022-11-29 10:30:00-05:00,25.520000457763672,25.600000381469727,25.459999084472656,25.489999771118164,23348,0.0,0.0,0.0
2022-11-29 11:30:00-05:00,25.510000228881836,25.530000686645508,25.46500015258789,25.490299224853516,48416,0.0,0.0,0.0
2022-11-29 12:30:00-05:00,25.5,25.549999237060547,25.4950008392334,25.5,34854,0.0,0.0,0.0
2022-11-29 13:30:00-05:00,25.4950008392334,25.594999313354492,25.489999771118164,25.581899642944336,26614,0.0,0.0,0.0
2022-11-29 14:30:00-05:00,25.530000686645508,25.639999389648438,25.520000457763672,25.6210994720459,72711,0.0,0.0,0.0
2022-11-29 15:30:00-05:00,25.6299991607666,25.690000534057617,25.6299991607666,25.670000076293945,32028,0.0,0.0,0.0
2022-11-30 09:30:00-05:00,25.639999389648438,25.639999389648438,25.43000030517578,25.489999771118164,108063,0.0,0.0,0.0
2022-11-30 10:30:00-05:00,25.5,25.540000915527344,25.459999084472656,25.51849937438965,41366,0.0,0.0,0.0
2022-11-30 11:30:00-05:00,25.530000686645508,25.56999969482422,25.459999084472656,25.485000610351562,33471,0.0,0.0,0.0
2022-11-30 12:30:00-05:00,25.489999771118164,25.56999969482422,25.489999771118164,25.540000915527344,41940,0.0,0.0,0.0
2022-11-30 13:30:00-05:00,25.520000457763672,26.030000686645508,25.520000457763672,25.979999542236328,144211,0.0,0.0,0.0
2022-11-30 14:30:00-05:00,25.969999313354492,26.110000610351562,25.940000534057617,26.110000610351562,79405,0.0,0.0,0.0
2022-11-30 15:30:00-05:00,26.121000289916992,26.270000457763672,26.121000289916992,26.270000457763672,75884,0.0,0.0,0.0
2022-12-01 09:30:00-05:00,26.43000030517578,26.639999389648438,26.260000228881836,26.260000228881836,61415,0.0,0.0,0.0
2022-12-01 10:30:00-05:00,26.25,26.32990074157715,26.209999084472656,26.239999771118164,48485,0.0,0.0,0.0
2022-12-01 11:30:00-05:00,26.239999771118164,26.270000457763672,26.165000915527344,26.239999771118164,37563,0.0,0.0,0.0
2022-12-01 12:30:00-05:00,26.25,26.270000457763672,26.020000457763672,26.020000457763672,40761,0.0,0.0,0.0
2022-12-01 13:30:00-05:00,26.010000228881836,26.131000518798828,25.989999771118164,26.12619972229004,59754,0.0,0.0,0.0
2022-12-01 14:30:00-05:00,26.114999771118164,26.170000076293945,26.040000915527344,26.100000381469727,42677,0.0,0.0,0.0
2022-12-01 15:30:00-05:00,26.110000610351562,26.209400177001953,26.110000610351562,26.190000534057617,49548,0.0,0.0,0.0
2022-12-02 09:30:00-05:00,25.84000015258789,26.059999465942383,25.80500030517578,26.0,101427,0.0,0.0,0.0
2022-12-02 10:30:00-05:00,25.989999771118164,26.049999237060547,25.969999313354492,26.0,59139,0.0,0.0,0.0
2022-12-02 11:30:00-05:00,26.0049991607666,26.084999084472656,25.999900817871094,26.079999923706055,40569,0.0,0.0,0.0
2022-12-02 12:30:00-05:00,26.09000015258789,26.122900009155273,26.049999237060547,26.100000381469727,33821,0.0,0.0,0.0
2022-12-02 13:30:00-05:00,26.104999542236328,26.149900436401367,26.075000762939453,26.123199462890625,34660,0.0,0.0,0.0
2022-12-02 14:30:00-05:00,26.1200008392334,26.254100799560547,26.094999313354492,26.18000030517578,69515,0.0,0.0,0.0
2022-12-02 15:30:00-05:00,26.190000534057617,26.190000534057617,26.09000015258789,26.1299991607666,59457,0.0,0.0,0.0
2022-12-05 09:30:00-05:00,25.950000762939453,25.950000762939453,25.75,25.809999465942383,47825,0.0,0.0,0.0
2022-12-05 10:30:00-05:00,25.780000686645508,25.989999771118164,25.775800704956055,25.93000030517578,30061,0.0,0.0,0.0
2022-12-05 11:30:00-05:00,25.920000076293945,25.920000076293945,25.709999084472656,25.799999237060547,44325,0.0,0.0,0.0
2022-12-05 12:30:00-05:00,25.78499984741211,25.790000915527344,25.639999389648438,25.645999908447266,34563,0.0,0.0,0.0
2022-12-05 13:30:00-05:00,25.649999618530273,25.690000534057617,25.59000015258789,25.600000381469727,46564,0.0,0.0,0.0
2022-12-05 14:30:00-05:00,25.610000610351562,25.649999618530273,25.59000015258789,25.6299991607666,43638,0.0,0.0,0.0
2022-12-05 15:30:00-05:00,25.624000549316406,25.709999084472656,25.624000549316406,25.639999389648438,57021,0.0,0.0,0.0
2022-12-06 09:30:00-05:00,25.670000076293945,25.690000534057617,25.489999771118164,25.540000915527344,36644,0.0,0.0,0.0
2022-12-06 10:30:00-05:00,25.549999237060547,25.600000381469727,25.479999542236328,25.56999969482422,186536,0.0,0.0,0.0
2022-12-06 11:30:00-05:00,25.559999465942383,25.579999923706055,25.399999618530273,25.453500747680664,66767,0.0,0.0,0.0
2022-12-06 12:30:00-05:00,25.469999313354492,25.469999313354492,25.34000015258789,25.34000015258789,32447,0.0,0.0,0.0
2022-12-06 13:30:00-05:00,25.341699600219727,25.420000076293945,25.309999465942383,25.32379913330078,42295,0.0,0.0,0.0
2022-12-06 14:30:00-05:00,25.299999237060547,25.389999389648438,25.290000915527344,25.309999465942383,49142,0.0,0.0,0.0
2022-12-06 15:30:00-05:00,25.315000534057617,25.43000030517578,25.309999465942383,25.420000076293945,60350,0.0,0.0,0.0
2022-12-07 09:30:00-05:00,25.31999969482422,25.600000381469727,25.31999969482422,25.600000381469727,77487,0.0,0.0,0.0
2022-12-07 10:30:00-05:00,25.653799057006836,25.709999084472656,25.530000686645508,25.530000686645508,56127,0.0,0.0,0.0
2022-12-07 11:30:00-05:00,25.530000686645508,25.5580997467041,25.440000534057617,25.459999084472656,34045,0.0,0.0,0.0
2022-12-07 12:30:00-05:00,25.469999313354492,25.614999771118164,25.469999313354492,25.589399337768555,37880,0.0,0.0,0.0
2022-12-07 13:30:00-05:00,25.579999923706055,25.579999923706055,25.399999618530273,25.433300018310547,40271,0.0,0.0,0.0
2022-12-07 14:30:00-05:00,25.43000030517578,25.46940040588379,25.325000762939453,25.3799991607666,39051,0.0,0.0,0.0
2022-12-07 15:30:00-05:00,25.395000457763672,25.469999313354492,25.389999389648438,25.459999084472656,25165,0.0,0.0,0.0
2022-12-08 09:30:00-05:00,25.510000228881836,25.829999923706055,25.510000228881836,25.829999923706055,50117,0.0,0.0,0.0
2022-12-08 10:30:00-05:00,25.81999969482422,25.864999771118164,25.68000030517578,25.719999313354492,26581,0.0,0.0,0.0
2022-12-08 11:30:00-05:00,25.719999313354492,25.760000228881836,25.690000534057617,25.719999313354492,21944,0.0,0.0,0.0
2022-12-08 12:30:00-05:00,25.709999084472656,25.75,25.68000030517578,25.729999542236328,34845,0.0,0.0,0.0
2022-12-08 13:30:00-05:00,25.729999542236328,25.81410026550293,25.670000076293945,25.690000534057617,42231,0.0,0.0,0.0
2022-12-08 14:30:00-05:00,25.685199737548828,25.704999923706055,25.6200008392334,25.66360092163086,49241,0.0,0.0,0.0
2022-12-08 15:30:00-05:00,25.670000076293945,25.69499969482422,25.584999084472656,25.639999389648438,64075,0.0,0.0,0.0
2022-12-09 09:30:00-05:00,25.520000457763672,25.75,25.5,25.75,34078,0.0,0.0,0.0
2022-12-09 10:30:00-05:00,25.760000228881836,25.81999969482422,25.700000762939453,25.777999877929688,25521,0.0,0.0,0.0
2022-12-09 11:30:00-05:00,25.770000457763672,25.799999237060547,25.709999084472656,25.719999313354492,15414,0.0,0.0,0.0
2022-12-09 12:30:00-05:00,25.732200622558594,25.780000686645508,25.700000762939453,25.72249984741211,0,0.0,0.0,0.0
2022-12-09 13:30:00-05:00,25.719999313354492,25.780000686645508,25.719999313354492,25.7549991607666,137050,0.0,0.0,0.0
2022-12-09 14:30:00-05:00,25.739999771118164,25.8075008392334,25.700000762939453,25.71500015258789,44326,0.0,0.0,0.0
2022-12-09 15:30:00-05:00,25.700000762939453,25.709999084472656,25.59000015258789,25.600000381469727,37489,0.0,0.0,0.0
2022-12-12 09:30:00-05:00,25.6299991607666,25.649999618530273,25.364200592041016,25.479999542236328,49740,0.0,0.0,0.0
2022-12-12 10:30:00-05:00,25.475000381469727,25.593599319458008,25.475000381469727,25.59000015258789,33508,0.0,0.0,0.0
2022-12-12 11:30:00-05:00,25.565000534057617,25.574499130249023,25.489999771118164,25.514999389648438,18083,0.0,0.0,0.0
2022-12-12 12:30:00-05:00,25.510000228881836,25.549999237060547,25.485000610351562,25.530000686645508,47390,0.0,0.0,0.0
2022-12-12 13:30:00-05:00,25.540000915527344,25.618000030517578,25.53499984741211,25.600000381469727,37586,0.0,0.0,0.0
2022-12-12 14:30:00-05:00,25.575000762939453,25.725000381469727,25.575000762939453,25.719999313354492,65519,0.0,0.0,0.0
2022-12-12 15:30:00-05:00,25.719999313354492,25.78499984741211,25.719999313354492,25.774999618530273,74357,0.0,0.0,0.0
2022-12-13 09:30:00-05:00,26.450000762939453,26.65999984741211,26.290000915527344,26.31999969482422,141081,0.0,0.0,0.0
2022-12-13 10:30:00-05:00,26.329999923706055,26.40999984741211,26.263999938964844,26.304100036621094,51449,0.0,0.0,0.0
2022-12-13 11:30:00-05:00,26.315000534057617,26.360000610351562,26.059999465942383,26.08009910583496,89468,0.0,0.0,0.0
2022-12-13 12:30:00-05:00,26.075000762939453,26.18000030517578,25.973600387573242,26.170000076293945,56232,0.0,0.0,0.0
2022-12-13 13:30:00-05:00,26.190000534057617,26.22260093688965,26.1299991607666,26.170000076293945,42463,0.0,0.0,0.0
2022-12-13 14:30:00-05:00,26.170000076293945,26.25,26.07990074157715,26.204999923706055,71973,0.0,0.0,0.0
2022-12-13 15:30:00-05:00,26.209999084472656,26.308399200439453,26.164199829101562,26.270000457763672,130498,0.0,0.0,0.0
2022-12-14 09:30:00-05:00,26.25,26.540000915527344,26.219999313354492,26.540000915527344,0,0.0,0.0,0.0
2022-12-14 10:30:00-05:00,26.531600952148438,26.531600952148438,26.40999984741211,26.440000534057617,24559,0.0,0.0,0.0
2022-12-14 11:30:00-05:00,26.46500015258789,26.479999542236328,26.40999984741211,26.43000030517578,22571,0.0,0.0,0.0
2022-12-14 12:30:00-05:00,26.434999465942383,26.5,26.43000030517578,26.5,13488,0.0,0.0,0.0
2022-12-14 13:30:00-05:00,26.510000228881836,26.559999465942383,26.100000381469727,26.209999084472656,81304,0.0,0.0,0.0
2022-12-14 14:30:00-05:00,26.170000076293945,26.360000610351562,25.979999542236328,26.030000686645508,86691,0.0,0.0,0.0
2022-12-14 15:30:00-05:00,26.0,26.1299991607666,25.969999313354492,26.09000015258789,79898,0.0,0.0,0.0
2022-12-15 09:30:00-05:00,25.75,25.950000762939453,25.739999771118164,25.780000686645508,55216,0.0,0.0,0.0
2022-12-15 10:30:00-05:00,25.770000457763672,25.834999084472656,25.600000381469727,25.6299991607666,41581,0.0,0.0,0.0
2022-12-15 11:30:00-05:00,25.639999389648438,25.81999969482422,25.639999389648438,25.780000686645508,77573,0.0,0.0,0.0
2022-12-15 12:30:00-05:00,25.809999465942383,25.829999923706055,25.604999542236328,25.68000030517578,23233,0.0,0.0,0.0
2022-12-15 13:30:00-05:00,25.655000686645508,25.815000534057617,25.655000686645508,25.774999618530273,29319,0.0,0.0,0.0
2022-12-15 14:30:00-05:00,25.78190040588379,25.90999984741211,25.780000686645508,25.829999923706055,44997,0.0,0.0,0.0
2022-12-15 15:30:00-05:00,25.841100692749023,25.8700008392334,25.700000762939453,25.729999542236328,85241,0.0,0.0,0.0
2022-12-16 09:30:00-05:00,25.290000915527344,25.290000915527344,24.780000686645508,24.81999969482422,48922,0.0,0.0,0.0
2022-12-16 10:30:00-05:00,24.829999923706055,24.860000610351562,24.709999084472656,24.790000915527344,54015,0.0,0.0,0.0
2022-12-16 11:30:00-05:00,24.790000915527344,24.8799991607666,24.729999542236328,24.786500930786133,39792,0.0,0.0,0.0
2022-12-16 12:30:00-05:00,24.795000076293945,24.895000457763672,24.729999542236328,24.760000228881836,28533,0.0,0.0,0.0
2022-12-16 13:30:00-05:00,24.760000228881836,24.810100555419922,24.665000915527344,24.729999542236328,35726,0.0,0.0,0.0
2022-12-16 14:30:00-05:00,24.739999771118164,24.920000076293945,24.670000076293945,24.920000076293945,64856,0.0,0.0,0.0
2022-12-16 15:30:00-05:00,24.93000030517578,25.051700592041016,24.93000030517578,24.93000030517578,75214,0.0,0.0,0.0
2022-12-19 09:30:00-05:00,24.920000076293945,24.920000076293945,24.729999542236328,24.889999389648438,39324,0.0,0.0,0.0
2022-12-19 10:30:00-05:00,24.889999389648438,24.889999389648438,24.760099411010742,24.815000534057617,26135,0.0,0.0,0.0
2022-12-19 11:30:00-05:00,24.78499984741211,24.820100784301758,24.72369956970215,24.76409912109375,31407,0.0,0.0,0.0
2022-12-19 12:30:00-05:00,24.739999771118164,24.790000915527344,24.712499618530273,24.766700744628906,12331,0.0,0.0,0.0
2022-12-19 13:30:00-05:00,24.7450008392334,24.7450008392334,24.510000228881836,24.510000228881836,56424,0.0,0.0,0.0
2022-12-19 14:30:00-05:00,24.520000457763672,24.559999465942383,24.479999542236328,24.51449966430664,85777,0.0,0.0,0.0
2022-12-19 15:30:00-05:00,24.514400482177734,24.645000457763672,24.489999771118164,24.6200008392334,51897,0.0,0.0,0.0
2022-12-20 09:30:00-05:00,24.520000457763672,24.559999465942383,24.299999237060547,24.530000686645508,53745,0.0,0.0,0.0
2022-12-20 10:30:00-05:00,24.530000686645508,24.610000610351562,24.507600784301758,24.549999237060547,68275,0.0,0.0,0.0
2022-12-20 11:30:00-05:00,24.549999237060547,24.697799682617188,24.549999237060547,24.665000915527344,73849,0.0,0.0,0.0
2022-12-20 12:30:00-05:00,24.65999984741211,24.674999237060547,24.610000610351562,24.62689971923828,51734,0.0,0.0,0.0
2022-12-20 13:30:00-05:00,24.6299991607666,24.709999084472656,24.6299991607666,24.670000076293945,73849,0.0,0.0,0.0
2022-12-20 14:30:00-05:00,24.670000076293945,24.670000076293945,24.540000915527344,24.6299991607666,38574,0.0,0.0,0.0
2022-12-20 15:30:00-05:00,24.635000228881836,24.66309928894043,24.565000534057617,24.579999923706055,47872,0.0,0.0,0.0
2022-12-21 09:30:00-05:00,24.75,24.938899993896484,24.690000534057617,24.93000030517578,84607,0.0,0.0,0.0
2022-12-21 10:30:00-05:00,24.94070053100586,25.030000686645508,24.940000534057617,25.00349998474121,27019,0.0,0.0,0.0
2022-12-21 11:30:00-05:00,25.020000457763672,25.04210090637207,24.940000534057617,24.979999542236328,39520,0.0,0.0,0.0
2022-12-21 12:30:00-05:00,24.975000381469727,24.989900588989258,24.93000030517578,24.976900100708008,17445,0.0,0.0,0.0
2022-12-21 13:30:00-05:00,24.989999771118164,25.040000915527344,24.918100357055664,24.918100357055664,0,0.0,0.0,0.0
2022-12-21 14:30:00-05:00,24.90999984741211,24.940000534057617,24.75,24.75,308351,0.0,0.0,0.0
2022-12-21 15:30:00-05:00,24.75,24.790000915527344,24.704999923706055,24.780000686645508,52071,0.0,0.0,0.0
2022-12-22 09:30:00-05:00,24.559999465942383,24.66990089416504,24.510000228881836,24.600000381469727,76407,0.0,0.0,0.0
2022-12-22 10:30:00-05:00,24.56999969482422,24.661100387573242,24.55500030517578,24.59000015258789,45373,0.0,0.0,0.0
2022-12-22 11:30:00-05:00,24.594999313354492,24.600000381469727,24.3700008392334,24.3700008392334,49952,0.0,0.0,0.0
2022-12-22 12:30:00-05:00,24.3799991607666,24.3799991607666,24.270000457763672,24.299999237060547,109819,0.0,0.0,0.0
2022-12-22 13:30:00-05:00,24.299999237060547,24.360000610351562,24.235000610351562,24.360000610351562,60768,0.0,0.0,0.0
2022-12-22 14:30:00-05:00,24.360000610351562,24.600000381469727,24.309999465942383,24.600000381469727,50135,0.0,0.0,0.0
2022-12-22 15:30:00-05:00,24.610000610351562,24.690000534057617,24.56290054321289,24.690000534057617,39556,0.0,0.0,0.0
2022-12-23 09:30:00-05:00,24.59000015258789,24.75,24.510000228881836,24.709999084472656,72257,0.0,0.0,0.0
2022-12-23 10:30:00-05:00,24.729999542236328,24.81999969482422,24.690000534057617,24.700000762939453,88096,0.0,0.0,0.0
2022-12-23 11:30:00-05:00,24.709999084472656,24.829500198364258,24.700000762939453,24.799999237060547,50310,0.0,0.0,0.0
2022-12-23 12:30:00-05:00,24.799999237060547,24.860000610351562,24.790000915527344,24.81999969482422,67823,0.0,0.0,0.0
2022-12-23 13:30:00-05:00,24.84000015258789,24.84000015258789,24.700000762939453,24.799999237060547,53556,0.0,0.0,0.0
2022-12-23 14:30:00-05:00,24.799999237060547,24.8700008392334,24.77989959716797,24.829999923706055,78019,0.0,0.0,0.0
2022-12-23 15:30:00-05:00,24.829999923706055,24.899999618530273,24.795000076293945,24.889999389648438,38394,0.0,0.0,0.0
2022-12-27 09:30:00-05:00,24.889999389648438,24.90999984741211,24.670000076293945,24.860000610351562,0,0.0,0.0,0.0
2022-12-27 10:30:00-05:00,24.8700008392334,24.905000686645508,24.774999618530273,24.790000915527344,75302,0.0,0.0,0.0
2022-12-27 11:30:00-05:00,24.799999237060547,24.8799991607666,24.799999237060547,24.829999923706055,47029,0.0,0.0,0.0
2022-12-27 12:30:00-05:00,24.81999969482422,24.860000610351562,24.78499984741211,24.809999465942383,44312,0.0,0.0,0.0
2022-12-27 13:30:00-05:00,24.799999237060547,24.81999969482422,24.735000610351562,24.764999389648438,48148,0.0,0.0,0.0
2022-12-27 14:30:00-05:00,24.770000457763672,24.915000915527344,24.7632999420166,24.900999069213867,38314,0.0,0.0,0.0
2022-12-27 15:30:00-05:00,24.90999984741211,24.96500015258789,24.8799991607666,24.889999389648438,49105,0.0,0.0,0.0
2022-12-28 09:30:00-05:00,24.90999984741211,25.049999237060547,24.809999465942383,24.809999465942383,67652,0.0,0.0,0.0
2022-12-28 10:30:00-05:00,24.809900283813477,24.860000610351562,24.75,24.799999237060547,58374,0.0,0.0,0.0
2022-12-28 11:30:00-05:00,24.799999237060547,24.799999237060547,24.645000457763672,24.655000686645508,64334,0.0,0.0,0.0
2022-12-28 12:30:00-05:00,24.649999618530273,24.75,24.638099670410156,24.700899124145508,37178,0.0,0.0,0.0
2022-12-28 13:30:00-05:00,24.700000762939453,24.704999923706055,24.59000015258789,24.614999771118164,60343,0.0,0.0,0.0
2022-12-28 14:30:00-05:00,24.610000610351562,24.683000564575195,24.479999542236328,24.510000228881836,93918,0.0,0.0,0.0
2022-12-28 15:30:00-05:00,24.514999389648438,24.540000915527344,24.434999465942383,24.469999313354492,60615,0.0,0.0,0.0
2022-12-29 09:30:00-05:00,24.6200008392334,24.90999984741211,24.56999969482422,24.889999389648438,65773,0.0,0.0,0.0
2022-12-29 10:30:00-05:00,24.899999618530273,24.989999771118164,24.850000381469727,24.856399536132812,78016,0.0,0.0,0.0
2022-12-29 11:30:00-05:00,24.860000610351562,25.04050064086914,24.854999542236328,25.040000915527344,61336,0.0,0.0,0.0
2022-12-29 12:30:00-05:00,25.042999267578125,25.059999465942383,24.979999542236328,25.0,59899,0.0,0.0,0.0
2022-12-29 13:30:00-05:00,24.989999771118164,25.010000228881836,24.895000457763672,24.895000457763672,38741,0.0,0.0,0.0
2022-12-29 14:30:00-05:00,24.899999618530273,24.99970054626465,24.895000457763672,24.950000762939453,94617,0.0,0.0,0.0
2022-12-29 15:30:00-05:00,24.943099975585938,25.049999237060547,24.94300079345703,25.0,104049,0.0,0.0,0.0
2022-12-30 09:30:00-05:00,24.8700008392334,24.929000854492188,24.770000457763672,24.894699096679688,54479,0.0,0.0,0.0
2022-12-30 10:30:00-05:00,24.889999389648438,24.889999389648438,24.790000915527344,24.790000915527344,67773,0.0,0.0,0.0
2022-12-30 11:30:00-05:00,24.790000915527344,24.829999923706055,24.75,24.790000915527344,47232,0.0,0.0,0.0
2022-12-30 12:30:00-05:00,24.78499984741211,24.860000610351562,24.655000686645508,24.68000030517578,40093,0.0,0.0,0.0
2022-12-30 13:30:00-05:00,24.704999923706055,24.764999389648438,24.584999084472656,24.604999542236328,36616,0.0,0.0,0.0
2022-12-30 14:30:00-05:00,24.610000610351562,24.684999465942383,24.53499984741211,24.665000915527344,61150,0.0,0.0,0.0
2022-12-30 15:30:00-05:00,24.65999984741211,24.850000381469727,24.65999984741211,24.809999465942383,38679,0.0,0.0,0.0
2023-01-03 09:30:00-05:00,25.010000228881836,25.219999313354492,24.709999084472656,24.760000228881836,112951,0.0,0.0,0.0
2023-01-03 10:30:00-05:00,24.760000228881836,24.920000076293945,24.690000534057617,24.719999313354492,81633,0.0,0.0,0.0
2023-01-03 11:30:00-05:00,24.71500015258789,24.760000228881836,24.670000076293945,24.72410011291504,34499,0.0,0.0,0.0
2023-01-03 12:30:00-05:00,24.71619987487793,24.774999618530273,24.579999923706055,24.760000228881836,35185,0.0,0.0,0.0
2023-01-03 13:30:00-05:00,24.75,24.770000457763672,24.65999984741211,24.670000076293945,42273,0.0,0.0,0.0
2023-01-03 14:30:00-05:00,24.65999984741211,24.864999771118164,24.610000610351562,24.854999542236328,86043,0.0,0.0,0.0
2023-01-03 15:30:00-05:00,24.860000610351562,24.885799407958984,24.809999465942383,24.84000015258789,38271,0.0,0.0,0.0
2023-01-04 09:30:00-05:00,25.010000228881836,25.31999969482422,25.010000228881836,25.280000686645508,133608,0.0,0.0,0.0
2023-01-04 10:30:00-05:00,25.299999237060547,25.399999618530273,25.280000686645508,25.389999389648438,57665,0.0,0.0,0.0
2023-01-04 11:30:00-05:00,25.40999984741211,25.587400436401367,25.4064998626709,25.530000686645508,32205,0.0,0.0,0.0
2023-01-04 12:30:00-05:00,25.530000686645508,25.6299991607666,25.530000686645508,25.559999465942383,47333,0.0,0.0,0.0
2023-01-04 13:30:00-05:00,25.559999465942383,25.59000015258789,25.309999465942383,25.309999465942383,71659,0.0,0.0,0.0
2023-01-04 14:30:00-05:00,25.309999465942383,25.469999313354492,25.309999465942383,25.40999984741211,31555,0.0,0.0,0.0
2023-01-04 15:30:00-05:00,25.389999389648438,25.420000076293945,25.280000686645508,25.399999618530273,61975,0.0,0.0,0.0
2023-01-05 09:30:00-05:00,25.190000534057617,25.190000534057617,24.75,24.770000457763672,76785,0.0,0.0,0.0
2023-01-05 10:30:00-05:00,24.780000686645508,24.809999465942383,24.670000076293945,24.690000534057617,43448,0.0,0.0,0.0
2023-01-05 11:30:00-05:00,24.68000030517578,24.75,24.670000076293945,24.700000762939453,63119,0.0,0.0,0.0
2023-01-05 12:30:00-05:00,24.709999084472656,24.83289909362793,24.670000076293945,24.799999237060547,33930,0.0,0.0,0.0
2023-01-05 13:30:00-05:00,24.809999465942383,24.809999465942383,24.71500015258789,24.75,84532,0.0,0.0,0.0
2023-01-05 14:30:00-05:00,24.7549991607666,24.920000076293945,24.735000610351562,24.75,42562,0.0,0.0,0.0
2023-01-05 15:30:00-05:00,24.709999084472656,24.774999618530273,24.700000762939453,24.725000381469727,48662,0.0,0.0,0.0
2023-01-06 09:30:00-05:00,24.850000381469727,25.059999465942383,24.7450008392334,24.950000762939453,87327,0.0,0.0,0.0
2023-01-06 10:30:00-05:00,24.979999542236328,25.18000030517578,24.979999542236328,25.1299991607666,31257,0.0,0.0,0.0
2023-01-06 11:30:00-05:00,25.1299991607666,25.25,25.12579917907715,25.200000762939453,20539,0.0,0.0,0.0
2023-01-06 12:30:00-05:00,25.209999084472656,25.209999084472656,25.149999618530273,25.200000762939453,10962,0.0,0.0,0.0
2023-01-06 13:30:00-05:00,25.239999771118164,25.351999282836914,25.239999771118164,25.335800170898438,37580,0.0,0.0,0.0
2023-01-06 14:30:00-05:00,25.31999969482422,25.424999237060547,25.31999969482422,25.389999389648438,27361,0.0,0.0,0.0
2023-01-06 15:30:00-05:00,25.42009925842285,25.475000381469727,25.3700008392334,25.389999389648438,60390,0.0,0.0,0.0
2023-01-09 09:30:00-05:00,25.469999313354492,25.649999618530273,25.290000915527344,25.549999237060547,58826,0.0,0.0,0.0
2023-01-09 10:30:00-05:00,25.565000534057617,25.6299991607666,25.510000228881836,25.6200008392334,32219,0.0,0.0,0.0
2023-01-09 11:30:00-05:00,25.639999389648438,25.670000076293945,25.56999969482422,25.57200050354004,199646,0.0,0.0,0.0
2023-01-09 12:30:00-05:00,25.579999923706055,25.6200008392334,25.530099868774414,25.549999237060547,47120,0.0,0.0,0.0
2023-01-09 13:30:00-05:00,25.55500030517578,25.579999923706055,25.434999465942383,25.530000686645508,51625,0.0,0.0,0.0
2023-01-09 14:30:00-05:00,25.479999542236328,25.510000228881836,25.40999984741211,25.450000762939453,44038,0.0,0.0,0.0
2023-01-09 15:30:00-05:00,25.454099655151367,25.454099655151367,25.364999771118164,25.389999389648438,33105,0.0,0.0,0.0
2023-01-10 09:30:00-05:00,25.329999923706055,25.399999618530273,25.260000228881836,25.260000228881836,65954,0.0,0.0,0.0
2023-01-10 10:30:00-05:00,25.229999542236328,25.30500030517578,25.1200008392334,25.270000457763672,24528,0.0,0.0,0.0
2023-01-10 11:30:00-05:00,25.229999542236328,25.309999465942383,25.229999542236328,25.260000228881836,20769,0.0,0.0,0.0
2023-01-10 12:30:00-05:00,25.270000457763672,25.360000610351562,25.270000457763672,25.31999969482422,32217,0.0,0.0,0.0
2023-01-10 13:30:00-05:00,25.309999465942383,25.389999389648438,25.309999465942383,25.3799991607666,22512,0.0,0.0,0.0
2023-01-10 14:30:00-05:00,25.385000228881836,25.40999984741211,25.31999969482422,25.3799991607666,38796,0.0,0.0,0.0
2023-01-10 15:30:00-05:00,25.374099731445312,25.459999084472656,25.299999237060547,25.450000762939453,87272,0.0,0.0,0.0
2023-01-11 09:30:00-05:00,25.6200008392334,25.950000762939453,25.6200008392334,25.920000076293945,0,0.0,0.0,0.0
2023-01-11 10:30:00-05:00,25.93000030517578,26.09480094909668,25.8700008392334,26.056499481201172,84652,0.0,0.0,0.0
2023-01-11 11:30:00-05:00,26.049999237060547,26.09000015258789,26.004100799560547,26.079999923706055,19055,0.0,0.0,0.0
2023-01-11 12:30:00-05:00,26.079999923706055,26.15999984741211,26.059999465942383,26.15999984741211,35722,0.0,0.0,0.0
2023-01-11 13:30:00-05:00,26.15999984741211,26.239999771118164,26.144399642944336,26.239999771118164,22959,0.0,0.0,0.0
2023-01-11 14:30:00-05:00,26.260000228881836,26.290000915527344,26.239999771118164,26.290000915527344,33423,0.0,0.0,0.0
2023-01-11 15:30:00-05:00,26.290000915527344,26.3700008392334,26.274999618530273,26.360000610351562,30358,0.0,0.0,0.0
2023-01-12 09:30:00-05:00,26.440000534057617,26.510000228881836,26.219999313354492,26.399999618530273,47898,0.0,0.0,0.0
2023-01-12 10:30:00-05:00,26.3700008392334,26.450000762939453,26.315000534057617,26.3799991607666,41114,0.0,0.0,0.0
2023-01-12 11:30:00-05:00,26.360000610351562,26.600000381469727,26.34000015258789,26.594999313354492,20651,0.0,0.0,0.0
2023-01-12 12:30:00-05:00,26.59000015258789,26.709999084472656,26.540000915527344,26.549999237060547,22221,0.0,0.0,0.0
2023-01-12 13:30:00-05:00,26.549999237060547,26.729999542236328,26.510000228881836,26.68000030517578,31220,0.0,0.0,0.0
2023-01-12 14:30:00-05:00,26.658300399780273,26.71500015258789,26.635000228881836,26.670000076293945,24849,0.0,0.0,0.0
2023-01-12 15:30:00-05:00,26.65999984741211,26.700000762939453,26.640600204467773,26.68000030517578,20282,0.0,0.0,0.0
2023-01-13 09:30:00-05:00,26.40999984741211,26.59000015258789,26.360000610351562,26.579999923706055,42222,0.0,0.0,0.0
2023-01-13 10:30:00-05:00,26.584999084472656,26.59000015258789,26.400100708007812,26.43000030517578,21974,0.0,0.0,0.0
2023-01-13 11:30:00-05:00,26.428300857543945,26.494699478149414,26.399999618530273,26.494699478149414,11441,0.0,0.0,0.0
2023-01-13 12:30:00-05:00,26.472299575805664,26.559999465942383,26.469999313354492,26.480300903320312,7572,0.0,0.0,0.0
2023-01-13 13:30:00-05:00,26.5,26.56999969482422,26.496700286865234,26.540000915527344,14972,0.0,0.0,0.0
2023-01-13 14:30:00-05:00,26.540000915527344,26.594999313354492,26.540000915527344,26.579999923706055,20321,0.0,0.0,0.0
2023-01-13 15:30:00-05:00,26.579999923706055,26.6200008392334,26.510099411010742,26.520000457763672,41450,0.0,0.0,0.0
2023-01-17 09:30:00-05:00,26.549999237060547,26.729999542236328,26.5,26.719999313354492,54052,0.0,0.0,0.0
2023-01-17 10:30:00-05:00,26.719999313354492,26.72010040283203,26.59000015258789,26.6200008392334,153329,0.0,0.0,0.0
2023-01-17 11:30:00-05:00,26.6200008392334,26.635000228881836,26.565000534057617,26.59000015258789,24737,0.0,0.0,0.0
2023-01-17 12:30:00-05:00,26.584999084472656,26.670000076293945,26.584999084472656,26.670000076293945,11844,0.0,0.0,0.0
2023-01-17 13:30:00-05:00,26.665000915527344,26.731000900268555,26.6200008392334,26.636999130249023,36467,0.0,0.0,0.0
2023-01-17 14:30:00-05:00,26.655000686645508,26.68000030517578,26.610000610351562,26.6299991607666,35246,0.0,0.0,0.0
2023-01-17 15:30:00-05:00,26.6200008392334,26.649900436401367,26.57360076904297,26.600000381469727,23999,0.0,0.0,0.0
2023-01-18 09:30:00-05:00,26.68000030517578,26.760000228881836,26.6200008392334,26.760000228881836,44516,0.0,0.0,0.0
2023-01-18 10:30:00-05:00,26.7450008392334,26.7450008392334,26.31999969482422,26.3700008392334,45828,0.0,0.0,0.0
2023-01-18 11:30:00-05:00,26.31999969482422,26.329999923706055,26.211000442504883,26.229999542236328,22289,0.0,0.0,0.0
2023-01-18 12:30:00-05:00,26.190000534057617,26.281099319458008,26.18000030517578,26.281099319458008,18183,0.0,0.0,0.0
2023-01-18 13:30:00-05:00,26.299999237060547,26.360000610351562,26.270000457763672,26.31999969482422,30528,0.0,0.0,0.0
2023-01-18 14:30:00-05:00,26.325000762939453,26.350000381469727,26.25979995727539,26.28730010986328,192810,0.0,0.0,0.0
2023-01-18 15:30:00-05:00,26.270599365234375,26.270599365234375,26.184999465942383,26.209999084472656,35013,0.0,0.0,0.0
2023-01-19 09:30:00-05:00,26.079999923706055,26.360000610351562,26.059999465942383,26.270000457763672,37089,0.0,0.0,0.0
2023-01-19 10:30:00-05:00,26.260000228881836,26.270000457763672,26.1200008392334,26.139999389648438,32642,0.0,0.0,0.0
2023-01-19 11:30:00-05:00,26.170000076293945,26.200000762939453,26.06999969482422,26.165000915527344,32537,0.0,0.0,0.0
2023-01-19 12:30:00-05:00,26.170000076293945,26.200000762939453,26.100000381469727,26.100000381469727,16606,0.0,0.0,0.0
2023-01-19 13:30:00-05:00,26.090099334716797,26.25,26.090099334716797,26.225000381469727,14536,0.0,0.0,0.0
2023-01-19 14:30:00-05:00,26.209999084472656,26.239999771118164,26.139999389648438,26.148500442504883,36373,0.0,0.0,0.0
2023-01-19 15:30:00-05:00,26.1299991607666,26.19499969482422,26.079999923706055,26.079999923706055,75300,0.0,0.0,0.0
2023-01-20 09:30:00-05:00,26.1299991607666,26.1299991607666,25.809999465942383,26.031200408935547,55890,0.0,0.0,0.0
2023-01-20 10:30:00-05:00,26.040000915527344,26.049999237060547,25.954999923706055,26.049999237060547,29163,0.0,0.0,0.0
2023-01-20 11:30:00-05:00,26.059999465942383,26.100000381469727,26.030000686645508,26.050800323486328,15176,0.0,0.0,0.0
2023-01-20 12:30:00-05:00,26.045000076293945,26.100000381469727,26.020000457763672,26.049999237060547,24635,0.0,0.0,0.0
2023-01-20 13:30:00-05:00,26.09000015258789,26.190099716186523,26.09000015258789,26.190000534057617,17276,0.0,0.0,0.0
2023-01-20 14:30:00-05:00,26.190000534057617,26.34000015258789,26.190000534057617,26.30500030517578,21761,0.0,0.0,0.0
2023-01-20 15:30:00-05:00,26.309999465942383,26.40999984741211,26.270000457763672,26.399999618530273,40093,0.0,0.0,0.0
2023-01-23 09:30:00-05:00,26.3700008392334,26.40999984741211,26.24970054626465,26.40999984741211,30139,0.0,0.0,0.0
2023-01-23 10:30:00-05:00,26.420000076293945,26.59000015258789,26.40999984741211,26.530000686645508,28693,0.0,0.0,0.0
2023-01-23 11:30:00-05:00,26.540000915527344,26.6200008392334,26.520000457763672,26.579999923706055,19866,0.0,0.0,0.0
2023-01-23 12:30:00-05:00,26.584999084472656,26.6299991607666,26.584999084472656,26.594999313354492,14367,0.0,0.0,0.0
2023-01-23 13:30:00-05:00,26.610000610351562,26.65999984741211,26.489999771118164,26.489999771118164,18122,0.0,0.0,0.0
2023-01-23 14:30:00-05:00,26.5,26.530000686645508,26.40999984741211,26.469999313354492,33229,0.0,0.0,0.0
2023-01-23 15:30:00-05:00,26.479999542236328,26.53499984741211,26.420000076293945,26.520000457763672,27111,0.0,0.0,0.0
2023-01-24 09:30:00-05:00,26.510000228881836,26.600000381469727,26.079999923706055,26.540000915527344,115260,0.0,0.0,0.0
2023-01-24 10:30:00-05:00,26.559999465942383,26.68000030517578,26.549999237060547,26.674999237060547,58844,0.0,0.0,0.0
2023-01-24 11:30:00-05:00,26.670000076293945,26.670000076293945,26.55579948425293,26.600000381469727,28286,0.0,0.0,0.0
2023-01-24 12:30:00-05:00,26.614999771118164,26.6200008392334,26.549999237060547,26.588199615478516,9786,0.0,0.0,0.0
2023-01-24 13:30:00-05:00,26.584999084472656,26.6299991607666,26.56999969482422,26.584999084472656,16432,0.0,0.0,0.0
2023-01-24 14:30:00-05:00,26.59000015258789,26.649999618530273,26.56999969482422,26.645000457763672,24654,0.0,0.0,0.0
2023-01-24 15:30:00-05:00,26.6299991607666,26.6299991607666,26.540000915527344,26.579999923706055,16725,0.0,0.0,0.0
2023-01-25 09:30:00-05:00,26.440000534057617,26.49410057067871,26.34000015258789,26.420000076293945,37732,0.0,0.0,0.0
2023-01-25 10:30:00-05:00,26.459999084472656,26.479999542236328,26.382400512695312,26.469999313354492,37984,0.0,0.0,0.0
2023-01-25 11:30:00-05:00,26.479999542236328,26.510000228881836,26.3700008392334,26.3700008392334,15247,0.0,0.0,0.0
2023-01-25 12:30:00-05:00,26.3799991607666,26.459999084472656,26.360000610351562,26.458599090576172,57054,0.0,0.0,0.0
2023-01-25 13:30:00-05:00,26.45400047302246,26.610000610351562,26.45009994506836,26.53499984741211,22198,0.0,0.0,0.0
2023-01-25 14:30:00-05:00,26.540000915527344,26.635000228881836,26.485000610351562,26.579999923706055,39039,0.0,0.0,0.0
2023-01-25 15:30:00-05:00,26.600000381469727,26.6200008392334,26.534799575805664,26.59000015258789,39859,0.0,0.0,0.0
2023-01-26 09:30:00-05:00,26.700000762939453,26.809999465942383,26.6299991607666,26.700000762939453,0,0.0,0.0,0.0
2023-01-26 10:30:00-05:00,26.716999053955078,26.75,26.610000610351562,26.729999542236328,14373,0.0,0.0,0.0
2023-01-26 11:30:00-05:00,26.75,26.829999923706055,26.749900817871094,26.809999465942383,22422,0.0,0.0,0.0
2023-01-26 12:30:00-05:00,26.81999969482422,26.829999923706055,26.739999771118164,26.760099411010742,13159,0.0,0.0,0.0
2023-01-26 13:30:00-05:00,26.780000686645508,26.850000381469727,26.764999389648438,26.790000915527344,31842,0.0,0.0,0.0
2023-01-26 14:30:00-05:00,26.790000915527344,26.809999465942383,26.739999771118164,26.799999237060547,67885,0.0,0.0,0.0
2023-01-26 15:30:00-05:00,26.799999237060547,26.895000457763672,26.790000915527344,26.895000457763672,37125,0.0,0.0,0.0
2023-01-27 09:30:00-05:00,26.799999237060547,27.056699752807617,26.799999237060547,27.049999237060547,30360,0.0,0.0,0.0
2023-01-27 10:30:00-05:00,27.06999969482422,27.075000762939453,26.92609977722168,26.92609977722168,10611,0.0,0.0,0.0
2023-01-27 11:30:00-05:00,26.959999084472656,27.135000228881836,26.959999084472656,27.100000381469727,14416,0.0,0.0,0.0
2023-01-27 12:30:00-05:00,27.079999923706055,27.1299991607666,27.059999465942383,27.09000015258789,36034,0.0,0.0,0.0
2023-01-27 13:30:00-05:00,27.09000015258789,27.209999084472656,27.06999969482422,27.200000762939453,22013,0.0,0.0,0.0
2023-01-27 14:30:00-05:00,27.200000762939453,27.260099411010742,27.170000076293945,27.260000228881836,16596,0.0,0.0,0.0
2023-01-27 15:30:00-05:00,27.245800018310547,27.295000076293945,27.170000076293945,27.190000534057617,25077,0.0,0.0,0.0
2023-01-30 09:30:00-05:00,27.020000457763672,27.25,26.975000381469727,27.139999389648438,52662,0.0,0.0,0.0
2023-01-30 10:30:00-05:00,27.110000610351562,27.1299991607666,26.989999771118164,27.09000015258789,31960,0.0,0.0,0.0
2023-01-30 11:30:00-05:00,27.1200008392334,27.1299991607666,27.014999389648438,27.045000076293945,14560,0.0,0.0,0.0
2023-01-30 12:30:00-05:00,27.030000686645508,27.060100555419922,26.959999084472656,27.030000686645508,21623,0.0,0.0,0.0
2023-01-30 13:30:00-05:00,27.009899139404297,27.010000228881836,26.924100875854492,26.924100875854492,11188,0.0,0.0,0.0
2023-01-30 14:30:00-05:00,26.920000076293945,26.969999313354492,26.905000686645508,26.920000076293945,15040,0.0,0.0,0.0
2023-01-30 15:30:00-05:00,26.899999618530273,26.959999084472656,26.84000015258789,26.850000381469727,62693,0.0,0.0,0.0
2023-01-31 09:30:00-05:00,26.812999725341797,27.079999923706055,26.809999465942383,27.03499984741211,36981,0.0,0.0,0.0
2023-01-31 10:30:00-05:00,27.079999923706055,27.219999313354492,27.079999923706055,27.1299991607666,15084,0.0,0.0,0.0
2023-01-31 11:30:00-05:00,27.1200008392334,27.209999084472656,27.110000610351562,27.170000076293945,14747,0.0,0.0,0.0
2023-01-31 12:30:00-05:00,27.190000534057617,27.25950050354004,27.17490005493164,27.239999771118164,8499,0.0,0.0,0.0
2023-01-31 13:30:00-05:00,27.235000610351562,27.299999237060547,27.235000610351562,27.25,21677,0.0,0.0,0.0
2023-01-31 14:30:00-05:00,27.25480079650879,27.290000915527344,27.209999084472656,27.2450008392334,15850,0.0,0.0,0.0
2023-01-31 15:30:00-05:00,27.280000686645508,27.439899444580078,27.274999618530273,27.399999618530273,37242,0.0,0.0,0.0
2023-02-01 09:30:00-05:00,27.270000457763672,27.41900062561035,27.235000610351562,27.290000915527344,54321,0.0,0.0,0.0
2023-02-01 10:30:00-05:00,27.299999237060547,27.299999237060547,27.09000015258789,27.155000686645508,44601,0.0,0.0,0.0
2023-02-01 11:30:00-05:00,27.149999618530273,27.200000762939453,27.1299991607666,27.165000915527344,47847,0.0,0.0,0.0
2023-02-01 12:30:00-05:00,27.15999984741211,27.18000030517578,27.100000381469727,27.1200008392334,32965,0.0,0.0,0.0
2023-02-01 13:30:00-05:00,27.1299991607666,27.184999465942383,27.0,27.15999984741211,43986,0.0,0.0,0.0
2023-02-01 14:30:00-05:00,27.139999389648438,27.565000534057617,26.979999542236328,27.565000534057617,70690,0.0,0.0,0.0
2023-02-01 15:30:00-05:00,27.56999969482422,27.760000228881836,27.520000457763672,27.56999969482422,101172,0.0,0.0,0.0
2023-02-02 09:30:00-05:00,27.809999465942383,28.299999237060547,27.809999465942383,28.290000915527344,137619,0.0,0.0,0.0
2023-02-02 10:30:00-05:00,28.360000610351562,28.440000534057617,28.350000381469727,28.389999389648438,35685,0.0,0.0,0.0
2023-02-02 11:30:00-05:00,28.389999389648438,28.450000762939453,28.360000610351562,28.412099838256836,15964,0.0,0.0,0.0
2023-02-02 12:30:00-05:00,28.420000076293945,28.43000030517578,28.25,28.260000228881836,33083,0.0,0.0,0.0
2023-02-02 13:30:00-05:00,28.25,28.32710075378418,28.109899520874023,28.110000610351562,26715,0.0,0.0,0.0
2023-02-02 14:30:00-05:00,28.1200008392334,28.1200008392334,27.969999313354492,28.108999252319336,46978,0.0,0.0,0.0
2023-02-02 15:30:00-05:00,28.11240005493164,28.204999923706055,28.040000915527344,28.200000762939453,71621,0.0,0.0,0.0
2023-02-03 09:30:00-05:00,27.8799991607666,27.8799991607666,27.520000457763672,27.645000457763672,46082,0.0,0.0,0.0
2023-02-03 10:30:00-05:00,27.649999618530273,27.729999542236328,27.579999923706055,27.639999389648438,17684,0.0,0.0,0.0
2023-02-03 11:30:00-05:00,27.65999984741211,27.684999465942383,27.479999542236328,27.6299991607666,30892,0.0,0.0,0.0
2023-02-03 12:30:00-05:00,27.6200008392334,27.649999618530273,27.399999618530273,27.40999984741211,30935,0.0,0.0,0.0
2023-02-03 13:30:00-05:00,27.399999618530273,27.46500015258789,27.34000015258789,27.450000762939453,26239,0.0,0.0,0.0
2023-02-03 14:30:00-05:00,27.489999771118164,27.59000015258789,27.440000534057617,27.560100555419922,24582,0.0,0.0,0.0
2023-02-03 15:30:00-05:00,27.579999923706055,27.68000030517578,27.520000457763672,27.660900115966797,45970,0.0,0.0,0.0
2023-02-06 09:30:00-05:00,27.389999389648438,27.389999389648438,27.200000762939453,27.260000228881836,23031,0.0,0.0,0.0
2023-02-06 10:30:00-05:00,27.260000228881836,27.454999923706055,27.25,27.450000762939453,27712,0.0,0.0,0.0
2023-02-06 11:30:00-05:00,27.450000762939453,27.46500015258789,27.333999633789062,27.36039924621582,11433,0.0,0.0,0.0
2023-02-06 12:30:00-05:00,27.3799991607666,27.405000686645508,27.344999313354492,27.344999313354492,6331,0.0,0.0,0.0
2023-02-06 13:30:00-05:00,27.329999923706055,27.448999404907227,27.29520034790039,27.420000076293945,13597,0.0,0.0,0.0
2023-02-06 14:30:00-05:00,27.43000030517578,27.5,27.424999237060547,27.489999771118164,31315,0.0,0.0,0.0
2023-02-06 15:30:00-05:00,27.43000030517578,27.510000228881836,27.420000076293945,27.479999542236328,33875,0.0,0.0,0.0
2023-02-07 09:30:00-05:00,27.389999389648438,27.389999389648438,27.13010025024414,27.13010025024414,21977,0.0,0.0,0.0
2023-02-07 10:30:00-05:00,27.1200008392334,27.190000534057617,27.114999771118164,27.145000457763672,39660,0.0,0.0,0.0
2023-02-07 11:30:00-05:00,27.155000686645508,27.26129913330078,27.149999618530273,27.229999542236328,23022,0.0,0.0,0.0
2023-02-07 12:30:00-05:00,27.239999771118164,27.520000457763672,27.203500747680664,27.207500457763672,45228,0.0,0.0,0.0
2023-02-07 13:30:00-05:00,27.18000030517578,27.3799991607666,27.059999465942383,27.34000015258789,27332,0.0,0.0,0.0
2023-02-07 14:30:00-05:00,27.350000381469727,27.479999542236328,27.350000381469727,27.440000534057617,31547,0.0,0.0,0.0
2023-02-07 15:30:00-05:00,27.440000534057617,27.530000686645508,27.399999618530273,27.405000686645508,33777,0.0,0.0,0.0
2023-02-08 09:30:00-05:00,27.280000686645508,27.4148006439209,27.270000457763672,27.360000610351562,23266,0.0,0.0,0.0
2023-02-08 10:30:00-05:00,27.34000015258789,27.415000915527344,27.279499053955078,27.279499053955078,21488,0.0,0.0,0.0
2023-02-08 11:30:00-05:00,27.287900924682617,27.287900924682617,27.200000762939453,27.219999313354492,29377,0.0,0.0,0.0
2023-02-08 12:30:00-05:00,27.209999084472656,27.34000015258789,27.200199127197266,27.25,13238,0.0,0.0,0.0
2023-02-08 13:30:00-05:00,27.219100952148438,27.32900047302246,27.209999084472656,27.26059913635254,91334,0.0,0.0,0.0
2023-02-08 14:30:00-05:00,27.270000457763672,27.309999465942383,27.209999084472656,27.260000228881836,46148,0.0,0.0,0.0
2023-02-08 15:30:00-05:00,27.25,27.290000915527344,27.209999084472656,27.270000457763672,0,0.0,0.0,0.0
2023-02-09 09:30:00-05:00,27.479999542236328,27.530000686645508,27.219999313354492,27.219999313354492,72213,0.0,0.0,0.0
2023-02-09 10:30:00-05:00,27.219999313354492,27.329999923706055,27.209999084472656,27.260799407958984,43721,0.0,0.0,0.0
2023-02-09 11:30:00-05:00,27.270000457763672,27.334999084472656,27.204999923706055,27.329999923706055,18810,0.0,0.0,0.0
2023-02-09 12:30:00-05:00,27.280000686645508,27.283599853515625,27.110000610351562,27.1299991607666,50919,0.0,0.0,0.0
2023-02-09 13:30:00-05:00,27.110000610351562,27.170000076293945,27.059999465942383,27.06999969482422,51971,0.0,0.0,0.0
2023-02-09 14:30:00-05:00,27.079999923706055,27.155000686645508,26.950000762939453,26.959999084472656,116752,0.0,0.0,0.0
2023-02-09 15:30:00-05:00,26.969999313354492,27.030000686645508,26.920000076293945,26.975000381469727,155507,0.0,0.0,0.0
2023-02-10 09:30:00-05:00,26.81999969482422,26.969999313354492,26.729999542236328,26.93000030517578,34410,0.0,0.0,0.0
2023-02-10 10:30:00-05:00,26.96500015258789,27.0,26.8700008392334,26.934999465942383,55989,0.0,0.0,0.0
2023-02-10 11:30:00-05:00,26.950000762939453,26.950000762939453,26.799999237060547,26.81999969482422,46492,0.0,0.0,0.0
2023-02-10 12:30:00-05:00,26.899999618530273,27.010000228881836,26.86389923095703,26.969999313354492,35154,0.0,0.0,0.0
2023-02-10 13:30:00-05:00,26.959999084472656,26.979999542236328,26.895299911499023,26.929899215698242,27218,0.0,0.0,0.0
2023-02-10 14:30:00-05:00,26.93000030517578,27.049999237060547,26.913999557495117,27.020000457763672,23381,0.0,0.0,0.0
2023-02-10 15:30:00-05:00,27.049999237060547,27.125,27.049999237060547,27.06999969482422,28546,0.0,0.0,0.0
2023-02-13 09:30:00-05:00,27.110000610351562,27.309999465942383,27.110000610351562,27.30500030517578,21643,0.0,0.0,0.0
2023-02-13 10:30:00-05:00,27.31999969482422,27.360000610351562,27.28499984741211,27.28499984741211,19042,0.0,0.0,0.0
2023-02-13 11:30:00-05:00,27.229999542236328,27.33989906311035,27.229999542236328,27.325000762939453,16411,0.0,0.0,0.0
2023-02-13 12:30:00-05:00,27.315500259399414,27.329999923706055,27.256200790405273,27.29599952697754,11036,0.0,0.0,0.0
2023-02-13 13:30:00-05:00,27.30500030517578,27.34000015258789,27.260000228881836,27.260000228881836,17616,0.0,0.0,0.0
2023-02-13 14:30:00-05:00,27.25,27.27989959716797,27.21500015258789,27.260000228881836,22329,0.0,0.0,0.0
2023-02-13 15:30:00-05:00,27.270000457763672,27.31999969482422,27.260000228881836,27.31999969482422,33508,0.0,0.0,0.0
2023-02-14 09:30:00-05:00,27.209999084472656,27.43000030517578,27.1299991607666,27.290000915527344,40651,0.0,0.0,0.0
2023-02-14 10:30:00-05:00,27.270000457763672,27.280000686645508,27.079999923706055,27.09000015258789,31026,0.0,0.0,0.0
2023-02-14 11:30:00-05:00,27.06999969482422,27.06999969482422,26.969999313354492,26.979999542236328,41312,0.0,0.0,0.0
2023-02-14 12:30:00-05:00,27.0,27.1299991607666,26.950000762939453,27.049999237060547,30874,0.0,0.0,0.0
2023-02-14 13:30:00-05:00,27.06999969482422,27.09000015258789,26.989999771118164,27.084999084472656,12039,0.0,0.0,0.0
2023-02-14 14:30:00-05:00,27.09000015258789,27.200000762939453,27.09000015258789,27.149999618530273,17355,0.0,0.0,0.0
2023-02-14 15:30:00-05:00,27.139999389648438,27.165000915527344,27.09000015258789,27.094999313354492,26684,0.0,0.0,0.0
2023-02-15 09:30:00-05:00,26.959999084472656,27.020000457763672,26.899999618530273,26.979999542236328,0,0.0,0.0,0.0
2023-02-15 10:30:00-05:00,26.974000930786133,27.043399810791016,26.974000930786133,27.02440071105957,19048,0.0,0.0,0.0
2023-02-15 11:30:00-05:00,27.065000534057617,27.09000015258789,26.969999313354492,27.001399993896484,14424,0.0,0.0,0.0
2023-02-15 12:30:00-05:00,26.990999221801758,27.059999465942383,26.990999221801758,27.059999465942383,30849,0.0,0.0,0.0
2023-02-15 13:30:00-05:00,27.068199157714844,27.139999389648438,27.059999465942383,27.12179946899414,41981,0.0,0.0,0.0
2023-02-15 14:30:00-05:00,27.1299991607666,27.149999618530273,27.079999923706055,27.145000457763672,34069,0.0,0.0,0.0
2023-02-15 15:30:00-05:00,27.149599075317383,27.209999084472656,27.139999389648438,27.209999084472656,37192,0.0,0.0,0.0
2023-02-16 09:30:00-05:00,26.899999618530273,26.899999618530273,26.6200008392334,26.84000015258789,26773,0.0,0.0,0.0
2023-02-16 10:30:00-05:00,26.85420036315918,26.989999771118164,26.85420036315918,26.989999771118164,11011,0.0,0.0,0.0
2023-02-16 11:30:00-05:00,26.989999771118164,27.06999969482422,26.979999542236328,27.06999969482422,18924,0.0,0.0,0.0
2023-02-16 12:30:00-05:00,27.0575008392334,27.145200729370117,27.055700302124023,27.075000762939453,27353,0.0,0.0,0.0
2023-02-16 13:30:00-05:00,27.059999465942383,27.170000076293945,27.059999465942383,27.149999618530273,11077,0.0,0.0,0.0
2023-02-16 14:30:00-05:00,27.18000030517578,27.18000030517578,26.979999542236328,26.979999542236328,74268,0.0,0.0,0.0
2023-02-16 15:30:00-05:00,26.969999313354492,27.0,26.920000076293945,26.950000762939453,30297,0.0,0.0,0.0
2023-02-17 09:30:00-05:00,26.81999969482422,26.920000076293945,26.59000015258789,26.729999542236328,87540,0.0,0.0,0.0
2023-02-17 10:30:00-05:00,26.729999542236328,26.799999237060547,26.614999771118164,26.614999771118164,28650,0.0,0.0,0.0
2023-02-17 11:30:00-05:00,26.61989974975586,26.71500015258789,26.59000015258789,26.709999084472656,35574,0.0,0.0,0.0
2023-02-17 12:30:00-05:00,26.69499969482422,26.709999084472656,26.605600357055664,26.700000762939453,12280,0.0,0.0,0.0
2023-02-17 13:30:00-05:00,26.670000076293945,26.760000228881836,26.670000076293945,26.75,14889,0.0,0.0,0.0
2023-02-17 14:30:00-05:00,26.739999771118164,26.854999542236328,26.739999771118164,26.799999237060547,16533,0.0,0.0,0.0
2023-02-17 15:30:00-05:00,26.810100555419922,26.86389923095703,26.810100555419922,26.829999923706055,35605,0.0,0.0,0.0
2023-02-21 09:30:00-05:00,26.670000076293945,26.68000030517578,26.382099151611328,26.382099151611328,55590,0.0,0.0,0.0
2023-02-21 10:30:00-05:00,26.390600204467773,26.479999542236328,26.300100326538086,26.329999923706055,34843,0.0,0.0,0.0
2023-02-21 11:30:00-05:00,26.309999465942383,26.329999923706055,26.260000228881836,26.270000457763672,24412,0.0,0.0,0.0
2023-02-21 12:30:00-05:00,26.26289939880371,26.329999923706055,26.25309944152832,26.260000228881836,20752,0.0,0.0,0.0
2023-02-21 13:30:00-05:00,26.25,26.25779914855957,26.18000030517578,26.239999771118164,26243,0.0,0.0,0.0
2023-02-21 14:30:00-05:00,26.239999771118164,26.280000686645508,26.219999313354492,26.239999771118164,26383,0.0,0.0,0.0
2023-02-21 15:30:00-05:00,26.290000915527344,26.329999923706055,26.270000457763672,26.299999237060547,25593,0.0,0.0,0.0
2023-02-22 09:30:00-05:00,26.34000015258789,26.40999984741211,26.229999542236328,26.249500274658203,100407,0.0,0.0,0.0
2023-02-22 10:30:00-05:00,26.219999313354492,26.270000457763672,26.145000457763672,26.149999618530273,32135,0.0,0.0,0.0
2023-02-22 11:30:00-05:00,26.15999984741211,26.2632999420166,26.15999984741211,26.2632999420166,7853,0.0,0.0,0.0
2023-02-22 12:30:00-05:00,26.25,26.336000442504883,26.23200035095215,26.336000442504883,15585,0.0,0.0,0.0
2023-02-22 13:30:00-05:00,26.344999313354492,26.350000381469727,26.110000610351562,26.209999084472656,73524,0.0,0.0,0.0
2023-02-22 14:30:00-05:00,26.200000762939453,26.200000762939453,26.010000228881836,26.010000228881836,42018,0.0,0.0,0.0
2023-02-22 15:30:00-05:00,26.0,26.079999923706055,25.954999923706055,26.06999969482422,78542,0.0,0.0,0.0
2023-02-23 09:30:00-05:00,26.290000915527344,26.315000534057617,26.18000030517578,26.25,28669,0.0,0.0,0.0
2023-02-23 10:30:00-05:00,26.219999313354492,26.260000228881836,26.100000381469727,26.100000381469727,25745,0.0,0.0,0.0
2023-02-23 11:30:00-05:00,26.100000381469727,26.100000381469727,25.979999542236328,26.020000457763672,20567,0.0,0.0,0.0
2023-02-23 12:30:00-05:00,26.0,26.09000015258789,26.0,26.062700271606445,23319,0.0,0.0,0.0
2023-02-23 13:30:00-05:00,26.040000915527344,26.174999237060547,26.030000686645508,26.169700622558594,16047,0.0,0.0,0.0
2023-02-23 14:30:00-05:00,26.190000534057617,26.239999771118164,26.18000030517578,26.239999771118164,25790,0.0,0.0,0.0
2023-02-23 15:30:00-05:00,26.25,26.270000457763672,26.190000534057617,26.239999771118164,110210,0.0,0.0,0.0
2023-02-24 09:30:00-05:00,25.940000534057617,25.959999084472656,25.770000457763672,25.834999084472656,49101,0.0,0.0,0.0
2023-02-24 10:30:00-05:00,25.809999465942383,25.8700008392334,25.770000457763672,25.8700008392334,30104,0.0,0.0,0.0
2023-02-24 11:30:00-05:00,25.829999923706055,25.8799991607666,25.729999542236328,25.75,27722,0.0,0.0,0.0
2023-02-24 12:30:00-05:00,25.75,25.770000457763672,25.674100875854492,25.736499786376953,29080,0.0,0.0,0.0
2023-02-24 13:30:00-05:00,25.719999313354492,25.83989906311035,25.69499969482422,25.822900772094727,20187,0.0,0.0,0.0
2023-02-24 14:30:00-05:00,25.809999465942383,25.920000076293945,25.780000686645508,25.854999542236328,15396,0.0,0.0,0.0
2023-02-24 15:30:00-05:00,25.850000381469727,25.850000381469727,25.75,25.809999465942383,37741,0.0,0.0,0.0
2023-02-27 09:30:00-05:00,26.010000228881836,26.219900131225586,26.010000228881836,26.15999984741211,38287,0.0,0.0,0.0
2023-02-27 10:30:00-05:00,26.149999618530273,26.165000915527344,25.940000534057617,25.944700241088867,38778,0.0,0.0,0.0
2023-02-27 11:30:00-05:00,25.93000030517578,25.93000030517578,25.780000686645508,25.799999237060547,10698,0.0,0.0,0.0
2023-02-27 12:30:00-05:00,25.84000015258789,25.8799991607666,25.81999969482422,25.850000381469727,24382,0.0,0.0,0.0
2023-02-27 13:30:00-05:00,25.850000381469727,25.910200119018555,25.81999969482422,25.81999969482422,25814,0.0,0.0,0.0
2023-02-27 14:30:00-05:00,25.81999969482422,25.829999923706055,25.75,25.75,23236,0.0,0.0,0.0
2023-02-27 15:30:00-05:00,25.780000686645508,25.850000381469727,25.735000610351562,25.844999313354492,81056,0.0,0.0,0.0
2023-02-28 09:30:00-05:00,25.84000015258789,25.989999771118164,25.780000686645508,25.959999084472656,25984,0.0,0.0,0.0
2023-02-28 10:30:00-05:00,25.969999313354492,26.110000610351562,25.95989990234375,26.110000610351562,29063,0.0,0.0,0.0
2023-02-28 11:30:00-05:00,26.100000381469727,26.1200008392334,26.034000396728516,26.100000381469727,12125,0.0,0.0,0.0
2023-02-28 12:30:00-05:00,26.09000015258789,26.1299991607666,26.065000534057617,26.1299991607666,13978,0.0,0.0,0.0
2023-02-28 13:30:00-05:00,26.139999389648438,26.139999389648438,26.0049991607666,26.008699417114258,19780,0.0,0.0,0.0
2023-02-28 14:30:00-05:00,26.014999389648438,26.014999389648438,25.920000076293945,25.93000030517578,42141,0.0,0.0,0.0
2023-02-28 15:30:00-05:00,25.920000076293945,25.920000076293945,25.799999237060547,25.799999237060547,57562,0.0,0.0,0.0
2023-03-01 09:30:00-05:00,25.670000076293945,25.670000076293945,25.420000076293945,25.469999313354492,78485,0.0,0.0,0.0
2023-03-01 10:30:00-05:00,25.45599937438965,25.549999237060547,25.280000686645508,25.329999923706055,53606,0.0,0.0,0.0
2023-03-01 11:30:00-05:00,25.329999923706055,25.479999542236328,25.325000762939453,25.459999084472656,39644,0.0,0.0,0.0
2023-03-01 12:30:00-05:00,25.459999084472656,25.469999313354492,25.350000381469727,25.3799991607666,56789,0.0,0.0,0.0
2023-03-01 13:30:00-05:00,25.364999771118164,25.399999618530273,25.325000762939453,25.360000610351562,99166,0.0,0.0,0.0
2023-03-01 14:30:00-05:00,25.350000381469727,25.46150016784668,25.309999465942383,25.429899215698242,164053,0.0,0.0,0.0
2023-03-01 15:30:00-05:00,25.43000030517578,25.511699676513672,25.43000030517578,25.450000762939453,253485,0.0,0.0,0.0
2023-03-02 09:30:00-05:00,25.309999465942383,25.440000534057617,25.28499984741211,25.43000030517578,62825,0.0,0.0,0.0
2023-03-02 10:30:00-05:00,25.40999984741211,25.469999313354492,25.40999984741211,25.42840003967285,59036,0.0,0.0,0.0
2023-03-02 11:30:00-05:00,25.424999237060547,25.479999542236328,25.389999389648438,25.479999542236328,77410,0.0,0.0,0.0
2023-03-02 12:30:00-05:00,25.489999771118164,25.510000228881836,25.46500015258789,25.479999542236328,58734,0.0,0.0,0.0
2023-03-02 13:30:00-05:00,25.489999771118164,25.695999145507812,25.485000610351562,25.695999145507812,218422,0.0,0.0,0.0
2023-03-02 14:30:00-05:00,25.704999923706055,25.735000610351562,25.655000686645508,25.719999313354492,40612,0.0,0.0,0.0
2023-03-02 15:30:00-05:00,25.719999313354492,25.80500030517578,25.719999313354492,25.760000228881836,94080,0.0,0.0,0.0
2023-03-03 09:30:00-05:00,25.920000076293945,26.110000610351562,25.920000076293945,26.084999084472656,54909,0.0,0.0,0.0
2023-03-03 10:30:00-05:00,26.084999084472656,26.09000015258789,25.979999542236328,26.06999969482422,34010,0.0,0.0,0.0
2023-03-03 11:30:00-05:00,26.059999465942383,26.150100708007812,26.020000457763672,26.139999389648438,147262,0.0,0.0,0.0
2023-03-03 12:30:00-05:00,26.139999389648438,26.155000686645508,26.100000381469727,26.155000686645508,63672,0.0,0.0,0.0
2023-03-03 13:30:00-05:00,26.15999984741211,26.170000076293945,26.110000610351562,26.170000076293945,45352,0.0,0.0,0.0
2023-03-03 14:30:00-05:00,26.174999237060547,26.209999084472656,26.149999618530273,26.190000534057617,55226,0.0,0.0,0.0
2023-03-03 15:30:00-05:00,26.190000534057617,26.190000534057617,26.1200008392334,26.15999984741211,100032,0.0,0.0,0.0
2023-03-06 09:30:00-05:00,26.229999542236328,26.299999237060547,26.18000030517578,26.264999389648438,507342,0.0,0.0,0.0
2023-03-06 10:30:00-05:00,26.270000457763672,26.270000457763672,26.21500015258789,26.225000381469727,399162,0.0,0.0,0.0
2023-03-06 11:30:00-05:00,26.225000381469727,26.239999771118164,26.174999237060547,26.200000762939453,337910,0.0,0.0,0.0
2023-03-06 12:30:00-05:00,26.204999923706055,26.204999923706055,26.065000534057617,26.100000381469727,405701,0.0,0.0,0.0
2023-03-06 13:30:00-05:00,26.100000381469727,26.11870002746582,26.0,26.03499984741211,411376,0.0,0.0,0.0
2023-03-06 14:30:00-05:00,26.03499984741211,26.072799682617188,26.009599685668945,26.014999389648438,210868,0.0,0.0,0.0
2023-03-06 15:30:00-05:00,26.020000457763672,26.059999465942383,26.0,26.049999237060547,55480,0.0,0.0,0.0
2023-03-07 09:30:00-05:00,26.020000457763672,26.030000686645508,25.709999084472656,25.770000457763672,664560,0.0,0.0,0.0
2023-03-07 10:30:00-05:00,25.760000228881836,25.8799991607666,25.575000762939453,25.579999923706055,483267,0.0,0.0,0.0
2023-03-07 11:30:00-05:00,25.579999923706055,25.690000534057617,25.510000228881836,25.604999542236328,435569,0.0,0.0,0.0
2023-03-07 12:30:00-05:00,25.604999542236328,25.6200008392334,25.424999237060547,25.440000534057617,334388,0.0,0.0,0.0
2023-03-07 13:30:00-05:00,25.440000534057617,25.459999084472656,25.389999389648438,25.405000686645508,330168,0.0,0.0,0.0
2023-03-07 14:30:00-05:00,25.405000686645508,25.520000457763672,25.389999389648438,25.489999771118164,267751,0.0,0.0,0.0
2023-03-07 15:30:00-05:00,25.489999771118164,25.565000534057617,25.4325008392334,25.440000534057617,61382,0.0,0.0,0.0
2023-03-08 09:30:00-05:00,25.43000030517578,25.770000457763672,25.40999984741211,25.684999465942383,814684,0.0,0.0,0.0
2023-03-08 10:30:00-05:00,25.684999465942383,25.850000381469727,25.674999237060547,25.809999465942383,529058,0.0,0.0,0.0
2023-03-08 11:30:00-05:00,25.815000534057617,25.8799991607666,25.770000457763672,25.80500030517578,335100,0.0,0.0,0.0
2023-03-08 12:30:00-05:00,25.80500030517578,25.81999969482422,25.684999465942383,25.684999465942383,517740,0.0,0.0,0.0
2023-03-08 13:30:00-05:00,25.68000030517578,25.774999618530273,25.649999618530273,25.670000076293945,409519,0.0,0.0,0.0
2023-03-08 14:30:00-05:00,25.670000076293945,25.68000030517578,25.610000610351562,25.665000915527344,133400,0.0,0.0,0.0
2023-03-08 15:30:00-05:00,25.665000915527344,25.75,25.665000915527344,25.739999771118164,285544,0.0,0.0,0.0
2023-03-09 09:30:00-05:00,25.760000228881836,25.799999237060547,25.649999618530273,25.690000534057617,90670,0.0,0.0,0.0
2023-03-09 10:30:00-05:00,25.700000762939453,25.7544002532959,25.6200008392334,25.6200008392334,113013,0.0,0.0,0.0
2023-03-09 11:30:00-05:00,25.639999389648438,25.649999618530273,25.540000915527344,25.649999618530273,50000,0.0,0.0,0.0
2023-03-09 12:30:00-05:00,25.649999618530273,25.665000915527344,25.489999771118164,25.5,93828,0.0,0.0,0.0
2023-03-09 13:30:00-05:00,25.489999771118164,25.520000457763672,25.375,25.389999389648438,176526,0.0,0.0,0.0
2023-03-09 14:30:00-05:00,25.3799991607666,25.3799991607666,25.094999313354492,25.15999984741211,394542,0.0,0.0,0.0
2023-03-09 15:30:00-05:00,25.149999618530273,25.239999771118164,25.1299991607666,25.135000228881836,238196,0.0,0.0,0.0
2023-03-10 09:30:00-05:00,25.09000015258789,25.139999389648438,24.729999542236328,24.780000686645508,163117,0.0,0.0,0.0
2023-03-10 10:30:00-05:00,24.799999237060547,24.96500015258789,24.670000076293945,24.940000534057617,191525,0.0,0.0,0.0
2023-03-10 11:30:00-05:00,24.950000762939453,24.985000610351562,24.6200008392334,24.65999984741211,165701,0.0,0.0,0.0
2023-03-10 12:30:00-05:00,24.68000030517578,24.739999771118164,24.299999237060547,24.33989906311035,119268,0.0,0.0,0.0
2023-03-10 13:30:00-05:00,24.34000015258789,24.440000534057617,24.188400268554688,24.299999237060547,118506,0.0,0.0,0.0
2023-03-10 14:30:00-05:00,24.309999465942383,24.549999237060547,24.309999465942383,24.40999984741211,359116,0.0,0.0,0.0
2023-03-10 15:30:00-05:00,24.40999984741211,24.40999984741211,24.260000228881836,24.299999237060547,193498,0.0,0.0,0.0
2023-03-13 09:30:00-04:00,24.170000076293945,24.770000457763672,24.139999389648438,24.469999313354492,259240,0.0,0.0,0.0
2023-03-13 10:30:00-04:00,24.479999542236328,24.950000762939453,24.479999542236328,24.950000762939453,501635,0.0,0.0,0.0
2023-03-13 11:30:00-04:00,24.950000762939453,24.950000762939453,24.600000381469727,24.65999984741211,261170,0.0,0.0,0.0
2023-03-13 12:30:00-04:00,24.65999984741211,24.719999313354492,24.520000457763672,24.649999618530273,195340,0.0,0.0,0.0
2023-03-13 13:30:00-04:00,24.65999984741211,24.75,24.600000381469727,24.719999313354492,161873,0.0,0.0,0.0
2023-03-13 14:30:00-04:00,24.729999542236328,24.829999923706055,24.6200008392334,24.639999389648438,215185,0.0,0.0,0.0
2023-03-13 15:30:00-04:00,24.649999618530273,24.719999313354492,24.610000610351562,24.6200008392334,161700,0.0,0.0,0.0
2023-03-14 09:30:00-04:00,25.020000457763672,25.1299991607666,24.790000915527344,25.059999465942383,118063,0.0,0.0,0.0
2023-03-14 10:30:00-04:00,25.059999465942383,25.155000686645508,25.020000457763672,25.1299991607666,129099,0.0,0.0,0.0
2023-03-14 11:30:00-04:00,25.1200008392334,25.139999389648438,24.954999923706055,24.959999084472656,53184,0.0,0.0,0.0
2023-03-14 12:30:00-04:00,24.959999084472656,25.030000686645508,24.719999313354492,24.75,79467,0.0,0.0,0.0
2023-03-14 13:30:00-04:00,24.739999771118164,24.760000228881836,24.604999542236328,24.674999237060547,91897,0.0,0.0,0.0
2023-03-14 14:30:00-04:00,24.68000030517578,24.770000457763672,24.6200008392334,24.700000762939453,214244,0.0,0.0,0.0
2023-03-14 15:30:00-04:00,24.709999084472656,24.8799991607666,24.700000762939453,24.860000610351562,258737,0.0,0.0,0.0
2023-03-15 09:30:00-04:00,24.559999465942383,24.84000015258789,24.510000228881836,24.690000534057617,133761,0.0,0.0,0.0
2023-03-15 10:30:00-04:00,24.690000534057617,24.799999237060547,24.559999465942383,24.709999084472656,190387,0.0,0.0,0.0
2023-03-15 11:30:00-04:00,24.709999084472656,24.739999771118164,24.540000915527344,24.59000015258789,132372,0.0,0.0,0.0
2023-03-15 12:30:00-04:00,24.610000610351562,24.719999313354492,24.459999084472656,24.71500015258789,356308,0.0,0.0,0.0
2023-03-15 13:30:00-04:00,24.71500015258789,24.90999984741211,24.59000015258789,24.84000015258789,281615,0.0,0.0,0.0
2023-03-15 14:30:00-04:00,24.850000381469727,24.920000076293945,24.709999084472656,24.799999237060547,231718,0.0,0.0,0.0
2023-03-15 15:30:00-04:00,24.799999237060547,24.81999969482422,24.700000762939453,24.81999969482422,116369,0.0,0.0,0.0
2023-03-16 09:30:00-04:00,24.639999389648438,24.68000030517578,24.359699249267578,24.489999771118164,102663,0.0,0.0,0.0
2023-03-16 10:30:00-04:00,24.5,24.899999618530273,24.489999771118164,24.8700008392334,175974,0.0,0.0,0.0
2023-03-16 11:30:00-04:00,24.8799991607666,24.8799991607666,24.645999908447266,24.670000076293945,86952,0.0,0.0,0.0
2023-03-16 12:30:00-04:00,24.674999237060547,24.90999984741211,24.639999389648438,24.790000915527344,150618,0.0,0.0,0.0
2023-03-16 13:30:00-04:00,24.780000686645508,24.809999465942383,24.6299991607666,24.639999389648438,63139,0.0,0.0,0.0
2023-03-16 14:30:00-04:00,24.639999389648438,24.799999237060547,24.59000015258789,24.780099868774414,171945,0.0,0.0,0.0
2023-03-16 15:30:00-04:00,24.790000915527344,24.829999923706055,24.739999771118164,24.78499984741211,76939,0.0,0.0,0.0
2023-03-17 09:30:00-04:00,24.329999923706055,24.329999923706055,23.979999542236328,24.049999237060547,125669,0.0,0.0,0.0
2023-03-17 10:30:00-04:00,24.040000915527344,24.109899520874023,23.950000762939453,24.040000915527344,66578,0.0,0.0,0.0
2023-03-17 11:30:00-04:00,24.040000915527344,24.110000610351562,23.950000762939453,24.06999969482422,74243,0.0,0.0,0.0
2023-03-17 12:30:00-04:00,24.059999465942383,24.1299991607666,23.90999984741211,23.989999771118164,102027,0.0,0.0,0.0
2023-03-17 13:30:00-04:00,23.989999771118164,24.079999923706055,23.8799991607666,23.8799991607666,82591,0.0,0.0,0.0
2023-03-17 14:30:00-04:00,23.889999389648438,24.09000015258789,23.879899978637695,24.079999923706055,166360,0.0,0.0,0.0
2023-03-17 15:30:00-04:00,24.084999084472656,24.084999084472656,23.885000228881836,23.889999389648438,106435,0.0,0.0,0.0
2023-03-20 09:30:00-04:00,23.969999313354492,24.06999969482422,23.8700008392334,24.040800094604492,0,0.0,0.0,0.0
2023-03-20 10:30:00-04:00,24.06999969482422,24.25,24.059999465942383,24.219999313354492,66573,0.0,0.0,0.0
2023-03-20 11:30:00-04:00,24.219999313354492,24.219999313354492,24.040000915527344,24.079999923706055,53062,0.0,0.0,0.0
2023-03-20 12:30:00-04:00,24.079999923706055,24.270000457763672,24.06999969482422,24.229999542236328,98643,0.0,0.0,0.0
2023-03-20 13:30:00-04:00,24.225000381469727,24.235000610351562,24.059999465942383,24.110000610351562,60827,0.0,0.0,0.0
2023-03-20 14:30:00-04:00,24.110000610351562,24.15999984741211,24.040000915527344,24.15999984741211,184893,0.0,0.0,0.0
2023-03-20 15:30:00-04:00,24.155000686645508,24.21500015258789,24.149999618530273,24.15999984741211,119074,0.0,0.0,0.0
2023-03-21 09:30:00-04:00,24.3700008392334,24.389999389648438,24.040000915527344,24.075000762939453,115087,0.0,0.0,0.0
2023-03-21 10:30:00-04:00,24.079999923706055,24.274999618530273,24.040000915527344,24.260000228881836,136352,0.0,0.0,0.0
2023-03-21 11:30:00-04:00,24.260000228881836,24.260000228881836,24.040000915527344,24.059999465942383,96979,0.0,0.0,0.0
2023-03-21 12:30:00-04:00,24.059999465942383,24.06999969482422,23.920000076293945,23.95840072631836,82240,0.0,0.0,0.0
2023-03-21 13:30:00-04:00,23.950000762939453,23.989999771118164,23.854999542236328,23.879899978637695,90338,0.0,0.0,0.0
2023-03-21 14:30:00-04:00,23.885000228881836,24.09000015258789,23.875,24.040000915527344,187406,0.0,0.0,0.0
2023-03-21 15:30:00-04:00,24.049999237060547,24.135000228881836,24.045000076293945,24.059999465942383,182960,0.0,0.0,0.0
2023-03-22 09:30:00-04:00,23.979999542236328,23.979999542236328,23.559999465942383,23.829999923706055,154075,0.0,0.0,0.0
2023-03-22 10:30:00-04:00,23.850000381469727,23.850000381469727,23.627599716186523,23.639999389648438,47801,0.0,0.0,0.0
2023-03-22 11:30:00-04:00,23.639999389648438,23.68000030517578,23.55500030517578,23.68000030517578,92008,0.0,0.0,0.0
2023-03-22 12:30:00-04:00,23.690000534057617,23.700000762939453,23.600000381469727,23.6299991607666,33826,0.0,0.0,0.0
2023-03-22 13:30:00-04:00,23.649999618530273,23.899999618530273,23.6200008392334,23.729999542236328,76634,0.0,0.0,0.0
2023-03-22 14:30:00-04:00,23.729999542236328,23.90999984741211,23.5,23.65250015258789,193686,0.0,0.0,0.0
2023-03-22 15:30:00-04:00,23.649999618530273,23.670000076293945,23.15999984741211,23.170000076293945,147842,0.0,0.0,0.0
2023-03-23 09:30:00-04:00,23.309999465942383,23.420000076293945,23.204999923706055,23.367599487304688,221850,0.0,0.0,0.0
2023-03-23 10:30:00-04:00,23.360000610351562,23.579999923706055,23.360000610351562,23.510000228881836,53682,0.0,0.0,0.0
2023-03-23 11:30:00-04:00,23.510000228881836,23.559999465942383,23.420000076293945,23.440000534057617,23993,0.0,0.0,0.0
2023-03-23 12:30:00-04:00,23.450000762939453,23.469900131225586,23.239999771118164,23.270000457763672,119480,0.0,0.0,0.0
2023-03-23 13:30:00-04:00,23.279600143432617,23.309999465942383,23.09000015258789,23.09000015258789,71666,0.0,0.0,0.0
2023-03-23 14:30:00-04:00,23.09000015258789,23.260000228881836,22.940000534057617,23.010000228881836,154238,0.0,0.0,0.0
2023-03-23 15:30:00-04:00,23.0,23.15999984741211,22.969999313354492,23.010000228881836,85750,0.0,0.0,0.0
2023-03-24 09:30:00-04:00,22.90999984741211,23.1200008392334,22.81999969482422,23.110000610351562,108054,0.0,0.0,0.0
2023-03-24 10:30:00-04:00,23.110000610351562,23.15999984741211,22.967899322509766,23.040000915527344,193021,0.0,0.0,0.0
2023-03-24 11:30:00-04:00,23.020000457763672,23.239999771118164,23.020000457763672,23.209999084472656,74197,0.0,0.0,0.0
2023-03-24 12:30:00-04:00,23.229999542236328,23.350000381469727,23.209999084472656,23.309999465942383,78282,0.0,0.0,0.0
2023-03-24 13:30:00-04:00,23.309999465942383,23.3700008392334,23.270099639892578,23.350000381469727,73970,0.0,0.0,0.0
2023-03-24 14:30:00-04:00,23.3700008392334,23.559999465942383,23.3700008392334,23.559999465942383,50567,0.0,0.0,0.0
2023-03-24 15:30:00-04:00,23.549999237060547,23.610000610351562,23.520000457763672,23.610000610351562,68821,0.0,0.0,0.0
2023-03-27 09:30:00-04:00,23.75,23.829999923706055,23.559999465942383,23.639999389648438,105565,0.0,0.0,0.0
2023-03-27 10:30:00-04:00,23.6200008392334,23.670000076293945,23.56999969482422,23.665000915527344,40589,0.0,0.0,0.0
2023-03-27 11:30:00-04:00,23.670000076293945,23.7450008392334,23.639999389648438,23.700000762939453,58386,0.0,0.0,0.0
2023-03-27 12:30:00-04:00,23.700000762939453,23.770000457763672,23.68000030517578,23.769899368286133,33238,0.0,0.0,0.0
2023-03-27 13:30:00-04:00,23.770000457763672,23.790000915527344,23.694700241088867,23.700000762939453,40931,0.0,0.0,0.0
2023-03-27 14:30:00-04:00,23.70989990234375,23.719999313354492,23.639999389648438,23.690000534057617,99194,0.0,0.0,0.0
2023-03-27 15:30:00-04:00,23.69499969482422,23.700000762939453,23.549999237060547,23.579999923706055,77482,0.0,0.0,0.0
2023-03-28 09:30:00-04:00,23.440000534057617,23.626800537109375,23.3799991607666,23.598400115966797,100068,0.0,0.0,0.0
2023-03-28 10:30:00-04:00,23.56999969482422,23.56999969482422,23.5,23.559999465942383,52619,0.0,0.0,0.0
2023-03-28 11:30:00-04:00,23.549999237060547,23.59000015258789,23.540000915527344,23.540000915527344,95477,0.0,0.0,0.0
2023-03-28 12:30:00-04:00,23.540000915527344,23.549999237060547,23.45009994506836,23.459999084472656,69679,0.0,0.0,0.0
2023-03-28 13:30:00-04:00,23.454999923706055,23.469999313354492,23.415000915527344,23.469999313354492,72871,0.0,0.0,0.0
2023-03-28 14:30:00-04:00,23.469999313354492,23.549999237060547,23.454999923706055,23.489999771118164,232264,0.0,0.0,0.0
2023-03-28 15:30:00-04:00,23.489999771118164,23.540000915527344,23.454999923706055,23.520000457763672,140783,0.0,0.0,0.0
2023-03-29 09:30:00-04:00,23.729999542236328,23.969999313354492,23.729999542236328,23.920000076293945,86907,0.0,0.0,0.0
2023-03-29 10:30:00-04:00,23.940000534057617,23.956300735473633,23.809999465942383,23.8799991607666,69286,0.0,0.0,0.0
2023-03-29 11:30:00-04:00,23.899999618530273,23.989999771118164,23.889999389648438,23.969999313354492,32878,0.0,0.0,0.0
2023-03-29 12:30:00-04:00,23.969999313354492,23.989999771118164,23.899999618530273,23.959999084472656,37585,0.0,0.0,0.0
2023-03-29 13:30:00-04:00,23.940000534057617,23.950000762939453,23.860000610351562,23.920000076293945,53717,0.0,0.0,0.0
2023-03-29 14:30:00-04:00,23.90999984741211,24.020000457763672,23.895000457763672,24.009899139404297,141939,0.0,0.0,0.0
2023-03-29 15:30:00-04:00,24.0,24.075000762939453,23.989999771118164,24.05500030517578,78536,0.0,0.0,0.0
2023-03-30 09:30:00-04:00,24.290000915527344,24.43000030517578,24.290000915527344,24.360000610351562,103547,0.0,0.0,0.0
2023-03-30 10:30:00-04:00,24.360599517822266,24.417499542236328,24.307199478149414,24.40999984741211,37409,0.0,0.0,0.0
2023-03-30 11:30:00-04:00,24.399999618530273,24.399999618530273,24.309999465942383,24.315000534057617,40519,0.0,0.0,0.0
2023-03-30 12:30:00-04:00,24.309999465942383,24.329999923706055,24.270099639892578,24.277000427246094,42680,0.0,0.0,0.0
2023-03-30 13:30:00-04:00,24.270000457763672,24.329999923706055,24.25,24.31999969482422,32168,0.0,0.0,0.0
2023-03-30 14:30:00-04:00,24.31999969482422,24.350000381469727,24.2549991607666,24.270000457763672,30191,0.0,0.0,0.0
2023-03-30 15:30:00-04:00,24.280000686645508,24.360000610351562,24.274999618530273,24.350000381469727,58827,0.0,0.0,0.0
2023-03-31 09:30:00-04:00,24.450000762939453,24.670000076293945,24.450000762939453,24.600000381469727,131189,0.0,0.0,0.0
2023-03-31 10:30:00-04:00,24.610000610351562,24.649999618530273,24.469999313354492,24.6299991607666,22650,0.0,0.0,0.0
2023-03-31 11:30:00-04:00,24.635000228881836,24.65999984741211,24.600000381469727,24.6299991607666,67059,0.0,0.0,0.0
2023-03-31 12:30:00-04:00,24.610000610351562,24.626800537109375,24.540000915527344,24.540000915527344,31248,0.0,0.0,0.0
2023-03-31 13:30:00-04:00,24.5310001373291,24.690000534057617,24.5310001373291,24.670000076293945,28240,0.0,0.0,0.0
2023-03-31 14:30:00-04:00,24.65999984741211,24.799999237060547,24.649999618530273,24.780000686645508,81812,0.0,0.0,0.0
2023-03-31 15:30:00-04:00,24.790000915527344,24.915000915527344,24.719999313354492,24.90999984741211,64479,0.0,0.0,0.0
2023-04-03 09:30:00-04:00,24.850000381469727,25.059999465942383,24.770000457763672,25.0,82318,0.0,0.0,0.0
2023-04-03 10:30:00-04:00,24.969999313354492,24.969999313354492,24.75,24.75,87854,0.0,0.0,0.0
2023-04-03 11:30:00-04:00,24.75,24.84000015258789,24.75,24.81999969482422,31702,0.0,0.0,0.0
2023-04-03 12:30:00-04:00,24.809999465942383,24.809999465942383,24.719999313354492,24.729999542236328,30934,0.0,0.0,0.0
2023-04-03 13:30:00-04:00,24.72010040283203,24.72010040283203,24.590700149536133,24.610000610351562,42066,0.0,0.0,0.0
2023-04-03 14:30:00-04:00,24.610000610351562,24.68000030517578,24.56999969482422,24.600000381469727,99430,0.0,0.0,0.0
2023-04-03 15:30:00-04:00,24.59000015258789,24.709999084472656,24.59000015258789,24.700000762939453,135490,0.0,0.0,0.0
2023-04-04 09:30:00-04:00,24.719999313354492,24.790000915527344,24.6299991607666,24.690000534057617,80392,0.0,0.0,0.0
2023-04-04 10:30:00-04:00,24.709999084472656,24.729999542236328,24.5,24.549999237060547,69102,0.0,0.0,0.0
2023-04-04 11:30:00-04:00,24.540000915527344,24.610000610351562,24.510000228881836,24.600000381469727,24635,0.0,0.0,0.0
2023-04-04 12:30:00-04:00,24.610000610351562,24.674999237060547,24.56999969482422,24.674999237060547,40500,0.0,0.0,0.0
2023-04-04 13:30:00-04:00,24.670000076293945,24.68000030517578,24.549999237060547,24.559999465942383,37819,0.0,0.0,0.0
2023-04-04 14:30:00-04:00,24.55500030517578,24.6299991607666,24.530000686645508,24.584999084472656,33849,0.0,0.0,0.0
2023-04-04 15:30:00-04:00,24.579999923706055,24.670000076293945,24.549999237060547,24.670000076293945,0,0.0,0.0,0.0
2023-04-05 09:30:00-04:00,24.6299991607666,24.75,24.561199188232422,24.639999389648438,89731,0.0,0.0,0.0
2023-04-05 10:30:00-04:00,24.6299991607666,24.65999984741211,24.579999923706055,24.620100021362305,23598,0.0,0.0,0.0
2023-04-05 11:30:00-04:00,24.6299991607666,24.670000076293945,24.610000610351562,24.6200008392334,36012,0.0,0.0,0.0
2023-04-05 12:30:00-04:00,24.620100021362305,24.739900588989258,24.600099563598633,24.729999542236328,110476,0.0,0.0,0.0
2023-04-05 13:30:00-04:00,24.719999313354492,24.719999313354492,24.590099334716797,24.590099334716797,42522,0.0,0.0,0.0
2023-04-05 14:30:00-04:00,24.59000015258789,24.60740089416504,24.4950008392334,24.579999923706055,56578,0.0,0.0,0.0
2023-04-05 15:30:00-04:00,24.575000762939453,24.625,24.530000686645508,24.530000686645508,66761,0.0,0.0,0.0
2023-04-06 09:30:00-04:00,24.59000015258789,24.639999389648438,24.489999771118164,24.489999771118164,39734,0.0,0.0,0.0
2023-04-06 10:30:00-04:00,24.479999542236328,24.510099411010742,24.43000030517578,24.5,60303,0.0,0.0,0.0
2023-04-06 11:30:00-04:00,24.489999771118164,24.584199905395508,24.489999771118164,24.565000534057617,24759,0.0,0.0,0.0
2023-04-06 12:30:00-04:00,24.56999969482422,24.670000076293945,24.56999969482422,24.63129997253418,74491,0.0,0.0,0.0
2023-04-06 13:30:00-04:00,24.639999389648438,24.640100479125977,24.549999237060547,24.559999465942383,26335,0.0,0.0,0.0
2023-04-06 14:30:00-04:00,24.559999465942383,24.60540008544922,24.554000854492188,24.59000015258789,65414,0.0,0.0,0.0
2023-04-06 15:30:00-04:00,24.594999313354492,24.700000762939453,24.59000015258789,24.700000762939453,42345,0.0,0.0,0.0
2023-04-10 09:30:00-04:00,24.540000915527344,24.639999389648438,24.5,24.540000915527344,69481,0.0,0.0,0.0
2023-04-10 10:30:00-04:00,24.549999237060547,24.579999923706055,24.479999542236328,24.479999542236328,22391,0.0,0.0,0.0
2023-04-10 11:30:00-04:00,24.490999221801758,24.520000457763672,24.440000534057617,24.449899673461914,21152,0.0,0.0,0.0
2023-04-10 12:30:00-04:00,24.450000762939453,24.639999389648438,24.450000762939453,24.6200008392334,34413,0.0,0.0,0.0
2023-04-10 13:30:00-04:00,24.6299991607666,24.704999923706055,24.608299255371094,24.690000534057617,107510,0.0,0.0,0.0
2023-04-10 14:30:00-04:00,24.690000534057617,24.739999771118164,24.650100708007812,24.719999313354492,176304,0.0,0.0,0.0
2023-04-10 15:30:00-04:00,24.729999542236328,24.809999465942383,24.729999542236328,24.80500030517578,62387,0.0,0.0,0.0
2023-04-11 09:30:00-04:00,24.829999923706055,24.920000076293945,24.780000686645508,24.920000076293945,75591,0.0,0.0,0.0
2023-04-11 10:30:00-04:00,24.920000076293945,24.924999237060547,24.829999923706055,24.8700008392334,44551,0.0,0.0,0.0
2023-04-11 11:30:00-04:00,24.8700008392334,24.870100021362305,24.795000076293945,24.8700008392334,27392,0.0,0.0,0.0
2023-04-11 12:30:00-04:00,24.8799991607666,24.930099487304688,24.854999542236328,24.91010093688965,74600,0.0,0.0,0.0
2023-04-11 13:30:00-04:00,24.920000076293945,24.979999542236328,24.90999984741211,24.969999313354492,45225,0.0,0.0,0.0
2023-04-11 14:30:00-04:00,24.99340057373047,25.1200008392334,24.989999771118164,25.020000457763672,36420,0.0,0.0,0.0
2023-04-11 15:30:00-04:00,25.020000457763672,25.049999237060547,24.903099060058594,24.915000915527344,85986,0.0,0.0,0.0
2023-04-12 09:30:00-04:00,25.09000015258789,25.15999984741211,25.020000457763672,25.139999389648438,45966,0.0,0.0,0.0
2023-04-12 10:30:00-04:00,25.1200008392334,25.125,24.96500015258789,25.024999618530273,39417,0.0,0.0,0.0
2023-04-12 11:30:00-04:00,25.03499984741211,25.066200256347656,24.969999313354492,24.989999771118164,176567,0.0,0.0,0.0
2023-04-12 12:30:00-04:00,25.0049991607666,25.040000915527344,24.940000534057617,25.040000915527344,52071,0.0,0.0,0.0
2023-04-12 13:30:00-04:00,25.049999237060547,25.09000015258789,24.920000076293945,24.93000030517578,69894,0.0,0.0,0.0
2023-04-12 14:30:00-04:00,24.920000076293945,24.920000076293945,24.764999389648438,24.764999389648438,107164,0.0,0.0,0.0
2023-04-12 15:30:00-04:00,24.760000228881836,24.829999923706055,24.7549991607666,24.774999618530273,189566,0.0,0.0,0.0
2023-04-13 09:30:00-04:00,24.81999969482422,24.81999969482422,24.6299991607666,24.729999542236328,32946,0.0,0.0,0.0
2023-04-13 10:30:00-04:00,24.729999542236328,24.739999771118164,24.489999771118164,24.520000457763672,43666,0.0,0.0,0.0
2023-04-13 11:30:00-04:00,24.530000686645508,24.670000076293945,24.520000457763672,24.65999984741211,41395,0.0,0.0,0.0
2023-04-13 12:30:00-04:00,24.665700912475586,24.709999084472656,24.655000686645508,24.680099487304688,49112,0.0,0.0,0.0
2023-04-13 13:30:00-04:00,24.690000534057617,24.80500030517578,24.690000534057617,24.770000457763672,45820,0.0,0.0,0.0
2023-04-13 14:30:00-04:00,24.770000457763672,24.81999969482422,24.725000381469727,24.729999542236328,71721,0.0,0.0,0.0
2023-04-13 15:30:00-04:00,24.736499786376953,24.739999771118164,24.684999465942383,24.71500015258789,58218,0.0,0.0,0.0
2023-04-14 09:30:00-04:00,24.760000228881836,24.8700008392334,24.56999969482422,24.59000015258789,69098,0.0,0.0,0.0
2023-04-14 10:30:00-04:00,24.610700607299805,24.63559913635254,24.3799991607666,24.389999389648438,75095,0.0,0.0,0.0
2023-04-14 11:30:00-04:00,24.389999389648438,24.399999618530273,24.309999465942383,24.34000015258789,57924,0.0,0.0,0.0
2023-04-14 12:30:00-04:00,24.34000015258789,24.3799991607666,24.280000686645508,24.34000015258789,30224,0.0,0.0,0.0
2023-04-14 13:30:00-04:00,24.309999465942383,24.325000762939453,24.267499923706055,24.290000915527344,36138,0.0,0.0,0.0
2023-04-14 14:30:00-04:00,24.295000076293945,24.31999969482422,24.15999984741211,24.239999771118164,50754,0.0,0.0,0.0
2023-04-14 15:30:00-04:00,24.235000610351562,24.34000015258789,24.235000610351562,24.329999923706055,69843,0.0,0.0,0.0
2023-04-17 09:30:00-04:00,24.350000381469727,24.610000610351562,24.34000015258789,24.579999923706055,101785,0.0,0.0,0.0
2023-04-17 10:30:00-04:00,24.600000381469727,24.719999313354492,24.600000381469727,24.690000534057617,80230,0.0,0.0,0.0
2023-04-17 11:30:00-04:00,24.670000076293945,24.670000076293945,24.56999969482422,24.610000610351562,51053,0.0,0.0,0.0
2023-04-17 12:30:00-04:00,24.610000610351562,24.6200008392334,24.559999465942383,24.575000762939453,20795,0.0,0.0,0.0
2023-04-17 13:30:00-04:00,24.579999923706055,24.59000015258789,24.520000457763672,24.579999923706055,19949,0.0,0.0,0.0
2023-04-17 14:30:00-04:00,24.600000381469727,24.809999465942383,24.600000381469727,24.790000915527344,98226,0.0,0.0,0.0
2023-04-17 15:30:00-04:00,24.78499984741211,24.850000381469727,24.770000457763672,24.844999313354492,135687,0.0,0.0,0.0
2023-04-18 09:30:00-04:00,24.8799991607666,24.8799991607666,24.731000900268555,24.81220054626465,51651,0.0,0.0,0.0
2023-04-18 10:30:00-04:00,24.770000457763672,24.790000915527344,24.690000534057617,24.719999313354492,37932,0.0,0.0,0.0
2023-04-18 11:30:00-04:00,24.75,24.75,24.68000030517578,24.729999542236328,39086,0.0,0.0,0.0
2023-04-18 12:30:00-04:00,24.729999542236328,24.770000457763672,24.68000030517578,24.700000762939453,20497,0.0,0.0,0.0
2023-04-18 13:30:00-04:00,24.690000534057617,24.770099639892578,24.690000534057617,24.75,41158,0.0,0.0,0.0
2023-04-18 14:30:00-04:00,24.74970054626465,24.799999237060547,24.690000534057617,24.770000457763672,78387,0.0,0.0,0.0
2023-04-18 15:30:00-04:00,24.774999618530273,24.815000534057617,24.7549991607666,24.78499984741211,0,0.0,0.0,0.0
2023-04-19 09:30:00-04:00,24.6299991607666,24.7810001373291,24.59000015258789,24.770000457763672,51430,0.0,0.0,0.0
2023-04-19 10:30:00-04:00,24.770000457763672,24.860000610351562,24.760000228881836,24.860000610351562,47213,0.0,0.0,0.0
2023-04-19 11:30:00-04:00,24.850000381469727,24.889999389648438,24.829999923706055,24.8799991607666,47899,0.0,0.0,0.0
2023-04-19 12:30:00-04:00,24.889999389648438,24.90999984741211,24.854999542236328,24.864999771118164,39146,0.0,0.0,0.0
2023-04-19 13:30:00-04:00,24.8700008392334,24.980100631713867,24.850000381469727,24.979999542236328,18975,0.0,0.0,0.0
2023-04-19 14:30:00-04:00,24.989999771118164,24.989999771118164,24.940000534057617,24.969999313354492,35653,0.0,0.0,0.0
2023-04-19 15:30:00-04:00,24.959999084472656,24.979999542236328,24.882999420166016,24.940000534057617,52451,0.0,0.0,0.0
2023-04-20 09:30:00-04:00,24.809999465942383,24.809999465942383,24.670000076293945,24.77400016784668,23330,0.0,0.0,0.0
2023-04-20 10:30:00-04:00,24.780000686645508,24.799999237060547,24.684999465942383,24.684999465942383,37862,0.0,0.0,0.0
2023-04-20 11:30:00-04:00,24.704999923706055,24.704999923706055,24.6299991607666,24.690000534057617,15690,0.0,0.0,0.0
2023-04-20 12:30:00-04:00,24.690000534057617,24.770000457763672,24.68000030517578,24.770000457763672,11076,0.0,0.0,0.0
2023-04-20 13:30:00-04:00,24.78499984741211,24.799999237060547,24.739999771118164,24.7450008392334,35374,0.0,0.0,0.0
2023-04-20 14:30:00-04:00,24.739999771118164,24.739999771118164,24.565000534057617,24.56999969482422,63754,0.0,0.0,0.0
2023-04-20 15:30:00-04:00,24.575000762939453,24.68000030517578,24.565000534057617,24.65999984741211,83752,0.0,0.0,0.0
2023-04-21 09:30:00-04:00,24.700000762939453,24.760000228881836,24.559999465942383,24.649999618530273,30894,0.0,0.0,0.0
2023-04-21 10:30:00-04:00,24.610000610351562,24.6299991607666,24.499300003051758,24.610000610351562,44209,0.0,0.0,0.0
2023-04-21 11:30:00-04:00,24.6200008392334,24.690000534057617,24.61829948425293,24.665800094604492,29203,0.0,0.0,0.0
2023-04-21 12:30:00-04:00,24.649999618530273,24.679899215698242,24.635000228881836,24.635000228881836,36232,0.0,0.0,0.0
2023-04-21 13:30:00-04:00,24.639999389648438,24.780000686645508,24.639999389648438,24.780000686645508,46848,0.0,0.0,0.0
2023-04-21 14:30:00-04:00,24.780000686645508,24.809999465942383,24.709999084472656,24.709999084472656,58935,0.0,0.0,0.0
2023-04-21 15:30:00-04:00,24.719999313354492,24.725000381469727,24.674100875854492,24.700000762939453,29607,0.0,0.0,0.0
2023-04-24 09:30:00-04:00,24.690000534057617,24.790000915527344,24.59000015258789,24.59000015258789,38255,0.0,0.0,0.0
2023-04-24 10:30:00-04:00,24.61750030517578,24.61750030517578,24.420000076293945,24.440000534057617,57340,0.0,0.0,0.0
2023-04-24 11:30:00-04:00,24.440000534057617,24.56999969482422,24.420000076293945,24.56999969482422,41746,0.0,0.0,0.0
2023-04-24 12:30:00-04:00,24.559999465942383,24.600000381469727,24.540000915527344,24.600000381469727,13616,0.0,0.0,0.0
2023-04-24 13:30:00-04:00,24.610000610351562,24.65999984741211,24.518999099731445,24.538400650024414,66485,0.0,0.0,0.0
2023-04-24 14:30:00-04:00,24.540000915527344,24.56100082397461,24.485000610351562,24.545000076293945,0,0.0,0.0,0.0
2023-04-24 15:30:00-04:00,24.530000686645508,24.614999771118164,24.514999389648438,24.600000381469727,363097,0.0,0.0,0.0
2023-04-25 09:30:00-04:00,24.459999084472656,24.54990005493164,24.409900665283203,24.440000534057617,34226,0.0,0.0,0.0
2023-04-25 10:30:00-04:00,24.440000534057617,24.5,24.38010025024414,24.450000762939453,42438,0.0,0.0,0.0
2023-04-25 11:30:00-04:00,24.450000762939453,24.520000457763672,24.420000076293945,24.5,32556,0.0,0.0,0.0
2023-04-25 12:30:00-04:00,24.489999771118164,24.520000457763672,24.3700008392334,24.399999618530273,41847,0.0,0.0,0.0
2023-04-25 13:30:00-04:00,24.399999618530273,24.43000030517578,24.339500427246094,24.43000030517578,31230,0.0,0.0,0.0
2023-04-25 14:30:00-04:00,24.43000030517578,24.459999084472656,24.36949920654297,24.44499969482422,42422,0.0,0.0,0.0
2023-04-25 15:30:00-04:00,24.440000534057617,24.44499969482422,24.334999084472656,24.350000381469727,0,0.0,0.0,0.0
2023-04-26 09:30:00-04:00,24.34000015258789,24.520000457763672,24.260000228881836,24.325000762939453,34955,0.0,0.0,0.0
2023-04-26 10:30:00-04:00,24.34000015258789,24.41230010986328,24.299999237060547,24.399999618530273,13297,0.0,0.0,0.0
2023-04-26 11:30:00-04:00,24.405000686645508,24.40999984741211,24.309999465942383,24.309999465942383,39329,0.0,0.0,0.0
2023-04-26 12:30:00-04:00,24.30500030517578,24.34160041809082,24.290000915527344,24.299999237060547,14239,0.0,0.0,0.0
2023-04-26 13:30:00-04:00,24.299999237060547,24.31999969482422,24.125,24.20549964904785,49516,0.0,0.0,0.0
2023-04-26 14:30:00-04:00,24.200000762939453,24.204999923706055,24.09000015258789,24.1200008392334,84457,0.0,0.0,0.0
2023-04-26 15:30:00-04:00,24.125,24.149999618530273,24.075000762939453,24.1200008392334,86356,0.0,0.0,0.0
2023-04-27 09:30:00-04:00,24.18000030517578,24.450000762939453,24.18000030517578,24.399999618530273,30713,0.0,0.0,0.0
2023-04-27 10:30:00-04:00,24.399999618530273,24.450000762939453,24.34000015258789,24.449800491333008,23424,0.0,0.0,0.0
2023-04-27 11:30:00-04:00,24.450000762939453,24.56999969482422,24.43000030517578,24.549999237060547,23411,0.0,0.0,0.0
2023-04-27 12:30:00-04:00,24.559999465942383,24.579999923706055,24.530000686645508,24.56999969482422,22490,0.0,0.0,0.0
2023-04-27 13:30:00-04:00,24.59000015258789,24.690000534057617,24.59000015258789,24.690000534057617,36785,0.0,0.0,0.0
2023-04-27 14:30:00-04:00,24.70199966430664,24.739999771118164,24.65999984741211,24.70989990234375,51923,0.0,0.0,0.0
2023-04-27 15:30:00-04:00,24.700000762939453,24.709999084472656,24.65999984741211,24.68000030517578,54977,0.0,0.0,0.0
2023-04-28 09:30:00-04:00,24.65999984741211,25.030000686645508,24.65999984741211,25.020000457763672,41350,0.0,0.0,0.0
2023-04-28 10:30:00-04:00,25.009899139404297,25.09000015258789,24.899999618530273,24.96500015258789,72251,0.0,0.0,0.0
2023-04-28 11:30:00-04:00,24.985000610351562,25.0,24.950000762939453,24.969999313354492,21200,0.0,0.0,0.0
2023-04-28 12:30:00-04:00,24.989999771118164,25.020000457763672,24.954999923706055,24.969999313354492,26046,0.0,0.0,0.0
2023-04-28 13:30:00-04:00,24.979999542236328,24.979999542236328,24.84000015258789,24.860000610351562,47089,0.0,0.0,0.0
2023-04-28 14:30:00-04:00,24.8700008392334,24.950000762939453,24.84000015258789,24.885000228881836,61162,0.0,0.0,0.0
2023-04-28 15:30:00-04:00,24.889999389648438,24.989999771118164,24.876300811767578,24.979999542236328,118633,0.0,0.0,0.0
2023-05-01 09:30:00-04:00,24.90999984741211,25.06999969482422,24.905000686645508,24.94300079345703,58550,0.0,0.0,0.0
2023-05-01 10:30:00-04:00,24.959999084472656,25.020000457763672,24.81999969482422,24.850000381469727,26935,0.0,0.0,0.0
2023-05-01 11:30:00-04:00,24.850000381469727,24.940000534057617,24.84000015258789,24.939899444580078,21426,0.0,0.0,0.0
2023-05-01 12:30:00-04:00,24.93000030517578,24.954999923706055,24.8700008392334,24.8700008392334,24869,0.0,0.0,0.0
2023-05-01 13:30:00-04:00,24.860000610351562,24.899999618530273,24.834999084472656,24.84000015258789,32896,0.0,0.0,0.0
2023-05-01 14:30:00-04:00,24.84000015258789,24.84000015258789,24.774999618530273,24.780000686645508,41050,0.0,0.0,0.0
2023-05-01 15:30:00-04:00,24.78499984741211,24.81999969482422,24.7549991607666,24.790000915527344,123925,0.0,0.0,0.0
2023-05-02 09:30:00-04:00,24.729999542236328,24.770000457763672,24.420000076293945,24.420000076293945,0,0.0,0.0,0.0
2023-05-02 10:30:00-04:00,24.40999984741211,24.415000915527344,24.200000762939453,24.239999771118164,80928,0.0,0.0,0.0
2023-05-02 11:30:00-04:00,24.2450008392334,24.309999465942383,24.209999084472656,24.280000686645508,41236,0.0,0.0,0.0
2023-05-02 12:30:00-04:00,24.280000686645508,24.31999969482422,24.239999771118164,24.309999465942383,18338,0.0,0.0,0.0
2023-05-02 13:30:00-04:00,24.31999969482422,24.43000030517578,24.290000915527344,24.350000381469727,60164,0.0,0.0,0.0
2023-05-02 14:30:00-04:00,24.350099563598633,24.459999084472656,24.350000381469727,24.399999618530273,40022,0.0,0.0,0.0
2023-05-02 15:30:00-04:00,24.399999618530273,24.409900665283203,24.350000381469727,24.364999771118164,27635,0.0,0.0,0.0
2023-05-03 09:30:00-04:00,24.43000030517578,24.489999771118164,24.290000915527344,24.3700008392334,17414,0.0,0.0,0.0
2023-05-03 10:30:00-04:00,24.35070037841797,24.489999771118164,24.309999465942383,24.489999771118164,34585,0.0,0.0,0.0
2023-05-03 11:30:00-04:00,24.479999542236328,24.549999237060547,24.479999542236328,24.549999237060547,55496,0.0,0.0,0.0
2023-05-03 12:30:00-04:00,24.559999465942383,24.65999984741211,24.530000686645508,24.65999984741211,12327,0.0,0.0,0.0
2023-05-03 13:30:00-04:00,24.65999984741211,24.704999923706055,24.530000686645508,24.610000610351562,30218,0.0,0.0,0.0
2023-05-03 14:30:00-04:00,24.600000381469727,24.770000457763672,24.309999465942383,24.34000015258789,115139,0.0,0.0,0.0
2023-05-03 15:30:00-04:00,24.329999923706055,24.360000610351562,24.270000457763672,24.280000686645508,51603,0.0,0.0,0.0
2023-05-04 09:30:00-04:00,24.239999771118164,24.360000610351562,24.1200008392334,24.30030059814453,43303,0.0,0.0,0.0
2023-05-04 10:30:00-04:00,24.274999618530273,24.459999084472656,24.239900588989258,24.350000381469727,65190,0.0,0.0,0.0
2023-05-04 11:30:00-04:00,24.3700008392334,24.469999313354492,24.299999237060547,24.459999084472656,20306,0.0,0.0,0.0
2023-05-04 12:30:00-04:00,24.475000381469727,24.6200008392334,24.43000030517578,24.56999969482422,27503,0.0,0.0,0.0
2023-05-04 13:30:00-04:00,24.559999465942383,24.610000610351562,24.489999771118164,24.489999771118164,57277,0.0,0.0,0.0
2023-05-04 14:30:00-04:00,24.459999084472656,24.489999771118164,24.40999984741211,24.469999313354492,58037,0.0,0.0,0.0
2023-05-04 15:30:00-04:00,24.469999313354492,24.540000915527344,24.440000534057617,24.469999313354492,47362,0.0,0.0,0.0
2023-05-05 09:30:00-04:00,24.65999984741211,24.860000610351562,24.65999984741211,24.790000915527344,32439,0.0,0.0,0.0
2023-05-05 10:30:00-04:00,24.790000915527344,24.799999237060547,24.719999313354492,24.760000228881836,24870,0.0,0.0,0.0
2023-05-05 11:30:00-04:00,24.760000228881836,24.782899856567383,24.725000381469727,24.760000228881836,17174,0.0,0.0,0.0
2023-05-05 12:30:00-04:00,24.75,24.770000457763672,24.6299991607666,24.770000457763672,19046,0.0,0.0,0.0
2023-05-05 13:30:00-04:00,24.780000686645508,24.844999313354492,24.764999389648438,24.829999923706055,59350,0.0,0.0,0.0
2023-05-05 14:30:00-04:00,24.84000015258789,24.93000030517578,24.829999923706055,24.882400512695312,92107,0.0,0.0,0.0
2023-05-05 15:30:00-04:00,24.885000228881836,24.895000457763672,24.860000610351562,24.8799991607666,42814,0.0,0.0,0.0
2023-05-08 09:30:00-04:00,24.829999923706055,24.900400161743164,24.719999313354492,24.719999313354492,35321,0.0,0.0,0.0
2023-05-08 10:30:00-04:00,24.729999542236328,24.829999923706055,24.709999084472656,24.760000228881836,27244,0.0,0.0,0.0
2023-05-08 11:30:00-04:00,24.760000228881836,24.815000534057617,24.719999313354492,24.74970054626465,26782,0.0,0.0,0.0
2023-05-08 12:30:00-04:00,24.75,24.75,24.690000534057617,24.704999923706055,28271,0.0,0.0,0.0
2023-05-08 13:30:00-04:00,24.709999084472656,24.790000915527344,24.649999618530273,24.767099380493164,41348,0.0,0.0,0.0
2023-05-08 14:30:00-04:00,24.770000457763672,24.770000457763672,24.690000534057617,24.709999084472656,59577,0.0,0.0,0.0
2023-05-08 15:30:00-04:00,24.719999313354492,24.76059913635254,24.719999313354492,24.729999542236328,32821,0.0,0.0,0.0
2023-05-09 09:30:00-04:00,24.600000381469727,24.600000381469727,24.3799991607666,24.549999237060547,50520,0.0,0.0,0.0
2023-05-09 10:30:00-04:00,24.56999969482422,24.584999084472656,24.479999542236328,24.540000915527344,52506,0.0,0.0,0.0
2023-05-09 11:30:00-04:00,24.559999465942383,24.609899520874023,24.540000915527344,24.58930015563965,48686,0.0,0.0,0.0
2023-05-09 12:30:00-04:00,24.59000015258789,24.649999618530273,24.59000015258789,24.639999389648438,31610,0.0,0.0,0.0
2023-05-09 13:30:00-04:00,24.664899826049805,24.68000030517578,24.6200008392334,24.649999618530273,15385,0.0,0.0,0.0
2023-05-09 14:30:00-04:00,24.65999984741211,24.725000381469727,24.65760040283203,24.697599411010742,41465,0.0,0.0,0.0
2023-05-09 15:30:00-04:00,24.69499969482422,24.69499969482422,24.6200008392334,24.6200008392334,75387,0.0,0.0,0.0
2023-05-10 09:30:00-04:00,24.8700008392334,24.920000076293945,24.670000076293945,24.690000534057617,23950,0.0,0.0,0.0
2023-05-10 10:30:00-04:00,24.700000762939453,24.889999389648438,24.611099243164062,24.877500534057617,44692,0.0,0.0,0.0
2023-05-10 11:30:00-04:00,24.879899978637695,24.90999984741211,24.809999465942383,24.850000381469727,44762,0.0,0.0,0.0
2023-05-10 12:30:00-04:00,24.825000762939453,24.825000762939453,24.690000534057617,24.690000534057617,13735,0.0,0.0,0.0
2023-05-10 13:30:00-04:00,24.709999084472656,24.834699630737305,24.700000762939453,24.824600219726562,13746,0.0,0.0,0.0
2023-05-10 14:30:00-04:00,24.81999969482422,24.940000534057617,24.815000534057617,24.90999984741211,55168,0.0,0.0,0.0
2023-05-10 15:30:00-04:00,24.899999618530273,24.950000762939453,24.850000381469727,24.860000610351562,57182,0.0,0.0,0.0
2023-05-11 09:30:00-04:00,24.739999771118164,24.739999771118164,24.459999084472656,24.56999969482422,45619,0.0,0.0,0.0
2023-05-11 10:30:00-04:00,24.579999923706055,24.639999389648438,24.5,24.520000457763672,30231,0.0,0.0,0.0
2023-05-11 11:30:00-04:00,24.549999237060547,24.634599685668945,24.549999237060547,24.59000015258789,53900,0.0,0.0,0.0
2023-05-11 12:30:00-04:00,24.600000381469727,24.607500076293945,24.530099868774414,24.540000915527344,73777,0.0,0.0,0.0
2023-05-11 13:30:00-04:00,24.530000686645508,24.574600219726562,24.469999313354492,24.565000534057617,52622,0.0,0.0,0.0
2023-05-11 14:30:00-04:00,24.559999465942383,24.594999313354492,24.540000915527344,24.559999465942383,47715,0.0,0.0,0.0
2023-05-11 15:30:00-04:00,24.559999465942383,24.600000381469727,24.540000915527344,24.59000015258789,206077,0.0,0.0,0.0
2023-05-12 09:30:00-04:00,24.639999389648438,24.669300079345703,24.4950008392334,24.549999237060547,28346,0.0,0.0,0.0
2023-05-12 10:30:00-04:00,24.5,24.549999237060547,24.459999084472656,24.469999313354492,21188,0.0,0.0,0.0
2023-05-12 11:30:00-04:00,24.469999313354492,24.549999237060547,24.45989990234375,24.459999084472656,27785,0.0,0.0,0.0
2023-05-12 12:30:00-04:00,24.459999084472656,24.479999542236328,24.40999984741211,24.469999313354492,59082,0.0,0.0,0.0
2023-05-12 13:30:00-04:00,24.479999542236328,24.4950008392334,24.399999618530273,24.479999542236328,53668,0.0,0.0,0.0
2023-05-12 14:30:00-04:00,24.479999542236328,24.530000686645508,24.440000534057617,24.510000228881836,35968,0.0,0.0,0.0
2023-05-12 15:30:00-04:00,24.530000686645508,24.600000381469727,24.520000457763672,24.59000015258789,74484,0.0,0.0,0.0
2023-05-15 09:30:00-04:00,24.610000610351562,24.700000762939453,24.5,24.559999465942383,28786,0.0,0.0,0.0
2023-05-15 10:30:00-04:00,24.59000015258789,24.610000610351562,24.549999237060547,24.549999237060547,24652,0.0,0.0,0.0
2023-05-15 11:30:00-04:00,24.559999465942383,24.579999923706055,24.489999771118164,24.530000686645508,45008,0.0,0.0,0.0
2023-05-15 12:30:00-04:00,24.540000915527344,24.679899215698242,24.53969955444336,24.600000381469727,24298,0.0,0.0,0.0
2023-05-15 13:30:00-04:00,24.600000381469727,24.610000610351562,24.514999389648438,24.520000457763672,28105,0.0,0.0,0.0
2023-05-15 14:30:00-04:00,24.510000228881836,24.549999237060547,24.4950008392334,24.520000457763672,51049,0.0,0.0,0.0
2023-05-15 15:30:00-04:00,24.510000228881836,24.549999237060547,24.489999771118164,24.549999237060547,37492,0.0,0.0,0.0
2023-05-16 09:30:00-04:00,24.489999771118164,24.5,24.260000228881836,24.270000457763672,0,0.0,0.0,0.0
2023-05-16 10:30:00-04:00,24.299999237060547,24.309999465942383,24.1299991607666,24.149999618530273,33207,0.0,0.0,0.0
2023-05-16 11:30:00-04:00,24.190000534057617,24.219999313354492,24.100000381469727,24.114999771118164,21400,0.0,0.0,0.0
2023-05-16 12:30:00-04:00,24.139999389648438,24.15999984741211,24.079999923706055,24.09000015258789,27786,0.0,0.0,0.0
2023-05-16 13:30:00-04:00,24.09000015258789,24.125,24.030000686645508,24.07270050048828,48858,0.0,0.0,0.0
2023-05-16 14:30:00-04:00,24.079999923706055,24.093700408935547,24.049999237060547,24.05500030517578,23536,0.0,0.0,0.0
2023-05-16 15:30:00-04:00,24.059999465942383,24.065000534057617,23.940000534057617,23.940000534057617,132942,0.0,0.0,0.0
2023-05-17 09:30:00-04:00,24.059999465942383,24.079999923706055,23.889999389648438,24.079999923706055,35354,0.0,0.0,0.0
2023-05-17 10:30:00-04:00,24.09000015258789,24.110000610351562,24.0,24.06999969482422,30120,0.0,0.0,0.0
2023-05-17 11:30:00-04:00,24.059999465942383,24.100000381469727,24.05699920654297,24.079999923706055,49466,0.0,0.0,0.0
2023-05-17 12:30:00-04:00,24.09000015258789,24.270099639892578,24.084999084472656,24.270000457763672,46462,0.0,0.0,0.0
2023-05-17 13:30:00-04:00,24.280000686645508,24.299999237060547,24.18000030517578,24.204999923706055,35143,0.0,0.0,0.0
2023-05-17 14:30:00-04:00,24.219999313354492,24.235000610351562,24.170000076293945,24.170000076293945,43797,0.0,0.0,0.0
2023-05-17 15:30:00-04:00,24.170000076293945,24.270000457763672,24.170000076293945,24.270000457763672,72977,0.0,0.0,0.0
2023-05-18 09:30:00-04:00,24.170000076293945,24.233299255371094,24.049999237060547,24.190000534057617,29696,0.0,0.0,0.0
2023-05-18 10:30:00-04:00,24.260000228881836,24.260000228881836,24.200000762939453,24.200000762939453,12838,0.0,0.0,0.0
2023-05-18 11:30:00-04:00,24.209999084472656,24.270000457763672,24.06999969482422,24.06999969482422,104141,0.0,0.0,0.0
2023-05-18 12:30:00-04:00,24.06999969482422,24.110000610351562,24.020000457763672,24.06999969482422,41232,0.0,0.0,0.0
2023-05-18 13:30:00-04:00,24.030000686645508,24.06999969482422,23.969999313354492,24.049999237060547,23826,0.0,0.0,0.0
2023-05-18 14:30:00-04:00,24.049999237060547,24.049999237060547,23.989999771118164,24.020000457763672,23271,0.0,0.0,0.0
2023-05-18 15:30:00-04:00,24.030000686645508,24.180099487304688,24.030000686645508,24.139999389648438,46090,0.0,0.0,0.0
2023-05-19 09:30:00-04:00,24.25,24.360000610351562,24.235000610351562,24.350000381469727,89381,0.0,0.0,0.0
2023-05-19 10:30:00-04:00,24.350000381469727,24.3700008392334,24.1299991607666,24.1299991607666,30667,0.0,0.0,0.0
2023-05-19 11:30:00-04:00,24.1200008392334,24.1299991607666,24.020000457763672,24.05900001525879,43199,0.0,0.0,0.0
2023-05-19 12:30:00-04:00,24.03499984741211,24.139999389648438,24.0,24.110000610351562,54611,0.0,0.0,0.0
2023-05-19 13:30:00-04:00,24.110000610351562,24.1299991607666,24.06999969482422,24.079999923706055,36698,0.0,0.0,0.0
2023-05-19 14:30:00-04:00,24.065000534057617,24.162500381469727,24.065000534057617,24.104999542236328,24540,0.0,0.0,0.0
2023-05-19 15:30:00-04:00,24.100000381469727,24.135000228881836,24.09000015258789,24.100000381469727,31831,0.0,0.0,0.0
2023-05-22 09:30:00-04:00,24.149999618530273,24.229999542236328,24.020000457763672,24.20800018310547,80227,0.0,0.0,0.0
2023-05-22 10:30:00-04:00,24.209999084472656,24.280000686645508,24.15999984741211,24.260000228881836,0,0.0,0.0,0.0
2023-05-22 11:30:00-04:00,24.260099411010742,24.3700008392334,24.260099411010742,24.3700008392334,159064,0.0,0.0,0.0
2023-05-22 12:30:00-04:00,24.370800018310547,24.370800018310547,24.25,24.290800094604492,25905,0.0,0.0,0.0
2023-05-22 13:30:00-04:00,24.299999237060547,24.360000610351562,24.299999237060547,24.350000381469727,14567,0.0,0.0,0.0
2023-05-22 14:30:00-04:00,24.360000610351562,24.399999618530273,24.309999465942383,24.31999969482422,29040,0.0,0.0,0.0
2023-05-22 15:30:00-04:00,24.31999969482422,24.31999969482422,24.25,24.260000228881836,48907,0.0,0.0,0.0
2023-05-23 09:30:00-04:00,24.18000030517578,24.440000534057617,24.18000030517578,24.309999465942383,52292,0.0,0.0,0.0
2023-05-23 10:30:00-04:00,24.309999465942383,24.344999313354492,24.290000915527344,24.31999969482422,24583,0.0,0.0,0.0
2023-05-23 11:30:00-04:00,24.31999969482422,24.360000610351562,24.219999313354492,24.219999313354492,12385,0.0,0.0,0.0
2023-05-23 12:30:00-04:00,24.219999313354492,24.219999313354492,24.100000381469727,24.100000381469727,43596,0.0,0.0,0.0
2023-05-23 13:30:00-04:00,24.09000015258789,24.184999465942383,24.030000686645508,24.079999923706055,51129,0.0,0.0,0.0
2023-05-23 14:30:00-04:00,24.069900512695312,24.110000610351562,24.040000915527344,24.07040023803711,42343,0.0,0.0,0.0
2023-05-23 15:30:00-04:00,24.079999923706055,24.104999542236328,24.0049991607666,24.030000686645508,60971,0.0,0.0,0.0
2023-05-24 09:30:00-04:00,23.920000076293945,23.950000762939453,23.739999771118164,23.799999237060547,29200,0.0,0.0,0.0
2023-05-24 10:30:00-04:00,23.839599609375,23.839599609375,23.690000534057617,23.719999313354492,34752,0.0,0.0,0.0
2023-05-24 11:30:00-04:00,23.719999313354492,23.719999313354492,23.559999465942383,23.56999969482422,42811,0.0,0.0,0.0
2023-05-24 12:30:00-04:00,23.559999465942383,23.637500762939453,23.549999237060547,23.560199737548828,25419,0.0,0.0,0.0
2023-05-24 13:30:00-04:00,23.5625,23.6299991607666,23.510000228881836,23.510000228881836,46474,0.0,0.0,0.0
2023-05-24 14:30:00-04:00,23.5049991607666,23.6299991607666,23.4950008392334,23.600000381469727,47529,0.0,0.0,0.0
2023-05-24 15:30:00-04:00,23.600000381469727,23.649999618530273,23.479999542236328,23.5,130254,0.0,0.0,0.0
2023-05-25 09:30:00-04:00,23.59000015258789,23.600000381469727,23.389999389648438,23.48979949951172,33428,0.0,0.0,0.0
2023-05-25 10:30:00-04:00,23.479999542236328,23.480100631713867,23.360000610351562,23.3700008392334,85226,0.0,0.0,0.0
2023-05-25 11:30:00-04:00,23.3700008392334,23.510000228881836,23.340099334716797,23.440000534057617,34332,0.0,0.0,0.0
2023-05-25 12:30:00-04:00,23.440000534057617,23.6299991607666,23.420000076293945,23.610000610351562,56276,0.0,0.0,0.0
2023-05-25 13:30:00-04:00,23.6200008392334,23.670000076293945,23.559999465942383,23.579999923706055,47313,0.0,0.0,0.0
2023-05-25 14:30:00-04:00,23.55699920654297,23.600000381469727,23.5039005279541,23.600000381469727,38197,0.0,0.0,0.0
2023-05-25 15:30:00-04:00,23.59000015258789,23.625,23.4950008392334,23.5,47592,0.0,0.0,0.0
2023-05-26 09:30:00-04:00,23.549999237060547,23.695999145507812,23.469999313354492,23.690000534057617,28629,0.0,0.0,0.0
2023-05-26 10:30:00-04:00,23.670000076293945,23.719999313354492,23.579999923706055,23.579999923706055,47108,0.0,0.0,0.0
2023-05-26 11:30:00-04:00,23.579999923706055,23.709999084472656,23.56410026550293,23.709999084472656,20720,0.0,0.0,0.0
2023-05-26 12:30:00-04:00,23.719999313354492,23.739999771118164,23.649999618530273,23.670000076293945,21504,0.0,0.0,0.0
2023-05-26 13:30:00-04:00,23.65999984741211,23.719999313354492,23.649999618530273,23.719999313354492,26518,0.0,0.0,0.0
2023-05-26 14:30:00-04:00,23.71500015258789,23.809999465942383,23.71500015258789,23.75,42884,0.0,0.0,0.0
2023-05-26 15:30:00-04:00,23.75,23.829999923706055,23.75,23.770000457763672,57896,0.0,0.0,0.0
2023-05-30 09:30:00-04:00,23.940000534057617,24.1299991607666,23.940000534057617,23.979999542236328,50279,0.0,0.0,0.0
2023-05-30 10:30:00-04:00,23.979999542236328,23.989999771118164,23.809900283813477,23.889999389648438,23400,0.0,0.0,0.0
2023-05-30 11:30:00-04:00,23.90999984741211,23.940099716186523,23.86009979248047,23.899999618530273,28617,0.0,0.0,0.0
2023-05-30 12:30:00-04:00,23.899999618530273,23.90999984741211,23.860000610351562,23.860000610351562,24251,0.0,0.0,0.0
2023-05-30 13:30:00-04:00,23.84000015258789,23.899999618530273,23.829599380493164,23.895000457763672,21284,0.0,0.0,0.0
2023-05-30 14:30:00-04:00,23.889999389648438,23.93000030517578,23.829999923706055,23.84469985961914,27712,0.0,0.0,0.0
2023-05-30 15:30:00-04:00,23.850000381469727,23.920000076293945,23.850000381469727,23.8700008392334,51271,0.0,0.0,0.0
2023-05-31 09:30:00-04:00,23.81999969482422,23.979999542236328,23.739999771118164,23.760000228881836,77259,0.0,0.0,0.0
2023-05-31 10:30:00-04:00,23.760000228881836,23.88990020751953,23.75,23.860000610351562,38989,0.0,0.0,0.0
2023-05-31 11:30:00-04:00,23.850000381469727,23.890100479125977,23.829999923706055,23.8700008392334,35893,0.0,0.0,0.0
2023-05-31 12:30:00-04:00,23.850000381469727,23.916000366210938,23.850000381469727,23.905000686645508,23858,0.0,0.0,0.0
2023-05-31 13:30:00-04:00,23.93000030517578,24.0,23.899999618530273,24.0,26007,0.0,0.0,0.0
2023-05-31 14:30:00-04:00,24.0049991607666,24.01810073852539,23.960100173950195,23.979999542236328,19296,0.0,0.0,0.0
2023-05-31 15:30:00-04:00,23.979999542236328,24.040000915527344,23.969600677490234,23.989999771118164,81187,0.0,0.0,0.0
2023-06-01 09:30:00-04:00,24.020000457763672,24.020000457763672,23.739999771118164,23.899999618530273,46866,0.0,0.0,0.0
2023-06-01 10:30:00-04:00,23.912799835205078,24.040000915527344,23.910900115966797,24.030000686645508,44831,0.0,0.0,0.0
2023-06-01 11:30:00-04:00,24.030000686645508,24.1299991607666,24.027799606323242,24.059999465942383,20746,0.0,0.0,0.0
2023-06-01 12:30:00-04:00,24.040000915527344,24.049999237060547,24.0,24.020000457763672,18516,0.0,0.0,0.0
2023-06-01 13:30:00-04:00,24.020000457763672,24.059999465942383,23.99180030822754,24.0,25814,0.0,0.0,0.0
2023-06-01 14:30:00-04:00,24.010000228881836,24.084999084472656,24.006399154663086,24.040000915527344,36273,0.0,0.0,0.0
2023-06-01 15:30:00-04:00,24.041200637817383,24.049999237060547,23.966800689697266,24.0,33105,0.0,0.0,0.0
2023-06-02 09:30:00-04:00,24.219999313354492,24.3799991607666,24.209999084472656,24.3799991607666,54704,0.0,0.0,0.0
2023-06-02 10:30:00-04:00,24.37700080871582,24.59000015258789,24.3700008392334,24.565000534057617,44677,0.0,0.0,0.0
2023-06-02 11:30:00-04:00,24.56999969482422,24.579999923706055,24.489999771118164,24.55500030517578,58694,0.0,0.0,0.0
2023-06-02 12:30:00-04:00,24.549999237060547,24.639999389648438,24.540000915527344,24.6200008392334,20612,0.0,0.0,0.0
2023-06-02 13:30:00-04:00,24.6200008392334,24.639999389648438,24.549999237060547,24.58209991455078,55690,0.0,0.0,0.0
2023-06-02 14:30:00-04:00,24.579999923706055,24.614999771118164,24.557600021362305,24.586999893188477,20018,0.0,0.0,0.0
2023-06-02 15:30:00-04:00,24.579999923706055,24.606800079345703,24.559999465942383,24.56999969482422,46781,0.0,0.0,0.0
2023-06-05 09:30:00-04:00,24.540000915527344,24.649999618530273,24.399999618530273,24.479999542236328,54267,0.0,0.0,0.0
2023-06-05 10:30:00-04:00,24.481700897216797,24.530000686645508,24.459999084472656,24.520000457763672,27195,0.0,0.0,0.0
2023-06-05 11:30:00-04:00,24.530000686645508,24.610000610351562,24.510000228881836,24.590099334716797,11818,0.0,0.0,0.0
2023-06-05 12:30:00-04:00,24.59000015258789,24.59000015258789,24.479999542236328,24.479999542236328,23402,0.0,0.0,0.0
2023-06-05 13:30:00-04:00,24.479999542236328,24.53499984741211,24.440000534057617,24.44420051574707,25946,0.0,0.0,0.0
2023-06-05 14:30:00-04:00,24.449899673461914,24.450000762939453,24.3700008392334,24.415000915527344,29432,0.0,0.0,0.0
2023-06-05 15:30:00-04:00,24.40999984741211,24.459999084472656,24.389999389648438,24.40999984741211,34887,0.0,0.0,0.0
2023-06-06 09:30:00-04:00,24.450000762939453,24.540000915527344,24.360000610351562,24.540000915527344,20154,0.0,0.0,0.0
2023-06-06 10:30:00-04:00,24.559999465942383,24.59000015258789,24.490100860595703,24.59000015258789,18848,0.0,0.0,0.0
2023-06-06 11:30:00-04:00,24.591400146484375,24.68000030517578,24.570100784301758,24.649999618530273,17169,0.0,0.0,0.0
2023-06-06 12:30:00-04:00,24.6299991607666,24.645000457763672,24.56999969482422,24.59000015258789,35536,0.0,0.0,0.0
2023-06-06 13:30:00-04:00,24.584999084472656,24.610000610351562,24.524999618530273,24.56999969482422,41923,0.0,0.0,0.0
2023-06-06 14:30:00-04:00,24.559999465942383,24.639999389648438,24.559999465942383,24.639999389648438,84628,0.0,0.0,0.0
2023-06-06 15:30:00-04:00,24.639999389648438,24.670000076293945,24.594999313354492,24.6299991607666,60640,0.0,0.0,0.0
2023-06-07 09:30:00-04:00,24.719999313354492,24.81999969482422,24.6299991607666,24.799999237060547,46473,0.0,0.0,0.0
2023-06-07 10:30:00-04:00,24.81999969482422,24.93000030517578,24.770000457763672,24.8700008392334,27045,0.0,0.0,0.0
2023-06-07 11:30:00-04:00,24.860000610351562,24.969999313354492,24.84000015258789,24.969999313354492,50165,0.0,0.0,0.0
2023-06-07 12:30:00-04:00,24.989999771118164,25.09000015258789,24.985000610351562,25.010000228881836,34145,0.0,0.0,0.0
2023-06-07 13:30:00-04:00,25.010000228881836,25.05470085144043,24.989999771118164,25.018999099731445,34673,0.0,0.0,0.0
2023-06-07 14:30:00-04:00,25.020000457763672,25.079999923706055,24.980100631713867,25.049999237060547,24093,0.0,0.0,0.0
2023-06-07 15:30:00-04:00,25.050100326538086,25.149999618530273,25.050100326538086,25.079999923706055,52756,0.0,0.0,0.0
2023-06-08 09:30:00-04:00,24.989999771118164,25.010000228881836,24.683399200439453,24.844900131225586,25189,0.0,0.0,0.0
2023-06-08 10:30:00-04:00,24.860000610351562,24.8799991607666,24.770000457763672,24.850000381469727,12359,0.0,0.0,0.0
2023-06-08 11:30:00-04:00,24.860000610351562,24.91710090637207,24.84429931640625,24.91710090637207,45833,0.0,0.0,0.0
2023-06-08 12:30:00-04:00,24.90999984741211,24.940000534057617,24.860000610351562,24.940000534057617,23032,0.0,0.0,0.0
2023-06-08 13:30:00-04:00,24.943599700927734,24.943599700927734,24.889999389648438,24.920299530029297,34608,0.0,0.0,0.0
2023-06-08 14:30:00-04:00,24.950000762939453,24.959999084472656,24.899999618530273,24.920000076293945,15226,0.0,0.0,0.0
2023-06-08 15:30:00-04:00,24.915000915527344,24.954999923706055,24.90999984741211,24.940000534057617,37466,0.0,0.0,0.0
2023-06-09 09:30:00-04:00,24.93000030517578,24.969999313354492,24.834999084472656,24.899999618530273,59694,0.0,0.0,0.0
2023-06-09 10:30:00-04:00,24.93000030517578,24.93000030517578,24.790000915527344,24.809999465942383,49368,0.0,0.0,0.0
2023-06-09 11:30:00-04:00,24.780000686645508,24.829999923706055,24.760000228881836,24.809999465942383,24518,0.0,0.0,0.0
2023-06-09 12:30:00-04:00,24.80500030517578,24.809999465942383,24.760000228881836,24.760000228881836,35312,0.0,0.0,0.0
2023-06-09 13:30:00-04:00,24.770000457763672,24.780000686645508,24.690000534057617,24.76099967956543,18166,0.0,0.0,0.0
2023-06-09 14:30:00-04:00,24.769899368286133,24.809999465942383,24.737499237060547,24.764999389648438,19430,0.0,0.0,0.0
2023-06-09 15:30:00-04:00,24.770000457763672,24.809999465942383,24.739999771118164,24.790000915527344,43744,0.0,0.0,0.0
2023-06-12 09:30:00-04:00,24.770000457763672,24.790000915527344,24.65999984741211,24.68720054626465,50853,0.0,0.0,0.0
2023-06-12 10:30:00-04:00,24.699899673461914,24.700000762939453,24.579999923706055,24.700000762939453,18485,0.0,0.0,0.0
2023-06-12 11:30:00-04:00,24.739900588989258,24.739900588989258,24.635000228881836,24.68000030517578,19698,0.0,0.0,0.0
2023-06-12 12:30:00-04:00,24.68000030517578,24.719999313354492,24.61549949645996,24.6200008392334,11821,0.0,0.0,0.0
2023-06-12 13:30:00-04:00,24.6299991607666,24.65999984741211,24.6200008392334,24.639999389648438,19422,0.0,0.0,0.0
2023-06-12 14:30:00-04:00,24.634700775146484,24.770000457763672,24.634700775146484,24.770000457763672,19202,0.0,0.0,0.0
2023-06-12 15:30:00-04:00,24.770000457763672,24.799999237060547,24.770000457763672,24.790000915527344,33244,0.0,0.0,0.0
2023-06-13 09:30:00-04:00,24.75,24.969999313354492,24.709999084472656,24.959999084472656,43976,0.0,0.0,0.0
2023-06-13 10:30:00-04:00,24.979999542236328,24.979999542236328,24.889999389648438,24.940000534057617,18308,0.0,0.0,0.0
2023-06-13 11:30:00-04:00,24.92060089111328,24.92060089111328,24.829999923706055,24.860000610351562,18993,0.0,0.0,0.0
2023-06-13 12:30:00-04:00,24.8799991607666,24.93000030517578,24.8700008392334,24.93000030517578,10248,0.0,0.0,0.0
2023-06-13 13:30:00-04:00,24.9325008392334,24.979999542236328,24.90999984741211,24.950000762939453,73058,0.0,0.0,0.0
2023-06-13 14:30:00-04:00,24.959999084472656,24.969999313354492,24.8799991607666,24.954700469970703,75470,0.0,0.0,0.0
2023-06-13 15:30:00-04:00,24.950000762939453,24.959999084472656,24.924999237060547,24.950000762939453,46157,0.0,0.0,0.0
2023-06-14 09:30:00-04:00,24.989999771118164,25.200000762939453,24.989999771118164,25.100000381469727,21909,0.0,0.0,0.0
2023-06-14 10:30:00-04:00,25.1200008392334,25.209999084472656,25.1200008392334,25.139999389648438,71550,0.0,0.0,0.0
2023-06-14 11:30:00-04:00,25.149999618530273,25.15999984741211,25.104999542236328,25.127899169921875,24034,0.0,0.0,0.0
2023-06-14 12:30:00-04:00,25.139999389648438,25.140100479125977,25.09000015258789,25.110000610351562,18809,0.0,0.0,0.0
2023-06-14 13:30:00-04:00,25.100000381469727,25.1200008392334,24.850000381469727,24.889999389648438,38699,0.0,0.0,0.0
2023-06-14 14:30:00-04:00,24.889999389648438,25.139999389648438,24.860000610351562,25.09000015258789,107328,0.0,0.0,0.0
2023-06-14 15:30:00-04:00,25.059999465942383,25.125,24.975000381469727,25.049999237060547,45573,0.0,0.0,0.0
2023-06-15 09:30:00-04:00,24.979999542236328,25.030000686645508,24.790000915527344,25.0,45813,0.0,0.0,0.0
2023-06-15 10:30:00-04:00,24.989999771118164,25.049999237060547,24.920000076293945,25.049999237060547,18318,0.0,0.0,0.0
2023-06-15 11:30:00-04:00,25.04669952392578,25.069900512695312,25.0,25.0,23424,0.0,0.0,0.0
2023-06-15 12:30:00-04:00,24.9950008392334,25.030000686645508,24.989999771118164,25.014999389648438,44735,0.0,0.0,0.0
2023-06-15 13:30:00-04:00,25.020000457763672,25.06999969482422,25.010000228881836,25.040000915527344,185623,0.0,0.0,0.0
2023-06-15 14:30:00-04:00,25.049999237060547,25.147899627685547,25.049999237060547,25.100000381469727,20730,0.0,0.0,0.0
2023-06-15 15:30:00-04:00,25.114999771118164,25.209999084472656,25.06999969482422,25.170000076293945,95685,0.0,0.0,0.0
2023-06-16 09:30:00-04:00,24.989999771118164,25.1200008392334,24.989999771118164,25.06999969482422,29792,0.0,0.0,0.0
2023-06-16 10:30:00-04:00,25.05500030517578,25.06999969482422,24.969999313354492,24.98419952392578,17474,0.0,0.0,0.0
2023-06-16 11:30:00-04:00,25.0,25.0049991607666,24.934999465942383,25.0,26448,0.0,0.0,0.0
2023-06-16 12:30:00-04:00,25.020000457763672,25.059999465942383,24.950000762939453,24.9552001953125,8888,0.0,0.0,0.0
2023-06-16 13:30:00-04:00,24.940000534057617,24.969999313354492,24.93000030517578,24.959999084472656,22066,0.0,0.0,0.0
2023-06-16 14:30:00-04:00,24.950000762939453,24.969999313354492,24.875,24.889999389648438,203032,0.0,0.0,0.0
2023-06-16 15:30:00-04:00,24.889999389648438,24.979999542236328,24.889999389648438,24.940000534057617,171357,0.0,0.0,0.0
2023-06-20 09:30:00-04:00,24.81999969482422,24.81999969482422,24.510000228881836,24.639999389648438,38598,0.0,0.0,0.0
2023-06-20 10:30:00-04:00,24.65999984741211,24.729999542236328,24.6299991607666,24.639999389648438,28527,0.0,0.0,0.0
2023-06-20 11:30:00-04:00,24.6200008392334,24.65999984741211,24.58989906311035,24.639999389648438,26517,0.0,0.0,0.0
2023-06-20 12:30:00-04:00,24.616500854492188,24.68000030517578,24.616500854492188,24.665000915527344,13089,0.0,0.0,0.0
2023-06-20 13:30:00-04:00,24.65999984741211,24.6875,24.649999618530273,24.680400848388672,21451,0.0,0.0,0.0
2023-06-20 14:30:00-04:00,24.684999465942383,24.69499969482422,24.620100021362305,24.6299991607666,12606,0.0,0.0,0.0
2023-06-20 15:30:00-04:00,24.6299991607666,24.645999908447266,24.584999084472656,24.6200008392334,52970,0.0,0.0,0.0
2023-06-21 09:30:00-04:00,24.5,24.56999969482422,24.309999465942383,24.43000030517578,115239,0.0,0.0,0.0
2023-06-21 10:30:00-04:00,24.450000762939453,24.55500030517578,24.399999618530273,24.479999542236328,108454,0.0,0.0,0.0
2023-06-21 11:30:00-04:00,24.469999313354492,24.56999969482422,24.450000762939453,24.549999237060547,54273,0.0,0.0,0.0
2023-06-21 12:30:00-04:00,24.565000534057617,24.56999969482422,24.428600311279297,24.45009994506836,47659,0.0,0.0,0.0
2023-06-21 13:30:00-04:00,24.454999923706055,24.559900283813477,24.454999923706055,24.53499984741211,65000,0.0,0.0,0.0
2023-06-21 14:30:00-04:00,24.53499984741211,24.55500030517578,24.459999084472656,24.459999084472656,39809,0.0,0.0,0.0
2023-06-21 15:30:00-04:00,24.469999313354492,24.510000228881836,24.350000381469727,24.5,49576,0.0,0.0,0.0
2023-06-22 09:30:00-04:00,24.510000228881836,24.510000228881836,24.010000228881836,24.09000015258789,58214,0.0,0.0,0.0
2023-06-22 10:30:00-04:00,24.09000015258789,24.110000610351562,23.989999771118164,24.042499542236328,31057,0.0,0.0,0.0
2023-06-22 11:30:00-04:00,24.059999465942383,24.110000610351562,24.049999237060547,24.09000015258789,44051,0.0,0.0,0.0
2023-06-22 12:30:00-04:00,24.09000015258789,24.100000381469727,24.043899536132812,24.084999084472656,24827,0.0,0.0,0.0
2023-06-22 13:30:00-04:00,24.09000015258789,24.145000457763672,24.09000015258789,24.1299991607666,21017,0.0,0.0,0.0
2023-06-22 14:30:00-04:00,24.139999389648438,24.190000534057617,24.135000228881836,24.18000030517578,44847,0.0,0.0,0.0
2023-06-22 15:30:00-04:00,24.15999984741211,24.170000076293945,24.1200008392334,24.139999389648438,59253,0.0,0.0,0.0
2023-06-23 09:30:00-04:00,23.979999542236328,24.18000030517578,23.979999542236328,24.040000915527344,56102,0.0,0.0,0.0
2023-06-23 10:30:00-04:00,24.049999237060547,24.050100326538086,23.875,23.8799991607666,35956,0.0,0.0,0.0
2023-06-23 11:30:00-04:00,23.8799991607666,23.889999389648438,23.838300704956055,23.8700008392334,53193,0.0,0.0,0.0
2023-06-23 12:30:00-04:00,23.896699905395508,23.90999984741211,23.850000381469727,23.8700008392334,19039,0.0,0.0,0.0
2023-06-23 13:30:00-04:00,23.889999389648438,23.920000076293945,23.8700008392334,23.875,21707,0.0,0.0,0.0
2023-06-23 14:30:00-04:00,23.8700008392334,23.889999389648438,23.799999237060547,23.841800689697266,25608,0.0,0.0,0.0
2023-06-23 15:30:00-04:00,23.84000015258789,23.850000381469727,23.796300888061523,23.799999237060547,42230,0.0,0.0,0.0
2023-06-26 09:30:00-04:00,23.799999237060547,24.06999969482422,23.799999237060547,24.040000915527344,0,0.0,0.0,0.0
2023-06-26 10:30:00-04:00,24.048099517822266,24.149999618530273,24.030000686645508,24.1200008392334,12929,0.0,0.0,0.0
2023-06-26 11:30:00-04:00,24.139999389648438,24.314699172973633,24.1299991607666,24.290000915527344,46258,0.0,0.0,0.0
2023-06-26 12:30:00-04:00,24.280000686645508,24.31999969482422,24.234800338745117,24.290000915527344,28154,0.0,0.0,0.0
2023-06-26 13:30:00-04:00,24.30660057067871,24.329999923706055,24.28499984741211,24.300399780273438,26909,0.0,0.0,0.0
2023-06-26 14:30:00-04:00,24.30500030517578,24.350000381469727,24.30500030517578,24.350000381469727,18700,0.0,0.0,0.0
2023-06-26 15:30:00-04:00,24.344999313354492,24.3799991607666,24.329999923706055,24.350000381469727,22574,0.0,0.0,0.0
2023-06-27 09:30:00-04:00,24.3799991607666,24.489999771118164,24.290000915527344,24.40999984741211,30388,0.0,0.0,0.0
2023-06-27 10:30:00-04:00,24.395999908447266,24.609899520874023,24.389999389648438,24.609899520874023,48474,0.0,0.0,0.0
2023-06-27 11:30:00-04:00,24.610000610351562,24.6299991607666,24.59480094909668,24.610000610351562,28652,0.0,0.0,0.0
2023-06-27 12:30:00-04:00,24.600000381469727,24.65999984741211,24.600000381469727,24.65999984741211,29584,0.0,0.0,0.0
2023-06-27 13:30:00-04:00,24.65999984741211,24.68000030517578,24.645000457763672,24.645000457763672,18069,0.0,0.0,0.0
2023-06-27 14:30:00-04:00,24.649999618530273,24.690000534057617,24.635000228881836,24.68000030517578,15816,0.0,0.0,0.0
2023-06-27 15:30:00-04:00,24.68199920654297,24.709999084472656,24.655000686645508,24.65999984741211,41951,0.0,0.0,0.0
2023-06-28 09:30:00-04:00,24.6200008392334,24.670000076293945,24.469999313354492,24.59000015258789,19111,0.0,0.0,0.0
2023-06-28 10:30:00-04:00,24.600000381469727,24.670000076293945,24.540000915527344,24.670000076293945,16378,0.0,0.0,0.0
2023-06-28 11:30:00-04:00,24.68000030517578,24.735000610351562,24.6200008392334,24.719999313354492,16166,0.0,0.0,0.0
2023-06-28 12:30:00-04:00,24.719999313354492,24.72249984741211,24.59000015258789,24.6200008392334,46936,0.0,0.0,0.0
2023-06-28 13:30:00-04:00,24.610000610351562,24.6200008392334,24.56999969482422,24.59000015258789,19325,0.0,0.0,0.0
2023-06-28 14:30:00-04:00,24.579999923706055,24.58989906311035,24.530000686645508,24.56999969482422,11997,0.0,0.0,0.0
2023-06-28 15:30:00-04:00,24.59000015258789,24.684999465942383,24.579999923706055,24.68000030517578,30007,0.0,0.0,0.0
2023-06-29 09:30:00-04:00,24.600000381469727,24.790000915527344,24.540000915527344,24.68000030517578,33789,0.0,0.0,0.0
2023-06-29 10:30:00-04:00,24.694599151611328,24.742900848388672,24.68000030517578,24.725000381469727,35576,0.0,0.0,0.0
2023-06-29 11:30:00-04:00,24.729999542236328,24.864999771118164,24.725000381469727,24.850000381469727,41684,0.0,0.0,0.0
2023-06-29 12:30:00-04:00,24.850000381469727,24.889999389648438,24.84000015258789,24.889999389648438,31318,0.0,0.0,0.0
2023-06-29 13:30:00-04:00,24.899999618530273,24.93000030517578,24.829999923706055,24.850000381469727,36528,0.0,0.0,0.0
2023-06-29 14:30:00-04:00,24.860000610351562,24.910999298095703,24.860000610351562,24.905000686645508,33784,0.0,0.0,0.0
2023-06-29 15:30:00-04:00,24.90999984741211,24.959999084472656,24.906200408935547,24.959999084472656,40669,0.0,0.0,0.0
2023-06-30 09:30:00-04:00,25.149999618530273,25.229999542236328,24.969999313354492,24.989999771118164,102890,0.0,0.0,0.0
2023-06-30 10:30:00-04:00,25.049999237060547,25.06999969482422,24.829999923706055,24.829999923706055,31450,0.0,0.0,0.0
2023-06-30 11:30:00-04:00,24.860000610351562,24.969999313354492,24.860000610351562,24.90250015258789,26997,0.0,0.0,0.0
2023-06-30 12:30:00-04:00,24.899999618530273,24.899999618530273,24.83009910583496,24.850000381469727,8878,0.0,0.0,0.0
2023-06-30 13:30:00-04:00,24.850000381469727,24.875,24.799999237060547,24.8262996673584,17012,0.0,0.0,0.0
2023-06-30 14:30:00-04:00,24.81999969482422,24.829999923706055,24.75,24.790000915527344,32755,0.0,0.0,0.0
2023-06-30 15:30:00-04:00,24.780000686645508,25.1200008392334,24.777299880981445,25.09000015258789,68807,0.0,0.0,0.0
2023-07-03 09:30:00-04:00,25.010000228881836,25.354999542236328,25.010000228881836,25.341800689697266,100904,0.0,0.0,0.0
2023-07-03 10:30:00-04:00,25.360000610351562,25.434999465942383,25.359899520874023,25.43000030517578,42705,0.0,0.0,0.0
2023-07-03 11:30:00-04:00,25.43000030517578,25.449199676513672,25.329999923706055,25.360000610351562,33218,0.0,0.0,0.0
2023-07-05 09:30:00-04:00,25.209999084472656,25.34000015258789,25.079999923706055,25.280000686645508,28928,0.0,0.0,0.0
2023-07-05 10:30:00-04:00,25.309900283813477,25.549999237060547,25.309900283813477,25.540000915527344,39094,0.0,0.0,0.0
2023-07-05 11:30:00-04:00,25.559999465942383,25.559999465942383,25.489999771118164,25.510900497436523,13376,0.0,0.0,0.0
2023-07-05 12:30:00-04:00,25.510000228881836,25.559999465942383,25.459999084472656,25.485000610351562,38008,0.0,0.0,0.0
2023-07-05 13:30:00-04:00,25.479900360107422,25.520000457763672,25.440000534057617,25.449899673461914,20216,0.0,0.0,0.0
2023-07-05 14:30:00-04:00,25.440000534057617,25.530000686645508,25.440000534057617,25.520000457763672,42242,0.0,0.0,0.0
2023-07-05 15:30:00-04:00,25.5,25.5,25.3799991607666,25.389999389648438,33163,0.0,0.0,0.0
2023-07-06 09:30:00-04:00,25.09000015258789,25.09000015258789,24.75,24.92329978942871,52174,0.0,0.0,0.0
2023-07-06 10:30:00-04:00,24.90999984741211,25.0,24.899999618530273,24.979999542236328,35209,0.0,0.0,0.0
2023-07-06 11:30:00-04:00,24.979999542236328,25.15999984741211,24.979999542236328,25.135000228881836,37921,0.0,0.0,0.0
2023-07-06 12:30:00-04:00,25.1299991607666,25.18910026550293,25.119600296020508,25.18000030517578,16408,0.0,0.0,0.0
2023-07-06 13:30:00-04:00,25.200000762939453,25.219999313354492,25.189300537109375,25.19499969482422,19455,0.0,0.0,0.0
2023-07-06 14:30:00-04:00,25.19849967956543,25.219999313354492,25.18000030517578,25.219999313354492,47119,0.0,0.0,0.0
2023-07-06 15:30:00-04:00,25.200000762939453,25.235000610351562,25.16069984436035,25.204999923706055,43021,0.0,0.0,0.0
2023-07-07 09:30:00-04:00,25.079999923706055,25.170000076293945,25.049999237060547,25.1200008392334,37302,0.0,0.0,0.0
2023-07-07 10:30:00-04:00,25.100000381469727,25.22010040283203,25.100000381469727,25.15999984741211,37780,0.0,0.0,0.0
2023-07-07 11:30:00-04:00,25.170000076293945,25.200000762939453,25.1299991607666,25.18000030517578,18489,0.0,0.0,0.0
2023-07-07 12:30:00-04:00,25.18000030517578,25.314199447631836,25.170000076293945,25.299999237060547,26670,0.0,0.0,0.0
2023-07-07 13:30:00-04:00,25.290000915527344,25.290000915527344,25.229999542236328,25.25469970703125,0,0.0,0.0,0.0
2023-07-07 14:30:00-04:00,25.25,25.25,25.190000534057617,25.190000534057617,175403,0.0,0.0,0.0
2023-07-07 15:30:00-04:00,25.200000762939453,25.229999542236328,25.139999389648438,25.139999389648438,54675,0.0,0.0,0.0
2023-07-10 09:30:00-04:00,25.079999923706055,25.219999313354492,25.030000686645508,25.110000610351562,26966,0.0,0.0,0.0
2023-07-10 10:30:00-04:00,25.1033992767334,25.1299991607666,25.049999237060547,25.100000381469727,38187,0.0,0.0,0.0
2023-07-10 11:30:00-04:00,25.100000381469727,25.190000534057617,25.100000381469727,25.190000534057617,22226,0.0,0.0,0.0
2023-07-10 12:30:00-04:00,25.190000534057617,25.235000610351562,25.170000076293945,25.235000610351562,12940,0.0,0.0,0.0
2023-07-10 13:30:00-04:00,25.2450008392334,25.280000686645508,25.229999542236328,25.243799209594727,22354,0.0,0.0,0.0
2023-07-10 14:30:00-04:00,25.2450008392334,25.270000457763672,25.204999923706055,25.219999313354492,14099,0.0,0.0,0.0
2023-07-10 15:30:00-04:00,25.229999542236328,25.270000457763672,25.21500015258789,25.270000457763672,34599,0.0,0.0,0.0
2023-07-11 09:30:00-04:00,25.309999465942383,25.399999618530273,25.270000457763672,25.3799991607666,16189,0.0,0.0,0.0
2023-07-11 10:30:00-04:00,25.3700008392334,25.450000762939453,25.329999923706055,25.440000534057617,20139,0.0,0.0,0.0
2023-07-11 11:30:00-04:00,25.450000762939453,25.510000228881836,25.450000762939453,25.459999084472656,21913,0.0,0.0,0.0
2023-07-11 12:30:00-04:00,25.46929931640625,25.510000228881836,25.46929931640625,25.479999542236328,15282,0.0,0.0,0.0
2023-07-11 13:30:00-04:00,25.479999542236328,25.5,25.440000534057617,25.450000762939453,13464,0.0,0.0,0.0
2023-07-11 14:30:00-04:00,25.469999313354492,25.544300079345703,25.469999313354492,25.540000915527344,21841,0.0,0.0,0.0
2023-07-11 15:30:00-04:00,25.540000915527344,25.629899978637695,25.520000457763672,25.610000610351562,21977,0.0,0.0,0.0
2023-07-12 09:30:00-04:00,25.90999984741211,25.989999771118164,25.850000381469727,25.864999771118164,32123,0.0,0.0,0.0
2023-07-12 10:30:00-04:00,25.860000610351562,25.90999984741211,25.81999969482422,25.850000381469727,28824,0.0,0.0,0.0
2023-07-12 11:30:00-04:00,25.860000610351562,25.93000030517578,25.829999923706055,25.899999618530273,88638,0.0,0.0,0.0
2023-07-12 12:30:00-04:00,25.90999984741211,25.96500015258789,25.90999984741211,25.959999084472656,23366,0.0,0.0,0.0
2023-07-12 13:30:00-04:00,25.949899673461914,25.954999923706055,25.90239906311035,25.90239906311035,16431,0.0,0.0,0.0
2023-07-12 14:30:00-04:00,25.90999984741211,25.924999237060547,25.81999969482422,25.81999969482422,30488,0.0,0.0,0.0
2023-07-12 15:30:00-04:00,25.829999923706055,25.8700008392334,25.729999542236328,25.739999771118164,41188,0.0,0.0,0.0
2023-07-13 09:30:00-04:00,25.780000686645508,25.780000686645508,25.610000610351562,25.690000534057617,34856,0.0,0.0,0.0
2023-07-13 10:30:00-04:00,25.719999313354492,25.749900817871094,25.670000076293945,25.729999542236328,15810,0.0,0.0,0.0
2023-07-13 11:30:00-04:00,25.75,25.809999465942383,25.739700317382812,25.767799377441406,10972,0.0,0.0,0.0
2023-07-13 12:30:00-04:00,25.780000686645508,25.799999237060547,25.75,25.78499984741211,21612,0.0,0.0,0.0
2023-07-13 13:30:00-04:00,25.790000915527344,25.815000534057617,25.774999618530273,25.80500030517578,132165,0.0,0.0,0.0
2023-07-13 14:30:00-04:00,25.80500030517578,25.850000381469727,25.799999237060547,25.844999313354492,55085,0.0,0.0,0.0
2023-07-13 15:30:00-04:00,25.844999313354492,25.924999237060547,25.844999313354492,25.90999984741211,43186,0.0,0.0,0.0
2023-07-14 09:30:00-04:00,25.850000381469727,25.850000381469727,25.709999084472656,25.75749969482422,0,0.0,0.0,0.0
2023-07-14 10:30:00-04:00,25.719999313354492,25.829999923706055,25.719999313354492,25.795000076293945,19672,0.0,0.0,0.0
2023-07-14 11:30:00-04:00,25.809999465942383,25.829999923706055,25.739999771118164,25.774999618530273,14865,0.0,0.0,0.0
2023-07-14 12:30:00-04:00,25.771900177001953,25.809999465942383,25.760000228881836,25.799999237060547,12150,0.0,0.0,0.0
2023-07-14 13:30:00-04:00,25.79010009765625,25.850000381469727,25.79010009765625,25.838899612426758,23382,0.0,0.0,0.0
2023-07-14 14:30:00-04:00,25.829999923706055,25.88010025024414,25.829999923706055,25.860000610351562,33026,0.0,0.0,0.0
2023-07-14 15:30:00-04:00,25.868999481201172,25.88990020751953,25.844999313354492,25.860000610351562,28390,0.0,0.0,0.0
2023-07-17 09:30:00-04:00,25.799999237060547,25.8799991607666,25.690000534057617,25.829999923706055,21188,0.0,0.0,0.0
2023-07-17 10:30:00-04:00,25.780000686645508,25.799999237060547,25.735000610351562,25.749900817871094,12106,0.0,0.0,0.0
2023-07-17 11:30:00-04:00,25.75,25.80500030517578,25.744600296020508,25.790000915527344,14487,0.0,0.0,0.0
2023-07-17 12:30:00-04:00,25.799999237060547,25.81999969482422,25.709999084472656,25.739999771118164,10307,0.0,0.0,0.0
2023-07-17 13:30:00-04:00,25.7450008392334,25.774999618530273,25.709999084472656,25.719900131225586,15014,0.0,0.0,0.0
2023-07-17 14:30:00-04:00,25.714000701904297,25.75,25.694700241088867,25.71419906616211,28551,0.0,0.0,0.0
2023-07-17 15:30:00-04:00,25.719999313354492,25.760000228881836,25.700000762939453,25.709999084472656,19700,0.0,0.0,0.0
2023-07-18 09:30:00-04:00,25.75,25.75,25.579999923706055,25.690000534057617,29023,0.0,0.0,0.0
2023-07-18 10:30:00-04:00,25.690000534057617,25.700000762939453,25.530000686645508,25.56999969482422,26308,0.0,0.0,0.0
2023-07-18 11:30:00-04:00,25.559999465942383,25.579999923706055,25.350000381469727,25.3799991607666,21921,0.0,0.0,0.0
2023-07-18 12:30:00-04:00,25.397600173950195,25.4375,25.36280059814453,25.38010025024414,13401,0.0,0.0,0.0
2023-07-18 13:30:00-04:00,25.3799991607666,25.450000762939453,25.360000610351562,25.450000762939453,72259,0.0,0.0,0.0
2023-07-18 14:30:00-04:00,25.479999542236328,25.540000915527344,25.45159912109375,25.511499404907227,32951,0.0,0.0,0.0
2023-07-18 15:30:00-04:00,25.510000228881836,25.56999969482422,25.5,25.549999237060547,27591,0.0,0.0,0.0
2023-07-19 09:30:00-04:00,25.68000030517578,25.950000762939453,25.68000030517578,25.809999465942383,28857,0.0,0.0,0.0
2023-07-19 10:30:00-04:00,25.825000762939453,25.825000762939453,25.719999313354492,25.719999313354492,20934,0.0,0.0,0.0
2023-07-19 11:30:00-04:00,25.7539005279541,25.829999923706055,25.7539005279541,25.825000762939453,18937,0.0,0.0,0.0
2023-07-19 12:30:00-04:00,25.81999969482422,25.840599060058594,25.780000686645508,25.81999969482422,11565,0.0,0.0,0.0
2023-07-19 13:30:00-04:00,25.81999969482422,25.8700008392334,25.808799743652344,25.849899291992188,15187,0.0,0.0,0.0
2023-07-19 14:30:00-04:00,25.859399795532227,25.91990089416504,25.850000381469727,25.90999984741211,29518,0.0,0.0,0.0
2023-07-19 15:30:00-04:00,25.90999984741211,25.90999984741211,25.825000762939453,25.84000015258789,34640,0.0,0.0,0.0
2023-07-20 09:30:00-04:00,25.729999542236328,25.729999542236328,25.440000534057617,25.6299991607666,56327,0.0,0.0,0.0
2023-07-20 10:30:00-04:00,25.639999389648438,25.690000534057617,25.569900512695312,25.59000015258789,39646,0.0,0.0,0.0
2023-07-20 11:30:00-04:00,25.59000015258789,25.729999542236328,25.59000015258789,25.727699279785156,29160,0.0,0.0,0.0
2023-07-20 12:30:00-04:00,25.719999313354492,25.739999771118164,25.634700775146484,25.639999389648438,18047,0.0,0.0,0.0
2023-07-20 13:30:00-04:00,25.6299991607666,25.690000534057617,25.610000610351562,25.649999618530273,20060,0.0,0.0,0.0
2023-07-20 14:30:00-04:00,25.649999618530273,25.739999771118164,25.649999618530273,25.690000534057617,20123,0.0,0.0,0.0
2023-07-20 15:30:00-04:00,25.699100494384766,25.770000457763672,25.690000534057617,25.770000457763672,16534,0.0,0.0,0.0
2023-07-21 09:30:00-04:00,25.84000015258789,25.8700008392334,25.770000457763672,25.860000610351562,28262,0.0,0.0,0.0
2023-07-21 10:30:00-04:00,25.860000610351562,25.915000915527344,25.850000381469727,25.8799991607666,24040,0.0,0.0,0.0
2023-07-21 11:30:00-04:00,25.892200469970703,25.950000762939453,25.8799991607666,25.910200119018555,27165,0.0,0.0,0.0
2023-07-21 12:30:00-04:00,25.920000076293945,25.940000534057617,25.888900756835938,25.909900665283203,17596,0.0,0.0,0.0
2023-07-21 13:30:00-04:00,25.899900436401367,25.940000534057617,25.889999389648438,25.940000534057617,9176,0.0,0.0,0.0
2023-07-21 14:30:00-04:00,25.950000762939453,25.950000762939453,25.8700008392334,25.8799991607666,21005,0.0,0.0,0.0
2023-07-21 15:30:00-04:00,25.8799991607666,25.905000686645508,25.8700008392334,25.8700008392334,29311,0.0,0.0,0.0
2023-07-24 09:30:00-04:00,25.8799991607666,26.1200008392334,25.8799991607666,25.899999618530273,30706,0.0,0.0,0.0
2023-07-24 10:30:00-04:00,25.90999984741211,26.0,25.90999984741211,25.969999313354492,16421,0.0,0.0,0.0
2023-07-24 11:30:00-04:00,26.0,26.079999923706055,25.989999771118164,26.079999923706055,17530,0.0,0.0,0.0
2023-07-24 12:30:00-04:00,26.06999969482422,26.08009910583496,26.030000686645508,26.079999923706055,23593,0.0,0.0,0.0
2023-07-24 13:30:00-04:00,26.079999923706055,26.09000015258789,26.049999237060547,26.079999923706055,15714,0.0,0.0,0.0
2023-07-24 14:30:00-04:00,26.079999923706055,26.084999084472656,26.030000686645508,26.030000686645508,27330,0.0,0.0,0.0
2023-07-24 15:30:00-04:00,26.030000686645508,26.100000381469727,26.010000228881836,26.09000015258789,42996,0.0,0.0,0.0
2023-07-25 09:30:00-04:00,26.030000686645508,26.170000076293945,25.989999771118164,26.030000686645508,29885,0.0,0.0,0.0
2023-07-25 10:30:00-04:00,26.020000457763672,26.100000381469727,26.010000228881836,26.06999969482422,18429,0.0,0.0,0.0
2023-07-25 11:30:00-04:00,26.08060073852539,26.08060073852539,25.975000381469727,25.979999542236328,7999,0.0,0.0,0.0
2023-07-25 12:30:00-04:00,25.979999542236328,26.010000228881836,25.924999237060547,25.93000030517578,12112,0.0,0.0,0.0
2023-07-25 13:30:00-04:00,25.939899444580078,26.029499053955078,25.920000076293945,26.010000228881836,10966,0.0,0.0,0.0
2023-07-25 14:30:00-04:00,26.020000457763672,26.024999618530273,25.96500015258789,25.96500015258789,57218,0.0,0.0,0.0
2023-07-25 15:30:00-04:00,25.959999084472656,25.959999084472656,25.889999389648438,25.90999984741211,26928,0.0,0.0,0.0
2023-07-26 09:30:00-04:00,25.84000015258789,26.079500198364258,25.84000015258789,25.910200119018555,14453,0.0,0.0,0.0
2023-07-26 10:30:00-04:00,25.90999984741211,26.049999237060547,25.90999984741211,26.0,16334,0.0,0.0,0.0
2023-07-26 11:30:00-04:00,26.0,26.020000457763672,25.979999542236328,26.014999389648438,24356,0.0,0.0,0.0
2023-07-26 12:30:00-04:00,26.020000457763672,26.020099639892578,25.94930076599121,25.950700759887695,13303,0.0,0.0,0.0
2023-07-26 13:30:00-04:00,25.950000762939453,25.969999313354492,25.915000915527344,25.920000076293945,17753,0.0,0.0,0.0
2023-07-26 14:30:00-04:00,25.899999618530273,26.030000686645508,25.889999389648438,25.934099197387695,45176,0.0,0.0,0.0
2023-07-26 15:30:00-04:00,25.93000030517578,26.030000686645508,25.93000030517578,26.030000686645508,15442,0.0,0.0,0.0
2023-07-27 09:30:00-04:00,26.149999618530273,26.219999313354492,25.979999542236328,26.005399703979492,17486,0.0,0.0,0.0
2023-07-27 10:30:00-04:00,25.971399307250977,25.971399307250977,25.639999389648438,25.639999389648438,12328,0.0,0.0,0.0
2023-07-27 11:30:00-04:00,25.648300170898438,25.789899826049805,25.648300170898438,25.769899368286133,9592,0.0,0.0,0.0
2023-07-27 12:30:00-04:00,25.760000228881836,25.780000686645508,25.729999542236328,25.729999542236328,7421,0.0,0.0,0.0
2023-07-27 13:30:00-04:00,25.709999084472656,25.729999542236328,25.610000610351562,25.6200008392334,24267,0.0,0.0,0.0
2023-07-27 14:30:00-04:00,25.602500915527344,25.610000610351562,25.510000228881836,25.520099639892578,27742,0.0,0.0,0.0
2023-07-27 15:30:00-04:00,25.530000686645508,25.549999237060547,25.459999084472656,25.469999313354492,26061,0.0,0.0,0.0
2023-07-28 09:30:00-04:00,25.700000762939453,25.770000457763672,25.584999084472656,25.584999084472656,21504,0.0,0.0,0.0
2023-07-28 10:30:00-04:00,25.600000381469727,25.600000381469727,25.49020004272461,25.5049991607666,13481,0.0,0.0,0.0
2023-07-28 11:30:00-04:00,25.479999542236328,25.510000228881836,25.447900772094727,25.459999084472656,16456,0.0,0.0,0.0
2023-07-28 12:30:00-04:00,25.45989990234375,25.516300201416016,25.44499969482422,25.44499969482422,9136,0.0,0.0,0.0
2023-07-28 13:30:00-04:00,25.440000534057617,25.485000610351562,25.399999618530273,25.469999313354492,22299,0.0,0.0,0.0
2023-07-28 14:30:00-04:00,25.473100662231445,25.520000457763672,25.469999313354492,25.479999542236328,26373,0.0,0.0,0.0
2023-07-28 15:30:00-04:00,25.475000381469727,25.479999542236328,25.43000030517578,25.450000762939453,17910,0.0,0.0,0.0
2023-07-31 09:30:00-04:00,25.489999771118164,25.740100860595703,25.450000762939453,25.739999771118164,28475,0.0,0.0,0.0
2023-07-31 10:30:00-04:00,25.743900299072266,25.743900299072266,25.600000381469727,25.6200008392334,14375,0.0,0.0,0.0
2023-07-31 11:30:00-04:00,25.670000076293945,25.670000076293945,25.600000381469727,25.610300064086914,38649,0.0,0.0,0.0
2023-07-31 12:30:00-04:00,25.6200008392334,25.6299991607666,25.559999465942383,25.575000762939453,19839,0.0,0.0,0.0
2023-07-31 13:30:00-04:00,25.579999923706055,25.600000381469727,25.559999465942383,25.56999969482422,21550,0.0,0.0,0.0
2023-07-31 14:30:00-04:00,25.56999969482422,25.57990074157715,25.524999618530273,25.56999969482422,17436,0.0,0.0,0.0
2023-07-31 15:30:00-04:00,25.56999969482422,25.600000381469727,25.545000076293945,25.600000381469727,45937,0.0,0.0,0.0
2023-08-01 09:30:00-04:00,25.579999923706055,25.649999618530273,25.450000762939453,25.459999084472656,75299,0.0,0.0,0.0
2023-08-01 10:30:00-04:00,25.450000762939453,25.530000686645508,25.450000762939453,25.520000457763672,22507,0.0,0.0,0.0
2023-08-01 11:30:00-04:00,25.510000228881836,25.520000457763672,25.43790054321289,25.459999084472656,7518,0.0,0.0,0.0
2023-08-01 12:30:00-04:00,25.479999542236328,25.5669002532959,25.469999313354492,25.549999237060547,12939,0.0,0.0,0.0
2023-08-01 13:30:00-04:00,25.549999237060547,25.579999923706055,25.530099868774414,25.54330062866211,22157,0.0,0.0,0.0
2023-08-01 14:30:00-04:00,25.549999237060547,25.59000015258789,25.549999237060547,25.549999237060547,54180,0.0,0.0,0.0
2023-08-01 15:30:00-04:00,25.569900512695312,25.59000015258789,25.5049991607666,25.559999465942383,25825,0.0,0.0,0.0
2023-08-02 09:30:00-04:00,25.360000610351562,25.459999084472656,25.290000915527344,25.350000381469727,32456,0.0,0.0,0.0
2023-08-02 10:30:00-04:00,25.34000015258789,25.395599365234375,25.26919937133789,25.31999969482422,13295,0.0,0.0,0.0
2023-08-02 11:30:00-04:00,25.3700008392334,25.450000762939453,25.350000381469727,25.399999618530273,20124,0.0,0.0,0.0
2023-08-02 12:30:00-04:00,25.40999984741211,25.469999313354492,25.395000457763672,25.40999984741211,14629,0.0,0.0,0.0
2023-08-02 13:30:00-04:00,25.420000076293945,25.440000534057617,25.38990020751953,25.415199279785156,16383,0.0,0.0,0.0
2023-08-02 14:30:00-04:00,25.429800033569336,25.429800033569336,25.375,25.3799991607666,98087,0.0,0.0,0.0
2023-08-02 15:30:00-04:00,25.389999389648438,25.440000534057617,25.389999389648438,25.420000076293945,22680,0.0,0.0,0.0
2023-08-03 09:30:00-04:00,25.15999984741211,25.15999984741211,24.8700008392334,24.889999389648438,48283,0.0,0.0,0.0
2023-08-03 10:30:00-04:00,24.8700008392334,24.920000076293945,24.83810043334961,24.84320068359375,21090,0.0,0.0,0.0
2023-08-03 11:30:00-04:00,24.829999923706055,24.90999984741211,24.809999465942383,24.889999389648438,16990,0.0,0.0,0.0
2023-08-03 12:30:00-04:00,24.905000686645508,25.059999465942383,24.897899627685547,25.020000457763672,11126,0.0,0.0,0.0
2023-08-03 13:30:00-04:00,25.020000457763672,25.059999465942383,24.9950008392334,25.049999237060547,12235,0.0,0.0,0.0
2023-08-03 14:30:00-04:00,25.059999465942383,25.135000228881836,25.030000686645508,25.094999313354492,33297,0.0,0.0,0.0
2023-08-03 15:30:00-04:00,25.09000015258789,25.1560001373291,25.084999084472656,25.139999389648438,16790,0.0,0.0,0.0
2023-08-04 09:30:00-04:00,25.079999923706055,25.244300842285156,24.989999771118164,25.239999771118164,20617,0.0,0.0,0.0
2023-08-04 10:30:00-04:00,25.260000228881836,25.290000915527344,25.229999542236328,25.25,19271,0.0,0.0,0.0
2023-08-04 11:30:00-04:00,25.25,25.280000686645508,25.200000762939453,25.280000686645508,12128,0.0,0.0,0.0
2023-08-04 12:30:00-04:00,25.25,25.290000915527344,25.180299758911133,25.190000534057617,11262,0.0,0.0,0.0
2023-08-04 13:30:00-04:00,25.190000534057617,25.190000534057617,24.920000076293945,24.959999084472656,12253,0.0,0.0,0.0
2023-08-04 14:30:00-04:00,24.940000534057617,24.950000762939453,24.850000381469727,24.8700008392334,21487,0.0,0.0,0.0
2023-08-04 15:30:00-04:00,24.8882999420166,24.93000030517578,24.86520004272461,24.93000030517578,18284,0.0,0.0,0.0
2023-08-07 09:30:00-04:00,24.959999084472656,25.100000381469727,24.959999084472656,25.09000015258789,14294,0.0,0.0,0.0
2023-08-07 10:30:00-04:00,25.13010025024414,25.2007999420166,25.1299991607666,25.19499969482422,14231,0.0,0.0,0.0
2023-08-07 11:30:00-04:00,25.190000534057617,25.190000534057617,25.110000610351562,25.170000076293945,9828,0.0,0.0,0.0
2023-08-07 12:30:00-04:00,25.159000396728516,25.204999923706055,25.139999389648438,25.170000076293945,11392,0.0,0.0,0.0
2023-08-07 13:30:00-04:00,25.170000076293945,25.190099716186523,25.15999984741211,25.18000030517578,9260,0.0,0.0,0.0
2023-08-07 14:30:00-04:00,25.17009925842285,25.239999771118164,25.17009925842285,25.209999084472656,30174,0.0,0.0,0.0
2023-08-07 15:30:00-04:00,25.209999084472656,25.25,25.205699920654297,25.235000610351562,13594,0.0,0.0,0.0
2023-08-08 09:30:00-04:00,25.030000686645508,25.030000686645508,24.860000610351562,24.8700008392334,28092,0.0,0.0,0.0
2023-08-08 10:30:00-04:00,24.8700008392334,24.90999984741211,24.850000381469727,24.899999618530273,33503,0.0,0.0,0.0
2023-08-08 11:30:00-04:00,24.889999389648438,24.940000534057617,24.8799991607666,24.920000076293945,11202,0.0,0.0,0.0
2023-08-08 12:30:00-04:00,24.937000274658203,24.989999771118164,24.933900833129883,24.950000762939453,12716,0.0,0.0,0.0
2023-08-08 13:30:00-04:00,24.950000762939453,24.989999771118164,24.93000030517578,24.985000610351562,16177,0.0,0.0,0.0
2023-08-08 14:30:00-04:00,24.999500274658203,25.100000381469727,24.999500274658203,25.100000381469727,19181,0.0,0.0,0.0
2023-08-08 15:30:00-04:00,25.100000381469727,25.135000228881836,25.06999969482422,25.06999969482422,0,0.0,0.0,0.0
2023-08-09 09:30:00-04:00,25.0,25.09000015258789,24.93000030517578,25.0851993560791,23694,0.0,0.0,0.0
2023-08-09 10:30:00-04:00,25.097400665283203,25.149999618530273,25.059999465942383,25.06999969482422,24096,0.0,0.0,0.0
2023-08-09 11:30:00-04:00,25.049999237060547,25.06730079650879,24.989999771118164,25.0,5020,0.0,0.0,0.0
2023-08-09 12:30:00-04:00,25.020000457763672,25.1200008392334,25.020000457763672,25.110000610351562,18265,0.0,0.0,0.0
2023-08-09 13:30:00-04:00,25.114999771118164,25.200000762939453,25.114999771118164,25.190399169921875,11692,0.0,0.0,0.0
2023-08-09 14:30:00-04:00,25.200000762939453,25.216699600219727,25.114999771118164,25.149999618530273,17545,0.0,0.0,0.0
2023-08-09 15:30:00-04:00,25.144500732421875,25.144500732421875,25.049999237060547,25.079999923706055,18419,0.0,0.0,0.0
2023-08-10 09:30:00-04:00,25.149999618530273,25.329999923706055,25.149999618530273,25.290000915527344,0,0.0,0.0,0.0
2023-08-10 10:30:00-04:00,25.299999237060547,25.299999237060547,25.190000534057617,25.239999771118164,46719,0.0,0.0,0.0
2023-08-10 11:30:00-04:00,25.264999389648438,25.270000457763672,25.07509994506836,25.079999923706055,18982,0.0,0.0,0.0
2023-08-10 12:30:00-04:00,25.09910011291504,25.110000610351562,25.020000457763672,25.024999618530273,31688,0.0,0.0,0.0
2023-08-10 13:30:00-04:00,25.020000457763672,25.059999465942383,24.960100173950195,25.030000686645508,23756,0.0,0.0,0.0
2023-08-10 14:30:00-04:00,25.030000686645508,25.059999465942383,24.989999771118164,24.989999771118164,33698,0.0,0.0,0.0
2023-08-10 15:30:00-04:00,24.979999542236328,24.989999771118164,24.915000915527344,24.989999771118164,20032,0.0,0.0,0.0
2023-08-11 09:30:00-04:00,24.8700008392334,25.030000686645508,24.81279945373535,25.0,21096,0.0,0.0,0.0
2023-08-11 10:30:00-04:00,25.0,25.040000915527344,24.954999923706055,24.959999084472656,7700,0.0,0.0,0.0
2023-08-11 11:30:00-04:00,24.950000762939453,25.0132999420166,24.93000030517578,24.969999313354492,10373,0.0,0.0,0.0
2023-08-11 12:30:00-04:00,24.960100173950195,24.97010040283203,24.924999237060547,24.97010040283203,15020,0.0,0.0,0.0
2023-08-11 13:30:00-04:00,24.989999771118164,25.030000686645508,24.950000762939453,25.024999618530273,19597,0.0,0.0,0.0
2023-08-11 14:30:00-04:00,25.030000686645508,25.049999237060547,25.010000228881836,25.043500900268555,17315,0.0,0.0,0.0
2023-08-11 15:30:00-04:00,25.030000686645508,25.049999237060547,25.0,25.020000457763672,18021,0.0,0.0,0.0
2023-08-14 09:30:00-04:00,24.979999542236328,24.979999542236328,24.849700927734375,24.86840057373047,16830,0.0,0.0,0.0
2023-08-14 10:30:00-04:00,24.860000610351562,24.920000076293945,24.860000610351562,24.8700008392334,7588,0.0,0.0,0.0
2023-08-14 11:30:00-04:00,24.870100021362305,24.909900665283203,24.860000610351562,24.889999389648438,13534,0.0,0.0,0.0
2023-08-14 12:30:00-04:00,24.897600173950195,24.934999465942383,24.889999389648438,24.89940071105957,303628,0.0,0.0,0.0
2023-08-14 13:30:00-04:00,24.915000915527344,24.915000915527344,24.809999465942383,24.809999465942383,8007,0.0,0.0,0.0
2023-08-14 14:30:00-04:00,24.81999969482422,24.850000381469727,24.790000915527344,24.834999084472656,14136,0.0,0.0,0.0
2023-08-14 15:30:00-04:00,24.84000015258789,24.8700008392334,24.84000015258789,24.850000381469727,13648,0.0,0.0,0.0
2023-08-15 09:30:00-04:00,24.649999618530273,24.649999618530273,24.57990074157715,24.625,44341,0.0,0.0,0.0
2023-08-15 10:30:00-04:00,24.610000610351562,24.719999313354492,24.610000610351562,24.709999084472656,21764,0.0,0.0,0.0
2023-08-15 11:30:00-04:00,24.700000762939453,24.739999771118164,24.6560001373291,24.65999984741211,16034,0.0,0.0,0.0
2023-08-15 12:30:00-04:00,24.65999984741211,24.65999984741211,24.599599838256836,24.599599838256836,10171,0.0,0.0,0.0
2023-08-15 13:30:00-04:00,24.59000015258789,24.594999313354492,24.530000686645508,24.530000686645508,32247,0.0,0.0,0.0
2023-08-15 14:30:00-04:00,24.531999588012695,24.610000610351562,24.531999588012695,24.55030059814453,26362,0.0,0.0,0.0
2023-08-15 15:30:00-04:00,24.540000915527344,24.59000015258789,24.530000686645508,24.56999969482422,22117,0.0,0.0,0.0
2023-08-16 09:30:00-04:00,24.549999237060547,24.610000610351562,24.469900131225586,24.469999313354492,28836,0.0,0.0,0.0
2023-08-16 10:30:00-04:00,24.485599517822266,24.54450035095215,24.469999313354492,24.53499984741211,13756,0.0,0.0,0.0
2023-08-16 11:30:00-04:00,24.540000915527344,24.549999237060547,24.4950008392334,24.5,13737,0.0,0.0,0.0
2023-08-16 12:30:00-04:00,24.489999771118164,24.494199752807617,24.405000686645508,24.40999984741211,10162,0.0,0.0,0.0
2023-08-16 13:30:00-04:00,24.40999984741211,24.459199905395508,24.389999389648438,24.43000030517578,23934,0.0,0.0,0.0
2023-08-16 14:30:00-04:00,24.43000030517578,24.440500259399414,24.260000228881836,24.270000457763672,32637,0.0,0.0,0.0
2023-08-16 15:30:00-04:00,24.270000457763672,24.31999969482422,24.270000457763672,24.270000457763672,36027,0.0,0.0,0.0
2023-08-17 09:30:00-04:00,24.309999465942383,24.43000030517578,24.260000228881836,24.40999984741211,40193,0.0,0.0,0.0
2023-08-17 10:30:00-04:00,24.40999984741211,24.454999923706055,24.371000289916992,24.389999389648438,29572,0.0,0.0,0.0
2023-08-17 11:30:00-04:00,24.399999618530273,24.40999984741211,24.299999237060547,24.360000610351562,23439,0.0,0.0,0.0
2023-08-17 12:30:00-04:00,24.357999801635742,24.357999801635742,24.299999237060547,24.299999237060547,14541,0.0,0.0,0.0
2023-08-17 13:30:00-04:00,24.309999465942383,24.309999465942383,24.274999618530273,24.280000686645508,14919,0.0,0.0,0.0
2023-08-17 14:30:00-04:00,24.280099868774414,24.284700393676758,24.149999618530273,24.209999084472656,86603,0.0,0.0,0.0
2023-08-17 15:30:00-04:00,24.229999542236328,24.229999542236328,24.06999969482422,24.075000762939453,32953,0.0,0.0,0.0
2023-08-18 09:30:00-04:00,23.940000534057617,24.149999618530273,23.899999618530273,24.040000915527344,26109,0.0,0.0,0.0
2023-08-18 10:30:00-04:00,24.07979965209961,24.139999389648438,24.047500610351562,24.110000610351562,18321,0.0,0.0,0.0
2023-08-18 11:30:00-04:00,24.110000610351562,24.17009925842285,24.084299087524414,24.155000686645508,15827,0.0,0.0,0.0
2023-08-18 12:30:00-04:00,24.1299991607666,24.149999618530273,24.082500457763672,24.104999542236328,7401,0.0,0.0,0.0
2023-08-18 13:30:00-04:00,24.100000381469727,24.139999389648438,24.09000015258789,24.104999542236328,12665,0.0,0.0,0.0
2023-08-18 14:30:00-04:00,24.090200424194336,24.129199981689453,24.08009910583496,24.125,21826,0.0,0.0,0.0
2023-08-18 15:30:00-04:00,24.1200008392334,24.200000762939453,24.110000610351562,24.139999389648438,41373,0.0,0.0,0.0
2023-08-21 09:30:00-04:00,24.145099639892578,24.145099639892578,23.959999084472656,23.959999084472656,37600,0.0,0.0,0.0
2023-08-21 10:30:00-04:00,23.93000030517578,23.940000534057617,23.780000686645508,23.790000915527344,17832,0.0,0.0,0.0
2023-08-21 11:30:00-04:00,23.799999237060547,23.809999465942383,23.739999771118164,23.80500030517578,24208,0.0,0.0,0.0
2023-08-21 12:30:00-04:00,23.80500030517578,23.860000610351562,23.790000915527344,23.860000610351562,10816,0.0,0.0,0.0
2023-08-21 13:30:00-04:00,23.860000610351562,23.900299072265625,23.860000610351562,23.8700008392334,13132,0.0,0.0,0.0
2023-08-21 14:30:00-04:00,23.8799991607666,23.97010040283203,23.879100799560547,23.95989990234375,18555,0.0,0.0,0.0
2023-08-21 15:30:00-04:00,23.95989990234375,24.0,23.920000076293945,23.920000076293945,21497,0.0,0.0,0.0
2023-08-22 09:30:00-04:00,23.979999542236328,24.06999969482422,23.927900314331055,23.979999542236328,25389,0.0,0.0,0.0
2023-08-22 10:30:00-04:00,23.969999313354492,24.0,23.94420051574707,23.989999771118164,16167,0.0,0.0,0.0
2023-08-22 11:30:00-04:00,23.997800827026367,24.009899139404297,23.969999313354492,24.0,11771,0.0,0.0,0.0
2023-08-22 12:30:00-04:00,24.026199340820312,24.040000915527344,23.979999542236328,24.0,13005,0.0,0.0,0.0
2023-08-22 13:30:00-04:00,24.010000228881836,24.014999389648438,23.969999313354492,24.010499954223633,19624,0.0,0.0,0.0
2023-08-22 14:30:00-04:00,24.030000686645508,24.09429931640625,24.020000457763672,24.042699813842773,23178,0.0,0.0,0.0
2023-08-22 15:30:00-04:00,24.049999237060547,24.049999237060547,24.0,24.0,19399,0.0,0.0,0.0
2023-08-23 09:30:00-04:00,24.1200008392334,24.295000076293945,24.1200008392334,24.25,15059,0.0,0.0,0.0
2023-08-23 10:30:00-04:00,24.25,24.290000915527344,24.239900588989258,24.280000686645508,18400,0.0,0.0,0.0
2023-08-23 11:30:00-04:00,24.28499984741211,24.315000534057617,24.264999389648438,24.309999465942383,17934,0.0,0.0,0.0
2023-08-23 12:30:00-04:00,24.34000015258789,24.350000381469727,24.324100494384766,24.350000381469727,26332,0.0,0.0,0.0
2023-08-23 13:30:00-04:00,24.36989974975586,24.40999984741211,24.36989974975586,24.389999389648438,22643,0.0,0.0,0.0
2023-08-23 14:30:00-04:00,24.384199142456055,24.399999618530273,24.36989974975586,24.393299102783203,24914,0.0,0.0,0.0
2023-08-23 15:30:00-04:00,24.399999618530273,24.40999984741211,24.360000610351562,24.3799991607666,14502,0.0,0.0,0.0
2023-08-24 09:30:00-04:00,24.399999618530273,24.709999084472656,24.399999618530273,24.68000030517578,21172,0.0,0.0,0.0
2023-08-24 10:30:00-04:00,24.68000030517578,24.68000030517578,24.489999771118164,24.489999771118164,16853,0.0,0.0,0.0
2023-08-24 11:30:00-04:00,24.5,24.5,24.399999618530273,24.399999618530273,15256,0.0,0.0,0.0
2023-08-24 12:30:00-04:00,24.389999389648438,24.40999984741211,24.334299087524414,24.34000015258789,10104,0.0,0.0,0.0
2023-08-24 13:30:00-04:00,24.329999923706055,24.350000381469727,24.274999618530273,24.290000915527344,16710,0.0,0.0,0.0
2023-08-24 14:30:00-04:00,24.290000915527344,24.360000610351562,24.270000457763672,24.360000610351562,13865,0.0,0.0,0.0
2023-08-24 15:30:00-04:00,24.3700008392334,24.3799991607666,24.280000686645508,24.280000686645508,0,0.0,0.0,0.0
2023-08-25 09:30:00-04:00,24.329999923706055,24.469999313354492,24.299999237060547,24.350000381469727,24728,0.0,0.0,0.0
2023-08-25 10:30:00-04:00,24.309999465942383,24.360000610351562,24.209999084472656,24.360000610351562,16205,0.0,0.0,0.0
2023-08-25 11:30:00-04:00,24.3799991607666,24.389999389648438,24.309999465942383,24.3799991607666,15431,0.0,0.0,0.0
2023-08-25 12:30:00-04:00,24.3799991607666,24.3799991607666,24.290000915527344,24.290000915527344,16124,0.0,0.0,0.0
2023-08-25 13:30:00-04:00,24.299999237060547,24.3799991607666,24.270000457763672,24.3799991607666,12403,0.0,0.0,0.0
2023-08-25 14:30:00-04:00,24.389999389648438,24.43000030517578,24.3799991607666,24.40999984741211,14435,0.0,0.0,0.0
2023-08-25 15:30:00-04:00,24.40999984741211,24.40999984741211,24.299999237060547,24.309999465942383,16297,0.0,0.0,0.0
2023-08-28 09:30:00-04:00,24.389999389648438,24.639999389648438,24.389999389648438,24.6299991607666,23801,0.0,0.0,0.0
2023-08-28 10:30:00-04:00,24.63640022277832,24.649999618530273,24.55699920654297,24.56999969482422,13771,0.0,0.0,0.0
2023-08-28 11:30:00-04:00,24.559999465942383,24.59000015258789,24.540000915527344,24.579999923706055,15535,0.0,0.0,0.0
2023-08-28 12:30:00-04:00,24.560100555419922,24.649999618530273,24.559900283813477,24.600000381469727,10356,0.0,0.0,0.0
2023-08-28 13:30:00-04:00,24.61440086364746,24.6200008392334,24.530000686645508,24.534500122070312,9882,0.0,0.0,0.0
2023-08-28 14:30:00-04:00,24.549800872802734,24.59000015258789,24.549800872802734,24.550500869750977,16488,0.0,0.0,0.0
2023-08-28 15:30:00-04:00,24.549999237060547,24.600000381469727,24.530000686645508,24.549999237060547,48385,0.0,0.0,0.0
2023-08-29 09:30:00-04:00,24.489999771118164,24.690000534057617,24.440000534057617,24.67889976501465,30760,0.0,0.0,0.0
2023-08-29 10:30:00-04:00,24.68000030517578,24.690000534057617,24.594999313354492,24.640899658203125,25009,0.0,0.0,0.0
2023-08-29 11:30:00-04:00,24.649999618530273,24.75469970703125,24.649999618530273,24.75,16468,0.0,0.0,0.0
2023-08-29 12:30:00-04:00,24.760000228881836,24.778200149536133,24.729999542236328,24.770000457763672,12552,0.0,0.0,0.0
2023-08-29 13:30:00-04:00,24.764999389648438,24.780000686645508,24.719999313354492,24.719999313354492,17762,0.0,0.0,0.0
2023-08-29 14:30:00-04:00,24.729999542236328,24.7549991607666,24.709999084472656,24.7450008392334,21762,0.0,0.0,0.0
2023-08-29 15:30:00-04:00,24.75,24.829999923706055,24.739999771118164,24.829999923706055,0,0.0,0.0,0.0
2023-08-30 09:30:00-04:00,24.84000015258789,24.979999542236328,24.81999969482422,24.8700008392334,28599,0.0,0.0,0.0
2023-08-30 10:30:00-04:00,24.8799991607666,24.90399932861328,24.81999969482422,24.81999969482422,98575,0.0,0.0,0.0
2023-08-30 11:30:00-04:00,24.81999969482422,24.889999389648438,24.81999969482422,24.8700008392334,12204,0.0,0.0,0.0
2023-08-30 12:30:00-04:00,24.8799991607666,24.895000457763672,24.863300323486328,24.88559913635254,14516,0.0,0.0,0.0
2023-08-30 13:30:00-04:00,24.889999389648438,24.920000076293945,24.8700008392334,24.8799991607666,14148,0.0,0.0,0.0
2023-08-30 14:30:00-04:00,24.8700008392334,24.940000534057617,24.8700008392334,24.920000076293945,17781,0.0,0.0,0.0
2023-08-30 15:30:00-04:00,24.920000076293945,24.920000076293945,24.895000457763672,24.90999984741211,15076,0.0,0.0,0.0
2023-08-31 09:30:00-04:00,24.920000076293945,24.95009994506836,24.84000015258789,24.850000381469727,29673,0.0,0.0,0.0
2023-08-31 10:30:00-04:00,24.850000381469727,24.854999542236328,24.829999923706055,24.84239959716797,14690,0.0,0.0,0.0
2023-08-31 11:30:00-04:00,24.850000381469727,24.860000610351562,24.809999465942383,24.829999923706055,19868,0.0,0.0,0.0
2023-08-31 12:30:00-04:00,24.81999969482422,24.81999969482422,24.780000686645508,24.804100036621094,13451,0.0,0.0,0.0
2023-08-31 13:30:00-04:00,24.815000534057617,24.850000381469727,24.809999465942383,24.83989906311035,18139,0.0,0.0,0.0
2023-08-31 14:30:00-04:00,24.81999969482422,24.81999969482422,24.73189926147461,24.780000686645508,0,0.0,0.0,0.0
2023-08-31 15:30:00-04:00,24.774999618530273,24.799999237060547,24.753999710083008,24.760000228881836,153736,0.0,0.0,0.0
2023-09-01 09:30:00-04:00,24.8799991607666,24.959999084472656,24.81999969482422,24.920000076293945,28436,0.0,0.0,0.0
2023-09-01 10:30:00-04:00,24.90999984741211,24.90999984741211,24.829999923706055,24.829999923706055,14379,0.0,0.0,0.0
2023-09-01 11:30:00-04:00,24.81999969482422,24.825000762939453,24.739999771118164,24.770000457763672,23317,0.0,0.0,0.0
2023-09-01 12:30:00-04:00,24.768999099731445,24.768999099731445,24.709999084472656,24.709999084472656,16390,0.0,0.0,0.0
2023-09-01 13:30:00-04:00,24.719999313354492,24.764999389648438,24.709999084472656,24.72249984741211,18804,0.0,0.0,0.0
2023-09-01 14:30:00-04:00,24.725000381469727,24.760000228881836,24.71500015258789,24.7549991607666,19680,0.0,0.0,0.0
2023-09-01 15:30:00-04:00,24.75979995727539,24.780000686645508,24.71500015258789,24.75,40371,0.0,0.0,0.0
2023-09-05 09:30:00-04:00,24.700000762939453,24.739999771118164,24.579999923706055,24.645000457763672,32789,0.0,0.0,0.0
2023-09-05 10:30:00-04:00,24.635000228881836,24.68000030517578,24.579999923706055,24.635000228881836,22411,0.0,0.0,0.0
2023-09-05 11:30:00-04:00,24.6200008392334,24.639999389648438,24.579999923706055,24.610000610351562,21392,0.0,0.0,0.0
2023-09-05 12:30:00-04:00,24.600000381469727,24.6200008392334,24.49449920654297,24.4950008392334,31337,0.0,0.0,0.0
2023-09-05 13:30:00-04:00,24.479999542236328,24.530000686645508,24.479999542236328,24.520000457763672,12989,0.0,0.0,0.0
2023-09-05 14:30:00-04:00,24.520000457763672,24.540000915527344,24.489999771118164,24.510000228881836,10901,0.0,0.0,0.0
2023-09-05 15:30:00-04:00,24.514999389648438,24.530000686645508,24.479999542236328,24.479999542236328,0,0.0,0.0,0.0
2023-09-06 09:30:00-04:00,24.479999542236328,24.530000686645508,24.42300033569336,24.440000534057617,22582,0.0,0.0,0.0
2023-09-06 10:30:00-04:00,24.43000030517578,24.43000030517578,24.34000015258789,24.360000610351562,22479,0.0,0.0,0.0
2023-09-06 11:30:00-04:00,24.350000381469727,24.364999771118164,24.31999969482422,24.31999969482422,9911,0.0,0.0,0.0
2023-09-06 12:30:00-04:00,24.290000915527344,24.299999237060547,24.259899139404297,24.299999237060547,11787,0.0,0.0,0.0
2023-09-06 13:30:00-04:00,24.299999237060547,24.34469985961914,24.290000915527344,24.34469985961914,24974,0.0,0.0,0.0
2023-09-06 14:30:00-04:00,24.350000381469727,24.394699096679688,24.34000015258789,24.394699096679688,7616,0.0,0.0,0.0
2023-09-06 15:30:00-04:00,24.399999618530273,24.459999084472656,24.399999618530273,24.450000762939453,0,0.0,0.0,0.0
2023-09-07 09:30:00-04:00,24.3799991607666,24.479999542236328,24.3799991607666,24.424999237060547,24243,0.0,0.0,0.0
2023-09-07 10:30:00-04:00,24.43000030517578,24.489999771118164,24.420000076293945,24.489999771118164,8401,0.0,0.0,0.0
2023-09-07 11:30:00-04:00,24.510000228881836,24.684999465942383,24.510000228881836,24.684999465942383,5114,0.0,0.0,0.0
2023-09-07 12:30:00-04:00,24.670000076293945,24.68000030517578,24.62779998779297,24.639999389648438,9601,0.0,0.0,0.0
2023-09-07 13:30:00-04:00,24.649999618530273,24.649999618530273,24.600000381469727,24.610000610351562,10541,0.0,0.0,0.0
2023-09-07 14:30:00-04:00,24.593299865722656,24.600000381469727,24.559999465942383,24.59000015258789,18658,0.0,0.0,0.0
2023-09-07 15:30:00-04:00,24.59000015258789,24.620100021362305,24.579999923706055,24.59000015258789,14296,0.0,0.0,0.0
2023-09-08 09:30:00-04:00,24.600000381469727,24.639999389648438,24.540000915527344,24.6299991607666,15392,0.0,0.0,0.0
2023-09-08 10:30:00-04:00,24.610000610351562,24.670000076293945,24.584999084472656,24.584999084472656,13845,0.0,0.0,0.0
2023-09-08 11:30:00-04:00,24.579999923706055,24.579999923706055,24.510000228881836,24.510000228881836,13814,0.0,0.0,0.0
2023-09-08 12:30:00-04:00,24.510099411010742,24.540000915527344,24.459400177001953,24.45989990234375,10623,0.0,0.0,0.0
2023-09-08 13:30:00-04:00,24.440000534057617,24.479999542236328,24.440000534057617,24.450000762939453,11874,0.0,0.0,0.0
2023-09-08 14:30:00-04:00,24.46500015258789,24.479999542236328,24.45009994506836,24.459999084472656,11170,0.0,0.0,0.0
2023-09-08 15:30:00-04:00,24.463199615478516,24.4950008392334,24.459999084472656,24.479999542236328,9328,0.0,0.0,0.0
2023-09-11 09:30:00-04:00,24.530000686645508,24.56999969482422,24.3799991607666,24.514999389648438,22550,0.0,0.0,0.0
2023-09-11 10:30:00-04:00,24.520000457763672,24.530000686645508,24.389999389648438,24.40999984741211,12899,0.0,0.0,0.0
2023-09-11 11:30:00-04:00,24.420000076293945,24.5,24.389999389648438,24.5,11223,0.0,0.0,0.0
2023-09-11 12:30:00-04:00,24.489999771118164,24.520000457763672,24.489900588989258,24.520000457763672,9506,0.0,0.0,0.0
2023-09-11 13:30:00-04:00,24.520000457763672,24.52989959716797,24.469999313354492,24.469999313354492,11289,0.0,0.0,0.0
2023-09-11 14:30:00-04:00,24.469999313354492,24.510000228881836,24.465200424194336,24.5,15230,0.0,0.0,0.0
2023-09-11 15:30:00-04:00,24.489999771118164,24.489999771118164,24.459999084472656,24.469999313354492,0,0.0,0.0,0.0
2023-09-12 09:30:00-04:00,24.450000762939453,24.479999542236328,24.329999923706055,24.34000015258789,34110,0.0,0.0,0.0
2023-09-12 10:30:00-04:00,24.350000381469727,24.410999298095703,24.350000381469727,24.40999984741211,18895,0.0,0.0,0.0
2023-09-12 11:30:00-04:00,24.415000915527344,24.489999771118164,24.40999984741211,24.489999771118164,24376,0.0,0.0,0.0
2023-09-12 12:30:00-04:00,24.469999313354492,24.530000686645508,24.454999923706055,24.520000457763672,15493,0.0,0.0,0.0
2023-09-12 13:30:00-04:00,24.530000686645508,24.537399291992188,24.490100860595703,24.5177001953125,26600,0.0,0.0,0.0
2023-09-12 14:30:00-04:00,24.500099182128906,24.520000457763672,24.485000610351562,24.485000610351562,8821,0.0,0.0,0.0
2023-09-12 15:30:00-04:00,24.489999771118164,24.509899139404297,24.46500015258789,24.489999771118164,0,0.0,0.0,0.0
2023-09-13 09:30:00-04:00,24.459999084472656,24.489999771118164,24.387699127197266,24.420000076293945,14818,0.0,0.0,0.0
2023-09-13 10:30:00-04:00,24.415000915527344,24.459999084472656,24.40999984741211,24.424999237060547,16882,0.0,0.0,0.0
2023-09-13 11:30:00-04:00,24.420000076293945,24.43000030517578,24.299999237060547,24.299999237060547,4840,0.0,0.0,0.0
2023-09-13 12:30:00-04:00,24.302000045776367,24.316299438476562,24.264999389648438,24.290000915527344,11553,0.0,0.0,0.0
2023-09-13 13:30:00-04:00,24.280000686645508,24.290000915527344,24.22010040283203,24.239999771118164,17948,0.0,0.0,0.0
2023-09-13 14:30:00-04:00,24.290000915527344,24.29050064086914,24.170000076293945,24.190000534057617,14327,0.0,0.0,0.0
2023-09-13 15:30:00-04:00,24.190000534057617,24.219999313354492,24.190000534057617,24.209999084472656,0,0.0,0.0,0.0
2023-09-14 09:30:00-04:00,24.3799991607666,24.565000534057617,24.3799991607666,24.540000915527344,18446,0.0,0.0,0.0
2023-09-14 10:30:00-04:00,24.559600830078125,24.580900192260742,24.499900817871094,24.580900192260742,16112,0.0,0.0,0.0
2023-09-14 11:30:00-04:00,24.584999084472656,24.6299991607666,24.57900047302246,24.6200008392334,19284,0.0,0.0,0.0
2023-09-14 12:30:00-04:00,24.6200008392334,24.655000686645508,24.6200008392334,24.640100479125977,13088,0.0,0.0,0.0
2023-09-14 13:30:00-04:00,24.639999389648438,24.665000915527344,24.635000228881836,24.665000915527344,14856,0.0,0.0,0.0
2023-09-14 14:30:00-04:00,24.65999984741211,24.717500686645508,24.65999984741211,24.674999237060547,13126,0.0,0.0,0.0
2023-09-14 15:30:00-04:00,24.670000076293945,24.690000534057617,24.645000457763672,24.65999984741211,46418,0.0,0.0,0.0
2023-09-15 09:30:00-04:00,24.360000610351562,24.41990089416504,24.280000686645508,24.364999771118164,16371,0.0,0.0,0.0
2023-09-15 10:30:00-04:00,24.360000610351562,24.360000610351562,24.25,24.329999923706055,7668,0.0,0.0,0.0
2023-09-15 11:30:00-04:00,24.350000381469727,24.39069938659668,24.3262996673584,24.3700008392334,12991,0.0,0.0,0.0
2023-09-15 12:30:00-04:00,24.353200912475586,24.3799991607666,24.280000686645508,24.280000686645508,5758,0.0,0.0,0.0
2023-09-15 13:30:00-04:00,24.280000686645508,24.350000381469727,24.270000457763672,24.350000381469727,15563,0.0,0.0,0.0
2023-09-15 14:30:00-04:00,24.350000381469727,24.389999389648438,24.350000381469727,24.359899520874023,14437,0.0,0.0,0.0
2023-09-15 15:30:00-04:00,24.359899520874023,24.360000610351562,24.299999237060547,24.34000015258789,21378,0.0,0.0,0.0
2023-09-18 09:30:00-04:00,24.329999923706055,24.329999923706055,24.06999969482422,24.209999084472656,19556,0.0,0.0,0.0
2023-09-18 10:30:00-04:00,24.252099990844727,24.329599380493164,24.24959945678711,24.280000686645508,20755,0.0,0.0,0.0
2023-09-18 11:30:00-04:00,24.280000686645508,24.290000915527344,24.219999313354492,24.229999542236328,8335,0.0,0.0,0.0
2023-09-18 12:30:00-04:00,24.25,24.260000228881836,24.229999542236328,24.2549991607666,8708,0.0,0.0,0.0
2023-09-18 13:30:00-04:00,24.269100189208984,24.270000457763672,24.170000076293945,24.174699783325195,8548,0.0,0.0,0.0
2023-09-18 14:30:00-04:00,24.170000076293945,24.170000076293945,24.1200008392334,24.12470054626465,19559,0.0,0.0,0.0
2023-09-18 15:30:00-04:00,24.1200008392334,24.13640022277832,24.110000610351562,24.114999771118164,5091,0.0,0.0,0.0
2023-09-19 09:30:00-04:00,24.100000381469727,24.19499969482422,24.094999313354492,24.1299991607666,74140,0.0,0.0,0.0
2023-09-19 10:30:00-04:00,24.139999389648438,24.139999389648438,24.030000686645508,24.040000915527344,34989,0.0,0.0,0.0
2023-09-19 11:30:00-04:00,24.030000686645508,24.045000076293945,23.954999923706055,23.983299255371094,32585,0.0,0.0,0.0
2023-09-19 12:30:00-04:00,23.9950008392334,24.05500030517578,23.979999542236328,24.04840087890625,49804,0.0,0.0,0.0
2023-09-19 13:30:00-04:00,24.049999237060547,24.094999313354492,24.049999237060547,24.049999237060547,52454,0.0,0.0,0.0
2023-09-19 14:30:00-04:00,24.049999237060547,24.100000381469727,24.049999237060547,24.06999969482422,26990,0.0,0.0,0.0
2023-09-19 15:30:00-04:00,24.06999969482422,24.06999969482422,24.0049991607666,24.020000457763672,29256,0.0,0.0,0.0
2023-09-20 09:30:00-04:00,24.190000534057617,24.30500030517578,24.190000534057617,24.299999237060547,26280,0.0,0.0,0.0
2023-09-20 10:30:00-04:00,24.319900512695312,24.325000762939453,24.279300689697266,24.310100555419922,12553,0.0,0.0,0.0
2023-09-20 11:30:00-04:00,24.31999969482422,24.31999969482422,24.299999237060547,24.309900283813477,12777,0.0,0.0,0.0
2023-09-20 12:30:00-04:00,24.313100814819336,24.329999923706055,24.295000076293945,24.299400329589844,13402,0.0,0.0,0.0
2023-09-20 13:30:00-04:00,24.290000915527344,24.295000076293945,24.168699264526367,24.18000030517578,9953,0.0,0.0,0.0
2023-09-20 14:30:00-04:00,24.170000076293945,24.25,24.090299606323242,24.1200008392334,23492,0.0,0.0,0.0
2023-09-20 15:30:00-04:00,24.100000381469727,24.100000381469727,24.040000915527344,24.049999237060547,18560,0.0,0.0,0.0
2023-09-21 09:30:00-04:00,23.889999389648438,23.889999389648438,23.690000534057617,23.690000534057617,41909,0.0,0.0,0.0
2023-09-21 10:30:00-04:00,23.68000030517578,23.690000534057617,23.55500030517578,23.56999969482422,14378,0.0,0.0,0.0
2023-09-21 11:30:00-04:00,23.57699966430664,23.639999389648438,23.540000915527344,23.569499969482422,10017,0.0,0.0,0.0
2023-09-21 12:30:00-04:00,23.569900512695312,23.569900512695312,23.430400848388672,23.5,13024,0.0,0.0,0.0
2023-09-21 13:30:00-04:00,23.530000686645508,23.530000686645508,23.399999618530273,23.399999618530273,7702,0.0,0.0,0.0
2023-09-21 14:30:00-04:00,23.399999618530273,23.405000686645508,23.27519989013672,23.28730010986328,17541,0.0,0.0,0.0
2023-09-21 15:30:00-04:00,23.270000457763672,23.309499740600586,23.219999313354492,23.219999313354492,41036,0.0,0.0,0.0
2023-09-22 09:30:00-04:00,23.229999542236328,23.30970001220703,23.089599609375,23.209999084472656,37646,0.0,0.0,0.0
2023-09-22 10:30:00-04:00,23.229999542236328,23.299999237060547,23.221399307250977,23.29990005493164,15733,0.0,0.0,0.0
2023-09-22 11:30:00-04:00,23.30500030517578,23.354999542236328,23.209800720214844,23.2450008392334,8656,0.0,0.0,0.0
2023-09-22 12:30:00-04:00,23.239999771118164,23.350400924682617,23.239999771118164,23.25950050354004,20759,0.0,0.0,0.0
2023-09-22 13:30:00-04:00,23.25,23.25,23.16119956970215,23.175199508666992,16265,0.0,0.0,0.0
2023-09-22 14:30:00-04:00,23.165000915527344,23.235000610351562,23.139999389648438,23.200000762939453,22702,0.0,0.0,0.0
2023-09-22 15:30:00-04:00,23.149999618530273,23.149999618530273,23.030000686645508,23.059999465942383,33094,0.0,0.0,0.0
2023-09-25 09:30:00-04:00,22.989999771118164,23.014999389648438,22.861900329589844,22.8700008392334,21562,0.0,0.0,0.0
2023-09-25 10:30:00-04:00,22.8705997467041,22.940099716186523,22.864999771118164,22.920000076293945,12637,0.0,0.0,0.0
2023-09-25 11:30:00-04:00,22.920000076293945,23.00979995727539,22.90999984741211,23.00979995727539,11171,0.0,0.0,0.0
2023-09-25 12:30:00-04:00,23.0049991607666,23.03700065612793,22.969999313354492,22.969999313354492,11498,0.0,0.0,0.0
2023-09-25 13:30:00-04:00,22.965200424194336,23.020000457763672,22.95009994506836,23.010000228881836,15698,0.0,0.0,0.0
2023-09-25 14:30:00-04:00,23.019399642944336,23.035200119018555,22.959999084472656,23.0049991607666,19305,0.0,0.0,0.0
2023-09-25 15:30:00-04:00,22.99449920654297,23.037200927734375,22.975000381469727,23.020000457763672,17515,0.0,0.0,0.0
2023-09-26 09:30:00-04:00,22.850000381469727,22.920000076293945,22.721599578857422,22.760000228881836,30976,0.0,0.0,0.0
2023-09-26 10:30:00-04:00,22.764999389648438,22.815000534057617,22.725000381469727,22.729999542236328,20441,0.0,0.0,0.0
2023-09-26 11:30:00-04:00,22.719999313354492,22.726999282836914,22.635799407958984,22.635799407958984,19541,0.0,0.0,0.0
2023-09-26 12:30:00-04:00,22.649999618530273,22.700000762939453,22.649999618530273,22.690000534057617,29220,0.0,0.0,0.0
2023-09-26 13:30:00-04:00,22.67009925842285,22.68000030517578,22.590099334716797,22.610000610351562,18052,0.0,0.0,0.0
2023-09-26 14:30:00-04:00,22.594999313354492,22.6200008392334,22.520000457763672,22.549999237060547,39478,0.0,0.0,0.0
2023-09-26 15:30:00-04:00,22.588199615478516,22.639999389648438,22.56999969482422,22.59000015258789,43065,0.0,0.0,0.0
2023-09-27 09:30:00-04:00,22.700000762939453,22.80030059814453,22.68000030517578,22.770000457763672,0,0.0,0.0,0.0
2023-09-27 10:30:00-04:00,22.760000228881836,22.760000228881836,22.540000915527344,22.559999465942383,47040,0.0,0.0,0.0
2023-09-27 11:30:00-04:00,22.549999237060547,22.559999465942383,22.420000076293945,22.440399169921875,34352,0.0,0.0,0.0
2023-09-27 12:30:00-04:00,22.469999313354492,22.510000228881836,22.329999923706055,22.339599609375,30114,0.0,0.0,0.0
2023-09-27 13:30:00-04:00,22.343599319458008,22.469999313354492,22.343599319458008,22.465999603271484,22699,0.0,0.0,0.0
2023-09-27 14:30:00-04:00,22.520000457763672,22.6200008392334,22.520000457763672,22.59950065612793,20199,0.0,0.0,0.0
2023-09-27 15:30:00-04:00,22.559999465942383,22.579999923706055,22.43000030517578,22.440000534057617,67869,0.0,0.0,0.0
2023-09-28 09:30:00-04:00,22.469999313354492,22.68000030517578,22.469999313354492,22.559999465942383,158235,0.0,0.0,0.0
2023-09-28 10:30:00-04:00,22.530000686645508,22.649900436401367,22.510000228881836,22.6200008392334,137560,0.0,0.0,0.0
2023-09-28 11:30:00-04:00,22.645000457763672,22.700000762939453,22.639999389648438,22.69499969482422,117839,0.0,0.0,0.0
2023-09-28 12:30:00-04:00,22.744800567626953,22.744800567626953,22.6299991607666,22.670000076293945,18068,0.0,0.0,0.0
2023-09-28 13:30:00-04:00,22.639999389648438,22.70989990234375,22.6200008392334,22.70199966430664,25287,0.0,0.0,0.0
2023-09-28 14:30:00-04:00,22.690000534057617,22.75,22.636600494384766,22.739999771118164,20063,0.0,0.0,0.0
2023-09-28 15:30:00-04:00,22.739999771118164,22.743799209594727,22.645000457763672,22.68000030517578,36886,0.0,0.0,0.0
2023-09-29 09:30:00-04:00,22.959999084472656,23.059999465942383,22.860000610351562,22.889999389648438,53693,0.0,0.0,0.0
2023-09-29 10:30:00-04:00,22.920000076293945,22.969999313354492,22.860000610351562,22.86090087890625,16156,0.0,0.0,0.0
2023-09-29 11:30:00-04:00,22.860000610351562,22.8700008392334,22.770000457763672,22.799999237060547,8910,0.0,0.0,0.0
2023-09-29 12:30:00-04:00,22.790000915527344,22.799999237060547,22.639999389648438,22.670000076293945,19013,0.0,0.0,0.0
2023-09-29 13:30:00-04:00,22.704999923706055,22.729999542236328,22.610000610351562,22.68000030517578,20035,0.0,0.0,0.0
2023-09-29 14:30:00-04:00,22.66990089416504,22.819900512695312,22.65999984741211,22.729999542236328,17410,0.0,0.0,0.0
2023-09-29 15:30:00-04:00,22.75,22.829999923706055,22.700000762939453,22.729999542236328,23436,0.0,0.0,0.0
2023-10-02 09:30:00-04:00,22.649999618530273,22.75,22.559999465942383,22.559999465942383,35391,0.0,0.0,0.0
2023-10-02 10:30:00-04:00,22.559999465942383,22.600000381469727,22.5,22.58989906311035,14706,0.0,0.0,0.0
2023-10-02 11:30:00-04:00,22.584999084472656,22.584999084472656,22.31999969482422,22.34000015258789,18610,0.0,0.0,0.0
2023-10-02 12:30:00-04:00,22.299999237060547,22.34000015258789,22.25,22.325000762939453,100534,0.0,0.0,0.0
2023-10-02 13:30:00-04:00,22.333799362182617,22.360000610351562,22.229999542236328,22.229999542236328,58087,0.0,0.0,0.0
2023-10-02 14:30:00-04:00,22.239999771118164,22.299999237060547,22.18000030517578,22.280000686645508,69686,0.0,0.0,0.0
2023-10-02 15:30:00-04:00,22.280000686645508,22.334999084472656,22.270000457763672,22.329999923706055,95817,0.0,0.0,0.0
2023-10-03 09:30:00-04:00,22.219999313354492,22.27669906616211,21.956100463867188,21.956100463867188,44981,0.0,0.0,0.0
2023-10-03 10:30:00-04:00,21.950000762939453,22.0,21.8700008392334,21.909400939941406,39742,0.0,0.0,0.0
2023-10-03 11:30:00-04:00,21.899999618530273,21.969999313354492,21.834999084472656,21.940000534057617,34102,0.0,0.0,0.0
2023-10-03 12:30:00-04:00,21.959999084472656,21.959999084472656,21.899999618530273,21.90999984741211,35320,0.0,0.0,0.0
2023-10-03 13:30:00-04:00,21.91080093383789,21.91080093383789,21.825899124145508,21.84000015258789,39579,0.0,0.0,0.0
2023-10-03 14:30:00-04:00,21.853900909423828,21.889999389648438,21.84000015258789,21.84309959411621,42493,0.0,0.0,0.0
2023-10-03 15:30:00-04:00,21.857900619506836,21.889999389648438,21.81999969482422,21.8799991607666,35857,0.0,0.0,0.0
2023-10-04 09:30:00-04:00,21.989999771118164,22.088499069213867,21.81999969482422,21.81999969482422,35385,0.0,0.0,0.0
2023-10-04 10:30:00-04:00,21.850000381469727,21.969999313354492,21.739999771118164,21.960100173950195,25840,0.0,0.0,0.0
2023-10-04 11:30:00-04:00,21.959999084472656,22.024999618530273,21.8799991607666,22.024999618530273,113620,0.0,0.0,0.0
2023-10-04 12:30:00-04:00,22.030000686645508,22.049999237060547,21.969999313354492,21.98080062866211,71980,0.0,0.0,0.0
2023-10-04 13:30:00-04:00,21.979999542236328,22.030000686645508,21.969999313354492,21.985000610351562,29058,0.0,0.0,0.0
2023-10-04 14:30:00-04:00,22.020000457763672,22.139999389648438,21.989999771118164,22.100000381469727,20066,0.0,0.0,0.0
2023-10-04 15:30:00-04:00,22.089500427246094,22.149999618530273,22.084999084472656,22.1299991607666,64381,0.0,0.0,0.0
2023-10-05 09:30:00-04:00,22.1200008392334,22.24410057067871,22.030000686645508,22.149999618530273,12838,0.0,0.0,0.0
2023-10-05 10:30:00-04:00,22.149999618530273,22.149999618530273,22.014999389648438,22.079999923706055,72189,0.0,0.0,0.0
2023-10-05 11:30:00-04:00,22.079999923706055,22.194700241088867,22.06999969482422,22.194700241088867,20011,0.0,0.0,0.0
2023-10-05 12:30:00-04:00,22.18000030517578,22.200000762939453,22.119800567626953,22.13010025024414,9835,0.0,0.0,0.0
2023-10-05 13:30:00-04:00,22.139999389648438,22.239999771118164,22.125,22.239999771118164,13586,0.0,0.0,0.0
2023-10-05 14:30:00-04:00,22.270000457763672,22.299999237060547,22.229999542236328,22.25,21788,0.0,0.0,0.0
2023-10-05 15:30:00-04:00,22.280000686645508,22.290000915527344,22.260000228881836,22.270000457763672,27398,0.0,0.0,0.0
2023-10-06 09:30:00-04:00,22.09000015258789,22.09000015258789,21.864999771118164,21.989999771118164,35524,0.0,0.0,0.0
2023-10-06 10:30:00-04:00,22.010000228881836,22.170000076293945,21.989999771118164,22.170000076293945,76414,0.0,0.0,0.0
2023-10-06 11:30:00-04:00,22.18000030517578,22.420000076293945,22.18000030517578,22.31999969482422,21803,0.0,0.0,0.0
2023-10-06 12:30:00-04:00,22.309999465942383,22.350000381469727,22.280000686645508,22.34000015258789,29602,0.0,0.0,0.0
2023-10-06 13:30:00-04:00,22.3799991607666,22.43000030517578,22.33989906311035,22.43000030517578,20631,0.0,0.0,0.0
2023-10-06 14:30:00-04:00,22.420000076293945,22.469999313354492,22.350000381469727,22.3700008392334,34244,0.0,0.0,0.0
2023-10-06 15:30:00-04:00,22.39940071105957,22.399999618530273,22.309999465942383,22.315000534057617,28823,0.0,0.0,0.0
2023-10-09 09:30:00-04:00,22.200000762939453,22.38990020751953,22.200000762939453,22.3700008392334,22473,0.0,0.0,0.0
2023-10-09 10:30:00-04:00,22.350000381469727,22.520000457763672,22.34000015258789,22.520000457763672,15219,0.0,0.0,0.0
2023-10-09 11:30:00-04:00,22.539899826049805,22.559999465942383,22.459999084472656,22.459999084472656,22491,0.0,0.0,0.0
2023-10-09 12:30:00-04:00,22.459999084472656,22.48430061340332,22.41990089416504,22.48430061340332,14660,0.0,0.0,0.0
2023-10-09 13:30:00-04:00,22.510000228881836,22.629899978637695,22.510000228881836,22.629899978637695,85584,0.0,0.0,0.0
2023-10-09 14:30:00-04:00,22.62929916381836,22.65999984741211,22.579999923706055,22.605499267578125,65632,0.0,0.0,0.0
2023-10-09 15:30:00-04:00,22.600000381469727,22.600000381469727,22.55620002746582,22.59000015258789,0,0.0,0.0,0.0
2023-10-10 09:30:00-04:00,22.59000015258789,22.719999313354492,22.489999771118164,22.71500015258789,29061,0.0,0.0,0.0
2023-10-10 10:30:00-04:00,22.709999084472656,22.8700008392334,22.700000762939453,22.833099365234375,23291,0.0,0.0,0.0
2023-10-10 11:30:00-04:00,22.829999923706055,22.8700008392334,22.829999923706055,22.85930061340332,17420,0.0,0.0,0.0
2023-10-10 12:30:00-04:00,22.8700008392334,22.8799991607666,22.799999237060547,22.809999465942383,42514,0.0,0.0,0.0
2023-10-10 13:30:00-04:00,22.809999465942383,22.809999465942383,22.68239974975586,22.709999084472656,14430,0.0,0.0,0.0
2023-10-10 14:30:00-04:00,22.700000762939453,22.749900817871094,22.670000076293945,22.684999465942383,29817,0.0,0.0,0.0
2023-10-10 15:30:00-04:00,22.68000030517578,22.700000762939453,22.655000686645508,22.690000534057617,34261,0.0,0.0,0.0
2023-10-11 09:30:00-04:00,22.850000381469727,23.049999237060547,22.850000381469727,22.929899215698242,25078,0.0,0.0,0.0
2023-10-11 10:30:00-04:00,22.959999084472656,22.99850082397461,22.8799991607666,22.889999389648438,15480,0.0,0.0,0.0
2023-10-11 11:30:00-04:00,22.889999389648438,22.90999984741211,22.850000381469727,22.860000610351562,14428,0.0,0.0,0.0
2023-10-11 12:30:00-04:00,22.85700035095215,22.890100479125977,22.829999923706055,22.860000610351562,11441,0.0,0.0,0.0
2023-10-11 13:30:00-04:00,22.860000610351562,22.989999771118164,22.854999542236328,22.969999313354492,14036,0.0,0.0,0.0
2023-10-11 14:30:00-04:00,22.979900360107422,23.079999923706055,22.979900360107422,23.079999923706055,126072,0.0,0.0,0.0
2023-10-11 15:30:00-04:00,23.06999969482422,23.09000015258789,23.040000915527344,23.079999923706055,50183,0.0,0.0,0.0
2023-10-12 09:30:00-04:00,23.040000915527344,23.040000915527344,22.760000228881836,22.780000686645508,26751,0.0,0.0,0.0
2023-10-12 10:30:00-04:00,22.780000686645508,22.860000610351562,22.719999313354492,22.860000610351562,27062,0.0,0.0,0.0
2023-10-12 11:30:00-04:00,22.850000381469727,22.940000534057617,22.81999969482422,22.92620086669922,16367,0.0,0.0,0.0
2023-10-12 12:30:00-04:00,22.928499221801758,22.93000030517578,22.729999542236328,22.729999542236328,17769,0.0,0.0,0.0
2023-10-12 13:30:00-04:00,22.709999084472656,22.729999542236328,22.639999389648438,22.684999465942383,15649,0.0,0.0,0.0
2023-10-12 14:30:00-04:00,22.709999084472656,22.74049949645996,22.694299697875977,22.719999313354492,16929,0.0,0.0,0.0
2023-10-12 15:30:00-04:00,22.73259925842285,22.790000915527344,22.729999542236328,22.735000610351562,0,0.0,0.0,0.0
2023-10-13 09:30:00-04:00,22.889999389648438,22.889999389648438,22.68000030517578,22.780000686645508,27856,0.0,0.0,0.0
2023-10-13 10:30:00-04:00,22.780000686645508,22.81999969482422,22.6200008392334,22.68000030517578,13022,0.0,0.0,0.0
2023-10-13 11:30:00-04:00,22.68000030517578,22.709999084472656,22.614999771118164,22.65999984741211,19469,0.0,0.0,0.0
2023-10-13 12:30:00-04:00,22.690000534057617,22.700000762939453,22.639999389648438,22.639999389648438,26206,0.0,0.0,0.0
2023-10-13 13:30:00-04:00,22.625,22.75,22.62030029296875,22.709999084472656,44972,0.0,0.0,0.0
2023-10-13 14:30:00-04:00,22.719999313354492,22.719999313354492,22.6200008392334,22.6200008392334,31867,0.0,0.0,0.0
2023-10-13 15:30:00-04:00,22.639999389648438,22.684999465942383,22.6200008392334,22.68000030517578,67465,0.0,0.0,0.0
2023-10-16 09:30:00-04:00,22.780000686645508,22.8705997467041,22.6200008392334,22.771400451660156,45391,0.0,0.0,0.0
2023-10-16 10:30:00-04:00,22.84000015258789,22.96030044555664,22.84000015258789,22.950000762939453,25665,0.0,0.0,0.0
2023-10-16 11:30:00-04:00,22.950000762939453,22.950000762939453,22.889999389648438,22.920000076293945,13932,0.0,0.0,0.0
2023-10-16 12:30:00-04:00,22.920000076293945,22.969999313354492,22.889999389648438,22.940000534057617,37317,0.0,0.0,0.0
2023-10-16 13:30:00-04:00,22.95240020751953,23.020000457763672,22.950000762939453,22.969100952148438,19067,0.0,0.0,0.0
2023-10-16 14:30:00-04:00,22.969999313354492,23.020000457763672,22.939300537109375,23.014999389648438,40846,0.0,0.0,0.0
2023-10-16 15:30:00-04:00,23.011600494384766,23.019899368286133,22.934999465942383,22.950000762939453,46941,0.0,0.0,0.0
2023-10-17 09:30:00-04:00,22.760000228881836,23.079999923706055,22.75,23.06999969482422,39799,0.0,0.0,0.0
2023-10-17 10:30:00-04:00,23.06999969482422,23.079999923706055,23.010099411010742,23.059999465942383,53074,0.0,0.0,0.0
2023-10-17 11:30:00-04:00,23.06999969482422,23.219999313354492,23.065000534057617,23.190000534057617,21878,0.0,0.0,0.0
2023-10-17 12:30:00-04:00,23.190000534057617,23.190000534057617,22.940000534057617,22.969999313354492,34988,0.0,0.0,0.0
2023-10-17 13:30:00-04:00,22.959999084472656,22.969999313354492,22.860000610351562,22.8799991607666,18762,0.0,0.0,0.0
2023-10-17 14:30:00-04:00,22.860000610351562,22.90999984741211,22.799999237060547,22.90999984741211,23947,0.0,0.0,0.0
2023-10-17 15:30:00-04:00,22.920000076293945,22.93000030517578,22.8799991607666,22.90999984741211,77959,0.0,0.0,0.0
2023-10-18 09:30:00-04:00,22.780000686645508,22.81999969482422,22.559999465942383,22.6299991607666,37347,0.0,0.0,0.0
2023-10-18 10:30:00-04:00,22.6299991607666,22.68000030517578,22.559999465942383,22.600000381469727,35107,0.0,0.0,0.0
2023-10-18 11:30:00-04:00,22.59000015258789,22.591999053955078,22.5,22.510000228881836,35630,0.0,0.0,0.0
2023-10-18 12:30:00-04:00,22.510000228881836,22.6299991607666,22.479999542236328,22.56999969482422,39340,0.0,0.0,0.0
2023-10-18 13:30:00-04:00,22.549999237060547,22.65999984741211,22.489999771118164,22.56999969482422,26051,0.0,0.0,0.0
2023-10-18 14:30:00-04:00,22.56999969482422,22.60140037536621,22.5,22.510000228881836,28929,0.0,0.0,0.0
2023-10-18 15:30:00-04:00,22.520000457763672,22.549999237060547,22.420000076293945,22.420000076293945,34132,0.0,0.0,0.0
2023-10-19 09:30:00-04:00,22.260000228881836,22.329999923706055,22.200000762939453,22.200000762939453,56876,0.0,0.0,0.0
2023-10-19 10:30:00-04:00,22.170000076293945,22.260000228881836,22.1200008392334,22.260000228881836,20799,0.0,0.0,0.0
2023-10-19 11:30:00-04:00,22.25,22.360000610351562,22.209999084472656,22.229999542236328,44740,0.0,0.0,0.0
2023-10-19 12:30:00-04:00,22.239999771118164,22.350000381469727,22.1200008392334,22.280000686645508,28711,0.0,0.0,0.0
2023-10-19 13:30:00-04:00,22.290000915527344,22.290000915527344,22.100000381469727,22.110000610351562,29661,0.0,0.0,0.0
2023-10-19 14:30:00-04:00,22.110000610351562,22.110000610351562,21.90570068359375,21.90999984741211,40249,0.0,0.0,0.0
2023-10-19 15:30:00-04:00,21.93000030517578,21.969999313354492,21.8700008392334,21.899999618530273,42628,0.0,0.0,0.0
2023-10-20 09:30:00-04:00,21.920000076293945,22.06999969482422,21.899999618530273,21.924999237060547,46988,0.0,0.0,0.0
2023-10-20 10:30:00-04:00,21.93000030517578,22.030000686645508,21.895000457763672,21.90999984741211,31182,0.0,0.0,0.0
2023-10-20 11:30:00-04:00,21.889999389648438,21.959999084472656,21.8700008392334,21.959999084472656,29741,0.0,0.0,0.0
2023-10-20 12:30:00-04:00,21.959999084472656,21.985000610351562,21.882699966430664,21.948699951171875,42942,0.0,0.0,0.0
2023-10-20 13:30:00-04:00,21.940000534057617,21.959999084472656,21.90999984741211,21.924999237060547,27885,0.0,0.0,0.0
2023-10-20 14:30:00-04:00,21.920000076293945,21.969999313354492,21.829999923706055,21.860000610351562,34256,0.0,0.0,0.0
2023-10-20 15:30:00-04:00,21.860000610351562,21.8700008392334,21.75,21.760000228881836,53804,0.0,0.0,0.0
2023-10-23 09:30:00-04:00,21.59000015258789,21.799999237060547,21.489999771118164,21.700000762939453,67243,0.0,0.0,0.0
2023-10-23 10:30:00-04:00,21.68000030517578,21.770000457763672,21.649999618530273,21.760000228881836,29636,0.0,0.0,0.0
2023-10-23 11:30:00-04:00,21.760000228881836,21.809999465942383,21.65999984741211,21.710100173950195,26537,0.0,0.0,0.0
2023-10-23 12:30:00-04:00,21.729999542236328,21.844999313354492,21.71980094909668,21.75,36451,0.0,0.0,0.0
2023-10-23 13:30:00-04:00,21.75,21.815200805664062,21.670000076293945,21.709999084472656,22684,0.0,0.0,0.0
2023-10-23 14:30:00-04:00,21.709999084472656,21.75,21.56999969482422,21.56999969482422,30102,0.0,0.0,0.0
2023-10-23 15:30:00-04:00,21.56999969482422,21.600000381469727,21.539899826049805,21.55500030517578,43070,0.0,0.0,0.0
2023-10-24 09:30:00-04:00,21.6299991607666,21.860000610351562,21.6299991607666,21.860000610351562,30018,0.0,0.0,0.0
2023-10-24 10:30:00-04:00,21.871999740600586,21.8799991607666,21.709999084472656,21.770000457763672,43257,0.0,0.0,0.0
2023-10-24 11:30:00-04:00,21.75,21.780000686645508,21.674999237060547,21.690000534057617,37557,0.0,0.0,0.0
2023-10-24 12:30:00-04:00,21.690000534057617,21.729000091552734,21.649999618530273,21.729000091552734,15383,0.0,0.0,0.0
2023-10-24 13:30:00-04:00,21.729999542236328,21.770000457763672,21.71500015258789,21.7450008392334,44231,0.0,0.0,0.0
2023-10-24 14:30:00-04:00,21.75,21.829999923706055,21.75,21.829999923706055,30412,0.0,0.0,0.0
2023-10-24 15:30:00-04:00,21.839000701904297,21.850000381469727,21.795000076293945,21.81999969482422,45675,0.0,0.0,0.0
2023-10-25 09:30:00-04:00,21.65999984741211,21.670000076293945,21.43000030517578,21.449100494384766,30347,0.0,0.0,0.0
2023-10-25 10:30:00-04:00,21.44499969482422,21.56999969482422,21.440000534057617,21.559999465942383,20775,0.0,0.0,0.0
2023-10-25 11:30:00-04:00,21.549999237060547,21.549999237060547,21.389999389648438,21.440200805664062,72538,0.0,0.0,0.0
2023-10-25 12:30:00-04:00,21.440000534057617,21.459999084472656,21.350000381469727,21.36910057067871,17779,0.0,0.0,0.0
2023-10-25 13:30:00-04:00,21.36989974975586,21.435199737548828,21.350000381469727,21.399999618530273,22262,0.0,0.0,0.0
2023-10-25 14:30:00-04:00,21.371999740600586,21.389999389648438,21.329999923706055,21.350000381469727,14418,0.0,0.0,0.0
2023-10-25 15:30:00-04:00,21.367799758911133,21.389999389648438,21.349899291992188,21.360000610351562,31571,0.0,0.0,0.0
2023-10-26 09:30:00-04:00,21.459999084472656,21.780000686645508,21.459999084472656,21.780000686645508,27072,0.0,0.0,0.0
2023-10-26 10:30:00-04:00,21.75,21.860000610351562,21.700000762939453,21.790000915527344,21611,0.0,0.0,0.0
2023-10-26 11:30:00-04:00,21.80660057067871,21.849899291992188,21.649999618530273,21.670000076293945,43757,0.0,0.0,0.0
2023-10-26 12:30:00-04:00,21.68000030517578,21.719999313354492,21.665000915527344,21.709999084472656,41241,0.0,0.0,0.0
2023-10-26 13:30:00-04:00,21.700000762939453,21.808000564575195,21.68000030517578,21.760000228881836,37666,0.0,0.0,0.0
2023-10-26 14:30:00-04:00,21.75,21.900100708007812,21.75,21.829999923706055,58891,0.0,0.0,0.0
2023-10-26 15:30:00-04:00,21.799999237060547,21.817899703979492,21.7549991607666,21.760000228881836,61786,0.0,0.0,0.0
2023-10-27 09:30:00-04:00,21.799999237060547,21.799999237060547,21.510000228881836,21.549999237060547,40913,0.0,0.0,0.0
2023-10-27 10:30:00-04:00,21.510000228881836,21.632400512695312,21.459999084472656,21.592500686645508,51899,0.0,0.0,0.0
2023-10-27 11:30:00-04:00,21.579999923706055,21.600200653076172,21.510000228881836,21.510000228881836,27157,0.0,0.0,0.0
2023-10-27 12:30:00-04:00,21.510000228881836,21.540000915527344,21.3700008392334,21.40999984741211,14891,0.0,0.0,0.0
2023-10-27 13:30:00-04:00,21.389999389648438,21.469999313354492,21.3799991607666,21.399999618530273,33042,0.0,0.0,0.0
2023-10-27 14:30:00-04:00,21.399999618530273,21.450000762939453,21.350000381469727,21.40999984741211,34941,0.0,0.0,0.0
2023-10-27 15:30:00-04:00,21.40999984741211,21.450000762939453,21.360000610351562,21.420000076293945,49348,0.0,0.0,0.0
2023-10-30 09:30:00-04:00,21.520000457763672,21.700000762939453,21.454999923706055,21.510000228881836,48326,0.0,0.0,0.0
2023-10-30 10:30:00-04:00,21.520099639892578,21.520099639892578,21.239999771118164,21.295000076293945,57459,0.0,0.0,0.0
2023-10-30 11:30:00-04:00,21.31999969482422,21.350000381469727,21.280000686645508,21.31999969482422,42400,0.0,0.0,0.0
2023-10-30 12:30:00-04:00,21.325000762939453,21.459999084472656,21.274999618530273,21.459999084472656,31982,0.0,0.0,0.0
2023-10-30 13:30:00-04:00,21.47760009765625,21.5,21.429899215698242,21.46500015258789,92453,0.0,0.0,0.0
2023-10-30 14:30:00-04:00,21.459999084472656,21.530000686645508,21.459999084472656,21.519800186157227,44814,0.0,0.0,0.0
2023-10-30 15:30:00-04:00,21.520000457763672,21.559999465942383,21.520000457763672,21.540000915527344,36622,0.0,0.0,0.0
2023-10-31 09:30:00-04:00,21.649999618530273,21.790000915527344,21.530000686645508,21.600000381469727,28075,0.0,0.0,0.0
2023-10-31 10:30:00-04:00,21.579999923706055,21.850000381469727,21.579999923706055,21.81999969482422,23300,0.0,0.0,0.0
2023-10-31 11:30:00-04:00,21.81999969482422,21.888700485229492,21.790000915527344,21.809999465942383,22005,0.0,0.0,0.0
2023-10-31 12:30:00-04:00,21.828500747680664,21.889999389648438,21.81999969482422,21.850000381469727,25336,0.0,0.0,0.0
2023-10-31 13:30:00-04:00,21.8799991607666,21.8799991607666,21.81999969482422,21.829999923706055,24380,0.0,0.0,0.0
2023-10-31 14:30:00-04:00,21.829999923706055,21.92009925842285,21.829999923706055,21.915000915527344,36231,0.0,0.0,0.0
2023-10-31 15:30:00-04:00,21.899999618530273,21.940000534057617,21.8799991607666,21.940000534057617,26379,0.0,0.0,0.0
2023-11-01 09:30:00-04:00,21.93000030517578,22.010000228881836,21.809999465942383,21.969999313354492,66190,0.0,0.0,0.0
2023-11-01 10:30:00-04:00,21.979900360107422,22.010000228881836,21.829999923706055,21.860000610351562,23832,0.0,0.0,0.0
2023-11-01 11:30:00-04:00,21.860000610351562,21.954999923706055,21.860000610351562,21.924999237060547,16337,0.0,0.0,0.0
2023-11-01 12:30:00-04:00,21.950000762939453,21.979999542236328,21.809999465942383,21.830900192260742,34665,0.0,0.0,0.0
2023-11-01 13:30:00-04:00,21.83880043029785,21.91469955444336,21.809999465942383,21.91469955444336,17236,0.0,0.0,0.0
2023-11-01 14:30:00-04:00,21.90999984741211,22.060300827026367,21.829999923706055,22.020000457763672,75812,0.0,0.0,0.0
2023-11-01 15:30:00-04:00,22.020000457763672,22.059999465942383,22.020000457763672,22.05500030517578,63080,0.0,0.0,0.0
2023-11-02 09:30:00-04:00,22.40999984741211,22.670000076293945,22.40999984741211,22.600000381469727,97540,0.0,0.0,0.0
2023-11-02 10:30:00-04:00,22.59000015258789,22.7549991607666,22.579999923706055,22.7549991607666,30309,0.0,0.0,0.0
2023-11-02 11:30:00-04:00,22.770000457763672,22.790000915527344,22.709999084472656,22.729999542236328,24115,0.0,0.0,0.0
2023-11-02 12:30:00-04:00,22.729999542236328,22.829999923706055,22.729999542236328,22.809999465942383,30931,0.0,0.0,0.0
2023-11-02 13:30:00-04:00,22.81999969482422,22.84000015258789,22.770000457763672,22.78499984741211,28514,0.0,0.0,0.0
2023-11-02 14:30:00-04:00,22.790000915527344,22.799999237060547,22.75,22.770000457763672,27540,0.0,0.0,0.0
2023-11-02 15:30:00-04:00,22.780000686645508,22.84000015258789,22.769100189208984,22.780000686645508,57008,0.0,0.0,0.0
2023-11-03 09:30:00-04:00,23.09000015258789,23.520000457763672,23.09000015258789,23.40999984741211,52859,0.0,0.0,0.0
2023-11-03 10:30:00-04:00,23.40130043029785,23.420000076293945,23.350000381469727,23.418699264526367,17678,0.0,0.0,0.0
2023-11-03 11:30:00-04:00,23.43000030517578,23.586999893188477,23.43000030517578,23.56999969482422,31138,0.0,0.0,0.0
2023-11-03 12:30:00-04:00,23.59000015258789,23.6200008392334,23.449899673461914,23.45009994506836,20609,0.0,0.0,0.0
2023-11-03 13:30:00-04:00,23.469999313354492,23.510000228881836,23.443700790405273,23.482500076293945,19097,0.0,0.0,0.0
2023-11-03 14:30:00-04:00,23.479999542236328,23.503599166870117,23.418699264526367,23.418699264526367,32354,0.0,0.0,0.0
2023-11-03 15:30:00-04:00,23.40999984741211,23.440000534057617,23.31999969482422,23.31999969482422,38244,0.0,0.0,0.0
2023-11-06 09:30:00-05:00,23.260000228881836,23.280000686645508,22.969999313354492,22.969999313354492,94654,0.0,0.0,0.0
2023-11-06 10:30:00-05:00,22.969999313354492,23.030000686645508,22.969999313354492,22.989999771118164,40612,0.0,0.0,0.0
2023-11-06 11:30:00-05:00,22.969999313354492,22.989999771118164,22.90999984741211,22.940000534057617,39577,0.0,0.0,0.0
2023-11-06 12:30:00-05:00,22.93000030517578,22.9689998626709,22.920000076293945,22.950000762939453,25396,0.0,0.0,0.0
2023-11-06 13:30:00-05:00,22.948999404907227,22.950000762939453,22.8700008392334,22.93000030517578,23227,0.0,0.0,0.0
2023-11-06 14:30:00-05:00,22.93000030517578,22.989999771118164,22.899999618530273,22.93000030517578,26823,0.0,0.0,0.0
2023-11-06 15:30:00-05:00,22.93000030517578,23.0,22.90999984741211,22.9950008392334,31476,0.0,0.0,0.0
2023-11-07 09:30:00-05:00,22.940000534057617,22.959999084472656,22.770000457763672,22.889999389648438,33595,0.0,0.0,0.0
2023-11-07 10:30:00-05:00,22.8799991607666,22.8799991607666,22.799999237060547,22.799999237060547,31544,0.0,0.0,0.0
2023-11-07 11:30:00-05:00,22.799999237060547,22.860000610351562,22.799999237060547,22.799999237060547,23455,0.0,0.0,0.0
2023-11-07 12:30:00-05:00,22.79990005493164,22.850099563598633,22.780000686645508,22.790000915527344,26568,0.0,0.0,0.0
2023-11-07 13:30:00-05:00,22.799999237060547,22.850000381469727,22.790000915527344,22.790000915527344,20422,0.0,0.0,0.0
2023-11-07 14:30:00-05:00,22.790000915527344,22.829999923706055,22.770000457763672,22.809999465942383,46289,0.0,0.0,0.0
2023-11-07 15:30:00-05:00,22.806499481201172,22.81999969482422,22.764999389648438,22.780000686645508,67662,0.0,0.0,0.0
2023-11-08 09:30:00-05:00,22.850000381469727,22.942800521850586,22.829999923706055,22.8700008392334,17028,0.0,0.0,0.0
2023-11-08 10:30:00-05:00,22.8700008392334,22.889999389648438,22.809999465942383,22.812299728393555,26437,0.0,0.0,0.0
2023-11-08 11:30:00-05:00,22.81999969482422,22.889999389648438,22.780000686645508,22.799999237060547,37114,0.0,0.0,0.0
2023-11-08 12:30:00-05:00,22.79010009765625,22.829999923706055,22.780000686645508,22.81999969482422,15845,0.0,0.0,0.0
2023-11-08 13:30:00-05:00,22.81999969482422,22.85409927368164,22.80500030517578,22.850000381469727,17768,0.0,0.0,0.0
2023-11-08 14:30:00-05:00,22.854999542236328,22.8700008392334,22.809999465942383,22.860000610351562,409838,0.0,0.0,0.0
2023-11-08 15:30:00-05:00,22.850000381469727,22.92970085144043,22.84000015258789,22.8700008392334,54341,0.0,0.0,0.0
2023-11-09 09:30:00-05:00,22.950000762939453,22.950000762939453,22.709999084472656,22.760000228881836,49073,0.0,0.0,0.0
2023-11-09 10:30:00-05:00,22.790000915527344,22.809999465942383,22.719999313354492,22.774700164794922,28264,0.0,0.0,0.0
2023-11-09 11:30:00-05:00,22.760000228881836,22.809999465942383,22.709999084472656,22.780000686645508,32982,0.0,0.0,0.0
2023-11-09 12:30:00-05:00,22.76449966430664,22.802600860595703,22.610000610351562,22.610000610351562,52738,0.0,0.0,0.0
2023-11-09 13:30:00-05:00,22.600000381469727,22.610000610351562,22.479999542236328,22.530000686645508,34981,0.0,0.0,0.0
2023-11-09 14:30:00-05:00,22.530000686645508,22.540000915527344,22.470199584960938,22.485000610351562,50713,0.0,0.0,0.0
2023-11-09 15:30:00-05:00,22.489999771118164,22.520000457763672,22.459999084472656,22.5,44958,0.0,0.0,0.0
2023-11-10 09:30:00-05:00,22.610000610351562,22.649999618530273,22.479999542236328,22.529499053955078,20149,0.0,0.0,0.0
2023-11-10 10:30:00-05:00,22.485000610351562,22.59000015258789,22.459999084472656,22.57469940185547,10423,0.0,0.0,0.0
2023-11-10 11:30:00-05:00,22.56999969482422,22.59000015258789,22.540000915527344,22.588300704956055,33900,0.0,0.0,0.0
2023-11-10 12:30:00-05:00,22.584400177001953,22.690000534057617,22.56999969482422,22.66230010986328,48654,0.0,0.0,0.0
2023-11-10 13:30:00-05:00,22.690000534057617,22.709999084472656,22.670000076293945,22.68829917907715,7893,0.0,0.0,0.0
2023-11-10 14:30:00-05:00,22.690000534057617,22.729999542236328,22.670000076293945,22.719999313354492,13953,0.0,0.0,0.0
2023-11-10 15:30:00-05:00,22.749500274658203,22.760000228881836,22.729999542236328,22.729999542236328,39818,0.0,0.0,0.0
2023-11-13 09:30:00-05:00,22.540000915527344,22.579999923706055,22.40999984741211,22.516599655151367,40704,0.0,0.0,0.0
2023-11-13 10:30:00-05:00,22.520000457763672,22.600000381469727,22.485000610351562,22.600000381469727,27920,0.0,0.0,0.0
2023-11-13 11:30:00-05:00,22.600000381469727,22.6200008392334,22.559999465942383,22.59000015258789,15985,0.0,0.0,0.0
2023-11-13 12:30:00-05:00,22.559999465942383,22.559999465942383,22.510000228881836,22.545000076293945,20100,0.0,0.0,0.0
2023-11-13 13:30:00-05:00,22.530000686645508,22.575000762939453,22.469999313354492,22.510000228881836,94915,0.0,0.0,0.0
2023-11-13 14:30:00-05:00,22.510000228881836,22.557899475097656,22.5,22.540000915527344,15426,0.0,0.0,0.0
2023-11-13 15:30:00-05:00,22.540000915527344,22.565000534057617,22.530000686645508,22.530000686645508,27501,0.0,0.0,0.0
2023-11-14 09:30:00-05:00,23.170000076293945,23.709999084472656,23.170000076293945,23.709999084472656,117354,0.0,0.0,0.0
2023-11-14 10:30:00-05:00,23.709999084472656,23.969999313354492,23.700000762939453,23.94499969482422,38002,0.0,0.0,0.0
2023-11-14 11:30:00-05:00,23.940000534057617,23.959999084472656,23.75,23.780000686645508,37175,0.0,0.0,0.0
2023-11-14 12:30:00-05:00,23.770000457763672,23.795000076293945,23.625,23.649999618530273,19464,0.0,0.0,0.0
2023-11-14 13:30:00-05:00,23.65329933166504,23.760000228881836,23.65329933166504,23.760000228881836,34143,0.0,0.0,0.0
2023-11-14 14:30:00-05:00,23.78339958190918,23.84000015258789,23.729900360107422,23.84000015258789,26797,0.0,0.0,0.0
2023-11-14 15:30:00-05:00,23.81999969482422,23.84000015258789,23.760000228881836,23.78499984741211,31577,0.0,0.0,0.0
2023-11-15 09:30:00-05:00,23.719999313354492,24.059999465942383,23.719999313354492,24.0,31944,0.0,0.0,0.0
2023-11-15 10:30:00-05:00,23.989999771118164,24.020000457763672,23.90999984741211,23.940000534057617,23591,0.0,0.0,0.0
2023-11-15 11:30:00-05:00,23.940000534057617,23.950000762939453,23.834999084472656,23.899900436401367,21359,0.0,0.0,0.0
2023-11-15 12:30:00-05:00,23.895000457763672,23.920000076293945,23.83609962463379,23.850000381469727,18805,0.0,0.0,0.0
2023-11-15 13:30:00-05:00,23.850000381469727,23.889999389648438,23.846200942993164,23.889999389648438,69855,0.0,0.0,0.0
2023-11-15 14:30:00-05:00,23.895000457763672,23.905399322509766,23.829999923706055,23.895000457763672,30732,0.0,0.0,0.0
2023-11-15 15:30:00-05:00,23.899999618530273,23.899999618530273,23.84000015258789,23.84000015258789,43279,0.0,0.0,0.0
2023-11-16 09:30:00-05:00,23.8700008392334,23.920000076293945,23.770000457763672,23.829999923706055,24739,0.0,0.0,0.0
2023-11-16 10:30:00-05:00,23.829500198364258,23.8799991607666,23.729999542236328,23.8799991607666,35560,0.0,0.0,0.0
2023-11-16 11:30:00-05:00,23.870100021362305,23.889999389648438,23.829999923706055,23.84000015258789,54138,0.0,0.0,0.0
2023-11-16 12:30:00-05:00,23.84000015258789,23.890100479125977,23.84000015258789,23.8700008392334,15800,0.0,0.0,0.0
2023-11-16 13:30:00-05:00,23.8700008392334,23.885000228881836,23.83989906311035,23.854999542236328,70457,0.0,0.0,0.0
2023-11-16 14:30:00-05:00,23.864999771118164,23.920000076293945,23.864999771118164,23.8799991607666,19870,0.0,0.0,0.0
2023-11-16 15:30:00-05:00,23.8700008392334,23.888399124145508,23.795000076293945,23.799999237060547,0,0.0,0.0,0.0
2023-11-17 09:30:00-05:00,23.969999313354492,24.0,23.770000457763672,23.8799991607666,38908,0.0,0.0,0.0
2023-11-17 10:30:00-05:00,23.860000610351562,23.860000610351562,23.739999771118164,23.739999771118164,19402,0.0,0.0,0.0
2023-11-17 11:30:00-05:00,23.719999313354492,23.809999465942383,23.690000534057617,23.760000228881836,33390,0.0,0.0,0.0
2023-11-17 12:30:00-05:00,23.780000686645508,23.825000762939453,23.774999618530273,23.79560089111328,18264,0.0,0.0,0.0
2023-11-17 13:30:00-05:00,23.799999237060547,23.809999465942383,23.75,23.75,12869,0.0,0.0,0.0
2023-11-17 14:30:00-05:00,23.760000228881836,23.78030014038086,23.730100631713867,23.780000686645508,30070,0.0,0.0,0.0
2023-11-17 15:30:00-05:00,23.780099868774414,23.799999237060547,23.760000228881836,23.770000457763672,18097,0.0,0.0,0.0
2023-11-20 09:30:00-05:00,23.719999313354492,23.820100784301758,23.581100463867188,23.79960060119629,42679,0.0,0.0,0.0
2023-11-20 10:30:00-05:00,23.79330062866211,23.8799991607666,23.780000686645508,23.8799991607666,26761,0.0,0.0,0.0
2023-11-20 11:30:00-05:00,23.88990020751953,23.889999389648438,23.809999465942383,23.81999969482422,47570,0.0,0.0,0.0
2023-11-20 12:30:00-05:00,23.81999969482422,23.889999389648438,23.799999237060547,23.860000610351562,28491,0.0,0.0,0.0
2023-11-20 13:30:00-05:00,23.860000610351562,23.90999984741211,23.860000610351562,23.899700164794922,30533,0.0,0.0,0.0
2023-11-20 14:30:00-05:00,23.895000457763672,23.950000762939453,23.895000457763672,23.950000762939453,22046,0.0,0.0,0.0
2023-11-20 15:30:00-05:00,23.940000534057617,23.949899673461914,23.914199829101562,23.940000534057617,30806,0.0,0.0,0.0
2023-11-21 09:30:00-05:00,23.84000015258789,23.8700008392334,23.760000228881836,23.84000015258789,36466,0.0,0.0,0.0
2023-11-21 10:30:00-05:00,23.84000015258789,23.8799991607666,23.780000686645508,23.809999465942383,27484,0.0,0.0,0.0
2023-11-21 11:30:00-05:00,23.81999969482422,23.81999969482422,23.739999771118164,23.790000915527344,35410,0.0,0.0,0.0
2023-11-21 12:30:00-05:00,23.799999237060547,23.843599319458008,23.799999237060547,23.831499099731445,28397,0.0,0.0,0.0
2023-11-21 13:30:00-05:00,23.829999923706055,23.860000610351562,23.770000457763672,23.774999618530273,36662,0.0,0.0,0.0
2023-11-21 14:30:00-05:00,23.774999618530273,23.815000534057617,23.735000610351562,23.78499984741211,44653,0.0,0.0,0.0
2023-11-21 15:30:00-05:00,23.784700393676758,23.81920051574707,23.770000457763672,23.790000915527344,29516,0.0,0.0,0.0
2023-11-22 09:30:00-05:00,23.950000762939453,24.049999237060547,23.866899490356445,23.969999313354492,35739,0.0,0.0,0.0
2023-11-22 10:30:00-05:00,23.989999771118164,24.0,23.8799991607666,23.8799991607666,20832,0.0,0.0,0.0
2023-11-22 11:30:00-05:00,23.90999984741211,23.959999084472656,23.889999389648438,23.895000457763672,10832,0.0,0.0,0.0
2023-11-22 12:30:00-05:00,23.889999389648438,23.896299362182617,23.84000015258789,23.850000381469727,9183,0.0,0.0,0.0
2023-11-22 13:30:00-05:00,23.860000610351562,23.8799991607666,23.850000381469727,23.8799991607666,22822,0.0,0.0,0.0
2023-11-22 14:30:00-05:00,23.8799991607666,23.90999984741211,23.809999465942383,23.90999984741211,41623,0.0,0.0,0.0
2023-11-22 15:30:00-05:00,23.920000076293945,23.920000076293945,23.889999389648438,23.899999618530273,21842,0.0,0.0,0.0
2023-11-24 09:30:00-05:00,23.850000381469727,23.940000534057617,23.75,23.940000534057617,27568,0.0,0.0,0.0
2023-11-24 10:30:00-05:00,23.959999084472656,23.979999542236328,23.91069984436035,23.943300247192383,9998,0.0,0.0,0.0
2023-11-24 11:30:00-05:00,23.950000762939453,23.969999313354492,23.93000030517578,23.956100463867188,10399,0.0,0.0,0.0
2023-11-27 09:30:00-05:00,23.969999313354492,24.06999969482422,23.920000076293945,24.059999465942383,26454,0.0,0.0,0.0
2023-11-27 10:30:00-05:00,24.059999465942383,24.100000381469727,24.024599075317383,24.100000381469727,16096,0.0,0.0,0.0
2023-11-27 11:30:00-05:00,24.100000381469727,24.12820053100586,24.059999465942383,24.122800827026367,27433,0.0,0.0,0.0
2023-11-27 12:30:00-05:00,24.1200008392334,24.13629913330078,24.104999542236328,24.1299991607666,17578,0.0,0.0,0.0
2023-11-27 13:30:00-05:00,24.13010025024414,24.195100784301758,24.13010025024414,24.190000534057617,11252,0.0,0.0,0.0
2023-11-27 14:30:00-05:00,24.190000534057617,24.190000534057617,24.109899520874023,24.118200302124023,26106,0.0,0.0,0.0
2023-11-27 15:30:00-05:00,24.1200008392334,24.149999618530273,24.060100555419922,24.079999923706055,31042,0.0,0.0,0.0
2023-11-28 09:30:00-05:00,24.010000228881836,24.06999969482422,23.920000076293945,24.049999237060547,24007,0.0,0.0,0.0
2023-11-28 10:30:00-05:00,24.049999237060547,24.170000076293945,24.040000915527344,24.149999618530273,25603,0.0,0.0,0.0
2023-11-28 11:30:00-05:00,24.18000030517578,24.18790054321289,24.13949966430664,24.15999984741211,23630,0.0,0.0,0.0
2023-11-28 12:30:00-05:00,24.170000076293945,24.22949981689453,24.149999618530273,24.209999084472656,22374,0.0,0.0,0.0
2023-11-28 13:30:00-05:00,24.209999084472656,24.219999313354492,24.173799514770508,24.17449951171875,24443,0.0,0.0,0.0
2023-11-28 14:30:00-05:00,24.174999237060547,24.229999542236328,24.15999984741211,24.209999084472656,54660,0.0,0.0,0.0
2023-11-28 15:30:00-05:00,24.200000762939453,24.239999771118164,24.190000534057617,24.219999313354492,23247,0.0,0.0,0.0
2023-11-29 09:30:00-05:00,24.3799991607666,24.62529945373535,24.3799991607666,24.520000457763672,39077,0.0,0.0,0.0
2023-11-29 10:30:00-05:00,24.520000457763672,24.540000915527344,24.439899444580078,24.454299926757812,24820,0.0,0.0,0.0
2023-11-29 11:30:00-05:00,24.450000762939453,24.489999771118164,24.450000762939453,24.475000381469727,11644,0.0,0.0,0.0
2023-11-29 12:30:00-05:00,24.479999542236328,24.524999618530273,24.479999542236328,24.520000457763672,10359,0.0,0.0,0.0
2023-11-29 13:30:00-05:00,24.520000457763672,24.520000457763672,24.450000762939453,24.466699600219727,27327,0.0,0.0,0.0
2023-11-29 14:30:00-05:00,24.459999084472656,24.46470069885254,24.389999389648438,24.399999618530273,34513,0.0,0.0,0.0
2023-11-29 15:30:00-05:00,24.40999984741211,24.420000076293945,24.359899520874023,24.389999389648438,28502,0.0,0.0,0.0
2023-11-30 09:30:00-05:00,24.389999389648438,24.43000030517578,24.299999237060547,24.420000076293945,25230,0.0,0.0,0.0
2023-11-30 10:30:00-05:00,24.43000030517578,24.540000915527344,24.40999984741211,24.469999313354492,32374,0.0,0.0,0.0
2023-11-30 11:30:00-05:00,24.469999313354492,24.5,24.3700008392334,24.379899978637695,22127,0.0,0.0,0.0
2023-11-30 12:30:00-05:00,24.399999618530273,24.489999771118164,24.3700008392334,24.489999771118164,16724,0.0,0.0,0.0
2023-11-30 13:30:00-05:00,24.469999313354492,24.510000228881836,24.459999084472656,24.479999542236328,20333,0.0,0.0,0.0
2023-11-30 14:30:00-05:00,24.479999542236328,24.520000457763672,24.469499588012695,24.469999313354492,26664,0.0,0.0,0.0
2023-11-30 15:30:00-05:00,24.469999313354492,24.584999084472656,24.469999313354492,24.559999465942383,28432,0.0,0.0,0.0
2023-12-01 09:30:00-05:00,24.520000457763672,24.770000457763672,24.487899780273438,24.770000457763672,31743,0.0,0.0,0.0
2023-12-01 10:30:00-05:00,24.75,24.950000762939453,24.739999771118164,24.950000762939453,29870,0.0,0.0,0.0
2023-12-01 11:30:00-05:00,24.969999313354492,25.06999969482422,24.90999984741211,25.049999237060547,52429,0.0,0.0,0.0
2023-12-01 12:30:00-05:00,25.040000915527344,25.1200008392334,25.030000686645508,25.030000686645508,86953,0.0,0.0,0.0
2023-12-01 13:30:00-05:00,25.020000457763672,25.094999313354492,25.0,25.079999923706055,32230,0.0,0.0,0.0
2023-12-01 14:30:00-05:00,25.084999084472656,25.104999542236328,25.024999618530273,25.06999969482422,29228,0.0,0.0,0.0
2023-12-01 15:30:00-05:00,25.059999465942383,25.170000076293945,25.059999465942383,25.149999618530273,24010,0.0,0.0,0.0
2023-12-04 09:30:00-05:00,25.0,25.209999084472656,25.0,25.100000381469727,52406,0.0,0.0,0.0
2023-12-04 10:30:00-05:00,25.1200008392334,25.219999313354492,25.110000610351562,25.139999389648438,22337,0.0,0.0,0.0
2023-12-04 11:30:00-05:00,25.139999389648438,25.25,25.100000381469727,25.25,24290,0.0,0.0,0.0
2023-12-04 12:30:00-05:00,25.25,25.290000915527344,25.20989990234375,25.239999771118164,21140,0.0,0.0,0.0
2023-12-04 13:30:00-05:00,25.219999313354492,25.270000457763672,25.219999313354492,25.229999542236328,22051,0.0,0.0,0.0
2023-12-04 14:30:00-05:00,25.256999969482422,25.290000915527344,25.229999542236328,25.239999771118164,38826,0.0,0.0,0.0
2023-12-04 15:30:00-05:00,25.239999771118164,25.34000015258789,25.229999542236328,25.329999923706055,33670,0.0,0.0,0.0
2023-12-05 09:30:00-05:00,25.209999084472656,25.239999771118164,25.059999465942383,25.1299991607666,35483,0.0,0.0,0.0
2023-12-05 10:30:00-05:00,25.15999984741211,25.170000076293945,25.099899291992188,25.149999618530273,21344,0.0,0.0,0.0
2023-12-05 11:30:00-05:00,25.159500122070312,25.15999984741211,25.09000015258789,25.09000015258789,156029,0.0,0.0,0.0
2023-12-05 12:30:00-05:00,25.100000381469727,25.120100021362305,25.059999465942383,25.120100021362305,17847,0.0,0.0,0.0
2023-12-05 13:30:00-05:00,25.1200008392334,25.170000076293945,25.059999465942383,25.149999618530273,18489,0.0,0.0,0.0
2023-12-05 14:30:00-05:00,25.170000076293945,25.196500778198242,25.149999618530273,25.149999618530273,13523,0.0,0.0,0.0
2023-12-05 15:30:00-05:00,25.149999618530273,25.200000762939453,25.145000457763672,25.179899215698242,25449,0.0,0.0,0.0
2023-12-06 09:30:00-05:00,25.34000015258789,25.459999084472656,25.239999771118164,25.389999389648438,45625,0.0,0.0,0.0
2023-12-06 10:30:00-05:00,25.389999389648438,25.420000076293945,25.309999465942383,25.333499908447266,20124,0.0,0.0,0.0
2023-12-06 11:30:00-05:00,25.329999923706055,25.329999923706055,25.252899169921875,25.270000457763672,27569,0.0,0.0,0.0
2023-12-06 12:30:00-05:00,25.270000457763672,25.295000076293945,25.200000762939453,25.2549991607666,25312,0.0,0.0,0.0
2023-12-06 13:30:00-05:00,25.2450008392334,25.280000686645508,25.200000762939453,25.204700469970703,18230,0.0,0.0,0.0
2023-12-06 14:30:00-05:00,25.219999313354492,25.249900817871094,25.1200008392334,25.1200008392334,24854,0.0,0.0,0.0
2023-12-06 15:30:00-05:00,25.1200008392334,25.15999984741211,25.084999084472656,25.100000381469727,35349,0.0,0.0,0.0
2023-12-07 09:30:00-05:00,25.09000015258789,25.209999084472656,25.020000457763672,25.190000534057617,37021,0.0,0.0,0.0
2023-12-07 10:30:00-05:00,25.19499969482422,25.260000228881836,25.1299991607666,25.170000076293945,84734,0.0,0.0,0.0
2023-12-07 11:30:00-05:00,25.170000076293945,25.200000762939453,25.149999618530273,25.15999984741211,31554,0.0,0.0,0.0
2023-12-07 12:30:00-05:00,25.18000030517578,25.190000534057617,25.135000228881836,25.135000228881836,16186,0.0,0.0,0.0
2023-12-07 13:30:00-05:00,25.13990020751953,25.210100173950195,25.13990020751953,25.209999084472656,42054,0.0,0.0,0.0
2023-12-07 14:30:00-05:00,25.209999084472656,25.22909927368164,25.170000076293945,25.219900131225586,19395,0.0,0.0,0.0
2023-12-07 15:30:00-05:00,25.209999084472656,25.209999084472656,25.149999618530273,25.170000076293945,27458,0.0,0.0,0.0
2023-12-08 09:30:00-05:00,25.059999465942383,25.190000534057617,25.0,25.100000381469727,26432,0.0,0.0,0.0
2023-12-08 10:30:00-05:00,25.09000015258789,25.100000381469727,24.90999984741211,24.90999984741211,14325,0.0,0.0,0.0
2023-12-08 11:30:00-05:00,24.924999237060547,24.950000762939453,24.8799991607666,24.940000534057617,11397,0.0,0.0,0.0
2023-12-08 12:30:00-05:00,24.950000762939453,24.989999771118164,24.949899673461914,24.989999771118164,28415,0.0,0.0,0.0
2023-12-08 13:30:00-05:00,24.9950008392334,25.065000534057617,24.969999313354492,25.059999465942383,12235,0.0,0.0,0.0
2023-12-08 14:30:00-05:00,25.059999465942383,25.1299991607666,25.059999465942383,25.100000381469727,28381,0.0,0.0,0.0
2023-12-08 15:30:00-05:00,25.100000381469727,25.149900436401367,25.09000015258789,25.1200008392334,19923,0.0,0.0,0.0
2023-12-11 09:30:00-05:00,25.06999969482422,25.170000076293945,25.03499984741211,25.110000610351562,37981,0.0,0.0,0.0
2023-12-11 10:30:00-05:00,25.100000381469727,25.15999984741211,25.06999969482422,25.13990020751953,11259,0.0,0.0,0.0
2023-12-11 11:30:00-05:00,25.135000228881836,25.230300903320312,25.125,25.229999542236328,35617,0.0,0.0,0.0
2023-12-11 12:30:00-05:00,25.239999771118164,25.239999771118164,25.18000030517578,25.209999084472656,12863,0.0,0.0,0.0
2023-12-11 13:30:00-05:00,25.209999084472656,25.235000610351562,25.18000030517578,25.20989990234375,11289,0.0,0.0,0.0
2023-12-11 14:30:00-05:00,25.200000762939453,25.209999084472656,25.189899444580078,25.19499969482422,17498,0.0,0.0,0.0
2023-12-11 15:30:00-05:00,25.19499969482422,25.209999084472656,25.15999984741211,25.200000762939453,29405,0.0,0.0,0.0
2023-12-12 09:30:00-05:00,25.190000534057617,25.190000534057617,25.06999969482422,25.155000686645508,77280,0.0,0.0,0.0
2023-12-12 10:30:00-05:00,25.15999984741211,25.22800064086914,25.149900436401367,25.209999084472656,15747,0.0,0.0,0.0
2023-12-12 11:30:00-05:00,25.170000076293945,25.190200805664062,25.1299991607666,25.18910026550293,20059,0.0,0.0,0.0
2023-12-12 12:30:00-05:00,25.20009994506836,25.239999771118164,25.190000534057617,25.219999313354492,16119,0.0,0.0,0.0
2023-12-12 13:30:00-05:00,25.219999313354492,25.25,25.219999313354492,25.239999771118164,17886,0.0,0.0,0.0
2023-12-12 14:30:00-05:00,25.239999771118164,25.279499053955078,25.238500595092773,25.274999618530273,57732,0.0,0.0,0.0
2023-12-12 15:30:00-05:00,25.26449966430664,25.265199661254883,25.190000534057617,25.190000534057617,18349,0.0,0.0,0.0
2023-12-13 09:30:00-05:00,25.229999542236328,25.315000534057617,25.15999984741211,25.315000534057617,32291,0.0,0.0,0.0
2023-12-13 10:30:00-05:00,25.299999237060547,25.44499969482422,25.2903995513916,25.399999618530273,140802,0.0,0.0,0.0
2023-12-13 11:30:00-05:00,25.399999618530273,25.40999984741211,25.34000015258789,25.350099563598633,13180,0.0,0.0,0.0
2023-12-13 12:30:00-05:00,25.350000381469727,25.360000610351562,25.270000457763672,25.270000457763672,15000,0.0,0.0,0.0
2023-12-13 13:30:00-05:00,25.270000457763672,25.696699142456055,25.262800216674805,25.696699142456055,36413,0.0,0.0,0.0
2023-12-13 14:30:00-05:00,25.690200805664062,26.229999542236328,25.670000076293945,26.11989974975586,52335,0.0,0.0,0.0
2023-12-13 15:30:00-05:00,26.110300064086914,26.19499969482422,26.110000610351562,26.139999389648438,37729,0.0,0.0,0.0
2023-12-14 09:30:00-05:00,26.559999465942383,26.950000762939453,26.559999465942383,26.8700008392334,85934,0.0,0.0,0.0
2023-12-14 10:30:00-05:00,26.860000610351562,26.8799991607666,26.790000915527344,26.860000610351562,50087,0.0,0.0,0.0
2023-12-14 11:30:00-05:00,26.849899291992188,27.059999465942383,26.849899291992188,26.971399307250977,35269,0.0,0.0,0.0
2023-12-14 12:30:00-05:00,26.958900451660156,27.020000457763672,26.860000610351562,26.899999618530273,22455,0.0,0.0,0.0
2023-12-14 13:30:00-05:00,26.870100021362305,26.930500030517578,26.770000457763672,26.915000915527344,43195,0.0,0.0,0.0
2023-12-14 14:30:00-05:00,26.899999618530273,26.90999984741211,26.860000610351562,26.899999618530273,24742,0.0,0.0,0.0
2023-12-14 15:30:00-05:00,26.8799991607666,26.895000457763672,26.809099197387695,26.895000457763672,20895,0.0,0.0,0.0
2023-12-15 09:30:00-05:00,26.6299991607666,26.6299991607666,26.360000610351562,26.43000030517578,112015,0.0,0.0,0.0
2023-12-15 10:30:00-05:00,26.40999984741211,26.524999618530273,26.3700008392334,26.3700008392334,37186,0.0,0.0,0.0
2023-12-15 11:30:00-05:00,26.360000610351562,26.420000076293945,26.31999969482422,26.3799991607666,180229,0.0,0.0,0.0
2023-12-15 12:30:00-05:00,26.3799991607666,26.3799991607666,26.18000030517578,26.229999542236328,32988,0.0,0.0,0.0
2023-12-15 13:30:00-05:00,26.25,26.264999389648438,26.1200008392334,26.18079948425293,55230,0.0,0.0,0.0
2023-12-15 14:30:00-05:00,26.190000534057617,26.290000915527344,26.170000076293945,26.28499984741211,19019,0.0,0.0,0.0
2023-12-15 15:30:00-05:00,26.299999237060547,26.389999389648438,26.239999771118164,26.329999923706055,22226,0.0,0.0,0.0
2023-12-18 09:30:00-05:00,26.420000076293945,26.450000762939453,26.270000457763672,26.3799991607666,42493,0.0,0.0,0.0
2023-12-18 10:30:00-05:00,26.3799991607666,26.3799991607666,26.229999542236328,26.27120018005371,28401,0.0,0.0,0.0
2023-12-18 11:30:00-05:00,26.270000457763672,26.309999465942383,26.239900588989258,26.299999237060547,72997,0.0,0.0,0.0
2023-12-18 12:30:00-05:00,26.294200897216797,26.319499969482422,26.260000228881836,26.260000228881836,98884,0.0,0.0,0.0
2023-12-18 13:30:00-05:00,26.270000457763672,26.29560089111328,26.25,26.290000915527344,21623,0.0,0.0,0.0
2023-12-18 14:30:00-05:00,26.280000686645508,26.295000076293945,26.229999542236328,26.280000686645508,25474,0.0,0.0,0.0
2023-12-18 15:30:00-05:00,26.299999237060547,26.30500030517578,26.239999771118164,26.2450008392334,12230,0.0,0.0,0.0
2023-12-19 09:30:00-05:00,26.34000015258789,26.47920036315918,26.34000015258789,26.420000076293945,76666,0.0,0.0,0.0
2023-12-19 10:30:00-05:00,26.420000076293945,26.524999618530273,26.389999389648438,26.4950008392334,46096,0.0,0.0,0.0
2023-12-19 11:30:00-05:00,26.489999771118164,26.4950008392334,26.420000076293945,26.489999771118164,30883,0.0,0.0,0.0
2023-12-19 12:30:00-05:00,26.4950008392334,26.514999389648438,26.45829963684082,26.47010040283203,33440,0.0,0.0,0.0
2023-12-19 13:30:00-05:00,26.469999313354492,26.5,26.40999984741211,26.434999465942383,36794,0.0,0.0,0.0
2023-12-19 14:30:00-05:00,26.420000076293945,26.469999313354492,26.415000915527344,26.469999313354492,35036,0.0,0.0,0.0
2023-12-19 15:30:00-05:00,26.479999542236328,26.489999771118164,26.43000030517578,26.43000030517578,32506,0.0,0.0,0.0
2023-12-20 09:30:00-05:00,26.420000076293945,26.530000686645508,26.420000076293945,26.479999542236328,50757,0.0,0.0,0.0
2023-12-20 10:30:00-05:00,26.520000457763672,26.56999969482422,26.510000228881836,26.56999969482422,26098,0.0,0.0,0.0
2023-12-20 11:30:00-05:00,26.56999969482422,26.610000610351562,26.54990005493164,26.584999084472656,19345,0.0,0.0,0.0
2023-12-20 12:30:00-05:00,26.579999923706055,26.65999984741211,26.540000915527344,26.63990020751953,16143,0.0,0.0,0.0
2023-12-20 13:30:00-05:00,26.6299991607666,26.6299991607666,26.53499984741211,26.579999923706055,23302,0.0,0.0,0.0
2023-12-20 14:30:00-05:00,26.56999969482422,26.56999969482422,26.18000030517578,26.260000228881836,39142,0.0,0.0,0.0
2023-12-20 15:30:00-05:00,26.260000228881836,26.290000915527344,26.110000610351562,26.110000610351562,87832,0.0,0.0,0.0
2023-12-21 09:30:00-05:00,26.31999969482422,26.43000030517578,26.229999542236328,26.299999237060547,66157,0.0,0.0,0.0
2023-12-21 10:30:00-05:00,26.30500030517578,26.329999923706055,26.209999084472656,26.239999771118164,18894,0.0,0.0,0.0
2023-12-21 11:30:00-05:00,26.239999771118164,26.239999771118164,26.139999389648438,26.139999389648438,23974,0.0,0.0,0.0
2023-12-21 12:30:00-05:00,26.139999389648438,26.18000030517578,26.07360076904297,26.139999389648438,18204,0.0,0.0,0.0
2023-12-21 13:30:00-05:00,26.16010093688965,26.209999084472656,26.1299991607666,26.165000915527344,119418,0.0,0.0,0.0
2023-12-21 14:30:00-05:00,26.15999984741211,26.219999313354492,26.139999389648438,26.219999313354492,50297,0.0,0.0,0.0
2023-12-21 15:30:00-05:00,26.226600646972656,26.364999771118164,26.226600646972656,26.350000381469727,38312,0.0,0.0,0.0
2023-12-22 09:30:00-05:00,26.420000076293945,26.65999984741211,26.420000076293945,26.550100326538086,48248,0.0,0.0,0.0
2023-12-22 10:30:00-05:00,26.579999923706055,26.610000610351562,26.519500732421875,26.557899475097656,23394,0.0,0.0,0.0
2023-12-22 11:30:00-05:00,26.56999969482422,26.56999969482422,26.469999313354492,26.4950008392334,19637,0.0,0.0,0.0
2023-12-22 12:30:00-05:00,26.5,26.55579948425293,26.479999542236328,26.530000686645508,18064,0.0,0.0,0.0
2023-12-22 13:30:00-05:00,26.5049991607666,26.5049991607666,26.379899978637695,26.379899978637695,21541,0.0,0.0,0.0
2023-12-22 14:30:00-05:00,26.360000610351562,26.469999313354492,26.329999923706055,26.450000762939453,26720,0.0,0.0,0.0
2023-12-22 15:30:00-05:00,26.459999084472656,26.469999313354492,26.415000915527344,26.450000762939453,18107,0.0,0.0,0.0
2023-12-26 09:30:00-05:00,26.440000534057617,26.549999237060547,26.440000534057617,26.534299850463867,23037,0.0,0.0,0.0
2023-12-26 10:30:00-05:00,26.53499984741211,26.556299209594727,26.510000228881836,26.549999237060547,13887,0.0,0.0,0.0
2023-12-26 11:30:00-05:00,26.565000534057617,26.601299285888672,26.55500030517578,26.601299285888672,68826,0.0,0.0,0.0
2023-12-26 12:30:00-05:00,26.600000381469727,26.6200008392334,26.579999923706055,26.609899520874023,16164,0.0,0.0,0.0
2023-12-26 13:30:00-05:00,26.614999771118164,26.649999618530273,26.56999969482422,26.649999618530273,29503,0.0,0.0,0.0
2023-12-26 14:30:00-05:00,26.649999618530273,26.719999313354492,26.649999618530273,26.709999084472656,28460,0.0,0.0,0.0
2023-12-26 15:30:00-05:00,26.700000762939453,26.725000381469727,26.649999618530273,26.65999984741211,13048,0.0,0.0,0.0
2023-12-27 09:30:00-05:00,26.709999084472656,26.774999618530273,26.59630012512207,26.769899368286133,0,0.0,0.0,0.0
2023-12-27 10:30:00-05:00,26.760000228881836,26.760000228881836,26.684999465942383,26.7549991607666,17226,0.0,0.0,0.0
2023-12-27 11:30:00-05:00,26.760000228881836,26.780000686645508,26.760000228881836,26.764999389648438,18879,0.0,0.0,0.0
2023-12-27 12:30:00-05:00,26.764999389648438,26.809999465942383,26.719999313354492,26.76449966430664,34969,0.0,0.0,0.0
2023-12-27 13:30:00-05:00,26.760000228881836,26.770000457763672,26.649999618530273,26.72599983215332,60169,0.0,0.0,0.0
2023-12-27 14:30:00-05:00,26.719999313354492,26.739999771118164,26.680099487304688,26.709999084472656,29354,0.0,0.0,0.0
2023-12-27 15:30:00-05:00,26.709999084472656,26.790000915527344,26.69499969482422,26.790000915527344,63221,0.0,0.0,0.0
2023-12-28 09:30:00-05:00,26.729999542236328,26.8799991607666,26.729999542236328,26.878999710083008,45824,0.0,0.0,0.0
2023-12-28 10:30:00-05:00,26.899499893188477,26.910200119018555,26.75,26.799999237060547,43310,0.0,0.0,0.0
2023-12-28 11:30:00-05:00,26.809999465942383,26.849899291992188,26.795000076293945,26.830900192260742,13554,0.0,0.0,0.0
2023-12-28 12:30:00-05:00,26.816999435424805,26.84000015258789,26.790000915527344,26.819499969482422,19872,0.0,0.0,0.0
2023-12-28 13:30:00-05:00,26.81999969482422,26.845600128173828,26.799999237060547,26.84000015258789,8498,0.0,0.0,0.0
2023-12-28 14:30:00-05:00,26.83989906311035,26.8700008392334,26.81999969482422,26.850000381469727,43061,0.0,0.0,0.0
2023-12-28 15:30:00-05:00,26.860000610351562,26.96500015258789,26.860000610351562,26.959999084472656,39096,0.0,0.0,0.0
2023-12-29 09:30:00-05:00,26.799999237060547,26.889999389648438,26.760000228881836,26.829999923706055,27623,0.0,0.0,0.0
2023-12-29 10:30:00-05:00,26.834999084472656,26.84469985961914,26.735000610351562,26.760000228881836,19475,0.0,0.0,0.0
2023-12-29 11:30:00-05:00,26.739999771118164,26.75,26.68000030517578,26.71969985961914,23647,0.0,0.0,0.0
2023-12-29 12:30:00-05:00,26.71619987487793,26.790000915527344,26.71619987487793,26.7549991607666,22782,0.0,0.0,0.0
2023-12-29 13:30:00-05:00,26.770000457763672,26.809999465942383,26.760000228881836,26.798999786376953,13740,0.0,0.0,0.0
2023-12-29 14:30:00-05:00,26.790000915527344,26.81999969482422,26.780000686645508,26.809999465942383,61304,0.0,0.0,0.0
2023-12-29 15:30:00-05:00,26.799999237060547,26.799999237060547,26.6299991607666,26.65999984741211,21980,0.0,0.0,0.0
2024-01-02 09:30:00-05:00,26.549999237060547,26.780000686645508,26.5,26.7450008392334,54340,0.0,0.0,0.0
2024-01-02 10:30:00-05:00,26.729999542236328,26.815000534057617,26.690000534057617,26.799999237060547,21809,0.0,0.0,0.0
2024-01-02 11:30:00-05:00,26.795000076293945,26.895000457763672,26.76300048828125,26.889999389648438,24528,0.0,0.0,0.0
2024-01-02 12:30:00-05:00,26.889999389648438,26.92020034790039,26.84000015258789,26.850000381469727,14528,0.0,0.0,0.0
2024-01-02 13:30:00-05:00,26.844999313354492,26.860000610351562,26.795000076293945,26.815000534057617,37000,0.0,0.0,0.0
2024-01-02 14:30:00-05:00,26.809999465942383,26.829999923706055,26.780000686645508,26.79990005493164,50980,0.0,0.0,0.0
2024-01-02 15:30:00-05:00,26.799999237060547,26.885000228881836,26.780000686645508,26.860000610351562,27835,0.0,0.0,0.0
2024-01-03 09:30:00-05:00,26.68000030517578,26.68000030517578,26.34000015258789,26.3799991607666,46947,0.0,0.0,0.0
2024-01-03 10:30:00-05:00,26.360000610351562,26.415000915527344,26.209999084472656,26.405000686645508,106665,0.0,0.0,0.0
2024-01-03 11:30:00-05:00,26.40999984741211,26.424999237060547,26.350000381469727,26.375,106405,0.0,0.0,0.0
2024-01-03 12:30:00-05:00,26.385000228881836,26.485000610351562,26.3700008392334,26.469999313354492,23453,0.0,0.0,0.0
2024-01-03 13:30:00-05:00,26.475000381469727,26.475000381469727,26.354999542236328,26.445199966430664,43606,0.0,0.0,0.0
2024-01-03 14:30:00-05:00,26.459999084472656,26.459999084472656,26.239999771118164,26.25,39014,0.0,0.0,0.0
2024-01-03 15:30:00-05:00,26.2549991607666,26.299999237060547,26.200000762939453,26.25,43579,0.0,0.0,0.0
2024-01-04 09:30:00-05:00,26.209999084472656,26.31999969482422,26.200000762939453,26.309999465942383,18503,0.0,0.0,0.0
2024-01-04 10:30:00-05:00,26.299999237060547,26.3700008392334,26.299999237060547,26.350000381469727,74186,0.0,0.0,0.0
2024-01-04 11:30:00-05:00,26.350000381469727,26.350000381469727,26.170000076293945,26.173599243164062,16460,0.0,0.0,0.0
2024-01-04 12:30:00-05:00,26.170000076293945,26.170000076293945,26.109399795532227,26.149999618530273,43494,0.0,0.0,0.0
2024-01-04 13:30:00-05:00,26.149999618530273,26.2549991607666,26.149999618530273,26.243600845336914,26176,0.0,0.0,0.0
2024-01-04 14:30:00-05:00,26.229999542236328,26.304899215698242,26.214399337768555,26.269100189208984,17513,0.0,0.0,0.0
2024-01-04 15:30:00-05:00,26.290000915527344,26.329999923706055,26.18000030517578,26.190000534057617,35306,0.0,0.0,0.0
2024-01-05 09:30:00-05:00,26.020000457763672,26.360000610351562,25.889999389648438,26.348899841308594,47413,0.0,0.0,0.0
2024-01-05 10:30:00-05:00,26.309999465942383,26.335599899291992,26.190000534057617,26.19860076904297,34409,0.0,0.0,0.0
2024-01-05 11:30:00-05:00,26.200000762939453,26.200000762939453,26.014999389648438,26.02989959716797,33202,0.0,0.0,0.0
2024-01-05 12:30:00-05:00,26.02899932861328,26.065000534057617,25.989999771118164,26.059999465942383,22426,0.0,0.0,0.0
2024-01-05 13:30:00-05:00,26.100000381469727,26.19569969177246,26.100000381469727,26.149999618530273,13792,0.0,0.0,0.0
2024-01-05 14:30:00-05:00,26.139999389648438,26.139999389648438,26.040000915527344,26.100000381469727,14240,0.0,0.0,0.0
2024-01-05 15:30:00-05:00,26.100000381469727,26.15570068359375,26.079999923706055,26.1200008392334,19100,0.0,0.0,0.0
2024-01-08 09:30:00-05:00,26.100000381469727,26.347200393676758,26.051599502563477,26.309900283813477,38229,0.0,0.0,0.0
2024-01-08 10:30:00-05:00,26.33009910583496,26.440000534057617,26.309999465942383,26.440000534057617,15831,0.0,0.0,0.0
2024-01-08 11:30:00-05:00,26.440000534057617,26.459999084472656,26.399999618530273,26.399999618530273,21474,0.0,0.0,0.0
2024-01-08 12:30:00-05:00,26.389999389648438,26.440000534057617,26.3799991607666,26.399999618530273,42026,0.0,0.0,0.0
2024-01-08 13:30:00-05:00,26.389999389648438,26.440000534057617,26.3700008392334,26.420000076293945,11532,0.0,0.0,0.0
2024-01-08 14:30:00-05:00,26.469999313354492,26.530000686645508,26.469999313354492,26.479999542236328,16048,0.0,0.0,0.0
2024-01-08 15:30:00-05:00,26.469999313354492,26.520000457763672,26.440099716186523,26.510000228881836,0,0.0,0.0,0.0
2024-01-09 09:30:00-05:00,26.290000915527344,26.350000381469727,26.140499114990234,26.34000015258789,24830,0.0,0.0,0.0
2024-01-09 10:30:00-05:00,26.350000381469727,26.360000610351562,26.29990005493164,26.350000381469727,33346,0.0,0.0,0.0
2024-01-09 11:30:00-05:00,26.351699829101562,26.43000030517578,26.350099563598633,26.40999984741211,18400,0.0,0.0,0.0
2024-01-09 12:30:00-05:00,26.40999984741211,26.440000534057617,26.31999969482422,26.334999084472656,17501,0.0,0.0,0.0
2024-01-09 13:30:00-05:00,26.309999465942383,26.38010025024414,26.291200637817383,26.291200637817383,25189,0.0,0.0,0.0
2024-01-09 14:30:00-05:00,26.301000595092773,26.329999923706055,26.272199630737305,26.309999465942383,39354,0.0,0.0,0.0
2024-01-09 15:30:00-05:00,26.31999969482422,26.329999923706055,26.290000915527344,26.329999923706055,27562,0.0,0.0,0.0
2024-01-10 09:30:00-05:00,26.34000015258789,26.420000076293945,26.280000686645508,26.315000534057617,25184,0.0,0.0,0.0
2024-01-10 10:30:00-05:00,26.329999923706055,26.399999618530273,26.329999923706055,26.373199462890625,14487,0.0,0.0,0.0
2024-01-10 11:30:00-05:00,26.38050079345703,26.440000534057617,26.360000610351562,26.429500579833984,19404,0.0,0.0,0.0
2024-01-10 12:30:00-05:00,26.420000076293945,26.459999084472656,26.399999618530273,26.420000076293945,29021,0.0,0.0,0.0
2024-01-10 13:30:00-05:00,26.40999984741211,26.43470001220703,26.399999618530273,26.430099487304688,20157,0.0,0.0,0.0
2024-01-10 14:30:00-05:00,26.440000534057617,26.479999542236328,26.350000381469727,26.350000381469727,28513,0.0,0.0,0.0
2024-01-10 15:30:00-05:00,26.350000381469727,26.3799991607666,26.299999237060547,26.3700008392334,24139,0.0,0.0,0.0
2024-01-11 09:30:00-05:00,26.229999542236328,26.290000915527344,25.989999771118164,26.099700927734375,35044,0.0,0.0,0.0
2024-01-11 10:30:00-05:00,26.12980079650879,26.165000915527344,26.040000915527344,26.059999465942383,13511,0.0,0.0,0.0
2024-01-11 11:30:00-05:00,26.049999237060547,26.10569953918457,26.010000228881836,26.079999923706055,11561,0.0,0.0,0.0
2024-01-11 12:30:00-05:00,26.079999923706055,26.13249969482422,26.075000762939453,26.09000015258789,13294,0.0,0.0,0.0
2024-01-11 13:30:00-05:00,26.079999923706055,26.149999618530273,26.064300537109375,26.149999618530273,12173,0.0,0.0,0.0
2024-01-11 14:30:00-05:00,26.149999618530273,26.190099716186523,26.06999969482422,26.100000381469727,32235,0.0,0.0,0.0
2024-01-11 15:30:00-05:00,26.09000015258789,26.139999389648438,26.045000076293945,26.1200008392334,30390,0.0,0.0,0.0
2024-01-12 09:30:00-05:00,26.329999923706055,26.450000762939453,26.209999084472656,26.225000381469727,21348,0.0,0.0,0.0
2024-01-12 10:30:00-05:00,26.260000228881836,26.270000457763672,26.165000915527344,26.229999542236328,14008,0.0,0.0,0.0
2024-01-12 11:30:00-05:00,26.259199142456055,26.259199142456055,26.190000534057617,26.229799270629883,10775,0.0,0.0,0.0
2024-01-12 12:30:00-05:00,26.239999771118164,26.264999389648438,26.209999084472656,26.260000228881836,12801,0.0,0.0,0.0
2024-01-12 13:30:00-05:00,26.26569938659668,26.350000381469727,26.260000228881836,26.34000015258789,13006,0.0,0.0,0.0
2024-01-12 14:30:00-05:00,26.329999923706055,26.329999923706055,26.239999771118164,26.270000457763672,25415,0.0,0.0,0.0
2024-01-12 15:30:00-05:00,26.270000457763672,26.30500030517578,26.260000228881836,26.280000686645508,21907,0.0,0.0,0.0
2024-01-16 09:30:00-05:00,26.100000381469727,26.229999542236328,26.03459930419922,26.200000762939453,35906,0.0,0.0,0.0
2024-01-16 10:30:00-05:00,26.229000091552734,26.239999771118164,26.104999542236328,26.190000534057617,43660,0.0,0.0,0.0
2024-01-16 11:30:00-05:00,26.190000534057617,26.22559928894043,26.13010025024414,26.13010025024414,22266,0.0,0.0,0.0
2024-01-16 12:30:00-05:00,26.1299991607666,26.165000915527344,26.114999771118164,26.1299991607666,20085,0.0,0.0,0.0
2024-01-16 13:30:00-05:00,26.15999984741211,26.15999984741211,26.0049991607666,26.040000915527344,38393,0.0,0.0,0.0
2024-01-16 14:30:00-05:00,26.030000686645508,26.079999923706055,26.014999389648438,26.050100326538086,26645,0.0,0.0,0.0
2024-01-16 15:30:00-05:00,26.049999237060547,26.094999313354492,26.020000457763672,26.09000015258789,31982,0.0,0.0,0.0
2024-01-17 09:30:00-05:00,25.790000915527344,26.03499984741211,25.719999313354492,25.93000030517578,24927,0.0,0.0,0.0
2024-01-17 10:30:00-05:00,25.915000915527344,25.915000915527344,25.649999618530273,25.649999618530273,26137,0.0,0.0,0.0
2024-01-17 11:30:00-05:00,25.6299991607666,25.6299991607666,25.459999084472656,25.469999313354492,48150,0.0,0.0,0.0
2024-01-17 12:30:00-05:00,25.469999313354492,25.530000686645508,25.3700008392334,25.385000228881836,18566,0.0,0.0,0.0
2024-01-17 13:30:00-05:00,25.374799728393555,25.469999313354492,25.350000381469727,25.45009994506836,33545,0.0,0.0,0.0
2024-01-17 14:30:00-05:00,25.479999542236328,25.5,25.43000030517578,25.5,17654,0.0,0.0,0.0
2024-01-17 15:30:00-05:00,25.520000457763672,25.6299991607666,25.520000457763672,25.600000381469727,19328,0.0,0.0,0.0
2024-01-18 09:30:00-05:00,25.639999389648438,25.690000534057617,25.450000762939453,25.5,45841,0.0,0.0,0.0
2024-01-18 10:30:00-05:00,25.5,25.520000457763672,25.360000610351562,25.384700775146484,25421,0.0,0.0,0.0
2024-01-18 11:30:00-05:00,25.3799991607666,25.40999984741211,25.309999465942383,25.360000610351562,30246,0.0,0.0,0.0
2024-01-18 12:30:00-05:00,25.34000015258789,25.3700008392334,25.290000915527344,25.329599380493164,17108,0.0,0.0,0.0
2024-01-18 13:30:00-05:00,25.31999969482422,25.449899673461914,25.315000534057617,25.399999618530273,13177,0.0,0.0,0.0
2024-01-18 14:30:00-05:00,25.412700653076172,25.479999542236328,25.364999771118164,25.479999542236328,34321,0.0,0.0,0.0
2024-01-18 15:30:00-05:00,25.479999542236328,25.510000228881836,25.450000762939453,25.459999084472656,35853,0.0,0.0,0.0
2024-01-19 09:30:00-05:00,25.530000686645508,25.565000534057617,25.34000015258789,25.510000228881836,51468,0.0,0.0,0.0
2024-01-19 10:30:00-05:00,25.489999771118164,25.549999237060547,25.469999313354492,25.4950008392334,16912,0.0,0.0,0.0
2024-01-19 11:30:00-05:00,25.520000457763672,25.579999923706055,25.46969985961914,25.579999923706055,34192,0.0,0.0,0.0
2024-01-19 12:30:00-05:00,25.571500778198242,25.695899963378906,25.559999465942383,25.690099716186523,41702,0.0,0.0,0.0
2024-01-19 13:30:00-05:00,25.709999084472656,25.850000381469727,25.704999923706055,25.809999465942383,22341,0.0,0.0,0.0
2024-01-19 14:30:00-05:00,25.80030059814453,25.80030059814453,25.75,25.780000686645508,45455,0.0,0.0,0.0
2024-01-19 15:30:00-05:00,25.780000686645508,25.790000915527344,25.739999771118164,25.760000228881836,15472,0.0,0.0,0.0
2024-01-22 09:30:00-05:00,25.850000381469727,26.149999618530273,25.850000381469727,26.110000610351562,49264,0.0,0.0,0.0
2024-01-22 10:30:00-05:00,26.059999465942383,26.059999465942383,25.92140007019043,25.9424991607666,16510,0.0,0.0,0.0
2024-01-22 11:30:00-05:00,25.950000762939453,25.950000762939453,25.8799991607666,25.90999984741211,9511,0.0,0.0,0.0
2024-01-22 12:30:00-05:00,25.915000915527344,25.915000915527344,25.81999969482422,25.81999969482422,10985,0.0,0.0,0.0
2024-01-22 13:30:00-05:00,25.829999923706055,25.905500411987305,25.809999465942383,25.899999618530273,13632,0.0,0.0,0.0
2024-01-22 14:30:00-05:00,25.899999618530273,26.009899139404297,25.889999389648438,26.0049991607666,32278,0.0,0.0,0.0
2024-01-22 15:30:00-05:00,26.0,26.010000228881836,25.899999618530273,25.899999618530273,24928,0.0,0.0,0.0
2024-01-23 09:30:00-05:00,26.020000457763672,26.09000015258789,25.860000610351562,25.860000610351562,30941,0.0,0.0,0.0
2024-01-23 10:30:00-05:00,25.850000381469727,25.860000610351562,25.690000534057617,25.690000534057617,90805,0.0,0.0,0.0
2024-01-23 11:30:00-05:00,25.69499969482422,25.719999313354492,25.68000030517578,25.690000534057617,14642,0.0,0.0,0.0
2024-01-23 12:30:00-05:00,25.690000534057617,25.710100173950195,25.65999984741211,25.689899444580078,19980,0.0,0.0,0.0
2024-01-23 13:30:00-05:00,25.68000030517578,25.729999542236328,25.670000076293945,25.719999313354492,27901,0.0,0.0,0.0
2024-01-23 14:30:00-05:00,25.70989990234375,25.809999465942383,25.70989990234375,25.770000457763672,23499,0.0,0.0,0.0
2024-01-23 15:30:00-05:00,25.770000457763672,25.795000076293945,25.729999542236328,25.75,26813,0.0,0.0,0.0
2024-01-24 09:30:00-05:00,25.989999771118164,26.010000228881836,25.549999237060547,25.579999923706055,0,0.0,0.0,0.0
2024-01-24 10:30:00-05:00,25.59000015258789,25.690000534057617,25.540000915527344,25.649999618530273,21826,0.0,0.0,0.0
2024-01-24 11:30:00-05:00,25.639999389648438,25.639999389648438,25.559999465942383,25.610000610351562,18239,0.0,0.0,0.0
2024-01-24 12:30:00-05:00,25.600000381469727,25.6200008392334,25.52750015258789,25.540000915527344,27721,0.0,0.0,0.0
2024-01-24 13:30:00-05:00,25.510000228881836,25.510000228881836,25.430299758911133,25.454999923706055,20742,0.0,0.0,0.0
2024-01-24 14:30:00-05:00,25.424999237060547,25.489999771118164,25.375,25.375,32990,0.0,0.0,0.0
2024-01-24 15:30:00-05:00,25.36910057067871,25.416000366210938,25.360000610351562,25.389999389648438,28403,0.0,0.0,0.0
2024-01-25 09:30:00-05:00,25.68000030517578,25.81999969482422,25.656700134277344,25.739999771118164,31857,0.0,0.0,0.0
2024-01-25 10:30:00-05:00,25.739999771118164,25.739999771118164,25.604999542236328,25.72599983215332,22338,0.0,0.0,0.0
2024-01-25 11:30:00-05:00,25.719999313354492,25.719999313354492,25.62649917602539,25.639999389648438,11920,0.0,0.0,0.0
2024-01-25 12:30:00-05:00,25.6299991607666,25.709999084472656,25.579999923706055,25.649999618530273,10567,0.0,0.0,0.0
2024-01-25 13:30:00-05:00,25.65999984741211,25.723600387573242,25.65999984741211,25.670000076293945,8446,0.0,0.0,0.0
2024-01-25 14:30:00-05:00,25.68000030517578,25.680099487304688,25.58989906311035,25.604999542236328,25737,0.0,0.0,0.0
2024-01-25 15:30:00-05:00,25.59000015258789,25.700000762939453,25.59000015258789,25.690000534057617,19819,0.0,0.0,0.0
2024-01-26 09:30:00-05:00,25.780000686645508,25.81999969482422,25.600000381469727,25.616899490356445,20382,0.0,0.0,0.0
2024-01-26 10:30:00-05:00,25.610000610351562,25.709999084472656,25.600000381469727,25.666799545288086,11846,0.0,0.0,0.0
2024-01-26 11:30:00-05:00,25.659000396728516,25.704299926757812,25.639999389648438,25.68000030517578,8370,0.0,0.0,0.0
2024-01-26 12:30:00-05:00,25.65999984741211,25.661100387573242,25.613100051879883,25.65999984741211,10865,0.0,0.0,0.0
2024-01-26 13:30:00-05:00,25.670000076293945,25.670000076293945,25.613800048828125,25.6200008392334,9648,0.0,0.0,0.0
2024-01-26 14:30:00-05:00,25.634599685668945,25.678499221801758,25.6200008392334,25.6299991607666,22903,0.0,0.0,0.0
2024-01-26 15:30:00-05:00,25.6200008392334,25.638200759887695,25.610000610351562,25.6200008392334,16072,0.0,0.0,0.0
2024-01-29 09:30:00-05:00,25.6200008392334,25.649999618530273,25.565200805664062,25.610000610351562,16743,0.0,0.0,0.0
2024-01-29 10:30:00-05:00,25.59000015258789,25.68000030517578,25.59000015258789,25.65999984741211,14601,0.0,0.0,0.0
2024-01-29 11:30:00-05:00,25.649999618530273,25.680200576782227,25.635000228881836,25.68000030517578,18011,0.0,0.0,0.0
2024-01-29 12:30:00-05:00,25.69499969482422,25.700000762939453,25.65999984741211,25.665000915527344,11966,0.0,0.0,0.0
2024-01-29 13:30:00-05:00,25.665000915527344,25.670000076293945,25.607799530029297,25.60890007019043,16508,0.0,0.0,0.0
2024-01-29 14:30:00-05:00,25.600000381469727,25.81999969482422,25.58989906311035,25.819599151611328,35882,0.0,0.0,0.0
2024-01-29 15:30:00-05:00,25.815000534057617,25.840700149536133,25.746000289916992,25.799999237060547,28799,0.0,0.0,0.0
2024-01-30 09:30:00-05:00,25.690000534057617,25.700000762939453,25.519800186157227,25.54990005493164,30337,0.0,0.0,0.0
2024-01-30 10:30:00-05:00,25.530099868774414,25.644399642944336,25.520200729370117,25.644399642944336,31598,0.0,0.0,0.0
2024-01-30 11:30:00-05:00,25.639999389648438,25.690200805664062,25.639999389648438,25.670000076293945,30840,0.0,0.0,0.0
2024-01-30 12:30:00-05:00,25.670000076293945,25.68000030517578,25.6200008392334,25.6200008392334,22367,0.0,0.0,0.0
2024-01-30 13:30:00-05:00,25.6299991607666,25.770000457763672,25.6200008392334,25.76849937438965,32516,0.0,0.0,0.0
2024-01-30 14:30:00-05:00,25.760000228881836,25.760000228881836,25.579999923706055,25.600000381469727,49220,0.0,0.0,0.0
2024-01-30 15:30:00-05:00,25.600000381469727,25.600000381469727,25.55500030517578,25.56999969482422,47501,0.0,0.0,0.0
2024-01-31 09:30:00-05:00,25.59000015258789,25.74329948425293,25.492700576782227,25.74329948425293,33050,0.0,0.0,0.0
2024-01-31 10:30:00-05:00,25.770000457763672,25.81999969482422,25.739999771118164,25.780000686645508,68649,0.0,0.0,0.0
2024-01-31 11:30:00-05:00,25.770000457763672,25.77989959716797,25.6299991607666,25.77989959716797,40558,0.0,0.0,0.0
2024-01-31 12:30:00-05:00,25.760000228881836,25.760000228881836,25.68000030517578,25.69499969482422,22651,0.0,0.0,0.0
2024-01-31 13:30:00-05:00,25.700000762939453,25.739999771118164,25.510000228881836,25.510000228881836,20193,0.0,0.0,0.0
2024-01-31 14:30:00-05:00,25.527000427246094,25.81999969482422,25.25,25.325599670410156,50598,0.0,0.0,0.0
2024-01-31 15:30:00-05:00,25.309999465942383,25.3799991607666,25.270000457763672,25.329999923706055,34501,0.0,0.0,0.0
2024-02-01 09:30:00-05:00,25.280000686645508,25.350000381469727,25.170000076293945,25.280000686645508,119072,0.0,0.0,0.0
2024-02-01 10:30:00-05:00,25.270000457763672,25.350000381469727,25.15999984741211,25.229900360107422,43493,0.0,0.0,0.0
2024-02-01 11:30:00-05:00,25.229999542236328,25.479999542236328,25.229999542236328,25.43000030517578,33981,0.0,0.0,0.0
2024-02-01 12:30:00-05:00,25.440000534057617,25.6299991607666,25.440000534057617,25.549999237060547,26927,0.0,0.0,0.0
2024-02-01 13:30:00-05:00,25.540000915527344,25.631999969482422,25.510000228881836,25.575000762939453,53085,0.0,0.0,0.0
2024-02-01 14:30:00-05:00,25.575000762939453,25.700000762939453,25.54789924621582,25.690000534057617,31956,0.0,0.0,0.0
2024-02-01 15:30:00-05:00,25.700000762939453,25.770000457763672,25.68000030517578,25.770000457763672,75471,0.0,0.0,0.0
2024-02-02 09:30:00-05:00,25.479999542236328,25.479999542236328,25.030000686645508,25.1299991607666,61604,0.0,0.0,0.0
2024-02-02 10:30:00-05:00,25.15999984741211,25.299999237060547,25.14150047302246,25.260000228881836,56365,0.0,0.0,0.0
2024-02-02 11:30:00-05:00,25.290000915527344,25.34000015258789,25.219999313354492,25.280000686645508,27701,0.0,0.0,0.0
2024-02-02 12:30:00-05:00,25.299999237060547,25.360000610351562,25.200000762939453,25.309999465942383,37910,0.0,0.0,0.0
2024-02-02 13:30:00-05:00,25.290000915527344,25.440000534057617,25.290000915527344,25.40999984741211,30088,0.0,0.0,0.0
2024-02-02 14:30:00-05:00,25.468399047851562,25.578399658203125,25.468399047851562,25.56999969482422,26709,0.0,0.0,0.0
2024-02-02 15:30:00-05:00,25.60059928894043,25.60059928894043,25.420000076293945,25.450000762939453,69188,0.0,0.0,0.0
2024-02-05 09:30:00-05:00,25.15999984741211,25.15999984741211,24.850000381469727,24.899999618530273,62017,0.0,0.0,0.0
2024-02-05 10:30:00-05:00,24.92169952392578,25.020000457763672,24.92169952392578,24.989999771118164,20571,0.0,0.0,0.0
2024-02-05 11:30:00-05:00,24.9950008392334,25.0,24.940000534057617,24.985000610351562,15184,0.0,0.0,0.0
2024-02-05 12:30:00-05:00,24.989999771118164,25.0,24.93000030517578,24.959999084472656,17065,0.0,0.0,0.0
2024-02-05 13:30:00-05:00,24.940000534057617,25.038999557495117,24.940000534057617,25.020000457763672,71328,0.0,0.0,0.0
2024-02-05 14:30:00-05:00,25.020000457763672,25.100000381469727,25.020000457763672,25.100000381469727,23202,0.0,0.0,0.0
2024-02-05 15:30:00-05:00,25.100000381469727,25.127300262451172,24.920000076293945,24.93000030517578,37934,0.0,0.0,0.0
2024-02-06 09:30:00-05:00,24.940000534057617,25.279699325561523,24.8700008392334,25.219999313354492,30383,0.0,0.0,0.0
2024-02-06 10:30:00-05:00,25.225000381469727,25.28499984741211,25.18000030517578,25.280000686645508,28624,0.0,0.0,0.0
2024-02-06 11:30:00-05:00,25.264999389648438,25.280000686645508,25.209999084472656,25.249900817871094,26533,0.0,0.0,0.0
2024-02-06 12:30:00-05:00,25.260000228881836,25.270000457763672,25.229700088500977,25.25,28866,0.0,0.0,0.0
2024-02-06 13:30:00-05:00,25.25,25.299400329589844,25.184999465942383,25.209999084472656,43985,0.0,0.0,0.0
2024-02-06 14:30:00-05:00,25.209999084472656,25.260000228881836,25.179899215698242,25.25,24790,0.0,0.0,0.0
2024-02-06 15:30:00-05:00,25.235000610351562,25.290000915527344,25.229999542236328,25.260000228881836,104550,0.0,0.0,0.0
2024-02-07 09:30:00-05:00,25.309999465942383,25.309999465942383,25.079999923706055,25.25,13768,0.0,0.0,0.0
2024-02-07 10:30:00-05:00,25.290000915527344,25.290000915527344,25.18000030517578,25.190000534057617,11756,0.0,0.0,0.0
2024-02-07 11:30:00-05:00,25.184999465942383,25.270000457763672,25.184999465942383,25.239999771118164,22398,0.0,0.0,0.0
2024-02-07 12:30:00-05:00,25.229999542236328,25.31999969482422,25.200000762939453,25.31999969482422,16891,0.0,0.0,0.0
2024-02-07 13:30:00-05:00,25.31999969482422,25.364999771118164,25.290000915527344,25.31999969482422,17382,0.0,0.0,0.0
2024-02-07 14:30:00-05:00,25.31999969482422,25.360000610351562,25.295000076293945,25.309999465942383,28247,0.0,0.0,0.0
2024-02-07 15:30:00-05:00,25.299999237060547,25.299999237060547,25.190000534057617,25.229999542236328,24862,0.0,0.0,0.0
2024-02-08 09:30:00-05:00,25.15999984741211,25.40999984741211,25.15999984741211,25.3799991607666,19996,0.0,0.0,0.0
2024-02-08 10:30:00-05:00,25.3799991607666,25.3799991607666,25.219999313354492,25.229999542236328,25266,0.0,0.0,0.0
2024-02-08 11:30:00-05:00,25.239999771118164,25.3700008392334,25.239999771118164,25.3700008392334,17690,0.0,0.0,0.0
2024-02-08 12:30:00-05:00,25.3700008392334,25.424999237060547,25.360000610351562,25.405000686645508,21435,0.0,0.0,0.0
2024-02-08 13:30:00-05:00,25.40999984741211,25.49220085144043,25.39430046081543,25.479999542236328,21680,0.0,0.0,0.0
2024-02-08 14:30:00-05:00,25.46500015258789,25.46500015258789,25.415000915527344,25.450000762939453,31217,0.0,0.0,0.0
2024-02-08 15:30:00-05:00,25.44499969482422,25.450000762939453,25.40999984741211,25.420000076293945,25210,0.0,0.0,0.0
2024-02-09 09:30:00-05:00,25.399999618530273,25.5,25.200000762939453,25.209999084472656,26138,0.0,0.0,0.0
2024-02-09 10:30:00-05:00,25.200899124145508,25.319000244140625,25.17009925842285,25.230100631713867,30752,0.0,0.0,0.0
2024-02-09 11:30:00-05:00,25.260000228881836,25.299999237060547,25.25,25.299999237060547,10891,0.0,0.0,0.0
2024-02-09 12:30:00-05:00,25.299999237060547,25.40399932861328,25.290000915527344,25.389999389648438,15261,0.0,0.0,0.0
2024-02-09 13:30:00-05:00,25.40999984741211,25.424999237060547,25.360000610351562,25.41629981994629,31985,0.0,0.0,0.0
2024-02-09 14:30:00-05:00,25.420000076293945,25.455799102783203,25.3700008392334,25.40999984741211,18450,0.0,0.0,0.0
2024-02-09 15:30:00-05:00,25.40999984741211,25.469999313354492,25.391000747680664,25.469999313354492,28215,0.0,0.0,0.0
2024-02-12 09:30:00-05:00,25.510000228881836,25.6200008392334,25.479999542236328,25.520000457763672,31156,0.0,0.0,0.0
2024-02-12 10:30:00-05:00,25.530000686645508,25.59000015258789,25.440000534057617,25.579999923706055,26511,0.0,0.0,0.0
2024-02-12 11:30:00-05:00,25.600000381469727,25.610000610351562,25.510000228881836,25.549999237060547,14753,0.0,0.0,0.0
2024-02-12 12:30:00-05:00,25.540000915527344,25.56999969482422,25.5049991607666,25.520000457763672,26877,0.0,0.0,0.0
2024-02-12 13:30:00-05:00,25.520000457763672,25.56999969482422,25.440000534057617,25.469999313354492,23870,0.0,0.0,0.0
2024-02-12 14:30:00-05:00,25.469999313354492,25.510000228881836,25.450000762939453,25.450000762939453,20600,0.0,0.0,0.0
2024-02-12 15:30:00-05:00,25.440000534057617,25.510000228881836,25.43000030517578,25.459999084472656,25597,0.0,0.0,0.0
2024-02-13 09:30:00-05:00,24.8799991607666,24.8799991607666,24.610000610351562,24.68000030517578,72069,0.0,0.0,0.0
2024-02-13 10:30:00-05:00,24.680099487304688,24.864999771118164,24.6299991607666,24.860000610351562,54325,0.0,0.0,0.0
2024-02-13 11:30:00-05:00,24.8700008392334,24.909799575805664,24.845600128173828,24.8700008392334,23654,0.0,0.0,0.0
2024-02-13 12:30:00-05:00,24.850000381469727,24.889999389648438,24.799999237060547,24.84000015258789,25251,0.0,0.0,0.0
2024-02-13 13:30:00-05:00,24.84000015258789,24.84000015258789,24.719999313354492,24.719999313354492,25835,0.0,0.0,0.0
2024-02-13 14:30:00-05:00,24.739999771118164,24.774999618530273,24.635000228881836,24.690000534057617,27724,0.0,0.0,0.0
2024-02-13 15:30:00-05:00,24.69969940185547,24.940000534057617,24.690099716186523,24.93000030517578,52390,0.0,0.0,0.0
2024-02-14 09:30:00-05:00,25.06999969482422,25.170000076293945,24.950000762939453,25.110000610351562,40319,0.0,0.0,0.0
2024-02-14 10:30:00-05:00,25.100000381469727,25.1200008392334,24.989999771118164,25.09000015258789,31636,0.0,0.0,0.0
2024-02-14 11:30:00-05:00,25.06999969482422,25.094999313354492,24.959999084472656,25.094999313354492,22105,0.0,0.0,0.0
2024-02-14 12:30:00-05:00,25.100000381469727,25.114999771118164,25.06999969482422,25.100000381469727,29627,0.0,0.0,0.0
2024-02-14 13:30:00-05:00,25.10420036315918,25.174999237060547,25.09000015258789,25.170000076293945,13736,0.0,0.0,0.0
2024-02-14 14:30:00-05:00,25.15999984741211,25.270000457763672,25.15999984741211,25.260000228881836,29904,0.0,0.0,0.0
2024-02-14 15:30:00-05:00,25.239999771118164,25.24250030517578,25.0851993560791,25.1299991607666,40102,0.0,0.0,0.0
2024-02-15 09:30:00-05:00,25.299999237060547,25.68000030517578,25.299999237060547,25.639999389648438,0,0.0,0.0,0.0
2024-02-15 10:30:00-05:00,25.6200008392334,25.6200008392334,25.530000686645508,25.539499282836914,22681,0.0,0.0,0.0
2024-02-15 11:30:00-05:00,25.530000686645508,25.600000381469727,25.520000457763672,25.579999923706055,9188,0.0,0.0,0.0
2024-02-15 12:30:00-05:00,25.589000701904297,25.701900482177734,25.586000442504883,25.701900482177734,22362,0.0,0.0,0.0
2024-02-15 13:30:00-05:00,25.709999084472656,25.729999542236328,25.676000595092773,25.700000762939453,20783,0.0,0.0,0.0
2024-02-15 14:30:00-05:00,25.700000762939453,25.739999771118164,25.679899215698242,25.700000762939453,17274,0.0,0.0,0.0
2024-02-15 15:30:00-05:00,25.690000534057617,25.719999313354492,25.655000686645508,25.719999313354492,17044,0.0,0.0,0.0
2024-02-16 09:30:00-05:00,25.420000076293945,25.559999465942383,25.290000915527344,25.510000228881836,25396,0.0,0.0,0.0
2024-02-16 10:30:00-05:00,25.489999771118164,25.57990074157715,25.479999542236328,25.5718994140625,14442,0.0,0.0,0.0
2024-02-16 11:30:00-05:00,25.549999237060547,25.579999923706055,25.520000457763672,25.579999923706055,9368,0.0,0.0,0.0
2024-02-16 12:30:00-05:00,25.56999969482422,25.59000015258789,25.530000686645508,25.56999969482422,8679,0.0,0.0,0.0
2024-02-16 13:30:00-05:00,25.579999923706055,25.600000381469727,25.540000915527344,25.600000381469727,12352,0.0,0.0,0.0
2024-02-16 14:30:00-05:00,25.59000015258789,25.59000015258789,25.450000762939453,25.489999771118164,26452,0.0,0.0,0.0
2024-02-16 15:30:00-05:00,25.5,25.540000915527344,25.440000534057617,25.479999542236328,33236,0.0,0.0,0.0
2024-02-20 09:30:00-05:00,25.329999923706055,25.510000228881836,25.209999084472656,25.5,49667,0.0,0.0,0.0
2024-02-20 10:30:00-05:00,25.509899139404297,25.509899139404297,25.41790008544922,25.43670082092285,24535,0.0,0.0,0.0
2024-02-20 11:30:00-05:00,25.428600311279297,25.428600311279297,25.309999465942383,25.329999923706055,8798,0.0,0.0,0.0
2024-02-20 12:30:00-05:00,25.32379913330078,25.399999618530273,25.31999969482422,25.354999542236328,13680,0.0,0.0,0.0
2024-02-20 13:30:00-05:00,25.360000610351562,25.409000396728516,25.31999969482422,25.389999389648438,17464,0.0,0.0,0.0
2024-02-20 14:30:00-05:00,25.389999389648438,25.41510009765625,25.375,25.399999618530273,19170,0.0,0.0,0.0
2024-02-20 15:30:00-05:00,25.399999618530273,25.405000686645508,25.309999465942383,25.405000686645508,78844,0.0,0.0,0.0
2024-02-21 09:30:00-05:00,25.43000030517578,25.559999465942383,25.389999389648438,25.530000686645508,59972,0.0,0.0,0.0
2024-02-21 10:30:00-05:00,25.530000686645508,25.53499984741211,25.43000030517578,25.479999542236328,15191,0.0,0.0,0.0
2024-02-21 11:30:00-05:00,25.479999542236328,25.530000686645508,25.479999542236328,25.5,13342,0.0,0.0,0.0
2024-02-21 12:30:00-05:00,25.489999771118164,25.549999237060547,25.475000381469727,25.540000915527344,10406,0.0,0.0,0.0
2024-02-21 13:30:00-05:00,25.549999237060547,25.579999923706055,25.479999542236328,25.510000228881836,21311,0.0,0.0,0.0
2024-02-21 14:30:00-05:00,25.510000228881836,25.53499984741211,25.469999313354492,25.490100860595703,14809,0.0,0.0,0.0
2024-02-21 15:30:00-05:00,25.489999771118164,25.59000015258789,25.489999771118164,25.559999465942383,42675,0.0,0.0,0.0
2024-02-22 09:30:00-05:00,25.6200008392334,25.736000061035156,25.59000015258789,25.610000610351562,29894,0.0,0.0,0.0
2024-02-22 10:30:00-05:00,25.610000610351562,25.639999389648438,25.559999465942383,25.625,29326,0.0,0.0,0.0
2024-02-22 11:30:00-05:00,25.625,25.655500411987305,25.59000015258789,25.610000610351562,12704,0.0,0.0,0.0
2024-02-22 12:30:00-05:00,25.6200008392334,25.649999618530273,25.579999923706055,25.649999618530273,9542,0.0,0.0,0.0
2024-02-22 13:30:00-05:00,25.65999984741211,25.668699264526367,25.614999771118164,25.640100479125977,17551,0.0,0.0,0.0
2024-02-22 14:30:00-05:00,25.639999389648438,25.65999984741211,25.559999465942383,25.65999984741211,24562,0.0,0.0,0.0
2024-02-22 15:30:00-05:00,25.649999618530273,25.65999984741211,25.600000381469727,25.604999542236328,23476,0.0,0.0,0.0
2024-02-23 09:30:00-05:00,25.639999389648438,25.68000030517578,25.559999465942383,25.639999389648438,22965,0.0,0.0,0.0
2024-02-23 10:30:00-05:00,25.639999389648438,25.719999313354492,25.62179946899414,25.66990089416504,13288,0.0,0.0,0.0
2024-02-23 11:30:00-05:00,25.649999618530273,25.700000762939453,25.639999389648438,25.674999237060547,18528,0.0,0.0,0.0
2024-02-23 12:30:00-05:00,25.68000030517578,25.718599319458008,25.65999984741211,25.71500015258789,15088,0.0,0.0,0.0
2024-02-23 13:30:00-05:00,25.709999084472656,25.746000289916992,25.66990089416504,25.670000076293945,26493,0.0,0.0,0.0
2024-02-23 14:30:00-05:00,25.68000030517578,25.690000534057617,25.655000686645508,25.670000076293945,19830,0.0,0.0,0.0
2024-02-23 15:30:00-05:00,25.677900314331055,25.68000030517578,25.599899291992188,25.600000381469727,47092,0.0,0.0,0.0
2024-02-26 09:30:00-05:00,25.559999465942383,25.65999984741211,25.420000076293945,25.5049991607666,42655,0.0,0.0,0.0
2024-02-26 10:30:00-05:00,25.510000228881836,25.530000686645508,25.3700008392334,25.399999618530273,113042,0.0,0.0,0.0
2024-02-26 11:30:00-05:00,25.399999618530273,25.420000076293945,25.34000015258789,25.389999389648438,18412,0.0,0.0,0.0
2024-02-26 12:30:00-05:00,25.3700008392334,25.375,25.290000915527344,25.299999237060547,16244,0.0,0.0,0.0
2024-02-26 13:30:00-05:00,25.299999237060547,25.317899703979492,25.270000457763672,25.315000534057617,20444,0.0,0.0,0.0
2024-02-26 14:30:00-05:00,25.315000534057617,25.405000686645508,25.299999237060547,25.350000381469727,26940,0.0,0.0,0.0
2024-02-26 15:30:00-05:00,25.329999923706055,25.3799991607666,25.299999237060547,25.299999237060547,31108,0.0,0.0,0.0
2024-02-27 09:30:00-05:00,25.489999771118164,25.55500030517578,25.329999923706055,25.354999542236328,33821,0.0,0.0,0.0
2024-02-27 10:30:00-05:00,25.3799991607666,25.389999389648438,25.31999969482422,25.360000610351562,19523,0.0,0.0,0.0
2024-02-27 11:30:00-05:00,25.365100860595703,25.389999389648438,25.329999923706055,25.3799991607666,18166,0.0,0.0,0.0
2024-02-27 12:30:00-05:00,25.3799991607666,25.43829917907715,25.3799991607666,25.389999389648438,28090,0.0,0.0,0.0
2024-02-27 13:30:00-05:00,25.3799991607666,25.399999618530273,25.295000076293945,25.309999465942383,18740,0.0,0.0,0.0
2024-02-27 14:30:00-05:00,25.309999465942383,25.389999389648438,25.299999237060547,25.3799991607666,20032,0.0,0.0,0.0
2024-02-27 15:30:00-05:00,25.3799991607666,25.3799991607666,25.31570053100586,25.360000610351562,18654,0.0,0.0,0.0
2024-02-28 09:30:00-05:00,25.209999084472656,25.40999984741211,25.209999084472656,25.40999984741211,21754,0.0,0.0,0.0
2024-02-28 10:30:00-05:00,25.440000534057617,25.540000915527344,25.440000534057617,25.510000228881836,16761,0.0,0.0,0.0
2024-02-28 11:30:00-05:00,25.5,25.6200008392334,25.5,25.6200008392334,20386,0.0,0.0,0.0
2024-02-28 12:30:00-05:00,25.6299991607666,25.680200576782227,25.600000381469727,25.68000030517578,11215,0.0,0.0,0.0
2024-02-28 13:30:00-05:00,25.709999084472656,25.75,25.670000076293945,25.670000076293945,30268,0.0,0.0,0.0
2024-02-28 14:30:00-05:00,25.660200119018555,25.68000030517578,25.599899291992188,25.604999542236328,28643,0.0,0.0,0.0
2024-02-28 15:30:00-05:00,25.610000610351562,25.6299991607666,25.56999969482422,25.610000610351562,128015,0.0,0.0,0.0
2024-02-29 09:30:00-05:00,25.75,25.909900665283203,25.75,25.899900436401367,39513,0.0,0.0,0.0
2024-02-29 10:30:00-05:00,25.889999389648438,25.899999618530273,25.809999465942383,25.81369972229004,22158,0.0,0.0,0.0
2024-02-29 11:30:00-05:00,25.809999465942383,25.809999465942383,25.709999084472656,25.770000457763672,12643,0.0,0.0,0.0
2024-02-29 12:30:00-05:00,25.760000228881836,25.905000686645508,25.759899139404297,25.905000686645508,11736,0.0,0.0,0.0
2024-02-29 13:30:00-05:00,25.899999618530273,25.94849967956543,25.8700008392334,25.94499969482422,17611,0.0,0.0,0.0
2024-02-29 14:30:00-05:00,25.950000762939453,25.950000762939453,25.790300369262695,25.799999237060547,22271,0.0,0.0,0.0
2024-02-29 15:30:00-05:00,25.799999237060547,25.899999618530273,25.799999237060547,25.844999313354492,18455,0.0,0.0,0.0
2024-03-01 09:30:00-05:00,25.799999237060547,25.950000762939453,25.530000686645508,25.920000076293945,35784,0.0,0.0,0.0
2024-03-01 10:30:00-05:00,25.899999618530273,25.969999313354492,25.8700008392334,25.950000762939453,25742,0.0,0.0,0.0
2024-03-01 11:30:00-05:00,25.915000915527344,25.950000762939453,25.889999389648438,25.924999237060547,29563,0.0,0.0,0.0
2024-03-01 12:30:00-05:00,25.920000076293945,25.940000534057617,25.8799991607666,25.889999389648438,53642,0.0,0.0,0.0
2024-03-01 13:30:00-05:00,25.8799991607666,25.950000762939453,25.875,25.90999984741211,34381,0.0,0.0,0.0
2024-03-01 14:30:00-05:00,25.929899215698242,26.0,25.915000915527344,26.0,22366,0.0,0.0,0.0
2024-03-01 15:30:00-05:00,26.016700744628906,26.104999542236328,26.0,26.100000381469727,40284,0.0,0.0,0.0
2024-03-04 09:30:00-05:00,26.030000686645508,26.139999389648438,25.870100021362305,25.959999084472656,41718,0.0,0.0,0.0
2024-03-04 10:30:00-05:00,25.959999084472656,26.109899520874023,25.959999084472656,26.084999084472656,24230,0.0,0.0,0.0
2024-03-04 11:30:00-05:00,26.097400665283203,26.229999542236328,26.097400665283203,26.229999542236328,19036,0.0,0.0,0.0
2024-03-04 12:30:00-05:00,26.239999771118164,26.239999771118164,26.18000030517578,26.20009994506836,13224,0.0,0.0,0.0
2024-03-04 13:30:00-05:00,26.200000762939453,26.267099380493164,26.200000762939453,26.264999389648438,18552,0.0,0.0,0.0
2024-03-04 14:30:00-05:00,26.270000457763672,26.385000228881836,26.264999389648438,26.360000610351562,31269,0.0,0.0,0.0
2024-03-04 15:30:00-05:00,26.34000015258789,26.3700008392334,26.290000915527344,26.360000610351562,17897,0.0,0.0,0.0
2024-03-05 09:30:00-05:00,26.25,26.420000076293945,26.25,26.360000610351562,43043,0.0,0.0,0.0
2024-03-05 10:30:00-05:00,26.360000610351562,26.40999984741211,26.290000915527344,26.31999969482422,13940,0.0,0.0,0.0
2024-03-05 11:30:00-05:00,26.31999969482422,26.33989906311035,26.219999313354492,26.229999542236328,14761,0.0,0.0,0.0
2024-03-05 12:30:00-05:00,26.209999084472656,26.229999542236328,26.18000030517578,26.200000762939453,12231,0.0,0.0,0.0
2024-03-05 13:30:00-05:00,26.209999084472656,26.229999542236328,26.09000015258789,26.114999771118164,17787,0.0,0.0,0.0
2024-03-05 14:30:00-05:00,26.104999542236328,26.104999542236328,25.979999542236328,25.989999771118164,23109,0.0,0.0,0.0
2024-03-05 15:30:00-05:00,25.975000381469727,26.100000381469727,25.940000534057617,26.049999237060547,34575,0.0,0.0,0.0
2024-03-06 09:30:00-05:00,26.200000762939453,26.270000457763672,26.110000610351562,26.139999389648438,28450,0.0,0.0,0.0
2024-03-06 10:30:00-05:00,26.135000228881836,26.190000534057617,26.1299991607666,26.165000915527344,17874,0.0,0.0,0.0
2024-03-06 11:30:00-05:00,26.174999237060547,26.227500915527344,26.15999984741211,26.190000534057617,20953,0.0,0.0,0.0
2024-03-06 12:30:00-05:00,26.190000534057617,26.219999313354492,26.149999618530273,26.190000534057617,12786,0.0,0.0,0.0
2024-03-06 13:30:00-05:00,26.185100555419922,26.185100555419922,26.040000915527344,26.120100021362305,14491,0.0,0.0,0.0
2024-03-06 14:30:00-05:00,26.1299991607666,26.15999984741211,26.06999969482422,26.15999984741211,27524,0.0,0.0,0.0
2024-03-06 15:30:00-05:00,26.15999984741211,26.200000762939453,26.13990020751953,26.170000076293945,28597,0.0,0.0,0.0
2024-03-07 09:30:00-05:00,26.299999237060547,26.350000381469727,26.19499969482422,26.280000686645508,25113,0.0,0.0,0.0
2024-03-07 10:30:00-05:00,26.280000686645508,26.280000686645508,26.145000457763672,26.170000076293945,23890,0.0,0.0,0.0
2024-03-07 11:30:00-05:00,26.15999984741211,26.15999984741211,26.1200008392334,26.12380027770996,15627,0.0,0.0,0.0
2024-03-07 12:30:00-05:00,26.114500045776367,26.17970085144043,26.110000610351562,26.150299072265625,15053,0.0,0.0,0.0
2024-03-07 13:30:00-05:00,26.16900062561035,26.180099487304688,26.079999923706055,26.084999084472656,19680,0.0,0.0,0.0
2024-03-07 14:30:00-05:00,26.06999969482422,26.137300491333008,26.055099487304688,26.137300491333008,22262,0.0,0.0,0.0
2024-03-07 15:30:00-05:00,26.1200008392334,26.200000762939453,26.1200008392334,26.190000534057617,16820,0.0,0.0,0.0
2024-03-08 09:30:00-05:00,26.350000381469727,26.559999465942383,26.350000381469727,26.4950008392334,31494,0.0,0.0,0.0
2024-03-08 10:30:00-05:00,26.46179962158203,26.5,26.399999618530273,26.43000030517578,21776,0.0,0.0,0.0
2024-03-08 11:30:00-05:00,26.43000030517578,26.489999771118164,26.429800033569336,26.454999923706055,20409,0.0,0.0,0.0
2024-03-08 12:30:00-05:00,26.450000762939453,26.484699249267578,26.399999618530273,26.459999084472656,25389,0.0,0.0,0.0
2024-03-08 13:30:00-05:00,26.450000762939453,26.514999389648438,26.389999389648438,26.514999389648438,11401,0.0,0.0,0.0
2024-03-08 14:30:00-05:00,26.530000686645508,26.530000686645508,26.425899505615234,26.43000030517578,60172,0.0,0.0,0.0
2024-03-08 15:30:00-05:00,26.442699432373047,26.5,26.442699432373047,26.469999313354492,28911,0.0,0.0,0.0
2024-03-11 09:30:00-04:00,26.399999618530273,26.56999969482422,26.239999771118164,26.31999969482422,29527,0.0,0.0,0.0
2024-03-11 10:30:00-04:00,26.315000534057617,26.3700008392334,26.270000457763672,26.270000457763672,12740,0.0,0.0,0.0
2024-03-11 11:30:00-04:00,26.270000457763672,26.354999542236328,26.268299102783203,26.344999313354492,11500,0.0,0.0,0.0
2024-03-11 12:30:00-04:00,26.34000015258789,26.40999984741211,26.331100463867188,26.40999984741211,12530,0.0,0.0,0.0
2024-03-11 13:30:00-04:00,26.399999618530273,26.399999618530273,26.329999923706055,26.34000015258789,6764,0.0,0.0,0.0
2024-03-11 14:30:00-04:00,26.34000015258789,26.385000228881836,26.334999084472656,26.34000015258789,18853,0.0,0.0,0.0
2024-03-11 15:30:00-04:00,26.350000381469727,26.385000228881836,26.31999969482422,26.360000610351562,30065,0.0,0.0,0.0
2024-03-12 09:30:00-04:00,26.299999237060547,26.3700008392334,26.209999084472656,26.350000381469727,25751,0.0,0.0,0.0
2024-03-12 10:30:00-04:00,26.34000015258789,26.395000457763672,26.310100555419922,26.34000015258789,12685,0.0,0.0,0.0
2024-03-12 11:30:00-04:00,26.350000381469727,26.350000381469727,26.170000076293945,26.170000076293945,19787,0.0,0.0,0.0
2024-03-12 12:30:00-04:00,26.155000686645508,26.170000076293945,26.075000762939453,26.102500915527344,23216,0.0,0.0,0.0
2024-03-12 13:30:00-04:00,26.110000610351562,26.2450008392334,26.100000381469727,26.2450008392334,12475,0.0,0.0,0.0
2024-03-12 14:30:00-04:00,26.260000228881836,26.280000686645508,26.229999542236328,26.274999618530273,9068,0.0,0.0,0.0
2024-03-12 15:30:00-04:00,26.290000915527344,26.329999923706055,26.2549991607666,26.280000686645508,34980,0.0,0.0,0.0
2024-03-13 09:30:00-04:00,26.239999771118164,26.399999618530273,26.239999771118164,26.389999389648438,24032,0.0,0.0,0.0
2024-03-13 10:30:00-04:00,26.360000610351562,26.360000610351562,26.290000915527344,26.329599380493164,12557,0.0,0.0,0.0
2024-03-13 11:30:00-04:00,26.31999969482422,26.376100540161133,26.31999969482422,26.34000015258789,13675,0.0,0.0,0.0
2024-03-13 12:30:00-04:00,26.329999923706055,26.350000381469727,26.290000915527344,26.300199508666992,14436,0.0,0.0,0.0
2024-03-13 13:30:00-04:00,26.299999237060547,26.309999465942383,26.274999618530273,26.290000915527344,16919,0.0,0.0,0.0
2024-03-13 14:30:00-04:00,26.309200286865234,26.309200286865234,26.100000381469727,26.100000381469727,21025,0.0,0.0,0.0
2024-03-13 15:30:00-04:00,26.1200008392334,26.184999465942383,26.114999771118164,26.149999618530273,17938,0.0,0.0,0.0
2024-03-14 09:30:00-04:00,26.049999237060547,26.094999313354492,25.71500015258789,25.71500015258789,32989,0.0,0.0,0.0
2024-03-14 10:30:00-04:00,25.709999084472656,25.75510025024414,25.68000030517578,25.68000030517578,11749,0.0,0.0,0.0
2024-03-14 11:30:00-04:00,25.68000030517578,25.71500015258789,25.65999984741211,25.69499969482422,18406,0.0,0.0,0.0
2024-03-14 12:30:00-04:00,25.684900283813477,25.704999923706055,25.590299606323242,25.590299606323242,16156,0.0,0.0,0.0
2024-03-14 13:30:00-04:00,25.56999969482422,25.649999618530273,25.559999465942383,25.649999618530273,14579,0.0,0.0,0.0
2024-03-14 14:30:00-04:00,25.639999389648438,25.68000030517578,25.575000762939453,25.610000610351562,23924,0.0,0.0,0.0
2024-03-14 15:30:00-04:00,25.59000015258789,25.780000686645508,25.559900283813477,25.760000228881836,26940,0.0,0.0,0.0
2024-03-15 09:30:00-04:00,25.25,25.559999465942383,25.25,25.440000534057617,24459,0.0,0.0,0.0
2024-03-15 10:30:00-04:00,25.43000030517578,25.559999465942383,25.420000076293945,25.469999313354492,24364,0.0,0.0,0.0
2024-03-15 11:30:00-04:00,25.459999084472656,25.485000610351562,25.384300231933594,25.409900665283203,21505,0.0,0.0,0.0
2024-03-15 12:30:00-04:00,25.405099868774414,25.424999237060547,25.34980010986328,25.389999389648438,11299,0.0,0.0,0.0
2024-03-15 13:30:00-04:00,25.399999618530273,25.405000686645508,25.350000381469727,25.399999618530273,9453,0.0,0.0,0.0
2024-03-15 14:30:00-04:00,25.399999618530273,25.530000686645508,25.375,25.4950008392334,35897,0.0,0.0,0.0
2024-03-15 15:30:00-04:00,25.5049991607666,25.520000457763672,25.475000381469727,25.479999542236328,15209,0.0,0.0,0.0
2024-03-18 09:30:00-04:00,25.489999771118164,25.59000015258789,25.459999084472656,25.520200729370117,38881,0.0,0.0,0.0
2024-03-18 10:30:00-04:00,25.524999618530273,25.565000534057617,25.479999542236328,25.559999465942383,82232,0.0,0.0,0.0
2024-03-18 11:30:00-04:00,25.560100555419922,25.610000610351562,25.545000076293945,25.565000534057617,13136,0.0,0.0,0.0
2024-03-18 12:30:00-04:00,25.549999237060547,25.59000015258789,25.54509925842285,25.56999969482422,4903,0.0,0.0,0.0
2024-03-18 13:30:00-04:00,25.56999969482422,25.56999969482422,25.469999313354492,25.5,19578,0.0,0.0,0.0
2024-03-18 14:30:00-04:00,25.510000228881836,25.549999237060547,25.489999771118164,25.530000686645508,20440,0.0,0.0,0.0
2024-03-18 15:30:00-04:00,25.520000457763672,25.520000457763672,25.450000762939453,25.469999313354492,22768,0.0,0.0,0.0
2024-03-19 09:30:00-04:00,25.43000030517578,25.56999969482422,25.333799362182617,25.34000015258789,45578,0.0,0.0,0.0
2024-03-19 10:30:00-04:00,25.350000381469727,25.415000915527344,25.329999923706055,25.389999389648438,33768,0.0,0.0,0.0
2024-03-19 11:30:00-04:00,25.395000457763672,25.475000381469727,25.3799991607666,25.459999084472656,33282,0.0,0.0,0.0
2024-03-19 12:30:00-04:00,25.469999313354492,25.5,25.446800231933594,25.459999084472656,31283,0.0,0.0,0.0
2024-03-19 13:30:00-04:00,25.459999084472656,25.479999542236328,25.424999237060547,25.46500015258789,21029,0.0,0.0,0.0
2024-03-19 14:30:00-04:00,25.459999084472656,25.5,25.45009994506836,25.45009994506836,31973,0.0,0.0,0.0
2024-03-19 15:30:00-04:00,25.450000762939453,25.51650047302246,25.440000534057617,25.489999771118164,24216,0.0,0.0,0.0
2024-03-20 09:30:00-04:00,25.299999237060547,25.480100631713867,25.219999313354492,25.450000762939453,120020,0.0,0.0,0.0
2024-03-20 10:30:00-04:00,25.450000762939453,25.520000457763672,25.434999465942383,25.459999084472656,25779,0.0,0.0,0.0
2024-03-20 11:30:00-04:00,25.459999084472656,25.459999084472656,25.415000915527344,25.44499969482422,15316,0.0,0.0,0.0
2024-03-20 12:30:00-04:00,25.434999465942383,25.450000762939453,25.389999389648438,25.40999984741211,15011,0.0,0.0,0.0
2024-03-20 13:30:00-04:00,25.420000076293945,25.59000015258789,25.38990020751953,25.4950008392334,24797,0.0,0.0,0.0
2024-03-20 14:30:00-04:00,25.489999771118164,25.71500015258789,25.399900436401367,25.709999084472656,62089,0.0,0.0,0.0
2024-03-20 15:30:00-04:00,25.700000762939453,25.709999084472656,25.579999923706055,25.639999389648438,46851,0.0,0.0,0.0
2024-03-21 09:30:00-04:00,25.75,25.91469955444336,25.729999542236328,25.829999923706055,16571,0.0,0.0,0.0
2024-03-21 10:30:00-04:00,25.829999923706055,25.93000030517578,25.795000076293945,25.795000076293945,18353,0.0,0.0,0.0
2024-03-21 11:30:00-04:00,25.790000915527344,25.80500030517578,25.71500015258789,25.729999542236328,20240,0.0,0.0,0.0
2024-03-21 12:30:00-04:00,25.735000610351562,25.739999771118164,25.69059944152832,25.700599670410156,26604,0.0,0.0,0.0
2024-03-21 13:30:00-04:00,25.700000762939453,25.75670051574707,25.673999786376953,25.7549991607666,16338,0.0,0.0,0.0
2024-03-21 14:30:00-04:00,25.770000457763672,25.81999969482422,25.770000457763672,25.818700790405273,26400,0.0,0.0,0.0
2024-03-21 15:30:00-04:00,25.81999969482422,25.850000381469727,25.799999237060547,25.829999923706055,16983,0.0,0.0,0.0
2024-03-22 09:30:00-04:00,25.84000015258789,25.875,25.702800750732422,25.702800750732422,28004,0.0,0.0,0.0
2024-03-22 10:30:00-04:00,25.700000762939453,25.71980094909668,25.56999969482422,25.56999969482422,16715,0.0,0.0,0.0
2024-03-22 11:30:00-04:00,25.604999542236328,25.6200008392334,25.520000457763672,25.530000686645508,14998,0.0,0.0,0.0
2024-03-22 12:30:00-04:00,25.5,25.51020050048828,25.469999313354492,25.500099182128906,17059,0.0,0.0,0.0
2024-03-22 13:30:00-04:00,25.5,25.549999237060547,25.5,25.524200439453125,9432,0.0,0.0,0.0
2024-03-22 14:30:00-04:00,25.530000686645508,25.579999923706055,25.4950008392334,25.510099411010742,27797,0.0,0.0,0.0
2024-03-22 15:30:00-04:00,25.510000228881836,25.540000915527344,25.485000610351562,25.5,28973,0.0,0.0,0.0
2024-03-25 09:30:00-04:00,25.5,25.579999923706055,25.420000076293945,25.4552001953125,19640,0.0,0.0,0.0
2024-03-25 10:30:00-04:00,25.440000534057617,25.5049991607666,25.426000595092773,25.489999771118164,11516,0.0,0.0,0.0
2024-03-25 11:30:00-04:00,25.5,25.510000228881836,25.469999313354492,25.510000228881836,13400,0.0,0.0,0.0
2024-03-25 12:30:00-04:00,25.509899139404297,25.510299682617188,25.45009994506836,25.451000213623047,28918,0.0,0.0,0.0
2024-03-25 13:30:00-04:00,25.46500015258789,25.475000381469727,25.450000762939453,25.459999084472656,9137,0.0,0.0,0.0
2024-03-25 14:30:00-04:00,25.451799392700195,25.479999542236328,25.3799991607666,25.399999618530273,11117,0.0,0.0,0.0
2024-03-25 15:30:00-04:00,25.40999984741211,25.40999984741211,25.3700008392334,25.3799991607666,26239,0.0,0.0,0.0
2024-03-26 09:30:00-04:00,25.40999984741211,25.40999984741211,25.34000015258789,25.389999389648438,33224,0.0,0.0,0.0
2024-03-26 10:30:00-04:00,25.389999389648438,25.43000030517578,25.36009979248047,25.3700008392334,16678,0.0,0.0,0.0
2024-03-26 11:30:00-04:00,25.3799991607666,25.389999389648438,25.32309913635254,25.389999389648438,21578,0.0,0.0,0.0
2024-03-26 12:30:00-04:00,25.3700008392334,25.375,25.358699798583984,25.369699478149414,24346,0.0,0.0,0.0
2024-03-26 13:30:00-04:00,25.371000289916992,25.3799991607666,25.341100692749023,25.3700008392334,14340,0.0,0.0,0.0
2024-03-26 14:30:00-04:00,25.364999771118164,25.405000686645508,25.360000610351562,25.391599655151367,9132,0.0,0.0,0.0
2024-03-26 15:30:00-04:00,25.375,25.375,25.239999771118164,25.239999771118164,17279,0.0,0.0,0.0
2024-03-27 09:30:00-04:00,25.479999542236328,25.760000228881836,25.475000381469727,25.74880027770996,32658,0.0,0.0,0.0
2024-03-27 10:30:00-04:00,25.774999618530273,25.80500030517578,25.68000030517578,25.739999771118164,16418,0.0,0.0,0.0
2024-03-27 11:30:00-04:00,25.729999542236328,25.735000610351562,25.671600341796875,25.700000762939453,19909,0.0,0.0,0.0
2024-03-27 12:30:00-04:00,25.709999084472656,25.729999542236328,25.690000534057617,25.709999084472656,67430,0.0,0.0,0.0
2024-03-27 13:30:00-04:00,25.709999084472656,25.725000381469727,25.655000686645508,25.725000381469727,26279,0.0,0.0,0.0
2024-03-27 14:30:00-04:00,25.7450008392334,25.790000915527344,25.719999313354492,25.790000915527344,24026,0.0,0.0,0.0
2024-03-27 15:30:00-04:00,25.78179931640625,25.889999389648438,25.780000686645508,25.889999389648438,19152,0.0,0.0,0.0
2024-03-28 09:30:00-04:00,25.93000030517578,26.1299991607666,25.93000030517578,26.1299991607666,27132,0.0,0.0,0.0
2024-03-28 10:30:00-04:00,26.13990020751953,26.149999618530273,26.049999237060547,26.070100784301758,27598,0.0,0.0,0.0
2024-03-28 11:30:00-04:00,26.06999969482422,26.094999313354492,26.040000915527344,26.051000595092773,15053,0.0,0.0,0.0
2024-03-28 12:30:00-04:00,26.049999237060547,26.050100326538086,26.014999389648438,26.038299560546875,12535,0.0,0.0,0.0
2024-03-28 13:30:00-04:00,26.020000457763672,26.049999237060547,25.9950008392334,26.040000915527344,10558,0.0,0.0,0.0
2024-03-28 14:30:00-04:00,26.040000915527344,26.10650062561035,26.019699096679688,26.100000381469727,23242,0.0,0.0,0.0
2024-03-28 15:30:00-04:00,26.114999771118164,26.114999771118164,26.03499984741211,26.094999313354492,17367,0.0,0.0,0.0
2024-04-01 09:30:00-04:00,26.110000610351562,26.110000610351562,25.690000534057617,25.690000534057617,84424,0.0,0.0,0.0
2024-04-01 10:30:00-04:00,25.68000030517578,25.770000457763672,25.65999984741211,25.75,12690,0.0,0.0,0.0
2024-04-01 11:30:00-04:00,25.75,25.75,25.690000534057617,25.725000381469727,39082,0.0,0.0,0.0
2024-04-01 12:30:00-04:00,25.709999084472656,25.719999313354492,25.625,25.655000686645508,22659,0.0,0.0,0.0
2024-04-01 13:30:00-04:00,25.655000686645508,25.719999313354492,25.645000457763672,25.685699462890625,71022,0.0,0.0,0.0
2024-04-01 14:30:00-04:00,25.690000534057617,25.719999313354492,25.665000915527344,25.670000076293945,81136,0.0,0.0,0.0
2024-04-01 15:30:00-04:00,25.670000076293945,25.670000076293945,25.600000381469727,25.635000228881836,30239,0.0,0.0,0.0
2024-04-02 09:30:00-04:00,25.459999084472656,25.459999084472656,25.25,25.28499984741211,30177,0.0,0.0,0.0
2024-04-02 10:30:00-04:00,25.274999618530273,25.3700008392334,25.274999618530273,25.3700008392334,13095,0.0,0.0,0.0
2024-04-02 11:30:00-04:00,25.354999542236328,25.3700008392334,25.280000686645508,25.299999237060547,15406,0.0,0.0,0.0
2024-04-02 12:30:00-04:00,25.294300079345703,25.31999969482422,25.260000228881836,25.260000228881836,12807,0.0,0.0,0.0
2024-04-02 13:30:00-04:00,25.259899139404297,25.290000915527344,25.223100662231445,25.290000915527344,20722,0.0,0.0,0.0
2024-04-02 14:30:00-04:00,25.280000686645508,25.295000076293945,25.239999771118164,25.290000915527344,26767,0.0,0.0,0.0
2024-04-02 15:30:00-04:00,25.290000915527344,25.315000534057617,25.270000457763672,25.309999465942383,37541,0.0,0.0,0.0
2024-04-03 09:30:00-04:00,25.25,25.3533992767334,25.15999984741211,25.31999969482422,45218,0.0,0.0,0.0
2024-04-03 10:30:00-04:00,25.318500518798828,25.319000244140625,25.239999771118164,25.280000686645508,11640,0.0,0.0,0.0
2024-04-03 11:30:00-04:00,25.280000686645508,25.319900512695312,25.229999542236328,25.319900512695312,19182,0.0,0.0,0.0
2024-04-03 12:30:00-04:00,25.325000762939453,25.35650062561035,25.270000457763672,25.350000381469727,19661,0.0,0.0,0.0
2024-04-03 13:30:00-04:00,25.34000015258789,25.36720085144043,25.333200454711914,25.36720085144043,40540,0.0,0.0,0.0
2024-04-03 14:30:00-04:00,25.369699478149414,25.369699478149414,25.264999389648438,25.274999618530273,25744,0.0,0.0,0.0
2024-04-03 15:30:00-04:00,25.28809928894043,25.3700008392334,25.280000686645508,25.329999923706055,29453,0.0,0.0,0.0
2024-04-04 09:30:00-04:00,25.510000228881836,25.670000076293945,25.510000228881836,25.639999389648438,15872,0.0,0.0,0.0
2024-04-04 10:30:00-04:00,25.6299991607666,25.639999389648438,25.56999969482422,25.610000610351562,12398,0.0,0.0,0.0
2024-04-04 11:30:00-04:00,25.6200008392334,25.6200008392334,25.56999969482422,25.56999969482422,31430,0.0,0.0,0.0
2024-04-04 12:30:00-04:00,25.55500030517578,25.55500030517578,25.489999771118164,25.514999389648438,12043,0.0,0.0,0.0
2024-04-04 13:30:00-04:00,25.50510025024414,25.50510025024414,25.25,25.25,15757,0.0,0.0,0.0
2024-04-04 14:30:00-04:00,25.190000534057617,25.238500595092773,25.139999389648438,25.15999984741211,27661,0.0,0.0,0.0
2024-04-04 15:30:00-04:00,25.155000686645508,25.21500015258789,25.100000381469727,25.170000076293945,0,0.0,0.0,0.0
2024-04-05 09:30:00-04:00,25.1200008392334,25.18000030517578,25.040000915527344,25.049800872802734,24689,0.0,0.0,0.0
2024-04-05 10:30:00-04:00,25.049999237060547,25.229999542236328,25.049999237060547,25.210100173950195,19703,0.0,0.0,0.0
2024-04-05 11:30:00-04:00,25.239999771118164,25.34000015258789,25.209999084472656,25.34000015258789,21461,0.0,0.0,0.0
2024-04-05 12:30:00-04:00,25.320100784301758,25.360000610351562,25.290000915527344,25.305099487304688,26243,0.0,0.0,0.0
2024-04-05 13:30:00-04:00,25.317899703979492,25.325000762939453,25.21500015258789,25.270000457763672,24914,0.0,0.0,0.0
2024-04-05 14:30:00-04:00,25.2549991607666,25.306499481201172,25.229999542236328,25.30500030517578,20967,0.0,0.0,0.0
2024-04-05 15:30:00-04:00,25.299999237060547,25.350000381469727,25.274999618530273,25.309999465942383,25666,0.0,0.0,0.0
2024-04-08 09:30:00-04:00,25.3799991607666,25.5,25.3700008392334,25.460100173950195,27180,0.0,0.0,0.0
2024-04-08 10:30:00-04:00,25.459999084472656,25.560699462890625,25.450000762939453,25.540000915527344,15484,0.0,0.0,0.0
2024-04-08 11:30:00-04:00,25.540000915527344,25.540000915527344,25.489900588989258,25.540000915527344,9660,0.0,0.0,0.0
2024-04-08 12:30:00-04:00,25.54509925842285,25.56999969482422,25.540000915527344,25.559999465942383,7565,0.0,0.0,0.0
2024-04-08 13:30:00-04:00,25.56999969482422,25.600000381469727,25.530000686645508,25.545000076293945,17376,0.0,0.0,0.0
2024-04-08 14:30:00-04:00,25.530000686645508,25.547100067138672,25.510000228881836,25.545000076293945,27738,0.0,0.0,0.0
2024-04-08 15:30:00-04:00,25.545000076293945,25.579999923706055,25.520000457763672,25.579999923706055,0,0.0,0.0,0.0
2024-04-09 09:30:00-04:00,25.639999389648438,25.800100326538086,25.639999389648438,25.774999618530273,40111,0.0,0.0,0.0
2024-04-09 10:30:00-04:00,25.75200080871582,25.760000228881836,25.6299991607666,25.760000228881836,25029,0.0,0.0,0.0
2024-04-09 11:30:00-04:00,25.739999771118164,25.780000686645508,25.739999771118164,25.774999618530273,13123,0.0,0.0,0.0
2024-04-09 12:30:00-04:00,25.770000457763672,25.790000915527344,25.75,25.760000228881836,11182,0.0,0.0,0.0
2024-04-09 13:30:00-04:00,25.770000457763672,25.799999237060547,25.739999771118164,25.799999237060547,23728,0.0,0.0,0.0
2024-04-09 14:30:00-04:00,25.780000686645508,25.8799991607666,25.739999771118164,25.8799991607666,25449,0.0,0.0,0.0
2024-04-09 15:30:00-04:00,25.8799991607666,25.90999984741211,25.825000762939453,25.90999984741211,29952,0.0,0.0,0.0
2024-04-10 09:30:00-04:00,25.219999313354492,25.219999313354492,24.950000762939453,25.020000457763672,54836,0.0,0.0,0.0
2024-04-10 10:30:00-04:00,25.010000228881836,25.06999969482422,24.885000228881836,24.915000915527344,24575,0.0,0.0,0.0
2024-04-10 11:30:00-04:00,24.940000534057617,24.94499969482422,24.81999969482422,24.8799991607666,24379,0.0,0.0,0.0
2024-04-10 12:30:00-04:00,24.8700008392334,24.889999389648438,24.729999542236328,24.829999923706055,30046,0.0,0.0,0.0
2024-04-10 13:30:00-04:00,24.795000076293945,24.860000610351562,24.709999084472656,24.760000228881836,44750,0.0,0.0,0.0
2024-04-10 14:30:00-04:00,24.780000686645508,24.889999389648438,24.719999313354492,24.8799991607666,38027,0.0,0.0,0.0
2024-04-10 15:30:00-04:00,24.870100021362305,24.899999618530273,24.81999969482422,24.850000381469727,51904,0.0,0.0,0.0
2024-04-11 09:30:00-04:00,25.0,25.030000686645508,24.75,24.75,24980,0.0,0.0,0.0
2024-04-11 10:30:00-04:00,24.735000610351562,24.80940055847168,24.690000534057617,24.75,17227,0.0,0.0,0.0
2024-04-11 11:30:00-04:00,24.75,24.90999984741211,24.75,24.8700008392334,19534,0.0,0.0,0.0
2024-04-11 12:30:00-04:00,24.889999389648438,25.010000228881836,24.8799991607666,25.010000228881836,18091,0.0,0.0,0.0
2024-04-11 13:30:00-04:00,25.020000457763672,25.079200744628906,25.0,25.014999389648438,9051,0.0,0.0,0.0
2024-04-11 14:30:00-04:00,25.014999389648438,25.04010009765625,24.924999237060547,24.95989990234375,23427,0.0,0.0,0.0
2024-04-11 15:30:00-04:00,24.954999923706055,24.969999313354492,24.899999618530273,24.899999618530273,21432,0.0,0.0,0.0
2024-04-12 09:30:00-04:00,24.84000015258789,24.84000015258789,24.690000534057617,24.719900131225586,37538,0.0,0.0,0.0
2024-04-12 10:30:00-04:00,24.75,24.760099411010742,24.690000534057617,24.729999542236328,21435,0.0,0.0,0.0
2024-04-12 11:30:00-04:00,24.729999542236328,24.7450008392334,24.700000762939453,24.700000762939453,16276,0.0,0.0,0.0
2024-04-12 12:30:00-04:00,24.680099487304688,24.690000534057617,24.619600296020508,24.619600296020508,8773,0.0,0.0,0.0
2024-04-12 13:30:00-04:00,24.60740089416504,24.700000762939453,24.600000381469727,24.65999984741211,17986,0.0,0.0,0.0
2024-04-12 14:30:00-04:00,24.6299991607666,24.6299991607666,24.559900283813477,24.59000015258789,38729,0.0,0.0,0.0
2024-04-12 15:30:00-04:00,24.59000015258789,24.645000457763672,24.579999923706055,24.635000228881836,15265,0.0,0.0,0.0
2024-04-15 09:30:00-04:00,24.770000457763672,24.770000457763672,24.489999771118164,24.489999771118164,35286,0.0,0.0,0.0
2024-04-15 10:30:00-04:00,24.469999313354492,24.514999389648438,24.399999618530273,24.40999984741211,26510,0.0,0.0,0.0
2024-04-15 11:30:00-04:00,24.43000030517578,24.479999542236328,24.3799991607666,24.3799991607666,15558,0.0,0.0,0.0
2024-04-15 12:30:00-04:00,24.369800567626953,24.405000686645508,24.280000686645508,24.280000686645508,16540,0.0,0.0,0.0
2024-04-15 13:30:00-04:00,24.270000457763672,24.290000915527344,24.204999923706055,24.20509910583496,29896,0.0,0.0,0.0
2024-04-15 14:30:00-04:00,24.200000762939453,24.239999771118164,24.09000015258789,24.170000076293945,34356,0.0,0.0,0.0
2024-04-15 15:30:00-04:00,24.15999984741211,24.2549991607666,24.15999984741211,24.239999771118164,19606,0.0,0.0,0.0
2024-04-16 09:30:00-04:00,24.15999984741211,24.15999984741211,23.833999633789062,23.86989974975586,33881,0.0,0.0,0.0
2024-04-16 10:30:00-04:00,23.850000381469727,23.959999084472656,23.809999465942383,23.959999084472656,35655,0.0,0.0,0.0
2024-04-16 11:30:00-04:00,23.969999313354492,24.06999969482422,23.959999084472656,24.039499282836914,14330,0.0,0.0,0.0
2024-04-16 12:30:00-04:00,24.040000915527344,24.040000915527344,23.96500015258789,23.979999542236328,19752,0.0,0.0,0.0
2024-04-16 13:30:00-04:00,23.969999313354492,24.049999237060547,23.86009979248047,23.8700008392334,37508,0.0,0.0,0.0
2024-04-16 14:30:00-04:00,23.889999389648438,24.024999618530273,23.8799991607666,24.0049991607666,36319,0.0,0.0,0.0
2024-04-16 15:30:00-04:00,23.940000534057617,23.950000762939453,23.8799991607666,23.889999389648438,28374,0.0,0.0,0.0
2024-04-17 09:30:00-04:00,23.81999969482422,23.8799991607666,23.790000915527344,23.79360008239746,27659,0.0,0.0,0.0
2024-04-17 10:30:00-04:00,23.770000457763672,23.829999923706055,23.739999771118164,23.739999771118164,24752,0.0,0.0,0.0
2024-04-17 11:30:00-04:00,23.710399627685547,23.809999465942383,23.709999084472656,23.76729965209961,21184,0.0,0.0,0.0
2024-04-17 12:30:00-04:00,23.760000228881836,23.878999710083008,23.760000228881836,23.8700008392334,27144,0.0,0.0,0.0
2024-04-17 13:30:00-04:00,23.84000015258789,23.93000030517578,23.84000015258789,23.8799991607666,13755,0.0,0.0,0.0
2024-04-17 14:30:00-04:00,23.860599517822266,23.924999237060547,23.75,23.790000915527344,45067,0.0,0.0,0.0
2024-04-17 15:30:00-04:00,23.78499984741211,23.790000915527344,23.700000762939453,23.709999084472656,31057,0.0,0.0,0.0
2024-04-18 09:30:00-04:00,23.829999923706055,23.829999923706055,23.639999389648438,23.729999542236328,20428,0.0,0.0,0.0
2024-04-18 10:30:00-04:00,23.739900588989258,23.850000381469727,23.725000381469727,23.799999237060547,22888,0.0,0.0,0.0
2024-04-18 11:30:00-04:00,23.799800872802734,23.80500030517578,23.73200035095215,23.739999771118164,13171,0.0,0.0,0.0
2024-04-18 12:30:00-04:00,23.739999771118164,23.739999771118164,23.6072998046875,23.670000076293945,18390,0.0,0.0,0.0
2024-04-18 13:30:00-04:00,23.65999984741211,23.729900360107422,23.649799346923828,23.729900360107422,11091,0.0,0.0,0.0
2024-04-18 14:30:00-04:00,23.66200065612793,23.719999313354492,23.656700134277344,23.716699600219727,28399,0.0,0.0,0.0
2024-04-18 15:30:00-04:00,23.729999542236328,23.75,23.700000762939453,23.700000762939453,15652,0.0,0.0,0.0
2024-04-19 09:30:00-04:00,23.780000686645508,23.90999984741211,23.780000686645508,23.90999984741211,32268,0.0,0.0,0.0
2024-04-19 10:30:00-04:00,23.924999237060547,23.924999237060547,23.81999969482422,23.81999969482422,34355,0.0,0.0,0.0
2024-04-19 11:30:00-04:00,23.84000015258789,23.84000015258789,23.760000228881836,23.768999099731445,21263,0.0,0.0,0.0
2024-04-19 12:30:00-04:00,23.770000457763672,23.83919906616211,23.75,23.799999237060547,24805,0.0,0.0,0.0
2024-04-19 13:30:00-04:00,23.799999237060547,23.84000015258789,23.759899139404297,23.780000686645508,10734,0.0,0.0,0.0
2024-04-19 14:30:00-04:00,23.75,23.809999465942383,23.712600708007812,23.799999237060547,23657,0.0,0.0,0.0
2024-04-19 15:30:00-04:00,23.790000915527344,23.84000015258789,23.780000686645508,23.825000762939453,33202,0.0,0.0,0.0
2024-04-22 09:30:00-04:00,23.8799991607666,23.934999465942383,23.760000228881836,23.905000686645508,26693,0.0,0.0,0.0
2024-04-22 10:30:00-04:00,23.899999618530273,23.920000076293945,23.860000610351562,23.8799991607666,38182,0.0,0.0,0.0
2024-04-22 11:30:00-04:00,23.889999389648438,23.889999389648438,23.826900482177734,23.8799991607666,6489,0.0,0.0,0.0
2024-04-22 12:30:00-04:00,23.864999771118164,23.969999313354492,23.860000610351562,23.969999313354492,14011,0.0,0.0,0.0
2024-04-22 13:30:00-04:00,23.960599899291992,24.079999923706055,23.960599899291992,24.079999923706055,13272,0.0,0.0,0.0
2024-04-22 14:30:00-04:00,24.06999969482422,24.070100784301758,23.979999542236328,24.010000228881836,22082,0.0,0.0,0.0
2024-04-22 15:30:00-04:00,23.985000610351562,24.043100357055664,23.975000381469727,24.030000686645508,0,0.0,0.0,0.0
2024-04-23 09:30:00-04:00,24.049999237060547,24.270000457763672,24.049999237060547,24.260000228881836,21283,0.0,0.0,0.0
2024-04-23 10:30:00-04:00,24.27989959716797,24.319900512695312,24.229999542236328,24.299999237060547,25171,0.0,0.0,0.0
2024-04-23 11:30:00-04:00,24.299999237060547,24.299999237060547,24.260000228881836,24.290000915527344,14219,0.0,0.0,0.0
2024-04-23 12:30:00-04:00,24.290000915527344,24.34000015258789,24.290000915527344,24.309999465942383,12777,0.0,0.0,0.0
2024-04-23 13:30:00-04:00,24.319299697875977,24.350000381469727,24.31100082397461,24.31999969482422,17431,0.0,0.0,0.0
2024-04-23 14:30:00-04:00,24.309999465942383,24.309999465942383,24.239999771118164,24.252700805664062,16377,0.0,0.0,0.0
2024-04-23 15:30:00-04:00,24.2450008392334,24.309999465942383,24.2450008392334,24.260000228881836,15587,0.0,0.0,0.0
2024-04-24 09:30:00-04:00,24.18000030517578,24.31999969482422,24.030000686645508,24.290000915527344,37604,0.0,0.0,0.0
2024-04-24 10:30:00-04:00,24.274999618530273,24.280000686645508,24.200000762939453,24.229999542236328,16074,0.0,0.0,0.0
2024-04-24 11:30:00-04:00,24.239999771118164,24.293399810791016,24.229999542236328,24.270000457763672,17399,0.0,0.0,0.0
2024-04-24 12:30:00-04:00,24.270000457763672,24.290000915527344,24.209999084472656,24.270000457763672,11422,0.0,0.0,0.0
2024-04-24 13:30:00-04:00,24.280000686645508,24.31999969482422,24.274999618530273,24.299999237060547,19342,0.0,0.0,0.0
2024-04-24 14:30:00-04:00,24.31999969482422,24.34000015258789,24.289899826049805,24.31999969482422,9081,0.0,0.0,0.0
2024-04-24 15:30:00-04:00,24.30500030517578,24.34000015258789,24.290000915527344,24.295000076293945,8482,0.0,0.0,0.0
2024-04-25 09:30:00-04:00,24.06999969482422,24.110000610351562,23.920000076293945,24.030000686645508,23575,0.0,0.0,0.0
2024-04-25 10:30:00-04:00,24.049999237060547,24.100000381469727,24.040000915527344,24.100000381469727,10717,0.0,0.0,0.0
2024-04-25 11:30:00-04:00,24.079999923706055,24.13990020751953,24.059999465942383,24.131200790405273,12686,0.0,0.0,0.0
2024-04-25 12:30:00-04:00,24.138399124145508,24.149999618530273,24.100000381469727,24.110000610351562,11437,0.0,0.0,0.0
2024-04-25 13:30:00-04:00,24.1200008392334,24.18000030517578,24.114999771118164,24.138900756835938,9629,0.0,0.0,0.0
2024-04-25 14:30:00-04:00,24.110000610351562,24.184999465942383,24.100000381469727,24.179899215698242,15865,0.0,0.0,0.0
2024-04-25 15:30:00-04:00,24.165000915527344,24.165000915527344,24.110000610351562,24.149999618530273,16942,0.0,0.0,0.0
2024-04-26 09:30:00-04:00,24.219999313354492,24.40999984741211,24.149999618530273,24.350099563598633,53023,0.0,0.0,0.0
2024-04-26 10:30:00-04:00,24.344999313354492,24.3799991607666,24.260000228881836,24.270000457763672,21607,0.0,0.0,0.0
2024-04-26 11:30:00-04:00,24.260000228881836,24.311599731445312,24.259700775146484,24.309999465942383,11759,0.0,0.0,0.0
2024-04-26 12:30:00-04:00,24.299999237060547,24.315000534057617,24.270099639892578,24.270099639892578,11037,0.0,0.0,0.0
2024-04-26 13:30:00-04:00,24.270000457763672,24.274700164794922,24.239999771118164,24.25,22132,0.0,0.0,0.0
2024-04-26 14:30:00-04:00,24.25830078125,24.270000457763672,24.229900360107422,24.239999771118164,21003,0.0,0.0,0.0
2024-04-26 15:30:00-04:00,24.239999771118164,24.239999771118164,24.174999237060547,24.174999237060547,16634,0.0,0.0,0.0
2024-04-29 09:30:00-04:00,24.309999465942383,24.489999771118164,24.309999465942383,24.40999984741211,34326,0.0,0.0,0.0
2024-04-29 10:30:00-04:00,24.415000915527344,24.439899444580078,24.360000610351562,24.3799991607666,11788,0.0,0.0,0.0
2024-04-29 11:30:00-04:00,24.376399993896484,24.40880012512207,24.360000610351562,24.389999389648438,16430,0.0,0.0,0.0
2024-04-29 12:30:00-04:00,24.40999984741211,24.415000915527344,24.385000228881836,24.395000457763672,10008,0.0,0.0,0.0
2024-04-29 13:30:00-04:00,24.38279914855957,24.415000915527344,24.3799991607666,24.395000457763672,21194,0.0,0.0,0.0
2024-04-29 14:30:00-04:00,24.385000228881836,24.389999389648438,24.30500030517578,24.321699142456055,26513,0.0,0.0,0.0
2024-04-29 15:30:00-04:00,24.320100784301758,24.424999237060547,24.31999969482422,24.420000076293945,0,0.0,0.0,0.0
2024-04-30 09:30:00-04:00,24.280000686645508,24.350000381469727,24.15999984741211,24.299999237060547,33383,0.0,0.0,0.0
2024-04-30 10:30:00-04:00,24.28499984741211,24.315000534057617,24.190000534057617,24.225000381469727,60259,0.0,0.0,0.0
2024-04-30 11:30:00-04:00,24.225000381469727,24.239999771118164,24.200000762939453,24.234899520874023,86150,0.0,0.0,0.0
2024-04-30 12:30:00-04:00,24.21500015258789,24.21500015258789,24.170000076293945,24.189199447631836,12909,0.0,0.0,0.0
2024-04-30 13:30:00-04:00,24.190000534057617,24.25,24.190000534057617,24.190000534057617,17749,0.0,0.0,0.0
2024-04-30 14:30:00-04:00,24.189699172973633,24.190000534057617,24.059999465942383,24.059999465942383,13545,0.0,0.0,0.0
2024-04-30 15:30:00-04:00,24.030000686645508,24.09000015258789,24.0,24.0049991607666,39386,0.0,0.0,0.0
2024-05-01 09:30:00-04:00,23.959999084472656,24.07990074157715,23.94499969482422,24.010000228881836,31493,0.0,0.0,0.0
2024-05-01 10:30:00-04:00,24.014999389648438,24.110000610351562,23.959999084472656,24.110000610351562,19950,0.0,0.0,0.0
2024-05-01 11:30:00-04:00,24.100099563598633,24.114999771118164,24.024599075317383,24.100000381469727,17540,0.0,0.0,0.0
2024-05-01 12:30:00-04:00,24.09000015258789,24.09000015258789,24.010000228881836,24.049999237060547,20984,0.0,0.0,0.0
2024-05-01 13:30:00-04:00,24.045000076293945,24.060199737548828,23.979999542236328,24.03499984741211,27138,0.0,0.0,0.0
2024-05-01 14:30:00-04:00,24.040000915527344,24.459999084472656,23.959999084472656,24.280000686645508,66752,0.0,0.0,0.0
2024-05-01 15:30:00-04:00,24.280000686645508,24.280000686645508,24.014999389648438,24.030000686645508,40709,0.0,0.0,0.0
2024-05-02 09:30:00-04:00,24.229999542236328,24.229999542236328,24.0,24.100000381469727,43342,0.0,0.0,0.0
2024-05-02 10:30:00-04:00,24.104999542236328,24.139999389648438,23.999900817871094,24.1200008392334,18590,0.0,0.0,0.0
2024-05-02 11:30:00-04:00,24.10890007019043,24.208999633789062,24.100000381469727,24.200000762939453,11782,0.0,0.0,0.0
2024-05-02 12:30:00-04:00,24.190000534057617,24.290000915527344,24.15999984741211,24.290000915527344,13889,0.0,0.0,0.0
2024-05-02 13:30:00-04:00,24.280000686645508,24.329999923706055,24.270000457763672,24.329999923706055,22341,0.0,0.0,0.0
2024-05-02 14:30:00-04:00,24.34000015258789,24.409700393676758,24.335500717163086,24.360000610351562,21513,0.0,0.0,0.0
2024-05-02 15:30:00-04:00,24.344999313354492,24.354999542236328,24.299999237060547,24.350000381469727,22530,0.0,0.0,0.0
2024-05-03 09:30:00-04:00,24.760000228881836,24.8700008392334,24.540000915527344,24.56999969482422,84079,0.0,0.0,0.0
2024-05-03 10:30:00-04:00,24.610000610351562,24.610000610351562,24.510000228881836,24.549999237060547,21555,0.0,0.0,0.0
2024-05-03 11:30:00-04:00,24.549999237060547,24.579999923706055,24.520000457763672,24.549999237060547,23857,0.0,0.0,0.0
2024-05-03 12:30:00-04:00,24.549999237060547,24.559200286865234,24.475000381469727,24.479999542236328,21524,0.0,0.0,0.0
2024-05-03 13:30:00-04:00,24.469999313354492,24.520000457763672,24.469999313354492,24.520000457763672,15114,0.0,0.0,0.0
2024-05-03 14:30:00-04:00,24.510000228881836,24.514999389648438,24.46179962158203,24.485000610351562,24008,0.0,0.0,0.0
2024-05-03 15:30:00-04:00,24.479999542236328,24.530000686645508,24.459999084472656,24.520000457763672,39774,0.0,0.0,0.0
2024-05-06 09:30:00-04:00,24.68000030517578,24.68000030517578,24.549999237060547,24.565000534057617,15625,0.0,0.0,0.0
2024-05-06 10:30:00-04:00,24.56999969482422,24.56999969482422,24.450000762939453,24.450000762939453,18629,0.0,0.0,0.0
2024-05-06 11:30:00-04:00,24.45989990234375,24.48699951171875,24.44499969482422,24.475000381469727,16731,0.0,0.0,0.0
2024-05-06 12:30:00-04:00,24.479999542236328,24.510000228881836,24.469999313354492,24.489099502563477,19070,0.0,0.0,0.0
2024-05-06 13:30:00-04:00,24.497699737548828,24.5,24.469999313354492,24.489999771118164,13078,0.0,0.0,0.0
2024-05-06 14:30:00-04:00,24.520000457763672,24.520000457763672,24.440000534057617,24.465700149536133,18348,0.0,0.0,0.0
2024-05-06 15:30:00-04:00,24.476600646972656,24.559999465942383,24.469999313354492,24.540000915527344,21769,0.0,0.0,0.0
2024-05-07 09:30:00-04:00,24.68000030517578,24.795000076293945,24.670000076293945,24.760000228881836,16181,0.0,0.0,0.0
2024-05-07 10:30:00-04:00,24.759700775146484,24.809999465942383,24.729999542236328,24.80500030517578,17185,0.0,0.0,0.0
2024-05-07 11:30:00-04:00,24.809999465942383,24.84000015258789,24.780000686645508,24.829999923706055,15317,0.0,0.0,0.0
2024-05-07 12:30:00-04:00,24.829999923706055,24.829999923706055,24.79509925842285,24.81999969482422,19282,0.0,0.0,0.0
2024-05-07 13:30:00-04:00,24.829999923706055,24.829999923706055,24.719999313354492,24.739999771118164,17260,0.0,0.0,0.0
2024-05-07 14:30:00-04:00,24.729999542236328,24.778400421142578,24.725000381469727,24.769899368286133,28009,0.0,0.0,0.0
2024-05-07 15:30:00-04:00,24.770000457763672,24.790000915527344,24.760000228881836,24.760000228881836,21201,0.0,0.0,0.0
2024-05-08 09:30:00-04:00,24.6200008392334,24.6200008392334,24.489999771118164,24.530000686645508,22105,0.0,0.0,0.0
2024-05-08 10:30:00-04:00,24.549999237060547,24.610000610351562,24.53499984741211,24.600000381469727,8621,0.0,0.0,0.0
2024-05-08 11:30:00-04:00,24.600000381469727,24.610000610351562,24.554000854492188,24.559999465942383,8857,0.0,0.0,0.0
2024-05-08 12:30:00-04:00,24.559999465942383,24.565000534057617,24.530000686645508,24.530000686645508,8835,0.0,0.0,0.0
2024-05-08 13:30:00-04:00,24.53499984741211,24.579999923706055,24.530000686645508,24.57990074157715,10959,0.0,0.0,0.0
2024-05-08 14:30:00-04:00,24.575000762939453,24.575000762939453,24.549999237060547,24.56999969482422,6811,0.0,0.0,0.0
2024-05-08 15:30:00-04:00,24.5674991607666,24.59000015258789,24.55500030517578,24.559999465942383,38080,0.0,0.0,0.0
2024-05-09 09:30:00-04:00,24.780000686645508,24.940000534057617,24.770000457763672,24.940000534057617,20769,0.0,0.0,0.0
2024-05-09 10:30:00-04:00,24.930099487304688,24.950000762939453,24.889799118041992,24.889799118041992,40733,0.0,0.0,0.0
2024-05-09 11:30:00-04:00,24.889999389648438,24.940000534057617,24.854999542236328,24.940000534057617,16387,0.0,0.0,0.0
2024-05-09 12:30:00-04:00,24.930500030517578,24.975000381469727,24.920000076293945,24.940000534057617,23783,0.0,0.0,0.0
2024-05-09 13:30:00-04:00,24.950000762939453,24.98509979248047,24.94409942626953,24.979900360107422,10925,0.0,0.0,0.0
2024-05-09 14:30:00-04:00,24.979999542236328,25.045000076293945,24.979999542236328,25.040000915527344,58863,0.0,0.0,0.0
2024-05-09 15:30:00-04:00,25.040000915527344,25.079999923706055,25.040000915527344,25.049999237060547,41587,0.0,0.0,0.0
2024-05-10 09:30:00-04:00,25.100000381469727,25.113000869750977,25.00950050354004,25.020000457763672,19215,0.0,0.0,0.0
2024-05-10 10:30:00-04:00,25.020000457763672,25.075000762939453,24.969999313354492,24.989999771118164,20344,0.0,0.0,0.0
2024-05-10 11:30:00-04:00,25.0,25.0,24.96500015258789,24.975000381469727,22478,0.0,0.0,0.0
2024-05-10 12:30:00-04:00,24.969999313354492,24.989999771118164,24.93000030517578,24.93000030517578,14186,0.0,0.0,0.0
2024-05-10 13:30:00-04:00,24.924999237060547,24.950000762939453,24.920000076293945,24.943099975585938,20060,0.0,0.0,0.0
2024-05-10 14:30:00-04:00,24.940000534057617,24.989999771118164,24.940000534057617,24.969999313354492,20593,0.0,0.0,0.0
2024-05-10 15:30:00-04:00,24.979999542236328,25.020000457763672,24.969999313354492,24.989999771118164,18035,0.0,0.0,0.0
2024-05-13 09:30:00-04:00,25.079999923706055,25.20509910583496,25.064699172973633,25.084999084472656,23740,0.0,0.0,0.0
2024-05-13 10:30:00-04:00,25.079999923706055,25.109500885009766,25.02989959716797,25.02989959716797,10596,0.0,0.0,0.0
2024-05-13 11:30:00-04:00,25.010000228881836,25.010000228881836,24.959999084472656,25.0,9807,0.0,0.0,0.0
2024-05-13 12:30:00-04:00,25.0,25.030000686645508,24.989500045776367,25.010000228881836,17736,0.0,0.0,0.0
2024-05-13 13:30:00-04:00,25.000099182128906,25.010000228881836,24.985000610351562,24.989999771118164,13453,0.0,0.0,0.0
2024-05-13 14:30:00-04:00,25.025100708007812,25.04050064086914,25.013999938964844,25.01580047607422,17900,0.0,0.0,0.0
2024-05-13 15:30:00-04:00,25.010000228881836,25.075000762939453,25.0049991607666,25.06999969482422,28259,0.0,0.0,0.0
2024-05-14 09:30:00-04:00,25.209999084472656,25.365100860595703,25.209999084472656,25.34000015258789,20832,0.0,0.0,0.0
2024-05-14 10:30:00-04:00,25.299999237060547,25.305099487304688,25.229999542236328,25.25,16813,0.0,0.0,0.0
2024-05-14 11:30:00-04:00,25.25,25.250499725341797,25.184999465942383,25.19499969482422,23615,0.0,0.0,0.0
2024-05-14 12:30:00-04:00,25.190000534057617,25.200000762939453,25.1299991607666,25.149999618530273,14237,0.0,0.0,0.0
2024-05-14 13:30:00-04:00,25.170000076293945,25.220500946044922,25.16950035095215,25.220500946044922,17926,0.0,0.0,0.0
2024-05-14 14:30:00-04:00,25.225000381469727,25.284000396728516,25.225000381469727,25.25,28478,0.0,0.0,0.0
2024-05-14 15:30:00-04:00,25.239999771118164,25.274799346923828,25.21419906616211,25.25,0,0.0,0.0,0.0
2024-05-15 09:30:00-04:00,25.701200485229492,25.71500015258789,25.559999465942383,25.58970069885254,31698,0.0,0.0,0.0
2024-05-15 10:30:00-04:00,25.56999969482422,25.6200008392334,25.565000534057617,25.610000610351562,18570,0.0,0.0,0.0
2024-05-15 11:30:00-04:00,25.6200008392334,25.65999984741211,25.6200008392334,25.649999618530273,13743,0.0,0.0,0.0
2024-05-15 12:30:00-04:00,25.658599853515625,25.658599853515625,25.615100860595703,25.615100860595703,16932,0.0,0.0,0.0
2024-05-15 13:30:00-04:00,25.6200008392334,25.6481990814209,25.600000381469727,25.645000457763672,13298,0.0,0.0,0.0
2024-05-15 14:30:00-04:00,25.639999389648438,25.645000457763672,25.610000610351562,25.610000610351562,17779,0.0,0.0,0.0
2024-05-15 15:30:00-04:00,25.604999542236328,25.635000228881836,25.59000015258789,25.610000610351562,27465,0.0,0.0,0.0
2024-05-16 09:30:00-04:00,25.690000534057617,25.690000534057617,25.559999465942383,25.614999771118164,9382,0.0,0.0,0.0
2024-05-16 10:30:00-04:00,25.639999389648438,25.690000534057617,25.61050033569336,25.68000030517578,8442,0.0,0.0,0.0
2024-05-16 11:30:00-04:00,25.69499969482422,25.7096004486084,25.68000030517578,25.690000534057617,24417,0.0,0.0,0.0
2024-05-16 12:30:00-04:00,25.68000030517578,25.69499969482422,25.6299991607666,25.6299991607666,16304,0.0,0.0,0.0
2024-05-16 13:30:00-04:00,25.655000686645508,25.68000030517578,25.638999938964844,25.68000030517578,10397,0.0,0.0,0.0
2024-05-16 14:30:00-04:00,25.68000030517578,25.687299728393555,25.6299991607666,25.6299991607666,18040,0.0,0.0,0.0
2024-05-16 15:30:00-04:00,25.6299991607666,25.6466007232666,25.579999923706055,25.59000015258789,17516,0.0,0.0,0.0
2024-05-17 09:30:00-04:00,25.600000381469727,25.618999481201172,25.520000457763672,25.618999481201172,19152,0.0,0.0,0.0
2024-05-17 10:30:00-04:00,25.600000381469727,25.600000381469727,25.565000534057617,25.56999969482422,15966,0.0,0.0,0.0
2024-05-17 11:30:00-04:00,25.55500030517578,25.615100860595703,25.55229949951172,25.594999313354492,13415,0.0,0.0,0.0
2024-05-17 12:30:00-04:00,25.590200424194336,25.610000610351562,25.575000762939453,25.59000015258789,29386,0.0,0.0,0.0
2024-05-17 13:30:00-04:00,25.600000381469727,25.600000381469727,25.545000076293945,25.559999465942383,18659,0.0,0.0,0.0
2024-05-17 14:30:00-04:00,25.559999465942383,25.5935001373291,25.549999237060547,25.5935001373291,20786,0.0,0.0,0.0
2024-05-17 15:30:00-04:00,25.579999923706055,25.599899291992188,25.540000915527344,25.59000015258789,17514,0.0,0.0,0.0
2024-05-20 09:30:00-04:00,25.559999465942383,25.59000015258789,25.440000534057617,25.549999237060547,21560,0.0,0.0,0.0
2024-05-20 10:30:00-04:00,25.549999237060547,25.6200008392334,25.540000915527344,25.61009979248047,32779,0.0,0.0,0.0
2024-05-20 11:30:00-04:00,25.610000610351562,25.610000610351562,25.56999969482422,25.56999969482422,11607,0.0,0.0,0.0
2024-05-20 12:30:00-04:00,25.56999969482422,25.56999969482422,25.530000686645508,25.530000686645508,7788,0.0,0.0,0.0
2024-05-20 13:30:00-04:00,25.520000457763672,25.520000457763672,25.450000762939453,25.5,10909,0.0,0.0,0.0
2024-05-20 14:30:00-04:00,25.496700286865234,25.49720001220703,25.450000762939453,25.4591007232666,17837,0.0,0.0,0.0
2024-05-20 15:30:00-04:00,25.459999084472656,25.459999084472656,25.41010093688965,25.440000534057617,0,0.0,0.0,0.0
2024-05-21 09:30:00-04:00,25.420000076293945,25.475000381469727,25.33009910583496,25.45159912109375,18167,0.0,0.0,0.0
2024-05-21 10:30:00-04:00,25.439599990844727,25.439599990844727,25.399999618530273,25.420299530029297,8470,0.0,0.0,0.0
2024-05-21 11:30:00-04:00,25.400100708007812,25.400100708007812,25.354999542236328,25.379600524902344,6503,0.0,0.0,0.0
2024-05-21 12:30:00-04:00,25.38990020751953,25.399599075317383,25.375,25.389999389648438,6380,0.0,0.0,0.0
2024-05-21 13:30:00-04:00,25.389999389648438,25.41010093688965,25.3799991607666,25.399999618530273,19410,0.0,0.0,0.0
2024-05-21 14:30:00-04:00,25.389999389648438,25.399999618530273,25.350000381469727,25.38909912109375,18507,0.0,0.0,0.0
2024-05-21 15:30:00-04:00,25.389999389648438,25.43000030517578,25.3799991607666,25.420000076293945,0,0.0,0.0,0.0
2024-05-22 09:30:00-04:00,25.34000015258789,25.440000534057617,25.311399459838867,25.385000228881836,20330,0.0,0.0,0.0
2024-05-22 10:30:00-04:00,25.395000457763672,25.415000915527344,25.3700008392334,25.3799991607666,50520,0.0,0.0,0.0
2024-05-22 11:30:00-04:00,25.3700008392334,25.385000228881836,25.334999084472656,25.37470054626465,22942,0.0,0.0,0.0
2024-05-22 12:30:00-04:00,25.3700008392334,25.395099639892578,25.354999542236328,25.354999542236328,10805,0.0,0.0,0.0
2024-05-22 13:30:00-04:00,25.360000610351562,25.3700008392334,25.200000762939453,25.200000762939453,28781,0.0,0.0,0.0
2024-05-22 14:30:00-04:00,25.189800262451172,25.219900131225586,25.170000076293945,25.18000030517578,67122,0.0,0.0,0.0
2024-05-22 15:30:00-04:00,25.18000030517578,25.219999313354492,25.135000228881836,25.209999084472656,36544,0.0,0.0,0.0
2024-05-23 09:30:00-04:00,25.219999313354492,25.219999313354492,24.954999923706055,24.989999771118164,29141,0.0,0.0,0.0
2024-05-23 10:30:00-04:00,24.979999542236328,25.006799697875977,24.920000076293945,24.969999313354492,51990,0.0,0.0,0.0
2024-05-23 11:30:00-04:00,24.975000381469727,25.030000686645508,24.954999923706055,24.9950008392334,16567,0.0,0.0,0.0
2024-05-23 12:30:00-04:00,25.0,25.0,24.850000381469727,24.8700008392334,14788,0.0,0.0,0.0
2024-05-23 13:30:00-04:00,24.834999084472656,24.844999313354492,24.733400344848633,24.739999771118164,16856,0.0,0.0,0.0
2024-05-23 14:30:00-04:00,24.729999542236328,24.770000457763672,24.719999313354492,24.7450008392334,23974,0.0,0.0,0.0
2024-05-23 15:30:00-04:00,24.739200592041016,24.739999771118164,24.655000686645508,24.665000915527344,337717,0.0,0.0,0.0
2024-05-24 09:30:00-04:00,24.790000915527344,24.809999465942383,24.655000686645508,24.75,37931,0.0,0.0,0.0
2024-05-24 10:30:00-04:00,24.739999771118164,24.784400939941406,24.67020034790039,24.75,10115,0.0,0.0,0.0
2024-05-24 11:30:00-04:00,24.75510025024414,24.76959991455078,24.704999923706055,24.729999542236328,20645,0.0,0.0,0.0
2024-05-24 12:30:00-04:00,24.735000610351562,24.739999771118164,24.670000076293945,24.739999771118164,20359,0.0,0.0,0.0
2024-05-24 13:30:00-04:00,24.729999542236328,24.739999771118164,24.674999237060547,24.674999237060547,12478,0.0,0.0,0.0
2024-05-24 14:30:00-04:00,24.679899215698242,24.714500427246094,24.65999984741211,24.6697998046875,13541,0.0,0.0,0.0
2024-05-24 15:30:00-04:00,24.665000915527344,24.700000762939453,24.65999984741211,24.670000076293945,24093,0.0,0.0,0.0
2024-05-28 09:30:00-04:00,24.780000686645508,24.891399383544922,24.712200164794922,24.75,0,0.0,0.0,0.0
2024-05-28 10:30:00-04:00,24.729999542236328,24.750200271606445,24.674999237060547,24.70989990234375,12480,0.0,0.0,0.0
2024-05-28 11:30:00-04:00,24.719999313354492,24.739999771118164,24.68000030517578,24.690000534057617,18786,0.0,0.0,0.0
2024-05-28 12:30:00-04:00,24.690000534057617,24.71470069885254,24.649999618530273,24.649999618530273,10321,0.0,0.0,0.0
2024-05-28 13:30:00-04:00,24.639999389648438,24.645000457763672,24.524999618530273,24.530000686645508,15739,0.0,0.0,0.0
2024-05-28 14:30:00-04:00,24.520000457763672,24.559999465942383,24.5049991607666,24.523099899291992,33007,0.0,0.0,0.0
2024-05-28 15:30:00-04:00,24.540000915527344,24.56999969482422,24.5,24.520000457763672,29941,0.0,0.0,0.0
2024-05-29 09:30:00-04:00,24.290000915527344,24.290000915527344,24.19499969482422,24.20989990234375,20289,0.0,0.0,0.0
2024-05-29 10:30:00-04:00,24.189899444580078,24.259899139404297,24.189899444580078,24.259899139404297,19643,0.0,0.0,0.0
2024-05-29 11:30:00-04:00,24.260000228881836,24.289899826049805,24.21500015258789,24.26799964904785,10481,0.0,0.0,0.0
2024-05-29 12:30:00-04:00,24.270000457763672,24.295000076293945,24.225000381469727,24.260000228881836,18138,0.0,0.0,0.0
2024-05-29 13:30:00-04:00,24.259899139404297,24.274999618530273,24.21500015258789,24.21500015258789,10503,0.0,0.0,0.0
2024-05-29 14:30:00-04:00,24.209999084472656,24.270000457763672,24.19499969482422,24.260000228881836,19041,0.0,0.0,0.0
2024-05-29 15:30:00-04:00,24.2450008392334,24.309999465942383,24.2450008392334,24.270000457763672,33080,0.0,0.0,0.0
2024-05-30 09:30:00-04:00,24.389999389648438,24.56999969482422,24.389999389648438,24.519899368286133,20344,0.0,0.0,0.0
2024-05-30 10:30:00-04:00,24.518800735473633,24.614999771118164,24.518800735473633,24.600000381469727,126468,0.0,0.0,0.0
2024-05-30 11:30:00-04:00,24.58690071105957,24.59510040283203,24.53499984741211,24.584999084472656,8070,0.0,0.0,0.0
2024-05-30 12:30:00-04:00,24.579999923706055,24.615100860595703,24.579999923706055,24.600000381469727,10121,0.0,0.0,0.0
2024-05-30 13:30:00-04:00,24.600000381469727,24.614999771118164,24.549999237060547,24.594999313354492,12749,0.0,0.0,0.0
2024-05-30 14:30:00-04:00,24.600000381469727,24.6200008392334,24.57200050354004,24.6200008392334,14095,0.0,0.0,0.0
2024-05-30 15:30:00-04:00,24.6299991607666,24.645000457763672,24.579999923706055,24.645000457763672,14267,0.0,0.0,0.0
2024-05-31 09:30:00-04:00,24.799999237060547,24.875,24.729999542236328,24.875,21228,0.0,0.0,0.0
2024-05-31 10:30:00-04:00,24.8700008392334,24.95989990234375,24.8700008392334,24.92009925842285,16236,0.0,0.0,0.0
2024-05-31 11:30:00-04:00,24.899999618530273,24.899999618530273,24.815000534057617,24.81999969482422,11733,0.0,0.0,0.0
2024-05-31 12:30:00-04:00,24.825000762939453,24.889999389648438,24.809999465942383,24.8700008392334,6048,0.0,0.0,0.0
2024-05-31 13:30:00-04:00,24.899999618530273,24.969999313354492,24.895000457763672,24.94179916381836,7600,0.0,0.0,0.0
2024-05-31 14:30:00-04:00,24.94499969482422,25.00749969482422,24.94499969482422,25.0,28181,0.0,0.0,0.0
2024-05-31 15:30:00-04:00,24.979999542236328,25.110000610351562,24.979900360107422,25.110000610351562,16947,0.0,0.0,0.0
2024-06-03 09:30:00-04:00,25.18000030517578,25.200000762939453,25.049999237060547,25.190000534057617,34721,0.0,0.0,0.0
2024-06-03 10:30:00-04:00,25.19499969482422,25.19969940185547,25.059900283813477,25.09000015258789,18095,0.0,0.0,0.0
2024-06-03 11:30:00-04:00,25.09000015258789,25.09000015258789,24.988500595092773,24.990100860595703,11192,0.0,0.0,0.0
2024-06-03 12:30:00-04:00,24.979999542236328,24.985000610351562,24.91360092163086,24.969999313354492,12380,0.0,0.0,0.0
2024-06-03 13:30:00-04:00,24.985000610351562,25.05150032043457,24.985000610351562,25.030000686645508,11968,0.0,0.0,0.0
2024-06-03 14:30:00-04:00,25.040000915527344,25.04509925842285,25.010000228881836,25.020000457763672,17803,0.0,0.0,0.0
2024-06-03 15:30:00-04:00,25.010099411010742,25.040000915527344,24.989999771118164,25.040000915527344,0,0.0,0.0,0.0
2024-06-04 09:30:00-04:00,24.969999313354492,25.239900588989258,24.969999313354492,25.229900360107422,24748,0.0,0.0,0.0
2024-06-04 10:30:00-04:00,25.239999771118164,25.280000686645508,25.204999923706055,25.260000228881836,18329,0.0,0.0,0.0
2024-06-04 11:30:00-04:00,25.25,25.250099182128906,25.209999084472656,25.229999542236328,11664,0.0,0.0,0.0
2024-06-04 12:30:00-04:00,25.25,25.299999237060547,25.25,25.299999237060547,9360,0.0,0.0,0.0
2024-06-04 13:30:00-04:00,25.31999969482422,25.334999084472656,25.280000686645508,25.334999084472656,11524,0.0,0.0,0.0
2024-06-04 14:30:00-04:00,25.329999923706055,25.334999084472656,25.274999618530273,25.290000915527344,15045,0.0,0.0,0.0
2024-06-04 15:30:00-04:00,25.28499984741211,25.329999923706055,25.229999542236328,25.229999542236328,17383,0.0,0.0,0.0
2024-06-05 09:30:00-04:00,25.25,25.270000457763672,25.06999969482422,25.149999618530273,20805,0.0,0.0,0.0
2024-06-05 10:30:00-04:00,25.16510009765625,25.21500015258789,25.149999618530273,25.200000762939453,47404,0.0,0.0,0.0
2024-06-05 11:30:00-04:00,25.209999084472656,25.229999542236328,25.149999618530273,25.15760040283203,6659,0.0,0.0,0.0
2024-06-05 12:30:00-04:00,25.170000076293945,25.209999084472656,25.170000076293945,25.18000030517578,7443,0.0,0.0,0.0
2024-06-05 13:30:00-04:00,25.200000762939453,25.21500015258789,25.18000030517578,25.21500015258789,6137,0.0,0.0,0.0
2024-06-05 14:30:00-04:00,25.209999084472656,25.234600067138672,25.174999237060547,25.18000030517578,8461,0.0,0.0,0.0
2024-06-05 15:30:00-04:00,25.170000076293945,25.200000762939453,25.15999984741211,25.190000534057617,0,0.0,0.0,0.0
2024-06-06 09:30:00-04:00,25.06999969482422,25.209999084472656,24.989999771118164,25.165000915527344,38773,0.0,0.0,0.0
2024-06-06 10:30:00-04:00,25.139999389648438,25.200000762939453,25.110000610351562,25.199499130249023,9390,0.0,0.0,0.0
2024-06-06 11:30:00-04:00,25.200000762939453,25.200000762939453,25.139999389648438,25.15999984741211,6688,0.0,0.0,0.0
2024-06-06 12:30:00-04:00,25.170000076293945,25.200000762939453,25.15999984741211,25.18000030517578,13141,0.0,0.0,0.0
2024-06-06 13:30:00-04:00,25.20639991760254,25.250099182128906,25.170000076293945,25.209999084472656,12421,0.0,0.0,0.0
2024-06-06 14:30:00-04:00,25.219999313354492,25.2549991607666,25.21500015258789,25.2450008392334,23178,0.0,0.0,0.0
2024-06-06 15:30:00-04:00,25.25,25.260000228881836,25.219999313354492,25.239999771118164,18307,0.0,0.0,0.0
2024-06-07 09:30:00-04:00,24.969999313354492,24.969999313354492,24.850000381469727,24.950000762939453,25936,0.0,0.0,0.0
2024-06-07 10:30:00-04:00,24.915000915527344,25.040000915527344,24.915000915527344,25.023099899291992,9658,0.0,0.0,0.0
2024-06-07 11:30:00-04:00,25.019699096679688,25.084999084472656,25.019699096679688,25.068899154663086,14293,0.0,0.0,0.0
2024-06-07 12:30:00-04:00,25.064699172973633,25.06999969482422,25.020000457763672,25.06999969482422,2801,0.0,0.0,0.0
2024-06-07 13:30:00-04:00,25.059999465942383,25.065000534057617,24.959999084472656,25.00510025024414,19615,0.0,0.0,0.0
2024-06-07 14:30:00-04:00,25.030000686645508,25.03499984741211,24.979999542236328,25.010000228881836,12307,0.0,0.0,0.0
2024-06-07 15:30:00-04:00,25.010000228881836,25.035499572753906,24.979999542236328,25.030000686645508,13378,0.0,0.0,0.0
2024-06-10 09:30:00-04:00,24.90999984741211,25.020000457763672,24.770000457763672,25.00510025024414,26308,0.0,0.0,0.0
2024-06-10 10:30:00-04:00,24.969999313354492,25.028200149536133,24.969900131225586,25.019899368286133,13886,0.0,0.0,0.0
2024-06-10 11:30:00-04:00,25.010000228881836,25.049999237060547,24.969999313354492,25.049999237060547,8434,0.0,0.0,0.0
2024-06-10 12:30:00-04:00,25.065000534057617,25.091299057006836,25.039899826049805,25.091299057006836,6232,0.0,0.0,0.0
2024-06-10 13:30:00-04:00,25.1072998046875,25.16819953918457,25.098800659179688,25.155000686645508,8009,0.0,0.0,0.0
2024-06-10 14:30:00-04:00,25.15999984741211,25.184999465942383,25.1200008392334,25.149999618530273,11309,0.0,0.0,0.0
2024-06-10 15:30:00-04:00,25.150100708007812,25.150100708007812,25.070100784301758,25.079999923706055,0,0.0,0.0,0.0
2024-06-11 09:30:00-04:00,25.0,25.049999237060547,24.920000076293945,25.040000915527344,19364,0.0,0.0,0.0
2024-06-11 10:30:00-04:00,25.04010009765625,25.090700149536133,25.04010009765625,25.09000015258789,8171,0.0,0.0,0.0
2024-06-11 11:30:00-04:00,25.09000015258789,25.09000015258789,25.020000457763672,25.049999237060547,9529,0.0,0.0,0.0
2024-06-11 12:30:00-04:00,25.059999465942383,25.100000381469727,25.030000686645508,25.039899826049805,35087,0.0,0.0,0.0
2024-06-11 13:30:00-04:00,25.040000915527344,25.100000381469727,25.040000915527344,25.100000381469727,32560,0.0,0.0,0.0
2024-06-11 14:30:00-04:00,25.110000610351562,25.127199172973633,25.06999969482422,25.079999923706055,12944,0.0,0.0,0.0
2024-06-11 15:30:00-04:00,25.049999237060547,25.0575008392334,24.9950008392334,25.010000228881836,0,0.0,0.0,0.0
2024-06-12 09:30:00-04:00,25.5,25.719999313354492,25.5,25.650100708007812,47639,0.0,0.0,0.0
2024-06-12 10:30:00-04:00,25.629899978637695,25.704999923706055,25.559999465942383,25.559999465942383,18201,0.0,0.0,0.0
2024-06-12 11:30:00-04:00,25.579099655151367,25.600000381469727,25.528900146484375,25.528900146484375,17715,0.0,0.0,0.0
2024-06-12 12:30:00-04:00,25.52989959716797,25.530000686645508,25.469900131225586,25.469999313354492,18442,0.0,0.0,0.0
2024-06-12 13:30:00-04:00,25.459999084472656,25.4867000579834,25.31999969482422,25.43000030517578,15879,0.0,0.0,0.0
2024-06-12 14:30:00-04:00,25.43000030517578,25.479999542236328,25.239999771118164,25.239999771118164,34141,0.0,0.0,0.0
2024-06-12 15:30:00-04:00,25.229999542236328,25.260099411010742,25.200000762939453,25.239999771118164,30949,0.0,0.0,0.0
2024-06-13 09:30:00-04:00,25.280000686645508,25.3700008392334,25.190000534057617,25.200000762939453,15817,0.0,0.0,0.0
2024-06-13 10:30:00-04:00,25.200000762939453,25.260000228881836,25.149499893188477,25.219999313354492,14765,0.0,0.0,0.0
2024-06-13 11:30:00-04:00,25.264999389648438,25.30500030517578,25.25,25.290000915527344,8697,0.0,0.0,0.0
2024-06-13 12:30:00-04:00,25.290000915527344,25.40999984741211,25.290000915527344,25.40999984741211,10380,0.0,0.0,0.0
2024-06-13 13:30:00-04:00,25.38990020751953,25.399900436401367,25.34000015258789,25.34000015258789,7918,0.0,0.0,0.0
2024-06-13 14:30:00-04:00,25.34000015258789,25.3700008392334,25.334999084472656,25.350000381469727,32899,0.0,0.0,0.0
2024-06-13 15:30:00-04:00,25.334999084472656,25.353099822998047,25.31999969482422,25.329999923706055,13393,0.0,0.0,0.0
2024-06-14 09:30:00-04:00,25.260000228881836,25.399999618530273,25.1200008392334,25.170000076293945,22572,0.0,0.0,0.0
2024-06-14 10:30:00-04:00,25.15999984741211,25.299999237060547,25.139999389648438,25.299999237060547,7408,0.0,0.0,0.0
2024-06-14 11:30:00-04:00,25.290000915527344,25.309999465942383,25.249900817871094,25.290000915527344,8403,0.0,0.0,0.0
2024-06-14 12:30:00-04:00,25.290000915527344,25.325000762939453,25.28499984741211,25.30940055847168,7324,0.0,0.0,0.0
2024-06-14 13:30:00-04:00,25.290000915527344,25.294700622558594,25.260000228881836,25.264999389648438,13078,0.0,0.0,0.0
2024-06-14 14:30:00-04:00,25.269899368286133,25.270000457763672,25.239999771118164,25.264999389648438,19625,0.0,0.0,0.0
2024-06-14 15:30:00-04:00,25.260000228881836,25.329999923706055,25.2450008392334,25.31999969482422,17598,0.0,0.0,0.0
2024-06-17 09:30:00-04:00,25.209999084472656,25.209999084472656,25.079299926757812,25.170000076293945,41383,0.0,0.0,0.0
2024-06-17 10:30:00-04:00,25.149999618530273,25.180700302124023,25.1200008392334,25.18000030517578,11907,0.0,0.0,0.0
2024-06-17 11:30:00-04:00,25.18000030517578,25.200000762939453,25.1299991607666,25.190000534057617,7662,0.0,0.0,0.0
2024-06-17 12:30:00-04:00,25.20989990234375,25.219999313354492,25.18000030517578,25.180700302124023,15931,0.0,0.0,0.0
2024-06-17 13:30:00-04:00,25.190000534057617,25.350000381469727,25.190000534057617,25.350000381469727,11528,0.0,0.0,0.0
2024-06-17 14:30:00-04:00,25.350000381469727,25.350000381469727,25.239299774169922,25.270000457763672,18014,0.0,0.0,0.0
2024-06-17 15:30:00-04:00,25.270000457763672,25.2992000579834,25.225000381469727,25.229999542236328,20580,0.0,0.0,0.0
2024-06-18 09:30:00-04:00,25.290000915527344,25.41990089416504,25.25,25.27989959716797,33769,0.0,0.0,0.0
2024-06-18 10:30:00-04:00,25.295000076293945,25.34939956665039,25.260000228881836,25.309999465942383,81639,0.0,0.0,0.0
2024-06-18 11:30:00-04:00,25.31999969482422,25.364500045776367,25.319700241088867,25.329999923706055,15411,0.0,0.0,0.0
2024-06-18 12:30:00-04:00,25.319900512695312,25.350000381469727,25.309999465942383,25.31999969482422,43421,0.0,0.0,0.0
2024-06-18 13:30:00-04:00,25.31999969482422,25.35070037841797,25.309999465942383,25.329999923706055,16032,0.0,0.0,0.0
2024-06-18 14:30:00-04:00,25.334999084472656,25.350000381469727,25.290000915527344,25.299999237060547,31783,0.0,0.0,0.0
2024-06-18 15:30:00-04:00,25.29509925842285,25.329999923706055,25.290000915527344,25.31999969482422,16046,0.0,0.0,0.0
2024-06-20 09:30:00-04:00,25.25,25.334999084472656,25.209999084472656,25.31999969482422,30916,0.0,0.0,0.0
2024-06-20 10:30:00-04:00,25.310800552368164,25.329999923706055,25.190000534057617,25.190000534057617,51989,0.0,0.0,0.0
2024-06-20 11:30:00-04:00,25.209999084472656,25.290800094604492,25.19849967956543,25.260000228881836,27129,0.0,0.0,0.0
2024-06-20 12:30:00-04:00,25.260000228881836,25.289600372314453,25.235000610351562,25.2549991607666,15293,0.0,0.0,0.0
2024-06-20 13:30:00-04:00,25.264999389648438,25.32659912109375,25.25,25.309200286865234,16687,0.0,0.0,0.0
2024-06-20 14:30:00-04:00,25.299999237060547,25.309999465942383,25.24920082092285,25.280000686645508,52898,0.0,0.0,0.0
2024-06-20 15:30:00-04:00,25.280000686645508,25.290000915527344,25.247900009155273,25.270000457763672,24825,0.0,0.0,0.0
2024-06-21 09:30:00-04:00,25.079999923706055,25.079999923706055,24.918699264526367,25.065000534057617,0,0.0,0.0,0.0
2024-06-21 10:30:00-04:00,25.040000915527344,25.040000915527344,24.975000381469727,25.024999618530273,19766,0.0,0.0,0.0
2024-06-21 11:30:00-04:00,25.020099639892578,25.059999465942383,24.99810028076172,24.999799728393555,11394,0.0,0.0,0.0
2024-06-21 12:30:00-04:00,25.0049991607666,25.040000915527344,24.985000610351562,25.030399322509766,6313,0.0,0.0,0.0
2024-06-21 13:30:00-04:00,25.030000686645508,25.076900482177734,25.020000457763672,25.06999969482422,13306,0.0,0.0,0.0
2024-06-21 14:30:00-04:00,25.06999969482422,25.070100784301758,25.025100708007812,25.030000686645508,18157,0.0,0.0,0.0
2024-06-21 15:30:00-04:00,25.030000686645508,25.1200008392334,25.020000457763672,25.094999313354492,22516,0.0,0.0,0.0
2024-06-24 09:30:00-04:00,25.110000610351562,25.354999542236328,25.06999969482422,25.34149932861328,37729,0.0,0.0,0.0
2024-06-24 10:30:00-04:00,25.34000015258789,25.510000228881836,25.329999923706055,25.43000030517578,30243,0.0,0.0,0.0
2024-06-24 11:30:00-04:00,25.420000076293945,25.424999237060547,25.30500030517578,25.375,26960,0.0,0.0,0.0
2024-06-24 12:30:00-04:00,25.3799991607666,25.395000457763672,25.329999923706055,25.354999542236328,23783,0.0,0.0,0.0
2024-06-24 13:30:00-04:00,25.354999542236328,25.385000228881836,25.30970001220703,25.379899978637695,25059,0.0,0.0,0.0
2024-06-24 14:30:00-04:00,25.37529945373535,25.3799991607666,25.299999237060547,25.309999465942383,71822,0.0,0.0,0.0
2024-06-24 15:30:00-04:00,25.30500030517578,25.334999084472656,25.264999389648438,25.280000686645508,25502,0.0,0.0,0.0
2024-06-25 09:30:00-04:00,25.260000228881836,25.260000228881836,25.04990005493164,25.04990005493164,52692,0.0,0.0,0.0
2024-06-25 10:30:00-04:00,25.04669952392578,25.049999237060547,24.8799991607666,24.884199142456055,17675,0.0,0.0,0.0
2024-06-25 11:30:00-04:00,24.8799991607666,24.884000778198242,24.829999923706055,24.8700008392334,11035,0.0,0.0,0.0
2024-06-25 12:30:00-04:00,24.840099334716797,24.889999389648438,24.81999969482422,24.889999389648438,13347,0.0,0.0,0.0
2024-06-25 13:30:00-04:00,24.899999618530273,24.950000762939453,24.899900436401367,24.950000762939453,12593,0.0,0.0,0.0
2024-06-25 14:30:00-04:00,24.950000762939453,24.959999084472656,24.924999237060547,24.940000534057617,47985,0.0,0.0,0.0
2024-06-25 15:30:00-04:00,24.924999237060547,24.959999084472656,24.90999984741211,24.940000534057617,28355,0.0,0.0,0.0
2024-06-26 09:30:00-04:00,24.780000686645508,24.8799991607666,24.75,24.850000381469727,31933,0.0,0.0,0.0
2024-06-26 10:30:00-04:00,24.84000015258789,24.915000915527344,24.79990005493164,24.90999984741211,11593,0.0,0.0,0.0
2024-06-26 11:30:00-04:00,24.90999984741211,24.950000762939453,24.8799991607666,24.8799991607666,17397,0.0,0.0,0.0
2024-06-26 12:30:00-04:00,24.889999389648438,24.920000076293945,24.850099563598633,24.860000610351562,10466,0.0,0.0,0.0
2024-06-26 13:30:00-04:00,24.860000610351562,24.8700008392334,24.838300704956055,24.850299835205078,27300,0.0,0.0,0.0
2024-06-26 14:30:00-04:00,24.844999313354492,24.8700008392334,24.825000762939453,24.829999923706055,17688,0.0,0.0,0.0
2024-06-26 15:30:00-04:00,24.824499130249023,24.90999984741211,24.824499130249023,24.895000457763672,29042,0.0,0.0,0.0
2024-06-27 09:30:00-04:00,24.920000076293945,25.084999084472656,24.875200271606445,25.079700469970703,18913,0.0,0.0,0.0
2024-06-27 10:30:00-04:00,25.084999084472656,25.1299991607666,25.040000915527344,25.06999969482422,26676,0.0,0.0,0.0
2024-06-27 11:30:00-04:00,25.059999465942383,25.065000534057617,25.0049991607666,25.0049991607666,15432,0.0,0.0,0.0
2024-06-27 12:30:00-04:00,24.985000610351562,24.989999771118164,24.959999084472656,24.969999313354492,21826,0.0,0.0,0.0
2024-06-27 13:30:00-04:00,24.96500015258789,24.969999313354492,24.895000457763672,24.895000457763672,10603,0.0,0.0,0.0
2024-06-27 14:30:00-04:00,24.885000228881836,24.94499969482422,24.875,24.94499969482422,22779,0.0,0.0,0.0
2024-06-27 15:30:00-04:00,24.950000762939453,25.128299713134766,24.950000762939453,25.128299713134766,37898,0.0,0.0,0.0
2024-06-28 09:30:00-04:00,25.219999313354492,25.43000030517578,25.1299991607666,25.210100173950195,19504,0.0,0.0,0.0
2024-06-28 10:30:00-04:00,25.229900360107422,25.235000610351562,25.184999465942383,25.200000762939453,16166,0.0,0.0,0.0
2024-06-28 11:30:00-04:00,25.200000762939453,25.229999542236328,25.174999237060547,25.19499969482422,20543,0.0,0.0,0.0
2024-06-28 12:30:00-04:00,25.190099716186523,25.209999084472656,25.18000030517578,25.18000030517578,9094,0.0,0.0,0.0
2024-06-28 13:30:00-04:00,25.15999984741211,25.190000534057617,25.139999389648438,25.170000076293945,12811,0.0,0.0,0.0
2024-06-28 14:30:00-04:00,25.170000076293945,25.209999084472656,25.165000915527344,25.209999084472656,23093,0.0,0.0,0.0
2024-06-28 15:30:00-04:00,25.209999084472656,25.354999542236328,25.174999237060547,25.329999923706055,27408,0.0,0.0,0.0
2024-07-01 09:30:00-04:00,25.260000228881836,25.360000610351562,25.079999923706055,25.135000228881836,176278,0.0,0.0,0.0
2024-07-01 10:30:00-04:00,25.135000228881836,25.135000228881836,24.934999465942383,24.95989990234375,221799,0.0,0.0,0.0
2024-07-01 11:30:00-04:00,24.959999084472656,25.05500030517578,24.950000762939453,25.05500030517578,32276,0.0,0.0,0.0
2024-07-01 12:30:00-04:00,25.049999237060547,25.07990074157715,24.971599578857422,25.06999969482422,32013,0.0,0.0,0.0
2024-07-01 13:30:00-04:00,25.059999465942383,25.110000610351562,25.03499984741211,25.079999923706055,35262,0.0,0.0,0.0
2024-07-01 14:30:00-04:00,25.079999923706055,25.114999771118164,25.030000686645508,25.051000595092773,27475,0.0,0.0,0.0
2024-07-01 15:30:00-04:00,25.049999237060547,25.10740089416504,25.04990005493164,25.094999313354492,28575,0.0,0.0,0.0
2024-07-02 09:30:00-04:00,25.079999923706055,25.229999542236328,25.079999923706055,25.21500015258789,24788,0.0,0.0,0.0
2024-07-02 10:30:00-04:00,25.209999084472656,25.233800888061523,25.121700286865234,25.159900665283203,19811,0.0,0.0,0.0
2024-07-02 11:30:00-04:00,25.16010093688965,25.181100845336914,25.1289005279541,25.13010025024414,22033,0.0,0.0,0.0
2024-07-02 12:30:00-04:00,25.1200008392334,25.1200008392334,25.06999969482422,25.099899291992188,20657,0.0,0.0,0.0
2024-07-02 13:30:00-04:00,25.09000015258789,25.135000228881836,25.069499969482422,25.1299991607666,14153,0.0,0.0,0.0
2024-07-02 14:30:00-04:00,25.139999389648438,25.170000076293945,25.135000228881836,25.170000076293945,13102,0.0,0.0,0.0
2024-07-02 15:30:00-04:00,25.170000076293945,25.197500228881836,25.15999984741211,25.190000534057617,18286,0.0,0.0,0.0
2024-07-03 09:30:00-04:00,25.270000457763672,25.360000610351562,25.204999923706055,25.330900192260742,22242,0.0,0.0,0.0
2024-07-03 10:30:00-04:00,25.31999969482422,25.34000015258789,25.239999771118164,25.239999771118164,36725,0.0,0.0,0.0
2024-07-03 11:30:00-04:00,25.229999542236328,25.239999771118164,25.18000030517578,25.190000534057617,18521,0.0,0.0,0.0
2024-07-05 09:30:00-04:00,25.260000228881836,25.260000228881836,25.088899612426758,25.1299991607666,41348,0.0,0.0,0.0
2024-07-05 10:30:00-04:00,25.149999618530273,25.235000610351562,25.1289005279541,25.200000762939453,73104,0.0,0.0,0.0
2024-07-05 11:30:00-04:00,25.190000534057617,25.25510025024414,25.170000076293945,25.190000534057617,24058,0.0,0.0,0.0
2024-07-05 12:30:00-04:00,25.18000030517578,25.235000610351562,25.18000030517578,25.229999542236328,30877,0.0,0.0,0.0
2024-07-05 13:30:00-04:00,25.219999313354492,25.280000686645508,25.21500015258789,25.244699478149414,13439,0.0,0.0,0.0
2024-07-05 14:30:00-04:00,25.235000610351562,25.260000228881836,25.225000381469727,25.229999542236328,14843,0.0,0.0,0.0
2024-07-05 15:30:00-04:00,25.229999542236328,25.290000915527344,25.21500015258789,25.260000228881836,18932,0.0,0.0,0.0
2024-07-08 09:30:00-04:00,25.270000457763672,25.37470054626465,25.260000228881836,25.26889991760254,39259,0.0,0.0,0.0
2024-07-08 10:30:00-04:00,25.26099967956543,25.331100463867188,25.25510025024414,25.260000228881836,17613,0.0,0.0,0.0
2024-07-08 11:30:00-04:00,25.25,25.28499984741211,25.219999313354492,25.279399871826172,11341,0.0,0.0,0.0
2024-07-08 12:30:00-04:00,25.281200408935547,25.309999465942383,25.270000457763672,25.28969955444336,10077,0.0,0.0,0.0
2024-07-08 13:30:00-04:00,25.290000915527344,25.319400787353516,25.290000915527344,25.319400787353516,8305,0.0,0.0,0.0
2024-07-08 14:30:00-04:00,25.327499389648438,25.3617000579834,25.290000915527344,25.354999542236328,19761,0.0,0.0,0.0
2024-07-08 15:30:00-04:00,25.350000381469727,25.369400024414062,25.30500030517578,25.309999465942383,16553,0.0,0.0,0.0
2024-07-09 09:30:00-04:00,25.280000686645508,25.30500030517578,25.08009910583496,25.131000518798828,35489,0.0,0.0,0.0
2024-07-09 10:30:00-04:00,25.109800338745117,25.2101993560791,25.090900421142578,25.204999923706055,21712,0.0,0.0,0.0
2024-07-09 11:30:00-04:00,25.209999084472656,25.299999237060547,25.1919002532959,25.299999237060547,32404,0.0,0.0,0.0
2024-07-09 12:30:00-04:00,25.309999465942383,25.399999618530273,25.299999237060547,25.371000289916992,28920,0.0,0.0,0.0
2024-07-09 13:30:00-04:00,25.360000610351562,25.3700008392334,25.291900634765625,25.30500030517578,18724,0.0,0.0,0.0
2024-07-09 14:30:00-04:00,25.295000076293945,25.320199966430664,25.270099639892578,25.31999969482422,37380,0.0,0.0,0.0
2024-07-09 15:30:00-04:00,25.315000534057617,25.344999313354492,25.300600051879883,25.315000534057617,18192,0.0,0.0,0.0
2024-07-10 09:30:00-04:00,25.399999618530273,25.440000534057617,25.27120018005371,25.280000686645508,17639,0.0,0.0,0.0
2024-07-10 10:30:00-04:00,25.28619956970215,25.350099563598633,25.280000686645508,25.31999969482422,16120,0.0,0.0,0.0
2024-07-10 11:30:00-04:00,25.31999969482422,25.31999969482422,25.269699096679688,25.309999465942383,11969,0.0,0.0,0.0
2024-07-10 12:30:00-04:00,25.29599952697754,25.351200103759766,25.290000915527344,25.329999923706055,13156,0.0,0.0,0.0
2024-07-10 13:30:00-04:00,25.308799743652344,25.409900665283203,25.299999237060547,25.379899978637695,14680,0.0,0.0,0.0
2024-07-10 14:30:00-04:00,25.3700008392334,25.434999465942383,25.358800888061523,25.429000854492188,42368,0.0,0.0,0.0
2024-07-10 15:30:00-04:00,25.42329978942871,25.530000686645508,25.42329978942871,25.520000457763672,0,0.0,0.0,0.0
2024-07-11 09:30:00-04:00,25.81999969482422,26.309999465942383,25.81999969482422,26.221200942993164,64288,0.0,0.0,0.0
2024-07-11 10:30:00-04:00,26.219999313354492,26.240100860595703,26.1200008392334,26.229999542236328,30588,0.0,0.0,0.0
2024-07-11 11:30:00-04:00,26.229999542236328,26.284000396728516,26.1875,26.209999084472656,18984,0.0,0.0,0.0
2024-07-11 12:30:00-04:00,26.209999084472656,26.219999313354492,26.159799575805664,26.218799591064453,10446,0.0,0.0,0.0
2024-07-11 13:30:00-04:00,26.209999084472656,26.270000457763672,26.135000228881836,26.15999984741211,19106,0.0,0.0,0.0
2024-07-11 14:30:00-04:00,26.16119956970215,26.18000030517578,26.13990020751953,26.16119956970215,16748,0.0,0.0,0.0
2024-07-11 15:30:00-04:00,26.15999984741211,26.280000686645508,26.15999984741211,26.229999542236328,25526,0.0,0.0,0.0
2024-07-12 09:30:00-04:00,26.3700008392334,26.520099639892578,26.344999313354492,26.490100860595703,40170,0.0,0.0,0.0
2024-07-12 10:30:00-04:00,26.5,26.510400772094727,26.420000076293945,26.43000030517578,26232,0.0,0.0,0.0
2024-07-12 11:30:00-04:00,26.43000030517578,26.43000030517578,26.388599395751953,26.420000076293945,18578,0.0,0.0,0.0
2024-07-12 12:30:00-04:00,26.420000076293945,26.514999389648438,26.399999618530273,26.510000228881836,12150,0.0,0.0,0.0
2024-07-12 13:30:00-04:00,26.510000228881836,26.59869956970215,26.510000228881836,26.584999084472656,18586,0.0,0.0,0.0
2024-07-12 14:30:00-04:00,26.56599998474121,26.59000015258789,26.549999237060547,26.575000762939453,18311,0.0,0.0,0.0
2024-07-12 15:30:00-04:00,26.565000534057617,26.59000015258789,26.420000076293945,26.440000534057617,30203,0.0,0.0,0.0
2024-07-15 09:30:00-04:00,26.520000457763672,26.530000686645508,26.40999984741211,26.459999084472656,25752,0.0,0.0,0.0
2024-07-15 10:30:00-04:00,26.459999084472656,26.6200008392334,26.40999984741211,26.6200008392334,30831,0.0,0.0,0.0
2024-07-15 11:30:00-04:00,26.6200008392334,26.640100479125977,26.579999923706055,26.59000015258789,17636,0.0,0.0,0.0
2024-07-15 12:30:00-04:00,26.579999923706055,26.58139991760254,26.510000228881836,26.54990005493164,23145,0.0,0.0,0.0
2024-07-15 13:30:00-04:00,26.54010009765625,26.604999542236328,26.520099639892578,26.600000381469727,59254,0.0,0.0,0.0
2024-07-15 14:30:00-04:00,26.600000381469727,26.6200008392334,26.549999237060547,26.59000015258789,23303,0.0,0.0,0.0
2024-07-15 15:30:00-04:00,26.600000381469727,26.610000610351562,26.540000915527344,26.600000381469727,22050,0.0,0.0,0.0
2024-07-16 09:30:00-04:00,26.739999771118164,26.829999923706055,26.69499969482422,26.760000228881836,40064,0.0,0.0,0.0
2024-07-16 10:30:00-04:00,26.729999542236328,26.764999389648438,26.649900436401367,26.758399963378906,45211,0.0,0.0,0.0
2024-07-16 11:30:00-04:00,26.7450008392334,26.819900512695312,26.739999771118164,26.809999465942383,14164,0.0,0.0,0.0
2024-07-16 12:30:00-04:00,26.809999465942383,26.846200942993164,26.77989959716797,26.780000686645508,17599,0.0,0.0,0.0
2024-07-16 13:30:00-04:00,26.809999465942383,26.889999389648438,26.805200576782227,26.860000610351562,36762,0.0,0.0,0.0
2024-07-16 14:30:00-04:00,26.86370086669922,26.895999908447266,26.850000381469727,26.891300201416016,123971,0.0,0.0,0.0
2024-07-16 15:30:00-04:00,26.889999389648438,26.950000762939453,26.885000228881836,26.940000534057617,137470,0.0,0.0,0.0
2024-07-17 09:30:00-04:00,26.850000381469727,27.29010009765625,26.850000381469727,27.22010040283203,54192,0.0,0.0,0.0
2024-07-17 10:30:00-04:00,27.219999313354492,27.25,27.15999984741211,27.209999084472656,32593,0.0,0.0,0.0
2024-07-17 11:30:00-04:00,27.200000762939453,27.259899139404297,27.104999542236328,27.110000610351562,35145,0.0,0.0,0.0
2024-07-17 12:30:00-04:00,27.100000381469727,27.139999389648438,26.969900131225586,26.989999771118164,48846,0.0,0.0,0.0
2024-07-17 13:30:00-04:00,26.989999771118164,27.127599716186523,26.989999771118164,27.110000610351562,30175,0.0,0.0,0.0
2024-07-17 14:30:00-04:00,27.104999542236328,27.149999618530273,27.079999923706055,27.1200008392334,24273,0.0,0.0,0.0
2024-07-17 15:30:00-04:00,27.1200008392334,27.1299991607666,27.059999465942383,27.1299991607666,31031,0.0,0.0,0.0
2024-07-18 09:30:00-04:00,27.010000228881836,27.43000030517578,26.989999771118164,27.389999389648438,31746,0.0,0.0,0.0
2024-07-18 10:30:00-04:00,27.389999389648438,27.399999618530273,27.272899627685547,27.309999465942383,22331,0.0,0.0,0.0
2024-07-18 11:30:00-04:00,27.309999465942383,27.332399368286133,27.188800811767578,27.190000534057617,29844,0.0,0.0,0.0
2024-07-18 12:30:00-04:00,27.200000762939453,27.209999084472656,27.16069984436035,27.172399520874023,21463,0.0,0.0,0.0
2024-07-18 13:30:00-04:00,27.170000076293945,27.18000030517578,26.950000762939453,26.950000762939453,32419,0.0,0.0,0.0
2024-07-18 14:30:00-04:00,26.938100814819336,26.96109962463379,26.829999923706055,26.85650062561035,28837,0.0,0.0,0.0
2024-07-18 15:30:00-04:00,26.850000381469727,26.93000030517578,26.850000381469727,26.895000457763672,37053,0.0,0.0,0.0
2024-07-19 09:30:00-04:00,26.8799991607666,26.940000534057617,26.844999313354492,26.848800659179688,15315,0.0,0.0,0.0
2024-07-19 10:30:00-04:00,26.88010025024414,26.900100708007812,26.737499237060547,26.758899688720703,17807,0.0,0.0,0.0
2024-07-19 11:30:00-04:00,26.75,26.899999618530273,26.729999542236328,26.850000381469727,18136,0.0,0.0,0.0
2024-07-19 12:30:00-04:00,26.841100692749023,26.860000610351562,26.78499984741211,26.815000534057617,26949,0.0,0.0,0.0
2024-07-19 13:30:00-04:00,26.809999465942383,26.864999771118164,26.774999618530273,26.809999465942383,14910,0.0,0.0,0.0
2024-07-19 14:30:00-04:00,26.81999969482422,26.90999984741211,26.787500381469727,26.889999389648438,18003,0.0,0.0,0.0
2024-07-19 15:30:00-04:00,26.899999618530273,26.899999618530273,26.815000534057617,26.844999313354492,18246,0.0,0.0,0.0
2024-07-22 09:30:00-04:00,26.899999618530273,26.989999771118164,26.73040008544922,26.864999771118164,40331,0.0,0.0,0.0
2024-07-22 10:30:00-04:00,26.860000610351562,27.059999465942383,26.860000610351562,27.010000228881836,19827,0.0,0.0,0.0
2024-07-22 11:30:00-04:00,26.989999771118164,27.010000228881836,26.939599990844727,26.954999923706055,14276,0.0,0.0,0.0
2024-07-22 12:30:00-04:00,26.950000762939453,27.040000915527344,26.939599990844727,27.030000686645508,10684,0.0,0.0,0.0
2024-07-22 13:30:00-04:00,27.030000686645508,27.04010009765625,26.97439956665039,27.001100540161133,12550,0.0,0.0,0.0
2024-07-22 14:30:00-04:00,27.000099182128906,27.149900436401367,27.000099182128906,27.09000015258789,23757,0.0,0.0,0.0
2024-07-22 15:30:00-04:00,27.100000381469727,27.125,27.06089973449707,27.110000610351562,23480,0.0,0.0,0.0
2024-07-23 09:30:00-04:00,27.059999465942383,27.23509979248047,26.959999084472656,27.225000381469727,30679,0.0,0.0,0.0
2024-07-23 10:30:00-04:00,27.219999313354492,27.270000457763672,27.11989974975586,27.170000076293945,23895,0.0,0.0,0.0
2024-07-23 11:30:00-04:00,27.15999984741211,27.219999313354492,27.13960075378418,27.149599075317383,19301,0.0,0.0,0.0
2024-07-23 12:30:00-04:00,27.139999389648438,27.159400939941406,27.100000381469727,27.110000610351562,22278,0.0,0.0,0.0
2024-07-23 13:30:00-04:00,27.110000610351562,27.174999237060547,27.09000015258789,27.139999389648438,22029,0.0,0.0,0.0
2024-07-23 14:30:00-04:00,27.15999984741211,27.200000762939453,27.126699447631836,27.174999237060547,19308,0.0,0.0,0.0
2024-07-23 15:30:00-04:00,27.170000076293945,27.179800033569336,27.09000015258789,27.100000381469727,14106,0.0,0.0,0.0
2024-07-24 09:30:00-04:00,27.059999465942383,27.206300735473633,26.980600357055664,27.06999969482422,23603,0.0,0.0,0.0
2024-07-24 10:30:00-04:00,27.100000381469727,27.200000762939453,27.069900512695312,27.145000457763672,26495,0.0,0.0,0.0
2024-07-24 11:30:00-04:00,27.148000717163086,27.24139976501465,27.145000457763672,27.209999084472656,14082,0.0,0.0,0.0
2024-07-24 12:30:00-04:00,27.209999084472656,27.209999084472656,27.083799362182617,27.084999084472656,18222,0.0,0.0,0.0
2024-07-24 13:30:00-04:00,27.079999923706055,27.110000610351562,27.010000228881836,27.024999618530273,21279,0.0,0.0,0.0
2024-07-24 14:30:00-04:00,27.020000457763672,27.030099868774414,26.799999237060547,26.809999465942383,37482,0.0,0.0,0.0
2024-07-24 15:30:00-04:00,26.809999465942383,26.829999923706055,26.674999237060547,26.690000534057617,38958,0.0,0.0,0.0
2024-07-25 09:30:00-04:00,26.770000457763672,27.100099563598633,26.75819969177246,27.030000686645508,32368,0.0,0.0,0.0
2024-07-25 10:30:00-04:00,26.940000534057617,27.0,26.85409927368164,26.959999084472656,18151,0.0,0.0,0.0
2024-07-25 11:30:00-04:00,26.979999542236328,27.010000228881836,26.908899307250977,26.969999313354492,15787,0.0,0.0,0.0
2024-07-25 12:30:00-04:00,26.950000762939453,26.989999771118164,26.78860092163086,26.78860092163086,9925,0.0,0.0,0.0
2024-07-25 13:30:00-04:00,26.78499984741211,26.78499984741211,26.614999771118164,26.618600845336914,14741,0.0,0.0,0.0
2024-07-25 14:30:00-04:00,26.641399383544922,26.701400756835938,26.548599243164062,26.69499969482422,30771,0.0,0.0,0.0
2024-07-25 15:30:00-04:00,26.690000534057617,26.71500015258789,26.600000381469727,26.610000610351562,42235,0.0,0.0,0.0
2024-07-26 09:30:00-04:00,26.780000686645508,26.940000534057617,26.75,26.929399490356445,20537,0.0,0.0,0.0
2024-07-26 10:30:00-04:00,26.920000076293945,26.934999465942383,26.829999923706055,26.899999618530273,16219,0.0,0.0,0.0
2024-07-26 11:30:00-04:00,26.901399612426758,27.075000762939453,26.8799991607666,27.030000686645508,15890,0.0,0.0,0.0
2024-07-26 12:30:00-04:00,27.030000686645508,27.06049919128418,26.975000381469727,27.059999465942383,30438,0.0,0.0,0.0
2024-07-26 13:30:00-04:00,27.070600509643555,27.09000015258789,26.959999084472656,26.979999542236328,14710,0.0,0.0,0.0
2024-07-26 14:30:00-04:00,26.979999542236328,27.1200008392334,26.969999313354492,27.114999771118164,18223,0.0,0.0,0.0
2024-07-26 15:30:00-04:00,27.09000015258789,27.15999984741211,27.030000686645508,27.06999969482422,27693,0.0,0.0,0.0
