Datetime,Open,High,Low,Close,Volume,Dividends,Stock Splits
2022-11-10 09:30:00-05:00,5.0,5.0,5.0,5.0,0,0.0,0.0
2022-11-10 10:30:00-05:00,2.200000047683716,2.5999999046325684,1.6399999856948853,1.9299999475479126,1587841,0.0,0.0
2022-11-10 11:30:00-05:00,1.9299999475479126,2.809999942779541,1.9199999570846558,2.5999999046325684,990071,0.0,0.0
2022-11-10 12:30:00-05:00,2.609999895095825,2.700000047683716,2.490000009536743,2.6500000953674316,143339,0.0,0.0
2022-11-10 13:30:00-05:00,2.5999999046325684,2.7100000381469727,2.359999895095825,2.4000000953674316,172188,0.0,0.0
2022-11-10 14:30:00-05:00,2.4000000953674316,2.5299999713897705,2.3499999046325684,2.380000114440918,92007,0.0,0.0
2022-11-10 15:30:00-05:00,2.369999885559082,2.490000009536743,2.1500000953674316,2.490000009536743,144077,0.0,0.0
2022-11-11 09:30:00-05:00,4.161399841308594,4.289899826049805,3.380000114440918,3.4800000190734863,14772904,0.0,0.0
2022-11-11 10:30:00-05:00,3.4800000190734863,3.5999999046325684,3.069999933242798,3.2899999618530273,2360987,0.0,0.0
2022-11-11 11:30:00-05:00,3.2899999618530273,3.4800000190734863,3.25,3.3350000381469727,1062570,0.0,0.0
2022-11-11 12:30:00-05:00,3.3299999237060547,3.3299999237060547,3.119999885559082,3.2300000190734863,546948,0.0,0.0
2022-11-11 13:30:00-05:00,3.2249999046325684,3.3199000358581543,3.119999885559082,3.2699999809265137,335104,0.0,0.0
2022-11-11 14:30:00-05:00,3.277899980545044,3.380000114440918,3.200000047683716,3.204200029373169,510658,0.0,0.0
2022-11-11 15:30:00-05:00,3.2149999141693115,3.2499001026153564,2.9200000762939453,3.0,351811,0.0,0.0
2022-11-14 09:30:00-05:00,2.6600000858306885,2.9899001121520996,2.609999895095825,2.925600051879883,565087,0.0,0.0
2022-11-14 10:30:00-05:00,2.9691998958587646,3.299999952316284,2.960099935531616,3.2200000286102295,410959,0.0,0.0
2022-11-14 11:30:00-05:00,3.2200000286102295,3.359999895095825,3.119999885559082,3.2300000190734863,365388,0.0,0.0
2022-11-14 12:30:00-05:00,3.2300000190734863,3.2799999713897705,3.130000114440918,3.2699999809265137,38194,0.0,0.0
2022-11-14 13:30:00-05:00,3.2699999809265137,3.2799999713897705,3.1500000953674316,3.2200000286102295,77132,0.0,0.0
2022-11-14 14:30:00-05:00,3.2307000160217285,3.494999885559082,3.200000047683716,3.4000000953674316,179561,0.0,0.0
2022-11-14 15:30:00-05:00,3.4149999618530273,3.5,3.299999952316284,3.369999885559082,0,0.0,0.0
2022-11-15 09:30:00-05:00,3.1700000762939453,3.5683999061584473,3.161900043487549,3.440000057220459,344197,0.0,0.0
2022-11-15 10:30:00-05:00,3.440000057220459,3.5,3.2583999633789062,3.359999895095825,154275,0.0,0.0
2022-11-15 11:30:00-05:00,3.359999895095825,3.369999885559082,3.200000047683716,3.3499999046325684,94787,0.0,0.0
2022-11-15 12:30:00-05:00,3.3499999046325684,3.3650999069213867,3.258500099182129,3.268399953842163,30627,0.0,0.0
2022-11-15 13:30:00-05:00,3.2400999069213867,3.369999885559082,3.210099935531616,3.318000078201294,75492,0.0,0.0
2022-11-15 14:30:00-05:00,3.319999933242798,3.5499000549316406,3.319999933242798,3.5,169856,0.0,0.0
2022-11-15 15:30:00-05:00,3.5299999713897705,3.5299999713897705,3.2701001167297363,3.319999933242798,36281,0.0,0.0
2022-11-16 09:30:00-05:00,3.2500998973846436,3.372499942779541,3.0299999713897705,3.119999885559082,160585,0.0,0.0
2022-11-16 10:30:00-05:00,3.1256000995635986,3.190000057220459,3.0299999713897705,3.119800090789795,124077,0.0,0.0
2022-11-16 11:30:00-05:00,3.130000114440918,3.1579999923706055,3.0399999618530273,3.0899999141693115,10261,0.0,0.0
2022-11-16 12:30:00-05:00,3.0899999141693115,3.140000104904175,2.9800000190734863,3.049999952316284,32277,0.0,0.0
2022-11-16 13:30:00-05:00,3.049999952316284,3.119999885559082,3.0,3.059999942779541,12182,0.0,0.0
2022-11-16 14:30:00-05:00,3.0627999305725098,3.1700000762939453,3.0450000762939453,3.119999885559082,53198,0.0,0.0
2022-11-16 15:30:00-05:00,3.0850000381469727,3.125,3.049999952316284,3.059999942779541,12585,0.0,0.0
2022-11-17 09:30:00-05:00,2.9200000762939453,3.2253000736236572,2.9000000953674316,3.180000066757202,134433,0.0,0.0
2022-11-17 10:30:00-05:00,3.1844000816345215,3.299999952316284,3.1201000213623047,3.259999990463257,94724,0.0,0.0
2022-11-17 11:30:00-05:00,3.2799999713897705,3.319999933242798,3.221100091934204,3.259999990463257,45066,0.0,0.0
2022-11-17 12:30:00-05:00,3.2311999797821045,3.299999952316284,3.2200000286102295,3.2200000286102295,14986,0.0,0.0
2022-11-17 13:30:00-05:00,3.234999895095825,3.2411000728607178,3.125,3.220099925994873,19467,0.0,0.0
2022-11-17 14:30:00-05:00,3.2200000286102295,3.25,3.119999885559082,3.1201000213623047,9342,0.0,0.0
2022-11-17 15:30:00-05:00,3.140000104904175,3.140000104904175,3.0,3.049999952316284,0,0.0,0.0
2022-11-18 09:30:00-05:00,3.130000114440918,3.2899999618530273,3.049999952316284,3.180000066757202,134313,0.0,0.0
2022-11-18 10:30:00-05:00,3.200000047683716,3.200000047683716,3.0799999237060547,3.119999885559082,22518,0.0,0.0
2022-11-18 11:30:00-05:00,3.1387999057769775,3.1387999057769775,3.049999952316284,3.055999994277954,16358,0.0,0.0
2022-11-18 12:30:00-05:00,3.059999942779541,3.1600000858306885,3.0369999408721924,3.055000066757202,50993,0.0,0.0
2022-11-18 13:30:00-05:00,3.049999952316284,3.089900016784668,3.049999952316284,3.089900016784668,1467,0.0,0.0
2022-11-18 14:30:00-05:00,3.0799999237060547,3.090100049972534,3.0799999237060547,3.0899999141693115,2332,0.0,0.0
2022-11-18 15:30:00-05:00,3.049999952316284,3.049999952316284,3.0399999618530273,3.0399999618530273,2513,0.0,0.0
2022-11-21 09:30:00-05:00,3.0299999713897705,3.2100000381469727,3.0299999713897705,3.0999999046325684,90823,0.0,0.0
2022-11-21 10:30:00-05:00,3.0999999046325684,3.101599931716919,3.0299999713897705,3.0899999141693115,20725,0.0,0.0
2022-11-21 11:30:00-05:00,3.0999999046325684,3.206700086593628,3.0678999423980713,3.1500000953674316,43923,0.0,0.0
2022-11-21 12:30:00-05:00,3.1600000858306885,3.1763999462127686,3.1600000858306885,3.1763999462127686,14688,0.0,0.0
2022-11-21 13:30:00-05:00,3.171600103378296,3.178499937057495,3.0999999046325684,3.0999999046325684,8098,0.0,0.0
2022-11-21 14:30:00-05:00,3.119999885559082,3.119999885559082,3.0399999618530273,3.0399999618530273,4374,0.0,0.0
2022-11-21 15:30:00-05:00,3.04010009765625,3.0999999046325684,3.0399999618530273,3.0850000381469727,0,0.0,0.0
2022-11-22 09:30:00-05:00,3.0999999046325684,3.119999885559082,3.0299999713897705,3.0399999618530273,45840,0.0,0.0
2022-11-22 10:30:00-05:00,3.049999952316284,3.059999942779541,2.990000009536743,2.990000009536743,20523,0.0,0.0
2022-11-22 11:30:00-05:00,2.9999001026153564,2.9999001026153564,2.9100000858306885,2.9100000858306885,18325,0.0,0.0
2022-11-22 12:30:00-05:00,2.9100000858306885,2.9800000190734863,2.869999885559082,2.9800000190734863,51180,0.0,0.0
2022-11-22 13:30:00-05:00,2.9800000190734863,3.029900074005127,2.9600000381469727,3.0199999809265137,14509,0.0,0.0
2022-11-22 14:30:00-05:00,3.0,3.029900074005127,2.860100030899048,2.950000047683716,24785,0.0,0.0
2022-11-22 15:30:00-05:00,2.934999942779541,2.940000057220459,2.9000000953674316,2.9000000953674316,3138,0.0,0.0
2022-11-23 09:30:00-05:00,2.9600000381469727,3.5599000453948975,2.9200000762939453,3.0,979714,0.0,0.0
2022-11-23 10:30:00-05:00,3.0,3.011199951171875,2.809999942779541,2.9600000381469727,98796,0.0,0.0
2022-11-23 11:30:00-05:00,2.9600000381469727,3.01990008354187,2.8301000595092773,2.990000009536743,88455,0.0,0.0
2022-11-23 12:30:00-05:00,2.990000009536743,2.994999885559082,2.9100000858306885,2.9600000381469727,20459,0.0,0.0
2022-11-23 13:30:00-05:00,2.9600000381469727,3.0799999237060547,2.930000066757202,2.930000066757202,43716,0.0,0.0
2022-11-23 14:30:00-05:00,2.930000066757202,2.9800000190734863,2.880000114440918,2.880000114440918,56925,0.0,0.0
2022-11-23 15:30:00-05:00,2.880000114440918,2.880000114440918,2.809999942779541,2.84060001373291,16069,0.0,0.0
2022-11-25 09:30:00-05:00,2.8499999046325684,2.9000000953674316,2.8399999141693115,2.859999895095825,15976,0.0,0.0
2022-11-25 10:30:00-05:00,2.859999895095825,2.880000114440918,2.700000047683716,2.880000114440918,4524,0.0,0.0
2022-11-25 11:30:00-05:00,2.8661000728607178,2.8661000728607178,2.8499999046325684,2.859999895095825,6133,0.0,0.0
2022-11-28 09:30:00-05:00,2.740000009536743,2.8155999183654785,2.7100000381469727,2.75,45569,0.0,0.0
2022-11-28 10:30:00-05:00,2.75,2.75,2.5999999046325684,2.609999895095825,16679,0.0,0.0
2022-11-28 11:30:00-05:00,2.6489999294281006,2.6698999404907227,2.5,2.5299999713897705,18501,0.0,0.0
2022-11-28 12:30:00-05:00,2.5299999713897705,2.5999999046325684,2.5,2.5399999618530273,17777,0.0,0.0
2022-11-28 13:30:00-05:00,2.5399999618530273,2.5899999141693115,2.5399999618530273,2.5899999141693115,3328,0.0,0.0
2022-11-28 14:30:00-05:00,2.5999999046325684,2.640000104904175,2.5999999046325684,2.640000104904175,4168,0.0,0.0
2022-11-28 15:30:00-05:00,2.5899999141693115,2.609999895095825,2.5399999618530273,2.559999942779541,0,0.0,0.0
2022-11-29 09:30:00-05:00,2.5880000591278076,2.7249999046325684,2.5799999237060547,2.609999895095825,23936,0.0,0.0
2022-11-29 10:30:00-05:00,2.649399995803833,2.734999895095825,2.640000104904175,2.674999952316284,64673,0.0,0.0
2022-11-29 11:30:00-05:00,2.6700000762939453,2.700000047683716,2.6500000953674316,2.6600000858306885,20912,0.0,0.0
2022-11-29 12:30:00-05:00,2.6600000858306885,2.680000066757202,2.640000104904175,2.640000104904175,3794,0.0,0.0
2022-11-29 13:30:00-05:00,2.6500000953674316,2.680000066757202,2.6429998874664307,2.6600000858306885,3902,0.0,0.0
2022-11-29 14:30:00-05:00,2.6600000858306885,2.661900043487549,2.6600000858306885,2.6600000858306885,1894,0.0,0.0
2022-11-29 15:30:00-05:00,2.6600000858306885,2.700000047683716,2.6600000858306885,2.6700000762939453,6114,0.0,0.0
2022-11-30 09:30:00-05:00,2.6500000953674316,2.6538000106811523,2.319999933242798,2.390000104904175,41722,0.0,0.0
2022-11-30 10:30:00-05:00,2.359999895095825,2.3954999446868896,2.25,2.309999942779541,33760,0.0,0.0
2022-11-30 11:30:00-05:00,2.299999952316284,2.3399999141693115,2.2899999618530273,2.3006999492645264,11865,0.0,0.0
2022-11-30 12:30:00-05:00,2.312700033187866,2.4000000953674316,2.309999942779541,2.3550000190734863,30521,0.0,0.0
2022-11-30 13:30:00-05:00,2.4000000953674316,2.509999990463257,2.390000104904175,2.5000998973846436,45113,0.0,0.0
2022-11-30 14:30:00-05:00,2.512700080871582,2.569999933242798,2.5,2.549999952316284,12232,0.0,0.0
2022-11-30 15:30:00-05:00,2.5399999618530273,2.5999999046325684,2.481100082397461,2.5999999046325684,0,0.0,0.0
2022-12-01 09:30:00-05:00,2.690000057220459,2.690000057220459,2.550100088119507,2.550100088119507,5562,0.0,0.0
2022-12-01 10:30:00-05:00,2.649899959564209,2.649899959564209,2.5201001167297363,2.5510001182556152,9996,0.0,0.0
2022-12-01 11:30:00-05:00,2.5553998947143555,2.5815000534057617,2.5,2.5,5200,0.0,0.0
2022-12-01 12:30:00-05:00,2.450000047683716,2.4800000190734863,2.450000047683716,2.4600000381469727,6978,0.0,0.0
2022-12-01 13:30:00-05:00,2.460099935531616,2.5199999809265137,2.460099935531616,2.5000998973846436,11021,0.0,0.0
2022-12-01 14:30:00-05:00,2.5000998973846436,2.569999933242798,2.5000998973846436,2.569999933242798,18331,0.0,0.0
2022-12-01 15:30:00-05:00,2.5000998973846436,2.5999999046325684,2.5,2.5899999141693115,0,0.0,0.0
2022-12-02 09:30:00-05:00,2.559999942779541,2.589900016784668,2.4700000286102295,2.490000009536743,7287,0.0,0.0
2022-12-02 10:30:00-05:00,2.410900115966797,2.5199999809265137,2.410900115966797,2.509999990463257,1570,0.0,0.0
2022-12-02 11:30:00-05:00,2.5199999809265137,2.5485999584198,2.4700000286102295,2.5399999618530273,4639,0.0,0.0
2022-12-02 12:30:00-05:00,2.509999990463257,2.5427000522613525,2.5,2.5,3216,0.0,0.0
2022-12-02 13:30:00-05:00,2.5,2.5,2.490000009536743,2.490000009536743,736,0.0,0.0
2022-12-02 14:30:00-05:00,2.5,2.507699966430664,2.5,2.507699966430664,2288,0.0,0.0
2022-12-02 15:30:00-05:00,2.5499000549316406,2.569999933242798,2.5299999713897705,2.559999942779541,2189,0.0,0.0
2022-12-05 09:30:00-05:00,2.630000114440918,2.630000114440918,2.430000066757202,2.450000047683716,11772,0.0,0.0
2022-12-05 10:30:00-05:00,2.5,2.5,2.450000047683716,2.5,7836,0.0,0.0
2022-12-05 11:30:00-05:00,2.490000009536743,2.490000009536743,2.490000009536743,2.490000009536743,171,0.0,0.0
2022-12-05 12:30:00-05:00,2.5,2.5299999713897705,2.450000047683716,2.5,13076,0.0,0.0
2022-12-05 13:30:00-05:00,2.490000009536743,2.5,2.4579999446868896,2.4600000381469727,1871,0.0,0.0
2022-12-05 14:30:00-05:00,2.4600000381469727,2.4649999141693115,2.450000047683716,2.450000047683716,1625,0.0,0.0
2022-12-05 15:30:00-05:00,2.4749999046325684,2.5199999809265137,2.4600000381469727,2.490000009536743,0,0.0,0.0
2022-12-06 09:30:00-05:00,2.4553000926971436,2.4553000926971436,2.2200000286102295,2.3299999237060547,2106,0.0,0.0
2022-12-06 10:30:00-05:00,2.3399999141693115,2.3557000160217285,2.2300000190734863,2.25,4700,0.0,0.0
2022-12-06 11:30:00-05:00,2.240000009536743,2.309999942779541,2.240000009536743,2.25,2988,0.0,0.0
2022-12-06 12:30:00-05:00,2.25,2.3399999141693115,2.240000009536743,2.299999952316284,10397,0.0,0.0
2022-12-06 13:30:00-05:00,2.299999952316284,2.450000047683716,2.25,2.390000104904175,61063,0.0,0.0
2022-12-06 14:30:00-05:00,2.4000000953674316,2.450000047683716,2.259999990463257,2.3399999141693115,37473,0.0,0.0
2022-12-06 15:30:00-05:00,2.3399999141693115,2.3399999141693115,2.25,2.25,0,0.0,0.0
2022-12-07 09:30:00-05:00,2.2300000190734863,2.490000009536743,2.1600000858306885,2.4619998931884766,263386,0.0,0.0
2022-12-07 10:30:00-05:00,2.4600000381469727,2.5922999382019043,2.3441998958587646,2.4200000762939453,46536,0.0,0.0
2022-12-07 11:30:00-05:00,2.4200000762939453,2.4300999641418457,2.3201000690460205,2.3399999141693115,15775,0.0,0.0
2022-12-07 12:30:00-05:00,2.3399999141693115,2.3399999141693115,2.2300000190734863,2.319999933242798,19679,0.0,0.0
2022-12-07 13:30:00-05:00,2.319999933242798,2.380000114440918,2.299999952316284,2.299999952316284,11981,0.0,0.0
2022-12-07 14:30:00-05:00,2.299999952316284,2.4488000869750977,2.299999952316284,2.3299999237060547,49140,0.0,0.0
2022-12-07 15:30:00-05:00,2.3299999237060547,2.3798999786376953,2.259999990463257,2.259999990463257,0,0.0,0.0
2022-12-08 09:30:00-05:00,2.2799999713897705,2.359999895095825,2.1500000953674316,2.2100000381469727,37212,0.0,0.0
2022-12-08 10:30:00-05:00,2.2100000381469727,2.3066000938415527,2.180000066757202,2.2200000286102295,46435,0.0,0.0
2022-12-08 11:30:00-05:00,2.2100000381469727,2.2518999576568604,2.2100000381469727,2.25,2917,0.0,0.0
2022-12-08 12:30:00-05:00,2.240000009536743,2.299999952316284,2.200000047683716,2.259999990463257,43936,0.0,0.0
2022-12-08 13:30:00-05:00,2.259999990463257,2.2699999809265137,2.200000047683716,2.2200000286102295,26874,0.0,0.0
2022-12-08 14:30:00-05:00,2.2100000381469727,2.25,2.1600000858306885,2.200000047683716,22306,0.0,0.0
2022-12-08 15:30:00-05:00,2.2300000190734863,2.2300000190734863,2.1700000762939453,2.1826999187469482,0,0.0,0.0
2022-12-09 09:30:00-05:00,2.2100000381469727,2.259999990463257,2.109999895095825,2.130000114440918,38289,0.0,0.0
2022-12-09 10:30:00-05:00,2.140000104904175,2.180000066757202,2.0799999237060547,2.086699962615967,38119,0.0,0.0
2022-12-09 11:30:00-05:00,2.130000114440918,2.130000114440918,2.059999942779541,2.0999999046325684,17207,0.0,0.0
2022-12-09 12:30:00-05:00,2.0899999141693115,2.130000114440918,2.069999933242798,2.109999895095825,9241,0.0,0.0
2022-12-09 13:30:00-05:00,2.109999895095825,2.110100030899048,2.109999895095825,2.109999895095825,683,0.0,0.0
2022-12-09 14:30:00-05:00,2.109999895095825,2.140000104904175,2.0199999809265137,2.0199999809265137,31406,0.0,0.0
2022-12-09 15:30:00-05:00,2.059999942779541,2.059999942779541,2.0,2.0,8589,0.0,0.0
2022-12-12 09:30:00-05:00,2.0199999809265137,2.0541000366210938,2.0,2.0399999618530273,6505,0.0,0.0
2022-12-12 10:30:00-05:00,2.059999942779541,2.0899999141693115,2.0299999713897705,2.0399999618530273,4013,0.0,0.0
2022-12-12 11:30:00-05:00,2.0399999618530273,2.066999912261963,2.0299999713897705,2.0399999618530273,4991,0.0,0.0
2022-12-12 12:30:00-05:00,2.062000036239624,2.08270001411438,2.0299999713897705,2.0299999713897705,4581,0.0,0.0
2022-12-12 13:30:00-05:00,2.109999895095825,2.109999895095825,2.0299999713897705,2.049999952316284,3228,0.0,0.0
2022-12-12 14:30:00-05:00,2.059999942779541,2.150099992752075,2.049999952316284,2.0941998958587646,6694,0.0,0.0
2022-12-12 15:30:00-05:00,2.059999942779541,2.0899999141693115,2.0589001178741455,2.0799999237060547,5284,0.0,0.0
2022-12-13 09:30:00-05:00,2.130000114440918,2.130000114440918,1.9299999475479126,1.940000057220459,30199,0.0,0.0
2022-12-13 10:30:00-05:00,1.940000057220459,1.9950000047683716,1.8899999856948853,1.899999976158142,38595,0.0,0.0
2022-12-13 11:30:00-05:00,1.951300024986267,1.951300024986267,1.850000023841858,1.850000023841858,9205,0.0,0.0
2022-12-13 12:30:00-05:00,1.8600000143051147,1.8977999687194824,1.7000999450683594,1.829800009727478,38564,0.0,0.0
2022-12-13 13:30:00-05:00,1.7999999523162842,1.8700000047683716,1.7599999904632568,1.7999999523162842,46085,0.0,0.0
2022-12-13 14:30:00-05:00,1.812000036239624,1.8899999856948853,1.809999942779541,1.8899999856948853,4546,0.0,0.0
2022-12-13 15:30:00-05:00,1.840000033378601,1.8720999956130981,1.7999999523162842,1.7999999523162842,0,0.0,0.0
2022-12-14 09:30:00-05:00,1.850000023841858,1.9098999500274658,1.8300000429153442,1.8300000429153442,4739,0.0,0.0
2022-12-14 10:30:00-05:00,1.8341000080108643,1.9004000425338745,1.8000999689102173,1.850000023841858,10745,0.0,0.0
2022-12-14 11:30:00-05:00,1.8600000143051147,1.8799999952316284,1.8573999404907227,1.8799999952316284,1055,0.0,0.0
2022-12-14 12:30:00-05:00,1.899999976158142,1.899999976158142,1.8899999856948853,1.8899999856948853,732,0.0,0.0
2022-12-14 13:30:00-05:00,1.9234000444412231,1.9234000444412231,1.9199999570846558,1.9199999570846558,454,0.0,0.0
2022-12-14 14:30:00-05:00,1.909999966621399,1.909999966621399,1.8799999952316284,1.8799999952316284,1092,0.0,0.0
2022-12-14 15:30:00-05:00,1.9199999570846558,1.9199999570846558,1.8600000143051147,1.8600000143051147,2554,0.0,0.0
2022-12-15 09:30:00-05:00,1.850000023841858,1.909999966621399,1.8300000429153442,1.850000023841858,2392,0.0,0.0
2022-12-15 10:30:00-05:00,1.8799999952316284,1.8799999952316284,1.7200000286102295,1.7200000286102295,13537,0.0,0.0
2022-12-15 11:30:00-05:00,1.8040000200271606,1.850000023841858,1.7200000286102295,1.809999942779541,6505,0.0,0.0
2022-12-15 12:30:00-05:00,1.8200000524520874,1.8200000524520874,1.7899999618530273,1.809999942779541,1575,0.0,0.0
2022-12-15 13:30:00-05:00,1.7699999809265137,1.809999942779541,1.7699999809265137,1.809999942779541,685,0.0,0.0
2022-12-15 14:30:00-05:00,1.8200000524520874,1.8200000524520874,1.7999999523162842,1.7999999523162842,4525,0.0,0.0
2022-12-15 15:30:00-05:00,1.7999999523162842,1.8200000524520874,1.7400000095367432,1.75,20617,0.0,0.0
2022-12-16 09:30:00-05:00,1.600000023841858,1.7899999618530273,1.5499999523162842,1.6399999856948853,53067,0.0,0.0
2022-12-16 10:30:00-05:00,1.649999976158142,1.7699999809265137,1.649999976158142,1.6699999570846558,10714,0.0,0.0
2022-12-16 11:30:00-05:00,1.649999976158142,1.7200000286102295,1.600000023841858,1.7100000381469727,15598,0.0,0.0
2022-12-16 12:30:00-05:00,1.7000000476837158,1.7200000286102295,1.7000000476837158,1.7100000381469727,9212,0.0,0.0
2022-12-16 13:30:00-05:00,1.7200000286102295,1.75,1.7100000381469727,1.75,9905,0.0,0.0
2022-12-16 14:30:00-05:00,1.7345999479293823,1.7350000143051147,1.715000033378601,1.7350000143051147,3234,0.0,0.0
2022-12-16 15:30:00-05:00,1.7300000190734863,1.7300000190734863,1.5800000429153442,1.5800000429153442,15402,0.0,0.0
2022-12-19 09:30:00-05:00,1.4500000476837158,1.5,1.4500000476837158,1.4900000095367432,9383,0.0,0.0
2022-12-19 10:30:00-05:00,1.4900000095367432,1.4900000095367432,1.4600000381469727,1.4630000591278076,2439,0.0,0.0
2022-12-19 11:30:00-05:00,1.4600000381469727,1.5950000286102295,1.4500000476837158,1.590000033378601,11869,0.0,0.0
2022-12-19 12:30:00-05:00,1.593999981880188,1.6052000522613525,1.5099999904632568,1.559999942779541,16451,0.0,0.0
2022-12-19 13:30:00-05:00,1.5499999523162842,1.5499999523162842,1.5149999856948853,1.5149999856948853,2591,0.0,0.0
2022-12-19 14:30:00-05:00,1.5199999809265137,1.5199999809265137,1.5199999809265137,1.5199999809265137,101,0.0,0.0
2022-12-19 15:30:00-05:00,1.5099999904632568,1.5099999904632568,1.4500000476837158,1.4500000476837158,0,0.0,0.0
2022-12-20 09:30:00-05:00,1.4900000095367432,1.559999942779541,1.4900000095367432,1.5299999713897705,16790,0.0,0.0
2022-12-20 10:30:00-05:00,1.5449999570846558,1.6399999856948853,1.5,1.5,22118,0.0,0.0
2022-12-20 11:30:00-05:00,1.5099999904632568,1.5700000524520874,1.5099999904632568,1.5499999523162842,10454,0.0,0.0
2022-12-20 12:30:00-05:00,1.559999942779541,1.569000005722046,1.4800000190734863,1.4800000190734863,10731,0.0,0.0
2022-12-20 13:30:00-05:00,1.4950000047683716,1.4950000047683716,1.4500000476837158,1.4599000215530396,5753,0.0,0.0
2022-12-20 14:30:00-05:00,1.4500000476837158,1.5,1.4299999475479126,1.4700000286102295,2663,0.0,0.0
2022-12-20 15:30:00-05:00,1.5099999904632568,1.5099999904632568,1.4500000476837158,1.4500000476837158,2401,0.0,0.0
2022-12-21 09:30:00-05:00,1.5399999618530273,1.5999000072479248,1.5,1.5,7382,0.0,0.0
2022-12-21 10:30:00-05:00,1.5056999921798706,1.517699956893921,1.5,1.5,3857,0.0,0.0
2022-12-21 11:30:00-05:00,1.5,1.5700000524520874,1.5,1.5099999904632568,27705,0.0,0.0
2022-12-21 12:30:00-05:00,1.5099999904632568,1.5099999904632568,1.5099999904632568,1.5099999904632568,984,0.0,0.0
2022-12-21 13:30:00-05:00,1.5232000350952148,1.5399999618530273,1.5,1.5,11507,0.0,0.0
2022-12-21 14:30:00-05:00,1.5,1.5,1.5,1.5,3180,0.0,0.0
2022-12-21 15:30:00-05:00,1.4800000190734863,1.5,1.4600000381469727,1.4600000381469727,2628,0.0,0.0
2022-12-22 09:30:00-05:00,1.4600000381469727,1.523900032043457,1.4299999475479126,1.440000057220459,39652,0.0,0.0
2022-12-22 10:30:00-05:00,1.4500000476837158,1.5099999904632568,1.440000057220459,1.5099999904632568,6961,0.0,0.0
2022-12-22 11:30:00-05:00,1.5099999904632568,1.5317000150680542,1.5,1.5299999713897705,4219,0.0,0.0
2022-12-22 12:30:00-05:00,1.5299999713897705,1.5300999879837036,1.5299999713897705,1.5299999713897705,4312,0.0,0.0
2022-12-22 13:30:00-05:00,1.5299999713897705,1.5299999713897705,1.399999976158142,1.409999966621399,17356,0.0,0.0
2022-12-22 14:30:00-05:00,1.409999966621399,1.4611999988555908,1.409999966621399,1.4611999988555908,4914,0.0,0.0
2022-12-22 15:30:00-05:00,1.4950000047683716,1.4990999698638916,1.4500000476837158,1.4990999698638916,1300,0.0,0.0
2022-12-23 09:30:00-05:00,1.4199999570846558,1.4931000471115112,1.409999966621399,1.4500000476837158,9155,0.0,0.0
2022-12-23 11:30:00-05:00,1.4909000396728516,1.4909000396728516,1.4800000190734863,1.4800000190734863,1676,0.0,0.0
2022-12-23 12:30:00-05:00,1.4663000106811523,1.4800000190734863,1.4600000381469727,1.4600000381469727,886,0.0,0.0
2022-12-23 13:30:00-05:00,1.4600000381469727,1.4600000381469727,1.399999976158142,1.399999976158142,17861,0.0,0.0
2022-12-23 15:30:00-05:00,1.399999976158142,1.399999976158142,1.2899999618530273,1.3200000524520874,5827,0.0,0.0
2022-12-27 09:30:00-05:00,1.2799999713897705,1.3127000331878662,1.2799999713897705,1.309999942779541,974,0.0,0.0
2022-12-27 10:30:00-05:00,1.3420000076293945,1.3700000047683716,1.3100999593734741,1.320099949836731,2714,0.0,0.0
2022-12-27 11:30:00-05:00,1.3739999532699585,1.3739999532699585,1.3200000524520874,1.3200000524520874,1201,0.0,0.0
2022-12-27 12:30:00-05:00,1.3565000295639038,1.3565000295639038,1.340000033378601,1.340000033378601,723,0.0,0.0
2022-12-27 13:30:00-05:00,1.350000023841858,1.350000023841858,1.3200000524520874,1.3200000524520874,4213,0.0,0.0
2022-12-27 14:30:00-05:00,1.340000033378601,1.3401000499725342,1.3200000524520874,1.3401000499725342,929,0.0,0.0
2022-12-27 15:30:00-05:00,1.350000023841858,1.350000023841858,1.350000023841858,1.350000023841858,653,0.0,0.0
2022-12-28 09:30:00-05:00,1.2599999904632568,1.3550000190734863,1.2599999904632568,1.3300000429153442,5709,0.0,0.0
2022-12-28 10:30:00-05:00,1.3300000429153442,1.4499000310897827,1.2999999523162842,1.3300000429153442,63714,0.0,0.0
2022-12-28 11:30:00-05:00,1.3554999828338623,1.4199999570846558,1.3554999828338623,1.399999976158142,9905,0.0,0.0
2022-12-28 12:30:00-05:00,1.4027999639511108,1.4299999475479126,1.399999976158142,1.4299999475479126,10429,0.0,0.0
2022-12-28 13:30:00-05:00,1.4299999475479126,1.5413000583648682,1.4299999475479126,1.5099999904632568,10228,0.0,0.0
2022-12-28 14:30:00-05:00,1.5458999872207642,1.5458999872207642,1.4900000095367432,1.5199999809265137,9497,0.0,0.0
2022-12-28 15:30:00-05:00,1.5188000202178955,1.5188000202178955,1.4500000476837158,1.4500000476837158,2313,0.0,0.0
2022-12-29 09:30:00-05:00,1.5,1.5,1.4500000476837158,1.4800000190734863,3851,0.0,0.0
2022-12-29 10:30:00-05:00,1.5,1.5339000225067139,1.4500000476837158,1.4700000286102295,3836,0.0,0.0
2022-12-29 11:30:00-05:00,1.4700000286102295,1.4950000047683716,1.4500000476837158,1.4600000381469727,6612,0.0,0.0
2022-12-29 12:30:00-05:00,1.4900000095367432,1.5199999809265137,1.4900000095367432,1.5199999809265137,782,0.0,0.0
2022-12-29 13:30:00-05:00,1.5199999809265137,1.530900001525879,1.5,1.5,3505,0.0,0.0
2022-12-29 14:30:00-05:00,1.5499999523162842,1.5499999523162842,1.4700000286102295,1.5,9383,0.0,0.0
2022-12-29 15:30:00-05:00,1.5,1.5,1.4600000381469727,1.4600000381469727,458,0.0,0.0
2022-12-30 09:30:00-05:00,1.4199999570846558,1.5299999713897705,1.4199999570846558,1.440000057220459,2995,0.0,0.0
2022-12-30 10:30:00-05:00,1.440000057220459,1.4500000476837158,1.440000057220459,1.4500000476837158,0,0.0,0.0
2022-12-30 11:30:00-05:00,1.4600000381469727,1.5,1.4500000476837158,1.4500000476837158,25182,0.0,0.0
2022-12-30 13:30:00-05:00,1.4500000476837158,1.5499999523162842,1.4500000476837158,1.5,5588,0.0,0.0
2022-12-30 14:30:00-05:00,1.5,1.649999976158142,1.5,1.6399999856948853,5979,0.0,0.0
2022-12-30 15:30:00-05:00,1.6588000059127808,1.6588000059127808,1.4700000286102295,1.4700000286102295,1442,0.0,0.0
2023-01-03 09:30:00-05:00,1.5499999523162842,1.5800000429153442,1.4500000476837158,1.5549999475479126,22280,0.0,0.0
2023-01-03 10:30:00-05:00,1.590000033378601,1.6799999475479126,1.590000033378601,1.6200000047683716,14104,0.0,0.0
2023-01-03 11:30:00-05:00,1.6200000047683716,1.6654000282287598,1.6100000143051147,1.6100000143051147,2616,0.0,0.0
2023-01-03 12:30:00-05:00,1.649999976158142,1.6699999570846558,1.5499999523162842,1.600000023841858,15990,0.0,0.0
2023-01-03 13:30:00-05:00,1.600000023841858,1.600000023841858,1.4600000381469727,1.4600000381469727,19085,0.0,0.0
2023-01-03 14:30:00-05:00,1.4700000286102295,1.5199999809265137,1.4700000286102295,1.5,829,0.0,0.0
2023-01-03 15:30:00-05:00,1.5,1.5199999809265137,1.26010000705719,1.340000033378601,32331,0.0,0.0
2023-01-04 09:30:00-05:00,1.3300000429153442,1.5299999713897705,1.3300000429153442,1.4400999546051025,17049,0.0,0.0
2023-01-04 10:30:00-05:00,1.4427000284194946,1.4600000381469727,1.4427000284194946,1.4600000381469727,2753,0.0,0.0
2023-01-04 12:30:00-05:00,1.5,1.5424000024795532,1.5,1.5424000024795532,6577,0.0,0.0
2023-01-04 13:30:00-05:00,1.5399999618530273,1.5472999811172485,1.4700000286102295,1.4700000286102295,8828,0.0,0.0
2023-01-04 14:30:00-05:00,1.4700000286102295,1.5099999904632568,1.4600000381469727,1.4600000381469727,5384,0.0,0.0
2023-01-04 15:30:00-05:00,1.5019999742507935,1.5019999742507935,1.5019999742507935,1.5019999742507935,200,0.0,0.0
2023-01-05 09:30:00-05:00,1.5099999904632568,1.5499999523162842,1.5099999904632568,1.5499999523162842,1644,0.0,0.0
2023-01-05 10:30:00-05:00,1.5099999904632568,1.5469000339508057,1.5099999904632568,1.5199999809265137,2752,0.0,0.0
2023-01-05 12:30:00-05:00,1.5099999904632568,1.5099999904632568,1.5099999904632568,1.5099999904632568,4710,0.0,0.0
2023-01-05 13:30:00-05:00,1.5099999904632568,1.5099999904632568,1.4700000286102295,1.5,2492,0.0,0.0
2023-01-05 14:30:00-05:00,1.5299999713897705,1.5299999713897705,1.4700000286102295,1.4700000286102295,8939,0.0,0.0
2023-01-05 15:30:00-05:00,1.5046000480651855,1.5049999952316284,1.4299999475479126,1.4500000476837158,0,0.0,0.0
2023-01-06 09:30:00-05:00,1.5049999952316284,1.5049999952316284,1.409999966621399,1.409999966621399,901,0.0,0.0
2023-01-06 10:30:00-05:00,1.4973000288009644,1.559999942779541,1.4500000476837158,1.5508999824523926,5307,0.0,0.0
2023-01-06 11:30:00-05:00,1.5973000526428223,1.6200000047683716,1.5700000524520874,1.6200000047683716,2854,0.0,0.0
2023-01-06 12:30:00-05:00,1.6200000047683716,1.6200000047683716,1.5199999809265137,1.5199999809265137,1311,0.0,0.0
2023-01-06 13:30:00-05:00,1.5199999809265137,1.5199999809265137,1.5199999809265137,1.5199999809265137,102,0.0,0.0
2023-01-06 14:30:00-05:00,1.5399999618530273,1.5399999618530273,1.5,1.5,2070,0.0,0.0
2023-01-06 15:30:00-05:00,1.4616999626159668,1.559999942779541,1.4616999626159668,1.5099999904632568,23351,0.0,0.0
2023-01-09 09:30:00-05:00,1.4600000381469727,1.5921000242233276,1.4600000381469727,1.5390000343322754,4025,0.0,0.0
2023-01-09 10:30:00-05:00,1.5300999879837036,1.5999000072479248,1.5,1.5,10784,0.0,0.0
2023-01-09 11:30:00-05:00,1.590000033378601,1.590000033378601,1.5099999904632568,1.5099999904632568,955,0.0,0.0
2023-01-09 12:30:00-05:00,1.582800030708313,1.590000033378601,1.5399999618530273,1.5800000429153442,10044,0.0,0.0
2023-01-09 13:30:00-05:00,1.590000033378601,1.590000033378601,1.5499999523162842,1.5499999523162842,2971,0.0,0.0
2023-01-09 14:30:00-05:00,1.5499999523162842,1.5499999523162842,1.4700000286102295,1.4700000286102295,3288,0.0,0.0
2023-01-09 15:30:00-05:00,1.4800000190734863,1.4800000190734863,1.4600000381469727,1.4700000286102295,3676,0.0,0.0
2023-01-10 09:30:00-05:00,1.5299999713897705,1.5399999618530273,1.5299999713897705,1.5299999713897705,5962,0.0,0.0
2023-01-10 10:30:00-05:00,1.5399999618530273,1.5399999618530273,1.4600000381469727,1.4600000381469727,9678,0.0,0.0
2023-01-10 11:30:00-05:00,1.4500000476837158,1.4600000381469727,1.440000057220459,1.4500000476837158,7866,0.0,0.0
2023-01-10 12:30:00-05:00,1.4500000476837158,1.489400029182434,1.440000057220459,1.440000057220459,5914,0.0,0.0
2023-01-10 13:30:00-05:00,1.4601000547409058,1.4900000095367432,1.440000057220459,1.4700000286102295,6114,0.0,0.0
2023-01-10 14:30:00-05:00,1.4900000095367432,1.5199999809265137,1.440000057220459,1.4600000381469727,2876,0.0,0.0
2023-01-10 15:30:00-05:00,1.4600000381469727,1.5399999618530273,1.440000057220459,1.4700000286102295,3350,0.0,0.0
2023-01-11 09:30:00-05:00,1.5700000524520874,1.5700000524520874,1.4700000286102295,1.4900000095367432,2433,0.0,0.0
2023-01-11 10:30:00-05:00,1.4900000095367432,1.4993000030517578,1.4800000190734863,1.4900000095367432,3065,0.0,0.0
2023-01-11 11:30:00-05:00,1.4900000095367432,1.4900000095367432,1.4900000095367432,1.4900000095367432,330,0.0,0.0
2023-01-11 12:30:00-05:00,1.4950000047683716,1.5,1.4800000190734863,1.4900000095367432,4767,0.0,0.0
2023-01-11 13:30:00-05:00,1.5099999904632568,1.559999942779541,1.5099999904632568,1.5499999523162842,7011,0.0,0.0
2023-01-11 14:30:00-05:00,1.5499999523162842,1.5499999523162842,1.5399999618530273,1.5399999618530273,2805,0.0,0.0
2023-01-11 15:30:00-05:00,1.4800000190734863,1.5499999523162842,1.4800000190734863,1.4900000095367432,0,0.0,0.0
2023-01-12 09:30:00-05:00,1.4905999898910522,1.570099949836731,1.4905999898910522,1.5099999904632568,23794,0.0,0.0
2023-01-12 10:30:00-05:00,1.5174000263214111,1.5700000524520874,1.5099999904632568,1.5499999523162842,22566,0.0,0.0
2023-01-12 11:30:00-05:00,1.5800000429153442,1.5999000072479248,1.565000057220459,1.565000057220459,1472,0.0,0.0
2023-01-12 12:30:00-05:00,1.575600028038025,1.6200000047683716,1.5299999713897705,1.5700000524520874,15898,0.0,0.0
2023-01-12 14:30:00-05:00,1.6100000143051147,1.809999942779541,1.5499999523162842,1.7200000286102295,67928,0.0,0.0
2023-01-12 15:30:00-05:00,1.7473000288009644,1.75,1.7100000381469727,1.75,22782,0.0,0.0
2023-01-13 09:30:00-05:00,1.899999976158142,1.899999976158142,1.7599999904632568,1.7700999975204468,13026,0.0,0.0
2023-01-13 10:30:00-05:00,1.7699999809265137,1.7706999778747559,1.7100000381469727,1.7100000381469727,7373,0.0,0.0
2023-01-13 12:30:00-05:00,1.7200000286102295,1.7200000286102295,1.7200000286102295,1.7200000286102295,203,0.0,0.0
2023-01-13 13:30:00-05:00,1.7200000286102295,1.809999942779541,1.7200000286102295,1.7799999713897705,7708,0.0,0.0
2023-01-13 14:30:00-05:00,1.784999966621399,1.7999999523162842,1.7400000095367432,1.7400000095367432,8036,0.0,0.0
2023-01-13 15:30:00-05:00,1.7200000286102295,1.7699999809265137,1.7000000476837158,1.7200000286102295,4381,0.0,0.0
2023-01-17 09:30:00-05:00,1.9299999475479126,1.9299999475479126,1.7699999809265137,1.8650000095367432,18778,0.0,0.0
2023-01-17 10:30:00-05:00,1.8600000143051147,1.8600000143051147,1.7999999523162842,1.7999999523162842,3787,0.0,0.0
2023-01-17 12:30:00-05:00,1.7999999523162842,1.850000023841858,1.7799999713897705,1.7899999618530273,5178,0.0,0.0
2023-01-17 14:30:00-05:00,1.8300000429153442,1.8799999952316284,1.7999999523162842,1.7999999523162842,17574,0.0,0.0
2023-01-17 15:30:00-05:00,1.8544000387191772,1.8600000143051147,1.7799999713897705,1.8300000429153442,0,0.0,0.0
2023-01-18 09:30:00-05:00,1.8899999856948853,1.9049999713897705,1.7999999523162842,1.818600058555603,7385,0.0,0.0
2023-01-18 10:30:00-05:00,1.8600000143051147,1.875,1.7899999618530273,1.840000033378601,8115,0.0,0.0
2023-01-18 11:30:00-05:00,1.840000033378601,1.840000033378601,1.809999942779541,1.840000033378601,1467,0.0,0.0
2023-01-18 12:30:00-05:00,1.840000033378601,1.840000033378601,1.7200000286102295,1.7200000286102295,1587,0.0,0.0
2023-01-18 13:30:00-05:00,1.7999999523162842,1.7999999523162842,1.7400000095367432,1.7400000095367432,993,0.0,0.0
2023-01-18 15:30:00-05:00,1.7999999523162842,1.7999999523162842,1.7400000095367432,1.7400000095367432,0,0.0,0.0
2023-01-19 09:30:00-05:00,1.840000033378601,1.840000033378601,1.7100000381469727,1.7300000190734863,2090,0.0,0.0
2023-01-19 10:30:00-05:00,1.7599999904632568,1.7599999904632568,1.7000000476837158,1.7100000381469727,957,0.0,0.0
2023-01-19 11:30:00-05:00,1.7719999551773071,1.774999976158142,1.7699999809265137,1.7699999809265137,1501,0.0,0.0
2023-01-19 12:30:00-05:00,1.7699999809265137,1.7898999452590942,1.75,1.75,1893,0.0,0.0
2023-01-19 13:30:00-05:00,1.7799999713897705,1.7899999618530273,1.7799999713897705,1.784999966621399,1499,0.0,0.0
2023-01-19 14:30:00-05:00,1.7999999523162842,1.7999999523162842,1.7300000190734863,1.7400000095367432,5056,0.0,0.0
2023-01-19 15:30:00-05:00,1.7639000415802002,1.7639000415802002,1.718999981880188,1.7400000095367432,0,0.0,0.0
2023-01-20 09:30:00-05:00,1.7799999713897705,1.7799999713897705,1.7400000095367432,1.7400000095367432,958,0.0,0.0
2023-01-20 10:30:00-05:00,1.75,1.75,1.75,1.75,382,0.0,0.0
2023-01-20 11:30:00-05:00,1.8300000429153442,1.9226000308990479,1.7999999523162842,1.7999999523162842,3069,0.0,0.0
2023-01-20 12:30:00-05:00,1.809999942779541,1.809999942779541,1.7899999618530273,1.7899999618530273,1877,0.0,0.0
2023-01-20 13:30:00-05:00,1.7899999618530273,1.7999999523162842,1.7899999618530273,1.7899999618530273,1085,0.0,0.0
2023-01-20 14:30:00-05:00,1.839900016784668,1.839900016784668,1.7799999713897705,1.7799999713897705,2029,0.0,0.0
2023-01-20 15:30:00-05:00,1.7899999618530273,1.7999999523162842,1.7799999713897705,1.7999999523162842,6473,0.0,0.0
2023-01-23 09:30:00-05:00,1.850000023841858,1.850000023841858,1.7999999523162842,1.8200000524520874,5167,0.0,0.0
2023-01-23 10:30:00-05:00,1.8200000524520874,1.850000023841858,1.7735999822616577,1.840000033378601,9359,0.0,0.0
2023-01-23 11:30:00-05:00,1.840000033378601,1.840000033378601,1.8300000429153442,1.8300000429153442,3519,0.0,0.0
2023-01-23 12:30:00-05:00,1.8300000429153442,1.840000033378601,1.8200000524520874,1.8300000429153442,8719,0.0,0.0
2023-01-23 13:30:00-05:00,1.8300000429153442,1.8300000429153442,1.809999942779541,1.809999942779541,1706,0.0,0.0
2023-01-23 14:30:00-05:00,1.8199000358581543,1.8200000524520874,1.7999999523162842,1.7999999523162842,4579,0.0,0.0
2023-01-23 15:30:00-05:00,1.7999999523162842,1.8020999431610107,1.7400000095367432,1.7599999904632568,0,0.0,0.0
2023-01-24 09:30:00-05:00,1.75,1.770400047302246,1.7000000476837158,1.7201000452041626,9697,0.0,0.0
2023-01-24 10:30:00-05:00,1.7209999561309814,1.7799999713897705,1.7209999561309814,1.7599999904632568,6954,0.0,0.0
2023-01-24 11:30:00-05:00,1.7252000570297241,1.7252000570297241,1.7200000286102295,1.7200000286102295,3074,0.0,0.0
2023-01-24 12:30:00-05:00,1.7473000288009644,1.7473000288009644,1.7400000095367432,1.7400000095367432,5345,0.0,0.0
2023-01-24 13:30:00-05:00,1.7400000095367432,1.7400000095367432,1.7400000095367432,1.7400000095367432,1505,0.0,0.0
2023-01-24 14:30:00-05:00,1.75,1.7699999809265137,1.75,1.75,6676,0.0,0.0
2023-01-24 15:30:00-05:00,1.7200000286102295,1.7200000286102295,1.7000000476837158,1.7000000476837158,0,0.0,0.0
2023-01-25 09:30:00-05:00,1.7200000286102295,1.7400000095367432,1.7000000476837158,1.7200000286102295,6088,0.0,0.0
2023-01-25 10:30:00-05:00,1.7200000286102295,1.722000002861023,1.7200000286102295,1.722000002861023,636,0.0,0.0
2023-01-25 12:30:00-05:00,1.7200000286102295,1.7300000190734863,1.7200000286102295,1.7300000190734863,3210,0.0,0.0
2023-01-25 13:30:00-05:00,1.7300000190734863,1.75,1.7300000190734863,1.7300000190734863,5049,0.0,0.0
2023-01-25 14:30:00-05:00,1.7300000190734863,1.7300000190734863,1.7300000190734863,1.7300000190734863,1102,0.0,0.0
2023-01-25 15:30:00-05:00,1.7300000190734863,1.7300000190734863,1.7200000286102295,1.7200000286102295,496,0.0,0.0
2023-01-26 09:30:00-05:00,1.7200000286102295,1.7200000286102295,1.6699999570846558,1.6699999570846558,11898,0.0,0.0
2023-01-26 10:30:00-05:00,1.6699999570846558,1.7300000190734863,1.6699999570846558,1.7300000190734863,5255,0.0,0.0
2023-01-26 11:30:00-05:00,1.7300000190734863,1.7300000190734863,1.7300000190734863,1.7300000190734863,1208,0.0,0.0
2023-01-26 12:30:00-05:00,1.7300000190734863,1.743399977684021,1.690000057220459,1.7000000476837158,2919,0.0,0.0
2023-01-26 13:30:00-05:00,1.7300000190734863,1.7300000190734863,1.7300000190734863,1.7300000190734863,4170,0.0,0.0
2023-01-26 14:30:00-05:00,1.7300000190734863,1.7699999809265137,1.6699999570846558,1.75,34427,0.0,0.0
2023-01-26 15:30:00-05:00,1.7000000476837158,1.7799999713897705,1.7000000476837158,1.7300000190734863,618,0.0,0.0
2023-01-27 09:30:00-05:00,1.6799999475479126,1.7200000286102295,1.6799999475479126,1.6799999475479126,4186,0.0,0.0
2023-01-27 10:30:00-05:00,1.7300000190734863,1.7999999523162842,1.7300000190734863,1.7799999713897705,19610,0.0,0.0
2023-01-27 11:30:00-05:00,1.7769999504089355,1.7769999504089355,1.7300000190734863,1.7400000095367432,1695,0.0,0.0
2023-01-27 12:30:00-05:00,1.75,1.7999999523162842,1.7400000095367432,1.7899999618530273,24323,0.0,0.0
2023-01-27 13:30:00-05:00,1.7899999618530273,1.7899999618530273,1.7799999713897705,1.7899999618530273,2553,0.0,0.0
2023-01-27 14:30:00-05:00,1.7899999618530273,1.7899999618530273,1.7350000143051147,1.7799999713897705,10273,0.0,0.0
2023-01-27 15:30:00-05:00,1.7599999904632568,1.7799999713897705,1.7100000381469727,1.7100000381469727,13863,0.0,0.0
2023-01-30 09:30:00-05:00,1.7400000095367432,1.7400000095367432,1.690000057220459,1.690000057220459,19208,0.0,0.0
2023-01-30 11:30:00-05:00,1.715000033378601,1.7300000190734863,1.7000000476837158,1.7000000476837158,10263,0.0,0.0
2023-01-30 12:30:00-05:00,1.7000999450683594,1.7100000381469727,1.690000057220459,1.7000000476837158,2246,0.0,0.0
2023-01-30 13:30:00-05:00,1.690000057220459,1.690000057220459,1.690000057220459,1.690000057220459,558,0.0,0.0
2023-01-30 15:30:00-05:00,1.6950000524520874,1.7200000286102295,1.6950000524520874,1.7200000286102295,5672,0.0,0.0
2023-01-31 09:30:00-05:00,1.7200000286102295,1.7799999713897705,1.7000000476837158,1.7100000381469727,12529,0.0,0.0
2023-01-31 10:30:00-05:00,1.7280000448226929,1.8300000429153442,1.5099999904632568,1.6174999475479126,123646,0.0,0.0
2023-01-31 11:30:00-05:00,1.617300033569336,1.6649999618530273,1.5801000595092773,1.6299999952316284,21999,0.0,0.0
2023-01-31 12:30:00-05:00,1.649999976158142,1.649999976158142,1.570099949836731,1.570099949836731,1534,0.0,0.0
2023-01-31 13:30:00-05:00,1.6100000143051147,1.6100000143051147,1.5700000524520874,1.5700000524520874,1941,0.0,0.0
2023-01-31 14:30:00-05:00,1.5800000429153442,1.590000033378601,1.5613000392913818,1.5613000392913818,1809,0.0,0.0
2023-01-31 15:30:00-05:00,1.6100000143051147,1.6200000047683716,1.559999942779541,1.559999942779541,6219,0.0,0.0
2023-02-01 09:30:00-05:00,1.7100000381469727,1.7599999904632568,1.649999976158142,1.7000000476837158,127332,0.0,0.0
2023-02-01 10:30:00-05:00,1.7000000476837158,1.7000000476837158,1.6100000143051147,1.6100000143051147,23846,0.0,0.0
2023-02-01 11:30:00-05:00,1.6299999952316284,1.7200000286102295,1.6100000143051147,1.7000000476837158,27991,0.0,0.0
2023-02-01 12:30:00-05:00,1.7100000381469727,1.7200000286102295,1.6399999856948853,1.7000000476837158,15102,0.0,0.0
2023-02-01 13:30:00-05:00,1.7099000215530396,1.7200000286102295,1.690000057220459,1.7100000381469727,3419,0.0,0.0
2023-02-01 14:30:00-05:00,1.7100000381469727,1.7350000143051147,1.6950000524520874,1.6950000524520874,9625,0.0,0.0
2023-02-01 15:30:00-05:00,1.7199000120162964,1.7400000095367432,1.690000057220459,1.7100000381469727,5600,0.0,0.0
2023-02-02 09:30:00-05:00,1.7599999904632568,1.7599999904632568,1.649999976158142,1.7400000095367432,20840,0.0,0.0
2023-02-02 10:30:00-05:00,1.7699999809265137,1.7999999523162842,1.75,1.75,6015,0.0,0.0
2023-02-02 11:30:00-05:00,1.7400000095367432,1.75,1.6699999570846558,1.6699999570846558,4691,0.0,0.0
2023-02-02 12:30:00-05:00,1.6699999570846558,1.75,1.649999976158142,1.7000000476837158,40827,0.0,0.0
2023-02-02 13:30:00-05:00,1.7200000286102295,1.75,1.6799999475479126,1.7300000190734863,3240,0.0,0.0
2023-02-02 14:30:00-05:00,1.725000023841858,1.725000023841858,1.6799999475479126,1.6799999475479126,7877,0.0,0.0
2023-02-02 15:30:00-05:00,1.6799999475479126,1.725000023841858,1.6799999475479126,1.7000000476837158,0,0.0,0.0
2023-02-03 09:30:00-05:00,1.7100000381469727,1.7100000381469727,1.7009999752044678,1.7100000381469727,2946,0.0,0.0
2023-02-03 10:30:00-05:00,1.7100000381469727,1.7100000381469727,1.7000000476837158,1.7000000476837158,1271,0.0,0.0
2023-02-03 11:30:00-05:00,1.749899983406067,1.749899983406067,1.7000000476837158,1.7050000429153442,2591,0.0,0.0
2023-02-03 12:30:00-05:00,1.7100000381469727,1.7200000286102295,1.701200008392334,1.7100000381469727,6027,0.0,0.0
2023-02-03 13:30:00-05:00,1.7200000286102295,1.7200000286102295,1.7000000476837158,1.7000000476837158,1582,0.0,0.0
2023-02-03 14:30:00-05:00,1.7000000476837158,1.7000000476837158,1.7000000476837158,1.7000000476837158,2068,0.0,0.0
2023-02-03 15:30:00-05:00,1.7100000381469727,1.7200000286102295,1.7100000381469727,1.7200000286102295,754,0.0,0.0
2023-02-06 09:30:00-05:00,1.7000000476837158,1.7200000286102295,1.7000000476837158,1.701200008392334,10357,0.0,0.0
2023-02-06 10:30:00-05:00,1.7050000429153442,1.7200000286102295,1.7050000429153442,1.7200000286102295,368,0.0,0.0
2023-02-06 11:30:00-05:00,1.7000000476837158,1.7200000286102295,1.7000000476837158,1.7100000381469727,2582,0.0,0.0
2023-02-06 12:30:00-05:00,1.7100000381469727,1.75,1.7100000381469727,1.75,17348,0.0,0.0
2023-02-06 13:30:00-05:00,1.7350000143051147,1.75,1.7300000190734863,1.7489999532699585,13528,0.0,0.0
2023-02-06 14:30:00-05:00,1.7400000095367432,1.75,1.7200000286102295,1.7200000286102295,9281,0.0,0.0
2023-02-06 15:30:00-05:00,1.7200000286102295,1.7300000190734863,1.7100000381469727,1.7300000190734863,1214,0.0,0.0
2023-02-07 09:30:00-05:00,1.7100000381469727,1.7311999797821045,1.7000000476837158,1.7100000381469727,38262,0.0,0.0
2023-02-07 10:30:00-05:00,1.7100000381469727,1.720900058746338,1.6299999952316284,1.6299999952316284,5391,0.0,0.0
2023-02-07 11:30:00-05:00,1.649999976158142,1.659999966621399,1.649999976158142,1.649999976158142,736,0.0,0.0
2023-02-07 12:30:00-05:00,1.659999966621399,1.6799999475479126,1.649999976158142,1.6799999475479126,2802,0.0,0.0
2023-02-07 13:30:00-05:00,1.659999966621399,1.659999966621399,1.659999966621399,1.659999966621399,126,0.0,0.0
2023-02-07 14:30:00-05:00,1.6649999618530273,1.6649999618530273,1.6200000047683716,1.6200000047683716,10092,0.0,0.0
2023-02-07 15:30:00-05:00,1.6200000047683716,1.6399999856948853,1.6200000047683716,1.6399999856948853,0,0.0,0.0
2023-02-08 09:30:00-05:00,1.659999966621399,1.6799999475479126,1.6593999862670898,1.6799999475479126,1839,0.0,0.0
2023-02-08 10:30:00-05:00,1.659999966621399,1.659999966621399,1.6100000143051147,1.6100000143051147,8117,0.0,0.0
2023-02-08 11:30:00-05:00,1.6100000143051147,1.6399999856948853,1.6100000143051147,1.6399999856948853,2755,0.0,0.0
2023-02-08 12:30:00-05:00,1.6399999856948853,1.6399999856948853,1.6399999856948853,1.6399999856948853,1500,0.0,0.0
2023-02-08 13:30:00-05:00,1.6399999856948853,1.6399999856948853,1.6399999856948853,1.6399999856948853,1602,0.0,0.0
2023-02-08 14:30:00-05:00,1.625,1.649999976158142,1.6100000143051147,1.649999976158142,2427,0.0,0.0
2023-02-08 15:30:00-05:00,1.649999976158142,1.7599999904632568,1.6200000047683716,1.7400000095367432,0,0.0,0.0
2023-02-09 09:30:00-05:00,1.7599999904632568,1.7599999904632568,1.7100000381469727,1.7200000286102295,1779,0.0,0.0
2023-02-09 11:30:00-05:00,1.690999984741211,1.690999984741211,1.690999984741211,1.690999984741211,472,0.0,0.0
2023-02-09 12:30:00-05:00,1.690000057220459,1.690000057220459,1.690000057220459,1.690000057220459,1019,0.0,0.0
2023-02-09 13:30:00-05:00,1.6799999475479126,1.6799999475479126,1.6399999856948853,1.6399999856948853,6150,0.0,0.0
2023-02-09 14:30:00-05:00,1.6598999500274658,1.6598999500274658,1.6399999856948853,1.6399999856948853,911,0.0,0.0
2023-02-09 15:30:00-05:00,1.649999976158142,1.6799999475479126,1.6349999904632568,1.6799999475479126,0,0.0,0.0
2023-02-10 09:30:00-05:00,1.6200000047683716,1.6200000047683716,1.6100000143051147,1.6100000143051147,2902,0.0,0.0
2023-02-10 10:30:00-05:00,1.611299991607666,1.6115000247955322,1.6100000143051147,1.6100000143051147,2618,0.0,0.0
2023-02-10 11:30:00-05:00,1.5950000286102295,1.5950000286102295,1.5924999713897705,1.5924999713897705,1155,0.0,0.0
2023-02-10 12:30:00-05:00,1.5729999542236328,1.5870000123977661,1.5499999523162842,1.5702999830245972,6500,0.0,0.0
2023-02-10 13:30:00-05:00,1.5499999523162842,1.5800000429153442,1.5499999523162842,1.5799000263214111,0,0.0,0.0
2023-02-10 15:30:00-05:00,1.5800000429153442,1.5800000429153442,1.570199966430664,1.5800000429153442,17183,0.0,0.0
2023-02-13 10:30:00-05:00,1.597100019454956,1.6679999828338623,1.590000033378601,1.659999966621399,7354,0.0,0.0
2023-02-13 11:30:00-05:00,1.5917999744415283,1.5917999744415283,1.5901000499725342,1.5901000499725342,536,0.0,0.0
2023-02-13 12:30:00-05:00,1.625,1.625,1.590000033378601,1.590000033378601,636,0.0,0.0
2023-02-13 13:30:00-05:00,1.590000033378601,1.6598999500274658,1.590000033378601,1.6598999500274658,204,0.0,0.0
2023-02-13 14:30:00-05:00,1.590000033378601,1.6200000047683716,1.590000033378601,1.6200000047683716,830,0.0,0.0
2023-02-13 15:30:00-05:00,1.649899959564209,1.649899959564209,1.590000033378601,1.590000033378601,0,0.0,0.0
2023-02-14 09:30:00-05:00,1.6592999696731567,1.6592999696731567,1.600000023841858,1.600000023841858,911,0.0,0.0
2023-02-14 10:30:00-05:00,1.614400029182434,1.614400029182434,1.5499999523162842,1.5499999523162842,1241,0.0,0.0
2023-02-14 11:30:00-05:00,1.593999981880188,1.5987999439239502,1.5499999523162842,1.5700000524520874,2972,0.0,0.0
2023-02-14 12:30:00-05:00,1.5999000072479248,1.6200000047683716,1.5973000526428223,1.6200000047683716,4936,0.0,0.0
2023-02-14 13:30:00-05:00,1.6200000047683716,1.6299999952316284,1.5700000524520874,1.6299999952316284,4093,0.0,0.0
2023-02-14 15:30:00-05:00,1.600000023841858,1.6100000143051147,1.600000023841858,1.6100000143051147,0,0.0,0.0
2023-02-15 09:30:00-05:00,1.5700000524520874,1.5887999534606934,1.5700000524520874,1.5887999534606934,2839,0.0,0.0
2023-02-15 11:30:00-05:00,1.6200000047683716,1.6784000396728516,1.600000023841858,1.6639000177383423,6512,0.0,0.0
2023-02-15 12:30:00-05:00,1.6399999856948853,1.6399999856948853,1.6299999952316284,1.6299999952316284,698,0.0,0.0
2023-02-15 13:30:00-05:00,1.6299999952316284,1.6734000444412231,1.6225999593734741,1.6734000444412231,15959,0.0,0.0
2023-02-15 14:30:00-05:00,1.6799999475479126,1.75,1.659999966621399,1.7300000190734863,36333,0.0,0.0
2023-02-15 15:30:00-05:00,1.725000023841858,1.827299952507019,1.725000023841858,1.7400000095367432,0,0.0,0.0
2023-02-16 09:30:00-05:00,1.6799999475479126,1.7699999809265137,1.6632000207901,1.6699999570846558,9069,0.0,0.0
2023-02-16 10:30:00-05:00,1.7240999937057495,1.7240999937057495,1.6799999475479126,1.6799999475479126,1243,0.0,0.0
2023-02-16 11:30:00-05:00,1.690000057220459,1.7898999452590942,1.666200041770935,1.7599999904632568,13701,0.0,0.0
2023-02-16 12:30:00-05:00,1.7300000190734863,1.7300000190734863,1.7010999917984009,1.7010999917984009,1103,0.0,0.0
2023-02-16 13:30:00-05:00,1.684999942779541,1.684999942779541,1.684999942779541,1.684999942779541,260,0.0,0.0
2023-02-16 14:30:00-05:00,1.6799999475479126,1.6799999475479126,1.6299999952316284,1.6399999856948853,7507,0.0,0.0
2023-02-16 15:30:00-05:00,1.690000057220459,1.7699999809265137,1.690000057220459,1.7200000286102295,0,0.0,0.0
2023-02-17 09:30:00-05:00,1.749500036239624,1.7798999547958374,1.7350000143051147,1.7350000143051147,9539,0.0,0.0
2023-02-17 10:30:00-05:00,1.738800048828125,1.75,1.6950000524520874,1.75,3747,0.0,0.0
2023-02-17 11:30:00-05:00,1.7100000381469727,1.7100000381469727,1.659999966621399,1.659999966621399,1857,0.0,0.0
2023-02-17 12:30:00-05:00,1.6749000549316406,1.75,1.6749000549316406,1.7489999532699585,3966,0.0,0.0
2023-02-17 13:30:00-05:00,1.7480000257492065,1.8600000143051147,1.7000000476837158,1.7800999879837036,18616,0.0,0.0
2023-02-17 14:30:00-05:00,1.7800999879837036,1.9696999788284302,1.7235000133514404,1.875,85459,0.0,0.0
2023-02-17 15:30:00-05:00,1.8799999952316284,2.0724000930786133,1.8601000308990479,2.069999933242798,45449,0.0,0.0
2023-02-21 09:30:00-05:00,2.109999895095825,2.109999895095825,1.7200000286102295,1.7699999809265137,88161,0.0,0.0
2023-02-21 10:30:00-05:00,1.784999966621399,1.7999999523162842,1.75,1.75,4103,0.0,0.0
2023-02-21 11:30:00-05:00,1.7200000286102295,1.75,1.6799999475479126,1.7000000476837158,8614,0.0,0.0
2023-02-21 12:30:00-05:00,1.7000000476837158,1.7581000328063965,1.7000000476837158,1.7350000143051147,4392,0.0,0.0
2023-02-21 13:30:00-05:00,1.725000023841858,1.75,1.725000023841858,1.75,5287,0.0,0.0
2023-02-21 14:30:00-05:00,1.7599999904632568,1.7955000400543213,1.7549999952316284,1.7955000400543213,1643,0.0,0.0
2023-02-21 15:30:00-05:00,1.7699999809265137,1.7899999618530273,1.7599999904632568,1.7899999618530273,1869,0.0,0.0
2023-02-22 09:30:00-05:00,1.909999966621399,1.909999966621399,1.6200000047683716,1.6481000185012817,34677,0.0,0.0
2023-02-22 10:30:00-05:00,1.651900053024292,1.6799999475479126,1.6100000143051147,1.677299976348877,19985,0.0,0.0
2023-02-22 11:30:00-05:00,1.6699999570846558,1.6799999475479126,1.649999976158142,1.6799999475479126,2517,0.0,0.0
2023-02-22 12:30:00-05:00,1.6799999475479126,1.6799999475479126,1.6299999952316284,1.6339000463485718,5776,0.0,0.0
2023-02-22 13:30:00-05:00,1.6299999952316284,1.6299999952316284,1.6100000143051147,1.6100000143051147,4089,0.0,0.0
2023-02-22 14:30:00-05:00,1.6299999952316284,1.6382999420166016,1.6200000047683716,1.6382999420166016,1917,0.0,0.0
2023-02-22 15:30:00-05:00,1.6398999691009521,1.6749999523162842,1.6398999691009521,1.6749999523162842,1621,0.0,0.0
2023-02-23 09:30:00-05:00,1.659999966621399,1.7200000286102295,1.659999966621399,1.7200000286102295,5685,0.0,0.0
2023-02-23 10:30:00-05:00,1.6700999736785889,1.694200038909912,1.6399999856948853,1.6629999876022339,8522,0.0,0.0
2023-02-23 11:30:00-05:00,1.6399999856948853,1.6399999856948853,1.6200000047683716,1.6200000047683716,4989,0.0,0.0
2023-02-23 12:30:00-05:00,1.6200000047683716,1.6200000047683716,1.600000023841858,1.6150000095367432,3468,0.0,0.0
2023-02-23 13:30:00-05:00,1.6150000095367432,1.770400047302246,1.6100000143051147,1.6799999475479126,84521,0.0,0.0
2023-02-23 14:30:00-05:00,1.6944999694824219,1.6999000310897827,1.659999966621399,1.660099983215332,7430,0.0,0.0
2023-02-23 15:30:00-05:00,1.659999966621399,1.690000057220459,1.6301000118255615,1.6399999856948853,7248,0.0,0.0
2023-02-24 09:30:00-05:00,1.649999976158142,1.687999963760376,1.6399999856948853,1.6399999856948853,2641,0.0,0.0
2023-02-24 10:30:00-05:00,1.6100000143051147,1.6136000156402588,1.5700000524520874,1.5928000211715698,6409,0.0,0.0
2023-02-24 11:30:00-05:00,1.5674999952316284,1.6150000095367432,1.559999942779541,1.6150000095367432,7765,0.0,0.0
2023-02-24 12:30:00-05:00,1.6399999856948853,1.6399999856948853,1.5499999523162842,1.5499999523162842,34227,0.0,0.0
2023-02-24 13:30:00-05:00,1.5602999925613403,1.5602999925613403,1.559999942779541,1.559999942779541,3997,0.0,0.0
2023-02-24 15:30:00-05:00,1.590000033378601,1.590000033378601,1.559999942779541,1.559999942779541,2861,0.0,0.0
2023-02-27 09:30:00-05:00,1.590000033378601,1.6050000190734863,1.5800000429153442,1.5836999416351318,3061,0.0,0.0
2023-02-27 10:30:00-05:00,1.5750000476837158,1.6299999952316284,1.5750000476837158,1.6024999618530273,3453,0.0,0.0
2023-02-27 11:30:00-05:00,1.6349999904632568,1.6349999904632568,1.6200000047683716,1.6200000047683716,604,0.0,0.0
2023-02-27 12:30:00-05:00,1.590000033378601,1.6098999977111816,1.5700000524520874,1.5720000267028809,1720,0.0,0.0
2023-02-27 13:30:00-05:00,1.559999942779541,1.6200000047683716,1.559999942779541,1.6200000047683716,1455,0.0,0.0
2023-02-27 14:30:00-05:00,1.5800000429153442,1.5800000429153442,1.5800000429153442,1.5800000429153442,103,0.0,0.0
2023-02-27 15:30:00-05:00,1.600000023841858,1.6211999654769897,1.5700000524520874,1.5800000429153442,0,0.0,0.0
2023-02-28 09:30:00-05:00,1.649999976158142,1.649999976158142,1.6018999814987183,1.6200000047683716,1083,0.0,0.0
2023-02-28 10:30:00-05:00,1.6115000247955322,1.6115000247955322,1.559999942779541,1.559999942779541,967,0.0,0.0
2023-02-28 11:30:00-05:00,1.559999942779541,1.559999942779541,1.559999942779541,1.559999942779541,151,0.0,0.0
2023-02-28 12:30:00-05:00,1.559999942779541,1.5600999593734741,1.559999942779541,1.5600999593734741,2604,0.0,0.0
2023-02-28 13:30:00-05:00,1.590000033378601,1.590000033378601,1.559999942779541,1.559999942779541,1557,0.0,0.0
2023-02-28 14:30:00-05:00,1.5605000257492065,1.5605000257492065,1.5605000257492065,1.5605000257492065,1013,0.0,0.0
2023-02-28 15:30:00-05:00,1.6180000305175781,1.6200000047683716,1.559999942779541,1.559999942779541,0,0.0,0.0
2023-03-01 09:30:00-05:00,1.5800000429153442,1.5816999673843384,1.5449999570846558,1.5800000429153442,4285,0.0,0.0
2023-03-01 10:30:00-05:00,1.590000033378601,1.590000033378601,1.559999942779541,1.5750000476837158,840,0.0,0.0
2023-03-01 11:30:00-05:00,1.5631999969482422,1.5631999969482422,1.5631999969482422,1.5631999969482422,520,0.0,0.0
2023-03-01 12:30:00-05:00,1.5750000476837158,1.5750000476837158,1.5601999759674072,1.5601999759674072,1250,0.0,0.0
2023-03-01 13:30:00-05:00,1.559999942779541,1.590000033378601,1.559999942779541,1.590000033378601,670,0.0,0.0
2023-03-01 14:30:00-05:00,1.6100000143051147,1.6100000143051147,1.5800000429153442,1.5800000429153442,463,0.0,0.0
2023-03-01 15:30:00-05:00,1.600000023841858,1.600000023841858,1.5800000429153442,1.600000023841858,1864,0.0,0.0
2023-03-02 10:30:00-05:00,1.5700000524520874,1.5700000524520874,1.559999942779541,1.559999942779541,2306,0.0,0.0
2023-03-02 11:30:00-05:00,1.5800000429153442,1.590000033378601,1.5800000429153442,1.5889999866485596,740,0.0,0.0
2023-03-02 13:30:00-05:00,1.590000033378601,1.590000033378601,1.590000033378601,1.590000033378601,588,0.0,0.0
2023-03-02 14:30:00-05:00,1.600000023841858,1.600000023841858,1.600000023841858,1.600000023841858,1059,0.0,0.0
2023-03-02 15:30:00-05:00,1.5950000286102295,1.6100000143051147,1.5700000524520874,1.6100000143051147,0,0.0,0.0
2023-03-03 09:30:00-05:00,1.73989999294281,1.73989999294281,1.690000057220459,1.690000057220459,10488,0.0,0.0
2023-03-03 11:30:00-05:00,1.600000023841858,1.600000023841858,1.600000023841858,1.600000023841858,370,0.0,0.0
2023-03-03 13:30:00-05:00,1.6480000019073486,1.6480000019073486,1.6480000019073486,1.6480000019073486,322,0.0,0.0
2023-03-03 14:30:00-05:00,1.6119999885559082,1.6119999885559082,1.590000033378601,1.590000033378601,1615,0.0,0.0
2023-03-03 15:30:00-05:00,1.559999942779541,1.600000023841858,1.559999942779541,1.5800000429153442,875,0.0,0.0
2023-03-06 09:30:00-05:00,1.5800000429153442,1.6299999952316284,1.5800000429153442,1.6299999952316284,6103,0.0,0.0
2023-03-06 10:30:00-05:00,1.6299999952316284,1.6299999952316284,1.6299999952316284,1.6299999952316284,1102,0.0,0.0
2023-03-06 11:30:00-05:00,1.600000023841858,1.600000023841858,1.559999942779541,1.559999942779541,1262,0.0,0.0
2023-03-06 12:30:00-05:00,1.559999942779541,1.559999942779541,1.559999942779541,1.559999942779541,347,0.0,0.0
2023-03-06 13:30:00-05:00,1.559999942779541,1.559999942779541,1.559999942779541,1.559999942779541,210,0.0,0.0
2023-03-06 14:30:00-05:00,1.5609999895095825,1.5609999895095825,1.559999942779541,1.559999942779541,942,0.0,0.0
2023-03-06 15:30:00-05:00,1.559999942779541,1.559999942779541,1.559999942779541,1.559999942779541,0,0.0,0.0
2023-03-07 09:30:00-05:00,1.5647000074386597,1.590000033378601,1.5297000408172607,1.5399999618530273,6747,0.0,0.0
2023-03-07 11:30:00-05:00,1.5299999713897705,1.5299999713897705,1.5299999713897705,1.5299999713897705,120,0.0,0.0
2023-03-07 12:30:00-05:00,1.5299999713897705,1.5299999713897705,1.5299999713897705,1.5299999713897705,1801,0.0,0.0
2023-03-07 13:30:00-05:00,1.5399999618530273,1.5399999618530273,1.5299999713897705,1.5299999713897705,462,0.0,0.0
2023-03-07 14:30:00-05:00,1.5299999713897705,1.5299999713897705,1.5299999713897705,1.5299999713897705,1102,0.0,0.0
2023-03-07 15:30:00-05:00,1.5299999713897705,1.534999966621399,1.5199999809265137,1.5199999809265137,1178,0.0,0.0
2023-03-08 09:30:00-05:00,1.5299999713897705,1.590000033378601,1.5199999809265137,1.5199999809265137,0,0.0,0.0
2023-03-08 10:30:00-05:00,1.5399999618530273,1.5399999618530273,1.5199999809265137,1.5199999809265137,1255,0.0,0.0
2023-03-08 11:30:00-05:00,1.5099999904632568,1.51010000705719,1.4700000286102295,1.4800000190734863,7949,0.0,0.0
2023-03-08 12:30:00-05:00,1.4700000286102295,1.4701000452041626,1.4500000476837158,1.4500000476837158,1605,0.0,0.0
2023-03-08 13:30:00-05:00,1.4600000381469727,1.4700000286102295,1.4600000381469727,1.4700000286102295,1199,0.0,0.0
2023-03-08 14:30:00-05:00,1.465000033378601,1.5199999809265137,1.4600000381469727,1.5,10874,0.0,0.0
2023-03-08 15:30:00-05:00,1.5299999713897705,1.5700000524520874,1.4800000190734863,1.4800000190734863,0,0.0,0.0
2023-03-09 09:30:00-05:00,1.5099999904632568,1.5299999713897705,1.5099999904632568,1.5099999904632568,1956,0.0,0.0
2023-03-09 10:30:00-05:00,1.5800000429153442,1.6200000047683716,1.5099999904632568,1.5800000429153442,1402,0.0,0.0
2023-03-09 11:30:00-05:00,1.5099999904632568,1.5099999904632568,1.5099999904632568,1.5099999904632568,220,0.0,0.0
2023-03-09 12:30:00-05:00,1.5099999904632568,1.5099999904632568,1.4800000190734863,1.4851000308990479,785,0.0,0.0
2023-03-09 13:30:00-05:00,1.4800000190734863,1.5,1.4800000190734863,1.5,4557,0.0,0.0
2023-03-09 14:30:00-05:00,1.5,1.5184999704360962,1.5,1.5029000043869019,596,0.0,0.0
2023-03-09 15:30:00-05:00,1.5,1.5199999809265137,1.4800000190734863,1.5199999809265137,0,0.0,0.0
2023-03-10 09:30:00-05:00,1.5019999742507935,1.5199999809265137,1.5,1.5199999809265137,4710,0.0,0.0
2023-03-10 10:30:00-05:00,1.4800000190734863,1.4950000047683716,1.4800000190734863,1.4950000047683716,1079,0.0,0.0
2023-03-10 11:30:00-05:00,1.4950000047683716,1.4950000047683716,1.4800000190734863,1.4800000190734863,2749,0.0,0.0
2023-03-10 12:30:00-05:00,1.4500000476837158,1.4620000123977661,1.4500000476837158,1.4500000476837158,3905,0.0,0.0
2023-03-10 13:30:00-05:00,1.4500000476837158,1.4500000476837158,1.4199999570846558,1.4299999475479126,7393,0.0,0.0
2023-03-10 14:30:00-05:00,1.409999966621399,1.409999966621399,1.409999966621399,1.409999966621399,115,0.0,0.0
2023-03-10 15:30:00-05:00,1.409999966621399,1.4299999475479126,1.399999976158142,1.4299999475479126,1401,0.0,0.0
2023-03-13 09:30:00-04:00,1.4098000526428223,1.4098000526428223,1.4098000526428223,1.4098000526428223,1191,0.0,0.0
2023-03-13 11:30:00-04:00,1.4111000299453735,1.4299999475479126,1.4111000299453735,1.4299999475479126,1518,0.0,0.0
2023-03-13 15:30:00-04:00,1.4199999570846558,1.4199999570846558,1.409999966621399,1.409999966621399,0,0.0,0.0
2023-03-14 09:30:00-04:00,1.4286999702453613,1.4742000102996826,1.4286999702453613,1.4742000102996826,2116,0.0,0.0
2023-03-14 10:30:00-04:00,1.4306000471115112,1.4800000190734863,1.4306000471115112,1.4800000190734863,407,0.0,0.0
2023-03-14 11:30:00-04:00,1.4299999475479126,1.4299999475479126,1.4299999475479126,1.4299999475479126,186,0.0,0.0
2023-03-14 12:30:00-04:00,1.434999942779541,1.434999942779541,1.434999942779541,1.434999942779541,286,0.0,0.0
2023-03-14 13:30:00-04:00,1.440000057220459,1.440000057220459,1.399999976158142,1.4149999618530273,5554,0.0,0.0
2023-03-14 14:30:00-04:00,1.4299999475479126,1.4299999475479126,1.4049999713897705,1.4299999475479126,852,0.0,0.0
2023-03-14 15:30:00-04:00,1.4149999618530273,1.4199999570846558,1.4149999618530273,1.4199999570846558,522,0.0,0.0
2023-03-15 09:30:00-04:00,1.4700000286102295,1.4700000286102295,1.399999976158142,1.399999976158142,1393,0.0,0.0
2023-03-15 10:30:00-04:00,1.399999976158142,1.399999976158142,1.3799999952316284,1.3799999952316284,687,0.0,0.0
2023-03-15 11:30:00-04:00,1.3450000286102295,1.3450000286102295,1.3450000286102295,1.3450000286102295,1189,0.0,0.0
2023-03-15 12:30:00-04:00,1.3799999952316284,1.399999976158142,1.3799999952316284,1.3799999952316284,2599,0.0,0.0
2023-03-15 13:30:00-04:00,1.399999976158142,1.399999976158142,1.399999976158142,1.399999976158142,1059,0.0,0.0
2023-03-15 15:30:00-04:00,1.3899999856948853,1.3899999856948853,1.3806999921798706,1.3806999921798706,968,0.0,0.0
2023-03-16 09:30:00-04:00,1.3200000524520874,1.350000023841858,1.3200000524520874,1.350000023841858,585,0.0,0.0
2023-03-16 10:30:00-04:00,1.350000023841858,1.4700000286102295,1.309999942779541,1.3700000047683716,23077,0.0,0.0
2023-03-16 11:30:00-04:00,1.350000023841858,1.3739999532699585,1.350000023841858,1.350000023841858,2359,0.0,0.0
2023-03-16 12:30:00-04:00,1.3899999856948853,1.4600000381469727,1.3700000047683716,1.4600000381469727,2262,0.0,0.0
2023-03-16 15:30:00-04:00,1.3700000047683716,1.3700000047683716,1.3700000047683716,1.3700000047683716,3126,0.0,0.0
2023-03-17 09:30:00-04:00,1.3700000047683716,1.3966000080108643,1.3700000047683716,1.3966000080108643,0,0.0,0.0
2023-03-17 11:30:00-04:00,1.3700000047683716,1.371000051498413,1.3700000047683716,1.371000051498413,542,0.0,0.0
2023-03-17 12:30:00-04:00,1.3700000047683716,1.3700000047683716,1.3700000047683716,1.3700000047683716,1634,0.0,0.0
2023-03-17 13:30:00-04:00,1.309999942779541,1.309999942779541,1.309999942779541,1.309999942779541,208,0.0,0.0
2023-03-17 14:30:00-04:00,1.309999942779541,1.368399977684021,1.309999942779541,1.3200000524520874,708,0.0,0.0
2023-03-17 15:30:00-04:00,1.3200000524520874,1.350000023841858,1.3200000524520874,1.3200000524520874,2460,0.0,0.0
2023-03-20 09:30:00-04:00,1.309999942779541,1.5099999904632568,1.309999942779541,1.350000023841858,32297,0.0,0.0
2023-03-20 10:30:00-04:00,1.371399998664856,1.3898999691009521,1.3100999593734741,1.3849999904632568,2715,0.0,0.0
2023-03-20 11:30:00-04:00,1.3550000190734863,1.3550000190734863,1.3300000429153442,1.3300000429153442,483,0.0,0.0
2023-03-20 12:30:00-04:00,1.309999942779541,1.340000033378601,1.309999942779541,1.309999942779541,3676,0.0,0.0
2023-03-20 13:30:00-04:00,1.340000033378601,1.340000033378601,1.309999942779541,1.309999942779541,2221,0.0,0.0
2023-03-20 14:30:00-04:00,1.309999942779541,1.3300000429153442,1.309999942779541,1.309999942779541,1722,0.0,0.0
2023-03-20 15:30:00-04:00,1.309999942779541,1.3200000524520874,1.309999942779541,1.309999942779541,1636,0.0,0.0
2023-03-21 09:30:00-04:00,1.2999999523162842,1.3100999593734741,1.2999999523162842,1.3100999593734741,925,0.0,0.0
2023-03-21 11:30:00-04:00,1.3209999799728394,1.3209999799728394,1.3200000524520874,1.3200000524520874,1116,0.0,0.0
2023-03-21 12:30:00-04:00,1.3299000263214111,1.3300000429153442,1.3200000524520874,1.3300000429153442,1775,0.0,0.0
2023-03-21 14:30:00-04:00,1.409999966621399,1.409999966621399,1.4098999500274658,1.4098999500274658,330,0.0,0.0
2023-03-21 15:30:00-04:00,1.3700000047683716,1.3899999856948853,1.3300000429153442,1.3300000429153442,6269,0.0,0.0
2023-03-22 09:30:00-04:00,1.3899999856948853,1.399999976158142,1.3600000143051147,1.3799999952316284,1264,0.0,0.0
2023-03-22 10:30:00-04:00,1.3700000047683716,1.3799999952316284,1.350000023841858,1.3600000143051147,2701,0.0,0.0
2023-03-22 11:30:00-04:00,1.3600000143051147,1.3600000143051147,1.3600000143051147,1.3600000143051147,100,0.0,0.0
2023-03-22 12:30:00-04:00,1.3650000095367432,1.3650000095367432,1.3650000095367432,1.3650000095367432,221,0.0,0.0
2023-03-22 13:30:00-04:00,1.3700000047683716,1.3798999786376953,1.3700000047683716,1.3798999786376953,320,0.0,0.0
2023-03-22 14:30:00-04:00,1.3799999952316284,1.3799999952316284,1.3799999952316284,1.3799999952316284,1106,0.0,0.0
2023-03-22 15:30:00-04:00,1.3898999691009521,1.3899999856948853,1.3799999952316284,1.3799999952316284,0,0.0,0.0
2023-03-23 09:30:00-04:00,1.2999999523162842,1.350000023841858,1.2999999523162842,1.3300000429153442,8300,0.0,0.0
2023-03-23 10:30:00-04:00,1.340000033378601,1.340000033378601,1.3300000429153442,1.340000033378601,1820,0.0,0.0
2023-03-23 11:30:00-04:00,1.3386000394821167,1.3473000526428223,1.3386000394821167,1.3473000526428223,977,0.0,0.0
2023-03-23 12:30:00-04:00,1.350000023841858,1.350000023841858,1.350000023841858,1.350000023841858,1453,0.0,0.0
2023-03-23 13:30:00-04:00,1.3884999752044678,1.3899999856948853,1.3884999752044678,1.3899999856948853,660,0.0,0.0
2023-03-23 14:30:00-04:00,1.3899999856948853,1.399999976158142,1.3600000143051147,1.399999976158142,1252,0.0,0.0
2023-03-23 15:30:00-04:00,1.3899999856948853,1.3899999856948853,1.350000023841858,1.350000023841858,0,0.0,0.0
2023-03-24 09:30:00-04:00,1.350100040435791,1.4299999475479126,1.350100040435791,1.4000999927520752,7037,0.0,0.0
2023-03-24 10:30:00-04:00,1.3700000047683716,1.3700000047683716,1.3700000047683716,1.3700000047683716,607,0.0,0.0
2023-03-24 11:30:00-04:00,1.3899999856948853,1.3899999856948853,1.3799999952316284,1.3799999952316284,477,0.0,0.0
2023-03-24 12:30:00-04:00,1.3600000143051147,1.3600000143051147,1.3600000143051147,1.3600000143051147,583,0.0,0.0
2023-03-24 13:30:00-04:00,1.350100040435791,1.3538999557495117,1.350100040435791,1.3538999557495117,1166,0.0,0.0
2023-03-24 15:30:00-04:00,1.3799999952316284,1.3799999952316284,1.3650000095367432,1.3799999952316284,1023,0.0,0.0
2023-03-27 09:30:00-04:00,1.45169997215271,1.45169997215271,1.3982000350952148,1.3982000350952148,1944,0.0,0.0
2023-03-27 10:30:00-04:00,1.4049999713897705,1.4049999713897705,1.4049999713897705,1.4049999713897705,2300,0.0,0.0
2023-03-27 13:30:00-04:00,1.3899999856948853,1.4800000190734863,1.3899999856948853,1.4010000228881836,9978,0.0,0.0
2023-03-27 14:30:00-04:00,1.4299999475479126,1.4299999475479126,1.4299999475479126,1.4299999475479126,0,0.0,0.0
2023-03-28 09:30:00-04:00,1.4300999641418457,1.4800000190734863,1.4300999641418457,1.4600000381469727,649,0.0,0.0
2023-03-28 10:30:00-04:00,1.4592000246047974,1.4592000246047974,1.4592000246047974,1.4592000246047974,1006,0.0,0.0
2023-03-28 12:30:00-04:00,1.4600000381469727,1.4600000381469727,1.4600000381469727,1.4600000381469727,405,0.0,0.0
2023-03-28 13:30:00-04:00,1.399999976158142,1.399999976158142,1.3916000127792358,1.3916000127792358,991,0.0,0.0
2023-03-28 14:30:00-04:00,1.3899999856948853,1.3899999856948853,1.3899999856948853,1.3899999856948853,284,0.0,0.0
2023-03-28 15:30:00-04:00,1.4003000259399414,1.4003000259399414,1.3899999856948853,1.3899999856948853,1047,0.0,0.0
2023-03-29 09:30:00-04:00,1.4500000476837158,1.4632999897003174,1.4500000476837158,1.4632999897003174,2793,0.0,0.0
2023-03-29 11:30:00-04:00,1.4500000476837158,1.4600000381469727,1.4500000476837158,1.4600000381469727,471,0.0,0.0
2023-03-29 12:30:00-04:00,1.4507999420166016,1.4507999420166016,1.4507999420166016,1.4507999420166016,437,0.0,0.0
2023-03-29 13:30:00-04:00,1.4177000522613525,1.4177000522613525,1.4177000522613525,1.4177000522613525,759,0.0,0.0
2023-03-29 14:30:00-04:00,1.409999966621399,1.409999966621399,1.409999966621399,1.409999966621399,1016,0.0,0.0
2023-03-29 15:30:00-04:00,1.3949999809265137,1.3949999809265137,1.3949999809265137,1.3949999809265137,777,0.0,0.0
2023-03-30 09:30:00-04:00,1.399999976158142,1.399999976158142,1.3899999856948853,1.3899999856948853,4173,0.0,0.0
2023-03-30 11:30:00-04:00,1.340000033378601,1.3436000347137451,1.340000033378601,1.3436000347137451,1414,0.0,0.0
2023-03-30 12:30:00-04:00,1.3322999477386475,1.3700000047683716,1.309999942779541,1.3700000047683716,13190,0.0,0.0
2023-03-30 13:30:00-04:00,1.3799999952316284,1.3799999952316284,1.3799999952316284,1.3799999952316284,158,0.0,0.0
2023-03-30 15:30:00-04:00,1.3200000524520874,1.3200000524520874,1.3200000524520874,1.3200000524520874,0,0.0,0.0
2023-03-31 09:30:00-04:00,1.350000023841858,1.350000023841858,1.3200000524520874,1.3200000524520874,641,0.0,0.0
2023-03-31 11:30:00-04:00,1.3200000524520874,1.323099970817566,1.3200000524520874,1.3200000524520874,1439,0.0,0.0
2023-03-31 14:30:00-04:00,1.340000033378601,1.340000033378601,1.309999942779541,1.3300000429153442,2954,0.0,0.0
2023-04-03 09:30:00-04:00,1.2400000095367432,1.2999999523162842,1.2400000095367432,1.2699999809265137,7424,0.0,0.0
2023-04-03 10:30:00-04:00,1.2699999809265137,1.2699999809265137,1.2699999809265137,1.2699999809265137,447,0.0,0.0
2023-04-03 11:30:00-04:00,1.2699999809265137,1.2699999809265137,1.2599999904632568,1.2599999904632568,1513,0.0,0.0
2023-04-03 12:30:00-04:00,1.284000039100647,1.284000039100647,1.2649999856948853,1.2699999809265137,2049,0.0,0.0
2023-04-03 13:30:00-04:00,1.2599999904632568,1.2689000368118286,1.25,1.2689000368118286,2189,0.0,0.0
2023-04-03 14:30:00-04:00,1.25,1.2898999452590942,1.2476999759674072,1.2476999759674072,1739,0.0,0.0
2023-04-03 15:30:00-04:00,1.2599999904632568,1.2599999904632568,1.2599999904632568,1.2599999904632568,0,0.0,0.0
2023-04-04 09:30:00-04:00,1.2599999904632568,1.2842999696731567,1.2101000547409058,1.2101000547409058,1740,0.0,0.0
2023-04-04 10:30:00-04:00,1.2249000072479248,1.2568999528884888,1.222000002861023,1.2568999528884888,1192,0.0,0.0
2023-04-04 11:30:00-04:00,1.2100000381469727,1.2300000190734863,1.2100000381469727,1.2300000190734863,1242,0.0,0.0
2023-04-04 12:30:00-04:00,1.2278000116348267,1.2299000024795532,1.2200000286102295,1.2200000286102295,1113,0.0,0.0
2023-04-04 13:30:00-04:00,1.2100000381469727,1.2199000120162964,1.2100000381469727,1.218500018119812,2343,0.0,0.0
2023-04-04 14:30:00-04:00,1.2100000381469727,1.2100000381469727,1.2100000381469727,1.2100000381469727,659,0.0,0.0
2023-04-04 15:30:00-04:00,1.2000000476837158,1.218500018119812,1.2000000476837158,1.2000000476837158,0,0.0,0.0
2023-04-05 09:30:00-04:00,1.2200000286102295,1.25,1.2000000476837158,1.25,5980,0.0,0.0
2023-04-05 10:30:00-04:00,1.2200000286102295,1.2400000095367432,1.190000057220459,1.190000057220459,2210,0.0,0.0
2023-04-05 11:30:00-04:00,1.1401000022888184,1.1928000450134277,1.1100000143051147,1.1382999420166016,5853,0.0,0.0
2023-04-05 12:30:00-04:00,1.1401000022888184,1.1699999570846558,1.1401000022888184,1.159999966621399,2137,0.0,0.0
2023-04-05 13:30:00-04:00,1.1299999952316284,1.1299999952316284,1.1299999952316284,1.1299999952316284,100,0.0,0.0
2023-04-05 14:30:00-04:00,1.1299999952316284,1.1299999952316284,1.1299999952316284,1.1299999952316284,0,0.0,0.0
2023-04-06 09:30:00-04:00,1.1100000143051147,1.149999976158142,1.1100000143051147,1.149999976158142,3221,0.0,0.0
2023-04-06 11:30:00-04:00,1.149999976158142,1.149999976158142,1.149999976158142,1.149999976158142,458,0.0,0.0
2023-04-06 12:30:00-04:00,1.1200000047683716,1.125,1.1200000047683716,1.125,842,0.0,0.0
2023-04-06 13:30:00-04:00,1.125,1.125,1.1100000143051147,1.125,1162,0.0,0.0
2023-04-06 14:30:00-04:00,1.1100000143051147,1.1100000143051147,1.1100000143051147,1.1100000143051147,453,0.0,0.0
2023-04-06 15:30:00-04:00,1.1200000047683716,1.125,1.1110999584197998,1.1110999584197998,1820,0.0,0.0
2023-04-10 09:30:00-04:00,1.1399999856948853,1.190000057220459,1.1399999856948853,1.190000057220459,2237,0.0,0.0
2023-04-10 10:30:00-04:00,1.188599944114685,1.188599944114685,1.188599944114685,1.188599944114685,135,0.0,0.0
2023-04-10 11:30:00-04:00,1.179900050163269,1.179900050163269,1.1779999732971191,1.1779999732971191,532,0.0,0.0
2023-04-10 12:30:00-04:00,1.1799999475479126,1.2000000476837158,1.1799999475479126,1.190000057220459,2000,0.0,0.0
2023-04-10 13:30:00-04:00,1.2000000476837158,1.2200000286102295,1.2000000476837158,1.2200000286102295,1406,0.0,0.0
2023-04-10 14:30:00-04:00,1.190000057220459,1.190000057220459,1.190000057220459,1.190000057220459,1205,0.0,0.0
2023-04-10 15:30:00-04:00,1.190000057220459,1.2300000190734863,1.190000057220459,1.2300000190734863,2778,0.0,0.0
2023-04-11 09:30:00-04:00,1.25,1.25,1.163599967956543,1.1799999475479126,2222,0.0,0.0
2023-04-11 11:30:00-04:00,1.1799999475479126,1.2000000476837158,1.1799999475479126,1.2000000476837158,2552,0.0,0.0
2023-04-11 14:30:00-04:00,1.1699999570846558,1.1749999523162842,1.1699999570846558,1.1749999523162842,0,0.0,0.0
2023-04-12 11:30:00-04:00,1.159999966621399,1.159999966621399,1.149999976158142,1.149999976158142,809,0.0,0.0
2023-04-12 12:30:00-04:00,1.149999976158142,1.149999976158142,1.1200000047683716,1.1200000047683716,1261,0.0,0.0
2023-04-12 13:30:00-04:00,1.149999976158142,1.159999966621399,1.1200000047683716,1.159999966621399,1982,0.0,0.0
2023-04-12 14:30:00-04:00,1.1200000047683716,1.1598999500274658,1.1100000143051147,1.1598999500274658,757,0.0,0.0
2023-04-12 15:30:00-04:00,1.1100000143051147,1.1100000143051147,1.1100000143051147,1.1100000143051147,0,0.0,0.0
2023-04-13 09:30:00-04:00,1.1100000143051147,1.25,1.1100000143051147,1.25,11140,0.0,0.0
2023-04-13 10:30:00-04:00,1.3398000001907349,1.350000023841858,1.2699999809265137,1.309999942779541,23359,0.0,0.0
2023-04-13 11:30:00-04:00,1.3127000331878662,1.3499000072479248,1.309999942779541,1.3499000072479248,3840,0.0,0.0
2023-04-13 12:30:00-04:00,1.3186999559402466,1.340000033378601,1.3042000532150269,1.3250000476837158,2567,0.0,0.0
2023-04-13 13:30:00-04:00,1.3499000072479248,1.3799999952316284,1.3416999578475952,1.354200005531311,6152,0.0,0.0
2023-04-13 14:30:00-04:00,1.3799999952316284,1.3799999952316284,1.3799999952316284,1.3799999952316284,154,0.0,0.0
2023-04-13 15:30:00-04:00,1.3899999856948853,1.399999976158142,1.350000023841858,1.3899999856948853,0,0.0,0.0
2023-04-14 09:30:00-04:00,1.3802000284194946,1.399999976158142,1.3600000143051147,1.3600000143051147,8468,0.0,0.0
2023-04-14 10:30:00-04:00,1.3600000143051147,1.3600000143051147,1.3005000352859497,1.309999942779541,2178,0.0,0.0
2023-04-14 11:30:00-04:00,1.2799999713897705,1.2999999523162842,1.2799999713897705,1.2999999523162842,1141,0.0,0.0
2023-04-14 12:30:00-04:00,1.2799999713897705,1.2799999713897705,1.2799999713897705,1.2799999713897705,224,0.0,0.0
2023-04-14 14:30:00-04:00,1.3463000059127808,1.3463000059127808,1.2599999904632568,1.2599999904632568,1573,0.0,0.0
2023-04-14 15:30:00-04:00,1.249500036239624,1.3200000524520874,1.2457000017166138,1.3200000524520874,3387,0.0,0.0
2023-04-17 09:30:00-04:00,1.2999999523162842,1.2999999523162842,1.2400000095367432,1.2599999904632568,3040,0.0,0.0
2023-04-17 10:30:00-04:00,1.2599999904632568,1.2997000217437744,1.2100000381469727,1.2300000190734863,6044,0.0,0.0
2023-04-17 11:30:00-04:00,1.2699999809265137,1.2699999809265137,1.2300000190734863,1.2300000190734863,2714,0.0,0.0
2023-04-17 12:30:00-04:00,1.2300000190734863,1.2300000190734863,1.2300000190734863,1.2300000190734863,2114,0.0,0.0
2023-04-17 13:30:00-04:00,1.2300000190734863,1.2300000190734863,1.2000000476837158,1.2000000476837158,2824,0.0,0.0
2023-04-17 14:30:00-04:00,1.2000999450683594,1.2999000549316406,1.2000000476837158,1.2000000476837158,1955,0.0,0.0
2023-04-17 15:30:00-04:00,1.2000000476837158,1.2549999952316284,1.2000000476837158,1.2300000190734863,1944,0.0,0.0
2023-04-18 09:30:00-04:00,1.25,1.25,1.2000000476837158,1.2000000476837158,3163,0.0,0.0
2023-04-18 10:30:00-04:00,1.2000000476837158,1.2000000476837158,1.1399999856948853,1.1749999523162842,3705,0.0,0.0
2023-04-18 11:30:00-04:00,1.149999976158142,1.1799999475479126,1.149999976158142,1.1699999570846558,1713,0.0,0.0
2023-04-18 12:30:00-04:00,1.1699999570846558,1.1699999570846558,1.1299999952316284,1.1299999952316284,3404,0.0,0.0
2023-04-18 13:30:00-04:00,1.1399999856948853,1.1545000076293945,1.1100000143051147,1.1100000143051147,2636,0.0,0.0
2023-04-18 14:30:00-04:00,1.1349999904632568,1.1507999897003174,1.1100000143051147,1.1100000143051147,4206,0.0,0.0
2023-04-18 15:30:00-04:00,1.1100000143051147,1.1299999952316284,1.1015000343322754,1.1299999952316284,3702,0.0,0.0
2023-04-19 09:30:00-04:00,1.100000023841858,1.1399999856948853,1.100000023841858,1.1200000047683716,3890,0.0,0.0
2023-04-19 10:30:00-04:00,1.1283999681472778,1.1283999681472778,1.100000023841858,1.1094000339508057,4317,0.0,0.0
2023-04-19 11:30:00-04:00,1.100000023841858,1.100000023841858,1.0800000429153442,1.0800000429153442,2044,0.0,0.0
2023-04-19 12:30:00-04:00,1.0800000429153442,1.25,1.0800000429153442,1.1100000143051147,22102,0.0,0.0
2023-04-19 13:30:00-04:00,1.100000023841858,1.1100000143051147,1.100000023841858,1.100000023841858,1662,0.0,0.0
2023-04-19 14:30:00-04:00,1.100000023841858,1.1100000143051147,1.100000023841858,1.100000023841858,2199,0.0,0.0
2023-04-19 15:30:00-04:00,1.100000023841858,1.1299999952316284,1.100000023841858,1.1299999952316284,0,0.0,0.0
2023-04-20 09:30:00-04:00,1.1100000143051147,1.149999976158142,1.100000023841858,1.100000023841858,3423,0.0,0.0
2023-04-20 10:30:00-04:00,1.100000023841858,1.100000023841858,1.100000023841858,1.100000023841858,1755,0.0,0.0
2023-04-20 11:30:00-04:00,1.100000023841858,1.100000023841858,1.090000033378601,1.090000033378601,2222,0.0,0.0
2023-04-20 12:30:00-04:00,1.100000023841858,1.1196999549865723,1.0700000524520874,1.0700000524520874,3266,0.0,0.0
2023-04-20 13:30:00-04:00,1.0700000524520874,1.0943000316619873,1.0700000524520874,1.0800000429153442,2474,0.0,0.0
2023-04-20 14:30:00-04:00,1.0700000524520874,1.0800000429153442,1.0700000524520874,1.0800000429153442,3925,0.0,0.0
2023-04-20 15:30:00-04:00,1.0700000524520874,1.0700000524520874,1.059999942779541,1.0700000524520874,0,0.0,0.0
2023-04-21 09:30:00-04:00,1.159999966621399,1.2299000024795532,1.1100000143051147,1.1100000143051147,2056,0.0,0.0
2023-04-21 10:30:00-04:00,1.1298999786376953,1.1298999786376953,1.1298999786376953,1.1298999786376953,1473,0.0,0.0
2023-04-21 11:30:00-04:00,1.1100000143051147,1.1100000143051147,1.1100000143051147,1.1100000143051147,527,0.0,0.0
2023-04-21 12:30:00-04:00,1.1100000143051147,1.1238000392913818,1.1100000143051147,1.1200000047683716,2212,0.0,0.0
2023-04-21 14:30:00-04:00,1.070099949836731,1.0709999799728394,1.0499999523162842,1.0709999799728394,3375,0.0,0.0
2023-04-21 15:30:00-04:00,1.0800000429153442,1.100000023841858,1.0709999799728394,1.0709999799728394,0,0.0,0.0
2023-04-24 09:30:00-04:00,1.1799999475479126,1.1826000213623047,1.1299999952316284,1.1299999952316284,1301,0.0,0.0
2023-04-24 10:30:00-04:00,1.1398999691009521,1.1399999856948853,1.1050000190734863,1.1050000190734863,1241,0.0,0.0
2023-04-24 11:30:00-04:00,1.1699999570846558,1.1699999570846558,1.100000023841858,1.100000023841858,485,0.0,0.0
2023-04-24 12:30:00-04:00,1.1067999601364136,1.1067999601364136,1.1067999601364136,1.1067999601364136,309,0.0,0.0
2023-04-24 13:30:00-04:00,1.149999976158142,1.149999976158142,1.1100000143051147,1.1200000047683716,790,0.0,0.0
2023-04-24 14:30:00-04:00,1.1100000143051147,1.1100000143051147,1.1100000143051147,1.1100000143051147,506,0.0,0.0
2023-04-24 15:30:00-04:00,1.100000023841858,1.100000023841858,1.100000023841858,1.100000023841858,0,0.0,0.0
2023-04-25 09:30:00-04:00,1.2000000476837158,1.2000000476837158,1.159600019454956,1.1610000133514404,6813,0.0,0.0
2023-04-25 10:30:00-04:00,1.159999966621399,1.159999966621399,1.1598999500274658,1.1598999500274658,1087,0.0,0.0
2023-04-25 11:30:00-04:00,1.1549999713897705,1.1549999713897705,1.1549999713897705,1.1549999713897705,403,0.0,0.0
2023-04-25 13:30:00-04:00,1.1349999904632568,1.1349999904632568,1.1200000047683716,1.1200000047683716,1534,0.0,0.0
2023-04-25 14:30:00-04:00,1.1050000190734863,1.1399999856948853,1.100000023841858,1.1399999856948853,4758,0.0,0.0
2023-04-25 15:30:00-04:00,1.1299999952316284,1.1299999952316284,1.1299999952316284,1.1299999952316284,0,0.0,0.0
2023-04-26 09:30:00-04:00,1.1360000371932983,1.1360000371932983,1.1360000371932983,1.1360000371932983,1018,0.0,0.0
2023-04-26 10:30:00-04:00,1.1399999856948853,1.1399999856948853,1.1399999856948853,1.1399999856948853,250,0.0,0.0
2023-04-26 11:30:00-04:00,1.1299999952316284,1.1299999952316284,1.1299999952316284,1.1299999952316284,250,0.0,0.0
2023-04-26 12:30:00-04:00,1.1299999952316284,1.1299999952316284,1.1050000190734863,1.1100000143051147,1325,0.0,0.0
2023-04-26 13:30:00-04:00,1.100000023841858,1.1030000448226929,1.090000033378601,1.1030000448226929,1570,0.0,0.0
2023-04-26 14:30:00-04:00,1.090000033378601,1.090000033378601,1.090000033378601,1.090000033378601,219,0.0,0.0
2023-04-26 15:30:00-04:00,1.090000033378601,1.090000033378601,1.090000033378601,1.090000033378601,0,0.0,0.0
2023-04-27 09:30:00-04:00,1.100000023841858,1.1160000562667847,1.100000023841858,1.1160000562667847,1138,0.0,0.0
2023-04-27 10:30:00-04:00,1.100000023841858,1.100000023841858,1.059999942779541,1.0850000381469727,4723,0.0,0.0
2023-04-27 11:30:00-04:00,1.0499999523162842,1.0499999523162842,1.0499999523162842,1.0499999523162842,932,0.0,0.0
2023-04-27 12:30:00-04:00,1.0950000286102295,1.0950000286102295,1.0950000286102295,1.0950000286102295,365,0.0,0.0
2023-04-27 13:30:00-04:00,1.0750000476837158,1.0800000429153442,1.0750000476837158,1.0800000429153442,638,0.0,0.0
2023-04-27 14:30:00-04:00,1.0800000429153442,1.0800000429153442,1.0800000429153442,1.0800000429153442,433,0.0,0.0
2023-04-27 15:30:00-04:00,1.128999948501587,1.128999948501587,1.1169999837875366,1.128999948501587,5188,0.0,0.0
2023-04-28 09:30:00-04:00,1.1699999570846558,1.2200000286102295,1.149999976158142,1.159999966621399,4777,0.0,0.0
2023-04-28 10:30:00-04:00,1.2164000272750854,1.25,1.2164000272750854,1.25,4053,0.0,0.0
2023-04-28 11:30:00-04:00,1.1699999570846558,1.1699999570846558,1.1699999570846558,1.1699999570846558,0,0.0,0.0
2023-04-28 12:30:00-04:00,1.1749999523162842,1.1749999523162842,1.1749999523162842,1.1749999523162842,10943,0.0,0.0
2023-04-28 13:30:00-04:00,1.2050000429153442,1.2050000429153442,1.2050000429153442,1.2050000429153442,3215,0.0,0.0
2023-04-28 14:30:00-04:00,1.1799999475479126,1.2100000381469727,1.1799999475479126,1.2100000381469727,807,0.0,0.0
2023-04-28 15:30:00-04:00,1.2100000381469727,1.2300000190734863,1.2100000381469727,1.2300000190734863,1005,0.0,0.0
2023-05-01 09:30:00-04:00,1.3200000524520874,1.350000023841858,1.2799999713897705,1.2999999523162842,4516,0.0,0.0
2023-05-01 10:30:00-04:00,1.309999942779541,1.3199000358581543,1.309999942779541,1.3199000358581543,2663,0.0,0.0
2023-05-01 11:30:00-04:00,1.3077000379562378,1.3200000524520874,1.2999999523162842,1.2999999523162842,3156,0.0,0.0
2023-05-01 12:30:00-04:00,1.3200000524520874,1.3300000429153442,1.2999999523162842,1.2999999523162842,2078,0.0,0.0
2023-05-01 13:30:00-04:00,1.3000999689102173,1.3200000524520874,1.2999999523162842,1.3200000524520874,4240,0.0,0.0
2023-05-01 14:30:00-04:00,1.3476999998092651,1.3476999998092651,1.3300000429153442,1.3350000381469727,1815,0.0,0.0
2023-05-01 15:30:00-04:00,1.3350000381469727,1.3350000381469727,1.3200000524520874,1.3200000524520874,0,0.0,0.0
2023-05-02 09:30:00-04:00,1.340000033378601,1.3516000509262085,1.3035999536514282,1.3035999536514282,3224,0.0,0.0
2023-05-02 10:30:00-04:00,1.2200000286102295,1.2200000286102295,1.2200000286102295,1.2200000286102295,2555,0.0,0.0
2023-05-02 11:30:00-04:00,1.2301000356674194,1.2301000356674194,1.2301000356674194,1.2301000356674194,1150,0.0,0.0
2023-05-02 13:30:00-04:00,1.25,1.26419997215271,1.25,1.2599999904632568,2613,0.0,0.0
2023-05-02 14:30:00-04:00,1.2300000190734863,1.25,1.2300000190734863,1.25,504,0.0,0.0
2023-05-02 15:30:00-04:00,1.25,1.25,1.25,1.25,0,0.0,0.0
2023-05-03 09:30:00-04:00,1.3899999856948853,1.3899999856948853,1.2699999809265137,1.2799999713897705,1275,0.0,0.0
2023-05-03 12:30:00-04:00,1.3533999919891357,1.3533999919891357,1.3533999919891357,1.3533999919891357,571,0.0,0.0
2023-05-03 14:30:00-04:00,1.340000033378601,1.5399999618530273,1.3049999475479126,1.409999966621399,44250,0.0,0.0
2023-05-03 15:30:00-04:00,1.4600000381469727,1.638200044631958,1.2599999904632568,1.309999942779541,70083,0.0,0.0
2023-05-04 10:30:00-04:00,1.2799999713897705,1.3899999856948853,1.2799999713897705,1.3799999952316284,12624,0.0,0.0
2023-05-04 11:30:00-04:00,1.3799999952316284,1.3799999952316284,1.3688000440597534,1.3799999952316284,1625,0.0,0.0
2023-05-04 12:30:00-04:00,1.3799999952316284,1.3799999952316284,1.3799999952316284,1.3799999952316284,356,0.0,0.0
2023-05-04 13:30:00-04:00,1.3799999952316284,1.3799999952316284,1.3200000524520874,1.3200000524520874,1966,0.0,0.0
2023-05-04 14:30:00-04:00,1.2963000535964966,1.2999999523162842,1.2963000535964966,1.2963000535964966,2500,0.0,0.0
2023-05-05 09:30:00-04:00,1.350000023841858,1.350000023841858,1.315000057220459,1.315000057220459,761,0.0,0.0
2023-05-05 10:30:00-04:00,1.3300000429153442,1.3300000429153442,1.2999999523162842,1.3200000524520874,2111,0.0,0.0
2023-05-05 11:30:00-04:00,1.2999999523162842,1.319000005722046,1.2899999618530273,1.2999999523162842,1036,0.0,0.0
2023-05-05 12:30:00-04:00,1.2999999523162842,1.2999999523162842,1.2999999523162842,1.2999999523162842,1695,0.0,0.0
2023-05-08 09:30:00-04:00,1.309999942779541,1.309999942779541,1.2999999523162842,1.2999999523162842,1960,0.0,0.0
2023-05-08 10:30:00-04:00,1.2999999523162842,1.2999999523162842,1.284999966621399,1.2999000549316406,4769,0.0,0.0
2023-05-08 12:30:00-04:00,1.274999976158142,1.3899999856948853,1.274999976158142,1.3899999856948853,10157,0.0,0.0
2023-05-08 13:30:00-04:00,1.350000023841858,1.5499999523162842,1.3499000072479248,1.4093999862670898,16683,0.0,0.0
2023-05-08 14:30:00-04:00,1.4249999523162842,1.5,1.3701000213623047,1.4600000381469727,12579,0.0,0.0
2023-05-08 15:30:00-04:00,1.4600000381469727,1.4600000381469727,1.4600000381469727,1.4600000381469727,0,0.0,0.0
2023-05-09 09:30:00-04:00,1.4700000286102295,1.590000033378601,1.440999984741211,1.5,7431,0.0,0.0
2023-05-09 10:30:00-04:00,1.4400999546051025,1.5,1.4400999546051025,1.4700000286102295,1252,0.0,0.0
2023-05-09 11:30:00-04:00,1.5,1.5299999713897705,1.4910999536514282,1.5299999713897705,4011,0.0,0.0
2023-05-09 12:30:00-04:00,1.5216000080108643,1.5216000080108643,1.5216000080108643,1.5216000080108643,252,0.0,0.0
2023-05-09 13:30:00-04:00,1.5499999523162842,1.6490999460220337,1.524999976158142,1.6038000583648682,5871,0.0,0.0
2023-05-09 14:30:00-04:00,1.6399999856948853,1.677299976348877,1.559999942779541,1.6698999404907227,13937,0.0,0.0
2023-05-09 15:30:00-04:00,1.6409000158309937,1.6409000158309937,1.5499999523162842,1.5700000524520874,0,0.0,0.0
2023-05-10 09:30:00-04:00,1.7400000095367432,1.7400000095367432,1.6399999856948853,1.6699999570846558,16046,0.0,0.0
2023-05-10 10:30:00-04:00,1.6763999462127686,1.75,1.6763999462127686,1.75,5551,0.0,0.0
2023-05-10 11:30:00-04:00,1.7400000095367432,1.850000023841858,1.7400000095367432,1.7799999713897705,23326,0.0,0.0
2023-05-10 12:30:00-04:00,1.75,1.75,1.6399999856948853,1.690000057220459,8781,0.0,0.0
2023-05-10 13:30:00-04:00,1.6799999475479126,1.690000057220459,1.6799999475479126,1.690000057220459,644,0.0,0.0
2023-05-10 14:30:00-04:00,1.690000057220459,1.7400000095367432,1.600000023841858,1.7300000190734863,10510,0.0,0.0
2023-05-10 15:30:00-04:00,1.7373000383377075,1.75,1.7300000190734863,1.7300000190734863,2149,0.0,0.0
2023-05-11 09:30:00-04:00,1.649999976158142,1.6926000118255615,1.5,1.5427000522613525,9729,0.0,0.0
2023-05-11 10:30:00-04:00,1.5199999809265137,1.5199999809265137,1.2999999523162842,1.2999999523162842,13144,0.0,0.0
2023-05-11 11:30:00-04:00,1.3799999952316284,1.3799999952316284,1.3600000143051147,1.3700000047683716,1268,0.0,0.0
2023-05-11 12:30:00-04:00,1.3899999856948853,1.399999976158142,1.3899999856948853,1.3910000324249268,2939,0.0,0.0
2023-05-11 13:30:00-04:00,1.448799967765808,1.4872000217437744,1.448799967765808,1.4872000217437744,971,0.0,0.0
2023-05-11 14:30:00-04:00,1.4500000476837158,1.4500000476837158,1.4500000476837158,1.4500000476837158,952,0.0,0.0
2023-05-11 15:30:00-04:00,1.4199999570846558,1.4199999570846558,1.4199999570846558,1.4199999570846558,150,0.0,0.0
2023-05-12 09:30:00-04:00,1.409999966621399,1.409999966621399,1.409999966621399,1.409999966621399,1441,0.0,0.0
2023-05-12 12:30:00-04:00,1.4347000122070312,1.4347000122070312,1.4347000122070312,1.4347000122070312,823,0.0,0.0
2023-05-12 13:30:00-04:00,1.3899999856948853,1.4500000476837158,1.382599949836731,1.4499000310897827,2045,0.0,0.0
2023-05-12 15:30:00-04:00,1.4400999546051025,1.4400999546051025,1.4400999546051025,1.4400999546051025,377,0.0,0.0
2023-05-15 09:30:00-04:00,1.440000057220459,1.5299999713897705,1.440000057220459,1.5299999713897705,704,0.0,0.0
2023-05-15 10:30:00-04:00,1.4615999460220337,1.4615999460220337,1.4615999460220337,1.4615999460220337,1370,0.0,0.0
2023-05-15 11:30:00-04:00,1.4500000476837158,1.4500000476837158,1.4500000476837158,1.4500000476837158,694,0.0,0.0
2023-05-15 12:30:00-04:00,1.5053000450134277,1.5053000450134277,1.4800000190734863,1.4800000190734863,532,0.0,0.0
2023-05-15 15:30:00-04:00,1.465000033378601,1.465000033378601,1.465000033378601,1.465000033378601,202,0.0,0.0
2023-05-16 09:30:00-04:00,1.4900000095367432,1.4958000183105469,1.4800000190734863,1.4800000190734863,3115,0.0,0.0
2023-05-16 11:30:00-04:00,1.4500000476837158,1.5399999618530273,1.440000057220459,1.440000057220459,10078,0.0,0.0
2023-05-16 12:30:00-04:00,1.5539000034332275,1.5539000034332275,1.4600000381469727,1.4600000381469727,947,0.0,0.0
2023-05-16 13:30:00-04:00,1.4400999546051025,1.4400999546051025,1.4400999546051025,1.4400999546051025,356,0.0,0.0
2023-05-16 14:30:00-04:00,1.4500000476837158,1.4500000476837158,1.4500000476837158,1.4500000476837158,1056,0.0,0.0
2023-05-17 09:30:00-04:00,1.4901000261306763,1.4901000261306763,1.4452999830245972,1.4452999830245972,1489,0.0,0.0
2023-05-17 12:30:00-04:00,1.4500000476837158,1.4500000476837158,1.4500000476837158,1.4500000476837158,448,0.0,0.0
2023-05-17 13:30:00-04:00,1.4500999450683594,1.4500999450683594,1.4500999450683594,1.4500999450683594,489,0.0,0.0
2023-05-18 09:30:00-04:00,1.4600000381469727,1.4600000381469727,1.4600000381469727,1.4600000381469727,0,0.0,0.0
2023-05-18 10:30:00-04:00,1.4700000286102295,1.5399999618530273,1.4700000286102295,1.5099999904632568,3069,0.0,0.0
2023-05-18 11:30:00-04:00,1.5099999904632568,1.5299999713897705,1.5099999904632568,1.5199999809265137,3115,0.0,0.0
2023-05-18 12:30:00-04:00,1.4900000095367432,1.4900000095367432,1.4900000095367432,1.4900000095367432,284,0.0,0.0
2023-05-18 13:30:00-04:00,1.5198999643325806,1.5199999809265137,1.5198999643325806,1.5199999809265137,1141,0.0,0.0
2023-05-18 14:30:00-04:00,1.4800000190734863,1.4800000190734863,1.4500000476837158,1.4600000381469727,1847,0.0,0.0
2023-05-18 15:30:00-04:00,1.4700000286102295,1.5099999904632568,1.440000057220459,1.440000057220459,0,0.0,0.0
2023-05-19 09:30:00-04:00,1.5199999809265137,1.7000000476837158,1.4600000381469727,1.5099999904632568,45838,0.0,0.0
2023-05-19 10:30:00-04:00,1.5099999904632568,1.596500039100647,1.5099999904632568,1.596500039100647,1562,0.0,0.0
2023-05-19 11:30:00-04:00,1.5199999809265137,1.5700000524520874,1.5199999809265137,1.5449999570846558,1948,0.0,0.0
2023-05-19 12:30:00-04:00,1.5299999713897705,1.5299999713897705,1.5,1.5,2307,0.0,0.0
2023-05-19 13:30:00-04:00,1.482100009918213,1.482100009918213,1.4500000476837158,1.4500000476837158,13989,0.0,0.0
2023-05-19 14:30:00-04:00,1.4600000381469727,1.4600000381469727,1.4600000381469727,1.4600000381469727,1095,0.0,0.0
2023-05-19 15:30:00-04:00,1.5199999809265137,1.5199999809265137,1.5199999809265137,1.5199999809265137,315,0.0,0.0
2023-05-22 09:30:00-04:00,1.4700000286102295,1.6299999952316284,1.4700000286102295,1.57260000705719,1591,0.0,0.0
2023-05-22 10:30:00-04:00,1.559999942779541,1.559999942779541,1.5199999809265137,1.5454000234603882,2198,0.0,0.0
2023-05-22 11:30:00-04:00,1.5299999713897705,1.5499999523162842,1.5199999809265137,1.5399999618530273,4482,0.0,0.0
2023-05-22 12:30:00-04:00,1.5299999713897705,1.5299999713897705,1.5199999809265137,1.5199999809265137,816,0.0,0.0
2023-05-22 13:30:00-04:00,1.5199999809265137,1.520400047302246,1.4600000381469727,1.5049999952316284,3217,0.0,0.0
2023-05-22 14:30:00-04:00,1.5,1.5,1.5,1.5,126,0.0,0.0
2023-05-22 15:30:00-04:00,1.5099999904632568,1.5099999904632568,1.4600000381469727,1.4600000381469727,3552,0.0,0.0
2023-05-23 09:30:00-04:00,1.440000057220459,1.440000057220459,1.409999966621399,1.4397000074386597,3336,0.0,0.0
2023-05-23 10:30:00-04:00,1.4605000019073486,1.4605000019073486,1.4605000019073486,1.4605000019073486,900,0.0,0.0
2023-05-23 11:30:00-04:00,1.5299999713897705,1.5299999713897705,1.5099999904632568,1.5099999904632568,265,0.0,0.0
2023-05-23 12:30:00-04:00,1.5199999809265137,1.5199999809265137,1.5199999809265137,1.5199999809265137,225,0.0,0.0
2023-05-23 13:30:00-04:00,1.524999976158142,1.524999976158142,1.524999976158142,1.524999976158142,247,0.0,0.0
2023-05-23 15:30:00-04:00,1.5199999809265137,1.5199999809265137,1.5199999809265137,1.5199999809265137,0,0.0,0.0
2023-05-24 09:30:00-04:00,1.4800000190734863,1.603600025177002,1.4800000190734863,1.5700000524520874,2740,0.0,0.0
2023-05-24 11:30:00-04:00,1.5499999523162842,1.5800000429153442,1.5499999523162842,1.5700000524520874,1545,0.0,0.0
2023-05-24 14:30:00-04:00,1.593500018119812,1.593500018119812,1.5,1.5,2283,0.0,0.0
2023-05-24 15:30:00-04:00,1.5199999809265137,1.5199999809265137,1.5199999809265137,1.5199999809265137,464,0.0,0.0
2023-05-25 09:30:00-04:00,1.5126999616622925,1.5126999616622925,1.5126999616622925,1.5126999616622925,594,0.0,0.0
2023-05-25 10:30:00-04:00,1.5099999904632568,1.5099999904632568,1.5099999904632568,1.5099999904632568,521,0.0,0.0
2023-05-25 11:30:00-04:00,1.517799973487854,1.517799973487854,1.517799973487854,1.517799973487854,118,0.0,0.0
2023-05-25 12:30:00-04:00,1.590000033378601,1.590000033378601,1.440000057220459,1.440000057220459,2301,0.0,0.0
2023-05-25 13:30:00-04:00,1.4600000381469727,1.4600000381469727,1.4280999898910522,1.4280999898910522,1400,0.0,0.0
2023-05-25 14:30:00-04:00,1.5399999618530273,1.5700000524520874,1.4601000547409058,1.4601000547409058,5389,0.0,0.0
2023-05-25 15:30:00-04:00,1.5499999523162842,1.5499999523162842,1.5499999523162842,1.5499999523162842,0,0.0,0.0
2023-05-26 10:30:00-04:00,1.5099999904632568,1.5099999904632568,1.4672000408172607,1.4700000286102295,1644,0.0,0.0
2023-05-26 11:30:00-04:00,1.5499999523162842,1.5499999523162842,1.5149999856948853,1.5464999675750732,6238,0.0,0.0
2023-05-26 12:30:00-04:00,1.559999942779541,1.5989999771118164,1.5399999618530273,1.5989999771118164,5714,0.0,0.0
2023-05-26 13:30:00-04:00,1.600000023841858,1.6299999952316284,1.600000023841858,1.6299999952316284,2700,0.0,0.0
2023-05-26 14:30:00-04:00,1.600000023841858,1.649999976158142,1.5210000276565552,1.649999976158142,2226,0.0,0.0
2023-05-26 15:30:00-04:00,1.649999976158142,1.649999976158142,1.6200000047683716,1.6200000047683716,200,0.0,0.0
2023-05-30 09:30:00-04:00,1.4800000190734863,1.6270999908447266,1.4800000190734863,1.5901000499725342,0,0.0,0.0
2023-05-30 10:30:00-04:00,1.600000023841858,1.600000023841858,1.600000023841858,1.600000023841858,0,0.0,0.0
2023-05-30 15:30:00-04:00,1.6399999856948853,1.649999976158142,1.6399999856948853,1.649999976158142,34629,0.0,0.0
2023-05-31 09:30:00-04:00,1.600000023841858,1.6378999948501587,1.5099999904632568,1.5200999975204468,44598,0.0,0.0
2023-05-31 10:30:00-04:00,1.5234999656677246,1.600000023841858,1.5,1.5299999713897705,4983,0.0,0.0
2023-05-31 11:30:00-04:00,1.559999942779541,1.559999942779541,1.559999942779541,1.559999942779541,1653,0.0,0.0
2023-05-31 12:30:00-04:00,1.6050000190734863,1.6050000190734863,1.5800000429153442,1.5800000429153442,566,0.0,0.0
2023-05-31 13:30:00-04:00,1.5800000429153442,1.6299999952316284,1.5800000429153442,1.6150000095367432,1946,0.0,0.0
2023-05-31 14:30:00-04:00,1.649999976158142,1.649999976158142,1.625,1.625,325,0.0,0.0
2023-05-31 15:30:00-04:00,1.6399999856948853,1.649999976158142,1.600000023841858,1.649999976158142,0,0.0,0.0
2023-06-01 09:30:00-04:00,1.600000023841858,1.600000023841858,1.5199999809265137,1.600000023841858,4350,0.0,0.0
2023-06-01 10:30:00-04:00,1.5399999618530273,1.5399999618530273,1.5399999618530273,1.5399999618530273,210,0.0,0.0
2023-06-01 11:30:00-04:00,1.5499999523162842,1.5499999523162842,1.5405000448226929,1.5405000448226929,1150,0.0,0.0
2023-06-01 12:30:00-04:00,1.5499999523162842,1.5499999523162842,1.5499999523162842,1.5499999523162842,641,0.0,0.0
2023-06-01 13:30:00-04:00,1.600000023841858,1.600000023841858,1.600000023841858,1.600000023841858,372,0.0,0.0
2023-06-01 14:30:00-04:00,1.600000023841858,1.600000023841858,1.600000023841858,1.600000023841858,805,0.0,0.0
2023-06-01 15:30:00-04:00,1.600000023841858,1.600000023841858,1.600000023841858,1.600000023841858,135,0.0,0.0
2023-06-02 09:30:00-04:00,1.590000033378601,1.7000000476837158,1.5800000429153442,1.7000000476837158,566,0.0,0.0
2023-06-02 10:30:00-04:00,1.6399999856948853,1.6399999856948853,1.5700000524520874,1.5734000205993652,1513,0.0,0.0
2023-06-02 11:30:00-04:00,1.600000023841858,1.600000023841858,1.590000033378601,1.600000023841858,987,0.0,0.0
2023-06-02 12:30:00-04:00,1.590000033378601,1.600000023841858,1.590000033378601,1.600000023841858,969,0.0,0.0
2023-06-02 13:30:00-04:00,1.600000023841858,1.600000023841858,1.600000023841858,1.600000023841858,245,0.0,0.0
2023-06-02 15:30:00-04:00,1.600000023841858,1.600000023841858,1.600000023841858,1.600000023841858,6500,0.0,0.0
2023-06-05 09:30:00-04:00,1.600000023841858,1.600000023841858,1.4936000108718872,1.5199999809265137,12720,0.0,0.0
2023-06-05 10:30:00-04:00,1.5800000429153442,1.590000033378601,1.5800000429153442,1.590000033378601,1004,0.0,0.0
2023-06-05 11:30:00-04:00,1.5499999523162842,1.5499999523162842,1.5499999523162842,1.5499999523162842,277,0.0,0.0
2023-06-05 12:30:00-04:00,1.565000057220459,1.5800000429153442,1.565000057220459,1.5800000429153442,585,0.0,0.0
2023-06-05 13:30:00-04:00,1.5800000429153442,1.5800000429153442,1.5800000429153442,1.5800000429153442,756,0.0,0.0
2023-06-05 14:30:00-04:00,1.5800000429153442,1.5800000429153442,1.5800000429153442,1.5800000429153442,355,0.0,0.0
2023-06-05 15:30:00-04:00,1.5800000429153442,1.590000033378601,1.5700000524520874,1.590000033378601,1309,0.0,0.0
2023-06-06 09:30:00-04:00,1.590000033378601,1.590000033378601,1.5892000198364258,1.5892000198364258,0,0.0,0.0
2023-06-06 11:30:00-04:00,1.565000057220459,1.565000057220459,1.565000057220459,1.565000057220459,726,0.0,0.0
2023-06-06 12:30:00-04:00,1.5700000524520874,1.590000033378601,1.5700000524520874,1.590000033378601,475,0.0,0.0
2023-06-06 13:30:00-04:00,1.570099949836731,1.5738999843597412,1.570099949836731,1.5738999843597412,751,0.0,0.0
2023-06-06 14:30:00-04:00,1.5800000429153442,1.5800000429153442,1.5800000429153442,1.5800000429153442,224,0.0,0.0
2023-06-06 15:30:00-04:00,1.5700000524520874,1.5700000524520874,1.5700000524520874,1.5700000524520874,0,0.0,0.0
2023-06-07 10:30:00-04:00,1.534999966621399,1.5700000524520874,1.534999966621399,1.5700000524520874,1082,0.0,0.0
2023-06-07 11:30:00-04:00,1.559999942779541,1.5700000524520874,1.559999942779541,1.569000005722046,2171,0.0,0.0
2023-06-07 12:30:00-04:00,1.600000023841858,1.600000023841858,1.600000023841858,1.600000023841858,508,0.0,0.0
2023-06-07 13:30:00-04:00,1.6200000047683716,1.6200000047683716,1.6200000047683716,1.6200000047683716,131,0.0,0.0
2023-06-07 14:30:00-04:00,1.5851000547409058,1.5851000547409058,1.5851000547409058,1.5851000547409058,553,0.0,0.0
2023-06-07 15:30:00-04:00,1.6399999856948853,1.6399999856948853,1.6399999856948853,1.6399999856948853,136,0.0,0.0
2023-06-08 09:30:00-04:00,1.559999942779541,1.5713000297546387,1.559999942779541,1.5627000331878662,721,0.0,0.0
2023-06-08 15:30:00-04:00,1.590000033378601,1.590000033378601,1.590000033378601,1.590000033378601,376,0.0,0.0
2023-06-09 09:30:00-04:00,1.6299999952316284,1.6299999952316284,1.6299999952316284,1.6299999952316284,168,0.0,0.0
2023-06-09 10:30:00-04:00,1.569599986076355,1.569599986076355,1.559999942779541,1.559999942779541,268,0.0,0.0
2023-06-09 12:30:00-04:00,1.5950000286102295,1.5950000286102295,1.5950000286102295,1.5950000286102295,1000,0.0,0.0
2023-06-09 13:30:00-04:00,1.5700000524520874,1.5700000524520874,1.5499999523162842,1.5499999523162842,1424,0.0,0.0
2023-06-12 09:30:00-04:00,1.5700000524520874,1.5700000524520874,1.51010000705719,1.51010000705719,1435,0.0,0.0
2023-06-12 10:30:00-04:00,1.5800000429153442,1.5800000429153442,1.5800000429153442,1.5800000429153442,289,0.0,0.0
2023-06-12 12:30:00-04:00,1.5399999618530273,1.5399999618530273,1.5399999618530273,1.5399999618530273,241,0.0,0.0
2023-06-12 14:30:00-04:00,1.565000057220459,1.565000057220459,1.565000057220459,1.565000057220459,0,0.0,0.0
2023-06-13 09:30:00-04:00,1.5,1.6399999856948853,1.5,1.5800000429153442,10914,0.0,0.0
2023-06-13 12:30:00-04:00,1.6100000143051147,1.6100000143051147,1.6100000143051147,1.6100000143051147,217,0.0,0.0
2023-06-13 14:30:00-04:00,1.6150000095367432,1.6150000095367432,1.6150000095367432,1.6150000095367432,0,0.0,0.0
2023-06-14 09:30:00-04:00,1.559999942779541,1.559999942779541,1.559999942779541,1.559999942779541,477,0.0,0.0
2023-06-14 10:30:00-04:00,1.590000033378601,1.590000033378601,1.559999942779541,1.559999942779541,1969,0.0,0.0
2023-06-14 11:30:00-04:00,1.5950000286102295,1.5950000286102295,1.590000033378601,1.590000033378601,835,0.0,0.0
2023-06-14 13:30:00-04:00,1.590000033378601,1.590000033378601,1.5800000429153442,1.5800000429153442,303,0.0,0.0
2023-06-14 14:30:00-04:00,1.5800000429153442,1.600000023841858,1.5800000429153442,1.5950000286102295,1589,0.0,0.0
2023-06-14 15:30:00-04:00,1.5992000102996826,1.5992000102996826,1.5992000102996826,1.5992000102996826,200,0.0,0.0
2023-06-15 09:30:00-04:00,1.5499999523162842,1.5499999523162842,1.5399999618530273,1.5399999618530273,462,0.0,0.0
2023-06-15 11:30:00-04:00,1.600000023841858,1.600000023841858,1.600000023841858,1.600000023841858,1174,0.0,0.0
2023-06-15 14:30:00-04:00,1.6100000143051147,1.6100000143051147,1.6050000190734863,1.6050000190734863,581,0.0,0.0
2023-06-15 15:30:00-04:00,1.6050000190734863,1.6050000190734863,1.6050000190734863,1.6050000190734863,371,0.0,0.0
2023-06-16 09:30:00-04:00,1.5399999618530273,1.565000057220459,1.5399999618530273,1.565000057220459,3568,0.0,0.0
2023-06-16 10:30:00-04:00,1.5700000524520874,1.5700000524520874,1.5700000524520874,1.5700000524520874,441,0.0,0.0
2023-06-16 11:30:00-04:00,1.6150000095367432,1.6200000047683716,1.6100000143051147,1.6200000047683716,822,0.0,0.0
2023-06-16 12:30:00-04:00,1.6200000047683716,1.6200000047683716,1.6100000143051147,1.6102999448776245,1242,0.0,0.0
2023-06-16 13:30:00-04:00,1.5099999904632568,1.6100000143051147,1.5099999904632568,1.6045000553131104,447,0.0,0.0
2023-06-16 14:30:00-04:00,1.5199999809265137,1.600000023841858,1.5199999809265137,1.5750000476837158,876,0.0,0.0
2023-06-16 15:30:00-04:00,1.607800006866455,1.607800006866455,1.607699990272522,1.607699990272522,1779,0.0,0.0
2023-06-20 09:30:00-04:00,1.559999942779541,1.559999942779541,1.559999942779541,1.559999942779541,864,0.0,0.0
2023-06-20 10:30:00-04:00,1.559999942779541,1.6044000387191772,1.5399999618530273,1.6033999919891357,2200,0.0,0.0
2023-06-20 11:30:00-04:00,1.5800000429153442,1.6299999952316284,1.5800000429153442,1.6299999952316284,2035,0.0,0.0
2023-06-20 12:30:00-04:00,1.6299999952316284,1.6299999952316284,1.6298999786376953,1.6298999786376953,521,0.0,0.0
2023-06-20 13:30:00-04:00,1.601099967956543,1.6200000047683716,1.5750000476837158,1.5750000476837158,1822,0.0,0.0
2023-06-20 14:30:00-04:00,1.5800000429153442,1.5800000429153442,1.5800000429153442,1.5800000429153442,540,0.0,0.0
2023-06-21 09:30:00-04:00,1.6299999952316284,1.6299999952316284,1.6299999952316284,1.6299999952316284,330,0.0,0.0
2023-06-21 10:30:00-04:00,1.6200000047683716,1.6200000047683716,1.590000033378601,1.590000033378601,636,0.0,0.0
2023-06-21 11:30:00-04:00,1.590000033378601,1.6299999952316284,1.590000033378601,1.6299999952316284,226,0.0,0.0
2023-06-21 14:30:00-04:00,1.6100000143051147,1.6399999856948853,1.6100000143051147,1.6399999856948853,0,0.0,0.0
2023-06-22 10:30:00-04:00,1.600000023841858,1.6299999952316284,1.600000023841858,1.6299999952316284,309,0.0,0.0
2023-06-22 11:30:00-04:00,1.5800000429153442,1.5800000429153442,1.5700000524520874,1.5700000524520874,2417,0.0,0.0
2023-06-22 12:30:00-04:00,1.6200000047683716,1.6200000047683716,1.600000023841858,1.600000023841858,775,0.0,0.0
2023-06-22 14:30:00-04:00,1.6299999952316284,1.6399999856948853,1.6299999952316284,1.6299999952316284,734,0.0,0.0
2023-06-22 15:30:00-04:00,1.6299999952316284,1.6399999856948853,1.6299999952316284,1.6399999856948853,681,0.0,0.0
2023-06-23 09:30:00-04:00,1.6100000143051147,1.6100000143051147,1.6100000143051147,1.6100000143051147,418,0.0,0.0
2023-06-23 12:30:00-04:00,1.6299999952316284,1.6399999856948853,1.6299999952316284,1.6399999856948853,6711,0.0,0.0
2023-06-23 15:30:00-04:00,1.600000023841858,1.6200000047683716,1.600000023841858,1.6100000143051147,1090,0.0,0.0
2023-06-26 09:30:00-04:00,1.5199999809265137,1.590000033378601,1.5199999809265137,1.590000033378601,8554,0.0,0.0
2023-06-26 10:30:00-04:00,1.559999942779541,1.649999976158142,1.559999942779541,1.600000023841858,3306,0.0,0.0
2023-06-26 14:30:00-04:00,1.5700000524520874,1.5700000524520874,1.5,1.5499999523162842,3090,0.0,0.0
2023-06-26 15:30:00-04:00,1.5700000524520874,1.600000023841858,1.5700000524520874,1.600000023841858,419,0.0,0.0
2023-06-27 09:30:00-04:00,1.660599946975708,1.6799999475479126,1.6200000047683716,1.6200000047683716,4936,0.0,0.0
2023-06-27 11:30:00-04:00,1.5700000524520874,1.6100000143051147,1.5399999618530273,1.6100000143051147,0,0.0,0.0
2023-06-28 09:30:00-04:00,1.5271999835968018,1.5271999835968018,1.5271999835968018,1.5271999835968018,1245,0.0,0.0
2023-06-28 12:30:00-04:00,1.5800000429153442,1.5800000429153442,1.5099999904632568,1.5721999406814575,4047,0.0,0.0
2023-06-28 13:30:00-04:00,1.5700000524520874,1.5700000524520874,1.5700000524520874,1.5700000524520874,0,0.0,0.0
2023-06-29 09:30:00-04:00,1.4800000190734863,1.5499999523162842,1.4800000190734863,1.5499999523162842,2017,0.0,0.0
2023-06-29 11:30:00-04:00,1.4900000095367432,1.600000023841858,1.4900000095367432,1.600000023841858,3206,0.0,0.0
2023-06-29 13:30:00-04:00,1.6100000143051147,1.6100000143051147,1.570099949836731,1.570099949836731,787,0.0,0.0
2023-06-29 14:30:00-04:00,1.5499999523162842,1.5499999523162842,1.5300999879837036,1.5300999879837036,4597,0.0,0.0
2023-06-29 15:30:00-04:00,1.565000057220459,1.565000057220459,1.565000057220459,1.565000057220459,0,0.0,0.0
2023-06-30 09:30:00-04:00,1.6399999856948853,1.6399999856948853,1.5764000415802002,1.5764000415802002,453,0.0,0.0
2023-06-30 10:30:00-04:00,1.5950000286102295,1.5950000286102295,1.5700000524520874,1.590000033378601,1102,0.0,0.0
2023-06-30 11:30:00-04:00,1.5800000429153442,1.5836000442504883,1.5800000429153442,1.5836000442504883,344,0.0,0.0
2023-06-30 12:30:00-04:00,1.590000033378601,1.590000033378601,1.5850000381469727,1.5850000381469727,528,0.0,0.0
2023-06-30 13:30:00-04:00,1.590000033378601,1.590000033378601,1.590000033378601,1.590000033378601,122,0.0,0.0
2023-06-30 15:30:00-04:00,1.5850000381469727,1.589900016784668,1.5850000381469727,1.5898000001907349,1592,0.0,0.0
2023-07-03 09:30:00-04:00,1.6299999952316284,1.6299999952316284,1.6299999952316284,1.6299999952316284,732,0.0,0.0
2023-07-03 11:30:00-04:00,1.559999942779541,1.559999942779541,1.559999942779541,1.559999942779541,493,0.0,0.0
2023-07-03 12:30:00-04:00,1.5199999809265137,1.5700000524520874,1.5199999809265137,1.5700000524520874,1575,0.0,0.0
2023-07-05 09:30:00-04:00,1.559999942779541,1.559999942779541,1.559999942779541,1.559999942779541,0,0.0,0.0
2023-07-05 10:30:00-04:00,1.524999976158142,1.5527000427246094,1.5099999904632568,1.5499999523162842,5243,0.0,0.0
2023-07-05 15:30:00-04:00,1.559999942779541,1.559999942779541,1.559999942779541,1.559999942779541,0,0.0,0.0
2023-07-06 09:30:00-04:00,1.5099999904632568,1.5299999713897705,1.5099999904632568,1.5299999713897705,1090,0.0,0.0
2023-07-06 10:30:00-04:00,1.534999966621399,1.534999966621399,1.534999966621399,1.534999966621399,508,0.0,0.0
2023-07-06 14:30:00-04:00,1.5499999523162842,1.5499999523162842,1.5499999523162842,1.5499999523162842,0,0.0,0.0
2023-07-07 09:30:00-04:00,1.5200999975204468,1.5200999975204468,1.5200999975204468,1.5200999975204468,971,0.0,0.0
2023-07-07 11:30:00-04:00,1.5499999523162842,1.5499999523162842,1.5499999523162842,1.5499999523162842,907,0.0,0.0
2023-07-07 13:30:00-04:00,1.5997999906539917,1.5997999906539917,1.5997999906539917,1.5997999906539917,296,0.0,0.0
2023-07-07 15:30:00-04:00,1.5700000524520874,1.5700000524520874,1.5700000524520874,1.5700000524520874,109,0.0,0.0
2023-07-10 09:30:00-04:00,1.590000033378601,1.590000033378601,1.590000033378601,1.590000033378601,0,0.0,0.0
2023-07-10 10:30:00-04:00,1.5973999500274658,1.600000023841858,1.5800000429153442,1.5800000429153442,3597,0.0,0.0
2023-07-10 11:30:00-04:00,1.5800000429153442,1.5800000429153442,1.5800000429153442,1.5800000429153442,0,0.0,0.0
2023-07-10 12:30:00-04:00,1.5800000429153442,1.5800000429153442,1.5800000429153442,1.5800000429153442,179,0.0,0.0
2023-07-12 10:30:00-04:00,1.600000023841858,1.600000023841858,1.600000023841858,1.600000023841858,579,0.0,0.0
2023-07-12 11:30:00-04:00,1.5677000284194946,1.5800000429153442,1.5299999713897705,1.5299999713897705,13997,0.0,0.0
2023-07-12 13:30:00-04:00,1.5800000429153442,1.5800000429153442,1.5800000429153442,1.5800000429153442,708,0.0,0.0
2023-07-12 14:30:00-04:00,1.5973000526428223,1.7000000476837158,1.5800000429153442,1.649999976158142,11235,0.0,0.0
2023-07-12 15:30:00-04:00,1.649999976158142,1.649999976158142,1.649999976158142,1.649999976158142,6811434,0.0,0.0
2023-07-13 09:30:00-04:00,2.119999885559082,2.319999933242798,1.9600000381469727,2.1617000102996826,11952168,0.0,0.0
2023-07-13 10:30:00-04:00,2.1898999214172363,2.2699999809265137,2.0399999618530273,2.109999895095825,1480100,0.0,0.0
2023-07-13 11:30:00-04:00,2.109999895095825,2.1103999614715576,1.9700000286102295,2.015000104904175,363512,0.0,0.0
2023-07-13 12:30:00-04:00,2.0185000896453857,2.0399999618530273,1.9600000381469727,1.9800000190734863,205213,0.0,0.0
2023-07-13 13:30:00-04:00,1.9800000190734863,2.0399999618530273,1.9600000381469727,2.0399999618530273,232615,0.0,0.0
2023-07-13 14:30:00-04:00,2.0399999618530273,2.0899999141693115,1.9800000190734863,2.04259991645813,378411,0.0,0.0
2023-07-13 15:30:00-04:00,2.0450000762939453,2.119999885559082,1.9500000476837158,1.97160005569458,399539,0.0,0.0
2023-07-14 09:30:00-04:00,1.850000023841858,2.0,1.7599999904632568,1.9800000190734863,320373,0.0,0.0
2023-07-14 10:30:00-04:00,1.9800000190734863,1.9900000095367432,1.8600000143051147,1.899999976158142,32614,0.0,0.0
2023-07-14 11:30:00-04:00,1.899999976158142,1.9700000286102295,1.8600000143051147,1.9199999570846558,18901,0.0,0.0
2023-07-14 12:30:00-04:00,1.8899999856948853,1.9299999475479126,1.8700000047683716,1.8799999952316284,24520,0.0,0.0
2023-07-14 13:30:00-04:00,1.8799999952316284,1.9500000476837158,1.8799999952316284,1.940000057220459,17446,0.0,0.0
2023-07-14 14:30:00-04:00,1.8878999948501587,1.9700000286102295,1.88100004196167,1.9700000286102295,26336,0.0,0.0
2023-07-14 15:30:00-04:00,1.9470000267028809,1.9800000190734863,1.8899999856948853,1.8899999856948853,33342,0.0,0.0
2023-07-17 09:30:00-04:00,1.8300000429153442,1.8899999856948853,1.8000999689102173,1.8899999856948853,35311,0.0,0.0
2023-07-17 10:30:00-04:00,1.8899999856948853,1.9600000381469727,1.8701000213623047,1.9500000476837158,8508,0.0,0.0
2023-07-17 11:30:00-04:00,1.909999966621399,1.9500000476837158,1.850000023841858,1.909999966621399,23873,0.0,0.0
2023-07-17 12:30:00-04:00,1.909999966621399,1.940000057220459,1.850000023841858,1.9199999570846558,3821,0.0,0.0
2023-07-17 13:30:00-04:00,1.9199999570846558,1.9500000476837158,1.850100040435791,1.9299999475479126,18357,0.0,0.0
2023-07-17 14:30:00-04:00,1.9500000476837158,1.9800000190734863,1.899999976158142,1.9800000190734863,27895,0.0,0.0
2023-07-17 15:30:00-04:00,1.9800000190734863,1.9900000095367432,1.9601000547409058,1.9700000286102295,0,0.0,0.0
2023-07-18 09:30:00-04:00,1.909999966621399,2.0,1.909999966621399,2.0,6296,0.0,0.0
2023-07-18 10:30:00-04:00,1.9918999671936035,2.049999952316284,1.9600000381469727,2.0199999809265137,9066,0.0,0.0
2023-07-18 11:30:00-04:00,2.0199999809265137,2.0399999618530273,2.0,2.0399999618530273,9390,0.0,0.0
2023-07-18 12:30:00-04:00,2.0399999618530273,2.0799999237060547,2.009999990463257,2.0555999279022217,12989,0.0,0.0
2023-07-18 13:30:00-04:00,2.0064001083374023,2.0299999713897705,2.0,2.0299999713897705,1230,0.0,0.0
2023-07-18 14:30:00-04:00,2.0299999713897705,2.0299999713897705,1.909999966621399,2.0299999713897705,24061,0.0,0.0
2023-07-18 15:30:00-04:00,2.0199999809265137,2.0899999141693115,2.0199999809265137,2.059999942779541,0,0.0,0.0
2023-07-19 09:30:00-04:00,2.0,2.059999942779541,1.9500000476837158,1.9500000476837158,13335,0.0,0.0
2023-07-19 10:30:00-04:00,1.9638999700546265,2.009999990463257,1.9600000381469727,2.0048000812530518,1766,0.0,0.0
2023-07-19 11:30:00-04:00,2.000999927520752,2.009999990463257,1.9800000190734863,1.9900000095367432,2654,0.0,0.0
2023-07-19 12:30:00-04:00,1.9900000095367432,1.9900000095367432,1.9700000286102295,1.9900000095367432,1257,0.0,0.0
2023-07-19 13:30:00-04:00,1.9772000312805176,2.009999990463257,1.9700000286102295,1.9850000143051147,5575,0.0,0.0
2023-07-19 14:30:00-04:00,1.9800000190734863,1.9800000190734863,1.9601000547409058,1.9800000190734863,2794,0.0,0.0
2023-07-19 15:30:00-04:00,1.9620000123977661,1.9700000286102295,1.945099949836731,1.945099949836731,0,0.0,0.0
2023-07-20 09:30:00-04:00,2.0,2.0399999618530273,1.9601999521255493,1.9700000286102295,6770,0.0,0.0
2023-07-20 10:30:00-04:00,1.9700000286102295,2.0,1.9184999465942383,1.9700000286102295,2038,0.0,0.0
2023-07-20 11:30:00-04:00,2.0199999809265137,2.0299999713897705,2.0,2.0299999713897705,540,0.0,0.0
2023-07-20 12:30:00-04:00,1.9700000286102295,2.0299999713897705,1.899999976158142,1.909999966621399,1260,0.0,0.0
2023-07-20 13:30:00-04:00,1.9199999570846558,1.9900000095367432,1.9199999570846558,1.9700000286102295,5514,0.0,0.0
2023-07-20 14:30:00-04:00,1.9420000314712524,1.9420000314712524,1.8899999856948853,1.909999966621399,7128,0.0,0.0
2023-07-20 15:30:00-04:00,1.9299999475479126,1.9900000095367432,1.909999966621399,1.9320000410079956,6667,0.0,0.0
2023-07-21 09:30:00-04:00,2.0399999618530273,2.049999952316284,1.850000023841858,1.8601000308990479,26184,0.0,0.0
2023-07-21 10:30:00-04:00,1.8600000143051147,1.940000057220459,1.8600000143051147,1.8899999856948853,960,0.0,0.0
2023-07-21 11:30:00-04:00,1.8898999691009521,1.9299999475479126,1.8700000047683716,1.8730000257492065,2300,0.0,0.0
2023-07-21 12:30:00-04:00,1.9149999618530273,1.9299999475479126,1.8700000047683716,1.8799999952316284,4365,0.0,0.0
2023-07-21 13:30:00-04:00,1.899999976158142,1.940000057220459,1.8899999856948853,1.909999966621399,2572,0.0,0.0
2023-07-21 14:30:00-04:00,1.899999976158142,1.899999976158142,1.850100040435791,1.8899999856948853,15609,0.0,0.0
2023-07-21 15:30:00-04:00,1.8899999856948853,1.8899999856948853,1.8650000095367432,1.8799999952316284,3739,0.0,0.0
2023-07-24 09:30:00-04:00,1.8600000143051147,1.909999966621399,1.850000023841858,1.899999976158142,8229,0.0,0.0
2023-07-24 10:30:00-04:00,1.840000033378601,1.8799999952316284,1.840000033378601,1.8550000190734863,1718,0.0,0.0
2023-07-24 11:30:00-04:00,1.850000023841858,1.8600000143051147,1.840000033378601,1.8600000143051147,3668,0.0,0.0
2023-07-24 12:30:00-04:00,1.8600000143051147,1.8700000047683716,1.8600000143051147,1.8700000047683716,610,0.0,0.0
2023-07-24 13:30:00-04:00,1.8700000047683716,1.8700000047683716,1.8700000047683716,1.8700000047683716,385,0.0,0.0
2023-07-24 14:30:00-04:00,1.8700000047683716,1.8701000213623047,1.8600000143051147,1.8600000143051147,1031,0.0,0.0
2023-07-24 15:30:00-04:00,1.8600000143051147,1.8700000047683716,1.8300000429153442,1.8421000242233276,0,0.0,0.0
2023-07-25 09:30:00-04:00,1.809999942779541,1.9600000381469727,1.809999942779541,1.8410999774932861,3149,0.0,0.0
2023-07-25 10:30:00-04:00,1.8600000143051147,1.9199999570846558,1.8600000143051147,1.9199999570846558,1527,0.0,0.0
2023-07-25 11:30:00-04:00,1.8600000143051147,1.8899999856948853,1.8350000381469727,1.840000033378601,6533,0.0,0.0
2023-07-25 12:30:00-04:00,1.840000033378601,1.850000023841858,1.8300000429153442,1.8300000429153442,1108,0.0,0.0
2023-07-25 13:30:00-04:00,1.850000023841858,1.8799999952316284,1.809999942779541,1.809999942779541,7845,0.0,0.0
2023-07-25 14:30:00-04:00,1.8200000524520874,1.850000023841858,1.8107999563217163,1.812000036239624,3173,0.0,0.0
2023-07-25 15:30:00-04:00,1.809999942779541,1.8600000143051147,1.7999999523162842,1.7999999523162842,3993,0.0,0.0
2023-07-26 09:30:00-04:00,1.7599999904632568,1.840000033378601,1.7599999904632568,1.8200000524520874,3062,0.0,0.0
2023-07-26 10:30:00-04:00,1.7999999523162842,1.8200000524520874,1.7799999713897705,1.7799999713897705,3396,0.0,0.0
2023-07-26 11:30:00-04:00,1.7799999713897705,1.809999942779541,1.7649999856948853,1.7649999856948853,2244,0.0,0.0
2023-07-26 12:30:00-04:00,1.8200000524520874,1.8499000072479248,1.771399974822998,1.8499000072479248,813,0.0,0.0
2023-07-26 14:30:00-04:00,1.850000023841858,1.850000023841858,1.809999942779541,1.8200000524520874,950,0.0,0.0
2023-07-26 15:30:00-04:00,1.7899999618530273,1.8200000524520874,1.7799999713897705,1.7799999713897705,1338,0.0,0.0
2023-07-27 09:30:00-04:00,1.8200000524520874,1.850000023841858,1.8200000524520874,1.840000033378601,3627,0.0,0.0
2023-07-27 10:30:00-04:00,1.7699999809265137,1.850000023841858,1.7699999809265137,1.850000023841858,4693,0.0,0.0
2023-07-27 11:30:00-04:00,1.840000033378601,1.850000023841858,1.7999999523162842,1.850000023841858,546,0.0,0.0
2023-07-27 12:30:00-04:00,1.840000033378601,1.8700000047683716,1.840000033378601,1.840000033378601,5302,0.0,0.0
2023-07-27 13:30:00-04:00,1.8300000429153442,1.8700000047683716,1.8300000429153442,1.8700000047683716,2678,0.0,0.0
2023-07-27 14:30:00-04:00,1.809999942779541,1.8700000047683716,1.809999942779541,1.8499000072479248,4854,0.0,0.0
2023-07-27 15:30:00-04:00,1.8300000429153442,1.8580000400543213,1.8300000429153442,1.840000033378601,0,0.0,0.0
2023-07-28 09:30:00-04:00,1.8300000429153442,1.899999976158142,1.8300000429153442,1.8307000398635864,2798,0.0,0.0
2023-07-28 10:30:00-04:00,1.840000033378601,1.8700000047683716,1.8301000595092773,1.840000033378601,2062,0.0,0.0
2023-07-28 11:30:00-04:00,1.850000023841858,1.8507000207901,1.7999999523162842,1.8020000457763672,9657,0.0,0.0
2023-07-28 12:30:00-04:00,1.8250000476837158,1.840000033378601,1.7999999523162842,1.809999942779541,2635,0.0,0.0
2023-07-28 13:30:00-04:00,1.8300000429153442,1.840000033378601,1.809999942779541,1.840000033378601,1117,0.0,0.0
2023-07-28 14:30:00-04:00,1.8200000524520874,1.840000033378601,1.809999942779541,1.8300000429153442,1130,0.0,0.0
2023-07-28 15:30:00-04:00,1.8200000524520874,1.840000033378601,1.781999945640564,1.781999945640564,3223,0.0,0.0
2023-07-31 09:30:00-04:00,1.8700000047683716,1.8700000047683716,1.7599999904632568,1.7599999904632568,5669,0.0,0.0
2023-07-31 10:30:00-04:00,1.8899999856948853,1.8899999856948853,1.850000023841858,1.8700000047683716,615,0.0,0.0
2023-07-31 12:30:00-04:00,1.8350000381469727,1.8350000381469727,1.809999942779541,1.809999942779541,3523,0.0,0.0
2023-07-31 13:30:00-04:00,1.8899999856948853,1.8899999856948853,1.8889000415802002,1.8889000415802002,894,0.0,0.0
2023-08-01 09:30:00-04:00,1.850000023841858,1.8799999952316284,1.7599999904632568,1.7799999713897705,8236,0.0,0.0
2023-08-01 10:30:00-04:00,1.8600000143051147,1.8600000143051147,1.7599999904632568,1.850000023841858,2869,0.0,0.0
2023-08-01 11:30:00-04:00,1.75,1.850000023841858,1.75,1.8300000429153442,3794,0.0,0.0
2023-08-01 12:30:00-04:00,1.761299967765808,1.8300000429153442,1.7599999904632568,1.8200000524520874,1008,0.0,0.0
2023-08-01 13:30:00-04:00,1.840000033378601,1.840000033378601,1.840000033378601,1.840000033378601,640,0.0,0.0
2023-08-01 14:30:00-04:00,1.809999942779541,1.8200000524520874,1.809999942779541,1.8200000524520874,0,0.0,0.0
2023-08-01 15:30:00-04:00,1.809999942779541,1.8200000524520874,1.809999942779541,1.8200000524520874,26,0.0,0.0
2023-08-02 09:30:00-04:00,1.7000000476837158,1.8300000429153442,1.7000000476837158,1.7699999809265137,7066,0.0,0.0
2023-08-02 10:30:00-04:00,1.8128999471664429,1.8128999471664429,1.809999942779541,1.809999942779541,280,0.0,0.0
2023-08-02 11:30:00-04:00,1.7799999713897705,1.7799999713897705,1.7649999856948853,1.7799999713897705,3284,0.0,0.0
2023-08-02 12:30:00-04:00,1.7699999809265137,1.7699999809265137,1.7100000381469727,1.7208000421524048,812,0.0,0.0
2023-08-02 13:30:00-04:00,1.7200000286102295,1.7699999809265137,1.7100000381469727,1.7400000095367432,5321,0.0,0.0
2023-08-02 14:30:00-04:00,1.7100000381469727,1.7400000095367432,1.6399999856948853,1.7400000095367432,8035,0.0,0.0
2023-08-02 15:30:00-04:00,1.690000057220459,1.7300000190734863,1.649999976158142,1.7200000286102295,0,0.0,0.0
2023-08-03 09:30:00-04:00,1.659999966621399,1.7899999618530273,1.659999966621399,1.7193000316619873,4328,0.0,0.0
2023-08-03 11:30:00-04:00,1.7020000219345093,1.7100000381469727,1.7000000476837158,1.7000000476837158,2858,0.0,0.0
2023-08-03 12:30:00-04:00,1.7100000381469727,1.7100000381469727,1.7001999616622925,1.7001999616622925,668,0.0,0.0
2023-08-03 14:30:00-04:00,1.7899999618530273,1.7899999618530273,1.7899999618530273,1.7899999618530273,266,0.0,0.0
2023-08-03 15:30:00-04:00,1.7599999904632568,1.7599999904632568,1.7599999904632568,1.7599999904632568,242,0.0,0.0
2023-08-04 09:30:00-04:00,1.7100000381469727,1.7100000381469727,1.5976999998092651,1.6799999475479126,4468,0.0,0.0
2023-08-04 10:30:00-04:00,1.6203999519348145,1.6699999570846558,1.6203999519348145,1.6699999570846558,454,0.0,0.0
2023-08-04 11:30:00-04:00,1.6699999570846558,1.6699999570846558,1.6699999570846558,1.6699999570846558,464,0.0,0.0
2023-08-04 13:30:00-04:00,1.6699999570846558,1.6704000234603882,1.649999976158142,1.649999976158142,1597,0.0,0.0
2023-08-04 15:30:00-04:00,1.6200000047683716,1.6399999856948853,1.590000033378601,1.590000033378601,5534,0.0,0.0
2023-08-07 09:30:00-04:00,1.590000033378601,1.6799999475479126,1.590000033378601,1.5901000499725342,669,0.0,0.0
2023-08-07 10:30:00-04:00,1.600000023841858,1.7300000190734863,1.5855000019073486,1.7000000476837158,15295,0.0,0.0
2023-08-07 11:30:00-04:00,1.6200000047683716,1.6200000047683716,1.6200000047683716,1.6200000047683716,851,0.0,0.0
2023-08-07 12:30:00-04:00,1.649999976158142,1.649999976158142,1.621399998664856,1.6299999952316284,1281,0.0,0.0
2023-08-07 13:30:00-04:00,1.6009999513626099,1.6009999513626099,1.600000023841858,1.600000023841858,1814,0.0,0.0
2023-08-07 14:30:00-04:00,1.6549999713897705,1.6549999713897705,1.6549999713897705,1.6549999713897705,276,0.0,0.0
2023-08-07 15:30:00-04:00,1.6399999856948853,1.6399999856948853,1.600000023841858,1.600000023841858,0,0.0,0.0
2023-08-08 09:30:00-04:00,1.5750000476837158,1.600000023841858,1.559999942779541,1.600000023841858,2303,0.0,0.0
2023-08-08 10:30:00-04:00,1.5800000429153442,1.600000023841858,1.559999942779541,1.5800000429153442,5400,0.0,0.0
2023-08-08 11:30:00-04:00,1.5800000429153442,1.600000023841858,1.5800000429153442,1.600000023841858,2302,0.0,0.0
2023-08-08 12:30:00-04:00,1.589900016784668,1.7799999713897705,1.5700000524520874,1.7200000286102295,88448,0.0,0.0
2023-08-08 13:30:00-04:00,1.7599999904632568,1.784999966621399,1.7000000476837158,1.7649999856948853,2555,0.0,0.0
2023-08-08 14:30:00-04:00,1.7649999856948853,1.7649999856948853,1.7000000476837158,1.7000000476837158,2126,0.0,0.0
2023-08-08 15:30:00-04:00,1.690000057220459,1.725000023841858,1.690000057220459,1.725000023841858,0,0.0,0.0
2023-08-09 09:30:00-04:00,1.7000000476837158,1.7200000286102295,1.6119999885559082,1.690000057220459,9096,0.0,0.0
2023-08-09 10:30:00-04:00,1.6799999475479126,1.7400000095367432,1.6776000261306763,1.7400000095367432,10767,0.0,0.0
2023-08-09 11:30:00-04:00,1.683899998664856,1.7300000190734863,1.683899998664856,1.7050000429153442,1500,0.0,0.0
2023-08-09 12:30:00-04:00,1.7000000476837158,1.7300000190734863,1.7000000476837158,1.7300000190734863,689,0.0,0.0
2023-08-09 14:30:00-04:00,1.6799999475479126,1.6799999475479126,1.600000023841858,1.600000023841858,1776,0.0,0.0
2023-08-09 15:30:00-04:00,1.649999976158142,1.649999976158142,1.6399999856948853,1.6399999856948853,0,0.0,0.0
2023-08-10 09:30:00-04:00,1.6399999856948853,1.6399999856948853,1.613700032234192,1.613700032234192,523,0.0,0.0
2023-08-10 10:30:00-04:00,1.6299999952316284,1.6299999952316284,1.6100000143051147,1.6100000143051147,847,0.0,0.0
2023-08-10 11:30:00-04:00,1.6299999952316284,1.6299999952316284,1.6299999952316284,1.6299999952316284,480,0.0,0.0
2023-08-10 13:30:00-04:00,1.6100000143051147,1.6399999856948853,1.6100000143051147,1.6399999856948853,602,0.0,0.0
2023-08-10 15:30:00-04:00,1.6399999856948853,1.6399999856948853,1.6399999856948853,1.6399999856948853,0,0.0,0.0
2023-08-11 09:30:00-04:00,1.5700000524520874,1.6399999856948853,1.5700000524520874,1.6100000143051147,1941,0.0,0.0
2023-08-11 10:30:00-04:00,1.6399999856948853,1.6399999856948853,1.6399999856948853,1.6399999856948853,335,0.0,0.0
2023-08-11 11:30:00-04:00,1.590000033378601,1.600000023841858,1.590000033378601,1.600000023841858,946,0.0,0.0
2023-08-11 12:30:00-04:00,1.600000023841858,1.6100000143051147,1.600000023841858,1.6100000143051147,2093,0.0,0.0
2023-08-11 14:30:00-04:00,1.590000033378601,1.6100000143051147,1.590000033378601,1.6100000143051147,475,0.0,0.0
2023-08-11 15:30:00-04:00,1.6100000143051147,1.6100000143051147,1.6100000143051147,1.6100000143051147,266,0.0,0.0
2023-08-14 09:30:00-04:00,1.600000023841858,1.615399956703186,1.600000023841858,1.6100000143051147,3067,0.0,0.0
2023-08-14 10:30:00-04:00,1.600000023841858,1.6045000553131104,1.600000023841858,1.600000023841858,768,0.0,0.0
2023-08-14 11:30:00-04:00,1.5700000524520874,1.6100000143051147,1.5700000524520874,1.6100000143051147,1083,0.0,0.0
2023-08-14 12:30:00-04:00,1.6100000143051147,1.6299999952316284,1.6100000143051147,1.6299999952316284,591,0.0,0.0
2023-08-14 13:30:00-04:00,1.6399999856948853,1.6399999856948853,1.6399999856948853,1.6399999856948853,1302,0.0,0.0
2023-08-14 14:30:00-04:00,1.6200000047683716,1.649999976158142,1.5993000268936157,1.6399999856948853,4332,0.0,0.0
2023-08-14 15:30:00-04:00,1.6299999952316284,1.6399999856948853,1.6200000047683716,1.6399999856948853,0,0.0,0.0
2023-08-15 09:30:00-04:00,1.5800000429153442,1.7599999904632568,1.5800000429153442,1.690000057220459,8015,0.0,0.0
2023-08-15 10:30:00-04:00,1.6799999475479126,1.7000000476837158,1.6775000095367432,1.6799999475479126,13078,0.0,0.0
2023-08-15 11:30:00-04:00,1.6799999475479126,1.6799999475479126,1.6299999952316284,1.6299999952316284,1921,0.0,0.0
2023-08-15 12:30:00-04:00,1.6799999475479126,1.7200000286102295,1.6699999570846558,1.7200000286102295,5405,0.0,0.0
2023-08-15 13:30:00-04:00,1.649999976158142,1.7200000286102295,1.6370999813079834,1.6370999813079834,867,0.0,0.0
2023-08-15 14:30:00-04:00,1.7200000286102295,1.7200000286102295,1.7200000286102295,1.7200000286102295,160,0.0,0.0
2023-08-15 15:30:00-04:00,1.6699999570846558,1.6799999475479126,1.6299999952316284,1.6299999952316284,1449,0.0,0.0
2023-08-16 09:30:00-04:00,1.5800000429153442,1.590000033378601,1.4800000190734863,1.4833999872207642,18201,0.0,0.0
2023-08-16 10:30:00-04:00,1.5219000577926636,1.5219000577926636,1.5,1.5,0,0.0,0.0
2023-08-16 11:30:00-04:00,1.5,1.5,1.4500000476837158,1.4500000476837158,27137,0.0,0.0
2023-08-16 12:30:00-04:00,1.4900000095367432,1.4900000095367432,1.4601000547409058,1.4800000190734863,1995,0.0,0.0
2023-08-16 13:30:00-04:00,1.4700000286102295,1.5,1.4700000286102295,1.4900000095367432,5084,0.0,0.0
2023-08-16 14:30:00-04:00,1.4609999656677246,1.5,1.4609999656677246,1.5,3248,0.0,0.0
2023-08-16 15:30:00-04:00,1.4900000095367432,1.4900000095367432,1.4600000381469727,1.4600000381469727,0,0.0,0.0
2023-08-17 09:30:00-04:00,1.5,1.5,1.5,1.5,894,0.0,0.0
2023-08-17 10:30:00-04:00,1.4530999660491943,1.4530999660491943,1.4530999660491943,1.4530999660491943,202,0.0,0.0
2023-08-17 11:30:00-04:00,1.4800000190734863,1.4800000190734863,1.4600000381469727,1.4600000381469727,1849,0.0,0.0
2023-08-17 12:30:00-04:00,1.4600000381469727,1.4600000381469727,1.4600000381469727,1.4600000381469727,777,0.0,0.0
2023-08-17 13:30:00-04:00,1.4600000381469727,1.4600000381469727,1.458799958229065,1.4600000381469727,1277,0.0,0.0
2023-08-17 15:30:00-04:00,1.4800000190734863,1.4900000095367432,1.4800000190734863,1.4900000095367432,1143,0.0,0.0
2023-08-18 09:30:00-04:00,1.4900000095367432,1.4900000095367432,1.4600000381469727,1.4600000381469727,1165,0.0,0.0
2023-08-18 10:30:00-04:00,1.4500000476837158,1.4500000476837158,1.4500000476837158,1.4500000476837158,291,0.0,0.0
2023-08-18 11:30:00-04:00,1.4199999570846558,1.4824999570846558,1.4199999570846558,1.4800000190734863,2101,0.0,0.0
2023-08-18 12:30:00-04:00,1.4800000190734863,1.4900000095367432,1.4700000286102295,1.4900000095367432,1604,0.0,0.0
2023-08-18 13:30:00-04:00,1.4900000095367432,1.5199999809265137,1.4900000095367432,1.5099999904632568,3388,0.0,0.0
2023-08-18 14:30:00-04:00,1.5149999856948853,1.5149999856948853,1.4600000381469727,1.5,7524,0.0,0.0
2023-08-18 15:30:00-04:00,1.5038000345230103,1.5099999904632568,1.4199999570846558,1.4199999570846558,9593,0.0,0.0
2023-08-21 09:30:00-04:00,1.4600000381469727,1.4850000143051147,1.4600000381469727,1.4850000143051147,0,0.0,0.0
2023-08-21 10:30:00-04:00,1.399999976158142,1.399999976158142,1.399999976158142,1.399999976158142,1234,0.0,0.0
2023-08-21 12:30:00-04:00,1.4600000381469727,1.4600000381469727,1.3799999952316284,1.3819999694824219,6392,0.0,0.0
2023-08-21 13:30:00-04:00,1.4399000406265259,1.4399000406265259,1.3799999952316284,1.3837000131607056,2666,0.0,0.0
2023-08-21 14:30:00-04:00,1.3799999952316284,1.3799999952316284,1.3799999952316284,1.3799999952316284,607,0.0,0.0
2023-08-21 15:30:00-04:00,1.3899999856948853,1.409999966621399,1.3899999856948853,1.409999966621399,0,0.0,0.0
2023-08-22 09:30:00-04:00,1.4149999618530273,1.4149999618530273,1.4149999618530273,1.4149999618530273,1866,0.0,0.0
2023-08-22 10:30:00-04:00,1.4199999570846558,1.4199999570846558,1.3600000143051147,1.3600000143051147,5277,0.0,0.0
2023-08-22 13:30:00-04:00,1.399999976158142,1.399999976158142,1.350000023841858,1.350000023841858,0,0.0,0.0
2023-08-23 09:30:00-04:00,1.3530999422073364,1.3530999422073364,1.3530999422073364,1.3530999422073364,351,0.0,0.0
2023-08-23 10:30:00-04:00,1.3899999856948853,1.3899999856948853,1.350000023841858,1.350000023841858,2895,0.0,0.0
2023-08-23 14:30:00-04:00,1.3600000143051147,1.4199999570846558,1.3600000143051147,1.375,2926,0.0,0.0
2023-08-24 10:30:00-04:00,1.3700000047683716,1.3949999809265137,1.3700000047683716,1.3949999809265137,1251,0.0,0.0
2023-08-24 11:30:00-04:00,1.3700000047683716,1.3701000213623047,1.3700000047683716,1.3701000213623047,713,0.0,0.0
2023-08-24 12:30:00-04:00,1.3601000308990479,1.3899999856948853,1.309999942779541,1.350000023841858,8581,0.0,0.0
2023-08-24 14:30:00-04:00,1.350000023841858,1.350000023841858,1.350000023841858,1.350000023841858,0,0.0,0.0
2023-08-25 09:30:00-04:00,1.399999976158142,1.399999976158142,1.350000023841858,1.350000023841858,1359,0.0,0.0
2023-08-25 10:30:00-04:00,1.3205000162124634,1.3205000162124634,1.3205000162124634,1.3205000162124634,1114,0.0,0.0
2023-08-25 12:30:00-04:00,1.3916000127792358,1.3916000127792358,1.3916000127792358,1.3916000127792358,322,0.0,0.0
2023-08-25 14:30:00-04:00,1.3200000524520874,1.3550000190734863,1.3200000524520874,1.3550000190734863,417,0.0,0.0
2023-08-25 15:30:00-04:00,1.3200000524520874,1.3300000429153442,1.309999942779541,1.309999942779541,681,0.0,0.0
2023-08-28 09:30:00-04:00,1.2799999713897705,1.309999942779541,1.2200000286102295,1.2200000286102295,17561,0.0,0.0
2023-08-28 10:30:00-04:00,1.2301000356674194,1.2345999479293823,1.2301000356674194,1.2345999479293823,915,0.0,0.0
2023-08-28 12:30:00-04:00,1.2301000356674194,1.2899999618530273,1.2301000356674194,1.2899999618530273,819,0.0,0.0
2023-08-28 13:30:00-04:00,1.2599999904632568,1.2599999904632568,1.2599999904632568,1.2599999904632568,391,0.0,0.0
2023-08-28 15:30:00-04:00,1.2300000190734863,1.2300000190734863,1.2200000286102295,1.2200000286102295,0,0.0,0.0
2023-08-29 09:30:00-04:00,1.2200000286102295,1.2200000286102295,1.2200000286102295,1.2200000286102295,381,0.0,0.0
2023-08-29 10:30:00-04:00,1.2020000219345093,1.2020000219345093,1.2000000476837158,1.2000000476837158,2207,0.0,0.0
2023-08-29 11:30:00-04:00,1.2549999952316284,1.2549999952316284,1.2549999952316284,1.2549999952316284,159,0.0,0.0
2023-08-29 12:30:00-04:00,1.2599999904632568,1.2599999904632568,1.2200000286102295,1.2400000095367432,978,0.0,0.0
2023-08-29 13:30:00-04:00,1.2000000476837158,1.2000000476837158,1.2000000476837158,1.2000000476837158,858,0.0,0.0
2023-08-29 14:30:00-04:00,1.2008999586105347,1.2400000095367432,1.190000057220459,1.2400000095367432,3316,0.0,0.0
2023-08-29 15:30:00-04:00,1.25,1.25,1.25,1.25,0,0.0,0.0
2023-08-30 09:30:00-04:00,1.2000000476837158,1.2827999591827393,1.2000000476837158,1.2100000381469727,1282,0.0,0.0
2023-08-30 10:30:00-04:00,1.2000000476837158,1.2000000476837158,1.1799999475479126,1.2000000476837158,997,0.0,0.0
2023-08-30 11:30:00-04:00,1.2000000476837158,1.2000000476837158,1.2000000476837158,1.2000000476837158,364,0.0,0.0
2023-08-30 12:30:00-04:00,1.2599999904632568,1.2999999523162842,1.2599999904632568,1.2999999523162842,465,0.0,0.0
2023-08-30 15:30:00-04:00,1.2200000286102295,1.2200000286102295,1.2200000286102295,1.2200000286102295,0,0.0,0.0
2023-08-31 09:30:00-04:00,1.2100000381469727,1.2400000095367432,1.190000057220459,1.2400000095367432,8710,0.0,0.0
2023-08-31 11:30:00-04:00,1.2100000381469727,1.2200000286102295,1.2100000381469727,1.2100000381469727,1682,0.0,0.0
2023-08-31 12:30:00-04:00,1.2100000381469727,1.2100000381469727,1.2000000476837158,1.2000000476837158,743,0.0,0.0
2023-08-31 14:30:00-04:00,1.2100000381469727,1.2100000381469727,1.2000000476837158,1.2000000476837158,1700,0.0,0.0
2023-08-31 15:30:00-04:00,1.1699999570846558,1.1820000410079956,1.1699999570846558,1.1799999475479126,0,0.0,0.0
2023-09-01 09:30:00-04:00,1.2100000381469727,1.2400000095367432,1.2100000381469727,1.2400000095367432,1874,0.0,0.0
2023-09-01 11:30:00-04:00,1.2100000381469727,1.2400000095367432,1.2100000381469727,1.2300000190734863,3211,0.0,0.0
2023-09-01 12:30:00-04:00,1.2300000190734863,1.2999999523162842,1.2300000190734863,1.2999000549316406,4831,0.0,0.0
2023-09-01 14:30:00-04:00,1.2699999809265137,1.2990000247955322,1.2100000381469727,1.2599999904632568,2286,0.0,0.0
2023-09-01 15:30:00-04:00,1.2300000190734863,1.2300000190734863,1.2100000381469727,1.2101000547409058,20281,0.0,0.0
2023-09-05 09:30:00-04:00,1.2999999523162842,1.2999999523162842,1.2010999917984009,1.2010999917984009,1647,0.0,0.0
2023-09-05 10:30:00-04:00,1.2450000047683716,1.2699999809265137,1.2450000047683716,1.2699999809265137,966,0.0,0.0
2023-09-05 11:30:00-04:00,1.25,1.25,1.25,1.25,767,0.0,0.0
2023-09-05 12:30:00-04:00,1.25,1.25,1.25,1.25,447,0.0,0.0
2023-09-05 15:30:00-04:00,1.311400055885315,1.311400055885315,1.25,1.25,0,0.0,0.0
2023-09-06 09:30:00-04:00,1.2300000190734863,1.2649999856948853,1.2300000190734863,1.2649999856948853,2251,0.0,0.0
2023-09-06 13:30:00-04:00,1.2100000381469727,1.2100000381469727,1.2100000381469727,1.2100000381469727,646,0.0,0.0
2023-09-06 14:30:00-04:00,1.2799999713897705,1.2999999523162842,1.2799999713897705,1.2999999523162842,0,0.0,0.0
2023-09-07 09:30:00-04:00,1.2599999904632568,1.2599999904632568,1.232100009918213,1.2400000095367432,1344,0.0,0.0
2023-09-07 11:30:00-04:00,1.2200000286102295,1.2200000286102295,1.2200000286102295,1.2200000286102295,100,0.0,0.0
2023-09-07 12:30:00-04:00,1.225000023841858,1.225000023841858,1.2200000286102295,1.2200000286102295,2996,0.0,0.0
2023-09-07 13:30:00-04:00,1.1649999618530273,1.190000057220459,1.159999966621399,1.1799999475479126,4060,0.0,0.0
2023-09-07 14:30:00-04:00,1.1699999570846558,1.2000000476837158,1.149999976158142,1.2000000476837158,1158,0.0,0.0
2023-09-07 15:30:00-04:00,1.1799999475479126,1.1950000524520874,1.1799999475479126,1.1950000524520874,0,0.0,0.0
2023-09-08 09:30:00-04:00,1.1699999570846558,1.1699999570846558,1.1699999570846558,1.1699999570846558,602,0.0,0.0
2023-09-08 10:30:00-04:00,1.1699999570846558,1.2000000476837158,1.1699999570846558,1.2000000476837158,1475,0.0,0.0
2023-09-08 11:30:00-04:00,1.1749999523162842,1.1749999523162842,1.1749999523162842,1.1749999523162842,221,0.0,0.0
2023-09-08 14:30:00-04:00,1.1699999570846558,1.1699999570846558,1.1699999570846558,1.1699999570846558,1264,0.0,0.0
2023-09-11 09:30:00-04:00,1.159999966621399,1.1749999523162842,1.1100000143051147,1.1100000143051147,4284,0.0,0.0
2023-09-11 11:30:00-04:00,1.1799999475479126,1.1799999475479126,1.1799999475479126,1.1799999475479126,256,0.0,0.0
2023-09-11 12:30:00-04:00,1.162500023841858,1.2100000381469727,1.159999966621399,1.2100000381469727,725,0.0,0.0
2023-09-11 13:30:00-04:00,1.1200000047683716,1.1649999618530273,1.1200000047683716,1.1649999618530273,607,0.0,0.0
2023-09-11 14:30:00-04:00,1.1575000286102295,1.1575000286102295,1.149999976158142,1.149999976158142,212,0.0,0.0
2023-09-11 15:30:00-04:00,1.1984000205993652,1.1984000205993652,1.1984000205993652,1.1984000205993652,0,0.0,0.0
2023-09-12 09:30:00-04:00,1.2100000381469727,1.2100000381469727,1.1100000143051147,1.1699999570846558,10408,0.0,0.0
2023-09-12 10:30:00-04:00,1.149999976158142,1.159999966621399,1.1100000143051147,1.1349999904632568,1922,0.0,0.0
2023-09-12 11:30:00-04:00,1.1399999856948853,1.1399999856948853,1.1399999856948853,1.1399999856948853,263,0.0,0.0
2023-09-12 12:30:00-04:00,1.155400037765503,1.155400037765503,1.1100000143051147,1.1349999904632568,2498,0.0,0.0
2023-09-12 13:30:00-04:00,1.1299999952316284,1.1556999683380127,1.1200000047683716,1.1200000047683716,1714,0.0,0.0
2023-09-12 14:30:00-04:00,1.1399999856948853,1.1399999856948853,1.1200000047683716,1.1299999952316284,2658,0.0,0.0
2023-09-12 15:30:00-04:00,1.149999976158142,1.149999976158142,1.1200000047683716,1.1200000047683716,984,0.0,0.0
2023-09-13 09:30:00-04:00,1.2100000381469727,1.2100000381469727,1.2099000215530396,1.2099000215530396,1174,0.0,0.0
2023-09-13 10:30:00-04:00,1.2100000381469727,1.2100000381469727,1.2000000476837158,1.2100000381469727,1570,0.0,0.0
2023-09-13 11:30:00-04:00,1.1549999713897705,1.1549999713897705,1.1101000308990479,1.1302000284194946,4053,0.0,0.0
2023-09-13 12:30:00-04:00,1.1389000415802002,1.1842999458312988,1.1389000415802002,1.1842999458312988,277,0.0,0.0
2023-09-13 14:30:00-04:00,1.1799999475479126,1.1892000436782837,1.1299999952316284,1.1799999475479126,3160,0.0,0.0
2023-09-14 09:30:00-04:00,1.2100000381469727,1.2200000286102295,1.1299999952316284,1.1749999523162842,4246,0.0,0.0
2023-09-14 10:30:00-04:00,1.190000057220459,1.190000057220459,1.190000057220459,1.190000057220459,168,0.0,0.0
2023-09-14 13:30:00-04:00,1.190000057220459,1.1990000009536743,1.13919997215271,1.13919997215271,3824,0.0,0.0
2023-09-14 14:30:00-04:00,1.159000039100647,1.159000039100647,1.159000039100647,1.159000039100647,129,0.0,0.0
2023-09-15 09:30:00-04:00,1.1699999570846558,1.1699999570846558,1.1699999570846558,1.1699999570846558,712,0.0,0.0
2023-09-15 11:30:00-04:00,1.149999976158142,1.149999976158142,1.1100000143051147,1.1299999952316284,2815,0.0,0.0
2023-09-15 12:30:00-04:00,1.1100000143051147,1.149999976158142,1.100000023841858,1.149999976158142,6454,0.0,0.0
2023-09-15 13:30:00-04:00,1.159999966621399,1.159999966621399,1.149999976158142,1.149999976158142,289,0.0,0.0
2023-09-15 14:30:00-04:00,1.1200000047683716,1.1200000047683716,1.100000023841858,1.100000023841858,2520,0.0,0.0
2023-09-15 15:30:00-04:00,1.125,1.1699999570846558,1.125,1.159999966621399,1716,0.0,0.0
2023-09-18 09:30:00-04:00,1.1799999475479126,1.1800999641418457,1.1799999475479126,1.1799999475479126,3405,0.0,0.0
2023-09-18 10:30:00-04:00,1.1097999811172485,1.1097999811172485,1.1097999811172485,1.1097999811172485,545,0.0,0.0
2023-09-18 12:30:00-04:00,1.100000023841858,1.100000023841858,1.100000023841858,1.100000023841858,340,0.0,0.0
2023-09-18 13:30:00-04:00,1.1100000143051147,1.1200000047683716,1.1100000143051147,1.1200000047683716,1215,0.0,0.0
2023-09-18 14:30:00-04:00,1.100000023841858,1.1299999952316284,1.100000023841858,1.1299999952316284,1137,0.0,0.0
2023-09-18 15:30:00-04:00,1.1399999856948853,1.1399999856948853,1.1200000047683716,1.1299999952316284,1492,0.0,0.0
2023-09-19 09:30:00-04:00,1.1301000118255615,1.1749999523162842,1.1299999952316284,1.1627000570297241,1811,0.0,0.0
2023-09-19 10:30:00-04:00,1.100100040435791,1.1349999904632568,1.100100040435791,1.1349999904632568,904,0.0,0.0
2023-09-19 14:30:00-04:00,1.1399999856948853,1.1399999856948853,1.1399999856948853,1.1399999856948853,186,0.0,0.0
2023-09-19 15:30:00-04:00,1.1449999809265137,1.1449999809265137,1.1299999952316284,1.1299999952316284,953,0.0,0.0
2023-09-20 10:30:00-04:00,1.1699999570846558,1.1699999570846558,1.1699999570846558,1.1699999570846558,2232,0.0,0.0
2023-09-20 11:30:00-04:00,1.159999966621399,1.159999966621399,1.1100000143051147,1.1399999856948853,426,0.0,0.0
2023-09-20 12:30:00-04:00,1.1399999856948853,1.1399999856948853,1.1399999856948853,1.1399999856948853,200,0.0,0.0
2023-09-20 13:30:00-04:00,1.1399999856948853,1.1399999856948853,1.1399999856948853,1.1399999856948853,100,0.0,0.0
2023-09-20 14:30:00-04:00,1.1399999856948853,1.1399999856948853,1.1399999856948853,1.1399999856948853,200,0.0,0.0
2023-09-20 15:30:00-04:00,1.1399999856948853,1.2000000476837158,1.1399999856948853,1.190000057220459,0,0.0,0.0
2023-09-21 09:30:00-04:00,1.1299999952316284,1.159999966621399,1.1299999952316284,1.159999966621399,819,0.0,0.0
2023-09-21 10:30:00-04:00,1.1270999908447266,1.1270999908447266,1.1270999908447266,1.1270999908447266,269,0.0,0.0
2023-09-21 12:30:00-04:00,1.1100000143051147,1.1101000308990479,1.100000023841858,1.1100000143051147,2017,0.0,0.0
2023-09-21 13:30:00-04:00,1.1200000047683716,1.1299999952316284,1.1200000047683716,1.1299999952316284,1098,0.0,0.0
2023-09-21 15:30:00-04:00,1.100000023841858,1.100000023841858,1.100000023841858,1.100000023841858,251,0.0,0.0
2023-09-22 09:30:00-04:00,1.100000023841858,1.1299999952316284,1.100000023841858,1.1299999952316284,2417,0.0,0.0
2023-09-22 10:30:00-04:00,1.1299999952316284,1.1299999952316284,1.1299999952316284,1.1299999952316284,2205,0.0,0.0
2023-09-22 11:30:00-04:00,1.0800000429153442,1.1200000047683716,1.070099949836731,1.1200000047683716,1357,0.0,0.0
2023-09-25 09:30:00-04:00,1.1200000047683716,1.1200000047683716,1.1200000047683716,1.1200000047683716,786,0.0,0.0
2023-09-25 11:30:00-04:00,1.100000023841858,1.1198999881744385,1.100000023841858,1.1198999881744385,584,0.0,0.0
2023-09-25 14:30:00-04:00,1.1080000400543213,1.1200000047683716,1.107300043106079,1.1200000047683716,2494,0.0,0.0
2023-09-25 15:30:00-04:00,1.1200000047683716,1.1200000047683716,1.0800000429153442,1.0800000429153442,0,0.0,0.0
2023-09-26 09:30:00-04:00,1.100000023841858,1.100000023841858,1.100000023841858,1.100000023841858,410,0.0,0.0
2023-09-26 11:30:00-04:00,1.100000023841858,1.100000023841858,1.065000057220459,1.065000057220459,1333,0.0,0.0
2023-09-26 12:30:00-04:00,1.0700000524520874,1.0700000524520874,1.068600058555603,1.0700000524520874,1513,0.0,0.0
2023-09-26 13:30:00-04:00,1.0700000524520874,1.0700000524520874,1.0700000524520874,1.0700000524520874,124,0.0,0.0
2023-09-26 14:30:00-04:00,1.0688999891281128,1.0700000524520874,1.0686999559402466,1.0686999559402466,532,0.0,0.0
2023-09-26 15:30:00-04:00,1.0700000524520874,1.0700000524520874,1.0700000524520874,1.0700000524520874,0,0.0,0.0
2023-09-27 09:30:00-04:00,1.1201000213623047,1.1201000213623047,1.1200000047683716,1.1200000047683716,1847,0.0,0.0
2023-09-27 11:30:00-04:00,1.090000033378601,1.090000033378601,1.059999942779541,1.059999942779541,525,0.0,0.0
2023-09-27 12:30:00-04:00,1.100000023841858,1.1200000047683716,1.100000023841858,1.1200000047683716,386,0.0,0.0
2023-09-27 13:30:00-04:00,1.1200000047683716,1.1201000213623047,1.1200000047683716,1.1201000213623047,2303,0.0,0.0
2023-09-27 14:30:00-04:00,1.1399999856948853,1.1399999856948853,1.0600999593734741,1.0600999593734741,3076,0.0,0.0
2023-09-27 15:30:00-04:00,1.1299999952316284,1.1299999952316284,1.1200000047683716,1.1200000047683716,434,0.0,0.0
2023-09-28 09:30:00-04:00,1.1399999856948853,1.1399999856948853,1.100000023841858,1.100000023841858,0,0.0,0.0
2023-09-28 12:30:00-04:00,1.1200000047683716,1.1299999952316284,1.1100000143051147,1.1100000143051147,1701,0.0,0.0
2023-09-28 13:30:00-04:00,1.1299999952316284,1.1399999856948853,1.1100000143051147,1.1399999856948853,1179,0.0,0.0
2023-09-28 15:30:00-04:00,1.1399999856948853,1.1399999856948853,1.1299999952316284,1.1399999856948853,0,0.0,0.0
2023-09-29 09:30:00-04:00,1.149999976158142,1.159999966621399,1.149999976158142,1.159999966621399,868,0.0,0.0
2023-09-29 10:30:00-04:00,1.159999966621399,1.159999966621399,1.149999976158142,1.149999976158142,407,0.0,0.0
2023-09-29 11:30:00-04:00,1.169800043106079,1.169800043106079,1.169800043106079,1.169800043106079,818,0.0,0.0
2023-09-29 12:30:00-04:00,1.1598999500274658,1.1598999500274658,1.1598999500274658,1.1598999500274658,348,0.0,0.0
2023-09-29 13:30:00-04:00,1.1435999870300293,1.1435999870300293,1.1399999856948853,1.1399999856948853,914,0.0,0.0
2023-10-02 10:30:00-04:00,1.159999966621399,1.1699999570846558,1.159999966621399,1.1699999570846558,738,0.0,0.0
2023-10-02 11:30:00-04:00,1.1799999475479126,1.2300000190734863,1.1799999475479126,1.2200000286102295,3095,0.0,0.0
2023-10-02 12:30:00-04:00,1.2300000190734863,1.2300000190734863,1.2300000190734863,1.2300000190734863,278,0.0,0.0
2023-10-02 14:30:00-04:00,1.2400000095367432,1.2400000095367432,1.2400000095367432,1.2400000095367432,347,0.0,0.0
2023-10-02 15:30:00-04:00,1.2649999856948853,1.2649999856948853,1.2649999856948853,1.2649999856948853,415,0.0,0.0
2023-10-03 09:30:00-04:00,1.2899999618530273,1.350000023841858,1.2899999618530273,1.2899999618530273,4147,0.0,0.0
2023-10-03 11:30:00-04:00,1.3799999952316284,1.3799999952316284,1.305999994277954,1.3698999881744385,1343,0.0,0.0
2023-10-03 12:30:00-04:00,1.340000033378601,1.340000033378601,1.340000033378601,1.340000033378601,200,0.0,0.0
2023-10-03 13:30:00-04:00,1.3700000047683716,1.3700000047683716,1.3680000305175781,1.3700000047683716,780,0.0,0.0
2023-10-03 14:30:00-04:00,1.3301000595092773,1.3700000047683716,1.3301000595092773,1.3700000047683716,434,0.0,0.0
2023-10-03 15:30:00-04:00,1.350000023841858,1.3799999952316284,1.350000023841858,1.3799999952316284,0,0.0,0.0
2023-10-04 09:30:00-04:00,1.3799999952316284,1.3799999952316284,1.3799999952316284,1.3799999952316284,406,0.0,0.0
2023-10-04 13:30:00-04:00,1.3401000499725342,1.3450000286102295,1.3401000499725342,1.3450000286102295,1350,0.0,0.0
2023-10-04 14:30:00-04:00,1.3899999856948853,1.3899999856948853,1.3899999856948853,1.3899999856948853,0,0.0,0.0
2023-10-05 09:30:00-04:00,1.4199999570846558,1.4199999570846558,1.3899999856948853,1.3899999856948853,830,0.0,0.0
2023-10-05 10:30:00-04:00,1.350000023841858,1.350000023841858,1.350000023841858,1.350000023841858,361,0.0,0.0
2023-10-05 12:30:00-04:00,1.3450000286102295,1.3450000286102295,1.3450000286102295,1.3450000286102295,1117,0.0,0.0
2023-10-05 14:30:00-04:00,1.3899999856948853,1.399999976158142,1.3899999856948853,1.399999976158142,512,0.0,0.0
2023-10-05 15:30:00-04:00,1.409999966621399,1.409999966621399,1.409999966621399,1.409999966621399,3690,0.0,0.0
2023-10-06 09:30:00-04:00,1.3700000047683716,1.3799999952316284,1.3200000524520874,1.3799999952316284,1773,0.0,0.0
2023-10-06 10:30:00-04:00,1.3300000429153442,1.3300000429153442,1.3200000524520874,1.3200000524520874,600,0.0,0.0
2023-10-06 11:30:00-04:00,1.320099949836731,1.320099949836731,1.320099949836731,1.320099949836731,715,0.0,0.0
2023-10-06 12:30:00-04:00,1.350000023841858,1.3600000143051147,1.350000023841858,1.3600000143051147,562,0.0,0.0
2023-10-06 14:30:00-04:00,1.3499000072479248,1.3499000072479248,1.3499000072479248,1.3499000072479248,313,0.0,0.0
2023-10-06 15:30:00-04:00,1.3650000095367432,1.3650000095367432,1.3650000095367432,1.3650000095367432,100,0.0,0.0
2023-10-09 09:30:00-04:00,1.3300000429153442,1.3300000429153442,1.3300000429153442,1.3300000429153442,385,0.0,0.0
2023-10-09 12:30:00-04:00,1.3700000047683716,1.3700000047683716,1.3700000047683716,1.3700000047683716,0,0.0,0.0
2023-10-10 09:30:00-04:00,1.3300000429153442,1.3312000036239624,1.3270000219345093,1.3300000429153442,1868,0.0,0.0
2023-10-10 10:30:00-04:00,1.3467999696731567,1.3467999696731567,1.3467999696731567,1.3467999696731567,555,0.0,0.0
2023-10-10 13:30:00-04:00,1.3700000047683716,1.3700000047683716,1.3700000047683716,1.3700000047683716,0,0.0,0.0
2023-10-11 09:30:00-04:00,1.3200000524520874,1.3431999683380127,1.3200000524520874,1.3431999683380127,659,0.0,0.0
2023-10-11 10:30:00-04:00,1.3799999952316284,1.3799999952316284,1.3799999952316284,1.3799999952316284,994,0.0,0.0
2023-10-11 12:30:00-04:00,1.3883999586105347,1.3883999586105347,1.3883999586105347,1.3883999586105347,238,0.0,0.0
2023-10-11 13:30:00-04:00,1.3899999856948853,1.399999976158142,1.3899999856948853,1.399999976158142,870,0.0,0.0
2023-10-11 14:30:00-04:00,1.399999976158142,1.399999976158142,1.3899999856948853,1.3899999856948853,0,0.0,0.0
2023-10-12 09:30:00-04:00,1.309999942779541,1.309999942779541,1.309999942779541,1.309999942779541,3981,0.0,0.0
2023-10-12 10:30:00-04:00,1.3700000047683716,1.3700000047683716,1.3700000047683716,1.3700000047683716,345,0.0,0.0
2023-10-12 11:30:00-04:00,1.2999999523162842,1.313599944114685,1.2999999523162842,1.313599944114685,367,0.0,0.0
2023-10-12 13:30:00-04:00,1.2999999523162842,1.350000023841858,1.2999999523162842,1.350000023841858,627,0.0,0.0
2023-10-12 14:30:00-04:00,1.2999000549316406,1.4299999475479126,1.2999000549316406,1.399999976158142,7662,0.0,0.0
2023-10-12 15:30:00-04:00,1.3739999532699585,1.3799999952316284,1.340000033378601,1.3799999952316284,0,0.0,0.0
2023-10-13 09:30:00-04:00,1.4299999475479126,1.4299999475479126,1.3701000213623047,1.3701000213623047,1018,0.0,0.0
2023-10-13 10:30:00-04:00,1.3799999952316284,1.3799999952316284,1.3700000047683716,1.3700000047683716,351,0.0,0.0
2023-10-13 11:30:00-04:00,1.3700000047683716,1.371399998664856,1.3700000047683716,1.3700000047683716,1377,0.0,0.0
2023-10-13 12:30:00-04:00,1.3700000047683716,1.3899999856948853,1.36899995803833,1.3899999856948853,746,0.0,0.0
2023-10-13 15:30:00-04:00,1.399999976158142,1.399999976158142,1.399999976158142,1.399999976158142,510,0.0,0.0
2023-10-16 09:30:00-04:00,1.309999942779541,1.399999976158142,1.309999942779541,1.3897000551223755,3952,0.0,0.0
2023-10-16 11:30:00-04:00,1.350000023841858,1.3650000095367432,1.340000033378601,1.340000033378601,3655,0.0,0.0
2023-10-16 12:30:00-04:00,1.3450000286102295,1.3450000286102295,1.3450000286102295,1.3450000286102295,2229,0.0,0.0
2023-10-16 13:30:00-04:00,1.3200000524520874,1.3200000524520874,1.2599999904632568,1.2599999904632568,2011,0.0,0.0
2023-10-17 09:30:00-04:00,1.4500000476837158,1.4500000476837158,1.3250000476837158,1.3250000476837158,0,0.0,0.0
2023-10-17 10:30:00-04:00,1.350000023841858,1.350000023841858,1.350000023841858,1.350000023841858,239,0.0,0.0
2023-10-17 11:30:00-04:00,1.3700000047683716,1.3700000047683716,1.36899995803833,1.3698999881744385,4683,0.0,0.0
2023-10-17 13:30:00-04:00,1.340000033378601,1.340000033378601,1.340000033378601,1.340000033378601,848,0.0,0.0
2023-10-17 15:30:00-04:00,1.350000023841858,1.350000023841858,1.340000033378601,1.340000033378601,1549,0.0,0.0
2023-10-18 09:30:00-04:00,1.3200000524520874,1.3200000524520874,1.3200000524520874,1.3200000524520874,455,0.0,0.0
2023-10-18 12:30:00-04:00,1.2899999618530273,1.309999942779541,1.2899999618530273,1.309999942779541,0,0.0,0.0
2023-10-19 09:30:00-04:00,1.3899999856948853,1.399999976158142,1.350000023841858,1.350000023841858,1354,0.0,0.0
2023-10-19 10:30:00-04:00,1.2999999523162842,1.2999999523162842,1.2999999523162842,1.2999999523162842,179,0.0,0.0
2023-10-19 12:30:00-04:00,1.2899999618530273,1.337399959564209,1.25,1.2799999713897705,7011,0.0,0.0
2023-10-19 13:30:00-04:00,1.2699999809265137,1.3300000429153442,1.2699999809265137,1.3300000429153442,720,0.0,0.0
2023-10-19 14:30:00-04:00,1.2400000095367432,1.2699999809265137,1.2299000024795532,1.2299000024795532,2355,0.0,0.0
2023-10-20 09:30:00-04:00,1.2400000095367432,1.2400000095367432,1.2400000095367432,1.2400000095367432,1406,0.0,0.0
2023-10-20 11:30:00-04:00,1.2325999736785889,1.2325999736785889,1.2000000476837158,1.2200000286102295,1265,0.0,0.0
2023-10-20 12:30:00-04:00,1.2799999713897705,1.2799999713897705,1.2450000047683716,1.2450000047683716,860,0.0,0.0
2023-10-20 13:30:00-04:00,1.2727999687194824,1.2727999687194824,1.2727999687194824,1.2727999687194824,257,0.0,0.0
2023-10-23 09:30:00-04:00,1.340000033378601,1.3581000566482544,1.2100000381469727,1.3581000566482544,3931,0.0,0.0
2023-10-23 10:30:00-04:00,1.329800009727478,1.3299000263214111,1.329800009727478,1.3299000263214111,598,0.0,0.0
2023-10-23 11:30:00-04:00,1.340000033378601,1.3939000368118286,1.3087999820709229,1.3087999820709229,7256,0.0,0.0
2023-10-23 12:30:00-04:00,1.3799999952316284,1.3799999952316284,1.3799999952316284,1.3799999952316284,316,0.0,0.0
2023-10-23 14:30:00-04:00,1.309999942779541,1.374500036239624,1.309999942779541,1.374500036239624,583,0.0,0.0
2023-10-23 15:30:00-04:00,1.3700000047683716,1.3700000047683716,1.3700000047683716,1.3700000047683716,0,0.0,0.0
2023-10-24 09:30:00-04:00,1.4199999570846558,1.4299999475479126,1.399999976158142,1.4294999837875366,4309,0.0,0.0
2023-10-24 10:30:00-04:00,1.440000057220459,1.4500000476837158,1.4299999475479126,1.4299999475479126,2292,0.0,0.0
2023-10-24 11:30:00-04:00,1.4500000476837158,1.4500000476837158,1.4500000476837158,1.4500000476837158,609,0.0,0.0
2023-10-24 12:30:00-04:00,1.4300999641418457,1.440000057220459,1.4199999570846558,1.4199999570846558,3999,0.0,0.0
2023-10-24 13:30:00-04:00,1.4299999475479126,1.4299999475479126,1.350000023841858,1.350000023841858,5518,0.0,0.0
2023-10-24 14:30:00-04:00,1.337399959564209,1.350000023841858,1.3320000171661377,1.350000023841858,1772,0.0,0.0
2023-10-25 09:30:00-04:00,1.399999976158142,1.4299999475479126,1.340000033378601,1.340000033378601,0,0.0,0.0
2023-10-25 10:30:00-04:00,1.339900016784668,1.340000033378601,1.339900016784668,1.340000033378601,1312,0.0,0.0
2023-10-25 11:30:00-04:00,1.2950999736785889,1.3200000524520874,1.2799999713897705,1.2999999523162842,1590,0.0,0.0
2023-10-25 12:30:00-04:00,1.3079999685287476,1.3200000524520874,1.190000057220459,1.3200000524520874,2237,0.0,0.0
2023-10-25 13:30:00-04:00,1.2200000286102295,1.3200000524520874,1.2200000286102295,1.3200000524520874,1600,0.0,0.0
2023-10-25 15:30:00-04:00,1.309999942779541,1.3899999856948853,1.2400000095367432,1.3799999952316284,3358,0.0,0.0
2023-10-26 09:30:00-04:00,1.4500000476837158,1.4500000476837158,1.2400000095367432,1.340000033378601,4409,0.0,0.0
2023-10-26 12:30:00-04:00,1.284999966621399,1.284999966621399,1.284999966621399,1.284999966621399,510,0.0,0.0
2023-10-26 14:30:00-04:00,1.2699999809265137,1.2699999809265137,1.2699999809265137,1.2699999809265137,149,0.0,0.0
2023-10-26 15:30:00-04:00,1.2699999809265137,1.2699999809265137,1.2699999809265137,1.2699999809265137,0,0.0,0.0
2023-10-27 09:30:00-04:00,1.3200000524520874,1.3200000524520874,1.2400000095367432,1.267300009727478,1244,0.0,0.0
2023-10-27 10:30:00-04:00,1.2699999809265137,1.2699999809265137,1.2699999809265137,1.2699999809265137,418,0.0,0.0
2023-10-27 11:30:00-04:00,1.2000000476837158,1.2599999904632568,1.149999976158142,1.2598999738693237,3108,0.0,0.0
2023-10-27 12:30:00-04:00,1.2000000476837158,1.25,1.190000057220459,1.25,9081,0.0,0.0
2023-10-30 09:30:00-04:00,1.2799999713897705,1.398800015449524,1.1500999927520752,1.3700000047683716,4723,0.0,0.0
2023-10-30 10:30:00-04:00,1.2549999952316284,1.2549999952316284,1.2549999952316284,1.2549999952316284,284,0.0,0.0
2023-10-30 11:30:00-04:00,1.25,1.2599999904632568,1.2200000286102295,1.2200000286102295,2789,0.0,0.0
2023-10-30 12:30:00-04:00,1.274999976158142,1.2799999713897705,1.2699999809265137,1.2699999809265137,661,0.0,0.0
2023-10-30 14:30:00-04:00,1.2000000476837158,1.2100000381469727,1.149999976158142,1.149999976158142,4451,0.0,0.0
2023-10-30 15:30:00-04:00,1.25,1.2699999809265137,1.2300000190734863,1.2699999809265137,0,0.0,0.0
2023-10-31 09:30:00-04:00,1.2300000190734863,1.2300000190734863,1.2300000190734863,1.2300000190734863,316,0.0,0.0
2023-10-31 10:30:00-04:00,1.2200000286102295,1.2200000286102295,1.2200000286102295,1.2200000286102295,180,0.0,0.0
2023-10-31 11:30:00-04:00,1.2000000476837158,1.2000000476837158,1.2000000476837158,1.2000000476837158,427,0.0,0.0
2023-10-31 15:30:00-04:00,1.1699999570846558,1.1699999570846558,1.1699999570846558,1.1699999570846558,0,0.0,0.0
2023-11-01 09:30:00-04:00,1.1519999504089355,1.1699999570846558,1.149999976158142,1.149999976158142,1843,0.0,0.0
2023-11-01 10:30:00-04:00,1.149999976158142,1.149999976158142,1.149999976158142,1.149999976158142,913,0.0,0.0
2023-11-01 11:30:00-04:00,1.149999976158142,1.149999976158142,1.1100000143051147,1.1100000143051147,1850,0.0,0.0
2023-11-01 12:30:00-04:00,1.1299999952316284,1.1699999570846558,1.1299999952316284,1.1399999856948853,1753,0.0,0.0
2023-11-01 13:30:00-04:00,1.190000057220459,1.2000000476837158,1.1100000143051147,1.1200000047683716,600,0.0,0.0
2023-11-01 14:30:00-04:00,1.1399999856948853,1.1399999856948853,1.1399999856948853,1.1399999856948853,364,0.0,0.0
2023-11-01 15:30:00-04:00,1.1699999570846558,1.2100000381469727,1.1200000047683716,1.2100000381469727,0,0.0,0.0
2023-11-02 09:30:00-04:00,1.1299999952316284,1.1799999475479126,1.1299999952316284,1.1799999475479126,1300,0.0,0.0
2023-11-02 11:30:00-04:00,1.2100000381469727,1.440000057220459,1.2100000381469727,1.440000057220459,13545,0.0,0.0
2023-11-02 12:30:00-04:00,1.399999976158142,1.399999976158142,1.2894999980926514,1.3179999589920044,1342,0.0,0.0
2023-11-02 13:30:00-04:00,1.3200000524520874,1.3200000524520874,1.3200000524520874,1.3200000524520874,949,0.0,0.0
2023-11-02 14:30:00-04:00,1.3200000524520874,1.3200000524520874,1.2899999618530273,1.2899999618530273,327,0.0,0.0
2023-11-02 15:30:00-04:00,1.2999999523162842,1.309999942779541,1.2999999523162842,1.309999942779541,0,0.0,0.0
2023-11-03 09:30:00-04:00,1.2799999713897705,1.2799999713897705,1.2799999713897705,1.2799999713897705,3521,0.0,0.0
2023-11-03 15:30:00-04:00,1.3049999475479126,1.309999942779541,1.3049999475479126,1.309999942779541,482,0.0,0.0
2023-11-06 09:30:00-05:00,1.2799999713897705,1.409999966621399,1.2699999809265137,1.2699999809265137,0,0.0,0.0
2023-11-06 10:30:00-05:00,1.337399959564209,1.340000033378601,1.337399959564209,1.340000033378601,1001,0.0,0.0
2023-11-07 09:30:00-05:00,1.3700000047683716,1.3700000047683716,1.3700000047683716,1.3700000047683716,217,0.0,0.0
2023-11-07 10:30:00-05:00,1.3700000047683716,1.3700000047683716,1.3700000047683716,1.3700000047683716,254,0.0,0.0
2023-11-07 12:30:00-05:00,1.350000023841858,1.350000023841858,1.350000023841858,1.350000023841858,3357,0.0,0.0
2023-11-07 14:30:00-05:00,1.350000023841858,1.3519999980926514,1.350000023841858,1.3509999513626099,1312,0.0,0.0
2023-11-07 15:30:00-05:00,1.3600000143051147,1.3600000143051147,1.3600000143051147,1.3600000143051147,0,0.0,0.0
2023-11-08 09:30:00-05:00,1.340000033378601,1.367400050163269,1.3200000524520874,1.3350000381469727,2131,0.0,0.0
2023-11-08 11:30:00-05:00,1.3799999952316284,1.3799999952316284,1.3799999952316284,1.3799999952316284,730,0.0,0.0
2023-11-08 12:30:00-05:00,1.2999999523162842,1.2999999523162842,1.2999999523162842,1.2999999523162842,288,0.0,0.0
2023-11-08 14:30:00-05:00,1.309999942779541,1.309999942779541,1.3003000020980835,1.3003000020980835,0,0.0,0.0
2023-11-09 09:30:00-05:00,1.309499979019165,1.309499979019165,1.309499979019165,1.309499979019165,368,0.0,0.0
2023-11-09 13:30:00-05:00,1.309999942779541,1.3700000047683716,1.309999942779541,1.3700000047683716,624,0.0,0.0
2023-11-09 15:30:00-05:00,1.2999999523162842,1.2999999523162842,1.2999999523162842,1.2999999523162842,0,0.0,0.0
2023-11-10 09:30:00-05:00,1.3899999856948853,1.3899999856948853,1.3798999786376953,1.3798999786376953,1284,0.0,0.0
2023-11-10 10:30:00-05:00,1.3799999952316284,1.3799999952316284,1.3799999952316284,1.3799999952316284,165,0.0,0.0
2023-11-13 09:30:00-05:00,1.309999942779541,1.309999942779541,1.309999942779541,1.309999942779541,496,0.0,0.0
2023-11-13 11:30:00-05:00,1.2000000476837158,1.340000033378601,1.2000000476837158,1.340000033378601,4293,0.0,0.0
2023-11-13 13:30:00-05:00,1.350100040435791,1.3700000047683716,1.350000023841858,1.350000023841858,1118,0.0,0.0
2023-11-13 14:30:00-05:00,1.350000023841858,1.350000023841858,1.2699999809265137,1.2699999809265137,3093,0.0,0.0
2023-11-13 15:30:00-05:00,1.2899999618530273,1.2899999618530273,1.1799999475479126,1.1799999475479126,0,0.0,0.0
2023-11-14 11:30:00-05:00,1.25,1.2799999713897705,1.25,1.2799999713897705,768,0.0,0.0
2023-11-14 12:30:00-05:00,1.2799999713897705,1.2799999713897705,1.2799999713897705,1.2799999713897705,113,0.0,0.0
2023-11-14 13:30:00-05:00,1.2649999856948853,1.2649999856948853,1.2649999856948853,1.2649999856948853,183,0.0,0.0
2023-11-14 14:30:00-05:00,1.2799999713897705,1.2799999713897705,1.2798999547958374,1.2798999547958374,241,0.0,0.0
2023-11-15 09:30:00-05:00,1.350000023841858,1.350000023841858,1.2899999618530273,1.2899999618530273,773,0.0,0.0
2023-11-15 10:30:00-05:00,1.309999942779541,1.409999966621399,1.2899999618530273,1.409999966621399,8956,0.0,0.0
2023-11-15 11:30:00-05:00,1.3552000522613525,1.4900000095367432,1.2799999713897705,1.4199999570846558,28797,0.0,0.0
2023-11-15 12:30:00-05:00,1.2999999523162842,1.4299999475479126,1.2999999523162842,1.4299999475479126,1201,0.0,0.0
2023-11-15 13:30:00-05:00,1.4040000438690186,1.407099962234497,1.2799999713897705,1.2799999713897705,390,0.0,0.0
2023-11-15 14:30:00-05:00,1.4049999713897705,1.4049999713897705,1.4049999713897705,1.4049999713897705,850,0.0,0.0
2023-11-15 15:30:00-05:00,1.309999942779541,1.3600000143051147,1.2899999618530273,1.309999942779541,4016,0.0,0.0
2023-11-16 09:30:00-05:00,1.2699999809265137,1.2699999809265137,1.2699999809265137,1.2699999809265137,770,0.0,0.0
2023-11-16 10:30:00-05:00,1.1868000030517578,1.1868000030517578,1.1868000030517578,1.1868000030517578,615,0.0,0.0
2023-11-16 11:30:00-05:00,1.2699999809265137,1.2699999809265137,1.2699999809265137,1.2699999809265137,225,0.0,0.0
2023-11-16 12:30:00-05:00,1.3705999851226807,1.3705999851226807,1.3705999851226807,1.3705999851226807,146,0.0,0.0
2023-11-16 13:30:00-05:00,1.3200000524520874,1.3200000524520874,1.3200000524520874,1.3200000524520874,542,0.0,0.0
2023-11-16 15:30:00-05:00,1.2899999618530273,1.2899999618530273,1.2899999618530273,1.2899999618530273,0,0.0,0.0
2023-11-17 09:30:00-05:00,1.2999999523162842,1.3085999488830566,1.2999999523162842,1.3085999488830566,568,0.0,0.0
2023-11-17 11:30:00-05:00,1.2979999780654907,1.2979999780654907,1.2979999780654907,1.2979999780654907,413,0.0,0.0
2023-11-20 09:30:00-05:00,1.340000033378601,1.340000033378601,1.340000033378601,1.340000033378601,161,0.0,0.0
2023-11-21 09:30:00-05:00,1.2899999618530273,1.2899999618530273,1.2899999618530273,1.2899999618530273,375,0.0,0.0
2023-11-21 11:30:00-05:00,1.3300000429153442,1.3300000429153442,1.3300000429153442,1.3300000429153442,0,0.0,0.0
2023-11-22 09:30:00-05:00,1.2900999784469604,1.309999942779541,1.25,1.309999942779541,1741,0.0,0.0
2023-11-22 10:30:00-05:00,1.2400000095367432,1.2400000095367432,1.2400000095367432,1.2400000095367432,951,0.0,0.0
2023-11-22 11:30:00-05:00,1.2999999523162842,1.2999999523162842,1.2401000261306763,1.2401000261306763,2109,0.0,0.0
2023-11-22 15:30:00-05:00,1.3700000047683716,1.3700000047683716,1.3700000047683716,1.3700000047683716,252,0.0,0.0
2023-11-24 09:30:00-05:00,1.190000057220459,1.190000057220459,1.190000057220459,1.190000057220459,0,0.0,0.0
2023-11-24 10:30:00-05:00,1.1900999546051025,1.1900999546051025,1.1900999546051025,1.1900999546051025,223,0.0,0.0
2023-11-24 11:30:00-05:00,1.2799999713897705,1.2799999713897705,1.2799999713897705,1.2799999713897705,852,0.0,0.0
2023-11-27 09:30:00-05:00,1.2200000286102295,1.2200000286102295,1.2200000286102295,1.2200000286102295,0,0.0,0.0
2023-11-27 11:30:00-05:00,1.3049999475479126,1.3049999475479126,1.3049999475479126,1.3049999475479126,413,0.0,0.0
2023-11-27 13:30:00-05:00,1.3350000381469727,1.350000023841858,1.3350000381469727,1.350000023841858,385,0.0,0.0
2023-11-27 14:30:00-05:00,1.3798999786376953,1.3799999952316284,1.340000033378601,1.340000033378601,0,0.0,0.0
2023-11-28 09:30:00-05:00,1.2400000095367432,1.2624000310897827,1.2400000095367432,1.2624000310897827,2185,0.0,0.0
2023-11-28 10:30:00-05:00,1.340000033378601,1.340000033378601,1.339900016784668,1.339900016784668,1827,0.0,0.0
2023-11-28 11:30:00-05:00,1.350000023841858,1.350000023841858,1.2610000371932983,1.2799999713897705,1264,0.0,0.0
2023-11-28 12:30:00-05:00,1.3650000095367432,1.3799999952316284,1.3600000143051147,1.3799999952316284,1323,0.0,0.0
2023-11-28 13:30:00-05:00,1.350000023841858,1.350000023841858,1.350000023841858,1.350000023841858,708,0.0,0.0
2023-11-28 14:30:00-05:00,1.350000023841858,1.350000023841858,1.350000023841858,1.350000023841858,198,0.0,0.0
2023-11-28 15:30:00-05:00,1.3700000047683716,1.3700000047683716,1.3700000047683716,1.3700000047683716,0,0.0,0.0
2023-11-29 09:30:00-05:00,1.3880000114440918,1.3880000114440918,1.3200000524520874,1.3200000524520874,3457,0.0,0.0
2023-11-29 10:30:00-05:00,1.3269000053405762,1.3269000053405762,1.3269000053405762,1.3269000053405762,256,0.0,0.0
2023-11-29 12:30:00-05:00,1.3200000524520874,1.3200000524520874,1.3200000524520874,1.3200000524520874,328,0.0,0.0
2023-11-30 09:30:00-05:00,1.2400000095367432,1.2899999618530273,1.2400000095367432,1.2899999618530273,1332,0.0,0.0
2023-11-30 14:30:00-05:00,1.2899999618530273,1.2900999784469604,1.25,1.25,3100,0.0,0.0
2023-11-30 15:30:00-05:00,1.25,1.25,1.2486000061035156,1.25,0,0.0,0.0
2023-12-01 09:30:00-05:00,1.2000000476837158,1.2268999814987183,1.159999966621399,1.1699999570846558,5860,0.0,0.0
2023-12-01 10:30:00-05:00,1.2200000286102295,1.2200000286102295,1.1699999570846558,1.1699999570846558,2100,0.0,0.0
2023-12-01 11:30:00-05:00,1.2300000190734863,1.2400000095367432,1.2300000190734863,1.2400000095367432,2111,0.0,0.0
2023-12-01 12:30:00-05:00,1.2000000476837158,1.2400000095367432,1.2000000476837158,1.2395000457763672,4547,0.0,0.0
2023-12-04 09:30:00-05:00,1.2400000095367432,1.2400000095367432,1.2400000095367432,1.2400000095367432,420,0.0,0.0
2023-12-04 10:30:00-05:00,1.2532999515533447,1.2532999515533447,1.2532999515533447,1.2532999515533447,290,0.0,0.0
2023-12-04 11:30:00-05:00,1.2999999523162842,1.2999999523162842,1.2999000549316406,1.2999000549316406,1994,0.0,0.0
2023-12-04 12:30:00-05:00,1.3450000286102295,1.3450000286102295,1.2400000095367432,1.3274999856948853,3590,0.0,0.0
2023-12-04 14:30:00-05:00,1.2999999523162842,1.2999999523162842,1.2999999523162842,1.2999999523162842,2010,0.0,0.0
2023-12-04 15:30:00-05:00,1.2999999523162842,1.2999999523162842,1.2999999523162842,1.2999999523162842,0,0.0,0.0
2023-12-05 10:30:00-05:00,1.2400000095367432,1.2400000095367432,1.2117999792099,1.2117999792099,1014,0.0,0.0
2023-12-05 11:30:00-05:00,1.2549999952316284,1.2549999952316284,1.2549999952316284,1.2549999952316284,0,0.0,0.0
2023-12-06 09:30:00-05:00,1.2999999523162842,1.2999999523162842,1.2999999523162842,1.2999999523162842,1360,0.0,0.0
2023-12-06 10:30:00-05:00,1.2400000095367432,1.2400000095367432,1.2400000095367432,1.2400000095367432,337,0.0,0.0
2023-12-06 11:30:00-05:00,1.2101000547409058,1.2101000547409058,1.2101000547409058,1.2101000547409058,396,0.0,0.0
2023-12-06 14:30:00-05:00,1.2400000095367432,1.2400000095367432,1.2300000190734863,1.2350000143051147,1234,0.0,0.0
2023-12-06 15:30:00-05:00,1.2549999952316284,1.2549999952316284,1.2549999952316284,1.2549999952316284,697,0.0,0.0
2023-12-07 09:30:00-05:00,1.2300000190734863,1.2300000190734863,1.2300000190734863,1.2300000190734863,731,0.0,0.0
2023-12-07 11:30:00-05:00,1.2300000190734863,1.2300000190734863,1.2100000381469727,1.2100000381469727,769,0.0,0.0
2023-12-07 15:30:00-05:00,1.2549999952316284,1.2549999952316284,1.1799999475479126,1.2400000095367432,0,0.0,0.0
2023-12-08 10:30:00-05:00,1.2549999952316284,1.2549999952316284,1.2549999952316284,1.2549999952316284,392,0.0,0.0
2023-12-08 11:30:00-05:00,1.274999976158142,1.2799999713897705,1.2400000095367432,1.2400000095367432,5721,0.0,0.0
2023-12-08 12:30:00-05:00,1.2400000095367432,1.2400000095367432,1.2100000381469727,1.23989999294281,3103,0.0,0.0
2023-12-08 14:30:00-05:00,1.2100000381469727,1.2300000190734863,1.2100000381469727,1.2299000024795532,1298,0.0,0.0
2023-12-08 15:30:00-05:00,1.2100000381469727,1.2100000381469727,1.2000000476837158,1.2000000476837158,724,0.0,0.0
2023-12-11 09:30:00-05:00,1.2300000190734863,1.2300000190734863,1.2000000476837158,1.2000000476837158,1194,0.0,0.0
2023-12-11 10:30:00-05:00,1.1899000406265259,1.190000057220459,1.1898000240325928,1.190000057220459,1345,0.0,0.0
2023-12-11 12:30:00-05:00,1.2300000190734863,1.2300000190734863,1.2300000190734863,1.2300000190734863,332,0.0,0.0
2023-12-11 14:30:00-05:00,1.2300000190734863,1.2300000190734863,1.2300000190734863,1.2300000190734863,0,0.0,0.0
2023-12-12 10:30:00-05:00,1.2300000190734863,1.2300000190734863,1.2300000190734863,1.2300000190734863,502,0.0,0.0
2023-12-12 11:30:00-05:00,1.2300000190734863,1.2300000190734863,1.2300000190734863,1.2300000190734863,237,0.0,0.0
2023-12-12 12:30:00-05:00,1.2237000465393066,1.2237000465393066,1.2000000476837158,1.2237000465393066,473,0.0,0.0
2023-12-13 09:30:00-05:00,1.2000000476837158,1.2000000476837158,1.2000000476837158,1.2000000476837158,0,0.0,0.0
2023-12-13 10:30:00-05:00,1.1999000310897827,1.2000000476837158,1.1699999570846558,1.2000000476837158,961,0.0,0.0
2023-12-13 11:30:00-05:00,1.2000000476837158,1.2000000476837158,1.2000000476837158,1.2000000476837158,1181,0.0,0.0
2023-12-13 12:30:00-05:00,1.1799999475479126,1.1799999475479126,1.1399999856948853,1.1399999856948853,2181,0.0,0.0
2023-12-13 13:30:00-05:00,1.1200000047683716,1.139299988746643,1.1200000047683716,1.139299988746643,1437,0.0,0.0
2023-12-13 15:30:00-05:00,1.2000000476837158,1.2000000476837158,1.2000000476837158,1.2000000476837158,200,0.0,0.0
2023-12-14 09:30:00-05:00,1.149999976158142,1.149999976158142,1.149999976158142,1.149999976158142,0,0.0,0.0
2023-12-14 10:30:00-05:00,1.2740000486373901,1.2999999523162842,1.2740000486373901,1.2999999523162842,601,0.0,0.0
2023-12-14 15:30:00-05:00,1.1999000310897827,1.2000000476837158,1.1985000371932983,1.1999000310897827,0,0.0,0.0
2023-12-15 09:30:00-05:00,1.2000999450683594,1.2000999450683594,1.2000999450683594,1.2000999450683594,241,0.0,0.0
2023-12-15 10:30:00-05:00,1.2000999450683594,1.2101000547409058,1.2000999450683594,1.2101000547409058,349,0.0,0.0
2023-12-18 09:30:00-05:00,1.2000000476837158,1.2152999639511108,1.2000000476837158,1.2152999639511108,605,0.0,0.0
2023-12-18 10:30:00-05:00,1.2447999715805054,1.2447999715805054,1.2447999715805054,1.2447999715805054,1097,0.0,0.0
2023-12-18 13:30:00-05:00,1.249899983406067,1.25,1.2400000095367432,1.25,2060,0.0,0.0
2023-12-18 14:30:00-05:00,1.2799999713897705,1.2799999713897705,1.2799999713897705,1.2799999713897705,244,0.0,0.0
2023-12-18 15:30:00-05:00,1.2699999809265137,1.2699999809265137,1.2699999809265137,1.2699999809265137,258,0.0,0.0
2023-12-19 12:30:00-05:00,1.246999979019165,1.2599999904632568,1.246999979019165,1.2599999904632568,283,0.0,0.0
2023-12-19 14:30:00-05:00,1.2200000286102295,1.2200000286102295,1.190000057220459,1.190000057220459,0,0.0,0.0
2023-12-20 09:30:00-05:00,1.190000057220459,1.205399990081787,1.190000057220459,1.205399990081787,1670,0.0,0.0
2023-12-20 10:30:00-05:00,1.1200000047683716,1.1200000047683716,1.1200000047683716,1.1200000047683716,1620,0.0,0.0
2023-12-20 15:30:00-05:00,1.2599999904632568,1.2599999904632568,1.2599999904632568,1.2599999904632568,354,0.0,0.0
2023-12-21 09:30:00-05:00,1.159999966621399,1.1900999546051025,1.1301000118255615,1.1900999546051025,6557,0.0,0.0
2023-12-21 11:30:00-05:00,1.2350000143051147,1.2350000143051147,1.2350000143051147,1.2350000143051147,145,0.0,0.0
2023-12-21 12:30:00-05:00,1.2350000143051147,1.2350000143051147,1.2350000143051147,1.2350000143051147,420,0.0,0.0
2023-12-21 15:30:00-05:00,1.2400000095367432,1.2400000095367432,1.2400000095367432,1.2400000095367432,0,0.0,0.0
2023-12-22 09:30:00-05:00,1.159999966621399,1.252500057220459,1.159999966621399,1.2100000381469727,2217,0.0,0.0
2023-12-22 10:30:00-05:00,1.2000000476837158,1.2000000476837158,1.1950000524520874,1.1950000524520874,1043,0.0,0.0
2023-12-22 13:30:00-05:00,1.190000057220459,1.190000057220459,1.190000057220459,1.190000057220459,309,0.0,0.0
2023-12-22 15:30:00-05:00,1.1999000310897827,1.2000000476837158,1.1999000310897827,1.2000000476837158,213,0.0,0.0
2023-12-26 09:30:00-05:00,1.1399999856948853,1.1399999856948853,1.1399999856948853,1.1399999856948853,0,0.0,0.0
2023-12-26 10:30:00-05:00,1.149999976158142,1.149999976158142,1.149999976158142,1.149999976158142,460,0.0,0.0
2023-12-26 11:30:00-05:00,1.1699999570846558,1.1699999570846558,1.1699999570846558,1.1699999570846558,422,0.0,0.0
2023-12-26 14:30:00-05:00,1.1700999736785889,1.2400000095367432,1.1699999570846558,1.2400000095367432,0,0.0,0.0
2023-12-27 09:30:00-05:00,1.190000057220459,1.190000057220459,1.1855000257492065,1.1855000257492065,947,0.0,0.0
2023-12-27 10:30:00-05:00,1.190000057220459,1.190000057220459,1.190000057220459,1.190000057220459,204,0.0,0.0
2023-12-27 11:30:00-05:00,1.2000000476837158,1.2000000476837158,1.1799999475479126,1.1799999475479126,1680,0.0,0.0
2023-12-27 12:30:00-05:00,1.1922999620437622,1.1922999620437622,1.1922999620437622,1.1922999620437622,883,0.0,0.0
2023-12-27 14:30:00-05:00,1.1699999570846558,1.1699999570846558,1.159999966621399,1.159999966621399,739,0.0,0.0
2023-12-27 15:30:00-05:00,1.1699999570846558,1.1699999570846558,1.160599946975708,1.160599946975708,0,0.0,0.0
2023-12-28 09:30:00-05:00,1.2100000381469727,1.25,1.2100000381469727,1.25,1564,0.0,0.0
2023-12-28 10:30:00-05:00,1.2400000095367432,1.2400000095367432,1.2072999477386475,1.2400000095367432,2475,0.0,0.0
2023-12-28 11:30:00-05:00,1.2134000062942505,1.2134000062942505,1.2134000062942505,1.2134000062942505,225,0.0,0.0
2023-12-28 12:30:00-05:00,1.25,1.25,1.25,1.25,228,0.0,0.0
2023-12-28 13:30:00-05:00,1.2100000381469727,1.2115000486373901,1.1805000305175781,1.1805000305175781,4226,0.0,0.0
2023-12-28 14:30:00-05:00,1.2000000476837158,1.2698999643325806,1.1799999475479126,1.2698999643325806,7841,0.0,0.0
2023-12-28 15:30:00-05:00,1.2649999856948853,1.2699999809265137,1.2649999856948853,1.2699999809265137,0,0.0,0.0
2023-12-29 09:30:00-05:00,1.2000000476837158,1.2200000286102295,1.149999976158142,1.159999966621399,5193,0.0,0.0
2023-12-29 10:30:00-05:00,1.160099983215332,1.2100000381469727,1.160099983215332,1.2100000381469727,1170,0.0,0.0
2023-12-29 11:30:00-05:00,1.2067999839782715,1.2100000381469727,1.2000000476837158,1.2099000215530396,2330,0.0,0.0
2023-12-29 13:30:00-05:00,1.2200000286102295,1.2400000095367432,1.2095999717712402,1.23989999294281,4413,0.0,0.0
2023-12-29 14:30:00-05:00,1.2400000095367432,1.2599999904632568,1.23989999294281,1.2599999904632568,1311,0.0,0.0
2023-12-29 15:30:00-05:00,1.2100000381469727,1.2100000381469727,1.2100000381469727,1.2100000381469727,229,0.0,0.0
2024-01-02 09:30:00-05:00,1.2100000381469727,1.2100000381469727,1.1855000257492065,1.1855000257492065,410,0.0,0.0
2024-01-02 12:30:00-05:00,1.2400000095367432,1.2400000095367432,1.2400000095367432,1.2400000095367432,0,0.0,0.0
2024-01-03 09:30:00-05:00,1.2699999809265137,1.2699999809265137,1.2699999809265137,1.2699999809265137,537,0.0,0.0
2024-01-03 11:30:00-05:00,1.2400000095367432,1.2400000095367432,1.2400000095367432,1.2400000095367432,212,0.0,0.0
2024-01-03 13:30:00-05:00,1.2400000095367432,1.2400000095367432,1.1897000074386597,1.1897000074386597,9326,0.0,0.0
2024-01-03 14:30:00-05:00,1.2400000095367432,1.2400000095367432,1.2400000095367432,1.2400000095367432,479,0.0,0.0
2024-01-03 15:30:00-05:00,1.2400000095367432,1.2400000095367432,1.2400000095367432,1.2400000095367432,0,0.0,0.0
2024-01-04 10:30:00-05:00,1.2209999561309814,1.2209999561309814,1.2209999561309814,1.2209999561309814,205,0.0,0.0
2024-01-04 12:30:00-05:00,1.190000057220459,1.2000000476837158,1.190000057220459,1.2000000476837158,0,0.0,0.0
2024-01-05 09:30:00-05:00,1.2599999904632568,1.2599999904632568,1.2000000476837158,1.2000000476837158,343,0.0,0.0
2024-01-05 10:30:00-05:00,1.25,1.25,1.25,1.25,5207,0.0,0.0
2024-01-05 11:30:00-05:00,1.160099983215332,1.160099983215332,1.160099983215332,1.160099983215332,179,0.0,0.0
2024-01-05 13:30:00-05:00,1.242300033569336,1.242300033569336,1.2359000444412231,1.2359000444412231,1177,0.0,0.0
2024-01-05 14:30:00-05:00,1.208400011062622,1.208400011062622,1.208400011062622,1.208400011062622,1095,0.0,0.0
2024-01-08 09:30:00-05:00,1.2050000429153442,1.2050000429153442,1.2050000429153442,1.2050000429153442,508,0.0,0.0
2024-01-08 10:30:00-05:00,1.2369999885559082,1.2369999885559082,1.1998000144958496,1.1998000144958496,726,0.0,0.0
2024-01-08 12:30:00-05:00,1.159999966621399,1.1699999570846558,1.159999966621399,1.159999966621399,733,0.0,0.0
2024-01-08 13:30:00-05:00,1.1794999837875366,1.2200000286102295,1.1794999837875366,1.2200000286102295,364,0.0,0.0
2024-01-08 15:30:00-05:00,1.2099000215530396,1.2099000215530396,1.2099000215530396,1.2099000215530396,0,0.0,0.0
2024-01-09 14:30:00-05:00,1.2094999551773071,1.2094999551773071,1.2094999551773071,1.2094999551773071,365,0.0,0.0
2024-01-09 15:30:00-05:00,1.2074999809265137,1.2074999809265137,1.2074999809265137,1.2074999809265137,1555,0.0,0.0
2024-01-10 09:30:00-05:00,1.1700999736785889,1.1700999736785889,1.1699999570846558,1.1699999570846558,1703,0.0,0.0
2024-01-10 10:30:00-05:00,1.1699999570846558,1.1699999570846558,1.1699999570846558,1.1699999570846558,448,0.0,0.0
2024-01-10 13:30:00-05:00,1.115399956703186,1.1299999952316284,1.0801000595092773,1.1100000143051147,6728,0.0,0.0
2024-01-10 14:30:00-05:00,1.159999966621399,1.1679999828338623,0.9401999711990356,1.0187000036239624,29984,0.0,0.0
2024-01-10 15:30:00-05:00,1.0499999523162842,1.100000023841858,1.0199999809265137,1.059999942779541,0,0.0,0.0
2024-01-11 09:30:00-05:00,1.090000033378601,1.090000033378601,1.090000033378601,1.090000033378601,1739,0.0,0.0
2024-01-11 10:30:00-05:00,1.1353000402450562,1.1353000402450562,1.1353000402450562,1.1353000402450562,1167,0.0,0.0
2024-01-11 11:30:00-05:00,1.100000023841858,1.149999976158142,1.100000023841858,1.149999976158142,574,0.0,0.0
2024-01-11 12:30:00-05:00,1.0928000211715698,1.0928000211715698,1.0928000211715698,1.0928000211715698,1819,0.0,0.0
2024-01-11 15:30:00-05:00,1.1649999618530273,1.1649999618530273,1.1299999952316284,1.1299999952316284,0,0.0,0.0
2024-01-12 10:30:00-05:00,1.125,1.125,1.125,1.125,819,0.0,0.0
2024-01-12 11:30:00-05:00,1.149999976158142,1.149999976158142,1.1299999952316284,1.1299999952316284,903,0.0,0.0
2024-01-12 12:30:00-05:00,1.1299999952316284,1.13100004196167,1.1299999952316284,1.1299999952316284,647,0.0,0.0
2024-01-12 13:30:00-05:00,1.1100000143051147,1.1100000143051147,1.1100000143051147,1.1100000143051147,567,0.0,0.0
2024-01-12 15:30:00-05:00,1.1201000213623047,1.1201000213623047,1.1100000143051147,1.1100000143051147,892,0.0,0.0
2024-01-16 09:30:00-05:00,1.090000033378601,1.090000033378601,1.090000033378601,1.090000033378601,448,0.0,0.0
2024-01-16 12:30:00-05:00,1.0983999967575073,1.1200000047683716,1.0983999967575073,1.1200000047683716,555,0.0,0.0
2024-01-16 13:30:00-05:00,1.090000033378601,1.090000033378601,1.090000033378601,1.090000033378601,112,0.0,0.0
2024-01-16 14:30:00-05:00,1.090000033378601,1.1200000047683716,1.059999942779541,1.1200000047683716,0,0.0,0.0
2024-01-17 11:30:00-05:00,1.013800024986267,1.013800024986267,1.013800024986267,1.013800024986267,702,0.0,0.0
2024-01-17 12:30:00-05:00,1.0700000524520874,1.0700000524520874,1.0700000524520874,1.0700000524520874,0,0.0,0.0
2024-01-18 10:30:00-05:00,1.0700000524520874,1.0916999578475952,1.0700000524520874,1.0916999578475952,545,0.0,0.0
2024-01-18 11:30:00-05:00,1.100000023841858,1.100000023841858,1.0992000102996826,1.0992000102996826,3962,0.0,0.0
2024-01-18 12:30:00-05:00,1.0950000286102295,1.0950000286102295,1.0950000286102295,1.0950000286102295,282,0.0,0.0
2024-01-18 13:30:00-05:00,1.090000033378601,1.1200000047683716,1.090000033378601,1.1100000143051147,2822,0.0,0.0
2024-01-18 14:30:00-05:00,1.070099949836731,1.070099949836731,1.070099949836731,1.070099949836731,5000,0.0,0.0
2024-01-18 15:30:00-05:00,1.090000033378601,1.090000033378601,1.0003999471664429,1.0099999904632568,0,0.0,0.0
2024-01-19 10:30:00-05:00,1.0449999570846558,1.0449999570846558,1.0449999570846558,1.0449999570846558,629,0.0,0.0
2024-01-19 13:30:00-05:00,1.0379999876022339,1.0398999452590942,1.0379999876022339,1.0398999452590942,1085,0.0,0.0
2024-01-19 15:30:00-05:00,1.0,1.0299999713897705,1.0,1.0299999713897705,453,0.0,0.0
2024-01-22 09:30:00-05:00,0.9900000095367432,1.0499000549316406,0.9900000095367432,1.0499000549316406,1990,0.0,0.0
2024-01-22 10:30:00-05:00,1.0450999736785889,1.0450999736785889,1.0450999736785889,1.0450999736785889,408,0.0,0.0
2024-01-22 13:30:00-05:00,1.0299999713897705,1.0399999618530273,1.024999976158142,1.0399999618530273,2061,0.0,0.0
2024-01-22 15:30:00-05:00,1.0099999904632568,1.0099999904632568,1.0099999904632568,1.0099999904632568,0,0.0,0.0
2024-01-23 11:30:00-05:00,1.01010000705719,1.01010000705719,0.9800000190734863,0.9800000190734863,2499,0.0,0.0
2024-01-23 14:30:00-05:00,1.0199999809265137,1.0199999809265137,1.0199999809265137,1.0199999809265137,0,0.0,0.0
2024-01-23 15:30:00-05:00,1.0199999809265137,1.0199999809265137,1.0199999809265137,1.0199999809265137,8607,0.0,0.0
2024-01-24 09:30:00-05:00,1.0199999809265137,1.0199999809265137,1.0199999809265137,1.0199999809265137,202,0.0,0.0
2024-01-24 10:30:00-05:00,1.0,1.0192999839782715,0.9998999834060669,1.0192999839782715,3268,0.0,0.0
2024-01-24 11:30:00-05:00,1.0198999643325806,1.0199999809265137,1.0197999477386475,1.0198999643325806,3610,0.0,0.0
2024-01-24 12:30:00-05:00,1.0099999904632568,1.0099999904632568,1.0,1.0,328,0.0,0.0
2024-01-24 15:30:00-05:00,1.0099999904632568,1.0099999904632568,1.0099999904632568,1.0099999904632568,0,0.0,0.0
2024-01-25 09:30:00-05:00,0.9900000095367432,0.9900000095367432,0.9900000095367432,0.9900000095367432,948,0.0,0.0
2024-01-25 10:30:00-05:00,1.0199999809265137,1.0199999809265137,1.0199999809265137,1.0199999809265137,151,0.0,0.0
2024-01-25 12:30:00-05:00,1.0199999809265137,1.0199999809265137,0.9503999948501587,0.9979000091552734,4936,0.0,0.0
2024-01-25 13:30:00-05:00,1.0,1.0199999809265137,1.0,1.0199999809265137,4009,0.0,0.0
2024-01-25 14:30:00-05:00,1.0399999618530273,1.0499000549316406,1.0399999618530273,1.0497000217437744,989,0.0,0.0
2024-01-25 15:30:00-05:00,0.9800999760627747,0.9800999760627747,0.9800999760627747,0.9800999760627747,0,0.0,0.0
2024-01-26 09:30:00-05:00,1.0,1.0,0.9800000190734863,0.9800000190734863,992,0.0,0.0
2024-01-26 10:30:00-05:00,0.9800000190734863,0.9800000190734863,0.9800000190734863,0.9800000190734863,2385,0.0,0.0
2024-01-26 11:30:00-05:00,0.9599999785423279,0.9599999785423279,0.9500499963760376,0.9599999785423279,954,0.0,0.0
2024-01-26 12:30:00-05:00,0.9599999785423279,0.9800999760627747,0.9599999785423279,0.9800980091094971,3367,0.0,0.0
2024-01-26 13:30:00-05:00,1.0,1.0200999975204468,0.9800999760627747,0.9800999760627747,2905,0.0,0.0
2024-01-26 14:30:00-05:00,0.9811000227928162,0.982200026512146,0.9800999760627747,0.9801999926567078,7507,0.0,0.0
2024-01-26 15:30:00-05:00,0.949999988079071,0.949999988079071,0.949999988079071,0.949999988079071,100,0.0,0.0
2024-01-29 09:30:00-05:00,0.9240000247955322,0.9240000247955322,0.9000009894371033,0.9240000247955322,2835,0.0,0.0
2024-01-29 10:30:00-05:00,0.9100000262260437,0.9200000166893005,0.9093000292778015,0.9100000262260437,2153,0.0,0.0
2024-01-29 11:30:00-05:00,0.9099000096321106,0.9099000096321106,0.8999999761581421,0.8999999761581421,1799,0.0,0.0
2024-01-29 12:30:00-05:00,0.9100000262260437,0.9300000071525574,0.9100000262260437,0.9299989938735962,2868,0.0,0.0
2024-01-29 13:30:00-05:00,0.9300000071525574,0.9300000071525574,0.9298999905586243,0.9298999905586243,3552,0.0,0.0
2024-01-29 15:30:00-05:00,0.9000999927520752,0.9000999927520752,0.9000999927520752,0.9000999927520752,0,0.0,0.0
2024-01-30 10:30:00-05:00,0.9498999714851379,0.9498999714851379,0.9451000094413757,0.9452000260353088,3442,0.0,0.0
2024-01-30 11:30:00-05:00,0.9451000094413757,0.9451000094413757,0.8999999761581421,0.9450899958610535,4705,0.0,0.0
2024-01-30 14:30:00-05:00,0.9125000238418579,0.9173910021781921,0.8999999761581421,0.8999999761581421,1466,0.0,0.0
2024-01-30 15:30:00-05:00,0.9451000094413757,0.9451000094413757,0.9200000166893005,0.9251000285148621,0,0.0,0.0
2024-01-31 09:30:00-05:00,0.8799999952316284,0.8999999761581421,0.8799999952316284,0.8999999761581421,1552,0.0,0.0
2024-01-31 10:30:00-05:00,0.8799999952316284,0.8799999952316284,0.8799999952316284,0.8799999952316284,1322,0.0,0.0
2024-01-31 11:30:00-05:00,0.8820000290870667,0.8900009989738464,0.8820000290870667,0.8900009989738464,1219,0.0,0.0
2024-01-31 12:30:00-05:00,0.8999000191688538,0.9325000047683716,0.8995010256767273,0.9325000047683716,8730,0.0,0.0
2024-01-31 13:30:00-05:00,0.9598990082740784,0.9598990082740784,0.9495999813079834,0.9495999813079834,276,0.0,0.0
2024-02-01 09:30:00-05:00,0.8799999952316284,0.8899000287055969,0.8799999952316284,0.8888000249862671,2158,0.0,0.0
2024-02-01 14:30:00-05:00,0.9194999933242798,0.9194999933242798,0.9194999933242798,0.9194999933242798,0,0.0,0.0
2024-02-02 11:30:00-05:00,0.9193999767303467,0.9193999767303467,0.9193999767303467,0.9193999767303467,561,0.0,0.0
2024-02-02 12:30:00-05:00,0.8500000238418579,0.8847000002861023,0.8500000238418579,0.8500000238418579,2835,0.0,0.0
2024-02-02 13:30:00-05:00,0.8309999704360962,0.8692010045051575,0.8183000087738037,0.8692010045051575,3883,0.0,0.0
2024-02-02 14:30:00-05:00,0.8640000224113464,0.8640000224113464,0.800000011920929,0.800000011920929,3665,0.0,0.0
2024-02-02 15:30:00-05:00,0.8201000094413757,0.889989972114563,0.8201000094413757,0.889989972114563,1799,0.0,0.0
2024-02-05 09:30:00-05:00,0.8485000133514404,0.8899000287055969,0.8485000133514404,0.8716999888420105,1341,0.0,0.0
2024-02-05 11:30:00-05:00,0.8100000023841858,0.8449500203132629,0.8100000023841858,0.8449500203132629,1179,0.0,0.0
2024-02-05 12:30:00-05:00,0.8675000071525574,0.8675000071525574,0.8675000071525574,0.8675000071525574,390,0.0,0.0
2024-02-05 13:30:00-05:00,0.8569999933242798,0.8600000143051147,0.8450000286102295,0.8551030158996582,2434,0.0,0.0
2024-02-05 14:30:00-05:00,0.8674489855766296,0.8674489855766296,0.8674489855766296,0.8674489855766296,0,0.0,0.0
2024-02-06 09:30:00-05:00,0.8101999759674072,0.8513000011444092,0.8101999759674072,0.8513000011444092,269,0.0,0.0
2024-02-06 10:30:00-05:00,0.8442999720573425,0.8500000238418579,0.8442999720573425,0.8500000238418579,440,0.0,0.0
2024-02-06 11:30:00-05:00,0.8100000023841858,0.8100000023841858,0.8100000023841858,0.8100000023841858,106,0.0,0.0
2024-02-06 12:30:00-05:00,0.8881000280380249,0.8881000280380249,0.8440999984741211,0.8440999984741211,542,0.0,0.0
2024-02-06 13:30:00-05:00,0.8780999779701233,0.8780999779701233,0.8780999779701233,0.8780999779701233,0,0.0,0.0
2024-02-07 09:30:00-05:00,0.9035999774932861,0.9035999774932861,0.9035999774932861,0.9035999774932861,887,0.0,0.0
2024-02-07 10:30:00-05:00,0.8199999928474426,0.8709999918937683,0.7910000085830688,0.8709999918937683,3702,0.0,0.0
2024-02-07 11:30:00-05:00,0.8694999814033508,0.8895000219345093,0.8694999814033508,0.8895000219345093,1270,0.0,0.0
2024-02-07 13:30:00-05:00,0.8100000023841858,0.8100000023841858,0.7900000214576721,0.7900000214576721,974,0.0,0.0
2024-02-07 14:30:00-05:00,0.7900000214576721,0.8397499918937683,0.7900000214576721,0.8397499918937683,1409,0.0,0.0
2024-02-07 15:30:00-05:00,0.8464999794960022,0.8464999794960022,0.8464999794960022,0.8464999794960022,0,0.0,0.0
2024-02-08 09:30:00-05:00,0.8799999952316284,0.8799999952316284,0.8799999952316284,0.8799999952316284,1063,0.0,0.0
2024-02-09 09:30:00-05:00,0.9399999976158142,0.9399999976158142,0.9049999713897705,0.9290000200271606,2516,0.0,0.0
2024-02-09 10:30:00-05:00,0.8999999761581421,0.8999999761581421,0.8999999761581421,0.8999999761581421,406,0.0,0.0
2024-02-09 11:30:00-05:00,0.9298989772796631,0.9298989772796631,0.8999999761581421,0.8999999761581421,3330,0.0,0.0
2024-02-09 12:30:00-05:00,0.9300000071525574,0.9300000071525574,0.9300000071525574,0.9300000071525574,377,0.0,0.0
2024-02-09 13:30:00-05:00,0.9276999831199646,0.9276999831199646,0.9276999831199646,0.9276999831199646,276,0.0,0.0
2024-02-09 14:30:00-05:00,0.9149990081787109,0.9399999976158142,0.9149990081787109,0.9390010237693787,12223,0.0,0.0
2024-02-12 09:30:00-05:00,0.949999988079071,0.9501010179519653,0.949999988079071,0.9501010179519653,1765,0.0,0.0
2024-02-12 10:30:00-05:00,0.9900000095367432,0.9900000095367432,0.9898999929428101,0.9898999929428101,1719,0.0,0.0
2024-02-12 15:30:00-05:00,0.9399999976158142,0.9399999976158142,0.8899999856948853,0.8899999856948853,1607,0.0,0.0
2024-02-13 12:30:00-05:00,0.8999999761581421,0.8999999761581421,0.8999999761581421,0.8999999761581421,520,0.0,0.0
2024-02-13 15:30:00-05:00,0.9298999905586243,0.9298999905586243,0.9298999905586243,0.9298999905586243,0,0.0,0.0
2024-02-14 12:30:00-05:00,0.9350000023841858,0.9350000023841858,0.9350000023841858,0.9350000023841858,592,0.0,0.0
2024-02-14 13:30:00-05:00,0.9599999785423279,0.9900000095367432,0.9599999785423279,0.989799976348877,1740,0.0,0.0
2024-02-14 14:30:00-05:00,1.0198999643325806,1.0199999809265137,0.9800000190734863,1.0198999643325806,4336,0.0,0.0
2024-02-14 15:30:00-05:00,0.9900000095367432,1.0399999618530273,0.9524999856948853,1.0399999618530273,5444,0.0,0.0
2024-02-15 09:30:00-05:00,0.9900000095367432,1.0399999618530273,0.9900000095367432,1.0299999713897705,17839,0.0,0.0
2024-02-15 10:30:00-05:00,1.0398999452590942,1.0398999452590942,0.9700000286102295,0.9851999878883362,6650,0.0,0.0
2024-02-15 12:30:00-05:00,0.9700000286102295,0.9700000286102295,0.9542999863624573,0.9542999863624573,280,0.0,0.0
2024-02-15 14:30:00-05:00,0.9998999834060669,0.9998999834060669,0.9900000095367432,0.9998999834060669,1742,0.0,0.0
2024-02-16 09:30:00-05:00,0.9900000095367432,0.9900000095367432,0.9899899959564209,0.9900000095367432,5349,0.0,0.0
2024-02-16 10:30:00-05:00,1.0,1.0398999452590942,1.0,1.0398999452590942,3010,0.0,0.0
2024-02-16 11:30:00-05:00,1.0399999618530273,1.059999942779541,1.0199999809265137,1.0199999809265137,5191,0.0,0.0
2024-02-16 12:30:00-05:00,1.0200999975204468,1.0200999975204468,1.0199999809265137,1.0200999975204468,1218,0.0,0.0
2024-02-16 15:30:00-05:00,1.0199999809265137,1.059999942779541,1.0199999809265137,1.0199999809265137,1300,0.0,0.0
2024-02-20 09:30:00-05:00,1.0700000524520874,1.0800000429153442,1.0499999523162842,1.0800000429153442,1751,0.0,0.0
2024-02-20 10:30:00-05:00,1.0800000429153442,1.0996999740600586,1.0800000429153442,1.0850000381469727,1286,0.0,0.0
2024-02-20 11:30:00-05:00,1.0700000524520874,1.0999000072479248,1.059999942779541,1.0999000072479248,3082,0.0,0.0
2024-02-20 12:30:00-05:00,1.059999942779541,1.0750000476837158,1.0499999523162842,1.0750000476837158,5352,0.0,0.0
2024-02-20 13:30:00-05:00,1.0850000381469727,1.0850000381469727,1.0850000381469727,1.0850000381469727,403,0.0,0.0
2024-02-20 15:30:00-05:00,1.0800000429153442,1.0800000429153442,1.0800000429153442,1.0800000429153442,0,0.0,0.0
2024-02-21 12:30:00-05:00,1.0499999523162842,1.0499999523162842,1.0499999523162842,1.0499999523162842,107,0.0,0.0
2024-02-22 13:30:00-05:00,1.024899959564209,1.024899959564209,1.024899959564209,1.024899959564209,252,0.0,0.0
2024-02-22 14:30:00-05:00,1.0199999809265137,1.033400058746338,0.9700000286102295,1.033400058746338,1453,0.0,0.0
2024-02-23 09:30:00-05:00,1.059999942779541,1.059999942779541,1.0299999713897705,1.04830002784729,910,0.0,0.0
2024-02-23 12:30:00-05:00,1.034999966621399,1.034999966621399,1.034999966621399,1.034999966621399,243,0.0,0.0
2024-02-23 14:30:00-05:00,1.020300030708313,1.020300030708313,1.020300030708313,1.020300030708313,1744,0.0,0.0
2024-02-23 15:30:00-05:00,1.0299999713897705,1.0299999713897705,1.0299999713897705,1.0299999713897705,112,0.0,0.0
2024-02-26 10:30:00-05:00,0.9021999835968018,0.9200000166893005,0.8199999928474426,0.8600999712944031,4609,0.0,0.0
2024-02-26 11:30:00-05:00,1.0299999713897705,1.0299999713897705,0.9998999834060669,1.0,353,0.0,0.0
2024-02-26 12:30:00-05:00,0.9900000095367432,1.0,0.9900000095367432,0.9998999834060669,1489,0.0,0.0
2024-02-26 14:30:00-05:00,1.0099999904632568,1.0198999643325806,1.0099999904632568,1.0198999643325806,523,0.0,0.0
2024-02-26 15:30:00-05:00,0.8801000118255615,0.8801000118255615,0.8801000118255615,0.8801000118255615,1197629,0.0,0.0
2024-02-27 09:30:00-05:00,1.0,1.0099999904632568,0.9020000100135803,0.946399986743927,1383124,0.0,0.0
2024-02-27 10:30:00-05:00,0.9301000237464905,1.1699999570846558,0.9154999852180481,1.0199999809265137,133893,0.0,0.0
2024-02-27 11:30:00-05:00,1.0199999809265137,1.1200000047683716,1.0,1.0399999618530273,53158,0.0,0.0
2024-02-27 12:30:00-05:00,1.0399999618530273,1.149999976158142,1.0399999618530273,1.149999976158142,14039,0.0,0.0
2024-02-27 13:30:00-05:00,1.1399999856948853,1.2599999904632568,1.0964000225067139,1.184999942779541,92808,0.0,0.0
2024-02-27 14:30:00-05:00,1.184999942779541,1.25,1.1399999856948853,1.239799976348877,25112,0.0,0.0
2024-02-27 15:30:00-05:00,1.215000033378601,1.2798999547958374,1.190000057220459,1.2000999450683594,0,0.0,0.0
2024-02-28 09:30:00-05:00,1.2200000286102295,1.500100016593933,1.1699999570846558,1.2742999792099,130240,0.0,0.0
2024-02-28 10:30:00-05:00,1.2699999809265137,1.3300000429153442,1.2200000286102295,1.3200000524520874,14395,0.0,0.0
2024-02-28 11:30:00-05:00,1.3056000471115112,1.3898999691009521,1.2999999523162842,1.350000023841858,2017,0.0,0.0
2024-02-28 12:30:00-05:00,1.350000023841858,1.350000023841858,1.2999999523162842,1.3300000429153442,2566,0.0,0.0
2024-02-28 13:30:00-05:00,1.3200000524520874,1.329200029373169,1.2899999618530273,1.2999999523162842,2891,0.0,0.0
2024-02-28 14:30:00-05:00,1.2200000286102295,1.2999999523162842,1.149999976158142,1.2999999523162842,13345,0.0,0.0
2024-02-28 15:30:00-05:00,1.179800033569336,1.1929999589920044,1.1728999614715576,1.1799999475479126,2322,0.0,0.0
2024-02-29 09:30:00-05:00,1.2200000286102295,1.2200000286102295,1.0699000358581543,1.0886000394821167,37139,0.0,0.0
2024-02-29 10:30:00-05:00,1.0850000381469727,1.090000033378601,1.069599986076355,1.090000033378601,15912,0.0,0.0
2024-02-29 11:30:00-05:00,1.100000023841858,1.100000023841858,1.100000023841858,1.100000023841858,1688,0.0,0.0
2024-02-29 12:30:00-05:00,1.072100043296814,1.100000023841858,1.0700000524520874,1.0700000524520874,1505,0.0,0.0
2024-02-29 13:30:00-05:00,1.0800000429153442,1.093999981880188,1.0750000476837158,1.0750000476837158,2470,0.0,0.0
2024-02-29 14:30:00-05:00,1.070099949836731,1.1100000143051147,1.070099949836731,1.090000033378601,4954,0.0,0.0
2024-02-29 15:30:00-05:00,1.0744999647140503,1.0744999647140503,1.0700000524520874,1.0700000524520874,0,0.0,0.0
2024-03-01 09:30:00-05:00,1.070099949836731,1.070099949836731,0.9840999841690063,0.9871000051498413,3108,0.0,0.0
2024-03-01 10:30:00-05:00,0.996999979019165,1.0499000549316406,0.9300000071525574,1.0499000549316406,13840,0.0,0.0
2024-03-01 11:30:00-05:00,0.9681000113487244,1.0,0.9591000080108643,0.9609000086784363,9131,0.0,0.0
2024-03-01 12:30:00-05:00,1.0045000314712524,1.0045000314712524,0.9613000154495239,0.9613000154495239,1410,0.0,0.0
2024-03-01 14:30:00-05:00,1.0499999523162842,1.059999942779541,1.0099999904632568,1.0299999713897705,10755,0.0,0.0
2024-03-04 09:30:00-05:00,1.0199999809265137,1.0299999713897705,1.0199999809265137,1.0299999713897705,1252,0.0,0.0
2024-03-04 10:30:00-05:00,1.0199999809265137,1.0199999809265137,0.9800000190734863,1.0099999904632568,925,0.0,0.0
2024-03-04 11:30:00-05:00,1.0,1.000100016593933,1.0,1.000100016593933,1174,0.0,0.0
2024-03-04 13:30:00-05:00,0.9801999926567078,0.9801999926567078,0.9801999926567078,0.9801999926567078,750,0.0,0.0
2024-03-04 14:30:00-05:00,1.0,1.0,0.9900000095367432,0.9900000095367432,1348,0.0,0.0
2024-03-04 15:30:00-05:00,1.0,1.0398999452590942,1.0,1.0398999452590942,5882,0.0,0.0
2024-03-05 09:30:00-05:00,0.9937999844551086,0.9937999844551086,0.9937999844551086,0.9937999844551086,1187,0.0,0.0
2024-03-05 10:30:00-05:00,0.9890000224113464,0.9890000224113464,0.9890000224113464,0.9890000224113464,961,0.0,0.0
2024-03-05 12:30:00-05:00,1.059999942779541,1.059999942779541,1.059999942779541,1.059999942779541,0,0.0,0.0
2024-03-05 13:30:00-05:00,0.9952999949455261,0.9952999949455261,0.9952999949455261,0.9952999949455261,212,0.0,0.0
2024-03-05 14:30:00-05:00,1.0299999713897705,1.0299999713897705,1.0299999713897705,1.0299999713897705,469,0.0,0.0
2024-03-05 15:30:00-05:00,1.0399999618530273,1.0399999618530273,1.0199999809265137,1.0399999618530273,1846,0.0,0.0
2024-03-06 09:30:00-05:00,1.0595999956130981,1.0595999956130981,1.0199999809265137,1.0199999809265137,1958,0.0,0.0
2024-03-06 11:30:00-05:00,1.0,1.0,0.9850000143051147,0.9850000143051147,1989,0.0,0.0
2024-03-06 13:30:00-05:00,1.0,1.0,0.9998999834060669,0.9998999834060669,864,0.0,0.0
2024-03-06 15:30:00-05:00,1.059999942779541,1.059999942779541,1.0499999523162842,1.059999942779541,0,0.0,0.0
2024-03-07 11:30:00-05:00,1.0571999549865723,1.0571999549865723,1.0571999549865723,1.0571999549865723,2442,0.0,0.0
2024-03-07 12:30:00-05:00,1.059999942779541,1.059999942779541,1.059999942779541,1.059999942779541,341,0.0,0.0
2024-03-07 13:30:00-05:00,1.0499999523162842,1.0700000524520874,1.0499999523162842,1.0700000524520874,7956,0.0,0.0
2024-03-07 14:30:00-05:00,1.059999942779541,1.059999942779541,1.059999942779541,1.059999942779541,118,0.0,0.0
2024-03-07 15:30:00-05:00,1.0299999713897705,1.059999942779541,1.0299999713897705,1.059999942779541,0,0.0,0.0
2024-03-08 09:30:00-05:00,1.0499999523162842,1.0499999523162842,1.0111000537872314,1.0135999917984009,3968,0.0,0.0
2024-03-08 10:30:00-05:00,1.0199999809265137,1.034999966621399,1.0099999904632568,1.0199999809265137,3482,0.0,0.0
2024-03-08 11:30:00-05:00,1.0189000368118286,1.0299999713897705,1.0099999904632568,1.017699956893921,9765,0.0,0.0
2024-03-08 12:30:00-05:00,1.0099999904632568,1.0099999904632568,1.0099999904632568,1.0099999904632568,351,0.0,0.0
2024-03-08 13:30:00-05:00,1.0,1.0199999809265137,1.0,1.0198999643325806,9769,0.0,0.0
2024-03-08 14:30:00-05:00,1.0199999809265137,1.0199999809265137,1.0199999809265137,1.0199999809265137,442,0.0,0.0
2024-03-11 09:30:00-04:00,1.0199999809265137,1.0199999809265137,1.0015000104904175,1.0015000104904175,1838,0.0,0.0
2024-03-11 10:30:00-04:00,1.0184999704360962,1.0184999704360962,1.0,1.0161000490188599,1416,0.0,0.0
2024-03-11 13:30:00-04:00,1.0199999809265137,1.0199999809265137,1.0199999809265137,1.0199999809265137,713,0.0,0.0
2024-03-11 15:30:00-04:00,1.000100016593933,1.000100016593933,1.000100016593933,1.000100016593933,579,0.0,0.0
2024-03-12 09:30:00-04:00,1.0199999809265137,1.0199999809265137,1.017899990081787,1.017899990081787,611,0.0,0.0
2024-03-12 10:30:00-04:00,1.017899990081787,1.017899990081787,1.0077999830245972,1.0077999830245972,579,0.0,0.0
2024-03-12 12:30:00-04:00,1.0017999410629272,1.0199999809265137,1.0,1.0199999809265137,1769,0.0,0.0
2024-03-12 14:30:00-04:00,1.0199999809265137,1.0199999809265137,1.0175000429153442,1.0175000429153442,2861,0.0,0.0
2024-03-13 09:30:00-04:00,1.0191999673843384,1.0191999673843384,1.0191999673843384,1.0191999673843384,1210,0.0,0.0
2024-03-13 10:30:00-04:00,1.0199999809265137,1.0199999809265137,1.0099999904632568,1.0099999904632568,2706,0.0,0.0
2024-03-13 13:30:00-04:00,1.0199999809265137,1.0199999809265137,1.0199999809265137,1.0199999809265137,810,0.0,0.0
2024-03-14 09:30:00-04:00,1.0199999809265137,1.0199999809265137,1.0,1.0099999904632568,2552,0.0,0.0
2024-03-14 10:30:00-04:00,1.0,1.0,1.0,1.0,2522,0.0,0.0
2024-03-14 11:30:00-04:00,1.0,1.0,1.0,1.0,181,0.0,0.0
2024-03-14 12:30:00-04:00,1.0,1.0,1.0,1.0,189,0.0,0.0
2024-03-14 13:30:00-04:00,1.0049999952316284,1.0140000581741333,1.0049999952316284,1.0140000581741333,516,0.0,0.0
2024-03-15 11:30:00-04:00,1.0049999952316284,1.0163999795913696,1.0049999952316284,1.0163999795913696,365,0.0,0.0
2024-03-15 12:30:00-04:00,1.0049999952316284,1.0049999952316284,1.0049999952316284,1.0049999952316284,745,0.0,0.0
2024-03-18 09:30:00-04:00,1.0,1.0,1.0,1.0,0,0.0,0.0
2024-03-18 13:30:00-04:00,1.0190000534057617,1.0199999809265137,1.0190000534057617,1.0199999809265137,11776,0.0,0.0
2024-03-19 09:30:00-04:00,1.0,1.0199999809265137,1.0,1.0199999809265137,0,0.0,0.0
2024-03-19 11:30:00-04:00,1.01010000705719,1.01010000705719,1.01010000705719,1.01010000705719,593,0.0,0.0
2024-03-19 12:30:00-04:00,1.01010000705719,1.01010000705719,1.01010000705719,1.01010000705719,353,0.0,0.0
2024-03-19 13:30:00-04:00,1.01010000705719,1.0199999809265137,1.0099999904632568,1.01010000705719,32155,0.0,0.0
2024-03-19 14:30:00-04:00,1.01010000705719,1.0399999618530273,0.9991000294685364,1.0,21857,0.0,0.0
2024-03-19 15:30:00-04:00,0.9990000128746033,1.0499999523162842,0.9990000128746033,1.000100016593933,9352,0.0,0.0
2024-03-20 09:30:00-04:00,1.1200000047683716,1.1200000047683716,1.0800000429153442,1.0800000429153442,1779,0.0,0.0
2024-03-20 13:30:00-04:00,0.9904999732971191,0.9904999732971191,0.9904999732971191,0.9904999732971191,1708,0.0,0.0
2024-03-21 09:30:00-04:00,1.0199999809265137,1.0199999809265137,1.0199999809265137,1.0199999809265137,987,0.0,0.0
2024-03-21 10:30:00-04:00,1.1181999444961548,1.1181999444961548,0.9901000261306763,0.9901000261306763,2267,0.0,0.0
2024-03-21 11:30:00-04:00,1.1200000047683716,1.1200000047683716,1.0199999809265137,1.0199999809265137,595,0.0,0.0
2024-03-21 13:30:00-04:00,1.0199999809265137,1.0199999809265137,1.0199999809265137,1.0199999809265137,559,0.0,0.0
2024-03-22 09:30:00-04:00,1.0,1.0,1.0,1.0,558,0.0,0.0
2024-03-22 11:30:00-04:00,1.0449999570846558,1.0449999570846558,1.0449999570846558,1.0449999570846558,142,0.0,0.0
2024-03-22 12:30:00-04:00,1.0743999481201172,1.0743999481201172,1.0399999618530273,1.0399999618530273,403,0.0,0.0
2024-03-22 14:30:00-04:00,1.000100016593933,1.000100016593933,1.000100016593933,1.000100016593933,7533,0.0,0.0
2024-03-25 09:30:00-04:00,1.0499999523162842,1.0499999523162842,1.0499999523162842,1.0499999523162842,4251,0.0,0.0
2024-03-25 10:30:00-04:00,1.0750999450683594,1.0800000429153442,1.0499999523162842,1.0800000429153442,2331,0.0,0.0
2024-03-25 12:30:00-04:00,1.0390000343322754,1.0390000343322754,1.0390000343322754,1.0390000343322754,111,0.0,0.0
2024-03-25 13:30:00-04:00,1.0099999904632568,1.0099999904632568,0.9998999834060669,0.9998999834060669,3334,0.0,0.0
2024-03-25 15:30:00-04:00,1.034999966621399,1.034999966621399,1.034999966621399,1.034999966621399,239,0.0,0.0
2024-03-26 10:30:00-04:00,1.0799000263214111,1.0799000263214111,1.0799000263214111,1.0799000263214111,2197,0.0,0.0
2024-03-26 11:30:00-04:00,1.034999966621399,1.034999966621399,1.034999966621399,1.034999966621399,1319,0.0,0.0
2024-03-26 15:30:00-04:00,1.01010000705719,1.01010000705719,1.0099999904632568,1.0099999904632568,983,0.0,0.0
2024-03-27 13:30:00-04:00,1.0569000244140625,1.0569000244140625,1.0199999809265137,1.0199999809265137,2834,0.0,0.0
2024-03-28 09:30:00-04:00,1.0299999713897705,1.0299999713897705,1.0299999713897705,1.0299999713897705,732,0.0,0.0
2024-03-28 11:30:00-04:00,1.0,1.0,1.0,1.0,1559,0.0,0.0
2024-03-28 14:30:00-04:00,0.9900000095367432,0.9900000095367432,0.9900000095367432,0.9900000095367432,671,0.0,0.0
2024-04-01 09:30:00-04:00,0.9900000095367432,1.0399999618530273,0.9900000095367432,1.0399999618530273,1804,0.0,0.0
2024-04-01 11:30:00-04:00,1.0199999809265137,1.0199999809265137,1.0199999809265137,1.0199999809265137,105,0.0,0.0
2024-04-01 12:30:00-04:00,1.0,1.0,1.0,1.0,769,0.0,0.0
2024-04-01 14:30:00-04:00,1.0299999713897705,1.04830002784729,1.0299999713897705,1.04830002784729,6756,0.0,0.0
2024-04-02 09:30:00-04:00,1.0299999713897705,1.0499999523162842,1.0149999856948853,1.0499999523162842,4458,0.0,0.0
2024-04-02 10:30:00-04:00,1.0499000549316406,1.0499000549316406,1.0199999809265137,1.0199999809265137,1565,0.0,0.0
2024-04-02 11:30:00-04:00,1.0199999809265137,1.024999976158142,1.0199999809265137,1.024999976158142,676,0.0,0.0
2024-04-02 12:30:00-04:00,1.0199999809265137,1.0199999809265137,1.0,1.007099986076355,2564,0.0,0.0
2024-04-02 13:30:00-04:00,1.003999948501587,1.003999948501587,1.0,1.0010000467300415,2669,0.0,0.0
2024-04-02 15:30:00-04:00,1.0399999618530273,1.0499999523162842,1.034999966621399,1.0499999523162842,3538,0.0,0.0
2024-04-03 09:30:00-04:00,1.059999942779541,1.059999942779541,1.059999942779541,1.059999942779541,2873,0.0,0.0
2024-04-03 13:30:00-04:00,1.0199999809265137,1.0199999809265137,1.0199999809265137,1.0199999809265137,568,0.0,0.0
2024-04-03 14:30:00-04:00,1.0299999713897705,1.0398999452590942,1.024999976158142,1.0398000478744507,1300,0.0,0.0
2024-04-03 15:30:00-04:00,1.024999976158142,1.024999976158142,1.0199999809265137,1.0199999809265137,0,0.0,0.0
2024-04-04 09:30:00-04:00,1.024999976158142,1.024999976158142,1.024999976158142,1.024999976158142,12161,0.0,0.0
2024-04-04 11:30:00-04:00,1.0099999904632568,1.0149999856948853,1.0099999904632568,1.0149999856948853,1903,0.0,0.0
2024-04-04 12:30:00-04:00,1.0199999809265137,1.0399999618530273,1.0199999809265137,1.0399999618530273,2038,0.0,0.0
2024-04-05 09:30:00-04:00,1.0204999446868896,1.0204999446868896,1.0,1.0,9364,0.0,0.0
2024-04-05 10:30:00-04:00,1.0,1.020300030708313,1.0,1.0099999904632568,2330,0.0,0.0
2024-04-05 13:30:00-04:00,1.0299999713897705,1.0299999713897705,1.0299999713897705,1.0299999713897705,1073,0.0,0.0
2024-04-05 14:30:00-04:00,1.0299999713897705,1.0299999713897705,1.0199999809265137,1.0199999809265137,1616,0.0,0.0
2024-04-05 15:30:00-04:00,1.0199999809265137,1.0199999809265137,1.0199999809265137,1.0199999809265137,890,0.0,0.0
2024-04-08 09:30:00-04:00,1.0099999904632568,1.0099999904632568,1.0099999904632568,1.0099999904632568,1355,0.0,0.0
2024-04-08 10:30:00-04:00,1.000100016593933,1.000100016593933,1.000100016593933,1.000100016593933,1859,0.0,0.0
2024-04-08 11:30:00-04:00,1.0299999713897705,1.0299999713897705,1.0299999713897705,1.0299999713897705,2471,0.0,0.0
2024-04-08 13:30:00-04:00,1.034999966621399,1.034999966621399,1.034999966621399,1.034999966621399,1350,0.0,0.0
2024-04-09 09:30:00-04:00,1.0099999904632568,1.0399999618530273,1.0096999406814575,1.0399999618530273,4918,0.0,0.0
2024-04-09 11:30:00-04:00,1.0399999618530273,1.0399999618530273,1.0399999618530273,1.0399999618530273,177,0.0,0.0
2024-04-09 13:30:00-04:00,1.0800000429153442,1.0800000429153442,1.0549999475479126,1.0549999475479126,1045,0.0,0.0
2024-04-09 15:30:00-04:00,1.034999966621399,1.034999966621399,1.034999966621399,1.034999966621399,153,0.0,0.0
2024-04-10 09:30:00-04:00,1.059999942779541,1.0789999961853027,1.059999942779541,1.0750000476837158,2741,0.0,0.0
2024-04-10 10:30:00-04:00,1.0800000429153442,1.0800000429153442,1.0750000476837158,1.0800000429153442,2967,0.0,0.0
2024-04-10 11:30:00-04:00,1.089900016784668,1.2000000476837158,1.089900016784668,1.1399999856948853,13305,0.0,0.0
2024-04-10 12:30:00-04:00,1.1299999952316284,1.1299999952316284,1.100000023841858,1.100000023841858,5447,0.0,0.0
2024-04-10 13:30:00-04:00,1.0669000148773193,1.090000033378601,1.0669000148773193,1.090000033378601,585,0.0,0.0
2024-04-10 14:30:00-04:00,1.0399999618530273,1.0399999618530273,1.0099999904632568,1.0099999904632568,1300,0.0,0.0
2024-04-10 15:30:00-04:00,1.0499999523162842,1.0499999523162842,1.0199999809265137,1.0199999809265137,0,0.0,0.0
2024-04-11 10:30:00-04:00,1.0149999856948853,1.0149999856948853,1.0149999856948853,1.0149999856948853,2769,0.0,0.0
2024-04-11 13:30:00-04:00,1.0297000408172607,1.0298999547958374,1.0099999904632568,1.0099999904632568,1244,0.0,0.0
2024-04-11 14:30:00-04:00,1.0290000438690186,1.0290000438690186,1.0290000438690186,1.0290000438690186,1089,0.0,0.0
2024-04-11 15:30:00-04:00,1.0399999618530273,1.0399999618530273,1.0399999618530273,1.0399999618530273,8687,0.0,0.0
2024-04-12 09:30:00-04:00,1.0399999618530273,1.0399999618530273,1.0299999713897705,1.0299999713897705,994,0.0,0.0
2024-04-12 10:30:00-04:00,1.065000057220459,1.065000057220459,1.065000057220459,1.065000057220459,501,0.0,0.0
2024-04-12 11:30:00-04:00,1.0399999618530273,1.0399999618530273,1.0399999618530273,1.0399999618530273,1416,0.0,0.0
2024-04-12 12:30:00-04:00,1.0099999904632568,1.0099999904632568,1.0099999904632568,1.0099999904632568,1070,0.0,0.0
2024-04-12 14:30:00-04:00,1.0499999523162842,1.0499999523162842,1.0499999523162842,1.0499999523162842,3641,0.0,0.0
2024-04-15 09:30:00-04:00,1.0499999523162842,1.0499999523162842,1.0199999809265137,1.0286999940872192,4482,0.0,0.0
2024-04-15 12:30:00-04:00,1.0326999425888062,1.0499000549316406,1.0326999425888062,1.0499000549316406,2062,0.0,0.0
2024-04-15 13:30:00-04:00,1.0299999713897705,1.0399999618530273,1.0099999904632568,1.0399999618530273,3535,0.0,0.0
2024-04-15 14:30:00-04:00,1.0399999618530273,1.0399999618530273,1.0399999618530273,1.0399999618530273,49,0.0,0.0
2024-04-15 15:30:00-04:00,1.0099999904632568,1.0099999904632568,1.0099999904632568,1.0099999904632568,2320,0.0,0.0
2024-04-16 10:30:00-04:00,1.0307999849319458,1.0307999849319458,1.0199999809265137,1.0199999809265137,2233,0.0,0.0
2024-04-17 11:30:00-04:00,1.0396000146865845,1.0396000146865845,1.0396000146865845,1.0396000146865845,1882,0.0,0.0
2024-04-17 12:30:00-04:00,1.0298999547958374,1.0298999547958374,1.0298999547958374,1.0298999547958374,0,0.0,0.0
2024-04-17 13:30:00-04:00,1.0099999904632568,1.0390000343322754,1.0099999904632568,1.0390000343322754,573,0.0,0.0
2024-04-18 09:30:00-04:00,1.0099999904632568,1.0099999904632568,1.0099999904632568,1.0099999904632568,1099,0.0,0.0
2024-04-19 11:30:00-04:00,1.0298999547958374,1.0300999879837036,1.0199999809265137,1.0300999879837036,3296,0.0,0.0
2024-04-19 12:30:00-04:00,1.0490000247955322,1.0499999523162842,1.0490000247955322,1.0499000549316406,3773,0.0,0.0
2024-04-19 13:30:00-04:00,1.0800000429153442,1.0800000429153442,1.0549999475479126,1.0549999475479126,1516,0.0,0.0
2024-04-19 14:30:00-04:00,1.0441999435424805,1.0490000247955322,1.0441999435424805,1.0490000247955322,757,0.0,0.0
2024-04-19 15:30:00-04:00,1.034999966621399,1.034999966621399,1.034999966621399,1.034999966621399,6,0.0,0.0
2024-04-22 09:30:00-04:00,1.0499999523162842,1.0499999523162842,1.0300999879837036,1.0300999879837036,10258,0.0,0.0
2024-04-22 11:30:00-04:00,1.0299999713897705,1.0299999713897705,1.0299999713897705,1.0299999713897705,780,0.0,0.0
2024-04-22 13:30:00-04:00,1.0299999713897705,1.0299999713897705,1.0299999713897705,1.0299999713897705,105,0.0,0.0
2024-04-22 14:30:00-04:00,1.0399999618530273,1.0399999618530273,1.0399999618530273,1.0399999618530273,323,0.0,0.0
2024-04-22 15:30:00-04:00,1.059999942779541,1.0700000524520874,1.059999942779541,1.059999942779541,4603,0.0,0.0
2024-04-23 09:30:00-04:00,1.059999942779541,1.0700000524520874,1.059999942779541,1.0700000524520874,6881,0.0,0.0
2024-04-23 11:30:00-04:00,1.0816999673843384,1.0829999446868896,1.0800000429153442,1.0829999446868896,7203,0.0,0.0
2024-04-23 12:30:00-04:00,1.090000033378601,1.090000033378601,1.090000033378601,1.090000033378601,401,0.0,0.0
2024-04-23 13:30:00-04:00,1.0999000072479248,1.0999000072479248,1.0887000560760498,1.0887000560760498,2169,0.0,0.0
2024-04-23 14:30:00-04:00,1.080299973487854,1.080299973487854,1.0743000507354736,1.0743000507354736,1700,0.0,0.0
2024-04-23 15:30:00-04:00,1.0679999589920044,1.0679999589920044,1.0679999589920044,1.0679999589920044,0,0.0,0.0
2024-04-24 09:30:00-04:00,1.0600999593734741,1.0600999593734741,1.0600999593734741,1.0600999593734741,1609,0.0,0.0
2024-04-24 10:30:00-04:00,1.0600999593734741,1.1229000091552734,1.0600999593734741,1.1009999513626099,17995,0.0,0.0
2024-04-24 11:30:00-04:00,1.100000023841858,1.1045000553131104,1.0312000513076782,1.0312000513076782,2959,0.0,0.0
2024-04-25 09:30:00-04:00,1.090000033378601,1.090000033378601,1.090000033378601,1.090000033378601,1178,0.0,0.0
2024-04-25 13:30:00-04:00,1.0642000436782837,1.0642000436782837,1.0642000436782837,1.0642000436782837,1319,0.0,0.0
2024-04-25 14:30:00-04:00,1.0699000358581543,1.0914000272750854,1.059999942779541,1.0914000272750854,1292,0.0,0.0
2024-04-26 14:30:00-04:00,1.0700000524520874,1.0700000524520874,1.0700000524520874,1.0700000524520874,403,0.0,0.0
2024-04-29 09:30:00-04:00,1.0700000524520874,1.0800000429153442,1.0700000524520874,1.0800000429153442,1197,0.0,0.0
2024-04-29 10:30:00-04:00,1.0649000406265259,1.0649000406265259,1.0649000406265259,1.0649000406265259,501,0.0,0.0
2024-04-29 11:30:00-04:00,1.0700000524520874,1.0700000524520874,1.059999942779541,1.059999942779541,1739,0.0,0.0
2024-04-29 12:30:00-04:00,1.059999942779541,1.059999942779541,1.0499999523162842,1.0499999523162842,1602,0.0,0.0
2024-04-29 13:30:00-04:00,1.065000057220459,1.065000057220459,1.065000057220459,1.065000057220459,125,0.0,0.0
2024-04-30 12:30:00-04:00,1.0,1.0,0.9994000196456909,1.0,3313,0.0,0.0
2024-04-30 13:30:00-04:00,0.9750000238418579,1.0299999713897705,0.9599999785423279,1.0299999713897705,2318,0.0,0.0
2024-04-30 14:30:00-04:00,0.9700000286102295,1.0299999713897705,0.949999988079071,1.0299999713897705,7753,0.0,0.0
2024-04-30 15:30:00-04:00,1.0052000284194946,1.0053000450134277,0.9700000286102295,0.9700000286102295,812,0.0,0.0
2024-05-01 09:30:00-04:00,1.0099999904632568,1.0099999904632568,1.0099999904632568,1.0099999904632568,1380,0.0,0.0
2024-05-01 12:30:00-04:00,0.9800000190734863,0.9800000190734863,0.9800000190734863,0.9800000190734863,210,0.0,0.0
2024-05-01 13:30:00-04:00,0.9966999888420105,0.9966999888420105,0.9800000190734863,0.9965999722480774,1135,0.0,0.0
2024-05-01 14:30:00-04:00,0.9783999919891357,0.9783999919891357,0.9783999919891357,0.9783999919891357,1369,0.0,0.0
2024-05-02 09:30:00-04:00,1.0099999904632568,1.0099999904632568,1.0099999904632568,1.0099999904632568,1407,0.0,0.0
2024-05-02 10:30:00-04:00,0.9800000190734863,0.9800000190734863,0.9800000190734863,0.9800000190734863,537,0.0,0.0
2024-05-02 12:30:00-04:00,0.9900000095367432,0.9900000095367432,0.9800000190734863,0.9800000190734863,704,0.0,0.0
2024-05-03 10:30:00-04:00,0.9649999737739563,0.9800000190734863,0.9649999737739563,0.9649999737739563,2670,0.0,0.0
2024-05-03 12:30:00-04:00,0.9700000286102295,0.9700000286102295,0.9399999976158142,0.9399999976158142,6856,0.0,0.0
2024-05-03 13:30:00-04:00,0.9800000190734863,0.9800000190734863,0.9399999976158142,0.9399999976158142,3280,0.0,0.0
2024-05-03 14:30:00-04:00,0.9559999704360962,0.9559999704360962,0.9559999704360962,0.9559999704360962,0,0.0,0.0
2024-05-06 09:30:00-04:00,0.9700000286102295,0.9789999723434448,0.9700000286102295,0.9785000085830688,2331,0.0,0.0
2024-05-06 10:30:00-04:00,0.9799000024795532,0.9799000024795532,0.9399999976158142,0.9799000024795532,335,0.0,0.0
2024-05-06 14:30:00-04:00,1.0299999713897705,1.0299999713897705,1.0299999713897705,1.0299999713897705,644,0.0,0.0
2024-05-08 11:30:00-04:00,1.0499999523162842,1.0499999523162842,1.0499999523162842,1.0499999523162842,2809,0.0,0.0
2024-05-10 14:30:00-04:00,0.972100019454956,0.972100019454956,0.972100019454956,0.972100019454956,246,0.0,0.0
2024-05-13 09:30:00-04:00,1.0049999952316284,1.0049999952316284,1.0049999952316284,1.0049999952316284,414,0.0,0.0
2024-05-13 10:30:00-04:00,1.0078999996185303,1.0078999996185303,0.993399977684021,0.993399977684021,398,0.0,0.0
2024-05-13 11:30:00-04:00,1.0288000106811523,1.0288000106811523,0.9955000281333923,0.9955000281333923,3033,0.0,0.0
2024-05-13 15:30:00-04:00,0.949999988079071,0.949999988079071,0.949999988079071,0.949999988079071,150,0.0,0.0
2024-05-14 09:30:00-04:00,1.0099999904632568,1.0099999904632568,1.0099999904632568,1.0099999904632568,1492,0.0,0.0
2024-05-14 11:30:00-04:00,0.9800000190734863,0.9800000190734863,0.9750000238418579,0.9750000238418579,1441,0.0,0.0
2024-05-14 15:30:00-04:00,0.9699000120162964,0.9699000120162964,0.9699000120162964,0.9699000120162964,563,0.0,0.0
2024-05-15 10:30:00-04:00,0.9000999927520752,0.9000999927520752,0.9000999927520752,0.9000999927520752,1965,0.0,0.0
2024-05-15 11:30:00-04:00,0.9700000286102295,0.9700000286102295,0.9700000286102295,0.9700000286102295,3566,0.0,0.0
2024-05-16 09:30:00-04:00,0.8799999952316284,0.9240000247955322,0.8799999952316284,0.9100000262260437,3647,0.0,0.0
2024-05-16 10:30:00-04:00,0.8799999952316284,0.8799999952316284,0.8799999952316284,0.8799999952316284,687,0.0,0.0
2024-05-16 14:30:00-04:00,0.9649999737739563,0.9800000190734863,0.9200000166893005,0.9460999965667725,13372,0.0,0.0
2024-05-16 15:30:00-04:00,0.9549999833106995,0.9549999833106995,0.9549999833106995,0.9549999833106995,440,0.0,0.0
2024-05-17 09:30:00-04:00,0.9549999833106995,0.9549999833106995,0.949999988079071,0.9549999833106995,10269,0.0,0.0
2024-05-17 10:30:00-04:00,0.8901000022888184,0.949999988079071,0.8901000022888184,0.8902000188827515,6589,0.0,0.0
2024-05-17 11:30:00-04:00,0.9399999976158142,0.9399999976158142,0.9399999976158142,0.9399999976158142,2019,0.0,0.0
2024-05-17 12:30:00-04:00,0.9549000263214111,0.9549000263214111,0.9200000166893005,0.9200000166893005,1588,0.0,0.0
2024-05-17 13:30:00-04:00,0.9200000166893005,0.9200000166893005,0.9200000166893005,0.9200000166893005,4734,0.0,0.0
2024-05-20 10:30:00-04:00,0.9020000100135803,0.9020000100135803,0.8949999809265137,0.8949999809265137,2687,0.0,0.0
2024-05-20 11:30:00-04:00,0.9018999934196472,0.9049999713897705,0.9018999934196472,0.9049999713897705,1574,0.0,0.0
2024-05-20 14:30:00-04:00,0.9049999713897705,0.9049999713897705,0.9020000100135803,0.9020000100135803,3647,0.0,0.0
2024-05-21 09:30:00-04:00,0.8899999856948853,0.8899999856948853,0.8799999952316284,0.8799999952316284,2848,0.0,0.0
2024-05-21 10:30:00-04:00,0.8949000239372253,0.8949000239372253,0.8500000238418579,0.8931999802589417,8379,0.0,0.0
2024-05-21 12:30:00-04:00,0.8791000247001648,0.8791000247001648,0.8791000247001648,0.8791000247001648,195,0.0,0.0
2024-05-21 13:30:00-04:00,0.8500999808311462,0.8500999808311462,0.8500999808311462,0.8500999808311462,381,0.0,0.0
2024-05-21 14:30:00-04:00,0.8664000034332275,0.8700000047683716,0.8600000143051147,0.8700000047683716,2808,0.0,0.0
2024-05-21 15:30:00-04:00,0.8500000238418579,0.8500000238418579,0.8500000238418579,0.8500000238418579,52,0.0,0.0
2024-05-22 09:30:00-04:00,0.8999000191688538,0.8999000191688538,0.8700000047683716,0.8700000047683716,2666,0.0,0.0
2024-05-22 10:30:00-04:00,0.8684999942779541,0.8684999942779541,0.8684999942779541,0.8684999942779541,1001,0.0,0.0
2024-05-22 11:30:00-04:00,0.8550000190734863,0.8600000143051147,0.8550000190734863,0.8600000143051147,2346,0.0,0.0
2024-05-22 13:30:00-04:00,0.8600000143051147,0.8600000143051147,0.8600000143051147,0.8600000143051147,2489,0.0,0.0
2024-05-23 09:30:00-04:00,0.843500018119812,0.864300012588501,0.843500018119812,0.843500018119812,1777,0.0,0.0
2024-05-23 10:30:00-04:00,0.8438000082969666,0.8438000082969666,0.8436999917030334,0.8438000082969666,1837,0.0,0.0
2024-05-23 12:30:00-04:00,0.843500018119812,0.843500018119812,0.843500018119812,0.843500018119812,1607,0.0,0.0
2024-05-23 15:30:00-04:00,0.8400999903678894,0.8400999903678894,0.8399999737739563,0.8399999737739563,6900,0.0,0.0
2024-05-24 09:30:00-04:00,0.8486999869346619,0.8486999869346619,0.8486999869346619,0.8486999869346619,129,0.0,0.0
2024-05-24 11:30:00-04:00,0.8998000025749207,0.8998000025749207,0.8998000025749207,0.8998000025749207,315,0.0,0.0
2024-05-24 13:30:00-04:00,0.8998000025749207,0.8998000025749207,0.8199999928474426,0.8199999928474426,2972,0.0,0.0
2024-05-24 15:30:00-04:00,0.8209999799728394,0.8209999799728394,0.8209999799728394,0.8209999799728394,189,0.0,0.0
2024-05-28 09:30:00-04:00,0.8299999833106995,0.8299999833106995,0.8299999833106995,0.8299999833106995,764,0.0,0.0
2024-05-28 10:30:00-04:00,0.8399999737739563,0.8399999737739563,0.8399999737739563,0.8399999737739563,248,0.0,0.0
2024-05-28 11:30:00-04:00,0.8410000205039978,0.8410000205039978,0.8400999903678894,0.8400999903678894,1727,0.0,0.0
2024-05-28 12:30:00-04:00,0.8299999833106995,0.8720999956130981,0.8299999833106995,0.8720999956130981,3063,0.0,0.0
2024-05-29 12:30:00-04:00,0.8995000123977661,0.8995000123977661,0.8995000123977661,0.8995000123977661,2499,0.0,0.0
2024-05-29 15:30:00-04:00,0.8610000014305115,0.8610000014305115,0.8610000014305115,0.8610000014305115,695,0.0,0.0
2024-05-30 09:30:00-04:00,0.8500000238418579,0.8998000025749207,0.8500000238418579,0.8998000025749207,517,0.0,0.0
2024-05-30 10:30:00-04:00,0.8709999918937683,0.8709999918937683,0.8709999918937683,0.8709999918937683,551,0.0,0.0
2024-05-30 12:30:00-04:00,0.8999000191688538,0.8999000191688538,0.8999000191688538,0.8999000191688538,1934,0.0,0.0
2024-05-30 13:30:00-04:00,0.8791999816894531,0.8791999816894531,0.8791999816894531,0.8791999816894531,150,0.0,0.0
2024-05-30 14:30:00-04:00,0.8510000109672546,0.8510000109672546,0.8510000109672546,0.8510000109672546,199,0.0,0.0
2024-05-31 12:30:00-04:00,0.8659999966621399,0.8669999837875366,0.8659999966621399,0.8669999837875366,1404,0.0,0.0
2024-05-31 15:30:00-04:00,0.8834999799728394,0.8834999799728394,0.8834999799728394,0.8834999799728394,2128,0.0,0.0
2024-06-03 09:30:00-04:00,0.8999000191688538,0.8999000191688538,0.8519999980926514,0.8755000233650208,2122,0.0,0.0
2024-06-04 09:30:00-04:00,0.8989999890327454,0.8991000056266785,0.8989999890327454,0.8991000056266785,1884,0.0,0.0
2024-06-04 12:30:00-04:00,0.8992000222206116,0.8992000222206116,0.8991000056266785,0.8991000056266785,1546,0.0,0.0
2024-06-04 15:30:00-04:00,0.8848999738693237,0.8848999738693237,0.8848999738693237,0.8848999738693237,983,0.0,0.0
2024-06-05 11:30:00-04:00,0.8510000109672546,0.8510000109672546,0.8510000109672546,0.8510000109672546,1181,0.0,0.0
2024-06-05 13:30:00-04:00,0.8989999890327454,0.8999000191688538,0.8989999890327454,0.8999000191688538,2382,0.0,0.0
2024-06-06 09:30:00-04:00,0.8550000190734863,0.8550000190734863,0.8476999998092651,0.8476999998092651,1105,0.0,0.0
2024-06-07 10:30:00-04:00,0.8299999833106995,0.8299999833106995,0.8199999928474426,0.8199999928474426,2759,0.0,0.0
2024-06-07 15:30:00-04:00,0.8300999999046326,0.8300999999046326,0.8299999833106995,0.8299999833106995,1817,0.0,0.0
2024-06-10 09:30:00-04:00,0.8569999933242798,0.8669999837875366,0.8569999933242798,0.8669999837875366,480,0.0,0.0
2024-06-10 13:30:00-04:00,0.8700000047683716,0.8700000047683716,0.8700000047683716,0.8700000047683716,1067,0.0,0.0
2024-06-11 11:30:00-04:00,0.8410000205039978,0.8410000205039978,0.8410000205039978,0.8410000205039978,602,0.0,0.0
2024-06-11 14:30:00-04:00,0.8600000143051147,0.8600000143051147,0.8600000143051147,0.8600000143051147,329,0.0,0.0
2024-06-12 10:30:00-04:00,0.8299999833106995,0.8299999833106995,0.8299999833106995,0.8299999833106995,339,0.0,0.0
2024-06-12 11:30:00-04:00,0.8700000047683716,0.8700000047683716,0.8700000047683716,0.8700000047683716,547,0.0,0.0
2024-06-12 13:30:00-04:00,0.8648999929428101,0.8650000095367432,0.8623999953269958,0.8623999953269958,712,0.0,0.0
2024-06-12 15:30:00-04:00,0.8300999999046326,0.8300999999046326,0.8300999999046326,0.8300999999046326,2142,0.0,0.0
2024-06-13 09:30:00-04:00,0.8690000176429749,0.8690000176429749,0.8690000176429749,0.8690000176429749,440,0.0,0.0
2024-06-13 10:30:00-04:00,0.8215000033378601,0.8215000033378601,0.8215000033378601,0.8215000033378601,9430,0.0,0.0
2024-06-13 12:30:00-04:00,0.9300000071525574,0.9300000071525574,0.9300000071525574,0.9300000071525574,623,0.0,0.0
2024-06-13 13:30:00-04:00,0.8899000287055969,0.8899000287055969,0.8899000287055969,0.8899000287055969,2649,0.0,0.0
2024-06-13 14:30:00-04:00,0.8215000033378601,0.8215000033378601,0.8215000033378601,0.8215000033378601,1034,0.0,0.0
2024-06-14 09:30:00-04:00,0.9607999920845032,0.9607999920845032,0.875,0.9599999785423279,2562,0.0,0.0
2024-06-14 10:30:00-04:00,0.8199999928474426,0.9150000214576721,0.8199999928474426,0.8199999928474426,865,0.0,0.0
2024-06-14 13:30:00-04:00,0.8799999952316284,0.8799999952316284,0.8799999952316284,0.8799999952316284,732,0.0,0.0
2024-06-17 09:30:00-04:00,0.770799994468689,0.8698999881744385,0.770799994468689,0.8399999737739563,3182,0.0,0.0
2024-06-17 10:30:00-04:00,0.8700000047683716,0.8700000047683716,0.8700000047683716,0.8700000047683716,2361,0.0,0.0
2024-06-17 11:30:00-04:00,0.8199999928474426,0.8199999928474426,0.8199999928474426,0.8199999928474426,1317,0.0,0.0
2024-06-17 12:30:00-04:00,0.8181999921798706,0.8181999921798706,0.8181999921798706,0.8181999921798706,958,0.0,0.0
2024-06-18 09:30:00-04:00,0.829800009727478,0.829800009727478,0.829800009727478,0.829800009727478,1697,0.0,0.0
2024-06-18 15:30:00-04:00,0.8399999737739563,0.8399999737739563,0.8399999737739563,0.8399999737739563,353,0.0,0.0
2024-06-20 09:30:00-04:00,0.9599000215530396,0.9599000215530396,0.890999972820282,0.949999988079071,0,0.0,0.0
2024-06-20 11:30:00-04:00,0.949999988079071,0.949999988079071,0.949999988079071,0.949999988079071,1141,0.0,0.0
2024-06-20 12:30:00-04:00,0.8603000044822693,0.8604999780654907,0.8600000143051147,0.8600000143051147,1642,0.0,0.0
2024-06-21 09:30:00-04:00,0.8600000143051147,0.8600000143051147,0.8600000143051147,0.8600000143051147,846,0.0,0.0
2024-06-21 11:30:00-04:00,0.8600000143051147,0.8600000143051147,0.8399999737739563,0.8399999737739563,2205,0.0,0.0
2024-06-21 12:30:00-04:00,0.8349999785423279,0.8349999785423279,0.8349999785423279,0.8349999785423279,478,0.0,0.0
2024-06-21 14:30:00-04:00,0.8100000023841858,0.8100000023841858,0.8100000023841858,0.8100000023841858,653,0.0,0.0
2024-06-21 15:30:00-04:00,0.8504999876022339,0.8504999876022339,0.8500000238418579,0.8500000238418579,661,0.0,0.0
2024-06-24 09:30:00-04:00,0.8349999785423279,0.9485999941825867,0.8100000023841858,0.8100000023841858,2388,0.0,0.0
2024-06-24 10:30:00-04:00,0.8100000023841858,0.8100000023841858,0.8100000023841858,0.8100000023841858,2585,0.0,0.0
2024-06-25 09:30:00-04:00,0.8600000143051147,0.8600000143051147,0.8199999928474426,0.8199999928474426,820,0.0,0.0
2024-06-25 10:30:00-04:00,0.8100000023841858,0.8100000023841858,0.8100000023841858,0.8100000023841858,152,0.0,0.0
2024-06-25 14:30:00-04:00,0.8999999761581421,0.8999999761581421,0.8999999761581421,0.8999999761581421,681,0.0,0.0
2024-06-26 11:30:00-04:00,0.8450000286102295,0.8450000286102295,0.8450000286102295,0.8450000286102295,1002,0.0,0.0
2024-06-26 12:30:00-04:00,0.8209999799728394,0.8209999799728394,0.8209999799728394,0.8209999799728394,0,0.0,0.0
2024-06-26 13:30:00-04:00,0.8700000047683716,0.8700000047683716,0.8700000047683716,0.8700000047683716,920,0.0,0.0
2024-06-27 15:30:00-04:00,0.8460000157356262,0.8460000157356262,0.8460000157356262,0.8460000157356262,176,0.0,0.0
2024-07-01 09:30:00-04:00,0.8450999855995178,0.8450999855995178,0.8450999855995178,0.8450999855995178,701,0.0,0.0
2024-07-01 12:30:00-04:00,0.8521000146865845,0.8603000044822693,0.8521000146865845,0.8603000044822693,1112,0.0,0.0
2024-07-03 09:30:00-04:00,0.8999999761581421,0.8999999761581421,0.8399999737739563,0.8399999737739563,2361,0.0,0.0
2024-07-03 12:30:00-04:00,0.8399999737739563,0.8579999804496765,0.8399999737739563,0.8400999903678894,33486,0.0,0.0
2024-07-05 09:30:00-04:00,0.9399999976158142,0.9399999976158142,0.8400999903678894,0.8999000191688538,3294,0.0,0.0
2024-07-05 12:30:00-04:00,0.8299999833106995,0.8299999833106995,0.8299999833106995,0.8299999833106995,327,0.0,0.0
2024-07-05 13:30:00-04:00,0.8600000143051147,0.8600000143051147,0.8600000143051147,0.8600000143051147,342,0.0,0.0
2024-07-08 09:30:00-04:00,0.9300000071525574,0.9300000071525574,0.8299999833106995,0.8299999833106995,1235,0.0,0.0
2024-07-08 10:30:00-04:00,0.875,0.875,0.875,0.875,665,0.0,0.0
2024-07-08 15:30:00-04:00,0.8299999833106995,0.8299999833106995,0.8299999833106995,0.8299999833106995,296,0.0,0.0
2024-07-09 10:30:00-04:00,0.8299999833106995,0.8299999833106995,0.8299999833106995,0.8299999833106995,2015,0.0,0.0
2024-07-09 11:30:00-04:00,0.8300999999046326,0.8300999999046326,0.8300999999046326,0.8300999999046326,1511,0.0,0.0
2024-07-09 12:30:00-04:00,0.8299999833106995,0.8450999855995178,0.800000011920929,0.800000011920929,2212,0.0,0.0
2024-07-09 14:30:00-04:00,0.8500000238418579,0.8500000238418579,0.8091999888420105,0.8091999888420105,3020,0.0,0.0
2024-07-10 09:30:00-04:00,0.8799999952316284,0.8799999952316284,0.8799999952316284,0.8799999952316284,0,0.0,0.0
2024-07-11 09:30:00-04:00,0.8892999887466431,0.8892999887466431,0.8698999881744385,0.8698999881744385,3032,0.0,0.0
2024-07-11 10:30:00-04:00,0.8700000047683716,0.8700000047683716,0.8700000047683716,0.8700000047683716,1562,0.0,0.0
2024-07-12 10:30:00-04:00,0.8700000047683716,0.8700000047683716,0.8700000047683716,0.8700000047683716,1682,0.0,0.0
2024-07-12 12:30:00-04:00,0.8256000280380249,0.8256000280380249,0.8256000280380249,0.8256000280380249,629,0.0,0.0
2024-07-12 15:30:00-04:00,0.843999981880188,0.843999981880188,0.843999981880188,0.843999981880188,127,0.0,0.0
2024-07-15 09:30:00-04:00,0.8999999761581421,0.8999999761581421,0.8847000002861023,0.8847000002861023,732,0.0,0.0
2024-07-15 10:30:00-04:00,0.8822000026702881,0.8822000026702881,0.8822000026702881,0.8822000026702881,442,0.0,0.0
2024-07-15 11:30:00-04:00,0.8500000238418579,0.8500000238418579,0.8500000238418579,0.8500000238418579,0,0.0,0.0
2024-07-15 12:30:00-04:00,0.8500999808311462,0.8500999808311462,0.8500999808311462,0.8500999808311462,1440,0.0,0.0
2024-07-16 09:30:00-04:00,0.9269999861717224,0.9269999861717224,0.8899999856948853,0.8899999856948853,9403,0.0,0.0
2024-07-16 11:30:00-04:00,0.8899999856948853,0.8899999856948853,0.8899999856948853,0.8899999856948853,1041,0.0,0.0
2024-07-16 14:30:00-04:00,0.8899999856948853,0.8899999856948853,0.8899999856948853,0.8899999856948853,374,0.0,0.0
2024-07-16 15:30:00-04:00,0.8949999809265137,0.8949999809265137,0.8899999856948853,0.8899999856948853,421,0.0,0.0
2024-07-17 09:30:00-04:00,0.8899999856948853,0.8999999761581421,0.8899999856948853,0.8999999761581421,6769,0.0,0.0
2024-07-17 11:30:00-04:00,0.8299999833106995,0.8299999833106995,0.8299999833106995,0.8299999833106995,630,0.0,0.0
2024-07-18 13:30:00-04:00,0.8799999952316284,0.8899999856948853,0.8799999952316284,0.8899999856948853,1400,0.0,0.0
2024-07-19 09:30:00-04:00,0.9100000262260437,0.9100000262260437,0.9100000262260437,0.9100000262260437,776,0.0,0.0
2024-07-19 12:30:00-04:00,0.8626999855041504,0.8626999855041504,0.8626999855041504,0.8626999855041504,316,0.0,0.0
2024-07-19 14:30:00-04:00,0.8575999736785889,0.8575999736785889,0.8575999736785889,0.8575999736785889,677,0.0,0.0
2024-07-22 09:30:00-04:00,0.8299999833106995,0.8658000230789185,0.8205000162124634,0.8658000230789185,2367,0.0,0.0
2024-07-22 10:30:00-04:00,0.8700000047683716,0.8700000047683716,0.8700000047683716,0.8700000047683716,220,0.0,0.0
2024-07-22 13:30:00-04:00,0.8665000200271606,0.8665000200271606,0.8665000200271606,0.8665000200271606,130,0.0,0.0
2024-07-22 14:30:00-04:00,0.8517000079154968,0.8517000079154968,0.8517000079154968,0.8517000079154968,321,0.0,0.0
2024-07-23 12:30:00-04:00,0.8500999808311462,0.8500999808311462,0.8500000238418579,0.8500000238418579,391,0.0,0.0
2024-07-24 09:30:00-04:00,0.8199999928474426,0.8199999928474426,0.8199999928474426,0.8199999928474426,2854,0.0,0.0
2024-07-24 13:30:00-04:00,0.8199999928474426,0.8199999928474426,0.8199999928474426,0.8199999928474426,165,0.0,0.0
2024-07-24 15:30:00-04:00,0.805899977684021,0.8100000023841858,0.7799999713897705,0.7799999713897705,1943,0.0,0.0
2024-07-25 09:30:00-04:00,0.8600000143051147,0.8600000143051147,0.8600000143051147,0.8600000143051147,925,0.0,0.0
2024-07-25 14:30:00-04:00,0.8474000096321106,0.8499000072479248,0.8474000096321106,0.8499000072479248,994,0.0,0.0
2024-07-26 11:30:00-04:00,0.8450000286102295,0.8600000143051147,0.8450000286102295,0.8450000286102295,2477,0.0,0.0
2024-07-26 13:30:00-04:00,0.8504999876022339,0.8504999876022339,0.8504999876022339,0.8504999876022339,200,0.0,0.0
2024-07-26 14:30:00-04:00,0.8579999804496765,0.8579999804496765,0.8579999804496765,0.8579999804496765,1582,0.0,0.0
2024-07-26 15:30:00-04:00,0.857699990272522,0.857699990272522,0.857699990272522,0.857699990272522,238,0.0,0.0
