Datetime,Open,High,Low,Close,Volume,Dividends,Stock Splits
2022-07-28 09:30:00-04:00,2.130000114440918,2.299999952316284,2.049999952316284,2.049999952316284,0,0.0,0.0
2022-07-28 10:30:00-04:00,2.109999895095825,2.1600000858306885,2.059999942779541,2.1500000953674316,26284,0.0,0.0
2022-07-28 11:30:00-04:00,2.140000104904175,2.200000047683716,2.0799999237060547,2.130000114440918,35239,0.0,0.0
2022-07-28 12:30:00-04:00,2.0899999141693115,2.1500000953674316,2.0799999237060547,2.0799999237060547,31865,0.0,0.0
2022-07-28 13:30:00-04:00,2.0799999237060547,2.119999885559082,2.069999933242798,2.0899999141693115,15965,0.0,0.0
2022-07-28 14:30:00-04:00,2.0899999141693115,2.109999895095825,2.0799999237060547,2.109999895095825,16837,0.0,0.0
2022-07-28 15:30:00-04:00,2.109999895095825,2.1500000953674316,2.1050000190734863,2.1500000953674316,43383,0.0,0.0
2022-07-29 09:30:00-04:00,2.3499999046325684,2.4200000762939453,2.2899999618530273,2.3399999141693115,337962,0.0,0.0
2022-07-29 10:30:00-04:00,2.3469998836517334,2.549999952316284,2.3399999141693115,2.484999895095825,271845,0.0,0.0
2022-07-29 11:30:00-04:00,2.4700000286102295,2.4800000190734863,2.2899999618530273,2.3299999237060547,121488,0.0,0.0
2022-07-29 12:30:00-04:00,2.3450000286102295,2.3798999786376953,2.3299999237060547,2.3399999141693115,41974,0.0,0.0
2022-07-29 13:30:00-04:00,2.3422999382019043,2.4000000953674316,2.3399999141693115,2.3949999809265137,33754,0.0,0.0
2022-07-29 14:30:00-04:00,2.396399974822998,2.4100000858306885,2.369999885559082,2.4000000953674316,54662,0.0,0.0
2022-07-29 15:30:00-04:00,2.382999897003174,2.440000057220459,2.380000114440918,2.4149999618530273,79067,0.0,0.0
2022-08-01 09:30:00-04:00,2.3499999046325684,2.4100000858306885,2.180000066757202,2.180000066757202,89782,0.0,0.0
2022-08-01 10:30:00-04:00,2.180000066757202,2.2428998947143555,2.180000066757202,2.2200000286102295,132674,0.0,0.0
2022-08-01 11:30:00-04:00,2.2200000286102295,2.26990008354187,2.2200000286102295,2.259999990463257,111196,0.0,0.0
2022-08-01 12:30:00-04:00,2.259999990463257,2.2772998809814453,2.2300000190734863,2.234999895095825,31852,0.0,0.0
2022-08-01 13:30:00-04:00,2.2300000190734863,2.25,2.200000047683716,2.240000009536743,25686,0.0,0.0
2022-08-01 14:30:00-04:00,2.25,2.259999990463257,2.2200000286102295,2.259999990463257,142822,0.0,0.0
2022-08-01 15:30:00-04:00,2.2200000286102295,2.2699999809265137,2.2200000286102295,2.25,28460,0.0,0.0
2022-08-02 09:30:00-04:00,2.259999990463257,2.309999942779541,2.2200000286102295,2.309999942779541,23472,0.0,0.0
2022-08-02 10:30:00-04:00,2.309999942779541,2.359999895095825,2.299999952316284,2.3350000381469727,18695,0.0,0.0
2022-08-02 11:30:00-04:00,2.3299999237060547,2.390000104904175,2.3299999237060547,2.359999895095825,24982,0.0,0.0
2022-08-02 12:30:00-04:00,2.359999895095825,2.380000114440918,2.3499999046325684,2.3499999046325684,15491,0.0,0.0
2022-08-02 13:30:00-04:00,2.3399999141693115,2.3499999046325684,2.299999952316284,2.3499999046325684,30194,0.0,0.0
2022-08-02 14:30:00-04:00,2.3499999046325684,2.380000114440918,2.3499999046325684,2.380000114440918,19518,0.0,0.0
2022-08-02 15:30:00-04:00,2.369999885559082,2.4200000762939453,2.369999885559082,2.390000104904175,29312,0.0,0.0
2022-08-03 09:30:00-04:00,2.4100000858306885,2.440000057220459,2.309999942779541,2.3299999237060547,31117,0.0,0.0
2022-08-03 10:30:00-04:00,2.3550000190734863,2.390000104904175,2.259999990463257,2.319999933242798,21048,0.0,0.0
2022-08-03 11:30:00-04:00,2.319999933242798,2.3450000286102295,2.300100088119507,2.3322999477386475,40816,0.0,0.0
2022-08-03 12:30:00-04:00,2.319999933242798,2.3598999977111816,2.319999933242798,2.3524999618530273,16092,0.0,0.0
2022-08-03 13:30:00-04:00,2.3399999141693115,2.3949999809265137,2.3399999141693115,2.369999885559082,6199,0.0,0.0
2022-08-03 14:30:00-04:00,2.369999885559082,2.369999885559082,2.345900058746338,2.345900058746338,6558,0.0,0.0
2022-08-03 15:30:00-04:00,2.380000114440918,2.380000114440918,2.3299999237060547,2.359999895095825,9130,0.0,0.0
2022-08-04 09:30:00-04:00,2.301100015640259,2.380000114440918,2.25,2.369999885559082,34305,0.0,0.0
2022-08-04 10:30:00-04:00,2.369999885559082,2.369999885559082,2.309999942779541,2.309999942779541,60254,0.0,0.0
2022-08-04 11:30:00-04:00,2.309999942779541,2.3350000381469727,2.309999942779541,2.3350000381469727,113095,0.0,0.0
2022-08-04 12:30:00-04:00,2.3350000381469727,2.3399999141693115,2.305000066757202,2.3190999031066895,75114,0.0,0.0
2022-08-04 13:30:00-04:00,2.3299999237060547,2.3299999237060547,2.309999942779541,2.309999942779541,10178,0.0,0.0
2022-08-04 14:30:00-04:00,2.319999933242798,2.3399999141693115,2.299999952316284,2.309999942779541,58919,0.0,0.0
2022-08-04 15:30:00-04:00,2.309999942779541,2.3299999237060547,2.240000009536743,2.25,139774,0.0,0.0
2022-08-05 09:30:00-04:00,2.240000009536743,2.380000114440918,2.240000009536743,2.3499999046325684,79153,0.0,0.0
2022-08-05 10:30:00-04:00,2.3499999046325684,2.369999885559082,2.3399999141693115,2.3450000286102295,50292,0.0,0.0
2022-08-05 11:30:00-04:00,2.3450000286102295,2.359999895095825,2.3299999237060547,2.3399999141693115,15472,0.0,0.0
2022-08-05 12:30:00-04:00,2.3399999141693115,2.359999895095825,2.3299999237060547,2.3399999141693115,27853,0.0,0.0
2022-08-05 13:30:00-04:00,2.3450000286102295,2.380000114440918,2.3399999141693115,2.369999885559082,57975,0.0,0.0
2022-08-05 14:30:00-04:00,2.3499999046325684,2.365000009536743,2.3345000743865967,2.3399999141693115,71819,0.0,0.0
2022-08-05 15:30:00-04:00,2.3399999141693115,2.3550000190734863,2.319999933242798,2.319999933242798,47671,0.0,0.0
2022-08-08 09:30:00-04:00,2.3299999237060547,2.4384000301361084,2.3299999237060547,2.384999990463257,47185,0.0,0.0
2022-08-08 10:30:00-04:00,2.380000114440918,2.4298999309539795,2.380000114440918,2.4149999618530273,39333,0.0,0.0
2022-08-08 11:30:00-04:00,2.4100000858306885,2.440000057220459,2.4000000953674316,2.423799991607666,52938,0.0,0.0
2022-08-08 12:30:00-04:00,2.4200000762939453,2.4200000762939453,2.4100000858306885,2.4100000858306885,8973,0.0,0.0
2022-08-08 13:30:00-04:00,2.4100000858306885,2.4200000762939453,2.380000114440918,2.4100000858306885,30174,0.0,0.0
2022-08-08 14:30:00-04:00,2.4100000858306885,2.4200000762939453,2.390000104904175,2.4161999225616455,37616,0.0,0.0
2022-08-08 15:30:00-04:00,2.4149999618530273,2.4200000762939453,2.380000114440918,2.4200000762939453,23119,0.0,0.0
2022-08-09 09:30:00-04:00,2.4200000762939453,2.4800000190734863,2.3592000007629395,2.450000047683716,34080,0.0,0.0
2022-08-09 10:30:00-04:00,2.450000047683716,2.4749999046325684,2.450000047683716,2.4700000286102295,11347,0.0,0.0
2022-08-09 11:30:00-04:00,2.4649999141693115,2.4700000286102295,2.4600000381469727,2.4700000286102295,19737,0.0,0.0
2022-08-09 12:30:00-04:00,2.4749999046325684,2.4800000190734863,2.4649999141693115,2.470400094985962,34849,0.0,0.0
2022-08-09 13:30:00-04:00,2.4800000190734863,2.490000009536743,2.4700000286102295,2.4700000286102295,51180,0.0,0.0
2022-08-09 14:30:00-04:00,2.4700000286102295,2.4800000190734863,2.4649999141693115,2.4800000190734863,17919,0.0,0.0
2022-08-09 15:30:00-04:00,2.4749999046325684,2.549999952316284,2.4700000286102295,2.549999952316284,52410,0.0,0.0
2022-08-10 09:30:00-04:00,2.5,2.555000066757202,2.299999952316284,2.3201000690460205,223313,0.0,0.0
2022-08-10 10:30:00-04:00,2.319999933242798,2.450000047683716,2.25,2.25,115084,0.0,0.0
2022-08-10 11:30:00-04:00,2.240000009536743,2.2799999713897705,2.1500000953674316,2.2100000381469727,133404,0.0,0.0
2022-08-10 12:30:00-04:00,2.2200000286102295,2.255000114440918,2.1700000762939453,2.1700000762939453,54366,0.0,0.0
2022-08-10 13:30:00-04:00,2.180299997329712,2.2200000286102295,2.1500000953674316,2.1700000762939453,55913,0.0,0.0
2022-08-10 14:30:00-04:00,2.1700000762939453,2.180000066757202,2.119999885559082,2.119999885559082,88643,0.0,0.0
2022-08-10 15:30:00-04:00,2.129300117492676,2.1500000953674316,2.0999999046325684,2.109999895095825,75301,0.0,0.0
2022-08-11 09:30:00-04:00,2.140000104904175,2.187999963760376,2.130000114440918,2.130000114440918,91491,0.0,0.0
2022-08-11 10:30:00-04:00,2.140000104904175,2.1600000858306885,2.0999999046325684,2.1019999980926514,46554,0.0,0.0
2022-08-11 11:30:00-04:00,2.109999895095825,2.119999885559082,2.0999999046325684,2.1133999824523926,24323,0.0,0.0
2022-08-11 12:30:00-04:00,2.115000009536743,2.1600000858306885,2.109999895095825,2.1500000953674316,62709,0.0,0.0
2022-08-11 13:30:00-04:00,2.1549999713897705,2.199899911880493,2.1500000953674316,2.184999942779541,69278,0.0,0.0
2022-08-11 14:30:00-04:00,2.184999942779541,2.184999942779541,2.0999999046325684,2.109999895095825,96044,0.0,0.0
2022-08-11 15:30:00-04:00,2.109999895095825,2.140000104904175,2.1050000190734863,2.130000114440918,47245,0.0,0.0
2022-08-12 09:30:00-04:00,2.1600000858306885,2.1600000858306885,2.0434000492095947,2.0799999237060547,81868,0.0,0.0
2022-08-12 10:30:00-04:00,2.059999942779541,2.0887999534606934,2.049999952316284,2.0725998878479004,28452,0.0,0.0
2022-08-12 11:30:00-04:00,2.069999933242798,2.0899999141693115,2.049999952316284,2.0850000381469727,29040,0.0,0.0
2022-08-12 12:30:00-04:00,2.0850000381469727,2.0999999046325684,2.0799999237060547,2.0980000495910645,40731,0.0,0.0
2022-08-12 13:30:00-04:00,2.0950000286102295,2.109999895095825,2.0899999141693115,2.0950000286102295,35781,0.0,0.0
2022-08-12 14:30:00-04:00,2.0950000286102295,2.119999885559082,2.0950000286102295,2.1050000190734863,17411,0.0,0.0
2022-08-12 15:30:00-04:00,2.0999999046325684,2.140000104904175,2.059999942779541,2.119999885559082,86585,0.0,0.0
2022-08-15 09:30:00-04:00,2.049999952316284,2.130000114440918,1.9199999570846558,1.9900000095367432,250008,0.0,0.0
2022-08-15 10:30:00-04:00,1.9950000047683716,2.0299999713897705,1.9900000095367432,2.009999990463257,37061,0.0,0.0
2022-08-15 11:30:00-04:00,2.0,2.0299999713897705,1.9900000095367432,2.0199999809265137,24988,0.0,0.0
2022-08-15 12:30:00-04:00,2.01990008354187,2.0199999809265137,1.9600000381469727,1.9600000381469727,28471,0.0,0.0
2022-08-15 13:30:00-04:00,1.9600000381469727,2.0,1.9600000381469727,1.9700000286102295,62057,0.0,0.0
2022-08-15 14:30:00-04:00,1.9601000547409058,2.0199999809265137,1.9600000381469727,1.9916000366210938,33878,0.0,0.0
2022-08-15 15:30:00-04:00,1.9950000047683716,1.999899983406067,1.9700000286102295,1.9800000190734863,24622,0.0,0.0
2022-08-16 09:30:00-04:00,1.9900000095367432,2.009999990463257,1.9800000190734863,1.989400029182434,17369,0.0,0.0
2022-08-16 10:30:00-04:00,1.9850000143051147,1.9891999959945679,1.9199999570846558,1.9249999523162842,24828,0.0,0.0
2022-08-16 11:30:00-04:00,1.9249999523162842,1.940000057220459,1.9199999570846558,1.9299999475479126,19754,0.0,0.0
2022-08-16 12:30:00-04:00,1.9299999475479126,1.9500000476837158,1.909999966621399,1.934999942779541,18806,0.0,0.0
2022-08-16 13:30:00-04:00,1.9249999523162842,1.934999942779541,1.9199999570846558,1.9299999475479126,14258,0.0,0.0
2022-08-16 14:30:00-04:00,1.937999963760376,1.9500000476837158,1.9299999475479126,1.9450000524520874,22524,0.0,0.0
2022-08-16 15:30:00-04:00,1.9450000524520874,1.9550000429153442,1.9450000524520874,1.9550000429153442,44176,0.0,0.0
2022-08-17 09:30:00-04:00,1.9500000476837158,1.9700000286102295,1.9199999570846558,1.9599000215530396,37154,0.0,0.0
2022-08-17 10:30:00-04:00,1.9600000381469727,1.9801000356674194,1.9199999570846558,1.9199999570846558,17648,0.0,0.0
2022-08-17 11:30:00-04:00,1.9249999523162842,1.9287999868392944,1.899999976158142,1.9199999570846558,26427,0.0,0.0
2022-08-17 12:30:00-04:00,1.9149999618530273,1.9299999475479126,1.9149999618530273,1.9299999475479126,3030,0.0,0.0
2022-08-17 13:30:00-04:00,1.9299999475479126,1.940000057220459,1.9199999570846558,1.9299999475479126,17770,0.0,0.0
2022-08-17 14:30:00-04:00,1.934999942779541,1.9450000524520874,1.9249999523162842,1.9299999475479126,23858,0.0,0.0
2022-08-17 15:30:00-04:00,1.9363000392913818,1.940000057220459,1.9199999570846558,1.9199999570846558,17995,0.0,0.0
2022-08-18 09:30:00-04:00,1.9600000381469727,1.965000033378601,1.9400999546051025,1.9500000476837158,23368,0.0,0.0
2022-08-18 10:30:00-04:00,1.9600000381469727,2.0299999713897705,1.9500000476837158,2.0,101798,0.0,0.0
2022-08-18 11:30:00-04:00,2.0,2.0,1.975000023841858,1.975000023841858,8636,0.0,0.0
2022-08-18 12:30:00-04:00,1.9759999513626099,1.9950000047683716,1.965000033378601,1.9950000047683716,20544,0.0,0.0
2022-08-18 13:30:00-04:00,1.9900000095367432,2.009700059890747,1.9700000286102295,1.9950000047683716,22730,0.0,0.0
2022-08-18 14:30:00-04:00,1.9950000047683716,2.0,1.9900000095367432,2.0,12856,0.0,0.0
2022-08-18 15:30:00-04:00,1.9950000047683716,2.009999990463257,1.9900000095367432,2.005000114440918,28930,0.0,0.0
2022-08-19 09:30:00-04:00,2.0,2.005000114440918,1.9500000476837158,1.9901000261306763,9856,0.0,0.0
2022-08-19 10:30:00-04:00,1.9900000095367432,1.9981000423431396,1.9700000286102295,1.9700000286102295,12700,0.0,0.0
2022-08-19 11:30:00-04:00,1.9800000190734863,1.9996999502182007,1.9800000190734863,1.9996999502182007,5418,0.0,0.0
2022-08-19 12:30:00-04:00,1.9800000190734863,2.0,1.9700000286102295,1.9805999994277954,6702,0.0,0.0
2022-08-19 13:30:00-04:00,1.9809000492095947,1.9900000095367432,1.9700000286102295,1.9800000190734863,10598,0.0,0.0
2022-08-19 14:30:00-04:00,1.9600000381469727,1.9600000381469727,1.9600000381469727,1.9600000381469727,642,0.0,0.0
2022-08-19 15:30:00-04:00,1.9700000286102295,1.9800000190734863,1.9600000381469727,1.9600000381469727,49922,0.0,0.0
2022-08-22 09:30:00-04:00,1.9199999570846558,1.9600000381469727,1.850000023841858,1.8799999952316284,96932,0.0,0.0
2022-08-22 10:30:00-04:00,1.8899999856948853,1.9149999618530273,1.8768999576568604,1.9149999618530273,6921,0.0,0.0
2022-08-22 11:30:00-04:00,1.9249999523162842,1.9599000215530396,1.9199999570846558,1.934999942779541,16104,0.0,0.0
2022-08-22 12:30:00-04:00,1.934999942779541,1.9600000381469727,1.9299999475479126,1.9559999704360962,4419,0.0,0.0
2022-08-22 13:30:00-04:00,1.9483000040054321,1.9483000040054321,1.940000057220459,1.940000057220459,770,0.0,0.0
2022-08-22 14:30:00-04:00,1.940000057220459,1.940000057220459,1.940000057220459,1.940000057220459,2253,0.0,0.0
2022-08-22 15:30:00-04:00,1.9378000497817993,1.940000057220459,1.9299999475479126,1.9299999475479126,0,0.0,0.0
2022-08-23 09:30:00-04:00,1.9550000429153442,2.0699000358581543,1.9500000476837158,2.0399999618530273,49971,0.0,0.0
2022-08-23 10:30:00-04:00,2.0499000549316406,2.0499000549316406,2.009999990463257,2.0299999713897705,6245,0.0,0.0
2022-08-23 11:30:00-04:00,2.0299999713897705,2.0299999713897705,2.0199999809265137,2.0199999809265137,4842,0.0,0.0
2022-08-23 12:30:00-04:00,2.009999990463257,2.0199999809265137,2.0,2.009999990463257,7469,0.0,0.0
2022-08-23 13:30:00-04:00,2.015000104904175,2.015000104904175,1.9800000190734863,2.0,5268,0.0,0.0
2022-08-23 14:30:00-04:00,2.0,2.0,1.9900000095367432,1.9900000095367432,2877,0.0,0.0
2022-08-23 15:30:00-04:00,1.9950000047683716,2.0,1.9800000190734863,1.9900000095367432,0,0.0,0.0
2022-08-24 09:30:00-04:00,2.009999990463257,2.0250000953674316,1.9900000095367432,2.0,65127,0.0,0.0
2022-08-24 10:30:00-04:00,2.0,2.0399999618530273,1.9700000286102295,2.0199999809265137,18868,0.0,0.0
2022-08-24 11:30:00-04:00,2.0199999809265137,2.0199999809265137,1.940000057220459,1.9600000381469727,40229,0.0,0.0
2022-08-24 12:30:00-04:00,1.9600000381469727,1.9600000381469727,1.8799999952316284,1.899999976158142,60449,0.0,0.0
2022-08-24 13:30:00-04:00,1.899999976158142,1.9299999475479126,1.8799999952316284,1.8799999952316284,88232,0.0,0.0
2022-08-24 14:30:00-04:00,1.899999976158142,1.9800000190734863,1.8799999952316284,1.9299999475479126,82140,0.0,0.0
2022-08-24 15:30:00-04:00,1.9299999475479126,1.9500000476837158,1.9199999570846558,1.9299999475479126,79631,0.0,0.0
2022-08-25 09:30:00-04:00,1.940000057220459,1.9800000190734863,1.940000057220459,1.940000057220459,7894,0.0,0.0
2022-08-25 10:30:00-04:00,1.9641000032424927,1.9800000190734863,1.940000057220459,1.9800000190734863,45738,0.0,0.0
2022-08-25 11:30:00-04:00,1.9700000286102295,2.009999990463257,1.9700000286102295,2.009999990463257,18386,0.0,0.0
2022-08-25 12:30:00-04:00,2.0016000270843506,2.009999990463257,1.9900000095367432,2.009999990463257,5757,0.0,0.0
2022-08-25 13:30:00-04:00,2.015000104904175,2.015000104904175,2.0,2.0,9001,0.0,0.0
2022-08-25 14:30:00-04:00,2.0,2.0352001190185547,2.0,2.015000104904175,86110,0.0,0.0
2022-08-25 15:30:00-04:00,2.0299999713897705,2.0399999618530273,2.009999990463257,2.0199999809265137,33434,0.0,0.0
2022-08-26 09:30:00-04:00,2.0299999713897705,2.0299999713897705,1.9700000286102295,1.9950000047683716,14913,0.0,0.0
2022-08-26 10:30:00-04:00,2.0,2.0,1.9299999475479126,1.9300999641418457,23350,0.0,0.0
2022-08-26 11:30:00-04:00,1.9500000476837158,1.9600000381469727,1.9299999475479126,1.940000057220459,7179,0.0,0.0
2022-08-26 12:30:00-04:00,1.940000057220459,1.940000057220459,1.9199999570846558,1.9299999475479126,6068,0.0,0.0
2022-08-26 13:30:00-04:00,1.940000057220459,1.947700023651123,1.9199999570846558,1.9299999475479126,30068,0.0,0.0
2022-08-26 14:30:00-04:00,1.940000057220459,1.9500000476837158,1.909999966621399,1.9149999618530273,29593,0.0,0.0
2022-08-26 15:30:00-04:00,1.9149999618530273,1.9299999475479126,1.909999966621399,1.909999966621399,18939,0.0,0.0
2022-08-29 09:30:00-04:00,1.9299999475479126,1.9500000476837158,1.8802000284194946,1.9500000476837158,46360,0.0,0.0
2022-08-29 10:30:00-04:00,1.9500000476837158,1.9851000308990479,1.899999976158142,1.9299999475479126,49893,0.0,0.0
2022-08-29 11:30:00-04:00,1.934999942779541,1.934999942779541,1.909999966621399,1.9199999570846558,4102,0.0,0.0
2022-08-29 12:30:00-04:00,1.9199999570846558,1.9199999570846558,1.899999976158142,1.909999966621399,84127,0.0,0.0
2022-08-29 13:30:00-04:00,1.909999966621399,1.9279999732971191,1.8799999952316284,1.9199999570846558,34624,0.0,0.0
2022-08-29 14:30:00-04:00,1.9049999713897705,1.9049999713897705,1.8700000047683716,1.8899999856948853,14607,0.0,0.0
2022-08-29 15:30:00-04:00,1.8899999856948853,1.899899959564209,1.840000033378601,1.8700000047683716,54672,0.0,0.0
2022-08-30 09:30:00-04:00,1.8600000143051147,1.8747999668121338,1.7799999713897705,1.8200000524520874,100319,0.0,0.0
2022-08-30 10:30:00-04:00,1.7999999523162842,1.840000033378601,1.7899999618530273,1.809999942779541,17614,0.0,0.0
2022-08-30 11:30:00-04:00,1.840000033378601,1.840000033378601,1.809999942779541,1.8350000381469727,8413,0.0,0.0
2022-08-30 12:30:00-04:00,1.8300000429153442,1.840000033378601,1.8200000524520874,1.8300000429153442,2701,0.0,0.0
2022-08-30 13:30:00-04:00,1.840000033378601,1.840000033378601,1.809999942779541,1.809999942779541,9027,0.0,0.0
2022-08-30 14:30:00-04:00,1.8300000429153442,1.8600000143051147,1.809999942779541,1.8300000429153442,39802,0.0,0.0
2022-08-30 15:30:00-04:00,1.840000033378601,1.850000023841858,1.809999942779541,1.809999942779541,32055,0.0,0.0
2022-08-31 09:30:00-04:00,1.7799999713897705,1.8300000429153442,1.75,1.7999999523162842,56958,0.0,0.0
2022-08-31 10:30:00-04:00,1.7949999570846558,1.8200000524520874,1.7799999713897705,1.8049999475479126,15702,0.0,0.0
2022-08-31 11:30:00-04:00,1.7999999523162842,1.8300000429153442,1.7999999523162842,1.809999942779541,12433,0.0,0.0
2022-08-31 12:30:00-04:00,1.8100999593734741,1.8200000524520874,1.809999942779541,1.815000057220459,5243,0.0,0.0
2022-08-31 13:30:00-04:00,1.809999942779541,1.815000057220459,1.809999942779541,1.815000057220459,6591,0.0,0.0
2022-08-31 14:30:00-04:00,1.809999942779541,1.8200000524520874,1.7999999523162842,1.815000057220459,99910,0.0,0.0
2022-08-31 15:30:00-04:00,1.809999942779541,1.8200000524520874,1.7799999713897705,1.8200000524520874,17376,0.0,0.0
2022-09-01 09:30:00-04:00,1.7999999523162842,1.7999999523162842,1.7100000381469727,1.7200000286102295,56630,0.0,0.0
2022-09-01 10:30:00-04:00,1.7200000286102295,1.7350000143051147,1.7100000381469727,1.7100000381469727,14297,0.0,0.0
2022-09-01 11:30:00-04:00,1.7100000381469727,1.7300000190734863,1.7100000381469727,1.7100000381469727,8566,0.0,0.0
2022-09-01 12:30:00-04:00,1.7166999578475952,1.7200000286102295,1.7000000476837158,1.708899974822998,46857,0.0,0.0
2022-09-01 13:30:00-04:00,1.7050000429153442,1.7099000215530396,1.659999966621399,1.6749999523162842,58000,0.0,0.0
2022-09-01 14:30:00-04:00,1.6799999475479126,1.690000057220459,1.6699999570846558,1.6699999570846558,21741,0.0,0.0
2022-09-01 15:30:00-04:00,1.6699999570846558,1.679900050163269,1.659999966621399,1.659999966621399,32829,0.0,0.0
2022-09-02 09:30:00-04:00,1.690000057220459,1.7799999713897705,1.6799999475479126,1.75,81845,0.0,0.0
2022-09-02 10:30:00-04:00,1.7599999904632568,1.7899999618530273,1.7549999952316284,1.7699999809265137,32038,0.0,0.0
2022-09-02 11:30:00-04:00,1.7613999843597412,1.7699999809265137,1.7400000095367432,1.7400000095367432,20695,0.0,0.0
2022-09-02 12:30:00-04:00,1.7300000190734863,1.787500023841858,1.690000057220459,1.7100000381469727,22615,0.0,0.0
2022-09-02 13:30:00-04:00,1.7050000429153442,1.7450000047683716,1.7000000476837158,1.7000000476837158,15881,0.0,0.0
2022-09-02 14:30:00-04:00,1.7200000286102295,1.75,1.715000033378601,1.7400000095367432,4343,0.0,0.0
2022-09-02 15:30:00-04:00,1.7400000095367432,1.75,1.7300000190734863,1.7300000190734863,21275,0.0,0.0
2022-09-06 09:30:00-04:00,1.7699999809265137,1.7899999618530273,1.7000000476837158,1.7300000190734863,15791,0.0,0.0
2022-09-06 10:30:00-04:00,1.725000023841858,1.725000023841858,1.7000000476837158,1.7050000429153442,3136,0.0,0.0
2022-09-06 11:30:00-04:00,1.7050000429153442,1.7300000190734863,1.6799999475479126,1.7100000381469727,28566,0.0,0.0
2022-09-06 12:30:00-04:00,1.7103999853134155,1.7168999910354614,1.690000057220459,1.690000057220459,8379,0.0,0.0
2022-09-06 13:30:00-04:00,1.7000000476837158,1.7300000190734863,1.7000000476837158,1.7101000547409058,9178,0.0,0.0
2022-09-06 14:30:00-04:00,1.7300000190734863,1.7400000095367432,1.7200000286102295,1.7300000190734863,7004,0.0,0.0
2022-09-06 15:30:00-04:00,1.7300000190734863,1.7300000190734863,1.6799999475479126,1.6799999475479126,8913,0.0,0.0
2022-09-07 09:30:00-04:00,1.6799999475479126,1.6799999475479126,1.590000033378601,1.659999966621399,0,0.0,0.0
2022-09-07 10:30:00-04:00,1.6699999570846558,1.6699999570846558,1.6100000143051147,1.6513999700546265,67665,0.0,0.0
2022-09-07 11:30:00-04:00,1.649999976158142,1.6690000295639038,1.6100000143051147,1.6399999856948853,75002,0.0,0.0
2022-09-07 12:30:00-04:00,1.6399999856948853,1.659999966621399,1.559999942779541,1.6399999856948853,74264,0.0,0.0
2022-09-07 13:30:00-04:00,1.6399999856948853,1.6720000505447388,1.6299999952316284,1.6720000505447388,39875,0.0,0.0
2022-09-07 14:30:00-04:00,1.649999976158142,1.649999976158142,1.5700000524520874,1.649999976158142,61651,0.0,0.0
2022-09-07 15:30:00-04:00,1.6325000524520874,1.6799999475479126,1.6325000524520874,1.659999966621399,30389,0.0,0.0
2022-09-08 09:30:00-04:00,1.649999976158142,1.690000057220459,1.6200000047683716,1.6299999952316284,20316,0.0,0.0
2022-09-08 10:30:00-04:00,1.6299999952316284,1.6699999570846558,1.600000023841858,1.649999976158142,18978,0.0,0.0
2022-09-08 11:30:00-04:00,1.6679999828338623,1.7200000286102295,1.649999976158142,1.649999976158142,12137,0.0,0.0
2022-09-08 12:30:00-04:00,1.669700026512146,1.7400000095367432,1.669700026512146,1.7400000095367432,10099,0.0,0.0
2022-09-08 13:30:00-04:00,1.7100000381469727,1.735200047492981,1.6799999475479126,1.7200000286102295,16535,0.0,0.0
2022-09-08 14:30:00-04:00,1.7200000286102295,1.7200000286102295,1.6799999475479126,1.7049000263214111,2559,0.0,0.0
2022-09-08 15:30:00-04:00,1.6799999475479126,1.7099000215530396,1.6799999475479126,1.6799999475479126,26949,0.0,0.0
2022-09-09 09:30:00-04:00,1.7000000476837158,1.7999999523162842,1.7000000476837158,1.7999999523162842,21485,0.0,0.0
2022-09-09 10:30:00-04:00,1.7899999618530273,1.7899999618530273,1.75,1.75,9814,0.0,0.0
2022-09-09 11:30:00-04:00,1.75,1.7553000450134277,1.75,1.75,4843,0.0,0.0
2022-09-09 12:30:00-04:00,1.7599999904632568,1.7899999618530273,1.75,1.774999976158142,10285,0.0,0.0
2022-09-09 13:30:00-04:00,1.7649999856948853,1.7899999618530273,1.7649999856948853,1.7699999809265137,3230,0.0,0.0
2022-09-09 14:30:00-04:00,1.7699999809265137,1.7899999618530273,1.7599999904632568,1.7890000343322754,6945,0.0,0.0
2022-09-09 15:30:00-04:00,1.7699999809265137,1.7872999906539917,1.7699999809265137,1.7699999809265137,7975,0.0,0.0
2022-09-12 09:30:00-04:00,1.7999999523162842,1.850000023841858,1.7999999523162842,1.7999999523162842,28397,0.0,0.0
2022-09-12 10:30:00-04:00,1.809999942779541,1.8200000524520874,1.7599999904632568,1.7799999713897705,45247,0.0,0.0
2022-09-12 11:30:00-04:00,1.7799999713897705,1.7967000007629395,1.7699999809265137,1.7699999809265137,14217,0.0,0.0
2022-09-12 12:30:00-04:00,1.7699999809265137,1.7899999618530273,1.7599999904632568,1.7799999713897705,4752,0.0,0.0
2022-09-12 13:30:00-04:00,1.7799999713897705,1.7899999618530273,1.7699999809265137,1.7899999618530273,7345,0.0,0.0
2022-09-12 14:30:00-04:00,1.7799999713897705,1.809999942779541,1.7799999713897705,1.7799999713897705,13338,0.0,0.0
2022-09-12 15:30:00-04:00,1.7799999713897705,1.8200000524520874,1.7799999713897705,1.809999942779541,23593,0.0,0.0
2022-09-13 09:30:00-04:00,1.7899999618530273,1.8300000429153442,1.7799999713897705,1.8200000524520874,19069,0.0,0.0
2022-09-13 10:30:00-04:00,1.8200000524520874,1.8200000524520874,1.7933000326156616,1.8200000524520874,8350,0.0,0.0
2022-09-13 11:30:00-04:00,1.7899999618530273,1.8049999475479126,1.7100000381469727,1.7200000286102295,35619,0.0,0.0
2022-09-13 12:30:00-04:00,1.7200000286102295,1.7699999809265137,1.7122999429702759,1.7300000190734863,8728,0.0,0.0
2022-09-13 13:30:00-04:00,1.75,1.7599999904632568,1.7339999675750732,1.7400000095367432,2464,0.0,0.0
2022-09-13 14:30:00-04:00,1.7300000190734863,1.7300000190734863,1.7100000381469727,1.7300000190734863,7952,0.0,0.0
2022-09-13 15:30:00-04:00,1.7200000286102295,1.7300000190734863,1.6799999475479126,1.7300000190734863,27361,0.0,0.0
2022-09-14 09:30:00-04:00,1.7400000095367432,1.815600037574768,1.7400000095367432,1.7549999952316284,25019,0.0,0.0
2022-09-14 10:30:00-04:00,1.7599999904632568,1.8350000381469727,1.7599999904632568,1.809999942779541,41886,0.0,0.0
2022-09-14 11:30:00-04:00,1.809999942779541,1.8700000047683716,1.809999942779541,1.8700000047683716,21170,0.0,0.0
2022-09-14 12:30:00-04:00,1.8650000095367432,1.875,1.8600000143051147,1.875,3971,0.0,0.0
2022-09-14 13:30:00-04:00,1.8700000047683716,1.8899999856948853,1.840000033378601,1.8700000047683716,18061,0.0,0.0
2022-09-14 14:30:00-04:00,1.8600000143051147,1.8700000047683716,1.8580000400543213,1.8580000400543213,2987,0.0,0.0
2022-09-14 15:30:00-04:00,1.8650000095367432,1.8700000047683716,1.8300000429153442,1.8600000143051147,17368,0.0,0.0
2022-09-15 09:30:00-04:00,1.850000023841858,1.850000023841858,1.809999942779541,1.8350000381469727,17849,0.0,0.0
2022-09-15 10:30:00-04:00,1.8200000524520874,1.840000033378601,1.809999942779541,1.840000033378601,7299,0.0,0.0
2022-09-15 11:30:00-04:00,1.8300000429153442,1.8300000429153442,1.7899999618530273,1.7999999523162842,28149,0.0,0.0
2022-09-15 12:30:00-04:00,1.7999999523162842,1.809999942779541,1.7899999618530273,1.7999999523162842,5837,0.0,0.0
2022-09-15 13:30:00-04:00,1.7999999523162842,1.809999942779541,1.7899999618530273,1.7999999523162842,5021,0.0,0.0
2022-09-15 14:30:00-04:00,1.7899999618530273,1.7999999523162842,1.7899999618530273,1.7899999618530273,1003,0.0,0.0
2022-09-15 15:30:00-04:00,1.7999999523162842,1.7999999523162842,1.7200000286102295,1.7400000095367432,31567,0.0,0.0
2022-09-16 09:30:00-04:00,1.7400000095367432,1.7400000095367432,1.649999976158142,1.6799999475479126,38540,0.0,0.0
2022-09-16 10:30:00-04:00,1.6799999475479126,1.7000000476837158,1.659999966621399,1.7000000476837158,7286,0.0,0.0
2022-09-16 11:30:00-04:00,1.6799999475479126,1.7000000476837158,1.6562000513076782,1.659999966621399,30249,0.0,0.0
2022-09-16 12:30:00-04:00,1.659999966621399,1.6617000102996826,1.649999976158142,1.659999966621399,3111,0.0,0.0
2022-09-16 13:30:00-04:00,1.6699999570846558,1.690000057220459,1.659999966621399,1.6799999475479126,4513,0.0,0.0
2022-09-16 14:30:00-04:00,1.6900999546051025,1.7000000476837158,1.659999966621399,1.6799999475479126,2901,0.0,0.0
2022-09-16 15:30:00-04:00,1.6699999570846558,1.7100000381469727,1.659999966621399,1.659999966621399,32682,0.0,0.0
2022-09-19 09:30:00-04:00,1.6299999952316284,1.690000057220459,1.6299999952316284,1.6699999570846558,10512,0.0,0.0
2022-09-19 10:30:00-04:00,1.6799999475479126,1.7400000095367432,1.6699999570846558,1.7000000476837158,6164,0.0,0.0
2022-09-19 11:30:00-04:00,1.7168999910354614,1.7168999910354614,1.659999966621399,1.690000057220459,26890,0.0,0.0
2022-09-19 12:30:00-04:00,1.6699999570846558,1.7200000286102295,1.659999966621399,1.7100000381469727,6631,0.0,0.0
2022-09-19 13:30:00-04:00,1.7000000476837158,1.7000000476837158,1.690000057220459,1.7000000476837158,13710,0.0,0.0
2022-09-19 14:30:00-04:00,1.7000000476837158,1.7300000190734863,1.690000057220459,1.7000000476837158,25485,0.0,0.0
2022-09-19 15:30:00-04:00,1.7000000476837158,1.715000033378601,1.690000057220459,1.690000057220459,18364,0.0,0.0
2022-09-20 09:30:00-04:00,1.649999976158142,1.7000000476837158,1.649999976158142,1.649999976158142,5255,0.0,0.0
2022-09-20 10:30:00-04:00,1.6614999771118164,1.7100000381469727,1.659999966621399,1.6890000104904175,14031,0.0,0.0
2022-09-20 11:30:00-04:00,1.6799999475479126,1.6799999475479126,1.6799999475479126,1.6799999475479126,444,0.0,0.0
2022-09-20 12:30:00-04:00,1.6749999523162842,1.7000000476837158,1.6699999570846558,1.7000000476837158,8758,0.0,0.0
2022-09-20 13:30:00-04:00,1.6699999570846558,1.6999000310897827,1.6699999570846558,1.684999942779541,1160,0.0,0.0
2022-09-20 14:30:00-04:00,1.684999942779541,1.6872999668121338,1.6699999570846558,1.6749999523162842,2197,0.0,0.0
2022-09-20 15:30:00-04:00,1.6699999570846558,1.690000057220459,1.6649999618530273,1.6649999618530273,15930,0.0,0.0
2022-09-21 09:30:00-04:00,1.6699999570846558,1.6699999570846558,1.6399999856948853,1.6399999856948853,27290,0.0,0.0
2022-09-21 10:30:00-04:00,1.6449999809265137,1.649999976158142,1.600000023841858,1.6050000190734863,33839,0.0,0.0
2022-09-21 11:30:00-04:00,1.6050000190734863,1.6399999856948853,1.600000023841858,1.6100000143051147,7867,0.0,0.0
2022-09-21 12:30:00-04:00,1.6100000143051147,1.6100000143051147,1.590000033378601,1.6100000143051147,14143,0.0,0.0
2022-09-21 13:30:00-04:00,1.600000023841858,1.6200000047683716,1.600000023841858,1.600000023841858,12025,0.0,0.0
2022-09-21 14:30:00-04:00,1.6200000047683716,1.649999976158142,1.600000023841858,1.6150000095367432,8852,0.0,0.0
2022-09-21 15:30:00-04:00,1.6150000095367432,1.6299999952316284,1.600000023841858,1.600000023841858,6782,0.0,0.0
2022-09-22 09:30:00-04:00,1.649999976158142,1.679900050163269,1.5700000524520874,1.600000023841858,27286,0.0,0.0
2022-09-22 10:30:00-04:00,1.5850000381469727,1.5978000164031982,1.5700000524520874,1.5800000429153442,4924,0.0,0.0
2022-09-22 11:30:00-04:00,1.5813000202178955,1.600000023841858,1.5700000524520874,1.590000033378601,19706,0.0,0.0
2022-09-22 12:30:00-04:00,1.5700000524520874,1.590000033378601,1.5700000524520874,1.579200029373169,2475,0.0,0.0
2022-09-22 13:30:00-04:00,1.5800000429153442,1.590000033378601,1.5700000524520874,1.5800000429153442,17252,0.0,0.0
2022-09-22 14:30:00-04:00,1.5800000429153442,1.6200000047683716,1.5800000429153442,1.6050000190734863,7266,0.0,0.0
2022-09-22 15:30:00-04:00,1.5950000286102295,1.6200000047683716,1.590000033378601,1.6100000143051147,12664,0.0,0.0
2022-09-23 09:30:00-04:00,1.5700000524520874,1.5700000524520874,1.4700000286102295,1.498900055885315,65558,0.0,0.0
2022-09-23 10:30:00-04:00,1.4900000095367432,1.5289000272750854,1.4700000286102295,1.4926999807357788,31617,0.0,0.0
2022-09-23 11:30:00-04:00,1.4905999898910522,1.4905999898910522,1.440000057220459,1.4600000381469727,49293,0.0,0.0
2022-09-23 12:30:00-04:00,1.4600000381469727,1.4600000381469727,1.440000057220459,1.458400011062622,22507,0.0,0.0
2022-09-23 13:30:00-04:00,1.4600000381469727,1.4600000381469727,1.440000057220459,1.448199987411499,11755,0.0,0.0
2022-09-23 14:30:00-04:00,1.4450000524520874,1.4600000381469727,1.4299999475479126,1.440000057220459,17234,0.0,0.0
2022-09-23 15:30:00-04:00,1.4408999681472778,1.4600000381469727,1.4199999570846558,1.4199999570846558,49106,0.0,0.0
2022-09-26 09:30:00-04:00,1.3899999856948853,1.4900000095367432,1.3899999856948853,1.4850000143051147,0,0.0,0.0
2022-09-26 10:30:00-04:00,1.4600000381469727,1.4800000190734863,1.409999966621399,1.409999966621399,23684,0.0,0.0
2022-09-26 11:30:00-04:00,1.4199999570846558,1.4299999475479126,1.3799999952316284,1.3899999856948853,18892,0.0,0.0
2022-09-26 12:30:00-04:00,1.3799999952316284,1.4299999475479126,1.3700000047683716,1.4039000272750854,70510,0.0,0.0
2022-09-26 13:30:00-04:00,1.399999976158142,1.409999966621399,1.3899999856948853,1.3899999856948853,23711,0.0,0.0
2022-09-26 14:30:00-04:00,1.3899999856948853,1.399999976158142,1.3799999952316284,1.3849999904632568,26162,0.0,0.0
2022-09-26 15:30:00-04:00,1.3799999952316284,1.4199999570846558,1.3700000047683716,1.4199999570846558,28905,0.0,0.0
2022-09-27 09:30:00-04:00,1.4600000381469727,1.4622999429702759,1.409500002861023,1.4450000524520874,3294,0.0,0.0
2022-09-27 10:30:00-04:00,1.4427000284194946,1.4700000286102295,1.4199999570846558,1.4299999475479126,23716,0.0,0.0
2022-09-27 11:30:00-04:00,1.4249999523162842,1.4249999523162842,1.3799999952316284,1.399999976158142,3773,0.0,0.0
2022-09-27 12:30:00-04:00,1.399899959564209,1.399999976158142,1.3700000047683716,1.399999976158142,10667,0.0,0.0
2022-09-27 13:30:00-04:00,1.3700000047683716,1.409999966621399,1.3700000047683716,1.409999966621399,3966,0.0,0.0
2022-09-27 14:30:00-04:00,1.3700000047683716,1.440000057220459,1.3700000047683716,1.412600040435791,6968,0.0,0.0
2022-09-27 15:30:00-04:00,1.3801000118255615,1.409999966621399,1.3801000118255615,1.399999976158142,11992,0.0,0.0
2022-09-28 09:30:00-04:00,1.440000057220459,1.4500000476837158,1.409999966621399,1.440000057220459,2823,0.0,0.0
2022-09-28 10:30:00-04:00,1.4500000476837158,1.5,1.4500000476837158,1.4800000190734863,15582,0.0,0.0
2022-09-28 11:30:00-04:00,1.472100019454956,1.5,1.472100019454956,1.5,8188,0.0,0.0
2022-09-28 12:30:00-04:00,1.4900000095367432,1.5097999572753906,1.4500000476837158,1.4967999458312988,18472,0.0,0.0
2022-09-28 13:30:00-04:00,1.5099999904632568,1.5298999547958374,1.5,1.5099999904632568,18652,0.0,0.0
2022-09-28 14:30:00-04:00,1.5199999809265137,1.5399999618530273,1.5,1.5099999904632568,12982,0.0,0.0
2022-09-28 15:30:00-04:00,1.5099999904632568,1.5382000207901,1.5,1.5149999856948853,5553,0.0,0.0
2022-09-29 09:30:00-04:00,1.5199999809265137,1.5299999713897705,1.4299999475479126,1.4700000286102295,5529,0.0,0.0
2022-09-29 10:30:00-04:00,1.465000033378601,1.5399999618530273,1.465000033378601,1.5199999809265137,27104,0.0,0.0
2022-09-29 11:30:00-04:00,1.5199999809265137,1.5199999809265137,1.5049999952316284,1.5049999952316284,1022,0.0,0.0
2022-09-29 12:30:00-04:00,1.5,1.5449999570846558,1.5,1.5449999570846558,2494,0.0,0.0
2022-09-29 13:30:00-04:00,1.5449999570846558,1.5449999570846558,1.5099999904632568,1.5099999904632568,3961,0.0,0.0
2022-09-29 14:30:00-04:00,1.5290000438690186,1.6100000143051147,1.5290000438690186,1.5950000286102295,29557,0.0,0.0
2022-09-29 15:30:00-04:00,1.5950000286102295,1.600000023841858,1.590000033378601,1.5950000286102295,12435,0.0,0.0
2022-09-30 09:30:00-04:00,1.559999942779541,1.6138999462127686,1.5424000024795532,1.5800000429153442,9378,0.0,0.0
2022-09-30 10:30:00-04:00,1.5800000429153442,1.6399999856948853,1.5700000524520874,1.628499984741211,8885,0.0,0.0
2022-09-30 11:30:00-04:00,1.6200000047683716,1.6299999952316284,1.6100000143051147,1.6200000047683716,2241,0.0,0.0
2022-09-30 12:30:00-04:00,1.6100000143051147,1.6399999856948853,1.6100000143051147,1.6399999856948853,9465,0.0,0.0
2022-09-30 13:30:00-04:00,1.6399999856948853,1.649999976158142,1.6200000047683716,1.6200000047683716,7341,0.0,0.0
2022-09-30 14:30:00-04:00,1.600000023841858,1.600000023841858,1.5700000524520874,1.5800000429153442,16396,0.0,0.0
2022-09-30 15:30:00-04:00,1.5800000429153442,1.5850000381469727,1.559999942779541,1.559999942779541,6285,0.0,0.0
2022-10-03 09:30:00-04:00,1.600100040435791,1.62090003490448,1.5700000524520874,1.5700000524520874,13149,0.0,0.0
2022-10-03 10:30:00-04:00,1.5850000381469727,1.6050000190734863,1.5800000429153442,1.600000023841858,2239,0.0,0.0
2022-10-03 11:30:00-04:00,1.590000033378601,1.6237000226974487,1.559999942779541,1.559999942779541,5790,0.0,0.0
2022-10-03 12:30:00-04:00,1.590000033378601,1.600000023841858,1.590000033378601,1.600000023841858,1179,0.0,0.0
2022-10-03 13:30:00-04:00,1.590000033378601,1.5993000268936157,1.590000033378601,1.590000033378601,849,0.0,0.0
2022-10-03 14:30:00-04:00,1.5918999910354614,1.6216000318527222,1.5918999910354614,1.6216000318527222,1104,0.0,0.0
2022-10-03 15:30:00-04:00,1.628600001335144,1.649999976158142,1.6100000143051147,1.6299999952316284,18564,0.0,0.0
2022-10-04 09:30:00-04:00,1.649999976158142,1.7000000476837158,1.6490000486373901,1.659999966621399,101902,0.0,0.0
2022-10-04 10:30:00-04:00,1.6799999475479126,1.7799999713897705,1.6549999713897705,1.7799999713897705,137497,0.0,0.0
2022-10-04 11:30:00-04:00,1.7799999713897705,1.7799999713897705,1.7400000095367432,1.7503000497817993,8819,0.0,0.0
2022-10-04 12:30:00-04:00,1.7599999904632568,1.7999999523162842,1.7200000286102295,1.725000023841858,76240,0.0,0.0
2022-10-04 13:30:00-04:00,1.7300000190734863,1.7400000095367432,1.7200000286102295,1.7200000286102295,5599,0.0,0.0
2022-10-04 14:30:00-04:00,1.7200000286102295,1.7200000286102295,1.6699999570846558,1.7100000381469727,33045,0.0,0.0
2022-10-04 15:30:00-04:00,1.7100000381469727,1.7300000190734863,1.7000000476837158,1.7300000190734863,7870,0.0,0.0
2022-10-05 09:30:00-04:00,1.7300000190734863,1.7599999904632568,1.6799999475479126,1.6799999475479126,12820,0.0,0.0
2022-10-05 10:30:00-04:00,1.7000000476837158,1.7200000286102295,1.690000057220459,1.7100000381469727,16251,0.0,0.0
2022-10-05 11:30:00-04:00,1.7200000286102295,1.7599999904632568,1.7100000381469727,1.7599999904632568,26134,0.0,0.0
2022-10-05 12:30:00-04:00,1.7698999643325806,1.7899999618530273,1.75,1.7799999713897705,11652,0.0,0.0
2022-10-05 13:30:00-04:00,1.7799999713897705,1.7799999713897705,1.75,1.75,14567,0.0,0.0
2022-10-05 14:30:00-04:00,1.750100016593933,1.7599999904632568,1.7430000305175781,1.7598999738693237,9979,0.0,0.0
2022-10-05 15:30:00-04:00,1.7599999904632568,1.7666000127792358,1.7300000190734863,1.7300000190734863,16309,0.0,0.0
2022-10-06 09:30:00-04:00,1.690000057220459,1.7785999774932861,1.690000057220459,1.7300000190734863,15195,0.0,0.0
2022-10-06 10:30:00-04:00,1.7300000190734863,1.7350000143051147,1.7272000312805176,1.7300000190734863,3027,0.0,0.0
2022-10-06 11:30:00-04:00,1.7450000047683716,1.7698999643325806,1.7300000190734863,1.7300000190734863,15628,0.0,0.0
2022-10-06 12:30:00-04:00,1.7300000190734863,1.7300000190734863,1.7300000190734863,1.7300000190734863,441,0.0,0.0
2022-10-06 13:30:00-04:00,1.7640999555587769,1.7699999809265137,1.75,1.7675000429153442,2276,0.0,0.0
2022-10-06 14:30:00-04:00,1.76010000705719,1.76010000705719,1.7300000190734863,1.7300000190734863,20783,0.0,0.0
2022-10-06 15:30:00-04:00,1.7300000190734863,1.75,1.7200000286102295,1.7400000095367432,10451,0.0,0.0
2022-10-07 09:30:00-04:00,1.7599999904632568,1.7599999904632568,1.684999942779541,1.7200000286102295,0,0.0,0.0
2022-10-07 10:30:00-04:00,1.7200000286102295,1.7470999956130981,1.690000057220459,1.7252000570297241,10848,0.0,0.0
2022-10-07 11:30:00-04:00,1.7300000190734863,1.7899999618530273,1.6957999467849731,1.7000999450683594,88012,0.0,0.0
2022-10-07 12:30:00-04:00,1.7100000381469727,1.7200000286102295,1.7100000381469727,1.715000033378601,4216,0.0,0.0
2022-10-07 13:30:00-04:00,1.7100000381469727,1.7100000381469727,1.7000000476837158,1.7000000476837158,745,0.0,0.0
2022-10-07 14:30:00-04:00,1.7000000476837158,1.7000000476837158,1.6399999856948853,1.6799999475479126,18191,0.0,0.0
2022-10-07 15:30:00-04:00,1.6704000234603882,1.7200000286102295,1.6399999856948853,1.6699999570846558,5008,0.0,0.0
2022-10-10 09:30:00-04:00,1.7000000476837158,1.7350000143051147,1.7000000476837158,1.7350000143051147,2125,0.0,0.0
2022-10-10 10:30:00-04:00,1.7350000143051147,1.7350000143051147,1.684999942779541,1.684999942779541,2544,0.0,0.0
2022-10-10 11:30:00-04:00,1.6399999856948853,1.7050000429153442,1.6399999856948853,1.690000057220459,3075,0.0,0.0
2022-10-10 12:30:00-04:00,1.6777000427246094,1.6777000427246094,1.649999976158142,1.649999976158142,2075,0.0,0.0
2022-10-10 13:30:00-04:00,1.6598999500274658,1.690000057220459,1.649999976158142,1.690000057220459,30207,0.0,0.0
2022-10-10 14:30:00-04:00,1.6799999475479126,1.7100000381469727,1.6799999475479126,1.6799999475479126,500,0.0,0.0
2022-10-10 15:30:00-04:00,1.690000057220459,1.7200000286102295,1.6699999570846558,1.7200000286102295,34067,0.0,0.0
2022-10-11 09:30:00-04:00,1.649999976158142,1.6612999439239502,1.649999976158142,1.6612999439239502,400,0.0,0.0
2022-10-11 10:30:00-04:00,1.6799999475479126,1.6799999475479126,1.6100000143051147,1.6100000143051147,23036,0.0,0.0
2022-10-11 11:30:00-04:00,1.6632000207901,1.6632000207901,1.6100000143051147,1.6399999856948853,24907,0.0,0.0
2022-10-11 12:30:00-04:00,1.6399999856948853,1.659999966621399,1.6399999856948853,1.649999976158142,3320,0.0,0.0
2022-10-11 13:30:00-04:00,1.6549999713897705,1.6689000129699707,1.649999976158142,1.649999976158142,2132,0.0,0.0
2022-10-11 14:30:00-04:00,1.649999976158142,1.649999976158142,1.6200000047683716,1.6349999904632568,4911,0.0,0.0
2022-10-11 15:30:00-04:00,1.6200000047683716,1.649999976158142,1.6200000047683716,1.6299999952316284,3660,0.0,0.0
2022-10-12 09:30:00-04:00,1.6200000047683716,1.621000051498413,1.5800000429153442,1.6187000274658203,24858,0.0,0.0
2022-10-12 10:30:00-04:00,1.5800000429153442,1.5800000429153442,1.5399999618530273,1.5499999523162842,8559,0.0,0.0
2022-10-12 11:30:00-04:00,1.559999942779541,1.5902999639511108,1.5399999618530273,1.5800000429153442,4777,0.0,0.0
2022-10-12 12:30:00-04:00,1.590000033378601,1.590000033378601,1.5700000524520874,1.590000033378601,2384,0.0,0.0
2022-10-12 13:30:00-04:00,1.5801000595092773,1.6100000143051147,1.5801000595092773,1.600000023841858,3869,0.0,0.0
2022-10-12 14:30:00-04:00,1.6150000095367432,1.6200000047683716,1.6150000095367432,1.6200000047683716,12437,0.0,0.0
2022-10-12 15:30:00-04:00,1.6399999856948853,1.649999976158142,1.6100000143051147,1.6399999856948853,16239,0.0,0.0
2022-10-13 09:30:00-04:00,1.5499999523162842,1.5987999439239502,1.5499999523162842,1.5987999439239502,945,0.0,0.0
2022-10-13 10:30:00-04:00,1.5800000429153442,1.6922999620437622,1.5800000429153442,1.6672999858856201,24559,0.0,0.0
2022-10-13 11:30:00-04:00,1.649999976158142,1.6699999570846558,1.649999976158142,1.659999966621399,1398,0.0,0.0
2022-10-13 12:30:00-04:00,1.6399999856948853,1.6699999570846558,1.6299999952316284,1.649999976158142,11324,0.0,0.0
2022-10-13 13:30:00-04:00,1.649999976158142,1.6799999475479126,1.6399999856948853,1.6523000001907349,7120,0.0,0.0
2022-10-13 14:30:00-04:00,1.649999976158142,1.6649999618530273,1.6399999856948853,1.6399999856948853,5504,0.0,0.0
2022-10-13 15:30:00-04:00,1.6399999856948853,1.7000000476837158,1.6399999856948853,1.690000057220459,19255,0.0,0.0
2022-10-14 09:30:00-04:00,1.690000057220459,1.690000057220459,1.6200000047683716,1.6200000047683716,608,0.0,0.0
2022-10-14 10:30:00-04:00,1.6449999809265137,1.6449999809265137,1.6100000143051147,1.6100000143051147,1478,0.0,0.0
2022-10-14 11:30:00-04:00,1.6475000381469727,1.6475000381469727,1.5800000429153442,1.61489999294281,29372,0.0,0.0
2022-10-14 12:30:00-04:00,1.6050000190734863,1.6050000190734863,1.590000033378601,1.590000033378601,735,0.0,0.0
2022-10-14 13:30:00-04:00,1.6050000190734863,1.6050000190734863,1.590000033378601,1.590000033378601,4232,0.0,0.0
2022-10-14 14:30:00-04:00,1.600000023841858,1.600000023841858,1.5800000429153442,1.600000023841858,7238,0.0,0.0
2022-10-14 15:30:00-04:00,1.600000023841858,1.6299999952316284,1.590000033378601,1.590000033378601,4169,0.0,0.0
2022-10-17 09:30:00-04:00,1.5976999998092651,1.7300000190734863,1.5976999998092651,1.6799999475479126,13984,0.0,0.0
2022-10-17 10:30:00-04:00,1.6799999475479126,1.6799999475479126,1.6299999952316284,1.6699999570846558,7923,0.0,0.0
2022-10-17 11:30:00-04:00,1.649999976158142,1.659999966621399,1.6299999952316284,1.649999976158142,14321,0.0,0.0
2022-10-17 12:30:00-04:00,1.6699999570846558,1.6699999570846558,1.6399999856948853,1.659999966621399,1666,0.0,0.0
2022-10-17 13:30:00-04:00,1.6299999952316284,1.659999966621399,1.590000033378601,1.6200000047683716,14327,0.0,0.0
2022-10-17 14:30:00-04:00,1.6200000047683716,1.6299999952316284,1.600000023841858,1.600000023841858,5385,0.0,0.0
2022-10-17 15:30:00-04:00,1.6100000143051147,1.6399999856948853,1.6100000143051147,1.6100000143051147,4591,0.0,0.0
2022-10-18 09:30:00-04:00,1.6200000047683716,1.649999976158142,1.6200000047683716,1.649999976158142,0,0.0,0.0
2022-10-18 10:30:00-04:00,1.6309000253677368,1.6309000253677368,1.6100000143051147,1.6100000143051147,2206,0.0,0.0
2022-10-18 11:30:00-04:00,1.600000023841858,1.6100000143051147,1.5700000524520874,1.6100000143051147,3531,0.0,0.0
2022-10-18 12:30:00-04:00,1.600000023841858,1.6399999856948853,1.600000023841858,1.6399999856948853,2561,0.0,0.0
2022-10-18 13:30:00-04:00,1.6299999952316284,1.6299999952316284,1.6200000047683716,1.6200000047683716,2010,0.0,0.0
2022-10-18 14:30:00-04:00,1.6100000143051147,1.6200000047683716,1.5700000524520874,1.600000023841858,11652,0.0,0.0
2022-10-18 15:30:00-04:00,1.6100000143051147,1.6100000143051147,1.590000033378601,1.590000033378601,3452,0.0,0.0
2022-10-19 09:30:00-04:00,1.5800000429153442,1.6234999895095825,1.5800000429153442,1.6234999895095825,2794,0.0,0.0
2022-10-19 10:30:00-04:00,1.600000023841858,1.6200000047683716,1.5800000429153442,1.6100000143051147,4389,0.0,0.0
2022-10-19 11:30:00-04:00,1.6100000143051147,1.6399999856948853,1.600000023841858,1.6299999952316284,22663,0.0,0.0
2022-10-19 12:30:00-04:00,1.6299999952316284,1.6399999856948853,1.6100000143051147,1.6100000143051147,13607,0.0,0.0
2022-10-19 13:30:00-04:00,1.6150000095367432,1.659999966621399,1.6009000539779663,1.6297999620437622,38227,0.0,0.0
2022-10-19 14:30:00-04:00,1.6399999856948853,1.659999966621399,1.6200000047683716,1.649999976158142,11288,0.0,0.0
2022-10-19 15:30:00-04:00,1.649999976158142,1.649999976158142,1.6100000143051147,1.649999976158142,25412,0.0,0.0
2022-10-20 09:30:00-04:00,1.690000057220459,1.899999976158142,1.690000057220459,1.850000023841858,119571,0.0,0.0
2022-10-20 10:30:00-04:00,1.875,1.875,1.7999999523162842,1.8523000478744507,112759,0.0,0.0
2022-10-20 11:30:00-04:00,1.850000023841858,1.8600000143051147,1.7799999713897705,1.7999999523162842,43180,0.0,0.0
2022-10-20 12:30:00-04:00,1.7999999523162842,1.7999999523162842,1.7519999742507935,1.7798999547958374,37425,0.0,0.0
2022-10-20 13:30:00-04:00,1.7799999713897705,1.7799999713897705,1.75,1.75,5975,0.0,0.0
2022-10-20 14:30:00-04:00,1.7599999904632568,1.7599999904632568,1.750100016593933,1.750100016593933,708,0.0,0.0
2022-10-20 15:30:00-04:00,1.7680000066757202,1.7685999870300293,1.7680000066757202,1.7685999870300293,265,0.0,0.0
2022-10-21 09:30:00-04:00,1.8200000524520874,1.8899999856948853,1.7699999809265137,1.8306000232696533,38446,0.0,0.0
2022-10-21 10:30:00-04:00,1.8300000429153442,1.840000033378601,1.7899999618530273,1.7999999523162842,36851,0.0,0.0
2022-10-21 11:30:00-04:00,1.7999999523162842,1.8300000429153442,1.781999945640564,1.7999999523162842,26824,0.0,0.0
2022-10-21 12:30:00-04:00,1.8079999685287476,1.8300000429153442,1.7799999713897705,1.7999999523162842,47700,0.0,0.0
2022-10-21 13:30:00-04:00,1.7999999523162842,1.850000023841858,1.7899999618530273,1.8200000524520874,23654,0.0,0.0
2022-10-21 14:30:00-04:00,1.8200000524520874,1.8300000429153442,1.7999999523162842,1.809999942779541,28214,0.0,0.0
2022-10-21 15:30:00-04:00,1.809999942779541,1.8200000524520874,1.7799999713897705,1.7899999618530273,51137,0.0,0.0
2022-10-24 09:30:00-04:00,1.809999942779541,1.8450000286102295,1.7999000549316406,1.8200000524520874,0,0.0,0.0
2022-10-24 10:30:00-04:00,1.7999999523162842,1.8300000429153442,1.7699999809265137,1.809999942779541,10501,0.0,0.0
2022-10-24 11:30:00-04:00,1.8300000429153442,1.8600000143051147,1.7999999523162842,1.8301000595092773,78875,0.0,0.0
2022-10-24 12:30:00-04:00,1.8300000429153442,1.850000023841858,1.8300000429153442,1.850000023841858,12352,0.0,0.0
2022-10-24 13:30:00-04:00,1.850000023841858,1.8515000343322754,1.7999999523162842,1.8423000574111938,13356,0.0,0.0
2022-10-24 14:30:00-04:00,1.8300000429153442,1.840000033378601,1.7899999618530273,1.8200000524520874,10584,0.0,0.0
2022-10-24 15:30:00-04:00,1.8200000524520874,1.850000023841858,1.809999942779541,1.840000033378601,13203,0.0,0.0
2022-10-25 09:30:00-04:00,1.8200000524520874,1.8300000429153442,1.774899959564209,1.7899999618530273,24801,0.0,0.0
2022-10-25 10:30:00-04:00,1.8200000524520874,1.8286000490188599,1.809999942779541,1.809999942779541,2355,0.0,0.0
2022-10-25 11:30:00-04:00,1.8200000524520874,1.8200000524520874,1.7899999618530273,1.7899999618530273,6836,0.0,0.0
2022-10-25 12:30:00-04:00,1.8099000453948975,1.8099000453948975,1.7799999713897705,1.7799999713897705,13989,0.0,0.0
2022-10-25 13:30:00-04:00,1.7799999713897705,1.7869000434875488,1.7711999416351318,1.7799999713897705,6123,0.0,0.0
2022-10-25 14:30:00-04:00,1.7999999523162842,1.7999999523162842,1.7799999713897705,1.7799999713897705,1432,0.0,0.0
2022-10-25 15:30:00-04:00,1.7972999811172485,1.7999000549316406,1.7699999809265137,1.7699999809265137,8149,0.0,0.0
2022-10-26 09:30:00-04:00,1.7699999809265137,1.8700000047683716,1.75,1.8200000524520874,0,0.0,0.0
2022-10-26 10:30:00-04:00,1.8420000076293945,1.850000023841858,1.7799999713897705,1.850000023841858,50410,0.0,0.0
2022-10-26 11:30:00-04:00,1.840000033378601,1.8782999515533447,1.7999999523162842,1.8406000137329102,59679,0.0,0.0
2022-10-26 12:30:00-04:00,1.840000033378601,1.8489999771118164,1.7800999879837036,1.7800999879837036,13426,0.0,0.0
2022-10-26 13:30:00-04:00,1.7799999713897705,1.815000057220459,1.7799999713897705,1.815000057220459,21247,0.0,0.0
2022-10-26 14:30:00-04:00,1.815000057220459,1.8200000524520874,1.784999966621399,1.7899999618530273,5005,0.0,0.0
2022-10-26 15:30:00-04:00,1.7899999618530273,1.8200000524520874,1.7899999618530273,1.7999999523162842,7317,0.0,0.0
2022-10-27 09:30:00-04:00,1.850000023841858,1.8600000143051147,1.7899999618530273,1.8600000143051147,0,0.0,0.0
2022-10-27 10:30:00-04:00,1.850100040435791,1.8600000143051147,1.8300000429153442,1.8300000429153442,49160,0.0,0.0
2022-10-27 11:30:00-04:00,1.8300000429153442,1.8350000381469727,1.8300000429153442,1.8300000429153442,1990,0.0,0.0
2022-10-27 12:30:00-04:00,1.8345999717712402,1.8350000381469727,1.8137999773025513,1.8200000524520874,2582,0.0,0.0
2022-10-27 13:30:00-04:00,1.8300000429153442,1.840000033378601,1.8300000429153442,1.839900016784668,5700,0.0,0.0
2022-10-27 14:30:00-04:00,1.8300000429153442,1.8300000429153442,1.7999999523162842,1.809999942779541,6303,0.0,0.0
2022-10-27 15:30:00-04:00,1.7999999523162842,1.809999942779541,1.7799999713897705,1.7999999523162842,17744,0.0,0.0
2022-10-28 09:30:00-04:00,1.840000033378601,1.9800000190734863,1.840000033378601,1.9700000286102295,437389,0.0,0.0
2022-10-28 10:30:00-04:00,1.9800000190734863,2.049999952316284,1.9500000476837158,1.983199954032898,84399,0.0,0.0
2022-10-28 11:30:00-04:00,1.9884999990463257,2.009999990463257,1.9700000286102295,2.009999990463257,11869,0.0,0.0
2022-10-28 12:30:00-04:00,2.0199999809265137,2.0899999141693115,2.0072999000549316,2.069999933242798,60937,0.0,0.0
2022-10-28 13:30:00-04:00,2.049999952316284,2.0999999046325684,2.0399999618530273,2.0999999046325684,41868,0.0,0.0
2022-10-28 14:30:00-04:00,2.0810000896453857,2.200000047683716,2.0799999237060547,2.134999990463257,58740,0.0,0.0
2022-10-28 15:30:00-04:00,2.130000114440918,2.2300000190734863,2.119999885559082,2.2200000286102295,82369,0.0,0.0
2022-10-31 09:30:00-04:00,2.200000047683716,2.237299919128418,2.109999895095825,2.22760009765625,56699,0.0,0.0
2022-10-31 10:30:00-04:00,2.2300000190734863,2.299999952316284,2.2200000286102295,2.240000009536743,55800,0.0,0.0
2022-10-31 11:30:00-04:00,2.2548000812530518,2.299999952316284,2.2300000190734863,2.2699999809265137,30134,0.0,0.0
2022-10-31 12:30:00-04:00,2.2899999618530273,2.419100046157837,2.2699999809265137,2.390000104904175,108271,0.0,0.0
2022-10-31 13:30:00-04:00,2.390000104904175,2.390000104904175,2.3343000411987305,2.369999885559082,36958,0.0,0.0
2022-10-31 14:30:00-04:00,2.365000009536743,2.440000057220459,2.3606998920440674,2.430000066757202,41853,0.0,0.0
2022-10-31 15:30:00-04:00,2.428800106048584,2.497999906539917,2.418100118637085,2.490000009536743,109561,0.0,0.0
2022-11-01 09:30:00-04:00,2.4800000190734863,2.5,2.369999885559082,2.4107000827789307,93953,0.0,0.0
2022-11-01 10:30:00-04:00,2.4149999618530273,2.4200000762939453,2.3399999141693115,2.359999895095825,39585,0.0,0.0
2022-11-01 11:30:00-04:00,2.3399999141693115,2.3450000286102295,2.2100000381469727,2.25,74200,0.0,0.0
2022-11-01 12:30:00-04:00,2.25,2.2699999809265137,2.2300000190734863,2.2300000190734863,38535,0.0,0.0
2022-11-01 13:30:00-04:00,2.240000009536743,2.240000009536743,2.180000066757202,2.190000057220459,28139,0.0,0.0
2022-11-01 14:30:00-04:00,2.2100000381469727,2.2300000190734863,2.180000066757202,2.190000057220459,33064,0.0,0.0
2022-11-01 15:30:00-04:00,2.190000057220459,2.2200000286102295,2.180000066757202,2.200000047683716,20611,0.0,0.0
2022-11-02 09:30:00-04:00,2.180000066757202,2.3499999046325684,2.180000066757202,2.3199000358581543,119785,0.0,0.0
2022-11-02 10:30:00-04:00,2.309999942779541,2.359999895095825,2.309999942779541,2.3241000175476074,10943,0.0,0.0
2022-11-02 11:30:00-04:00,2.3399999141693115,2.3499999046325684,2.319999933242798,2.319999933242798,13800,0.0,0.0
2022-11-02 12:30:00-04:00,2.319999933242798,2.3299999237060547,2.309999942779541,2.319999933242798,10132,0.0,0.0
2022-11-02 13:30:00-04:00,2.3190999031066895,2.3299999237060547,2.309999942779541,2.3299999237060547,27631,0.0,0.0
2022-11-02 14:30:00-04:00,2.3499999046325684,2.4000000953674316,2.2400999069213867,2.255000114440918,32307,0.0,0.0
2022-11-02 15:30:00-04:00,2.2699999809265137,2.2899999618530273,2.240000009536743,2.2699999809265137,21523,0.0,0.0
2022-11-03 09:30:00-04:00,2.2500998973846436,2.2799999713897705,2.200000047683716,2.2300000190734863,21583,0.0,0.0
2022-11-03 10:30:00-04:00,2.240000009536743,2.309999942779541,2.240000009536743,2.2899999618530273,18482,0.0,0.0
2022-11-03 11:30:00-04:00,2.2799999713897705,2.3499999046325684,2.2799999713897705,2.3499999046325684,13372,0.0,0.0
2022-11-03 12:30:00-04:00,2.3350000381469727,2.359999895095825,2.3299999237060547,2.3299999237060547,10227,0.0,0.0
2022-11-03 13:30:00-04:00,2.3299999237060547,2.3499999046325684,2.3201000690460205,2.3499999046325684,8851,0.0,0.0
2022-11-03 14:30:00-04:00,2.3315000534057617,2.380000114440918,2.3315000534057617,2.380000114440918,13384,0.0,0.0
2022-11-03 15:30:00-04:00,2.380000114440918,2.4000000953674316,2.370699882507324,2.390000104904175,15621,0.0,0.0
2022-11-04 09:30:00-04:00,2.4000000953674316,2.630000114440918,2.4000000953674316,2.6191999912261963,133768,0.0,0.0
2022-11-04 10:30:00-04:00,2.609999895095825,2.640000104904175,2.559999942779541,2.5780999660491943,38192,0.0,0.0
2022-11-04 11:30:00-04:00,2.569999933242798,2.5701000690460205,2.440000057220459,2.440000057220459,55961,0.0,0.0
2022-11-04 12:30:00-04:00,2.450000047683716,2.509999990463257,2.450000047683716,2.471400022506714,2145,0.0,0.0
2022-11-04 13:30:00-04:00,2.5,2.549999952316284,2.450000047683716,2.539799928665161,26552,0.0,0.0
2022-11-04 14:30:00-04:00,2.490000009536743,2.569999933242798,2.490000009536743,2.549999952316284,11772,0.0,0.0
2022-11-04 15:30:00-04:00,2.541300058364868,2.549999952316284,2.4809999465942383,2.5,37652,0.0,0.0
2022-11-07 09:30:00-05:00,2.4800000190734863,2.5999999046325684,2.440000057220459,2.575000047683716,58091,0.0,0.0
2022-11-07 10:30:00-05:00,2.569999933242798,2.5799999237060547,2.450000047683716,2.549999952316284,56882,0.0,0.0
2022-11-07 11:30:00-05:00,2.549999952316284,2.549999952316284,2.440000057220459,2.490000009536743,81752,0.0,0.0
2022-11-07 12:30:00-05:00,2.490000009536743,2.5,2.434999942779541,2.440000057220459,17210,0.0,0.0
2022-11-07 13:30:00-05:00,2.450000047683716,2.4700000286102295,2.430000066757202,2.4700000286102295,7727,0.0,0.0
2022-11-07 14:30:00-05:00,2.4700000286102295,2.4800000190734863,2.434999942779541,2.4800000190734863,27082,0.0,0.0
2022-11-07 15:30:00-05:00,2.4549999237060547,2.5380001068115234,2.4549999237060547,2.5299999713897705,16971,0.0,0.0
2022-11-08 09:30:00-05:00,2.5999999046325684,2.600100040435791,2.430000066757202,2.4700000286102295,65529,0.0,0.0
2022-11-08 10:30:00-05:00,2.472100019454956,2.4800000190734863,2.380000114440918,2.424999952316284,46310,0.0,0.0
2022-11-08 11:30:00-05:00,2.424999952316284,2.5,2.4200000762939453,2.450000047683716,56664,0.0,0.0
2022-11-08 12:30:00-05:00,2.456399917602539,2.4600000381469727,2.430000066757202,2.440000057220459,8599,0.0,0.0
2022-11-08 13:30:00-05:00,2.440000057220459,2.490000009536743,2.430000066757202,2.4749999046325684,10371,0.0,0.0
2022-11-08 14:30:00-05:00,2.4749999046325684,2.569999933242798,2.4749999046325684,2.5199999809265137,47843,0.0,0.0
2022-11-08 15:30:00-05:00,2.5199999809265137,2.5999999046325684,2.5199999809265137,2.5999999046325684,33602,0.0,0.0
2022-11-09 09:30:00-05:00,2.3399999141693115,2.5899999141693115,2.240000009536743,2.25,155861,0.0,0.0
2022-11-09 10:30:00-05:00,2.2455999851226807,2.2799999713897705,2.180000066757202,2.180000066757202,82568,0.0,0.0
2022-11-09 11:30:00-05:00,2.1600000858306885,2.200000047683716,2.1080000400543213,2.170599937438965,163058,0.0,0.0
2022-11-09 12:30:00-05:00,2.190000057220459,2.2149999141693115,2.115000009536743,2.119999885559082,45488,0.0,0.0
2022-11-09 13:30:00-05:00,2.130000114440918,2.190000057220459,2.119999885559082,2.190000057220459,18416,0.0,0.0
2022-11-09 14:30:00-05:00,2.180000066757202,2.299999952316284,2.180000066757202,2.2799999713897705,42272,0.0,0.0
2022-11-09 15:30:00-05:00,2.2799999713897705,2.299999952316284,2.25,2.2699999809265137,46307,0.0,0.0
2022-11-10 09:30:00-05:00,2.309999942779541,2.390000104904175,2.2799999713897705,2.308500051498413,72930,0.0,0.0
2022-11-10 10:30:00-05:00,2.299999952316284,2.309999942779541,2.2467000484466553,2.2799999713897705,30208,0.0,0.0
2022-11-10 11:30:00-05:00,2.287400007247925,2.315000057220459,2.2701001167297363,2.299999952316284,20892,0.0,0.0
2022-11-10 12:30:00-05:00,2.265000104904175,2.26990008354187,2.2200000286102295,2.2200000286102295,30856,0.0,0.0
2022-11-10 13:30:00-05:00,2.227299928665161,2.2799999713897705,2.2200000286102295,2.2699999809265137,33402,0.0,0.0
2022-11-10 14:30:00-05:00,2.299999952316284,2.299999952316284,2.200000047683716,2.2200000286102295,48864,0.0,0.0
2022-11-10 15:30:00-05:00,2.2100000381469727,2.2300000190734863,2.200000047683716,2.2300000190734863,22584,0.0,0.0
2022-11-11 09:30:00-05:00,2.2100000381469727,2.380000114440918,2.2100000381469727,2.313800096511841,86230,0.0,0.0
2022-11-11 10:30:00-05:00,2.349900007247925,2.385999917984009,2.240000009536743,2.309999942779541,22976,0.0,0.0
2022-11-11 11:30:00-05:00,2.299999952316284,2.3399999141693115,2.2799999713897705,2.299999952316284,20788,0.0,0.0
2022-11-11 12:30:00-05:00,2.299999952316284,2.325000047683716,2.299999952316284,2.315000057220459,4944,0.0,0.0
2022-11-11 13:30:00-05:00,2.315000057220459,2.329900026321411,2.315000057220459,2.319999933242798,5969,0.0,0.0
2022-11-11 14:30:00-05:00,2.3299999237060547,2.3299999237060547,2.319999933242798,2.3299999237060547,10485,0.0,0.0
2022-11-11 15:30:00-05:00,2.325000047683716,2.359999895095825,2.2699999809265137,2.309999942779541,45321,0.0,0.0
2022-11-14 09:30:00-05:00,2.3499999046325684,2.4000000953674316,2.2699999809265137,2.3413000106811523,28071,0.0,0.0
2022-11-14 10:30:00-05:00,2.3413000106811523,2.369999885559082,2.2899999618530273,2.309999942779541,18974,0.0,0.0
2022-11-14 11:30:00-05:00,2.309999942779541,2.309999942779541,2.25,2.25,14902,0.0,0.0
2022-11-14 12:30:00-05:00,2.259999990463257,2.2971999645233154,2.259999990463257,2.2971999645233154,6203,0.0,0.0
2022-11-14 13:30:00-05:00,2.309999942779541,2.3299999237060547,2.2799999713897705,2.2848000526428223,8960,0.0,0.0
2022-11-14 14:30:00-05:00,2.2899999618530273,2.299999952316284,2.234999895095825,2.234999895095825,14083,0.0,0.0
2022-11-14 15:30:00-05:00,2.2200000286102295,2.2679998874664307,2.2100000381469727,2.2100000381469727,19216,0.0,0.0
2022-11-15 09:30:00-05:00,2.180000066757202,2.2200000286102295,2.130000114440918,2.200000047683716,59933,0.0,0.0
2022-11-15 10:30:00-05:00,2.2100000381469727,2.2300000190734863,2.1500000953674316,2.2037999629974365,42760,0.0,0.0
2022-11-15 11:30:00-05:00,2.2100000381469727,2.2300000190734863,2.190000057220459,2.190000057220459,16228,0.0,0.0
2022-11-15 12:30:00-05:00,2.180000066757202,2.190000057220459,2.1700000762939453,2.180000066757202,7560,0.0,0.0
2022-11-15 13:30:00-05:00,2.1700000762939453,2.1868999004364014,2.140000104904175,2.1500000953674316,38353,0.0,0.0
2022-11-15 14:30:00-05:00,2.1505000591278076,2.1700000762939453,2.1500000953674316,2.1700000762939453,8936,0.0,0.0
2022-11-15 15:30:00-05:00,2.1700000762939453,2.180000066757202,2.130000114440918,2.130000114440918,21567,0.0,0.0
2022-11-16 09:30:00-05:00,2.140000104904175,2.1500000953674316,2.059999942779541,2.0999999046325684,15647,0.0,0.0
2022-11-16 10:30:00-05:00,2.08240008354187,2.130000114440918,2.059999942779541,2.0899999141693115,20770,0.0,0.0
2022-11-16 11:30:00-05:00,2.0899999141693115,2.0999999046325684,2.069999933242798,2.0950000286102295,17213,0.0,0.0
2022-11-16 12:30:00-05:00,2.0999999046325684,2.0999999046325684,2.0899999141693115,2.0950000286102295,10124,0.0,0.0
2022-11-16 13:30:00-05:00,2.0899999141693115,2.0999999046325684,2.0799999237060547,2.0999999046325684,25775,0.0,0.0
2022-11-16 14:30:00-05:00,2.0799999237060547,2.0799999237060547,2.0799999237060547,2.0799999237060547,1562,0.0,0.0
2022-11-16 15:30:00-05:00,2.0899999141693115,2.1050000190734863,2.059999942779541,2.0999999046325684,44392,0.0,0.0
2022-11-17 09:30:00-05:00,2.0799999237060547,2.0799999237060547,1.9299999475479126,2.0,37386,0.0,0.0
2022-11-17 10:30:00-05:00,1.9840999841690063,2.0299999713897705,1.9838999509811401,2.009999990463257,49814,0.0,0.0
2022-11-17 11:30:00-05:00,2.009999990463257,2.0299999713897705,2.009999990463257,2.009999990463257,12600,0.0,0.0
2022-11-17 12:30:00-05:00,2.009999990463257,2.0199999809265137,2.009999990463257,2.009999990463257,44663,0.0,0.0
2022-11-17 13:30:00-05:00,2.009999990463257,2.0299999713897705,2.009999990463257,2.009999990463257,27889,0.0,0.0
2022-11-17 14:30:00-05:00,2.0114998817443848,2.0299999713897705,2.009999990463257,2.009999990463257,25987,0.0,0.0
2022-11-17 15:30:00-05:00,2.009999990463257,2.049999952316284,2.009999990463257,2.0199999809265137,35263,0.0,0.0
2022-11-18 09:30:00-05:00,2.009999990463257,2.049999952316284,1.9800000190734863,2.0199999809265137,91738,0.0,0.0
2022-11-18 10:30:00-05:00,1.9900000095367432,2.0399999618530273,1.9900000095367432,2.0299999713897705,12782,0.0,0.0
2022-11-18 11:30:00-05:00,2.0299999713897705,2.0399999618530273,2.0299999713897705,2.0399999618530273,12032,0.0,0.0
2022-11-18 12:30:00-05:00,2.049999952316284,2.0799999237060547,2.049999952316284,2.0701000690460205,14180,0.0,0.0
2022-11-18 13:30:00-05:00,2.069999933242798,2.069999933242798,2.049999952316284,2.049999952316284,2310,0.0,0.0
2022-11-18 14:30:00-05:00,2.055000066757202,2.0799999237060547,2.0299999713897705,2.059999942779541,6716,0.0,0.0
2022-11-18 15:30:00-05:00,2.059999942779541,2.069999933242798,2.049999952316284,2.049999952316284,17988,0.0,0.0
2022-11-21 09:30:00-05:00,2.0799999237060547,2.0799999237060547,1.9606000185012817,1.9800000190734863,31234,0.0,0.0
2022-11-21 10:30:00-05:00,1.9600000381469727,1.9700000286102295,1.9299999475479126,1.940000057220459,14459,0.0,0.0
2022-11-21 11:30:00-05:00,1.934999942779541,2.0,1.9299999475479126,2.0,93111,0.0,0.0
2022-11-21 12:30:00-05:00,2.0,2.049999952316284,1.9937000274658203,2.0425000190734863,6948,0.0,0.0
2022-11-21 13:30:00-05:00,2.0199999809265137,2.039900064468384,2.009999990463257,2.015000104904175,15646,0.0,0.0
2022-11-21 14:30:00-05:00,2.015000104904175,2.0299999713897705,2.0,2.0,21354,0.0,0.0
2022-11-21 15:30:00-05:00,2.0,2.047300100326538,2.0,2.0199999809265137,27029,0.0,0.0
2022-11-22 09:30:00-05:00,2.051100015640259,2.0999999046325684,2.049999952316284,2.0899999141693115,0,0.0,0.0
2022-11-22 10:30:00-05:00,2.0799999237060547,2.0850000381469727,2.0,2.0299999713897705,98769,0.0,0.0
2022-11-22 11:30:00-05:00,2.0350000858306885,2.049999952316284,2.005000114440918,2.0199999809265137,169501,0.0,0.0
2022-11-22 12:30:00-05:00,2.0199999809265137,2.0899999141693115,2.009999990463257,2.059999942779541,95919,0.0,0.0
2022-11-22 13:30:00-05:00,2.049999952316284,2.0999999046325684,2.0399999618530273,2.0899999141693115,125059,0.0,0.0
2022-11-22 14:30:00-05:00,2.0999999046325684,2.119999885559082,2.069999933242798,2.0999999046325684,24616,0.0,0.0
2022-11-22 15:30:00-05:00,2.0999999046325684,2.0999999046325684,2.069999933242798,2.069999933242798,19932,0.0,0.0
2022-11-23 09:30:00-05:00,2.0999999046325684,2.0999999046325684,1.9900000095367432,2.009999990463257,0,0.0,0.0
2022-11-23 10:30:00-05:00,2.029900074005127,2.0299999713897705,1.9600000381469727,2.009999990463257,35120,0.0,0.0
2022-11-23 11:30:00-05:00,2.059999942779541,2.059999942779541,1.9700000286102295,1.9950000047683716,39672,0.0,0.0
2022-11-23 12:30:00-05:00,2.0,2.0350000858306885,1.9900000095367432,2.0350000858306885,14899,0.0,0.0
2022-11-23 13:30:00-05:00,2.049999952316284,2.0599000453948975,1.9800000190734863,2.0,112992,0.0,0.0
2022-11-23 14:30:00-05:00,2.0399999618530273,2.049999952316284,2.009999990463257,2.0199999809265137,10810,0.0,0.0
2022-11-23 15:30:00-05:00,2.0299999713897705,2.0399999618530273,2.0,2.0299999713897705,7765,0.0,0.0
2022-11-25 09:30:00-05:00,2.0450000762939453,2.069999933242798,1.9700000286102295,2.0299999713897705,91127,0.0,0.0
2022-11-25 10:30:00-05:00,2.0299999713897705,2.0399999618530273,2.009999990463257,2.0399999618530273,3333,0.0,0.0
2022-11-25 11:30:00-05:00,2.0299999713897705,2.0299999713897705,2.0199999809265137,2.0299999713897705,1404,0.0,0.0
2022-11-28 09:30:00-05:00,1.9900000095367432,2.0350000858306885,1.9500000476837158,1.9700000286102295,88176,0.0,0.0
2022-11-28 10:30:00-05:00,1.9600000381469727,1.9700000286102295,1.9299999475479126,1.9550000429153442,32066,0.0,0.0
2022-11-28 11:30:00-05:00,1.9550000429153442,1.9773000478744507,1.9299999475479126,1.9700000286102295,24738,0.0,0.0
2022-11-28 12:30:00-05:00,1.9700000286102295,1.9799000024795532,1.9299999475479126,1.940000057220459,11802,0.0,0.0
2022-11-28 13:30:00-05:00,1.9301999807357788,1.9500000476837158,1.8600000143051147,1.8799999952316284,41379,0.0,0.0
2022-11-28 14:30:00-05:00,1.8799999952316284,1.934999942779541,1.8600000143051147,1.9049999713897705,30170,0.0,0.0
2022-11-28 15:30:00-05:00,1.909999966621399,1.9299999475479126,1.8899999856948853,1.8899999856948853,18062,0.0,0.0
2022-11-29 09:30:00-05:00,1.899999976158142,1.9500000476837158,1.8250000476837158,1.8949999809265137,0,0.0,0.0
2022-11-29 10:30:00-05:00,1.899999976158142,1.909999966621399,1.8819999694824219,1.8899999856948853,11836,0.0,0.0
2022-11-29 11:30:00-05:00,1.8899999856948853,1.899999976158142,1.850000023841858,1.8799999952316284,50472,0.0,0.0
2022-11-29 12:30:00-05:00,1.8866000175476074,1.8899999856948853,1.850000023841858,1.8594000339508057,95028,0.0,0.0
2022-11-29 13:30:00-05:00,1.8550000190734863,1.909999966621399,1.850000023841858,1.8799999952316284,137636,0.0,0.0
2022-11-29 14:30:00-05:00,1.8899999856948853,1.909999966621399,1.850000023841858,1.8899999856948853,65350,0.0,0.0
2022-11-29 15:30:00-05:00,1.909999966621399,1.9299999475479126,1.899999976158142,1.909999966621399,6425,0.0,0.0
2022-11-30 09:30:00-05:00,1.9199999570846558,1.940000057220459,1.850000023841858,1.8899999856948853,90068,0.0,0.0
2022-11-30 10:30:00-05:00,1.8899999856948853,1.899999976158142,1.840000033378601,1.8799999952316284,63671,0.0,0.0
2022-11-30 11:30:00-05:00,1.899999976158142,1.899999976158142,1.8700000047683716,1.8799999952316284,17850,0.0,0.0
2022-11-30 12:30:00-05:00,1.8799999952316284,1.8899999856948853,1.850000023841858,1.8799999952316284,52705,0.0,0.0
2022-11-30 13:30:00-05:00,1.8799999952316284,1.909999966621399,1.8200000524520874,1.875,139012,0.0,0.0
2022-11-30 14:30:00-05:00,1.875,1.909999966621399,1.840000033378601,1.909999966621399,106541,0.0,0.0
2022-11-30 15:30:00-05:00,1.909999966621399,1.940000057220459,1.8600000143051147,1.9199999570846558,201417,0.0,0.0
2022-12-01 09:30:00-05:00,1.9900000095367432,1.9900000095367432,1.8700000047683716,1.909999966621399,124390,0.0,0.0
2022-12-01 10:30:00-05:00,1.9009000062942505,1.9199999570846558,1.8700000047683716,1.9149999618530273,101158,0.0,0.0
2022-12-01 11:30:00-05:00,1.9149999618530273,1.9198999404907227,1.909999966621399,1.9149999618530273,10385,0.0,0.0
2022-12-01 12:30:00-05:00,1.9199999570846558,1.926300048828125,1.8700000047683716,1.9098999500274658,101237,0.0,0.0
2022-12-01 13:30:00-05:00,1.9049999713897705,1.9198999404907227,1.8899999856948853,1.899999976158142,11630,0.0,0.0
2022-12-01 14:30:00-05:00,1.8899999856948853,1.899999976158142,1.8700000047683716,1.8899999856948853,22861,0.0,0.0
2022-12-01 15:30:00-05:00,1.8799999952316284,1.8899999856948853,1.8450000286102295,1.850000023841858,76937,0.0,0.0
2022-12-02 09:30:00-05:00,1.850000023841858,1.850000023841858,1.850000023841858,1.850000023841858,22787,0.0,0.0
2022-12-02 10:30:00-05:00,1.8600000143051147,1.8746999502182007,1.850000023841858,1.8700000047683716,24233,0.0,0.0
2022-12-02 11:30:00-05:00,1.8779000043869019,1.8799999952316284,1.8779000043869019,1.8799999952316284,5642,0.0,0.0
2022-12-02 12:30:00-05:00,1.8799999952316284,1.8899999856948853,1.878999948501587,1.878999948501587,7067,0.0,0.0
2022-12-02 13:30:00-05:00,1.8849999904632568,1.8849999904632568,1.850000023841858,1.8550000190734863,13544,0.0,0.0
2022-12-02 14:30:00-05:00,1.8600000143051147,1.8600000143051147,1.8600000143051147,1.8600000143051147,3757,0.0,0.0
2022-12-02 15:30:00-05:00,1.8799999952316284,1.8799999952316284,1.8799999952316284,1.8799999952316284,41617,0.0,0.0
2022-12-05 09:30:00-05:00,1.850000023841858,1.8650000095367432,1.7799999713897705,1.8200000524520874,0,0.0,0.0
2022-12-05 10:30:00-05:00,1.7999999523162842,1.809999942779541,1.7200000286102295,1.7699999809265137,37467,0.0,0.0
2022-12-05 11:30:00-05:00,1.778499960899353,1.7899999618530273,1.7400000095367432,1.749899983406067,35501,0.0,0.0
2022-12-05 12:30:00-05:00,1.7300000190734863,1.7798999547958374,1.7300000190734863,1.7699999809265137,28261,0.0,0.0
2022-12-05 13:30:00-05:00,1.7599999904632568,1.7599999904632568,1.7200000286102295,1.725000023841858,30821,0.0,0.0
2022-12-05 14:30:00-05:00,1.7200000286102295,1.7400000095367432,1.6799999475479126,1.7136000394821167,37986,0.0,0.0
2022-12-05 15:30:00-05:00,1.725000023841858,1.7400000095367432,1.7100000381469727,1.7100000381469727,13504,0.0,0.0
2022-12-06 09:30:00-05:00,1.7200000286102295,1.75,1.7100000381469727,1.7200000286102295,24264,0.0,0.0
2022-12-06 10:30:00-05:00,1.7331000566482544,1.7331000566482544,1.7000000476837158,1.725000023841858,10960,0.0,0.0
2022-12-06 11:30:00-05:00,1.7400000095367432,1.7400000095367432,1.6950000524520874,1.6950000524520874,15811,0.0,0.0
2022-12-06 12:30:00-05:00,1.7021000385284424,1.7021000385284424,1.6875,1.6875,1121,0.0,0.0
2022-12-06 13:30:00-05:00,1.690000057220459,1.690000057220459,1.6699999570846558,1.690000057220459,4333,0.0,0.0
2022-12-06 14:30:00-05:00,1.6799999475479126,1.6890000104904175,1.6699999570846558,1.6699999570846558,5073,0.0,0.0
2022-12-06 15:30:00-05:00,1.6699999570846558,1.6757999658584595,1.6549999713897705,1.6699999570846558,29108,0.0,0.0
2022-12-07 09:30:00-05:00,1.7000000476837158,1.7300000190734863,1.690000057220459,1.7100000381469727,36833,0.0,0.0
2022-12-07 10:30:00-05:00,1.7100000381469727,1.7300000190734863,1.690000057220459,1.690000057220459,21423,0.0,0.0
2022-12-07 11:30:00-05:00,1.7000000476837158,1.7300000190734863,1.7000000476837158,1.725000023841858,7271,0.0,0.0
2022-12-07 12:30:00-05:00,1.7100000381469727,1.7200000286102295,1.7100000381469727,1.715000033378601,3255,0.0,0.0
2022-12-07 13:30:00-05:00,1.715000033378601,1.7799999713897705,1.715000033378601,1.7401000261306763,33247,0.0,0.0
2022-12-07 14:30:00-05:00,1.7400000095367432,1.8099000453948975,1.7400000095367432,1.7549999952316284,41185,0.0,0.0
2022-12-07 15:30:00-05:00,1.7549999952316284,1.7699999809265137,1.7437000274658203,1.7699999809265137,27016,0.0,0.0
2022-12-08 09:30:00-05:00,1.7999999523162842,1.7999999523162842,1.75,1.7949999570846558,6074,0.0,0.0
2022-12-08 10:30:00-05:00,1.7899999618530273,1.7899999618530273,1.7200000286102295,1.7300000190734863,39893,0.0,0.0
2022-12-08 11:30:00-05:00,1.725000023841858,1.7696000337600708,1.725000023841858,1.7400000095367432,12977,0.0,0.0
2022-12-08 12:30:00-05:00,1.732300043106079,1.75,1.7300000190734863,1.75,8781,0.0,0.0
2022-12-08 13:30:00-05:00,1.75,1.75,1.7200000286102295,1.7400000095367432,26885,0.0,0.0
2022-12-08 14:30:00-05:00,1.7300000190734863,1.7400000095367432,1.729699969291687,1.7400000095367432,3360,0.0,0.0
2022-12-08 15:30:00-05:00,1.7400000095367432,1.7400000095367432,1.7100000381469727,1.7100000381469727,7883,0.0,0.0
2022-12-09 09:30:00-05:00,1.690000057220459,1.7157000303268433,1.690000057220459,1.7100000381469727,0,0.0,0.0
2022-12-09 10:30:00-05:00,1.715000033378601,1.715000033378601,1.690000057220459,1.690000057220459,33098,0.0,0.0
2022-12-09 11:30:00-05:00,1.698099970817566,1.7000000476837158,1.6699999570846558,1.6699999570846558,7300,0.0,0.0
2022-12-09 12:30:00-05:00,1.674299955368042,1.674299955368042,1.649999976158142,1.649999976158142,3867,0.0,0.0
2022-12-09 13:30:00-05:00,1.6699999570846558,1.6699999570846558,1.649999976158142,1.6549999713897705,7903,0.0,0.0
2022-12-09 14:30:00-05:00,1.6549999713897705,1.659999966621399,1.649999976158142,1.6549999713897705,20234,0.0,0.0
2022-12-09 15:30:00-05:00,1.649999976158142,1.649999976158142,1.600000023841858,1.600000023841858,23205,0.0,0.0
2022-12-12 09:30:00-05:00,1.649999976158142,1.649999976158142,1.559999942779541,1.6100000143051147,69165,0.0,0.0
2022-12-12 10:30:00-05:00,1.6100000143051147,1.6299999952316284,1.600000023841858,1.6299999952316284,20733,0.0,0.0
2022-12-12 11:30:00-05:00,1.6299999952316284,1.6399999856948853,1.6200000047683716,1.628600001335144,5868,0.0,0.0
2022-12-12 12:30:00-05:00,1.6299999952316284,1.7599999904632568,1.6200000047683716,1.649999976158142,52348,0.0,0.0
2022-12-12 13:30:00-05:00,1.649999976158142,1.659999966621399,1.6100000143051147,1.649999976158142,43923,0.0,0.0
2022-12-12 14:30:00-05:00,1.649999976158142,1.6749999523162842,1.6399999856948853,1.659999966621399,34723,0.0,0.0
2022-12-12 15:30:00-05:00,1.659999966621399,1.6799999475479126,1.659999966621399,1.659999966621399,49577,0.0,0.0
2022-12-13 09:30:00-05:00,1.6799999475479126,1.7649999856948853,1.6799999475479126,1.7200000286102295,0,0.0,0.0
2022-12-13 10:30:00-05:00,1.7300000190734863,1.7400000095367432,1.7000000476837158,1.7400000095367432,5877,0.0,0.0
2022-12-13 11:30:00-05:00,1.7300000190734863,1.7400000095367432,1.7101000547409058,1.7101000547409058,3544,0.0,0.0
2022-12-13 12:30:00-05:00,1.7101000547409058,1.7300000190734863,1.7101000547409058,1.7299000024795532,3116,0.0,0.0
2022-12-13 13:30:00-05:00,1.7200000286102295,1.7300000190734863,1.7101000547409058,1.7300000190734863,5905,0.0,0.0
2022-12-13 14:30:00-05:00,1.7200000286102295,1.7400000095367432,1.7100000381469727,1.7400000095367432,4432,0.0,0.0
2022-12-13 15:30:00-05:00,1.7400000095367432,1.7599999904632568,1.7300000190734863,1.7599999904632568,9014,0.0,0.0
2022-12-14 09:30:00-05:00,1.75,1.7699999809265137,1.7200000286102295,1.7300000190734863,0,0.0,0.0
2022-12-14 10:30:00-05:00,1.7200000286102295,1.7699999809265137,1.7200000286102295,1.7699999809265137,13920,0.0,0.0
2022-12-14 11:30:00-05:00,1.7599999904632568,1.7599999904632568,1.7532000541687012,1.7549999952316284,1144,0.0,0.0
2022-12-14 12:30:00-05:00,1.7549999952316284,1.7699999809265137,1.7519999742507935,1.7699999809265137,924,0.0,0.0
2022-12-14 13:30:00-05:00,1.7699999809265137,1.7799999713897705,1.7599999904632568,1.7599999904632568,5514,0.0,0.0
2022-12-14 14:30:00-05:00,1.7450000047683716,1.7999999523162842,1.7200000286102295,1.7699999809265137,22744,0.0,0.0
2022-12-14 15:30:00-05:00,1.7699999809265137,1.809999942779541,1.7520999908447266,1.7599999904632568,7085,0.0,0.0
2022-12-15 09:30:00-05:00,1.7599999904632568,1.7700999975204468,1.7415000200271606,1.7599999904632568,7933,0.0,0.0
2022-12-15 10:30:00-05:00,1.75,1.7599999904632568,1.7000000476837158,1.7300000190734863,7397,0.0,0.0
2022-12-15 11:30:00-05:00,1.7400000095367432,1.7400000095367432,1.7000000476837158,1.7300000190734863,8782,0.0,0.0
2022-12-15 12:30:00-05:00,1.75,1.7699999809265137,1.7400000095367432,1.7699999809265137,27244,0.0,0.0
2022-12-15 13:30:00-05:00,1.7699999809265137,1.7899999618530273,1.75,1.7699999809265137,14959,0.0,0.0
2022-12-15 14:30:00-05:00,1.7599999904632568,1.7599999904632568,1.7438000440597534,1.75,3074,0.0,0.0
2022-12-15 15:30:00-05:00,1.75,1.7599999904632568,1.75,1.7599999904632568,6652,0.0,0.0
2022-12-16 09:30:00-05:00,1.7014000415802002,1.7200000286102295,1.7000000476837158,1.7200000286102295,0,0.0,0.0
2022-12-16 10:30:00-05:00,1.7000000476837158,1.715000033378601,1.7000000476837158,1.715000033378601,7443,0.0,0.0
2022-12-16 11:30:00-05:00,1.7000000476837158,1.7000000476837158,1.7000000476837158,1.7000000476837158,912,0.0,0.0
2022-12-16 12:30:00-05:00,1.7100000381469727,1.7100000381469727,1.7000000476837158,1.7000000476837158,1076,0.0,0.0
2022-12-16 13:30:00-05:00,1.7000000476837158,1.7199000120162964,1.7000000476837158,1.715000033378601,5447,0.0,0.0
2022-12-16 14:30:00-05:00,1.715000033378601,1.715000033378601,1.7000000476837158,1.7100000381469727,3133,0.0,0.0
2022-12-19 09:30:00-05:00,1.7100000381469727,1.75,1.6699999570846558,1.7000000476837158,32809,0.0,0.0
2022-12-19 10:30:00-05:00,1.6900999546051025,1.7100000381469727,1.6699999570846558,1.7100000381469727,4612,0.0,0.0
2022-12-19 11:30:00-05:00,1.7000000476837158,1.7200000286102295,1.690000057220459,1.7000000476837158,19300,0.0,0.0
2022-12-19 12:30:00-05:00,1.7000000476837158,1.7000000476837158,1.684999942779541,1.684999942779541,6655,0.0,0.0
2022-12-19 13:30:00-05:00,1.6899000406265259,1.690000057220459,1.6749999523162842,1.679900050163269,4296,0.0,0.0
2022-12-19 14:30:00-05:00,1.6699999570846558,1.6699999570846558,1.649999976158142,1.659999966621399,7825,0.0,0.0
2022-12-19 15:30:00-05:00,1.6699999570846558,1.7100000381469727,1.659999966621399,1.7100000381469727,12659,0.0,0.0
2022-12-20 09:30:00-05:00,1.690000057220459,1.690000057220459,1.6799999475479126,1.690000057220459,8098,0.0,0.0
2022-12-20 10:30:00-05:00,1.7100000381469727,1.7200000286102295,1.7100000381469727,1.7200000286102295,2168,0.0,0.0
2022-12-20 12:30:00-05:00,1.7000000476837158,1.7000000476837158,1.6799999475479126,1.690000057220459,34964,0.0,0.0
2022-12-20 13:30:00-05:00,1.7100000381469727,1.7200000286102295,1.690000057220459,1.7050000429153442,4059,0.0,0.0
2022-12-20 14:30:00-05:00,1.690000057220459,1.7101000547409058,1.6799999475479126,1.690999984741211,18390,0.0,0.0
2022-12-20 15:30:00-05:00,1.7000000476837158,1.7100000381469727,1.690000057220459,1.690000057220459,8872,0.0,0.0
2022-12-21 09:30:00-05:00,1.7200000286102295,1.75,1.7108999490737915,1.7480000257492065,9953,0.0,0.0
2022-12-21 10:30:00-05:00,1.75,1.809999942779541,1.75,1.784999966621399,14389,0.0,0.0
2022-12-21 11:30:00-05:00,1.7999999523162842,1.7999999523162842,1.774999976158142,1.7899999618530273,1791,0.0,0.0
2022-12-21 12:30:00-05:00,1.7899999618530273,1.7899999618530273,1.7899999618530273,1.7899999618530273,357,0.0,0.0
2022-12-21 13:30:00-05:00,1.784999966621399,1.8200000524520874,1.784999966621399,1.8200000524520874,13871,0.0,0.0
2022-12-21 14:30:00-05:00,1.8300000429153442,1.850000023841858,1.809999942779541,1.8300000429153442,16376,0.0,0.0
2022-12-21 15:30:00-05:00,1.8250000476837158,1.8799999952316284,1.8250000476837158,1.8600000143051147,21281,0.0,0.0
2022-12-22 09:30:00-05:00,1.8799999952316284,1.899999976158142,1.7699999809265137,1.8200000524520874,32773,0.0,0.0
2022-12-22 10:30:00-05:00,1.7999999523162842,1.8099000453948975,1.7800999879837036,1.8099000453948975,13636,0.0,0.0
2022-12-22 11:30:00-05:00,1.809999942779541,1.809999942779541,1.7599999904632568,1.7599999904632568,7150,0.0,0.0
2022-12-22 12:30:00-05:00,1.7599999904632568,1.7599999904632568,1.7100000381469727,1.7300000190734863,5623,0.0,0.0
2022-12-22 13:30:00-05:00,1.7200000286102295,1.7300000190734863,1.7200000286102295,1.7200000286102295,4994,0.0,0.0
2022-12-22 14:30:00-05:00,1.7300000190734863,1.75,1.7200000286102295,1.75,22669,0.0,0.0
2022-12-22 15:30:00-05:00,1.75,1.7610000371932983,1.7400000095367432,1.7400000095367432,5136,0.0,0.0
2022-12-23 09:30:00-05:00,1.7599999904632568,1.8499000072479248,1.7599999904632568,1.809999942779541,6836,0.0,0.0
2022-12-23 10:30:00-05:00,1.8281999826431274,1.8281999826431274,1.7824000120162964,1.7899999618530273,5454,0.0,0.0
2022-12-23 11:30:00-05:00,1.7899999618530273,1.7899999618530273,1.7899999618530273,1.7899999618530273,302,0.0,0.0
2022-12-23 12:30:00-05:00,1.774999976158142,1.774999976158142,1.7549999952316284,1.7599999904632568,8484,0.0,0.0
2022-12-23 13:30:00-05:00,1.7101000547409058,1.7700999975204468,1.7101000547409058,1.7699999809265137,11432,0.0,0.0
2022-12-23 14:30:00-05:00,1.7699999809265137,1.7699999809265137,1.7699999809265137,1.7699999809265137,1231,0.0,0.0
2022-12-23 15:30:00-05:00,1.7699999809265137,1.7899999618530273,1.75,1.75,1315,0.0,0.0
2022-12-27 09:30:00-05:00,1.7999999523162842,1.850000023841858,1.7999999523162842,1.8200000524520874,17081,0.0,0.0
2022-12-27 10:30:00-05:00,1.840000033378601,1.840000033378601,1.809999942779541,1.809999942779541,9530,0.0,0.0
2022-12-27 11:30:00-05:00,1.7999999523162842,1.8000999689102173,1.7899999618530273,1.7999999523162842,8701,0.0,0.0
2022-12-27 12:30:00-05:00,1.7972999811172485,1.7999999523162842,1.7972999811172485,1.7999999523162842,542,0.0,0.0
2022-12-27 13:30:00-05:00,1.7999999523162842,1.809999942779541,1.7799999713897705,1.7899999618530273,14833,0.0,0.0
2022-12-27 14:30:00-05:00,1.784999966621399,1.7999999523162842,1.7800999879837036,1.7899999618530273,11564,0.0,0.0
2022-12-27 15:30:00-05:00,1.7899999618530273,1.809999942779541,1.7899999618530273,1.809999942779541,14907,0.0,0.0
2022-12-28 09:30:00-05:00,1.8200000524520874,1.8200000524520874,1.750599980354309,1.7799999713897705,5960,0.0,0.0
2022-12-28 10:30:00-05:00,1.7799999713897705,1.7799999713897705,1.7100000381469727,1.7599999904632568,13358,0.0,0.0
2022-12-28 11:30:00-05:00,1.7649999856948853,1.7799999713897705,1.7200000286102295,1.7599999904632568,9495,0.0,0.0
2022-12-28 12:30:00-05:00,1.7450000047683716,1.7899999618530273,1.7301000356674194,1.7599999904632568,19832,0.0,0.0
2022-12-28 13:30:00-05:00,1.7699999809265137,1.7999999523162842,1.7549999952316284,1.76010000705719,34881,0.0,0.0
2022-12-28 14:30:00-05:00,1.7799999713897705,1.7799999713897705,1.7300000190734863,1.7400000095367432,4213,0.0,0.0
2022-12-28 15:30:00-05:00,1.75,1.7552000284194946,1.7100000381469727,1.7100000381469727,8853,0.0,0.0
2022-12-29 09:30:00-05:00,1.7100000381469727,1.784999966621399,1.7100000381469727,1.7799999713897705,20614,0.0,0.0
2022-12-29 10:30:00-05:00,1.7699999809265137,1.7799999713897705,1.75,1.7549999952316284,14654,0.0,0.0
2022-12-29 11:30:00-05:00,1.7599999904632568,1.7699999809265137,1.7599999904632568,1.7699999809265137,1461,0.0,0.0
2022-12-29 12:30:00-05:00,1.7799999713897705,1.7899999618530273,1.774999976158142,1.7799999713897705,6890,0.0,0.0
2022-12-29 13:30:00-05:00,1.7899999618530273,1.7899999618530273,1.75,1.7680000066757202,28813,0.0,0.0
2022-12-29 14:30:00-05:00,1.75,1.7699999809265137,1.7000000476837158,1.7300000190734863,8230,0.0,0.0
2022-12-29 15:30:00-05:00,1.7300000190734863,1.7699999809265137,1.7300000190734863,1.7400000095367432,8858,0.0,0.0
2022-12-30 09:30:00-05:00,1.7100000381469727,1.7799999713897705,1.7100000381469727,1.7680000066757202,0,0.0,0.0
2022-12-30 10:30:00-05:00,1.75,1.7580000162124634,1.7100000381469727,1.7100000381469727,8383,0.0,0.0
2022-12-30 11:30:00-05:00,1.7200000286102295,1.7280000448226929,1.7100000381469727,1.7100000381469727,28919,0.0,0.0
2022-12-30 12:30:00-05:00,1.7100000381469727,1.7300000190734863,1.7100000381469727,1.7100000381469727,20915,0.0,0.0
2022-12-30 13:30:00-05:00,1.7100000381469727,1.7599999904632568,1.7100000381469727,1.75,15868,0.0,0.0
2022-12-30 14:30:00-05:00,1.75,1.7599999904632568,1.7400000095367432,1.75,6524,0.0,0.0
2022-12-30 15:30:00-05:00,1.7400000095367432,1.7899999618530273,1.7400000095367432,1.7699999809265137,32967,0.0,0.0
2023-01-03 09:30:00-05:00,1.8200000524520874,1.899999976158142,1.8200000524520874,1.840000033378601,33864,0.0,0.0
2023-01-03 10:30:00-05:00,1.8300000429153442,1.8899999856948853,1.8299000263214111,1.840000033378601,10947,0.0,0.0
2023-01-03 11:30:00-05:00,1.850000023841858,1.850000023841858,1.8200000524520874,1.8300000429153442,2356,0.0,0.0
2023-01-03 12:30:00-05:00,1.8200000524520874,1.8200000524520874,1.7699999809265137,1.7699999809265137,55904,0.0,0.0
2023-01-03 13:30:00-05:00,1.7599999904632568,1.7599999904632568,1.6950000524520874,1.7200000286102295,19476,0.0,0.0
2023-01-03 14:30:00-05:00,1.7200000286102295,1.7300000190734863,1.7071000337600708,1.7142000198364258,35952,0.0,0.0
2023-01-03 15:30:00-05:00,1.7100000381469727,1.7200000286102295,1.7000000476837158,1.7000000476837158,12887,0.0,0.0
2023-01-04 09:30:00-05:00,1.7200000286102295,1.7299000024795532,1.7193000316619873,1.7200000286102295,0,0.0,0.0
2023-01-04 10:30:00-05:00,1.7280000448226929,1.75,1.7200000286102295,1.7200000286102295,13588,0.0,0.0
2023-01-04 11:30:00-05:00,1.7300000190734863,1.7400000095367432,1.7100000381469727,1.718999981880188,15791,0.0,0.0
2023-01-04 12:30:00-05:00,1.7100000381469727,1.7300000190734863,1.7100000381469727,1.7300000190734863,2764,0.0,0.0
2023-01-04 13:30:00-05:00,1.7300000190734863,1.7300000190734863,1.7100000381469727,1.711300015449524,14193,0.0,0.0
2023-01-04 14:30:00-05:00,1.7200000286102295,1.7200000286102295,1.7161999940872192,1.7200000286102295,1236,0.0,0.0
2023-01-04 15:30:00-05:00,1.7200000286102295,1.7200000286102295,1.7100000381469727,1.7100000381469727,15907,0.0,0.0
2023-01-05 09:30:00-05:00,1.7599999904632568,1.7599999904632568,1.7300000190734863,1.75,2848,0.0,0.0
2023-01-05 10:30:00-05:00,1.7300000190734863,1.7400000095367432,1.7000000476837158,1.7139999866485596,56879,0.0,0.0
2023-01-05 11:30:00-05:00,1.7020000219345093,1.7200000286102295,1.7000000476837158,1.7100000381469727,12421,0.0,0.0
2023-01-05 12:30:00-05:00,1.7100000381469727,1.7400000095367432,1.7000000476837158,1.7100000381469727,8444,0.0,0.0
2023-01-05 13:30:00-05:00,1.7300000190734863,1.7400000095367432,1.7300000190734863,1.7400000095367432,6322,0.0,0.0
2023-01-05 14:30:00-05:00,1.7200000286102295,1.7200000286102295,1.7000000476837158,1.7000000476837158,42776,0.0,0.0
2023-01-05 15:30:00-05:00,1.7050000429153442,1.7200000286102295,1.7050000429153442,1.715000033378601,7546,0.0,0.0
2023-01-06 09:30:00-05:00,1.7200000286102295,1.7599999904632568,1.7200000286102295,1.7599999904632568,17887,0.0,0.0
2023-01-06 10:30:00-05:00,1.756600022315979,1.8200000524520874,1.756600022315979,1.8200000524520874,5619,0.0,0.0
2023-01-06 11:30:00-05:00,1.8241000175476074,1.8241000175476074,1.7649999856948853,1.7649999856948853,7303,0.0,0.0
2023-01-06 12:30:00-05:00,1.7619999647140503,1.7799999713897705,1.7619999647140503,1.7799999713897705,1776,0.0,0.0
2023-01-06 13:30:00-05:00,1.7799999713897705,1.7899999618530273,1.7599999904632568,1.7599999904632568,24818,0.0,0.0
2023-01-06 14:30:00-05:00,1.7599999904632568,1.7599999904632568,1.7200000286102295,1.7489999532699585,24857,0.0,0.0
2023-01-06 15:30:00-05:00,1.75,1.7699999809265137,1.7300000190734863,1.7400000095367432,4973,0.0,0.0
2023-01-09 09:30:00-05:00,1.7699999809265137,1.840000033378601,1.7699999809265137,1.8200000524520874,0,0.0,0.0
2023-01-09 10:30:00-05:00,1.8116999864578247,1.839900016784668,1.8116999864578247,1.8200000524520874,8726,0.0,0.0
2023-01-09 11:30:00-05:00,1.8100999593734741,1.8300000429153442,1.8100999593734741,1.8289999961853027,3439,0.0,0.0
2023-01-09 12:30:00-05:00,1.8250000476837158,1.8799999952316284,1.8250000476837158,1.8799999952316284,7486,0.0,0.0
2023-01-09 13:30:00-05:00,1.8600000143051147,1.8799999952316284,1.8600000143051147,1.875,2031,0.0,0.0
2023-01-09 14:30:00-05:00,1.8700000047683716,1.8799999952316284,1.850000023841858,1.850000023841858,14872,0.0,0.0
2023-01-09 15:30:00-05:00,1.8600000143051147,1.8700000047683716,1.840000033378601,1.8700000047683716,10296,0.0,0.0
2023-01-10 09:30:00-05:00,1.8700000047683716,1.8799999952316284,1.8028000593185425,1.840000033378601,30768,0.0,0.0
2023-01-10 10:30:00-05:00,1.8300000429153442,1.840000033378601,1.8300000429153442,1.840000033378601,1692,0.0,0.0
2023-01-10 11:30:00-05:00,1.8350000381469727,1.8700000047683716,1.8350000381469727,1.8700000047683716,1045,0.0,0.0
2023-01-10 12:30:00-05:00,1.8600000143051147,1.8795000314712524,1.8600000143051147,1.8600000143051147,3890,0.0,0.0
2023-01-10 13:30:00-05:00,1.8799999952316284,1.8899999856948853,1.8600000143051147,1.8600000143051147,5841,0.0,0.0
2023-01-10 14:30:00-05:00,1.8650000095367432,1.8823000192642212,1.8600000143051147,1.8600000143051147,3423,0.0,0.0
2023-01-10 15:30:00-05:00,1.875,1.899999976158142,1.8600000143051147,1.8600000143051147,0,0.0,0.0
2023-01-11 09:30:00-05:00,1.8899999856948853,1.9500000476837158,1.8899999856948853,1.9500000476837158,16939,0.0,0.0
2023-01-11 10:30:00-05:00,1.9500000476837158,1.9600000381469727,1.940000057220459,1.9600000381469727,8592,0.0,0.0
2023-01-11 11:30:00-05:00,1.9600000381469727,1.9800000190734863,1.9500000476837158,1.9701000452041626,8799,0.0,0.0
2023-01-11 12:30:00-05:00,1.9723000526428223,1.9723000526428223,1.9599000215530396,1.9600000381469727,12215,0.0,0.0
2023-01-11 13:30:00-05:00,1.9628000259399414,1.976199984550476,1.9500000476837158,1.9500000476837158,3990,0.0,0.0
2023-01-11 14:30:00-05:00,1.9700000286102295,1.9701000452041626,1.9600000381469727,1.9600000381469727,2822,0.0,0.0
2023-01-11 15:30:00-05:00,1.9700000286102295,2.007999897003174,1.9700000286102295,1.9800000190734863,27087,0.0,0.0
2023-01-12 09:30:00-05:00,1.9900000095367432,2.0999999046325684,1.9800000190734863,2.069999933242798,48444,0.0,0.0
2023-01-12 10:30:00-05:00,2.069999933242798,2.0827999114990234,2.059999942779541,2.069999933242798,27295,0.0,0.0
2023-01-12 11:30:00-05:00,2.0841000080108643,2.0899999141693115,2.059999942779541,2.0899999141693115,5574,0.0,0.0
2023-01-12 12:30:00-05:00,2.0799999237060547,2.0999999046325684,2.0799999237060547,2.0899999141693115,8431,0.0,0.0
2023-01-12 13:30:00-05:00,2.0813000202178955,2.0999999046325684,2.0762999057769775,2.0899999141693115,8162,0.0,0.0
2023-01-12 14:30:00-05:00,2.0857999324798584,2.0899999141693115,2.049999952316284,2.078000068664551,23044,0.0,0.0
2023-01-12 15:30:00-05:00,2.0899999141693115,2.0999999046325684,2.059999942779541,2.0899999141693115,13055,0.0,0.0
2023-01-13 09:30:00-05:00,2.0999999046325684,2.1600000858306885,2.0999999046325684,2.1287999153137207,5413,0.0,0.0
2023-01-13 10:30:00-05:00,2.130000114440918,2.180000066757202,2.109999895095825,2.1700000762939453,11863,0.0,0.0
2023-01-13 11:30:00-05:00,2.119999885559082,2.1700000762939453,2.119999885559082,2.1700000762939453,4313,0.0,0.0
2023-01-13 12:30:00-05:00,2.1500000953674316,2.1500000953674316,2.119999885559082,2.119999885559082,1951,0.0,0.0
2023-01-13 13:30:00-05:00,2.140000104904175,2.1500000953674316,2.130000114440918,2.130000114440918,4437,0.0,0.0
2023-01-13 14:30:00-05:00,2.131500005722046,2.1500000953674316,2.0999999046325684,2.130000114440918,12476,0.0,0.0
2023-01-13 15:30:00-05:00,2.140000104904175,2.1500000953674316,2.109999895095825,2.140000104904175,16116,0.0,0.0
2023-01-17 09:30:00-05:00,2.1600000858306885,2.200000047683716,2.1500000953674316,2.1500000953674316,37099,0.0,0.0
2023-01-17 10:30:00-05:00,2.140000104904175,2.140000104904175,2.109999895095825,2.109999895095825,6021,0.0,0.0
2023-01-17 11:30:00-05:00,2.125,2.140000104904175,2.125,2.134999990463257,4917,0.0,0.0
2023-01-17 12:30:00-05:00,2.134999990463257,2.1386001110076904,2.119999885559082,2.119999885559082,3114,0.0,0.0
2023-01-17 13:30:00-05:00,2.110100030899048,2.1201999187469482,2.0399999618530273,2.0399999618530273,23204,0.0,0.0
2023-01-17 14:30:00-05:00,2.030100107192993,2.0899999141693115,2.0,2.0799999237060547,24042,0.0,0.0
2023-01-17 15:30:00-05:00,2.0799999237060547,2.0899999141693115,2.0799999237060547,2.0820000171661377,5941,0.0,0.0
2023-01-18 09:30:00-05:00,2.0999999046325684,2.140000104904175,2.0799999237060547,2.0799999237060547,0,0.0,0.0
2023-01-18 10:30:00-05:00,2.0999999046325684,2.0999999046325684,2.009999990463257,2.049999952316284,25916,0.0,0.0
2023-01-18 11:30:00-05:00,2.0399999618530273,2.049999952316284,2.0199999809265137,2.0199999809265137,10193,0.0,0.0
2023-01-18 12:30:00-05:00,2.0248000621795654,2.0350000858306885,2.0078001022338867,2.015000104904175,6376,0.0,0.0
2023-01-18 13:30:00-05:00,2.0172998905181885,2.0199999809265137,1.9900000095367432,1.9900000095367432,3160,0.0,0.0
2023-01-18 14:30:00-05:00,2.0027999877929688,2.0027999877929688,1.9520000219345093,1.965000033378601,19730,0.0,0.0
2023-01-18 15:30:00-05:00,1.9500000476837158,1.9700000286102295,1.9500000476837158,1.9600000381469727,3473,0.0,0.0
2023-01-19 09:30:00-05:00,1.9700000286102295,2.0,1.9500000476837158,1.9500000476837158,22247,0.0,0.0
2023-01-19 10:30:00-05:00,1.940000057220459,1.9526000022888184,1.9299999475479126,1.9299999475479126,4245,0.0,0.0
2023-01-19 11:30:00-05:00,1.9199999570846558,1.940000057220459,1.9105000495910645,1.9399000406265259,4439,0.0,0.0
2023-01-19 12:30:00-05:00,1.9600000381469727,1.9600000381469727,1.9450000524520874,1.9450000524520874,1561,0.0,0.0
2023-01-19 13:30:00-05:00,1.9550000429153442,1.9600000381469727,1.9299999475479126,1.9299999475479126,2714,0.0,0.0
2023-01-19 14:30:00-05:00,1.940000057220459,1.9700000286102295,1.940000057220459,1.9600000381469727,2906,0.0,0.0
2023-01-19 15:30:00-05:00,1.9700000286102295,1.9773999452590942,1.9600000381469727,1.9600000381469727,4511,0.0,0.0
2023-01-20 09:30:00-05:00,1.9500000476837158,1.9600000381469727,1.9299999475479126,1.9500000476837158,6588,0.0,0.0
2023-01-20 10:30:00-05:00,1.9500000476837158,1.9500000476837158,1.9199999570846558,1.940000057220459,5262,0.0,0.0
2023-01-20 11:30:00-05:00,1.9500000476837158,1.9600000381469727,1.940000057220459,1.9500000476837158,7005,0.0,0.0
2023-01-20 12:30:00-05:00,1.9500000476837158,1.9600000381469727,1.9299999475479126,1.9299999475479126,11143,0.0,0.0
2023-01-20 13:30:00-05:00,1.944200038909912,1.944200038909912,1.8700000047683716,1.8700000047683716,36279,0.0,0.0
2023-01-20 14:30:00-05:00,1.8700000047683716,1.9198999404907227,1.8700000047683716,1.899999976158142,28970,0.0,0.0
2023-01-20 15:30:00-05:00,1.9091999530792236,1.909999966621399,1.8899999856948853,1.899999976158142,13473,0.0,0.0
2023-01-23 09:30:00-05:00,1.899999976158142,1.9600000381469727,1.8949999809265137,1.9199999570846558,35874,0.0,0.0
2023-01-23 10:30:00-05:00,1.909999966621399,1.9199999570846558,1.9048000574111938,1.9117000102996826,2742,0.0,0.0
2023-01-23 11:30:00-05:00,1.9149999618530273,1.940000057220459,1.909999966621399,1.940000057220459,11562,0.0,0.0
2023-01-23 13:30:00-05:00,1.9500000476837158,1.9500000476837158,1.9299999475479126,1.9306000471115112,6875,0.0,0.0
2023-01-23 14:30:00-05:00,1.9366999864578247,1.9390000104904175,1.8899999856948853,1.8949999809265137,21612,0.0,0.0
2023-01-23 15:30:00-05:00,1.8899999856948853,1.9199999570846558,1.8899999856948853,1.899999976158142,4682,0.0,0.0
2023-01-24 09:30:00-05:00,1.9199999570846558,1.923699975013733,1.8869999647140503,1.8899999856948853,7013,0.0,0.0
2023-01-24 10:30:00-05:00,1.9160000085830688,1.9199999570846558,1.8799999952316284,1.8799999952316284,7175,0.0,0.0
2023-01-24 11:30:00-05:00,1.8799999952316284,1.8899999856948853,1.8700000047683716,1.8899999856948853,9999,0.0,0.0
2023-01-24 12:30:00-05:00,1.8801000118255615,1.8801000118255615,1.8799999952316284,1.8799999952316284,1925,0.0,0.0
2023-01-24 13:30:00-05:00,1.8799999952316284,1.8899999856948853,1.8700000047683716,1.8899999856948853,4228,0.0,0.0
2023-01-24 14:30:00-05:00,1.8799999952316284,1.8898999691009521,1.840000033378601,1.8499000072479248,15649,0.0,0.0
2023-01-24 15:30:00-05:00,1.8450000286102295,1.850000023841858,1.8300000429153442,1.840000033378601,12384,0.0,0.0
2023-01-25 09:30:00-05:00,1.850000023841858,1.850000023841858,1.7900999784469604,1.7999999523162842,27963,0.0,0.0
2023-01-25 10:30:00-05:00,1.8178999423980713,1.8509000539779663,1.809999942779541,1.8509000539779663,11755,0.0,0.0
2023-01-25 11:30:00-05:00,1.8600000143051147,1.899999976158142,1.850000023841858,1.8799999952316284,6409,0.0,0.0
2023-01-25 12:30:00-05:00,1.8799999952316284,1.9089000225067139,1.8799999952316284,1.9033000469207764,2996,0.0,0.0
2023-01-25 13:30:00-05:00,1.9036999940872192,1.9599000215530396,1.899999976158142,1.9299999475479126,21948,0.0,0.0
2023-01-25 14:30:00-05:00,1.9199999570846558,1.937999963760376,1.899999976158142,1.899999976158142,13287,0.0,0.0
2023-01-25 15:30:00-05:00,1.8899999856948853,1.899999976158142,1.8899999856948853,1.899999976158142,6892,0.0,0.0
2023-01-26 09:30:00-05:00,1.909999966621399,1.940000057220459,1.8899999856948853,1.8899999856948853,0,0.0,0.0
2023-01-26 10:30:00-05:00,1.899999976158142,1.899999976158142,1.899999976158142,1.899999976158142,126,0.0,0.0
2023-01-26 11:30:00-05:00,1.8986999988555908,1.909999966621399,1.8899999856948853,1.8899999856948853,6377,0.0,0.0
2023-01-26 12:30:00-05:00,1.899999976158142,1.909999966621399,1.899999976158142,1.899999976158142,4686,0.0,0.0
2023-01-26 13:30:00-05:00,1.899999976158142,1.9199999570846558,1.899999976158142,1.899999976158142,10288,0.0,0.0
2023-01-26 14:30:00-05:00,1.8899999856948853,1.9072999954223633,1.8700000047683716,1.875,15424,0.0,0.0
2023-01-26 15:30:00-05:00,1.881500005722046,1.899999976158142,1.8799999952316284,1.8899999856948853,4667,0.0,0.0
2023-01-27 09:30:00-05:00,1.899999976158142,1.9500000476837158,1.8899999856948853,1.909999966621399,11204,0.0,0.0
2023-01-27 10:30:00-05:00,1.909999966621399,1.909999966621399,1.8799999952316284,1.9000999927520752,16745,0.0,0.0
2023-01-27 11:30:00-05:00,1.8804999589920044,1.8849999904632568,1.8799999952316284,1.8801000118255615,5371,0.0,0.0
2023-01-27 12:30:00-05:00,1.8700000047683716,1.8799999952316284,1.8600000143051147,1.8700000047683716,4817,0.0,0.0
2023-01-27 13:30:00-05:00,1.875,1.8799999952316284,1.8600000143051147,1.8600000143051147,4830,0.0,0.0
2023-01-27 14:30:00-05:00,1.8650000095367432,1.8899999856948853,1.8600000143051147,1.8899999856948853,2314,0.0,0.0
2023-01-27 15:30:00-05:00,1.8899999856948853,1.8899999856948853,1.8799999952316284,1.882699966430664,2805,0.0,0.0
2023-01-30 09:30:00-05:00,1.850000023841858,1.8799999952316284,1.850000023841858,1.8626999855041504,12726,0.0,0.0
2023-01-30 10:30:00-05:00,1.8600000143051147,1.8700000047683716,1.850000023841858,1.8600000143051147,1214,0.0,0.0
2023-01-30 11:30:00-05:00,1.850000023841858,1.850000023841858,1.7999999523162842,1.8200000524520874,27897,0.0,0.0
2023-01-30 12:30:00-05:00,1.8200000524520874,1.820099949836731,1.7599999904632568,1.7799999713897705,40000,0.0,0.0
2023-01-30 13:30:00-05:00,1.7893999814987183,1.809999942779541,1.7599999904632568,1.809999942779541,37189,0.0,0.0
2023-01-30 14:30:00-05:00,1.7999999523162842,1.7999999523162842,1.7599999904632568,1.7899999618530273,23024,0.0,0.0
2023-01-30 15:30:00-05:00,1.7799999713897705,1.809999942779541,1.7599999904632568,1.7599999904632568,11963,0.0,0.0
2023-01-31 09:30:00-05:00,1.7699999809265137,1.8200000524520874,1.7699999809265137,1.8199000358581543,7227,0.0,0.0
2023-01-31 10:30:00-05:00,1.8200000524520874,1.850000023841858,1.809999942779541,1.8300000429153442,25136,0.0,0.0
2023-01-31 11:30:00-05:00,1.8300000429153442,1.833799958229065,1.8200000524520874,1.8200000524520874,13895,0.0,0.0
2023-01-31 12:30:00-05:00,1.840000033378601,1.850000023841858,1.840000033378601,1.840000033378601,6331,0.0,0.0
2023-01-31 13:30:00-05:00,1.8600000143051147,1.8700000047683716,1.8200000524520874,1.8200000524520874,13492,0.0,0.0
2023-01-31 14:30:00-05:00,1.809999942779541,1.8200000524520874,1.809999942779541,1.815000057220459,5662,0.0,0.0
2023-01-31 15:30:00-05:00,1.8200000524520874,1.8200000524520874,1.809999942779541,1.8200000524520874,16006,0.0,0.0
2023-02-01 09:30:00-05:00,1.809999942779541,1.8300000429153442,1.7999999523162842,1.809999942779541,10498,0.0,0.0
2023-02-01 10:30:00-05:00,1.7999999523162842,1.7999999523162842,1.75,1.784999966621399,36526,0.0,0.0
2023-02-01 11:30:00-05:00,1.7799999713897705,1.7799999713897705,1.7400000095367432,1.7400000095367432,18196,0.0,0.0
2023-02-01 12:30:00-05:00,1.7599999904632568,1.7899999618530273,1.75,1.7599999904632568,8738,0.0,0.0
2023-02-01 13:30:00-05:00,1.7899999618530273,1.7899999618530273,1.7450000047683716,1.7619999647140503,23118,0.0,0.0
2023-02-01 14:30:00-05:00,1.76010000705719,1.7955000400543213,1.7599999904632568,1.7730000019073486,19388,0.0,0.0
2023-02-01 15:30:00-05:00,1.784999966621399,1.8099000453948975,1.784999966621399,1.7899999618530273,9525,0.0,0.0
2023-02-02 09:30:00-05:00,1.7699999809265137,1.809999942779541,1.7699999809265137,1.7799999713897705,0,0.0,0.0
2023-02-02 10:30:00-05:00,1.7700999975204468,1.840000033378601,1.7700999975204468,1.8329999446868896,9319,0.0,0.0
2023-02-02 11:30:00-05:00,1.8200000524520874,1.840000033378601,1.8200000524520874,1.840000033378601,2467,0.0,0.0
2023-02-02 12:30:00-05:00,1.8300000429153442,1.8386000394821167,1.7799999713897705,1.7999999523162842,23561,0.0,0.0
2023-02-02 13:30:00-05:00,1.8099000453948975,1.809999942779541,1.7699999809265137,1.7899999618530273,30463,0.0,0.0
2023-02-02 14:30:00-05:00,1.774999976158142,1.7898999452590942,1.7599999904632568,1.7898999452590942,16949,0.0,0.0
2023-02-02 15:30:00-05:00,1.7899999618530273,1.7899999618530273,1.7599999904632568,1.7899999618530273,0,0.0,0.0
2023-02-03 09:30:00-05:00,1.8200000524520874,1.8550000190734863,1.8184000253677368,1.840000033378601,17648,0.0,0.0
2023-02-03 10:30:00-05:00,1.840000033378601,1.840000033378601,1.7730000019073486,1.7799999713897705,5411,0.0,0.0
2023-02-03 11:30:00-05:00,1.809999942779541,1.809999942779541,1.75,1.76010000705719,30096,0.0,0.0
2023-02-03 12:30:00-05:00,1.7699999809265137,1.7699999809265137,1.75,1.75,9223,0.0,0.0
2023-02-03 13:30:00-05:00,1.7599999904632568,1.7799999713897705,1.75,1.7699999809265137,15589,0.0,0.0
2023-02-03 14:30:00-05:00,1.7599999904632568,1.7799999713897705,1.7599999904632568,1.7699999809265137,7163,0.0,0.0
2023-02-03 15:30:00-05:00,1.7699999809265137,1.7799999713897705,1.7599999904632568,1.7799999713897705,12293,0.0,0.0
2023-02-06 09:30:00-05:00,1.7599999904632568,1.7899999618530273,1.7400000095367432,1.7400000095367432,0,0.0,0.0
2023-02-06 10:30:00-05:00,1.75,1.7594000101089478,1.7300000190734863,1.7300000190734863,4704,0.0,0.0
2023-02-06 11:30:00-05:00,1.7376999855041504,1.7799999713897705,1.7300000190734863,1.7300000190734863,5895,0.0,0.0
2023-02-06 12:30:00-05:00,1.7599999904632568,1.7599999904632568,1.7300000190734863,1.7300000190734863,3299,0.0,0.0
2023-02-06 13:30:00-05:00,1.7539000511169434,1.7582000494003296,1.7300000190734863,1.7300000190734863,2881,0.0,0.0
2023-02-06 14:30:00-05:00,1.7599999904632568,1.7599999904632568,1.7374000549316406,1.7374000549316406,914,0.0,0.0
2023-02-06 15:30:00-05:00,1.7300000190734863,1.7599999904632568,1.7300000190734863,1.7300000190734863,10583,0.0,0.0
2023-02-07 09:30:00-05:00,1.7300000190734863,1.7999999523162842,1.7000000476837158,1.7400000095367432,107932,0.0,0.0
2023-02-07 10:30:00-05:00,1.7300000190734863,1.7400000095367432,1.7300000190734863,1.7350000143051147,5214,0.0,0.0
2023-02-07 11:30:00-05:00,1.7396999597549438,1.7400000095367432,1.684999942779541,1.690000057220459,118882,0.0,0.0
2023-02-07 12:30:00-05:00,1.690000057220459,1.7599999904632568,1.684999942779541,1.7400000095367432,19715,0.0,0.0
2023-02-07 13:30:00-05:00,1.7200000286102295,1.7899999618530273,1.7200000286102295,1.784999966621399,16079,0.0,0.0
2023-02-07 14:30:00-05:00,1.7899999618530273,1.8799999952316284,1.7799999713897705,1.8450000286102295,44085,0.0,0.0
2023-02-07 15:30:00-05:00,1.850000023841858,1.899999976158142,1.8341000080108643,1.899999976158142,42306,0.0,0.0
2023-02-08 09:30:00-05:00,1.9299999475479126,1.9299999475479126,1.774999976158142,1.7905999422073364,113558,0.0,0.0
2023-02-08 10:30:00-05:00,1.7799999713897705,1.809999942779541,1.7699999809265137,1.784999966621399,35996,0.0,0.0
2023-02-08 11:30:00-05:00,1.7813999652862549,1.7999999523162842,1.7813999652862549,1.784999966621399,2050,0.0,0.0
2023-02-08 12:30:00-05:00,1.7871999740600586,1.7899999618530273,1.7799999713897705,1.7899999618530273,83864,0.0,0.0
2023-02-08 13:30:00-05:00,1.784999966621399,1.7899999618530273,1.7699999809265137,1.7799999713897705,17929,0.0,0.0
2023-02-08 14:30:00-05:00,1.7899999618530273,1.7899999618530273,1.7599999904632568,1.777999997138977,69983,0.0,0.0
2023-02-08 15:30:00-05:00,1.777999997138977,1.7799999713897705,1.75,1.7599999904632568,26329,0.0,0.0
2023-02-09 09:30:00-05:00,1.7799999713897705,1.781000018119812,1.7200000286102295,1.7400000095367432,0,0.0,0.0
2023-02-09 10:30:00-05:00,1.7350000143051147,1.7350000143051147,1.659999966621399,1.7100000381469727,83277,0.0,0.0
2023-02-09 11:30:00-05:00,1.7000000476837158,1.7598999738693237,1.7000000476837158,1.75,63724,0.0,0.0
2023-02-09 12:30:00-05:00,1.75,1.75,1.7000000476837158,1.7100000381469727,122178,0.0,0.0
2023-02-09 13:30:00-05:00,1.7100000381469727,1.7100000381469727,1.6699999570846558,1.6749999523162842,57745,0.0,0.0
2023-02-09 14:30:00-05:00,1.6749999523162842,1.690000057220459,1.649999976158142,1.690000057220459,40332,0.0,0.0
2023-02-09 15:30:00-05:00,1.690000057220459,1.690000057220459,1.6200000047683716,1.6200000047683716,45124,0.0,0.0
2023-02-10 09:30:00-05:00,1.6299999952316284,1.7300000190734863,1.6299999952316284,1.7300000190734863,32877,0.0,0.0
2023-02-10 10:30:00-05:00,1.722000002861023,1.7300000190734863,1.6799999475479126,1.684999942779541,196400,0.0,0.0
2023-02-10 11:30:00-05:00,1.684999942779541,1.690000057220459,1.6799999475479126,1.690000057220459,31690,0.0,0.0
2023-02-10 12:30:00-05:00,1.684999942779541,1.7771999835968018,1.6799999475479126,1.7599999904632568,41047,0.0,0.0
2023-02-10 13:30:00-05:00,1.7400000095367432,1.7400000095367432,1.7000000476837158,1.7100000381469727,169764,0.0,0.0
2023-02-10 14:30:00-05:00,1.7200000286102295,1.725000023841858,1.7000000476837158,1.7000000476837158,74980,0.0,0.0
2023-02-10 15:30:00-05:00,1.7000000476837158,1.715000033378601,1.649999976158142,1.649999976158142,34612,0.0,0.0
2023-02-13 09:30:00-05:00,1.649999976158142,1.690999984741211,1.649999976158142,1.690000057220459,14210,0.0,0.0
2023-02-13 10:30:00-05:00,1.6984000205993652,1.75,1.6984000205993652,1.7493000030517578,7581,0.0,0.0
2023-02-13 11:30:00-05:00,1.7300000190734863,1.75,1.7200000286102295,1.7400000095367432,5834,0.0,0.0
2023-02-13 12:30:00-05:00,1.7400000095367432,1.7799999713897705,1.7400000095367432,1.7599999904632568,18978,0.0,0.0
2023-02-13 13:30:00-05:00,1.7649999856948853,1.7699999809265137,1.7599999904632568,1.7649999856948853,14165,0.0,0.0
2023-02-13 14:30:00-05:00,1.7661000490188599,1.7699999809265137,1.7554999589920044,1.7554999589920044,7126,0.0,0.0
2023-02-13 15:30:00-05:00,1.7549999952316284,1.7549999952316284,1.7200000286102295,1.75,16550,0.0,0.0
2023-02-14 09:30:00-05:00,1.7300000190734863,1.7999999523162842,1.7300000190734863,1.7899999618530273,0,0.0,0.0
2023-02-14 10:30:00-05:00,1.7799999713897705,1.789199948310852,1.7699999809265137,1.7799999713897705,4893,0.0,0.0
2023-02-14 11:30:00-05:00,1.7699999809265137,1.8300000429153442,1.7699999809265137,1.8300000429153442,21183,0.0,0.0
2023-02-14 12:30:00-05:00,1.8157999515533447,1.8200000524520874,1.7699999809265137,1.7826999425888062,31293,0.0,0.0
2023-02-14 13:30:00-05:00,1.7799999713897705,1.7899999618530273,1.75,1.75,25009,0.0,0.0
2023-02-14 14:30:00-05:00,1.7699999809265137,1.7799999713897705,1.7699999809265137,1.7799999713897705,1228,0.0,0.0
2023-02-14 15:30:00-05:00,1.7799999713897705,1.7899999618530273,1.76010000705719,1.7899999618530273,15883,0.0,0.0
2023-02-15 09:30:00-05:00,1.7699999809265137,1.809999942779541,1.75,1.809999942779541,12310,0.0,0.0
2023-02-15 10:30:00-05:00,1.7883000373840332,1.7898999452590942,1.7799999713897705,1.7799999713897705,4116,0.0,0.0
2023-02-15 11:30:00-05:00,1.7799999713897705,1.7799999713897705,1.7400000095367432,1.7698999643325806,11959,0.0,0.0
2023-02-15 12:30:00-05:00,1.7699999809265137,1.7699999809265137,1.7401000261306763,1.7699999809265137,14274,0.0,0.0
2023-02-15 13:30:00-05:00,1.7640000581741333,1.7899999618530273,1.7400000095367432,1.7400000095367432,18470,0.0,0.0
2023-02-15 14:30:00-05:00,1.7599999904632568,1.7692999839782715,1.7411999702453613,1.7599999904632568,6602,0.0,0.0
2023-02-15 15:30:00-05:00,1.7599999904632568,1.7599999904632568,1.7300000190734863,1.7300000190734863,9643,0.0,0.0
2023-02-16 09:30:00-05:00,1.7400000095367432,1.7599999904632568,1.7300000190734863,1.7400000095367432,26549,0.0,0.0
2023-02-16 10:30:00-05:00,1.757099986076355,1.7599999904632568,1.7400000095367432,1.7599999904632568,2224,0.0,0.0
2023-02-16 11:30:00-05:00,1.7599999904632568,1.7599999904632568,1.75,1.7599999904632568,14234,0.0,0.0
2023-02-16 12:30:00-05:00,1.7599999904632568,1.7599999904632568,1.7400000095367432,1.7400000095367432,3868,0.0,0.0
2023-02-16 13:30:00-05:00,1.7300000190734863,1.7599999904632568,1.7300000190734863,1.7599999904632568,16629,0.0,0.0
2023-02-16 14:30:00-05:00,1.7599999904632568,1.7599999904632568,1.7400000095367432,1.7400000095367432,7796,0.0,0.0
2023-02-16 15:30:00-05:00,1.7400000095367432,1.7599999904632568,1.7310999631881714,1.7599999904632568,0,0.0,0.0
2023-02-17 09:30:00-05:00,1.7100000381469727,1.7300000190734863,1.6699999570846558,1.7131999731063843,18789,0.0,0.0
2023-02-17 10:30:00-05:00,1.7100000381469727,1.7382999658584595,1.7000000476837158,1.7000000476837158,8054,0.0,0.0
2023-02-17 11:30:00-05:00,1.7000000476837158,1.7000000476837158,1.6924999952316284,1.6950000524520874,833,0.0,0.0
2023-02-17 12:30:00-05:00,1.6999000310897827,1.7000000476837158,1.6799999475479126,1.684999942779541,4463,0.0,0.0
2023-02-17 13:30:00-05:00,1.690000057220459,1.690000057220459,1.679900050163269,1.679900050163269,14718,0.0,0.0
2023-02-17 14:30:00-05:00,1.6892999410629272,1.735700011253357,1.6892999410629272,1.7300000190734863,14984,0.0,0.0
2023-02-17 15:30:00-05:00,1.721500039100647,1.7400000095367432,1.7100000381469727,1.7300000190734863,16235,0.0,0.0
2023-02-21 09:30:00-05:00,1.6799999475479126,1.7200000286102295,1.6699999570846558,1.6699999570846558,25327,0.0,0.0
2023-02-21 10:30:00-05:00,1.6694999933242798,1.6799999475479126,1.659999966621399,1.6784000396728516,21922,0.0,0.0
2023-02-21 11:30:00-05:00,1.6734000444412231,1.690000057220459,1.6699999570846558,1.684999942779541,11084,0.0,0.0
2023-02-21 12:30:00-05:00,1.6799999475479126,1.690000057220459,1.679900050163269,1.6891000270843506,12009,0.0,0.0
2023-02-21 13:30:00-05:00,1.690000057220459,1.690000057220459,1.680999994277954,1.690000057220459,9278,0.0,0.0
2023-02-21 14:30:00-05:00,1.7000000476837158,1.7100000381469727,1.690000057220459,1.7000000476837158,31506,0.0,0.0
2023-02-21 15:30:00-05:00,1.690000057220459,1.7000000476837158,1.6699999570846558,1.6699999570846558,30765,0.0,0.0
2023-02-22 09:30:00-05:00,1.6699999570846558,1.690000057220459,1.63919997215271,1.6399999856948853,0,0.0,0.0
2023-02-22 10:30:00-05:00,1.6349999904632568,1.6689000129699707,1.6200000047683716,1.6419999599456787,9660,0.0,0.0
2023-02-22 11:30:00-05:00,1.6507999897003174,1.6699999570846558,1.649999976158142,1.6699999570846558,12860,0.0,0.0
2023-02-22 12:30:00-05:00,1.6699999570846558,1.6699999570846558,1.6476999521255493,1.649999976158142,8392,0.0,0.0
2023-02-22 13:30:00-05:00,1.649999976158142,1.659999966621399,1.6399999856948853,1.6399999856948853,3382,0.0,0.0
2023-02-22 14:30:00-05:00,1.6399999856948853,1.649999976158142,1.6299999952316284,1.649999976158142,4945,0.0,0.0
2023-02-22 15:30:00-05:00,1.649999976158142,1.659999966621399,1.6200000047683716,1.6200000047683716,49425,0.0,0.0
2023-02-23 09:30:00-05:00,1.6399999856948853,1.6520999670028687,1.6100000143051147,1.6100000143051147,18199,0.0,0.0
2023-02-23 10:30:00-05:00,1.6100000143051147,1.6299999952316284,1.6100000143051147,1.6198999881744385,9354,0.0,0.0
2023-02-23 11:30:00-05:00,1.600100040435791,1.6100000143051147,1.590000033378601,1.5901000499725342,26631,0.0,0.0
2023-02-23 12:30:00-05:00,1.5973000526428223,1.607699990272522,1.590000033378601,1.6050000190734863,7236,0.0,0.0
2023-02-23 13:30:00-05:00,1.6100000143051147,1.659999966621399,1.6050000190734863,1.6576999425888062,18274,0.0,0.0
2023-02-23 14:30:00-05:00,1.6549999713897705,1.6799999475479126,1.65339994430542,1.6699999570846558,8516,0.0,0.0
2023-02-23 15:30:00-05:00,1.6699999570846558,1.6699999570846558,1.649999976158142,1.649999976158142,6323,0.0,0.0
2023-02-24 09:30:00-05:00,1.6799999475479126,1.6799999475479126,1.6299999952316284,1.660099983215332,35315,0.0,0.0
2023-02-24 10:30:00-05:00,1.6649999618530273,1.672700047492981,1.649999976158142,1.649999976158142,17377,0.0,0.0
2023-02-24 11:30:00-05:00,1.6699999570846558,1.6799999475479126,1.659999966621399,1.6790000200271606,13655,0.0,0.0
2023-02-24 12:30:00-05:00,1.6799999475479126,1.6799999475479126,1.659999966621399,1.6785999536514282,4255,0.0,0.0
2023-02-24 13:30:00-05:00,1.659999966621399,1.690000057220459,1.659999966621399,1.690000057220459,10344,0.0,0.0
2023-02-24 14:30:00-05:00,1.697100043296814,1.7411999702453613,1.6799999475479126,1.7200000286102295,28646,0.0,0.0
2023-02-24 15:30:00-05:00,1.7000999450683594,1.7300000190734863,1.7000000476837158,1.7300000190734863,23434,0.0,0.0
2023-02-27 09:30:00-05:00,1.7000000476837158,1.7898999452590942,1.7000000476837158,1.7400000095367432,63928,0.0,0.0
2023-02-27 10:30:00-05:00,1.7666000127792358,1.7699999809265137,1.7100000381469727,1.7599999904632568,50344,0.0,0.0
2023-02-27 11:30:00-05:00,1.7580000162124634,1.7879999876022339,1.75,1.75,27174,0.0,0.0
2023-02-27 12:30:00-05:00,1.7527999877929688,1.7527999877929688,1.7527999877929688,1.7527999877929688,380,0.0,0.0
2023-02-27 13:30:00-05:00,1.7517000436782837,1.7695000171661377,1.7517000436782837,1.7599999904632568,5341,0.0,0.0
2023-02-27 14:30:00-05:00,1.7519999742507935,1.7699999809265137,1.7519999742507935,1.7599999904632568,3267,0.0,0.0
2023-02-27 15:30:00-05:00,1.7699999809265137,1.7799999713897705,1.7599999904632568,1.7599999904632568,21841,0.0,0.0
2023-02-28 09:30:00-05:00,1.7699999809265137,1.840000033378601,1.7415000200271606,1.7599999904632568,0,0.0,0.0
2023-02-28 10:30:00-05:00,1.7788000106811523,1.7788000106811523,1.7549999952316284,1.7684999704360962,40984,0.0,0.0
2023-02-28 11:30:00-05:00,1.7699999809265137,1.7699999809265137,1.7400000095367432,1.7450000047683716,14414,0.0,0.0
2023-02-28 12:30:00-05:00,1.7450000047683716,1.7899999618530273,1.7400000095367432,1.7799999713897705,15528,0.0,0.0
2023-02-28 13:30:00-05:00,1.7799999713897705,1.7899999618530273,1.7699999809265137,1.7799999713897705,18206,0.0,0.0
2023-02-28 14:30:00-05:00,1.774999976158142,1.7799999713897705,1.75,1.7599999904632568,17473,0.0,0.0
2023-02-28 15:30:00-05:00,1.7599999904632568,1.7799999713897705,1.75,1.7699999809265137,55717,0.0,0.0
2023-03-01 09:30:00-05:00,1.840000033378601,1.899999976158142,1.7999999523162842,1.8300000429153442,240634,0.0,0.0
2023-03-01 10:30:00-05:00,1.8690999746322632,1.875,1.8401000499725342,1.850000023841858,44474,0.0,0.0
2023-03-01 11:30:00-05:00,1.8450000286102295,1.8899999856948853,1.8450000286102295,1.8899999856948853,92410,0.0,0.0
2023-03-01 12:30:00-05:00,1.8732999563217163,1.9599000215530396,1.8700000047683716,1.8949999809265137,116800,0.0,0.0
2023-03-01 13:30:00-05:00,1.8949999809265137,1.9500000476837158,1.8949999809265137,1.9149999618530273,41085,0.0,0.0
2023-03-01 14:30:00-05:00,1.9149999618530273,1.9900000095367432,1.909999966621399,1.9859000444412231,75929,0.0,0.0
2023-03-01 15:30:00-05:00,1.9850000143051147,2.049999952316284,1.9850000143051147,2.049999952316284,139013,0.0,0.0
2023-03-02 09:30:00-05:00,2.0299999713897705,2.130000114440918,1.9299999475479126,2.090100049972534,82816,0.0,0.0
2023-03-02 10:30:00-05:00,2.107100009918213,2.1124000549316406,2.0420000553131104,2.0899999141693115,53025,0.0,0.0
2023-03-02 11:30:00-05:00,2.0799999237060547,2.119999885559082,2.0799999237060547,2.1059999465942383,26294,0.0,0.0
2023-03-02 12:30:00-05:00,2.119999885559082,2.140000104904175,2.0299999713897705,2.0999999046325684,95962,0.0,0.0
2023-03-02 13:30:00-05:00,2.064300060272217,2.161900043487549,2.064300060272217,2.1500000953674316,43428,0.0,0.0
2023-03-02 14:30:00-05:00,2.1600000858306885,2.2300000190734863,2.1500000953674316,2.2100000381469727,60671,0.0,0.0
2023-03-02 15:30:00-05:00,2.2100000381469727,2.240000009536743,2.170099973678589,2.2200000286102295,83990,0.0,0.0
2023-03-03 09:30:00-05:00,2.2100000381469727,2.4200000762939453,2.190000057220459,2.4200000762939453,256165,0.0,0.0
2023-03-03 10:30:00-05:00,2.4017999172210693,2.490000009536743,2.390000104904175,2.450000047683716,187981,0.0,0.0
2023-03-03 11:30:00-05:00,2.4700000286102295,2.4700000286102295,2.369999885559082,2.4049999713897705,78115,0.0,0.0
2023-03-03 12:30:00-05:00,2.4100000858306885,2.4200000762939453,2.369999885559082,2.4010000228881836,32808,0.0,0.0
2023-03-03 13:30:00-05:00,2.4000000953674316,2.440000057220459,2.4000000953674316,2.4000000953674316,60191,0.0,0.0
2023-03-03 14:30:00-05:00,2.430000066757202,2.430000066757202,2.380000114440918,2.4100000858306885,35069,0.0,0.0
2023-03-03 15:30:00-05:00,2.390000104904175,2.430000066757202,2.359999895095825,2.359999895095825,45827,0.0,0.0
2023-03-06 09:30:00-05:00,2.359999895095825,2.440000057220459,2.319999933242798,2.440000057220459,71885,0.0,0.0
2023-03-06 10:30:00-05:00,2.440000057220459,2.450000047683716,2.4000000953674316,2.4100000858306885,53339,0.0,0.0
2023-03-06 11:30:00-05:00,2.4100000858306885,2.440000057220459,2.3949999809265137,2.440000057220459,34024,0.0,0.0
2023-03-06 12:30:00-05:00,2.4049999713897705,2.440000057220459,2.390000104904175,2.4000000953674316,40984,0.0,0.0
2023-03-06 13:30:00-05:00,2.398200035095215,2.4000000953674316,2.3445000648498535,2.384999990463257,23348,0.0,0.0
2023-03-06 14:30:00-05:00,2.384999990463257,2.4000000953674316,2.309999942779541,2.3450000286102295,51675,0.0,0.0
2023-03-06 15:30:00-05:00,2.3499999046325684,2.380000114440918,2.309999942779541,2.359999895095825,48855,0.0,0.0
2023-03-07 09:30:00-05:00,2.359999895095825,2.4000000953674316,2.299999952316284,2.390000104904175,44838,0.0,0.0
2023-03-07 10:30:00-05:00,2.380000114440918,2.380000114440918,2.319999933242798,2.3480000495910645,50915,0.0,0.0
2023-03-07 11:30:00-05:00,2.3315000534057617,2.430000066757202,2.3299999237060547,2.4200000762939453,29467,0.0,0.0
2023-03-07 12:30:00-05:00,2.4149999618530273,2.430000066757202,2.369999885559082,2.3942999839782715,23229,0.0,0.0
2023-03-07 13:30:00-05:00,2.4000000953674316,2.450000047683716,2.3949999809265137,2.440000057220459,19654,0.0,0.0
2023-03-07 14:30:00-05:00,2.4363999366760254,2.4800000190734863,2.436199903488159,2.450000047683716,57504,0.0,0.0
2023-03-07 15:30:00-05:00,2.441999912261963,2.4600000381469727,2.309999942779541,2.4000000953674316,98582,0.0,0.0
2023-03-08 09:30:00-05:00,2.450000047683716,2.450000047683716,2.299999952316284,2.380000114440918,34079,0.0,0.0
2023-03-08 10:30:00-05:00,2.380000114440918,2.390000104904175,2.3499999046325684,2.390000104904175,16024,0.0,0.0
2023-03-08 11:30:00-05:00,2.369999885559082,2.4000000953674316,2.3610999584198,2.375,7028,0.0,0.0
2023-03-08 12:30:00-05:00,2.390000104904175,2.398699998855591,2.380000114440918,2.390000104904175,14510,0.0,0.0
2023-03-08 13:30:00-05:00,2.390000104904175,2.4800000190734863,2.3889999389648438,2.4700000286102295,106120,0.0,0.0
2023-03-08 14:30:00-05:00,2.4700000286102295,2.4800000190734863,2.450000047683716,2.4700000286102295,14544,0.0,0.0
2023-03-08 15:30:00-05:00,2.4700000286102295,2.509999990463257,2.4600000381469727,2.509999990463257,131300,0.0,0.0
2023-03-09 09:30:00-05:00,2.549999952316284,2.6500000953674316,2.4853999614715576,2.575000047683716,132111,0.0,0.0
2023-03-09 10:30:00-05:00,2.6178998947143555,2.6178998947143555,2.4800000190734863,2.5,66368,0.0,0.0
2023-03-09 11:30:00-05:00,2.4986000061035156,2.5299999713897705,2.450000047683716,2.4800000190734863,32119,0.0,0.0
2023-03-09 12:30:00-05:00,2.4549999237060547,2.4600000381469727,2.190000057220459,2.25,409840,0.0,0.0
2023-03-09 13:30:00-05:00,2.259999990463257,2.2799999713897705,2.0899999141693115,2.2100000381469727,83946,0.0,0.0
2023-03-09 14:30:00-05:00,2.2100000381469727,2.25,2.130000114440918,2.25,77058,0.0,0.0
2023-03-09 15:30:00-05:00,2.25,2.25,2.109999895095825,2.109999895095825,51789,0.0,0.0
2023-03-10 09:30:00-05:00,2.119999885559082,2.2146999835968018,2.069999933242798,2.1700000762939453,66927,0.0,0.0
2023-03-10 10:30:00-05:00,2.177799940109253,2.234100103378296,2.1600000858306885,2.234100103378296,19251,0.0,0.0
2023-03-10 11:30:00-05:00,2.234999895095825,2.26990008354187,2.1500000953674316,2.2090001106262207,52619,0.0,0.0
2023-03-10 12:30:00-05:00,2.2100000381469727,2.2200000286102295,2.119999885559082,2.1382999420166016,54125,0.0,0.0
2023-03-10 13:30:00-05:00,2.134999990463257,2.134999990463257,2.100100040435791,2.111299991607666,4703,0.0,0.0
2023-03-10 14:30:00-05:00,2.119999885559082,2.1500000953674316,2.109999895095825,2.115000009536743,15480,0.0,0.0
2023-03-10 15:30:00-05:00,2.115000009536743,2.119999885559082,2.049999952316284,2.0899999141693115,75183,0.0,0.0
2023-03-13 09:30:00-04:00,2.0199999809265137,2.069999933242798,2.009999990463257,2.049999952316284,45985,0.0,0.0
2023-03-13 10:30:00-04:00,2.049999952316284,2.140000104904175,2.049999952316284,2.069999933242798,49258,0.0,0.0
2023-03-13 11:30:00-04:00,2.0799999237060547,2.090100049972534,2.049999952316284,2.069999933242798,34149,0.0,0.0
2023-03-13 12:30:00-04:00,2.069999933242798,2.069999933242798,2.049999952316284,2.059999942779541,15318,0.0,0.0
2023-03-13 13:30:00-04:00,2.049999952316284,2.059999942779541,2.0299999713897705,2.055000066757202,15440,0.0,0.0
2023-03-13 14:30:00-04:00,2.055000066757202,2.06820011138916,2.009999990463257,2.009999990463257,35363,0.0,0.0
2023-03-13 15:30:00-04:00,2.009999990463257,2.0199999809265137,2.0,2.0,46759,0.0,0.0
2023-03-14 09:30:00-04:00,2.009999990463257,2.109999895095825,2.009999990463257,2.0999999046325684,118743,0.0,0.0
2023-03-14 10:30:00-04:00,2.0999999046325684,2.140000104904175,2.0799999237060547,2.119999885559082,41312,0.0,0.0
2023-03-14 11:30:00-04:00,2.140000104904175,2.140000104904175,2.1008999347686768,2.1008999347686768,7621,0.0,0.0
2023-03-14 12:30:00-04:00,2.115000009536743,2.119999885559082,2.0799999237060547,2.0999999046325684,32506,0.0,0.0
2023-03-14 13:30:00-04:00,2.0999999046325684,2.119999885559082,2.0899999141693115,2.0899999141693115,81841,0.0,0.0
2023-03-14 14:30:00-04:00,2.0799999237060547,2.109999895095825,1.9700000286102295,1.9900000095367432,259649,0.0,0.0
2023-03-14 15:30:00-04:00,1.9900000095367432,2.0199999809265137,1.940000057220459,1.940000057220459,136077,0.0,0.0
2023-03-15 09:30:00-04:00,1.8600000143051147,1.8700000047683716,1.7400000095367432,1.7949999570846558,211279,0.0,0.0
2023-03-15 10:30:00-04:00,1.7942999601364136,1.8250000476837158,1.774999976158142,1.8200000524520874,86256,0.0,0.0
2023-03-15 11:30:00-04:00,1.815000057220459,1.8700000047683716,1.815000057220459,1.840000033378601,86062,0.0,0.0
2023-03-15 12:30:00-04:00,1.8450000286102295,1.8600000143051147,1.8344000577926636,1.8450000286102295,157269,0.0,0.0
2023-03-15 13:30:00-04:00,1.840000033378601,1.840000033378601,1.75,1.8049999475479126,82710,0.0,0.0
2023-03-15 14:30:00-04:00,1.8055000305175781,1.8526999950408936,1.7999999523162842,1.7999999523162842,80337,0.0,0.0
2023-03-15 15:30:00-04:00,1.8049999475479126,1.809999942779541,1.7799999713897705,1.7799999713897705,41239,0.0,0.0
2023-03-16 09:30:00-04:00,1.7699999809265137,1.7999999523162842,1.7000000476837158,1.7400000095367432,111910,0.0,0.0
2023-03-16 10:30:00-04:00,1.7300000190734863,1.7798999547958374,1.7300000190734863,1.75,48160,0.0,0.0
2023-03-16 11:30:00-04:00,1.7450000047683716,1.75,1.7200000286102295,1.7400000095367432,32008,0.0,0.0
2023-03-16 12:30:00-04:00,1.7350000143051147,1.8200000524520874,1.7348999977111816,1.809999942779541,46764,0.0,0.0
2023-03-16 13:30:00-04:00,1.8035000562667847,1.8300000429153442,1.7999999523162842,1.815000057220459,23133,0.0,0.0
2023-03-16 14:30:00-04:00,1.8200000524520874,1.8300000429153442,1.7999999523162842,1.8049999475479126,23240,0.0,0.0
2023-03-16 15:30:00-04:00,1.8049999475479126,1.8127000331878662,1.7799999713897705,1.7899999618530273,36843,0.0,0.0
2023-03-17 09:30:00-04:00,1.7999999523162842,1.7999999523162842,1.7200000286102295,1.725000023841858,66634,0.0,0.0
2023-03-17 10:30:00-04:00,1.7299000024795532,1.7486000061035156,1.7100000381469727,1.715000033378601,30834,0.0,0.0
2023-03-17 11:30:00-04:00,1.715000033378601,1.7491999864578247,1.7000000476837158,1.7309999465942383,17837,0.0,0.0
2023-03-17 12:30:00-04:00,1.7400000095367432,1.7699999809265137,1.7300000190734863,1.756600022315979,32127,0.0,0.0
2023-03-17 13:30:00-04:00,1.7513999938964844,1.7598999738693237,1.7300000190734863,1.7300000190734863,44658,0.0,0.0
2023-03-17 14:30:00-04:00,1.7350000143051147,1.75,1.7200000286102295,1.725000023841858,77553,0.0,0.0
2023-03-17 15:30:00-04:00,1.7300000190734863,1.7300000190734863,1.6299999952316284,1.659999966621399,163439,0.0,0.0
2023-03-20 09:30:00-04:00,1.7300000190734863,1.7899999618530273,1.7100000381469727,1.7899999618530273,48294,0.0,0.0
2023-03-20 10:30:00-04:00,1.784999966621399,1.8042999505996704,1.7756999731063843,1.7799999713897705,25811,0.0,0.0
2023-03-20 11:30:00-04:00,1.7719999551773071,1.7760000228881836,1.75,1.7699999809265137,19944,0.0,0.0
2023-03-20 12:30:00-04:00,1.7619999647140503,1.7799999713897705,1.7599999904632568,1.7700999975204468,14700,0.0,0.0
2023-03-20 13:30:00-04:00,1.7599999904632568,1.7599999904632568,1.7400000095367432,1.75,27816,0.0,0.0
2023-03-20 14:30:00-04:00,1.7599999904632568,1.7599999904632568,1.7400000095367432,1.7450000047683716,8990,0.0,0.0
2023-03-20 15:30:00-04:00,1.7450000047683716,1.7699999809265137,1.7400000095367432,1.75,44679,0.0,0.0
2023-03-21 09:30:00-04:00,1.8200000524520874,1.8899999856948853,1.7799999713897705,1.784999966621399,99258,0.0,0.0
2023-03-21 10:30:00-04:00,1.784999966621399,1.8049999475479126,1.7726999521255493,1.7949999570846558,20095,0.0,0.0
2023-03-21 11:30:00-04:00,1.7999999523162842,1.850000023841858,1.799299955368042,1.8450000286102295,127946,0.0,0.0
2023-03-21 12:30:00-04:00,1.850000023841858,1.850000023841858,1.7999999523162842,1.8200000524520874,87901,0.0,0.0
2023-03-21 13:30:00-04:00,1.8200000524520874,1.8300000429153442,1.809999942779541,1.8250000476837158,41144,0.0,0.0
2023-03-21 14:30:00-04:00,1.8200000524520874,1.840000033378601,1.749899983406067,1.7599999904632568,163436,0.0,0.0
2023-03-21 15:30:00-04:00,1.750100016593933,1.7799999713897705,1.750100016593933,1.7599999904632568,38375,0.0,0.0
2023-03-22 09:30:00-04:00,1.7300000190734863,1.8687000274658203,1.7209999561309814,1.75,12040,0.0,0.0
2023-03-22 10:30:00-04:00,1.7699999809265137,1.7999999523162842,1.7599999904632568,1.7599999904632568,18827,0.0,0.0
2023-03-22 11:30:00-04:00,1.7699999809265137,1.7899999618530273,1.75,1.7599999904632568,19187,0.0,0.0
2023-03-22 12:30:00-04:00,1.7698999643325806,1.7799999713897705,1.7419999837875366,1.7699999809265137,15625,0.0,0.0
2023-03-22 13:30:00-04:00,1.7699999809265137,1.7799999713897705,1.7599999904632568,1.7799999713897705,4006,0.0,0.0
2023-03-22 14:30:00-04:00,1.7799999713897705,1.7999999523162842,1.725000023841858,1.75,38355,0.0,0.0
2023-03-22 15:30:00-04:00,1.7599999904632568,1.7599999904632568,1.7200000286102295,1.725000023841858,29578,0.0,0.0
2023-03-23 09:30:00-04:00,1.75,1.8499000072479248,1.75,1.7899999618530273,39576,0.0,0.0
2023-03-23 10:30:00-04:00,1.7799999713897705,1.7799999713897705,1.7300000190734863,1.7400000095367432,24645,0.0,0.0
2023-03-23 11:30:00-04:00,1.73989999294281,1.7450000047683716,1.7030999660491943,1.7200000286102295,56051,0.0,0.0
2023-03-23 12:30:00-04:00,1.7200000286102295,1.7200000286102295,1.690000057220459,1.690000057220459,36264,0.0,0.0
2023-03-23 13:30:00-04:00,1.6858999729156494,1.690000057220459,1.6399999856948853,1.6699999570846558,114183,0.0,0.0
2023-03-23 14:30:00-04:00,1.6649999618530273,1.7050000429153442,1.559999942779541,1.590000033378601,239064,0.0,0.0
2023-03-23 15:30:00-04:00,1.590000033378601,1.6699999570846558,1.590000033378601,1.6100000143051147,41913,0.0,0.0
2023-03-24 09:30:00-04:00,1.600000023841858,1.649999976158142,1.5800000429153442,1.6399999856948853,22887,0.0,0.0
2023-03-24 10:30:00-04:00,1.6200000047683716,1.6486999988555908,1.600000023841858,1.6469999551773071,17178,0.0,0.0
2023-03-24 11:30:00-04:00,1.6399999856948853,1.7075999975204468,1.6399999856948853,1.690000057220459,18579,0.0,0.0
2023-03-24 12:30:00-04:00,1.6799999475479126,1.690000057220459,1.649999976158142,1.659999966621399,11284,0.0,0.0
2023-03-24 13:30:00-04:00,1.6549999713897705,1.659999966621399,1.6399999856948853,1.649999976158142,2397,0.0,0.0
2023-03-24 14:30:00-04:00,1.659999966621399,1.7000000476837158,1.6399999856948853,1.6900999546051025,53706,0.0,0.0
2023-03-24 15:30:00-04:00,1.690000057220459,1.690000057220459,1.6299999952316284,1.6299999952316284,32923,0.0,0.0
2023-03-27 09:30:00-04:00,1.7100000381469727,1.7319999933242798,1.6299999952316284,1.6699999570846558,157344,0.0,0.0
2023-03-27 10:30:00-04:00,1.6698999404907227,1.6698999404907227,1.600000023841858,1.649999976158142,139510,0.0,0.0
2023-03-27 11:30:00-04:00,1.659999966621399,1.7000000476837158,1.659999966621399,1.6999000310897827,25377,0.0,0.0
2023-03-27 12:30:00-04:00,1.690000057220459,1.7599999904632568,1.690000057220459,1.7200000286102295,84863,0.0,0.0
2023-03-27 13:30:00-04:00,1.7200000286102295,1.7200000286102295,1.7100000381469727,1.7200000286102295,30399,0.0,0.0
2023-03-27 14:30:00-04:00,1.7101000547409058,1.7200000286102295,1.7000000476837158,1.7200000286102295,29621,0.0,0.0
2023-03-27 15:30:00-04:00,1.7100000381469727,1.7200000286102295,1.7000000476837158,1.7200000286102295,33333,0.0,0.0
2023-03-28 09:30:00-04:00,1.7100000381469727,1.7400000095367432,1.7100000381469727,1.73989999294281,24637,0.0,0.0
2023-03-28 10:30:00-04:00,1.7300000190734863,1.75,1.7209999561309814,1.75,23739,0.0,0.0
2023-03-28 11:30:00-04:00,1.7599999904632568,1.7799999713897705,1.7400000095367432,1.7649999856948853,25751,0.0,0.0
2023-03-28 12:30:00-04:00,1.7610000371932983,1.7899999618530273,1.7599999904632568,1.7726999521255493,47154,0.0,0.0
2023-03-28 13:30:00-04:00,1.774999976158142,1.7999999523162842,1.774999976158142,1.7949999570846558,20254,0.0,0.0
2023-03-28 14:30:00-04:00,1.791200041770935,1.791200041770935,1.7699999809265137,1.7699999809265137,18781,0.0,0.0
2023-03-28 15:30:00-04:00,1.7699999809265137,1.7898999452590942,1.7599999904632568,1.784999966621399,6644,0.0,0.0
2023-03-29 09:30:00-04:00,1.7999999523162842,1.7999999523162842,1.7300000190734863,1.7899999618530273,0,0.0,0.0
2023-03-29 10:30:00-04:00,1.7853000164031982,1.7899999618530273,1.75,1.7759000062942505,19261,0.0,0.0
2023-03-29 11:30:00-04:00,1.7799999713897705,1.7799999713897705,1.7699999809265137,1.7799999713897705,2749,0.0,0.0
2023-03-29 12:30:00-04:00,1.7899999618530273,1.7899999618530273,1.7731000185012817,1.7731000185012817,7838,0.0,0.0
2023-03-29 13:30:00-04:00,1.7799999713897705,1.7899999618530273,1.7699999809265137,1.7699999809265137,3218,0.0,0.0
2023-03-29 14:30:00-04:00,1.7649999856948853,1.784999966621399,1.7589999437332153,1.7699999809265137,11648,0.0,0.0
2023-03-29 15:30:00-04:00,1.7649999856948853,1.7799999713897705,1.7649999856948853,1.7699999809265137,13548,0.0,0.0
2023-03-30 09:30:00-04:00,1.7999999523162842,1.8115999698638916,1.75,1.75,39290,0.0,0.0
2023-03-30 10:30:00-04:00,1.7798999547958374,1.7798999547958374,1.7300000190734863,1.75,39744,0.0,0.0
2023-03-30 11:30:00-04:00,1.7422000169754028,1.75,1.7300000190734863,1.7472000122070312,3477,0.0,0.0
2023-03-30 12:30:00-04:00,1.7300000190734863,1.7391999959945679,1.7109999656677246,1.7391999959945679,7940,0.0,0.0
2023-03-30 13:30:00-04:00,1.739300012588501,1.739300012588501,1.7200000286102295,1.7300000190734863,7313,0.0,0.0
2023-03-30 14:30:00-04:00,1.7300000190734863,1.7300000190734863,1.7100000381469727,1.7200000286102295,7161,0.0,0.0
2023-03-30 15:30:00-04:00,1.7200000286102295,1.7350000143051147,1.715000033378601,1.7200000286102295,5088,0.0,0.0
2023-03-31 09:30:00-04:00,1.75,1.774999976158142,1.7300000190734863,1.7649999856948853,30629,0.0,0.0
2023-03-31 10:30:00-04:00,1.7699999809265137,1.7899999618530273,1.7599999904632568,1.7599999904632568,24013,0.0,0.0
2023-03-31 11:30:00-04:00,1.7699999809265137,1.7798999547958374,1.7300000190734863,1.7450000047683716,23716,0.0,0.0
2023-03-31 12:30:00-04:00,1.7300000190734863,1.7400000095367432,1.725000023841858,1.7400000095367432,7963,0.0,0.0
2023-03-31 13:30:00-04:00,1.7450000047683716,1.7649999856948853,1.7350000143051147,1.7599999904632568,5381,0.0,0.0
2023-03-31 14:30:00-04:00,1.75,1.7799999713897705,1.7450000047683716,1.7799999713897705,27307,0.0,0.0
2023-03-31 15:30:00-04:00,1.774999976158142,1.7898999452590942,1.75,1.7799999713897705,26059,0.0,0.0
2023-04-03 09:30:00-04:00,1.8300000429153442,1.975000023841858,1.809999942779541,1.9700000286102295,279035,0.0,0.0
2023-04-03 10:30:00-04:00,1.9600000381469727,1.9608999490737915,1.899999976158142,1.9149999618530273,27922,0.0,0.0
2023-04-03 11:30:00-04:00,1.909999966621399,1.940999984741211,1.8799999952316284,1.899999976158142,57560,0.0,0.0
2023-04-03 12:30:00-04:00,1.909999966621399,1.9199999570846558,1.850000023841858,1.850000023841858,47969,0.0,0.0
2023-04-03 13:30:00-04:00,1.850000023841858,1.850000023841858,1.7999999523162842,1.8300000429153442,44805,0.0,0.0
2023-04-03 14:30:00-04:00,1.840000033378601,1.840000033378601,1.7870999574661255,1.840000033378601,89584,0.0,0.0
2023-04-03 15:30:00-04:00,1.840000033378601,1.8499000072479248,1.7899999618530273,1.8300000429153442,89699,0.0,0.0
2023-04-04 09:30:00-04:00,1.8600000143051147,1.8700000047683716,1.809999942779541,1.8194999694824219,54966,0.0,0.0
2023-04-04 10:30:00-04:00,1.8200000524520874,1.8350000381469727,1.7899999618530273,1.8020000457763672,35595,0.0,0.0
2023-04-04 11:30:00-04:00,1.7999999523162842,1.840000033378601,1.7898999452590942,1.7999999523162842,17321,0.0,0.0
2023-04-04 12:30:00-04:00,1.8250000476837158,1.840000033378601,1.7899999618530273,1.8346999883651733,41614,0.0,0.0
2023-04-04 13:30:00-04:00,1.840000033378601,1.8600000143051147,1.809999942779541,1.809999942779541,28140,0.0,0.0
2023-04-04 14:30:00-04:00,1.8049999475479126,1.815000057220459,1.7799999713897705,1.7799999713897705,11183,0.0,0.0
2023-04-04 15:30:00-04:00,1.7799999713897705,1.7949999570846558,1.75,1.7699999809265137,39284,0.0,0.0
2023-04-05 09:30:00-04:00,1.7899999618530273,1.7899999618530273,1.7197999954223633,1.7699999809265137,54660,0.0,0.0
2023-04-05 10:30:00-04:00,1.7699999809265137,1.7899999618530273,1.75,1.7649999856948853,21980,0.0,0.0
2023-04-05 11:30:00-04:00,1.7699999809265137,1.809999942779541,1.7698999643325806,1.774999976158142,39742,0.0,0.0
2023-04-05 12:30:00-04:00,1.7799999713897705,1.840000033378601,1.7649999856948853,1.8350000381469727,46077,0.0,0.0
2023-04-05 13:30:00-04:00,1.8350000381469727,1.8550000190734863,1.7999999523162842,1.8300000429153442,51674,0.0,0.0
2023-04-05 14:30:00-04:00,1.840000033378601,1.840000033378601,1.7700999975204468,1.7999999523162842,46943,0.0,0.0
2023-04-05 15:30:00-04:00,1.7949999570846558,1.8049999475479126,1.75,1.75,46354,0.0,0.0
2023-04-06 09:30:00-04:00,1.7699999809265137,1.8250000476837158,1.75,1.7549999952316284,24143,0.0,0.0
2023-04-06 10:30:00-04:00,1.7599999904632568,1.7599999904632568,1.7200000286102295,1.7450000047683716,68644,0.0,0.0
2023-04-06 11:30:00-04:00,1.7450000047683716,1.75,1.7300000190734863,1.7400000095367432,13058,0.0,0.0
2023-04-06 12:30:00-04:00,1.7300000190734863,1.774999976158142,1.7300000190734863,1.774999976158142,26244,0.0,0.0
2023-04-06 13:30:00-04:00,1.7699999809265137,1.7699999809265137,1.7400000095367432,1.749899983406067,28115,0.0,0.0
2023-04-06 14:30:00-04:00,1.7488000392913818,1.7599999904632568,1.7300000190734863,1.7300000190734863,6176,0.0,0.0
2023-04-06 15:30:00-04:00,1.7300000190734863,1.7400000095367432,1.7000000476837158,1.7100000381469727,40042,0.0,0.0
2023-04-10 09:30:00-04:00,1.7699999809265137,1.7899999618530273,1.690000057220459,1.7000000476837158,96270,0.0,0.0
2023-04-10 10:30:00-04:00,1.6959999799728394,1.7000000476837158,1.677299976348877,1.7000000476837158,139411,0.0,0.0
2023-04-10 11:30:00-04:00,1.7000000476837158,1.7100000381469727,1.6799999475479126,1.7000000476837158,276063,0.0,0.0
2023-04-10 12:30:00-04:00,1.7000000476837158,1.7200000286102295,1.6784000396728516,1.7100000381469727,47699,0.0,0.0
2023-04-10 13:30:00-04:00,1.7072999477386475,1.7200000286102295,1.7050000429153442,1.715000033378601,9923,0.0,0.0
2023-04-10 14:30:00-04:00,1.7200000286102295,1.75,1.7100000381469727,1.75,38989,0.0,0.0
2023-04-10 15:30:00-04:00,1.7480000257492065,1.7599999904632568,1.7300000190734863,1.75,25976,0.0,0.0
2023-04-11 09:30:00-04:00,1.7699999809265137,1.7699999809265137,1.7200000286102295,1.7400000095367432,41804,0.0,0.0
2023-04-11 10:30:00-04:00,1.747499942779541,1.7599999904632568,1.7200000286102295,1.7400000095367432,33203,0.0,0.0
2023-04-11 11:30:00-04:00,1.7400000095367432,1.7699999809265137,1.7400000095367432,1.7599999904632568,15133,0.0,0.0
2023-04-11 12:30:00-04:00,1.75,1.7899999618530273,1.75,1.7799999713897705,19459,0.0,0.0
2023-04-11 13:30:00-04:00,1.7899999618530273,1.7899999618530273,1.7400000095367432,1.75,20726,0.0,0.0
2023-04-11 14:30:00-04:00,1.7450000047683716,1.75,1.7200000286102295,1.7300000190734863,34933,0.0,0.0
2023-04-11 15:30:00-04:00,1.7300000190734863,1.7400000095367432,1.7100000381469727,1.7300000190734863,15173,0.0,0.0
2023-04-12 09:30:00-04:00,1.7300000190734863,1.7582999467849731,1.7100000381469727,1.7200000286102295,0,0.0,0.0
2023-04-12 10:30:00-04:00,1.7100000381469727,1.7100000381469727,1.6799999475479126,1.6950000524520874,34158,0.0,0.0
2023-04-12 11:30:00-04:00,1.6950000524520874,1.6999000310897827,1.6893999576568604,1.6893999576568604,5533,0.0,0.0
2023-04-12 12:30:00-04:00,1.690000057220459,1.7000000476837158,1.6799999475479126,1.6999000310897827,22966,0.0,0.0
2023-04-12 13:30:00-04:00,1.6996999979019165,1.6999000310897827,1.6799999475479126,1.690600037574768,12919,0.0,0.0
2023-04-12 14:30:00-04:00,1.6999000310897827,1.7000000476837158,1.6799999475479126,1.687999963760376,52925,0.0,0.0
2023-04-12 15:30:00-04:00,1.690000057220459,1.7000000476837158,1.6799999475479126,1.6799999475479126,48099,0.0,0.0
2023-04-13 09:30:00-04:00,1.6799999475479126,1.7100000381469727,1.6799999475479126,1.7100000381469727,0,0.0,0.0
2023-04-13 10:30:00-04:00,1.7000000476837158,1.7400000095367432,1.690000057220459,1.7300000190734863,53591,0.0,0.0
2023-04-13 11:30:00-04:00,1.7210999727249146,1.725000023841858,1.7000000476837158,1.7200000286102295,14706,0.0,0.0
2023-04-13 12:30:00-04:00,1.7300000190734863,1.75,1.7200000286102295,1.7300000190734863,31116,0.0,0.0
2023-04-13 13:30:00-04:00,1.7400000095367432,1.75,1.7300000190734863,1.7400000095367432,27623,0.0,0.0
2023-04-13 14:30:00-04:00,1.7400000095367432,1.7599999904632568,1.715000033378601,1.725000023841858,63437,0.0,0.0
2023-04-13 15:30:00-04:00,1.7200000286102295,1.7350000143051147,1.690000057220459,1.7000000476837158,19830,0.0,0.0
2023-04-14 09:30:00-04:00,1.7300000190734863,1.742400050163269,1.7000000476837158,1.7000000476837158,24156,0.0,0.0
2023-04-14 10:30:00-04:00,1.690000057220459,1.690000057220459,1.659999966621399,1.6649999618530273,45685,0.0,0.0
2023-04-14 11:30:00-04:00,1.659999966621399,1.690000057220459,1.659999966621399,1.6799999475479126,22096,0.0,0.0
2023-04-14 12:30:00-04:00,1.6885000467300415,1.7000000476837158,1.6799999475479126,1.690000057220459,9347,0.0,0.0
2023-04-14 13:30:00-04:00,1.690000057220459,1.7000000476837158,1.659999966621399,1.690000057220459,21780,0.0,0.0
2023-04-14 14:30:00-04:00,1.690000057220459,1.690000057220459,1.6799999475479126,1.6799999475479126,4721,0.0,0.0
2023-04-14 15:30:00-04:00,1.6799999475479126,1.690000057220459,1.6799999475479126,1.6799999475479126,11992,0.0,0.0
2023-04-17 09:30:00-04:00,1.6799999475479126,1.7000000476837158,1.649999976158142,1.690000057220459,32659,0.0,0.0
2023-04-17 10:30:00-04:00,1.691100001335144,1.7000000476837158,1.649999976158142,1.6549999713897705,35620,0.0,0.0
2023-04-17 11:30:00-04:00,1.659999966621399,1.6799999475479126,1.6399999856948853,1.659999966621399,31487,0.0,0.0
2023-04-17 12:30:00-04:00,1.6649999618530273,1.6699999570846558,1.659999966621399,1.6699999570846558,12805,0.0,0.0
2023-04-17 13:30:00-04:00,1.6649999618530273,1.6749999523162842,1.6299999952316284,1.649999976158142,82892,0.0,0.0
2023-04-17 14:30:00-04:00,1.6449999809265137,1.7000000476837158,1.6449999809265137,1.690000057220459,14683,0.0,0.0
2023-04-17 15:30:00-04:00,1.6950000524520874,1.6950000524520874,1.6699999570846558,1.6699999570846558,18808,0.0,0.0
2023-04-18 09:30:00-04:00,1.690000057220459,1.7698999643325806,1.6548000574111938,1.7300000190734863,98228,0.0,0.0
2023-04-18 10:30:00-04:00,1.7200000286102295,1.7388999462127686,1.7100000381469727,1.7100000381469727,13372,0.0,0.0
2023-04-18 11:30:00-04:00,1.7200000286102295,1.7300000190734863,1.7100000381469727,1.725000023841858,14933,0.0,0.0
2023-04-18 12:30:00-04:00,1.7300000190734863,1.7300000190734863,1.7200000286102295,1.7204999923706055,5684,0.0,0.0
2023-04-18 13:30:00-04:00,1.720900058746338,1.7294000387191772,1.7050000429153442,1.7050000429153442,12054,0.0,0.0
2023-04-18 14:30:00-04:00,1.7050000429153442,1.7050000429153442,1.649999976158142,1.649999976158142,15111,0.0,0.0
2023-04-18 15:30:00-04:00,1.659999966621399,1.6756000518798828,1.649999976158142,1.659999966621399,43515,0.0,0.0
2023-04-19 09:30:00-04:00,1.6799999475479126,1.690000057220459,1.649999976158142,1.6715999841690063,35823,0.0,0.0
2023-04-19 10:30:00-04:00,1.6699999570846558,1.684999942779541,1.659999966621399,1.6749999523162842,20719,0.0,0.0
2023-04-19 11:30:00-04:00,1.6699999570846558,1.6699999570846558,1.659999966621399,1.6690000295639038,18879,0.0,0.0
2023-04-19 12:30:00-04:00,1.6699999570846558,1.6950000524520874,1.6619999408721924,1.6799999475479126,19767,0.0,0.0
2023-04-19 13:30:00-04:00,1.6799999475479126,1.7000000476837158,1.6799999475479126,1.6996999979019165,7889,0.0,0.0
2023-04-19 14:30:00-04:00,1.7000000476837158,1.7000000476837158,1.690000057220459,1.7000000476837158,6690,0.0,0.0
2023-04-19 15:30:00-04:00,1.7000000476837158,1.7000000476837158,1.659999966621399,1.6699999570846558,29871,0.0,0.0
2023-04-20 09:30:00-04:00,1.6799999475479126,1.6799999475479126,1.6399999856948853,1.659999966621399,72455,0.0,0.0
2023-04-20 10:30:00-04:00,1.6699999570846558,1.690000057220459,1.6500999927520752,1.659999966621399,50169,0.0,0.0
2023-04-20 11:30:00-04:00,1.6649999618530273,1.6699999570846558,1.6299999952316284,1.6649999618530273,22366,0.0,0.0
2023-04-20 12:30:00-04:00,1.6608999967575073,1.6950000524520874,1.659999966621399,1.6818000078201294,14682,0.0,0.0
2023-04-20 13:30:00-04:00,1.680400013923645,1.690000057220459,1.6799999475479126,1.6799999475479126,6386,0.0,0.0
2023-04-20 14:30:00-04:00,1.6699999570846558,1.6799999475479126,1.6299999952316284,1.6399999856948853,34909,0.0,0.0
2023-04-20 15:30:00-04:00,1.6399999856948853,1.6698999404907227,1.625,1.649999976158142,45172,0.0,0.0
2023-04-21 09:30:00-04:00,1.649999976158142,1.6699999570846558,1.6399999856948853,1.6699999570846558,47719,0.0,0.0
2023-04-21 10:30:00-04:00,1.6699999570846558,1.6799999475479126,1.659999966621399,1.6649999618530273,9500,0.0,0.0
2023-04-21 11:30:00-04:00,1.6699999570846558,1.6799999475479126,1.659999966621399,1.6699999570846558,9417,0.0,0.0
2023-04-21 12:30:00-04:00,1.659999966621399,1.6799999475479126,1.659999966621399,1.6799999475479126,16979,0.0,0.0
2023-04-21 13:30:00-04:00,1.6799999475479126,1.6799999475479126,1.659999966621399,1.6699999570846558,10273,0.0,0.0
2023-04-21 14:30:00-04:00,1.659999966621399,1.6649999618530273,1.6399999856948853,1.649999976158142,23169,0.0,0.0
2023-04-21 15:30:00-04:00,1.6584999561309814,1.659999966621399,1.6399999856948853,1.659999966621399,19725,0.0,0.0
2023-04-24 09:30:00-04:00,1.649999976158142,1.7005000114440918,1.649999976158142,1.6950000524520874,78846,0.0,0.0
2023-04-24 10:30:00-04:00,1.7050000429153442,1.7050000429153442,1.6299999952316284,1.649999976158142,77795,0.0,0.0
2023-04-24 11:30:00-04:00,1.6549999713897705,1.690000057220459,1.649999976158142,1.690000057220459,25186,0.0,0.0
2023-04-24 12:30:00-04:00,1.6950000524520874,1.7300000190734863,1.6799999475479126,1.690000057220459,28872,0.0,0.0
2023-04-24 13:30:00-04:00,1.7000000476837158,1.7101000547409058,1.6950000524520874,1.7000000476837158,22230,0.0,0.0
2023-04-24 14:30:00-04:00,1.7000000476837158,1.7300000190734863,1.690000057220459,1.718000054359436,29328,0.0,0.0
2023-04-24 15:30:00-04:00,1.7100000381469727,1.7599999904632568,1.7072999477386475,1.7100000381469727,52389,0.0,0.0
2023-04-25 09:30:00-04:00,1.7300000190734863,1.7300000190734863,1.6299999952316284,1.6399999856948853,48904,0.0,0.0
2023-04-25 10:30:00-04:00,1.6449999809265137,1.649999976158142,1.6200000047683716,1.6399999856948853,34251,0.0,0.0
2023-04-25 11:30:00-04:00,1.6299999952316284,1.6699999570846558,1.6200000047683716,1.6449999809265137,42182,0.0,0.0
2023-04-25 12:30:00-04:00,1.6449999809265137,1.6699999570846558,1.6360000371932983,1.649999976158142,23982,0.0,0.0
2023-04-25 13:30:00-04:00,1.6409000158309937,1.649999976158142,1.6299999952316284,1.649999976158142,4890,0.0,0.0
2023-04-25 14:30:00-04:00,1.649999976158142,1.659999966621399,1.6299999952316284,1.6349999904632568,14677,0.0,0.0
2023-04-25 15:30:00-04:00,1.6399999856948853,1.6549999713897705,1.6299999952316284,1.6299999952316284,41117,0.0,0.0
2023-04-26 09:30:00-04:00,1.659999966621399,1.6699999570846558,1.611799955368042,1.6200000047683716,39618,0.0,0.0
2023-04-26 10:30:00-04:00,1.6299999952316284,1.6399999856948853,1.6200000047683716,1.6301000118255615,15331,0.0,0.0
2023-04-26 11:30:00-04:00,1.6292999982833862,1.6399999856948853,1.6200000047683716,1.6200000047683716,8044,0.0,0.0
2023-04-26 12:30:00-04:00,1.6150000095367432,1.6299999952316284,1.6100000143051147,1.6150000095367432,20829,0.0,0.0
2023-04-26 13:30:00-04:00,1.6100000143051147,1.6100000143051147,1.600000023841858,1.600000023841858,19355,0.0,0.0
2023-04-26 14:30:00-04:00,1.600000023841858,1.6100000143051147,1.590000033378601,1.600000023841858,49560,0.0,0.0
2023-04-26 15:30:00-04:00,1.600000023841858,1.6050000190734863,1.590000033378601,1.590000033378601,31730,0.0,0.0
2023-04-27 09:30:00-04:00,1.5800000429153442,1.649999976158142,1.570099949836731,1.6399999856948853,66111,0.0,0.0
2023-04-27 10:30:00-04:00,1.6399999856948853,1.6399999856948853,1.600000023841858,1.6100000143051147,22231,0.0,0.0
2023-04-27 11:30:00-04:00,1.6299999952316284,1.6299999952316284,1.600000023841858,1.6100000143051147,15700,0.0,0.0
2023-04-27 12:30:00-04:00,1.6100000143051147,1.625,1.600000023841858,1.6050000190734863,38822,0.0,0.0
2023-04-27 13:30:00-04:00,1.6050000190734863,1.6100000143051147,1.600000023841858,1.6050000190734863,9742,0.0,0.0
2023-04-27 14:30:00-04:00,1.6050000190734863,1.6100000143051147,1.590000033378601,1.600000023841858,15003,0.0,0.0
2023-04-27 15:30:00-04:00,1.600000023841858,1.6100000143051147,1.5800000429153442,1.600000023841858,49431,0.0,0.0
2023-04-28 09:30:00-04:00,1.6299999952316284,1.6799999475479126,1.6100000143051147,1.6799999475479126,124786,0.0,0.0
2023-04-28 10:30:00-04:00,1.684999942779541,1.7200000286102295,1.6799999475479126,1.7099000215530396,58875,0.0,0.0
2023-04-28 11:30:00-04:00,1.7099000215530396,1.749899983406067,1.7091000080108643,1.722499966621399,52791,0.0,0.0
2023-04-28 12:30:00-04:00,1.725000023841858,1.75,1.7019000053405762,1.7350000143051147,33244,0.0,0.0
2023-04-28 13:30:00-04:00,1.7309000492095947,1.7549999952316284,1.7300000190734863,1.7450000047683716,39309,0.0,0.0
2023-04-28 14:30:00-04:00,1.746899962425232,1.774999976158142,1.7400000095367432,1.7599999904632568,73916,0.0,0.0
2023-04-28 15:30:00-04:00,1.7549999952316284,1.756600022315979,1.7100000381469727,1.7350000143051147,34979,0.0,0.0
2023-05-01 09:30:00-04:00,1.7200000286102295,1.7899999618530273,1.7100000381469727,1.7400000095367432,49217,0.0,0.0
2023-05-01 10:30:00-04:00,1.7400000095367432,1.7799999713897705,1.7200000286102295,1.725000023841858,11312,0.0,0.0
2023-05-01 11:30:00-04:00,1.725000023841858,1.7599999904632568,1.7200000286102295,1.7599999904632568,7639,0.0,0.0
2023-05-01 12:30:00-04:00,1.7644000053405762,1.7690000534057617,1.75,1.75,5503,0.0,0.0
2023-05-01 13:30:00-04:00,1.7450000047683716,1.7599999904632568,1.7450000047683716,1.750100016593933,9014,0.0,0.0
2023-05-01 14:30:00-04:00,1.75,1.7599999904632568,1.75,1.75,2299,0.0,0.0
2023-05-01 15:30:00-04:00,1.7549999952316284,1.7599999904632568,1.7450000047683716,1.7599999904632568,6988,0.0,0.0
2023-05-02 09:30:00-04:00,1.75,1.75,1.659999966621399,1.6799999475479126,75464,0.0,0.0
2023-05-02 10:30:00-04:00,1.6799999475479126,1.690000057220459,1.649999976158142,1.6649999618530273,52473,0.0,0.0
2023-05-02 11:30:00-04:00,1.6799999475479126,1.7000000476837158,1.6699999570846558,1.690000057220459,27809,0.0,0.0
2023-05-02 12:30:00-04:00,1.690000057220459,1.7000000476837158,1.6799999475479126,1.690000057220459,12046,0.0,0.0
2023-05-02 13:30:00-04:00,1.690600037574768,1.7050000429153442,1.6692999601364136,1.6699999570846558,11721,0.0,0.0
2023-05-02 14:30:00-04:00,1.6684999465942383,1.7000000476837158,1.659999966621399,1.7000000476837158,61571,0.0,0.0
2023-05-02 15:30:00-04:00,1.690000057220459,1.690000057220459,1.659999966621399,1.659999966621399,11125,0.0,0.0
2023-05-03 09:30:00-04:00,1.6799999475479126,1.7100000381469727,1.659999966621399,1.6799999475479126,17083,0.0,0.0
2023-05-03 10:30:00-04:00,1.6799999475479126,1.6799999475479126,1.659999966621399,1.6749999523162842,12491,0.0,0.0
2023-05-03 11:30:00-04:00,1.6749999523162842,1.6799999475479126,1.659999966621399,1.6799999475479126,16361,0.0,0.0
2023-05-03 12:30:00-04:00,1.6799999475479126,1.7000000476837158,1.6799999475479126,1.6799999475479126,10986,0.0,0.0
2023-05-03 13:30:00-04:00,1.690000057220459,1.7000000476837158,1.659999966621399,1.690000057220459,9582,0.0,0.0
2023-05-03 14:30:00-04:00,1.690000057220459,1.7050000429153442,1.6699999570846558,1.6749999523162842,13555,0.0,0.0
2023-05-03 15:30:00-04:00,1.6799999475479126,1.6799999475479126,1.6399999856948853,1.6799999475479126,50434,0.0,0.0
2023-05-04 09:30:00-04:00,1.649999976158142,1.6786999702453613,1.6299999952316284,1.6399999856948853,18830,0.0,0.0
2023-05-04 10:30:00-04:00,1.6327999830245972,1.649899959564209,1.600000023841858,1.6200000047683716,22016,0.0,0.0
2023-05-04 11:30:00-04:00,1.6298999786376953,1.659999966621399,1.6100000143051147,1.659999966621399,23912,0.0,0.0
2023-05-04 12:30:00-04:00,1.6399999856948853,1.6799999475479126,1.629699945449829,1.679900050163269,23603,0.0,0.0
2023-05-04 13:30:00-04:00,1.6749999523162842,1.6890000104904175,1.649999976158142,1.659600019454956,8347,0.0,0.0
2023-05-04 14:30:00-04:00,1.649999976158142,1.6699999570846558,1.6399999856948853,1.659999966621399,10303,0.0,0.0
2023-05-04 15:30:00-04:00,1.659999966621399,1.6668000221252441,1.649999976158142,1.649999976158142,18415,0.0,0.0
2023-05-05 09:30:00-04:00,1.6699999570846558,1.7898999452590942,1.6699999570846558,1.7584999799728394,101223,0.0,0.0
2023-05-05 10:30:00-04:00,1.75,1.7649999856948853,1.7300000190734863,1.7400000095367432,9862,0.0,0.0
2023-05-05 11:30:00-04:00,1.7400000095367432,1.7699999809265137,1.7400000095367432,1.7599999904632568,0,0.0,0.0
2023-05-05 12:30:00-04:00,1.7698999643325806,1.7698999643325806,1.7309999465942383,1.7400000095367432,156216,0.0,0.0
2023-05-05 13:30:00-04:00,1.73989999294281,1.7899999618530273,1.73989999294281,1.7599999904632568,47032,0.0,0.0
2023-05-05 14:30:00-04:00,1.75,1.7699999809265137,1.7400000095367432,1.7401000261306763,15977,0.0,0.0
2023-05-05 15:30:00-04:00,1.7414000034332275,1.7799999713897705,1.7301000356674194,1.75,27983,0.0,0.0
2023-05-08 09:30:00-04:00,1.7999999523162842,1.8600000143051147,1.7699999809265137,1.784999966621399,50212,0.0,0.0
2023-05-08 10:30:00-04:00,1.7949999570846558,1.7999999523162842,1.75,1.75,15016,0.0,0.0
2023-05-08 11:30:00-04:00,1.75,1.7599999904632568,1.7400000095367432,1.7599999904632568,14488,0.0,0.0
2023-05-08 12:30:00-04:00,1.7799999713897705,1.7999999523162842,1.7699999809265137,1.7985999584197998,9304,0.0,0.0
2023-05-08 13:30:00-04:00,1.7899999618530273,1.809999942779541,1.7826000452041626,1.7949999570846558,11390,0.0,0.0
2023-05-08 14:30:00-04:00,1.7949999570846558,1.809999942779541,1.7899999618530273,1.7899999618530273,40429,0.0,0.0
2023-05-08 15:30:00-04:00,1.7899999618530273,1.809999942779541,1.7899999618530273,1.7999999523162842,14683,0.0,0.0
2023-05-09 09:30:00-04:00,1.7699999809265137,1.850000023841858,1.75,1.8300000429153442,0,0.0,0.0
2023-05-09 10:30:00-04:00,1.8300000429153442,1.850000023841858,1.7999999523162842,1.840000033378601,31488,0.0,0.0
2023-05-09 11:30:00-04:00,1.8300000429153442,1.8794000148773193,1.7999999523162842,1.8600000143051147,35918,0.0,0.0
2023-05-09 12:30:00-04:00,1.8798999786376953,1.9199999570846558,1.8600000143051147,1.9149999618530273,44005,0.0,0.0
2023-05-09 13:30:00-04:00,1.9149999618530273,1.940000057220459,1.899999976158142,1.9199999570846558,52239,0.0,0.0
2023-05-09 14:30:00-04:00,1.9199999570846558,1.9249999523162842,1.8899999856948853,1.909999966621399,25879,0.0,0.0
2023-05-09 15:30:00-04:00,1.8899999856948853,1.9149999618530273,1.8600000143051147,1.8899999856948853,46607,0.0,0.0
2023-05-10 09:30:00-04:00,1.7400000095367432,1.7899999618530273,1.7000000476837158,1.7699999809265137,142805,0.0,0.0
2023-05-10 10:30:00-04:00,1.7549999952316284,1.7589000463485718,1.7200000286102295,1.7400000095367432,24992,0.0,0.0
2023-05-10 11:30:00-04:00,1.7400000095367432,1.7400000095367432,1.715000033378601,1.715000033378601,42008,0.0,0.0
2023-05-10 12:30:00-04:00,1.7100000381469727,1.7100000381469727,1.6699999570846558,1.690000057220459,92084,0.0,0.0
2023-05-10 13:30:00-04:00,1.6950000524520874,1.7100000381469727,1.690000057220459,1.690000057220459,48491,0.0,0.0
2023-05-10 14:30:00-04:00,1.690000057220459,1.723099946975708,1.6799999475479126,1.723099946975708,67028,0.0,0.0
2023-05-10 15:30:00-04:00,1.7200000286102295,1.7300000190734863,1.690000057220459,1.6900999546051025,13651,0.0,0.0
2023-05-11 09:30:00-04:00,1.6799999475479126,1.6920000314712524,1.6100000143051147,1.6349999904632568,96628,0.0,0.0
2023-05-11 10:30:00-04:00,1.6349999904632568,1.649999976158142,1.6100000143051147,1.6100000143051147,14689,0.0,0.0
2023-05-11 11:30:00-04:00,1.6150000095367432,1.6399999856948853,1.6100000143051147,1.6380000114440918,51193,0.0,0.0
2023-05-11 12:30:00-04:00,1.6399999856948853,1.658400058746338,1.6301000118255615,1.658400058746338,10523,0.0,0.0
2023-05-11 13:30:00-04:00,1.658400058746338,1.659999966621399,1.6100000143051147,1.6299999952316284,19678,0.0,0.0
2023-05-11 14:30:00-04:00,1.6399999856948853,1.6399999856948853,1.6200000047683716,1.6299999952316284,5630,0.0,0.0
2023-05-11 15:30:00-04:00,1.6200000047683716,1.649999976158142,1.6200000047683716,1.6399999856948853,22050,0.0,0.0
2023-05-12 09:30:00-04:00,1.6699999570846558,1.690000057220459,1.6299999952316284,1.6449999809265137,12344,0.0,0.0
2023-05-12 10:30:00-04:00,1.6419999599456787,1.6449999809265137,1.6200000047683716,1.625,10323,0.0,0.0
2023-05-12 11:30:00-04:00,1.6299999952316284,1.6299999952316284,1.610700011253357,1.6174999475479126,19871,0.0,0.0
2023-05-12 12:30:00-04:00,1.6124999523162842,1.649999976158142,1.6100000143051147,1.6399999856948853,21052,0.0,0.0
2023-05-12 13:30:00-04:00,1.6299999952316284,1.649999976158142,1.6200000047683716,1.6399999856948853,7841,0.0,0.0
2023-05-12 14:30:00-04:00,1.6449999809265137,1.659999966621399,1.6399999856948853,1.6399999856948853,28506,0.0,0.0
2023-05-12 15:30:00-04:00,1.6399999856948853,1.6399999856948853,1.6100000143051147,1.6100000143051147,44041,0.0,0.0
2023-05-15 09:30:00-04:00,1.600000023841858,1.659999966621399,1.600000023841858,1.6490999460220337,26977,0.0,0.0
2023-05-15 10:30:00-04:00,1.6449999809265137,1.6449999809265137,1.6100000143051147,1.6100000143051147,65921,0.0,0.0
2023-05-15 11:30:00-04:00,1.6100000143051147,1.6150000095367432,1.590000033378601,1.600000023841858,42272,0.0,0.0
2023-05-15 12:30:00-04:00,1.600000023841858,1.6200000047683716,1.5800000429153442,1.600000023841858,93312,0.0,0.0
2023-05-15 13:30:00-04:00,1.6038000583648682,1.6038000583648682,1.5800000429153442,1.5800000429153442,50195,0.0,0.0
2023-05-15 14:30:00-04:00,1.5800000429153442,1.600000023841858,1.5700000524520874,1.5750000476837158,23629,0.0,0.0
2023-05-15 15:30:00-04:00,1.5750000476837158,1.5800000429153442,1.5499999523162842,1.5499999523162842,69856,0.0,0.0
2023-05-16 09:30:00-04:00,1.5700000524520874,1.5800000429153442,1.4800000190734863,1.4850000143051147,170392,0.0,0.0
2023-05-16 10:30:00-04:00,1.4900000095367432,1.5299999713897705,1.4728000164031982,1.4800000190734863,31616,0.0,0.0
2023-05-16 11:30:00-04:00,1.4800000190734863,1.4900000095367432,1.4800000190734863,1.4800000190734863,13000,0.0,0.0
2023-05-16 12:30:00-04:00,1.4800000190734863,1.48989999294281,1.4800000190734863,1.4850000143051147,4705,0.0,0.0
2023-05-16 13:30:00-04:00,1.4800000190734863,1.4950000047683716,1.4800000190734863,1.4937000274658203,16338,0.0,0.0
2023-05-16 14:30:00-04:00,1.499899983406067,1.499899983406067,1.4900000095367432,1.4900000095367432,2371,0.0,0.0
2023-05-16 15:30:00-04:00,1.4900000095367432,1.5049999952316284,1.4800000190734863,1.4800000190734863,16816,0.0,0.0
2023-05-17 09:30:00-04:00,1.5199999809265137,1.5199999809265137,1.4950000047683716,1.5099999904632568,10516,0.0,0.0
2023-05-17 10:30:00-04:00,1.5010000467300415,1.5010000467300415,1.4900000095367432,1.4900000095367432,16908,0.0,0.0
2023-05-17 11:30:00-04:00,1.4900000095367432,1.5099999904632568,1.4900000095367432,1.5099999904632568,18647,0.0,0.0
2023-05-17 12:30:00-04:00,1.5099999904632568,1.5800000429153442,1.5049999952316284,1.5750000476837158,60157,0.0,0.0
2023-05-17 13:30:00-04:00,1.5800000429153442,1.590000033378601,1.5199999809265137,1.5199999809265137,34617,0.0,0.0
2023-05-17 14:30:00-04:00,1.5199999809265137,1.559999942779541,1.5199999809265137,1.559999942779541,76702,0.0,0.0
2023-05-17 15:30:00-04:00,1.5549999475479126,1.600000023841858,1.5549999475479126,1.600000023841858,148142,0.0,0.0
2023-05-18 09:30:00-04:00,1.5800000429153442,1.5800000429153442,1.5299999713897705,1.5499999523162842,18855,0.0,0.0
2023-05-18 10:30:00-04:00,1.5700000524520874,1.600000023841858,1.5699000358581543,1.5800000429153442,91218,0.0,0.0
2023-05-18 11:30:00-04:00,1.5801000595092773,1.6200000047683716,1.5750000476837158,1.5850000381469727,31261,0.0,0.0
2023-05-18 12:30:00-04:00,1.590000033378601,1.590000033378601,1.5815000534057617,1.590000033378601,7082,0.0,0.0
2023-05-18 13:30:00-04:00,1.590000033378601,1.590000033378601,1.559999942779541,1.5800000429153442,40738,0.0,0.0
2023-05-18 14:30:00-04:00,1.590000033378601,1.600000023841858,1.5800000429153442,1.5950000286102295,23545,0.0,0.0
2023-05-18 15:30:00-04:00,1.600000023841858,1.6399999856948853,1.600000023841858,1.6299999952316284,68745,0.0,0.0
2023-05-19 09:30:00-04:00,1.6299999952316284,1.659999966621399,1.6200000047683716,1.6299999952316284,27673,0.0,0.0
2023-05-19 10:30:00-04:00,1.6349999904632568,1.6349999904632568,1.6200000047683716,1.6349999904632568,8485,0.0,0.0
2023-05-19 11:30:00-04:00,1.6299999952316284,1.6299999952316284,1.5950000286102295,1.600000023841858,4981,0.0,0.0
2023-05-19 12:30:00-04:00,1.600000023841858,1.607699990272522,1.590000033378601,1.5950000286102295,17338,0.0,0.0
2023-05-19 13:30:00-04:00,1.5950000286102295,1.5950000286102295,1.5800000429153442,1.5800000429153442,3622,0.0,0.0
2023-05-19 14:30:00-04:00,1.5877000093460083,1.6200000047683716,1.5700000524520874,1.600000023841858,21970,0.0,0.0
2023-05-19 15:30:00-04:00,1.600000023841858,1.6100000143051147,1.600000023841858,1.6100000143051147,9637,0.0,0.0
2023-05-22 09:30:00-04:00,1.590000033378601,1.6100000143051147,1.5399999618530273,1.5700000524520874,81981,0.0,0.0
2023-05-22 10:30:00-04:00,1.590000033378601,1.6200000047683716,1.559999942779541,1.6200000047683716,40527,0.0,0.0
2023-05-22 11:30:00-04:00,1.6200000047683716,1.6399999856948853,1.6100000143051147,1.6299999952316284,25265,0.0,0.0
2023-05-22 12:30:00-04:00,1.6299999952316284,1.6399999856948853,1.6200000047683716,1.6349999904632568,14806,0.0,0.0
2023-05-22 13:30:00-04:00,1.6399999856948853,1.6549999713897705,1.6399999856948853,1.6449999809265137,19567,0.0,0.0
2023-05-22 14:30:00-04:00,1.642699956893921,1.642699956893921,1.6299999952316284,1.6299999952316284,2863,0.0,0.0
2023-05-22 15:30:00-04:00,1.6200000047683716,1.649999976158142,1.6200000047683716,1.6299999952316284,13571,0.0,0.0
2023-05-23 09:30:00-04:00,1.649999976158142,1.666200041770935,1.6200000047683716,1.6649999618530273,6625,0.0,0.0
2023-05-23 10:30:00-04:00,1.6699999570846558,1.6799999475479126,1.659999966621399,1.6749999523162842,18070,0.0,0.0
2023-05-23 11:30:00-04:00,1.6699999570846558,1.6700999736785889,1.6699999570846558,1.6699999570846558,1909,0.0,0.0
2023-05-23 12:30:00-04:00,1.6699999570846558,1.6799999475479126,1.659999966621399,1.659999966621399,24030,0.0,0.0
2023-05-23 13:30:00-04:00,1.659999966621399,1.659999966621399,1.6549999713897705,1.6556999683380127,51110,0.0,0.0
2023-05-23 14:30:00-04:00,1.649999976158142,1.6649999618530273,1.6385999917984009,1.6549999713897705,33406,0.0,0.0
2023-05-23 15:30:00-04:00,1.649999976158142,1.6649999618530273,1.6399999856948853,1.6399999856948853,72604,0.0,0.0
2023-05-24 09:30:00-04:00,1.6699999570846558,1.6771999597549438,1.600000023841858,1.600000023841858,75778,0.0,0.0
2023-05-24 10:30:00-04:00,1.600000023841858,1.6201000213623047,1.590000033378601,1.6100000143051147,145317,0.0,0.0
2023-05-24 11:30:00-04:00,1.6129000186920166,1.6200000047683716,1.6100000143051147,1.6100000143051147,3269,0.0,0.0
2023-05-24 12:30:00-04:00,1.6100000143051147,1.63100004196167,1.600000023841858,1.6200000047683716,12614,0.0,0.0
2023-05-24 13:30:00-04:00,1.6299999952316284,1.63100004196167,1.6150000095367432,1.6150000095367432,2223,0.0,0.0
2023-05-24 14:30:00-04:00,1.6100000143051147,1.6197999715805054,1.6100000143051147,1.6197999715805054,1291,0.0,0.0
2023-05-24 15:30:00-04:00,1.6200000047683716,1.659999966621399,1.6200000047683716,1.659999966621399,57004,0.0,0.0
2023-05-25 09:30:00-04:00,1.6399999856948853,1.649999976158142,1.600000023841858,1.6150000095367432,12936,0.0,0.0
2023-05-25 10:30:00-04:00,1.6150000095367432,1.6299999952316284,1.6050000190734863,1.6050000190734863,9806,0.0,0.0
2023-05-25 11:30:00-04:00,1.6050000190734863,1.6100000143051147,1.600000023841858,1.6100000143051147,9018,0.0,0.0
2023-05-25 12:30:00-04:00,1.6023000478744507,1.6150000095367432,1.600000023841858,1.6100000143051147,5116,0.0,0.0
2023-05-25 13:30:00-04:00,1.6100000143051147,1.6100000143051147,1.590000033378601,1.590000033378601,144644,0.0,0.0
2023-05-25 14:30:00-04:00,1.590000033378601,1.590000033378601,1.5700000524520874,1.570099949836731,24770,0.0,0.0
2023-05-25 15:30:00-04:00,1.5750000476837158,1.5800000429153442,1.5499999523162842,1.5700000524520874,22594,0.0,0.0
2023-05-26 09:30:00-04:00,1.6100000143051147,1.6100000143051147,1.5499999523162842,1.5800000429153442,15528,0.0,0.0
2023-05-26 10:30:00-04:00,1.590000033378601,1.600000023841858,1.5549999475479126,1.559999942779541,10374,0.0,0.0
2023-05-26 11:30:00-04:00,1.5499999523162842,1.5499999523162842,1.5216000080108643,1.5399999618530273,36239,0.0,0.0
2023-05-26 12:30:00-04:00,1.5509999990463257,1.559999942779541,1.5499999523162842,1.5505000352859497,3935,0.0,0.0
2023-05-26 13:30:00-04:00,1.5399999618530273,1.5499999523162842,1.5392999649047852,1.5499999523162842,10186,0.0,0.0
2023-05-26 14:30:00-04:00,1.5499999523162842,1.5549999475479126,1.5299999713897705,1.5299999713897705,10187,0.0,0.0
2023-05-26 15:30:00-04:00,1.534999966621399,1.5499999523162842,1.534999966621399,1.5399999618530273,11277,0.0,0.0
2023-05-30 09:30:00-04:00,1.534999966621399,1.5599000453948975,1.4850000143051147,1.4873000383377075,96719,0.0,0.0
2023-05-30 10:30:00-04:00,1.4880000352859497,1.5099999904632568,1.4700000286102295,1.4950000047683716,62414,0.0,0.0
2023-05-30 11:30:00-04:00,1.5049999952316284,1.5099999904632568,1.4901000261306763,1.5,27992,0.0,0.0
2023-05-30 12:30:00-04:00,1.4950000047683716,1.5098999738693237,1.4700000286102295,1.4773000478744507,98071,0.0,0.0
2023-05-30 13:30:00-04:00,1.479200005531311,1.4900000095367432,1.4707000255584717,1.4850000143051147,23169,0.0,0.0
2023-05-30 14:30:00-04:00,1.4850000143051147,1.4912999868392944,1.4800000190734863,1.4850000143051147,10989,0.0,0.0
2023-05-30 15:30:00-04:00,1.4850000143051147,1.4900000095367432,1.475000023841858,1.4900000095367432,0,0.0,0.0
2023-05-31 09:30:00-04:00,1.4800000190734863,1.4819999933242798,1.440000057220459,1.4500000476837158,19222,0.0,0.0
2023-05-31 10:30:00-04:00,1.4450000524520874,1.4699000120162964,1.440000057220459,1.4500000476837158,21243,0.0,0.0
2023-05-31 11:30:00-04:00,1.4500000476837158,1.4700000286102295,1.4500000476837158,1.4700000286102295,8902,0.0,0.0
2023-05-31 12:30:00-04:00,1.4700000286102295,1.4800000190734863,1.4700000286102295,1.4800000190734863,11907,0.0,0.0
2023-05-31 13:30:00-04:00,1.4800000190734863,1.4900000095367432,1.4700000286102295,1.4850000143051147,12914,0.0,0.0
2023-05-31 14:30:00-04:00,1.4850000143051147,1.4900000095367432,1.4700000286102295,1.4800000190734863,21917,0.0,0.0
2023-05-31 15:30:00-04:00,1.4799000024795532,1.5,1.4700000286102295,1.5,20924,0.0,0.0
2023-06-01 09:30:00-04:00,1.4900000095367432,1.5199999809265137,1.4900000095367432,1.5,10930,0.0,0.0
2023-06-01 10:30:00-04:00,1.5099999904632568,1.5399999618530273,1.5099999904632568,1.5299999713897705,13712,0.0,0.0
2023-06-01 11:30:00-04:00,1.5299999713897705,1.5449999570846558,1.5199999809265137,1.5449999570846558,13316,0.0,0.0
2023-06-01 12:30:00-04:00,1.5449999570846558,1.5499999523162842,1.5199999809265137,1.524999976158142,13573,0.0,0.0
2023-06-01 13:30:00-04:00,1.5299999713897705,1.5299999713897705,1.5149999856948853,1.5200999975204468,8752,0.0,0.0
2023-06-01 14:30:00-04:00,1.5299999713897705,1.5299999713897705,1.5099999904632568,1.5149999856948853,11933,0.0,0.0
2023-06-01 15:30:00-04:00,1.5099999904632568,1.5499999523162842,1.4950000047683716,1.5499999523162842,69880,0.0,0.0
2023-06-02 09:30:00-04:00,1.5499999523162842,1.590000033378601,1.5499999523162842,1.5700000524520874,21395,0.0,0.0
2023-06-02 10:30:00-04:00,1.5700000524520874,1.590000033378601,1.5700000524520874,1.5800000429153442,15297,0.0,0.0
2023-06-02 11:30:00-04:00,1.5850000381469727,1.6100000143051147,1.5700000524520874,1.600000023841858,26723,0.0,0.0
2023-06-02 12:30:00-04:00,1.6002000570297241,1.6100000143051147,1.590000033378601,1.6100000143051147,19450,0.0,0.0
2023-06-02 13:30:00-04:00,1.600000023841858,1.600000023841858,1.5850000381469727,1.5850000381469727,16247,0.0,0.0
2023-06-02 14:30:00-04:00,1.5850000381469727,1.6100000143051147,1.5850000381469727,1.5950000286102295,61315,0.0,0.0
2023-06-02 15:30:00-04:00,1.600000023841858,1.600000023841858,1.565000057220459,1.5800000429153442,35919,0.0,0.0
2023-06-05 09:30:00-04:00,1.5859999656677246,1.6100000143051147,1.5394999980926514,1.5399999618530273,30731,0.0,0.0
2023-06-05 10:30:00-04:00,1.5449999570846558,1.5535000562667847,1.5199999809265137,1.5449999570846558,38192,0.0,0.0
2023-06-05 11:30:00-04:00,1.5410000085830688,1.5499999523162842,1.534999966621399,1.5399999618530273,12463,0.0,0.0
2023-06-05 12:30:00-04:00,1.5399999618530273,1.5449999570846558,1.5299999713897705,1.534999966621399,5438,0.0,0.0
2023-06-05 13:30:00-04:00,1.5399999618530273,1.5399999618530273,1.5299999713897705,1.5399999618530273,3474,0.0,0.0
2023-06-05 14:30:00-04:00,1.5399999618530273,1.5399999618530273,1.5299999713897705,1.5299999713897705,2635,0.0,0.0
2023-06-05 15:30:00-04:00,1.5390000343322754,1.5499999523162842,1.5299999713897705,1.5499999523162842,11379,0.0,0.0
2023-06-06 09:30:00-04:00,1.5099999904632568,1.559999942779541,1.5099999904632568,1.559999942779541,3520,0.0,0.0
2023-06-06 10:30:00-04:00,1.5699000358581543,1.5800000429153442,1.5420000553131104,1.565000057220459,26384,0.0,0.0
2023-06-06 11:30:00-04:00,1.5499999523162842,1.5499999523162842,1.5299999713897705,1.530500054359436,2869,0.0,0.0
2023-06-06 12:30:00-04:00,1.5388000011444092,1.5499999523162842,1.5099999904632568,1.5408999919891357,16287,0.0,0.0
2023-06-06 13:30:00-04:00,1.5499999523162842,1.5499999523162842,1.5399999618530273,1.5499000549316406,5306,0.0,0.0
2023-06-06 14:30:00-04:00,1.5499000549316406,1.5700000524520874,1.5449999570846558,1.565000057220459,15375,0.0,0.0
2023-06-06 15:30:00-04:00,1.559999942779541,1.5700000524520874,1.559999942779541,1.5700000524520874,0,0.0,0.0
2023-06-07 09:30:00-04:00,1.5199999809265137,1.590000033378601,1.5199999809265137,1.590000033378601,46212,0.0,0.0
2023-06-07 10:30:00-04:00,1.590000033378601,1.590000033378601,1.5800000429153442,1.590000033378601,18792,0.0,0.0
2023-06-07 11:30:00-04:00,1.5814000368118286,1.590000033378601,1.5712000131607056,1.5800000429153442,4774,0.0,0.0
2023-06-07 12:30:00-04:00,1.5700000524520874,1.5700000524520874,1.559999942779541,1.565000057220459,14464,0.0,0.0
2023-06-07 13:30:00-04:00,1.559999942779541,1.5700000524520874,1.559999942779541,1.5700000524520874,7580,0.0,0.0
2023-06-07 14:30:00-04:00,1.5700000524520874,1.5700000524520874,1.5607999563217163,1.5687999725341797,12649,0.0,0.0
2023-06-07 15:30:00-04:00,1.5700000524520874,1.5700000524520874,1.559999942779541,1.5700000524520874,4837,0.0,0.0
2023-06-08 09:30:00-04:00,1.590000033378601,1.590000033378601,1.559999942779541,1.5894999504089355,18556,0.0,0.0
2023-06-08 10:30:00-04:00,1.590000033378601,1.5994999408721924,1.5800000429153442,1.590000033378601,6754,0.0,0.0
2023-06-08 11:30:00-04:00,1.590000033378601,1.590000033378601,1.5499999523162842,1.5700000524520874,12210,0.0,0.0
2023-06-08 12:30:00-04:00,1.5707000494003296,1.5800000429153442,1.5700000524520874,1.5700000524520874,3424,0.0,0.0
2023-06-08 13:30:00-04:00,1.570099949836731,1.5800000429153442,1.5499999523162842,1.5499999523162842,8740,0.0,0.0
2023-06-08 14:30:00-04:00,1.5700000524520874,1.5800000429153442,1.5700000524520874,1.5800000429153442,5486,0.0,0.0
2023-06-08 15:30:00-04:00,1.5750000476837158,1.590000033378601,1.5750000476837158,1.5850000381469727,18586,0.0,0.0
2023-06-09 09:30:00-04:00,1.6100000143051147,1.6100000143051147,1.5499999523162842,1.5800000429153442,14808,0.0,0.0
2023-06-09 10:30:00-04:00,1.5800000429153442,1.600000023841858,1.5699000358581543,1.5699000358581543,34843,0.0,0.0
2023-06-09 11:30:00-04:00,1.565000057220459,1.590000033378601,1.559999942779541,1.5750000476837158,47444,0.0,0.0
2023-06-09 12:30:00-04:00,1.5750000476837158,1.5800000429153442,1.5700000524520874,1.5800000429153442,9773,0.0,0.0
2023-06-09 13:30:00-04:00,1.5700000524520874,1.600000023841858,1.559999942779541,1.559999942779541,54193,0.0,0.0
2023-06-09 14:30:00-04:00,1.5600999593734741,1.5699000358581543,1.5500999689102173,1.559999942779541,15365,0.0,0.0
2023-06-09 15:30:00-04:00,1.5499999523162842,1.565000057220459,1.5398999452590942,1.5499999523162842,35933,0.0,0.0
2023-06-12 09:30:00-04:00,1.5099999904632568,1.5441999435424805,1.5,1.5199999809265137,57891,0.0,0.0
2023-06-12 10:30:00-04:00,1.5199999809265137,1.5499999523162842,1.5099999904632568,1.5499999523162842,17394,0.0,0.0
2023-06-12 11:30:00-04:00,1.5399999618530273,1.5501999855041504,1.5399999618530273,1.5501999855041504,6473,0.0,0.0
2023-06-12 12:30:00-04:00,1.5549999475479126,1.559999942779541,1.5399999618530273,1.5499999523162842,30488,0.0,0.0
2023-06-12 13:30:00-04:00,1.5499999523162842,1.559999942779541,1.5449999570846558,1.5549999475479126,10504,0.0,0.0
2023-06-12 14:30:00-04:00,1.559999942779541,1.559999942779541,1.5399999618530273,1.559999942779541,25119,0.0,0.0
2023-06-12 15:30:00-04:00,1.559999942779541,1.559999942779541,1.5499999523162842,1.559999942779541,21743,0.0,0.0
2023-06-13 09:30:00-04:00,1.590000033378601,1.6100000143051147,1.5700000524520874,1.5700000524520874,37300,0.0,0.0
2023-06-13 10:30:00-04:00,1.5700000524520874,1.5800000429153442,1.559999942779541,1.5700000524520874,13004,0.0,0.0
2023-06-13 11:30:00-04:00,1.5750000476837158,1.5893000364303589,1.5700000524520874,1.5850000381469727,12047,0.0,0.0
2023-06-13 12:30:00-04:00,1.5806000232696533,1.6050000190734863,1.5800000429153442,1.5850000381469727,81804,0.0,0.0
2023-06-13 13:30:00-04:00,1.5850000381469727,1.6100000143051147,1.5800000429153442,1.600000023841858,46759,0.0,0.0
2023-06-13 14:30:00-04:00,1.600000023841858,1.6098999977111816,1.600000023841858,1.604200005531311,13183,0.0,0.0
2023-06-13 15:30:00-04:00,1.6050000190734863,1.6100000143051147,1.590000033378601,1.590000033378601,5682,0.0,0.0
2023-06-14 09:30:00-04:00,1.6100000143051147,1.6299999952316284,1.607100009918213,1.6299999952316284,43130,0.0,0.0
2023-06-14 10:30:00-04:00,1.6200000047683716,1.6399999856948853,1.6100000143051147,1.6200000047683716,62324,0.0,0.0
2023-06-14 11:30:00-04:00,1.6100000143051147,1.618299961090088,1.600000023841858,1.600000023841858,18753,0.0,0.0
2023-06-14 12:30:00-04:00,1.600000023841858,1.600000023841858,1.5800000429153442,1.590000033378601,19169,0.0,0.0
2023-06-14 13:30:00-04:00,1.5800000429153442,1.590000033378601,1.5399999618530273,1.559999942779541,37901,0.0,0.0
2023-06-14 14:30:00-04:00,1.559999942779541,1.590000033378601,1.559999942779541,1.5800000429153442,7929,0.0,0.0
2023-06-14 15:30:00-04:00,1.5750000476837158,1.590000033378601,1.559999942779541,1.5700000524520874,26695,0.0,0.0
2023-06-15 09:30:00-04:00,1.5800000429153442,1.6198999881744385,1.5800000429153442,1.590000033378601,32480,0.0,0.0
2023-06-15 10:30:00-04:00,1.5800000429153442,1.625,1.5800000429153442,1.625,24927,0.0,0.0
2023-06-15 11:30:00-04:00,1.6200000047683716,1.6375999450683594,1.6200000047683716,1.6349999904632568,22099,0.0,0.0
2023-06-15 12:30:00-04:00,1.6349999904632568,1.659999966621399,1.6349999904632568,1.6399999856948853,33741,0.0,0.0
2023-06-15 13:30:00-04:00,1.6399999856948853,1.659999966621399,1.6399999856948853,1.659999966621399,9532,0.0,0.0
2023-06-15 14:30:00-04:00,1.659999966621399,1.684999942779541,1.6549999713897705,1.6783000230789185,15093,0.0,0.0
2023-06-15 15:30:00-04:00,1.6649999618530273,1.6699999570846558,1.642699956893921,1.6699999570846558,7075,0.0,0.0
2023-06-16 09:30:00-04:00,1.6799999475479126,1.6799999475479126,1.6299999952316284,1.6299999952316284,12518,0.0,0.0
2023-06-16 10:30:00-04:00,1.6399999856948853,1.649999976158142,1.6349999904632568,1.6399999856948853,4915,0.0,0.0
2023-06-16 11:30:00-04:00,1.649999976158142,1.649999976158142,1.6349999904632568,1.6349999904632568,6798,0.0,0.0
2023-06-16 12:30:00-04:00,1.631500005722046,1.659999966621399,1.631500005722046,1.6449999809265137,10792,0.0,0.0
2023-06-16 13:30:00-04:00,1.649999976158142,1.7000000476837158,1.649999976158142,1.6749999523162842,58174,0.0,0.0
2023-06-16 14:30:00-04:00,1.6700999736785889,1.7050000429153442,1.649999976158142,1.649999976158142,62968,0.0,0.0
2023-06-16 15:30:00-04:00,1.6549999713897705,1.690000057220459,1.649999976158142,1.690000057220459,11919,0.0,0.0
2023-06-20 09:30:00-04:00,1.6299999952316284,1.6799999475479126,1.6299999952316284,1.6399999856948853,40687,0.0,0.0
2023-06-20 10:30:00-04:00,1.6399999856948853,1.649999976158142,1.625,1.6299999952316284,15837,0.0,0.0
2023-06-20 11:30:00-04:00,1.6349999904632568,1.6349999904632568,1.6200000047683716,1.6299999952316284,8796,0.0,0.0
2023-06-20 12:30:00-04:00,1.625,1.6399999856948853,1.625,1.6299999952316284,22796,0.0,0.0
2023-06-20 13:30:00-04:00,1.6299999952316284,1.6399999856948853,1.6299999952316284,1.6349999904632568,1608,0.0,0.0
2023-06-20 14:30:00-04:00,1.6349999904632568,1.659999966621399,1.6299999952316284,1.649999976158142,37157,0.0,0.0
2023-06-20 15:30:00-04:00,1.649999976158142,1.6699999570846558,1.649999976158142,1.6699999570846558,10442,0.0,0.0
2023-06-21 09:30:00-04:00,1.6399999856948853,1.6699999570846558,1.6200000047683716,1.6699999570846558,13833,0.0,0.0
2023-06-21 10:30:00-04:00,1.6699999570846558,1.6749999523162842,1.659999966621399,1.6699999570846558,6597,0.0,0.0
2023-06-21 11:30:00-04:00,1.6699999570846558,1.6749999523162842,1.660099983215332,1.6699999570846558,10132,0.0,0.0
2023-06-21 12:30:00-04:00,1.6699999570846558,1.690000057220459,1.6699999570846558,1.684999942779541,16524,0.0,0.0
2023-06-21 13:30:00-04:00,1.690000057220459,1.690000057220459,1.6799999475479126,1.684999942779541,1940,0.0,0.0
2023-06-21 14:30:00-04:00,1.684999942779541,1.684999942779541,1.6799999475479126,1.684999942779541,1449,0.0,0.0
2023-06-21 15:30:00-04:00,1.684999942779541,1.690000057220459,1.6749999523162842,1.6749999523162842,6605,0.0,0.0
2023-06-22 09:30:00-04:00,1.659999966621399,1.6699999570846558,1.6200000047683716,1.6399999856948853,24319,0.0,0.0
2023-06-22 10:30:00-04:00,1.649999976158142,1.659999966621399,1.6399999856948853,1.659999966621399,15322,0.0,0.0
2023-06-22 11:30:00-04:00,1.649999976158142,1.6649999618530273,1.6200000047683716,1.6299999952316284,60386,0.0,0.0
2023-06-22 12:30:00-04:00,1.6349999904632568,1.6449999809265137,1.6319999694824219,1.6449999809265137,10270,0.0,0.0
2023-06-22 13:30:00-04:00,1.649999976158142,1.649999976158142,1.6419999599456787,1.6449999809265137,1944,0.0,0.0
2023-06-22 14:30:00-04:00,1.6461999416351318,1.6461999416351318,1.6399999856948853,1.6399999856948853,1855,0.0,0.0
2023-06-22 15:30:00-04:00,1.6449999809265137,1.6449999809265137,1.6399999856948853,1.6399999856948853,0,0.0,0.0
2023-06-23 09:30:00-04:00,1.6200000047683716,1.625,1.590000033378601,1.6174999475479126,18759,0.0,0.0
2023-06-23 10:30:00-04:00,1.625,1.6295000314712524,1.600000023841858,1.6100000143051147,2974,0.0,0.0
2023-06-23 11:30:00-04:00,1.6100000143051147,1.6100000143051147,1.600000023841858,1.600000023841858,1206,0.0,0.0
2023-06-23 12:30:00-04:00,1.6050000190734863,1.6200000047683716,1.6050000190734863,1.6100000143051147,6860,0.0,0.0
2023-06-23 13:30:00-04:00,1.6150000095367432,1.6200000047683716,1.590000033378601,1.6050000190734863,56945,0.0,0.0
2023-06-23 14:30:00-04:00,1.600000023841858,1.6100000143051147,1.5800000429153442,1.6050000190734863,10860,0.0,0.0
2023-06-23 15:30:00-04:00,1.6050000190734863,1.6200000047683716,1.600000023841858,1.600000023841858,5741,0.0,0.0
2023-06-26 09:30:00-04:00,1.6200000047683716,1.659999966621399,1.600000023841858,1.6299999952316284,10863,0.0,0.0
2023-06-26 10:30:00-04:00,1.6200000047683716,1.6200000047683716,1.6116000413894653,1.6116000413894653,2702,0.0,0.0
2023-06-26 11:30:00-04:00,1.6200000047683716,1.638800024986267,1.6200000047683716,1.6208000183105469,2725,0.0,0.0
2023-06-26 12:30:00-04:00,1.6200000047683716,1.6399999856948853,1.6150000095367432,1.6399999856948853,4099,0.0,0.0
2023-06-26 13:30:00-04:00,1.6299999952316284,1.6349999904632568,1.6299999952316284,1.6349999904632568,3825,0.0,0.0
2023-06-26 14:30:00-04:00,1.6349999904632568,1.6349999904632568,1.6299999952316284,1.6299999952316284,1489,0.0,0.0
2023-06-26 15:30:00-04:00,1.6389000415802002,1.6389000415802002,1.6100000143051147,1.6100000143051147,4476,0.0,0.0
2023-06-27 09:30:00-04:00,1.6299999952316284,1.6299999952316284,1.590999960899353,1.6234999895095825,15423,0.0,0.0
2023-06-27 10:30:00-04:00,1.6299999952316284,1.6349999904632568,1.6299999952316284,1.6349999904632568,2767,0.0,0.0
2023-06-27 11:30:00-04:00,1.6100000143051147,1.6200000047683716,1.6100000143051147,1.6200000047683716,2229,0.0,0.0
2023-06-27 12:30:00-04:00,1.6200000047683716,1.6200000047683716,1.6200000047683716,1.6200000047683716,11225,0.0,0.0
2023-06-27 13:30:00-04:00,1.6200000047683716,1.6299999952316284,1.6200000047683716,1.6200000047683716,1807,0.0,0.0
2023-06-27 14:30:00-04:00,1.6198999881744385,1.6200000047683716,1.6100000143051147,1.6150000095367432,2601,0.0,0.0
2023-06-27 15:30:00-04:00,1.6150000095367432,1.6399999856948853,1.6150000095367432,1.6399999856948853,0,0.0,0.0
2023-06-28 09:30:00-04:00,1.6299999952316284,1.6299999952316284,1.5994000434875488,1.6100000143051147,23771,0.0,0.0
2023-06-28 10:30:00-04:00,1.6200000047683716,1.6200000047683716,1.6200000047683716,1.6200000047683716,667,0.0,0.0
2023-06-28 11:30:00-04:00,1.6299999952316284,1.6299999952316284,1.6200000047683716,1.6200000047683716,1226,0.0,0.0
2023-06-28 13:30:00-04:00,1.625,1.6299999952316284,1.6100000143051147,1.628600001335144,11480,0.0,0.0
2023-06-28 14:30:00-04:00,1.6212999820709229,1.628000020980835,1.6100000143051147,1.6200000047683716,9005,0.0,0.0
2023-06-28 15:30:00-04:00,1.6200000047683716,1.6299999952316284,1.6150000095367432,1.6200000047683716,27411,0.0,0.0
2023-06-29 09:30:00-04:00,1.6100000143051147,1.649999976158142,1.600000023841858,1.6399999856948853,33100,0.0,0.0
2023-06-29 10:30:00-04:00,1.6449999809265137,1.6449999809265137,1.6299999952316284,1.6299999952316284,894,0.0,0.0
2023-06-29 11:30:00-04:00,1.6270999908447266,1.6299999952316284,1.6100000143051147,1.6100000143051147,21715,0.0,0.0
2023-06-29 12:30:00-04:00,1.6150000095367432,1.649899959564209,1.6100000143051147,1.649899959564209,135679,0.0,0.0
2023-06-29 13:30:00-04:00,1.649999976158142,1.6699999570846558,1.649999976158142,1.659999966621399,5463,0.0,0.0
2023-06-29 14:30:00-04:00,1.6549999713897705,1.6549999713897705,1.6399999856948853,1.649999976158142,14664,0.0,0.0
2023-06-29 15:30:00-04:00,1.6449999809265137,1.659999966621399,1.6399999856948853,1.659999966621399,22514,0.0,0.0
2023-06-30 09:30:00-04:00,1.6399999856948853,1.659999966621399,1.625,1.659999966621399,74226,0.0,0.0
2023-06-30 10:30:00-04:00,1.659999966621399,1.659999966621399,1.6299999952316284,1.6380000114440918,13934,0.0,0.0
2023-06-30 11:30:00-04:00,1.6399999856948853,1.6491999626159668,1.638800024986267,1.6399999856948853,23560,0.0,0.0
2023-06-30 12:30:00-04:00,1.6399999856948853,1.6399999856948853,1.6312999725341797,1.6312999725341797,6307,0.0,0.0
2023-06-30 13:30:00-04:00,1.6399999856948853,1.6445000171661377,1.6200000047683716,1.6200000047683716,22355,0.0,0.0
2023-06-30 14:30:00-04:00,1.625,1.6399999856948853,1.6200000047683716,1.6349999904632568,10593,0.0,0.0
2023-06-30 15:30:00-04:00,1.6301000118255615,1.6399999856948853,1.6200000047683716,1.6299999952316284,47851,0.0,0.0
2023-07-03 09:30:00-04:00,1.649999976158142,1.659999966621399,1.6299999952316284,1.6331000328063965,93022,0.0,0.0
2023-07-03 10:30:00-04:00,1.639299988746643,1.659999966621399,1.6299999952316284,1.659999966621399,33969,0.0,0.0
2023-07-03 11:30:00-04:00,1.659999966621399,1.7000000476837158,1.659999966621399,1.7000000476837158,46860,0.0,0.0
2023-07-05 09:30:00-04:00,1.7100000381469727,1.7200000286102295,1.659999966621399,1.7000000476837158,22160,0.0,0.0
2023-07-05 10:30:00-04:00,1.7100000381469727,1.7100000381469727,1.690000057220459,1.690000057220459,10561,0.0,0.0
2023-07-05 11:30:00-04:00,1.6943000555038452,1.7000000476837158,1.6872999668121338,1.6950000524520874,7582,0.0,0.0
2023-07-05 12:30:00-04:00,1.7000000476837158,1.7000000476837158,1.690000057220459,1.7000000476837158,5030,0.0,0.0
2023-07-05 13:30:00-04:00,1.7000000476837158,1.7050000429153442,1.7000000476837158,1.7000000476837158,11184,0.0,0.0
2023-07-05 14:30:00-04:00,1.7000000476837158,1.7100000381469727,1.7000000476837158,1.7050000429153442,4929,0.0,0.0
2023-07-05 15:30:00-04:00,1.7050000429153442,1.7100000381469727,1.690000057220459,1.7000000476837158,18865,0.0,0.0
2023-07-06 09:30:00-04:00,1.690000057220459,1.690000057220459,1.6299999952316284,1.6299999952316284,7729,0.0,0.0
2023-07-06 10:30:00-04:00,1.642799973487854,1.6468000411987305,1.6100000143051147,1.6100000143051147,46974,0.0,0.0
2023-07-06 11:30:00-04:00,1.6150000095367432,1.6299999952316284,1.6150000095367432,1.6299999952316284,3838,0.0,0.0
2023-07-06 12:30:00-04:00,1.6299999952316284,1.649999976158142,1.6200000047683716,1.649999976158142,12842,0.0,0.0
2023-07-06 13:30:00-04:00,1.649999976158142,1.6649999618530273,1.649999976158142,1.659999966621399,7605,0.0,0.0
2023-07-06 14:30:00-04:00,1.6549999713897705,1.6799999475479126,1.649999976158142,1.649999976158142,19723,0.0,0.0
2023-07-06 15:30:00-04:00,1.649999976158142,1.6549999713897705,1.6299999952316284,1.6299999952316284,23570,0.0,0.0
2023-07-07 09:30:00-04:00,1.659999966621399,1.690000057220459,1.659999966621399,1.684999942779541,6724,0.0,0.0
2023-07-07 10:30:00-04:00,1.690000057220459,1.715000033378601,1.690000057220459,1.7100000381469727,38033,0.0,0.0
2023-07-07 11:30:00-04:00,1.7200000286102295,1.751099944114685,1.7000000476837158,1.751099944114685,68063,0.0,0.0
2023-07-07 12:30:00-04:00,1.75,1.75,1.7300000190734863,1.7400000095367432,25147,0.0,0.0
2023-07-07 13:30:00-04:00,1.7400000095367432,1.75,1.7307000160217285,1.7486000061035156,35667,0.0,0.0
2023-07-07 14:30:00-04:00,1.75,1.7699999809265137,1.7400000095367432,1.7599999904632568,48114,0.0,0.0
2023-07-07 15:30:00-04:00,1.7599999904632568,1.7599999904632568,1.7400000095367432,1.7400000095367432,18640,0.0,0.0
2023-07-10 09:30:00-04:00,1.75,1.7799999713897705,1.7100000381469727,1.7699999809265137,30545,0.0,0.0
2023-07-10 10:30:00-04:00,1.75,1.7699999809265137,1.75,1.7599999904632568,2193,0.0,0.0
2023-07-10 11:30:00-04:00,1.75,1.7649999856948853,1.75,1.751099944114685,5405,0.0,0.0
2023-07-10 12:30:00-04:00,1.750599980354309,1.7599999904632568,1.7350000143051147,1.7350000143051147,16143,0.0,0.0
2023-07-10 13:30:00-04:00,1.7400000095367432,1.7400000095367432,1.7300000190734863,1.7400000095367432,3084,0.0,0.0
2023-07-10 14:30:00-04:00,1.7400000095367432,1.7400000095367432,1.7000999450683594,1.7300000190734863,48526,0.0,0.0
2023-07-10 15:30:00-04:00,1.7300000190734863,1.7400000095367432,1.7100000381469727,1.7400000095367432,46885,0.0,0.0
2023-07-11 09:30:00-04:00,1.7300000190734863,1.7799999713897705,1.7000000476837158,1.7799999713897705,30074,0.0,0.0
2023-07-11 10:30:00-04:00,1.7764999866485596,1.7799999713897705,1.7610000371932983,1.7799999713897705,13502,0.0,0.0
2023-07-11 11:30:00-04:00,1.7799999713897705,1.784999966621399,1.7699999809265137,1.7799999713897705,8107,0.0,0.0
2023-07-11 12:30:00-04:00,1.7799999713897705,1.7799999713897705,1.7746000289916992,1.774999976158142,1876,0.0,0.0
2023-07-11 13:30:00-04:00,1.7699999809265137,1.7799999713897705,1.7699999809265137,1.774999976158142,3926,0.0,0.0
2023-07-11 14:30:00-04:00,1.776900053024292,1.7799999713897705,1.7699999809265137,1.7799999713897705,20320,0.0,0.0
2023-07-11 15:30:00-04:00,1.7799999713897705,1.8200000524520874,1.7799999713897705,1.8200000524520874,0,0.0,0.0
2023-07-12 09:30:00-04:00,1.7999999523162842,1.840000033378601,1.7699999809265137,1.8200000524520874,31865,0.0,0.0
2023-07-12 10:30:00-04:00,1.8250000476837158,1.8300000429153442,1.8200000524520874,1.8250000476837158,6442,0.0,0.0
2023-07-12 11:30:00-04:00,1.8200000524520874,1.840000033378601,1.809999942779541,1.8300000429153442,37283,0.0,0.0
2023-07-12 12:30:00-04:00,1.8300000429153442,1.8300000429153442,1.8200000524520874,1.8300000429153442,3905,0.0,0.0
2023-07-12 13:30:00-04:00,1.8300000429153442,1.8300000429153442,1.8200000524520874,1.8200000524520874,4591,0.0,0.0
2023-07-12 14:30:00-04:00,1.8170000314712524,1.8350000381469727,1.8170000314712524,1.8200000524520874,20753,0.0,0.0
2023-07-12 15:30:00-04:00,1.8200000524520874,1.840000033378601,1.8200000524520874,1.840000033378601,13417,0.0,0.0
2023-07-13 09:30:00-04:00,1.8300000429153442,1.8600000143051147,1.8200000524520874,1.840000033378601,29013,0.0,0.0
2023-07-13 10:30:00-04:00,1.840399980545044,1.8598999977111816,1.840399980545044,1.8494000434875488,12370,0.0,0.0
2023-07-13 11:30:00-04:00,1.8526999950408936,1.8526999950408936,1.8504999876022339,1.8504999876022339,833,0.0,0.0
2023-07-13 12:30:00-04:00,1.8401000499725342,1.8401000499725342,1.8220000267028809,1.8300000429153442,13624,0.0,0.0
2023-07-13 13:30:00-04:00,1.8300000429153442,1.8350000381469727,1.8200000524520874,1.8200000524520874,7331,0.0,0.0
2023-07-13 14:30:00-04:00,1.8200000524520874,1.8300000429153442,1.809999942779541,1.8137999773025513,10754,0.0,0.0
2023-07-13 15:30:00-04:00,1.809999942779541,1.8200000524520874,1.7899999618530273,1.8200000524520874,9663,0.0,0.0
2023-07-14 09:30:00-04:00,1.815000057220459,1.815000057220459,1.7795000076293945,1.7799999713897705,24528,0.0,0.0
2023-07-14 10:30:00-04:00,1.7699999809265137,1.7984999418258667,1.76010000705719,1.795300006866455,15985,0.0,0.0
2023-07-14 11:30:00-04:00,1.7937999963760376,1.7937999963760376,1.7894999980926514,1.7894999980926514,1614,0.0,0.0
2023-07-14 12:30:00-04:00,1.7899999618530273,1.7899999618530273,1.7800999879837036,1.7803000211715698,2956,0.0,0.0
2023-07-14 13:30:00-04:00,1.7799999713897705,1.7999999523162842,1.7799999713897705,1.7999999523162842,4947,0.0,0.0
2023-07-14 14:30:00-04:00,1.7999999523162842,1.809999942779541,1.7999999523162842,1.8049999475479126,3900,0.0,0.0
2023-07-14 15:30:00-04:00,1.7999999523162842,1.7999999523162842,1.7799999713897705,1.7799999713897705,5836,0.0,0.0
2023-07-17 09:30:00-04:00,1.7799999713897705,1.8049999475479126,1.774999976158142,1.7999999523162842,8609,0.0,0.0
2023-07-17 10:30:00-04:00,1.7949999570846558,1.8005000352859497,1.7949999570846558,1.8005000352859497,397,0.0,0.0
2023-07-17 11:30:00-04:00,1.809999942779541,1.8300000429153442,1.809999942779541,1.8200000524520874,9214,0.0,0.0
2023-07-17 12:30:00-04:00,1.8250000476837158,1.840000033378601,1.8200000524520874,1.840000033378601,6023,0.0,0.0
2023-07-17 13:30:00-04:00,1.840000033378601,1.850000023841858,1.8309999704360962,1.840000033378601,11477,0.0,0.0
2023-07-17 14:30:00-04:00,1.840000033378601,1.8600000143051147,1.8300000429153442,1.850000023841858,38457,0.0,0.0
2023-07-17 15:30:00-04:00,1.840000033378601,1.850000023841858,1.8200000524520874,1.850000023841858,32415,0.0,0.0
2023-07-18 09:30:00-04:00,1.8300000429153442,1.8905999660491943,1.8300000429153442,1.8899999856948853,27756,0.0,0.0
2023-07-18 10:30:00-04:00,1.8899999856948853,1.8899999856948853,1.8700000047683716,1.8899999856948853,9267,0.0,0.0
2023-07-18 11:30:00-04:00,1.8899999856948853,1.8992999792099,1.875,1.8992999792099,17536,0.0,0.0
2023-07-18 12:30:00-04:00,1.899999976158142,1.9199999570846558,1.899999976158142,1.9016000032424927,18596,0.0,0.0
2023-07-18 13:30:00-04:00,1.9012999534606934,1.909999966621399,1.8901000022888184,1.899999976158142,19142,0.0,0.0
2023-07-18 14:30:00-04:00,1.8905999660491943,1.8949999809265137,1.8804999589920044,1.8849999904632568,8149,0.0,0.0
2023-07-18 15:30:00-04:00,1.8849999904632568,1.8849999904632568,1.8600000143051147,1.8600000143051147,10482,0.0,0.0
2023-07-19 09:30:00-04:00,1.8600000143051147,1.8899999856948853,1.8600000143051147,1.8799999952316284,12986,0.0,0.0
2023-07-19 10:30:00-04:00,1.8700000047683716,1.8700000047683716,1.840000033378601,1.8600000143051147,5342,0.0,0.0
2023-07-19 11:30:00-04:00,1.850000023841858,1.8600000143051147,1.840000033378601,1.8600000143051147,4956,0.0,0.0
2023-07-19 12:30:00-04:00,1.8700000047683716,1.8700000047683716,1.840000033378601,1.8700000047683716,26459,0.0,0.0
2023-07-19 13:30:00-04:00,1.8600000143051147,1.8600000143051147,1.8200000524520874,1.850000023841858,24754,0.0,0.0
2023-07-19 14:30:00-04:00,1.8406000137329102,1.850000023841858,1.8406000137329102,1.8450000286102295,6840,0.0,0.0
2023-07-19 15:30:00-04:00,1.840999960899353,1.850000023841858,1.8350000381469727,1.840000033378601,10422,0.0,0.0
2023-07-20 09:30:00-04:00,1.8700000047683716,1.8700000047683716,1.8300000429153442,1.840000033378601,7209,0.0,0.0
2023-07-20 10:30:00-04:00,1.8300000429153442,1.850000023841858,1.8200000524520874,1.840000033378601,6794,0.0,0.0
2023-07-20 11:30:00-04:00,1.8300000429153442,1.8300000429153442,1.809999942779541,1.8200000524520874,7360,0.0,0.0
2023-07-20 12:30:00-04:00,1.8200000524520874,1.8200000524520874,1.7972999811172485,1.7999999523162842,5524,0.0,0.0
2023-07-20 13:30:00-04:00,1.7999000549316406,1.8200000524520874,1.7999000549316406,1.8200000524520874,10746,0.0,0.0
2023-07-20 14:30:00-04:00,1.815000057220459,1.815000057220459,1.8011000156402588,1.8011000156402588,1193,0.0,0.0
2023-07-20 15:30:00-04:00,1.8049999475479126,1.819000005722046,1.8049999475479126,1.809999942779541,0,0.0,0.0
2023-07-21 09:30:00-04:00,1.8179999589920044,1.8179999589920044,1.7599999904632568,1.7899999618530273,20816,0.0,0.0
2023-07-21 10:30:00-04:00,1.7799999713897705,1.7799999713897705,1.7652000188827515,1.774999976158142,7409,0.0,0.0
2023-07-21 11:30:00-04:00,1.7698999643325806,1.7798999547958374,1.7698999643325806,1.7699999809265137,7606,0.0,0.0
2023-07-21 12:30:00-04:00,1.7649999856948853,1.7649999856948853,1.75,1.7599999904632568,10167,0.0,0.0
2023-07-21 13:30:00-04:00,1.7699999809265137,1.7699999809265137,1.7698999643325806,1.7698999643325806,760,0.0,0.0
2023-07-21 14:30:00-04:00,1.7700999975204468,1.7799999713897705,1.7700999975204468,1.7799999713897705,988,0.0,0.0
2023-07-21 15:30:00-04:00,1.7898999452590942,1.7898999452590942,1.7699999809265137,1.7799999713897705,11069,0.0,0.0
2023-07-24 09:30:00-04:00,1.7300000190734863,1.7799999713897705,1.7300000190734863,1.7699999809265137,214417,0.0,0.0
2023-07-24 10:30:00-04:00,1.7699999809265137,1.7799999713897705,1.7699999809265137,1.774999976158142,19761,0.0,0.0
2023-07-24 11:30:00-04:00,1.7790000438690186,1.7790000438690186,1.7300000190734863,1.7309999465942383,73251,0.0,0.0
2023-07-24 12:30:00-04:00,1.73989999294281,1.7450000047683716,1.7300000190734863,1.7400000095367432,75490,0.0,0.0
2023-07-24 13:30:00-04:00,1.7390999794006348,1.7450000047683716,1.6799999475479126,1.7299000024795532,211744,0.0,0.0
2023-07-24 14:30:00-04:00,1.7226999998092651,1.7300000190734863,1.7226999998092651,1.7299000024795532,24260,0.0,0.0
2023-07-24 15:30:00-04:00,1.73989999294281,1.75,1.7391999959945679,1.75,5071,0.0,0.0
2023-07-25 09:30:00-04:00,1.7400000095367432,1.7899999618530273,1.7400000095367432,1.7799999713897705,38875,0.0,0.0
2023-07-25 10:30:00-04:00,1.7785999774932861,1.7799999713897705,1.774999976158142,1.7799999713897705,20054,0.0,0.0
2023-07-25 11:30:00-04:00,1.774999976158142,1.850000023841858,1.7700999975204468,1.850000023841858,80429,0.0,0.0
2023-07-25 12:30:00-04:00,1.8450000286102295,1.8450000286102295,1.8108999729156494,1.8128000497817993,91281,0.0,0.0
2023-07-25 13:30:00-04:00,1.809999942779541,1.809999942779541,1.784999966621399,1.7899999618530273,15215,0.0,0.0
2023-07-25 14:30:00-04:00,1.7893999814987183,1.7899999618530273,1.7799999713897705,1.7899999618530273,11587,0.0,0.0
2023-07-25 15:30:00-04:00,1.7899999618530273,1.7899999618530273,1.7799999713897705,1.7799999713897705,12358,0.0,0.0
2023-07-26 09:30:00-04:00,1.7899999618530273,1.7899999618530273,1.7799999713897705,1.7899999618530273,4947,0.0,0.0
2023-07-26 10:30:00-04:00,1.7799999713897705,1.7899999618530273,1.7799999713897705,1.784999966621399,3345,0.0,0.0
2023-07-26 11:30:00-04:00,1.7799999713897705,1.7835999727249146,1.7599999904632568,1.7700999975204468,9923,0.0,0.0
2023-07-26 12:30:00-04:00,1.7649999856948853,1.7649999856948853,1.7649999856948853,1.7649999856948853,183,0.0,0.0
2023-07-26 13:30:00-04:00,1.7699999809265137,1.7699999809265137,1.7649999856948853,1.7699999809265137,6822,0.0,0.0
2023-07-26 14:30:00-04:00,1.7649999856948853,1.7799999713897705,1.7649999856948853,1.7799999713897705,8692,0.0,0.0
2023-07-26 15:30:00-04:00,1.7799999713897705,1.7899999618530273,1.7714999914169312,1.7899999618530273,8111,0.0,0.0
2023-07-27 09:30:00-04:00,1.7899999618530273,1.7999999523162842,1.7690000534057617,1.7799999713897705,15811,0.0,0.0
2023-07-27 10:30:00-04:00,1.7799999713897705,1.7949999570846558,1.7799999713897705,1.784999966621399,3661,0.0,0.0
2023-07-27 11:30:00-04:00,1.7799999713897705,1.7949999570846558,1.774999976158142,1.7899999618530273,10754,0.0,0.0
2023-07-27 12:30:00-04:00,1.7899999618530273,1.7949999570846558,1.784999966621399,1.7899999618530273,8195,0.0,0.0
2023-07-27 13:30:00-04:00,1.7879999876022339,1.7899999618530273,1.7699999809265137,1.7799999713897705,23399,0.0,0.0
2023-07-27 14:30:00-04:00,1.774999976158142,1.7799999713897705,1.7401000261306763,1.75,26889,0.0,0.0
2023-07-27 15:30:00-04:00,1.7592999935150146,1.7799999713897705,1.75,1.7799999713897705,13265,0.0,0.0
2023-07-28 09:30:00-04:00,1.7200000286102295,1.819599986076355,1.7200000286102295,1.809999942779541,17964,0.0,0.0
2023-07-28 10:30:00-04:00,1.809999942779541,1.815000057220459,1.8049999475479126,1.809999942779541,9356,0.0,0.0
2023-07-28 11:30:00-04:00,1.809999942779541,1.809999942779541,1.7800999879837036,1.7899999618530273,7196,0.0,0.0
2023-07-28 12:30:00-04:00,1.7899999618530273,1.8300000429153442,1.7899999618530273,1.8250000476837158,14228,0.0,0.0
2023-07-28 13:30:00-04:00,1.8200000524520874,1.8200000524520874,1.809999942779541,1.8200000524520874,936,0.0,0.0
2023-07-28 14:30:00-04:00,1.815000057220459,1.8200000524520874,1.8102999925613403,1.8200000524520874,3479,0.0,0.0
2023-07-28 15:30:00-04:00,1.809999942779541,1.8300000429153442,1.7899999618530273,1.7899999618530273,20439,0.0,0.0
2023-07-31 09:30:00-04:00,1.7999999523162842,1.840000033378601,1.7999999523162842,1.809999942779541,5728,0.0,0.0
2023-07-31 10:30:00-04:00,1.809999942779541,1.8200000524520874,1.8020999431610107,1.809999942779541,2923,0.0,0.0
2023-07-31 11:30:00-04:00,1.809999942779541,1.8186999559402466,1.809999942779541,1.8107000589370728,1512,0.0,0.0
2023-07-31 13:30:00-04:00,1.8200000524520874,1.850000023841858,1.819000005722046,1.8350000381469727,37411,0.0,0.0
2023-07-31 14:30:00-04:00,1.8408000469207764,1.8450000286102295,1.8408000469207764,1.8450000286102295,250,0.0,0.0
2023-07-31 15:30:00-04:00,1.8320000171661377,1.8450000286102295,1.8300000429153442,1.8350000381469727,13895,0.0,0.0
2023-08-01 09:30:00-04:00,1.809999942779541,1.8199000358581543,1.7649999856948853,1.7692999839782715,39580,0.0,0.0
2023-08-01 10:30:00-04:00,1.7649999856948853,1.7698999643325806,1.7549999952316284,1.7649999856948853,8616,0.0,0.0
2023-08-01 11:30:00-04:00,1.7699999809265137,1.7799999713897705,1.7450000047683716,1.7450000047683716,22675,0.0,0.0
2023-08-01 12:30:00-04:00,1.7490999698638916,1.7799999713897705,1.7490999698638916,1.774999976158142,22401,0.0,0.0
2023-08-01 13:30:00-04:00,1.7813999652862549,1.7899999618530273,1.7799999713897705,1.784999966621399,2889,0.0,0.0
2023-08-01 14:30:00-04:00,1.7799999713897705,1.7799999713897705,1.7699999809265137,1.7699999809265137,1947,0.0,0.0
2023-08-01 15:30:00-04:00,1.7798999547958374,1.784999966621399,1.770300030708313,1.7799999713897705,6173,0.0,0.0
2023-08-02 09:30:00-04:00,1.7799999713897705,1.7799999713897705,1.6885000467300415,1.7100000381469727,0,0.0,0.0
2023-08-02 10:30:00-04:00,1.7200000286102295,1.7400000095367432,1.6699999570846558,1.7100000381469727,40409,0.0,0.0
2023-08-02 11:30:00-04:00,1.7200000286102295,1.7300000190734863,1.7000000476837158,1.7300000190734863,15250,0.0,0.0
2023-08-02 12:30:00-04:00,1.725000023841858,1.75,1.7200000286102295,1.7400000095367432,45295,0.0,0.0
2023-08-02 13:30:00-04:00,1.7336000204086304,1.7400000095367432,1.7300000190734863,1.7350000143051147,3256,0.0,0.0
2023-08-02 14:30:00-04:00,1.7400000095367432,1.7400000095367432,1.7200000286102295,1.7200000286102295,9448,0.0,0.0
2023-08-02 15:30:00-04:00,1.725000023841858,1.7350000143051147,1.7200000286102295,1.7200000286102295,15488,0.0,0.0
2023-08-03 09:30:00-04:00,1.75,1.75,1.7100000381469727,1.7400000095367432,0,0.0,0.0
2023-08-03 10:30:00-04:00,1.763200044631958,1.7799999713897705,1.763200044631958,1.7699999809265137,2200,0.0,0.0
2023-08-03 11:30:00-04:00,1.7799999713897705,1.784999966621399,1.7699999809265137,1.7699999809265137,12340,0.0,0.0
2023-08-03 12:30:00-04:00,1.7799999713897705,1.7799999713897705,1.774999976158142,1.7798999547958374,3473,0.0,0.0
2023-08-03 13:30:00-04:00,1.7699999809265137,1.7700999975204468,1.7699999809265137,1.7699999809265137,2350,0.0,0.0
2023-08-03 14:30:00-04:00,1.7735999822616577,1.7735999822616577,1.7735999822616577,1.7735999822616577,234,0.0,0.0
2023-08-03 15:30:00-04:00,1.770300030708313,1.7799999713897705,1.7599999904632568,1.7799999713897705,4668,0.0,0.0
2023-08-04 09:30:00-04:00,1.7599999904632568,1.7905000448226929,1.7599999904632568,1.7699999809265137,3195,0.0,0.0
2023-08-04 10:30:00-04:00,1.7899999618530273,1.7949999570846558,1.7799999713897705,1.784999966621399,7820,0.0,0.0
2023-08-04 11:30:00-04:00,1.7899999618530273,1.7899999618530273,1.75,1.7799999713897705,15178,0.0,0.0
2023-08-04 12:30:00-04:00,1.774999976158142,1.774999976158142,1.7100000381469727,1.7350000143051147,27171,0.0,0.0
2023-08-04 13:30:00-04:00,1.7400000095367432,1.7799999713897705,1.7400000095367432,1.7649999856948853,24723,0.0,0.0
2023-08-04 14:30:00-04:00,1.7599999904632568,1.774999976158142,1.7599999904632568,1.7599999904632568,9856,0.0,0.0
2023-08-04 15:30:00-04:00,1.774999976158142,1.7799999713897705,1.7599999904632568,1.7799999713897705,10344,0.0,0.0
2023-08-07 09:30:00-04:00,1.7400000095367432,1.7910000085830688,1.7300000190734863,1.7699999809265137,0,0.0,0.0
2023-08-07 10:30:00-04:00,1.7699999809265137,1.7755999565124512,1.7699999809265137,1.774999976158142,4450,0.0,0.0
2023-08-07 11:30:00-04:00,1.774999976158142,1.7790000438690186,1.7698999643325806,1.7790000438690186,3645,0.0,0.0
2023-08-07 12:30:00-04:00,1.7699999809265137,1.7700999975204468,1.76010000705719,1.7618000507354736,2398,0.0,0.0
2023-08-07 13:30:00-04:00,1.7599999904632568,1.7799999713897705,1.7599999904632568,1.7608000040054321,10255,0.0,0.0
2023-08-07 14:30:00-04:00,1.7699999809265137,1.7699999809265137,1.760599970817566,1.760599970817566,3138,0.0,0.0
2023-08-07 15:30:00-04:00,1.7699999809265137,1.7699999809265137,1.76010000705719,1.7699999809265137,4983,0.0,0.0
2023-08-08 09:30:00-04:00,1.7300000190734863,1.7699999809265137,1.7000000476837158,1.7699999809265137,14147,0.0,0.0
2023-08-08 10:30:00-04:00,1.7699999809265137,1.7949999570846558,1.7599999904632568,1.7949999570846558,17594,0.0,0.0
2023-08-08 11:30:00-04:00,1.7949999570846558,1.7999000549316406,1.7898999452590942,1.7898999452590942,24611,0.0,0.0
2023-08-08 12:30:00-04:00,1.7899999618530273,1.7979999780654907,1.7899999618530273,1.7949999570846558,13352,0.0,0.0
2023-08-08 13:30:00-04:00,1.7949999570846558,1.7999999523162842,1.784999966621399,1.7949999570846558,3823,0.0,0.0
2023-08-08 14:30:00-04:00,1.7949999570846558,1.7999999523162842,1.784999966621399,1.784999966621399,5806,0.0,0.0
2023-08-08 15:30:00-04:00,1.781599998474121,1.7949999570846558,1.7699999809265137,1.7799999713897705,47978,0.0,0.0
2023-08-09 09:30:00-04:00,1.8899999856948853,1.9900000095367432,1.8899999856948853,1.909999966621399,211528,0.0,0.0
2023-08-09 10:30:00-04:00,1.9199999570846558,1.9299999475479126,1.899999976158142,1.899999976158142,62694,0.0,0.0
2023-08-09 11:30:00-04:00,1.899999976158142,1.9098999500274658,1.8799999952316284,1.8899999856948853,54748,0.0,0.0
2023-08-09 12:30:00-04:00,1.8899999856948853,1.9199999570846558,1.8899999856948853,1.9199999570846558,26747,0.0,0.0
2023-08-09 13:30:00-04:00,1.9169000387191772,1.9299999475479126,1.910099983215332,1.9249999523162842,32810,0.0,0.0
2023-08-09 14:30:00-04:00,1.9292999505996704,1.9292999505996704,1.899999976158142,1.909999966621399,37222,0.0,0.0
2023-08-09 15:30:00-04:00,1.910599946975708,1.9299999475479126,1.8899999856948853,1.9299999475479126,39977,0.0,0.0
2023-08-10 09:30:00-04:00,1.9800000190734863,1.9800000190734863,1.9212000370025635,1.9450000524520874,73455,0.0,0.0
2023-08-10 10:30:00-04:00,1.9450000524520874,1.948699951171875,1.910099983215332,1.910099983215332,63778,0.0,0.0
2023-08-10 11:30:00-04:00,1.9149999618530273,1.9149999618530273,1.9000999927520752,1.9081000089645386,31488,0.0,0.0
2023-08-10 12:30:00-04:00,1.909999966621399,1.9149999618530273,1.899999976158142,1.909999966621399,10505,0.0,0.0
2023-08-10 13:30:00-04:00,1.909999966621399,1.9149999618530273,1.9049999713897705,1.909999966621399,23130,0.0,0.0
2023-08-10 14:30:00-04:00,1.909999966621399,1.9149999618530273,1.8600000143051147,1.8849999904632568,36968,0.0,0.0
2023-08-10 15:30:00-04:00,1.8899999856948853,1.8899999856948853,1.850000023841858,1.850000023841858,18565,0.0,0.0
2023-08-11 09:30:00-04:00,1.8700000047683716,1.8700000047683716,1.8300000429153442,1.8595000505447388,58688,0.0,0.0
2023-08-11 10:30:00-04:00,1.850000023841858,1.8600000143051147,1.8300000429153442,1.850000023841858,18979,0.0,0.0
2023-08-11 11:30:00-04:00,1.850000023841858,1.8526999950408936,1.850000023841858,1.850000023841858,3480,0.0,0.0
2023-08-11 12:30:00-04:00,1.850000023841858,1.8700000047683716,1.850000023841858,1.8700000047683716,10904,0.0,0.0
2023-08-11 13:30:00-04:00,1.8700000047683716,1.899999976158142,1.8600000143051147,1.8600000143051147,70824,0.0,0.0
2023-08-11 14:30:00-04:00,1.8509000539779663,1.8849999904632568,1.850000023841858,1.8700000047683716,10776,0.0,0.0
2023-08-11 15:30:00-04:00,1.8700000047683716,1.8899999856948853,1.8450000286102295,1.850000023841858,35669,0.0,0.0
2023-08-14 09:30:00-04:00,1.8799999952316284,1.9199999570846558,1.8600000143051147,1.9199999570846558,47546,0.0,0.0
2023-08-14 10:30:00-04:00,1.9299999475479126,1.9700000286102295,1.929900050163269,1.9637999534606934,31158,0.0,0.0
2023-08-14 11:30:00-04:00,1.965000033378601,1.965000033378601,1.9500000476837158,1.9600000381469727,7677,0.0,0.0
2023-08-14 12:30:00-04:00,1.9600000381469727,2.049999952316284,1.95169997215271,1.9950000047683716,140547,0.0,0.0
2023-08-14 13:30:00-04:00,2.0,2.012700080871582,1.9901000261306763,2.006999969482422,18902,0.0,0.0
2023-08-14 14:30:00-04:00,2.0,2.005000114440918,1.9850000143051147,2.0,20121,0.0,0.0
2023-08-14 15:30:00-04:00,1.9900000095367432,2.009999990463257,1.9600000381469727,1.9600000381469727,49117,0.0,0.0
2023-08-15 09:30:00-04:00,1.940000057220459,1.9900000095367432,1.9199999570846558,1.9800000190734863,78741,0.0,0.0
2023-08-15 10:30:00-04:00,1.9800000190734863,2.0399999618530273,1.9800000190734863,2.0339999198913574,47342,0.0,0.0
2023-08-15 11:30:00-04:00,2.0399999618530273,2.0399999618530273,1.9900000095367432,1.9900000095367432,25890,0.0,0.0
2023-08-15 12:30:00-04:00,2.0,2.009999990463257,1.9850000143051147,1.9900000095367432,17591,0.0,0.0
2023-08-15 13:30:00-04:00,1.9900000095367432,2.0,1.9850000143051147,1.9900000095367432,34341,0.0,0.0
2023-08-15 14:30:00-04:00,1.9900000095367432,2.009999990463257,1.9900000095367432,1.9900000095367432,24682,0.0,0.0
2023-08-15 15:30:00-04:00,1.9850000143051147,2.0,1.9801000356674194,2.0,36299,0.0,0.0
2023-08-16 09:30:00-04:00,2.0399999618530273,2.0399999618530273,1.975000023841858,1.9900000095367432,20235,0.0,0.0
2023-08-16 10:30:00-04:00,1.9800000190734863,1.9900000095367432,1.9700000286102295,1.9850000143051147,14551,0.0,0.0
2023-08-16 11:30:00-04:00,1.9900000095367432,1.9900000095367432,1.9500000476837158,1.9550000429153442,11100,0.0,0.0
2023-08-16 12:30:00-04:00,1.9507999420166016,1.9700000286102295,1.9420000314712524,1.9500000476837158,26357,0.0,0.0
2023-08-16 13:30:00-04:00,1.9400999546051025,1.965000033378601,1.9400999546051025,1.9500000476837158,1611,0.0,0.0
2023-08-16 14:30:00-04:00,1.9450000524520874,1.965000033378601,1.9450000524520874,1.9550000429153442,27005,0.0,0.0
2023-08-16 15:30:00-04:00,1.9550000429153442,1.9550000429153442,1.940000057220459,1.9450000524520874,17158,0.0,0.0
2023-08-17 09:30:00-04:00,1.9800000190734863,1.9800000190734863,1.930999994277954,1.9550000429153442,21642,0.0,0.0
2023-08-17 10:30:00-04:00,1.9550000429153442,1.965000033378601,1.9299999475479126,1.965000033378601,69814,0.0,0.0
2023-08-17 11:30:00-04:00,1.9700000286102295,1.9800000190734863,1.9700000286102295,1.975000023841858,2299,0.0,0.0
2023-08-17 12:30:00-04:00,1.972000002861023,2.015000104904175,1.9700000286102295,1.9900000095367432,24725,0.0,0.0
2023-08-17 13:30:00-04:00,2.0,2.0,1.9850000143051147,1.9850000143051147,3570,0.0,0.0
2023-08-17 14:30:00-04:00,1.9900000095367432,1.9900000095367432,1.9800000190734863,1.9900000095367432,8602,0.0,0.0
2023-08-17 15:30:00-04:00,1.9800000190734863,1.9900000095367432,1.9800000190734863,1.9800000190734863,15396,0.0,0.0
2023-08-18 09:30:00-04:00,1.9700000286102295,1.9700000286102295,1.899999976158142,1.899999976158142,28649,0.0,0.0
2023-08-18 10:30:00-04:00,1.902999997138977,1.9416999816894531,1.9000999927520752,1.9416999816894531,10980,0.0,0.0
2023-08-18 11:30:00-04:00,1.9450000524520874,1.975000023841858,1.9199999570846558,1.975000023841858,23638,0.0,0.0
2023-08-18 12:30:00-04:00,1.975000023841858,1.975000023841858,1.975000023841858,1.975000023841858,330,0.0,0.0
2023-08-18 13:30:00-04:00,1.9799000024795532,1.9900000095367432,1.9799000024795532,1.9900000095367432,3322,0.0,0.0
2023-08-18 14:30:00-04:00,1.9850000143051147,1.9850000143051147,1.9600000381469727,1.965000033378601,2967,0.0,0.0
2023-08-18 15:30:00-04:00,1.965000033378601,1.9900000095367432,1.9299999475479126,1.9299999475479126,15065,0.0,0.0
2023-08-21 09:30:00-04:00,1.9299999475479126,1.9700000286102295,1.9299999475479126,1.9600000381469727,13525,0.0,0.0
2023-08-21 10:30:00-04:00,1.9601000547409058,2.049999952316284,1.9601000547409058,2.0199999809265137,44633,0.0,0.0
2023-08-21 11:30:00-04:00,2.0100998878479004,2.029900074005127,1.9900000095367432,2.0,21413,0.0,0.0
2023-08-21 12:30:00-04:00,1.9950000047683716,2.009999990463257,1.9900000095367432,2.009999990463257,10002,0.0,0.0
2023-08-21 13:30:00-04:00,2.015000104904175,2.0199999809265137,2.0,2.009999990463257,13140,0.0,0.0
2023-08-21 14:30:00-04:00,2.005199909210205,2.049999952316284,2.0,2.0,33358,0.0,0.0
2023-08-21 15:30:00-04:00,2.0,2.0299999713897705,1.9901000261306763,2.0299999713897705,33777,0.0,0.0
2023-08-22 09:30:00-04:00,2.0199999809265137,2.0399999618530273,1.9900000095367432,2.0199999809265137,32149,0.0,0.0
2023-08-22 10:30:00-04:00,2.009999990463257,2.0199999809265137,1.9299999475479126,1.9400999546051025,22313,0.0,0.0
2023-08-22 11:30:00-04:00,1.9600000381469727,1.9800000190734863,1.9300999641418457,1.9600000381469727,22274,0.0,0.0
2023-08-22 12:30:00-04:00,1.9550000429153442,1.9600000381469727,1.9450000524520874,1.9600000381469727,5604,0.0,0.0
2023-08-22 13:30:00-04:00,1.9600000381469727,1.9700000286102295,1.9500000476837158,1.9600000381469727,8535,0.0,0.0
2023-08-22 14:30:00-04:00,1.9500000476837158,1.9900000095367432,1.9500000476837158,1.9900000095367432,14164,0.0,0.0
2023-08-22 15:30:00-04:00,1.9800000190734863,1.9850000143051147,1.9500000476837158,1.9600000381469727,11627,0.0,0.0
2023-08-23 09:30:00-04:00,1.9700000286102295,1.9800000190734863,1.9129999876022339,1.9800000190734863,0,0.0,0.0
2023-08-23 10:30:00-04:00,1.978700041770935,2.0,1.9400999546051025,1.9700000286102295,83648,0.0,0.0
2023-08-23 11:30:00-04:00,1.9723999500274658,1.9900000095367432,1.9210000038146973,1.9299999475479126,74048,0.0,0.0
2023-08-23 12:30:00-04:00,1.940000057220459,1.9500000476837158,1.9199999570846558,1.9299999475479126,5983,0.0,0.0
2023-08-23 13:30:00-04:00,1.9199999570846558,1.9550000429153442,1.909999966621399,1.9299999475479126,77376,0.0,0.0
2023-08-23 14:30:00-04:00,1.9299999475479126,1.9399000406265259,1.9285999536514282,1.934999942779541,37510,0.0,0.0
2023-08-23 15:30:00-04:00,1.934999942779541,1.940000057220459,1.7799999713897705,1.809999942779541,291435,0.0,0.0
2023-08-24 09:30:00-04:00,1.8300000429153442,1.899999976158142,1.8200000524520874,1.8899999856948853,27370,0.0,0.0
2023-08-24 10:30:00-04:00,1.8799999952316284,1.8799999952316284,1.8650000095367432,1.8799999952316284,11705,0.0,0.0
2023-08-24 11:30:00-04:00,1.8798999786376953,1.8899999856948853,1.8798999786376953,1.8899999856948853,10041,0.0,0.0
2023-08-24 12:30:00-04:00,1.899999976158142,1.9199999570846558,1.899999976158142,1.909999966621399,4434,0.0,0.0
2023-08-24 13:30:00-04:00,1.8990000486373901,1.909999966621399,1.8990000486373901,1.9093999862670898,5413,0.0,0.0
2023-08-24 14:30:00-04:00,1.909999966621399,1.9199999570846558,1.8700000047683716,1.8899999856948853,31375,0.0,0.0
2023-08-24 15:30:00-04:00,1.8847999572753906,1.8849999904632568,1.8700000047683716,1.8700000047683716,5232,0.0,0.0
2023-08-25 09:30:00-04:00,1.909999966621399,1.909999966621399,1.8601000308990479,1.8799999952316284,13895,0.0,0.0
2023-08-25 10:30:00-04:00,1.8799999952316284,1.8899999856948853,1.8700000047683716,1.8799999952316284,8810,0.0,0.0
2023-08-25 11:30:00-04:00,1.8949999809265137,1.8949999809265137,1.8799999952316284,1.8949999809265137,1963,0.0,0.0
2023-08-25 12:30:00-04:00,1.8949999809265137,1.8949999809265137,1.8700000047683716,1.8700000047683716,4621,0.0,0.0
2023-08-25 13:30:00-04:00,1.8650000095367432,1.8899999856948853,1.850000023841858,1.8849999904632568,10966,0.0,0.0
2023-08-25 14:30:00-04:00,1.8801000118255615,1.8899999856948853,1.875,1.8799999952316284,10851,0.0,0.0
2023-08-25 15:30:00-04:00,1.8899999856948853,1.8899999856948853,1.8550000190734863,1.8600000143051147,13278,0.0,0.0
2023-08-28 09:30:00-04:00,1.909999966621399,1.9299999475479126,1.8899999856948853,1.9299999475479126,25877,0.0,0.0
2023-08-28 10:30:00-04:00,1.926200032234192,1.9299999475479126,1.909999966621399,1.9199999570846558,13836,0.0,0.0
2023-08-28 11:30:00-04:00,1.9178999662399292,1.9299999475479126,1.9178999662399292,1.9299999475479126,3069,0.0,0.0
2023-08-28 12:30:00-04:00,1.9249999523162842,1.9299999475479126,1.9249999523162842,1.9299999475479126,1924,0.0,0.0
2023-08-28 13:30:00-04:00,1.9249999523162842,1.9299999475479126,1.9199999570846558,1.9299999475479126,7880,0.0,0.0
2023-08-28 14:30:00-04:00,1.9299999475479126,1.9299999475479126,1.9149999618530273,1.9149999618530273,3236,0.0,0.0
2023-08-28 15:30:00-04:00,1.9189000129699707,1.9199999570846558,1.909999966621399,1.9199999570846558,9055,0.0,0.0
2023-08-29 09:30:00-04:00,1.9199999570846558,1.9199999570846558,1.899999976158142,1.9098999500274658,9430,0.0,0.0
2023-08-29 10:30:00-04:00,1.9215999841690063,1.9215999841690063,1.909999966621399,1.909999966621399,2520,0.0,0.0
2023-08-29 11:30:00-04:00,1.909999966621399,1.909999966621399,1.8899999856948853,1.909999966621399,13873,0.0,0.0
2023-08-29 12:30:00-04:00,1.909999966621399,1.9199999570846558,1.899999976158142,1.910099983215332,14393,0.0,0.0
2023-08-29 13:30:00-04:00,1.9194999933242798,1.9327000379562378,1.9149999618530273,1.9249999523162842,12337,0.0,0.0
2023-08-29 14:30:00-04:00,1.929900050163269,1.940000057220459,1.9249999523162842,1.940000057220459,18898,0.0,0.0
2023-08-29 15:30:00-04:00,1.9399000406265259,1.940000057220459,1.899999976158142,1.899999976158142,37831,0.0,0.0
2023-08-30 09:30:00-04:00,1.899999976158142,1.9900000095367432,1.899999976158142,1.9694000482559204,32108,0.0,0.0
2023-08-30 10:30:00-04:00,1.9601000547409058,1.9800000190734863,1.9601000547409058,1.978700041770935,16062,0.0,0.0
2023-08-30 11:30:00-04:00,1.9799000024795532,1.9900000095367432,1.972100019454956,1.9900000095367432,25185,0.0,0.0
2023-08-30 12:30:00-04:00,1.98989999294281,2.002700090408325,1.9850000143051147,1.9900000095367432,28545,0.0,0.0
2023-08-30 13:30:00-04:00,1.9801000356674194,1.9801000356674194,1.9299999475479126,1.940000057220459,20639,0.0,0.0
2023-08-30 14:30:00-04:00,1.9500999450683594,1.9600000381469727,1.9500999450683594,1.9600000381469727,2042,0.0,0.0
2023-08-30 15:30:00-04:00,1.9500000476837158,1.9600000381469727,1.9500000476837158,1.9500000476837158,9139,0.0,0.0
2023-08-31 09:30:00-04:00,1.9700000286102295,1.9700000286102295,1.9299999475479126,1.9598000049591064,13990,0.0,0.0
2023-08-31 10:30:00-04:00,1.9500000476837158,1.9500000476837158,1.9400999546051025,1.9500000476837158,3854,0.0,0.0
2023-08-31 11:30:00-04:00,1.940000057220459,1.940000057220459,1.929800033569336,1.940000057220459,15687,0.0,0.0
2023-08-31 12:30:00-04:00,1.9399000406265259,1.9498000144958496,1.9392999410629272,1.9498000144958496,1615,0.0,0.0
2023-08-31 13:30:00-04:00,1.948799967765808,1.9500000476837158,1.940000057220459,1.940500020980835,3994,0.0,0.0
2023-08-31 14:30:00-04:00,1.940000057220459,1.9500000476837158,1.9305000305175781,1.9500000476837158,11828,0.0,0.0
2023-08-31 15:30:00-04:00,1.9450000524520874,1.9500000476837158,1.940000057220459,1.9500000476837158,3437,0.0,0.0
2023-09-01 09:30:00-04:00,1.9900000095367432,2.009999990463257,1.9700000286102295,2.005000114440918,40714,0.0,0.0
2023-09-01 10:30:00-04:00,2.0090999603271484,2.009999990463257,2.0,2.005000114440918,14875,0.0,0.0
2023-09-01 11:30:00-04:00,2.0037999153137207,2.005000114440918,1.9900000095367432,1.9900000095367432,11787,0.0,0.0
2023-09-01 12:30:00-04:00,1.9900000095367432,2.0,1.9850000143051147,1.9950000047683716,8080,0.0,0.0
2023-09-01 13:30:00-04:00,1.9900000095367432,2.0,1.9850000143051147,1.9850000143051147,5769,0.0,0.0
2023-09-01 14:30:00-04:00,1.9819999933242798,2.0,1.9819999933242798,1.9950000047683716,15049,0.0,0.0
2023-09-01 15:30:00-04:00,1.9900000095367432,2.0,1.9900000095367432,1.9900000095367432,6484,0.0,0.0
2023-09-05 09:30:00-04:00,2.009999990463257,2.068000078201294,1.9980000257492065,2.0299999713897705,68788,0.0,0.0
2023-09-05 10:30:00-04:00,2.0350000858306885,2.0399999618530273,2.009999990463257,2.0339999198913574,36109,0.0,0.0
2023-09-05 11:30:00-04:00,2.0350000858306885,2.0399999618530273,2.0299999713897705,2.0350000858306885,13310,0.0,0.0
2023-09-05 12:30:00-04:00,2.0350000858306885,2.0352001190185547,2.0299999713897705,2.031399965286255,4136,0.0,0.0
2023-09-05 13:30:00-04:00,2.0350000858306885,2.055000066757202,2.0299999713897705,2.0450000762939453,37221,0.0,0.0
2023-09-05 14:30:00-04:00,2.0450000762939453,2.049999952316284,2.0299999713897705,2.0399999618530273,29714,0.0,0.0
2023-09-05 15:30:00-04:00,2.0399999618530273,2.049999952316284,2.0199999809265137,2.0199999809265137,32014,0.0,0.0
2023-09-06 09:30:00-04:00,2.0299999713897705,2.049999952316284,2.0299999713897705,2.0299999713897705,67119,0.0,0.0
2023-09-06 10:30:00-04:00,2.0350000858306885,2.059999942779541,2.0302999019622803,2.059999942779541,31732,0.0,0.0
2023-09-06 11:30:00-04:00,2.058300018310547,2.059999942779541,2.049999952316284,2.055000066757202,18516,0.0,0.0
2023-09-06 12:30:00-04:00,2.049999952316284,2.069999933242798,2.049999952316284,2.063800096511841,14226,0.0,0.0
2023-09-06 13:30:00-04:00,2.069999933242798,2.069999933242798,2.059999942779541,2.069999933242798,10049,0.0,0.0
2023-09-06 14:30:00-04:00,2.069999933242798,2.0999999046325684,2.068700075149536,2.0999999046325684,45484,0.0,0.0
2023-09-06 15:30:00-04:00,2.0950000286102295,2.119999885559082,2.0799999237060547,2.119999885559082,40365,0.0,0.0
2023-09-07 09:30:00-04:00,2.119999885559082,2.180000066757202,2.1189000606536865,2.180000066757202,43897,0.0,0.0
2023-09-07 10:30:00-04:00,2.1700000762939453,2.1700000762939453,2.1500000953674316,2.1600000858306885,27742,0.0,0.0
2023-09-07 11:30:00-04:00,2.1600000858306885,2.1700000762939453,2.1500000953674316,2.1700000762939453,22955,0.0,0.0
2023-09-07 12:30:00-04:00,2.1700000762939453,2.180000066757202,2.1600000858306885,2.180000066757202,13750,0.0,0.0
2023-09-07 13:30:00-04:00,2.180000066757202,2.2100000381469727,2.1500000953674316,2.1500000953674316,50316,0.0,0.0
2023-09-07 14:30:00-04:00,2.1649999618530273,2.1700000762939453,2.1500000953674316,2.169600009918213,7322,0.0,0.0
2023-09-07 15:30:00-04:00,2.1700000762939453,2.1700000762939453,2.1500000953674316,2.1600000858306885,28717,0.0,0.0
2023-09-08 09:30:00-04:00,2.1700000762939453,2.180000066757202,2.1549999713897705,2.1700000762939453,22552,0.0,0.0
2023-09-08 10:30:00-04:00,2.174999952316284,2.174999952316284,2.1600000858306885,2.160900115966797,27616,0.0,0.0
2023-09-08 11:30:00-04:00,2.1649999618530273,2.180000066757202,2.1572999954223633,2.180000066757202,22946,0.0,0.0
2023-09-08 12:30:00-04:00,2.180000066757202,2.180000066757202,2.166100025177002,2.1700000762939453,6273,0.0,0.0
2023-09-08 13:30:00-04:00,2.1600000858306885,2.180000066757202,2.1600000858306885,2.1700000762939453,10508,0.0,0.0
2023-09-08 14:30:00-04:00,2.1700000762939453,2.1700000762939453,2.1449999809265137,2.1449999809265137,17410,0.0,0.0
2023-09-08 15:30:00-04:00,2.140000104904175,2.1500000953674316,2.1310999393463135,2.1449999809265137,18716,0.0,0.0
2023-09-11 09:30:00-04:00,2.200000047683716,2.2999000549316406,2.200000047683716,2.2699999809265137,133627,0.0,0.0
2023-09-11 10:30:00-04:00,2.259999990463257,2.2699999809265137,2.25,2.2699999809265137,29390,0.0,0.0
2023-09-11 11:30:00-04:00,2.2629001140594482,2.3499999046325684,2.240000009536743,2.3350000381469727,139127,0.0,0.0
2023-09-11 12:30:00-04:00,2.3399999141693115,2.369999885559082,2.315000057220459,2.315999984741211,59907,0.0,0.0
2023-09-11 13:30:00-04:00,2.315000057220459,2.3299999237060547,2.2899999618530273,2.309999942779541,26354,0.0,0.0
2023-09-11 14:30:00-04:00,2.3041999340057373,2.319999933242798,2.2699999809265137,2.309499979019165,75955,0.0,0.0
2023-09-11 15:30:00-04:00,2.309999942779541,2.319999933242798,2.2899999618530273,2.318000078201294,34668,0.0,0.0
2023-09-12 09:30:00-04:00,2.359999895095825,2.367000102996826,2.319999933242798,2.359999895095825,87619,0.0,0.0
2023-09-12 10:30:00-04:00,2.369999885559082,2.4600000381469727,2.369999885559082,2.424999952316284,71437,0.0,0.0
2023-09-12 11:30:00-04:00,2.424999952316284,2.424999952316284,2.380000114440918,2.4200000762939453,67469,0.0,0.0
2023-09-12 12:30:00-04:00,2.4200000762939453,2.4649999141693115,2.4200000762939453,2.4649999141693115,48159,0.0,0.0
2023-09-12 13:30:00-04:00,2.460099935531616,2.460099935531616,2.431999921798706,2.431999921798706,34689,0.0,0.0
2023-09-12 14:30:00-04:00,2.434999942779541,2.440000057220459,2.380000114440918,2.399899959564209,49457,0.0,0.0
2023-09-12 15:30:00-04:00,2.4000000953674316,2.4049999713897705,2.3705999851226807,2.4000000953674316,37966,0.0,0.0
2023-09-13 09:30:00-04:00,2.430000066757202,2.430000066757202,2.2300000190734863,2.240499973297119,73411,0.0,0.0
2023-09-13 10:30:00-04:00,2.244999885559082,2.3299999237060547,2.2400999069213867,2.299999952316284,20149,0.0,0.0
2023-09-13 11:30:00-04:00,2.2908999919891357,2.3117001056671143,2.2899999618530273,2.309999942779541,28144,0.0,0.0
2023-09-13 12:30:00-04:00,2.309999942779541,2.349900007247925,2.300100088119507,2.305000066757202,33754,0.0,0.0
2023-09-13 13:30:00-04:00,2.305000066757202,2.315000057220459,2.299999952316284,2.315000057220459,16849,0.0,0.0
2023-09-13 14:30:00-04:00,2.315000057220459,2.319999933242798,2.2899999618530273,2.319999933242798,11397,0.0,0.0
2023-09-13 15:30:00-04:00,2.319999933242798,2.3299999237060547,2.309999942779541,2.319999933242798,9801,0.0,0.0
2023-09-14 09:30:00-04:00,2.4200000762939453,2.4200000762939453,2.319999933242798,2.3299999237060547,49672,0.0,0.0
2023-09-14 10:30:00-04:00,2.3399999141693115,2.3550000190734863,2.327899932861328,2.327899932861328,12603,0.0,0.0
2023-09-14 11:30:00-04:00,2.339900016784668,2.349900007247925,2.319999933242798,2.349900007247925,11387,0.0,0.0
2023-09-14 12:30:00-04:00,2.3299999237060547,2.3399999141693115,2.3299999237060547,2.3399999141693115,3548,0.0,0.0
2023-09-14 13:30:00-04:00,2.3301000595092773,2.369999885559082,2.3299999237060547,2.369999885559082,56355,0.0,0.0
2023-09-14 14:30:00-04:00,2.359999895095825,2.359999895095825,2.3299999237060547,2.3399999141693115,8510,0.0,0.0
2023-09-14 15:30:00-04:00,2.3399999141693115,2.3450000286102295,2.3299999237060547,2.3399999141693115,13246,0.0,0.0
2023-09-15 09:30:00-04:00,2.3399999141693115,2.3499999046325684,2.2699999809265137,2.319999933242798,24200,0.0,0.0
2023-09-15 10:30:00-04:00,2.315000057220459,2.3399999141693115,2.299999952316284,2.3399999141693115,9202,0.0,0.0
2023-09-15 11:30:00-04:00,2.3399999141693115,2.3399999141693115,2.305000066757202,2.309999942779541,10807,0.0,0.0
2023-09-15 12:30:00-04:00,2.309999942779541,2.319999933242798,2.291100025177002,2.299999952316284,15495,0.0,0.0
2023-09-15 13:30:00-04:00,2.299999952316284,2.3299999237060547,2.2699999809265137,2.291300058364868,33328,0.0,0.0
2023-09-15 14:30:00-04:00,2.309999942779541,2.319999933242798,2.2899999618530273,2.2950000762939453,3819,0.0,0.0
2023-09-15 15:30:00-04:00,2.299999952316284,2.299999952316284,2.2850000858306885,2.299999952316284,10243,0.0,0.0
2023-09-18 09:30:00-04:00,2.309999942779541,2.430000066757202,2.2899999618530273,2.4200000762939453,82491,0.0,0.0
2023-09-18 10:30:00-04:00,2.4100000858306885,2.430000066757202,2.4000000953674316,2.4100000858306885,35784,0.0,0.0
2023-09-18 11:30:00-04:00,2.4100000858306885,2.430000066757202,2.4000000953674316,2.430000066757202,29705,0.0,0.0
2023-09-18 12:30:00-04:00,2.427000045776367,2.430000066757202,2.3401999473571777,2.359999895095825,48777,0.0,0.0
2023-09-18 13:30:00-04:00,2.369999885559082,2.390000104904175,2.3587000370025635,2.390000104904175,23746,0.0,0.0
2023-09-18 14:30:00-04:00,2.390000104904175,2.4000000953674316,2.380000114440918,2.390000104904175,10040,0.0,0.0
2023-09-18 15:30:00-04:00,2.384999990463257,2.390000104904175,2.359999895095825,2.369999885559082,43003,0.0,0.0
2023-09-19 09:30:00-04:00,2.4000000953674316,2.4200000762939453,2.3499999046325684,2.365000009536743,49701,0.0,0.0
2023-09-19 10:30:00-04:00,2.3659000396728516,2.369999885559082,2.3499999046325684,2.359999895095825,14113,0.0,0.0
2023-09-19 11:30:00-04:00,2.369999885559082,2.369999885559082,2.3499999046325684,2.3499999046325684,19669,0.0,0.0
2023-09-19 12:30:00-04:00,2.3499999046325684,2.3499999046325684,2.319999933242798,2.339900016784668,25537,0.0,0.0
2023-09-19 13:30:00-04:00,2.3389999866485596,2.369999885559082,2.338599920272827,2.369999885559082,36088,0.0,0.0
2023-09-19 14:30:00-04:00,2.36899995803833,2.380000114440918,2.3550000190734863,2.3610999584198,34472,0.0,0.0
2023-09-19 15:30:00-04:00,2.36899995803833,2.380000114440918,2.3499999046325684,2.369999885559082,20555,0.0,0.0
2023-09-20 09:30:00-04:00,2.3499999046325684,2.3701000213623047,2.3499999046325684,2.365000009536743,11160,0.0,0.0
2023-09-20 10:30:00-04:00,2.365000009536743,2.380000114440918,2.3499999046325684,2.380000114440918,20778,0.0,0.0
2023-09-20 11:30:00-04:00,2.380000114440918,2.4200000762939453,2.369999885559082,2.4149999618530273,28847,0.0,0.0
2023-09-20 12:30:00-04:00,2.4200000762939453,2.4700000286102295,2.4001998901367188,2.4600000381469727,76853,0.0,0.0
2023-09-20 13:30:00-04:00,2.4600000381469727,2.4600000381469727,2.430000066757202,2.430000066757202,3373,0.0,0.0
2023-09-20 14:30:00-04:00,2.440000057220459,2.4800000190734863,2.430000066757202,2.440000057220459,38490,0.0,0.0
2023-09-20 15:30:00-04:00,2.440000057220459,2.440000057220459,2.4200000762939453,2.440000057220459,23429,0.0,0.0
2023-09-21 09:30:00-04:00,2.4000000953674316,2.430000066757202,2.371000051498413,2.390000104904175,67313,0.0,0.0
2023-09-21 10:30:00-04:00,2.390000104904175,2.4000000953674316,2.359999895095825,2.3884999752044678,38437,0.0,0.0
2023-09-21 11:30:00-04:00,2.390000104904175,2.390000104904175,2.369999885559082,2.390000104904175,7113,0.0,0.0
2023-09-21 12:30:00-04:00,2.390000104904175,2.390000104904175,2.380000114440918,2.384999990463257,8723,0.0,0.0
2023-09-21 13:30:00-04:00,2.380000114440918,2.3891000747680664,2.3499999046325684,2.369999885559082,21949,0.0,0.0
2023-09-21 14:30:00-04:00,2.369999885559082,2.369999885559082,2.3299999237060547,2.3399999141693115,22760,0.0,0.0
2023-09-21 15:30:00-04:00,2.3350000381469727,2.3399999141693115,2.319999933242798,2.3299999237060547,17444,0.0,0.0
2023-09-22 09:30:00-04:00,2.3499999046325684,2.380000114440918,2.3299999237060547,2.3399999141693115,51754,0.0,0.0
2023-09-22 10:30:00-04:00,2.3399999141693115,2.3499999046325684,2.3299999237060547,2.3399999141693115,28021,0.0,0.0
2023-09-22 11:30:00-04:00,2.3399999141693115,2.3450000286102295,2.3201000690460205,2.3315000534057617,16620,0.0,0.0
2023-09-22 12:30:00-04:00,2.3399999141693115,2.3450000286102295,2.325000047683716,2.3399999141693115,9841,0.0,0.0
2023-09-22 13:30:00-04:00,2.3399999141693115,2.369999885559082,2.3397998809814453,2.3499999046325684,16921,0.0,0.0
2023-09-22 14:30:00-04:00,2.3499999046325684,2.359999895095825,2.319999933242798,2.3499999046325684,23271,0.0,0.0
2023-09-22 15:30:00-04:00,2.3499999046325684,2.3499999046325684,2.325000047683716,2.3399999141693115,16219,0.0,0.0
2023-09-25 09:30:00-04:00,2.309999942779541,2.3450000286102295,2.2200000286102295,2.315000057220459,103585,0.0,0.0
2023-09-25 10:30:00-04:00,2.319999933242798,2.3499999046325684,2.319999933242798,2.3399999141693115,6944,0.0,0.0
2023-09-25 11:30:00-04:00,2.3350000381469727,2.3399999141693115,2.3299999237060547,2.3350000381469727,5729,0.0,0.0
2023-09-25 12:30:00-04:00,2.3399999141693115,2.3399999141693115,2.3299999237060547,2.3399999141693115,8762,0.0,0.0
2023-09-25 13:30:00-04:00,2.3399999141693115,2.3399999141693115,2.3299999237060547,2.3299999237060547,17822,0.0,0.0
2023-09-25 14:30:00-04:00,2.3399999141693115,2.3399999141693115,2.319999933242798,2.3299999237060547,28313,0.0,0.0
2023-09-25 15:30:00-04:00,2.3299999237060547,2.3299999237060547,2.309999942779541,2.3299999237060547,23847,0.0,0.0
2023-09-26 09:30:00-04:00,2.299999952316284,2.3499999046325684,2.299999952316284,2.309999942779541,13945,0.0,0.0
2023-09-26 10:30:00-04:00,2.315000057220459,2.3299999237060547,2.305000066757202,2.315000057220459,14215,0.0,0.0
2023-09-26 11:30:00-04:00,2.319999933242798,2.319999933242798,2.299999952316284,2.309999942779541,9298,0.0,0.0
2023-09-26 12:30:00-04:00,2.309999942779541,2.319999933242798,2.309999942779541,2.315000057220459,7401,0.0,0.0
2023-09-26 13:30:00-04:00,2.309999942779541,2.319999933242798,2.2799999713897705,2.305000066757202,44722,0.0,0.0
2023-09-26 14:30:00-04:00,2.299999952316284,2.319999933242798,2.2899999618530273,2.2950000762939453,21467,0.0,0.0
2023-09-26 15:30:00-04:00,2.299999952316284,2.309999942779541,2.2899999618530273,2.299999952316284,17313,0.0,0.0
2023-09-27 09:30:00-04:00,2.3299999237060547,2.365000009536743,2.280100107192993,2.365000009536743,27873,0.0,0.0
2023-09-27 10:30:00-04:00,2.3592000007629395,2.3875999450683594,2.3499999046325684,2.369999885559082,59544,0.0,0.0
2023-09-27 11:30:00-04:00,2.369999885559082,2.444999933242798,2.369999885559082,2.427999973297119,40440,0.0,0.0
2023-09-27 12:30:00-04:00,2.4149999618530273,2.430000066757202,2.4149999618530273,2.4200000762939453,15476,0.0,0.0
2023-09-27 13:30:00-04:00,2.4200000762939453,2.430000066757202,2.410399913787842,2.427999973297119,6758,0.0,0.0
2023-09-27 14:30:00-04:00,2.4200000762939453,2.450000047683716,2.413100004196167,2.424999952316284,8808,0.0,0.0
2023-09-27 15:30:00-04:00,2.4200000762939453,2.4200000762939453,2.4000000953674316,2.4200000762939453,13462,0.0,0.0
2023-09-28 09:30:00-04:00,2.430000066757202,2.440000057220459,2.359999895095825,2.409899950027466,31752,0.0,0.0
2023-09-28 10:30:00-04:00,2.390000104904175,2.4100000858306885,2.369999885559082,2.4049999713897705,34656,0.0,0.0
2023-09-28 11:30:00-04:00,2.40910005569458,2.4100000858306885,2.3801000118255615,2.390000104904175,11152,0.0,0.0
2023-09-28 12:30:00-04:00,2.384999990463257,2.384999990463257,2.2799999713897705,2.309999942779541,26768,0.0,0.0
2023-09-28 13:30:00-04:00,2.309999942779541,2.3399999141693115,2.280100107192993,2.3299999237060547,46347,0.0,0.0
2023-09-28 14:30:00-04:00,2.325000047683716,2.3499999046325684,2.309999942779541,2.3499999046325684,9362,0.0,0.0
2023-09-28 15:30:00-04:00,2.3350000381469727,2.3350000381469727,2.305000066757202,2.3299999237060547,22044,0.0,0.0
2023-09-29 09:30:00-04:00,2.3299999237060547,2.3629000186920166,2.299999952316284,2.299999952316284,13208,0.0,0.0
2023-09-29 10:30:00-04:00,2.299999952316284,2.3399999141693115,2.299999952316284,2.3399999141693115,4870,0.0,0.0
2023-09-29 11:30:00-04:00,2.3350000381469727,2.3499999046325684,2.319999933242798,2.3499999046325684,8146,0.0,0.0
2023-09-29 12:30:00-04:00,2.3450000286102295,2.3499999046325684,2.309999942779541,2.3299999237060547,14230,0.0,0.0
2023-09-29 13:30:00-04:00,2.3299999237060547,2.3399999141693115,2.3048999309539795,2.315000057220459,10259,0.0,0.0
2023-09-29 14:30:00-04:00,2.309999942779541,2.3389999866485596,2.309999942779541,2.319999933242798,11348,0.0,0.0
2023-09-29 15:30:00-04:00,2.325000047683716,2.3299999237060547,2.309999942779541,2.319999933242798,23435,0.0,0.0
2023-10-02 09:30:00-04:00,2.299999952316284,2.299999952316284,2.1709001064300537,2.179500102996826,66495,0.0,0.0
2023-10-02 10:30:00-04:00,2.1712000370025635,2.2200000286102295,2.140000104904175,2.190000057220459,57237,0.0,0.0
2023-10-02 11:30:00-04:00,2.1826999187469482,2.2100000381469727,2.1600000858306885,2.200000047683716,21733,0.0,0.0
2023-10-02 12:30:00-04:00,2.194999933242798,2.200000047683716,2.190000057220459,2.190000057220459,29221,0.0,0.0
2023-10-02 13:30:00-04:00,2.194999933242798,2.2200000286102295,2.190000057220459,2.20989990234375,67356,0.0,0.0
2023-10-02 14:30:00-04:00,2.2100000381469727,2.2100000381469727,2.1700000762939453,2.190000057220459,39845,0.0,0.0
2023-10-02 15:30:00-04:00,2.190000057220459,2.200000047683716,2.1600000858306885,2.171999931335449,34060,0.0,0.0
2023-10-03 09:30:00-04:00,2.180000066757202,2.2399001121520996,2.1500000953674316,2.1600000858306885,19694,0.0,0.0
2023-10-03 10:30:00-04:00,2.1549999713897705,2.1649999618530273,2.130000114440918,2.130000114440918,45456,0.0,0.0
2023-10-03 11:30:00-04:00,2.140000104904175,2.140000104904175,2.0999999046325684,2.125,38371,0.0,0.0
2023-10-03 12:30:00-04:00,2.139899969100952,2.140000104904175,2.121000051498413,2.134999990463257,3552,0.0,0.0
2023-10-03 13:30:00-04:00,2.140000104904175,2.1449999809265137,2.119999885559082,2.134999990463257,15053,0.0,0.0
2023-10-03 14:30:00-04:00,2.1310999393463135,2.1700000762939453,2.1310999393463135,2.1700000762939453,4674,0.0,0.0
2023-10-03 15:30:00-04:00,2.1649999618530273,2.1656999588012695,2.1500000953674316,2.1500000953674316,4401,0.0,0.0
2023-10-04 09:30:00-04:00,2.109999895095825,2.140000104904175,2.015000104904175,2.0899999141693115,0,0.0,0.0
2023-10-04 10:30:00-04:00,2.069999933242798,2.0999999046325684,2.049999952316284,2.0899999141693115,16959,0.0,0.0
2023-10-04 11:30:00-04:00,2.075000047683716,2.0899999141693115,2.0299999713897705,2.065000057220459,35307,0.0,0.0
2023-10-04 12:30:00-04:00,2.065000057220459,2.065000057220459,2.031100034713745,2.049999952316284,10229,0.0,0.0
2023-10-04 13:30:00-04:00,2.039799928665161,2.049999952316284,2.0394999980926514,2.0399999618530273,8169,0.0,0.0
2023-10-04 14:30:00-04:00,2.0350000858306885,2.049999952316284,2.0199999809265137,2.0299999713897705,16509,0.0,0.0
2023-10-04 15:30:00-04:00,2.0299999713897705,2.0399999618530273,2.009999990463257,2.009999990463257,24100,0.0,0.0
2023-10-05 09:30:00-04:00,1.9800000190734863,2.049999952316284,1.9800000190734863,2.0399999618530273,23431,0.0,0.0
2023-10-05 10:30:00-04:00,2.0290000438690186,2.059999942779541,2.0199999809265137,2.0199999809265137,24585,0.0,0.0
2023-10-05 11:30:00-04:00,2.0199999809265137,2.0299999713897705,2.015000104904175,2.0199999809265137,7903,0.0,0.0
2023-10-05 12:30:00-04:00,2.0211000442504883,2.0250000953674316,2.005000114440918,2.009999990463257,7679,0.0,0.0
2023-10-05 13:30:00-04:00,2.009999990463257,2.015000104904175,1.9850000143051147,1.9850000143051147,7128,0.0,0.0
2023-10-05 14:30:00-04:00,1.9850000143051147,2.005000114440918,1.9850000143051147,2.005000114440918,2000,0.0,0.0
2023-10-05 15:30:00-04:00,2.0,2.005000114440918,1.9812999963760376,1.9900000095367432,5568,0.0,0.0
2023-10-06 09:30:00-04:00,1.9900000095367432,2.0199999809265137,1.9900000095367432,2.009999990463257,9785,0.0,0.0
2023-10-06 10:30:00-04:00,2.0,2.0100998878479004,1.9800000190734863,2.0100998878479004,11369,0.0,0.0
2023-10-06 11:30:00-04:00,2.019200086593628,2.0299999713897705,2.019200086593628,2.0295000076293945,1317,0.0,0.0
2023-10-06 12:30:00-04:00,2.0250000953674316,2.0299999713897705,2.0199999809265137,2.0299999713897705,9041,0.0,0.0
2023-10-06 13:30:00-04:00,2.030100107192993,2.049999952316284,2.030100107192993,2.049999952316284,17264,0.0,0.0
2023-10-06 14:30:00-04:00,2.049999952316284,2.069999933242798,2.0399999618530273,2.0450000762939453,18942,0.0,0.0
2023-10-06 15:30:00-04:00,2.0450000762939453,2.0450000762939453,2.0199999809265137,2.0299999713897705,9292,0.0,0.0
2023-10-09 09:30:00-04:00,2.069999933242798,2.136399984359741,2.059999942779541,2.136399984359741,41520,0.0,0.0
2023-10-09 10:30:00-04:00,2.138000011444092,2.180000066757202,2.134999990463257,2.167799949645996,7370,0.0,0.0
2023-10-09 11:30:00-04:00,2.1679000854492188,2.1700000762939453,2.140000104904175,2.1649999618530273,6866,0.0,0.0
2023-10-09 12:30:00-04:00,2.1679999828338623,2.180000066757202,2.1649999618530273,2.174999952316284,17406,0.0,0.0
2023-10-09 13:30:00-04:00,2.174999952316284,2.174999952316284,2.1500000953674316,2.1600000858306885,4375,0.0,0.0
2023-10-09 14:30:00-04:00,2.1600000858306885,2.1700000762939453,2.1500000953674316,2.1500000953674316,10828,0.0,0.0
2023-10-09 15:30:00-04:00,2.1500000953674316,2.1600000858306885,2.140000104904175,2.1500000953674316,8647,0.0,0.0
2023-10-10 09:30:00-04:00,2.1600000858306885,2.187700033187866,2.1087000370025635,2.130000114440918,17578,0.0,0.0
2023-10-10 10:30:00-04:00,2.110300064086914,2.1700000762939453,2.109999895095825,2.1500000953674316,37370,0.0,0.0
2023-10-10 11:30:00-04:00,2.139899969100952,2.1500000953674316,2.139899969100952,2.1500000953674316,2039,0.0,0.0
2023-10-10 12:30:00-04:00,2.1600000858306885,2.1600000858306885,2.1421000957489014,2.1600000858306885,9324,0.0,0.0
2023-10-10 13:30:00-04:00,2.1700000762939453,2.180000066757202,2.160099983215332,2.180000066757202,9168,0.0,0.0
2023-10-10 14:30:00-04:00,2.180000066757202,2.180000066757202,2.1549999713897705,2.174999952316284,30808,0.0,0.0
2023-10-10 15:30:00-04:00,2.180000066757202,2.180000066757202,2.1500000953674316,2.1700000762939453,12352,0.0,0.0
2023-10-11 09:30:00-04:00,2.180000066757202,2.2100000381469727,2.140000104904175,2.1600000858306885,81268,0.0,0.0
2023-10-11 10:30:00-04:00,2.1600000858306885,2.180000066757202,2.1500000953674316,2.180000066757202,34310,0.0,0.0
2023-10-11 11:30:00-04:00,2.180000066757202,2.2100000381469727,2.1798999309539795,2.2049999237060547,12117,0.0,0.0
2023-10-11 12:30:00-04:00,2.2019999027252197,2.2699999809265137,2.2019999027252197,2.259999990463257,17683,0.0,0.0
2023-10-11 13:30:00-04:00,2.2699999809265137,2.2899999618530273,2.25,2.259999990463257,16941,0.0,0.0
2023-10-11 14:30:00-04:00,2.259999990463257,2.2750000953674316,2.255000114440918,2.2699999809265137,8129,0.0,0.0
2023-10-11 15:30:00-04:00,2.2699999809265137,2.2899999618530273,2.240000009536743,2.2899999618530273,26016,0.0,0.0
2023-10-12 09:30:00-04:00,2.2699999809265137,2.2699999809265137,2.2100000381469727,2.2300000190734863,9113,0.0,0.0
2023-10-12 10:30:00-04:00,2.2300000190734863,2.2300000190734863,2.200000047683716,2.200000047683716,2384,0.0,0.0
2023-10-12 11:30:00-04:00,2.200000047683716,2.2049999237060547,2.1710000038146973,2.1710000038146973,25562,0.0,0.0
2023-10-12 12:30:00-04:00,2.180000066757202,2.180000066757202,2.140000104904175,2.140000104904175,8511,0.0,0.0
2023-10-12 13:30:00-04:00,2.13100004196167,2.1698999404907227,2.13100004196167,2.1649999618530273,22413,0.0,0.0
2023-10-12 14:30:00-04:00,2.1649999618530273,2.1700000762939453,2.1649999618530273,2.1649999618530273,4918,0.0,0.0
2023-10-12 15:30:00-04:00,2.1700000762939453,2.200000047683716,2.1700000762939453,2.180999994277954,17397,0.0,0.0
2023-10-13 09:30:00-04:00,2.240000009536743,2.240000009536743,2.2049999237060547,2.2049999237060547,8460,0.0,0.0
2023-10-13 10:30:00-04:00,2.2200000286102295,2.265000104904175,2.2200000286102295,2.265000104904175,11282,0.0,0.0
2023-10-13 11:30:00-04:00,2.259999990463257,2.265000104904175,2.241300106048584,2.244999885559082,11984,0.0,0.0
2023-10-13 12:30:00-04:00,2.25,2.265000104904175,2.244999885559082,2.244999885559082,10576,0.0,0.0
2023-10-13 13:30:00-04:00,2.240000009536743,2.2799999713897705,2.240000009536743,2.265000104904175,27740,0.0,0.0
2023-10-13 14:30:00-04:00,2.260999917984009,2.265000104904175,2.2400999069213867,2.244999885559082,3465,0.0,0.0
2023-10-13 15:30:00-04:00,2.240000009536743,2.240000009536743,2.2300000190734863,2.240000009536743,4643,0.0,0.0
2023-10-16 09:30:00-04:00,2.2899999618530273,2.2899999618530273,2.2000999450683594,2.2300000190734863,26703,0.0,0.0
2023-10-16 10:30:00-04:00,2.240000009536743,2.25,2.2300000190734863,2.240000009536743,11576,0.0,0.0
2023-10-16 11:30:00-04:00,2.240000009536743,2.259999990463257,2.2399001121520996,2.25,11215,0.0,0.0
2023-10-16 12:30:00-04:00,2.242000102996826,2.25,2.2100000381469727,2.2300000190734863,13261,0.0,0.0
2023-10-16 13:30:00-04:00,2.239000082015991,2.239000082015991,2.200000047683716,2.2190001010894775,8614,0.0,0.0
2023-10-16 14:30:00-04:00,2.2190001010894775,2.2200000286102295,2.200000047683716,2.2100000381469727,18405,0.0,0.0
2023-10-16 15:30:00-04:00,2.2100000381469727,2.2200000286102295,2.1700000762939453,2.2200000286102295,29171,0.0,0.0
2023-10-17 09:30:00-04:00,2.190000057220459,2.2200000286102295,2.180000066757202,2.190000057220459,29703,0.0,0.0
2023-10-17 10:30:00-04:00,2.200000047683716,2.216599941253662,2.180000066757202,2.180000066757202,10792,0.0,0.0
2023-10-17 11:30:00-04:00,2.172499895095825,2.178999900817871,2.140000104904175,2.1500000953674316,22631,0.0,0.0
2023-10-17 12:30:00-04:00,2.1500000953674316,2.1500000953674316,2.119999885559082,2.130000114440918,18846,0.0,0.0
2023-10-17 13:30:00-04:00,2.130000114440918,2.174999952316284,2.109999895095825,2.1700000762939453,43722,0.0,0.0
2023-10-17 14:30:00-04:00,2.1700000762939453,2.174999952316284,2.1600000858306885,2.1707000732421875,7402,0.0,0.0
2023-10-17 15:30:00-04:00,2.1767001152038574,2.180000066757202,2.130000114440918,2.1600000858306885,36828,0.0,0.0
2023-10-18 09:30:00-04:00,2.180000066757202,2.2300000190734863,2.1600000858306885,2.2200000286102295,21269,0.0,0.0
2023-10-18 10:30:00-04:00,2.219899892807007,2.2799999713897705,2.219899892807007,2.240000009536743,35956,0.0,0.0
2023-10-18 11:30:00-04:00,2.2300000190734863,2.23009991645813,2.210099935531616,2.211400032043457,2012,0.0,0.0
2023-10-18 12:30:00-04:00,2.2300000190734863,2.2300000190734863,2.2100000381469727,2.2200000286102295,4669,0.0,0.0
2023-10-18 13:30:00-04:00,2.2184998989105225,2.2200000286102295,2.180000066757202,2.200000047683716,13803,0.0,0.0
2023-10-18 14:30:00-04:00,2.194999933242798,2.2100000381469727,2.1800999641418457,2.2100000381469727,3396,0.0,0.0
2023-10-18 15:30:00-04:00,2.2100000381469727,2.2100000381469727,2.200000047683716,2.2100000381469727,2383,0.0,0.0
2023-10-19 09:30:00-04:00,2.200000047683716,2.200000047683716,2.1700000762939453,2.200000047683716,16426,0.0,0.0
2023-10-19 10:30:00-04:00,2.197999954223633,2.2699999809265137,2.197999954223633,2.2699999809265137,21820,0.0,0.0
2023-10-19 11:30:00-04:00,2.2699999809265137,2.2899999618530273,2.2500998973846436,2.288300037384033,13483,0.0,0.0
2023-10-19 12:30:00-04:00,2.2899999618530273,2.2899999618530273,2.259999990463257,2.2699999809265137,17216,0.0,0.0
2023-10-19 13:30:00-04:00,2.259999990463257,2.259999990463257,2.2402000427246094,2.25,7774,0.0,0.0
2023-10-19 14:30:00-04:00,2.25,2.259999990463257,2.240000009536743,2.240000009536743,18111,0.0,0.0
2023-10-19 15:30:00-04:00,2.240000009536743,2.240000009536743,2.2200000286102295,2.2200000286102295,3178,0.0,0.0
2023-10-20 09:30:00-04:00,2.25,2.25,2.140000104904175,2.1500000953674316,18311,0.0,0.0
2023-10-20 10:30:00-04:00,2.1500000953674316,2.200000047683716,2.1500000953674316,2.184999942779541,20974,0.0,0.0
2023-10-20 11:30:00-04:00,2.1898999214172363,2.200000047683716,2.184999942779541,2.190000057220459,9896,0.0,0.0
2023-10-20 12:30:00-04:00,2.194999933242798,2.194999933242798,2.1500000953674316,2.1549999713897705,20469,0.0,0.0
2023-10-20 13:30:00-04:00,2.1510000228881836,2.190000057220459,2.119999885559082,2.180000066757202,32144,0.0,0.0
2023-10-20 14:30:00-04:00,2.180000066757202,2.200000047683716,2.130000114440918,2.1570000648498535,64236,0.0,0.0
2023-10-20 15:30:00-04:00,2.1549999713897705,2.180000066757202,2.1549999713897705,2.1700000762939453,34789,0.0,0.0
2023-10-23 09:30:00-04:00,2.0899999141693115,2.174999952316284,2.0899999141693115,2.1700000762939453,42053,0.0,0.0
2023-10-23 10:30:00-04:00,2.1600000858306885,2.1600000858306885,2.1500000953674316,2.1500000953674316,3249,0.0,0.0
2023-10-23 11:30:00-04:00,2.1500000953674316,2.1600000858306885,2.140000104904175,2.1500000953674316,803,0.0,0.0
2023-10-23 12:30:00-04:00,2.140000104904175,2.1700000762939453,2.130000114440918,2.1700000762939453,22939,0.0,0.0
2023-10-23 13:30:00-04:00,2.1695001125335693,2.1700000762939453,2.1500000953674316,2.1649999618530273,9477,0.0,0.0
2023-10-23 14:30:00-04:00,2.1600000858306885,2.1610000133514404,2.130000114440918,2.1407999992370605,11744,0.0,0.0
2023-10-23 15:30:00-04:00,2.1449999809265137,2.1600000858306885,2.134999990463257,2.140000104904175,28013,0.0,0.0
2023-10-24 09:30:00-04:00,2.140000104904175,2.140000104904175,2.0999999046325684,2.0999999046325684,12548,0.0,0.0
2023-10-24 10:30:00-04:00,2.0999999046325684,2.140000104904175,2.0899999141693115,2.130000114440918,21268,0.0,0.0
2023-10-24 11:30:00-04:00,2.125,2.140000104904175,2.0799999237060547,2.0799999237060547,27036,0.0,0.0
2023-10-24 12:30:00-04:00,2.0899999141693115,2.109999895095825,2.009999990463257,2.049999952316284,76598,0.0,0.0
2023-10-24 13:30:00-04:00,2.049999952316284,2.0899999141693115,2.0299999713897705,2.075000047683716,16773,0.0,0.0
2023-10-24 14:30:00-04:00,2.075000047683716,2.079200029373169,2.059999942779541,2.069999933242798,20636,0.0,0.0
2023-10-24 15:30:00-04:00,2.069999933242798,2.0799999237060547,2.059999942779541,2.0799999237060547,44139,0.0,0.0
2023-10-25 09:30:00-04:00,2.0899999141693115,2.0899999141693115,2.049999952316284,2.0789999961853027,14736,0.0,0.0
2023-10-25 10:30:00-04:00,2.0799999237060547,2.0799999237060547,2.0299999713897705,2.0299999713897705,6384,0.0,0.0
2023-10-25 11:30:00-04:00,2.039299964904785,2.075000047683716,2.0299999713897705,2.075000047683716,9550,0.0,0.0
2023-10-25 12:30:00-04:00,2.069999933242798,2.0850000381469727,2.059999942779541,2.069999933242798,9569,0.0,0.0
2023-10-25 13:30:00-04:00,2.072000026702881,2.0999999046325684,2.0717999935150146,2.0999999046325684,2020,0.0,0.0
2023-10-25 14:30:00-04:00,2.0999999046325684,2.0999999046325684,2.0899999141693115,2.0950000286102295,2020,0.0,0.0
2023-10-25 15:30:00-04:00,2.090100049972534,2.0950000286102295,2.069999933242798,2.069999933242798,12512,0.0,0.0
2023-10-26 09:30:00-04:00,2.049999952316284,2.049999952316284,2.0,2.049999952316284,9160,0.0,0.0
2023-10-26 10:30:00-04:00,2.049999952316284,2.059999942779541,2.0299999713897705,2.059999942779541,9143,0.0,0.0
2023-10-26 11:30:00-04:00,2.049999952316284,2.069999933242798,2.0199999809265137,2.0199999809265137,16216,0.0,0.0
2023-10-26 12:30:00-04:00,2.0299999713897705,2.0399999618530273,2.0199999809265137,2.0250000953674316,8330,0.0,0.0
2023-10-26 13:30:00-04:00,2.0199999809265137,2.0299999713897705,2.0199999809265137,2.0299999713897705,2036,0.0,0.0
2023-10-26 14:30:00-04:00,2.033600091934204,2.056299924850464,2.0299999713897705,2.0399999618530273,6814,0.0,0.0
2023-10-26 15:30:00-04:00,2.049999952316284,2.059999942779541,2.0399999618530273,2.059999942779541,3153,0.0,0.0
2023-10-27 09:30:00-04:00,2.049999952316284,2.0799999237060547,2.009999990463257,2.009999990463257,60266,0.0,0.0
2023-10-27 10:30:00-04:00,2.009999990463257,2.0399999618530273,2.009999990463257,2.0399999618530273,8327,0.0,0.0
2023-10-27 11:30:00-04:00,2.049999952316284,2.059999942779541,2.049999952316284,2.059999942779541,1062,0.0,0.0
2023-10-27 12:30:00-04:00,2.059999942779541,2.069999933242798,2.0299999713897705,2.0399999618530273,5434,0.0,0.0
2023-10-27 13:30:00-04:00,2.049999952316284,2.049999952316284,2.0399999618530273,2.0399999618530273,2986,0.0,0.0
2023-10-27 14:30:00-04:00,2.049999952316284,2.049999952316284,2.0299999713897705,2.0299999713897705,3858,0.0,0.0
2023-10-27 15:30:00-04:00,2.0299999713897705,2.0350000858306885,2.009999990463257,2.0199999809265137,16138,0.0,0.0
2023-10-30 09:30:00-04:00,1.9900000095367432,2.049999952316284,1.9900000095367432,2.009999990463257,39024,0.0,0.0
2023-10-30 10:30:00-04:00,2.0199999809265137,2.0399999618530273,2.009999990463257,2.0399999618530273,21883,0.0,0.0
2023-10-30 11:30:00-04:00,2.0306999683380127,2.0399999618530273,2.0306999683380127,2.0387001037597656,4577,0.0,0.0
2023-10-30 12:30:00-04:00,2.0399999618530273,2.0880000591278076,2.0399999618530273,2.040299892425537,30802,0.0,0.0
2023-10-30 13:30:00-04:00,2.039900064468384,2.059999942779541,2.039900064468384,2.059999942779541,3907,0.0,0.0
2023-10-30 14:30:00-04:00,2.059999942779541,2.065000057220459,2.059999942779541,2.065000057220459,11560,0.0,0.0
2023-10-30 15:30:00-04:00,2.069999933242798,2.0899999141693115,2.059999942779541,2.0899999141693115,11430,0.0,0.0
2023-10-31 09:30:00-04:00,2.0799999237060547,2.0899999141693115,2.069999933242798,2.0799999237060547,8161,0.0,0.0
2023-10-31 10:30:00-04:00,2.0787999629974365,2.109999895095825,2.069999933242798,2.109999895095825,4079,0.0,0.0
2023-10-31 11:30:00-04:00,2.119999885559082,2.119999885559082,2.109999895095825,2.119999885559082,1318,0.0,0.0
2023-10-31 12:30:00-04:00,2.0999999046325684,2.119999885559082,2.0999999046325684,2.109999895095825,2282,0.0,0.0
2023-10-31 13:30:00-04:00,2.0999999046325684,2.109999895095825,2.0999999046325684,2.1098999977111816,11184,0.0,0.0
2023-10-31 14:30:00-04:00,2.112499952316284,2.115000009536743,2.0899999141693115,2.0905001163482666,10345,0.0,0.0
2023-10-31 15:30:00-04:00,2.0899999141693115,2.0999999046325684,2.069999933242798,2.069999933242798,10369,0.0,0.0
2023-11-01 09:30:00-04:00,2.0899999141693115,2.119999885559082,2.069999933242798,2.109999895095825,32229,0.0,0.0
2023-11-01 10:30:00-04:00,2.119999885559082,2.1500000953674316,2.119999885559082,2.1500000953674316,3529,0.0,0.0
2023-11-01 11:30:00-04:00,2.130000114440918,2.1500000953674316,2.119999885559082,2.1391000747680664,11735,0.0,0.0
2023-11-01 12:30:00-04:00,2.130000114440918,2.140000104904175,2.118799924850464,2.118799924850464,17569,0.0,0.0
2023-11-01 13:30:00-04:00,2.130000114440918,2.130000114440918,2.1196999549865723,2.130000114440918,3408,0.0,0.0
2023-11-01 14:30:00-04:00,2.130000114440918,2.130000114440918,2.125,2.125,2368,0.0,0.0
2023-11-01 15:30:00-04:00,2.130000114440918,2.130000114440918,2.119999885559082,2.130000114440918,6617,0.0,0.0
2023-11-02 09:30:00-04:00,2.119999885559082,2.140000104904175,2.0899999141693115,2.0999999046325684,45572,0.0,0.0
2023-11-02 10:30:00-04:00,2.0999999046325684,2.130000114440918,2.0999999046325684,2.119999885559082,10692,0.0,0.0
2023-11-02 11:30:00-04:00,2.125,2.134999990463257,2.125,2.134999990463257,2063,0.0,0.0
2023-11-02 12:30:00-04:00,2.140000104904175,2.1500000953674316,2.140000104904175,2.1449999809265137,3877,0.0,0.0
2023-11-02 13:30:00-04:00,2.1449999809265137,2.1500000953674316,2.1410000324249268,2.1449999809265137,3328,0.0,0.0
2023-11-02 14:30:00-04:00,2.1449999809265137,2.1649999618530273,2.140000104904175,2.140000104904175,22961,0.0,0.0
2023-11-02 15:30:00-04:00,2.140000104904175,2.1600000858306885,2.140000104904175,2.140000104904175,7816,0.0,0.0
2023-11-03 09:30:00-04:00,2.1500000953674316,2.1649999618530273,2.130000114440918,2.140000104904175,9250,0.0,0.0
2023-11-03 10:30:00-04:00,2.130000114440918,2.1649999618530273,2.130000114440918,2.1649999618530273,8788,0.0,0.0
2023-11-03 11:30:00-04:00,2.180000066757202,2.190000057220459,2.180000066757202,2.184999942779541,2052,0.0,0.0
2023-11-03 12:30:00-04:00,2.184999942779541,2.184999942779541,2.174999952316284,2.180000066757202,2549,0.0,0.0
2023-11-03 13:30:00-04:00,2.170599937438965,2.170599937438965,2.1600000858306885,2.1600000858306885,5356,0.0,0.0
2023-11-03 14:30:00-04:00,2.1640000343322754,2.1700000762939453,2.1640000343322754,2.1700000762939453,1079,0.0,0.0
2023-11-03 15:30:00-04:00,2.160099983215332,2.1700000762939453,2.160099983215332,2.1649999618530273,5315,0.0,0.0
2023-11-06 09:30:00-05:00,2.1600000858306885,2.180000066757202,2.119999885559082,2.134999990463257,36172,0.0,0.0
2023-11-06 10:30:00-05:00,2.1449999809265137,2.1500000953674316,2.0999999046325684,2.109999895095825,9668,0.0,0.0
2023-11-06 11:30:00-05:00,2.0999999046325684,2.119999885559082,2.0799999237060547,2.115000009536743,16335,0.0,0.0
2023-11-06 12:30:00-05:00,2.109999895095825,2.119999885559082,2.0989999771118164,2.0989999771118164,2902,0.0,0.0
2023-11-06 13:30:00-05:00,2.0999999046325684,2.109999895095825,2.0799999237060547,2.0899999141693115,3762,0.0,0.0
2023-11-06 14:30:00-05:00,2.0899999141693115,2.090100049972534,2.0613999366760254,2.0869998931884766,8883,0.0,0.0
2023-11-06 15:30:00-05:00,2.0850000381469727,2.0899999141693115,2.059999942779541,2.059999942779541,19466,0.0,0.0
2023-11-07 09:30:00-05:00,2.049999952316284,2.0899999141693115,2.0,2.005000114440918,0,0.0,0.0
2023-11-07 10:30:00-05:00,2.005000114440918,2.0199999809265137,1.9800000190734863,2.0,63961,0.0,0.0
2023-11-07 11:30:00-05:00,1.9850000143051147,2.0,1.9850000143051147,2.0,71377,0.0,0.0
2023-11-07 12:30:00-05:00,2.0,2.0,1.9709999561309814,1.9800000190734863,12482,0.0,0.0
2023-11-07 13:30:00-05:00,1.9800000190734863,2.0299999713897705,1.9800000190734863,2.009999990463257,23821,0.0,0.0
2023-11-07 14:30:00-05:00,2.009999990463257,2.009999990463257,1.9700000286102295,1.9800000190734863,82100,0.0,0.0
2023-11-07 15:30:00-05:00,1.9700000286102295,2.009999990463257,1.9700000286102295,2.0,14875,0.0,0.0
2023-11-08 09:30:00-05:00,2.1500000953674316,2.1500000953674316,1.9500000476837158,1.9900000095367432,118823,0.0,0.0
2023-11-08 10:30:00-05:00,2.0,2.0299999713897705,1.9900000095367432,2.01990008354187,87802,0.0,0.0
2023-11-08 11:30:00-05:00,2.01990008354187,2.01990008354187,2.015000104904175,2.015000104904175,6040,0.0,0.0
2023-11-08 12:30:00-05:00,2.009999990463257,2.0199999809265137,1.9600000381469727,1.9950000047683716,175318,0.0,0.0
2023-11-08 13:30:00-05:00,1.9950000047683716,2.0199999809265137,1.98989999294281,1.9997999668121338,85983,0.0,0.0
2023-11-08 14:30:00-05:00,1.9950000047683716,2.0,1.9900000095367432,1.9983999729156494,2057,0.0,0.0
2023-11-08 15:30:00-05:00,1.9950000047683716,2.0299999713897705,1.9900000095367432,2.0199999809265137,38119,0.0,0.0
2023-11-09 09:30:00-05:00,2.049999952316284,2.059999942779541,2.0299999713897705,2.059999942779541,8783,0.0,0.0
2023-11-09 10:30:00-05:00,2.069999933242798,2.0815000534057617,2.059999942779541,2.059999942779541,8348,0.0,0.0
2023-11-09 11:30:00-05:00,2.050600051879883,2.050600051879883,2.0299999713897705,2.0299999713897705,1390,0.0,0.0
2023-11-09 12:30:00-05:00,2.049999952316284,2.059999942779541,2.0399999618530273,2.049999952316284,10304,0.0,0.0
2023-11-09 13:30:00-05:00,2.0392000675201416,2.069999933242798,2.0299999713897705,2.049999952316284,27539,0.0,0.0
2023-11-09 14:30:00-05:00,2.049999952316284,2.049999952316284,2.0199999809265137,2.049999952316284,15078,0.0,0.0
2023-11-09 15:30:00-05:00,2.04259991645813,2.065000057220459,2.0350000858306885,2.049999952316284,27584,0.0,0.0
2023-11-10 09:30:00-05:00,2.059999942779541,2.069999933242798,2.0199999809265137,2.0399999618530273,27483,0.0,0.0
2023-11-10 10:30:00-05:00,2.0399999618530273,2.049999952316284,2.015000104904175,2.0399999618530273,45675,0.0,0.0
2023-11-10 11:30:00-05:00,2.0320000648498535,2.0450000762939453,2.0299999713897705,2.0399999618530273,17941,0.0,0.0
2023-11-10 12:30:00-05:00,2.0399999618530273,2.069999933242798,2.0380001068115234,2.049999952316284,38298,0.0,0.0
2023-11-10 13:30:00-05:00,2.0399999618530273,2.0799999237060547,2.0399999618530273,2.075000047683716,27403,0.0,0.0
2023-11-10 14:30:00-05:00,2.0799999237060547,2.109999895095825,2.0799999237060547,2.109999895095825,8728,0.0,0.0
2023-11-10 15:30:00-05:00,2.109999895095825,2.130000114440918,2.059999942779541,2.069999933242798,58656,0.0,0.0
2023-11-13 09:30:00-05:00,2.049999952316284,2.130000114440918,2.049999952316284,2.119999885559082,25422,0.0,0.0
2023-11-13 10:30:00-05:00,2.119999885559082,2.1600000858306885,2.11899995803833,2.130000114440918,25266,0.0,0.0
2023-11-13 11:30:00-05:00,2.130000114440918,2.130000114440918,2.115000009536743,2.125,9370,0.0,0.0
2023-11-13 12:30:00-05:00,2.130000114440918,2.134999990463257,2.1201000213623047,2.134999990463257,6860,0.0,0.0
2023-11-13 13:30:00-05:00,2.140000104904175,2.140000104904175,2.130000114440918,2.134999990463257,4858,0.0,0.0
2023-11-13 14:30:00-05:00,2.140000104904175,2.1549999713897705,2.1301000118255615,2.134999990463257,23018,0.0,0.0
2023-11-13 15:30:00-05:00,2.140000104904175,2.1600000858306885,2.109999895095825,2.109999895095825,37925,0.0,0.0
2023-11-14 09:30:00-05:00,2.1500000953674316,2.1500000953674316,2.0799999237060547,2.1050000190734863,25790,0.0,0.0
2023-11-14 10:30:00-05:00,2.109999895095825,2.130000114440918,2.0999999046325684,2.109999895095825,45771,0.0,0.0
2023-11-14 11:30:00-05:00,2.119999885559082,2.1500000953674316,2.109999895095825,2.119999885559082,23457,0.0,0.0
2023-11-14 12:30:00-05:00,2.140000104904175,2.1549999713897705,2.140000104904175,2.1500000953674316,12762,0.0,0.0
2023-11-14 13:30:00-05:00,2.1549999713897705,2.1600000858306885,2.130000114440918,2.134999990463257,25330,0.0,0.0
2023-11-14 14:30:00-05:00,2.130000114440918,2.140000104904175,2.130000114440918,2.134999990463257,4853,0.0,0.0
2023-11-14 15:30:00-05:00,2.134999990463257,2.1500000953674316,2.130000114440918,2.140000104904175,54343,0.0,0.0
2023-11-15 09:30:00-05:00,2.130000114440918,2.130000114440918,2.055000066757202,2.119999885559082,35797,0.0,0.0
2023-11-15 10:30:00-05:00,2.119999885559082,2.1500000953674316,2.1198999881744385,2.140000104904175,16723,0.0,0.0
2023-11-15 11:30:00-05:00,2.130000114440918,2.140000104904175,2.069999933242798,2.119999885559082,58698,0.0,0.0
2023-11-15 12:30:00-05:00,2.0999999046325684,2.109999895095825,2.0899999141693115,2.109999895095825,7599,0.0,0.0
2023-11-15 13:30:00-05:00,2.119999885559082,2.119999885559082,2.0999999046325684,2.0999999046325684,4225,0.0,0.0
2023-11-15 14:30:00-05:00,2.1050000190734863,2.119999885559082,2.100100040435791,2.1089999675750732,15248,0.0,0.0
2023-11-15 15:30:00-05:00,2.1089999675750732,2.130000114440918,2.100100040435791,2.130000114440918,23387,0.0,0.0
2023-11-16 09:30:00-05:00,2.0999999046325684,2.140000104904175,1.9908000230789185,2.0199999809265137,88080,0.0,0.0
2023-11-16 10:30:00-05:00,2.0299999713897705,2.0399999618530273,2.005000114440918,2.009999990463257,10711,0.0,0.0
2023-11-16 11:30:00-05:00,2.0099000930786133,2.0099000930786133,1.9801000356674194,1.9801000356674194,34169,0.0,0.0
2023-11-16 12:30:00-05:00,1.9900000095367432,1.9950000047683716,1.9600000381469727,1.972000002861023,32879,0.0,0.0
2023-11-16 13:30:00-05:00,1.9800000190734863,2.0,1.9631999731063843,1.9800000190734863,33323,0.0,0.0
2023-11-16 14:30:00-05:00,1.9700000286102295,1.9950000047683716,1.9620000123977661,1.9850000143051147,13308,0.0,0.0
2023-11-16 15:30:00-05:00,1.9800000190734863,1.9850000143051147,1.9500000476837158,1.9600000381469727,32778,0.0,0.0
2023-11-17 09:30:00-05:00,1.9800000190734863,2.009999990463257,1.9800000190734863,2.0,11553,0.0,0.0
2023-11-17 10:30:00-05:00,2.009999990463257,2.019399881362915,2.005000114440918,2.005000114440918,6048,0.0,0.0
2023-11-17 11:30:00-05:00,2.0007998943328857,2.0199999809265137,1.9950000047683716,2.0000998973846436,9259,0.0,0.0
2023-11-17 12:30:00-05:00,2.015000104904175,2.0399999618530273,2.015000104904175,2.0399999618530273,18050,0.0,0.0
2023-11-17 13:30:00-05:00,2.0299999713897705,2.0450000762939453,2.0299999713897705,2.0350000858306885,7749,0.0,0.0
2023-11-17 14:30:00-05:00,2.0299999713897705,2.0299999713897705,2.0250000953674316,2.0299999713897705,8550,0.0,0.0
2023-11-17 15:30:00-05:00,2.0213000774383545,2.0299999713897705,2.0199999809265137,2.0299999713897705,5362,0.0,0.0
2023-11-20 09:30:00-05:00,2.0199999809265137,2.0399999618530273,1.9700000286102295,2.0350000858306885,71344,0.0,0.0
2023-11-20 10:30:00-05:00,2.030100107192993,2.0350000858306885,2.0199999809265137,2.0299999713897705,3712,0.0,0.0
2023-11-20 11:30:00-05:00,2.0399999618530273,2.055000066757202,2.0299999713897705,2.055000066757202,7789,0.0,0.0
2023-11-20 12:30:00-05:00,2.055000066757202,2.055000066757202,2.0399999618530273,2.049999952316284,10121,0.0,0.0
2023-11-20 13:30:00-05:00,2.055000066757202,2.059999942779541,2.049999952316284,2.055000066757202,13514,0.0,0.0
2023-11-20 14:30:00-05:00,2.055000066757202,2.059999942779541,2.0399999618530273,2.0399999618530273,7159,0.0,0.0
2023-11-20 15:30:00-05:00,2.049999952316284,2.049999952316284,2.0199999809265137,2.0299999713897705,26710,0.0,0.0
2023-11-21 09:30:00-05:00,2.0199999809265137,2.0250000953674316,1.9850000143051147,1.9900000095367432,25649,0.0,0.0
2023-11-21 10:30:00-05:00,1.9850000143051147,2.009999990463257,1.9850000143051147,1.9997999668121338,9319,0.0,0.0
2023-11-21 11:30:00-05:00,1.9996999502182007,2.0199999809265137,1.9996999502182007,2.015000104904175,5583,0.0,0.0
2023-11-21 12:30:00-05:00,2.0188000202178955,2.0250000953674316,2.0172998905181885,2.0199999809265137,6137,0.0,0.0
2023-11-21 13:30:00-05:00,2.0199999809265137,2.0199999809265137,2.0099000930786133,2.009999990463257,2124,0.0,0.0
2023-11-21 14:30:00-05:00,2.0199999809265137,2.0295000076293945,2.015000104904175,2.015000104904175,1617,0.0,0.0
2023-11-21 15:30:00-05:00,2.015000104904175,2.0250000953674316,2.005000114440918,2.0250000953674316,6109,0.0,0.0
2023-11-22 09:30:00-05:00,1.9900000095367432,1.9900000095367432,1.940000057220459,1.9500000476837158,50245,0.0,0.0
2023-11-22 10:30:00-05:00,1.9500000476837158,1.965000033378601,1.9299999475479126,1.9500000476837158,31274,0.0,0.0
2023-11-22 11:30:00-05:00,1.9600000381469727,1.9800000190734863,1.934999942779541,1.975000023841858,36556,0.0,0.0
2023-11-22 12:30:00-05:00,1.9793000221252441,1.9799000024795532,1.9700000286102295,1.9700000286102295,6100,0.0,0.0
2023-11-22 13:30:00-05:00,1.9600000381469727,1.975000023841858,1.9600000381469727,1.9700000286102295,8621,0.0,0.0
2023-11-22 14:30:00-05:00,1.9700000286102295,1.9800000190734863,1.9499000310897827,1.9600000381469727,44772,0.0,0.0
2023-11-22 15:30:00-05:00,1.9550000429153442,1.9700000286102295,1.9550000429153442,1.9700000286102295,26432,0.0,0.0
2023-11-24 09:30:00-05:00,1.940000057220459,2.0250000953674316,1.940000057220459,2.015000104904175,0,0.0,0.0
2023-11-24 10:30:00-05:00,2.0199999809265137,2.0250000953674316,2.009999990463257,2.0250000953674316,13673,0.0,0.0
2023-11-24 11:30:00-05:00,2.0290000438690186,2.049999952316284,2.005000114440918,2.009999990463257,18986,0.0,0.0
2023-11-27 09:30:00-05:00,2.009999990463257,2.009999990463257,1.9700000286102295,1.9900000095367432,25903,0.0,0.0
2023-11-27 10:30:00-05:00,2.0,2.0,1.940000057220459,1.975000023841858,85233,0.0,0.0
2023-11-27 11:30:00-05:00,1.9700000286102295,1.9800000190734863,1.965000033378601,1.9708000421524048,6152,0.0,0.0
2023-11-27 12:30:00-05:00,1.9700000286102295,2.009999990463257,1.9700000286102295,2.0,27506,0.0,0.0
2023-11-27 13:30:00-05:00,1.9900000095367432,2.0199999809265137,1.9800000190734863,2.0,18316,0.0,0.0
2023-11-27 14:30:00-05:00,2.0,2.0199999809265137,2.0,2.005000114440918,3783,0.0,0.0
2023-11-27 15:30:00-05:00,2.009999990463257,2.009999990463257,1.9900000095367432,1.9900000095367432,6793,0.0,0.0
2023-11-28 09:30:00-05:00,1.9900000095367432,2.0250000953674316,1.9800000190734863,2.0199999809265137,25295,0.0,0.0
2023-11-28 10:30:00-05:00,2.0199999809265137,2.0250000953674316,2.0199999809265137,2.0250000953674316,11076,0.0,0.0
2023-11-28 11:30:00-05:00,2.0199999809265137,2.0299999713897705,2.0199999809265137,2.0250000953674316,12649,0.0,0.0
2023-11-28 12:30:00-05:00,2.0299999713897705,2.0299999713897705,2.0199999809265137,2.0250000953674316,12796,0.0,0.0
2023-11-28 13:30:00-05:00,2.0199999809265137,2.0299999713897705,2.0199999809265137,2.0299999713897705,75071,0.0,0.0
2023-11-28 14:30:00-05:00,2.0299999713897705,2.049999952316284,2.0199999809265137,2.0199999809265137,91026,0.0,0.0
2023-11-28 15:30:00-05:00,2.0199999809265137,2.0250000953674316,2.009999990463257,2.0199999809265137,38036,0.0,0.0
2023-11-29 09:30:00-05:00,2.0399999618530273,2.0399999618530273,2.0199999809265137,2.0250000953674316,34147,0.0,0.0
2023-11-29 10:30:00-05:00,2.0250000953674316,2.0250000953674316,1.9950000047683716,1.9950000047683716,10627,0.0,0.0
2023-11-29 11:30:00-05:00,1.9900000095367432,2.0,1.9900000095367432,1.9950000047683716,1405,0.0,0.0
2023-11-29 12:30:00-05:00,1.9900000095367432,2.0,1.9850000143051147,1.9950000047683716,8987,0.0,0.0
2023-11-29 13:30:00-05:00,1.9900000095367432,2.0,1.9900000095367432,1.9950000047683716,17744,0.0,0.0
2023-11-29 14:30:00-05:00,1.9900000095367432,1.9900000095367432,1.9600000381469727,1.965000033378601,16813,0.0,0.0
2023-11-29 15:30:00-05:00,1.9700000286102295,1.9900000095367432,1.9700000286102295,1.9900000095367432,9322,0.0,0.0
2023-11-30 09:30:00-05:00,1.9900000095367432,2.0264999866485596,1.9859999418258667,2.0232999324798584,43686,0.0,0.0
2023-11-30 10:30:00-05:00,2.0199999809265137,2.0250000953674316,1.965000033378601,1.965000033378601,24549,0.0,0.0
2023-11-30 11:30:00-05:00,1.9700000286102295,1.975000023841858,1.9500000476837158,1.9500000476837158,18805,0.0,0.0
2023-11-30 12:30:00-05:00,1.9594999551773071,1.9700000286102295,1.9500000476837158,1.961300015449524,14548,0.0,0.0
2023-11-30 13:30:00-05:00,1.965000033378601,1.9800000190734863,1.965000033378601,1.9800000190734863,13456,0.0,0.0
2023-11-30 14:30:00-05:00,1.9717999696731567,1.9800000190734863,1.9450000524520874,1.9600000381469727,14323,0.0,0.0
2023-11-30 15:30:00-05:00,1.9500000476837158,1.9600000381469727,1.9299999475479126,1.9600000381469727,17729,0.0,0.0
2023-12-01 09:30:00-05:00,1.9500000476837158,1.9700000286102295,1.9199999570846558,1.9450000524520874,47754,0.0,0.0
2023-12-01 10:30:00-05:00,1.9479999542236328,1.975000023841858,1.9479999542236328,1.9600000381469727,22991,0.0,0.0
2023-12-01 11:30:00-05:00,1.9600000381469727,2.0,1.9500000476837158,1.9800000190734863,52976,0.0,0.0
2023-12-01 12:30:00-05:00,1.9850000143051147,2.0,1.965000033378601,1.9700000286102295,43497,0.0,0.0
2023-12-01 13:30:00-05:00,1.9700000286102295,1.9900000095367432,1.9600000381469727,1.9800000190734863,23366,0.0,0.0
2023-12-01 14:30:00-05:00,1.9700000286102295,1.9800000190734863,1.9600000381469727,1.9700000286102295,22874,0.0,0.0
2023-12-01 15:30:00-05:00,1.9700000286102295,1.9800000190734863,1.9600000381469727,1.9600000381469727,25790,0.0,0.0
2023-12-04 09:30:00-05:00,1.9600000381469727,1.9800000190734863,1.9299999475479126,1.940000057220459,25285,0.0,0.0
2023-12-04 10:30:00-05:00,1.940000057220459,1.9700000286102295,1.940000057220459,1.9601000547409058,12856,0.0,0.0
2023-12-04 11:30:00-05:00,1.9500000476837158,1.968999981880188,1.9500000476837158,1.9600000381469727,4766,0.0,0.0
2023-12-04 12:30:00-05:00,1.9700000286102295,1.9800000190734863,1.9600000381469727,1.9600000381469727,5619,0.0,0.0
2023-12-04 13:30:00-05:00,1.965000033378601,1.9800000190734863,1.9600000381469727,1.975000023841858,29366,0.0,0.0
2023-12-04 14:30:00-05:00,1.9800000190734863,2.009999990463257,1.975000023841858,2.005000114440918,12136,0.0,0.0
2023-12-04 15:30:00-05:00,2.005000114440918,2.009999990463257,2.0,2.002000093460083,7463,0.0,0.0
2023-12-05 09:30:00-05:00,2.0199999809265137,2.0199999809265137,1.972000002861023,1.9800000190734863,16382,0.0,0.0
2023-12-05 10:30:00-05:00,1.9850000143051147,1.9850000143051147,1.9500000476837158,1.9600000381469727,5250,0.0,0.0
2023-12-05 11:30:00-05:00,1.9550000429153442,1.9550000429153442,1.9199999570846558,1.9299999475479126,12222,0.0,0.0
2023-12-05 12:30:00-05:00,1.9199999570846558,1.9391000270843506,1.9199999570846558,1.9199999570846558,5365,0.0,0.0
2023-12-05 13:30:00-05:00,1.9199999570846558,1.9500000476837158,1.9199999570846558,1.9450000524520874,11725,0.0,0.0
2023-12-05 14:30:00-05:00,1.941100001335144,1.9491000175476074,1.9299999475479126,1.930999994277954,6469,0.0,0.0
2023-12-05 15:30:00-05:00,1.930999994277954,1.9500000476837158,1.9199999570846558,1.9299999475479126,30279,0.0,0.0
2023-12-06 09:30:00-05:00,1.9199999570846558,1.940000057220459,1.9199999570846558,1.940000057220459,5876,0.0,0.0
2023-12-06 10:30:00-05:00,1.9500000476837158,1.9500000476837158,1.9199999570846558,1.9199999570846558,1894,0.0,0.0
2023-12-06 11:30:00-05:00,1.9110000133514404,1.9110000133514404,1.840000033378601,1.8600000143051147,74373,0.0,0.0
2023-12-06 12:30:00-05:00,1.850000023841858,1.8798999786376953,1.840000033378601,1.879699945449829,25198,0.0,0.0
2023-12-06 13:30:00-05:00,1.8799999952316284,1.8799999952316284,1.8600000143051147,1.8600000143051147,11921,0.0,0.0
2023-12-06 14:30:00-05:00,1.8700000047683716,1.8799999952316284,1.8300000429153442,1.8300000429153442,31980,0.0,0.0
2023-12-06 15:30:00-05:00,1.8300000429153442,1.8600000143051147,1.8300000429153442,1.840000033378601,43898,0.0,0.0
2023-12-07 09:30:00-05:00,1.8600000143051147,1.8799999952316284,1.8450000286102295,1.8700000047683716,25169,0.0,0.0
2023-12-07 10:30:00-05:00,1.878999948501587,1.8899999856948853,1.8600000143051147,1.8700000047683716,9824,0.0,0.0
2023-12-07 11:30:00-05:00,1.8700000047683716,1.8700000047683716,1.8600000143051147,1.8600000143051147,4521,0.0,0.0
2023-12-07 12:30:00-05:00,1.8561999797821045,1.8799999952316284,1.8550000190734863,1.875,11693,0.0,0.0
2023-12-07 13:30:00-05:00,1.8700000047683716,1.8949999809265137,1.8700000047683716,1.8849999904632568,8509,0.0,0.0
2023-12-07 14:30:00-05:00,1.8799999952316284,1.8899999856948853,1.8700000047683716,1.8700000047683716,16649,0.0,0.0
2023-12-07 15:30:00-05:00,1.8700000047683716,1.899999976158142,1.8650000095367432,1.8899999856948853,11226,0.0,0.0
2023-12-08 09:30:00-05:00,1.8899999856948853,1.940000057220459,1.8899999856948853,1.9299999475479126,7822,0.0,0.0
2023-12-08 10:30:00-05:00,1.9299999475479126,1.9299999475479126,1.899999976158142,1.899999976158142,2851,0.0,0.0
2023-12-08 11:30:00-05:00,1.8902000188827515,1.899999976158142,1.8799999952316284,1.8949999809265137,11086,0.0,0.0
2023-12-08 12:30:00-05:00,1.8949999809265137,1.9049999713897705,1.8799999952316284,1.8949999809265137,6013,0.0,0.0
2023-12-08 13:30:00-05:00,1.9000999927520752,1.9149999618530273,1.899999976158142,1.899999976158142,3040,0.0,0.0
2023-12-08 14:30:00-05:00,1.899999976158142,1.909999966621399,1.899999976158142,1.905900001525879,2675,0.0,0.0
2023-12-08 15:30:00-05:00,1.9049999713897705,1.9199999570846558,1.9049999713897705,1.9199999570846558,6618,0.0,0.0
2023-12-11 09:30:00-05:00,1.909999966621399,1.9500000476837158,1.875100016593933,1.899999976158142,31754,0.0,0.0
2023-12-11 10:30:00-05:00,1.8949999809265137,1.9249999523162842,1.8949999809265137,1.9199999570846558,26930,0.0,0.0
2023-12-11 11:30:00-05:00,1.899999976158142,1.899999976158142,1.861199975013733,1.8700000047683716,12356,0.0,0.0
2023-12-11 12:30:00-05:00,1.875,1.8799999952316284,1.8700000047683716,1.8799999952316284,2541,0.0,0.0
2023-12-11 13:30:00-05:00,1.8700000047683716,1.875,1.8698999881744385,1.8698999881744385,2628,0.0,0.0
2023-12-11 14:30:00-05:00,1.8680000305175781,1.8799999952316284,1.8600000143051147,1.8700000047683716,5048,0.0,0.0
2023-12-11 15:30:00-05:00,1.8702000379562378,1.8702000379562378,1.8600000143051147,1.8600000143051147,17049,0.0,0.0
2023-12-12 09:30:00-05:00,1.8600000143051147,1.8600000143051147,1.840000033378601,1.8415000438690186,12804,0.0,0.0
2023-12-12 10:30:00-05:00,1.8600000143051147,1.8700000047683716,1.850000023841858,1.8600000143051147,15524,0.0,0.0
2023-12-12 11:30:00-05:00,1.8650000095367432,1.8700000047683716,1.850000023841858,1.8600000143051147,13057,0.0,0.0
2023-12-12 12:30:00-05:00,1.8600000143051147,1.8650000095367432,1.850000023841858,1.8550000190734863,18052,0.0,0.0
2023-12-12 13:30:00-05:00,1.850000023841858,1.8550000190734863,1.840000033378601,1.840000033378601,5240,0.0,0.0
2023-12-12 14:30:00-05:00,1.850000023841858,1.8600000143051147,1.840000033378601,1.8550000190734863,10118,0.0,0.0
2023-12-12 15:30:00-05:00,1.8550000190734863,1.8550000190734863,1.840000033378601,1.840000033378601,3772,0.0,0.0
2023-12-13 09:30:00-05:00,1.8200000524520874,1.850000023841858,1.8200000524520874,1.8300000429153442,37127,0.0,0.0
2023-12-13 10:30:00-05:00,1.8300000429153442,1.848099946975708,1.8300000429153442,1.8300000429153442,7784,0.0,0.0
2023-12-13 11:30:00-05:00,1.8350000381469727,1.8450000286102295,1.8200000524520874,1.840000033378601,16130,0.0,0.0
2023-12-13 12:30:00-05:00,1.8300000429153442,1.840000033378601,1.8300000429153442,1.840000033378601,1674,0.0,0.0
2023-12-13 13:30:00-05:00,1.8300000429153442,1.840000033378601,1.8300000429153442,1.840000033378601,686,0.0,0.0
2023-12-13 14:30:00-05:00,1.850000023841858,1.875,1.840000033378601,1.8550000190734863,29978,0.0,0.0
2023-12-13 15:30:00-05:00,1.8600000143051147,1.8799999952316284,1.8600000143051147,1.8700000047683716,12003,0.0,0.0
2023-12-14 09:30:00-05:00,1.9199999570846558,1.9500000476837158,1.909999966621399,1.9199999570846558,34457,0.0,0.0
2023-12-14 10:30:00-05:00,1.910099983215332,1.9199999570846558,1.899999976158142,1.899999976158142,33943,0.0,0.0
2023-12-14 11:30:00-05:00,1.9019999504089355,1.9199999570846558,1.9000999927520752,1.9149999618530273,20974,0.0,0.0
2023-12-14 12:30:00-05:00,1.9149999618530273,1.9199999570846558,1.8910000324249268,1.909999966621399,34131,0.0,0.0
2023-12-14 13:30:00-05:00,1.8949999809265137,1.909999966621399,1.8949999809265137,1.899999976158142,1785,0.0,0.0
2023-12-14 14:30:00-05:00,1.9049999713897705,1.9049999713897705,1.8899999856948853,1.899999976158142,25261,0.0,0.0
2023-12-14 15:30:00-05:00,1.899999976158142,1.9299999475479126,1.899999976158142,1.909999966621399,19712,0.0,0.0
2023-12-15 09:30:00-05:00,1.8899999856948853,1.9600000381469727,1.8700000047683716,1.8700000047683716,28673,0.0,0.0
2023-12-15 10:30:00-05:00,1.875,1.8899999856948853,1.875,1.888100028038025,2748,0.0,0.0
2023-12-15 11:30:00-05:00,1.8899999856948853,1.899999976158142,1.8799999952316284,1.8899999856948853,4274,0.0,0.0
2023-12-15 12:30:00-05:00,1.8801000118255615,1.8898999691009521,1.8799999952316284,1.8799999952316284,3148,0.0,0.0
2023-12-15 13:30:00-05:00,1.8849999904632568,1.8899999856948853,1.850000023841858,1.8849999904632568,24338,0.0,0.0
2023-12-15 14:30:00-05:00,1.8849999904632568,1.899999976158142,1.8700000047683716,1.8899999856948853,63701,0.0,0.0
2023-12-15 15:30:00-05:00,1.8899999856948853,1.909999966621399,1.8799999952316284,1.909999966621399,24388,0.0,0.0
2023-12-18 09:30:00-05:00,1.899999976158142,1.9700000286102295,1.899999976158142,1.9200999736785889,53052,0.0,0.0
2023-12-18 10:30:00-05:00,1.924299955368042,1.934999942779541,1.899999976158142,1.9132000207901,27133,0.0,0.0
2023-12-18 11:30:00-05:00,1.909999966621399,1.940000057220459,1.9049999713897705,1.9337999820709229,30193,0.0,0.0
2023-12-18 12:30:00-05:00,1.940000057220459,1.940000057220459,1.9299999475479126,1.9299999475479126,953,0.0,0.0
2023-12-18 13:30:00-05:00,1.934999942779541,1.934999942779541,1.9199999570846558,1.9299999475479126,16789,0.0,0.0
2023-12-18 14:30:00-05:00,1.9299999475479126,1.9399000406265259,1.909999966621399,1.9149999618530273,21441,0.0,0.0
2023-12-18 15:30:00-05:00,1.9149999618530273,1.9249999523162842,1.909999966621399,1.9127999544143677,36934,0.0,0.0
2023-12-19 09:30:00-05:00,1.9299999475479126,1.940000057220459,1.909999966621399,1.909999966621399,15935,0.0,0.0
2023-12-19 10:30:00-05:00,1.9006999731063843,1.9149999618530273,1.8899999856948853,1.8949999809265137,53688,0.0,0.0
2023-12-19 11:30:00-05:00,1.8902000188827515,1.9199999570846558,1.8899999856948853,1.909999966621399,15295,0.0,0.0
2023-12-19 12:30:00-05:00,1.909999966621399,1.9199999570846558,1.909999966621399,1.9199999570846558,11560,0.0,0.0
2023-12-19 13:30:00-05:00,1.9199999570846558,1.9199999570846558,1.909999966621399,1.909999966621399,10316,0.0,0.0
2023-12-19 14:30:00-05:00,1.909999966621399,1.9199999570846558,1.909999966621399,1.9178999662399292,8465,0.0,0.0
2023-12-19 15:30:00-05:00,1.909999966621399,1.9199999570846558,1.899999976158142,1.9199999570846558,22763,0.0,0.0
2023-12-20 09:30:00-05:00,1.9299999475479126,1.940000057220459,1.9229999780654907,1.9249999523162842,16608,0.0,0.0
2023-12-20 10:30:00-05:00,1.9249999523162842,1.9299999475479126,1.9199999570846558,1.929900050163269,3821,0.0,0.0
2023-12-20 11:30:00-05:00,1.9199999570846558,1.920199990272522,1.9160000085830688,1.9160000085830688,2921,0.0,0.0
2023-12-20 12:30:00-05:00,1.9149999618530273,1.9199999570846558,1.9141000509262085,1.9199999570846558,8304,0.0,0.0
2023-12-20 13:30:00-05:00,1.9146000146865845,1.9146000146865845,1.9146000146865845,1.9146000146865845,4551,0.0,0.0
2023-12-20 14:30:00-05:00,1.909999966621399,1.9149999618530273,1.899999976158142,1.909999966621399,34465,0.0,0.0
2023-12-20 15:30:00-05:00,1.899999976158142,1.899999976158142,1.8600000143051147,1.8600000143051147,17440,0.0,0.0
2023-12-21 09:30:00-05:00,1.8899999856948853,1.899999976158142,1.8799999952316284,1.8890000581741333,8914,0.0,0.0
2023-12-21 10:30:00-05:00,1.8767000436782837,1.8799999952316284,1.8700000047683716,1.8799999952316284,13000,0.0,0.0
2023-12-21 11:30:00-05:00,1.8701000213623047,1.8799999952316284,1.850000023841858,1.8700000047683716,46936,0.0,0.0
2023-12-21 12:30:00-05:00,1.8600000143051147,1.8700000047683716,1.8600000143051147,1.8600000143051147,19145,0.0,0.0
2023-12-21 13:30:00-05:00,1.8650000095367432,1.8700000047683716,1.8600000143051147,1.8698999881744385,7266,0.0,0.0
2023-12-21 14:30:00-05:00,1.8700000047683716,1.8899999856948853,1.8650000095367432,1.8899999856948853,8662,0.0,0.0
2023-12-21 15:30:00-05:00,1.8899999856948853,1.8899999856948853,1.8799999952316284,1.8899999856948853,9693,0.0,0.0
2023-12-22 09:30:00-05:00,1.899999976158142,1.940000057220459,1.899999976158142,1.940000057220459,16694,0.0,0.0
2023-12-22 10:30:00-05:00,1.9390000104904175,1.9390000104904175,1.9113999605178833,1.9113999605178833,2761,0.0,0.0
2023-12-22 11:30:00-05:00,1.909999966621399,1.9299999475479126,1.909999966621399,1.9199999570846558,4610,0.0,0.0
2023-12-22 12:30:00-05:00,1.9200999736785889,1.9299999475479126,1.9199999570846558,1.9266999959945679,3164,0.0,0.0
2023-12-22 13:30:00-05:00,1.9199999570846558,1.9200999736785889,1.909999966621399,1.909999966621399,5450,0.0,0.0
2023-12-22 14:30:00-05:00,1.909999966621399,1.9199999570846558,1.9012000560760498,1.909999966621399,6852,0.0,0.0
2023-12-22 15:30:00-05:00,1.909999966621399,1.9199999570846558,1.909999966621399,1.9199999570846558,11749,0.0,0.0
2023-12-26 09:30:00-05:00,1.9299999475479126,1.9383000135421753,1.909999966621399,1.909999966621399,22233,0.0,0.0
2023-12-26 10:30:00-05:00,1.909999966621399,1.9198999404907227,1.909999966621399,1.909999966621399,2835,0.0,0.0
2023-12-26 11:30:00-05:00,1.9199999570846558,1.9199999570846558,1.909999966621399,1.909999966621399,7459,0.0,0.0
2023-12-26 12:30:00-05:00,1.9199999570846558,1.9249999523162842,1.909999966621399,1.9249999523162842,19215,0.0,0.0
2023-12-26 13:30:00-05:00,1.934000015258789,1.940000057220459,1.9299999475479126,1.930299997329712,10240,0.0,0.0
2023-12-26 14:30:00-05:00,1.9299999475479126,1.940000057220459,1.9249999523162842,1.927299976348877,15422,0.0,0.0
2023-12-26 15:30:00-05:00,1.9249999523162842,1.940000057220459,1.9199999570846558,1.940000057220459,0,0.0,0.0
2023-12-27 09:30:00-05:00,1.909999966621399,1.940000057220459,1.909999966621399,1.9299999475479126,46263,0.0,0.0
2023-12-27 10:30:00-05:00,1.9299999475479126,1.940000057220459,1.9299999475479126,1.9299999475479126,24565,0.0,0.0
2023-12-27 11:30:00-05:00,1.9199999570846558,1.940000057220459,1.9199999570846558,1.940000057220459,7110,0.0,0.0
2023-12-27 12:30:00-05:00,1.940000057220459,1.9550000429153442,1.9299999475479126,1.9500000476837158,19265,0.0,0.0
2023-12-27 13:30:00-05:00,1.9500000476837158,1.9500000476837158,1.9299999475479126,1.9318000078201294,15269,0.0,0.0
2023-12-27 14:30:00-05:00,1.940000057220459,1.9500000476837158,1.9299999475479126,1.940000057220459,11855,0.0,0.0
2023-12-27 15:30:00-05:00,1.934999942779541,1.940000057220459,1.9249999523162842,1.940000057220459,12124,0.0,0.0
2023-12-28 09:30:00-05:00,1.909999966621399,1.934999942779541,1.899999976158142,1.9199999570846558,15205,0.0,0.0
2023-12-28 10:30:00-05:00,1.9199999570846558,1.9299999475479126,1.9199999570846558,1.9283000230789185,5919,0.0,0.0
2023-12-28 11:30:00-05:00,1.9199999570846558,1.9299999475479126,1.9199999570846558,1.9249999523162842,4295,0.0,0.0
2023-12-28 12:30:00-05:00,1.9200999736785889,1.9299999475479126,1.9199999570846558,1.9200999736785889,8020,0.0,0.0
2023-12-28 13:30:00-05:00,1.9299999475479126,1.9299999475479126,1.9199999570846558,1.9213999509811401,1251,0.0,0.0
2023-12-28 14:30:00-05:00,1.920300006866455,1.9299999475479126,1.9199999570846558,1.9251999855041504,6803,0.0,0.0
2023-12-28 15:30:00-05:00,1.9249999523162842,1.9299999475479126,1.9199999570846558,1.9199999570846558,6941,0.0,0.0
2023-12-29 09:30:00-05:00,1.9299999475479126,1.940000057220459,1.9199999570846558,1.9199999570846558,14133,0.0,0.0
2023-12-29 10:30:00-05:00,1.909999966621399,1.9199999570846558,1.909999966621399,1.9199999570846558,3612,0.0,0.0
2023-12-29 11:30:00-05:00,1.9149999618530273,1.9386999607086182,1.9149999618530273,1.9386999607086182,21638,0.0,0.0
2023-12-29 12:30:00-05:00,1.934999942779541,1.940000057220459,1.9299999475479126,1.9300999641418457,7027,0.0,0.0
2023-12-29 13:30:00-05:00,1.9299999475479126,1.934999942779541,1.9199999570846558,1.9199999570846558,3102,0.0,0.0
2023-12-29 14:30:00-05:00,1.9290000200271606,1.9300999641418457,1.9240000247955322,1.9299999475479126,18228,0.0,0.0
2023-12-29 15:30:00-05:00,1.9299999475479126,1.940000057220459,1.9249999523162842,1.940000057220459,15107,0.0,0.0
2024-01-02 09:30:00-05:00,1.9700000286102295,2.049999952316284,1.9500000476837158,2.049999952316284,47201,0.0,0.0
2024-01-02 10:30:00-05:00,2.0399999618530273,2.079900026321411,2.0299999713897705,2.059999942779541,28009,0.0,0.0
2024-01-02 11:30:00-05:00,2.051500082015991,2.0799999237060547,2.050100088119507,2.078700065612793,18293,0.0,0.0
2024-01-02 12:30:00-05:00,2.0799999237060547,2.0999999046325684,2.0787999629974365,2.0787999629974365,17144,0.0,0.0
2024-01-02 13:30:00-05:00,2.0799999237060547,2.0899999141693115,2.069999933242798,2.0799999237060547,7787,0.0,0.0
2024-01-02 14:30:00-05:00,2.0899999141693115,2.0999999046325684,2.0799999237060547,2.0999999046325684,47907,0.0,0.0
2024-01-02 15:30:00-05:00,2.0950000286102295,2.0950000286102295,2.049999952316284,2.049999952316284,29188,0.0,0.0
2024-01-03 09:30:00-05:00,2.130000114440918,2.140000104904175,2.0999999046325684,2.139899969100952,23776,0.0,0.0
2024-01-03 10:30:00-05:00,2.1328001022338867,2.134999990463257,2.119999885559082,2.1298000812530518,17507,0.0,0.0
2024-01-03 11:30:00-05:00,2.130000114440918,2.1600000858306885,2.130000114440918,2.1549999713897705,41418,0.0,0.0
2024-01-03 12:30:00-05:00,2.157099962234497,2.1700000762939453,2.1500000953674316,2.1600000858306885,31635,0.0,0.0
2024-01-03 13:30:00-05:00,2.1549999713897705,2.190000057220459,2.1500000953674316,2.1898999214172363,17665,0.0,0.0
2024-01-03 14:30:00-05:00,2.190000057220459,2.200000047683716,2.1700000762939453,2.1700000762939453,26212,0.0,0.0
2024-01-03 15:30:00-05:00,2.1700000762939453,2.200000047683716,2.1700000762939453,2.200000047683716,44482,0.0,0.0
2024-01-04 09:30:00-05:00,2.2100000381469727,2.246799945831299,2.119999885559082,2.1500000953674316,68045,0.0,0.0
2024-01-04 10:30:00-05:00,2.1500000953674316,2.1600000858306885,2.140000104904175,2.1500000953674316,47993,0.0,0.0
2024-01-04 11:30:00-05:00,2.1500000953674316,2.1600000858306885,2.130000114440918,2.1500000953674316,31650,0.0,0.0
2024-01-04 12:30:00-05:00,2.1500000953674316,2.1600000858306885,2.1500000953674316,2.1549999713897705,27747,0.0,0.0
2024-01-04 13:30:00-05:00,2.159899950027466,2.1600000858306885,2.130000114440918,2.130000114440918,15586,0.0,0.0
2024-01-04 14:30:00-05:00,2.130000114440918,2.1389999389648438,2.119999885559082,2.130000114440918,84737,0.0,0.0
2024-01-04 15:30:00-05:00,2.130000114440918,2.140000104904175,2.130000114440918,2.130000114440918,18458,0.0,0.0
2024-01-05 09:30:00-05:00,2.140000104904175,2.190000057220459,2.130000114440918,2.1500000953674316,14843,0.0,0.0
2024-01-05 10:30:00-05:00,2.140000104904175,2.158900022506714,2.140000104904175,2.1500000953674316,9635,0.0,0.0
2024-01-05 11:30:00-05:00,2.159899950027466,2.159899950027466,2.0199999809265137,2.0199999809265137,73608,0.0,0.0
2024-01-05 12:30:00-05:00,2.009999990463257,2.0199999809265137,1.8687000274658203,1.8870999813079834,151654,0.0,0.0
2024-01-05 13:30:00-05:00,1.909999966621399,1.9800000190734863,1.899999976158142,1.9699000120162964,28937,0.0,0.0
2024-01-05 14:30:00-05:00,1.965000033378601,1.965000033378601,1.9299999475479126,1.9550000429153442,7720,0.0,0.0
2024-01-05 15:30:00-05:00,1.9599000215530396,1.9801000356674194,1.9450000524520874,1.9700000286102295,38183,0.0,0.0
2024-01-08 09:30:00-05:00,1.940000057220459,1.9500000476837158,1.934999942779541,1.940000057220459,33240,0.0,0.0
2024-01-08 10:30:00-05:00,1.9400999546051025,1.9502999782562256,1.9400999546051025,1.9500000476837158,9299,0.0,0.0
2024-01-08 11:30:00-05:00,1.9500000476837158,1.9600000381469727,1.9299999475479126,1.957900047302246,17301,0.0,0.0
2024-01-08 12:30:00-05:00,1.9500000476837158,1.9500000476837158,1.940000057220459,1.940000057220459,2993,0.0,0.0
2024-01-08 13:30:00-05:00,1.9500000476837158,1.9500000476837158,1.940000057220459,1.940999984741211,1433,0.0,0.0
2024-01-08 14:30:00-05:00,1.9466999769210815,1.9794000387191772,1.940000057220459,1.9794000387191772,14727,0.0,0.0
2024-01-08 15:30:00-05:00,1.9799000024795532,1.9800000190734863,1.9600000381469727,1.9601000547409058,6047,0.0,0.0
2024-01-09 09:30:00-05:00,2.009999990463257,2.0100998878479004,1.940000057220459,1.9700000286102295,17140,0.0,0.0
2024-01-09 10:30:00-05:00,1.9700000286102295,1.9800000190734863,1.9600000381469727,1.9700000286102295,7478,0.0,0.0
2024-01-09 11:30:00-05:00,1.9800000190734863,1.9900000095367432,1.9700000286102295,1.9700000286102295,33194,0.0,0.0
2024-01-09 12:30:00-05:00,1.9800000190734863,1.9900000095367432,1.975000023841858,1.9850000143051147,13485,0.0,0.0
2024-01-09 13:30:00-05:00,1.9800000190734863,1.9900000095367432,1.9701000452041626,1.9900000095367432,6104,0.0,0.0
2024-01-09 14:30:00-05:00,1.9850000143051147,1.9889999628067017,1.9800000190734863,1.9800000190734863,8393,0.0,0.0
2024-01-09 15:30:00-05:00,1.9800000190734863,1.9850000143051147,1.9600000381469727,1.9600000381469727,15764,0.0,0.0
2024-01-10 09:30:00-05:00,2.0,2.009999990463257,1.9919999837875366,1.9950000047683716,19833,0.0,0.0
2024-01-10 10:30:00-05:00,1.998900055885315,2.0,1.988700032234192,1.9909000396728516,5631,0.0,0.0
2024-01-10 11:30:00-05:00,2.0,2.0,1.9950000047683716,2.0,7860,0.0,0.0
2024-01-10 12:30:00-05:00,2.0,2.009999990463257,2.0,2.0,5468,0.0,0.0
2024-01-10 13:30:00-05:00,2.008699893951416,2.009999990463257,1.9850000143051147,1.9900000095367432,2117,0.0,0.0
2024-01-10 14:30:00-05:00,1.9800000190734863,1.9814000129699707,1.9600000381469727,1.9600000381469727,10429,0.0,0.0
2024-01-10 15:30:00-05:00,1.9600000381469727,1.9700000286102295,1.9600000381469727,1.9600000381469727,4992,0.0,0.0
2024-01-11 09:30:00-05:00,1.9800000190734863,2.0299999713897705,1.9500000476837158,1.9600000381469727,9246,0.0,0.0
2024-01-11 10:30:00-05:00,1.9600000381469727,1.9600000381469727,1.9299999475479126,1.9500000476837158,14326,0.0,0.0
2024-01-11 11:30:00-05:00,1.9500000476837158,1.9617999792099,1.9450000524520874,1.9450000524520874,6742,0.0,0.0
2024-01-11 12:30:00-05:00,1.9450000524520874,1.9736000299453735,1.940000057220459,1.9600000381469727,23759,0.0,0.0
2024-01-11 13:30:00-05:00,1.9500000476837158,1.9600000381469727,1.9500000476837158,1.9600000381469727,1255,0.0,0.0
2024-01-11 14:30:00-05:00,1.9600000381469727,1.961300015449524,1.952299952507019,1.9550000429153442,10251,0.0,0.0
2024-01-11 15:30:00-05:00,1.9550000429153442,1.9700000286102295,1.9500000476837158,1.9700000286102295,15019,0.0,0.0
2024-01-12 09:30:00-05:00,1.9900000095367432,2.0,1.9500000476837158,1.9700000286102295,40960,0.0,0.0
2024-01-12 10:30:00-05:00,1.9700000286102295,1.9700000286102295,1.965000033378601,1.9700000286102295,2101,0.0,0.0
2024-01-12 11:30:00-05:00,1.9600000381469727,1.965000033378601,1.9600000381469727,1.965000033378601,927,0.0,0.0
2024-01-12 12:30:00-05:00,1.9600000381469727,1.9700000286102295,1.9600000381469727,1.9693000316619873,2839,0.0,0.0
2024-01-12 13:30:00-05:00,1.9600000381469727,1.9700000286102295,1.9600000381469727,1.9603999853134155,3700,0.0,0.0
2024-01-12 14:30:00-05:00,1.9634000062942505,1.9700000286102295,1.9500000476837158,1.9674999713897705,4105,0.0,0.0
2024-01-12 15:30:00-05:00,1.965000033378601,1.9800000190734863,1.965000033378601,1.9800000190734863,4343,0.0,0.0
2024-01-16 09:30:00-05:00,1.9800000190734863,2.009999990463257,1.9006999731063843,1.9198999404907227,22980,0.0,0.0
2024-01-16 10:30:00-05:00,1.9299999475479126,1.9599000215530396,1.8899999856948853,1.9500000476837158,51328,0.0,0.0
2024-01-16 11:30:00-05:00,1.9599000215530396,1.9600000381469727,1.9199999570846558,1.9600000381469727,29406,0.0,0.0
2024-01-16 12:30:00-05:00,1.955899953842163,1.9600000381469727,1.9199999570846558,1.940000057220459,18411,0.0,0.0
2024-01-16 13:30:00-05:00,1.940000057220459,1.940000057220459,1.9199999570846558,1.9332000017166138,3548,0.0,0.0
2024-01-16 14:30:00-05:00,1.9299999475479126,1.9299999475479126,1.8899999856948853,1.8899999856948853,4838,0.0,0.0
2024-01-16 15:30:00-05:00,1.8899999856948853,1.8899999856948853,1.8600000143051147,1.8600000143051147,2552,0.0,0.0
2024-01-17 09:30:00-05:00,1.8600000143051147,1.8600000143051147,1.7699999809265137,1.7999999523162842,73633,0.0,0.0
2024-01-17 10:30:00-05:00,1.809999942779541,1.8264000415802002,1.809999942779541,1.809999942779541,4045,0.0,0.0
2024-01-17 11:30:00-05:00,1.809999942779541,1.840000033378601,1.809999942779541,1.809999942779541,19726,0.0,0.0
2024-01-17 12:30:00-05:00,1.8200000524520874,1.8300000429153442,1.809999942779541,1.809999942779541,24640,0.0,0.0
2024-01-17 13:30:00-05:00,1.815000057220459,1.8200000524520874,1.809999942779541,1.809999942779541,13540,0.0,0.0
2024-01-17 14:30:00-05:00,1.809999942779541,1.815000057220459,1.809999942779541,1.809999942779541,10001,0.0,0.0
2024-01-17 15:30:00-05:00,1.809999942779541,1.8200000524520874,1.809999942779541,1.809999942779541,3373,0.0,0.0
2024-01-18 09:30:00-05:00,1.809999942779541,1.8286000490188599,1.6519999504089355,1.7201000452041626,190178,0.0,0.0
2024-01-18 10:30:00-05:00,1.7200000286102295,1.7598999738693237,1.7200000286102295,1.7400000095367432,32056,0.0,0.0
2024-01-18 11:30:00-05:00,1.75,1.7789000272750854,1.749899983406067,1.7789000272750854,14073,0.0,0.0
2024-01-18 12:30:00-05:00,1.7799999713897705,1.7799999713897705,1.7599999904632568,1.7699999809265137,8699,0.0,0.0
2024-01-18 13:30:00-05:00,1.7694000005722046,1.7798999547958374,1.7649999856948853,1.7700999975204468,8419,0.0,0.0
2024-01-18 14:30:00-05:00,1.7799999713897705,1.7799999713897705,1.7700999975204468,1.7700999975204468,1815,0.0,0.0
2024-01-18 15:30:00-05:00,1.7745000123977661,1.8049999475479126,1.7745000123977661,1.7999999523162842,9833,0.0,0.0
2024-01-19 09:30:00-05:00,1.7899999618530273,1.7999999523162842,1.7752000093460083,1.7752000093460083,10382,0.0,0.0
2024-01-19 10:30:00-05:00,1.7690000534057617,1.7999999523162842,1.7690000534057617,1.7999999523162842,3923,0.0,0.0
2024-01-19 11:30:00-05:00,1.809999942779541,1.809999942779541,1.7999999523162842,1.7999999523162842,3862,0.0,0.0
2024-01-19 12:30:00-05:00,1.809999942779541,1.809999942779541,1.8049999475479126,1.809999942779541,1879,0.0,0.0
2024-01-19 13:30:00-05:00,1.809999942779541,1.8100999593734741,1.7999999523162842,1.809999942779541,4028,0.0,0.0
2024-01-19 14:30:00-05:00,1.8200000524520874,1.8200000524520874,1.809999942779541,1.809999942779541,1486,0.0,0.0
2024-01-19 15:30:00-05:00,1.809999942779541,1.8200000524520874,1.7999999523162842,1.7999999523162842,15382,0.0,0.0
2024-01-22 09:30:00-05:00,1.7999999523162842,1.850000023841858,1.7990000247955322,1.840000033378601,16485,0.0,0.0
2024-01-22 10:30:00-05:00,1.8200000524520874,1.8200000524520874,1.7899999618530273,1.7949999570846558,5834,0.0,0.0
2024-01-22 11:30:00-05:00,1.7984999418258667,1.7999999523162842,1.7899999618530273,1.7949999570846558,4028,0.0,0.0
2024-01-22 12:30:00-05:00,1.7942999601364136,1.7999999523162842,1.7900999784469604,1.7999999523162842,3068,0.0,0.0
2024-01-22 13:30:00-05:00,1.7949999570846558,1.7999999523162842,1.7899999618530273,1.7899999618530273,2769,0.0,0.0
2024-01-22 14:30:00-05:00,1.7949999570846558,1.8200000524520874,1.7799999713897705,1.809999942779541,34021,0.0,0.0
2024-01-22 15:30:00-05:00,1.809999942779541,1.8200000524520874,1.7899999618530273,1.7899999618530273,9291,0.0,0.0
2024-01-23 09:30:00-05:00,1.7799999713897705,1.8446999788284302,1.7799999713897705,1.8200000524520874,0,0.0,0.0
2024-01-23 10:30:00-05:00,1.8200000524520874,1.8200000524520874,1.7800999879837036,1.7899999618530273,33120,0.0,0.0
2024-01-23 11:30:00-05:00,1.7999999523162842,1.7999999523162842,1.7944999933242798,1.7999999523162842,4406,0.0,0.0
2024-01-23 12:30:00-05:00,1.819000005722046,1.840000033378601,1.8100999593734741,1.840000033378601,14774,0.0,0.0
2024-01-23 13:30:00-05:00,1.8499000072479248,1.8600000143051147,1.8499000072479248,1.850000023841858,2789,0.0,0.0
2024-01-23 14:30:00-05:00,1.850000023841858,1.850000023841858,1.8320000171661377,1.840000033378601,4473,0.0,0.0
2024-01-23 15:30:00-05:00,1.8300000429153442,1.840000033378601,1.8200000524520874,1.8200000524520874,7460,0.0,0.0
2024-01-24 09:30:00-05:00,1.840000033378601,1.8899999856948853,1.840000033378601,1.8899999856948853,73148,0.0,0.0
2024-01-24 10:30:00-05:00,1.8890999555587769,1.909999966621399,1.8819999694824219,1.8899999856948853,11914,0.0,0.0
2024-01-24 11:30:00-05:00,1.8995000123977661,1.909999966621399,1.8799999952316284,1.8899999856948853,1955,0.0,0.0
2024-01-24 12:30:00-05:00,1.8803000450134277,1.8849999904632568,1.8700000047683716,1.8700000047683716,3330,0.0,0.0
2024-01-24 13:30:00-05:00,1.8700000047683716,1.8700000047683716,1.8650000095367432,1.8700000047683716,1083,0.0,0.0
2024-01-24 14:30:00-05:00,1.8799999952316284,1.8799999952316284,1.8799999952316284,1.8799999952316284,957,0.0,0.0
2024-01-24 15:30:00-05:00,1.8799999952316284,1.8899999856948853,1.8700000047683716,1.8700000047683716,6065,0.0,0.0
2024-01-25 09:30:00-05:00,1.899999976158142,1.9499000310897827,1.8899999856948853,1.8899999856948853,11228,0.0,0.0
2024-01-25 10:30:00-05:00,1.8899999856948853,1.8899999856948853,1.8899999856948853,1.8899999856948853,4019,0.0,0.0
2024-01-25 11:30:00-05:00,1.8899999856948853,1.899899959564209,1.8899999856948853,1.899899959564209,855,0.0,0.0
2024-01-25 12:30:00-05:00,1.8990999460220337,1.899999976158142,1.8899999856948853,1.8899999856948853,8665,0.0,0.0
2024-01-25 13:30:00-05:00,1.895400047302246,1.899999976158142,1.8899999856948853,1.8940000534057617,7932,0.0,0.0
2024-01-25 14:30:00-05:00,1.899999976158142,1.899999976158142,1.8949999809265137,1.899999976158142,2163,0.0,0.0
2024-01-25 15:30:00-05:00,1.8899999856948853,1.899999976158142,1.8899999856948853,1.8899999856948853,4516,0.0,0.0
2024-01-26 09:30:00-05:00,1.8799999952316284,1.909999966621399,1.8799999952316284,1.899999976158142,1551,0.0,0.0
2024-01-26 10:30:00-05:00,1.8899999856948853,1.8984999656677246,1.8899999856948853,1.8984999656677246,998,0.0,0.0
2024-01-26 11:30:00-05:00,1.8899999856948853,1.8899999856948853,1.8600000143051147,1.8600000143051147,7606,0.0,0.0
2024-01-26 12:30:00-05:00,1.8600000143051147,1.8799999952316284,1.8600000143051147,1.8799999952316284,2080,0.0,0.0
2024-01-26 13:30:00-05:00,1.8700000047683716,1.8799999952316284,1.8600000143051147,1.8700000047683716,8862,0.0,0.0
2024-01-26 14:30:00-05:00,1.8700000047683716,1.8899999856948853,1.8700000047683716,1.8899999856948853,4343,0.0,0.0
2024-01-26 15:30:00-05:00,1.8849999904632568,1.899999976158142,1.8849999904632568,1.8899999856948853,7013,0.0,0.0
2024-01-29 09:30:00-05:00,1.8799999952316284,1.909999966621399,1.8650000095367432,1.8799999952316284,6124,0.0,0.0
2024-01-29 10:30:00-05:00,1.8700000047683716,1.8782000541687012,1.850000023841858,1.8691999912261963,3145,0.0,0.0
2024-01-29 11:30:00-05:00,1.8600000143051147,1.8849999904632568,1.8600000143051147,1.8799999952316284,6758,0.0,0.0
2024-01-29 12:30:00-05:00,1.8799999952316284,1.8899999856948853,1.8600000143051147,1.8899999856948853,6953,0.0,0.0
2024-01-29 13:30:00-05:00,1.8799999952316284,1.881100058555603,1.8600000143051147,1.8650000095367432,17572,0.0,0.0
2024-01-29 14:30:00-05:00,1.8650000095367432,1.8799999952316284,1.8650000095367432,1.8700000047683716,15665,0.0,0.0
2024-01-29 15:30:00-05:00,1.8650000095367432,1.8700000047683716,1.809999942779541,1.850000023841858,59679,0.0,0.0
2024-01-30 09:30:00-05:00,1.7799999713897705,1.8493000268936157,1.7799999713897705,1.840000033378601,19520,0.0,0.0
2024-01-30 10:30:00-05:00,1.840000033378601,1.8550000190734863,1.829200029373169,1.8488999605178833,4663,0.0,0.0
2024-01-30 11:30:00-05:00,1.840000033378601,1.840000033378601,1.8200000524520874,1.840000033378601,14163,0.0,0.0
2024-01-30 12:30:00-05:00,1.840000033378601,1.850000023841858,1.840000033378601,1.850000023841858,417,0.0,0.0
2024-01-30 13:30:00-05:00,1.8401000499725342,1.8700000047683716,1.8401000499725342,1.8693000078201294,3154,0.0,0.0
2024-01-30 14:30:00-05:00,1.850000023841858,1.8700000047683716,1.850000023841858,1.8700000047683716,8116,0.0,0.0
2024-01-30 15:30:00-05:00,1.86899995803833,1.8700000047683716,1.850000023841858,1.850000023841858,2603,0.0,0.0
2024-01-31 09:30:00-05:00,1.809999942779541,1.8550000190734863,1.809999942779541,1.850000023841858,10035,0.0,0.0
2024-01-31 10:30:00-05:00,1.8600000143051147,1.909999966621399,1.8600000143051147,1.9049999713897705,17678,0.0,0.0
2024-01-31 11:30:00-05:00,1.909999966621399,1.909999966621399,1.899999976158142,1.9049999713897705,4800,0.0,0.0
2024-01-31 12:30:00-05:00,1.9007999897003174,1.909999966621399,1.899999976158142,1.909999966621399,10700,0.0,0.0
2024-01-31 13:30:00-05:00,1.9049999713897705,1.9199999570846558,1.8700000047683716,1.8799999952316284,33310,0.0,0.0
2024-01-31 14:30:00-05:00,1.8799999952316284,1.8899999856948853,1.8700000047683716,1.8787000179290771,1730,0.0,0.0
2024-01-31 15:30:00-05:00,1.8700000047683716,1.8799999952316284,1.8600000143051147,1.8600000143051147,3957,0.0,0.0
2024-02-01 09:30:00-05:00,1.850000023841858,1.8849999904632568,1.850000023841858,1.8600000143051147,16589,0.0,0.0
2024-02-01 10:30:00-05:00,1.8688000440597534,1.8688000440597534,1.7999999523162842,1.7999999523162842,69112,0.0,0.0
2024-02-01 11:30:00-05:00,1.809999942779541,1.840000033378601,1.809999942779541,1.840000033378601,8743,0.0,0.0
2024-02-01 12:30:00-05:00,1.8300000429153442,1.8300000429153442,1.8049999475479126,1.8300000429153442,16704,0.0,0.0
2024-02-01 13:30:00-05:00,1.8300000429153442,1.850000023841858,1.8300000429153442,1.840000033378601,4450,0.0,0.0
2024-02-01 14:30:00-05:00,1.8350000381469727,1.850000023841858,1.8200000524520874,1.840000033378601,5976,0.0,0.0
2024-02-01 15:30:00-05:00,1.8200000524520874,1.840000033378601,1.809999942779541,1.809999942779541,3801,0.0,0.0
2024-02-02 09:30:00-05:00,1.7999999523162842,1.8799999952316284,1.7949999570846558,1.875,11549,0.0,0.0
2024-02-02 10:30:00-05:00,1.8600000143051147,1.8700000047683716,1.8530999422073364,1.8700000047683716,15357,0.0,0.0
2024-02-02 11:30:00-05:00,1.8600000143051147,1.8650000095367432,1.7999999523162842,1.8020000457763672,21519,0.0,0.0
2024-02-02 12:30:00-05:00,1.7999999523162842,1.809999942779541,1.7999999523162842,1.809999942779541,5194,0.0,0.0
2024-02-02 13:30:00-05:00,1.8092000484466553,1.809999942779541,1.7999999523162842,1.8097000122070312,8818,0.0,0.0
2024-02-02 14:30:00-05:00,1.809499979019165,1.815000057220459,1.7799999713897705,1.7799999713897705,23838,0.0,0.0
2024-02-02 15:30:00-05:00,1.7799999713897705,1.784999966621399,1.7599999904632568,1.7699999809265137,12134,0.0,0.0
2024-02-05 09:30:00-05:00,1.7699999809265137,1.7799999713897705,1.75,1.7699999809265137,23859,0.0,0.0
2024-02-05 10:30:00-05:00,1.7799999713897705,1.7999999523162842,1.7699999809265137,1.7999999523162842,10416,0.0,0.0
2024-02-05 11:30:00-05:00,1.7949999570846558,1.7999999523162842,1.7899999618530273,1.7949999570846558,30466,0.0,0.0
2024-02-05 12:30:00-05:00,1.7999999523162842,1.7999999523162842,1.7899999618530273,1.7899999618530273,1673,0.0,0.0
2024-02-05 13:30:00-05:00,1.7899999618530273,1.7899999618530273,1.7400000095367432,1.7599999904632568,14376,0.0,0.0
2024-02-05 14:30:00-05:00,1.7699999809265137,1.7699999809265137,1.7300000190734863,1.7300000190734863,20501,0.0,0.0
2024-02-05 15:30:00-05:00,1.7300000190734863,1.75,1.7200000286102295,1.7300000190734863,56007,0.0,0.0
2024-02-06 09:30:00-05:00,1.7200000286102295,1.8300000429153442,1.7000000476837158,1.8300000429153442,30613,0.0,0.0
2024-02-06 10:30:00-05:00,1.8299000263214111,1.8299000263214111,1.809999942779541,1.8188999891281128,9032,0.0,0.0
2024-02-06 11:30:00-05:00,1.8078999519348145,1.8173999786376953,1.7900999784469604,1.7900999784469604,3454,0.0,0.0
2024-02-06 12:30:00-05:00,1.7999999523162842,1.7999999523162842,1.7869999408721924,1.7869999408721924,1164,0.0,0.0
2024-02-06 13:30:00-05:00,1.7999000549316406,1.7999999523162842,1.7899999618530273,1.7899999618530273,1811,0.0,0.0
2024-02-06 14:30:00-05:00,1.7999000549316406,1.7999999523162842,1.7999000549316406,1.7999999523162842,767,0.0,0.0
2024-02-06 15:30:00-05:00,1.7899999618530273,1.7900999784469604,1.7799999713897705,1.784999966621399,16915,0.0,0.0
2024-02-07 09:30:00-05:00,1.7799999713897705,1.8200000524520874,1.7799999713897705,1.7949999570846558,49187,0.0,0.0
2024-02-07 10:30:00-05:00,1.7949999570846558,1.809999942779541,1.7949999570846558,1.7999999523162842,54960,0.0,0.0
2024-02-07 11:30:00-05:00,1.7999999523162842,1.8049999475479126,1.7799999713897705,1.7999999523162842,24773,0.0,0.0
2024-02-07 12:30:00-05:00,1.7999999523162842,1.8300000429153442,1.7999999523162842,1.8300000429153442,4864,0.0,0.0
2024-02-07 13:30:00-05:00,1.8300000429153442,1.840000033378601,1.809999942779541,1.8300000429153442,4405,0.0,0.0
2024-02-07 14:30:00-05:00,1.8300000429153442,1.840000033378601,1.8300000429153442,1.840000033378601,1056,0.0,0.0
2024-02-07 15:30:00-05:00,1.850000023841858,1.850000023841858,1.8300000429153442,1.8300000429153442,2882,0.0,0.0
2024-02-08 09:30:00-05:00,1.840000033378601,1.850000023841858,1.8300000429153442,1.840000033378601,3380,0.0,0.0
2024-02-08 10:30:00-05:00,1.8600000143051147,1.8650000095367432,1.840000033378601,1.850000023841858,16619,0.0,0.0
2024-02-08 11:30:00-05:00,1.850000023841858,1.8519999980926514,1.850000023841858,1.850000023841858,3473,0.0,0.0
2024-02-08 12:30:00-05:00,1.850000023841858,1.8595999479293823,1.850000023841858,1.850000023841858,2901,0.0,0.0
2024-02-08 13:30:00-05:00,1.850000023841858,1.850000023841858,1.8300000429153442,1.8350000381469727,4391,0.0,0.0
2024-02-08 14:30:00-05:00,1.8350000381469727,1.840000033378601,1.8300000429153442,1.840000033378601,1236,0.0,0.0
2024-02-08 15:30:00-05:00,1.850000023841858,1.850000023841858,1.840000033378601,1.8450000286102295,6696,0.0,0.0
2024-02-09 09:30:00-05:00,1.8300000429153442,1.8600000143051147,1.8300000429153442,1.8300000429153442,5884,0.0,0.0
2024-02-09 10:30:00-05:00,1.8200000524520874,1.850000023841858,1.8200000524520874,1.850000023841858,4801,0.0,0.0
2024-02-09 11:30:00-05:00,1.850000023841858,1.8600000143051147,1.840000033378601,1.8600000143051147,18096,0.0,0.0
2024-02-09 12:30:00-05:00,1.850000023841858,1.8600000143051147,1.850000023841858,1.850100040435791,17554,0.0,0.0
2024-02-09 13:30:00-05:00,1.8493000268936157,1.8493000268936157,1.840000033378601,1.840000033378601,1653,0.0,0.0
2024-02-09 14:30:00-05:00,1.8301000595092773,1.8499000072479248,1.809999942779541,1.8300000429153442,5312,0.0,0.0
2024-02-09 15:30:00-05:00,1.8300000429153442,1.8300000429153442,1.809999942779541,1.812000036239624,9950,0.0,0.0
2024-02-12 09:30:00-05:00,1.809999942779541,1.8899999856948853,1.809999942779541,1.8899999856948853,4654,0.0,0.0
2024-02-12 10:30:00-05:00,1.909999966621399,1.909999966621399,1.8901000022888184,1.8901000022888184,696,0.0,0.0
2024-02-12 11:30:00-05:00,1.8899999856948853,1.8899999856948853,1.8700000047683716,1.8899999856948853,3233,0.0,0.0
2024-02-12 12:30:00-05:00,1.8799999952316284,1.8799999952316284,1.8700000047683716,1.8799999952316284,1018,0.0,0.0
2024-02-12 13:30:00-05:00,1.8700000047683716,1.8710999488830566,1.8600000143051147,1.8700000047683716,4224,0.0,0.0
2024-02-12 14:30:00-05:00,1.8700000047683716,1.8799999952316284,1.8700000047683716,1.8799999952316284,9070,0.0,0.0
2024-02-12 15:30:00-05:00,1.8799999952316284,1.8899999856948853,1.8700000047683716,1.875,6096,0.0,0.0
2024-02-13 09:30:00-05:00,1.850000023841858,1.8899999856948853,1.809999942779541,1.8300000429153442,9407,0.0,0.0
2024-02-13 10:30:00-05:00,1.809999942779541,1.8600000143051147,1.809999942779541,1.8600000143051147,14512,0.0,0.0
2024-02-13 11:30:00-05:00,1.8600000143051147,1.8799999952316284,1.850000023841858,1.8799999952316284,17416,0.0,0.0
2024-02-13 12:30:00-05:00,1.8899999856948853,1.899999976158142,1.8799999952316284,1.899999976158142,10279,0.0,0.0
2024-02-13 13:30:00-05:00,1.909999966621399,1.909999966621399,1.8700000047683716,1.8700000047683716,49687,0.0,0.0
2024-02-13 14:30:00-05:00,1.8600000143051147,1.8700000047683716,1.809999942779541,1.840000033378601,11364,0.0,0.0
2024-02-13 15:30:00-05:00,1.840000033378601,1.8700000047683716,1.8200000524520874,1.8450000286102295,13709,0.0,0.0
2024-02-14 09:30:00-05:00,1.840000033378601,1.8899999856948853,1.8300000429153442,1.8899999856948853,14728,0.0,0.0
2024-02-14 10:30:00-05:00,1.8899999856948853,1.899999976158142,1.87909996509552,1.899999976158142,13352,0.0,0.0
2024-02-14 11:30:00-05:00,1.899999976158142,1.909999966621399,1.8899999856948853,1.899999976158142,5305,0.0,0.0
2024-02-14 12:30:00-05:00,1.899999976158142,1.909999966621399,1.8899999856948853,1.899999976158142,3021,0.0,0.0
2024-02-14 13:30:00-05:00,1.909999966621399,1.909999966621399,1.909999966621399,1.909999966621399,141,0.0,0.0
2024-02-14 14:30:00-05:00,1.9000999927520752,1.9000999927520752,1.8899999856948853,1.8899999856948853,12318,0.0,0.0
2024-02-14 15:30:00-05:00,1.899999976158142,1.899999976158142,1.8899999856948853,1.899999976158142,20028,0.0,0.0
2024-02-15 09:30:00-05:00,1.909999966621399,1.909999966621399,1.8600000143051147,1.8700000047683716,8601,0.0,0.0
2024-02-15 10:30:00-05:00,1.8799999952316284,1.8799999952316284,1.8600000143051147,1.8600000143051147,5582,0.0,0.0
2024-02-15 11:30:00-05:00,1.8600000143051147,1.878999948501587,1.850000023841858,1.8600000143051147,2481,0.0,0.0
2024-02-15 12:30:00-05:00,1.8600000143051147,1.8799999952316284,1.850000023841858,1.8799999952316284,11750,0.0,0.0
2024-02-15 13:30:00-05:00,1.8799999952316284,1.899999976158142,1.8700000047683716,1.899999976158142,14650,0.0,0.0
2024-02-15 14:30:00-05:00,1.899999976158142,1.899999976158142,1.8799999952316284,1.8899999856948853,8227,0.0,0.0
2024-02-15 15:30:00-05:00,1.8949999809265137,1.899999976158142,1.8899999856948853,1.899999976158142,37519,0.0,0.0
2024-02-16 09:30:00-05:00,1.8899999856948853,1.8899999856948853,1.8600000143051147,1.8700000047683716,14605,0.0,0.0
2024-02-16 10:30:00-05:00,1.8774000406265259,1.8799999952316284,1.8600000143051147,1.8600000143051147,11631,0.0,0.0
2024-02-16 11:30:00-05:00,1.8600000143051147,1.9299999475479126,1.850000023841858,1.9119999408721924,25250,0.0,0.0
2024-02-16 12:30:00-05:00,1.909999966621399,1.9199999570846558,1.899999976158142,1.899999976158142,1532,0.0,0.0
2024-02-16 13:30:00-05:00,1.899999976158142,1.9199999570846558,1.899999976158142,1.9149999618530273,3599,0.0,0.0
2024-02-16 14:30:00-05:00,1.9149999618530273,1.9199999570846558,1.899999976158142,1.906999945640564,16534,0.0,0.0
2024-02-16 15:30:00-05:00,1.9049999713897705,1.9199999570846558,1.899999976158142,1.9000999927520752,12810,0.0,0.0
2024-02-20 09:30:00-05:00,1.899999976158142,1.9592000246047974,1.899999976158142,1.9592000246047974,48115,0.0,0.0
2024-02-20 10:30:00-05:00,1.940000057220459,1.940000057220459,1.8700000047683716,1.8700000047683716,21935,0.0,0.0
2024-02-20 11:30:00-05:00,1.8700000047683716,1.8899999856948853,1.8700000047683716,1.875,4414,0.0,0.0
2024-02-20 12:30:00-05:00,1.8700000047683716,1.87090003490448,1.8650000095367432,1.8700000047683716,6583,0.0,0.0
2024-02-20 13:30:00-05:00,1.8700000047683716,1.9500000476837158,1.8700000047683716,1.899999976158142,29471,0.0,0.0
2024-02-20 14:30:00-05:00,1.899999976158142,1.9299999475479126,1.899999976158142,1.909999966621399,7225,0.0,0.0
2024-02-20 15:30:00-05:00,1.9019999504089355,1.9199999570846558,1.899999976158142,1.899999976158142,24801,0.0,0.0
2024-02-21 09:30:00-05:00,1.909999966621399,1.9600000381469727,1.8899999856948853,1.9600000381469727,17116,0.0,0.0
2024-02-21 10:30:00-05:00,1.9599000215530396,1.9600000381469727,1.9320000410079956,1.9600000381469727,10333,0.0,0.0
2024-02-21 11:30:00-05:00,1.940000057220459,1.9700000286102295,1.940000057220459,1.9600000381469727,12430,0.0,0.0
2024-02-21 12:30:00-05:00,1.9700000286102295,1.9900000095367432,1.9600000381469727,1.9600000381469727,10611,0.0,0.0
2024-02-21 13:30:00-05:00,1.9700000286102295,1.9800000190734863,1.9600000381469727,1.975000023841858,8049,0.0,0.0
2024-02-21 14:30:00-05:00,1.9800000190734863,1.9800000190734863,1.932800054550171,1.940000057220459,25002,0.0,0.0
2024-02-21 15:30:00-05:00,1.9300999641418457,1.9600000381469727,1.9199999570846558,1.940000057220459,9087,0.0,0.0
2024-02-22 09:30:00-05:00,1.940000057220459,1.9699000120162964,1.9249999523162842,1.9500000476837158,10935,0.0,0.0
2024-02-22 10:30:00-05:00,1.940000057220459,1.9500000476837158,1.940000057220459,1.940000057220459,20198,0.0,0.0
2024-02-22 11:30:00-05:00,1.9579999446868896,1.9600000381469727,1.9500000476837158,1.9600000381469727,35189,0.0,0.0
2024-02-22 12:30:00-05:00,1.9700000286102295,1.9700000286102295,1.9500000476837158,1.9500000476837158,1340,0.0,0.0
2024-02-22 13:30:00-05:00,1.9557000398635864,1.9600000381469727,1.9500000476837158,1.9600000381469727,4935,0.0,0.0
2024-02-22 14:30:00-05:00,1.9500999450683594,1.9500999450683594,1.909999966621399,1.940000057220459,32460,0.0,0.0
2024-02-22 15:30:00-05:00,1.940000057220459,1.9900000095367432,1.940000057220459,1.9700000286102295,34149,0.0,0.0
2024-02-23 09:30:00-05:00,1.9500000476837158,1.9900000095367432,1.940000057220459,1.9800000190734863,34081,0.0,0.0
2024-02-23 10:30:00-05:00,1.9900000095367432,2.0199999809265137,1.9900000095367432,2.0,42721,0.0,0.0
2024-02-23 11:30:00-05:00,2.0000998973846436,2.0299999713897705,2.0,2.0,18891,0.0,0.0
2024-02-23 12:30:00-05:00,2.0199999809265137,2.0399999618530273,2.0,2.0032999515533447,23558,0.0,0.0
2024-02-23 13:30:00-05:00,2.009999990463257,2.0399999618530273,2.0,2.0299999713897705,30328,0.0,0.0
2024-02-23 14:30:00-05:00,2.0299999713897705,2.049999952316284,2.0299999713897705,2.0299999713897705,12533,0.0,0.0
2024-02-23 15:30:00-05:00,2.0199999809265137,2.0350000858306885,1.9900000095367432,1.9900000095367432,29278,0.0,0.0
2024-02-26 09:30:00-05:00,2.0,2.049999952316284,1.9703999757766724,2.004699945449829,57575,0.0,0.0
2024-02-26 10:30:00-05:00,2.009999990463257,2.0399999618530273,2.0,2.0,30950,0.0,0.0
2024-02-26 11:30:00-05:00,2.0297999382019043,2.059999942779541,2.0113000869750977,2.03629994392395,8496,0.0,0.0
2024-02-26 12:30:00-05:00,2.0399999618530273,2.0699000358581543,2.0299999713897705,2.0699000358581543,9983,0.0,0.0
2024-02-26 13:30:00-05:00,2.0399999618530273,2.059999942779541,2.0399999618530273,2.049999952316284,5525,0.0,0.0
2024-02-26 14:30:00-05:00,2.0350000858306885,2.0450000762939453,2.0,2.0199999809265137,12381,0.0,0.0
2024-02-26 15:30:00-05:00,2.0199999809265137,2.0299999713897705,2.0,2.0,17646,0.0,0.0
2024-02-27 09:30:00-05:00,2.0,2.0399999618530273,2.0,2.029900074005127,36461,0.0,0.0
2024-02-27 10:30:00-05:00,2.0199999809265137,2.029900074005127,2.0,2.029900074005127,40431,0.0,0.0
2024-02-27 11:30:00-05:00,2.0199999809265137,2.059999942779541,2.0139999389648438,2.0401999950408936,46619,0.0,0.0
2024-02-27 12:30:00-05:00,2.049999952316284,2.0899999141693115,2.0399999618530273,2.0799999237060547,9999,0.0,0.0
2024-02-27 13:30:00-05:00,2.0799999237060547,2.0899999141693115,2.059999942779541,2.069999933242798,9293,0.0,0.0
2024-02-27 14:30:00-05:00,2.069999933242798,2.0899999141693115,2.059999942779541,2.0899999141693115,14629,0.0,0.0
2024-02-27 15:30:00-05:00,2.0799999237060547,2.0899999141693115,2.059999942779541,2.0899999141693115,15232,0.0,0.0
2024-02-28 09:30:00-05:00,2.0799999237060547,2.0799999237060547,1.9601000547409058,2.059999942779541,40316,0.0,0.0
2024-02-28 10:30:00-05:00,2.050100088119507,2.050100088119507,1.9800000190734863,2.0097999572753906,19958,0.0,0.0
2024-02-28 11:30:00-05:00,1.9960999488830566,2.0,1.9700000286102295,1.9800000190734863,33289,0.0,0.0
2024-02-28 12:30:00-05:00,1.9800000190734863,2.0,1.9700000286102295,1.9800000190734863,46607,0.0,0.0
2024-02-28 13:30:00-05:00,1.9996000528335571,2.0,1.9800000190734863,1.9982999563217163,2819,0.0,0.0
2024-02-28 14:30:00-05:00,2.0,2.0,1.9800000190734863,1.9801000356674194,6217,0.0,0.0
2024-02-28 15:30:00-05:00,1.9900000095367432,2.0,1.9800000190734863,1.9900000095367432,6116,0.0,0.0
2024-02-29 09:30:00-05:00,1.9600000381469727,2.0399999618530273,1.9600000381469727,1.9905999898910522,22553,0.0,0.0
2024-02-29 10:30:00-05:00,2.0,2.0,1.9800000190734863,1.996500015258789,21553,0.0,0.0
2024-02-29 11:30:00-05:00,2.0,2.0,1.9809999465942383,2.0,1302,0.0,0.0
2024-02-29 12:30:00-05:00,2.0,2.0199999809265137,2.0,2.0,7014,0.0,0.0
2024-02-29 13:30:00-05:00,2.009999990463257,2.009999990463257,2.0099000930786133,2.009999990463257,7809,0.0,0.0
2024-02-29 14:30:00-05:00,2.000699996948242,2.000699996948242,1.9900000095367432,2.0,28457,0.0,0.0
2024-02-29 15:30:00-05:00,2.0,2.0199999809265137,2.0,2.0199999809265137,12352,0.0,0.0
2024-03-01 09:30:00-05:00,2.0399999618530273,2.0399999618530273,1.9601000547409058,2.0000998973846436,8721,0.0,0.0
2024-03-01 10:30:00-05:00,2.012500047683716,2.0399999618530273,2.012500047683716,2.0299999713897705,21910,0.0,0.0
2024-03-01 11:30:00-05:00,2.039400100708008,2.0399999618530273,2.0,2.009999990463257,26374,0.0,0.0
2024-03-01 12:30:00-05:00,2.0,2.0099000930786133,1.9900000095367432,1.9950000047683716,7304,0.0,0.0
2024-03-01 13:30:00-05:00,1.9950000047683716,2.006700038909912,1.9950000047683716,2.006700038909912,10561,0.0,0.0
2024-03-01 14:30:00-05:00,1.9900000095367432,1.9900000095367432,1.9801000356674194,1.98989999294281,2215,0.0,0.0
2024-03-01 15:30:00-05:00,1.9900000095367432,2.009999990463257,1.9700000286102295,1.9700000286102295,15613,0.0,0.0
2024-03-04 09:30:00-05:00,1.9700000286102295,2.0199999809265137,1.9700000286102295,1.9918999671936035,7674,0.0,0.0
2024-03-04 10:30:00-05:00,1.9996000528335571,2.0199999809265137,1.9950000047683716,2.0,8969,0.0,0.0
2024-03-04 11:30:00-05:00,1.992799997329712,1.992799997329712,1.9700000286102295,1.9800000190734863,8814,0.0,0.0
2024-03-04 12:30:00-05:00,1.9800000190734863,2.0281999111175537,1.9800000190734863,2.0081000328063965,27005,0.0,0.0
2024-03-04 13:30:00-05:00,2.0083999633789062,2.0199999809265137,1.9900000095367432,2.0,19248,0.0,0.0
2024-03-04 14:30:00-05:00,1.9922000169754028,2.009999990463257,1.9701000452041626,1.9800000190734863,29521,0.0,0.0
2024-03-04 15:30:00-05:00,1.9900000095367432,2.0,1.9804999828338623,1.9976999759674072,56724,0.0,0.0
2024-03-05 09:30:00-05:00,1.9800000190734863,2.0,1.9800000190734863,1.9800000190734863,4832,0.0,0.0
2024-03-05 10:30:00-05:00,1.9700000286102295,2.015000104904175,1.9500000476837158,2.0,19109,0.0,0.0
2024-03-05 11:30:00-05:00,2.005000114440918,2.0199999809265137,2.005000114440918,2.0199999809265137,0,0.0,0.0
2024-03-05 12:30:00-05:00,2.0199999809265137,2.0299999713897705,2.0,2.009999990463257,29158,0.0,0.0
2024-03-05 13:30:00-05:00,2.0199999809265137,2.0201001167297363,2.015000104904175,2.0199999809265137,4470,0.0,0.0
2024-03-05 14:30:00-05:00,2.0199999809265137,2.0199999809265137,2.0,2.001199960708618,5572,0.0,0.0
2024-03-05 15:30:00-05:00,2.009999990463257,2.009999990463257,2.0,2.0,24922,0.0,0.0
2024-03-06 09:30:00-05:00,1.9900000095367432,2.0,1.9700000286102295,2.0,22000,0.0,0.0
2024-03-06 10:30:00-05:00,1.9900000095367432,2.0199999809265137,1.9900000095367432,2.0199999809265137,20377,0.0,0.0
2024-03-06 11:30:00-05:00,2.009999990463257,2.030100107192993,2.009999990463257,2.030100107192993,26719,0.0,0.0
2024-03-06 12:30:00-05:00,2.0299999713897705,2.0313000679016113,1.9800000190734863,1.9800000190734863,16707,0.0,0.0
2024-03-06 13:30:00-05:00,1.9800000190734863,2.0,1.9700000286102295,1.9700000286102295,19865,0.0,0.0
2024-03-06 14:30:00-05:00,1.9800000190734863,1.9900000095367432,1.9700000286102295,1.975000023841858,14308,0.0,0.0
2024-03-06 15:30:00-05:00,1.9700000286102295,1.9700000286102295,1.9500000476837158,1.9500000476837158,32528,0.0,0.0
2024-03-07 09:30:00-05:00,1.940000057220459,1.9600000381469727,1.9299999475479126,1.9551000595092773,17537,0.0,0.0
2024-03-07 10:30:00-05:00,1.9700000286102295,1.9700000286102295,1.9700000286102295,1.9700000286102295,358,0.0,0.0
2024-03-07 11:30:00-05:00,1.9627000093460083,1.9800000190734863,1.9627000093460083,1.9800000190734863,1402,0.0,0.0
2024-03-07 12:30:00-05:00,1.9799000024795532,1.9800000190734863,1.9616999626159668,1.9800000190734863,2889,0.0,0.0
2024-03-07 13:30:00-05:00,1.9900000095367432,1.9900000095367432,1.9809000492095947,1.9900000095367432,1450,0.0,0.0
2024-03-07 14:30:00-05:00,1.9900000095367432,1.9980000257492065,1.9800000190734863,1.9800000190734863,3805,0.0,0.0
2024-03-07 15:30:00-05:00,1.9833999872207642,1.9900000095367432,1.9800000190734863,1.9900000095367432,3044,0.0,0.0
2024-03-08 09:30:00-05:00,1.989799976348877,2.009999990463257,1.9500000476837158,1.9809000492095947,21698,0.0,0.0
2024-03-08 10:30:00-05:00,1.9900000095367432,2.0,1.9700000286102295,1.9800000190734863,7424,0.0,0.0
2024-03-08 11:30:00-05:00,1.9900000095367432,1.9950000047683716,1.9700000286102295,1.975000023841858,9117,0.0,0.0
2024-03-08 12:30:00-05:00,1.9800000190734863,1.9900000095367432,1.9700000286102295,1.9900000095367432,7651,0.0,0.0
2024-03-08 13:30:00-05:00,1.9800000190734863,2.0,1.9800000190734863,1.9800000190734863,2018,0.0,0.0
2024-03-08 14:30:00-05:00,1.9900000095367432,1.9950000047683716,1.9850000143051147,1.9850000143051147,2523,0.0,0.0
2024-03-08 15:30:00-05:00,1.9850000143051147,1.999899983406067,1.9800000190734863,1.9850000143051147,3384,0.0,0.0
2024-03-11 09:30:00-04:00,1.9900000095367432,2.0199999809265137,1.9730000495910645,1.9793000221252441,41488,0.0,0.0
2024-03-11 10:30:00-04:00,1.9700000286102295,1.9900000095367432,1.9700000286102295,1.9772000312805176,8043,0.0,0.0
2024-03-11 11:30:00-04:00,1.975000023841858,1.9850000143051147,1.975000023841858,1.9850000143051147,3377,0.0,0.0
2024-03-11 12:30:00-04:00,1.9900000095367432,1.9900000095367432,1.9800000190734863,1.9800000190734863,4990,0.0,0.0
2024-03-11 13:30:00-04:00,1.9800000190734863,2.0199999809265137,1.9800000190734863,2.0100998878479004,15428,0.0,0.0
2024-03-11 14:30:00-04:00,2.0111000537872314,2.0299999713897705,2.009999990463257,2.0199999809265137,5514,0.0,0.0
2024-03-11 15:30:00-04:00,2.01200008392334,2.0399999618530273,2.009999990463257,2.009999990463257,24452,0.0,0.0
2024-03-12 09:30:00-04:00,1.909999966621399,1.909999966621399,1.7899999618530273,1.8601000308990479,180819,0.0,0.0
2024-03-12 10:30:00-04:00,1.8660000562667847,1.9199999570846558,1.8660000562667847,1.909999966621399,108136,0.0,0.0
2024-03-12 11:30:00-04:00,1.910099983215332,1.9199999570846558,1.9000999927520752,1.9199999570846558,14447,0.0,0.0
2024-03-12 12:30:00-04:00,1.909999966621399,1.9600000381469727,1.899999976158142,1.9500000476837158,157399,0.0,0.0
2024-03-12 13:30:00-04:00,1.9299999475479126,1.9600000381469727,1.9299999475479126,1.9550000429153442,18205,0.0,0.0
2024-03-12 14:30:00-04:00,1.9500000476837158,1.9550000429153442,1.9407999515533447,1.9450000524520874,7317,0.0,0.0
2024-03-12 15:30:00-04:00,1.9450000524520874,1.9600000381469727,1.940000057220459,1.940000057220459,34775,0.0,0.0
2024-03-13 09:30:00-04:00,1.940000057220459,1.9800000190734863,1.909999966621399,1.9700000286102295,46924,0.0,0.0
2024-03-13 10:30:00-04:00,1.940000057220459,1.9609999656677246,1.940000057220459,1.9600000381469727,20874,0.0,0.0
2024-03-13 11:30:00-04:00,1.9600000381469727,1.9693000316619873,1.9450000524520874,1.9600000381469727,16104,0.0,0.0
2024-03-13 12:30:00-04:00,1.9600000381469727,1.9600000381469727,1.9199999570846558,1.9199999570846558,20444,0.0,0.0
2024-03-13 13:30:00-04:00,1.9299999475479126,1.940000057220459,1.9299999475479126,1.934999942779541,2591,0.0,0.0
2024-03-13 14:30:00-04:00,1.934999942779541,1.934999942779541,1.8799999952316284,1.8799999952316284,35554,0.0,0.0
2024-03-13 15:30:00-04:00,1.8600000143051147,1.9199999570846558,1.850000023841858,1.8700000047683716,30649,0.0,0.0
2024-03-14 09:30:00-04:00,1.8799999952316284,1.899999976158142,1.8650000095367432,1.8700000047683716,15996,0.0,0.0
2024-03-14 10:30:00-04:00,1.8799999952316284,1.8899999856948853,1.861199975013733,1.8899999856948853,15483,0.0,0.0
2024-03-14 11:30:00-04:00,1.8899999856948853,1.909999966621399,1.8849999904632568,1.8849999904632568,15036,0.0,0.0
2024-03-14 12:30:00-04:00,1.8849999904632568,1.899999976158142,1.875,1.8899999856948853,16488,0.0,0.0
2024-03-14 13:30:00-04:00,1.8949999809265137,1.899999976158142,1.8799999952316284,1.8849999904632568,18279,0.0,0.0
2024-03-14 14:30:00-04:00,1.8799999952316284,1.8899999856948853,1.8700000047683716,1.8799999952316284,23470,0.0,0.0
2024-03-14 15:30:00-04:00,1.8700000047683716,1.8799999952316284,1.8700000047683716,1.8799999952316284,11289,0.0,0.0
2024-03-15 09:30:00-04:00,1.8799999952316284,1.9149999618530273,1.8799999952316284,1.8799999952316284,8621,0.0,0.0
2024-03-15 10:30:00-04:00,1.8849999904632568,1.9199999570846558,1.8806999921798706,1.909999966621399,19324,0.0,0.0
2024-03-15 11:30:00-04:00,1.909999966621399,1.9299999475479126,1.9049999713897705,1.909999966621399,27661,0.0,0.0
2024-03-15 12:30:00-04:00,1.9149999618530273,1.9199999570846558,1.899999976158142,1.9199999570846558,24156,0.0,0.0
2024-03-15 13:30:00-04:00,1.9199999570846558,1.9299999475479126,1.9199999570846558,1.9199999570846558,12041,0.0,0.0
2024-03-15 14:30:00-04:00,1.9199999570846558,1.9199999570846558,1.909999966621399,1.9149999618530273,6966,0.0,0.0
2024-03-15 15:30:00-04:00,1.9149999618530273,1.9182000160217285,1.899999976158142,1.899999976158142,12263,0.0,0.0
2024-03-18 09:30:00-04:00,1.899999976158142,1.909999966621399,1.8799999952316284,1.9000999927520752,38192,0.0,0.0
2024-03-18 10:30:00-04:00,1.909999966621399,1.909999966621399,1.899999976158142,1.909999966621399,29380,0.0,0.0
2024-03-18 11:30:00-04:00,1.899999976158142,1.909999966621399,1.8680000305175781,1.909999966621399,26647,0.0,0.0
2024-03-18 12:30:00-04:00,1.899999976158142,1.899999976158142,1.8799999952316284,1.8875000476837158,3821,0.0,0.0
2024-03-18 13:30:00-04:00,1.8799999952316284,1.8875000476837158,1.8600000143051147,1.8799999952316284,15531,0.0,0.0
2024-03-18 14:30:00-04:00,1.8799999952316284,1.899999976158142,1.8798999786376953,1.899999976158142,9215,0.0,0.0
2024-03-18 15:30:00-04:00,1.909999966621399,1.909999966621399,1.8799999952316284,1.8799999952316284,46681,0.0,0.0
2024-03-19 09:30:00-04:00,1.850000023841858,1.8798999786376953,1.8300000429153442,1.875,62634,0.0,0.0
2024-03-19 10:30:00-04:00,1.899999976158142,1.899999976158142,1.8700000047683716,1.899999976158142,5221,0.0,0.0
2024-03-19 11:30:00-04:00,1.899899959564209,1.899999976158142,1.8869999647140503,1.8978999853134155,4040,0.0,0.0
2024-03-19 12:30:00-04:00,1.9049999713897705,1.9199999570846558,1.899999976158142,1.899999976158142,5161,0.0,0.0
2024-03-19 13:30:00-04:00,1.899999976158142,1.899999976158142,1.8799999952316284,1.8899999856948853,41664,0.0,0.0
2024-03-19 14:30:00-04:00,1.8798999786376953,1.899999976158142,1.8798999786376953,1.8799999952316284,7557,0.0,0.0
2024-03-19 15:30:00-04:00,1.899999976158142,1.899999976158142,1.850000023841858,1.850000023841858,3500,0.0,0.0
2024-03-20 09:30:00-04:00,1.840000033378601,1.8909000158309937,1.840000033378601,1.8909000158309937,36579,0.0,0.0
2024-03-20 10:30:00-04:00,1.899999976158142,1.899999976158142,1.8899999856948853,1.8949999809265137,6703,0.0,0.0
2024-03-20 11:30:00-04:00,1.8899999856948853,1.899999976158142,1.8899999856948853,1.8949999809265137,13160,0.0,0.0
2024-03-20 12:30:00-04:00,1.8949999809265137,1.8949999809265137,1.8899999856948853,1.8949999809265137,1819,0.0,0.0
2024-03-20 13:30:00-04:00,1.8899999856948853,1.899999976158142,1.8880000114440918,1.899999976158142,11735,0.0,0.0
2024-03-20 14:30:00-04:00,1.898800015449524,1.909999966621399,1.8949999809265137,1.909999966621399,13852,0.0,0.0
2024-03-20 15:30:00-04:00,1.9199999570846558,1.9199999570846558,1.909999966621399,1.9199999570846558,4700,0.0,0.0
2024-03-21 09:30:00-04:00,1.909999966621399,1.934999942779541,1.909999966621399,1.9299999475479126,15540,0.0,0.0
2024-03-21 10:30:00-04:00,1.9299999475479126,1.940000057220459,1.9299999475479126,1.9299999475479126,6643,0.0,0.0
2024-03-21 11:30:00-04:00,1.9299999475479126,1.934999942779541,1.9200999736785889,1.9326000213623047,10367,0.0,0.0
2024-03-21 12:30:00-04:00,1.9299999475479126,1.9313000440597534,1.9199999570846558,1.9199999570846558,7955,0.0,0.0
2024-03-21 13:30:00-04:00,1.9299999475479126,1.9600000381469727,1.9299999475479126,1.9600000381469727,26930,0.0,0.0
2024-03-21 14:30:00-04:00,1.9600000381469727,1.9700000286102295,1.9199999570846558,1.9199999570846558,18087,0.0,0.0
2024-03-21 15:30:00-04:00,1.9104000329971313,1.929900050163269,1.909999966621399,1.909999966621399,4746,0.0,0.0
2024-03-22 09:30:00-04:00,1.9299999475479126,1.9299999475479126,1.9199999570846558,1.9199999570846558,0,0.0,0.0
2024-03-22 10:30:00-04:00,1.909999966621399,1.929900050163269,1.909999966621399,1.929900050163269,12933,0.0,0.0
2024-03-22 11:30:00-04:00,1.909999966621399,1.9199999570846558,1.909999966621399,1.9199999570846558,2098,0.0,0.0
2024-03-22 13:30:00-04:00,1.9149999618530273,1.919700026512146,1.899999976158142,1.909999966621399,7174,0.0,0.0
2024-03-22 14:30:00-04:00,1.909999966621399,1.9149999618530273,1.909999966621399,1.909999966621399,10450,0.0,0.0
2024-03-22 15:30:00-04:00,1.9111000299453735,1.9149999618530273,1.8899999856948853,1.909999966621399,22775,0.0,0.0
2024-03-25 09:30:00-04:00,1.9199999570846558,1.9399000406265259,1.909999966621399,1.9292000532150269,25616,0.0,0.0
2024-03-25 10:30:00-04:00,1.9199999570846558,1.9199999570846558,1.909999966621399,1.909999966621399,3555,0.0,0.0
2024-03-25 11:30:00-04:00,1.909999966621399,1.9198999404907227,1.899999976158142,1.909999966621399,8083,0.0,0.0
2024-03-25 12:30:00-04:00,1.9199999570846558,1.9199999570846558,1.9199999570846558,1.9199999570846558,400,0.0,0.0
2024-03-25 13:30:00-04:00,1.9183000326156616,1.9199999570846558,1.9049999713897705,1.909999966621399,12577,0.0,0.0
2024-03-25 14:30:00-04:00,1.909999966621399,1.909999966621399,1.8899999856948853,1.8899999856948853,4992,0.0,0.0
2024-03-25 15:30:00-04:00,1.8799999952316284,1.8899999856948853,1.850000023841858,1.8700000047683716,54959,0.0,0.0
2024-03-26 09:30:00-04:00,1.8700000047683716,1.899999976158142,1.8600000143051147,1.8700000047683716,21492,0.0,0.0
2024-03-26 10:30:00-04:00,1.8700000047683716,1.8799999952316284,1.8600000143051147,1.8650000095367432,6296,0.0,0.0
2024-03-26 11:30:00-04:00,1.8609999418258667,1.8700000047683716,1.8600000143051147,1.8700000047683716,3230,0.0,0.0
2024-03-26 12:30:00-04:00,1.8700000047683716,1.909999966621399,1.8700000047683716,1.8799999952316284,22207,0.0,0.0
2024-03-26 13:30:00-04:00,1.8723000288009644,1.8799999952316284,1.8600000143051147,1.8700000047683716,10750,0.0,0.0
2024-03-26 14:30:00-04:00,1.8650000095367432,1.8650000095367432,1.850000023841858,1.8550000190734863,18557,0.0,0.0
2024-03-26 15:30:00-04:00,1.8550000190734863,1.8600000143051147,1.8300000429153442,1.8600000143051147,27971,0.0,0.0
2024-03-27 09:30:00-04:00,1.840000033378601,1.8700000047683716,1.840000033378601,1.8700000047683716,0,0.0,0.0
2024-03-27 10:30:00-04:00,1.8600000143051147,1.8798999786376953,1.840000033378601,1.8758000135421753,25126,0.0,0.0
2024-03-27 11:30:00-04:00,1.875,1.8799999952316284,1.875,1.8799999952316284,462,0.0,0.0
2024-03-27 12:30:00-04:00,1.875,1.875,1.875,1.875,598,0.0,0.0
2024-03-27 13:30:00-04:00,1.8700000047683716,1.875,1.8700000047683716,1.8700000047683716,3839,0.0,0.0
2024-03-27 14:30:00-04:00,1.875,1.875,1.875,1.875,621,0.0,0.0
2024-03-27 15:30:00-04:00,1.8702000379562378,1.8899999856948853,1.8702000379562378,1.8899999856948853,8463,0.0,0.0
2024-03-28 09:30:00-04:00,1.8700000047683716,1.9199999570846558,1.8700000047683716,1.899999976158142,43481,0.0,0.0
2024-03-28 10:30:00-04:00,1.909600019454956,1.9700000286102295,1.909600019454956,1.9700000286102295,35411,0.0,0.0
2024-03-28 11:30:00-04:00,1.9700000286102295,1.9700000286102295,1.9600000381469727,1.9700000286102295,17682,0.0,0.0
2024-03-28 12:30:00-04:00,1.9700000286102295,1.9700000286102295,1.940000057220459,1.9500000476837158,27300,0.0,0.0
2024-03-28 13:30:00-04:00,1.9500000476837158,1.9600000381469727,1.940000057220459,1.9520000219345093,24200,0.0,0.0
2024-03-28 14:30:00-04:00,1.9600000381469727,1.9600000381469727,1.9299999475479126,1.9500000476837158,29828,0.0,0.0
2024-03-28 15:30:00-04:00,1.9500000476837158,1.9500000476837158,1.9199999570846558,1.9199999570846558,9859,0.0,0.0
2024-04-01 09:30:00-04:00,1.8899999856948853,1.899999976158142,1.8700000047683716,1.899999976158142,34172,0.0,0.0
2024-04-01 10:30:00-04:00,1.8899999856948853,1.8960000276565552,1.8799999952316284,1.8899999856948853,7682,0.0,0.0
2024-04-01 11:30:00-04:00,1.882099986076355,1.909999966621399,1.8799999952316284,1.909999966621399,26685,0.0,0.0
2024-04-01 12:30:00-04:00,1.9049999713897705,1.9500000476837158,1.899999976158142,1.9500000476837158,17721,0.0,0.0
2024-04-01 13:30:00-04:00,1.9500000476837158,1.9700000286102295,1.9500000476837158,1.9579999446868896,5555,0.0,0.0
2024-04-01 14:30:00-04:00,1.9579999446868896,1.9579999446868896,1.9450000524520874,1.9450000524520874,3199,0.0,0.0
2024-04-01 15:30:00-04:00,1.9299999475479126,1.940000057220459,1.9199999570846558,1.9199999570846558,5586,0.0,0.0
2024-04-02 09:30:00-04:00,1.909999966621399,1.9359999895095825,1.909999966621399,1.9199999570846558,0,0.0,0.0
2024-04-02 10:30:00-04:00,1.909999966621399,1.9149999618530273,1.8799999952316284,1.9149999618530273,21626,0.0,0.0
2024-04-02 11:30:00-04:00,1.909999966621399,1.9199999570846558,1.909999966621399,1.9198999404907227,1747,0.0,0.0
2024-04-02 12:30:00-04:00,1.9149999618530273,1.9199999570846558,1.909999966621399,1.9149999618530273,28706,0.0,0.0
2024-04-02 13:30:00-04:00,1.9199999570846558,1.9299999475479126,1.909999966621399,1.9249999523162842,19785,0.0,0.0
2024-04-02 14:30:00-04:00,1.9249999523162842,1.929900050163269,1.909999966621399,1.909999966621399,19303,0.0,0.0
2024-04-02 15:30:00-04:00,1.909999966621399,1.9110000133514404,1.909999966621399,1.909999966621399,3298,0.0,0.0
2024-04-03 09:30:00-04:00,1.9600000381469727,2.009999990463257,1.909999966621399,1.9800000190734863,80555,0.0,0.0
2024-04-03 10:30:00-04:00,1.975000023841858,2.0,1.9500000476837158,1.9700000286102295,21859,0.0,0.0
2024-04-03 11:30:00-04:00,1.9700000286102295,1.9799000024795532,1.9600000381469727,1.9600000381469727,8011,0.0,0.0
2024-04-03 12:30:00-04:00,1.9799000024795532,1.9799000024795532,1.9600000381469727,1.9700000286102295,5956,0.0,0.0
2024-04-03 13:30:00-04:00,1.9799000024795532,1.9799000024795532,1.9700000286102295,1.9700000286102295,3005,0.0,0.0
2024-04-03 14:30:00-04:00,1.9700000286102295,1.9800000190734863,1.9601000547409058,1.9800000190734863,9007,0.0,0.0
2024-04-03 15:30:00-04:00,1.965000033378601,1.9800000190734863,1.9500000476837158,1.9800000190734863,11226,0.0,0.0
2024-04-04 09:30:00-04:00,1.9800000190734863,1.9800000190734863,1.9500000476837158,1.9699000120162964,13540,0.0,0.0
2024-04-04 10:30:00-04:00,1.9600000381469727,1.9699000120162964,1.940000057220459,1.9601999521255493,36090,0.0,0.0
2024-04-04 11:30:00-04:00,1.9700000286102295,2.0106000900268555,1.9700000286102295,2.0106000900268555,9660,0.0,0.0
2024-04-04 12:30:00-04:00,2.015000104904175,2.015000104904175,1.9900000095367432,2.009999990463257,10592,0.0,0.0
2024-04-04 13:30:00-04:00,2.0199999809265137,2.0490000247955322,2.009999990463257,2.0299999713897705,34029,0.0,0.0
2024-04-04 14:30:00-04:00,2.0299999713897705,2.0350000858306885,1.9450000524520874,1.9450000524520874,26129,0.0,0.0
2024-04-04 15:30:00-04:00,1.940000057220459,1.9500000476837158,1.940000057220459,1.940000057220459,12314,0.0,0.0
2024-04-05 09:30:00-04:00,1.9299999475479126,2.0,1.929900050163269,1.9800000190734863,54903,0.0,0.0
2024-04-05 10:30:00-04:00,1.9910000562667847,2.0899999141693115,1.9900000095367432,2.075000047683716,105567,0.0,0.0
2024-04-05 11:30:00-04:00,2.069999933242798,2.109999895095825,2.069999933242798,2.1059999465942383,72444,0.0,0.0
2024-04-05 12:30:00-04:00,2.100100040435791,2.1698999404907227,2.100100040435791,2.1500000953674316,109630,0.0,0.0
2024-04-05 13:30:00-04:00,2.140000104904175,2.1600000858306885,2.115000009536743,2.1500000953674316,62746,0.0,0.0
2024-04-05 14:30:00-04:00,2.1500000953674316,2.1530001163482666,2.130000114440918,2.1500000953674316,38396,0.0,0.0
2024-04-05 15:30:00-04:00,2.1500000953674316,2.180000066757202,2.1500000953674316,2.1700000762939453,33751,0.0,0.0
2024-04-08 09:30:00-04:00,2.180000066757202,2.240000009536743,2.1700000762939453,2.200000047683716,77267,0.0,0.0
2024-04-08 10:30:00-04:00,2.203700065612793,2.2799999713897705,2.203700065612793,2.2300000190734863,73074,0.0,0.0
2024-04-08 11:30:00-04:00,2.210200071334839,2.259999990463257,2.2100000381469727,2.2399001121520996,29445,0.0,0.0
2024-04-08 12:30:00-04:00,2.23799991607666,2.244999885559082,2.2200000286102295,2.2200000286102295,13497,0.0,0.0
2024-04-08 13:30:00-04:00,2.2200000286102295,2.2300000190734863,2.2100000381469727,2.2249999046325684,3562,0.0,0.0
2024-04-08 14:30:00-04:00,2.220099925994873,2.222399950027466,2.2100000381469727,2.2100000381469727,3161,0.0,0.0
2024-04-08 15:30:00-04:00,2.2100000381469727,2.2200000286102295,2.2100000381469727,2.2200000286102295,5515,0.0,0.0
2024-04-09 09:30:00-04:00,2.240000009536743,2.299999952316284,2.240000009536743,2.259999990463257,80344,0.0,0.0
2024-04-09 10:30:00-04:00,2.240000009536743,2.242300033569336,2.200000047683716,2.2200000286102295,21372,0.0,0.0
2024-04-09 11:30:00-04:00,2.2200000286102295,2.234999895095825,2.2200000286102295,2.234999895095825,5157,0.0,0.0
2024-04-09 12:30:00-04:00,2.2304999828338623,2.234999895095825,2.200000047683716,2.2200000286102295,6151,0.0,0.0
2024-04-09 13:30:00-04:00,2.2200000286102295,2.220099925994873,2.2200000286102295,2.2200000286102295,3340,0.0,0.0
2024-04-09 14:30:00-04:00,2.2100000381469727,2.2100000381469727,2.180000066757202,2.190000057220459,6378,0.0,0.0
2024-04-09 15:30:00-04:00,2.1800999641418457,2.200000047683716,2.180000066757202,2.180000066757202,13905,0.0,0.0
2024-04-10 09:30:00-04:00,2.190000057220459,2.1982998847961426,2.190000057220459,2.196000099182129,4223,0.0,0.0
2024-04-10 10:30:00-04:00,2.180000066757202,2.190000057220459,2.180000066757202,2.1816999912261963,2179,0.0,0.0
2024-04-10 11:30:00-04:00,2.1982998847961426,2.1982998847961426,2.180000066757202,2.194999933242798,2063,0.0,0.0
2024-04-10 12:30:00-04:00,2.190000057220459,2.190000057220459,2.0199999809265137,2.109999895095825,76257,0.0,0.0
2024-04-10 13:30:00-04:00,2.119999885559082,2.119999885559082,2.0850000381469727,2.1101999282836914,8774,0.0,0.0
2024-04-10 14:30:00-04:00,2.111999988555908,2.200000047683716,2.075000047683716,2.115000009536743,16555,0.0,0.0
2024-04-10 15:30:00-04:00,2.1294000148773193,2.1500000953674316,2.119999885559082,2.1500000953674316,19049,0.0,0.0
2024-04-11 09:30:00-04:00,2.130000114440918,2.1301000118255615,2.0899999141693115,2.0899999141693115,35743,0.0,0.0
2024-04-11 10:30:00-04:00,2.0850000381469727,2.0899999141693115,2.0799999237060547,2.0799999237060547,4393,0.0,0.0
2024-04-11 11:30:00-04:00,2.0824999809265137,2.119999885559082,2.0824999809265137,2.098900079727173,71309,0.0,0.0
2024-04-11 12:30:00-04:00,2.1050000190734863,2.109299898147583,2.1050000190734863,2.109299898147583,609,0.0,0.0
2024-04-11 13:30:00-04:00,2.109999895095825,2.109999895095825,2.0999999046325684,2.1050000190734863,3370,0.0,0.0
2024-04-11 14:30:00-04:00,2.109499931335449,2.130000114440918,2.0999999046325684,2.130000114440918,7881,0.0,0.0
2024-04-11 15:30:00-04:00,2.1298999786376953,2.140000104904175,2.109999895095825,2.109999895095825,11928,0.0,0.0
2024-04-12 09:30:00-04:00,2.130000114440918,2.1549999713897705,2.109999895095825,2.109999895095825,9023,0.0,0.0
2024-04-12 10:30:00-04:00,2.0915000438690186,2.109999895095825,2.055000066757202,2.055000066757202,7561,0.0,0.0
2024-04-12 11:30:00-04:00,2.055000066757202,2.0899999141693115,2.055000066757202,2.069999933242798,28032,0.0,0.0
2024-04-12 12:30:00-04:00,2.059999942779541,2.109999895095825,2.059999942779541,2.109999895095825,12513,0.0,0.0
2024-04-12 13:30:00-04:00,2.0999999046325684,2.130000114440918,2.0999999046325684,2.119999885559082,9862,0.0,0.0
2024-04-12 14:30:00-04:00,2.130000114440918,2.1398000717163086,2.0999999046325684,2.0999999046325684,17462,0.0,0.0
2024-04-12 15:30:00-04:00,2.0999999046325684,2.115000009536743,2.0999999046325684,2.0999999046325684,3598,0.0,0.0
2024-04-15 09:30:00-04:00,2.0399999618530273,2.1500000953674316,2.0399999618530273,2.1480000019073486,43767,0.0,0.0
2024-04-15 10:30:00-04:00,2.121000051498413,2.130000114440918,2.0899999141693115,2.0899999141693115,10059,0.0,0.0
2024-04-15 11:30:00-04:00,2.0899999141693115,2.0999999046325684,2.059999942779541,2.059999942779541,4940,0.0,0.0
2024-04-15 12:30:00-04:00,2.059999942779541,2.069999933242798,2.0399999618530273,2.049999952316284,20048,0.0,0.0
2024-04-15 13:30:00-04:00,2.049999952316284,2.079900026321411,2.0399999618530273,2.0399999618530273,22011,0.0,0.0
2024-04-15 14:30:00-04:00,2.0299999713897705,2.0399999618530273,2.009999990463257,2.0199999809265137,36692,0.0,0.0
2024-04-15 15:30:00-04:00,2.0199999809265137,2.049999952316284,2.009999990463257,2.0199999809265137,28846,0.0,0.0
2024-04-16 09:30:00-04:00,1.9850000143051147,1.9850000143051147,1.909600019454956,1.940000057220459,40867,0.0,0.0
2024-04-16 10:30:00-04:00,1.9500000476837158,1.9700000286102295,1.940000057220459,1.9700000286102295,5582,0.0,0.0
2024-04-16 11:30:00-04:00,1.965000033378601,1.965000033378601,1.9600000381469727,1.965000033378601,3882,0.0,0.0
2024-04-16 12:30:00-04:00,1.9600000381469727,1.9686000347137451,1.9600000381469727,1.9600000381469727,8595,0.0,0.0
2024-04-16 13:30:00-04:00,1.9700000286102295,1.9700000286102295,1.9600000381469727,1.9700000286102295,8513,0.0,0.0
2024-04-16 14:30:00-04:00,1.9800000190734863,1.9900000095367432,1.9700000286102295,1.9800000190734863,22178,0.0,0.0
2024-04-16 15:30:00-04:00,1.9800000190734863,1.9900000095367432,1.9800000190734863,1.9800000190734863,10075,0.0,0.0
2024-04-17 09:30:00-04:00,1.9900000095367432,2.0250000953674316,1.9900000095367432,2.0,10515,0.0,0.0
2024-04-17 10:30:00-04:00,1.9819999933242798,1.9950000047683716,1.9800000190734863,1.9850000143051147,9816,0.0,0.0
2024-04-17 11:30:00-04:00,1.975000023841858,1.9900000095367432,1.975000023841858,1.9800000190734863,5221,0.0,0.0
2024-04-17 12:30:00-04:00,1.9950000047683716,1.9950000047683716,1.9950000047683716,1.9950000047683716,293,0.0,0.0
2024-04-17 13:30:00-04:00,1.9950000047683716,2.0299999713897705,1.9950000047683716,2.009999990463257,12221,0.0,0.0
2024-04-17 14:30:00-04:00,2.0199999809265137,2.0199999809265137,2.005000114440918,2.009999990463257,3363,0.0,0.0
2024-04-17 15:30:00-04:00,2.009999990463257,2.009999990463257,1.9700000286102295,1.9800000190734863,5338,0.0,0.0
2024-04-18 09:30:00-04:00,1.9800000190734863,2.0199999809265137,1.9700000286102295,2.0199999809265137,2648,0.0,0.0
2024-04-18 10:30:00-04:00,2.0199999809265137,2.0299999713897705,2.009999990463257,2.0199999809265137,6058,0.0,0.0
2024-04-18 11:30:00-04:00,1.9948999881744385,2.0432000160217285,1.9948999881744385,2.0250000953674316,15244,0.0,0.0
2024-04-18 12:30:00-04:00,2.0250000953674316,2.0399999618530273,2.0,2.015000104904175,7143,0.0,0.0
2024-04-18 13:30:00-04:00,2.009999990463257,2.009999990463257,2.0,2.0,9786,0.0,0.0
2024-04-18 14:30:00-04:00,2.0,2.0,1.9800000190734863,1.9950000047683716,5999,0.0,0.0
2024-04-18 15:30:00-04:00,2.0,2.069999933242798,1.9900000095367432,2.009999990463257,14435,0.0,0.0
2024-04-19 09:30:00-04:00,2.0199999809265137,2.0199999809265137,1.9600000381469727,1.9900000095367432,6498,0.0,0.0
2024-04-19 10:30:00-04:00,1.9900000095367432,2.0,1.9800000190734863,2.0,6320,0.0,0.0
2024-04-19 11:30:00-04:00,1.9950000047683716,1.9950000047683716,1.9900000095367432,1.9900000095367432,11195,0.0,0.0
2024-04-19 12:30:00-04:00,1.9900000095367432,2.0,1.9800000190734863,2.0,10189,0.0,0.0
2024-04-19 13:30:00-04:00,2.0,2.0,1.9900000095367432,2.0,44167,0.0,0.0
2024-04-19 14:30:00-04:00,1.999899983406067,1.999899983406067,1.9900000095367432,1.9900000095367432,1362,0.0,0.0
2024-04-19 15:30:00-04:00,1.9823999404907227,1.9900000095367432,1.9800000190734863,1.9800000190734863,5621,0.0,0.0
2024-04-22 09:30:00-04:00,1.9299999475479126,1.9800000190734863,1.9299999475479126,1.9800000190734863,47676,0.0,0.0
2024-04-22 10:30:00-04:00,1.9700000286102295,1.9900000095367432,1.9700000286102295,1.9900000095367432,13387,0.0,0.0
2024-04-22 11:30:00-04:00,2.0,2.02839994430542,1.9989999532699585,2.02839994430542,10581,0.0,0.0
2024-04-22 12:30:00-04:00,2.0299999713897705,2.0299999713897705,2.0199999809265137,2.0250000953674316,2535,0.0,0.0
2024-04-22 13:30:00-04:00,2.009999990463257,2.0199999809265137,2.009999990463257,2.0199999809265137,3163,0.0,0.0
2024-04-22 14:30:00-04:00,2.015000104904175,2.069999933242798,2.015000104904175,2.069999933242798,37275,0.0,0.0
2024-04-22 15:30:00-04:00,2.069999933242798,2.069999933242798,2.0490000247955322,2.0490000247955322,10119,0.0,0.0
2024-04-23 09:30:00-04:00,2.0199999809265137,2.0696001052856445,2.0199999809265137,2.059999942779541,9405,0.0,0.0
2024-04-23 10:30:00-04:00,2.059999942779541,2.0699000358581543,2.049999952316284,2.0569000244140625,18953,0.0,0.0
2024-04-23 11:30:00-04:00,2.049999952316284,2.049999952316284,2.049999952316284,2.049999952316284,3515,0.0,0.0
2024-04-23 12:30:00-04:00,2.06850004196167,2.0799999237060547,2.059999942779541,2.069999933242798,5029,0.0,0.0
2024-04-23 13:30:00-04:00,2.0708000659942627,2.099900007247925,2.069999933242798,2.099900007247925,7527,0.0,0.0
2024-04-23 14:30:00-04:00,2.0803000926971436,2.0899999141693115,2.050100088119507,2.050100088119507,18943,0.0,0.0
2024-04-23 15:30:00-04:00,2.0510001182556152,2.069999933242798,2.0399999618530273,2.0399999618530273,4002,0.0,0.0
2024-04-24 09:30:00-04:00,2.0399999618530273,2.0399999618530273,2.0,2.0299999713897705,42720,0.0,0.0
2024-04-24 10:30:00-04:00,2.0199999809265137,2.049999952316284,2.015000104904175,2.049999952316284,14341,0.0,0.0
2024-04-24 11:30:00-04:00,2.059999942779541,2.130000114440918,2.059999942779541,2.0850000381469727,24694,0.0,0.0
2024-04-24 12:30:00-04:00,2.081899881362915,2.1500000953674316,2.081899881362915,2.130000114440918,19201,0.0,0.0
2024-04-24 13:30:00-04:00,2.119999885559082,2.1500000953674316,2.109999895095825,2.1101999282836914,23203,0.0,0.0
2024-04-24 14:30:00-04:00,2.1298999786376953,2.1298999786376953,2.0999999046325684,2.109999895095825,7320,0.0,0.0
2024-04-24 15:30:00-04:00,2.1050000190734863,2.109999895095825,2.0799999237060547,2.0999999046325684,47570,0.0,0.0
2024-04-25 09:30:00-04:00,2.059999942779541,2.0999999046325684,2.059999942779541,2.0999999046325684,10274,0.0,0.0
2024-04-25 10:30:00-04:00,2.0999999046325684,2.1050000190734863,2.0910000801086426,2.1050000190734863,30181,0.0,0.0
2024-04-25 11:30:00-04:00,2.1198999881744385,2.119999885559082,2.1050000190734863,2.109999895095825,9490,0.0,0.0
2024-04-25 12:30:00-04:00,2.119999885559082,2.119999885559082,2.0850000381469727,2.0850000381469727,4166,0.0,0.0
2024-04-25 13:30:00-04:00,2.0850000381469727,2.109999895095825,2.0850000381469727,2.1050000190734863,6956,0.0,0.0
2024-04-25 14:30:00-04:00,2.1098999977111816,2.115000009536743,2.0999999046325684,2.0999999046325684,17403,0.0,0.0
2024-04-25 15:30:00-04:00,2.0999999046325684,2.119999885559082,2.0999999046325684,2.115000009536743,7375,0.0,0.0
2024-04-26 09:30:00-04:00,2.2699999809265137,2.369999885559082,2.190000057220459,2.2690000534057617,313213,0.0,0.0
2024-04-26 10:30:00-04:00,2.2699999809265137,2.2899999618530273,2.2300000190734863,2.244999885559082,89516,0.0,0.0
2024-04-26 11:30:00-04:00,2.25,2.259999990463257,2.2100000381469727,2.240000009536743,73287,0.0,0.0
2024-04-26 12:30:00-04:00,2.2300000190734863,2.2850000858306885,2.2200000286102295,2.2850000858306885,60123,0.0,0.0
2024-04-26 13:30:00-04:00,2.2799999713897705,2.289900064468384,2.244999885559082,2.2699999809265137,43933,0.0,0.0
2024-04-26 14:30:00-04:00,2.259999990463257,2.2699999809265137,2.240000009536743,2.2699999809265137,22041,0.0,0.0
2024-04-26 15:30:00-04:00,2.259999990463257,2.299999952316284,2.25,2.299999952316284,33797,0.0,0.0
2024-04-29 09:30:00-04:00,2.319999933242798,2.380000114440918,2.2709999084472656,2.3798999786376953,78692,0.0,0.0
2024-04-29 10:30:00-04:00,2.384999990463257,2.450000047683716,2.384999990463257,2.4200000762939453,85532,0.0,0.0
2024-04-29 11:30:00-04:00,2.4100000858306885,2.4298999309539795,2.400099992752075,2.4093000888824463,67909,0.0,0.0
2024-04-29 12:30:00-04:00,2.4100000858306885,2.4100000858306885,2.380000114440918,2.3949999809265137,7096,0.0,0.0
2024-04-29 13:30:00-04:00,2.3949999809265137,2.4100000858306885,2.3399999141693115,2.359999895095825,27039,0.0,0.0
2024-04-29 14:30:00-04:00,2.365000009536743,2.365000009536743,2.259999990463257,2.2899999618530273,35927,0.0,0.0
2024-04-29 15:30:00-04:00,2.2899999618530273,2.3299999237060547,2.2799999713897705,2.2899999618530273,19327,0.0,0.0
2024-04-30 09:30:00-04:00,2.299999952316284,2.3099000453948975,2.240000009536743,2.2699999809265137,50207,0.0,0.0
2024-04-30 10:30:00-04:00,2.265000104904175,2.265000104904175,2.1600000858306885,2.180000066757202,54043,0.0,0.0
2024-04-30 11:30:00-04:00,2.184999942779541,2.185699939727783,2.140000104904175,2.140000104904175,62043,0.0,0.0
2024-04-30 12:30:00-04:00,2.1500000953674316,2.1700000762939453,2.130000114440918,2.140000104904175,105833,0.0,0.0
2024-04-30 13:30:00-04:00,2.140000104904175,2.1600000858306885,2.140000104904175,2.1500000953674316,32416,0.0,0.0
2024-04-30 14:30:00-04:00,2.140000104904175,2.159899950027466,2.130000114440918,2.134999990463257,48888,0.0,0.0
2024-04-30 15:30:00-04:00,2.130000114440918,2.1449999809265137,2.0899999141693115,2.1050000190734863,36749,0.0,0.0
2024-05-01 09:30:00-04:00,2.119999885559082,2.140000104904175,2.069999933242798,2.140000104904175,29163,0.0,0.0
2024-05-01 10:30:00-04:00,2.119999885559082,2.135999917984009,2.0999999046325684,2.0999999046325684,21178,0.0,0.0
2024-05-01 11:30:00-04:00,2.0999999046325684,2.119999885559082,2.0799999237060547,2.109999895095825,57183,0.0,0.0
2024-05-01 12:30:00-04:00,2.109999895095825,2.109999895095825,2.0899999141693115,2.109999895095825,9701,0.0,0.0
2024-05-01 13:30:00-04:00,2.0999999046325684,2.1500000953674316,2.0999999046325684,2.1463000774383545,20728,0.0,0.0
2024-05-01 14:30:00-04:00,2.1500000953674316,2.1575000286102295,2.140000104904175,2.140000104904175,25885,0.0,0.0
2024-05-01 15:30:00-04:00,2.140000104904175,2.1489999294281006,2.119999885559082,2.119999885559082,9786,0.0,0.0
2024-05-02 09:30:00-04:00,2.130000114440918,2.1898999214172363,2.069999933242798,2.1649999618530273,25838,0.0,0.0
2024-05-02 10:30:00-04:00,2.1649999618530273,2.180000066757202,2.1600000858306885,2.1600000858306885,5129,0.0,0.0
2024-05-02 11:30:00-04:00,2.1649999618530273,2.2000999450683594,2.1600000858306885,2.1700000762939453,31945,0.0,0.0
2024-05-02 12:30:00-04:00,2.1700000762939453,2.1700000762939453,2.1500000953674316,2.1649999618530273,1528,0.0,0.0
2024-05-02 13:30:00-04:00,2.1500000953674316,2.1600000858306885,2.1449999809265137,2.1500000953674316,10962,0.0,0.0
2024-05-02 14:30:00-04:00,2.1500000953674316,2.1549999713897705,2.1500000953674316,2.1549999713897705,4228,0.0,0.0
2024-05-02 15:30:00-04:00,2.1500000953674316,2.1700000762939453,2.1500000953674316,2.1500000953674316,7227,0.0,0.0
2024-05-03 09:30:00-04:00,2.180000066757202,2.250999927520752,2.180000066757202,2.200000047683716,3061,0.0,0.0
2024-05-03 10:30:00-04:00,2.2149999141693115,2.2200000286102295,2.200000047683716,2.200000047683716,15301,0.0,0.0
2024-05-03 11:30:00-04:00,2.2193000316619873,2.2300000190734863,2.2100000381469727,2.2100000381469727,2821,0.0,0.0
2024-05-03 12:30:00-04:00,2.20989990234375,2.2100000381469727,2.178999900817871,2.180000066757202,11730,0.0,0.0
2024-05-03 13:30:00-04:00,2.180000066757202,2.190000057220459,2.180000066757202,2.190000057220459,357,0.0,0.0
2024-05-03 14:30:00-04:00,2.184000015258789,2.200000047683716,2.180000066757202,2.200000047683716,14813,0.0,0.0
2024-05-03 15:30:00-04:00,2.190000057220459,2.2100000381469727,2.1700000762939453,2.200000047683716,57541,0.0,0.0
2024-05-06 09:30:00-04:00,2.2100000381469727,2.2899999618530273,2.190000057220459,2.2300000190734863,29658,0.0,0.0
2024-05-06 10:30:00-04:00,2.259999990463257,2.2780001163482666,2.200000047683716,2.2699999809265137,10985,0.0,0.0
2024-05-06 11:30:00-04:00,2.2699999809265137,2.309999942779541,2.2699999809265137,2.2999000549316406,17675,0.0,0.0
2024-05-06 12:30:00-04:00,2.305000066757202,2.305000066757202,2.190000057220459,2.2149999141693115,57916,0.0,0.0
2024-05-06 13:30:00-04:00,2.2100000381469727,2.2397000789642334,2.194999933242798,2.200000047683716,38036,0.0,0.0
2024-05-06 14:30:00-04:00,2.200000047683716,2.240000009536743,2.190000057220459,2.2200000286102295,69914,0.0,0.0
2024-05-06 15:30:00-04:00,2.2249999046325684,2.2399001121520996,2.174999952316284,2.200000047683716,19032,0.0,0.0
2024-05-07 09:30:00-04:00,2.190000057220459,2.234999895095825,2.190000057220459,2.2200000286102295,14982,0.0,0.0
2024-05-07 10:30:00-04:00,2.234999895095825,2.2399001121520996,2.200000047683716,2.2049999237060547,5694,0.0,0.0
2024-05-07 11:30:00-04:00,2.200000047683716,2.240000009536743,2.199899911880493,2.234999895095825,18601,0.0,0.0
2024-05-07 12:30:00-04:00,2.234999895095825,2.2799999713897705,2.234999895095825,2.259999990463257,18737,0.0,0.0
2024-05-07 13:30:00-04:00,2.2699999809265137,2.2753000259399414,2.240000009536743,2.2509000301361084,22191,0.0,0.0
2024-05-07 14:30:00-04:00,2.25,2.2699999809265137,2.25,2.2690999507904053,2132,0.0,0.0
2024-05-07 15:30:00-04:00,2.265000104904175,2.273099899291992,2.25,2.25,7969,0.0,0.0
2024-05-08 09:30:00-04:00,2.240000009536743,2.369999885559082,2.200000047683716,2.3550000190734863,58593,0.0,0.0
2024-05-08 10:30:00-04:00,2.359999895095825,2.384999990463257,2.3499999046325684,2.384999990463257,17960,0.0,0.0
2024-05-08 11:30:00-04:00,2.384999990463257,2.4000000953674316,2.3499999046325684,2.3499999046325684,70872,0.0,0.0
2024-05-08 12:30:00-04:00,2.3550000190734863,2.359999895095825,2.3499999046325684,2.3550000190734863,4385,0.0,0.0
2024-05-08 13:30:00-04:00,2.3550000190734863,2.369999885559082,2.3389999866485596,2.3399999141693115,15700,0.0,0.0
2024-05-08 14:30:00-04:00,2.3399999141693115,2.3399999141693115,2.334199905395508,2.3399999141693115,2855,0.0,0.0
2024-05-08 15:30:00-04:00,2.309999942779541,2.319999933242798,2.299999952316284,2.318000078201294,7633,0.0,0.0
2024-05-09 09:30:00-04:00,2.3499999046325684,2.359999895095825,2.2899999618530273,2.3550000190734863,22460,0.0,0.0
2024-05-09 10:30:00-04:00,2.3499999046325684,2.365000009536743,2.3499999046325684,2.365000009536743,26285,0.0,0.0
2024-05-09 11:30:00-04:00,2.3515000343322754,2.3798999786376953,2.3515000343322754,2.359999895095825,4197,0.0,0.0
2024-05-09 12:30:00-04:00,2.364000082015991,2.368499994277954,2.3499999046325684,2.359499931335449,4114,0.0,0.0
2024-05-09 13:30:00-04:00,2.359999895095825,2.3698999881744385,2.3499999046325684,2.361999988555908,37917,0.0,0.0
2024-05-09 14:30:00-04:00,2.359999895095825,2.359999895095825,2.3499999046325684,2.3499999046325684,14258,0.0,0.0
2024-05-09 15:30:00-04:00,2.3550000190734863,2.365000009536743,2.3499999046325684,2.359999895095825,17584,0.0,0.0
2024-05-10 09:30:00-04:00,2.390000104904175,2.390000104904175,2.319999933242798,2.319999933242798,25042,0.0,0.0
2024-05-10 10:30:00-04:00,2.299999952316284,2.359999895095825,2.2699999809265137,2.359999895095825,31740,0.0,0.0
2024-05-10 11:30:00-04:00,2.3399999141693115,2.3399999141693115,2.2699999809265137,2.2699999809265137,14384,0.0,0.0
2024-05-10 12:30:00-04:00,2.2699999809265137,2.299999952316284,2.2699999809265137,2.299999952316284,7137,0.0,0.0
2024-05-10 13:30:00-04:00,2.309999942779541,2.309999942779541,2.299999952316284,2.299999952316284,8156,0.0,0.0
2024-05-10 14:30:00-04:00,2.305000066757202,2.3399999141693115,2.305000066757202,2.3399999141693115,27642,0.0,0.0
2024-05-10 15:30:00-04:00,2.3350000381469727,2.3450000286102295,2.3299999237060547,2.3350000381469727,23932,0.0,0.0
2024-05-13 09:30:00-04:00,2.3499999046325684,2.369999885559082,2.280100107192993,2.3499999046325684,64255,0.0,0.0
2024-05-13 10:30:00-04:00,2.350100040435791,2.3547000885009766,2.3499999046325684,2.350100040435791,38883,0.0,0.0
2024-05-13 11:30:00-04:00,2.350100040435791,2.3550000190734863,2.3499999046325684,2.3499999046325684,21644,0.0,0.0
2024-05-13 12:30:00-04:00,2.3499999046325684,2.3499999046325684,2.259999990463257,2.259999990463257,21450,0.0,0.0
2024-05-13 13:30:00-04:00,2.265000104904175,2.319999933242798,2.259999990463257,2.315000057220459,19634,0.0,0.0
2024-05-13 14:30:00-04:00,2.309999942779541,2.3499999046325684,2.309999942779541,2.3399999141693115,54140,0.0,0.0
2024-05-13 15:30:00-04:00,2.319999933242798,2.3299999237060547,2.2600998878479004,2.299999952316284,89848,0.0,0.0
2024-05-14 09:30:00-04:00,2.1600000858306885,2.299999952316284,2.1600000858306885,2.180000066757202,102946,0.0,0.0
2024-05-14 10:30:00-04:00,2.180000066757202,2.180000066757202,2.0601000785827637,2.134999990463257,125796,0.0,0.0
2024-05-14 11:30:00-04:00,2.159899950027466,2.1989998817443848,2.1410000324249268,2.1989998817443848,20682,0.0,0.0
2024-05-14 12:30:00-04:00,2.2049999237060547,2.2100000381469727,2.200000047683716,2.2100000381469727,5809,0.0,0.0
2024-05-14 13:30:00-04:00,2.2049999237060547,2.2049999237060547,2.200000047683716,2.200000047683716,10667,0.0,0.0
2024-05-14 14:30:00-04:00,2.2049999237060547,2.2049999237060547,2.200000047683716,2.200000047683716,8949,0.0,0.0
2024-05-14 15:30:00-04:00,2.2049999237060547,2.2049999237060547,2.200000047683716,2.200000047683716,15740,0.0,0.0
2024-05-15 09:30:00-04:00,2.200000047683716,2.2100000381469727,2.184999942779541,2.184999942779541,29226,0.0,0.0
2024-05-15 10:30:00-04:00,2.1710000038146973,2.2100000381469727,2.1700000762939453,2.200000047683716,15350,0.0,0.0
2024-05-15 11:30:00-04:00,2.2019999027252197,2.208899974822998,2.200000047683716,2.2000999450683594,2723,0.0,0.0
2024-05-15 12:30:00-04:00,2.2049999237060547,2.2049999237060547,2.190000057220459,2.200000047683716,14032,0.0,0.0
2024-05-15 13:30:00-04:00,2.1700000762939453,2.1798999309539795,2.1700000762939453,2.174999952316284,5345,0.0,0.0
2024-05-15 14:30:00-04:00,2.1700000762939453,2.1798999309539795,2.1700000762939453,2.170099973678589,3689,0.0,0.0
2024-05-15 15:30:00-04:00,2.174999952316284,2.1798999309539795,2.1700000762939453,2.1700000762939453,14122,0.0,0.0
2024-05-16 09:30:00-04:00,2.180000066757202,2.200000047683716,2.1700000762939453,2.1700000762939453,8125,0.0,0.0
2024-05-16 10:30:00-04:00,2.180000066757202,2.180000066757202,2.0799999237060547,2.0799999237060547,48525,0.0,0.0
2024-05-16 11:30:00-04:00,2.081199884414673,2.0999999046325684,2.0801000595092773,2.0899999141693115,11063,0.0,0.0
2024-05-16 12:30:00-04:00,2.098900079727173,2.0999999046325684,2.0899999141693115,2.0999999046325684,25989,0.0,0.0
2024-05-16 13:30:00-04:00,2.0950000286102295,2.109999895095825,2.0950000286102295,2.0999999046325684,12468,0.0,0.0
2024-05-16 14:30:00-04:00,2.1050000190734863,2.119999885559082,2.0999999046325684,2.1050000190734863,9007,0.0,0.0
2024-05-16 15:30:00-04:00,2.0999999046325684,2.119999885559082,2.0999999046325684,2.100100040435791,8648,0.0,0.0
2024-05-17 09:30:00-04:00,2.130000114440918,2.2200000286102295,2.130000114440918,2.200000047683716,37202,0.0,0.0
2024-05-17 10:30:00-04:00,2.2000999450683594,2.2200000286102295,2.194999933242798,2.2200000286102295,47172,0.0,0.0
2024-05-17 11:30:00-04:00,2.2200000286102295,2.2300000190734863,2.2100000381469727,2.2100000381469727,9014,0.0,0.0
2024-05-17 12:30:00-04:00,2.2100000381469727,2.2100000381469727,2.2007999420166016,2.2007999420166016,2023,0.0,0.0
2024-05-17 13:30:00-04:00,2.2100000381469727,2.2100000381469727,2.200000047683716,2.2049999237060547,6353,0.0,0.0
2024-05-17 14:30:00-04:00,2.200000047683716,2.2100000381469727,2.200000047683716,2.200000047683716,25871,0.0,0.0
2024-05-17 15:30:00-04:00,2.2049999237060547,2.2100000381469727,2.190000057220459,2.200000047683716,127406,0.0,0.0
2024-05-20 09:30:00-04:00,2.180000066757202,2.259000062942505,2.180000066757202,2.25,94088,0.0,0.0
2024-05-20 10:30:00-04:00,2.25,2.259999990463257,2.2300000190734863,2.25,15019,0.0,0.0
2024-05-20 11:30:00-04:00,2.240000009536743,2.240000009536743,2.23009991645813,2.234999895095825,7621,0.0,0.0
2024-05-20 12:30:00-04:00,2.234999895095825,2.259999990463257,2.2200000286102295,2.2300000190734863,20090,0.0,0.0
2024-05-20 13:30:00-04:00,2.2300000190734863,2.2300000190734863,2.220099925994873,2.2249999046325684,2225,0.0,0.0
2024-05-20 14:30:00-04:00,2.2249999046325684,2.240000009536743,2.220099925994873,2.234999895095825,10721,0.0,0.0
2024-05-20 15:30:00-04:00,2.234999895095825,2.238800048828125,2.2300000190734863,2.2300000190734863,3346,0.0,0.0
2024-05-21 09:30:00-04:00,2.2300000190734863,2.2799999713897705,2.2300000190734863,2.255000114440918,25587,0.0,0.0
2024-05-21 10:30:00-04:00,2.255000114440918,2.255000114440918,2.25,2.25,10922,0.0,0.0
2024-05-21 11:30:00-04:00,2.25,2.265000104904175,2.249000072479248,2.265000104904175,23009,0.0,0.0
2024-05-21 12:30:00-04:00,2.265000104904175,2.265000104904175,2.260699987411499,2.265000104904175,2370,0.0,0.0
2024-05-21 13:30:00-04:00,2.265000104904175,2.2799999713897705,2.260200023651123,2.2750000953674316,18043,0.0,0.0
2024-05-21 14:30:00-04:00,2.2750000953674316,2.2799999713897705,2.2750000953674316,2.2750000953674316,2341,0.0,0.0
2024-05-21 15:30:00-04:00,2.2750000953674316,2.2899999618530273,2.2699999809265137,2.2699999809265137,36768,0.0,0.0
2024-05-22 09:30:00-04:00,2.2699999809265137,2.2799999713897705,2.259999990463257,2.2799999713897705,13055,0.0,0.0
2024-05-22 10:30:00-04:00,2.2799999713897705,2.2890000343322754,2.259999990463257,2.2890000343322754,22106,0.0,0.0
2024-05-22 11:30:00-04:00,2.2799999713897705,2.2899999618530273,2.2799999713897705,2.2899999618530273,4832,0.0,0.0
2024-05-22 12:30:00-04:00,2.2899999618530273,2.31850004196167,2.2899999618530273,2.31850004196167,16116,0.0,0.0
2024-05-22 13:30:00-04:00,2.2799999713897705,2.2799999713897705,2.2699999809265137,2.2750000953674316,5436,0.0,0.0
2024-05-22 14:30:00-04:00,2.2750000953674316,2.2799999713897705,2.265000104904175,2.2699999809265137,43168,0.0,0.0
2024-05-22 15:30:00-04:00,2.2699999809265137,2.2899999618530273,2.265000104904175,2.2899999618530273,21280,0.0,0.0
2024-05-23 09:30:00-04:00,2.299999952316284,2.299999952316284,2.25,2.259999990463257,39765,0.0,0.0
2024-05-23 10:30:00-04:00,2.25,2.2699999809265137,2.190000057220459,2.190000057220459,21019,0.0,0.0
2024-05-23 11:30:00-04:00,2.190000057220459,2.200000047683716,2.1700000762939453,2.180000066757202,9570,0.0,0.0
2024-05-23 12:30:00-04:00,2.1800999641418457,2.190000057220459,2.163100004196167,2.163100004196167,16579,0.0,0.0
2024-05-23 13:30:00-04:00,2.1649999618530273,2.180000066757202,2.1449999809265137,2.1449999809265137,12339,0.0,0.0
2024-05-23 14:30:00-04:00,2.140000104904175,2.140000104904175,2.1201000213623047,2.134999990463257,6422,0.0,0.0
2024-05-23 15:30:00-04:00,2.130000114440918,2.130000114440918,2.109999895095825,2.125,24571,0.0,0.0
2024-05-24 09:30:00-04:00,2.130000114440918,2.180000066757202,2.119999885559082,2.153599977493286,11979,0.0,0.0
2024-05-24 10:30:00-04:00,2.180000066757202,2.200000047683716,2.1700000762939453,2.190000057220459,879,0.0,0.0
2024-05-24 11:30:00-04:00,2.200000047683716,2.2100000381469727,2.180000066757202,2.2100000381469727,11958,0.0,0.0
2024-05-24 12:30:00-04:00,2.2200000286102295,2.2200000286102295,2.200000047683716,2.200000047683716,2396,0.0,0.0
2024-05-24 13:30:00-04:00,2.190000057220459,2.200000047683716,2.184999942779541,2.184999942779541,3856,0.0,0.0
2024-05-24 14:30:00-04:00,2.180000066757202,2.180000066757202,2.1700000762939453,2.174999952316284,1409,0.0,0.0
2024-05-24 15:30:00-04:00,2.174999952316284,2.190000057220459,2.1600000858306885,2.1600000858306885,17165,0.0,0.0
2024-05-28 09:30:00-04:00,2.180000066757202,2.240000009536743,2.180000066757202,2.200000047683716,13471,0.0,0.0
2024-05-28 10:30:00-04:00,2.2100000381469727,2.2249999046325684,2.2100000381469727,2.2249999046325684,2346,0.0,0.0
2024-05-28 11:30:00-04:00,2.2300000190734863,2.25,2.2297000885009766,2.25,3951,0.0,0.0
2024-05-28 12:30:00-04:00,2.2690999507904053,2.2690999507904053,2.25,2.25,1868,0.0,0.0
2024-05-28 13:30:00-04:00,2.255000114440918,2.259999990463257,2.2300000190734863,2.2307000160217285,20439,0.0,0.0
2024-05-28 14:30:00-04:00,2.2309000492095947,2.240000009536743,2.2300000190734863,2.2300000190734863,8229,0.0,0.0
2024-05-28 15:30:00-04:00,2.2300000190734863,2.2300000190734863,2.190000057220459,2.2100000381469727,17006,0.0,0.0
2024-05-29 09:30:00-04:00,2.180000066757202,2.2300000190734863,2.1649999618530273,2.200000047683716,37034,0.0,0.0
2024-05-29 10:30:00-04:00,2.190000057220459,2.200000047683716,2.180000066757202,2.200000047683716,15593,0.0,0.0
2024-05-29 11:30:00-04:00,2.2049999237060547,2.2100000381469727,2.200000047683716,2.2100000381469727,1540,0.0,0.0
2024-05-29 12:30:00-04:00,2.2114999294281006,2.2200000286102295,2.2100000381469727,2.2200000286102295,8785,0.0,0.0
2024-05-29 13:30:00-04:00,2.2109999656677246,2.2109999656677246,2.1500000953674316,2.2049999237060547,48233,0.0,0.0
2024-05-29 14:30:00-04:00,2.2049999237060547,2.2200000286102295,2.200000047683716,2.2049999237060547,3939,0.0,0.0
2024-05-29 15:30:00-04:00,2.2149999141693115,2.237799882888794,2.2100000381469727,2.2100000381469727,14785,0.0,0.0
2024-05-30 09:30:00-04:00,2.2200000286102295,2.244999885559082,2.2200000286102295,2.240000009536743,6932,0.0,0.0
2024-05-30 10:30:00-04:00,2.244999885559082,2.259999990463257,2.2300000190734863,2.240000009536743,8552,0.0,0.0
2024-05-30 11:30:00-04:00,2.234999895095825,2.234999895095825,2.2200000286102295,2.2200000286102295,4135,0.0,0.0
2024-05-30 12:30:00-04:00,2.2272000312805176,2.2272000312805176,2.2249999046325684,2.2249999046325684,3150,0.0,0.0
2024-05-30 13:30:00-04:00,2.2100000381469727,2.2100000381469727,2.209399938583374,2.209399938583374,1385,0.0,0.0
2024-05-30 14:30:00-04:00,2.200000047683716,2.2100000381469727,2.200000047683716,2.2049999237060547,2775,0.0,0.0
2024-05-30 15:30:00-04:00,2.208400011062622,2.2300000190734863,2.2049999237060547,2.2200000286102295,13316,0.0,0.0
2024-05-31 09:30:00-04:00,2.2200000286102295,2.2699999809265137,2.2200000286102295,2.2699999809265137,0,0.0,0.0
2024-05-31 10:30:00-04:00,2.265000104904175,2.2699999809265137,2.25,2.259999990463257,8703,0.0,0.0
2024-05-31 11:30:00-04:00,2.259999990463257,2.259999990463257,2.25,2.255000114440918,7103,0.0,0.0
2024-05-31 12:30:00-04:00,2.255000114440918,2.259999990463257,2.25,2.25,5087,0.0,0.0
2024-05-31 13:30:00-04:00,2.255000114440918,2.259999990463257,2.25,2.259999990463257,3871,0.0,0.0
2024-05-31 14:30:00-04:00,2.255000114440918,2.289900064468384,2.255000114440918,2.2799999713897705,7188,0.0,0.0
2024-05-31 15:30:00-04:00,2.2750000953674316,2.2750000953674316,2.25,2.25,6814,0.0,0.0
2024-06-03 09:30:00-04:00,2.2699999809265137,2.2699999809265137,2.2149999141693115,2.2523999214172363,10081,0.0,0.0
2024-06-03 10:30:00-04:00,2.200000047683716,2.2200000286102295,2.190000057220459,2.2200000286102295,9699,0.0,0.0
2024-06-03 11:30:00-04:00,2.194999933242798,2.194999933242798,2.180000066757202,2.180000066757202,12901,0.0,0.0
2024-06-03 12:30:00-04:00,2.1898000240325928,2.240000009536743,2.1898000240325928,2.200000047683716,48933,0.0,0.0
2024-06-03 13:30:00-04:00,2.209700107574463,2.209700107574463,2.200000047683716,2.200000047683716,2050,0.0,0.0
2024-06-03 14:30:00-04:00,2.2100000381469727,2.2200000286102295,2.2000999450683594,2.2100000381469727,11294,0.0,0.0
2024-06-03 15:30:00-04:00,2.2100000381469727,2.2100000381469727,2.190000057220459,2.2100000381469727,4435,0.0,0.0
2024-06-04 09:30:00-04:00,2.190000057220459,2.190000057220459,2.119999885559082,2.125,15399,0.0,0.0
2024-06-04 10:30:00-04:00,2.125,2.130000114440918,2.119999885559082,2.1201000213623047,3751,0.0,0.0
2024-06-04 11:30:00-04:00,2.125,2.130000114440918,2.115000009536743,2.130000114440918,48744,0.0,0.0
2024-06-04 12:30:00-04:00,2.130000114440918,2.140000104904175,2.130000114440918,2.130000114440918,22924,0.0,0.0
2024-06-04 13:30:00-04:00,2.125,2.130000114440918,2.119999885559082,2.119999885559082,1970,0.0,0.0
2024-06-04 14:30:00-04:00,2.119999885559082,2.130000114440918,2.119999885559082,2.119999885559082,8472,0.0,0.0
2024-06-04 15:30:00-04:00,2.125,2.130000114440918,2.119999885559082,2.130000114440918,15023,0.0,0.0
2024-06-05 09:30:00-04:00,2.130000114440918,2.180000066757202,2.130000114440918,2.1700000762939453,11585,0.0,0.0
2024-06-05 10:30:00-04:00,2.138000011444092,2.1500000953674316,2.138000011444092,2.1449999809265137,3159,0.0,0.0
2024-06-05 11:30:00-04:00,2.1401000022888184,2.1496999263763428,2.1401000022888184,2.1496999263763428,2199,0.0,0.0
2024-06-05 12:30:00-04:00,2.145699977874756,2.1500000953674316,2.14520001411438,2.14520001411438,2146,0.0,0.0
2024-06-05 13:30:00-04:00,2.1449999809265137,2.1549999713897705,2.134999990463257,2.134999990463257,24560,0.0,0.0
2024-06-05 14:30:00-04:00,2.131999969482422,2.139699935913086,2.130000114440918,2.134999990463257,6756,0.0,0.0
2024-06-05 15:30:00-04:00,2.139899969100952,2.139899969100952,2.134999990463257,2.134999990463257,12488,0.0,0.0
2024-06-06 09:30:00-04:00,2.140000104904175,2.140000104904175,2.125,2.125,3148,0.0,0.0
2024-06-06 10:30:00-04:00,2.125,2.130000114440918,2.125,2.125,1180,0.0,0.0
2024-06-06 11:30:00-04:00,2.125,2.1298999786376953,2.109999895095825,2.115000009536743,39310,0.0,0.0
2024-06-06 12:30:00-04:00,2.115000009536743,2.115000009536743,2.050100088119507,2.059999942779541,24641,0.0,0.0
2024-06-06 13:30:00-04:00,2.059999942779541,2.059999942779541,2.0299999713897705,2.0399999618530273,33710,0.0,0.0
2024-06-06 14:30:00-04:00,2.0399999618530273,2.065000057220459,2.0350000858306885,2.059999942779541,37608,0.0,0.0
2024-06-06 15:30:00-04:00,2.055000066757202,2.0899999141693115,2.055000066757202,2.069999933242798,15067,0.0,0.0
2024-06-07 09:30:00-04:00,2.049999952316284,2.059999942779541,2.0445001125335693,2.059299945831299,1834,0.0,0.0
2024-06-07 10:30:00-04:00,2.055000066757202,2.055000066757202,2.055000066757202,2.055000066757202,2071,0.0,0.0
2024-06-07 11:30:00-04:00,2.055000066757202,2.055000066757202,2.0450000762939453,2.049999952316284,4702,0.0,0.0
2024-06-07 12:30:00-04:00,2.055000066757202,2.080899953842163,2.055000066757202,2.080899953842163,7133,0.0,0.0
2024-06-07 13:30:00-04:00,2.062000036239624,2.069999933242798,2.059999942779541,2.069999933242798,2592,0.0,0.0
2024-06-07 14:30:00-04:00,2.079900026321411,2.079900026321411,2.079900026321411,2.079900026321411,1509,0.0,0.0
2024-06-07 15:30:00-04:00,2.069999933242798,2.0899999141693115,2.069999933242798,2.0899999141693115,8137,0.0,0.0
2024-06-10 09:30:00-04:00,2.0799999237060547,2.0850000381469727,2.0799999237060547,2.0799999237060547,4988,0.0,0.0
2024-06-10 10:30:00-04:00,2.0799999237060547,2.0950000286102295,2.0799999237060547,2.0899999141693115,10410,0.0,0.0
2024-06-10 11:30:00-04:00,2.0850000381469727,2.0850000381469727,2.0801000595092773,2.0850000381469727,7611,0.0,0.0
2024-06-10 12:30:00-04:00,2.0899999141693115,2.1031999588012695,2.0799999237060547,2.1031999588012695,18369,0.0,0.0
2024-06-10 13:30:00-04:00,2.0999999046325684,2.1050000190734863,2.0999999046325684,2.1050000190734863,4904,0.0,0.0
2024-06-10 14:30:00-04:00,2.1050000190734863,2.1050000190734863,2.0999999046325684,2.1050000190734863,2632,0.0,0.0
2024-06-10 15:30:00-04:00,2.0999999046325684,2.109999895095825,2.0999999046325684,2.1050000190734863,5429,0.0,0.0
2024-06-11 09:30:00-04:00,2.0899999141693115,2.0899999141693115,2.059999942779541,2.065000057220459,0,0.0,0.0
2024-06-11 10:30:00-04:00,2.069999933242798,2.0799999237060547,2.059999942779541,2.0799999237060547,7981,0.0,0.0
2024-06-11 11:30:00-04:00,2.0850000381469727,2.0899999141693115,2.0850000381469727,2.0899999141693115,1328,0.0,0.0
2024-06-11 12:30:00-04:00,2.0855000019073486,2.0899999141693115,2.084700107574463,2.084700107574463,1902,0.0,0.0
2024-06-11 13:30:00-04:00,2.0850000381469727,2.0850000381469727,2.0850000381469727,2.0850000381469727,1200,0.0,0.0
2024-06-11 14:30:00-04:00,2.0799999237060547,2.119999885559082,2.0799999237060547,2.0950000286102295,30030,0.0,0.0
2024-06-11 15:30:00-04:00,2.0999999046325684,2.0999999046325684,2.0899999141693115,2.0899999141693115,947,0.0,0.0
2024-06-12 09:30:00-04:00,2.0799999237060547,2.1198999881744385,2.0799999237060547,2.1198999881744385,0,0.0,0.0
2024-06-12 10:30:00-04:00,2.093400001525879,2.0999999046325684,2.0901999473571777,2.0999999046325684,6679,0.0,0.0
2024-06-12 11:30:00-04:00,2.0999999046325684,2.0999999046325684,2.0977001190185547,2.0977001190185547,384,0.0,0.0
2024-06-12 12:30:00-04:00,2.1050000190734863,2.109999895095825,2.0999999046325684,2.109999895095825,3013,0.0,0.0
2024-06-12 13:30:00-04:00,2.109999895095825,2.109999895095825,2.0950000286102295,2.0950000286102295,4199,0.0,0.0
2024-06-12 14:30:00-04:00,2.0899999141693115,2.0899999141693115,2.049999952316284,2.069999933242798,19187,0.0,0.0
2024-06-12 15:30:00-04:00,2.069999933242798,2.0799999237060547,2.069999933242798,2.069999933242798,2409,0.0,0.0
2024-06-13 09:30:00-04:00,2.069999933242798,2.069999933242798,2.0399999618530273,2.0450000762939453,9446,0.0,0.0
2024-06-13 10:30:00-04:00,2.0450000762939453,2.049999952316284,2.0399999618530273,2.0450000762939453,3540,0.0,0.0
2024-06-13 11:30:00-04:00,2.040600061416626,2.040600061416626,2.0299999713897705,2.0350000858306885,3369,0.0,0.0
2024-06-13 12:30:00-04:00,2.0399999618530273,2.0399999618530273,2.039799928665161,2.039799928665161,1133,0.0,0.0
2024-06-13 13:30:00-04:00,2.0392000675201416,2.049999952316284,2.0350000858306885,2.049999952316284,11464,0.0,0.0
2024-06-13 14:30:00-04:00,2.055000066757202,2.0625,2.055000066757202,2.061000108718872,2051,0.0,0.0
2024-06-13 15:30:00-04:00,2.0601999759674072,2.069999933242798,2.0601999759674072,2.065000057220459,1940,0.0,0.0
2024-06-14 09:30:00-04:00,2.0506999492645264,2.0506999492645264,2.0399999618530273,2.0399999618530273,5858,0.0,0.0
2024-06-14 10:30:00-04:00,2.0399999618530273,2.0599000453948975,2.039900064468384,2.0599000453948975,6502,0.0,0.0
2024-06-14 11:30:00-04:00,2.055000066757202,2.059999942779541,2.049999952316284,2.059999942779541,3959,0.0,0.0
2024-06-14 12:30:00-04:00,2.055000066757202,2.059999942779541,2.0399999618530273,2.0399999618530273,2607,0.0,0.0
2024-06-14 13:30:00-04:00,2.037899971008301,2.0399999618530273,2.030100107192993,2.0350000858306885,3272,0.0,0.0
2024-06-14 14:30:00-04:00,2.030100107192993,2.0399999618530273,2.0299999713897705,2.030100107192993,7251,0.0,0.0
2024-06-14 15:30:00-04:00,2.0390000343322754,2.0399999618530273,2.0299999713897705,2.0399999618530273,6893,0.0,0.0
2024-06-17 09:30:00-04:00,2.0299999713897705,2.0299999713897705,2.0299999713897705,2.0299999713897705,0,0.0,0.0
2024-06-17 10:30:00-04:00,2.0399999618530273,2.0399999618530273,2.009999990463257,2.0199999809265137,10418,0.0,0.0
2024-06-17 11:30:00-04:00,2.0299999713897705,2.0399999618530273,2.0299999713897705,2.0399999618530273,6412,0.0,0.0
2024-06-17 12:30:00-04:00,2.0350000858306885,2.0399999618530273,2.0350000858306885,2.0399999618530273,2114,0.0,0.0
2024-06-17 13:30:00-04:00,2.0350000858306885,2.069999933242798,2.0350000858306885,2.069999933242798,16711,0.0,0.0
2024-06-17 14:30:00-04:00,2.059999942779541,2.069999933242798,2.059999942779541,2.065000057220459,1549,0.0,0.0
2024-06-17 15:30:00-04:00,2.0653998851776123,2.0699000358581543,2.059999942779541,2.059999942779541,4557,0.0,0.0
2024-06-18 09:30:00-04:00,2.049999952316284,2.069999933242798,2.0299999713897705,2.0350000858306885,0,0.0,0.0
2024-06-18 10:30:00-04:00,2.0350000858306885,2.069999933242798,2.005000114440918,2.059999942779541,57171,0.0,0.0
2024-06-18 11:30:00-04:00,2.0399999618530273,2.049999952316284,2.0,2.0,9702,0.0,0.0
2024-06-18 12:30:00-04:00,2.009999990463257,2.015000104904175,1.9800000190734863,2.009999990463257,33656,0.0,0.0
2024-06-18 13:30:00-04:00,2.009999990463257,2.009999990463257,2.0,2.0,14060,0.0,0.0
2024-06-18 14:30:00-04:00,2.0,2.0,1.9600000381469727,1.9600000381469727,25331,0.0,0.0
2024-06-18 15:30:00-04:00,1.9700000286102295,1.975000023841858,1.9550000429153442,1.9700000286102295,34391,0.0,0.0
2024-06-20 09:30:00-04:00,2.0,2.0299999713897705,2.0,2.015000104904175,0,0.0,0.0
2024-06-20 10:30:00-04:00,2.0192999839782715,2.0199999809265137,2.009999990463257,2.009999990463257,8467,0.0,0.0
2024-06-20 11:30:00-04:00,2.005000114440918,2.005000114440918,2.0,2.0,1272,0.0,0.0
2024-06-20 12:30:00-04:00,2.009999990463257,2.015000104904175,2.009999990463257,2.015000104904175,896,0.0,0.0
2024-06-20 13:30:00-04:00,2.0199999809265137,2.0199999809265137,2.009999990463257,2.009999990463257,2064,0.0,0.0
2024-06-20 14:30:00-04:00,2.0199999809265137,2.0199999809265137,2.009999990463257,2.009999990463257,839,0.0,0.0
2024-06-20 15:30:00-04:00,2.0188000202178955,2.0188000202178955,2.0134999752044678,2.015000104904175,2348,0.0,0.0
2024-06-21 09:30:00-04:00,2.009999990463257,2.0199999809265137,1.9900000095367432,2.0181000232696533,7447,0.0,0.0
2024-06-21 10:30:00-04:00,2.0190999507904053,2.0199999809265137,2.009999990463257,2.0199999809265137,3122,0.0,0.0
2024-06-21 12:30:00-04:00,2.0199999809265137,2.029900074005127,2.0,2.0,3103,0.0,0.0
2024-06-21 13:30:00-04:00,2.0,2.009999990463257,1.9600000381469727,1.9700000286102295,10171,0.0,0.0
2024-06-21 14:30:00-04:00,1.9700000286102295,1.9700000286102295,1.9700000286102295,1.9700000286102295,3565,0.0,0.0
2024-06-21 15:30:00-04:00,1.9700000286102295,1.975000023841858,1.9700000286102295,1.9700000286102295,2117,0.0,0.0
2024-06-24 09:30:00-04:00,1.9500000476837158,1.969599962234497,1.9500000476837158,1.9600000381469727,10228,0.0,0.0
2024-06-24 10:30:00-04:00,2.005000114440918,2.005000114440918,1.9950000047683716,1.9950000047683716,6311,0.0,0.0
2024-06-24 11:30:00-04:00,2.005000114440918,2.0350000858306885,2.0,2.0350000858306885,11405,0.0,0.0
2024-06-24 12:30:00-04:00,2.0350000858306885,2.0350000858306885,2.0199999809265137,2.0199999809265137,8723,0.0,0.0
2024-06-24 13:30:00-04:00,2.0199999809265137,2.0299999713897705,2.0199999809265137,2.0250000953674316,16705,0.0,0.0
2024-06-24 14:30:00-04:00,2.0199999809265137,2.0299999713897705,2.0199999809265137,2.0206000804901123,16592,0.0,0.0
2024-06-24 15:30:00-04:00,2.0199999809265137,2.0399999618530273,2.009999990463257,2.0399999618530273,36829,0.0,0.0
2024-06-25 09:30:00-04:00,1.9764000177383423,2.049999952316284,1.9764000177383423,2.049999952316284,14345,0.0,0.0
2024-06-25 10:30:00-04:00,2.049999952316284,2.049999952316284,2.0278000831604004,2.0299999713897705,1369,0.0,0.0
2024-06-25 11:30:00-04:00,2.0299999713897705,2.0299999713897705,2.0299999713897705,2.0299999713897705,330,0.0,0.0
2024-06-25 12:30:00-04:00,2.0201001167297363,2.0350000858306885,2.0201001167297363,2.0350000858306885,10111,0.0,0.0
2024-06-25 13:30:00-04:00,2.0450000762939453,2.049299955368042,2.0399999618530273,2.0450000762939453,1834,0.0,0.0
2024-06-25 14:30:00-04:00,2.049999952316284,2.059999942779541,2.049999952316284,2.059999942779541,2687,0.0,0.0
2024-06-25 15:30:00-04:00,2.069999933242798,2.069999933242798,2.059999942779541,2.059999942779541,2568,0.0,0.0
2024-06-26 09:30:00-04:00,1.9700000286102295,2.0199999809265137,1.9700000286102295,2.0199999809265137,0,0.0,0.0
2024-06-26 10:30:00-04:00,2.0299999713897705,2.0299999713897705,2.009999990463257,2.009999990463257,1571,0.0,0.0
2024-06-26 12:30:00-04:00,2.049999952316284,2.049999952316284,2.049999952316284,2.049999952316284,131,0.0,0.0
2024-06-26 13:30:00-04:00,2.049999952316284,2.049999952316284,2.0399999618530273,2.0399999618530273,1178,0.0,0.0
2024-06-26 14:30:00-04:00,2.0399999618530273,2.049999952316284,2.009999990463257,2.0399999618530273,3171,0.0,0.0
2024-06-26 15:30:00-04:00,2.0399999618530273,2.049999952316284,2.0350000858306885,2.0450000762939453,5185,0.0,0.0
2024-06-27 09:30:00-04:00,2.059999942779541,2.059999942779541,2.020900011062622,2.020900011062622,1167,0.0,0.0
2024-06-27 10:30:00-04:00,2.0250000953674316,2.049999952316284,2.0250000953674316,2.0299999713897705,12839,0.0,0.0
2024-06-27 11:30:00-04:00,2.0299999713897705,2.0299999713897705,2.0299999713897705,2.0299999713897705,338,0.0,0.0
2024-06-27 12:30:00-04:00,2.0427000522613525,2.049999952316284,2.0427000522613525,2.049999952316284,5053,0.0,0.0
2024-06-27 13:30:00-04:00,2.0399999618530273,2.049999952316284,2.0390000343322754,2.0399999618530273,3687,0.0,0.0
2024-06-27 14:30:00-04:00,2.0350000858306885,2.049999952316284,2.0299999713897705,2.049999952316284,2047,0.0,0.0
2024-06-27 15:30:00-04:00,2.049999952316284,2.069999933242798,2.0399999618530273,2.059999942779541,2875,0.0,0.0
2024-06-28 09:30:00-04:00,2.0799999237060547,2.0899999141693115,2.0399999618530273,2.0399999618530273,5820,0.0,0.0
2024-06-28 10:30:00-04:00,2.0399999618530273,2.0399999618530273,2.0299999713897705,2.0299999713897705,847,0.0,0.0
2024-06-28 11:30:00-04:00,2.0199999809265137,2.049999952316284,2.0199999809265137,2.0399999618530273,1044,0.0,0.0
2024-06-28 12:30:00-04:00,2.049999952316284,2.049999952316284,2.049999952316284,2.049999952316284,6523,0.0,0.0
2024-06-28 13:30:00-04:00,2.049999952316284,2.059999942779541,2.049999952316284,2.049999952316284,7891,0.0,0.0
2024-06-28 14:30:00-04:00,2.049999952316284,2.0999999046325684,2.049999952316284,2.0999999046325684,34504,0.0,0.0
2024-06-28 15:30:00-04:00,2.109999895095825,2.109999895095825,2.0899999141693115,2.109999895095825,17405,0.0,0.0
2024-07-01 10:30:00-04:00,2.069999933242798,2.069999933242798,2.069999933242798,2.069999933242798,0,0.0,0.0
2024-07-01 11:30:00-04:00,2.055000066757202,2.055000066757202,2.0506999492645264,2.0506999492645264,354,0.0,0.0
2024-07-01 12:30:00-04:00,2.0543999671936035,2.0769999027252197,2.049999952316284,2.049999952316284,5066,0.0,0.0
2024-07-01 13:30:00-04:00,2.069999933242798,2.069999933242798,2.069999933242798,2.069999933242798,1432,0.0,0.0
2024-07-01 14:30:00-04:00,2.0799999237060547,2.0899999141693115,2.059999942779541,2.069999933242798,3481,0.0,0.0
2024-07-01 15:30:00-04:00,2.069999933242798,2.109999895095825,2.069999933242798,2.1050000190734863,26501,0.0,0.0
2024-07-02 09:30:00-04:00,2.109999895095825,2.109999895095825,2.0899999141693115,2.0899999141693115,0,0.0,0.0
2024-07-02 10:30:00-04:00,2.0799999237060547,2.0799999237060547,2.0799999237060547,2.0799999237060547,245,0.0,0.0
2024-07-02 12:30:00-04:00,2.0899999141693115,2.0899999141693115,2.0899999141693115,2.0899999141693115,1002,0.0,0.0
2024-07-02 14:30:00-04:00,2.0950000286102295,2.0999999046325684,2.091200113296509,2.091200113296509,3643,0.0,0.0
2024-07-02 15:30:00-04:00,2.0920000076293945,2.0999999046325684,2.0899999141693115,2.0899999141693115,5289,0.0,0.0
2024-07-03 09:30:00-04:00,2.0799999237060547,2.0999999046325684,2.0799999237060547,2.0899999141693115,0,0.0,0.0
2024-07-03 10:30:00-04:00,2.0899999141693115,2.0899999141693115,2.0801000595092773,2.0801000595092773,1568,0.0,0.0
2024-07-03 11:30:00-04:00,2.0999999046325684,2.1050000190734863,2.0999999046325684,2.1050000190734863,5736,0.0,0.0
2024-07-05 09:30:00-04:00,2.140000104904175,2.140000104904175,2.0850000381469727,2.0999999046325684,23152,0.0,0.0
2024-07-05 10:30:00-04:00,2.0899999141693115,2.0950000286102295,2.0799999237060547,2.0799999237060547,0,0.0,0.0
2024-07-05 11:30:00-04:00,2.0801000595092773,2.0801000595092773,2.0799999237060547,2.0799999237060547,30450,0.0,0.0
2024-07-05 12:30:00-04:00,2.0899999141693115,2.0899999141693115,2.0899999141693115,2.0899999141693115,1335,0.0,0.0
2024-07-05 14:30:00-04:00,2.0799999237060547,2.0899999141693115,2.0799999237060547,2.0899999141693115,1613,0.0,0.0
2024-07-05 15:30:00-04:00,2.0799999237060547,2.1050000190734863,2.0799999237060547,2.1050000190734863,1551,0.0,0.0
2024-07-08 09:30:00-04:00,2.0999999046325684,2.0999999046325684,2.0999999046325684,2.0999999046325684,929,0.0,0.0
2024-07-08 10:30:00-04:00,2.0999999046325684,2.0999999046325684,2.0799999237060547,2.0799999237060547,1415,0.0,0.0
2024-07-08 11:30:00-04:00,2.059999942779541,2.059999942779541,2.059999942779541,2.059999942779541,1742,0.0,0.0
2024-07-08 12:30:00-04:00,2.059999942779541,2.059999942779541,2.053100109100342,2.053100109100342,1316,0.0,0.0
2024-07-08 13:30:00-04:00,2.069999933242798,2.109999895095825,2.069999933242798,2.1047000885009766,4159,0.0,0.0
2024-07-08 14:30:00-04:00,2.1050000190734863,2.109999895095825,2.0999999046325684,2.109999895095825,2647,0.0,0.0
2024-07-08 15:30:00-04:00,2.115000009536743,2.115000009536743,2.109999895095825,2.115000009536743,2188,0.0,0.0
2024-07-09 09:30:00-04:00,2.109999895095825,2.109999895095825,2.0947000980377197,2.0947000980377197,2565,0.0,0.0
2024-07-09 10:30:00-04:00,2.069999933242798,2.075000047683716,2.069999933242798,2.075000047683716,546,0.0,0.0
2024-07-09 11:30:00-04:00,2.069999933242798,2.069999933242798,2.069999933242798,2.069999933242798,359,0.0,0.0
2024-07-09 12:30:00-04:00,2.0799999237060547,2.0799999237060547,2.0799999237060547,2.0799999237060547,2350,0.0,0.0
2024-07-09 13:30:00-04:00,2.0899999141693115,2.109999895095825,2.0899999141693115,2.109999895095825,4558,0.0,0.0
2024-07-09 14:30:00-04:00,2.1078999042510986,2.109999895095825,2.0899999141693115,2.0899999141693115,4183,0.0,0.0
2024-07-09 15:30:00-04:00,2.0999999046325684,2.0999999046325684,2.090100049972534,2.0999999046325684,1480,0.0,0.0
2024-07-10 09:30:00-04:00,2.0999999046325684,2.0999999046325684,2.0999999046325684,2.0999999046325684,696,0.0,0.0
2024-07-10 10:30:00-04:00,2.0899999141693115,2.0899999141693115,2.054500102996826,2.0799999237060547,5161,0.0,0.0
2024-07-10 11:30:00-04:00,2.0899999141693115,2.0899999141693115,2.0899999141693115,2.0899999141693115,2813,0.0,0.0
2024-07-10 12:30:00-04:00,2.0899999141693115,2.0999999046325684,2.0817999839782715,2.0999999046325684,2138,0.0,0.0
2024-07-10 13:30:00-04:00,2.0999999046325684,2.0999999046325684,2.0899999141693115,2.090100049972534,1694,0.0,0.0
2024-07-10 14:30:00-04:00,2.0950000286102295,2.1050000190734863,2.0899999141693115,2.0999999046325684,7042,0.0,0.0
2024-07-10 15:30:00-04:00,2.0999999046325684,2.130000114440918,2.0999999046325684,2.130000114440918,3659,0.0,0.0
2024-07-11 09:30:00-04:00,2.1298000812530518,2.130000114440918,2.069999933242798,2.0999999046325684,0,0.0,0.0
2024-07-11 10:30:00-04:00,2.139699935913086,2.1398000717163086,2.139699935913086,2.1398000717163086,2411,0.0,0.0
2024-07-11 11:30:00-04:00,2.0899999141693115,2.109999895095825,2.0899999141693115,2.0999999046325684,7639,0.0,0.0
2024-07-11 12:30:00-04:00,2.0899999141693115,2.0999999046325684,2.049999952316284,2.069999933242798,7720,0.0,0.0
2024-07-11 13:30:00-04:00,2.059999942779541,2.0799999237060547,2.059999942779541,2.059999942779541,28694,0.0,0.0
2024-07-11 14:30:00-04:00,2.049999952316284,2.0799999237060547,2.0299999713897705,2.059999942779541,11287,0.0,0.0
2024-07-11 15:30:00-04:00,2.059999942779541,2.0799999237060547,2.059999942779541,2.0799999237060547,6636,0.0,0.0
2024-07-12 09:30:00-04:00,2.059999942779541,2.0899999141693115,2.055000066757202,2.055000066757202,2488,0.0,0.0
2024-07-12 10:30:00-04:00,2.059999942779541,2.0799999237060547,2.059999942779541,2.075000047683716,22108,0.0,0.0
2024-07-12 11:30:00-04:00,2.075000047683716,2.0799999237060547,2.075000047683716,2.0799999237060547,2800,0.0,0.0
2024-07-12 13:30:00-04:00,2.075000047683716,2.0899999141693115,2.069999933242798,2.072499990463257,1779,0.0,0.0
2024-07-12 14:30:00-04:00,2.075000047683716,2.0850000381469727,2.072499990463257,2.0850000381469727,3439,0.0,0.0
2024-07-12 15:30:00-04:00,2.0850000381469727,2.109999895095825,2.0850000381469727,2.109999895095825,2483,0.0,0.0
2024-07-15 09:30:00-04:00,2.109999895095825,2.140000104904175,2.109999895095825,2.140000104904175,0,0.0,0.0
2024-07-15 10:30:00-04:00,2.1500000953674316,2.2249999046325684,2.140199899673462,2.2019999027252197,23533,0.0,0.0
2024-07-15 11:30:00-04:00,2.1800999641418457,2.190000057220459,2.180000066757202,2.180000066757202,6051,0.0,0.0
2024-07-15 12:30:00-04:00,2.184999942779541,2.190000057220459,2.184999942779541,2.1856000423431396,9900,0.0,0.0
2024-07-15 13:30:00-04:00,2.190000057220459,2.190000057220459,2.1600000858306885,2.180000066757202,4073,0.0,0.0
2024-07-15 14:30:00-04:00,2.1600000858306885,2.1700000762939453,2.1449999809265137,2.1449999809265137,10221,0.0,0.0
2024-07-15 15:30:00-04:00,2.1700000762939453,2.180000066757202,2.1649999618530273,2.180000066757202,2352,0.0,0.0
2024-07-16 09:30:00-04:00,2.190000057220459,2.25,2.190000057220459,2.240000009536743,29416,0.0,0.0
2024-07-16 10:30:00-04:00,2.244999885559082,2.25,2.2400999069213867,2.2400999069213867,0,0.0,0.0
2024-07-16 11:30:00-04:00,2.25,2.2699999809265137,2.2497000694274902,2.2699999809265137,43286,0.0,0.0
2024-07-16 12:30:00-04:00,2.2699999809265137,2.2699999809265137,2.265000104904175,2.2699999809265137,6715,0.0,0.0
2024-07-16 13:30:00-04:00,2.2697999477386475,2.26990008354187,2.2697999477386475,2.26990008354187,990,0.0,0.0
2024-07-16 14:30:00-04:00,2.2699999809265137,2.2699999809265137,2.259999990463257,2.2699999809265137,23783,0.0,0.0
2024-07-16 15:30:00-04:00,2.2699999809265137,2.2799999713897705,2.259999990463257,2.259999990463257,8514,0.0,0.0
2024-07-17 09:30:00-04:00,2.240000009536743,2.299999952316284,2.240000009536743,2.2860000133514404,19590,0.0,0.0
2024-07-17 10:30:00-04:00,2.299999952316284,2.299999952316284,2.2899999618530273,2.2950000762939453,8339,0.0,0.0
2024-07-17 11:30:00-04:00,2.2950000762939453,2.3499999046325684,2.2922000885009766,2.3499999046325684,84320,0.0,0.0
2024-07-17 12:30:00-04:00,2.3489999771118164,2.3489999771118164,2.3299999237060547,2.3399999141693115,0,0.0,0.0
2024-07-17 13:30:00-04:00,2.3299999237060547,2.3399999141693115,2.3201000690460205,2.3399999141693115,19950,0.0,0.0
2024-07-17 14:30:00-04:00,2.3399999141693115,2.3550000190734863,2.3399999141693115,2.348900079727173,32015,0.0,0.0
2024-07-17 15:30:00-04:00,2.3498001098632812,2.3498001098632812,2.3399999141693115,2.3450000286102295,8218,0.0,0.0
2024-07-18 09:30:00-04:00,2.3399999141693115,2.359999895095825,2.2701001167297363,2.299999952316284,50121,0.0,0.0
2024-07-18 10:30:00-04:00,2.299999952316284,2.299999952316284,2.2699999809265137,2.299999952316284,36480,0.0,0.0
2024-07-18 11:30:00-04:00,2.299999952316284,2.299999952316284,2.259999990463257,2.2799999713897705,17822,0.0,0.0
2024-07-18 12:30:00-04:00,2.2799999713897705,2.2850000858306885,2.259999990463257,2.2699999809265137,15263,0.0,0.0
2024-07-18 13:30:00-04:00,2.2249999046325684,2.2300000190734863,2.2249999046325684,2.2249999046325684,1378,0.0,0.0
2024-07-18 14:30:00-04:00,2.234999895095825,2.234999895095825,2.2300000190734863,2.234999895095825,1429,0.0,0.0
2024-07-18 15:30:00-04:00,2.234999895095825,2.234999895095825,2.2300000190734863,2.234999895095825,6353,0.0,0.0
2024-07-19 09:30:00-04:00,2.259999990463257,2.259999990463257,2.259999990463257,2.259999990463257,0,0.0,0.0
2024-07-19 10:30:00-04:00,2.25,2.25,2.2307000160217285,2.25,3956,0.0,0.0
2024-07-19 11:30:00-04:00,2.25,2.25,2.25,2.25,3337,0.0,0.0
2024-07-19 12:30:00-04:00,2.240000009536743,2.240000009536743,2.2302000522613525,2.2304999828338623,4781,0.0,0.0
2024-07-19 13:30:00-04:00,2.2323999404907227,2.2323999404907227,2.2300000190734863,2.2300000190734863,4105,0.0,0.0
2024-07-19 14:30:00-04:00,2.2385001182556152,2.240000009536743,2.2300000190734863,2.240000009536743,6188,0.0,0.0
2024-07-19 15:30:00-04:00,2.25,2.25,2.2316999435424805,2.240000009536743,7589,0.0,0.0
2024-07-22 09:30:00-04:00,2.2300000190734863,2.241300106048584,2.2300000190734863,2.2300000190734863,0,0.0,0.0
2024-07-22 10:30:00-04:00,2.200000047683716,2.200000047683716,2.170099973678589,2.174999952316284,4411,0.0,0.0
2024-07-22 11:30:00-04:00,2.1700000762939453,2.174999952316284,2.1700000762939453,2.174999952316284,999,0.0,0.0
2024-07-22 12:30:00-04:00,2.1798999309539795,2.180000066757202,2.179500102996826,2.179500102996826,6679,0.0,0.0
2024-07-22 13:30:00-04:00,2.1700000762939453,2.1700000762939453,2.1700000762939453,2.1700000762939453,1090,0.0,0.0
2024-07-22 14:30:00-04:00,2.177999973297119,2.177999973297119,2.177999973297119,2.177999973297119,292,0.0,0.0
2024-07-22 15:30:00-04:00,2.1700000762939453,2.200000047683716,2.1700000762939453,2.200000047683716,12947,0.0,0.0
2024-07-23 09:30:00-04:00,2.180000066757202,2.1805999279022217,2.180000066757202,2.1805999279022217,0,0.0,0.0
2024-07-23 11:30:00-04:00,2.2049999237060547,2.2049999237060547,2.190000057220459,2.194999933242798,9447,0.0,0.0
2024-07-23 12:30:00-04:00,2.2100000381469727,2.2100000381469727,2.1700000762939453,2.180000066757202,11394,0.0,0.0
2024-07-23 13:30:00-04:00,2.178999900817871,2.1867001056671143,2.1700000762939453,2.180000066757202,9859,0.0,0.0
2024-07-24 09:30:00-04:00,2.194999933242798,2.194999933242798,2.180000066757202,2.180000066757202,5010,0.0,0.0
2024-07-24 10:30:00-04:00,2.160099983215332,2.160099983215332,2.1600000858306885,2.1600000858306885,795,0.0,0.0
2024-07-24 11:30:00-04:00,2.1600000858306885,2.1600000858306885,2.1600000858306885,2.1600000858306885,399,0.0,0.0
2024-07-24 12:30:00-04:00,2.1500000953674316,2.1500000953674316,2.130000114440918,2.130000114440918,10187,0.0,0.0
2024-07-24 13:30:00-04:00,2.0999999046325684,2.109999895095825,2.0999999046325684,2.1050000190734863,9877,0.0,0.0
2024-07-24 14:30:00-04:00,2.1050000190734863,2.1050000190734863,2.0999999046325684,2.0999999046325684,9166,0.0,0.0
2024-07-24 15:30:00-04:00,2.0799999237060547,2.0799999237060547,2.0799999237060547,2.0799999237060547,148,0.0,0.0
2024-07-25 09:30:00-04:00,2.0999999046325684,2.130000114440918,2.0999999046325684,2.115000009536743,0,0.0,0.0
2024-07-25 10:30:00-04:00,2.118000030517578,2.118000030517578,2.118000030517578,2.118000030517578,5546,0.0,0.0
2024-07-25 11:30:00-04:00,2.130000114440918,2.1449999809265137,2.119999885559082,2.140000104904175,11938,0.0,0.0
2024-07-25 13:30:00-04:00,2.134999990463257,2.134999990463257,2.119999885559082,2.125,16511,0.0,0.0
2024-07-25 15:30:00-04:00,2.121999979019165,2.121999979019165,2.0999999046325684,2.0999999046325684,11175,0.0,0.0
2024-07-26 09:30:00-04:00,2.109999895095825,2.109999895095825,2.109999895095825,2.109999895095825,225,0.0,0.0
2024-07-26 10:30:00-04:00,2.130000114440918,2.130000114440918,2.1231000423431396,2.1231000423431396,660,0.0,0.0
2024-07-26 11:30:00-04:00,2.125,2.125,2.125,2.125,2725,0.0,0.0
2024-07-26 12:30:00-04:00,2.140000104904175,2.1440000534057617,2.130000114440918,2.1440000534057617,2475,0.0,0.0
2024-07-26 13:30:00-04:00,2.1410000324249268,2.1549999713897705,2.1301000118255615,2.1449999809265137,5291,0.0,0.0
2024-07-26 14:30:00-04:00,2.1500000953674316,2.1600000858306885,2.1449999809265137,2.1500000953674316,11639,0.0,0.0
2024-07-26 15:30:00-04:00,2.1500000953674316,2.1649999618530273,2.1500000953674316,2.1649999618530273,7717,0.0,0.0
