Datetime,Open,High,Low,Close,Volume,Dividends,Stock Splits
2022-07-28 09:30:00-04:00,1.690000057220459,1.7400000095367432,1.6299999952316284,1.6299999952316284,38586,0.0,0.0
2022-07-28 10:30:00-04:00,1.6399999856948853,1.7899999618530273,1.6349999904632568,1.7400000095367432,236989,0.0,0.0
2022-07-28 11:30:00-04:00,1.7400000095367432,1.8300000429153442,1.7400000095367432,1.8200000524520874,169546,0.0,0.0
2022-07-28 12:30:00-04:00,1.8200000524520874,1.909999966621399,1.7999999523162842,1.899999976158142,313706,0.0,0.0
2022-07-28 13:30:00-04:00,1.899999976158142,1.9199999570846558,1.8700000047683716,1.8849999904632568,327981,0.0,0.0
2022-07-28 14:30:00-04:00,1.8849999904632568,1.9199999570846558,1.8550000190734863,1.8799999952316284,293933,0.0,0.0
2022-07-28 15:30:00-04:00,1.8849999904632568,1.9149999618530273,1.875,1.909999966621399,301170,0.0,0.0
2022-07-29 09:30:00-04:00,1.8899999856948853,1.9199999570846558,1.8300000429153442,1.8899999856948853,169867,0.0,0.0
2022-07-29 10:30:00-04:00,1.8899999856948853,1.899999976158142,1.8250000476837158,1.8700000047683716,168312,0.0,0.0
2022-07-29 11:30:00-04:00,1.875,1.8899999856948853,1.8600000143051147,1.8650000095367432,48873,0.0,0.0
2022-07-29 12:30:00-04:00,1.8650000095367432,1.899999976158142,1.8650000095367432,1.8899999856948853,38013,0.0,0.0
2022-07-29 13:30:00-04:00,1.8899999856948853,1.9199999570846558,1.8799999952316284,1.8949999809265137,194517,0.0,0.0
2022-07-29 14:30:00-04:00,1.8949999809265137,1.899999976158142,1.8700000047683716,1.8799999952316284,100224,0.0,0.0
2022-07-29 15:30:00-04:00,1.8799999952316284,1.8899999856948853,1.850000023841858,1.8661999702453613,138712,0.0,0.0
2022-08-01 09:30:00-04:00,1.909999966621399,1.909999966621399,1.7899999618530273,1.8200000524520874,128312,0.0,0.0
2022-08-01 10:30:00-04:00,1.8250000476837158,1.8899999856948853,1.8250000476837158,1.8450000286102295,61049,0.0,0.0
2022-08-01 11:30:00-04:00,1.8350000381469727,1.850000023841858,1.8300000429153442,1.8300000429153442,12120,0.0,0.0
2022-08-01 12:30:00-04:00,1.8300000429153442,1.8600000143051147,1.8200000524520874,1.8350000381469727,33744,0.0,0.0
2022-08-01 13:30:00-04:00,1.840000033378601,1.850000023841858,1.7999999523162842,1.8200000524520874,107571,0.0,0.0
2022-08-01 14:30:00-04:00,1.8200000524520874,1.850000023841858,1.8200000524520874,1.8300000429153442,50136,0.0,0.0
2022-08-01 15:30:00-04:00,1.8300000429153442,1.850000023841858,1.8300000429153442,1.840000033378601,67526,0.0,0.0
2022-08-02 09:30:00-04:00,1.8600000143051147,1.8600000143051147,1.7699999809265137,1.7699999809265137,182381,0.0,0.0
2022-08-02 10:30:00-04:00,1.7799999713897705,1.8300000429153442,1.7699999809265137,1.8300000429153442,71030,0.0,0.0
2022-08-02 11:30:00-04:00,1.840000033378601,1.8799999952316284,1.8300000429153442,1.875,39819,0.0,0.0
2022-08-02 12:30:00-04:00,1.875,1.8799999952316284,1.850000023841858,1.850000023841858,26250,0.0,0.0
2022-08-02 13:30:00-04:00,1.850000023841858,1.8700000047683716,1.8200000524520874,1.8700000047683716,60008,0.0,0.0
2022-08-02 14:30:00-04:00,1.8615000247955322,1.8700000047683716,1.850000023841858,1.8650000095367432,24337,0.0,0.0
2022-08-02 15:30:00-04:00,1.8600000143051147,1.8700000047683716,1.8600000143051147,1.8600000143051147,31708,0.0,0.0
2022-08-03 09:30:00-04:00,1.8700000047683716,1.875,1.8300000429153442,1.850000023841858,62428,0.0,0.0
2022-08-03 10:30:00-04:00,1.850000023841858,1.850000023841858,1.7999999523162842,1.8049999475479126,156300,0.0,0.0
2022-08-03 11:30:00-04:00,1.7949999570846558,1.8700000047683716,1.7899999618530273,1.8600000143051147,66287,0.0,0.0
2022-08-03 12:30:00-04:00,1.8550000190734863,1.8600000143051147,1.8450000286102295,1.8550000190734863,37929,0.0,0.0
2022-08-03 13:30:00-04:00,1.850000023841858,1.8600000143051147,1.850000023841858,1.850000023841858,22402,0.0,0.0
2022-08-03 14:30:00-04:00,1.850000023841858,1.9199999570846558,1.8450000286102295,1.9149999618530273,189032,0.0,0.0
2022-08-03 15:30:00-04:00,1.9199999570846558,1.9199999570846558,1.9014999866485596,1.9199999570846558,54533,0.0,0.0
2022-08-04 09:30:00-04:00,1.9199999570846558,1.9199999570846558,1.7900999784469604,1.8300000429153442,187153,0.0,0.0
2022-08-04 10:30:00-04:00,1.840000033378601,1.8600000143051147,1.8301000595092773,1.8301000595092773,44757,0.0,0.0
2022-08-04 11:30:00-04:00,1.8350000381469727,1.8799999952316284,1.8350000381469727,1.8600000143051147,31422,0.0,0.0
2022-08-04 12:30:00-04:00,1.8650000095367432,1.8799999952316284,1.850000023841858,1.8600000143051147,68190,0.0,0.0
2022-08-04 13:30:00-04:00,1.8600000143051147,1.9299999475479126,1.8600000143051147,1.9149999618530273,53419,0.0,0.0
2022-08-04 14:30:00-04:00,1.9299999475479126,1.9387999773025513,1.8899999856948853,1.9149999618530273,120699,0.0,0.0
2022-08-04 15:30:00-04:00,1.9199999570846558,1.9199999570846558,1.8899999856948853,1.909999966621399,89469,0.0,0.0
2022-08-05 09:30:00-04:00,1.8700000047683716,1.909999966621399,1.850000023841858,1.8899999856948853,97854,0.0,0.0
2022-08-05 10:30:00-04:00,1.8899999856948853,1.940000057220459,1.8700000047683716,1.8799999952316284,226380,0.0,0.0
2022-08-05 11:30:00-04:00,1.8799999952316284,1.8899999856948853,1.8799999952316284,1.8849999904632568,68236,0.0,0.0
2022-08-05 12:30:00-04:00,1.8849999904632568,1.899999976158142,1.8799999952316284,1.8901000022888184,17940,0.0,0.0
2022-08-05 13:30:00-04:00,1.8916000127792358,1.9299999475479126,1.8799999952316284,1.899999976158142,291832,0.0,0.0
2022-08-05 14:30:00-04:00,1.899999976158142,1.9199999570846558,1.8799999952316284,1.9149999618530273,66394,0.0,0.0
2022-08-05 15:30:00-04:00,1.909999966621399,1.9199999570846558,1.8899999856948853,1.909999966621399,89856,0.0,0.0
2022-08-08 09:30:00-04:00,1.9199999570846558,1.9199999570846558,1.7699999809265137,1.7700999975204468,327140,0.0,0.0
2022-08-08 10:30:00-04:00,1.7899999618530273,1.8200000524520874,1.7799999713897705,1.7800999879837036,112850,0.0,0.0
2022-08-08 11:30:00-04:00,1.7799999713897705,1.809999942779541,1.7699999809265137,1.7699999809265137,77990,0.0,0.0
2022-08-08 12:30:00-04:00,1.7786999940872192,1.7899999618530273,1.7699999809265137,1.774999976158142,55383,0.0,0.0
2022-08-08 13:30:00-04:00,1.7699999809265137,1.774999976158142,1.75,1.75,50963,0.0,0.0
2022-08-08 14:30:00-04:00,1.75,1.7799999713897705,1.7400000095367432,1.7649999856948853,61762,0.0,0.0
2022-08-08 15:30:00-04:00,1.7599999904632568,1.809999942779541,1.7400000095367432,1.75,144733,0.0,0.0
2022-08-09 09:30:00-04:00,1.7100000381469727,1.8700000047683716,1.5800000429153442,1.7000000476837158,488869,0.0,0.0
2022-08-09 10:30:00-04:00,1.704699993133545,1.704699993133545,1.5950000286102295,1.5950000286102295,120603,0.0,0.0
2022-08-09 11:30:00-04:00,1.5950000286102295,1.6100000143051147,1.559999942779541,1.5700000524520874,148213,0.0,0.0
2022-08-09 12:30:00-04:00,1.5549999475479126,1.600000023841858,1.5499999523162842,1.600000023841858,95024,0.0,0.0
2022-08-09 13:30:00-04:00,1.600000023841858,1.6100000143051147,1.590000033378601,1.590000033378601,33407,0.0,0.0
2022-08-09 14:30:00-04:00,1.600000023841858,1.6200000047683716,1.559999942779541,1.6100000143051147,56082,0.0,0.0
2022-08-09 15:30:00-04:00,1.6200000047683716,1.6200000047683716,1.590000033378601,1.600000023841858,63417,0.0,0.0
2022-08-10 09:30:00-04:00,1.600000023841858,1.6299999952316284,1.5901000499725342,1.6050000190734863,109545,0.0,0.0
2022-08-10 10:30:00-04:00,1.6050000190734863,1.6200000047683716,1.5800000429153442,1.5950000286102295,36885,0.0,0.0
2022-08-10 11:30:00-04:00,1.594499945640564,1.600000023841858,1.524999976158142,1.5485999584197998,118326,0.0,0.0
2022-08-10 12:30:00-04:00,1.5449999570846558,1.559999942779541,1.5199999809265137,1.559999942779541,86929,0.0,0.0
2022-08-10 13:30:00-04:00,1.559999942779541,1.5700000524520874,1.5399999618530273,1.5499999523162842,32766,0.0,0.0
2022-08-10 14:30:00-04:00,1.5499999523162842,1.5499999523162842,1.5399999618530273,1.5499999523162842,34041,0.0,0.0
2022-08-10 15:30:00-04:00,1.5449999570846558,1.5499999523162842,1.5199999809265137,1.5399999618530273,113939,0.0,0.0
2022-08-11 09:30:00-04:00,1.5399999618530273,1.6399999856948853,1.534999966621399,1.600000023841858,186981,0.0,0.0
2022-08-11 10:30:00-04:00,1.590000033378601,1.659999966621399,1.5800000429153442,1.5850000381469727,101348,0.0,0.0
2022-08-11 11:30:00-04:00,1.5850000381469727,1.590000033378601,1.559999942779541,1.565000057220459,50993,0.0,0.0
2022-08-11 12:30:00-04:00,1.565000057220459,1.5700000524520874,1.559999942779541,1.565000057220459,51588,0.0,0.0
2022-08-11 13:30:00-04:00,1.565000057220459,1.5674999952316284,1.534999966621399,1.5549999475479126,59788,0.0,0.0
2022-08-11 14:30:00-04:00,1.5549999475479126,1.5800000429153442,1.5499999523162842,1.565000057220459,43933,0.0,0.0
2022-08-11 15:30:00-04:00,1.565000057220459,1.600000023841858,1.559999942779541,1.590000033378601,52624,0.0,0.0
2022-08-12 09:30:00-04:00,1.5800000429153442,1.6200000047683716,1.559999942779541,1.5800000429153442,46163,0.0,0.0
2022-08-12 10:30:00-04:00,1.5800000429153442,1.600000023841858,1.559999942779541,1.5927000045776367,20216,0.0,0.0
2022-08-12 11:30:00-04:00,1.590000033378601,1.600000023841858,1.590000033378601,1.5950000286102295,10656,0.0,0.0
2022-08-12 12:30:00-04:00,1.590000033378601,1.600100040435791,1.590000033378601,1.600000023841858,9865,0.0,0.0
2022-08-12 13:30:00-04:00,1.600000023841858,1.6299999952316284,1.5800000429153442,1.5950000286102295,64599,0.0,0.0
2022-08-12 14:30:00-04:00,1.590000033378601,1.6399999856948853,1.590000033378601,1.625,123221,0.0,0.0
2022-08-12 15:30:00-04:00,1.625,1.6399999856948853,1.625,1.6299999952316284,116023,0.0,0.0
2022-08-15 09:30:00-04:00,1.6200000047683716,1.6399999856948853,1.590000033378601,1.590000033378601,31313,0.0,0.0
2022-08-15 10:30:00-04:00,1.5950000286102295,1.600000023841858,1.590000033378601,1.590000033378601,5083,0.0,0.0
2022-08-15 11:30:00-04:00,1.5950000286102295,1.600000023841858,1.590000033378601,1.590000033378601,5455,0.0,0.0
2022-08-15 12:30:00-04:00,1.5950000286102295,1.6299999952316284,1.590000033378601,1.6299999952316284,14294,0.0,0.0
2022-08-15 13:30:00-04:00,1.6227999925613403,1.6299999952316284,1.6200000047683716,1.6200000047683716,8624,0.0,0.0
2022-08-15 14:30:00-04:00,1.625,1.6299999952316284,1.6200000047683716,1.6200000047683716,6361,0.0,0.0
2022-08-15 15:30:00-04:00,1.6208000183105469,1.6299999952316284,1.590000033378601,1.6100000143051147,19748,0.0,0.0
2022-08-16 09:30:00-04:00,1.6100000143051147,1.6100000143051147,1.5300999879837036,1.5399999618530273,40311,0.0,0.0
2022-08-16 10:30:00-04:00,1.5449999570846558,1.5700000524520874,1.5399999618530273,1.5399999618530273,34866,0.0,0.0
2022-08-16 11:30:00-04:00,1.5499999523162842,1.5700000524520874,1.5399999618530273,1.565000057220459,66347,0.0,0.0
2022-08-16 12:30:00-04:00,1.559999942779541,1.6100000143051147,1.559999942779541,1.5750000476837158,46808,0.0,0.0
2022-08-16 13:30:00-04:00,1.5700000524520874,1.590000033378601,1.5700000524520874,1.5839999914169312,7627,0.0,0.0
2022-08-16 14:30:00-04:00,1.590000033378601,1.600000023841858,1.5700000524520874,1.590000033378601,27295,0.0,0.0
2022-08-16 15:30:00-04:00,1.600000023841858,1.6200000047683716,1.5800000429153442,1.6100000143051147,88795,0.0,0.0
2022-08-17 09:30:00-04:00,1.5800000429153442,1.600000023841858,1.5399999618530273,1.5700000524520874,32298,0.0,0.0
2022-08-17 10:30:00-04:00,1.5499999523162842,1.5499999523162842,1.5,1.5199999809265137,47205,0.0,0.0
2022-08-17 11:30:00-04:00,1.5199999809265137,1.559999942779541,1.5099999904632568,1.5499999523162842,77333,0.0,0.0
2022-08-17 12:30:00-04:00,1.5499999523162842,1.559999942779541,1.5299999713897705,1.559999942779541,58213,0.0,0.0
2022-08-17 13:30:00-04:00,1.559999942779541,1.559999942779541,1.5099999904632568,1.534999966621399,67077,0.0,0.0
2022-08-17 14:30:00-04:00,1.534999966621399,1.5800000429153442,1.5299999713897705,1.5549999475479126,100296,0.0,0.0
2022-08-17 15:30:00-04:00,1.5549999475479126,1.590000033378601,1.5499999523162842,1.5800000429153442,97965,0.0,0.0
2022-08-18 09:30:00-04:00,1.5499999523162842,1.5800000429153442,1.5405999422073364,1.5499999523162842,42873,0.0,0.0
2022-08-18 10:30:00-04:00,1.5499999523162842,1.5700000524520874,1.5449999570846558,1.5700000524520874,43828,0.0,0.0
2022-08-18 11:30:00-04:00,1.5700000524520874,1.5800000429153442,1.5628999471664429,1.565000057220459,46723,0.0,0.0
2022-08-18 12:30:00-04:00,1.565000057220459,1.5700000524520874,1.5399999618530273,1.5499999523162842,31896,0.0,0.0
2022-08-18 13:30:00-04:00,1.5499999523162842,1.5850000381469727,1.5499999523162842,1.5800000429153442,64240,0.0,0.0
2022-08-18 14:30:00-04:00,1.5850000381469727,1.5850000381469727,1.5750000476837158,1.5800000429153442,31869,0.0,0.0
2022-08-18 15:30:00-04:00,1.5800000429153442,1.5800000429153442,1.559999942779541,1.5800000429153442,89219,0.0,0.0
2022-08-19 09:30:00-04:00,1.5399999618530273,1.559999942779541,1.5199999809265137,1.5199999809265137,40022,0.0,0.0
2022-08-19 10:30:00-04:00,1.5149999856948853,1.5199999809265137,1.4900000095367432,1.4900000095367432,33990,0.0,0.0
2022-08-19 11:30:00-04:00,1.4900000095367432,1.5,1.4900000095367432,1.4900000095367432,11545,0.0,0.0
2022-08-19 12:30:00-04:00,1.4950000047683716,1.5,1.4900000095367432,1.5,18045,0.0,0.0
2022-08-19 13:30:00-04:00,1.4950000047683716,1.4950000047683716,1.4550000429153442,1.4700000286102295,41761,0.0,0.0
2022-08-19 14:30:00-04:00,1.4700000286102295,1.4900000095367432,1.440000057220459,1.4600000381469727,44450,0.0,0.0
2022-08-19 15:30:00-04:00,1.4600000381469727,1.4600000381469727,1.409999966621399,1.409999966621399,114465,0.0,0.0
2022-08-22 09:30:00-04:00,1.399999976158142,1.5,1.399999976158142,1.5,72881,0.0,0.0
2022-08-22 10:30:00-04:00,1.5,1.5099999904632568,1.4800000190734863,1.4800000190734863,55721,0.0,0.0
2022-08-22 11:30:00-04:00,1.4800000190734863,1.4850000143051147,1.4500000476837158,1.465000033378601,23434,0.0,0.0
2022-08-22 12:30:00-04:00,1.4635000228881836,1.4800000190734863,1.440000057220459,1.4450000524520874,15353,0.0,0.0
2022-08-22 13:30:00-04:00,1.440000057220459,1.4600000381469727,1.4199999570846558,1.4450000524520874,32939,0.0,0.0
2022-08-22 14:30:00-04:00,1.4450000524520874,1.4500000476837158,1.4299999475479126,1.440000057220459,27451,0.0,0.0
2022-08-22 15:30:00-04:00,1.4299999475479126,1.4600000381469727,1.4199999570846558,1.4500999450683594,52605,0.0,0.0
2022-08-23 09:30:00-04:00,1.4500000476837158,1.5499999523162842,1.4500000476837158,1.5199999809265137,95488,0.0,0.0
2022-08-23 10:30:00-04:00,1.5399999618530273,1.5399999618530273,1.4700000286102295,1.4850000143051147,20864,0.0,0.0
2022-08-23 11:30:00-04:00,1.4800000190734863,1.4900000095367432,1.4700000286102295,1.4850000143051147,14359,0.0,0.0
2022-08-23 12:30:00-04:00,1.4850000143051147,1.4900000095367432,1.4800000190734863,1.4850000143051147,7305,0.0,0.0
2022-08-23 13:30:00-04:00,1.4800000190734863,1.4900000095367432,1.4800000190734863,1.4850000143051147,9471,0.0,0.0
2022-08-23 14:30:00-04:00,1.4850000143051147,1.5299999713897705,1.4850000143051147,1.5,39247,0.0,0.0
2022-08-23 15:30:00-04:00,1.5099999904632568,1.5800000429153442,1.5,1.5800000429153442,93857,0.0,0.0
2022-08-24 09:30:00-04:00,1.5499999523162842,1.559999942779541,1.5099999904632568,1.5299999713897705,27663,0.0,0.0
2022-08-24 10:30:00-04:00,1.5299999713897705,1.6200000047683716,1.5299999713897705,1.6100000143051147,51487,0.0,0.0
2022-08-24 11:30:00-04:00,1.6150000095367432,1.6299999952316284,1.600000023841858,1.600000023841858,32379,0.0,0.0
2022-08-24 12:30:00-04:00,1.600000023841858,1.6088000535964966,1.5819000005722046,1.600000023841858,85680,0.0,0.0
2022-08-24 13:30:00-04:00,1.600000023841858,1.6050000190734863,1.5499999523162842,1.5499999523162842,90402,0.0,0.0
2022-08-24 14:30:00-04:00,1.5499999523162842,1.5499999523162842,1.5099999904632568,1.5499999523162842,141908,0.0,0.0
2022-08-24 15:30:00-04:00,1.5449999570846558,1.5499999523162842,1.4800000190734863,1.5099999904632568,116173,0.0,0.0
2022-08-25 09:30:00-04:00,1.5099999904632568,1.5199999809265137,1.4500000476837158,1.5099999904632568,72112,0.0,0.0
2022-08-25 10:30:00-04:00,1.5099999904632568,1.524999976158142,1.4600000381469727,1.4900000095367432,79914,0.0,0.0
2022-08-25 11:30:00-04:00,1.4800000190734863,1.4900000095367432,1.465000033378601,1.4700000286102295,31309,0.0,0.0
2022-08-25 12:30:00-04:00,1.4700000286102295,1.475000023841858,1.399999976158142,1.4450000524520874,107073,0.0,0.0
2022-08-25 13:30:00-04:00,1.4450000524520874,1.4500000476837158,1.4249999523162842,1.4450000524520874,33649,0.0,0.0
2022-08-25 14:30:00-04:00,1.4450000524520874,1.4700000286102295,1.440000057220459,1.4600000381469727,42438,0.0,0.0
2022-08-25 15:30:00-04:00,1.4500000476837158,1.4500000476837158,1.409999966621399,1.4199999570846558,55775,0.0,0.0
2022-08-26 09:30:00-04:00,1.4299999475479126,1.4500000476837158,1.378499984741211,1.3899999856948853,92268,0.0,0.0
2022-08-26 10:30:00-04:00,1.3880000114440918,1.3899999856948853,1.350000023841858,1.3700000047683716,33534,0.0,0.0
2022-08-26 11:30:00-04:00,1.3700000047683716,1.399999976158142,1.3650000095367432,1.3650000095367432,34537,0.0,0.0
2022-08-26 12:30:00-04:00,1.3650000095367432,1.409999966621399,1.3600000143051147,1.375,26130,0.0,0.0
2022-08-26 13:30:00-04:00,1.3700000047683716,1.4299999475479126,1.3600000143051147,1.3949999809265137,55531,0.0,0.0
2022-08-26 14:30:00-04:00,1.3949999809265137,1.440000057220459,1.3899999856948853,1.3899999856948853,151704,0.0,0.0
2022-08-26 15:30:00-04:00,1.3899999856948853,1.440000057220459,1.3799999952316284,1.399999976158142,95992,0.0,0.0
2022-08-29 09:30:00-04:00,1.3899999856948853,1.4299999475479126,1.3799999952316284,1.3899999856948853,29302,0.0,0.0
2022-08-29 10:30:00-04:00,1.3978999853134155,1.3978999853134155,1.350000023841858,1.3592000007629395,37444,0.0,0.0
2022-08-29 11:30:00-04:00,1.350000023841858,1.409999966621399,1.340000033378601,1.3899999856948853,14814,0.0,0.0
2022-08-29 12:30:00-04:00,1.399999976158142,1.4184999465942383,1.3899999856948853,1.399999976158142,20683,0.0,0.0
2022-08-29 13:30:00-04:00,1.3899999856948853,1.399999976158142,1.3650000095367432,1.375,7108,0.0,0.0
2022-08-29 14:30:00-04:00,1.3794000148773193,1.3799999952316284,1.350000023841858,1.3700000047683716,32417,0.0,0.0
2022-08-29 15:30:00-04:00,1.3650000095367432,1.3799999952316284,1.350000023841858,1.350000023841858,48612,0.0,0.0
2022-08-30 09:30:00-04:00,1.350000023841858,1.3700000047683716,1.3250000476837158,1.3300000429153442,68277,0.0,0.0
2022-08-30 10:30:00-04:00,1.309999942779541,1.3299000263214111,1.2899999618530273,1.3070000410079956,115450,0.0,0.0
2022-08-30 11:30:00-04:00,1.305999994277954,1.350000023841858,1.2999999523162842,1.3300000429153442,15427,0.0,0.0
2022-08-30 12:30:00-04:00,1.3200000524520874,1.3200000524520874,1.2949999570846558,1.2949999570846558,4708,0.0,0.0
2022-08-30 13:30:00-04:00,1.295300006866455,1.309999942779541,1.2699999809265137,1.309499979019165,30351,0.0,0.0
2022-08-30 14:30:00-04:00,1.309999942779541,1.3600000143051147,1.309999942779541,1.3200000524520874,22428,0.0,0.0
2022-08-30 15:30:00-04:00,1.3200000524520874,1.3250000476837158,1.2999999523162842,1.3200000524520874,34555,0.0,0.0
2022-08-31 09:30:00-04:00,1.3300000429153442,1.350000023841858,1.3200000524520874,1.3200000524520874,19190,0.0,0.0
2022-08-31 10:30:00-04:00,1.3200000524520874,1.320099949836731,1.2899999618530273,1.3072999715805054,34370,0.0,0.0
2022-08-31 11:30:00-04:00,1.3049999475479126,1.3200000524520874,1.2899999618530273,1.315000057220459,34670,0.0,0.0
2022-08-31 12:30:00-04:00,1.3193000555038452,1.3300000429153442,1.2899999618530273,1.3300000429153442,42996,0.0,0.0
2022-08-31 13:30:00-04:00,1.3300000429153442,1.3300000429153442,1.3200000524520874,1.3200000524520874,5238,0.0,0.0
2022-08-31 14:30:00-04:00,1.309999942779541,1.3300000429153442,1.2999999523162842,1.3200000524520874,30920,0.0,0.0
2022-08-31 15:30:00-04:00,1.315000057220459,1.3300000429153442,1.309999942779541,1.3200000524520874,45562,0.0,0.0
2022-09-01 09:30:00-04:00,1.309999942779541,1.309999942779541,1.2400000095367432,1.2400000095367432,133896,0.0,0.0
2022-09-01 10:30:00-04:00,1.2400000095367432,1.2599999904632568,1.2300000190734863,1.2599999904632568,35347,0.0,0.0
2022-09-01 11:30:00-04:00,1.2599999904632568,1.2599999904632568,1.2400000095367432,1.25,20495,0.0,0.0
2022-09-01 12:30:00-04:00,1.2400000095367432,1.2599999904632568,1.2050000429153442,1.2549999952316284,58277,0.0,0.0
2022-09-01 13:30:00-04:00,1.2561999559402466,1.2899999618530273,1.2561999559402466,1.27839994430542,27189,0.0,0.0
2022-09-01 14:30:00-04:00,1.2799999713897705,1.2999999523162842,1.2599999904632568,1.2999999523162842,33849,0.0,0.0
2022-09-01 15:30:00-04:00,1.2999999523162842,1.340000033378601,1.284999966621399,1.3200000524520874,54651,0.0,0.0
2022-09-02 09:30:00-04:00,1.3200000524520874,1.3300000429153442,1.2699999809265137,1.3300000429153442,65998,0.0,0.0
2022-09-02 10:30:00-04:00,1.3200000524520874,1.3300000429153442,1.2899999618530273,1.3300000429153442,25511,0.0,0.0
2022-09-02 11:30:00-04:00,1.315000057220459,1.3493000268936157,1.309999942779541,1.3200000524520874,21849,0.0,0.0
2022-09-02 12:30:00-04:00,1.309999942779541,1.309999942779541,1.2699999809265137,1.274999976158142,18978,0.0,0.0
2022-09-02 13:30:00-04:00,1.274999976158142,1.2999999523162842,1.2699999809265137,1.2999999523162842,24310,0.0,0.0
2022-09-02 14:30:00-04:00,1.3049999475479126,1.3049999475479126,1.2999999523162842,1.2999999523162842,2136,0.0,0.0
2022-09-02 15:30:00-04:00,1.2999999523162842,1.3200000524520874,1.2799999713897705,1.2999999523162842,41475,0.0,0.0
2022-09-06 09:30:00-04:00,1.3200000524520874,1.3700000047683716,1.2599999904632568,1.3200000524520874,15935,0.0,0.0
2022-09-06 10:30:00-04:00,1.3200000524520874,1.3200000524520874,1.2999999523162842,1.2999999523162842,8925,0.0,0.0
2022-09-06 11:30:00-04:00,1.30840003490448,1.309999942779541,1.2799999713897705,1.2949999570846558,7352,0.0,0.0
2022-09-06 12:30:00-04:00,1.2999000549316406,1.2999999523162842,1.2799999713897705,1.284999966621399,15075,0.0,0.0
2022-09-06 13:30:00-04:00,1.284999966621399,1.2999999523162842,1.2799999713897705,1.2949999570846558,22703,0.0,0.0
2022-09-06 14:30:00-04:00,1.2949999570846558,1.2999999523162842,1.2799999713897705,1.2949999570846558,15094,0.0,0.0
2022-09-06 15:30:00-04:00,1.2949999570846558,1.2999999523162842,1.2599999904632568,1.2799999713897705,23487,0.0,0.0
2022-09-07 09:30:00-04:00,1.2699999809265137,1.2799999713897705,1.25,1.2649999856948853,15086,0.0,0.0
2022-09-07 10:30:00-04:00,1.2599999904632568,1.274999976158142,1.2599999904632568,1.2699999809265137,8544,0.0,0.0
2022-09-07 11:30:00-04:00,1.277999997138977,1.3600000143051147,1.2773000001907349,1.309999942779541,103245,0.0,0.0
2022-09-07 12:30:00-04:00,1.309999942779541,1.340000033378601,1.309999942779541,1.309999942779541,25048,0.0,0.0
2022-09-07 13:30:00-04:00,1.315000057220459,1.315000057220459,1.2999999523162842,1.2999999523162842,16417,0.0,0.0
2022-09-07 14:30:00-04:00,1.2999999523162842,1.309999942779541,1.2899999618530273,1.2999999523162842,36351,0.0,0.0
2022-09-07 15:30:00-04:00,1.3049999475479126,1.309999942779541,1.2899999618530273,1.2999999523162842,86320,0.0,0.0
2022-09-08 09:30:00-04:00,1.2999999523162842,1.340000033378601,1.2799999713897705,1.3200000524520874,31758,0.0,0.0
2022-09-08 10:30:00-04:00,1.3200000524520874,1.3200000524520874,1.2999999523162842,1.309999942779541,26011,0.0,0.0
2022-09-08 11:30:00-04:00,1.309999942779541,1.3200000524520874,1.2799999713897705,1.2799999713897705,5458,0.0,0.0
2022-09-08 12:30:00-04:00,1.284999966621399,1.309999942779541,1.284999966621399,1.2949999570846558,29092,0.0,0.0
2022-09-08 13:30:00-04:00,1.2899999618530273,1.2999999523162842,1.2699999809265137,1.2799999713897705,36344,0.0,0.0
2022-09-08 14:30:00-04:00,1.2799999713897705,1.284999966621399,1.2599999904632568,1.2599999904632568,47370,0.0,0.0
2022-09-08 15:30:00-04:00,1.2599999904632568,1.2799999713897705,1.25,1.25,65666,0.0,0.0
2022-09-09 09:30:00-04:00,1.25,1.2599999904632568,1.1749999523162842,1.2000000476837158,340561,0.0,0.0
2022-09-09 10:30:00-04:00,1.2000000476837158,1.2100000381469727,1.1799999475479126,1.2050000429153442,49769,0.0,0.0
2022-09-09 11:30:00-04:00,1.2050000429153442,1.2699999809265137,1.2050000429153442,1.25,72319,0.0,0.0
2022-09-09 12:30:00-04:00,1.25,1.2999999523162842,1.2400000095367432,1.2599999904632568,74190,0.0,0.0
2022-09-09 13:30:00-04:00,1.2599999904632568,1.2799999713897705,1.25,1.2599999904632568,79524,0.0,0.0
2022-09-09 14:30:00-04:00,1.2599999904632568,1.2649999856948853,1.2400000095367432,1.2400000095367432,62578,0.0,0.0
2022-09-09 15:30:00-04:00,1.2400000095367432,1.25,1.2373000383377075,1.2473000288009644,129159,0.0,0.0
2022-09-12 09:30:00-04:00,1.25,1.2599999904632568,1.2200000286102295,1.25,48628,0.0,0.0
2022-09-12 10:30:00-04:00,1.25,1.25,1.2400000095367432,1.2450000047683716,11868,0.0,0.0
2022-09-12 11:30:00-04:00,1.2450000047683716,1.25,1.2300000190734863,1.2350000143051147,14901,0.0,0.0
2022-09-12 12:30:00-04:00,1.2350000143051147,1.2400000095367432,1.2300000190734863,1.2350000143051147,25543,0.0,0.0
2022-09-12 13:30:00-04:00,1.2350000143051147,1.2450000047683716,1.2300000190734863,1.2450000047683716,8524,0.0,0.0
2022-09-12 14:30:00-04:00,1.2450000047683716,1.2450000047683716,1.190000057220459,1.2050000429153442,126402,0.0,0.0
2022-09-12 15:30:00-04:00,1.2050000429153442,1.2200000286102295,1.190000057220459,1.2100000381469727,105174,0.0,0.0
2022-09-13 09:30:00-04:00,1.149999976158142,1.1995999813079834,1.1298999786376953,1.149999976158142,203773,0.0,0.0
2022-09-13 10:30:00-04:00,1.1549999713897705,1.1699999570846558,1.1100000143051147,1.1455999612808228,88276,0.0,0.0
2022-09-13 11:30:00-04:00,1.149999976158142,1.149999976158142,1.1399999856948853,1.149999976158142,24645,0.0,0.0
2022-09-13 12:30:00-04:00,1.1399999856948853,1.1449999809265137,1.125,1.1349999904632568,47114,0.0,0.0
2022-09-13 13:30:00-04:00,1.1349999904632568,1.149999976158142,1.1349999904632568,1.1399999856948853,18295,0.0,0.0
2022-09-13 14:30:00-04:00,1.1399999856948853,1.1449999809265137,1.1100000143051147,1.1349999904632568,96366,0.0,0.0
2022-09-13 15:30:00-04:00,1.1299999952316284,1.149999976158142,1.1200000047683716,1.1299999952316284,139844,0.0,0.0
2022-09-14 09:30:00-04:00,1.1299999952316284,1.149999976158142,1.0700000524520874,1.1349999904632568,76418,0.0,0.0
2022-09-14 10:30:00-04:00,1.1299999952316284,1.1349999904632568,1.100000023841858,1.1200000047683716,56608,0.0,0.0
2022-09-14 11:30:00-04:00,1.125,1.1399999856948853,1.125,1.1349999904632568,13308,0.0,0.0
2022-09-14 12:30:00-04:00,1.1299999952316284,1.1399999856948853,1.1200000047683716,1.125,21738,0.0,0.0
2022-09-14 13:30:00-04:00,1.1299999952316284,1.1299999952316284,1.100000023841858,1.1050000190734863,55124,0.0,0.0
2022-09-14 14:30:00-04:00,1.1050000190734863,1.1200000047683716,1.100000023841858,1.1150000095367432,128438,0.0,0.0
2022-09-14 15:30:00-04:00,1.1150000095367432,1.1200000047683716,1.100000023841858,1.100000023841858,82482,0.0,0.0
2022-09-15 09:30:00-04:00,1.100000023841858,1.1200000047683716,1.100000023841858,1.100000023841858,100339,0.0,0.0
2022-09-15 10:30:00-04:00,1.100000023841858,1.100000023841858,1.0800000429153442,1.0950000286102295,46681,0.0,0.0
2022-09-15 11:30:00-04:00,1.100000023841858,1.1200000047683716,1.0800000429153442,1.0850000381469727,47498,0.0,0.0
2022-09-15 12:30:00-04:00,1.0839999914169312,1.1299999952316284,1.0800000429153442,1.1100000143051147,54851,0.0,0.0
2022-09-15 13:30:00-04:00,1.1100000143051147,1.1198999881744385,1.090000033378601,1.1198999881744385,45596,0.0,0.0
2022-09-15 14:30:00-04:00,1.1050000190734863,1.1100000143051147,1.0800000429153442,1.0800000429153442,43661,0.0,0.0
2022-09-15 15:30:00-04:00,1.0850000381469727,1.090000033378601,1.0800000429153442,1.0800000429153442,63285,0.0,0.0
2022-09-16 09:30:00-04:00,1.0700000524520874,1.1100000143051147,1.0,1.0149999856948853,278631,0.0,0.0
2022-09-16 10:30:00-04:00,1.0199999809265137,1.0399999618530273,1.0,1.034999966621399,100120,0.0,0.0
2022-09-16 11:30:00-04:00,1.0299999713897705,1.0399999618530273,1.0199999809265137,1.024999976158142,80167,0.0,0.0
2022-09-16 12:30:00-04:00,1.0199999809265137,1.0299999713897705,1.0099999904632568,1.0099999904632568,60817,0.0,0.0
2022-09-16 13:30:00-04:00,1.0099999904632568,1.0199999809265137,1.0099999904632568,1.0099999904632568,78762,0.0,0.0
2022-09-16 14:30:00-04:00,1.0149999856948853,1.0299999713897705,1.0099999904632568,1.0199999809265137,107332,0.0,0.0
2022-09-16 15:30:00-04:00,1.0211999416351318,1.0399999618530273,1.0199999809265137,1.0199999809265137,135109,0.0,0.0
2022-09-19 09:30:00-04:00,1.0,1.0399999618530273,0.9900000095367432,0.9900000095367432,144835,0.0,0.0
2022-09-19 10:30:00-04:00,0.9854999780654907,0.9854999780654907,0.9610999822616577,0.9708999991416931,129488,0.0,0.0
2022-09-19 11:30:00-04:00,0.9782099723815918,1.0008000135421753,0.9620000123977661,0.9800999760627747,74112,0.0,0.0
2022-09-19 12:30:00-04:00,0.9800000190734863,0.9843999743461609,0.9700000286102295,0.9807000160217285,51727,0.0,0.0
2022-09-19 13:30:00-04:00,0.9807000160217285,0.9811999797821045,0.9624000191688538,0.9713000059127808,153398,0.0,0.0
2022-09-19 14:30:00-04:00,0.9791499972343445,0.9865999817848206,0.9700000286102295,0.9700999855995178,112605,0.0,0.0
2022-09-19 15:30:00-04:00,0.9728999733924866,0.9886999726295471,0.9700999855995178,0.9800999760627747,114758,0.0,0.0
2022-09-20 09:30:00-04:00,1.0,1.0,0.8801000118255615,0.919700026512146,451354,0.0,0.0
2022-09-20 10:30:00-04:00,0.9174500107765198,0.9180999994277954,0.8812000155448914,0.9004999995231628,189142,0.0,0.0
2022-09-20 11:30:00-04:00,0.9004999995231628,0.909699022769928,0.8899999856948853,0.8916000127792358,78115,0.0,0.0
2022-09-20 12:30:00-04:00,0.8916000127792358,0.9197999835014343,0.8914999961853027,0.9100000262260437,172304,0.0,0.0
2022-09-20 13:30:00-04:00,0.9100000262260437,0.910099983215332,0.880299985408783,0.8848999738693237,71804,0.0,0.0
2022-09-20 14:30:00-04:00,0.8849999904632568,0.9093999862670898,0.8802000284194946,0.8999999761581421,102788,0.0,0.0
2022-09-20 15:30:00-04:00,0.8999999761581421,0.9003999829292297,0.8824999928474426,0.8884000182151794,152293,0.0,0.0
2022-09-21 09:30:00-04:00,0.8999999761581421,0.9276000261306763,0.8600000143051147,0.8867999911308289,53794,0.0,0.0
2022-09-21 10:30:00-04:00,0.8934999704360962,0.8991000056266785,0.8801000118255615,0.8948000073432922,52556,0.0,0.0
2022-09-21 11:30:00-04:00,0.8945000171661377,0.8950999975204468,0.875,0.8762999773025513,168424,0.0,0.0
2022-09-21 12:30:00-04:00,0.8776000142097473,0.8934999704360962,0.8762999773025513,0.8894000053405762,67960,0.0,0.0
2022-09-21 13:30:00-04:00,0.8896999955177307,0.8899999856948853,0.8202000260353088,0.8465999960899353,227322,0.0,0.0
2022-09-21 14:30:00-04:00,0.8465999960899353,0.8763999938964844,0.8341000080108643,0.8514000177383423,118647,0.0,0.0
2022-09-21 15:30:00-04:00,0.8481000065803528,0.8568000197410583,0.8271999955177307,0.8385000228881836,152924,0.0,0.0
2022-09-22 09:30:00-04:00,0.8421000242233276,1.0299999713897705,0.8299999833106995,0.9803000092506409,793620,0.0,0.0
2022-09-22 10:30:00-04:00,0.9901000261306763,1.0499999523162842,0.9800000190734863,0.992900013923645,1050864,0.0,0.0
2022-09-22 11:30:00-04:00,0.9927999973297119,1.0299999713897705,0.9927999973297119,1.0049999952316284,278724,0.0,0.0
2022-09-22 12:30:00-04:00,1.0099999904632568,1.0099999904632568,0.9700000286102295,0.9735999703407288,378244,0.0,0.0
2022-09-22 13:30:00-04:00,0.9721999764442444,1.0099999904632568,0.9549999833106995,0.9800000190734863,332810,0.0,0.0
2022-09-22 14:30:00-04:00,0.9850000143051147,1.0399999618530273,0.9800000190734863,1.024999976158142,305030,0.0,0.0
2022-09-22 15:30:00-04:00,1.024999976158142,1.059999942779541,1.010599970817566,1.0499999523162842,593171,0.0,0.0
2022-09-23 09:30:00-04:00,0.9900000095367432,1.0299999713897705,0.9900000095367432,1.0199999809265137,340606,0.0,0.0
2022-09-23 10:30:00-04:00,1.0149999856948853,1.0592000484466553,1.0099999904632568,1.0399999618530273,282947,0.0,0.0
2022-09-23 11:30:00-04:00,1.034999966621399,1.0399999618530273,0.9902999997138977,0.9995999932289124,192527,0.0,0.0
2022-09-23 12:30:00-04:00,0.9995999932289124,1.0099999904632568,0.9610000252723694,1.0,123910,0.0,0.0
2022-09-23 13:30:00-04:00,1.0,1.0099999904632568,0.9829999804496765,1.0,49998,0.0,0.0
2022-09-23 14:30:00-04:00,1.0,1.0199999809265137,0.9804999828338623,1.0099999904632568,84681,0.0,0.0
2022-09-23 15:30:00-04:00,1.0099999904632568,1.0399999618530273,1.0099999904632568,1.0299999713897705,108206,0.0,0.0
2022-09-26 09:30:00-04:00,1.0099999904632568,1.0499999523162842,1.0,1.0199999809265137,68200,0.0,0.0
2022-09-26 10:30:00-04:00,1.0199999809265137,1.0299999713897705,1.0,1.0099999904632568,185653,0.0,0.0
2022-09-26 11:30:00-04:00,1.0149999856948853,1.0199999809265137,1.0,1.0149999856948853,65749,0.0,0.0
2022-09-26 12:30:00-04:00,1.0199999809265137,1.0299999713897705,0.9725000262260437,1.0299999713897705,108526,0.0,0.0
2022-09-26 13:30:00-04:00,1.024999976158142,1.0299999713897705,1.0,1.0,131835,0.0,0.0
2022-09-26 14:30:00-04:00,1.0099999904632568,1.0199999809265137,0.9801999926567078,0.9890999794006348,69472,0.0,0.0
2022-09-26 15:30:00-04:00,0.9890000224113464,1.0099999904632568,0.98580002784729,1.0099999904632568,82969,0.0,0.0
2022-09-27 09:30:00-04:00,1.0,1.0399999618530273,1.0,1.0099999904632568,179073,0.0,0.0
2022-09-27 10:30:00-04:00,1.0,1.0199999809265137,1.0,1.0099999904632568,45769,0.0,0.0
2022-09-27 11:30:00-04:00,1.0099999904632568,1.0199999809265137,1.0,1.0099999904632568,48783,0.0,0.0
2022-09-27 12:30:00-04:00,1.0099999904632568,1.0199999809265137,1.0099999904632568,1.0149999856948853,23478,0.0,0.0
2022-09-27 13:30:00-04:00,1.0149999856948853,1.0199999809265137,1.0,1.0,90445,0.0,0.0
2022-09-27 14:30:00-04:00,1.0,1.0199999809265137,1.0,1.0,70106,0.0,0.0
2022-09-27 15:30:00-04:00,1.0,1.0099999904632568,1.0,1.0,65040,0.0,0.0
2022-09-28 09:30:00-04:00,1.0,1.0099999904632568,0.9722999930381775,0.9998999834060669,154080,0.0,0.0
2022-09-28 10:30:00-04:00,0.9955999851226807,1.0199999809265137,0.991100013256073,1.0099999904632568,117180,0.0,0.0
2022-09-28 11:30:00-04:00,1.0099999904632568,1.0199999809265137,1.0099999904632568,1.0099999904632568,48071,0.0,0.0
2022-09-28 12:30:00-04:00,1.0099999904632568,1.0199999809265137,1.0099999904632568,1.0099999904632568,67548,0.0,0.0
2022-09-28 13:30:00-04:00,1.0099999904632568,1.0299999713897705,1.0,1.0099999904632568,106520,0.0,0.0
2022-09-28 14:30:00-04:00,1.0149999856948853,1.0299999713897705,1.0,1.0099999904632568,182551,0.0,0.0
2022-09-28 15:30:00-04:00,1.0199999809265137,1.0299999713897705,1.0099999904632568,1.0299999713897705,178531,0.0,0.0
2022-09-29 09:30:00-04:00,1.0299999713897705,1.0499999523162842,0.9348000288009644,0.9599999785423279,181533,0.0,0.0
2022-09-29 10:30:00-04:00,0.9399999976158142,0.9764000177383423,0.9110000133514404,0.9599999785423279,200161,0.0,0.0
2022-09-29 11:30:00-04:00,0.9599999785423279,0.9883000254631042,0.958299994468689,0.9730499982833862,71755,0.0,0.0
2022-09-29 12:30:00-04:00,0.9730499982833862,0.9894999861717224,0.9402999877929688,0.9495999813079834,135841,0.0,0.0
2022-09-29 13:30:00-04:00,0.9495999813079834,0.9620000123977661,0.9484500288963318,0.9484500288963318,232290,0.0,0.0
2022-09-29 14:30:00-04:00,0.9484999775886536,0.9621999859809875,0.9143000245094299,0.9204999804496765,305678,0.0,0.0
2022-09-29 15:30:00-04:00,0.92330002784729,0.9535999894142151,0.92330002784729,0.9427000284194946,257354,0.0,0.0
2022-09-30 09:30:00-04:00,0.9538000226020813,1.0199999809265137,0.949999988079071,1.0099999904632568,86370,0.0,0.0
2022-09-30 10:30:00-04:00,1.0099999904632568,1.0299999713897705,1.0099999904632568,1.024999976158142,34490,0.0,0.0
2022-09-30 11:30:00-04:00,1.0226999521255493,1.0299999713897705,1.0,1.0149999856948853,35760,0.0,0.0
2022-09-30 12:30:00-04:00,1.0199999809265137,1.0199999809265137,1.0099999904632568,1.0199999809265137,5182,0.0,0.0
2022-09-30 13:30:00-04:00,1.0199999809265137,1.0199999809265137,1.0,1.0049999952316284,16042,0.0,0.0
2022-09-30 14:30:00-04:00,1.0098999738693237,1.0098999738693237,0.9950500130653381,1.0049999952316284,37749,0.0,0.0
2022-09-30 15:30:00-04:00,1.0099999904632568,1.0399999618530273,1.0,1.0399999618530273,129178,0.0,0.0
2022-10-03 09:30:00-04:00,1.0299999713897705,1.090000033378601,0.980400025844574,1.0199999809265137,111443,0.0,0.0
2022-10-03 10:30:00-04:00,1.0199999809265137,1.0299999713897705,1.0099999904632568,1.0128999948501587,20886,0.0,0.0
2022-10-03 11:30:00-04:00,1.0099999904632568,1.0199999809265137,1.0099999904632568,1.0149999856948853,3227,0.0,0.0
2022-10-03 12:30:00-04:00,1.0149999856948853,1.0199999809265137,1.0099999904632568,1.0199999809265137,5637,0.0,0.0
2022-10-03 13:30:00-04:00,1.0149999856948853,1.0299999713897705,0.9812999963760376,0.9998999834060669,111048,0.0,0.0
2022-10-03 14:30:00-04:00,0.9998999834060669,1.0199999809265137,0.9819999933242798,1.0149999856948853,104622,0.0,0.0
2022-10-03 15:30:00-04:00,1.0149999856948853,1.0299999713897705,1.0099999904632568,1.0149999856948853,99159,0.0,0.0
2022-10-04 09:30:00-04:00,1.0199999809265137,1.0700000524520874,1.0199999809265137,1.0400999784469604,214146,0.0,0.0
2022-10-04 10:30:00-04:00,1.0399999618530273,1.065000057220459,1.0399999618530273,1.0549999475479126,219111,0.0,0.0
2022-10-04 11:30:00-04:00,1.0549999475479126,1.0700000524520874,1.0499999523162842,1.065000057220459,46736,0.0,0.0
2022-10-04 12:30:00-04:00,1.065000057220459,1.0800000429153442,1.0399999618530273,1.0449999570846558,125626,0.0,0.0
2022-10-04 13:30:00-04:00,1.0399999618530273,1.0499999523162842,1.0399999618530273,1.0449999570846558,10988,0.0,0.0
2022-10-04 14:30:00-04:00,1.0399999618530273,1.0499999523162842,1.0399999618530273,1.0399999618530273,23617,0.0,0.0
2022-10-04 15:30:00-04:00,1.0399999618530273,1.0499999523162842,1.0399999618530273,1.0399999618530273,72898,0.0,0.0
2022-10-05 09:30:00-04:00,0.9901000261306763,1.0299999713897705,0.9790999889373779,1.0049999952316284,65676,0.0,0.0
2022-10-05 10:30:00-04:00,1.0049999952316284,1.0099999904632568,1.0,1.0049999952316284,15688,0.0,0.0
2022-10-05 11:30:00-04:00,1.0099999904632568,1.0099999904632568,1.000100016593933,1.0049999952316284,9763,0.0,0.0
2022-10-05 12:30:00-04:00,1.0099999904632568,1.0399999618530273,1.0,1.024999976158142,88261,0.0,0.0
2022-10-05 13:30:00-04:00,1.024999976158142,1.059999942779541,1.024999976158142,1.0499999523162842,148763,0.0,0.0
2022-10-05 14:30:00-04:00,1.0549999475479126,1.0750000476837158,1.0399999618530273,1.0700000524520874,272006,0.0,0.0
2022-10-05 15:30:00-04:00,1.0700000524520874,1.090000033378601,1.065000057220459,1.090000033378601,332541,0.0,0.0
2022-10-06 09:30:00-04:00,1.090000033378601,1.100000023841858,1.0449999570846558,1.0499999523162842,84321,0.0,0.0
2022-10-06 10:30:00-04:00,1.0499999523162842,1.0499999523162842,1.0199999809265137,1.0299999713897705,39380,0.0,0.0
2022-10-06 11:30:00-04:00,1.0299999713897705,1.0399999618530273,0.9900000095367432,1.0099999904632568,113693,0.0,0.0
2022-10-06 12:30:00-04:00,1.0099999904632568,1.0199999809265137,1.0099999904632568,1.0149999856948853,74081,0.0,0.0
2022-10-06 13:30:00-04:00,1.0099999904632568,1.0299999713897705,1.0099999904632568,1.0299999713897705,80501,0.0,0.0
2022-10-06 14:30:00-04:00,1.024999976158142,1.0299999713897705,1.0199999809265137,1.024999976158142,61476,0.0,0.0
2022-10-06 15:30:00-04:00,1.0299999713897705,1.0299999713897705,0.9840999841690063,1.0,134464,0.0,0.0
2022-10-07 09:30:00-04:00,0.980400025844574,1.0,0.906000018119812,0.934499979019165,205719,0.0,0.0
2022-10-07 10:30:00-04:00,0.9300000071525574,0.9783999919891357,0.9300000071525574,0.934499979019165,106278,0.0,0.0
2022-10-07 11:30:00-04:00,0.933899998664856,0.9498000144958496,0.9150999784469604,0.9241999983787537,42955,0.0,0.0
2022-10-07 12:30:00-04:00,0.9240999817848206,0.9241999983787537,0.9150999784469604,0.9150999784469604,8323,0.0,0.0
2022-10-07 13:30:00-04:00,0.9150000214576721,0.9298999905586243,0.913100004196167,0.9240999817848206,27894,0.0,0.0
2022-10-07 14:30:00-04:00,0.9210000038146973,0.9387999773025513,0.911300003528595,0.911300003528595,0,0.0,0.0
2022-10-07 15:30:00-04:00,0.911300003528595,0.9164000153541565,0.8999999761581421,0.9100000262260437,480926,0.0,0.0
2022-10-10 09:30:00-04:00,0.9212999939918518,0.9695000052452087,0.9003000259399414,0.9298999905586243,47179,0.0,0.0
2022-10-10 10:30:00-04:00,0.9114000201225281,0.9244999885559082,0.9090999960899353,0.9243999719619751,33016,0.0,0.0
2022-10-10 11:30:00-04:00,0.9090999960899353,0.9243999719619751,0.9090999960899353,0.9243999719619751,3086,0.0,0.0
2022-10-10 12:30:00-04:00,0.8942000269889832,0.9045000076293945,0.8799999952316284,0.8809999823570251,58471,0.0,0.0
2022-10-10 13:30:00-04:00,0.8808000087738037,0.8949999809265137,0.8799999952316284,0.8801000118255615,15786,0.0,0.0
2022-10-10 14:30:00-04:00,0.8899999856948853,0.8953999876976013,0.8799999952316284,0.8953999876976013,21312,0.0,0.0
2022-10-10 15:30:00-04:00,0.8928999900817871,0.8999999761581421,0.885699987411499,0.8909000158309937,27409,0.0,0.0
2022-10-11 09:30:00-04:00,0.8799999952316284,0.8981000185012817,0.8402000069618225,0.8940500020980835,117221,0.0,0.0
2022-10-11 10:30:00-04:00,0.8500999808311462,0.8980000019073486,0.8500999808311462,0.8942000269889832,20005,0.0,0.0
2022-10-11 11:30:00-04:00,0.8942000269889832,0.9302999973297119,0.8826500177383423,0.9222999811172485,97475,0.0,0.0
2022-10-11 12:30:00-04:00,0.9197499752044678,0.9302999973297119,0.902999997138977,0.909600019454956,129292,0.0,0.0
2022-10-11 13:30:00-04:00,0.9103999733924866,0.9103999733924866,0.8952000141143799,0.9014000296592712,123767,0.0,0.0
2022-10-11 14:30:00-04:00,0.9006999731063843,0.9014000296592712,0.8949000239372253,0.8949999809265137,56310,0.0,0.0
2022-10-11 15:30:00-04:00,0.8944000005722046,0.8944000005722046,0.8616999983787537,0.8855000138282776,49920,0.0,0.0
2022-10-12 09:30:00-04:00,0.8700000047683716,0.92330002784729,0.8399999737739563,0.845300018787384,69272,0.0,0.0
2022-10-12 10:30:00-04:00,0.8440499901771545,0.8700000047683716,0.8399999737739563,0.854200005531311,98665,0.0,0.0
2022-10-12 11:30:00-04:00,0.8442999720573425,0.8722000122070312,0.8421000242233276,0.8722000122070312,27336,0.0,0.0
2022-10-12 12:30:00-04:00,0.8532000184059143,0.8903999924659729,0.8532000184059143,0.8802000284194946,10692,0.0,0.0
2022-10-12 13:30:00-04:00,0.8852999806404114,0.8852999806404114,0.8600000143051147,0.8690000176429749,24533,0.0,0.0
2022-10-12 14:30:00-04:00,0.8690000176429749,0.8712999820709229,0.866100013256073,0.8710500001907349,11910,0.0,0.0
2022-10-12 15:30:00-04:00,0.8710500001907349,0.8743000030517578,0.8601999878883362,0.8666999936103821,34761,0.0,0.0
2022-10-13 09:30:00-04:00,0.8899999856948853,0.8985000252723694,0.8299999833106995,0.8399999737739563,55877,0.0,0.0
2022-10-13 10:30:00-04:00,0.8526999950408936,0.8752999901771545,0.8399999737739563,0.8605999946594238,60207,0.0,0.0
2022-10-13 11:30:00-04:00,0.8799999952316284,0.8844000101089478,0.8431000113487244,0.8716999888420105,79314,0.0,0.0
2022-10-13 12:30:00-04:00,0.8658000230789185,0.8718000054359436,0.8545839786529541,0.8712999820709229,33081,0.0,0.0
2022-10-13 13:30:00-04:00,0.8712999820709229,0.9329000115394592,0.870199978351593,0.8889999985694885,236287,0.0,0.0
2022-10-13 14:30:00-04:00,0.8984000086784363,0.9034000039100647,0.8784999847412109,0.9034000039100647,42998,0.0,0.0
2022-10-13 15:30:00-04:00,0.9034000039100647,0.906499981880188,0.8858000040054321,0.9021000266075134,39332,0.0,0.0
2022-10-14 09:30:00-04:00,0.8799999952316284,0.9283000230789185,0.8300009965896606,0.8633999824523926,217604,0.0,0.0
2022-10-14 10:30:00-04:00,0.8633999824523926,0.8633999824523926,0.8508999943733215,0.8510000109672546,17245,0.0,0.0
2022-10-14 11:30:00-04:00,0.855400025844574,0.8590999841690063,0.84170001745224,0.8497999906539917,35182,0.0,0.0
2022-10-14 12:30:00-04:00,0.8497999906539917,0.8543999791145325,0.8497999906539917,0.8543999791145325,5732,0.0,0.0
2022-10-14 13:30:00-04:00,0.8543999791145325,0.8544999957084656,0.8450999855995178,0.8450999855995178,35622,0.0,0.0
2022-10-14 14:30:00-04:00,0.8452000021934509,0.8543000221252441,0.8302000164985657,0.832099974155426,37750,0.0,0.0
2022-10-14 15:30:00-04:00,0.832099974155426,0.8543999791145325,0.830299973487854,0.8425999879837036,82696,0.0,0.0
2022-10-17 09:30:00-04:00,0.8899999856948853,0.9283999800682068,0.8331999778747559,0.8482999801635742,34347,0.0,0.0
2022-10-17 10:30:00-04:00,0.8349999785423279,0.8628000020980835,0.8140000104904175,0.8450000286102295,46104,0.0,0.0
2022-10-17 11:30:00-04:00,0.8450000286102295,0.8583999872207642,0.8216000199317932,0.8481000065803528,37914,0.0,0.0
2022-10-17 12:30:00-04:00,0.829200029373169,0.8481000065803528,0.8212000131607056,0.8285999894142151,48005,0.0,0.0
2022-10-17 13:30:00-04:00,0.8213000297546387,0.8414000272750854,0.8212000131607056,0.8413000106811523,29427,0.0,0.0
2022-10-17 14:30:00-04:00,0.8413000106811523,0.8427000045776367,0.8228999972343445,0.839900016784668,36993,0.0,0.0
2022-10-17 15:30:00-04:00,0.839900016784668,0.8440999984741211,0.8228999972343445,0.8299999833106995,43688,0.0,0.0
2022-10-18 09:30:00-04:00,0.8399999737739563,0.8737999796867371,0.830299973487854,0.8567000031471252,19947,0.0,0.0
2022-10-18 10:30:00-04:00,0.8553000092506409,0.8737999796867371,0.8302000164985657,0.8302000164985657,26462,0.0,0.0
2022-10-18 11:30:00-04:00,0.8500000238418579,0.8640999794006348,0.8302000164985657,0.8640999794006348,70277,0.0,0.0
2022-10-18 12:30:00-04:00,0.8640999794006348,0.9072999954223633,0.8550999760627747,0.8692499995231628,128407,0.0,0.0
2022-10-18 13:30:00-04:00,0.8674499988555908,0.8763999938964844,0.8550999760627747,0.8550999760627747,14154,0.0,0.0
2022-10-18 14:30:00-04:00,0.8567000031471252,0.8567000031471252,0.830299973487854,0.833299994468689,38567,0.0,0.0
2022-10-18 15:30:00-04:00,0.833299994468689,0.8479999899864197,0.8302000164985657,0.8302000164985657,21989,0.0,0.0
2022-10-19 09:30:00-04:00,0.8299999833106995,0.8779990077018738,0.8001000285148621,0.8201000094413757,45752,0.0,0.0
2022-10-19 10:30:00-04:00,0.8202000260353088,0.8245000243186951,0.7699999809265137,0.824400007724762,122761,0.0,0.0
2022-10-19 11:30:00-04:00,0.8172500133514404,0.8399999737739563,0.7900000214576721,0.800000011920929,126116,0.0,0.0
2022-10-19 12:30:00-04:00,0.8014000058174133,0.8077999949455261,0.7700999975204468,0.7822999954223633,24586,0.0,0.0
2022-10-19 13:30:00-04:00,0.7702000141143799,0.8342999815940857,0.7702000141143799,0.800000011920929,162001,0.0,0.0
2022-10-19 14:30:00-04:00,0.800000011920929,0.8335999846458435,0.7922499775886536,0.7949000000953674,57572,0.0,0.0
2022-10-19 15:30:00-04:00,0.7997999787330627,0.8119000196456909,0.7900000214576721,0.8108999729156494,56060,0.0,0.0
2022-10-20 09:30:00-04:00,0.7960000038146973,0.8299999833106995,0.7699999809265137,0.8285999894142151,11755,0.0,0.0
2022-10-20 10:30:00-04:00,0.8192999958992004,0.8399999737739563,0.8101000189781189,0.8296499848365784,36335,0.0,0.0
2022-10-20 11:30:00-04:00,0.8296499848365784,0.8296499848365784,0.8201000094413757,0.8254290223121643,1012,0.0,0.0
2022-10-20 12:30:00-04:00,0.8201000094413757,0.8391000032424927,0.8201000094413757,0.8391000032424927,2761,0.0,0.0
2022-10-20 13:30:00-04:00,0.8201000094413757,0.8392999768257141,0.7985000014305115,0.800000011920929,20700,0.0,0.0
2022-10-20 14:30:00-04:00,0.8209999799728394,0.824999988079071,0.7700999975204468,0.7804999947547913,45904,0.0,0.0
2022-10-20 15:30:00-04:00,0.8097000122070312,0.8097000122070312,0.7804999947547913,0.800000011920929,11540,0.0,0.0
2022-10-21 09:30:00-04:00,0.7911999821662903,0.8281000256538391,0.7799999713897705,0.8141000270843506,10488,0.0,0.0
2022-10-21 10:30:00-04:00,0.8141000270843506,0.8141000270843506,0.800000011920929,0.8057000041007996,8942,0.0,0.0
2022-10-21 11:30:00-04:00,0.8057000041007996,0.8299000263214111,0.800000011920929,0.800000011920929,29369,0.0,0.0
2022-10-21 12:30:00-04:00,0.8019999861717224,0.8281000256538391,0.8001000285148621,0.8209999799728394,6563,0.0,0.0
2022-10-21 13:30:00-04:00,0.8210999965667725,0.8281999826431274,0.8140000104904175,0.8240500092506409,7736,0.0,0.0
2022-10-21 14:30:00-04:00,0.828000009059906,0.8281000256538391,0.7799999713897705,0.7939000129699707,53972,0.0,0.0
2022-10-21 15:30:00-04:00,0.786899983882904,0.8277000188827515,0.7799999713897705,0.8199999928474426,57899,0.0,0.0
2022-10-24 09:30:00-04:00,0.8226000070571899,0.8399999737739563,0.8001000285148621,0.8134999871253967,17028,0.0,0.0
2022-10-24 10:30:00-04:00,0.8134009838104248,0.8303499817848206,0.8134009838104248,0.8198999762535095,7989,0.0,0.0
2022-10-24 11:30:00-04:00,0.8198999762535095,0.823199987411499,0.8133999705314636,0.8183000087738037,8545,0.0,0.0
2022-10-24 12:30:00-04:00,0.8182500004768372,0.8230999708175659,0.8133999705314636,0.8165500164031982,1334,0.0,0.0
2022-10-24 13:30:00-04:00,0.8165500164031982,0.8230999708175659,0.8100000023841858,0.8116499781608582,2019,0.0,0.0
2022-10-24 14:30:00-04:00,0.8116999864578247,0.8399999737739563,0.8001999855041504,0.8281999826431274,56538,0.0,0.0
2022-10-24 15:30:00-04:00,0.8234000205993652,0.8652999997138977,0.8234000205993652,0.8648999929428101,43609,0.0,0.0
2022-10-25 09:30:00-04:00,0.8399999737739563,0.8799999952316284,0.8004000186920166,0.8339999914169312,97913,0.0,0.0
2022-10-25 10:30:00-04:00,0.8276000022888184,0.8525000214576721,0.8210999965667725,0.8359500169754028,35121,0.0,0.0
2022-10-25 11:30:00-04:00,0.8399999737739563,0.8600000143051147,0.8012999892234802,0.8264120221138,78954,0.0,0.0
2022-10-25 12:30:00-04:00,0.8227999806404114,0.849399983882904,0.8100000023841858,0.8100000023841858,32300,0.0,0.0
2022-10-25 13:30:00-04:00,0.8101999759674072,0.8198999762535095,0.7811999917030334,0.7900000214576721,86176,0.0,0.0
2022-10-25 14:30:00-04:00,0.7900000214576721,0.8136000037193298,0.7800999879837036,0.7904999852180481,71845,0.0,0.0
2022-10-25 15:30:00-04:00,0.800000011920929,0.8199999928474426,0.7900000214576721,0.8198000192642212,57465,0.0,0.0
2022-10-26 09:30:00-04:00,0.8281999826431274,0.8281999826431274,0.7802000045776367,0.8004130125045776,0,0.0,0.0
2022-10-26 10:30:00-04:00,0.8208500146865845,0.8331000208854675,0.800000011920929,0.8277000188827515,28075,0.0,0.0
2022-10-26 11:30:00-04:00,0.8100000023841858,0.8299000263214111,0.8100000023841858,0.8188999891281128,7367,0.0,0.0
2022-10-26 12:30:00-04:00,0.8233500123023987,0.8277999758720398,0.8100000023841858,0.8248999714851379,5172,0.0,0.0
2022-10-26 13:30:00-04:00,0.8105000257492065,0.8208000063896179,0.7804999947547913,0.8110499978065491,37086,0.0,0.0
2022-10-26 14:30:00-04:00,0.7904999852180481,0.8083999752998352,0.7903000116348267,0.8001000285148621,16310,0.0,0.0
2022-10-26 15:30:00-04:00,0.8001000285148621,0.8274000287055969,0.800000011920929,0.800000011920929,26723,0.0,0.0
2022-10-27 09:30:00-04:00,0.7940000295639038,0.8009999990463257,0.7699999809265137,0.800000011920929,21716,0.0,0.0
2022-10-27 10:30:00-04:00,0.8011000156402588,0.8011000156402588,0.7799999713897705,0.7950000166893005,11435,0.0,0.0
2022-10-27 11:30:00-04:00,0.7875009775161743,0.7950000166893005,0.7501009702682495,0.755050003528595,24993,0.0,0.0
2022-10-27 12:30:00-04:00,0.7599999904632568,0.7830989956855774,0.7519999742507935,0.7599999904632568,19979,0.0,0.0
2022-10-27 13:30:00-04:00,0.7675999999046326,0.777999997138977,0.7598999738693237,0.777999997138977,17426,0.0,0.0
2022-10-27 14:30:00-04:00,0.7601000070571899,0.7894999980926514,0.7501009702682495,0.7894999980926514,21897,0.0,0.0
2022-10-27 15:30:00-04:00,0.7699999809265137,0.7893999814987183,0.7501000165939331,0.7501000165939331,19306,0.0,0.0
2022-10-28 09:30:00-04:00,0.75,0.7907999753952026,0.7300000190734863,0.7300000190734863,76506,0.0,0.0
2022-10-28 10:30:00-04:00,0.7498999834060669,0.75,0.7116000056266785,0.7271999716758728,38167,0.0,0.0
2022-10-28 11:30:00-04:00,0.7343999743461609,0.7642999887466431,0.7343999743461609,0.7571499943733215,22352,0.0,0.0
2022-10-28 12:30:00-04:00,0.7599999904632568,0.7642999887466431,0.7422500252723694,0.7577000260353088,24176,0.0,0.0
2022-10-28 13:30:00-04:00,0.7501000165939331,0.7558000087738037,0.7401000261306763,0.75,9128,0.0,0.0
2022-10-28 14:30:00-04:00,0.7475000023841858,0.75,0.7383000254631042,0.7450000047683716,13604,0.0,0.0
2022-10-28 15:30:00-04:00,0.7450000047683716,0.75,0.734000027179718,0.7498999834060669,14716,0.0,0.0
2022-10-31 09:30:00-04:00,0.7502999901771545,0.7797999978065491,0.6899999976158142,0.7134000062942505,55940,0.0,0.0
2022-10-31 10:30:00-04:00,0.7134000062942505,0.7289999723434448,0.7124000191688538,0.7148000001907349,8388,0.0,0.0
2022-10-31 11:30:00-04:00,0.7272999882698059,0.742900013923645,0.6629999876022339,0.742900013923645,142237,0.0,0.0
2022-10-31 12:30:00-04:00,0.7365750074386597,0.7421000003814697,0.699999988079071,0.7217000126838684,41582,0.0,0.0
2022-10-31 13:30:00-04:00,0.7108500003814697,0.7200000286102295,0.6933000087738037,0.7110750079154968,41556,0.0,0.0
2022-10-31 14:30:00-04:00,0.7090989947319031,0.7184000015258789,0.6675999760627747,0.704200029373169,96597,0.0,0.0
2022-10-31 15:30:00-04:00,0.704200029373169,0.7300000190734863,0.6901000142097473,0.7275000214576721,79443,0.0,0.0
2022-11-01 09:30:00-04:00,0.7200000286102295,0.7301999926567078,0.6899999976158142,0.7301999926567078,23207,0.0,0.0
2022-11-01 10:30:00-04:00,0.7283999919891357,0.7283999919891357,0.699999988079071,0.7089999914169312,23859,0.0,0.0
2022-11-01 11:30:00-04:00,0.7020000219345093,0.7088000178337097,0.699999988079071,0.7056750059127808,26741,0.0,0.0
2022-11-01 12:30:00-04:00,0.7038000226020813,0.7074000239372253,0.6610000133514404,0.6945000290870667,61060,0.0,0.0
2022-11-01 13:30:00-04:00,0.6972500085830688,0.7020000219345093,0.6887000203132629,0.6952000260353088,49209,0.0,0.0
2022-11-01 14:30:00-04:00,0.7014999985694885,0.7028999924659729,0.6888999938964844,0.6898000240325928,56711,0.0,0.0
2022-11-01 15:30:00-04:00,0.6950500011444092,0.7001000046730042,0.6899999976158142,0.6915000081062317,54898,0.0,0.0
2022-11-02 09:30:00-04:00,0.699999988079071,0.699999988079071,0.6402000188827515,0.6800000071525574,167520,0.0,0.0
2022-11-02 10:30:00-04:00,0.6600000262260437,0.6919000148773193,0.6575999855995178,0.6714000105857849,22826,0.0,0.0
2022-11-02 11:30:00-04:00,0.6714000105857849,0.6823999881744385,0.6499999761581421,0.6700000166893005,242569,0.0,0.0
2022-11-02 12:30:00-04:00,0.6715989708900452,0.6901999711990356,0.6520000100135803,0.6901999711990356,68948,0.0,0.0
2022-11-02 13:30:00-04:00,0.6689000129699707,0.7081999778747559,0.6689000129699707,0.703000009059906,60371,0.0,0.0
2022-11-02 14:30:00-04:00,0.7031999826431274,0.7065500020980835,0.6520000100135803,0.6520000100135803,91454,0.0,0.0
2022-11-02 15:30:00-04:00,0.6520000100135803,0.6908000111579895,0.6499999761581421,0.6880999803543091,90366,0.0,0.0
2022-11-03 09:30:00-04:00,0.6600000262260437,0.6880000233650208,0.614300012588501,0.6879000067710876,94403,0.0,0.0
2022-11-03 10:30:00-04:00,0.6800000071525574,0.6880000233650208,0.5199999809265137,0.6310999989509583,253296,0.0,0.0
2022-11-03 11:30:00-04:00,0.6310999989509583,0.6399999856948853,0.6103000044822693,0.6299999952316284,102407,0.0,0.0
2022-11-03 12:30:00-04:00,0.6255999803543091,0.6534000039100647,0.6215000152587891,0.6309000253677368,75787,0.0,0.0
2022-11-03 13:30:00-04:00,0.6309000253677368,0.6534000039100647,0.6301000118255615,0.6302000284194946,34473,0.0,0.0
2022-11-03 14:30:00-04:00,0.6302000284194946,0.6452000141143799,0.6301000118255615,0.6425999999046326,28169,0.0,0.0
2022-11-03 15:30:00-04:00,0.6413000226020813,0.6455000042915344,0.6301000118255615,0.6301000118255615,23051,0.0,0.0
2022-11-04 09:30:00-04:00,0.6333000063896179,0.6751999855041504,0.6333000063896179,0.6751999855041504,79046,0.0,0.0
2022-11-04 10:30:00-04:00,0.6725010275840759,0.6769000291824341,0.6621000170707703,0.6769000291824341,140028,0.0,0.0
2022-11-04 11:30:00-04:00,0.6779999732971191,0.6891999840736389,0.6686000227928162,0.676800012588501,42152,0.0,0.0
2022-11-04 12:30:00-04:00,0.6801000237464905,0.6833999752998352,0.6783999800682068,0.6815500259399414,52075,0.0,0.0
2022-11-04 13:30:00-04:00,0.6880000233650208,0.6891999840736389,0.6800000071525574,0.6844000220298767,11816,0.0,0.0
2022-11-04 14:30:00-04:00,0.6820999979972839,0.699999988079071,0.6796500086784363,0.6866999864578247,36934,0.0,0.0
2022-11-04 15:30:00-04:00,0.6980999708175659,0.7099999785423279,0.6766999959945679,0.6933000087738037,57940,0.0,0.0
2022-11-07 09:30:00-05:00,0.6873999834060669,0.7353000044822693,0.6800000071525574,0.7142999768257141,207666,0.0,0.0
2022-11-07 10:30:00-05:00,0.7142999768257141,0.7242000102996826,0.6903499960899353,0.699999988079071,27355,0.0,0.0
2022-11-07 11:30:00-05:00,0.699999988079071,0.7106999754905701,0.699999988079071,0.699999988079071,23649,0.0,0.0
2022-11-07 12:30:00-05:00,0.7049999833106995,0.7079499959945679,0.6922000050544739,0.6985499858856201,33504,0.0,0.0
2022-11-07 13:30:00-05:00,0.6985999941825867,0.7124000191688538,0.6929000020027161,0.7109000086784363,49410,0.0,0.0
2022-11-07 14:30:00-05:00,0.7053999900817871,0.7156000137329102,0.6801000237464905,0.6882500052452087,156130,0.0,0.0
2022-11-07 15:30:00-05:00,0.6809999942779541,0.6966000199317932,0.6600000262260437,0.691100001335144,68913,0.0,0.0
2022-11-08 09:30:00-05:00,0.7369999885559082,0.7907999753952026,0.7009999752044678,0.7710999846458435,424562,0.0,0.0
2022-11-08 10:30:00-05:00,0.7698500156402588,0.7777000069618225,0.7512999773025513,0.7699999809265137,218995,0.0,0.0
2022-11-08 11:30:00-05:00,0.7774999737739563,0.8235999941825867,0.7774999737739563,0.8100000023841858,215163,0.0,0.0
2022-11-08 12:30:00-05:00,0.8198999762535095,0.8198999762535095,0.7813000082969666,0.7850000262260437,99399,0.0,0.0
2022-11-08 13:30:00-05:00,0.7850000262260437,0.8054999709129333,0.7799999713897705,0.8054999709129333,49462,0.0,0.0
2022-11-08 14:30:00-05:00,0.7878000140190125,0.8119999766349792,0.7878000140190125,0.802299976348877,84964,0.0,0.0
2022-11-08 15:30:00-05:00,0.802299976348877,0.8118000030517578,0.7972999811172485,0.8090000152587891,40331,0.0,0.0
2022-11-09 09:30:00-05:00,0.8192999958992004,0.8192999958992004,0.7457000017166138,0.7491000294685364,61096,0.0,0.0
2022-11-09 10:30:00-05:00,0.7455999851226807,0.7598999738693237,0.7408999800682068,0.741100013256073,93097,0.0,0.0
2022-11-09 11:30:00-05:00,0.75,0.7559999823570251,0.7311000227928162,0.7332000136375427,82251,0.0,0.0
2022-11-09 12:30:00-05:00,0.7325999736785889,0.7347999811172485,0.6899999976158142,0.7095000147819519,96486,0.0,0.0
2022-11-09 13:30:00-05:00,0.7095000147819519,0.7257000207901001,0.699999988079071,0.7009999752044678,25472,0.0,0.0
2022-11-09 14:30:00-05:00,0.7009999752044678,0.7443000078201294,0.7009000182151794,0.7443000078201294,25290,0.0,0.0
2022-11-09 15:30:00-05:00,0.7443000078201294,0.7562000155448914,0.7239999771118164,0.7475000023841858,104330,0.0,0.0
2022-11-10 09:30:00-05:00,0.7501999735832214,0.800000011920929,0.7473000288009644,0.7667999863624573,35597,0.0,0.0
2022-11-10 10:30:00-05:00,0.7512000203132629,0.7699999809265137,0.7512000203132629,0.7667999863624573,48033,0.0,0.0
2022-11-10 11:30:00-05:00,0.7619500160217285,0.7619500160217285,0.7019000053405762,0.7376999855041504,39727,0.0,0.0
2022-11-10 12:30:00-05:00,0.7149999737739563,0.75,0.7149999737739563,0.7450249791145325,73154,0.0,0.0
2022-11-10 13:30:00-05:00,0.7301999926567078,0.75,0.7300999760627747,0.7422000169754028,13146,0.0,0.0
2022-11-10 14:30:00-05:00,0.7422000169754028,0.75,0.7421000003814697,0.75,48269,0.0,0.0
2022-11-10 15:30:00-05:00,0.7422999739646912,0.75,0.7421000003814697,0.75,32600,0.0,0.0
2022-11-11 09:30:00-05:00,0.7473999857902527,0.7739999890327454,0.7473999857902527,0.7699999809265137,18803,0.0,0.0
2022-11-11 10:30:00-05:00,0.7605999708175659,0.800000011920929,0.7605999708175659,0.784600019454956,110517,0.0,0.0
2022-11-11 11:30:00-05:00,0.7886999845504761,0.79830002784729,0.7827000021934509,0.7900000214576721,25545,0.0,0.0
2022-11-11 12:30:00-05:00,0.79830002784729,0.800000011920929,0.6920999884605408,0.7865999937057495,33194,0.0,0.0
2022-11-11 13:30:00-05:00,0.7865999937057495,0.8443999886512756,0.7803000211715698,0.8389999866485596,261143,0.0,0.0
2022-11-11 14:30:00-05:00,0.8352000117301941,0.8352000117301941,0.8001000285148621,0.8287000060081482,121972,0.0,0.0
2022-11-11 15:30:00-05:00,0.8360000252723694,0.8443999886512756,0.7900000214576721,0.8349000215530396,193687,0.0,0.0
2022-11-14 09:30:00-05:00,0.802299976348877,0.8199999928474426,0.7900999784469604,0.807129979133606,18135,0.0,0.0
2022-11-14 10:30:00-05:00,0.8083999752998352,0.8083999752998352,0.788100004196167,0.7882000207901001,33347,0.0,0.0
2022-11-14 11:30:00-05:00,0.7894999980926514,0.7926999926567078,0.7751489877700806,0.7799999713897705,13786,0.0,0.0
2022-11-14 12:30:00-05:00,0.7702999711036682,0.8138999938964844,0.7702999711036682,0.8100000023841858,8781,0.0,0.0
2022-11-14 13:30:00-05:00,0.8100000023841858,0.8199999928474426,0.7900000214576721,0.8146499991416931,9876,0.0,0.0
2022-11-14 14:30:00-05:00,0.8003000020980835,0.8116999864578247,0.7712000012397766,0.7810999751091003,27826,0.0,0.0
2022-11-14 15:30:00-05:00,0.775600016117096,0.7975999712944031,0.7603999972343445,0.7627999782562256,36251,0.0,0.0
2022-11-15 09:30:00-05:00,0.7699999809265137,0.7900000214576721,0.7200999855995178,0.722000002861023,145269,0.0,0.0
2022-11-15 10:30:00-05:00,0.7599999904632568,0.7599999904632568,0.722000002861023,0.75,25440,0.0,0.0
2022-11-15 11:30:00-05:00,0.75,0.7599999904632568,0.7307999730110168,0.7549999952316284,28290,0.0,0.0
2022-11-15 12:30:00-05:00,0.7549999952316284,0.7833999991416931,0.7400000095367432,0.753000020980835,52071,0.0,0.0
2022-11-15 13:30:00-05:00,0.753000020980835,0.7864000201225281,0.7401000261306763,0.7599999904632568,29205,0.0,0.0
2022-11-15 14:30:00-05:00,0.7562000155448914,0.7724999785423279,0.7529000043869019,0.7613999843597412,32566,0.0,0.0
2022-11-15 15:30:00-05:00,0.7541000247001648,0.7613999843597412,0.7401000261306763,0.7401000261306763,32787,0.0,0.0
2022-11-16 09:30:00-05:00,0.7534000277519226,0.7699000239372253,0.6909999847412109,0.7422999739646912,35677,0.0,0.0
2022-11-16 10:30:00-05:00,0.7325000166893005,0.7529000043869019,0.6610000133514404,0.6945000290870667,145868,0.0,0.0
2022-11-16 11:30:00-05:00,0.704200029373169,0.7110000252723694,0.6309999823570251,0.6527000069618225,121548,0.0,0.0
2022-11-16 12:30:00-05:00,0.6549999713897705,0.6924999952316284,0.6401000022888184,0.6867499947547913,42886,0.0,0.0
2022-11-16 13:30:00-05:00,0.6867499947547913,0.7037000060081482,0.6353999972343445,0.6944000124931335,104998,0.0,0.0
2022-11-16 14:30:00-05:00,0.6988000273704529,0.7200000286102295,0.6930000185966492,0.7014999985694885,35959,0.0,0.0
2022-11-16 15:30:00-05:00,0.7014999985694885,0.7096999883651733,0.6805999875068665,0.6901000142097473,38655,0.0,0.0
2022-11-17 09:30:00-05:00,0.6611999869346619,0.6969000101089478,0.6600000262260437,0.6969000101089478,38385,0.0,0.0
2022-11-17 10:30:00-05:00,0.6899999976158142,0.6970000267028809,0.6808000206947327,0.6923999786376953,8543,0.0,0.0
2022-11-17 11:30:00-05:00,0.6890000104904175,0.695900022983551,0.6808000206947327,0.6812999844551086,16114,0.0,0.0
2022-11-17 12:30:00-05:00,0.680899977684021,0.6845999956130981,0.6808000206947327,0.6809999942779541,13953,0.0,0.0
2022-11-17 13:30:00-05:00,0.6809999942779541,0.682200014591217,0.6700999736785889,0.670199990272522,20617,0.0,0.0
2022-11-17 14:30:00-05:00,0.670199990272522,0.6729000210762024,0.6600000262260437,0.6600000262260437,24884,0.0,0.0
2022-11-17 15:30:00-05:00,0.663100004196167,0.6729999780654907,0.6499999761581421,0.6601999998092651,58837,0.0,0.0
2022-11-18 09:30:00-05:00,0.6499999761581421,0.6765999794006348,0.6399999856948853,0.6462000012397766,15968,0.0,0.0
2022-11-18 10:30:00-05:00,0.65829998254776,0.6600000262260437,0.6462000012397766,0.6531299948692322,21501,0.0,0.0
2022-11-18 11:30:00-05:00,0.6463000178337097,0.6557999849319458,0.6462000012397766,0.6499999761581421,5993,0.0,0.0
2022-11-18 12:30:00-05:00,0.6499999761581421,0.6600000262260437,0.6499999761581421,0.6499999761581421,52468,0.0,0.0
2022-11-18 13:30:00-05:00,0.6589000225067139,0.6672000288963318,0.6263999938964844,0.6301000118255615,55550,0.0,0.0
2022-11-18 14:30:00-05:00,0.6299999952316284,0.6467999815940857,0.6200000047683716,0.6394000053405762,20662,0.0,0.0
2022-11-18 15:30:00-05:00,0.642300009727478,0.6514999866485596,0.633400022983551,0.633400022983551,18316,0.0,0.0
2022-11-21 09:30:00-05:00,0.6499000191688538,0.6499999761581421,0.6237000226974487,0.6237999796867371,131729,0.0,0.0
2022-11-21 10:30:00-05:00,0.6238999962806702,0.640999972820282,0.6238999962806702,0.640999972820282,8620,0.0,0.0
2022-11-21 11:30:00-05:00,0.640999972820282,0.6499999761581421,0.6312000155448914,0.6355000138282776,29094,0.0,0.0
2022-11-21 12:30:00-05:00,0.6355000138282776,0.6444000005722046,0.6237999796867371,0.6437000036239624,6821,0.0,0.0
2022-11-21 13:30:00-05:00,0.6338499784469604,0.6434999704360962,0.6237999796867371,0.6237999796867371,11011,0.0,0.0
2022-11-21 14:30:00-05:00,0.6238999962806702,0.6238999962806702,0.6100000143051147,0.6198999881744385,22539,0.0,0.0
2022-11-21 15:30:00-05:00,0.6198999881744385,0.6200000047683716,0.6080999970436096,0.6080999970436096,49151,0.0,0.0
2022-11-22 09:30:00-05:00,0.6000000238418579,0.6499999761581421,0.5699999928474426,0.6057000160217285,108229,0.0,0.0
2022-11-22 10:30:00-05:00,0.6098999977111816,0.6399999856948853,0.6000000238418579,0.6222500205039978,213448,0.0,0.0
2022-11-22 11:30:00-05:00,0.6100000143051147,0.6115000247955322,0.5914999842643738,0.5996000170707703,244274,0.0,0.0
2022-11-22 12:30:00-05:00,0.598800003528595,0.6132000088691711,0.5964000225067139,0.6029999852180481,67731,0.0,0.0
2022-11-22 13:30:00-05:00,0.6029999852180481,0.6121000051498413,0.5950000286102295,0.597599983215332,34025,0.0,0.0
2022-11-22 14:30:00-05:00,0.597599983215332,0.6136000156402588,0.597599983215332,0.6014999747276306,31447,0.0,0.0
2022-11-22 15:30:00-05:00,0.6000000238418579,0.6098999977111816,0.5699999928474426,0.6057999730110168,141978,0.0,0.0
2022-11-23 09:30:00-05:00,0.5950000286102295,0.6100000143051147,0.5899999737739563,0.6100000143051147,56902,0.0,0.0
2022-11-23 10:30:00-05:00,0.6100000143051147,0.6299999952316284,0.5903000235557556,0.6146500110626221,56092,0.0,0.0
2022-11-23 11:30:00-05:00,0.6093000173568726,0.6155999898910522,0.6093000173568726,0.6093999743461609,13546,0.0,0.0
2022-11-23 12:30:00-05:00,0.6093999743461609,0.6211000084877014,0.6093999743461609,0.6200000047683716,51989,0.0,0.0
2022-11-23 13:30:00-05:00,0.6154999732971191,0.6499999761581421,0.6154999732971191,0.6200000047683716,72466,0.0,0.0
2022-11-23 14:30:00-05:00,0.6309000253677368,0.6410999894142151,0.6154999732971191,0.6222000122070312,52060,0.0,0.0
2022-11-23 15:30:00-05:00,0.6222000122070312,0.6248000264167786,0.5942999720573425,0.6200000047683716,106702,0.0,0.0
2022-11-25 09:30:00-05:00,0.6173999905586243,0.6504999995231628,0.5899999737739563,0.5899999737739563,0,0.0,0.0
2022-11-25 10:30:00-05:00,0.5945000052452087,0.6100000143051147,0.5899999737739563,0.6100000143051147,12351,0.0,0.0
2022-11-25 11:30:00-05:00,0.6000000238418579,0.6287000179290771,0.6000000238418579,0.6200000047683716,9039,0.0,0.0
2022-11-28 09:30:00-05:00,0.7455000281333923,0.8537999987602234,0.7311000227928162,0.8112999796867371,8401617,0.0,0.0
2022-11-28 10:30:00-05:00,0.810699999332428,0.8450000286102295,0.7900000214576721,0.8399999737739563,887256,0.0,0.0
2022-11-28 11:30:00-05:00,0.8341000080108643,0.8399999737739563,0.8154000043869019,0.8227999806404114,477614,0.0,0.0
2022-11-28 12:30:00-05:00,0.8220999836921692,0.8424999713897705,0.8050000071525574,0.8385999798774719,474273,0.0,0.0
2022-11-28 13:30:00-05:00,0.839900016784668,0.8723999857902527,0.7921000123023987,0.7950999736785889,951538,0.0,0.0
2022-11-28 14:30:00-05:00,0.7990000247955322,0.8199999928474426,0.7879999876022339,0.7918000221252441,335100,0.0,0.0
2022-11-28 15:30:00-05:00,0.7958999872207642,0.800000011920929,0.7501999735832214,0.7854999899864197,506987,0.0,0.0
2022-11-29 09:30:00-05:00,0.7900000214576721,0.8623999953269958,0.7799999713897705,0.8549000024795532,844559,0.0,0.0
2022-11-29 10:30:00-05:00,0.8549000024795532,0.8550000190734863,0.8072999715805054,0.8500999808311462,347972,0.0,0.0
2022-11-29 11:30:00-05:00,0.8546000123023987,0.8790000081062317,0.8309999704360962,0.8590999841690063,370785,0.0,0.0
2022-11-29 12:30:00-05:00,0.8589000105857849,0.8787999749183655,0.8491500020027161,0.8745999932289124,316609,0.0,0.0
2022-11-29 13:30:00-05:00,0.8745999932289124,0.8950999975204468,0.8500009775161743,0.8899000287055969,316256,0.0,0.0
2022-11-29 14:30:00-05:00,0.8899999856948853,0.8937000036239624,0.8500000238418579,0.8518999814987183,276329,0.0,0.0
2022-11-29 15:30:00-05:00,0.8600000143051147,0.8871999979019165,0.8488500118255615,0.8840000033378601,331710,0.0,0.0
2022-11-30 09:30:00-05:00,0.8100000023841858,0.9316999912261963,0.8100000023841858,0.9300000071525574,414603,0.0,0.0
2022-11-30 10:30:00-05:00,0.9300000071525574,0.9496219754219055,0.9100000262260437,0.9435009956359863,246454,0.0,0.0
2022-11-30 11:30:00-05:00,0.9434000253677368,0.949999988079071,0.8999999761581421,0.9035000205039978,238823,0.0,0.0
2022-11-30 12:30:00-05:00,0.9035999774932861,0.9300000071525574,0.8802000284194946,0.9120000004768372,206063,0.0,0.0
2022-11-30 13:30:00-05:00,0.9010000228881836,0.9120000004768372,0.8824999928474426,0.9120000004768372,200951,0.0,0.0
2022-11-30 14:30:00-05:00,0.9120000004768372,0.9391000270843506,0.8100000023841858,0.9120000004768372,440175,0.0,0.0
2022-11-30 15:30:00-05:00,0.8971999883651733,0.9120000004768372,0.8698999881744385,0.8799999952316284,171131,0.0,0.0
2022-12-01 09:30:00-05:00,0.8799999952316284,0.9212999939918518,0.8799999952316284,0.8810999989509583,89969,0.0,0.0
2022-12-01 10:30:00-05:00,0.8800010085105896,0.8999999761581421,0.8633000254631042,0.8999999761581421,90328,0.0,0.0
2022-12-01 11:30:00-05:00,0.8999999761581421,0.9147989749908447,0.8878999948501587,0.8949999809265137,104553,0.0,0.0
2022-12-01 12:30:00-05:00,0.8950999975204468,0.9021000266075134,0.8240000009536743,0.8659499883651733,144235,0.0,0.0
2022-12-01 13:30:00-05:00,0.8712000250816345,0.8999999761581421,0.8607000112533569,0.8963000178337097,58629,0.0,0.0
2022-12-01 14:30:00-05:00,0.8963000178337097,0.8999999761581421,0.8478000164031982,0.8633999824523926,182398,0.0,0.0
2022-12-01 15:30:00-05:00,0.8608999848365784,0.8700000047683716,0.8377000093460083,0.8597000241279602,113731,0.0,0.0
2022-12-02 09:30:00-05:00,0.8299999833106995,0.8799999952316284,0.8299999833106995,0.8511999845504761,52116,0.0,0.0
2022-12-02 10:30:00-05:00,0.8511999845504761,0.8723999857902527,0.8199999928474426,0.8526999950408936,54677,0.0,0.0
2022-12-02 11:30:00-05:00,0.8302010297775269,0.8600000143051147,0.8302010297775269,0.8504999876022339,55693,0.0,0.0
2022-12-02 12:30:00-05:00,0.8503999710083008,0.8598999977111816,0.843500018119812,0.8489000201225281,8386,0.0,0.0
2022-12-02 13:30:00-05:00,0.848800003528595,0.8489000201225281,0.8434000015258789,0.8489000201225281,6042,0.0,0.0
2022-12-02 14:30:00-05:00,0.8489000201225281,0.8489000201225281,0.8278999924659729,0.8399999737739563,23354,0.0,0.0
2022-12-02 15:30:00-05:00,0.8299999833106995,0.8740000128746033,0.8299999833106995,0.8467000126838684,160262,0.0,0.0
2022-12-05 09:30:00-05:00,0.8500000238418579,0.8799999952316284,0.8288999795913696,0.8798999786376953,100027,0.0,0.0
2022-12-05 10:30:00-05:00,0.8601009845733643,0.8798999786376953,0.8366000056266785,0.8507999777793884,63103,0.0,0.0
2022-12-05 11:30:00-05:00,0.8550000190734863,0.867900013923645,0.8095999956130981,0.8515999913215637,101987,0.0,0.0
2022-12-05 12:30:00-05:00,0.8299999833106995,0.8515999913215637,0.8299999833106995,0.8515999913215637,3939,0.0,0.0
2022-12-05 13:30:00-05:00,0.8299999833106995,0.867900013923645,0.8299999833106995,0.8536999821662903,61767,0.0,0.0
2022-12-05 14:30:00-05:00,0.8536999821662903,0.867900013923645,0.8199999928474426,0.8342999815940857,39677,0.0,0.0
2022-12-05 15:30:00-05:00,0.8342999815940857,0.8389000296592712,0.8199999928474426,0.8285999894142151,42727,0.0,0.0
2022-12-06 09:30:00-05:00,0.8274999856948853,0.8629999756813049,0.7674999833106995,0.7998499870300293,104660,0.0,0.0
2022-12-06 10:30:00-05:00,0.7998999953269958,0.8073999881744385,0.7901009917259216,0.7986999750137329,28551,0.0,0.0
2022-12-06 11:30:00-05:00,0.7986999750137329,0.8073999881744385,0.7800999879837036,0.7962999939918518,17286,0.0,0.0
2022-12-06 12:30:00-05:00,0.7882000207901001,0.8187000155448914,0.7800999879837036,0.7923499941825867,128242,0.0,0.0
2022-12-06 13:30:00-05:00,0.7923499941825867,0.8072999715805054,0.7817999720573425,0.7972999811172485,98661,0.0,0.0
2022-12-06 14:30:00-05:00,0.7972999811172485,0.8019999861717224,0.7900000214576721,0.7997000217437744,19976,0.0,0.0
2022-12-06 15:30:00-05:00,0.7948499917984009,0.7997000217437744,0.7711009979248047,0.7850000262260437,48431,0.0,0.0
2022-12-07 09:30:00-05:00,0.7799999713897705,0.798799991607666,0.7487000226974487,0.7487000226974487,70800,0.0,0.0
2022-12-07 10:30:00-05:00,0.733299970626831,0.7652999758720398,0.6899999976158142,0.75,114595,0.0,0.0
2022-12-07 11:30:00-05:00,0.75,0.7501000165939331,0.7001000046730042,0.7001000046730042,76040,0.0,0.0
2022-12-07 12:30:00-05:00,0.7099000215530396,0.710099995136261,0.7006999850273132,0.7099000215530396,101452,0.0,0.0
2022-12-07 13:30:00-05:00,0.7085000276565552,0.7099999785423279,0.699999988079071,0.7077999711036682,26120,0.0,0.0
2022-12-07 14:30:00-05:00,0.6965500116348267,0.7099999785423279,0.6941009759902954,0.6990000009536743,34689,0.0,0.0
2022-12-07 15:30:00-05:00,0.6990000009536743,0.7099999785423279,0.6899999976158142,0.6899999976158142,118889,0.0,0.0
2022-12-08 09:30:00-05:00,0.6790000200271606,0.7081999778747559,0.660099983215332,0.6901000142097473,68224,0.0,0.0
2022-12-08 10:30:00-05:00,0.699999988079071,0.699999988079071,0.6873999834060669,0.699999988079071,80582,0.0,0.0
2022-12-08 11:30:00-05:00,0.699999988079071,0.699999988079071,0.695900022983551,0.699999988079071,38208,0.0,0.0
2022-12-08 12:30:00-05:00,0.699999988079071,0.699999988079071,0.6959999799728394,0.6984999775886536,30558,0.0,0.0
2022-12-08 13:30:00-05:00,0.699999988079071,0.7347999811172485,0.6984999775886536,0.7347999811172485,87197,0.0,0.0
2022-12-08 14:30:00-05:00,0.7299500107765198,0.7771000266075134,0.7124000191688538,0.7297999858856201,140791,0.0,0.0
2022-12-08 15:30:00-05:00,0.7353000044822693,0.7353000044822693,0.6899999976158142,0.718999981880188,134888,0.0,0.0
2022-12-09 09:30:00-05:00,0.7106000185012817,0.7394000291824341,0.699999988079071,0.7339000105857849,29194,0.0,0.0
2022-12-09 10:30:00-05:00,0.7319999933242798,0.7615000009536743,0.7286999821662903,0.7287999987602234,51929,0.0,0.0
2022-12-09 11:30:00-05:00,0.7300000190734863,0.743399977684021,0.7300000190734863,0.7432000041007996,17498,0.0,0.0
2022-12-09 12:30:00-05:00,0.7432000041007996,0.7433000206947327,0.7300000190734863,0.7365999817848206,6170,0.0,0.0
2022-12-09 13:30:00-05:00,0.7300999760627747,0.7432000041007996,0.699999988079071,0.7122499942779541,45332,0.0,0.0
2022-12-09 14:30:00-05:00,0.7200999855995178,0.7200999855995178,0.7044000029563904,0.7167999744415283,27818,0.0,0.0
2022-12-09 15:30:00-05:00,0.7167999744415283,0.7432000041007996,0.7060999870300293,0.724399983882904,56814,0.0,0.0
2022-12-12 09:30:00-05:00,0.7200000286102295,0.746999979019165,0.699999988079071,0.7064999938011169,58438,0.0,0.0
2022-12-12 10:30:00-05:00,0.7064999938011169,0.7250999808311462,0.7020000219345093,0.7125999927520752,34731,0.0,0.0
2022-12-12 11:30:00-05:00,0.7125999927520752,0.7200000286102295,0.7021999955177307,0.7038999795913696,27857,0.0,0.0
2022-12-12 12:30:00-05:00,0.707099974155426,0.7400000095367432,0.7021999955177307,0.7279000282287598,17192,0.0,0.0
2022-12-12 13:30:00-05:00,0.7396000027656555,0.7400000095367432,0.7160999774932861,0.7300000190734863,36395,0.0,0.0
2022-12-12 14:30:00-05:00,0.7369999885559082,0.7716000080108643,0.7200000286102295,0.75,83788,0.0,0.0
2022-12-12 15:30:00-05:00,0.75,0.7599999904632568,0.7400000095367432,0.7416999936103821,71261,0.0,0.0
2022-12-13 09:30:00-05:00,0.7620999813079834,0.7929999828338623,0.7152000069618225,0.75,111477,0.0,0.0
2022-12-13 10:30:00-05:00,0.7492499947547913,0.758400022983551,0.7401000261306763,0.7565000057220459,7286,0.0,0.0
2022-12-13 11:30:00-05:00,0.7470499873161316,0.7645000219345093,0.7401000261306763,0.7487499713897705,65991,0.0,0.0
2022-12-13 12:30:00-05:00,0.75,0.7506999969482422,0.7401999831199646,0.7506999969482422,58627,0.0,0.0
2022-12-13 13:30:00-05:00,0.7506999969482422,0.7649999856948853,0.7494999766349792,0.7603499889373779,8295,0.0,0.0
2022-12-13 14:30:00-05:00,0.7588000297546387,0.7730000019073486,0.751800000667572,0.7699999809265137,47844,0.0,0.0
2022-12-13 15:30:00-05:00,0.7699999809265137,0.7699999809265137,0.7486000061035156,0.7648000121116638,56562,0.0,0.0
2022-12-14 09:30:00-05:00,0.7300000190734863,0.7750999927520752,0.722100019454956,0.7674999833106995,54394,0.0,0.0
2022-12-14 10:30:00-05:00,0.7674999833106995,0.7750999927520752,0.7425000071525574,0.7749999761581421,31736,0.0,0.0
2022-12-14 11:30:00-05:00,0.7749999761581421,0.7771000266075134,0.7588000297546387,0.7768999934196472,15795,0.0,0.0
2022-12-14 12:30:00-05:00,0.7615000009536743,0.7703999876976013,0.7020000219345093,0.7117999792098999,107623,0.0,0.0
2022-12-14 13:30:00-05:00,0.7038000226020813,0.7379000186920166,0.7038000226020813,0.7379000186920166,42115,0.0,0.0
2022-12-14 14:30:00-05:00,0.7379000186920166,0.7409999966621399,0.7099999785423279,0.7289000153541565,33991,0.0,0.0
2022-12-14 15:30:00-05:00,0.7289000153541565,0.7389000058174133,0.7214000225067139,0.7304999828338623,23215,0.0,0.0
2022-12-15 09:30:00-05:00,0.6899999976158142,0.7384999990463257,0.6899999976158142,0.7286999821662903,44019,0.0,0.0
2022-12-15 10:30:00-05:00,0.7397000193595886,0.8023999929428101,0.7190999984741211,0.7699999809265137,171203,0.0,0.0
2022-12-15 11:30:00-05:00,0.7599999904632568,0.7626000046730042,0.7217000126838684,0.75,85761,0.0,0.0
2022-12-15 12:30:00-05:00,0.75,0.7599999904632568,0.7386999726295471,0.75,44657,0.0,0.0
2022-12-15 13:30:00-05:00,0.75,0.7599999904632568,0.7290999889373779,0.7594000101089478,47455,0.0,0.0
2022-12-15 14:30:00-05:00,0.7574999928474426,0.7599999904632568,0.7372999787330627,0.7479000091552734,70002,0.0,0.0
2022-12-15 15:30:00-05:00,0.7516000270843506,0.7749999761581421,0.7383000254631042,0.7720000147819519,72600,0.0,0.0
2022-12-16 09:30:00-05:00,0.7749999761581421,0.875,0.7749999761581421,0.808899998664856,175246,0.0,0.0
2022-12-16 10:30:00-05:00,0.7960000038146973,0.8240000009536743,0.7900000214576721,0.808899998664856,117688,0.0,0.0
2022-12-16 11:30:00-05:00,0.808899998664856,0.8138999938964844,0.800000011920929,0.8087999820709229,22704,0.0,0.0
2022-12-16 12:30:00-05:00,0.808899998664856,0.8690000176429749,0.8044999837875366,0.8689990043640137,83107,0.0,0.0
2022-12-16 13:30:00-05:00,0.8659999966621399,0.8676000237464905,0.8500000238418579,0.8550000190734863,42733,0.0,0.0
2022-12-16 14:30:00-05:00,0.8550000190734863,0.8873999714851379,0.8500999808311462,0.8751999735832214,146010,0.0,0.0
2022-12-16 15:30:00-05:00,0.8700000047683716,0.8799999952316284,0.866599977016449,0.8765010237693787,97613,0.0,0.0
2022-12-19 09:30:00-05:00,0.8799999952316284,0.8899999856948853,0.7519009709358215,0.7706999778747559,172589,0.0,0.0
2022-12-19 10:30:00-05:00,0.7623000144958496,0.7833999991416931,0.7391999959945679,0.7669000029563904,39455,0.0,0.0
2022-12-19 11:30:00-05:00,0.7573000192642212,0.7827000021934509,0.7572000026702881,0.7617999911308289,10547,0.0,0.0
2022-12-19 12:30:00-05:00,0.7617999911308289,0.7784000039100647,0.7401000261306763,0.7784000039100647,22749,0.0,0.0
2022-12-19 13:30:00-05:00,0.7537000179290771,0.7781999707221985,0.7502999901771545,0.7781999707221985,4296,0.0,0.0
2022-12-19 14:30:00-05:00,0.7781999707221985,0.7883999943733215,0.7645999789237976,0.771399974822998,8842,0.0,0.0
2022-12-19 15:30:00-05:00,0.7749000191688538,0.7802000045776367,0.7592999935150146,0.7599999904632568,12292,0.0,0.0
2022-12-20 09:30:00-05:00,0.7300000190734863,0.7799999713897705,0.6908000111579895,0.7200999855995178,110208,0.0,0.0
2022-12-20 10:30:00-05:00,0.7236999869346619,0.7300000190734863,0.6949999928474426,0.7002000212669373,53048,0.0,0.0
2022-12-20 11:30:00-05:00,0.7002000212669373,0.70660001039505,0.6901000142097473,0.6962000131607056,24515,0.0,0.0
2022-12-20 12:30:00-05:00,0.7013999819755554,0.7161999940872192,0.6962000131607056,0.7106000185012817,13782,0.0,0.0
2022-12-20 13:30:00-05:00,0.7106000185012817,0.7254999876022339,0.7049999833106995,0.7254999876022339,16822,0.0,0.0
2022-12-20 14:30:00-05:00,0.7254999876022339,0.7254999876022339,0.7088000178337097,0.7160000205039978,37656,0.0,0.0
2022-12-20 15:30:00-05:00,0.7152500152587891,0.7250000238418579,0.7143999934196472,0.7199500203132629,57024,0.0,0.0
2022-12-21 09:30:00-05:00,0.699999988079071,0.7452999949455261,0.699999988079071,0.7429999709129333,84966,0.0,0.0
2022-12-21 10:30:00-05:00,0.738099992275238,0.7669000029563904,0.7160000205039978,0.7286750078201294,131532,0.0,0.0
2022-12-21 11:30:00-05:00,0.7315999865531921,0.7425000071525574,0.7232000231742859,0.7279999852180481,21170,0.0,0.0
2022-12-21 12:30:00-05:00,0.7300000190734863,0.7372000217437744,0.724399983882904,0.7282000184059143,13397,0.0,0.0
2022-12-21 13:30:00-05:00,0.7329999804496765,0.75,0.7282000184059143,0.7427999973297119,35282,0.0,0.0
2022-12-21 14:30:00-05:00,0.7427999973297119,0.746399998664856,0.7300000190734863,0.7382000088691711,43435,0.0,0.0
2022-12-21 15:30:00-05:00,0.7382000088691711,0.7545999884605408,0.7300000190734863,0.75,67611,0.0,0.0
2022-12-22 09:30:00-05:00,0.7459999918937683,0.7459999918937683,0.6909999847412109,0.699999988079071,62093,0.0,0.0
2022-12-22 10:30:00-05:00,0.699999988079071,0.7010999917984009,0.6800000071525574,0.6887000203132629,27339,0.0,0.0
2022-12-22 11:30:00-05:00,0.6801000237464905,0.6995999813079834,0.6801000237464905,0.6815000176429749,19009,0.0,0.0
2022-12-22 12:30:00-05:00,0.6815000176429749,0.6894999742507935,0.6815000176429749,0.6883999705314636,6270,0.0,0.0
2022-12-22 13:30:00-05:00,0.6883999705314636,0.7188000082969666,0.6883999705314636,0.7188000082969666,55111,0.0,0.0
2022-12-22 14:30:00-05:00,0.7070009708404541,0.7311999797821045,0.7070009708404541,0.7271999716758728,34959,0.0,0.0
2022-12-22 15:30:00-05:00,0.7200000286102295,0.7254999876022339,0.6780999898910522,0.6851999759674072,87684,0.0,0.0
2022-12-23 09:30:00-05:00,0.6790000200271606,0.699999988079071,0.6629999876022339,0.6869000196456909,75459,0.0,0.0
2022-12-23 10:30:00-05:00,0.6700999736785889,0.6869000196456909,0.6620000004768372,0.670199990272522,30291,0.0,0.0
2022-12-23 11:30:00-05:00,0.6610999703407288,0.6620000004768372,0.6299999952316284,0.6532989740371704,105543,0.0,0.0
2022-12-23 12:30:00-05:00,0.6532999873161316,0.6766999959945679,0.6484000086784363,0.6765999794006348,28692,0.0,0.0
2022-12-23 13:30:00-05:00,0.6765000224113464,0.6765999794006348,0.6499999761581421,0.6532999873161316,8975,0.0,0.0
2022-12-23 14:30:00-05:00,0.6499999761581421,0.6600000262260437,0.6474000215530396,0.6549999713897705,26999,0.0,0.0
2022-12-23 15:30:00-05:00,0.6600000262260437,0.6600000262260437,0.6474000215530396,0.6579999923706055,48944,0.0,0.0
2022-12-27 09:30:00-05:00,0.6759999990463257,0.6759999990463257,0.6301000118255615,0.6590999960899353,171292,0.0,0.0
2022-12-27 10:30:00-05:00,0.6638000011444092,0.6664999723434448,0.6401000022888184,0.6467000246047974,44354,0.0,0.0
2022-12-27 11:30:00-05:00,0.6449999809265137,0.6524999737739563,0.6100999712944031,0.6287999749183655,73227,0.0,0.0
2022-12-27 12:30:00-05:00,0.628600001335144,0.6402999758720398,0.6119999885559082,0.6119999885559082,69519,0.0,0.0
2022-12-27 13:30:00-05:00,0.6121000051498413,0.6499999761581421,0.5922999978065491,0.6349999904632568,73410,0.0,0.0
2022-12-27 14:30:00-05:00,0.6341500282287598,0.6399999856948853,0.6200000047683716,0.6340500116348267,64452,0.0,0.0
2022-12-27 15:30:00-05:00,0.6340500116348267,0.6463000178337097,0.6309999823570251,0.6334999799728394,64051,0.0,0.0
2022-12-28 09:30:00-05:00,0.6367999911308289,0.636900007724762,0.5649999976158142,0.5706509947776794,225309,0.0,0.0
2022-12-28 10:30:00-05:00,0.5763000249862671,0.5799999833106995,0.5600000023841858,0.5727999806404114,156504,0.0,0.0
2022-12-28 11:30:00-05:00,0.5738000273704529,0.5755000114440918,0.550000011920929,0.5600000023841858,139039,0.0,0.0
2022-12-28 12:30:00-05:00,0.5645999908447266,0.5699999928474426,0.5299999713897705,0.5400000214576721,162621,0.0,0.0
2022-12-28 13:30:00-05:00,0.5422999858856201,0.5702000260353088,0.531000018119812,0.5525000095367432,195326,0.0,0.0
2022-12-28 14:30:00-05:00,0.5525000095367432,0.5985999703407288,0.5525000095367432,0.5867999792098999,185480,0.0,0.0
2022-12-28 15:30:00-05:00,0.5867999792098999,0.6100000143051147,0.5863000154495239,0.6000000238418579,193537,0.0,0.0
2022-12-29 09:30:00-05:00,0.5799999833106995,0.6096000075340271,0.5649999976158142,0.5978000164031982,42143,0.0,0.0
2022-12-29 10:30:00-05:00,0.5950000286102295,0.6096000075340271,0.5900999903678894,0.6000000238418579,65812,0.0,0.0
2022-12-29 11:30:00-05:00,0.597000002861023,0.6057000160217285,0.597000002861023,0.6000999808311462,8540,0.0,0.0
2022-12-29 12:30:00-05:00,0.6000999808311462,0.6100000143051147,0.5807999968528748,0.5807999968528748,309675,0.0,0.0
2022-12-29 13:30:00-05:00,0.5807999968528748,0.6173999905586243,0.5787000060081482,0.6173999905586243,106823,0.0,0.0
2022-12-29 14:30:00-05:00,0.6100000143051147,0.6399999856948853,0.6013000011444092,0.6013000011444092,56925,0.0,0.0
2022-12-29 15:30:00-05:00,0.6173999905586243,0.6514999866485596,0.6025000214576721,0.6299999952316284,138553,0.0,0.0
2022-12-30 09:30:00-05:00,0.6010000109672546,0.6299999952316284,0.5830000042915344,0.6101999878883362,202343,0.0,0.0
2022-12-30 10:30:00-05:00,0.6100000143051147,0.6240000128746033,0.6011000275611877,0.6149500012397766,47614,0.0,0.0
2022-12-30 11:30:00-05:00,0.6101999878883362,0.6237000226974487,0.6010000109672546,0.6148499846458435,117863,0.0,0.0
2022-12-30 12:30:00-05:00,0.6101469993591309,0.6147000193595886,0.6000000238418579,0.6001999974250793,46386,0.0,0.0
2022-12-30 13:30:00-05:00,0.6000999808311462,0.6100000143051147,0.6000000238418579,0.6013000011444092,11769,0.0,0.0
2022-12-30 14:30:00-05:00,0.6098999977111816,0.6297000050544739,0.5799999833106995,0.6100000143051147,141547,0.0,0.0
2022-12-30 15:30:00-05:00,0.622747004032135,0.6299999952316284,0.6050000190734863,0.6100000143051147,68386,0.0,0.0
2023-01-03 09:30:00-05:00,0.6162999868392944,0.6395999789237976,0.5922999978065491,0.5922999978065491,21856,0.0,0.0
2023-01-03 10:30:00-05:00,0.5922999978065491,0.6079000234603882,0.5752000212669373,0.6003000140190125,33553,0.0,0.0
2023-01-03 11:30:00-05:00,0.609000027179718,0.609000027179718,0.6003000140190125,0.6003000140190125,1144,0.0,0.0
2023-01-03 12:30:00-05:00,0.6047000288963318,0.6092990040779114,0.5799999833106995,0.5946999788284302,45651,0.0,0.0
2023-01-03 13:30:00-05:00,0.6093999743461609,0.6093999743461609,0.5799999833106995,0.5924000144004822,86914,0.0,0.0
2023-01-03 14:30:00-05:00,0.5861999988555908,0.6000000238418579,0.5583999752998352,0.6000000238418579,95244,0.0,0.0
2023-01-03 15:30:00-05:00,0.6000000238418579,0.6150000095367432,0.5899999737739563,0.6000000238418579,23462,0.0,0.0
2023-01-04 09:30:00-05:00,0.5960999727249146,0.6100000143051147,0.5699999928474426,0.6000000238418579,67068,0.0,0.0
2023-01-04 10:30:00-05:00,0.6000000238418579,0.6100010275840759,0.5852500200271606,0.6050000190734863,42107,0.0,0.0
2023-01-04 11:30:00-05:00,0.6072999835014343,0.6230000257492065,0.6035000085830688,0.6050000190734863,14265,0.0,0.0
2023-01-04 12:30:00-05:00,0.6050000190734863,0.6182730197906494,0.6050000190734863,0.6150000095367432,7204,0.0,0.0
2023-01-04 13:30:00-05:00,0.6100000143051147,0.6200000047683716,0.6050000190734863,0.6199899911880493,10113,0.0,0.0
2023-01-04 14:30:00-05:00,0.6175000071525574,0.6258000135421753,0.6150000095367432,0.6175000071525574,23856,0.0,0.0
2023-01-04 15:30:00-05:00,0.6200000047683716,0.6200000047683716,0.6046000123023987,0.6175000071525574,32314,0.0,0.0
2023-01-05 09:30:00-05:00,0.6000000238418579,0.6190990209579468,0.6000000238418579,0.6070500016212463,33554,0.0,0.0
2023-01-05 10:30:00-05:00,0.6070500016212463,0.6225000023841858,0.6000999808311462,0.6168000102043152,22433,0.0,0.0
2023-01-05 11:30:00-05:00,0.6129999756813049,0.6499000191688538,0.6129999756813049,0.6327999830245972,51187,0.0,0.0
2023-01-05 12:30:00-05:00,0.6399000287055969,0.6399999856948853,0.6295999884605408,0.6399000287055969,5465,0.0,0.0
2023-01-05 13:30:00-05:00,0.6308000087738037,0.6399999856948853,0.6308000087738037,0.6365000009536743,19666,0.0,0.0
2023-01-05 14:30:00-05:00,0.6365000009536743,0.6467000246047974,0.633899986743927,0.6349999904632568,21252,0.0,0.0
2023-01-05 15:30:00-05:00,0.6388999819755554,0.6394000053405762,0.5849999785423279,0.5974000096321106,47346,0.0,0.0
2023-01-06 09:30:00-05:00,0.6699000000953674,0.6700000166893005,0.5899999737739563,0.590499997138977,87664,0.0,0.0
2023-01-06 10:30:00-05:00,0.5990999937057495,0.6299999952316284,0.590499997138977,0.625,28249,0.0,0.0
2023-01-06 11:30:00-05:00,0.6200000047683716,0.6299999952316284,0.6100000143051147,0.6159499883651733,8247,0.0,0.0
2023-01-06 12:30:00-05:00,0.6179999709129333,0.6299999952316284,0.612500011920929,0.6299999952316284,32669,0.0,0.0
2023-01-06 13:30:00-05:00,0.6299999952316284,0.6301000118255615,0.6100000143051147,0.6299999952316284,174647,0.0,0.0
2023-01-06 14:30:00-05:00,0.6299999952316284,0.6693999767303467,0.6251000165939331,0.6693999767303467,93633,0.0,0.0
2023-01-06 15:30:00-05:00,0.6672000288963318,0.6693999767303467,0.6510000228881836,0.6600000262260437,99901,0.0,0.0
2023-01-09 09:30:00-05:00,0.6614999771118164,0.6959999799728394,0.6355999708175659,0.6668999791145325,45877,0.0,0.0
2023-01-09 10:30:00-05:00,0.6689000129699707,0.6689000129699707,0.6600000262260437,0.6600000262260437,25732,0.0,0.0
2023-01-09 11:30:00-05:00,0.6664000153541565,0.6689000129699707,0.6535999774932861,0.6615999937057495,10418,0.0,0.0
2023-01-09 12:30:00-05:00,0.6615999937057495,0.6689000129699707,0.6309999823570251,0.6470999717712402,23039,0.0,0.0
2023-01-09 13:30:00-05:00,0.6470999717712402,0.6470999717712402,0.625,0.6470999717712402,25441,0.0,0.0
2023-01-09 14:30:00-05:00,0.6399999856948853,0.6499999761581421,0.6299999952316284,0.6373000144958496,26447,0.0,0.0
2023-01-09 15:30:00-05:00,0.644599974155426,0.6448000073432922,0.6299999952316284,0.6399999856948853,22727,0.0,0.0
2023-01-10 09:30:00-05:00,0.6762999892234802,0.6877999901771545,0.6499999761581421,0.6616269946098328,63505,0.0,0.0
2023-01-10 10:30:00-05:00,0.6682000160217285,0.699999988079071,0.6682000160217285,0.6955000162124634,28265,0.0,0.0
2023-01-10 11:30:00-05:00,0.6955000162124634,0.713699996471405,0.6955000162124634,0.7105000019073486,75500,0.0,0.0
2023-01-10 12:30:00-05:00,0.7102000117301941,0.7196999788284302,0.6922000050544739,0.7096999883651733,48791,0.0,0.0
2023-01-10 13:30:00-05:00,0.7092999815940857,0.7305999994277954,0.7003999948501587,0.7244499921798706,109686,0.0,0.0
2023-01-10 14:30:00-05:00,0.7244499921798706,0.7244499921798706,0.7002999782562256,0.7091000080108643,33752,0.0,0.0
2023-01-10 15:30:00-05:00,0.7091000080108643,0.7358999848365784,0.705299973487854,0.7200000286102295,21211,0.0,0.0
2023-01-11 09:30:00-05:00,0.7343000173568726,0.746999979019165,0.6829000115394592,0.7124999761581421,92010,0.0,0.0
2023-01-11 10:30:00-05:00,0.7052000164985657,0.7052000164985657,0.6600000262260437,0.6600000262260437,68794,0.0,0.0
2023-01-11 11:30:00-05:00,0.6549000144004822,0.6707500219345093,0.6449999809265137,0.6707500219345093,92235,0.0,0.0
2023-01-11 12:30:00-05:00,0.670799970626831,0.6814000010490417,0.666100025177002,0.675599992275238,18255,0.0,0.0
2023-01-11 13:30:00-05:00,0.675599992275238,0.6775000095367432,0.6399999856948853,0.6450999975204468,35213,0.0,0.0
2023-01-11 14:30:00-05:00,0.6489999890327454,0.6990000009536743,0.6452000141143799,0.6827499866485596,103331,0.0,0.0
2023-01-11 15:30:00-05:00,0.6934999823570251,0.6955000162124634,0.6700000166893005,0.6854000091552734,28044,0.0,0.0
2023-01-12 09:30:00-05:00,0.6854000091552734,0.7099999785423279,0.6800000071525574,0.6901000142097473,65802,0.0,0.0
2023-01-12 10:30:00-05:00,0.699999988079071,0.7577000260353088,0.696150004863739,0.7351999878883362,140121,0.0,0.0
2023-01-12 11:30:00-05:00,0.7426000237464905,0.7498999834060669,0.7200000286102295,0.7256990075111389,42747,0.0,0.0
2023-01-12 12:30:00-05:00,0.7238500118255615,0.7558000087738037,0.723800003528595,0.7265999913215637,72367,0.0,0.0
2023-01-12 13:30:00-05:00,0.7300000190734863,0.7533000111579895,0.7200000286102295,0.7533000111579895,45524,0.0,0.0
2023-01-12 14:30:00-05:00,0.7409999966621399,0.746999979019165,0.7350999712944031,0.7358999848365784,18869,0.0,0.0
2023-01-12 15:30:00-05:00,0.73580002784729,0.7419999837875366,0.7245000004768372,0.7360000014305115,23788,0.0,0.0
2023-01-13 09:30:00-05:00,0.7028999924659729,0.7501999735832214,0.625,0.7501000165939331,295392,0.0,0.0
2023-01-13 10:30:00-05:00,0.75,0.7680000066757202,0.7475000023841858,0.7678999900817871,59753,0.0,0.0
2023-01-13 11:30:00-05:00,0.7605000138282776,0.7680000066757202,0.7400000095367432,0.7450000047683716,39692,0.0,0.0
2023-01-13 12:30:00-05:00,0.7401000261306763,0.7437999844551086,0.7396000027656555,0.7402999997138977,34995,0.0,0.0
2023-01-13 13:30:00-05:00,0.7401999831199646,0.7544999718666077,0.7290999889373779,0.7353000044822693,38706,0.0,0.0
2023-01-13 14:30:00-05:00,0.7304999828338623,0.7488999962806702,0.7300999760627747,0.7401999831199646,20539,0.0,0.0
2023-01-13 15:30:00-05:00,0.740149974822998,0.746999979019165,0.7300000190734863,0.7451000213623047,16138,0.0,0.0
2023-01-17 09:30:00-05:00,0.7599999904632568,0.7599999904632568,0.699999988079071,0.7560999989509583,39135,0.0,0.0
2023-01-17 10:30:00-05:00,0.7599999904632568,0.7699999809265137,0.753000020980835,0.7599999904632568,74751,0.0,0.0
2023-01-17 11:30:00-05:00,0.7512000203132629,0.7649999856948853,0.7365000247955322,0.7483000159263611,87539,0.0,0.0
2023-01-17 12:30:00-05:00,0.7533000111579895,0.7649999856948853,0.748199999332428,0.756600022315979,22767,0.0,0.0
2023-01-17 13:30:00-05:00,0.756600022315979,0.7649999856948853,0.7549999952316284,0.7549999952316284,14727,0.0,0.0
2023-01-17 14:30:00-05:00,0.7531999945640564,0.761900007724762,0.7436000108718872,0.7598999738693237,20897,0.0,0.0
2023-01-17 15:30:00-05:00,0.759850025177002,0.7649999856948853,0.7523999810218811,0.7545220255851746,47743,0.0,0.0
2023-01-18 09:30:00-05:00,0.7251999974250793,0.8062999844551086,0.7251999974250793,0.7791000008583069,289246,0.0,0.0
2023-01-18 10:30:00-05:00,0.7904999852180481,0.8090999722480774,0.7409999966621399,0.7450000047683716,92834,0.0,0.0
2023-01-18 11:30:00-05:00,0.742900013923645,0.7473000288009644,0.7260000109672546,0.7365999817848206,19063,0.0,0.0
2023-01-18 12:30:00-05:00,0.7365999817848206,0.7473000288009644,0.7110999822616577,0.7272999882698059,18582,0.0,0.0
2023-01-18 13:30:00-05:00,0.7294999957084656,0.7498999834060669,0.7272999882698059,0.7473000288009644,23340,0.0,0.0
2023-01-18 14:30:00-05:00,0.7473000288009644,0.7473000288009644,0.7371000051498413,0.7426999807357788,21809,0.0,0.0
2023-01-18 15:30:00-05:00,0.7400000095367432,0.7479000091552734,0.7329000234603882,0.7452999949455261,19365,0.0,0.0
2023-01-19 09:30:00-05:00,0.7300000190734863,0.7949000000953674,0.7125999927520752,0.7450000047683716,46471,0.0,0.0
2023-01-19 10:30:00-05:00,0.7425000071525574,0.7487999796867371,0.7300000190734863,0.7398999929428101,15999,0.0,0.0
2023-01-19 11:30:00-05:00,0.7398999929428101,0.7398999929428101,0.7233999967575073,0.7268999814987183,37197,0.0,0.0
2023-01-19 12:30:00-05:00,0.7297999858856201,0.7398999929428101,0.7240009903907776,0.7358999848365784,19706,0.0,0.0
2023-01-19 13:30:00-05:00,0.7358999848365784,0.7398999929428101,0.7319999933242798,0.7398999929428101,17038,0.0,0.0
2023-01-19 14:30:00-05:00,0.7398999929428101,0.7411999702453613,0.7181000113487244,0.7184000015258789,25193,0.0,0.0
2023-01-19 15:30:00-05:00,0.7239999771118164,0.7443000078201294,0.7182000279426575,0.7368999719619751,7045,0.0,0.0
2023-01-20 09:30:00-05:00,0.7300000190734863,0.7493000030517578,0.7250000238418579,0.7301250100135803,4942,0.0,0.0
2023-01-20 10:30:00-05:00,0.7458999752998352,0.7458999752998352,0.7099999785423279,0.7249000072479248,17490,0.0,0.0
2023-01-20 11:30:00-05:00,0.7269499897956848,0.7300000190734863,0.7200000286102295,0.7299000024795532,4150,0.0,0.0
2023-01-20 12:30:00-05:00,0.7299000024795532,0.7487999796867371,0.7099999785423279,0.7160000205039978,25361,0.0,0.0
2023-01-20 13:30:00-05:00,0.7099999785423279,0.7290999889373779,0.7002999782562256,0.7200000286102295,7164,0.0,0.0
2023-01-20 14:30:00-05:00,0.7050999999046326,0.7293000221252441,0.7049999833106995,0.7182000279426575,47153,0.0,0.0
2023-01-20 15:30:00-05:00,0.7203999757766724,0.7379999756813049,0.7200000286102295,0.7379999756813049,15717,0.0,0.0
2023-01-23 09:30:00-05:00,0.7289000153541565,0.7599999904632568,0.7002000212669373,0.7599999904632568,74958,0.0,0.0
2023-01-23 10:30:00-05:00,0.763700008392334,0.7638000249862671,0.7300000190734863,0.7450000047683716,26443,0.0,0.0
2023-01-23 11:30:00-05:00,0.7450000047683716,0.7542999982833862,0.7450000047683716,0.7502999901771545,12001,0.0,0.0
2023-01-23 12:30:00-05:00,0.7462999820709229,0.7542999982833862,0.7376000285148621,0.7468000054359436,19434,0.0,0.0
2023-01-23 13:30:00-05:00,0.7376000285148621,0.7542999982833862,0.7300000190734863,0.7300999760627747,26693,0.0,0.0
2023-01-23 14:30:00-05:00,0.7458999752998352,0.7459999918937683,0.7290999889373779,0.7425000071525574,7284,0.0,0.0
2023-01-23 15:30:00-05:00,0.7425000071525574,0.7425000071525574,0.7111999988555908,0.7394000291824341,8965,0.0,0.0
2023-01-24 09:30:00-05:00,0.7498999834060669,0.800000011920929,0.7300000190734863,0.73580002784729,29794,0.0,0.0
2023-01-24 10:30:00-05:00,0.73580002784729,0.7400000095367432,0.7250999808311462,0.736299991607666,36411,0.0,0.0
2023-01-24 11:30:00-05:00,0.736299991607666,0.741599977016449,0.7250000238418579,0.7376000285148621,37098,0.0,0.0
2023-01-24 12:30:00-05:00,0.7376000285148621,0.741599977016449,0.7335000038146973,0.7335000038146973,13521,0.0,0.0
2023-01-24 13:30:00-05:00,0.7335000038146973,0.7376000285148621,0.7128000259399414,0.7128000259399414,20560,0.0,0.0
2023-01-24 14:30:00-05:00,0.7204999923706055,0.7329000234603882,0.7128000259399414,0.7289999723434448,9179,0.0,0.0
2023-01-24 15:30:00-05:00,0.7329999804496765,0.7501999735832214,0.7289999723434448,0.7501999735832214,15276,0.0,0.0
2023-01-25 09:30:00-05:00,0.7307000160217285,0.7638000249862671,0.7087000012397766,0.7504000067710876,71796,0.0,0.0
2023-01-25 10:30:00-05:00,0.7504000067710876,0.7544999718666077,0.7005000114440918,0.7099999785423279,53216,0.0,0.0
2023-01-25 11:30:00-05:00,0.7099999785423279,0.7275999784469604,0.699999988079071,0.7221850156784058,26301,0.0,0.0
2023-01-25 12:30:00-05:00,0.7275999784469604,0.7900000214576721,0.723800003528595,0.779449999332428,75281,0.0,0.0
2023-01-25 13:30:00-05:00,0.7766000032424927,0.7850000262260437,0.7490000128746033,0.7577000260353088,58859,0.0,0.0
2023-01-25 14:30:00-05:00,0.7512000203132629,0.7699999809265137,0.7496500015258789,0.7649999856948853,29471,0.0,0.0
2023-01-25 15:30:00-05:00,0.7630000114440918,0.7886999845504761,0.7599999904632568,0.7886999845504761,30897,0.0,0.0
2023-01-26 09:30:00-05:00,0.7939000129699707,0.8277000188827515,0.7699999809265137,0.7821000218391418,61437,0.0,0.0
2023-01-26 10:30:00-05:00,0.789900004863739,0.7900000214576721,0.7699999809265137,0.7749999761581421,12984,0.0,0.0
2023-01-26 11:30:00-05:00,0.7900000214576721,0.7900000214576721,0.7811999917030334,0.7889000177383423,19338,0.0,0.0
2023-01-26 12:30:00-05:00,0.7889000177383423,0.8062000274658203,0.7878000140190125,0.800000011920929,25358,0.0,0.0
2023-01-26 13:30:00-05:00,0.800000011920929,0.8176000118255615,0.7940000295639038,0.8024500012397766,28151,0.0,0.0
2023-01-26 14:30:00-05:00,0.800000011920929,0.8080999851226807,0.7940999865531921,0.8060749769210815,3800,0.0,0.0
2023-01-26 15:30:00-05:00,0.8062999844551086,0.8129000067710876,0.7940000295639038,0.8047999739646912,45898,0.0,0.0
2023-01-27 09:30:00-05:00,0.8011000156402588,0.8446999788284302,0.8011000156402588,0.8299999833106995,48241,0.0,0.0
2023-01-27 10:30:00-05:00,0.8299999833106995,0.8299999833106995,0.8011000156402588,0.8125,22304,0.0,0.0
2023-01-27 11:30:00-05:00,0.8126000165939331,0.8299999833106995,0.8011000156402588,0.8294000029563904,31865,0.0,0.0
2023-01-27 12:30:00-05:00,0.8299999833106995,0.8395000100135803,0.8093000054359436,0.8093000054359436,49570,0.0,0.0
2023-01-27 13:30:00-05:00,0.815500020980835,0.8212000131607056,0.8125,0.8185999989509583,15305,0.0,0.0
2023-01-27 14:30:00-05:00,0.8185999989509583,0.8217999935150146,0.8093000054359436,0.8217999935150146,11229,0.0,0.0
2023-01-27 15:30:00-05:00,0.8172000050544739,0.8378999829292297,0.8125,0.8278999924659729,13021,0.0,0.0
2023-01-30 09:30:00-05:00,0.8399999737739563,0.8465999960899353,0.8199999928474426,0.8341100215911865,119647,0.0,0.0
2023-01-30 10:30:00-05:00,0.8341000080108643,0.8381999731063843,0.8130000233650208,0.8247500061988831,25373,0.0,0.0
2023-01-30 11:30:00-05:00,0.8332499861717224,0.8364999890327454,0.8300999999046326,0.8364999890327454,2968,0.0,0.0
2023-01-30 12:30:00-05:00,0.8364999890327454,0.8364999890327454,0.8262500166893005,0.8262500166893005,16940,0.0,0.0
2023-01-30 13:30:00-05:00,0.8299999833106995,0.8299999833106995,0.8195000290870667,0.8195000290870667,47803,0.0,0.0
2023-01-30 14:30:00-05:00,0.8199999928474426,0.8299999833106995,0.8194500207901001,0.8299999833106995,212493,0.0,0.0
2023-01-30 15:30:00-05:00,0.8246009945869446,0.8356000185012817,0.8149999976158142,0.8199999928474426,20439,0.0,0.0
2023-01-31 09:30:00-05:00,0.8199999928474426,0.8428999781608582,0.7957000136375427,0.8051000237464905,70153,0.0,0.0
2023-01-31 10:30:00-05:00,0.8100000023841858,0.8349000215530396,0.8051000237464905,0.8330000042915344,11643,0.0,0.0
2023-01-31 11:30:00-05:00,0.8199999928474426,0.8199999928474426,0.80520099401474,0.8190000057220459,1503,0.0,0.0
2023-01-31 12:30:00-05:00,0.8051999807357788,0.8051999807357788,0.7979999780654907,0.800000011920929,3586,0.0,0.0
2023-01-31 13:30:00-05:00,0.800000011920929,0.8180999755859375,0.800000011920929,0.8180999755859375,7059,0.0,0.0
2023-01-31 14:30:00-05:00,0.8180000185966492,0.8180000185966492,0.7997000217437744,0.7997999787330627,13543,0.0,0.0
2023-01-31 15:30:00-05:00,0.7911999821662903,0.8190000057220459,0.7699999809265137,0.8059999942779541,23208,0.0,0.0
2023-02-01 09:30:00-05:00,0.8072999715805054,0.8199999928474426,0.800000011920929,0.8048989772796631,52654,0.0,0.0
2023-02-01 10:30:00-05:00,0.8001999855041504,0.8066999912261963,0.7972999811172485,0.7972999811172485,38956,0.0,0.0
2023-02-01 11:30:00-05:00,0.7922000288963318,0.7994999885559082,0.7922000288963318,0.794700026512146,3056,0.0,0.0
2023-02-01 12:30:00-05:00,0.7900000214576721,0.8039000034332275,0.7782999873161316,0.8019000291824341,51810,0.0,0.0
2023-02-01 13:30:00-05:00,0.7979999780654907,0.8059999942779541,0.7900000214576721,0.8044999837875366,73103,0.0,0.0
2023-02-01 14:30:00-05:00,0.8029999732971191,0.8348990082740784,0.794700026512146,0.8240000009536743,64295,0.0,0.0
2023-02-01 15:30:00-05:00,0.8100000023841858,0.82669997215271,0.8100000023841858,0.8190000057220459,12750,0.0,0.0
2023-02-02 09:30:00-05:00,0.8199999928474426,0.857699990272522,0.800000011920929,0.8191999793052673,50463,0.0,0.0
2023-02-02 10:30:00-05:00,0.8174999952316284,0.839900016784668,0.8149999976158142,0.8299999833106995,43981,0.0,0.0
2023-02-02 11:30:00-05:00,0.8299999833106995,0.8388000130653381,0.8149999976158142,0.8291000127792358,50723,0.0,0.0
2023-02-02 12:30:00-05:00,0.8291000127792358,0.8392999768257141,0.8248999714851379,0.8334000110626221,36597,0.0,0.0
2023-02-02 13:30:00-05:00,0.8319000005722046,0.8406000137329102,0.8097000122070312,0.8255000114440918,54964,0.0,0.0
2023-02-02 14:30:00-05:00,0.8224999904632568,0.8324999809265137,0.8098000288009644,0.830299973487854,23826,0.0,0.0
2023-02-02 15:30:00-05:00,0.830299973487854,0.8500000238418579,0.8258000016212463,0.848800003528595,28582,0.0,0.0
2023-02-03 09:30:00-05:00,0.8299999833106995,0.8299999833106995,0.800000011920929,0.8199999928474426,44031,0.0,0.0
2023-02-03 10:30:00-05:00,0.8029999732971191,0.8299000263214111,0.7900000214576721,0.8223000168800354,52670,0.0,0.0
2023-02-03 11:30:00-05:00,0.8223000168800354,0.8339999914169312,0.8050000071525574,0.8269000053405762,44192,0.0,0.0
2023-02-03 12:30:00-05:00,0.8216999769210815,0.828000009059906,0.8130999803543091,0.8230000138282776,4071,0.0,0.0
2023-02-03 13:30:00-05:00,0.8130000233650208,0.8216999769210815,0.8050000071525574,0.8133000135421753,20156,0.0,0.0
2023-02-03 14:30:00-05:00,0.8174499869346619,0.8224999904632568,0.8133000135421753,0.8224999904632568,19485,0.0,0.0
2023-02-03 15:30:00-05:00,0.8206999897956848,0.8339999914169312,0.8139010071754456,0.8199999928474426,10630,0.0,0.0
2023-02-06 09:30:00-05:00,0.8367999792098999,0.8500000238418579,0.7799999713897705,0.8215000033378601,29525,0.0,0.0
2023-02-06 10:30:00-05:00,0.8109999895095825,0.8220999836921692,0.800000011920929,0.8153499960899353,7246,0.0,0.0
2023-02-06 11:30:00-05:00,0.8153499960899353,0.8198999762535095,0.8083999752998352,0.8083999752998352,28627,0.0,0.0
2023-02-06 12:30:00-05:00,0.8083999752998352,0.8098989725112915,0.7900000214576721,0.7986999750137329,25768,0.0,0.0
2023-02-06 13:30:00-05:00,0.7900000214576721,0.8349999785423279,0.7900000214576721,0.8181999921798706,36876,0.0,0.0
2023-02-06 14:30:00-05:00,0.8181999921798706,0.828000009059906,0.8019610047340393,0.8019610047340393,9266,0.0,0.0
2023-02-06 15:30:00-05:00,0.8033000230789185,0.8277999758720398,0.781499981880188,0.8216000199317932,97433,0.0,0.0
2023-02-07 09:30:00-05:00,0.8100000023841858,0.8500000238418579,0.8100000023841858,0.830299973487854,36631,0.0,0.0
2023-02-07 10:30:00-05:00,0.8209999799728394,0.8385000228881836,0.8209999799728394,0.8342499732971191,9288,0.0,0.0
2023-02-07 11:30:00-05:00,0.8342499732971191,0.8392999768257141,0.8299999833106995,0.8339999914169312,10818,0.0,0.0
2023-02-07 12:30:00-05:00,0.8295000195503235,0.8499000072479248,0.8295000195503235,0.8442500233650208,39007,0.0,0.0
2023-02-07 13:30:00-05:00,0.8385000228881836,0.8385000228881836,0.8105999827384949,0.8291000127792358,18127,0.0,0.0
2023-02-07 14:30:00-05:00,0.8246999979019165,0.8499000072479248,0.8246999979019165,0.8295000195503235,26181,0.0,0.0
2023-02-07 15:30:00-05:00,0.8400499820709229,0.8500000238418579,0.8299999833106995,0.8497999906539917,39573,0.0,0.0
2023-02-08 09:30:00-05:00,0.8500000238418579,0.8799999952316284,0.835099995136261,0.8723310232162476,52204,0.0,0.0
2023-02-08 10:30:00-05:00,0.8700000047683716,0.8799999952316284,0.848800003528595,0.8600000143051147,52874,0.0,0.0
2023-02-08 11:30:00-05:00,0.868149995803833,0.8704000115394592,0.8410999774932861,0.8600000143051147,48770,0.0,0.0
2023-02-08 12:30:00-05:00,0.8529999852180481,0.8636000156402588,0.8454999923706055,0.8500000238418579,47965,0.0,0.0
2023-02-08 13:30:00-05:00,0.8596000075340271,0.8698999881744385,0.8410000205039978,0.8547999858856201,83908,0.0,0.0
2023-02-08 14:30:00-05:00,0.8500000238418579,0.8596000075340271,0.8199999928474426,0.8500000238418579,139107,0.0,0.0
2023-02-08 15:30:00-05:00,0.8492000102996826,0.8567000031471252,0.8424000144004822,0.8424000144004822,86835,0.0,0.0
2023-02-09 09:30:00-05:00,0.8500000238418579,0.8877000212669373,0.8500000238418579,0.853600025177002,44097,0.0,0.0
2023-02-09 10:30:00-05:00,0.8543000221252441,0.8565000295639038,0.8422999978065491,0.8507000207901001,18271,0.0,0.0
2023-02-09 11:30:00-05:00,0.8507999777793884,0.8550000190734863,0.7961000204086304,0.8450000286102295,104956,0.0,0.0
2023-02-09 12:30:00-05:00,0.8495000004768372,0.8500000238418579,0.8495000004768372,0.8500000238418579,4767,0.0,0.0
2023-02-09 13:30:00-05:00,0.8500000238418579,0.8550000190734863,0.8424999713897705,0.8449000120162964,65513,0.0,0.0
2023-02-09 14:30:00-05:00,0.8449000120162964,0.8700000047683716,0.8367000222206116,0.8600000143051147,825749,0.0,0.0
2023-02-09 15:30:00-05:00,0.8709999918937683,0.9200000166893005,0.8600000143051147,0.9100000262260437,276949,0.0,0.0
2023-02-10 09:30:00-05:00,0.9294000267982483,0.9700000286102295,0.9122999906539917,0.9269000291824341,307541,0.0,0.0
2023-02-10 10:30:00-05:00,0.9200000166893005,0.9327999949455261,0.8989999890327454,0.9200000166893005,77532,0.0,0.0
2023-02-10 11:30:00-05:00,0.9100000262260437,0.9362000226974487,0.8999999761581421,0.9139999747276306,45999,0.0,0.0
2023-02-10 12:30:00-05:00,0.9167500138282776,0.9236000180244446,0.9045000076293945,0.9061499834060669,158362,0.0,0.0
2023-02-10 13:30:00-05:00,0.9061999917030334,0.9362999796867371,0.9016000032424927,0.9362000226974487,47234,0.0,0.0
2023-02-10 14:30:00-05:00,0.9200000166893005,0.9362999796867371,0.9200000166893005,0.9279000163078308,26076,0.0,0.0
2023-02-10 15:30:00-05:00,0.9240000247955322,0.9415000081062317,0.9050999879837036,0.9340999722480774,50616,0.0,0.0
2023-02-13 09:30:00-05:00,0.9700000286102295,0.9767000079154968,0.8733000159263611,0.9085999727249146,127774,0.0,0.0
2023-02-13 10:30:00-05:00,0.9086999893188477,0.9175999760627747,0.9085999727249146,0.9175999760627747,13355,0.0,0.0
2023-02-13 11:30:00-05:00,0.9175999760627747,0.9300000071525574,0.8930000066757202,0.929099977016449,48470,0.0,0.0
2023-02-13 12:30:00-05:00,0.9245499968528748,0.9291999936103821,0.9200000166893005,0.9244999885559082,4393,0.0,0.0
2023-02-13 13:30:00-05:00,0.9244999885559082,0.9350000023841858,0.9125000238418579,0.9125000238418579,14922,0.0,0.0
2023-02-13 14:30:00-05:00,0.9125099778175354,0.9175999760627747,0.9100000262260437,0.9100000262260437,11954,0.0,0.0
2023-02-13 15:30:00-05:00,0.9175000190734863,0.9329000115394592,0.9075000286102295,0.9246000051498413,32823,0.0,0.0
2023-02-14 09:30:00-05:00,0.9399999976158142,0.9491999745368958,0.909500002861023,0.9143000245094299,432699,0.0,0.0
2023-02-14 10:30:00-05:00,0.909500002861023,0.9498999714851379,0.8999999761581421,0.9445000290870667,280331,0.0,0.0
2023-02-14 11:30:00-05:00,0.9491999745368958,0.949999988079071,0.9284499883651733,0.9429000020027161,200008,0.0,0.0
2023-02-14 12:30:00-05:00,0.9459999799728394,0.9567000269889832,0.9383000135421753,0.9528499841690063,266858,0.0,0.0
2023-02-14 13:30:00-05:00,0.95660001039505,0.95660001039505,0.9319000244140625,0.9463000297546387,42507,0.0,0.0
2023-02-14 14:30:00-05:00,0.946399986743927,0.9666000008583069,0.9448999762535095,0.9666000008583069,29358,0.0,0.0
2023-02-14 15:30:00-05:00,0.9629999995231628,0.9649999737739563,0.9463000297546387,0.9584000110626221,100654,0.0,0.0
2023-02-15 09:30:00-05:00,0.9699000120162964,1.0,0.949999988079071,0.9700000286102295,88439,0.0,0.0
2023-02-15 10:30:00-05:00,0.9602000117301941,0.9761000275611877,0.9602000117301941,0.9706000089645386,24085,0.0,0.0
2023-02-15 11:30:00-05:00,0.9700000286102295,0.9808499813079834,0.949999988079071,0.9646000266075134,51856,0.0,0.0
2023-02-15 12:30:00-05:00,0.9646999835968018,0.989799976348877,0.9556000232696533,0.982200026512146,8374,0.0,0.0
2023-02-15 13:30:00-05:00,0.9853990077972412,0.9854000210762024,0.949999988079071,0.9746999740600586,6945,0.0,0.0
2023-02-15 14:30:00-05:00,0.9685999751091003,0.9760000109672546,0.9599999785423279,0.9599999785423279,16002,0.0,0.0
2023-02-15 15:30:00-05:00,0.9599000215530396,0.9818999767303467,0.9599000215530396,0.9678999781608582,23053,0.0,0.0
2023-02-16 09:30:00-05:00,0.9700000286102295,0.9900000095367432,0.9572499990463257,0.9733999967575073,129987,0.0,0.0
2023-02-16 10:30:00-05:00,0.9800000190734863,0.9839000105857849,0.9609000086784363,0.9804999828338623,45333,0.0,0.0
2023-02-16 11:30:00-05:00,0.9807000160217285,0.9839000105857849,0.9710999727249146,0.9793999791145325,19016,0.0,0.0
2023-02-16 12:30:00-05:00,0.9794999957084656,0.9898999929428101,0.9710999727249146,0.9812999963760376,34206,0.0,0.0
2023-02-16 13:30:00-05:00,0.9824000000953674,0.9829999804496765,0.9710999727249146,0.982699990272522,15995,0.0,0.0
2023-02-16 14:30:00-05:00,0.9792500138282776,0.9829999804496765,0.9754999876022339,0.979200005531311,139911,0.0,0.0
2023-02-16 15:30:00-05:00,0.9771000146865845,0.9829999804496765,0.9710999727249146,0.9797000288963318,41712,0.0,0.0
2023-02-17 09:30:00-05:00,0.9599999785423279,0.9898999929428101,0.9587510228157043,0.9649999737739563,32546,0.0,0.0
2023-02-17 10:30:00-05:00,0.9649999737739563,0.9794999957084656,0.9549999833106995,0.9621000289916992,20357,0.0,0.0
2023-02-17 11:30:00-05:00,0.9549999833106995,0.9700000286102295,0.9344000220298767,0.9563999772071838,27820,0.0,0.0
2023-02-17 12:30:00-05:00,0.942799985408783,0.9713500142097473,0.942799985408783,0.97079998254776,16824,0.0,0.0
2023-02-17 13:30:00-05:00,0.9563999772071838,0.9700000286102295,0.942799985408783,0.9563999772071838,8716,0.0,0.0
2023-02-17 14:30:00-05:00,0.9563999772071838,0.9621999859809875,0.9373000264167786,0.9373000264167786,12950,0.0,0.0
2023-02-17 15:30:00-05:00,0.9406999945640564,0.9708999991416931,0.9406999945640564,0.9648000001907349,23806,0.0,0.0
2023-02-21 09:30:00-05:00,0.9402999877929688,0.9699000120162964,0.8899999856948853,0.9149489998817444,90153,0.0,0.0
2023-02-21 10:30:00-05:00,0.9198989868164062,0.9594230055809021,0.8902990221977234,0.9229999780654907,119388,0.0,0.0
2023-02-21 11:30:00-05:00,0.916100025177002,0.9298999905586243,0.9014000296592712,0.9147999882698059,39644,0.0,0.0
2023-02-21 12:30:00-05:00,0.9147999882698059,0.9599999785423279,0.9100000262260437,0.9275000095367432,46013,0.0,0.0
2023-02-21 13:30:00-05:00,0.9251000285148621,0.9275000095367432,0.8999999761581421,0.9075000286102295,12064,0.0,0.0
2023-02-21 14:30:00-05:00,0.9075000286102295,0.9599000215530396,0.9075000286102295,0.9599000215530396,41426,0.0,0.0
2023-02-21 15:30:00-05:00,0.9399999976158142,0.9732999801635742,0.9200000166893005,0.9495999813079834,68924,0.0,0.0
2023-02-22 09:30:00-05:00,0.9100000262260437,0.9660999774932861,0.8632000088691711,0.8799999952316284,146253,0.0,0.0
2023-02-22 10:30:00-05:00,0.8799999952316284,0.9399999976158142,0.8799999952316284,0.9354000091552734,58023,0.0,0.0
2023-02-22 11:30:00-05:00,0.9267500042915344,0.9419000148773193,0.910099983215332,0.92330002784729,32774,0.0,0.0
2023-02-22 12:30:00-05:00,0.9300000071525574,0.9300000071525574,0.9055500030517578,0.9110999703407288,33966,0.0,0.0
2023-02-22 13:30:00-05:00,0.9110999703407288,0.925000011920929,0.9010000228881836,0.9049999713897705,22140,0.0,0.0
2023-02-22 14:30:00-05:00,0.9002000093460083,0.925000011920929,0.8700000047683716,0.8700000047683716,44676,0.0,0.0
2023-02-22 15:30:00-05:00,0.8949000239372253,0.9100000262260437,0.8751000165939331,0.8838000297546387,52199,0.0,0.0
2023-02-23 09:30:00-05:00,0.9046000242233276,0.9458000063896179,0.9046000242233276,0.9157000184059143,29075,0.0,0.0
2023-02-23 10:30:00-05:00,0.904699981212616,0.9265999794006348,0.8899000287055969,0.8999999761581421,50660,0.0,0.0
2023-02-23 11:30:00-05:00,0.8999999761581421,0.9003999829292297,0.8672999739646912,0.8985000252723694,51019,0.0,0.0
2023-02-23 12:30:00-05:00,0.8985000252723694,0.9089999794960022,0.8820000290870667,0.9035000205039978,16676,0.0,0.0
2023-02-23 13:30:00-05:00,0.9089999794960022,0.9090999960899353,0.8883000016212463,0.8999999761581421,42120,0.0,0.0
2023-02-23 14:30:00-05:00,0.902999997138977,0.9398999810218811,0.8999999761581421,0.9301000237464905,54443,0.0,0.0
2023-02-23 15:30:00-05:00,0.9319000244140625,0.9319000244140625,0.9194999933242798,0.9297000169754028,16092,0.0,0.0
2023-02-24 09:30:00-05:00,0.9399999976158142,0.9524000287055969,0.8840000033378601,0.9300000071525574,48518,0.0,0.0
2023-02-24 10:30:00-05:00,0.9350000023841858,0.9350000023841858,0.9200000166893005,0.9296000003814697,16292,0.0,0.0
2023-02-24 11:30:00-05:00,0.9322999715805054,0.9399999976158142,0.9121999740600586,0.9383999705314636,23216,0.0,0.0
2023-02-24 12:30:00-05:00,0.9383999705314636,0.9399999976158142,0.9121999740600586,0.9399999976158142,8406,0.0,0.0
2023-02-24 13:30:00-05:00,0.9399999976158142,0.9399999976158142,0.9121999740600586,0.9150000214576721,28645,0.0,0.0
2023-02-24 14:30:00-05:00,0.9272500276565552,0.9394999742507935,0.9121999740600586,0.9121999740600586,17619,0.0,0.0
2023-02-24 15:30:00-05:00,0.925849974155426,0.9394999742507935,0.9121999740600586,0.9150999784469604,24446,0.0,0.0
2023-02-27 09:30:00-05:00,0.949999988079071,0.9800000190734863,0.9168999791145325,0.9549000263214111,307759,0.0,0.0
2023-02-27 10:30:00-05:00,0.9559000134468079,0.9649999737739563,0.949999988079071,0.9599999785423279,37456,0.0,0.0
2023-02-27 11:30:00-05:00,0.9563999772071838,0.9700000286102295,0.9415000081062317,0.9509999752044678,83643,0.0,0.0
2023-02-27 12:30:00-05:00,0.9531000256538391,0.9585999846458435,0.930899977684021,0.930899977684021,39808,0.0,0.0
2023-02-27 13:30:00-05:00,0.9300000071525574,0.949999988079071,0.8784999847412109,0.8812500238418579,87292,0.0,0.0
2023-02-27 14:30:00-05:00,0.8809009790420532,0.9253000020980835,0.8539000153541565,0.8865000009536743,176139,0.0,0.0
2023-02-27 15:30:00-05:00,0.8899999856948853,0.925000011920929,0.8671000003814697,0.9204000234603882,99999,0.0,0.0
2023-02-28 09:30:00-05:00,0.8999999761581421,0.9279000163078308,0.880299985408783,0.8999999761581421,13018,0.0,0.0
2023-02-28 10:30:00-05:00,0.9161999821662903,0.9200000166893005,0.8895000219345093,0.9200000166893005,12883,0.0,0.0
2023-02-28 11:30:00-05:00,0.9200000166893005,0.9200000166893005,0.8895000219345093,0.9000999927520752,9337,0.0,0.0
2023-02-28 12:30:00-05:00,0.9100000262260437,0.925000011920929,0.8999999761581421,0.9126999974250793,4026,0.0,0.0
2023-02-28 13:30:00-05:00,0.925000011920929,0.925000011920929,0.9126999974250793,0.9128000140190125,5826,0.0,0.0
2023-02-28 14:30:00-05:00,0.9200000166893005,0.9200000166893005,0.8820000290870667,0.9042999744415283,29066,0.0,0.0
2023-02-28 15:30:00-05:00,0.9121999740600586,0.9200000166893005,0.8960999846458435,0.8999999761581421,6511,0.0,0.0
2023-03-01 09:30:00-05:00,0.9200000166893005,0.9200000166893005,0.8859999775886536,0.8899999856948853,8666,0.0,0.0
2023-03-01 10:30:00-05:00,0.8899999856948853,0.917900025844574,0.8899999856948853,0.9040499925613403,6654,0.0,0.0
2023-03-01 11:30:00-05:00,0.8998000025749207,0.8998000025749207,0.8849999904632568,0.8899999856948853,20071,0.0,0.0
2023-03-01 12:30:00-05:00,0.8998000025749207,0.9014999866485596,0.8974000215530396,0.9014999866485596,6763,0.0,0.0
2023-03-01 13:30:00-05:00,0.8980000019073486,0.8998000025749207,0.8899999856948853,0.8899999856948853,22586,0.0,0.0
2023-03-01 14:30:00-05:00,0.8737000226974487,0.8988000154495239,0.8629699945449829,0.8844000101089478,18031,0.0,0.0
2023-03-01 15:30:00-05:00,0.8792999982833862,0.8999000191688538,0.871399998664856,0.888700008392334,15477,0.0,0.0
2023-03-02 09:30:00-05:00,0.8700000047683716,0.8980000019073486,0.8464000225067139,0.8980000019073486,0,0.0,0.0
2023-03-02 10:30:00-05:00,0.8913000226020813,0.8917989730834961,0.8794999718666077,0.8794999718666077,31121,0.0,0.0
2023-03-02 11:30:00-05:00,0.8794999718666077,0.8959000110626221,0.8794999718666077,0.8918499946594238,4485,0.0,0.0
2023-03-02 12:30:00-05:00,0.8941500186920166,0.8941500186920166,0.879800021648407,0.8841999769210815,29023,0.0,0.0
2023-03-02 13:30:00-05:00,0.8841999769210815,0.9017000198364258,0.8652999997138977,0.9017000198364258,125029,0.0,0.0
2023-03-02 14:30:00-05:00,0.8934000134468079,0.8960999846458435,0.8701000213623047,0.8865000009536743,32837,0.0,0.0
2023-03-02 15:30:00-05:00,0.8805000185966492,0.8865000009536743,0.8700000047683716,0.8827000260353088,0,0.0,0.0
2023-03-03 09:30:00-05:00,0.8700000047683716,0.9086999893188477,0.8550000190734863,0.8899000287055969,5865,0.0,0.0
2023-03-03 10:30:00-05:00,0.8799999952316284,0.8897989988327026,0.8799999952316284,0.8799999952316284,2240,0.0,0.0
2023-03-03 11:30:00-05:00,0.8867999911308289,0.8899000287055969,0.8799999952316284,0.8848999738693237,4300,0.0,0.0
2023-03-03 12:30:00-05:00,0.8956999778747559,0.9085000157356262,0.887499988079071,0.9014999866485596,17341,0.0,0.0
2023-03-03 13:30:00-05:00,0.90420001745224,0.9068999886512756,0.8849999904632568,0.8901000022888184,17205,0.0,0.0
2023-03-03 14:30:00-05:00,0.8899999856948853,0.8899999856948853,0.870199978351593,0.8859000205993652,8890,0.0,0.0
2023-03-03 15:30:00-05:00,0.8849999904632568,0.901199996471405,0.8801000118255615,0.901199996471405,13885,0.0,0.0
2023-03-06 09:30:00-05:00,0.9150000214576721,0.9498999714851379,0.9150000214576721,0.9366499781608582,20292,0.0,0.0
2023-03-06 10:30:00-05:00,0.9366499781608582,0.9399999976158142,0.9150000214576721,0.9290000200271606,52955,0.0,0.0
2023-03-06 11:30:00-05:00,0.9277989864349365,0.9300000071525574,0.927299976348877,0.9300000071525574,27492,0.0,0.0
2023-03-06 12:30:00-05:00,0.9300000071525574,0.9347000122070312,0.9279999732971191,0.9308500289916992,28859,0.0,0.0
2023-03-06 13:30:00-05:00,0.9284999966621399,0.9424499869346619,0.9277999997138977,0.9394999742507935,39267,0.0,0.0
2023-03-06 14:30:00-05:00,0.9370999932289124,0.9378499984741211,0.923799991607666,0.932699978351593,33109,0.0,0.0
2023-03-06 15:30:00-05:00,0.9311000108718872,0.9559999704360962,0.920799970626831,0.9399999976158142,46316,0.0,0.0
2023-03-07 09:30:00-05:00,0.9200000166893005,0.9366999864578247,0.9150000214576721,0.9244999885559082,0,0.0,0.0
2023-03-07 10:30:00-05:00,0.9200000166893005,0.9258999824523926,0.8650000095367432,0.8650000095367432,38706,0.0,0.0
2023-03-07 11:30:00-05:00,0.9176999926567078,0.9176999926567078,0.8809999823570251,0.9176999926567078,6848,0.0,0.0
2023-03-07 12:30:00-05:00,0.9150000214576721,0.9150000214576721,0.8949999809265137,0.8949999809265137,3651,0.0,0.0
2023-03-07 13:30:00-05:00,0.8913000226020813,0.9168999791145325,0.8859999775886536,0.9164000153541565,8880,0.0,0.0
2023-03-07 14:30:00-05:00,0.9100000262260437,0.9161999821662903,0.8999000191688538,0.9093000292778015,5637,0.0,0.0
2023-03-07 15:30:00-05:00,0.902999997138977,0.9284999966621399,0.902999997138977,0.9284999966621399,11453,0.0,0.0
2023-03-08 09:30:00-05:00,0.8799999952316284,0.9132999777793884,0.8700000047683716,0.8902000188827515,43181,0.0,0.0
2023-03-08 10:30:00-05:00,0.8907999992370605,0.9003000259399414,0.8799999952316284,0.9002000093460083,7802,0.0,0.0
2023-03-08 11:30:00-05:00,0.8902000188827515,0.9003999829292297,0.8799999952316284,0.8899499773979187,2889,0.0,0.0
2023-03-08 12:30:00-05:00,0.8902000188827515,0.9003999829292297,0.8700000047683716,0.8701000213623047,51174,0.0,0.0
2023-03-08 13:30:00-05:00,0.8701000213623047,0.8808000087738037,0.8465999960899353,0.8741000294685364,110686,0.0,0.0
2023-03-08 14:30:00-05:00,0.8799999952316284,0.8808000087738037,0.8665000200271606,0.8716999888420105,27906,0.0,0.0
2023-03-08 15:30:00-05:00,0.8734999895095825,0.8808000087738037,0.8723999857902527,0.8756999969482422,25664,0.0,0.0
2023-03-09 09:30:00-05:00,0.8999999761581421,0.8999999761581421,0.8550000190734863,0.8700000047683716,17351,0.0,0.0
2023-03-09 10:30:00-05:00,0.8790000081062317,0.8899999856948853,0.8700000047683716,0.8878999948501587,6209,0.0,0.0
2023-03-09 11:30:00-05:00,0.8878999948501587,0.9269999861717224,0.8600000143051147,0.8726990222930908,19068,0.0,0.0
2023-03-09 12:30:00-05:00,0.8608999848365784,0.869700014591217,0.8299999833106995,0.8536999821662903,24382,0.0,0.0
2023-03-09 13:30:00-05:00,0.8568999767303467,0.8654000163078308,0.8300999999046326,0.8300999999046326,21271,0.0,0.0
2023-03-09 14:30:00-05:00,0.8300999999046326,0.840399980545044,0.7900000214576721,0.8245000243186951,35336,0.0,0.0
2023-03-09 15:30:00-05:00,0.800000011920929,0.8572999835014343,0.800000011920929,0.824400007724762,13564,0.0,0.0
2023-03-10 09:30:00-05:00,0.8131999969482422,0.8585929870605469,0.7210000157356262,0.7777000069618225,0,0.0,0.0
2023-03-10 10:30:00-05:00,0.7700999975204468,0.7894999980926514,0.7599999904632568,0.7894989848136902,124119,0.0,0.0
2023-03-10 11:30:00-05:00,0.7894999980926514,0.7894999980926514,0.6800000071525574,0.696399986743927,243839,0.0,0.0
2023-03-10 12:30:00-05:00,0.6972500085830688,0.7283999919891357,0.6972500085830688,0.6998999714851379,22914,0.0,0.0
2023-03-10 13:30:00-05:00,0.6999499797821045,0.7141000032424927,0.6899999976158142,0.6901500225067139,100548,0.0,0.0
2023-03-10 14:30:00-05:00,0.6899999976158142,0.701200008392334,0.6800000071525574,0.6978999972343445,44838,0.0,0.0
2023-03-10 15:30:00-05:00,0.6976000070571899,0.7215999960899353,0.6703000068664551,0.7214000225067139,95417,0.0,0.0
2023-03-13 09:30:00-04:00,0.7542999982833862,0.7542999982833862,0.6899999976158142,0.7300000190734863,58839,0.0,0.0
2023-03-13 10:30:00-04:00,0.7300000190734863,0.7400000095367432,0.7300000190734863,0.7301999926567078,22470,0.0,0.0
2023-03-13 11:30:00-04:00,0.7360000014305115,0.7360000014305115,0.7300999760627747,0.7301999926567078,14999,0.0,0.0
2023-03-13 12:30:00-04:00,0.7301999926567078,0.7398989796638489,0.7300000190734863,0.7300000190734863,13814,0.0,0.0
2023-03-13 13:30:00-04:00,0.7300000190734863,0.7400000095367432,0.7300000190734863,0.7317000031471252,17326,0.0,0.0
2023-03-13 14:30:00-04:00,0.7300000190734863,0.7398999929428101,0.7300000190734863,0.7300000190734863,11701,0.0,0.0
2023-03-13 15:30:00-04:00,0.7300999760627747,0.7580999732017517,0.7300999760627747,0.7475000023841858,50353,0.0,0.0
2023-03-14 09:30:00-04:00,0.75,0.800000011920929,0.75,0.7800999879837036,8624,0.0,0.0
2023-03-14 10:30:00-04:00,0.7802000045776367,0.800000011920929,0.7667999863624573,0.7685999870300293,18294,0.0,0.0
2023-03-14 11:30:00-04:00,0.7685999870300293,0.7825999855995178,0.7250000238418579,0.7511500120162964,51438,0.0,0.0
2023-03-14 12:30:00-04:00,0.7536500096321106,0.7585999965667725,0.7527009844779968,0.7585999965667725,4008,0.0,0.0
2023-03-14 13:30:00-04:00,0.7585999965667725,0.7750999927520752,0.7495999932289124,0.75204998254776,9104,0.0,0.0
2023-03-14 14:30:00-04:00,0.7567999958992004,0.7709000110626221,0.7465000152587891,0.7656000256538391,28650,0.0,0.0
2023-03-14 15:30:00-04:00,0.7537999749183655,0.7778000235557556,0.7440000176429749,0.7617999911308289,39132,0.0,0.0
2023-03-15 09:30:00-04:00,0.7099999785423279,0.7599999904632568,0.7099999785423279,0.747501015663147,5711,0.0,0.0
2023-03-15 10:30:00-04:00,0.7599999904632568,0.7599999904632568,0.7301009893417358,0.75,1461,0.0,0.0
2023-03-15 11:30:00-04:00,0.7301009893417358,0.75,0.708299994468689,0.7404999732971191,39517,0.0,0.0
2023-03-15 12:30:00-04:00,0.7400000095367432,0.7400000095367432,0.7300000190734863,0.7353000044822693,5051,0.0,0.0
2023-03-15 13:30:00-04:00,0.7350000143051147,0.7386999726295471,0.7300000190734863,0.7386999726295471,51490,0.0,0.0
2023-03-15 14:30:00-04:00,0.7376000285148621,0.7386999726295471,0.7300000190734863,0.7311999797821045,6911,0.0,0.0
2023-03-15 15:30:00-04:00,0.7445999979972839,0.7476999759674072,0.7214999794960022,0.7300999760627747,20552,0.0,0.0
2023-03-16 09:30:00-04:00,0.7300000190734863,0.7300000190734863,0.6899999976158142,0.7081000208854675,46507,0.0,0.0
2023-03-16 10:30:00-04:00,0.7299000024795532,0.7299000024795532,0.7056000232696533,0.7056000232696533,7046,0.0,0.0
2023-03-16 11:30:00-04:00,0.7056999802589417,0.7275000214576721,0.7056999802589417,0.7275000214576721,4359,0.0,0.0
2023-03-16 12:30:00-04:00,0.71670001745224,0.7275999784469604,0.7166000008583069,0.7167999744415283,18720,0.0,0.0
2023-03-16 13:30:00-04:00,0.7239999771118164,0.7239999771118164,0.71670001745224,0.71670001745224,4726,0.0,0.0
2023-03-16 14:30:00-04:00,0.71670001745224,0.7300000190734863,0.7166000008583069,0.71670001745224,13737,0.0,0.0
2023-03-16 15:30:00-04:00,0.71670001745224,0.7346000075340271,0.7166000008583069,0.725600004196167,10434,0.0,0.0
2023-03-17 09:30:00-04:00,0.7300000190734863,0.7599999904632568,0.7300000190734863,0.7300000190734863,6170,0.0,0.0
2023-03-17 10:30:00-04:00,0.7301999926567078,0.7498999834060669,0.699999988079071,0.7044000029563904,15592,0.0,0.0
2023-03-17 11:30:00-04:00,0.7044000029563904,0.7246999740600586,0.6899999976158142,0.7246999740600586,9757,0.0,0.0
2023-03-17 12:30:00-04:00,0.7247999906539917,0.7247999906539917,0.6901000142097473,0.6987000107765198,4265,0.0,0.0
2023-03-17 13:30:00-04:00,0.7057999968528748,0.7089999914169312,0.6899999976158142,0.7089999914169312,3377,0.0,0.0
2023-03-17 14:30:00-04:00,0.6949999928474426,0.7055000066757202,0.6899999976158142,0.6899999976158142,5356,0.0,0.0
2023-03-17 15:30:00-04:00,0.69964998960495,0.7092999815940857,0.6424999833106995,0.6700000166893005,96219,0.0,0.0
2023-03-20 09:30:00-04:00,0.6499999761581421,0.6992999911308289,0.6399999856948853,0.6899999976158142,62759,0.0,0.0
2023-03-20 10:30:00-04:00,0.6998000144958496,0.6998000144958496,0.5799999833106995,0.6292999982833862,420068,0.0,0.0
2023-03-20 11:30:00-04:00,0.6248000264167786,0.65420001745224,0.6201000213623047,0.65420001745224,49997,0.0,0.0
2023-03-20 12:30:00-04:00,0.6550999879837036,0.6699000000953674,0.642799973487854,0.642799973487854,18776,0.0,0.0
2023-03-20 13:30:00-04:00,0.642799973487854,0.6772000193595886,0.6330999732017517,0.6401000022888184,19635,0.0,0.0
2023-03-20 14:30:00-04:00,0.6401000022888184,0.6460999846458435,0.612500011920929,0.625,30297,0.0,0.0
2023-03-20 15:30:00-04:00,0.635200023651123,0.6379500031471252,0.625,0.6265000104904175,14768,0.0,0.0
2023-03-21 09:30:00-04:00,0.6377000212669373,0.6671000123023987,0.6251009702682495,0.6632000207901001,49118,0.0,0.0
2023-03-21 10:30:00-04:00,0.6480000019073486,0.6676999926567078,0.6480000019073486,0.6614000201225281,11094,0.0,0.0
2023-03-21 11:30:00-04:00,0.6614000201225281,0.7181000113487244,0.6500999927520752,0.7181000113487244,38308,0.0,0.0
2023-03-21 12:30:00-04:00,0.6894749999046326,0.7103999853134155,0.6600000262260437,0.6837000250816345,13364,0.0,0.0
2023-03-21 13:30:00-04:00,0.671999990940094,0.6894999742507935,0.6600000262260437,0.675000011920929,10364,0.0,0.0
2023-03-21 14:30:00-04:00,0.6894999742507935,0.7174000144004822,0.6600000262260437,0.6990000009536743,15040,0.0,0.0
2023-03-21 15:30:00-04:00,0.7174000144004822,0.7174000144004822,0.6868000030517578,0.6868000030517578,13125,0.0,0.0
2023-03-22 09:30:00-04:00,0.6956999897956848,0.7195000052452087,0.6850000023841858,0.7195000052452087,4564,0.0,0.0
2023-03-22 10:30:00-04:00,0.7099999785423279,0.7196000218391418,0.7014999985694885,0.7196000218391418,1357,0.0,0.0
2023-03-22 11:30:00-04:00,0.7001000046730042,0.7196000218391418,0.6899999976158142,0.6899999976158142,8073,0.0,0.0
2023-03-22 12:30:00-04:00,0.7034000158309937,0.7049999833106995,0.6899999976158142,0.7049999833106995,1619,0.0,0.0
2023-03-22 13:30:00-04:00,0.7138000130653381,0.7200000286102295,0.7049999833106995,0.7179999947547913,35591,0.0,0.0
2023-03-22 14:30:00-04:00,0.7179999947547913,0.7232999801635742,0.7139999866485596,0.7195500135421753,15964,0.0,0.0
2023-03-22 15:30:00-04:00,0.7142000198364258,0.7210999727249146,0.7117999792098999,0.7200999855995178,14850,0.0,0.0
2023-03-23 09:30:00-04:00,0.7200000286102295,0.7649999856948853,0.7099999785423279,0.7099999785423279,13177,0.0,0.0
2023-03-23 10:30:00-04:00,0.746999979019165,0.7470999956130981,0.710099995136261,0.7336000204086304,5686,0.0,0.0
2023-03-23 11:30:00-04:00,0.7336000204086304,0.7470999956130981,0.710099995136261,0.7200000286102295,10162,0.0,0.0
2023-03-23 12:30:00-04:00,0.7200000286102295,0.75,0.710099995136261,0.7200000286102295,4036,0.0,0.0
2023-03-23 13:30:00-04:00,0.7200000286102295,0.7300000190734863,0.7200000286102295,0.7200000286102295,3296,0.0,0.0
2023-03-23 14:30:00-04:00,0.7200000286102295,0.728600025177002,0.710099995136261,0.7254999876022339,2986,0.0,0.0
2023-03-23 15:30:00-04:00,0.7225000262260437,0.7348999977111816,0.710099995136261,0.7250000238418579,11176,0.0,0.0
2023-03-24 09:30:00-04:00,0.7300000190734863,0.7300000190734863,0.7099999785423279,0.7199000120162964,4880,0.0,0.0
2023-03-24 10:30:00-04:00,0.7099999785423279,0.7099999785423279,0.7050999999046326,0.7050999999046326,24688,0.0,0.0
2023-03-24 11:30:00-04:00,0.7163000106811523,0.7164000272750854,0.7106999754905701,0.7109000086784363,10212,0.0,0.0
2023-03-24 12:30:00-04:00,0.7109000086784363,0.7164000272750854,0.7050999999046326,0.7050999999046326,4815,0.0,0.0
2023-03-24 13:30:00-04:00,0.7050999999046326,0.7160469889640808,0.7050999999046326,0.7107999920845032,5725,0.0,0.0
2023-03-24 14:30:00-04:00,0.7107999920845032,0.7107999920845032,0.7050999999046326,0.710099995136261,4325,0.0,0.0
2023-03-24 15:30:00-04:00,0.7050999999046326,0.7164000272750854,0.7050999999046326,0.7050999999046326,6640,0.0,0.0
2023-03-27 09:30:00-04:00,0.699999988079071,0.699999988079071,0.6800000071525574,0.6902999877929688,19552,0.0,0.0
2023-03-27 10:30:00-04:00,0.6943089962005615,0.6998999714851379,0.6866000294685364,0.6899999976158142,39595,0.0,0.0
2023-03-27 11:30:00-04:00,0.6866000294685364,0.6998999714851379,0.6800000071525574,0.6800000071525574,34311,0.0,0.0
2023-03-27 12:30:00-04:00,0.6800000071525574,0.6931999921798706,0.660099983215332,0.6805999875068665,23528,0.0,0.0
2023-03-27 13:30:00-04:00,0.6811000108718872,0.6899999976158142,0.6801000237464905,0.6829500198364258,29041,0.0,0.0
2023-03-27 14:30:00-04:00,0.6801000237464905,0.6947000026702881,0.6700000166893005,0.6873999834060669,40920,0.0,0.0
2023-03-27 15:30:00-04:00,0.6873999834060669,0.7200000286102295,0.6818000078201294,0.6938999891281128,66077,0.0,0.0
2023-03-28 09:30:00-04:00,0.6840999722480774,0.7200000286102295,0.6682999730110168,0.710099995136261,9419,0.0,0.0
2023-03-28 10:30:00-04:00,0.7099999785423279,0.7099999785423279,0.694100022315979,0.6951000094413757,5586,0.0,0.0
2023-03-28 11:30:00-04:00,0.7106000185012817,0.7106000185012817,0.699999988079071,0.699999988079071,1656,0.0,0.0
2023-03-28 12:30:00-04:00,0.699999988079071,0.7024999856948853,0.6816030144691467,0.6816030144691467,7211,0.0,0.0
2023-03-28 13:30:00-04:00,0.6801000237464905,0.6873999834060669,0.6800000071525574,0.6873999834060669,1483,0.0,0.0
2023-03-28 14:30:00-04:00,0.6873999834060669,0.7032999992370605,0.6800000071525574,0.6924999952316284,26544,0.0,0.0
2023-03-28 15:30:00-04:00,0.7021999955177307,0.7049000263214111,0.6800000071525574,0.6948999762535095,4780,0.0,0.0
2023-03-29 09:30:00-04:00,0.683899998664856,0.7340999841690063,0.683899998664856,0.7099999785423279,17038,0.0,0.0
2023-03-29 10:30:00-04:00,0.7181000113487244,0.7181000113487244,0.699999988079071,0.699999988079071,3010,0.0,0.0
2023-03-29 11:30:00-04:00,0.699999988079071,0.7099000215530396,0.6901000142097473,0.692300021648407,7312,0.0,0.0
2023-03-29 12:30:00-04:00,0.6901000142097473,0.7064989805221558,0.6899999976158142,0.6940000057220459,4847,0.0,0.0
2023-03-29 13:30:00-04:00,0.6940000057220459,0.6988000273704529,0.6759999990463257,0.6759999990463257,1853,0.0,0.0
2023-03-29 14:30:00-04:00,0.6759999990463257,0.685699999332428,0.6759999990463257,0.6800000071525574,1828,0.0,0.0
2023-03-29 15:30:00-04:00,0.6891999840736389,0.6966999769210815,0.6800000071525574,0.6953999996185303,45245,0.0,0.0
2023-03-30 09:30:00-04:00,0.6862000226974487,0.7019510269165039,0.6625000238418579,0.6850000023841858,30554,0.0,0.0
2023-03-30 10:30:00-04:00,0.6850000023841858,0.7013000249862671,0.6850000023841858,0.6850000023841858,28251,0.0,0.0
2023-03-30 11:30:00-04:00,0.6850000023841858,0.7013000249862671,0.6850000023841858,0.6850000023841858,10128,0.0,0.0
2023-03-30 12:30:00-04:00,0.699999988079071,0.699999988079071,0.6850000023841858,0.693149983882904,4112,0.0,0.0
2023-03-30 13:30:00-04:00,0.6850000023841858,0.693149983882904,0.6850000023841858,0.6877999901771545,3564,0.0,0.0
2023-03-30 14:30:00-04:00,0.6930999755859375,0.701200008392334,0.6815000176429749,0.6927000284194946,18534,0.0,0.0
2023-03-30 15:30:00-04:00,0.6919999718666077,0.701200008392334,0.6919999718666077,0.6930000185966492,24839,0.0,0.0
2023-03-31 09:30:00-04:00,0.6899999976158142,0.723800003528595,0.6850000023841858,0.6850000023841858,9861,0.0,0.0
2023-03-31 10:30:00-04:00,0.6955000162124634,0.6955000162124634,0.6650000214576721,0.6801009774208069,59621,0.0,0.0
2023-03-31 11:30:00-04:00,0.6851000189781189,0.7099999785423279,0.6850000023841858,0.7001000046730042,83774,0.0,0.0
2023-03-31 12:30:00-04:00,0.6992999911308289,0.7099000215530396,0.6899999976158142,0.7031000256538391,20970,0.0,0.0
2023-03-31 13:30:00-04:00,0.6980999708175659,0.7092999815940857,0.6930999755859375,0.7092999815940857,12184,0.0,0.0
2023-03-31 14:30:00-04:00,0.7092999815940857,0.7106000185012817,0.7050999999046326,0.707099974155426,32587,0.0,0.0
2023-03-31 15:30:00-04:00,0.7071999907493591,0.7111999988555908,0.7050999999046326,0.7092000246047974,30676,0.0,0.0
2023-04-03 09:30:00-04:00,0.6800000071525574,0.7200000286102295,0.6800000071525574,0.7110000252723694,21585,0.0,0.0
2023-04-03 10:30:00-04:00,0.7126860022544861,0.7149999737739563,0.7126860022544861,0.7149999737739563,437,0.0,0.0
2023-04-03 11:30:00-04:00,0.7110999822616577,0.7117999792098999,0.7009999752044678,0.7009999752044678,6195,0.0,0.0
2023-04-03 12:30:00-04:00,0.7049999833106995,0.7050999999046326,0.6902999877929688,0.6902999877929688,28490,0.0,0.0
2023-04-03 13:30:00-04:00,0.6902999877929688,0.7049999833106995,0.6902999877929688,0.699999988079071,7857,0.0,0.0
2023-04-03 14:30:00-04:00,0.699999988079071,0.7070000171661377,0.699999988079071,0.7059999704360962,5561,0.0,0.0
2023-04-03 15:30:00-04:00,0.7070000171661377,0.7099999785423279,0.699999988079071,0.7050999999046326,52419,0.0,0.0
2023-04-04 09:30:00-04:00,0.7056000232696533,0.7300000190734863,0.6920009851455688,0.7300000190734863,1157,0.0,0.0
2023-04-04 10:30:00-04:00,0.7063999772071838,0.7099999785423279,0.6919999718666077,0.7027000188827515,4990,0.0,0.0
2023-04-04 11:30:00-04:00,0.7020000219345093,0.7024000287055969,0.7020000219345093,0.7020999789237976,982,0.0,0.0
2023-04-04 12:30:00-04:00,0.70660001039505,0.7085000276565552,0.7003999948501587,0.705299973487854,8853,0.0,0.0
2023-04-04 13:30:00-04:00,0.705299973487854,0.7150999903678894,0.7009999752044678,0.7009999752044678,50660,0.0,0.0
2023-04-04 14:30:00-04:00,0.7009999752044678,0.7102000117301941,0.6963000297546387,0.70660001039505,6159,0.0,0.0
2023-04-04 15:30:00-04:00,0.7003999948501587,0.7167999744415283,0.6970000267028809,0.6990000009536743,12929,0.0,0.0
2023-04-05 09:30:00-04:00,0.6819999814033508,0.7174999713897705,0.6819999814033508,0.7049999833106995,2928,0.0,0.0
2023-04-05 10:30:00-04:00,0.7049999833106995,0.7074000239372253,0.7049999833106995,0.7049999833106995,6192,0.0,0.0
2023-04-05 11:30:00-04:00,0.703000009059906,0.7199000120162964,0.703000009059906,0.7056999802589417,5050,0.0,0.0
2023-04-05 12:30:00-04:00,0.703000009059906,0.7103000283241272,0.6917999982833862,0.6917999982833862,11346,0.0,0.0
2023-04-05 13:30:00-04:00,0.6995000243186951,0.7092999815940857,0.6899999976158142,0.6935999989509583,13364,0.0,0.0
2023-04-05 14:30:00-04:00,0.7032999992370605,0.7099999785423279,0.6935999989509583,0.6937000155448914,1670,0.0,0.0
2023-04-05 15:30:00-04:00,0.6955000162124634,0.6973999738693237,0.6935999989509583,0.6935999989509583,8842,0.0,0.0
2023-04-06 09:30:00-04:00,0.6899999976158142,0.7175009846687317,0.6899999976158142,0.699999988079071,24092,0.0,0.0
2023-04-06 10:30:00-04:00,0.7044000029563904,0.7099999785423279,0.699999988079071,0.7099999785423279,2206,0.0,0.0
2023-04-06 12:30:00-04:00,0.7095000147819519,0.7095000147819519,0.6980000138282776,0.701200008392334,28685,0.0,0.0
2023-04-06 13:30:00-04:00,0.7042999863624573,0.7044000029563904,0.7001500129699707,0.7044000029563904,7140,0.0,0.0
2023-04-06 14:30:00-04:00,0.7050999999046326,0.7051010131835938,0.7049999833106995,0.7051010131835938,1466,0.0,0.0
2023-04-06 15:30:00-04:00,0.7064999938011169,0.7093999981880188,0.6980000138282776,0.6980000138282776,6223,0.0,0.0
2023-04-10 09:30:00-04:00,0.6899999976158142,0.7200000286102295,0.6899999976158142,0.703000009059906,7740,0.0,0.0
2023-04-10 10:30:00-04:00,0.703000009059906,0.7300000190734863,0.6959999799728394,0.7300000190734863,45800,0.0,0.0
2023-04-10 11:30:00-04:00,0.7250999808311462,0.7299000024795532,0.7200000286102295,0.7200000286102295,14478,0.0,0.0
2023-04-10 12:30:00-04:00,0.7247999906539917,0.7248499989509583,0.7177000045776367,0.7177000045776367,8480,0.0,0.0
2023-04-10 13:30:00-04:00,0.7170000076293945,0.7225499749183655,0.7170000076293945,0.7196999788284302,10271,0.0,0.0
2023-04-10 14:30:00-04:00,0.7196999788284302,0.7250000238418579,0.7099999785423279,0.7222499847412109,15598,0.0,0.0
2023-04-10 15:30:00-04:00,0.7222499847412109,0.7250000238418579,0.7195000052452087,0.7199000120162964,4856,0.0,0.0
2023-04-11 09:30:00-04:00,0.72079998254776,0.72079998254776,0.7017999887466431,0.7109509706497192,7212,0.0,0.0
2023-04-11 10:30:00-04:00,0.7051010131835938,0.7200000286102295,0.7049999833106995,0.7099999785423279,3715,0.0,0.0
2023-04-11 11:30:00-04:00,0.710099995136261,0.7200000286102295,0.7017999887466431,0.7059500217437744,27965,0.0,0.0
2023-04-11 12:30:00-04:00,0.7129999995231628,0.7200999855995178,0.7028999924659729,0.7190999984741211,44266,0.0,0.0
2023-04-11 13:30:00-04:00,0.7200000286102295,0.7200999855995178,0.7150999903678894,0.7160000205039978,13311,0.0,0.0
2023-04-11 14:30:00-04:00,0.7160000205039978,0.7200000286102295,0.7150999903678894,0.7150999903678894,4699,0.0,0.0
2023-04-11 15:30:00-04:00,0.7150999903678894,0.7200000286102295,0.7149999737739563,0.718999981880188,4767,0.0,0.0
2023-04-12 09:30:00-04:00,0.7099999785423279,0.7246000170707703,0.7099999785423279,0.7121000289916992,3310,0.0,0.0
2023-04-12 10:30:00-04:00,0.7121000289916992,0.7300000190734863,0.7099999785423279,0.7200000286102295,82365,0.0,0.0
2023-04-12 11:30:00-04:00,0.7210000157356262,0.7299000024795532,0.7121000289916992,0.7211999893188477,8466,0.0,0.0
2023-04-12 12:30:00-04:00,0.7225000262260437,0.7311000227928162,0.7121000289916992,0.7279999852180481,57388,0.0,0.0
2023-04-12 13:30:00-04:00,0.7279999852180481,0.7315000295639038,0.699999988079071,0.7258999943733215,110133,0.0,0.0
2023-04-12 14:30:00-04:00,0.7149999737739563,0.7398999929428101,0.7149999737739563,0.7229999899864197,54501,0.0,0.0
2023-04-12 15:30:00-04:00,0.7229999899864197,0.729200005531311,0.7149999737739563,0.7174000144004822,15110,0.0,0.0
2023-04-13 09:30:00-04:00,0.7200000286102295,0.7699999809265137,0.7200000286102295,0.7400000095367432,18496,0.0,0.0
2023-04-13 10:30:00-04:00,0.7426000237464905,0.7487999796867371,0.7400000095367432,0.7400000095367432,270124,0.0,0.0
2023-04-13 11:30:00-04:00,0.7433000206947327,0.7436000108718872,0.7400000095367432,0.7436000108718872,16051,0.0,0.0
2023-04-13 12:30:00-04:00,0.7419999837875366,0.7450000047683716,0.7401000261306763,0.7425500154495239,15417,0.0,0.0
2023-04-13 13:30:00-04:00,0.7419999837875366,0.7710999846458435,0.7419999837875366,0.7552000284194946,146553,0.0,0.0
2023-04-13 14:30:00-04:00,0.755299985408783,0.760699987411499,0.7494000196456909,0.7599999904632568,36482,0.0,0.0
2023-04-13 15:30:00-04:00,0.7597650289535522,0.7799999713897705,0.7494000196456909,0.7796000242233276,53522,0.0,0.0
2023-04-14 09:30:00-04:00,0.7628999948501587,0.8205999732017517,0.7628999948501587,0.7900000214576721,72587,0.0,0.0
2023-04-14 10:30:00-04:00,0.7900000214576721,0.800000011920929,0.7872999906539917,0.7900000214576721,24490,0.0,0.0
2023-04-14 11:30:00-04:00,0.7900000214576721,0.7997999787330627,0.7796000242233276,0.7796000242233276,17518,0.0,0.0
2023-04-14 12:30:00-04:00,0.7827000021934509,0.8299999833106995,0.7821999788284302,0.8224999904632568,101662,0.0,0.0
2023-04-14 13:30:00-04:00,0.8194000124931335,0.8299000263214111,0.7993000149726868,0.8148999810218811,81191,0.0,0.0
2023-04-14 14:30:00-04:00,0.8115000128746033,0.8296999931335449,0.7796000242233276,0.7990999817848206,33856,0.0,0.0
2023-04-14 15:30:00-04:00,0.7946000099182129,0.8126999735832214,0.782800018787384,0.7998999953269958,64055,0.0,0.0
2023-04-17 09:30:00-04:00,0.7990000247955322,0.8184000253677368,0.7480000257492065,0.7824509739875793,75067,0.0,0.0
2023-04-17 10:30:00-04:00,0.7912999987602234,0.8259999752044678,0.7720000147819519,0.8130000233650208,13444,0.0,0.0
2023-04-17 11:30:00-04:00,0.814300000667572,0.8195509910583496,0.8086000084877014,0.8086000084877014,6190,0.0,0.0
2023-04-17 12:30:00-04:00,0.8086000084877014,0.8198999762535095,0.800000011920929,0.8108000159263611,4265,0.0,0.0
2023-04-17 13:30:00-04:00,0.8008000254631042,0.8080000281333923,0.7860000133514404,0.800000011920929,13433,0.0,0.0
2023-04-17 14:30:00-04:00,0.8077999949455261,0.8077999949455261,0.7771999835968018,0.7900999784469604,10716,0.0,0.0
2023-04-17 15:30:00-04:00,0.7842000126838684,0.7900000214576721,0.777999997138977,0.7857999801635742,8910,0.0,0.0
2023-04-18 09:30:00-04:00,0.800000011920929,0.8100000023841858,0.7879999876022339,0.7879999876022339,0,0.0,0.0
2023-04-18 10:30:00-04:00,0.7882000207901001,0.789900004863739,0.7879999876022339,0.7879999876022339,3015,0.0,0.0
2023-04-18 11:30:00-04:00,0.791100025177002,0.791100025177002,0.7680000066757202,0.7680000066757202,10794,0.0,0.0
2023-04-18 12:30:00-04:00,0.7680000066757202,0.8084999918937683,0.7680000066757202,0.8080000281333923,557916,0.0,0.0
2023-04-18 13:30:00-04:00,0.8047999739646912,0.8246999979019165,0.7799999713897705,0.800000011920929,92003,0.0,0.0
2023-04-18 14:30:00-04:00,0.7889999747276306,0.8098999857902527,0.7799999713897705,0.7835509777069092,242683,0.0,0.0
2023-04-18 15:30:00-04:00,0.7895500063896179,0.8098999857902527,0.779699981212616,0.8029000163078308,101252,0.0,0.0
2023-04-19 09:30:00-04:00,0.8100000023841858,0.8496000170707703,0.8098999857902527,0.8260999917984009,37073,0.0,0.0
2023-04-19 10:30:00-04:00,0.8282999992370605,0.8282999992370605,0.817924976348877,0.8188999891281128,16806,0.0,0.0
2023-04-19 11:30:00-04:00,0.8187000155448914,0.8238999843597412,0.7944999933242798,0.8100000023841858,41425,0.0,0.0
2023-04-19 12:30:00-04:00,0.8045009970664978,0.8100000023841858,0.8036999702453613,0.8075500130653381,10400,0.0,0.0
2023-04-19 13:30:00-04:00,0.8100000023841858,0.8190000057220459,0.8051000237464905,0.8147000074386597,11854,0.0,0.0
2023-04-19 14:30:00-04:00,0.8101000189781189,0.8230999708175659,0.8090999722480774,0.8101000189781189,8707,0.0,0.0
2023-04-19 15:30:00-04:00,0.8101000189781189,0.8269000053405762,0.8100000023841858,0.8181999921798706,29249,0.0,0.0
2023-04-20 09:30:00-04:00,0.7954000234603882,0.8240000009536743,0.7922999858856201,0.8061000108718872,17362,0.0,0.0
2023-04-20 10:30:00-04:00,0.8100000023841858,0.8100000023841858,0.8100000023841858,0.8100000023841858,148,0.0,0.0
2023-04-20 11:30:00-04:00,0.8180000185966492,0.8199999928474426,0.8130000233650208,0.8130000233650208,3092,0.0,0.0
2023-04-20 12:30:00-04:00,0.8165000081062317,0.8165000081062317,0.805400013923645,0.8059999942779541,6815,0.0,0.0
2023-04-20 13:30:00-04:00,0.805400013923645,0.805400013923645,0.800000011920929,0.800000011920929,1257,0.0,0.0
2023-04-20 14:30:00-04:00,0.792900025844574,0.8098999857902527,0.7928000092506409,0.8057000041007996,3908,0.0,0.0
2023-04-20 15:30:00-04:00,0.8019999861717224,0.8112000226974487,0.800000011920929,0.8014000058174133,15807,0.0,0.0
2023-04-21 09:30:00-04:00,0.8100000023841858,0.8199999928474426,0.7609999775886536,0.7680000066757202,116079,0.0,0.0
2023-04-21 10:30:00-04:00,0.7680000066757202,0.7900000214576721,0.7680000066757202,0.7699999809265137,63442,0.0,0.0
2023-04-21 11:30:00-04:00,0.7689999938011169,0.8061000108718872,0.7689999938011169,0.8014000058174133,17857,0.0,0.0
2023-04-21 12:30:00-04:00,0.8014000058174133,0.8014000058174133,0.7836999893188477,0.7864000201225281,3290,0.0,0.0
2023-04-21 13:30:00-04:00,0.7836999893188477,0.8011000156402588,0.7836999893188477,0.7925000190734863,7284,0.0,0.0
2023-04-21 14:30:00-04:00,0.8004999756813049,0.8011000156402588,0.7839000225067139,0.800000011920929,54534,0.0,0.0
2023-04-21 15:30:00-04:00,0.7968000173568726,0.816100001335144,0.7925000190734863,0.8047999739646912,34364,0.0,0.0
2023-04-24 09:30:00-04:00,0.7900000214576721,0.8199999928474426,0.7879999876022339,0.7879999876022339,0,0.0,0.0
2023-04-24 10:30:00-04:00,0.7922999858856201,0.8159999847412109,0.7922999858856201,0.8159999847412109,7446,0.0,0.0
2023-04-24 11:30:00-04:00,0.800000011920929,0.8019999861717224,0.7879999876022339,0.800000011920929,8351,0.0,0.0
2023-04-24 12:30:00-04:00,0.8003000020980835,0.8021000027656555,0.7985000014305115,0.8003000020980835,2798,0.0,0.0
2023-04-24 13:30:00-04:00,0.8001999855041504,0.8100000023841858,0.7965999841690063,0.8001999855041504,187743,0.0,0.0
2023-04-24 14:30:00-04:00,0.8050000071525574,0.8159999847412109,0.7997999787330627,0.8159999847412109,14077,0.0,0.0
2023-04-24 15:30:00-04:00,0.8102999925613403,0.8130000233650208,0.8019999861717224,0.8059999942779541,74177,0.0,0.0
2023-04-25 09:30:00-04:00,0.7900000214576721,0.8299000263214111,0.7900000214576721,0.8126999735832214,0,0.0,0.0
2023-04-25 10:30:00-04:00,0.8129010200500488,0.8199999928474426,0.8019999861717224,0.8165500164031982,82724,0.0,0.0
2023-04-25 11:30:00-04:00,0.8119999766349792,0.8349000215530396,0.8119999766349792,0.8187000155448914,45399,0.0,0.0
2023-04-25 12:30:00-04:00,0.8187000155448914,0.8253999948501587,0.8180999755859375,0.8213499784469604,41257,0.0,0.0
2023-04-25 13:30:00-04:00,0.8199999928474426,0.824400007724762,0.807200014591217,0.8141999840736389,53624,0.0,0.0
2023-04-25 14:30:00-04:00,0.8141999840736389,0.824400007724762,0.8019999861717224,0.8019999861717224,10415,0.0,0.0
2023-04-25 15:30:00-04:00,0.8046000003814697,0.8098999857902527,0.7836999893188477,0.802299976348877,0,0.0,0.0
2023-04-26 09:30:00-04:00,0.800000011920929,0.8214600086212158,0.800000011920929,0.8019999861717224,5787,0.0,0.0
2023-04-26 10:30:00-04:00,0.8029999732971191,0.8230000138282776,0.7919999957084656,0.7919999957084656,20604,0.0,0.0
2023-04-26 11:30:00-04:00,0.7919999957084656,0.8022000193595886,0.7919999957084656,0.7979999780654907,16321,0.0,0.0
2023-04-26 12:30:00-04:00,0.7979999780654907,0.7994999885559082,0.7820000052452087,0.7820000052452087,23351,0.0,0.0
2023-04-26 13:30:00-04:00,0.7820000052452087,0.7885000109672546,0.7699999809265137,0.7760000228881836,19978,0.0,0.0
2023-04-26 14:30:00-04:00,0.7799000144004822,0.8021000027656555,0.7760000228881836,0.8019999861717224,23692,0.0,0.0
2023-04-26 15:30:00-04:00,0.7900000214576721,0.8019999861717224,0.7820000052452087,0.7820000052452087,12810,0.0,0.0
2023-04-27 09:30:00-04:00,0.7900000214576721,0.8075000047683716,0.7900000214576721,0.7979999780654907,24903,0.0,0.0
2023-04-27 10:30:00-04:00,0.7998999953269958,0.800000011920929,0.7929999828338623,0.7979999780654907,14381,0.0,0.0
2023-04-27 11:30:00-04:00,0.800000011920929,0.816100001335144,0.7979999780654907,0.800000011920929,47494,0.0,0.0
2023-04-27 12:30:00-04:00,0.800000011920929,0.8050000071525574,0.7979999780654907,0.8039249777793884,8404,0.0,0.0
2023-04-27 13:30:00-04:00,0.8009999990463257,0.8009999990463257,0.7919999957084656,0.7979999780654907,57194,0.0,0.0
2023-04-27 14:30:00-04:00,0.7979999780654907,0.8238999843597412,0.795199990272522,0.800000011920929,65225,0.0,0.0
2023-04-27 15:30:00-04:00,0.8105999827384949,0.8199999928474426,0.7888000011444092,0.7958999872207642,73338,0.0,0.0
2023-04-28 09:30:00-04:00,0.800000011920929,0.8097000122070312,0.7799999713897705,0.7799999713897705,24930,0.0,0.0
2023-04-28 10:30:00-04:00,0.8100000023841858,0.8299999833106995,0.7799999713897705,0.7971000075340271,129758,0.0,0.0
2023-04-28 11:30:00-04:00,0.7811999917030334,0.8126999735832214,0.7811999917030334,0.79830002784729,39798,0.0,0.0
2023-04-28 12:30:00-04:00,0.7906000018119812,0.8266000151634216,0.7554500102996826,0.7875999808311462,115983,0.0,0.0
2023-04-28 13:30:00-04:00,0.7876999974250793,0.8087999820709229,0.7781999707221985,0.803600013256073,20088,0.0,0.0
2023-04-28 14:30:00-04:00,0.800000011920929,0.803600013256073,0.7958999872207642,0.800000011920929,21033,0.0,0.0
2023-04-28 15:30:00-04:00,0.8001000285148621,0.803600013256073,0.7882000207901001,0.7940999865531921,47923,0.0,0.0
2023-05-01 09:30:00-04:00,0.800000011920929,0.8210999965667725,0.7850000262260437,0.8030499815940857,4817,0.0,0.0
2023-05-01 10:30:00-04:00,0.7929999828338623,0.8187500238418579,0.7929999828338623,0.8149999976158142,1688,0.0,0.0
2023-05-01 11:30:00-04:00,0.800000011920929,0.8149999976158142,0.7860000133514404,0.7860000133514404,19340,0.0,0.0
2023-05-01 12:30:00-04:00,0.7860000133514404,0.7914999723434448,0.7760000228881836,0.7860000133514404,6870,0.0,0.0
2023-05-01 13:30:00-04:00,0.7874000072479248,0.800000011920929,0.7750999927520752,0.7750999927520752,44846,0.0,0.0
2023-05-01 14:30:00-04:00,0.7750999927520752,0.7925000190734863,0.765999972820282,0.7792999744415283,6173,0.0,0.0
2023-05-01 15:30:00-04:00,0.7925999760627747,0.7994999885559082,0.7820000052452087,0.7904999852180481,46179,0.0,0.0
2023-05-02 09:30:00-04:00,0.7599999904632568,0.8299999833106995,0.7599999904632568,0.7879999876022339,0,0.0,0.0
2023-05-02 10:30:00-04:00,0.781000018119812,0.801800012588501,0.781000018119812,0.7924000024795532,24893,0.0,0.0
2023-05-02 11:30:00-04:00,0.7900999784469604,0.7900999784469604,0.777899980545044,0.777999997138977,0,0.0,0.0
2023-05-02 12:30:00-04:00,0.7795000076293945,0.7799999713897705,0.7680000066757202,0.7680000066757202,152019,0.0,0.0
2023-05-02 13:30:00-04:00,0.7680000066757202,0.8047999739646912,0.7680000066757202,0.8047999739646912,10397,0.0,0.0
2023-05-02 14:30:00-04:00,0.7961000204086304,0.8113999962806702,0.7864000201225281,0.7879999876022339,124560,0.0,0.0
2023-05-02 15:30:00-04:00,0.7879999876022339,0.7998999953269958,0.777999997138977,0.777999997138977,21048,0.0,0.0
2023-05-03 09:30:00-04:00,0.8799999952316284,0.9065999984741211,0.824999988079071,0.8528000116348267,629566,0.0,0.0
2023-05-03 10:30:00-04:00,0.8534989953041077,0.8600000143051147,0.8379999995231628,0.8565999865531921,166399,0.0,0.0
2023-05-03 11:30:00-04:00,0.8550999760627747,0.8733000159263611,0.8550000190734863,0.8700000047683716,133957,0.0,0.0
2023-05-03 12:30:00-04:00,0.8600000143051147,0.8967999815940857,0.8414499759674072,0.8600000143051147,252816,0.0,0.0
2023-05-03 13:30:00-04:00,0.8450000286102295,0.8899999856948853,0.8450000286102295,0.8700000047683716,255066,0.0,0.0
2023-05-03 14:30:00-04:00,0.8701000213623047,0.8883000016212463,0.8424000144004822,0.8546500205993652,297192,0.0,0.0
2023-05-03 15:30:00-04:00,0.8532000184059143,0.8704000115394592,0.8364999890327454,0.8489999771118164,160284,0.0,0.0
2023-05-04 09:30:00-04:00,0.8479999899864197,0.8999999761581421,0.7574999928474426,0.8126999735832214,196597,0.0,0.0
2023-05-04 10:30:00-04:00,0.8109999895095825,0.8600000143051147,0.8029999732971191,0.8299999833106995,18818,0.0,0.0
2023-05-04 11:30:00-04:00,0.8299999833106995,0.8500999808311462,0.8199999928474426,0.8277000188827515,44165,0.0,0.0
2023-05-04 12:30:00-04:00,0.8313000202178955,0.8389000296592712,0.8277000188827515,0.8389000296592712,22070,0.0,0.0
2023-05-04 13:30:00-04:00,0.8389000296592712,0.8399999737739563,0.8277000188827515,0.8399999737739563,87839,0.0,0.0
2023-05-04 14:30:00-04:00,0.8399999737739563,0.8460000157356262,0.824999988079071,0.8460000157356262,63308,0.0,0.0
2023-05-04 15:30:00-04:00,0.8460000157356262,0.8460000157356262,0.8105000257492065,0.8363999724388123,37937,0.0,0.0
2023-05-05 09:30:00-04:00,0.8399999737739563,0.8700000047683716,0.824999988079071,0.8600000143051147,51940,0.0,0.0
2023-05-05 10:30:00-04:00,0.8600000143051147,0.8799999952316284,0.8410000205039978,0.8500000238418579,77439,0.0,0.0
2023-05-05 11:30:00-04:00,0.8553000092506409,0.8553000092506409,0.7400000095367432,0.8187000155448914,502612,0.0,0.0
2023-05-05 12:30:00-04:00,0.800000011920929,0.8474000096321106,0.800000011920929,0.843999981880188,73285,0.0,0.0
2023-05-05 13:30:00-04:00,0.843999981880188,0.8799999952316284,0.8410000205039978,0.8568999767303467,53340,0.0,0.0
2023-05-05 14:30:00-04:00,0.8568999767303467,0.8679999709129333,0.8302000164985657,0.8445000052452087,50214,0.0,0.0
2023-05-05 15:30:00-04:00,0.8445000052452087,0.8449000120162964,0.8299999833106995,0.8389999866485596,15694,0.0,0.0
2023-05-08 09:30:00-04:00,0.8320000171661377,0.8598999977111816,0.8100000023841858,0.8100000023841858,33553,0.0,0.0
2023-05-08 10:30:00-04:00,0.8199999928474426,0.839900016784668,0.8100000023841858,0.8352000117301941,2798,0.0,0.0
2023-05-08 11:30:00-04:00,0.839900016784668,0.8690000176429749,0.8374999761581421,0.8690000176429749,38374,0.0,0.0
2023-05-08 12:30:00-04:00,0.8600000143051147,0.8945000171661377,0.8600000143051147,0.8700000047683716,39960,0.0,0.0
2023-05-08 13:30:00-04:00,0.8690000176429749,0.8690000176429749,0.8349999785423279,0.8431000113487244,33821,0.0,0.0
2023-05-08 14:30:00-04:00,0.8500000238418579,0.8683000206947327,0.8429999947547913,0.8683000206947327,8685,0.0,0.0
2023-05-08 15:30:00-04:00,0.8565999865531921,0.8779000043869019,0.8565000295639038,0.8672999739646912,9465,0.0,0.0
2023-05-09 09:30:00-04:00,0.8600000143051147,0.8600000143051147,0.8202000260353088,0.8449990153312683,25567,0.0,0.0
2023-05-09 10:30:00-04:00,0.8600000143051147,0.8600000143051147,0.8202000260353088,0.8600000143051147,37582,0.0,0.0
2023-05-09 11:30:00-04:00,0.8450000286102295,0.8600000143051147,0.8299999833106995,0.8500000238418579,17168,0.0,0.0
2023-05-09 12:30:00-04:00,0.8299999833106995,0.8600000143051147,0.8295000195503235,0.8525500297546387,10879,0.0,0.0
2023-05-09 13:30:00-04:00,0.8600000143051147,0.8600000143051147,0.8525000214576721,0.8562999963760376,54081,0.0,0.0
2023-05-09 14:30:00-04:00,0.8562999963760376,0.8562999963760376,0.8435999751091003,0.8500000238418579,32691,0.0,0.0
2023-05-09 15:30:00-04:00,0.8500000238418579,0.8500000238418579,0.8411999940872192,0.8471500277519226,18145,0.0,0.0
2023-05-10 09:30:00-04:00,0.8399999737739563,0.8899999856948853,0.8399999737739563,0.8650000095367432,62908,0.0,0.0
2023-05-10 10:30:00-04:00,0.8531000018119812,0.8648999929428101,0.8199999928474426,0.8636999726295471,34096,0.0,0.0
2023-05-10 11:30:00-04:00,0.8418999910354614,0.8636999726295471,0.8201000094413757,0.8398500084877014,6966,0.0,0.0
2023-05-10 12:30:00-04:00,0.8217999935150146,0.8299000263214111,0.8199999928474426,0.824999988079071,18373,0.0,0.0
2023-05-10 13:30:00-04:00,0.8201000094413757,0.8450000286102295,0.8201000094413757,0.8301010131835938,26806,0.0,0.0
2023-05-10 14:30:00-04:00,0.8500000238418579,0.8597999811172485,0.8307999968528748,0.8449000120162964,27196,0.0,0.0
2023-05-10 15:30:00-04:00,0.8490999937057495,0.8582000136375427,0.8289999961853027,0.8299999833106995,84106,0.0,0.0
2023-05-11 09:30:00-04:00,0.828000009059906,0.8600000143051147,0.8269010186195374,0.8350499868392944,22242,0.0,0.0
2023-05-11 10:30:00-04:00,0.835099995136261,0.8601999878883362,0.835099995136261,0.8600000143051147,104823,0.0,0.0
2023-05-11 11:30:00-04:00,0.8500000238418579,0.8500000238418579,0.800000011920929,0.8500000238418579,52398,0.0,0.0
2023-05-11 12:30:00-04:00,0.8500000238418579,0.8694999814033508,0.8149999976158142,0.8346499800682068,34960,0.0,0.0
2023-05-11 13:30:00-04:00,0.8411999940872192,0.8500000238418579,0.8281999826431274,0.8500000238418579,13721,0.0,0.0
2023-05-11 14:30:00-04:00,0.8475499749183655,0.8500000238418579,0.8281000256538391,0.8410000205039978,15278,0.0,0.0
2023-05-11 15:30:00-04:00,0.8427500128746033,0.8500000238418579,0.8399999737739563,0.8450000286102295,13848,0.0,0.0
2023-05-12 09:30:00-04:00,0.8500000238418579,0.8799999952316284,0.8302010297775269,0.8507000207901001,25372,0.0,0.0
2023-05-12 10:30:00-04:00,0.8507000207901001,0.8600000143051147,0.8248999714851379,0.8392000198364258,124633,0.0,0.0
2023-05-12 11:30:00-04:00,0.8487510085105896,0.858299970626831,0.8201000094413757,0.8299999833106995,9155,0.0,0.0
2023-05-12 12:30:00-04:00,0.8441500067710876,0.8441500067710876,0.8323000073432922,0.8323000073432922,1544,0.0,0.0
2023-05-12 13:30:00-04:00,0.8398000001907349,0.8496000170707703,0.8299999833106995,0.8496000170707703,20339,0.0,0.0
2023-05-12 14:30:00-04:00,0.8422999978065491,0.8495000004768372,0.8199999928474426,0.8349000215530396,8357,0.0,0.0
2023-05-12 15:30:00-04:00,0.848800003528595,0.8600000143051147,0.8299999833106995,0.8399999737739563,47794,0.0,0.0
2023-05-15 09:30:00-04:00,0.8299999833106995,0.9200000166893005,0.8111000061035156,0.8427000045776367,148327,0.0,0.0
2023-05-15 10:30:00-04:00,0.8409000039100647,0.8600000143051147,0.8111000061035156,0.8475000262260437,61803,0.0,0.0
2023-05-15 11:30:00-04:00,0.8598999977111816,0.8600000143051147,0.8349999785423279,0.8399999737739563,87897,0.0,0.0
2023-05-15 12:30:00-04:00,0.8409000039100647,0.8600000143051147,0.8352000117301941,0.8500000238418579,14797,0.0,0.0
2023-05-15 13:30:00-04:00,0.8500000238418579,0.8600000143051147,0.8402000069618225,0.8600000143051147,91902,0.0,0.0
2023-05-15 14:30:00-04:00,0.856249988079071,0.8600000143051147,0.8486999869346619,0.8600000143051147,121354,0.0,0.0
2023-05-15 15:30:00-04:00,0.8514999747276306,0.8700000047683716,0.8514999747276306,0.8589000105857849,125537,0.0,0.0
2023-05-16 09:30:00-04:00,0.8899999856948853,0.8899999856948853,0.8514999747276306,0.8517000079154968,22186,0.0,0.0
2023-05-16 10:30:00-04:00,0.8517000079154968,0.8700000047683716,0.8517000079154968,0.8575000166893005,42924,0.0,0.0
2023-05-16 11:30:00-04:00,0.8575000166893005,0.8575000166893005,0.838100016117096,0.8539000153541565,20019,0.0,0.0
2023-05-16 12:30:00-04:00,0.8537999987602234,0.8695999979972839,0.838100016117096,0.8600000143051147,20820,0.0,0.0
2023-05-16 13:30:00-04:00,0.8519999980926514,0.8799999952316284,0.8420000076293945,0.8744999766349792,48998,0.0,0.0
2023-05-16 14:30:00-04:00,0.8790000081062317,0.8899999856948853,0.8603000044822693,0.8895999789237976,114884,0.0,0.0
2023-05-16 15:30:00-04:00,0.8895999789237976,0.8899999856948853,0.8801000118255615,0.8899999856948853,77373,0.0,0.0
2023-05-17 09:30:00-04:00,0.8799999952316284,0.8899999856948853,0.8700000047683716,0.8799999952316284,24719,0.0,0.0
2023-05-17 10:30:00-04:00,0.8799999952316284,0.8799999952316284,0.8700000047683716,0.8799999952316284,41594,0.0,0.0
2023-05-17 11:30:00-04:00,0.8610000014305115,0.8797000050544739,0.8600000143051147,0.8797000050544739,10713,0.0,0.0
2023-05-17 12:30:00-04:00,0.8650000095367432,0.8797000050544739,0.8600999712944031,0.8792999982833862,15467,0.0,0.0
2023-05-17 13:30:00-04:00,0.8600999712944031,0.8999999761581421,0.8600999712944031,0.8801000118255615,22122,0.0,0.0
2023-05-17 14:30:00-04:00,0.8884999752044678,0.8888000249862671,0.8700000047683716,0.8758000135421753,28428,0.0,0.0
2023-05-17 15:30:00-04:00,0.8787000179290771,0.9097999930381775,0.8758000135421753,0.8999000191688538,97176,0.0,0.0
2023-05-18 09:30:00-04:00,0.8730000257492065,0.9100000262260437,0.8600000143051147,0.8700000047683716,183641,0.0,0.0
2023-05-18 10:30:00-04:00,0.8700000047683716,0.8849999904632568,0.8700000047683716,0.8849999904632568,16520,0.0,0.0
2023-05-18 11:30:00-04:00,0.8776000142097473,0.9300000071525574,0.8776000142097473,0.9100000262260437,134634,0.0,0.0
2023-05-18 12:30:00-04:00,0.9297999739646912,0.9297999739646912,0.8999000191688538,0.9100000262260437,32687,0.0,0.0
2023-05-18 13:30:00-04:00,0.9200000166893005,0.9700000286102295,0.8774999976158142,0.9561499953269958,126668,0.0,0.0
2023-05-18 14:30:00-04:00,0.9609000086784363,0.9866999983787537,0.9301999807357788,0.9700000286102295,238918,0.0,0.0
2023-05-18 15:30:00-04:00,0.9704999923706055,1.0399999618530273,0.9514999985694885,0.9997000098228455,289709,0.0,0.0
2023-05-19 09:30:00-04:00,1.0,1.0399999618530273,0.9700000286102295,1.0048999786376953,276661,0.0,0.0
2023-05-19 10:30:00-04:00,0.9999499917030334,1.0499999523162842,0.9771000146865845,0.9775000214576721,168372,0.0,0.0
2023-05-19 11:30:00-04:00,0.9919999837875366,1.0298999547958374,0.9846000075340271,1.0099999904632568,65944,0.0,0.0
2023-05-19 12:30:00-04:00,1.0099999904632568,1.0399999618530273,0.9973000288009644,1.0099999904632568,178358,0.0,0.0
2023-05-19 13:30:00-04:00,1.0099999904632568,1.0199999809265137,1.0,1.0149999856948853,27901,0.0,0.0
2023-05-19 14:30:00-04:00,1.0149999856948853,1.049399971961975,1.0099999904632568,1.049399971961975,45507,0.0,0.0
2023-05-19 15:30:00-04:00,1.0449999570846558,1.0700000524520874,0.9900000095367432,1.0399999618530273,173572,0.0,0.0
2023-05-22 09:30:00-04:00,1.0,1.0299999713897705,0.9800000190734863,1.0,208066,0.0,0.0
2023-05-22 10:30:00-04:00,1.0,1.0800000429153442,1.0,1.0700000524520874,154917,0.0,0.0
2023-05-22 11:30:00-04:00,1.0693000555038452,1.0800000429153442,1.0299999713897705,1.0399999618530273,153621,0.0,0.0
2023-05-22 12:30:00-04:00,1.0399999618530273,1.059999942779541,1.0299999713897705,1.0299999713897705,136945,0.0,0.0
2023-05-22 13:30:00-04:00,1.0299999713897705,1.0499999523162842,1.0299999713897705,1.0499999523162842,109552,0.0,0.0
2023-05-22 14:30:00-04:00,1.0499999523162842,1.0800000429153442,1.0299999713897705,1.059999942779541,162351,0.0,0.0
2023-05-22 15:30:00-04:00,1.0399999618530273,1.0800000429153442,1.0399999618530273,1.0499999523162842,126309,0.0,0.0
2023-05-23 09:30:00-04:00,1.0800000429153442,1.100000023841858,1.0399999618530273,1.0449999570846558,158988,0.0,0.0
2023-05-23 10:30:00-04:00,1.0449999570846558,1.0800000429153442,1.0449999570846558,1.0750000476837158,74506,0.0,0.0
2023-05-23 11:30:00-04:00,1.0800000429153442,1.0800000429153442,1.059999942779541,1.0750000476837158,88889,0.0,0.0
2023-05-23 12:30:00-04:00,1.0750000476837158,1.0800000429153442,1.059999942779541,1.0750000476837158,76890,0.0,0.0
2023-05-23 13:30:00-04:00,1.0800000429153442,1.0800000429153442,1.0700000524520874,1.0700000524520874,85285,0.0,0.0
2023-05-23 14:30:00-04:00,1.065000057220459,1.0800000429153442,1.065000057220459,1.0750000476837158,188520,0.0,0.0
2023-05-23 15:30:00-04:00,1.0800000429153442,1.0800000429153442,1.0700000524520874,1.0750000476837158,103128,0.0,0.0
2023-05-24 09:30:00-04:00,1.0700000524520874,1.1100000143051147,1.0627000331878662,1.0750000476837158,147557,0.0,0.0
2023-05-24 10:30:00-04:00,1.0750000476837158,1.0800000429153442,1.0700000524520874,1.0800000429153442,43472,0.0,0.0
2023-05-24 11:30:00-04:00,1.0800000429153442,1.0800000429153442,1.0700000524520874,1.0750000476837158,54226,0.0,0.0
2023-05-24 12:30:00-04:00,1.0750000476837158,1.0800000429153442,1.0700000524520874,1.0800000429153442,38691,0.0,0.0
2023-05-24 13:30:00-04:00,1.0800000429153442,1.0800000429153442,1.0700000524520874,1.0750000476837158,73852,0.0,0.0
2023-05-24 14:30:00-04:00,1.0750000476837158,1.0800000429153442,1.0700000524520874,1.0750000476837158,49445,0.0,0.0
2023-05-24 15:30:00-04:00,1.0750000476837158,1.0800000429153442,1.0700000524520874,1.0700000524520874,52739,0.0,0.0
2023-05-25 09:30:00-04:00,1.0800000429153442,1.0800000429153442,1.0399999618530273,1.0499999523162842,133925,0.0,0.0
2023-05-25 10:30:00-04:00,1.0507999658584595,1.0700000524520874,1.0,1.0299999713897705,62410,0.0,0.0
2023-05-25 11:30:00-04:00,1.0200999975204468,1.0399999618530273,1.0,1.0399999618530273,75635,0.0,0.0
2023-05-25 12:30:00-04:00,1.0399999618530273,1.059999942779541,1.034999966621399,1.0549999475479126,37571,0.0,0.0
2023-05-25 13:30:00-04:00,1.0549999475479126,1.059999942779541,1.0499999523162842,1.0549999475479126,42493,0.0,0.0
2023-05-25 14:30:00-04:00,1.0549999475479126,1.0700000524520874,1.0499999523162842,1.0700000524520874,40780,0.0,0.0
2023-05-25 15:30:00-04:00,1.065000057220459,1.0700000524520874,1.0499999523162842,1.0499999523162842,58489,0.0,0.0
2023-05-26 09:30:00-04:00,1.0700000524520874,1.0800000429153442,1.0299999713897705,1.059999942779541,98680,0.0,0.0
2023-05-26 10:30:00-04:00,1.059999942779541,1.0800000429153442,1.059999942779541,1.0799000263214111,33414,0.0,0.0
2023-05-26 11:30:00-04:00,1.0800000429153442,1.090000033378601,1.059999942779541,1.065000057220459,84841,0.0,0.0
2023-05-26 12:30:00-04:00,1.059999942779541,1.0800000429153442,1.0499999523162842,1.0800000429153442,55021,0.0,0.0
2023-05-26 13:30:00-04:00,1.0800000429153442,1.0800000429153442,1.070099949836731,1.0800000429153442,47771,0.0,0.0
2023-05-26 14:30:00-04:00,1.0800000429153442,1.0800000429153442,1.0099999904632568,1.0700000524520874,136149,0.0,0.0
2023-05-26 15:30:00-04:00,1.0700000524520874,1.0800000429153442,1.0625,1.0800000429153442,62222,0.0,0.0
2023-05-30 09:30:00-04:00,1.0992000102996826,1.0992000102996826,1.0299999713897705,1.0399999618530273,162338,0.0,0.0
2023-05-30 10:30:00-04:00,1.0399999618530273,1.059999942779541,1.0199999809265137,1.0499999523162842,98764,0.0,0.0
2023-05-30 11:30:00-04:00,1.0499999523162842,1.0499999523162842,1.0299999713897705,1.0499999523162842,61253,0.0,0.0
2023-05-30 12:30:00-04:00,1.0499999523162842,1.059999942779541,1.0399999618530273,1.0499999523162842,0,0.0,0.0
2023-05-30 13:30:00-04:00,1.0499999523162842,1.059999942779541,1.0399999618530273,1.0499999523162842,450230,0.0,0.0
2023-05-30 14:30:00-04:00,1.0499999523162842,1.059999942779541,1.0449999570846558,1.059999942779541,27701,0.0,0.0
2023-05-30 15:30:00-04:00,1.0549999475479126,1.0700000524520874,1.0499999523162842,1.065000057220459,28932,0.0,0.0
2023-05-31 09:30:00-04:00,1.0799000263214111,1.0800000429153442,1.0,1.020900011062622,330203,0.0,0.0
2023-05-31 10:30:00-04:00,1.0199999809265137,1.0299999713897705,1.0199999809265137,1.0299999713897705,182591,0.0,0.0
2023-05-31 11:30:00-04:00,1.024999976158142,1.0299999713897705,1.0199999809265137,1.0199999809265137,32773,0.0,0.0
2023-05-31 12:30:00-04:00,1.0299999713897705,1.0399999618530273,1.0299999713897705,1.0299999713897705,85463,0.0,0.0
2023-05-31 13:30:00-04:00,1.0300999879837036,1.100000023841858,1.0299999713897705,1.0800000429153442,252626,0.0,0.0
2023-05-31 14:30:00-04:00,1.0800000429153442,1.0850000381469727,1.0700000524520874,1.0800000429153442,114505,0.0,0.0
2023-05-31 15:30:00-04:00,1.0800000429153442,1.0800000429153442,1.0700000524520874,1.0800000429153442,51012,0.0,0.0
2023-06-01 09:30:00-04:00,1.1399999856948853,1.149999976158142,1.0700000524520874,1.0800000429153442,71134,0.0,0.0
2023-06-01 10:30:00-04:00,1.0800000429153442,1.090000033378601,1.0700000524520874,1.0700000524520874,108285,0.0,0.0
2023-06-01 11:30:00-04:00,1.0750000476837158,1.0800000429153442,1.059999942779541,1.065000057220459,77745,0.0,0.0
2023-06-01 12:30:00-04:00,1.0700000524520874,1.0800000429153442,1.0299999713897705,1.0499999523162842,392347,0.0,0.0
2023-06-01 13:30:00-04:00,1.0499999523162842,1.0549999475479126,1.0299999713897705,1.0506999492645264,99123,0.0,0.0
2023-06-01 14:30:00-04:00,1.059999942779541,1.059999942779541,1.0199999809265137,1.0299999713897705,71412,0.0,0.0
2023-06-01 15:30:00-04:00,1.0299999713897705,1.0499999523162842,1.0199999809265137,1.0399999618530273,71097,0.0,0.0
2023-06-02 09:30:00-04:00,1.090000033378601,1.090000033378601,1.0199999809265137,1.0399999618530273,139865,0.0,0.0
2023-06-02 10:30:00-04:00,1.0399999618530273,1.059999942779541,1.0399999618530273,1.0499999523162842,40598,0.0,0.0
2023-06-02 11:30:00-04:00,1.0549999475479126,1.0700000524520874,1.0399999618530273,1.0399999618530273,80652,0.0,0.0
2023-06-02 12:30:00-04:00,1.0399999618530273,1.0499999523162842,1.0399999618530273,1.0399999618530273,15860,0.0,0.0
2023-06-02 13:30:00-04:00,1.0399999618530273,1.0700000524520874,1.0399999618530273,1.059999942779541,142504,0.0,0.0
2023-06-02 14:30:00-04:00,1.065000057220459,1.0700000524520874,1.0399999618530273,1.0399999618530273,133294,0.0,0.0
2023-06-02 15:30:00-04:00,1.0449999570846558,1.0499999523162842,1.0199999809265137,1.0298999547958374,176806,0.0,0.0
2023-06-05 09:30:00-04:00,1.0299999713897705,1.059999942779541,1.0199999809265137,1.0399999618530273,87849,0.0,0.0
2023-06-05 10:30:00-04:00,1.0449999570846558,1.0700000524520874,1.034999966621399,1.059999942779541,39346,0.0,0.0
2023-06-05 11:30:00-04:00,1.059999942779541,1.0700000524520874,1.0399999618530273,1.0449999570846558,118997,0.0,0.0
2023-06-05 12:30:00-04:00,1.0499999523162842,1.0499999523162842,1.034999966621399,1.0499000549316406,42475,0.0,0.0
2023-06-05 13:30:00-04:00,1.0399999618530273,1.0499999523162842,1.0399999618530273,1.0499999523162842,10688,0.0,0.0
2023-06-05 14:30:00-04:00,1.0399999618530273,1.0800000429153442,1.0299999713897705,1.0800000429153442,199234,0.0,0.0
2023-06-05 15:30:00-04:00,1.0700000524520874,1.0800000429153442,1.0700000524520874,1.0700000524520874,85385,0.0,0.0
2023-06-06 09:30:00-04:00,1.0800000429153442,1.090000033378601,1.0499999523162842,1.0503000020980835,17097,0.0,0.0
2023-06-06 10:30:00-04:00,1.0700000524520874,1.0800000429153442,1.0205999612808228,1.0712000131607056,119233,0.0,0.0
2023-06-06 11:30:00-04:00,1.0800000429153442,1.0800000429153442,1.0700000524520874,1.0700000524520874,73921,0.0,0.0
2023-06-06 12:30:00-04:00,1.079800009727478,1.0800000429153442,1.0499999523162842,1.059999942779541,129915,0.0,0.0
2023-06-06 13:30:00-04:00,1.0499999523162842,1.0700000524520874,1.0199999809265137,1.0549999475479126,168918,0.0,0.0
2023-06-06 14:30:00-04:00,1.0499999523162842,1.0800000429153442,1.0,1.034999966621399,398582,0.0,0.0
2023-06-06 15:30:00-04:00,1.034999966621399,1.0700000524520874,1.034999966621399,1.0700000524520874,46962,0.0,0.0
2023-06-07 09:30:00-04:00,1.090000033378601,1.090000033378601,1.0399999618530273,1.0549999475479126,116185,0.0,0.0
2023-06-07 10:30:00-04:00,1.0549999475479126,1.059999942779541,1.0299999713897705,1.034999966621399,185742,0.0,0.0
2023-06-07 11:30:00-04:00,1.0299999713897705,1.059999942779541,1.024999976158142,1.0499999523162842,136764,0.0,0.0
2023-06-07 12:30:00-04:00,1.0549999475479126,1.059999942779541,1.0299999713897705,1.0549999475479126,104508,0.0,0.0
2023-06-07 13:30:00-04:00,1.0549999475479126,1.059999942779541,1.0399999618530273,1.0549999475479126,71688,0.0,0.0
2023-06-07 14:30:00-04:00,1.0549999475479126,1.0800000429153442,1.0399999618530273,1.0700000524520874,184568,0.0,0.0
2023-06-07 15:30:00-04:00,1.0700000524520874,1.0800000429153442,1.059999942779541,1.059999942779541,114714,0.0,0.0
2023-06-08 09:30:00-04:00,1.0499999523162842,1.0800000429153442,1.0449999570846558,1.065000057220459,199727,0.0,0.0
2023-06-08 10:30:00-04:00,1.065000057220459,1.090000033378601,1.065000057220459,1.0750000476837158,118476,0.0,0.0
2023-06-08 11:30:00-04:00,1.0750000476837158,1.090000033378601,1.059999942779541,1.0850000381469727,95250,0.0,0.0
2023-06-08 12:30:00-04:00,1.0800000429153442,1.090000033378601,1.0800000429153442,1.0850000381469727,62443,0.0,0.0
2023-06-08 13:30:00-04:00,1.090000033378601,1.1399999856948853,1.0750000476837158,1.1100000143051147,255820,0.0,0.0
2023-06-08 14:30:00-04:00,1.1100000143051147,1.149999976158142,1.090000033378601,1.1349999904632568,315171,0.0,0.0
2023-06-08 15:30:00-04:00,1.1349999904632568,1.1399999856948853,1.100000023841858,1.1299999952316284,224890,0.0,0.0
2023-06-09 09:30:00-04:00,1.149999976158142,1.2000000476837158,1.1299999952316284,1.190000057220459,439993,0.0,0.0
2023-06-09 10:30:00-04:00,1.1805000305175781,1.190000057220459,1.1699999570846558,1.190000057220459,212702,0.0,0.0
2023-06-09 11:30:00-04:00,1.190000057220459,1.2200000286102295,1.1799999475479126,1.2000000476837158,179597,0.0,0.0
2023-06-09 12:30:00-04:00,1.2003999948501587,1.215000033378601,1.2000000476837158,1.2000000476837158,130717,0.0,0.0
2023-06-09 13:30:00-04:00,1.2050000429153442,1.2300000190734863,1.2000000476837158,1.2300000190734863,436149,0.0,0.0
2023-06-09 14:30:00-04:00,1.225000023841858,1.2300000190734863,1.2000000476837158,1.2200000286102295,147712,0.0,0.0
2023-06-09 15:30:00-04:00,1.2100000381469727,1.2200000286102295,1.2100000381469727,1.215000033378601,181764,0.0,0.0
2023-06-12 09:30:00-04:00,1.25,1.2799999713897705,1.2200000286102295,1.2699999809265137,287369,0.0,0.0
2023-06-12 10:30:00-04:00,1.2699999809265137,1.284999966621399,1.2599999904632568,1.2699999809265137,93752,0.0,0.0
2023-06-12 11:30:00-04:00,1.2649999856948853,1.2649999856948853,1.25,1.2599999904632568,36859,0.0,0.0
2023-06-12 12:30:00-04:00,1.2599999904632568,1.2599999904632568,1.25,1.2549999952316284,35458,0.0,0.0
2023-06-12 13:30:00-04:00,1.25,1.2699999809265137,1.2400000095367432,1.2599999904632568,194535,0.0,0.0
2023-06-12 14:30:00-04:00,1.2599999904632568,1.2699999809265137,1.2400000095367432,1.2549999952316284,175876,0.0,0.0
2023-06-12 15:30:00-04:00,1.2549999952316284,1.2599999904632568,1.25,1.2599999904632568,139946,0.0,0.0
2023-06-13 09:30:00-04:00,1.2999999523162842,1.2999999523162842,1.2599999904632568,1.2599999904632568,110891,0.0,0.0
2023-06-13 10:30:00-04:00,1.2599999904632568,1.2699999809265137,1.2100000381469727,1.2100000381469727,465264,0.0,0.0
2023-06-13 11:30:00-04:00,1.2100000381469727,1.2300000190734863,1.2100000381469727,1.2200000286102295,43392,0.0,0.0
2023-06-13 12:30:00-04:00,1.2120000123977661,1.2300000190734863,1.2100000381469727,1.2200000286102295,53490,0.0,0.0
2023-06-13 13:30:00-04:00,1.2200000286102295,1.2200000286102295,1.1749999523162842,1.190000057220459,169197,0.0,0.0
2023-06-13 14:30:00-04:00,1.2000000476837158,1.2300000190734863,1.1799999475479126,1.2300000190734863,98596,0.0,0.0
2023-06-13 15:30:00-04:00,1.2300000190734863,1.2400000095367432,1.2200000286102295,1.2400000095367432,117595,0.0,0.0
2023-06-14 09:30:00-04:00,1.2200000286102295,1.2690000534057617,1.2100000381469727,1.2549999952316284,72524,0.0,0.0
2023-06-14 10:30:00-04:00,1.2599999904632568,1.2599999904632568,1.2350000143051147,1.2401000261306763,11530,0.0,0.0
2023-06-14 11:30:00-04:00,1.25,1.25,1.2350000143051147,1.2400000095367432,26518,0.0,0.0
2023-06-14 12:30:00-04:00,1.2337000370025635,1.2400000095367432,1.1799999475479126,1.2100000381469727,214832,0.0,0.0
2023-06-14 13:30:00-04:00,1.2100000381469727,1.2100000381469727,1.190000057220459,1.2000000476837158,114294,0.0,0.0
2023-06-14 14:30:00-04:00,1.2000000476837158,1.2100000381469727,1.2000000476837158,1.2100000381469727,27912,0.0,0.0
2023-06-14 15:30:00-04:00,1.2100000381469727,1.2100000381469727,1.190000057220459,1.2000000476837158,95284,0.0,0.0
2023-06-15 09:30:00-04:00,1.2000000476837158,1.2400000095367432,1.2000000476837158,1.2200000286102295,56159,0.0,0.0
2023-06-15 10:30:00-04:00,1.2400000095367432,1.25,1.2200000286102295,1.2200000286102295,17936,0.0,0.0
2023-06-15 11:30:00-04:00,1.2280000448226929,1.2350000143051147,1.2050000429153442,1.215000033378601,146734,0.0,0.0
2023-06-15 12:30:00-04:00,1.215000033378601,1.2200000286102295,1.2100000381469727,1.215000033378601,56875,0.0,0.0
2023-06-15 13:30:00-04:00,1.215000033378601,1.2300000190734863,1.2100000381469727,1.225000023841858,122180,0.0,0.0
2023-06-15 14:30:00-04:00,1.225000023841858,1.2300000190734863,1.2200000286102295,1.2200000286102295,11906,0.0,0.0
2023-06-15 15:30:00-04:00,1.225000023841858,1.2400000095367432,1.2200000286102295,1.2200000286102295,56925,0.0,0.0
2023-06-16 09:30:00-04:00,1.2300000190734863,1.2599999904632568,1.2300000190734863,1.2599999904632568,66911,0.0,0.0
2023-06-16 10:30:00-04:00,1.2549999952316284,1.2599999904632568,1.2400000095367432,1.2410999536514282,39101,0.0,0.0
2023-06-16 11:30:00-04:00,1.2401000261306763,1.2549999952316284,1.2400000095367432,1.25,73480,0.0,0.0
2023-06-16 12:30:00-04:00,1.25,1.2549999952316284,1.2400000095367432,1.2401000261306763,43241,0.0,0.0
2023-06-16 13:30:00-04:00,1.25,1.2526999711990356,1.2400000095367432,1.2400000095367432,40296,0.0,0.0
2023-06-16 14:30:00-04:00,1.2350000143051147,1.2400000095367432,1.2050000429153442,1.2300000190734863,123342,0.0,0.0
2023-06-16 15:30:00-04:00,1.225000023841858,1.2450000047683716,1.2200000286102295,1.2300000190734863,31461,0.0,0.0
2023-06-20 09:30:00-04:00,1.2400000095367432,1.2599999904632568,1.2200000286102295,1.2450000047683716,145465,0.0,0.0
2023-06-20 10:30:00-04:00,1.2400000095367432,1.2400000095367432,1.1699999570846558,1.1875,210429,0.0,0.0
2023-06-20 11:30:00-04:00,1.184999942779541,1.2100000381469727,1.1799999475479126,1.1908999681472778,22576,0.0,0.0
2023-06-20 12:30:00-04:00,1.190000057220459,1.2300000190734863,1.190000057220459,1.225000023841858,59556,0.0,0.0
2023-06-20 13:30:00-04:00,1.2257000207901,1.2300000190734863,1.2000000476837158,1.2050000429153442,21323,0.0,0.0
2023-06-20 14:30:00-04:00,1.2100000381469727,1.2200000286102295,1.2050000429153442,1.215000033378601,6326,0.0,0.0
2023-06-20 15:30:00-04:00,1.215000033378601,1.2300000190734863,1.2100000381469727,1.225000023841858,23263,0.0,0.0
2023-06-21 09:30:00-04:00,1.2100000381469727,1.2400000095367432,1.1990000009536743,1.2000000476837158,21328,0.0,0.0
2023-06-21 10:30:00-04:00,1.2000000476837158,1.2027000188827515,1.1699999570846558,1.190000057220459,56978,0.0,0.0
2023-06-21 11:30:00-04:00,1.190000057220459,1.2000000476837158,1.190000057220459,1.2000000476837158,10770,0.0,0.0
2023-06-21 12:30:00-04:00,1.2000000476837158,1.2200000286102295,1.190000057220459,1.2200000286102295,8283,0.0,0.0
2023-06-21 13:30:00-04:00,1.2100000381469727,1.2300000190734863,1.2100000381469727,1.2300000190734863,54979,0.0,0.0
2023-06-21 14:30:00-04:00,1.2400000095367432,1.2400000095367432,1.2200000286102295,1.2200000286102295,24300,0.0,0.0
2023-06-21 15:30:00-04:00,1.221500039100647,1.2300000190734863,1.2200000286102295,1.2200000286102295,9188,0.0,0.0
2023-06-22 09:30:00-04:00,1.2000000476837158,1.2300000190734863,1.2000000476837158,1.2300000190734863,67819,0.0,0.0
2023-06-22 10:30:00-04:00,1.2300000190734863,1.2300000190734863,1.2100000381469727,1.2200000286102295,17096,0.0,0.0
2023-06-22 11:30:00-04:00,1.2200000286102295,1.2599999904632568,1.215000033378601,1.242900013923645,131093,0.0,0.0
2023-06-22 12:30:00-04:00,1.2400000095367432,1.25,1.2400000095367432,1.2400000095367432,2389,0.0,0.0
2023-06-22 13:30:00-04:00,1.25,1.25,1.2300000190734863,1.2300000190734863,85825,0.0,0.0
2023-06-22 14:30:00-04:00,1.2300000190734863,1.2350000143051147,1.2300000190734863,1.2308000326156616,9468,0.0,0.0
2023-06-22 15:30:00-04:00,1.2350000143051147,1.2400000095367432,1.2300000190734863,1.2400000095367432,27942,0.0,0.0
2023-06-23 09:30:00-04:00,1.2400000095367432,1.2999999523162842,1.225000023841858,1.2999999523162842,127991,0.0,0.0
2023-06-23 10:30:00-04:00,1.2949999570846558,1.2999999523162842,1.284999966621399,1.2999999523162842,176228,0.0,0.0
2023-06-23 11:30:00-04:00,1.2999999523162842,1.309999942779541,1.284999966621399,1.3087999820709229,165423,0.0,0.0
2023-06-23 12:30:00-04:00,1.3049999475479126,1.309999942779541,1.2949999570846558,1.2999999523162842,75845,0.0,0.0
2023-06-23 13:30:00-04:00,1.2999999523162842,1.309999942779541,1.2899999618530273,1.3049999475479126,87109,0.0,0.0
2023-06-23 14:30:00-04:00,1.2999999523162842,1.309999942779541,1.2899999618530273,1.2999999523162842,68995,0.0,0.0
2023-06-23 15:30:00-04:00,1.2949999570846558,1.2999999523162842,1.2100000381469727,1.2400000095367432,158021,0.0,0.0
2023-06-26 09:30:00-04:00,1.2400000095367432,1.2899999618530273,1.2400000095367432,1.2699999809265137,166300,0.0,0.0
2023-06-26 10:30:00-04:00,1.2699999809265137,1.2699999809265137,1.25,1.25,32423,0.0,0.0
2023-06-26 11:30:00-04:00,1.25,1.2580000162124634,1.2400000095367432,1.2450000047683716,13230,0.0,0.0
2023-06-26 12:30:00-04:00,1.25,1.25,1.2300000190734863,1.25,34144,0.0,0.0
2023-06-26 13:30:00-04:00,1.25,1.2599999904632568,1.2450000047683716,1.25,21240,0.0,0.0
2023-06-26 14:30:00-04:00,1.25,1.2599999904632568,1.2450000047683716,1.2599999904632568,56684,0.0,0.0
2023-06-26 15:30:00-04:00,1.25,1.2599999904632568,1.2400000095367432,1.2549999952316284,23527,0.0,0.0
2023-06-27 09:30:00-04:00,1.2599999904632568,1.2799999713897705,1.250100016593933,1.2599999904632568,61272,0.0,0.0
2023-06-27 10:30:00-04:00,1.2599999904632568,1.2699999809265137,1.2599999904632568,1.269700050354004,3140,0.0,0.0
2023-06-27 11:30:00-04:00,1.2699999809265137,1.2899999618530273,1.261199951171875,1.274999976158142,63515,0.0,0.0
2023-06-27 12:30:00-04:00,1.2699999809265137,1.2799999713897705,1.2599999904632568,1.2599999904632568,22280,0.0,0.0
2023-06-27 13:30:00-04:00,1.2699999809265137,1.2799999713897705,1.1699999570846558,1.2300000190734863,611616,0.0,0.0
2023-06-27 14:30:00-04:00,1.2300000190734863,1.2599999904632568,1.225000023841858,1.25,183441,0.0,0.0
2023-06-27 15:30:00-04:00,1.2450000047683716,1.2649999856948853,1.2350000143051147,1.25,115510,0.0,0.0
2023-06-28 09:30:00-04:00,1.25,1.2699999809265137,1.2400000095367432,1.2599999904632568,69712,0.0,0.0
2023-06-28 10:30:00-04:00,1.2599999904632568,1.2999999523162842,1.2400000095367432,1.2999000549316406,233238,0.0,0.0
2023-06-28 11:30:00-04:00,1.292199969291687,1.2999999523162842,1.2799999713897705,1.2899999618530273,42438,0.0,0.0
2023-06-28 12:30:00-04:00,1.2999999523162842,1.2999999523162842,1.2699999809265137,1.2799999713897705,63017,0.0,0.0
2023-06-28 13:30:00-04:00,1.2799999713897705,1.2898999452590942,1.2799999713897705,1.2805999517440796,17188,0.0,0.0
2023-06-28 14:30:00-04:00,1.2799999713897705,1.2999999523162842,1.2799999713897705,1.2799999713897705,142182,0.0,0.0
2023-06-28 15:30:00-04:00,1.2899999618530273,1.2999999523162842,1.2799999713897705,1.2899999618530273,94022,0.0,0.0
2023-06-29 09:30:00-04:00,1.2899999618530273,1.3200000524520874,1.2799999713897705,1.284999966621399,88277,0.0,0.0
2023-06-29 10:30:00-04:00,1.2894999980926514,1.2899999618530273,1.2799999713897705,1.2799999713897705,59593,0.0,0.0
2023-06-29 11:30:00-04:00,1.2899999618530273,1.2899999618530273,1.2799999713897705,1.2899999618530273,26612,0.0,0.0
2023-06-29 12:30:00-04:00,1.2864999771118164,1.2899999618530273,1.2799999713897705,1.2799999713897705,39739,0.0,0.0
2023-06-29 13:30:00-04:00,1.2799999713897705,1.2899999618530273,1.2799999713897705,1.2799999713897705,5384,0.0,0.0
2023-06-29 14:30:00-04:00,1.2799999713897705,1.2899999618530273,1.2699999809265137,1.2799999713897705,61195,0.0,0.0
2023-06-29 15:30:00-04:00,1.2799999713897705,1.2800999879837036,1.2699999809265137,1.2699999809265137,54818,0.0,0.0
2023-06-30 09:30:00-04:00,1.2799999713897705,1.2999999523162842,1.2699999809265137,1.284999966621399,58185,0.0,0.0
2023-06-30 10:30:00-04:00,1.2799999713897705,1.2899999618530273,1.2599999904632568,1.2599999904632568,13945,0.0,0.0
2023-06-30 11:30:00-04:00,1.2599999904632568,1.2799999713897705,1.25,1.25,10479,0.0,0.0
2023-06-30 12:30:00-04:00,1.25,1.2799999713897705,1.25,1.2599999904632568,44928,0.0,0.0
2023-06-30 13:30:00-04:00,1.2599999904632568,1.2799999713897705,1.2599999904632568,1.2699999809265137,35290,0.0,0.0
2023-06-30 14:30:00-04:00,1.2699999809265137,1.2799999713897705,1.2599999904632568,1.2699999809265137,61308,0.0,0.0
2023-06-30 15:30:00-04:00,1.2799999713897705,1.2799999713897705,1.2599999904632568,1.2599999904632568,46283,0.0,0.0
2023-07-03 09:30:00-04:00,1.2799999713897705,1.309999942779541,1.2799999713897705,1.2899999618530273,91231,0.0,0.0
2023-07-03 10:30:00-04:00,1.2999000549316406,1.2999999523162842,1.2899999618530273,1.2949999570846558,88553,0.0,0.0
2023-07-03 11:30:00-04:00,1.2899999618530273,1.2949999570846558,1.2799999713897705,1.2899999618530273,22918,0.0,0.0
2023-07-05 09:30:00-04:00,1.2899999618530273,1.2999999523162842,1.2699999809265137,1.2899999618530273,86251,0.0,0.0
2023-07-05 10:30:00-04:00,1.2899999618530273,1.2999999523162842,1.2599999904632568,1.2899999618530273,103252,0.0,0.0
2023-07-05 11:30:00-04:00,1.284999966621399,1.284999966621399,1.25,1.2699999809265137,45023,0.0,0.0
2023-07-05 12:30:00-04:00,1.2699999809265137,1.2899999618530273,1.2599999904632568,1.2599999904632568,26921,0.0,0.0
2023-07-05 13:30:00-04:00,1.2599999904632568,1.2999999523162842,1.25,1.2799999713897705,94528,0.0,0.0
2023-07-05 14:30:00-04:00,1.2799999713897705,1.2899999618530273,1.2699999809265137,1.284999966621399,27057,0.0,0.0
2023-07-05 15:30:00-04:00,1.284999966621399,1.2999999523162842,1.2699999809265137,1.2999999523162842,44709,0.0,0.0
2023-07-06 09:30:00-04:00,1.2699999809265137,1.2899999618530273,1.2400000095367432,1.2450000047683716,89667,0.0,0.0
2023-07-06 10:30:00-04:00,1.2450000047683716,1.2599999904632568,1.2200000286102295,1.25,179075,0.0,0.0
2023-07-06 11:30:00-04:00,1.25,1.2699999809265137,1.2401000261306763,1.2649999856948853,47943,0.0,0.0
2023-07-06 12:30:00-04:00,1.2618000507354736,1.2649999856948853,1.2400000095367432,1.25,103654,0.0,0.0
2023-07-06 13:30:00-04:00,1.25,1.25,1.2400000095367432,1.2400000095367432,12164,0.0,0.0
2023-07-06 14:30:00-04:00,1.25,1.25,1.2000000476837158,1.2200000286102295,83079,0.0,0.0
2023-07-06 15:30:00-04:00,1.2280000448226929,1.2300000190734863,1.190000057220459,1.2300000190734863,34834,0.0,0.0
2023-07-07 09:30:00-04:00,1.2100000381469727,1.2599999904632568,1.159999966621399,1.2400000095367432,145697,0.0,0.0
2023-07-07 10:30:00-04:00,1.2400000095367432,1.2799999713897705,1.23989999294281,1.2799999713897705,64736,0.0,0.0
2023-07-07 11:30:00-04:00,1.2799999713897705,1.2899999618530273,1.274999976158142,1.284999966621399,47667,0.0,0.0
2023-07-07 12:30:00-04:00,1.2899999618530273,1.2899999618530273,1.2599999904632568,1.2799999713897705,52680,0.0,0.0
2023-07-07 13:30:00-04:00,1.2799999713897705,1.3049999475479126,1.2699999809265137,1.2999999523162842,71789,0.0,0.0
2023-07-07 14:30:00-04:00,1.2949999570846558,1.2999999523162842,1.284999966621399,1.2949999570846558,42654,0.0,0.0
2023-07-07 15:30:00-04:00,1.2899999618530273,1.2999999523162842,1.2799999713897705,1.2999999523162842,37924,0.0,0.0
2023-07-10 09:30:00-04:00,1.2899999618530273,1.3200000524520874,1.2799999713897705,1.309999942779541,67327,0.0,0.0
2023-07-10 10:30:00-04:00,1.3200000524520874,1.350000023841858,1.3200000524520874,1.3300000429153442,86685,0.0,0.0
2023-07-10 11:30:00-04:00,1.3350000381469727,1.340000033378601,1.3200000524520874,1.3200000524520874,18894,0.0,0.0
2023-07-10 12:30:00-04:00,1.3300000429153442,1.350000023841858,1.3250000476837158,1.3350000381469727,38277,0.0,0.0
2023-07-10 13:30:00-04:00,1.3350000381469727,1.350000023841858,1.332900047302246,1.3401000499725342,46566,0.0,0.0
2023-07-10 14:30:00-04:00,1.3450000286102295,1.3700000047683716,1.340000033378601,1.350000023841858,151642,0.0,0.0
2023-07-10 15:30:00-04:00,1.350000023841858,1.3799999952316284,1.350000023841858,1.3799999952316284,59476,0.0,0.0
2023-07-11 09:30:00-04:00,1.3799999952316284,1.3899999856948853,1.3300000429153442,1.350000023841858,59375,0.0,0.0
2023-07-11 10:30:00-04:00,1.3504999876022339,1.3600000143051147,1.3200000524520874,1.3401000499725342,79293,0.0,0.0
2023-07-11 11:30:00-04:00,1.350000023841858,1.350000023841858,1.3300000429153442,1.3300000429153442,33881,0.0,0.0
2023-07-11 12:30:00-04:00,1.3300000429153442,1.3350000381469727,1.3200000524520874,1.3350000381469727,7014,0.0,0.0
2023-07-11 13:30:00-04:00,1.3398000001907349,1.3600000143051147,1.3350000381469727,1.3450000286102295,31692,0.0,0.0
2023-07-11 14:30:00-04:00,1.3457000255584717,1.3700000047683716,1.340000033378601,1.340000033378601,57278,0.0,0.0
2023-07-11 15:30:00-04:00,1.350000023841858,1.350000023841858,1.340000033378601,1.340000033378601,13656,0.0,0.0
2023-07-12 09:30:00-04:00,1.350000023841858,1.399999976158142,1.350000023841858,1.3849999904632568,132277,0.0,0.0
2023-07-12 10:30:00-04:00,1.3849999904632568,1.3899999856948853,1.3600000143051147,1.3849999904632568,34765,0.0,0.0
2023-07-12 11:30:00-04:00,1.3878999948501587,1.3899999856948853,1.350000023841858,1.3600000143051147,49104,0.0,0.0
2023-07-12 12:30:00-04:00,1.3650000095367432,1.3700000047683716,1.3600000143051147,1.3600000143051147,16588,0.0,0.0
2023-07-12 13:30:00-04:00,1.3650000095367432,1.3700000047683716,1.3600000143051147,1.3650000095367432,7106,0.0,0.0
2023-07-12 14:30:00-04:00,1.3650000095367432,1.3799999952316284,1.350000023841858,1.3600000143051147,35108,0.0,0.0
2023-07-12 15:30:00-04:00,1.3695000410079956,1.3799999952316284,1.3600000143051147,1.3700000047683716,37533,0.0,0.0
2023-07-13 09:30:00-04:00,1.3799999952316284,1.399999976158142,1.350000023841858,1.3899999856948853,78051,0.0,0.0
2023-07-13 10:30:00-04:00,1.3799999952316284,1.399999976158142,1.3600000143051147,1.3899999856948853,45407,0.0,0.0
2023-07-13 11:30:00-04:00,1.3899999856948853,1.3899999856948853,1.3799999952316284,1.3849999904632568,11662,0.0,0.0
2023-07-13 12:30:00-04:00,1.3849999904632568,1.399999976158142,1.350000023841858,1.3700000047683716,70512,0.0,0.0
2023-07-13 13:30:00-04:00,1.3700000047683716,1.3799999952316284,1.3700000047683716,1.375,12402,0.0,0.0
2023-07-13 14:30:00-04:00,1.375,1.375,1.3600000143051147,1.3650000095367432,29355,0.0,0.0
2023-07-13 15:30:00-04:00,1.3680000305175781,1.3799999952316284,1.3600000143051147,1.3700000047683716,27384,0.0,0.0
2023-07-14 09:30:00-04:00,1.3700000047683716,1.3799999952316284,1.3401000499725342,1.375,25839,0.0,0.0
2023-07-14 10:30:00-04:00,1.3799999952316284,1.3799999952316284,1.340000033378601,1.3550000190734863,34678,0.0,0.0
2023-07-14 11:30:00-04:00,1.3550000190734863,1.3700000047683716,1.350000023841858,1.350000023841858,14621,0.0,0.0
2023-07-14 12:30:00-04:00,1.350000023841858,1.3600000143051147,1.3300000429153442,1.350000023841858,53988,0.0,0.0
2023-07-14 13:30:00-04:00,1.350000023841858,1.3899999856948853,1.3300000429153442,1.3899999856948853,207157,0.0,0.0
2023-07-14 14:30:00-04:00,1.3899999856948853,1.3899999856948853,1.3799999952316284,1.3899999856948853,8374,0.0,0.0
2023-07-14 15:30:00-04:00,1.3898999691009521,1.3899999856948853,1.3700000047683716,1.3700000047683716,14591,0.0,0.0
2023-07-17 09:30:00-04:00,1.3799999952316284,1.440000057220459,1.3799999952316284,1.4199999570846558,124590,0.0,0.0
2023-07-17 10:30:00-04:00,1.4199999570846558,1.4199999570846558,1.3799999952316284,1.3880000114440918,115421,0.0,0.0
2023-07-17 11:30:00-04:00,1.3849999904632568,1.3899999856948853,1.3799999952316284,1.3849999904632568,11150,0.0,0.0
2023-07-17 12:30:00-04:00,1.3890999555587769,1.3899999856948853,1.3799999952316284,1.3899999856948853,11805,0.0,0.0
2023-07-17 13:30:00-04:00,1.3839999437332153,1.409999966621399,1.3799999952316284,1.4049999713897705,56559,0.0,0.0
2023-07-17 14:30:00-04:00,1.399999976158142,1.409999966621399,1.3899999856948853,1.3949999809265137,94826,0.0,0.0
2023-07-17 15:30:00-04:00,1.3949999809265137,1.399999976158142,1.3899999856948853,1.399999976158142,18591,0.0,0.0
2023-07-18 09:30:00-04:00,1.409999966621399,1.440000057220459,1.399999976158142,1.4045000076293945,13662,0.0,0.0
2023-07-18 10:30:00-04:00,1.399999976158142,1.399999976158142,1.3899999856948853,1.3899999856948853,38351,0.0,0.0
2023-07-18 11:30:00-04:00,1.3984999656677246,1.399999976158142,1.3899999856948853,1.399999976158142,12579,0.0,0.0
2023-07-18 12:30:00-04:00,1.3899999856948853,1.399999976158142,1.375,1.3799999952316284,25649,0.0,0.0
2023-07-18 13:30:00-04:00,1.3799999952316284,1.3898999691009521,1.3600000143051147,1.3700000047683716,50875,0.0,0.0
2023-07-18 14:30:00-04:00,1.3700000047683716,1.399999976158142,1.3601000308990479,1.375,102545,0.0,0.0
2023-07-18 15:30:00-04:00,1.3799999952316284,1.3899999856948853,1.375,1.3849999904632568,29718,0.0,0.0
2023-07-19 09:30:00-04:00,1.399999976158142,1.399999976158142,1.3700000047683716,1.3700000047683716,33150,0.0,0.0
2023-07-19 10:30:00-04:00,1.3700000047683716,1.3899999856948853,1.3700000047683716,1.3799999952316284,58732,0.0,0.0
2023-07-19 11:30:00-04:00,1.3799999952316284,1.3801000118255615,1.340000033378601,1.3496999740600586,73873,0.0,0.0
2023-07-19 12:30:00-04:00,1.340000033378601,1.340000033378601,1.3125,1.3380000591278076,29282,0.0,0.0
2023-07-19 13:30:00-04:00,1.3350000381469727,1.340000033378601,1.3300000429153442,1.3350000381469727,19258,0.0,0.0
2023-07-19 14:30:00-04:00,1.3300000429153442,1.340000033378601,1.3250000476837158,1.3350000381469727,22500,0.0,0.0
2023-07-19 15:30:00-04:00,1.3350000381469727,1.340000033378601,1.3200000524520874,1.3200000524520874,59784,0.0,0.0
2023-07-20 09:30:00-04:00,1.350000023841858,1.3600000143051147,1.2999999523162842,1.3092999458312988,31857,0.0,0.0
2023-07-20 10:30:00-04:00,1.2999999523162842,1.3200000524520874,1.2899999618530273,1.301200032234192,61294,0.0,0.0
2023-07-20 11:30:00-04:00,1.309399962425232,1.309999942779541,1.2949999570846558,1.3049999475479126,37392,0.0,0.0
2023-07-20 12:30:00-04:00,1.3009999990463257,1.3049999475479126,1.2799999713897705,1.3049999475479126,88253,0.0,0.0
2023-07-20 13:30:00-04:00,1.309999942779541,1.309999942779541,1.2939000129699707,1.3049999475479126,29902,0.0,0.0
2023-07-20 14:30:00-04:00,1.3049999475479126,1.309999942779541,1.2999999523162842,1.3049999475479126,7367,0.0,0.0
2023-07-20 15:30:00-04:00,1.3049999475479126,1.309999942779541,1.2899999618530273,1.3049999475479126,53022,0.0,0.0
2023-07-21 09:30:00-04:00,1.2999999523162842,1.350000023841858,1.2699999809265137,1.2949999570846558,141518,0.0,0.0
2023-07-21 10:30:00-04:00,1.2717000246047974,1.3200000524520874,1.2711000442504883,1.315000057220459,43695,0.0,0.0
2023-07-21 11:30:00-04:00,1.315000057220459,1.318600058555603,1.2999999523162842,1.3049999475479126,12052,0.0,0.0
2023-07-21 12:30:00-04:00,1.3049999475479126,1.309999942779541,1.2999999523162842,1.2999999523162842,4712,0.0,0.0
2023-07-21 13:30:00-04:00,1.309999942779541,1.309999942779541,1.2999999523162842,1.3050999641418457,1171,0.0,0.0
2023-07-21 14:30:00-04:00,1.301200032234192,1.309999942779541,1.2999999523162842,1.2999999523162842,2359,0.0,0.0
2023-07-21 15:30:00-04:00,1.3011000156402588,1.309999942779541,1.2999999523162842,1.2999999523162842,8871,0.0,0.0
2023-07-24 09:30:00-04:00,1.309999942779541,1.3200000524520874,1.2599999904632568,1.284999966621399,39286,0.0,0.0
2023-07-24 10:30:00-04:00,1.2806999683380127,1.2899999618530273,1.2699999809265137,1.2699999809265137,21127,0.0,0.0
2023-07-24 11:30:00-04:00,1.274999976158142,1.274999976158142,1.2699999809265137,1.2699999809265137,4075,0.0,0.0
2023-07-24 12:30:00-04:00,1.2699999809265137,1.2699999809265137,1.25,1.2549999952316284,19490,0.0,0.0
2023-07-24 13:30:00-04:00,1.2549999952316284,1.279099941253662,1.2511999607086182,1.274999976158142,121055,0.0,0.0
2023-07-24 14:30:00-04:00,1.2792999744415283,1.2999999523162842,1.2699999809265137,1.2799999713897705,68684,0.0,0.0
2023-07-24 15:30:00-04:00,1.274999976158142,1.2799999713897705,1.2747999429702759,1.2799999713897705,8381,0.0,0.0
2023-07-25 09:30:00-04:00,1.309999942779541,1.309999942779541,1.2799999713897705,1.280900001525879,20282,0.0,0.0
2023-07-25 10:30:00-04:00,1.2899999618530273,1.2899999618530273,1.2800999879837036,1.2868000268936157,3636,0.0,0.0
2023-07-25 11:30:00-04:00,1.284999966621399,1.2899999618530273,1.2699999809265137,1.274999976158142,23614,0.0,0.0
2023-07-25 12:30:00-04:00,1.274999976158142,1.274999976158142,1.2599999904632568,1.2604999542236328,27269,0.0,0.0
2023-07-25 13:30:00-04:00,1.2599999904632568,1.2699999809265137,1.2100000381469727,1.2400000095367432,121579,0.0,0.0
2023-07-25 14:30:00-04:00,1.2400000095367432,1.2999999523162842,1.2400000095367432,1.2999999523162842,122328,0.0,0.0
2023-07-25 15:30:00-04:00,1.2999999523162842,1.309999942779541,1.2899999618530273,1.2899999618530273,105171,0.0,0.0
2023-07-26 09:30:00-04:00,1.2699999809265137,1.2999999523162842,1.2699999809265137,1.295199990272522,23604,0.0,0.0
2023-07-26 10:30:00-04:00,1.2949999570846558,1.2999999523162842,1.2799999713897705,1.284999966621399,41212,0.0,0.0
2023-07-26 11:30:00-04:00,1.284999966621399,1.2999999523162842,1.2799999713897705,1.2999999523162842,40363,0.0,0.0
2023-07-26 12:30:00-04:00,1.2999999523162842,1.3300000429153442,1.2899999618530273,1.3200000524520874,49882,0.0,0.0
2023-07-26 13:30:00-04:00,1.3250000476837158,1.3300000429153442,1.3200000524520874,1.3250000476837158,15003,0.0,0.0
2023-07-26 14:30:00-04:00,1.3300000429153442,1.3700000047683716,1.3300000429153442,1.3700000047683716,71751,0.0,0.0
2023-07-26 15:30:00-04:00,1.3600000143051147,1.4299999475479126,1.3600000143051147,1.4199999570846558,94013,0.0,0.0
2023-07-27 09:30:00-04:00,1.590000033378601,1.649999976158142,1.4800000190734863,1.618899941444397,2164512,0.0,0.0
2023-07-27 10:30:00-04:00,1.6198999881744385,1.6200000047683716,1.5800000429153442,1.600000023841858,408820,0.0,0.0
2023-07-27 11:30:00-04:00,1.5993000268936157,1.690000057220459,1.5800000429153442,1.6649999618530273,757966,0.0,0.0
2023-07-27 12:30:00-04:00,1.6699999570846558,1.7999999523162842,1.659999966621399,1.742799997329712,849928,0.0,0.0
2023-07-27 13:30:00-04:00,1.7400000095367432,1.809999942779541,1.7100000381469727,1.7350000143051147,930534,0.0,0.0
2023-07-27 14:30:00-04:00,1.7319999933242798,1.75,1.6699999570846558,1.684999942779541,474492,0.0,0.0
2023-07-27 15:30:00-04:00,1.690000057220459,1.7200000286102295,1.6799999475479126,1.7000000476837158,466982,0.0,0.0
2023-07-28 09:30:00-04:00,1.7000000476837158,1.75,1.590000033378601,1.7200000286102295,332140,0.0,0.0
2023-07-28 10:30:00-04:00,1.7200000286102295,1.7699999809265137,1.7010999917984009,1.7549999952316284,362086,0.0,0.0
2023-07-28 11:30:00-04:00,1.7549999952316284,1.809999942779541,1.7549999952316284,1.784999966621399,483236,0.0,0.0
2023-07-28 12:30:00-04:00,1.784999966621399,1.7899999618530273,1.7100000381469727,1.7480000257492065,316132,0.0,0.0
2023-07-28 13:30:00-04:00,1.7450000047683716,1.75,1.7174999713897705,1.7300000190734863,194784,0.0,0.0
2023-07-28 14:30:00-04:00,1.7300000190734863,1.75,1.7200000286102295,1.75,327938,0.0,0.0
2023-07-28 15:30:00-04:00,1.75,1.7799999713897705,1.7405999898910522,1.7699999809265137,264383,0.0,0.0
2023-07-31 09:30:00-04:00,1.75,1.75,1.6598999500274658,1.684999942779541,190886,0.0,0.0
2023-07-31 10:30:00-04:00,1.684999942779541,1.7200000286102295,1.6799999475479126,1.7000000476837158,68560,0.0,0.0
2023-07-31 11:30:00-04:00,1.7010999917984009,1.7400000095367432,1.7010999917984009,1.7350000143051147,39635,0.0,0.0
2023-07-31 12:30:00-04:00,1.7300000190734863,1.7400000095367432,1.7000000476837158,1.7000999450683594,28592,0.0,0.0
2023-07-31 13:30:00-04:00,1.7100000381469727,1.7400000095367432,1.7100000381469727,1.7400000095367432,9640,0.0,0.0
2023-07-31 14:30:00-04:00,1.7400000095367432,1.75,1.7300000190734863,1.7400000095367432,36856,0.0,0.0
2023-07-31 15:30:00-04:00,1.7400000095367432,1.75,1.7200000286102295,1.7300000190734863,61482,0.0,0.0
2023-08-01 09:30:00-04:00,1.7000000476837158,1.7100000381469727,1.659999966621399,1.659999966621399,101327,0.0,0.0
2023-08-01 10:30:00-04:00,1.6500999927520752,1.6950000524520874,1.649999976158142,1.684999942779541,39709,0.0,0.0
2023-08-01 11:30:00-04:00,1.6950000524520874,1.7100000381469727,1.684999942779541,1.7050000429153442,44867,0.0,0.0
2023-08-01 12:30:00-04:00,1.7050000429153442,1.7100000381469727,1.690000057220459,1.7100000381469727,28036,0.0,0.0
2023-08-01 13:30:00-04:00,1.7100000381469727,1.7300000190734863,1.7000000476837158,1.715000033378601,52598,0.0,0.0
2023-08-01 14:30:00-04:00,1.7200000286102295,1.7200000286102295,1.7100000381469727,1.7200000286102295,22048,0.0,0.0
2023-08-01 15:30:00-04:00,1.715000033378601,1.7300000190734863,1.7100000381469727,1.7300000190734863,28827,0.0,0.0
2023-08-02 09:30:00-04:00,1.7100000381469727,1.7300000190734863,1.6649999618530273,1.7300000190734863,30269,0.0,0.0
2023-08-02 10:30:00-04:00,1.7300000190734863,1.7350000143051147,1.690000057220459,1.6979999542236328,59785,0.0,0.0
2023-08-02 11:30:00-04:00,1.6950000524520874,1.7000000476837158,1.659999966621399,1.6649999618530273,26325,0.0,0.0
2023-08-02 12:30:00-04:00,1.6698999404907227,1.690000057220459,1.6649999618530273,1.690000057220459,44399,0.0,0.0
2023-08-02 13:30:00-04:00,1.6950000524520874,1.7000000476837158,1.684999942779541,1.7000000476837158,26025,0.0,0.0
2023-08-02 14:30:00-04:00,1.7000000476837158,1.7000000476837158,1.684999942779541,1.684999942779541,58803,0.0,0.0
2023-08-02 15:30:00-04:00,1.690000057220459,1.690000057220459,1.649999976158142,1.6649999618530273,78728,0.0,0.0
2023-08-03 09:30:00-04:00,1.659999966621399,1.6699999570846558,1.6349999904632568,1.6399999856948853,51102,0.0,0.0
2023-08-03 10:30:00-04:00,1.6349999904632568,1.659999966621399,1.6299999952316284,1.6399999856948853,39940,0.0,0.0
2023-08-03 11:30:00-04:00,1.6349999904632568,1.649999976158142,1.6299999952316284,1.6399999856948853,24846,0.0,0.0
2023-08-03 12:30:00-04:00,1.6399999856948853,1.6399999856948853,1.6200000047683716,1.6399999856948853,48337,0.0,0.0
2023-08-03 13:30:00-04:00,1.6399999856948853,1.6699999570846558,1.6299999952316284,1.659999966621399,94863,0.0,0.0
2023-08-03 14:30:00-04:00,1.6649999618530273,1.6799999475479126,1.659999966621399,1.6699999570846558,41271,0.0,0.0
2023-08-03 15:30:00-04:00,1.6699999570846558,1.6749999523162842,1.6549999713897705,1.659999966621399,134209,0.0,0.0
2023-08-04 09:30:00-04:00,1.6699999570846558,1.7200000286102295,1.6655999422073364,1.690000057220459,71927,0.0,0.0
2023-08-04 10:30:00-04:00,1.6950000524520874,1.7400000095367432,1.6950000524520874,1.7300000190734863,36044,0.0,0.0
2023-08-04 11:30:00-04:00,1.7350000143051147,1.7400000095367432,1.715000033378601,1.715000033378601,45052,0.0,0.0
2023-08-04 12:30:00-04:00,1.715000033378601,1.7200000286102295,1.7050000429153442,1.7100000381469727,59677,0.0,0.0
2023-08-04 13:30:00-04:00,1.7200000286102295,1.7200000286102295,1.7100000381469727,1.7100000381469727,5235,0.0,0.0
2023-08-04 14:30:00-04:00,1.715000033378601,1.7200000286102295,1.7100000381469727,1.715000033378601,24401,0.0,0.0
2023-08-04 15:30:00-04:00,1.7100000381469727,1.7200000286102295,1.690000057220459,1.690000057220459,71313,0.0,0.0
2023-08-07 09:30:00-04:00,1.6799999475479126,1.7050000429153442,1.6699999570846558,1.6950000524520874,81809,0.0,0.0
2023-08-07 10:30:00-04:00,1.7000000476837158,1.7300000190734863,1.6950000524520874,1.7009999752044678,34860,0.0,0.0
2023-08-07 11:30:00-04:00,1.7100000381469727,1.7200000286102295,1.7000000476837158,1.715000033378601,32521,0.0,0.0
2023-08-07 12:30:00-04:00,1.715000033378601,1.7200000286102295,1.7000000476837158,1.7200000286102295,36755,0.0,0.0
2023-08-07 13:30:00-04:00,1.7200000286102295,1.7200000286102295,1.7100000381469727,1.715000033378601,21289,0.0,0.0
2023-08-07 14:30:00-04:00,1.7100000381469727,1.715000033378601,1.690000057220459,1.690000057220459,87364,0.0,0.0
2023-08-07 15:30:00-04:00,1.6950000524520874,1.6950000524520874,1.6799999475479126,1.684999942779541,38972,0.0,0.0
2023-08-08 09:30:00-04:00,1.6799999475479126,1.6799999475479126,1.6200000047683716,1.6649999618530273,51297,0.0,0.0
2023-08-08 10:30:00-04:00,1.6649999618530273,1.7000000476837158,1.6649999618530273,1.6950000524520874,21790,0.0,0.0
2023-08-08 11:30:00-04:00,1.6950000524520874,1.7000000476837158,1.6914000511169434,1.6914000511169434,7096,0.0,0.0
2023-08-08 12:30:00-04:00,1.6950000524520874,1.7000000476837158,1.690000057220459,1.690000057220459,6132,0.0,0.0
2023-08-08 13:30:00-04:00,1.6996999979019165,1.6996999979019165,1.690000057220459,1.6950000524520874,4454,0.0,0.0
2023-08-08 14:30:00-04:00,1.690000057220459,1.7000000476837158,1.690000057220459,1.6950000524520874,16398,0.0,0.0
2023-08-08 15:30:00-04:00,1.6957999467849731,1.7000000476837158,1.690000057220459,1.7000000476837158,27184,0.0,0.0
2023-08-09 09:30:00-04:00,1.7000000476837158,1.7000000476837158,1.6699999570846558,1.6749999523162842,31372,0.0,0.0
2023-08-09 10:30:00-04:00,1.6799999475479126,1.6799999475479126,1.6399999856948853,1.649999976158142,41355,0.0,0.0
2023-08-09 11:30:00-04:00,1.649999976158142,1.6699999570846558,1.649999976158142,1.660099983215332,19112,0.0,0.0
2023-08-09 12:30:00-04:00,1.6628999710083008,1.6628999710083008,1.6628999710083008,1.6628999710083008,208,0.0,0.0
2023-08-09 13:30:00-04:00,1.6649999618530273,1.6749999523162842,1.6614999771118164,1.6614999771118164,13364,0.0,0.0
2023-08-09 14:30:00-04:00,1.6699999570846558,1.6749999523162842,1.659999966621399,1.659999966621399,8828,0.0,0.0
2023-08-09 15:30:00-04:00,1.659999966621399,1.6649999618530273,1.649999976158142,1.6549999713897705,11122,0.0,0.0
2023-08-10 09:30:00-04:00,1.6699999570846558,1.690000057220459,1.6399999856948853,1.684999942779541,42164,0.0,0.0
2023-08-10 10:30:00-04:00,1.6799999475479126,1.6799999475479126,1.659999966621399,1.6612000465393066,14368,0.0,0.0
2023-08-10 11:30:00-04:00,1.6605000495910645,1.6605000495910645,1.6503000259399414,1.6503000259399414,9924,0.0,0.0
2023-08-10 12:30:00-04:00,1.6513999700546265,1.659999966621399,1.6100000143051147,1.6399999856948853,85684,0.0,0.0
2023-08-10 13:30:00-04:00,1.6349999904632568,1.6699999570846558,1.625,1.659999966621399,28861,0.0,0.0
2023-08-10 14:30:00-04:00,1.659999966621399,1.690000057220459,1.659999966621399,1.6799999475479126,72018,0.0,0.0
2023-08-10 15:30:00-04:00,1.690000057220459,1.690000057220459,1.684999942779541,1.690000057220459,6673,0.0,0.0
2023-08-11 09:30:00-04:00,1.6799999475479126,1.6799999475479126,1.6434999704360962,1.659999966621399,49749,0.0,0.0
2023-08-11 10:30:00-04:00,1.659999966621399,1.6799999475479126,1.6549999713897705,1.659999966621399,72530,0.0,0.0
2023-08-11 11:30:00-04:00,1.6610000133514404,1.7000000476837158,1.659999966621399,1.6717000007629395,39133,0.0,0.0
2023-08-11 12:30:00-04:00,1.690000057220459,1.7100000381469727,1.6799999475479126,1.7000000476837158,34524,0.0,0.0
2023-08-11 13:30:00-04:00,1.7000000476837158,1.7100000381469727,1.690000057220459,1.7000000476837158,44645,0.0,0.0
2023-08-11 14:30:00-04:00,1.7000000476837158,1.7000000476837158,1.690000057220459,1.6950000524520874,16921,0.0,0.0
2023-08-11 15:30:00-04:00,1.7000000476837158,1.7000000476837158,1.659999966621399,1.6699999570846558,61595,0.0,0.0
2023-08-14 09:30:00-04:00,1.6699999570846558,1.7100000381469727,1.6349999904632568,1.6399999856948853,43653,0.0,0.0
2023-08-14 10:30:00-04:00,1.6449999809265137,1.6449999809265137,1.6200000047683716,1.6299999952316284,53530,0.0,0.0
2023-08-14 11:30:00-04:00,1.625,1.6799999475479126,1.625,1.6449999809265137,147482,0.0,0.0
2023-08-14 12:30:00-04:00,1.649999976158142,1.6799999475479126,1.649999976158142,1.659999966621399,84247,0.0,0.0
2023-08-14 13:30:00-04:00,1.6607999801635742,1.6627000570297241,1.6399999856948853,1.6399999856948853,11011,0.0,0.0
2023-08-14 14:30:00-04:00,1.6399999856948853,1.649999976158142,1.6399999856948853,1.6399999856948853,23834,0.0,0.0
2023-08-14 15:30:00-04:00,1.6399999856948853,1.6449999809265137,1.6200000047683716,1.625,38503,0.0,0.0
2023-08-15 09:30:00-04:00,1.6100000143051147,1.6198999881744385,1.5700000524520874,1.6150000095367432,122555,0.0,0.0
2023-08-15 10:30:00-04:00,1.6150000095367432,1.6399999856948853,1.6050000190734863,1.6200000047683716,40032,0.0,0.0
2023-08-15 11:30:00-04:00,1.6200000047683716,1.6299999952316284,1.6050000190734863,1.611899971961975,38358,0.0,0.0
2023-08-15 12:30:00-04:00,1.6150000095367432,1.6299999952316284,1.6150000095367432,1.625,6829,0.0,0.0
2023-08-15 13:30:00-04:00,1.625,1.6299999952316284,1.6100000143051147,1.6200000047683716,23283,0.0,0.0
2023-08-15 14:30:00-04:00,1.6200000047683716,1.6299999952316284,1.6100000143051147,1.6150000095367432,15868,0.0,0.0
2023-08-15 15:30:00-04:00,1.6150000095367432,1.6200000047683716,1.5950000286102295,1.600000023841858,46260,0.0,0.0
2023-08-16 09:30:00-04:00,1.6100000143051147,1.6100000143051147,1.559999942779541,1.565000057220459,54223,0.0,0.0
2023-08-16 10:30:00-04:00,1.559999942779541,1.5700000524520874,1.5499999523162842,1.5499999523162842,41065,0.0,0.0
2023-08-16 11:30:00-04:00,1.551200032234192,1.5699000358581543,1.5299999713897705,1.5693999528884888,97037,0.0,0.0
2023-08-16 12:30:00-04:00,1.5608999729156494,1.600000023841858,1.5608999729156494,1.590000033378601,29563,0.0,0.0
2023-08-16 13:30:00-04:00,1.590000033378601,1.649999976158142,1.590000033378601,1.649999976158142,108843,0.0,0.0
2023-08-16 14:30:00-04:00,1.649999976158142,1.659999966621399,1.6349999904632568,1.649999976158142,87888,0.0,0.0
2023-08-16 15:30:00-04:00,1.649999976158142,1.649999976158142,1.6100000143051147,1.6100000143051147,42953,0.0,0.0
2023-08-17 09:30:00-04:00,1.6200000047683716,1.6399999856948853,1.6100000143051147,1.6150000095367432,28316,0.0,0.0
2023-08-17 10:30:00-04:00,1.6150000095367432,1.6150000095367432,1.5700000524520874,1.5901000499725342,45407,0.0,0.0
2023-08-17 11:30:00-04:00,1.590000033378601,1.600000023841858,1.590000033378601,1.600000023841858,3966,0.0,0.0
2023-08-17 12:30:00-04:00,1.6050000190734863,1.6100000143051147,1.590999960899353,1.6030000448226929,9049,0.0,0.0
2023-08-17 13:30:00-04:00,1.600000023841858,1.600000023841858,1.590000033378601,1.5913000106811523,6439,0.0,0.0
2023-08-17 14:30:00-04:00,1.600000023841858,1.600000023841858,1.5714999437332153,1.5714999437332153,11668,0.0,0.0
2023-08-17 15:30:00-04:00,1.5750000476837158,1.5794999599456787,1.5499999523162842,1.559999942779541,31988,0.0,0.0
2023-08-18 09:30:00-04:00,1.5499999523162842,1.5800000429153442,1.5399999618530273,1.5800000429153442,21452,0.0,0.0
2023-08-18 10:30:00-04:00,1.5800000429153442,1.6200000047683716,1.5800000429153442,1.600000023841858,66453,0.0,0.0
2023-08-18 11:30:00-04:00,1.6009000539779663,1.6100000143051147,1.6009000539779663,1.6100000143051147,1001,0.0,0.0
2023-08-18 12:30:00-04:00,1.600000023841858,1.6083999872207642,1.5902999639511108,1.600000023841858,9849,0.0,0.0
2023-08-18 13:30:00-04:00,1.600000023841858,1.600000023841858,1.590000033378601,1.600000023841858,6056,0.0,0.0
2023-08-18 14:30:00-04:00,1.600000023841858,1.600000023841858,1.590000033378601,1.5990999937057495,32395,0.0,0.0
2023-08-18 15:30:00-04:00,1.5985000133514404,1.600000023841858,1.5800000429153442,1.590000033378601,9600,0.0,0.0
2023-08-21 09:30:00-04:00,1.590000033378601,1.600000023841858,1.5800000429153442,1.590000033378601,30834,0.0,0.0
2023-08-21 10:30:00-04:00,1.600000023841858,1.600000023841858,1.590000033378601,1.5950000286102295,60652,0.0,0.0
2023-08-21 11:30:00-04:00,1.600000023841858,1.600000023841858,1.5700000524520874,1.5800000429153442,41116,0.0,0.0
2023-08-21 12:30:00-04:00,1.5800000429153442,1.590000033378601,1.5700000524520874,1.5850000381469727,37346,0.0,0.0
2023-08-21 13:30:00-04:00,1.5850000381469727,1.590000033378601,1.5700000524520874,1.5750000476837158,13189,0.0,0.0
2023-08-21 14:30:00-04:00,1.5700000524520874,1.5750000476837158,1.559999942779541,1.559999942779541,16977,0.0,0.0
2023-08-21 15:30:00-04:00,1.5600999593734741,1.5700000524520874,1.5499999523162842,1.5499999523162842,26359,0.0,0.0
2023-08-22 09:30:00-04:00,1.5700000524520874,1.5700000524520874,1.524999976158142,1.5399999618530273,51186,0.0,0.0
2023-08-22 10:30:00-04:00,1.5465999841690063,1.559999942779541,1.5399999618530273,1.559999942779541,10135,0.0,0.0
2023-08-22 11:30:00-04:00,1.559999942779541,1.559999942779541,1.5499999523162842,1.559999942779541,4430,0.0,0.0
2023-08-22 12:30:00-04:00,1.5499999523162842,1.5549999475479126,1.5299999713897705,1.5399999618530273,32022,0.0,0.0
2023-08-22 13:30:00-04:00,1.5499999523162842,1.559999942779541,1.5399999618530273,1.5499999523162842,80218,0.0,0.0
2023-08-22 14:30:00-04:00,1.5499999523162842,1.5800000429153442,1.5499999523162842,1.559999942779541,46742,0.0,0.0
2023-08-22 15:30:00-04:00,1.565000057220459,1.5700000524520874,1.559999942779541,1.5700000524520874,20723,0.0,0.0
2023-08-23 09:30:00-04:00,1.559999942779541,1.5700000524520874,1.5399999618530273,1.5694999694824219,21281,0.0,0.0
2023-08-23 10:30:00-04:00,1.565000057220459,1.5750000476837158,1.559999942779541,1.5750000476837158,16334,0.0,0.0
2023-08-23 11:30:00-04:00,1.5700000524520874,1.6200000047683716,1.5700000524520874,1.6100000143051147,34940,0.0,0.0
2023-08-23 12:30:00-04:00,1.61899995803833,1.6200000047683716,1.6100000143051147,1.617900013923645,8934,0.0,0.0
2023-08-23 13:30:00-04:00,1.6150000095367432,1.6299999952316284,1.6100000143051147,1.6200000047683716,20163,0.0,0.0
2023-08-23 14:30:00-04:00,1.625,1.6299999952316284,1.600000023841858,1.6050000190734863,29752,0.0,0.0
2023-08-23 15:30:00-04:00,1.6050000190734863,1.6050000190734863,1.5800000429153442,1.5950000286102295,59287,0.0,0.0
2023-08-24 09:30:00-04:00,1.600000023841858,1.6299999952316284,1.5700000524520874,1.6200000047683716,26588,0.0,0.0
2023-08-24 10:30:00-04:00,1.6100000143051147,1.6100000143051147,1.590000033378601,1.590000033378601,5097,0.0,0.0
2023-08-24 11:30:00-04:00,1.5950000286102295,1.600000023841858,1.5700000524520874,1.5950000286102295,24321,0.0,0.0
2023-08-24 12:30:00-04:00,1.590000033378601,1.600000023841858,1.5700000524520874,1.590000033378601,20081,0.0,0.0
2023-08-24 13:30:00-04:00,1.5800000429153442,1.6050000190734863,1.5800000429153442,1.5800000429153442,25790,0.0,0.0
2023-08-24 14:30:00-04:00,1.5850000381469727,1.5850000381469727,1.5700000524520874,1.5750000476837158,10533,0.0,0.0
2023-08-24 15:30:00-04:00,1.5700000524520874,1.5800000429153442,1.559999942779541,1.559999942779541,22789,0.0,0.0
2023-08-25 09:30:00-04:00,1.5813000202178955,1.5950000286102295,1.559999942779541,1.5750000476837158,32348,0.0,0.0
2023-08-25 10:30:00-04:00,1.5750000476837158,1.5750000476837158,1.5299999713897705,1.5399999618530273,31923,0.0,0.0
2023-08-25 11:30:00-04:00,1.5399999618530273,1.5399999618530273,1.531000018119812,1.5399999618530273,2233,0.0,0.0
2023-08-25 12:30:00-04:00,1.5399999618530273,1.5499999523162842,1.5399999618530273,1.5400999784469604,55286,0.0,0.0
2023-08-25 13:30:00-04:00,1.5449999570846558,1.5499999523162842,1.5104999542236328,1.5299999713897705,144684,0.0,0.0
2023-08-25 14:30:00-04:00,1.5399999618530273,1.5750000476837158,1.534999966621399,1.5700000524520874,62473,0.0,0.0
2023-08-25 15:30:00-04:00,1.5700000524520874,1.590000033378601,1.5600999593734741,1.590000033378601,33740,0.0,0.0
2023-08-28 09:30:00-04:00,1.5700000524520874,1.5750000476837158,1.5599000453948975,1.5600999593734741,32124,0.0,0.0
2023-08-28 10:30:00-04:00,1.565000057220459,1.5700000524520874,1.5499999523162842,1.559999942779541,16761,0.0,0.0
2023-08-28 11:30:00-04:00,1.559999942779541,1.5609999895095825,1.559999942779541,1.5609999895095825,820,0.0,0.0
2023-08-28 12:30:00-04:00,1.5700000524520874,1.5700000524520874,1.565000057220459,1.5700000524520874,2059,0.0,0.0
2023-08-28 13:30:00-04:00,1.5700000524520874,1.5700000524520874,1.5535000562667847,1.559999942779541,36870,0.0,0.0
2023-08-28 14:30:00-04:00,1.559999942779541,1.5700000524520874,1.559999942779541,1.559999942779541,31644,0.0,0.0
2023-08-28 15:30:00-04:00,1.559999942779541,1.5700000524520874,1.5499999523162842,1.559999942779541,43099,0.0,0.0
2023-08-29 09:30:00-04:00,1.559999942779541,1.5800000429153442,1.5399999618530273,1.5514999628067017,56968,0.0,0.0
2023-08-29 10:30:00-04:00,1.559999942779541,1.559999942779541,1.5499999523162842,1.5549999475479126,22977,0.0,0.0
2023-08-29 11:30:00-04:00,1.5500999689102173,1.559999942779541,1.5499999523162842,1.5499999523162842,24565,0.0,0.0
2023-08-29 12:30:00-04:00,1.5499999523162842,1.559999942779541,1.5499999523162842,1.5549999475479126,41872,0.0,0.0
2023-08-29 13:30:00-04:00,1.5499999523162842,1.5549999475479126,1.5499999523162842,1.5499999523162842,18268,0.0,0.0
2023-08-29 14:30:00-04:00,1.5499999523162842,1.5499999523162842,1.5399999618530273,1.5399999618530273,3896,0.0,0.0
2023-08-29 15:30:00-04:00,1.5399999618530273,1.5499999523162842,1.5399999618530273,1.5399999618530273,3545,0.0,0.0
2023-08-30 09:30:00-04:00,1.559999942779541,1.559999942779541,1.5399999618530273,1.5599000453948975,7664,0.0,0.0
2023-08-30 10:30:00-04:00,1.5549999475479126,1.590000033378601,1.5549999475479126,1.565000057220459,78567,0.0,0.0
2023-08-30 11:30:00-04:00,1.565000057220459,1.5700000524520874,1.565000057220459,1.565000057220459,11286,0.0,0.0
2023-08-30 12:30:00-04:00,1.565000057220459,1.5700000524520874,1.559999942779541,1.559999942779541,2088,0.0,0.0
2023-08-30 13:30:00-04:00,1.565000057220459,1.5700000524520874,1.5549999475479126,1.559999942779541,12489,0.0,0.0
2023-08-30 14:30:00-04:00,1.5700000524520874,1.5700000524520874,1.559999942779541,1.559999942779541,19493,0.0,0.0
2023-08-30 15:30:00-04:00,1.5700000524520874,1.5700000524520874,1.5499999523162842,1.5499999523162842,24524,0.0,0.0
2023-08-31 09:30:00-04:00,1.559999942779541,1.6398999691009521,1.5400999784469604,1.6298999786376953,80702,0.0,0.0
2023-08-31 10:30:00-04:00,1.6298999786376953,1.6299999952316284,1.6100000143051147,1.6299999952316284,61203,0.0,0.0
2023-08-31 11:30:00-04:00,1.6299999952316284,1.6299999952316284,1.6200000047683716,1.6287000179290771,8480,0.0,0.0
2023-08-31 12:30:00-04:00,1.6299999952316284,1.6299999952316284,1.6150000095367432,1.6200000047683716,10961,0.0,0.0
2023-08-31 13:30:00-04:00,1.6200000047683716,1.6200000047683716,1.6150000095367432,1.6200000047683716,10424,0.0,0.0
2023-08-31 14:30:00-04:00,1.6200000047683716,1.6200000047683716,1.600000023841858,1.6100000143051147,29094,0.0,0.0
2023-08-31 15:30:00-04:00,1.6100000143051147,1.6299999952316284,1.600000023841858,1.6200000047683716,83586,0.0,0.0
2023-09-01 09:30:00-04:00,1.6399999856948853,1.6799999475479126,1.6299999952316284,1.6699999570846558,53352,0.0,0.0
2023-09-01 10:30:00-04:00,1.659999966621399,1.6699999570846558,1.649999976158142,1.6549999713897705,15995,0.0,0.0
2023-09-01 11:30:00-04:00,1.649999976158142,1.659999966621399,1.649999976158142,1.649999976158142,1440,0.0,0.0
2023-09-01 12:30:00-04:00,1.6549999713897705,1.659999966621399,1.649999976158142,1.649999976158142,5409,0.0,0.0
2023-09-01 13:30:00-04:00,1.6514999866485596,1.659999966621399,1.649999976158142,1.6549999713897705,4370,0.0,0.0
2023-09-01 14:30:00-04:00,1.6549999713897705,1.659999966621399,1.6200000047683716,1.6399999856948853,62100,0.0,0.0
2023-09-01 15:30:00-04:00,1.6478999853134155,1.6699999570846558,1.625,1.649999976158142,96968,0.0,0.0
2023-09-05 09:30:00-04:00,1.6399999856948853,1.659999966621399,1.6299999952316284,1.6299999952316284,17944,0.0,0.0
2023-09-05 10:30:00-04:00,1.6299999952316284,1.649999976158142,1.6299999952316284,1.6449999809265137,18956,0.0,0.0
2023-09-05 11:30:00-04:00,1.6449999809265137,1.6449999809265137,1.6299999952316284,1.6349999904632568,32637,0.0,0.0
2023-09-05 12:30:00-04:00,1.6349999904632568,1.6399999856948853,1.6200000047683716,1.6200000047683716,22587,0.0,0.0
2023-09-05 13:30:00-04:00,1.6200000047683716,1.6200000047683716,1.5850000381469727,1.5850000381469727,100147,0.0,0.0
2023-09-05 14:30:00-04:00,1.590000033378601,1.6100000143051147,1.5800000429153442,1.600000023841858,90790,0.0,0.0
2023-09-05 15:30:00-04:00,1.600000023841858,1.6200000047683716,1.5800000429153442,1.6200000047683716,82320,0.0,0.0
2023-09-06 09:30:00-04:00,1.600000023841858,1.6299999952316284,1.590000033378601,1.6200000047683716,72457,0.0,0.0
2023-09-06 10:30:00-04:00,1.6200000047683716,1.6299999952316284,1.6100000143051147,1.625,22374,0.0,0.0
2023-09-06 11:30:00-04:00,1.625,1.6299999952316284,1.6100000143051147,1.6299999952316284,33888,0.0,0.0
2023-09-06 12:30:00-04:00,1.6299999952316284,1.6299999952316284,1.6100000143051147,1.6150000095367432,27446,0.0,0.0
2023-09-06 13:30:00-04:00,1.6150000095367432,1.6299999952316284,1.6100000143051147,1.625,23274,0.0,0.0
2023-09-06 14:30:00-04:00,1.6299999952316284,1.6299999952316284,1.600000023841858,1.6050000190734863,49467,0.0,0.0
2023-09-06 15:30:00-04:00,1.6050000190734863,1.6100000143051147,1.600000023841858,1.6100000143051147,24905,0.0,0.0
2023-09-07 09:30:00-04:00,1.600000023841858,1.6100000143051147,1.5700000524520874,1.6100000143051147,57651,0.0,0.0
2023-09-07 10:30:00-04:00,1.6150000095367432,1.6299999952316284,1.6100000143051147,1.625,6965,0.0,0.0
2023-09-07 11:30:00-04:00,1.6298999786376953,1.6299999952316284,1.6200000047683716,1.6299999952316284,10375,0.0,0.0
2023-09-07 12:30:00-04:00,1.6299999952316284,1.6299999952316284,1.6198999881744385,1.6200000047683716,24570,0.0,0.0
2023-09-07 13:30:00-04:00,1.6200000047683716,1.6200000047683716,1.6200000047683716,1.6200000047683716,5745,0.0,0.0
2023-09-07 14:30:00-04:00,1.6200000047683716,1.6200000047683716,1.600000023841858,1.6050000190734863,33131,0.0,0.0
2023-09-07 15:30:00-04:00,1.6100000143051147,1.6100000143051147,1.600000023841858,1.6100000143051147,13275,0.0,0.0
2023-09-08 09:30:00-04:00,1.600000023841858,1.6299999952316284,1.5700000524520874,1.5950000286102295,51390,0.0,0.0
2023-09-08 10:30:00-04:00,1.590999960899353,1.600000023841858,1.590000033378601,1.600000023841858,3912,0.0,0.0
2023-09-08 11:30:00-04:00,1.600000023841858,1.600000023841858,1.5800000429153442,1.600000023841858,15665,0.0,0.0
2023-09-08 12:30:00-04:00,1.600000023841858,1.600000023841858,1.5985000133514404,1.600000023841858,2146,0.0,0.0
2023-09-08 13:30:00-04:00,1.600000023841858,1.600000023841858,1.590499997138977,1.600000023841858,3550,0.0,0.0
2023-09-08 14:30:00-04:00,1.600000023841858,1.600000023841858,1.590000033378601,1.600000023841858,10920,0.0,0.0
2023-09-08 15:30:00-04:00,1.5950000286102295,1.600000023841858,1.5800000429153442,1.5800000429153442,18121,0.0,0.0
2023-09-11 09:30:00-04:00,1.600000023841858,1.6100000143051147,1.5950000286102295,1.6050000190734863,15035,0.0,0.0
2023-09-11 10:30:00-04:00,1.6009999513626099,1.6200000047683716,1.5950000286102295,1.600000023841858,28199,0.0,0.0
2023-09-11 11:30:00-04:00,1.5950000286102295,1.600000023841858,1.590000033378601,1.600000023841858,13345,0.0,0.0
2023-09-11 12:30:00-04:00,1.5950000286102295,1.6050000190734863,1.590000033378601,1.5950000286102295,20185,0.0,0.0
2023-09-11 13:30:00-04:00,1.590000033378601,1.6100000143051147,1.590000033378601,1.600000023841858,53954,0.0,0.0
2023-09-11 14:30:00-04:00,1.5950000286102295,1.6200000047683716,1.590000033378601,1.6150000095367432,66773,0.0,0.0
2023-09-11 15:30:00-04:00,1.6150000095367432,1.6200000047683716,1.5950000286102295,1.6100000143051147,49932,0.0,0.0
2023-09-12 09:30:00-04:00,1.5800000429153442,1.6799999475479126,1.5800000429153442,1.6749999523162842,235167,0.0,0.0
2023-09-12 10:30:00-04:00,1.6749999523162842,1.7400000095367432,1.6699999570846558,1.715000033378601,231047,0.0,0.0
2023-09-12 11:30:00-04:00,1.7100000381469727,1.725000023841858,1.7000000476837158,1.715000033378601,64524,0.0,0.0
2023-09-12 12:30:00-04:00,1.7200000286102295,1.7200000286102295,1.6799999475479126,1.690000057220459,102245,0.0,0.0
2023-09-12 13:30:00-04:00,1.6950000524520874,1.7000000476837158,1.6799999475479126,1.6950000524520874,70630,0.0,0.0
2023-09-12 14:30:00-04:00,1.691100001335144,1.715000033378601,1.690000057220459,1.7050000429153442,83894,0.0,0.0
2023-09-12 15:30:00-04:00,1.7050000429153442,1.7300000190734863,1.7000000476837158,1.7200000286102295,201690,0.0,0.0
2023-09-13 09:30:00-04:00,1.7599999904632568,1.7699999809265137,1.715000033378601,1.7200000286102295,143699,0.0,0.0
2023-09-13 10:30:00-04:00,1.715000033378601,1.7200000286102295,1.7050000429153442,1.7100000381469727,24053,0.0,0.0
2023-09-13 11:30:00-04:00,1.7020000219345093,1.7100000381469727,1.6950000524520874,1.6950000524520874,44980,0.0,0.0
2023-09-13 12:30:00-04:00,1.6950000524520874,1.7100000381469727,1.690000057220459,1.690000057220459,32924,0.0,0.0
2023-09-13 13:30:00-04:00,1.7000000476837158,1.7000000476837158,1.690000057220459,1.7000000476837158,14605,0.0,0.0
2023-09-13 14:30:00-04:00,1.7000000476837158,1.7000000476837158,1.6699999570846558,1.690000057220459,101905,0.0,0.0
2023-09-13 15:30:00-04:00,1.6950000524520874,1.7050000429153442,1.6699999570846558,1.6699999570846558,140787,0.0,0.0
2023-09-14 09:30:00-04:00,1.7200000286102295,1.736199975013733,1.6749999523162842,1.6892000436782837,89748,0.0,0.0
2023-09-14 10:30:00-04:00,1.6899000406265259,1.690000057220459,1.659999966621399,1.6699999570846558,33841,0.0,0.0
2023-09-14 11:30:00-04:00,1.6749999523162842,1.7100000381469727,1.6749999523162842,1.7000000476837158,65831,0.0,0.0
2023-09-14 12:30:00-04:00,1.7000000476837158,1.7000000476837158,1.6699999570846558,1.6799999475479126,32362,0.0,0.0
2023-09-14 13:30:00-04:00,1.6799999475479126,1.7100000381469727,1.6699999570846558,1.7000999450683594,58369,0.0,0.0
2023-09-14 14:30:00-04:00,1.7000000476837158,1.7100000381469727,1.690000057220459,1.690000057220459,41849,0.0,0.0
2023-09-14 15:30:00-04:00,1.690000057220459,1.7000000476837158,1.6799999475479126,1.7000000476837158,48503,0.0,0.0
2023-09-15 09:30:00-04:00,1.7000000476837158,1.7300000190734863,1.6820000410079956,1.7050000429153442,103873,0.0,0.0
2023-09-15 10:30:00-04:00,1.7000000476837158,1.7050000429153442,1.68149995803833,1.684999942779541,81672,0.0,0.0
2023-09-15 11:30:00-04:00,1.684999942779541,1.690000057220459,1.6699999570846558,1.684999942779541,40980,0.0,0.0
2023-09-15 12:30:00-04:00,1.684999942779541,1.690000057220459,1.6799999475479126,1.684999942779541,24888,0.0,0.0
2023-09-15 13:30:00-04:00,1.684999942779541,1.690000057220459,1.6699999570846558,1.684999942779541,24227,0.0,0.0
2023-09-15 14:30:00-04:00,1.6799999475479126,1.7000000476837158,1.6799999475479126,1.6950000524520874,65887,0.0,0.0
2023-09-15 15:30:00-04:00,1.6950000524520874,1.7599999904632568,1.6800999641418457,1.7350000143051147,440939,0.0,0.0
2023-09-18 09:30:00-04:00,1.7899999618530273,1.8200000524520874,1.7699999809265137,1.809999942779541,368598,0.0,0.0
2023-09-18 10:30:00-04:00,1.809999942779541,1.8100999593734741,1.7799999713897705,1.784999966621399,91260,0.0,0.0
2023-09-18 11:30:00-04:00,1.784999966621399,1.7899999618530273,1.774999976158142,1.7899999618530273,88063,0.0,0.0
2023-09-18 12:30:00-04:00,1.7899999618530273,1.7999999523162842,1.7799999713897705,1.7899999618530273,49581,0.0,0.0
2023-09-18 13:30:00-04:00,1.7899999618530273,1.7949999570846558,1.7799999713897705,1.7799999713897705,50249,0.0,0.0
2023-09-18 14:30:00-04:00,1.7799999713897705,1.7899999618530273,1.7699999809265137,1.7799999713897705,120681,0.0,0.0
2023-09-18 15:30:00-04:00,1.7699999809265137,1.7799999713897705,1.7599999904632568,1.7699999809265137,106589,0.0,0.0
2023-09-19 09:30:00-04:00,1.899999976158142,2.0999999046325684,1.899999976158142,2.0,3520024,0.0,0.0
2023-09-19 10:30:00-04:00,2.0,2.0399999618530273,1.9900000095367432,2.003999948501587,895145,0.0,0.0
2023-09-19 11:30:00-04:00,2.005000114440918,2.0179998874664307,1.9900000095367432,1.9991999864578247,678808,0.0,0.0
2023-09-19 12:30:00-04:00,1.9900000095367432,2.069999933242798,1.9900000095367432,2.0399999618530273,600181,0.0,0.0
2023-09-19 13:30:00-04:00,2.0399999618530273,2.059999942779541,2.0,2.055000066757202,577733,0.0,0.0
2023-09-19 14:30:00-04:00,2.055000066757202,2.0999999046325684,2.0199999809265137,2.0199999809265137,683327,0.0,0.0
2023-09-19 15:30:00-04:00,2.0250000953674316,2.049999952316284,2.0,2.0,518566,0.0,0.0
2023-09-20 09:30:00-04:00,2.049999952316284,2.130000114440918,2.0199999809265137,2.0799999237060547,541279,0.0,0.0
2023-09-20 10:30:00-04:00,2.0799999237060547,2.0906999111175537,2.0,2.0,338624,0.0,0.0
2023-09-20 11:30:00-04:00,2.001199960708618,2.0399999618530273,2.0,2.0350000858306885,88181,0.0,0.0
2023-09-20 12:30:00-04:00,2.0399999618530273,2.069999933242798,2.0308001041412354,2.049999952316284,121392,0.0,0.0
2023-09-20 13:30:00-04:00,2.0464999675750732,2.049999952316284,2.0199999809265137,2.049999952316284,55609,0.0,0.0
2023-09-20 14:30:00-04:00,2.0399999618530273,2.059999942779541,2.0299999713897705,2.0399999618530273,88566,0.0,0.0
2023-09-20 15:30:00-04:00,2.0299999713897705,2.049999952316284,2.0299999713897705,2.0350000858306885,71044,0.0,0.0
2023-09-21 09:30:00-04:00,2.069999933242798,2.130000114440918,2.069999933242798,2.0799999237060547,257979,0.0,0.0
2023-09-21 10:30:00-04:00,2.0799999237060547,2.0899999141693115,2.069999933242798,2.0799999237060547,82775,0.0,0.0
2023-09-21 11:30:00-04:00,2.0799999237060547,2.0899999141693115,2.049999952316284,2.0599000453948975,100417,0.0,0.0
2023-09-21 12:30:00-04:00,2.049999952316284,2.0799999237060547,2.049999952316284,2.0785999298095703,112436,0.0,0.0
2023-09-21 13:30:00-04:00,2.075000047683716,2.0799999237060547,2.049999952316284,2.049999952316284,47939,0.0,0.0
2023-09-21 14:30:00-04:00,2.049999952316284,2.059999942779541,2.049999952316284,2.049999952316284,69383,0.0,0.0
2023-09-21 15:30:00-04:00,2.055000066757202,2.069999933242798,2.0399999618530273,2.049999952316284,108949,0.0,0.0
2023-09-22 09:30:00-04:00,2.0399999618530273,2.0899999141693115,2.0399999618530273,2.0799999237060547,188711,0.0,0.0
2023-09-22 10:30:00-04:00,2.069999933242798,2.075000047683716,2.049999952316284,2.069999933242798,221454,0.0,0.0
2023-09-22 11:30:00-04:00,2.069999933242798,2.069999933242798,1.940000057220459,1.942199945449829,394438,0.0,0.0
2023-09-22 12:30:00-04:00,1.9485000371932983,2.009999990463257,1.9450000524520874,1.9950000047683716,108768,0.0,0.0
2023-09-22 13:30:00-04:00,1.9900000095367432,2.0,1.9600000381469727,1.9700000286102295,98389,0.0,0.0
2023-09-22 14:30:00-04:00,1.9700000286102295,2.0,1.965000033378601,1.9789999723434448,88122,0.0,0.0
2023-09-22 15:30:00-04:00,1.9800000190734863,1.9850000143051147,1.9600000381469727,1.965000033378601,143286,0.0,0.0
2023-09-25 09:30:00-04:00,1.9800000190734863,1.9900000095367432,1.940000057220459,1.9600000381469727,175990,0.0,0.0
2023-09-25 10:30:00-04:00,1.9600000381469727,1.965000033378601,1.850000023841858,1.8847999572753906,317247,0.0,0.0
2023-09-25 11:30:00-04:00,1.8849999904632568,1.899999976158142,1.8680000305175781,1.8849999904632568,143876,0.0,0.0
2023-09-25 12:30:00-04:00,1.8849999904632568,1.899999976158142,1.8588999509811401,1.8980000019073486,147027,0.0,0.0
2023-09-25 13:30:00-04:00,1.8949999809265137,1.9299999475479126,1.8899999856948853,1.9249999523162842,55365,0.0,0.0
2023-09-25 14:30:00-04:00,1.9200999736785889,1.9488999843597412,1.9199999570846558,1.940000057220459,48189,0.0,0.0
2023-09-25 15:30:00-04:00,1.940000057220459,1.940000057220459,1.9199999570846558,1.9249999523162842,46163,0.0,0.0
2023-09-26 09:30:00-04:00,1.940000057220459,1.9700000286102295,1.9299999475479126,1.940000057220459,69700,0.0,0.0
2023-09-26 10:30:00-04:00,1.9450000524520874,1.9490000009536743,1.9199999570846558,1.934999942779541,57169,0.0,0.0
2023-09-26 11:30:00-04:00,1.9399000406265259,1.9399000406265259,1.9000999927520752,1.909999966621399,34298,0.0,0.0
2023-09-26 12:30:00-04:00,1.9199999570846558,1.9199999570846558,1.8899999856948853,1.899999976158142,57293,0.0,0.0
2023-09-26 13:30:00-04:00,1.899999976158142,1.9049999713897705,1.8899999856948853,1.8899999856948853,37069,0.0,0.0
2023-09-26 14:30:00-04:00,1.899999976158142,1.899999976158142,1.8700000047683716,1.8700000047683716,63100,0.0,0.0
2023-09-26 15:30:00-04:00,1.875,1.899999976158142,1.8700000047683716,1.8899999856948853,115930,0.0,0.0
2023-09-27 09:30:00-04:00,1.9199999570846558,1.9700000286102295,1.9107999801635742,1.9600000381469727,111946,0.0,0.0
2023-09-27 10:30:00-04:00,1.9600000381469727,1.9600000381469727,1.93149995803833,1.93149995803833,68497,0.0,0.0
2023-09-27 11:30:00-04:00,1.940000057220459,2.0099000930786133,1.9299999475479126,1.9500000476837158,214466,0.0,0.0
2023-09-27 12:30:00-04:00,1.9500000476837158,1.9700000286102295,1.940000057220459,1.940000057220459,64938,0.0,0.0
2023-09-27 13:30:00-04:00,1.940000057220459,2.0,1.940000057220459,1.9850000143051147,180050,0.0,0.0
2023-09-27 14:30:00-04:00,1.9800000190734863,1.9900000095367432,1.9299999475479126,1.940000057220459,278676,0.0,0.0
2023-09-27 15:30:00-04:00,1.9299999475479126,1.9500000476837158,1.909999966621399,1.940000057220459,187265,0.0,0.0
2023-09-28 09:30:00-04:00,1.9299999475479126,1.9600000381469727,1.9200999736785889,1.9249999523162842,33272,0.0,0.0
2023-09-28 10:30:00-04:00,1.9249999523162842,1.9299999475479126,1.909999966621399,1.9198999404907227,76623,0.0,0.0
2023-09-28 11:30:00-04:00,1.909999966621399,1.9199999570846558,1.909999966621399,1.9149999618530273,34720,0.0,0.0
2023-09-28 12:30:00-04:00,1.9149999618530273,1.9199999570846558,1.9049999713897705,1.9049999713897705,49050,0.0,0.0
2023-09-28 13:30:00-04:00,1.9049999713897705,1.9199999570846558,1.899999976158142,1.909999966621399,26896,0.0,0.0
2023-09-28 14:30:00-04:00,1.9149999618530273,1.9249999523162842,1.899999976158142,1.9149999618530273,168373,0.0,0.0
2023-09-28 15:30:00-04:00,1.9149999618530273,1.9299999475479126,1.909999966621399,1.909999966621399,134497,0.0,0.0
2023-09-29 09:30:00-04:00,1.909999966621399,1.975000023841858,1.909999966621399,1.9450000524520874,163510,0.0,0.0
2023-09-29 10:30:00-04:00,1.9500000476837158,1.9500000476837158,1.9199999570846558,1.934999942779541,110377,0.0,0.0
2023-09-29 11:30:00-04:00,1.934999942779541,1.9399000406265259,1.909999966621399,1.926300048828125,93483,0.0,0.0
2023-09-29 12:30:00-04:00,1.9299999475479126,1.9500000476837158,1.9249999523162842,1.940000057220459,84313,0.0,0.0
2023-09-29 13:30:00-04:00,1.940000057220459,1.9500000476837158,1.934999942779541,1.9500000476837158,38932,0.0,0.0
2023-09-29 14:30:00-04:00,1.9499000310897827,1.9500000476837158,1.9299999475479126,1.940000057220459,55813,0.0,0.0
2023-09-29 15:30:00-04:00,1.934999942779541,1.9550000429153442,1.9299999475479126,1.9500000476837158,495826,0.0,0.0
2023-10-02 09:30:00-04:00,1.9299999475479126,2.0,1.9299999475479126,1.9600000381469727,209236,0.0,0.0
2023-10-02 10:30:00-04:00,1.9600000381469727,1.975000023841858,1.9422999620437622,1.965000033378601,82399,0.0,0.0
2023-10-02 11:30:00-04:00,1.9700000286102295,1.9700000286102295,1.9500000476837158,1.9700000286102295,60789,0.0,0.0
2023-10-02 12:30:00-04:00,1.9700000286102295,1.9700000286102295,1.9500000476837158,1.9700000286102295,56323,0.0,0.0
2023-10-02 13:30:00-04:00,1.9700000286102295,1.9700000286102295,1.9600000381469727,1.965000033378601,55511,0.0,0.0
2023-10-02 14:30:00-04:00,1.9600000381469727,1.9700000286102295,1.9500000476837158,1.965000033378601,87427,0.0,0.0
2023-10-02 15:30:00-04:00,1.9600000381469727,1.9700000286102295,1.9600000381469727,1.965000033378601,55234,0.0,0.0
2023-10-03 09:30:00-04:00,1.9500000476837158,2.069999933242798,1.9500000476837158,2.0,490082,0.0,0.0
2023-10-03 10:30:00-04:00,1.9950000047683716,2.0199999809265137,1.9700000286102295,1.9901000261306763,127869,0.0,0.0
2023-10-03 11:30:00-04:00,2.0,2.009999990463257,1.9800000190734863,1.9900000095367432,86841,0.0,0.0
2023-10-03 12:30:00-04:00,1.9850000143051147,2.0,1.9801000356674194,2.0,60869,0.0,0.0
2023-10-03 13:30:00-04:00,2.0,2.005000114440918,1.9783999919891357,1.9900000095367432,58955,0.0,0.0
2023-10-03 14:30:00-04:00,1.9900000095367432,2.009999990463257,1.9800000190734863,2.0,77520,0.0,0.0
2023-10-03 15:30:00-04:00,2.0,2.0299999713897705,1.9900000095367432,2.009999990463257,143420,0.0,0.0
2023-10-04 09:30:00-04:00,2.0199999809265137,2.0999999046325684,2.0199999809265137,2.065000057220459,368690,0.0,0.0
2023-10-04 10:30:00-04:00,2.069999933242798,2.0850000381469727,2.069999933242798,2.0701000690460205,104738,0.0,0.0
2023-10-04 11:30:00-04:00,2.075000047683716,2.0799999237060547,2.059999942779541,2.075000047683716,76185,0.0,0.0
2023-10-04 12:30:00-04:00,2.075000047683716,2.0799999237060547,2.059999942779541,2.0608999729156494,169680,0.0,0.0
2023-10-04 13:30:00-04:00,2.065000057220459,2.069999933242798,2.0399999618530273,2.049999952316284,123625,0.0,0.0
2023-10-04 14:30:00-04:00,2.049999952316284,2.059999942779541,2.0450000762939453,2.055000066757202,114514,0.0,0.0
2023-10-04 15:30:00-04:00,2.055000066757202,2.059999942779541,2.049999952316284,2.055000066757202,126755,0.0,0.0
2023-10-05 09:30:00-04:00,2.059999942779541,2.0980000495910645,2.0299999713897705,2.049999952316284,110967,0.0,0.0
2023-10-05 10:30:00-04:00,2.055000066757202,2.065000057220459,2.0399999618530273,2.049999952316284,86669,0.0,0.0
2023-10-05 11:30:00-04:00,2.0599000453948975,2.059999942779541,2.049999952316284,2.055000066757202,23842,0.0,0.0
2023-10-05 12:30:00-04:00,2.055000066757202,2.059999942779541,2.0450000762939453,2.055000066757202,39387,0.0,0.0
2023-10-05 13:30:00-04:00,2.055000066757202,2.059999942779541,2.049999952316284,2.055000066757202,30896,0.0,0.0
2023-10-05 14:30:00-04:00,2.055000066757202,2.059999942779541,2.049999952316284,2.055000066757202,104846,0.0,0.0
2023-10-05 15:30:00-04:00,2.055000066757202,2.059999942779541,2.049999952316284,2.059999942779541,94196,0.0,0.0
2023-10-06 09:30:00-04:00,2.0199999809265137,2.0399999618530273,2.0,2.0250000953674316,158334,0.0,0.0
2023-10-06 10:30:00-04:00,2.0250000953674316,2.0299999713897705,1.9500000476837158,1.9700000286102295,265113,0.0,0.0
2023-10-06 11:30:00-04:00,1.975000023841858,2.009999990463257,1.9700000286102295,1.9800000190734863,81547,0.0,0.0
2023-10-06 12:30:00-04:00,1.9810999631881714,2.0,1.9800000190734863,1.9900000095367432,70956,0.0,0.0
2023-10-06 13:30:00-04:00,1.9950000047683716,2.0,1.9800000190734863,2.0,53263,0.0,0.0
2023-10-06 14:30:00-04:00,2.0,2.009999990463257,2.0,2.005000114440918,13418,0.0,0.0
2023-10-06 15:30:00-04:00,2.005000114440918,2.009999990463257,1.9900000095367432,2.0,145566,0.0,0.0
2023-10-09 09:30:00-04:00,1.9800000190734863,1.9801000356674194,1.9299999475479126,1.975000023841858,166003,0.0,0.0
2023-10-09 10:30:00-04:00,1.975000023841858,1.9800000190734863,1.9700000286102295,1.9800000190734863,50115,0.0,0.0
2023-10-09 11:30:00-04:00,1.9800000190734863,2.009999990463257,1.9800000190734863,1.9950000047683716,31503,0.0,0.0
2023-10-09 12:30:00-04:00,1.9950000047683716,2.009999990463257,1.9914000034332275,2.005000114440918,94752,0.0,0.0
2023-10-09 13:30:00-04:00,2.005000114440918,2.009999990463257,1.999899983406067,2.005000114440918,46088,0.0,0.0
2023-10-09 14:30:00-04:00,2.005000114440918,2.015000104904175,2.0,2.0100998878479004,107701,0.0,0.0
2023-10-09 15:30:00-04:00,2.015000104904175,2.015000104904175,1.9950000047683716,2.005000114440918,93842,0.0,0.0
2023-10-10 09:30:00-04:00,1.9800000190734863,2.0299999713897705,1.9700000286102295,1.9946999549865723,110480,0.0,0.0
2023-10-10 10:30:00-04:00,1.9850000143051147,2.009999990463257,1.9800000190734863,2.0090999603271484,104098,0.0,0.0
2023-10-10 11:30:00-04:00,2.005000114440918,2.0199999809265137,2.005000114440918,2.018699884414673,65054,0.0,0.0
2023-10-10 12:30:00-04:00,2.015000104904175,2.0199999809265137,1.975000023841858,2.0,82214,0.0,0.0
2023-10-10 13:30:00-04:00,2.0,2.009999990463257,1.9800000190734863,1.9800000190734863,90390,0.0,0.0
2023-10-10 14:30:00-04:00,1.9850000143051147,2.0,1.9809999465942383,1.9900000095367432,45140,0.0,0.0
2023-10-10 15:30:00-04:00,2.0,2.0,1.9900000095367432,2.0,56601,0.0,0.0
2023-10-11 09:30:00-04:00,2.0,2.059999942779541,2.0,2.0309998989105225,316487,0.0,0.0
2023-10-11 10:30:00-04:00,2.0350000858306885,2.0399999618530273,2.0199999809265137,2.0250000953674316,44530,0.0,0.0
2023-10-11 11:30:00-04:00,2.0250000953674316,2.0299999713897705,2.0199999809265137,2.0250000953674316,36487,0.0,0.0
2023-10-11 12:30:00-04:00,2.0299999713897705,2.0299999713897705,2.0199999809265137,2.0250000953674316,19327,0.0,0.0
2023-10-11 13:30:00-04:00,2.0250000953674316,2.0250000953674316,2.000999927520752,2.015000104904175,46711,0.0,0.0
2023-10-11 14:30:00-04:00,2.015000104904175,2.0299999713897705,2.009999990463257,2.029900074005127,27076,0.0,0.0
2023-10-11 15:30:00-04:00,2.0250000953674316,2.0299999713897705,2.015000104904175,2.0199999809265137,38295,0.0,0.0
2023-10-12 09:30:00-04:00,2.0299999713897705,2.0299999713897705,1.9500000476837158,1.9900000095367432,69701,0.0,0.0
2023-10-12 10:30:00-04:00,1.989300012588501,1.9900000095367432,1.9700000286102295,1.9799000024795532,77875,0.0,0.0
2023-10-12 11:30:00-04:00,1.9793000221252441,1.9800000190734863,1.9700000286102295,1.975000023841858,9963,0.0,0.0
2023-10-12 12:30:00-04:00,1.9799000024795532,1.9800000190734863,1.934999942779541,1.9473999738693237,107207,0.0,0.0
2023-10-12 13:30:00-04:00,1.9500000476837158,1.9599000215530396,1.934999942779541,1.9450000524520874,43594,0.0,0.0
2023-10-12 14:30:00-04:00,1.9500000476837158,1.9500000476837158,1.899999976158142,1.9199999570846558,159268,0.0,0.0
2023-10-12 15:30:00-04:00,1.9199999570846558,1.9199999570846558,1.899999976158142,1.899999976158142,43576,0.0,0.0
2023-10-13 09:30:00-04:00,1.899999976158142,1.9299999475479126,1.8700000047683716,1.8910000324249268,77561,0.0,0.0
2023-10-13 10:30:00-04:00,1.8966000080108643,1.940000057220459,1.8966000080108643,1.9299999475479126,90096,0.0,0.0
2023-10-13 11:30:00-04:00,1.9299999475479126,1.9600000381469727,1.9199999570846558,1.9570000171661377,30486,0.0,0.0
2023-10-13 12:30:00-04:00,1.9550000429153442,1.9550000429153442,1.940000057220459,1.940000057220459,5486,0.0,0.0
2023-10-13 13:30:00-04:00,1.940000057220459,1.9500000476837158,1.9299999475479126,1.9500000476837158,14174,0.0,0.0
2023-10-13 14:30:00-04:00,1.9500000476837158,1.9600000381469727,1.940000057220459,1.9450000524520874,15935,0.0,0.0
2023-10-13 15:30:00-04:00,1.9450000524520874,1.9700000286102295,1.9299999475479126,1.940000057220459,64878,0.0,0.0
2023-10-16 09:30:00-04:00,2.009999990463257,2.009999990463257,1.9249999523162842,1.9500000476837158,310590,0.0,0.0
2023-10-16 10:30:00-04:00,1.9500000476837158,1.9600000381469727,1.940000057220459,1.9500000476837158,39856,0.0,0.0
2023-10-16 11:30:00-04:00,1.9500000476837158,1.9600000381469727,1.940000057220459,1.9574999809265137,35037,0.0,0.0
2023-10-16 12:30:00-04:00,1.9550000429153442,1.9600000381469727,1.9500000476837158,1.9550000429153442,27652,0.0,0.0
2023-10-16 13:30:00-04:00,1.9550000429153442,1.9800000190734863,1.9500000476837158,1.9700000286102295,49737,0.0,0.0
2023-10-16 14:30:00-04:00,1.9774999618530273,1.9800000190734863,1.9700000286102295,1.975000023841858,25482,0.0,0.0
2023-10-16 15:30:00-04:00,1.975000023841858,1.9800000190734863,1.9700000286102295,1.9800000190734863,33132,0.0,0.0
2023-10-17 09:30:00-04:00,2.0,2.0399999618530273,1.9900000095367432,2.0350000858306885,92278,0.0,0.0
2023-10-17 10:30:00-04:00,2.0299999713897705,2.0399999618530273,2.0299999713897705,2.0350000858306885,44542,0.0,0.0
2023-10-17 11:30:00-04:00,2.0350000858306885,2.0799999237060547,2.0299999713897705,2.0601000785827637,163466,0.0,0.0
2023-10-17 12:30:00-04:00,2.059999942779541,2.0899999141693115,2.059999942779541,2.0799999237060547,100276,0.0,0.0
2023-10-17 13:30:00-04:00,2.0799999237060547,2.0899999141693115,2.069999933242798,2.075000047683716,49549,0.0,0.0
2023-10-17 14:30:00-04:00,2.075000047683716,2.0799999237060547,2.059999942779541,2.065000057220459,41458,0.0,0.0
2023-10-17 15:30:00-04:00,2.065000057220459,2.065000057220459,2.0399999618530273,2.059999942779541,175720,0.0,0.0
2023-10-18 09:30:00-04:00,2.059999942779541,2.0899999141693115,2.0199999809265137,2.0250000953674316,71211,0.0,0.0
2023-10-18 10:30:00-04:00,2.0250000953674316,2.055000066757202,2.0199999809265137,2.055000066757202,61327,0.0,0.0
2023-10-18 11:30:00-04:00,2.055000066757202,2.055000066757202,2.0299999713897705,2.0350000858306885,23305,0.0,0.0
2023-10-18 12:30:00-04:00,2.0350000858306885,2.0399999618530273,2.021399974822998,2.0250000953674316,35048,0.0,0.0
2023-10-18 13:30:00-04:00,2.0250000953674316,2.0299999713897705,2.009999990463257,2.0250000953674316,78270,0.0,0.0
2023-10-18 14:30:00-04:00,2.0250000953674316,2.0299999713897705,2.0199999809265137,2.0250000953674316,28439,0.0,0.0
2023-10-18 15:30:00-04:00,2.0250000953674316,2.0299999713897705,2.0199999809265137,2.0199999809265137,50409,0.0,0.0
2023-10-19 09:30:00-04:00,2.0299999713897705,2.0299999713897705,1.9900000095367432,1.9950000047683716,94742,0.0,0.0
2023-10-19 10:30:00-04:00,1.996000051498413,2.009999990463257,1.9900000095367432,2.005000114440918,80672,0.0,0.0
2023-10-19 11:30:00-04:00,2.0058000087738037,2.009999990463257,2.0,2.005000114440918,53145,0.0,0.0
2023-10-19 12:30:00-04:00,2.0,2.000499963760376,1.9701000452041626,2.0,61373,0.0,0.0
2023-10-19 13:30:00-04:00,1.9950000047683716,2.0,1.9700000286102295,1.975000023841858,74817,0.0,0.0
2023-10-19 14:30:00-04:00,1.975000023841858,1.975000023841858,1.9500000476837158,1.9550000429153442,93521,0.0,0.0
2023-10-19 15:30:00-04:00,1.9500000476837158,1.9600000381469727,1.940000057220459,1.940000057220459,53614,0.0,0.0
2023-10-20 09:30:00-04:00,1.9299999475479126,1.9600000381469727,1.9199999570846558,1.9306999444961548,59126,0.0,0.0
2023-10-20 10:30:00-04:00,1.93149995803833,1.9500000476837158,1.9199999570846558,1.9500000476837158,69340,0.0,0.0
2023-10-20 11:30:00-04:00,1.9450000524520874,1.9600000381469727,1.9400999546051025,1.9550000429153442,37543,0.0,0.0
2023-10-20 12:30:00-04:00,1.9550000429153442,1.9600000381469727,1.934999942779541,1.9450000524520874,53189,0.0,0.0
2023-10-20 13:30:00-04:00,1.9450000524520874,1.9500000476837158,1.934999942779541,1.934999942779541,56340,0.0,0.0
2023-10-20 14:30:00-04:00,1.9299999475479126,1.940000057220459,1.9199999570846558,1.9199999570846558,56769,0.0,0.0
2023-10-20 15:30:00-04:00,1.9249999523162842,1.9299999475479126,1.8849999904632568,1.9249999523162842,142012,0.0,0.0
2023-10-23 09:30:00-04:00,1.9299999475479126,1.9299999475479126,1.8799999952316284,1.9049999713897705,63636,0.0,0.0
2023-10-23 10:30:00-04:00,1.909999966621399,1.909999966621399,1.9000999927520752,1.9049999713897705,28298,0.0,0.0
2023-10-23 11:30:00-04:00,1.909999966621399,1.9149999618530273,1.9000999927520752,1.909999966621399,80374,0.0,0.0
2023-10-23 12:30:00-04:00,1.9014999866485596,1.9299999475479126,1.9000999927520752,1.9194999933242798,27304,0.0,0.0
2023-10-23 13:30:00-04:00,1.9199999570846558,1.940000057220459,1.909999966621399,1.934999942779541,86438,0.0,0.0
2023-10-23 14:30:00-04:00,1.934999942779541,1.9420000314712524,1.9299999475479126,1.940000057220459,39648,0.0,0.0
2023-10-23 15:30:00-04:00,1.940000057220459,1.940000057220459,1.899999976158142,1.899999976158142,108510,0.0,0.0
2023-10-24 09:30:00-04:00,1.9700000286102295,1.9700000286102295,1.9200999736785889,1.9550000429153442,264715,0.0,0.0
2023-10-24 10:30:00-04:00,1.9550000429153442,1.9600000381469727,1.940000057220459,1.9450000524520874,188100,0.0,0.0
2023-10-24 11:30:00-04:00,1.9498000144958496,1.9700000286102295,1.9450000524520874,1.9600000381469727,88588,0.0,0.0
2023-10-24 12:30:00-04:00,1.9550000429153442,1.9600000381469727,1.9500000476837158,1.9550000429153442,22379,0.0,0.0
2023-10-24 13:30:00-04:00,1.9550000429153442,1.9600000381469727,1.940000057220459,1.940000057220459,73086,0.0,0.0
2023-10-24 14:30:00-04:00,1.9450000524520874,1.9500000476837158,1.934999942779541,1.9450000524520874,99289,0.0,0.0
2023-10-24 15:30:00-04:00,1.9450000524520874,1.9500000476837158,1.9299999475479126,1.9299999475479126,47158,0.0,0.0
2023-10-25 09:30:00-04:00,1.9299999475479126,1.9299999475479126,1.8949999809265137,1.9299999475479126,184591,0.0,0.0
2023-10-25 10:30:00-04:00,1.9259999990463257,1.9299999475479126,1.909999966621399,1.909999966621399,22981,0.0,0.0
2023-10-25 11:30:00-04:00,1.9149999618530273,1.9313000440597534,1.909999966621399,1.9149999618530273,79079,0.0,0.0
2023-10-25 12:30:00-04:00,1.909999966621399,1.9149999618530273,1.875,1.875,49046,0.0,0.0
2023-10-25 13:30:00-04:00,1.8700000047683716,1.8949999809265137,1.850000023841858,1.8600000143051147,223334,0.0,0.0
2023-10-25 14:30:00-04:00,1.8600000143051147,1.8600000143051147,1.8300000429153442,1.8450000286102295,236877,0.0,0.0
2023-10-25 15:30:00-04:00,1.850000023841858,1.8700000047683716,1.8200000524520874,1.850000023841858,262442,0.0,0.0
2023-10-26 09:30:00-04:00,2.009999990463257,2.009999990463257,1.809999942779541,1.8200000524520874,845099,0.0,0.0
2023-10-26 10:30:00-04:00,1.8200000524520874,1.8300000429153442,1.7699999809265137,1.784999966621399,422176,0.0,0.0
2023-10-26 11:30:00-04:00,1.784999966621399,1.784999966621399,1.75,1.75,222192,0.0,0.0
2023-10-26 12:30:00-04:00,1.7549999952316284,1.7799999713897705,1.75,1.7714999914169312,239764,0.0,0.0
2023-10-26 13:30:00-04:00,1.774999976158142,1.7899999618530273,1.75,1.7549999952316284,214180,0.0,0.0
2023-10-26 14:30:00-04:00,1.75,1.7549999952316284,1.715000033378601,1.7300000190734863,429499,0.0,0.0
2023-10-26 15:30:00-04:00,1.7300000190734863,1.7400000095367432,1.6749999523162842,1.7000000476837158,366578,0.0,0.0
2023-10-27 09:30:00-04:00,1.7000000476837158,1.7300000190734863,1.6799999475479126,1.690000057220459,229469,0.0,0.0
2023-10-27 10:30:00-04:00,1.690000057220459,1.7699999809265137,1.659999966621399,1.7599999904632568,214886,0.0,0.0
2023-10-27 11:30:00-04:00,1.7599999904632568,1.815000057220459,1.75,1.7799999713897705,210732,0.0,0.0
2023-10-27 12:30:00-04:00,1.7899999618530273,1.7999999523162842,1.7699999809265137,1.7799999713897705,32742,0.0,0.0
2023-10-27 13:30:00-04:00,1.7699999809265137,1.7799999713897705,1.7599999904632568,1.7599999904632568,36905,0.0,0.0
2023-10-27 14:30:00-04:00,1.7699999809265137,1.7699999809265137,1.75,1.75,53252,0.0,0.0
2023-10-27 15:30:00-04:00,1.75,1.7699999809265137,1.75,1.7599999904632568,143169,0.0,0.0
2023-10-30 09:30:00-04:00,1.7699999809265137,1.8200000524520874,1.7699999809265137,1.7799999713897705,135397,0.0,0.0
2023-10-30 10:30:00-04:00,1.774999976158142,1.8200000524520874,1.774999976158142,1.8049999475479126,50523,0.0,0.0
2023-10-30 11:30:00-04:00,1.8049999475479126,1.809999942779541,1.7899999618530273,1.808899998664856,20728,0.0,0.0
2023-10-30 12:30:00-04:00,1.7999999523162842,1.8049999475479126,1.784999966621399,1.7949999570846558,29892,0.0,0.0
2023-10-30 13:30:00-04:00,1.7949999570846558,1.7949999570846558,1.75,1.7515000104904175,91148,0.0,0.0
2023-10-30 14:30:00-04:00,1.7549999952316284,1.7599999904632568,1.7400000095367432,1.7450000047683716,28709,0.0,0.0
2023-10-30 15:30:00-04:00,1.7470999956130981,1.7649999856948853,1.7400000095367432,1.7400000095367432,69265,0.0,0.0
2023-10-31 09:30:00-04:00,1.75,1.7949999570846558,1.7450000047683716,1.7549999952316284,113858,0.0,0.0
2023-10-31 10:30:00-04:00,1.7599999904632568,1.7649999856948853,1.7503000497817993,1.7599999904632568,71569,0.0,0.0
2023-10-31 11:30:00-04:00,1.7599999904632568,1.809999942779541,1.75,1.7899999618530273,124936,0.0,0.0
2023-10-31 12:30:00-04:00,1.7899999618530273,1.809999942779541,1.7714999914169312,1.7714999914169312,155546,0.0,0.0
2023-10-31 13:30:00-04:00,1.7705999612808228,1.784999966621399,1.7699999809265137,1.7799999713897705,45908,0.0,0.0
2023-10-31 14:30:00-04:00,1.7699999809265137,1.784999966621399,1.7699999809265137,1.7799999713897705,58888,0.0,0.0
2023-10-31 15:30:00-04:00,1.7799999713897705,1.7899999618530273,1.7699999809265137,1.7699999809265137,106267,0.0,0.0
2023-11-01 09:30:00-04:00,1.7599999904632568,1.7999999523162842,1.7599999904632568,1.779099941253662,135657,0.0,0.0
2023-11-01 10:30:00-04:00,1.7753000259399414,1.809999942779541,1.7699999809265137,1.7944999933242798,95721,0.0,0.0
2023-11-01 11:30:00-04:00,1.7899999618530273,1.8070000410079956,1.7799999713897705,1.7903000116348267,105400,0.0,0.0
2023-11-01 12:30:00-04:00,1.7999999523162842,1.7999999523162842,1.7599999904632568,1.7799999713897705,135571,0.0,0.0
2023-11-01 13:30:00-04:00,1.7799999713897705,1.7999999523162842,1.771299958229065,1.7999999523162842,98040,0.0,0.0
2023-11-01 14:30:00-04:00,1.7999999523162842,1.809999942779541,1.7899999618530273,1.7999999523162842,151760,0.0,0.0
2023-11-01 15:30:00-04:00,1.7949999570846558,1.7999999523162842,1.7899999618530273,1.7999999523162842,104684,0.0,0.0
2023-11-02 09:30:00-04:00,1.940000057220459,1.9900000095367432,1.7300000190734863,1.7899999618530273,807095,0.0,0.0
2023-11-02 10:30:00-04:00,1.7799999713897705,1.7999999523162842,1.7300000190734863,1.7675000429153442,392286,0.0,0.0
2023-11-02 11:30:00-04:00,1.7649999856948853,1.7699999809265137,1.7400000095367432,1.7450000047683716,301164,0.0,0.0
2023-11-02 12:30:00-04:00,1.75,1.7599999904632568,1.7400000095367432,1.7599999904632568,212460,0.0,0.0
2023-11-02 13:30:00-04:00,1.750100016593933,1.7599999904632568,1.7300000190734863,1.7350000143051147,494231,0.0,0.0
2023-11-02 14:30:00-04:00,1.7350000143051147,1.7450000047683716,1.7100000381469727,1.715000033378601,303054,0.0,0.0
2023-11-02 15:30:00-04:00,1.715000033378601,1.725000023841858,1.7100000381469727,1.7100000381469727,342162,0.0,0.0
2023-11-03 09:30:00-04:00,1.7599999904632568,1.7599999904632568,1.6399999856948853,1.649999976158142,388051,0.0,0.0
2023-11-03 10:30:00-04:00,1.659999966621399,1.6699999570846558,1.6401000022888184,1.6649999618530273,285323,0.0,0.0
2023-11-03 11:30:00-04:00,1.6649999618530273,1.6699999570846558,1.6603000164031982,1.6649999618530273,21229,0.0,0.0
2023-11-03 12:30:00-04:00,1.6649999618530273,1.6699999570846558,1.6200000047683716,1.6200000047683716,125900,0.0,0.0
2023-11-03 13:30:00-04:00,1.625,1.659999966621399,1.600000023841858,1.6549999713897705,268908,0.0,0.0
2023-11-03 14:30:00-04:00,1.6549999713897705,1.659999966621399,1.6201000213623047,1.6299999952316284,182719,0.0,0.0
2023-11-03 15:30:00-04:00,1.6299999952316284,1.6399999856948853,1.6200000047683716,1.6299999952316284,185907,0.0,0.0
2023-11-06 09:30:00-05:00,1.600000023841858,1.6299999952316284,1.5549999475479126,1.5700000524520874,355881,0.0,0.0
2023-11-06 10:30:00-05:00,1.5700000524520874,1.6100000143051147,1.565000057220459,1.5800000429153442,290802,0.0,0.0
2023-11-06 11:30:00-05:00,1.5750000476837158,1.5800000429153442,1.559999942779541,1.5700000524520874,69571,0.0,0.0
2023-11-06 12:30:00-05:00,1.565000057220459,1.5800000429153442,1.559999942779541,1.5700000524520874,117480,0.0,0.0
2023-11-06 13:30:00-05:00,1.565000057220459,1.5700000524520874,1.5449999570846558,1.5449999570846558,100803,0.0,0.0
2023-11-06 14:30:00-05:00,1.5499999523162842,1.559999942779541,1.5399999618530273,1.5399999618530273,90232,0.0,0.0
2023-11-06 15:30:00-05:00,1.5499999523162842,1.5499999523162842,1.5399999618530273,1.5399999618530273,130005,0.0,0.0
2023-11-07 09:30:00-05:00,1.5499999523162842,1.6899000406265259,1.5299999713897705,1.6200000047683716,1387297,0.0,0.0
2023-11-07 10:30:00-05:00,1.6195000410079956,1.6349999904632568,1.5800000429153442,1.6050000190734863,607413,0.0,0.0
2023-11-07 11:30:00-05:00,1.6050000190734863,1.6100000143051147,1.600000023841858,1.6100000143051147,122239,0.0,0.0
2023-11-07 12:30:00-05:00,1.6016000509262085,1.6100000143051147,1.600000023841858,1.6100000143051147,209946,0.0,0.0
2023-11-07 13:30:00-05:00,1.6050000190734863,1.6299999952316284,1.600000023841858,1.625,251122,0.0,0.0
2023-11-07 14:30:00-05:00,1.625,1.629699945449829,1.600000023841858,1.600100040435791,145666,0.0,0.0
2023-11-07 15:30:00-05:00,1.6100000143051147,1.6299999952316284,1.590000033378601,1.5950000286102295,379041,0.0,0.0
2023-11-08 09:30:00-05:00,1.6100000143051147,1.6399999856948853,1.5800000429153442,1.590000033378601,201333,0.0,0.0
2023-11-08 10:30:00-05:00,1.590000033378601,1.6050000190734863,1.559999942779541,1.600000023841858,101827,0.0,0.0
2023-11-08 11:30:00-05:00,1.600000023841858,1.600000023841858,1.590000033378601,1.591599941253662,19682,0.0,0.0
2023-11-08 12:30:00-05:00,1.600000023841858,1.600000023841858,1.5800000429153442,1.590000033378601,64808,0.0,0.0
2023-11-08 13:30:00-05:00,1.590000033378601,1.600000023841858,1.5809999704360962,1.590000033378601,35764,0.0,0.0
2023-11-08 14:30:00-05:00,1.590000033378601,1.600000023841858,1.5700000524520874,1.600000023841858,105659,0.0,0.0
2023-11-08 15:30:00-05:00,1.600000023841858,1.600000023841858,1.590000033378601,1.600000023841858,88083,0.0,0.0
2023-11-09 09:30:00-05:00,1.6100000143051147,1.6100000143051147,1.559999942779541,1.5800000429153442,73588,0.0,0.0
2023-11-09 10:30:00-05:00,1.579300045967102,1.6100000143051147,1.565000057220459,1.5999000072479248,45620,0.0,0.0
2023-11-09 11:30:00-05:00,1.600000023841858,1.6100000143051147,1.590000033378601,1.5950000286102295,73129,0.0,0.0
2023-11-09 12:30:00-05:00,1.5950000286102295,1.600000023841858,1.409999966621399,1.5449999570846558,753152,0.0,0.0
2023-11-09 13:30:00-05:00,1.5449999570846558,1.5449999570846558,1.5,1.5299999713897705,474766,0.0,0.0
2023-11-09 14:30:00-05:00,1.5299999713897705,1.5399999618530273,1.5,1.5049999952316284,218105,0.0,0.0
2023-11-09 15:30:00-05:00,1.5049999952316284,1.5099999904632568,1.4850000143051147,1.5,186608,0.0,0.0
2023-11-10 09:30:00-05:00,1.4299999475479126,1.5199999809265137,1.4199999570846558,1.4947999715805054,614205,0.0,0.0
2023-11-10 10:30:00-05:00,1.5,1.5199999809265137,1.4900000095367432,1.5199999809265137,86929,0.0,0.0
2023-11-10 11:30:00-05:00,1.5198999643325806,1.5700000524520874,1.5099999904632568,1.565000057220459,175648,0.0,0.0
2023-11-10 12:30:00-05:00,1.565000057220459,1.600000023841858,1.559999942779541,1.590000033378601,244469,0.0,0.0
2023-11-10 13:30:00-05:00,1.590000033378601,1.600000023841858,1.5499999523162842,1.5687999725341797,182904,0.0,0.0
2023-11-10 14:30:00-05:00,1.565000057220459,1.5700000524520874,1.559999942779541,1.565000057220459,34796,0.0,0.0
2023-11-10 15:30:00-05:00,1.5600999593734741,1.5700000524520874,1.559999942779541,1.5700000524520874,67522,0.0,0.0
2023-11-13 09:30:00-05:00,1.5399999618530273,1.5399999618530273,1.5,1.524999976158142,40635,0.0,0.0
2023-11-13 10:30:00-05:00,1.5260000228881836,1.5700000524520874,1.524999976158142,1.5700000524520874,133028,0.0,0.0
2023-11-13 11:30:00-05:00,1.5700000524520874,1.5700000524520874,1.559999942779541,1.565000057220459,32970,0.0,0.0
2023-11-13 12:30:00-05:00,1.5700000524520874,1.5800000429153442,1.565000057220459,1.5700000524520874,143640,0.0,0.0
2023-11-13 13:30:00-05:00,1.5700000524520874,1.5800000429153442,1.559999942779541,1.5750000476837158,465598,0.0,0.0
2023-11-13 14:30:00-05:00,1.5750000476837158,1.5750000476837158,1.562000036239624,1.5750000476837158,52227,0.0,0.0
2023-11-13 15:30:00-05:00,1.5750000476837158,1.5800000429153442,1.559999942779541,1.5700000524520874,69956,0.0,0.0
2023-11-14 09:30:00-05:00,1.5800000429153442,1.6699999570846558,1.5800000429153442,1.649999976158142,201018,0.0,0.0
2023-11-14 10:30:00-05:00,1.649999976158142,1.6649999618530273,1.6299999952316284,1.6649999618530273,1232674,0.0,0.0
2023-11-14 11:30:00-05:00,1.6649999618530273,1.7000000476837158,1.6649999618530273,1.679900050163269,167156,0.0,0.0
2023-11-14 12:30:00-05:00,1.6799999475479126,1.715000033378601,1.6349999904632568,1.715000033378601,1112570,0.0,0.0
2023-11-14 13:30:00-05:00,1.7050000429153442,1.75,1.7050000429153442,1.7315000295639038,288534,0.0,0.0
2023-11-14 14:30:00-05:00,1.7300000190734863,1.7350000143051147,1.7050000429153442,1.7200000286102295,181645,0.0,0.0
2023-11-14 15:30:00-05:00,1.7200000286102295,1.7200000286102295,1.7100000381469727,1.7100000381469727,44361,0.0,0.0
2023-11-15 09:30:00-05:00,1.6799999475479126,1.784999966621399,1.679900050163269,1.7649999856948853,267670,0.0,0.0
2023-11-15 10:30:00-05:00,1.7599999904632568,1.7999999523162842,1.75,1.750100016593933,193373,0.0,0.0
2023-11-15 11:30:00-05:00,1.7549999952316284,1.7599999904632568,1.7300000190734863,1.7400000095367432,98686,0.0,0.0
2023-11-15 12:30:00-05:00,1.7450000047683716,1.7589999437332153,1.7100000381469727,1.7450000047683716,118758,0.0,0.0
2023-11-15 13:30:00-05:00,1.7450000047683716,1.75,1.7200000286102295,1.7300000190734863,76320,0.0,0.0
2023-11-15 14:30:00-05:00,1.7350000143051147,1.7699999809265137,1.7300000190734863,1.7599999904632568,171036,0.0,0.0
2023-11-15 15:30:00-05:00,1.7549999952316284,1.7599999904632568,1.75,1.7549999952316284,83134,0.0,0.0
2023-11-16 09:30:00-05:00,1.7699999809265137,1.809999942779541,1.7599999904632568,1.774999976158142,98714,0.0,0.0
2023-11-16 10:30:00-05:00,1.7699999809265137,1.7799999713897705,1.75,1.7599999904632568,69334,0.0,0.0
2023-11-16 11:30:00-05:00,1.7599999904632568,1.7799999713897705,1.75,1.7799999713897705,81431,0.0,0.0
2023-11-16 12:30:00-05:00,1.7700999975204468,1.7799999713897705,1.7599999904632568,1.7649999856948853,62831,0.0,0.0
2023-11-16 13:30:00-05:00,1.7697999477386475,1.777500033378601,1.7599999904632568,1.7699999809265137,62657,0.0,0.0
2023-11-16 14:30:00-05:00,1.774999976158142,1.7799999713897705,1.7599999904632568,1.7599999904632568,69397,0.0,0.0
2023-11-16 15:30:00-05:00,1.7599999904632568,1.7649999856948853,1.7400000095367432,1.7599999904632568,203507,0.0,0.0
2023-11-17 09:30:00-05:00,1.7699999809265137,1.8200000524520874,1.7599999904632568,1.815000057220459,142609,0.0,0.0
2023-11-17 10:30:00-05:00,1.809999942779541,1.850000023841858,1.809999942779541,1.8396999835968018,108317,0.0,0.0
2023-11-17 11:30:00-05:00,1.8301000595092773,1.8600000143051147,1.8200000524520874,1.840000033378601,161455,0.0,0.0
2023-11-17 12:30:00-05:00,1.840000033378601,1.8600000143051147,1.8300000429153442,1.8600000143051147,46425,0.0,0.0
2023-11-17 13:30:00-05:00,1.8600000143051147,1.8700000047683716,1.8300000429153442,1.8350000381469727,122243,0.0,0.0
2023-11-17 14:30:00-05:00,1.8300000429153442,1.850000023841858,1.8300000429153442,1.8300000429153442,85277,0.0,0.0
2023-11-17 15:30:00-05:00,1.8387000560760498,1.8387000560760498,1.8200000524520874,1.8200000524520874,79692,0.0,0.0
2023-11-20 09:30:00-05:00,1.8600000143051147,1.8700000047683716,1.840000033378601,1.850000023841858,58700,0.0,0.0
2023-11-20 10:30:00-05:00,1.8519999980926514,1.8600000143051147,1.840000033378601,1.851199984550476,43711,0.0,0.0
2023-11-20 11:30:00-05:00,1.8600000143051147,1.899999976158142,1.850000023841858,1.8849999904632568,268170,0.0,0.0
2023-11-20 12:30:00-05:00,1.8899999856948853,1.909999966621399,1.875,1.8901000022888184,106848,0.0,0.0
2023-11-20 13:30:00-05:00,1.899999976158142,1.9049999713897705,1.8849999904632568,1.8849999904632568,75096,0.0,0.0
2023-11-20 14:30:00-05:00,1.8849999904632568,1.9199999570846558,1.8700000047683716,1.899999976158142,164149,0.0,0.0
2023-11-20 15:30:00-05:00,1.8949999809265137,1.899999976158142,1.8799999952316284,1.8799999952316284,188096,0.0,0.0
2023-11-21 09:30:00-05:00,1.899999976158142,1.899999976158142,1.840000033378601,1.840000033378601,112083,0.0,0.0
2023-11-21 10:30:00-05:00,1.840499997138977,1.8600000143051147,1.8300000429153442,1.8401000499725342,100620,0.0,0.0
2023-11-21 11:30:00-05:00,1.8450000286102295,1.875,1.840000033378601,1.850000023841858,163662,0.0,0.0
2023-11-21 12:30:00-05:00,1.8521000146865845,1.8700000047683716,1.840000033378601,1.8550000190734863,97154,0.0,0.0
2023-11-21 13:30:00-05:00,1.8550000190734863,1.8899999856948853,1.8517999649047852,1.875,95397,0.0,0.0
2023-11-21 14:30:00-05:00,1.8799999952316284,1.8799999952316284,1.850000023841858,1.850000023841858,138592,0.0,0.0
2023-11-21 15:30:00-05:00,1.8600000143051147,1.8700000047683716,1.850000023841858,1.8600000143051147,92379,0.0,0.0
2023-11-22 09:30:00-05:00,1.8700000047683716,1.909999966621399,1.8600000143051147,1.9049999713897705,112715,0.0,0.0
2023-11-22 10:30:00-05:00,1.9049999713897705,1.9049999713897705,1.8799999952316284,1.899999976158142,127808,0.0,0.0
2023-11-22 11:30:00-05:00,1.899999976158142,1.9199999570846558,1.8899999856948853,1.899999976158142,56310,0.0,0.0
2023-11-22 12:30:00-05:00,1.909999966621399,1.940000057220459,1.899999976158142,1.9249999523162842,84260,0.0,0.0
2023-11-22 13:30:00-05:00,1.9249999523162842,1.940000057220459,1.9199999570846558,1.9299999475479126,66054,0.0,0.0
2023-11-22 14:30:00-05:00,1.9299999475479126,1.9299999475479126,1.9199999570846558,1.9249999523162842,48849,0.0,0.0
2023-11-22 15:30:00-05:00,1.9299999475479126,1.940000057220459,1.9199999570846558,1.940000057220459,123611,0.0,0.0
2023-11-24 09:30:00-05:00,1.9800000190734863,1.9900000095367432,1.9299999475479126,1.9500000476837158,159508,0.0,0.0
2023-11-24 10:30:00-05:00,1.9500000476837158,2.009999990463257,1.9400999546051025,1.9950000047683716,230750,0.0,0.0
2023-11-24 11:30:00-05:00,2.0,2.009999990463257,1.9900000095367432,2.0,116384,0.0,0.0
2023-11-27 09:30:00-05:00,2.0,2.0,1.9299999475479126,1.9850000143051147,52872,0.0,0.0
2023-11-27 10:30:00-05:00,1.9800000190734863,1.9859999418258667,1.9299999475479126,1.9399000406265259,71844,0.0,0.0
2023-11-27 11:30:00-05:00,1.9299999475479126,1.9500000476837158,1.9299999475479126,1.934999942779541,29885,0.0,0.0
2023-11-27 12:30:00-05:00,1.940000057220459,1.9700000286102295,1.9299999475479126,1.965000033378601,37260,0.0,0.0
2023-11-27 13:30:00-05:00,1.967900037765503,1.9700000286102295,1.940000057220459,1.9450000524520874,75514,0.0,0.0
2023-11-27 14:30:00-05:00,1.940000057220459,1.9500000476837158,1.940000057220459,1.9500000476837158,21168,0.0,0.0
2023-11-27 15:30:00-05:00,1.9450000524520874,1.9500000476837158,1.934999942779541,1.9450000524520874,100852,0.0,0.0
2023-11-28 09:30:00-05:00,1.9299999475479126,1.9500000476837158,1.909999966621399,1.940000057220459,20990,0.0,0.0
2023-11-28 10:30:00-05:00,1.934999942779541,1.9499000310897827,1.9299999475479126,1.934999942779541,36682,0.0,0.0
2023-11-28 11:30:00-05:00,1.934999942779541,1.9500000476837158,1.9299999475479126,1.934999942779541,24437,0.0,0.0
2023-11-28 12:30:00-05:00,1.934999942779541,1.940000057220459,1.9199999570846558,1.9249999523162842,43190,0.0,0.0
2023-11-28 13:30:00-05:00,1.9249999523162842,1.940000057220459,1.9199999570846558,1.934999942779541,45315,0.0,0.0
2023-11-28 14:30:00-05:00,1.934999942779541,1.934999942779541,1.9199999570846558,1.9249999523162842,45918,0.0,0.0
2023-11-28 15:30:00-05:00,1.9249999523162842,1.9299999475479126,1.909999966621399,1.9199999570846558,131270,0.0,0.0
2023-11-29 09:30:00-05:00,1.9500000476837158,1.965000033378601,1.9149999618530273,1.9199999570846558,361785,0.0,0.0
2023-11-29 10:30:00-05:00,1.9199999570846558,1.9500000476837158,1.9199999570846558,1.940000057220459,52807,0.0,0.0
2023-11-29 11:30:00-05:00,1.9306999444961548,1.9500000476837158,1.9299999475479126,1.9450000524520874,42068,0.0,0.0
2023-11-29 12:30:00-05:00,1.9450000524520874,1.9500000476837158,1.9299999475479126,1.934999942779541,95192,0.0,0.0
2023-11-29 13:30:00-05:00,1.940000057220459,1.9900000095367432,1.940000057220459,1.9850000143051147,351688,0.0,0.0
2023-11-29 14:30:00-05:00,1.9850000143051147,1.9900000095367432,1.9800000190734863,1.9850000143051147,44714,0.0,0.0
2023-11-29 15:30:00-05:00,1.9900000095367432,2.0199999809265137,1.9850000143051147,2.0,379838,0.0,0.0
2023-11-30 09:30:00-05:00,2.0,2.0399999618530273,1.9900000095367432,2.0299999713897705,392954,0.0,0.0
2023-11-30 10:30:00-05:00,2.0299999713897705,2.0350000858306885,2.005000114440918,2.015000104904175,33696,0.0,0.0
2023-11-30 11:30:00-05:00,2.0179998874664307,2.0199999809265137,1.9700000286102295,1.9950000047683716,393758,0.0,0.0
2023-11-30 12:30:00-05:00,1.9919999837875366,2.0007998943328857,1.9800000190734863,1.9800000190734863,52301,0.0,0.0
2023-11-30 13:30:00-05:00,1.9850000143051147,1.9900000095367432,1.9704999923706055,1.9900000095367432,27751,0.0,0.0
2023-11-30 14:30:00-05:00,1.9850000143051147,2.0,1.9800000190734863,1.9950000047683716,107270,0.0,0.0
2023-11-30 15:30:00-05:00,1.9950000047683716,2.0399999618530273,1.9900000095367432,2.0399999618530273,166772,0.0,0.0
2023-12-01 09:30:00-05:00,2.0399999618530273,2.180000066757202,2.005000114440918,2.1449999809265137,594908,0.0,0.0
2023-12-01 10:30:00-05:00,2.140000104904175,2.200000047683716,2.130000114440918,2.194999933242798,396987,0.0,0.0
2023-12-01 11:30:00-05:00,2.194999933242798,2.2750000953674316,2.1600000858306885,2.2049999237060547,799904,0.0,0.0
2023-12-01 12:30:00-05:00,2.200000047683716,2.2699999809265137,2.200000047683716,2.25,270859,0.0,0.0
2023-12-01 13:30:00-05:00,2.25,2.319999933242798,2.240000009536743,2.2660000324249268,477896,0.0,0.0
2023-12-01 14:30:00-05:00,2.259999990463257,2.309999942779541,2.25,2.309999942779541,385907,0.0,0.0
2023-12-01 15:30:00-05:00,2.309999942779541,2.319999933242798,2.259999990463257,2.259999990463257,550090,0.0,0.0
2023-12-04 09:30:00-05:00,2.2799999713897705,2.325000047683716,2.2300000190734863,2.315000057220459,285374,0.0,0.0
2023-12-04 10:30:00-05:00,2.315000057220459,2.3499999046325684,2.299999952316284,2.3299999237060547,208721,0.0,0.0
2023-12-04 11:30:00-05:00,2.3299999237060547,2.36899995803833,2.29010009765625,2.299999952316284,199074,0.0,0.0
2023-12-04 12:30:00-05:00,2.3027000427246094,2.3099000453948975,2.265000104904175,2.265000104904175,75189,0.0,0.0
2023-12-04 13:30:00-05:00,2.268399953842163,2.2699999809265137,2.2300000190734863,2.2300000190734863,195888,0.0,0.0
2023-12-04 14:30:00-05:00,2.2300000190734863,2.247999906539917,2.2100000381469727,2.2200000286102295,175135,0.0,0.0
2023-12-04 15:30:00-05:00,2.2200000286102295,2.25,2.2200000286102295,2.240000009536743,122082,0.0,0.0
2023-12-05 09:30:00-05:00,2.2300000190734863,2.2699999809265137,2.194999933242798,2.2049999237060547,97172,0.0,0.0
2023-12-05 10:30:00-05:00,2.2049999237060547,2.2200000286102295,2.1600000858306885,2.2149999141693115,304453,0.0,0.0
2023-12-05 11:30:00-05:00,2.2149999141693115,2.2200000286102295,2.200000047683716,2.2049999237060547,30091,0.0,0.0
2023-12-05 12:30:00-05:00,2.2084999084472656,2.2086000442504883,2.190000057220459,2.194999933242798,29010,0.0,0.0
2023-12-05 13:30:00-05:00,2.194999933242798,2.2100000381469727,2.190000057220459,2.200000047683716,83919,0.0,0.0
2023-12-05 14:30:00-05:00,2.2049999237060547,2.208899974822998,2.1549999713897705,2.194999933242798,196992,0.0,0.0
2023-12-05 15:30:00-05:00,2.190000057220459,2.200000047683716,2.180000066757202,2.184999942779541,67348,0.0,0.0
2023-12-06 09:30:00-05:00,2.109999895095825,2.25,2.0999999046325684,2.2105000019073486,240829,0.0,0.0
2023-12-06 10:30:00-05:00,2.2100000381469727,2.265000104904175,2.2049999237060547,2.249000072479248,79031,0.0,0.0
2023-12-06 11:30:00-05:00,2.243299961090088,2.259999990463257,2.2249999046325684,2.2300000190734863,109041,0.0,0.0
2023-12-06 12:30:00-05:00,2.234999895095825,2.244999885559082,2.200000047683716,2.2049999237060547,48219,0.0,0.0
2023-12-06 13:30:00-05:00,2.200000047683716,2.2049999237060547,2.134999990463257,2.140000104904175,184529,0.0,0.0
2023-12-06 14:30:00-05:00,2.140000104904175,2.1500000953674316,2.111999988555908,2.130000114440918,144475,0.0,0.0
2023-12-06 15:30:00-05:00,2.130000114440918,2.134999990463257,2.109999895095825,2.109999895095825,276747,0.0,0.0
2023-12-07 09:30:00-05:00,2.130000114440918,2.2049999237060547,2.130000114440918,2.184000015258789,91223,0.0,0.0
2023-12-07 10:30:00-05:00,2.186000108718872,2.240000009536743,2.186000108718872,2.234999895095825,174589,0.0,0.0
2023-12-07 11:30:00-05:00,2.2300000190734863,2.299999952316284,2.2300000190734863,2.2699999809265137,165587,0.0,0.0
2023-12-07 12:30:00-05:00,2.2750000953674316,2.309999942779541,2.2500998973846436,2.305000066757202,80008,0.0,0.0
2023-12-07 13:30:00-05:00,2.305000066757202,2.309999942779541,2.265000104904175,2.2799999713897705,166080,0.0,0.0
2023-12-07 14:30:00-05:00,2.2750000953674316,2.299999952316284,2.259999990463257,2.2699999809265137,165092,0.0,0.0
2023-12-07 15:30:00-05:00,2.2699999809265137,2.2899999618530273,2.259999990463257,2.2899999618530273,282908,0.0,0.0
2023-12-08 09:30:00-05:00,2.309999942779541,2.380000114440918,2.259999990463257,2.265000104904175,241612,0.0,0.0
2023-12-08 10:30:00-05:00,2.265000104904175,2.2699999809265137,2.200000047683716,2.234999895095825,114142,0.0,0.0
2023-12-08 11:30:00-05:00,2.234999895095825,2.2750000953674316,2.234999895095825,2.2743000984191895,53891,0.0,0.0
2023-12-08 12:30:00-05:00,2.2750000953674316,2.305000066757202,2.2750000953674316,2.299999952316284,78486,0.0,0.0
2023-12-08 13:30:00-05:00,2.299999952316284,2.3399999141693115,2.2899999618530273,2.3350000381469727,172955,0.0,0.0
2023-12-08 14:30:00-05:00,2.3399999141693115,2.375,2.309999942779541,2.3399999141693115,300074,0.0,0.0
2023-12-08 15:30:00-05:00,2.3399999141693115,2.3399999141693115,2.319999933242798,2.3299999237060547,88095,0.0,0.0
2023-12-11 09:30:00-05:00,2.390000104904175,2.4000000953674316,2.3399999141693115,2.3550000190734863,192475,0.0,0.0
2023-12-11 10:30:00-05:00,2.3550000190734863,2.390000104904175,2.3499999046325684,2.375,167828,0.0,0.0
2023-12-11 11:30:00-05:00,2.375,2.390000104904175,2.3399999141693115,2.359999895095825,121930,0.0,0.0
2023-12-11 12:30:00-05:00,2.359999895095825,2.380000114440918,2.3499999046325684,2.3550000190734863,168916,0.0,0.0
2023-12-11 13:30:00-05:00,2.3550000190734863,2.365000009536743,2.3299999237060547,2.3350000381469727,232749,0.0,0.0
2023-12-11 14:30:00-05:00,2.3299999237060547,2.359999895095825,2.319999933242798,2.3499999046325684,115577,0.0,0.0
2023-12-11 15:30:00-05:00,2.358299970626831,2.390000104904175,2.3499999046325684,2.390000104904175,150333,0.0,0.0
2023-12-12 09:30:00-05:00,2.369999885559082,2.390000104904175,2.3299999237060547,2.3450000286102295,212228,0.0,0.0
2023-12-12 10:30:00-05:00,2.3450000286102295,2.359999895095825,2.3299999237060547,2.3450000286102295,126849,0.0,0.0
2023-12-12 11:30:00-05:00,2.3450000286102295,2.3499999046325684,2.309999942779541,2.309999942779541,157135,0.0,0.0
2023-12-12 12:30:00-05:00,2.311000108718872,2.390000104904175,2.2899999618530273,2.3550000190734863,181181,0.0,0.0
2023-12-12 13:30:00-05:00,2.3550000190734863,2.380000114440918,2.3499999046325684,2.380000114440918,140070,0.0,0.0
2023-12-12 14:30:00-05:00,2.380000114440918,2.380000114440918,2.359999895095825,2.365000009536743,166133,0.0,0.0
2023-12-12 15:30:00-05:00,2.365000009536743,2.369999885559082,2.3399999141693115,2.3499999046325684,249616,0.0,0.0
2023-12-13 09:30:00-05:00,2.3399999141693115,2.390000104904175,2.319999933242798,2.359999895095825,158362,0.0,0.0
2023-12-13 10:30:00-05:00,2.359999895095825,2.365000009536743,2.319999933242798,2.3299999237060547,101381,0.0,0.0
2023-12-13 11:30:00-05:00,2.329400062561035,2.3299999237060547,2.2899999618530273,2.299999952316284,128105,0.0,0.0
2023-12-13 12:30:00-05:00,2.2920000553131104,2.299999952316284,2.2701001167297363,2.2799999713897705,94787,0.0,0.0
2023-12-13 13:30:00-05:00,2.2799999713897705,2.319999933242798,2.2699999809265137,2.309999942779541,102728,0.0,0.0
2023-12-13 14:30:00-05:00,2.309999942779541,2.3499999046325684,2.305000066757202,2.3299999237060547,94462,0.0,0.0
2023-12-13 15:30:00-05:00,2.325000047683716,2.380000114440918,2.319999933242798,2.369999885559082,141830,0.0,0.0
2023-12-14 09:30:00-05:00,2.390000104904175,2.4200000762939453,2.299999952316284,2.309999942779541,263032,0.0,0.0
2023-12-14 10:30:00-05:00,2.305000066757202,2.319999933242798,2.2899999618530273,2.305000066757202,149722,0.0,0.0
2023-12-14 11:30:00-05:00,2.305000066757202,2.359999895095825,2.305000066757202,2.3550000190734863,117281,0.0,0.0
2023-12-14 12:30:00-05:00,2.358799934387207,2.359999895095825,2.2699999809265137,2.2699999809265137,185599,0.0,0.0
2023-12-14 13:30:00-05:00,2.2699999809265137,2.2899999618530273,2.2300000190734863,2.265000104904175,303038,0.0,0.0
2023-12-14 14:30:00-05:00,2.265000104904175,2.309999942779541,2.244999885559082,2.309999942779541,223950,0.0,0.0
2023-12-14 15:30:00-05:00,2.309999942779541,2.309999942779541,2.2799999713897705,2.2799999713897705,217193,0.0,0.0
2023-12-15 09:30:00-05:00,2.2899999618530273,2.3299999237060547,2.259999990463257,2.3299999237060547,99658,0.0,0.0
2023-12-15 10:30:00-05:00,2.3299999237060547,2.3450000286102295,2.299999952316284,2.315000057220459,112807,0.0,0.0
2023-12-15 11:30:00-05:00,2.315000057220459,2.319999933242798,2.2950000762939453,2.319999933242798,48404,0.0,0.0
2023-12-15 12:30:00-05:00,2.319999933242798,2.3299999237060547,2.2850000858306885,2.2950000762939453,60506,0.0,0.0
2023-12-15 13:30:00-05:00,2.299999952316284,2.299999952316284,2.2699999809265137,2.2750000953674316,86452,0.0,0.0
2023-12-15 14:30:00-05:00,2.2799999713897705,2.2799999713897705,2.259999990463257,2.2750000953674316,70636,0.0,0.0
2023-12-15 15:30:00-05:00,2.2799999713897705,2.2899999618530273,2.259999990463257,2.2799999713897705,97293,0.0,0.0
2023-12-18 09:30:00-05:00,2.3399999141693115,2.3499999046325684,2.265000104904175,2.314199924468994,99253,0.0,0.0
2023-12-18 10:30:00-05:00,2.315000057220459,2.319999933242798,2.2899999618530273,2.315000057220459,70769,0.0,0.0
2023-12-18 11:30:00-05:00,2.315000057220459,2.318000078201294,2.27020001411438,2.2715001106262207,110827,0.0,0.0
2023-12-18 12:30:00-05:00,2.2699999809265137,2.2899999618530273,2.2699999809265137,2.2850000858306885,52868,0.0,0.0
2023-12-18 13:30:00-05:00,2.2850000858306885,2.319999933242798,2.2850000858306885,2.315000057220459,96630,0.0,0.0
2023-12-18 14:30:00-05:00,2.315000057220459,2.3499999046325684,2.299999952316284,2.3299999237060547,171408,0.0,0.0
2023-12-18 15:30:00-05:00,2.3299999237060547,2.3499999046325684,2.319999933242798,2.3499999046325684,111746,0.0,0.0
2023-12-19 09:30:00-05:00,2.3499999046325684,2.4100000858306885,2.3450000286102295,2.3812999725341797,406485,0.0,0.0
2023-12-19 10:30:00-05:00,2.384999990463257,2.4000000953674316,2.375,2.399899959564209,193510,0.0,0.0
2023-12-19 11:30:00-05:00,2.3949999809265137,2.430000066757202,2.390000104904175,2.3949999809265137,352331,0.0,0.0
2023-12-19 12:30:00-05:00,2.3949999809265137,2.4100000858306885,2.390000104904175,2.3949999809265137,71350,0.0,0.0
2023-12-19 13:30:00-05:00,2.4000000953674316,2.4100000858306885,2.390000104904175,2.4049999713897705,138137,0.0,0.0
2023-12-19 14:30:00-05:00,2.4000000953674316,2.4100000858306885,2.390000104904175,2.4049999713897705,190379,0.0,0.0
2023-12-19 15:30:00-05:00,2.4100000858306885,2.440000057220459,2.4000000953674316,2.430000066757202,245009,0.0,0.0
2023-12-20 09:30:00-05:00,2.430000066757202,2.490000009536743,2.390000104904175,2.450000047683716,269092,0.0,0.0
2023-12-20 10:30:00-05:00,2.450000047683716,2.4600000381469727,2.4100000858306885,2.4600000381469727,162242,0.0,0.0
2023-12-20 11:30:00-05:00,2.4549999237060547,2.4800000190734863,2.450000047683716,2.4600000381469727,209247,0.0,0.0
2023-12-20 12:30:00-05:00,2.4600000381469727,2.494999885559082,2.4549999237060547,2.494999885559082,128398,0.0,0.0
2023-12-20 13:30:00-05:00,2.494999885559082,2.509999990463257,2.4700000286102295,2.4800000190734863,237217,0.0,0.0
2023-12-20 14:30:00-05:00,2.4749999046325684,2.4800000190734863,2.4000000953674316,2.4200000762939453,220333,0.0,0.0
2023-12-20 15:30:00-05:00,2.4198999404907227,2.4198999404907227,2.3949999809265137,2.4000000953674316,158870,0.0,0.0
2023-12-21 09:30:00-05:00,2.4200000762939453,2.48799991607666,2.4200000762939453,2.440000057220459,129721,0.0,0.0
2023-12-21 10:30:00-05:00,2.440000057220459,2.4600000381469727,2.4100000858306885,2.4200000762939453,86636,0.0,0.0
2023-12-21 11:30:00-05:00,2.4200000762939453,2.4549999237060547,2.4100000858306885,2.4100000858306885,111094,0.0,0.0
2023-12-21 12:30:00-05:00,2.4100000858306885,2.440000057220459,2.4100000858306885,2.440000057220459,74508,0.0,0.0
2023-12-21 13:30:00-05:00,2.440000057220459,2.4600000381469727,2.434999942779541,2.4549999237060547,106301,0.0,0.0
2023-12-21 14:30:00-05:00,2.4549999237060547,2.4600000381469727,2.440000057220459,2.450000047683716,164909,0.0,0.0
2023-12-21 15:30:00-05:00,2.4549999237060547,2.4800000190734863,2.450000047683716,2.474299907684326,107865,0.0,0.0
2023-12-22 09:30:00-05:00,2.5199999809265137,2.5399999618530273,2.4700000286102295,2.5250000953674316,267506,0.0,0.0
2023-12-22 10:30:00-05:00,2.5250000953674316,2.5299999713897705,2.500499963760376,2.5299999713897705,51095,0.0,0.0
2023-12-22 11:30:00-05:00,2.5299999713897705,2.5399999618530273,2.5199999809265137,2.5299999713897705,28341,0.0,0.0
2023-12-22 12:30:00-05:00,2.5299999713897705,2.5399999618530273,2.509999990463257,2.509999990463257,60439,0.0,0.0
2023-12-22 13:30:00-05:00,2.515000104904175,2.528599977493286,2.5,2.509999990463257,92973,0.0,0.0
2023-12-22 14:30:00-05:00,2.509999990463257,2.5350000858306885,2.509999990463257,2.5250000953674316,131630,0.0,0.0
2023-12-22 15:30:00-05:00,2.5299999713897705,2.5399999618530273,2.5250000953674316,2.5399999618530273,82138,0.0,0.0
2023-12-26 09:30:00-05:00,2.559999942779541,2.5899999141693115,2.5199999809265137,2.5199999809265137,137039,0.0,0.0
2023-12-26 10:30:00-05:00,2.510999917984009,2.5799999237060547,2.505000114440918,2.5701000690460205,91659,0.0,0.0
2023-12-26 11:30:00-05:00,2.575000047683716,2.5799999237060547,2.5299999713897705,2.559999942779541,80964,0.0,0.0
2023-12-26 12:30:00-05:00,2.565000057220459,2.579900026321411,2.555000066757202,2.555000066757202,19782,0.0,0.0
2023-12-26 13:30:00-05:00,2.559999942779541,2.5899999141693115,2.559999942779541,2.5794999599456787,42509,0.0,0.0
2023-12-26 14:30:00-05:00,2.5799999237060547,2.5899999141693115,2.569999933242798,2.5899999141693115,65385,0.0,0.0
2023-12-26 15:30:00-05:00,2.5850000381469727,2.5899999141693115,2.549999952316284,2.559999942779541,140757,0.0,0.0
2023-12-27 09:30:00-05:00,2.5999999046325684,2.609999895095825,2.559999942779541,2.5799999237060547,94140,0.0,0.0
2023-12-27 10:30:00-05:00,2.5739998817443848,2.5850000381469727,2.549999952316284,2.5799999237060547,39743,0.0,0.0
2023-12-27 11:30:00-05:00,2.5850000381469727,2.5850000381469727,2.5701000690460205,2.5799999237060547,46149,0.0,0.0
2023-12-27 12:30:00-05:00,2.575000047683716,2.5799999237060547,2.5399999618530273,2.5406999588012695,42075,0.0,0.0
2023-12-27 13:30:00-05:00,2.5450000762939453,2.569700002670288,2.5399999618530273,2.559999942779541,67766,0.0,0.0
2023-12-27 14:30:00-05:00,2.559999942779541,2.559999942779541,2.5399999618530273,2.555000066757202,61097,0.0,0.0
2023-12-27 15:30:00-05:00,2.555000066757202,2.5799999237060547,2.555000066757202,2.5799999237060547,54091,0.0,0.0
2023-12-28 09:30:00-05:00,2.5799999237060547,2.609999895095825,2.553999900817871,2.5799999237060547,77943,0.0,0.0
2023-12-28 10:30:00-05:00,2.5889999866485596,2.5999999046325684,2.559999942779541,2.565000057220459,61064,0.0,0.0
2023-12-28 11:30:00-05:00,2.565000057220459,2.569999933242798,2.5199999809265137,2.5250000953674316,56777,0.0,0.0
2023-12-28 12:30:00-05:00,2.520400047302246,2.5587000846862793,2.5199999809265137,2.555000066757202,39167,0.0,0.0
2023-12-28 13:30:00-05:00,2.559999942779541,2.569999933242798,2.5199999809265137,2.569999933242798,139107,0.0,0.0
2023-12-28 14:30:00-05:00,2.565000057220459,2.569999933242798,2.5350000858306885,2.5450000762939453,57114,0.0,0.0
2023-12-28 15:30:00-05:00,2.549999952316284,2.5799999237060547,2.5450000762939453,2.555000066757202,163034,0.0,0.0
2023-12-29 09:30:00-05:00,2.559999942779541,2.5799999237060547,2.494999885559082,2.515000104904175,141799,0.0,0.0
2023-12-29 10:30:00-05:00,2.5199999809265137,2.5199999809265137,2.4700000286102295,2.484999895095825,116789,0.0,0.0
2023-12-29 11:30:00-05:00,2.4892001152038574,2.509999990463257,2.4814999103546143,2.509999990463257,29605,0.0,0.0
2023-12-29 12:30:00-05:00,2.505000114440918,2.5399999618530273,2.505000114440918,2.5199999809265137,55321,0.0,0.0
2023-12-29 13:30:00-05:00,2.5199999809265137,2.5374999046325684,2.5199999809265137,2.5350000858306885,27291,0.0,0.0
2023-12-29 14:30:00-05:00,2.5350000858306885,2.5399999618530273,2.5250000953674316,2.5350000858306885,57046,0.0,0.0
2023-12-29 15:30:00-05:00,2.5399999618530273,2.549999952316284,2.5299999713897705,2.5299999713897705,68106,0.0,0.0
2024-01-02 09:30:00-05:00,2.509999990463257,2.5199999809265137,2.48009991645813,2.5,71442,0.0,0.0
2024-01-02 10:30:00-05:00,2.494999885559082,2.5,2.430000066757202,2.4649999141693115,101464,0.0,0.0
2024-01-02 11:30:00-05:00,2.4649999141693115,2.4700000286102295,2.4100000858306885,2.4200000762939453,92011,0.0,0.0
2024-01-02 12:30:00-05:00,2.4200000762939453,2.450000047683716,2.4100000858306885,2.424999952316284,72515,0.0,0.0
2024-01-02 13:30:00-05:00,2.424999952316284,2.42549991607666,2.369999885559082,2.380000114440918,95968,0.0,0.0
2024-01-02 14:30:00-05:00,2.384999990463257,2.3949999809265137,2.380000114440918,2.384999990463257,43685,0.0,0.0
2024-01-02 15:30:00-05:00,2.390000104904175,2.390000104904175,2.3499999046325684,2.384999990463257,94570,0.0,0.0
2024-01-03 09:30:00-05:00,2.309999942779541,2.3399999141693115,2.26200008392334,2.305000066757202,209733,0.0,0.0
2024-01-03 10:30:00-05:00,2.303999900817871,2.309999942779541,2.2899999618530273,2.2899999618530273,95221,0.0,0.0
2024-01-03 11:30:00-05:00,2.2950000762939453,2.3399999141693115,2.259999990463257,2.309999942779541,103699,0.0,0.0
2024-01-03 12:30:00-05:00,2.315000057220459,2.319999933242798,2.299999952316284,2.315000057220459,58275,0.0,0.0
2024-01-03 13:30:00-05:00,2.315000057220459,2.3299999237060547,2.2899999618530273,2.3299999237060547,89454,0.0,0.0
2024-01-03 14:30:00-05:00,2.325000047683716,2.325000047683716,2.2799999713897705,2.2850000858306885,114827,0.0,0.0
2024-01-03 15:30:00-05:00,2.2850000858306885,2.305000066757202,2.2799999713897705,2.2799999713897705,98053,0.0,0.0
2024-01-04 09:30:00-05:00,2.2899999618530273,2.3450000286102295,2.25,2.319999933242798,127338,0.0,0.0
2024-01-04 10:30:00-05:00,2.319999933242798,2.4049999713897705,2.319999933242798,2.4000000953674316,130854,0.0,0.0
2024-01-04 11:30:00-05:00,2.4000000953674316,2.4000000953674316,2.369999885559082,2.390000104904175,54403,0.0,0.0
2024-01-04 12:30:00-05:00,2.384999990463257,2.390000104904175,2.359999895095825,2.375,56227,0.0,0.0
2024-01-04 13:30:00-05:00,2.380000114440918,2.390000104904175,2.369999885559082,2.379300117492676,54938,0.0,0.0
2024-01-04 14:30:00-05:00,2.380000114440918,2.380000114440918,2.3499999046325684,2.3589999675750732,48030,0.0,0.0
2024-01-04 15:30:00-05:00,2.359999895095825,2.359999895095825,2.3399999141693115,2.3450000286102295,58345,0.0,0.0
2024-01-05 09:30:00-05:00,2.3299999237060547,2.369999885559082,2.305000066757202,2.3450000286102295,95334,0.0,0.0
2024-01-05 10:30:00-05:00,2.3450000286102295,2.375,2.34060001373291,2.3612000942230225,106968,0.0,0.0
2024-01-05 11:30:00-05:00,2.365000009536743,2.390000104904175,2.359999895095825,2.375,32140,0.0,0.0
2024-01-05 12:30:00-05:00,2.380000114440918,2.430000066757202,2.369999885559082,2.430000066757202,106572,0.0,0.0
2024-01-05 13:30:00-05:00,2.430000066757202,2.430000066757202,2.390000104904175,2.390000104904175,91245,0.0,0.0
2024-01-05 14:30:00-05:00,2.3949999809265137,2.4049999713897705,2.369999885559082,2.369999885559082,47469,0.0,0.0
2024-01-05 15:30:00-05:00,2.380000114440918,2.380000114440918,2.3499999046325684,2.3499999046325684,70107,0.0,0.0
2024-01-08 09:30:00-05:00,2.3499999046325684,2.4100000858306885,2.3499999046325684,2.390000104904175,173590,0.0,0.0
2024-01-08 10:30:00-05:00,2.390000104904175,2.4549999237060547,2.390000104904175,2.4049999713897705,73484,0.0,0.0
2024-01-08 11:30:00-05:00,2.4100000858306885,2.430000066757202,2.4000000953674316,2.4100000858306885,66975,0.0,0.0
2024-01-08 12:30:00-05:00,2.4154000282287598,2.450000047683716,2.4100000858306885,2.434999942779541,49225,0.0,0.0
2024-01-08 13:30:00-05:00,2.430000066757202,2.4800000190734863,2.4200000762939453,2.4800000190734863,149630,0.0,0.0
2024-01-08 14:30:00-05:00,2.4800000190734863,2.490000009536743,2.4600000381469727,2.4800000190734863,84128,0.0,0.0
2024-01-08 15:30:00-05:00,2.4800000190734863,2.4800000190734863,2.450000047683716,2.4600000381469727,95892,0.0,0.0
2024-01-09 09:30:00-05:00,2.450000047683716,2.4800000190734863,2.4200000762939453,2.4649999141693115,74058,0.0,0.0
2024-01-09 10:30:00-05:00,2.4600000381469727,2.490000009536743,2.450000047683716,2.4800000190734863,52297,0.0,0.0
2024-01-09 11:30:00-05:00,2.4800000190734863,2.5,2.4549999237060547,2.4899001121520996,105933,0.0,0.0
2024-01-09 12:30:00-05:00,2.490000009536743,2.5,2.4800000190734863,2.490000009536743,29118,0.0,0.0
2024-01-09 13:30:00-05:00,2.484999895095825,2.5,2.4800000190734863,2.484999895095825,68999,0.0,0.0
2024-01-09 14:30:00-05:00,2.490000009536743,2.490000009536743,2.4800000190734863,2.484999895095825,52049,0.0,0.0
2024-01-09 15:30:00-05:00,2.484999895095825,2.490000009536743,2.4800000190734863,2.490000009536743,83896,0.0,0.0
2024-01-10 09:30:00-05:00,2.490000009536743,2.5799999237060547,2.4800000190734863,2.5399999618530273,230274,0.0,0.0
2024-01-10 10:30:00-05:00,2.5399999618530273,2.5799999237060547,2.5339999198913574,2.577899932861328,224011,0.0,0.0
2024-01-10 11:30:00-05:00,2.569999933242798,2.5899999141693115,2.549999952316284,2.549999952316284,65866,0.0,0.0
2024-01-10 12:30:00-05:00,2.549999952316284,2.569999933242798,2.5350000858306885,2.555000066757202,133517,0.0,0.0
2024-01-10 13:30:00-05:00,2.559999942779541,2.630000114440918,2.549999952316284,2.615000009536743,213001,0.0,0.0
2024-01-10 14:30:00-05:00,2.6133999824523926,2.630000114440918,2.5999999046325684,2.5999999046325684,135619,0.0,0.0
2024-01-10 15:30:00-05:00,2.6050000190734863,2.619999885559082,2.5999999046325684,2.619999885559082,107978,0.0,0.0
2024-01-11 09:30:00-05:00,2.6500000953674316,2.6500000953674316,2.4600000381469727,2.4990999698638916,406922,0.0,0.0
2024-01-11 10:30:00-05:00,2.5,2.509999990463257,2.440000057220459,2.440000057220459,150764,0.0,0.0
2024-01-11 11:30:00-05:00,2.444999933242798,2.4700000286102295,2.4000000953674316,2.440000057220459,518545,0.0,0.0
2024-01-11 12:30:00-05:00,2.440000057220459,2.549999952316284,2.440000057220459,2.5350000858306885,413986,0.0,0.0
2024-01-11 13:30:00-05:00,2.5350000858306885,2.547499895095825,2.5199999809265137,2.526700019836426,35484,0.0,0.0
2024-01-11 14:30:00-05:00,2.5250000953674316,2.5299999713897705,2.5,2.505000114440918,84193,0.0,0.0
2024-01-11 15:30:00-05:00,2.509999990463257,2.5299999713897705,2.4600000381469727,2.4649999141693115,277005,0.0,0.0
2024-01-12 09:30:00-05:00,2.5399999618530273,2.5799999237060547,2.424999952316284,2.430000066757202,164462,0.0,0.0
2024-01-12 10:30:00-05:00,2.434999942779541,2.450000047683716,2.359999895095825,2.390000104904175,161288,0.0,0.0
2024-01-12 11:30:00-05:00,2.3980000019073486,2.440000057220459,2.369999885559082,2.434999942779541,112883,0.0,0.0
2024-01-12 12:30:00-05:00,2.430000066757202,2.450000047683716,2.430000066757202,2.440000057220459,70180,0.0,0.0
2024-01-12 13:30:00-05:00,2.434999942779541,2.4800000190734863,2.430000066757202,2.4800000190734863,77781,0.0,0.0
2024-01-12 14:30:00-05:00,2.4800000190734863,2.4800000190734863,2.430000066757202,2.4593000411987305,145958,0.0,0.0
2024-01-12 15:30:00-05:00,2.4600000381469727,2.4800000190734863,2.452500104904175,2.4700000286102295,110807,0.0,0.0
2024-01-16 09:30:00-05:00,2.5,2.5199999809265137,2.4700000286102295,2.4800000190734863,171345,0.0,0.0
2024-01-16 10:30:00-05:00,2.4800000190734863,2.4800000190734863,2.440000057220459,2.444999933242798,280594,0.0,0.0
2024-01-16 11:30:00-05:00,2.450000047683716,2.4600000381469727,2.450000047683716,2.450000047683716,31318,0.0,0.0
2024-01-16 12:30:00-05:00,2.450000047683716,2.450000047683716,2.4100000858306885,2.440000057220459,44320,0.0,0.0
2024-01-16 13:30:00-05:00,2.440000057220459,2.440000057220459,2.4100000858306885,2.4149999618530273,59908,0.0,0.0
2024-01-16 14:30:00-05:00,2.4175000190734863,2.430000066757202,2.4100000858306885,2.4149999618530273,50182,0.0,0.0
2024-01-16 15:30:00-05:00,2.4149999618530273,2.4200000762939453,2.380000114440918,2.4049999713897705,96090,0.0,0.0
2024-01-17 09:30:00-05:00,2.380000114440918,2.390000104904175,2.3499999046325684,2.390000104904175,79279,0.0,0.0
2024-01-17 10:30:00-05:00,2.390000104904175,2.390000104904175,2.369999885559082,2.369999885559082,33068,0.0,0.0
2024-01-17 11:30:00-05:00,2.375,2.4100000858306885,2.375,2.4049999713897705,45345,0.0,0.0
2024-01-17 12:30:00-05:00,2.4049999713897705,2.4100000858306885,2.380000114440918,2.380000114440918,35660,0.0,0.0
2024-01-17 13:30:00-05:00,2.384999990463257,2.4100000858306885,2.384999990463257,2.4100000858306885,94798,0.0,0.0
2024-01-17 14:30:00-05:00,2.4100000858306885,2.4149999618530273,2.380000114440918,2.384999990463257,84454,0.0,0.0
2024-01-17 15:30:00-05:00,2.390000104904175,2.4200000762939453,2.380000114440918,2.4200000762939453,112715,0.0,0.0
2024-01-18 09:30:00-05:00,2.450000047683716,2.450000047683716,2.390000104904175,2.4100000858306885,77587,0.0,0.0
2024-01-18 10:30:00-05:00,2.4100000858306885,2.4149999618530273,2.380000114440918,2.384999990463257,55489,0.0,0.0
2024-01-18 11:30:00-05:00,2.384999990463257,2.384999990463257,2.3499999046325684,2.3550000190734863,27807,0.0,0.0
2024-01-18 12:30:00-05:00,2.3550000190734863,2.359999895095825,2.3399999141693115,2.359999895095825,69279,0.0,0.0
2024-01-18 13:30:00-05:00,2.3550000190734863,2.4100000858306885,2.3499999046325684,2.4049999713897705,80899,0.0,0.0
2024-01-18 14:30:00-05:00,2.4100000858306885,2.440000057220459,2.4049999713897705,2.434999942779541,142096,0.0,0.0
2024-01-18 15:30:00-05:00,2.440000057220459,2.450000047683716,2.430000066757202,2.450000047683716,58519,0.0,0.0
2024-01-19 09:30:00-05:00,2.4700000286102295,2.4700000286102295,2.380000114440918,2.380000114440918,106727,0.0,0.0
2024-01-19 10:30:00-05:00,2.369999885559082,2.4149999618530273,2.369999885559082,2.4149999618530273,53264,0.0,0.0
2024-01-19 11:30:00-05:00,2.4100000858306885,2.440000057220459,2.384999990463257,2.4075000286102295,119958,0.0,0.0
2024-01-19 12:30:00-05:00,2.4049999713897705,2.424999952316284,2.390000104904175,2.4149999618530273,81927,0.0,0.0
2024-01-19 13:30:00-05:00,2.4149999618530273,2.4200000762939453,2.380000114440918,2.4000000953674316,93676,0.0,0.0
2024-01-19 14:30:00-05:00,2.4049999713897705,2.4149999618530273,2.390000104904175,2.3949999809265137,51350,0.0,0.0
2024-01-19 15:30:00-05:00,2.390000104904175,2.4000000953674316,2.369999885559082,2.380000114440918,82245,0.0,0.0
2024-01-22 09:30:00-05:00,2.380000114440918,2.390000104904175,2.259999990463257,2.384999990463257,228244,0.0,0.0
2024-01-22 10:30:00-05:00,2.390000104904175,2.4100000858306885,2.3499999046325684,2.384999990463257,229029,0.0,0.0
2024-01-22 11:30:00-05:00,2.380000114440918,2.390000104904175,2.359999895095825,2.365000009536743,64584,0.0,0.0
2024-01-22 12:30:00-05:00,2.365000009536743,2.390000104904175,2.359999895095825,2.365000009536743,85404,0.0,0.0
2024-01-22 13:30:00-05:00,2.365000009536743,2.369999885559082,2.3399999141693115,2.3450000286102295,69307,0.0,0.0
2024-01-22 14:30:00-05:00,2.3450000286102295,2.369999885559082,2.3399999141693115,2.359999895095825,92238,0.0,0.0
2024-01-22 15:30:00-05:00,2.359999895095825,2.359999895095825,2.3499999046325684,2.3550000190734863,51797,0.0,0.0
2024-01-23 09:30:00-05:00,2.3499999046325684,2.369999885559082,2.299999952316284,2.315000057220459,93077,0.0,0.0
2024-01-23 10:30:00-05:00,2.315000057220459,2.315000057220459,2.2899999618530273,2.2899999618530273,53586,0.0,0.0
2024-01-23 11:30:00-05:00,2.2899999618530273,2.2950000762939453,2.2799999713897705,2.2799999713897705,33048,0.0,0.0
2024-01-23 12:30:00-05:00,2.2899999618530273,2.299999952316284,2.2699999809265137,2.2699999809265137,65475,0.0,0.0
2024-01-23 13:30:00-05:00,2.2750000953674316,2.2850000858306885,2.259999990463257,2.2750000953674316,45848,0.0,0.0
2024-01-23 14:30:00-05:00,2.2699999809265137,2.2799999713897705,2.2699999809265137,2.2699999809265137,24426,0.0,0.0
2024-01-23 15:30:00-05:00,2.2750000953674316,2.2750000953674316,2.25,2.25,88077,0.0,0.0
2024-01-24 09:30:00-05:00,2.259999990463257,2.2899999618530273,2.2149999141693115,2.240000009536743,200910,0.0,0.0
2024-01-24 10:30:00-05:00,2.240000009536743,2.25,2.2200000286102295,2.244999885559082,76731,0.0,0.0
2024-01-24 11:30:00-05:00,2.244999885559082,2.259999990463257,2.240000009536743,2.240000009536743,38415,0.0,0.0
2024-01-24 12:30:00-05:00,2.246500015258789,2.246500015258789,2.2100000381469727,2.2100000381469727,45806,0.0,0.0
2024-01-24 13:30:00-05:00,2.2100000381469727,2.2300000190734863,2.200000047683716,2.2249999046325684,59871,0.0,0.0
2024-01-24 14:30:00-05:00,2.2249999046325684,2.2300000190734863,2.190000057220459,2.194999933242798,100225,0.0,0.0
2024-01-24 15:30:00-05:00,2.194999933242798,2.200000047683716,2.1700000762939453,2.1700000762939453,87612,0.0,0.0
2024-01-25 09:30:00-05:00,2.180000066757202,2.240000009536743,2.1600000858306885,2.2100000381469727,90678,0.0,0.0
2024-01-25 10:30:00-05:00,2.2149999141693115,2.240000009536743,2.200000047683716,2.234999895095825,31201,0.0,0.0
2024-01-25 11:30:00-05:00,2.2309000492095947,2.240000009536743,2.200000047683716,2.2049999237060547,34256,0.0,0.0
2024-01-25 12:30:00-05:00,2.2100000381469727,2.240000009536743,2.180000066757202,2.2249999046325684,143448,0.0,0.0
2024-01-25 13:30:00-05:00,2.2249999046325684,2.25,2.2039999961853027,2.2200000286102295,56622,0.0,0.0
2024-01-25 14:30:00-05:00,2.2149999141693115,2.2200000286102295,2.200000047683716,2.2100000381469727,45038,0.0,0.0
2024-01-25 15:30:00-05:00,2.2100000381469727,2.2200000286102295,2.200000047683716,2.2149999141693115,59030,0.0,0.0
2024-01-26 09:30:00-05:00,2.2100000381469727,2.259999990463257,2.2100000381469727,2.234999895095825,25645,0.0,0.0
2024-01-26 10:30:00-05:00,2.240000009536743,2.2699999809265137,2.2300000190734863,2.255000114440918,46752,0.0,0.0
2024-01-26 11:30:00-05:00,2.255000114440918,2.259999990463257,2.240000009536743,2.25,19755,0.0,0.0
2024-01-26 12:30:00-05:00,2.25,2.259999990463257,2.2200000286102295,2.255000114440918,93834,0.0,0.0
2024-01-26 13:30:00-05:00,2.255000114440918,2.2699999809265137,2.240000009536743,2.244999885559082,117494,0.0,0.0
2024-01-26 14:30:00-05:00,2.244999885559082,2.25,2.2200000286102295,2.2249999046325684,49058,0.0,0.0
2024-01-26 15:30:00-05:00,2.2200000286102295,2.2300000190734863,2.2100000381469727,2.2149999141693115,75602,0.0,0.0
2024-01-29 09:30:00-05:00,2.2799999713897705,2.3499999046325684,2.25,2.325000047683716,183909,0.0,0.0
2024-01-29 10:30:00-05:00,2.325000047683716,2.359999895095825,2.319999933242798,2.3450000286102295,104705,0.0,0.0
2024-01-29 11:30:00-05:00,2.3450000286102295,2.3499999046325684,2.3350000381469727,2.3450000286102295,32051,0.0,0.0
2024-01-29 12:30:00-05:00,2.3450000286102295,2.359999895095825,2.3399999141693115,2.359299898147583,43519,0.0,0.0
2024-01-29 13:30:00-05:00,2.3550000190734863,2.390000104904175,2.3499999046325684,2.375,106084,0.0,0.0
2024-01-29 14:30:00-05:00,2.365000009536743,2.380000114440918,2.3499999046325684,2.375,51602,0.0,0.0
2024-01-29 15:30:00-05:00,2.369999885559082,2.4100000858306885,2.369999885559082,2.4000000953674316,152320,0.0,0.0
2024-01-30 09:30:00-05:00,2.4000000953674316,2.4600000381469727,2.390000104904175,2.430000066757202,81982,0.0,0.0
2024-01-30 10:30:00-05:00,2.4291999340057373,2.4600000381469727,2.424999952316284,2.450000047683716,255202,0.0,0.0
2024-01-30 11:30:00-05:00,2.450000047683716,2.450000047683716,2.4000000953674316,2.4100000858306885,103828,0.0,0.0
2024-01-30 12:30:00-05:00,2.4049999713897705,2.4398999214172363,2.3949999809265137,2.430000066757202,61621,0.0,0.0
2024-01-30 13:30:00-05:00,2.430000066757202,2.430000066757202,2.3949999809265137,2.4000000953674316,59322,0.0,0.0
2024-01-30 14:30:00-05:00,2.4000000953674316,2.4200000762939453,2.384999990463257,2.390000104904175,137778,0.0,0.0
2024-01-30 15:30:00-05:00,2.4000000953674316,2.4100000858306885,2.390000104904175,2.4100000858306885,74861,0.0,0.0
2024-01-31 09:30:00-05:00,2.4100000858306885,2.440000057220459,2.390000104904175,2.3949999809265137,50254,0.0,0.0
2024-01-31 10:30:00-05:00,2.399899959564209,2.4200000762939453,2.390000104904175,2.4000000953674316,54254,0.0,0.0
2024-01-31 11:30:00-05:00,2.4000000953674316,2.4000000953674316,2.380000114440918,2.390000104904175,19094,0.0,0.0
2024-01-31 12:30:00-05:00,2.390000104904175,2.4600000381469727,2.384399890899658,2.4100000858306885,98406,0.0,0.0
2024-01-31 13:30:00-05:00,2.4100000858306885,2.4100000858306885,2.380000114440918,2.380000114440918,39484,0.0,0.0
2024-01-31 14:30:00-05:00,2.380000114440918,2.440000057220459,2.369999885559082,2.4000000953674316,125548,0.0,0.0
2024-01-31 15:30:00-05:00,2.4100000858306885,2.4200000762939453,2.390000104904175,2.4100000858306885,179646,0.0,0.0
2024-02-01 09:30:00-05:00,2.430000066757202,2.4700000286102295,2.4000000953674316,2.444999933242798,73667,0.0,0.0
2024-02-01 10:30:00-05:00,2.444000005722046,2.447499990463257,2.4100000858306885,2.430000066757202,73445,0.0,0.0
2024-02-01 11:30:00-05:00,2.424999952316284,2.447499990463257,2.4200000762939453,2.444999933242798,100433,0.0,0.0
2024-02-01 12:30:00-05:00,2.440999984741211,2.450000047683716,2.430000066757202,2.444999933242798,83968,0.0,0.0
2024-02-01 13:30:00-05:00,2.444999933242798,2.4600000381469727,2.440000057220459,2.450000047683716,35410,0.0,0.0
2024-02-01 14:30:00-05:00,2.450000047683716,2.450000047683716,2.430000066757202,2.434999942779541,54428,0.0,0.0
2024-02-01 15:30:00-05:00,2.434999942779541,2.440000057220459,2.4149999618530273,2.440000057220459,86173,0.0,0.0
2024-02-02 09:30:00-05:00,2.440000057220459,2.4600000381469727,2.390000104904175,2.424799919128418,73846,0.0,0.0
2024-02-02 10:30:00-05:00,2.4240000247955322,2.444999933242798,2.4100000858306885,2.4124999046325684,29746,0.0,0.0
2024-02-02 11:30:00-05:00,2.4149999618530273,2.4200000762939453,2.4000000953674316,2.4149999618530273,37031,0.0,0.0
2024-02-02 12:30:00-05:00,2.4124999046325684,2.450000047683716,2.4100000858306885,2.4210000038146973,43328,0.0,0.0
2024-02-02 13:30:00-05:00,2.424999952316284,2.4600000381469727,2.4200000762939453,2.4600000381469727,69049,0.0,0.0
2024-02-02 14:30:00-05:00,2.4600000381469727,2.4649999141693115,2.450000047683716,2.452500104904175,68450,0.0,0.0
2024-02-02 15:30:00-05:00,2.4549999237060547,2.4600000381469727,2.434999942779541,2.440000057220459,50810,0.0,0.0
2024-02-05 09:30:00-05:00,2.450000047683716,2.4700000286102295,2.4000000953674316,2.429800033569336,69225,0.0,0.0
2024-02-05 10:30:00-05:00,2.4240000247955322,2.450000047683716,2.4200000762939453,2.434999942779541,40269,0.0,0.0
2024-02-05 11:30:00-05:00,2.434999942779541,2.440000057220459,2.4100000858306885,2.430000066757202,30196,0.0,0.0
2024-02-05 12:30:00-05:00,2.424999952316284,2.450000047683716,2.4100000858306885,2.4149999618530273,36493,0.0,0.0
2024-02-05 13:30:00-05:00,2.4200000762939453,2.430000066757202,2.4000000953674316,2.4149999618530273,70036,0.0,0.0
2024-02-05 14:30:00-05:00,2.4200000762939453,2.4200000762939453,2.390000104904175,2.4000000953674316,87778,0.0,0.0
2024-02-05 15:30:00-05:00,2.3949999809265137,2.4100000858306885,2.380000114440918,2.380000114440918,54340,0.0,0.0
2024-02-06 09:30:00-05:00,2.359999895095825,2.4200000762939453,2.3399999141693115,2.4000000953674316,124277,0.0,0.0
2024-02-06 10:30:00-05:00,2.3940000534057617,2.424999952316284,2.3940000534057617,2.4149999618530273,66937,0.0,0.0
2024-02-06 11:30:00-05:00,2.410799980163574,2.4200000762939453,2.365000009536743,2.375,45020,0.0,0.0
2024-02-06 12:30:00-05:00,2.380000114440918,2.390000104904175,2.3499999046325684,2.382499933242798,36800,0.0,0.0
2024-02-06 13:30:00-05:00,2.390000104904175,2.4000000953674316,2.369999885559082,2.384999990463257,93587,0.0,0.0
2024-02-06 14:30:00-05:00,2.384999990463257,2.4000000953674316,2.380000114440918,2.3949999809265137,66282,0.0,0.0
2024-02-06 15:30:00-05:00,2.4000000953674316,2.4000000953674316,2.380000114440918,2.3949999809265137,63936,0.0,0.0
2024-02-07 09:30:00-05:00,2.4000000953674316,2.440000057220459,2.3949999809265137,2.4200000762939453,132808,0.0,0.0
2024-02-07 10:30:00-05:00,2.4200000762939453,2.430000066757202,2.4000000953674316,2.424999952316284,96391,0.0,0.0
2024-02-07 11:30:00-05:00,2.4200000762939453,2.430000066757202,2.4100000858306885,2.424999952316284,37507,0.0,0.0
2024-02-07 12:30:00-05:00,2.4200000762939453,2.440000057220459,2.3949999809265137,2.440000057220459,162459,0.0,0.0
2024-02-07 13:30:00-05:00,2.440000057220459,2.440000057220459,2.4100000858306885,2.4100000858306885,106052,0.0,0.0
2024-02-07 14:30:00-05:00,2.4149999618530273,2.4200000762939453,2.4100000858306885,2.4100000858306885,27900,0.0,0.0
2024-02-07 15:30:00-05:00,2.4149999618530273,2.4200000762939453,2.3949999809265137,2.4049999713897705,148134,0.0,0.0
2024-02-08 09:30:00-05:00,2.4000000953674316,2.430000066757202,2.390000104904175,2.3949999809265137,225309,0.0,0.0
2024-02-08 10:30:00-05:00,2.3949999809265137,2.4149999618530273,2.390000104904175,2.390000104904175,185992,0.0,0.0
2024-02-08 11:30:00-05:00,2.3951001167297363,2.427500009536743,2.3949999809265137,2.4149999618530273,54452,0.0,0.0
2024-02-08 12:30:00-05:00,2.4149999618530273,2.4600000381469727,2.4100000858306885,2.450000047683716,76357,0.0,0.0
2024-02-08 13:30:00-05:00,2.444999933242798,2.450000047683716,2.440000057220459,2.450000047683716,24699,0.0,0.0
2024-02-08 14:30:00-05:00,2.444999933242798,2.4700000286102295,2.430000066757202,2.468899965286255,48205,0.0,0.0
2024-02-08 15:30:00-05:00,2.4700000286102295,2.4700000286102295,2.440000057220459,2.444999933242798,114228,0.0,0.0
2024-02-09 09:30:00-05:00,2.450000047683716,2.4600000381469727,2.430000066757202,2.444999933242798,103600,0.0,0.0
2024-02-09 10:30:00-05:00,2.4410998821258545,2.4700000286102295,2.4410998821258545,2.450000047683716,88586,0.0,0.0
2024-02-09 11:30:00-05:00,2.4560000896453857,2.4600000381469727,2.4200000762939453,2.444999933242798,58443,0.0,0.0
2024-02-09 12:30:00-05:00,2.444999933242798,2.4549999237060547,2.434999942779541,2.450000047683716,58380,0.0,0.0
2024-02-09 13:30:00-05:00,2.444999933242798,2.450000047683716,2.440000057220459,2.444999933242798,38079,0.0,0.0
2024-02-09 14:30:00-05:00,2.4493000507354736,2.450000047683716,2.440000057220459,2.444999933242798,51624,0.0,0.0
2024-02-09 15:30:00-05:00,2.444999933242798,2.450000047683716,2.434999942779541,2.444999933242798,92209,0.0,0.0
2024-02-12 09:30:00-05:00,2.450000047683716,2.4600000381469727,2.430000066757202,2.431299924850464,105578,0.0,0.0
2024-02-12 10:30:00-05:00,2.434000015258789,2.4600000381469727,2.430000066757202,2.440000057220459,72148,0.0,0.0
2024-02-12 11:30:00-05:00,2.440000057220459,2.444999933242798,2.4200000762939453,2.424999952316284,81597,0.0,0.0
2024-02-12 12:30:00-05:00,2.4296998977661133,2.450000047683716,2.4200000762939453,2.444999933242798,53993,0.0,0.0
2024-02-12 13:30:00-05:00,2.444999933242798,2.444999933242798,2.369999885559082,2.369999885559082,140437,0.0,0.0
2024-02-12 14:30:00-05:00,2.375,2.4049999713897705,2.3499999046325684,2.384999990463257,161672,0.0,0.0
2024-02-12 15:30:00-05:00,2.380000114440918,2.390000104904175,2.369999885559082,2.375,96627,0.0,0.0
2024-02-13 09:30:00-05:00,2.299999952316284,2.319999933242798,2.1600000858306885,2.2950000762939453,142285,0.0,0.0
2024-02-13 10:30:00-05:00,2.2939999103546143,2.305000066757202,2.2799999713897705,2.299999952316284,50355,0.0,0.0
2024-02-13 11:30:00-05:00,2.2950000762939453,2.2950000762939453,2.255000114440918,2.255000114440918,68226,0.0,0.0
2024-02-13 12:30:00-05:00,2.259999990463257,2.2750000953674316,2.240000009536743,2.244999885559082,42453,0.0,0.0
2024-02-13 13:30:00-05:00,2.244999885559082,2.25,2.240000009536743,2.244999885559082,29809,0.0,0.0
2024-02-13 14:30:00-05:00,2.25,2.2950000762939453,2.2100000381469727,2.2249999046325684,199291,0.0,0.0
2024-02-13 15:30:00-05:00,2.2249999046325684,2.2300000190734863,2.2100000381469727,2.2300000190734863,46151,0.0,0.0
2024-02-14 09:30:00-05:00,2.2799999713897705,2.390000104904175,2.255000114440918,2.2674999237060547,122973,0.0,0.0
2024-02-14 10:30:00-05:00,2.2639999389648438,2.380000114440918,2.2200000286102295,2.359999895095825,491407,0.0,0.0
2024-02-14 11:30:00-05:00,2.351300001144409,2.365000009536743,2.319999933242798,2.3350000381469727,155849,0.0,0.0
2024-02-14 12:30:00-05:00,2.3350000381469727,2.3399999141693115,2.315000057220459,2.325000047683716,70264,0.0,0.0
2024-02-14 13:30:00-05:00,2.325000047683716,2.3399999141693115,2.319999933242798,2.3399999141693115,105734,0.0,0.0
2024-02-14 14:30:00-05:00,2.3299999237060547,2.380000114440918,2.325000047683716,2.369999885559082,212280,0.0,0.0
2024-02-14 15:30:00-05:00,2.365000009536743,2.380000114440918,2.3499999046325684,2.359999895095825,151924,0.0,0.0
2024-02-15 09:30:00-05:00,2.369999885559082,2.4000000953674316,2.3550000190734863,2.3550000190734863,79866,0.0,0.0
2024-02-15 10:30:00-05:00,2.3550000190734863,2.390000104904175,2.3450000286102295,2.390000104904175,88714,0.0,0.0
2024-02-15 11:30:00-05:00,2.390000104904175,2.440000057220459,2.390000104904175,2.430000066757202,137956,0.0,0.0
2024-02-15 12:30:00-05:00,2.424999952316284,2.4800000190734863,2.4240000247955322,2.4700000286102295,158705,0.0,0.0
2024-02-15 13:30:00-05:00,2.4649999141693115,2.4800000190734863,2.430000066757202,2.450000047683716,202378,0.0,0.0
2024-02-15 14:30:00-05:00,2.4549999237060547,2.4574999809265137,2.430000066757202,2.440000057220459,79363,0.0,0.0
2024-02-15 15:30:00-05:00,2.440000057220459,2.450000047683716,2.430000066757202,2.450000047683716,65519,0.0,0.0
2024-02-16 09:30:00-05:00,2.4700000286102295,2.4700000286102295,2.390000104904175,2.430000066757202,117883,0.0,0.0
2024-02-16 10:30:00-05:00,2.424999952316284,2.4649999141693115,2.4100000858306885,2.444999933242798,230195,0.0,0.0
2024-02-16 11:30:00-05:00,2.450000047683716,2.490000009536743,2.430000066757202,2.484999895095825,105513,0.0,0.0
2024-02-16 12:30:00-05:00,2.4800000190734863,2.484999895095825,2.430000066757202,2.434999942779541,67859,0.0,0.0
2024-02-16 13:30:00-05:00,2.440000057220459,2.4600000381469727,2.4200000762939453,2.4549999237060547,95987,0.0,0.0
2024-02-16 14:30:00-05:00,2.4600000381469727,2.4600000381469727,2.4200000762939453,2.444999933242798,94846,0.0,0.0
2024-02-16 15:30:00-05:00,2.450000047683716,2.450000047683716,2.430000066757202,2.440000057220459,77614,0.0,0.0
2024-02-20 09:30:00-05:00,2.4000000953674316,2.4600000381469727,2.359999895095825,2.4574999809265137,92254,0.0,0.0
2024-02-20 10:30:00-05:00,2.450000047683716,2.484999895095825,2.430000066757202,2.484999895095825,177497,0.0,0.0
2024-02-20 11:30:00-05:00,2.484999895095825,2.509999990463257,2.450000047683716,2.4700000286102295,310877,0.0,0.0
2024-02-20 12:30:00-05:00,2.4649999141693115,2.5,2.444999933242798,2.4649999141693115,174760,0.0,0.0
2024-02-20 13:30:00-05:00,2.4649999141693115,2.4700000286102295,2.4549999237060547,2.4649999141693115,112375,0.0,0.0
2024-02-20 14:30:00-05:00,2.460900068283081,2.490000009536743,2.4549999237060547,2.4800000190734863,191625,0.0,0.0
2024-02-20 15:30:00-05:00,2.4800000190734863,2.4800000190734863,2.444999933242798,2.4700000286102295,521091,0.0,0.0
2024-02-21 09:30:00-05:00,2.4800000190734863,2.5250000953674316,2.430000066757202,2.444999933242798,218646,0.0,0.0
2024-02-21 10:30:00-05:00,2.440000057220459,2.4474000930786133,2.4049999713897705,2.4049999713897705,76408,0.0,0.0
2024-02-21 11:30:00-05:00,2.4049999713897705,2.4049999713897705,2.3550000190734863,2.369999885559082,70914,0.0,0.0
2024-02-21 12:30:00-05:00,2.369999885559082,2.390000104904175,2.3499999046325684,2.3499999046325684,128764,0.0,0.0
2024-02-21 13:30:00-05:00,2.3550000190734863,2.375,2.3399999141693115,2.3399999141693115,53341,0.0,0.0
2024-02-21 14:30:00-05:00,2.3399999141693115,2.3499999046325684,2.2899999618530273,2.3289999961853027,314881,0.0,0.0
2024-02-21 15:30:00-05:00,2.3299999237060547,2.3450000286102295,2.319999933242798,2.3399999141693115,127619,0.0,0.0
2024-02-22 09:30:00-05:00,2.6600000858306885,2.8499999046325684,2.619999885559082,2.6800999641418457,3122396,0.0,0.0
2024-02-22 10:30:00-05:00,2.684999942779541,2.7100000381469727,2.619999885559082,2.694999933242798,1253261,0.0,0.0
2024-02-22 11:30:00-05:00,2.694999933242798,2.7100000381469727,2.6500000953674316,2.684999942779541,683061,0.0,0.0
2024-02-22 12:30:00-05:00,2.690000057220459,2.7300000190734863,2.680500030517578,2.684999942779541,766698,0.0,0.0
2024-02-22 13:30:00-05:00,2.690000057220459,2.700000047683716,2.6500000953674316,2.690000057220459,553158,0.0,0.0
2024-02-22 14:30:00-05:00,2.690000057220459,2.7950000762939453,2.6700000762939453,2.7899999618530273,1365154,0.0,0.0
2024-02-22 15:30:00-05:00,2.7950000762939453,2.799999952316284,2.740000009536743,2.7780001163482666,757066,0.0,0.0
2024-02-23 09:30:00-05:00,2.799999952316284,2.8898000717163086,2.700000047683716,2.759999990463257,613044,0.0,0.0
2024-02-23 10:30:00-05:00,2.7511000633239746,2.8399999141693115,2.740000009536743,2.7699999809265137,325643,0.0,0.0
2024-02-23 11:30:00-05:00,2.7699999809265137,2.7899999618530273,2.734999895095825,2.7699999809265137,227485,0.0,0.0
2024-02-23 12:30:00-05:00,2.7699999809265137,2.7950000762939453,2.734999895095825,2.734999895095825,119302,0.0,0.0
2024-02-23 13:30:00-05:00,2.7300000190734863,2.75,2.7200000286102295,2.740000009536743,256631,0.0,0.0
2024-02-23 14:30:00-05:00,2.740000009536743,2.7750000953674316,2.7320001125335693,2.7699999809265137,108528,0.0,0.0
2024-02-23 15:30:00-05:00,2.7699999809265137,2.7750000953674316,2.75,2.759999990463257,233089,0.0,0.0
2024-02-26 09:30:00-05:00,2.7899999618530273,2.8550000190734863,2.7799999713897705,2.8450000286102295,268721,0.0,0.0
2024-02-26 10:30:00-05:00,2.8499999046325684,2.924999952316284,2.8399999141693115,2.8636999130249023,341870,0.0,0.0
2024-02-26 11:30:00-05:00,2.869999885559082,2.9100000858306885,2.8499999046325684,2.9000000953674316,253429,0.0,0.0
2024-02-26 12:30:00-05:00,2.9000000953674316,2.9000000953674316,2.865000009536743,2.884999990463257,207511,0.0,0.0
2024-02-26 13:30:00-05:00,2.890000104904175,2.9100000858306885,2.875,2.9100000858306885,194190,0.0,0.0
2024-02-26 14:30:00-05:00,2.9100000858306885,2.9100000858306885,2.875,2.890000104904175,185599,0.0,0.0
2024-02-26 15:30:00-05:00,2.884999990463257,2.890000104904175,2.859999895095825,2.859999895095825,205667,0.0,0.0
2024-02-27 09:30:00-05:00,2.819999933242798,2.859999895095825,2.7799999713897705,2.815000057220459,332785,0.0,0.0
2024-02-27 10:30:00-05:00,2.815000057220459,2.815000057220459,2.7899999618530273,2.799999952316284,233529,0.0,0.0
2024-02-27 11:30:00-05:00,2.805000066757202,2.859999895095825,2.7899999618530273,2.825000047683716,326711,0.0,0.0
2024-02-27 12:30:00-05:00,2.825000047683716,2.8450000286102295,2.809999942779541,2.815000057220459,103991,0.0,0.0
2024-02-27 13:30:00-05:00,2.819999933242798,2.848299980163574,2.819999933242798,2.8350000381469727,138136,0.0,0.0
2024-02-27 14:30:00-05:00,2.8359999656677246,2.880000114440918,2.8299999237060547,2.880000114440918,204869,0.0,0.0
2024-02-27 15:30:00-05:00,2.880000114440918,2.9000000953674316,2.872499942779541,2.884999990463257,313638,0.0,0.0
2024-02-28 09:30:00-05:00,2.880000114440918,2.9000000953674316,2.8399999141693115,2.865000009536743,74706,0.0,0.0
2024-02-28 10:30:00-05:00,2.865999937057495,2.875,2.8399999141693115,2.8550000190734863,79768,0.0,0.0
2024-02-28 11:30:00-05:00,2.8550000190734863,2.865000009536743,2.8350000381469727,2.8350000381469727,72472,0.0,0.0
2024-02-28 12:30:00-05:00,2.8399999141693115,2.8499999046325684,2.819999933242798,2.8499999046325684,128390,0.0,0.0
2024-02-28 13:30:00-05:00,2.8499999046325684,2.869999885559082,2.840100049972534,2.865000009536743,118738,0.0,0.0
2024-02-28 14:30:00-05:00,2.865000009536743,2.869999885559082,2.8399999141693115,2.869999885559082,154135,0.0,0.0
2024-02-28 15:30:00-05:00,2.869999885559082,2.880000114440918,2.859999895095825,2.880000114440918,187613,0.0,0.0
2024-02-29 09:30:00-05:00,2.880000114440918,2.9549999237060547,2.880000114440918,2.950000047683716,299351,0.0,0.0
2024-02-29 10:30:00-05:00,2.950000047683716,2.9600000381469727,2.9200000762939453,2.950000047683716,386985,0.0,0.0
2024-02-29 11:30:00-05:00,2.950000047683716,2.950000047683716,2.9200000762939453,2.934999942779541,123830,0.0,0.0
2024-02-29 12:30:00-05:00,2.934999942779541,2.9600000381469727,2.930000066757202,2.950000047683716,176570,0.0,0.0
2024-02-29 13:30:00-05:00,2.950000047683716,2.9600000381469727,2.930000066757202,2.934999942779541,210359,0.0,0.0
2024-02-29 14:30:00-05:00,2.940000057220459,2.950000047683716,2.930000066757202,2.944999933242798,141465,0.0,0.0
2024-02-29 15:30:00-05:00,2.944999933242798,2.9700000286102295,2.940000057220459,2.944999933242798,454384,0.0,0.0
2024-03-01 09:30:00-05:00,2.940000057220459,2.9621999263763428,2.9200000762939453,2.9423000812530518,80575,0.0,0.0
2024-03-01 10:30:00-05:00,2.950000047683716,2.9797000885009766,2.940000057220459,2.9700000286102295,207498,0.0,0.0
2024-03-01 11:30:00-05:00,2.9649999141693115,2.9700000286102295,2.940000057220459,2.950000047683716,187139,0.0,0.0
2024-03-01 12:30:00-05:00,2.950000047683716,2.990000009536743,2.950000047683716,2.9800000190734863,200667,0.0,0.0
2024-03-01 13:30:00-05:00,2.9711999893188477,2.984999895095825,2.940000057220459,2.950000047683716,154371,0.0,0.0
2024-03-01 14:30:00-05:00,2.9600000381469727,2.9700000286102295,2.950000047683716,2.9649999141693115,171675,0.0,0.0
2024-03-01 15:30:00-05:00,2.9700000286102295,2.990000009536743,2.9600000381469727,2.990000009536743,208047,0.0,0.0
2024-03-04 09:30:00-05:00,2.98799991607666,3.0,2.8399999141693115,2.884999990463257,360897,0.0,0.0
2024-03-04 10:30:00-05:00,2.890000104904175,2.950000047683716,2.890000104904175,2.930000066757202,0,0.0,0.0
2024-03-04 11:30:00-05:00,2.940000057220459,2.950000047683716,2.9207000732421875,2.924999952316284,28585,0.0,0.0
2024-03-04 12:30:00-05:00,2.930000066757202,2.940000057220459,2.9149999618530273,2.934999942779541,20213,0.0,0.0
2024-03-04 13:30:00-05:00,2.9300999641418457,2.9600000381469727,2.9300999641418457,2.9600000381469727,51383,0.0,0.0
2024-03-04 14:30:00-05:00,2.9600000381469727,2.9700000286102295,2.940000057220459,2.944999933242798,46951,0.0,0.0
2024-03-04 15:30:00-05:00,2.940000057220459,2.940000057220459,2.9100000858306885,2.9200000762939453,377368,0.0,0.0
2024-03-05 09:30:00-05:00,2.9200000762939453,2.940000057220459,2.8510000705718994,2.8550000190734863,73577,0.0,0.0
2024-03-05 10:30:00-05:00,2.8550000190734863,2.875,2.8399999141693115,2.8450000286102295,48361,0.0,0.0
2024-03-05 11:30:00-05:00,2.8791000843048096,2.934999942779541,2.8791000843048096,2.915299892425537,46409,0.0,0.0
2024-03-05 12:30:00-05:00,2.9149999618530273,2.930000066757202,2.8949999809265137,2.9100000858306885,44717,0.0,0.0
2024-03-05 13:30:00-05:00,2.9049999713897705,2.9100000858306885,2.865000009536743,2.9100000858306885,62873,0.0,0.0
2024-03-05 14:30:00-05:00,2.9049999713897705,2.9200000762939453,2.9000000953674316,2.902600049972534,37259,0.0,0.0
2024-03-05 15:30:00-05:00,2.9049999713897705,2.9649999141693115,2.9049999713897705,2.9600000381469727,512969,0.0,0.0
2024-03-06 09:30:00-05:00,3.009999990463257,3.0899999141693115,2.9700000286102295,3.049999952316284,464514,0.0,0.0
2024-03-06 10:30:00-05:00,3.049999952316284,3.059999942779541,3.0199999809265137,3.0199999809265137,0,0.0,0.0
2024-03-06 11:30:00-05:00,3.0250000953674316,3.049999952316284,3.0250000953674316,3.0399999618530273,84178,0.0,0.0
2024-03-06 12:30:00-05:00,3.0399999618530273,3.0899999141693115,3.0350000858306885,3.049999952316284,152682,0.0,0.0
2024-03-06 13:30:00-05:00,3.059999942779541,3.0799999237060547,3.049999952316284,3.055000066757202,115678,0.0,0.0
2024-03-06 14:30:00-05:00,3.055000066757202,3.069999933242798,2.990000009536743,2.994999885559082,180216,0.0,0.0
2024-03-06 15:30:00-05:00,2.994999885559082,3.009999990463257,2.9700000286102295,2.9700000286102295,694598,0.0,0.0
2024-03-07 09:30:00-05:00,3.0,3.049999952316284,2.990000009536743,3.0499000549316406,92290,0.0,0.0
2024-03-07 10:30:00-05:00,3.049999952316284,3.0850000381469727,3.0239999294281006,3.0850000381469727,145602,0.0,0.0
2024-03-07 11:30:00-05:00,3.0850000381469727,3.0950000286102295,3.049999952316284,3.055000066757202,88020,0.0,0.0
2024-03-07 12:30:00-05:00,3.059999942779541,3.0899999141693115,3.0399999618530273,3.0899999141693115,111051,0.0,0.0
2024-03-07 13:30:00-05:00,3.0899999141693115,3.109999895095825,3.069999933242798,3.0850000381469727,212013,0.0,0.0
2024-03-07 14:30:00-05:00,3.0850000381469727,3.0899999141693115,3.059999942779541,3.0799999237060547,66295,0.0,0.0
2024-03-07 15:30:00-05:00,3.0799999237060547,3.0799999237060547,3.069999933242798,3.0799999237060547,69752,0.0,0.0
2024-03-08 09:30:00-05:00,3.0999999046325684,3.0999999046325684,3.055000066757202,3.0899999141693115,66684,0.0,0.0
2024-03-08 10:30:00-05:00,3.0999999046325684,3.0999999046325684,3.065000057220459,3.069999933242798,128027,0.0,0.0
2024-03-08 11:30:00-05:00,3.071000099182129,3.071000099182129,3.049999952316284,3.069999933242798,38937,0.0,0.0
2024-03-08 12:30:00-05:00,3.069999933242798,3.069999933242798,3.0199999809265137,3.0199999809265137,39521,0.0,0.0
2024-03-08 13:30:00-05:00,3.0199999809265137,3.039099931716919,2.950000047683716,3.0250000953674316,188896,0.0,0.0
2024-03-08 14:30:00-05:00,3.0250000953674316,3.0250000953674316,2.984999895095825,2.990000009536743,126760,0.0,0.0
2024-03-08 15:30:00-05:00,2.990000009536743,3.005000114440918,2.990000009536743,2.994999885559082,94135,0.0,0.0
2024-03-11 09:30:00-04:00,3.0,3.0,2.881200075149536,2.8949999809265137,212760,0.0,0.0
2024-03-11 10:30:00-04:00,2.8905999660491943,2.9800000190734863,2.890000104904175,2.9700000286102295,127868,0.0,0.0
2024-03-11 11:30:00-04:00,2.9649999141693115,2.990000009536743,2.9549999237060547,2.984999895095825,106520,0.0,0.0
2024-03-11 12:30:00-04:00,2.990000009536743,3.0,2.950000047683716,2.9800000190734863,129958,0.0,0.0
2024-03-11 13:30:00-04:00,2.9800000190734863,2.9800000190734863,2.940000057220459,2.9600000381469727,136193,0.0,0.0
2024-03-11 14:30:00-04:00,2.9574999809265137,2.9600000381469727,2.9200000762939453,2.9200000762939453,93016,0.0,0.0
2024-03-11 15:30:00-04:00,2.930000066757202,2.940000057220459,2.9100000858306885,2.9200000762939453,124030,0.0,0.0
2024-03-12 09:30:00-04:00,3.009999990463257,3.299999952316284,3.009999990463257,3.220599889755249,1948685,0.0,0.0
2024-03-12 10:30:00-04:00,3.228800058364868,3.329699993133545,3.2249999046325684,3.2799999713897705,905201,0.0,0.0
2024-03-12 11:30:00-04:00,3.279900074005127,3.2799999713897705,3.2200000286102295,3.228800058364868,332743,0.0,0.0
2024-03-12 12:30:00-04:00,3.2200000286102295,3.2799999713897705,3.2049999237060547,3.219899892807007,483383,0.0,0.0
2024-03-12 13:30:00-04:00,3.210099935531616,3.240000009536743,3.2049999237060547,3.234999895095825,169056,0.0,0.0
2024-03-12 14:30:00-04:00,3.234999895095825,3.2850000858306885,3.2300000190734863,3.2699999809265137,327222,0.0,0.0
2024-03-12 15:30:00-04:00,3.265000104904175,3.299999952316284,3.259999990463257,3.2699999809265137,293546,0.0,0.0
2024-03-13 09:30:00-04:00,3.309999942779541,3.444999933242798,3.2699999809265137,3.3450000286102295,616601,0.0,0.0
2024-03-13 10:30:00-04:00,3.3450000286102295,3.3450000286102295,3.2699999809265137,3.2699999809265137,129245,0.0,0.0
2024-03-13 11:30:00-04:00,3.2699999809265137,3.2850000858306885,3.259999990463257,3.2750000953674316,64230,0.0,0.0
2024-03-13 12:30:00-04:00,3.2699999809265137,3.279900074005127,3.2300000190734863,3.2599000930786133,161557,0.0,0.0
2024-03-13 13:30:00-04:00,3.259999990463257,3.2899999618530273,3.25,3.265000104904175,115185,0.0,0.0
2024-03-13 14:30:00-04:00,3.265000104904175,3.2699999809265137,3.234999895095825,3.248800039291382,129693,0.0,0.0
2024-03-13 15:30:00-04:00,3.25,3.255000114440918,3.2200000286102295,3.2200000286102295,286492,0.0,0.0
2024-03-14 09:30:00-04:00,3.200000047683716,3.325000047683716,3.190000057220459,3.265000104904175,208441,0.0,0.0
2024-03-14 10:30:00-04:00,3.265000104904175,3.2899999618530273,3.2200000286102295,3.2202999591827393,80228,0.0,0.0
2024-03-14 11:30:00-04:00,3.220099925994873,3.240000009536743,3.2100000381469727,3.2149999141693115,47347,0.0,0.0
2024-03-14 12:30:00-04:00,3.218899965286255,3.240000009536743,3.210099935531616,3.2149999141693115,53714,0.0,0.0
2024-03-14 13:30:00-04:00,3.2149999141693115,3.2899999618530273,3.2149999141693115,3.2890000343322754,86032,0.0,0.0
2024-03-14 14:30:00-04:00,3.2899999618530273,3.2899999618530273,3.180000066757202,3.2049999237060547,188298,0.0,0.0
2024-03-14 15:30:00-04:00,3.200000047683716,3.2300000190734863,3.180000066757202,3.2200000286102295,124204,0.0,0.0
2024-03-15 09:30:00-04:00,3.2300000190734863,3.240000009536743,3.140000104904175,3.180000066757202,117045,0.0,0.0
2024-03-15 10:30:00-04:00,3.184000015258789,3.2100000381469727,3.1500000953674316,3.1600000858306885,74249,0.0,0.0
2024-03-15 11:30:00-04:00,3.1600000858306885,3.180000066757202,3.130000114440918,3.132499933242798,32701,0.0,0.0
2024-03-15 12:30:00-04:00,3.140000104904175,3.1449999809265137,3.1012001037597656,3.119999885559082,81793,0.0,0.0
2024-03-15 13:30:00-04:00,3.109999895095825,3.1700000762939453,3.109999895095825,3.140000104904175,63643,0.0,0.0
2024-03-15 14:30:00-04:00,3.1449999809265137,3.1600000858306885,3.140000104904175,3.1449999809265137,53534,0.0,0.0
2024-03-15 15:30:00-04:00,3.1449999809265137,3.2200000286102295,3.140000104904175,3.2200000286102295,158433,0.0,0.0
2024-03-18 09:30:00-04:00,3.2100000381469727,3.234999895095825,3.1700000762939453,3.2149999141693115,157445,0.0,0.0
2024-03-18 10:30:00-04:00,3.2149999141693115,3.299999952316284,3.2125000953674316,3.240000009536743,163026,0.0,0.0
2024-03-18 11:30:00-04:00,3.234999895095825,3.309999942779541,3.2249999046325684,3.291100025177002,220501,0.0,0.0
2024-03-18 12:30:00-04:00,3.2899999618530273,3.299999952316284,3.25,3.2699999809265137,85069,0.0,0.0
2024-03-18 13:30:00-04:00,3.2699999809265137,3.2950000762939453,3.2639999389648438,3.2899999618530273,68123,0.0,0.0
2024-03-18 14:30:00-04:00,3.2850000858306885,3.299999952316284,3.2750000953674316,3.2950000762939453,101111,0.0,0.0
2024-03-18 15:30:00-04:00,3.2950000762939453,3.299999952316284,3.2811999320983887,3.299999952316284,134337,0.0,0.0
2024-03-19 09:30:00-04:00,3.309999942779541,3.309999942779541,3.2049999237060547,3.25,162136,0.0,0.0
2024-03-19 10:30:00-04:00,3.24399995803833,3.2899999618530273,3.24399995803833,3.2850000858306885,68679,0.0,0.0
2024-03-19 11:30:00-04:00,3.2899999618530273,3.309999942779541,3.2899999618530273,3.299999952316284,120001,0.0,0.0
2024-03-19 12:30:00-04:00,3.298799991607666,3.317500114440918,3.2750000953674316,3.2799999713897705,91269,0.0,0.0
2024-03-19 13:30:00-04:00,3.2850000858306885,3.309999942779541,3.2750000953674316,3.2950000762939453,132800,0.0,0.0
2024-03-19 14:30:00-04:00,3.2950000762939453,3.299999952316284,3.2799999713897705,3.2799999713897705,110426,0.0,0.0
2024-03-19 15:30:00-04:00,3.2850000858306885,3.315000057220459,3.2799999713897705,3.2799999713897705,233631,0.0,0.0
2024-03-20 09:30:00-04:00,3.299999952316284,3.299999952316284,3.25,3.2850000858306885,112018,0.0,0.0
2024-03-20 10:30:00-04:00,3.2850000858306885,3.3499999046325684,3.2699999809265137,3.3450000286102295,162567,0.0,0.0
2024-03-20 11:30:00-04:00,3.3450000286102295,3.3450000286102295,3.319999933242798,3.3299999237060547,109147,0.0,0.0
2024-03-20 12:30:00-04:00,3.322499990463257,3.3299999237060547,3.2799999713897705,3.2850000858306885,133533,0.0,0.0
2024-03-20 13:30:00-04:00,3.2850000858306885,3.3299999237060547,3.2799999713897705,3.325000047683716,271080,0.0,0.0
2024-03-20 14:30:00-04:00,3.325000047683716,3.375,3.2899999618530273,3.375,279534,0.0,0.0
2024-03-20 15:30:00-04:00,3.380000114440918,3.4100000858306885,3.369999885559082,3.4100000858306885,284415,0.0,0.0
2024-03-21 09:30:00-04:00,3.430000066757202,3.4649999141693115,3.3350000381469727,3.3499999046325684,326246,0.0,0.0
2024-03-21 10:30:00-04:00,3.359999895095825,3.4000000953674316,3.315000057220459,3.390000104904175,192954,0.0,0.0
2024-03-21 11:30:00-04:00,3.384999990463257,3.424999952316284,3.380000114440918,3.3949999809265137,132202,0.0,0.0
2024-03-21 12:30:00-04:00,3.390000104904175,3.424999952316284,3.390000104904175,3.4149999618530273,70036,0.0,0.0
2024-03-21 13:30:00-04:00,3.4149999618530273,3.5,3.4149999618530273,3.498800039291382,311004,0.0,0.0
2024-03-21 14:30:00-04:00,3.5,3.505000114440918,3.450000047683716,3.490000009536743,222468,0.0,0.0
2024-03-21 15:30:00-04:00,3.490000009536743,3.509999990463257,3.4700000286102295,3.4700000286102295,403633,0.0,0.0
2024-03-22 09:30:00-04:00,3.490000009536743,3.5199999809265137,3.450000047683716,3.515000104904175,125671,0.0,0.0
2024-03-22 10:30:00-04:00,3.5106000900268555,3.5399999618530273,3.490000009536743,3.5,231892,0.0,0.0
2024-03-22 11:30:00-04:00,3.494999885559082,3.5399999618530273,3.490000009536743,3.539900064468384,213512,0.0,0.0
2024-03-22 12:30:00-04:00,3.5302000045776367,3.549999952316284,3.484999895095825,3.5299999713897705,529124,0.0,0.0
2024-03-22 13:30:00-04:00,3.5350000858306885,3.619999885559082,3.5299999713897705,3.5399999618530273,776830,0.0,0.0
2024-03-22 14:30:00-04:00,3.5450000762939453,3.5799999237060547,3.5450000762939453,3.575000047683716,341103,0.0,0.0
2024-03-22 15:30:00-04:00,3.569999933242798,3.5899999141693115,3.5299999713897705,3.559999942779541,739026,0.0,0.0
2024-03-25 09:30:00-04:00,3.569999933242798,3.765000104904175,3.5299999713897705,3.6449999809265137,562420,0.0,0.0
2024-03-25 10:30:00-04:00,3.6449999809265137,3.7049999237060547,3.615000009536743,3.698699951171875,345904,0.0,0.0
2024-03-25 11:30:00-04:00,3.690000057220459,3.700000047683716,3.6050000190734863,3.6191000938415527,412562,0.0,0.0
2024-03-25 12:30:00-04:00,3.619999885559082,3.629699945449829,3.5799999237060547,3.5850000381469727,205851,0.0,0.0
2024-03-25 13:30:00-04:00,3.5829999446868896,3.619999885559082,3.5799999237060547,3.609999895095825,123494,0.0,0.0
2024-03-25 14:30:00-04:00,3.6050000190734863,3.630000114440918,3.5999999046325684,3.619999885559082,138098,0.0,0.0
2024-03-25 15:30:00-04:00,3.619999885559082,3.630000114440918,3.609999895095825,3.630000114440918,326539,0.0,0.0
2024-03-26 09:30:00-04:00,3.630000114440918,3.6500000953674316,3.5399999618530273,3.5399999618530273,353826,0.0,0.0
2024-03-26 10:30:00-04:00,3.5439999103546143,3.5850000381469727,3.490000009536743,3.539900064468384,525368,0.0,0.0
2024-03-26 11:30:00-04:00,3.5350000858306885,3.5999999046325684,3.5299999713897705,3.5950000286102295,138845,0.0,0.0
2024-03-26 12:30:00-04:00,3.5950000286102295,3.640000104904175,3.5940001010894775,3.6301000118255615,156280,0.0,0.0
2024-03-26 13:30:00-04:00,3.634999990463257,3.640000104904175,3.5899999141693115,3.615000009536743,110088,0.0,0.0
2024-03-26 14:30:00-04:00,3.615000009536743,3.630000114440918,3.5950000286102295,3.5950000286102295,109375,0.0,0.0
2024-03-26 15:30:00-04:00,3.5950000286102295,3.6449999809265137,3.5899999141693115,3.5899999141693115,354494,0.0,0.0
2024-03-27 09:30:00-04:00,3.6500000953674316,3.7100000381469727,3.5899999141693115,3.674999952316284,390816,0.0,0.0
2024-03-27 10:30:00-04:00,3.674999952316284,3.7300000190734863,3.6449999809265137,3.680000066757202,359331,0.0,0.0
2024-03-27 11:30:00-04:00,3.6700000762939453,3.700000047683716,3.609999895095825,3.634999990463257,197770,0.0,0.0
2024-03-27 12:30:00-04:00,3.634999990463257,3.6500000953674316,3.609999895095825,3.615000009536743,100027,0.0,0.0
2024-03-27 13:30:00-04:00,3.615000009536743,3.619999885559082,3.6050000190734863,3.619999885559082,61434,0.0,0.0
2024-03-27 14:30:00-04:00,3.619999885559082,3.630000114440918,3.559999942779541,3.565000057220459,102107,0.0,0.0
2024-03-27 15:30:00-04:00,3.565000057220459,3.5799999237060547,3.549999952316284,3.565000057220459,146692,0.0,0.0
2024-03-28 09:30:00-04:00,3.549999952316284,3.634999990463257,3.4800000190734863,3.6050000190734863,244395,0.0,0.0
2024-03-28 10:30:00-04:00,3.6050000190734863,3.6549999713897705,3.559999942779541,3.625,489161,0.0,0.0
2024-03-28 11:30:00-04:00,3.6231000423431396,3.625,3.5799999237060547,3.6050000190734863,101484,0.0,0.0
2024-03-28 12:30:00-04:00,3.5999999046325684,3.6050000190734863,3.5799999237060547,3.5950000286102295,131976,0.0,0.0
2024-03-28 13:30:00-04:00,3.5950000286102295,3.5999999046325684,3.559999942779541,3.559999942779541,102107,0.0,0.0
2024-03-28 14:30:00-04:00,3.565000057220459,3.5899999141693115,3.559999942779541,3.569999933242798,112700,0.0,0.0
2024-03-28 15:30:00-04:00,3.569999933242798,3.575000047683716,3.559999942779541,3.569999933242798,81310,0.0,0.0
2024-04-01 09:30:00-04:00,3.619999885559082,3.640000104904175,3.5311999320983887,3.549999952316284,161429,0.0,0.0
2024-04-01 10:30:00-04:00,3.5487000942230225,3.6050000190734863,3.5425000190734863,3.555000066757202,105324,0.0,0.0
2024-04-01 11:30:00-04:00,3.552500009536743,3.575000047683716,3.5399999618530273,3.569999933242798,89876,0.0,0.0
2024-04-01 12:30:00-04:00,3.569999933242798,3.5999999046325684,3.569999933242798,3.5899999141693115,80625,0.0,0.0
2024-04-01 13:30:00-04:00,3.5950000286102295,3.6050000190734863,3.559999942779541,3.565000057220459,83632,0.0,0.0
2024-04-01 14:30:00-04:00,3.559999942779541,3.569999933242798,3.5299999713897705,3.5350000858306885,52397,0.0,0.0
2024-04-01 15:30:00-04:00,3.5299999713897705,3.5399999618530273,3.5199999809265137,3.5299999713897705,91602,0.0,0.0
2024-04-02 09:30:00-04:00,3.4600000381469727,3.5,3.3299999237060547,3.4649999141693115,405823,0.0,0.0
2024-04-02 10:30:00-04:00,3.4649999141693115,3.490000009536743,3.450000047683716,3.4800000190734863,84503,0.0,0.0
2024-04-02 11:30:00-04:00,3.4800000190734863,3.5,3.440000057220459,3.4649999141693115,119843,0.0,0.0
2024-04-02 12:30:00-04:00,3.4649999141693115,3.4700000286102295,3.450000047683716,3.452500104904175,35935,0.0,0.0
2024-04-02 13:30:00-04:00,3.4549999237060547,3.490000009536743,3.450000047683716,3.4700000286102295,64848,0.0,0.0
2024-04-02 14:30:00-04:00,3.4600000381469727,3.5,3.440000057220459,3.440000057220459,388162,0.0,0.0
2024-04-02 15:30:00-04:00,3.440000057220459,3.4600000381469727,3.440000057220459,3.4549999237060547,79768,0.0,0.0
2024-04-03 09:30:00-04:00,3.450000047683716,3.5450000762939453,3.444999933242798,3.5450000762939453,171428,0.0,0.0
2024-04-03 10:30:00-04:00,3.5450000762939453,3.5899999141693115,3.5,3.5425000190734863,285296,0.0,0.0
2024-04-03 11:30:00-04:00,3.5450000762939453,3.549999952316284,3.5199999809265137,3.5399999618530273,68294,0.0,0.0
2024-04-03 12:30:00-04:00,3.5350000858306885,3.555000066757202,3.509999990463257,3.555000066757202,67603,0.0,0.0
2024-04-03 13:30:00-04:00,3.555000066757202,3.5799999237060547,3.555000066757202,3.572499990463257,56698,0.0,0.0
2024-04-03 14:30:00-04:00,3.5799999237060547,3.634999990463257,3.575000047683716,3.634999990463257,207999,0.0,0.0
2024-04-03 15:30:00-04:00,3.634999990463257,3.6549999713897705,3.619999885559082,3.630000114440918,446922,0.0,0.0
2024-04-04 09:30:00-04:00,3.700000047683716,3.76990008354187,3.6500000953674316,3.6700000762939453,244512,0.0,0.0
2024-04-04 10:30:00-04:00,3.680000066757202,3.700000047683716,3.6700000762939453,3.674999952316284,115986,0.0,0.0
2024-04-04 11:30:00-04:00,3.670099973678589,3.680000066757202,3.619999885559082,3.6549999713897705,139580,0.0,0.0
2024-04-04 12:30:00-04:00,3.6600000858306885,3.684999942779541,3.6524999141693115,3.6600000858306885,144365,0.0,0.0
2024-04-04 13:30:00-04:00,3.6600000858306885,3.6600000858306885,3.5838000774383545,3.5838000774383545,152433,0.0,0.0
2024-04-04 14:30:00-04:00,3.5799999237060547,3.630000114440918,3.5625,3.615000009536743,248722,0.0,0.0
2024-04-04 15:30:00-04:00,3.615000009536743,3.630000114440918,3.5999999046325684,3.630000114440918,125155,0.0,0.0
2024-04-05 09:30:00-04:00,3.609999895095825,3.6649999618530273,3.5799999237060547,3.625,135546,0.0,0.0
2024-04-05 10:30:00-04:00,3.624000072479248,3.6549999713897705,3.549999952316284,3.549999952316284,129312,0.0,0.0
2024-04-05 11:30:00-04:00,3.555000066757202,3.615000009536743,3.555000066757202,3.615000009536743,203321,0.0,0.0
2024-04-05 12:30:00-04:00,3.615000009536743,3.6500000953674316,3.609999895095825,3.6389999389648438,119715,0.0,0.0
2024-04-05 13:30:00-04:00,3.634999990463257,3.640000104904175,3.5999999046325684,3.609999895095825,92937,0.0,0.0
2024-04-05 14:30:00-04:00,3.6050000190734863,3.630000114440918,3.5999999046325684,3.625,160648,0.0,0.0
2024-04-05 15:30:00-04:00,3.625,3.6500000953674316,3.619999885559082,3.6500000953674316,153787,0.0,0.0
2024-04-08 09:30:00-04:00,3.680000066757202,3.75,3.634999990463257,3.684999942779541,169669,0.0,0.0
2024-04-08 10:30:00-04:00,3.684999942779541,3.759999990463257,3.630000114440918,3.6649999618530273,645366,0.0,0.0
2024-04-08 11:30:00-04:00,3.6700000762939453,3.7049999237060547,3.6649999618530273,3.684999942779541,197534,0.0,0.0
2024-04-08 12:30:00-04:00,3.6809000968933105,3.740000009536743,3.6800999641418457,3.7300000190734863,174206,0.0,0.0
2024-04-08 13:30:00-04:00,3.7300000190734863,3.7799999713897705,3.7200000286102295,3.744999885559082,493869,0.0,0.0
2024-04-08 14:30:00-04:00,3.74399995803833,3.7699999809265137,3.7200000286102295,3.7300000190734863,303725,0.0,0.0
2024-04-08 15:30:00-04:00,3.734999895095825,3.75,3.7100000381469727,3.7249999046325684,318504,0.0,0.0
2024-04-09 09:30:00-04:00,3.740000009536743,3.9200000762939453,3.7149999141693115,3.865000009536743,1129340,0.0,0.0
2024-04-09 10:30:00-04:00,3.8691000938415527,3.890000104904175,3.740000009536743,3.7455999851226807,542683,0.0,0.0
2024-04-09 11:30:00-04:00,3.744999885559082,3.799999952316284,3.740000009536743,3.789900064468384,272805,0.0,0.0
2024-04-09 12:30:00-04:00,3.7899999618530273,3.805000066757202,3.740000009536743,3.755000114440918,388633,0.0,0.0
2024-04-09 13:30:00-04:00,3.755000114440918,3.7850000858306885,3.744999885559082,3.7750000953674316,175976,0.0,0.0
2024-04-09 14:30:00-04:00,3.7750000953674316,3.799999952316284,3.740000009536743,3.755000114440918,220226,0.0,0.0
2024-04-09 15:30:00-04:00,3.755000114440918,3.809999942779541,3.744999885559082,3.7799999713897705,588512,0.0,0.0
2024-04-10 09:30:00-04:00,3.799999952316284,3.859999895095825,3.730299949645996,3.75,542574,0.0,0.0
2024-04-10 10:30:00-04:00,3.755000114440918,3.7899999618530273,3.7300000190734863,3.759999990463257,310654,0.0,0.0
2024-04-10 11:30:00-04:00,3.759999990463257,3.8299999237060547,3.75,3.7750000953674316,500823,0.0,0.0
2024-04-10 12:30:00-04:00,3.7750000953674316,3.7799999713897705,3.7100000381469727,3.7100000381469727,237598,0.0,0.0
2024-04-10 13:30:00-04:00,3.7200000286102295,3.740000009536743,3.680000066757202,3.700000047683716,204565,0.0,0.0
2024-04-10 14:30:00-04:00,3.7049999237060547,3.7799999713897705,3.640000104904175,3.6600000858306885,365120,0.0,0.0
2024-04-10 15:30:00-04:00,3.6649999618530273,3.6649999618530273,3.630000114440918,3.6500000953674316,204108,0.0,0.0
2024-04-11 09:30:00-04:00,3.630000114440918,3.6649999618530273,3.549999952316284,3.6549999713897705,302633,0.0,0.0
2024-04-11 10:30:00-04:00,3.6549999713897705,3.6649999618530273,3.6201000213623047,3.644200086593628,73436,0.0,0.0
2024-04-11 11:30:00-04:00,3.6449999809265137,3.700000047683716,3.6415998935699463,3.684999942779541,97996,0.0,0.0
2024-04-11 12:30:00-04:00,3.680000066757202,3.7100000381469727,3.680000066757202,3.694999933242798,78525,0.0,0.0
2024-04-11 13:30:00-04:00,3.694999933242798,3.700000047683716,3.680000066757202,3.684999942779541,67737,0.0,0.0
2024-04-11 14:30:00-04:00,3.684999942779541,3.684999942779541,3.620500087738037,3.625,119505,0.0,0.0
2024-04-11 15:30:00-04:00,3.625,3.6500000953674316,3.619999885559082,3.630000114440918,149698,0.0,0.0
2024-04-12 09:30:00-04:00,3.609999895095825,3.640000104904175,3.4700000286102295,3.5,396666,0.0,0.0
2024-04-12 10:30:00-04:00,3.505000114440918,3.515000104904175,3.430000066757202,3.4600000381469727,175833,0.0,0.0
2024-04-12 11:30:00-04:00,3.4549999237060547,3.490000009536743,3.450000047683716,3.489300012588501,160934,0.0,0.0
2024-04-12 12:30:00-04:00,3.490000009536743,3.5299999713897705,3.4725000858306885,3.5299999713897705,250813,0.0,0.0
2024-04-12 13:30:00-04:00,3.5299999713897705,3.549999952316284,3.4800000190734863,3.4800000190734863,125801,0.0,0.0
2024-04-12 14:30:00-04:00,3.4749999046325684,3.4800000190734863,3.259999990463257,3.4749999046325684,529022,0.0,0.0
2024-04-12 15:30:00-04:00,3.4700000286102295,3.509999990463257,3.4600000381469727,3.4749999046325684,241295,0.0,0.0
2024-04-15 09:30:00-04:00,3.4800000190734863,3.5299999713897705,3.359999895095825,3.384999990463257,441726,0.0,0.0
2024-04-15 10:30:00-04:00,3.390000104904175,3.3949999809265137,3.2950000762939453,3.3450000286102295,380055,0.0,0.0
2024-04-15 11:30:00-04:00,3.3499999046325684,3.359999895095825,3.302500009536743,3.309999942779541,165341,0.0,0.0
2024-04-15 12:30:00-04:00,3.309999942779541,3.319999933242798,3.242000102996826,3.250999927520752,153549,0.0,0.0
2024-04-15 13:30:00-04:00,3.25,3.265000104904175,3.180000066757202,3.2100000381469727,295771,0.0,0.0
2024-04-15 14:30:00-04:00,3.2200000286102295,3.227299928665161,3.180000066757202,3.2049999237060547,197923,0.0,0.0
2024-04-15 15:30:00-04:00,3.200000047683716,3.2100000381469727,3.200000047683716,3.200000047683716,160864,0.0,0.0
2024-04-16 09:30:00-04:00,3.119999885559082,3.190000057220459,3.059999942779541,3.130000114440918,359073,0.0,0.0
2024-04-16 10:30:00-04:00,3.119999885559082,3.1449999809265137,3.0850000381469727,3.1449999809265137,387270,0.0,0.0
2024-04-16 11:30:00-04:00,3.140000104904175,3.1500000953674316,3.109999895095825,3.125,190259,0.0,0.0
2024-04-16 12:30:00-04:00,3.119999885559082,3.130000114440918,3.069999933242798,3.0850000381469727,216949,0.0,0.0
2024-04-16 13:30:00-04:00,3.0799999237060547,3.0950000286102295,3.049999952316284,3.049999952316284,178613,0.0,0.0
2024-04-16 14:30:00-04:00,3.049999952316284,3.059999942779541,3.015000104904175,3.0350000858306885,325560,0.0,0.0
2024-04-16 15:30:00-04:00,3.0350000858306885,3.0350000858306885,3.005000114440918,3.0199999809265137,245067,0.0,0.0
2024-04-17 09:30:00-04:00,3.0999999046325684,3.140000104904175,3.0100998878479004,3.0100998878479004,112121,0.0,0.0
2024-04-17 10:30:00-04:00,3.0199999809265137,3.0399999618530273,2.9800000190734863,2.984999895095825,134037,0.0,0.0
2024-04-17 11:30:00-04:00,2.9800000190734863,3.0,2.950000047683716,2.9700000286102295,124609,0.0,0.0
2024-04-17 12:30:00-04:00,2.9763998985290527,2.9800000190734863,2.940000057220459,2.9700000286102295,93003,0.0,0.0
2024-04-17 13:30:00-04:00,2.9649999141693115,2.9800000190734863,2.944999933242798,2.9549999237060547,73127,0.0,0.0
2024-04-17 14:30:00-04:00,2.9504001140594482,2.9700000286102295,2.9200000762939453,2.944999933242798,140400,0.0,0.0
2024-04-17 15:30:00-04:00,2.9410998821258545,2.950000047683716,2.924999952316284,2.940000057220459,177681,0.0,0.0
2024-04-18 09:30:00-04:00,2.940000057220459,2.9774999618530273,2.9200000762939453,2.9649999141693115,52115,0.0,0.0
2024-04-18 10:30:00-04:00,2.9700000286102295,3.049999952316284,2.9600000381469727,3.0199999809265137,260328,0.0,0.0
2024-04-18 11:30:00-04:00,3.0199999809265137,3.0299999713897705,2.990000009536743,2.994999885559082,61020,0.0,0.0
2024-04-18 12:30:00-04:00,2.994999885559082,2.994999885559082,2.9600000381469727,2.9700000286102295,73131,0.0,0.0
2024-04-18 13:30:00-04:00,2.9749999046325684,2.9798998832702637,2.9600000381469727,2.9700000286102295,23723,0.0,0.0
2024-04-18 14:30:00-04:00,2.9649999141693115,2.9700000286102295,2.9200000762939453,2.924999952316284,150135,0.0,0.0
2024-04-18 15:30:00-04:00,2.9214000701904297,2.990000009536743,2.920099973678589,2.9649999141693115,308750,0.0,0.0
2024-04-19 09:30:00-04:00,2.950000047683716,3.0850000381469727,2.9400999546051025,3.069999933242798,183818,0.0,0.0
2024-04-19 10:30:00-04:00,3.071000099182129,3.119999885559082,3.059999942779541,3.0950000286102295,136558,0.0,0.0
2024-04-19 11:30:00-04:00,3.0999999046325684,3.0999999046325684,3.0399999618530273,3.0399999618530273,269258,0.0,0.0
2024-04-19 12:30:00-04:00,3.0399999618530273,3.109999895095825,3.0399999618530273,3.0950000286102295,111632,0.0,0.0
2024-04-19 13:30:00-04:00,3.0950000286102295,3.119999885559082,3.0899999141693115,3.090100049972534,97201,0.0,0.0
2024-04-19 14:30:00-04:00,3.0950000286102295,3.0999999046325684,3.059999942779541,3.0950000286102295,103839,0.0,0.0
2024-04-19 15:30:00-04:00,3.0899999141693115,3.140000104904175,3.0850000381469727,3.140000104904175,285039,0.0,0.0
2024-04-22 09:30:00-04:00,3.1600000858306885,3.174999952316284,3.0350000858306885,3.0399999618530273,208425,0.0,0.0
2024-04-22 10:30:00-04:00,3.0450000762939453,3.140000104904175,2.994999885559082,3.015000104904175,186522,0.0,0.0
2024-04-22 11:30:00-04:00,3.0199999809265137,3.0687999725341797,3.0199999809265137,3.049999952316284,94138,0.0,0.0
2024-04-22 12:30:00-04:00,3.049999952316284,3.0799999237060547,3.0399999618530273,3.0799999237060547,57372,0.0,0.0
2024-04-22 13:30:00-04:00,3.075000047683716,3.109999895095825,3.075000047683716,3.0999999046325684,228070,0.0,0.0
2024-04-22 14:30:00-04:00,3.1050000190734863,3.130000114440918,3.0899999141693115,3.0950000286102295,126964,0.0,0.0
2024-04-22 15:30:00-04:00,3.0950000286102295,3.0999999046325684,3.069999933242798,3.069999933242798,148163,0.0,0.0
2024-04-23 09:30:00-04:00,3.0899999141693115,3.265000104904175,3.0899999141693115,3.259999990463257,436789,0.0,0.0
2024-04-23 10:30:00-04:00,3.252500057220459,3.259999990463257,3.1700000762939453,3.1700000762939453,290690,0.0,0.0
2024-04-23 11:30:00-04:00,3.174999952316284,3.190000057220459,3.1600000858306885,3.190000057220459,100783,0.0,0.0
2024-04-23 12:30:00-04:00,3.184999942779541,3.2149999141693115,3.1600000858306885,3.1649999618530273,98461,0.0,0.0
2024-04-23 13:30:00-04:00,3.1649999618530273,3.2049999237060547,3.1600000858306885,3.174999952316284,133902,0.0,0.0
2024-04-23 14:30:00-04:00,3.174999952316284,3.180000066757202,3.130000114440918,3.1449999809265137,154872,0.0,0.0
2024-04-23 15:30:00-04:00,3.1449999809265137,3.1500000953674316,3.130000114440918,3.1449999809265137,154661,0.0,0.0
2024-04-24 09:30:00-04:00,3.109999895095825,3.1500000953674316,3.0350000858306885,3.0350000858306885,144133,0.0,0.0
2024-04-24 10:30:00-04:00,3.0350000858306885,3.049999952316284,3.0199999809265137,3.0250000953674316,101119,0.0,0.0
2024-04-24 11:30:00-04:00,3.0250000953674316,3.0399999618530273,3.0,3.0399999618530273,52336,0.0,0.0
2024-04-24 12:30:00-04:00,3.0350000858306885,3.069999933242798,3.0299999713897705,3.069999933242798,37026,0.0,0.0
2024-04-24 13:30:00-04:00,3.069999933242798,3.0999999046325684,3.049999952316284,3.059999942779541,103225,0.0,0.0
2024-04-24 14:30:00-04:00,3.055000066757202,3.069999933242798,3.049999952316284,3.059999942779541,64507,0.0,0.0
2024-04-24 15:30:00-04:00,3.055000066757202,3.0799999237060547,3.055000066757202,3.059999942779541,128352,0.0,0.0
2024-04-25 09:30:00-04:00,3.0,3.069999933242798,2.9700000286102295,3.065000057220459,131258,0.0,0.0
2024-04-25 10:30:00-04:00,3.0657999515533447,3.0799999237060547,3.055000066757202,3.0799999237060547,76716,0.0,0.0
2024-04-25 11:30:00-04:00,3.0799999237060547,3.0999999046325684,3.059999942779541,3.0999999046325684,34544,0.0,0.0
2024-04-25 12:30:00-04:00,3.0999999046325684,3.119999885559082,3.075000047683716,3.0899999141693115,88794,0.0,0.0
2024-04-25 13:30:00-04:00,3.0899999141693115,3.109999895095825,3.075000047683716,3.075000047683716,66477,0.0,0.0
2024-04-25 14:30:00-04:00,3.069999933242798,3.0950000286102295,3.059999942779541,3.0799999237060547,85396,0.0,0.0
2024-04-25 15:30:00-04:00,3.0850000381469727,3.0899999141693115,3.059999942779541,3.0850000381469727,400444,0.0,0.0
2024-04-26 09:30:00-04:00,3.0999999046325684,3.1700000762939453,3.069999933242798,3.1484999656677246,86878,0.0,0.0
2024-04-26 10:30:00-04:00,3.140000104904175,3.1500000953674316,3.109999895095825,3.119999885559082,45618,0.0,0.0
2024-04-26 11:30:00-04:00,3.115000009536743,3.1298999786376953,3.109999895095825,3.119999885559082,39584,0.0,0.0
2024-04-26 12:30:00-04:00,3.109999895095825,3.1500000953674316,3.109999895095825,3.1449999809265137,22271,0.0,0.0
2024-04-26 13:30:00-04:00,3.1449999809265137,3.1500000953674316,3.125,3.134999990463257,34887,0.0,0.0
2024-04-26 14:30:00-04:00,3.1393001079559326,3.140000104904175,3.130000114440918,3.134999990463257,20987,0.0,0.0
2024-04-26 15:30:00-04:00,3.134999990463257,3.134999990463257,3.119999885559082,3.119999885559082,60977,0.0,0.0
2024-04-29 09:30:00-04:00,3.1500000953674316,3.2100000381469727,3.119999885559082,3.180000066757202,117431,0.0,0.0
2024-04-29 10:30:00-04:00,3.180000066757202,3.200000047683716,3.130000114440918,3.134999990463257,52257,0.0,0.0
2024-04-29 11:30:00-04:00,3.134999990463257,3.1700000762939453,3.130000114440918,3.1575000286102295,62448,0.0,0.0
2024-04-29 12:30:00-04:00,3.1549999713897705,3.1600000858306885,3.140000104904175,3.1500000953674316,30931,0.0,0.0
2024-04-29 13:30:00-04:00,3.140000104904175,3.1500000953674316,3.140000104904175,3.1500000953674316,30215,0.0,0.0
2024-04-29 14:30:00-04:00,3.1500000953674316,3.1500000953674316,3.0799999237060547,3.0899999141693115,149039,0.0,0.0
2024-04-29 15:30:00-04:00,3.0899999141693115,3.0999999046325684,3.0850000381469727,3.0899999141693115,85033,0.0,0.0
2024-04-30 09:30:00-04:00,3.059999942779541,3.1500000953674316,3.0299999713897705,3.109999895095825,109956,0.0,0.0
2024-04-30 10:30:00-04:00,3.109999895095825,3.130000114440918,3.0799999237060547,3.0950000286102295,46835,0.0,0.0
2024-04-30 11:30:00-04:00,3.0950000286102295,3.0950000286102295,3.069999933242798,3.0850000381469727,23877,0.0,0.0
2024-04-30 12:30:00-04:00,3.0799999237060547,3.0799999237060547,3.049999952316284,3.0799999237060547,51232,0.0,0.0
2024-04-30 13:30:00-04:00,3.075000047683716,3.0899999141693115,3.069999933242798,3.075000047683716,21415,0.0,0.0
2024-04-30 14:30:00-04:00,3.075000047683716,3.0999999046325684,3.059999942779541,3.0799999237060547,83521,0.0,0.0
2024-04-30 15:30:00-04:00,3.0799999237060547,3.0899999141693115,3.059999942779541,3.059999942779541,91463,0.0,0.0
2024-05-01 09:30:00-04:00,3.0399999618530273,3.140000104904175,3.0320000648498535,3.1050000190734863,81755,0.0,0.0
2024-05-01 10:30:00-04:00,3.109999895095825,3.109999895095825,3.069999933242798,3.0899999141693115,62880,0.0,0.0
2024-05-01 11:30:00-04:00,3.0850000381469727,3.115000009536743,3.069999933242798,3.115000009536743,99928,0.0,0.0
2024-05-01 12:30:00-04:00,3.115000009536743,3.125,3.1050000190734863,3.125,82918,0.0,0.0
2024-05-01 13:30:00-04:00,3.125,3.174999952316284,3.119999885559082,3.174999952316284,136433,0.0,0.0
2024-05-01 14:30:00-04:00,3.180000066757202,3.259999990463257,3.1612000465393066,3.2249999046325684,215235,0.0,0.0
2024-05-01 15:30:00-04:00,3.2249999046325684,3.2300000190734863,3.1600000858306885,3.1649999618530273,183924,0.0,0.0
2024-05-02 09:30:00-04:00,3.180000066757202,3.180000066757202,3.1098999977111816,3.125,47043,0.0,0.0
2024-05-02 10:30:00-04:00,3.125,3.140000104904175,3.109999895095825,3.115000009536743,73265,0.0,0.0
2024-05-02 11:30:00-04:00,3.109999895095825,3.134999990463257,3.1050000190734863,3.115000009536743,31899,0.0,0.0
2024-05-02 12:30:00-04:00,3.119999885559082,3.140000104904175,3.109999895095825,3.140000104904175,19059,0.0,0.0
2024-05-02 13:30:00-04:00,3.134999990463257,3.140000104904175,3.0999999046325684,3.130000114440918,48496,0.0,0.0
2024-05-02 14:30:00-04:00,3.125,3.1449999809265137,3.109999895095825,3.109999895095825,83134,0.0,0.0
2024-05-02 15:30:00-04:00,3.109999895095825,3.130000114440918,3.0950000286102295,3.115000009536743,147328,0.0,0.0
2024-05-03 09:30:00-04:00,3.180000066757202,3.2079999446868896,3.1500000953674316,3.184999942779541,69642,0.0,0.0
2024-05-03 10:30:00-04:00,3.180000066757202,3.190000057220459,3.1600000858306885,3.180000066757202,34754,0.0,0.0
2024-05-03 11:30:00-04:00,3.180000066757202,3.199899911880493,3.1700000762939453,3.190000057220459,39764,0.0,0.0
2024-05-03 12:30:00-04:00,3.184999942779541,3.190000057220459,3.1549999713897705,3.1649999618530273,41645,0.0,0.0
2024-05-03 13:30:00-04:00,3.1600000858306885,3.1649999618530273,3.1500000953674316,3.1600000858306885,55599,0.0,0.0
2024-05-03 14:30:00-04:00,3.1675000190734863,3.1689000129699707,3.140000104904175,3.1649999618530273,118911,0.0,0.0
2024-05-03 15:30:00-04:00,3.1649999618530273,3.1700000762939453,3.1500000953674316,3.1600000858306885,146399,0.0,0.0
2024-05-06 09:30:00-04:00,3.190000057220459,3.309999942779541,3.190000057220459,3.2699999809265137,176844,0.0,0.0
2024-05-06 10:30:00-04:00,3.2850000858306885,3.289900064468384,3.1700000762939453,3.244999885559082,172140,0.0,0.0
2024-05-06 11:30:00-04:00,3.244999885559082,3.244999885559082,3.2100000381469727,3.2100000381469727,84118,0.0,0.0
2024-05-06 12:30:00-04:00,3.2149999141693115,3.25,3.2100000381469727,3.244999885559082,54993,0.0,0.0
2024-05-06 13:30:00-04:00,3.244999885559082,3.25,3.2049999237060547,3.2149999141693115,282781,0.0,0.0
2024-05-06 14:30:00-04:00,3.2200000286102295,3.2200000286102295,3.173099994659424,3.180000066757202,149276,0.0,0.0
2024-05-06 15:30:00-04:00,3.174999952316284,3.184999942779541,3.1600000858306885,3.180000066757202,278814,0.0,0.0
2024-05-07 09:30:00-04:00,3.049999952316284,3.0999999046325684,2.6610000133514404,2.684999942779541,1405445,0.0,0.0
2024-05-07 10:30:00-04:00,2.681999921798706,2.700000047683716,2.549999952316284,2.630000114440918,1579658,0.0,0.0
2024-05-07 11:30:00-04:00,2.6384999752044678,2.740000009536743,2.590100049972534,2.700000047683716,541526,0.0,0.0
2024-05-07 12:30:00-04:00,2.700000047683716,2.799999952316284,2.6549999713897705,2.75,421808,0.0,0.0
2024-05-07 13:30:00-04:00,2.75,2.7799999713897705,2.694999933242798,2.700000047683716,374171,0.0,0.0
2024-05-07 14:30:00-04:00,2.700000047683716,2.759999990463257,2.694999933242798,2.7249999046325684,232013,0.0,0.0
2024-05-07 15:30:00-04:00,2.7249999046325684,2.759999990463257,2.680000066757202,2.680000066757202,495234,0.0,0.0
2024-05-08 09:30:00-04:00,2.619999885559082,2.799999952316284,2.5899999141693115,2.700000047683716,390430,0.0,0.0
2024-05-08 10:30:00-04:00,2.7049999237060547,2.70989990234375,2.5799999237060547,2.6549999713897705,335950,0.0,0.0
2024-05-08 11:30:00-04:00,2.6549999713897705,2.7100000381469727,2.5799999237060547,2.690000057220459,423291,0.0,0.0
2024-05-08 12:30:00-04:00,2.694999933242798,2.7200000286102295,2.619999885559082,2.640000104904175,261550,0.0,0.0
2024-05-08 13:30:00-04:00,2.640000104904175,2.6500000953674316,2.5999999046325684,2.630000114440918,171800,0.0,0.0
2024-05-08 14:30:00-04:00,2.630000114440918,2.630000114440918,2.569999933242798,2.615000009536743,312098,0.0,0.0
2024-05-08 15:30:00-04:00,2.615000009536743,2.6700000762939453,2.5999999046325684,2.6500000953674316,302200,0.0,0.0
2024-05-09 09:30:00-04:00,2.640000104904175,2.799999952316284,2.640000104904175,2.7300000190734863,166415,0.0,0.0
2024-05-09 10:30:00-04:00,2.7249999046325684,2.7899999618530273,2.7100000381469727,2.7899999618530273,238153,0.0,0.0
2024-05-09 11:30:00-04:00,2.7950000762939453,2.825000047683716,2.7699999809265137,2.809999942779541,237176,0.0,0.0
2024-05-09 12:30:00-04:00,2.809999942779541,2.809999942779541,2.759999990463257,2.759999990463257,130933,0.0,0.0
2024-05-09 13:30:00-04:00,2.759999990463257,2.8399999141693115,2.759999990463257,2.8399999141693115,208362,0.0,0.0
2024-05-09 14:30:00-04:00,2.8399999141693115,2.875,2.825000047683716,2.865000009536743,271720,0.0,0.0
2024-05-09 15:30:00-04:00,2.859999895095825,2.9000000953674316,2.8499999046325684,2.859999895095825,295235,0.0,0.0
2024-05-10 09:30:00-04:00,2.9100000858306885,3.0299999713897705,2.7699999809265137,2.7750000953674316,232289,0.0,0.0
2024-05-10 10:30:00-04:00,2.7699999809265137,2.8297998905181885,2.75,2.75,202448,0.0,0.0
2024-05-10 11:30:00-04:00,2.75,2.8299999237060547,2.740000009536743,2.7950000762939453,153856,0.0,0.0
2024-05-10 12:30:00-04:00,2.7950000762939453,2.8299999237060547,2.7699999809265137,2.8299999237060547,152300,0.0,0.0
2024-05-10 13:30:00-04:00,2.825000047683716,2.825000047683716,2.7799999713897705,2.7850000858306885,117884,0.0,0.0
2024-05-10 14:30:00-04:00,2.7899999618530273,2.799999952316284,2.7699999809265137,2.7750000953674316,56565,0.0,0.0
2024-05-10 15:30:00-04:00,2.7750000953674316,2.809999942779541,2.759999990463257,2.809999942779541,108894,0.0,0.0
2024-05-13 09:30:00-04:00,2.819999933242798,2.950000047683716,2.799999952316284,2.9100000858306885,196117,0.0,0.0
2024-05-13 10:30:00-04:00,2.9100000858306885,2.9100000858306885,2.8450000286102295,2.8589999675750732,125941,0.0,0.0
2024-05-13 11:30:00-04:00,2.8399999141693115,2.880000114440918,2.8350000381469727,2.865000009536743,102971,0.0,0.0
2024-05-13 12:30:00-04:00,2.865000009536743,2.865000009536743,2.8350000381469727,2.8550000190734863,79691,0.0,0.0
2024-05-13 13:30:00-04:00,2.8550000190734863,2.865000009536743,2.8399999141693115,2.8499999046325684,43163,0.0,0.0
2024-05-13 14:30:00-04:00,2.8450000286102295,2.869999885559082,2.8299999237060547,2.8550000190734863,132695,0.0,0.0
2024-05-13 15:30:00-04:00,2.8550000190734863,2.859999895095825,2.819999933242798,2.8550000190734863,286453,0.0,0.0
2024-05-14 09:30:00-04:00,3.0199999809265137,3.069999933242798,2.890000104904175,2.924999952316284,275558,0.0,0.0
2024-05-14 10:30:00-04:00,2.924999952316284,2.930000066757202,2.859999895095825,2.884999990463257,117161,0.0,0.0
2024-05-14 11:30:00-04:00,2.880000114440918,2.9000000953674316,2.869999885559082,2.8949999809265137,71677,0.0,0.0
2024-05-14 12:30:00-04:00,2.8949999809265137,2.9100000858306885,2.880000114440918,2.890000104904175,65878,0.0,0.0
2024-05-14 13:30:00-04:00,2.884999990463257,2.9149999618530273,2.880000114440918,2.880000114440918,104250,0.0,0.0
2024-05-14 14:30:00-04:00,2.880000114440918,2.9049999713897705,2.869999885559082,2.869999885559082,121645,0.0,0.0
2024-05-14 15:30:00-04:00,2.869999885559082,2.878999948501587,2.8499999046325684,2.8499999046325684,104334,0.0,0.0
2024-05-15 09:30:00-04:00,2.9000000953674316,2.924999952316284,2.865000009536743,2.9049999713897705,99468,0.0,0.0
2024-05-15 10:30:00-04:00,2.9100000858306885,2.9700000286102295,2.875,2.9700000286102295,178487,0.0,0.0
2024-05-15 11:30:00-04:00,2.9649999141693115,3.009999990463257,2.9312000274658203,2.934999942779541,128863,0.0,0.0
2024-05-15 12:30:00-04:00,2.934999942779541,2.944999933242798,2.9149999618530273,2.9200000762939453,47856,0.0,0.0
2024-05-15 13:30:00-04:00,2.9289000034332275,2.944999933242798,2.9100000858306885,2.924999952316284,44063,0.0,0.0
2024-05-15 14:30:00-04:00,2.930000066757202,2.930000066757202,2.901099920272827,2.9100000858306885,38114,0.0,0.0
2024-05-15 15:30:00-04:00,2.9100000858306885,2.9100000858306885,2.880000114440918,2.884999990463257,94753,0.0,0.0
2024-05-16 09:30:00-04:00,2.880000114440918,2.9200000762939453,2.8299999237060547,2.8550000190734863,148532,0.0,0.0
2024-05-16 10:30:00-04:00,2.859999895095825,2.880000114440918,2.8399999141693115,2.8450000286102295,95099,0.0,0.0
2024-05-16 11:30:00-04:00,2.8450000286102295,2.859999895095825,2.825000047683716,2.8450000286102295,76580,0.0,0.0
2024-05-16 12:30:00-04:00,2.8399999141693115,2.859999895095825,2.819999933242798,2.825000047683716,61202,0.0,0.0
2024-05-16 13:30:00-04:00,2.825000047683716,2.869999885559082,2.815000057220459,2.8350000381469727,98353,0.0,0.0
2024-05-16 14:30:00-04:00,2.8350000381469727,2.8399999141693115,2.819999933242798,2.825000047683716,84454,0.0,0.0
2024-05-16 15:30:00-04:00,2.819999933242798,2.825000047683716,2.7950000762939453,2.7950000762939453,130656,0.0,0.0
2024-05-17 09:30:00-04:00,2.7899999618530273,2.809999942779541,2.740000009536743,2.765000104904175,130235,0.0,0.0
2024-05-17 10:30:00-04:00,2.759999990463257,2.765000104904175,2.7049999237060547,2.7149999141693115,135486,0.0,0.0
2024-05-17 11:30:00-04:00,2.7149999141693115,2.7300000190734863,2.7049999237060547,2.7149999141693115,81006,0.0,0.0
2024-05-17 12:30:00-04:00,2.710099935531616,2.7200000286102295,2.690000057220459,2.7049999237060547,67736,0.0,0.0
2024-05-17 13:30:00-04:00,2.7049999237060547,2.7100000381469727,2.680000066757202,2.694999933242798,105169,0.0,0.0
2024-05-17 14:30:00-04:00,2.700000047683716,2.7300000190734863,2.694999933242798,2.7225000858306885,68364,0.0,0.0
2024-05-17 15:30:00-04:00,2.7300000190734863,2.75,2.7200000286102295,2.740000009536743,106817,0.0,0.0
2024-05-20 09:30:00-04:00,2.740000009536743,2.809999942779541,2.740000009536743,2.799999952316284,111479,0.0,0.0
2024-05-20 10:30:00-04:00,2.799999952316284,2.8299999237060547,2.799999952316284,2.809999942779541,63402,0.0,0.0
2024-05-20 11:30:00-04:00,2.805000066757202,2.8399999141693115,2.799999952316284,2.815000057220459,80106,0.0,0.0
2024-05-20 12:30:00-04:00,2.815000057220459,2.8399999141693115,2.7950000762939453,2.7950000762939453,67174,0.0,0.0
2024-05-20 13:30:00-04:00,2.7899999618530273,2.819999933242798,2.7899999618530273,2.819999933242798,50149,0.0,0.0
2024-05-20 14:30:00-04:00,2.815000057220459,2.8399999141693115,2.8111000061035156,2.819999933242798,88534,0.0,0.0
2024-05-20 15:30:00-04:00,2.815000057220459,2.819999933242798,2.7899999618530273,2.809999942779541,109140,0.0,0.0
2024-05-21 09:30:00-04:00,2.7300000190734863,2.7699999809265137,2.7100000381469727,2.744999885559082,203284,0.0,0.0
2024-05-21 10:30:00-04:00,2.744999885559082,2.744999885559082,2.6700000762939453,2.684999942779541,186545,0.0,0.0
2024-05-21 11:30:00-04:00,2.683000087738037,2.690000057220459,2.640000104904175,2.684999942779541,258665,0.0,0.0
2024-05-21 12:30:00-04:00,2.684999942779541,2.690000057220459,2.6700000762939453,2.684999942779541,161020,0.0,0.0
2024-05-21 13:30:00-04:00,2.680000066757202,2.75,2.680000066757202,2.7149999141693115,228579,0.0,0.0
2024-05-21 14:30:00-04:00,2.7100000381469727,2.765000104904175,2.7100000381469727,2.7249999046325684,392590,0.0,0.0
2024-05-21 15:30:00-04:00,2.7300000190734863,2.7699999809265137,2.7300000190734863,2.740000009536743,170617,0.0,0.0
2024-05-22 09:30:00-04:00,2.740000009536743,2.8450000286102295,2.740000009536743,2.799999952316284,206585,0.0,0.0
2024-05-22 10:30:00-04:00,2.799999952316284,2.8199000358581543,2.765000104904175,2.7850000858306885,124245,0.0,0.0
2024-05-22 11:30:00-04:00,2.7799999713897705,2.7950000762939453,2.759999990463257,2.7725000381469727,105600,0.0,0.0
2024-05-22 12:30:00-04:00,2.7699999809265137,2.7750000953674316,2.75,2.759999990463257,77772,0.0,0.0
2024-05-22 13:30:00-04:00,2.765000104904175,2.7699999809265137,2.740000009536743,2.744999885559082,122631,0.0,0.0
2024-05-22 14:30:00-04:00,2.744999885559082,2.759999990463257,2.740000009536743,2.759999990463257,312922,0.0,0.0
2024-05-22 15:30:00-04:00,2.759999990463257,2.7750000953674316,2.75,2.759999990463257,136296,0.0,0.0
2024-05-23 09:30:00-04:00,2.799999952316284,2.8299999237060547,2.7799999713897705,2.805000066757202,163553,0.0,0.0
2024-05-23 10:30:00-04:00,2.805000066757202,2.825000047683716,2.7699999809265137,2.809999942779541,85154,0.0,0.0
2024-05-23 11:30:00-04:00,2.805000066757202,2.815000057220459,2.7899999618530273,2.7950000762939453,155845,0.0,0.0
2024-05-23 12:30:00-04:00,2.7899999618530273,2.809999942779541,2.7850000858306885,2.7950000762939453,112333,0.0,0.0
2024-05-23 13:30:00-04:00,2.799999952316284,2.799999952316284,2.75,2.765000104904175,161607,0.0,0.0
2024-05-23 14:30:00-04:00,2.765000104904175,2.7899999618530273,2.744999885559082,2.755000114440918,292548,0.0,0.0
2024-05-23 15:30:00-04:00,2.755000114440918,2.7699999809265137,2.75,2.765000104904175,146127,0.0,0.0
2024-05-24 09:30:00-04:00,2.759999990463257,2.890000104904175,2.759999990463257,2.8550000190734863,140057,0.0,0.0
2024-05-24 10:30:00-04:00,2.8559999465942383,2.9100000858306885,2.8450000286102295,2.9049999713897705,260864,0.0,0.0
2024-05-24 11:30:00-04:00,2.9100000858306885,2.924999952316284,2.880000114440918,2.9049999713897705,148404,0.0,0.0
2024-05-24 12:30:00-04:00,2.9049999713897705,2.934999942779541,2.9000000953674316,2.924999952316284,156067,0.0,0.0
2024-05-24 13:30:00-04:00,2.924999952316284,2.934999942779541,2.865000009536743,2.8701000213623047,223965,0.0,0.0
2024-05-24 14:30:00-04:00,2.875,2.890000104904175,2.859999895095825,2.875,196128,0.0,0.0
2024-05-24 15:30:00-04:00,2.875,2.875,2.8399999141693115,2.8499999046325684,316091,0.0,0.0
2024-05-28 09:30:00-04:00,2.880000114440918,2.930000066757202,2.8399999141693115,2.8499999046325684,276345,0.0,0.0
2024-05-28 10:30:00-04:00,2.8499999046325684,2.875,2.815000057220459,2.819999933242798,227780,0.0,0.0
2024-05-28 11:30:00-04:00,2.819999933242798,2.819999933242798,2.7699999809265137,2.7850000858306885,271109,0.0,0.0
2024-05-28 12:30:00-04:00,2.7850000858306885,2.8350000381469727,2.7799999713897705,2.8350000381469727,155947,0.0,0.0
2024-05-28 13:30:00-04:00,2.8350000381469727,2.836899995803833,2.799999952316284,2.799999952316284,176580,0.0,0.0
2024-05-28 14:30:00-04:00,2.799999952316284,2.825000047683716,2.7850000858306885,2.819999933242798,260564,0.0,0.0
2024-05-28 15:30:00-04:00,2.825000047683716,2.8399999141693115,2.819999933242798,2.819999933242798,153262,0.0,0.0
2024-05-29 09:30:00-04:00,2.740000009536743,2.759999990463257,2.680000066757202,2.7049999237060547,335184,0.0,0.0
2024-05-29 10:30:00-04:00,2.7049999237060547,2.7100000381469727,2.690000057220459,2.690000057220459,257055,0.0,0.0
2024-05-29 11:30:00-04:00,2.690000057220459,2.7049999237060547,2.6700000762939453,2.700000047683716,155358,0.0,0.0
2024-05-29 12:30:00-04:00,2.700000047683716,2.7049999237060547,2.6700000762939453,2.680000066757202,133567,0.0,0.0
2024-05-29 13:30:00-04:00,2.680000066757202,2.690000057220459,2.6700000762939453,2.674999952316284,88844,0.0,0.0
2024-05-29 14:30:00-04:00,2.674999952316284,2.690000057220459,2.6600000858306885,2.6700000762939453,105282,0.0,0.0
2024-05-29 15:30:00-04:00,2.6679999828338623,2.6700000762939453,2.6500000953674316,2.6600000858306885,162951,0.0,0.0
2024-05-30 09:30:00-04:00,2.6600000858306885,2.744999885559082,2.6600000858306885,2.684999942779541,179421,0.0,0.0
2024-05-30 10:30:00-04:00,2.680000066757202,2.700000047683716,2.6649999618530273,2.684999942779541,237305,0.0,0.0
2024-05-30 11:30:00-04:00,2.684999942779541,2.700000047683716,2.680000066757202,2.682499885559082,165459,0.0,0.0
2024-05-30 12:30:00-04:00,2.690000057220459,2.700000047683716,2.6700000762939453,2.690000057220459,86727,0.0,0.0
2024-05-30 13:30:00-04:00,2.690000057220459,2.700000047683716,2.6700000762939453,2.6700000762939453,154155,0.0,0.0
2024-05-30 14:30:00-04:00,2.6649999618530273,2.680000066757202,2.6600000858306885,2.6700000762939453,145269,0.0,0.0
2024-05-30 15:30:00-04:00,2.6649999618530273,2.680000066757202,2.6600000858306885,2.680000066757202,118097,0.0,0.0
2024-05-31 09:30:00-04:00,2.690000057220459,2.7100000381469727,2.6600000858306885,2.6700000762939453,166689,0.0,0.0
2024-05-31 10:30:00-04:00,2.6649999618530273,2.6659998893737793,2.630000114440918,2.641400098800659,276094,0.0,0.0
2024-05-31 11:30:00-04:00,2.640000104904175,2.6449999809265137,2.575000047683716,2.5950000286102295,341755,0.0,0.0
2024-05-31 12:30:00-04:00,2.5950000286102295,2.6050000190734863,2.549999952316284,2.6050000190734863,399060,0.0,0.0
2024-05-31 13:30:00-04:00,2.6050000190734863,2.6600000858306885,2.5899999141693115,2.6600000858306885,208550,0.0,0.0
2024-05-31 14:30:00-04:00,2.6600000858306885,2.6700000762939453,2.609999895095825,2.634999990463257,237641,0.0,0.0
2024-05-31 15:30:00-04:00,2.634999990463257,2.6500000953674316,2.619999885559082,2.619999885559082,188096,0.0,0.0
2024-06-03 09:30:00-04:00,2.630000114440918,2.694999933242798,2.5910000801086426,2.5999999046325684,238232,0.0,0.0
2024-06-03 10:30:00-04:00,2.5999999046325684,2.6449999809265137,2.5799999237060547,2.610100030899048,247515,0.0,0.0
2024-06-03 11:30:00-04:00,2.6145999431610107,2.619999885559082,2.5850000381469727,2.609999895095825,267576,0.0,0.0
2024-06-03 12:30:00-04:00,2.619999885559082,2.6600000858306885,2.615000009536743,2.6500000953674316,143565,0.0,0.0
2024-06-03 13:30:00-04:00,2.6410000324249268,2.6500000953674316,2.6050000190734863,2.619999885559082,129071,0.0,0.0
2024-06-03 14:30:00-04:00,2.619999885559082,2.630000114440918,2.5899999141693115,2.625,152004,0.0,0.0
2024-06-03 15:30:00-04:00,2.630000114440918,2.630000114440918,2.619999885559082,2.619999885559082,95946,0.0,0.0
2024-06-04 09:30:00-04:00,2.609999895095825,2.6600000858306885,2.569999933242798,2.5850000381469727,159647,0.0,0.0
2024-06-04 10:30:00-04:00,2.5850000381469727,2.6050000190734863,2.569999933242798,2.5850000381469727,136960,0.0,0.0
2024-06-04 11:30:00-04:00,2.5850000381469727,2.5899999141693115,2.5799999237060547,2.5850000381469727,77718,0.0,0.0
2024-06-04 12:30:00-04:00,2.5850000381469727,2.5975000858306885,2.569999933242798,2.5850000381469727,112982,0.0,0.0
2024-06-04 13:30:00-04:00,2.5899999141693115,2.609999895095825,2.5799999237060547,2.6050000190734863,88978,0.0,0.0
2024-06-04 14:30:00-04:00,2.6050000190734863,2.6075000762939453,2.569999933242798,2.5850000381469727,154575,0.0,0.0
2024-06-04 15:30:00-04:00,2.5899999141693115,2.5899999141693115,2.575000047683716,2.575000047683716,148056,0.0,0.0
2024-06-05 09:30:00-04:00,2.5999999046325684,2.625,2.5799999237060547,2.615000009536743,138399,0.0,0.0
2024-06-05 10:30:00-04:00,2.615000009536743,2.625999927520752,2.5999999046325684,2.615000009536743,69363,0.0,0.0
2024-06-05 11:30:00-04:00,2.609999895095825,2.640000104904175,2.609999895095825,2.634999990463257,68236,0.0,0.0
2024-06-05 12:30:00-04:00,2.630000114440918,2.640000104904175,2.6050000190734863,2.615000009536743,78907,0.0,0.0
2024-06-05 13:30:00-04:00,2.615000009536743,2.6475000381469727,2.609999895095825,2.640000104904175,113340,0.0,0.0
2024-06-05 14:30:00-04:00,2.640000104904175,2.6586999893188477,2.630000114440918,2.6500000953674316,140134,0.0,0.0
2024-06-05 15:30:00-04:00,2.6549999713897705,2.6600000858306885,2.6449999809265137,2.6500000953674316,121749,0.0,0.0
2024-06-06 09:30:00-04:00,2.640000104904175,2.7049999237060547,2.640000104904175,2.6600000858306885,102198,0.0,0.0
2024-06-06 10:30:00-04:00,2.6649999618530273,2.6700000762939453,2.619999885559082,2.634999990463257,123507,0.0,0.0
2024-06-06 11:30:00-04:00,2.630000114440918,2.634999990463257,2.6050000190734863,2.634999990463257,172575,0.0,0.0
2024-06-06 12:30:00-04:00,2.639899969100952,2.6700000762939453,2.630000114440918,2.6649999618530273,53188,0.0,0.0
2024-06-06 13:30:00-04:00,2.6700000762939453,2.6700000762939453,2.630000114440918,2.6449999809265137,100016,0.0,0.0
2024-06-06 14:30:00-04:00,2.6449999809265137,2.6600000858306885,2.630000114440918,2.6549999713897705,114006,0.0,0.0
2024-06-06 15:30:00-04:00,2.6549999713897705,2.6600000858306885,2.640000104904175,2.640000104904175,145594,0.0,0.0
2024-06-07 09:30:00-04:00,2.630000114440918,2.7200000286102295,2.619999885559082,2.7149999141693115,166540,0.0,0.0
2024-06-07 10:30:00-04:00,2.7160000801086426,2.719899892807007,2.690000057220459,2.7049999237060547,84742,0.0,0.0
2024-06-07 11:30:00-04:00,2.7049999237060547,2.7200000286102295,2.6500000953674316,2.674999952316284,104255,0.0,0.0
2024-06-07 12:30:00-04:00,2.674999952316284,2.6754000186920166,2.640000104904175,2.640000104904175,91429,0.0,0.0
2024-06-07 13:30:00-04:00,2.6449999809265137,2.6600000858306885,2.634999990463257,2.6549999713897705,104527,0.0,0.0
2024-06-07 14:30:00-04:00,2.6549999713897705,2.6700000762939453,2.6500000953674316,2.6649999618530273,104753,0.0,0.0
2024-06-07 15:30:00-04:00,2.6649999618530273,2.6649999618530273,2.630000114440918,2.630000114440918,115167,0.0,0.0
2024-06-10 09:30:00-04:00,2.609999895095825,2.684999942779541,2.5999999046325684,2.6600000858306885,118350,0.0,0.0
2024-06-10 10:30:00-04:00,2.6600000858306885,2.690000057220459,2.630000114440918,2.6549999713897705,152019,0.0,0.0
2024-06-10 11:30:00-04:00,2.6549999713897705,2.6600000858306885,2.609999895095825,2.630000114440918,94825,0.0,0.0
2024-06-10 12:30:00-04:00,2.634999990463257,2.640000104904175,2.619999885559082,2.634999990463257,46449,0.0,0.0
2024-06-10 13:30:00-04:00,2.634999990463257,2.634999990463257,2.609999895095825,2.615000009536743,61272,0.0,0.0
2024-06-10 14:30:00-04:00,2.615000009536743,2.640000104904175,2.609999895095825,2.634999990463257,76159,0.0,0.0
2024-06-10 15:30:00-04:00,2.634999990463257,2.640000104904175,2.609999895095825,2.609999895095825,103559,0.0,0.0
2024-06-11 09:30:00-04:00,2.609999895095825,2.625,2.5799999237060547,2.5850000381469727,70301,0.0,0.0
2024-06-11 10:30:00-04:00,2.5899999141693115,2.6050000190734863,2.5799999237060547,2.5824999809265137,101489,0.0,0.0
2024-06-11 11:30:00-04:00,2.5850000381469727,2.5950000286102295,2.5799999237060547,2.5850000381469727,128347,0.0,0.0
2024-06-11 12:30:00-04:00,2.5799999237060547,2.5999999046325684,2.5799999237060547,2.5950000286102295,46608,0.0,0.0
2024-06-11 13:30:00-04:00,2.5950000286102295,2.5999999046325684,2.5899999141693115,2.5950000286102295,65778,0.0,0.0
2024-06-11 14:30:00-04:00,2.5899999141693115,2.609999895095825,2.5899999141693115,2.5999999046325684,93596,0.0,0.0
2024-06-11 15:30:00-04:00,2.5999999046325684,2.609999895095825,2.5950000286102295,2.5999999046325684,106432,0.0,0.0
2024-06-12 09:30:00-04:00,2.6500000953674316,2.6700000762939453,2.515000104904175,2.5250000953674316,173660,0.0,0.0
2024-06-12 10:30:00-04:00,2.5202999114990234,2.5399999618530273,2.5,2.5299999713897705,157997,0.0,0.0
2024-06-12 11:30:00-04:00,2.5250000953674316,2.5299999713897705,2.430000066757202,2.4549999237060547,279976,0.0,0.0
2024-06-12 12:30:00-04:00,2.4549999237060547,2.4600000381469727,2.434999942779541,2.450000047683716,163952,0.0,0.0
2024-06-12 13:30:00-04:00,2.4549999237060547,2.5,2.430000066757202,2.484999895095825,278548,0.0,0.0
2024-06-12 14:30:00-04:00,2.4800000190734863,2.5,2.4100000858306885,2.4149999618530273,260905,0.0,0.0
2024-06-12 15:30:00-04:00,2.4200000762939453,2.440000057220459,2.365000009536743,2.375,485919,0.0,0.0
2024-06-13 09:30:00-04:00,2.390000104904175,2.4649999141693115,2.359999895095825,2.4149999618530273,239156,0.0,0.0
2024-06-13 10:30:00-04:00,2.4100000858306885,2.4159998893737793,2.369999885559082,2.380000114440918,162303,0.0,0.0
2024-06-13 11:30:00-04:00,2.380000114440918,2.390000104904175,2.3450000286102295,2.369999885559082,168107,0.0,0.0
2024-06-13 12:30:00-04:00,2.365000009536743,2.390000104904175,2.3299999237060547,2.369999885559082,335511,0.0,0.0
2024-06-13 13:30:00-04:00,2.365000009536743,2.375,2.3399999141693115,2.3450000286102295,111856,0.0,0.0
2024-06-13 14:30:00-04:00,2.3450000286102295,2.359999895095825,2.3299999237060547,2.3450000286102295,182674,0.0,0.0
2024-06-13 15:30:00-04:00,2.3399999141693115,2.369999885559082,2.3399999141693115,2.365000009536743,241843,0.0,0.0
2024-06-14 09:30:00-04:00,2.3499999046325684,2.3499999046325684,2.25,2.259999990463257,190439,0.0,0.0
2024-06-14 10:30:00-04:00,2.265000104904175,2.2899999618530273,2.2200000286102295,2.2899999618530273,196873,0.0,0.0
2024-06-14 11:30:00-04:00,2.2850000858306885,2.299999952316284,2.2799999713897705,2.2799999713897705,114385,0.0,0.0
2024-06-14 12:30:00-04:00,2.2850000858306885,2.309999942779541,2.2699999809265137,2.299999952316284,210897,0.0,0.0
2024-06-14 13:30:00-04:00,2.299999952316284,2.305000066757202,2.2899999618530273,2.2950000762939453,56533,0.0,0.0
2024-06-14 14:30:00-04:00,2.299999952316284,2.309999942779541,2.2899999618530273,2.299999952316284,130021,0.0,0.0
2024-06-14 15:30:00-04:00,2.299999952316284,2.309999942779541,2.2950000762939453,2.309999942779541,236475,0.0,0.0
2024-06-17 09:30:00-04:00,2.299999952316284,2.319999933242798,2.259999990463257,2.265000104904175,122776,0.0,0.0
2024-06-17 10:30:00-04:00,2.265000104904175,2.2699999809265137,2.2300000190734863,2.240000009536743,83085,0.0,0.0
2024-06-17 11:30:00-04:00,2.240000009536743,2.25,2.2100000381469727,2.2492001056671143,173880,0.0,0.0
2024-06-17 12:30:00-04:00,2.244999885559082,2.244999885559082,2.2100000381469727,2.2300000190734863,99882,0.0,0.0
2024-06-17 13:30:00-04:00,2.2249999046325684,2.244999885559082,2.2100000381469727,2.2149999141693115,345984,0.0,0.0
2024-06-17 14:30:00-04:00,2.2149999141693115,2.2699999809265137,2.200000047683716,2.2699999809265137,255789,0.0,0.0
2024-06-17 15:30:00-04:00,2.2699999809265137,2.2899999618530273,2.2699999809265137,2.2899999618530273,223930,0.0,0.0
2024-06-18 09:30:00-04:00,2.2699999809265137,2.305000066757202,2.2200000286102295,2.244999885559082,112033,0.0,0.0
2024-06-18 10:30:00-04:00,2.25,2.25,2.234999895095825,2.244999885559082,63869,0.0,0.0
2024-06-18 11:30:00-04:00,2.240000009536743,2.265000104904175,2.234999895095825,2.259999990463257,149270,0.0,0.0
2024-06-18 12:30:00-04:00,2.255000114440918,2.2699999809265137,2.240000009536743,2.240000009536743,113241,0.0,0.0
2024-06-18 13:30:00-04:00,2.25,2.25,2.2300000190734863,2.234999895095825,74314,0.0,0.0
2024-06-18 14:30:00-04:00,2.2300000190734863,2.240000009536743,2.2200000286102295,2.2249999046325684,76181,0.0,0.0
2024-06-18 15:30:00-04:00,2.2249999046325684,2.240000009536743,2.2119998931884766,2.234999895095825,201834,0.0,0.0
2024-06-20 09:30:00-04:00,2.2300000190734863,2.2699999809265137,2.2149999141693115,2.2300000190734863,118079,0.0,0.0
2024-06-20 10:30:00-04:00,2.2300000190734863,2.2300000190734863,2.1700000762939453,2.170099973678589,119480,0.0,0.0
2024-06-20 11:30:00-04:00,2.1700000762939453,2.174999952316284,2.140000104904175,2.140000104904175,139529,0.0,0.0
2024-06-20 12:30:00-04:00,2.140000104904175,2.1449999809265137,2.0899999141693115,2.0950000286102295,236247,0.0,0.0
2024-06-20 13:30:00-04:00,2.0950000286102295,2.1075000762939453,2.0799999237060547,2.0799999237060547,134655,0.0,0.0
2024-06-20 14:30:00-04:00,2.0799999237060547,2.109999895095825,2.0799999237060547,2.0999999046325684,215731,0.0,0.0
2024-06-20 15:30:00-04:00,2.0999999046325684,2.109999895095825,2.0899999141693115,2.0950000286102295,161743,0.0,0.0
2024-06-21 09:30:00-04:00,2.0799999237060547,2.125,2.059999942779541,2.1050000190734863,185854,0.0,0.0
2024-06-21 10:30:00-04:00,2.1050000190734863,2.109999895095825,2.0899999141693115,2.0950000286102295,44500,0.0,0.0
2024-06-21 11:30:00-04:00,2.0950000286102295,2.0950000286102295,2.0799999237060547,2.0850000381469727,50982,0.0,0.0
2024-06-21 12:30:00-04:00,2.0850000381469727,2.0899999141693115,2.0799999237060547,2.0850000381469727,34233,0.0,0.0
2024-06-21 13:30:00-04:00,2.0850000381469727,2.0899999141693115,2.069999933242798,2.0850000381469727,261785,0.0,0.0
2024-06-21 14:30:00-04:00,2.0850000381469727,2.130000114440918,2.0799999237060547,2.130000114440918,383400,0.0,0.0
2024-06-21 15:30:00-04:00,2.130000114440918,2.130000114440918,2.119999885559082,2.127500057220459,187981,0.0,0.0
2024-06-24 09:30:00-04:00,2.109999895095825,2.2100000381469727,2.0799999237060547,2.194999933242798,141197,0.0,0.0
2024-06-24 10:30:00-04:00,2.194999933242798,2.200000047683716,2.140000104904175,2.1600000858306885,155507,0.0,0.0
2024-06-24 11:30:00-04:00,2.1549999713897705,2.1600000858306885,2.134999990463257,2.1449999809265137,123611,0.0,0.0
2024-06-24 12:30:00-04:00,2.1500000953674316,2.1600000858306885,2.140000104904175,2.1449999809265137,89116,0.0,0.0
2024-06-24 13:30:00-04:00,2.1449999809265137,2.1500000953674316,2.140000104904175,2.1500000953674316,48008,0.0,0.0
2024-06-24 14:30:00-04:00,2.1500000953674316,2.1600000858306885,2.140000104904175,2.1549999713897705,112825,0.0,0.0
2024-06-24 15:30:00-04:00,2.1600000858306885,2.1600000858306885,2.1500000953674316,2.1600000858306885,153635,0.0,0.0
2024-06-25 09:30:00-04:00,2.140000104904175,2.2200000286102295,2.140000104904175,2.200000047683716,0,0.0,0.0
2024-06-25 10:30:00-04:00,2.200000047683716,2.2200000286102295,2.200000047683716,2.2149999141693115,88636,0.0,0.0
2024-06-25 11:30:00-04:00,2.2149999141693115,2.2200000286102295,2.2100000381469727,2.2100000381469727,57762,0.0,0.0
2024-06-25 12:30:00-04:00,2.2100000381469727,2.2300000190734863,2.2100000381469727,2.2249999046325684,77382,0.0,0.0
2024-06-25 13:30:00-04:00,2.2249999046325684,2.240000009536743,2.2249999046325684,2.234999895095825,86636,0.0,0.0
2024-06-25 14:30:00-04:00,2.240000009536743,2.240000009536743,2.2300000190734863,2.234999895095825,293808,0.0,0.0
2024-06-25 15:30:00-04:00,2.234999895095825,2.25600004196167,2.2300000190734863,2.244999885559082,740326,0.0,0.0
2024-06-26 09:30:00-04:00,2.2300000190734863,2.25,2.190000057220459,2.2300000190734863,166761,0.0,0.0
2024-06-26 10:30:00-04:00,2.2300000190734863,2.255000114440918,2.2200000286102295,2.244999885559082,152546,0.0,0.0
2024-06-26 11:30:00-04:00,2.244999885559082,2.2799999713897705,2.240000009536743,2.2750000953674316,167049,0.0,0.0
2024-06-26 12:30:00-04:00,2.2750000953674316,2.2799999713897705,2.259999990463257,2.265000104904175,139418,0.0,0.0
2024-06-26 13:30:00-04:00,2.2699999809265137,2.309999942779541,2.257499933242798,2.305000066757202,200223,0.0,0.0
2024-06-26 14:30:00-04:00,2.309999942779541,2.3399999141693115,2.2925000190734863,2.325000047683716,442506,0.0,0.0
2024-06-26 15:30:00-04:00,2.3299999237060547,2.3399999141693115,2.319999933242798,2.3399999141693115,347301,0.0,0.0
2024-06-27 09:30:00-04:00,2.3299999237060547,2.4100000858306885,2.309999942779541,2.384999990463257,214343,0.0,0.0
2024-06-27 10:30:00-04:00,2.390000104904175,2.4000000953674316,2.3299999237060547,2.3550000190734863,469887,0.0,0.0
2024-06-27 11:30:00-04:00,2.3524999618530273,2.369999885559082,2.3424999713897705,2.359999895095825,683481,0.0,0.0
2024-06-27 12:30:00-04:00,2.3499999046325684,2.359999895095825,2.2899999618530273,2.299999952316284,397447,0.0,0.0
2024-06-27 13:30:00-04:00,2.305000066757202,2.309999942779541,2.255000114440918,2.2850000858306885,324219,0.0,0.0
2024-06-27 14:30:00-04:00,2.2850000858306885,2.319999933242798,2.2850000858306885,2.315000057220459,318312,0.0,0.0
2024-06-27 15:30:00-04:00,2.315000057220459,2.3299999237060547,2.309999942779541,2.319999933242798,549960,0.0,0.0
2024-06-28 09:30:00-04:00,2.309999942779541,2.3399999141693115,2.234999895095825,2.3399999141693115,346491,0.0,0.0
2024-06-28 10:30:00-04:00,2.3399999141693115,2.369999885559082,2.315000057220459,2.3299999237060547,552236,0.0,0.0
2024-06-28 11:30:00-04:00,2.3299999237060547,2.3499999046325684,2.2950000762939453,2.309999942779541,371674,0.0,0.0
2024-06-28 12:30:00-04:00,2.315000057220459,2.3499999046325684,2.299999952316284,2.3399999141693115,388847,0.0,0.0
2024-06-28 13:30:00-04:00,2.3350000381469727,2.3399999141693115,2.2950000762939453,2.315000057220459,267854,0.0,0.0
2024-06-28 14:30:00-04:00,2.315000057220459,2.3299999237060547,2.309999942779541,2.325000047683716,526104,0.0,0.0
2024-06-28 15:30:00-04:00,2.3299999237060547,2.380000114440918,2.2850000858306885,2.2850000858306885,907823,0.0,0.0
2024-07-01 09:30:00-04:00,2.259999990463257,2.2750000953674316,2.190000057220459,2.2200000286102295,282670,0.0,0.0
2024-07-01 10:30:00-04:00,2.2200000286102295,2.2300000190734863,2.130000114440918,2.130000114440918,273760,0.0,0.0
2024-07-01 11:30:00-04:00,2.130000114440918,2.130000114440918,2.059999942779541,2.0713000297546387,441213,0.0,0.0
2024-07-01 12:30:00-04:00,2.075000047683716,2.099299907684326,2.0399999618530273,2.055000066757202,369289,0.0,0.0
2024-07-01 13:30:00-04:00,2.055000066757202,2.059999942779541,2.009999990463257,2.0350000858306885,289149,0.0,0.0
2024-07-01 14:30:00-04:00,2.0299999713897705,2.059999942779541,2.0199999809265137,2.0450000762939453,479244,0.0,0.0
2024-07-01 15:30:00-04:00,2.0450000762939453,2.109999895095825,2.0399999618530273,2.0899999141693115,561080,0.0,0.0
2024-07-02 09:30:00-04:00,2.0799999237060547,2.119999885559082,2.0399999618530273,2.119999885559082,108991,0.0,0.0
2024-07-02 10:30:00-04:00,2.119999885559082,2.119999885559082,2.0950000286102295,2.115000009536743,33400,0.0,0.0
2024-07-02 11:30:00-04:00,2.115000009536743,2.119999885559082,2.0999999046325684,2.1050000190734863,24220,0.0,0.0
2024-07-02 12:30:00-04:00,2.0999999046325684,2.1600000858306885,2.0999999046325684,2.140000104904175,75411,0.0,0.0
2024-07-02 13:30:00-04:00,2.1449999809265137,2.1700000762939453,2.140000104904175,2.1649999618530273,84291,0.0,0.0
2024-07-02 14:30:00-04:00,2.1649999618530273,2.200000047683716,2.1600000858306885,2.194999933242798,164530,0.0,0.0
2024-07-02 15:30:00-04:00,2.194999933242798,2.194999933242798,2.1700000762939453,2.174999952316284,215800,0.0,0.0
2024-07-03 09:30:00-04:00,2.2149999141693115,2.2249999046325684,2.130000114440918,2.2093000411987305,0,0.0,0.0
2024-07-03 10:30:00-04:00,2.2049999237060547,2.2049999237060547,2.140000104904175,2.1549999713897705,111518,0.0,0.0
2024-07-03 11:30:00-04:00,2.1549999713897705,2.1700000762939453,2.130000114440918,2.1700000762939453,83417,0.0,0.0
2024-07-05 09:30:00-04:00,2.140000104904175,2.140000104904175,2.0999999046325684,2.109999895095825,57020,0.0,0.0
2024-07-05 10:30:00-04:00,2.109999895095825,2.119999885559082,2.0850000381469727,2.0999999046325684,112748,0.0,0.0
2024-07-05 11:30:00-04:00,2.0899999141693115,2.119999885559082,2.0899999141693115,2.119999885559082,87496,0.0,0.0
2024-07-05 12:30:00-04:00,2.115000009536743,2.125,2.0999999046325684,2.125,78962,0.0,0.0
2024-07-05 13:30:00-04:00,2.125,2.140000104904175,2.119999885559082,2.134999990463257,56585,0.0,0.0
2024-07-05 14:30:00-04:00,2.130000114440918,2.1600000858306885,2.119999885559082,2.119999885559082,146004,0.0,0.0
2024-07-05 15:30:00-04:00,2.119999885559082,2.119999885559082,2.109999895095825,2.119999885559082,176764,0.0,0.0
2024-07-08 09:30:00-04:00,2.140000104904175,2.2074999809265137,2.115000009536743,2.1700000762939453,100464,0.0,0.0
2024-07-08 10:30:00-04:00,2.1700000762939453,2.200000047683716,2.1600000858306885,2.184999942779541,74256,0.0,0.0
2024-07-08 11:30:00-04:00,2.184999942779541,2.184999942779541,2.1700000762939453,2.180000066757202,52906,0.0,0.0
2024-07-08 12:30:00-04:00,2.174999952316284,2.2200000286102295,2.174999952316284,2.2200000286102295,128975,0.0,0.0
2024-07-08 13:30:00-04:00,2.2200000286102295,2.2300000190734863,2.2100000381469727,2.2300000190734863,116941,0.0,0.0
2024-07-08 14:30:00-04:00,2.2249999046325684,2.2300000190734863,2.2049999237060547,2.2100000381469727,144132,0.0,0.0
2024-07-08 15:30:00-04:00,2.2149999141693115,2.2200000286102295,2.200000047683716,2.200000047683716,210331,0.0,0.0
2024-07-09 09:30:00-04:00,2.200000047683716,2.25,2.190000057220459,2.194999933242798,76713,0.0,0.0
2024-07-09 10:30:00-04:00,2.194000005722046,2.2100000381469727,2.174999952316284,2.174999952316284,83501,0.0,0.0
2024-07-09 11:30:00-04:00,2.180000066757202,2.200000047683716,2.180000066757202,2.194999933242798,35701,0.0,0.0
2024-07-09 12:30:00-04:00,2.190000057220459,2.200000047683716,2.1700000762939453,2.1700000762939453,31337,0.0,0.0
2024-07-09 13:30:00-04:00,2.174999952316284,2.174999952316284,2.140000104904175,2.1600000858306885,183774,0.0,0.0
2024-07-09 14:30:00-04:00,2.1549999713897705,2.1600000858306885,2.1449999809265137,2.1500000953674316,94515,0.0,0.0
2024-07-09 15:30:00-04:00,2.1549999713897705,2.1600000858306885,2.1500000953674316,2.1549999713897705,86485,0.0,0.0
2024-07-10 09:30:00-04:00,2.140000104904175,2.1500000953674316,2.0199999809265137,2.0274999141693115,280247,0.0,0.0
2024-07-10 10:30:00-04:00,2.0250000953674316,2.049999952316284,2.0,2.0350000858306885,336212,0.0,0.0
2024-07-10 11:30:00-04:00,2.0399999618530273,2.059999942779541,2.0250000953674316,2.049999952316284,109208,0.0,0.0
2024-07-10 12:30:00-04:00,2.049999952316284,2.049999952316284,2.0201001167297363,2.0250000953674316,112501,0.0,0.0
2024-07-10 13:30:00-04:00,2.0250000953674316,2.0299999713897705,2.0199999809265137,2.0250000953674316,70077,0.0,0.0
2024-07-10 14:30:00-04:00,2.0250000953674316,2.0399999618530273,2.0,2.0350000858306885,276052,0.0,0.0
2024-07-10 15:30:00-04:00,2.0350000858306885,2.0399999618530273,2.009999990463257,2.009999990463257,310754,0.0,0.0
2024-07-11 09:30:00-04:00,2.059999942779541,2.069999933242798,2.009999990463257,2.069999933242798,148026,0.0,0.0
2024-07-11 10:30:00-04:00,2.069999933242798,2.119999885559082,2.065000057220459,2.0799999237060547,141012,0.0,0.0
2024-07-11 11:30:00-04:00,2.0850000381469727,2.0899999141693115,2.069999933242798,2.0899999141693115,84090,0.0,0.0
2024-07-11 12:30:00-04:00,2.0899999141693115,2.140000104904175,2.0899999141693115,2.140000104904175,97129,0.0,0.0
2024-07-11 13:30:00-04:00,2.140000104904175,2.140000104904175,2.0999999046325684,2.1050000190734863,111181,0.0,0.0
2024-07-11 14:30:00-04:00,2.1050000190734863,2.125,2.0999999046325684,2.1050000190734863,141346,0.0,0.0
2024-07-11 15:30:00-04:00,2.109999895095825,2.140000104904175,2.109999895095825,2.125,202471,0.0,0.0
2024-07-12 09:30:00-04:00,2.1500000953674316,2.1549999713897705,2.119999885559082,2.140000104904175,74111,0.0,0.0
2024-07-12 10:30:00-04:00,2.140000104904175,2.1500000953674316,2.119999885559082,2.119999885559082,96855,0.0,0.0
2024-07-12 11:30:00-04:00,2.119999885559082,2.140000104904175,2.0999999046325684,2.130000114440918,119364,0.0,0.0
2024-07-12 12:30:00-04:00,2.130000114440918,2.140000104904175,2.0999999046325684,2.115000009536743,114469,0.0,0.0
2024-07-12 13:30:00-04:00,2.119999885559082,2.130000114440918,2.0999999046325684,2.115000009536743,100408,0.0,0.0
2024-07-12 14:30:00-04:00,2.113600015640259,2.1500000953674316,2.109999895095825,2.1500000953674316,121448,0.0,0.0
2024-07-12 15:30:00-04:00,2.1500000953674316,2.1500000953674316,2.140000104904175,2.140000104904175,233361,0.0,0.0
2024-07-15 09:30:00-04:00,2.119999885559082,2.1500000953674316,2.0799999237060547,2.140000104904175,229748,0.0,0.0
2024-07-15 10:30:00-04:00,2.1440000534057617,2.184999942779541,2.119999885559082,2.1649999618530273,166907,0.0,0.0
2024-07-15 11:30:00-04:00,2.1600000858306885,2.180000066757202,2.134999990463257,2.140000104904175,150052,0.0,0.0
2024-07-15 12:30:00-04:00,2.140000104904175,2.1649999618530273,2.134999990463257,2.1549999713897705,115149,0.0,0.0
2024-07-15 13:30:00-04:00,2.1549999713897705,2.1600000858306885,2.140000104904175,2.1549999713897705,75573,0.0,0.0
2024-07-15 14:30:00-04:00,2.1549999713897705,2.194999933242798,2.1500000953674316,2.180000066757202,176837,0.0,0.0
2024-07-15 15:30:00-04:00,2.184999942779541,2.184999942779541,2.1500000953674316,2.1700000762939453,211069,0.0,0.0
2024-07-16 09:30:00-04:00,2.200000047683716,2.2699999809265137,2.180000066757202,2.2699999809265137,189002,0.0,0.0
2024-07-16 10:30:00-04:00,2.265000104904175,2.277400016784668,2.25,2.259999990463257,161609,0.0,0.0
2024-07-16 11:30:00-04:00,2.265000104904175,2.2950000762939453,2.255000114440918,2.265000104904175,143291,0.0,0.0
2024-07-16 12:30:00-04:00,2.259999990463257,2.2699999809265137,2.25,2.25,111158,0.0,0.0
2024-07-16 13:30:00-04:00,2.255000114440918,2.2799999713897705,2.25,2.2750000953674316,172824,0.0,0.0
2024-07-16 14:30:00-04:00,2.2750000953674316,2.325000047683716,2.2750000953674316,2.2950000762939453,296065,0.0,0.0
2024-07-16 15:30:00-04:00,2.2950000762939453,2.309999942779541,2.2899999618530273,2.305000066757202,244522,0.0,0.0
2024-07-17 09:30:00-04:00,2.2899999618530273,2.315000057220459,2.2300000190734863,2.2300000190734863,200579,0.0,0.0
2024-07-17 10:30:00-04:00,2.234999895095825,2.2850000858306885,2.2300000190734863,2.234999895095825,118131,0.0,0.0
2024-07-17 11:30:00-04:00,2.2300000190734863,2.25,2.2200000286102295,2.2200000286102295,78113,0.0,0.0
2024-07-17 12:30:00-04:00,2.2200000286102295,2.2249999046325684,2.200000047683716,2.200000047683716,61754,0.0,0.0
2024-07-17 13:30:00-04:00,2.2049999237060547,2.2300000190734863,2.180000066757202,2.190000057220459,187677,0.0,0.0
2024-07-17 14:30:00-04:00,2.190000057220459,2.200000047683716,2.1649999618530273,2.194999933242798,231136,0.0,0.0
2024-07-17 15:30:00-04:00,2.194999933242798,2.200000047683716,2.180000066757202,2.194999933242798,205492,0.0,0.0
2024-07-18 09:30:00-04:00,2.1600000858306885,2.2100000381469727,2.130000114440918,2.200000047683716,113597,0.0,0.0
2024-07-18 10:30:00-04:00,2.1907999515533447,2.200000047683716,2.1600000858306885,2.1600000858306885,119648,0.0,0.0
2024-07-18 11:30:00-04:00,2.1649999618530273,2.1700000762939453,2.130000114440918,2.130000114440918,136388,0.0,0.0
2024-07-18 12:30:00-04:00,2.134999990463257,2.1549999713897705,2.119999885559082,2.125,107285,0.0,0.0
2024-07-18 13:30:00-04:00,2.119999885559082,2.130000114440918,2.0999999046325684,2.125,94729,0.0,0.0
2024-07-18 14:30:00-04:00,2.119999885559082,2.125,2.0999999046325684,2.115000009536743,141853,0.0,0.0
2024-07-18 15:30:00-04:00,2.119999885559082,2.130000114440918,2.109999895095825,2.115000009536743,149691,0.0,0.0
2024-07-19 09:30:00-04:00,2.109999895095825,2.130000114440918,2.0899999141693115,2.109999895095825,118149,0.0,0.0
2024-07-19 10:30:00-04:00,2.109999895095825,2.130000114440918,2.109999895095825,2.109999895095825,55062,0.0,0.0
2024-07-19 11:30:00-04:00,2.109999895095825,2.1500000953674316,2.109999895095825,2.140000104904175,126981,0.0,0.0
2024-07-19 12:30:00-04:00,2.130000114440918,2.140000104904175,2.109999895095825,2.109999895095825,46205,0.0,0.0
2024-07-19 13:30:00-04:00,2.119999885559082,2.130000114440918,2.109999895095825,2.112499952316284,79358,0.0,0.0
2024-07-19 14:30:00-04:00,2.119999885559082,2.140000104904175,2.109999895095825,2.140000104904175,75126,0.0,0.0
2024-07-19 15:30:00-04:00,2.140000104904175,2.140000104904175,2.109999895095825,2.119999885559082,149918,0.0,0.0
2024-07-22 09:30:00-04:00,2.1500000953674316,2.180000066757202,2.0799999237060547,2.100100040435791,58356,0.0,0.0
2024-07-22 10:30:00-04:00,2.1050000190734863,2.1050000190734863,2.0799999237060547,2.0950000286102295,68871,0.0,0.0
2024-07-22 11:30:00-04:00,2.0899999141693115,2.1050000190734863,2.0799999237060547,2.0799999237060547,83227,0.0,0.0
2024-07-22 12:30:00-04:00,2.0799999237060547,2.119999885559082,2.0799999237060547,2.115000009536743,36298,0.0,0.0
2024-07-22 13:30:00-04:00,2.115000009536743,2.119999885559082,2.0999999046325684,2.117500066757202,59523,0.0,0.0
2024-07-22 14:30:00-04:00,2.109999895095825,2.1600000858306885,2.109999895095825,2.1500000953674316,104629,0.0,0.0
2024-07-22 15:30:00-04:00,2.1500000953674316,2.1649999618530273,2.130000114440918,2.130000114440918,148621,0.0,0.0
2024-07-23 09:30:00-04:00,2.119999885559082,2.1600000858306885,2.0799999237060547,2.1500000953674316,66226,0.0,0.0
2024-07-23 10:30:00-04:00,2.1500000953674316,2.180000066757202,2.130000114440918,2.1549999713897705,81267,0.0,0.0
2024-07-23 11:30:00-04:00,2.1600000858306885,2.1700000762939453,2.1500000953674316,2.1549999713897705,34970,0.0,0.0
2024-07-23 12:30:00-04:00,2.1500000953674316,2.180000066757202,2.140000104904175,2.174999952316284,48234,0.0,0.0
2024-07-23 13:30:00-04:00,2.174999952316284,2.184999942779541,2.1700000762939453,2.184999942779541,30087,0.0,0.0
2024-07-23 14:30:00-04:00,2.184999942779541,2.240000009536743,2.180000066757202,2.240000009536743,238266,0.0,0.0
2024-07-23 15:30:00-04:00,2.234999895095825,2.234999895095825,2.180000066757202,2.194999933242798,284331,0.0,0.0
2024-07-24 09:30:00-04:00,2.190000057220459,2.2200000286102295,2.134999990463257,2.1549999713897705,112002,0.0,0.0
2024-07-24 10:30:00-04:00,2.1549999713897705,2.1600000858306885,2.140000104904175,2.1549999713897705,70730,0.0,0.0
2024-07-24 11:30:00-04:00,2.1549999713897705,2.174999952316284,2.1449999809265137,2.1500000953674316,70781,0.0,0.0
2024-07-24 12:30:00-04:00,2.1500000953674316,2.1500000953674316,2.134999990463257,2.140000104904175,25659,0.0,0.0
2024-07-24 13:30:00-04:00,2.1449999809265137,2.1500000953674316,2.119999885559082,2.125,47382,0.0,0.0
2024-07-24 14:30:00-04:00,2.128999948501587,2.130000114440918,2.0899999141693115,2.0999999046325684,80829,0.0,0.0
2024-07-24 15:30:00-04:00,2.0899999141693115,2.1050000190734863,2.0799999237060547,2.0850000381469727,111221,0.0,0.0
2024-07-25 09:30:00-04:00,2.069999933242798,2.0850000381469727,2.0199999809265137,2.0799999237060547,178856,0.0,0.0
2024-07-25 10:30:00-04:00,2.080899953842163,2.109999895095825,2.059999942779541,2.0799999237060547,159819,0.0,0.0
2024-07-25 11:30:00-04:00,2.0850000381469727,2.119999885559082,2.0850000381469727,2.109999895095825,66702,0.0,0.0
2024-07-25 12:30:00-04:00,2.109999895095825,2.130000114440918,2.0799999237060547,2.109999895095825,146886,0.0,0.0
2024-07-25 13:30:00-04:00,2.109999895095825,2.109999895095825,2.0899999141693115,2.1012001037597656,79270,0.0,0.0
2024-07-25 14:30:00-04:00,2.1050000190734863,2.109999895095825,2.069999933242798,2.1050000190734863,104947,0.0,0.0
2024-07-25 15:30:00-04:00,2.0999999046325684,2.1050000190734863,2.069999933242798,2.075000047683716,111270,0.0,0.0
2024-07-26 09:30:00-04:00,2.0999999046325684,2.1549999713897705,2.069999933242798,2.075000047683716,56777,0.0,0.0
2024-07-26 10:30:00-04:00,2.069999933242798,2.075000047683716,2.0450000762939453,2.055000066757202,43450,0.0,0.0
2024-07-26 11:30:00-04:00,2.055000066757202,2.0799999237060547,2.0399999618530273,2.049999952316284,67861,0.0,0.0
2024-07-26 12:30:00-04:00,2.049999952316284,2.055000066757202,2.0399999618530273,2.0399999618530273,61039,0.0,0.0
2024-07-26 13:30:00-04:00,2.0399999618530273,2.055000066757202,2.039900064468384,2.0399999618530273,50836,0.0,0.0
2024-07-26 14:30:00-04:00,2.0450000762939453,2.049999952316284,2.0299999713897705,2.0399999618530273,70102,0.0,0.0
2024-07-26 15:30:00-04:00,2.0450000762939453,2.0450000762939453,2.0299999713897705,2.0299999713897705,131150,0.0,0.0
