Datetime,Open,High,Low,Close,Volume,Dividends,Stock Splits
2024-09-02 09:00:00+09:00,2280.0,2290.0,2265.0,2265.0,0,0.0,0.0
2024-09-02 09:01:00+09:00,2290.0,2290.0,2265.0,2290.0,50,0.0,0.0
2024-09-02 09:02:00+09:00,2270.0,2290.0,2270.0,2290.0,6,0.0,0.0
2024-09-02 09:04:00+09:00,2270.0,2280.0,2255.0,2265.0,6019,0.0,0.0
2024-09-02 09:05:00+09:00,2255.0,2270.0,2255.0,2270.0,479,0.0,0.0
2024-09-02 09:06:00+09:00,2260.0,2260.0,2260.0,2260.0,311,0.0,0.0
2024-09-02 09:07:00+09:00,2255.0,2255.0,2255.0,2255.0,1825,0.0,0.0
2024-09-02 09:08:00+09:00,2255.0,2270.0,2255.0,2270.0,0,0.0,0.0
2024-09-02 09:09:00+09:00,2255.0,2265.0,2255.0,2265.0,1004,0.0,0.0
2024-09-02 09:10:00+09:00,2265.0,2265.0,2250.0,2265.0,119,0.0,0.0
2024-09-02 09:12:00+09:00,2255.0,2255.0,2255.0,2255.0,158,0.0,0.0
2024-09-02 09:13:00+09:00,2255.0,2255.0,2255.0,2255.0,320,0.0,0.0
2024-09-02 09:14:00+09:00,2255.0,2265.0,2255.0,2265.0,2,0.0,0.0
2024-09-02 09:15:00+09:00,2255.0,2255.0,2255.0,2255.0,1494,0.0,0.0
2024-09-02 09:19:00+09:00,2255.0,2255.0,2255.0,2255.0,4103,0.0,0.0
2024-09-02 09:20:00+09:00,2250.0,2255.0,2250.0,2255.0,158,0.0,0.0
2024-09-02 09:21:00+09:00,2255.0,2255.0,2250.0,2250.0,4315,0.0,0.0
2024-09-02 09:22:00+09:00,2250.0,2250.0,2250.0,2250.0,0,0.0,0.0
2024-09-02 09:23:00+09:00,2250.0,2250.0,2250.0,2250.0,0,0.0,0.0
2024-09-02 09:24:00+09:00,2250.0,2260.0,2250.0,2260.0,299,0.0,0.0
2024-09-02 09:25:00+09:00,2260.0,2260.0,2250.0,2255.0,1256,0.0,0.0
2024-09-02 09:26:00+09:00,2255.0,2255.0,2255.0,2255.0,0,0.0,0.0
2024-09-02 09:27:00+09:00,2260.0,2260.0,2260.0,2260.0,0,0.0,0.0
2024-09-02 09:28:00+09:00,2255.0,2255.0,2255.0,2255.0,1003,0.0,0.0
2024-09-02 09:29:00+09:00,2250.0,2250.0,2250.0,2250.0,1312,0.0,0.0
2024-09-02 09:30:00+09:00,2250.0,2250.0,2250.0,2250.0,2403,0.0,0.0
2024-09-02 09:33:00+09:00,2255.0,2255.0,2250.0,2250.0,38,0.0,0.0
2024-09-02 09:38:00+09:00,2260.0,2260.0,2260.0,2260.0,2,0.0,0.0
2024-09-02 09:39:00+09:00,2255.0,2255.0,2250.0,2250.0,1867,0.0,0.0
2024-09-02 09:40:00+09:00,2260.0,2260.0,2260.0,2260.0,0,0.0,0.0
2024-09-02 09:41:00+09:00,2250.0,2250.0,2250.0,2250.0,89,0.0,0.0
2024-09-02 09:44:00+09:00,2255.0,2260.0,2255.0,2260.0,67,0.0,0.0
2024-09-02 09:45:00+09:00,2250.0,2250.0,2245.0,2250.0,5593,0.0,0.0
2024-09-02 09:46:00+09:00,2250.0,2260.0,2245.0,2260.0,9127,0.0,0.0
2024-09-02 09:47:00+09:00,2260.0,2260.0,2260.0,2260.0,9,0.0,0.0
2024-09-02 09:49:00+09:00,2260.0,2260.0,2260.0,2260.0,0,0.0,0.0
2024-09-02 09:50:00+09:00,2255.0,2255.0,2250.0,2250.0,124,0.0,0.0
2024-09-02 09:52:00+09:00,2250.0,2250.0,2245.0,2245.0,3,0.0,0.0
2024-09-02 09:54:00+09:00,2250.0,2250.0,2245.0,2245.0,7,0.0,0.0
2024-09-02 09:56:00+09:00,2250.0,2250.0,2250.0,2250.0,19,0.0,0.0
2024-09-02 10:00:00+09:00,2250.0,2250.0,2250.0,2250.0,40,0.0,0.0
2024-09-02 10:01:00+09:00,2255.0,2260.0,2255.0,2260.0,833,0.0,0.0
2024-09-02 10:03:00+09:00,2250.0,2250.0,2245.0,2245.0,1309,0.0,0.0
2024-09-02 10:05:00+09:00,2255.0,2260.0,2255.0,2260.0,0,0.0,0.0
2024-09-02 10:06:00+09:00,2250.0,2250.0,2250.0,2250.0,1328,0.0,0.0
2024-09-02 10:07:00+09:00,2260.0,2260.0,2260.0,2260.0,0,0.0,0.0
2024-09-02 10:08:00+09:00,2245.0,2245.0,2245.0,2245.0,104,0.0,0.0
2024-09-02 10:09:00+09:00,2245.0,2245.0,2245.0,2245.0,0,0.0,0.0
2024-09-02 10:13:00+09:00,2245.0,2245.0,2245.0,2245.0,1498,0.0,0.0
2024-09-02 10:16:00+09:00,2245.0,2245.0,2245.0,2245.0,8,0.0,0.0
2024-09-02 10:19:00+09:00,2260.0,2260.0,2260.0,2260.0,0,0.0,0.0
2024-09-02 10:20:00+09:00,2260.0,2260.0,2260.0,2260.0,109,0.0,0.0
2024-09-02 10:21:00+09:00,2250.0,2250.0,2250.0,2250.0,590,0.0,0.0
2024-09-02 10:22:00+09:00,2250.0,2250.0,2250.0,2250.0,298,0.0,0.0
2024-09-02 10:23:00+09:00,2250.0,2250.0,2250.0,2250.0,238,0.0,0.0
2024-09-02 10:27:00+09:00,2260.0,2260.0,2260.0,2260.0,0,0.0,0.0
2024-09-02 10:28:00+09:00,2260.0,2260.0,2260.0,2260.0,1,0.0,0.0
2024-09-02 10:29:00+09:00,2260.0,2260.0,2260.0,2260.0,0,0.0,0.0
2024-09-02 10:32:00+09:00,2250.0,2260.0,2250.0,2260.0,402,0.0,0.0
2024-09-02 10:33:00+09:00,2260.0,2260.0,2260.0,2260.0,19,0.0,0.0
2024-09-02 10:34:00+09:00,2260.0,2260.0,2260.0,2260.0,1545,0.0,0.0
2024-09-02 10:36:00+09:00,2260.0,2260.0,2260.0,2260.0,0,0.0,0.0
2024-09-02 10:37:00+09:00,2260.0,2290.0,2260.0,2285.0,8348,0.0,0.0
2024-09-02 10:38:00+09:00,2280.0,2285.0,2280.0,2285.0,0,0.0,0.0
2024-09-02 10:39:00+09:00,2285.0,2285.0,2285.0,2285.0,1,0.0,0.0
2024-09-02 10:40:00+09:00,2265.0,2265.0,2265.0,2265.0,1611,0.0,0.0
2024-09-02 10:41:00+09:00,2265.0,2265.0,2265.0,2265.0,0,0.0,0.0
2024-09-02 10:42:00+09:00,2265.0,2275.0,2265.0,2275.0,733,0.0,0.0
2024-09-02 10:43:00+09:00,2275.0,2275.0,2275.0,2275.0,11,0.0,0.0
2024-09-02 10:46:00+09:00,2265.0,2270.0,2265.0,2270.0,9,0.0,0.0
2024-09-02 10:47:00+09:00,2270.0,2270.0,2270.0,2270.0,1,0.0,0.0
2024-09-02 10:48:00+09:00,2270.0,2270.0,2260.0,2260.0,2871,0.0,0.0
2024-09-02 10:49:00+09:00,2255.0,2255.0,2255.0,2255.0,0,0.0,0.0
2024-09-02 10:50:00+09:00,2255.0,2255.0,2255.0,2255.0,3,0.0,0.0
2024-09-02 10:51:00+09:00,2255.0,2255.0,2255.0,2255.0,298,0.0,0.0
2024-09-02 10:55:00+09:00,2255.0,2265.0,2255.0,2265.0,22,0.0,0.0
2024-09-02 10:57:00+09:00,2265.0,2270.0,2265.0,2270.0,30,0.0,0.0
2024-09-02 10:58:00+09:00,2270.0,2270.0,2270.0,2270.0,443,0.0,0.0
2024-09-02 10:59:00+09:00,2270.0,2270.0,2270.0,2270.0,0,0.0,0.0
2024-09-02 11:04:00+09:00,2270.0,2270.0,2270.0,2270.0,4635,0.0,0.0
2024-09-02 11:05:00+09:00,2270.0,2275.0,2270.0,2270.0,815,0.0,0.0
2024-09-02 11:06:00+09:00,2275.0,2275.0,2275.0,2275.0,2,0.0,0.0
2024-09-02 11:09:00+09:00,2275.0,2275.0,2275.0,2275.0,30724,0.0,0.0
2024-09-02 11:10:00+09:00,2280.0,2280.0,2280.0,2280.0,0,0.0,0.0
2024-09-02 11:11:00+09:00,2280.0,2280.0,2280.0,2280.0,2,0.0,0.0
2024-09-02 11:14:00+09:00,2260.0,2260.0,2260.0,2260.0,1,0.0,0.0
2024-09-02 11:15:00+09:00,2260.0,2260.0,2260.0,2260.0,9,0.0,0.0
2024-09-02 11:17:00+09:00,2265.0,2280.0,2265.0,2280.0,4,0.0,0.0
2024-09-02 11:18:00+09:00,2275.0,2275.0,2260.0,2260.0,4,0.0,0.0
2024-09-02 11:19:00+09:00,2275.0,2275.0,2275.0,2275.0,165,0.0,0.0
2024-09-02 11:20:00+09:00,2275.0,2275.0,2275.0,2275.0,17,0.0,0.0
2024-09-02 11:21:00+09:00,2275.0,2275.0,2275.0,2275.0,2,0.0,0.0
2024-09-02 11:22:00+09:00,2260.0,2260.0,2260.0,2260.0,43,0.0,0.0
2024-09-02 11:23:00+09:00,2275.0,2275.0,2275.0,2275.0,0,0.0,0.0
2024-09-02 11:26:00+09:00,2275.0,2275.0,2275.0,2275.0,1,0.0,0.0
2024-09-02 11:28:00+09:00,2270.0,2270.0,2270.0,2270.0,0,0.0,0.0
2024-09-02 11:32:00+09:00,2270.0,2270.0,2265.0,2265.0,3,0.0,0.0
2024-09-02 11:33:00+09:00,2270.0,2270.0,2270.0,2270.0,23,0.0,0.0
2024-09-02 11:34:00+09:00,2265.0,2265.0,2255.0,2255.0,0,0.0,0.0
2024-09-02 11:35:00+09:00,2260.0,2260.0,2255.0,2255.0,3,0.0,0.0
2024-09-02 11:36:00+09:00,2255.0,2255.0,2255.0,2255.0,99,0.0,0.0
2024-09-02 11:37:00+09:00,2270.0,2270.0,2255.0,2255.0,0,0.0,0.0
2024-09-02 11:39:00+09:00,2260.0,2270.0,2255.0,2270.0,2357,0.0,0.0
2024-09-02 11:40:00+09:00,2270.0,2270.0,2270.0,2270.0,2,0.0,0.0
2024-09-02 11:41:00+09:00,2260.0,2270.0,2260.0,2270.0,14,0.0,0.0
2024-09-02 11:44:00+09:00,2270.0,2270.0,2270.0,2270.0,878,0.0,0.0
2024-09-02 11:52:00+09:00,2260.0,2260.0,2260.0,2260.0,1273,0.0,0.0
2024-09-02 11:54:00+09:00,2270.0,2270.0,2270.0,2270.0,0,0.0,0.0
2024-09-02 12:03:00+09:00,2260.0,2260.0,2260.0,2260.0,1282,0.0,0.0
2024-09-02 12:04:00+09:00,2260.0,2260.0,2260.0,2260.0,134,0.0,0.0
2024-09-02 12:06:00+09:00,2255.0,2265.0,2255.0,2265.0,4,0.0,0.0
2024-09-02 12:07:00+09:00,2265.0,2265.0,2255.0,2255.0,6,0.0,0.0
2024-09-02 12:10:00+09:00,2265.0,2265.0,2265.0,2265.0,0,0.0,0.0
2024-09-02 12:12:00+09:00,2265.0,2265.0,2255.0,2255.0,90,0.0,0.0
2024-09-02 12:13:00+09:00,2255.0,2255.0,2255.0,2255.0,243,0.0,0.0
2024-09-02 12:14:00+09:00,2270.0,2270.0,2270.0,2270.0,0,0.0,0.0
2024-09-02 12:18:00+09:00,2270.0,2270.0,2270.0,2270.0,1,0.0,0.0
2024-09-02 12:21:00+09:00,2270.0,2270.0,2270.0,2270.0,2,0.0,0.0
2024-09-02 12:23:00+09:00,2270.0,2270.0,2270.0,2270.0,1,0.0,0.0
2024-09-02 12:24:00+09:00,2270.0,2270.0,2270.0,2270.0,1,0.0,0.0
2024-09-02 12:27:00+09:00,2270.0,2270.0,2270.0,2270.0,1,0.0,0.0
2024-09-02 12:28:00+09:00,2270.0,2270.0,2270.0,2270.0,0,0.0,0.0
2024-09-02 12:31:00+09:00,2270.0,2270.0,2270.0,2270.0,2,0.0,0.0
2024-09-02 12:32:00+09:00,2270.0,2270.0,2270.0,2270.0,1,0.0,0.0
2024-09-02 12:34:00+09:00,2270.0,2270.0,2270.0,2270.0,2,0.0,0.0
2024-09-02 12:35:00+09:00,2270.0,2270.0,2270.0,2270.0,9,0.0,0.0
2024-09-02 12:36:00+09:00,2270.0,2275.0,2270.0,2275.0,5007,0.0,0.0
2024-09-02 12:38:00+09:00,2275.0,2275.0,2275.0,2275.0,1999,0.0,0.0
2024-09-02 12:39:00+09:00,2275.0,2275.0,2275.0,2275.0,0,0.0,0.0
2024-09-02 12:41:00+09:00,2270.0,2270.0,2270.0,2270.0,777,0.0,0.0
2024-09-02 12:42:00+09:00,2275.0,2275.0,2270.0,2275.0,10,0.0,0.0
2024-09-02 12:43:00+09:00,2270.0,2275.0,2270.0,2275.0,213,0.0,0.0
2024-09-02 12:48:00+09:00,2265.0,2265.0,2265.0,2265.0,2,0.0,0.0
2024-09-02 12:50:00+09:00,2270.0,2275.0,2270.0,2275.0,99,0.0,0.0
2024-09-02 12:56:00+09:00,2275.0,2275.0,2270.0,2275.0,5,0.0,0.0
2024-09-02 12:58:00+09:00,2270.0,2270.0,2270.0,2270.0,246,0.0,0.0
2024-09-02 13:01:00+09:00,2275.0,2275.0,2275.0,2275.0,0,0.0,0.0
2024-09-02 13:02:00+09:00,2275.0,2275.0,2270.0,2270.0,22,0.0,0.0
2024-09-02 13:03:00+09:00,2275.0,2275.0,2275.0,2275.0,3,0.0,0.0
2024-09-02 13:04:00+09:00,2275.0,2275.0,2270.0,2270.0,23,0.0,0.0
2024-09-02 13:05:00+09:00,2275.0,2275.0,2275.0,2275.0,0,0.0,0.0
2024-09-02 13:06:00+09:00,2275.0,2275.0,2275.0,2275.0,2212,0.0,0.0
2024-09-02 13:12:00+09:00,2270.0,2270.0,2270.0,2270.0,162,0.0,0.0
2024-09-02 13:13:00+09:00,2275.0,2275.0,2275.0,2275.0,0,0.0,0.0
2024-09-02 13:14:00+09:00,2270.0,2275.0,2270.0,2275.0,115,0.0,0.0
2024-09-02 13:15:00+09:00,2270.0,2270.0,2270.0,2270.0,2,0.0,0.0
2024-09-02 13:16:00+09:00,2265.0,2270.0,2265.0,2270.0,263,0.0,0.0
2024-09-02 13:17:00+09:00,2270.0,2270.0,2265.0,2270.0,19,0.0,0.0
2024-09-02 13:24:00+09:00,2270.0,2270.0,2270.0,2270.0,200,0.0,0.0
2024-09-02 13:25:00+09:00,2270.0,2270.0,2270.0,2270.0,0,0.0,0.0
2024-09-02 13:27:00+09:00,2270.0,2270.0,2270.0,2270.0,113,0.0,0.0
2024-09-02 13:28:00+09:00,2275.0,2275.0,2275.0,2275.0,0,0.0,0.0
2024-09-02 13:31:00+09:00,2275.0,2275.0,2275.0,2275.0,3600,0.0,0.0
2024-09-02 13:33:00+09:00,2270.0,2270.0,2270.0,2270.0,1654,0.0,0.0
2024-09-02 13:35:00+09:00,2270.0,2270.0,2260.0,2260.0,0,0.0,0.0
2024-09-02 13:37:00+09:00,2270.0,2270.0,2270.0,2270.0,2,0.0,0.0
2024-09-02 13:40:00+09:00,2260.0,2260.0,2260.0,2260.0,2999,0.0,0.0
2024-09-02 13:42:00+09:00,2270.0,2270.0,2270.0,2270.0,0,0.0,0.0
2024-09-02 13:44:00+09:00,2265.0,2265.0,2265.0,2265.0,599,0.0,0.0
2024-09-02 13:45:00+09:00,2270.0,2270.0,2270.0,2270.0,0,0.0,0.0
2024-09-02 13:48:00+09:00,2265.0,2265.0,2265.0,2265.0,658,0.0,0.0
2024-09-02 13:49:00+09:00,2265.0,2265.0,2265.0,2265.0,0,0.0,0.0
2024-09-02 13:52:00+09:00,2270.0,2270.0,2265.0,2265.0,2758,0.0,0.0
2024-09-02 13:54:00+09:00,2265.0,2265.0,2265.0,2265.0,0,0.0,0.0
2024-09-02 13:55:00+09:00,2270.0,2275.0,2270.0,2275.0,0,0.0,0.0
2024-09-02 14:15:00+09:00,2270.0,2270.0,2270.0,2270.0,0,0.0,0.0
2024-09-02 14:17:00+09:00,2265.0,2265.0,2265.0,2265.0,200,0.0,0.0
2024-09-02 14:18:00+09:00,2270.0,2270.0,2270.0,2270.0,0,0.0,0.0
2024-09-02 14:19:00+09:00,2265.0,2265.0,2265.0,2265.0,1,0.0,0.0
2024-09-02 14:20:00+09:00,2265.0,2265.0,2265.0,2265.0,49,0.0,0.0
2024-09-02 14:21:00+09:00,2265.0,2270.0,2265.0,2265.0,106,0.0,0.0
2024-09-02 14:22:00+09:00,2265.0,2265.0,2265.0,2265.0,16,0.0,0.0
2024-09-02 14:28:00+09:00,2265.0,2265.0,2265.0,2265.0,256,0.0,0.0
2024-09-02 14:29:00+09:00,2260.0,2270.0,2260.0,2270.0,71,0.0,0.0
2024-09-02 14:30:00+09:00,2265.0,2270.0,2260.0,2270.0,881,0.0,0.0
2024-09-02 14:31:00+09:00,2265.0,2265.0,2265.0,2265.0,1224,0.0,0.0
2024-09-02 14:32:00+09:00,2270.0,2270.0,2265.0,2265.0,147,0.0,0.0
2024-09-02 14:33:00+09:00,2265.0,2265.0,2265.0,2265.0,303,0.0,0.0
2024-09-02 14:34:00+09:00,2270.0,2270.0,2270.0,2270.0,0,0.0,0.0
2024-09-02 14:37:00+09:00,2265.0,2270.0,2265.0,2270.0,152,0.0,0.0
2024-09-02 14:40:00+09:00,2265.0,2265.0,2265.0,2265.0,857,0.0,0.0
2024-09-02 14:42:00+09:00,2270.0,2270.0,2270.0,2270.0,0,0.0,0.0
2024-09-02 14:48:00+09:00,2270.0,2275.0,2270.0,2275.0,1481,0.0,0.0
2024-09-02 14:51:00+09:00,2275.0,2275.0,2275.0,2275.0,2,0.0,0.0
2024-09-02 14:52:00+09:00,2275.0,2275.0,2275.0,2275.0,599,0.0,0.0
2024-09-02 14:53:00+09:00,2275.0,2275.0,2275.0,2275.0,0,0.0,0.0
2024-09-02 14:56:00+09:00,2275.0,2275.0,2275.0,2275.0,1483,0.0,0.0
2024-09-02 14:59:00+09:00,2270.0,2270.0,2270.0,2270.0,0,0.0,0.0
2024-09-03 09:00:00+09:00,2280.0,2290.0,2280.0,2290.0,222,0.0,0.0
2024-09-03 09:02:00+09:00,2280.0,2280.0,2280.0,2280.0,265,0.0,0.0
2024-09-03 09:04:00+09:00,2280.0,2280.0,2280.0,2280.0,2,0.0,0.0
2024-09-03 09:05:00+09:00,2280.0,2280.0,2280.0,2280.0,74,0.0,0.0
2024-09-03 09:06:00+09:00,2280.0,2280.0,2275.0,2280.0,71,0.0,0.0
2024-09-03 09:09:00+09:00,2280.0,2290.0,2280.0,2290.0,557,0.0,0.0
2024-09-03 09:10:00+09:00,2290.0,2290.0,2265.0,2265.0,1936,0.0,0.0
2024-09-03 09:11:00+09:00,2265.0,2265.0,2265.0,2265.0,4375,0.0,0.0
2024-09-03 09:12:00+09:00,2265.0,2285.0,2260.0,2285.0,7566,0.0,0.0
2024-09-03 09:13:00+09:00,2285.0,2285.0,2285.0,2285.0,41,0.0,0.0
2024-09-03 09:14:00+09:00,2265.0,2265.0,2265.0,2265.0,6989,0.0,0.0
2024-09-03 09:15:00+09:00,2285.0,2285.0,2285.0,2285.0,0,0.0,0.0
2024-09-03 09:17:00+09:00,2275.0,2285.0,2270.0,2285.0,799,0.0,0.0
2024-09-03 09:18:00+09:00,2285.0,2285.0,2285.0,2285.0,10,0.0,0.0
2024-09-03 09:20:00+09:00,2285.0,2285.0,2285.0,2285.0,5,0.0,0.0
2024-09-03 09:22:00+09:00,2270.0,2270.0,2270.0,2270.0,2638,0.0,0.0
2024-09-03 09:23:00+09:00,2285.0,2285.0,2270.0,2285.0,0,0.0,0.0
2024-09-03 09:24:00+09:00,2270.0,2270.0,2270.0,2270.0,1000,0.0,0.0
2024-09-03 09:25:00+09:00,2285.0,2285.0,2280.0,2280.0,302,0.0,0.0
2024-09-03 09:26:00+09:00,2270.0,2270.0,2270.0,2270.0,0,0.0,0.0
2024-09-03 09:27:00+09:00,2275.0,2275.0,2270.0,2270.0,44,0.0,0.0
2024-09-03 09:28:00+09:00,2270.0,2270.0,2270.0,2270.0,501,0.0,0.0
2024-09-03 09:29:00+09:00,2270.0,2270.0,2270.0,2270.0,0,0.0,0.0
2024-09-03 09:31:00+09:00,2285.0,2285.0,2285.0,2285.0,0,0.0,0.0
2024-09-03 09:32:00+09:00,2280.0,2285.0,2280.0,2285.0,2061,0.0,0.0
2024-09-03 09:33:00+09:00,2280.0,2280.0,2280.0,2280.0,5,0.0,0.0
2024-09-03 09:34:00+09:00,2280.0,2280.0,2280.0,2280.0,4,0.0,0.0
2024-09-03 09:35:00+09:00,2280.0,2280.0,2280.0,2280.0,2,0.0,0.0
2024-09-03 09:36:00+09:00,2280.0,2285.0,2280.0,2285.0,425,0.0,0.0
2024-09-03 09:37:00+09:00,2285.0,2285.0,2285.0,2285.0,0,0.0,0.0
2024-09-03 09:38:00+09:00,2285.0,2285.0,2280.0,2280.0,228,0.0,0.0
2024-09-03 09:39:00+09:00,2285.0,2285.0,2280.0,2280.0,0,0.0,0.0
2024-09-03 09:40:00+09:00,2285.0,2285.0,2285.0,2285.0,0,0.0,0.0
2024-09-03 09:42:00+09:00,2280.0,2280.0,2280.0,2280.0,3883,0.0,0.0
2024-09-03 09:43:00+09:00,2280.0,2280.0,2280.0,2280.0,0,0.0,0.0
2024-09-03 09:45:00+09:00,2280.0,2285.0,2280.0,2285.0,2178,0.0,0.0
2024-09-03 09:46:00+09:00,2285.0,2285.0,2285.0,2285.0,0,0.0,0.0
2024-09-03 09:48:00+09:00,2285.0,2285.0,2285.0,2285.0,20,0.0,0.0
2024-09-03 09:50:00+09:00,2285.0,2285.0,2285.0,2285.0,0,0.0,0.0
2024-09-03 09:53:00+09:00,2280.0,2280.0,2280.0,2280.0,0,0.0,0.0
2024-09-03 09:54:00+09:00,2280.0,2280.0,2280.0,2280.0,162,0.0,0.0
2024-09-03 09:56:00+09:00,2280.0,2280.0,2280.0,2280.0,99,0.0,0.0
2024-09-03 09:58:00+09:00,2275.0,2275.0,2275.0,2275.0,250,0.0,0.0
2024-09-03 09:59:00+09:00,2275.0,2275.0,2275.0,2275.0,0,0.0,0.0
2024-09-03 10:00:00+09:00,2275.0,2280.0,2275.0,2280.0,140,0.0,0.0
2024-09-03 10:02:00+09:00,2280.0,2280.0,2280.0,2280.0,31,0.0,0.0
2024-09-03 10:03:00+09:00,2280.0,2280.0,2280.0,2280.0,2,0.0,0.0
2024-09-03 10:04:00+09:00,2280.0,2280.0,2280.0,2280.0,3,0.0,0.0
2024-09-03 10:05:00+09:00,2280.0,2280.0,2280.0,2280.0,70,0.0,0.0
2024-09-03 10:06:00+09:00,2275.0,2275.0,2275.0,2275.0,67,0.0,0.0
2024-09-03 10:08:00+09:00,2275.0,2275.0,2275.0,2275.0,384,0.0,0.0
2024-09-03 10:12:00+09:00,2280.0,2280.0,2280.0,2280.0,0,0.0,0.0
2024-09-03 10:13:00+09:00,2280.0,2280.0,2280.0,2280.0,70,0.0,0.0
2024-09-03 10:15:00+09:00,2280.0,2280.0,2275.0,2275.0,353,0.0,0.0
2024-09-03 10:17:00+09:00,2280.0,2280.0,2280.0,2280.0,311,0.0,0.0
2024-09-03 10:19:00+09:00,2280.0,2280.0,2275.0,2275.0,201,0.0,0.0
2024-09-03 10:20:00+09:00,2280.0,2280.0,2280.0,2280.0,4,0.0,0.0
2024-09-03 10:21:00+09:00,2275.0,2275.0,2275.0,2275.0,36,0.0,0.0
2024-09-03 10:22:00+09:00,2275.0,2275.0,2275.0,2275.0,80,0.0,0.0
2024-09-03 10:25:00+09:00,2275.0,2280.0,2275.0,2280.0,1351,0.0,0.0
2024-09-03 10:26:00+09:00,2280.0,2280.0,2280.0,2280.0,35,0.0,0.0
2024-09-03 10:27:00+09:00,2280.0,2280.0,2280.0,2280.0,0,0.0,0.0
2024-09-03 10:30:00+09:00,2280.0,2280.0,2280.0,2280.0,815,0.0,0.0
2024-09-03 10:32:00+09:00,2280.0,2280.0,2280.0,2280.0,0,0.0,0.0
2024-09-03 10:37:00+09:00,2280.0,2280.0,2280.0,2280.0,2,0.0,0.0
2024-09-03 10:38:00+09:00,2280.0,2280.0,2280.0,2280.0,18,0.0,0.0
2024-09-03 10:39:00+09:00,2280.0,2280.0,2280.0,2280.0,0,0.0,0.0
2024-09-03 10:41:00+09:00,2280.0,2280.0,2280.0,2280.0,0,0.0,0.0
2024-09-03 10:43:00+09:00,2275.0,2275.0,2270.0,2270.0,7974,0.0,0.0
2024-09-03 10:44:00+09:00,2280.0,2280.0,2280.0,2280.0,0,0.0,0.0
2024-09-03 10:47:00+09:00,2265.0,2265.0,2265.0,2265.0,1602,0.0,0.0
2024-09-03 10:48:00+09:00,2280.0,2280.0,2280.0,2280.0,2,0.0,0.0
2024-09-03 10:49:00+09:00,2280.0,2280.0,2265.0,2280.0,5020,0.0,0.0
2024-09-03 10:54:00+09:00,2275.0,2275.0,2275.0,2275.0,2,0.0,0.0
2024-09-03 10:59:00+09:00,2275.0,2275.0,2275.0,2275.0,659,0.0,0.0
2024-09-03 11:00:00+09:00,2275.0,2275.0,2275.0,2275.0,0,0.0,0.0
2024-09-03 11:01:00+09:00,2280.0,2280.0,2280.0,2280.0,0,0.0,0.0
2024-09-03 11:03:00+09:00,2270.0,2270.0,2270.0,2270.0,64,0.0,0.0
2024-09-03 11:04:00+09:00,2280.0,2280.0,2280.0,2280.0,2,0.0,0.0
2024-09-03 11:05:00+09:00,2280.0,2280.0,2280.0,2280.0,21,0.0,0.0
2024-09-03 11:06:00+09:00,2280.0,2280.0,2275.0,2275.0,276,0.0,0.0
2024-09-03 11:08:00+09:00,2275.0,2275.0,2275.0,2275.0,20,0.0,0.0
2024-09-03 11:10:00+09:00,2280.0,2280.0,2280.0,2280.0,0,0.0,0.0
2024-09-03 11:11:00+09:00,2280.0,2280.0,2280.0,2280.0,1,0.0,0.0
2024-09-03 11:12:00+09:00,2275.0,2275.0,2275.0,2275.0,326,0.0,0.0
2024-09-03 11:14:00+09:00,2280.0,2280.0,2280.0,2280.0,0,0.0,0.0
2024-09-03 11:17:00+09:00,2275.0,2280.0,2275.0,2280.0,201,0.0,0.0
2024-09-03 11:18:00+09:00,2275.0,2275.0,2275.0,2275.0,19,0.0,0.0
2024-09-03 11:19:00+09:00,2275.0,2275.0,2275.0,2275.0,3,0.0,0.0
2024-09-03 11:20:00+09:00,2275.0,2280.0,2270.0,2270.0,322,0.0,0.0
2024-09-03 11:21:00+09:00,2280.0,2280.0,2270.0,2270.0,79,0.0,0.0
2024-09-03 11:22:00+09:00,2280.0,2285.0,2270.0,2285.0,1214,0.0,0.0
2024-09-03 11:23:00+09:00,2285.0,2285.0,2285.0,2285.0,2,0.0,0.0
2024-09-03 11:25:00+09:00,2285.0,2285.0,2285.0,2285.0,2,0.0,0.0
2024-09-03 11:29:00+09:00,2280.0,2280.0,2280.0,2280.0,47,0.0,0.0
2024-09-03 11:30:00+09:00,2280.0,2280.0,2280.0,2280.0,484,0.0,0.0
2024-09-03 11:32:00+09:00,2280.0,2280.0,2280.0,2280.0,0,0.0,0.0
2024-09-03 11:34:00+09:00,2275.0,2275.0,2275.0,2275.0,600,0.0,0.0
2024-09-03 11:35:00+09:00,2280.0,2280.0,2275.0,2275.0,600,0.0,0.0
2024-09-03 11:37:00+09:00,2280.0,2280.0,2280.0,2280.0,0,0.0,0.0
2024-09-03 11:39:00+09:00,2280.0,2280.0,2280.0,2280.0,74,0.0,0.0
2024-09-03 11:44:00+09:00,2275.0,2275.0,2275.0,2275.0,403,0.0,0.0
2024-09-03 11:45:00+09:00,2275.0,2280.0,2275.0,2280.0,1148,0.0,0.0
2024-09-03 11:48:00+09:00,2280.0,2280.0,2280.0,2280.0,4,0.0,0.0
2024-09-03 11:53:00+09:00,2280.0,2280.0,2280.0,2280.0,86,0.0,0.0
2024-09-03 11:55:00+09:00,2280.0,2280.0,2280.0,2280.0,1025,0.0,0.0
2024-09-03 11:58:00+09:00,2275.0,2275.0,2275.0,2275.0,0,0.0,0.0
2024-09-03 12:01:00+09:00,2280.0,2280.0,2275.0,2280.0,333,0.0,0.0
2024-09-03 12:02:00+09:00,2270.0,2270.0,2270.0,2270.0,0,0.0,0.0
2024-09-03 12:03:00+09:00,2280.0,2280.0,2280.0,2280.0,3,0.0,0.0
2024-09-03 12:05:00+09:00,2270.0,2270.0,2270.0,2270.0,49,0.0,0.0
2024-09-03 12:06:00+09:00,2280.0,2280.0,2280.0,2280.0,0,0.0,0.0
2024-09-03 12:09:00+09:00,2280.0,2280.0,2280.0,2280.0,2,0.0,0.0
2024-09-03 12:12:00+09:00,2275.0,2280.0,2275.0,2280.0,2,0.0,0.0
2024-09-03 12:14:00+09:00,2280.0,2280.0,2280.0,2280.0,266,0.0,0.0
2024-09-03 12:17:00+09:00,2280.0,2280.0,2280.0,2280.0,0,0.0,0.0
2024-09-03 12:18:00+09:00,2280.0,2280.0,2280.0,2280.0,2,0.0,0.0
2024-09-03 12:21:00+09:00,2275.0,2275.0,2275.0,2275.0,199,0.0,0.0
2024-09-03 12:23:00+09:00,2280.0,2280.0,2280.0,2280.0,2,0.0,0.0
2024-09-03 12:24:00+09:00,2275.0,2280.0,2275.0,2280.0,13757,0.0,0.0
2024-09-03 12:27:00+09:00,2280.0,2280.0,2280.0,2280.0,0,0.0,0.0
2024-09-03 12:28:00+09:00,2280.0,2280.0,2280.0,2280.0,99,0.0,0.0
2024-09-03 12:32:00+09:00,2270.0,2270.0,2270.0,2270.0,0,0.0,0.0
2024-09-03 12:34:00+09:00,2275.0,2275.0,2265.0,2265.0,3723,0.0,0.0
2024-09-03 12:35:00+09:00,2280.0,2280.0,2280.0,2280.0,0,0.0,0.0
2024-09-03 12:36:00+09:00,2270.0,2270.0,2270.0,2270.0,53,0.0,0.0
2024-09-03 12:38:00+09:00,2270.0,2270.0,2270.0,2270.0,38,0.0,0.0
2024-09-03 12:40:00+09:00,2270.0,2270.0,2270.0,2270.0,0,0.0,0.0
2024-09-03 12:41:00+09:00,2265.0,2265.0,2265.0,2265.0,9997,0.0,0.0
2024-09-03 12:43:00+09:00,2265.0,2265.0,2265.0,2265.0,0,0.0,0.0
2024-09-03 12:44:00+09:00,2265.0,2265.0,2265.0,2265.0,8100,0.0,0.0
2024-09-03 12:45:00+09:00,2265.0,2265.0,2260.0,2260.0,0,0.0,0.0
2024-09-03 12:48:00+09:00,2260.0,2265.0,2260.0,2265.0,61,0.0,0.0
2024-09-03 12:49:00+09:00,2260.0,2260.0,2260.0,2260.0,0,0.0,0.0
2024-09-03 12:50:00+09:00,2265.0,2270.0,2260.0,2270.0,791,0.0,0.0
2024-09-03 12:53:00+09:00,2260.0,2270.0,2260.0,2265.0,1003,0.0,0.0
2024-09-03 12:55:00+09:00,2265.0,2265.0,2265.0,2265.0,0,0.0,0.0
2024-09-03 12:56:00+09:00,2265.0,2265.0,2265.0,2265.0,1,0.0,0.0
2024-09-03 12:57:00+09:00,2265.0,2265.0,2265.0,2265.0,1,0.0,0.0
2024-09-03 13:00:00+09:00,2265.0,2265.0,2265.0,2265.0,23,0.0,0.0
2024-09-03 13:02:00+09:00,2265.0,2265.0,2265.0,2265.0,903,0.0,0.0
2024-09-03 13:09:00+09:00,2260.0,2260.0,2260.0,2260.0,0,0.0,0.0
2024-09-03 13:11:00+09:00,2260.0,2260.0,2260.0,2260.0,9999,0.0,0.0
2024-09-03 13:12:00+09:00,2260.0,2260.0,2260.0,2260.0,0,0.0,0.0
2024-09-03 13:13:00+09:00,2260.0,2265.0,2255.0,2265.0,0,0.0,0.0
2024-09-03 13:16:00+09:00,2255.0,2255.0,2255.0,2255.0,2852,0.0,0.0
2024-09-03 13:18:00+09:00,2255.0,2255.0,2255.0,2255.0,646,0.0,0.0
2024-09-03 13:19:00+09:00,2250.0,2255.0,2250.0,2255.0,1580,0.0,0.0
2024-09-03 13:21:00+09:00,2255.0,2255.0,2255.0,2255.0,0,0.0,0.0
2024-09-03 13:22:00+09:00,2255.0,2255.0,2255.0,2255.0,300,0.0,0.0
2024-09-03 13:23:00+09:00,2250.0,2250.0,2250.0,2250.0,2,0.0,0.0
2024-09-03 13:24:00+09:00,2250.0,2250.0,2250.0,2250.0,13,0.0,0.0
2024-09-03 13:25:00+09:00,2250.0,2250.0,2250.0,2250.0,793,0.0,0.0
2024-09-03 13:26:00+09:00,2250.0,2250.0,2250.0,2250.0,0,0.0,0.0
2024-09-03 13:27:00+09:00,2250.0,2250.0,2250.0,2250.0,5923,0.0,0.0
2024-09-03 13:29:00+09:00,2250.0,2250.0,2250.0,2250.0,0,0.0,0.0
2024-09-03 13:32:00+09:00,2260.0,2260.0,2260.0,2260.0,0,0.0,0.0
2024-09-03 13:33:00+09:00,2260.0,2260.0,2260.0,2260.0,52,0.0,0.0
2024-09-03 13:34:00+09:00,2255.0,2260.0,2250.0,2260.0,1617,0.0,0.0
2024-09-03 13:35:00+09:00,2260.0,2260.0,2260.0,2260.0,0,0.0,0.0
2024-09-03 13:36:00+09:00,2260.0,2260.0,2260.0,2260.0,2,0.0,0.0
2024-09-03 13:37:00+09:00,2260.0,2260.0,2260.0,2260.0,0,0.0,0.0
2024-09-03 13:38:00+09:00,2255.0,2255.0,2255.0,2255.0,976,0.0,0.0
2024-09-03 13:39:00+09:00,2260.0,2260.0,2260.0,2260.0,0,0.0,0.0
2024-09-03 13:43:00+09:00,2255.0,2255.0,2255.0,2255.0,399,0.0,0.0
2024-09-03 13:44:00+09:00,2260.0,2260.0,2255.0,2255.0,150,0.0,0.0
2024-09-03 13:45:00+09:00,2250.0,2250.0,2250.0,2250.0,12416,0.0,0.0
2024-09-03 13:46:00+09:00,2250.0,2260.0,2245.0,2260.0,0,0.0,0.0
2024-09-03 13:50:00+09:00,2260.0,2260.0,2260.0,2260.0,2,0.0,0.0
2024-09-03 13:51:00+09:00,2250.0,2250.0,2250.0,2250.0,0,0.0,0.0
2024-09-03 13:52:00+09:00,2260.0,2260.0,2250.0,2250.0,108156,0.0,0.0
2024-09-03 13:54:00+09:00,2245.0,2245.0,2245.0,2245.0,1001,0.0,0.0
2024-09-03 13:57:00+09:00,2250.0,2250.0,2250.0,2250.0,0,0.0,0.0
2024-09-03 14:00:00+09:00,2255.0,2255.0,2255.0,2255.0,739,0.0,0.0
2024-09-03 14:02:00+09:00,2255.0,2255.0,2255.0,2255.0,0,0.0,0.0
2024-09-03 14:04:00+09:00,2255.0,2255.0,2250.0,2250.0,98,0.0,0.0
2024-09-03 14:05:00+09:00,2255.0,2255.0,2255.0,2255.0,0,0.0,0.0
2024-09-03 14:06:00+09:00,2255.0,2255.0,2255.0,2255.0,1,0.0,0.0
2024-09-03 14:07:00+09:00,2255.0,2255.0,2255.0,2255.0,0,0.0,0.0
2024-09-03 14:10:00+09:00,2250.0,2250.0,2250.0,2250.0,462,0.0,0.0
2024-09-03 14:12:00+09:00,2255.0,2255.0,2255.0,2255.0,0,0.0,0.0
2024-09-03 14:13:00+09:00,2255.0,2260.0,2250.0,2260.0,75,0.0,0.0
2024-09-03 14:16:00+09:00,2260.0,2260.0,2260.0,2260.0,2,0.0,0.0
2024-09-03 14:20:00+09:00,2260.0,2260.0,2255.0,2255.0,16,0.0,0.0
2024-09-03 14:21:00+09:00,2255.0,2255.0,2255.0,2255.0,14,0.0,0.0
2024-09-03 14:22:00+09:00,2255.0,2255.0,2255.0,2255.0,459,0.0,0.0
2024-09-03 14:23:00+09:00,2255.0,2260.0,2250.0,2260.0,781,0.0,0.0
2024-09-03 14:24:00+09:00,2255.0,2260.0,2255.0,2260.0,2001,0.0,0.0
2024-09-03 14:25:00+09:00,2260.0,2260.0,2260.0,2260.0,0,0.0,0.0
2024-09-03 14:26:00+09:00,2260.0,2260.0,2260.0,2260.0,2000,0.0,0.0
2024-09-03 14:28:00+09:00,2255.0,2260.0,2255.0,2260.0,0,0.0,0.0
2024-09-03 14:35:00+09:00,2255.0,2255.0,2255.0,2255.0,98,0.0,0.0
2024-09-03 14:36:00+09:00,2255.0,2260.0,2255.0,2260.0,403,0.0,0.0
2024-09-03 14:37:00+09:00,2255.0,2260.0,2255.0,2260.0,595,0.0,0.0
2024-09-03 14:38:00+09:00,2255.0,2255.0,2255.0,2255.0,4,0.0,0.0
2024-09-03 14:39:00+09:00,2260.0,2260.0,2260.0,2260.0,0,0.0,0.0
2024-09-03 14:41:00+09:00,2260.0,2260.0,2260.0,2260.0,2,0.0,0.0
2024-09-03 14:42:00+09:00,2255.0,2255.0,2255.0,2255.0,19,0.0,0.0
2024-09-03 14:45:00+09:00,2255.0,2255.0,2250.0,2250.0,17547,0.0,0.0
2024-09-03 14:46:00+09:00,2250.0,2250.0,2250.0,2250.0,0,0.0,0.0
2024-09-03 14:47:00+09:00,2250.0,2250.0,2250.0,2250.0,1142,0.0,0.0
2024-09-03 14:48:00+09:00,2250.0,2250.0,2245.0,2245.0,38830,0.0,0.0
2024-09-03 14:50:00+09:00,2250.0,2250.0,2250.0,2250.0,0,0.0,0.0
2024-09-03 14:52:00+09:00,2250.0,2250.0,2245.0,2250.0,302,0.0,0.0
2024-09-03 14:53:00+09:00,2250.0,2250.0,2250.0,2250.0,1,0.0,0.0
2024-09-03 14:56:00+09:00,2250.0,2250.0,2250.0,2250.0,126,0.0,0.0
2024-09-03 14:58:00+09:00,2250.0,2255.0,2250.0,2255.0,751,0.0,0.0
2024-09-04 09:00:00+09:00,2170.0,2170.0,2155.0,2155.0,22520,0.0,0.0
2024-09-04 09:01:00+09:00,2155.0,2170.0,2150.0,2170.0,1264,0.0,0.0
2024-09-04 09:02:00+09:00,2155.0,2160.0,2150.0,2160.0,10706,0.0,0.0
2024-09-04 09:03:00+09:00,2155.0,2170.0,2150.0,2150.0,3953,0.0,0.0
2024-09-04 09:04:00+09:00,2170.0,2170.0,2170.0,2170.0,100,0.0,0.0
2024-09-04 09:05:00+09:00,2170.0,2175.0,2170.0,2175.0,225,0.0,0.0
2024-09-04 09:06:00+09:00,2170.0,2180.0,2160.0,2180.0,2274,0.0,0.0
2024-09-04 09:07:00+09:00,2180.0,2200.0,2170.0,2195.0,2101,0.0,0.0
2024-09-04 09:08:00+09:00,2170.0,2185.0,2170.0,2185.0,641,0.0,0.0
2024-09-04 09:09:00+09:00,2185.0,2185.0,2175.0,2185.0,260,0.0,0.0
2024-09-04 09:10:00+09:00,2175.0,2180.0,2165.0,2180.0,1519,0.0,0.0
2024-09-04 09:11:00+09:00,2175.0,2180.0,2175.0,2180.0,2377,0.0,0.0
2024-09-04 09:12:00+09:00,2180.0,2195.0,2180.0,2195.0,1086,0.0,0.0
2024-09-04 09:13:00+09:00,2195.0,2195.0,2175.0,2190.0,4338,0.0,0.0
2024-09-04 09:14:00+09:00,2190.0,2190.0,2190.0,2190.0,18,0.0,0.0
2024-09-04 09:15:00+09:00,2180.0,2185.0,2165.0,2185.0,15234,0.0,0.0
2024-09-04 09:16:00+09:00,2180.0,2180.0,2180.0,2180.0,17,0.0,0.0
2024-09-04 09:17:00+09:00,2180.0,2180.0,2180.0,2180.0,41,0.0,0.0
2024-09-04 09:18:00+09:00,2180.0,2180.0,2175.0,2175.0,1032,0.0,0.0
2024-09-04 09:19:00+09:00,2180.0,2180.0,2170.0,2170.0,8479,0.0,0.0
2024-09-04 09:20:00+09:00,2170.0,2180.0,2165.0,2180.0,16768,0.0,0.0
2024-09-04 09:21:00+09:00,2175.0,2175.0,2170.0,2170.0,225,0.0,0.0
2024-09-04 09:22:00+09:00,2175.0,2175.0,2175.0,2175.0,0,0.0,0.0
2024-09-04 09:23:00+09:00,2175.0,2175.0,2170.0,2170.0,433,0.0,0.0
2024-09-04 09:24:00+09:00,2170.0,2175.0,2170.0,2175.0,2309,0.0,0.0
2024-09-04 09:25:00+09:00,2175.0,2175.0,2175.0,2175.0,0,0.0,0.0
2024-09-04 09:26:00+09:00,2175.0,2180.0,2175.0,2175.0,416,0.0,0.0
2024-09-04 09:27:00+09:00,2175.0,2180.0,2165.0,2165.0,5284,0.0,0.0
2024-09-04 09:29:00+09:00,2170.0,2170.0,2165.0,2165.0,0,0.0,0.0
2024-09-04 09:30:00+09:00,2170.0,2170.0,2170.0,2170.0,54,0.0,0.0
2024-09-04 09:31:00+09:00,2170.0,2170.0,2165.0,2165.0,2281,0.0,0.0
2024-09-04 09:32:00+09:00,2165.0,2165.0,2160.0,2160.0,10591,0.0,0.0
2024-09-04 09:34:00+09:00,2170.0,2170.0,2170.0,2170.0,3603,0.0,0.0
2024-09-04 09:35:00+09:00,2175.0,2180.0,2170.0,2180.0,0,0.0,0.0
2024-09-04 09:36:00+09:00,2170.0,2180.0,2170.0,2180.0,1344,0.0,0.0
2024-09-04 09:37:00+09:00,2180.0,2180.0,2180.0,2180.0,1,0.0,0.0
2024-09-04 09:38:00+09:00,2170.0,2180.0,2170.0,2180.0,1064,0.0,0.0
2024-09-04 09:39:00+09:00,2175.0,2175.0,2175.0,2175.0,43,0.0,0.0
2024-09-04 09:40:00+09:00,2175.0,2180.0,2170.0,2180.0,68,0.0,0.0
2024-09-04 09:41:00+09:00,2180.0,2185.0,2180.0,2185.0,1940,0.0,0.0
2024-09-04 09:42:00+09:00,2185.0,2190.0,2185.0,2190.0,1280,0.0,0.0
2024-09-04 09:43:00+09:00,2190.0,2190.0,2190.0,2190.0,2,0.0,0.0
2024-09-04 09:44:00+09:00,2175.0,2185.0,2175.0,2185.0,317,0.0,0.0
2024-09-04 09:45:00+09:00,2185.0,2190.0,2185.0,2190.0,3062,0.0,0.0
2024-09-04 09:47:00+09:00,2185.0,2190.0,2185.0,2190.0,3001,0.0,0.0
2024-09-04 09:48:00+09:00,2190.0,2195.0,2190.0,2195.0,3862,0.0,0.0
2024-09-04 09:49:00+09:00,2190.0,2195.0,2190.0,2195.0,7187,0.0,0.0
2024-09-04 09:50:00+09:00,2195.0,2195.0,2195.0,2195.0,0,0.0,0.0
2024-09-04 09:51:00+09:00,2200.0,2200.0,2200.0,2200.0,636,0.0,0.0
2024-09-04 09:53:00+09:00,2200.0,2200.0,2200.0,2200.0,158,0.0,0.0
2024-09-04 09:54:00+09:00,2200.0,2200.0,2200.0,2200.0,0,0.0,0.0
2024-09-04 09:55:00+09:00,2200.0,2205.0,2200.0,2205.0,113,0.0,0.0
2024-09-04 09:56:00+09:00,2205.0,2205.0,2205.0,2205.0,3,0.0,0.0
2024-09-04 09:58:00+09:00,2190.0,2190.0,2190.0,2190.0,1,0.0,0.0
2024-09-04 09:59:00+09:00,2190.0,2200.0,2180.0,2195.0,467,0.0,0.0
2024-09-04 10:00:00+09:00,2195.0,2195.0,2195.0,2195.0,1050,0.0,0.0
2024-09-04 10:01:00+09:00,2195.0,2195.0,2195.0,2195.0,5,0.0,0.0
2024-09-04 10:03:00+09:00,2195.0,2195.0,2190.0,2190.0,108,0.0,0.0
2024-09-04 10:04:00+09:00,2190.0,2195.0,2190.0,2195.0,6,0.0,0.0
2024-09-04 10:05:00+09:00,2195.0,2195.0,2195.0,2195.0,92,0.0,0.0
2024-09-04 10:06:00+09:00,2190.0,2190.0,2190.0,2190.0,0,0.0,0.0
2024-09-04 10:07:00+09:00,2190.0,2190.0,2190.0,2190.0,0,0.0,0.0
2024-09-04 10:09:00+09:00,2190.0,2190.0,2190.0,2190.0,4,0.0,0.0
2024-09-04 10:11:00+09:00,2190.0,2190.0,2190.0,2190.0,2,0.0,0.0
2024-09-04 10:12:00+09:00,2190.0,2190.0,2190.0,2190.0,598,0.0,0.0
2024-09-04 10:13:00+09:00,2190.0,2190.0,2190.0,2190.0,0,0.0,0.0
2024-09-04 10:14:00+09:00,2190.0,2190.0,2190.0,2190.0,2,0.0,0.0
2024-09-04 10:15:00+09:00,2180.0,2180.0,2180.0,2180.0,201,0.0,0.0
2024-09-04 10:16:00+09:00,2190.0,2190.0,2180.0,2190.0,36,0.0,0.0
2024-09-04 10:17:00+09:00,2185.0,2190.0,2185.0,2190.0,4048,0.0,0.0
2024-09-04 10:18:00+09:00,2195.0,2200.0,2195.0,2200.0,1287,0.0,0.0
2024-09-04 10:19:00+09:00,2200.0,2200.0,2200.0,2200.0,48,0.0,0.0
2024-09-04 10:20:00+09:00,2195.0,2195.0,2195.0,2195.0,155,0.0,0.0
2024-09-04 10:21:00+09:00,2200.0,2200.0,2200.0,2200.0,0,0.0,0.0
2024-09-04 10:22:00+09:00,2200.0,2200.0,2200.0,2200.0,0,0.0,0.0
2024-09-04 10:24:00+09:00,2200.0,2200.0,2200.0,2200.0,2,0.0,0.0
2024-09-04 10:25:00+09:00,2200.0,2205.0,2200.0,2205.0,5900,0.0,0.0
2024-09-04 10:27:00+09:00,2205.0,2205.0,2205.0,2205.0,1,0.0,0.0
2024-09-04 10:28:00+09:00,2205.0,2205.0,2200.0,2200.0,3019,0.0,0.0
2024-09-04 10:29:00+09:00,2205.0,2205.0,2205.0,2205.0,0,0.0,0.0
2024-09-04 10:30:00+09:00,2205.0,2205.0,2205.0,2205.0,59,0.0,0.0
2024-09-04 10:32:00+09:00,2205.0,2205.0,2205.0,2205.0,84,0.0,0.0
2024-09-04 10:33:00+09:00,2205.0,2210.0,2205.0,2210.0,1103,0.0,0.0
2024-09-04 10:34:00+09:00,2200.0,2210.0,2200.0,2210.0,2001,0.0,0.0
2024-09-04 10:35:00+09:00,2210.0,2215.0,2210.0,2215.0,5,0.0,0.0
2024-09-04 10:37:00+09:00,2210.0,2210.0,2210.0,2210.0,111,0.0,0.0
2024-09-04 10:39:00+09:00,2200.0,2225.0,2200.0,2225.0,3782,0.0,0.0
2024-09-04 10:40:00+09:00,2225.0,2225.0,2225.0,2225.0,0,0.0,0.0
2024-09-04 10:42:00+09:00,2215.0,2215.0,2215.0,2215.0,133,0.0,0.0
2024-09-04 10:43:00+09:00,2215.0,2215.0,2215.0,2215.0,0,0.0,0.0
2024-09-04 10:44:00+09:00,2215.0,2215.0,2215.0,2215.0,1,0.0,0.0
2024-09-04 10:46:00+09:00,2215.0,2215.0,2215.0,2215.0,999,0.0,0.0
2024-09-04 10:48:00+09:00,2215.0,2215.0,2215.0,2215.0,8,0.0,0.0
2024-09-04 10:50:00+09:00,2215.0,2215.0,2215.0,2215.0,11,0.0,0.0
2024-09-04 10:51:00+09:00,2215.0,2215.0,2205.0,2210.0,145,0.0,0.0
2024-09-04 10:52:00+09:00,2205.0,2215.0,2205.0,2215.0,1035,0.0,0.0
2024-09-04 10:57:00+09:00,2205.0,2205.0,2205.0,2205.0,178,0.0,0.0
2024-09-04 10:58:00+09:00,2215.0,2215.0,2215.0,2215.0,0,0.0,0.0
2024-09-04 10:59:00+09:00,2205.0,2205.0,2205.0,2205.0,9,0.0,0.0
2024-09-04 11:00:00+09:00,2205.0,2205.0,2200.0,2200.0,5503,0.0,0.0
2024-09-04 11:01:00+09:00,2215.0,2215.0,2215.0,2215.0,0,0.0,0.0
2024-09-04 11:02:00+09:00,2215.0,2215.0,2215.0,2215.0,449,0.0,0.0
2024-09-04 11:03:00+09:00,2215.0,2215.0,2200.0,2200.0,231,0.0,0.0
2024-09-04 11:04:00+09:00,2200.0,2200.0,2200.0,2200.0,785,0.0,0.0
2024-09-04 11:06:00+09:00,2205.0,2210.0,2200.0,2210.0,53,0.0,0.0
2024-09-04 11:07:00+09:00,2210.0,2210.0,2210.0,2210.0,0,0.0,0.0
2024-09-04 11:08:00+09:00,2210.0,2210.0,2210.0,2210.0,20,0.0,0.0
2024-09-04 11:12:00+09:00,2210.0,2210.0,2210.0,2210.0,0,0.0,0.0
2024-09-04 11:13:00+09:00,2200.0,2200.0,2200.0,2200.0,490,0.0,0.0
2024-09-04 11:15:00+09:00,2210.0,2210.0,2210.0,2210.0,0,0.0,0.0
2024-09-04 11:17:00+09:00,2210.0,2210.0,2210.0,2210.0,39,0.0,0.0
2024-09-04 11:21:00+09:00,2195.0,2195.0,2195.0,2195.0,1,0.0,0.0
2024-09-04 11:24:00+09:00,2205.0,2205.0,2205.0,2205.0,2,0.0,0.0
2024-09-04 11:26:00+09:00,2200.0,2200.0,2200.0,2200.0,39,0.0,0.0
2024-09-04 11:27:00+09:00,2200.0,2200.0,2200.0,2200.0,3,0.0,0.0
2024-09-04 11:30:00+09:00,2195.0,2195.0,2195.0,2195.0,1,0.0,0.0
2024-09-04 11:32:00+09:00,2195.0,2195.0,2195.0,2195.0,2826,0.0,0.0
2024-09-04 11:33:00+09:00,2190.0,2190.0,2190.0,2190.0,17656,0.0,0.0
2024-09-04 11:34:00+09:00,2190.0,2190.0,2190.0,2190.0,0,0.0,0.0
2024-09-04 11:35:00+09:00,2185.0,2185.0,2185.0,2185.0,44,0.0,0.0
2024-09-04 11:42:00+09:00,2185.0,2190.0,2185.0,2190.0,3601,0.0,0.0
2024-09-04 11:43:00+09:00,2190.0,2190.0,2190.0,2190.0,6952,0.0,0.0
2024-09-04 11:44:00+09:00,2200.0,2200.0,2200.0,2200.0,0,0.0,0.0
2024-09-04 11:45:00+09:00,2200.0,2200.0,2200.0,2200.0,1006,0.0,0.0
2024-09-04 11:46:00+09:00,2190.0,2190.0,2190.0,2190.0,39,0.0,0.0
2024-09-04 11:47:00+09:00,2200.0,2200.0,2200.0,2200.0,0,0.0,0.0
2024-09-04 11:50:00+09:00,2200.0,2200.0,2200.0,2200.0,144,0.0,0.0
2024-09-04 11:53:00+09:00,2210.0,2210.0,2210.0,2210.0,2,0.0,0.0
2024-09-04 11:55:00+09:00,2210.0,2210.0,2210.0,2210.0,1,0.0,0.0
2024-09-04 11:59:00+09:00,2200.0,2210.0,2200.0,2210.0,159,0.0,0.0
2024-09-04 12:09:00+09:00,2210.0,2210.0,2210.0,2210.0,13,0.0,0.0
2024-09-04 12:10:00+09:00,2195.0,2210.0,2195.0,2210.0,593,0.0,0.0
2024-09-04 12:13:00+09:00,2195.0,2195.0,2195.0,2195.0,685,0.0,0.0
2024-09-04 12:14:00+09:00,2190.0,2190.0,2190.0,2190.0,1459,0.0,0.0
2024-09-04 12:17:00+09:00,2190.0,2190.0,2190.0,2190.0,532,0.0,0.0
2024-09-04 12:19:00+09:00,2185.0,2185.0,2185.0,2185.0,2318,0.0,0.0
2024-09-04 12:21:00+09:00,2190.0,2190.0,2190.0,2190.0,0,0.0,0.0
2024-09-04 12:23:00+09:00,2190.0,2190.0,2190.0,2190.0,10,0.0,0.0
2024-09-04 12:25:00+09:00,2190.0,2190.0,2190.0,2190.0,20,0.0,0.0
2024-09-04 12:26:00+09:00,2185.0,2185.0,2185.0,2185.0,89,0.0,0.0
2024-09-04 12:27:00+09:00,2185.0,2185.0,2185.0,2185.0,1450,0.0,0.0
2024-09-04 12:28:00+09:00,2205.0,2205.0,2205.0,2205.0,0,0.0,0.0
2024-09-04 12:29:00+09:00,2205.0,2205.0,2205.0,2205.0,51,0.0,0.0
2024-09-04 12:31:00+09:00,2205.0,2205.0,2205.0,2205.0,0,0.0,0.0
2024-09-04 12:33:00+09:00,2205.0,2205.0,2205.0,2205.0,6,0.0,0.0
2024-09-04 12:34:00+09:00,2205.0,2205.0,2205.0,2205.0,0,0.0,0.0
2024-09-04 12:35:00+09:00,2205.0,2205.0,2205.0,2205.0,0,0.0,0.0
2024-09-04 12:44:00+09:00,2200.0,2200.0,2200.0,2200.0,32,0.0,0.0
2024-09-04 12:45:00+09:00,2200.0,2200.0,2200.0,2200.0,2,0.0,0.0
2024-09-04 12:46:00+09:00,2200.0,2200.0,2200.0,2200.0,1,0.0,0.0
2024-09-04 12:47:00+09:00,2190.0,2190.0,2190.0,2190.0,49,0.0,0.0
2024-09-04 12:49:00+09:00,2190.0,2190.0,2180.0,2180.0,4631,0.0,0.0
2024-09-04 12:50:00+09:00,2190.0,2190.0,2190.0,2190.0,0,0.0,0.0
2024-09-04 12:51:00+09:00,2190.0,2200.0,2180.0,2200.0,128,0.0,0.0
2024-09-04 12:52:00+09:00,2200.0,2200.0,2200.0,2200.0,0,0.0,0.0
2024-09-04 12:53:00+09:00,2200.0,2200.0,2200.0,2200.0,2,0.0,0.0
2024-09-04 12:55:00+09:00,2195.0,2195.0,2195.0,2195.0,7,0.0,0.0
2024-09-04 12:56:00+09:00,2195.0,2195.0,2195.0,2195.0,224,0.0,0.0
2024-09-04 12:57:00+09:00,2185.0,2185.0,2185.0,2185.0,196,0.0,0.0
2024-09-04 13:00:00+09:00,2195.0,2195.0,2195.0,2195.0,0,0.0,0.0
2024-09-04 13:02:00+09:00,2195.0,2195.0,2195.0,2195.0,949,0.0,0.0
2024-09-04 13:04:00+09:00,2195.0,2195.0,2195.0,2195.0,3,0.0,0.0
2024-09-04 13:05:00+09:00,2195.0,2195.0,2195.0,2195.0,399,0.0,0.0
2024-09-04 13:06:00+09:00,2195.0,2195.0,2195.0,2195.0,0,0.0,0.0
2024-09-04 13:07:00+09:00,2200.0,2210.0,2200.0,2210.0,1374,0.0,0.0
2024-09-04 13:08:00+09:00,2205.0,2210.0,2200.0,2200.0,300,0.0,0.0
2024-09-04 13:09:00+09:00,2210.0,2210.0,2210.0,2210.0,0,0.0,0.0
2024-09-04 13:11:00+09:00,2210.0,2210.0,2210.0,2210.0,1,0.0,0.0
2024-09-04 13:12:00+09:00,2205.0,2210.0,2205.0,2210.0,2,0.0,0.0
2024-09-04 13:13:00+09:00,2210.0,2210.0,2210.0,2210.0,1,0.0,0.0
2024-09-04 13:14:00+09:00,2200.0,2200.0,2190.0,2190.0,17440,0.0,0.0
2024-09-04 13:15:00+09:00,2210.0,2210.0,2210.0,2210.0,0,0.0,0.0
2024-09-04 13:16:00+09:00,2210.0,2210.0,2210.0,2210.0,1,0.0,0.0
2024-09-04 13:17:00+09:00,2190.0,2210.0,2190.0,2210.0,38,0.0,0.0
2024-09-04 13:19:00+09:00,2210.0,2210.0,2210.0,2210.0,2002,0.0,0.0
2024-09-04 13:21:00+09:00,2210.0,2215.0,2210.0,2215.0,62,0.0,0.0
2024-09-04 13:22:00+09:00,2215.0,2215.0,2215.0,2215.0,1,0.0,0.0
2024-09-04 13:27:00+09:00,2190.0,2215.0,2190.0,2215.0,2206,0.0,0.0
2024-09-04 13:31:00+09:00,2195.0,2215.0,2195.0,2215.0,25,0.0,0.0
2024-09-04 13:32:00+09:00,2195.0,2215.0,2195.0,2215.0,217,0.0,0.0
2024-09-04 13:33:00+09:00,2215.0,2215.0,2215.0,2215.0,2,0.0,0.0
2024-09-04 13:34:00+09:00,2195.0,2210.0,2195.0,2210.0,1002,0.0,0.0
2024-09-04 13:36:00+09:00,2215.0,2215.0,2215.0,2215.0,1,0.0,0.0
2024-09-04 13:41:00+09:00,2210.0,2210.0,2210.0,2210.0,0,0.0,0.0
2024-09-04 13:47:00+09:00,2200.0,2200.0,2200.0,2200.0,216862,0.0,0.0
2024-09-04 13:49:00+09:00,2210.0,2210.0,2210.0,2210.0,1,0.0,0.0
2024-09-04 13:53:00+09:00,2210.0,2210.0,2195.0,2195.0,116,0.0,0.0
2024-09-04 13:54:00+09:00,2210.0,2210.0,2210.0,2210.0,0,0.0,0.0
2024-09-04 13:55:00+09:00,2210.0,2210.0,2210.0,2210.0,4999,0.0,0.0
2024-09-04 13:56:00+09:00,2210.0,2210.0,2210.0,2210.0,0,0.0,0.0
2024-09-04 13:58:00+09:00,2200.0,2210.0,2200.0,2210.0,5316,0.0,0.0
2024-09-04 13:59:00+09:00,2210.0,2215.0,2210.0,2215.0,0,0.0,0.0
2024-09-04 14:00:00+09:00,2195.0,2215.0,2195.0,2195.0,300,0.0,0.0
2024-09-04 14:01:00+09:00,2215.0,2215.0,2195.0,2195.0,502,0.0,0.0
2024-09-04 14:02:00+09:00,2215.0,2215.0,2215.0,2215.0,0,0.0,0.0
2024-09-04 14:03:00+09:00,2215.0,2215.0,2215.0,2215.0,2,0.0,0.0
2024-09-04 14:04:00+09:00,2210.0,2210.0,2210.0,2210.0,3,0.0,0.0
2024-09-04 14:05:00+09:00,2195.0,2210.0,2195.0,2210.0,2000,0.0,0.0
2024-09-04 14:07:00+09:00,2195.0,2195.0,2190.0,2190.0,4999,0.0,0.0
2024-09-04 14:08:00+09:00,2205.0,2205.0,2205.0,2205.0,3,0.0,0.0
2024-09-04 14:09:00+09:00,2205.0,2205.0,2205.0,2205.0,1,0.0,0.0
2024-09-04 14:10:00+09:00,2205.0,2205.0,2205.0,2205.0,39,0.0,0.0
2024-09-04 14:16:00+09:00,2200.0,2200.0,2200.0,2200.0,0,0.0,0.0
2024-09-04 14:17:00+09:00,2190.0,2190.0,2190.0,2190.0,601,0.0,0.0
2024-09-04 14:19:00+09:00,2190.0,2190.0,2190.0,2190.0,200,0.0,0.0
2024-09-04 14:20:00+09:00,2200.0,2200.0,2200.0,2200.0,0,0.0,0.0
2024-09-04 14:22:00+09:00,2200.0,2200.0,2190.0,2190.0,200,0.0,0.0
2024-09-04 14:23:00+09:00,2195.0,2195.0,2190.0,2190.0,67,0.0,0.0
2024-09-04 14:24:00+09:00,2200.0,2200.0,2190.0,2190.0,6233,0.0,0.0
2024-09-04 14:25:00+09:00,2200.0,2200.0,2200.0,2200.0,0,0.0,0.0
2024-09-04 14:26:00+09:00,2200.0,2205.0,2200.0,2205.0,818,0.0,0.0
2024-09-04 14:27:00+09:00,2205.0,2205.0,2205.0,2205.0,3,0.0,0.0
2024-09-04 14:28:00+09:00,2190.0,2205.0,2190.0,2205.0,1620,0.0,0.0
2024-09-04 14:29:00+09:00,2205.0,2205.0,2195.0,2195.0,1371,0.0,0.0
2024-09-04 14:30:00+09:00,2195.0,2195.0,2195.0,2195.0,167,0.0,0.0
2024-09-04 14:31:00+09:00,2200.0,2205.0,2195.0,2195.0,0,0.0,0.0
2024-09-04 14:32:00+09:00,2195.0,2195.0,2185.0,2195.0,5457,0.0,0.0
2024-09-04 14:33:00+09:00,2195.0,2195.0,2195.0,2195.0,2,0.0,0.0
2024-09-04 14:34:00+09:00,2195.0,2195.0,2195.0,2195.0,3,0.0,0.0
2024-09-04 14:35:00+09:00,2195.0,2195.0,2190.0,2195.0,4,0.0,0.0
2024-09-04 14:36:00+09:00,2185.0,2190.0,2185.0,2190.0,1402,0.0,0.0
2024-09-04 14:38:00+09:00,2190.0,2190.0,2190.0,2190.0,130,0.0,0.0
2024-09-04 14:39:00+09:00,2180.0,2180.0,2180.0,2180.0,5970,0.0,0.0
2024-09-04 14:40:00+09:00,2180.0,2180.0,2180.0,2180.0,0,0.0,0.0
2024-09-04 14:41:00+09:00,2195.0,2195.0,2195.0,2195.0,0,0.0,0.0
2024-09-04 14:43:00+09:00,2190.0,2190.0,2190.0,2190.0,3,0.0,0.0
2024-09-04 14:45:00+09:00,2190.0,2190.0,2180.0,2180.0,399,0.0,0.0
2024-09-04 14:46:00+09:00,2180.0,2180.0,2175.0,2175.0,2320,0.0,0.0
2024-09-04 14:47:00+09:00,2190.0,2190.0,2185.0,2185.0,0,0.0,0.0
2024-09-04 14:48:00+09:00,2185.0,2185.0,2175.0,2185.0,20,0.0,0.0
2024-09-04 14:49:00+09:00,2185.0,2185.0,2185.0,2185.0,1008,0.0,0.0
2024-09-04 14:50:00+09:00,2190.0,2190.0,2190.0,2190.0,0,0.0,0.0
2024-09-04 14:52:00+09:00,2180.0,2190.0,2175.0,2190.0,101,0.0,0.0
2024-09-04 14:53:00+09:00,2190.0,2195.0,2190.0,2195.0,505,0.0,0.0
2024-09-04 14:54:00+09:00,2180.0,2180.0,2180.0,2180.0,829,0.0,0.0
2024-09-04 14:55:00+09:00,2180.0,2180.0,2180.0,2180.0,1585,0.0,0.0
2024-09-04 14:56:00+09:00,2180.0,2190.0,2180.0,2190.0,0,0.0,0.0
2024-09-04 14:57:00+09:00,2190.0,2190.0,2190.0,2190.0,799,0.0,0.0
2024-09-04 14:59:00+09:00,2185.0,2190.0,2185.0,2190.0,0,0.0,0.0
2024-09-05 09:00:00+09:00,2190.0,2215.0,2190.0,2215.0,1406,0.0,0.0
2024-09-05 09:01:00+09:00,2190.0,2210.0,2190.0,2210.0,34,0.0,0.0
2024-09-05 09:03:00+09:00,2210.0,2210.0,2210.0,2210.0,1600,0.0,0.0
2024-09-05 09:04:00+09:00,2195.0,2205.0,2195.0,2205.0,0,0.0,0.0
2024-09-05 09:06:00+09:00,2205.0,2205.0,2205.0,2205.0,286,0.0,0.0
2024-09-05 09:07:00+09:00,2200.0,2205.0,2200.0,2205.0,3,0.0,0.0
2024-09-05 09:08:00+09:00,2205.0,2205.0,2200.0,2200.0,5,0.0,0.0
2024-09-05 09:09:00+09:00,2200.0,2200.0,2190.0,2200.0,368,0.0,0.0
2024-09-05 09:10:00+09:00,2180.0,2200.0,2180.0,2200.0,51,0.0,0.0
2024-09-05 09:11:00+09:00,2180.0,2200.0,2180.0,2200.0,14,0.0,0.0
2024-09-05 09:15:00+09:00,2195.0,2195.0,2195.0,2195.0,7,0.0,0.0
2024-09-05 09:16:00+09:00,2195.0,2200.0,2195.0,2200.0,545,0.0,0.0
2024-09-05 09:17:00+09:00,2205.0,2205.0,2205.0,2205.0,2,0.0,0.0
2024-09-05 09:18:00+09:00,2195.0,2195.0,2195.0,2195.0,7,0.0,0.0
2024-09-05 09:19:00+09:00,2205.0,2205.0,2205.0,2205.0,0,0.0,0.0
2024-09-05 09:25:00+09:00,2200.0,2205.0,2195.0,2205.0,2301,0.0,0.0
2024-09-05 09:26:00+09:00,2205.0,2205.0,2195.0,2205.0,71,0.0,0.0
2024-09-05 09:29:00+09:00,2205.0,2205.0,2205.0,2205.0,8,0.0,0.0
2024-09-05 09:32:00+09:00,2195.0,2195.0,2195.0,2195.0,425,0.0,0.0
2024-09-05 09:34:00+09:00,2195.0,2195.0,2185.0,2185.0,2342,0.0,0.0
2024-09-05 09:35:00+09:00,2185.0,2185.0,2185.0,2185.0,0,0.0,0.0
2024-09-05 09:36:00+09:00,2200.0,2200.0,2200.0,2200.0,2701,0.0,0.0
2024-09-05 09:37:00+09:00,2205.0,2210.0,2205.0,2210.0,2996,0.0,0.0
2024-09-05 09:38:00+09:00,2210.0,2210.0,2210.0,2210.0,0,0.0,0.0
2024-09-05 09:39:00+09:00,2210.0,2210.0,2210.0,2210.0,9,0.0,0.0
2024-09-05 09:40:00+09:00,2210.0,2215.0,2210.0,2215.0,291,0.0,0.0
2024-09-05 09:41:00+09:00,2215.0,2215.0,2215.0,2215.0,1991,0.0,0.0
2024-09-05 09:45:00+09:00,2210.0,2215.0,2210.0,2215.0,0,0.0,0.0
2024-09-05 09:50:00+09:00,2215.0,2215.0,2205.0,2205.0,8,0.0,0.0
2024-09-05 09:51:00+09:00,2205.0,2210.0,2205.0,2210.0,834,0.0,0.0
2024-09-05 09:54:00+09:00,2200.0,2200.0,2200.0,2200.0,3872,0.0,0.0
2024-09-05 09:55:00+09:00,2205.0,2205.0,2195.0,2205.0,3131,0.0,0.0
2024-09-05 09:56:00+09:00,2195.0,2200.0,2190.0,2190.0,5625,0.0,0.0
2024-09-05 09:57:00+09:00,2200.0,2205.0,2200.0,2205.0,0,0.0,0.0
2024-09-05 10:00:00+09:00,2205.0,2205.0,2205.0,2205.0,99,0.0,0.0
2024-09-05 10:02:00+09:00,2205.0,2205.0,2205.0,2205.0,2,0.0,0.0
2024-09-05 10:04:00+09:00,2205.0,2205.0,2205.0,2205.0,5,0.0,0.0
2024-09-05 10:05:00+09:00,2205.0,2205.0,2205.0,2205.0,0,0.0,0.0
2024-09-05 10:06:00+09:00,2195.0,2205.0,2195.0,2205.0,1815,0.0,0.0
2024-09-05 10:07:00+09:00,2205.0,2205.0,2190.0,2190.0,6000,0.0,0.0
2024-09-05 10:08:00+09:00,2205.0,2205.0,2205.0,2205.0,0,0.0,0.0
2024-09-05 10:12:00+09:00,2205.0,2205.0,2205.0,2205.0,1999,0.0,0.0
2024-09-05 10:13:00+09:00,2205.0,2205.0,2190.0,2190.0,0,0.0,0.0
2024-09-05 10:14:00+09:00,2205.0,2205.0,2205.0,2205.0,0,0.0,0.0
2024-09-05 10:15:00+09:00,2190.0,2205.0,2190.0,2205.0,28,0.0,0.0
2024-09-05 10:16:00+09:00,2190.0,2205.0,2190.0,2205.0,2,0.0,0.0
2024-09-05 10:19:00+09:00,2190.0,2190.0,2190.0,2190.0,1374,0.0,0.0
2024-09-05 10:20:00+09:00,2200.0,2200.0,2200.0,2200.0,0,0.0,0.0
2024-09-05 10:21:00+09:00,2200.0,2200.0,2180.0,2200.0,15030,0.0,0.0
2024-09-05 10:22:00+09:00,2185.0,2185.0,2185.0,2185.0,590,0.0,0.0
2024-09-05 10:23:00+09:00,2190.0,2190.0,2185.0,2190.0,0,0.0,0.0
2024-09-05 10:24:00+09:00,2185.0,2185.0,2180.0,2180.0,3052,0.0,0.0
2024-09-05 10:25:00+09:00,2190.0,2190.0,2180.0,2180.0,0,0.0,0.0
2024-09-05 10:26:00+09:00,2195.0,2195.0,2195.0,2195.0,0,0.0,0.0
2024-09-05 10:28:00+09:00,2190.0,2190.0,2190.0,2190.0,1,0.0,0.0
2024-09-05 10:29:00+09:00,2190.0,2190.0,2190.0,2190.0,63,0.0,0.0
2024-09-05 10:31:00+09:00,2190.0,2190.0,2190.0,2190.0,0,0.0,0.0
2024-09-05 10:32:00+09:00,2190.0,2190.0,2190.0,2190.0,479,0.0,0.0
2024-09-05 10:34:00+09:00,2190.0,2190.0,2190.0,2190.0,0,0.0,0.0
2024-09-05 10:35:00+09:00,2190.0,2190.0,2190.0,2190.0,0,0.0,0.0
2024-09-05 10:37:00+09:00,2190.0,2190.0,2190.0,2190.0,2,0.0,0.0
2024-09-05 10:38:00+09:00,2190.0,2190.0,2190.0,2190.0,5,0.0,0.0
2024-09-05 10:40:00+09:00,2190.0,2190.0,2190.0,2190.0,0,0.0,0.0
2024-09-05 10:44:00+09:00,2190.0,2190.0,2190.0,2190.0,2,0.0,0.0
2024-09-05 10:46:00+09:00,2190.0,2190.0,2190.0,2190.0,0,0.0,0.0
2024-09-05 10:47:00+09:00,2190.0,2190.0,2175.0,2175.0,6915,0.0,0.0
2024-09-05 10:48:00+09:00,2175.0,2175.0,2175.0,2175.0,0,0.0,0.0
2024-09-05 10:49:00+09:00,2190.0,2190.0,2190.0,2190.0,0,0.0,0.0
2024-09-05 10:50:00+09:00,2190.0,2190.0,2190.0,2190.0,1,0.0,0.0
2024-09-05 10:52:00+09:00,2190.0,2190.0,2190.0,2190.0,521,0.0,0.0
2024-09-05 10:54:00+09:00,2190.0,2190.0,2190.0,2190.0,1,0.0,0.0
2024-09-05 10:55:00+09:00,2175.0,2175.0,2175.0,2175.0,2154,0.0,0.0
2024-09-05 10:56:00+09:00,2170.0,2185.0,2170.0,2185.0,183,0.0,0.0
2024-09-05 10:58:00+09:00,2170.0,2170.0,2170.0,2170.0,199,0.0,0.0
2024-09-05 11:00:00+09:00,2170.0,2170.0,2170.0,2170.0,2980,0.0,0.0
2024-09-05 11:01:00+09:00,2170.0,2180.0,2160.0,2180.0,21422,0.0,0.0
2024-09-05 11:02:00+09:00,2170.0,2170.0,2170.0,2170.0,3294,0.0,0.0
2024-09-05 11:03:00+09:00,2170.0,2170.0,2170.0,2170.0,1456,0.0,0.0
2024-09-05 11:04:00+09:00,2160.0,2170.0,2160.0,2170.0,79,0.0,0.0
2024-09-05 11:05:00+09:00,2160.0,2160.0,2160.0,2160.0,367,0.0,0.0
2024-09-05 11:06:00+09:00,2165.0,2170.0,2165.0,2170.0,3,0.0,0.0
2024-09-05 11:07:00+09:00,2155.0,2155.0,2155.0,2155.0,1,0.0,0.0
2024-09-05 11:08:00+09:00,2170.0,2170.0,2170.0,2170.0,1,0.0,0.0
2024-09-05 11:09:00+09:00,2160.0,2160.0,2155.0,2155.0,106,0.0,0.0
2024-09-05 11:10:00+09:00,2155.0,2155.0,2155.0,2155.0,3773,0.0,0.0
2024-09-05 11:11:00+09:00,2155.0,2155.0,2155.0,2155.0,1790,0.0,0.0
2024-09-05 11:12:00+09:00,2155.0,2155.0,2155.0,2155.0,113,0.0,0.0
2024-09-05 11:13:00+09:00,2150.0,2150.0,2150.0,2150.0,7220,0.0,0.0
2024-09-05 11:14:00+09:00,2150.0,2155.0,2150.0,2150.0,0,0.0,0.0
2024-09-05 11:15:00+09:00,2155.0,2165.0,2155.0,2165.0,0,0.0,0.0
2024-09-05 11:16:00+09:00,2165.0,2165.0,2155.0,2155.0,1459,0.0,0.0
2024-09-05 11:17:00+09:00,2155.0,2165.0,2155.0,2165.0,0,0.0,0.0
2024-09-05 11:18:00+09:00,2165.0,2165.0,2150.0,2165.0,0,0.0,0.0
2024-09-05 11:19:00+09:00,2165.0,2165.0,2160.0,2160.0,112,0.0,0.0
2024-09-05 11:20:00+09:00,2160.0,2160.0,2160.0,2160.0,0,0.0,0.0
2024-09-05 11:22:00+09:00,2160.0,2160.0,2160.0,2160.0,2,0.0,0.0
2024-09-05 11:23:00+09:00,2150.0,2160.0,2150.0,2150.0,21,0.0,0.0
2024-09-05 11:24:00+09:00,2150.0,2150.0,2150.0,2150.0,2690,0.0,0.0
2024-09-05 11:25:00+09:00,2150.0,2160.0,2150.0,2160.0,0,0.0,0.0
2024-09-05 11:27:00+09:00,2155.0,2155.0,2155.0,2155.0,799,0.0,0.0
2024-09-05 11:28:00+09:00,2150.0,2150.0,2150.0,2150.0,3300,0.0,0.0
2024-09-05 11:29:00+09:00,2150.0,2150.0,2145.0,2150.0,11725,0.0,0.0
2024-09-05 11:30:00+09:00,2150.0,2150.0,2150.0,2150.0,1,0.0,0.0
2024-09-05 11:31:00+09:00,2150.0,2150.0,2150.0,2150.0,10,0.0,0.0
2024-09-05 11:32:00+09:00,2145.0,2150.0,2145.0,2150.0,1976,0.0,0.0
2024-09-05 11:33:00+09:00,2150.0,2150.0,2145.0,2145.0,1150,0.0,0.0
2024-09-05 11:34:00+09:00,2150.0,2150.0,2150.0,2150.0,0,0.0,0.0
2024-09-05 11:35:00+09:00,2150.0,2150.0,2145.0,2145.0,138,0.0,0.0
2024-09-05 11:36:00+09:00,2150.0,2150.0,2150.0,2150.0,284,0.0,0.0
2024-09-05 11:38:00+09:00,2150.0,2150.0,2150.0,2150.0,54,0.0,0.0
2024-09-05 11:39:00+09:00,2150.0,2150.0,2150.0,2150.0,111,0.0,0.0
2024-09-05 11:41:00+09:00,2150.0,2150.0,2150.0,2150.0,0,0.0,0.0
2024-09-05 11:42:00+09:00,2145.0,2150.0,2145.0,2150.0,7,0.0,0.0
2024-09-05 11:43:00+09:00,2145.0,2145.0,2145.0,2145.0,190,0.0,0.0
2024-09-05 11:45:00+09:00,2145.0,2145.0,2145.0,2145.0,0,0.0,0.0
2024-09-05 11:46:00+09:00,2145.0,2150.0,2145.0,2150.0,91,0.0,0.0
2024-09-05 11:47:00+09:00,2145.0,2150.0,2145.0,2150.0,392,0.0,0.0
2024-09-05 11:48:00+09:00,2145.0,2145.0,2145.0,2145.0,24,0.0,0.0
2024-09-05 11:53:00+09:00,2150.0,2150.0,2145.0,2145.0,621,0.0,0.0
2024-09-05 11:57:00+09:00,2145.0,2150.0,2145.0,2150.0,504,0.0,0.0
2024-09-05 11:59:00+09:00,2145.0,2145.0,2145.0,2145.0,779,0.0,0.0
2024-09-05 12:00:00+09:00,2150.0,2150.0,2150.0,2150.0,0,0.0,0.0
2024-09-05 12:03:00+09:00,2150.0,2150.0,2150.0,2150.0,10,0.0,0.0
2024-09-05 12:04:00+09:00,2150.0,2150.0,2150.0,2150.0,1469,0.0,0.0
2024-09-05 12:05:00+09:00,2150.0,2150.0,2150.0,2150.0,0,0.0,0.0
2024-09-05 12:06:00+09:00,2150.0,2150.0,2150.0,2150.0,216,0.0,0.0
2024-09-05 12:07:00+09:00,2150.0,2150.0,2150.0,2150.0,230,0.0,0.0
2024-09-05 12:08:00+09:00,2150.0,2150.0,2150.0,2150.0,1230,0.0,0.0
2024-09-05 12:09:00+09:00,2150.0,2155.0,2150.0,2150.0,205,0.0,0.0
2024-09-05 12:10:00+09:00,2150.0,2150.0,2145.0,2145.0,1145,0.0,0.0
2024-09-05 12:11:00+09:00,2145.0,2145.0,2145.0,2145.0,0,0.0,0.0
2024-09-05 12:14:00+09:00,2150.0,2150.0,2150.0,2150.0,47,0.0,0.0
2024-09-05 12:22:00+09:00,2150.0,2150.0,2150.0,2150.0,4,0.0,0.0
2024-09-05 12:23:00+09:00,2145.0,2150.0,2145.0,2150.0,1251,0.0,0.0
2024-09-05 12:24:00+09:00,2150.0,2150.0,2150.0,2150.0,927,0.0,0.0
2024-09-05 12:26:00+09:00,2150.0,2155.0,2150.0,2155.0,0,0.0,0.0
2024-09-05 12:27:00+09:00,2145.0,2150.0,2145.0,2150.0,1460,0.0,0.0
2024-09-05 12:28:00+09:00,2150.0,2150.0,2145.0,2145.0,6756,0.0,0.0
2024-09-05 12:29:00+09:00,2145.0,2145.0,2145.0,2145.0,1244,0.0,0.0
2024-09-05 12:30:00+09:00,2145.0,2145.0,2145.0,2145.0,1195,0.0,0.0
2024-09-05 12:32:00+09:00,2145.0,2155.0,2145.0,2155.0,9424,0.0,0.0
2024-09-05 12:34:00+09:00,2155.0,2155.0,2155.0,2155.0,3891,0.0,0.0
2024-09-05 12:36:00+09:00,2155.0,2155.0,2155.0,2155.0,0,0.0,0.0
2024-09-05 12:37:00+09:00,2155.0,2155.0,2155.0,2155.0,3,0.0,0.0
2024-09-05 12:38:00+09:00,2155.0,2155.0,2155.0,2155.0,1125,0.0,0.0
2024-09-05 12:40:00+09:00,2150.0,2150.0,2150.0,2150.0,751,0.0,0.0
2024-09-05 12:41:00+09:00,2160.0,2160.0,2160.0,2160.0,0,0.0,0.0
2024-09-05 12:43:00+09:00,2155.0,2160.0,2155.0,2160.0,770,0.0,0.0
2024-09-05 12:44:00+09:00,2150.0,2150.0,2150.0,2150.0,0,0.0,0.0
2024-09-05 12:47:00+09:00,2160.0,2160.0,2160.0,2160.0,44,0.0,0.0
2024-09-05 12:52:00+09:00,2150.0,2150.0,2150.0,2150.0,278,0.0,0.0
2024-09-05 12:54:00+09:00,2150.0,2150.0,2150.0,2150.0,4317,0.0,0.0
2024-09-05 12:56:00+09:00,2150.0,2150.0,2145.0,2145.0,497,0.0,0.0
2024-09-05 12:57:00+09:00,2150.0,2150.0,2150.0,2150.0,0,0.0,0.0
2024-09-05 13:03:00+09:00,2160.0,2160.0,2160.0,2160.0,3100,0.0,0.0
2024-09-05 13:05:00+09:00,2150.0,2150.0,2150.0,2150.0,0,0.0,0.0
2024-09-05 13:06:00+09:00,2150.0,2150.0,2150.0,2150.0,1341,0.0,0.0
2024-09-05 13:09:00+09:00,2150.0,2150.0,2150.0,2150.0,0,0.0,0.0
2024-09-05 13:10:00+09:00,2145.0,2145.0,2145.0,2145.0,0,0.0,0.0
2024-09-05 13:11:00+09:00,2150.0,2150.0,2150.0,2150.0,21,0.0,0.0
2024-09-05 13:12:00+09:00,2145.0,2145.0,2145.0,2145.0,99,0.0,0.0
2024-09-05 13:16:00+09:00,2145.0,2150.0,2145.0,2150.0,77,0.0,0.0
2024-09-05 13:17:00+09:00,2145.0,2145.0,2145.0,2145.0,400,0.0,0.0
2024-09-05 13:19:00+09:00,2150.0,2150.0,2150.0,2150.0,4786,0.0,0.0
2024-09-05 13:21:00+09:00,2160.0,2160.0,2160.0,2160.0,0,0.0,0.0
2024-09-05 13:28:00+09:00,2150.0,2150.0,2145.0,2145.0,665,0.0,0.0
2024-09-05 13:30:00+09:00,2145.0,2145.0,2145.0,2145.0,0,0.0,0.0
2024-09-05 13:33:00+09:00,2160.0,2160.0,2160.0,2160.0,1,0.0,0.0
2024-09-05 13:37:00+09:00,2155.0,2155.0,2155.0,2155.0,2,0.0,0.0
2024-09-05 13:41:00+09:00,2155.0,2155.0,2155.0,2155.0,329,0.0,0.0
2024-09-05 13:42:00+09:00,2155.0,2155.0,2155.0,2155.0,0,0.0,0.0
2024-09-05 13:43:00+09:00,2150.0,2150.0,2150.0,2150.0,847,0.0,0.0
2024-09-05 13:45:00+09:00,2150.0,2150.0,2150.0,2150.0,0,0.0,0.0
2024-09-05 13:47:00+09:00,2145.0,2145.0,2145.0,2145.0,2524,0.0,0.0
2024-09-05 13:51:00+09:00,2155.0,2155.0,2155.0,2155.0,0,0.0,0.0
2024-09-05 13:52:00+09:00,2155.0,2405.0,2155.0,2405.0,280145,0.0,0.0
2024-09-05 13:55:00+09:00,2455.0,2490.0,2410.0,2440.0,451065,0.0,0.0
2024-09-05 13:56:00+09:00,2440.0,2580.0,2420.0,2540.0,448828,0.0,0.0
2024-09-05 13:57:00+09:00,2540.0,2545.0,2455.0,2490.0,253526,0.0,0.0
2024-09-05 13:58:00+09:00,2490.0,2490.0,2405.0,2435.0,145945,0.0,0.0
2024-09-05 13:59:00+09:00,2435.0,2510.0,2435.0,2490.0,123423,0.0,0.0
2024-09-05 14:00:00+09:00,2510.0,2515.0,2455.0,2465.0,276410,0.0,0.0
2024-09-05 14:01:00+09:00,2465.0,2470.0,2385.0,2410.0,92032,0.0,0.0
2024-09-05 14:02:00+09:00,2400.0,2400.0,2300.0,2305.0,164858,0.0,0.0
2024-09-05 14:03:00+09:00,2315.0,2315.0,2210.0,2210.0,201878,0.0,0.0
2024-09-05 14:05:00+09:00,2210.0,2230.0,2200.0,2200.0,79921,0.0,0.0
2024-09-05 14:06:00+09:00,2200.0,2220.0,2170.0,2170.0,82987,0.0,0.0
2024-09-05 14:07:00+09:00,2180.0,2200.0,2170.0,2180.0,57471,0.0,0.0
2024-09-05 14:08:00+09:00,2170.0,2185.0,2140.0,2150.0,96623,0.0,0.0
2024-09-05 14:09:00+09:00,2150.0,2160.0,2135.0,2135.0,34400,0.0,0.0
2024-09-05 14:10:00+09:00,2135.0,2140.0,2105.0,2125.0,89169,0.0,0.0
2024-09-05 14:11:00+09:00,2125.0,2145.0,2125.0,2140.0,15686,0.0,0.0
2024-09-05 14:12:00+09:00,2145.0,2150.0,2135.0,2140.0,10167,0.0,0.0
2024-09-05 14:13:00+09:00,2145.0,2145.0,2115.0,2125.0,44667,0.0,0.0
2024-09-05 14:14:00+09:00,2120.0,2130.0,2115.0,2120.0,12984,0.0,0.0
2024-09-05 14:15:00+09:00,2115.0,2135.0,2115.0,2135.0,9912,0.0,0.0
2024-09-05 14:16:00+09:00,2135.0,2145.0,2130.0,2145.0,2572,0.0,0.0
2024-09-05 14:17:00+09:00,2145.0,2155.0,2145.0,2150.0,9114,0.0,0.0
2024-09-05 14:18:00+09:00,2150.0,2150.0,2135.0,2145.0,4546,0.0,0.0
2024-09-05 14:19:00+09:00,2135.0,2145.0,2135.0,2145.0,1834,0.0,0.0
2024-09-05 14:20:00+09:00,2145.0,2155.0,2140.0,2150.0,3724,0.0,0.0
2024-09-05 14:21:00+09:00,2155.0,2160.0,2150.0,2155.0,5632,0.0,0.0
2024-09-05 14:22:00+09:00,2155.0,2155.0,2140.0,2150.0,5059,0.0,0.0
2024-09-05 14:23:00+09:00,2150.0,2160.0,2140.0,2160.0,11449,0.0,0.0
2024-09-05 14:24:00+09:00,2160.0,2180.0,2155.0,2175.0,24422,0.0,0.0
2024-09-05 14:25:00+09:00,2170.0,2175.0,2155.0,2165.0,4674,0.0,0.0
2024-09-05 14:26:00+09:00,2165.0,2170.0,2150.0,2165.0,4992,0.0,0.0
2024-09-05 14:27:00+09:00,2160.0,2170.0,2150.0,2165.0,11629,0.0,0.0
2024-09-05 14:28:00+09:00,2170.0,2170.0,2160.0,2170.0,3774,0.0,0.0
2024-09-05 14:29:00+09:00,2160.0,2160.0,2145.0,2145.0,10756,0.0,0.0
2024-09-05 14:30:00+09:00,2145.0,2155.0,2145.0,2150.0,3098,0.0,0.0
2024-09-05 14:31:00+09:00,2150.0,2155.0,2150.0,2155.0,2335,0.0,0.0
2024-09-05 14:32:00+09:00,2150.0,2165.0,2150.0,2165.0,72,0.0,0.0
2024-09-05 14:33:00+09:00,2160.0,2165.0,2160.0,2165.0,3334,0.0,0.0
2024-09-05 14:34:00+09:00,2165.0,2165.0,2160.0,2160.0,1215,0.0,0.0
2024-09-05 14:35:00+09:00,2155.0,2165.0,2155.0,2165.0,6617,0.0,0.0
2024-09-05 14:36:00+09:00,2160.0,2165.0,2150.0,2150.0,5856,0.0,0.0
2024-09-05 14:37:00+09:00,2150.0,2160.0,2145.0,2155.0,10051,0.0,0.0
2024-09-05 14:38:00+09:00,2150.0,2155.0,2140.0,2155.0,14376,0.0,0.0
2024-09-05 14:39:00+09:00,2155.0,2155.0,2145.0,2155.0,651,0.0,0.0
2024-09-05 14:40:00+09:00,2150.0,2155.0,2145.0,2155.0,3553,0.0,0.0
2024-09-05 14:41:00+09:00,2155.0,2155.0,2155.0,2155.0,192,0.0,0.0
2024-09-05 14:42:00+09:00,2150.0,2160.0,2140.0,2155.0,6072,0.0,0.0
2024-09-05 14:43:00+09:00,2160.0,2165.0,2150.0,2160.0,3692,0.0,0.0
2024-09-05 14:44:00+09:00,2160.0,2170.0,2160.0,2170.0,3209,0.0,0.0
2024-09-05 14:45:00+09:00,2165.0,2170.0,2165.0,2170.0,1053,0.0,0.0
2024-09-05 14:47:00+09:00,2165.0,2165.0,2160.0,2160.0,733,0.0,0.0
2024-09-05 14:48:00+09:00,2160.0,2160.0,2155.0,2160.0,1248,0.0,0.0
2024-09-05 14:49:00+09:00,2155.0,2160.0,2145.0,2145.0,6562,0.0,0.0
2024-09-05 14:50:00+09:00,2160.0,2160.0,2140.0,2140.0,5228,0.0,0.0
2024-09-05 14:51:00+09:00,2155.0,2155.0,2145.0,2145.0,2591,0.0,0.0
2024-09-05 14:52:00+09:00,2155.0,2155.0,2140.0,2140.0,0,0.0,0.0
2024-09-05 14:53:00+09:00,2155.0,2155.0,2140.0,2140.0,10493,0.0,0.0
2024-09-05 14:54:00+09:00,2145.0,2155.0,2135.0,2145.0,9510,0.0,0.0
2024-09-05 14:55:00+09:00,2155.0,2155.0,2140.0,2140.0,438,0.0,0.0
2024-09-05 14:56:00+09:00,2150.0,2155.0,2150.0,2155.0,897,0.0,0.0
2024-09-05 14:58:00+09:00,2140.0,2160.0,2140.0,2155.0,5066,0.0,0.0
2024-09-05 14:59:00+09:00,2155.0,2160.0,2155.0,2155.0,6768,0.0,0.0
2024-09-06 09:00:00+09:00,2100.0,2150.0,2100.0,2120.0,16601,0.0,0.0
2024-09-06 09:01:00+09:00,2135.0,2165.0,2135.0,2165.0,10593,0.0,0.0
2024-09-06 09:02:00+09:00,2145.0,2165.0,2140.0,2165.0,1942,0.0,0.0
2024-09-06 09:03:00+09:00,2150.0,2170.0,2145.0,2165.0,3728,0.0,0.0
2024-09-06 09:04:00+09:00,2160.0,2160.0,2155.0,2160.0,1712,0.0,0.0
2024-09-06 09:05:00+09:00,2160.0,2170.0,2155.0,2165.0,4608,0.0,0.0
2024-09-06 09:06:00+09:00,2165.0,2185.0,2165.0,2180.0,14937,0.0,0.0
2024-09-06 09:07:00+09:00,2180.0,2195.0,2180.0,2185.0,11875,0.0,0.0
2024-09-06 09:08:00+09:00,2180.0,2190.0,2170.0,2190.0,4611,0.0,0.0
2024-09-06 09:09:00+09:00,2185.0,2200.0,2185.0,2200.0,9759,0.0,0.0
2024-09-06 09:10:00+09:00,2200.0,2215.0,2200.0,2205.0,9929,0.0,0.0
2024-09-06 09:11:00+09:00,2205.0,2205.0,2180.0,2180.0,5606,0.0,0.0
2024-09-06 09:12:00+09:00,2180.0,2180.0,2165.0,2170.0,3405,0.0,0.0
2024-09-06 09:13:00+09:00,2180.0,2180.0,2180.0,2180.0,0,0.0,0.0
2024-09-06 09:14:00+09:00,2175.0,2175.0,2175.0,2175.0,1188,0.0,0.0
2024-09-06 09:15:00+09:00,2180.0,2180.0,2180.0,2180.0,0,0.0,0.0
2024-09-06 09:16:00+09:00,2180.0,2180.0,2155.0,2155.0,1874,0.0,0.0
2024-09-06 09:17:00+09:00,2155.0,2175.0,2145.0,2175.0,5336,0.0,0.0
2024-09-06 09:18:00+09:00,2170.0,2170.0,2170.0,2170.0,329,0.0,0.0
2024-09-06 09:19:00+09:00,2150.0,2150.0,2150.0,2150.0,139,0.0,0.0
2024-09-06 09:20:00+09:00,2150.0,2170.0,2145.0,2150.0,552,0.0,0.0
2024-09-06 09:21:00+09:00,2145.0,2165.0,2145.0,2165.0,1710,0.0,0.0
2024-09-06 09:22:00+09:00,2165.0,2165.0,2145.0,2150.0,1165,0.0,0.0
2024-09-06 09:23:00+09:00,2150.0,2160.0,2145.0,2145.0,231,0.0,0.0
2024-09-06 09:24:00+09:00,2160.0,2160.0,2160.0,2160.0,0,0.0,0.0
2024-09-06 09:25:00+09:00,2160.0,2160.0,2155.0,2155.0,154,0.0,0.0
2024-09-06 09:26:00+09:00,2145.0,2145.0,2140.0,2140.0,8660,0.0,0.0
2024-09-06 09:27:00+09:00,2140.0,2140.0,2125.0,2135.0,13021,0.0,0.0
2024-09-06 09:28:00+09:00,2135.0,2135.0,2130.0,2135.0,0,0.0,0.0
2024-09-06 09:29:00+09:00,2135.0,2135.0,2130.0,2135.0,1604,0.0,0.0
2024-09-06 09:30:00+09:00,2140.0,2140.0,2130.0,2130.0,158,0.0,0.0
2024-09-06 09:31:00+09:00,2130.0,2130.0,2130.0,2130.0,287,0.0,0.0
2024-09-06 09:32:00+09:00,2130.0,2145.0,2130.0,2135.0,1815,0.0,0.0
2024-09-06 09:33:00+09:00,2135.0,2145.0,2130.0,2135.0,489,0.0,0.0
2024-09-06 09:34:00+09:00,2135.0,2135.0,2135.0,2135.0,905,0.0,0.0
2024-09-06 09:35:00+09:00,2135.0,2135.0,2135.0,2135.0,150,0.0,0.0
2024-09-06 09:36:00+09:00,2135.0,2135.0,2135.0,2135.0,68,0.0,0.0
2024-09-06 09:37:00+09:00,2130.0,2130.0,2130.0,2130.0,6588,0.0,0.0
2024-09-06 09:38:00+09:00,2130.0,2130.0,2130.0,2130.0,0,0.0,0.0
2024-09-06 09:39:00+09:00,2130.0,2145.0,2130.0,2145.0,406,0.0,0.0
2024-09-06 09:40:00+09:00,2145.0,2145.0,2135.0,2135.0,112,0.0,0.0
2024-09-06 09:41:00+09:00,2135.0,2135.0,2135.0,2135.0,1199,0.0,0.0
2024-09-06 09:45:00+09:00,2135.0,2135.0,2135.0,2135.0,0,0.0,0.0
2024-09-06 09:46:00+09:00,2135.0,2145.0,2135.0,2145.0,721,0.0,0.0
2024-09-06 09:47:00+09:00,2145.0,2145.0,2145.0,2145.0,0,0.0,0.0
2024-09-06 09:48:00+09:00,2145.0,2150.0,2145.0,2150.0,190,0.0,0.0
2024-09-06 09:49:00+09:00,2140.0,2140.0,2140.0,2140.0,1062,0.0,0.0
2024-09-06 09:50:00+09:00,2135.0,2135.0,2130.0,2130.0,2888,0.0,0.0
2024-09-06 09:51:00+09:00,2130.0,2130.0,2130.0,2130.0,511,0.0,0.0
2024-09-06 09:52:00+09:00,2140.0,2145.0,2140.0,2145.0,0,0.0,0.0
2024-09-06 09:53:00+09:00,2145.0,2150.0,2145.0,2150.0,1193,0.0,0.0
2024-09-06 09:54:00+09:00,2150.0,2150.0,2150.0,2150.0,0,0.0,0.0
2024-09-06 09:55:00+09:00,2150.0,2150.0,2145.0,2145.0,48,0.0,0.0
2024-09-06 09:56:00+09:00,2145.0,2145.0,2145.0,2145.0,11,0.0,0.0
2024-09-06 09:58:00+09:00,2145.0,2145.0,2145.0,2145.0,1628,0.0,0.0
2024-09-06 09:59:00+09:00,2145.0,2150.0,2145.0,2150.0,4192,0.0,0.0
2024-09-06 10:00:00+09:00,2150.0,2150.0,2140.0,2140.0,599,0.0,0.0
2024-09-06 10:01:00+09:00,2140.0,2150.0,2140.0,2145.0,19,0.0,0.0
2024-09-06 10:02:00+09:00,2145.0,2145.0,2145.0,2145.0,361,0.0,0.0
2024-09-06 10:03:00+09:00,2140.0,2140.0,2135.0,2140.0,705,0.0,0.0
2024-09-06 10:04:00+09:00,2140.0,2140.0,2140.0,2140.0,61,0.0,0.0
2024-09-06 10:05:00+09:00,2135.0,2140.0,2130.0,2130.0,3004,0.0,0.0
2024-09-06 10:06:00+09:00,2130.0,2140.0,2130.0,2140.0,0,0.0,0.0
2024-09-06 10:07:00+09:00,2140.0,2140.0,2130.0,2130.0,2180,0.0,0.0
2024-09-06 10:08:00+09:00,2130.0,2130.0,2130.0,2130.0,0,0.0,0.0
2024-09-06 10:09:00+09:00,2130.0,2130.0,2130.0,2130.0,27,0.0,0.0
2024-09-06 10:10:00+09:00,2130.0,2130.0,2130.0,2130.0,10,0.0,0.0
2024-09-06 10:11:00+09:00,2130.0,2150.0,2130.0,2150.0,1971,0.0,0.0
2024-09-06 10:12:00+09:00,2150.0,2150.0,2150.0,2150.0,2,0.0,0.0
2024-09-06 10:13:00+09:00,2150.0,2150.0,2150.0,2150.0,11847,0.0,0.0
2024-09-06 10:15:00+09:00,2150.0,2150.0,2150.0,2150.0,4746,0.0,0.0
2024-09-06 10:16:00+09:00,2150.0,2150.0,2145.0,2145.0,0,0.0,0.0
2024-09-06 10:17:00+09:00,2150.0,2150.0,2145.0,2145.0,52,0.0,0.0
2024-09-06 10:18:00+09:00,2145.0,2145.0,2145.0,2145.0,40,0.0,0.0
2024-09-06 10:19:00+09:00,2145.0,2145.0,2145.0,2145.0,816,0.0,0.0
2024-09-06 10:20:00+09:00,2145.0,2145.0,2145.0,2145.0,0,0.0,0.0
2024-09-06 10:21:00+09:00,2140.0,2145.0,2140.0,2145.0,1851,0.0,0.0
2024-09-06 10:23:00+09:00,2145.0,2155.0,2145.0,2145.0,1638,0.0,0.0
2024-09-06 10:24:00+09:00,2155.0,2155.0,2140.0,2155.0,369,0.0,0.0
2024-09-06 10:25:00+09:00,2140.0,2155.0,2140.0,2155.0,354,0.0,0.0
2024-09-06 10:26:00+09:00,2155.0,2160.0,2155.0,2160.0,3201,0.0,0.0
2024-09-06 10:27:00+09:00,2160.0,2170.0,2160.0,2160.0,3002,0.0,0.0
2024-09-06 10:28:00+09:00,2160.0,2170.0,2160.0,2170.0,0,0.0,0.0
2024-09-06 10:29:00+09:00,2170.0,2170.0,2165.0,2170.0,6675,0.0,0.0
2024-09-06 10:30:00+09:00,2170.0,2175.0,2170.0,2175.0,0,0.0,0.0
2024-09-06 10:31:00+09:00,2175.0,2200.0,2170.0,2200.0,11223,0.0,0.0
2024-09-06 10:32:00+09:00,2200.0,2200.0,2180.0,2185.0,15105,0.0,0.0
2024-09-06 10:33:00+09:00,2190.0,2190.0,2180.0,2180.0,3772,0.0,0.0
2024-09-06 10:34:00+09:00,2175.0,2200.0,2175.0,2200.0,3121,0.0,0.0
2024-09-06 10:35:00+09:00,2195.0,2200.0,2185.0,2190.0,6532,0.0,0.0
2024-09-06 10:36:00+09:00,2195.0,2205.0,2185.0,2205.0,9857,0.0,0.0
2024-09-06 10:37:00+09:00,2205.0,2210.0,2195.0,2210.0,1608,0.0,0.0
2024-09-06 10:38:00+09:00,2210.0,2235.0,2205.0,2215.0,32839,0.0,0.0
2024-09-06 10:39:00+09:00,2215.0,2225.0,2200.0,2210.0,16612,0.0,0.0
2024-09-06 10:40:00+09:00,2205.0,2210.0,2195.0,2200.0,7523,0.0,0.0
2024-09-06 10:41:00+09:00,2210.0,2210.0,2190.0,2195.0,4823,0.0,0.0
2024-09-06 10:42:00+09:00,2195.0,2210.0,2175.0,2200.0,4340,0.0,0.0
2024-09-06 10:43:00+09:00,2200.0,2225.0,2200.0,2225.0,9059,0.0,0.0
2024-09-06 10:44:00+09:00,2225.0,2225.0,2210.0,2210.0,2244,0.0,0.0
2024-09-06 10:45:00+09:00,2210.0,2210.0,2200.0,2210.0,1001,0.0,0.0
2024-09-06 10:46:00+09:00,2205.0,2205.0,2200.0,2200.0,597,0.0,0.0
2024-09-06 10:47:00+09:00,2200.0,2200.0,2195.0,2200.0,2399,0.0,0.0
2024-09-06 10:48:00+09:00,2195.0,2205.0,2195.0,2205.0,5878,0.0,0.0
2024-09-06 10:49:00+09:00,2205.0,2210.0,2205.0,2210.0,1864,0.0,0.0
2024-09-06 10:50:00+09:00,2205.0,2220.0,2205.0,2220.0,5412,0.0,0.0
2024-09-06 10:51:00+09:00,2215.0,2220.0,2210.0,2215.0,1902,0.0,0.0
2024-09-06 10:52:00+09:00,2215.0,2215.0,2200.0,2200.0,3879,0.0,0.0
2024-09-06 10:53:00+09:00,2200.0,2210.0,2200.0,2210.0,1421,0.0,0.0
2024-09-06 10:54:00+09:00,2210.0,2215.0,2210.0,2215.0,8081,0.0,0.0
2024-09-06 10:55:00+09:00,2210.0,2215.0,2205.0,2215.0,7374,0.0,0.0
2024-09-06 10:56:00+09:00,2210.0,2215.0,2210.0,2210.0,311,0.0,0.0
2024-09-06 10:57:00+09:00,2210.0,2210.0,2205.0,2210.0,6330,0.0,0.0
2024-09-06 10:58:00+09:00,2210.0,2305.0,2210.0,2305.0,89049,0.0,0.0
2024-09-06 11:01:00+09:00,2280.0,2305.0,2250.0,2270.0,164238,0.0,0.0
2024-09-06 11:02:00+09:00,2280.0,2295.0,2235.0,2240.0,49195,0.0,0.0
2024-09-06 11:03:00+09:00,2240.0,2280.0,2235.0,2250.0,30896,0.0,0.0
2024-09-06 11:04:00+09:00,2245.0,2265.0,2230.0,2240.0,35543,0.0,0.0
2024-09-06 11:05:00+09:00,2245.0,2245.0,2215.0,2235.0,18738,0.0,0.0
2024-09-06 11:06:00+09:00,2230.0,2235.0,2200.0,2210.0,28735,0.0,0.0
2024-09-06 11:07:00+09:00,2210.0,2215.0,2185.0,2205.0,18977,0.0,0.0
2024-09-06 11:08:00+09:00,2205.0,2220.0,2185.0,2205.0,6331,0.0,0.0
2024-09-06 11:09:00+09:00,2205.0,2210.0,2200.0,2205.0,7336,0.0,0.0
2024-09-06 11:10:00+09:00,2210.0,2210.0,2200.0,2200.0,2966,0.0,0.0
2024-09-06 11:11:00+09:00,2200.0,2280.0,2195.0,2270.0,42790,0.0,0.0
2024-09-06 11:12:00+09:00,2270.0,2360.0,2265.0,2350.0,307469,0.0,0.0
2024-09-06 11:13:00+09:00,2345.0,2395.0,2295.0,2330.0,226885,0.0,0.0
2024-09-06 11:14:00+09:00,2335.0,2340.0,2310.0,2340.0,60556,0.0,0.0
2024-09-06 11:15:00+09:00,2340.0,2340.0,2310.0,2335.0,43886,0.0,0.0
2024-09-06 11:16:00+09:00,2335.0,2335.0,2305.0,2305.0,22382,0.0,0.0
2024-09-06 11:17:00+09:00,2310.0,2310.0,2280.0,2295.0,28411,0.0,0.0
2024-09-06 11:18:00+09:00,2295.0,2295.0,2270.0,2295.0,34196,0.0,0.0
2024-09-06 11:19:00+09:00,2280.0,2300.0,2275.0,2285.0,6453,0.0,0.0
2024-09-06 11:20:00+09:00,2285.0,2300.0,2275.0,2300.0,8128,0.0,0.0
2024-09-06 11:21:00+09:00,2290.0,2300.0,2270.0,2280.0,11001,0.0,0.0
2024-09-06 11:22:00+09:00,2285.0,2285.0,2260.0,2260.0,20084,0.0,0.0
2024-09-06 11:23:00+09:00,2265.0,2270.0,2250.0,2260.0,25633,0.0,0.0
2024-09-06 11:24:00+09:00,2260.0,2265.0,2255.0,2260.0,5811,0.0,0.0
2024-09-06 11:25:00+09:00,2260.0,2265.0,2255.0,2260.0,6496,0.0,0.0
2024-09-06 11:26:00+09:00,2260.0,2270.0,2255.0,2270.0,3736,0.0,0.0
2024-09-06 11:27:00+09:00,2270.0,2345.0,2265.0,2300.0,79623,0.0,0.0
2024-09-06 11:28:00+09:00,2320.0,2330.0,2305.0,2310.0,12541,0.0,0.0
2024-09-06 11:29:00+09:00,2310.0,2320.0,2305.0,2305.0,12226,0.0,0.0
2024-09-06 11:30:00+09:00,2305.0,2315.0,2275.0,2305.0,14048,0.0,0.0
2024-09-06 11:31:00+09:00,2285.0,2295.0,2280.0,2280.0,6319,0.0,0.0
2024-09-06 11:32:00+09:00,2295.0,2300.0,2275.0,2285.0,3198,0.0,0.0
2024-09-06 11:33:00+09:00,2300.0,2300.0,2290.0,2300.0,1669,0.0,0.0
2024-09-06 11:34:00+09:00,2290.0,2295.0,2280.0,2280.0,2344,0.0,0.0
2024-09-06 11:35:00+09:00,2280.0,2285.0,2270.0,2270.0,7910,0.0,0.0
2024-09-06 11:36:00+09:00,2275.0,2290.0,2270.0,2280.0,2040,0.0,0.0
2024-09-06 11:37:00+09:00,2280.0,2290.0,2270.0,2290.0,4951,0.0,0.0
2024-09-06 11:38:00+09:00,2280.0,2290.0,2270.0,2275.0,5586,0.0,0.0
2024-09-06 11:39:00+09:00,2275.0,2290.0,2270.0,2270.0,6097,0.0,0.0
2024-09-06 11:40:00+09:00,2275.0,2275.0,2260.0,2270.0,7030,0.0,0.0
2024-09-06 11:41:00+09:00,2265.0,2275.0,2265.0,2270.0,4789,0.0,0.0
2024-09-06 11:42:00+09:00,2285.0,2285.0,2275.0,2275.0,4687,0.0,0.0
2024-09-06 11:43:00+09:00,2270.0,2280.0,2270.0,2280.0,1055,0.0,0.0
2024-09-06 11:44:00+09:00,2280.0,2285.0,2275.0,2285.0,3752,0.0,0.0
2024-09-06 11:45:00+09:00,2285.0,2300.0,2285.0,2300.0,8130,0.0,0.0
2024-09-06 11:46:00+09:00,2300.0,2305.0,2280.0,2300.0,7362,0.0,0.0
2024-09-06 11:47:00+09:00,2285.0,2290.0,2270.0,2270.0,9918,0.0,0.0
2024-09-06 11:48:00+09:00,2270.0,2270.0,2260.0,2260.0,10272,0.0,0.0
2024-09-06 11:49:00+09:00,2260.0,2260.0,2240.0,2245.0,32623,0.0,0.0
2024-09-06 11:50:00+09:00,2245.0,2250.0,2240.0,2240.0,8094,0.0,0.0
2024-09-06 11:51:00+09:00,2240.0,2250.0,2240.0,2245.0,1847,0.0,0.0
2024-09-06 11:52:00+09:00,2245.0,2250.0,2240.0,2250.0,2602,0.0,0.0
2024-09-06 11:53:00+09:00,2250.0,2265.0,2245.0,2265.0,2469,0.0,0.0
2024-09-06 11:54:00+09:00,2265.0,2265.0,2245.0,2245.0,2,0.0,0.0
2024-09-06 11:55:00+09:00,2245.0,2255.0,2240.0,2240.0,7477,0.0,0.0
2024-09-06 11:56:00+09:00,2245.0,2255.0,2235.0,2250.0,4720,0.0,0.0
2024-09-06 11:57:00+09:00,2245.0,2250.0,2230.0,2250.0,10135,0.0,0.0
2024-09-06 11:58:00+09:00,2250.0,2250.0,2225.0,2230.0,3310,0.0,0.0
2024-09-06 11:59:00+09:00,2225.0,2230.0,2180.0,2200.0,48359,0.0,0.0
2024-09-06 12:00:00+09:00,2205.0,2220.0,2205.0,2220.0,3412,0.0,0.0
2024-09-06 12:01:00+09:00,2220.0,2225.0,2210.0,2220.0,6407,0.0,0.0
2024-09-06 12:02:00+09:00,2220.0,2220.0,2210.0,2220.0,265,0.0,0.0
2024-09-06 12:03:00+09:00,2220.0,2220.0,2210.0,2215.0,1983,0.0,0.0
2024-09-06 12:04:00+09:00,2220.0,2230.0,2220.0,2230.0,2949,0.0,0.0
2024-09-06 12:05:00+09:00,2230.0,2230.0,2225.0,2230.0,2800,0.0,0.0
2024-09-06 12:06:00+09:00,2230.0,2230.0,2220.0,2230.0,2866,0.0,0.0
2024-09-06 12:07:00+09:00,2225.0,2230.0,2220.0,2230.0,341,0.0,0.0
2024-09-06 12:08:00+09:00,2220.0,2225.0,2210.0,2220.0,1273,0.0,0.0
2024-09-06 12:09:00+09:00,2220.0,2230.0,2210.0,2210.0,1553,0.0,0.0
2024-09-06 12:10:00+09:00,2220.0,2235.0,2210.0,2215.0,953,0.0,0.0
2024-09-06 12:11:00+09:00,2230.0,2250.0,2215.0,2240.0,5866,0.0,0.0
2024-09-06 12:12:00+09:00,2235.0,2235.0,2235.0,2235.0,10,0.0,0.0
2024-09-06 12:13:00+09:00,2230.0,2230.0,2220.0,2220.0,1148,0.0,0.0
2024-09-06 12:14:00+09:00,2225.0,2235.0,2215.0,2215.0,907,0.0,0.0
2024-09-06 12:15:00+09:00,2215.0,2220.0,2200.0,2215.0,6804,0.0,0.0
2024-09-06 12:16:00+09:00,2215.0,2220.0,2210.0,2220.0,1362,0.0,0.0
2024-09-06 12:17:00+09:00,2220.0,2220.0,2215.0,2215.0,95,0.0,0.0
2024-09-06 12:18:00+09:00,2210.0,2210.0,2205.0,2205.0,3258,0.0,0.0
2024-09-06 12:19:00+09:00,2205.0,2210.0,2200.0,2210.0,9708,0.0,0.0
2024-09-06 12:20:00+09:00,2200.0,2215.0,2200.0,2205.0,619,0.0,0.0
2024-09-06 12:21:00+09:00,2205.0,2215.0,2200.0,2200.0,2894,0.0,0.0
2024-09-06 12:22:00+09:00,2210.0,2210.0,2195.0,2200.0,12839,0.0,0.0
2024-09-06 12:23:00+09:00,2195.0,2210.0,2195.0,2210.0,3160,0.0,0.0
2024-09-06 12:24:00+09:00,2200.0,2205.0,2195.0,2200.0,893,0.0,0.0
2024-09-06 12:25:00+09:00,2200.0,2210.0,2200.0,2205.0,2751,0.0,0.0
2024-09-06 12:26:00+09:00,2210.0,2210.0,2200.0,2210.0,0,0.0,0.0
2024-09-06 12:27:00+09:00,2200.0,2210.0,2195.0,2195.0,886,0.0,0.0
2024-09-06 12:28:00+09:00,2195.0,2200.0,2190.0,2195.0,4536,0.0,0.0
2024-09-06 12:29:00+09:00,2195.0,2195.0,2190.0,2195.0,1808,0.0,0.0
2024-09-06 12:30:00+09:00,2195.0,2195.0,2190.0,2195.0,1129,0.0,0.0
2024-09-06 12:31:00+09:00,2195.0,2195.0,2190.0,2190.0,904,0.0,0.0
2024-09-06 12:32:00+09:00,2190.0,2200.0,2185.0,2200.0,6969,0.0,0.0
2024-09-06 12:33:00+09:00,2195.0,2195.0,2180.0,2180.0,1704,0.0,0.0
2024-09-06 12:34:00+09:00,2180.0,2195.0,2180.0,2185.0,1070,0.0,0.0
2024-09-06 12:35:00+09:00,2185.0,2185.0,2180.0,2180.0,1937,0.0,0.0
2024-09-06 12:36:00+09:00,2180.0,2180.0,2175.0,2175.0,1970,0.0,0.0
2024-09-06 12:37:00+09:00,2175.0,2190.0,2165.0,2190.0,10841,0.0,0.0
2024-09-06 12:38:00+09:00,2190.0,2190.0,2190.0,2190.0,0,0.0,0.0
2024-09-06 12:39:00+09:00,2185.0,2185.0,2175.0,2175.0,1514,0.0,0.0
2024-09-06 12:40:00+09:00,2175.0,2175.0,2175.0,2175.0,394,0.0,0.0
2024-09-06 12:41:00+09:00,2175.0,2180.0,2170.0,2180.0,7507,0.0,0.0
2024-09-06 12:42:00+09:00,2180.0,2180.0,2175.0,2175.0,0,0.0,0.0
2024-09-06 12:43:00+09:00,2185.0,2190.0,2185.0,2185.0,398,0.0,0.0
2024-09-06 12:44:00+09:00,2195.0,2195.0,2185.0,2195.0,509,0.0,0.0
2024-09-06 12:45:00+09:00,2195.0,2200.0,2195.0,2200.0,2409,0.0,0.0
2024-09-06 12:46:00+09:00,2200.0,2205.0,2200.0,2205.0,212,0.0,0.0
2024-09-06 12:47:00+09:00,2195.0,2195.0,2195.0,2195.0,21,0.0,0.0
2024-09-06 12:48:00+09:00,2195.0,2200.0,2190.0,2190.0,4924,0.0,0.0
2024-09-06 12:49:00+09:00,2200.0,2200.0,2190.0,2190.0,0,0.0,0.0
2024-09-06 12:50:00+09:00,2190.0,2200.0,2190.0,2200.0,645,0.0,0.0
2024-09-06 12:51:00+09:00,2190.0,2190.0,2185.0,2185.0,544,0.0,0.0
2024-09-06 12:52:00+09:00,2185.0,2190.0,2185.0,2190.0,103,0.0,0.0
2024-09-06 12:53:00+09:00,2190.0,2195.0,2185.0,2190.0,1079,0.0,0.0
2024-09-06 12:54:00+09:00,2185.0,2185.0,2175.0,2175.0,2354,0.0,0.0
2024-09-06 12:55:00+09:00,2175.0,2185.0,2175.0,2185.0,323,0.0,0.0
2024-09-06 12:56:00+09:00,2185.0,2185.0,2180.0,2180.0,1611,0.0,0.0
2024-09-06 12:57:00+09:00,2180.0,2180.0,2175.0,2175.0,1649,0.0,0.0
2024-09-06 12:58:00+09:00,2180.0,2190.0,2175.0,2190.0,2043,0.0,0.0
2024-09-06 12:59:00+09:00,2190.0,2190.0,2190.0,2190.0,0,0.0,0.0
2024-09-06 13:00:00+09:00,2185.0,2190.0,2180.0,2180.0,1734,0.0,0.0
2024-09-06 13:01:00+09:00,2180.0,2200.0,2180.0,2200.0,787,0.0,0.0
2024-09-06 13:02:00+09:00,2190.0,2195.0,2190.0,2190.0,448,0.0,0.0
2024-09-06 13:03:00+09:00,2190.0,2195.0,2190.0,2190.0,1695,0.0,0.0
2024-09-06 13:04:00+09:00,2190.0,2190.0,2190.0,2190.0,0,0.0,0.0
2024-09-06 13:05:00+09:00,2195.0,2195.0,2180.0,2180.0,411,0.0,0.0
2024-09-06 13:06:00+09:00,2185.0,2190.0,2185.0,2185.0,0,0.0,0.0
2024-09-06 13:07:00+09:00,2180.0,2190.0,2180.0,2180.0,2025,0.0,0.0
2024-09-06 13:08:00+09:00,2180.0,2180.0,2175.0,2175.0,14212,0.0,0.0
2024-09-06 13:09:00+09:00,2175.0,2195.0,2175.0,2195.0,760,0.0,0.0
2024-09-06 13:10:00+09:00,2180.0,2180.0,2175.0,2175.0,5486,0.0,0.0
2024-09-06 13:11:00+09:00,2175.0,2195.0,2175.0,2195.0,0,0.0,0.0
2024-09-06 13:12:00+09:00,2180.0,2180.0,2180.0,2180.0,580,0.0,0.0
2024-09-06 13:13:00+09:00,2180.0,2180.0,2175.0,2175.0,325,0.0,0.0
2024-09-06 13:14:00+09:00,2175.0,2175.0,2175.0,2175.0,276,0.0,0.0
2024-09-06 13:15:00+09:00,2180.0,2195.0,2175.0,2175.0,586,0.0,0.0
2024-09-06 13:16:00+09:00,2175.0,2190.0,2175.0,2190.0,958,0.0,0.0
2024-09-06 13:17:00+09:00,2195.0,2195.0,2195.0,2195.0,0,0.0,0.0
2024-09-06 13:18:00+09:00,2195.0,2200.0,2195.0,2200.0,1092,0.0,0.0
2024-09-06 13:19:00+09:00,2200.0,2200.0,2200.0,2200.0,193,0.0,0.0
2024-09-06 13:20:00+09:00,2205.0,2205.0,2205.0,2205.0,0,0.0,0.0
2024-09-06 13:21:00+09:00,2205.0,2205.0,2195.0,2195.0,843,0.0,0.0
2024-09-06 13:22:00+09:00,2195.0,2195.0,2185.0,2185.0,240,0.0,0.0
2024-09-06 13:23:00+09:00,2185.0,2185.0,2180.0,2180.0,5413,0.0,0.0
2024-09-06 13:24:00+09:00,2200.0,2200.0,2185.0,2185.0,0,0.0,0.0
2024-09-06 13:25:00+09:00,2200.0,2200.0,2185.0,2200.0,16,0.0,0.0
2024-09-06 13:26:00+09:00,2200.0,2200.0,2200.0,2200.0,26,0.0,0.0
2024-09-06 13:27:00+09:00,2200.0,2200.0,2185.0,2185.0,462,0.0,0.0
2024-09-06 13:28:00+09:00,2195.0,2195.0,2195.0,2195.0,0,0.0,0.0
2024-09-06 13:29:00+09:00,2195.0,2195.0,2195.0,2195.0,5,0.0,0.0
2024-09-06 13:30:00+09:00,2190.0,2190.0,2185.0,2185.0,985,0.0,0.0
2024-09-06 13:31:00+09:00,2185.0,2190.0,2185.0,2190.0,3616,0.0,0.0
2024-09-06 13:32:00+09:00,2190.0,2190.0,2190.0,2190.0,2,0.0,0.0
2024-09-06 13:33:00+09:00,2190.0,2195.0,2190.0,2195.0,1914,0.0,0.0
2024-09-06 13:34:00+09:00,2190.0,2190.0,2190.0,2190.0,97,0.0,0.0
2024-09-06 13:35:00+09:00,2180.0,2195.0,2180.0,2195.0,1625,0.0,0.0
2024-09-06 13:36:00+09:00,2200.0,2200.0,2175.0,2200.0,3250,0.0,0.0
2024-09-06 13:37:00+09:00,2180.0,2195.0,2175.0,2185.0,1120,0.0,0.0
2024-09-06 13:38:00+09:00,2195.0,2200.0,2185.0,2200.0,662,0.0,0.0
2024-09-06 13:39:00+09:00,2190.0,2195.0,2190.0,2195.0,102,0.0,0.0
2024-09-06 13:41:00+09:00,2195.0,2205.0,2195.0,2205.0,8091,0.0,0.0
2024-09-06 13:42:00+09:00,2205.0,2205.0,2195.0,2195.0,586,0.0,0.0
2024-09-06 13:43:00+09:00,2200.0,2205.0,2190.0,2190.0,0,0.0,0.0
2024-09-06 13:45:00+09:00,2195.0,2195.0,2195.0,2195.0,417,0.0,0.0
2024-09-06 13:46:00+09:00,2190.0,2190.0,2190.0,2190.0,0,0.0,0.0
2024-09-06 13:47:00+09:00,2190.0,2195.0,2190.0,2195.0,3352,0.0,0.0
2024-09-06 13:48:00+09:00,2190.0,2195.0,2190.0,2195.0,682,0.0,0.0
2024-09-06 13:49:00+09:00,2200.0,2200.0,2190.0,2190.0,2483,0.0,0.0
2024-09-06 13:50:00+09:00,2190.0,2190.0,2185.0,2185.0,2129,0.0,0.0
2024-09-06 13:51:00+09:00,2185.0,2185.0,2185.0,2185.0,301,0.0,0.0
2024-09-06 13:52:00+09:00,2185.0,2185.0,2185.0,2185.0,456,0.0,0.0
2024-09-06 13:53:00+09:00,2185.0,2195.0,2180.0,2185.0,3144,0.0,0.0
2024-09-06 13:54:00+09:00,2185.0,2185.0,2185.0,2185.0,924,0.0,0.0
2024-09-06 13:55:00+09:00,2180.0,2180.0,2180.0,2180.0,325,0.0,0.0
2024-09-06 13:57:00+09:00,2185.0,2185.0,2185.0,2185.0,176,0.0,0.0
2024-09-06 13:58:00+09:00,2190.0,2190.0,2190.0,2190.0,0,0.0,0.0
2024-09-06 13:59:00+09:00,2190.0,2190.0,2190.0,2190.0,632,0.0,0.0
2024-09-06 14:00:00+09:00,2190.0,2195.0,2190.0,2195.0,1114,0.0,0.0
2024-09-06 14:02:00+09:00,2190.0,2195.0,2190.0,2195.0,0,0.0,0.0
2024-09-06 14:03:00+09:00,2195.0,2195.0,2190.0,2190.0,639,0.0,0.0
2024-09-06 14:04:00+09:00,2190.0,2190.0,2190.0,2190.0,1210,0.0,0.0
2024-09-06 14:05:00+09:00,2185.0,2185.0,2185.0,2185.0,0,0.0,0.0
2024-09-06 14:06:00+09:00,2185.0,2190.0,2185.0,2190.0,447,0.0,0.0
2024-09-06 14:07:00+09:00,2190.0,2190.0,2185.0,2190.0,1095,0.0,0.0
2024-09-06 14:08:00+09:00,2190.0,2190.0,2190.0,2190.0,282,0.0,0.0
2024-09-06 14:09:00+09:00,2190.0,2195.0,2190.0,2195.0,483,0.0,0.0
2024-09-06 14:10:00+09:00,2190.0,2200.0,2190.0,2200.0,504,0.0,0.0
2024-09-06 14:12:00+09:00,2200.0,2205.0,2200.0,2205.0,1107,0.0,0.0
2024-09-06 14:13:00+09:00,2195.0,2200.0,2195.0,2195.0,38,0.0,0.0
2024-09-06 14:14:00+09:00,2190.0,2195.0,2190.0,2195.0,40,0.0,0.0
2024-09-06 14:15:00+09:00,2195.0,2200.0,2195.0,2200.0,26,0.0,0.0
2024-09-06 14:16:00+09:00,2200.0,2200.0,2200.0,2200.0,9,0.0,0.0
2024-09-06 14:17:00+09:00,2200.0,2205.0,2200.0,2205.0,266,0.0,0.0
2024-09-06 14:18:00+09:00,2190.0,2205.0,2190.0,2205.0,375,0.0,0.0
2024-09-06 14:19:00+09:00,2205.0,2205.0,2195.0,2195.0,380,0.0,0.0
2024-09-06 14:20:00+09:00,2200.0,2200.0,2190.0,2190.0,467,0.0,0.0
2024-09-06 14:21:00+09:00,2195.0,2200.0,2195.0,2200.0,0,0.0,0.0
2024-09-06 14:22:00+09:00,2195.0,2195.0,2195.0,2195.0,101,0.0,0.0
2024-09-06 14:23:00+09:00,2200.0,2200.0,2195.0,2195.0,41,0.0,0.0
2024-09-06 14:24:00+09:00,2195.0,2195.0,2195.0,2195.0,958,0.0,0.0
2024-09-06 14:25:00+09:00,2190.0,2195.0,2180.0,2195.0,10150,0.0,0.0
2024-09-06 14:26:00+09:00,2180.0,2180.0,2180.0,2180.0,4553,0.0,0.0
2024-09-06 14:27:00+09:00,2180.0,2190.0,2180.0,2190.0,404,0.0,0.0
2024-09-06 14:28:00+09:00,2190.0,2190.0,2190.0,2190.0,202,0.0,0.0
2024-09-06 14:29:00+09:00,2190.0,2190.0,2190.0,2190.0,10,0.0,0.0
2024-09-06 14:30:00+09:00,2185.0,2185.0,2180.0,2180.0,1320,0.0,0.0
2024-09-06 14:31:00+09:00,2180.0,2180.0,2180.0,2180.0,184,0.0,0.0
2024-09-06 14:32:00+09:00,2185.0,2185.0,2180.0,2180.0,0,0.0,0.0
2024-09-06 14:33:00+09:00,2180.0,2190.0,2180.0,2190.0,1826,0.0,0.0
2024-09-06 14:34:00+09:00,2180.0,2190.0,2180.0,2190.0,634,0.0,0.0
2024-09-06 14:35:00+09:00,2185.0,2190.0,2180.0,2190.0,1683,0.0,0.0
2024-09-06 14:36:00+09:00,2185.0,2185.0,2185.0,2185.0,529,0.0,0.0
2024-09-06 14:37:00+09:00,2185.0,2185.0,2185.0,2185.0,0,0.0,0.0
2024-09-06 14:38:00+09:00,2185.0,2185.0,2185.0,2185.0,2,0.0,0.0
2024-09-06 14:39:00+09:00,2185.0,2185.0,2180.0,2180.0,1225,0.0,0.0
2024-09-06 14:41:00+09:00,2180.0,2180.0,2180.0,2180.0,537,0.0,0.0
2024-09-06 14:42:00+09:00,2185.0,2185.0,2185.0,2185.0,170,0.0,0.0
2024-09-06 14:43:00+09:00,2180.0,2180.0,2180.0,2180.0,0,0.0,0.0
2024-09-06 14:44:00+09:00,2180.0,2180.0,2180.0,2180.0,4955,0.0,0.0
2024-09-06 14:45:00+09:00,2180.0,2180.0,2180.0,2180.0,2259,0.0,0.0
2024-09-06 14:47:00+09:00,2185.0,2185.0,2180.0,2180.0,2337,0.0,0.0
2024-09-06 14:48:00+09:00,2180.0,2185.0,2180.0,2185.0,227,0.0,0.0
2024-09-06 14:49:00+09:00,2185.0,2190.0,2180.0,2180.0,2261,0.0,0.0
2024-09-06 14:50:00+09:00,2190.0,2190.0,2190.0,2190.0,0,0.0,0.0
2024-09-06 14:51:00+09:00,2190.0,2190.0,2180.0,2180.0,59,0.0,0.0
2024-09-06 14:52:00+09:00,2180.0,2185.0,2180.0,2185.0,3567,0.0,0.0
2024-09-06 14:54:00+09:00,2185.0,2190.0,2180.0,2190.0,3555,0.0,0.0
2024-09-06 14:55:00+09:00,2180.0,2180.0,2180.0,2180.0,3201,0.0,0.0
2024-09-06 14:57:00+09:00,2185.0,2185.0,2185.0,2185.0,0,0.0,0.0
2024-09-06 14:58:00+09:00,2180.0,2180.0,2180.0,2180.0,347,0.0,0.0
2024-09-06 14:59:00+09:00,2185.0,2185.0,2180.0,2180.0,1035,0.0,0.0
