Datetime,Open,High,Low,Close,Volume,Dividends,Stock Splits
2024-09-02 09:00:00+09:00,4050.0,4070.0,4035.0,4035.0,0,0.0,0.0
2024-09-02 09:02:00+09:00,4035.0,4060.0,3995.0,4060.0,250,0.0,0.0
2024-09-02 09:03:00+09:00,4055.0,4055.0,4055.0,4055.0,3785,0.0,0.0
2024-09-02 09:04:00+09:00,4000.0,4045.0,4000.0,4045.0,0,0.0,0.0
2024-09-02 09:05:00+09:00,4025.0,4025.0,4015.0,4015.0,34,0.0,0.0
2024-09-02 09:06:00+09:00,4020.0,4020.0,4015.0,4015.0,20,0.0,0.0
2024-09-02 09:07:00+09:00,4005.0,4005.0,3985.0,3985.0,176,0.0,0.0
2024-09-02 09:10:00+09:00,3980.0,3980.0,3975.0,3975.0,148,0.0,0.0
2024-09-02 09:11:00+09:00,3970.0,3980.0,3970.0,3980.0,120,0.0,0.0
2024-09-02 09:12:00+09:00,3980.0,3980.0,3980.0,3980.0,0,0.0,0.0
2024-09-02 09:13:00+09:00,3970.0,3980.0,3965.0,3980.0,27,0.0,0.0
2024-09-02 09:14:00+09:00,3980.0,3990.0,3980.0,3990.0,2121,0.0,0.0
2024-09-02 09:18:00+09:00,3990.0,3990.0,3990.0,3990.0,44,0.0,0.0
2024-09-02 09:20:00+09:00,3990.0,4005.0,3990.0,4005.0,1254,0.0,0.0
2024-09-02 09:21:00+09:00,3990.0,4000.0,3990.0,3990.0,10,0.0,0.0
2024-09-02 09:23:00+09:00,3990.0,4000.0,3990.0,4000.0,21,0.0,0.0
2024-09-02 09:24:00+09:00,3990.0,4000.0,3990.0,4000.0,9,0.0,0.0
2024-09-02 09:25:00+09:00,3990.0,4000.0,3990.0,3990.0,2877,0.0,0.0
2024-09-02 09:26:00+09:00,3990.0,3990.0,3990.0,3990.0,0,0.0,0.0
2024-09-02 09:28:00+09:00,3995.0,3995.0,3995.0,3995.0,462,0.0,0.0
2024-09-02 09:29:00+09:00,3980.0,3985.0,3980.0,3985.0,0,0.0,0.0
2024-09-02 09:30:00+09:00,3995.0,3995.0,3995.0,3995.0,450,0.0,0.0
2024-09-02 09:34:00+09:00,3995.0,3995.0,3995.0,3995.0,2132,0.0,0.0
2024-09-02 09:35:00+09:00,3995.0,3995.0,3995.0,3995.0,0,0.0,0.0
2024-09-02 09:38:00+09:00,4000.0,4000.0,4000.0,4000.0,4,0.0,0.0
2024-09-02 09:39:00+09:00,4000.0,4000.0,4000.0,4000.0,2,0.0,0.0
2024-09-02 09:42:00+09:00,4000.0,4000.0,4000.0,4000.0,64,0.0,0.0
2024-09-02 09:45:00+09:00,3990.0,4000.0,3985.0,4000.0,3,0.0,0.0
2024-09-02 09:46:00+09:00,3985.0,3990.0,3985.0,3990.0,74,0.0,0.0
2024-09-02 09:47:00+09:00,3990.0,3990.0,3990.0,3990.0,9,0.0,0.0
2024-09-02 09:50:00+09:00,3990.0,3990.0,3990.0,3990.0,1,0.0,0.0
2024-09-02 09:55:00+09:00,3990.0,3990.0,3990.0,3990.0,45,0.0,0.0
2024-09-02 09:58:00+09:00,3970.0,3985.0,3955.0,3985.0,1357,0.0,0.0
2024-09-02 09:59:00+09:00,3955.0,3955.0,3950.0,3950.0,1863,0.0,0.0
2024-09-02 10:00:00+09:00,3985.0,3985.0,3985.0,3985.0,0,0.0,0.0
2024-09-02 10:08:00+09:00,3955.0,3955.0,3955.0,3955.0,72,0.0,0.0
2024-09-02 10:09:00+09:00,3970.0,3970.0,3970.0,3970.0,0,0.0,0.0
2024-09-02 10:10:00+09:00,3950.0,3950.0,3940.0,3940.0,416,0.0,0.0
2024-09-02 10:12:00+09:00,3940.0,3940.0,3940.0,3940.0,14,0.0,0.0
2024-09-02 10:13:00+09:00,3940.0,3940.0,3940.0,3940.0,0,0.0,0.0
2024-09-02 10:14:00+09:00,3940.0,3940.0,3930.0,3940.0,65,0.0,0.0
2024-09-02 10:16:00+09:00,3940.0,3940.0,3940.0,3940.0,1520,0.0,0.0
2024-09-02 10:17:00+09:00,3940.0,3940.0,3940.0,3940.0,0,0.0,0.0
2024-09-02 10:18:00+09:00,3940.0,3940.0,3940.0,3940.0,16,0.0,0.0
2024-09-02 10:19:00+09:00,3960.0,3960.0,3960.0,3960.0,0,0.0,0.0
2024-09-02 10:25:00+09:00,3955.0,3970.0,3955.0,3970.0,6,0.0,0.0
2024-09-02 10:28:00+09:00,3945.0,3945.0,3945.0,3945.0,18,0.0,0.0
2024-09-02 10:30:00+09:00,3970.0,3970.0,3970.0,3970.0,0,0.0,0.0
2024-09-02 10:32:00+09:00,3950.0,3950.0,3950.0,3950.0,378,0.0,0.0
2024-09-02 10:33:00+09:00,3945.0,3945.0,3945.0,3945.0,379,0.0,0.0
2024-09-02 10:35:00+09:00,3950.0,3950.0,3950.0,3950.0,0,0.0,0.0
2024-09-02 10:38:00+09:00,3955.0,3955.0,3950.0,3955.0,501,0.0,0.0
2024-09-02 10:40:00+09:00,3955.0,3955.0,3955.0,3955.0,58,0.0,0.0
2024-09-02 10:41:00+09:00,3955.0,3955.0,3955.0,3955.0,0,0.0,0.0
2024-09-02 10:43:00+09:00,3955.0,3955.0,3955.0,3955.0,100,0.0,0.0
2024-09-02 10:44:00+09:00,3965.0,3965.0,3965.0,3965.0,0,0.0,0.0
2024-09-02 10:50:00+09:00,3955.0,3955.0,3955.0,3955.0,1,0.0,0.0
2024-09-02 10:52:00+09:00,3965.0,3965.0,3965.0,3965.0,4,0.0,0.0
2024-09-02 10:54:00+09:00,3960.0,3960.0,3960.0,3960.0,2,0.0,0.0
2024-09-02 10:55:00+09:00,3965.0,3965.0,3960.0,3965.0,10,0.0,0.0
2024-09-02 10:57:00+09:00,3955.0,3955.0,3955.0,3955.0,335,0.0,0.0
2024-09-02 10:58:00+09:00,3965.0,3965.0,3965.0,3965.0,0,0.0,0.0
2024-09-02 10:59:00+09:00,3965.0,3965.0,3965.0,3965.0,9,0.0,0.0
2024-09-02 11:07:00+09:00,3960.0,3960.0,3960.0,3960.0,17,0.0,0.0
2024-09-02 11:09:00+09:00,3965.0,3965.0,3960.0,3965.0,89,0.0,0.0
2024-09-02 11:17:00+09:00,3965.0,3965.0,3965.0,3965.0,1,0.0,0.0
2024-09-02 11:20:00+09:00,3965.0,3965.0,3965.0,3965.0,94,0.0,0.0
2024-09-02 11:21:00+09:00,3965.0,3965.0,3965.0,3965.0,0,0.0,0.0
2024-09-02 11:22:00+09:00,3965.0,3965.0,3965.0,3965.0,6,0.0,0.0
2024-09-02 11:27:00+09:00,3955.0,3955.0,3955.0,3955.0,227,0.0,0.0
2024-09-02 11:29:00+09:00,3965.0,3965.0,3965.0,3965.0,0,0.0,0.0
2024-09-02 11:33:00+09:00,3955.0,3955.0,3955.0,3955.0,4,0.0,0.0
2024-09-02 11:39:00+09:00,3955.0,3955.0,3950.0,3950.0,620,0.0,0.0
2024-09-02 11:42:00+09:00,3965.0,3965.0,3965.0,3965.0,0,0.0,0.0
2024-09-02 11:50:00+09:00,3965.0,3965.0,3965.0,3965.0,130,0.0,0.0
2024-09-02 12:07:00+09:00,3960.0,3960.0,3960.0,3960.0,4,0.0,0.0
2024-09-02 12:08:00+09:00,3960.0,3960.0,3960.0,3960.0,2,0.0,0.0
2024-09-02 12:09:00+09:00,3955.0,3955.0,3955.0,3955.0,8,0.0,0.0
2024-09-02 12:10:00+09:00,3960.0,3960.0,3960.0,3960.0,0,0.0,0.0
2024-09-02 12:13:00+09:00,3960.0,3960.0,3960.0,3960.0,4,0.0,0.0
2024-09-02 12:16:00+09:00,3955.0,3955.0,3955.0,3955.0,0,0.0,0.0
2024-09-02 12:18:00+09:00,3960.0,3960.0,3960.0,3960.0,1,0.0,0.0
2024-09-02 12:23:00+09:00,3960.0,3960.0,3960.0,3960.0,78,0.0,0.0
2024-09-02 12:30:00+09:00,3960.0,3960.0,3960.0,3960.0,61,0.0,0.0
2024-09-02 12:34:00+09:00,3960.0,3960.0,3955.0,3960.0,12,0.0,0.0
2024-09-02 12:38:00+09:00,3955.0,3955.0,3955.0,3955.0,200,0.0,0.0
2024-09-02 12:39:00+09:00,3960.0,3960.0,3960.0,3960.0,0,0.0,0.0
2024-09-02 12:41:00+09:00,3955.0,3960.0,3955.0,3960.0,1,0.0,0.0
2024-09-02 12:42:00+09:00,3960.0,3965.0,3960.0,3965.0,12,0.0,0.0
2024-09-02 12:52:00+09:00,3960.0,3960.0,3960.0,3960.0,382,0.0,0.0
2024-09-02 12:55:00+09:00,3960.0,3960.0,3960.0,3960.0,0,0.0,0.0
2024-09-02 13:03:00+09:00,3955.0,3955.0,3955.0,3955.0,340,0.0,0.0
2024-09-02 13:05:00+09:00,3960.0,3960.0,3960.0,3960.0,0,0.0,0.0
2024-09-02 13:14:00+09:00,3950.0,3955.0,3950.0,3955.0,21,0.0,0.0
2024-09-02 13:20:00+09:00,3950.0,3955.0,3950.0,3955.0,102,0.0,0.0
2024-09-02 13:22:00+09:00,3955.0,3955.0,3955.0,3955.0,585,0.0,0.0
2024-09-02 13:23:00+09:00,3960.0,3960.0,3955.0,3955.0,874,0.0,0.0
2024-09-02 13:24:00+09:00,3955.0,3955.0,3955.0,3955.0,0,0.0,0.0
2024-09-02 13:25:00+09:00,3955.0,3955.0,3955.0,3955.0,0,0.0,0.0
2024-09-02 13:30:00+09:00,3955.0,3955.0,3955.0,3955.0,9,0.0,0.0
2024-09-02 13:33:00+09:00,3955.0,3955.0,3955.0,3955.0,424,0.0,0.0
2024-09-02 13:34:00+09:00,3960.0,3960.0,3960.0,3960.0,0,0.0,0.0
2024-09-02 13:38:00+09:00,3955.0,3955.0,3955.0,3955.0,1009,0.0,0.0
2024-09-02 13:39:00+09:00,3960.0,3960.0,3960.0,3960.0,0,0.0,0.0
2024-09-02 13:40:00+09:00,3960.0,3960.0,3960.0,3960.0,5,0.0,0.0
2024-09-02 13:43:00+09:00,3960.0,3970.0,3960.0,3970.0,670,0.0,0.0
2024-09-02 13:44:00+09:00,3970.0,3970.0,3970.0,3970.0,2,0.0,0.0
2024-09-02 13:48:00+09:00,3970.0,3970.0,3970.0,3970.0,2,0.0,0.0
2024-09-02 13:52:00+09:00,3970.0,3970.0,3970.0,3970.0,6,0.0,0.0
2024-09-02 14:11:00+09:00,3970.0,3970.0,3970.0,3970.0,0,0.0,0.0
2024-09-02 14:30:00+09:00,3970.0,3970.0,3970.0,3970.0,59,0.0,0.0
2024-09-02 14:31:00+09:00,3970.0,3970.0,3970.0,3970.0,0,0.0,0.0
2024-09-02 14:34:00+09:00,3970.0,3970.0,3970.0,3970.0,3,0.0,0.0
2024-09-02 14:44:00+09:00,3965.0,3975.0,3965.0,3975.0,267,0.0,0.0
2024-09-02 14:45:00+09:00,3970.0,3975.0,3970.0,3975.0,52,0.0,0.0
2024-09-02 14:47:00+09:00,3975.0,3975.0,3975.0,3975.0,199,0.0,0.0
2024-09-02 14:51:00+09:00,3975.0,3975.0,3975.0,3975.0,0,0.0,0.0
2024-09-02 14:52:00+09:00,3965.0,3965.0,3960.0,3960.0,1095,0.0,0.0
2024-09-02 14:55:00+09:00,3955.0,3955.0,3955.0,3955.0,1025,0.0,0.0
2024-09-02 14:56:00+09:00,3950.0,3960.0,3950.0,3960.0,420,0.0,0.0
2024-09-03 09:00:00+09:00,3990.0,3990.0,3935.0,3965.0,873,0.0,0.0
2024-09-03 09:01:00+09:00,3965.0,3965.0,3920.0,3920.0,595,0.0,0.0
2024-09-03 09:02:00+09:00,3915.0,3950.0,3850.0,3850.0,1208,0.0,0.0
2024-09-03 09:03:00+09:00,3930.0,3930.0,3930.0,3930.0,0,0.0,0.0
2024-09-03 09:04:00+09:00,3905.0,3905.0,3905.0,3905.0,9,0.0,0.0
2024-09-03 09:05:00+09:00,3890.0,3890.0,3890.0,3890.0,366,0.0,0.0
2024-09-03 09:06:00+09:00,3890.0,3890.0,3885.0,3885.0,276,0.0,0.0
2024-09-03 09:07:00+09:00,3885.0,3885.0,3880.0,3880.0,1435,0.0,0.0
2024-09-03 09:08:00+09:00,3880.0,3880.0,3855.0,3855.0,1071,0.0,0.0
2024-09-03 09:10:00+09:00,3880.0,3880.0,3860.0,3860.0,259,0.0,0.0
2024-09-03 09:11:00+09:00,3860.0,3860.0,3860.0,3860.0,0,0.0,0.0
2024-09-03 09:12:00+09:00,3875.0,3885.0,3875.0,3885.0,371,0.0,0.0
2024-09-03 09:15:00+09:00,3865.0,3885.0,3860.0,3885.0,503,0.0,0.0
2024-09-03 09:18:00+09:00,3865.0,3865.0,3865.0,3865.0,198,0.0,0.0
2024-09-03 09:19:00+09:00,3865.0,3885.0,3865.0,3885.0,0,0.0,0.0
2024-09-03 09:23:00+09:00,3885.0,3885.0,3885.0,3885.0,4,0.0,0.0
2024-09-03 09:24:00+09:00,3885.0,3885.0,3885.0,3885.0,6,0.0,0.0
2024-09-03 09:27:00+09:00,3885.0,3900.0,3885.0,3900.0,1439,0.0,0.0
2024-09-03 09:28:00+09:00,3900.0,3900.0,3900.0,3900.0,5,0.0,0.0
2024-09-03 09:30:00+09:00,3870.0,3870.0,3865.0,3865.0,210,0.0,0.0
2024-09-03 09:31:00+09:00,3900.0,3900.0,3865.0,3865.0,128,0.0,0.0
2024-09-03 09:32:00+09:00,3895.0,3900.0,3895.0,3900.0,1968,0.0,0.0
2024-09-03 09:33:00+09:00,3900.0,3900.0,3900.0,3900.0,19,0.0,0.0
2024-09-03 09:35:00+09:00,3900.0,3900.0,3900.0,3900.0,3,0.0,0.0
2024-09-03 09:38:00+09:00,3900.0,3900.0,3900.0,3900.0,3,0.0,0.0
2024-09-03 09:39:00+09:00,3875.0,3900.0,3875.0,3900.0,5,0.0,0.0
2024-09-03 09:40:00+09:00,3900.0,3900.0,3900.0,3900.0,2,0.0,0.0
2024-09-03 09:41:00+09:00,3880.0,3900.0,3880.0,3900.0,5,0.0,0.0
2024-09-03 09:46:00+09:00,3885.0,3900.0,3880.0,3900.0,1000,0.0,0.0
2024-09-03 09:49:00+09:00,3875.0,3900.0,3875.0,3900.0,105,0.0,0.0
2024-09-03 10:05:00+09:00,3900.0,3900.0,3900.0,3900.0,0,0.0,0.0
2024-09-03 10:06:00+09:00,3900.0,3900.0,3900.0,3900.0,7,0.0,0.0
2024-09-03 10:08:00+09:00,3900.0,3900.0,3900.0,3900.0,2,0.0,0.0
2024-09-03 10:11:00+09:00,3880.0,3880.0,3880.0,3880.0,223,0.0,0.0
2024-09-03 10:13:00+09:00,3900.0,3900.0,3900.0,3900.0,0,0.0,0.0
2024-09-03 10:23:00+09:00,3880.0,3880.0,3875.0,3875.0,1569,0.0,0.0
2024-09-03 10:24:00+09:00,3895.0,3895.0,3895.0,3895.0,0,0.0,0.0
2024-09-03 10:29:00+09:00,3895.0,3895.0,3895.0,3895.0,94,0.0,0.0
2024-09-03 10:35:00+09:00,3870.0,3870.0,3860.0,3860.0,1861,0.0,0.0
2024-09-03 10:36:00+09:00,3885.0,3885.0,3885.0,3885.0,0,0.0,0.0
2024-09-03 10:48:00+09:00,3870.0,3870.0,3865.0,3865.0,861,0.0,0.0
2024-09-03 10:49:00+09:00,3885.0,3885.0,3885.0,3885.0,2,0.0,0.0
2024-09-03 10:52:00+09:00,3885.0,3885.0,3885.0,3885.0,1,0.0,0.0
2024-09-03 10:55:00+09:00,3865.0,3880.0,3860.0,3880.0,913,0.0,0.0
2024-09-03 10:57:00+09:00,3880.0,3880.0,3880.0,3880.0,0,0.0,0.0
2024-09-03 10:58:00+09:00,3880.0,3880.0,3880.0,3880.0,2,0.0,0.0
2024-09-03 11:02:00+09:00,3885.0,3885.0,3860.0,3860.0,2,0.0,0.0
2024-09-03 11:03:00+09:00,3885.0,3885.0,3885.0,3885.0,1,0.0,0.0
2024-09-03 11:12:00+09:00,3860.0,3860.0,3850.0,3850.0,4271,0.0,0.0
2024-09-03 11:13:00+09:00,3845.0,3845.0,3840.0,3840.0,1220,0.0,0.0
2024-09-03 11:15:00+09:00,3860.0,3860.0,3860.0,3860.0,0,0.0,0.0
2024-09-03 11:17:00+09:00,3845.0,3845.0,3840.0,3840.0,1743,0.0,0.0
2024-09-03 11:18:00+09:00,3840.0,3860.0,3840.0,3860.0,0,0.0,0.0
2024-09-03 11:19:00+09:00,3860.0,3860.0,3860.0,3860.0,2,0.0,0.0
2024-09-03 11:20:00+09:00,3860.0,3860.0,3860.0,3860.0,3,0.0,0.0
2024-09-03 11:22:00+09:00,3860.0,3860.0,3860.0,3860.0,0,0.0,0.0
2024-09-03 11:26:00+09:00,3860.0,3860.0,3860.0,3860.0,3,0.0,0.0
2024-09-03 11:27:00+09:00,3860.0,3870.0,3860.0,3870.0,85,0.0,0.0
2024-09-03 11:29:00+09:00,3870.0,3870.0,3870.0,3870.0,1,0.0,0.0
2024-09-03 11:30:00+09:00,3870.0,3870.0,3870.0,3870.0,1,0.0,0.0
2024-09-03 11:36:00+09:00,3870.0,3870.0,3870.0,3870.0,2,0.0,0.0
2024-09-03 11:42:00+09:00,3870.0,3870.0,3870.0,3870.0,6,0.0,0.0
2024-09-03 11:52:00+09:00,3870.0,3870.0,3870.0,3870.0,6,0.0,0.0
2024-09-03 11:55:00+09:00,3865.0,3870.0,3865.0,3865.0,8,0.0,0.0
2024-09-03 11:56:00+09:00,3865.0,3865.0,3865.0,3865.0,9,0.0,0.0
2024-09-03 12:05:00+09:00,3845.0,3855.0,3840.0,3855.0,1503,0.0,0.0
2024-09-03 12:06:00+09:00,3840.0,3840.0,3840.0,3840.0,633,0.0,0.0
2024-09-03 12:08:00+09:00,3840.0,3855.0,3840.0,3855.0,184,0.0,0.0
2024-09-03 12:35:00+09:00,3840.0,3840.0,3840.0,3840.0,6,0.0,0.0
2024-09-03 12:36:00+09:00,3855.0,3855.0,3855.0,3855.0,18,0.0,0.0
2024-09-03 12:37:00+09:00,3855.0,3855.0,3855.0,3855.0,40,0.0,0.0
2024-09-03 12:38:00+09:00,3855.0,3855.0,3855.0,3855.0,100,0.0,0.0
2024-09-03 12:39:00+09:00,3855.0,3865.0,3855.0,3865.0,168,0.0,0.0
2024-09-03 12:40:00+09:00,3865.0,3865.0,3865.0,3865.0,0,0.0,0.0
2024-09-03 12:43:00+09:00,3840.0,3865.0,3840.0,3865.0,1002,0.0,0.0
2024-09-03 12:44:00+09:00,3865.0,3865.0,3865.0,3865.0,1,0.0,0.0
2024-09-03 12:50:00+09:00,3840.0,3840.0,3840.0,3840.0,569,0.0,0.0
2024-09-03 12:51:00+09:00,3860.0,3860.0,3860.0,3860.0,0,0.0,0.0
2024-09-03 12:52:00+09:00,3835.0,3840.0,3820.0,3840.0,3846,0.0,0.0
2024-09-03 12:53:00+09:00,3820.0,3820.0,3820.0,3820.0,2,0.0,0.0
2024-09-03 12:54:00+09:00,3825.0,3825.0,3780.0,3780.0,4877,0.0,0.0
2024-09-03 12:55:00+09:00,3800.0,3850.0,3800.0,3850.0,1903,0.0,0.0
2024-09-03 12:58:00+09:00,3830.0,3830.0,3830.0,3830.0,3,0.0,0.0
2024-09-03 13:00:00+09:00,3825.0,3825.0,3825.0,3825.0,0,0.0,0.0
2024-09-03 13:09:00+09:00,3825.0,3825.0,3825.0,3825.0,6,0.0,0.0
2024-09-03 13:10:00+09:00,3820.0,3820.0,3790.0,3810.0,2256,0.0,0.0
2024-09-03 13:11:00+09:00,3805.0,3805.0,3805.0,3805.0,1,0.0,0.0
2024-09-03 13:12:00+09:00,3805.0,3805.0,3780.0,3790.0,1102,0.0,0.0
2024-09-03 13:15:00+09:00,3770.0,3780.0,3770.0,3780.0,471,0.0,0.0
2024-09-03 13:16:00+09:00,3760.0,3780.0,3760.0,3775.0,11,0.0,0.0
2024-09-03 13:17:00+09:00,3760.0,3760.0,3760.0,3760.0,239,0.0,0.0
2024-09-03 13:18:00+09:00,3750.0,3750.0,3740.0,3750.0,582,0.0,0.0
2024-09-03 13:20:00+09:00,3750.0,3750.0,3750.0,3750.0,5,0.0,0.0
2024-09-03 13:21:00+09:00,3750.0,3750.0,3740.0,3745.0,265,0.0,0.0
2024-09-03 13:22:00+09:00,3750.0,3750.0,3735.0,3735.0,1227,0.0,0.0
2024-09-03 13:23:00+09:00,3740.0,3740.0,3720.0,3725.0,1672,0.0,0.0
2024-09-03 13:24:00+09:00,3740.0,3740.0,3740.0,3740.0,232,0.0,0.0
2024-09-03 13:25:00+09:00,3740.0,3740.0,3740.0,3740.0,0,0.0,0.0
2024-09-03 13:26:00+09:00,3740.0,3740.0,3705.0,3705.0,3702,0.0,0.0
2024-09-03 13:27:00+09:00,3730.0,3730.0,3690.0,3720.0,2122,0.0,0.0
2024-09-03 13:28:00+09:00,3720.0,3720.0,3720.0,3720.0,506,0.0,0.0
2024-09-03 13:29:00+09:00,3695.0,3720.0,3680.0,3720.0,5502,0.0,0.0
2024-09-03 13:30:00+09:00,3720.0,3725.0,3715.0,3725.0,1212,0.0,0.0
2024-09-03 13:31:00+09:00,3725.0,3750.0,3725.0,3750.0,3150,0.0,0.0
2024-09-03 13:32:00+09:00,3750.0,3780.0,3750.0,3780.0,3902,0.0,0.0
2024-09-03 13:33:00+09:00,3760.0,3775.0,3745.0,3775.0,706,0.0,0.0
2024-09-03 13:35:00+09:00,3765.0,3770.0,3765.0,3770.0,1739,0.0,0.0
2024-09-03 13:36:00+09:00,3775.0,3775.0,3770.0,3770.0,0,0.0,0.0
2024-09-03 13:37:00+09:00,3770.0,3785.0,3770.0,3785.0,3000,0.0,0.0
2024-09-03 13:40:00+09:00,3755.0,3770.0,3715.0,3770.0,2085,0.0,0.0
2024-09-03 13:41:00+09:00,3765.0,3780.0,3765.0,3780.0,2,0.0,0.0
2024-09-03 13:44:00+09:00,3780.0,3780.0,3780.0,3780.0,2936,0.0,0.0
2024-09-03 13:45:00+09:00,3780.0,3780.0,3780.0,3780.0,27,0.0,0.0
2024-09-03 13:46:00+09:00,3780.0,3780.0,3780.0,3780.0,1,0.0,0.0
2024-09-03 13:47:00+09:00,3770.0,3770.0,3770.0,3770.0,494,0.0,0.0
2024-09-03 13:48:00+09:00,3775.0,3775.0,3745.0,3775.0,254,0.0,0.0
2024-09-03 13:49:00+09:00,3775.0,3775.0,3775.0,3775.0,10,0.0,0.0
2024-09-03 13:51:00+09:00,3775.0,3775.0,3775.0,3775.0,245,0.0,0.0
2024-09-03 14:00:00+09:00,3770.0,3785.0,3770.0,3785.0,944,0.0,0.0
2024-09-03 14:01:00+09:00,3780.0,3780.0,3780.0,3780.0,43,0.0,0.0
2024-09-03 14:02:00+09:00,3780.0,3785.0,3780.0,3785.0,24,0.0,0.0
2024-09-03 14:03:00+09:00,3780.0,3785.0,3780.0,3785.0,20,0.0,0.0
2024-09-03 14:08:00+09:00,3785.0,3785.0,3785.0,3785.0,10,0.0,0.0
2024-09-03 14:15:00+09:00,3770.0,3770.0,3770.0,3770.0,471,0.0,0.0
2024-09-03 14:17:00+09:00,3785.0,3785.0,3785.0,3785.0,0,0.0,0.0
2024-09-03 14:19:00+09:00,3785.0,3785.0,3785.0,3785.0,16,0.0,0.0
2024-09-03 14:21:00+09:00,3785.0,3785.0,3785.0,3785.0,14,0.0,0.0
2024-09-03 14:22:00+09:00,3785.0,3785.0,3785.0,3785.0,528,0.0,0.0
2024-09-03 14:23:00+09:00,3785.0,3785.0,3785.0,3785.0,3,0.0,0.0
2024-09-03 14:24:00+09:00,3785.0,3785.0,3785.0,3785.0,1,0.0,0.0
2024-09-03 14:26:00+09:00,3785.0,3785.0,3785.0,3785.0,199,0.0,0.0
2024-09-03 14:27:00+09:00,3785.0,3785.0,3765.0,3785.0,163,0.0,0.0
2024-09-03 14:29:00+09:00,3780.0,3850.0,3780.0,3850.0,14268,0.0,0.0
2024-09-03 14:30:00+09:00,3850.0,3850.0,3850.0,3850.0,207,0.0,0.0
2024-09-03 14:32:00+09:00,3815.0,3815.0,3805.0,3805.0,4051,0.0,0.0
2024-09-03 14:33:00+09:00,3830.0,3830.0,3830.0,3830.0,0,0.0,0.0
2024-09-03 14:35:00+09:00,3810.0,3810.0,3805.0,3805.0,205,0.0,0.0
2024-09-03 14:36:00+09:00,3825.0,3825.0,3825.0,3825.0,0,0.0,0.0
2024-09-03 14:37:00+09:00,3825.0,3825.0,3825.0,3825.0,198,0.0,0.0
2024-09-03 14:38:00+09:00,3825.0,3825.0,3815.0,3825.0,360,0.0,0.0
2024-09-03 14:39:00+09:00,3825.0,3840.0,3825.0,3840.0,431,0.0,0.0
2024-09-03 14:40:00+09:00,3840.0,3840.0,3840.0,3840.0,494,0.0,0.0
2024-09-03 14:41:00+09:00,3845.0,3855.0,3845.0,3855.0,5459,0.0,0.0
2024-09-03 14:42:00+09:00,3855.0,3865.0,3855.0,3865.0,196,0.0,0.0
2024-09-03 14:43:00+09:00,3865.0,3865.0,3865.0,3865.0,918,0.0,0.0
2024-09-03 14:44:00+09:00,3865.0,3870.0,3865.0,3870.0,858,0.0,0.0
2024-09-03 14:45:00+09:00,3870.0,3870.0,3870.0,3870.0,2422,0.0,0.0
2024-09-03 14:46:00+09:00,3870.0,3880.0,3850.0,3850.0,2610,0.0,0.0
2024-09-03 14:47:00+09:00,3880.0,3880.0,3880.0,3880.0,0,0.0,0.0
2024-09-03 14:49:00+09:00,3845.0,3845.0,3840.0,3840.0,2128,0.0,0.0
2024-09-03 14:50:00+09:00,3870.0,3875.0,3830.0,3830.0,1004,0.0,0.0
2024-09-03 14:51:00+09:00,3875.0,3875.0,3875.0,3875.0,0,0.0,0.0
2024-09-03 14:59:00+09:00,3865.0,3875.0,3865.0,3875.0,407,0.0,0.0
2024-09-04 09:00:00+09:00,3620.0,3690.0,3520.0,3610.0,5361,0.0,0.0
2024-09-04 09:01:00+09:00,3610.0,3650.0,3610.0,3650.0,976,0.0,0.0
2024-09-04 09:02:00+09:00,3650.0,3650.0,3615.0,3650.0,226,0.0,0.0
2024-09-04 09:03:00+09:00,3650.0,3650.0,3620.0,3650.0,4692,0.0,0.0
2024-09-04 09:04:00+09:00,3650.0,3650.0,3650.0,3650.0,2017,0.0,0.0
2024-09-04 09:05:00+09:00,3650.0,3650.0,3605.0,3650.0,2424,0.0,0.0
2024-09-04 09:06:00+09:00,3650.0,3650.0,3650.0,3650.0,91,0.0,0.0
2024-09-04 09:07:00+09:00,3650.0,3650.0,3650.0,3650.0,0,0.0,0.0
2024-09-04 09:08:00+09:00,3650.0,3650.0,3650.0,3650.0,5382,0.0,0.0
2024-09-04 09:09:00+09:00,3645.0,3675.0,3640.0,3675.0,670,0.0,0.0
2024-09-04 09:10:00+09:00,3675.0,3675.0,3675.0,3675.0,0,0.0,0.0
2024-09-04 09:11:00+09:00,3675.0,3680.0,3675.0,3680.0,59,0.0,0.0
2024-09-04 09:12:00+09:00,3650.0,3680.0,3650.0,3680.0,217,0.0,0.0
2024-09-04 09:14:00+09:00,3680.0,3680.0,3680.0,3680.0,5,0.0,0.0
2024-09-04 09:15:00+09:00,3655.0,3680.0,3650.0,3680.0,402,0.0,0.0
2024-09-04 09:17:00+09:00,3650.0,3650.0,3635.0,3645.0,1001,0.0,0.0
2024-09-04 09:18:00+09:00,3640.0,3645.0,3595.0,3595.0,5981,0.0,0.0
2024-09-04 09:19:00+09:00,3595.0,3595.0,3595.0,3595.0,77,0.0,0.0
2024-09-04 09:20:00+09:00,3610.0,3615.0,3550.0,3560.0,7005,0.0,0.0
2024-09-04 09:21:00+09:00,3610.0,3610.0,3560.0,3575.0,0,0.0,0.0
2024-09-04 09:22:00+09:00,3575.0,3575.0,3535.0,3570.0,5070,0.0,0.0
2024-09-04 09:23:00+09:00,3575.0,3575.0,3575.0,3575.0,379,0.0,0.0
2024-09-04 09:24:00+09:00,3550.0,3550.0,3550.0,3550.0,0,0.0,0.0
2024-09-04 09:27:00+09:00,3585.0,3585.0,3585.0,3585.0,0,0.0,0.0
2024-09-04 09:28:00+09:00,3565.0,3565.0,3565.0,3565.0,405,0.0,0.0
2024-09-04 09:29:00+09:00,3560.0,3585.0,3560.0,3585.0,317,0.0,0.0
2024-09-04 09:30:00+09:00,3600.0,3600.0,3565.0,3565.0,0,0.0,0.0
2024-09-04 09:31:00+09:00,3585.0,3585.0,3585.0,3585.0,0,0.0,0.0
2024-09-04 09:32:00+09:00,3560.0,3580.0,3560.0,3580.0,173,0.0,0.0
2024-09-04 09:33:00+09:00,3580.0,3580.0,3580.0,3580.0,303,0.0,0.0
2024-09-04 09:36:00+09:00,3600.0,3600.0,3600.0,3600.0,21,0.0,0.0
2024-09-04 09:37:00+09:00,3605.0,3605.0,3600.0,3600.0,11,0.0,0.0
2024-09-04 09:38:00+09:00,3600.0,3600.0,3600.0,3600.0,290,0.0,0.0
2024-09-04 09:39:00+09:00,3600.0,3600.0,3590.0,3590.0,5910,0.0,0.0
2024-09-04 09:40:00+09:00,3590.0,3590.0,3580.0,3580.0,0,0.0,0.0
2024-09-04 09:42:00+09:00,3590.0,3590.0,3590.0,3590.0,1,0.0,0.0
2024-09-04 09:43:00+09:00,3590.0,3590.0,3590.0,3590.0,0,0.0,0.0
2024-09-04 09:44:00+09:00,3590.0,3590.0,3590.0,3590.0,47548,0.0,0.0
2024-09-04 09:45:00+09:00,3605.0,3605.0,3605.0,3605.0,0,0.0,0.0
2024-09-04 09:46:00+09:00,3605.0,3605.0,3605.0,3605.0,1054,0.0,0.0
2024-09-04 09:47:00+09:00,3595.0,3595.0,3595.0,3595.0,0,0.0,0.0
2024-09-04 09:50:00+09:00,3605.0,3605.0,3605.0,3605.0,15,0.0,0.0
2024-09-04 09:51:00+09:00,3605.0,3605.0,3605.0,3605.0,595,0.0,0.0
2024-09-04 09:52:00+09:00,3605.0,3605.0,3605.0,3605.0,0,0.0,0.0
2024-09-04 09:54:00+09:00,3605.0,3605.0,3605.0,3605.0,6,0.0,0.0
2024-09-04 09:58:00+09:00,3595.0,3595.0,3595.0,3595.0,207,0.0,0.0
2024-09-04 09:59:00+09:00,3605.0,3605.0,3605.0,3605.0,0,0.0,0.0
2024-09-04 10:00:00+09:00,3605.0,3605.0,3605.0,3605.0,9,0.0,0.0
2024-09-04 10:01:00+09:00,3605.0,3605.0,3605.0,3605.0,195,0.0,0.0
2024-09-04 10:02:00+09:00,3595.0,3605.0,3595.0,3605.0,0,0.0,0.0
2024-09-04 10:04:00+09:00,3605.0,3605.0,3605.0,3605.0,0,0.0,0.0
2024-09-04 10:05:00+09:00,3605.0,3605.0,3605.0,3605.0,2,0.0,0.0
2024-09-04 10:06:00+09:00,3600.0,3600.0,3595.0,3595.0,311,0.0,0.0
2024-09-04 10:07:00+09:00,3600.0,3600.0,3600.0,3600.0,118,0.0,0.0
2024-09-04 10:08:00+09:00,3600.0,3600.0,3600.0,3600.0,222,0.0,0.0
2024-09-04 10:09:00+09:00,3605.0,3605.0,3605.0,3605.0,337,0.0,0.0
2024-09-04 10:10:00+09:00,3610.0,3610.0,3610.0,3610.0,0,0.0,0.0
2024-09-04 10:11:00+09:00,3605.0,3610.0,3605.0,3610.0,77,0.0,0.0
2024-09-04 10:13:00+09:00,3610.0,3610.0,3610.0,3610.0,3,0.0,0.0
2024-09-04 10:14:00+09:00,3600.0,3600.0,3600.0,3600.0,591,0.0,0.0
2024-09-04 10:15:00+09:00,3610.0,3610.0,3610.0,3610.0,0,0.0,0.0
2024-09-04 10:18:00+09:00,3600.0,3605.0,3600.0,3605.0,2,0.0,0.0
2024-09-04 10:19:00+09:00,3605.0,3610.0,3605.0,3610.0,18,0.0,0.0
2024-09-04 10:25:00+09:00,3600.0,3610.0,3595.0,3610.0,1501,0.0,0.0
2024-09-04 10:26:00+09:00,3590.0,3590.0,3585.0,3585.0,1399,0.0,0.0
2024-09-04 10:27:00+09:00,3610.0,3610.0,3580.0,3585.0,3116,0.0,0.0
2024-09-04 10:28:00+09:00,3575.0,3575.0,3565.0,3575.0,389,0.0,0.0
2024-09-04 10:29:00+09:00,3570.0,3570.0,3570.0,3570.0,903,0.0,0.0
2024-09-04 10:30:00+09:00,3575.0,3575.0,3575.0,3575.0,399,0.0,0.0
2024-09-04 10:31:00+09:00,3575.0,3585.0,3575.0,3585.0,582,0.0,0.0
2024-09-04 10:32:00+09:00,3585.0,3585.0,3585.0,3585.0,3,0.0,0.0
2024-09-04 10:33:00+09:00,3585.0,3585.0,3585.0,3585.0,601,0.0,0.0
2024-09-04 10:34:00+09:00,3585.0,3605.0,3585.0,3605.0,384,0.0,0.0
2024-09-04 10:35:00+09:00,3605.0,3605.0,3605.0,3605.0,5,0.0,0.0
2024-09-04 10:37:00+09:00,3605.0,3605.0,3605.0,3605.0,2,0.0,0.0
2024-09-04 10:38:00+09:00,3605.0,3605.0,3605.0,3605.0,2,0.0,0.0
2024-09-04 10:41:00+09:00,3585.0,3585.0,3585.0,3585.0,339,0.0,0.0
2024-09-04 10:42:00+09:00,3600.0,3600.0,3600.0,3600.0,0,0.0,0.0
2024-09-04 10:43:00+09:00,3600.0,3605.0,3600.0,3605.0,12,0.0,0.0
2024-09-04 10:50:00+09:00,3595.0,3595.0,3565.0,3595.0,5623,0.0,0.0
2024-09-04 10:58:00+09:00,3580.0,3580.0,3580.0,3580.0,2200,0.0,0.0
2024-09-04 11:00:00+09:00,3585.0,3585.0,3565.0,3585.0,0,0.0,0.0
2024-09-04 11:01:00+09:00,3585.0,3585.0,3585.0,3585.0,3,0.0,0.0
2024-09-04 11:02:00+09:00,3585.0,3585.0,3585.0,3585.0,3,0.0,0.0
2024-09-04 11:03:00+09:00,3585.0,3585.0,3585.0,3585.0,3,0.0,0.0
2024-09-04 11:04:00+09:00,3585.0,3585.0,3585.0,3585.0,8,0.0,0.0
2024-09-04 11:08:00+09:00,3585.0,3585.0,3585.0,3585.0,16,0.0,0.0
2024-09-04 11:09:00+09:00,3570.0,3570.0,3570.0,3570.0,2568,0.0,0.0
2024-09-04 11:10:00+09:00,3570.0,3585.0,3570.0,3585.0,0,0.0,0.0
2024-09-04 11:11:00+09:00,3585.0,3605.0,3585.0,3605.0,4155,0.0,0.0
2024-09-04 11:12:00+09:00,3610.0,3660.0,3610.0,3660.0,19,0.0,0.0
2024-09-04 11:15:00+09:00,3610.0,3655.0,3610.0,3655.0,11,0.0,0.0
2024-09-04 11:17:00+09:00,3630.0,3630.0,3630.0,3630.0,8,0.0,0.0
2024-09-04 11:18:00+09:00,3600.0,3600.0,3600.0,3600.0,19,0.0,0.0
2024-09-04 11:21:00+09:00,3590.0,3605.0,3590.0,3605.0,287,0.0,0.0
2024-09-04 11:28:00+09:00,3605.0,3605.0,3605.0,3605.0,4,0.0,0.0
2024-09-04 11:30:00+09:00,3600.0,3600.0,3600.0,3600.0,1,0.0,0.0
2024-09-04 11:37:00+09:00,3600.0,3610.0,3600.0,3610.0,501,0.0,0.0
2024-09-04 11:39:00+09:00,3605.0,3605.0,3605.0,3605.0,1336,0.0,0.0
2024-09-04 11:40:00+09:00,3610.0,3610.0,3610.0,3610.0,0,0.0,0.0
2024-09-04 11:43:00+09:00,3610.0,3610.0,3610.0,3610.0,1,0.0,0.0
2024-09-04 11:50:00+09:00,3610.0,3610.0,3610.0,3610.0,2,0.0,0.0
2024-09-04 11:55:00+09:00,3610.0,3610.0,3610.0,3610.0,511,0.0,0.0
2024-09-04 11:57:00+09:00,3615.0,3615.0,3615.0,3615.0,0,0.0,0.0
2024-09-04 11:59:00+09:00,3610.0,3615.0,3610.0,3615.0,498,0.0,0.0
2024-09-04 12:06:00+09:00,3615.0,3615.0,3615.0,3615.0,7,0.0,0.0
2024-09-04 12:09:00+09:00,3610.0,3610.0,3610.0,3610.0,66,0.0,0.0
2024-09-04 12:10:00+09:00,3615.0,3615.0,3615.0,3615.0,0,0.0,0.0
2024-09-04 12:19:00+09:00,3610.0,3610.0,3610.0,3610.0,2,0.0,0.0
2024-09-04 12:26:00+09:00,3600.0,3600.0,3600.0,3600.0,1439,0.0,0.0
2024-09-04 12:28:00+09:00,3610.0,3610.0,3610.0,3610.0,0,0.0,0.0
2024-09-04 12:29:00+09:00,3610.0,3610.0,3610.0,3610.0,399,0.0,0.0
2024-09-04 12:32:00+09:00,3600.0,3600.0,3600.0,3600.0,0,0.0,0.0
2024-09-04 12:34:00+09:00,3595.0,3595.0,3595.0,3595.0,744,0.0,0.0
2024-09-04 12:36:00+09:00,3615.0,3615.0,3615.0,3615.0,0,0.0,0.0
2024-09-04 12:38:00+09:00,3590.0,3615.0,3590.0,3615.0,1002,0.0,0.0
2024-09-04 12:41:00+09:00,3605.0,3610.0,3590.0,3610.0,1011,0.0,0.0
2024-09-04 12:52:00+09:00,3610.0,3610.0,3605.0,3605.0,4,0.0,0.0
2024-09-04 12:53:00+09:00,3610.0,3610.0,3610.0,3610.0,4,0.0,0.0
2024-09-04 12:54:00+09:00,3610.0,3625.0,3610.0,3625.0,2298,0.0,0.0
2024-09-04 12:56:00+09:00,3625.0,3625.0,3625.0,3625.0,0,0.0,0.0
2024-09-04 13:01:00+09:00,3625.0,3625.0,3625.0,3625.0,4,0.0,0.0
2024-09-04 13:04:00+09:00,3625.0,3625.0,3625.0,3625.0,1,0.0,0.0
2024-09-04 13:14:00+09:00,3625.0,3625.0,3625.0,3625.0,10,0.0,0.0
2024-09-04 13:24:00+09:00,3625.0,3625.0,3625.0,3625.0,2,0.0,0.0
2024-09-04 13:31:00+09:00,3625.0,3625.0,3625.0,3625.0,0,0.0,0.0
2024-09-04 13:33:00+09:00,3625.0,3625.0,3625.0,3625.0,2,0.0,0.0
2024-09-04 13:34:00+09:00,3625.0,3650.0,3625.0,3650.0,1183,0.0,0.0
2024-09-04 13:35:00+09:00,3650.0,3650.0,3650.0,3650.0,0,0.0,0.0
2024-09-04 13:36:00+09:00,3645.0,3645.0,3645.0,3645.0,14,0.0,0.0
2024-09-04 13:40:00+09:00,3645.0,3645.0,3645.0,3645.0,5,0.0,0.0
2024-09-04 13:41:00+09:00,3650.0,3650.0,3650.0,3650.0,3,0.0,0.0
2024-09-04 13:42:00+09:00,3650.0,3660.0,3650.0,3660.0,1350,0.0,0.0
2024-09-04 13:52:00+09:00,3635.0,3660.0,3635.0,3660.0,1000,0.0,0.0
2024-09-04 13:53:00+09:00,3650.0,3655.0,3650.0,3655.0,781,0.0,0.0
2024-09-04 13:55:00+09:00,3650.0,3650.0,3650.0,3650.0,0,0.0,0.0
2024-09-04 13:56:00+09:00,3650.0,3650.0,3650.0,3650.0,2,0.0,0.0
2024-09-04 14:01:00+09:00,3650.0,3655.0,3650.0,3655.0,498,0.0,0.0
2024-09-04 14:05:00+09:00,3650.0,3650.0,3650.0,3650.0,4,0.0,0.0
2024-09-04 14:06:00+09:00,3625.0,3625.0,3625.0,3625.0,534,0.0,0.0
2024-09-04 14:07:00+09:00,3625.0,3625.0,3625.0,3625.0,0,0.0,0.0
2024-09-04 14:11:00+09:00,3620.0,3620.0,3580.0,3620.0,4003,0.0,0.0
2024-09-04 14:13:00+09:00,3615.0,3615.0,3615.0,3615.0,1,0.0,0.0
2024-09-04 14:14:00+09:00,3615.0,3615.0,3615.0,3615.0,3,0.0,0.0
2024-09-04 14:15:00+09:00,3615.0,3620.0,3615.0,3620.0,500,0.0,0.0
2024-09-04 14:17:00+09:00,3600.0,3600.0,3600.0,3600.0,143,0.0,0.0
2024-09-04 14:18:00+09:00,3620.0,3620.0,3620.0,3620.0,0,0.0,0.0
2024-09-04 14:19:00+09:00,3620.0,3620.0,3590.0,3620.0,1002,0.0,0.0
2024-09-04 14:20:00+09:00,3595.0,3615.0,3590.0,3615.0,1002,0.0,0.0
2024-09-04 14:35:00+09:00,3615.0,3620.0,3615.0,3620.0,977,0.0,0.0
2024-09-04 14:36:00+09:00,3620.0,3620.0,3620.0,3620.0,0,0.0,0.0
2024-09-04 14:37:00+09:00,3620.0,3620.0,3620.0,3620.0,30,0.0,0.0
2024-09-04 14:38:00+09:00,3620.0,3620.0,3620.0,3620.0,42,0.0,0.0
2024-09-04 14:39:00+09:00,3620.0,3625.0,3620.0,3625.0,588,0.0,0.0
2024-09-04 14:40:00+09:00,3625.0,3630.0,3625.0,3630.0,207,0.0,0.0
2024-09-04 14:41:00+09:00,3630.0,3650.0,3630.0,3650.0,200,0.0,0.0
2024-09-04 14:46:00+09:00,3635.0,3635.0,3635.0,3635.0,21,0.0,0.0
2024-09-04 14:47:00+09:00,3635.0,3635.0,3635.0,3635.0,40,0.0,0.0
2024-09-04 14:49:00+09:00,3635.0,3645.0,3635.0,3645.0,271,0.0,0.0
2024-09-04 14:55:00+09:00,3640.0,3640.0,3640.0,3640.0,15,0.0,0.0
2024-09-04 14:56:00+09:00,3630.0,3630.0,3630.0,3630.0,22,0.0,0.0
2024-09-04 14:58:00+09:00,3630.0,3630.0,3625.0,3625.0,306,0.0,0.0
2024-09-05 09:00:00+09:00,3605.0,3605.0,3585.0,3605.0,853,0.0,0.0
2024-09-05 09:01:00+09:00,3615.0,3615.0,3610.0,3610.0,0,0.0,0.0
2024-09-05 09:02:00+09:00,3610.0,3610.0,3610.0,3610.0,1,0.0,0.0
2024-09-05 09:04:00+09:00,3610.0,3655.0,3610.0,3655.0,2259,0.0,0.0
2024-09-05 09:05:00+09:00,3645.0,3725.0,3645.0,3720.0,424,0.0,0.0
2024-09-05 09:06:00+09:00,3695.0,3695.0,3695.0,3695.0,0,0.0,0.0
2024-09-05 09:10:00+09:00,3655.0,3655.0,3655.0,3655.0,2,0.0,0.0
2024-09-05 09:11:00+09:00,3635.0,3635.0,3635.0,3635.0,19,0.0,0.0
2024-09-05 09:12:00+09:00,3655.0,3655.0,3655.0,3655.0,0,0.0,0.0
2024-09-05 09:13:00+09:00,3635.0,3650.0,3630.0,3650.0,5,0.0,0.0
2024-09-05 09:19:00+09:00,3625.0,3625.0,3625.0,3625.0,329,0.0,0.0
2024-09-05 09:21:00+09:00,3625.0,3650.0,3625.0,3650.0,0,0.0,0.0
2024-09-05 09:24:00+09:00,3640.0,3640.0,3640.0,3640.0,2,0.0,0.0
2024-09-05 09:26:00+09:00,3640.0,3640.0,3620.0,3640.0,1224,0.0,0.0
2024-09-05 09:27:00+09:00,3615.0,3640.0,3605.0,3640.0,315,0.0,0.0
2024-09-05 09:34:00+09:00,3635.0,3635.0,3630.0,3630.0,26,0.0,0.0
2024-09-05 09:36:00+09:00,3630.0,3630.0,3630.0,3630.0,54,0.0,0.0
2024-09-05 09:37:00+09:00,3625.0,3625.0,3605.0,3625.0,503,0.0,0.0
2024-09-05 09:39:00+09:00,3625.0,3625.0,3625.0,3625.0,2,0.0,0.0
2024-09-05 09:40:00+09:00,3605.0,3625.0,3600.0,3600.0,1300,0.0,0.0
2024-09-05 09:41:00+09:00,3625.0,3625.0,3625.0,3625.0,4,0.0,0.0
2024-09-05 09:42:00+09:00,3600.0,3625.0,3525.0,3625.0,2645,0.0,0.0
2024-09-05 09:43:00+09:00,3615.0,3615.0,3615.0,3615.0,158,0.0,0.0
2024-09-05 09:44:00+09:00,3610.0,3620.0,3610.0,3620.0,654,0.0,0.0
2024-09-05 09:45:00+09:00,3615.0,3615.0,3615.0,3615.0,0,0.0,0.0
2024-09-05 09:47:00+09:00,3620.0,3620.0,3620.0,3620.0,0,0.0,0.0
2024-09-05 09:49:00+09:00,3615.0,3615.0,3615.0,3615.0,4,0.0,0.0
2024-09-05 09:53:00+09:00,3600.0,3615.0,3600.0,3615.0,62,0.0,0.0
2024-09-05 09:56:00+09:00,3615.0,3625.0,3615.0,3625.0,90,0.0,0.0
2024-09-05 09:57:00+09:00,3625.0,3630.0,3625.0,3630.0,6,0.0,0.0
2024-09-05 10:01:00+09:00,3625.0,3625.0,3625.0,3625.0,3,0.0,0.0
2024-09-05 10:09:00+09:00,3605.0,3605.0,3605.0,3605.0,83,0.0,0.0
2024-09-05 10:10:00+09:00,3600.0,3600.0,3595.0,3595.0,175,0.0,0.0
2024-09-05 10:11:00+09:00,3605.0,3605.0,3605.0,3605.0,0,0.0,0.0
2024-09-05 10:18:00+09:00,3605.0,3605.0,3605.0,3605.0,1,0.0,0.0
2024-09-05 10:23:00+09:00,3590.0,3590.0,3590.0,3590.0,399,0.0,0.0
2024-09-05 10:24:00+09:00,3605.0,3605.0,3605.0,3605.0,0,0.0,0.0
2024-09-05 10:25:00+09:00,3590.0,3605.0,3590.0,3590.0,3,0.0,0.0
2024-09-05 10:26:00+09:00,3605.0,3605.0,3605.0,3605.0,0,0.0,0.0
2024-09-05 10:35:00+09:00,3600.0,3600.0,3590.0,3590.0,469,0.0,0.0
2024-09-05 10:36:00+09:00,3600.0,3600.0,3600.0,3600.0,0,0.0,0.0
2024-09-05 10:39:00+09:00,3600.0,3600.0,3600.0,3600.0,963,0.0,0.0
2024-09-05 10:40:00+09:00,3600.0,3605.0,3600.0,3605.0,0,0.0,0.0
2024-09-05 10:45:00+09:00,3600.0,3600.0,3600.0,3600.0,300,0.0,0.0
2024-09-05 10:49:00+09:00,3590.0,3600.0,3590.0,3600.0,32,0.0,0.0
2024-09-05 10:52:00+09:00,3605.0,3605.0,3605.0,3605.0,551,0.0,0.0
2024-09-05 10:59:00+09:00,3585.0,3585.0,3565.0,3580.0,3750,0.0,0.0
2024-09-05 11:03:00+09:00,3565.0,3575.0,3555.0,3575.0,2376,0.0,0.0
2024-09-05 11:05:00+09:00,3575.0,3580.0,3575.0,3580.0,22,0.0,0.0
2024-09-05 11:06:00+09:00,3555.0,3555.0,3545.0,3545.0,999,0.0,0.0
2024-09-05 11:08:00+09:00,3550.0,3550.0,3545.0,3545.0,1246,0.0,0.0
2024-09-05 11:09:00+09:00,3545.0,3550.0,3545.0,3550.0,0,0.0,0.0
2024-09-05 11:17:00+09:00,3540.0,3540.0,3540.0,3540.0,199,0.0,0.0
2024-09-05 11:18:00+09:00,3540.0,3540.0,3520.0,3525.0,748,0.0,0.0
2024-09-05 11:19:00+09:00,3515.0,3515.0,3515.0,3515.0,28,0.0,0.0
2024-09-05 11:20:00+09:00,3510.0,3510.0,3500.0,3500.0,1058,0.0,0.0
2024-09-05 11:21:00+09:00,3500.0,3500.0,3490.0,3490.0,1496,0.0,0.0
2024-09-05 11:22:00+09:00,3495.0,3500.0,3490.0,3500.0,6779,0.0,0.0
2024-09-05 11:23:00+09:00,3510.0,3510.0,3510.0,3510.0,0,0.0,0.0
2024-09-05 11:25:00+09:00,3490.0,3510.0,3490.0,3510.0,249,0.0,0.0
2024-09-05 11:26:00+09:00,3510.0,3510.0,3510.0,3510.0,19,0.0,0.0
2024-09-05 11:29:00+09:00,3485.0,3510.0,3485.0,3510.0,200,0.0,0.0
2024-09-05 11:31:00+09:00,3485.0,3510.0,3485.0,3510.0,0,0.0,0.0
2024-09-05 11:32:00+09:00,3505.0,3520.0,3505.0,3520.0,1170,0.0,0.0
2024-09-05 11:34:00+09:00,3525.0,3525.0,3525.0,3525.0,2266,0.0,0.0
2024-09-05 11:36:00+09:00,3540.0,3540.0,3540.0,3540.0,0,0.0,0.0
2024-09-05 11:38:00+09:00,3540.0,3540.0,3540.0,3540.0,2,0.0,0.0
2024-09-05 11:41:00+09:00,3540.0,3540.0,3540.0,3540.0,39,0.0,0.0
2024-09-05 11:42:00+09:00,3540.0,3540.0,3540.0,3540.0,1496,0.0,0.0
2024-09-05 11:43:00+09:00,3540.0,3540.0,3540.0,3540.0,0,0.0,0.0
2024-09-05 11:44:00+09:00,3540.0,3540.0,3540.0,3540.0,1115,0.0,0.0
2024-09-05 11:45:00+09:00,3540.0,3540.0,3540.0,3540.0,111,0.0,0.0
2024-09-05 11:46:00+09:00,3570.0,3570.0,3570.0,3570.0,0,0.0,0.0
2024-09-05 11:49:00+09:00,3555.0,3555.0,3555.0,3555.0,10,0.0,0.0
2024-09-05 11:58:00+09:00,3550.0,3550.0,3540.0,3540.0,1712,0.0,0.0
2024-09-05 12:00:00+09:00,3555.0,3555.0,3555.0,3555.0,0,0.0,0.0
2024-09-05 12:25:00+09:00,3545.0,3545.0,3545.0,3545.0,7,0.0,0.0
2024-09-05 12:30:00+09:00,3525.0,3525.0,3510.0,3510.0,1410,0.0,0.0
2024-09-05 12:32:00+09:00,3505.0,3505.0,3490.0,3490.0,3900,0.0,0.0
2024-09-05 12:34:00+09:00,3485.0,3485.0,3485.0,3485.0,226,0.0,0.0
2024-09-05 12:35:00+09:00,3505.0,3505.0,3505.0,3505.0,0,0.0,0.0
2024-09-05 12:38:00+09:00,3485.0,3485.0,3480.0,3480.0,2285,0.0,0.0
2024-09-05 12:39:00+09:00,3480.0,3480.0,3480.0,3480.0,0,0.0,0.0
2024-09-05 12:40:00+09:00,3475.0,3485.0,3475.0,3485.0,2085,0.0,0.0
2024-09-05 12:42:00+09:00,3490.0,3505.0,3490.0,3505.0,529,0.0,0.0
2024-09-05 12:51:00+09:00,3495.0,3495.0,3490.0,3490.0,176,0.0,0.0
2024-09-05 12:52:00+09:00,3490.0,3490.0,3490.0,3490.0,200,0.0,0.0
2024-09-05 12:54:00+09:00,3490.0,3490.0,3490.0,3490.0,378,0.0,0.0
2024-09-05 12:55:00+09:00,3480.0,3495.0,3480.0,3495.0,23,0.0,0.0
2024-09-05 12:56:00+09:00,3480.0,3480.0,3425.0,3425.0,4197,0.0,0.0
2024-09-05 12:58:00+09:00,3450.0,3450.0,3435.0,3435.0,0,0.0,0.0
2024-09-05 12:59:00+09:00,3440.0,3440.0,3435.0,3435.0,1917,0.0,0.0
2024-09-05 13:00:00+09:00,3435.0,3465.0,3435.0,3465.0,967,0.0,0.0
2024-09-05 13:01:00+09:00,3465.0,3470.0,3465.0,3470.0,0,0.0,0.0
2024-09-05 13:02:00+09:00,3485.0,3485.0,3485.0,3485.0,0,0.0,0.0
2024-09-05 13:03:00+09:00,3485.0,3490.0,3485.0,3490.0,69,0.0,0.0
2024-09-05 13:06:00+09:00,3475.0,3475.0,3475.0,3475.0,980,0.0,0.0
2024-09-05 13:07:00+09:00,3475.0,3475.0,3460.0,3460.0,698,0.0,0.0
2024-09-05 13:08:00+09:00,3485.0,3485.0,3485.0,3485.0,0,0.0,0.0
2024-09-05 13:09:00+09:00,3485.0,3495.0,3485.0,3495.0,8662,0.0,0.0
2024-09-05 13:10:00+09:00,3490.0,3490.0,3490.0,3490.0,217,0.0,0.0
2024-09-05 13:13:00+09:00,3480.0,3480.0,3480.0,3480.0,0,0.0,0.0
2024-09-05 13:14:00+09:00,3490.0,3490.0,3490.0,3490.0,1,0.0,0.0
2024-09-05 13:15:00+09:00,3490.0,3500.0,3490.0,3500.0,2099,0.0,0.0
2024-09-05 13:16:00+09:00,3505.0,3505.0,3470.0,3470.0,0,0.0,0.0
2024-09-05 13:17:00+09:00,3505.0,3505.0,3500.0,3500.0,1,0.0,0.0
2024-09-05 13:18:00+09:00,3500.0,3500.0,3500.0,3500.0,1000,0.0,0.0
2024-09-05 13:26:00+09:00,3470.0,3470.0,3465.0,3465.0,830,0.0,0.0
2024-09-05 13:27:00+09:00,3470.0,3470.0,3470.0,3470.0,670,0.0,0.0
2024-09-05 13:28:00+09:00,3470.0,3470.0,3460.0,3460.0,1034,0.0,0.0
2024-09-05 13:29:00+09:00,3460.0,3460.0,3460.0,3460.0,0,0.0,0.0
2024-09-05 13:34:00+09:00,3480.0,3480.0,3480.0,3480.0,6,0.0,0.0
2024-09-05 13:36:00+09:00,3480.0,3480.0,3480.0,3480.0,17,0.0,0.0
2024-09-05 13:39:00+09:00,3460.0,3460.0,3445.0,3445.0,7765,0.0,0.0
2024-09-05 13:42:00+09:00,3450.0,3450.0,3450.0,3450.0,0,0.0,0.0
2024-09-05 13:45:00+09:00,3445.0,3445.0,3440.0,3440.0,69,0.0,0.0
2024-09-05 13:49:00+09:00,3450.0,3450.0,3450.0,3450.0,246,0.0,0.0
2024-09-05 13:53:00+09:00,3460.0,3460.0,3460.0,3460.0,197,0.0,0.0
2024-09-05 13:55:00+09:00,3470.0,3470.0,3470.0,3470.0,0,0.0,0.0
2024-09-05 14:00:00+09:00,3465.0,3465.0,3465.0,3465.0,188,0.0,0.0
2024-09-05 14:01:00+09:00,3450.0,3450.0,3450.0,3450.0,411,0.0,0.0
2024-09-05 14:06:00+09:00,3450.0,3450.0,3450.0,3450.0,690,0.0,0.0
2024-09-05 14:13:00+09:00,3450.0,3470.0,3435.0,3470.0,1104,0.0,0.0
2024-09-05 14:18:00+09:00,3470.0,3470.0,3470.0,3470.0,8,0.0,0.0
2024-09-05 14:23:00+09:00,3450.0,3450.0,3450.0,3450.0,71,0.0,0.0
2024-09-05 14:24:00+09:00,3470.0,3470.0,3470.0,3470.0,0,0.0,0.0
2024-09-05 14:25:00+09:00,3440.0,3440.0,3440.0,3440.0,798,0.0,0.0
2024-09-05 14:26:00+09:00,3470.0,3470.0,3440.0,3470.0,206,0.0,0.0
2024-09-05 14:28:00+09:00,3470.0,3470.0,3470.0,3470.0,518,0.0,0.0
2024-09-05 14:32:00+09:00,3470.0,3470.0,3470.0,3470.0,0,0.0,0.0
2024-09-05 14:38:00+09:00,3470.0,3490.0,3470.0,3490.0,2441,0.0,0.0
2024-09-05 14:39:00+09:00,3490.0,3490.0,3490.0,3490.0,9,0.0,0.0
2024-09-05 14:44:00+09:00,3475.0,3475.0,3475.0,3475.0,71,0.0,0.0
2024-09-05 14:45:00+09:00,3490.0,3490.0,3490.0,3490.0,0,0.0,0.0
2024-09-05 14:48:00+09:00,3490.0,3490.0,3490.0,3490.0,9,0.0,0.0
2024-09-05 14:49:00+09:00,3490.0,3490.0,3490.0,3490.0,0,0.0,0.0
2024-09-05 14:57:00+09:00,3485.0,3485.0,3485.0,3485.0,10,0.0,0.0
2024-09-06 09:00:00+09:00,3445.0,3470.0,3445.0,3470.0,3179,0.0,0.0
2024-09-06 09:01:00+09:00,3475.0,3475.0,3475.0,3475.0,1951,0.0,0.0
2024-09-06 09:02:00+09:00,3475.0,3475.0,3475.0,3475.0,0,0.0,0.0
2024-09-06 09:03:00+09:00,3475.0,3500.0,3475.0,3500.0,4715,0.0,0.0
2024-09-06 09:04:00+09:00,3515.0,3515.0,3475.0,3500.0,664,0.0,0.0
2024-09-06 09:06:00+09:00,3500.0,3505.0,3500.0,3505.0,102,0.0,0.0
2024-09-06 09:09:00+09:00,3490.0,3490.0,3485.0,3485.0,961,0.0,0.0
2024-09-06 09:10:00+09:00,3485.0,3510.0,3485.0,3510.0,2889,0.0,0.0
2024-09-06 09:11:00+09:00,3510.0,3545.0,3510.0,3545.0,8246,0.0,0.0
2024-09-06 09:12:00+09:00,3555.0,3555.0,3555.0,3555.0,2,0.0,0.0
2024-09-06 09:13:00+09:00,3555.0,3555.0,3555.0,3555.0,851,0.0,0.0
2024-09-06 09:15:00+09:00,3535.0,3535.0,3530.0,3530.0,3198,0.0,0.0
2024-09-06 09:16:00+09:00,3550.0,3550.0,3495.0,3495.0,5777,0.0,0.0
2024-09-06 09:17:00+09:00,3510.0,3510.0,3495.0,3500.0,4341,0.0,0.0
2024-09-06 09:18:00+09:00,3490.0,3515.0,3490.0,3490.0,774,0.0,0.0
2024-09-06 09:19:00+09:00,3495.0,3495.0,3485.0,3485.0,4825,0.0,0.0
2024-09-06 09:20:00+09:00,3480.0,3505.0,3475.0,3475.0,2002,0.0,0.0
2024-09-06 09:21:00+09:00,3480.0,3480.0,3450.0,3460.0,3689,0.0,0.0
2024-09-06 09:22:00+09:00,3450.0,3450.0,3450.0,3450.0,0,0.0,0.0
2024-09-06 09:23:00+09:00,3450.0,3450.0,3430.0,3430.0,2246,0.0,0.0
2024-09-06 09:24:00+09:00,3435.0,3435.0,3435.0,3435.0,0,0.0,0.0
2024-09-06 09:25:00+09:00,3435.0,3435.0,3415.0,3415.0,215,0.0,0.0
2024-09-06 09:28:00+09:00,3420.0,3420.0,3415.0,3415.0,376,0.0,0.0
2024-09-06 09:29:00+09:00,3415.0,3415.0,3415.0,3415.0,482,0.0,0.0
2024-09-06 09:30:00+09:00,3410.0,3435.0,3410.0,3435.0,1122,0.0,0.0
2024-09-06 09:31:00+09:00,3405.0,3405.0,3405.0,3405.0,479,0.0,0.0
2024-09-06 09:32:00+09:00,3430.0,3440.0,3430.0,3440.0,2277,0.0,0.0
2024-09-06 09:34:00+09:00,3450.0,3450.0,3440.0,3450.0,0,0.0,0.0
2024-09-06 09:36:00+09:00,3450.0,3450.0,3450.0,3450.0,137,0.0,0.0
2024-09-06 09:37:00+09:00,3450.0,3450.0,3450.0,3450.0,0,0.0,0.0
2024-09-06 09:39:00+09:00,3430.0,3430.0,3420.0,3420.0,142,0.0,0.0
2024-09-06 09:40:00+09:00,3445.0,3445.0,3445.0,3445.0,0,0.0,0.0
2024-09-06 09:42:00+09:00,3420.0,3420.0,3420.0,3420.0,311,0.0,0.0
2024-09-06 09:43:00+09:00,3420.0,3425.0,3420.0,3425.0,164,0.0,0.0
2024-09-06 09:44:00+09:00,3430.0,3430.0,3430.0,3430.0,0,0.0,0.0
2024-09-06 09:46:00+09:00,3430.0,3430.0,3430.0,3430.0,199,0.0,0.0
2024-09-06 09:48:00+09:00,3430.0,3445.0,3430.0,3445.0,762,0.0,0.0
2024-09-06 09:49:00+09:00,3445.0,3460.0,3445.0,3460.0,1784,0.0,0.0
2024-09-06 09:50:00+09:00,3460.0,3460.0,3450.0,3450.0,1404,0.0,0.0
2024-09-06 09:51:00+09:00,3435.0,3435.0,3430.0,3430.0,202,0.0,0.0
2024-09-06 09:52:00+09:00,3435.0,3440.0,3435.0,3440.0,1230,0.0,0.0
2024-09-06 09:53:00+09:00,3440.0,3445.0,3440.0,3445.0,412,0.0,0.0
2024-09-06 09:54:00+09:00,3450.0,3450.0,3450.0,3450.0,269,0.0,0.0
2024-09-06 09:56:00+09:00,3455.0,3465.0,3455.0,3465.0,3418,0.0,0.0
2024-09-06 09:57:00+09:00,3475.0,3480.0,3475.0,3480.0,373,0.0,0.0
2024-09-06 09:58:00+09:00,3480.0,3485.0,3480.0,3485.0,4580,0.0,0.0
2024-09-06 10:00:00+09:00,3485.0,3500.0,3485.0,3500.0,0,0.0,0.0
2024-09-06 10:02:00+09:00,3495.0,3495.0,3495.0,3495.0,63,0.0,0.0
2024-09-06 10:03:00+09:00,3485.0,3485.0,3485.0,3485.0,563,0.0,0.0
2024-09-06 10:04:00+09:00,3500.0,3500.0,3480.0,3480.0,391,0.0,0.0
2024-09-06 10:07:00+09:00,3480.0,3500.0,3480.0,3500.0,23,0.0,0.0
2024-09-06 10:16:00+09:00,3480.0,3480.0,3480.0,3480.0,1000,0.0,0.0
2024-09-06 10:17:00+09:00,3500.0,3500.0,3500.0,3500.0,0,0.0,0.0
2024-09-06 10:18:00+09:00,3500.0,3500.0,3500.0,3500.0,0,0.0,0.0
2024-09-06 10:19:00+09:00,3480.0,3480.0,3480.0,3480.0,380,0.0,0.0
2024-09-06 10:21:00+09:00,3500.0,3500.0,3500.0,3500.0,1,0.0,0.0
2024-09-06 10:29:00+09:00,3500.0,3500.0,3500.0,3500.0,10,0.0,0.0
2024-09-06 10:35:00+09:00,3480.0,3480.0,3480.0,3480.0,105,0.0,0.0
2024-09-06 10:37:00+09:00,3500.0,3500.0,3500.0,3500.0,0,0.0,0.0
2024-09-06 10:41:00+09:00,3475.0,3475.0,3470.0,3470.0,161,0.0,0.0
2024-09-06 10:42:00+09:00,3490.0,3490.0,3490.0,3490.0,0,0.0,0.0
2024-09-06 10:45:00+09:00,3490.0,3500.0,3490.0,3500.0,624,0.0,0.0
2024-09-06 10:46:00+09:00,3500.0,3500.0,3500.0,3500.0,0,0.0,0.0
2024-09-06 10:54:00+09:00,3500.0,3500.0,3500.0,3500.0,0,0.0,0.0
2024-09-06 10:59:00+09:00,3480.0,3500.0,3480.0,3500.0,383,0.0,0.0
2024-09-06 11:10:00+09:00,3500.0,3500.0,3500.0,3500.0,14,0.0,0.0
2024-09-06 11:36:00+09:00,3480.0,3490.0,3480.0,3490.0,137,0.0,0.0
2024-09-06 11:40:00+09:00,3480.0,3480.0,3480.0,3480.0,744,0.0,0.0
2024-09-06 11:44:00+09:00,3480.0,3480.0,3480.0,3480.0,170,0.0,0.0
2024-09-06 11:45:00+09:00,3480.0,3480.0,3480.0,3480.0,0,0.0,0.0
2024-09-06 11:50:00+09:00,3480.0,3480.0,3480.0,3480.0,26,0.0,0.0
2024-09-06 11:52:00+09:00,3480.0,3480.0,3480.0,3480.0,0,0.0,0.0
2024-09-06 11:53:00+09:00,3480.0,3480.0,3480.0,3480.0,1176,0.0,0.0
2024-09-06 11:54:00+09:00,3475.0,3475.0,3470.0,3470.0,1471,0.0,0.0
2024-09-06 11:55:00+09:00,3460.0,3460.0,3460.0,3460.0,400,0.0,0.0
2024-09-06 11:56:00+09:00,3460.0,3460.0,3460.0,3460.0,1766,0.0,0.0
2024-09-06 11:57:00+09:00,3455.0,3455.0,3455.0,3455.0,0,0.0,0.0
2024-09-06 11:58:00+09:00,3455.0,3455.0,3445.0,3450.0,3881,0.0,0.0
2024-09-06 12:07:00+09:00,3455.0,3455.0,3455.0,3455.0,2,0.0,0.0
2024-09-06 12:08:00+09:00,3455.0,3455.0,3455.0,3455.0,56,0.0,0.0
2024-09-06 12:10:00+09:00,3455.0,3455.0,3455.0,3455.0,0,0.0,0.0
2024-09-06 12:22:00+09:00,3440.0,3440.0,3430.0,3430.0,1000,0.0,0.0
2024-09-06 12:30:00+09:00,3430.0,3430.0,3430.0,3430.0,1232,0.0,0.0
2024-09-06 12:34:00+09:00,3420.0,3420.0,3420.0,3420.0,100,0.0,0.0
2024-09-06 12:42:00+09:00,3420.0,3420.0,3420.0,3420.0,3,0.0,0.0
2024-09-06 12:51:00+09:00,3425.0,3425.0,3425.0,3425.0,15,0.0,0.0
2024-09-06 13:00:00+09:00,3420.0,3420.0,3390.0,3390.0,5746,0.0,0.0
2024-09-06 13:01:00+09:00,3390.0,3395.0,3390.0,3395.0,481,0.0,0.0
2024-09-06 13:03:00+09:00,3395.0,3395.0,3390.0,3390.0,656,0.0,0.0
2024-09-06 13:04:00+09:00,3390.0,3390.0,3385.0,3385.0,247,0.0,0.0
2024-09-06 13:12:00+09:00,3385.0,3385.0,3360.0,3360.0,3999,0.0,0.0
2024-09-06 13:13:00+09:00,3365.0,3380.0,3360.0,3380.0,5004,0.0,0.0
2024-09-06 13:15:00+09:00,3380.0,3385.0,3380.0,3385.0,1001,0.0,0.0
2024-09-06 13:16:00+09:00,3385.0,3385.0,3385.0,3385.0,999,0.0,0.0
2024-09-06 13:19:00+09:00,3385.0,3385.0,3385.0,3385.0,500,0.0,0.0
2024-09-06 13:29:00+09:00,3360.0,3365.0,3340.0,3365.0,3178,0.0,0.0
2024-09-06 13:33:00+09:00,3350.0,3350.0,3295.0,3295.0,5999,0.0,0.0
2024-09-06 13:35:00+09:00,3360.0,3380.0,3330.0,3330.0,1567,0.0,0.0
2024-09-06 13:38:00+09:00,3340.0,3360.0,3340.0,3360.0,197,0.0,0.0
2024-09-06 13:39:00+09:00,3360.0,3360.0,3360.0,3360.0,10,0.0,0.0
2024-09-06 13:40:00+09:00,3360.0,3360.0,3360.0,3360.0,10,0.0,0.0
2024-09-06 13:41:00+09:00,3365.0,3390.0,3365.0,3390.0,1485,0.0,0.0
2024-09-06 13:42:00+09:00,3395.0,3395.0,3395.0,3395.0,265,0.0,0.0
2024-09-06 13:44:00+09:00,3400.0,3400.0,3390.0,3390.0,627,0.0,0.0
2024-09-06 13:47:00+09:00,3385.0,3385.0,3385.0,3385.0,0,0.0,0.0
2024-09-06 13:48:00+09:00,3395.0,3405.0,3395.0,3405.0,256,0.0,0.0
2024-09-06 13:51:00+09:00,3405.0,3405.0,3405.0,3405.0,58,0.0,0.0
2024-09-06 13:52:00+09:00,3410.0,3430.0,3410.0,3430.0,492,0.0,0.0
2024-09-06 13:54:00+09:00,3425.0,3425.0,3425.0,3425.0,2,0.0,0.0
2024-09-06 13:55:00+09:00,3380.0,3380.0,3380.0,3380.0,1,0.0,0.0
2024-09-06 13:57:00+09:00,3420.0,3430.0,3420.0,3430.0,12,0.0,0.0
2024-09-06 14:00:00+09:00,3430.0,3440.0,3430.0,3440.0,1540,0.0,0.0
2024-09-06 14:01:00+09:00,3440.0,3440.0,3430.0,3430.0,0,0.0,0.0
2024-09-06 14:02:00+09:00,3440.0,3440.0,3440.0,3440.0,0,0.0,0.0
2024-09-06 14:07:00+09:00,3440.0,3450.0,3440.0,3450.0,703,0.0,0.0
2024-09-06 14:08:00+09:00,3450.0,3470.0,3450.0,3470.0,27,0.0,0.0
2024-09-06 14:09:00+09:00,3470.0,3470.0,3470.0,3470.0,0,0.0,0.0
2024-09-06 14:15:00+09:00,3455.0,3460.0,3455.0,3460.0,134,0.0,0.0
2024-09-06 14:16:00+09:00,3455.0,3470.0,3455.0,3465.0,0,0.0,0.0
2024-09-06 14:24:00+09:00,3460.0,3470.0,3445.0,3470.0,36,0.0,0.0
2024-09-06 14:25:00+09:00,3465.0,3465.0,3465.0,3465.0,1997,0.0,0.0
2024-09-06 14:26:00+09:00,3465.0,3465.0,3465.0,3465.0,0,0.0,0.0
2024-09-06 14:28:00+09:00,3440.0,3440.0,3365.0,3365.0,5263,0.0,0.0
2024-09-06 14:29:00+09:00,3440.0,3455.0,3440.0,3455.0,346,0.0,0.0
2024-09-06 14:31:00+09:00,3460.0,3460.0,3450.0,3450.0,675,0.0,0.0
2024-09-06 14:32:00+09:00,3450.0,3455.0,3450.0,3455.0,1420,0.0,0.0
2024-09-06 14:36:00+09:00,3440.0,3445.0,3440.0,3445.0,299,0.0,0.0
2024-09-06 14:38:00+09:00,3415.0,3415.0,3415.0,3415.0,10,0.0,0.0
2024-09-06 14:39:00+09:00,3440.0,3440.0,3440.0,3440.0,0,0.0,0.0
2024-09-06 14:49:00+09:00,3440.0,3440.0,3440.0,3440.0,27,0.0,0.0
2024-09-06 14:58:00+09:00,3400.0,3435.0,3400.0,3435.0,1484,0.0,0.0
