Datetime,Open,High,Low,Close,Volume,Dividends,Stock Splits
2024-05-29 09:30:00-04:00,53.130001068115234,53.130001068115234,53.130001068115234,53.130001068115234,0,0.0,0.0
2024-05-29 10:05:00-04:00,52.279998779296875,52.290000915527344,51.709999084472656,51.709999084472656,3729,0.0,0.0
2024-05-29 10:30:00-04:00,51.40999984741211,51.5,51.40999984741211,51.5,1001,0.0,0.0
2024-05-29 10:35:00-04:00,51.099998474121094,51.400001525878906,51.099998474121094,51.400001525878906,1092,0.0,0.0
2024-05-29 11:25:00-04:00,51.32500076293945,51.32500076293945,51.32500076293945,51.32500076293945,155,0.0,0.0
2024-05-29 11:30:00-04:00,51.58000183105469,51.58000183105469,51.58000183105469,51.58000183105469,2826,0.0,0.0
2024-05-29 13:30:00-04:00,51.31999969482422,51.470001220703125,51.31999969482422,51.470001220703125,934,0.0,0.0
2024-05-29 13:50:00-04:00,51.04999923706055,51.04999923706055,51.04999923706055,51.04999923706055,225,0.0,0.0
2024-05-29 13:55:00-04:00,51.15999984741211,51.970001220703125,51.15999984741211,51.970001220703125,5031,0.0,0.0
2024-05-29 14:10:00-04:00,52.0525016784668,52.310001373291016,52.0525016784668,52.310001373291016,448,0.0,0.0
2024-05-29 14:15:00-04:00,52.31999969482422,52.31999969482422,52.31999969482422,52.31999969482422,1303,0.0,0.0
2024-05-29 14:35:00-04:00,52.400001525878906,52.400001525878906,52.400001525878906,52.400001525878906,286,0.0,0.0
2024-05-29 14:40:00-04:00,52.7599983215332,52.7599983215332,52.5099983215332,52.5099983215332,1965,0.0,0.0
2024-05-29 15:30:00-04:00,52.29499816894531,52.29499816894531,52.18000030517578,52.18000030517578,1011,0.0,0.0
2024-05-29 15:40:00-04:00,52.11000061035156,52.11000061035156,52.11000061035156,52.11000061035156,4529,0.0,0.0
2024-05-29 15:55:00-04:00,51.6349983215332,51.6349983215332,51.5099983215332,51.5099983215332,1980,0.0,0.0
2024-05-30 10:40:00-04:00,52.33000183105469,52.33000183105469,51.7599983215332,51.7599983215332,1384,0.0,0.0
2024-05-30 10:50:00-04:00,52.689998626708984,52.689998626708984,52.689998626708984,52.689998626708984,798,0.0,0.0
2024-05-30 11:10:00-04:00,52.2599983215332,52.2599983215332,52.2599983215332,52.2599983215332,124,0.0,0.0
2024-05-30 11:15:00-04:00,52.262001037597656,52.262001037597656,52.262001037597656,52.262001037597656,625,0.0,0.0
2024-05-30 11:45:00-04:00,52.43000030517578,52.43000030517578,52.43000030517578,52.43000030517578,704,0.0,0.0
2024-05-30 12:15:00-04:00,52.15299987792969,52.15299987792969,52.15299987792969,52.15299987792969,329,0.0,0.0
2024-05-30 12:40:00-04:00,52.18000030517578,52.18000030517578,52.18000030517578,52.18000030517578,573,0.0,0.0
2024-05-30 12:45:00-04:00,52.43000030517578,52.43000030517578,52.43000030517578,52.43000030517578,934,0.0,0.0
2024-05-30 12:50:00-04:00,52.939998626708984,52.939998626708984,52.939998626708984,52.939998626708984,1096,0.0,0.0
2024-05-30 13:05:00-04:00,53.0099983215332,53.0099983215332,53.0099983215332,53.0099983215332,168,0.0,0.0
2024-05-30 13:10:00-04:00,52.9900016784668,52.9900016784668,52.9900016784668,52.9900016784668,617,0.0,0.0
2024-05-30 13:50:00-04:00,52.779998779296875,52.779998779296875,52.779998779296875,52.779998779296875,555,0.0,0.0
2024-05-30 14:15:00-04:00,52.900001525878906,52.92409896850586,52.900001525878906,52.92409896850586,1462,0.0,0.0
2024-05-30 14:55:00-04:00,52.790000915527344,52.790000915527344,52.790000915527344,52.790000915527344,760,0.0,0.0
2024-05-30 15:30:00-04:00,52.56999969482422,52.59000015258789,52.060001373291016,52.060001373291016,971,0.0,0.0
2024-05-30 15:35:00-04:00,51.900001525878906,51.91999816894531,51.900001525878906,51.91999816894531,1240,0.0,0.0
2024-05-30 15:45:00-04:00,51.7400016784668,51.7400016784668,51.43000030517578,51.43000030517578,1118,0.0,0.0
2024-05-30 15:50:00-04:00,51.52000045776367,51.540000915527344,51.52000045776367,51.540000915527344,374,0.0,0.0
2024-05-30 15:55:00-04:00,51.53499984741211,51.53499984741211,51.349998474121094,51.349998474121094,4350,0.0,0.0
2024-05-31 09:30:00-04:00,51.790000915527344,51.790000915527344,51.790000915527344,51.790000915527344,278,0.0,0.0
2024-05-31 09:50:00-04:00,52.27000045776367,52.349998474121094,52.27000045776367,52.349998474121094,481,0.0,0.0
2024-05-31 10:20:00-04:00,52.220001220703125,52.220001220703125,52.220001220703125,52.220001220703125,1289,0.0,0.0
2024-05-31 10:55:00-04:00,51.4900016784668,51.4900016784668,51.4900016784668,51.4900016784668,1474,0.0,0.0
2024-05-31 11:30:00-04:00,50.36000061035156,50.36000061035156,50.36000061035156,50.36000061035156,313,0.0,0.0
2024-05-31 11:40:00-04:00,50.11000061035156,50.11000061035156,50.11000061035156,50.11000061035156,281,0.0,0.0
2024-05-31 11:50:00-04:00,50.33000183105469,50.33000183105469,50.33000183105469,50.33000183105469,779,0.0,0.0
2024-05-31 12:20:00-04:00,51.20000076293945,51.20000076293945,51.20000076293945,51.20000076293945,307,0.0,0.0
2024-05-31 12:25:00-04:00,50.5432014465332,50.5432014465332,50.5432014465332,50.5432014465332,385,0.0,0.0
2024-05-31 12:30:00-04:00,50.4468994140625,50.4468994140625,50.4468994140625,50.4468994140625,318,0.0,0.0
2024-05-31 12:35:00-04:00,50.45479965209961,50.496498107910156,50.45479965209961,50.496498107910156,423,0.0,0.0
2024-05-31 12:40:00-04:00,50.959999084472656,51.02000045776367,50.959999084472656,51.02000045776367,554,0.0,0.0
2024-05-31 12:55:00-04:00,50.81999969482422,50.81999969482422,50.81999969482422,50.81999969482422,1059,0.0,0.0
2024-05-31 13:50:00-04:00,51.040000915527344,51.040000915527344,50.849998474121094,50.849998474121094,842,0.0,0.0
2024-05-31 13:55:00-04:00,50.70000076293945,50.70000076293945,50.70000076293945,50.70000076293945,904,0.0,0.0
2024-05-31 14:05:00-04:00,50.68000030517578,50.70000076293945,50.68000030517578,50.70000076293945,525,0.0,0.0
2024-05-31 14:10:00-04:00,50.70000076293945,50.70000076293945,50.70000076293945,50.70000076293945,764,0.0,0.0
2024-05-31 14:20:00-04:00,50.54999923706055,50.54999923706055,50.54999923706055,50.54999923706055,806,0.0,0.0
2024-05-31 14:25:00-04:00,50.42499923706055,50.42499923706055,50.29999923706055,50.40999984741211,2109,0.0,0.0
2024-05-31 14:30:00-04:00,50.29999923706055,50.29999923706055,50.29999923706055,50.29999923706055,1728,0.0,0.0
2024-05-31 14:35:00-04:00,50.33000183105469,50.33000183105469,50.29999923706055,50.29999923706055,931,0.0,0.0
2024-05-31 14:45:00-04:00,50.400001525878906,50.400001525878906,50.310001373291016,50.310001373291016,273,0.0,0.0
2024-05-31 14:50:00-04:00,50.400001525878906,50.404998779296875,50.400001525878906,50.404998779296875,421,0.0,0.0
2024-05-31 14:55:00-04:00,50.41999816894531,50.42499923706055,50.41999816894531,50.42499923706055,1156,0.0,0.0
2024-05-31 15:00:00-04:00,50.42499923706055,50.42499923706055,50.42499923706055,50.42499923706055,723,0.0,0.0
2024-05-31 15:10:00-04:00,50.42499923706055,50.43000030517578,50.42499923706055,50.43000030517578,669,0.0,0.0
2024-05-31 15:15:00-04:00,50.400001525878906,50.400001525878906,50.400001525878906,50.400001525878906,155,0.0,0.0
2024-05-31 15:20:00-04:00,50.44499969482422,50.44499969482422,50.44499969482422,50.44499969482422,303,0.0,0.0
2024-05-31 15:25:00-04:00,50.44499969482422,50.44499969482422,50.44499969482422,50.44499969482422,921,0.0,0.0
2024-05-31 15:30:00-04:00,50.380001068115234,50.380001068115234,50.29999923706055,50.31999969482422,3880,0.0,0.0
2024-05-31 15:35:00-04:00,50.29999923706055,50.29999923706055,50.29999923706055,50.29999923706055,1114,0.0,0.0
2024-05-31 15:40:00-04:00,50.35499954223633,50.35499954223633,50.31999969482422,50.31999969482422,1533,0.0,0.0
2024-05-31 15:45:00-04:00,50.334999084472656,50.334999084472656,50.29999923706055,50.29999923706055,753,0.0,0.0
2024-05-31 15:50:00-04:00,50.29999923706055,50.29999923706055,49.880001068115234,50.060001373291016,7000,0.0,0.0
2024-05-31 15:55:00-04:00,50.04999923706055,50.060001373291016,50.029998779296875,50.060001373291016,2080,0.0,0.0
2024-06-03 09:30:00-04:00,51.27000045776367,51.86000061035156,51.27000045776367,51.86000061035156,3138,0.0,0.0
2024-06-03 10:00:00-04:00,50.667301177978516,50.667301177978516,50.667301177978516,50.667301177978516,4346,0.0,0.0
2024-06-03 12:55:00-04:00,49.959999084472656,49.959999084472656,49.959999084472656,49.959999084472656,268,0.0,0.0
2024-06-03 13:15:00-04:00,50.040000915527344,50.040000915527344,50.040000915527344,50.040000915527344,108,0.0,0.0
2024-06-03 13:20:00-04:00,50.209999084472656,50.209999084472656,50.209999084472656,50.209999084472656,244,0.0,0.0
2024-06-03 13:35:00-04:00,49.959999084472656,49.959999084472656,49.959999084472656,49.959999084472656,181,0.0,0.0
2024-06-03 13:50:00-04:00,49.8568000793457,49.8568000793457,49.8568000793457,49.8568000793457,627,0.0,0.0
2024-06-03 13:55:00-04:00,50.060001373291016,50.060001373291016,50.060001373291016,50.060001373291016,797,0.0,0.0
2024-06-03 14:50:00-04:00,50.11000061035156,50.25,50.11000061035156,50.25,2312,0.0,0.0
2024-06-03 15:10:00-04:00,49.65999984741211,49.65999984741211,49.33000183105469,49.33000183105469,533,0.0,0.0
2024-06-03 15:15:00-04:00,49.36000061035156,49.73500061035156,49.119998931884766,49.73500061035156,5060,0.0,0.0
2024-06-03 15:20:00-04:00,49.73500061035156,50.2400016784668,49.73500061035156,49.7599983215332,675,0.0,0.0
2024-06-03 15:25:00-04:00,49.75,49.9900016784668,49.75,49.9900016784668,408,0.0,0.0
2024-06-03 15:30:00-04:00,49.9900016784668,49.9900016784668,49.790000915527344,49.790000915527344,273,0.0,0.0
2024-06-03 15:35:00-04:00,49.779998779296875,49.779998779296875,49.779998779296875,49.779998779296875,511,0.0,0.0
2024-06-03 15:40:00-04:00,49.7400016784668,49.7400016784668,49.41999816894531,49.41999816894531,1350,0.0,0.0
2024-06-03 15:45:00-04:00,49.279998779296875,49.48500061035156,49.279998779296875,49.48500061035156,883,0.0,0.0
2024-06-03 15:50:00-04:00,49.290000915527344,49.56999969482422,49.290000915527344,49.53499984741211,729,0.0,0.0
2024-06-03 15:55:00-04:00,49.53499984741211,49.53499984741211,49.25,49.40999984741211,2916,0.0,0.0
2024-06-04 09:30:00-04:00,49.0099983215332,49.0099983215332,49.0099983215332,49.0099983215332,942,0.0,0.0
2024-06-04 10:00:00-04:00,49.40999984741211,49.40999984741211,49.28450012207031,49.28450012207031,1084,0.0,0.0
2024-06-04 10:50:00-04:00,48.67499923706055,48.67499923706055,48.5,48.5,1559,0.0,0.0
2024-06-04 10:55:00-04:00,48.35499954223633,48.35499954223633,48.35499954223633,48.35499954223633,148,0.0,0.0
2024-06-04 11:15:00-04:00,48.45500183105469,48.45500183105469,48.45500183105469,48.45500183105469,642,0.0,0.0
2024-06-04 11:40:00-04:00,48.58000183105469,48.58000183105469,48.58000183105469,48.58000183105469,260,0.0,0.0
2024-06-04 12:05:00-04:00,48.459999084472656,48.459999084472656,48.459999084472656,48.459999084472656,565,0.0,0.0
2024-06-04 12:15:00-04:00,48.279998779296875,48.279998779296875,48.27000045776367,48.27000045776367,1127,0.0,0.0
2024-06-04 12:20:00-04:00,48.349998474121094,48.349998474121094,48.2400016784668,48.28120040893555,3096,0.0,0.0
2024-06-04 12:25:00-04:00,48.27000045776367,48.27000045776367,48.27000045776367,48.27000045776367,322,0.0,0.0
2024-06-04 12:40:00-04:00,48.349998474121094,48.349998474121094,48.18619918823242,48.18619918823242,321,0.0,0.0
2024-06-04 12:45:00-04:00,48.380001068115234,48.939998626708984,48.290000915527344,48.66999816894531,6689,0.0,0.0
2024-06-04 12:50:00-04:00,48.46500015258789,48.46500015258789,48.29999923706055,48.29999923706055,8987,0.0,0.0
2024-06-04 13:00:00-04:00,48.22999954223633,48.29999923706055,48.20000076293945,48.29999923706055,664,0.0,0.0
2024-06-04 13:20:00-04:00,48.439998626708984,48.439998626708984,48.439998626708984,48.439998626708984,574,0.0,0.0
2024-06-04 13:35:00-04:00,48.24250030517578,48.38330078125,48.24250030517578,48.38330078125,697,0.0,0.0
2024-06-04 13:45:00-04:00,48.380001068115234,48.380001068115234,48.380001068115234,48.380001068115234,348,0.0,0.0
2024-06-04 14:05:00-04:00,48.487998962402344,48.487998962402344,48.487998962402344,48.487998962402344,2079,0.0,0.0
2024-06-04 14:45:00-04:00,48.54499816894531,48.54499816894531,48.32500076293945,48.32500076293945,928,0.0,0.0
2024-06-04 14:55:00-04:00,48.44499969482422,48.44499969482422,48.44499969482422,48.44499969482422,595,0.0,0.0
2024-06-04 15:05:00-04:00,48.630001068115234,48.630001068115234,48.630001068115234,48.630001068115234,569,0.0,0.0
2024-06-04 15:10:00-04:00,48.48500061035156,48.48500061035156,48.48500061035156,48.48500061035156,1017,0.0,0.0
2024-06-04 15:25:00-04:00,48.470001220703125,48.470001220703125,48.29999923706055,48.29999923706055,3615,0.0,0.0
2024-06-04 15:50:00-04:00,48.0099983215332,48.0099983215332,48.0099983215332,48.0099983215332,620,0.0,0.0
2024-06-04 15:55:00-04:00,48.025001525878906,48.209999084472656,48.02000045776367,48.02000045776367,3666,0.0,0.0
2024-06-05 10:05:00-04:00,48.85499954223633,48.85499954223633,48.01499938964844,48.01499938964844,1181,0.0,0.0
2024-06-05 10:10:00-04:00,48.220001220703125,48.220001220703125,48.220001220703125,48.220001220703125,1174,0.0,0.0
2024-06-05 10:30:00-04:00,48.68000030517578,49.0099983215332,48.68000030517578,48.70000076293945,770,0.0,0.0
2024-06-05 10:40:00-04:00,49.040000915527344,49.040000915527344,49.040000915527344,49.040000915527344,579,0.0,0.0
2024-06-05 10:55:00-04:00,49.290000915527344,49.290000915527344,49.290000915527344,49.290000915527344,1214,0.0,0.0
2024-06-05 11:55:00-04:00,49.61000061035156,49.61000061035156,49.61000061035156,49.61000061035156,717,0.0,0.0
2024-06-05 12:15:00-04:00,49.68000030517578,49.68000030517578,49.68000030517578,49.68000030517578,721,0.0,0.0
2024-06-05 12:30:00-04:00,49.47999954223633,49.47999954223633,49.47999954223633,49.47999954223633,397,0.0,0.0
2024-06-05 12:45:00-04:00,49.244998931884766,49.244998931884766,49.244998931884766,49.244998931884766,657,0.0,0.0
2024-06-05 13:05:00-04:00,49.029998779296875,49.029998779296875,49.029998779296875,49.029998779296875,284,0.0,0.0
2024-06-05 13:10:00-04:00,49.029998779296875,49.029998779296875,49.029998779296875,49.029998779296875,351,0.0,0.0
2024-06-05 13:30:00-04:00,49.130001068115234,49.130001068115234,49.130001068115234,49.130001068115234,202,0.0,0.0
2024-06-05 13:35:00-04:00,49.130001068115234,49.130001068115234,49.130001068115234,49.130001068115234,718,0.0,0.0
2024-06-05 13:55:00-04:00,48.97010040283203,48.97010040283203,48.97010040283203,48.97010040283203,1572,0.0,0.0
2024-06-05 14:15:00-04:00,49.021400451660156,49.021400451660156,49.021400451660156,49.021400451660156,2981,0.0,0.0
2024-06-05 15:35:00-04:00,48.37910079956055,48.37910079956055,48.37910079956055,48.37910079956055,436,0.0,0.0
2024-06-05 15:40:00-04:00,48.380001068115234,48.380001068115234,48.380001068115234,48.380001068115234,730,0.0,0.0
2024-06-05 15:45:00-04:00,48.220001220703125,48.220001220703125,48.220001220703125,48.220001220703125,834,0.0,0.0
2024-06-05 15:50:00-04:00,48.209999084472656,48.290000915527344,48.209999084472656,48.290000915527344,2216,0.0,0.0
2024-06-05 15:55:00-04:00,48.060001373291016,48.13999938964844,47.9900016784668,48.13999938964844,1507,0.0,0.0
2024-06-06 10:35:00-04:00,48.099998474121094,48.099998474121094,48.099998474121094,48.099998474121094,0,0.0,0.0
2024-06-06 11:00:00-04:00,48.2599983215332,48.2599983215332,48.2599983215332,48.2599983215332,102,0.0,0.0
2024-06-06 11:05:00-04:00,48.32500076293945,48.32500076293945,48.32500076293945,48.32500076293945,624,0.0,0.0
2024-06-06 11:40:00-04:00,48.5,48.5,48.5,48.5,419,0.0,0.0
2024-06-06 12:00:00-04:00,48.589900970458984,48.589900970458984,48.589900970458984,48.589900970458984,978,0.0,0.0
2024-06-06 12:35:00-04:00,48.16999816894531,48.16999816894531,48.16999816894531,48.16999816894531,468,0.0,0.0
2024-06-06 13:00:00-04:00,48.22060012817383,48.22060012817383,48.22060012817383,48.22060012817383,926,0.0,0.0
2024-06-06 13:30:00-04:00,48.52000045776367,48.560001373291016,48.52000045776367,48.560001373291016,680,0.0,0.0
2024-06-06 13:35:00-04:00,48.599998474121094,48.599998474121094,48.47159957885742,48.599998474121094,752,0.0,0.0
2024-06-06 13:40:00-04:00,48.189998626708984,48.189998626708984,48.189998626708984,48.189998626708984,771,0.0,0.0
2024-06-06 14:35:00-04:00,48.2400016784668,48.2400016784668,48.13999938964844,48.13999938964844,3021,0.0,0.0
2024-06-06 15:55:00-04:00,48.275001525878906,48.275001525878906,48.275001525878906,48.275001525878906,920,0.0,0.0
2024-06-07 09:30:00-04:00,48.0,48.0,48.0,48.0,1016,0.0,0.0
2024-06-07 10:05:00-04:00,48.689998626708984,48.689998626708984,48.689998626708984,48.689998626708984,1205,0.0,0.0
2024-06-07 10:45:00-04:00,48.30939865112305,48.30939865112305,48.29499816894531,48.29499816894531,525,0.0,0.0
2024-06-07 11:05:00-04:00,48.244998931884766,48.244998931884766,48.244998931884766,48.244998931884766,575,0.0,0.0
2024-06-07 12:00:00-04:00,48.150001525878906,48.150001525878906,48.150001525878906,48.150001525878906,669,0.0,0.0
2024-06-07 12:30:00-04:00,48.06999969482422,48.06999969482422,48.06999969482422,48.06999969482422,350,0.0,0.0
2024-06-07 12:40:00-04:00,47.9900016784668,47.9900016784668,47.9900016784668,47.9900016784668,371,0.0,0.0
2024-06-07 12:55:00-04:00,48.130001068115234,48.13999938964844,48.130001068115234,48.13999938964844,249,0.0,0.0
2024-06-07 13:20:00-04:00,48.439998626708984,48.439998626708984,48.439998626708984,48.439998626708984,988,0.0,0.0
2024-06-07 14:20:00-04:00,48.11000061035156,48.22999954223633,48.029998779296875,48.22999954223633,1890,0.0,0.0
2024-06-07 14:45:00-04:00,48.36040115356445,48.36040115356445,48.36040115356445,48.36040115356445,335,0.0,0.0
2024-06-07 15:00:00-04:00,48.27000045776367,48.27000045776367,48.27000045776367,48.27000045776367,283,0.0,0.0
2024-06-07 15:05:00-04:00,48.33000183105469,48.400001525878906,48.33000183105469,48.400001525878906,1904,0.0,0.0
2024-06-07 15:50:00-04:00,48.22999954223633,48.310001373291016,48.18000030517578,48.310001373291016,1798,0.0,0.0
2024-06-07 15:55:00-04:00,48.33000183105469,48.33000183105469,48.33000183105469,48.33000183105469,208,0.0,0.0
2024-06-10 09:30:00-04:00,48.0,48.0,48.0,48.0,1857,0.0,0.0
2024-06-10 10:35:00-04:00,47.5,47.5,47.5,47.5,678,0.0,0.0
2024-06-10 10:40:00-04:00,47.5099983215332,47.5099983215332,47.5,47.5,867,0.0,0.0
2024-06-10 10:55:00-04:00,47.5099983215332,47.5099983215332,47.5099983215332,47.5099983215332,481,0.0,0.0
2024-06-10 11:00:00-04:00,47.119998931884766,47.119998931884766,47.119998931884766,47.119998931884766,878,0.0,0.0
2024-06-10 11:20:00-04:00,47.400001525878906,47.400001525878906,47.400001525878906,47.400001525878906,851,0.0,0.0
2024-06-10 11:50:00-04:00,47.31999969482422,47.349998474121094,47.31999969482422,47.349998474121094,2118,0.0,0.0
2024-06-10 12:50:00-04:00,47.150001525878906,47.150001525878906,47.150001525878906,47.150001525878906,129,0.0,0.0
2024-06-10 12:55:00-04:00,47.380001068115234,47.380001068115234,47.380001068115234,47.380001068115234,342,0.0,0.0
2024-06-10 13:30:00-04:00,47.3849983215332,47.5,47.3849983215332,47.5,2808,0.0,0.0
2024-06-10 13:40:00-04:00,47.72999954223633,47.72999954223633,47.72999954223633,47.72999954223633,496,0.0,0.0
2024-06-10 14:05:00-04:00,47.630001068115234,47.68000030517578,47.630001068115234,47.68000030517578,466,0.0,0.0
2024-06-10 14:20:00-04:00,47.540000915527344,47.540000915527344,47.470001220703125,47.470001220703125,634,0.0,0.0
2024-06-10 14:30:00-04:00,47.709999084472656,47.709999084472656,47.709999084472656,47.709999084472656,1131,0.0,0.0
2024-06-10 15:15:00-04:00,47.61000061035156,47.61000061035156,47.4900016784668,47.5,928,0.0,0.0
2024-06-10 15:30:00-04:00,47.369998931884766,47.369998931884766,47.31999969482422,47.31999969482422,508,0.0,0.0
2024-06-10 15:35:00-04:00,47.59000015258789,47.59000015258789,47.59000015258789,47.59000015258789,556,0.0,0.0
2024-06-10 15:40:00-04:00,47.310001373291016,47.310001373291016,47.310001373291016,47.310001373291016,952,0.0,0.0
2024-06-10 15:50:00-04:00,47.15999984741211,47.15999984741211,47.15999984741211,47.15999984741211,830,0.0,0.0
2024-06-10 15:55:00-04:00,47.04999923706055,47.16999816894531,47.04999923706055,47.16999816894531,1043,0.0,0.0
2024-06-11 09:30:00-04:00,47.04999923706055,47.04999923706055,47.04999923706055,47.04999923706055,742,0.0,0.0
2024-06-11 09:40:00-04:00,46.5,46.5,46.5,46.5,416,0.0,0.0
2024-06-11 10:10:00-04:00,46.16999816894531,46.16999816894531,46.16999816894531,46.16999816894531,274,0.0,0.0
2024-06-11 10:15:00-04:00,46.5,46.5,46.5,46.5,572,0.0,0.0
2024-06-11 10:55:00-04:00,46.000099182128906,46.23749923706055,46.000099182128906,46.23749923706055,1984,0.0,0.0
2024-06-11 11:15:00-04:00,46.219600677490234,46.219600677490234,46.219600677490234,46.219600677490234,412,0.0,0.0
2024-06-11 11:40:00-04:00,46.150001525878906,46.150001525878906,46.150001525878906,46.150001525878906,715,0.0,0.0
2024-06-11 12:35:00-04:00,46.369998931884766,46.369998931884766,46.369998931884766,46.369998931884766,648,0.0,0.0
2024-06-11 12:50:00-04:00,46.459999084472656,46.459999084472656,46.459999084472656,46.459999084472656,535,0.0,0.0
2024-06-11 13:50:00-04:00,46.340999603271484,46.340999603271484,46.340999603271484,46.340999603271484,555,0.0,0.0
2024-06-11 14:25:00-04:00,46.4900016784668,46.66999816894531,46.31999969482422,46.52000045776367,4155,0.0,0.0
2024-06-11 14:35:00-04:00,46.349998474121094,46.63999938964844,46.349998474121094,46.63999938964844,781,0.0,0.0
2024-06-11 14:50:00-04:00,46.461700439453125,46.461700439453125,46.461700439453125,46.461700439453125,702,0.0,0.0
2024-06-11 15:05:00-04:00,46.540000915527344,46.540000915527344,46.540000915527344,46.540000915527344,441,0.0,0.0
2024-06-11 15:30:00-04:00,46.310001373291016,46.310001373291016,46.310001373291016,46.310001373291016,613,0.0,0.0
2024-06-11 15:40:00-04:00,46.20000076293945,46.20000076293945,46.20000076293945,46.20000076293945,1448,0.0,0.0
2024-06-11 15:55:00-04:00,46.20000076293945,46.720001220703125,46.1150016784668,46.52000045776367,5797,0.0,0.0
2024-06-12 09:30:00-04:00,46.76499938964844,46.76499938964844,46.76499938964844,46.76499938964844,1291,0.0,0.0
2024-06-12 09:40:00-04:00,48.0,48.0,48.0,48.0,2298,0.0,0.0
2024-06-12 09:45:00-04:00,48.86000061035156,49.45000076293945,48.86000061035156,49.45000076293945,778,0.0,0.0
2024-06-12 09:50:00-04:00,48.91780090332031,48.91780090332031,48.91780090332031,48.91780090332031,1006,0.0,0.0
2024-06-12 09:55:00-04:00,49.20000076293945,49.20000076293945,49.20000076293945,49.20000076293945,361,0.0,0.0
2024-06-12 10:05:00-04:00,49.14500045776367,49.14500045776367,49.14500045776367,49.14500045776367,557,0.0,0.0
2024-06-12 10:10:00-04:00,49.779998779296875,50.150001525878906,49.779998779296875,50.150001525878906,914,0.0,0.0
2024-06-12 10:20:00-04:00,50.66999816894531,50.66999816894531,50.66999816894531,50.66999816894531,412,0.0,0.0
2024-06-12 10:35:00-04:00,50.25,50.25,50.25,50.25,3372,0.0,0.0
2024-06-12 10:40:00-04:00,50.439998626708984,50.439998626708984,50.439998626708984,50.439998626708984,605,0.0,0.0
2024-06-12 10:45:00-04:00,50.0,50.0,50.0,50.0,902,0.0,0.0
2024-06-12 11:05:00-04:00,50.04999923706055,50.04999923706055,50.04999923706055,50.04999923706055,119,0.0,0.0
2024-06-12 11:10:00-04:00,49.779998779296875,49.779998779296875,49.75,49.75,912,0.0,0.0
2024-06-12 11:20:00-04:00,49.400001525878906,49.400001525878906,49.400001525878906,49.400001525878906,1930,0.0,0.0
2024-06-12 13:30:00-04:00,48.62379837036133,48.62379837036133,48.62379837036133,48.62379837036133,448,0.0,0.0
2024-06-12 13:40:00-04:00,48.81019973754883,48.81019973754883,48.81019973754883,48.81019973754883,1935,0.0,0.0
2024-06-12 13:55:00-04:00,49.18000030517578,49.18000030517578,49.18000030517578,49.18000030517578,648,0.0,0.0
2024-06-12 14:15:00-04:00,49.33000183105469,49.33000183105469,49.33000183105469,49.33000183105469,698,0.0,0.0
2024-06-12 14:30:00-04:00,48.75,48.75,48.75,48.75,622,0.0,0.0
2024-06-12 14:55:00-04:00,48.58000183105469,48.58000183105469,48.58000183105469,48.58000183105469,322,0.0,0.0
2024-06-12 15:00:00-04:00,48.70000076293945,48.70000076293945,48.70000076293945,48.70000076293945,806,0.0,0.0
2024-06-12 15:20:00-04:00,48.75,48.75,48.709999084472656,48.709999084472656,1352,0.0,0.0
2024-06-12 15:40:00-04:00,48.040000915527344,48.040000915527344,48.040000915527344,48.040000915527344,443,0.0,0.0
2024-06-12 15:45:00-04:00,47.91999816894531,48.130001068115234,47.91999816894531,48.130001068115234,680,0.0,0.0
2024-06-12 15:50:00-04:00,48.459999084472656,48.459999084472656,48.459999084472656,48.459999084472656,1480,0.0,0.0
2024-06-13 09:50:00-04:00,48.400001525878906,48.400001525878906,48.400001525878906,48.400001525878906,1003,0.0,0.0
2024-06-13 10:00:00-04:00,48.459999084472656,48.459999084472656,48.459999084472656,48.459999084472656,856,0.0,0.0
2024-06-13 10:30:00-04:00,47.709999084472656,47.90999984741211,47.709999084472656,47.90999984741211,664,0.0,0.0
2024-06-13 10:45:00-04:00,47.2400016784668,47.2400016784668,47.2400016784668,47.2400016784668,416,0.0,0.0
2024-06-13 10:55:00-04:00,47.58000183105469,47.58000183105469,47.58000183105469,47.58000183105469,329,0.0,0.0
2024-06-13 11:35:00-04:00,47.2599983215332,47.2599983215332,47.2599983215332,47.2599983215332,295,0.0,0.0
2024-06-13 11:40:00-04:00,47.25,47.31999969482422,47.25,47.31999969482422,1248,0.0,0.0
2024-06-13 11:45:00-04:00,47.43000030517578,47.43000030517578,47.43000030517578,47.43000030517578,1070,0.0,0.0
2024-06-13 13:05:00-04:00,47.70000076293945,47.97999954223633,47.70000076293945,47.97999954223633,663,0.0,0.0
2024-06-13 13:35:00-04:00,47.74660110473633,47.74660110473633,47.74660110473633,47.74660110473633,1162,0.0,0.0
2024-06-13 14:15:00-04:00,47.91999816894531,47.91999816894531,47.91999816894531,47.91999816894531,1279,0.0,0.0
2024-06-13 15:25:00-04:00,47.34000015258789,47.34000015258789,47.34000015258789,47.34000015258789,242,0.0,0.0
2024-06-13 15:30:00-04:00,47.58000183105469,47.58000183105469,47.470001220703125,47.470001220703125,462,0.0,0.0
2024-06-13 15:35:00-04:00,47.70000076293945,47.7400016784668,47.560001373291016,47.560001373291016,2339,0.0,0.0
2024-06-13 15:40:00-04:00,47.470001220703125,47.470001220703125,47.470001220703125,47.470001220703125,286,0.0,0.0
2024-06-13 15:50:00-04:00,47.474998474121094,47.5,47.36249923706055,47.36249923706055,1411,0.0,0.0
2024-06-13 15:55:00-04:00,47.595001220703125,47.7599983215332,47.595001220703125,47.7599983215332,1109,0.0,0.0
2024-06-14 09:30:00-04:00,47.43000030517578,47.43000030517578,47.43000030517578,47.43000030517578,677,0.0,0.0
2024-06-14 10:10:00-04:00,46.349998474121094,46.349998474121094,46.349998474121094,46.349998474121094,121,0.0,0.0
2024-06-14 10:15:00-04:00,46.959999084472656,46.959999084472656,46.959999084472656,46.959999084472656,615,0.0,0.0
2024-06-14 10:40:00-04:00,47.400001525878906,47.400001525878906,47.400001525878906,47.400001525878906,322,0.0,0.0
2024-06-14 11:00:00-04:00,47.27000045776367,47.599998474121094,47.27000045776367,47.599998474121094,1245,0.0,0.0
2024-06-14 11:45:00-04:00,47.529998779296875,47.529998779296875,47.529998779296875,47.529998779296875,368,0.0,0.0
2024-06-14 12:00:00-04:00,47.29999923706055,47.29999923706055,47.29999923706055,47.29999923706055,203,0.0,0.0
2024-06-14 12:05:00-04:00,47.165000915527344,47.165000915527344,47.130001068115234,47.130001068115234,751,0.0,0.0
2024-06-14 12:25:00-04:00,47.15999984741211,47.15999984741211,47.15999984741211,47.15999984741211,575,0.0,0.0
2024-06-14 12:40:00-04:00,47.279998779296875,47.279998779296875,47.279998779296875,47.279998779296875,754,0.0,0.0
2024-06-14 13:10:00-04:00,47.11000061035156,47.14970016479492,47.11000061035156,47.14970016479492,1083,0.0,0.0
2024-06-14 13:15:00-04:00,47.95000076293945,47.95000076293945,47.95000076293945,47.95000076293945,1119,0.0,0.0
2024-06-14 13:40:00-04:00,47.56999969482422,47.56999969482422,47.49300003051758,47.49300003051758,2107,0.0,0.0
2024-06-14 14:35:00-04:00,47.65999984741211,47.65999984741211,47.65999984741211,47.65999984741211,250,0.0,0.0
2024-06-14 14:40:00-04:00,47.650001525878906,47.650001525878906,47.650001525878906,47.650001525878906,1741,0.0,0.0
2024-06-14 15:25:00-04:00,47.931800842285156,47.931800842285156,47.931800842285156,47.931800842285156,1764,0.0,0.0
2024-06-14 15:40:00-04:00,47.939998626708984,47.939998626708984,47.939998626708984,47.939998626708984,804,0.0,0.0
2024-06-14 15:50:00-04:00,47.7400016784668,47.75,47.70000076293945,47.75,1181,0.0,0.0
2024-06-14 15:55:00-04:00,47.61000061035156,47.61000061035156,47.47999954223633,47.47999954223633,1659,0.0,0.0
2024-06-17 09:35:00-04:00,47.2599983215332,47.630001068115234,47.2599983215332,47.630001068115234,1090,0.0,0.0
2024-06-17 10:40:00-04:00,47.65999984741211,47.65999984741211,47.65999984741211,47.65999984741211,1385,0.0,0.0
2024-06-17 11:05:00-04:00,47.619998931884766,47.619998931884766,47.619998931884766,47.619998931884766,2754,0.0,0.0
2024-06-17 12:25:00-04:00,48.25,48.25,48.25,48.25,502,0.0,0.0
2024-06-17 12:35:00-04:00,48.18000030517578,48.18000030517578,48.18000030517578,48.18000030517578,496,0.0,0.0
2024-06-17 13:05:00-04:00,48.207698822021484,48.207698822021484,48.207698822021484,48.207698822021484,552,0.0,0.0
2024-06-17 13:15:00-04:00,48.36750030517578,48.459999084472656,48.36750030517578,48.459999084472656,415,0.0,0.0
2024-06-17 13:20:00-04:00,48.38750076293945,48.38750076293945,48.38750076293945,48.38750076293945,182,0.0,0.0
2024-06-17 13:30:00-04:00,48.435001373291016,48.435001373291016,48.435001373291016,48.435001373291016,387,0.0,0.0
2024-06-17 13:35:00-04:00,48.51750183105469,48.54999923706055,48.51750183105469,48.54999923706055,760,0.0,0.0
2024-06-17 13:40:00-04:00,48.54999923706055,48.54999923706055,48.54999923706055,48.54999923706055,388,0.0,0.0
2024-06-17 13:45:00-04:00,48.470001220703125,48.54600143432617,48.25,48.525001525878906,4884,0.0,0.0
2024-06-17 14:15:00-04:00,48.849998474121094,48.849998474121094,48.849998474121094,48.849998474121094,384,0.0,0.0
2024-06-17 14:20:00-04:00,49.08000183105469,49.119998931884766,49.08000183105469,49.119998931884766,410,0.0,0.0
2024-06-17 14:30:00-04:00,48.997501373291016,48.997501373291016,48.997501373291016,48.997501373291016,194,0.0,0.0
2024-06-17 14:40:00-04:00,49.255001068115234,49.255001068115234,49.255001068115234,49.255001068115234,827,0.0,0.0
2024-06-17 15:05:00-04:00,48.73500061035156,48.73500061035156,48.73500061035156,48.73500061035156,119,0.0,0.0
2024-06-17 15:10:00-04:00,48.72999954223633,48.72999954223633,48.72999954223633,48.72999954223633,171,0.0,0.0
2024-06-17 15:15:00-04:00,48.72999954223633,48.72999954223633,48.72999954223633,48.72999954223633,335,0.0,0.0
2024-06-17 15:30:00-04:00,48.959999084472656,49.08000183105469,48.959999084472656,49.08000183105469,390,0.0,0.0
2024-06-17 15:35:00-04:00,48.79499816894531,48.79499816894531,48.79499816894531,48.79499816894531,470,0.0,0.0
2024-06-17 15:50:00-04:00,48.94499969482422,48.94499969482422,48.94499969482422,48.94499969482422,584,0.0,0.0
2024-06-17 15:55:00-04:00,48.9900016784668,48.9900016784668,48.9900016784668,48.9900016784668,1078,0.0,0.0
2024-06-18 10:25:00-04:00,49.15999984741211,49.16999816894531,49.119998931884766,49.119998931884766,1995,0.0,0.0
2024-06-18 10:45:00-04:00,49.11000061035156,49.11000061035156,49.11000061035156,49.11000061035156,288,0.0,0.0
2024-06-18 11:05:00-04:00,48.79999923706055,48.79999923706055,48.79999923706055,48.79999923706055,101,0.0,0.0
2024-06-18 11:10:00-04:00,49.150001525878906,49.400001525878906,49.13999938964844,49.400001525878906,1598,0.0,0.0
2024-06-18 12:25:00-04:00,49.13999938964844,49.30500030517578,49.13999938964844,49.30500030517578,409,0.0,0.0
2024-06-18 12:50:00-04:00,49.279998779296875,49.279998779296875,49.279998779296875,49.279998779296875,212,0.0,0.0
2024-06-18 13:00:00-04:00,49.18000030517578,49.18000030517578,49.130001068115234,49.130001068115234,545,0.0,0.0
2024-06-18 13:05:00-04:00,49.380001068115234,49.380001068115234,49.380001068115234,49.380001068115234,394,0.0,0.0
2024-06-18 13:50:00-04:00,49.12260055541992,49.12260055541992,48.84000015258789,48.84000015258789,3317,0.0,0.0
2024-06-18 13:55:00-04:00,49.33000183105469,49.33000183105469,49.33000183105469,49.33000183105469,219,0.0,0.0
2024-06-18 14:05:00-04:00,49.38999938964844,49.38999938964844,49.38999938964844,49.38999938964844,414,0.0,0.0
2024-06-18 14:30:00-04:00,49.16659927368164,49.32749938964844,49.16659927368164,49.32749938964844,2073,0.0,0.0
2024-06-18 15:30:00-04:00,48.79999923706055,48.85499954223633,48.79999923706055,48.85499954223633,1998,0.0,0.0
2024-06-18 15:35:00-04:00,48.79999923706055,49.01499938964844,48.79999923706055,49.0099983215332,3186,0.0,0.0
2024-06-18 15:40:00-04:00,48.90999984741211,49.11000061035156,48.90999984741211,49.11000061035156,1162,0.0,0.0
2024-06-18 15:55:00-04:00,49.150001525878906,49.22999954223633,49.150001525878906,49.22999954223633,1122,0.0,0.0
2024-06-20 09:30:00-04:00,49.380001068115234,49.380001068115234,49.380001068115234,49.380001068115234,1437,0.0,0.0
2024-06-20 09:35:00-04:00,49.79999923706055,49.79999923706055,49.79999923706055,49.79999923706055,1308,0.0,0.0
2024-06-20 11:25:00-04:00,48.66999816894531,48.79999923706055,48.66999816894531,48.79999923706055,693,0.0,0.0
2024-06-20 11:35:00-04:00,49.0099983215332,49.209999084472656,49.0099983215332,49.209999084472656,1235,0.0,0.0
2024-06-20 12:05:00-04:00,48.56999969482422,48.7599983215332,48.56999969482422,48.7599983215332,387,0.0,0.0
2024-06-20 12:10:00-04:00,48.83000183105469,48.849998474121094,48.814998626708984,48.849998474121094,610,0.0,0.0
2024-06-20 12:15:00-04:00,48.845001220703125,48.845001220703125,48.845001220703125,48.845001220703125,211,0.0,0.0
2024-06-20 12:30:00-04:00,48.63999938964844,48.63999938964844,48.63999938964844,48.63999938964844,124,0.0,0.0
2024-06-20 12:45:00-04:00,48.56999969482422,48.56999969482422,48.56999969482422,48.56999969482422,572,0.0,0.0
2024-06-20 12:55:00-04:00,49.189998626708984,49.189998626708984,49.189998626708984,49.189998626708984,173,0.0,0.0
2024-06-20 13:05:00-04:00,48.5,48.5,48.5,48.5,2624,0.0,0.0
2024-06-20 14:05:00-04:00,49.7400016784668,49.7400016784668,49.7400016784668,49.7400016784668,224,0.0,0.0
2024-06-20 14:15:00-04:00,49.09000015258789,49.09000015258789,49.09000015258789,49.09000015258789,611,0.0,0.0
2024-06-20 14:30:00-04:00,49.32500076293945,49.32500076293945,49.32500076293945,49.32500076293945,649,0.0,0.0
2024-06-20 15:00:00-04:00,49.01499938964844,49.36000061035156,48.96500015258789,48.96500015258789,3399,0.0,0.0
2024-06-20 15:55:00-04:00,48.5,48.67900085449219,48.5,48.67900085449219,1807,0.0,0.0
2024-06-21 09:30:00-04:00,48.310001373291016,48.310001373291016,48.310001373291016,48.310001373291016,18575,0.0,0.0
2024-06-21 10:00:00-04:00,48.939998626708984,48.939998626708984,48.939998626708984,48.939998626708984,642,0.0,0.0
2024-06-21 10:35:00-04:00,48.08000183105469,48.68000030517578,48.08000183105469,48.68000030517578,1703,0.0,0.0
2024-06-21 12:05:00-04:00,48.0,48.0,48.0,48.0,1101,0.0,0.0
2024-06-21 12:35:00-04:00,48.25,48.25,48.25,48.25,310,0.0,0.0
2024-06-21 12:45:00-04:00,48.27000045776367,48.27000045776367,48.27000045776367,48.27000045776367,1746,0.0,0.0
2024-06-21 13:25:00-04:00,47.619998931884766,47.619998931884766,47.619998931884766,47.619998931884766,198,0.0,0.0
2024-06-21 13:30:00-04:00,48.18000030517578,48.18000030517578,48.18000030517578,48.18000030517578,1014,0.0,0.0
2024-06-21 13:50:00-04:00,48.244998931884766,48.310001373291016,48.244998931884766,48.310001373291016,980,0.0,0.0
2024-06-21 14:35:00-04:00,48.27000045776367,48.27000045776367,48.27000045776367,48.27000045776367,170,0.0,0.0
2024-06-21 14:40:00-04:00,48.599998474121094,48.619998931884766,48.599998474121094,48.619998931884766,546,0.0,0.0
2024-06-21 15:10:00-04:00,48.4900016784668,48.4900016784668,48.4900016784668,48.4900016784668,461,0.0,0.0
2024-06-21 15:15:00-04:00,48.220001220703125,48.220001220703125,48.0099983215332,48.0099983215332,1360,0.0,0.0
2024-06-21 15:25:00-04:00,48.10499954223633,48.10499954223633,48.10499954223633,48.10499954223633,388,0.0,0.0
2024-06-21 15:35:00-04:00,48.209999084472656,48.209999084472656,48.209999084472656,48.209999084472656,796,0.0,0.0
2024-06-21 15:45:00-04:00,48.2400016784668,48.2400016784668,48.2400016784668,48.2400016784668,517,0.0,0.0
2024-06-21 15:50:00-04:00,48.435001373291016,48.435001373291016,48.435001373291016,48.435001373291016,549,0.0,0.0
2024-06-21 15:55:00-04:00,48.189998626708984,48.27000045776367,48.189998626708984,48.25,1283,0.0,0.0
2024-06-24 09:50:00-04:00,48.7400016784668,48.95000076293945,48.7400016784668,48.95000076293945,1046,0.0,0.0
2024-06-24 09:55:00-04:00,49.66999816894531,49.66999816894531,49.66999816894531,49.66999816894531,632,0.0,0.0
2024-06-24 10:20:00-04:00,48.43000030517578,48.43000030517578,48.43000030517578,48.43000030517578,544,0.0,0.0
2024-06-24 10:30:00-04:00,48.439998626708984,48.65999984741211,48.439998626708984,48.65999984741211,634,0.0,0.0
2024-06-24 10:35:00-04:00,48.369998931884766,48.369998931884766,48.369998931884766,48.369998931884766,190,0.0,0.0
2024-06-24 10:40:00-04:00,48.7400016784668,48.7400016784668,48.7400016784668,48.7400016784668,138,0.0,0.0
2024-06-24 10:45:00-04:00,48.7400016784668,48.7400016784668,48.7400016784668,48.7400016784668,1197,0.0,0.0
2024-06-24 10:55:00-04:00,48.7400016784668,48.7400016784668,48.7400016784668,48.7400016784668,1311,0.0,0.0
2024-06-24 11:30:00-04:00,48.459999084472656,48.459999084472656,48.45000076293945,48.45000076293945,479,0.0,0.0
2024-06-24 11:40:00-04:00,48.36000061035156,48.36000061035156,48.36000061035156,48.36000061035156,928,0.0,0.0
2024-06-24 11:55:00-04:00,48.209999084472656,48.625,48.209999084472656,48.625,3138,0.0,0.0
2024-06-24 12:35:00-04:00,48.380001068115234,48.380001068115234,48.380001068115234,48.380001068115234,414,0.0,0.0
2024-06-24 12:40:00-04:00,48.470001220703125,48.470001220703125,48.36000061035156,48.36000061035156,700,0.0,0.0
2024-06-24 12:45:00-04:00,48.6150016784668,48.6150016784668,48.255001068115234,48.35499954223633,2392,0.0,0.0
2024-06-24 13:20:00-04:00,48.04999923706055,48.04999923706055,48.04999923706055,48.04999923706055,190,0.0,0.0
2024-06-24 13:25:00-04:00,48.25,48.869998931884766,48.150001525878906,48.869998931884766,27476,0.0,0.0
2024-06-24 13:30:00-04:00,48.81999969482422,48.81999969482422,48.81999969482422,48.81999969482422,808,0.0,0.0
2024-06-24 13:45:00-04:00,48.790000915527344,48.790000915527344,48.790000915527344,48.790000915527344,575,0.0,0.0
2024-06-24 13:55:00-04:00,48.900001525878906,48.900001525878906,48.900001525878906,48.900001525878906,128,0.0,0.0
2024-06-24 14:00:00-04:00,48.436500549316406,48.939998626708984,48.436500549316406,48.939998626708984,1230,0.0,0.0
2024-06-24 14:05:00-04:00,49.290000915527344,49.290000915527344,49.290000915527344,49.290000915527344,326,0.0,0.0
2024-06-24 14:10:00-04:00,49.5099983215332,49.5099983215332,49.310001373291016,49.310001373291016,694,0.0,0.0
2024-06-24 14:25:00-04:00,49.20000076293945,49.20000076293945,49.20000076293945,49.20000076293945,1383,0.0,0.0
2024-06-24 15:15:00-04:00,48.709999084472656,49.04999923706055,48.709999084472656,49.04999923706055,1452,0.0,0.0
2024-06-24 15:25:00-04:00,48.689998626708984,48.689998626708984,48.689998626708984,48.689998626708984,569,0.0,0.0
2024-06-24 15:35:00-04:00,48.45000076293945,48.45000076293945,48.45000076293945,48.45000076293945,281,0.0,0.0
2024-06-24 15:45:00-04:00,48.650001525878906,48.650001525878906,48.459999084472656,48.470001220703125,2325,0.0,0.0
2024-06-24 15:50:00-04:00,48.459999084472656,49.0,48.459999084472656,48.61000061035156,951,0.0,0.0
2024-06-24 15:55:00-04:00,48.564998626708984,48.959999084472656,48.47999954223633,48.959999084472656,2114,0.0,0.0
2024-06-25 09:30:00-04:00,48.5,49.279998779296875,48.5,49.279998779296875,344,0.0,0.0
2024-06-25 09:35:00-04:00,49.209999084472656,49.209999084472656,49.209999084472656,49.209999084472656,117,0.0,0.0
2024-06-25 09:55:00-04:00,49.2400016784668,49.2400016784668,49.2400016784668,49.2400016784668,529,0.0,0.0
2024-06-25 10:30:00-04:00,48.56999969482422,48.56999969482422,48.56999969482422,48.56999969482422,233,0.0,0.0
2024-06-25 10:40:00-04:00,48.7400016784668,48.7400016784668,48.7400016784668,48.7400016784668,484,0.0,0.0
2024-06-25 11:10:00-04:00,48.9900016784668,49.0,48.9900016784668,49.0,821,0.0,0.0
2024-06-25 11:15:00-04:00,49.189998626708984,49.189998626708984,49.189998626708984,49.189998626708984,118,0.0,0.0
2024-06-25 11:25:00-04:00,49.20000076293945,49.20000076293945,48.92499923706055,48.92499923706055,1351,0.0,0.0
2024-06-25 12:00:00-04:00,48.7400016784668,48.7400016784668,48.7400016784668,48.7400016784668,236,0.0,0.0
2024-06-25 12:15:00-04:00,48.84000015258789,48.869998931884766,48.84000015258789,48.869998931884766,507,0.0,0.0
2024-06-25 12:45:00-04:00,48.7599983215332,48.7599983215332,48.7599983215332,48.7599983215332,255,0.0,0.0
2024-06-25 13:05:00-04:00,48.88999938964844,48.959999084472656,48.88999938964844,48.959999084472656,1097,0.0,0.0
2024-06-25 13:15:00-04:00,49.040000915527344,49.040000915527344,49.040000915527344,49.040000915527344,594,0.0,0.0
2024-06-25 14:05:00-04:00,49.25,49.25,49.25,49.25,408,0.0,0.0
2024-06-25 14:45:00-04:00,49.060001373291016,49.11000061035156,49.060001373291016,49.11000061035156,688,0.0,0.0
2024-06-25 15:00:00-04:00,48.84000015258789,48.84000015258789,48.84000015258789,48.84000015258789,269,0.0,0.0
2024-06-25 15:10:00-04:00,48.59000015258789,48.9900016784668,48.59000015258789,48.9900016784668,384,0.0,0.0
2024-06-25 15:20:00-04:00,48.619998931884766,48.91999816894531,48.619998931884766,48.91999816894531,418,0.0,0.0
2024-06-25 15:30:00-04:00,48.709999084472656,48.709999084472656,48.709999084472656,48.709999084472656,116,0.0,0.0
2024-06-25 15:35:00-04:00,48.68000030517578,48.810001373291016,48.68000030517578,48.810001373291016,234,0.0,0.0
2024-06-25 15:40:00-04:00,48.7599983215332,48.7599983215332,48.650001525878906,48.650001525878906,414,0.0,0.0
2024-06-25 15:45:00-04:00,48.52000045776367,48.52000045776367,48.52000045776367,48.52000045776367,400,0.0,0.0
2024-06-25 15:50:00-04:00,48.5,48.83000183105469,48.290000915527344,48.290000915527344,4499,0.0,0.0
2024-06-25 15:55:00-04:00,48.54999923706055,48.709999084472656,48.5,48.5,6587,0.0,0.0
2024-06-26 09:30:00-04:00,48.93000030517578,48.93000030517578,48.93000030517578,48.93000030517578,481,0.0,0.0
2024-06-26 09:55:00-04:00,48.689998626708984,48.689998626708984,48.689998626708984,48.689998626708984,947,0.0,0.0
2024-06-26 10:35:00-04:00,48.529998779296875,48.529998779296875,48.529998779296875,48.529998779296875,314,0.0,0.0
2024-06-26 10:50:00-04:00,48.34000015258789,48.40999984741211,48.1349983215332,48.1349983215332,1007,0.0,0.0
2024-06-26 10:55:00-04:00,48.310001373291016,48.56999969482422,48.310001373291016,48.56999969482422,624,0.0,0.0
2024-06-26 11:20:00-04:00,48.33000183105469,48.5,48.13999938964844,48.5,2856,0.0,0.0
2024-06-26 11:35:00-04:00,48.02000045776367,48.33000183105469,48.02000045776367,48.33000183105469,923,0.0,0.0
2024-06-26 11:40:00-04:00,48.40999984741211,48.40999984741211,48.40999984741211,48.40999984741211,256,0.0,0.0
2024-06-26 11:45:00-04:00,48.63999938964844,48.63999938964844,48.63999938964844,48.63999938964844,721,0.0,0.0
2024-06-26 12:05:00-04:00,48.810001373291016,48.810001373291016,48.810001373291016,48.810001373291016,1591,0.0,0.0
2024-06-26 13:15:00-04:00,49.22999954223633,49.22999954223633,49.22999954223633,49.22999954223633,361,0.0,0.0
2024-06-26 13:20:00-04:00,49.650001525878906,49.650001525878906,49.650001525878906,49.650001525878906,634,0.0,0.0
2024-06-26 13:50:00-04:00,49.560001373291016,49.560001373291016,49.560001373291016,49.560001373291016,1024,0.0,0.0
2024-06-26 14:00:00-04:00,49.91999816894531,49.91999816894531,49.58000183105469,49.58000183105469,1132,0.0,0.0
2024-06-26 14:45:00-04:00,49.5,49.5,49.5,49.5,3220,0.0,0.0
2024-06-26 15:20:00-04:00,49.9900016784668,49.9900016784668,49.61000061035156,49.61000061035156,2624,0.0,0.0
2024-06-26 15:40:00-04:00,49.54499816894531,49.54499816894531,49.25,49.2599983215332,1778,0.0,0.0
2024-06-26 15:45:00-04:00,49.15999984741211,49.15999984741211,49.15999984741211,49.15999984741211,437,0.0,0.0
2024-06-26 15:50:00-04:00,49.375,49.375,49.314998626708984,49.314998626708984,2056,0.0,0.0
2024-06-26 15:55:00-04:00,49.42499923706055,49.75,49.42499923706055,49.75,2883,0.0,0.0
2024-06-27 09:45:00-04:00,49.9900016784668,49.9900016784668,49.97999954223633,49.97999954223633,375,0.0,0.0
2024-06-27 09:55:00-04:00,50.0,50.0,50.0,50.0,3113,0.0,0.0
2024-06-27 10:15:00-04:00,49.994998931884766,49.994998931884766,49.994998931884766,49.994998931884766,241,0.0,0.0
2024-06-27 10:20:00-04:00,50.0,50.2599983215332,50.0,50.2599983215332,3348,0.0,0.0
2024-06-27 11:00:00-04:00,50.3650016784668,50.3650016784668,50.3650016784668,50.3650016784668,545,0.0,0.0
2024-06-27 11:05:00-04:00,50.54999923706055,50.54999923706055,50.54999923706055,50.54999923706055,356,0.0,0.0
2024-06-27 11:30:00-04:00,50.290000915527344,50.290000915527344,50.290000915527344,50.290000915527344,571,0.0,0.0
2024-06-27 11:45:00-04:00,50.38249969482422,50.38249969482422,50.38249969482422,50.38249969482422,652,0.0,0.0
2024-06-27 12:00:00-04:00,50.2599983215332,50.290000915527344,50.2599983215332,50.2599983215332,533,0.0,0.0
2024-06-27 12:05:00-04:00,50.36000061035156,50.36000061035156,50.36000061035156,50.36000061035156,311,0.0,0.0
2024-06-27 12:10:00-04:00,50.38249969482422,50.38249969482422,50.38249969482422,50.38249969482422,365,0.0,0.0
2024-06-27 12:15:00-04:00,50.40999984741211,50.439998626708984,50.40999984741211,50.439998626708984,734,0.0,0.0
2024-06-27 12:25:00-04:00,50.40999984741211,50.40999984741211,50.400001525878906,50.400001525878906,1547,0.0,0.0
2024-06-27 13:00:00-04:00,50.380001068115234,50.380001068115234,50.317501068115234,50.317501068115234,742,0.0,0.0
2024-06-27 13:05:00-04:00,50.310001373291016,50.310001373291016,50.310001373291016,50.310001373291016,227,0.0,0.0
2024-06-27 13:10:00-04:00,50.22999954223633,50.22999954223633,50.209999084472656,50.209999084472656,870,0.0,0.0
2024-06-27 13:25:00-04:00,49.94499969482422,49.94499969482422,49.94499969482422,49.94499969482422,1156,0.0,0.0
2024-06-27 13:50:00-04:00,50.19499969482422,50.19499969482422,50.19499969482422,50.19499969482422,445,0.0,0.0
2024-06-27 14:30:00-04:00,50.19499969482422,50.19499969482422,50.19499969482422,50.19499969482422,900,0.0,0.0
2024-06-27 14:35:00-04:00,50.252498626708984,50.252498626708984,50.252498626708984,50.252498626708984,267,0.0,0.0
2024-06-27 14:45:00-04:00,50.20500183105469,50.20500183105469,50.20500183105469,50.20500183105469,467,0.0,0.0
2024-06-27 14:50:00-04:00,50.400001525878906,50.400001525878906,50.217498779296875,50.217498779296875,977,0.0,0.0
2024-06-27 14:55:00-04:00,50.25,50.25,50.25,50.25,630,0.0,0.0
2024-06-27 15:00:00-04:00,50.19499969482422,50.19499969482422,50.19499969482422,50.19499969482422,802,0.0,0.0
2024-06-27 15:10:00-04:00,50.06999969482422,50.06999969482422,50.03499984741211,50.03499984741211,1544,0.0,0.0
2024-06-27 15:25:00-04:00,50.040000915527344,50.040000915527344,50.040000915527344,50.040000915527344,131,0.0,0.0
2024-06-27 15:30:00-04:00,50.18000030517578,50.20000076293945,50.18000030517578,50.20000076293945,569,0.0,0.0
2024-06-27 15:35:00-04:00,50.20000076293945,50.20000076293945,50.189998626708984,50.189998626708984,473,0.0,0.0
2024-06-27 15:40:00-04:00,50.2400016784668,50.2400016784668,50.20000076293945,50.20000076293945,726,0.0,0.0
2024-06-27 15:45:00-04:00,50.150001525878906,50.150001525878906,49.9900016784668,49.9900016784668,1534,0.0,0.0
2024-06-27 15:50:00-04:00,50.029998779296875,50.20000076293945,50.029998779296875,50.20000076293945,944,0.0,0.0
2024-06-27 15:55:00-04:00,50.20000076293945,50.20000076293945,50.06999969482422,50.20000076293945,3919,0.0,0.0
2024-06-28 09:30:00-04:00,50.439998626708984,50.439998626708984,50.439998626708984,50.439998626708984,0,0.0,0.0
2024-06-28 09:35:00-04:00,50.70000076293945,50.70000076293945,50.70000076293945,50.70000076293945,665,0.0,0.0
2024-06-28 10:25:00-04:00,50.70000076293945,50.70000076293945,50.70000076293945,50.70000076293945,243,0.0,0.0
2024-06-28 10:30:00-04:00,50.880001068115234,50.90999984741211,50.880001068115234,50.90999984741211,863,0.0,0.0
2024-06-28 10:35:00-04:00,50.56999969482422,50.56999969482422,50.56999969482422,50.56999969482422,739,0.0,0.0
2024-06-28 10:45:00-04:00,50.900001525878906,50.900001525878906,50.900001525878906,50.900001525878906,223,0.0,0.0
2024-06-28 10:55:00-04:00,50.900001525878906,50.900001525878906,50.65999984741211,50.65999984741211,885,0.0,0.0
2024-06-28 11:00:00-04:00,50.415000915527344,50.415000915527344,50.415000915527344,50.415000915527344,1000,0.0,0.0
2024-06-28 11:40:00-04:00,50.90999984741211,50.97999954223633,50.90999984741211,50.97999954223633,1022,0.0,0.0
2024-06-28 12:30:00-04:00,51.0,51.0,51.0,51.0,553,0.0,0.0
2024-06-28 12:35:00-04:00,51.16999816894531,51.16999816894531,51.16999816894531,51.16999816894531,1075,0.0,0.0
2024-06-28 12:40:00-04:00,51.0,51.0,51.0,51.0,2681,0.0,0.0
2024-06-28 14:05:00-04:00,51.0,51.0,51.0,51.0,220,0.0,0.0
2024-06-28 14:10:00-04:00,50.942501068115234,50.942501068115234,50.942501068115234,50.942501068115234,625,0.0,0.0
2024-06-28 14:15:00-04:00,50.900001525878906,50.900001525878906,50.900001525878906,50.900001525878906,840,0.0,0.0
2024-06-28 15:10:00-04:00,50.43000030517578,50.43000030517578,50.43000030517578,50.43000030517578,273,0.0,0.0
2024-06-28 15:15:00-04:00,50.224998474121094,50.224998474121094,50.224998474121094,50.224998474121094,360,0.0,0.0
2024-06-28 15:20:00-04:00,50.33000183105469,50.33000183105469,50.33000183105469,50.33000183105469,138,0.0,0.0
2024-06-28 15:25:00-04:00,50.334999084472656,50.334999084472656,50.334999084472656,50.334999084472656,483,0.0,0.0
2024-06-28 15:40:00-04:00,50.30500030517578,50.30500030517578,50.30500030517578,50.30500030517578,446,0.0,0.0
2024-06-28 15:45:00-04:00,50.29999923706055,50.29999923706055,50.29999923706055,50.29999923706055,835,0.0,0.0
2024-06-28 15:50:00-04:00,51.029998779296875,51.310001373291016,50.77000045776367,50.810001373291016,6953,0.0,0.0
2024-06-28 15:55:00-04:00,51.060001373291016,51.060001373291016,50.68000030517578,50.970001220703125,5889,0.0,0.0
