Datetime,Open,High,Low,Close,Volume,Dividends,Stock Splits
2022-10-27 09:30:00-04:00,26.969999313354492,27.09000015258789,26.549999237060547,27.09000015258789,0,0.0,0.0
2022-10-27 10:30:00-04:00,27.0,27.1200008392334,26.860000610351562,27.0,6818,0.0,0.0
2022-10-27 11:30:00-04:00,27.020000457763672,27.15999984741211,26.850000381469727,26.8700008392334,7434,0.0,0.0
2022-10-27 12:30:00-04:00,26.709999084472656,26.889999389648438,26.709999084472656,26.8700008392334,9014,0.0,0.0
2022-10-27 13:30:00-04:00,26.84000015258789,26.8700008392334,26.665000915527344,26.709999084472656,5839,0.0,0.0
2022-10-27 14:30:00-04:00,26.780000686645508,26.790000915527344,26.59000015258789,26.610000610351562,5791,0.0,0.0
2022-10-27 15:30:00-04:00,26.600000381469727,26.639999389648438,26.3799991607666,26.450000762939453,11866,0.0,0.0
2022-10-28 09:30:00-04:00,26.65999984741211,27.1299991607666,26.559999465942383,26.84000015258789,8370,0.0,0.0
2022-10-28 10:30:00-04:00,27.079999923706055,27.3799991607666,26.93000030517578,27.229999542236328,4825,0.0,0.0
2022-10-28 11:30:00-04:00,27.280000686645508,27.59000015258789,27.200000762939453,27.47010040283203,9371,0.0,0.0
2022-10-28 12:30:00-04:00,27.600000381469727,27.639999389648438,27.479999542236328,27.530000686645508,4685,0.0,0.0
2022-10-28 13:30:00-04:00,27.434999465942383,27.469999313354492,27.34000015258789,27.46500015258789,5177,0.0,0.0
2022-10-28 14:30:00-04:00,27.420000076293945,27.70359992980957,27.420000076293945,27.700000762939453,8132,0.0,0.0
2022-10-28 15:30:00-04:00,27.684999465942383,27.760000228881836,27.56999969482422,27.59000015258789,16240,0.0,0.0
2022-10-31 09:30:00-04:00,27.530000686645508,27.530000686645508,27.1200008392334,27.350000381469727,5019,0.0,0.0
2022-10-31 10:30:00-04:00,27.065000534057617,27.514999389648438,26.8799991607666,27.514999389648438,7253,0.0,0.0
2022-10-31 11:30:00-04:00,27.510000228881836,27.739999771118164,27.420000076293945,27.649999618530273,6826,0.0,0.0
2022-10-31 12:30:00-04:00,27.520000457763672,27.68000030517578,27.450000762939453,27.68000030517578,4207,0.0,0.0
2022-10-31 13:30:00-04:00,27.693300247192383,27.778400421142578,27.645000457763672,27.700000762939453,3725,0.0,0.0
2022-10-31 14:30:00-04:00,27.700000762939453,27.753000259399414,27.65999984741211,27.731300354003906,4950,0.0,0.0
2022-10-31 15:30:00-04:00,27.68000030517578,27.84000015258789,27.610000610351562,27.65999984741211,28379,0.0,0.0
2022-11-01 09:30:00-04:00,28.34000015258789,28.34000015258789,27.610000610351562,28.049999237060547,9982,0.0,0.0
2022-11-01 10:30:00-04:00,28.020000457763672,28.059999465942383,27.709999084472656,27.875,6284,0.0,0.0
2022-11-01 11:30:00-04:00,27.889999389648438,28.049999237060547,27.790000915527344,27.989999771118164,4298,0.0,0.0
2022-11-01 12:30:00-04:00,27.989999771118164,28.1200008392334,27.989999771118164,28.110000610351562,4240,0.0,0.0
2022-11-01 13:30:00-04:00,28.010000228881836,28.06999969482422,27.889999389648438,27.889999389648438,6507,0.0,0.0
2022-11-01 14:30:00-04:00,27.920000076293945,27.920000076293945,27.709999084472656,27.709999084472656,7555,0.0,0.0
2022-11-01 15:30:00-04:00,27.700000762939453,27.729999542236328,27.6200008392334,27.65999984741211,12919,0.0,0.0
2022-11-02 09:30:00-04:00,27.639999389648438,27.690000534057617,26.729999542236328,27.690000534057617,4803,0.0,0.0
2022-11-02 10:30:00-04:00,27.700000762939453,28.079999923706055,27.700000762939453,28.010000228881836,4857,0.0,0.0
2022-11-02 11:30:00-04:00,28.020000457763672,28.110000610351562,27.950000762939453,27.959999084472656,3614,0.0,0.0
2022-11-02 12:30:00-04:00,27.74410057067871,28.079999923706055,27.74410057067871,27.834999084472656,4496,0.0,0.0
2022-11-02 13:30:00-04:00,27.889999389648438,28.639999389648438,27.809999465942383,28.639999389648438,12477,0.0,0.0
2022-11-02 14:30:00-04:00,28.65999984741211,28.729999542236328,27.420000076293945,27.5,15043,0.0,0.0
2022-11-02 15:30:00-04:00,27.5,27.655000686645508,27.450000762939453,27.450000762939453,29162,0.0,0.0
2022-11-03 09:30:00-04:00,26.950000762939453,26.950000762939453,26.260000228881836,26.899999618530273,12791,0.0,0.0
2022-11-03 10:30:00-04:00,27.010000228881836,27.350000381469727,26.920000076293945,27.040000915527344,4790,0.0,0.0
2022-11-03 11:30:00-04:00,27.100000381469727,27.260000228881836,26.950000762939453,27.049999237060547,9275,0.0,0.0
2022-11-03 12:30:00-04:00,26.979999542236328,27.290000915527344,26.979999542236328,26.979999542236328,4909,0.0,0.0
2022-11-03 13:30:00-04:00,27.0,27.0,26.75,26.940000534057617,5556,0.0,0.0
2022-11-03 14:30:00-04:00,26.918899536132812,26.918899536132812,26.77400016784668,26.809999465942383,6221,0.0,0.0
2022-11-03 15:30:00-04:00,26.850000381469727,26.860000610351562,26.530000686645508,26.600000381469727,18064,0.0,0.0
2022-11-04 09:30:00-04:00,27.350000381469727,28.040000915527344,27.350000381469727,27.959999084472656,11832,0.0,0.0
2022-11-04 10:30:00-04:00,27.985000610351562,27.985000610351562,27.604999542236328,27.604999542236328,5516,0.0,0.0
2022-11-04 11:30:00-04:00,27.65999984741211,27.959999084472656,27.364999771118164,27.709999084472656,7831,0.0,0.0
2022-11-04 12:30:00-04:00,27.719999313354492,27.719999313354492,27.43000030517578,27.520000457763672,4261,0.0,0.0
2022-11-04 13:30:00-04:00,27.434200286865234,27.66469955444336,27.40999984741211,27.66469955444336,4025,0.0,0.0
2022-11-04 14:30:00-04:00,27.6299991607666,28.190000534057617,27.600000381469727,28.15999984741211,11102,0.0,0.0
2022-11-04 15:30:00-04:00,28.190000534057617,28.309999465942383,28.110000610351562,28.299999237060547,18301,0.0,0.0
2022-11-07 09:30:00-05:00,28.399999618530273,28.440000534057617,28.0,28.34000015258789,7037,0.0,0.0
2022-11-07 10:30:00-05:00,28.389999389648438,28.579999923706055,28.100000381469727,28.530000686645508,8547,0.0,0.0
2022-11-07 11:30:00-05:00,28.6200008392334,28.6200008392334,28.440000534057617,28.610000610351562,6378,0.0,0.0
2022-11-07 12:30:00-05:00,28.540000915527344,28.646799087524414,28.290000915527344,28.646799087524414,3845,0.0,0.0
2022-11-07 13:30:00-05:00,28.530000686645508,28.799999237060547,28.520200729370117,28.799999237060547,6619,0.0,0.0
2022-11-07 14:30:00-05:00,28.860000610351562,28.920000076293945,28.670000076293945,28.809999465942383,7992,0.0,0.0
2022-11-07 15:30:00-05:00,28.799999237060547,28.850000381469727,28.780000686645508,28.81999969482422,16171,0.0,0.0
2022-11-08 09:30:00-05:00,29.1299991607666,29.290000915527344,28.860000610351562,29.251699447631836,8297,0.0,0.0
2022-11-08 10:30:00-05:00,29.270000457763672,29.558399200439453,29.270000457763672,29.440000534057617,4085,0.0,0.0
2022-11-08 11:30:00-05:00,29.604999542236328,29.6299991607666,29.34000015258789,29.34000015258789,3756,0.0,0.0
2022-11-08 12:30:00-05:00,29.299999237060547,29.489999771118164,29.219999313354492,29.219999313354492,7021,0.0,0.0
2022-11-08 13:30:00-05:00,29.100000381469727,29.200000762939453,28.684999465942383,28.69499969482422,8439,0.0,0.0
2022-11-08 14:30:00-05:00,28.69499969482422,29.1299991607666,28.69499969482422,29.1200008392334,11226,0.0,0.0
2022-11-08 15:30:00-05:00,29.200000762939453,29.415000915527344,29.200000762939453,29.270000457763672,21028,0.0,0.0
2022-11-09 09:30:00-05:00,25.670000076293945,26.3700008392334,24.479999542236328,25.364999771118164,16913,0.0,0.0
2022-11-09 10:30:00-05:00,25.389999389648438,26.329999923706055,25.3700008392334,26.170000076293945,17267,0.0,0.0
2022-11-09 11:30:00-05:00,26.170000076293945,26.270000457763672,26.0,26.1200008392334,7026,0.0,0.0
2022-11-09 12:30:00-05:00,26.059999465942383,26.290000915527344,25.940000534057617,25.979999542236328,11358,0.0,0.0
2022-11-09 13:30:00-05:00,25.979999542236328,26.15999984741211,25.950000762939453,26.15999984741211,9192,0.0,0.0
2022-11-09 14:30:00-05:00,26.049999237060547,26.125,25.920000076293945,26.09000015258789,11711,0.0,0.0
2022-11-09 15:30:00-05:00,26.100000381469727,26.209999084472656,25.959999084472656,26.030000686645508,26900,0.0,0.0
2022-11-10 09:30:00-05:00,27.3799991607666,27.639999389648438,26.40999984741211,27.639999389648438,18300,0.0,0.0
2022-11-10 10:30:00-05:00,27.610000610351562,28.280000686645508,27.5,28.110000610351562,11777,0.0,0.0
2022-11-10 11:30:00-05:00,28.155000686645508,28.174999237060547,27.655000686645508,27.760000228881836,8358,0.0,0.0
2022-11-10 12:30:00-05:00,27.719999313354492,27.84000015258789,27.459999084472656,27.780000686645508,9411,0.0,0.0
2022-11-10 13:30:00-05:00,27.770000457763672,28.139999389648438,27.670000076293945,28.079999923706055,9701,0.0,0.0
2022-11-10 14:30:00-05:00,28.0,28.399999618530273,28.0,28.360000610351562,10460,0.0,0.0
2022-11-10 15:30:00-05:00,28.399999618530273,28.399999618530273,28.094999313354492,28.190000534057617,27087,0.0,0.0
2022-11-11 09:30:00-05:00,28.0,29.1299991607666,28.0,29.0,11873,0.0,0.0
2022-11-11 10:30:00-05:00,28.979999542236328,28.979999542236328,28.59000015258789,28.729999542236328,14111,0.0,0.0
2022-11-11 11:30:00-05:00,28.8799991607666,28.950000762939453,28.684999465942383,28.8799991607666,9380,0.0,0.0
2022-11-11 12:30:00-05:00,28.799999237060547,28.809999465942383,28.68000030517578,28.739999771118164,7975,0.0,0.0
2022-11-11 13:30:00-05:00,28.799999237060547,28.802499771118164,28.639999389648438,28.704999923706055,14553,0.0,0.0
2022-11-11 14:30:00-05:00,28.649999618530273,28.760000228881836,28.40999984741211,28.479999542236328,12180,0.0,0.0
2022-11-11 15:30:00-05:00,28.530000686645508,28.530000686645508,28.309999465942383,28.309999465942383,22481,0.0,0.0
2022-11-14 09:30:00-05:00,28.049999237060547,28.209999084472656,27.49810028076172,28.059999465942383,8069,0.0,0.0
2022-11-14 10:30:00-05:00,28.014999389648438,28.270999908447266,27.940000534057617,27.979999542236328,4935,0.0,0.0
2022-11-14 11:30:00-05:00,28.229999542236328,28.440000534057617,27.8700008392334,27.950000762939453,13335,0.0,0.0
2022-11-14 12:30:00-05:00,27.8700008392334,28.079999923706055,27.739999771118164,28.079999923706055,7462,0.0,0.0
2022-11-14 13:30:00-05:00,28.079999923706055,28.165000915527344,27.959999084472656,28.0,10600,0.0,0.0
2022-11-14 14:30:00-05:00,28.079999923706055,28.40999984741211,27.989999771118164,28.235000610351562,14732,0.0,0.0
2022-11-14 15:30:00-05:00,28.229999542236328,28.290000915527344,27.959999084472656,28.100000381469727,25625,0.0,0.0
2022-11-15 09:30:00-05:00,29.059999465942383,29.299999237060547,28.84000015258789,29.209999084472656,7213,0.0,0.0
2022-11-15 10:30:00-05:00,29.314699172973633,29.350000381469727,28.920000076293945,29.200000762939453,14638,0.0,0.0
2022-11-15 11:30:00-05:00,29.239999771118164,29.299999237060547,29.09000015258789,29.290000915527344,24287,0.0,0.0
2022-11-15 12:30:00-05:00,29.299999237060547,29.3700008392334,29.059999465942383,29.090099334716797,11138,0.0,0.0
2022-11-15 13:30:00-05:00,29.1200008392334,29.450000762939453,28.920000076293945,29.260000228881836,37183,0.0,0.0
2022-11-15 14:30:00-05:00,29.31999969482422,29.329999923706055,29.168800354003906,29.200000762939453,6991,0.0,0.0
2022-11-15 15:30:00-05:00,29.190000534057617,29.200000762939453,28.940000534057617,29.040000915527344,25877,0.0,0.0
2022-11-16 09:30:00-05:00,28.270000457763672,28.670000076293945,28.0,28.295000076293945,4396,0.0,0.0
2022-11-16 10:30:00-05:00,28.290000915527344,28.670000076293945,28.239999771118164,28.670000076293945,4766,0.0,0.0
2022-11-16 11:30:00-05:00,28.56999969482422,28.584999084472656,28.235000610351562,28.34000015258789,5711,0.0,0.0
2022-11-16 12:30:00-05:00,28.360000610351562,28.549999237060547,28.360000610351562,28.43000030517578,5283,0.0,0.0
2022-11-16 13:30:00-05:00,28.40999984741211,28.40999984741211,28.25,28.329999923706055,5563,0.0,0.0
2022-11-16 14:30:00-05:00,28.329999923706055,28.329999923706055,27.940000534057617,28.1299991607666,9056,0.0,0.0
2022-11-16 15:30:00-05:00,28.1200008392334,28.459999084472656,28.104999542236328,28.3700008392334,24948,0.0,0.0
2022-11-17 09:30:00-05:00,27.75,28.08009910583496,27.649999618530273,28.08009910583496,5204,0.0,0.0
2022-11-17 10:30:00-05:00,28.079999923706055,28.360000610351562,27.969999313354492,28.34000015258789,8992,0.0,0.0
2022-11-17 11:30:00-05:00,28.309999465942383,28.57740020751953,28.309999465942383,28.360000610351562,6770,0.0,0.0
2022-11-17 12:30:00-05:00,28.360000610351562,28.780000686645508,28.309999465942383,28.6200008392334,8018,0.0,0.0
2022-11-17 13:30:00-05:00,28.56999969482422,28.56999969482422,28.295000076293945,28.350000381469727,7745,0.0,0.0
2022-11-17 14:30:00-05:00,28.299999237060547,28.450000762939453,28.270000457763672,28.3799991607666,8483,0.0,0.0
2022-11-17 15:30:00-05:00,28.399999618530273,28.44499969482422,28.309999465942383,28.389999389648438,14286,0.0,0.0
2022-11-18 09:30:00-05:00,29.219999313354492,29.219999313354492,28.40999984741211,28.524999618530273,19038,0.0,0.0
2022-11-18 10:30:00-05:00,28.600000381469727,28.600000381469727,28.139999389648438,28.204999923706055,9804,0.0,0.0
2022-11-18 11:30:00-05:00,28.100000381469727,28.100000381469727,27.829999923706055,27.829999923706055,4796,0.0,0.0
2022-11-18 12:30:00-05:00,27.850000381469727,28.1299991607666,27.829999923706055,28.010000228881836,10373,0.0,0.0
2022-11-18 13:30:00-05:00,28.040000915527344,28.040000915527344,27.59000015258789,27.600000381469727,12426,0.0,0.0
2022-11-18 14:30:00-05:00,27.549999237060547,27.549999237060547,27.3700008392334,27.43000030517578,17820,0.0,0.0
2022-11-18 15:30:00-05:00,27.43000030517578,27.5,27.229999542236328,27.270000457763672,23602,0.0,0.0
2022-11-21 09:30:00-05:00,27.100000381469727,27.100000381469727,26.545000076293945,26.545000076293945,5172,0.0,0.0
2022-11-21 10:30:00-05:00,26.520000457763672,26.68000030517578,26.350000381469727,26.479999542236328,24278,0.0,0.0
2022-11-21 11:30:00-05:00,26.489999771118164,26.760000228881836,26.3799991607666,26.6200008392334,13674,0.0,0.0
2022-11-21 12:30:00-05:00,26.614999771118164,26.940000534057617,26.614999771118164,26.8799991607666,9993,0.0,0.0
2022-11-21 13:30:00-05:00,26.860000610351562,27.149999618530273,26.825000762939453,27.020000457763672,7774,0.0,0.0
2022-11-21 14:30:00-05:00,27.075000762939453,27.139999389648438,26.799999237060547,26.93000030517578,10149,0.0,0.0
2022-11-21 15:30:00-05:00,26.915000915527344,26.990999221801758,26.75,26.81999969482422,19344,0.0,0.0
2022-11-22 09:30:00-05:00,27.040000915527344,27.209999084472656,26.420000076293945,26.950000762939453,7860,0.0,0.0
2022-11-22 10:30:00-05:00,26.940000534057617,27.0,26.665000915527344,26.760000228881836,11478,0.0,0.0
2022-11-22 11:30:00-05:00,26.760000228881836,26.780000686645508,26.639999389648438,26.7450008392334,6166,0.0,0.0
2022-11-22 12:30:00-05:00,26.65999984741211,26.75,26.65999984741211,26.75,2546,0.0,0.0
2022-11-22 13:30:00-05:00,26.799999237060547,27.1200008392334,26.71500015258789,27.1200008392334,9336,0.0,0.0
2022-11-22 14:30:00-05:00,27.075000762939453,27.235000610351562,27.030000686645508,27.1200008392334,19051,0.0,0.0
2022-11-22 15:30:00-05:00,27.18000030517578,27.260000228881836,27.139999389648438,27.170000076293945,32431,0.0,0.0
2022-11-23 09:30:00-05:00,27.25,27.81999969482422,26.860000610351562,27.729999542236328,17875,0.0,0.0
2022-11-23 10:30:00-05:00,27.84000015258789,27.860000610351562,27.459999084472656,27.520000457763672,8972,0.0,0.0
2022-11-23 11:30:00-05:00,27.530000686645508,27.565000534057617,27.3799991607666,27.46500015258789,3393,0.0,0.0
2022-11-23 12:30:00-05:00,27.389999389648438,27.530000686645508,27.3799991607666,27.469999313354492,5530,0.0,0.0
2022-11-23 13:30:00-05:00,27.510000228881836,27.920000076293945,27.510000228881836,27.875,7702,0.0,0.0
2022-11-23 14:30:00-05:00,27.81999969482422,27.950000762939453,27.7450008392334,27.920000076293945,17397,0.0,0.0
2022-11-23 15:30:00-05:00,27.889999389648438,27.93000030517578,27.729999542236328,27.790000915527344,17726,0.0,0.0
2022-11-25 09:30:00-05:00,27.8700008392334,27.959999084472656,27.565000534057617,27.614999771118164,4278,0.0,0.0
2022-11-25 10:30:00-05:00,27.530000686645508,27.614999771118164,27.43000030517578,27.43000030517578,18591,0.0,0.0
2022-11-25 11:30:00-05:00,27.469999313354492,27.469999313354492,27.329999923706055,27.389999389648438,7617,0.0,0.0
2022-11-28 09:30:00-05:00,26.950000762939453,27.100000381469727,26.950000762939453,26.95599937438965,3581,0.0,0.0
2022-11-28 10:30:00-05:00,26.950000762939453,26.950000762939453,26.719999313354492,26.809999465942383,4868,0.0,0.0
2022-11-28 11:30:00-05:00,26.790000915527344,26.899999618530273,26.73740005493164,26.815000534057617,6373,0.0,0.0
2022-11-28 12:30:00-05:00,26.829999923706055,26.989999771118164,26.75,26.84000015258789,9342,0.0,0.0
2022-11-28 13:30:00-05:00,26.90999984741211,26.950000762939453,26.709999084472656,26.709999084472656,12318,0.0,0.0
2022-11-28 14:30:00-05:00,26.639999389648438,26.68000030517578,26.3799991607666,26.3799991607666,7556,0.0,0.0
2022-11-28 15:30:00-05:00,26.350000381469727,26.350000381469727,26.170000076293945,26.235000610351562,18783,0.0,0.0
2022-11-29 09:30:00-05:00,26.3700008392334,26.46500015258789,26.020000457763672,26.40999984741211,5910,0.0,0.0
2022-11-29 10:30:00-05:00,26.40999984741211,26.440000534057617,26.010000228881836,26.100000381469727,7244,0.0,0.0
2022-11-29 11:30:00-05:00,26.18000030517578,26.229999542236328,26.100000381469727,26.204999923706055,5035,0.0,0.0
2022-11-29 12:30:00-05:00,26.204999923706055,26.34000015258789,26.149999618530273,26.149999618530273,17005,0.0,0.0
2022-11-29 13:30:00-05:00,26.145000457763672,26.309999465942383,26.0,26.014999389648438,12239,0.0,0.0
2022-11-29 14:30:00-05:00,25.979999542236328,26.239999771118164,25.934999465942383,26.139999389648438,25719,0.0,0.0
2022-11-29 15:30:00-05:00,26.059999465942383,26.1299991607666,25.940000534057617,26.0,43171,0.0,0.0
2022-11-30 09:30:00-05:00,26.190000534057617,26.344999313354492,25.610000610351562,25.8799991607666,15241,0.0,0.0
2022-11-30 10:30:00-05:00,25.84000015258789,26.014999389648438,25.709999084472656,25.850000381469727,23244,0.0,0.0
2022-11-30 11:30:00-05:00,25.93000030517578,25.959999084472656,25.610000610351562,25.610000610351562,13451,0.0,0.0
2022-11-30 12:30:00-05:00,25.670000076293945,25.75,25.639999389648438,25.725000381469727,6433,0.0,0.0
2022-11-30 13:30:00-05:00,25.690000534057617,27.030000686645508,25.6299991607666,27.020000457763672,42361,0.0,0.0
2022-11-30 14:30:00-05:00,26.950000762939453,27.100000381469727,26.700000762939453,26.934999465942383,45741,0.0,0.0
2022-11-30 15:30:00-05:00,26.94499969482422,27.270000457763672,26.790000915527344,27.18000030517578,53152,0.0,0.0
2022-12-01 09:30:00-05:00,27.229999542236328,27.610000610351562,27.020000457763672,27.15999984741211,27150,0.0,0.0
2022-12-01 10:30:00-05:00,27.079999923706055,27.920000076293945,27.059999465942383,27.6299991607666,56077,0.0,0.0
2022-12-01 11:30:00-05:00,27.639999389648438,27.725000381469727,27.3700008392334,27.440000534057617,9520,0.0,0.0
2022-12-01 12:30:00-05:00,27.6200008392334,27.690000534057617,27.389999389648438,27.649999618530273,18315,0.0,0.0
2022-12-01 13:30:00-05:00,27.6200008392334,27.94499969482422,27.489999771118164,27.770000457763672,43099,0.0,0.0
2022-12-01 14:30:00-05:00,27.780000686645508,28.094999313354492,27.700000762939453,28.024999618530273,29731,0.0,0.0
2022-12-01 15:30:00-05:00,28.030000686645508,28.145000457763672,27.84000015258789,27.84000015258789,21421,0.0,0.0
2022-12-02 09:30:00-05:00,27.350000381469727,27.350000381469727,26.84000015258789,27.049999237060547,8629,0.0,0.0
2022-12-02 10:30:00-05:00,27.06999969482422,27.15999984741211,26.96139907836914,27.045000076293945,13199,0.0,0.0
2022-12-02 11:30:00-05:00,27.149999618530273,27.149999618530273,26.719999313354492,26.719999313354492,17452,0.0,0.0
2022-12-02 12:30:00-05:00,26.774999618530273,27.040000915527344,26.690000534057617,27.040000915527344,7666,0.0,0.0
2022-12-02 13:30:00-05:00,27.030000686645508,27.239999771118164,26.860000610351562,27.079999923706055,24545,0.0,0.0
2022-12-02 14:30:00-05:00,27.040000915527344,27.229999542236328,26.90999984741211,27.084999084472656,55422,0.0,0.0
2022-12-02 15:30:00-05:00,27.06999969482422,27.094999313354492,26.889999389648438,26.950000762939453,31187,0.0,0.0
2022-12-05 09:30:00-05:00,26.8700008392334,26.920000076293945,26.049999237060547,26.375,22962,0.0,0.0
2022-12-05 10:30:00-05:00,26.200000762939453,26.739999771118164,26.200000762939453,26.549999237060547,20597,0.0,0.0
2022-12-05 11:30:00-05:00,26.584999084472656,26.719999313354492,26.459999084472656,26.719999313354492,6440,0.0,0.0
2022-12-05 12:30:00-05:00,26.65999984741211,26.71500015258789,26.31999969482422,26.53499984741211,25762,0.0,0.0
2022-12-05 13:30:00-05:00,26.579999923706055,26.600000381469727,26.155000686645508,26.364999771118164,15122,0.0,0.0
2022-12-05 14:30:00-05:00,26.31999969482422,26.31999969482422,26.020000457763672,26.09000015258789,14154,0.0,0.0
2022-12-05 15:30:00-05:00,26.15999984741211,26.31999969482422,26.049999237060547,26.270000457763672,31399,0.0,0.0
2022-12-06 09:30:00-05:00,26.43000030517578,26.65999984741211,25.924999237060547,26.290000915527344,22066,0.0,0.0
2022-12-06 10:30:00-05:00,26.25,27.0,26.235000610351562,26.934999465942383,23292,0.0,0.0
2022-12-06 11:30:00-05:00,26.8799991607666,26.959999084472656,26.584999084472656,26.860000610351562,13497,0.0,0.0
2022-12-06 12:30:00-05:00,26.950000762939453,27.0,26.729999542236328,26.739999771118164,10555,0.0,0.0
2022-12-06 13:30:00-05:00,26.809999465942383,26.860000610351562,26.690000534057617,26.729999542236328,7161,0.0,0.0
2022-12-06 14:30:00-05:00,26.725000381469727,26.809999465942383,26.670000076293945,26.670000076293945,13698,0.0,0.0
2022-12-06 15:30:00-05:00,26.719999313354492,26.829999923706055,26.690000534057617,26.809999465942383,25439,0.0,0.0
2022-12-07 09:30:00-05:00,26.65999984741211,26.920000076293945,26.389999389648438,26.389999389648438,0,0.0,0.0
2022-12-07 10:30:00-05:00,26.530000686645508,26.8700008392334,26.5,26.55500030517578,6770,0.0,0.0
2022-12-07 11:30:00-05:00,26.600000381469727,26.770000457763672,26.600000381469727,26.68000030517578,7378,0.0,0.0
2022-12-07 12:30:00-05:00,26.604999542236328,26.71500015258789,26.459999084472656,26.559999465942383,4026,0.0,0.0
2022-12-07 13:30:00-05:00,26.524999618530273,26.735000610351562,26.524999618530273,26.579999923706055,9543,0.0,0.0
2022-12-07 14:30:00-05:00,26.614999771118164,26.690000534057617,26.510000228881836,26.549999237060547,31674,0.0,0.0
2022-12-07 15:30:00-05:00,26.59000015258789,26.65999984741211,26.549999237060547,26.65999984741211,14147,0.0,0.0
2022-12-08 09:30:00-05:00,26.639999389648438,27.065000534057617,26.450000762939453,27.059999465942383,5484,0.0,0.0
2022-12-08 10:30:00-05:00,27.190000534057617,27.440000534057617,26.860000610351562,26.860000610351562,10751,0.0,0.0
2022-12-08 11:30:00-05:00,26.934999465942383,27.209999084472656,26.862300872802734,27.0,26175,0.0,0.0
2022-12-08 12:30:00-05:00,26.969999313354492,27.139999389648438,26.950000762939453,27.042499542236328,15299,0.0,0.0
2022-12-08 13:30:00-05:00,27.065000534057617,27.225000381469727,26.950000762939453,26.950000762939453,9281,0.0,0.0
2022-12-08 14:30:00-05:00,26.920000076293945,27.139999389648438,26.84000015258789,27.049999237060547,27894,0.0,0.0
2022-12-08 15:30:00-05:00,27.079999923706055,27.329999923706055,27.049999237060547,27.25,23575,0.0,0.0
2022-12-09 09:30:00-05:00,27.110000610351562,27.399999618530273,27.110000610351562,27.170000076293945,5302,0.0,0.0
2022-12-09 10:30:00-05:00,27.299999237060547,27.354999542236328,27.18000030517578,27.280000686645508,5672,0.0,0.0
2022-12-09 11:30:00-05:00,27.3700008392334,27.389999389648438,27.240100860595703,27.302600860595703,11112,0.0,0.0
2022-12-09 12:30:00-05:00,27.270000457763672,27.360000610351562,27.010000228881836,27.024999618530273,7809,0.0,0.0
2022-12-09 13:30:00-05:00,27.049999237060547,27.149999618530273,26.989999771118164,27.020000457763672,11088,0.0,0.0
2022-12-09 14:30:00-05:00,27.0,27.09000015258789,26.7450008392334,27.09000015258789,17578,0.0,0.0
2022-12-09 15:30:00-05:00,27.010000228881836,27.1299991607666,26.670000076293945,26.739999771118164,39584,0.0,0.0
2022-12-12 09:30:00-05:00,26.899999618530273,27.31999969482422,26.600000381469727,27.31999969482422,23413,0.0,0.0
2022-12-12 10:30:00-05:00,27.389999389648438,27.510000228881836,27.15999984741211,27.21500015258789,23939,0.0,0.0
2022-12-12 11:30:00-05:00,27.21500015258789,28.049999237060547,27.21500015258789,28.049999237060547,26661,0.0,0.0
2022-12-12 12:30:00-05:00,28.045000076293945,28.045000076293945,27.709999084472656,27.920000076293945,16661,0.0,0.0
2022-12-12 13:30:00-05:00,27.920000076293945,28.045000076293945,27.844999313354492,27.940000534057617,22371,0.0,0.0
2022-12-12 14:30:00-05:00,27.915000915527344,28.270000457763672,27.895000457763672,28.09000015258789,39896,0.0,0.0
2022-12-12 15:30:00-05:00,28.09000015258789,28.100000381469727,27.59000015258789,27.81999969482422,39728,0.0,0.0
2022-12-13 09:30:00-05:00,28.969999313354492,29.790000915527344,28.65999984741211,28.729999542236328,14976,0.0,0.0
2022-12-13 10:30:00-05:00,28.920000076293945,28.920000076293945,28.350000381469727,28.459999084472656,10865,0.0,0.0
2022-12-13 11:30:00-05:00,28.649999618530273,28.75,28.3700008392334,28.59000015258789,18831,0.0,0.0
2022-12-13 12:30:00-05:00,28.540000915527344,28.700000762939453,28.360000610351562,28.690000534057617,7629,0.0,0.0
2022-12-13 13:30:00-05:00,28.700000762939453,28.770000457763672,28.479999542236328,28.579999923706055,8716,0.0,0.0
2022-12-13 14:30:00-05:00,28.6200008392334,28.684999465942383,28.450000762939453,28.6200008392334,11508,0.0,0.0
2022-12-13 15:30:00-05:00,28.649999618530273,28.670000076293945,28.469999313354492,28.530000686645508,24459,0.0,0.0
2022-12-14 09:30:00-05:00,28.510000228881836,29.170000076293945,28.239999771118164,29.170000076293945,10661,0.0,0.0
2022-12-14 10:30:00-05:00,29.06999969482422,29.209999084472656,28.93000030517578,29.209999084472656,12311,0.0,0.0
2022-12-14 11:30:00-05:00,29.118799209594727,29.200000762939453,28.90999984741211,28.920000076293945,10630,0.0,0.0
2022-12-14 12:30:00-05:00,29.010000228881836,29.040000915527344,28.834999084472656,28.850000381469727,9579,0.0,0.0
2022-12-14 13:30:00-05:00,28.889999389648438,29.1200008392334,28.389999389648438,28.6299991607666,18001,0.0,0.0
2022-12-14 14:30:00-05:00,28.6200008392334,29.1299991607666,28.239999771118164,28.579999923706055,27396,0.0,0.0
2022-12-14 15:30:00-05:00,28.469999313354492,28.8700008392334,28.440000534057617,28.770000457763672,30796,0.0,0.0
2022-12-15 09:30:00-05:00,28.229999542236328,28.325000762939453,28.010000228881836,28.325000762939453,5808,0.0,0.0
2022-12-15 10:30:00-05:00,28.25,28.325000762939453,27.889999389648438,28.200000762939453,17848,0.0,0.0
2022-12-15 11:30:00-05:00,28.209999084472656,28.479999542236328,28.18000030517578,28.454999923706055,16793,0.0,0.0
2022-12-15 12:30:00-05:00,28.5,28.524999618530273,28.219999313354492,28.219999313354492,10550,0.0,0.0
2022-12-15 13:30:00-05:00,28.25,28.31999969482422,28.1200008392334,28.190000534057617,13259,0.0,0.0
2022-12-15 14:30:00-05:00,28.200000762939453,28.3700008392334,28.200000762939453,28.329999923706055,17112,0.0,0.0
2022-12-15 15:30:00-05:00,28.344999313354492,28.344999313354492,28.09000015258789,28.299999237060547,32482,0.0,0.0
2022-12-16 09:30:00-05:00,28.06999969482422,28.81999969482422,28.020000457763672,28.06999969482422,45761,0.0,0.0
2022-12-16 10:30:00-05:00,28.075000762939453,28.315000534057617,28.075000762939453,28.165000915527344,18165,0.0,0.0
2022-12-16 11:30:00-05:00,28.219999313354492,28.299999237060547,28.06999969482422,28.25,11995,0.0,0.0
2022-12-16 12:30:00-05:00,28.25,28.28499984741211,27.9950008392334,28.059999465942383,10884,0.0,0.0
2022-12-16 13:30:00-05:00,28.040000915527344,28.219999313354492,27.943599700927734,28.0,12857,0.0,0.0
2022-12-16 14:30:00-05:00,28.030099868774414,28.420000076293945,28.030099868774414,28.360000610351562,17008,0.0,0.0
2022-12-16 15:30:00-05:00,28.360000610351562,28.40999984741211,27.989999771118164,27.989999771118164,43723,0.0,0.0
2022-12-19 09:30:00-05:00,27.81999969482422,27.81999969482422,27.18000030517578,27.3799991607666,12644,0.0,0.0
2022-12-19 10:30:00-05:00,27.219999313354492,27.25,26.719999313354492,26.770000457763672,10434,0.0,0.0
2022-12-19 11:30:00-05:00,26.790000915527344,26.84000015258789,26.6200008392334,26.69499969482422,6896,0.0,0.0
2022-12-19 12:30:00-05:00,26.604999542236328,26.97100067138672,26.584999084472656,26.899999618530273,7957,0.0,0.0
2022-12-19 13:30:00-05:00,26.8700008392334,26.8700008392334,26.510000228881836,26.57819938659668,10750,0.0,0.0
2022-12-19 14:30:00-05:00,26.579999923706055,26.719999313354492,26.405000686645508,26.520000457763672,10229,0.0,0.0
2022-12-19 15:30:00-05:00,26.5,26.610000610351562,26.3700008392334,26.579999923706055,19963,0.0,0.0
2022-12-20 09:30:00-05:00,26.34000015258789,26.709999084472656,26.1200008392334,26.670000076293945,7270,0.0,0.0
2022-12-20 10:30:00-05:00,26.715700149536133,27.209999084472656,26.549999237060547,26.90999984741211,17054,0.0,0.0
2022-12-20 11:30:00-05:00,26.889999389648438,26.90999984741211,26.677200317382812,26.739999771118164,8527,0.0,0.0
2022-12-20 12:30:00-05:00,26.639999389648438,26.739999771118164,26.520000457763672,26.65999984741211,7321,0.0,0.0
2022-12-20 13:30:00-05:00,26.649999618530273,26.760000228881836,26.591299057006836,26.709999084472656,6591,0.0,0.0
2022-12-20 14:30:00-05:00,26.604999542236328,26.670000076293945,26.59000015258789,26.670000076293945,5768,0.0,0.0
2022-12-20 15:30:00-05:00,26.690000534057617,26.690000534057617,26.540000915527344,26.610000610351562,14150,0.0,0.0
2022-12-21 09:30:00-05:00,26.709999084472656,26.850000381469727,26.51020050048828,26.850000381469727,2918,0.0,0.0
2022-12-21 10:30:00-05:00,26.899999618530273,27.1299991607666,26.8700008392334,27.06999969482422,9193,0.0,0.0
2022-12-21 11:30:00-05:00,27.079999923706055,27.1200008392334,26.983600616455078,27.059999465942383,7370,0.0,0.0
2022-12-21 12:30:00-05:00,27.030000686645508,27.209999084472656,26.979999542236328,26.979999542236328,4176,0.0,0.0
2022-12-21 13:30:00-05:00,27.020000457763672,27.059999465942383,26.940000534057617,26.959999084472656,6184,0.0,0.0
2022-12-21 14:30:00-05:00,26.989999771118164,26.9950008392334,26.899999618530273,26.899999618530273,5589,0.0,0.0
2022-12-21 15:30:00-05:00,26.895000457763672,27.042499542236328,26.891599655151367,27.030000686645508,14474,0.0,0.0
2022-12-22 09:30:00-05:00,26.459999084472656,26.459999084472656,25.799999237060547,25.90999984741211,13620,0.0,0.0
2022-12-22 10:30:00-05:00,25.8700008392334,26.389999389648438,25.84000015258789,26.156999588012695,12970,0.0,0.0
2022-12-22 11:30:00-05:00,26.068099975585938,26.170000076293945,25.920000076293945,25.959999084472656,4376,0.0,0.0
2022-12-22 12:30:00-05:00,25.81999969482422,25.93000030517578,25.575599670410156,25.700000762939453,9141,0.0,0.0
2022-12-22 13:30:00-05:00,25.690000534057617,25.969999313354492,25.65999984741211,25.940000534057617,5518,0.0,0.0
2022-12-22 14:30:00-05:00,25.899999618530273,26.270000457763672,25.860000610351562,26.270000457763672,6112,0.0,0.0
2022-12-22 15:30:00-05:00,26.170000076293945,26.379199981689453,26.149999618530273,26.360000610351562,15224,0.0,0.0
2022-12-23 09:30:00-05:00,26.389999389648438,26.389999389648438,25.530000686645508,25.950000762939453,7158,0.0,0.0
2022-12-23 10:30:00-05:00,25.8700008392334,26.139999389648438,25.75,25.81999969482422,7354,0.0,0.0
2022-12-23 11:30:00-05:00,25.790000915527344,25.81999969482422,25.739999771118164,25.739999771118164,2020,0.0,0.0
2022-12-23 12:30:00-05:00,25.81999969482422,25.8799991607666,25.719999313354492,25.75040054321289,4592,0.0,0.0
2022-12-23 13:30:00-05:00,25.790000915527344,25.940000534057617,25.719999313354492,25.940000534057617,4810,0.0,0.0
2022-12-23 14:30:00-05:00,25.905000686645508,26.0049991607666,25.809999465942383,25.905000686645508,7023,0.0,0.0
2022-12-23 15:30:00-05:00,25.857799530029297,25.989999771118164,25.760000228881836,25.950000762939453,10505,0.0,0.0
2022-12-27 09:30:00-05:00,25.709999084472656,25.709999084472656,25.290000915527344,25.68000030517578,4081,0.0,0.0
2022-12-27 10:30:00-05:00,25.600000381469727,25.65999984741211,25.4950008392334,25.5,3220,0.0,0.0
2022-12-27 11:30:00-05:00,25.60740089416504,25.684999465942383,25.565000534057617,25.56999969482422,5583,0.0,0.0
2022-12-27 12:30:00-05:00,25.5625,25.594999313354492,25.485000610351562,25.55500030517578,5383,0.0,0.0
2022-12-27 13:30:00-05:00,25.469999313354492,25.469999313354492,25.260000228881836,25.260000228881836,5050,0.0,0.0
2022-12-27 14:30:00-05:00,25.34000015258789,25.34000015258789,25.170000076293945,25.34000015258789,20612,0.0,0.0
2022-12-27 15:30:00-05:00,25.350000381469727,25.450000762939453,25.229999542236328,25.229999542236328,10894,0.0,0.0
2022-12-28 09:30:00-05:00,25.079999923706055,25.65999984741211,25.0,25.329999923706055,10502,0.0,0.0
2022-12-28 10:30:00-05:00,25.1299991607666,25.1299991607666,24.88050079345703,24.950000762939453,5682,0.0,0.0
2022-12-28 11:30:00-05:00,24.950000762939453,24.950000762939453,24.829999923706055,24.850000381469727,6019,0.0,0.0
2022-12-28 12:30:00-05:00,24.84000015258789,25.110000610351562,24.739999771118164,24.90999984741211,9056,0.0,0.0
2022-12-28 13:30:00-05:00,24.8799991607666,24.979999542236328,24.8700008392334,24.8700008392334,5443,0.0,0.0
2022-12-28 14:30:00-05:00,24.829999923706055,24.90999984741211,24.68000030517578,24.729999542236328,9913,0.0,0.0
2022-12-28 15:30:00-05:00,24.729999542236328,24.84000015258789,24.700000762939453,24.700000762939453,11954,0.0,0.0
2022-12-29 09:30:00-05:00,25.09000015258789,25.700000762939453,24.979999542236328,25.614999771118164,5107,0.0,0.0
2022-12-29 10:30:00-05:00,25.600000381469727,25.770000457763672,25.415000915527344,25.770000457763672,8365,0.0,0.0
2022-12-29 11:30:00-05:00,25.84000015258789,26.040000915527344,25.770000457763672,25.860000610351562,7790,0.0,0.0
2022-12-29 12:30:00-05:00,25.920000076293945,25.920000076293945,25.69070053100586,25.75,9153,0.0,0.0
2022-12-29 13:30:00-05:00,25.729999542236328,25.7450008392334,25.68000030517578,25.700000762939453,5633,0.0,0.0
2022-12-29 14:30:00-05:00,25.65999984741211,25.677400588989258,25.559999465942383,25.600000381469727,8366,0.0,0.0
2022-12-29 15:30:00-05:00,25.579999923706055,25.770000457763672,25.579999923706055,25.6200008392334,13035,0.0,0.0
2022-12-30 09:30:00-05:00,25.190000534057617,25.44890022277832,25.100000381469727,25.44890022277832,7056,0.0,0.0
2022-12-30 10:30:00-05:00,25.415000915527344,25.719999313354492,25.389999389648438,25.479999542236328,7183,0.0,0.0
2022-12-30 11:30:00-05:00,25.540000915527344,25.540000915527344,25.469999313354492,25.489999771118164,5016,0.0,0.0
2022-12-30 12:30:00-05:00,25.43000030517578,25.579999923706055,25.329999923706055,25.329999923706055,5310,0.0,0.0
2022-12-30 13:30:00-05:00,25.350000381469727,25.450000762939453,25.28499984741211,25.28499984741211,6128,0.0,0.0
2022-12-30 14:30:00-05:00,25.329999923706055,25.424999237060547,25.19499969482422,25.420000076293945,9097,0.0,0.0
2022-12-30 15:30:00-05:00,25.43000030517578,25.670000076293945,25.399999618530273,25.549999237060547,16345,0.0,0.0
2023-01-03 09:30:00-05:00,25.940000534057617,26.15999984741211,25.3799991607666,25.450000762939453,10019,0.0,0.0
2023-01-03 10:30:00-05:00,25.40999984741211,25.5,25.2549991607666,25.260000228881836,4914,0.0,0.0
2023-01-03 11:30:00-05:00,25.200000762939453,25.229999542236328,25.170000076293945,25.200000762939453,4155,0.0,0.0
2023-01-03 12:30:00-05:00,25.19339942932129,25.399999618530273,25.18000030517578,25.209999084472656,14243,0.0,0.0
2023-01-03 13:30:00-05:00,25.299999237060547,25.459999084472656,25.190000534057617,25.260000228881836,7898,0.0,0.0
2023-01-03 14:30:00-05:00,25.190000534057617,25.549999237060547,25.190000534057617,25.389999389648438,9467,0.0,0.0
2023-01-03 15:30:00-05:00,25.399999618530273,25.469999313354492,25.239999771118164,25.239999771118164,16978,0.0,0.0
2023-01-04 09:30:00-05:00,25.75,26.149999618530273,25.350000381469727,25.559999465942383,9746,0.0,0.0
2023-01-04 10:30:00-05:00,25.524999618530273,25.809999465942383,25.520000457763672,25.760000228881836,8603,0.0,0.0
2023-01-04 11:30:00-05:00,25.850000381469727,25.8700008392334,25.760000228881836,25.760000228881836,2290,0.0,0.0
2023-01-04 12:30:00-05:00,25.760000228881836,25.989999771118164,25.729999542236328,25.850000381469727,5442,0.0,0.0
2023-01-04 13:30:00-05:00,25.920000076293945,26.1299991607666,25.690000534057617,25.690000534057617,7779,0.0,0.0
2023-01-04 14:30:00-05:00,25.68000030517578,25.94499969482422,25.68000030517578,25.770000457763672,5996,0.0,0.0
2023-01-04 15:30:00-05:00,25.709999084472656,25.8799991607666,25.600000381469727,25.780000686645508,15332,0.0,0.0
2023-01-05 09:30:00-05:00,25.790000915527344,25.790000915527344,25.469999313354492,25.610000610351562,3393,0.0,0.0
2023-01-05 10:30:00-05:00,25.6200008392334,25.690000534057617,25.510000228881836,25.510000228881836,2400,0.0,0.0
2023-01-05 11:30:00-05:00,25.600000381469727,25.6200008392334,25.420000076293945,25.420000076293945,2327,0.0,0.0
2023-01-05 12:30:00-05:00,25.399999618530273,25.690000534057617,25.34000015258789,25.690000534057617,10381,0.0,0.0
2023-01-05 13:30:00-05:00,25.68000030517578,25.780000686645508,25.44499969482422,25.549999237060547,5144,0.0,0.0
2023-01-05 14:30:00-05:00,25.520000457763672,25.639999389648438,25.440000534057617,25.459199905395508,7468,0.0,0.0
2023-01-05 15:30:00-05:00,25.4950008392334,25.549999237060547,25.43000030517578,25.489999771118164,15062,0.0,0.0
2023-01-06 09:30:00-05:00,26.290000915527344,26.290000915527344,25.420000076293945,25.905000686645508,6256,0.0,0.0
2023-01-06 10:30:00-05:00,25.899999618530273,26.299999237060547,25.899999618530273,26.280000686645508,6538,0.0,0.0
2023-01-06 11:30:00-05:00,26.309999465942383,26.440000534057617,26.260000228881836,26.307300567626953,3546,0.0,0.0
2023-01-06 12:30:00-05:00,26.309999465942383,26.540000915527344,26.309999465942383,26.520000457763672,2747,0.0,0.0
2023-01-06 13:30:00-05:00,26.53499984741211,26.600000381469727,26.399999618530273,26.489999771118164,6719,0.0,0.0
2023-01-06 14:30:00-05:00,26.430099487304688,26.6200008392334,26.430099487304688,26.489999771118164,10736,0.0,0.0
2023-01-06 15:30:00-05:00,26.510000228881836,26.549999237060547,26.389999389648438,26.450000762939453,15799,0.0,0.0
2023-01-09 09:30:00-05:00,26.8799991607666,27.68000030517578,26.84000015258789,27.68000030517578,12539,0.0,0.0
2023-01-09 10:30:00-05:00,27.760000228881836,27.989999771118164,27.735000610351562,27.90999984741211,5838,0.0,0.0
2023-01-09 11:30:00-05:00,27.854999542236328,27.934999465942383,27.7731990814209,27.867799758911133,4297,0.0,0.0
2023-01-09 12:30:00-05:00,27.889999389648438,27.889999389648438,27.68000030517578,27.774999618530273,5024,0.0,0.0
2023-01-09 13:30:00-05:00,27.665000915527344,27.670000076293945,27.420000076293945,27.6299991607666,5353,0.0,0.0
2023-01-09 14:30:00-05:00,27.65999984741211,27.65999984741211,27.334999084472656,27.3799991607666,5840,0.0,0.0
2023-01-09 15:30:00-05:00,27.3700008392334,27.649999618530273,27.260000228881836,27.649999618530273,32360,0.0,0.0
2023-01-10 09:30:00-05:00,27.43000030517578,28.299999237060547,27.43000030517578,27.969999313354492,13024,0.0,0.0
2023-01-10 10:30:00-05:00,28.040000915527344,28.780000686645508,28.020000457763672,28.75,16472,0.0,0.0
2023-01-10 11:30:00-05:00,28.610000610351562,28.889999389648438,28.53499984741211,28.854999542236328,12560,0.0,0.0
2023-01-10 12:30:00-05:00,28.920000076293945,29.209999084472656,28.863100051879883,29.06999969482422,9700,0.0,0.0
2023-01-10 13:30:00-05:00,29.139999389648438,29.15999984741211,29.030000686645508,29.149999618530273,5374,0.0,0.0
2023-01-10 14:30:00-05:00,29.190000534057617,29.2450008392334,28.940000534057617,29.139999389648438,12202,0.0,0.0
2023-01-10 15:30:00-05:00,29.15999984741211,29.209999084472656,29.020000457763672,29.209999084472656,23721,0.0,0.0
2023-01-11 09:30:00-05:00,29.15999984741211,29.15999984741211,28.6299991607666,29.149999618530273,3680,0.0,0.0
2023-01-11 10:30:00-05:00,29.059999465942383,29.190000534057617,28.799999237060547,29.100000381469727,8056,0.0,0.0
2023-01-11 11:30:00-05:00,29.09000015258789,29.110000610351562,28.959999084472656,28.989999771118164,4802,0.0,0.0
2023-01-11 12:30:00-05:00,28.93000030517578,29.06999969482422,28.850000381469727,29.049999237060547,10151,0.0,0.0
2023-01-11 13:30:00-05:00,29.030000686645508,29.09000015258789,28.9950008392334,29.09000015258789,5024,0.0,0.0
2023-01-11 14:30:00-05:00,29.09000015258789,29.350000381469727,29.09000015258789,29.291000366210938,12898,0.0,0.0
2023-01-11 15:30:00-05:00,29.299999237060547,29.549999237060547,29.270000457763672,29.5,17359,0.0,0.0
2023-01-12 09:30:00-05:00,29.65999984741211,29.979999542236328,29.060100555419922,29.850000381469727,7559,0.0,0.0
2023-01-12 10:30:00-05:00,29.799999237060547,29.889999389648438,29.329999923706055,29.3700008392334,5728,0.0,0.0
2023-01-12 11:30:00-05:00,29.34000015258789,29.610000610351562,29.296600341796875,29.559999465942383,11253,0.0,0.0
2023-01-12 12:30:00-05:00,29.579999923706055,29.6200008392334,29.360000610351562,29.360000610351562,5352,0.0,0.0
2023-01-12 13:30:00-05:00,29.325000762939453,29.635000228881836,29.280000686645508,29.540000915527344,6582,0.0,0.0
2023-01-12 14:30:00-05:00,29.530000686645508,29.649999618530273,29.522499084472656,29.6200008392334,10061,0.0,0.0
2023-01-12 15:30:00-05:00,29.649999618530273,29.8799991607666,29.6200008392334,29.8799991607666,28867,0.0,0.0
2023-01-13 09:30:00-05:00,29.530000686645508,29.690000534057617,29.420000076293945,29.59000015258789,5851,0.0,0.0
2023-01-13 10:30:00-05:00,29.56999969482422,29.719999313354492,29.545000076293945,29.545000076293945,3594,0.0,0.0
2023-01-13 11:30:00-05:00,29.56999969482422,29.6200008392334,29.209999084472656,29.6200008392334,8097,0.0,0.0
2023-01-13 12:30:00-05:00,29.739999771118164,30.149900436401367,29.739999771118164,30.149900436401367,7069,0.0,0.0
2023-01-13 13:30:00-05:00,30.209999084472656,30.3700008392334,30.190000534057617,30.334999084472656,8829,0.0,0.0
2023-01-13 14:30:00-05:00,30.325000762939453,30.450000762939453,30.290000915527344,30.420000076293945,10535,0.0,0.0
2023-01-13 15:30:00-05:00,30.420000076293945,30.600000381469727,30.375,30.59000015258789,18483,0.0,0.0
2023-01-17 09:30:00-05:00,30.420000076293945,31.170000076293945,30.34000015258789,31.049999237060547,11310,0.0,0.0
2023-01-17 10:30:00-05:00,30.979999542236328,31.040000915527344,30.850000381469727,31.030000686645508,13343,0.0,0.0
2023-01-17 11:30:00-05:00,31.020000457763672,31.1299991607666,31.0,31.0,6105,0.0,0.0
2023-01-17 12:30:00-05:00,30.889999389648438,31.020000457763672,30.889999389648438,30.985000610351562,4855,0.0,0.0
2023-01-17 13:30:00-05:00,30.985000610351562,31.100000381469727,30.959999084472656,31.0,7731,0.0,0.0
2023-01-17 14:30:00-05:00,30.989999771118164,31.059999465942383,30.899999618530273,31.059999465942383,12564,0.0,0.0
2023-01-17 15:30:00-05:00,31.020000457763672,31.1200008392334,30.959999084472656,31.1200008392334,18216,0.0,0.0
2023-01-18 09:30:00-05:00,31.469999313354492,32.13999938964844,31.469999313354492,32.13999938964844,3646,0.0,0.0
2023-01-18 10:30:00-05:00,32.13999938964844,32.165000915527344,31.889999389648438,32.08000183105469,11177,0.0,0.0
2023-01-18 11:30:00-05:00,31.979999542236328,31.979999542236328,31.760000228881836,31.844999313354492,3823,0.0,0.0
2023-01-18 12:30:00-05:00,31.780000686645508,31.860000610351562,31.739999771118164,31.850000381469727,12895,0.0,0.0
2023-01-18 13:30:00-05:00,31.93000030517578,32.20000076293945,31.90999984741211,31.975000381469727,10602,0.0,0.0
2023-01-18 14:30:00-05:00,32.02000045776367,32.095001220703125,31.985000610351562,32.04499816894531,7767,0.0,0.0
2023-01-18 15:30:00-05:00,32.02000045776367,32.13999938964844,31.899999618530273,31.940000534057617,29365,0.0,0.0
2023-01-19 09:30:00-05:00,31.600000381469727,31.829999923706055,30.087400436401367,31.454999923706055,8274,0.0,0.0
2023-01-19 10:30:00-05:00,31.43000030517578,31.43000030517578,31.034099578857422,31.1299991607666,4406,0.0,0.0
2023-01-19 11:30:00-05:00,31.100000381469727,31.329999923706055,31.075000762939453,31.280000686645508,5253,0.0,0.0
2023-01-19 12:30:00-05:00,31.18000030517578,31.440000534057617,31.139999389648438,31.229999542236328,12184,0.0,0.0
2023-01-19 13:30:00-05:00,31.2450008392334,31.420000076293945,31.1299991607666,31.420000076293945,9566,0.0,0.0
2023-01-19 14:30:00-05:00,31.3700008392334,31.415000915527344,31.25,31.299999237060547,4516,0.0,0.0
2023-01-19 15:30:00-05:00,31.25,31.329999923706055,31.239999771118164,31.299999237060547,10534,0.0,0.0
2023-01-20 09:30:00-05:00,31.75,31.860000610351562,31.399999618530273,31.5,16858,0.0,0.0
2023-01-20 10:30:00-05:00,31.450000762939453,31.850000381469727,31.43000030517578,31.850000381469727,12993,0.0,0.0
2023-01-20 11:30:00-05:00,31.8700008392334,31.989999771118164,31.760000228881836,31.899999618530273,3941,0.0,0.0
2023-01-20 12:30:00-05:00,31.940000534057617,32.11000061035156,31.799999237060547,31.829999923706055,12864,0.0,0.0
2023-01-20 13:30:00-05:00,31.829999923706055,32.0099983215332,31.829999923706055,31.989999771118164,7968,0.0,0.0
2023-01-20 14:30:00-05:00,32.0,32.119998931884766,31.860000610351562,32.02000045776367,8412,0.0,0.0
2023-01-20 15:30:00-05:00,32.029998779296875,32.27000045776367,32.0,32.27000045776367,22662,0.0,0.0
2023-01-23 09:30:00-05:00,32.459999084472656,33.41999816894531,32.0,33.38999938964844,11297,0.0,0.0
2023-01-23 10:30:00-05:00,33.33000183105469,33.79209899902344,33.33000183105469,33.6150016784668,8664,0.0,0.0
2023-01-23 11:30:00-05:00,33.6150016784668,33.78419876098633,33.6150016784668,33.619998931884766,5335,0.0,0.0
2023-01-23 12:30:00-05:00,33.70500183105469,33.970001220703125,33.70500183105469,33.849998474121094,5294,0.0,0.0
2023-01-23 13:30:00-05:00,33.93989944458008,33.93989944458008,33.583099365234375,33.59000015258789,3573,0.0,0.0
2023-01-23 14:30:00-05:00,33.34000015258789,33.65999984741211,33.22999954223633,33.65999984741211,8595,0.0,0.0
2023-01-23 15:30:00-05:00,33.619998931884766,33.779998779296875,33.564998626708984,33.58000183105469,16782,0.0,0.0
2023-01-24 09:30:00-05:00,33.27000045776367,33.88999938964844,31.860000610351562,33.209999084472656,6359,0.0,0.0
2023-01-24 10:30:00-05:00,33.22999954223633,33.547000885009766,33.22999954223633,33.25,3294,0.0,0.0
2023-01-24 11:30:00-05:00,33.290000915527344,33.36000061035156,33.279998779296875,33.290000915527344,2862,0.0,0.0
2023-01-24 12:30:00-05:00,33.18000030517578,33.209999084472656,33.130001068115234,33.130001068115234,1874,0.0,0.0
2023-01-24 13:30:00-05:00,33.209999084472656,33.279998779296875,32.849998474121094,32.849998474121094,8135,0.0,0.0
2023-01-24 14:30:00-05:00,32.84000015258789,32.845001220703125,32.66999816894531,32.79999923706055,5792,0.0,0.0
2023-01-24 15:30:00-05:00,32.7599983215332,32.88999938964844,32.720001220703125,32.790000915527344,12019,0.0,0.0
2023-01-25 09:30:00-05:00,32.43000030517578,32.57500076293945,32.31999969482422,32.31999969482422,7823,0.0,0.0
2023-01-25 10:30:00-05:00,32.599998474121094,32.90999984741211,32.369998931884766,32.90999984741211,6473,0.0,0.0
2023-01-25 11:30:00-05:00,32.900001525878906,33.0,32.720001220703125,33.0,9148,0.0,0.0
2023-01-25 12:30:00-05:00,33.1150016784668,33.400001525878906,33.11000061035156,33.400001525878906,3398,0.0,0.0
2023-01-25 13:30:00-05:00,33.4900016784668,33.57500076293945,33.33420181274414,33.41999816894531,6937,0.0,0.0
2023-01-25 14:30:00-05:00,33.47999954223633,33.65999984741211,33.47999954223633,33.540000915527344,7210,0.0,0.0
2023-01-25 15:30:00-05:00,33.54999923706055,33.689998626708984,33.43000030517578,33.63999938964844,21596,0.0,0.0
2023-01-26 09:30:00-05:00,33.9900016784668,34.0,33.48929977416992,33.744998931884766,6315,0.0,0.0
2023-01-26 10:30:00-05:00,33.65999984741211,33.65999984741211,33.0,33.0,2314,0.0,0.0
2023-01-26 11:30:00-05:00,33.19499969482422,33.25,33.040000915527344,33.1411018371582,6740,0.0,0.0
2023-01-26 12:30:00-05:00,33.15999984741211,33.29999923706055,33.15999984741211,33.2400016784668,4040,0.0,0.0
2023-01-26 13:30:00-05:00,33.290000915527344,33.709999084472656,33.290000915527344,33.709999084472656,6955,0.0,0.0
2023-01-26 14:30:00-05:00,33.7599983215332,33.90999984741211,33.66999816894531,33.869998931884766,9741,0.0,0.0
2023-01-26 15:30:00-05:00,33.900001525878906,34.0099983215332,33.779998779296875,33.84000015258789,15392,0.0,0.0
2023-01-27 09:30:00-05:00,33.36000061035156,33.72999954223633,33.25,33.36000061035156,4636,0.0,0.0
2023-01-27 10:30:00-05:00,33.599998474121094,33.599998474121094,33.130001068115234,33.369998931884766,2523,0.0,0.0
2023-01-27 11:30:00-05:00,33.505001068115234,33.77000045776367,33.505001068115234,33.77000045776367,4092,0.0,0.0
2023-01-27 12:30:00-05:00,33.731998443603516,33.95500183105469,33.731998443603516,33.91999816894531,2644,0.0,0.0
2023-01-27 13:30:00-05:00,33.977500915527344,34.064998626708984,33.81999969482422,33.81999969482422,3475,0.0,0.0
2023-01-27 14:30:00-05:00,33.849998474121094,34.029998779296875,33.849998474121094,34.029998779296875,6956,0.0,0.0
2023-01-27 15:30:00-05:00,33.97999954223633,34.006500244140625,33.75,33.900001525878906,10674,0.0,0.0
2023-01-30 09:30:00-05:00,33.43000030517578,33.83000183105469,32.220001220703125,33.38999938964844,5438,0.0,0.0
2023-01-30 10:30:00-05:00,33.459999084472656,33.459999084472656,33.064998626708984,33.349998474121094,5167,0.0,0.0
2023-01-30 11:30:00-05:00,33.38999938964844,33.45000076293945,33.27000045776367,33.310001373291016,3295,0.0,0.0
2023-01-30 12:30:00-05:00,33.33000183105469,33.3650016784668,33.165000915527344,33.33000183105469,2809,0.0,0.0
2023-01-30 13:30:00-05:00,33.20000076293945,33.43000030517578,33.130001068115234,33.13999938964844,11814,0.0,0.0
2023-01-30 14:30:00-05:00,33.09049987792969,33.13999938964844,33.0099983215332,33.04999923706055,4871,0.0,0.0
2023-01-30 15:30:00-05:00,33.08000183105469,33.22999954223633,33.060001373291016,33.15999984741211,9994,0.0,0.0
2023-01-31 09:30:00-05:00,33.16999816894531,33.63750076293945,32.81999969482422,33.63750076293945,5324,0.0,0.0
2023-01-31 10:30:00-05:00,33.630001068115234,33.63999938964844,33.474998474121094,33.57500076293945,3770,0.0,0.0
2023-01-31 11:30:00-05:00,33.709999084472656,33.709999084472656,33.31999969482422,33.34000015258789,10662,0.0,0.0
2023-01-31 12:30:00-05:00,33.380001068115234,33.45000076293945,33.279998779296875,33.32500076293945,4240,0.0,0.0
2023-01-31 13:30:00-05:00,33.36000061035156,33.36000061035156,33.11009979248047,33.279998779296875,10329,0.0,0.0
2023-01-31 14:30:00-05:00,33.28499984741211,33.59000015258789,33.28499984741211,33.529998779296875,13564,0.0,0.0
2023-01-31 15:30:00-05:00,33.540000915527344,33.59000015258789,32.77000045776367,33.13999938964844,60232,0.0,0.0
2023-02-01 09:30:00-05:00,33.380001068115234,33.75,32.89670181274414,33.75,10348,0.0,0.0
2023-02-01 10:30:00-05:00,33.66999816894531,33.81999969482422,33.23500061035156,33.810001373291016,9591,0.0,0.0
2023-02-01 11:30:00-05:00,33.7599983215332,33.77000045776367,33.529998779296875,33.599998474121094,8240,0.0,0.0
2023-02-01 12:30:00-05:00,33.61000061035156,33.7400016784668,33.58000183105469,33.67499923706055,6462,0.0,0.0
2023-02-01 13:30:00-05:00,33.790000915527344,33.810001373291016,33.470001220703125,33.79999923706055,8433,0.0,0.0
2023-02-01 14:30:00-05:00,33.68000030517578,34.63999938964844,33.27000045776367,34.59000015258789,23006,0.0,0.0
2023-02-01 15:30:00-05:00,34.619998931884766,34.86000061035156,34.2599983215332,34.40999984741211,27492,0.0,0.0
2023-02-02 09:30:00-05:00,34.91999816894531,35.4900016784668,34.810001373291016,35.209999084472656,22154,0.0,0.0
2023-02-02 10:30:00-05:00,35.27000045776367,35.400001525878906,35.076698303222656,35.209999084472656,6980,0.0,0.0
2023-02-02 11:30:00-05:00,35.11000061035156,35.209598541259766,34.83000183105469,34.970001220703125,23194,0.0,0.0
2023-02-02 12:30:00-05:00,35.04999923706055,35.61000061035156,34.9900016784668,35.61000061035156,5377,0.0,0.0
2023-02-02 13:30:00-05:00,35.59000015258789,35.66999816894531,35.244998931884766,35.290000915527344,10822,0.0,0.0
2023-02-02 14:30:00-05:00,35.18000030517578,35.220001220703125,34.81999969482422,35.08000183105469,12897,0.0,0.0
2023-02-02 15:30:00-05:00,35.15999984741211,35.41999816894531,35.029998779296875,35.369998931884766,19655,0.0,0.0
2023-02-03 09:30:00-05:00,34.869998931884766,35.73500061035156,34.81999969482422,35.56999969482422,8188,0.0,0.0
2023-02-03 10:30:00-05:00,35.400001525878906,35.779998779296875,35.400001525878906,35.599998474121094,6869,0.0,0.0
2023-02-03 11:30:00-05:00,35.70000076293945,35.7400016784668,35.24420166015625,35.349998474121094,7307,0.0,0.0
2023-02-03 12:30:00-05:00,35.264801025390625,35.470001220703125,35.060001373291016,35.060001373291016,9365,0.0,0.0
2023-02-03 13:30:00-05:00,35.05500030517578,35.16999816894531,34.959999084472656,35.150001525878906,5852,0.0,0.0
2023-02-03 14:30:00-05:00,35.11000061035156,35.34000015258789,35.08000183105469,35.15999984741211,7596,0.0,0.0
2023-02-03 15:30:00-05:00,35.2599983215332,35.310001373291016,35.130001068115234,35.189998626708984,18396,0.0,0.0
2023-02-06 09:30:00-05:00,34.560001373291016,34.84000015258789,34.27000045776367,34.27000045776367,4240,0.0,0.0
2023-02-06 10:30:00-05:00,34.510398864746094,34.790000915527344,34.510398864746094,34.75,2980,0.0,0.0
2023-02-06 11:30:00-05:00,34.75,34.75,34.52000045776367,34.52000045776367,2444,0.0,0.0
2023-02-06 12:30:00-05:00,34.68000030517578,34.68000030517578,34.38999938964844,34.38999938964844,3964,0.0,0.0
2023-02-06 13:30:00-05:00,34.529998779296875,34.91999816894531,34.5,34.91999816894531,8409,0.0,0.0
2023-02-06 14:30:00-05:00,34.83000183105469,34.83000183105469,34.52000045776367,34.53499984741211,3069,0.0,0.0
2023-02-06 15:30:00-05:00,34.49169921875,34.779998779296875,34.49169921875,34.7599983215332,12788,0.0,0.0
2023-02-07 09:30:00-05:00,34.560001373291016,34.70000076293945,34.349998474121094,34.45830154418945,4617,0.0,0.0
2023-02-07 10:30:00-05:00,34.400001525878906,34.75,34.34000015258789,34.650001525878906,8391,0.0,0.0
2023-02-07 11:30:00-05:00,34.599998474121094,34.599998474121094,34.43000030517578,34.474998474121094,2439,0.0,0.0
2023-02-07 12:30:00-05:00,34.61000061035156,35.220001220703125,34.61000061035156,34.730098724365234,5996,0.0,0.0
2023-02-07 13:30:00-05:00,34.435001373291016,35.02000045776367,34.310001373291016,34.95000076293945,4507,0.0,0.0
2023-02-07 14:30:00-05:00,35.0,35.380001068115234,34.97999954223633,35.380001068115234,7130,0.0,0.0
2023-02-07 15:30:00-05:00,35.33000183105469,35.56999969482422,35.209999084472656,35.31999969482422,16320,0.0,0.0
2023-02-08 09:30:00-05:00,35.11000061035156,35.970001220703125,34.88999938964844,35.60499954223633,7593,0.0,0.0
2023-02-08 10:30:00-05:00,35.470001220703125,35.470001220703125,34.599998474121094,34.78499984741211,10417,0.0,0.0
2023-02-08 11:30:00-05:00,34.790000915527344,34.83000183105469,34.599998474121094,34.79999923706055,4537,0.0,0.0
2023-02-08 12:30:00-05:00,34.709999084472656,34.93000030517578,34.595001220703125,34.82500076293945,5300,0.0,0.0
2023-02-08 13:30:00-05:00,34.810001373291016,34.869998931884766,34.709999084472656,34.869998931884766,4961,0.0,0.0
2023-02-08 14:30:00-05:00,34.79999923706055,34.79999923706055,34.59000015258789,34.61000061035156,4889,0.0,0.0
2023-02-08 15:30:00-05:00,34.66999816894531,34.775001525878906,34.470001220703125,34.59000015258789,14209,0.0,0.0
2023-02-09 09:30:00-05:00,35.0,35.25,34.83000183105469,34.83000183105469,4000,0.0,0.0
2023-02-09 10:30:00-05:00,34.74440002441406,35.0,34.74440002441406,34.84000015258789,2268,0.0,0.0
2023-02-09 11:30:00-05:00,34.83000183105469,35.130001068115234,34.630001068115234,34.93000030517578,3803,0.0,0.0
2023-02-09 12:30:00-05:00,34.75,34.90999984741211,34.630001068115234,34.72999954223633,3864,0.0,0.0
2023-02-09 13:30:00-05:00,34.65999984741211,34.900001525878906,34.540000915527344,34.540000915527344,3856,0.0,0.0
2023-02-09 14:30:00-05:00,34.52000045776367,34.63999938964844,34.29999923706055,34.34000015258789,6381,0.0,0.0
2023-02-09 15:30:00-05:00,34.349998474121094,34.41999816894531,34.119998931884766,34.18000030517578,19748,0.0,0.0
2023-02-10 09:30:00-05:00,33.849998474121094,34.689998626708984,33.310001373291016,33.66170120239258,20415,0.0,0.0
2023-02-10 10:30:00-05:00,33.720001220703125,33.720001220703125,33.224998474121094,33.54999923706055,11242,0.0,0.0
2023-02-10 11:30:00-05:00,33.40999984741211,33.709999084472656,33.38999938964844,33.564998626708984,9798,0.0,0.0
2023-02-10 12:30:00-05:00,33.61000061035156,33.9900016784668,33.59000015258789,33.9900016784668,14414,0.0,0.0
2023-02-10 13:30:00-05:00,33.91999816894531,33.91999816894531,33.66999816894531,33.66999816894531,4410,0.0,0.0
2023-02-10 14:30:00-05:00,33.720001220703125,33.79999923706055,33.65999984741211,33.7599983215332,6913,0.0,0.0
2023-02-10 15:30:00-05:00,33.77000045776367,33.91999816894531,33.70000076293945,33.720001220703125,18001,0.0,0.0
2023-02-13 09:30:00-05:00,33.83000183105469,34.20000076293945,33.810001373291016,34.060001373291016,3140,0.0,0.0
2023-02-13 10:30:00-05:00,34.11000061035156,34.290000915527344,34.099998474121094,34.26449966430664,1778,0.0,0.0
2023-02-13 11:30:00-05:00,34.13999938964844,34.31999969482422,34.0,34.18000030517578,4220,0.0,0.0
2023-02-13 12:30:00-05:00,34.10499954223633,34.2400016784668,34.018798828125,34.2400016784668,2843,0.0,0.0
2023-02-13 13:30:00-05:00,34.380001068115234,34.380001068115234,34.18000030517578,34.18000030517578,2000,0.0,0.0
2023-02-13 14:30:00-05:00,34.11000061035156,34.5,34.099998474121094,34.39500045776367,10956,0.0,0.0
2023-02-13 15:30:00-05:00,34.380001068115234,34.459999084472656,34.22999954223633,34.34000015258789,12620,0.0,0.0
2023-02-14 09:30:00-05:00,34.0,34.86000061035156,33.75,34.36000061035156,6451,0.0,0.0
2023-02-14 10:30:00-05:00,34.349998474121094,34.36000061035156,34.00239944458008,34.2400016784668,4310,0.0,0.0
2023-02-14 11:30:00-05:00,34.2599983215332,34.630001068115234,34.099998474121094,34.529998779296875,13397,0.0,0.0
2023-02-14 12:30:00-05:00,34.529998779296875,34.63999938964844,34.45000076293945,34.63999938964844,2703,0.0,0.0
2023-02-14 13:30:00-05:00,34.709999084472656,34.790000915527344,34.66999816894531,34.78499984741211,4226,0.0,0.0
2023-02-14 14:30:00-05:00,34.849998474121094,35.040000915527344,34.849998474121094,34.88999938964844,9187,0.0,0.0
2023-02-14 15:30:00-05:00,34.869998931884766,35.06999969482422,34.630001068115234,34.720001220703125,24848,0.0,0.0
2023-02-15 09:30:00-05:00,36.22999954223633,36.22999954223633,34.91999816894531,36.0,15485,0.0,0.0
2023-02-15 10:30:00-05:00,36.0,36.290000915527344,35.439998626708984,35.779998779296875,8375,0.0,0.0
2023-02-15 11:30:00-05:00,35.650001525878906,35.68000030517578,35.43000030517578,35.45000076293945,9686,0.0,0.0
2023-02-15 12:30:00-05:00,35.369998931884766,35.560001373291016,34.85639953613281,35.2599983215332,17780,0.0,0.0
2023-02-15 13:30:00-05:00,35.16999816894531,35.16999816894531,34.84000015258789,35.16999816894531,13962,0.0,0.0
2023-02-15 14:30:00-05:00,35.189998626708984,35.39500045776367,34.90999984741211,34.97999954223633,20067,0.0,0.0
2023-02-15 15:30:00-05:00,35.0182991027832,35.04999923706055,34.54999923706055,34.65999984741211,28511,0.0,0.0
2023-02-16 09:30:00-05:00,34.97999954223633,34.97999954223633,33.869998931884766,33.869998931884766,15268,0.0,0.0
2023-02-16 10:30:00-05:00,33.939998626708984,34.13999938964844,33.099998474121094,33.099998474121094,14773,0.0,0.0
2023-02-16 11:30:00-05:00,33.22999954223633,33.5099983215332,32.849998474121094,33.35499954223633,9340,0.0,0.0
2023-02-16 12:30:00-05:00,33.375,33.67499923706055,33.120601654052734,33.25,9388,0.0,0.0
2023-02-16 13:30:00-05:00,33.20000076293945,33.599998474121094,33.130001068115234,33.369998931884766,15160,0.0,0.0
2023-02-16 14:30:00-05:00,33.459999084472656,33.47999954223633,32.83000183105469,32.83000183105469,13914,0.0,0.0
2023-02-16 15:30:00-05:00,32.7599983215332,33.04499816894531,32.58000183105469,32.72999954223633,28081,0.0,0.0
2023-02-17 09:30:00-05:00,32.970001220703125,33.41999816894531,32.380001068115234,33.119998931884766,21876,0.0,0.0
2023-02-17 10:30:00-05:00,33.224700927734375,33.43000030517578,32.650001525878906,32.779998779296875,9421,0.0,0.0
2023-02-17 11:30:00-05:00,32.70000076293945,33.16999816894531,32.70000076293945,33.1349983215332,15128,0.0,0.0
2023-02-17 12:30:00-05:00,33.09000015258789,33.09000015258789,32.689998626708984,32.9900016784668,8321,0.0,0.0
2023-02-17 13:30:00-05:00,32.86000061035156,33.060001373291016,32.82500076293945,33.0,9550,0.0,0.0
2023-02-17 14:30:00-05:00,32.9900016784668,33.27000045776367,32.959999084472656,32.959999084472656,17827,0.0,0.0
2023-02-17 15:30:00-05:00,32.97999954223633,33.08000183105469,32.88999938964844,33.0,17099,0.0,0.0
2023-02-21 09:30:00-05:00,32.31999969482422,32.790000915527344,32.2599983215332,32.470001220703125,15306,0.0,0.0
2023-02-21 10:30:00-05:00,32.540000915527344,32.599998474121094,32.35499954223633,32.58000183105469,6519,0.0,0.0
2023-02-21 11:30:00-05:00,32.59000015258789,32.59000015258789,32.0161018371582,32.334999084472656,9390,0.0,0.0
2023-02-21 12:30:00-05:00,32.38999938964844,32.41999816894531,32.2599983215332,32.34000015258789,6034,0.0,0.0
2023-02-21 13:30:00-05:00,32.209999084472656,32.310001373291016,32.16999816894531,32.2599983215332,6277,0.0,0.0
2023-02-21 14:30:00-05:00,32.290000915527344,32.290000915527344,31.889999389648438,31.920000076293945,10076,0.0,0.0
2023-02-21 15:30:00-05:00,31.93000030517578,32.084999084472656,31.889999389648438,31.969999313354492,21330,0.0,0.0
2023-02-22 09:30:00-05:00,31.979999542236328,32.064998626708984,31.614999771118164,31.614999771118164,8620,0.0,0.0
2023-02-22 10:30:00-05:00,31.649999618530273,31.81999969482422,31.649999618530273,31.790000915527344,3720,0.0,0.0
2023-02-22 11:30:00-05:00,31.709999084472656,31.719999313354492,31.639999389648438,31.68000030517578,1248,0.0,0.0
2023-02-22 12:30:00-05:00,31.699100494384766,32.0,31.689899444580078,32.0,6086,0.0,0.0
2023-02-22 13:30:00-05:00,32.0,32.09000015258789,31.670000076293945,31.969999313354492,7673,0.0,0.0
2023-02-22 14:30:00-05:00,31.780000686645508,31.8700008392334,31.53499984741211,31.65999984741211,8841,0.0,0.0
2023-02-22 15:30:00-05:00,31.649999618530273,31.899999618530273,31.6299991607666,31.770000457763672,20252,0.0,0.0
2023-02-23 09:30:00-05:00,32.66999816894531,32.70000076293945,32.01570129394531,32.31999969482422,9396,0.0,0.0
2023-02-23 10:30:00-05:00,32.20000076293945,32.349998474121094,31.860000610351562,31.8799991607666,5328,0.0,0.0
2023-02-23 11:30:00-05:00,31.719999313354492,31.959999084472656,31.719999313354492,31.959999084472656,3539,0.0,0.0
2023-02-23 12:30:00-05:00,31.895000457763672,32.0,31.799999237060547,31.940000534057617,6620,0.0,0.0
2023-02-23 13:30:00-05:00,32.0099983215332,32.435001373291016,32.0099983215332,32.290000915527344,2925,0.0,0.0
2023-02-23 14:30:00-05:00,32.36600112915039,32.47999954223633,32.310001373291016,32.43000030517578,5762,0.0,0.0
2023-02-23 15:30:00-05:00,32.439998626708984,32.439998626708984,32.189998626708984,32.27000045776367,10558,0.0,0.0
2023-02-24 09:30:00-05:00,31.420000076293945,31.655000686645508,31.28689956665039,31.43000030517578,5519,0.0,0.0
2023-02-24 10:30:00-05:00,31.489999771118164,31.6299991607666,31.395000457763672,31.510000228881836,10783,0.0,0.0
2023-02-24 11:30:00-05:00,31.520000457763672,31.56999969482422,31.479999542236328,31.549999237060547,5888,0.0,0.0
2023-02-24 12:30:00-05:00,31.579999923706055,31.579999923706055,31.40999984741211,31.56999969482422,2634,0.0,0.0
2023-02-24 13:30:00-05:00,31.510000228881836,31.719999313354492,31.510000228881836,31.6200008392334,6896,0.0,0.0
2023-02-24 14:30:00-05:00,31.639999389648438,31.799999237060547,31.520000457763672,31.520000457763672,3802,0.0,0.0
2023-02-24 15:30:00-05:00,31.489999771118164,31.663000106811523,31.43000030517578,31.663000106811523,12369,0.0,0.0
2023-02-27 09:30:00-05:00,31.959999084472656,32.0,31.729999542236328,31.975000381469727,5003,0.0,0.0
2023-02-27 10:30:00-05:00,31.920000076293945,31.979999542236328,31.690000534057617,31.979999542236328,4934,0.0,0.0
2023-02-27 11:30:00-05:00,31.8700008392334,31.8700008392334,31.719999313354492,31.780000686645508,7203,0.0,0.0
2023-02-27 12:30:00-05:00,31.889999389648438,31.889999389648438,31.809999465942383,31.84000015258789,5668,0.0,0.0
2023-02-27 13:30:00-05:00,31.780000686645508,31.899999618530273,31.780000686645508,31.824199676513672,9395,0.0,0.0
2023-02-27 14:30:00-05:00,31.834999084472656,31.84000015258789,31.68000030517578,31.790000915527344,6532,0.0,0.0
2023-02-27 15:30:00-05:00,31.709999084472656,31.799999237060547,31.659099578857422,31.799999237060547,16349,0.0,0.0
2023-02-28 09:30:00-05:00,31.68000030517578,31.989999771118164,31.625,31.844999313354492,4375,0.0,0.0
2023-02-28 10:30:00-05:00,31.8700008392334,31.8700008392334,31.799999237060547,31.829999923706055,2203,0.0,0.0
2023-02-28 11:30:00-05:00,31.81999969482422,31.825000762939453,31.6299991607666,31.799999237060547,1599,0.0,0.0
2023-02-28 12:30:00-05:00,31.854999542236328,32.040000915527344,31.854999542236328,32.040000915527344,3244,0.0,0.0
2023-02-28 13:30:00-05:00,31.979999542236328,32.029998779296875,31.920000076293945,32.02000045776367,3433,0.0,0.0
2023-02-28 14:30:00-05:00,32.0099983215332,32.029998779296875,31.868799209594727,31.868799209594727,4787,0.0,0.0
2023-02-28 15:30:00-05:00,31.940000534057617,31.940000534057617,31.520000457763672,31.610000610351562,26107,0.0,0.0
2023-03-01 09:30:00-05:00,31.84000015258789,32.20000076293945,31.639999389648438,31.84000015258789,8244,0.0,0.0
2023-03-01 10:30:00-05:00,31.979999542236328,32.16999816894531,31.770000457763672,31.950000762939453,4281,0.0,0.0
2023-03-01 11:30:00-05:00,31.899999618530273,32.08000183105469,31.889999389648438,31.93000030517578,2434,0.0,0.0
2023-03-01 12:30:00-05:00,32.029998779296875,32.029998779296875,31.799999237060547,31.799999237060547,2048,0.0,0.0
2023-03-01 13:30:00-05:00,31.809999465942383,31.899999618530273,31.670000076293945,31.799999237060547,14963,0.0,0.0
2023-03-01 14:30:00-05:00,31.81999969482422,31.81999969482422,31.729999542236328,31.729999542236328,3214,0.0,0.0
2023-03-01 15:30:00-05:00,31.760000228881836,31.8700008392334,31.665000915527344,31.8700008392334,6016,0.0,0.0
2023-03-02 09:30:00-05:00,31.350000381469727,31.459999084472656,31.010000228881836,31.399999618530273,7545,0.0,0.0
2023-03-02 10:30:00-05:00,31.549999237060547,31.549999237060547,31.469999313354492,31.469999313354492,618,0.0,0.0
2023-03-02 11:30:00-05:00,31.420000076293945,31.459999084472656,31.420000076293945,31.459999084472656,1461,0.0,0.0
2023-03-02 12:30:00-05:00,31.540000915527344,31.648399353027344,31.45009994506836,31.604999542236328,3869,0.0,0.0
2023-03-02 13:30:00-05:00,31.610000610351562,31.94499969482422,31.610000610351562,31.920000076293945,5025,0.0,0.0
2023-03-02 14:30:00-05:00,31.915000915527344,32.11000061035156,31.899999618530273,32.11000061035156,4401,0.0,0.0
2023-03-02 15:30:00-05:00,32.11000061035156,32.15999984741211,31.920000076293945,32.0099983215332,10692,0.0,0.0
2023-03-03 09:30:00-05:00,31.940000534057617,31.940000534057617,31.559999465942383,31.600000381469727,4114,0.0,0.0
2023-03-03 10:30:00-05:00,31.604999542236328,31.719999313354492,31.489299774169922,31.719999313354492,6507,0.0,0.0
2023-03-03 11:30:00-05:00,31.719999313354492,31.84000015258789,31.610000610351562,31.84000015258789,5896,0.0,0.0
2023-03-03 12:30:00-05:00,32.0,32.0,32.0,32.0,1275,0.0,0.0
2023-03-03 13:30:00-05:00,32.04999923706055,32.349998474121094,31.99139976501465,32.189998626708984,7404,0.0,0.0
2023-03-03 14:30:00-05:00,32.18000030517578,32.38999938964844,32.040000915527344,32.38999938964844,7413,0.0,0.0
2023-03-03 15:30:00-05:00,32.2599983215332,32.2599983215332,32.099998474121094,32.16999816894531,11970,0.0,0.0
2023-03-06 09:30:00-05:00,32.150001525878906,32.38999938964844,31.739999771118164,31.93000030517578,16677,0.0,0.0
2023-03-06 10:30:00-05:00,31.75,31.940000534057617,31.635000228881836,31.700000762939453,11091,0.0,0.0
2023-03-06 11:30:00-05:00,31.530000686645508,31.579299926757812,31.260000228881836,31.385000228881836,4158,0.0,0.0
2023-03-06 12:30:00-05:00,31.290000915527344,31.520000457763672,31.280000686645508,31.479999542236328,7043,0.0,0.0
2023-03-06 13:30:00-05:00,31.520000457763672,31.549999237060547,31.329999923706055,31.329999923706055,6429,0.0,0.0
2023-03-06 14:30:00-05:00,31.299999237060547,31.3799991607666,31.1299991607666,31.135000228881836,10877,0.0,0.0
2023-03-06 15:30:00-05:00,31.149999618530273,31.170000076293945,30.950000762939453,31.010000228881836,27492,0.0,0.0
2023-03-07 09:30:00-05:00,30.969999313354492,32.119998931884766,30.969999313354492,31.530000686645508,17471,0.0,0.0
2023-03-07 10:30:00-05:00,31.25,31.604999542236328,31.25,31.43000030517578,9627,0.0,0.0
2023-03-07 11:30:00-05:00,31.44499969482422,31.71500015258789,31.44499969482422,31.690000534057617,6708,0.0,0.0
2023-03-07 12:30:00-05:00,31.719999313354492,31.725000381469727,31.440000534057617,31.450000762939453,3357,0.0,0.0
2023-03-07 13:30:00-05:00,31.465499877929688,31.465499877929688,31.15999984741211,31.209999084472656,3603,0.0,0.0
2023-03-07 14:30:00-05:00,31.200000762939453,31.229999542236328,31.09000015258789,31.149999618530273,5438,0.0,0.0
2023-03-07 15:30:00-05:00,31.149999618530273,31.34000015258789,31.110000610351562,31.190000534057617,17157,0.0,0.0
2023-03-08 09:30:00-05:00,31.280000686645508,31.489999771118164,31.209999084472656,31.489999771118164,3911,0.0,0.0
2023-03-08 10:30:00-05:00,31.729999542236328,31.729999542236328,31.549999237060547,31.559999465942383,3456,0.0,0.0
2023-03-08 11:30:00-05:00,31.549999237060547,31.59000015258789,31.360000610351562,31.3799991607666,3255,0.0,0.0
2023-03-08 12:30:00-05:00,31.329999923706055,31.489999771118164,31.200000762939453,31.229999542236328,14056,0.0,0.0
2023-03-08 13:30:00-05:00,31.22130012512207,31.22130012512207,31.200000762939453,31.200000762939453,1813,0.0,0.0
2023-03-08 14:30:00-05:00,31.299999237060547,31.309999465942383,31.200000762939453,31.219999313354492,4200,0.0,0.0
2023-03-08 15:30:00-05:00,31.26569938659668,31.420000076293945,31.260000228881836,31.399999618530273,8048,0.0,0.0
2023-03-09 09:30:00-05:00,31.40999984741211,32.0,31.40999984741211,31.860000610351562,4241,0.0,0.0
2023-03-09 10:30:00-05:00,31.90999984741211,32.25,31.90999984741211,32.00529861450195,4394,0.0,0.0
2023-03-09 11:30:00-05:00,31.950000762939453,31.950000762939453,31.760000228881836,31.940000534057617,1971,0.0,0.0
2023-03-09 12:30:00-05:00,31.780000686645508,31.780000686645508,31.639999389648438,31.639999389648438,4040,0.0,0.0
2023-03-09 13:30:00-05:00,31.561199188232422,31.579999923706055,31.405000686645508,31.579999923706055,3367,0.0,0.0
2023-03-09 14:30:00-05:00,31.549999237060547,31.65999984741211,31.3799991607666,31.399999618530273,12139,0.0,0.0
2023-03-09 15:30:00-05:00,31.399999618530273,31.479999542236328,31.149999618530273,31.190000534057617,20514,0.0,0.0
2023-03-10 09:30:00-05:00,31.229999542236328,31.5,30.8700008392334,31.05500030517578,18506,0.0,0.0
2023-03-10 10:30:00-05:00,31.020000457763672,31.219999313354492,30.68000030517578,30.90999984741211,7780,0.0,0.0
2023-03-10 11:30:00-05:00,31.100000381469727,31.100000381469727,30.489999771118164,30.649999618530273,7063,0.0,0.0
2023-03-10 12:30:00-05:00,30.569299697875977,30.809999465942383,30.384300231933594,30.384300231933594,6202,0.0,0.0
2023-03-10 13:30:00-05:00,30.420000076293945,30.420000076293945,30.170000076293945,30.219999313354492,4092,0.0,0.0
2023-03-10 14:30:00-05:00,30.31999969482422,30.524999618530273,30.239999771118164,30.389999389648438,10444,0.0,0.0
2023-03-10 15:30:00-05:00,30.399999618530273,30.540000915527344,30.31999969482422,30.450000762939453,18488,0.0,0.0
2023-03-13 09:30:00-04:00,29.770000457763672,30.0,29.390100479125977,29.899999618530273,26719,0.0,0.0
2023-03-13 10:30:00-04:00,29.940000534057617,30.09000015258789,29.6200008392334,29.96500015258789,8128,0.0,0.0
2023-03-13 11:30:00-04:00,30.139999389648438,30.170000076293945,30.010000228881836,30.010000228881836,7812,0.0,0.0
2023-03-13 12:30:00-04:00,29.989999771118164,29.989999771118164,29.479999542236328,29.610000610351562,9872,0.0,0.0
2023-03-13 13:30:00-04:00,29.559999465942383,29.920000076293945,29.540000915527344,29.799999237060547,10938,0.0,0.0
2023-03-13 14:30:00-04:00,29.809999465942383,29.899999618530273,29.565000534057617,29.6200008392334,15429,0.0,0.0
2023-03-13 15:30:00-04:00,29.709999084472656,29.789100646972656,29.510000228881836,29.530000686645508,22312,0.0,0.0
2023-03-14 09:30:00-04:00,30.209999084472656,30.530000686645508,30.06999969482422,30.530000686645508,8843,0.0,0.0
2023-03-14 10:30:00-04:00,30.610000610351562,30.649999618530273,30.329999923706055,30.635000228881836,13836,0.0,0.0
2023-03-14 11:30:00-04:00,30.670000076293945,30.670000076293945,30.25,30.25,6720,0.0,0.0
2023-03-14 12:30:00-04:00,30.204999923706055,30.389999389648438,29.934999465942383,30.104999542236328,7860,0.0,0.0
2023-03-14 13:30:00-04:00,30.020000457763672,30.079999923706055,29.809999465942383,30.049999237060547,10181,0.0,0.0
2023-03-14 14:30:00-04:00,30.1200008392334,30.1200008392334,29.829999923706055,29.989999771118164,9431,0.0,0.0
2023-03-14 15:30:00-04:00,30.09000015258789,30.239999771118164,30.049999237060547,30.239999771118164,17151,0.0,0.0
2023-03-15 09:30:00-04:00,29.65999984741211,29.780000686645508,29.360000610351562,29.489999771118164,8034,0.0,0.0
2023-03-15 10:30:00-04:00,29.360000610351562,29.479999542236328,29.287500381469727,29.3799991607666,4062,0.0,0.0
2023-03-15 11:30:00-04:00,29.299999237060547,29.489999771118164,29.219999313354492,29.235000610351562,6738,0.0,0.0
2023-03-15 12:30:00-04:00,29.260000228881836,29.520000457763672,29.030000686645508,29.46500015258789,6864,0.0,0.0
2023-03-15 13:30:00-04:00,29.399999618530273,29.770000457763672,29.28499984741211,29.770000457763672,7527,0.0,0.0
2023-03-15 14:30:00-04:00,29.6875,29.860000610351562,29.540000915527344,29.735000610351562,8918,0.0,0.0
2023-03-15 15:30:00-04:00,29.790000915527344,29.790000915527344,29.520000457763672,29.709999084472656,23549,0.0,0.0
2023-03-16 09:30:00-04:00,29.40999984741211,29.829999923706055,29.13290023803711,29.81999969482422,6214,0.0,0.0
2023-03-16 10:30:00-04:00,29.950000762939453,30.479999542236328,29.879899978637695,30.399999618530273,12067,0.0,0.0
2023-03-16 11:30:00-04:00,30.389999389648438,30.469900131225586,30.135000228881836,30.170000076293945,12359,0.0,0.0
2023-03-16 12:30:00-04:00,30.170000076293945,30.530000686645508,30.1299991607666,30.424999237060547,13954,0.0,0.0
2023-03-16 13:30:00-04:00,30.364999771118164,30.459999084472656,30.200000762939453,30.350000381469727,7444,0.0,0.0
2023-03-16 14:30:00-04:00,30.34980010986328,30.850000381469727,30.25,30.760000228881836,17133,0.0,0.0
2023-03-16 15:30:00-04:00,30.68000030517578,30.729999542236328,30.549999237060547,30.600000381469727,22614,0.0,0.0
2023-03-17 09:30:00-04:00,30.770000457763672,30.989999771118164,30.024999618530273,30.40999984741211,45242,0.0,0.0
2023-03-17 10:30:00-04:00,30.360000610351562,30.360000610351562,29.905000686645508,30.014999389648438,7833,0.0,0.0
2023-03-17 11:30:00-04:00,29.989999771118164,30.229999542236328,29.889999389648438,30.100000381469727,10041,0.0,0.0
2023-03-17 12:30:00-04:00,30.190000534057617,30.229999542236328,29.899999618530273,30.06999969482422,11304,0.0,0.0
2023-03-17 13:30:00-04:00,30.030000686645508,30.1200008392334,29.8799991607666,29.920000076293945,8292,0.0,0.0
2023-03-17 14:30:00-04:00,29.969999313354492,30.14900016784668,29.8799991607666,30.079999923706055,11033,0.0,0.0
2023-03-17 15:30:00-04:00,30.079999923706055,30.25,29.040000915527344,29.309999465942383,133100,0.0,0.0
2023-03-20 09:30:00-04:00,29.579999923706055,30.030000686645508,29.1299991607666,29.1299991607666,21065,0.0,0.0
2023-03-20 10:30:00-04:00,29.34000015258789,29.700000762939453,29.219999313354492,29.6299991607666,20285,0.0,0.0
2023-03-20 11:30:00-04:00,29.559999465942383,29.610000610351562,29.204999923706055,29.270000457763672,7574,0.0,0.0
2023-03-20 12:30:00-04:00,29.385000228881836,29.655000686645508,29.375,29.530000686645508,8459,0.0,0.0
2023-03-20 13:30:00-04:00,29.510000228881836,29.729999542236328,29.510000228881836,29.68000030517578,10851,0.0,0.0
2023-03-20 14:30:00-04:00,29.510000228881836,29.65999984741211,29.510000228881836,29.584999084472656,8227,0.0,0.0
2023-03-20 15:30:00-04:00,29.635000228881836,29.799999237060547,29.559999465942383,29.6200008392334,26653,0.0,0.0
2023-03-21 09:30:00-04:00,29.889999389648438,30.280000686645508,29.66200065612793,29.729999542236328,10915,0.0,0.0
2023-03-21 10:30:00-04:00,29.729999542236328,29.799999237060547,29.450000762939453,29.5,15119,0.0,0.0
2023-03-21 11:30:00-04:00,29.55500030517578,29.55500030517578,29.288700103759766,29.405000686645508,7673,0.0,0.0
2023-03-21 12:30:00-04:00,29.389999389648438,29.479999542236328,29.280000686645508,29.40999984741211,8498,0.0,0.0
2023-03-21 13:30:00-04:00,29.59000015258789,29.59000015258789,29.3700008392334,29.46500015258789,6334,0.0,0.0
2023-03-21 14:30:00-04:00,29.459999084472656,29.729999542236328,29.459999084472656,29.635000228881836,12714,0.0,0.0
2023-03-21 15:30:00-04:00,29.670000076293945,29.860000610351562,29.6299991607666,29.670000076293945,27929,0.0,0.0
2023-03-22 09:30:00-04:00,29.75,30.25,29.149999618530273,29.674999237060547,20458,0.0,0.0
2023-03-22 10:30:00-04:00,29.6200008392334,29.6200008392334,29.411300659179688,29.55500030517578,15913,0.0,0.0
2023-03-22 11:30:00-04:00,29.55500030517578,29.670000076293945,29.510000228881836,29.59000015258789,10977,0.0,0.0
2023-03-22 12:30:00-04:00,29.610000610351562,29.6200008392334,29.459999084472656,29.524999618530273,9155,0.0,0.0
2023-03-22 13:30:00-04:00,29.530000686645508,29.760000228881836,29.520000457763672,29.639999389648438,12803,0.0,0.0
2023-03-22 14:30:00-04:00,29.65999984741211,29.875,29.270000457763672,29.559999465942383,19862,0.0,0.0
2023-03-22 15:30:00-04:00,29.540000915527344,29.549999237060547,28.700000762939453,28.729999542236328,27277,0.0,0.0
2023-03-23 09:30:00-04:00,29.020000457763672,29.329999923706055,28.799999237060547,29.28499984741211,7543,0.0,0.0
2023-03-23 10:30:00-04:00,29.270000457763672,29.625,29.170000076293945,29.520000457763672,9233,0.0,0.0
2023-03-23 11:30:00-04:00,29.479999542236328,29.579999923706055,29.40999984741211,29.40999984741211,5028,0.0,0.0
2023-03-23 12:30:00-04:00,29.399999618530273,29.52989959716797,29.25,29.299999237060547,7420,0.0,0.0
2023-03-23 13:30:00-04:00,29.415000915527344,29.479999542236328,29.100000381469727,29.100000381469727,7864,0.0,0.0
2023-03-23 14:30:00-04:00,29.155000686645508,29.239999771118164,28.90999984741211,29.149999618530273,14641,0.0,0.0
2023-03-23 15:30:00-04:00,29.200000762939453,29.489999771118164,29.100000381469727,29.18000030517578,43917,0.0,0.0
2023-03-24 09:30:00-04:00,28.920000076293945,29.209999084472656,28.510000228881836,28.950000762939453,5311,0.0,0.0
2023-03-24 10:30:00-04:00,28.905000686645508,28.905000686645508,28.489999771118164,28.510000228881836,9358,0.0,0.0
2023-03-24 11:30:00-04:00,28.514999389648438,28.799999237060547,28.514999389648438,28.649999618530273,19753,0.0,0.0
2023-03-24 12:30:00-04:00,28.645000457763672,28.829999923706055,28.6299991607666,28.829999923706055,15116,0.0,0.0
2023-03-24 13:30:00-04:00,28.829999923706055,28.829999923706055,28.600000381469727,28.774999618530273,17793,0.0,0.0
2023-03-24 14:30:00-04:00,28.78499984741211,28.985000610351562,28.652299880981445,28.985000610351562,29896,0.0,0.0
2023-03-24 15:30:00-04:00,29.0049991607666,29.030000686645508,28.88010025024414,29.0,40750,0.0,0.0
2023-03-27 09:30:00-04:00,29.1299991607666,29.309999465942383,28.700000762939453,29.1299991607666,13243,0.0,0.0
2023-03-27 10:30:00-04:00,29.040000915527344,29.040000915527344,28.75,28.8799991607666,6273,0.0,0.0
2023-03-27 11:30:00-04:00,28.8700008392334,28.875,28.65999984741211,28.784099578857422,4515,0.0,0.0
2023-03-27 12:30:00-04:00,28.809999465942383,29.030000686645508,28.774999618530273,28.979999542236328,7266,0.0,0.0
2023-03-27 13:30:00-04:00,29.020000457763672,29.1299991607666,28.899999618530273,29.094999313354492,14035,0.0,0.0
2023-03-27 14:30:00-04:00,29.139999389648438,29.287500381469727,28.979999542236328,29.219999313354492,24259,0.0,0.0
2023-03-27 15:30:00-04:00,29.204999923706055,29.260000228881836,28.950000762939453,29.010000228881836,21242,0.0,0.0
2023-03-28 09:30:00-04:00,28.850000381469727,28.850000381469727,28.389999389648438,28.510000228881836,8287,0.0,0.0
2023-03-28 10:30:00-04:00,28.389999389648438,28.389999389648438,28.020000457763672,28.040000915527344,16555,0.0,0.0
2023-03-28 11:30:00-04:00,28.110000610351562,28.18000030517578,27.84000015258789,27.895000457763672,18154,0.0,0.0
2023-03-28 12:30:00-04:00,27.895000457763672,28.3799991607666,27.895000457763672,28.3799991607666,7359,0.0,0.0
2023-03-28 13:30:00-04:00,28.270000457763672,28.5049991607666,28.209999084472656,28.350000381469727,11628,0.0,0.0
2023-03-28 14:30:00-04:00,28.3700008392334,28.510000228881836,28.31999969482422,28.349599838256836,10904,0.0,0.0
2023-03-28 15:30:00-04:00,28.329999923706055,28.700000762939453,28.31999969482422,28.59000015258789,23978,0.0,0.0
2023-03-29 09:30:00-04:00,29.0,29.260000228881836,28.584999084472656,29.1299991607666,8483,0.0,0.0
2023-03-29 10:30:00-04:00,29.190000534057617,29.190000534057617,28.739999771118164,28.940000534057617,6614,0.0,0.0
2023-03-29 11:30:00-04:00,29.020000457763672,29.020000457763672,28.969999313354492,28.969999313354492,1622,0.0,0.0
2023-03-29 12:30:00-04:00,29.049999237060547,29.049999237060547,28.8700008392334,29.0,5588,0.0,0.0
2023-03-29 13:30:00-04:00,28.989999771118164,28.989999771118164,28.8700008392334,28.8700008392334,2007,0.0,0.0
2023-03-29 14:30:00-04:00,29.010000228881836,29.350000381469727,29.0,29.350000381469727,8311,0.0,0.0
2023-03-29 15:30:00-04:00,29.350000381469727,29.440000534057617,29.190000534057617,29.219999313354492,17265,0.0,0.0
2023-03-30 09:30:00-04:00,29.469999313354492,29.81999969482422,29.299999237060547,29.790000915527344,5291,0.0,0.0
2023-03-30 10:30:00-04:00,29.81999969482422,29.920000076293945,29.719600677490234,29.850000381469727,4312,0.0,0.0
2023-03-30 11:30:00-04:00,29.920000076293945,29.920000076293945,29.6200008392334,29.829999923706055,5298,0.0,0.0
2023-03-30 12:30:00-04:00,29.84000015258789,29.860000610351562,29.600000381469727,29.719999313354492,7787,0.0,0.0
2023-03-30 13:30:00-04:00,29.639999389648438,29.719999313354492,29.559999465942383,29.719999313354492,7382,0.0,0.0
2023-03-30 14:30:00-04:00,29.760000228881836,29.760000228881836,29.540000915527344,29.65999984741211,7211,0.0,0.0
2023-03-30 15:30:00-04:00,29.575000762939453,29.790000915527344,29.575000762939453,29.739999771118164,17280,0.0,0.0
2023-03-31 09:30:00-04:00,29.670000076293945,30.1299991607666,29.670000076293945,30.030000686645508,5789,0.0,0.0
2023-03-31 10:30:00-04:00,30.1299991607666,30.389999389648438,30.100000381469727,30.389999389648438,6179,0.0,0.0
2023-03-31 11:30:00-04:00,30.43000030517578,30.43000030517578,30.329999923706055,30.420000076293945,1564,0.0,0.0
2023-03-31 12:30:00-04:00,30.424999237060547,30.479999542236328,30.309999465942383,30.309999465942383,6395,0.0,0.0
2023-03-31 13:30:00-04:00,30.190000534057617,30.34000015258789,30.1200008392334,30.25,4740,0.0,0.0
2023-03-31 14:30:00-04:00,30.209999084472656,30.420000076293945,30.209999084472656,30.389999389648438,5914,0.0,0.0
2023-03-31 15:30:00-04:00,30.389999389648438,30.56999969482422,30.270000457763672,30.420000076293945,31882,0.0,0.0
2023-04-03 09:30:00-04:00,30.34000015258789,30.454999923706055,30.030000686645508,30.3700008392334,14623,0.0,0.0
2023-04-03 10:30:00-04:00,30.334999084472656,30.440000534057617,29.972700119018555,30.075000762939453,4933,0.0,0.0
2023-04-03 11:30:00-04:00,30.022899627685547,30.25,30.022899627685547,30.065000534057617,4705,0.0,0.0
2023-04-03 12:30:00-04:00,30.082199096679688,30.082199096679688,29.920000076293945,29.920000076293945,3847,0.0,0.0
2023-04-03 13:30:00-04:00,29.889999389648438,29.969999313354492,29.860000610351562,29.969999313354492,4278,0.0,0.0
2023-04-03 14:30:00-04:00,29.93000030517578,30.149999618530273,29.93000030517578,30.149999618530273,6060,0.0,0.0
2023-04-03 15:30:00-04:00,30.209999084472656,30.40999984741211,30.200000762939453,30.31999969482422,23755,0.0,0.0
2023-04-04 09:30:00-04:00,30.399999618530273,30.5,30.06999969482422,30.1299991607666,4763,0.0,0.0
2023-04-04 10:30:00-04:00,29.975000381469727,29.975000381469727,29.670000076293945,29.829999923706055,2529,0.0,0.0
2023-04-04 11:30:00-04:00,29.809999465942383,29.905000686645508,29.610000610351562,29.899999618530273,5710,0.0,0.0
2023-04-04 12:30:00-04:00,29.860000610351562,29.8700008392334,29.68000030517578,29.795000076293945,3329,0.0,0.0
2023-04-04 13:30:00-04:00,29.850000381469727,29.940000534057617,29.65999984741211,29.65999984741211,4712,0.0,0.0
2023-04-04 14:30:00-04:00,29.65999984741211,29.71500015258789,29.290000915527344,29.290000915527344,10334,0.0,0.0
2023-04-04 15:30:00-04:00,29.309999465942383,29.530000686645508,29.219999313354492,29.479999542236328,27638,0.0,0.0
2023-04-05 09:30:00-04:00,29.25,29.299999237060547,29.040000915527344,29.139999389648438,16885,0.0,0.0
2023-04-05 10:30:00-04:00,28.889999389648438,28.950000762939453,28.770000457763672,28.8799991607666,4497,0.0,0.0
2023-04-05 11:30:00-04:00,28.97960090637207,28.97960090637207,28.899999618530273,28.959999084472656,2765,0.0,0.0
2023-04-05 12:30:00-04:00,28.889999389648438,28.940000534057617,28.8700008392334,28.899999618530273,2657,0.0,0.0
2023-04-05 13:30:00-04:00,28.920000076293945,29.079999923706055,28.8799991607666,28.90999984741211,3912,0.0,0.0
2023-04-05 14:30:00-04:00,28.940000534057617,29.06999969482422,28.8799991607666,28.8799991607666,4706,0.0,0.0
2023-04-05 15:30:00-04:00,28.93000030517578,29.079999923706055,28.93000030517578,29.079999923706055,8155,0.0,0.0
2023-04-06 09:30:00-04:00,28.8799991607666,29.15999984741211,28.579999923706055,29.010000228881836,7844,0.0,0.0
2023-04-06 10:30:00-04:00,28.950000762939453,29.229999542236328,28.90999984741211,29.000900268554688,4487,0.0,0.0
2023-04-06 11:30:00-04:00,29.020000457763672,29.239999771118164,29.020000457763672,29.18000030517578,2288,0.0,0.0
2023-04-06 12:30:00-04:00,29.18000030517578,29.260000228881836,29.079999923706055,29.1200008392334,3867,0.0,0.0
2023-04-06 13:30:00-04:00,29.1299991607666,29.290000915527344,29.1299991607666,29.190000534057617,4687,0.0,0.0
2023-04-06 14:30:00-04:00,29.259899139404297,29.259899139404297,29.040000915527344,29.079999923706055,5683,0.0,0.0
2023-04-06 15:30:00-04:00,29.100000381469727,29.139999389648438,28.920000076293945,28.959999084472656,12461,0.0,0.0
2023-04-10 09:30:00-04:00,28.59000015258789,29.0,28.59000015258789,28.940000534057617,4646,0.0,0.0
2023-04-10 10:30:00-04:00,29.219999313354492,29.355199813842773,29.184799194335938,29.209999084472656,3050,0.0,0.0
2023-04-10 11:30:00-04:00,29.30500030517578,29.30500030517578,29.11389923095703,29.229999542236328,2348,0.0,0.0
2023-04-10 12:30:00-04:00,29.399999618530273,29.549999237060547,29.399999618530273,29.549999237060547,2902,0.0,0.0
2023-04-10 13:30:00-04:00,29.40999984741211,29.579999923706055,29.389999389648438,29.540000915527344,3446,0.0,0.0
2023-04-10 14:30:00-04:00,29.59000015258789,29.68000030517578,29.59000015258789,29.645000457763672,2411,0.0,0.0
2023-04-10 15:30:00-04:00,29.600000381469727,29.639999389648438,29.520000457763672,29.600000381469727,8250,0.0,0.0
2023-04-11 09:30:00-04:00,29.549999237060547,29.889999389648438,29.540000915527344,29.579999923706055,5821,0.0,0.0
2023-04-11 10:30:00-04:00,29.479999542236328,29.479999542236328,29.290000915527344,29.34000015258789,7094,0.0,0.0
2023-04-11 11:30:00-04:00,29.280000686645508,29.530000686645508,29.280000686645508,29.420000076293945,9720,0.0,0.0
2023-04-11 12:30:00-04:00,29.399999618530273,29.399999618530273,29.25,29.264999389648438,3446,0.0,0.0
2023-04-11 13:30:00-04:00,29.25,29.309999465942383,29.19499969482422,29.19499969482422,3388,0.0,0.0
2023-04-11 14:30:00-04:00,29.239999771118164,29.260000228881836,29.15999984741211,29.184999465942383,7046,0.0,0.0
2023-04-11 15:30:00-04:00,29.110000610351562,29.1200008392334,28.94499969482422,28.950000762939453,8171,0.0,0.0
2023-04-12 09:30:00-04:00,29.350000381469727,29.375,28.899999618530273,29.079999923706055,8919,0.0,0.0
2023-04-12 10:30:00-04:00,28.969999313354492,28.969999313354492,28.540000915527344,28.639999389648438,3684,0.0,0.0
2023-04-12 11:30:00-04:00,28.68000030517578,28.719999313354492,28.6299991607666,28.700000762939453,2849,0.0,0.0
2023-04-12 12:30:00-04:00,28.670000076293945,28.670000076293945,28.56999969482422,28.56999969482422,4611,0.0,0.0
2023-04-12 13:30:00-04:00,28.579999923706055,28.594999313354492,28.520000457763672,28.549999237060547,4365,0.0,0.0
2023-04-12 14:30:00-04:00,28.309999465942383,28.3700008392334,28.190000534057617,28.21500015258789,8934,0.0,0.0
2023-04-12 15:30:00-04:00,28.190000534057617,28.299999237060547,28.165000915527344,28.290000915527344,22086,0.0,0.0
2023-04-13 09:30:00-04:00,28.520000457763672,28.700000762939453,28.424999237060547,28.65999984741211,3517,0.0,0.0
2023-04-13 10:30:00-04:00,28.579999923706055,28.600000381469727,28.530000686645508,28.559999465942383,3123,0.0,0.0
2023-04-13 11:30:00-04:00,28.59000015258789,28.68000030517578,28.549999237060547,28.635000228881836,4674,0.0,0.0
2023-04-13 12:30:00-04:00,28.6299991607666,28.6299991607666,28.549999237060547,28.600000381469727,3680,0.0,0.0
2023-04-13 13:30:00-04:00,28.610000610351562,28.639999389648438,28.5,28.540000915527344,6237,0.0,0.0
2023-04-13 14:30:00-04:00,28.545000076293945,28.639999389648438,28.520000457763672,28.639999389648438,10481,0.0,0.0
2023-04-13 15:30:00-04:00,28.66900062561035,28.66900062561035,28.5,28.510000228881836,12863,0.0,0.0
2023-04-14 09:30:00-04:00,28.530000686645508,28.594999313354492,28.239999771118164,28.40999984741211,2816,0.0,0.0
2023-04-14 10:30:00-04:00,28.350000381469727,28.350000381469727,28.13010025024414,28.13010025024414,4051,0.0,0.0
2023-04-14 11:30:00-04:00,28.15999984741211,28.15999984741211,27.989999771118164,28.059999465942383,7121,0.0,0.0
2023-04-14 12:30:00-04:00,28.200000762939453,28.315000534057617,28.059999465942383,28.100000381469727,8090,0.0,0.0
2023-04-14 13:30:00-04:00,28.09000015258789,28.309999465942383,28.09000015258789,28.25,3357,0.0,0.0
2023-04-14 14:30:00-04:00,28.27669906616211,28.27669906616211,28.100000381469727,28.270000457763672,6698,0.0,0.0
2023-04-14 15:30:00-04:00,28.219999313354492,28.290000915527344,28.149999618530273,28.239999771118164,10763,0.0,0.0
2023-04-17 09:30:00-04:00,28.06999969482422,28.40999984741211,27.950000762939453,28.40999984741211,6424,0.0,0.0
2023-04-17 10:30:00-04:00,28.299999237060547,28.53499984741211,28.235000610351562,28.3799991607666,6760,0.0,0.0
2023-04-17 11:30:00-04:00,28.360000610351562,28.360000610351562,28.133399963378906,28.264999389648438,8953,0.0,0.0
2023-04-17 12:30:00-04:00,28.229999542236328,28.360000610351562,28.170000076293945,28.295000076293945,5170,0.0,0.0
2023-04-17 13:30:00-04:00,28.295000076293945,28.3799991607666,28.229999542236328,28.270000457763672,4418,0.0,0.0
2023-04-17 14:30:00-04:00,28.280000686645508,28.479999542236328,28.25,28.424999237060547,4763,0.0,0.0
2023-04-17 15:30:00-04:00,28.489999771118164,28.5,28.399999618530273,28.479999542236328,8033,0.0,0.0
2023-04-18 09:30:00-04:00,28.579999923706055,28.78059959411621,28.274999618530273,28.43000030517578,5483,0.0,0.0
2023-04-18 10:30:00-04:00,28.475000381469727,28.479999542236328,28.270000457763672,28.450000762939453,2954,0.0,0.0
2023-04-18 11:30:00-04:00,28.469999313354492,28.469999313354492,28.190000534057617,28.329999923706055,7448,0.0,0.0
2023-04-18 12:30:00-04:00,28.290000915527344,28.450000762939453,28.260000228881836,28.260000228881836,3526,0.0,0.0
2023-04-18 13:30:00-04:00,28.344999313354492,28.344999313354492,28.1299991607666,28.209999084472656,2789,0.0,0.0
2023-04-18 14:30:00-04:00,28.18000030517578,28.18000030517578,28.084999084472656,28.149999618530273,3196,0.0,0.0
2023-04-18 15:30:00-04:00,28.110000610351562,28.200000762939453,28.070999145507812,28.149999618530273,7118,0.0,0.0
2023-04-19 09:30:00-04:00,27.889999389648438,28.15999984741211,27.83370018005371,27.83370018005371,3930,0.0,0.0
2023-04-19 10:30:00-04:00,27.889999389648438,27.889999389648438,27.84000015258789,27.84000015258789,747,0.0,0.0
2023-04-19 11:30:00-04:00,27.770000457763672,27.841699600219727,27.645000457763672,27.739999771118164,2997,0.0,0.0
2023-04-19 12:30:00-04:00,27.809999465942383,27.979999542236328,27.809999465942383,27.979999542236328,2127,0.0,0.0
2023-04-19 13:30:00-04:00,27.889999389648438,27.889999389648438,27.729999542236328,27.809999465942383,4981,0.0,0.0
2023-04-19 14:30:00-04:00,27.809999465942383,27.8799991607666,27.75,27.860000610351562,4217,0.0,0.0
2023-04-19 15:30:00-04:00,27.770000457763672,27.770000457763672,27.579999923706055,27.65999984741211,15346,0.0,0.0
2023-04-20 09:30:00-04:00,27.479999542236328,27.690000534057617,27.389999389648438,27.6299991607666,2604,0.0,0.0
2023-04-20 10:30:00-04:00,27.59429931640625,27.635000228881836,27.420000076293945,27.485000610351562,2583,0.0,0.0
2023-04-20 11:30:00-04:00,27.450000762939453,27.684999465942383,27.450000762939453,27.66069984436035,2800,0.0,0.0
2023-04-20 12:30:00-04:00,27.65999984741211,27.700199127197266,27.59000015258789,27.6200008392334,4267,0.0,0.0
2023-04-20 13:30:00-04:00,27.549999237060547,27.600000381469727,27.360000610351562,27.360000610351562,3788,0.0,0.0
2023-04-20 14:30:00-04:00,27.346500396728516,27.346500396728516,27.139999389648438,27.184999465942383,8056,0.0,0.0
2023-04-20 15:30:00-04:00,27.149999618530273,27.389999389648438,27.149999618530273,27.360000610351562,12754,0.0,0.0
2023-04-21 09:30:00-04:00,27.309999465942383,27.31999969482422,27.059999465942383,27.155000686645508,11982,0.0,0.0
2023-04-21 10:30:00-04:00,27.110000610351562,27.149999618530273,26.95210075378418,27.104999542236328,3902,0.0,0.0
2023-04-21 11:30:00-04:00,27.110000610351562,27.184999465942383,27.110000610351562,27.110000610351562,5347,0.0,0.0
2023-04-21 12:30:00-04:00,27.139999389648438,27.184999465942383,27.045000076293945,27.045000076293945,4898,0.0,0.0
2023-04-21 13:30:00-04:00,27.149999618530273,27.170000076293945,27.049999237060547,27.049999237060547,3998,0.0,0.0
2023-04-21 14:30:00-04:00,27.030000686645508,27.030000686645508,26.93000030517578,26.954999923706055,3304,0.0,0.0
2023-04-21 15:30:00-04:00,26.924999237060547,26.989999771118164,26.899999618530273,26.989999771118164,17546,0.0,0.0
2023-04-24 09:30:00-04:00,26.899999618530273,27.049999237060547,26.796100616455078,26.895000457763672,2501,0.0,0.0
2023-04-24 10:30:00-04:00,26.899999618530273,26.899999618530273,26.670000076293945,26.75,4164,0.0,0.0
2023-04-24 11:30:00-04:00,26.770000457763672,26.809999465942383,26.672100067138672,26.672100067138672,5703,0.0,0.0
2023-04-24 12:30:00-04:00,26.639999389648438,26.709999084472656,26.639999389648438,26.700000762939453,2898,0.0,0.0
2023-04-24 13:30:00-04:00,26.729999542236328,26.84000015258789,26.729999542236328,26.829999923706055,2458,0.0,0.0
2023-04-24 14:30:00-04:00,26.809999465942383,26.850000381469727,26.760000228881836,26.780000686645508,4200,0.0,0.0
2023-04-24 15:30:00-04:00,26.809999465942383,26.829999923706055,26.700000762939453,26.739999771118164,16830,0.0,0.0
2023-04-25 09:30:00-04:00,26.639999389648438,26.639999389648438,26.030000686645508,26.030000686645508,5070,0.0,0.0
2023-04-25 10:30:00-04:00,25.989999771118164,26.059999465942383,25.690000534057617,25.84000015258789,7437,0.0,0.0
2023-04-25 11:30:00-04:00,25.864999771118164,25.899999618530273,25.670000076293945,25.670000076293945,6042,0.0,0.0
2023-04-25 12:30:00-04:00,25.56100082397461,25.65999984741211,25.459999084472656,25.459999084472656,2395,0.0,0.0
2023-04-25 13:30:00-04:00,25.44499969482422,25.530000686645508,25.3799991607666,25.530000686645508,5638,0.0,0.0
2023-04-25 14:30:00-04:00,25.559999465942383,25.559999465942383,25.420000076293945,25.420000076293945,4698,0.0,0.0
2023-04-25 15:30:00-04:00,25.420000076293945,25.479999542236328,25.350000381469727,25.440000534057617,19351,0.0,0.0
2023-04-26 09:30:00-04:00,25.489999771118164,25.780000686645508,25.200000762939453,25.540000915527344,9286,0.0,0.0
2023-04-26 10:30:00-04:00,25.700000762939453,25.93000030517578,25.690000534057617,25.81999969482422,5698,0.0,0.0
2023-04-26 11:30:00-04:00,25.850000381469727,25.860000610351562,25.65999984741211,25.719999313354492,3650,0.0,0.0
2023-04-26 12:30:00-04:00,25.709999084472656,25.8799991607666,25.68000030517578,25.8700008392334,12113,0.0,0.0
2023-04-26 13:30:00-04:00,25.84000015258789,25.920000076293945,25.780000686645508,25.8700008392334,7992,0.0,0.0
2023-04-26 14:30:00-04:00,25.90999984741211,25.90999984741211,25.790000915527344,25.860000610351562,9282,0.0,0.0
2023-04-26 15:30:00-04:00,25.860000610351562,26.045000076293945,25.84000015258789,25.950000762939453,10163,0.0,0.0
2023-04-27 09:30:00-04:00,25.90999984741211,26.299999237060547,25.110000610351562,25.329999923706055,18456,0.0,0.0
2023-04-27 10:30:00-04:00,25.31999969482422,25.3700008392334,25.06999969482422,25.200000762939453,8059,0.0,0.0
2023-04-27 11:30:00-04:00,25.290000915527344,25.290000915527344,25.190000534057617,25.264999389648438,3500,0.0,0.0
2023-04-27 12:30:00-04:00,25.2549991607666,25.280000686645508,25.110000610351562,25.270000457763672,4837,0.0,0.0
2023-04-27 13:30:00-04:00,25.239999771118164,25.299999237060547,25.239999771118164,25.239999771118164,3464,0.0,0.0
2023-04-27 14:30:00-04:00,25.190000534057617,25.200000762939453,25.110000610351562,25.1299991607666,4611,0.0,0.0
2023-04-27 15:30:00-04:00,25.114999771118164,25.190000534057617,25.104900360107422,25.190000534057617,11160,0.0,0.0
2023-04-28 09:30:00-04:00,25.329999923706055,25.469999313354492,25.1200008392334,25.469999313354492,4696,0.0,0.0
2023-04-28 10:30:00-04:00,25.360000610351562,25.360000610351562,25.239999771118164,25.239999771118164,3554,0.0,0.0
2023-04-28 11:30:00-04:00,25.239999771118164,25.299999237060547,24.979999542236328,25.020000457763672,10190,0.0,0.0
2023-04-28 12:30:00-04:00,25.09000015258789,25.239999771118164,25.046499252319336,25.229999542236328,9539,0.0,0.0
2023-04-28 13:30:00-04:00,25.25,25.260000228881836,25.059999465942383,25.149999618530273,13395,0.0,0.0
2023-04-28 14:30:00-04:00,25.18000030517578,25.18000030517578,25.077600479125977,25.114999771118164,18544,0.0,0.0
2023-04-28 15:30:00-04:00,25.114999771118164,25.15999984741211,25.010000228881836,25.100000381469727,22561,0.0,0.0
2023-05-01 09:30:00-04:00,25.290000915527344,25.530000686645508,25.15999984741211,25.225000381469727,7479,0.0,0.0
2023-05-01 10:30:00-04:00,25.399999618530273,25.579999923706055,25.309999465942383,25.350000381469727,7969,0.0,0.0
2023-05-01 11:30:00-04:00,25.3700008392334,25.540000915527344,25.3700008392334,25.53499984741211,8032,0.0,0.0
2023-05-01 12:30:00-04:00,25.540000915527344,25.555299758911133,25.450000762939453,25.520000457763672,5495,0.0,0.0
2023-05-01 13:30:00-04:00,25.5049991607666,25.5049991607666,25.440000534057617,25.475000381469727,6656,0.0,0.0
2023-05-01 14:30:00-04:00,25.469999313354492,25.579999923706055,25.3700008392334,25.44499969482422,8422,0.0,0.0
2023-05-01 15:30:00-04:00,25.5,25.600000381469727,25.440000534057617,25.5,14607,0.0,0.0
2023-05-02 09:30:00-04:00,25.489999771118164,25.524999618530273,25.149999618530273,25.149999618530273,14324,0.0,0.0
2023-05-02 10:30:00-04:00,25.139999389648438,25.139999389648438,24.969999313354492,25.06999969482422,45128,0.0,0.0
2023-05-02 11:30:00-04:00,25.05500030517578,25.509899139404297,25.040000915527344,25.509899139404297,40587,0.0,0.0
2023-05-02 12:30:00-04:00,25.56999969482422,25.709999084472656,25.5,25.610000610351562,4638,0.0,0.0
2023-05-02 13:30:00-04:00,25.610000610351562,25.610000610351562,25.479999542236328,25.530000686645508,3531,0.0,0.0
2023-05-02 14:30:00-04:00,25.5,25.59000015258789,25.450000762939453,25.5,7204,0.0,0.0
2023-05-02 15:30:00-04:00,25.520000457763672,25.540000915527344,25.3799991607666,25.3799991607666,17597,0.0,0.0
2023-05-03 09:30:00-04:00,25.239999771118164,25.575000762939453,24.6299991607666,25.0,30311,0.0,0.0
2023-05-03 10:30:00-04:00,24.870100021362305,25.0,24.850099563598633,24.8700008392334,2498,0.0,0.0
2023-05-03 11:30:00-04:00,24.8700008392334,25.020000457763672,24.790000915527344,24.790000915527344,9633,0.0,0.0
2023-05-03 12:30:00-04:00,24.854999542236328,25.010000228881836,24.854999542236328,24.989999771118164,6852,0.0,0.0
2023-05-03 13:30:00-04:00,24.989999771118164,25.360000610351562,24.989999771118164,25.35420036315918,9443,0.0,0.0
2023-05-03 14:30:00-04:00,25.309999465942383,25.48900032043457,25.049999237060547,25.18000030517578,31345,0.0,0.0
2023-05-03 15:30:00-04:00,25.18000030517578,25.260000228881836,25.09000015258789,25.1200008392334,22094,0.0,0.0
2023-05-04 09:30:00-04:00,24.829999923706055,25.110000610351562,24.399999618530273,24.690000534057617,26930,0.0,0.0
2023-05-04 10:30:00-04:00,24.68000030517578,24.756200790405273,24.530000686645508,24.610000610351562,7386,0.0,0.0
2023-05-04 11:30:00-04:00,24.709999084472656,24.709999084472656,24.559999465942383,24.6299991607666,6082,0.0,0.0
2023-05-04 12:30:00-04:00,24.6200008392334,24.665000915527344,24.489999771118164,24.639999389648438,6363,0.0,0.0
2023-05-04 13:30:00-04:00,24.59000015258789,24.649999618530273,24.3799991607666,24.399999618530273,9057,0.0,0.0
2023-05-04 14:30:00-04:00,24.3700008392334,24.469999313354492,24.270000457763672,24.469999313354492,12545,0.0,0.0
2023-05-04 15:30:00-04:00,24.475000381469727,24.65999984741211,24.360000610351562,24.579999923706055,38801,0.0,0.0
2023-05-05 09:30:00-04:00,24.809999465942383,25.310100555419922,24.475000381469727,24.4950008392334,37917,0.0,0.0
2023-05-05 10:30:00-04:00,24.5049991607666,25.200000762939453,24.3700008392334,25.1299991607666,37376,0.0,0.0
2023-05-05 11:30:00-04:00,25.075000762939453,25.170000076293945,24.861600875854492,24.969999313354492,74016,0.0,0.0
2023-05-05 12:30:00-04:00,25.06999969482422,25.2544002532959,25.06999969482422,25.18000030517578,6755,0.0,0.0
2023-05-05 13:30:00-04:00,25.219900131225586,25.364999771118164,25.219900131225586,25.364999771118164,24053,0.0,0.0
2023-05-05 14:30:00-04:00,25.3302001953125,25.440000534057617,25.295000076293945,25.440000534057617,46445,0.0,0.0
2023-05-05 15:30:00-04:00,25.4950008392334,25.780000686645508,25.4950008392334,25.610000610351562,23538,0.0,0.0
2023-05-08 09:30:00-04:00,25.540000915527344,26.190000534057617,25.5,25.649999618530273,7444,0.0,0.0
2023-05-08 10:30:00-04:00,25.59000015258789,25.84000015258789,25.540000915527344,25.84000015258789,4019,0.0,0.0
2023-05-08 11:30:00-04:00,25.739999771118164,25.829999923706055,25.690000534057617,25.764999389648438,7347,0.0,0.0
2023-05-08 12:30:00-04:00,25.809999465942383,25.860000610351562,25.774999618530273,25.860000610351562,3133,0.0,0.0
2023-05-08 13:30:00-04:00,25.84000015258789,25.855100631713867,25.385000228881836,25.51099967956543,26470,0.0,0.0
2023-05-08 14:30:00-04:00,25.5,25.639999389648438,25.489599227905273,25.59000015258789,3796,0.0,0.0
2023-05-08 15:30:00-04:00,25.59000015258789,25.670000076293945,25.540000915527344,25.6299991607666,10735,0.0,0.0
2023-05-09 09:30:00-04:00,25.309999465942383,25.309999465942383,25.104999542236328,25.149999618530273,10418,0.0,0.0
2023-05-09 10:30:00-04:00,25.209999084472656,25.40999984741211,25.139999389648438,25.309999465942383,5995,0.0,0.0
2023-05-09 11:30:00-04:00,25.274999618530273,25.315000534057617,24.780000686645508,24.780000686645508,15932,0.0,0.0
2023-05-09 12:30:00-04:00,24.84000015258789,24.979999542236328,24.790000915527344,24.969999313354492,5409,0.0,0.0
2023-05-09 13:30:00-04:00,24.969999313354492,25.040000915527344,24.829999923706055,24.950000762939453,13971,0.0,0.0
2023-05-09 14:30:00-04:00,24.954999923706055,24.954999923706055,24.68000030517578,24.75,18315,0.0,0.0
2023-05-09 15:30:00-04:00,24.75,25.010000228881836,24.729999542236328,24.96500015258789,48477,0.0,0.0
2023-05-10 09:30:00-04:00,22.75,22.75,21.030000686645508,21.30500030517578,70485,0.0,0.0
2023-05-10 10:30:00-04:00,21.264999389648438,21.43000030517578,20.690000534057617,21.200000762939453,70511,0.0,0.0
2023-05-10 11:30:00-04:00,21.219999313354492,21.809999465942383,20.530000686645508,21.7450008392334,64411,0.0,0.0
2023-05-10 12:30:00-04:00,21.729999542236328,21.780000686645508,20.950000762939453,20.950000762939453,28498,0.0,0.0
2023-05-10 13:30:00-04:00,20.940000534057617,21.300800323486328,20.790000915527344,21.300800323486328,26120,0.0,0.0
2023-05-10 14:30:00-04:00,21.350000381469727,21.450000762939453,21.0,21.219999313354492,40335,0.0,0.0
2023-05-10 15:30:00-04:00,21.229999542236328,21.309999465942383,20.94499969482422,21.309999465942383,71611,0.0,0.0
2023-05-11 09:30:00-04:00,21.0,21.1200008392334,20.514999389648438,20.969999313354492,61928,0.0,0.0
2023-05-11 10:30:00-04:00,20.9950008392334,21.329999923706055,20.780000686645508,20.915000915527344,31108,0.0,0.0
2023-05-11 11:30:00-04:00,20.915000915527344,21.479999542236328,20.709999084472656,21.479999542236328,48116,0.0,0.0
2023-05-11 12:30:00-04:00,21.479999542236328,21.670000076293945,21.415000915527344,21.489999771118164,39190,0.0,0.0
2023-05-11 13:30:00-04:00,21.489999771118164,21.639999389648438,21.420000076293945,21.43000030517578,48067,0.0,0.0
2023-05-11 14:30:00-04:00,21.415000915527344,21.420000076293945,21.030000686645508,21.09000015258789,43638,0.0,0.0
2023-05-11 15:30:00-04:00,21.040000915527344,21.170000076293945,20.97010040283203,21.079999923706055,98044,0.0,0.0
2023-05-12 09:30:00-04:00,21.1299991607666,21.290000915527344,20.719999313354492,20.760000228881836,18622,0.0,0.0
2023-05-12 10:30:00-04:00,20.75,21.15999984741211,20.709999084472656,21.100000381469727,64815,0.0,0.0
2023-05-12 11:30:00-04:00,21.190000534057617,21.225000381469727,20.809999465942383,20.850000381469727,23560,0.0,0.0
2023-05-12 12:30:00-04:00,20.850000381469727,21.149999618530273,20.795000076293945,21.020000457763672,35762,0.0,0.0
2023-05-12 13:30:00-04:00,21.040000915527344,21.229000091552734,20.985000610351562,21.09000015258789,17495,0.0,0.0
2023-05-12 14:30:00-04:00,21.075000762939453,21.110000610351562,20.850000381469727,20.850000381469727,18757,0.0,0.0
2023-05-12 15:30:00-04:00,20.850000381469727,21.0,20.799999237060547,20.989999771118164,123564,0.0,0.0
2023-05-15 09:30:00-04:00,20.979999542236328,21.104999542236328,20.889999389648438,21.075000762939453,15367,0.0,0.0
2023-05-15 10:30:00-04:00,21.06999969482422,21.549999237060547,21.06999969482422,21.549999237060547,19265,0.0,0.0
2023-05-15 11:30:00-04:00,21.549999237060547,21.790000915527344,21.469999313354492,21.68000030517578,17338,0.0,0.0
2023-05-15 12:30:00-04:00,21.700000762939453,21.809999465942383,21.59000015258789,21.59000015258789,24334,0.0,0.0
2023-05-15 13:30:00-04:00,21.56999969482422,21.600000381469727,21.5,21.56999969482422,16145,0.0,0.0
2023-05-15 14:30:00-04:00,21.59000015258789,21.729999542236328,21.53499984741211,21.600000381469727,37913,0.0,0.0
2023-05-15 15:30:00-04:00,21.600000381469727,21.600000381469727,21.56999969482422,21.59000015258789,42540,0.0,0.0
2023-05-16 09:30:00-04:00,21.610000610351562,21.610000610351562,21.399999618530273,21.489999771118164,6835,0.0,0.0
2023-05-16 10:30:00-04:00,21.520000457763672,21.59000015258789,21.399999618530273,21.524999618530273,7547,0.0,0.0
2023-05-16 11:30:00-04:00,21.520000457763672,21.53499984741211,21.290000915527344,21.34600067138672,10894,0.0,0.0
2023-05-16 12:30:00-04:00,21.3799991607666,21.440000534057617,21.280000686645508,21.309999465942383,4278,0.0,0.0
2023-05-16 13:30:00-04:00,21.290000915527344,21.290000915527344,21.170000076293945,21.25,53918,0.0,0.0
2023-05-16 14:30:00-04:00,21.270000457763672,21.469999313354492,21.229999542236328,21.469999313354492,10572,0.0,0.0
2023-05-16 15:30:00-04:00,21.4950008392334,21.4950008392334,21.309999465942383,21.309999465942383,34415,0.0,0.0
2023-05-17 09:30:00-04:00,21.31999969482422,21.6299991607666,20.920000076293945,21.173599243164062,13878,0.0,0.0
2023-05-17 10:30:00-04:00,21.200000762939453,21.399999618530273,21.200000762939453,21.364999771118164,12321,0.0,0.0
2023-05-17 11:30:00-04:00,21.3799991607666,21.540000915527344,21.216899871826172,21.31999969482422,9612,0.0,0.0
2023-05-17 12:30:00-04:00,21.350000381469727,21.565000534057617,21.350000381469727,21.510000228881836,9241,0.0,0.0
2023-05-17 13:30:00-04:00,21.530000686645508,21.530000686645508,21.350000381469727,21.350000381469727,13480,0.0,0.0
2023-05-17 14:30:00-04:00,21.340999603271484,21.489999771118164,21.219999313354492,21.43000030517578,19903,0.0,0.0
2023-05-17 15:30:00-04:00,21.440000534057617,21.5049991607666,21.3799991607666,21.440000534057617,24007,0.0,0.0
2023-05-18 09:30:00-04:00,21.420000076293945,21.899999618530273,21.420000076293945,21.875,9468,0.0,0.0
2023-05-18 10:30:00-04:00,21.850000381469727,21.860000610351562,21.649999618530273,21.760000228881836,16970,0.0,0.0
2023-05-18 11:30:00-04:00,21.760000228881836,21.829999923706055,21.540000915527344,21.59000015258789,9076,0.0,0.0
2023-05-18 12:30:00-04:00,21.6200008392334,21.780000686645508,21.6200008392334,21.649999618530273,16155,0.0,0.0
2023-05-18 13:30:00-04:00,21.640100479125977,21.84000015258789,21.56100082397461,21.6299991607666,21782,0.0,0.0
2023-05-18 14:30:00-04:00,21.6299991607666,21.75,21.614999771118164,21.719999313354492,26063,0.0,0.0
2023-05-18 15:30:00-04:00,21.75,21.780000686645508,21.645000457763672,21.690000534057617,32505,0.0,0.0
2023-05-19 09:30:00-04:00,21.920000076293945,21.959999084472656,21.4950008392334,21.899999618530273,33989,0.0,0.0
2023-05-19 10:30:00-04:00,21.854999542236328,21.854999542236328,21.739999771118164,21.739999771118164,9073,0.0,0.0
2023-05-19 11:30:00-04:00,21.719999313354492,21.790000915527344,21.6200008392334,21.68000030517578,12684,0.0,0.0
2023-05-19 12:30:00-04:00,21.649999618530273,21.739999771118164,21.56999969482422,21.594999313354492,9173,0.0,0.0
2023-05-19 13:30:00-04:00,21.594999313354492,21.600000381469727,21.459999084472656,21.530000686645508,29239,0.0,0.0
2023-05-19 14:30:00-04:00,21.530000686645508,21.799999237060547,21.489999771118164,21.780000686645508,39476,0.0,0.0
2023-05-19 15:30:00-04:00,21.780000686645508,21.8700008392334,21.729999542236328,21.760000228881836,24928,0.0,0.0
2023-05-22 09:30:00-04:00,21.799999237060547,22.049999237060547,21.739999771118164,21.829999923706055,13309,0.0,0.0
2023-05-22 10:30:00-04:00,21.80500030517578,22.010000228881836,21.790000915527344,22.010000228881836,11283,0.0,0.0
2023-05-22 11:30:00-04:00,22.010000228881836,22.25749969482422,21.950000762939453,22.2450008392334,12017,0.0,0.0
2023-05-22 12:30:00-04:00,22.25,22.520000457763672,22.25,22.450000762939453,11568,0.0,0.0
2023-05-22 13:30:00-04:00,22.424100875854492,22.56999969482422,22.424100875854492,22.530000686645508,14876,0.0,0.0
2023-05-22 14:30:00-04:00,22.530000686645508,22.709999084472656,22.530000686645508,22.690000534057617,14645,0.0,0.0
2023-05-22 15:30:00-04:00,22.690000534057617,22.690000534057617,22.469999313354492,22.520000457763672,26241,0.0,0.0
2023-05-23 09:30:00-04:00,22.450000762939453,22.78499984741211,22.450000762939453,22.540000915527344,15841,0.0,0.0
2023-05-23 10:30:00-04:00,22.6200008392334,22.719999313354492,22.514999389648438,22.639999389648438,14014,0.0,0.0
2023-05-23 11:30:00-04:00,22.65999984741211,22.670000076293945,22.489999771118164,22.489999771118164,53565,0.0,0.0
2023-05-23 12:30:00-04:00,22.549999237060547,22.600000381469727,22.40999984741211,22.549999237060547,10739,0.0,0.0
2023-05-23 13:30:00-04:00,22.53499984741211,22.600000381469727,22.399999618530273,22.40999984741211,13243,0.0,0.0
2023-05-23 14:30:00-04:00,22.479999542236328,22.479999542236328,22.299999237060547,22.31999969482422,16795,0.0,0.0
2023-05-23 15:30:00-04:00,22.350000381469727,22.375,22.260000228881836,22.270000457763672,30838,0.0,0.0
2023-05-24 09:30:00-04:00,22.049999237060547,22.094999313354492,21.790000915527344,21.899999618530273,14065,0.0,0.0
2023-05-24 10:30:00-04:00,21.8799991607666,22.0,21.84000015258789,22.0,8290,0.0,0.0
2023-05-24 11:30:00-04:00,21.979999542236328,22.06999969482422,21.93000030517578,21.959999084472656,10181,0.0,0.0
2023-05-24 12:30:00-04:00,21.920000076293945,21.940000534057617,21.84000015258789,21.899999618530273,6747,0.0,0.0
2023-05-24 13:30:00-04:00,21.940000534057617,21.969999313354492,21.90999984741211,21.90999984741211,4438,0.0,0.0
2023-05-24 14:30:00-04:00,21.8799991607666,21.920000076293945,21.719999313354492,21.920000076293945,9721,0.0,0.0
2023-05-24 15:30:00-04:00,21.975000381469727,22.030000686645508,21.920000076293945,21.989999771118164,16652,0.0,0.0
2023-05-25 09:30:00-04:00,22.3799991607666,22.3799991607666,21.84000015258789,21.950000762939453,18137,0.0,0.0
2023-05-25 10:30:00-04:00,21.9950008392334,22.010000228881836,21.8700008392334,21.93000030517578,15191,0.0,0.0
2023-05-25 11:30:00-04:00,21.940000534057617,22.34000015258789,21.940000534057617,22.170000076293945,11756,0.0,0.0
2023-05-25 12:30:00-04:00,22.229999542236328,22.303600311279297,22.15999984741211,22.27039909362793,9825,0.0,0.0
2023-05-25 13:30:00-04:00,22.299999237060547,22.31999969482422,22.228900909423828,22.315000534057617,10096,0.0,0.0
2023-05-25 14:30:00-04:00,22.280000686645508,22.325000762939453,22.139999389648438,22.299999237060547,11274,0.0,0.0
2023-05-25 15:30:00-04:00,22.329999923706055,22.350000381469727,22.25,22.270000457763672,22093,0.0,0.0
2023-05-26 09:30:00-04:00,22.420000076293945,23.549999237060547,22.420000076293945,23.549999237060547,11565,0.0,0.0
2023-05-26 10:30:00-04:00,23.489999771118164,23.65999984741211,23.3799991607666,23.530000686645508,9788,0.0,0.0
2023-05-26 11:30:00-04:00,23.530000686645508,23.704999923706055,23.5,23.704999923706055,10708,0.0,0.0
2023-05-26 12:30:00-04:00,23.690000534057617,23.920000076293945,23.690000534057617,23.889999389648438,10500,0.0,0.0
2023-05-26 13:30:00-04:00,23.90999984741211,24.020000457763672,23.790000915527344,24.020000457763672,9849,0.0,0.0
2023-05-26 14:30:00-04:00,23.959999084472656,24.149999618530273,23.940000534057617,24.149999618530273,15462,0.0,0.0
2023-05-26 15:30:00-04:00,24.170000076293945,24.239999771118164,24.110000610351562,24.229999542236328,27533,0.0,0.0
2023-05-30 09:30:00-04:00,24.600000381469727,24.940000534057617,24.360000610351562,24.3700008392334,19874,0.0,0.0
2023-05-30 10:30:00-04:00,24.440000534057617,24.729999542236328,24.43000030517578,24.485000610351562,19769,0.0,0.0
2023-05-30 11:30:00-04:00,24.466999053955078,24.510000228881836,24.200000762939453,24.200000762939453,20816,0.0,0.0
2023-05-30 12:30:00-04:00,24.200000762939453,24.299999237060547,24.110000610351562,24.125,25032,0.0,0.0
2023-05-30 13:30:00-04:00,24.0,24.1299991607666,23.790000915527344,24.010000228881836,22551,0.0,0.0
2023-05-30 14:30:00-04:00,24.010000228881836,24.280000686645508,24.010000228881836,24.209999084472656,19665,0.0,0.0
2023-05-30 15:30:00-04:00,24.209999084472656,24.299999237060547,24.184999465942383,24.299999237060547,25155,0.0,0.0
2023-05-31 09:30:00-04:00,23.969999313354492,24.309999465942383,23.809999465942383,24.219999313354492,26855,0.0,0.0
2023-05-31 10:30:00-04:00,24.219999313354492,24.290000915527344,23.90999984741211,23.950000762939453,19685,0.0,0.0
2023-05-31 11:30:00-04:00,23.920000076293945,24.040000915527344,23.829999923706055,24.0,20981,0.0,0.0
2023-05-31 12:30:00-04:00,24.030000686645508,24.360000610351562,23.950000762939453,24.360000610351562,22179,0.0,0.0
2023-05-31 13:30:00-04:00,24.475000381469727,24.690000534057617,24.420000076293945,24.690000534057617,12982,0.0,0.0
2023-05-31 14:30:00-04:00,24.690000534057617,24.819900512695312,24.6299991607666,24.770000457763672,21269,0.0,0.0
2023-05-31 15:30:00-04:00,24.799999237060547,25.34000015258789,24.790000915527344,25.010000228881836,94812,0.0,0.0
2023-06-01 09:30:00-04:00,25.020000457763672,25.020000457763672,24.549999237060547,24.709999084472656,15628,0.0,0.0
2023-06-01 10:30:00-04:00,24.8799991607666,25.010000228881836,24.8700008392334,24.940000534057617,13207,0.0,0.0
2023-06-01 11:30:00-04:00,24.969999313354492,25.059999465942383,24.825000762939453,24.889999389648438,14616,0.0,0.0
2023-06-01 12:30:00-04:00,24.850000381469727,24.850000381469727,24.739999771118164,24.739999771118164,8071,0.0,0.0
2023-06-01 13:30:00-04:00,24.790000915527344,24.889999389648438,24.760000228881836,24.875,13586,0.0,0.0
2023-06-01 14:30:00-04:00,24.860000610351562,25.104999542236328,24.844999313354492,25.0,23684,0.0,0.0
2023-06-01 15:30:00-04:00,25.010000228881836,25.118999481201172,24.989999771118164,25.030000686645508,40813,0.0,0.0
2023-06-02 09:30:00-04:00,25.40999984741211,25.540000915527344,24.6299991607666,24.733999252319336,22361,0.0,0.0
2023-06-02 10:30:00-04:00,24.735000610351562,24.985000610351562,24.65999984741211,24.94499969482422,11936,0.0,0.0
2023-06-02 11:30:00-04:00,24.934999465942383,24.940000534057617,24.844999313354492,24.920000076293945,9152,0.0,0.0
2023-06-02 12:30:00-04:00,24.920000076293945,24.979999542236328,24.764999389648438,24.979999542236328,12276,0.0,0.0
2023-06-02 13:30:00-04:00,25.06999969482422,25.06999969482422,24.860000610351562,24.885000228881836,11373,0.0,0.0
2023-06-02 14:30:00-04:00,24.920000076293945,24.940000534057617,24.834999084472656,24.8799991607666,11738,0.0,0.0
2023-06-02 15:30:00-04:00,24.889999389648438,25.059999465942383,24.889999389648438,24.969999313354492,26436,0.0,0.0
2023-06-05 09:30:00-04:00,24.65999984741211,24.725000381469727,23.8700008392334,23.915000915527344,11927,0.0,0.0
2023-06-05 10:30:00-04:00,24.010000228881836,24.155799865722656,23.84000015258789,24.155799865722656,17116,0.0,0.0
2023-06-05 11:30:00-04:00,24.165000915527344,24.440000534057617,24.139999389648438,24.43000030517578,8312,0.0,0.0
2023-06-05 12:30:00-04:00,24.4375,24.4375,24.15999984741211,24.190000534057617,14302,0.0,0.0
2023-06-05 13:30:00-04:00,24.170000076293945,24.18000030517578,24.06999969482422,24.100000381469727,9782,0.0,0.0
2023-06-05 14:30:00-04:00,24.09000015258789,24.09000015258789,23.924999237060547,24.084999084472656,9984,0.0,0.0
2023-06-05 15:30:00-04:00,24.084999084472656,24.2549991607666,24.049999237060547,24.200000762939453,23927,0.0,0.0
2023-06-06 09:30:00-04:00,23.920000076293945,24.572399139404297,23.920000076293945,24.530000686645508,26136,0.0,0.0
2023-06-06 10:30:00-04:00,24.53499984741211,24.889999389648438,24.415000915527344,24.81999969482422,16646,0.0,0.0
2023-06-06 11:30:00-04:00,24.81999969482422,24.979999542236328,24.735000610351562,24.735000610351562,10566,0.0,0.0
2023-06-06 12:30:00-04:00,24.729999542236328,24.729999542236328,24.520000457763672,24.559999465942383,8119,0.0,0.0
2023-06-06 13:30:00-04:00,24.56999969482422,24.610000610351562,24.479999542236328,24.59000015258789,7735,0.0,0.0
2023-06-06 14:30:00-04:00,24.579999923706055,24.600000381469727,24.53499984741211,24.56999969482422,13856,0.0,0.0
2023-06-06 15:30:00-04:00,24.55500030517578,24.68000030517578,24.549999237060547,24.559999465942383,33386,0.0,0.0
2023-06-07 09:30:00-04:00,24.780000686645508,25.420000076293945,24.360000610351562,25.18000030517578,9106,0.0,0.0
2023-06-07 10:30:00-04:00,25.239999771118164,25.489999771118164,25.059999465942383,25.475000381469727,15155,0.0,0.0
2023-06-07 11:30:00-04:00,25.469999313354492,25.614999771118164,25.290000915527344,25.299999237060547,12642,0.0,0.0
2023-06-07 12:30:00-04:00,25.204999923706055,25.309999465942383,25.172700881958008,25.290000915527344,7992,0.0,0.0
2023-06-07 13:30:00-04:00,25.190000534057617,25.200000762939453,25.125,25.200000762939453,13603,0.0,0.0
2023-06-07 14:30:00-04:00,25.200000762939453,25.200000762939453,25.104999542236328,25.1299991607666,13090,0.0,0.0
2023-06-07 15:30:00-04:00,25.139999389648438,25.149999618530273,24.899999618530273,24.950000762939453,19681,0.0,0.0
2023-06-08 09:30:00-04:00,24.90999984741211,24.90999984741211,24.370100021362305,24.604999542236328,7155,0.0,0.0
2023-06-08 10:30:00-04:00,24.579999923706055,24.6200008392334,24.420000076293945,24.579999923706055,12221,0.0,0.0
2023-06-08 11:30:00-04:00,24.670000076293945,24.670000076293945,24.540000915527344,24.6200008392334,14720,0.0,0.0
2023-06-08 12:30:00-04:00,24.56999969482422,25.045000076293945,24.56999969482422,25.045000076293945,23224,0.0,0.0
2023-06-08 13:30:00-04:00,25.020000457763672,25.049999237060547,24.8700008392334,24.959999084472656,13782,0.0,0.0
2023-06-08 14:30:00-04:00,25.0,25.06999969482422,24.899999618530273,24.899999618530273,11858,0.0,0.0
2023-06-08 15:30:00-04:00,24.899999618530273,24.899999618530273,24.690000534057617,24.709999084472656,20850,0.0,0.0
2023-06-09 09:30:00-04:00,24.860000610351562,25.020000457763672,24.860000610351562,24.950000762939453,4920,0.0,0.0
2023-06-09 10:30:00-04:00,24.875,24.969999313354492,24.770000457763672,24.799999237060547,6318,0.0,0.0
2023-06-09 11:30:00-04:00,24.780000686645508,24.913400650024414,24.75,24.764999389648438,7092,0.0,0.0
2023-06-09 12:30:00-04:00,24.780000686645508,24.81999969482422,24.75,24.799999237060547,3760,0.0,0.0
2023-06-09 13:30:00-04:00,24.829999923706055,24.860000610351562,24.68000030517578,24.68000030517578,6840,0.0,0.0
2023-06-09 14:30:00-04:00,24.65999984741211,24.65999984741211,24.530000686645508,24.530000686645508,8327,0.0,0.0
2023-06-09 15:30:00-04:00,24.55500030517578,24.649999618530273,24.55500030517578,24.600000381469727,18900,0.0,0.0
2023-06-12 09:30:00-04:00,24.770000457763672,25.149999618530273,24.729999542236328,25.149999618530273,13070,0.0,0.0
2023-06-12 10:30:00-04:00,25.229999542236328,25.329999923706055,25.06999969482422,25.25,16855,0.0,0.0
2023-06-12 11:30:00-04:00,25.2549991607666,25.329999923706055,25.209999084472656,25.280000686645508,12974,0.0,0.0
2023-06-12 12:30:00-04:00,25.31999969482422,25.350000381469727,25.190000534057617,25.200000762939453,13958,0.0,0.0
2023-06-12 13:30:00-04:00,25.219999313354492,25.5,25.209999084472656,25.46500015258789,13526,0.0,0.0
2023-06-12 14:30:00-04:00,25.46500015258789,25.489999771118164,25.399999618530273,25.420000076293945,17711,0.0,0.0
2023-06-12 15:30:00-04:00,25.420000076293945,25.5,25.3799991607666,25.5,27150,0.0,0.0
2023-06-13 09:30:00-04:00,25.700000762939453,26.0,25.56999969482422,26.0,12220,0.0,0.0
2023-06-13 10:30:00-04:00,26.100000381469727,26.489999771118164,26.100000381469727,26.350000381469727,23298,0.0,0.0
2023-06-13 11:30:00-04:00,26.3700008392334,26.3700008392334,26.1200008392334,26.270000457763672,14743,0.0,0.0
2023-06-13 12:30:00-04:00,26.25,26.270000457763672,26.100000381469727,26.15999984741211,9302,0.0,0.0
2023-06-13 13:30:00-04:00,26.18000030517578,26.260000228881836,26.15999984741211,26.15999984741211,8648,0.0,0.0
2023-06-13 14:30:00-04:00,26.110000610351562,26.3700008392334,26.110000610351562,26.315000534057617,12225,0.0,0.0
2023-06-13 15:30:00-04:00,26.299999237060547,26.3700008392334,26.229999542236328,26.229999542236328,25676,0.0,0.0
2023-06-14 09:30:00-04:00,26.100000381469727,26.260000228881836,26.0,26.182199478149414,7984,0.0,0.0
2023-06-14 10:30:00-04:00,26.239999771118164,26.56999969482422,26.239999771118164,26.56999969482422,7476,0.0,0.0
2023-06-14 11:30:00-04:00,26.540000915527344,26.59000015258789,26.40399932861328,26.40999984741211,8380,0.0,0.0
2023-06-14 12:30:00-04:00,26.389999389648438,26.389999389648438,26.219999313354492,26.25,4807,0.0,0.0
2023-06-14 13:30:00-04:00,26.209999084472656,26.229999542236328,25.979999542236328,25.979999542236328,9280,0.0,0.0
2023-06-14 14:30:00-04:00,26.040000915527344,26.15999984741211,25.940000534057617,26.020000457763672,9840,0.0,0.0
2023-06-14 15:30:00-04:00,25.979999542236328,26.118999481201172,25.8799991607666,26.100000381469727,29903,0.0,0.0
2023-06-15 09:30:00-04:00,25.780000686645508,26.046100616455078,25.690000534057617,25.790000915527344,6003,0.0,0.0
2023-06-15 10:30:00-04:00,25.845800399780273,25.845800399780273,25.520000457763672,25.600000381469727,13544,0.0,0.0
2023-06-15 11:30:00-04:00,25.6200008392334,25.81999969482422,25.6200008392334,25.774999618530273,9853,0.0,0.0
2023-06-15 12:30:00-04:00,25.780000686645508,25.780000686645508,25.609899520874023,25.729999542236328,5363,0.0,0.0
2023-06-15 13:30:00-04:00,25.719999313354492,25.899999618530273,25.719999313354492,25.81999969482422,6983,0.0,0.0
2023-06-15 14:30:00-04:00,25.90999984741211,25.969999313354492,25.860000610351562,25.889999389648438,9825,0.0,0.0
2023-06-15 15:30:00-04:00,25.889999389648438,25.920000076293945,25.709999084472656,25.780000686645508,13511,0.0,0.0
2023-06-16 09:30:00-04:00,26.209999084472656,26.209999084472656,25.679000854492188,25.790000915527344,46164,0.0,0.0
2023-06-16 10:30:00-04:00,25.799999237060547,25.799999237060547,25.524999618530273,25.524999618530273,8614,0.0,0.0
2023-06-16 11:30:00-04:00,25.639999389648438,25.6653995513916,25.450000762939453,25.6653995513916,3680,0.0,0.0
2023-06-16 12:30:00-04:00,25.709999084472656,25.75,25.649999618530273,25.700000762939453,9728,0.0,0.0
2023-06-16 13:30:00-04:00,25.639999389648438,25.639999389648438,25.479999542236328,25.479999542236328,4553,0.0,0.0
2023-06-16 14:30:00-04:00,25.489999771118164,25.760000228881836,25.440000534057617,25.72249984741211,14715,0.0,0.0
2023-06-16 15:30:00-04:00,25.709999084472656,25.850000381469727,25.709999084472656,25.75,18162,0.0,0.0
2023-06-20 09:30:00-04:00,25.59000015258789,25.700000762939453,25.270000457763672,25.270000457763672,7706,0.0,0.0
2023-06-20 10:30:00-04:00,25.229999542236328,25.350000381469727,25.229999542236328,25.25,7357,0.0,0.0
2023-06-20 11:30:00-04:00,25.225000381469727,25.309999465942383,25.149999618530273,25.2549991607666,4867,0.0,0.0
2023-06-20 12:30:00-04:00,25.239999771118164,25.28569984436035,25.209999084472656,25.239999771118164,4628,0.0,0.0
2023-06-20 13:30:00-04:00,25.219999313354492,25.229999542236328,25.0,25.0,9368,0.0,0.0
2023-06-20 14:30:00-04:00,24.989999771118164,24.989999771118164,24.860000610351562,24.860000610351562,9462,0.0,0.0
2023-06-20 15:30:00-04:00,24.829999923706055,24.969999313354492,24.829999923706055,24.864999771118164,11615,0.0,0.0
2023-06-21 09:30:00-04:00,24.649999618530273,24.860000610351562,24.540000915527344,24.540000915527344,8089,0.0,0.0
2023-06-21 10:30:00-04:00,24.600000381469727,24.6299991607666,24.239999771118164,24.329999923706055,9019,0.0,0.0
2023-06-21 11:30:00-04:00,24.309999465942383,24.31999969482422,24.15999984741211,24.260000228881836,6814,0.0,0.0
2023-06-21 12:30:00-04:00,24.280000686645508,24.315000534057617,24.239999771118164,24.256000518798828,8045,0.0,0.0
2023-06-21 13:30:00-04:00,24.260000228881836,24.3700008392334,24.260000228881836,24.34000015258789,8687,0.0,0.0
2023-06-21 14:30:00-04:00,24.360000610351562,24.389999389648438,24.150100708007812,24.15999984741211,10283,0.0,0.0
2023-06-21 15:30:00-04:00,24.1299991607666,24.145000457763672,23.90999984741211,23.93000030517578,17832,0.0,0.0
2023-06-22 09:30:00-04:00,23.81999969482422,23.93000030517578,23.6200008392334,23.93000030517578,10018,0.0,0.0
2023-06-22 10:30:00-04:00,23.86009979248047,24.0,23.780000686645508,23.799999237060547,7730,0.0,0.0
2023-06-22 11:30:00-04:00,23.8700008392334,24.0,23.81999969482422,23.81999969482422,7548,0.0,0.0
2023-06-22 12:30:00-04:00,23.889999389648438,23.899999618530273,23.829999923706055,23.850000381469727,6225,0.0,0.0
2023-06-22 13:30:00-04:00,23.920000076293945,23.93000030517578,23.860200881958008,23.860200881958008,4769,0.0,0.0
2023-06-22 14:30:00-04:00,23.90999984741211,23.90999984741211,23.760000228881836,23.760000228881836,11286,0.0,0.0
2023-06-22 15:30:00-04:00,23.780000686645508,23.934999465942383,23.780000686645508,23.93000030517578,19484,0.0,0.0
2023-06-23 09:30:00-04:00,23.479999542236328,23.520000457763672,23.170000076293945,23.440000534057617,12170,0.0,0.0
2023-06-23 10:30:00-04:00,23.456899642944336,23.489999771118164,23.204999923706055,23.209999084472656,5470,0.0,0.0
2023-06-23 11:30:00-04:00,23.225000381469727,23.349899291992188,23.20949935913086,23.349899291992188,4296,0.0,0.0
2023-06-23 12:30:00-04:00,23.389999389648438,23.459999084472656,23.389999389648438,23.440000534057617,5340,0.0,0.0
2023-06-23 13:30:00-04:00,23.469999313354492,23.520000457763672,23.40999984741211,23.440000534057617,8067,0.0,0.0
2023-06-23 14:30:00-04:00,23.399999618530273,23.420000076293945,23.239999771118164,23.286800384521484,13425,0.0,0.0
2023-06-23 15:30:00-04:00,23.260000228881836,23.350000381469727,23.149999618530273,23.229999542236328,26809,0.0,0.0
2023-06-26 09:30:00-04:00,23.290000915527344,23.690000534057617,23.290000915527344,23.604999542236328,4764,0.0,0.0
2023-06-26 10:30:00-04:00,23.575000762939453,23.709999084472656,23.43000030517578,23.690000534057617,8041,0.0,0.0
2023-06-26 11:30:00-04:00,23.709999084472656,23.780000686645508,23.549999237060547,23.635000228881836,6896,0.0,0.0
2023-06-26 12:30:00-04:00,23.6200008392334,23.6200008392334,23.479999542236328,23.479999542236328,4702,0.0,0.0
2023-06-26 13:30:00-04:00,23.5,23.510000228881836,23.43000030517578,23.459999084472656,5539,0.0,0.0
2023-06-26 14:30:00-04:00,23.479999542236328,23.5,23.34000015258789,23.40999984741211,13260,0.0,0.0
2023-06-26 15:30:00-04:00,23.415000915527344,23.469999313354492,23.280000686645508,23.280000686645508,13432,0.0,0.0
2023-06-27 09:30:00-04:00,23.520000457763672,23.549999237060547,23.375,23.549999237060547,4936,0.0,0.0
2023-06-27 10:30:00-04:00,23.479999542236328,23.799999237060547,23.479999542236328,23.799999237060547,10417,0.0,0.0
2023-06-27 11:30:00-04:00,23.855300903320312,24.0,23.834999084472656,23.979999542236328,9007,0.0,0.0
2023-06-27 12:30:00-04:00,23.959999084472656,24.139999389648438,23.950000762939453,24.139999389648438,10480,0.0,0.0
2023-06-27 13:30:00-04:00,24.139999389648438,24.31999969482422,24.110000610351562,24.270000457763672,16427,0.0,0.0
2023-06-27 14:30:00-04:00,24.2810001373291,24.58639907836914,24.15999984741211,24.58639907836914,26523,0.0,0.0
2023-06-27 15:30:00-04:00,24.56999969482422,24.665000915527344,24.520000457763672,24.579999923706055,27262,0.0,0.0
2023-06-28 09:30:00-04:00,24.219999313354492,24.559999465942383,23.472900390625,24.520000457763672,12527,0.0,0.0
2023-06-28 10:30:00-04:00,24.610000610351562,24.649999618530273,24.459999084472656,24.540000915527344,21177,0.0,0.0
2023-06-28 11:30:00-04:00,24.520200729370117,24.709999084472656,24.520200729370117,24.594999313354492,8655,0.0,0.0
2023-06-28 12:30:00-04:00,24.600000381469727,24.600000381469727,24.440000534057617,24.530000686645508,18760,0.0,0.0
2023-06-28 13:30:00-04:00,24.520000457763672,24.520000457763672,24.329999923706055,24.520000457763672,16751,0.0,0.0
2023-06-28 14:30:00-04:00,24.520000457763672,24.600000381469727,24.440000534057617,24.579999923706055,9096,0.0,0.0
2023-06-28 15:30:00-04:00,24.55500030517578,24.68000030517578,24.55500030517578,24.68000030517578,13975,0.0,0.0
2023-06-29 09:30:00-04:00,24.809999465942383,25.149999618530273,24.559999465942383,25.104999542236328,11348,0.0,0.0
2023-06-29 10:30:00-04:00,25.110000610351562,25.15999984741211,24.989999771118164,25.100000381469727,8392,0.0,0.0
2023-06-29 11:30:00-04:00,25.059999465942383,25.190000534057617,24.979999542236328,25.190000534057617,8440,0.0,0.0
2023-06-29 12:30:00-04:00,25.18000030517578,25.270000457763672,25.170000076293945,25.270000457763672,6511,0.0,0.0
2023-06-29 13:30:00-04:00,25.270000457763672,25.270000457763672,25.174999237060547,25.260000228881836,7974,0.0,0.0
2023-06-29 14:30:00-04:00,25.25,25.260000228881836,25.04010009765625,25.1200008392334,19811,0.0,0.0
2023-06-29 15:30:00-04:00,25.139999389648438,25.190000534057617,25.09000015258789,25.190000534057617,18115,0.0,0.0
2023-06-30 09:30:00-04:00,25.510000228881836,25.780000686645508,25.479999542236328,25.670000076293945,13951,0.0,0.0
2023-06-30 10:30:00-04:00,25.68000030517578,25.68000030517578,25.420000076293945,25.524999618530273,5565,0.0,0.0
2023-06-30 11:30:00-04:00,25.479999542236328,25.549999237060547,25.440000534057617,25.510000228881836,6528,0.0,0.0
2023-06-30 12:30:00-04:00,25.549999237060547,25.645000457763672,25.549999237060547,25.610000610351562,3251,0.0,0.0
2023-06-30 13:30:00-04:00,25.600000381469727,25.684999465942383,25.590999603271484,25.600000381469727,5751,0.0,0.0
2023-06-30 14:30:00-04:00,25.6299991607666,25.6299991607666,25.520000457763672,25.549999237060547,5547,0.0,0.0
2023-06-30 15:30:00-04:00,25.556299209594727,25.639999389648438,25.549999237060547,25.549999237060547,15861,0.0,0.0
2023-07-03 09:30:00-04:00,25.43000030517578,25.690000534057617,25.43000030517578,25.59000015258789,7621,0.0,0.0
2023-07-03 10:30:00-04:00,25.585399627685547,25.594999313354492,25.325000762939453,25.375,8269,0.0,0.0
2023-07-03 11:30:00-04:00,25.389999389648438,25.540000915527344,25.3700008392334,25.520000457763672,6711,0.0,0.0
2023-07-05 09:30:00-04:00,25.479999542236328,25.479999542236328,24.549999237060547,24.854999542236328,10154,0.0,0.0
2023-07-05 10:30:00-04:00,24.90999984741211,24.90999984741211,24.770000457763672,24.815000534057617,6345,0.0,0.0
2023-07-05 11:30:00-04:00,24.8799991607666,25.049999237060547,24.864999771118164,25.030000686645508,10620,0.0,0.0
2023-07-05 12:30:00-04:00,24.989999771118164,25.040000915527344,24.93000030517578,25.040000915527344,7962,0.0,0.0
2023-07-05 13:30:00-04:00,25.040000915527344,25.100000381469727,25.010000228881836,25.010000228881836,7805,0.0,0.0
2023-07-05 14:30:00-04:00,25.049999237060547,25.1200008392334,24.809999465942383,24.989999771118164,9271,0.0,0.0
2023-07-05 15:30:00-04:00,24.920000076293945,24.989999771118164,24.829999923706055,24.84000015258789,30725,0.0,0.0
2023-07-06 09:30:00-04:00,24.34000015258789,24.579999923706055,24.34000015258789,24.46500015258789,4716,0.0,0.0
2023-07-06 10:30:00-04:00,24.33839988708496,24.34000015258789,23.899999618530273,24.09000015258789,18776,0.0,0.0
2023-07-06 11:30:00-04:00,24.225000381469727,24.450000762939453,24.18000030517578,24.350000381469727,15236,0.0,0.0
2023-07-06 12:30:00-04:00,24.350000381469727,24.510000228881836,24.29010009765625,24.479999542236328,15195,0.0,0.0
2023-07-06 13:30:00-04:00,24.479999542236328,24.600000381469727,24.457700729370117,24.5,7788,0.0,0.0
2023-07-06 14:30:00-04:00,24.461000442504883,24.6299991607666,24.450000762939453,24.6299991607666,7185,0.0,0.0
2023-07-06 15:30:00-04:00,24.68000030517578,24.81999969482422,24.6299991607666,24.770000457763672,14659,0.0,0.0
2023-07-07 09:30:00-04:00,24.84000015258789,25.0049991607666,24.2549991607666,24.8799991607666,7613,0.0,0.0
2023-07-07 10:30:00-04:00,24.905000686645508,25.219999313354492,24.84000015258789,25.219999313354492,10337,0.0,0.0
2023-07-07 11:30:00-04:00,25.209999084472656,25.219999313354492,25.100000381469727,25.1200008392334,6724,0.0,0.0
2023-07-07 12:30:00-04:00,25.110000610351562,25.399999618530273,25.110000610351562,25.360000610351562,7786,0.0,0.0
2023-07-07 13:30:00-04:00,25.360000610351562,25.459999084472656,25.149999618530273,25.31999969482422,15872,0.0,0.0
2023-07-07 14:30:00-04:00,25.31999969482422,25.31999969482422,25.149999618530273,25.209999084472656,15106,0.0,0.0
2023-07-07 15:30:00-04:00,25.170000076293945,25.200000762939453,24.920000076293945,24.94499969482422,15259,0.0,0.0
2023-07-10 09:30:00-04:00,24.75,25.149999618530273,24.75,24.915000915527344,10659,0.0,0.0
2023-07-10 10:30:00-04:00,24.920000076293945,25.02829933166504,24.809999465942383,25.02829933166504,7656,0.0,0.0
2023-07-10 11:30:00-04:00,25.010000228881836,25.010000228881836,24.934999465942383,24.950000762939453,9783,0.0,0.0
2023-07-10 12:30:00-04:00,25.01799964904785,25.094999313354492,25.01799964904785,25.067399978637695,3448,0.0,0.0
2023-07-10 13:30:00-04:00,25.239999771118164,25.2549991607666,25.079999923706055,25.100000381469727,10149,0.0,0.0
2023-07-10 14:30:00-04:00,25.079999923706055,25.135000228881836,25.049999237060547,25.110000610351562,10764,0.0,0.0
2023-07-10 15:30:00-04:00,25.09000015258789,25.09000015258789,24.905000686645508,25.020000457763672,18583,0.0,0.0
2023-07-11 09:30:00-04:00,25.229999542236328,25.229999542236328,24.90999984741211,25.0,9154,0.0,0.0
2023-07-11 10:30:00-04:00,24.979999542236328,25.079999923706055,24.600000381469727,24.600000381469727,5485,0.0,0.0
2023-07-11 11:30:00-04:00,24.56999969482422,24.709999084472656,24.549999237060547,24.639999389648438,7004,0.0,0.0
2023-07-11 12:30:00-04:00,24.6200008392334,25.059999465942383,24.6200008392334,25.024999618530273,21056,0.0,0.0
2023-07-11 13:30:00-04:00,24.940000534057617,25.100000381469727,24.940000534057617,25.06999969482422,6864,0.0,0.0
2023-07-11 14:30:00-04:00,25.09000015258789,25.2549991607666,25.09000015258789,25.219999313354492,9095,0.0,0.0
2023-07-11 15:30:00-04:00,25.235000610351562,25.43000030517578,25.15999984741211,25.40999984741211,17985,0.0,0.0
2023-07-12 09:30:00-04:00,25.8799991607666,26.0,25.579999923706055,25.78499984741211,8168,0.0,0.0
2023-07-12 10:30:00-04:00,25.815000534057617,25.940000534057617,25.71500015258789,25.790000915527344,11035,0.0,0.0
2023-07-12 11:30:00-04:00,25.780099868774414,25.834999084472656,25.6299991607666,25.815000534057617,8589,0.0,0.0
2023-07-12 12:30:00-04:00,25.825000762939453,25.950000762939453,25.799999237060547,25.940000534057617,7617,0.0,0.0
2023-07-12 13:30:00-04:00,25.959999084472656,26.06999969482422,25.93000030517578,26.020000457763672,9116,0.0,0.0
2023-07-12 14:30:00-04:00,26.020000457763672,26.09000015258789,25.93000030517578,25.954999923706055,7400,0.0,0.0
2023-07-12 15:30:00-04:00,25.989999771118164,25.989999771118164,25.895000457763672,25.920000076293945,12861,0.0,0.0
2023-07-13 09:30:00-04:00,26.06999969482422,26.360000610351562,25.976200103759766,26.174999237060547,6367,0.0,0.0
2023-07-13 10:30:00-04:00,26.139999389648438,26.30500030517578,26.139999389648438,26.209999084472656,8286,0.0,0.0
2023-07-13 11:30:00-04:00,26.219999313354492,26.34000015258789,26.190000534057617,26.315000534057617,7519,0.0,0.0
2023-07-13 12:30:00-04:00,26.309999465942383,26.34000015258789,26.240299224853516,26.325000762939453,7644,0.0,0.0
2023-07-13 13:30:00-04:00,26.309999465942383,26.309999465942383,26.229999542236328,26.229999542236328,5249,0.0,0.0
2023-07-13 14:30:00-04:00,26.239999771118164,26.360000610351562,26.209999084472656,26.334999084472656,11857,0.0,0.0
2023-07-13 15:30:00-04:00,26.31999969482422,26.3700008392334,26.270000457763672,26.350000381469727,22625,0.0,0.0
2023-07-14 09:30:00-04:00,26.299999237060547,26.3700008392334,26.229999542236328,26.299999237060547,8119,0.0,0.0
2023-07-14 10:30:00-04:00,26.200000762939453,26.21500015258789,26.0049991607666,26.139999389648438,9711,0.0,0.0
2023-07-14 11:30:00-04:00,26.170000076293945,26.170000076293945,25.959999084472656,26.0049991607666,5059,0.0,0.0
2023-07-14 12:30:00-04:00,26.020000457763672,26.09000015258789,25.91860008239746,26.059999465942383,8253,0.0,0.0
2023-07-14 13:30:00-04:00,26.059999465942383,26.149999618530273,26.024999618530273,26.06999969482422,8041,0.0,0.0
2023-07-14 14:30:00-04:00,26.030000686645508,26.030000686645508,25.829999923706055,25.834999084472656,7922,0.0,0.0
2023-07-14 15:30:00-04:00,25.899999618530273,26.06999969482422,25.899999618530273,26.010000228881836,16762,0.0,0.0
2023-07-17 09:30:00-04:00,26.020000457763672,26.125,25.850000381469727,26.045000076293945,12905,0.0,0.0
2023-07-17 10:30:00-04:00,26.044599533081055,26.204999923706055,26.0,26.135000228881836,7433,0.0,0.0
2023-07-17 11:30:00-04:00,26.170000076293945,26.405000686645508,26.170000076293945,26.354999542236328,8600,0.0,0.0
2023-07-17 12:30:00-04:00,26.270000457763672,26.360000610351562,26.229999542236328,26.360000610351562,4795,0.0,0.0
2023-07-17 13:30:00-04:00,26.420000076293945,26.5,26.385000228881836,26.5,4835,0.0,0.0
2023-07-17 14:30:00-04:00,26.4950008392334,26.635000228881836,26.440000534057617,26.600000381469727,8312,0.0,0.0
2023-07-17 15:30:00-04:00,26.610000610351562,26.610000610351562,26.469999313354492,26.479999542236328,20115,0.0,0.0
2023-07-18 09:30:00-04:00,26.219999313354492,26.489999771118164,26.06999969482422,26.399999618530273,16881,0.0,0.0
2023-07-18 10:30:00-04:00,26.399999618530273,26.610000610351562,26.364999771118164,26.5,11432,0.0,0.0
2023-07-18 11:30:00-04:00,26.5,26.5,26.299999237060547,26.34000015258789,4811,0.0,0.0
2023-07-18 12:30:00-04:00,26.334999084472656,26.3700008392334,26.329999923706055,26.3700008392334,2322,0.0,0.0
2023-07-18 13:30:00-04:00,26.290000915527344,26.459999084472656,26.290000915527344,26.459999084472656,5564,0.0,0.0
2023-07-18 14:30:00-04:00,26.469999313354492,26.649999618530273,26.469999313354492,26.649999618530273,3766,0.0,0.0
2023-07-18 15:30:00-04:00,26.63759994506836,26.84000015258789,26.530000686645508,26.809999465942383,27813,0.0,0.0
2023-07-19 09:30:00-04:00,26.860000610351562,26.969999313354492,26.575000762939453,26.8799991607666,7358,0.0,0.0
2023-07-19 10:30:00-04:00,26.8799991607666,27.239999771118164,26.790000915527344,27.239999771118164,21548,0.0,0.0
2023-07-19 11:30:00-04:00,27.260000228881836,27.260000228881836,27.084999084472656,27.1200008392334,13762,0.0,0.0
2023-07-19 12:30:00-04:00,27.139999389648438,27.149999618530273,26.93000030517578,26.93000030517578,13454,0.0,0.0
2023-07-19 13:30:00-04:00,26.939599990844727,26.969999313354492,26.809999465942383,26.920000076293945,14720,0.0,0.0
2023-07-19 14:30:00-04:00,26.950000762939453,27.049999237060547,26.899999618530273,27.049999237060547,16476,0.0,0.0
2023-07-19 15:30:00-04:00,27.079999923706055,27.170000076293945,26.985000610351562,27.1200008392334,29884,0.0,0.0
2023-07-20 09:30:00-04:00,26.780000686645508,27.020000457763672,26.128599166870117,26.128599166870117,13762,0.0,0.0
2023-07-20 10:30:00-04:00,26.1299991607666,26.280000686645508,26.104999542236328,26.1299991607666,15650,0.0,0.0
2023-07-20 11:30:00-04:00,26.079999923706055,26.219999313354492,26.059999465942383,26.06999969482422,6415,0.0,0.0
2023-07-20 12:30:00-04:00,26.05500030517578,26.05500030517578,25.8799991607666,25.940000534057617,5075,0.0,0.0
2023-07-20 13:30:00-04:00,25.94499969482422,25.94499969482422,25.834999084472656,25.895000457763672,5666,0.0,0.0
2023-07-20 14:30:00-04:00,25.8700008392334,25.93000030517578,25.684999465942383,25.709999084472656,7516,0.0,0.0
2023-07-20 15:30:00-04:00,25.75,25.950000762939453,25.75,25.8700008392334,17171,0.0,0.0
2023-07-21 09:30:00-04:00,26.170000076293945,26.329999923706055,26.079999923706055,26.264999389648438,16345,0.0,0.0
2023-07-21 10:30:00-04:00,26.139999389648438,26.170000076293945,25.922000885009766,26.020000457763672,12005,0.0,0.0
2023-07-21 11:30:00-04:00,26.049999237060547,26.3700008392334,26.020000457763672,26.329999923706055,8937,0.0,0.0
2023-07-21 12:30:00-04:00,26.31999969482422,26.459999084472656,26.219999313354492,26.459999084472656,10972,0.0,0.0
2023-07-21 13:30:00-04:00,26.459999084472656,26.635000228881836,26.459999084472656,26.610000610351562,18870,0.0,0.0
2023-07-21 14:30:00-04:00,26.604999542236328,26.649999618530273,26.365400314331055,26.489999771118164,11057,0.0,0.0
2023-07-21 15:30:00-04:00,26.530000686645508,26.6200008392334,26.469999313354492,26.469999313354492,22018,0.0,0.0
2023-07-24 09:30:00-04:00,26.489999771118164,26.670000076293945,26.40250015258789,26.40250015258789,6953,0.0,0.0
2023-07-24 10:30:00-04:00,26.399999618530273,26.399999618530273,26.290000915527344,26.3799991607666,5286,0.0,0.0
2023-07-24 11:30:00-04:00,26.229999542236328,26.5,26.190000534057617,26.4950008392334,8935,0.0,0.0
2023-07-24 12:30:00-04:00,26.5,26.5,26.389999389648438,26.479999542236328,8187,0.0,0.0
2023-07-24 13:30:00-04:00,26.520000457763672,26.530000686645508,26.440000534057617,26.459999084472656,6087,0.0,0.0
2023-07-24 14:30:00-04:00,26.43000030517578,26.520000457763672,26.40999984741211,26.44499969482422,11008,0.0,0.0
2023-07-24 15:30:00-04:00,26.450000762939453,26.459999084472656,26.360000610351562,26.440000534057617,11953,0.0,0.0
2023-07-25 09:30:00-04:00,26.420000076293945,26.56999969482422,26.420000076293945,26.549999237060547,11962,0.0,0.0
2023-07-25 10:30:00-04:00,26.440000534057617,26.59000015258789,26.3700008392334,26.549999237060547,7831,0.0,0.0
2023-07-25 11:30:00-04:00,26.545000076293945,26.56999969482422,26.489999771118164,26.56999969482422,5859,0.0,0.0
2023-07-25 12:30:00-04:00,26.559999465942383,26.815000534057617,26.549999237060547,26.809999465942383,12040,0.0,0.0
2023-07-25 13:30:00-04:00,26.795000076293945,26.84000015258789,26.78499984741211,26.84000015258789,5047,0.0,0.0
2023-07-25 14:30:00-04:00,26.905500411987305,26.979999542236328,26.860000610351562,26.90999984741211,7493,0.0,0.0
2023-07-25 15:30:00-04:00,26.84320068359375,26.8799991607666,26.795000076293945,26.799999237060547,11978,0.0,0.0
2023-07-26 09:30:00-04:00,26.600000381469727,26.860000610351562,26.600000381469727,26.799999237060547,5906,0.0,0.0
2023-07-26 10:30:00-04:00,26.799999237060547,26.84000015258789,26.59000015258789,26.65999984741211,5735,0.0,0.0
2023-07-26 11:30:00-04:00,26.635299682617188,26.889999389648438,26.635299682617188,26.860000610351562,6616,0.0,0.0
2023-07-26 12:30:00-04:00,26.93000030517578,26.93000030517578,26.780000686645508,26.850000381469727,3317,0.0,0.0
2023-07-26 13:30:00-04:00,26.809999465942383,26.829999923706055,26.690000534057617,26.700000762939453,8136,0.0,0.0
2023-07-26 14:30:00-04:00,26.709999084472656,26.979999542236328,26.709999084472656,26.860000610351562,8137,0.0,0.0
2023-07-26 15:30:00-04:00,26.84000015258789,27.059999465942383,26.84000015258789,26.90999984741211,18155,0.0,0.0
2023-07-27 09:30:00-04:00,27.389999389648438,27.645000457763672,27.200000762939453,27.200000762939453,14927,0.0,0.0
2023-07-27 10:30:00-04:00,27.045700073242188,27.260000228881836,26.979999542236328,27.110000610351562,8270,0.0,0.0
2023-07-27 11:30:00-04:00,27.1200008392334,27.1200008392334,26.899999618530273,27.079999923706055,6351,0.0,0.0
2023-07-27 12:30:00-04:00,27.079999923706055,27.079999923706055,27.0,27.0,6456,0.0,0.0
2023-07-27 13:30:00-04:00,26.93000030517578,27.0,26.68589973449707,26.719999313354492,9745,0.0,0.0
2023-07-27 14:30:00-04:00,26.77989959716797,26.77989959716797,26.579999923706055,26.639999389648438,9234,0.0,0.0
2023-07-27 15:30:00-04:00,26.670000076293945,26.729999542236328,26.540000915527344,26.729999542236328,16895,0.0,0.0
2023-07-28 09:30:00-04:00,27.079999923706055,27.3700008392334,27.079999923706055,27.239999771118164,7227,0.0,0.0
2023-07-28 10:30:00-04:00,27.229999542236328,27.2549991607666,27.100000381469727,27.219999313354492,6556,0.0,0.0
2023-07-28 11:30:00-04:00,27.194900512695312,27.260000228881836,27.100000381469727,27.229999542236328,5772,0.0,0.0
2023-07-28 12:30:00-04:00,27.174999237060547,27.190000534057617,26.989999771118164,27.09000015258789,5845,0.0,0.0
2023-07-28 13:30:00-04:00,26.969999313354492,27.170000076293945,26.969999313354492,27.100000381469727,5978,0.0,0.0
2023-07-28 14:30:00-04:00,27.084999084472656,27.149999618530273,27.059999465942383,27.1200008392334,6985,0.0,0.0
2023-07-28 15:30:00-04:00,27.139999389648438,27.139999389648438,27.040000915527344,27.1200008392334,11615,0.0,0.0
2023-07-31 09:30:00-04:00,27.079999923706055,27.479999542236328,27.079999923706055,27.25,8693,0.0,0.0
2023-07-31 10:30:00-04:00,27.295000076293945,27.295000076293945,27.049999237060547,27.18000030517578,12194,0.0,0.0
2023-07-31 11:30:00-04:00,27.04010009765625,27.264999389648438,27.040000915527344,27.219999313354492,7349,0.0,0.0
2023-07-31 12:30:00-04:00,27.219999313354492,27.260000228881836,27.139999389648438,27.149999618530273,7497,0.0,0.0
2023-07-31 13:30:00-04:00,27.184999465942383,27.219999313354492,27.1299991607666,27.219999313354492,8159,0.0,0.0
2023-07-31 14:30:00-04:00,27.209999084472656,27.239999771118164,27.139999389648438,27.209999084472656,13401,0.0,0.0
2023-07-31 15:30:00-04:00,27.209999084472656,27.229999542236328,27.09000015258789,27.15999984741211,30452,0.0,0.0
2023-08-01 09:30:00-04:00,26.8799991607666,26.979999542236328,26.6200008392334,26.780000686645508,18232,0.0,0.0
2023-08-01 10:30:00-04:00,26.809999465942383,26.854999542236328,26.59000015258789,26.670000076293945,12847,0.0,0.0
2023-08-01 11:30:00-04:00,26.670000076293945,26.795000076293945,26.649999618530273,26.700000762939453,10270,0.0,0.0
2023-08-01 12:30:00-04:00,26.709999084472656,26.950000762939453,26.709999084472656,26.950000762939453,12413,0.0,0.0
2023-08-01 13:30:00-04:00,26.94059944152832,27.06999969482422,26.920000076293945,27.024999618530273,11881,0.0,0.0
2023-08-01 14:30:00-04:00,27.024999618530273,27.1299991607666,27.024999618530273,27.1299991607666,16016,0.0,0.0
2023-08-01 15:30:00-04:00,27.18000030517578,27.229999542236328,26.969999313354492,27.06999969482422,31614,0.0,0.0
2023-08-02 09:30:00-04:00,26.6200008392334,26.6200008392334,26.25,26.290000915527344,5279,0.0,0.0
2023-08-02 10:30:00-04:00,26.270000457763672,26.270000457763672,26.139999389648438,26.18000030517578,4400,0.0,0.0
2023-08-02 11:30:00-04:00,26.15999984741211,26.190000534057617,25.810100555419922,25.989999771118164,9533,0.0,0.0
2023-08-02 12:30:00-04:00,25.88159942626953,26.260000228881836,25.88159942626953,26.145000457763672,6397,0.0,0.0
2023-08-02 13:30:00-04:00,26.18000030517578,26.229999542236328,26.05500030517578,26.09000015258789,5053,0.0,0.0
2023-08-02 14:30:00-04:00,26.100000381469727,26.239999771118164,25.921499252319336,25.921499252319336,10008,0.0,0.0
2023-08-02 15:30:00-04:00,25.979999542236328,26.079999923706055,25.979999542236328,26.059999465942383,15302,0.0,0.0
2023-08-03 09:30:00-04:00,25.829999923706055,25.829999923706055,25.489999771118164,25.514999389648438,7900,0.0,0.0
2023-08-03 10:30:00-04:00,25.579999923706055,25.655000686645508,25.399999618530273,25.649999618530273,8239,0.0,0.0
2023-08-03 11:30:00-04:00,25.700000762939453,25.829999923706055,25.700000762939453,25.829999923706055,4910,0.0,0.0
2023-08-03 12:30:00-04:00,25.975000381469727,26.049999237060547,25.969999313354492,25.989999771118164,4143,0.0,0.0
2023-08-03 13:30:00-04:00,25.950000762939453,25.950000762939453,25.799999237060547,25.920000076293945,7584,0.0,0.0
2023-08-03 14:30:00-04:00,25.889999389648438,25.889999389648438,25.75,25.809999465942383,4206,0.0,0.0
2023-08-03 15:30:00-04:00,25.84000015258789,25.860000610351562,25.709999084472656,25.739999771118164,17774,0.0,0.0
2023-08-04 09:30:00-04:00,25.6200008392334,25.65999984741211,25.227500915527344,25.540000915527344,5844,0.0,0.0
2023-08-04 10:30:00-04:00,25.59000015258789,25.790000915527344,25.56999969482422,25.790000915527344,5378,0.0,0.0
2023-08-04 11:30:00-04:00,25.84000015258789,25.940000534057617,25.78969955444336,25.90999984741211,4988,0.0,0.0
2023-08-04 12:30:00-04:00,25.950000762939453,25.950000762939453,25.559999465942383,25.635000228881836,8433,0.0,0.0
2023-08-04 13:30:00-04:00,25.666099548339844,25.666099548339844,25.350000381469727,25.360000610351562,11195,0.0,0.0
2023-08-04 14:30:00-04:00,25.3700008392334,25.399999618530273,25.229999542236328,25.3799991607666,11418,0.0,0.0
2023-08-04 15:30:00-04:00,25.405000686645508,25.5,25.34000015258789,25.479999542236328,17574,0.0,0.0
2023-08-07 09:30:00-04:00,25.6299991607666,25.690000534057617,25.229999542236328,25.290000915527344,7680,0.0,0.0
2023-08-07 10:30:00-04:00,25.260000228881836,25.40369987487793,25.229999542236328,25.309999465942383,8665,0.0,0.0
2023-08-07 11:30:00-04:00,25.299999237060547,25.34000015258789,25.25,25.25,7446,0.0,0.0
2023-08-07 12:30:00-04:00,25.25,25.309999465942383,25.15999984741211,25.270000457763672,10352,0.0,0.0
2023-08-07 13:30:00-04:00,25.309999465942383,25.309999465942383,25.219999313354492,25.219999313354492,9643,0.0,0.0
2023-08-07 14:30:00-04:00,25.2549991607666,25.3700008392334,25.229999542236328,25.350000381469727,23318,0.0,0.0
2023-08-07 15:30:00-04:00,25.350000381469727,25.56999969482422,25.264999389648438,25.520000457763672,29421,0.0,0.0
2023-08-08 09:30:00-04:00,25.170000076293945,25.170000076293945,24.78510093688965,25.030000686645508,11340,0.0,0.0
2023-08-08 10:30:00-04:00,24.989999771118164,25.010000228881836,24.700000762939453,24.740100860595703,11336,0.0,0.0
2023-08-08 11:30:00-04:00,24.790000915527344,24.889999389648438,24.704999923706055,24.809999465942383,12669,0.0,0.0
2023-08-08 12:30:00-04:00,24.770000457763672,24.834999084472656,24.6299991607666,24.790000915527344,9135,0.0,0.0
2023-08-08 13:30:00-04:00,24.790000915527344,25.030000686645508,24.739999771118164,25.010000228881836,13502,0.0,0.0
2023-08-08 14:30:00-04:00,25.040000915527344,25.049999237060547,24.985000610351562,25.040000915527344,21032,0.0,0.0
2023-08-08 15:30:00-04:00,25.030000686645508,25.18000030517578,25.010000228881836,25.06999969482422,23844,0.0,0.0
2023-08-09 09:30:00-04:00,22.149999618530273,22.280000686645508,20.90999984741211,21.739999771118164,65410,0.0,0.0
2023-08-09 10:30:00-04:00,21.68000030517578,21.719999313354492,21.139999389648438,21.709999084472656,53762,0.0,0.0
2023-08-09 11:30:00-04:00,21.729999542236328,21.764999389648438,21.290000915527344,21.665000915527344,16405,0.0,0.0
2023-08-09 12:30:00-04:00,21.649999618530273,21.700000762939453,21.520000457763672,21.609899520874023,11521,0.0,0.0
2023-08-09 13:30:00-04:00,21.610000610351562,22.1200008392334,21.479999542236328,22.1200008392334,21555,0.0,0.0
2023-08-09 14:30:00-04:00,22.149999618530273,22.229999542236328,21.989999771118164,22.0,30274,0.0,0.0
2023-08-09 15:30:00-04:00,22.0,22.114999771118164,21.985000610351562,22.040000915527344,60148,0.0,0.0
2023-08-10 09:30:00-04:00,21.3700008392334,22.229999542236328,21.350000381469727,21.850000381469727,37399,0.0,0.0
2023-08-10 10:30:00-04:00,21.760000228881836,22.079999923706055,21.706899642944336,21.920000076293945,22188,0.0,0.0
2023-08-10 11:30:00-04:00,21.885000228881836,22.049999237060547,21.790000915527344,21.940000534057617,25577,0.0,0.0
2023-08-10 12:30:00-04:00,21.899999618530273,22.059999465942383,21.88800048828125,22.059999465942383,15337,0.0,0.0
2023-08-10 13:30:00-04:00,22.010000228881836,22.1200008392334,21.90999984741211,22.1200008392334,16979,0.0,0.0
2023-08-10 14:30:00-04:00,22.174999237060547,22.174999237060547,21.690000534057617,21.850000381469727,14065,0.0,0.0
2023-08-10 15:30:00-04:00,21.850000381469727,22.059999465942383,21.825000762939453,21.959999084472656,54572,0.0,0.0
2023-08-11 09:30:00-04:00,21.639999389648438,21.908899307250977,21.200000762939453,21.350000381469727,22880,0.0,0.0
2023-08-11 10:30:00-04:00,21.360000610351562,21.545000076293945,21.360000610351562,21.545000076293945,20223,0.0,0.0
2023-08-11 11:30:00-04:00,21.5,21.645000457763672,21.485000610351562,21.4950008392334,10955,0.0,0.0
2023-08-11 12:30:00-04:00,21.520000457763672,21.670000076293945,21.510000228881836,21.649999618530273,13170,0.0,0.0
2023-08-11 13:30:00-04:00,21.700000762939453,21.700000762939453,21.424999237060547,21.43000030517578,16317,0.0,0.0
2023-08-11 14:30:00-04:00,21.440000534057617,21.68000030517578,21.420000076293945,21.68000030517578,20756,0.0,0.0
2023-08-11 15:30:00-04:00,21.639999389648438,21.670000076293945,21.56100082397461,21.6200008392334,34879,0.0,0.0
2023-08-14 09:30:00-04:00,21.360000610351562,21.879899978637695,20.829999923706055,20.829999923706055,35245,0.0,0.0
2023-08-14 10:30:00-04:00,20.770000457763672,21.200000762939453,20.770000457763672,21.110000610351562,22894,0.0,0.0
2023-08-14 11:30:00-04:00,21.09000015258789,21.09000015258789,20.639999389648438,20.639999389648438,19700,0.0,0.0
2023-08-14 12:30:00-04:00,20.639999389648438,20.729999542236328,20.549999237060547,20.549999237060547,15626,0.0,0.0
2023-08-14 13:30:00-04:00,20.600000381469727,20.951799392700195,20.549999237060547,20.8700008392334,16578,0.0,0.0
2023-08-14 14:30:00-04:00,20.899999618530273,20.959999084472656,20.809999465942383,20.809999465942383,22814,0.0,0.0
2023-08-14 15:30:00-04:00,20.780000686645508,20.780000686645508,20.670000076293945,20.739999771118164,47826,0.0,0.0
2023-08-15 09:30:00-04:00,20.6299991607666,20.809999465942383,20.5,20.729999542236328,111352,0.0,0.0
2023-08-15 10:30:00-04:00,20.66939926147461,21.0,20.66939926147461,20.780000686645508,12774,0.0,0.0
2023-08-15 11:30:00-04:00,20.764999389648438,20.780000686645508,20.579999923706055,20.579999923706055,9444,0.0,0.0
2023-08-15 12:30:00-04:00,20.549999237060547,20.579999923706055,20.360000610351562,20.3700008392334,13891,0.0,0.0
2023-08-15 13:30:00-04:00,20.3799991607666,20.3799991607666,20.1299991607666,20.1299991607666,13781,0.0,0.0
2023-08-15 14:30:00-04:00,20.1299991607666,20.40999984741211,20.094999313354492,20.149999618530273,26820,0.0,0.0
2023-08-15 15:30:00-04:00,20.149999618530273,20.31999969482422,20.149999618530273,20.270000457763672,44149,0.0,0.0
2023-08-16 09:30:00-04:00,20.290000915527344,20.479999542236328,20.18000030517578,20.344999313354492,10605,0.0,0.0
2023-08-16 10:30:00-04:00,20.3700008392334,20.3700008392334,20.100000381469727,20.179800033569336,25333,0.0,0.0
2023-08-16 11:30:00-04:00,20.100000381469727,20.1299991607666,20.0,20.059999465942383,16251,0.0,0.0
2023-08-16 12:30:00-04:00,20.03499984741211,20.110000610351562,20.010000228881836,20.06999969482422,6208,0.0,0.0
2023-08-16 13:30:00-04:00,20.075000762939453,20.110000610351562,20.0,20.040000915527344,18865,0.0,0.0
2023-08-16 14:30:00-04:00,20.09000015258789,20.15999984741211,19.989999771118164,20.0,21947,0.0,0.0
2023-08-16 15:30:00-04:00,20.010000228881836,20.040000915527344,19.799999237060547,19.809999465942383,31356,0.0,0.0
2023-08-17 09:30:00-04:00,19.770000457763672,19.979999542236328,19.719999313354492,19.739999771118164,11898,0.0,0.0
2023-08-17 10:30:00-04:00,19.780000686645508,20.030000686645508,19.75,19.979999542236328,16354,0.0,0.0
2023-08-17 11:30:00-04:00,19.979999542236328,20.18000030517578,19.969999313354492,20.18000030517578,10458,0.0,0.0
2023-08-17 12:30:00-04:00,20.18000030517578,20.200000762939453,20.071699142456055,20.139999389648438,14393,0.0,0.0
2023-08-17 13:30:00-04:00,20.139999389648438,20.225000381469727,20.110000610351562,20.209999084472656,11633,0.0,0.0
2023-08-17 14:30:00-04:00,20.209999084472656,20.395000457763672,20.200000762939453,20.395000457763672,22886,0.0,0.0
2023-08-17 15:30:00-04:00,20.399999618530273,20.420000076293945,20.309999465942383,20.40999984741211,43044,0.0,0.0
2023-08-18 09:30:00-04:00,20.219999313354492,20.670000076293945,20.219999313354492,20.579999923706055,10557,0.0,0.0
2023-08-18 10:30:00-04:00,20.610000610351562,20.729999542236328,20.559999465942383,20.559999465942383,9738,0.0,0.0
2023-08-18 11:30:00-04:00,20.510000228881836,20.697599411010742,20.420000076293945,20.68000030517578,12528,0.0,0.0
2023-08-18 12:30:00-04:00,20.700000762939453,20.719999313354492,20.53019905090332,20.549999237060547,11873,0.0,0.0
2023-08-18 13:30:00-04:00,20.579999923706055,20.709999084472656,20.579999923706055,20.69499969482422,6099,0.0,0.0
2023-08-18 14:30:00-04:00,20.75,20.75,20.6200008392334,20.625,6748,0.0,0.0
2023-08-18 15:30:00-04:00,20.610000610351562,20.69499969482422,20.575000762939453,20.610000610351562,25158,0.0,0.0
2023-08-21 09:30:00-04:00,20.639999389648438,20.719999313354492,20.4950008392334,20.56999969482422,5831,0.0,0.0
2023-08-21 10:30:00-04:00,20.5664005279541,20.6299991607666,20.459999084472656,20.510000228881836,7323,0.0,0.0
2023-08-21 11:30:00-04:00,20.510000228881836,20.6299991607666,20.399999618530273,20.6299991607666,7297,0.0,0.0
2023-08-21 12:30:00-04:00,20.6200008392334,20.989999771118164,20.510000228881836,20.989999771118164,16271,0.0,0.0
2023-08-21 13:30:00-04:00,20.989999771118164,21.079999923706055,20.719999313354492,20.719999313354492,16822,0.0,0.0
2023-08-21 14:30:00-04:00,20.7450008392334,20.8700008392334,20.729999542236328,20.799999237060547,15746,0.0,0.0
2023-08-21 15:30:00-04:00,20.81999969482422,20.825000762939453,20.6200008392334,20.690000534057617,24887,0.0,0.0
2023-08-22 09:30:00-04:00,20.760000228881836,20.829999923706055,20.5,20.510000228881836,8319,0.0,0.0
2023-08-22 10:30:00-04:00,20.520000457763672,20.6200008392334,20.399999618530273,20.530000686645508,7058,0.0,0.0
2023-08-22 11:30:00-04:00,20.510000228881836,20.587900161743164,20.34589958190918,20.40999984741211,8540,0.0,0.0
2023-08-22 12:30:00-04:00,20.395000457763672,20.440000534057617,20.34000015258789,20.440000534057617,8474,0.0,0.0
2023-08-22 13:30:00-04:00,20.479999542236328,20.53499984741211,20.450000762939453,20.53499984741211,7021,0.0,0.0
2023-08-22 14:30:00-04:00,20.559999465942383,20.639999389648438,20.5,20.579999923706055,14871,0.0,0.0
2023-08-22 15:30:00-04:00,20.579999923706055,20.649999618530273,20.510000228881836,20.639999389648438,27476,0.0,0.0
2023-08-23 09:30:00-04:00,20.579999923706055,20.829999923706055,20.489999771118164,20.829999923706055,8783,0.0,0.0
2023-08-23 10:30:00-04:00,20.829999923706055,21.0049991607666,20.809999465942383,20.920000076293945,11548,0.0,0.0
2023-08-23 11:30:00-04:00,20.989999771118164,21.1200008392334,20.989999771118164,21.100000381469727,7118,0.0,0.0
2023-08-23 12:30:00-04:00,21.104999542236328,21.18000030517578,21.079999923706055,21.149999618530273,11202,0.0,0.0
2023-08-23 13:30:00-04:00,21.165000915527344,21.28499984741211,21.1299991607666,21.28499984741211,11712,0.0,0.0
2023-08-23 14:30:00-04:00,21.270000457763672,21.415000915527344,21.204999923706055,21.395000457763672,16495,0.0,0.0
2023-08-23 15:30:00-04:00,21.389999389648438,21.469999313354492,21.360000610351562,21.459999084472656,37676,0.0,0.0
2023-08-24 09:30:00-04:00,21.59000015258789,21.600000381469727,21.309999465942383,21.3799991607666,8965,0.0,0.0
2023-08-24 10:30:00-04:00,21.325000762939453,21.479999542236328,21.309999465942383,21.459999084472656,9939,0.0,0.0
2023-08-24 11:30:00-04:00,21.399999618530273,21.469999313354492,21.209999084472656,21.260000228881836,7219,0.0,0.0
2023-08-24 12:30:00-04:00,21.280000686645508,21.299999237060547,21.110000610351562,21.13319969177246,5560,0.0,0.0
2023-08-24 13:30:00-04:00,21.149999618530273,21.21500015258789,21.1200008392334,21.209999084472656,7609,0.0,0.0
2023-08-24 14:30:00-04:00,21.209999084472656,21.209999084472656,20.959999084472656,21.104999542236328,13577,0.0,0.0
2023-08-24 15:30:00-04:00,21.1299991607666,21.139999389648438,21.030000686645508,21.1200008392334,20895,0.0,0.0
2023-08-25 09:30:00-04:00,21.100000381469727,21.280000686645508,21.09000015258789,21.09000015258789,2854,0.0,0.0
2023-08-25 10:30:00-04:00,21.011600494384766,21.110000610351562,20.889999389648438,21.079999923706055,11268,0.0,0.0
2023-08-25 11:30:00-04:00,21.1299991607666,21.18000030517578,20.969999313354492,21.094999313354492,5446,0.0,0.0
2023-08-25 12:30:00-04:00,21.051000595092773,21.260000228881836,21.051000595092773,21.209999084472656,8867,0.0,0.0
2023-08-25 13:30:00-04:00,21.170000076293945,21.3700008392334,21.139999389648438,21.360000610351562,9563,0.0,0.0
2023-08-25 14:30:00-04:00,21.3700008392334,21.49920082092285,21.3700008392334,21.450000762939453,5706,0.0,0.0
2023-08-25 15:30:00-04:00,21.450000762939453,21.450000762939453,21.31999969482422,21.31999969482422,8905,0.0,0.0
2023-08-28 09:30:00-04:00,21.43000030517578,21.809999465942383,21.350000381469727,21.809999465942383,12471,0.0,0.0
2023-08-28 10:30:00-04:00,21.78499984741211,21.90999984741211,21.764999389648438,21.854999542236328,19432,0.0,0.0
2023-08-28 11:30:00-04:00,21.8799991607666,22.200000762939453,21.8700008392334,22.200000762939453,15566,0.0,0.0
2023-08-28 12:30:00-04:00,22.231599807739258,22.520000457763672,22.149999618530273,22.375,14354,0.0,0.0
2023-08-28 13:30:00-04:00,22.399999618530273,22.43000030517578,22.229999542236328,22.3799991607666,15298,0.0,0.0
2023-08-28 14:30:00-04:00,22.354999542236328,22.399999618530273,22.18000030517578,22.260000228881836,29591,0.0,0.0
2023-08-28 15:30:00-04:00,22.260000228881836,22.299999237060547,22.10099983215332,22.18000030517578,42191,0.0,0.0
2023-08-29 09:30:00-04:00,22.09000015258789,22.211000442504883,21.956199645996094,22.211000442504883,5700,0.0,0.0
2023-08-29 10:30:00-04:00,22.25,22.53499984741211,22.201000213623047,22.53499984741211,7945,0.0,0.0
2023-08-29 11:30:00-04:00,22.4950008392334,22.6200008392334,22.450000762939453,22.56999969482422,6483,0.0,0.0
2023-08-29 12:30:00-04:00,22.5310001373291,22.63990020751953,22.520000457763672,22.540000915527344,6669,0.0,0.0
2023-08-29 13:30:00-04:00,22.549999237060547,22.75,22.440000534057617,22.65999984741211,18420,0.0,0.0
2023-08-29 14:30:00-04:00,22.649999618530273,22.65999984741211,22.520000457763672,22.559999465942383,11346,0.0,0.0
2023-08-29 15:30:00-04:00,22.556100845336914,22.556100845336914,22.40999984741211,22.5,21615,0.0,0.0
2023-08-30 09:30:00-04:00,22.3799991607666,22.709999084472656,22.020000457763672,22.530000686645508,13158,0.0,0.0
2023-08-30 10:30:00-04:00,22.53499984741211,22.989999771118164,22.53499984741211,22.829999923706055,12821,0.0,0.0
2023-08-30 11:30:00-04:00,22.886899948120117,22.969999313354492,22.80500030517578,22.940000534057617,17285,0.0,0.0
2023-08-30 12:30:00-04:00,22.920000076293945,23.09000015258789,22.899999618530273,23.04010009765625,10021,0.0,0.0
2023-08-30 13:30:00-04:00,23.049999237060547,23.1299991607666,22.954999923706055,23.045000076293945,17727,0.0,0.0
2023-08-30 14:30:00-04:00,23.06999969482422,23.149999618530273,23.049999237060547,23.05500030517578,17795,0.0,0.0
2023-08-30 15:30:00-04:00,23.040000915527344,23.09000015258789,22.959999084472656,22.979999542236328,37254,0.0,0.0
2023-08-31 09:30:00-04:00,22.899999618530273,23.34000015258789,22.610000610351562,23.274999618530273,9012,0.0,0.0
2023-08-31 10:30:00-04:00,23.350000381469727,23.451200485229492,23.1299991607666,23.15999984741211,11627,0.0,0.0
2023-08-31 11:30:00-04:00,23.1299991607666,23.1481990814209,23.0,23.0,7411,0.0,0.0
2023-08-31 12:30:00-04:00,23.0,23.1200008392334,23.0,23.100099563598633,8328,0.0,0.0
2023-08-31 13:30:00-04:00,23.100000381469727,23.149499893188477,23.030000686645508,23.110000610351562,7608,0.0,0.0
2023-08-31 14:30:00-04:00,23.110000610351562,23.290000915527344,23.079999923706055,23.290000915527344,10180,0.0,0.0
2023-08-31 15:30:00-04:00,23.25,23.40999984741211,23.209999084472656,23.229999542236328,36166,0.0,0.0
2023-09-01 09:30:00-04:00,23.360000610351562,23.559999465942383,23.280000686645508,23.530000686645508,8513,0.0,0.0
2023-09-01 10:30:00-04:00,23.520000457763672,23.520000457763672,23.260000228881836,23.43000030517578,8636,0.0,0.0
2023-09-01 11:30:00-04:00,23.40999984741211,23.469999313354492,23.34000015258789,23.40999984741211,6339,0.0,0.0
2023-09-01 12:30:00-04:00,23.389999389648438,23.40999984741211,23.350000381469727,23.395000457763672,4331,0.0,0.0
2023-09-01 13:30:00-04:00,23.40999984741211,23.530000686645508,23.395000457763672,23.399999618530273,10410,0.0,0.0
2023-09-01 14:30:00-04:00,23.399999618530273,23.440000534057617,23.3700008392334,23.434999465942383,12200,0.0,0.0
2023-09-01 15:30:00-04:00,23.43000030517578,23.469999313354492,23.389999389648438,23.399999618530273,22324,0.0,0.0
2023-09-05 09:30:00-04:00,23.110000610351562,23.217199325561523,22.709999084472656,23.149999618530273,19951,0.0,0.0
2023-09-05 10:30:00-04:00,23.1200008392334,23.18000030517578,23.100000381469727,23.110000610351562,5853,0.0,0.0
2023-09-05 11:30:00-04:00,23.059999465942383,23.170000076293945,23.0,23.170000076293945,9290,0.0,0.0
2023-09-05 12:30:00-04:00,23.100000381469727,23.25,23.100000381469727,23.199899673461914,9310,0.0,0.0
2023-09-05 13:30:00-04:00,23.200000762939453,23.229999542236328,23.15999984741211,23.15999984741211,5455,0.0,0.0
2023-09-05 14:30:00-04:00,23.170000076293945,23.170000076293945,22.978700637817383,22.9950008392334,9433,0.0,0.0
2023-09-05 15:30:00-04:00,22.985000610351562,23.18000030517578,22.985000610351562,23.09000015258789,21621,0.0,0.0
2023-09-06 09:30:00-04:00,23.06999969482422,23.299999237060547,22.950000762939453,23.1200008392334,14722,0.0,0.0
2023-09-06 10:30:00-04:00,23.174999237060547,23.2450008392334,23.040000915527344,23.059999465942383,7934,0.0,0.0
2023-09-06 11:30:00-04:00,23.020000457763672,23.040000915527344,22.950000762939453,22.950000762939453,11533,0.0,0.0
2023-09-06 12:30:00-04:00,22.950000762939453,23.059999465942383,22.93000030517578,23.020000457763672,6566,0.0,0.0
2023-09-06 13:30:00-04:00,23.040000915527344,23.049999237060547,22.989999771118164,23.040000915527344,5621,0.0,0.0
2023-09-06 14:30:00-04:00,23.040000915527344,23.08049964904785,23.0,23.040000915527344,6765,0.0,0.0
2023-09-06 15:30:00-04:00,23.014999389648438,23.149999618530273,23.010000228881836,23.139999389648438,17542,0.0,0.0
2023-09-07 09:30:00-04:00,22.729999542236328,23.1200008392334,22.482500076293945,22.959999084472656,31884,0.0,0.0
2023-09-07 10:30:00-04:00,22.959999084472656,23.110000610351562,22.860000610351562,22.985000610351562,23635,0.0,0.0
2023-09-07 11:30:00-04:00,23.030000686645508,23.049999237060547,22.71500015258789,22.829700469970703,16951,0.0,0.0
2023-09-07 12:30:00-04:00,22.899999618530273,23.06999969482422,22.899999618530273,23.06999969482422,9100,0.0,0.0
2023-09-07 13:30:00-04:00,23.010000228881836,23.040000915527344,22.96500015258789,22.96500015258789,8661,0.0,0.0
2023-09-07 14:30:00-04:00,22.959999084472656,23.059999465942383,22.959999084472656,23.020000457763672,8539,0.0,0.0
2023-09-07 15:30:00-04:00,22.979999542236328,23.110000610351562,22.959999084472656,23.06999969482422,31040,0.0,0.0
2023-09-08 09:30:00-04:00,23.010000228881836,23.30500030517578,22.950000762939453,23.270000457763672,8351,0.0,0.0
2023-09-08 10:30:00-04:00,23.267799377441406,23.270000457763672,22.915000915527344,23.200000762939453,12689,0.0,0.0
2023-09-08 11:30:00-04:00,23.170000076293945,23.170000076293945,23.06999969482422,23.149999618530273,9790,0.0,0.0
2023-09-08 12:30:00-04:00,23.166000366210938,23.18000030517578,23.091100692749023,23.18000030517578,6443,0.0,0.0
2023-09-08 13:30:00-04:00,23.18000030517578,23.270000457763672,23.139999389648438,23.18000030517578,6732,0.0,0.0
2023-09-08 14:30:00-04:00,23.190000534057617,23.290000915527344,23.190000534057617,23.264999389648438,8025,0.0,0.0
2023-09-08 15:30:00-04:00,23.270000457763672,23.280000686645508,22.989999771118164,23.000099182128906,29552,0.0,0.0
2023-09-11 09:30:00-04:00,22.799999237060547,22.799999237060547,21.75,21.93000030517578,47534,0.0,0.0
2023-09-11 10:30:00-04:00,21.93000030517578,21.93000030517578,21.559999465942383,21.59000015258789,23969,0.0,0.0
2023-09-11 11:30:00-04:00,21.579999923706055,21.5939998626709,21.334999084472656,21.420000076293945,16941,0.0,0.0
2023-09-11 12:30:00-04:00,21.459999084472656,21.582300186157227,21.329999923706055,21.420000076293945,14592,0.0,0.0
2023-09-11 13:30:00-04:00,21.44499969482422,21.549999237060547,21.44499969482422,21.510000228881836,21402,0.0,0.0
2023-09-11 14:30:00-04:00,21.510000228881836,21.510000228881836,21.219999313354492,21.399999618530273,27185,0.0,0.0
2023-09-11 15:30:00-04:00,21.420000076293945,21.530000686645508,21.3700008392334,21.5,47975,0.0,0.0
2023-09-12 09:30:00-04:00,21.3700008392334,21.729999542236328,20.90999984741211,21.440000534057617,15371,0.0,0.0
2023-09-12 10:30:00-04:00,21.440000534057617,21.5,21.34000015258789,21.3700008392334,20824,0.0,0.0
2023-09-12 11:30:00-04:00,21.40999984741211,21.459999084472656,21.334999084472656,21.43000030517578,14146,0.0,0.0
2023-09-12 12:30:00-04:00,21.424999237060547,21.559999465942383,21.34000015258789,21.559999465942383,40904,0.0,0.0
2023-09-12 13:30:00-04:00,21.59000015258789,21.68000030517578,21.450000762939453,21.459999084472656,32640,0.0,0.0
2023-09-12 14:30:00-04:00,21.459999084472656,21.5,21.40999984741211,21.424999237060547,20324,0.0,0.0
2023-09-12 15:30:00-04:00,21.420000076293945,21.459999084472656,21.34000015258789,21.389999389648438,37682,0.0,0.0
2023-09-13 09:30:00-04:00,21.40999984741211,21.594999313354492,21.31999969482422,21.59000015258789,34767,0.0,0.0
2023-09-13 10:30:00-04:00,21.59000015258789,21.875,21.559999465942383,21.770000457763672,25048,0.0,0.0
2023-09-13 11:30:00-04:00,21.78499984741211,21.78499984741211,21.489999771118164,21.575000762939453,31001,0.0,0.0
2023-09-13 12:30:00-04:00,21.59000015258789,21.809999465942383,21.540000915527344,21.770000457763672,6417,0.0,0.0
2023-09-13 13:30:00-04:00,21.739999771118164,21.81999969482422,21.600000381469727,21.68000030517578,20426,0.0,0.0
2023-09-13 14:30:00-04:00,21.65999984741211,21.84000015258789,21.420000076293945,21.59000015258789,59572,0.0,0.0
2023-09-13 15:30:00-04:00,21.559999465942383,21.719999313354492,21.559999465942383,21.700000762939453,27663,0.0,0.0
2023-09-14 09:30:00-04:00,21.940000534057617,22.15999984741211,21.81999969482422,21.844999313354492,19695,0.0,0.0
2023-09-14 10:30:00-04:00,21.809999465942383,21.889999389648438,21.479999542236328,21.489999771118164,24345,0.0,0.0
2023-09-14 11:30:00-04:00,21.479999542236328,21.729999542236328,21.43000030517578,21.489999771118164,21322,0.0,0.0
2023-09-14 12:30:00-04:00,21.489999771118164,21.639999389648438,21.489999771118164,21.56999969482422,16980,0.0,0.0
2023-09-14 13:30:00-04:00,21.600000381469727,21.600000381469727,21.479999542236328,21.491300582885742,17173,0.0,0.0
2023-09-14 14:30:00-04:00,21.489999771118164,21.520000457763672,21.459999084472656,21.479999542236328,13627,0.0,0.0
2023-09-14 15:30:00-04:00,21.479999542236328,21.5,21.420000076293945,21.469999313354492,28775,0.0,0.0
2023-09-15 09:30:00-04:00,21.549999237060547,21.549999237060547,21.170000076293945,21.405000686645508,51223,0.0,0.0
2023-09-15 10:30:00-04:00,21.43000030517578,21.450000762939453,21.114999771118164,21.155000686645508,15874,0.0,0.0
2023-09-15 11:30:00-04:00,21.1200008392334,21.1200008392334,21.0,21.079999923706055,17797,0.0,0.0
2023-09-15 12:30:00-04:00,21.07069969177246,21.079999923706055,21.010000228881836,21.045000076293945,14994,0.0,0.0
2023-09-15 13:30:00-04:00,21.045000076293945,21.084999084472656,21.030000686645508,21.040000915527344,16539,0.0,0.0
2023-09-15 14:30:00-04:00,21.040000915527344,21.079999923706055,20.8700008392334,21.020000457763672,22443,0.0,0.0
2023-09-15 15:30:00-04:00,21.020000457763672,21.170000076293945,20.950000762939453,21.149999618530273,45883,0.0,0.0
2023-09-18 09:30:00-04:00,21.059999465942383,21.360000610351562,20.8700008392334,21.329999923706055,8895,0.0,0.0
2023-09-18 10:30:00-04:00,21.280000686645508,21.280000686645508,21.170000076293945,21.18000030517578,8961,0.0,0.0
2023-09-18 11:30:00-04:00,21.200000762939453,21.270000457763672,21.170000076293945,21.175199508666992,5057,0.0,0.0
2023-09-18 12:30:00-04:00,21.15999984741211,21.389999389648438,21.15999984741211,21.389999389648438,7105,0.0,0.0
2023-09-18 13:30:00-04:00,21.389999389648438,21.540000915527344,21.360000610351562,21.540000915527344,8163,0.0,0.0
2023-09-18 14:30:00-04:00,21.520000457763672,21.549999237060547,21.360000610351562,21.360000610351562,7107,0.0,0.0
2023-09-18 15:30:00-04:00,21.344999313354492,21.450000762939453,21.299999237060547,21.440000534057617,14651,0.0,0.0
2023-09-19 09:30:00-04:00,21.3700008392334,21.3700008392334,21.0,21.0,6026,0.0,0.0
2023-09-19 10:30:00-04:00,20.90999984741211,20.940000534057617,20.70009994506836,20.809999465942383,7603,0.0,0.0
2023-09-19 11:30:00-04:00,20.860000610351562,21.030000686645508,20.860000610351562,21.030000686645508,7222,0.0,0.0
2023-09-19 12:30:00-04:00,21.0,21.0,20.899999618530273,21.0,6942,0.0,0.0
2023-09-19 13:30:00-04:00,21.010000228881836,21.100000381469727,21.010000228881836,21.040000915527344,3865,0.0,0.0
2023-09-19 14:30:00-04:00,21.030000686645508,21.13800048828125,21.0,21.010000228881836,12203,0.0,0.0
2023-09-19 15:30:00-04:00,21.0,21.010000228881836,20.899999618530273,20.940000534057617,25223,0.0,0.0
2023-09-20 09:30:00-04:00,21.190000534057617,21.389999389648438,20.899999618530273,20.899999618530273,19349,0.0,0.0
2023-09-20 10:30:00-04:00,20.8799991607666,21.010000228881836,20.8799991607666,20.969999313354492,13841,0.0,0.0
2023-09-20 11:30:00-04:00,20.989999771118164,21.059999465942383,20.969999313354492,21.010000228881836,11945,0.0,0.0
2023-09-20 12:30:00-04:00,20.989999771118164,21.010000228881836,20.719999313354492,20.780000686645508,11459,0.0,0.0
2023-09-20 13:30:00-04:00,20.795000076293945,20.799999237060547,20.68000030517578,20.780000686645508,8174,0.0,0.0
2023-09-20 14:30:00-04:00,20.790000915527344,20.829999923706055,20.600000381469727,20.68000030517578,12407,0.0,0.0
2023-09-20 15:30:00-04:00,20.665000915527344,20.68000030517578,20.510000228881836,20.510000228881836,23764,0.0,0.0
2023-09-21 09:30:00-04:00,20.1299991607666,20.329999923706055,19.889999389648438,20.204999923706055,6528,0.0,0.0
2023-09-21 10:30:00-04:00,20.209999084472656,20.359899520874023,20.209999084472656,20.25,10799,0.0,0.0
2023-09-21 11:30:00-04:00,20.264999389648438,20.264999389648438,20.06999969482422,20.104999542236328,13196,0.0,0.0
2023-09-21 12:30:00-04:00,20.09000015258789,20.149999618530273,20.09000015258789,20.1299991607666,5299,0.0,0.0
2023-09-21 13:30:00-04:00,20.149999618530273,20.149999618530273,20.0,20.0,9348,0.0,0.0
2023-09-21 14:30:00-04:00,20.0,20.0,19.860000610351562,19.8700008392334,10684,0.0,0.0
2023-09-21 15:30:00-04:00,19.889999389648438,19.889999389648438,19.719999313354492,19.719999313354492,27235,0.0,0.0
2023-09-22 09:30:00-04:00,19.790000915527344,20.102699279785156,19.73069953918457,19.84000015258789,8006,0.0,0.0
2023-09-22 10:30:00-04:00,19.920000076293945,19.969999313354492,19.899999618530273,19.919599533081055,5296,0.0,0.0
2023-09-22 11:30:00-04:00,19.950000762939453,19.971099853515625,19.889999389648438,19.950000762939453,5846,0.0,0.0
2023-09-22 12:30:00-04:00,19.979999542236328,19.979999542236328,19.829999923706055,19.829999923706055,4920,0.0,0.0
2023-09-22 13:30:00-04:00,19.809999465942383,19.829999923706055,19.670000076293945,19.670000076293945,11211,0.0,0.0
2023-09-22 14:30:00-04:00,19.674999237060547,19.93000030517578,19.639999389648438,19.84000015258789,15157,0.0,0.0
2023-09-22 15:30:00-04:00,19.825000762939453,19.84000015258789,19.729999542236328,19.770000457763672,19365,0.0,0.0
2023-09-25 09:30:00-04:00,19.610000610351562,19.8700008392334,19.600000381469727,19.739999771118164,6406,0.0,0.0
2023-09-25 10:30:00-04:00,19.739999771118164,19.924999237060547,19.739999771118164,19.924999237060547,5791,0.0,0.0
2023-09-25 11:30:00-04:00,19.889999389648438,19.950000762939453,19.795000076293945,19.84000015258789,9251,0.0,0.0
2023-09-25 12:30:00-04:00,19.84000015258789,19.84000015258789,19.760000228881836,19.764999389648438,8419,0.0,0.0
2023-09-25 13:30:00-04:00,19.729999542236328,19.782899856567383,19.68000030517578,19.68000030517578,9191,0.0,0.0
2023-09-25 14:30:00-04:00,19.707500457763672,19.707500457763672,19.5,19.514999389648438,15930,0.0,0.0
2023-09-25 15:30:00-04:00,19.5,19.649999618530273,19.489999771118164,19.610000610351562,28169,0.0,0.0
2023-09-26 09:30:00-04:00,19.399999618530273,19.524999618530273,19.309999465942383,19.309999465942383,7437,0.0,0.0
2023-09-26 10:30:00-04:00,19.420000076293945,19.420000076293945,19.139999389648438,19.290000915527344,12447,0.0,0.0
2023-09-26 11:30:00-04:00,19.31999969482422,19.360000610351562,19.260000228881836,19.31999969482422,6509,0.0,0.0
2023-09-26 12:30:00-04:00,19.270099639892578,19.31999969482422,19.219999313354492,19.219999313354492,5417,0.0,0.0
2023-09-26 13:30:00-04:00,19.170000076293945,19.219999313354492,19.06999969482422,19.06999969482422,6324,0.0,0.0
2023-09-26 14:30:00-04:00,19.06999969482422,19.1299991607666,19.020000457763672,19.020000457763672,15872,0.0,0.0
2023-09-26 15:30:00-04:00,19.020000457763672,19.020000457763672,18.90999984741211,18.940000534057617,30344,0.0,0.0
2023-09-27 09:30:00-04:00,19.010000228881836,19.114999771118164,18.90999984741211,18.934999465942383,6299,0.0,0.0
2023-09-27 10:30:00-04:00,18.90999984741211,19.139999389648438,18.850000381469727,19.1299991607666,27345,0.0,0.0
2023-09-27 11:30:00-04:00,19.139999389648438,19.15999984741211,18.969999313354492,18.969999313354492,21897,0.0,0.0
2023-09-27 12:30:00-04:00,19.0,19.139999389648438,19.0,19.114999771118164,11003,0.0,0.0
2023-09-27 13:30:00-04:00,19.145000457763672,19.15999984741211,19.07550048828125,19.15999984741211,7990,0.0,0.0
2023-09-27 14:30:00-04:00,19.190000534057617,19.239999771118164,19.15999984741211,19.200000762939453,11392,0.0,0.0
2023-09-27 15:30:00-04:00,19.219999313354492,19.229999542236328,19.100000381469727,19.1299991607666,17334,0.0,0.0
2023-09-28 09:30:00-04:00,19.020000457763672,19.465999603271484,18.8302001953125,19.139999389648438,12113,0.0,0.0
2023-09-28 10:30:00-04:00,19.110000610351562,19.649999618530273,19.09000015258789,19.649999618530273,9283,0.0,0.0
2023-09-28 11:30:00-04:00,19.639999389648438,20.049999237060547,19.639999389648438,19.8799991607666,21531,0.0,0.0
2023-09-28 12:30:00-04:00,19.889999389648438,19.899999618530273,19.610000610351562,19.610000610351562,7618,0.0,0.0
2023-09-28 13:30:00-04:00,19.579999923706055,19.610000610351562,19.459999084472656,19.520000457763672,10361,0.0,0.0
2023-09-28 14:30:00-04:00,19.530000686645508,19.629899978637695,19.450000762939453,19.559999465942383,16564,0.0,0.0
2023-09-28 15:30:00-04:00,19.559999465942383,19.59000015258789,19.399999618530273,19.459999084472656,32844,0.0,0.0
2023-09-29 09:30:00-04:00,19.709999084472656,20.09000015258789,19.479999542236328,19.530000686645508,14291,0.0,0.0
2023-09-29 10:30:00-04:00,19.572799682617188,19.6299991607666,19.489999771118164,19.6200008392334,19971,0.0,0.0
2023-09-29 11:30:00-04:00,19.6200008392334,19.649999618530273,19.420000076293945,19.510000228881836,11756,0.0,0.0
2023-09-29 12:30:00-04:00,19.510000228881836,19.540000915527344,19.40999984741211,19.440000534057617,4424,0.0,0.0
2023-09-29 13:30:00-04:00,19.469999313354492,19.510000228881836,19.440000534057617,19.450000762939453,4945,0.0,0.0
2023-09-29 14:30:00-04:00,19.459999084472656,19.559999465942383,19.43000030517578,19.5049991607666,13016,0.0,0.0
2023-09-29 15:30:00-04:00,19.5049991607666,19.520000457763672,19.3700008392334,19.3799991607666,28762,0.0,0.0
2023-10-02 09:30:00-04:00,19.3799991607666,19.56999969482422,19.3700008392334,19.530000686645508,7535,0.0,0.0
2023-10-02 10:30:00-04:00,19.530000686645508,19.59000015258789,19.404300689697266,19.59000015258789,6671,0.0,0.0
2023-10-02 11:30:00-04:00,19.56999969482422,19.606199264526367,19.450000762939453,19.579999923706055,8947,0.0,0.0
2023-10-02 12:30:00-04:00,19.559999465942383,19.559999465942383,19.43000030517578,19.5,4833,0.0,0.0
2023-10-02 13:30:00-04:00,19.489999771118164,19.530000686645508,19.43000030517578,19.43000030517578,8297,0.0,0.0
2023-10-02 14:30:00-04:00,19.420000076293945,19.440000534057617,19.351200103759766,19.40999984741211,11893,0.0,0.0
2023-10-02 15:30:00-04:00,19.399999618530273,19.510000228881836,19.399999618530273,19.5,21455,0.0,0.0
2023-10-03 09:30:00-04:00,19.40999984741211,19.450000762939453,19.1200008392334,19.190000534057617,21578,0.0,0.0
2023-10-03 10:30:00-04:00,19.209999084472656,19.260000228881836,19.020000457763672,19.200000762939453,21106,0.0,0.0
2023-10-03 11:30:00-04:00,19.170000076293945,19.219999313354492,18.979999542236328,19.059999465942383,19327,0.0,0.0
2023-10-03 12:30:00-04:00,19.05500030517578,19.1200008392334,18.770000457763672,18.770000457763672,16629,0.0,0.0
2023-10-03 13:30:00-04:00,18.780000686645508,18.899999618530273,18.690000534057617,18.75,23149,0.0,0.0
2023-10-03 14:30:00-04:00,18.760000228881836,18.94499969482422,18.760000228881836,18.94499969482422,13936,0.0,0.0
2023-10-03 15:30:00-04:00,18.950000762939453,18.979999542236328,18.90999984741211,18.93000030517578,21541,0.0,0.0
2023-10-04 09:30:00-04:00,18.950000762939453,19.200000762939453,18.84000015258789,18.84000015258789,6002,0.0,0.0
2023-10-04 10:30:00-04:00,18.850000381469727,18.889999389648438,18.770000457763672,18.81999969482422,13098,0.0,0.0
2023-10-04 11:30:00-04:00,18.790000915527344,18.979999542236328,18.790000915527344,18.854999542236328,10152,0.0,0.0
2023-10-04 12:30:00-04:00,18.81999969482422,18.825000762939453,18.649999618530273,18.649999618530273,6734,0.0,0.0
2023-10-04 13:30:00-04:00,18.649999618530273,18.65999984741211,18.450000762939453,18.649999618530273,14005,0.0,0.0
2023-10-04 14:30:00-04:00,18.6200008392334,18.729999542236328,18.559999465942383,18.690000534057617,12742,0.0,0.0
2023-10-04 15:30:00-04:00,18.690000534057617,18.760000228881836,18.6200008392334,18.6200008392334,21136,0.0,0.0
2023-10-05 09:30:00-04:00,18.700000762939453,18.8799991607666,18.579999923706055,18.790000915527344,10036,0.0,0.0
2023-10-05 10:30:00-04:00,18.790000915527344,18.81999969482422,18.479999542236328,18.479999542236328,9228,0.0,0.0
2023-10-05 11:30:00-04:00,18.450000762939453,18.489999771118164,18.440000534057617,18.489999771118164,8209,0.0,0.0
2023-10-05 12:30:00-04:00,18.489999771118164,18.5,18.43000030517578,18.5,5363,0.0,0.0
2023-10-05 13:30:00-04:00,18.510000228881836,18.700000762939453,18.510000228881836,18.65999984741211,6613,0.0,0.0
2023-10-05 14:30:00-04:00,18.670000076293945,18.770000457763672,18.670000076293945,18.760000228881836,13638,0.0,0.0
2023-10-05 15:30:00-04:00,18.739999771118164,18.739999771118164,18.639999389648438,18.68000030517578,34420,0.0,0.0
2023-10-06 09:30:00-04:00,18.540000915527344,18.56999969482422,18.40999984741211,18.549999237060547,5734,0.0,0.0
2023-10-06 10:30:00-04:00,18.579999923706055,18.809999465942383,18.579999923706055,18.809999465942383,4929,0.0,0.0
2023-10-06 11:30:00-04:00,18.8799991607666,18.979999542236328,18.820100784301758,18.84000015258789,7398,0.0,0.0
2023-10-06 12:30:00-04:00,18.81999969482422,18.860000610351562,18.760000228881836,18.790000915527344,6059,0.0,0.0
2023-10-06 13:30:00-04:00,18.75,18.75,18.530000686645508,18.549999237060547,24558,0.0,0.0
2023-10-06 14:30:00-04:00,18.540000915527344,18.700000762939453,18.520000457763672,18.639999389648438,28696,0.0,0.0
2023-10-06 15:30:00-04:00,18.610000610351562,18.670000076293945,18.520000457763672,18.559999465942383,44222,0.0,0.0
2023-10-09 09:30:00-04:00,18.299999237060547,18.3799991607666,18.059999465942383,18.149999618530273,10483,0.0,0.0
2023-10-09 10:30:00-04:00,18.149999618530273,18.350000381469727,18.149999618530273,18.280000686645508,35107,0.0,0.0
2023-10-09 11:30:00-04:00,18.270000457763672,18.31999969482422,18.25,18.31999969482422,13994,0.0,0.0
2023-10-09 12:30:00-04:00,18.364999771118164,18.3700008392334,18.260000228881836,18.277799606323242,11723,0.0,0.0
2023-10-09 13:30:00-04:00,18.31999969482422,18.509000778198242,18.299999237060547,18.43000030517578,13618,0.0,0.0
2023-10-09 14:30:00-04:00,18.43000030517578,18.450000762939453,18.3799991607666,18.424999237060547,13640,0.0,0.0
2023-10-09 15:30:00-04:00,18.424999237060547,18.424999237060547,18.290000915527344,18.360000610351562,33984,0.0,0.0
2023-10-10 09:30:00-04:00,18.3700008392334,18.8799991607666,18.079999923706055,18.8700008392334,7429,0.0,0.0
2023-10-10 10:30:00-04:00,18.889999389648438,19.1200008392334,18.8799991607666,19.118999481201172,5099,0.0,0.0
2023-10-10 11:30:00-04:00,19.100000381469727,19.139999389648438,18.934999465942383,18.934999465942383,13486,0.0,0.0
2023-10-10 12:30:00-04:00,18.937700271606445,19.045000076293945,18.850000381469727,18.969999313354492,20605,0.0,0.0
2023-10-10 13:30:00-04:00,18.969999313354492,19.0,18.93000030517578,19.0,12265,0.0,0.0
2023-10-10 14:30:00-04:00,18.959999084472656,18.989999771118164,18.93000030517578,18.93000030517578,15235,0.0,0.0
2023-10-10 15:30:00-04:00,18.920000076293945,18.950000762939453,18.860000610351562,18.950000762939453,29360,0.0,0.0
2023-10-11 09:30:00-04:00,19.110000610351562,19.364999771118164,18.940200805664062,18.940200805664062,8447,0.0,0.0
2023-10-11 10:30:00-04:00,18.969999313354492,19.049999237060547,18.934999465942383,18.979999542236328,5442,0.0,0.0
2023-10-11 11:30:00-04:00,19.020000457763672,19.020000457763672,18.780000686645508,18.790000915527344,5153,0.0,0.0
2023-10-11 12:30:00-04:00,18.799999237060547,18.799999237060547,18.75,18.770000457763672,4298,0.0,0.0
2023-10-11 13:30:00-04:00,18.770000457763672,18.850000381469727,18.75,18.790000915527344,4521,0.0,0.0
2023-10-11 14:30:00-04:00,18.84000015258789,18.93000030517578,18.809999465942383,18.93000030517578,8279,0.0,0.0
2023-10-11 15:30:00-04:00,18.917999267578125,18.989999771118164,18.850000381469727,18.979999542236328,20974,0.0,0.0
2023-10-12 09:30:00-04:00,18.899999618530273,18.959999084472656,18.649999618530273,18.8700008392334,10065,0.0,0.0
2023-10-12 10:30:00-04:00,18.8700008392334,18.969999313354492,18.864999771118164,18.93000030517578,4847,0.0,0.0
2023-10-12 11:30:00-04:00,18.93400001525879,18.954999923706055,18.870100021362305,18.920000076293945,4573,0.0,0.0
2023-10-12 12:30:00-04:00,18.940000534057617,19.149999618530273,18.860000610351562,19.1299991607666,16622,0.0,0.0
2023-10-12 13:30:00-04:00,19.18000030517578,19.219999313354492,18.969999313354492,19.010000228881836,23316,0.0,0.0
2023-10-12 14:30:00-04:00,19.0,19.030000686645508,18.969999313354492,18.989999771118164,16435,0.0,0.0
2023-10-12 15:30:00-04:00,19.0,19.040000915527344,18.979999542236328,19.0,49257,0.0,0.0
2023-10-13 09:30:00-04:00,18.969999313354492,19.145000457763672,18.93000030517578,19.145000457763672,14441,0.0,0.0
2023-10-13 10:30:00-04:00,19.145000457763672,19.145000457763672,19.0,19.0,11106,0.0,0.0
2023-10-13 11:30:00-04:00,18.94499969482422,18.950000762939453,18.780000686645508,18.780000686645508,10122,0.0,0.0
2023-10-13 12:30:00-04:00,18.780000686645508,18.780000686645508,18.610000610351562,18.610000610351562,5175,0.0,0.0
2023-10-13 13:30:00-04:00,18.59000015258789,18.639999389648438,18.56999969482422,18.576900482177734,4824,0.0,0.0
2023-10-13 14:30:00-04:00,18.610000610351562,18.739999771118164,18.610000610351562,18.739999771118164,11522,0.0,0.0
2023-10-13 15:30:00-04:00,18.709999084472656,18.826000213623047,18.700000762939453,18.809999465942383,22212,0.0,0.0
2023-10-16 09:30:00-04:00,18.81999969482422,19.15999984741211,18.81999969482422,19.100000381469727,16845,0.0,0.0
2023-10-16 10:30:00-04:00,19.1299991607666,19.309999465942383,19.100000381469727,19.309999465942383,9305,0.0,0.0
2023-10-16 11:30:00-04:00,19.280000686645508,19.350000381469727,19.260000228881836,19.350000381469727,7750,0.0,0.0
2023-10-16 12:30:00-04:00,19.33009910583496,19.3887996673584,19.06999969482422,19.110000610351562,17671,0.0,0.0
2023-10-16 13:30:00-04:00,19.1299991607666,19.149999618530273,18.979999542236328,19.06999969482422,30483,0.0,0.0
2023-10-16 14:30:00-04:00,19.049999237060547,19.110000610351562,18.959999084472656,19.049999237060547,26821,0.0,0.0
2023-10-16 15:30:00-04:00,19.040000915527344,19.200000762939453,18.989999771118164,19.1200008392334,44793,0.0,0.0
2023-10-17 09:30:00-04:00,18.920000076293945,19.190000534057617,18.780000686645508,19.0,10110,0.0,0.0
2023-10-17 10:30:00-04:00,19.0049991607666,19.020000457763672,18.899999618530273,19.0,11418,0.0,0.0
2023-10-17 11:30:00-04:00,19.0,19.2549991607666,18.97909927368164,19.2549991607666,34090,0.0,0.0
2023-10-17 12:30:00-04:00,19.2549991607666,19.360000610351562,19.165000915527344,19.334999084472656,7462,0.0,0.0
2023-10-17 13:30:00-04:00,19.290000915527344,19.3700008392334,19.25,19.31999969482422,7928,0.0,0.0
2023-10-17 14:30:00-04:00,19.309999465942383,19.360000610351562,19.25,19.272199630737305,13685,0.0,0.0
2023-10-17 15:30:00-04:00,19.290000915527344,19.329999923706055,19.25,19.274999618530273,29234,0.0,0.0
2023-10-18 09:30:00-04:00,19.010000228881836,19.190000534057617,18.469999313354492,18.770000457763672,25189,0.0,0.0
2023-10-18 10:30:00-04:00,18.729999542236328,18.940000534057617,18.729999542236328,18.940000534057617,5332,0.0,0.0
2023-10-18 11:30:00-04:00,18.959999084472656,18.979999542236328,18.81999969482422,18.954999923706055,7829,0.0,0.0
2023-10-18 12:30:00-04:00,18.954999923706055,18.989999771118164,18.8700008392334,18.950000762939453,7961,0.0,0.0
2023-10-18 13:30:00-04:00,18.920000076293945,18.989999771118164,18.829999923706055,18.90999984741211,7762,0.0,0.0
2023-10-18 14:30:00-04:00,18.959999084472656,18.959999084472656,18.670000076293945,18.850000381469727,28830,0.0,0.0
2023-10-18 15:30:00-04:00,18.860000610351562,18.920000076293945,18.81999969482422,18.889999389648438,30488,0.0,0.0
2023-10-19 09:30:00-04:00,19.170000076293945,19.273700714111328,18.81999969482422,18.989999771118164,17885,0.0,0.0
2023-10-19 10:30:00-04:00,19.010000228881836,19.100000381469727,19.010000228881836,19.049999237060547,6385,0.0,0.0
2023-10-19 11:30:00-04:00,19.059999465942383,19.25,19.059999465942383,19.200000762939453,9429,0.0,0.0
2023-10-19 12:30:00-04:00,19.149999618530273,19.299999237060547,19.008399963378906,19.209999084472656,6133,0.0,0.0
2023-10-19 13:30:00-04:00,19.229999542236328,19.229999542236328,18.950000762939453,18.989999771118164,6605,0.0,0.0
2023-10-19 14:30:00-04:00,18.93000030517578,18.959999084472656,18.844999313354492,18.889999389648438,9252,0.0,0.0
2023-10-19 15:30:00-04:00,18.850000381469727,18.8799991607666,18.780000686645508,18.850000381469727,17113,0.0,0.0
2023-10-20 09:30:00-04:00,18.920000076293945,18.920000076293945,18.469999313354492,18.489999771118164,21805,0.0,0.0
2023-10-20 10:30:00-04:00,18.469999313354492,18.469999313354492,18.290000915527344,18.309999465942383,14656,0.0,0.0
2023-10-20 11:30:00-04:00,18.350000381469727,18.389999389648438,18.260000228881836,18.260000228881836,5988,0.0,0.0
2023-10-20 12:30:00-04:00,18.20199966430664,18.420000076293945,18.20199966430664,18.329999923706055,10967,0.0,0.0
2023-10-20 13:30:00-04:00,18.33060073852539,18.399999618530273,18.25629997253418,18.260000228881836,7510,0.0,0.0
2023-10-20 14:30:00-04:00,18.270000457763672,18.290000915527344,18.191099166870117,18.191099166870117,10624,0.0,0.0
2023-10-20 15:30:00-04:00,18.200000762939453,18.260000228881836,18.170000076293945,18.18000030517578,23616,0.0,0.0
2023-10-23 09:30:00-04:00,18.170000076293945,18.174999237060547,17.950000762939453,18.020000457763672,34209,0.0,0.0
2023-10-23 10:30:00-04:00,17.989999771118164,18.049999237060547,17.950000762939453,18.049999237060547,7124,0.0,0.0
2023-10-23 11:30:00-04:00,18.100000381469727,18.100000381469727,17.969999313354492,18.059999465942383,4811,0.0,0.0
2023-10-23 12:30:00-04:00,18.09000015258789,18.125,17.850000381469727,17.899999618530273,12226,0.0,0.0
2023-10-23 13:30:00-04:00,17.860000610351562,17.969999313354492,17.719999313354492,17.770000457763672,19709,0.0,0.0
2023-10-23 14:30:00-04:00,17.729999542236328,17.81999969482422,17.68000030517578,17.700000762939453,13375,0.0,0.0
2023-10-23 15:30:00-04:00,17.700000762939453,17.700000762939453,17.540000915527344,17.59000015258789,22905,0.0,0.0
2023-10-24 09:30:00-04:00,17.59000015258789,17.719999313354492,17.479999542236328,17.559999465942383,10119,0.0,0.0
2023-10-24 10:30:00-04:00,17.565000534057617,17.600000381469727,17.219999313354492,17.219999313354492,19385,0.0,0.0
2023-10-24 11:30:00-04:00,17.200000762939453,17.34000015258789,17.190000534057617,17.325000762939453,11955,0.0,0.0
2023-10-24 12:30:00-04:00,17.31999969482422,17.43000030517578,17.290000915527344,17.43000030517578,9324,0.0,0.0
2023-10-24 13:30:00-04:00,17.434999465942383,17.450000762939453,17.389999389648438,17.43000030517578,6174,0.0,0.0
2023-10-24 14:30:00-04:00,17.440000534057617,17.479999542236328,17.3700008392334,17.399999618530273,17369,0.0,0.0
2023-10-24 15:30:00-04:00,17.389999389648438,17.559999465942383,17.239999771118164,17.540000915527344,48184,0.0,0.0
2023-10-25 09:30:00-04:00,17.270000457763672,17.530000686645508,16.889999389648438,17.125,13823,0.0,0.0
2023-10-25 10:30:00-04:00,17.05500030517578,17.280000686645508,17.05500030517578,17.260000228881836,16592,0.0,0.0
2023-10-25 11:30:00-04:00,17.260000228881836,17.290000915527344,17.040000915527344,17.1200008392334,11270,0.0,0.0
2023-10-25 12:30:00-04:00,17.059999465942383,17.059999465942383,16.8799991607666,17.0,17466,0.0,0.0
2023-10-25 13:30:00-04:00,17.020000457763672,17.040000915527344,16.950000762939453,17.040000915527344,20871,0.0,0.0
2023-10-25 14:30:00-04:00,17.049999237060547,17.049999237060547,16.857200622558594,16.969999313354492,16134,0.0,0.0
2023-10-25 15:30:00-04:00,16.989999771118164,17.15999984741211,16.969999313354492,17.110000610351562,38657,0.0,0.0
2023-10-26 09:30:00-04:00,17.219999313354492,17.479999542236328,17.125,17.34000015258789,17318,0.0,0.0
2023-10-26 10:30:00-04:00,17.43000030517578,17.549999237060547,17.239999771118164,17.239999771118164,11651,0.0,0.0
2023-10-26 11:30:00-04:00,17.229999542236328,17.270000457763672,17.01099967956543,17.079999923706055,8100,0.0,0.0
2023-10-26 12:30:00-04:00,17.1299991607666,17.1299991607666,16.989999771118164,17.0,11957,0.0,0.0
2023-10-26 13:30:00-04:00,17.049999237060547,17.219999313354492,17.049999237060547,17.190000534057617,5887,0.0,0.0
2023-10-26 14:30:00-04:00,17.190000534057617,17.260000228881836,17.149999618530273,17.229999542236328,9838,0.0,0.0
2023-10-26 15:30:00-04:00,17.239999771118164,17.239999771118164,17.06999969482422,17.1200008392334,28937,0.0,0.0
2023-10-27 09:30:00-04:00,17.209999084472656,17.209999084472656,16.969999313354492,17.020000457763672,8007,0.0,0.0
2023-10-27 10:30:00-04:00,17.05500030517578,17.170000076293945,16.989999771118164,17.170000076293945,7735,0.0,0.0
2023-10-27 11:30:00-04:00,17.084999084472656,17.15999984741211,17.083200454711914,17.110000610351562,8321,0.0,0.0
2023-10-27 12:30:00-04:00,17.100000381469727,17.149999618530273,17.040000915527344,17.040000915527344,6999,0.0,0.0
2023-10-27 13:30:00-04:00,17.049999237060547,17.06999969482422,16.982500076293945,17.020000457763672,7461,0.0,0.0
2023-10-27 14:30:00-04:00,17.049999237060547,17.059999465942383,16.969999313354492,16.969999313354492,12504,0.0,0.0
2023-10-27 15:30:00-04:00,16.979999542236328,17.059999465942383,16.950000762939453,17.040000915527344,23372,0.0,0.0
2023-10-30 09:30:00-04:00,17.079999923706055,17.149999618530273,16.59000015258789,16.600000381469727,60936,0.0,0.0
2023-10-30 10:30:00-04:00,16.65999984741211,16.770000457763672,16.600000381469727,16.610000610351562,20534,0.0,0.0
2023-10-30 11:30:00-04:00,16.649999618530273,16.670000076293945,16.549999237060547,16.549999237060547,7650,0.0,0.0
2023-10-30 12:30:00-04:00,16.525999069213867,16.639999389648438,16.40220069885254,16.639999389648438,14637,0.0,0.0
2023-10-30 13:30:00-04:00,16.649999618530273,16.649999618530273,16.549999237060547,16.59000015258789,10547,0.0,0.0
2023-10-30 14:30:00-04:00,16.6299991607666,16.760000228881836,16.6299991607666,16.729999542236328,12268,0.0,0.0
2023-10-30 15:30:00-04:00,16.729999542236328,16.729999542236328,16.579999923706055,16.649999618530273,29003,0.0,0.0
2023-10-31 09:30:00-04:00,16.739999771118164,16.815000534057617,16.3799991607666,16.68000030517578,4054,0.0,0.0
2023-10-31 10:30:00-04:00,16.770000457763672,17.020000457763672,16.709999084472656,16.979999542236328,10359,0.0,0.0
2023-10-31 11:30:00-04:00,17.0,17.07309913635254,16.950000762939453,17.03660011291504,7017,0.0,0.0
2023-10-31 12:30:00-04:00,17.078899383544922,17.139999389648438,17.020000457763672,17.065000534057617,9898,0.0,0.0
2023-10-31 13:30:00-04:00,17.09000015258789,17.145000457763672,17.05500030517578,17.09000015258789,11300,0.0,0.0
2023-10-31 14:30:00-04:00,17.06999969482422,17.110000610351562,17.0,17.06999969482422,10538,0.0,0.0
2023-10-31 15:30:00-04:00,17.06999969482422,17.209999084472656,17.06999969482422,17.190000534057617,37544,0.0,0.0
2023-11-01 09:30:00-04:00,17.100000381469727,17.1200008392334,16.969999313354492,17.06999969482422,13288,0.0,0.0
2023-11-01 10:30:00-04:00,17.110000610351562,17.170000076293945,17.01759910583496,17.049999237060547,9149,0.0,0.0
2023-11-01 11:30:00-04:00,17.059999465942383,17.229999542236328,17.059999465942383,17.149999618530273,10045,0.0,0.0
2023-11-01 12:30:00-04:00,17.1200008392334,17.149999618530273,17.0,17.02400016784668,7105,0.0,0.0
2023-11-01 13:30:00-04:00,17.010000228881836,17.094999313354492,17.010000228881836,17.024999618530273,8607,0.0,0.0
2023-11-01 14:30:00-04:00,17.040000915527344,17.100000381469727,16.905000686645508,17.05500030517578,24284,0.0,0.0
2023-11-01 15:30:00-04:00,17.049999237060547,17.15999984741211,17.040000915527344,17.139999389648438,37081,0.0,0.0
2023-11-02 09:30:00-04:00,17.739999771118164,17.940000534057617,17.469999313354492,17.610000610351562,18348,0.0,0.0
2023-11-02 10:30:00-04:00,17.61400032043457,17.969999313354492,17.61400032043457,17.940000534057617,11161,0.0,0.0
2023-11-02 11:30:00-04:00,17.940000534057617,18.110000610351562,17.940000534057617,18.0575008392334,15039,0.0,0.0
2023-11-02 12:30:00-04:00,18.1200008392334,18.469999313354492,18.1200008392334,18.40999984741211,15962,0.0,0.0
2023-11-02 13:30:00-04:00,18.43000030517578,18.43000030517578,18.06999969482422,18.06999969482422,22607,0.0,0.0
2023-11-02 14:30:00-04:00,18.049999237060547,18.219999313354492,17.979999542236328,18.18000030517578,27776,0.0,0.0
2023-11-02 15:30:00-04:00,18.15999984741211,18.25,18.1200008392334,18.25,38142,0.0,0.0
2023-11-03 09:30:00-04:00,18.8700008392334,19.510000228881836,18.8700008392334,19.110000610351562,35221,0.0,0.0
2023-11-03 10:30:00-04:00,19.089000701904297,19.25,18.959999084472656,19.229999542236328,13661,0.0,0.0
2023-11-03 11:30:00-04:00,19.229999542236328,19.719999313354492,19.19499969482422,19.639999389648438,27420,0.0,0.0
2023-11-03 12:30:00-04:00,19.510000228881836,19.579999923706055,19.399999618530273,19.399999618530273,10697,0.0,0.0
2023-11-03 13:30:00-04:00,19.399999618530273,19.469999313354492,19.290000915527344,19.43000030517578,15617,0.0,0.0
2023-11-03 14:30:00-04:00,19.43000030517578,19.6299991607666,19.43000030517578,19.500999450683594,14723,0.0,0.0
2023-11-03 15:30:00-04:00,19.479999542236328,19.514999389648438,19.3799991607666,19.469999313354492,43036,0.0,0.0
2023-11-06 09:30:00-05:00,19.450000762939453,19.485000610351562,19.149999618530273,19.450000762939453,11084,0.0,0.0
2023-11-06 10:30:00-05:00,19.450000762939453,19.6200008392334,19.18000030517578,19.43000030517578,28383,0.0,0.0
2023-11-06 11:30:00-05:00,19.489999771118164,19.55500030517578,19.440000534057617,19.479999542236328,10215,0.0,0.0
2023-11-06 12:30:00-05:00,19.510000228881836,19.559999465942383,19.3799991607666,19.448999404907227,9149,0.0,0.0
2023-11-06 13:30:00-05:00,19.4375,19.5,19.4375,19.469999313354492,10670,0.0,0.0
2023-11-06 14:30:00-05:00,19.475000381469727,19.600000381469727,19.475000381469727,19.56999969482422,14765,0.0,0.0
2023-11-06 15:30:00-05:00,19.579999923706055,19.610000610351562,19.510000228881836,19.610000610351562,33897,0.0,0.0
2023-11-07 09:30:00-05:00,19.56999969482422,20.18000030517578,19.56999969482422,20.15999984741211,41784,0.0,0.0
2023-11-07 10:30:00-05:00,20.21500015258789,20.559999465942383,20.200000762939453,20.540000915527344,25734,0.0,0.0
2023-11-07 11:30:00-05:00,20.540000915527344,20.6200008392334,20.329999923706055,20.350000381469727,20981,0.0,0.0
2023-11-07 12:30:00-05:00,20.329999923706055,20.510000228881836,20.309999465942383,20.489999771118164,17839,0.0,0.0
2023-11-07 13:30:00-05:00,20.44499969482422,20.559999465942383,20.440000534057617,20.479999542236328,17253,0.0,0.0
2023-11-07 14:30:00-05:00,20.479999542236328,20.479999542236328,20.309999465942383,20.329999923706055,24479,0.0,0.0
2023-11-07 15:30:00-05:00,20.344999313354492,20.469999313354492,20.290000915527344,20.40999984741211,53884,0.0,0.0
2023-11-08 09:30:00-05:00,18.780000686645508,20.729999542236328,17.90999984741211,19.90999984741211,71397,0.0,0.0
2023-11-08 10:30:00-05:00,19.68000030517578,19.68000030517578,19.315000534057617,19.350000381469727,22888,0.0,0.0
2023-11-08 11:30:00-05:00,19.420000076293945,19.594999313354492,19.1299991607666,19.1299991607666,17160,0.0,0.0
2023-11-08 12:30:00-05:00,19.139999389648438,19.139999389648438,18.90999984741211,19.079999923706055,14726,0.0,0.0
2023-11-08 13:30:00-05:00,19.059999465942383,19.1299991607666,18.9950008392334,19.125,16686,0.0,0.0
2023-11-08 14:30:00-05:00,19.1299991607666,19.520000457763672,19.079999923706055,19.479999542236328,26576,0.0,0.0
2023-11-08 15:30:00-05:00,19.440000534057617,19.709999084472656,19.41200065612793,19.670000076293945,45471,0.0,0.0
2023-11-09 09:30:00-05:00,20.030000686645508,20.3799991607666,19.719999313354492,20.110000610351562,24295,0.0,0.0
2023-11-09 10:30:00-05:00,19.969999313354492,19.979999542236328,19.68000030517578,19.760000228881836,13559,0.0,0.0
2023-11-09 11:30:00-05:00,19.760000228881836,19.834999084472656,19.6299991607666,19.729999542236328,14487,0.0,0.0
2023-11-09 12:30:00-05:00,19.65999984741211,19.670000076293945,19.299999237060547,19.399999618530273,11945,0.0,0.0
2023-11-09 13:30:00-05:00,19.3799991607666,19.399999618530273,19.014999389648438,19.1299991607666,21339,0.0,0.0
2023-11-09 14:30:00-05:00,19.094499588012695,19.100000381469727,18.899999618530273,18.979999542236328,23344,0.0,0.0
2023-11-09 15:30:00-05:00,18.96500015258789,18.96500015258789,18.729999542236328,18.729999542236328,35029,0.0,0.0
2023-11-10 09:30:00-05:00,19.200000762939453,19.56999969482422,19.079999923706055,19.260000228881836,27454,0.0,0.0
2023-11-10 10:30:00-05:00,19.31999969482422,19.829999923706055,19.28499984741211,19.829999923706055,13893,0.0,0.0
2023-11-10 11:30:00-05:00,19.81999969482422,19.989999771118164,19.711000442504883,19.989999771118164,20692,0.0,0.0
2023-11-10 12:30:00-05:00,19.940000534057617,20.229999542236328,19.940000534057617,20.229999542236328,18979,0.0,0.0
2023-11-10 13:30:00-05:00,20.239999771118164,20.3700008392334,20.209999084472656,20.34000015258789,13119,0.0,0.0
2023-11-10 14:30:00-05:00,20.299999237060547,20.309999465942383,20.02199935913086,20.079999923706055,15434,0.0,0.0
2023-11-10 15:30:00-05:00,20.09000015258789,20.09000015258789,19.860000610351562,19.90999984741211,32096,0.0,0.0
2023-11-13 09:30:00-05:00,19.600000381469727,19.712799072265625,19.280000686645508,19.280000686645508,22139,0.0,0.0
2023-11-13 10:30:00-05:00,19.280000686645508,19.489999771118164,19.19499969482422,19.440000534057617,18418,0.0,0.0
2023-11-13 11:30:00-05:00,19.510000228881836,19.559999465942383,19.350000381469727,19.420000076293945,14584,0.0,0.0
2023-11-13 12:30:00-05:00,19.420000076293945,19.5,19.350000381469727,19.350000381469727,9883,0.0,0.0
2023-11-13 13:30:00-05:00,19.364999771118164,19.610000610351562,19.350000381469727,19.559999465942383,13046,0.0,0.0
2023-11-13 14:30:00-05:00,19.565000534057617,19.729999542236328,19.55500030517578,19.6200008392334,35557,0.0,0.0
2023-11-13 15:30:00-05:00,19.649999618530273,20.489999771118164,19.639999389648438,19.979999542236328,196307,0.0,0.0
2023-11-14 09:30:00-05:00,21.040000915527344,21.600000381469727,20.5,21.44499969482422,52386,0.0,0.0
2023-11-14 10:30:00-05:00,21.420000076293945,21.809999465942383,21.329999923706055,21.753000259399414,18510,0.0,0.0
2023-11-14 11:30:00-05:00,21.729999542236328,21.78499984741211,21.420000076293945,21.56999969482422,10775,0.0,0.0
2023-11-14 12:30:00-05:00,21.56999969482422,21.815000534057617,21.549999237060547,21.770000457763672,13294,0.0,0.0
2023-11-14 13:30:00-05:00,21.790000915527344,21.874000549316406,21.780000686645508,21.80500030517578,10782,0.0,0.0
2023-11-14 14:30:00-05:00,21.80500030517578,21.920000076293945,21.600000381469727,21.850000381469727,31321,0.0,0.0
2023-11-14 15:30:00-05:00,21.829999923706055,22.038999557495117,21.829999923706055,21.979999542236328,45047,0.0,0.0
2023-11-15 09:30:00-05:00,21.969999313354492,22.614999771118164,21.780000686645508,22.600000381469727,21534,0.0,0.0
2023-11-15 10:30:00-05:00,22.639999389648438,22.725000381469727,22.399999618530273,22.6200008392334,20022,0.0,0.0
2023-11-15 11:30:00-05:00,22.540000915527344,22.540000915527344,22.045000076293945,22.299999237060547,20191,0.0,0.0
2023-11-15 12:30:00-05:00,22.299999237060547,22.350000381469727,22.030000686645508,22.165000915527344,12876,0.0,0.0
2023-11-15 13:30:00-05:00,22.209999084472656,22.31999969482422,22.1200008392334,22.200000762939453,14165,0.0,0.0
2023-11-15 14:30:00-05:00,22.219999313354492,22.280000686645508,22.190000534057617,22.21500015258789,16489,0.0,0.0
2023-11-15 15:30:00-05:00,22.229999542236328,22.309999465942383,22.200000762939453,22.239999771118164,36497,0.0,0.0
2023-11-16 09:30:00-05:00,22.149999618530273,22.149999618530273,21.649999618530273,21.660200119018555,10276,0.0,0.0
2023-11-16 10:30:00-05:00,21.760000228881836,21.81999969482422,21.579999923706055,21.790000915527344,8792,0.0,0.0
2023-11-16 11:30:00-05:00,21.780000686645508,21.80500030517578,21.625999450683594,21.799999237060547,8519,0.0,0.0
2023-11-16 12:30:00-05:00,21.809999465942383,21.940000534057617,21.780000686645508,21.799999237060547,10006,0.0,0.0
2023-11-16 13:30:00-05:00,21.81999969482422,21.90999984741211,21.81999969482422,21.90999984741211,8191,0.0,0.0
2023-11-16 14:30:00-05:00,21.959999084472656,22.100000381469727,21.92009925842285,22.020000457763672,12109,0.0,0.0
2023-11-16 15:30:00-05:00,21.989999771118164,22.020000457763672,21.860000610351562,21.90999984741211,28301,0.0,0.0
2023-11-17 09:30:00-05:00,22.100000381469727,22.100000381469727,21.83049964904785,22.06999969482422,19389,0.0,0.0
2023-11-17 10:30:00-05:00,22.014999389648438,22.09000015258789,21.895000457763672,21.9950008392334,10607,0.0,0.0
2023-11-17 11:30:00-05:00,21.989999771118164,22.149999618530273,21.959999084472656,22.1200008392334,9840,0.0,0.0
2023-11-17 12:30:00-05:00,22.06999969482422,22.270000457763672,22.010000228881836,22.270000457763672,8725,0.0,0.0
2023-11-17 13:30:00-05:00,22.239999771118164,22.2549991607666,22.1299991607666,22.170000076293945,9696,0.0,0.0
2023-11-17 14:30:00-05:00,22.1299991607666,22.1299991607666,22.020000457763672,22.084999084472656,11807,0.0,0.0
2023-11-17 15:30:00-05:00,22.061500549316406,22.239999771118164,22.0,22.219999313354492,31215,0.0,0.0
2023-11-20 09:30:00-05:00,22.15999984741211,22.485000610351562,21.829999923706055,22.31999969482422,11161,0.0,0.0
2023-11-20 10:30:00-05:00,22.30500030517578,22.579999923706055,22.30500030517578,22.579999923706055,9692,0.0,0.0
2023-11-20 11:30:00-05:00,22.607999801635742,23.0,22.607999801635742,22.84000015258789,34913,0.0,0.0
2023-11-20 12:30:00-05:00,22.809999465942383,22.978500366210938,22.790000915527344,22.978500366210938,26482,0.0,0.0
2023-11-20 13:30:00-05:00,22.979999542236328,23.219999313354492,22.979999542236328,23.084999084472656,26686,0.0,0.0
2023-11-20 14:30:00-05:00,23.110000610351562,23.1200008392334,22.920000076293945,22.93000030517578,25512,0.0,0.0
2023-11-20 15:30:00-05:00,22.929899215698242,23.06999969482422,22.899999618530273,22.920000076293945,38037,0.0,0.0
2023-11-21 09:30:00-05:00,22.610000610351562,22.610000610351562,22.100000381469727,22.110000610351562,6667,0.0,0.0
2023-11-21 10:30:00-05:00,22.09000015258789,22.309999465942383,21.959999084472656,22.260000228881836,17776,0.0,0.0
2023-11-21 11:30:00-05:00,22.200000762939453,22.270000457763672,22.1200008392334,22.1299991607666,5597,0.0,0.0
2023-11-21 12:30:00-05:00,22.059999465942383,22.209999084472656,22.030000686645508,22.09000015258789,7714,0.0,0.0
2023-11-21 13:30:00-05:00,22.08989906311035,22.149999618530273,21.985000610351562,22.1200008392334,10427,0.0,0.0
2023-11-21 14:30:00-05:00,22.110000610351562,22.145000457763672,22.0,22.084999084472656,21911,0.0,0.0
2023-11-21 15:30:00-05:00,22.09000015258789,22.200000762939453,22.059999465942383,22.170000076293945,34092,0.0,0.0
2023-11-22 09:30:00-05:00,22.3799991607666,22.81999969482422,22.225000381469727,22.3799991607666,11997,0.0,0.0
2023-11-22 10:30:00-05:00,22.389999389648438,22.469999313354492,22.344999313354492,22.350000381469727,5620,0.0,0.0
2023-11-22 11:30:00-05:00,22.40999984741211,22.639999389648438,22.40999984741211,22.44499969482422,8408,0.0,0.0
2023-11-22 12:30:00-05:00,22.399999618530273,22.440000534057617,22.399999618530273,22.415000915527344,5250,0.0,0.0
2023-11-22 13:30:00-05:00,22.459999084472656,22.479999542236328,22.3799991607666,22.3799991607666,5886,0.0,0.0
2023-11-22 14:30:00-05:00,22.389999389648438,22.389999389648438,22.229999542236328,22.3700008392334,10005,0.0,0.0
2023-11-22 15:30:00-05:00,22.360000610351562,22.40999984741211,22.315000534057617,22.360000610351562,23605,0.0,0.0
2023-11-24 09:30:00-05:00,22.25,22.639999389648438,22.100000381469727,22.344999313354492,20057,0.0,0.0
2023-11-24 10:30:00-05:00,22.299999237060547,22.40999984741211,22.260000228881836,22.40999984741211,13736,0.0,0.0
2023-11-24 11:30:00-05:00,22.440000534057617,22.639999389648438,22.434999465942383,22.549999237060547,21116,0.0,0.0
2023-11-27 09:30:00-05:00,22.299999237060547,22.34000015258789,22.104999542236328,22.28499984741211,9409,0.0,0.0
2023-11-27 10:30:00-05:00,22.239999771118164,22.440000534057617,22.235000610351562,22.40999984741211,9151,0.0,0.0
2023-11-27 11:30:00-05:00,22.399999618530273,22.579999923706055,22.364500045776367,22.579999923706055,8189,0.0,0.0
2023-11-27 12:30:00-05:00,22.56999969482422,22.56999969482422,22.440000534057617,22.440000534057617,5527,0.0,0.0
2023-11-27 13:30:00-05:00,22.440000534057617,22.540000915527344,22.420000076293945,22.489999771118164,7896,0.0,0.0
2023-11-27 14:30:00-05:00,22.510000228881836,22.6299991607666,22.469999313354492,22.469999313354492,10946,0.0,0.0
2023-11-27 15:30:00-05:00,22.482999801635742,22.530000686645508,22.40999984741211,22.43000030517578,37126,0.0,0.0
2023-11-28 09:30:00-05:00,22.3700008392334,22.3700008392334,21.899999618530273,21.940000534057617,31170,0.0,0.0
2023-11-28 10:30:00-05:00,21.990999221801758,22.209999084472656,21.960100173950195,22.1200008392334,74831,0.0,0.0
2023-11-28 11:30:00-05:00,22.170000076293945,22.350000381469727,22.170000076293945,22.290000915527344,10023,0.0,0.0
2023-11-28 12:30:00-05:00,22.290000915527344,22.31999969482422,22.18000030517578,22.270000457763672,12520,0.0,0.0
2023-11-28 13:30:00-05:00,22.270000457763672,22.31999969482422,22.239999771118164,22.270000457763672,14457,0.0,0.0
2023-11-28 14:30:00-05:00,22.260000228881836,22.309999465942383,22.190000534057617,22.239999771118164,17807,0.0,0.0
2023-11-28 15:30:00-05:00,22.219999313354492,22.399999618530273,22.219999313354492,22.34000015258789,41868,0.0,0.0
2023-11-29 09:30:00-05:00,22.700000762939453,23.084999084472656,22.649999618530273,22.739999771118164,44343,0.0,0.0
2023-11-29 10:30:00-05:00,22.708999633789062,22.764999389648438,22.43000030517578,22.469999313354492,14720,0.0,0.0
2023-11-29 11:30:00-05:00,22.440000534057617,22.520000457763672,22.415000915527344,22.5,17564,0.0,0.0
2023-11-29 12:30:00-05:00,22.5,22.5,22.399999618530273,22.399999618530273,8647,0.0,0.0
2023-11-29 13:30:00-05:00,22.405000686645508,22.405000686645508,22.34000015258789,22.350000381469727,17196,0.0,0.0
2023-11-29 14:30:00-05:00,22.350000381469727,22.469999313354492,22.13050079345703,22.18000030517578,51217,0.0,0.0
2023-11-29 15:30:00-05:00,22.190000534057617,22.200000762939453,22.079999923706055,22.079999923706055,33206,0.0,0.0
2023-11-30 09:30:00-05:00,22.229999542236328,22.229999542236328,21.844999313354492,22.0,12799,0.0,0.0
2023-11-30 10:30:00-05:00,21.98699951171875,22.0049991607666,21.780000686645508,21.829999923706055,35741,0.0,0.0
2023-11-30 11:30:00-05:00,21.790000915527344,21.84000015258789,21.690000534057617,21.75,12427,0.0,0.0
2023-11-30 12:30:00-05:00,21.760000228881836,21.81999969482422,21.739999771118164,21.75,11119,0.0,0.0
2023-11-30 13:30:00-05:00,21.739999771118164,21.809999465942383,21.700000762939453,21.780000686645508,13542,0.0,0.0
2023-11-30 14:30:00-05:00,21.780000686645508,21.809999465942383,21.729999542236328,21.780000686645508,15784,0.0,0.0
2023-11-30 15:30:00-05:00,21.780000686645508,21.809999465942383,21.719999313354492,21.770000457763672,37764,0.0,0.0
2023-12-01 09:30:00-05:00,21.760000228881836,21.809999465942383,21.43000030517578,21.450000762939453,40624,0.0,0.0
2023-12-01 10:30:00-05:00,21.424999237060547,22.0,21.424999237060547,21.799999237060547,30900,0.0,0.0
2023-12-01 11:30:00-05:00,21.799999237060547,21.899999618530273,21.729999542236328,21.829999923706055,21437,0.0,0.0
2023-12-01 12:30:00-05:00,21.832000732421875,21.90999984741211,21.75,21.799999237060547,33219,0.0,0.0
2023-12-01 13:30:00-05:00,21.809999465942383,21.81999969482422,21.6299991607666,21.6299991607666,18676,0.0,0.0
2023-12-01 14:30:00-05:00,21.630399703979492,21.639999389648438,21.489999771118164,21.540000915527344,22591,0.0,0.0
2023-12-01 15:30:00-05:00,21.549999237060547,21.639999389648438,21.520000457763672,21.59000015258789,52546,0.0,0.0
2023-12-04 09:30:00-05:00,21.420000076293945,21.614999771118164,21.309999465942383,21.479999542236328,42409,0.0,0.0
2023-12-04 10:30:00-05:00,21.540000915527344,21.540000915527344,21.3799991607666,21.399999618530273,14546,0.0,0.0
2023-12-04 11:30:00-05:00,21.3799991607666,21.549999237060547,21.3700008392334,21.5,32233,0.0,0.0
2023-12-04 12:30:00-05:00,21.5049991607666,21.719999313354492,21.4950008392334,21.68000030517578,91935,0.0,0.0
2023-12-04 13:30:00-05:00,21.700000762939453,21.75,21.600000381469727,21.729999542236328,30441,0.0,0.0
2023-12-04 14:30:00-05:00,21.700000762939453,22.049999237060547,21.700000762939453,22.049999237060547,25073,0.0,0.0
2023-12-04 15:30:00-05:00,22.024999618530273,22.200000762939453,22.010000228881836,22.06999969482422,45360,0.0,0.0
2023-12-05 09:30:00-05:00,21.90999984741211,22.06999969482422,21.6200008392334,21.6200008392334,12680,0.0,0.0
2023-12-05 10:30:00-05:00,21.67099952697754,21.67099952697754,21.510000228881836,21.600000381469727,13438,0.0,0.0
2023-12-05 11:30:00-05:00,21.600000381469727,21.690000534057617,21.450000762939453,21.600000381469727,45213,0.0,0.0
2023-12-05 12:30:00-05:00,21.600000381469727,21.704999923706055,21.520000457763672,21.690000534057617,29223,0.0,0.0
2023-12-05 13:30:00-05:00,21.700000762939453,21.700000762939453,21.59000015258789,21.649999618530273,12543,0.0,0.0
2023-12-05 14:30:00-05:00,21.635000228881836,21.65999984741211,21.559999465942383,21.559999465942383,18661,0.0,0.0
2023-12-05 15:30:00-05:00,21.559999465942383,21.610000610351562,21.540000915527344,21.549999237060547,52175,0.0,0.0
2023-12-06 09:30:00-05:00,21.920000076293945,22.1200008392334,21.700000762939453,21.940000534057617,108273,0.0,0.0
2023-12-06 10:30:00-05:00,21.959999084472656,22.479999542236328,21.959999084472656,22.260000228881836,25347,0.0,0.0
2023-12-06 11:30:00-05:00,22.18000030517578,22.299999237060547,22.100000381469727,22.260000228881836,12461,0.0,0.0
2023-12-06 12:30:00-05:00,22.25,22.290000915527344,22.110000610351562,22.225000381469727,19013,0.0,0.0
2023-12-06 13:30:00-05:00,22.270000457763672,22.270000457763672,22.06999969482422,22.110000610351562,7122,0.0,0.0
2023-12-06 14:30:00-05:00,22.06999969482422,22.1200008392334,21.799999237060547,21.834999084472656,15683,0.0,0.0
2023-12-06 15:30:00-05:00,21.829999923706055,21.905000686645508,21.780000686645508,21.799999237060547,32387,0.0,0.0
2023-12-07 09:30:00-05:00,22.110000610351562,22.110000610351562,21.579999923706055,21.81220054626465,17448,0.0,0.0
2023-12-07 10:30:00-05:00,21.84000015258789,21.959999084472656,21.75,21.799999237060547,24452,0.0,0.0
2023-12-07 11:30:00-05:00,21.800500869750977,21.854999542236328,21.6299991607666,21.770000457763672,30460,0.0,0.0
2023-12-07 12:30:00-05:00,21.780000686645508,21.854999542236328,21.770000457763672,21.770000457763672,7774,0.0,0.0
2023-12-07 13:30:00-05:00,21.780000686645508,21.829999923706055,21.75,21.770000457763672,11181,0.0,0.0
2023-12-07 14:30:00-05:00,21.774999618530273,21.774999618530273,21.56999969482422,21.584999084472656,29960,0.0,0.0
2023-12-07 15:30:00-05:00,21.56999969482422,21.584999084472656,21.479999542236328,21.489999771118164,34472,0.0,0.0
2023-12-08 09:30:00-05:00,21.3700008392334,21.959999084472656,21.3700008392334,21.84939956665039,14435,0.0,0.0
2023-12-08 10:30:00-05:00,21.850000381469727,21.850000381469727,21.4950008392334,21.639999389648438,25397,0.0,0.0
2023-12-08 11:30:00-05:00,21.65999984741211,21.65999984741211,21.5,21.56999969482422,16636,0.0,0.0
2023-12-08 12:30:00-05:00,21.549999237060547,21.59000015258789,21.510000228881836,21.549999237060547,19726,0.0,0.0
2023-12-08 13:30:00-05:00,21.549999237060547,21.704999923706055,21.530000686645508,21.649999618530273,25606,0.0,0.0
2023-12-08 14:30:00-05:00,21.649999618530273,21.780000686645508,21.639999389648438,21.690000534057617,30343,0.0,0.0
2023-12-08 15:30:00-05:00,21.690000534057617,21.760000228881836,21.6200008392334,21.639999389648438,60123,0.0,0.0
2023-12-11 09:30:00-05:00,21.790000915527344,22.040000915527344,21.559999465942383,21.920000076293945,10875,0.0,0.0
2023-12-11 10:30:00-05:00,21.920000076293945,22.219999313354492,21.920000076293945,22.110000610351562,26659,0.0,0.0
2023-12-11 11:30:00-05:00,22.100000381469727,22.139999389648438,22.06439971923828,22.139999389648438,13130,0.0,0.0
2023-12-11 12:30:00-05:00,22.1200008392334,22.5,22.110000610351562,22.479999542236328,24047,0.0,0.0
2023-12-11 13:30:00-05:00,22.412599563598633,22.6299991607666,22.412599563598633,22.549999237060547,14035,0.0,0.0
2023-12-11 14:30:00-05:00,22.55500030517578,22.59000015258789,22.469999313354492,22.520000457763672,18696,0.0,0.0
2023-12-11 15:30:00-05:00,22.520000457763672,22.739999771118164,22.520000457763672,22.739999771118164,41736,0.0,0.0
2023-12-12 09:30:00-05:00,22.65999984741211,22.690000534057617,22.2716007232666,22.42169952392578,14589,0.0,0.0
2023-12-12 10:30:00-05:00,22.510000228881836,22.540000915527344,22.149999618530273,22.15999984741211,11538,0.0,0.0
2023-12-12 11:30:00-05:00,22.209999084472656,22.260000228881836,22.1299991607666,22.25,7105,0.0,0.0
2023-12-12 12:30:00-05:00,22.270000457763672,22.3700008392334,22.1825008392334,22.25,7298,0.0,0.0
2023-12-12 13:30:00-05:00,22.229999542236328,22.329999923706055,22.209999084472656,22.229999542236328,13110,0.0,0.0
2023-12-12 14:30:00-05:00,22.225000381469727,22.25,22.100000381469727,22.170000076293945,18094,0.0,0.0
2023-12-12 15:30:00-05:00,22.18000030517578,22.229999542236328,22.100000381469727,22.190000534057617,32946,0.0,0.0
2023-12-13 09:30:00-05:00,22.09000015258789,22.165000915527344,21.920000076293945,21.933799743652344,11302,0.0,0.0
2023-12-13 10:30:00-05:00,21.96500015258789,21.975000381469727,21.889999389648438,21.889999389648438,19306,0.0,0.0
2023-12-13 11:30:00-05:00,21.905000686645508,22.010000228881836,21.8799991607666,21.959999084472656,7273,0.0,0.0
2023-12-13 12:30:00-05:00,21.959999084472656,21.989999771118164,21.8799991607666,21.89389991760254,10594,0.0,0.0
2023-12-13 13:30:00-05:00,21.875,22.389999389648438,21.799999237060547,22.350000381469727,13944,0.0,0.0
2023-12-13 14:30:00-05:00,22.350000381469727,22.809999465942383,22.25,22.270000457763672,20106,0.0,0.0
2023-12-13 15:30:00-05:00,22.309999465942383,22.59000015258789,22.309999465942383,22.530000686645508,36408,0.0,0.0
2023-12-14 09:30:00-05:00,22.940000534057617,24.260000228881836,22.719999313354492,24.139999389648438,36502,0.0,0.0
2023-12-14 10:30:00-05:00,24.15999984741211,24.21500015258789,23.850099563598633,23.989999771118164,16869,0.0,0.0
2023-12-14 11:30:00-05:00,24.079999923706055,24.18000030517578,23.950000762939453,24.06999969482422,18244,0.0,0.0
2023-12-14 12:30:00-05:00,24.040000915527344,24.079999923706055,23.729999542236328,23.760000228881836,16397,0.0,0.0
2023-12-14 13:30:00-05:00,23.709999084472656,23.8700008392334,23.6299991607666,23.674999237060547,16278,0.0,0.0
2023-12-14 14:30:00-05:00,23.649999618530273,23.94499969482422,23.530000686645508,23.93000030517578,31308,0.0,0.0
2023-12-14 15:30:00-05:00,23.972700119018555,24.059999465942383,23.850000381469727,23.8700008392334,35419,0.0,0.0
2023-12-15 09:30:00-05:00,24.200000762939453,24.385000228881836,23.806499481201172,24.34000015258789,73590,0.0,0.0
2023-12-15 10:30:00-05:00,24.229999542236328,24.469999313354492,23.969999313354492,23.969999313354492,17995,0.0,0.0
2023-12-15 11:30:00-05:00,23.969999313354492,24.049999237060547,23.920000076293945,23.959999084472656,10163,0.0,0.0
2023-12-15 12:30:00-05:00,23.989999771118164,23.989999771118164,23.670000076293945,23.760000228881836,12806,0.0,0.0
2023-12-15 13:30:00-05:00,23.799999237060547,23.809999465942383,23.59000015258789,23.649999618530273,12810,0.0,0.0
2023-12-15 14:30:00-05:00,23.670000076293945,23.799999237060547,23.670000076293945,23.719999313354492,12661,0.0,0.0
2023-12-15 15:30:00-05:00,23.729999542236328,23.780000686645508,23.520000457763672,23.520000457763672,22193,0.0,0.0
2023-12-18 09:30:00-05:00,23.56999969482422,23.739999771118164,23.260000228881836,23.260000228881836,20381,0.0,0.0
2023-12-18 10:30:00-05:00,23.295000076293945,23.43000030517578,23.229999542236328,23.395000457763672,26199,0.0,0.0
2023-12-18 11:30:00-05:00,23.399999618530273,23.43000030517578,23.360000610351562,23.403900146484375,15137,0.0,0.0
2023-12-18 12:30:00-05:00,23.385000228881836,23.424999237060547,23.270000457763672,23.360000610351562,14248,0.0,0.0
2023-12-18 13:30:00-05:00,23.31999969482422,23.420000076293945,23.307600021362305,23.3700008392334,15565,0.0,0.0
2023-12-18 14:30:00-05:00,23.360000610351562,23.399999618530273,23.31999969482422,23.32200050354004,13616,0.0,0.0
2023-12-18 15:30:00-05:00,23.34000015258789,23.35379981994629,23.280000686645508,23.299999237060547,30623,0.0,0.0
2023-12-19 09:30:00-05:00,23.399999618530273,23.799999237060547,23.270000457763672,23.489999771118164,54561,0.0,0.0
2023-12-19 10:30:00-05:00,23.440000534057617,23.530000686645508,23.360000610351562,23.389999389648438,14577,0.0,0.0
2023-12-19 11:30:00-05:00,23.3799991607666,23.5,23.31999969482422,23.469999313354492,14422,0.0,0.0
2023-12-19 12:30:00-05:00,23.520000457763672,23.524999618530273,23.434999465942383,23.459999084472656,15015,0.0,0.0
2023-12-19 13:30:00-05:00,23.459999084472656,23.56999969482422,23.441600799560547,23.46500015258789,15709,0.0,0.0
2023-12-19 14:30:00-05:00,23.469999313354492,23.469999313354492,23.350000381469727,23.395000457763672,15059,0.0,0.0
2023-12-19 15:30:00-05:00,23.399999618530273,23.40999984741211,23.229999542236328,23.260000228881836,35801,0.0,0.0
2023-12-20 09:30:00-05:00,23.040000915527344,23.43000030517578,22.850000381469727,23.399999618530273,28657,0.0,0.0
2023-12-20 10:30:00-05:00,23.420000076293945,23.84000015258789,23.399999618530273,23.770000457763672,26995,0.0,0.0
2023-12-20 11:30:00-05:00,23.780000686645508,23.975000381469727,23.739999771118164,23.905000686645508,12041,0.0,0.0
2023-12-20 12:30:00-05:00,23.895000457763672,24.104999542236328,23.895000457763672,24.059999465942383,20680,0.0,0.0
2023-12-20 13:30:00-05:00,24.100000381469727,24.114999771118164,23.979999542236328,23.979999542236328,17792,0.0,0.0
2023-12-20 14:30:00-05:00,23.954999923706055,23.954999923706055,23.170000076293945,23.170000076293945,29854,0.0,0.0
2023-12-20 15:30:00-05:00,23.1200008392334,23.190000534057617,22.959999084472656,23.010000228881836,31088,0.0,0.0
2023-12-21 09:30:00-05:00,23.469999313354492,23.860000610351562,23.469999313354492,23.59000015258789,9413,0.0,0.0
2023-12-21 10:30:00-05:00,23.549999237060547,23.649999618530273,23.459999084472656,23.59000015258789,5987,0.0,0.0
2023-12-21 11:30:00-05:00,23.549999237060547,23.6299991607666,23.36199951171875,23.459999084472656,9176,0.0,0.0
2023-12-21 12:30:00-05:00,23.459999084472656,23.600000381469727,23.354999542236328,23.389999389648438,6910,0.0,0.0
2023-12-21 13:30:00-05:00,23.424999237060547,23.489999771118164,23.3799991607666,23.450000762939453,5043,0.0,0.0
2023-12-21 14:30:00-05:00,23.479999542236328,23.639999389648438,23.40999984741211,23.639999389648438,10151,0.0,0.0
2023-12-21 15:30:00-05:00,23.639999389648438,23.700000762939453,23.549999237060547,23.59000015258789,18866,0.0,0.0
2023-12-22 09:30:00-05:00,23.700000762939453,23.84000015258789,23.487499237060547,23.649999618530273,6882,0.0,0.0
2023-12-22 10:30:00-05:00,23.635000228881836,23.635000228881836,23.315000534057617,23.510000228881836,6695,0.0,0.0
2023-12-22 11:30:00-05:00,23.510000228881836,23.529399871826172,23.3700008392334,23.450000762939453,4714,0.0,0.0
2023-12-22 12:30:00-05:00,23.510000228881836,23.520000457763672,23.399999618530273,23.399999618530273,4321,0.0,0.0
2023-12-22 13:30:00-05:00,23.360000610351562,23.43000030517578,23.079999923706055,23.079999923706055,5791,0.0,0.0
2023-12-22 14:30:00-05:00,23.062000274658203,23.260000228881836,23.059999465942383,23.18000030517578,10608,0.0,0.0
2023-12-22 15:30:00-05:00,23.15089988708496,23.174999237060547,23.06999969482422,23.1299991607666,16608,0.0,0.0
2023-12-26 09:30:00-05:00,23.1200008392334,23.434999465942383,23.1200008392334,23.350000381469727,7327,0.0,0.0
2023-12-26 10:30:00-05:00,23.3700008392334,23.420000076293945,23.219999313354492,23.264999389648438,6317,0.0,0.0
2023-12-26 11:30:00-05:00,23.239999771118164,23.440000534057617,23.239999771118164,23.3799991607666,15659,0.0,0.0
2023-12-26 12:30:00-05:00,23.31999969482422,23.385000228881836,23.219999313354492,23.385000228881836,11420,0.0,0.0
2023-12-26 13:30:00-05:00,23.34000015258789,23.40999984741211,23.329999923706055,23.389999389648438,9238,0.0,0.0
2023-12-26 14:30:00-05:00,23.34000015258789,23.4950008392334,23.329999923706055,23.489999771118164,11101,0.0,0.0
2023-12-26 15:30:00-05:00,23.489999771118164,23.5,23.360000610351562,23.43000030517578,29979,0.0,0.0
2023-12-27 09:30:00-05:00,23.440000534057617,23.530000686645508,23.350000381469727,23.375,5070,0.0,0.0
2023-12-27 10:30:00-05:00,23.389999389648438,23.40999984741211,23.2450008392334,23.40999984741211,8051,0.0,0.0
2023-12-27 11:30:00-05:00,23.420000076293945,23.514999389648438,23.34000015258789,23.510000228881836,10639,0.0,0.0
2023-12-27 12:30:00-05:00,23.510000228881836,23.68000030517578,23.38010025024414,23.65999984741211,13562,0.0,0.0
2023-12-27 13:30:00-05:00,23.635000228881836,23.645000457763672,23.473600387573242,23.59000015258789,9702,0.0,0.0
2023-12-27 14:30:00-05:00,23.540000915527344,23.549999237060547,23.43000030517578,23.459999084472656,10093,0.0,0.0
2023-12-27 15:30:00-05:00,23.454999923706055,23.5,23.3799991607666,23.479999542236328,26601,0.0,0.0
2023-12-28 09:30:00-05:00,23.389999389648438,23.43000030517578,23.239999771118164,23.43000030517578,6930,0.0,0.0
2023-12-28 10:30:00-05:00,23.454999923706055,23.479999542236328,23.369300842285156,23.369300842285156,6507,0.0,0.0
2023-12-28 11:30:00-05:00,23.327499389648438,23.389999389648438,23.321399688720703,23.389999389648438,3525,0.0,0.0
2023-12-28 12:30:00-05:00,23.477500915527344,23.477500915527344,23.209999084472656,23.27989959716797,4222,0.0,0.0
2023-12-28 13:30:00-05:00,23.280000686645508,23.280000686645508,23.239999771118164,23.239999771118164,3222,0.0,0.0
2023-12-28 14:30:00-05:00,23.270000457763672,23.31999969482422,23.190000534057617,23.31999969482422,8867,0.0,0.0
2023-12-28 15:30:00-05:00,23.31999969482422,23.415000915527344,23.290000915527344,23.29400062561035,15820,0.0,0.0
2023-12-29 09:30:00-05:00,23.239999771118164,23.34000015258789,23.204999923706055,23.204999923706055,5453,0.0,0.0
2023-12-29 10:30:00-05:00,23.19499969482422,23.19499969482422,22.885000228881836,22.885000228881836,4451,0.0,0.0
2023-12-29 11:30:00-05:00,22.940000534057617,23.059999465942383,22.8700008392334,22.90999984741211,3571,0.0,0.0
2023-12-29 12:30:00-05:00,22.889999389648438,22.899999618530273,22.818199157714844,22.818199157714844,3303,0.0,0.0
2023-12-29 13:30:00-05:00,22.770099639892578,22.875,22.770099639892578,22.850000381469727,7603,0.0,0.0
2023-12-29 14:30:00-05:00,22.861799240112305,22.861799240112305,22.729999542236328,22.729999542236328,10089,0.0,0.0
2023-12-29 15:30:00-05:00,22.729999542236328,22.780000686645508,22.649999618530273,22.674999237060547,20525,0.0,0.0
2024-01-02 09:30:00-05:00,22.399999618530273,22.399999618530273,22.024999618530273,22.149999618530273,13855,0.0,0.0
2024-01-02 10:30:00-05:00,22.09000015258789,22.40999984741211,21.97100067138672,22.31999969482422,16000,0.0,0.0
2024-01-02 11:30:00-05:00,22.262500762939453,22.450000762939453,22.262500762939453,22.270000457763672,8796,0.0,0.0
2024-01-02 12:30:00-05:00,22.239999771118164,22.239999771118164,22.010000228881836,22.010400772094727,4914,0.0,0.0
2024-01-02 13:30:00-05:00,22.040000915527344,22.06999969482422,21.829999923706055,21.850000381469727,9419,0.0,0.0
2024-01-02 14:30:00-05:00,21.829999923706055,21.8799991607666,21.530000686645508,21.549999237060547,11898,0.0,0.0
2024-01-02 15:30:00-05:00,21.559999465942383,21.670000076293945,21.479999542236328,21.670000076293945,24276,0.0,0.0
2024-01-03 09:30:00-05:00,21.309999465942383,21.40999984741211,21.15999984741211,21.40999984741211,13991,0.0,0.0
2024-01-03 10:30:00-05:00,21.364999771118164,21.450000762939453,21.229999542236328,21.399999618530273,8299,0.0,0.0
2024-01-03 11:30:00-05:00,21.459999084472656,21.459999084472656,21.309999465942383,21.3799991607666,8259,0.0,0.0
2024-01-03 12:30:00-05:00,21.420000076293945,21.489999771118164,21.3700008392334,21.420000076293945,7131,0.0,0.0
2024-01-03 13:30:00-05:00,21.43000030517578,21.43000030517578,21.149999618530273,21.291099548339844,9319,0.0,0.0
2024-01-03 14:30:00-05:00,21.3799991607666,21.40999984741211,21.010000228881836,21.010000228881836,14780,0.0,0.0
2024-01-03 15:30:00-05:00,21.030000686645508,21.170000076293945,21.020000457763672,21.110000610351562,33077,0.0,0.0
2024-01-04 09:30:00-05:00,21.0,21.229999542236328,20.780000686645508,21.229999542236328,31713,0.0,0.0
2024-01-04 10:30:00-05:00,21.260000228881836,21.469999313354492,21.260000228881836,21.44499969482422,13682,0.0,0.0
2024-01-04 11:30:00-05:00,21.44499969482422,21.540000915527344,21.31999969482422,21.350000381469727,18552,0.0,0.0
2024-01-04 12:30:00-05:00,21.3700008392334,21.399999618530273,21.270000457763672,21.389999389648438,11006,0.0,0.0
2024-01-04 13:30:00-05:00,21.389999389648438,21.479999542236328,21.209999084472656,21.299999237060547,23154,0.0,0.0
2024-01-04 14:30:00-05:00,21.30500030517578,21.479999542236328,21.219999313354492,21.440000534057617,16263,0.0,0.0
2024-01-04 15:30:00-05:00,21.43000030517578,21.440000534057617,21.209999084472656,21.239999771118164,30850,0.0,0.0
2024-01-05 09:30:00-05:00,21.270000457763672,21.440000534057617,21.049999237060547,21.405000686645508,14931,0.0,0.0
2024-01-05 10:30:00-05:00,21.411300659179688,21.53499984741211,21.3700008392334,21.420000076293945,15903,0.0,0.0
2024-01-05 11:30:00-05:00,21.329999923706055,21.43000030517578,21.1200008392334,21.139999389648438,10341,0.0,0.0
2024-01-05 12:30:00-05:00,21.15999984741211,21.170000076293945,21.020000457763672,21.030000686645508,6679,0.0,0.0
2024-01-05 13:30:00-05:00,21.030000686645508,21.180299758911133,21.030000686645508,21.0310001373291,11215,0.0,0.0
2024-01-05 14:30:00-05:00,21.09000015258789,21.135000228881836,21.010000228881836,21.110000610351562,13180,0.0,0.0
2024-01-05 15:30:00-05:00,21.110000610351562,21.145000457763672,21.059999465942383,21.1299991607666,18351,0.0,0.0
2024-01-08 09:30:00-05:00,21.260000228881836,21.790000915527344,21.010000228881836,21.780000686645508,10889,0.0,0.0
2024-01-08 10:30:00-05:00,21.78499984741211,22.06999969482422,21.78499984741211,22.030000686645508,16680,0.0,0.0
2024-01-08 11:30:00-05:00,22.079999923706055,22.09000015258789,22.024999618530273,22.075000762939453,7517,0.0,0.0
2024-01-08 12:30:00-05:00,22.045000076293945,22.1299991607666,22.032499313354492,22.032499313354492,7564,0.0,0.0
2024-01-08 13:30:00-05:00,22.059999465942383,22.110000610351562,21.94700050354004,21.94700050354004,7287,0.0,0.0
2024-01-08 14:30:00-05:00,21.950000762939453,21.950000762939453,21.770000457763672,21.770000457763672,4709,0.0,0.0
2024-01-08 15:30:00-05:00,21.799999237060547,21.829999923706055,21.709999084472656,21.81999969482422,13749,0.0,0.0
2024-01-09 09:30:00-05:00,21.549999237060547,21.729999542236328,21.34000015258789,21.56999969482422,10813,0.0,0.0
2024-01-09 10:30:00-05:00,21.639999389648438,21.709999084472656,21.56999969482422,21.670000076293945,8490,0.0,0.0
2024-01-09 11:30:00-05:00,21.729999542236328,21.90999984741211,21.729999542236328,21.845300674438477,9486,0.0,0.0
2024-01-09 12:30:00-05:00,21.829999923706055,22.020000457763672,21.790000915527344,21.924999237060547,9002,0.0,0.0
2024-01-09 13:30:00-05:00,21.8799991607666,21.940000534057617,21.809999465942383,21.889999389648438,7131,0.0,0.0
2024-01-09 14:30:00-05:00,21.8700008392334,21.90999984741211,21.81999969482422,21.850000381469727,7740,0.0,0.0
2024-01-09 15:30:00-05:00,21.84000015258789,21.84000015258789,21.68000030517578,21.739999771118164,21429,0.0,0.0
2024-01-10 09:30:00-05:00,21.549999237060547,21.780000686645508,21.010000228881836,21.225000381469727,15715,0.0,0.0
2024-01-10 10:30:00-05:00,21.260000228881836,21.3799991607666,21.170000076293945,21.190000534057617,9786,0.0,0.0
2024-01-10 11:30:00-05:00,21.204999923706055,21.225000381469727,21.184999465942383,21.225000381469727,3174,0.0,0.0
2024-01-10 12:30:00-05:00,21.190000534057617,21.31999969482422,21.149999618530273,21.274999618530273,9146,0.0,0.0
2024-01-10 13:30:00-05:00,21.280000686645508,21.459999084472656,21.280000686645508,21.44499969482422,11034,0.0,0.0
2024-01-10 14:30:00-05:00,21.399999618530273,21.530000686645508,21.25,21.280000686645508,13849,0.0,0.0
2024-01-10 15:30:00-05:00,21.260000228881836,21.360000610351562,21.1200008392334,21.31999969482422,25773,0.0,0.0
2024-01-11 09:30:00-05:00,21.200000762939453,21.415000915527344,20.979999542236328,21.139999389648438,10350,0.0,0.0
2024-01-11 10:30:00-05:00,21.176000595092773,21.219999313354492,20.959999084472656,20.969999313354492,8899,0.0,0.0
2024-01-11 11:30:00-05:00,20.950000762939453,21.110000610351562,20.889999389648438,21.110000610351562,10598,0.0,0.0
2024-01-11 12:30:00-05:00,21.05500030517578,21.3799991607666,21.05500030517578,21.299999237060547,6132,0.0,0.0
2024-01-11 13:30:00-05:00,21.270000457763672,21.360000610351562,21.200000762939453,21.34000015258789,9408,0.0,0.0
2024-01-11 14:30:00-05:00,21.375,21.389999389648438,21.270000457763672,21.309999465942383,9982,0.0,0.0
2024-01-11 15:30:00-05:00,21.344999313354492,21.3799991607666,21.269100189208984,21.350000381469727,25762,0.0,0.0
2024-01-12 09:30:00-05:00,21.549999237060547,21.75,21.344999313354492,21.3799991607666,7744,0.0,0.0
2024-01-12 10:30:00-05:00,21.413999557495117,21.413999557495117,21.200000762939453,21.274999618530273,3074,0.0,0.0
2024-01-12 11:30:00-05:00,21.200000762939453,21.229999542236328,21.090099334716797,21.184999465942383,3319,0.0,0.0
2024-01-12 12:30:00-05:00,21.219999313354492,21.219999313354492,21.15999984741211,21.15999984741211,2412,0.0,0.0
2024-01-12 13:30:00-05:00,21.229999542236328,21.229999542236328,21.149999618530273,21.149999618530273,5375,0.0,0.0
2024-01-12 14:30:00-05:00,21.1200008392334,21.139999389648438,20.965999603271484,20.989999771118164,7603,0.0,0.0
2024-01-12 15:30:00-05:00,20.959999084472656,20.959999084472656,20.8799991607666,20.8799991607666,13807,0.0,0.0
2024-01-16 09:30:00-05:00,20.760000228881836,20.860000610351562,20.43000030517578,20.860000610351562,35956,0.0,0.0
2024-01-16 10:30:00-05:00,20.860000610351562,20.959999084472656,20.780000686645508,20.899999618530273,8640,0.0,0.0
2024-01-16 11:30:00-05:00,20.950000762939453,20.950000762939453,20.709999084472656,20.725000381469727,10496,0.0,0.0
2024-01-16 12:30:00-05:00,20.709999084472656,20.809999465942383,20.68000030517578,20.770000457763672,12087,0.0,0.0
2024-01-16 13:30:00-05:00,20.790000915527344,20.790000915527344,20.639999389648438,20.645000457763672,12727,0.0,0.0
2024-01-16 14:30:00-05:00,20.65999984741211,20.809999465942383,20.639999389648438,20.690000534057617,21488,0.0,0.0
2024-01-16 15:30:00-05:00,20.690000534057617,20.760000228881836,20.56999969482422,20.760000228881836,62587,0.0,0.0
2024-01-17 09:30:00-05:00,20.3799991607666,20.3799991607666,20.049999237060547,20.1299991607666,7615,0.0,0.0
2024-01-17 10:30:00-05:00,20.075000762939453,20.094999313354492,20.020000457763672,20.06999969482422,5547,0.0,0.0
2024-01-17 11:30:00-05:00,20.049999237060547,20.06999969482422,19.804000854492188,19.82550048828125,9421,0.0,0.0
2024-01-17 12:30:00-05:00,19.81999969482422,19.81999969482422,19.56999969482422,19.56999969482422,10248,0.0,0.0
2024-01-17 13:30:00-05:00,19.549999237060547,19.59000015258789,19.469999313354492,19.549999237060547,6802,0.0,0.0
2024-01-17 14:30:00-05:00,19.610000610351562,19.610000610351562,19.56999969482422,19.581100463867188,9248,0.0,0.0
2024-01-17 15:30:00-05:00,19.600000381469727,19.7450008392334,19.600000381469727,19.709999084472656,19535,0.0,0.0
2024-01-18 09:30:00-05:00,20.040000915527344,20.20949935913086,19.96500015258789,19.979999542236328,11743,0.0,0.0
2024-01-18 10:30:00-05:00,19.952999114990234,20.200000762939453,19.940000534057617,20.100000381469727,12875,0.0,0.0
2024-01-18 11:30:00-05:00,20.110000610351562,20.170000076293945,20.010000228881836,20.15999984741211,9384,0.0,0.0
2024-01-18 12:30:00-05:00,20.190000534057617,20.274999618530273,20.06999969482422,20.100000381469727,8819,0.0,0.0
2024-01-18 13:30:00-05:00,20.075000762939453,20.170000076293945,20.065000534057617,20.1299991607666,10617,0.0,0.0
2024-01-18 14:30:00-05:00,20.15999984741211,20.280000686645508,20.139999389648438,20.229999542236328,13793,0.0,0.0
2024-01-18 15:30:00-05:00,20.229999542236328,20.229999542236328,20.125,20.209999084472656,21226,0.0,0.0
2024-01-19 09:30:00-05:00,20.469999313354492,20.469999313354492,20.010000228881836,20.110000610351562,13050,0.0,0.0
2024-01-19 10:30:00-05:00,20.100000381469727,20.1200008392334,20.024999618530273,20.079999923706055,8406,0.0,0.0
2024-01-19 11:30:00-05:00,20.049999237060547,20.049999237060547,19.8799991607666,19.924999237060547,9816,0.0,0.0
2024-01-19 12:30:00-05:00,19.96500015258789,20.155000686645508,19.96500015258789,20.155000686645508,10837,0.0,0.0
2024-01-19 13:30:00-05:00,20.155000686645508,20.34000015258789,20.139999389648438,20.325000762939453,17468,0.0,0.0
2024-01-19 14:30:00-05:00,20.290000915527344,20.375,20.230100631713867,20.264999389648438,13387,0.0,0.0
2024-01-19 15:30:00-05:00,20.260000228881836,20.43000030517578,20.260000228881836,20.40999984741211,35302,0.0,0.0
2024-01-22 09:30:00-05:00,20.639999389648438,21.440000534057617,20.479999542236328,21.309999465942383,14680,0.0,0.0
2024-01-22 10:30:00-05:00,21.229999542236328,21.299999237060547,21.0,21.229999542236328,9152,0.0,0.0
2024-01-22 11:30:00-05:00,21.219999313354492,21.459999084472656,21.200000762939453,21.276399612426758,17473,0.0,0.0
2024-01-22 12:30:00-05:00,21.290000915527344,21.290000915527344,21.020000457763672,21.05500030517578,11262,0.0,0.0
2024-01-22 13:30:00-05:00,21.040000915527344,21.09000015258789,20.8700008392334,20.8700008392334,19133,0.0,0.0
2024-01-22 14:30:00-05:00,20.969999313354492,21.104999542236328,20.940000534057617,21.09000015258789,17961,0.0,0.0
2024-01-22 15:30:00-05:00,21.094999313354492,21.165000915527344,20.979999542236328,21.100000381469727,45259,0.0,0.0
2024-01-23 09:30:00-05:00,21.280000686645508,21.639999389648438,21.18000030517578,21.475000381469727,9996,0.0,0.0
2024-01-23 10:30:00-05:00,21.469999313354492,21.559999465942383,21.459999084472656,21.510299682617188,7957,0.0,0.0
2024-01-23 11:30:00-05:00,21.3700008392334,21.420000076293945,21.309999465942383,21.36669921875,4743,0.0,0.0
2024-01-23 12:30:00-05:00,21.364999771118164,21.389999389648438,21.2450008392334,21.2450008392334,4569,0.0,0.0
2024-01-23 13:30:00-05:00,21.219999313354492,21.30500030517578,21.219999313354492,21.26020050048828,5408,0.0,0.0
2024-01-23 14:30:00-05:00,21.290000915527344,21.3799991607666,21.290000915527344,21.34000015258789,8623,0.0,0.0
2024-01-23 15:30:00-05:00,21.280000686645508,21.30500030517578,21.209999084472656,21.270000457763672,20690,0.0,0.0
2024-01-24 09:30:00-05:00,21.610000610351562,21.610000610351562,21.059999465942383,21.104999542236328,7277,0.0,0.0
2024-01-24 10:30:00-05:00,21.15999984741211,21.270000457763672,21.149999618530273,21.149999618530273,7327,0.0,0.0
2024-01-24 11:30:00-05:00,21.125,21.190000534057617,21.049999237060547,21.049999237060547,5407,0.0,0.0
2024-01-24 12:30:00-05:00,21.100000381469727,21.149999618530273,21.0,21.040000915527344,6003,0.0,0.0
2024-01-24 13:30:00-05:00,20.989999771118164,20.989999771118164,20.71500015258789,20.735000610351562,7949,0.0,0.0
2024-01-24 14:30:00-05:00,20.739999771118164,20.964799880981445,20.690000534057617,20.799999237060547,10765,0.0,0.0
2024-01-24 15:30:00-05:00,20.795400619506836,20.90999984741211,20.795400619506836,20.829999923706055,15036,0.0,0.0
2024-01-25 09:30:00-05:00,21.329999923706055,21.329999923706055,20.899999618530273,21.079999923706055,9974,0.0,0.0
2024-01-25 10:30:00-05:00,21.020000457763672,21.038000106811523,20.959999084472656,21.038000106811523,3744,0.0,0.0
2024-01-25 11:30:00-05:00,21.107099533081055,21.110000610351562,20.889999389648438,20.889999389648438,7273,0.0,0.0
2024-01-25 12:30:00-05:00,20.815000534057617,20.8799991607666,20.799999237060547,20.8799991607666,3736,0.0,0.0
2024-01-25 13:30:00-05:00,20.8700008392334,20.90999984741211,20.80500030517578,20.860000610351562,4669,0.0,0.0
2024-01-25 14:30:00-05:00,20.860000610351562,20.860000610351562,20.65999984741211,20.673500061035156,6809,0.0,0.0
2024-01-25 15:30:00-05:00,20.670000076293945,20.700000762939453,20.59000015258789,20.670000076293945,16063,0.0,0.0
2024-01-26 09:30:00-05:00,20.469999313354492,20.469999313354492,20.1299991607666,20.34000015258789,5674,0.0,0.0
2024-01-26 10:30:00-05:00,20.360000610351562,20.389999389648438,20.299999237060547,20.329999923706055,4145,0.0,0.0
2024-01-26 11:30:00-05:00,20.260000228881836,20.290000915527344,20.204999923706055,20.260000228881836,4041,0.0,0.0
2024-01-26 12:30:00-05:00,20.18000030517578,20.18000030517578,20.010000228881836,20.079999923706055,6136,0.0,0.0
2024-01-26 13:30:00-05:00,20.0,20.0,19.90999984741211,19.920000076293945,6697,0.0,0.0
2024-01-26 14:30:00-05:00,19.905000686645508,20.0,19.899999618530273,19.940000534057617,7359,0.0,0.0
2024-01-26 15:30:00-05:00,19.88249969482422,19.88249969482422,19.809999465942383,19.84000015258789,11100,0.0,0.0
2024-01-29 09:30:00-05:00,19.799999237060547,19.81999969482422,19.639999389648438,19.799999237060547,9403,0.0,0.0
2024-01-29 10:30:00-05:00,19.940000534057617,20.100000381469727,19.924999237060547,20.094999313354492,3869,0.0,0.0
2024-01-29 11:30:00-05:00,20.139999389648438,20.139999389648438,20.00550079345703,20.059999465942383,6048,0.0,0.0
2024-01-29 12:30:00-05:00,20.0718994140625,20.0718994140625,19.969999313354492,19.989999771118164,4141,0.0,0.0
2024-01-29 13:30:00-05:00,20.020000457763672,20.040000915527344,19.8799991607666,19.90999984741211,5833,0.0,0.0
2024-01-29 14:30:00-05:00,19.8799991607666,20.260000228881836,19.870399475097656,20.25,10865,0.0,0.0
2024-01-29 15:30:00-05:00,20.260000228881836,20.329999923706055,20.15999984741211,20.329999923706055,25071,0.0,0.0
2024-01-30 09:30:00-05:00,20.1299991607666,20.31999969482422,20.0,20.0,5729,0.0,0.0
2024-01-30 10:30:00-05:00,20.0049991607666,20.072099685668945,19.809999465942383,19.82200050354004,5083,0.0,0.0
2024-01-30 11:30:00-05:00,19.8799991607666,19.8799991607666,19.655000686645508,19.670000076293945,9062,0.0,0.0
2024-01-30 12:30:00-05:00,19.6299991607666,19.649999618530273,19.440799713134766,19.478500366210938,8552,0.0,0.0
2024-01-30 13:30:00-05:00,19.5049991607666,19.526599884033203,19.44499969482422,19.459999084472656,8593,0.0,0.0
2024-01-30 14:30:00-05:00,19.489999771118164,19.65999984741211,19.450000762939453,19.65999984741211,8329,0.0,0.0
2024-01-30 15:30:00-05:00,19.610000610351562,19.709999084472656,19.600000381469727,19.68000030517578,43073,0.0,0.0
2024-01-31 09:30:00-05:00,19.469999313354492,19.6299991607666,19.467899322509766,19.479999542236328,5665,0.0,0.0
2024-01-31 10:30:00-05:00,19.510000228881836,19.780000686645508,19.489999771118164,19.75,10141,0.0,0.0
2024-01-31 11:30:00-05:00,19.75,19.774999618530273,19.6200008392334,19.774999618530273,7534,0.0,0.0
2024-01-31 12:30:00-05:00,19.729999542236328,19.84000015258789,19.700000762939453,19.809999465942383,6791,0.0,0.0
2024-01-31 13:30:00-05:00,19.850000381469727,19.850000381469727,19.559999465942383,19.700000762939453,8898,0.0,0.0
2024-01-31 14:30:00-05:00,19.690000534057617,20.100000381469727,19.360000610351562,19.360000610351562,27732,0.0,0.0
2024-01-31 15:30:00-05:00,19.329999923706055,19.399999618530273,19.165000915527344,19.190000534057617,38867,0.0,0.0
2024-02-01 09:30:00-05:00,19.309999465942383,19.329999923706055,18.820100784301758,19.270000457763672,29080,0.0,0.0
2024-02-01 10:30:00-05:00,19.239999771118164,19.260000228881836,18.950000762939453,19.100000381469727,21819,0.0,0.0
2024-02-01 11:30:00-05:00,19.110000610351562,19.530000686645508,19.110000610351562,19.260000228881836,19282,0.0,0.0
2024-02-01 12:30:00-05:00,19.280000686645508,19.579999923706055,19.260000228881836,19.479999542236328,16374,0.0,0.0
2024-02-01 13:30:00-05:00,19.520000457763672,19.549999237060547,19.459999084472656,19.459999084472656,14928,0.0,0.0
2024-02-01 14:30:00-05:00,19.420000076293945,19.454999923706055,19.299999237060547,19.329999923706055,14903,0.0,0.0
2024-02-01 15:30:00-05:00,19.31999969482422,19.350000381469727,19.190000534057617,19.219999313354492,31844,0.0,0.0
2024-02-02 09:30:00-05:00,18.889999389648438,19.040000915527344,18.850000381469727,19.040000915527344,7219,0.0,0.0
2024-02-02 10:30:00-05:00,18.969999313354492,19.020000457763672,18.850000381469727,19.020000457763672,6328,0.0,0.0
2024-02-02 11:30:00-05:00,19.0,19.049999237060547,18.739999771118164,18.78499984741211,5681,0.0,0.0
2024-02-02 12:30:00-05:00,18.84000015258789,18.840999603271484,18.53499984741211,18.6200008392334,11693,0.0,0.0
2024-02-02 13:30:00-05:00,18.6299991607666,18.764999389648438,18.559999465942383,18.700000762939453,9934,0.0,0.0
2024-02-02 14:30:00-05:00,18.65999984741211,18.850000381469727,18.65999984741211,18.815000534057617,25042,0.0,0.0
2024-02-02 15:30:00-05:00,18.799999237060547,18.920000076293945,18.649999618530273,18.860000610351562,41841,0.0,0.0
2024-02-05 09:30:00-05:00,18.8700008392334,19.360000610351562,18.8700008392334,19.06999969482422,19735,0.0,0.0
2024-02-05 10:30:00-05:00,19.065000534057617,19.375,19.010000228881836,19.329999923706055,20492,0.0,0.0
2024-02-05 11:30:00-05:00,19.34000015258789,19.520000457763672,19.31999969482422,19.5,21501,0.0,0.0
2024-02-05 12:30:00-05:00,19.540000915527344,19.729999542236328,19.450000762939453,19.669599533081055,14842,0.0,0.0
2024-02-05 13:30:00-05:00,19.65999984741211,19.799999237060547,19.59000015258789,19.622499465942383,19866,0.0,0.0
2024-02-05 14:30:00-05:00,19.6200008392334,19.860000610351562,19.6200008392334,19.700000762939453,29277,0.0,0.0
2024-02-05 15:30:00-05:00,19.690000534057617,19.739999771118164,19.549999237060547,19.59000015258789,42509,0.0,0.0
2024-02-06 09:30:00-05:00,19.5,19.540000915527344,19.389999389648438,19.540000915527344,11829,0.0,0.0
2024-02-06 10:30:00-05:00,19.459999084472656,19.510000228881836,19.280000686645508,19.33919906616211,8562,0.0,0.0
2024-02-06 11:30:00-05:00,19.389999389648438,19.40999984741211,19.235000610351562,19.264999389648438,10183,0.0,0.0
2024-02-06 12:30:00-05:00,19.264999389648438,19.450000762939453,19.229999542236328,19.350000381469727,8825,0.0,0.0
2024-02-06 13:30:00-05:00,19.3799991607666,19.5,19.290000915527344,19.350000381469727,10566,0.0,0.0
2024-02-06 14:30:00-05:00,19.34000015258789,19.43000030517578,19.299999237060547,19.360000610351562,14269,0.0,0.0
2024-02-06 15:30:00-05:00,19.350000381469727,19.5,19.264999389648438,19.5,36076,0.0,0.0
2024-02-07 09:30:00-05:00,19.510000228881836,19.520000457763672,19.25,19.520000457763672,7146,0.0,0.0
2024-02-07 10:30:00-05:00,19.5049991607666,19.614999771118164,19.40999984741211,19.479999542236328,6614,0.0,0.0
2024-02-07 11:30:00-05:00,19.374300003051758,19.440000534057617,19.320899963378906,19.320899963378906,3732,0.0,0.0
2024-02-07 12:30:00-05:00,19.352500915527344,19.5,19.31999969482422,19.5,5727,0.0,0.0
2024-02-07 13:30:00-05:00,19.510000228881836,19.540000915527344,19.440099716186523,19.469999313354492,6302,0.0,0.0
2024-02-07 14:30:00-05:00,19.450000762939453,19.479999542236328,19.399999618530273,19.459999084472656,10016,0.0,0.0
2024-02-07 15:30:00-05:00,19.469999313354492,19.469999313354492,19.290000915527344,19.350000381469727,15518,0.0,0.0
2024-02-08 09:30:00-05:00,19.549999237060547,20.204999923706055,19.441699981689453,20.15999984741211,24112,0.0,0.0
2024-02-08 10:30:00-05:00,20.15999984741211,20.440000534057617,20.104999542236328,20.34000015258789,9400,0.0,0.0
2024-02-08 11:30:00-05:00,20.31719970703125,20.600000381469727,20.290000915527344,20.600000381469727,16760,0.0,0.0
2024-02-08 12:30:00-05:00,20.594999313354492,20.735000610351562,20.5,20.684999465942383,27346,0.0,0.0
2024-02-08 13:30:00-05:00,20.673999786376953,20.82539939880371,20.649999618530273,20.704999923706055,13697,0.0,0.0
2024-02-08 14:30:00-05:00,20.729999542236328,20.739999771118164,20.621999740600586,20.649999618530273,15739,0.0,0.0
2024-02-08 15:30:00-05:00,20.65999984741211,20.690000534057617,20.559999465942383,20.639999389648438,27300,0.0,0.0
2024-02-09 09:30:00-05:00,20.559999465942383,21.09000015258789,20.559999465942383,21.010000228881836,10612,0.0,0.0
2024-02-09 10:30:00-05:00,21.04800033569336,21.15999984741211,21.04800033569336,21.079999923706055,4789,0.0,0.0
2024-02-09 11:30:00-05:00,20.950000762939453,21.1299991607666,20.950000762939453,21.1299991607666,5516,0.0,0.0
2024-02-09 12:30:00-05:00,21.200000762939453,21.399999618530273,21.190000534057617,21.399999618530273,9550,0.0,0.0
2024-02-09 13:30:00-05:00,21.3799991607666,21.389999389648438,21.299999237060547,21.34000015258789,8777,0.0,0.0
2024-02-09 14:30:00-05:00,21.329999923706055,21.6200008392334,21.329999923706055,21.59000015258789,18644,0.0,0.0
2024-02-09 15:30:00-05:00,21.540000915527344,21.670000076293945,21.540000915527344,21.639999389648438,37170,0.0,0.0
2024-02-12 09:30:00-05:00,21.770000457763672,22.059999465942383,21.770000457763672,22.059999465942383,8183,0.0,0.0
2024-02-12 10:30:00-05:00,22.139999389648438,22.239999771118164,22.059999465942383,22.219999313354492,8058,0.0,0.0
2024-02-12 11:30:00-05:00,22.15999984741211,22.209999084472656,22.040000915527344,22.049999237060547,9386,0.0,0.0
2024-02-12 12:30:00-05:00,22.075000762939453,22.299999237060547,22.075000762939453,22.219999313354492,10934,0.0,0.0
2024-02-12 13:30:00-05:00,22.25,22.25,21.899999618530273,21.934999465942383,18021,0.0,0.0
2024-02-12 14:30:00-05:00,21.979999542236328,22.09000015258789,21.979999542236328,22.030000686645508,10690,0.0,0.0
2024-02-12 15:30:00-05:00,22.079999923706055,22.139999389648438,21.850000381469727,21.950000762939453,39827,0.0,0.0
2024-02-13 09:30:00-05:00,20.84000015258789,21.155099868774414,20.549999237060547,21.0,23891,0.0,0.0
2024-02-13 10:30:00-05:00,20.920000076293945,21.15999984741211,20.774999618530273,20.774999618530273,22725,0.0,0.0
2024-02-13 11:30:00-05:00,20.75,20.899999618530273,20.510000228881836,20.52750015258789,20061,0.0,0.0
2024-02-13 12:30:00-05:00,20.46500015258789,20.93000030517578,20.3799991607666,20.8799991607666,22629,0.0,0.0
2024-02-13 13:30:00-05:00,20.875,20.989999771118164,20.450000762939453,20.450000762939453,23929,0.0,0.0
2024-02-13 14:30:00-05:00,20.540000915527344,20.540000915527344,19.969999313354492,20.209999084472656,43004,0.0,0.0
2024-02-13 15:30:00-05:00,20.170000076293945,20.25,20.079999923706055,20.190000534057617,62514,0.0,0.0
2024-02-14 09:30:00-05:00,22.5,24.600000381469727,22.030000686645508,24.149999618530273,61228,0.0,0.0
2024-02-14 10:30:00-05:00,24.110000610351562,24.110000610351562,23.525699615478516,24.020000457763672,24134,0.0,0.0
2024-02-14 11:30:00-05:00,24.06999969482422,24.110000610351562,23.854999542236328,23.989999771118164,19390,0.0,0.0
2024-02-14 12:30:00-05:00,23.989999771118164,24.149999618530273,23.825000762939453,23.885000228881836,24487,0.0,0.0
2024-02-14 13:30:00-05:00,23.920000076293945,24.040000915527344,23.760000228881836,24.040000915527344,16036,0.0,0.0
2024-02-14 14:30:00-05:00,24.049999237060547,24.875,24.010000228881836,24.825000762939453,87482,0.0,0.0
2024-02-14 15:30:00-05:00,24.780000686645508,24.78499984741211,24.389999389648438,24.479999542236328,67927,0.0,0.0
2024-02-15 09:30:00-05:00,25.0,25.190000534057617,24.25,24.459999084472656,42674,0.0,0.0
2024-02-15 10:30:00-05:00,24.424999237060547,24.6299991607666,24.270000457763672,24.40999984741211,23240,0.0,0.0
2024-02-15 11:30:00-05:00,24.40999984741211,24.40999984741211,23.93000030517578,24.229999542236328,23568,0.0,0.0
2024-02-15 12:30:00-05:00,24.239999771118164,24.3700008392334,23.950000762939453,24.3700008392334,19871,0.0,0.0
2024-02-15 13:30:00-05:00,24.399999618530273,24.610000610351562,24.399999618530273,24.56999969482422,20050,0.0,0.0
2024-02-15 14:30:00-05:00,24.65999984741211,24.68000030517578,24.309999465942383,24.399999618530273,22126,0.0,0.0
2024-02-15 15:30:00-05:00,24.3799991607666,24.59000015258789,24.3799991607666,24.530000686645508,39856,0.0,0.0
2024-02-16 09:30:00-05:00,23.770000457763672,23.959999084472656,23.1299991607666,23.280000686645508,62081,0.0,0.0
2024-02-16 10:30:00-05:00,23.274999618530273,23.5,23.200000762939453,23.46419906616211,18381,0.0,0.0
2024-02-16 11:30:00-05:00,23.43000030517578,23.5,23.204999923706055,23.344999313354492,15910,0.0,0.0
2024-02-16 12:30:00-05:00,23.399999618530273,23.399999618530273,23.270000457763672,23.28499984741211,16287,0.0,0.0
2024-02-16 13:30:00-05:00,23.309999465942383,23.469999313354492,23.2450008392334,23.469999313354492,15580,0.0,0.0
2024-02-16 14:30:00-05:00,23.43000030517578,23.43000030517578,22.860000610351562,22.8700008392334,25389,0.0,0.0
2024-02-16 15:30:00-05:00,22.899999618530273,23.139999389648438,22.809999465942383,23.06999969482422,53994,0.0,0.0
2024-02-20 09:30:00-05:00,22.56999969482422,22.59000015258789,22.239999771118164,22.450000762939453,23541,0.0,0.0
2024-02-20 10:30:00-05:00,22.479999542236328,22.670000076293945,22.447500228881836,22.469999313354492,9261,0.0,0.0
2024-02-20 11:30:00-05:00,22.420000076293945,22.579999923706055,22.309999465942383,22.520000457763672,17543,0.0,0.0
2024-02-20 12:30:00-05:00,22.530000686645508,22.719999313354492,22.520000457763672,22.700000762939453,9111,0.0,0.0
2024-02-20 13:30:00-05:00,22.69499969482422,23.0,22.65999984741211,22.84000015258789,20676,0.0,0.0
2024-02-20 14:30:00-05:00,22.860000610351562,23.040000915527344,22.860000610351562,22.93000030517578,12517,0.0,0.0
2024-02-20 15:30:00-05:00,22.90999984741211,22.90999984741211,22.670000076293945,22.729999542236328,44818,0.0,0.0
2024-02-21 09:30:00-05:00,22.31999969482422,22.600000381469727,21.969999313354492,22.139999389648438,20697,0.0,0.0
2024-02-21 10:30:00-05:00,22.170000076293945,22.499099731445312,22.170000076293945,22.43000030517578,13657,0.0,0.0
2024-02-21 11:30:00-05:00,22.360000610351562,22.3700008392334,22.18000030517578,22.21500015258789,10761,0.0,0.0
2024-02-21 12:30:00-05:00,22.25,22.389999389648438,22.209999084472656,22.364999771118164,10909,0.0,0.0
2024-02-21 13:30:00-05:00,22.34000015258789,22.469999313354492,22.274999618530273,22.274999618530273,15428,0.0,0.0
2024-02-21 14:30:00-05:00,22.299999237060547,22.360000610351562,22.110000610351562,22.360000610351562,25416,0.0,0.0
2024-02-21 15:30:00-05:00,22.3700008392334,22.549999237060547,22.360000610351562,22.549999237060547,30812,0.0,0.0
2024-02-22 09:30:00-05:00,22.920000076293945,23.229999542236328,22.899999618530273,22.959999084472656,13786,0.0,0.0
2024-02-22 10:30:00-05:00,22.959999084472656,22.969999313354492,22.670000076293945,22.790000915527344,8625,0.0,0.0
2024-02-22 11:30:00-05:00,22.790000915527344,23.045000076293945,22.790000915527344,23.045000076293945,11056,0.0,0.0
2024-02-22 12:30:00-05:00,23.010000228881836,23.010000228881836,22.6200008392334,22.6200008392334,8580,0.0,0.0
2024-02-22 13:30:00-05:00,22.59910011291504,22.780000686645508,22.530000686645508,22.684999465942383,12969,0.0,0.0
2024-02-22 14:30:00-05:00,22.639999389648438,22.639999389648438,22.420000076293945,22.43000030517578,24932,0.0,0.0
2024-02-22 15:30:00-05:00,22.43000030517578,22.469999313354492,22.239999771118164,22.309999465942383,33009,0.0,0.0
2024-02-23 09:30:00-05:00,22.280000686645508,22.459999084472656,22.149999618530273,22.229999542236328,24903,0.0,0.0
2024-02-23 10:30:00-05:00,22.200000762939453,22.405000686645508,22.190000534057617,22.315000534057617,21255,0.0,0.0
2024-02-23 11:30:00-05:00,22.309999465942383,22.610000610351562,22.280000686645508,22.523799896240234,16643,0.0,0.0
2024-02-23 12:30:00-05:00,22.5,22.559999465942383,22.479999542236328,22.520000457763672,8929,0.0,0.0
2024-02-23 13:30:00-05:00,22.524999618530273,22.559999465942383,22.375,22.375,22977,0.0,0.0
2024-02-23 14:30:00-05:00,22.350000381469727,22.3700008392334,22.190000534057617,22.209999084472656,13408,0.0,0.0
2024-02-23 15:30:00-05:00,22.200000762939453,22.260000228881836,22.139999389648438,22.200000762939453,39259,0.0,0.0
2024-02-26 09:30:00-05:00,22.389999389648438,22.719999313354492,22.309999465942383,22.450000762939453,16350,0.0,0.0
2024-02-26 10:30:00-05:00,22.440000534057617,22.540000915527344,22.440000534057617,22.5,9752,0.0,0.0
2024-02-26 11:30:00-05:00,22.524999618530273,22.579999923706055,22.469999313354492,22.514999389648438,8136,0.0,0.0
2024-02-26 12:30:00-05:00,22.514999389648438,22.600000381469727,22.440000534057617,22.489999771118164,11441,0.0,0.0
2024-02-26 13:30:00-05:00,22.459999084472656,22.549999237060547,22.459999084472656,22.534000396728516,8944,0.0,0.0
2024-02-26 14:30:00-05:00,22.559999465942383,22.649999618530273,22.479999542236328,22.5,12682,0.0,0.0
2024-02-26 15:30:00-05:00,22.5,22.549999237060547,22.469999313354492,22.520000457763672,24848,0.0,0.0
2024-02-27 09:30:00-05:00,22.559999465942383,22.6200008392334,22.440000534057617,22.475000381469727,16762,0.0,0.0
2024-02-27 10:30:00-05:00,22.510000228881836,22.56999969482422,22.34000015258789,22.395000457763672,12859,0.0,0.0
2024-02-27 11:30:00-05:00,22.34000015258789,22.450000762939453,22.100000381469727,22.100000381469727,11872,0.0,0.0
2024-02-27 12:30:00-05:00,22.110000610351562,22.18000030517578,22.049999237060547,22.149999618530273,12411,0.0,0.0
2024-02-27 13:30:00-05:00,22.15999984741211,22.239999771118164,22.15999984741211,22.170000076293945,9821,0.0,0.0
2024-02-27 14:30:00-05:00,22.200000762939453,22.200000762939453,22.020000457763672,22.06999969482422,12104,0.0,0.0
2024-02-27 15:30:00-05:00,22.06999969482422,22.06999969482422,21.809999465942383,21.899999618530273,46176,0.0,0.0
2024-02-28 09:30:00-05:00,21.760000228881836,22.153600692749023,21.604999542236328,22.079999923706055,22277,0.0,0.0
2024-02-28 10:30:00-05:00,22.0,22.1200008392334,22.0,22.100000381469727,7062,0.0,0.0
2024-02-28 11:30:00-05:00,22.100000381469727,22.229999542236328,22.079999923706055,22.19499969482422,7507,0.0,0.0
2024-02-28 12:30:00-05:00,22.170000076293945,22.200000762939453,22.059999465942383,22.200000762939453,8331,0.0,0.0
2024-02-28 13:30:00-05:00,22.21500015258789,22.309999465942383,22.184999465942383,22.229999542236328,9886,0.0,0.0
2024-02-28 14:30:00-05:00,22.229999542236328,22.299999237060547,22.139999389648438,22.270000457763672,21609,0.0,0.0
2024-02-28 15:30:00-05:00,22.270000457763672,22.270000457763672,22.079999923706055,22.149999618530273,34509,0.0,0.0
2024-02-29 09:30:00-05:00,22.59000015258789,22.735000610351562,22.329999923706055,22.389999389648438,9795,0.0,0.0
2024-02-29 10:30:00-05:00,22.459999084472656,22.600000381469727,22.155000686645508,22.155000686645508,9083,0.0,0.0
2024-02-29 11:30:00-05:00,22.09000015258789,22.5,21.9950008392334,22.399999618530273,13245,0.0,0.0
2024-02-29 12:30:00-05:00,22.399999618530273,22.649999618530273,22.399999618530273,22.649999618530273,7861,0.0,0.0
2024-02-29 13:30:00-05:00,22.670000076293945,22.790000915527344,22.6200008392334,22.65999984741211,14604,0.0,0.0
2024-02-29 14:30:00-05:00,22.670000076293945,22.81999969482422,22.6200008392334,22.739999771118164,19055,0.0,0.0
2024-02-29 15:30:00-05:00,22.739999771118164,22.809999465942383,22.6200008392334,22.6200008392334,39618,0.0,0.0
2024-03-01 09:30:00-05:00,22.442699432373047,22.67690086364746,22.239999771118164,22.594999313354492,22404,0.0,0.0
2024-03-01 10:30:00-05:00,22.614999771118164,23.181900024414062,22.56999969482422,23.149999618530273,19610,0.0,0.0
2024-03-01 11:30:00-05:00,23.190000534057617,23.559999465942383,23.18000030517578,23.514999389648438,21332,0.0,0.0
2024-03-01 12:30:00-05:00,23.479999542236328,23.639999389648438,23.43000030517578,23.489999771118164,11855,0.0,0.0
2024-03-01 13:30:00-05:00,23.520000457763672,23.764999389648438,23.510000228881836,23.690000534057617,14169,0.0,0.0
2024-03-01 14:30:00-05:00,23.600000381469727,23.770000457763672,23.600000381469727,23.649999618530273,20401,0.0,0.0
2024-03-01 15:30:00-05:00,23.459999084472656,23.559999465942383,23.43000030517578,23.43000030517578,27050,0.0,0.0
2024-03-04 09:30:00-05:00,23.059999465942383,23.170000076293945,22.65999984741211,22.899999618530273,50009,0.0,0.0
2024-03-04 10:30:00-05:00,22.950000762939453,23.139999389648438,22.799999237060547,23.09000015258789,13532,0.0,0.0
2024-03-04 11:30:00-05:00,23.110000610351562,23.170000076293945,22.979999542236328,23.170000076293945,17370,0.0,0.0
2024-03-04 12:30:00-05:00,23.139999389648438,23.280000686645508,23.040000915527344,23.15999984741211,13285,0.0,0.0
2024-03-04 13:30:00-05:00,23.15999984741211,23.3799991607666,23.1200008392334,23.2450008392334,11332,0.0,0.0
2024-03-04 14:30:00-05:00,23.25,23.389999389648438,23.174999237060547,23.299999237060547,17745,0.0,0.0
2024-03-04 15:30:00-05:00,23.25,23.270000457763672,23.110000610351562,23.18000030517578,73208,0.0,0.0
2024-03-05 09:30:00-05:00,22.8700008392334,23.170000076293945,22.690000534057617,22.850000381469727,29950,0.0,0.0
2024-03-05 10:30:00-05:00,22.780000686645508,22.864999771118164,22.579999923706055,22.829999923706055,9205,0.0,0.0
2024-03-05 11:30:00-05:00,22.934999465942383,22.934999465942383,22.809999465942383,22.84000015258789,0,0.0,0.0
2024-03-05 12:30:00-05:00,22.889999389648438,22.959999084472656,22.450000762939453,22.450000762939453,6151,0.0,0.0
2024-03-05 13:30:00-05:00,22.440000534057617,22.510000228881836,22.34000015258789,22.510000228881836,13222,0.0,0.0
2024-03-05 14:30:00-05:00,22.5,22.59000015258789,22.399999618530273,22.5,10909,0.0,0.0
2024-03-05 15:30:00-05:00,22.4950008392334,22.610000610351562,22.43000030517578,22.450000762939453,68136,0.0,0.0
2024-03-06 09:30:00-05:00,22.530000686645508,22.809999465942383,22.530000686645508,22.690000534057617,18533,0.0,0.0
2024-03-06 10:30:00-05:00,22.729999542236328,22.9552001953125,22.729999542236328,22.927499771118164,0,0.0,0.0
2024-03-06 11:30:00-05:00,23.165000915527344,23.309999465942383,23.114999771118164,23.290000915527344,2599,0.0,0.0
2024-03-06 12:30:00-05:00,23.34000015258789,23.479999542236328,23.270000457763672,23.469999313354492,5795,0.0,0.0
2024-03-06 13:30:00-05:00,23.46500015258789,23.559999465942383,23.329999923706055,23.530000686645508,15490,0.0,0.0
2024-03-06 14:30:00-05:00,23.3799991607666,23.420000076293945,23.15999984741211,23.15999984741211,7186,0.0,0.0
2024-03-06 15:30:00-05:00,23.06999969482422,23.170000076293945,22.950000762939453,23.12299919128418,44419,0.0,0.0
2024-03-07 09:30:00-05:00,23.530000686645508,24.1200008392334,23.530000686645508,24.095600128173828,21440,0.0,0.0
2024-03-07 10:30:00-05:00,24.18000030517578,24.43000030517578,24.18000030517578,24.43000030517578,14406,0.0,0.0
2024-03-07 11:30:00-05:00,24.40999984741211,24.469999313354492,24.309999465942383,24.309999465942383,10454,0.0,0.0
2024-03-07 12:30:00-05:00,24.290000915527344,24.389999389648438,24.190000534057617,24.389999389648438,7195,0.0,0.0
2024-03-07 13:30:00-05:00,24.389999389648438,24.41349983215332,24.100000381469727,24.329999923706055,11211,0.0,0.0
2024-03-07 14:30:00-05:00,24.329999923706055,24.329999923706055,24.059999465942383,24.059999465942383,11473,0.0,0.0
2024-03-07 15:30:00-05:00,24.059999465942383,24.100000381469727,24.0,24.059999465942383,21363,0.0,0.0
2024-03-08 09:30:00-05:00,24.350000381469727,24.440000534057617,24.030000686645508,24.360000610351562,11604,0.0,0.0
2024-03-08 10:30:00-05:00,24.364999771118164,24.510000228881836,24.329999923706055,24.344999313354492,52104,0.0,0.0
2024-03-08 11:30:00-05:00,24.344999313354492,24.610000610351562,24.190000534057617,24.56999969482422,28352,0.0,0.0
2024-03-08 12:30:00-05:00,24.61989974975586,24.61989974975586,24.389999389648438,24.450000762939453,11647,0.0,0.0
2024-03-08 13:30:00-05:00,24.385000228881836,24.5,24.219999313354492,24.450000762939453,11805,0.0,0.0
2024-03-08 14:30:00-05:00,24.489999771118164,24.690000534057617,24.40999984741211,24.415000915527344,20484,0.0,0.0
2024-03-08 15:30:00-05:00,24.3799991607666,24.530000686645508,24.31999969482422,24.334999084472656,29567,0.0,0.0
2024-03-11 09:30:00-04:00,24.1299991607666,24.780000686645508,24.1299991607666,24.75,23674,0.0,0.0
2024-03-11 10:30:00-04:00,24.829999923706055,24.84000015258789,24.59000015258789,24.68000030517578,10280,0.0,0.0
2024-03-11 11:30:00-04:00,24.610000610351562,24.790000915527344,24.59000015258789,24.75,10116,0.0,0.0
2024-03-11 12:30:00-04:00,24.770000457763672,24.950000762939453,24.770000457763672,24.950000762939453,28148,0.0,0.0
2024-03-11 13:30:00-04:00,24.954999923706055,24.979999542236328,24.84000015258789,24.90999984741211,12502,0.0,0.0
2024-03-11 14:30:00-04:00,24.959999084472656,25.100000381469727,24.850000381469727,24.850000381469727,22719,0.0,0.0
2024-03-11 15:30:00-04:00,24.850000381469727,25.010000228881836,24.850000381469727,24.940000534057617,45613,0.0,0.0
2024-03-12 09:30:00-04:00,25.049999237060547,25.049999237060547,24.440000534057617,24.540000915527344,18214,0.0,0.0
2024-03-12 10:30:00-04:00,24.398000717163086,24.799999237060547,24.398000717163086,24.799999237060547,14326,0.0,0.0
2024-03-12 11:30:00-04:00,24.75,24.764999389648438,24.364999771118164,24.364999771118164,9893,0.0,0.0
2024-03-12 12:30:00-04:00,24.44499969482422,24.479999542236328,24.280000686645508,24.479999542236328,10651,0.0,0.0
2024-03-12 13:30:00-04:00,24.482500076293945,24.510000228881836,24.3799991607666,24.459999084472656,8882,0.0,0.0
2024-03-12 14:30:00-04:00,24.520000457763672,24.530000686645508,24.3700008392334,24.433000564575195,13435,0.0,0.0
2024-03-12 15:30:00-04:00,24.440000534057617,24.719999313354492,24.440000534057617,24.6299991607666,25660,0.0,0.0
2024-03-13 09:30:00-04:00,24.329999923706055,24.709999084472656,24.200000762939453,24.395000457763672,9208,0.0,0.0
2024-03-13 10:30:00-04:00,24.40999984741211,24.610000610351562,24.360000610351562,24.489999771118164,9306,0.0,0.0
2024-03-13 11:30:00-04:00,24.459999084472656,24.614999771118164,24.389999389648438,24.549999237060547,10125,0.0,0.0
2024-03-13 12:30:00-04:00,24.514999389648438,24.709999084472656,24.485000610351562,24.68000030517578,12435,0.0,0.0
2024-03-13 13:30:00-04:00,24.65999984741211,24.670000076293945,24.514999389648438,24.514999389648438,7970,0.0,0.0
2024-03-13 14:30:00-04:00,24.520000457763672,24.579999923706055,24.190000534057617,24.325000762939453,13003,0.0,0.0
2024-03-13 15:30:00-04:00,24.350000381469727,24.3799991607666,24.170000076293945,24.290000915527344,20573,0.0,0.0
2024-03-14 09:30:00-04:00,24.06999969482422,24.309999465942383,23.735000610351562,23.809999465942383,14973,0.0,0.0
2024-03-14 10:30:00-04:00,23.8799991607666,23.920000076293945,23.65999984741211,23.709999084472656,13266,0.0,0.0
2024-03-14 11:30:00-04:00,23.670000076293945,23.80500030517578,23.670000076293945,23.7549991607666,7773,0.0,0.0
2024-03-14 12:30:00-04:00,23.719999313354492,23.75,23.59000015258789,23.600000381469727,14951,0.0,0.0
2024-03-14 13:30:00-04:00,23.600000381469727,23.729999542236328,23.600000381469727,23.670000076293945,8227,0.0,0.0
2024-03-14 14:30:00-04:00,23.6299991607666,23.6299991607666,23.100000381469727,23.1299991607666,13662,0.0,0.0
2024-03-14 15:30:00-04:00,23.15999984741211,23.280000686645508,23.1200008392334,23.229999542236328,37238,0.0,0.0
2024-03-15 09:30:00-04:00,22.8700008392334,23.450000762939453,22.8700008392334,23.09000015258789,49240,0.0,0.0
2024-03-15 10:30:00-04:00,23.125,23.149999618530273,22.940000534057617,23.040000915527344,8564,0.0,0.0
2024-03-15 11:30:00-04:00,23.104999542236328,23.104999542236328,22.979999542236328,22.979999542236328,1788,0.0,0.0
2024-03-15 12:30:00-04:00,23.049999237060547,23.110000610351562,22.989999771118164,23.065000534057617,5300,0.0,0.0
2024-03-15 13:30:00-04:00,23.149999618530273,23.15999984741211,23.104999542236328,23.104999542236328,3012,0.0,0.0
2024-03-15 14:30:00-04:00,23.09000015258789,23.200000762939453,22.969999313354492,23.09000015258789,17523,0.0,0.0
2024-03-15 15:30:00-04:00,23.084999084472656,23.280000686645508,23.0,23.1200008392334,64348,0.0,0.0
2024-03-18 09:30:00-04:00,23.270000457763672,23.49570083618164,22.889999389648438,22.959999084472656,28997,0.0,0.0
2024-03-18 10:30:00-04:00,22.989999771118164,23.184999465942383,22.899999618530273,22.899999618530273,11792,0.0,0.0
2024-03-18 11:30:00-04:00,22.8700008392334,22.90999984741211,22.809999465942383,22.850000381469727,6047,0.0,0.0
2024-03-18 12:30:00-04:00,22.860000610351562,22.860000610351562,22.743999481201172,22.743999481201172,4435,0.0,0.0
2024-03-18 13:30:00-04:00,22.799999237060547,22.799999237060547,22.670000076293945,22.700000762939453,5705,0.0,0.0
2024-03-18 14:30:00-04:00,22.700000762939453,22.75,22.65999984741211,22.68000030517578,8231,0.0,0.0
2024-03-18 15:30:00-04:00,22.719999313354492,22.850000381469727,22.510000228881836,22.594999313354492,24874,0.0,0.0
2024-03-19 09:30:00-04:00,22.290000915527344,22.440000534057617,21.950000762939453,22.15999984741211,15656,0.0,0.0
2024-03-19 10:30:00-04:00,22.135000228881836,22.34000015258789,22.135000228881836,22.31999969482422,8749,0.0,0.0
2024-03-19 11:30:00-04:00,22.31999969482422,22.440000534057617,22.290000915527344,22.440000534057617,4424,0.0,0.0
2024-03-19 12:30:00-04:00,22.529399871826172,22.790000915527344,22.52899932861328,22.700000762939453,9750,0.0,0.0
2024-03-19 13:30:00-04:00,22.709999084472656,22.729999542236328,22.6200008392334,22.665000915527344,8134,0.0,0.0
2024-03-19 14:30:00-04:00,22.799999237060547,22.799999237060547,22.459999084472656,22.479999542236328,12306,0.0,0.0
2024-03-19 15:30:00-04:00,22.489999771118164,22.549999237060547,22.3700008392334,22.3799991607666,23573,0.0,0.0
2024-03-20 09:30:00-04:00,22.270000457763672,22.561599731445312,22.270000457763672,22.514999389648438,9226,0.0,0.0
2024-03-20 10:30:00-04:00,22.517000198364258,22.56999969482422,22.469999313354492,22.56999969482422,3144,0.0,0.0
2024-03-20 11:30:00-04:00,22.575000762939453,22.6299991607666,22.540000915527344,22.565000534057617,5721,0.0,0.0
2024-03-20 12:30:00-04:00,22.434999465942383,22.649999618530273,22.43000030517578,22.649999618530273,10927,0.0,0.0
2024-03-20 13:30:00-04:00,22.579999923706055,23.0,22.559999465942383,22.799999237060547,11562,0.0,0.0
2024-03-20 14:30:00-04:00,22.8799991607666,23.3799991607666,22.690000534057617,23.3799991607666,16576,0.0,0.0
2024-03-20 15:30:00-04:00,23.43000030517578,23.549999237060547,23.219999313354492,23.290000915527344,28616,0.0,0.0
2024-03-21 09:30:00-04:00,23.860000610351562,24.0,23.649999618530273,23.940000534057617,11651,0.0,0.0
2024-03-21 10:30:00-04:00,23.829999923706055,23.94499969482422,23.655000686645508,23.65999984741211,6881,0.0,0.0
2024-03-21 11:30:00-04:00,23.670000076293945,23.789600372314453,23.670000076293945,23.729999542236328,10017,0.0,0.0
2024-03-21 12:30:00-04:00,23.68000030517578,23.68000030517578,23.565000534057617,23.579999923706055,7593,0.0,0.0
2024-03-21 13:30:00-04:00,23.579999923706055,23.579999923706055,23.280000686645508,23.350000381469727,9880,0.0,0.0
2024-03-21 14:30:00-04:00,23.34000015258789,23.459999084472656,23.280000686645508,23.43000030517578,12038,0.0,0.0
2024-03-21 15:30:00-04:00,23.420000076293945,23.420000076293945,23.190000534057617,23.200000762939453,20588,0.0,0.0
2024-03-22 09:30:00-04:00,23.059999465942383,23.100000381469727,22.81999969482422,22.920000076293945,8958,0.0,0.0
2024-03-22 10:30:00-04:00,22.8700008392334,23.190000534057617,22.739999771118164,23.149999618530273,6732,0.0,0.0
2024-03-22 11:30:00-04:00,23.200000762939453,23.200000762939453,23.010000228881836,23.135000228881836,7174,0.0,0.0
2024-03-22 12:30:00-04:00,23.100000381469727,23.299999237060547,23.06999969482422,23.260000228881836,4255,0.0,0.0
2024-03-22 13:30:00-04:00,23.2947998046875,23.31999969482422,23.1200008392334,23.149999618530273,6373,0.0,0.0
2024-03-22 14:30:00-04:00,23.1200008392334,23.1200008392334,23.0,23.0,5312,0.0,0.0
2024-03-22 15:30:00-04:00,22.979999542236328,23.09000015258789,22.969999313354492,22.989999771118164,21015,0.0,0.0
2024-03-25 09:30:00-04:00,22.90999984741211,22.90999984741211,22.690000534057617,22.690000534057617,4693,0.0,0.0
2024-03-25 10:30:00-04:00,22.709999084472656,22.739999771118164,22.709999084472656,22.739999771118164,1500,0.0,0.0
2024-03-25 11:30:00-04:00,22.690000534057617,22.709999084472656,22.59000015258789,22.59000015258789,6121,0.0,0.0
2024-03-25 12:30:00-04:00,22.5,22.709999084472656,22.489999771118164,22.709999084472656,6619,0.0,0.0
2024-03-25 13:30:00-04:00,22.665000915527344,22.670000076293945,22.6200008392334,22.670000076293945,2231,0.0,0.0
2024-03-25 14:30:00-04:00,22.684999465942383,22.690000534057617,22.43000030517578,22.43000030517578,4981,0.0,0.0
2024-03-25 15:30:00-04:00,22.43000030517578,22.549999237060547,22.3799991607666,22.3799991607666,13535,0.0,0.0
2024-03-26 09:30:00-04:00,22.459999084472656,22.65999984741211,22.389999389648438,22.399999618530273,6670,0.0,0.0
2024-03-26 10:30:00-04:00,22.399999618530273,22.408000946044922,22.280000686645508,22.280000686645508,3114,0.0,0.0
2024-03-26 11:30:00-04:00,22.280000686645508,22.360000610351562,22.229999542236328,22.309999465942383,5589,0.0,0.0
2024-03-26 12:30:00-04:00,22.31999969482422,22.40049934387207,22.280000686645508,22.40049934387207,6407,0.0,0.0
2024-03-26 13:30:00-04:00,22.3799991607666,22.549999237060547,22.329999923706055,22.489999771118164,5271,0.0,0.0
2024-03-26 14:30:00-04:00,22.469999313354492,22.540000915527344,22.299999237060547,22.299999237060547,6965,0.0,0.0
2024-03-26 15:30:00-04:00,22.239999771118164,22.239999771118164,21.989999771118164,22.010000228881836,21344,0.0,0.0
2024-03-27 09:30:00-04:00,22.34000015258789,22.37820053100586,22.110000610351562,22.2549991607666,8385,0.0,0.0
2024-03-27 10:30:00-04:00,22.3700008392334,22.549999237060547,22.344999313354492,22.549999237060547,4079,0.0,0.0
2024-03-27 11:30:00-04:00,22.545000076293945,22.700000762939453,22.545000076293945,22.6299991607666,4367,0.0,0.0
2024-03-27 12:30:00-04:00,22.65999984741211,22.770000457763672,22.65999984741211,22.690000534057617,7941,0.0,0.0
2024-03-27 13:30:00-04:00,22.680099487304688,22.739999771118164,22.680099487304688,22.739999771118164,1707,0.0,0.0
2024-03-27 14:30:00-04:00,22.760000228881836,22.790000915527344,22.670000076293945,22.690000534057617,4856,0.0,0.0
2024-03-27 15:30:00-04:00,22.690000534057617,22.81999969482422,22.674999237060547,22.729999542236328,14151,0.0,0.0
2024-03-28 09:30:00-04:00,22.709999084472656,22.850000381469727,22.610000610351562,22.709999084472656,7177,0.0,0.0
2024-03-28 10:30:00-04:00,22.75,22.8174991607666,22.75,22.8174991607666,2520,0.0,0.0
2024-03-28 11:30:00-04:00,23.0,23.014999389648438,22.80500030517578,22.80500030517578,9161,0.0,0.0
2024-03-28 12:30:00-04:00,22.809999465942383,22.860000610351562,22.75,22.770000457763672,3869,0.0,0.0
2024-03-28 13:30:00-04:00,22.760000228881836,22.770000457763672,22.649999618530273,22.670000076293945,4431,0.0,0.0
2024-03-28 14:30:00-04:00,22.649999618530273,22.649999618530273,22.6299991607666,22.639999389648438,4155,0.0,0.0
2024-03-28 15:30:00-04:00,22.639999389648438,22.799999237060547,22.59000015258789,22.68000030517578,19695,0.0,0.0
2024-04-01 09:30:00-04:00,22.31999969482422,23.1200008392334,22.31999969482422,22.959999084472656,20278,0.0,0.0
2024-04-01 10:30:00-04:00,22.860000610351562,22.860000610351562,22.530000686645508,22.559999465942383,7719,0.0,0.0
2024-04-01 11:30:00-04:00,22.584999084472656,22.709999084472656,22.579999923706055,22.709999084472656,2977,0.0,0.0
2024-04-01 12:30:00-04:00,22.739999771118164,22.940000534057617,22.700000762939453,22.860000610351562,18525,0.0,0.0
2024-04-01 13:30:00-04:00,22.860000610351562,22.90999984741211,22.860000610351562,22.885000228881836,3214,0.0,0.0
2024-04-01 14:30:00-04:00,22.850000381469727,22.8799991607666,22.75,22.860000610351562,16020,0.0,0.0
2024-04-01 15:30:00-04:00,22.864999771118164,22.959999084472656,22.690000534057617,22.940000534057617,25572,0.0,0.0
2024-04-02 09:30:00-04:00,22.479999542236328,22.68000030517578,22.34000015258789,22.649999618530273,18329,0.0,0.0
2024-04-02 10:30:00-04:00,22.709999084472656,22.709999084472656,22.6200008392334,22.6200008392334,3373,0.0,0.0
2024-04-02 11:30:00-04:00,22.649999618530273,22.68000030517578,22.309999465942383,22.3700008392334,13892,0.0,0.0
2024-04-02 12:30:00-04:00,22.3799991607666,22.43000030517578,22.3799991607666,22.424999237060547,4402,0.0,0.0
2024-04-02 13:30:00-04:00,22.40999984741211,22.450000762939453,22.3700008392334,22.450000762939453,5962,0.0,0.0
2024-04-02 14:30:00-04:00,22.469999313354492,22.5,22.309999465942383,22.309999465942383,10581,0.0,0.0
2024-04-02 15:30:00-04:00,22.329999923706055,22.540000915527344,22.329999923706055,22.489999771118164,26893,0.0,0.0
2024-04-03 09:30:00-04:00,22.1200008392334,22.360000610351562,22.110000610351562,22.360000610351562,5338,0.0,0.0
2024-04-03 10:30:00-04:00,22.3799991607666,22.489999771118164,22.350000381469727,22.489999771118164,6046,0.0,0.0
2024-04-03 11:30:00-04:00,22.530000686645508,22.586000442504883,22.530000686645508,22.549999237060547,3795,0.0,0.0
2024-04-03 12:30:00-04:00,22.6200008392334,22.684999465942383,22.559999465942383,22.684999465942383,5643,0.0,0.0
2024-04-03 13:30:00-04:00,22.690000534057617,22.80500030517578,22.609600067138672,22.80500030517578,4369,0.0,0.0
2024-04-03 14:30:00-04:00,22.81999969482422,23.049999237060547,22.799999237060547,22.829999923706055,11760,0.0,0.0
2024-04-03 15:30:00-04:00,22.809999465942383,22.979999542236328,22.809999465942383,22.950000762939453,18145,0.0,0.0
2024-04-04 09:30:00-04:00,23.34000015258789,23.575000762939453,23.097700119018555,23.520000457763672,8126,0.0,0.0
2024-04-04 10:30:00-04:00,23.440000534057617,23.549999237060547,23.329999923706055,23.459999084472656,14241,0.0,0.0
2024-04-04 11:30:00-04:00,23.469999313354492,23.700000762939453,23.469999313354492,23.700000762939453,7519,0.0,0.0
2024-04-04 12:30:00-04:00,23.700000762939453,23.71500015258789,23.565000534057617,23.56999969482422,5371,0.0,0.0
2024-04-04 13:30:00-04:00,23.59000015258789,23.610000610351562,23.295000076293945,23.295000076293945,4245,0.0,0.0
2024-04-04 14:30:00-04:00,23.079999923706055,23.149999618530273,22.549999237060547,22.56999969482422,15134,0.0,0.0
2024-04-04 15:30:00-04:00,22.579999923706055,22.625,22.549999237060547,22.579999923706055,15362,0.0,0.0
2024-04-05 09:30:00-04:00,22.520000457763672,22.792499542236328,22.40999984741211,22.424999237060547,6292,0.0,0.0
2024-04-05 10:30:00-04:00,22.489999771118164,22.59000015258789,22.421300888061523,22.421300888061523,5347,0.0,0.0
2024-04-05 11:30:00-04:00,22.479999542236328,22.510000228881836,22.459999084472656,22.469999313354492,4631,0.0,0.0
2024-04-05 12:30:00-04:00,22.389999389648438,22.65999984741211,22.389999389648438,22.65999984741211,4795,0.0,0.0
2024-04-05 13:30:00-04:00,22.6200008392334,22.6200008392334,22.440000534057617,22.440000534057617,9954,0.0,0.0
2024-04-05 14:30:00-04:00,22.450000762939453,22.450000762939453,22.329999923706055,22.360000610351562,5249,0.0,0.0
2024-04-05 15:30:00-04:00,22.31999969482422,22.399999618530273,22.260000228881836,22.31999969482422,18089,0.0,0.0
2024-04-08 09:30:00-04:00,22.40999984741211,22.670000076293945,22.40999984741211,22.670000076293945,4199,0.0,0.0
2024-04-08 10:30:00-04:00,22.670000076293945,22.979999542236328,22.670000076293945,22.790000915527344,3909,0.0,0.0
2024-04-08 11:30:00-04:00,22.770000457763672,22.90999984741211,22.729999542236328,22.739999771118164,6046,0.0,0.0
2024-04-08 12:30:00-04:00,22.730100631713867,22.799999237060547,22.730100631713867,22.780000686645508,3760,0.0,0.0
2024-04-08 13:30:00-04:00,22.760000228881836,22.770000457763672,22.65999984741211,22.729999542236328,7343,0.0,0.0
2024-04-08 14:30:00-04:00,22.700000762939453,22.700000762939453,22.6427001953125,22.65999984741211,3984,0.0,0.0
2024-04-08 15:30:00-04:00,22.75,22.75,22.575000762939453,22.600000381469727,10374,0.0,0.0
2024-04-09 09:30:00-04:00,22.729999542236328,23.100000381469727,22.690000534057617,22.959999084472656,7876,0.0,0.0
2024-04-09 10:30:00-04:00,22.867000579833984,23.09000015258789,22.867000579833984,23.0,9669,0.0,0.0
2024-04-09 11:30:00-04:00,22.975000381469727,23.149999618530273,22.962499618530273,23.149999618530273,7420,0.0,0.0
2024-04-09 12:30:00-04:00,23.1299991607666,23.15999984741211,23.06999969482422,23.149999618530273,2556,0.0,0.0
2024-04-09 13:30:00-04:00,23.200000762939453,23.420000076293945,23.200000762939453,23.219999313354492,4094,0.0,0.0
2024-04-09 14:30:00-04:00,23.225000381469727,23.25,22.985000610351562,23.06999969482422,10857,0.0,0.0
2024-04-09 15:30:00-04:00,23.110000610351562,23.170000076293945,23.020000457763672,23.149999618530273,13367,0.0,0.0
2024-04-10 09:30:00-04:00,22.270000457763672,22.55419921875,22.020000457763672,22.290000915527344,14337,0.0,0.0
2024-04-10 10:30:00-04:00,22.420000076293945,22.420000076293945,22.212499618530273,22.235000610351562,6636,0.0,0.0
2024-04-10 11:30:00-04:00,22.229999542236328,22.260000228881836,21.90999984741211,21.969999313354492,10404,0.0,0.0
2024-04-10 12:30:00-04:00,22.040000915527344,22.040000915527344,21.7406005859375,21.809999465942383,5748,0.0,0.0
2024-04-10 13:30:00-04:00,21.700000762939453,21.799999237060547,21.68000030517578,21.75,8773,0.0,0.0
2024-04-10 14:30:00-04:00,21.719999313354492,23.1200008392334,21.700000762939453,21.959999084472656,10067,0.0,0.0
2024-04-10 15:30:00-04:00,21.889999389648438,21.889999389648438,21.729999542236328,21.790000915527344,16532,0.0,0.0
2024-04-11 09:30:00-04:00,21.969999313354492,22.175800323486328,21.729999542236328,21.729999542236328,6266,0.0,0.0
2024-04-11 10:30:00-04:00,21.760000228881836,21.889999389648438,21.760000228881836,21.844999313354492,3620,0.0,0.0
2024-04-11 11:30:00-04:00,21.850000381469727,22.030000686645508,21.850000381469727,21.959999084472656,4740,0.0,0.0
2024-04-11 12:30:00-04:00,21.93000030517578,22.059999465942383,21.93000030517578,22.059999465942383,5280,0.0,0.0
2024-04-11 13:30:00-04:00,22.049999237060547,22.079999923706055,22.010000228881836,22.059999465942383,5526,0.0,0.0
2024-04-11 14:30:00-04:00,22.06999969482422,22.1299991607666,22.020000457763672,22.1299991607666,5616,0.0,0.0
2024-04-11 15:30:00-04:00,22.1299991607666,22.165000915527344,22.059999465942383,22.110000610351562,16695,0.0,0.0
2024-04-12 09:30:00-04:00,21.760000228881836,21.760000228881836,21.364999771118164,21.40999984741211,9374,0.0,0.0
2024-04-12 10:30:00-04:00,21.329999923706055,21.440000534057617,21.299999237060547,21.440000534057617,4021,0.0,0.0
2024-04-12 11:30:00-04:00,21.5,21.5,21.31999969482422,21.31999969482422,6295,0.0,0.0
2024-04-12 12:30:00-04:00,21.280000686645508,21.420000076293945,21.270000457763672,21.360000610351562,8305,0.0,0.0
2024-04-12 13:30:00-04:00,21.28499984741211,21.389999389648438,21.260000228881836,21.34000015258789,4393,0.0,0.0
2024-04-12 14:30:00-04:00,21.280000686645508,21.280000686645508,21.110000610351562,21.149999618530273,13468,0.0,0.0
2024-04-12 15:30:00-04:00,21.139999389648438,21.219999313354492,21.09000015258789,21.18000030517578,24902,0.0,0.0
2024-04-15 09:30:00-04:00,21.209999084472656,21.209999084472656,20.8799991607666,20.8799991607666,13419,0.0,0.0
2024-04-15 10:30:00-04:00,20.885000228881836,20.920000076293945,20.696199417114258,20.809999465942383,5033,0.0,0.0
2024-04-15 11:30:00-04:00,20.84000015258789,20.920000076293945,20.84000015258789,20.850000381469727,19412,0.0,0.0
2024-04-15 12:30:00-04:00,20.889999389648438,20.899999618530273,20.677499771118164,20.677499771118164,6843,0.0,0.0
2024-04-15 13:30:00-04:00,20.540000915527344,20.719999313354492,20.5,20.663999557495117,8287,0.0,0.0
2024-04-15 14:30:00-04:00,20.65999984741211,20.65999984741211,20.479999542236328,20.479999542236328,8198,0.0,0.0
2024-04-15 15:30:00-04:00,20.510000228881836,20.56999969482422,20.479999542236328,20.530000686645508,17300,0.0,0.0
2024-04-16 09:30:00-04:00,20.360000610351562,20.360000610351562,20.200000762939453,20.219999313354492,11278,0.0,0.0
2024-04-16 10:30:00-04:00,20.270000457763672,20.469999313354492,20.174999237060547,20.469999313354492,11285,0.0,0.0
2024-04-16 11:30:00-04:00,20.40999984741211,20.454999923706055,20.360000610351562,20.420000076293945,4357,0.0,0.0
2024-04-16 12:30:00-04:00,20.440000534057617,20.46500015258789,20.360000610351562,20.360000610351562,6866,0.0,0.0
2024-04-16 13:30:00-04:00,20.299999237060547,20.545000076293945,20.209999084472656,20.545000076293945,13020,0.0,0.0
2024-04-16 14:30:00-04:00,20.56999969482422,20.69499969482422,20.540000915527344,20.690000534057617,13196,0.0,0.0
2024-04-16 15:30:00-04:00,20.65999984741211,20.65999984741211,20.399999618530273,20.420000076293945,20419,0.0,0.0
2024-04-17 09:30:00-04:00,20.540000915527344,20.540000915527344,20.094999313354492,20.149999618530273,8252,0.0,0.0
2024-04-17 10:30:00-04:00,20.09000015258789,20.219999313354492,20.079999923706055,20.1299991607666,6748,0.0,0.0
2024-04-17 11:30:00-04:00,20.030000686645508,20.100000381469727,19.920000076293945,19.920000076293945,7524,0.0,0.0
2024-04-17 12:30:00-04:00,19.934999465942383,20.049999237060547,19.90999984741211,20.049999237060547,6017,0.0,0.0
2024-04-17 13:30:00-04:00,20.084999084472656,20.084999084472656,19.850000381469727,19.90999984741211,8419,0.0,0.0
2024-04-17 14:30:00-04:00,19.91990089416504,20.0,19.65999984741211,19.65999984741211,11290,0.0,0.0
2024-04-17 15:30:00-04:00,19.649999618530273,19.729999542236328,19.510000228881836,19.530000686645508,24931,0.0,0.0
2024-04-18 09:30:00-04:00,19.489999771118164,19.489999771118164,19.25,19.270000457763672,8564,0.0,0.0
2024-04-18 10:30:00-04:00,19.280000686645508,19.68000030517578,19.280000686645508,19.68000030517578,5816,0.0,0.0
2024-04-18 11:30:00-04:00,19.56999969482422,19.59000015258789,19.450000762939453,19.450000762939453,7999,0.0,0.0
2024-04-18 12:30:00-04:00,19.40999984741211,19.4606990814209,19.310100555419922,19.399999618530273,5668,0.0,0.0
2024-04-18 13:30:00-04:00,19.360000610351562,19.360000610351562,19.135000228881836,19.135000228881836,4717,0.0,0.0
2024-04-18 14:30:00-04:00,19.06999969482422,19.18000030517578,19.059999465942383,19.18000030517578,9907,0.0,0.0
2024-04-18 15:30:00-04:00,19.239999771118164,19.239999771118164,19.125,19.174999237060547,21319,0.0,0.0
2024-04-19 09:30:00-04:00,19.0,19.229999542236328,18.889999389648438,18.969999313354492,13509,0.0,0.0
2024-04-19 10:30:00-04:00,19.020099639892578,19.065500259399414,18.81999969482422,18.829999923706055,8149,0.0,0.0
2024-04-19 11:30:00-04:00,18.8700008392334,18.93000030517578,18.799999237060547,18.850000381469727,15906,0.0,0.0
2024-04-19 12:30:00-04:00,18.899999618530273,19.03499984741211,18.889999389648438,18.93000030517578,8251,0.0,0.0
2024-04-19 13:30:00-04:00,18.889999389648438,18.899999618530273,18.850000381469727,18.854999542236328,12989,0.0,0.0
2024-04-19 14:30:00-04:00,18.854999542236328,18.8700008392334,18.600000381469727,18.68000030517578,15139,0.0,0.0
2024-04-19 15:30:00-04:00,18.649999618530273,18.729999542236328,18.583999633789062,18.690000534057617,25054,0.0,0.0
2024-04-22 09:30:00-04:00,18.940000534057617,19.040000915527344,18.700000762939453,18.729999542236328,9932,0.0,0.0
2024-04-22 10:30:00-04:00,18.670000076293945,18.770000457763672,18.559999465942383,18.665000915527344,11693,0.0,0.0
2024-04-22 11:30:00-04:00,18.6200008392334,18.850000381469727,18.56999969482422,18.825000762939453,7671,0.0,0.0
2024-04-22 12:30:00-04:00,18.809999465942383,18.969999313354492,18.770000457763672,18.969999313354492,11713,0.0,0.0
2024-04-22 13:30:00-04:00,18.950000762939453,19.040000915527344,18.90999984741211,18.940000534057617,12751,0.0,0.0
2024-04-22 14:30:00-04:00,18.979999542236328,19.1299991607666,18.950000762939453,18.969999313354492,18660,0.0,0.0
2024-04-22 15:30:00-04:00,18.920000076293945,18.940000534057617,18.780000686645508,18.940000534057617,23504,0.0,0.0
2024-04-23 09:30:00-04:00,18.920000076293945,19.579999923706055,18.920000076293945,19.510000228881836,13688,0.0,0.0
2024-04-23 10:30:00-04:00,19.5,19.59830093383789,19.420000076293945,19.59830093383789,9471,0.0,0.0
2024-04-23 11:30:00-04:00,19.540000915527344,19.600000381469727,19.530000686645508,19.530000686645508,5016,0.0,0.0
2024-04-23 12:30:00-04:00,19.530000686645508,19.549999237060547,19.43000030517578,19.440000534057617,7616,0.0,0.0
2024-04-23 13:30:00-04:00,19.485000610351562,19.635000228881836,19.475000381469727,19.600000381469727,6445,0.0,0.0
2024-04-23 14:30:00-04:00,19.56999969482422,19.600000381469727,19.420000076293945,19.450000762939453,10872,0.0,0.0
2024-04-23 15:30:00-04:00,19.389999389648438,19.399999618530273,19.260000228881836,19.309999465942383,23720,0.0,0.0
2024-04-24 09:30:00-04:00,19.329999923706055,19.860000610351562,19.18000030517578,19.739999771118164,13071,0.0,0.0
2024-04-24 10:30:00-04:00,19.75,19.8799991607666,19.65999984741211,19.700000762939453,11583,0.0,0.0
2024-04-24 11:30:00-04:00,19.65999984741211,19.799999237060547,19.65999984741211,19.770000457763672,11852,0.0,0.0
2024-04-24 12:30:00-04:00,19.760000228881836,19.834999084472656,19.739999771118164,19.809999465942383,5859,0.0,0.0
2024-04-24 13:30:00-04:00,19.790000915527344,19.860000610351562,19.729999542236328,19.729999542236328,9251,0.0,0.0
2024-04-24 14:30:00-04:00,19.639999389648438,19.639999389648438,19.510000228881836,19.56999969482422,8557,0.0,0.0
2024-04-24 15:30:00-04:00,19.610000610351562,19.735000610351562,19.610000610351562,19.690000534057617,21239,0.0,0.0
2024-04-25 09:30:00-04:00,19.479999542236328,19.7549991607666,19.479999542236328,19.7549991607666,6403,0.0,0.0
2024-04-25 10:30:00-04:00,19.790000915527344,19.825000762939453,19.709999084472656,19.760000228881836,12504,0.0,0.0
2024-04-25 11:30:00-04:00,19.739999771118164,19.760000228881836,19.719999313354492,19.735000610351562,4699,0.0,0.0
2024-04-25 12:30:00-04:00,19.770000457763672,19.799999237060547,19.709999084472656,19.739999771118164,8602,0.0,0.0
2024-04-25 13:30:00-04:00,19.790000915527344,19.934999465942383,19.790000915527344,19.825000762939453,5601,0.0,0.0
2024-04-25 14:30:00-04:00,19.790000915527344,19.950000762939453,19.790000915527344,19.93000030517578,8974,0.0,0.0
2024-04-25 15:30:00-04:00,19.920000076293945,19.920000076293945,19.735000610351562,19.770000457763672,20755,0.0,0.0
2024-04-26 09:30:00-04:00,19.81999969482422,19.989999771118164,19.81999969482422,19.899999618530273,7427,0.0,0.0
2024-04-26 10:30:00-04:00,19.950000762939453,19.979999542236328,19.950000762939453,19.969999313354492,1840,0.0,0.0
2024-04-26 11:30:00-04:00,19.950000762939453,19.979999542236328,19.948999404907227,19.959999084472656,3152,0.0,0.0
2024-04-26 12:30:00-04:00,19.979999542236328,20.202299118041992,19.969999313354492,20.170000076293945,8472,0.0,0.0
2024-04-26 13:30:00-04:00,20.209999084472656,20.209999084472656,20.06999969482422,20.06999969482422,3378,0.0,0.0
2024-04-26 14:30:00-04:00,20.09000015258789,20.110000610351562,20.040000915527344,20.040000915527344,3508,0.0,0.0
2024-04-26 15:30:00-04:00,20.0,20.030000686645508,19.959999084472656,19.979999542236328,15738,0.0,0.0
2024-04-29 09:30:00-04:00,20.139999389648438,20.5,20.08930015563965,20.5,14147,0.0,0.0
2024-04-29 10:30:00-04:00,20.479999542236328,20.479999542236328,20.389999389648438,20.469999313354492,2996,0.0,0.0
2024-04-29 11:30:00-04:00,20.40999984741211,20.420000076293945,20.350799560546875,20.420000076293945,6632,0.0,0.0
2024-04-29 12:30:00-04:00,20.41010093688965,20.520000457763672,20.34869956970215,20.420000076293945,5061,0.0,0.0
2024-04-29 13:30:00-04:00,20.389999389648438,20.510000228881836,20.3799991607666,20.459999084472656,6748,0.0,0.0
2024-04-29 14:30:00-04:00,20.440000534057617,20.479999542236328,20.299999237060547,20.389999389648438,7380,0.0,0.0
2024-04-29 15:30:00-04:00,20.399999618530273,20.43000030517578,20.350000381469727,20.350000381469727,14885,0.0,0.0
2024-04-30 09:30:00-04:00,20.15999984741211,20.360000610351562,20.15999984741211,20.30500030517578,7362,0.0,0.0
2024-04-30 10:30:00-04:00,20.360000610351562,20.360000610351562,20.25,20.31999969482422,7359,0.0,0.0
2024-04-30 11:30:00-04:00,20.3700008392334,20.415000915527344,20.31999969482422,20.415000915527344,5050,0.0,0.0
2024-04-30 12:30:00-04:00,20.350000381469727,20.350000381469727,20.260000228881836,20.280000686645508,3766,0.0,0.0
2024-04-30 13:30:00-04:00,20.25,20.31999969482422,20.25,20.299999237060547,3991,0.0,0.0
2024-04-30 14:30:00-04:00,20.31559944152832,20.420000076293945,20.31559944152832,20.420000076293945,13248,0.0,0.0
2024-04-30 15:30:00-04:00,20.402000427246094,20.43000030517578,20.260000228881836,20.260000228881836,17984,0.0,0.0
2024-05-01 09:30:00-04:00,20.059999465942383,20.239999771118164,19.735000610351562,19.854999542236328,10750,0.0,0.0
2024-05-01 10:30:00-04:00,19.829999923706055,19.975000381469727,19.829999923706055,19.969999313354492,8039,0.0,0.0
2024-05-01 11:30:00-04:00,19.989999771118164,20.052900314331055,19.8700008392334,19.979999542236328,6547,0.0,0.0
2024-05-01 12:30:00-04:00,19.940000534057617,19.950000762939453,19.860000610351562,19.889999389648438,4382,0.0,0.0
2024-05-01 13:30:00-04:00,19.889999389648438,19.985000610351562,19.84000015258789,19.96500015258789,7816,0.0,0.0
2024-05-01 14:30:00-04:00,20.010000228881836,20.559999465942383,19.8700008392334,20.229999542236328,12270,0.0,0.0
2024-05-01 15:30:00-04:00,20.229999542236328,20.229999542236328,19.780000686645508,19.780000686645508,21800,0.0,0.0
2024-05-02 09:30:00-04:00,20.1299991607666,20.1299991607666,19.59000015258789,19.68000030517578,9165,0.0,0.0
2024-05-02 10:30:00-04:00,19.620800018310547,19.969999313354492,19.6200008392334,19.709999084472656,9221,0.0,0.0
2024-05-02 11:30:00-04:00,19.68000030517578,19.780000686645508,19.68000030517578,19.780000686645508,5386,0.0,0.0
2024-05-02 12:30:00-04:00,19.799999237060547,19.90999984741211,19.770000457763672,19.90999984741211,4632,0.0,0.0
2024-05-02 13:30:00-04:00,19.860000610351562,19.8799991607666,19.790000915527344,19.8799991607666,4848,0.0,0.0
2024-05-02 14:30:00-04:00,19.8700008392334,20.1299991607666,19.8700008392334,20.110000610351562,10172,0.0,0.0
2024-05-02 15:30:00-04:00,20.110000610351562,20.1299991607666,19.985000610351562,20.1299991607666,16113,0.0,0.0
2024-05-03 09:30:00-04:00,20.690000534057617,20.8799991607666,20.3799991607666,20.3799991607666,9325,0.0,0.0
2024-05-03 10:30:00-04:00,20.375,20.626800537109375,20.375,20.530000686645508,7317,0.0,0.0
2024-05-03 11:30:00-04:00,20.5,20.559999465942383,20.489999771118164,20.510000228881836,4259,0.0,0.0
2024-05-03 12:30:00-04:00,20.450000762939453,20.459999084472656,20.280000686645508,20.280000686645508,4134,0.0,0.0
2024-05-03 13:30:00-04:00,20.260000228881836,20.469999313354492,20.260000228881836,20.469999313354492,8015,0.0,0.0
2024-05-03 14:30:00-04:00,20.469999313354492,20.469999313354492,20.280000686645508,20.350000381469727,10036,0.0,0.0
2024-05-03 15:30:00-04:00,20.350000381469727,20.530000686645508,20.350000381469727,20.530000686645508,11775,0.0,0.0
2024-05-06 09:30:00-04:00,20.684999465942383,20.850000381469727,20.600099563598633,20.7450008392334,6184,0.0,0.0
2024-05-06 10:30:00-04:00,20.666500091552734,20.764999389648438,20.530000686645508,20.760000228881836,5572,0.0,0.0
2024-05-06 11:30:00-04:00,20.75,20.954999923706055,20.75,20.8799991607666,3749,0.0,0.0
2024-05-06 12:30:00-04:00,20.875,20.889999389648438,20.809999465942383,20.889999389648438,3445,0.0,0.0
2024-05-06 13:30:00-04:00,20.864999771118164,20.989999771118164,20.864999771118164,20.979999542236328,3528,0.0,0.0
2024-05-06 14:30:00-04:00,21.010000228881836,21.030000686645508,20.799999237060547,20.8799991607666,10032,0.0,0.0
2024-05-06 15:30:00-04:00,20.875,20.96500015258789,20.84000015258789,20.96500015258789,12570,0.0,0.0
2024-05-07 09:30:00-04:00,20.93000030517578,21.15999984741211,20.93000030517578,21.15999984741211,5443,0.0,0.0
2024-05-07 10:30:00-04:00,21.229999542236328,21.360000610351562,21.149999618530273,21.209999084472656,11241,0.0,0.0
2024-05-07 11:30:00-04:00,21.209999084472656,21.28350067138672,20.979999542236328,21.139999389648438,18143,0.0,0.0
2024-05-07 12:30:00-04:00,21.145000457763672,21.209999084472656,21.020000457763672,21.079999923706055,11859,0.0,0.0
2024-05-07 13:30:00-04:00,21.049999237060547,21.049999237060547,20.93000030517578,21.0,7432,0.0,0.0
2024-05-07 14:30:00-04:00,21.030000686645508,21.030000686645508,20.920000076293945,20.940000534057617,12879,0.0,0.0
2024-05-07 15:30:00-04:00,20.920000076293945,20.940000534057617,20.780000686645508,20.780000686645508,30600,0.0,0.0
2024-05-08 09:30:00-04:00,20.459999084472656,20.635000228881836,20.450000762939453,20.635000228881836,10088,0.0,0.0
2024-05-08 10:30:00-04:00,20.790000915527344,20.875,20.770000457763672,20.770000457763672,4356,0.0,0.0
2024-05-08 11:30:00-04:00,20.6200008392334,20.780000686645508,20.6200008392334,20.770000457763672,4879,0.0,0.0
2024-05-08 12:30:00-04:00,20.75,20.899999618530273,20.75,20.885000228881836,6364,0.0,0.0
2024-05-08 13:30:00-04:00,20.950000762939453,20.989999771118164,20.940000534057617,20.979999542236328,5990,0.0,0.0
2024-05-08 14:30:00-04:00,21.030000686645508,21.040000915527344,20.920000076293945,21.040000915527344,10679,0.0,0.0
2024-05-08 15:30:00-04:00,21.06999969482422,21.209999084472656,21.030000686645508,21.149999618530273,22317,0.0,0.0
2024-05-09 09:30:00-04:00,20.0,20.258499145507812,19.0,20.258499145507812,40550,0.0,0.0
2024-05-09 10:30:00-04:00,20.010000228881836,20.15999984741211,19.739999771118164,19.75,18377,0.0,0.0
2024-05-09 11:30:00-04:00,19.75,19.90999984741211,19.739999771118164,19.87380027770996,13845,0.0,0.0
2024-05-09 12:30:00-04:00,19.770000457763672,19.969999313354492,19.7450008392334,19.954999923706055,14909,0.0,0.0
2024-05-09 13:30:00-04:00,19.969999313354492,20.12310028076172,19.905000686645508,19.959999084472656,19932,0.0,0.0
2024-05-09 14:30:00-04:00,19.979999542236328,20.280000686645508,19.959999084472656,20.165000915527344,22552,0.0,0.0
2024-05-09 15:30:00-04:00,20.149999618530273,20.415000915527344,20.1299991607666,20.25,39101,0.0,0.0
2024-05-10 09:30:00-04:00,19.959999084472656,20.045000076293945,19.600000381469727,19.84000015258789,20078,0.0,0.0
2024-05-10 10:30:00-04:00,19.86989974975586,19.8700008392334,19.479999542236328,19.8700008392334,23607,0.0,0.0
2024-05-10 11:30:00-04:00,19.844999313354492,19.844999313354492,19.639999389648438,19.68000030517578,9279,0.0,0.0
2024-05-10 12:30:00-04:00,19.68000030517578,19.729999542236328,19.4950008392334,19.4950008392334,8410,0.0,0.0
2024-05-10 13:30:00-04:00,19.48189926147461,19.604999542236328,19.46150016784668,19.579999923706055,11940,0.0,0.0
2024-05-10 14:30:00-04:00,19.584999084472656,19.809999465942383,19.584999084472656,19.6200008392334,16964,0.0,0.0
2024-05-10 15:30:00-04:00,19.594999313354492,19.65999984741211,19.56999969482422,19.639999389648438,19791,0.0,0.0
2024-05-13 09:30:00-04:00,19.649999618530273,19.90999984741211,19.516599655151367,19.899999618530273,21403,0.0,0.0
2024-05-13 10:30:00-04:00,19.889999389648438,20.100000381469727,19.889999389648438,19.959999084472656,21695,0.0,0.0
2024-05-13 11:30:00-04:00,19.959999084472656,20.040000915527344,19.920000076293945,20.040000915527344,11253,0.0,0.0
2024-05-13 12:30:00-04:00,20.020000457763672,20.020000457763672,19.905000686645508,19.915000915527344,12774,0.0,0.0
2024-05-13 13:30:00-04:00,19.90999984741211,19.93000030517578,19.790000915527344,19.844999313354492,13079,0.0,0.0
2024-05-13 14:30:00-04:00,19.84000015258789,19.8700008392334,19.719999313354492,19.829999923706055,21578,0.0,0.0
2024-05-13 15:30:00-04:00,19.825000762939453,19.825000762939453,19.459999084472656,19.469999313354492,43956,0.0,0.0
2024-05-14 09:30:00-04:00,19.790000915527344,20.149999618530273,19.790000915527344,20.104999542236328,13317,0.0,0.0
2024-05-14 10:30:00-04:00,20.049999237060547,20.139999389648438,19.989999771118164,20.09000015258789,14017,0.0,0.0
2024-05-14 11:30:00-04:00,20.079999923706055,20.079999923706055,19.950000762939453,19.975000381469727,9673,0.0,0.0
2024-05-14 12:30:00-04:00,19.973600387573242,19.979999542236328,19.790000915527344,19.81999969482422,11858,0.0,0.0
2024-05-14 13:30:00-04:00,19.860000610351562,19.93000030517578,19.860000610351562,19.8700008392334,9341,0.0,0.0
2024-05-14 14:30:00-04:00,19.8700008392334,20.0,19.8700008392334,20.0,13976,0.0,0.0
2024-05-14 15:30:00-04:00,20.040000915527344,20.09000015258789,19.989999771118164,20.084999084472656,18051,0.0,0.0
2024-05-15 09:30:00-04:00,20.43000030517578,20.43000030517578,20.15999984741211,20.235000610351562,13961,0.0,0.0
2024-05-15 10:30:00-04:00,20.299999237060547,20.670000076293945,20.299999237060547,20.520000457763672,15155,0.0,0.0
2024-05-15 11:30:00-04:00,20.510000228881836,20.68000030517578,20.510000228881836,20.68000030517578,8465,0.0,0.0
2024-05-15 12:30:00-04:00,20.649999618530273,20.700000762939453,20.530000686645508,20.530000686645508,10821,0.0,0.0
2024-05-15 13:30:00-04:00,20.5,20.56999969482422,20.469999313354492,20.520000457763672,5440,0.0,0.0
2024-05-15 14:30:00-04:00,20.489999771118164,20.53499984741211,20.360000610351562,20.360000610351562,14696,0.0,0.0
2024-05-15 15:30:00-04:00,20.350000381469727,20.44499969482422,20.329999923706055,20.43000030517578,22231,0.0,0.0
2024-05-16 09:30:00-04:00,20.290000915527344,20.290000915527344,20.110000610351562,20.15999984741211,7766,0.0,0.0
2024-05-16 10:30:00-04:00,20.174999237060547,20.225000381469727,20.059999465942383,20.08690071105957,16926,0.0,0.0
2024-05-16 11:30:00-04:00,20.040000915527344,20.1299991607666,20.010000228881836,20.1299991607666,9446,0.0,0.0
2024-05-16 12:30:00-04:00,20.125,20.190000534057617,20.049999237060547,20.1200008392334,11723,0.0,0.0
2024-05-16 13:30:00-04:00,20.110000610351562,20.110000610351562,20.010000228881836,20.079999923706055,10420,0.0,0.0
2024-05-16 14:30:00-04:00,20.06999969482422,20.110000610351562,20.010000228881836,20.059999465942383,17679,0.0,0.0
2024-05-16 15:30:00-04:00,20.020000457763672,20.209999084472656,19.933500289916992,20.200000762939453,49314,0.0,0.0
2024-05-17 09:30:00-04:00,20.31999969482422,20.43000030517578,20.184999465942383,20.389999389648438,11074,0.0,0.0
2024-05-17 10:30:00-04:00,20.3700008392334,20.59000015258789,20.3700008392334,20.549999237060547,6343,0.0,0.0
2024-05-17 11:30:00-04:00,20.530000686645508,20.540000915527344,20.43000030517578,20.43000030517578,9486,0.0,0.0
2024-05-17 12:30:00-04:00,20.43000030517578,20.43000030517578,20.309999465942383,20.329999923706055,5244,0.0,0.0
2024-05-17 13:30:00-04:00,20.325000762939453,20.329999923706055,20.125,20.125,8252,0.0,0.0
2024-05-17 14:30:00-04:00,20.125,20.329999923706055,20.125,20.260000228881836,14384,0.0,0.0
2024-05-17 15:30:00-04:00,20.219999313354492,20.270000457763672,20.110000610351562,20.15999984741211,31952,0.0,0.0
2024-05-20 09:30:00-04:00,20.139999389648438,20.25,19.979999542236328,20.09000015258789,9099,0.0,0.0
2024-05-20 10:30:00-04:00,20.119199752807617,20.219999313354492,20.119199752807617,20.15999984741211,8653,0.0,0.0
2024-05-20 11:30:00-04:00,20.135000228881836,20.264999389648438,20.045000076293945,20.065000534057617,16396,0.0,0.0
2024-05-20 12:30:00-04:00,20.05500030517578,20.125,20.020000457763672,20.020000457763672,7259,0.0,0.0
2024-05-20 13:30:00-04:00,20.0,20.020000457763672,19.985000610351562,20.014999389648438,8814,0.0,0.0
2024-05-20 14:30:00-04:00,20.010000228881836,20.100000381469727,20.0,20.0,25372,0.0,0.0
2024-05-20 15:30:00-04:00,20.010000228881836,20.1299991607666,20.0,20.1200008392334,48835,0.0,0.0
2024-05-21 09:30:00-04:00,19.829999923706055,20.15999984741211,19.829999923706055,20.15999984741211,13546,0.0,0.0
2024-05-21 10:30:00-04:00,20.100000381469727,20.190000534057617,20.075000762939453,20.170000076293945,7442,0.0,0.0
2024-05-21 11:30:00-04:00,20.059999465942383,20.280000686645508,20.049999237060547,20.275400161743164,9234,0.0,0.0
2024-05-21 12:30:00-04:00,20.280000686645508,20.350000381469727,20.2549991607666,20.2549991607666,6682,0.0,0.0
2024-05-21 13:30:00-04:00,20.290000915527344,20.40999984741211,20.290000915527344,20.389999389648438,9149,0.0,0.0
2024-05-21 14:30:00-04:00,20.3700008392334,20.389999389648438,20.34000015258789,20.360000610351562,9383,0.0,0.0
2024-05-21 15:30:00-04:00,20.341999053955078,20.399999618530273,20.309999465942383,20.309999465942383,11781,0.0,0.0
2024-05-22 09:30:00-04:00,20.329999923706055,20.510000228881836,20.209999084472656,20.209999084472656,7504,0.0,0.0
2024-05-22 10:30:00-04:00,20.200000762939453,20.61989974975586,20.200000762939453,20.489999771118164,12166,0.0,0.0
2024-05-22 11:30:00-04:00,20.475000381469727,20.475000381469727,20.170000076293945,20.209999084472656,31764,0.0,0.0
2024-05-22 12:30:00-04:00,20.209999084472656,20.399999618530273,20.209999084472656,20.290000915527344,7248,0.0,0.0
2024-05-22 13:30:00-04:00,20.280000686645508,20.3700008392334,20.0,20.010000228881836,21066,0.0,0.0
2024-05-22 14:30:00-04:00,20.0,20.06999969482422,19.9950008392334,20.010000228881836,12083,0.0,0.0
2024-05-22 15:30:00-04:00,20.030000686645508,20.149999618530273,19.93199920654297,20.030000686645508,28858,0.0,0.0
2024-05-23 09:30:00-04:00,20.270000457763672,20.270000457763672,19.954999923706055,20.0,13137,0.0,0.0
2024-05-23 10:30:00-04:00,20.0,20.014999389648438,19.81999969482422,19.8799991607666,17196,0.0,0.0
2024-05-23 11:30:00-04:00,19.875,19.940000534057617,19.84000015258789,19.880300521850586,7089,0.0,0.0
2024-05-23 12:30:00-04:00,19.899999618530273,19.905000686645508,19.530000686645508,19.565000534057617,14113,0.0,0.0
2024-05-23 13:30:00-04:00,19.520000457763672,19.565000534057617,19.1299991607666,19.155000686645508,19350,0.0,0.0
2024-05-23 14:30:00-04:00,19.155000686645508,19.190000534057617,18.989999771118164,19.0,36352,0.0,0.0
2024-05-23 15:30:00-04:00,19.03230094909668,19.290000915527344,19.03230094909668,19.290000915527344,49163,0.0,0.0
2024-05-24 09:30:00-04:00,19.5,19.93000030517578,19.5,19.8799991607666,14527,0.0,0.0
2024-05-24 10:30:00-04:00,19.899999618530273,20.030000686645508,19.8700008392334,19.889999389648438,21281,0.0,0.0
2024-05-24 11:30:00-04:00,19.889999389648438,20.0,19.889999389648438,19.959999084472656,11399,0.0,0.0
2024-05-24 12:30:00-04:00,20.0,20.0,19.940000534057617,19.959999084472656,10828,0.0,0.0
2024-05-24 13:30:00-04:00,19.950000762939453,19.96500015258789,19.850000381469727,19.889999389648438,14588,0.0,0.0
2024-05-24 14:30:00-04:00,19.850000381469727,19.860000610351562,19.6299991607666,19.6299991607666,21050,0.0,0.0
2024-05-24 15:30:00-04:00,19.610000610351562,19.739999771118164,19.570600509643555,19.68000030517578,22218,0.0,0.0
2024-05-28 09:30:00-04:00,19.829999923706055,20.059999465942383,19.780000686645508,19.81999969482422,12365,0.0,0.0
2024-05-28 10:30:00-04:00,19.709999084472656,19.934999465942383,19.690099716186523,19.93000030517578,7896,0.0,0.0
2024-05-28 11:30:00-04:00,19.979999542236328,20.0049991607666,19.90999984741211,19.95870018005371,8216,0.0,0.0
2024-05-28 12:30:00-04:00,19.954500198364258,20.010000228881836,19.825000762939453,19.825000762939453,4681,0.0,0.0
2024-05-28 13:30:00-04:00,19.809999465942383,20.1200008392334,19.809999465942383,19.959999084472656,24963,0.0,0.0
2024-05-28 14:30:00-04:00,19.93000030517578,19.93000030517578,19.829999923706055,19.84000015258789,9672,0.0,0.0
2024-05-28 15:30:00-04:00,19.829999923706055,19.8799991607666,19.799999237060547,19.850000381469727,24522,0.0,0.0
2024-05-29 09:30:00-04:00,19.530000686645508,19.755399703979492,19.420000076293945,19.739999771118164,7557,0.0,0.0
2024-05-29 10:30:00-04:00,19.739999771118164,19.739999771118164,19.5,19.610000610351562,6730,0.0,0.0
2024-05-29 11:30:00-04:00,19.559999465942383,19.6200008392334,19.549999237060547,19.579999923706055,4458,0.0,0.0
2024-05-29 12:30:00-04:00,19.600000381469727,19.690000534057617,19.579999923706055,19.690000534057617,11343,0.0,0.0
2024-05-29 13:30:00-04:00,19.670000076293945,19.729999542236328,19.665000915527344,19.729999542236328,9144,0.0,0.0
2024-05-29 14:30:00-04:00,19.709999084472656,19.860000610351562,19.6299991607666,19.850000381469727,22361,0.0,0.0
2024-05-29 15:30:00-04:00,19.799999237060547,19.81999969482422,19.729999542236328,19.739999771118164,51810,0.0,0.0
2024-05-30 09:30:00-04:00,19.790000915527344,19.834999084472656,19.760000228881836,19.81999969482422,4736,0.0,0.0
2024-05-30 10:30:00-04:00,19.81369972229004,19.920000076293945,19.780000686645508,19.915000915527344,11674,0.0,0.0
2024-05-30 11:30:00-04:00,19.93000030517578,20.059999465942383,19.919599533081055,20.059999465942383,7124,0.0,0.0
2024-05-30 12:30:00-04:00,20.010000228881836,20.010000228881836,19.979999542236328,20.0,5607,0.0,0.0
2024-05-30 13:30:00-04:00,20.020000457763672,20.020000457763672,19.8700008392334,19.889999389648438,7872,0.0,0.0
2024-05-30 14:30:00-04:00,19.889999389648438,19.959999084472656,19.809999465942383,19.899999618530273,14727,0.0,0.0
2024-05-30 15:30:00-04:00,19.895000457763672,19.895000457763672,19.641000747680664,19.65999984741211,32286,0.0,0.0
2024-05-31 09:30:00-04:00,19.780000686645508,20.020000457763672,19.548799514770508,19.625,8071,0.0,0.0
2024-05-31 10:30:00-04:00,19.5408992767334,19.684999465942383,19.459999084472656,19.649999618530273,12161,0.0,0.0
2024-05-31 11:30:00-04:00,19.6200008392334,19.690000534057617,19.549999237060547,19.610000610351562,14708,0.0,0.0
2024-05-31 12:30:00-04:00,19.65999984741211,19.709999084472656,19.510000228881836,19.709999084472656,18552,0.0,0.0
2024-05-31 13:30:00-04:00,19.65999984741211,19.719999313354492,19.489999771118164,19.579999923706055,17672,0.0,0.0
2024-05-31 14:30:00-04:00,19.540000915527344,19.93000030517578,19.540000915527344,19.889999389648438,24376,0.0,0.0
2024-05-31 15:30:00-04:00,19.899999618530273,19.940000534057617,19.829999923706055,19.915000915527344,35515,0.0,0.0
2024-06-03 09:30:00-04:00,20.350000381469727,20.40250015258789,19.450000762939453,19.602500915527344,9877,0.0,0.0
2024-06-03 10:30:00-04:00,19.614999771118164,19.649999618530273,19.450000762939453,19.6299991607666,9763,0.0,0.0
2024-06-03 11:30:00-04:00,19.59000015258789,19.71500015258789,19.475000381469727,19.579999923706055,12359,0.0,0.0
2024-06-03 12:30:00-04:00,19.584999084472656,19.600000381469727,19.440000534057617,19.524999618530273,8916,0.0,0.0
2024-06-03 13:30:00-04:00,19.542499542236328,19.670000076293945,19.40999984741211,19.649999618530273,28606,0.0,0.0
2024-06-03 14:30:00-04:00,19.674999237060547,19.75,19.665000915527344,19.704999923706055,11595,0.0,0.0
2024-06-03 15:30:00-04:00,19.649999618530273,19.670000076293945,19.450000762939453,19.479999542236328,31665,0.0,0.0
2024-06-04 09:30:00-04:00,19.3799991607666,19.510000228881836,19.290000915527344,19.40999984741211,12039,0.0,0.0
2024-06-04 10:30:00-04:00,19.479999542236328,19.530000686645508,19.440000534057617,19.489999771118164,6757,0.0,0.0
2024-06-04 11:30:00-04:00,19.489999771118164,19.540000915527344,19.43000030517578,19.5,14956,0.0,0.0
2024-06-04 12:30:00-04:00,19.530000686645508,19.610000610351562,19.450000762939453,19.469999313354492,9230,0.0,0.0
2024-06-04 13:30:00-04:00,19.479999542236328,19.579999923706055,19.475000381469727,19.55500030517578,13698,0.0,0.0
2024-06-04 14:30:00-04:00,19.540000915527344,19.55500030517578,19.3799991607666,19.405000686645508,22644,0.0,0.0
2024-06-04 15:30:00-04:00,19.405000686645508,19.59000015258789,19.405000686645508,19.459999084472656,22931,0.0,0.0
2024-06-05 09:30:00-04:00,19.709999084472656,19.920000076293945,19.6200008392334,19.914499282836914,5556,0.0,0.0
2024-06-05 10:30:00-04:00,19.94499969482422,19.94499969482422,19.775299072265625,19.889999389648438,6416,0.0,0.0
2024-06-05 11:30:00-04:00,19.950000762939453,19.959999084472656,19.950000762939453,19.950000762939453,3310,0.0,0.0
2024-06-05 12:30:00-04:00,19.969999313354492,20.06369972229004,19.969999313354492,19.989999771118164,5953,0.0,0.0
2024-06-05 13:30:00-04:00,20.010000228881836,20.200000762939453,20.010000228881836,20.1200008392334,10701,0.0,0.0
2024-06-05 14:30:00-04:00,20.100000381469727,20.1742000579834,20.079999923706055,20.079999923706055,10319,0.0,0.0
2024-06-05 15:30:00-04:00,20.1200008392334,20.270000457763672,20.100000381469727,20.229999542236328,18381,0.0,0.0
2024-06-06 09:30:00-04:00,20.079999923706055,20.125,19.799999237060547,20.040000915527344,9173,0.0,0.0
2024-06-06 10:30:00-04:00,20.040000915527344,20.1200008392334,20.040000915527344,20.1200008392334,4490,0.0,0.0
2024-06-06 11:30:00-04:00,20.118099212646484,20.15999984741211,20.100000381469727,20.100000381469727,3268,0.0,0.0
2024-06-06 12:30:00-04:00,20.049999237060547,20.219999313354492,19.99570083618164,20.200000762939453,6442,0.0,0.0
2024-06-06 13:30:00-04:00,20.209999084472656,20.290000915527344,20.139999389648438,20.166500091552734,8502,0.0,0.0
2024-06-06 14:30:00-04:00,20.18000030517578,20.31999969482422,20.18000030517578,20.270000457763672,8341,0.0,0.0
2024-06-06 15:30:00-04:00,20.290000915527344,20.299999237060547,20.190000534057617,20.239999771118164,17467,0.0,0.0
2024-06-07 09:30:00-04:00,20.030000686645508,20.155000686645508,20.030000686645508,20.149999618530273,6835,0.0,0.0
2024-06-07 10:30:00-04:00,20.159000396728516,20.229999542236328,19.860000610351562,19.93000030517578,8892,0.0,0.0
2024-06-07 11:30:00-04:00,20.0,20.100000381469727,19.959999084472656,20.060400009155273,4090,0.0,0.0
2024-06-07 12:30:00-04:00,20.100000381469727,20.170000076293945,20.0,20.139999389648438,7959,0.0,0.0
2024-06-07 13:30:00-04:00,20.139999389648438,20.15999984741211,19.979999542236328,20.065000534057617,12198,0.0,0.0
2024-06-07 14:30:00-04:00,20.06999969482422,20.1299991607666,20.040000915527344,20.06999969482422,11281,0.0,0.0
2024-06-07 15:30:00-04:00,20.09000015258789,20.15999984741211,20.079999923706055,20.079999923706055,21668,0.0,0.0
2024-06-10 09:30:00-04:00,19.729999542236328,20.09000015258789,19.514999389648438,20.09000015258789,15410,0.0,0.0
2024-06-10 10:30:00-04:00,20.09000015258789,20.165000915527344,20.0049991607666,20.149999618530273,14391,0.0,0.0
2024-06-10 11:30:00-04:00,20.170000076293945,20.350000381469727,20.135000228881836,20.31999969482422,9378,0.0,0.0
2024-06-10 12:30:00-04:00,20.290000915527344,20.350000381469727,20.25,20.349899291992188,12412,0.0,0.0
2024-06-10 13:30:00-04:00,20.364999771118164,20.389999389648438,20.239999771118164,20.270000457763672,12313,0.0,0.0
2024-06-10 14:30:00-04:00,20.270000457763672,20.43000030517578,20.270000457763672,20.43000030517578,14932,0.0,0.0
2024-06-10 15:30:00-04:00,20.43000030517578,20.5,20.3799991607666,20.5,25882,0.0,0.0
2024-06-11 09:30:00-04:00,20.25,20.25,19.885000228881836,20.06999969482422,11157,0.0,0.0
2024-06-11 10:30:00-04:00,20.075000762939453,20.209999084472656,20.075000762939453,20.1200008392334,7067,0.0,0.0
2024-06-11 11:30:00-04:00,20.125,20.277700424194336,20.059999465942383,20.219999313354492,8982,0.0,0.0
2024-06-11 12:30:00-04:00,20.219999313354492,20.239999771118164,20.094999313354492,20.15999984741211,8690,0.0,0.0
2024-06-11 13:30:00-04:00,20.18000030517578,20.31999969482422,20.18000030517578,20.25,11381,0.0,0.0
2024-06-11 14:30:00-04:00,20.25,20.315000534057617,20.200000762939453,20.229999542236328,15140,0.0,0.0
2024-06-11 15:30:00-04:00,20.229999542236328,20.40999984741211,20.190000534057617,20.40999984741211,23808,0.0,0.0
2024-06-12 09:30:00-04:00,21.0,21.59000015258789,20.850000381469727,21.523500442504883,20873,0.0,0.0
2024-06-12 10:30:00-04:00,21.450000762939453,21.69499969482422,21.399999618530273,21.43000030517578,16683,0.0,0.0
2024-06-12 11:30:00-04:00,21.40999984741211,21.6200008392334,21.40999984741211,21.5,7462,0.0,0.0
2024-06-12 12:30:00-04:00,21.489900588989258,21.582500457763672,21.459999084472656,21.5,9475,0.0,0.0
2024-06-12 13:30:00-04:00,21.450000762939453,21.450000762939453,21.239999771118164,21.375,10028,0.0,0.0
2024-06-12 14:30:00-04:00,21.364999771118164,21.364999771118164,21.1299991607666,21.1299991607666,18316,0.0,0.0
2024-06-12 15:30:00-04:00,21.100000381469727,21.260000228881836,21.030000686645508,21.187000274658203,18158,0.0,0.0
2024-06-13 09:30:00-04:00,21.25,21.290599822998047,20.639999389648438,20.709999084472656,11378,0.0,0.0
2024-06-13 10:30:00-04:00,20.6299991607666,20.645000457763672,20.479999542236328,20.549999237060547,12187,0.0,0.0
2024-06-13 11:30:00-04:00,20.650100708007812,20.674999237060547,20.56999969482422,20.56999969482422,7504,0.0,0.0
2024-06-13 12:30:00-04:00,20.510000228881836,20.6200008392334,20.485300064086914,20.56999969482422,5796,0.0,0.0
2024-06-13 13:30:00-04:00,20.570999145507812,20.72249984741211,20.479999542236328,20.71500015258789,18790,0.0,0.0
2024-06-13 14:30:00-04:00,20.700000762939453,20.700000762939453,20.579999923706055,20.6200008392334,9884,0.0,0.0
2024-06-13 15:30:00-04:00,20.610000610351562,20.690000534057617,20.520000457763672,20.540000915527344,24093,0.0,0.0
2024-06-14 09:30:00-04:00,20.260000228881836,20.260000228881836,20.010000228881836,20.065000534057617,19478,0.0,0.0
2024-06-14 10:30:00-04:00,20.040000915527344,20.15999984741211,20.040000915527344,20.100000381469727,7601,0.0,0.0
2024-06-14 11:30:00-04:00,20.100000381469727,20.44499969482422,20.030000686645508,20.389999389648438,20153,0.0,0.0
2024-06-14 12:30:00-04:00,20.385000228881836,20.385000228881836,20.170000076293945,20.2549991607666,14762,0.0,0.0
2024-06-14 13:30:00-04:00,20.264999389648438,20.28459930419922,20.180099487304688,20.28459930419922,7245,0.0,0.0
2024-06-14 14:30:00-04:00,20.239999771118164,20.264999389648438,20.18000030517578,20.209999084472656,11389,0.0,0.0
2024-06-14 15:30:00-04:00,20.219999313354492,20.229999542236328,20.1200008392334,20.18000030517578,18534,0.0,0.0
2024-06-17 09:30:00-04:00,20.15999984741211,20.190000534057617,19.729999542236328,19.729999542236328,18495,0.0,0.0
2024-06-17 10:30:00-04:00,19.725000381469727,19.832399368286133,19.624000549316406,19.760000228881836,18684,0.0,0.0
2024-06-17 11:30:00-04:00,19.760000228881836,19.760000228881836,19.547700881958008,19.604999542236328,16108,0.0,0.0
2024-06-17 12:30:00-04:00,19.579999923706055,19.790000915527344,19.579999923706055,19.78499984741211,11849,0.0,0.0
2024-06-17 13:30:00-04:00,19.75,19.860000610351562,19.719999313354492,19.829999923706055,15836,0.0,0.0
2024-06-17 14:30:00-04:00,19.81999969482422,19.920000076293945,19.799999237060547,19.889999389648438,11797,0.0,0.0
2024-06-17 15:30:00-04:00,19.889999389648438,20.020000457763672,19.8799991607666,19.950000762939453,29547,0.0,0.0
2024-06-18 09:30:00-04:00,19.90999984741211,19.93000030517578,19.80500030517578,19.864999771118164,15245,0.0,0.0
2024-06-18 10:30:00-04:00,19.8799991607666,19.8799991607666,19.68000030517578,19.72100067138672,14999,0.0,0.0
2024-06-18 11:30:00-04:00,19.719999313354492,19.719999313354492,19.639999389648438,19.670000076293945,11184,0.0,0.0
2024-06-18 12:30:00-04:00,19.649999618530273,19.65999984741211,19.56999969482422,19.56999969482422,17213,0.0,0.0
2024-06-18 13:30:00-04:00,19.4950008392334,19.5,19.329999923706055,19.360000610351562,14152,0.0,0.0
2024-06-18 14:30:00-04:00,19.399999618530273,19.399999618530273,19.25,19.334999084472656,18586,0.0,0.0
2024-06-18 15:30:00-04:00,19.334999084472656,19.3700008392334,19.25,19.360000610351562,38965,0.0,0.0
2024-06-20 09:30:00-04:00,19.219999313354492,19.31999969482422,18.989999771118164,19.059999465942383,18427,0.0,0.0
2024-06-20 10:30:00-04:00,19.100000381469727,19.229999542236328,19.040000915527344,19.09000015258789,16173,0.0,0.0
2024-06-20 11:30:00-04:00,19.040000915527344,19.06999969482422,18.969999313354492,19.06999969482422,13156,0.0,0.0
2024-06-20 12:30:00-04:00,19.040000915527344,19.1299991607666,19.040000915527344,19.059999465942383,10419,0.0,0.0
2024-06-20 13:30:00-04:00,19.049999237060547,19.200000762939453,18.959999084472656,19.184999465942383,16508,0.0,0.0
2024-06-20 14:30:00-04:00,19.190000534057617,19.190000534057617,19.079999923706055,19.1299991607666,15976,0.0,0.0
2024-06-20 15:30:00-04:00,19.1200008392334,19.200000762939453,18.950000762939453,18.979999542236328,43121,0.0,0.0
2024-06-21 09:30:00-04:00,18.989999771118164,19.184999465942383,18.94499969482422,19.184999465942383,50867,0.0,0.0
2024-06-21 10:30:00-04:00,19.184999465942383,19.350000381469727,19.170000076293945,19.264999389648438,12088,0.0,0.0
2024-06-21 11:30:00-04:00,19.260000228881836,19.360000610351562,19.110000610351562,19.360000610351562,26939,0.0,0.0
2024-06-21 12:30:00-04:00,19.399999618530273,19.43000030517578,19.290000915527344,19.350000381469727,18455,0.0,0.0
2024-06-21 13:30:00-04:00,19.360000610351562,19.43000030517578,19.350000381469727,19.399999618530273,14420,0.0,0.0
2024-06-21 14:30:00-04:00,19.395000457763672,19.395000457763672,19.084999084472656,19.115100860595703,29198,0.0,0.0
2024-06-21 15:30:00-04:00,19.1200008392334,19.209999084472656,19.059999465942383,19.15999984741211,39384,0.0,0.0
2024-06-24 09:30:00-04:00,19.260000228881836,19.260000228881836,18.920000076293945,18.989999771118164,19126,0.0,0.0
2024-06-24 10:30:00-04:00,19.010000228881836,19.15999984741211,18.920000076293945,19.020000457763672,14452,0.0,0.0
2024-06-24 11:30:00-04:00,19.020000457763672,19.030000686645508,18.790000915527344,18.84000015258789,18833,0.0,0.0
2024-06-24 12:30:00-04:00,18.79010009765625,18.850000381469727,18.665000915527344,18.665000915527344,20696,0.0,0.0
2024-06-24 13:30:00-04:00,18.68000030517578,18.68000030517578,18.5,18.510000228881836,11052,0.0,0.0
2024-06-24 14:30:00-04:00,18.5,18.68000030517578,18.5,18.6299991607666,15122,0.0,0.0
2024-06-24 15:30:00-04:00,18.6200008392334,18.700000762939453,18.5,18.530000686645508,42490,0.0,0.0
2024-06-25 09:30:00-04:00,18.559999465942383,18.594999313354492,18.34000015258789,18.4950008392334,8242,0.0,0.0
2024-06-25 10:30:00-04:00,18.4950008392334,18.540000915527344,18.329999923706055,18.329999923706055,12862,0.0,0.0
2024-06-25 11:30:00-04:00,18.375,18.420000076293945,18.34000015258789,18.420000076293945,7969,0.0,0.0
2024-06-25 12:30:00-04:00,18.3799991607666,18.3799991607666,18.309999465942383,18.329999923706055,7379,0.0,0.0
2024-06-25 13:30:00-04:00,18.360000610351562,18.389999389648438,18.350000381469727,18.350000381469727,7243,0.0,0.0
2024-06-25 14:30:00-04:00,18.34000015258789,18.399999618530273,18.25,18.399999618530273,12702,0.0,0.0
2024-06-25 15:30:00-04:00,18.3700008392334,18.459999084472656,18.329999923706055,18.389999389648438,39014,0.0,0.0
2024-06-26 09:30:00-04:00,18.3799991607666,18.53499984741211,18.329999923706055,18.329999923706055,6480,0.0,0.0
2024-06-26 10:30:00-04:00,18.334999084472656,18.334999084472656,18.229999542236328,18.31999969482422,13000,0.0,0.0
2024-06-26 11:30:00-04:00,18.350000381469727,18.451799392700195,18.350000381469727,18.40999984741211,6109,0.0,0.0
2024-06-26 12:30:00-04:00,18.399999618530273,18.400100708007812,18.2549991607666,18.299999237060547,7373,0.0,0.0
2024-06-26 13:30:00-04:00,18.28499984741211,18.3799991607666,18.28499984741211,18.3799991607666,9273,0.0,0.0
2024-06-26 14:30:00-04:00,18.34000015258789,18.375,18.260000228881836,18.350000381469727,16302,0.0,0.0
2024-06-26 15:30:00-04:00,18.389999389648438,18.540000915527344,18.389999389648438,18.520000457763672,16485,0.0,0.0
2024-06-27 09:30:00-04:00,18.559999465942383,18.645000457763672,18.469999313354492,18.4950008392334,6536,0.0,0.0
2024-06-27 10:30:00-04:00,18.549999237060547,18.684999465942383,18.549999237060547,18.6299991607666,11327,0.0,0.0
2024-06-27 11:30:00-04:00,18.649999618530273,18.94499969482422,18.450000762939453,18.93000030517578,18143,0.0,0.0
2024-06-27 12:30:00-04:00,18.8700008392334,18.940000534057617,18.780000686645508,18.93000030517578,16972,0.0,0.0
2024-06-27 13:30:00-04:00,18.93000030517578,19.079999923706055,18.93000030517578,19.079999923706055,18849,0.0,0.0
2024-06-27 14:30:00-04:00,19.100000381469727,19.200000762939453,19.09000015258789,19.1200008392334,13674,0.0,0.0
2024-06-27 15:30:00-04:00,19.15999984741211,19.34000015258789,19.15999984741211,19.270000457763672,51413,0.0,0.0
2024-06-28 09:30:00-04:00,19.40999984741211,19.600000381469727,19.31999969482422,19.510000228881836,10070,0.0,0.0
2024-06-28 10:30:00-04:00,19.5,19.530000686645508,19.3700008392334,19.3700008392334,6668,0.0,0.0
2024-06-28 11:30:00-04:00,19.3700008392334,19.479999542236328,19.3700008392334,19.459999084472656,6689,0.0,0.0
2024-06-28 12:30:00-04:00,19.360000610351562,19.395000457763672,19.34000015258789,19.34000015258789,3638,0.0,0.0
2024-06-28 13:30:00-04:00,19.329999923706055,19.3700008392334,19.29010009765625,19.318199157714844,8623,0.0,0.0
2024-06-28 14:30:00-04:00,19.31999969482422,19.360000610351562,19.209999084472656,19.21500015258789,11036,0.0,0.0
2024-06-28 15:30:00-04:00,19.200000762939453,19.3799991607666,19.145000457763672,19.260000228881836,24045,0.0,0.0
2024-07-01 09:30:00-04:00,19.309999465942383,19.309999465942383,18.65999984741211,18.65999984741211,11736,0.0,0.0
2024-07-01 10:30:00-04:00,18.610000610351562,18.670000076293945,18.510000228881836,18.510000228881836,11520,0.0,0.0
2024-07-01 11:30:00-04:00,18.459999084472656,18.59000015258789,18.459999084472656,18.559999465942383,9101,0.0,0.0
2024-07-01 12:30:00-04:00,18.510000228881836,18.510000228881836,18.420000076293945,18.459999084472656,8500,0.0,0.0
2024-07-01 13:30:00-04:00,18.43000030517578,18.440000534057617,18.280000686645508,18.420000076293945,9746,0.0,0.0
2024-07-01 14:30:00-04:00,18.309999465942383,18.415000915527344,18.309999465942383,18.329999923706055,13311,0.0,0.0
2024-07-01 15:30:00-04:00,18.329999923706055,18.56999969482422,18.329999923706055,18.549999237060547,36923,0.0,0.0
2024-07-02 09:30:00-04:00,18.549999237060547,18.889999389648438,18.549999237060547,18.780000686645508,15310,0.0,0.0
2024-07-02 10:30:00-04:00,18.709999084472656,18.770000457763672,18.610000610351562,18.610000610351562,7682,0.0,0.0
2024-07-02 11:30:00-04:00,18.65999984741211,18.690000534057617,18.600000381469727,18.633499145507812,6892,0.0,0.0
2024-07-02 12:30:00-04:00,18.568500518798828,18.760000228881836,18.56719970703125,18.739999771118164,9512,0.0,0.0
2024-07-02 13:30:00-04:00,18.690000534057617,18.75,18.690000534057617,18.729999542236328,5721,0.0,0.0
2024-07-02 14:30:00-04:00,18.700000762939453,18.760000228881836,18.670000076293945,18.729999542236328,11315,0.0,0.0
2024-07-02 15:30:00-04:00,18.75,18.757999420166016,18.670000076293945,18.729999542236328,16716,0.0,0.0
2024-07-03 09:30:00-04:00,18.719999313354492,18.760000228881836,18.579999923706055,18.649999618530273,8840,0.0,0.0
2024-07-03 10:30:00-04:00,18.700000762939453,18.84000015258789,18.610000610351562,18.795400619506836,11126,0.0,0.0
2024-07-03 11:30:00-04:00,18.81999969482422,18.81999969482422,18.719999313354492,18.770000457763672,8979,0.0,0.0
2024-07-05 09:30:00-04:00,18.670000076293945,18.81999969482422,18.579999923706055,18.6200008392334,7325,0.0,0.0
2024-07-05 10:30:00-04:00,18.59000015258789,18.8799991607666,18.59000015258789,18.81999969482422,10370,0.0,0.0
2024-07-05 11:30:00-04:00,18.799999237060547,19.0,18.780000686645508,19.0,7939,0.0,0.0
2024-07-05 12:30:00-04:00,18.940000534057617,18.940000534057617,18.860000610351562,18.895000457763672,6081,0.0,0.0
2024-07-05 13:30:00-04:00,18.920000076293945,19.030000686645508,18.90999984741211,18.940000534057617,8353,0.0,0.0
2024-07-05 14:30:00-04:00,18.920000076293945,18.940000534057617,18.899999618530273,18.899999618530273,3953,0.0,0.0
2024-07-05 15:30:00-04:00,18.889999389648438,19.0,18.889999389648438,18.920000076293945,19232,0.0,0.0
2024-07-08 09:30:00-04:00,18.989999771118164,19.315000534057617,18.989999771118164,19.209999084472656,6830,0.0,0.0
2024-07-08 10:30:00-04:00,19.15999984741211,19.56999969482422,19.15999984741211,19.350000381469727,11115,0.0,0.0
2024-07-08 11:30:00-04:00,19.290000915527344,19.299999237060547,19.239999771118164,19.2450008392334,6427,0.0,0.0
2024-07-08 12:30:00-04:00,19.334999084472656,19.360000610351562,19.260000228881836,19.295000076293945,6934,0.0,0.0
2024-07-08 13:30:00-04:00,19.270000457763672,19.280000686645508,19.25119972229004,19.255699157714844,5788,0.0,0.0
2024-07-08 14:30:00-04:00,19.229999542236328,19.239999771118164,19.100000381469727,19.18000030517578,7963,0.0,0.0
2024-07-08 15:30:00-04:00,19.190000534057617,19.260000228881836,19.18000030517578,19.200000762939453,13452,0.0,0.0
2024-07-09 09:30:00-04:00,19.239999771118164,19.40999984741211,19.059999465942383,19.059999465942383,10540,0.0,0.0
2024-07-09 10:30:00-04:00,19.020000457763672,19.065000534057617,18.850000381469727,18.934999465942383,4740,0.0,0.0
2024-07-09 11:30:00-04:00,18.920000076293945,18.959999084472656,18.8799991607666,18.931900024414062,4914,0.0,0.0
2024-07-09 12:30:00-04:00,18.93000030517578,18.93000030517578,18.8799991607666,18.8799991607666,4728,0.0,0.0
2024-07-09 13:30:00-04:00,18.920000076293945,19.010000228881836,18.889999389648438,18.989999771118164,4522,0.0,0.0
2024-07-09 14:30:00-04:00,19.0,19.02989959716797,18.918800354003906,18.918800354003906,7138,0.0,0.0
2024-07-09 15:30:00-04:00,18.850000381469727,18.969999313354492,18.850000381469727,18.959999084472656,13128,0.0,0.0
2024-07-10 09:30:00-04:00,19.06999969482422,19.434999465942383,18.915800094604492,19.26449966430664,12611,0.0,0.0
2024-07-10 10:30:00-04:00,19.239999771118164,19.53499984741211,19.239999771118164,19.440000534057617,12710,0.0,0.0
2024-07-10 11:30:00-04:00,19.420000076293945,19.5,19.34000015258789,19.479999542236328,9970,0.0,0.0
2024-07-10 12:30:00-04:00,19.479999542236328,19.479999542236328,19.350000381469727,19.420000076293945,6370,0.0,0.0
2024-07-10 13:30:00-04:00,19.44499969482422,19.450000762939453,19.40999984741211,19.450000762939453,2383,0.0,0.0
2024-07-10 14:30:00-04:00,19.440000534057617,19.440000534057617,19.329999923706055,19.389999389648438,6286,0.0,0.0
2024-07-10 15:30:00-04:00,19.40999984741211,19.524999618530273,19.399999618530273,19.489999771118164,13126,0.0,0.0
2024-07-11 09:30:00-04:00,20.100000381469727,20.280000686645508,19.790000915527344,20.280000686645508,12080,0.0,0.0
2024-07-11 10:30:00-04:00,20.240100860595703,20.360000610351562,20.18000030517578,20.229999542236328,12173,0.0,0.0
2024-07-11 11:30:00-04:00,20.200000762939453,20.200000762939453,19.979999542236328,19.979999542236328,11935,0.0,0.0
2024-07-11 12:30:00-04:00,20.079999923706055,20.100000381469727,19.959999084472656,20.06999969482422,9185,0.0,0.0
2024-07-11 13:30:00-04:00,20.040000915527344,20.079999923706055,19.940000534057617,19.954999923706055,5660,0.0,0.0
2024-07-11 14:30:00-04:00,19.989999771118164,20.075000762939453,19.950000762939453,19.950000762939453,11537,0.0,0.0
2024-07-11 15:30:00-04:00,20.010000228881836,20.075000762939453,19.81999969482422,19.8700008392334,23142,0.0,0.0
2024-07-12 09:30:00-04:00,19.979999542236328,20.600000381469727,19.979999542236328,20.600000381469727,11555,0.0,0.0
2024-07-12 10:30:00-04:00,20.65999984741211,20.68709945678711,20.510000228881836,20.552499771118164,5853,0.0,0.0
2024-07-12 11:30:00-04:00,20.393600463867188,20.540000915527344,20.31999969482422,20.31999969482422,5331,0.0,0.0
2024-07-12 12:30:00-04:00,20.329999923706055,20.489999771118164,20.329999923706055,20.489999771118164,4896,0.0,0.0
2024-07-12 13:30:00-04:00,20.485000610351562,20.485000610351562,20.311500549316406,20.360000610351562,5749,0.0,0.0
2024-07-12 14:30:00-04:00,20.34000015258789,20.549999237060547,20.329999923706055,20.350000381469727,15195,0.0,0.0
2024-07-12 15:30:00-04:00,20.270000457763672,20.3700008392334,20.190000534057617,20.260000228881836,22471,0.0,0.0
2024-07-15 09:30:00-04:00,20.350000381469727,20.59000015258789,20.299999237060547,20.59000015258789,8353,0.0,0.0
2024-07-15 10:30:00-04:00,20.68000030517578,20.850000381469727,20.68000030517578,20.799999237060547,6107,0.0,0.0
2024-07-15 11:30:00-04:00,20.809999465942383,20.889999389648438,20.649999618530273,20.729999542236328,6617,0.0,0.0
2024-07-15 12:30:00-04:00,20.68000030517578,20.739999771118164,20.59000015258789,20.690000534057617,6640,0.0,0.0
2024-07-15 13:30:00-04:00,20.719999313354492,20.719999313354492,20.600000381469727,20.674999237060547,4641,0.0,0.0
2024-07-15 14:30:00-04:00,20.739999771118164,20.889999389648438,20.65999984741211,20.889999389648438,12030,0.0,0.0
2024-07-15 15:30:00-04:00,20.799999237060547,20.885000228881836,20.68600082397461,20.81999969482422,21346,0.0,0.0
2024-07-16 09:30:00-04:00,20.989999771118164,21.270000457763672,20.989999771118164,21.09000015258789,19814,0.0,0.0
2024-07-16 10:30:00-04:00,21.209999084472656,21.469999313354492,21.180099487304688,21.469999313354492,5166,0.0,0.0
2024-07-16 11:30:00-04:00,21.350000381469727,21.389999389648438,21.270000457763672,21.30500030517578,6549,0.0,0.0
2024-07-16 12:30:00-04:00,21.299999237060547,21.3700008392334,21.299999237060547,21.31999969482422,2992,0.0,0.0
2024-07-16 13:30:00-04:00,21.3799991607666,21.510000228881836,21.31999969482422,21.469999313354492,6745,0.0,0.0
2024-07-16 14:30:00-04:00,21.479999542236328,21.600000381469727,21.469999313354492,21.549999237060547,12330,0.0,0.0
2024-07-16 15:30:00-04:00,21.559999465942383,21.700000762939453,21.520000457763672,21.670000076293945,21127,0.0,0.0
2024-07-17 09:30:00-04:00,21.239999771118164,21.56999969482422,21.059999465942383,21.235000610351562,13047,0.0,0.0
2024-07-17 10:30:00-04:00,21.110000610351562,21.30500030517578,21.104999542236328,21.25,10677,0.0,0.0
2024-07-17 11:30:00-04:00,21.25,21.25,20.801700592041016,20.854999542236328,14823,0.0,0.0
2024-07-17 12:30:00-04:00,20.860000610351562,20.93000030517578,20.760000228881836,20.80500030517578,7574,0.0,0.0
2024-07-17 13:30:00-04:00,20.854999542236328,21.0,20.799999237060547,20.90999984741211,6989,0.0,0.0
2024-07-17 14:30:00-04:00,20.889999389648438,21.030000686645508,20.780000686645508,21.020000457763672,15127,0.0,0.0
2024-07-17 15:30:00-04:00,21.020000457763672,21.15999984741211,20.94499969482422,21.040000915527344,36493,0.0,0.0
2024-07-18 09:30:00-04:00,21.049999237060547,21.260000228881836,20.860000610351562,21.114999771118164,5910,0.0,0.0
2024-07-18 10:30:00-04:00,21.1200008392334,21.1200008392334,20.6299991607666,20.6299991607666,12522,0.0,0.0
2024-07-18 11:30:00-04:00,20.580900192260742,20.700000762939453,20.440000534057617,20.510000228881836,10315,0.0,0.0
2024-07-18 12:30:00-04:00,20.450000762939453,20.67569923400879,20.450000762939453,20.6299991607666,6933,0.0,0.0
2024-07-18 13:30:00-04:00,20.520099639892578,20.559999465942383,20.260000228881836,20.329999923706055,7825,0.0,0.0
2024-07-18 14:30:00-04:00,20.280000686645508,20.280000686645508,19.989999771118164,20.059999465942383,11801,0.0,0.0
2024-07-18 15:30:00-04:00,20.100000381469727,20.42959976196289,20.079999923706055,20.28499984741211,19733,0.0,0.0
2024-07-19 09:30:00-04:00,20.329999923706055,20.329999923706055,19.780000686645508,19.780000686645508,12275,0.0,0.0
2024-07-19 10:30:00-04:00,19.799999237060547,19.8700008392334,19.579999923706055,19.579999923706055,7889,0.0,0.0
2024-07-19 11:30:00-04:00,19.600000381469727,19.834999084472656,19.520000457763672,19.75,8080,0.0,0.0
2024-07-19 12:30:00-04:00,19.729999542236328,19.954999923706055,19.65999984741211,19.950000762939453,7830,0.0,0.0
2024-07-19 13:30:00-04:00,19.8799991607666,19.989999771118164,19.875,19.8799991607666,4845,0.0,0.0
2024-07-19 14:30:00-04:00,19.84000015258789,19.90999984741211,19.739999771118164,19.90999984741211,9038,0.0,0.0
2024-07-19 15:30:00-04:00,19.8799991607666,19.8799991607666,19.719999313354492,19.770000457763672,11144,0.0,0.0
2024-07-22 09:30:00-04:00,20.040000915527344,20.09480094909668,19.829999923706055,19.989999771118164,10155,0.0,0.0
2024-07-22 10:30:00-04:00,19.985000610351562,20.229999542236328,19.985000610351562,20.110000610351562,9305,0.0,0.0
2024-07-22 11:30:00-04:00,20.030000686645508,20.26930046081543,20.020000457763672,20.200000762939453,6970,0.0,0.0
2024-07-22 12:30:00-04:00,20.200000762939453,20.350000381469727,20.200000762939453,20.329999923706055,7126,0.0,0.0
2024-07-22 13:30:00-04:00,20.360000610351562,20.399999618530273,20.25,20.344999313354492,8444,0.0,0.0
2024-07-22 14:30:00-04:00,20.3799991607666,20.700000762939453,20.3799991607666,20.6299991607666,13551,0.0,0.0
2024-07-22 15:30:00-04:00,20.68000030517578,20.704999923706055,20.53499984741211,20.559999465942383,29872,0.0,0.0
2024-07-23 09:30:00-04:00,20.5,20.690000534057617,20.219999313354492,20.690000534057617,10595,0.0,0.0
2024-07-23 10:30:00-04:00,20.59000015258789,20.694900512695312,20.59000015258789,20.694900512695312,3631,0.0,0.0
2024-07-23 11:30:00-04:00,20.75909996032715,20.75909996032715,20.639999389648438,20.639999389648438,3959,0.0,0.0
2024-07-23 12:30:00-04:00,20.59000015258789,20.59000015258789,20.530000686645508,20.59000015258789,5966,0.0,0.0
2024-07-23 13:30:00-04:00,20.579999923706055,20.674999237060547,20.530000686645508,20.639999389648438,6664,0.0,0.0
2024-07-23 14:30:00-04:00,20.6299991607666,20.84000015258789,20.6299991607666,20.84000015258789,8193,0.0,0.0
2024-07-23 15:30:00-04:00,20.780000686645508,20.809999465942383,20.600000381469727,20.610000610351562,16177,0.0,0.0
2024-07-24 09:30:00-04:00,20.34000015258789,20.34000015258789,19.954999923706055,20.31999969482422,7810,0.0,0.0
2024-07-24 10:30:00-04:00,20.350000381469727,20.389999389648438,20.049999237060547,20.079999923706055,4851,0.0,0.0
2024-07-24 11:30:00-04:00,20.094999313354492,20.110000610351562,20.010000228881836,20.020000457763672,5849,0.0,0.0
2024-07-24 12:30:00-04:00,19.8799991607666,19.90999984741211,19.84000015258789,19.90999984741211,5503,0.0,0.0
2024-07-24 13:30:00-04:00,19.90999984741211,20.06999969482422,19.90999984741211,20.0,14335,0.0,0.0
2024-07-24 14:30:00-04:00,19.950000762939453,19.969999313354492,19.821300506591797,19.90999984741211,19186,0.0,0.0
2024-07-24 15:30:00-04:00,19.90999984741211,20.010000228881836,19.790000915527344,19.889999389648438,25552,0.0,0.0
2024-07-25 09:30:00-04:00,19.850000381469727,19.850000381469727,19.219999313354492,19.549999237060547,16351,0.0,0.0
2024-07-25 10:30:00-04:00,19.709999084472656,20.079999923706055,19.639999389648438,19.93000030517578,11641,0.0,0.0
2024-07-25 11:30:00-04:00,19.8700008392334,20.06999969482422,19.829999923706055,20.06999969482422,6998,0.0,0.0
2024-07-25 12:30:00-04:00,20.139999389648438,20.309999465942383,20.040000915527344,20.219999313354492,15061,0.0,0.0
2024-07-25 13:30:00-04:00,20.15999984741211,20.190000534057617,20.040000915527344,20.040000915527344,6273,0.0,0.0
2024-07-25 14:30:00-04:00,20.100000381469727,20.15999984741211,19.950000762939453,20.0,27364,0.0,0.0
2024-07-25 15:30:00-04:00,19.979999542236328,19.989999771118164,19.739999771118164,19.790000915527344,18412,0.0,0.0
2024-07-26 09:30:00-04:00,20.260000228881836,20.530000686645508,20.15999984741211,20.459999084472656,19372,0.0,0.0
2024-07-26 10:30:00-04:00,20.459999084472656,20.479999542236328,20.075000762939453,20.25,19144,0.0,0.0
2024-07-26 11:30:00-04:00,20.204999923706055,20.579999923706055,20.204999923706055,20.56999969482422,15193,0.0,0.0
2024-07-26 12:30:00-04:00,20.559999465942383,20.655000686645508,20.549999237060547,20.649999618530273,7527,0.0,0.0
2024-07-26 13:30:00-04:00,20.639999389648438,20.700000762939453,20.360000610351562,20.399999618530273,7292,0.0,0.0
2024-07-26 14:30:00-04:00,20.399999618530273,20.469999313354492,20.270000457763672,20.420000076293945,14122,0.0,0.0
2024-07-26 15:30:00-04:00,20.391000747680664,20.600000381469727,20.364999771118164,20.594999313354492,15029,0.0,0.0
2024-07-29 09:30:00-04:00,20.639999389648438,20.834999084472656,20.545000076293945,20.604999542236328,23628,0.0,0.0
2024-07-29 10:30:00-04:00,20.46500015258789,20.729999542236328,20.15999984741211,20.260000228881836,12858,0.0,0.0
2024-07-29 11:30:00-04:00,20.239999771118164,20.40999984741211,20.155000686645508,20.344999313354492,7845,0.0,0.0
2024-07-29 12:30:00-04:00,20.28499984741211,20.309999465942383,20.15999984741211,20.15999984741211,8031,0.0,0.0
2024-07-29 13:30:00-04:00,20.125,20.235000610351562,20.1200008392334,20.219999313354492,8751,0.0,0.0
2024-07-29 14:30:00-04:00,20.1200008392334,20.260000228881836,20.100000381469727,20.239999771118164,13355,0.0,0.0
2024-07-29 15:30:00-04:00,20.190000534057617,20.280000686645508,20.059999465942383,20.06999969482422,17203,0.0,0.0
2024-07-30 09:30:00-04:00,20.1299991607666,20.260000228881836,19.940000534057617,19.940000534057617,5747,0.0,0.0
2024-07-30 10:30:00-04:00,19.924999237060547,20.06999969482422,19.84000015258789,20.06999969482422,10681,0.0,0.0
2024-07-30 11:30:00-04:00,20.006799697875977,20.006799697875977,19.6299991607666,19.75,12249,0.0,0.0
2024-07-30 12:30:00-04:00,19.81999969482422,19.825000762939453,19.600000381469727,19.719999313354492,8434,0.0,0.0
2024-07-30 13:30:00-04:00,19.780000686645508,19.790000915527344,19.670000076293945,19.719999313354492,9355,0.0,0.0
2024-07-30 14:30:00-04:00,19.719999313354492,19.729999542236328,19.635000228881836,19.670000076293945,7464,0.0,0.0
2024-07-30 15:30:00-04:00,19.6299991607666,19.760000228881836,19.520000457763672,19.520000457763672,25116,0.0,0.0
2024-07-31 09:30:00-04:00,19.959999084472656,20.09000015258789,19.770000457763672,19.770000457763672,8775,0.0,0.0
2024-07-31 10:30:00-04:00,19.84000015258789,19.934999465942383,19.690000534057617,19.809999465942383,8967,0.0,0.0
2024-07-31 11:30:00-04:00,19.8799991607666,20.059999465942383,19.84000015258789,19.934999465942383,10496,0.0,0.0
2024-07-31 12:30:00-04:00,19.934999465942383,20.059999465942383,19.90999984741211,19.989999771118164,8924,0.0,0.0
2024-07-31 13:30:00-04:00,19.760000228881836,19.8799991607666,19.690000534057617,19.8799991607666,7236,0.0,0.0
2024-07-31 14:30:00-04:00,19.93000030517578,20.434999465942383,19.93000030517578,20.020000457763672,18167,0.0,0.0
2024-07-31 15:30:00-04:00,20.06999969482422,20.1200008392334,19.969999313354492,20.040000915527344,24549,0.0,0.0
2024-08-01 09:30:00-04:00,19.81999969482422,20.079999923706055,19.3700008392334,19.3700008392334,9758,0.0,0.0
2024-08-01 10:30:00-04:00,19.309999465942383,19.31999969482422,18.969999313354492,19.049999237060547,9716,0.0,0.0
2024-08-01 11:30:00-04:00,19.049999237060547,19.049999237060547,18.65999984741211,18.684999465942383,12833,0.0,0.0
2024-08-01 12:30:00-04:00,18.610000610351562,18.6299991607666,18.5,18.53499984741211,14017,0.0,0.0
2024-08-01 13:30:00-04:00,18.530000686645508,18.540000915527344,18.3799991607666,18.469999313354492,10229,0.0,0.0
2024-08-01 14:30:00-04:00,18.469999313354492,18.469999313354492,18.200000762939453,18.440000534057617,13473,0.0,0.0
2024-08-01 15:30:00-04:00,18.459999084472656,18.559999465942383,18.301000595092773,18.329999923706055,34599,0.0,0.0
2024-08-02 09:30:00-04:00,17.81999969482422,17.90999984741211,17.065000534057617,17.170000076293945,28246,0.0,0.0
2024-08-02 10:30:00-04:00,17.135000228881836,17.299999237060547,17.06999969482422,17.229999542236328,22634,0.0,0.0
2024-08-02 11:30:00-04:00,17.440000534057617,17.44499969482422,17.329999923706055,17.40999984741211,9228,0.0,0.0
2024-08-02 12:30:00-04:00,17.3799991607666,17.40999984741211,17.225000381469727,17.225000381469727,10499,0.0,0.0
2024-08-02 13:30:00-04:00,17.190000534057617,17.200000762939453,17.049999237060547,17.165000915527344,17176,0.0,0.0
2024-08-02 14:30:00-04:00,17.229999542236328,17.229999542236328,17.03499984741211,17.15999984741211,15558,0.0,0.0
2024-08-02 15:30:00-04:00,17.15999984741211,17.479999542236328,17.100000381469727,17.479999542236328,79220,0.0,0.0
2024-08-05 09:30:00-04:00,16.309999465942383,17.170000076293945,16.020000457763672,16.239999771118164,39610,0.0,0.0
2024-08-05 10:30:00-04:00,16.360000610351562,16.510000228881836,16.25,16.40999984741211,23498,0.0,0.0
2024-08-05 11:30:00-04:00,16.3799991607666,16.8799991607666,16.3799991607666,16.8799991607666,19708,0.0,0.0
2024-08-05 12:30:00-04:00,16.8799991607666,16.8799991607666,16.420000076293945,16.434999465942383,17839,0.0,0.0
2024-08-05 13:30:00-04:00,16.454999923706055,16.549999237060547,16.3700008392334,16.43000030517578,19918,0.0,0.0
2024-08-05 14:30:00-04:00,16.424999237060547,16.450000762939453,16.270000457763672,16.360000610351562,33535,0.0,0.0
2024-08-05 15:30:00-04:00,16.375,16.420000076293945,16.200000762939453,16.389999389648438,52698,0.0,0.0
2024-08-06 09:30:00-04:00,16.780000686645508,16.780000686645508,16.200000762939453,16.309999465942383,15382,0.0,0.0
2024-08-06 10:30:00-04:00,16.260000228881836,16.520000457763672,16.170000076293945,16.170000076293945,24049,0.0,0.0
2024-08-06 11:30:00-04:00,16.18000030517578,16.329999923706055,16.170000076293945,16.299999237060547,17448,0.0,0.0
2024-08-06 12:30:00-04:00,16.31999969482422,16.459999084472656,16.220800399780273,16.389999389648438,18171,0.0,0.0
2024-08-06 13:30:00-04:00,16.43000030517578,16.469999313354492,16.329999923706055,16.469999313354492,14286,0.0,0.0
2024-08-06 14:30:00-04:00,16.469999313354492,16.469999313354492,16.079999923706055,16.100000381469727,22172,0.0,0.0
2024-08-06 15:30:00-04:00,16.09000015258789,16.18000030517578,16.06999969482422,16.18000030517578,36420,0.0,0.0
2024-08-07 09:30:00-04:00,21.0,21.0,19.270000457763672,19.979999542236328,64389,0.0,0.0
2024-08-07 10:30:00-04:00,19.96500015258789,20.420000076293945,19.899999618530273,19.949800491333008,32611,0.0,0.0
2024-08-07 11:30:00-04:00,20.139999389648438,20.18000030517578,19.6200008392334,19.850000381469727,37660,0.0,0.0
2024-08-07 12:30:00-04:00,19.84000015258789,19.84000015258789,18.93000030517578,19.229999542236328,23010,0.0,0.0
2024-08-07 13:30:00-04:00,19.399999618530273,19.719999313354492,19.200000762939453,19.579999923706055,25843,0.0,0.0
2024-08-07 14:30:00-04:00,19.559999465942383,19.739999771118164,19.475000381469727,19.520000457763672,16297,0.0,0.0
2024-08-07 15:30:00-04:00,19.540000915527344,19.579999923706055,19.239999771118164,19.469999313354492,30849,0.0,0.0
2024-08-08 09:30:00-04:00,20.360000610351562,20.56999969482422,19.989999771118164,20.559999465942383,104526,0.0,0.0
2024-08-08 10:30:00-04:00,20.479999542236328,20.610000610351562,20.34000015258789,20.485000610351562,28348,0.0,0.0
2024-08-08 11:30:00-04:00,20.469999313354492,20.469999313354492,20.020000457763672,20.040000915527344,15651,0.0,0.0
2024-08-08 12:30:00-04:00,20.020000457763672,20.309999465942383,19.899999618530273,20.270000457763672,19726,0.0,0.0
2024-08-08 13:30:00-04:00,20.219999313354492,20.698299407958984,20.200000762939453,20.309999465942383,29380,0.0,0.0
2024-08-08 14:30:00-04:00,20.309999465942383,20.360000610351562,20.040000915527344,20.059999465942383,25488,0.0,0.0
2024-08-08 15:30:00-04:00,20.05500030517578,20.415000915527344,19.989999771118164,20.40999984741211,47681,0.0,0.0
2024-08-09 09:30:00-04:00,20.25,20.589799880981445,19.770000457763672,19.81999969482422,33686,0.0,0.0
2024-08-09 10:30:00-04:00,19.895000457763672,20.485000610351562,19.864999771118164,20.360000610351562,38978,0.0,0.0
2024-08-09 11:30:00-04:00,20.3799991607666,20.59000015258789,20.34000015258789,20.489999771118164,36962,0.0,0.0
2024-08-09 12:30:00-04:00,20.469999313354492,20.6299991607666,20.299999237060547,20.610000610351562,22243,0.0,0.0
2024-08-09 13:30:00-04:00,20.6299991607666,20.649999618530273,20.43000030517578,20.475000381469727,25465,0.0,0.0
2024-08-09 14:30:00-04:00,20.479999542236328,20.520000457763672,20.350000381469727,20.479999542236328,45302,0.0,0.0
2024-08-09 15:30:00-04:00,20.5049991607666,20.65999984741211,20.219999313354492,20.43000030517578,72993,0.0,0.0
2024-08-12 09:30:00-04:00,20.329999923706055,20.6200008392334,20.219999313354492,20.485000610351562,34550,0.0,0.0
2024-08-12 10:30:00-04:00,20.493000030517578,20.530000686645508,20.219999313354492,20.290000915527344,25077,0.0,0.0
2024-08-12 11:30:00-04:00,20.34000015258789,20.350000381469727,20.190000534057617,20.219999313354492,19216,0.0,0.0
2024-08-12 12:30:00-04:00,20.209999084472656,20.28890037536621,20.079999923706055,20.190000534057617,23760,0.0,0.0
2024-08-12 13:30:00-04:00,20.190000534057617,20.280000686645508,20.135000228881836,20.239999771118164,19243,0.0,0.0
2024-08-12 14:30:00-04:00,20.170000076293945,20.190000534057617,20.030000686645508,20.155000686645508,25552,0.0,0.0
2024-08-12 15:30:00-04:00,20.139999389648438,20.200000762939453,20.079999923706055,20.18000030517578,35855,0.0,0.0
2024-08-13 09:30:00-04:00,20.459999084472656,20.780000686645508,20.389999389648438,20.709999084472656,19105,0.0,0.0
2024-08-13 10:30:00-04:00,20.684999465942383,21.170000076293945,20.639999389648438,21.170000076293945,24292,0.0,0.0
2024-08-13 11:30:00-04:00,21.209999084472656,21.3700008392334,21.18000030517578,21.344999313354492,29606,0.0,0.0
2024-08-13 12:30:00-04:00,21.299999237060547,21.549999237060547,21.299999237060547,21.38050079345703,26049,0.0,0.0
2024-08-13 13:30:00-04:00,21.479999542236328,21.5,21.280000686645508,21.489999771118164,15085,0.0,0.0
2024-08-13 14:30:00-04:00,21.489999771118164,21.489999771118164,21.31999969482422,21.3799991607666,20005,0.0,0.0
2024-08-13 15:30:00-04:00,21.3799991607666,21.778200149536133,21.3700008392334,21.739999771118164,50970,0.0,0.0
2024-08-14 09:30:00-04:00,21.809999465942383,21.809999465942383,21.00160026550293,21.00160026550293,15511,0.0,0.0
2024-08-14 10:30:00-04:00,21.100000381469727,21.649999618530273,20.954999923706055,21.649999618530273,23360,0.0,0.0
2024-08-14 11:30:00-04:00,21.7549991607666,21.93000030517578,21.7549991607666,21.8700008392334,30535,0.0,0.0
2024-08-14 12:30:00-04:00,21.8700008392334,21.885000228881836,21.739999771118164,21.844999313354492,15602,0.0,0.0
2024-08-14 13:30:00-04:00,21.809999465942383,21.899999618530273,21.739999771118164,21.8799991607666,9873,0.0,0.0
2024-08-14 14:30:00-04:00,21.879899978637695,22.059999465942383,21.84000015258789,22.059999465942383,24879,0.0,0.0
2024-08-14 15:30:00-04:00,22.055299758911133,22.3700008392334,22.040000915527344,22.354999542236328,37954,0.0,0.0
2024-08-15 09:30:00-04:00,23.0,23.5,22.893999099731445,23.149999618530273,34721,0.0,0.0
2024-08-15 10:30:00-04:00,23.2189998626709,23.409700393676758,22.920000076293945,23.299999237060547,20187,0.0,0.0
2024-08-15 11:30:00-04:00,23.209999084472656,23.610000610351562,23.139999389648438,23.610000610351562,20965,0.0,0.0
2024-08-15 12:30:00-04:00,23.579999923706055,23.899999618530273,23.549999237060547,23.899999618530273,30268,0.0,0.0
2024-08-15 13:30:00-04:00,23.899999618530273,23.989999771118164,23.739999771118164,23.829999923706055,12866,0.0,0.0
2024-08-15 14:30:00-04:00,23.829999923706055,23.899999618530273,23.739999771118164,23.799999237060547,21308,0.0,0.0
2024-08-15 15:30:00-04:00,23.790000915527344,24.09000015258789,23.790000915527344,24.09000015258789,44180,0.0,0.0
2024-08-16 09:30:00-04:00,23.8799991607666,24.280000686645508,23.700000762939453,24.040000915527344,24315,0.0,0.0
2024-08-16 10:30:00-04:00,24.165000915527344,24.165000915527344,23.469999313354492,23.55500030517578,16808,0.0,0.0
2024-08-16 11:30:00-04:00,23.55500030517578,23.68000030517578,23.55500030517578,23.59000015258789,9688,0.0,0.0
2024-08-16 12:30:00-04:00,23.549999237060547,23.629899978637695,23.3799991607666,23.440000534057617,9327,0.0,0.0
2024-08-16 13:30:00-04:00,23.389999389648438,23.530000686645508,23.360000610351562,23.415000915527344,10153,0.0,0.0
2024-08-16 14:30:00-04:00,23.420000076293945,23.625,23.3700008392334,23.625,20481,0.0,0.0
2024-08-16 15:30:00-04:00,23.645000457763672,23.899999618530273,23.635000228881836,23.719999313354492,43810,0.0,0.0
2024-08-19 09:30:00-04:00,23.690000534057617,23.690000534057617,23.114999771118164,23.440000534057617,9495,0.0,0.0
2024-08-19 10:30:00-04:00,23.485000610351562,23.600000381469727,23.40999984741211,23.40999984741211,4737,0.0,0.0
2024-08-19 11:30:00-04:00,23.360000610351562,23.360000610351562,23.100000381469727,23.100000381469727,18001,0.0,0.0
2024-08-19 12:30:00-04:00,23.11009979248047,23.1200008392334,23.014999389648438,23.114999771118164,9455,0.0,0.0
2024-08-19 13:30:00-04:00,23.15999984741211,23.299999237060547,23.05500030517578,23.299999237060547,15814,0.0,0.0
2024-08-19 14:30:00-04:00,23.37700080871582,23.540000915527344,23.34000015258789,23.510000228881836,11136,0.0,0.0
2024-08-19 15:30:00-04:00,23.47719955444336,23.700000762939453,23.47719955444336,23.68000030517578,31166,0.0,0.0
2024-08-20 09:30:00-04:00,23.579999923706055,23.65999984741211,23.389999389648438,23.514999389648438,10238,0.0,0.0
2024-08-20 10:30:00-04:00,23.514999389648438,23.665000915527344,23.440000534057617,23.665000915527344,8658,0.0,0.0
2024-08-20 11:30:00-04:00,23.704999923706055,23.780000686645508,23.610000610351562,23.635000228881836,4930,0.0,0.0
2024-08-20 12:30:00-04:00,23.625699996948242,23.65999984741211,23.469999313354492,23.65999984741211,5960,0.0,0.0
2024-08-20 13:30:00-04:00,23.655000686645508,23.860000610351562,23.6299991607666,23.860000610351562,6353,0.0,0.0
2024-08-20 14:30:00-04:00,23.84000015258789,24.1200008392334,23.84000015258789,24.020000457763672,17559,0.0,0.0
2024-08-20 15:30:00-04:00,24.0,24.100000381469727,23.889999389648438,23.899999618530273,33647,0.0,0.0
2024-08-21 09:30:00-04:00,23.989999771118164,24.209999084472656,23.969999313354492,24.1200008392334,15812,0.0,0.0
2024-08-21 10:30:00-04:00,24.104999542236328,24.270000457763672,23.920000076293945,23.920000076293945,6884,0.0,0.0
2024-08-21 11:30:00-04:00,23.940000534057617,23.940000534057617,23.729999542236328,23.815000534057617,5625,0.0,0.0
2024-08-21 12:30:00-04:00,23.825000762939453,24.0,23.825000762939453,23.959999084472656,8937,0.0,0.0
2024-08-21 13:30:00-04:00,23.979999542236328,24.239999771118164,23.979999542236328,24.239999771118164,3608,0.0,0.0
2024-08-21 14:30:00-04:00,24.290000915527344,24.295000076293945,24.100000381469727,24.170000076293945,10553,0.0,0.0
2024-08-21 15:30:00-04:00,24.219999313354492,24.315000534057617,24.209999084472656,24.25,56613,0.0,0.0
2024-08-22 09:30:00-04:00,24.25,24.489900588989258,23.888500213623047,24.139999389648438,7500,0.0,0.0
2024-08-22 10:30:00-04:00,24.104999542236328,24.125,23.66160011291504,23.739999771118164,20120,0.0,0.0
2024-08-22 11:30:00-04:00,23.68000030517578,23.985000610351562,23.56999969482422,23.985000610351562,13926,0.0,0.0
2024-08-22 12:30:00-04:00,23.969999313354492,23.985000610351562,23.8700008392334,23.959999084472656,9236,0.0,0.0
2024-08-22 13:30:00-04:00,23.940000534057617,23.940000534057617,23.780000686645508,23.829999923706055,13137,0.0,0.0
2024-08-22 14:30:00-04:00,23.969999313354492,24.07990074157715,23.915700912475586,23.915700912475586,13291,0.0,0.0
2024-08-22 15:30:00-04:00,23.920000076293945,23.920000076293945,23.760000228881836,23.850000381469727,30343,0.0,0.0
2024-08-23 09:30:00-04:00,24.15999984741211,24.8700008392334,23.899999618530273,24.759199142456055,32162,0.0,0.0
2024-08-23 10:30:00-04:00,24.798999786376953,24.850000381469727,24.3799991607666,24.540000915527344,12839,0.0,0.0
2024-08-23 11:30:00-04:00,24.600000381469727,24.6200008392334,24.280000686645508,24.530000686645508,9478,0.0,0.0
2024-08-23 12:30:00-04:00,24.59000015258789,24.645000457763672,24.440000534057617,24.530000686645508,7805,0.0,0.0
2024-08-23 13:30:00-04:00,24.56999969482422,24.56999969482422,24.510000228881836,24.549999237060547,7358,0.0,0.0
2024-08-23 14:30:00-04:00,24.559999465942383,24.59000015258789,24.350000381469727,24.545000076293945,8341,0.0,0.0
2024-08-23 15:30:00-04:00,24.520000457763672,24.670000076293945,24.40999984741211,24.6299991607666,38211,0.0,0.0
2024-08-26 09:30:00-04:00,24.68000030517578,24.68000030517578,23.72610092163086,23.729999542236328,24922,0.0,0.0
2024-08-26 10:30:00-04:00,23.639999389648438,23.674999237060547,23.424999237060547,23.50749969482422,23480,0.0,0.0
2024-08-26 11:30:00-04:00,23.489999771118164,23.700000762939453,23.485000610351562,23.649999618530273,25371,0.0,0.0
2024-08-26 12:30:00-04:00,23.649999618530273,23.68000030517578,23.540000915527344,23.610000610351562,26969,0.0,0.0
2024-08-26 13:30:00-04:00,23.610000610351562,23.690000534057617,23.5,23.670000076293945,19177,0.0,0.0
2024-08-26 14:30:00-04:00,23.639999389648438,23.80500030517578,23.6200008392334,23.6200008392334,27088,0.0,0.0
2024-08-26 15:30:00-04:00,23.520000457763672,23.709999084472656,23.520000457763672,23.700000762939453,32746,0.0,0.0
2024-08-27 09:30:00-04:00,23.450000762939453,23.645000457763672,23.31999969482422,23.56999969482422,6676,0.0,0.0
2024-08-27 10:30:00-04:00,23.600000381469727,23.642900466918945,23.450000762939453,23.520000457763672,5986,0.0,0.0
2024-08-27 11:30:00-04:00,23.61680030822754,23.65999984741211,23.540000915527344,23.540000915527344,4967,0.0,0.0
2024-08-27 12:30:00-04:00,23.530000686645508,23.683500289916992,23.530000686645508,23.670000076293945,7953,0.0,0.0
2024-08-27 13:30:00-04:00,23.75,23.8799991607666,23.690000534057617,23.84000015258789,6368,0.0,0.0
2024-08-27 14:30:00-04:00,23.8700008392334,23.8700008392334,23.690000534057617,23.799999237060547,12003,0.0,0.0
2024-08-27 15:30:00-04:00,23.729999542236328,23.84000015258789,23.719999313354492,23.790000915527344,21338,0.0,0.0
2024-08-28 09:30:00-04:00,23.889999389648438,23.889999389648438,23.584999084472656,23.7450008392334,6654,0.0,0.0
2024-08-28 10:30:00-04:00,23.701000213623047,23.701000213623047,23.260000228881836,23.260000228881836,12024,0.0,0.0
2024-08-28 11:30:00-04:00,23.344999313354492,23.59000015258789,23.31999969482422,23.364999771118164,9127,0.0,0.0
2024-08-28 12:30:00-04:00,23.309999465942383,23.5,23.309999465942383,23.469999313354492,8867,0.0,0.0
2024-08-28 13:30:00-04:00,23.459999084472656,23.4950008392334,23.309999465942383,23.3700008392334,10575,0.0,0.0
2024-08-28 14:30:00-04:00,23.450000762939453,23.670000076293945,23.420000076293945,23.670000076293945,10397,0.0,0.0
2024-08-28 15:30:00-04:00,23.6299991607666,23.6299991607666,23.40999984741211,23.40999984741211,23432,0.0,0.0
2024-08-29 09:30:00-04:00,23.520000457763672,23.8700008392334,23.5,23.809999465942383,9580,0.0,0.0
2024-08-29 10:30:00-04:00,23.799999237060547,23.90999984741211,23.739999771118164,23.770000457763672,7432,0.0,0.0
2024-08-29 11:30:00-04:00,23.850000381469727,24.03499984741211,23.829999923706055,23.889999389648438,10311,0.0,0.0
2024-08-29 12:30:00-04:00,23.829999923706055,23.940000534057617,23.790000915527344,23.81999969482422,9571,0.0,0.0
2024-08-29 13:30:00-04:00,23.8700008392334,24.06999969482422,23.8700008392334,24.045000076293945,13321,0.0,0.0
2024-08-29 14:30:00-04:00,23.989999771118164,24.059999465942383,23.760000228881836,24.0,15868,0.0,0.0
2024-08-29 15:30:00-04:00,23.989999771118164,24.049999237060547,23.850000381469727,23.950000762939453,26024,0.0,0.0
2024-08-30 09:30:00-04:00,24.350000381469727,24.360000610351562,24.162500381469727,24.360000610351562,11870,0.0,0.0
2024-08-30 10:30:00-04:00,24.360000610351562,24.360000610351562,23.81999969482422,23.880599975585938,9943,0.0,0.0
2024-08-30 11:30:00-04:00,23.8700008392334,23.899999618530273,23.610000610351562,23.799999237060547,33821,0.0,0.0
2024-08-30 12:30:00-04:00,23.739999771118164,23.899999618530273,23.559999465942383,23.832000732421875,14906,0.0,0.0
2024-08-30 13:30:00-04:00,23.81999969482422,23.860000610351562,23.510000228881836,23.729999542236328,55612,0.0,0.0
2024-08-30 14:30:00-04:00,23.7549991607666,24.0,23.73699951171875,23.959999084472656,17389,0.0,0.0
2024-08-30 15:30:00-04:00,23.911100387573242,24.049999237060547,23.850000381469727,23.93000030517578,37424,0.0,0.0
2024-09-03 09:30:00-04:00,23.450000762939453,23.6299991607666,22.8700008392334,23.05500030517578,30816,0.0,0.0
2024-09-03 10:30:00-04:00,23.079999923706055,23.079999923706055,22.670000076293945,22.8700008392334,21167,0.0,0.0
2024-09-03 11:30:00-04:00,22.8700008392334,22.889999389648438,22.579999923706055,22.59000015258789,17120,0.0,0.0
2024-09-03 12:30:00-04:00,22.59000015258789,22.59000015258789,22.405000686645508,22.450000762939453,14980,0.0,0.0
2024-09-03 13:30:00-04:00,22.40999984741211,22.8700008392334,22.40999984741211,22.777000427246094,30504,0.0,0.0
2024-09-03 14:30:00-04:00,22.780000686645508,23.040000915527344,22.774999618530273,22.860000610351562,30487,0.0,0.0
2024-09-03 15:30:00-04:00,22.885000228881836,22.90999984741211,22.719999313354492,22.739999771118164,57480,0.0,0.0
2024-09-04 09:30:00-04:00,22.24250030517578,22.93000030517578,22.24250030517578,22.799999237060547,7346,0.0,0.0
2024-09-04 10:30:00-04:00,22.750999450683594,22.975000381469727,22.700000762939453,22.75,6721,0.0,0.0
2024-09-04 11:30:00-04:00,22.65999984741211,22.799999237060547,22.649999618530273,22.745800018310547,5128,0.0,0.0
2024-09-04 12:30:00-04:00,22.799999237060547,22.812400817871094,22.6299991607666,22.709999084472656,10943,0.0,0.0
2024-09-04 13:30:00-04:00,22.700000762939453,22.790000915527344,22.610000610351562,22.610000610351562,8110,0.0,0.0
2024-09-04 14:30:00-04:00,22.600000381469727,22.600000381469727,22.420000076293945,22.479999542236328,16190,0.0,0.0
2024-09-04 15:30:00-04:00,22.489999771118164,22.594999313354492,22.43000030517578,22.479999542236328,26246,0.0,0.0
2024-09-05 09:30:00-04:00,22.399999618530273,22.815000534057617,21.84000015258789,22.670000076293945,19440,0.0,0.0
2024-09-05 10:30:00-04:00,22.75,22.774999618530273,22.510000228881836,22.600000381469727,11420,0.0,0.0
2024-09-05 11:30:00-04:00,22.600000381469727,22.84000015258789,22.520000457763672,22.84000015258789,12105,0.0,0.0
2024-09-05 12:30:00-04:00,22.844999313354492,22.844999313354492,22.780000686645508,22.790000915527344,8963,0.0,0.0
2024-09-05 13:30:00-04:00,22.790000915527344,23.09000015258789,22.790000915527344,23.014999389648438,12596,0.0,0.0
2024-09-05 14:30:00-04:00,23.030000686645508,23.204999923706055,22.84000015258789,22.93000030517578,19815,0.0,0.0
2024-09-05 15:30:00-04:00,22.920000076293945,22.93000030517578,22.690000534057617,22.84000015258789,26949,0.0,0.0
2024-09-06 09:30:00-04:00,22.860000610351562,22.920000076293945,22.530000686645508,22.770000457763672,25229,0.0,0.0
2024-09-06 10:30:00-04:00,22.81999969482422,23.06999969482422,22.68000030517578,22.729999542236328,24392,0.0,0.0
2024-09-06 11:30:00-04:00,22.71500015258789,22.780000686645508,22.426799774169922,22.604999542236328,17907,0.0,0.0
2024-09-06 12:30:00-04:00,22.604999542236328,23.280000686645508,22.59000015258789,23.149999618530273,28107,0.0,0.0
2024-09-06 13:30:00-04:00,23.06999969482422,23.094999313354492,22.920000076293945,23.0,23668,0.0,0.0
2024-09-06 14:30:00-04:00,23.010000228881836,23.31999969482422,22.91819953918457,23.290000915527344,26217,0.0,0.0
2024-09-06 15:30:00-04:00,23.280000686645508,23.280000686645508,22.959999084472656,23.049999237060547,31697,0.0,0.0
2024-09-09 09:30:00-04:00,23.110000610351562,23.110000610351562,22.639999389648438,22.989999771118164,21911,0.0,0.0
2024-09-09 10:30:00-04:00,22.989999771118164,22.989999771118164,22.770000457763672,22.799999237060547,17223,0.0,0.0
2024-09-09 11:30:00-04:00,22.8700008392334,23.06999969482422,22.854999542236328,22.989999771118164,9425,0.0,0.0
2024-09-09 12:30:00-04:00,23.010000228881836,23.010000228881836,22.899999618530273,22.940000534057617,15799,0.0,0.0
2024-09-09 13:30:00-04:00,22.934999465942383,23.030000686645508,22.725000381469727,23.030000686645508,22290,0.0,0.0
2024-09-09 14:30:00-04:00,23.0,23.059999465942383,22.899999618530273,22.97410011291504,40145,0.0,0.0
2024-09-09 15:30:00-04:00,22.950000762939453,22.950000762939453,22.729999542236328,22.920000076293945,41544,0.0,0.0
2024-09-10 09:30:00-04:00,22.860000610351562,23.43000030517578,22.6200008392334,23.43000030517578,22463,0.0,0.0
2024-09-10 10:30:00-04:00,23.364999771118164,23.540000915527344,23.299999237060547,23.520000457763672,27846,0.0,0.0
2024-09-10 11:30:00-04:00,23.40999984741211,23.524999618530273,23.219999313354492,23.233800888061523,13018,0.0,0.0
2024-09-10 12:30:00-04:00,23.225000381469727,23.6299991607666,23.225000381469727,23.5,17143,0.0,0.0
2024-09-10 13:30:00-04:00,23.5,23.649999618530273,23.43000030517578,23.549999237060547,11091,0.0,0.0
2024-09-10 14:30:00-04:00,23.610000610351562,23.610000610351562,23.479999542236328,23.604999542236328,14660,0.0,0.0
2024-09-10 15:30:00-04:00,23.575000762939453,23.75,23.459999084472656,23.690000534057617,34718,0.0,0.0
2024-09-11 09:30:00-04:00,23.579999923706055,23.760000228881836,23.420000076293945,23.56999969482422,11774,0.0,0.0
2024-09-11 10:30:00-04:00,23.475000381469727,23.600000381469727,23.31999969482422,23.479999542236328,10514,0.0,0.0
2024-09-11 11:30:00-04:00,23.530899047851562,23.68000030517578,23.479999542236328,23.66349983215332,7352,0.0,0.0
2024-09-11 12:30:00-04:00,23.639999389648438,23.84000015258789,23.6200008392334,23.834999084472656,6448,0.0,0.0
2024-09-11 13:30:00-04:00,23.829999923706055,24.045000076293945,23.770000457763672,24.045000076293945,11858,0.0,0.0
2024-09-11 14:30:00-04:00,24.079999923706055,24.208999633789062,23.979999542236328,24.208999633789062,17258,0.0,0.0
2024-09-11 15:30:00-04:00,24.18000030517578,24.420000076293945,24.1200008392334,24.3799991607666,26524,0.0,0.0
2024-09-12 09:30:00-04:00,24.5,24.5,23.75,24.110000610351562,10070,0.0,0.0
2024-09-12 10:30:00-04:00,24.15999984741211,24.219999313354492,23.889999389648438,23.950000762939453,8884,0.0,0.0
2024-09-12 11:30:00-04:00,23.9950008392334,24.155000686645508,23.959999084472656,24.155000686645508,11340,0.0,0.0
2024-09-12 12:30:00-04:00,24.065000534057617,24.309999465942383,24.065000534057617,24.200000762939453,12627,0.0,0.0
2024-09-12 13:30:00-04:00,24.25,24.325000762939453,24.200000762939453,24.200000762939453,6105,0.0,0.0
2024-09-12 14:30:00-04:00,24.110000610351562,24.110000610351562,23.93000030517578,24.041900634765625,13767,0.0,0.0
2024-09-12 15:30:00-04:00,24.059999465942383,24.18000030517578,24.030000686645508,24.170000076293945,20289,0.0,0.0
2024-09-13 09:30:00-04:00,24.81999969482422,24.8700008392334,24.600000381469727,24.649999618530273,42341,0.0,0.0
2024-09-13 10:30:00-04:00,24.604999542236328,24.986499786376953,24.4950008392334,24.850000381469727,21661,0.0,0.0
2024-09-13 11:30:00-04:00,24.979999542236328,25.434999465942383,24.979999542236328,25.434999465942383,44443,0.0,0.0
2024-09-13 12:30:00-04:00,25.3799991607666,25.420000076293945,25.25,25.329999923706055,9257,0.0,0.0
2024-09-13 13:30:00-04:00,25.375,25.375,25.040000915527344,25.040000915527344,13926,0.0,0.0
2024-09-13 14:30:00-04:00,25.010000228881836,25.104999542236328,24.829999923706055,25.0,29798,0.0,0.0
2024-09-13 15:30:00-04:00,25.049999237060547,25.049999237060547,24.889999389648438,24.940000534057617,32765,0.0,0.0
2024-09-16 09:30:00-04:00,24.760000228881836,24.760000228881836,24.1200008392334,24.1200008392334,14266,0.0,0.0
2024-09-16 10:30:00-04:00,24.020000457763672,24.149999618530273,23.790000915527344,23.889999389648438,18862,0.0,0.0
2024-09-16 11:30:00-04:00,23.700000762939453,23.739999771118164,23.520000457763672,23.65999984741211,11750,0.0,0.0
2024-09-16 12:30:00-04:00,23.65999984741211,23.709999084472656,23.600000381469727,23.610000610351562,12745,0.0,0.0
2024-09-16 13:30:00-04:00,23.68000030517578,23.68000030517578,23.469999313354492,23.5,10480,0.0,0.0
2024-09-16 14:30:00-04:00,23.5,23.860000610351562,23.3700008392334,23.719999313354492,27465,0.0,0.0
2024-09-16 15:30:00-04:00,23.639999389648438,23.760000228881836,23.549999237060547,23.6299991607666,39847,0.0,0.0
2024-09-17 09:30:00-04:00,23.899999618530273,24.1299991607666,23.385000228881836,23.895000457763672,26154,0.0,0.0
2024-09-17 10:30:00-04:00,23.895000457763672,24.25,23.874000549316406,24.030000686645508,19869,0.0,0.0
2024-09-17 11:30:00-04:00,24.024999618530273,24.024999618530273,23.549999237060547,23.65999984741211,21054,0.0,0.0
2024-09-17 12:30:00-04:00,23.635000228881836,23.770000457763672,23.5,23.639999389648438,21997,0.0,0.0
2024-09-17 13:30:00-04:00,23.655000686645508,23.690000534057617,23.530000686645508,23.545000076293945,13060,0.0,0.0
2024-09-17 14:30:00-04:00,23.540000915527344,23.545000076293945,23.204999923706055,23.270000457763672,25067,0.0,0.0
2024-09-17 15:30:00-04:00,23.264999389648438,23.309999465942383,23.209999084472656,23.239999771118164,34868,0.0,0.0
2024-09-18 09:30:00-04:00,23.110000610351562,23.34000015258789,22.860000610351562,23.030000686645508,14932,0.0,0.0
2024-09-18 10:30:00-04:00,23.07699966430664,23.229999542236328,22.934999465942383,23.059999465942383,13393,0.0,0.0
2024-09-18 11:30:00-04:00,23.1299991607666,23.170000076293945,22.940000534057617,23.065000534057617,10050,0.0,0.0
2024-09-18 12:30:00-04:00,23.065000534057617,23.200000762939453,23.020000457763672,23.18000030517578,11819,0.0,0.0
2024-09-18 13:30:00-04:00,23.18000030517578,23.979999542236328,23.139999389648438,23.979999542236328,25126,0.0,0.0
2024-09-18 14:30:00-04:00,23.979999542236328,24.03499984741211,23.094999313354492,23.25,51722,0.0,0.0
2024-09-18 15:30:00-04:00,23.25,23.260000228881836,22.950000762939453,23.010000228881836,33701,0.0,0.0
2024-09-19 09:30:00-04:00,23.829999923706055,23.829999923706055,23.270000457763672,23.5,17012,0.0,0.0
2024-09-19 10:30:00-04:00,23.559999465942383,23.559999465942383,23.1200008392334,23.389999389648438,15178,0.0,0.0
2024-09-19 11:30:00-04:00,23.3700008392334,23.3799991607666,23.22010040283203,23.34000015258789,20016,0.0,0.0
2024-09-19 12:30:00-04:00,23.3700008392334,23.545000076293945,23.170000076293945,23.239999771118164,22939,0.0,0.0
2024-09-19 13:30:00-04:00,23.209999084472656,23.440000534057617,23.15999984741211,23.360000610351562,25179,0.0,0.0
2024-09-19 14:30:00-04:00,23.350000381469727,23.399999618530273,23.155000686645508,23.264999389648438,23529,0.0,0.0
2024-09-19 15:30:00-04:00,23.239999771118164,23.459999084472656,23.239999771118164,23.459999084472656,57165,0.0,0.0
2024-09-20 09:30:00-04:00,23.260000228881836,23.43000030517578,23.104999542236328,23.405000686645508,55661,0.0,0.0
2024-09-20 10:30:00-04:00,23.405000686645508,23.440000534057617,23.1200008392334,23.1200008392334,7702,0.0,0.0
2024-09-20 11:30:00-04:00,23.125,23.360000610351562,22.979999542236328,23.360000610351562,11466,0.0,0.0
2024-09-20 12:30:00-04:00,23.299999237060547,23.325000762939453,23.19499969482422,23.260000228881836,11493,0.0,0.0
2024-09-20 13:30:00-04:00,23.229999542236328,23.239999771118164,23.155000686645508,23.174999237060547,12312,0.0,0.0
2024-09-20 14:30:00-04:00,23.149999618530273,23.350000381469727,23.104999542236328,23.350000381469727,17966,0.0,0.0
2024-09-20 15:30:00-04:00,23.329999923706055,23.399999618530273,22.99250030517578,23.18000030517578,54566,0.0,0.0
2024-09-23 09:30:00-04:00,23.31999969482422,23.65999984741211,23.075000762939453,23.639999389648438,21394,0.0,0.0
2024-09-23 10:30:00-04:00,23.65999984741211,23.68000030517578,23.235000610351562,23.235000610351562,30492,0.0,0.0
2024-09-23 11:30:00-04:00,23.299999237060547,23.315000534057617,23.1200008392334,23.149999618530273,11109,0.0,0.0
2024-09-23 12:30:00-04:00,23.1299991607666,23.139999389648438,23.040000915527344,23.040000915527344,7123,0.0,0.0
2024-09-23 13:30:00-04:00,23.049999237060547,23.18000030517578,23.049999237060547,23.065000534057617,12383,0.0,0.0
2024-09-23 14:30:00-04:00,23.065000534057617,23.290000915527344,23.037500381469727,23.290000915527344,16311,0.0,0.0
2024-09-23 15:30:00-04:00,23.239999771118164,23.389999389648438,23.229999542236328,23.389999389648438,20662,0.0,0.0
2024-09-24 09:30:00-04:00,23.540000915527344,24.2549991607666,23.540000915527344,23.850000381469727,18288,0.0,0.0
2024-09-24 10:30:00-04:00,23.864999771118164,24.174999237060547,23.729999542236328,24.174999237060547,16323,0.0,0.0
2024-09-24 11:30:00-04:00,24.184999465942383,24.479999542236328,24.184999465942383,24.31999969482422,22161,0.0,0.0
2024-09-24 12:30:00-04:00,24.405000686645508,24.459999084472656,24.329999923706055,24.424999237060547,10606,0.0,0.0
2024-09-24 13:30:00-04:00,24.399999618530273,24.459999084472656,24.149999618530273,24.155000686645508,12387,0.0,0.0
2024-09-24 14:30:00-04:00,24.059999465942383,24.139999389648438,24.059999465942383,24.065000534057617,15553,0.0,0.0
2024-09-24 15:30:00-04:00,24.010000228881836,24.139999389648438,23.969999313354492,23.979999542236328,24407,0.0,0.0
2024-09-25 09:30:00-04:00,23.81999969482422,24.135000228881836,23.625,24.125,13542,0.0,0.0
2024-09-25 10:30:00-04:00,24.125,24.290000915527344,23.829999923706055,23.8799991607666,20286,0.0,0.0
2024-09-25 11:30:00-04:00,23.8700008392334,23.8700008392334,23.71500015258789,23.864999771118164,6848,0.0,0.0
2024-09-25 12:30:00-04:00,23.829999923706055,23.899999618530273,23.79010009765625,23.889999389648438,9114,0.0,0.0
2024-09-25 13:30:00-04:00,23.90999984741211,24.059999465942383,23.889999389648438,24.0,13313,0.0,0.0
2024-09-25 14:30:00-04:00,23.979999542236328,24.1200008392334,23.90999984741211,24.079999923706055,15380,0.0,0.0
2024-09-25 15:30:00-04:00,24.030000686645508,24.100000381469727,23.969999313354492,24.030000686645508,32272,0.0,0.0
2024-09-26 09:30:00-04:00,24.639999389648438,24.780000686645508,24.329999923706055,24.329999923706055,16577,0.0,0.0
2024-09-26 10:30:00-04:00,24.395000457763672,24.594999313354492,24.18000030517578,24.450000762939453,16309,0.0,0.0
2024-09-26 11:30:00-04:00,24.559999465942383,24.700000762939453,24.530000686645508,24.639999389648438,9070,0.0,0.0
2024-09-26 12:30:00-04:00,24.655000686645508,24.979999542236328,24.655000686645508,24.774999618530273,12624,0.0,0.0
2024-09-26 13:30:00-04:00,24.854999542236328,25.07990074157715,24.854999542236328,25.07990074157715,8082,0.0,0.0
2024-09-26 14:30:00-04:00,25.049999237060547,25.540000915527344,25.03339958190918,25.440000534057617,28451,0.0,0.0
2024-09-26 15:30:00-04:00,25.450000762939453,25.459999084472656,25.059999465942383,25.1299991607666,31511,0.0,0.0
2024-09-27 09:30:00-04:00,25.25,25.25,24.950000762939453,24.959999084472656,16601,0.0,0.0
2024-09-27 10:30:00-04:00,24.90999984741211,24.959999084472656,24.700000762939453,24.770000457763672,11757,0.0,0.0
2024-09-27 11:30:00-04:00,24.790000915527344,24.790000915527344,24.6658992767334,24.71500015258789,5736,0.0,0.0
2024-09-27 12:30:00-04:00,24.71500015258789,24.75,24.565000534057617,24.565000534057617,8843,0.0,0.0
2024-09-27 13:30:00-04:00,24.584999084472656,24.6200008392334,24.450000762939453,24.450000762939453,9240,0.0,0.0
2024-09-27 14:30:00-04:00,24.309999465942383,24.5,24.270000457763672,24.34000015258789,11479,0.0,0.0
2024-09-27 15:30:00-04:00,24.3700008392334,24.450000762939453,24.274999618530273,24.374000549316406,29030,0.0,0.0
2024-09-30 09:30:00-04:00,24.100000381469727,24.690000534057617,24.100000381469727,24.420000076293945,7875,0.0,0.0
2024-09-30 10:30:00-04:00,24.290000915527344,24.329999923706055,24.149999618530273,24.149999618530273,5591,0.0,0.0
2024-09-30 11:30:00-04:00,24.190000534057617,24.190099716186523,24.040000915527344,24.1299991607666,12580,0.0,0.0
2024-09-30 12:30:00-04:00,24.135000228881836,24.260000228881836,24.094999313354492,24.094999313354492,10305,0.0,0.0
2024-09-30 13:30:00-04:00,24.040000915527344,24.104999542236328,23.940000534057617,23.989999771118164,10603,0.0,0.0
2024-09-30 14:30:00-04:00,24.05500030517578,24.170000076293945,24.049999237060547,24.110000610351562,8706,0.0,0.0
2024-09-30 15:30:00-04:00,24.100000381469727,24.260000228881836,24.09000015258789,24.149999618530273,31199,0.0,0.0
2024-10-01 09:30:00-04:00,24.149999618530273,24.149999618530273,23.440000534057617,23.440000534057617,32040,0.0,0.0
2024-10-01 10:30:00-04:00,23.44099998474121,23.610000610351562,23.399999618530273,23.559999465942383,14697,0.0,0.0
2024-10-01 11:30:00-04:00,23.665000915527344,23.934999465942383,23.665000915527344,23.790000915527344,18259,0.0,0.0
2024-10-01 12:30:00-04:00,23.790000915527344,23.790000915527344,23.6299991607666,23.674999237060547,13035,0.0,0.0
2024-10-01 13:30:00-04:00,23.790000915527344,24.045000076293945,23.760000228881836,24.045000076293945,9513,0.0,0.0
2024-10-01 14:30:00-04:00,24.139999389648438,24.139999389648438,23.969999313354492,24.014999389648438,12985,0.0,0.0
2024-10-01 15:30:00-04:00,23.989999771118164,24.010000228881836,23.81999969482422,23.899999618530273,27211,0.0,0.0
2024-10-02 09:30:00-04:00,23.8799991607666,24.270000457763672,23.719999313354492,24.270000457763672,10838,0.0,0.0
2024-10-02 10:30:00-04:00,24.219999313354492,24.30500030517578,24.139999389648438,24.30500030517578,4423,0.0,0.0
2024-10-02 11:30:00-04:00,24.34000015258789,24.5,24.25,24.420000076293945,30132,0.0,0.0
2024-10-02 12:30:00-04:00,24.309999465942383,24.5,24.299999237060547,24.344999313354492,19423,0.0,0.0
2024-10-02 13:30:00-04:00,24.350000381469727,24.489999771118164,24.226900100708008,24.389999389648438,23742,0.0,0.0
2024-10-02 14:30:00-04:00,24.424999237060547,24.6299991607666,24.40999984741211,24.5049991607666,26624,0.0,0.0
2024-10-02 15:30:00-04:00,24.5049991607666,24.709999084472656,24.5049991607666,24.690000534057617,26355,0.0,0.0
2024-10-03 09:30:00-04:00,24.610000610351562,24.957500457763672,24.530000686645508,24.530000686645508,9772,0.0,0.0
2024-10-03 10:30:00-04:00,24.584999084472656,24.690000534057617,24.450000762939453,24.450000762939453,4684,0.0,0.0
2024-10-03 11:30:00-04:00,24.6200008392334,24.719999313354492,24.56209945678711,24.579999923706055,5910,0.0,0.0
2024-10-03 12:30:00-04:00,24.530000686645508,24.530000686645508,24.280000686645508,24.3700008392334,14368,0.0,0.0
2024-10-03 13:30:00-04:00,24.34000015258789,24.350000381469727,24.149999618530273,24.209999084472656,35066,0.0,0.0
2024-10-03 14:30:00-04:00,24.190000534057617,24.389999389648438,24.190000534057617,24.34000015258789,21925,0.0,0.0
2024-10-03 15:30:00-04:00,24.3700008392334,24.540000915527344,24.315000534057617,24.510000228881836,19877,0.0,0.0
2024-10-04 09:30:00-04:00,24.979999542236328,25.059999465942383,24.611000061035156,24.829999923706055,21315,0.0,0.0
2024-10-04 10:30:00-04:00,24.750099182128906,25.110000610351562,24.750099182128906,25.05500030517578,7716,0.0,0.0
2024-10-04 11:30:00-04:00,25.05500030517578,25.3700008392334,25.05500030517578,25.239999771118164,9304,0.0,0.0
2024-10-04 12:30:00-04:00,25.325000762939453,25.389999389648438,25.149999618530273,25.149999618530273,6485,0.0,0.0
2024-10-04 13:30:00-04:00,25.135000228881836,25.135000228881836,24.985000610351562,25.0,6027,0.0,0.0
2024-10-04 14:30:00-04:00,25.049999237060547,25.15999984741211,24.959999084472656,24.969999313354492,13264,0.0,0.0
2024-10-04 15:30:00-04:00,24.979999542236328,25.149999618530273,24.979999542236328,24.979999542236328,29446,0.0,0.0
2024-10-07 09:30:00-04:00,24.770000457763672,24.802499771118164,24.450000762939453,24.450000762939453,7056,0.0,0.0
2024-10-07 10:30:00-04:00,24.459999084472656,24.655000686645508,24.450000762939453,24.459999084472656,13242,0.0,0.0
2024-10-07 11:30:00-04:00,24.450000762939453,24.489999771118164,24.329999923706055,24.357900619506836,13268,0.0,0.0
2024-10-07 12:30:00-04:00,24.3700008392334,24.450000762939453,24.34000015258789,24.40999984741211,12114,0.0,0.0
2024-10-07 13:30:00-04:00,24.399999618530273,24.524999618530273,24.389999389648438,24.479999542236328,16528,0.0,0.0
2024-10-07 14:30:00-04:00,24.450000762939453,24.520000457763672,24.325000762939453,24.3799991607666,35107,0.0,0.0
2024-10-07 15:30:00-04:00,24.364999771118164,24.56999969482422,24.364999771118164,24.540000915527344,25234,0.0,0.0
2024-10-08 09:30:00-04:00,24.559999465942383,24.920000076293945,24.469999313354492,24.739999771118164,13100,0.0,0.0
2024-10-08 10:30:00-04:00,24.81999969482422,25.03499984741211,24.78499984741211,24.889999389648438,5929,0.0,0.0
2024-10-08 11:30:00-04:00,24.96500015258789,25.079999923706055,24.809999465942383,24.809999465942383,13411,0.0,0.0
2024-10-08 12:30:00-04:00,24.79400062561035,24.79400062561035,24.500999450683594,24.520000457763672,9988,0.0,0.0
2024-10-08 13:30:00-04:00,24.540000915527344,24.59000015258789,24.479999542236328,24.49370002746582,14733,0.0,0.0
2024-10-08 14:30:00-04:00,24.459999084472656,24.549999237060547,24.399999618530273,24.549999237060547,12341,0.0,0.0
2024-10-08 15:30:00-04:00,24.520999908447266,24.56999969482422,24.399999618530273,24.399999618530273,26515,0.0,0.0
2024-10-09 09:30:00-04:00,24.469999313354492,24.68000030517578,24.399999618530273,24.565000534057617,7708,0.0,0.0
2024-10-09 10:30:00-04:00,24.584999084472656,24.844999313354492,24.579999923706055,24.844999313354492,4669,0.0,0.0
2024-10-09 11:30:00-04:00,24.844999313354492,24.920000076293945,24.709999084472656,24.709999084472656,14349,0.0,0.0
2024-10-09 12:30:00-04:00,24.760000228881836,24.760000228881836,24.540000915527344,24.559999465942383,3413,0.0,0.0
2024-10-09 13:30:00-04:00,24.5,24.545000076293945,24.3700008392334,24.450000762939453,6370,0.0,0.0
2024-10-09 14:30:00-04:00,24.399999618530273,24.466299057006836,24.34000015258789,24.399999618530273,5959,0.0,0.0
2024-10-09 15:30:00-04:00,24.43000030517578,24.579999923706055,24.40999984741211,24.579999923706055,10347,0.0,0.0
2024-10-10 09:30:00-04:00,24.350000381469727,24.3799991607666,23.920000076293945,24.290000915527344,12338,0.0,0.0
2024-10-10 10:30:00-04:00,24.170000076293945,24.389999389648438,24.110000610351562,24.389999389648438,8289,0.0,0.0
2024-10-10 11:30:00-04:00,24.385000228881836,24.450000762939453,24.270000457763672,24.270000457763672,4863,0.0,0.0
2024-10-10 12:30:00-04:00,24.280000686645508,24.469999313354492,24.270000457763672,24.459999084472656,5339,0.0,0.0
2024-10-10 13:30:00-04:00,24.479999542236328,24.479999542236328,24.30500030517578,24.389999389648438,6185,0.0,0.0
2024-10-10 14:30:00-04:00,24.469999313354492,24.505199432373047,24.3700008392334,24.475000381469727,12889,0.0,0.0
2024-10-10 15:30:00-04:00,24.479999542236328,24.520000457763672,24.3799991607666,24.520000457763672,26323,0.0,0.0
2024-10-11 09:30:00-04:00,24.34000015258789,24.700000762939453,24.34000015258789,24.700000762939453,6138,0.0,0.0
2024-10-11 10:30:00-04:00,24.670000076293945,24.76259994506836,24.670000076293945,24.760000228881836,3271,0.0,0.0
2024-10-11 11:30:00-04:00,24.889999389648438,24.940000534057617,24.850000381469727,24.899999618530273,3084,0.0,0.0
2024-10-11 12:30:00-04:00,24.993499755859375,25.010000228881836,24.950000762939453,24.969999313354492,5912,0.0,0.0
2024-10-11 13:30:00-04:00,25.024999618530273,25.28499984741211,25.024999618530273,25.28499984741211,8849,0.0,0.0
2024-10-11 14:30:00-04:00,25.149999618530273,25.172800064086914,25.060100555419922,25.088300704956055,4658,0.0,0.0
2024-10-11 15:30:00-04:00,25.059999465942383,25.385000228881836,25.059999465942383,25.270000457763672,31030,0.0,0.0
2024-10-14 09:30:00-04:00,25.40999984741211,25.738000869750977,25.239999771118164,25.239999771118164,8134,0.0,0.0
2024-10-14 10:30:00-04:00,25.542400360107422,25.542400360107422,25.110599517822266,25.294099807739258,26080,0.0,0.0
2024-10-14 11:30:00-04:00,25.299999237060547,25.34000015258789,25.280000686645508,25.280000686645508,3356,0.0,0.0
2024-10-14 12:30:00-04:00,25.18000030517578,25.232999801635742,25.15999984741211,25.232999801635742,5204,0.0,0.0
2024-10-14 13:30:00-04:00,25.139999389648438,25.229999542236328,25.131200790405273,25.170000076293945,3489,0.0,0.0
2024-10-14 14:30:00-04:00,25.1200008392334,25.19499969482422,25.1200008392334,25.15999984741211,6184,0.0,0.0
2024-10-14 15:30:00-04:00,25.155000686645508,25.229999542236328,25.09000015258789,25.142000198364258,17999,0.0,0.0
2024-10-15 09:30:00-04:00,25.040000915527344,25.344999313354492,24.950000762939453,24.950000762939453,12453,0.0,0.0
2024-10-15 10:30:00-04:00,25.040000915527344,25.18000030517578,24.801599502563477,24.81999969482422,24119,0.0,0.0
2024-10-15 11:30:00-04:00,24.950000762939453,25.450000762939453,24.950000762939453,25.3700008392334,8941,0.0,0.0
2024-10-15 12:30:00-04:00,25.389999389648438,25.420000076293945,25.149999618530273,25.24250030517578,10612,0.0,0.0
2024-10-15 13:30:00-04:00,25.200000762939453,25.200000762939453,25.0,25.100000381469727,11566,0.0,0.0
2024-10-15 14:30:00-04:00,25.010000228881836,25.040000915527344,24.899999618530273,24.899999618530273,14547,0.0,0.0
2024-10-15 15:30:00-04:00,24.905000686645508,24.905000686645508,24.739999771118164,24.75,18977,0.0,0.0
2024-10-16 09:30:00-04:00,25.079999923706055,25.139999389648438,24.84000015258789,25.1299991607666,10153,0.0,0.0
2024-10-16 10:30:00-04:00,24.860000610351562,24.969999313354492,24.739999771118164,24.940000534057617,9435,0.0,0.0
2024-10-16 11:30:00-04:00,24.93000030517578,24.93000030517578,24.790000915527344,24.81999969482422,6244,0.0,0.0
2024-10-16 12:30:00-04:00,24.825000762939453,24.829999923706055,24.670000076293945,24.780000686645508,10866,0.0,0.0
2024-10-16 13:30:00-04:00,24.809999465942383,25.02910041809082,24.790000915527344,24.899999618530273,17306,0.0,0.0
2024-10-16 14:30:00-04:00,24.760000228881836,24.760000228881836,24.670000076293945,24.709999084472656,4851,0.0,0.0
2024-10-16 15:30:00-04:00,24.708999633789062,24.708999633789062,24.5575008392334,24.56999969482422,21185,0.0,0.0
2024-10-17 09:30:00-04:00,24.93000030517578,25.115999221801758,24.719999313354492,25.06999969482422,13051,0.0,0.0
2024-10-17 10:30:00-04:00,25.110000610351562,25.110000610351562,24.969999313354492,25.030000686645508,5300,0.0,0.0
2024-10-17 11:30:00-04:00,25.06999969482422,25.100000381469727,24.940000534057617,25.040000915527344,7483,0.0,0.0
2024-10-17 12:30:00-04:00,25.020000457763672,25.059999465942383,25.010000228881836,25.010000228881836,6894,0.0,0.0
2024-10-17 13:30:00-04:00,25.030000686645508,25.079999923706055,24.67009925842285,24.68000030517578,23624,0.0,0.0
2024-10-17 14:30:00-04:00,24.760000228881836,24.854999542236328,24.68000030517578,24.80500030517578,12611,0.0,0.0
2024-10-17 15:30:00-04:00,24.790000915527344,24.829999923706055,24.739999771118164,24.760000228881836,18161,0.0,0.0
2024-10-18 09:30:00-04:00,24.940000534057617,25.100000381469727,24.83009910583496,24.83009910583496,11982,0.0,0.0
2024-10-18 10:30:00-04:00,24.832000732421875,24.832000732421875,24.45009994506836,24.520000457763672,3213,0.0,0.0
2024-10-18 11:30:00-04:00,24.520000457763672,24.56999969482422,24.3700008392334,24.43000030517578,8246,0.0,0.0
2024-10-18 12:30:00-04:00,24.399999618530273,24.399999618530273,24.18000030517578,24.264999389648438,3647,0.0,0.0
2024-10-18 13:30:00-04:00,24.270000457763672,24.40999984741211,24.260000228881836,24.34000015258789,6081,0.0,0.0
2024-10-18 14:30:00-04:00,24.334999084472656,24.33799934387207,24.200000762939453,24.33799934387207,10092,0.0,0.0
2024-10-18 15:30:00-04:00,24.350000381469727,24.389999389648438,24.260000228881836,24.389999389648438,18773,0.0,0.0
2024-10-21 09:30:00-04:00,24.149999618530273,24.229999542236328,23.709999084472656,23.760000228881836,20800,0.0,0.0
2024-10-21 10:30:00-04:00,23.7549991607666,23.7549991607666,23.469999313354492,23.469999313354492,15534,0.0,0.0
2024-10-21 11:30:00-04:00,23.5,23.815000534057617,23.489999771118164,23.75,10211,0.0,0.0
2024-10-21 12:30:00-04:00,23.75,23.90999984741211,23.75,23.90999984741211,6367,0.0,0.0
2024-10-21 13:30:00-04:00,23.940000534057617,23.940000534057617,23.739999771118164,23.799999237060547,8232,0.0,0.0
2024-10-21 14:30:00-04:00,23.780000686645508,23.780000686645508,23.65999984741211,23.75,9391,0.0,0.0
2024-10-21 15:30:00-04:00,23.739999771118164,23.93000030517578,23.739999771118164,23.889999389648438,21398,0.0,0.0
2024-10-22 09:30:00-04:00,23.809999465942383,23.947500228881836,23.760000228881836,23.924999237060547,9934,0.0,0.0
2024-10-22 10:30:00-04:00,24.040000915527344,24.260000228881836,24.040000915527344,24.1200008392334,17985,0.0,0.0
2024-10-22 11:30:00-04:00,24.110000610351562,24.1200008392334,23.969999313354492,24.049999237060547,14822,0.0,0.0
2024-10-22 12:30:00-04:00,24.049999237060547,24.239999771118164,24.049999237060547,24.170000076293945,16893,0.0,0.0
2024-10-22 13:30:00-04:00,24.15410041809082,24.15410041809082,24.0049991607666,24.010000228881836,15021,0.0,0.0
2024-10-22 14:30:00-04:00,24.010000228881836,24.049999237060547,23.950000762939453,24.030000686645508,12129,0.0,0.0
2024-10-22 15:30:00-04:00,24.010000228881836,24.100000381469727,24.010000228881836,24.079999923706055,19715,0.0,0.0
2024-10-23 09:30:00-04:00,23.989999771118164,24.200000762939453,23.899999618530273,24.020000457763672,7327,0.0,0.0
2024-10-23 10:30:00-04:00,24.034000396728516,24.040000915527344,23.90999984741211,23.979999542236328,4671,0.0,0.0
2024-10-23 11:30:00-04:00,23.954999923706055,23.996599197387695,23.729999542236328,23.729999542236328,5129,0.0,0.0
2024-10-23 12:30:00-04:00,23.71500015258789,23.854999542236328,23.700000762939453,23.725000381469727,11758,0.0,0.0
2024-10-23 13:30:00-04:00,23.764999389648438,23.764999389648438,23.649999618530273,23.7549991607666,8402,0.0,0.0
2024-10-23 14:30:00-04:00,23.850000381469727,23.920000076293945,23.760000228881836,23.850000381469727,11677,0.0,0.0
2024-10-23 15:30:00-04:00,23.850000381469727,23.8799991607666,23.739999771118164,23.8799991607666,22372,0.0,0.0
2024-10-24 09:30:00-04:00,24.049999237060547,24.049999237060547,23.649999618530273,23.829999923706055,6803,0.0,0.0
2024-10-24 10:30:00-04:00,23.797800064086914,23.889999389648438,23.760000228881836,23.84000015258789,4760,0.0,0.0
2024-10-24 11:30:00-04:00,23.80500030517578,23.80500030517578,23.600000381469727,23.639999389648438,8390,0.0,0.0
2024-10-24 12:30:00-04:00,23.670000076293945,23.670000076293945,23.600000381469727,23.600000381469727,4183,0.0,0.0
2024-10-24 13:30:00-04:00,23.649999618530273,23.670000076293945,23.6299991607666,23.6299991607666,5516,0.0,0.0
2024-10-24 14:30:00-04:00,23.565000534057617,23.66900062561035,23.565000534057617,23.649999618530273,8894,0.0,0.0
2024-10-24 15:30:00-04:00,23.6299991607666,23.649999618530273,23.59000015258789,23.59000015258789,9935,0.0,0.0
2024-10-25 09:30:00-04:00,23.68000030517578,24.299999237060547,23.68000030517578,24.190000534057617,17359,0.0,0.0
2024-10-25 10:30:00-04:00,24.290000915527344,24.51799964904785,24.190000534057617,24.290000915527344,22082,0.0,0.0
2024-10-25 11:30:00-04:00,24.209999084472656,24.2549991607666,24.149999618530273,24.25,4065,0.0,0.0
2024-10-25 12:30:00-04:00,24.280000686645508,24.309999465942383,24.200000762939453,24.200000762939453,4335,0.0,0.0
2024-10-25 13:30:00-04:00,24.110000610351562,24.1200008392334,23.90999984741211,23.989999771118164,5103,0.0,0.0
2024-10-25 14:30:00-04:00,24.040000915527344,24.110000610351562,24.020000457763672,24.049999237060547,6645,0.0,0.0
2024-10-25 15:30:00-04:00,24.049999237060547,24.102500915527344,23.959999084472656,23.959999084472656,11675,0.0,0.0
