Datetime,Open,High,Low,Close,Volume,Dividends,Stock Splits
2022-10-27 09:30:00-04:00,16.739999771118164,17.045000076293945,16.68000030517578,16.899999618530273,14687,0.0,0.0
2022-10-27 10:30:00-04:00,16.920000076293945,16.969999313354492,16.649999618530273,16.649999618530273,33902,0.0,0.0
2022-10-27 11:30:00-04:00,16.649999618530273,16.770000457763672,16.59000015258789,16.729999542236328,15780,0.0,0.0
2022-10-27 12:30:00-04:00,16.719999313354492,16.875,16.719999313354492,16.84000015258789,11703,0.0,0.0
2022-10-27 13:30:00-04:00,16.84000015258789,16.8700008392334,16.780000686645508,16.81999969482422,11065,0.0,0.0
2022-10-27 14:30:00-04:00,16.84000015258789,16.84000015258789,16.709999084472656,16.739999771118164,16344,0.0,0.0
2022-10-27 15:30:00-04:00,16.729999542236328,16.809999465942383,16.670000076293945,16.739999771118164,34896,0.0,0.0
2022-10-28 09:30:00-04:00,16.75,17.0,16.540000915527344,16.780000686645508,14247,0.0,0.0
2022-10-28 10:30:00-04:00,16.81999969482422,16.989999771118164,16.780000686645508,16.860000610351562,21995,0.0,0.0
2022-10-28 11:30:00-04:00,16.8700008392334,17.030000686645508,16.829999923706055,17.010000228881836,21110,0.0,0.0
2022-10-28 12:30:00-04:00,17.0,17.094999313354492,16.989999771118164,17.094999313354492,19004,0.0,0.0
2022-10-28 13:30:00-04:00,17.09000015258789,17.450000762939453,16.979999542236328,17.0049991607666,69679,0.0,0.0
2022-10-28 14:30:00-04:00,17.010000228881836,17.165000915527344,17.010000228881836,17.06999969482422,18381,0.0,0.0
2022-10-28 15:30:00-04:00,17.06999969482422,17.15999984741211,16.959999084472656,17.0,72735,0.0,0.0
2022-10-31 09:30:00-04:00,16.969999313354492,17.010000228881836,16.503999710083008,16.514999389648438,36387,0.0,0.0
2022-10-31 10:30:00-04:00,16.510000228881836,16.56999969482422,16.350000381469727,16.530000686645508,31802,0.0,0.0
2022-10-31 11:30:00-04:00,16.53499984741211,16.614999771118164,16.4950008392334,16.4950008392334,32336,0.0,0.0
2022-10-31 12:30:00-04:00,16.4950008392334,16.65999984741211,16.434999465942383,16.645000457763672,25571,0.0,0.0
2022-10-31 13:30:00-04:00,16.645000457763672,16.65250015258789,16.485000610351562,16.600000381469727,34774,0.0,0.0
2022-10-31 14:30:00-04:00,16.59000015258789,17.0049991607666,16.575000762939453,16.94499969482422,99491,0.0,0.0
2022-10-31 15:30:00-04:00,16.93000030517578,17.139999389648438,16.93000030517578,17.049999237060547,108673,0.0,0.0
2022-11-01 09:30:00-04:00,17.270000457763672,17.270000457763672,16.360000610351562,16.600000381469727,37759,0.0,0.0
2022-11-01 10:30:00-04:00,16.639999389648438,17.0,16.639999389648438,16.764999389648438,37988,0.0,0.0
2022-11-01 11:30:00-04:00,16.790000915527344,16.875,16.649999618530273,16.854999542236328,21212,0.0,0.0
2022-11-01 12:30:00-04:00,16.860000610351562,16.90999984741211,16.850000381469727,16.90999984741211,22299,0.0,0.0
2022-11-01 13:30:00-04:00,16.90999984741211,16.93000030517578,16.752500534057617,16.780000686645508,72007,0.0,0.0
2022-11-01 14:30:00-04:00,16.774999618530273,16.774999618530273,16.56999969482422,16.56999969482422,26885,0.0,0.0
2022-11-01 15:30:00-04:00,16.55500030517578,16.56999969482422,16.489999771118164,16.50749969482422,43679,0.0,0.0
2022-11-02 09:30:00-04:00,16.579999923706055,16.875,16.530000686645508,16.875,40157,0.0,0.0
2022-11-02 10:30:00-04:00,16.989999771118164,17.084999084472656,16.739999771118164,16.739999771118164,25749,0.0,0.0
2022-11-02 11:30:00-04:00,16.774999618530273,16.790000915527344,16.6299991607666,16.649999618530273,16462,0.0,0.0
2022-11-02 12:30:00-04:00,16.68000030517578,16.700000762939453,16.59000015258789,16.639999389648438,23536,0.0,0.0
2022-11-02 13:30:00-04:00,16.6200008392334,16.915000915527344,16.559999465942383,16.915000915527344,43816,0.0,0.0
2022-11-02 14:30:00-04:00,16.93000030517578,16.93000030517578,16.079999923706055,16.18000030517578,162399,0.0,0.0
2022-11-02 15:30:00-04:00,16.170000076293945,16.264999389648438,16.1299991607666,16.170000076293945,72544,0.0,0.0
2022-11-03 09:30:00-04:00,16.09000015258789,16.725000381469727,15.75,15.979999542236328,35825,0.0,0.0
2022-11-03 10:30:00-04:00,15.989999771118164,16.06999969482422,15.835000038146973,15.949999809265137,28703,0.0,0.0
2022-11-03 11:30:00-04:00,15.960000038146973,16.030000686645508,15.859999656677246,16.0049991607666,16647,0.0,0.0
2022-11-03 12:30:00-04:00,16.020000457763672,16.059999465942383,15.90999984741211,15.979999542236328,20766,0.0,0.0
2022-11-03 13:30:00-04:00,15.96500015258789,15.970000267028809,15.84000015258789,15.875,21587,0.0,0.0
2022-11-03 14:30:00-04:00,15.875,15.899999618530273,15.795000076293945,15.859999656677246,24537,0.0,0.0
2022-11-03 15:30:00-04:00,15.864999771118164,15.885000228881836,15.789999961853027,15.789999961853027,42358,0.0,0.0
2022-11-04 09:30:00-04:00,16.139999389648438,16.360000610351562,15.630000114440918,15.829999923706055,17189,0.0,0.0
2022-11-04 10:30:00-04:00,15.800000190734863,15.880000114440918,15.65999984741211,15.65999984741211,17329,0.0,0.0
2022-11-04 11:30:00-04:00,15.65999984741211,15.920000076293945,15.65999984741211,15.90999984741211,27742,0.0,0.0
2022-11-04 12:30:00-04:00,15.9399995803833,16.06999969482422,15.854999542236328,15.979999542236328,19781,0.0,0.0
2022-11-04 13:30:00-04:00,16.0,16.0,15.84000015258789,15.890000343322754,12745,0.0,0.0
2022-11-04 14:30:00-04:00,15.890000343322754,16.040000915527344,15.880000114440918,16.019500732421875,22992,0.0,0.0
2022-11-04 15:30:00-04:00,16.03499984741211,16.170000076293945,16.030000686645508,16.139999389648438,42955,0.0,0.0
2022-11-07 09:30:00-05:00,15.5,17.030000686645508,12.75,13.199999809265137,322567,0.0,0.0
2022-11-07 10:30:00-05:00,13.279999732971191,13.84000015258789,13.279999732971191,13.805000305175781,110009,0.0,0.0
2022-11-07 11:30:00-05:00,13.779999732971191,14.649999618530273,13.779999732971191,14.649999618530273,85596,0.0,0.0
2022-11-07 12:30:00-05:00,14.649999618530273,14.649999618530273,14.300000190734863,14.345000267028809,64749,0.0,0.0
2022-11-07 13:30:00-05:00,14.345000267028809,14.569999694824219,14.345000267028809,14.5,59013,0.0,0.0
2022-11-07 14:30:00-05:00,14.489999771118164,14.75,14.430000305175781,14.75,68349,0.0,0.0
2022-11-07 15:30:00-05:00,14.734999656677246,14.875,14.734999656677246,14.859999656677246,169825,0.0,0.0
2022-11-08 09:30:00-05:00,14.869999885559082,14.920000076293945,14.050999641418457,14.34000015258789,0,0.0,0.0
2022-11-08 10:30:00-05:00,14.281800270080566,14.529899597167969,14.234999656677246,14.494999885559082,44290,0.0,0.0
2022-11-08 11:30:00-05:00,14.5,14.600000381469727,14.449999809265137,14.5600004196167,54408,0.0,0.0
2022-11-08 12:30:00-05:00,14.520000457763672,14.59000015258789,14.460000038146973,14.510000228881836,39748,0.0,0.0
2022-11-08 13:30:00-05:00,14.501199722290039,14.574999809265137,14.3100004196167,14.350000381469727,98883,0.0,0.0
2022-11-08 14:30:00-05:00,14.359999656677246,14.59000015258789,14.359999656677246,14.510000228881836,101295,0.0,0.0
2022-11-08 15:30:00-05:00,14.510000228881836,14.520000457763672,14.34000015258789,14.34000015258789,101796,0.0,0.0
2022-11-09 09:30:00-05:00,14.180000305175781,14.65999984741211,14.010000228881836,14.630000114440918,15380,0.0,0.0
2022-11-09 10:30:00-05:00,14.619999885559082,14.720000267028809,14.5,14.654999732971191,33355,0.0,0.0
2022-11-09 11:30:00-05:00,14.654999732971191,14.720000267028809,14.5649995803833,14.675000190734863,27773,0.0,0.0
2022-11-09 12:30:00-05:00,14.680000305175781,14.770000457763672,14.630000114440918,14.675000190734863,24968,0.0,0.0
2022-11-09 13:30:00-05:00,14.65999984741211,14.760000228881836,14.59000015258789,14.670000076293945,19631,0.0,0.0
2022-11-09 14:30:00-05:00,14.670000076293945,15.0,14.640000343322754,14.890000343322754,56998,0.0,0.0
2022-11-09 15:30:00-05:00,14.890000343322754,14.930000305175781,14.800000190734863,14.899999618530273,51841,0.0,0.0
2022-11-10 09:30:00-05:00,15.640000343322754,15.649999618530273,15.140000343322754,15.390000343322754,20886,0.0,0.0
2022-11-10 10:30:00-05:00,15.34000015258789,15.520000457763672,15.220000267028809,15.489999771118164,26428,0.0,0.0
2022-11-10 11:30:00-05:00,15.454999923706055,15.479999542236328,15.274999618530273,15.420000076293945,21531,0.0,0.0
2022-11-10 12:30:00-05:00,15.380000114440918,15.505000114440918,15.375,15.404999732971191,21148,0.0,0.0
2022-11-10 13:30:00-05:00,15.420000076293945,15.470000267028809,15.399999618530273,15.430000305175781,22005,0.0,0.0
2022-11-10 14:30:00-05:00,15.430000305175781,15.5,15.380000114440918,15.460000038146973,27754,0.0,0.0
2022-11-10 15:30:00-05:00,15.449999809265137,15.704999923706055,15.449999809265137,15.65999984741211,75353,0.0,0.0
2022-11-11 09:30:00-05:00,15.850000381469727,16.0,15.640000343322754,15.845000267028809,16880,0.0,0.0
2022-11-11 10:30:00-05:00,15.869999885559082,15.925000190734863,15.640000343322754,15.640000343322754,16406,0.0,0.0
2022-11-11 11:30:00-05:00,15.635000228881836,15.65999984741211,15.460000038146973,15.520000457763672,16797,0.0,0.0
2022-11-11 12:30:00-05:00,15.520000457763672,15.539999961853027,15.350000381469727,15.40999984741211,25056,0.0,0.0
2022-11-11 13:30:00-05:00,15.40999984741211,15.520000457763672,15.40999984741211,15.520000457763672,20242,0.0,0.0
2022-11-11 14:30:00-05:00,15.520000457763672,15.614999771118164,15.319999694824219,15.350000381469727,26261,0.0,0.0
2022-11-11 15:30:00-05:00,15.350000381469727,15.550000190734863,15.350000381469727,15.539999961853027,57399,0.0,0.0
2022-11-14 09:30:00-05:00,15.539999961853027,15.569999694824219,15.1899995803833,15.1899995803833,18058,0.0,0.0
2022-11-14 10:30:00-05:00,15.229999542236328,15.289999961853027,15.005000114440918,15.010000228881836,25875,0.0,0.0
2022-11-14 11:30:00-05:00,15.029999732971191,15.130000114440918,14.994999885559082,15.085000038146973,15858,0.0,0.0
2022-11-14 12:30:00-05:00,15.085000038146973,15.220000267028809,15.0649995803833,15.220000267028809,11457,0.0,0.0
2022-11-14 13:30:00-05:00,15.25,15.260000228881836,15.149999618530273,15.239999771118164,17138,0.0,0.0
2022-11-14 14:30:00-05:00,15.220000267028809,15.350000381469727,15.194999694824219,15.350000381469727,19005,0.0,0.0
2022-11-14 15:30:00-05:00,15.329999923706055,15.369999885559082,15.170000076293945,15.170000076293945,44503,0.0,0.0
2022-11-15 09:30:00-05:00,15.5,15.5,15.21500015258789,15.369999885559082,10269,0.0,0.0
2022-11-15 10:30:00-05:00,15.399999618530273,15.430000305175781,15.264900207519531,15.395000457763672,12525,0.0,0.0
2022-11-15 11:30:00-05:00,15.399999618530273,15.569999694824219,15.390000343322754,15.479999542236328,13998,0.0,0.0
2022-11-15 12:30:00-05:00,15.484999656677246,15.5600004196167,15.279999732971191,15.279999732971191,14297,0.0,0.0
2022-11-15 13:30:00-05:00,15.3100004196167,15.3100004196167,15.145000457763672,15.229999542236328,20060,0.0,0.0
2022-11-15 14:30:00-05:00,15.225000381469727,15.3100004196167,15.118599891662598,15.305000305175781,29134,0.0,0.0
2022-11-15 15:30:00-05:00,15.3100004196167,15.40999984741211,15.279999732971191,15.329999923706055,57064,0.0,0.0
2022-11-16 09:30:00-05:00,15.369999885559082,15.399999618530273,14.239999771118164,15.341300010681152,21346,0.0,0.0
2022-11-16 10:30:00-05:00,15.399999618530273,15.399999618530273,15.170000076293945,15.295000076293945,21418,0.0,0.0
2022-11-16 11:30:00-05:00,15.324999809265137,15.390000343322754,15.279999732971191,15.319999694824219,14997,0.0,0.0
2022-11-16 12:30:00-05:00,15.329999923706055,15.399999618530273,15.279999732971191,15.390000343322754,13623,0.0,0.0
2022-11-16 13:30:00-05:00,15.383000373840332,15.383000373840332,15.319999694824219,15.380000114440918,22955,0.0,0.0
2022-11-16 14:30:00-05:00,15.399999618530273,15.420000076293945,15.3100004196167,15.326800346374512,31177,0.0,0.0
2022-11-16 15:30:00-05:00,15.359999656677246,15.40999984741211,15.229999542236328,15.319999694824219,42625,0.0,0.0
2022-11-17 09:30:00-05:00,15.34000015258789,15.34000015258789,14.850000381469727,15.020000457763672,10280,0.0,0.0
2022-11-17 10:30:00-05:00,15.020000457763672,15.095000267028809,14.763999938964844,14.8100004196167,18395,0.0,0.0
2022-11-17 11:30:00-05:00,14.770000457763672,14.899999618530273,14.744999885559082,14.789999961853027,14231,0.0,0.0
2022-11-17 12:30:00-05:00,14.789999961853027,14.930000305175781,14.789999961853027,14.890000343322754,9536,0.0,0.0
2022-11-17 13:30:00-05:00,14.84000015258789,14.899999618530273,14.65999984741211,14.739999771118164,11619,0.0,0.0
2022-11-17 14:30:00-05:00,14.720000267028809,14.739999771118164,14.680000305175781,14.680999755859375,16363,0.0,0.0
2022-11-17 15:30:00-05:00,14.710000038146973,14.789999961853027,14.680000305175781,14.6899995803833,42456,0.0,0.0
2022-11-18 09:30:00-05:00,15.010000228881836,15.204999923706055,14.731200218200684,14.873000144958496,12190,0.0,0.0
2022-11-18 10:30:00-05:00,14.960000038146973,15.079999923706055,14.90999984741211,15.042499542236328,14578,0.0,0.0
2022-11-18 11:30:00-05:00,15.007499694824219,15.109999656677246,14.845000267028809,14.850000381469727,16265,0.0,0.0
2022-11-18 12:30:00-05:00,14.850000381469727,14.880000114440918,14.739999771118164,14.8100004196167,13720,0.0,0.0
2022-11-18 13:30:00-05:00,14.789999961853027,14.789999961853027,14.694999694824219,14.720000267028809,7561,0.0,0.0
2022-11-18 14:30:00-05:00,14.720000267028809,14.869999885559082,14.720000267028809,14.829999923706055,7037,0.0,0.0
2022-11-18 15:30:00-05:00,14.869999885559082,14.890000343322754,14.779999732971191,14.789999961853027,26114,0.0,0.0
2022-11-21 09:30:00-05:00,14.850000381469727,14.850000381469727,14.479999542236328,14.479999542236328,11871,0.0,0.0
2022-11-21 10:30:00-05:00,14.449999809265137,14.489999771118164,14.293999671936035,14.425000190734863,33816,0.0,0.0
2022-11-21 11:30:00-05:00,14.420000076293945,14.420000076293945,14.239999771118164,14.239999771118164,15651,0.0,0.0
2022-11-21 12:30:00-05:00,14.279999732971191,14.395000457763672,14.220000267028809,14.319999694824219,20212,0.0,0.0
2022-11-21 13:30:00-05:00,14.300000190734863,14.369999885559082,14.1899995803833,14.199999809265137,37095,0.0,0.0
2022-11-21 14:30:00-05:00,14.199999809265137,14.289999961853027,14.199999809265137,14.279999732971191,21121,0.0,0.0
2022-11-21 15:30:00-05:00,14.279999732971191,14.324999809265137,14.25,14.270000457763672,33214,0.0,0.0
2022-11-22 09:30:00-05:00,14.600000381469727,14.949999809265137,14.510000228881836,14.680000305175781,53058,0.0,0.0
2022-11-22 10:30:00-05:00,14.739999771118164,14.760000228881836,14.430000305175781,14.59000015258789,27215,0.0,0.0
2022-11-22 11:30:00-05:00,14.579999923706055,14.619999885559082,14.489999771118164,14.489999771118164,20752,0.0,0.0
2022-11-22 12:30:00-05:00,14.539999961853027,14.729999542236328,14.399999618530273,14.6850004196167,34717,0.0,0.0
2022-11-22 13:30:00-05:00,14.6850004196167,14.75,14.625,14.720000267028809,26857,0.0,0.0
2022-11-22 14:30:00-05:00,14.720000267028809,14.84000015258789,14.640000343322754,14.829999923706055,45865,0.0,0.0
2022-11-22 15:30:00-05:00,14.829999923706055,14.875,14.710000038146973,14.779999732971191,66989,0.0,0.0
2022-11-23 09:30:00-05:00,14.800000190734863,15.130000114440918,14.800000190734863,15.03499984741211,20729,0.0,0.0
2022-11-23 10:30:00-05:00,15.069999694824219,15.319999694824219,15.069999694824219,15.289999961853027,20868,0.0,0.0
2022-11-23 11:30:00-05:00,15.289999961853027,15.329999923706055,15.229999542236328,15.239999771118164,11424,0.0,0.0
2022-11-23 12:30:00-05:00,15.239999771118164,15.239999771118164,15.100000381469727,15.109999656677246,10091,0.0,0.0
2022-11-23 13:30:00-05:00,15.109999656677246,15.25,15.020000457763672,15.154999732971191,21256,0.0,0.0
2022-11-23 14:30:00-05:00,15.140000343322754,15.170000076293945,15.039999961853027,15.09000015258789,11826,0.0,0.0
2022-11-23 15:30:00-05:00,15.09000015258789,15.109999656677246,14.949999809265137,15.010000228881836,30884,0.0,0.0
2022-11-25 09:30:00-05:00,15.100000381469727,15.930000305175781,15.079999923706055,15.744999885559082,80569,0.0,0.0
2022-11-25 10:30:00-05:00,15.789999961853027,15.989999771118164,15.739999771118164,15.90999984741211,83872,0.0,0.0
2022-11-25 11:30:00-05:00,15.9350004196167,16.06999969482422,15.739999771118164,15.989999771118164,84188,0.0,0.0
2022-11-28 09:30:00-05:00,15.399999618530273,15.994999885559082,15.0,15.5600004196167,61969,0.0,0.0
2022-11-28 10:30:00-05:00,15.550000190734863,15.779999732971191,15.550000190734863,15.614999771118164,46471,0.0,0.0
2022-11-28 11:30:00-05:00,15.630000114440918,15.680000305175781,15.449999809265137,15.680000305175781,32864,0.0,0.0
2022-11-28 12:30:00-05:00,15.680000305175781,15.75,15.550000190734863,15.59000015258789,30981,0.0,0.0
2022-11-28 13:30:00-05:00,15.600000381469727,15.600000381469727,15.40999984741211,15.510000228881836,35048,0.0,0.0
2022-11-28 14:30:00-05:00,15.529999732971191,15.569999694824219,15.35099983215332,15.385000228881836,37959,0.0,0.0
2022-11-28 15:30:00-05:00,15.385000228881836,15.475000381469727,15.350000381469727,15.380000114440918,142448,0.0,0.0
2022-11-29 09:30:00-05:00,15.40999984741211,15.479999542236328,15.140000343322754,15.175000190734863,23706,0.0,0.0
2022-11-29 10:30:00-05:00,15.175000190734863,15.380000114440918,15.119999885559082,15.244999885559082,38880,0.0,0.0
2022-11-29 11:30:00-05:00,15.25,15.5600004196167,15.210000038146973,15.5600004196167,41687,0.0,0.0
2022-11-29 12:30:00-05:00,15.539999961853027,15.59000015258789,15.404999732971191,15.444999694824219,46079,0.0,0.0
2022-11-29 13:30:00-05:00,15.430000305175781,15.550000190734863,15.350000381469727,15.420000076293945,55731,0.0,0.0
2022-11-29 14:30:00-05:00,15.420000076293945,15.520000457763672,15.395000457763672,15.4399995803833,85458,0.0,0.0
2022-11-29 15:30:00-05:00,15.420000076293945,15.649999618530273,15.420000076293945,15.460000038146973,184356,0.0,0.0
2022-11-30 09:30:00-05:00,15.359999656677246,15.609999656677246,15.204000473022461,15.234000205993652,0,0.0,0.0
2022-11-30 10:30:00-05:00,15.260000228881836,15.350000381469727,14.970000267028809,15.039999961853027,42342,0.0,0.0
2022-11-30 11:30:00-05:00,15.0600004196167,15.300000190734863,15.010000228881836,15.208000183105469,43254,0.0,0.0
2022-11-30 12:30:00-05:00,15.210000038146973,15.4399995803833,15.210000038146973,15.395000457763672,29794,0.0,0.0
2022-11-30 13:30:00-05:00,15.380000114440918,15.649999618530273,15.34000015258789,15.640000343322754,44253,0.0,0.0
2022-11-30 14:30:00-05:00,15.640000343322754,15.6899995803833,15.548199653625488,15.680000305175781,61632,0.0,0.0
2022-11-30 15:30:00-05:00,15.6899995803833,15.779999732971191,15.640000343322754,15.680000305175781,90462,0.0,0.0
2022-12-01 09:30:00-05:00,15.6899995803833,16.075000762939453,15.6899995803833,15.970000267028809,25093,0.0,0.0
2022-12-01 10:30:00-05:00,15.899999618530273,15.989999771118164,15.770000457763672,15.975000381469727,36193,0.0,0.0
2022-12-01 11:30:00-05:00,15.989999771118164,16.0,15.869999885559082,15.9399995803833,18992,0.0,0.0
2022-12-01 12:30:00-05:00,15.90999984741211,16.1299991607666,15.90999984741211,16.100000381469727,22915,0.0,0.0
2022-12-01 13:30:00-05:00,16.1200008392334,16.190000534057617,16.06999969482422,16.149999618530273,26745,0.0,0.0
2022-12-01 14:30:00-05:00,16.15999984741211,16.209999084472656,16.06999969482422,16.084999084472656,26002,0.0,0.0
2022-12-01 15:30:00-05:00,16.084999084472656,16.219999313354492,16.084999084472656,16.219999313354492,55694,0.0,0.0
2022-12-02 09:30:00-05:00,16.1200008392334,16.309999465942383,15.800000190734863,15.895000457763672,24395,0.0,0.0
2022-12-02 10:30:00-05:00,15.895000457763672,15.895000457763672,15.739999771118164,15.739999771118164,21661,0.0,0.0
2022-12-02 11:30:00-05:00,15.739999771118164,15.949999809265137,15.680000305175781,15.840900421142578,20982,0.0,0.0
2022-12-02 12:30:00-05:00,15.845000267028809,15.869999885559082,15.779999732971191,15.824999809265137,19071,0.0,0.0
2022-12-02 13:30:00-05:00,15.824999809265137,15.84000015258789,15.640000343322754,15.6899995803833,34710,0.0,0.0
2022-12-02 14:30:00-05:00,15.680000305175781,15.899999618530273,15.675000190734863,15.800000190734863,38597,0.0,0.0
2022-12-02 15:30:00-05:00,15.8100004196167,15.824999809265137,15.65999984741211,15.720000267028809,51884,0.0,0.0
2022-12-05 09:30:00-05:00,15.529999732971191,15.619999885559082,15.289999961853027,15.40999984741211,7527,0.0,0.0
2022-12-05 10:30:00-05:00,15.329999923706055,15.420000076293945,15.239999771118164,15.300000190734863,19982,0.0,0.0
2022-12-05 11:30:00-05:00,15.270000457763672,15.289999961853027,15.149999618530273,15.25,17771,0.0,0.0
2022-12-05 12:30:00-05:00,15.229999542236328,15.260000228881836,15.180000305175781,15.1899995803833,14576,0.0,0.0
2022-12-05 13:30:00-05:00,15.204999923706055,15.204999923706055,15.0600004196167,15.079999923706055,16706,0.0,0.0
2022-12-05 14:30:00-05:00,15.041399955749512,15.0649995803833,14.890000343322754,14.890000343322754,32291,0.0,0.0
2022-12-05 15:30:00-05:00,14.899999618530273,14.979999542236328,14.880000114440918,14.9399995803833,43067,0.0,0.0
2022-12-06 09:30:00-05:00,14.930000305175781,15.050000190734863,14.550000190734863,14.5600004196167,27181,0.0,0.0
2022-12-06 10:30:00-05:00,14.550000190734863,14.670000076293945,14.550000190734863,14.654999732971191,14250,0.0,0.0
2022-12-06 11:30:00-05:00,14.630000114440918,14.670000076293945,14.478599548339844,14.515000343322754,11148,0.0,0.0
2022-12-06 12:30:00-05:00,14.5,14.5,14.270000457763672,14.270000457763672,21401,0.0,0.0
2022-12-06 13:30:00-05:00,14.25,14.25,14.100000381469727,14.119999885559082,21922,0.0,0.0
2022-12-06 14:30:00-05:00,14.130000114440918,14.130000114440918,13.470199584960938,13.82699966430664,154993,0.0,0.0
2022-12-06 15:30:00-05:00,13.8100004196167,13.920000076293945,13.795000076293945,13.829999923706055,85362,0.0,0.0
2022-12-07 09:30:00-05:00,13.869999885559082,14.286100387573242,13.670000076293945,13.90999984741211,19426,0.0,0.0
2022-12-07 10:30:00-05:00,13.949999809265137,14.359999656677246,13.949999809265137,14.180000305175781,36296,0.0,0.0
2022-12-07 11:30:00-05:00,14.15999984741211,14.300000190734863,14.109999656677246,14.300000190734863,16367,0.0,0.0
2022-12-07 12:30:00-05:00,14.289999961853027,14.3100004196167,14.220000267028809,14.25,17194,0.0,0.0
2022-12-07 13:30:00-05:00,14.239999771118164,14.300000190734863,14.229999542236328,14.260000228881836,18845,0.0,0.0
2022-12-07 14:30:00-05:00,14.25,14.279999732971191,14.1899995803833,14.239999771118164,21388,0.0,0.0
2022-12-07 15:30:00-05:00,14.270000457763672,14.289999961853027,14.140000343322754,14.170000076293945,43055,0.0,0.0
2022-12-08 09:30:00-05:00,14.329999923706055,14.869999885559082,14.194999694824219,14.720000267028809,21047,0.0,0.0
2022-12-08 10:30:00-05:00,14.760000228881836,14.854999542236328,14.729999542236328,14.770000457763672,12135,0.0,0.0
2022-12-08 11:30:00-05:00,14.819999694824219,14.835000038146973,14.789999961853027,14.830300331115723,14543,0.0,0.0
2022-12-08 12:30:00-05:00,14.819999694824219,14.899999618530273,14.819999694824219,14.8927001953125,15360,0.0,0.0
2022-12-08 13:30:00-05:00,14.920000076293945,14.970000267028809,14.8100004196167,14.84000015258789,12488,0.0,0.0
2022-12-08 14:30:00-05:00,14.8100004196167,14.8100004196167,14.704999923706055,14.772199630737305,16526,0.0,0.0
2022-12-08 15:30:00-05:00,14.779999732971191,14.800000190734863,14.739999771118164,14.800000190734863,29938,0.0,0.0
2022-12-09 09:30:00-05:00,14.789999961853027,15.100000381469727,14.475000381469727,14.6899995803833,13623,0.0,0.0
2022-12-09 10:30:00-05:00,14.6899995803833,14.789999961853027,14.6899995803833,14.789999961853027,15611,0.0,0.0
2022-12-09 11:30:00-05:00,14.800000190734863,14.84000015258789,14.800000190734863,14.800000190734863,8406,0.0,0.0
2022-12-09 12:30:00-05:00,14.800000190734863,14.859999656677246,14.75,14.789999961853027,12693,0.0,0.0
2022-12-09 13:30:00-05:00,14.789999961853027,14.899999618530273,14.789999961853027,14.880000114440918,13779,0.0,0.0
2022-12-09 14:30:00-05:00,14.880000114440918,14.920000076293945,14.850000381469727,14.859999656677246,24529,0.0,0.0
2022-12-09 15:30:00-05:00,14.871000289916992,14.90999984741211,14.779999732971191,14.800000190734863,47645,0.0,0.0
2022-12-12 09:30:00-05:00,14.899999618530273,14.899999618530273,14.255599975585938,14.824999809265137,15059,0.0,0.0
2022-12-12 10:30:00-05:00,14.850000381469727,14.904999732971191,14.800000190734863,14.845000267028809,14758,0.0,0.0
2022-12-12 11:30:00-05:00,14.819999694824219,14.84000015258789,14.75,14.824999809265137,10149,0.0,0.0
2022-12-12 12:30:00-05:00,14.824999809265137,14.829999923706055,14.729999542236328,14.75,11331,0.0,0.0
2022-12-12 13:30:00-05:00,14.765000343322754,14.84000015258789,14.699999809265137,14.739999771118164,12750,0.0,0.0
2022-12-12 14:30:00-05:00,14.739999771118164,14.859999656677246,14.710000038146973,14.829999923706055,23267,0.0,0.0
2022-12-12 15:30:00-05:00,14.835000038146973,14.835000038146973,14.75,14.770000457763672,31656,0.0,0.0
2022-12-13 09:30:00-05:00,15.430000305175781,15.430000305175781,14.859999656677246,14.859999656677246,8154,0.0,0.0
2022-12-13 10:30:00-05:00,14.930000305175781,15.020000457763672,14.890000343322754,14.9399995803833,17279,0.0,0.0
2022-12-13 11:30:00-05:00,14.989999771118164,15.039999961853027,14.670000076293945,14.725000381469727,7106,0.0,0.0
2022-12-13 12:30:00-05:00,14.6899995803833,14.920000076293945,14.6899995803833,14.880000114440918,25245,0.0,0.0
2022-12-13 13:30:00-05:00,14.90999984741211,15.027000427246094,14.90999984741211,14.9399995803833,15692,0.0,0.0
2022-12-13 14:30:00-05:00,14.9399995803833,14.949999809265137,14.779999732971191,14.930000305175781,17878,0.0,0.0
2022-12-13 15:30:00-05:00,14.930000305175781,14.989999771118164,14.880000114440918,14.880000114440918,28564,0.0,0.0
2022-12-14 09:30:00-05:00,14.859999656677246,15.130000114440918,14.859999656677246,14.936599731445312,7940,0.0,0.0
2022-12-14 10:30:00-05:00,14.96500015258789,15.050000190734863,14.954999923706055,15.039999961853027,15767,0.0,0.0
2022-12-14 11:30:00-05:00,15.0600004196167,15.0649995803833,14.9399995803833,14.9399995803833,10315,0.0,0.0
2022-12-14 12:30:00-05:00,14.90999984741211,14.960000038146973,14.850000381469727,14.850000381469727,9858,0.0,0.0
2022-12-14 13:30:00-05:00,14.859999656677246,14.899999618530273,14.430000305175781,14.640800476074219,26379,0.0,0.0
2022-12-14 14:30:00-05:00,14.630000114440918,14.850000381469727,14.489999771118164,14.729999542236328,27711,0.0,0.0
2022-12-14 15:30:00-05:00,14.6899995803833,14.899999618530273,14.619999885559082,14.819999694824219,64757,0.0,0.0
2022-12-15 09:30:00-05:00,14.729999542236328,14.880000114440918,14.247200012207031,14.619999885559082,26888,0.0,0.0
2022-12-15 10:30:00-05:00,14.5600004196167,14.579999923706055,14.390000343322754,14.520000457763672,10628,0.0,0.0
2022-12-15 11:30:00-05:00,14.550000190734863,14.710000038146973,14.550000190734863,14.65999984741211,12332,0.0,0.0
2022-12-15 12:30:00-05:00,14.65999984741211,14.670000076293945,14.569999694824219,14.594799995422363,18686,0.0,0.0
2022-12-15 13:30:00-05:00,14.59000015258789,14.739999771118164,14.59000015258789,14.6850004196167,28321,0.0,0.0
2022-12-15 14:30:00-05:00,14.699999809265137,14.859999656677246,14.699999809265137,14.8100004196167,28886,0.0,0.0
2022-12-15 15:30:00-05:00,14.805000305175781,14.869999885559082,14.739999771118164,14.869999885559082,44988,0.0,0.0
2022-12-16 09:30:00-05:00,14.720000267028809,14.90999984741211,14.079999923706055,14.239999771118164,35348,0.0,0.0
2022-12-16 10:30:00-05:00,14.265000343322754,14.479999542236328,14.220000267028809,14.352999687194824,25895,0.0,0.0
2022-12-16 11:30:00-05:00,14.354000091552734,14.449999809265137,14.354000091552734,14.40999984741211,14284,0.0,0.0
2022-12-16 12:30:00-05:00,14.395000457763672,14.40999984741211,14.210000038146973,14.260000228881836,23146,0.0,0.0
2022-12-16 13:30:00-05:00,14.232999801635742,14.319999694824219,14.232999801635742,14.270000457763672,16513,0.0,0.0
2022-12-16 14:30:00-05:00,14.270000457763672,14.399999618530273,14.270000457763672,14.364999771118164,22473,0.0,0.0
2022-12-16 15:30:00-05:00,14.380000114440918,14.449999809265137,14.300000190734863,14.3100004196167,40477,0.0,0.0
2022-12-19 09:30:00-05:00,14.329999923706055,14.369999885559082,14.140000343322754,14.289999961853027,10776,0.0,0.0
2022-12-19 10:30:00-05:00,14.256699562072754,14.289999961853027,14.176300048828125,14.203499794006348,10873,0.0,0.0
2022-12-19 11:30:00-05:00,14.109999656677246,14.149999618530273,14.079999923706055,14.119999885559082,8444,0.0,0.0
2022-12-19 12:30:00-05:00,14.130000114440918,14.15999984741211,14.119999885559082,14.15999984741211,9375,0.0,0.0
2022-12-19 13:30:00-05:00,14.130000114440918,14.130000114440918,13.979999542236328,14.039999961853027,21413,0.0,0.0
2022-12-19 14:30:00-05:00,14.045000076293945,14.104999542236328,13.960000038146973,13.989999771118164,22424,0.0,0.0
2022-12-19 15:30:00-05:00,14.019000053405762,14.140000343322754,13.930000305175781,14.095000267028809,35428,0.0,0.0
2022-12-20 09:30:00-05:00,14.069999694824219,14.40999984741211,13.899999618530273,14.069999694824219,16209,0.0,0.0
2022-12-20 10:30:00-05:00,14.09000015258789,14.229999542236328,14.09000015258789,14.229999542236328,16714,0.0,0.0
2022-12-20 11:30:00-05:00,14.244999885559082,14.3149995803833,14.229999542236328,14.239999771118164,7101,0.0,0.0
2022-12-20 12:30:00-05:00,14.194999694824219,14.25,14.149999618530273,14.210000038146973,9554,0.0,0.0
2022-12-20 13:30:00-05:00,14.21500015258789,14.289999961853027,14.1899995803833,14.1899995803833,8342,0.0,0.0
2022-12-20 14:30:00-05:00,14.199999809265137,14.220000267028809,14.15999984741211,14.1899995803833,10428,0.0,0.0
2022-12-20 15:30:00-05:00,14.1899995803833,14.194999694824219,14.079999923706055,14.119999885559082,30708,0.0,0.0
2022-12-21 09:30:00-05:00,14.260000228881836,14.5,13.90999984741211,14.239999771118164,0,0.0,0.0
2022-12-21 10:30:00-05:00,14.239999771118164,14.520000457763672,14.239999771118164,14.3100004196167,16281,0.0,0.0
2022-12-21 11:30:00-05:00,14.329999923706055,14.364999771118164,14.229999542236328,14.229999542236328,7789,0.0,0.0
2022-12-21 12:30:00-05:00,14.239999771118164,14.270000457763672,14.210000038146973,14.239999771118164,8368,0.0,0.0
2022-12-21 13:30:00-05:00,14.229999542236328,14.270000457763672,14.199999809265137,14.229999542236328,9908,0.0,0.0
2022-12-21 14:30:00-05:00,14.239999771118164,14.239999771118164,14.170000076293945,14.175000190734863,12973,0.0,0.0
2022-12-21 15:30:00-05:00,14.170000076293945,14.25,14.130000114440918,14.140000343322754,29613,0.0,0.0
2022-12-22 09:30:00-05:00,13.979999542236328,14.170000076293945,13.880000114440918,14.097700119018555,11141,0.0,0.0
2022-12-22 10:30:00-05:00,14.100000381469727,14.1899995803833,14.09000015258789,14.1899995803833,12623,0.0,0.0
2022-12-22 11:30:00-05:00,14.1899995803833,14.1899995803833,14.09000015258789,14.119999885559082,7352,0.0,0.0
2022-12-22 12:30:00-05:00,14.100000381469727,14.114999771118164,14.0649995803833,14.09000015258789,11079,0.0,0.0
2022-12-22 13:30:00-05:00,14.09000015258789,14.140000343322754,14.0600004196167,14.140000343322754,10967,0.0,0.0
2022-12-22 14:30:00-05:00,14.135000228881836,14.170000076293945,14.079999923706055,14.09000015258789,14227,0.0,0.0
2022-12-22 15:30:00-05:00,14.09000015258789,14.135000228881836,14.079999923706055,14.119999885559082,22570,0.0,0.0
2022-12-23 09:30:00-05:00,14.170000076293945,14.229999542236328,13.989999771118164,14.170000076293945,9400,0.0,0.0
2022-12-23 10:30:00-05:00,14.170000076293945,14.25,14.079999923706055,14.140000343322754,10669,0.0,0.0
2022-12-23 11:30:00-05:00,14.135000228881836,14.204999923706055,14.109999656677246,14.194999694824219,8954,0.0,0.0
2022-12-23 12:30:00-05:00,14.1899995803833,14.220000267028809,14.109999656677246,14.145000457763672,9531,0.0,0.0
2022-12-23 13:30:00-05:00,14.130000114440918,14.1899995803833,14.100000381469727,14.15999984741211,8722,0.0,0.0
2022-12-23 14:30:00-05:00,14.15999984741211,14.170000076293945,14.109999656677246,14.130999565124512,10508,0.0,0.0
2022-12-23 15:30:00-05:00,14.149999618530273,14.239999771118164,14.109999656677246,14.210000038146973,40163,0.0,0.0
2022-12-27 09:30:00-05:00,14.1899995803833,14.579999923706055,14.079999923706055,14.34000015258789,11368,0.0,0.0
2022-12-27 10:30:00-05:00,14.34000015258789,14.354999542236328,14.239999771118164,14.265000343322754,18854,0.0,0.0
2022-12-27 11:30:00-05:00,14.270000457763672,14.279999732971191,14.100000381469727,14.149999618530273,12108,0.0,0.0
2022-12-27 12:30:00-05:00,14.149999618530273,14.149999618530273,14.100000381469727,14.114999771118164,15326,0.0,0.0
2022-12-27 13:30:00-05:00,14.114999771118164,14.149999618530273,14.095000267028809,14.130000114440918,15524,0.0,0.0
2022-12-27 14:30:00-05:00,14.125,14.125,13.8100004196167,13.819999694824219,70593,0.0,0.0
2022-12-27 15:30:00-05:00,13.8100004196167,13.850000381469727,13.699999809265137,13.710000038146973,48405,0.0,0.0
2022-12-28 09:30:00-05:00,13.6899995803833,14.0,13.630000114440918,13.890000343322754,17220,0.0,0.0
2022-12-28 10:30:00-05:00,13.90999984741211,13.90999984741211,13.609999656677246,13.609999656677246,37158,0.0,0.0
2022-12-28 11:30:00-05:00,13.619999885559082,13.65999984741211,13.489999771118164,13.510000228881836,57544,0.0,0.0
2022-12-28 12:30:00-05:00,13.510000228881836,13.649999618530273,13.5,13.555000305175781,33422,0.0,0.0
2022-12-28 13:30:00-05:00,13.555000305175781,13.585000038146973,13.489999771118164,13.494999885559082,30706,0.0,0.0
2022-12-28 14:30:00-05:00,13.489999771118164,13.550000190734863,13.354999542236328,13.529999732971191,47682,0.0,0.0
2022-12-28 15:30:00-05:00,13.529999732971191,13.569999694824219,13.460000038146973,13.479999542236328,57167,0.0,0.0
2022-12-29 09:30:00-05:00,13.680000305175781,13.859999656677246,13.614999771118164,13.859999656677246,12682,0.0,0.0
2022-12-29 10:30:00-05:00,13.845000267028809,13.845000267028809,13.739999771118164,13.765000343322754,14101,0.0,0.0
2022-12-29 11:30:00-05:00,13.779999732971191,13.9399995803833,13.765000343322754,13.920000076293945,18399,0.0,0.0
2022-12-29 12:30:00-05:00,13.960000038146973,13.960000038146973,13.829999923706055,13.864999771118164,12513,0.0,0.0
2022-12-29 13:30:00-05:00,13.84000015258789,13.845000267028809,13.8100004196167,13.819999694824219,10207,0.0,0.0
2022-12-29 14:30:00-05:00,13.8149995803833,13.819999694824219,13.734999656677246,13.760000228881836,18159,0.0,0.0
2022-12-29 15:30:00-05:00,13.760000228881836,13.770000457763672,13.649999618530273,13.670000076293945,38846,0.0,0.0
2022-12-30 09:30:00-05:00,13.800000190734863,13.819999694824219,13.359999656677246,13.399999618530273,16025,0.0,0.0
2022-12-30 10:30:00-05:00,13.390000343322754,13.510000228881836,13.34000015258789,13.390000343322754,14981,0.0,0.0
2022-12-30 11:30:00-05:00,13.319999694824219,13.520000457763672,13.300000190734863,13.470000267028809,28629,0.0,0.0
2022-12-30 12:30:00-05:00,13.479999542236328,13.539999961853027,13.470000267028809,13.5,14378,0.0,0.0
2022-12-30 13:30:00-05:00,13.5,13.529999732971191,13.489999771118164,13.520000457763672,9917,0.0,0.0
2022-12-30 14:30:00-05:00,13.524999618530273,13.529999732971191,13.430000305175781,13.489999771118164,20963,0.0,0.0
2022-12-30 15:30:00-05:00,13.489999771118164,13.569999694824219,13.470000267028809,13.520000457763672,35933,0.0,0.0
2023-01-03 09:30:00-05:00,13.789999961853027,13.789999961853027,13.449999809265137,13.53499984741211,3805,0.0,0.0
2023-01-03 10:30:00-05:00,13.5600004196167,13.75,13.539999961853027,13.6899995803833,13446,0.0,0.0
2023-01-03 11:30:00-05:00,13.6899995803833,13.760000228881836,13.65999984741211,13.734999656677246,16000,0.0,0.0
2023-01-03 12:30:00-05:00,13.73270034790039,13.829999923706055,13.720000267028809,13.829999923706055,13579,0.0,0.0
2023-01-03 13:30:00-05:00,13.829999923706055,13.90999984741211,13.800000190734863,13.880000114440918,12912,0.0,0.0
2023-01-03 14:30:00-05:00,13.869999885559082,13.9399995803833,13.800000190734863,13.800000190734863,16406,0.0,0.0
2023-01-03 15:30:00-05:00,13.8100004196167,13.899999618530273,13.800000190734863,13.890000343322754,37153,0.0,0.0
2023-01-04 09:30:00-05:00,13.890000343322754,14.09000015258789,13.890000343322754,14.0,16600,0.0,0.0
2023-01-04 10:30:00-05:00,14.0,14.005000114440918,13.890000343322754,13.890000343322754,18965,0.0,0.0
2023-01-04 11:30:00-05:00,13.899999618530273,14.0,13.899999618530273,13.954999923706055,19190,0.0,0.0
2023-01-04 12:30:00-05:00,13.960000038146973,13.970000267028809,13.920000076293945,13.960000038146973,17114,0.0,0.0
2023-01-04 13:30:00-05:00,13.960000038146973,14.020000457763672,13.770000457763672,13.774999618530273,27087,0.0,0.0
2023-01-04 14:30:00-05:00,13.75,13.880000114440918,13.699999809265137,13.800000190734863,25993,0.0,0.0
2023-01-04 15:30:00-05:00,13.800000190734863,13.850000381469727,13.739999771118164,13.829999923706055,48359,0.0,0.0
2023-01-05 09:30:00-05:00,13.670000076293945,13.805000305175781,13.319999694824219,13.579999923706055,13551,0.0,0.0
2023-01-05 10:30:00-05:00,13.571900367736816,13.571900367736816,13.390000343322754,13.479999542236328,27525,0.0,0.0
2023-01-05 11:30:00-05:00,13.479999542236328,13.545000076293945,13.479999542236328,13.505000114440918,26581,0.0,0.0
2023-01-05 12:30:00-05:00,13.505000114440918,13.550000190734863,13.460000038146973,13.529999732971191,44104,0.0,0.0
2023-01-05 13:30:00-05:00,13.539999961853027,13.670000076293945,13.489999771118164,13.670000076293945,33631,0.0,0.0
2023-01-05 14:30:00-05:00,13.680000305175781,13.770000457763672,13.600000381469727,13.630000114440918,31345,0.0,0.0
2023-01-05 15:30:00-05:00,13.625,13.704999923706055,13.489999771118164,13.529999732971191,92177,0.0,0.0
2023-01-06 09:30:00-05:00,13.680000305175781,13.819999694824219,13.460000038146973,13.520000457763672,13311,0.0,0.0
2023-01-06 10:30:00-05:00,13.520000457763672,13.720000267028809,13.515000343322754,13.640000343322754,15337,0.0,0.0
2023-01-06 11:30:00-05:00,13.640000343322754,13.772500038146973,13.609999656677246,13.609999656677246,16891,0.0,0.0
2023-01-06 12:30:00-05:00,13.600000381469727,13.614999771118164,13.569999694824219,13.614999771118164,7365,0.0,0.0
2023-01-06 13:30:00-05:00,13.614999771118164,13.656999588012695,13.40999984741211,13.625,33132,0.0,0.0
2023-01-06 14:30:00-05:00,13.609999656677246,13.680000305175781,13.555000305175781,13.59000015258789,79716,0.0,0.0
2023-01-06 15:30:00-05:00,13.59000015258789,13.600000381469727,13.399999618530273,13.460000038146973,69000,0.0,0.0
2023-01-09 09:30:00-05:00,13.699999809265137,13.949999809265137,13.5,13.800000190734863,52091,0.0,0.0
2023-01-09 10:30:00-05:00,13.800200462341309,14.09000015258789,13.800200462341309,14.042799949645996,19221,0.0,0.0
2023-01-09 11:30:00-05:00,14.045000076293945,14.140000343322754,14.020000457763672,14.050000190734863,13055,0.0,0.0
2023-01-09 12:30:00-05:00,14.055000305175781,14.100000381469727,14.010000228881836,14.069999694824219,14256,0.0,0.0
2023-01-09 13:30:00-05:00,14.069999694824219,14.140000343322754,14.010000228881836,14.109999656677246,19695,0.0,0.0
2023-01-09 14:30:00-05:00,14.119999885559082,14.1899995803833,14.0600004196167,14.175000190734863,23559,0.0,0.0
2023-01-09 15:30:00-05:00,14.175000190734863,14.279999732971191,14.149999618530273,14.270000457763672,37353,0.0,0.0
2023-01-10 09:30:00-05:00,14.229999542236328,14.649999618530273,14.100000381469727,14.609999656677246,12330,0.0,0.0
2023-01-10 10:30:00-05:00,14.59000015258789,14.720000267028809,14.5,14.5,32793,0.0,0.0
2023-01-10 11:30:00-05:00,14.470000267028809,14.579999923706055,14.460000038146973,14.569999694824219,10708,0.0,0.0
2023-01-10 12:30:00-05:00,14.574999809265137,14.649999618530273,14.489999771118164,14.649999618530273,17256,0.0,0.0
2023-01-10 13:30:00-05:00,14.649999618530273,14.819999694824219,14.630000114440918,14.8100004196167,13223,0.0,0.0
2023-01-10 14:30:00-05:00,14.819999694824219,14.829999923706055,14.770000457763672,14.789999961853027,17494,0.0,0.0
2023-01-10 15:30:00-05:00,14.800000190734863,14.949999809265137,14.800000190734863,14.850000381469727,48698,0.0,0.0
2023-01-11 09:30:00-05:00,14.970000267028809,15.369999885559082,14.84000015258789,15.34000015258789,53699,0.0,0.0
2023-01-11 10:30:00-05:00,15.369999885559082,15.59000015258789,15.369999885559082,15.390000343322754,76111,0.0,0.0
2023-01-11 11:30:00-05:00,15.380000114440918,15.470000267028809,15.319999694824219,15.336600303649902,11597,0.0,0.0
2023-01-11 12:30:00-05:00,15.329999923706055,15.380000114440918,15.170000076293945,15.175000190734863,44632,0.0,0.0
2023-01-11 13:30:00-05:00,15.175000190734863,15.300000190734863,15.175000190734863,15.260000228881836,18843,0.0,0.0
2023-01-11 14:30:00-05:00,15.260000228881836,15.449999809265137,15.220000267028809,15.420000076293945,22304,0.0,0.0
2023-01-11 15:30:00-05:00,15.430000305175781,15.710000038146973,15.430000305175781,15.710000038146973,59028,0.0,0.0
2023-01-12 09:30:00-05:00,15.829999923706055,15.970000267028809,15.680000305175781,15.774999618530273,96848,0.0,0.0
2023-01-12 10:30:00-05:00,15.774999618530273,15.880000114440918,15.529999732971191,15.649999618530273,97369,0.0,0.0
2023-01-12 11:30:00-05:00,15.579999923706055,15.579999923706055,15.449999809265137,15.550000190734863,19776,0.0,0.0
2023-01-12 12:30:00-05:00,15.529999732971191,15.779999732971191,15.510000228881836,15.670000076293945,25105,0.0,0.0
2023-01-12 13:30:00-05:00,15.664999961853027,16.020000457763672,15.640000343322754,16.020000457763672,40917,0.0,0.0
2023-01-12 14:30:00-05:00,16.010000228881836,16.059999465942383,15.920000076293945,15.9399995803833,29936,0.0,0.0
2023-01-12 15:30:00-05:00,15.914999961853027,15.979999542236328,15.880000114440918,15.960000038146973,57160,0.0,0.0
2023-01-13 09:30:00-05:00,15.800000190734863,15.9399995803833,14.680999755859375,15.819999694824219,15902,0.0,0.0
2023-01-13 10:30:00-05:00,15.850000381469727,16.21500015258789,15.800000190734863,16.05500030517578,26993,0.0,0.0
2023-01-13 11:30:00-05:00,16.045000076293945,16.219999313354492,15.944999694824219,16.219999313354492,27510,0.0,0.0
2023-01-13 12:30:00-05:00,16.219999313354492,16.239999771118164,16.100000381469727,16.200000762939453,25422,0.0,0.0
2023-01-13 13:30:00-05:00,16.209999084472656,16.239999771118164,16.06999969482422,16.075000762939453,19281,0.0,0.0
2023-01-13 14:30:00-05:00,16.075000762939453,16.174999237060547,16.0,16.149999618530273,24962,0.0,0.0
2023-01-13 15:30:00-05:00,16.149999618530273,16.149999618530273,16.030000686645508,16.079999923706055,56875,0.0,0.0
2023-01-17 09:30:00-05:00,16.09000015258789,16.219999313354492,15.920000076293945,16.18000030517578,8585,0.0,0.0
2023-01-17 10:30:00-05:00,16.200000762939453,16.360000610351562,16.1200008392334,16.290000915527344,15541,0.0,0.0
2023-01-17 11:30:00-05:00,16.299999237060547,16.344999313354492,16.15999984741211,16.225000381469727,12907,0.0,0.0
2023-01-17 12:30:00-05:00,16.270000457763672,16.28499984741211,16.15999984741211,16.15999984741211,7642,0.0,0.0
2023-01-17 13:30:00-05:00,16.15999984741211,16.166099548339844,16.020000457763672,16.049999237060547,9518,0.0,0.0
2023-01-17 14:30:00-05:00,16.059999465942383,16.209999084472656,16.059999465942383,16.209999084472656,9888,0.0,0.0
2023-01-17 15:30:00-05:00,16.229999542236328,16.420000076293945,16.229999542236328,16.420000076293945,22868,0.0,0.0
2023-01-18 09:30:00-05:00,16.3700008392334,16.860000610351562,16.350000381469727,16.860000610351562,18085,0.0,0.0
2023-01-18 10:30:00-05:00,16.844999313354492,16.844999313354492,16.360000610351562,16.489999771118164,123728,0.0,0.0
2023-01-18 11:30:00-05:00,16.520000457763672,16.520000457763672,16.361000061035156,16.469999313354492,13218,0.0,0.0
2023-01-18 12:30:00-05:00,16.43000030517578,16.479999542236328,16.3700008392334,16.479999542236328,9380,0.0,0.0
2023-01-18 13:30:00-05:00,16.489999771118164,16.530000686645508,16.3799991607666,16.399999618530273,19214,0.0,0.0
2023-01-18 14:30:00-05:00,16.420000076293945,16.475000381469727,16.389999389648438,16.399999618530273,13901,0.0,0.0
2023-01-18 15:30:00-05:00,16.389999389648438,16.5,16.290000915527344,16.40999984741211,50633,0.0,0.0
2023-01-19 09:30:00-05:00,16.25,16.360000610351562,16.030000686645508,16.1200008392334,9470,0.0,0.0
2023-01-19 10:30:00-05:00,16.125,16.25,15.869999885559082,15.869999885559082,33378,0.0,0.0
2023-01-19 11:30:00-05:00,15.880000114440918,16.059999465942383,15.800000190734863,16.059999465942383,16601,0.0,0.0
2023-01-19 12:30:00-05:00,16.09000015258789,16.280000686645508,16.09000015258789,16.229999542236328,12601,0.0,0.0
2023-01-19 13:30:00-05:00,16.260000228881836,16.405000686645508,16.260000228881836,16.3700008392334,22776,0.0,0.0
2023-01-19 14:30:00-05:00,16.3700008392334,16.424999237060547,16.299999237060547,16.31999969482422,20042,0.0,0.0
2023-01-19 15:30:00-05:00,16.299999237060547,16.389999389648438,16.270000457763672,16.350000381469727,33085,0.0,0.0
2023-01-20 09:30:00-05:00,16.559999465942383,16.610000610351562,16.290000915527344,16.514999389648438,21143,0.0,0.0
2023-01-20 10:30:00-05:00,16.540000915527344,16.575000762939453,16.415000915527344,16.4950008392334,9610,0.0,0.0
2023-01-20 11:30:00-05:00,16.5,16.729999542236328,16.5,16.729999542236328,43666,0.0,0.0
2023-01-20 12:30:00-05:00,16.690000534057617,16.809999465942383,16.649999618530273,16.649999618530273,13131,0.0,0.0
2023-01-20 13:30:00-05:00,16.690000534057617,16.799999237060547,16.65999984741211,16.760000228881836,41179,0.0,0.0
2023-01-20 14:30:00-05:00,16.764999389648438,16.770000457763672,16.665000915527344,16.71500015258789,36670,0.0,0.0
2023-01-20 15:30:00-05:00,16.71500015258789,16.770000457763672,16.690000534057617,16.739999771118164,20277,0.0,0.0
2023-01-23 09:30:00-05:00,16.59000015258789,16.770000457763672,15.979999542236328,16.579999923706055,32084,0.0,0.0
2023-01-23 10:30:00-05:00,16.645000457763672,16.645000457763672,16.40999984741211,16.5,16431,0.0,0.0
2023-01-23 11:30:00-05:00,16.489999771118164,16.489999771118164,16.375,16.420000076293945,22276,0.0,0.0
2023-01-23 12:30:00-05:00,16.420000076293945,16.5,16.420000076293945,16.450000762939453,15203,0.0,0.0
2023-01-23 13:30:00-05:00,16.450000762939453,16.459999084472656,16.299999237060547,16.31999969482422,16831,0.0,0.0
2023-01-23 14:30:00-05:00,16.272499084472656,16.34000015258789,16.190000534057617,16.30500030517578,19237,0.0,0.0
2023-01-23 15:30:00-05:00,16.31999969482422,16.350000381469727,16.290000915527344,16.334999084472656,30641,0.0,0.0
2023-01-24 09:30:00-05:00,16.270000457763672,16.46500015258789,16.110000610351562,16.34000015258789,11407,0.0,0.0
2023-01-24 10:30:00-05:00,16.31999969482422,16.3799991607666,16.09000015258789,16.34000015258789,26987,0.0,0.0
2023-01-24 11:30:00-05:00,16.34000015258789,16.34000015258789,16.110000610351562,16.15999984741211,23438,0.0,0.0
2023-01-24 12:30:00-05:00,16.209999084472656,16.260000228881836,16.170000076293945,16.184999465942383,7195,0.0,0.0
2023-01-24 13:30:00-05:00,16.200000762939453,16.260000228881836,16.19499969482422,16.200000762939453,4687,0.0,0.0
2023-01-24 14:30:00-05:00,16.200000762939453,16.239999771118164,16.075000762939453,16.075000762939453,12244,0.0,0.0
2023-01-24 15:30:00-05:00,16.110000610351562,16.1200008392334,16.0,16.079999923706055,25716,0.0,0.0
2023-01-25 09:30:00-05:00,15.9399995803833,16.40999984741211,15.699999809265137,15.725000381469727,17595,0.0,0.0
2023-01-25 10:30:00-05:00,15.704999923706055,16.040000915527344,15.664999961853027,16.040000915527344,65709,0.0,0.0
2023-01-25 11:30:00-05:00,16.010000228881836,16.040000915527344,15.9350004196167,15.9350004196167,12976,0.0,0.0
2023-01-25 12:30:00-05:00,15.949999809265137,16.020000457763672,15.949999809265137,15.994999885559082,4972,0.0,0.0
2023-01-25 13:30:00-05:00,16.0049991607666,16.0049991607666,15.920000076293945,15.920000076293945,9545,0.0,0.0
2023-01-25 14:30:00-05:00,15.920000076293945,16.06999969482422,15.899999618530273,15.949999809265137,49585,0.0,0.0
2023-01-25 15:30:00-05:00,15.96500015258789,15.989999771118164,15.890000343322754,15.960000038146973,26444,0.0,0.0
2023-01-26 09:30:00-05:00,16.239999771118164,16.510000228881836,16.110000610351562,16.110000610351562,18472,0.0,0.0
2023-01-26 10:30:00-05:00,16.127500534057617,16.127500534057617,15.899999618530273,15.970000267028809,15543,0.0,0.0
2023-01-26 11:30:00-05:00,15.975000381469727,16.022499084472656,15.949999809265137,15.951800346374512,15974,0.0,0.0
2023-01-26 12:30:00-05:00,15.949999809265137,15.979999542236328,15.859999656677246,15.890000343322754,18987,0.0,0.0
2023-01-26 13:30:00-05:00,15.890000343322754,15.899999618530273,15.725000381469727,15.770000457763672,29751,0.0,0.0
2023-01-26 14:30:00-05:00,15.770000457763672,15.800000190734863,15.729999542236328,15.770000457763672,11089,0.0,0.0
2023-01-26 15:30:00-05:00,15.760000228881836,15.760000228881836,15.630000114440918,15.720000267028809,42999,0.0,0.0
2023-01-27 09:30:00-05:00,15.6899995803833,15.773900032043457,15.65999984741211,15.729999542236328,0,0.0,0.0
2023-01-27 10:30:00-05:00,15.739999771118164,15.829999923706055,15.6899995803833,15.829999923706055,8689,0.0,0.0
2023-01-27 11:30:00-05:00,15.960000038146973,16.010000228881836,15.90999984741211,15.960000038146973,3492,0.0,0.0
2023-01-27 12:30:00-05:00,15.961400032043457,15.975000381469727,15.90999984741211,15.90999984741211,3956,0.0,0.0
2023-01-27 13:30:00-05:00,15.922499656677246,15.949999809265137,15.890000343322754,15.904999732971191,6548,0.0,0.0
2023-01-27 14:30:00-05:00,15.899999618530273,15.914999961853027,15.824999809265137,15.829999923706055,9803,0.0,0.0
2023-01-27 15:30:00-05:00,15.84000015258789,15.859999656677246,15.739999771118164,15.760000228881836,23472,0.0,0.0
2023-01-30 09:30:00-05:00,15.579999923706055,15.90999984741211,15.579999923706055,15.84000015258789,13376,0.0,0.0
2023-01-30 10:30:00-05:00,15.829999923706055,16.079999923706055,15.800000190734863,16.079999923706055,7909,0.0,0.0
2023-01-30 11:30:00-05:00,16.09000015258789,16.1200008392334,15.930000305175781,15.9399995803833,11166,0.0,0.0
2023-01-30 12:30:00-05:00,15.938400268554688,16.1200008392334,15.938400268554688,16.049999237060547,80974,0.0,0.0
2023-01-30 13:30:00-05:00,16.045000076293945,16.059999465942383,15.920000076293945,15.989999771118164,18675,0.0,0.0
2023-01-30 14:30:00-05:00,15.970000267028809,16.0,15.899999618530273,15.930000305175781,18906,0.0,0.0
2023-01-30 15:30:00-05:00,15.930000305175781,15.930000305175781,15.829999923706055,15.875,50611,0.0,0.0
2023-01-31 09:30:00-05:00,15.9399995803833,15.960000038146973,15.529999732971191,15.9399995803833,7634,0.0,0.0
2023-01-31 10:30:00-05:00,16.010000228881836,16.012699127197266,15.920000076293945,15.960000038146973,7107,0.0,0.0
2023-01-31 11:30:00-05:00,15.979999542236328,16.010000228881836,15.930000305175781,15.955499649047852,3063,0.0,0.0
2023-01-31 12:30:00-05:00,15.989999771118164,16.020000457763672,15.949999809265137,15.949999809265137,4150,0.0,0.0
2023-01-31 13:30:00-05:00,15.9399995803833,16.030000686645508,15.930000305175781,15.949999809265137,8910,0.0,0.0
2023-01-31 14:30:00-05:00,15.960000038146973,16.15999984741211,15.960000038146973,16.15999984741211,26588,0.0,0.0
2023-01-31 15:30:00-05:00,16.15999984741211,16.229999542236328,16.100000381469727,16.190000534057617,37673,0.0,0.0
2023-02-01 09:30:00-05:00,16.200000762939453,16.200000762939453,15.90999984741211,16.024999618530273,9768,0.0,0.0
2023-02-01 10:30:00-05:00,15.96500015258789,15.96500015258789,15.5,15.5,15219,0.0,0.0
2023-02-01 11:30:00-05:00,15.46500015258789,15.510000228881836,15.420000076293945,15.4399995803833,16127,0.0,0.0
2023-02-01 12:30:00-05:00,15.430000305175781,15.630000114440918,15.399999618530273,15.470000267028809,57973,0.0,0.0
2023-02-01 13:30:00-05:00,15.470000267028809,15.5,15.359999656677246,15.484999656677246,13164,0.0,0.0
2023-02-01 14:30:00-05:00,15.470000267028809,15.890000343322754,15.430000305175781,15.800000190734863,25776,0.0,0.0
2023-02-01 15:30:00-05:00,15.819999694824219,15.869999885559082,15.670000076293945,15.755000114440918,41657,0.0,0.0
2023-02-02 09:30:00-05:00,16.030000686645508,16.239999771118164,15.919500350952148,16.219200134277344,6200,0.0,0.0
2023-02-02 10:30:00-05:00,16.290000915527344,16.514999389648438,16.280000686645508,16.329999923706055,18990,0.0,0.0
2023-02-02 11:30:00-05:00,16.30500030517578,16.3700008392334,16.270000457763672,16.280000686645508,9607,0.0,0.0
2023-02-02 12:30:00-05:00,16.219999313354492,16.270000457763672,16.200000762939453,16.264999389648438,4052,0.0,0.0
2023-02-02 13:30:00-05:00,16.274999618530273,16.299999237060547,16.209999084472656,16.21500015258789,6668,0.0,0.0
2023-02-02 14:30:00-05:00,16.19499969482422,16.19499969482422,16.0,16.110000610351562,13664,0.0,0.0
2023-02-02 15:30:00-05:00,16.09000015258789,16.200000762939453,15.994999885559082,16.170000076293945,25450,0.0,0.0
2023-02-03 09:30:00-05:00,15.920000076293945,16.299999237060547,15.510000228881836,16.290000915527344,13803,0.0,0.0
2023-02-03 10:30:00-05:00,16.329999923706055,16.434999465942383,16.290000915527344,16.342599868774414,10345,0.0,0.0
2023-02-03 11:30:00-05:00,16.389999389648438,16.399999618530273,16.292499542236328,16.354999542236328,8991,0.0,0.0
2023-02-03 12:30:00-05:00,16.350000381469727,16.3700008392334,16.170000076293945,16.239999771118164,12767,0.0,0.0
2023-02-03 13:30:00-05:00,16.270000457763672,16.3799991607666,16.1200008392334,16.174999237060547,20276,0.0,0.0
2023-02-03 14:30:00-05:00,16.184999465942383,16.329999923706055,16.139999389648438,16.270000457763672,42700,0.0,0.0
2023-02-03 15:30:00-05:00,16.2549991607666,16.399999618530273,16.18000030517578,16.309999465942383,57951,0.0,0.0
2023-02-06 09:30:00-05:00,16.479999542236328,16.479999542236328,15.942999839782715,15.942999839782715,5406,0.0,0.0
2023-02-06 10:30:00-05:00,15.930000305175781,16.110000610351562,15.920000076293945,16.052499771118164,22998,0.0,0.0
2023-02-06 11:30:00-05:00,16.045000076293945,16.079999923706055,15.960000038146973,16.03499984741211,15326,0.0,0.0
2023-02-06 12:30:00-05:00,16.030000686645508,16.06999969482422,16.020000457763672,16.030000686645508,13883,0.0,0.0
2023-02-06 13:30:00-05:00,16.049999237060547,16.15999984741211,16.049999237060547,16.15999984741211,23698,0.0,0.0
2023-02-06 14:30:00-05:00,16.149999618530273,16.219999313354492,16.040000915527344,16.059999465942383,11513,0.0,0.0
2023-02-06 15:30:00-05:00,16.040000915527344,16.149999618530273,16.010000228881836,16.110000610351562,26724,0.0,0.0
2023-02-07 09:30:00-05:00,16.110000610351562,16.5,15.920000076293945,16.29990005493164,18906,0.0,0.0
2023-02-07 10:30:00-05:00,16.260000228881836,16.34000015258789,16.260000228881836,16.329999923706055,10419,0.0,0.0
2023-02-07 11:30:00-05:00,16.34000015258789,16.350000381469727,16.24970054626465,16.31999969482422,12762,0.0,0.0
2023-02-07 12:30:00-05:00,16.329999923706055,16.514999389648438,16.329999923706055,16.350000381469727,23252,0.0,0.0
2023-02-07 13:30:00-05:00,16.34000015258789,16.40999984741211,16.2549991607666,16.350000381469727,29383,0.0,0.0
2023-02-07 14:30:00-05:00,16.329999923706055,16.389999389648438,16.225000381469727,16.229999542236328,82191,0.0,0.0
2023-02-07 15:30:00-05:00,16.2450008392334,16.600000381469727,16.229999542236328,16.520000457763672,50938,0.0,0.0
2023-02-08 09:30:00-05:00,16.350000381469727,16.600000381469727,16.25,16.559999465942383,16464,0.0,0.0
2023-02-08 10:30:00-05:00,16.520000457763672,16.520000457763672,16.389999389648438,16.469999313354492,18793,0.0,0.0
2023-02-08 11:30:00-05:00,16.469999313354492,16.520000457763672,16.31999969482422,16.469999313354492,21059,0.0,0.0
2023-02-08 12:30:00-05:00,16.475000381469727,16.485000610351562,16.3799991607666,16.395000457763672,18991,0.0,0.0
2023-02-08 13:30:00-05:00,16.399999618530273,16.469999313354492,16.264999389648438,16.274999618530273,18225,0.0,0.0
2023-02-08 14:30:00-05:00,16.260000228881836,16.43000030517578,16.260000228881836,16.40999984741211,24204,0.0,0.0
2023-02-08 15:30:00-05:00,16.420000076293945,16.489999771118164,16.360000610351562,16.440000534057617,59707,0.0,0.0
2023-02-09 09:30:00-05:00,16.510000228881836,16.65999984741211,16.209999084472656,16.270000457763672,17575,0.0,0.0
2023-02-09 10:30:00-05:00,16.31999969482422,16.459999084472656,16.25,16.25,7468,0.0,0.0
2023-02-09 11:30:00-05:00,16.229999542236328,16.280000686645508,16.200000762939453,16.270000457763672,13970,0.0,0.0
2023-02-09 12:30:00-05:00,16.260000228881836,16.299999237060547,16.209999084472656,16.239999771118164,16752,0.0,0.0
2023-02-09 13:30:00-05:00,16.25,16.270000457763672,16.114999771118164,16.114999771118164,19836,0.0,0.0
2023-02-09 14:30:00-05:00,16.110000610351562,16.209999084472656,16.020000457763672,16.020000457763672,24732,0.0,0.0
2023-02-09 15:30:00-05:00,15.979999542236328,16.010000228881836,15.867500305175781,15.899999618530273,24321,0.0,0.0
2023-02-10 09:30:00-05:00,15.970000267028809,15.970000267028809,15.520000457763672,15.579999923706055,15278,0.0,0.0
2023-02-10 10:30:00-05:00,15.619999885559082,15.630000114440918,15.472000122070312,15.630000114440918,11506,0.0,0.0
2023-02-10 11:30:00-05:00,15.579999923706055,15.609999656677246,15.460000038146973,15.545000076293945,9250,0.0,0.0
2023-02-10 12:30:00-05:00,15.5600004196167,15.569999694824219,15.4399995803833,15.569999694824219,8338,0.0,0.0
2023-02-10 13:30:00-05:00,15.539999961853027,15.539999961853027,15.380000114440918,15.430000305175781,13452,0.0,0.0
2023-02-10 14:30:00-05:00,15.40999984741211,15.460000038146973,15.359999656677246,15.395000457763672,13570,0.0,0.0
2023-02-10 15:30:00-05:00,15.390000343322754,15.449999809265137,15.350000381469727,15.350000381469727,25373,0.0,0.0
2023-02-13 09:30:00-05:00,15.34000015258789,15.59000015258789,15.125,15.554800033569336,6621,0.0,0.0
2023-02-13 10:30:00-05:00,15.609999656677246,15.6850004196167,15.510000228881836,15.510000228881836,9346,0.0,0.0
2023-02-13 11:30:00-05:00,15.545000076293945,15.619999885559082,15.545000076293945,15.579999923706055,11605,0.0,0.0
2023-02-13 12:30:00-05:00,15.585000038146973,15.720000267028809,15.585000038146973,15.720000267028809,38386,0.0,0.0
2023-02-13 13:30:00-05:00,15.789999961853027,15.84000015258789,15.710000038146973,15.760000228881836,103241,0.0,0.0
2023-02-13 14:30:00-05:00,15.739999771118164,15.970000267028809,15.6899995803833,15.9399995803833,24021,0.0,0.0
2023-02-13 15:30:00-05:00,15.960000038146973,16.09000015258789,15.949999809265137,16.079999923706055,28595,0.0,0.0
2023-02-14 09:30:00-05:00,16.040000915527344,16.225000381469727,15.859999656677246,16.110000610351562,5238,0.0,0.0
2023-02-14 10:30:00-05:00,16.049999237060547,16.06999969482422,15.970000267028809,16.0,23359,0.0,0.0
2023-02-14 11:30:00-05:00,16.0,16.100000381469727,15.979999542236328,16.100000381469727,8420,0.0,0.0
2023-02-14 12:30:00-05:00,16.110000610351562,16.2450008392334,16.100000381469727,16.209999084472656,9058,0.0,0.0
2023-02-14 13:30:00-05:00,16.18000030517578,16.225000381469727,16.170000076293945,16.219999313354492,8547,0.0,0.0
2023-02-14 14:30:00-05:00,16.229999542236328,16.295000076293945,16.219999313354492,16.260000228881836,10685,0.0,0.0
2023-02-14 15:30:00-05:00,16.25,16.34000015258789,16.25,16.270000457763672,20129,0.0,0.0
2023-02-15 09:30:00-05:00,16.149999618530273,16.290000915527344,16.149999618530273,16.290000915527344,2889,0.0,0.0
2023-02-15 10:30:00-05:00,16.40999984741211,16.440000534057617,16.31999969482422,16.31999969482422,4503,0.0,0.0
2023-02-15 11:30:00-05:00,16.299999237060547,16.299999237060547,16.200000762939453,16.200000762939453,2912,0.0,0.0
2023-02-15 12:30:00-05:00,16.219999313354492,16.30500030517578,16.219999313354492,16.287500381469727,3662,0.0,0.0
2023-02-15 13:30:00-05:00,16.329999923706055,16.360000610351562,16.18000030517578,16.260000228881836,12774,0.0,0.0
2023-02-15 14:30:00-05:00,16.270000457763672,16.309999465942383,16.239999771118164,16.25,7922,0.0,0.0
2023-02-15 15:30:00-05:00,16.239999771118164,16.270000457763672,16.110000610351562,16.260000228881836,18258,0.0,0.0
2023-02-16 09:30:00-05:00,16.06999969482422,16.207700729370117,15.975000381469727,16.207700729370117,3959,0.0,0.0
2023-02-16 10:30:00-05:00,16.239999771118164,16.299999237060547,16.190000534057617,16.219999313354492,6757,0.0,0.0
2023-02-16 11:30:00-05:00,16.190000534057617,16.350000381469727,16.18000030517578,16.229999542236328,11970,0.0,0.0
2023-02-16 12:30:00-05:00,16.299999237060547,16.420000076293945,16.280000686645508,16.34000015258789,7454,0.0,0.0
2023-02-16 13:30:00-05:00,16.299999237060547,16.5,16.299999237060547,16.469999313354492,14462,0.0,0.0
2023-02-16 14:30:00-05:00,16.469999313354492,16.469999313354492,16.280000686645508,16.280000686645508,28849,0.0,0.0
2023-02-16 15:30:00-05:00,16.270000457763672,16.360000610351562,16.219999313354492,16.260000228881836,61083,0.0,0.0
2023-02-17 09:30:00-05:00,16.25,16.520000457763672,16.110000610351562,16.510000228881836,15181,0.0,0.0
2023-02-17 10:30:00-05:00,16.510000228881836,16.558900833129883,16.414400100708008,16.43000030517578,25105,0.0,0.0
2023-02-17 11:30:00-05:00,16.440000534057617,16.489999771118164,16.360000610351562,16.3700008392334,19717,0.0,0.0
2023-02-17 12:30:00-05:00,16.3700008392334,16.375,16.209999084472656,16.209999084472656,6876,0.0,0.0
2023-02-17 13:30:00-05:00,16.229999542236328,16.270000457763672,16.190000534057617,16.239999771118164,7760,0.0,0.0
2023-02-17 14:30:00-05:00,16.229999542236328,16.280000686645508,16.200000762939453,16.200000762939453,10918,0.0,0.0
2023-02-17 15:30:00-05:00,16.219999313354492,16.290000915527344,16.200000762939453,16.280000686645508,14481,0.0,0.0
2023-02-21 09:30:00-05:00,16.059999465942383,16.309999465942383,16.059999465942383,16.075000762939453,41341,0.0,0.0
2023-02-21 10:30:00-05:00,16.110000610351562,16.18000030517578,16.06999969482422,16.06999969482422,15815,0.0,0.0
2023-02-21 11:30:00-05:00,16.100000381469727,16.110000610351562,15.850000381469727,15.850000381469727,12922,0.0,0.0
2023-02-21 12:30:00-05:00,15.84000015258789,15.920000076293945,15.735600471496582,15.880000114440918,72151,0.0,0.0
2023-02-21 13:30:00-05:00,15.90999984741211,16.020000457763672,15.890000343322754,15.989999771118164,12110,0.0,0.0
2023-02-21 14:30:00-05:00,15.975000381469727,16.022600173950195,15.949999809265137,16.010000228881836,12852,0.0,0.0
2023-02-21 15:30:00-05:00,16.010000228881836,16.209999084472656,16.010000228881836,16.170000076293945,42549,0.0,0.0
2023-02-22 09:30:00-05:00,15.920000076293945,16.149999618530273,14.920000076293945,14.979999542236328,70601,0.0,0.0
2023-02-22 10:30:00-05:00,14.875,15.399999618530273,14.875,15.359999656677246,38576,0.0,0.0
2023-02-22 11:30:00-05:00,15.40999984741211,15.5649995803833,15.40999984741211,15.46500015258789,16906,0.0,0.0
2023-02-22 12:30:00-05:00,15.46500015258789,15.585000038146973,15.4399995803833,15.470000267028809,20932,0.0,0.0
2023-02-22 13:30:00-05:00,15.489999771118164,15.550000190734863,15.4350004196167,15.545000076293945,24627,0.0,0.0
2023-02-22 14:30:00-05:00,15.5600004196167,15.59000015258789,15.5,15.539999961853027,23404,0.0,0.0
2023-02-22 15:30:00-05:00,15.539999961853027,15.5600004196167,15.460000038146973,15.520000457763672,37222,0.0,0.0
2023-02-23 09:30:00-05:00,15.529999732971191,15.649999618530273,15.09000015258789,15.470000267028809,25221,0.0,0.0
2023-02-23 10:30:00-05:00,15.460000038146973,15.470000267028809,14.984999656677246,15.010000228881836,35206,0.0,0.0
2023-02-23 11:30:00-05:00,15.029999732971191,15.15999984741211,14.930000305175781,15.0,23988,0.0,0.0
2023-02-23 12:30:00-05:00,15.029999732971191,15.260000228881836,14.970000267028809,15.229999542236328,25775,0.0,0.0
2023-02-23 13:30:00-05:00,15.229999542236328,15.319999694824219,15.149999618530273,15.3125,21257,0.0,0.0
2023-02-23 14:30:00-05:00,15.319999694824219,15.319999694824219,15.265000343322754,15.289999961853027,32997,0.0,0.0
2023-02-23 15:30:00-05:00,15.300000190734863,15.350000381469727,15.25,15.3100004196167,60055,0.0,0.0
2023-02-24 09:30:00-05:00,14.970000267028809,15.239999771118164,14.760000228881836,15.100000381469727,28546,0.0,0.0
2023-02-24 10:30:00-05:00,15.100000381469727,15.180000305175781,15.0600004196167,15.119999885559082,22400,0.0,0.0
2023-02-24 11:30:00-05:00,15.119999885559082,15.319999694824219,15.069999694824219,15.239999771118164,34517,0.0,0.0
2023-02-24 12:30:00-05:00,15.269000053405762,15.3100004196167,15.140000343322754,15.260000228881836,23266,0.0,0.0
2023-02-24 13:30:00-05:00,15.260000228881836,15.3100004196167,15.199999809265137,15.25,20081,0.0,0.0
2023-02-24 14:30:00-05:00,15.279999732971191,15.350000381469727,15.234999656677246,15.350000381469727,20561,0.0,0.0
2023-02-24 15:30:00-05:00,15.350000381469727,15.380000114440918,15.260000228881836,15.380000114440918,45641,0.0,0.0
2023-02-27 09:30:00-05:00,15.479999542236328,15.611000061035156,15.069999694824219,15.489999771118164,13644,0.0,0.0
2023-02-27 10:30:00-05:00,15.470000267028809,15.600000381469727,15.399999618530273,15.569999694824219,18810,0.0,0.0
2023-02-27 11:30:00-05:00,15.600000381469727,15.649999618530273,15.53499984741211,15.53499984741211,24286,0.0,0.0
2023-02-27 12:30:00-05:00,15.53499984741211,15.550000190734863,15.140000343322754,15.140000343322754,23645,0.0,0.0
2023-02-27 13:30:00-05:00,15.140000343322754,15.180000305175781,14.970000267028809,15.029999732971191,18550,0.0,0.0
2023-02-27 14:30:00-05:00,15.020000457763672,15.039999961853027,14.819999694824219,14.819999694824219,27094,0.0,0.0
2023-02-27 15:30:00-05:00,14.829999923706055,14.869999885559082,14.725000381469727,14.859999656677246,61785,0.0,0.0
2023-02-28 09:30:00-05:00,14.9399995803833,15.130000114440918,14.84000015258789,15.130000114440918,24298,0.0,0.0
2023-02-28 10:30:00-05:00,15.220000267028809,15.34000015258789,15.029999732971191,15.300000190734863,40941,0.0,0.0
2023-02-28 11:30:00-05:00,15.319999694824219,15.319999694824219,15.0600004196167,15.0600004196167,25990,0.0,0.0
2023-02-28 12:30:00-05:00,15.0600004196167,15.4399995803833,15.045000076293945,15.420000076293945,37768,0.0,0.0
2023-02-28 13:30:00-05:00,15.420000076293945,15.520000457763672,15.40999984741211,15.470000267028809,50960,0.0,0.0
2023-02-28 14:30:00-05:00,15.470000267028809,15.600000381469727,15.40999984741211,15.470000267028809,50142,0.0,0.0
2023-02-28 15:30:00-05:00,15.470000267028809,15.479999542236328,15.130000114440918,15.289999961853027,154528,0.0,0.0
2023-03-01 09:30:00-05:00,15.369999885559082,15.859999656677246,15.25,15.449999809265137,41322,0.0,0.0
2023-03-01 10:30:00-05:00,15.40999984741211,15.524999618530273,15.270000457763672,15.369999885559082,23345,0.0,0.0
2023-03-01 11:30:00-05:00,15.335000038146973,15.569999694824219,15.329999923706055,15.510000228881836,18031,0.0,0.0
2023-03-01 12:30:00-05:00,15.520000457763672,15.640000343322754,15.520000457763672,15.600000381469727,12362,0.0,0.0
2023-03-01 13:30:00-05:00,15.614999771118164,15.670000076293945,15.5600004196167,15.574999809265137,13984,0.0,0.0
2023-03-01 14:30:00-05:00,15.5600004196167,15.65999984741211,15.520000457763672,15.619999885559082,41619,0.0,0.0
2023-03-01 15:30:00-05:00,15.640000343322754,15.770000457763672,15.609999656677246,15.75,48386,0.0,0.0
2023-03-02 09:30:00-05:00,15.729999542236328,15.920000076293945,15.34000015258789,15.395000457763672,47524,0.0,0.0
2023-03-02 10:30:00-05:00,15.430000305175781,15.649999618530273,15.414999961853027,15.630000114440918,14718,0.0,0.0
2023-03-02 11:30:00-05:00,15.65999984741211,15.710000038146973,15.600000381469727,15.640000343322754,19086,0.0,0.0
2023-03-02 12:30:00-05:00,15.670000076293945,15.710000038146973,15.630000114440918,15.630000114440918,9246,0.0,0.0
2023-03-02 13:30:00-05:00,15.65999984741211,15.930000305175781,15.630000114440918,15.90999984741211,19713,0.0,0.0
2023-03-02 14:30:00-05:00,15.9399995803833,15.989999771118164,15.859999656677246,15.920000076293945,35050,0.0,0.0
2023-03-02 15:30:00-05:00,15.899999618530273,15.975000381469727,15.859999656677246,15.899999618530273,63233,0.0,0.0
2023-03-03 09:30:00-05:00,15.859999656677246,16.139999389648438,15.779999732971191,15.850000381469727,10394,0.0,0.0
2023-03-03 10:30:00-05:00,15.859999656677246,16.0,15.789999961853027,15.920000076293945,10239,0.0,0.0
2023-03-03 11:30:00-05:00,15.960000038146973,16.239999771118164,15.930000305175781,16.239999771118164,26574,0.0,0.0
2023-03-03 12:30:00-05:00,16.239999771118164,16.349899291992188,16.18000030517578,16.310199737548828,17664,0.0,0.0
2023-03-03 13:30:00-05:00,16.329999923706055,16.450000762939453,16.309999465942383,16.350000381469727,31033,0.0,0.0
2023-03-03 14:30:00-05:00,16.34000015258789,16.440000534057617,16.309999465942383,16.309999465942383,22542,0.0,0.0
2023-03-03 15:30:00-05:00,16.299999237060547,16.309999465942383,16.18000030517578,16.25,66608,0.0,0.0
2023-03-06 09:30:00-05:00,16.170000076293945,16.319900512695312,16.020000457763672,16.200000762939453,15936,0.0,0.0
2023-03-06 10:30:00-05:00,16.200000762939453,16.260000228881836,16.135000228881836,16.2549991607666,11711,0.0,0.0
2023-03-06 11:30:00-05:00,16.229999542236328,16.235000610351562,16.114999771118164,16.1299991607666,12132,0.0,0.0
2023-03-06 12:30:00-05:00,16.1200008392334,16.1200008392334,16.059999465942383,16.100000381469727,11029,0.0,0.0
2023-03-06 13:30:00-05:00,16.100000381469727,16.170000076293945,16.084999084472656,16.170000076293945,23602,0.0,0.0
2023-03-06 14:30:00-05:00,16.190000534057617,16.209999084472656,16.110000610351562,16.110000610351562,44188,0.0,0.0
2023-03-06 15:30:00-05:00,16.079999923706055,16.110000610351562,16.030000686645508,16.110000610351562,57269,0.0,0.0
2023-03-07 09:30:00-05:00,16.059999465942383,16.489999771118164,15.679100036621094,16.15999984741211,59561,0.0,0.0
2023-03-07 10:30:00-05:00,16.139999389648438,16.190000534057617,15.550000190734863,15.729999542236328,71897,0.0,0.0
2023-03-07 11:30:00-05:00,15.725000381469727,16.030000686645508,15.725000381469727,16.020000457763672,58775,0.0,0.0
2023-03-07 12:30:00-05:00,16.030000686645508,16.059999465942383,15.9399995803833,15.979999542236328,26104,0.0,0.0
2023-03-07 13:30:00-05:00,15.989999771118164,16.15999984741211,15.970000267028809,16.045000076293945,29502,0.0,0.0
2023-03-07 14:30:00-05:00,16.040000915527344,16.06999969482422,15.90999984741211,15.9350004196167,40308,0.0,0.0
2023-03-07 15:30:00-05:00,15.9350004196167,16.030000686645508,15.8100004196167,15.8100004196167,168958,0.0,0.0
2023-03-08 09:30:00-05:00,15.819999694824219,15.903800010681152,15.109999656677246,15.369999885559082,32929,0.0,0.0
2023-03-08 10:30:00-05:00,15.369999885559082,15.649900436401367,15.369999885559082,15.569999694824219,35319,0.0,0.0
2023-03-08 11:30:00-05:00,15.630000114440918,15.649999618530273,15.399999618530273,15.40999984741211,16653,0.0,0.0
2023-03-08 12:30:00-05:00,15.399999618530273,15.399999618530273,15.1850004196167,15.220000267028809,18536,0.0,0.0
2023-03-08 13:30:00-05:00,15.239999771118164,15.4350004196167,15.239999771118164,15.350000381469727,17203,0.0,0.0
2023-03-08 14:30:00-05:00,15.329999923706055,15.529999732971191,15.319999694824219,15.484999656677246,15121,0.0,0.0
2023-03-08 15:30:00-05:00,15.484999656677246,15.579999923706055,15.484999656677246,15.579999923706055,31876,0.0,0.0
2023-03-09 09:30:00-05:00,15.510000228881836,15.609999656677246,15.414999961853027,15.430000305175781,5119,0.0,0.0
2023-03-09 10:30:00-05:00,15.470000267028809,15.472000122070312,15.25,15.385000228881836,12247,0.0,0.0
2023-03-09 11:30:00-05:00,15.40999984741211,15.539999961853027,15.390000343322754,15.524999618530273,10220,0.0,0.0
2023-03-09 12:30:00-05:00,15.550000190734863,15.649999618530273,15.510000228881836,15.545000076293945,19273,0.0,0.0
2023-03-09 13:30:00-05:00,15.53499984741211,15.53499984741211,15.390000343322754,15.460000038146973,21219,0.0,0.0
2023-03-09 14:30:00-05:00,15.470000267028809,15.609999656677246,15.470000267028809,15.574999809265137,37452,0.0,0.0
2023-03-09 15:30:00-05:00,15.574999809265137,15.6899995803833,15.484999656677246,15.510000228881836,56914,0.0,0.0
2023-03-10 09:30:00-05:00,15.4399995803833,15.5,15.210000038146973,15.4399995803833,13066,0.0,0.0
2023-03-10 10:30:00-05:00,15.470000267028809,15.579999923706055,15.399999618530273,15.569999694824219,9585,0.0,0.0
2023-03-10 11:30:00-05:00,15.59000015258789,15.600000381469727,15.479999542236328,15.520000457763672,7469,0.0,0.0
2023-03-10 12:30:00-05:00,15.515000343322754,15.550000190734863,15.279999732971191,15.279999732971191,21924,0.0,0.0
2023-03-10 13:30:00-05:00,15.279999732971191,15.40999984741211,15.229999542236328,15.305000305175781,19762,0.0,0.0
2023-03-10 14:30:00-05:00,15.324999809265137,15.460000038146973,15.324999809265137,15.449999809265137,27216,0.0,0.0
2023-03-10 15:30:00-05:00,15.444999694824219,15.470000267028809,15.25,15.270000457763672,58232,0.0,0.0
2023-03-13 09:30:00-04:00,14.899999618530273,15.40999984741211,14.859999656677246,15.164999961853027,19637,0.0,0.0
2023-03-13 10:30:00-04:00,15.149999618530273,15.239999771118164,14.930000305175781,15.15999984741211,18317,0.0,0.0
2023-03-13 11:30:00-04:00,15.15999984741211,15.175000190734863,14.949999809265137,15.0600004196167,16043,0.0,0.0
2023-03-13 12:30:00-04:00,15.079999923706055,15.130000114440918,14.9399995803833,14.9399995803833,18253,0.0,0.0
2023-03-13 13:30:00-04:00,14.979999542236328,15.25,14.979999542236328,15.149999618530273,13328,0.0,0.0
2023-03-13 14:30:00-04:00,15.100000381469727,15.140000343322754,14.994999885559082,15.039999961853027,11666,0.0,0.0
2023-03-13 15:30:00-04:00,15.024999618530273,15.09000015258789,14.930000305175781,14.9399995803833,40248,0.0,0.0
2023-03-14 09:30:00-04:00,15.25,15.379899978637695,15.1899995803833,15.25,12008,0.0,0.0
2023-03-14 10:30:00-04:00,15.220000267028809,15.260000228881836,15.109999656677246,15.229999542236328,10386,0.0,0.0
2023-03-14 11:30:00-04:00,15.260000228881836,15.270000457763672,15.1899995803833,15.239999771118164,8296,0.0,0.0
2023-03-14 12:30:00-04:00,15.234999656677246,15.350000381469727,15.109999656677246,15.270000457763672,26099,0.0,0.0
2023-03-14 13:30:00-04:00,15.25,15.300000190734863,15.180000305175781,15.255000114440918,20094,0.0,0.0
2023-03-14 14:30:00-04:00,15.260000228881836,15.279999732971191,15.182000160217285,15.25,29080,0.0,0.0
2023-03-14 15:30:00-04:00,15.260000228881836,15.300000190734863,15.220000267028809,15.279999732971191,26681,0.0,0.0
2023-03-15 09:30:00-04:00,14.970000267028809,15.270000457763672,14.835000038146973,14.975000381469727,18578,0.0,0.0
2023-03-15 10:30:00-04:00,14.975000381469727,15.140000343322754,14.975000381469727,15.100000381469727,28180,0.0,0.0
2023-03-15 11:30:00-04:00,15.100000381469727,15.1899995803833,15.050000190734863,15.079999923706055,15692,0.0,0.0
2023-03-15 12:30:00-04:00,15.079999923706055,15.119999885559082,14.970000267028809,15.109999656677246,9958,0.0,0.0
2023-03-15 13:30:00-04:00,15.109999656677246,15.170000076293945,14.880000114440918,15.15999984741211,19463,0.0,0.0
2023-03-15 14:30:00-04:00,15.140000343322754,15.289999961853027,15.130000114440918,15.210000038146973,52569,0.0,0.0
2023-03-15 15:30:00-04:00,15.1899995803833,15.279999732971191,15.145000457763672,15.279999732971191,46804,0.0,0.0
2023-03-16 09:30:00-04:00,15.260000228881836,15.279999732971191,14.770000457763672,15.170000076293945,13962,0.0,0.0
2023-03-16 10:30:00-04:00,15.199999809265137,15.59000015258789,15.199999809265137,15.479999542236328,13853,0.0,0.0
2023-03-16 11:30:00-04:00,15.510000228881836,15.530500411987305,15.40999984741211,15.510000228881836,10151,0.0,0.0
2023-03-16 12:30:00-04:00,15.489999771118164,15.680000305175781,15.489999771118164,15.614999771118164,12647,0.0,0.0
2023-03-16 13:30:00-04:00,15.628999710083008,15.649999618530273,15.5600004196167,15.5600004196167,8264,0.0,0.0
2023-03-16 14:30:00-04:00,15.600000381469727,15.739999771118164,15.5600004196167,15.600000381469727,30469,0.0,0.0
2023-03-16 15:30:00-04:00,15.600000381469727,15.600000381469727,15.46500015258789,15.529999732971191,41002,0.0,0.0
2023-03-17 09:30:00-04:00,15.390000343322754,15.5,15.25,15.25,25057,0.0,0.0
2023-03-17 10:30:00-04:00,15.220000267028809,15.229900360107422,15.104999542236328,15.170000076293945,5119,0.0,0.0
2023-03-17 11:30:00-04:00,15.180000305175781,15.274999618530273,15.180000305175781,15.239999771118164,1624,0.0,0.0
2023-03-17 12:30:00-04:00,15.25,15.329999923706055,15.220000267028809,15.300000190734863,15669,0.0,0.0
2023-03-17 13:30:00-04:00,15.3100004196167,15.449999809265137,15.3100004196167,15.350000381469727,9981,0.0,0.0
2023-03-17 14:30:00-04:00,15.329999923706055,15.550000190734863,15.319999694824219,15.470000267028809,28201,0.0,0.0
2023-03-17 15:30:00-04:00,15.460000038146973,15.460000038146973,15.300000190734863,15.359999656677246,79070,0.0,0.0
2023-03-20 09:30:00-04:00,15.40999984741211,15.640000343322754,15.239999771118164,15.489999771118164,15831,0.0,0.0
2023-03-20 10:30:00-04:00,15.529999732971191,15.739999771118164,15.5,15.739999771118164,13561,0.0,0.0
2023-03-20 11:30:00-04:00,15.699999809265137,15.710000038146973,15.550000190734863,15.59000015258789,20861,0.0,0.0
2023-03-20 12:30:00-04:00,15.630000114440918,15.6899995803833,15.59000015258789,15.670000076293945,9391,0.0,0.0
2023-03-20 13:30:00-04:00,15.65999984741211,15.65999984741211,15.569999694824219,15.609999656677246,8291,0.0,0.0
2023-03-20 14:30:00-04:00,15.630000114440918,15.670000076293945,15.59000015258789,15.65999984741211,12218,0.0,0.0
2023-03-20 15:30:00-04:00,15.630000114440918,15.630000114440918,15.569999694824219,15.600000381469727,19075,0.0,0.0
2023-03-21 09:30:00-04:00,15.75,15.970000267028809,15.630000114440918,15.734999656677246,13585,0.0,0.0
2023-03-21 10:30:00-04:00,15.779999732971191,15.850000381469727,15.675000190734863,15.782999992370605,15485,0.0,0.0
2023-03-21 11:30:00-04:00,15.8100004196167,15.850000381469727,15.779999732971191,15.850000381469727,8492,0.0,0.0
2023-03-21 12:30:00-04:00,15.850000381469727,15.850000381469727,15.739999771118164,15.84000015258789,7113,0.0,0.0
2023-03-21 13:30:00-04:00,15.8100004196167,15.829999923706055,15.729999542236328,15.744999885559082,5599,0.0,0.0
2023-03-21 14:30:00-04:00,15.75,15.789999961853027,15.699999809265137,15.710000038146973,14226,0.0,0.0
2023-03-21 15:30:00-04:00,15.699999809265137,15.729999542236328,15.619999885559082,15.640000343322754,17830,0.0,0.0
2023-03-22 09:30:00-04:00,15.779999732971191,15.819999694824219,15.489999771118164,15.819999694824219,0,0.0,0.0
2023-03-22 10:30:00-04:00,15.780099868774414,15.780099868774414,15.6899995803833,15.6899995803833,6216,0.0,0.0
2023-03-22 11:30:00-04:00,15.670000076293945,15.699999809265137,15.614999771118164,15.65999984741211,4619,0.0,0.0
2023-03-22 12:30:00-04:00,15.670000076293945,15.699999809265137,15.621000289916992,15.699999809265137,3987,0.0,0.0
2023-03-22 13:30:00-04:00,15.75,15.829999923706055,15.680000305175781,15.760000228881836,6014,0.0,0.0
2023-03-22 14:30:00-04:00,15.789999961853027,15.90999984741211,15.619999885559082,15.779999732971191,15152,0.0,0.0
2023-03-22 15:30:00-04:00,15.779999732971191,15.800000190734863,15.579999923706055,15.579999923706055,26387,0.0,0.0
2023-03-23 09:30:00-04:00,15.729999542236328,15.89330005645752,15.680000305175781,15.744999885559082,3844,0.0,0.0
2023-03-23 10:30:00-04:00,15.6899995803833,15.954999923706055,15.6899995803833,15.789999961853027,12758,0.0,0.0
2023-03-23 11:30:00-04:00,15.829999923706055,15.880000114440918,15.739999771118164,15.800000190734863,3200,0.0,0.0
2023-03-23 12:30:00-04:00,15.779999732971191,15.789999961853027,15.699999809265137,15.699999809265137,3008,0.0,0.0
2023-03-23 13:30:00-04:00,15.6850004196167,15.710000038146973,15.640000343322754,15.640000343322754,6343,0.0,0.0
2023-03-23 14:30:00-04:00,15.630000114440918,15.710000038146973,15.550000190734863,15.619999885559082,17483,0.0,0.0
2023-03-23 15:30:00-04:00,15.609999656677246,15.800000190734863,15.59000015258789,15.6899995803833,20443,0.0,0.0
2023-03-24 09:30:00-04:00,15.539999961853027,15.65999984741211,15.470000267028809,15.555000305175781,5723,0.0,0.0
2023-03-24 10:30:00-04:00,15.510000228881836,15.510000228881836,15.3100004196167,15.3100004196167,2854,0.0,0.0
2023-03-24 11:30:00-04:00,15.3100004196167,15.460000038146973,15.289999961853027,15.369999885559082,5193,0.0,0.0
2023-03-24 12:30:00-04:00,15.40999984741211,15.449999809265137,15.279999732971191,15.34000015258789,14142,0.0,0.0
2023-03-24 13:30:00-04:00,15.317500114440918,15.359999656677246,15.239999771118164,15.239999771118164,3467,0.0,0.0
2023-03-24 14:30:00-04:00,15.220000267028809,15.279999732971191,15.170000076293945,15.279999732971191,7136,0.0,0.0
2023-03-24 15:30:00-04:00,15.369999885559082,15.430000305175781,15.289999961853027,15.350000381469727,36098,0.0,0.0
2023-03-27 09:30:00-04:00,15.479999542236328,15.760000228881836,15.449999809265137,15.5,7507,0.0,0.0
2023-03-27 10:30:00-04:00,15.5,15.609999656677246,15.449999809265137,15.505000114440918,14544,0.0,0.0
2023-03-27 11:30:00-04:00,15.539999961853027,15.600000381469727,15.460000038146973,15.529999732971191,8925,0.0,0.0
2023-03-27 12:30:00-04:00,15.529999732971191,15.5600004196167,15.477700233459473,15.494999885559082,6735,0.0,0.0
2023-03-27 13:30:00-04:00,15.5,15.550000190734863,15.489999771118164,15.520000457763672,8128,0.0,0.0
2023-03-27 14:30:00-04:00,15.524999618530273,15.539999961853027,15.484999656677246,15.529999732971191,11583,0.0,0.0
2023-03-27 15:30:00-04:00,15.52750015258789,15.619999885559082,15.5,15.5600004196167,35725,0.0,0.0
2023-03-28 09:30:00-04:00,15.449999809265137,15.579999923706055,15.449999809265137,15.5600004196167,5441,0.0,0.0
2023-03-28 10:30:00-04:00,15.529999732971191,15.630000114440918,15.529999732971191,15.57409954071045,4999,0.0,0.0
2023-03-28 11:30:00-04:00,15.569999694824219,15.619999885559082,15.479999542236328,15.479999542236328,19697,0.0,0.0
2023-03-28 12:30:00-04:00,15.479999542236328,15.529999732971191,15.4399995803833,15.479999542236328,37071,0.0,0.0
2023-03-28 13:30:00-04:00,15.4975004196167,15.510000228881836,15.444999694824219,15.507499694824219,7057,0.0,0.0
2023-03-28 14:30:00-04:00,15.505000114440918,15.545000076293945,15.4399995803833,15.454999923706055,44128,0.0,0.0
2023-03-28 15:30:00-04:00,15.454999923706055,15.5,15.359999656677246,15.380000114440918,34960,0.0,0.0
2023-03-29 09:30:00-04:00,15.510000228881836,15.600000381469727,15.460000038146973,15.579999923706055,8262,0.0,0.0
2023-03-29 10:30:00-04:00,15.609999656677246,15.640000343322754,15.550000190734863,15.600000381469727,9145,0.0,0.0
2023-03-29 11:30:00-04:00,15.579999923706055,15.699999809265137,15.550000190734863,15.670000076293945,12058,0.0,0.0
2023-03-29 12:30:00-04:00,15.6899995803833,15.729999542236328,15.619999885559082,15.729999542236328,10434,0.0,0.0
2023-03-29 13:30:00-04:00,15.694999694824219,15.699999809265137,15.630000114440918,15.657500267028809,13616,0.0,0.0
2023-03-29 14:30:00-04:00,15.65999984741211,15.760000228881836,15.630000114440918,15.670000076293945,24712,0.0,0.0
2023-03-29 15:30:00-04:00,15.649999618530273,15.739999771118164,15.649999618530273,15.699999809265137,25983,0.0,0.0
2023-03-30 09:30:00-04:00,15.8100004196167,15.970000267028809,15.699999809265137,15.880000114440918,34257,0.0,0.0
2023-03-30 10:30:00-04:00,15.914999961853027,16.0,15.84000015258789,15.925000190734863,10794,0.0,0.0
2023-03-30 11:30:00-04:00,15.90999984741211,15.930000305175781,15.850000381469727,15.850000381469727,6022,0.0,0.0
2023-03-30 12:30:00-04:00,15.84000015258789,15.84000015258789,15.640000343322754,15.640000343322754,7636,0.0,0.0
2023-03-30 13:30:00-04:00,15.609999656677246,15.71500015258789,15.600000381469727,15.71500015258789,8016,0.0,0.0
2023-03-30 14:30:00-04:00,15.710000038146973,15.739999771118164,15.550000190734863,15.660099983215332,13541,0.0,0.0
2023-03-30 15:30:00-04:00,15.680000305175781,15.720000267028809,15.660099983215332,15.675000190734863,19086,0.0,0.0
2023-03-31 09:30:00-04:00,15.84000015258789,15.984999656677246,15.630000114440918,15.6899995803833,22292,0.0,0.0
2023-03-31 10:30:00-04:00,15.699999809265137,15.704999923706055,15.579999923706055,15.670000076293945,10409,0.0,0.0
2023-03-31 11:30:00-04:00,15.65999984741211,16.020000457763672,15.65999984741211,15.949999809265137,36153,0.0,0.0
2023-03-31 12:30:00-04:00,15.930000305175781,16.020000457763672,15.930000305175781,15.954999923706055,19578,0.0,0.0
2023-03-31 13:30:00-04:00,15.979999542236328,15.989999771118164,15.899999618530273,15.970000267028809,10494,0.0,0.0
2023-03-31 14:30:00-04:00,15.970000267028809,16.040000915527344,15.9399995803833,16.020000457763672,19881,0.0,0.0
2023-03-31 15:30:00-04:00,16.0,16.1299991607666,15.960000038146973,16.06999969482422,51441,0.0,0.0
2023-04-03 09:30:00-04:00,16.079999923706055,16.18000030517578,15.899999618530273,15.979999542236328,17985,0.0,0.0
2023-04-03 10:30:00-04:00,15.970000267028809,15.989999771118164,15.800000190734863,15.899999618530273,21477,0.0,0.0
2023-04-03 11:30:00-04:00,15.90999984741211,15.930000305175781,15.859999656677246,15.899999618530273,10485,0.0,0.0
2023-04-03 12:30:00-04:00,15.890000343322754,15.899999618530273,15.838800430297852,15.869999885559082,9145,0.0,0.0
2023-04-03 13:30:00-04:00,15.845000267028809,15.869999885559082,15.84000015258789,15.850000381469727,4704,0.0,0.0
2023-04-03 14:30:00-04:00,15.829999923706055,15.899999618530273,15.8100004196167,15.880000114440918,32800,0.0,0.0
2023-04-03 15:30:00-04:00,15.880000114440918,15.970000267028809,15.859999656677246,15.920000076293945,35085,0.0,0.0
2023-04-04 09:30:00-04:00,16.040000915527344,16.070899963378906,15.875,15.875,7964,0.0,0.0
2023-04-04 10:30:00-04:00,15.859999656677246,15.885000228881836,15.739999771118164,15.75,7880,0.0,0.0
2023-04-04 11:30:00-04:00,15.75,15.75,15.670000076293945,15.704999923706055,10513,0.0,0.0
2023-04-04 12:30:00-04:00,15.6850004196167,15.699999809265137,15.619999885559082,15.635000228881836,4189,0.0,0.0
2023-04-04 13:30:00-04:00,15.635000228881836,15.635000228881836,15.539999961853027,15.550000190734863,9662,0.0,0.0
2023-04-04 14:30:00-04:00,15.53499984741211,15.545000076293945,15.359999656677246,15.359999656677246,18402,0.0,0.0
2023-04-04 15:30:00-04:00,15.359999656677246,15.414999961853027,15.300000190734863,15.329999923706055,36887,0.0,0.0
2023-04-05 09:30:00-04:00,15.380000114440918,15.380000114440918,15.09000015258789,15.140000343322754,18684,0.0,0.0
2023-04-05 10:30:00-04:00,15.119999885559082,15.130000114440918,14.949999809265137,15.029999732971191,13151,0.0,0.0
2023-04-05 11:30:00-04:00,15.100000381469727,15.100000381469727,14.970000267028809,15.074999809265137,13141,0.0,0.0
2023-04-05 12:30:00-04:00,15.09000015258789,15.109999656677246,15.072500228881836,15.100000381469727,5979,0.0,0.0
2023-04-05 13:30:00-04:00,15.109999656677246,15.15999984741211,15.079999923706055,15.119999885559082,11648,0.0,0.0
2023-04-05 14:30:00-04:00,15.095000267028809,15.130000114440918,15.055000305175781,15.095000267028809,7070,0.0,0.0
2023-04-05 15:30:00-04:00,15.100000381469727,15.15999984741211,15.0600004196167,15.149999618530273,25983,0.0,0.0
2023-04-06 09:30:00-04:00,15.149999618530273,15.149999618530273,14.800000190734863,15.074999809265137,4573,0.0,0.0
2023-04-06 10:30:00-04:00,15.0649995803833,15.169899940490723,15.039999961853027,15.149999618530273,12525,0.0,0.0
2023-04-06 11:30:00-04:00,15.149999618530273,15.15999984741211,15.109999656677246,15.109999656677246,8502,0.0,0.0
2023-04-06 12:30:00-04:00,15.130000114440918,15.199999809265137,15.085000038146973,15.180000305175781,14585,0.0,0.0
2023-04-06 13:30:00-04:00,15.15999984741211,15.239500045776367,15.125,15.149999618530273,12559,0.0,0.0
2023-04-06 14:30:00-04:00,15.15999984741211,15.170000076293945,15.119999885559082,15.119999885559082,11582,0.0,0.0
2023-04-06 15:30:00-04:00,15.140000343322754,15.15999984741211,15.079999923706055,15.149999618530273,20736,0.0,0.0
2023-04-10 09:30:00-04:00,15.069999694824219,15.420000076293945,15.069999694824219,15.399999618530273,9352,0.0,0.0
2023-04-10 10:30:00-04:00,15.399999618530273,15.4399995803833,15.319999694824219,15.329999923706055,18598,0.0,0.0
2023-04-10 11:30:00-04:00,15.329999923706055,15.350000381469727,15.149999618530273,15.300000190734863,8143,0.0,0.0
2023-04-10 12:30:00-04:00,15.319999694824219,15.34000015258789,15.319999694824219,15.335000038146973,2252,0.0,0.0
2023-04-10 13:30:00-04:00,15.319999694824219,15.350000381469727,15.300000190734863,15.335000038146973,14356,0.0,0.0
2023-04-10 14:30:00-04:00,15.329999923706055,15.390000343322754,15.3100004196167,15.354999542236328,11031,0.0,0.0
2023-04-10 15:30:00-04:00,15.369999885559082,15.380000114440918,15.319999694824219,15.359999656677246,11350,0.0,0.0
2023-04-11 09:30:00-04:00,15.359999656677246,15.5,15.160699844360352,15.46500015258789,28417,0.0,0.0
2023-04-11 10:30:00-04:00,15.470000267028809,15.600000381469727,15.4399995803833,15.524999618530273,9435,0.0,0.0
2023-04-11 11:30:00-04:00,15.520000457763672,15.619999885559082,15.449299812316895,15.609999656677246,7212,0.0,0.0
2023-04-11 12:30:00-04:00,15.609999656677246,15.710000038146973,15.579999923706055,15.680000305175781,12562,0.0,0.0
2023-04-11 13:30:00-04:00,15.704999923706055,15.710000038146973,15.649999618530273,15.699999809265137,15598,0.0,0.0
2023-04-11 14:30:00-04:00,15.710000038146973,15.71500015258789,15.65999984741211,15.680000305175781,10040,0.0,0.0
2023-04-11 15:30:00-04:00,15.649999618530273,15.699999809265137,15.600000381469727,15.630000114440918,18647,0.0,0.0
2023-04-12 09:30:00-04:00,15.760000228881836,15.772199630737305,15.460000038146973,15.520000457763672,14356,0.0,0.0
2023-04-12 10:30:00-04:00,15.479999542236328,15.479999542236328,15.220000267028809,15.3100004196167,8580,0.0,0.0
2023-04-12 11:30:00-04:00,15.335000038146973,15.390000343322754,15.335000038146973,15.385000228881836,6598,0.0,0.0
2023-04-12 12:30:00-04:00,15.369999885559082,15.385000228881836,15.28499984741211,15.295000076293945,7397,0.0,0.0
2023-04-12 13:30:00-04:00,15.300000190734863,15.300000190734863,15.1899995803833,15.1899995803833,9144,0.0,0.0
2023-04-12 14:30:00-04:00,15.1899995803833,15.220000267028809,15.109999656677246,15.130000114440918,10194,0.0,0.0
2023-04-12 15:30:00-04:00,15.149999618530273,15.204999923706055,15.130000114440918,15.140000343322754,24734,0.0,0.0
2023-04-13 09:30:00-04:00,15.1899995803833,15.329999923706055,15.069999694824219,15.260000228881836,6630,0.0,0.0
2023-04-13 10:30:00-04:00,15.260000228881836,15.26099967956543,15.130000114440918,15.15999984741211,10594,0.0,0.0
2023-04-13 11:30:00-04:00,15.140000343322754,15.180000305175781,15.09000015258789,15.140000343322754,9047,0.0,0.0
2023-04-13 12:30:00-04:00,15.15999984741211,15.164999961853027,15.109999656677246,15.145000457763672,8579,0.0,0.0
2023-04-13 13:30:00-04:00,15.145000457763672,15.220000267028809,15.140000343322754,15.210000038146973,16157,0.0,0.0
2023-04-13 14:30:00-04:00,15.210000038146973,15.364999771118164,15.170000076293945,15.300000190734863,20176,0.0,0.0
2023-04-13 15:30:00-04:00,15.300000190734863,15.329999923706055,15.180000305175781,15.25,39727,0.0,0.0
2023-04-14 09:30:00-04:00,15.180000305175781,15.5,15.180000305175781,15.354999542236328,18689,0.0,0.0
2023-04-14 10:30:00-04:00,15.305000305175781,15.329999923706055,15.180000305175781,15.1899995803833,9720,0.0,0.0
2023-04-14 11:30:00-04:00,15.180000305175781,15.220000267028809,15.15999984741211,15.15999984741211,6064,0.0,0.0
2023-04-14 12:30:00-04:00,15.180000305175781,15.210000038146973,15.140000343322754,15.140000343322754,9488,0.0,0.0
2023-04-14 13:30:00-04:00,15.09000015258789,15.149999618530273,15.09000015258789,15.140000343322754,5613,0.0,0.0
2023-04-14 14:30:00-04:00,15.149999618530273,15.199999809265137,15.079999923706055,15.09000015258789,9998,0.0,0.0
2023-04-14 15:30:00-04:00,15.09000015258789,15.09000015258789,15.039999961853027,15.079999923706055,16081,0.0,0.0
2023-04-17 09:30:00-04:00,15.3100004196167,15.3100004196167,15.050000190734863,15.0600004196167,6859,0.0,0.0
2023-04-17 10:30:00-04:00,15.0600004196167,15.119999885559082,14.979999542236328,15.045000076293945,26473,0.0,0.0
2023-04-17 11:30:00-04:00,14.960000038146973,15.01140022277832,14.8100004196167,14.859999656677246,18418,0.0,0.0
2023-04-17 12:30:00-04:00,14.899999618530273,14.920000076293945,14.819999694824219,14.824899673461914,7751,0.0,0.0
2023-04-17 13:30:00-04:00,14.84000015258789,14.84000015258789,14.760000228881836,14.819999694824219,8629,0.0,0.0
2023-04-17 14:30:00-04:00,14.84000015258789,14.920000076293945,14.819999694824219,14.890000343322754,6573,0.0,0.0
2023-04-17 15:30:00-04:00,14.890000343322754,14.920000076293945,14.75,14.800000190734863,92622,0.0,0.0
2023-04-18 09:30:00-04:00,14.899999618530273,15.180000305175781,14.874799728393555,14.979999542236328,18791,0.0,0.0
2023-04-18 10:30:00-04:00,14.960000038146973,15.0,14.875,14.875,9692,0.0,0.0
2023-04-18 11:30:00-04:00,14.880000114440918,14.880000114440918,14.78499984741211,14.8149995803833,7740,0.0,0.0
2023-04-18 12:30:00-04:00,14.8149995803833,14.819999694824219,14.739999771118164,14.78499984741211,51374,0.0,0.0
2023-04-18 13:30:00-04:00,14.789999961853027,14.800000190734863,14.699999809265137,14.710000038146973,11358,0.0,0.0
2023-04-18 14:30:00-04:00,14.710000038146973,14.710000038146973,14.640000343322754,14.649999618530273,12582,0.0,0.0
2023-04-18 15:30:00-04:00,14.640000343322754,14.670000076293945,14.569999694824219,14.600000381469727,49355,0.0,0.0
2023-04-19 09:30:00-04:00,14.34000015258789,14.774999618530273,14.34000015258789,14.765000343322754,21975,0.0,0.0
2023-04-19 10:30:00-04:00,14.75,14.979999542236328,14.729999542236328,14.979999542236328,41666,0.0,0.0
2023-04-19 11:30:00-04:00,14.979999542236328,15.045000076293945,14.90999984741211,15.0,16599,0.0,0.0
2023-04-19 12:30:00-04:00,15.024999618530273,15.0600004196167,15.0,15.020000457763672,20805,0.0,0.0
2023-04-19 13:30:00-04:00,15.0649995803833,15.09000015258789,14.899999618530273,14.899999618530273,18372,0.0,0.0
2023-04-19 14:30:00-04:00,14.9399995803833,14.96500015258789,14.890000343322754,14.890000343322754,19311,0.0,0.0
2023-04-19 15:30:00-04:00,14.890000343322754,14.90999984741211,14.819999694824219,14.850000381469727,50548,0.0,0.0
2023-04-20 09:30:00-04:00,14.859999656677246,15.0,14.819999694824219,15.0,12656,0.0,0.0
2023-04-20 10:30:00-04:00,15.0,15.0,14.90999984741211,14.90999984741211,7321,0.0,0.0
2023-04-20 11:30:00-04:00,14.869999885559082,14.920000076293945,14.84000015258789,14.899999618530273,12174,0.0,0.0
2023-04-20 12:30:00-04:00,14.899999618530273,14.96500015258789,14.899999618530273,14.925000190734863,11580,0.0,0.0
2023-04-20 13:30:00-04:00,14.925000190734863,14.925000190734863,14.760000228881836,14.760000228881836,9037,0.0,0.0
2023-04-20 14:30:00-04:00,14.760000228881836,14.854999542236328,14.680000305175781,14.739999771118164,69404,0.0,0.0
2023-04-20 15:30:00-04:00,14.734999656677246,14.960000038146973,14.694999694824219,14.930000305175781,64381,0.0,0.0
2023-04-21 09:30:00-04:00,14.989999771118164,15.329999923706055,14.989999771118164,15.329999923706055,14151,0.0,0.0
2023-04-21 10:30:00-04:00,15.289999961853027,15.369999885559082,15.09000015258789,15.204999923706055,41960,0.0,0.0
2023-04-21 11:30:00-04:00,15.204999923706055,15.324999809265137,15.180000305175781,15.270000457763672,12806,0.0,0.0
2023-04-21 12:30:00-04:00,15.270000457763672,15.270000457763672,15.1899995803833,15.1899995803833,6795,0.0,0.0
2023-04-21 13:30:00-04:00,15.199999809265137,15.260000228881836,15.1899995803833,15.210000038146973,36774,0.0,0.0
2023-04-21 14:30:00-04:00,15.21500015258789,15.220000267028809,15.180000305175781,15.194999694824219,20203,0.0,0.0
2023-04-21 15:30:00-04:00,15.199999809265137,15.204999923706055,15.095000267028809,15.119999885559082,42041,0.0,0.0
2023-04-24 09:30:00-04:00,15.109999656677246,15.279999732971191,14.979999542236328,15.0600004196167,5662,0.0,0.0
2023-04-24 10:30:00-04:00,15.0649995803833,15.074999809265137,14.960000038146973,15.0,20568,0.0,0.0
2023-04-24 11:30:00-04:00,15.020000457763672,15.079999923706055,14.970000267028809,15.079999923706055,25075,0.0,0.0
2023-04-24 12:30:00-04:00,15.100000381469727,15.210000038146973,15.079999923706055,15.079999923706055,9303,0.0,0.0
2023-04-24 13:30:00-04:00,15.119999885559082,15.125,14.989999771118164,15.029999732971191,11376,0.0,0.0
2023-04-24 14:30:00-04:00,15.010000228881836,15.079999923706055,14.989999771118164,15.0,63403,0.0,0.0
2023-04-24 15:30:00-04:00,15.010000228881836,15.069999694824219,15.0,15.039999961853027,34478,0.0,0.0
2023-04-25 09:30:00-04:00,14.949999809265137,15.140000343322754,14.949999809265137,15.100000381469727,8507,0.0,0.0
2023-04-25 10:30:00-04:00,15.119999885559082,15.199999809265137,15.079999923706055,15.110899925231934,10744,0.0,0.0
2023-04-25 11:30:00-04:00,15.104999542236328,15.104999542236328,15.0,15.029999732971191,4829,0.0,0.0
2023-04-25 12:30:00-04:00,15.020000457763672,15.029999732971191,14.970000267028809,14.970000267028809,5815,0.0,0.0
2023-04-25 13:30:00-04:00,14.890000343322754,14.949999809265137,14.789999961853027,14.869999885559082,10901,0.0,0.0
2023-04-25 14:30:00-04:00,14.869999885559082,14.90999984741211,14.739999771118164,14.859999656677246,29015,0.0,0.0
2023-04-25 15:30:00-04:00,14.859999656677246,14.960000038146973,14.859999656677246,14.899999618530273,25227,0.0,0.0
2023-04-26 09:30:00-04:00,14.8100004196167,15.15999984741211,14.8100004196167,15.15999984741211,43642,0.0,0.0
2023-04-26 10:30:00-04:00,15.145000457763672,15.199999809265137,15.045000076293945,15.050000190734863,12460,0.0,0.0
2023-04-26 11:30:00-04:00,15.0600004196167,15.119999885559082,15.0600004196167,15.119999885559082,3168,0.0,0.0
2023-04-26 12:30:00-04:00,15.095000267028809,15.130000114440918,15.020000457763672,15.050000190734863,7154,0.0,0.0
2023-04-26 13:30:00-04:00,15.050000190734863,15.0802001953125,14.989999771118164,15.020000457763672,5932,0.0,0.0
2023-04-26 14:30:00-04:00,15.0,15.039999961853027,14.984999656677246,15.029999732971191,7734,0.0,0.0
2023-04-26 15:30:00-04:00,15.029999732971191,15.130000114440918,14.989999771118164,15.119999885559082,31279,0.0,0.0
2023-04-27 09:30:00-04:00,15.15999984741211,15.364999771118164,15.095000267028809,15.364999771118164,0,0.0,0.0
2023-04-27 10:30:00-04:00,15.369999885559082,15.378800392150879,15.130000114440918,15.220000267028809,10744,0.0,0.0
2023-04-27 11:30:00-04:00,15.220000267028809,15.28499984741211,15.220000267028809,15.260000228881836,12756,0.0,0.0
2023-04-27 12:30:00-04:00,15.270000457763672,15.40999984741211,15.270000457763672,15.399999618530273,9010,0.0,0.0
2023-04-27 13:30:00-04:00,15.399999618530273,15.520000457763672,15.399999618530273,15.520000457763672,5500,0.0,0.0
2023-04-27 14:30:00-04:00,15.529999732971191,15.529999732971191,15.449999809265137,15.489999771118164,8576,0.0,0.0
2023-04-27 15:30:00-04:00,15.489999771118164,15.529999732971191,15.4399995803833,15.529999732971191,18408,0.0,0.0
2023-04-28 09:30:00-04:00,15.529999732971191,15.779999732971191,15.364999771118164,15.779999732971191,6067,0.0,0.0
2023-04-28 10:30:00-04:00,15.729999542236328,15.930000305175781,15.729999542236328,15.850000381469727,13210,0.0,0.0
2023-04-28 11:30:00-04:00,15.854999542236328,15.854999542236328,15.804300308227539,15.829999923706055,5852,0.0,0.0
2023-04-28 12:30:00-04:00,15.78499984741211,15.84000015258789,15.78499984741211,15.84000015258789,2901,0.0,0.0
2023-04-28 13:30:00-04:00,15.869999885559082,15.989999771118164,15.824999809265137,15.975000381469727,14266,0.0,0.0
2023-04-28 14:30:00-04:00,15.975000381469727,16.229999542236328,15.960000038146973,16.06999969482422,36383,0.0,0.0
2023-04-28 15:30:00-04:00,16.045799255371094,16.139999389648438,16.045799255371094,16.079999923706055,30866,0.0,0.0
2023-05-01 09:30:00-04:00,16.020000457763672,16.530000686645508,15.994999885559082,16.3799991607666,16266,0.0,0.0
2023-05-01 10:30:00-04:00,16.391000747680664,16.489999771118164,16.389999389648438,16.469999313354492,22466,0.0,0.0
2023-05-01 11:30:00-04:00,16.43000030517578,16.6299991607666,16.43000030517578,16.6299991607666,19732,0.0,0.0
2023-05-01 12:30:00-04:00,16.619300842285156,16.68000030517578,16.56800079345703,16.610000610351562,14301,0.0,0.0
2023-05-01 13:30:00-04:00,16.614999771118164,16.68000030517578,16.479999542236328,16.594999313354492,40441,0.0,0.0
2023-05-01 14:30:00-04:00,16.594999313354492,16.665000915527344,16.579999923706055,16.65999984741211,33178,0.0,0.0
2023-05-01 15:30:00-04:00,16.655000686645508,16.739999771118164,16.639999389648438,16.719999313354492,89993,0.0,0.0
2023-05-02 09:30:00-04:00,18.1299991607666,18.49850082397461,16.809999465942383,17.059999465942383,106799,0.0,0.0
2023-05-02 10:30:00-04:00,17.114999771118164,17.334999084472656,16.959999084472656,16.979999542236328,38035,0.0,0.0
2023-05-02 11:30:00-04:00,16.979999542236328,17.139999389648438,16.8700008392334,16.96500015258789,27844,0.0,0.0
2023-05-02 12:30:00-04:00,16.989999771118164,17.079999923706055,16.969999313354492,17.014999389648438,28307,0.0,0.0
2023-05-02 13:30:00-04:00,16.989999771118164,17.010000228881836,16.84000015258789,16.950000762939453,28294,0.0,0.0
2023-05-02 14:30:00-04:00,16.959999084472656,17.149999618530273,16.959999084472656,17.135000228881836,41389,0.0,0.0
2023-05-02 15:30:00-04:00,17.149999618530273,17.459999084472656,17.139999389648438,17.389999389648438,78702,0.0,0.0
2023-05-03 09:30:00-04:00,17.600000381469727,17.95479965209961,17.389999389648438,17.450000762939453,51275,0.0,0.0
2023-05-03 10:30:00-04:00,17.450000762939453,17.6299991607666,17.3799991607666,17.450000762939453,23709,0.0,0.0
2023-05-03 11:30:00-04:00,17.46500015258789,17.510000228881836,17.389999389648438,17.40999984741211,58468,0.0,0.0
2023-05-03 12:30:00-04:00,17.40999984741211,17.75,17.405000686645508,17.690000534057617,81116,0.0,0.0
2023-05-03 13:30:00-04:00,17.690000534057617,17.690000534057617,17.5,17.549999237060547,20480,0.0,0.0
2023-05-03 14:30:00-04:00,17.545000076293945,17.559999465942383,17.149999618530273,17.149999618530273,74632,0.0,0.0
2023-05-03 15:30:00-04:00,17.09000015258789,17.239999771118164,16.940000534057617,17.06999969482422,69422,0.0,0.0
2023-05-04 09:30:00-04:00,17.229999542236328,17.440000534057617,16.84000015258789,16.889999389648438,23290,0.0,0.0
2023-05-04 10:30:00-04:00,16.860000610351562,16.899999618530273,16.700000762939453,16.899999618530273,50423,0.0,0.0
2023-05-04 11:30:00-04:00,16.950000762939453,16.969999313354492,16.649999618530273,16.68000030517578,18750,0.0,0.0
2023-05-04 12:30:00-04:00,16.670000076293945,16.670000076293945,16.440000534057617,16.649999618530273,15280,0.0,0.0
2023-05-04 13:30:00-04:00,16.65999984741211,16.864999771118164,16.610000610351562,16.799999237060547,18235,0.0,0.0
2023-05-04 14:30:00-04:00,16.795000076293945,16.8799991607666,16.770000457763672,16.829999923706055,34214,0.0,0.0
2023-05-04 15:30:00-04:00,16.829999923706055,16.924999237060547,16.81999969482422,16.8700008392334,43451,0.0,0.0
2023-05-05 09:30:00-04:00,17.049999237060547,17.725000381469727,17.020000457763672,17.049999237060547,13330,0.0,0.0
2023-05-05 10:30:00-04:00,17.065000534057617,17.065000534057617,16.770000457763672,16.8799991607666,21267,0.0,0.0
2023-05-05 11:30:00-04:00,16.93000030517578,16.989999771118164,16.8799991607666,16.989999771118164,13520,0.0,0.0
2023-05-05 12:30:00-04:00,17.010000228881836,17.010000228881836,16.93000030517578,16.940000534057617,7844,0.0,0.0
2023-05-05 13:30:00-04:00,16.979999542236328,17.114999771118164,16.915000915527344,16.950000762939453,23861,0.0,0.0
2023-05-05 14:30:00-04:00,16.979999542236328,17.030000686645508,16.93000030517578,17.0,15785,0.0,0.0
2023-05-05 15:30:00-04:00,16.985000610351562,17.0,16.8700008392334,16.8700008392334,28126,0.0,0.0
2023-05-08 09:30:00-04:00,16.854999542236328,16.895000457763672,16.670000076293945,16.895000457763672,27613,0.0,0.0
2023-05-08 10:30:00-04:00,16.899200439453125,16.920000076293945,16.780000686645508,16.799999237060547,13770,0.0,0.0
2023-05-08 11:30:00-04:00,16.799999237060547,16.889999389648438,16.799999237060547,16.8799991607666,11096,0.0,0.0
2023-05-08 12:30:00-04:00,16.889999389648438,16.934999465942383,16.860000610351562,16.860000610351562,13662,0.0,0.0
2023-05-08 13:30:00-04:00,16.8700008392334,16.908000946044922,16.780000686645508,16.889999389648438,6758,0.0,0.0
2023-05-08 14:30:00-04:00,16.889999389648438,16.93000030517578,16.799999237060547,16.84000015258789,11035,0.0,0.0
2023-05-08 15:30:00-04:00,16.84000015258789,16.860000610351562,16.790000915527344,16.829999923706055,32854,0.0,0.0
2023-05-09 09:30:00-04:00,16.799999237060547,17.280000686645508,16.774999618530273,17.219999313354492,26339,0.0,0.0
2023-05-09 10:30:00-04:00,17.21500015258789,17.309999465942383,17.112499237060547,17.2450008392334,11766,0.0,0.0
2023-05-09 11:30:00-04:00,17.2450008392334,17.270000457763672,17.100000381469727,17.139999389648438,10102,0.0,0.0
2023-05-09 12:30:00-04:00,17.155000686645508,17.200000762939453,17.1200008392334,17.121599197387695,10060,0.0,0.0
2023-05-09 13:30:00-04:00,17.1299991607666,17.200000762939453,17.094999313354492,17.139999389648438,24645,0.0,0.0
2023-05-09 14:30:00-04:00,17.155000686645508,17.15999984741211,17.030000686645508,17.104999542236328,33664,0.0,0.0
2023-05-09 15:30:00-04:00,17.104999542236328,17.1299991607666,16.93000030517578,16.950000762939453,154163,0.0,0.0
2023-05-10 09:30:00-04:00,17.100000381469727,17.299999237060547,17.014999389648438,17.104999542236328,16625,0.0,0.0
2023-05-10 10:30:00-04:00,17.18000030517578,17.18000030517578,16.940000534057617,17.045000076293945,14333,0.0,0.0
2023-05-10 11:30:00-04:00,17.0,17.09000015258789,16.770000457763672,16.799999237060547,15607,0.0,0.0
2023-05-10 12:30:00-04:00,16.799999237060547,16.979999542236328,16.799999237060547,16.899999618530273,12644,0.0,0.0
2023-05-10 13:30:00-04:00,16.8799991607666,16.959999084472656,16.8799991607666,16.899999618530273,8609,0.0,0.0
2023-05-10 14:30:00-04:00,16.899999618530273,16.969999313354492,16.83009910583496,16.889999389648438,11906,0.0,0.0
2023-05-10 15:30:00-04:00,16.889999389648438,16.899999618530273,16.799999237060547,16.860000610351562,46613,0.0,0.0
2023-05-11 09:30:00-04:00,16.850000381469727,16.899999618530273,16.739999771118164,16.799999237060547,13583,0.0,0.0
2023-05-11 10:30:00-04:00,16.799999237060547,16.899999618530273,16.790000915527344,16.899999618530273,6799,0.0,0.0
2023-05-11 11:30:00-04:00,16.920000076293945,16.989999771118164,16.889999389648438,16.899999618530273,10610,0.0,0.0
2023-05-11 12:30:00-04:00,16.940000534057617,16.940000534057617,16.8700008392334,16.889999389648438,3706,0.0,0.0
2023-05-11 13:30:00-04:00,16.889999389648438,16.94499969482422,16.780000686645508,16.94499969482422,6441,0.0,0.0
2023-05-11 14:30:00-04:00,16.920000076293945,17.020000457763672,16.780000686645508,16.985000610351562,41936,0.0,0.0
2023-05-11 15:30:00-04:00,17.010000228881836,17.010000228881836,16.860000610351562,16.969999313354492,28116,0.0,0.0
2023-05-12 09:30:00-04:00,16.969999313354492,17.27039909362793,16.809999465942383,16.934999465942383,7531,0.0,0.0
2023-05-12 10:30:00-04:00,16.8799991607666,16.959999084472656,16.815000534057617,16.954999923706055,16375,0.0,0.0
2023-05-12 11:30:00-04:00,16.96500015258789,17.059999465942383,16.954999923706055,17.0,13735,0.0,0.0
2023-05-12 12:30:00-04:00,17.0,17.059999465942383,16.985000610351562,17.020000457763672,11426,0.0,0.0
2023-05-12 13:30:00-04:00,17.020000457763672,17.145999908447266,16.979999542236328,17.1200008392334,23594,0.0,0.0
2023-05-12 14:30:00-04:00,17.149999618530273,17.15999984741211,16.979999542236328,17.079999923706055,41704,0.0,0.0
2023-05-12 15:30:00-04:00,17.079999923706055,17.094999313354492,17.010000228881836,17.09000015258789,28715,0.0,0.0
2023-05-15 09:30:00-04:00,17.139999389648438,17.168800354003906,17.0,17.0,5463,0.0,0.0
2023-05-15 10:30:00-04:00,17.020000457763672,17.069000244140625,17.0,17.0,4885,0.0,0.0
2023-05-15 11:30:00-04:00,17.0,17.040000915527344,17.0,17.010000228881836,7994,0.0,0.0
2023-05-15 12:30:00-04:00,17.010000228881836,17.110000610351562,17.0,17.030000686645508,12307,0.0,0.0
2023-05-15 13:30:00-04:00,17.030000686645508,17.06999969482422,16.985000610351562,17.030000686645508,11607,0.0,0.0
2023-05-15 14:30:00-04:00,17.0,17.079999923706055,17.0,17.030000686645508,9960,0.0,0.0
2023-05-15 15:30:00-04:00,17.05500030517578,17.260000228881836,17.030000686645508,17.049999237060547,47009,0.0,0.0
2023-05-16 09:30:00-04:00,16.0,16.350000381469727,15.670000076293945,16.040000915527344,553897,0.0,0.0
2023-05-16 10:30:00-04:00,16.010700225830078,16.299999237060547,16.0,16.204999923706055,179313,0.0,0.0
2023-05-16 11:30:00-04:00,16.200000762939453,16.700000762939453,16.139999389648438,16.6299991607666,221526,0.0,0.0
2023-05-16 12:30:00-04:00,16.610000610351562,16.90999984741211,16.600000381469727,16.674999237060547,169524,0.0,0.0
2023-05-16 13:30:00-04:00,16.670000076293945,16.844999313354492,16.600000381469727,16.795000076293945,36863,0.0,0.0
2023-05-16 14:30:00-04:00,16.770000457763672,16.93000030517578,16.520000457763672,16.920000076293945,300418,0.0,0.0
2023-05-16 15:30:00-04:00,16.895000457763672,17.09000015258789,16.8799991607666,17.020000457763672,99789,0.0,0.0
2023-05-17 09:30:00-04:00,17.1299991607666,17.75,17.100000381469727,17.729999542236328,24195,0.0,0.0
2023-05-17 10:30:00-04:00,17.729999542236328,17.90999984741211,17.719999313354492,17.799999237060547,28377,0.0,0.0
2023-05-17 11:30:00-04:00,17.809999465942383,17.850000381469727,17.7450008392334,17.7450008392334,20176,0.0,0.0
2023-05-17 12:30:00-04:00,17.709999084472656,17.770000457763672,17.649999618530273,17.719999313354492,19284,0.0,0.0
2023-05-17 13:30:00-04:00,17.729999542236328,17.799999237060547,17.68000030517578,17.780000686645508,19425,0.0,0.0
2023-05-17 14:30:00-04:00,17.772499084472656,17.78499984741211,17.674999237060547,17.725000381469727,32584,0.0,0.0
2023-05-17 15:30:00-04:00,17.75,17.75,17.6200008392334,17.65999984741211,99722,0.0,0.0
2023-05-18 09:30:00-04:00,17.579999923706055,17.75,16.1200008392334,17.719999313354492,14472,0.0,0.0
2023-05-18 10:30:00-04:00,17.75,17.780000686645508,17.690000534057617,17.75,33263,0.0,0.0
2023-05-18 11:30:00-04:00,17.75,17.75,17.6299991607666,17.6299991607666,5623,0.0,0.0
2023-05-18 12:30:00-04:00,17.6200008392334,17.649999618530273,17.549999237060547,17.579999923706055,7884,0.0,0.0
2023-05-18 13:30:00-04:00,17.579999923706055,17.795000076293945,17.56999969482422,17.752500534057617,38361,0.0,0.0
2023-05-18 14:30:00-04:00,17.752500534057617,17.860000610351562,17.75,17.799999237060547,44551,0.0,0.0
2023-05-18 15:30:00-04:00,17.790000915527344,18.059999465942383,17.75,18.030000686645508,63777,0.0,0.0
2023-05-19 09:30:00-04:00,18.18000030517578,18.34309959411621,17.85099983215332,18.010000228881836,21117,0.0,0.0
2023-05-19 10:30:00-04:00,18.014999389648438,18.024999618530273,17.889999389648438,17.90999984741211,11834,0.0,0.0
2023-05-19 11:30:00-04:00,17.889999389648438,17.93000030517578,17.739999771118164,17.795000076293945,23295,0.0,0.0
2023-05-19 12:30:00-04:00,17.790000915527344,17.790000915527344,17.709999084472656,17.75,11409,0.0,0.0
2023-05-19 13:30:00-04:00,17.75,17.809999465942383,17.719999313354492,17.790000915527344,28189,0.0,0.0
2023-05-19 14:30:00-04:00,17.770000457763672,18.030000686645508,17.770000457763672,18.030000686645508,34757,0.0,0.0
2023-05-19 15:30:00-04:00,18.030000686645508,18.049999237060547,17.950000762939453,18.049999237060547,28211,0.0,0.0
2023-05-22 09:30:00-04:00,18.020000457763672,18.100000381469727,17.850000381469727,18.040000915527344,26386,0.0,0.0
2023-05-22 10:30:00-04:00,18.059999465942383,18.06999969482422,17.940000534057617,17.989999771118164,18381,0.0,0.0
2023-05-22 11:30:00-04:00,17.989999771118164,18.1200008392334,17.905000686645508,18.09000015258789,14842,0.0,0.0
2023-05-22 12:30:00-04:00,18.094999313354492,18.24020004272461,18.09000015258789,18.219999313354492,17872,0.0,0.0
2023-05-22 13:30:00-04:00,18.209999084472656,18.225000381469727,18.049999237060547,18.1299991607666,16132,0.0,0.0
2023-05-22 14:30:00-04:00,18.110000610351562,18.15999984741211,18.059999465942383,18.059999465942383,21157,0.0,0.0
2023-05-22 15:30:00-04:00,18.06999969482422,18.100000381469727,18.0,18.049999237060547,30977,0.0,0.0
2023-05-23 09:30:00-04:00,18.06999969482422,18.06999969482422,17.350000381469727,17.350000381469727,31042,0.0,0.0
2023-05-23 10:30:00-04:00,17.31999969482422,17.639999389648438,17.31999969482422,17.610000610351562,32204,0.0,0.0
2023-05-23 11:30:00-04:00,17.59000015258789,17.600000381469727,17.489999771118164,17.489999771118164,16650,0.0,0.0
2023-05-23 12:30:00-04:00,17.530000686645508,17.549999237060547,17.479999542236328,17.510000228881836,16624,0.0,0.0
2023-05-23 13:30:00-04:00,17.5,17.549999237060547,17.434999465942383,17.489999771118164,35106,0.0,0.0
2023-05-23 14:30:00-04:00,17.530000686645508,17.549999237060547,17.469999313354492,17.489999771118164,22036,0.0,0.0
2023-05-23 15:30:00-04:00,17.518999099731445,17.600000381469727,17.510000228881836,17.530000686645508,26629,0.0,0.0
2023-05-24 09:30:00-04:00,17.3799991607666,17.6200008392334,17.239999771118164,17.520000457763672,24491,0.0,0.0
2023-05-24 10:30:00-04:00,17.549999237060547,17.770000457763672,17.5049991607666,17.559999465942383,18433,0.0,0.0
2023-05-24 11:30:00-04:00,17.545000076293945,17.729999542236328,17.545000076293945,17.700000762939453,11454,0.0,0.0
2023-05-24 12:30:00-04:00,17.709999084472656,17.829999923706055,17.649999618530273,17.690000534057617,9117,0.0,0.0
2023-05-24 13:30:00-04:00,17.729999542236328,17.920000076293945,17.709999084472656,17.84000015258789,12651,0.0,0.0
2023-05-24 14:30:00-04:00,17.8700008392334,17.959999084472656,17.84000015258789,17.959999084472656,14773,0.0,0.0
2023-05-24 15:30:00-04:00,17.950000762939453,18.040000915527344,17.93000030517578,17.989999771118164,28374,0.0,0.0
2023-05-25 09:30:00-04:00,18.0,18.1200008392334,17.801000595092773,17.959999084472656,48389,0.0,0.0
2023-05-25 10:30:00-04:00,17.94499969482422,17.979999542236328,17.700000762939453,17.81999969482422,58449,0.0,0.0
2023-05-25 11:30:00-04:00,17.80500030517578,18.0,17.639999389648438,17.791000366210938,51426,0.0,0.0
2023-05-25 12:30:00-04:00,17.864900588989258,17.864900588989258,17.780000686645508,17.81999969482422,10447,0.0,0.0
2023-05-25 13:30:00-04:00,17.829999923706055,17.920000076293945,17.790000915527344,17.860000610351562,27007,0.0,0.0
2023-05-25 14:30:00-04:00,17.8700008392334,17.989999771118164,17.850000381469727,17.920000076293945,15287,0.0,0.0
2023-05-25 15:30:00-04:00,17.920000076293945,17.969999313354492,17.8700008392334,17.8799991607666,36146,0.0,0.0
2023-05-26 09:30:00-04:00,17.809999465942383,18.075000762939453,17.469999313354492,17.989999771118164,56446,0.0,0.0
2023-05-26 10:30:00-04:00,17.940000534057617,18.049999237060547,17.889999389648438,17.940000534057617,13837,0.0,0.0
2023-05-26 11:30:00-04:00,17.954999923706055,18.040000915527344,17.90999984741211,18.010000228881836,11552,0.0,0.0
2023-05-26 12:30:00-04:00,18.049999237060547,18.09000015258789,17.969999313354492,17.969999313354492,9372,0.0,0.0
2023-05-26 13:30:00-04:00,17.96500015258789,18.048500061035156,17.90999984741211,18.010000228881836,14545,0.0,0.0
2023-05-26 14:30:00-04:00,18.010000228881836,18.094999313354492,17.93000030517578,18.010000228881836,14055,0.0,0.0
2023-05-26 15:30:00-04:00,17.985000610351562,18.020000457763672,17.920000076293945,17.93000030517578,37637,0.0,0.0
2023-05-30 09:30:00-04:00,17.979999542236328,18.209999084472656,17.600000381469727,17.600000381469727,25199,0.0,0.0
2023-05-30 10:30:00-04:00,17.600000381469727,17.670000076293945,17.5,17.610000610351562,9055,0.0,0.0
2023-05-30 11:30:00-04:00,17.700000762939453,17.729999542236328,17.579999923706055,17.65999984741211,11682,0.0,0.0
2023-05-30 12:30:00-04:00,17.65999984741211,17.690000534057617,17.520000457763672,17.579999923706055,6989,0.0,0.0
2023-05-30 13:30:00-04:00,17.56999969482422,17.579999923706055,17.469999313354492,17.469999313354492,9019,0.0,0.0
2023-05-30 14:30:00-04:00,17.500600814819336,17.510000228881836,17.3799991607666,17.40999984741211,14896,0.0,0.0
2023-05-30 15:30:00-04:00,17.43000030517578,17.459999084472656,17.309999465942383,17.329999923706055,28019,0.0,0.0
2023-05-31 09:30:00-04:00,17.329999923706055,17.648500442504883,17.329999923706055,17.44499969482422,7078,0.0,0.0
2023-05-31 10:30:00-04:00,17.46500015258789,17.549999237060547,17.424999237060547,17.5,15393,0.0,0.0
2023-05-31 11:30:00-04:00,17.5,17.579999923706055,17.44499969482422,17.510000228881836,42969,0.0,0.0
2023-05-31 12:30:00-04:00,17.5,17.600000381469727,17.4950008392334,17.579999923706055,5934,0.0,0.0
2023-05-31 13:30:00-04:00,17.6200008392334,17.729799270629883,17.59000015258789,17.690000534057617,16091,0.0,0.0
2023-05-31 14:30:00-04:00,17.709999084472656,17.780000686645508,17.700000762939453,17.760000228881836,15553,0.0,0.0
2023-05-31 15:30:00-04:00,17.731000900268555,17.809999465942383,17.59000015258789,17.639999389648438,111770,0.0,0.0
2023-06-01 09:30:00-04:00,17.770000457763672,17.989999771118164,17.647300720214844,17.989999771118164,51377,0.0,0.0
2023-06-01 10:30:00-04:00,17.979999542236328,18.139999389648438,17.979999542236328,18.040000915527344,64791,0.0,0.0
2023-06-01 11:30:00-04:00,18.010000228881836,18.05340003967285,17.950000762939453,18.010000228881836,25014,0.0,0.0
2023-06-01 12:30:00-04:00,17.969999313354492,18.010000228881836,17.809999465942383,17.834999084472656,20629,0.0,0.0
2023-06-01 13:30:00-04:00,17.809999465942383,17.93000030517578,17.809999465942383,17.860000610351562,21853,0.0,0.0
2023-06-01 14:30:00-04:00,17.864999771118164,17.920000076293945,17.829999923706055,17.885000228881836,61065,0.0,0.0
2023-06-01 15:30:00-04:00,17.885000228881836,17.899999618530273,17.809999465942383,17.829999923706055,52607,0.0,0.0
2023-06-02 09:30:00-04:00,17.93000030517578,18.139999389648438,17.6299991607666,17.68000030517578,40513,0.0,0.0
2023-06-02 10:30:00-04:00,17.719999313354492,17.920000076293945,17.719999313354492,17.8700008392334,29859,0.0,0.0
2023-06-02 11:30:00-04:00,17.860000610351562,17.905000686645508,17.84000015258789,17.844999313354492,30514,0.0,0.0
2023-06-02 12:30:00-04:00,17.860000610351562,17.905000686645508,17.84000015258789,17.889999389648438,37327,0.0,0.0
2023-06-02 13:30:00-04:00,17.8700008392334,18.204999923706055,17.8700008392334,18.049999237060547,41717,0.0,0.0
2023-06-02 14:30:00-04:00,18.079999923706055,18.110000610351562,17.989999771118164,18.059999465942383,22831,0.0,0.0
2023-06-02 15:30:00-04:00,18.045000076293945,18.209999084472656,18.030000686645508,18.110000610351562,53343,0.0,0.0
2023-06-05 09:30:00-04:00,18.100000381469727,18.100000381469727,17.809999465942383,17.84000015258789,18155,0.0,0.0
2023-06-05 10:30:00-04:00,17.790000915527344,18.059999465942383,17.790000915527344,18.030000686645508,18516,0.0,0.0
2023-06-05 11:30:00-04:00,18.059999465942383,18.155000686645508,18.020000457763672,18.065000534057617,6765,0.0,0.0
2023-06-05 12:30:00-04:00,18.020000457763672,18.040000915527344,18.0,18.010000228881836,5498,0.0,0.0
2023-06-05 13:30:00-04:00,18.0049991607666,18.030000686645508,17.889999389648438,17.969999313354492,8626,0.0,0.0
2023-06-05 14:30:00-04:00,17.920000076293945,17.920000076293945,17.829999923706055,17.885000228881836,11044,0.0,0.0
2023-06-05 15:30:00-04:00,17.885000228881836,18.020000457763672,17.885000228881836,18.020000457763672,21237,0.0,0.0
2023-06-06 09:30:00-04:00,18.010000228881836,18.79199981689453,18.010000228881836,18.40999984741211,99039,0.0,0.0
2023-06-06 10:30:00-04:00,18.399999618530273,18.469999313354492,18.100000381469727,18.155000686645508,20708,0.0,0.0
2023-06-06 11:30:00-04:00,18.139999389648438,18.329999923706055,18.104999542236328,18.248699188232422,17551,0.0,0.0
2023-06-06 12:30:00-04:00,18.21500015258789,18.229999542236328,18.149999618530273,18.229999542236328,11822,0.0,0.0
2023-06-06 13:30:00-04:00,18.229999542236328,18.260000228881836,18.209999084472656,18.260000228881836,6474,0.0,0.0
2023-06-06 14:30:00-04:00,18.2450008392334,18.31999969482422,18.190000534057617,18.295000076293945,13631,0.0,0.0
2023-06-06 15:30:00-04:00,18.309999465942383,18.31999969482422,18.190000534057617,18.200000762939453,25209,0.0,0.0
2023-06-07 09:30:00-04:00,18.389999389648438,18.5,18.235000610351562,18.235000610351562,16718,0.0,0.0
2023-06-07 10:30:00-04:00,18.25,18.25,18.020000457763672,18.110000610351562,15114,0.0,0.0
2023-06-07 11:30:00-04:00,18.139999389648438,18.139999389648438,18.059999465942383,18.075000762939453,8383,0.0,0.0
2023-06-07 12:30:00-04:00,18.09000015258789,18.094999313354492,17.91200065612793,17.979999542236328,11740,0.0,0.0
2023-06-07 13:30:00-04:00,18.0,18.149999618530273,18.0,18.149999618530273,6738,0.0,0.0
2023-06-07 14:30:00-04:00,18.149999618530273,18.149999618530273,18.040000915527344,18.059999465942383,14888,0.0,0.0
2023-06-07 15:30:00-04:00,18.06999969482422,18.06999969482422,17.93000030517578,17.989999771118164,30140,0.0,0.0
2023-06-08 09:30:00-04:00,17.920000076293945,17.954999923706055,17.8700008392334,17.8799991607666,8784,0.0,0.0
2023-06-08 10:30:00-04:00,17.889999389648438,17.93000030517578,17.774999618530273,17.860000610351562,18916,0.0,0.0
2023-06-08 11:30:00-04:00,17.8700008392334,17.90999984741211,17.809999465942383,17.84000015258789,9334,0.0,0.0
2023-06-08 12:30:00-04:00,17.829999923706055,17.84000015258789,17.790000915527344,17.799999237060547,8791,0.0,0.0
2023-06-08 13:30:00-04:00,17.81999969482422,17.81999969482422,17.700000762939453,17.770000457763672,10352,0.0,0.0
2023-06-08 14:30:00-04:00,17.770000457763672,17.770000457763672,17.690000534057617,17.739999771118164,15298,0.0,0.0
2023-06-08 15:30:00-04:00,17.729999542236328,17.729999542236328,17.6200008392334,17.65999984741211,26691,0.0,0.0
2023-06-09 09:30:00-04:00,16.600000381469727,17.0,16.489999771118164,16.90999984741211,338426,0.0,0.0
2023-06-09 10:30:00-04:00,16.93000030517578,16.934999465942383,16.5,16.700000762939453,224044,0.0,0.0
2023-06-09 11:30:00-04:00,16.700000762939453,16.799999237060547,16.670000076293945,16.71500015258789,70994,0.0,0.0
2023-06-09 12:30:00-04:00,16.709999084472656,16.739999771118164,16.600000381469727,16.690000534057617,55188,0.0,0.0
2023-06-09 13:30:00-04:00,16.690000534057617,16.690000534057617,16.489999771118164,16.5,54385,0.0,0.0
2023-06-09 14:30:00-04:00,16.5,16.725000381469727,16.5,16.559999465942383,68520,0.0,0.0
2023-06-09 15:30:00-04:00,16.559999465942383,16.75,16.549999237060547,16.729999542236328,153744,0.0,0.0
2023-06-12 09:30:00-04:00,16.809999465942383,17.06999969482422,16.739999771118164,17.049999237060547,61455,0.0,0.0
2023-06-12 10:30:00-04:00,17.079999923706055,17.200000762939453,17.010000228881836,17.12540054321289,50859,0.0,0.0
2023-06-12 11:30:00-04:00,17.114999771118164,17.170000076293945,16.979999542236328,16.979999542236328,38515,0.0,0.0
2023-06-12 12:30:00-04:00,16.988800048828125,16.9950008392334,16.895000457763672,16.90999984741211,22155,0.0,0.0
2023-06-12 13:30:00-04:00,16.920000076293945,16.989999771118164,16.899999618530273,16.950000762939453,21380,0.0,0.0
2023-06-12 14:30:00-04:00,16.950000762939453,16.96500015258789,16.8700008392334,16.889999389648438,28527,0.0,0.0
2023-06-12 15:30:00-04:00,16.877500534057617,16.8799991607666,16.799999237060547,16.850000381469727,61654,0.0,0.0
2023-06-13 09:30:00-04:00,16.93000030517578,16.940000534057617,16.739999771118164,16.920000076293945,30562,0.0,0.0
2023-06-13 10:30:00-04:00,16.899999618530273,16.948299407958984,16.8700008392334,16.8700008392334,32582,0.0,0.0
2023-06-13 11:30:00-04:00,16.889999389648438,16.895000457763672,16.719999313354492,16.770000457763672,13733,0.0,0.0
2023-06-13 12:30:00-04:00,16.770000457763672,16.84000015258789,16.75,16.770000457763672,38674,0.0,0.0
2023-06-13 13:30:00-04:00,16.770000457763672,16.850000381469727,16.760000228881836,16.829999923706055,19347,0.0,0.0
2023-06-13 14:30:00-04:00,16.84000015258789,16.899999618530273,16.81999969482422,16.8700008392334,24098,0.0,0.0
2023-06-13 15:30:00-04:00,16.850000381469727,16.8799991607666,16.739999771118164,16.809999465942383,53114,0.0,0.0
2023-06-14 09:30:00-04:00,16.799999237060547,17.0049991607666,16.760000228881836,16.80500030517578,30431,0.0,0.0
2023-06-14 10:30:00-04:00,16.760000228881836,16.834999084472656,16.7549991607666,16.799999237060547,9921,0.0,0.0
2023-06-14 11:30:00-04:00,16.799999237060547,16.799999237060547,16.725000381469727,16.780000686645508,9477,0.0,0.0
2023-06-14 12:30:00-04:00,16.729999542236328,16.780000686645508,16.709999084472656,16.746000289916992,8317,0.0,0.0
2023-06-14 13:30:00-04:00,16.780000686645508,16.780000686645508,16.649999618530273,16.729999542236328,20466,0.0,0.0
2023-06-14 14:30:00-04:00,16.75,16.8700008392334,16.709999084472656,16.829999923706055,37146,0.0,0.0
2023-06-14 15:30:00-04:00,16.81999969482422,16.829999923706055,16.649999618530273,16.700000762939453,44875,0.0,0.0
2023-06-15 09:30:00-04:00,16.719999313354492,16.81999969482422,16.684600830078125,16.780000686645508,13313,0.0,0.0
2023-06-15 10:30:00-04:00,16.764999389648438,16.799999237060547,16.690000534057617,16.709999084472656,17961,0.0,0.0
2023-06-15 11:30:00-04:00,16.709999084472656,16.74250030517578,16.65369987487793,16.729999542236328,8719,0.0,0.0
2023-06-15 12:30:00-04:00,16.709999084472656,16.75,16.649999618530273,16.67840003967285,15757,0.0,0.0
2023-06-15 13:30:00-04:00,16.68000030517578,16.780000686645508,16.610000610351562,16.690000534057617,38047,0.0,0.0
2023-06-15 14:30:00-04:00,16.690000534057617,16.700000762939453,16.600000381469727,16.639999389648438,31216,0.0,0.0
2023-06-15 15:30:00-04:00,16.639999389648438,16.700000762939453,16.610000610351562,16.65999984741211,52671,0.0,0.0
2023-06-16 09:30:00-04:00,16.780000686645508,16.799999237060547,16.559999465942383,16.729999542236328,47930,0.0,0.0
2023-06-16 10:30:00-04:00,16.752500534057617,16.752500534057617,16.450000762939453,16.459999084472656,16886,0.0,0.0
2023-06-16 11:30:00-04:00,16.489999771118164,16.5,16.3700008392334,16.40999984741211,13060,0.0,0.0
2023-06-16 12:30:00-04:00,16.43000030517578,16.450000762939453,16.3700008392334,16.420000076293945,13859,0.0,0.0
2023-06-16 13:30:00-04:00,16.450000762939453,16.479999542236328,16.299999237060547,16.450000762939453,41788,0.0,0.0
2023-06-16 14:30:00-04:00,16.40999984741211,16.450000762939453,16.3799991607666,16.389999389648438,24488,0.0,0.0
2023-06-16 15:30:00-04:00,16.399999618530273,16.739999771118164,16.3799991607666,16.479999542236328,186922,0.0,0.0
2023-06-20 09:30:00-04:00,16.43000030517578,16.440000534057617,16.1299991607666,16.1299991607666,33518,0.0,0.0
2023-06-20 10:30:00-04:00,16.1299991607666,16.1299991607666,16.0,16.100000381469727,41210,0.0,0.0
2023-06-20 11:30:00-04:00,16.100000381469727,16.15999984741211,16.059999465942383,16.105499267578125,10898,0.0,0.0
2023-06-20 12:30:00-04:00,16.1200008392334,16.1200008392334,15.970000267028809,15.979999542236328,17118,0.0,0.0
2023-06-20 13:30:00-04:00,15.989999771118164,16.010000228881836,15.895000457763672,15.989999771118164,22059,0.0,0.0
2023-06-20 14:30:00-04:00,16.0,16.1299991607666,16.0,16.1299991607666,37861,0.0,0.0
2023-06-20 15:30:00-04:00,16.149999618530273,16.280000686645508,16.139999389648438,16.18000030517578,83791,0.0,0.0
2023-06-21 09:30:00-04:00,16.219999313354492,16.237600326538086,16.100000381469727,16.100000381469727,16156,0.0,0.0
2023-06-21 10:30:00-04:00,16.107500076293945,16.139999389648438,16.020000457763672,16.079999923706055,17674,0.0,0.0
2023-06-21 11:30:00-04:00,16.09000015258789,16.100000381469727,16.030000686645508,16.09000015258789,7173,0.0,0.0
2023-06-21 12:30:00-04:00,16.100000381469727,16.100000381469727,16.040000915527344,16.040000915527344,9733,0.0,0.0
2023-06-21 13:30:00-04:00,16.030000686645508,16.100000381469727,16.010000228881836,16.049999237060547,41914,0.0,0.0
2023-06-21 14:30:00-04:00,16.05500030517578,16.069900512695312,16.020000457763672,16.020000457763672,15412,0.0,0.0
2023-06-21 15:30:00-04:00,16.024999618530273,16.049999237060547,16.010000228881836,16.040000915527344,32223,0.0,0.0
2023-06-22 09:30:00-04:00,16.010000228881836,16.149999618530273,15.84000015258789,16.110000610351562,35406,0.0,0.0
2023-06-22 10:30:00-04:00,16.09000015258789,16.09000015258789,15.960000038146973,16.040000915527344,16730,0.0,0.0
2023-06-22 11:30:00-04:00,16.059999465942383,16.09000015258789,15.890000343322754,15.960000038146973,15064,0.0,0.0
2023-06-22 12:30:00-04:00,15.960000038146973,15.960000038146973,15.869999885559082,15.869999885559082,14964,0.0,0.0
2023-06-22 13:30:00-04:00,15.899999618530273,15.930000305175781,15.899999618530273,15.90999984741211,6199,0.0,0.0
2023-06-22 14:30:00-04:00,15.9399995803833,16.010000228881836,15.930000305175781,15.930000305175781,18713,0.0,0.0
2023-06-22 15:30:00-04:00,15.920000076293945,16.010000228881836,15.899999618530273,16.0,41242,0.0,0.0
2023-06-23 09:30:00-04:00,16.0,16.190000534057617,15.770000457763672,16.190000534057617,27685,0.0,0.0
2023-06-23 10:30:00-04:00,16.229999542236328,16.270000457763672,16.100000381469727,16.114999771118164,15009,0.0,0.0
2023-06-23 11:30:00-04:00,16.1299991607666,16.25,16.060100555419922,16.25,14975,0.0,0.0
2023-06-23 12:30:00-04:00,16.25,16.270000457763672,16.155000686645508,16.204999923706055,21119,0.0,0.0
2023-06-23 13:30:00-04:00,16.204999923706055,16.25,16.15999984741211,16.18000030517578,22693,0.0,0.0
2023-06-23 14:30:00-04:00,16.15999984741211,16.15999984741211,16.0575008392334,16.100000381469727,25685,0.0,0.0
2023-06-23 15:30:00-04:00,16.100000381469727,16.1299991607666,16.079999923706055,16.100000381469727,52816,0.0,0.0
2023-06-26 09:30:00-04:00,16.06999969482422,16.31999969482422,16.06999969482422,16.290000915527344,27430,0.0,0.0
2023-06-26 10:30:00-04:00,16.31999969482422,16.329999923706055,16.139999389648438,16.15999984741211,18027,0.0,0.0
2023-06-26 11:30:00-04:00,16.1299991607666,16.31999969482422,16.06999969482422,16.280000686645508,24442,0.0,0.0
2023-06-26 12:30:00-04:00,16.260000228881836,16.329999923706055,16.2450008392334,16.31999969482422,16325,0.0,0.0
2023-06-26 13:30:00-04:00,16.34000015258789,16.350000381469727,16.290000915527344,16.299999237060547,18734,0.0,0.0
2023-06-26 14:30:00-04:00,16.309999465942383,16.40999984741211,16.309999465942383,16.350000381469727,21150,0.0,0.0
2023-06-26 15:30:00-04:00,16.360000610351562,16.378999710083008,16.280000686645508,16.299999237060547,42689,0.0,0.0
2023-06-27 09:30:00-04:00,16.350000381469727,16.56999969482422,16.290000915527344,16.530000686645508,110243,0.0,0.0
2023-06-27 10:30:00-04:00,16.510000228881836,16.628999710083008,16.510000228881836,16.610000610351562,23671,0.0,0.0
2023-06-27 11:30:00-04:00,16.59000015258789,16.760000228881836,16.579999923706055,16.68000030517578,57461,0.0,0.0
2023-06-27 12:30:00-04:00,16.674999237060547,16.799999237060547,16.670000076293945,16.709999084472656,84278,0.0,0.0
2023-06-27 13:30:00-04:00,16.69499969482422,16.799999237060547,16.639999389648438,16.709999084472656,21176,0.0,0.0
2023-06-27 14:30:00-04:00,16.719999313354492,16.739999771118164,16.690000534057617,16.735000610351562,23219,0.0,0.0
2023-06-27 15:30:00-04:00,16.739999771118164,16.799999237060547,16.709999084472656,16.790000915527344,50366,0.0,0.0
2023-06-28 09:30:00-04:00,16.809999465942383,16.979999542236328,16.719999313354492,16.842500686645508,116856,0.0,0.0
2023-06-28 10:30:00-04:00,16.84000015258789,16.920000076293945,16.829999923706055,16.920000076293945,33016,0.0,0.0
2023-06-28 11:30:00-04:00,16.90999984741211,17.020000457763672,16.899999618530273,16.93000030517578,48620,0.0,0.0
2023-06-28 12:30:00-04:00,16.950000762939453,16.969999313354492,16.77750015258789,16.8700008392334,11592,0.0,0.0
2023-06-28 13:30:00-04:00,16.8700008392334,16.8700008392334,16.75,16.75,8106,0.0,0.0
2023-06-28 14:30:00-04:00,16.7549991607666,16.770000457763672,16.700000762939453,16.739999771118164,10122,0.0,0.0
2023-06-28 15:30:00-04:00,16.729999542236328,16.739999771118164,16.649999618530273,16.670000076293945,21303,0.0,0.0
2023-06-29 09:30:00-04:00,16.65999984741211,16.90999984741211,16.579999923706055,16.780000686645508,90530,0.0,0.0
2023-06-29 10:30:00-04:00,16.770000457763672,16.809999465942383,16.719999313354492,16.799999237060547,13881,0.0,0.0
2023-06-29 11:30:00-04:00,16.795000076293945,16.8700008392334,16.770000457763672,16.84000015258789,27622,0.0,0.0
2023-06-29 12:30:00-04:00,16.84000015258789,16.920000076293945,16.84000015258789,16.8799991607666,26337,0.0,0.0
2023-06-29 13:30:00-04:00,16.889999389648438,16.905000686645508,16.700000762939453,16.780000686645508,26906,0.0,0.0
2023-06-29 14:30:00-04:00,16.770000457763672,16.899999618530273,16.764999389648438,16.799999237060547,36661,0.0,0.0
2023-06-29 15:30:00-04:00,16.799999237060547,16.84000015258789,16.75,16.760000228881836,58271,0.0,0.0
2023-06-30 09:30:00-04:00,16.8799991607666,16.959999084472656,16.709999084472656,16.799999237060547,33763,0.0,0.0
2023-06-30 10:30:00-04:00,16.799999237060547,16.8799991607666,16.690000534057617,16.825000762939453,17511,0.0,0.0
2023-06-30 11:30:00-04:00,16.84000015258789,16.84000015258789,16.75,16.809999465942383,11738,0.0,0.0
2023-06-30 12:30:00-04:00,16.81999969482422,16.860000610351562,16.773300170898438,16.809999465942383,10178,0.0,0.0
2023-06-30 13:30:00-04:00,16.809999465942383,16.81999969482422,16.764999389648438,16.80500030517578,9971,0.0,0.0
2023-06-30 14:30:00-04:00,16.809999465942383,16.90999984741211,16.795000076293945,16.860000610351562,34505,0.0,0.0
2023-06-30 15:30:00-04:00,16.860000610351562,16.950000762939453,16.84000015258789,16.899999618530273,161566,0.0,0.0
2023-07-03 09:30:00-04:00,16.850000381469727,17.219999313354492,16.850000381469727,17.079999923706055,25735,0.0,0.0
2023-07-03 10:30:00-04:00,17.09000015258789,17.280000686645508,17.049999237060547,17.274999618530273,25285,0.0,0.0
2023-07-03 11:30:00-04:00,17.280000686645508,17.399999618530273,17.209999084472656,17.3799991607666,54857,0.0,0.0
2023-07-05 09:30:00-04:00,17.280000686645508,17.280000686645508,16.912700653076172,16.9950008392334,0,0.0,0.0
2023-07-05 10:30:00-04:00,17.020000457763672,17.075000762939453,16.719999313354492,16.75,23994,0.0,0.0
2023-07-05 11:30:00-04:00,16.7549991607666,16.860000610351562,16.75,16.815000534057617,28712,0.0,0.0
2023-07-05 12:30:00-04:00,16.815099716186523,16.899999618530273,16.815099716186523,16.899999618530273,21938,0.0,0.0
2023-07-05 13:30:00-04:00,16.920000076293945,16.959999084472656,16.90999984741211,16.959999084472656,10837,0.0,0.0
2023-07-05 14:30:00-04:00,16.96500015258789,17.0,16.8799991607666,16.8799991607666,13474,0.0,0.0
2023-07-05 15:30:00-04:00,16.8799991607666,16.8799991607666,16.790000915527344,16.84000015258789,36932,0.0,0.0
2023-07-06 09:30:00-04:00,16.690000534057617,16.920000076293945,16.649999618530273,16.700000762939453,26023,0.0,0.0
2023-07-06 10:30:00-04:00,16.69499969482422,16.729999542236328,16.510000228881836,16.561399459838867,25229,0.0,0.0
2023-07-06 11:30:00-04:00,16.56999969482422,16.665000915527344,16.56999969482422,16.6299991607666,18544,0.0,0.0
2023-07-06 12:30:00-04:00,16.645000457763672,16.780000686645508,16.625,16.774999618530273,17530,0.0,0.0
2023-07-06 13:30:00-04:00,16.764999389648438,16.80500030517578,16.735000610351562,16.80500030517578,21807,0.0,0.0
2023-07-06 14:30:00-04:00,16.809999465942383,16.969999313354492,16.809999465942383,16.899999618530273,29291,0.0,0.0
2023-07-06 15:30:00-04:00,16.90999984741211,16.950000762939453,16.8700008392334,16.90999984741211,34920,0.0,0.0
2023-07-07 09:30:00-04:00,16.90999984741211,17.040000915527344,16.8799991607666,16.924999237060547,24401,0.0,0.0
2023-07-07 10:30:00-04:00,16.917499542236328,17.0,16.850000381469727,16.920000076293945,33083,0.0,0.0
2023-07-07 11:30:00-04:00,16.93000030517578,16.93000030517578,16.760000228881836,16.84000015258789,13704,0.0,0.0
2023-07-07 12:30:00-04:00,16.850000381469727,16.889999389648438,16.81999969482422,16.81999969482422,9928,0.0,0.0
2023-07-07 13:30:00-04:00,16.799999237060547,16.84000015258789,16.709999084472656,16.84000015258789,14345,0.0,0.0
2023-07-07 14:30:00-04:00,16.875,16.887500762939453,16.799999237060547,16.799999237060547,21276,0.0,0.0
2023-07-07 15:30:00-04:00,16.799999237060547,16.81999969482422,16.729999542236328,16.75,32546,0.0,0.0
2023-07-10 09:30:00-04:00,16.809999465942383,17.040000915527344,16.690000534057617,16.809999465942383,15889,0.0,0.0
2023-07-10 10:30:00-04:00,16.81999969482422,16.90999984741211,16.700000762939453,16.729999542236328,14556,0.0,0.0
2023-07-10 11:30:00-04:00,16.719999313354492,16.809999465942383,16.670000076293945,16.760000228881836,11552,0.0,0.0
2023-07-10 12:30:00-04:00,16.760000228881836,16.790000915527344,16.729999542236328,16.790000915527344,8749,0.0,0.0
2023-07-10 13:30:00-04:00,16.799999237060547,16.84000015258789,16.799999237060547,16.81999969482422,9020,0.0,0.0
2023-07-10 14:30:00-04:00,16.809999465942383,16.8799991607666,16.764999389648438,16.860000610351562,68567,0.0,0.0
2023-07-10 15:30:00-04:00,16.8700008392334,16.90999984741211,16.799999237060547,16.899999618530273,45361,0.0,0.0
2023-07-11 09:30:00-04:00,16.969999313354492,17.030000686645508,16.899999618530273,16.940000534057617,32016,0.0,0.0
2023-07-11 10:30:00-04:00,16.889999389648438,16.899999618530273,16.68000030517578,16.799999237060547,87098,0.0,0.0
2023-07-11 11:30:00-04:00,16.799999237060547,17.040000915527344,16.780000686645508,17.020000457763672,28293,0.0,0.0
2023-07-11 12:30:00-04:00,17.040000915527344,17.139999389648438,17.030000686645508,17.110000610351562,17816,0.0,0.0
2023-07-11 13:30:00-04:00,17.100000381469727,17.200000762939453,17.100000381469727,17.170000076293945,18422,0.0,0.0
2023-07-11 14:30:00-04:00,17.170000076293945,17.2450008392334,17.135000228881836,17.209999084472656,27682,0.0,0.0
2023-07-11 15:30:00-04:00,17.209999084472656,17.290000915527344,17.200000762939453,17.290000915527344,106876,0.0,0.0
2023-07-12 09:30:00-04:00,17.520000457763672,17.600000381469727,17.25,17.420000076293945,24787,0.0,0.0
2023-07-12 10:30:00-04:00,17.43000030517578,17.639999389648438,17.420000076293945,17.552499771118164,42129,0.0,0.0
2023-07-12 11:30:00-04:00,17.56999969482422,17.729999542236328,17.520000457763672,17.729999542236328,127364,0.0,0.0
2023-07-12 12:30:00-04:00,17.725000381469727,17.93000030517578,17.697999954223633,17.93000030517578,17279,0.0,0.0
2023-07-12 13:30:00-04:00,17.940000534057617,17.979999542236328,17.795000076293945,17.850000381469727,42131,0.0,0.0
2023-07-12 14:30:00-04:00,17.84000015258789,17.861000061035156,17.84000015258789,17.861000061035156,15444,0.0,0.0
2023-07-12 15:30:00-04:00,17.860000610351562,17.950000762939453,17.860000610351562,17.93000030517578,55751,0.0,0.0
2023-07-13 09:30:00-04:00,18.020000457763672,18.09000015258789,17.920000076293945,18.040000915527344,15684,0.0,0.0
2023-07-13 10:30:00-04:00,18.049999237060547,18.15999984741211,18.03499984741211,18.149999618530273,25263,0.0,0.0
2023-07-13 11:30:00-04:00,18.15999984741211,18.15999984741211,18.049999237060547,18.075000762939453,17030,0.0,0.0
2023-07-13 12:30:00-04:00,18.079999923706055,18.295000076293945,18.059999465942383,18.295000076293945,20793,0.0,0.0
2023-07-13 13:30:00-04:00,18.260000228881836,18.260000228881836,18.149999618530273,18.149999618530273,15584,0.0,0.0
2023-07-13 14:30:00-04:00,18.15999984741211,18.209999084472656,18.1200008392334,18.197900772094727,29810,0.0,0.0
2023-07-13 15:30:00-04:00,18.200000762939453,18.239999771118164,18.155000686645508,18.239999771118164,30311,0.0,0.0
2023-07-14 09:30:00-04:00,18.219999313354492,18.290000915527344,18.040000915527344,18.190000534057617,10083,0.0,0.0
2023-07-14 10:30:00-04:00,18.200000762939453,18.200000762939453,17.954999923706055,17.969999313354492,21078,0.0,0.0
2023-07-14 11:30:00-04:00,17.989999771118164,18.170000076293945,17.979999542236328,18.149999618530273,16992,0.0,0.0
2023-07-14 12:30:00-04:00,18.149999618530273,18.238500595092773,18.149999618530273,18.238500595092773,8660,0.0,0.0
2023-07-14 13:30:00-04:00,18.239999771118164,18.299999237060547,18.18000030517578,18.18000030517578,16229,0.0,0.0
2023-07-14 14:30:00-04:00,18.184999465942383,18.25,18.18000030517578,18.239999771118164,26205,0.0,0.0
2023-07-14 15:30:00-04:00,18.25,18.40999984741211,18.229999542236328,18.3700008392334,101382,0.0,0.0
2023-07-17 09:30:00-04:00,18.450000762939453,18.663400650024414,18.264999389648438,18.264999389648438,21095,0.0,0.0
2023-07-17 10:30:00-04:00,18.264999389648438,18.40999984741211,18.264999389648438,18.395000457763672,39412,0.0,0.0
2023-07-17 11:30:00-04:00,18.3799991607666,18.399999618530273,18.260000228881836,18.350000381469727,22370,0.0,0.0
2023-07-17 12:30:00-04:00,18.354999542236328,18.3700008392334,18.329999923706055,18.34000015258789,16401,0.0,0.0
2023-07-17 13:30:00-04:00,18.344999313354492,18.405000686645508,18.329999923706055,18.3799991607666,11898,0.0,0.0
2023-07-17 14:30:00-04:00,18.3700008392334,18.450000762939453,18.337499618530273,18.434999465942383,31600,0.0,0.0
2023-07-17 15:30:00-04:00,18.440000534057617,18.440000534057617,18.260000228881836,18.270000457763672,106437,0.0,0.0
2023-07-18 09:30:00-04:00,18.739999771118164,18.739999771118164,18.350000381469727,18.420000076293945,30238,0.0,0.0
2023-07-18 10:30:00-04:00,18.399999618530273,18.520000457763672,18.280000686645508,18.3700008392334,397497,0.0,0.0
2023-07-18 11:30:00-04:00,18.360000610351562,18.360000610351562,18.024999618530273,18.030000686645508,38903,0.0,0.0
2023-07-18 12:30:00-04:00,18.049999237060547,18.290000915527344,17.979999542236328,18.270000457763672,14754,0.0,0.0
2023-07-18 13:30:00-04:00,18.264999389648438,18.540000915527344,18.25,18.540000915527344,17400,0.0,0.0
2023-07-18 14:30:00-04:00,18.559999465942383,18.690000534057617,18.489999771118164,18.690000534057617,19444,0.0,0.0
2023-07-18 15:30:00-04:00,18.690000534057617,18.759899139404297,18.6299991607666,18.739999771118164,35493,0.0,0.0
2023-07-19 09:30:00-04:00,18.760000228881836,19.170000076293945,18.412599563598633,19.125,50314,0.0,0.0
2023-07-19 10:30:00-04:00,19.170000076293945,19.170000076293945,19.024999618530273,19.024999618530273,32128,0.0,0.0
2023-07-19 11:30:00-04:00,19.049999237060547,19.110000610351562,19.010000228881836,19.06999969482422,15556,0.0,0.0
2023-07-19 12:30:00-04:00,19.059999465942383,19.059999465942383,18.940000534057617,19.020000457763672,21852,0.0,0.0
2023-07-19 13:30:00-04:00,19.020000457763672,19.030000686645508,18.920000076293945,19.026100158691406,18500,0.0,0.0
2023-07-19 14:30:00-04:00,19.010000228881836,19.040000915527344,18.959999084472656,18.969999313354492,20381,0.0,0.0
2023-07-19 15:30:00-04:00,18.969999313354492,18.985000610351562,18.709999084472656,18.739999771118164,75127,0.0,0.0
2023-07-20 09:30:00-04:00,18.81999969482422,18.989999771118164,18.5,18.940000534057617,24442,0.0,0.0
2023-07-20 10:30:00-04:00,18.920000076293945,19.06999969482422,18.87700080871582,19.06999969482422,36523,0.0,0.0
2023-07-20 11:30:00-04:00,19.059999465942383,19.200000762939453,19.040000915527344,19.110000610351562,23124,0.0,0.0
2023-07-20 12:30:00-04:00,19.135000228881836,19.190000534057617,19.09000015258789,19.174999237060547,16301,0.0,0.0
2023-07-20 13:30:00-04:00,19.174999237060547,19.184999465942383,18.889999389648438,18.975000381469727,18328,0.0,0.0
2023-07-20 14:30:00-04:00,18.969999313354492,19.0,18.829999923706055,18.93000030517578,59471,0.0,0.0
2023-07-20 15:30:00-04:00,18.93000030517578,18.93000030517578,18.799999237060547,18.81999969482422,52743,0.0,0.0
2023-07-21 09:30:00-04:00,18.81999969482422,19.200000762939453,18.75,18.954999923706055,84156,0.0,0.0
2023-07-21 10:30:00-04:00,18.899999618530273,18.90999984741211,18.760000228881836,18.81999969482422,18183,0.0,0.0
2023-07-21 11:30:00-04:00,18.850000381469727,18.889999389648438,18.709999084472656,18.709999084472656,17836,0.0,0.0
2023-07-21 12:30:00-04:00,18.679000854492188,18.75,18.600000381469727,18.739999771118164,12250,0.0,0.0
2023-07-21 13:30:00-04:00,18.729999542236328,18.809999465942383,18.709999084472656,18.760000228881836,12543,0.0,0.0
2023-07-21 14:30:00-04:00,18.709999084472656,18.760000228881836,18.6200008392334,18.700000762939453,18475,0.0,0.0
2023-07-21 15:30:00-04:00,18.700000762939453,18.739999771118164,18.670000076293945,18.69499969482422,24027,0.0,0.0
2023-07-24 09:30:00-04:00,18.75,18.760000228881836,18.40999984741211,18.469999313354492,20970,0.0,0.0
2023-07-24 10:30:00-04:00,18.5,18.540000915527344,18.350000381469727,18.364999771118164,30251,0.0,0.0
2023-07-24 11:30:00-04:00,18.3700008392334,18.420000076293945,18.25,18.25,23910,0.0,0.0
2023-07-24 12:30:00-04:00,18.260000228881836,18.270000457763672,18.059999465942383,18.270000457763672,36962,0.0,0.0
2023-07-24 13:30:00-04:00,18.270000457763672,18.34000015258789,18.270000457763672,18.309999465942383,12461,0.0,0.0
2023-07-24 14:30:00-04:00,18.299999237060547,18.360000610351562,18.280000686645508,18.280000686645508,13561,0.0,0.0
2023-07-24 15:30:00-04:00,18.290000915527344,18.34000015258789,18.270000457763672,18.270000457763672,35558,0.0,0.0
2023-07-25 09:30:00-04:00,18.239999771118164,18.350000381469727,18.049999237060547,18.30500030517578,11940,0.0,0.0
2023-07-25 10:30:00-04:00,18.333599090576172,18.40999984741211,18.2549991607666,18.309999465942383,20170,0.0,0.0
2023-07-25 11:30:00-04:00,18.309999465942383,18.329999923706055,18.25,18.329999923706055,8838,0.0,0.0
2023-07-25 12:30:00-04:00,18.329999923706055,18.3700008392334,18.280000686645508,18.360000610351562,14601,0.0,0.0
2023-07-25 13:30:00-04:00,18.3700008392334,18.3700008392334,18.270000457763672,18.299999237060547,13458,0.0,0.0
2023-07-25 14:30:00-04:00,18.299999237060547,18.299999237060547,18.239999771118164,18.280000686645508,11084,0.0,0.0
2023-07-25 15:30:00-04:00,18.280000686645508,18.3700008392334,18.260000228881836,18.299999237060547,62896,0.0,0.0
2023-07-26 09:30:00-04:00,18.43000030517578,18.700000762939453,18.360000610351562,18.420000076293945,31520,0.0,0.0
2023-07-26 10:30:00-04:00,18.420000076293945,18.729999542236328,18.334999084472656,18.66010093688965,103121,0.0,0.0
2023-07-26 11:30:00-04:00,18.68000030517578,18.68000030517578,18.489999771118164,18.6299991607666,152667,0.0,0.0
2023-07-26 12:30:00-04:00,18.6299991607666,18.920000076293945,18.600000381469727,18.84000015258789,36144,0.0,0.0
2023-07-26 13:30:00-04:00,18.860000610351562,18.889999389648438,18.6200008392334,18.684999465942383,54637,0.0,0.0
2023-07-26 14:30:00-04:00,18.684999465942383,18.81999969482422,18.68000030517578,18.79199981689453,28724,0.0,0.0
2023-07-26 15:30:00-04:00,18.799999237060547,18.899999618530273,18.790000915527344,18.8700008392334,50725,0.0,0.0
2023-07-27 09:30:00-04:00,19.149999618530273,19.149999618530273,18.639999389648438,18.719999313354492,70426,0.0,0.0
2023-07-27 10:30:00-04:00,18.719999313354492,18.829999923706055,18.719999313354492,18.829999923706055,29646,0.0,0.0
2023-07-27 11:30:00-04:00,18.829999923706055,18.90999984741211,18.729999542236328,18.729999542236328,23405,0.0,0.0
2023-07-27 12:30:00-04:00,18.719999313354492,18.80500030517578,18.65999984741211,18.68000030517578,21358,0.0,0.0
2023-07-27 13:30:00-04:00,18.684999465942383,18.739999771118164,18.655000686645508,18.700000762939453,19201,0.0,0.0
2023-07-27 14:30:00-04:00,18.700000762939453,18.704999923706055,18.56999969482422,18.59000015258789,38582,0.0,0.0
2023-07-27 15:30:00-04:00,18.56999969482422,18.600000381469727,18.469999313354492,18.53499984741211,57961,0.0,0.0
2023-07-28 09:30:00-04:00,18.690000534057617,18.889999389648438,18.559999465942383,18.850000381469727,35664,0.0,0.0
2023-07-28 10:30:00-04:00,18.844999313354492,18.899999618530273,18.649999618530273,18.700000762939453,30934,0.0,0.0
2023-07-28 11:30:00-04:00,18.709999084472656,18.729999542236328,18.65999984741211,18.71500015258789,18915,0.0,0.0
2023-07-28 12:30:00-04:00,18.709999084472656,18.719999313354492,18.635000228881836,18.700000762939453,20075,0.0,0.0
2023-07-28 13:30:00-04:00,18.700000762939453,18.739999771118164,18.690000534057617,18.700000762939453,31963,0.0,0.0
2023-07-28 14:30:00-04:00,18.700000762939453,18.709999084472656,18.530000686645508,18.540000915527344,54682,0.0,0.0
2023-07-28 15:30:00-04:00,18.530000686645508,18.540000915527344,18.290000915527344,18.299999237060547,81965,0.0,0.0
2023-07-31 09:30:00-04:00,18.31999969482422,18.79990005493164,18.210599899291992,18.780000686645508,52276,0.0,0.0
2023-07-31 10:30:00-04:00,18.812999725341797,18.81999969482422,18.399999618530273,18.40999984741211,52543,0.0,0.0
2023-07-31 11:30:00-04:00,18.415000915527344,18.41900062561035,18.25,18.3799991607666,46596,0.0,0.0
2023-07-31 12:30:00-04:00,18.3700008392334,18.450000762939453,18.360000610351562,18.420000076293945,31050,0.0,0.0
2023-07-31 13:30:00-04:00,18.420000076293945,18.489999771118164,18.31999969482422,18.420000076293945,113611,0.0,0.0
2023-07-31 14:30:00-04:00,18.459999084472656,18.549999237060547,18.440000534057617,18.5,121939,0.0,0.0
2023-07-31 15:30:00-04:00,18.5,18.639999389648438,18.489999771118164,18.6299991607666,106480,0.0,0.0
2023-08-01 09:30:00-04:00,19.709999084472656,19.8700008392334,18.389999389648438,18.799999237060547,103272,0.0,0.0
2023-08-01 10:30:00-04:00,18.850000381469727,19.299999237060547,18.795000076293945,18.950000762939453,230409,0.0,0.0
2023-08-01 11:30:00-04:00,19.0,19.149999618530273,18.8799991607666,19.075000762939453,69531,0.0,0.0
2023-08-01 12:30:00-04:00,19.049999237060547,20.089000701904297,19.030000686645508,20.079999923706055,127912,0.0,0.0
2023-08-01 13:30:00-04:00,20.06999969482422,20.165000915527344,19.700000762939453,19.81999969482422,120388,0.0,0.0
2023-08-01 14:30:00-04:00,19.825000762939453,19.969999313354492,19.760000228881836,19.844999313354492,147409,0.0,0.0
2023-08-01 15:30:00-04:00,19.81999969482422,20.040000915527344,19.809999465942383,20.0,134261,0.0,0.0
2023-08-02 09:30:00-04:00,20.25,20.309999465942383,19.350000381469727,19.549999237060547,144765,0.0,0.0
2023-08-02 10:30:00-04:00,19.53499984741211,19.53499984741211,19.200000762939453,19.415000915527344,164677,0.0,0.0
2023-08-02 11:30:00-04:00,19.415000915527344,19.440000534057617,19.239999771118164,19.34000015258789,65069,0.0,0.0
2023-08-02 12:30:00-04:00,19.34000015258789,19.540000915527344,19.229999542236328,19.301000595092773,62943,0.0,0.0
2023-08-02 13:30:00-04:00,19.309999465942383,19.43000030517578,19.229999542236328,19.31999969482422,53559,0.0,0.0
2023-08-02 14:30:00-04:00,19.31999969482422,19.329999923706055,19.1299991607666,19.1299991607666,50517,0.0,0.0
2023-08-02 15:30:00-04:00,19.1299991607666,19.272899627685547,19.1299991607666,19.15999984741211,85887,0.0,0.0
2023-08-03 09:30:00-04:00,19.110000610351562,19.34000015258789,18.979999542236328,19.25,80081,0.0,0.0
2023-08-03 10:30:00-04:00,19.260000228881836,19.31999969482422,19.200000762939453,19.239999771118164,78785,0.0,0.0
2023-08-03 11:30:00-04:00,19.219999313354492,19.299999237060547,19.139999389648438,19.21500015258789,51647,0.0,0.0
2023-08-03 12:30:00-04:00,19.21500015258789,19.280000686645508,19.1200008392334,19.200000762939453,55579,0.0,0.0
2023-08-03 13:30:00-04:00,19.190000534057617,19.280000686645508,19.149999618530273,19.235000610351562,78132,0.0,0.0
2023-08-03 14:30:00-04:00,19.229999542236328,19.30500030517578,19.229999542236328,19.25,70472,0.0,0.0
2023-08-03 15:30:00-04:00,19.25,19.3700008392334,19.25,19.350000381469727,111770,0.0,0.0
2023-08-04 09:30:00-04:00,19.5,19.591299057006836,19.190000534057617,19.360000610351562,41857,0.0,0.0
2023-08-04 10:30:00-04:00,19.344999313354492,19.59000015258789,19.344999313354492,19.520000457763672,85034,0.0,0.0
2023-08-04 11:30:00-04:00,19.520000457763672,19.559999465942383,19.450000762939453,19.475000381469727,21730,0.0,0.0
2023-08-04 12:30:00-04:00,19.479900360107422,19.510000228881836,19.270000457763672,19.274999618530273,28169,0.0,0.0
2023-08-04 13:30:00-04:00,19.260000228881836,19.31100082397461,19.229999542236328,19.25,36585,0.0,0.0
2023-08-04 14:30:00-04:00,19.25,19.329999923706055,19.165000915527344,19.270000457763672,36663,0.0,0.0
2023-08-04 15:30:00-04:00,19.280000686645508,19.329999923706055,19.2450008392334,19.280000686645508,68810,0.0,0.0
2023-08-07 09:30:00-04:00,19.329999923706055,19.389999389648438,19.1200008392334,19.360000610351562,43329,0.0,0.0
2023-08-07 10:30:00-04:00,19.3799991607666,19.489999771118164,19.340999603271484,19.3799991607666,23729,0.0,0.0
2023-08-07 11:30:00-04:00,19.389999389648438,19.604999542236328,19.3700008392334,19.489999771118164,93076,0.0,0.0
2023-08-07 12:30:00-04:00,19.479999542236328,19.489999771118164,19.274999618530273,19.424999237060547,50330,0.0,0.0
2023-08-07 13:30:00-04:00,19.440000534057617,19.5,19.34000015258789,19.34000015258789,20431,0.0,0.0
2023-08-07 14:30:00-04:00,19.360000610351562,19.3799991607666,19.28499984741211,19.370100021362305,22624,0.0,0.0
2023-08-07 15:30:00-04:00,19.350000381469727,19.3700008392334,19.25,19.25,39259,0.0,0.0
2023-08-08 09:30:00-04:00,19.100000381469727,19.360000610351562,19.059999465942383,19.295000076293945,26937,0.0,0.0
2023-08-08 10:30:00-04:00,19.299999237060547,19.459999084472656,19.270000457763672,19.459999084472656,49428,0.0,0.0
2023-08-08 11:30:00-04:00,19.479999542236328,19.489999771118164,19.309999465942383,19.459999084472656,28212,0.0,0.0
2023-08-08 12:30:00-04:00,19.469999313354492,19.549999237060547,19.469999313354492,19.540000915527344,23325,0.0,0.0
2023-08-08 13:30:00-04:00,19.540000915527344,19.540000915527344,19.270000457763672,19.299999237060547,37449,0.0,0.0
2023-08-08 14:30:00-04:00,19.31999969482422,19.31999969482422,19.18000030517578,19.200000762939453,123191,0.0,0.0
2023-08-08 15:30:00-04:00,19.204999923706055,19.290000915527344,19.149999618530273,19.270000457763672,98700,0.0,0.0
2023-08-09 09:30:00-04:00,19.219999313354492,19.2544002532959,18.899999618530273,18.940000534057617,21440,0.0,0.0
2023-08-09 10:30:00-04:00,18.93000030517578,18.969999313354492,18.770000457763672,18.8700008392334,65218,0.0,0.0
2023-08-09 11:30:00-04:00,18.860000610351562,18.860000610351562,18.6200008392334,18.625,33339,0.0,0.0
2023-08-09 12:30:00-04:00,18.610000610351562,18.75,18.469999313354492,18.739999771118164,41766,0.0,0.0
2023-08-09 13:30:00-04:00,18.739999771118164,18.780000686645508,18.56999969482422,18.579999923706055,23032,0.0,0.0
2023-08-09 14:30:00-04:00,18.579999923706055,18.6299991607666,18.520000457763672,18.559999465942383,40581,0.0,0.0
2023-08-09 15:30:00-04:00,18.56999969482422,18.584999084472656,18.459999084472656,18.459999084472656,55536,0.0,0.0
2023-08-10 09:30:00-04:00,18.6200008392334,18.829999923706055,18.589599609375,18.59000015258789,42337,0.0,0.0
2023-08-10 10:30:00-04:00,18.59000015258789,18.81999969482422,18.524999618530273,18.809999465942383,64119,0.0,0.0
2023-08-10 11:30:00-04:00,18.809999465942383,18.920000076293945,18.559999465942383,18.559999465942383,48122,0.0,0.0
2023-08-10 12:30:00-04:00,18.559999465942383,18.760000228881836,18.559999465942383,18.739999771118164,47310,0.0,0.0
2023-08-10 13:30:00-04:00,18.729999542236328,18.93000030517578,18.690000534057617,18.90999984741211,39367,0.0,0.0
2023-08-10 14:30:00-04:00,18.899999618530273,18.940000534057617,18.850000381469727,18.875,36695,0.0,0.0
2023-08-10 15:30:00-04:00,18.8700008392334,18.8700008392334,18.799999237060547,18.834999084472656,58571,0.0,0.0
2023-08-11 09:30:00-04:00,18.780000686645508,18.920000076293945,18.649999618530273,18.81999969482422,20401,0.0,0.0
2023-08-11 10:30:00-04:00,18.81999969482422,18.872499465942383,18.790000915527344,18.81999969482422,21040,0.0,0.0
2023-08-11 11:30:00-04:00,18.809999465942383,18.8700008392334,18.774999618530273,18.8700008392334,19573,0.0,0.0
2023-08-11 12:30:00-04:00,18.8799991607666,18.90999984741211,18.81999969482422,18.829999923706055,16116,0.0,0.0
2023-08-11 13:30:00-04:00,18.84000015258789,18.84000015258789,18.719999313354492,18.739999771118164,20170,0.0,0.0
2023-08-11 14:30:00-04:00,18.739999771118164,18.75,18.670000076293945,18.729999542236328,27106,0.0,0.0
2023-08-11 15:30:00-04:00,18.735000610351562,18.829999923706055,18.735000610351562,18.790000915527344,59515,0.0,0.0
2023-08-14 09:30:00-04:00,18.65999984741211,18.670000076293945,18.25,18.25,33184,0.0,0.0
2023-08-14 10:30:00-04:00,18.25,18.34000015258789,18.25,18.270000457763672,29124,0.0,0.0
2023-08-14 11:30:00-04:00,18.270000457763672,18.350000381469727,18.25,18.270000457763672,20530,0.0,0.0
2023-08-14 12:30:00-04:00,18.25,18.389999389648438,18.229999542236328,18.290000915527344,37008,0.0,0.0
2023-08-14 13:30:00-04:00,18.299999237060547,18.309999465942383,18.25,18.260000228881836,23780,0.0,0.0
2023-08-14 14:30:00-04:00,18.260000228881836,18.280000686645508,18.219999313354492,18.229999542236328,32812,0.0,0.0
2023-08-14 15:30:00-04:00,18.219999313354492,18.299999237060547,18.21500015258789,18.25,66636,0.0,0.0
2023-08-15 09:30:00-04:00,18.309999465942383,18.56999969482422,18.149999618530273,18.329999923706055,24216,0.0,0.0
2023-08-15 10:30:00-04:00,18.309999465942383,18.389999389648438,18.280000686645508,18.360000610351562,17417,0.0,0.0
2023-08-15 11:30:00-04:00,18.368099212646484,18.368099212646484,18.299999237060547,18.350000381469727,15135,0.0,0.0
2023-08-15 12:30:00-04:00,18.34000015258789,18.399999618530273,18.280000686645508,18.389999389648438,20319,0.0,0.0
2023-08-15 13:30:00-04:00,18.389999389648438,18.499000549316406,18.385000228881836,18.479999542236328,18236,0.0,0.0
2023-08-15 14:30:00-04:00,18.489999771118164,18.538999557495117,18.485000610351562,18.524999618530273,21775,0.0,0.0
2023-08-15 15:30:00-04:00,18.53499984741211,18.59000015258789,18.440000534057617,18.440000534057617,45316,0.0,0.0
2023-08-16 09:30:00-04:00,18.3700008392334,18.440000534057617,18.31999969482422,18.40999984741211,19195,0.0,0.0
2023-08-16 10:30:00-04:00,18.40999984741211,18.464799880981445,18.309999465942383,18.309999465942383,18299,0.0,0.0
2023-08-16 11:30:00-04:00,18.299999237060547,18.34000015258789,18.204999923706055,18.204999923706055,17365,0.0,0.0
2023-08-16 12:30:00-04:00,18.184999465942383,18.184999465942383,18.09000015258789,18.15999984741211,17156,0.0,0.0
2023-08-16 13:30:00-04:00,18.170000076293945,18.190000534057617,18.06999969482422,18.190000534057617,21821,0.0,0.0
2023-08-16 14:30:00-04:00,18.18000030517578,18.219999313354492,18.079999923706055,18.1200008392334,19722,0.0,0.0
2023-08-16 15:30:00-04:00,18.12350082397461,18.1299991607666,18.0,18.030000686645508,33756,0.0,0.0
2023-08-17 09:30:00-04:00,18.110000610351562,18.15999984741211,17.84000015258789,17.850000381469727,29131,0.0,0.0
2023-08-17 10:30:00-04:00,17.850000381469727,17.950000762939453,17.829999923706055,17.850000381469727,9916,0.0,0.0
2023-08-17 11:30:00-04:00,17.844999313354492,17.850000381469727,17.72170066833496,17.760000228881836,13664,0.0,0.0
2023-08-17 12:30:00-04:00,17.75,17.780000686645508,17.719999313354492,17.719999313354492,9337,0.0,0.0
2023-08-17 13:30:00-04:00,17.719999313354492,17.75,17.670000076293945,17.739999771118164,14755,0.0,0.0
2023-08-17 14:30:00-04:00,17.735000610351562,17.889999389648438,17.649999618530273,17.84000015258789,87581,0.0,0.0
2023-08-17 15:30:00-04:00,17.84000015258789,17.858999252319336,17.770000457763672,17.770000457763672,56310,0.0,0.0
2023-08-18 09:30:00-04:00,17.65999984741211,17.90999984741211,17.65999984741211,17.899999618530273,19602,0.0,0.0
2023-08-18 10:30:00-04:00,17.899999618530273,18.100000381469727,17.899999618530273,17.950000762939453,26882,0.0,0.0
2023-08-18 11:30:00-04:00,17.950000762939453,18.100000381469727,17.93000030517578,18.100000381469727,16304,0.0,0.0
2023-08-18 12:30:00-04:00,18.094999313354492,18.1200008392334,18.040000915527344,18.114999771118164,22767,0.0,0.0
2023-08-18 13:30:00-04:00,18.1200008392334,18.139999389648438,18.040000915527344,18.079999923706055,23000,0.0,0.0
2023-08-18 14:30:00-04:00,18.09000015258789,18.110000610351562,18.020000457763672,18.020000457763672,18149,0.0,0.0
2023-08-18 15:30:00-04:00,18.030000686645508,18.06999969482422,18.0,18.010000228881836,34804,0.0,0.0
2023-08-21 09:30:00-04:00,18.0,18.069599151611328,17.860000610351562,17.905000686645508,38853,0.0,0.0
2023-08-21 10:30:00-04:00,17.920000076293945,17.950000762939453,17.799999237060547,17.84000015258789,52766,0.0,0.0
2023-08-21 11:30:00-04:00,17.850000381469727,17.860000610351562,17.719999313354492,17.799999237060547,35972,0.0,0.0
2023-08-21 12:30:00-04:00,17.80500030517578,17.8799991607666,17.65999984741211,17.8799991607666,25671,0.0,0.0
2023-08-21 13:30:00-04:00,17.8700008392334,17.969999313354492,17.864999771118164,17.90999984741211,28507,0.0,0.0
2023-08-21 14:30:00-04:00,17.915000915527344,17.940000534057617,17.860000610351562,17.90999984741211,35312,0.0,0.0
2023-08-21 15:30:00-04:00,17.90999984741211,17.93000030517578,17.829999923706055,17.8700008392334,64145,0.0,0.0
2023-08-22 09:30:00-04:00,17.8799991607666,18.155000686645508,17.8700008392334,18.030000686645508,35987,0.0,0.0
2023-08-22 10:30:00-04:00,18.014999389648438,18.1299991607666,17.980100631713867,18.1299991607666,26651,0.0,0.0
2023-08-22 11:30:00-04:00,18.1299991607666,18.174999237060547,18.08810043334961,18.139999389648438,25195,0.0,0.0
2023-08-22 12:30:00-04:00,18.149999618530273,18.25,18.149999618530273,18.25,27296,0.0,0.0
2023-08-22 13:30:00-04:00,18.239999771118164,18.389999389648438,18.219999313354492,18.389999389648438,22560,0.0,0.0
2023-08-22 14:30:00-04:00,18.395000457763672,18.40999984741211,18.270000457763672,18.299999237060547,30026,0.0,0.0
2023-08-22 15:30:00-04:00,18.29490089416504,18.34000015258789,18.280000686645508,18.299999237060547,42133,0.0,0.0
2023-08-23 09:30:00-04:00,18.399999618530273,19.59000015258789,18.399999618530273,19.579999923706055,174622,0.0,0.0
2023-08-23 10:30:00-04:00,19.56999969482422,19.579999923706055,19.209999084472656,19.430500030517578,67792,0.0,0.0
2023-08-23 11:30:00-04:00,19.46500015258789,19.600000381469727,19.43000030517578,19.514999389648438,51147,0.0,0.0
2023-08-23 12:30:00-04:00,19.524999618530273,19.639999389648438,19.524999618530273,19.549999237060547,90980,0.0,0.0
2023-08-23 13:30:00-04:00,19.56999969482422,19.56999969482422,19.229999542236328,19.360000610351562,75005,0.0,0.0
2023-08-23 14:30:00-04:00,19.360000610351562,19.399999618530273,19.309999465942383,19.3799991607666,33823,0.0,0.0
2023-08-23 15:30:00-04:00,19.375,19.510000228881836,19.3700008392334,19.5,79081,0.0,0.0
2023-08-24 09:30:00-04:00,19.5,19.700000762939453,19.274999618530273,19.600000381469727,52802,0.0,0.0
2023-08-24 10:30:00-04:00,19.610000610351562,19.625,19.190000534057617,19.200000762939453,57256,0.0,0.0
2023-08-24 11:30:00-04:00,19.200000762939453,19.270000457763672,19.165000915527344,19.200000762939453,32772,0.0,0.0
2023-08-24 12:30:00-04:00,19.200000762939453,19.274999618530273,19.15999984741211,19.209999084472656,31981,0.0,0.0
2023-08-24 13:30:00-04:00,19.190000534057617,19.290000915527344,19.139999389648438,19.149999618530273,39230,0.0,0.0
2023-08-24 14:30:00-04:00,19.15999984741211,19.260000228881836,19.139999389648438,19.235000610351562,70968,0.0,0.0
2023-08-24 15:30:00-04:00,19.235000610351562,19.34000015258789,19.149999618530273,19.149999618530273,86301,0.0,0.0
2023-08-25 09:30:00-04:00,19.025999069213867,19.440000534057617,19.025999069213867,19.280000686645508,22670,0.0,0.0
2023-08-25 10:30:00-04:00,19.290000915527344,19.309999465942383,19.18000030517578,19.28499984741211,37001,0.0,0.0
2023-08-25 11:30:00-04:00,19.299999237060547,19.360000610351562,19.280000686645508,19.329999923706055,23964,0.0,0.0
2023-08-25 12:30:00-04:00,19.329999923706055,19.440000534057617,19.31999969482422,19.3799991607666,24465,0.0,0.0
2023-08-25 13:30:00-04:00,19.364999771118164,19.375,19.290000915527344,19.360000610351562,24157,0.0,0.0
2023-08-25 14:30:00-04:00,19.360000610351562,19.489999771118164,19.350000381469727,19.479999542236328,32405,0.0,0.0
2023-08-25 15:30:00-04:00,19.479999542236328,19.54990005493164,19.3700008392334,19.385000228881836,70658,0.0,0.0
2023-08-28 09:30:00-04:00,19.5,19.559999465942383,19.260000228881836,19.31999969482422,28116,0.0,0.0
2023-08-28 10:30:00-04:00,19.299999237060547,19.540000915527344,19.25,19.389999389648438,43340,0.0,0.0
2023-08-28 11:30:00-04:00,19.389999389648438,19.389999389648438,19.270000457763672,19.270000457763672,32762,0.0,0.0
2023-08-28 12:30:00-04:00,19.274999618530273,19.6200008392334,19.25,19.530000686645508,43080,0.0,0.0
2023-08-28 13:30:00-04:00,19.530000686645508,19.530000686645508,19.329999923706055,19.350000381469727,35211,0.0,0.0
2023-08-28 14:30:00-04:00,19.360000610351562,19.389999389648438,19.290000915527344,19.360000610351562,44757,0.0,0.0
2023-08-28 15:30:00-04:00,19.3700008392334,19.43000030517578,19.299999237060547,19.350000381469727,63324,0.0,0.0
2023-08-29 09:30:00-04:00,19.360000610351562,19.600000381469727,19.260000228881836,19.329999923706055,0,0.0,0.0
2023-08-29 10:30:00-04:00,19.334999084472656,19.40999984741211,19.149999618530273,19.190000534057617,53029,0.0,0.0
2023-08-29 11:30:00-04:00,19.190000534057617,19.3700008392334,19.184999465942383,19.2903995513916,43728,0.0,0.0
2023-08-29 12:30:00-04:00,19.299999237060547,19.299999237060547,19.209999084472656,19.209999084472656,38488,0.0,0.0
2023-08-29 13:30:00-04:00,19.209999084472656,19.225000381469727,19.145000457763672,19.219999313354492,32541,0.0,0.0
2023-08-29 14:30:00-04:00,19.225000381469727,19.31999969482422,19.219999313354492,19.299999237060547,39658,0.0,0.0
2023-08-29 15:30:00-04:00,19.270000457763672,19.290000915527344,19.270000457763672,19.290000915527344,126407,0.0,0.0
2023-08-30 09:30:00-04:00,19.190000534057617,19.415000915527344,19.165000915527344,19.209999084472656,21549,0.0,0.0
2023-08-30 10:30:00-04:00,19.229999542236328,19.34000015258789,19.229999542236328,19.280000686645508,26325,0.0,0.0
2023-08-30 11:30:00-04:00,19.225000381469727,19.229999542236328,19.1299991607666,19.149999618530273,31371,0.0,0.0
2023-08-30 12:30:00-04:00,19.139999389648438,19.15999984741211,19.030000686645508,19.09000015258789,28183,0.0,0.0
2023-08-30 13:30:00-04:00,19.09000015258789,19.1299991607666,19.020000457763672,19.024999618530273,31676,0.0,0.0
2023-08-30 14:30:00-04:00,19.024999618530273,19.079999923706055,18.90999984741211,18.920000076293945,43020,0.0,0.0
2023-08-30 15:30:00-04:00,18.91010093688965,18.940000534057617,18.809999465942383,18.829999923706055,73445,0.0,0.0
2023-08-31 09:30:00-04:00,18.799999237060547,18.979999542236328,18.799999237060547,18.979999542236328,18610,0.0,0.0
2023-08-31 10:30:00-04:00,19.010000228881836,19.040000915527344,18.920000076293945,18.93000030517578,29401,0.0,0.0
2023-08-31 11:30:00-04:00,18.920000076293945,19.079999923706055,18.899999618530273,19.079999923706055,23028,0.0,0.0
2023-08-31 12:30:00-04:00,19.084999084472656,19.170000076293945,19.059999465942383,19.100000381469727,18977,0.0,0.0
2023-08-31 13:30:00-04:00,19.110000610351562,19.110000610351562,19.05500030517578,19.09000015258789,19112,0.0,0.0
2023-08-31 14:30:00-04:00,19.099000930786133,19.209999084472656,19.06999969482422,19.209999084472656,32745,0.0,0.0
2023-08-31 15:30:00-04:00,19.209999084472656,19.260000228881836,19.100000381469727,19.110000610351562,61153,0.0,0.0
2023-09-01 09:30:00-04:00,19.15999984741211,19.170000076293945,18.700000762939453,19.145000457763672,28602,0.0,0.0
2023-09-01 10:30:00-04:00,19.1299991607666,19.1299991607666,18.969999313354492,19.06999969482422,41370,0.0,0.0
2023-09-01 11:30:00-04:00,19.059999465942383,19.09000015258789,18.93000030517578,19.075000762939453,30521,0.0,0.0
2023-09-01 12:30:00-04:00,19.075000762939453,19.09000015258789,19.010000228881836,19.049999237060547,22023,0.0,0.0
2023-09-01 13:30:00-04:00,19.05500030517578,19.09000015258789,19.030000686645508,19.045000076293945,19984,0.0,0.0
2023-09-01 14:30:00-04:00,19.040000915527344,19.06999969482422,19.030000686645508,19.05500030517578,23006,0.0,0.0
2023-09-01 15:30:00-04:00,19.05500030517578,19.094999313354492,19.020000457763672,19.059999465942383,54231,0.0,0.0
2023-09-05 09:30:00-04:00,19.110000610351562,19.200000762939453,18.93000030517578,19.15999984741211,49955,0.0,0.0
2023-09-05 10:30:00-04:00,19.170000076293945,19.329999923706055,19.139999389648438,19.190000534057617,38714,0.0,0.0
2023-09-05 11:30:00-04:00,19.184999465942383,19.219999313354492,19.040000915527344,19.079999923706055,27249,0.0,0.0
2023-09-05 12:30:00-04:00,19.100000381469727,19.100000381469727,19.0,19.014999389648438,25348,0.0,0.0
2023-09-05 13:30:00-04:00,19.030000686645508,19.139999389648438,18.979999542236328,19.1299991607666,32265,0.0,0.0
2023-09-05 14:30:00-04:00,19.139999389648438,19.155000686645508,19.06130027770996,19.06130027770996,30430,0.0,0.0
2023-09-05 15:30:00-04:00,19.079999923706055,19.1299991607666,19.030000686645508,19.040000915527344,68922,0.0,0.0
2023-09-06 09:30:00-04:00,18.989999771118164,19.06999969482422,18.767799377441406,18.889999389648438,26516,0.0,0.0
2023-09-06 10:30:00-04:00,18.889999389648438,18.899999618530273,18.6299991607666,18.649999618530273,34684,0.0,0.0
2023-09-06 11:30:00-04:00,18.645000457763672,18.760000228881836,18.6299991607666,18.760000228881836,34007,0.0,0.0
2023-09-06 12:30:00-04:00,18.777000427246094,18.920000076293945,18.764999389648438,18.889999389648438,29431,0.0,0.0
2023-09-06 13:30:00-04:00,18.899999618530273,18.899999618530273,18.719999313354492,18.809999465942383,51597,0.0,0.0
2023-09-06 14:30:00-04:00,18.799999237060547,18.844999313354492,18.764999389648438,18.829999923706055,23198,0.0,0.0
2023-09-06 15:30:00-04:00,18.81999969482422,18.829999923706055,18.799999237060547,18.799999237060547,56340,0.0,0.0
2023-09-07 09:30:00-04:00,18.799999237060547,18.799999237060547,18.559999465942383,18.760000228881836,56178,0.0,0.0
2023-09-07 10:30:00-04:00,18.75,18.84000015258789,18.690000534057617,18.780000686645508,57863,0.0,0.0
2023-09-07 11:30:00-04:00,18.799999237060547,18.899999618530273,18.799999237060547,18.84000015258789,34600,0.0,0.0
2023-09-07 12:30:00-04:00,18.84000015258789,18.940000534057617,18.799999237060547,18.850000381469727,38904,0.0,0.0
2023-09-07 13:30:00-04:00,18.844999313354492,18.950000762939453,18.84000015258789,18.934999465942383,32812,0.0,0.0
2023-09-07 14:30:00-04:00,18.934999465942383,19.040000915527344,18.920000076293945,19.040000915527344,43241,0.0,0.0
2023-09-07 15:30:00-04:00,19.040000915527344,19.049999237060547,18.969999313354492,18.989999771118164,59960,0.0,0.0
2023-09-08 09:30:00-04:00,18.940000534057617,19.155399322509766,18.889999389648438,19.1299991607666,25342,0.0,0.0
2023-09-08 10:30:00-04:00,19.139999389648438,19.329999923706055,19.1299991607666,19.295000076293945,34978,0.0,0.0
2023-09-08 11:30:00-04:00,19.299999237060547,19.299999237060547,18.989999771118164,19.010000228881836,17891,0.0,0.0
2023-09-08 12:30:00-04:00,19.010000228881836,19.014999389648438,18.940000534057617,18.950000762939453,26557,0.0,0.0
2023-09-08 13:30:00-04:00,18.969999313354492,18.989999771118164,18.920000076293945,18.979999542236328,22390,0.0,0.0
2023-09-08 14:30:00-04:00,18.989999771118164,18.989999771118164,18.940000534057617,18.950000762939453,30037,0.0,0.0
2023-09-08 15:30:00-04:00,18.950000762939453,18.959999084472656,18.860000610351562,18.860000610351562,59003,0.0,0.0
2023-09-11 09:30:00-04:00,18.8700008392334,19.020000457763672,18.809999465942383,18.850000381469727,42399,0.0,0.0
2023-09-11 10:30:00-04:00,18.84000015258789,18.889999389648438,18.719999313354492,18.760000228881836,50382,0.0,0.0
2023-09-11 11:30:00-04:00,18.760000228881836,18.850000381469727,18.709999084472656,18.84000015258789,37228,0.0,0.0
2023-09-11 12:30:00-04:00,18.84000015258789,18.93000030517578,18.760000228881836,18.93000030517578,31561,0.0,0.0
2023-09-11 13:30:00-04:00,18.920000076293945,18.989999771118164,18.905000686645508,18.979999542236328,33748,0.0,0.0
2023-09-11 14:30:00-04:00,18.979999542236328,19.05500030517578,18.975000381469727,19.020000457763672,44560,0.0,0.0
2023-09-11 15:30:00-04:00,19.010000228881836,19.040000915527344,18.93000030517578,18.988000869750977,59188,0.0,0.0
2023-09-12 09:30:00-04:00,18.969999313354492,19.15999984741211,18.969999313354492,19.065000534057617,46720,0.0,0.0
2023-09-12 10:30:00-04:00,19.049999237060547,19.049999237060547,18.850000381469727,18.8700008392334,36552,0.0,0.0
2023-09-12 11:30:00-04:00,18.860000610351562,18.954999923706055,18.840099334716797,18.920000076293945,33103,0.0,0.0
2023-09-12 12:30:00-04:00,18.920000076293945,18.940000534057617,18.850000381469727,18.90999984741211,24188,0.0,0.0
2023-09-12 13:30:00-04:00,18.905000686645508,18.920000076293945,18.790000915527344,18.795000076293945,27480,0.0,0.0
2023-09-12 14:30:00-04:00,18.790000915527344,18.84000015258789,18.584999084472656,18.584999084472656,61501,0.0,0.0
2023-09-12 15:30:00-04:00,18.56999969482422,18.625,18.520000457763672,18.559999465942383,67855,0.0,0.0
2023-09-13 09:30:00-04:00,18.6200008392334,18.81999969482422,18.450000762939453,18.530000686645508,34875,0.0,0.0
2023-09-13 10:30:00-04:00,18.540000915527344,18.690000534057617,18.479999542236328,18.68000030517578,29307,0.0,0.0
2023-09-13 11:30:00-04:00,18.670000076293945,18.790000915527344,18.592100143432617,18.75,26113,0.0,0.0
2023-09-13 12:30:00-04:00,18.729999542236328,18.850000381469727,18.729999542236328,18.81999969482422,29064,0.0,0.0
2023-09-13 13:30:00-04:00,18.827999114990234,18.829999923706055,18.670000076293945,18.760000228881836,25549,0.0,0.0
2023-09-13 14:30:00-04:00,18.75,18.790000915527344,18.700000762939453,18.739999771118164,34457,0.0,0.0
2023-09-13 15:30:00-04:00,18.75,18.760000228881836,18.649999618530273,18.709999084472656,51261,0.0,0.0
2023-09-14 09:30:00-04:00,18.75,18.8799991607666,18.559999465942383,18.6299991607666,51870,0.0,0.0
2023-09-14 10:30:00-04:00,18.639999389648438,18.950000762939453,18.639999389648438,18.950000762939453,247467,0.0,0.0
2023-09-14 11:30:00-04:00,18.958799362182617,19.030000686645508,18.950000762939453,18.979999542236328,58255,0.0,0.0
2023-09-14 12:30:00-04:00,18.979999542236328,19.22450065612793,18.954999923706055,19.19409942626953,198603,0.0,0.0
2023-09-14 13:30:00-04:00,19.170000076293945,19.34000015258789,19.149999618530273,19.26129913330078,117294,0.0,0.0
2023-09-14 14:30:00-04:00,19.270000457763672,19.459999084472656,19.229999542236328,19.239999771118164,90383,0.0,0.0
2023-09-14 15:30:00-04:00,19.229999542236328,19.25,19.139999389648438,19.15999984741211,82670,0.0,0.0
2023-09-15 09:30:00-04:00,19.18000030517578,19.18000030517578,18.610000610351562,18.739999771118164,70624,0.0,0.0
2023-09-15 10:30:00-04:00,18.790000915527344,18.94499969482422,18.735000610351562,18.735000610351562,40016,0.0,0.0
2023-09-15 11:30:00-04:00,18.75,18.84000015258789,18.7450008392334,18.760000228881836,41675,0.0,0.0
2023-09-15 12:30:00-04:00,18.780000686645508,18.979999542236328,18.780000686645508,18.8700008392334,27255,0.0,0.0
2023-09-15 13:30:00-04:00,18.8700008392334,18.905000686645508,18.739999771118164,18.7450008392334,25371,0.0,0.0
2023-09-15 14:30:00-04:00,18.739999771118164,18.7450008392334,18.670000076293945,18.725000381469727,32752,0.0,0.0
2023-09-15 15:30:00-04:00,18.725000381469727,18.940000534057617,18.670000076293945,18.889999389648438,172659,0.0,0.0
2023-09-18 09:30:00-04:00,18.8799991607666,18.989999771118164,18.670000076293945,18.670000076293945,40213,0.0,0.0
2023-09-18 10:30:00-04:00,18.663700103759766,18.663700103759766,18.3700008392334,18.454999923706055,41552,0.0,0.0
2023-09-18 11:30:00-04:00,18.454999923706055,18.469999313354492,18.280000686645508,18.325000762939453,25578,0.0,0.0
2023-09-18 12:30:00-04:00,18.325000762939453,18.579999923706055,18.325000762939453,18.559999465942383,31027,0.0,0.0
2023-09-18 13:30:00-04:00,18.59000015258789,18.610000610351562,18.548200607299805,18.600000381469727,29651,0.0,0.0
2023-09-18 14:30:00-04:00,18.579999923706055,18.579999923706055,18.334999084472656,18.43000030517578,28275,0.0,0.0
2023-09-18 15:30:00-04:00,18.40999984741211,18.469999313354492,18.389999389648438,18.420000076293945,75620,0.0,0.0
2023-09-19 09:30:00-04:00,18.440000534057617,18.55500030517578,18.295000076293945,18.43000030517578,33235,0.0,0.0
2023-09-19 10:30:00-04:00,18.450000762939453,18.850000381469727,18.420000076293945,18.850000381469727,54150,0.0,0.0
2023-09-19 11:30:00-04:00,18.809999465942383,18.829999923706055,18.690000534057617,18.71500015258789,42174,0.0,0.0
2023-09-19 12:30:00-04:00,18.700000762939453,18.729999542236328,18.639999389648438,18.709999084472656,29527,0.0,0.0
2023-09-19 13:30:00-04:00,18.729999542236328,18.735000610351562,18.684999465942383,18.719999313354492,26342,0.0,0.0
2023-09-19 14:30:00-04:00,18.719999313354492,18.809999465942383,18.700000762939453,18.788000106811523,34546,0.0,0.0
2023-09-19 15:30:00-04:00,18.78499984741211,18.860000610351562,18.770000457763672,18.834999084472656,74245,0.0,0.0
2023-09-20 09:30:00-04:00,18.90999984741211,19.15999984741211,18.90999984741211,19.020000457763672,26289,0.0,0.0
2023-09-20 10:30:00-04:00,18.9950008392334,19.020000457763672,18.649999618530273,18.7549991607666,55605,0.0,0.0
2023-09-20 11:30:00-04:00,18.7549991607666,18.825000762939453,18.719999313354492,18.815000534057617,35778,0.0,0.0
2023-09-20 12:30:00-04:00,18.815000534057617,18.815000534057617,18.69499969482422,18.735000610351562,97052,0.0,0.0
2023-09-20 13:30:00-04:00,18.739999771118164,18.84000015258789,18.690000534057617,18.84000015258789,26685,0.0,0.0
2023-09-20 14:30:00-04:00,18.825000762939453,18.8799991607666,18.56999969482422,18.635000228881836,88942,0.0,0.0
2023-09-20 15:30:00-04:00,18.639999389648438,18.729999542236328,18.59000015258789,18.6299991607666,118930,0.0,0.0
2023-09-21 09:30:00-04:00,18.56999969482422,18.719999313354492,18.390100479125977,18.56999969482422,49284,0.0,0.0
2023-09-21 10:30:00-04:00,18.549999237060547,18.600000381469727,18.420000076293945,18.450000762939453,30035,0.0,0.0
2023-09-21 11:30:00-04:00,18.450000762939453,18.479999542236328,18.420000076293945,18.459999084472656,23976,0.0,0.0
2023-09-21 12:30:00-04:00,18.459999084472656,18.459999084472656,18.364999771118164,18.43000030517578,20483,0.0,0.0
2023-09-21 13:30:00-04:00,18.420000076293945,18.485000610351562,18.415000915527344,18.43000030517578,19992,0.0,0.0
2023-09-21 14:30:00-04:00,18.440000534057617,18.440000534057617,18.260000228881836,18.31999969482422,59130,0.0,0.0
2023-09-21 15:30:00-04:00,18.31999969482422,18.360000610351562,18.290000915527344,18.290000915527344,97651,0.0,0.0
2023-09-22 09:30:00-04:00,18.290000915527344,18.459999084472656,18.290000915527344,18.309999465942383,13228,0.0,0.0
2023-09-22 10:30:00-04:00,18.299999237060547,18.420000076293945,18.260000228881836,18.299999237060547,17981,0.0,0.0
2023-09-22 11:30:00-04:00,18.299999237060547,18.299999237060547,18.09000015258789,18.1200008392334,19261,0.0,0.0
2023-09-22 12:30:00-04:00,18.110000610351562,18.110000610351562,18.030000686645508,18.06999969482422,18466,0.0,0.0
2023-09-22 13:30:00-04:00,18.06999969482422,18.06999969482422,17.8799991607666,17.8799991607666,12232,0.0,0.0
2023-09-22 14:30:00-04:00,17.8799991607666,18.020000457763672,17.8700008392334,18.0,27095,0.0,0.0
2023-09-22 15:30:00-04:00,17.979999542236328,17.981000900268555,17.860000610351562,17.889999389648438,49484,0.0,0.0
2023-09-25 09:30:00-04:00,17.979999542236328,17.979999542236328,17.770000457763672,17.924999237060547,38389,0.0,0.0
2023-09-25 10:30:00-04:00,17.90999984741211,17.93000030517578,17.799999237060547,17.8799991607666,56254,0.0,0.0
2023-09-25 11:30:00-04:00,17.8700008392334,17.93000030517578,17.850000381469727,17.885000228881836,42730,0.0,0.0
2023-09-25 12:30:00-04:00,17.885000228881836,17.940000534057617,17.84000015258789,17.8700008392334,50750,0.0,0.0
2023-09-25 13:30:00-04:00,17.8700008392334,17.889999389648438,17.649999618530273,17.65999984741211,56994,0.0,0.0
2023-09-25 14:30:00-04:00,17.649999618530273,17.649999618530273,17.440000534057617,17.520000457763672,83084,0.0,0.0
2023-09-25 15:30:00-04:00,17.530000686645508,17.55500030517578,17.43000030517578,17.479999542236328,117516,0.0,0.0
2023-09-26 09:30:00-04:00,17.290000915527344,17.510000228881836,17.219999313354492,17.30500030517578,56331,0.0,0.0
2023-09-26 10:30:00-04:00,17.299999237060547,17.299999237060547,17.139999389648438,17.139999389648438,40520,0.0,0.0
2023-09-26 11:30:00-04:00,17.139999389648438,17.170000076293945,17.020000457763672,17.073699951171875,35374,0.0,0.0
2023-09-26 12:30:00-04:00,17.09000015258789,17.170000076293945,17.020000457763672,17.100000381469727,33070,0.0,0.0
2023-09-26 13:30:00-04:00,17.09000015258789,17.190000534057617,17.06999969482422,17.149999618530273,38946,0.0,0.0
2023-09-26 14:30:00-04:00,17.149999618530273,17.16900062561035,17.049999237060547,17.079999923706055,60448,0.0,0.0
2023-09-26 15:30:00-04:00,17.09000015258789,17.094999313354492,16.989999771118164,16.989999771118164,82859,0.0,0.0
2023-09-27 09:30:00-04:00,17.06999969482422,17.149999618530273,16.959999084472656,17.020000457763672,21044,0.0,0.0
2023-09-27 10:30:00-04:00,17.010000228881836,17.020000457763672,16.790000915527344,16.8700008392334,38483,0.0,0.0
2023-09-27 11:30:00-04:00,16.8700008392334,16.895000457763672,16.760000228881836,16.78499984741211,79206,0.0,0.0
2023-09-27 12:30:00-04:00,16.790000915527344,16.885000228881836,16.760000228881836,16.760000228881836,42010,0.0,0.0
2023-09-27 13:30:00-04:00,16.760000228881836,16.81999969482422,16.719999313354492,16.75,36016,0.0,0.0
2023-09-27 14:30:00-04:00,16.770000457763672,16.8799991607666,16.760000228881836,16.8799991607666,52358,0.0,0.0
2023-09-27 15:30:00-04:00,16.864999771118164,16.93000030517578,16.850000381469727,16.93000030517578,83971,0.0,0.0
2023-09-28 09:30:00-04:00,16.950000762939453,17.07990074157715,16.90999984741211,17.010000228881836,10709,0.0,0.0
2023-09-28 10:30:00-04:00,17.0,17.139999389648438,16.981000900268555,17.139999389648438,14662,0.0,0.0
2023-09-28 11:30:00-04:00,17.149999618530273,17.399999618530273,17.149999618530273,17.399999618530273,25892,0.0,0.0
2023-09-28 12:30:00-04:00,17.405000686645508,17.405000686645508,17.229999542236328,17.270000457763672,20240,0.0,0.0
2023-09-28 13:30:00-04:00,17.260000228881836,17.3799991607666,17.260000228881836,17.375,23732,0.0,0.0
2023-09-28 14:30:00-04:00,17.389999389648438,17.489999771118164,17.3799991607666,17.479999542236328,32252,0.0,0.0
2023-09-28 15:30:00-04:00,17.489999771118164,17.489999771118164,17.3700008392334,17.3700008392334,54072,0.0,0.0
2023-09-29 09:30:00-04:00,17.479999542236328,17.549999237060547,17.350000381469727,17.3799991607666,25040,0.0,0.0
2023-09-29 10:30:00-04:00,17.375,17.469999313354492,17.270000457763672,17.290000915527344,20915,0.0,0.0
2023-09-29 11:30:00-04:00,17.25,17.309999465942383,17.190000534057617,17.239999771118164,22059,0.0,0.0
2023-09-29 12:30:00-04:00,17.239999771118164,17.264999389648438,17.010000228881836,17.059999465942383,50759,0.0,0.0
2023-09-29 13:30:00-04:00,17.06999969482422,17.190000534057617,17.049999237060547,17.139999389648438,40534,0.0,0.0
2023-09-29 14:30:00-04:00,17.135000228881836,17.280000686645508,17.1299991607666,17.264999389648438,30852,0.0,0.0
2023-09-29 15:30:00-04:00,17.280000686645508,17.31999969482422,17.239999771118164,17.280000686645508,56889,0.0,0.0
2023-10-02 09:30:00-04:00,17.229999542236328,17.43000030517578,17.229999542236328,17.280000686645508,20886,0.0,0.0
2023-10-02 10:30:00-04:00,17.277999877929688,17.41629981994629,17.260000228881836,17.405000686645508,24121,0.0,0.0
2023-10-02 11:30:00-04:00,17.420000076293945,17.489999771118164,17.31999969482422,17.389999389648438,21169,0.0,0.0
2023-10-02 12:30:00-04:00,17.3799991607666,17.479999542236328,17.3700008392334,17.479999542236328,18970,0.0,0.0
2023-10-02 13:30:00-04:00,17.479999542236328,17.510000228881836,17.420000076293945,17.420000076293945,23854,0.0,0.0
2023-10-02 14:30:00-04:00,17.415000915527344,17.520000457763672,17.415000915527344,17.459999084472656,34341,0.0,0.0
2023-10-02 15:30:00-04:00,17.469999313354492,17.540000915527344,17.469999313354492,17.510000228881836,56938,0.0,0.0
2023-10-03 09:30:00-04:00,17.459999084472656,17.540000915527344,17.290000915527344,17.360000610351562,27399,0.0,0.0
2023-10-03 10:30:00-04:00,17.325000762939453,17.325000762939453,17.190000534057617,17.280000686645508,28251,0.0,0.0
2023-10-03 11:30:00-04:00,17.290000915527344,17.350000381469727,17.209999084472656,17.274999618530273,25091,0.0,0.0
2023-10-03 12:30:00-04:00,17.280000686645508,17.28660011291504,17.139999389648438,17.139999389648438,16143,0.0,0.0
2023-10-03 13:30:00-04:00,17.1299991607666,17.149999618530273,17.094999313354492,17.114999771118164,26360,0.0,0.0
2023-10-03 14:30:00-04:00,17.1200008392334,17.190000534057617,17.030000686645508,17.06999969482422,35817,0.0,0.0
2023-10-03 15:30:00-04:00,17.079999923706055,17.165000915527344,17.075000762939453,17.1299991607666,64114,0.0,0.0
2023-10-04 09:30:00-04:00,17.1299991607666,17.3799991607666,17.1299991607666,17.200000762939453,24797,0.0,0.0
2023-10-04 10:30:00-04:00,17.229999542236328,17.270000457763672,17.1299991607666,17.270000457763672,33056,0.0,0.0
2023-10-04 11:30:00-04:00,17.280000686645508,17.360000610351562,17.260000228881836,17.350000381469727,32377,0.0,0.0
2023-10-04 12:30:00-04:00,17.350000381469727,17.399999618530273,17.329999923706055,17.375,30064,0.0,0.0
2023-10-04 13:30:00-04:00,17.3700008392334,17.434999465942383,17.350000381469727,17.424999237060547,38791,0.0,0.0
2023-10-04 14:30:00-04:00,17.43000030517578,17.475000381469727,17.389999389648438,17.46500015258789,36704,0.0,0.0
2023-10-04 15:30:00-04:00,17.469999313354492,17.524999618530273,17.450000762939453,17.450000762939453,58618,0.0,0.0
2023-10-05 09:30:00-04:00,17.43000030517578,17.530000686645508,17.309999465942383,17.489999771118164,26658,0.0,0.0
2023-10-05 10:30:00-04:00,17.5,17.530000686645508,17.270000457763672,17.31999969482422,25644,0.0,0.0
2023-10-05 11:30:00-04:00,17.280000686645508,17.3799991607666,17.280000686645508,17.354999542236328,23269,0.0,0.0
2023-10-05 12:30:00-04:00,17.3700008392334,17.3700008392334,17.239999771118164,17.329999923706055,19475,0.0,0.0
2023-10-05 13:30:00-04:00,17.329999923706055,17.389999389648438,17.270000457763672,17.350000381469727,26685,0.0,0.0
2023-10-05 14:30:00-04:00,17.350000381469727,17.450000762939453,17.34000015258789,17.40999984741211,38776,0.0,0.0
2023-10-05 15:30:00-04:00,17.40999984741211,17.43000030517578,17.360000610351562,17.360000610351562,74242,0.0,0.0
2023-10-06 09:30:00-04:00,17.270000457763672,17.540000915527344,17.139999389648438,17.145000457763672,32665,0.0,0.0
2023-10-06 10:30:00-04:00,17.15999984741211,17.299999237060547,17.110000610351562,17.299999237060547,26171,0.0,0.0
2023-10-06 11:30:00-04:00,17.299999237060547,17.459999084472656,17.299999237060547,17.40999984741211,21767,0.0,0.0
2023-10-06 12:30:00-04:00,17.405000686645508,17.424999237060547,17.354999542236328,17.3799991607666,29679,0.0,0.0
2023-10-06 13:30:00-04:00,17.389999389648438,17.40999984741211,17.310100555419922,17.360000610351562,29004,0.0,0.0
2023-10-06 14:30:00-04:00,17.350000381469727,17.420499801635742,17.334999084472656,17.40999984741211,34535,0.0,0.0
2023-10-06 15:30:00-04:00,17.40999984741211,17.424999237060547,17.350000381469727,17.3799991607666,64410,0.0,0.0
2023-10-09 09:30:00-04:00,17.329999923706055,17.329999923706055,16.920000076293945,17.020000457763672,21984,0.0,0.0
2023-10-09 10:30:00-04:00,17.0,17.0,16.8700008392334,16.989999771118164,26682,0.0,0.0
2023-10-09 11:30:00-04:00,17.0,17.09000015258789,16.954999923706055,17.084999084472656,19012,0.0,0.0
2023-10-09 12:30:00-04:00,17.09000015258789,17.110000610351562,17.0,17.059999465942383,19996,0.0,0.0
2023-10-09 13:30:00-04:00,17.059999465942383,17.139999389648438,17.010000228881836,17.1299991607666,18671,0.0,0.0
2023-10-09 14:30:00-04:00,17.1200008392334,17.1299991607666,17.040000915527344,17.09000015258789,30698,0.0,0.0
2023-10-09 15:30:00-04:00,17.09000015258789,17.1200008392334,17.059999465942383,17.094999313354492,55105,0.0,0.0
2023-10-10 09:30:00-04:00,17.100000381469727,17.31999969482422,17.100000381469727,17.280000686645508,13855,0.0,0.0
2023-10-10 10:30:00-04:00,17.270000457763672,17.375,17.270000457763672,17.309999465942383,14667,0.0,0.0
2023-10-10 11:30:00-04:00,17.31999969482422,17.3700008392334,17.299999237060547,17.358999252319336,15830,0.0,0.0
2023-10-10 12:30:00-04:00,17.354999542236328,17.389999389648438,17.280000686645508,17.30500030517578,17403,0.0,0.0
2023-10-10 13:30:00-04:00,17.30500030517578,17.350000381469727,17.290000915527344,17.34000015258789,22409,0.0,0.0
2023-10-10 14:30:00-04:00,17.31999969482422,17.31999969482422,17.21500015258789,17.260000228881836,25747,0.0,0.0
2023-10-10 15:30:00-04:00,17.280000686645508,17.280000686645508,17.239999771118164,17.260000228881836,41076,0.0,0.0
2023-10-11 09:30:00-04:00,17.309999465942383,17.420000076293945,17.239999771118164,17.25,17202,0.0,0.0
2023-10-11 10:30:00-04:00,17.239999771118164,17.260000228881836,17.100000381469727,17.100000381469727,15993,0.0,0.0
2023-10-11 11:30:00-04:00,17.100000381469727,17.1200008392334,16.989999771118164,16.989999771118164,9219,0.0,0.0
2023-10-11 12:30:00-04:00,16.9950008392334,17.010000228881836,16.915000915527344,16.93000030517578,15926,0.0,0.0
2023-10-11 13:30:00-04:00,16.915000915527344,16.915000915527344,16.829999923706055,16.864999771118164,15763,0.0,0.0
2023-10-11 14:30:00-04:00,16.8700008392334,16.920000076293945,16.829999923706055,16.899999618530273,19331,0.0,0.0
2023-10-11 15:30:00-04:00,16.889999389648438,17.049999237060547,16.875,17.020000457763672,61179,0.0,0.0
2023-10-12 09:30:00-04:00,17.040000915527344,17.040000915527344,16.6299991607666,16.649999618530273,19735,0.0,0.0
2023-10-12 10:30:00-04:00,16.59000015258789,16.59000015258789,16.440000534057617,16.5,17965,0.0,0.0
2023-10-12 11:30:00-04:00,16.489999771118164,16.59000015258789,16.479999542236328,16.579999923706055,14936,0.0,0.0
2023-10-12 12:30:00-04:00,16.56999969482422,16.56999969482422,16.309999465942383,16.309999465942383,14721,0.0,0.0
2023-10-12 13:30:00-04:00,16.309999465942383,16.3700008392334,16.274999618530273,16.299999237060547,33700,0.0,0.0
2023-10-12 14:30:00-04:00,16.299999237060547,16.31999969482422,16.260000228881836,16.280000686645508,35789,0.0,0.0
2023-10-12 15:30:00-04:00,16.287500381469727,16.309999465942383,16.260000228881836,16.270000457763672,57799,0.0,0.0
2023-10-13 09:30:00-04:00,16.290000915527344,16.459999084472656,16.190000534057617,16.399999618530273,23275,0.0,0.0
2023-10-13 10:30:00-04:00,16.40999984741211,16.40999984741211,16.229999542236328,16.299999237060547,20909,0.0,0.0
2023-10-13 11:30:00-04:00,16.31999969482422,16.34000015258789,16.229999542236328,16.329999923706055,20913,0.0,0.0
2023-10-13 12:30:00-04:00,16.329999923706055,16.3700008392334,16.319000244140625,16.319000244140625,15315,0.0,0.0
2023-10-13 13:30:00-04:00,16.31999969482422,16.364999771118164,16.309999465942383,16.31999969482422,22597,0.0,0.0
2023-10-13 14:30:00-04:00,16.327999114990234,16.389999389648438,16.299999237060547,16.360000610351562,27807,0.0,0.0
2023-10-13 15:30:00-04:00,16.3700008392334,16.3799991607666,16.309999465942383,16.360000610351562,51693,0.0,0.0
2023-10-16 09:30:00-04:00,16.469999313354492,16.479999542236328,16.270000457763672,16.45800018310547,14874,0.0,0.0
2023-10-16 10:30:00-04:00,16.475000381469727,16.56999969482422,16.475000381469727,16.56999969482422,15927,0.0,0.0
2023-10-16 11:30:00-04:00,16.559999465942383,16.59000015258789,16.520000457763672,16.559999465942383,15750,0.0,0.0
2023-10-16 12:30:00-04:00,16.56999969482422,16.739999771118164,16.559999465942383,16.719999313354492,24236,0.0,0.0
2023-10-16 13:30:00-04:00,16.709999084472656,16.834999084472656,16.690000534057617,16.799999237060547,24803,0.0,0.0
2023-10-16 14:30:00-04:00,16.799999237060547,16.8700008392334,16.790000915527344,16.850000381469727,34918,0.0,0.0
2023-10-16 15:30:00-04:00,16.844999313354492,16.899999618530273,16.81999969482422,16.8799991607666,61357,0.0,0.0
2023-10-17 09:30:00-04:00,16.780000686645508,17.135000228881836,16.75,17.100000381469727,42315,0.0,0.0
2023-10-17 10:30:00-04:00,17.094999313354492,17.1200008392334,16.979999542236328,16.979999542236328,31707,0.0,0.0
2023-10-17 11:30:00-04:00,16.969999313354492,17.020000457763672,16.90999984741211,16.90999984741211,11779,0.0,0.0
2023-10-17 12:30:00-04:00,16.90999984741211,16.950000762939453,16.885000228881836,16.940000534057617,13752,0.0,0.0
2023-10-17 13:30:00-04:00,16.93000030517578,16.93000030517578,16.860000610351562,16.8700008392334,9375,0.0,0.0
2023-10-17 14:30:00-04:00,16.8700008392334,16.899999618530273,16.81999969482422,16.850000381469727,20605,0.0,0.0
2023-10-17 15:30:00-04:00,16.8700008392334,16.899999618530273,16.850000381469727,16.850000381469727,33606,0.0,0.0
2023-10-18 09:30:00-04:00,17.600000381469727,18.030000686645508,17.3700008392334,17.649999618530273,135382,0.0,0.0
2023-10-18 10:30:00-04:00,17.59000015258789,17.719999313354492,17.530000686645508,17.639999389648438,39982,0.0,0.0
2023-10-18 11:30:00-04:00,17.649999618530273,17.719999313354492,17.579999923706055,17.649900436401367,43565,0.0,0.0
2023-10-18 12:30:00-04:00,17.6200008392334,17.670000076293945,17.530000686645508,17.6200008392334,34212,0.0,0.0
2023-10-18 13:30:00-04:00,17.611000061035156,17.611000061035156,17.479999542236328,17.489999771118164,28168,0.0,0.0
2023-10-18 14:30:00-04:00,17.4950008392334,17.549999237060547,17.434999465942383,17.47100067138672,46841,0.0,0.0
2023-10-18 15:30:00-04:00,17.479999542236328,17.4950008392334,17.43000030517578,17.440000534057617,59428,0.0,0.0
2023-10-19 09:30:00-04:00,17.479999542236328,17.479999542236328,17.239999771118164,17.290000915527344,13905,0.0,0.0
2023-10-19 10:30:00-04:00,17.292999267578125,17.389999389648438,17.239999771118164,17.34000015258789,13985,0.0,0.0
2023-10-19 11:30:00-04:00,17.3700008392334,17.610000610351562,17.3700008392334,17.610000610351562,44129,0.0,0.0
2023-10-19 12:30:00-04:00,17.600000381469727,17.665000915527344,17.479999542236328,17.649999618530273,13692,0.0,0.0
2023-10-19 13:30:00-04:00,17.6200008392334,17.635000228881836,17.459999084472656,17.5216007232666,31571,0.0,0.0
2023-10-19 14:30:00-04:00,17.530000686645508,17.55500030517578,17.3700008392334,17.385000228881836,30138,0.0,0.0
2023-10-19 15:30:00-04:00,17.389999389648438,17.489999771118164,17.3700008392334,17.489999771118164,66394,0.0,0.0
2023-10-20 09:30:00-04:00,17.469999313354492,17.540000915527344,17.28499984741211,17.530000686645508,24912,0.0,0.0
2023-10-20 10:30:00-04:00,17.510000228881836,17.549999237060547,17.350000381469727,17.360000610351562,18709,0.0,0.0
2023-10-20 11:30:00-04:00,17.350000381469727,17.56999969482422,17.350000381469727,17.56999969482422,27144,0.0,0.0
2023-10-20 12:30:00-04:00,17.579999923706055,17.600000381469727,17.489999771118164,17.584999084472656,23037,0.0,0.0
2023-10-20 13:30:00-04:00,17.59000015258789,17.670000076293945,17.520000457763672,17.540000915527344,32036,0.0,0.0
2023-10-20 14:30:00-04:00,17.540000915527344,17.540000915527344,17.43000030517578,17.469999313354492,35103,0.0,0.0
2023-10-20 15:30:00-04:00,17.469999313354492,17.479999542236328,17.40999984741211,17.479999542236328,75888,0.0,0.0
2023-10-23 09:30:00-04:00,17.329999923706055,17.530000686645508,17.2549991607666,17.5,25145,0.0,0.0
2023-10-23 10:30:00-04:00,17.479999542236328,17.510000228881836,17.43000030517578,17.4950008392334,16418,0.0,0.0
2023-10-23 11:30:00-04:00,17.4950008392334,17.6200008392334,17.489999771118164,17.6200008392334,21799,0.0,0.0
2023-10-23 12:30:00-04:00,17.614999771118164,17.6299991607666,17.579999923706055,17.59000015258789,16136,0.0,0.0
2023-10-23 13:30:00-04:00,17.59000015258789,17.610000610351562,17.520000457763672,17.549999237060547,20552,0.0,0.0
2023-10-23 14:30:00-04:00,17.549999237060547,17.559999465942383,17.3700008392334,17.430999755859375,51110,0.0,0.0
2023-10-23 15:30:00-04:00,17.43000030517578,17.440000534057617,17.3700008392334,17.43000030517578,71052,0.0,0.0
2023-10-24 09:30:00-04:00,17.549999237060547,17.729999542236328,17.489999771118164,17.729999542236328,20979,0.0,0.0
2023-10-24 10:30:00-04:00,17.719999313354492,17.770000457763672,17.649999618530273,17.649999618530273,10622,0.0,0.0
2023-10-24 11:30:00-04:00,17.639999389648438,17.68000030517578,17.469999313354492,17.520000457763672,125207,0.0,0.0
2023-10-24 12:30:00-04:00,17.520000457763672,17.559999465942383,17.46500015258789,17.559999465942383,16756,0.0,0.0
2023-10-24 13:30:00-04:00,17.559999465942383,17.579999923706055,17.514999389648438,17.579999923706055,11402,0.0,0.0
2023-10-24 14:30:00-04:00,17.594999313354492,17.65999984741211,17.559999465942383,17.610000610351562,25581,0.0,0.0
2023-10-24 15:30:00-04:00,17.600000381469727,17.610000610351562,17.559999465942383,17.610000610351562,50334,0.0,0.0
2023-10-25 09:30:00-04:00,17.510000228881836,17.6200008392334,17.440000534057617,17.549999237060547,14477,0.0,0.0
2023-10-25 10:30:00-04:00,17.559999465942383,17.625,17.485000610351562,17.579999923706055,24251,0.0,0.0
2023-10-25 11:30:00-04:00,17.579999923706055,17.600000381469727,17.510000228881836,17.540000915527344,22384,0.0,0.0
2023-10-25 12:30:00-04:00,17.55500030517578,17.565000534057617,17.309999465942383,17.350000381469727,73560,0.0,0.0
2023-10-25 13:30:00-04:00,17.354999542236328,17.5,17.354999542236328,17.459999084472656,29110,0.0,0.0
2023-10-25 14:30:00-04:00,17.46500015258789,17.520000457763672,17.450000762939453,17.5,36035,0.0,0.0
2023-10-25 15:30:00-04:00,17.5049991607666,17.525800704956055,17.459999084472656,17.5,118552,0.0,0.0
2023-10-26 09:30:00-04:00,17.5,17.610000610351562,17.360000610351562,17.524999618530273,34069,0.0,0.0
2023-10-26 10:30:00-04:00,17.520000457763672,17.614999771118164,17.43000030517578,17.440000534057617,28844,0.0,0.0
2023-10-26 11:30:00-04:00,17.424999237060547,17.424999237060547,17.15999984741211,17.18000030517578,34233,0.0,0.0
2023-10-26 12:30:00-04:00,17.190000534057617,17.219999313354492,17.100000381469727,17.190000534057617,32313,0.0,0.0
2023-10-26 13:30:00-04:00,17.18000030517578,17.219999313354492,17.155000686645508,17.18199920654297,24324,0.0,0.0
2023-10-26 14:30:00-04:00,17.190000534057617,17.270000457763672,17.165000915527344,17.19499969482422,51350,0.0,0.0
2023-10-26 15:30:00-04:00,17.190000534057617,17.19499969482422,17.0,17.049999237060547,100106,0.0,0.0
2023-10-27 09:30:00-04:00,17.06999969482422,17.125,16.809999465942383,16.909900665283203,30119,0.0,0.0
2023-10-27 10:30:00-04:00,16.93000030517578,17.170000076293945,16.899999618530273,17.100000381469727,21973,0.0,0.0
2023-10-27 11:30:00-04:00,17.059999465942383,17.079999923706055,16.93000030517578,16.959999084472656,9476,0.0,0.0
2023-10-27 12:30:00-04:00,16.969999313354492,17.010000228881836,16.770000457763672,16.799999237060547,13519,0.0,0.0
2023-10-27 13:30:00-04:00,16.790000915527344,16.860000610351562,16.780000686645508,16.780000686645508,18831,0.0,0.0
2023-10-27 14:30:00-04:00,16.780000686645508,16.809999465942383,16.729999542236328,16.729999542236328,29589,0.0,0.0
2023-10-27 15:30:00-04:00,16.729999542236328,16.75,16.69499969482422,16.729999542236328,55418,0.0,0.0
2023-10-30 09:30:00-04:00,16.829999923706055,17.020000457763672,16.829999923706055,16.864500045776367,14628,0.0,0.0
2023-10-30 10:30:00-04:00,16.850000381469727,16.889999389648438,16.75,16.84000015258789,12691,0.0,0.0
2023-10-30 11:30:00-04:00,16.8700008392334,16.940000534057617,16.86199951171875,16.90999984741211,9417,0.0,0.0
2023-10-30 12:30:00-04:00,16.90999984741211,16.959999084472656,16.84000015258789,16.950000762939453,11558,0.0,0.0
2023-10-30 13:30:00-04:00,16.959999084472656,17.100000381469727,16.954999923706055,17.09000015258789,13888,0.0,0.0
2023-10-30 14:30:00-04:00,17.09000015258789,17.1299991607666,17.020000457763672,17.06999969482422,27189,0.0,0.0
2023-10-30 15:30:00-04:00,17.059999465942383,17.08799934387207,17.010000228881836,17.040000915527344,46958,0.0,0.0
2023-10-31 09:30:00-04:00,17.0,17.09000015258789,16.81999969482422,17.010000228881836,15803,0.0,0.0
2023-10-31 10:30:00-04:00,17.011999130249023,17.030000686645508,16.889999389648438,16.889999389648438,21691,0.0,0.0
2023-10-31 11:30:00-04:00,16.90999984741211,16.93000030517578,16.825000762939453,16.84000015258789,14109,0.0,0.0
2023-10-31 12:30:00-04:00,16.84000015258789,16.905000686645508,16.799999237060547,16.8799991607666,16035,0.0,0.0
2023-10-31 13:30:00-04:00,16.8799991607666,16.905000686645508,16.829999923706055,16.84000015258789,16439,0.0,0.0
2023-10-31 14:30:00-04:00,16.825000762939453,16.90999984741211,16.690000534057617,16.690000534057617,57135,0.0,0.0
2023-10-31 15:30:00-04:00,16.68000030517578,16.729999542236328,16.65999984741211,16.719999313354492,96118,0.0,0.0
2023-11-01 09:30:00-04:00,16.989999771118164,17.969999313354492,16.850000381469727,17.709999084472656,88236,0.0,0.0
2023-11-01 10:30:00-04:00,17.709999084472656,17.709999084472656,16.649999618530273,17.204999923706055,194385,0.0,0.0
2023-11-01 11:30:00-04:00,17.239999771118164,17.549999237060547,17.239999771118164,17.395000457763672,79293,0.0,0.0
2023-11-01 12:30:00-04:00,17.40999984741211,17.56999969482422,17.350000381469727,17.420000076293945,51041,0.0,0.0
2023-11-01 13:30:00-04:00,17.437999725341797,17.502500534057617,17.3700008392334,17.469999313354492,82330,0.0,0.0
2023-11-01 14:30:00-04:00,17.459999084472656,17.5,17.010000228881836,17.010000228881836,131930,0.0,0.0
2023-11-01 15:30:00-04:00,17.014999389648438,17.200000762939453,17.0,17.15999984741211,157058,0.0,0.0
2023-11-02 09:30:00-04:00,17.219999313354492,17.219999313354492,16.59000015258789,16.829999923706055,55806,0.0,0.0
2023-11-02 10:30:00-04:00,16.790000915527344,16.93000030517578,16.764999389648438,16.920000076293945,54608,0.0,0.0
2023-11-02 11:30:00-04:00,16.93000030517578,17.1299991607666,16.90999984741211,16.90999984741211,36952,0.0,0.0
2023-11-02 12:30:00-04:00,16.899999618530273,16.979999542236328,16.875,16.959999084472656,31905,0.0,0.0
2023-11-02 13:30:00-04:00,16.969999313354492,16.969999313354492,16.524999618530273,16.540000915527344,43006,0.0,0.0
2023-11-02 14:30:00-04:00,16.540000915527344,16.639999389648438,16.510000228881836,16.610000610351562,53049,0.0,0.0
2023-11-02 15:30:00-04:00,16.600000381469727,16.68000030517578,16.56999969482422,16.68000030517578,77681,0.0,0.0
2023-11-03 09:30:00-04:00,16.940000534057617,17.030000686645508,16.65999984741211,16.8700008392334,33368,0.0,0.0
2023-11-03 10:30:00-04:00,16.874000549316406,16.905000686645508,16.739999771118164,16.809999465942383,93519,0.0,0.0
2023-11-03 11:30:00-04:00,16.829999923706055,17.15999984741211,16.81999969482422,16.8700008392334,54334,0.0,0.0
2023-11-03 12:30:00-04:00,16.8700008392334,16.90999984741211,16.799999237060547,16.799999237060547,23973,0.0,0.0
2023-11-03 13:30:00-04:00,16.809999465942383,16.899999618530273,16.799999237060547,16.899999618530273,68353,0.0,0.0
2023-11-03 14:30:00-04:00,16.895000457763672,17.079999923706055,16.81999969482422,17.06999969482422,82125,0.0,0.0
2023-11-03 15:30:00-04:00,17.059999465942383,17.219999313354492,17.059999465942383,17.200000762939453,151574,0.0,0.0
2023-11-06 09:30:00-05:00,17.219999313354492,17.270099639892578,16.770000457763672,16.770000457763672,18456,0.0,0.0
2023-11-06 10:30:00-05:00,16.790000915527344,16.940000534057617,16.784000396728516,16.860000610351562,22797,0.0,0.0
2023-11-06 11:30:00-05:00,16.850000381469727,16.8799991607666,16.84000015258789,16.8700008392334,18490,0.0,0.0
2023-11-06 12:30:00-05:00,16.8799991607666,16.969999313354492,16.8799991607666,16.96500015258789,26923,0.0,0.0
2023-11-06 13:30:00-05:00,16.987499237060547,17.059999465942383,16.959999084472656,16.959999084472656,23757,0.0,0.0
2023-11-06 14:30:00-05:00,16.959999084472656,17.040000915527344,16.959999084472656,16.989999771118164,29434,0.0,0.0
2023-11-06 15:30:00-05:00,16.989999771118164,16.989999771118164,16.899999618530273,16.90999984741211,57718,0.0,0.0
2023-11-07 09:30:00-05:00,16.790000915527344,16.940000534057617,16.760000228881836,16.829999923706055,27478,0.0,0.0
2023-11-07 10:30:00-05:00,16.82900047302246,16.950000762939453,16.81999969482422,16.905000686645508,20518,0.0,0.0
2023-11-07 11:30:00-05:00,16.920000076293945,16.920000076293945,16.809999465942383,16.850000381469727,14557,0.0,0.0
2023-11-07 12:30:00-05:00,16.850000381469727,16.860000610351562,16.809999465942383,16.84000015258789,18991,0.0,0.0
2023-11-07 13:30:00-05:00,16.84000015258789,16.84000015258789,16.790000915527344,16.790000915527344,16208,0.0,0.0
2023-11-07 14:30:00-05:00,16.790000915527344,16.799999237060547,16.719999313354492,16.780000686645508,21342,0.0,0.0
2023-11-07 15:30:00-05:00,16.774999618530273,16.81999969482422,16.75,16.799999237060547,38199,0.0,0.0
2023-11-08 09:30:00-05:00,16.850000381469727,16.860000610351562,16.719999313354492,16.780000686645508,16399,0.0,0.0
2023-11-08 10:30:00-05:00,16.770000457763672,16.770000457763672,16.690000534057617,16.760000228881836,17110,0.0,0.0
2023-11-08 11:30:00-05:00,16.760000228881836,16.889999389648438,16.75,16.829999923706055,21748,0.0,0.0
2023-11-08 12:30:00-05:00,16.81999969482422,16.885000228881836,16.81999969482422,16.885000228881836,11198,0.0,0.0
2023-11-08 13:30:00-05:00,16.889999389648438,16.889999389648438,16.860000610351562,16.8700008392334,9520,0.0,0.0
2023-11-08 14:30:00-05:00,16.8700008392334,16.90999984741211,16.84000015258789,16.899999618530273,34337,0.0,0.0
2023-11-08 15:30:00-05:00,16.8799991607666,16.920000076293945,16.8700008392334,16.90999984741211,33749,0.0,0.0
2023-11-09 09:30:00-05:00,16.969999313354492,16.969999313354492,16.81999969482422,16.829999923706055,12038,0.0,0.0
2023-11-09 10:30:00-05:00,16.82900047302246,16.850000381469727,16.780000686645508,16.844999313354492,9410,0.0,0.0
2023-11-09 11:30:00-05:00,16.844999313354492,17.049999237060547,16.829999923706055,16.90999984741211,27288,0.0,0.0
2023-11-09 12:30:00-05:00,16.899999618530273,17.329999923706055,16.899999618530273,17.040000915527344,117602,0.0,0.0
2023-11-09 13:30:00-05:00,17.014999389648438,17.014999389648438,16.850000381469727,16.8700008392334,17351,0.0,0.0
2023-11-09 14:30:00-05:00,16.8799991607666,16.8799991607666,16.760000228881836,16.790000915527344,25145,0.0,0.0
2023-11-09 15:30:00-05:00,16.790000915527344,16.790000915527344,16.690000534057617,16.700000762939453,59234,0.0,0.0
2023-11-10 09:30:00-05:00,16.690000534057617,16.763999938964844,16.59000015258789,16.6299991607666,12076,0.0,0.0
2023-11-10 10:30:00-05:00,16.6200008392334,16.729999542236328,16.6200008392334,16.69499969482422,9898,0.0,0.0
2023-11-10 11:30:00-05:00,16.69499969482422,16.729999542236328,16.65999984741211,16.729999542236328,14292,0.0,0.0
2023-11-10 12:30:00-05:00,16.738500595092773,16.850000381469727,16.729999542236328,16.850000381469727,14061,0.0,0.0
2023-11-10 13:30:00-05:00,16.850000381469727,16.860000610351562,16.780000686645508,16.860000610351562,10418,0.0,0.0
2023-11-10 14:30:00-05:00,16.8700008392334,16.889999389648438,16.84000015258789,16.889999389648438,9653,0.0,0.0
2023-11-10 15:30:00-05:00,16.899999618530273,16.93000030517578,16.8799991607666,16.920000076293945,35027,0.0,0.0
2023-11-13 09:30:00-05:00,16.899999618530273,16.969999313354492,16.75,16.93000030517578,9083,0.0,0.0
2023-11-13 10:30:00-05:00,16.969999313354492,17.0,16.8700008392334,16.90999984741211,8135,0.0,0.0
2023-11-13 11:30:00-05:00,16.957700729370117,17.100000381469727,16.934999465942383,17.020000457763672,25761,0.0,0.0
2023-11-13 12:30:00-05:00,17.0044002532959,17.139999389648438,16.989999771118164,17.09000015258789,14251,0.0,0.0
2023-11-13 13:30:00-05:00,17.06999969482422,17.219999313354492,17.06999969482422,17.200000762939453,15917,0.0,0.0
2023-11-13 14:30:00-05:00,17.200000762939453,17.2450008392334,17.170000076293945,17.190000534057617,14591,0.0,0.0
2023-11-13 15:30:00-05:00,17.190000534057617,17.25,17.15999984741211,17.200000762939453,53561,0.0,0.0
2023-11-14 09:30:00-05:00,17.579999923706055,18.03499984741211,17.3799991607666,18.0049991607666,30299,0.0,0.0
2023-11-14 10:30:00-05:00,18.0,18.209999084472656,17.959999084472656,18.209999084472656,23364,0.0,0.0
2023-11-14 11:30:00-05:00,18.190000534057617,18.200000762939453,17.96500015258789,17.979999542236328,22434,0.0,0.0
2023-11-14 12:30:00-05:00,17.979999542236328,18.1200008392334,17.979999542236328,18.113399505615234,16315,0.0,0.0
2023-11-14 13:30:00-05:00,18.1200008392334,18.1299991607666,17.9950008392334,18.06999969482422,14303,0.0,0.0
2023-11-14 14:30:00-05:00,18.09000015258789,18.219999313354492,18.06999969482422,18.219999313354492,21142,0.0,0.0
2023-11-14 15:30:00-05:00,18.219999313354492,18.239999771118164,18.170000076293945,18.190000534057617,44516,0.0,0.0
2023-11-15 09:30:00-05:00,18.190000534057617,18.309999465942383,18.149999618530273,18.290000915527344,15919,0.0,0.0
2023-11-15 10:30:00-05:00,18.280000686645508,18.3799991607666,18.280000686645508,18.295000076293945,17260,0.0,0.0
2023-11-15 11:30:00-05:00,18.290000915527344,18.309999465942383,18.1299991607666,18.170000076293945,38491,0.0,0.0
2023-11-15 12:30:00-05:00,18.170000076293945,18.190000534057617,18.100000381469727,18.120100021362305,15437,0.0,0.0
2023-11-15 13:30:00-05:00,18.139999389648438,18.209999084472656,18.104999542236328,18.149999618530273,13007,0.0,0.0
2023-11-15 14:30:00-05:00,18.135000228881836,18.170000076293945,18.125,18.139999389648438,22019,0.0,0.0
2023-11-15 15:30:00-05:00,18.145000457763672,18.18000030517578,18.030000686645508,18.049999237060547,57860,0.0,0.0
2023-11-16 09:30:00-05:00,18.170000076293945,18.204999923706055,18.0,18.0,17133,0.0,0.0
2023-11-16 10:30:00-05:00,18.010000228881836,18.045000076293945,17.90559959411621,17.90559959411621,19805,0.0,0.0
2023-11-16 11:30:00-05:00,17.899999618530273,18.030000686645508,17.8700008392334,18.020000457763672,15565,0.0,0.0
2023-11-16 12:30:00-05:00,18.010000228881836,18.014999389648438,17.809999465942383,17.809999465942383,27770,0.0,0.0
2023-11-16 13:30:00-05:00,17.770000457763672,17.780000686645508,17.709999084472656,17.75,16046,0.0,0.0
2023-11-16 14:30:00-05:00,17.7549991607666,17.859600067138672,17.7549991607666,17.825000762939453,18292,0.0,0.0
2023-11-16 15:30:00-05:00,17.81999969482422,17.81999969482422,17.600000381469727,17.639999389648438,69784,0.0,0.0
2023-11-17 09:30:00-05:00,17.729999542236328,17.899999618530273,17.582500457763672,17.899999618530273,25282,0.0,0.0
2023-11-17 10:30:00-05:00,17.860000610351562,17.969999313354492,17.790000915527344,17.81999969482422,13489,0.0,0.0
2023-11-17 11:30:00-05:00,17.770000457763672,17.860000610351562,17.75079917907715,17.78499984741211,8219,0.0,0.0
2023-11-17 12:30:00-05:00,17.795000076293945,17.850000381469727,17.7450008392334,17.799999237060547,50554,0.0,0.0
2023-11-17 13:30:00-05:00,17.790000915527344,17.940000534057617,17.790000915527344,17.940000534057617,14581,0.0,0.0
2023-11-17 14:30:00-05:00,17.93000030517578,17.94219970703125,17.84000015258789,17.905000686645508,20188,0.0,0.0
2023-11-17 15:30:00-05:00,17.90999984741211,17.920000076293945,17.8700008392334,17.8799991607666,33493,0.0,0.0
2023-11-20 09:30:00-05:00,17.940000534057617,18.049999237060547,17.850000381469727,17.9950008392334,23769,0.0,0.0
2023-11-20 10:30:00-05:00,17.969999313354492,17.969999313354492,17.829999923706055,17.889999389648438,23918,0.0,0.0
2023-11-20 11:30:00-05:00,17.889999389648438,17.93000030517578,17.790000915527344,17.90999984741211,20915,0.0,0.0
2023-11-20 12:30:00-05:00,17.940000534057617,17.940000534057617,17.780000686645508,17.829999923706055,29422,0.0,0.0
2023-11-20 13:30:00-05:00,17.84000015258789,17.860000610351562,17.670000076293945,17.690000534057617,30752,0.0,0.0
2023-11-20 14:30:00-05:00,17.700000762939453,17.770000457763672,17.690000534057617,17.719999313354492,31890,0.0,0.0
2023-11-20 15:30:00-05:00,17.719999313354492,17.850000381469727,17.719999313354492,17.850000381469727,49355,0.0,0.0
2023-11-21 09:30:00-05:00,17.719999313354492,17.860000610351562,17.690000534057617,17.690000534057617,14100,0.0,0.0
2023-11-21 10:30:00-05:00,17.729999542236328,17.834999084472656,17.670000076293945,17.69499969482422,13522,0.0,0.0
2023-11-21 11:30:00-05:00,17.690000534057617,17.7450008392334,17.624900817871094,17.69499969482422,17814,0.0,0.0
2023-11-21 12:30:00-05:00,17.700000762939453,17.739999771118164,17.6299991607666,17.645000457763672,15336,0.0,0.0
2023-11-21 13:30:00-05:00,17.649999618530273,17.770000457763672,17.649999618530273,17.770000457763672,15792,0.0,0.0
2023-11-21 14:30:00-05:00,17.75,17.81999969482422,17.729999542236328,17.760000228881836,17118,0.0,0.0
2023-11-21 15:30:00-05:00,17.760000228881836,17.760000228881836,17.65999984741211,17.68000030517578,34743,0.0,0.0
2023-11-22 09:30:00-05:00,17.829999923706055,18.040000915527344,17.770000457763672,17.81999969482422,17674,0.0,0.0
2023-11-22 10:30:00-05:00,17.84000015258789,17.8799991607666,17.75,17.8700008392334,20456,0.0,0.0
2023-11-22 11:30:00-05:00,17.860000610351562,17.924999237060547,17.790000915527344,17.850000381469727,28025,0.0,0.0
2023-11-22 12:30:00-05:00,17.8700008392334,17.90999984741211,17.850000381469727,17.90999984741211,12357,0.0,0.0
2023-11-22 13:30:00-05:00,17.920000076293945,17.920000076293945,17.815000534057617,17.829999923706055,22968,0.0,0.0
2023-11-22 14:30:00-05:00,17.829999923706055,17.889999389648438,17.75,17.8799991607666,27000,0.0,0.0
2023-11-22 15:30:00-05:00,17.8700008392334,17.8700008392334,17.75,17.770000457763672,39447,0.0,0.0
2023-11-24 09:30:00-05:00,17.809999465942383,17.829999923706055,17.6200008392334,17.639999389648438,24381,0.0,0.0
2023-11-24 10:30:00-05:00,17.649999618530273,17.709999084472656,17.600000381469727,17.6299991607666,28187,0.0,0.0
2023-11-24 11:30:00-05:00,17.6299991607666,17.80500030517578,17.59000015258789,17.709999084472656,29618,0.0,0.0
2023-11-27 09:30:00-05:00,17.760000228881836,18.0,17.709999084472656,17.860000610351562,19082,0.0,0.0
2023-11-27 10:30:00-05:00,17.875,17.940000534057617,17.809999465942383,17.940000534057617,33694,0.0,0.0
2023-11-27 11:30:00-05:00,17.969999313354492,18.094999313354492,17.954999923706055,18.084999084472656,19484,0.0,0.0
2023-11-27 12:30:00-05:00,18.09000015258789,18.290000915527344,18.09000015258789,18.270000457763672,17412,0.0,0.0
2023-11-27 13:30:00-05:00,18.270000457763672,18.325000762939453,18.204999923706055,18.31999969482422,21611,0.0,0.0
2023-11-27 14:30:00-05:00,18.329999923706055,18.440000534057617,18.309999465942383,18.420000076293945,30178,0.0,0.0
2023-11-27 15:30:00-05:00,18.43000030517578,18.43000030517578,18.235000610351562,18.309999465942383,58395,0.0,0.0
2023-11-28 09:30:00-05:00,18.34000015258789,18.37820053100586,18.114999771118164,18.360000610351562,28109,0.0,0.0
2023-11-28 10:30:00-05:00,18.3700008392334,18.450000762939453,18.299999237060547,18.34000015258789,38788,0.0,0.0
2023-11-28 11:30:00-05:00,18.350000381469727,18.489999771118164,18.344999313354492,18.399999618530273,45967,0.0,0.0
2023-11-28 12:30:00-05:00,18.389999389648438,18.579999923706055,18.3700008392334,18.458999633789062,36688,0.0,0.0
2023-11-28 13:30:00-05:00,18.469999313354492,18.56999969482422,18.469999313354492,18.549999237060547,39269,0.0,0.0
2023-11-28 14:30:00-05:00,18.559999465942383,18.59000015258789,18.415000915527344,18.4950008392334,50739,0.0,0.0
2023-11-28 15:30:00-05:00,18.510000228881836,18.510000228881836,18.329999923706055,18.360000610351562,74849,0.0,0.0
2023-11-29 09:30:00-05:00,18.510000228881836,18.59000015258789,18.280000686645508,18.34000015258789,83004,0.0,0.0
2023-11-29 10:30:00-05:00,18.34000015258789,18.34000015258789,17.989999771118164,18.020000457763672,68139,0.0,0.0
2023-11-29 11:30:00-05:00,18.011999130249023,18.139999389648438,17.989999771118164,18.059999465942383,26454,0.0,0.0
2023-11-29 12:30:00-05:00,18.06999969482422,18.06999969482422,17.889999389648438,17.889999389648438,12791,0.0,0.0
2023-11-29 13:30:00-05:00,17.889999389648438,18.190000534057617,17.8799991607666,18.139999389648438,24077,0.0,0.0
2023-11-29 14:30:00-05:00,18.135000228881836,18.18000030517578,18.094999313354492,18.1200008392334,31140,0.0,0.0
2023-11-29 15:30:00-05:00,18.1200008392334,18.149999618530273,18.059999465942383,18.09000015258789,64052,0.0,0.0
2023-11-30 09:30:00-05:00,18.079999923706055,18.170000076293945,17.790000915527344,17.799999237060547,17275,0.0,0.0
2023-11-30 10:30:00-05:00,17.799999237060547,18.06999969482422,17.700000762939453,17.989999771118164,32999,0.0,0.0
2023-11-30 11:30:00-05:00,18.0,18.09000015258789,17.93000030517578,18.079999923706055,22742,0.0,0.0
2023-11-30 12:30:00-05:00,18.06999969482422,18.174999237060547,18.010000228881836,18.125,43357,0.0,0.0
2023-11-30 13:30:00-05:00,18.110000610351562,18.170000076293945,18.05500030517578,18.170000076293945,24596,0.0,0.0
2023-11-30 14:30:00-05:00,18.15999984741211,18.29990005493164,17.979999542236328,17.9950008392334,55466,0.0,0.0
2023-11-30 15:30:00-05:00,17.989999771118164,18.139999389648438,17.989999771118164,18.09000015258789,66192,0.0,0.0
2023-12-01 09:30:00-05:00,18.0,18.260000228881836,17.979999542236328,18.229999542236328,15636,0.0,0.0
2023-12-01 10:30:00-05:00,18.219999313354492,18.469999313354492,18.200000762939453,18.399999618530273,41835,0.0,0.0
2023-12-01 11:30:00-05:00,18.3799991607666,18.540000915527344,18.350000381469727,18.530000686645508,33812,0.0,0.0
2023-12-01 12:30:00-05:00,18.520000457763672,18.610000610351562,18.5,18.575000762939453,28981,0.0,0.0
2023-12-01 13:30:00-05:00,18.57939910888672,18.610000610351562,18.479999542236328,18.610000610351562,33493,0.0,0.0
2023-12-01 14:30:00-05:00,18.6200008392334,18.719999313354492,18.58009910583496,18.709999084472656,64093,0.0,0.0
2023-12-01 15:30:00-05:00,18.719999313354492,18.790000915527344,18.65999984741211,18.75,71753,0.0,0.0
2023-12-04 09:30:00-05:00,18.690000534057617,18.93000030517578,18.690000534057617,18.815000534057617,28312,0.0,0.0
2023-12-04 10:30:00-05:00,18.829999923706055,18.850000381469727,18.75,18.760000228881836,28597,0.0,0.0
2023-12-04 11:30:00-05:00,18.7549991607666,18.799999237060547,18.690000534057617,18.700000762939453,18463,0.0,0.0
2023-12-04 12:30:00-05:00,18.690000534057617,18.709999084472656,18.50200080871582,18.50200080871582,26827,0.0,0.0
2023-12-04 13:30:00-05:00,18.510000228881836,18.510000228881836,18.3799991607666,18.385000228881836,25385,0.0,0.0
2023-12-04 14:30:00-05:00,18.385000228881836,18.420000076293945,18.31999969482422,18.329999923706055,31448,0.0,0.0
2023-12-04 15:30:00-05:00,18.31999969482422,18.579999923706055,18.309999465942383,18.579999923706055,146449,0.0,0.0
2023-12-05 09:30:00-05:00,18.649999618530273,18.729999542236328,18.489999771118164,18.520000457763672,52341,0.0,0.0
2023-12-05 10:30:00-05:00,18.511999130249023,18.511999130249023,18.399999618530273,18.469999313354492,32555,0.0,0.0
2023-12-05 11:30:00-05:00,18.469999313354492,18.530000686645508,18.44499969482422,18.475000381469727,21262,0.0,0.0
2023-12-05 12:30:00-05:00,18.479999542236328,18.55500030517578,18.479999542236328,18.510000228881836,35293,0.0,0.0
2023-12-05 13:30:00-05:00,18.5,18.5,18.3799991607666,18.389999389648438,21968,0.0,0.0
2023-12-05 14:30:00-05:00,18.3799991607666,18.469999313354492,18.3700008392334,18.440000534057617,37206,0.0,0.0
2023-12-05 15:30:00-05:00,18.440000534057617,18.479999542236328,18.40999984741211,18.469999313354492,90327,0.0,0.0
2023-12-06 09:30:00-05:00,18.610000610351562,18.850000381469727,18.610000610351562,18.75,39203,0.0,0.0
2023-12-06 10:30:00-05:00,18.760000228881836,18.760000228881836,18.610000610351562,18.610000610351562,29759,0.0,0.0
2023-12-06 11:30:00-05:00,18.59000015258789,18.719999313354492,18.559999465942383,18.670000076293945,19024,0.0,0.0
2023-12-06 12:30:00-05:00,18.649999618530273,18.684999465942383,18.56999969482422,18.610000610351562,27954,0.0,0.0
2023-12-06 13:30:00-05:00,18.6299991607666,18.65999984741211,18.6200008392334,18.6299991607666,18409,0.0,0.0
2023-12-06 14:30:00-05:00,18.639999389648438,18.709999084472656,18.625,18.700000762939453,28984,0.0,0.0
2023-12-06 15:30:00-05:00,18.700000762939453,18.782499313354492,18.670000076293945,18.701000213623047,150481,0.0,0.0
2023-12-07 09:30:00-05:00,18.790000915527344,18.790000915527344,18.549999237060547,18.649999618530273,29011,0.0,0.0
2023-12-07 10:30:00-05:00,18.649999618530273,18.649999618530273,18.559999465942383,18.610000610351562,31511,0.0,0.0
2023-12-07 11:30:00-05:00,18.610000610351562,18.719999313354492,18.549999237060547,18.719999313354492,36860,0.0,0.0
2023-12-07 12:30:00-05:00,18.780000686645508,18.969999313354492,18.770000457763672,18.950000762939453,46286,0.0,0.0
2023-12-07 13:30:00-05:00,18.954999923706055,18.988000869750977,18.881000518798828,18.920000076293945,29334,0.0,0.0
2023-12-07 14:30:00-05:00,18.920000076293945,18.924999237060547,18.83009910583496,18.91200065612793,30995,0.0,0.0
2023-12-07 15:30:00-05:00,18.920000076293945,19.0,18.90999984741211,19.0,44452,0.0,0.0
2023-12-08 09:30:00-05:00,18.920000076293945,19.049999237060547,18.829999923706055,18.920000076293945,31995,0.0,0.0
2023-12-08 10:30:00-05:00,18.93000030517578,19.040000915527344,18.84000015258789,18.93000030517578,26660,0.0,0.0
2023-12-08 11:30:00-05:00,18.940000534057617,18.9950008392334,18.905000686645508,18.93000030517578,16115,0.0,0.0
2023-12-08 12:30:00-05:00,18.940000534057617,18.959999084472656,18.93000030517578,18.950000762939453,18323,0.0,0.0
2023-12-08 13:30:00-05:00,18.940000534057617,19.010000228881836,18.940000534057617,19.0,24898,0.0,0.0
2023-12-08 14:30:00-05:00,19.0,19.040000915527344,18.97369956970215,19.010000228881836,31374,0.0,0.0
2023-12-08 15:30:00-05:00,19.010000228881836,19.270000457763672,19.010000228881836,19.270000457763672,117962,0.0,0.0
2023-12-11 09:30:00-05:00,19.309999465942383,19.614999771118164,19.309999465942383,19.5,20680,0.0,0.0
2023-12-11 10:30:00-05:00,19.469999313354492,19.610000610351562,19.461299896240234,19.575000762939453,18640,0.0,0.0
2023-12-11 11:30:00-05:00,19.575000762939453,19.670000076293945,19.492300033569336,19.549999237060547,16395,0.0,0.0
2023-12-11 12:30:00-05:00,19.565000534057617,19.579999923706055,19.510000228881836,19.559999465942383,11032,0.0,0.0
2023-12-11 13:30:00-05:00,19.559999465942383,19.6299991607666,19.559999465942383,19.6200008392334,16742,0.0,0.0
2023-12-11 14:30:00-05:00,19.610000610351562,19.700000762939453,19.610000610351562,19.649999618530273,19222,0.0,0.0
2023-12-11 15:30:00-05:00,19.649999618530273,19.65999984741211,19.459999084472656,19.479999542236328,61954,0.0,0.0
2023-12-12 09:30:00-05:00,19.450000762939453,19.5,19.299999237060547,19.360000610351562,10306,0.0,0.0
2023-12-12 10:30:00-05:00,19.350000381469727,19.412500381469727,19.299999237060547,19.299999237060547,11836,0.0,0.0
2023-12-12 11:30:00-05:00,19.280000686645508,19.325000762939453,19.239999771118164,19.25,14215,0.0,0.0
2023-12-12 12:30:00-05:00,19.235000610351562,19.239999771118164,19.15999984741211,19.229000091552734,11409,0.0,0.0
2023-12-12 13:30:00-05:00,19.21500015258789,19.270000457763672,19.186899185180664,19.190000534057617,16018,0.0,0.0
2023-12-12 14:30:00-05:00,19.200000762939453,19.229999542236328,19.170000076293945,19.170000076293945,17219,0.0,0.0
2023-12-12 15:30:00-05:00,19.170000076293945,19.190000534057617,19.06999969482422,19.09000015258789,28390,0.0,0.0
2023-12-13 09:30:00-05:00,19.079999923706055,19.079999923706055,18.81999969482422,18.834999084472656,18933,0.0,0.0
2023-12-13 10:30:00-05:00,18.850000381469727,19.030000686645508,18.850000381469727,18.969999313354492,9887,0.0,0.0
2023-12-13 11:30:00-05:00,18.959999084472656,18.959999084472656,18.850000381469727,18.860000610351562,16517,0.0,0.0
2023-12-13 12:30:00-05:00,18.850000381469727,18.90999984741211,18.829999923706055,18.8799991607666,8039,0.0,0.0
2023-12-13 13:30:00-05:00,18.8799991607666,19.156999588012695,18.829999923706055,19.156999588012695,18815,0.0,0.0
2023-12-13 14:30:00-05:00,19.139999389648438,19.295000076293945,19.06999969482422,19.1299991607666,60121,0.0,0.0
2023-12-13 15:30:00-05:00,19.1299991607666,19.184999465942383,19.09000015258789,19.15999984741211,84737,0.0,0.0
2023-12-14 09:30:00-05:00,19.309999465942383,19.3700008392334,18.989999771118164,19.06999969482422,36953,0.0,0.0
2023-12-14 10:30:00-05:00,19.065000534057617,19.079999923706055,18.969999313354492,19.020000457763672,43319,0.0,0.0
2023-12-14 11:30:00-05:00,19.010000228881836,19.040000915527344,18.979999542236328,19.010000228881836,33274,0.0,0.0
2023-12-14 12:30:00-05:00,19.020000457763672,19.049999237060547,18.90999984741211,18.920000076293945,41209,0.0,0.0
2023-12-14 13:30:00-05:00,18.90999984741211,19.079999923706055,18.889999389648438,19.06999969482422,34795,0.0,0.0
2023-12-14 14:30:00-05:00,19.065000534057617,19.530000686645508,19.059999465942383,19.5,52798,0.0,0.0
2023-12-14 15:30:00-05:00,19.4950008392334,19.53499984741211,19.459999084472656,19.459999084472656,86192,0.0,0.0
2023-12-15 09:30:00-05:00,19.559999465942383,19.559999465942383,19.229999542236328,19.440000534057617,64850,0.0,0.0
2023-12-15 10:30:00-05:00,19.459999084472656,19.530000686645508,19.34000015258789,19.34000015258789,18161,0.0,0.0
2023-12-15 11:30:00-05:00,19.329999923706055,19.360000610351562,19.239999771118164,19.31999969482422,17737,0.0,0.0
2023-12-15 12:30:00-05:00,19.329999923706055,19.360000610351562,19.25,19.34000015258789,17130,0.0,0.0
2023-12-15 13:30:00-05:00,19.350000381469727,19.389999389648438,19.299999237060547,19.3799991607666,17596,0.0,0.0
2023-12-15 14:30:00-05:00,19.3799991607666,19.479999542236328,19.3799991607666,19.479999542236328,22772,0.0,0.0
2023-12-15 15:30:00-05:00,19.489999771118164,19.520000457763672,19.389999389648438,19.389999389648438,47171,0.0,0.0
2023-12-18 09:30:00-05:00,19.479999542236328,19.510000228881836,19.31999969482422,19.44499969482422,30480,0.0,0.0
2023-12-18 10:30:00-05:00,19.40999984741211,19.420000076293945,19.200000762939453,19.280000686645508,40602,0.0,0.0
2023-12-18 11:30:00-05:00,19.270000457763672,19.329999923706055,19.209999084472656,19.315000534057617,43511,0.0,0.0
2023-12-18 12:30:00-05:00,19.309999465942383,19.31999969482422,19.229999542236328,19.31999969482422,22003,0.0,0.0
2023-12-18 13:30:00-05:00,19.309999465942383,19.399999618530273,19.28499984741211,19.364999771118164,26700,0.0,0.0
2023-12-18 14:30:00-05:00,19.360000610351562,19.469999313354492,19.34000015258789,19.46500015258789,49098,0.0,0.0
2023-12-18 15:30:00-05:00,19.46500015258789,19.46500015258789,19.290000915527344,19.31999969482422,86183,0.0,0.0
2023-12-19 09:30:00-05:00,19.5,19.68000030517578,19.260000228881836,19.559999465942383,19991,0.0,0.0
2023-12-19 10:30:00-05:00,19.549999237060547,19.6299991607666,19.510000228881836,19.510000228881836,13987,0.0,0.0
2023-12-19 11:30:00-05:00,19.5,19.510000228881836,19.3799991607666,19.4950008392334,19592,0.0,0.0
2023-12-19 12:30:00-05:00,19.4950008392334,19.55500030517578,19.475000381469727,19.479999542236328,16064,0.0,0.0
2023-12-19 13:30:00-05:00,19.469999313354492,19.469999313354492,19.40999984741211,19.420000076293945,18359,0.0,0.0
2023-12-19 14:30:00-05:00,19.420000076293945,19.549999237060547,19.40999984741211,19.540000915527344,27452,0.0,0.0
2023-12-19 15:30:00-05:00,19.549999237060547,19.579999923706055,19.530000686645508,19.549999237060547,56425,0.0,0.0
2023-12-20 09:30:00-05:00,19.6299991607666,19.764999389648438,19.477500915527344,19.729999542236328,20596,0.0,0.0
2023-12-20 10:30:00-05:00,19.75,19.829999923706055,19.719999313354492,19.770000457763672,19134,0.0,0.0
2023-12-20 11:30:00-05:00,19.780000686645508,19.850000381469727,19.739999771118164,19.84000015258789,11166,0.0,0.0
2023-12-20 12:30:00-05:00,19.860000610351562,19.920000076293945,19.780000686645508,19.829999923706055,25320,0.0,0.0
2023-12-20 13:30:00-05:00,19.829999923706055,19.875,19.78499984741211,19.860000610351562,26970,0.0,0.0
2023-12-20 14:30:00-05:00,19.860000610351562,19.8700008392334,19.719999313354492,19.739999771118164,78882,0.0,0.0
2023-12-20 15:30:00-05:00,19.75,19.764999389648438,19.670000076293945,19.725000381469727,72952,0.0,0.0
2023-12-21 09:30:00-05:00,19.950000762939453,20.139999389648438,19.850000381469727,19.969999313354492,28928,0.0,0.0
2023-12-21 10:30:00-05:00,19.979999542236328,20.020000457763672,19.90999984741211,19.989999771118164,16589,0.0,0.0
2023-12-21 11:30:00-05:00,19.979999542236328,19.988100051879883,19.90999984741211,19.90999984741211,11530,0.0,0.0
2023-12-21 12:30:00-05:00,19.93000030517578,20.024999618530273,19.920000076293945,19.989999771118164,16588,0.0,0.0
2023-12-21 13:30:00-05:00,20.010000228881836,20.040000915527344,19.959999084472656,20.010000228881836,21308,0.0,0.0
2023-12-21 14:30:00-05:00,20.0,20.15999984741211,20.0,20.15999984741211,37874,0.0,0.0
2023-12-21 15:30:00-05:00,20.15999984741211,20.290000915527344,20.15999984741211,20.270000457763672,67563,0.0,0.0
2023-12-22 09:30:00-05:00,20.3799991607666,20.3799991607666,20.020000457763672,20.290000915527344,17122,0.0,0.0
2023-12-22 10:30:00-05:00,20.290000915527344,20.329999923706055,20.19499969482422,20.309999465942383,13130,0.0,0.0
2023-12-22 11:30:00-05:00,20.31999969482422,20.360000610351562,20.219999313354492,20.2450008392334,45739,0.0,0.0
2023-12-22 12:30:00-05:00,20.2549991607666,20.315000534057617,20.200000762939453,20.313199996948242,15486,0.0,0.0
2023-12-22 13:30:00-05:00,20.299999237060547,20.459999084472656,20.280000686645508,20.309999465942383,25958,0.0,0.0
2023-12-22 14:30:00-05:00,20.309999465942383,20.440000534057617,20.309999465942383,20.420000076293945,21243,0.0,0.0
2023-12-22 15:30:00-05:00,20.415000915527344,20.4950008392334,20.399999618530273,20.459999084472656,50511,0.0,0.0
2023-12-26 09:30:00-05:00,20.510000228881836,20.700000762939453,20.350000381469727,20.5,27628,0.0,0.0
2023-12-26 10:30:00-05:00,20.475000381469727,20.649999618530273,20.475000381469727,20.649999618530273,28849,0.0,0.0
2023-12-26 11:30:00-05:00,20.670000076293945,20.75,20.663000106811523,20.75,15482,0.0,0.0
2023-12-26 12:30:00-05:00,20.75,20.770000457763672,20.610000610351562,20.739999771118164,16831,0.0,0.0
2023-12-26 13:30:00-05:00,20.760000228881836,20.809999465942383,20.71500015258789,20.780000686645508,26284,0.0,0.0
2023-12-26 14:30:00-05:00,20.790000915527344,20.850000381469727,20.739999771118164,20.829999923706055,25152,0.0,0.0
2023-12-26 15:30:00-05:00,20.84000015258789,20.93000030517578,20.81999969482422,20.93000030517578,44542,0.0,0.0
2023-12-27 09:30:00-05:00,20.8700008392334,20.950000762939453,20.75,20.850000381469727,21538,0.0,0.0
2023-12-27 10:30:00-05:00,20.850000381469727,20.854999542236328,20.639999389648438,20.68000030517578,36911,0.0,0.0
2023-12-27 11:30:00-05:00,20.684999465942383,20.709999084472656,20.600000381469727,20.639999389648438,22326,0.0,0.0
2023-12-27 12:30:00-05:00,20.639999389648438,20.739999771118164,20.639999389648438,20.71500015258789,23562,0.0,0.0
2023-12-27 13:30:00-05:00,20.719999313354492,20.725000381469727,20.5,20.575000762939453,46712,0.0,0.0
2023-12-27 14:30:00-05:00,20.540000915527344,20.565000534057617,20.5,20.510000228881836,29336,0.0,0.0
2023-12-27 15:30:00-05:00,20.5,20.53499984741211,20.459999084472656,20.510000228881836,46586,0.0,0.0
2023-12-28 09:30:00-05:00,20.540000915527344,20.65999984741211,20.40999984741211,20.510000228881836,46720,0.0,0.0
2023-12-28 10:30:00-05:00,20.510000228881836,20.510000228881836,20.329999923706055,20.329999923706055,24386,0.0,0.0
2023-12-28 11:30:00-05:00,20.329999923706055,20.41699981689453,20.270000457763672,20.344999313354492,58495,0.0,0.0
2023-12-28 12:30:00-05:00,20.350000381469727,20.350000381469727,20.239999771118164,20.31999969482422,36873,0.0,0.0
2023-12-28 13:30:00-05:00,20.309999465942383,20.3700008392334,20.25,20.25,58615,0.0,0.0
2023-12-28 14:30:00-05:00,20.260000228881836,20.264999389648438,20.110000610351562,20.1200008392334,94031,0.0,0.0
2023-12-28 15:30:00-05:00,20.1200008392334,20.139999389648438,20.014999389648438,20.020000457763672,94384,0.0,0.0
2023-12-29 09:30:00-05:00,19.979999542236328,20.030000686645508,19.864999771118164,19.934999465942383,35401,0.0,0.0
2023-12-29 10:30:00-05:00,19.950000762939453,20.020000457763672,19.84000015258789,19.84000015258789,26221,0.0,0.0
2023-12-29 11:30:00-05:00,19.844999313354492,20.030000686645508,19.829999923706055,19.979999542236328,32949,0.0,0.0
2023-12-29 12:30:00-05:00,19.989999771118164,20.170000076293945,19.989999771118164,20.079999923706055,22749,0.0,0.0
2023-12-29 13:30:00-05:00,20.084999084472656,20.18000030517578,20.084999084472656,20.145000457763672,30804,0.0,0.0
2023-12-29 14:30:00-05:00,20.15999984741211,20.209999084472656,20.1299991607666,20.200000762939453,33414,0.0,0.0
2023-12-29 15:30:00-05:00,20.190000534057617,20.219999313354492,20.100000381469727,20.100000381469727,55058,0.0,0.0
2024-01-02 09:30:00-05:00,19.8799991607666,19.989999771118164,19.760000228881836,19.770000457763672,33204,0.0,0.0
2024-01-02 10:30:00-05:00,19.75,19.809999465942383,19.639999389648438,19.780000686645508,57176,0.0,0.0
2024-01-02 11:30:00-05:00,19.78499984741211,19.920000076293945,19.709999084472656,19.829999923706055,32762,0.0,0.0
2024-01-02 12:30:00-05:00,19.84000015258789,19.8799991607666,19.700000762939453,19.719999313354492,32460,0.0,0.0
2024-01-02 13:30:00-05:00,19.709999084472656,19.719999313354492,19.59000015258789,19.59000015258789,23456,0.0,0.0
2024-01-02 14:30:00-05:00,19.610000610351562,19.68000030517578,19.579999923706055,19.625,47071,0.0,0.0
2024-01-02 15:30:00-05:00,19.6200008392334,19.6299991607666,19.53499984741211,19.6299991607666,65934,0.0,0.0
2024-01-03 09:30:00-05:00,19.709999084472656,19.81999969482422,19.36009979248047,19.530000686645508,76208,0.0,0.0
2024-01-03 10:30:00-05:00,19.510000228881836,19.510000228881836,19.190000534057617,19.329999923706055,37258,0.0,0.0
2024-01-03 11:30:00-05:00,19.329999923706055,19.360000610351562,19.149999618530273,19.357999801635742,61149,0.0,0.0
2024-01-03 12:30:00-05:00,19.350000381469727,19.3700008392334,19.299999237060547,19.299999237060547,25839,0.0,0.0
2024-01-03 13:30:00-05:00,19.299999237060547,19.385000228881836,19.260000228881836,19.385000228881836,68525,0.0,0.0
2024-01-03 14:30:00-05:00,19.389999389648438,19.389999389648438,19.229999542236328,19.309999465942383,68249,0.0,0.0
2024-01-03 15:30:00-05:00,19.309999465942383,19.31800079345703,19.18000030517578,19.219999313354492,163507,0.0,0.0
2024-01-04 09:30:00-05:00,18.549999237060547,18.700000762939453,18.1200008392334,18.579999923706055,96653,0.0,0.0
2024-01-04 10:30:00-05:00,18.577999114990234,18.809999465942383,18.565000534057617,18.68000030517578,70641,0.0,0.0
2024-01-04 11:30:00-05:00,18.690000534057617,18.78499984741211,18.625,18.78499984741211,27721,0.0,0.0
2024-01-04 12:30:00-05:00,18.790000915527344,18.809999465942383,18.649999618530273,18.649999618530273,34824,0.0,0.0
2024-01-04 13:30:00-05:00,18.670000076293945,18.790000915527344,18.649999618530273,18.76099967956543,37227,0.0,0.0
2024-01-04 14:30:00-05:00,18.770000457763672,18.780000686645508,18.700000762939453,18.735000610351562,26662,0.0,0.0
2024-01-04 15:30:00-05:00,18.735000610351562,18.75,18.639999389648438,18.649999618530273,74709,0.0,0.0
2024-01-05 09:30:00-05:00,18.6200008392334,18.679899215698242,18.450000762939453,18.604999542236328,44808,0.0,0.0
2024-01-05 10:30:00-05:00,18.6200008392334,18.709999084472656,18.610000610351562,18.68000030517578,17575,0.0,0.0
2024-01-05 11:30:00-05:00,18.68000030517578,18.68000030517578,18.56999969482422,18.610000610351562,19341,0.0,0.0
2024-01-05 12:30:00-05:00,18.604999542236328,18.670000076293945,18.604999542236328,18.670000076293945,17259,0.0,0.0
2024-01-05 13:30:00-05:00,18.700000762939453,18.799999237060547,18.700000762939453,18.7450008392334,31333,0.0,0.0
2024-01-05 14:30:00-05:00,18.739999771118164,18.739999771118164,18.610000610351562,18.6299991607666,33432,0.0,0.0
2024-01-05 15:30:00-05:00,18.6299991607666,18.68000030517578,18.594999313354492,18.68000030517578,137341,0.0,0.0
2024-01-08 09:30:00-05:00,18.940000534057617,19.299999237060547,18.81999969482422,19.280000686645508,39502,0.0,0.0
2024-01-08 10:30:00-05:00,19.290000915527344,19.329999923706055,19.239999771118164,19.280000686645508,47527,0.0,0.0
2024-01-08 11:30:00-05:00,19.309999465942383,19.3700008392334,19.18000030517578,19.21500015258789,55181,0.0,0.0
2024-01-08 12:30:00-05:00,19.229999542236328,19.299999237060547,19.100000381469727,19.170000076293945,55019,0.0,0.0
2024-01-08 13:30:00-05:00,19.18000030517578,19.190000534057617,19.040000915527344,19.15999984741211,98095,0.0,0.0
2024-01-08 14:30:00-05:00,19.135000228881836,19.170000076293945,18.989999771118164,19.1299991607666,91016,0.0,0.0
2024-01-08 15:30:00-05:00,19.09000015258789,19.18000030517578,19.09000015258789,19.170000076293945,105588,0.0,0.0
2024-01-09 09:30:00-05:00,19.010000228881836,19.110000610351562,18.68000030517578,18.915000915527344,44060,0.0,0.0
2024-01-09 10:30:00-05:00,18.889999389648438,18.94499969482422,18.8799991607666,18.940000534057617,17876,0.0,0.0
2024-01-09 11:30:00-05:00,18.940000534057617,18.954999923706055,18.899999618530273,18.93000030517578,17788,0.0,0.0
2024-01-09 12:30:00-05:00,18.940000534057617,19.010000228881836,18.885000228881836,18.9950008392334,26121,0.0,0.0
2024-01-09 13:30:00-05:00,18.9950008392334,19.010000228881836,18.959999084472656,19.0,25862,0.0,0.0
2024-01-09 14:30:00-05:00,19.0,19.040000915527344,18.975000381469727,19.0,50189,0.0,0.0
2024-01-09 15:30:00-05:00,19.0,19.030000686645508,18.959999084472656,18.959999084472656,96691,0.0,0.0
2024-01-10 09:30:00-05:00,19.190000534057617,19.56999969482422,19.02549934387207,19.350000381469727,46131,0.0,0.0
2024-01-10 10:30:00-05:00,19.389999389648438,19.540000915527344,19.3799991607666,19.510000228881836,47649,0.0,0.0
2024-01-10 11:30:00-05:00,19.520000457763672,19.559999465942383,19.290000915527344,19.309999465942383,36710,0.0,0.0
2024-01-10 12:30:00-05:00,19.309999465942383,19.357999801635742,19.270000457763672,19.34000015258789,34106,0.0,0.0
2024-01-10 13:30:00-05:00,19.349000930786133,19.401100158691406,19.34000015258789,19.350000381469727,40635,0.0,0.0
2024-01-10 14:30:00-05:00,19.350000381469727,19.43000030517578,19.309999465942383,19.40999984741211,42949,0.0,0.0
2024-01-10 15:30:00-05:00,19.399999618530273,19.549999237060547,19.3799991607666,19.489999771118164,109001,0.0,0.0
2024-01-11 09:30:00-05:00,19.43000030517578,19.56999969482422,19.065000534057617,19.09000015258789,27149,0.0,0.0
2024-01-11 10:30:00-05:00,19.104999542236328,19.17799949645996,19.079999923706055,19.100000381469727,38477,0.0,0.0
2024-01-11 11:30:00-05:00,19.100000381469727,19.389999389648438,19.06999969482422,19.389999389648438,38360,0.0,0.0
2024-01-11 12:30:00-05:00,19.389999389648438,19.600000381469727,19.3700008392334,19.579999923706055,45160,0.0,0.0
2024-01-11 13:30:00-05:00,19.559999465942383,19.719999313354492,19.520000457763672,19.59000015258789,45021,0.0,0.0
2024-01-11 14:30:00-05:00,19.56999969482422,19.579999923706055,19.399999618530273,19.520000457763672,28071,0.0,0.0
2024-01-11 15:30:00-05:00,19.530000686645508,19.549999237060547,19.440000534057617,19.489999771118164,59656,0.0,0.0
2024-01-12 09:30:00-05:00,19.649999618530273,19.649999618530273,19.469999313354492,19.469999313354492,15344,0.0,0.0
2024-01-12 10:30:00-05:00,19.454999923706055,19.459999084472656,19.3799991607666,19.40999984741211,15935,0.0,0.0
2024-01-12 11:30:00-05:00,19.40999984741211,19.59000015258789,19.40999984741211,19.59000015258789,39250,0.0,0.0
2024-01-12 12:30:00-05:00,19.600000381469727,19.6200008392334,19.559999465942383,19.559999465942383,10822,0.0,0.0
2024-01-12 13:30:00-05:00,19.559999465942383,19.586000442504883,19.479999542236328,19.485000610351562,9417,0.0,0.0
2024-01-12 14:30:00-05:00,19.5,19.559999465942383,19.489999771118164,19.559999465942383,20544,0.0,0.0
2024-01-12 15:30:00-05:00,19.549999237060547,19.559999465942383,19.459999084472656,19.5,52834,0.0,0.0
2024-01-16 09:30:00-05:00,19.34000015258789,19.420000076293945,19.209999084472656,19.350000381469727,17472,0.0,0.0
2024-01-16 10:30:00-05:00,19.350000381469727,19.43000030517578,19.270000457763672,19.299999237060547,17784,0.0,0.0
2024-01-16 11:30:00-05:00,19.280000686645508,19.30500030517578,19.225000381469727,19.280000686645508,14069,0.0,0.0
2024-01-16 12:30:00-05:00,19.274999618530273,19.274999618530273,19.190000534057617,19.225000381469727,27237,0.0,0.0
2024-01-16 13:30:00-05:00,19.25,19.290000915527344,19.190000534057617,19.219999313354492,21864,0.0,0.0
2024-01-16 14:30:00-05:00,19.229999542236328,19.399999618530273,19.209999084472656,19.399999618530273,23531,0.0,0.0
2024-01-16 15:30:00-05:00,19.3799991607666,19.3799991607666,19.309999465942383,19.309999465942383,31434,0.0,0.0
2024-01-17 09:30:00-05:00,19.06999969482422,19.350000381469727,19.06999969482422,19.260000228881836,13081,0.0,0.0
2024-01-17 10:30:00-05:00,19.250999450683594,19.40999984741211,19.25,19.31999969482422,17864,0.0,0.0
2024-01-17 11:30:00-05:00,19.34000015258789,19.481000900268555,19.34000015258789,19.440000534057617,11869,0.0,0.0
2024-01-17 12:30:00-05:00,19.440000534057617,19.520000457763672,19.40999984741211,19.440000534057617,20086,0.0,0.0
2024-01-17 13:30:00-05:00,19.450000762939453,19.510000228881836,19.43000030517578,19.510000228881836,21675,0.0,0.0
2024-01-17 14:30:00-05:00,19.510000228881836,19.540000915527344,19.459999084472656,19.475000381469727,25681,0.0,0.0
2024-01-17 15:30:00-05:00,19.475000381469727,19.559999465942383,19.469999313354492,19.514999389648438,45862,0.0,0.0
2024-01-18 09:30:00-05:00,19.540000915527344,19.625,19.489999771118164,19.610000610351562,10164,0.0,0.0
2024-01-18 10:30:00-05:00,19.6200008392334,19.645000457763672,19.549999237060547,19.55500030517578,16318,0.0,0.0
2024-01-18 11:30:00-05:00,19.55500030517578,19.559999465942383,19.423999786376953,19.510000228881836,14299,0.0,0.0
2024-01-18 12:30:00-05:00,19.530000686645508,19.59000015258789,19.450000762939453,19.475000381469727,55135,0.0,0.0
2024-01-18 13:30:00-05:00,19.475000381469727,19.655000686645508,19.3700008392334,19.3799991607666,52504,0.0,0.0
2024-01-18 14:30:00-05:00,19.375,19.424999237060547,19.25,19.399999618530273,71098,0.0,0.0
2024-01-18 15:30:00-05:00,19.420000076293945,19.549999237060547,19.381999969482422,19.530000686645508,61676,0.0,0.0
2024-01-19 09:30:00-05:00,19.639999389648438,19.639999389648438,19.270000457763672,19.44099998474121,21105,0.0,0.0
2024-01-19 10:30:00-05:00,19.4689998626709,19.566999435424805,19.440000534057617,19.540000915527344,13423,0.0,0.0
2024-01-19 11:30:00-05:00,19.53499984741211,19.559999465942383,19.459999084472656,19.559999465942383,16296,0.0,0.0
2024-01-19 12:30:00-05:00,19.579999923706055,19.639999389648438,19.540000915527344,19.639999389648438,14773,0.0,0.0
2024-01-19 13:30:00-05:00,19.6299991607666,19.7450008392334,19.610000610351562,19.7450008392334,19862,0.0,0.0
2024-01-19 14:30:00-05:00,19.7450008392334,19.80500030517578,19.684999465942383,19.80500030517578,26904,0.0,0.0
2024-01-19 15:30:00-05:00,19.81999969482422,20.040000915527344,19.799999237060547,20.040000915527344,104191,0.0,0.0
2024-01-22 09:30:00-05:00,20.209999084472656,20.610000610351562,20.110000610351562,20.579999923706055,38790,0.0,0.0
2024-01-22 10:30:00-05:00,20.575000762939453,20.610000610351562,20.489999771118164,20.600000381469727,36586,0.0,0.0
2024-01-22 11:30:00-05:00,20.591899871826172,20.6299991607666,20.514999389648438,20.549999237060547,12792,0.0,0.0
2024-01-22 12:30:00-05:00,20.540000915527344,20.6200008392334,20.540000915527344,20.559999465942383,24769,0.0,0.0
2024-01-22 13:30:00-05:00,20.559999465942383,20.635000228881836,20.549999237060547,20.600000381469727,21116,0.0,0.0
2024-01-22 14:30:00-05:00,20.6200008392334,20.75,20.610000610351562,20.739999771118164,23894,0.0,0.0
2024-01-22 15:30:00-05:00,20.75,20.780000686645508,20.68000030517578,20.770000457763672,165815,0.0,0.0
2024-01-23 09:30:00-05:00,20.899999618530273,21.368000030517578,20.899999618530273,21.079999923706055,49894,0.0,0.0
2024-01-23 10:30:00-05:00,21.094999313354492,21.260000228881836,21.030000686645508,21.03499984741211,126518,0.0,0.0
2024-01-23 11:30:00-05:00,21.030000686645508,21.110000610351562,20.8799991607666,20.940000534057617,88807,0.0,0.0
2024-01-23 12:30:00-05:00,20.940000534057617,20.989999771118164,20.8799991607666,20.8799991607666,30245,0.0,0.0
2024-01-23 13:30:00-05:00,20.8799991607666,21.010000228881836,20.860000610351562,20.98110008239746,19588,0.0,0.0
2024-01-23 14:30:00-05:00,20.989999771118164,21.040000915527344,20.959999084472656,20.969999313354492,29294,0.0,0.0
2024-01-23 15:30:00-05:00,20.969999313354492,21.1200008392334,20.899999618530273,21.100000381469727,114194,0.0,0.0
2024-01-24 09:30:00-05:00,21.290000915527344,21.290000915527344,20.96500015258789,21.065000534057617,30203,0.0,0.0
2024-01-24 10:30:00-05:00,21.03499984741211,21.229999542236328,21.0049991607666,21.229999542236328,113336,0.0,0.0
2024-01-24 11:30:00-05:00,21.204999923706055,21.229999542236328,21.09000015258789,21.229999542236328,17610,0.0,0.0
2024-01-24 12:30:00-05:00,21.270000457763672,21.34000015258789,21.229999542236328,21.329999923706055,17266,0.0,0.0
2024-01-24 13:30:00-05:00,21.34000015258789,21.469999313354492,21.280000686645508,21.360000610351562,106896,0.0,0.0
2024-01-24 14:30:00-05:00,21.360000610351562,21.3799991607666,21.18000030517578,21.18000030517578,78522,0.0,0.0
2024-01-24 15:30:00-05:00,21.15999984741211,21.299999237060547,21.125,21.299999237060547,100596,0.0,0.0
2024-01-25 09:30:00-05:00,21.579999923706055,21.611400604248047,21.334999084472656,21.334999084472656,16838,0.0,0.0
2024-01-25 10:30:00-05:00,21.329999923706055,21.329999923706055,21.170000076293945,21.25,13085,0.0,0.0
2024-01-25 11:30:00-05:00,21.260000228881836,21.270000457763672,21.040000915527344,21.040000915527344,11586,0.0,0.0
2024-01-25 12:30:00-05:00,21.020000457763672,21.045000076293945,20.93000030517578,20.94099998474121,23055,0.0,0.0
2024-01-25 13:30:00-05:00,20.969999313354492,21.040000915527344,20.780000686645508,20.780000686645508,19412,0.0,0.0
2024-01-25 14:30:00-05:00,20.760000228881836,20.799999237060547,20.600000381469727,20.610000610351562,41359,0.0,0.0
2024-01-25 15:30:00-05:00,20.610000610351562,20.8700008392334,20.610000610351562,20.854999542236328,61352,0.0,0.0
2024-01-26 09:30:00-05:00,21.010000228881836,21.059999465942383,20.790000915527344,20.90999984741211,10883,0.0,0.0
2024-01-26 10:30:00-05:00,20.940000534057617,20.979999542236328,20.860000610351562,20.950000762939453,21140,0.0,0.0
2024-01-26 11:30:00-05:00,20.979999542236328,21.049999237060547,20.959999084472656,20.9950008392334,18915,0.0,0.0
2024-01-26 12:30:00-05:00,20.989999771118164,21.016399383544922,20.8700008392334,20.8700008392334,40778,0.0,0.0
2024-01-26 13:30:00-05:00,20.860000610351562,20.895000457763672,20.760000228881836,20.760000228881836,28617,0.0,0.0
2024-01-26 14:30:00-05:00,20.760000228881836,20.829999923706055,20.719999313354492,20.780000686645508,26934,0.0,0.0
2024-01-26 15:30:00-05:00,20.780000686645508,21.0,20.760000228881836,20.989999771118164,139782,0.0,0.0
2024-01-29 09:30:00-05:00,21.06999969482422,21.100000381469727,20.959999084472656,21.040000915527344,13801,0.0,0.0
2024-01-29 10:30:00-05:00,21.049999237060547,21.155000686645508,21.010000228881836,21.1200008392334,23922,0.0,0.0
2024-01-29 11:30:00-05:00,21.139999389648438,21.270000457763672,21.1200008392334,21.243799209594727,15739,0.0,0.0
2024-01-29 12:30:00-05:00,21.2549991607666,21.303499221801758,21.15999984741211,21.239999771118164,11629,0.0,0.0
2024-01-29 13:30:00-05:00,21.260000228881836,21.420000076293945,21.260000228881836,21.420000076293945,68094,0.0,0.0
2024-01-29 14:30:00-05:00,21.450000762939453,21.639999389648438,21.40999984741211,21.6299991607666,25843,0.0,0.0
2024-01-29 15:30:00-05:00,21.635000228881836,21.684999465942383,21.559999465942383,21.579999923706055,62276,0.0,0.0
2024-01-30 09:30:00-05:00,21.440000534057617,21.530000686645508,21.360000610351562,21.40999984741211,24592,0.0,0.0
2024-01-30 10:30:00-05:00,21.3700008392334,21.450000762939453,21.3700008392334,21.420000076293945,9603,0.0,0.0
2024-01-30 11:30:00-05:00,21.40999984741211,21.459999084472656,21.389999389648438,21.40999984741211,15724,0.0,0.0
2024-01-30 12:30:00-05:00,21.31999969482422,21.40999984741211,21.270000457763672,21.40999984741211,9959,0.0,0.0
2024-01-30 13:30:00-05:00,21.420000076293945,21.559999465942383,21.399999618530273,21.549999237060547,20155,0.0,0.0
2024-01-30 14:30:00-05:00,21.559999465942383,21.6299991607666,21.549999237060547,21.575000762939453,33894,0.0,0.0
2024-01-30 15:30:00-05:00,21.559999465942383,21.709999084472656,21.559999465942383,21.700000762939453,55403,0.0,0.0
2024-01-31 09:30:00-05:00,21.700000762939453,21.799999237060547,21.68000030517578,21.799999237060547,25029,0.0,0.0
2024-01-31 10:30:00-05:00,21.799999237060547,22.030000686645508,21.739999771118164,21.8700008392334,39121,0.0,0.0
2024-01-31 11:30:00-05:00,21.860000610351562,21.979999542236328,21.770000457763672,21.885000228881836,44453,0.0,0.0
2024-01-31 12:30:00-05:00,21.875,21.950000762939453,21.81999969482422,21.850000381469727,29435,0.0,0.0
2024-01-31 13:30:00-05:00,21.809999465942383,21.809999465942383,21.665000915527344,21.75,19375,0.0,0.0
2024-01-31 14:30:00-05:00,21.760000228881836,21.969999313354492,21.644699096679688,21.665000915527344,65651,0.0,0.0
2024-01-31 15:30:00-05:00,21.655000686645508,21.690000534057617,21.43000030517578,21.459999084472656,101135,0.0,0.0
2024-02-01 09:30:00-05:00,21.56999969482422,21.94499969482422,21.56999969482422,21.889999389648438,28731,0.0,0.0
2024-02-01 10:30:00-05:00,21.950000762939453,22.020000457763672,21.719999313354492,21.74519920349121,46021,0.0,0.0
2024-02-01 11:30:00-05:00,21.766599655151367,21.93000030517578,21.670000076293945,21.90999984741211,24025,0.0,0.0
2024-02-01 12:30:00-05:00,21.915000915527344,22.040000915527344,21.90999984741211,21.998600006103516,20795,0.0,0.0
2024-02-01 13:30:00-05:00,22.01959991455078,22.06999969482422,21.959999084472656,22.06999969482422,19191,0.0,0.0
2024-02-01 14:30:00-05:00,22.06999969482422,22.139999389648438,22.010000228881836,22.109899520874023,19947,0.0,0.0
2024-02-01 15:30:00-05:00,22.110000610351562,22.190000534057617,22.09000015258789,22.170000076293945,47186,0.0,0.0
2024-02-02 09:30:00-05:00,22.030000686645508,22.030000686645508,21.907800674438477,21.979999542236328,16103,0.0,0.0
2024-02-02 10:30:00-05:00,21.969999313354492,22.100000381469727,21.969999313354492,22.100000381469727,12465,0.0,0.0
2024-02-02 11:30:00-05:00,22.094999313354492,22.094999313354492,21.952499389648438,22.0,10689,0.0,0.0
2024-02-02 12:30:00-05:00,22.05500030517578,22.059999465942383,21.920000076293945,21.950000762939453,74833,0.0,0.0
2024-02-02 13:30:00-05:00,21.93000030517578,21.969999313354492,21.829999923706055,21.8799991607666,31895,0.0,0.0
2024-02-02 14:30:00-05:00,21.892000198364258,21.940000534057617,21.71500015258789,21.834999084472656,23535,0.0,0.0
2024-02-02 15:30:00-05:00,21.850000381469727,21.850000381469727,21.780000686645508,21.81999969482422,24289,0.0,0.0
2024-02-05 09:30:00-05:00,21.579999923706055,21.649999618530273,21.34000015258789,21.3799991607666,18493,0.0,0.0
2024-02-05 10:30:00-05:00,21.420000076293945,21.499900817871094,21.34000015258789,21.40999984741211,31768,0.0,0.0
2024-02-05 11:30:00-05:00,21.399999618530273,21.540000915527344,21.399999618530273,21.520000457763672,17108,0.0,0.0
2024-02-05 12:30:00-05:00,21.530000686645508,21.579999923706055,21.40999984741211,21.420000076293945,32216,0.0,0.0
2024-02-05 13:30:00-05:00,21.43000030517578,21.43000030517578,21.3700008392334,21.405000686645508,15100,0.0,0.0
2024-02-05 14:30:00-05:00,21.405000686645508,21.530000686645508,21.405000686645508,21.530000686645508,30122,0.0,0.0
2024-02-05 15:30:00-05:00,21.524999618530273,21.549999237060547,21.43000030517578,21.450000762939453,38326,0.0,0.0
2024-02-06 09:30:00-05:00,21.5,21.540000915527344,21.385000228881836,21.405000686645508,15049,0.0,0.0
2024-02-06 10:30:00-05:00,21.434999465942383,21.610000610351562,21.434999465942383,21.594999313354492,14982,0.0,0.0
2024-02-06 11:30:00-05:00,21.610000610351562,21.610000610351562,21.40999984741211,21.489999771118164,14351,0.0,0.0
2024-02-06 12:30:00-05:00,21.489999771118164,21.520000457763672,21.43000030517578,21.459999084472656,14859,0.0,0.0
2024-02-06 13:30:00-05:00,21.450000762939453,21.510000228881836,21.40999984741211,21.440000534057617,16218,0.0,0.0
2024-02-06 14:30:00-05:00,21.440000534057617,21.68000030517578,21.399999618530273,21.655000686645508,27329,0.0,0.0
2024-02-06 15:30:00-05:00,21.649999618530273,21.80900001525879,21.600000381469727,21.780000686645508,81430,0.0,0.0
2024-02-07 09:30:00-05:00,21.889999389648438,22.059900283813477,21.690000534057617,21.75,41462,0.0,0.0
2024-02-07 10:30:00-05:00,21.777000427246094,21.790000915527344,21.649999618530273,21.719999313354492,14208,0.0,0.0
2024-02-07 11:30:00-05:00,21.718599319458008,21.7283992767334,21.540000915527344,21.7283992767334,36582,0.0,0.0
2024-02-07 12:30:00-05:00,21.719999313354492,21.729999542236328,21.506399154663086,21.649999618530273,26933,0.0,0.0
2024-02-07 13:30:00-05:00,21.65999984741211,21.8700008392334,21.65999984741211,21.80500030517578,16916,0.0,0.0
2024-02-07 14:30:00-05:00,21.790000915527344,21.834999084472656,21.700000762939453,21.770000457763672,16801,0.0,0.0
2024-02-07 15:30:00-05:00,21.760000228881836,21.760000228881836,21.600000381469727,21.65999984741211,50645,0.0,0.0
2024-02-08 09:30:00-05:00,21.68000030517578,22.149999618530273,21.68000030517578,22.149999618530273,27785,0.0,0.0
2024-02-08 10:30:00-05:00,22.15999984741211,22.270000457763672,22.1299991607666,22.1299991607666,23147,0.0,0.0
2024-02-08 11:30:00-05:00,22.149999618530273,22.350000381469727,22.1299991607666,22.290000915527344,12817,0.0,0.0
2024-02-08 12:30:00-05:00,22.290000915527344,22.520000457763672,22.25,22.520000457763672,30697,0.0,0.0
2024-02-08 13:30:00-05:00,22.509000778198242,22.690000534057617,22.509000778198242,22.6200008392334,19788,0.0,0.0
2024-02-08 14:30:00-05:00,22.6299991607666,22.850000381469727,22.625,22.769899368286133,57439,0.0,0.0
2024-02-08 15:30:00-05:00,22.739999771118164,22.950000762939453,22.729999542236328,22.889999389648438,74650,0.0,0.0
2024-02-09 09:30:00-05:00,22.969999313354492,23.200000762939453,22.760499954223633,23.059999465942383,46868,0.0,0.0
2024-02-09 10:30:00-05:00,23.079999923706055,23.079999923706055,22.959999084472656,23.0,30161,0.0,0.0
2024-02-09 11:30:00-05:00,22.989999771118164,23.2450008392334,22.959999084472656,23.200000762939453,28906,0.0,0.0
2024-02-09 12:30:00-05:00,23.190000534057617,23.334999084472656,23.1299991607666,23.252700805664062,22128,0.0,0.0
2024-02-09 13:30:00-05:00,23.270000457763672,23.31999969482422,23.209999084472656,23.240999221801758,14490,0.0,0.0
2024-02-09 14:30:00-05:00,23.239999771118164,23.31999969482422,23.110000610351562,23.309999465942383,61926,0.0,0.0
2024-02-09 15:30:00-05:00,23.325000762939453,23.40999984741211,23.31999969482422,23.40999984741211,91294,0.0,0.0
2024-02-12 09:30:00-05:00,23.670000076293945,23.989999771118164,23.420000076293945,23.90999984741211,113980,0.0,0.0
2024-02-12 10:30:00-05:00,23.889999389648438,24.05389976501465,23.889999389648438,23.9950008392334,36798,0.0,0.0
2024-02-12 11:30:00-05:00,23.9950008392334,24.110000610351562,23.979999542236328,24.020000457763672,37673,0.0,0.0
2024-02-12 12:30:00-05:00,24.020000457763672,24.15999984741211,24.0,24.06999969482422,19355,0.0,0.0
2024-02-12 13:30:00-05:00,24.06999969482422,24.110000610351562,23.950000762939453,24.040000915527344,45863,0.0,0.0
2024-02-12 14:30:00-05:00,24.030000686645508,24.06999969482422,23.989999771118164,24.020000457763672,32101,0.0,0.0
2024-02-12 15:30:00-05:00,24.040000915527344,24.1299991607666,23.979999542236328,24.0,85198,0.0,0.0
2024-02-13 09:30:00-05:00,23.420000076293945,23.420000076293945,22.985000610351562,23.3799991607666,62726,0.0,0.0
2024-02-13 10:30:00-05:00,23.34000015258789,23.459999084472656,23.225000381469727,23.3799991607666,55089,0.0,0.0
2024-02-13 11:30:00-05:00,23.3700008392334,23.399999618530273,23.299999237060547,23.31999969482422,25634,0.0,0.0
2024-02-13 12:30:00-05:00,23.31999969482422,23.3799991607666,23.139999389648438,23.200000762939453,143649,0.0,0.0
2024-02-13 13:30:00-05:00,23.19499969482422,23.350000381469727,23.139999389648438,23.350000381469727,65573,0.0,0.0
2024-02-13 14:30:00-05:00,23.350000381469727,23.3799991607666,23.209999084472656,23.30500030517578,53802,0.0,0.0
2024-02-13 15:30:00-05:00,23.30500030517578,23.354999542236328,23.260000228881836,23.309999465942383,150552,0.0,0.0
2024-02-14 09:30:00-05:00,23.3700008392334,23.489999771118164,23.289100646972656,23.475000381469727,20129,0.0,0.0
2024-02-14 10:30:00-05:00,23.5049991607666,23.514999389648438,23.405000686645508,23.514999389648438,21104,0.0,0.0
2024-02-14 11:30:00-05:00,23.516000747680664,23.516000747680664,23.375,23.5,15036,0.0,0.0
2024-02-14 12:30:00-05:00,23.489999771118164,23.579999923706055,23.479999542236328,23.56999969482422,19314,0.0,0.0
2024-02-14 13:30:00-05:00,23.600000381469727,23.735000610351562,23.600000381469727,23.719999313354492,18421,0.0,0.0
2024-02-14 14:30:00-05:00,23.719999313354492,23.905000686645508,23.719999313354492,23.860000610351562,52464,0.0,0.0
2024-02-14 15:30:00-05:00,23.80500030517578,23.889999389648438,23.770000457763672,23.770000457763672,45569,0.0,0.0
2024-02-15 09:30:00-05:00,23.93000030517578,24.100000381469727,23.84440040588379,24.000099182128906,22350,0.0,0.0
2024-02-15 10:30:00-05:00,23.9950008392334,24.09000015258789,23.969999313354492,24.09000015258789,17907,0.0,0.0
2024-02-15 11:30:00-05:00,24.09000015258789,24.190000534057617,24.049999237060547,24.065000534057617,15830,0.0,0.0
2024-02-15 12:30:00-05:00,24.070999145507812,24.209999084472656,24.010000228881836,24.18000030517578,43746,0.0,0.0
2024-02-15 13:30:00-05:00,24.171199798583984,24.299999237060547,24.170000076293945,24.270000457763672,17737,0.0,0.0
2024-02-15 14:30:00-05:00,24.280000686645508,24.309999465942383,24.200000762939453,24.280000686645508,18206,0.0,0.0
2024-02-15 15:30:00-05:00,24.309999465942383,24.31999969482422,24.149999618530273,24.149999618530273,67473,0.0,0.0
2024-02-16 09:30:00-05:00,24.079999923706055,24.350000381469727,24.06999969482422,24.239999771118164,29294,0.0,0.0
2024-02-16 10:30:00-05:00,24.229999542236328,24.389999389648438,24.190000534057617,24.299999237060547,16927,0.0,0.0
2024-02-16 11:30:00-05:00,24.31999969482422,24.424999237060547,24.309999465942383,24.399999618530273,11046,0.0,0.0
2024-02-16 12:30:00-05:00,24.405000686645508,24.549999237060547,24.36389923095703,24.540000915527344,25943,0.0,0.0
2024-02-16 13:30:00-05:00,24.56999969482422,24.649999618530273,24.56999969482422,24.649999618530273,21959,0.0,0.0
2024-02-16 14:30:00-05:00,24.639999389648438,24.697999954223633,24.549999237060547,24.549999237060547,58757,0.0,0.0
2024-02-16 15:30:00-05:00,24.549999237060547,24.549999237060547,24.420000076293945,24.43000030517578,38119,0.0,0.0
2024-02-20 09:30:00-05:00,24.350000381469727,24.3981990814209,24.094999313354492,24.239999771118164,29137,0.0,0.0
2024-02-20 10:30:00-05:00,24.219999313354492,24.579999923706055,24.190000534057617,24.440000534057617,22921,0.0,0.0
2024-02-20 11:30:00-05:00,24.43000030517578,24.489999771118164,24.280000686645508,24.280000686645508,21052,0.0,0.0
2024-02-20 12:30:00-05:00,24.295000076293945,24.459999084472656,24.209999084472656,24.350000381469727,33748,0.0,0.0
2024-02-20 13:30:00-05:00,24.350000381469727,24.389999389648438,24.299999237060547,24.329999923706055,23456,0.0,0.0
2024-02-20 14:30:00-05:00,24.34000015258789,24.34000015258789,24.299999237060547,24.329999923706055,24959,0.0,0.0
2024-02-20 15:30:00-05:00,24.34000015258789,24.3799991607666,24.299999237060547,24.350000381469727,34952,0.0,0.0
2024-02-21 09:30:00-05:00,24.389999389648438,24.447500228881836,24.06999969482422,24.104999542236328,15762,0.0,0.0
2024-02-21 10:30:00-05:00,24.079999923706055,24.200000762939453,24.0,24.082700729370117,21716,0.0,0.0
2024-02-21 11:30:00-05:00,24.049999237060547,24.06999969482422,23.979999542236328,24.0,104733,0.0,0.0
2024-02-21 12:30:00-05:00,24.049999237060547,24.049999237060547,23.79990005493164,23.83989906311035,47301,0.0,0.0
2024-02-21 13:30:00-05:00,23.809999465942383,23.90999984741211,23.6299991607666,23.850000381469727,53140,0.0,0.0
2024-02-21 14:30:00-05:00,23.860000610351562,23.889999389648438,23.69499969482422,23.854999542236328,132050,0.0,0.0
2024-02-21 15:30:00-05:00,23.854999542236328,24.0,23.854999542236328,23.899999618530273,66617,0.0,0.0
2024-02-22 09:30:00-05:00,23.899999618530273,24.022499084472656,23.850000381469727,23.950000762939453,26512,0.0,0.0
2024-02-22 10:30:00-05:00,23.954999923706055,24.010000228881836,23.94499969482422,23.954999923706055,13342,0.0,0.0
2024-02-22 11:30:00-05:00,23.979999542236328,24.229999542236328,23.969999313354492,24.22010040283203,30364,0.0,0.0
2024-02-22 12:30:00-05:00,24.239999771118164,24.239999771118164,24.110000610351562,24.149999618530273,11618,0.0,0.0
2024-02-22 13:30:00-05:00,24.139999389648438,24.155000686645508,24.030000686645508,24.049999237060547,39975,0.0,0.0
2024-02-22 14:30:00-05:00,24.045000076293945,24.06999969482422,24.0,24.040000915527344,47159,0.0,0.0
2024-02-22 15:30:00-05:00,24.030000686645508,24.040000915527344,23.950000762939453,23.959999084472656,114862,0.0,0.0
2024-02-23 09:30:00-05:00,23.950000762939453,24.100000381469727,23.850000381469727,23.8799991607666,14505,0.0,0.0
2024-02-23 10:30:00-05:00,23.899999618530273,24.1299991607666,23.899999618530273,24.110000610351562,10376,0.0,0.0
2024-02-23 11:30:00-05:00,24.139999389648438,24.329999923706055,24.1299991607666,24.31999969482422,15597,0.0,0.0
2024-02-23 12:30:00-05:00,24.309999465942383,24.329999923706055,24.110000610351562,24.18000030517578,17307,0.0,0.0
2024-02-23 13:30:00-05:00,24.139999389648438,24.18000030517578,23.975000381469727,24.014999389648438,35902,0.0,0.0
2024-02-23 14:30:00-05:00,24.059999465942383,24.18000030517578,23.98200035095215,24.030000686645508,24602,0.0,0.0
2024-02-23 15:30:00-05:00,24.014999389648438,24.09000015258789,23.989999771118164,24.010000228881836,43839,0.0,0.0
2024-02-26 09:30:00-05:00,23.93000030517578,24.407499313354492,23.93000030517578,24.3799991607666,28897,0.0,0.0
2024-02-26 10:30:00-05:00,24.3700008392334,24.40999984741211,24.280000686645508,24.40999984741211,38365,0.0,0.0
2024-02-26 11:30:00-05:00,24.40999984741211,24.56999969482422,24.329999923706055,24.56999969482422,43546,0.0,0.0
2024-02-26 12:30:00-05:00,24.579999923706055,24.6200008392334,24.3799991607666,24.415000915527344,54929,0.0,0.0
2024-02-26 13:30:00-05:00,24.40999984741211,24.677499771118164,24.389999389648438,24.65999984741211,42975,0.0,0.0
2024-02-26 14:30:00-05:00,24.670000076293945,24.780000686645508,24.59000015258789,24.760000228881836,38441,0.0,0.0
2024-02-26 15:30:00-05:00,24.760000228881836,24.780000686645508,24.6299991607666,24.6299991607666,60395,0.0,0.0
2024-02-27 09:30:00-05:00,24.780000686645508,24.899999618530273,24.65999984741211,24.770000457763672,18443,0.0,0.0
2024-02-27 10:30:00-05:00,24.809999465942383,24.84000015258789,24.71500015258789,24.83880043029785,24850,0.0,0.0
2024-02-27 11:30:00-05:00,24.81999969482422,24.854999542236328,24.770000457763672,24.799999237060547,18418,0.0,0.0
2024-02-27 12:30:00-05:00,24.790000915527344,24.989999771118164,24.729999542236328,24.924999237060547,243337,0.0,0.0
2024-02-27 13:30:00-05:00,24.940000534057617,25.110000610351562,24.899999618530273,25.110000610351562,36924,0.0,0.0
2024-02-27 14:30:00-05:00,25.1200008392334,25.21500015258789,24.8700008392334,25.21500015258789,95353,0.0,0.0
2024-02-27 15:30:00-05:00,25.229999542236328,25.239999771118164,25.059999465942383,25.139999389648438,71750,0.0,0.0
2024-02-28 09:30:00-05:00,24.93000030517578,25.09000015258789,24.850000381469727,25.06999969482422,20735,0.0,0.0
2024-02-28 10:30:00-05:00,25.100000381469727,25.280000686645508,25.100000381469727,25.22949981689453,30996,0.0,0.0
2024-02-28 11:30:00-05:00,25.219999313354492,25.299999237060547,25.18000030517578,25.25,30669,0.0,0.0
2024-02-28 12:30:00-05:00,25.239999771118164,25.3700008392334,25.209999084472656,25.309999465942383,23526,0.0,0.0
2024-02-28 13:30:00-05:00,25.31999969482422,25.450000762939453,25.209999084472656,25.290000915527344,62603,0.0,0.0
2024-02-28 14:30:00-05:00,25.280000686645508,25.420000076293945,25.25,25.299999237060547,39870,0.0,0.0
2024-02-28 15:30:00-05:00,25.309999465942383,25.34000015258789,25.190000534057617,25.209999084472656,43075,0.0,0.0
2024-02-29 09:30:00-05:00,25.479999542236328,25.6299991607666,25.309999465942383,25.399999618530273,32809,0.0,0.0
2024-02-29 10:30:00-05:00,25.420000076293945,25.639999389648438,25.35919952392578,25.6200008392334,37048,0.0,0.0
2024-02-29 11:30:00-05:00,25.6200008392334,25.729999542236328,25.4950008392334,25.649999618530273,24428,0.0,0.0
2024-02-29 12:30:00-05:00,25.6299991607666,25.645000457763672,25.450000762939453,25.559999465942383,19217,0.0,0.0
2024-02-29 13:30:00-05:00,25.559999465942383,25.559999465942383,25.420000076293945,25.420000076293945,21057,0.0,0.0
2024-02-29 14:30:00-05:00,25.440000534057617,25.450000762939453,25.200000762939453,25.204999923706055,32193,0.0,0.0
2024-02-29 15:30:00-05:00,25.219999313354492,25.229999542236328,25.040000915527344,25.049999237060547,56596,0.0,0.0
2024-03-01 09:30:00-05:00,25.34000015258789,25.34000015258789,24.985000610351562,25.09000015258789,32623,0.0,0.0
2024-03-01 10:30:00-05:00,25.09000015258789,25.270000457763672,25.040000915527344,25.219999313354492,25091,0.0,0.0
2024-03-01 11:30:00-05:00,25.21500015258789,25.260000228881836,25.139999389648438,25.15999984741211,11645,0.0,0.0
2024-03-01 12:30:00-05:00,25.1697998046875,25.364999771118164,25.139999389648438,25.364999771118164,24661,0.0,0.0
2024-03-01 13:30:00-05:00,25.36989974975586,25.56999969482422,25.364999771118164,25.56999969482422,70318,0.0,0.0
2024-03-01 14:30:00-05:00,25.59000015258789,25.59000015258789,25.290000915527344,25.389999389648438,112406,0.0,0.0
2024-03-01 15:30:00-05:00,25.3700008392334,25.3700008392334,25.190000534057617,25.360000610351562,65726,0.0,0.0
2024-03-04 09:30:00-05:00,25.56999969482422,25.878799438476562,25.502199172973633,25.520000457763672,62929,0.0,0.0
2024-03-04 10:30:00-05:00,25.520000457763672,25.610000610351562,25.362199783325195,25.479999542236328,26004,0.0,0.0
2024-03-04 11:30:00-05:00,25.489999771118164,25.56999969482422,25.290000915527344,25.53030014038086,30606,0.0,0.0
2024-03-04 12:30:00-05:00,25.540000915527344,25.600000381469727,25.329999923706055,25.3700008392334,29743,0.0,0.0
2024-03-04 13:30:00-05:00,25.3799991607666,25.43000030517578,25.110000610351562,25.125,48485,0.0,0.0
2024-03-04 14:30:00-05:00,25.139999389648438,25.34000015258789,25.135000228881836,25.229999542236328,51470,0.0,0.0
2024-03-04 15:30:00-05:00,25.229999542236328,25.540000915527344,25.18000030517578,25.440000534057617,277157,0.0,0.0
2024-03-05 09:30:00-05:00,24.610000610351562,25.75,24.610000610351562,24.850000381469727,421193,0.0,0.0
2024-03-05 10:30:00-05:00,24.860000610351562,25.09000015258789,24.510000228881836,24.707500457763672,160671,0.0,0.0
2024-03-05 11:30:00-05:00,24.84000015258789,24.860000610351562,24.579999923706055,24.739999771118164,0,0.0,0.0
2024-03-05 12:30:00-05:00,24.739999771118164,25.139999389648438,24.670000076293945,25.139999389648438,55053,0.0,0.0
2024-03-05 13:30:00-05:00,25.12540054321289,25.389999389648438,24.950000762939453,25.08099937438965,103042,0.0,0.0
2024-03-05 14:30:00-05:00,25.079999923706055,25.100000381469727,24.795000076293945,25.0,182346,0.0,0.0
2024-03-05 15:30:00-05:00,25.010000228881836,25.040000915527344,24.56999969482422,24.56999969482422,634777,0.0,0.0
2024-03-06 09:30:00-05:00,24.420000076293945,25.670000076293945,24.09000015258789,25.190000534057617,211787,0.0,0.0
2024-03-06 10:30:00-05:00,25.16200065612793,25.260000228881836,24.979999542236328,25.079999923706055,7877,0.0,0.0
2024-03-06 11:30:00-05:00,25.06999969482422,25.170000076293945,24.920000076293945,24.979999542236328,36823,0.0,0.0
2024-03-06 12:30:00-05:00,24.979999542236328,25.06999969482422,24.850000381469727,24.915000915527344,27129,0.0,0.0
2024-03-06 13:30:00-05:00,24.915000915527344,24.915000915527344,24.485000610351562,24.530000686645508,42174,0.0,0.0
2024-03-06 14:30:00-05:00,24.559999465942383,24.559999465942383,24.280000686645508,24.43000030517578,69919,0.0,0.0
2024-03-06 15:30:00-05:00,24.434999465942383,24.635000228881836,24.3799991607666,24.5,283089,0.0,0.0
2024-03-07 09:30:00-05:00,24.68000030517578,24.68000030517578,24.25,24.510000228881836,35179,0.0,0.0
2024-03-07 10:30:00-05:00,24.485000610351562,24.729999542236328,24.434999465942383,24.709999084472656,29684,0.0,0.0
2024-03-07 11:30:00-05:00,24.709999084472656,25.18000030517578,24.709999084472656,25.155000686645508,119392,0.0,0.0
2024-03-07 12:30:00-05:00,25.133699417114258,25.309999465942383,25.13010025024414,25.299999237060547,71389,0.0,0.0
2024-03-07 13:30:00-05:00,25.29800033569336,25.31999969482422,24.829999923706055,24.829999923706055,189748,0.0,0.0
2024-03-07 14:30:00-05:00,24.860000610351562,25.0,24.81100082397461,24.860000610351562,119859,0.0,0.0
2024-03-07 15:30:00-05:00,24.850000381469727,24.8799991607666,24.649999618530273,24.790000915527344,120744,0.0,0.0
2024-03-08 09:30:00-05:00,24.260000228881836,25.790000915527344,24.219999313354492,25.68000030517578,671908,0.0,0.0
2024-03-08 10:30:00-05:00,25.694000244140625,25.729999542236328,25.290000915527344,25.290000915527344,260322,0.0,0.0
2024-03-08 11:30:00-05:00,25.260000228881836,25.299999237060547,25.0,25.040000915527344,178917,0.0,0.0
2024-03-08 12:30:00-05:00,25.059999465942383,25.209999084472656,24.989999771118164,25.041200637817383,168091,0.0,0.0
2024-03-08 13:30:00-05:00,25.04129981994629,25.1299991607666,24.969999313354492,25.040000915527344,167113,0.0,0.0
2024-03-08 14:30:00-05:00,25.045799255371094,25.1200008392334,24.979999542236328,25.009000778198242,154329,0.0,0.0
2024-03-08 15:30:00-05:00,25.0049991607666,25.02899932861328,24.96500015258789,24.997499465942383,249810,0.0,0.0
2024-03-11 09:30:00-04:00,24.760000228881836,24.8700008392334,24.010000228881836,24.299999237060547,128455,0.0,0.0
2024-03-11 10:30:00-04:00,24.31999969482422,24.43000030517578,24.18000030517578,24.360000610351562,69437,0.0,0.0
2024-03-11 11:30:00-04:00,24.360000610351562,24.360000610351562,24.229999542236328,24.290000915527344,90766,0.0,0.0
2024-03-11 12:30:00-04:00,24.280000686645508,24.530000686645508,24.280000686645508,24.489999771118164,93829,0.0,0.0
2024-03-11 13:30:00-04:00,24.489999771118164,24.780000686645508,24.469999313354492,24.772499084472656,99821,0.0,0.0
2024-03-11 14:30:00-04:00,24.774999618530273,24.850000381469727,24.6299991607666,24.735000610351562,127826,0.0,0.0
2024-03-11 15:30:00-04:00,24.735000610351562,24.780000686645508,24.6200008392334,24.639999389648438,136207,0.0,0.0
2024-03-12 09:30:00-04:00,24.43000030517578,24.479999542236328,24.09000015258789,24.299999237060547,194241,0.0,0.0
2024-03-12 10:30:00-04:00,24.299999237060547,24.68779945373535,24.299999237060547,24.6299991607666,102029,0.0,0.0
2024-03-12 11:30:00-04:00,24.610000610351562,24.649999618530273,24.34000015258789,24.375,99166,0.0,0.0
2024-03-12 12:30:00-04:00,24.375,24.389999389648438,24.260000228881836,24.315000534057617,70338,0.0,0.0
2024-03-12 13:30:00-04:00,24.309999465942383,24.469999313354492,24.290000915527344,24.427400588989258,73169,0.0,0.0
2024-03-12 14:30:00-04:00,24.420000076293945,24.489999771118164,24.385000228881836,24.459999084472656,105709,0.0,0.0
2024-03-12 15:30:00-04:00,24.459999084472656,24.579999923706055,24.434999465942383,24.579999923706055,214069,0.0,0.0
2024-03-13 09:30:00-04:00,24.579999923706055,24.71500015258789,24.350000381469727,24.350000381469727,26677,0.0,0.0
2024-03-13 10:30:00-04:00,24.358999252319336,24.604999542236328,24.358999252319336,24.59000015258789,22002,0.0,0.0
2024-03-13 11:30:00-04:00,24.59000015258789,24.6299991607666,24.559999465942383,24.610000610351562,28775,0.0,0.0
2024-03-13 12:30:00-04:00,24.600000381469727,24.610000610351562,24.440000534057617,24.459999084472656,24826,0.0,0.0
2024-03-13 13:30:00-04:00,24.469999313354492,24.53499984741211,24.3700008392334,24.3700008392334,39392,0.0,0.0
2024-03-13 14:30:00-04:00,24.350000381469727,24.420000076293945,24.229999542236328,24.229999542236328,89758,0.0,0.0
2024-03-13 15:30:00-04:00,24.25,24.290000915527344,24.1200008392334,24.229999542236328,83376,0.0,0.0
2024-03-14 09:30:00-04:00,24.09000015258789,24.27989959716797,23.90999984741211,23.969999313354492,38401,0.0,0.0
2024-03-14 10:30:00-04:00,23.979999542236328,24.18000030517578,23.90999984741211,24.09000015258789,42218,0.0,0.0
2024-03-14 11:30:00-04:00,24.094999313354492,24.264999389648438,23.992000579833984,24.145000457763672,47069,0.0,0.0
2024-03-14 12:30:00-04:00,24.145000457763672,24.559999465942383,24.1200008392334,24.3799991607666,244688,0.0,0.0
2024-03-14 13:30:00-04:00,24.390899658203125,24.390899658203125,24.209999084472656,24.229999542236328,98827,0.0,0.0
2024-03-14 14:30:00-04:00,24.220699310302734,24.239999771118164,24.100000381469727,24.219499588012695,85418,0.0,0.0
2024-03-14 15:30:00-04:00,24.200000762939453,24.268199920654297,24.18000030517578,24.200000762939453,90071,0.0,0.0
2024-03-15 09:30:00-04:00,24.1200008392334,24.350000381469727,23.940000534057617,24.03499984741211,100682,0.0,0.0
2024-03-15 10:30:00-04:00,24.024999618530273,24.06999969482422,23.940000534057617,24.040000915527344,50084,0.0,0.0
2024-03-15 11:30:00-04:00,24.049999237060547,24.200000762939453,23.985000610351562,24.190000534057617,41868,0.0,0.0
2024-03-15 12:30:00-04:00,24.190000534057617,24.420000076293945,24.190000534057617,24.350000381469727,69213,0.0,0.0
2024-03-15 13:30:00-04:00,24.360000610351562,24.489999771118164,24.260000228881836,24.360000610351562,37720,0.0,0.0
2024-03-15 14:30:00-04:00,24.379899978637695,24.389999389648438,24.2450008392334,24.290000915527344,27283,0.0,0.0
2024-03-15 15:30:00-04:00,24.290000915527344,24.559999465942383,24.270000457763672,24.520000457763672,239709,0.0,0.0
2024-03-18 09:30:00-04:00,24.540000915527344,24.540000915527344,23.989999771118164,23.989999771118164,42090,0.0,0.0
2024-03-18 10:30:00-04:00,23.990800857543945,24.079999923706055,23.6200008392334,23.899999618530273,151875,0.0,0.0
2024-03-18 11:30:00-04:00,23.899999618530273,24.045000076293945,23.8799991607666,24.010000228881836,36548,0.0,0.0
2024-03-18 12:30:00-04:00,23.989999771118164,24.0,23.850000381469727,23.8700008392334,25515,0.0,0.0
2024-03-18 13:30:00-04:00,23.86989974975586,23.93000030517578,23.829999923706055,23.8700008392334,34924,0.0,0.0
2024-03-18 14:30:00-04:00,23.8799991607666,23.969999313354492,23.825000762939453,23.825000762939453,74557,0.0,0.0
2024-03-18 15:30:00-04:00,23.81999969482422,23.84000015258789,23.610000610351562,23.6200008392334,155181,0.0,0.0
2024-03-19 09:30:00-04:00,23.65999984741211,23.700000762939453,23.489999771118164,23.604999542236328,63733,0.0,0.0
2024-03-19 10:30:00-04:00,23.604999542236328,23.75,23.530000686645508,23.73940086364746,29566,0.0,0.0
2024-03-19 11:30:00-04:00,23.719999313354492,23.950000762939453,23.690000534057617,23.950000762939453,47957,0.0,0.0
2024-03-19 12:30:00-04:00,23.959999084472656,24.0,23.8799991607666,23.90999984741211,38030,0.0,0.0
2024-03-19 13:30:00-04:00,23.920000076293945,24.0,23.90999984741211,23.969999313354492,33659,0.0,0.0
2024-03-19 14:30:00-04:00,23.969999313354492,23.969999313354492,23.684999465942383,23.700000762939453,65576,0.0,0.0
2024-03-19 15:30:00-04:00,23.719999313354492,23.969999313354492,23.707300186157227,23.8700008392334,102748,0.0,0.0
2024-03-20 09:30:00-04:00,23.950000762939453,24.155000686645508,23.809999465942383,24.155000686645508,37939,0.0,0.0
2024-03-20 10:30:00-04:00,24.15999984741211,24.239999771118164,24.11009979248047,24.209999084472656,26890,0.0,0.0
2024-03-20 11:30:00-04:00,24.209999084472656,24.219999313354492,24.104999542236328,24.16200065612793,25900,0.0,0.0
2024-03-20 12:30:00-04:00,24.15999984741211,24.174999237060547,24.065000534057617,24.1200008392334,23931,0.0,0.0
2024-03-20 13:30:00-04:00,24.1200008392334,24.260000228881836,24.084999084472656,24.15999984741211,32651,0.0,0.0
2024-03-20 14:30:00-04:00,24.204999923706055,24.5,24.1200008392334,24.5,61345,0.0,0.0
2024-03-20 15:30:00-04:00,24.493799209594727,24.5,24.15999984741211,24.315000534057617,218192,0.0,0.0
2024-03-21 09:30:00-04:00,24.299999237060547,24.299999237060547,23.90220069885254,23.979999542236328,75083,0.0,0.0
2024-03-21 10:30:00-04:00,23.974599838256836,24.239999771118164,23.93000030517578,24.239999771118164,34728,0.0,0.0
2024-03-21 11:30:00-04:00,24.25,24.40999984741211,24.200000762939453,24.389999389648438,36044,0.0,0.0
2024-03-21 12:30:00-04:00,24.38319969177246,24.485000610351562,24.350000381469727,24.485000610351562,18765,0.0,0.0
2024-03-21 13:30:00-04:00,24.486000061035156,24.639999389648438,24.459999084472656,24.639999389648438,46202,0.0,0.0
2024-03-21 14:30:00-04:00,24.6299991607666,24.700000762939453,24.59000015258789,24.639999389648438,53773,0.0,0.0
2024-03-21 15:30:00-04:00,24.6299991607666,24.639999389648438,24.43000030517578,24.459999084472656,80584,0.0,0.0
2024-03-22 09:30:00-04:00,24.56999969482422,24.582500457763672,24.309999465942383,24.3799991607666,44918,0.0,0.0
2024-03-22 10:30:00-04:00,24.350000381469727,24.389999389648438,24.229999542236328,24.25,42834,0.0,0.0
2024-03-22 11:30:00-04:00,24.239999771118164,24.239999771118164,24.09000015258789,24.139999389648438,28504,0.0,0.0
2024-03-22 12:30:00-04:00,24.170000076293945,24.25,24.1200008392334,24.239999771118164,14847,0.0,0.0
2024-03-22 13:30:00-04:00,24.239999771118164,24.440000534057617,24.19499969482422,24.350000381469727,51684,0.0,0.0
2024-03-22 14:30:00-04:00,24.34000015258789,24.34000015258789,24.1200008392334,24.170000076293945,35845,0.0,0.0
2024-03-22 15:30:00-04:00,24.165000915527344,24.260000228881836,24.149999618530273,24.239999771118164,78860,0.0,0.0
2024-03-25 09:30:00-04:00,24.190000534057617,24.399999618530273,24.190000534057617,24.31999969482422,16380,0.0,0.0
2024-03-25 10:30:00-04:00,24.290000915527344,24.290000915527344,24.049999237060547,24.170000076293945,17479,0.0,0.0
2024-03-25 11:30:00-04:00,24.1697998046875,24.184999465942383,24.100000381469727,24.15999984741211,8637,0.0,0.0
2024-03-25 12:30:00-04:00,24.15999984741211,24.15999984741211,24.020000457763672,24.059999465942383,14461,0.0,0.0
2024-03-25 13:30:00-04:00,24.040000915527344,24.190000534057617,24.020000457763672,24.110000610351562,54204,0.0,0.0
2024-03-25 14:30:00-04:00,24.139999389648438,24.239999771118164,24.1299991607666,24.149999618530273,42738,0.0,0.0
2024-03-25 15:30:00-04:00,24.170000076293945,24.18000030517578,24.0,24.059999465942383,73060,0.0,0.0
2024-03-26 09:30:00-04:00,24.280000686645508,24.3799991607666,24.190000534057617,24.260000228881836,24421,0.0,0.0
2024-03-26 10:30:00-04:00,24.260000228881836,24.329999923706055,24.1200008392334,24.280000686645508,42241,0.0,0.0
2024-03-26 11:30:00-04:00,24.250999450683594,24.34000015258789,24.209999084472656,24.229999542236328,22070,0.0,0.0
2024-03-26 12:30:00-04:00,24.239999771118164,24.329999923706055,24.219999313354492,24.290000915527344,22425,0.0,0.0
2024-03-26 13:30:00-04:00,24.295000076293945,24.299999237060547,24.209999084472656,24.260000228881836,21406,0.0,0.0
2024-03-26 14:30:00-04:00,24.260000228881836,24.290000915527344,24.190000534057617,24.200000762939453,32114,0.0,0.0
2024-03-26 15:30:00-04:00,24.190000534057617,24.19499969482422,24.09000015258789,24.15999984741211,40500,0.0,0.0
2024-03-27 09:30:00-04:00,24.270000457763672,24.6299991607666,24.040000915527344,24.079999923706055,424558,0.0,0.0
2024-03-27 10:30:00-04:00,24.079999923706055,24.229999542236328,24.03499984741211,24.190000534057617,21418,0.0,0.0
2024-03-27 11:30:00-04:00,24.209999084472656,24.235000610351562,24.139999389648438,24.15999984741211,26153,0.0,0.0
2024-03-27 12:30:00-04:00,24.15999984741211,24.280000686645508,24.15999984741211,24.280000686645508,19374,0.0,0.0
2024-03-27 13:30:00-04:00,24.260000228881836,24.28499984741211,24.229999542236328,24.264999389648438,26233,0.0,0.0
2024-03-27 14:30:00-04:00,24.270000457763672,24.350000381469727,24.239999771118164,24.34000015258789,29760,0.0,0.0
2024-03-27 15:30:00-04:00,24.349899291992188,24.3700008392334,24.231000900268555,24.343000411987305,59706,0.0,0.0
2024-03-28 09:30:00-04:00,24.350000381469727,24.8799991607666,24.350000381469727,24.799999237060547,100396,0.0,0.0
2024-03-28 10:30:00-04:00,24.799999237060547,24.90999984741211,24.690000534057617,24.739999771118164,44161,0.0,0.0
2024-03-28 11:30:00-04:00,24.72100067138672,24.940000534057617,24.690000534057617,24.850000381469727,51845,0.0,0.0
2024-03-28 12:30:00-04:00,24.850000381469727,24.889999389648438,24.799999237060547,24.799999237060547,30807,0.0,0.0
2024-03-28 13:30:00-04:00,24.78499984741211,24.809999465942383,24.6299991607666,24.655000686645508,35257,0.0,0.0
2024-03-28 14:30:00-04:00,24.6299991607666,24.75,24.520000457763672,24.570100784301758,91669,0.0,0.0
2024-03-28 15:30:00-04:00,24.573999404907227,24.6200008392334,24.510000228881836,24.610000610351562,104278,0.0,0.0
2024-04-01 09:30:00-04:00,24.760000228881836,24.899999618530273,24.600000381469727,24.6200008392334,95304,0.0,0.0
2024-04-01 10:30:00-04:00,24.6200008392334,24.809999465942383,24.584999084472656,24.760000228881836,76988,0.0,0.0
2024-04-01 11:30:00-04:00,24.739999771118164,25.25,24.739999771118164,25.18000030517578,241378,0.0,0.0
2024-04-01 12:30:00-04:00,25.239999771118164,25.389999389648438,25.200000762939453,25.3700008392334,59786,0.0,0.0
2024-04-01 13:30:00-04:00,25.374900817871094,25.530000686645508,25.15999984741211,25.15999984741211,87840,0.0,0.0
2024-04-01 14:30:00-04:00,25.170000076293945,25.249900817871094,25.149999618530273,25.239999771118164,65541,0.0,0.0
2024-04-01 15:30:00-04:00,25.2450008392334,25.40999984741211,25.209999084472656,25.40999984741211,158028,0.0,0.0
2024-04-02 09:30:00-04:00,25.25,25.372100830078125,24.079999923706055,24.202699661254883,501762,0.0,0.0
2024-04-02 10:30:00-04:00,24.222700119018555,24.385000228881836,24.11520004272461,24.12849998474121,92056,0.0,0.0
2024-04-02 11:30:00-04:00,24.139999389648438,24.170000076293945,23.770000457763672,23.780000686645508,138190,0.0,0.0
2024-04-02 12:30:00-04:00,23.809999465942383,23.850000381469727,23.649999618530273,23.764999389648438,80594,0.0,0.0
2024-04-02 13:30:00-04:00,23.764999389648438,23.764999389648438,23.559999465942383,23.59000015258789,97938,0.0,0.0
2024-04-02 14:30:00-04:00,23.584999084472656,23.642499923706055,23.2549991607666,23.299999237060547,230827,0.0,0.0
2024-04-02 15:30:00-04:00,23.31999969482422,23.479999542236328,23.270000457763672,23.43000030517578,261120,0.0,0.0
2024-04-03 09:30:00-04:00,23.43000030517578,23.690000534057617,23.329999923706055,23.530000686645508,63669,0.0,0.0
2024-04-03 10:30:00-04:00,23.53499984741211,23.6299991607666,23.399999618530273,23.610000610351562,43614,0.0,0.0
2024-04-03 11:30:00-04:00,23.6200008392334,23.649999618530273,23.459999084472656,23.524999618530273,30171,0.0,0.0
2024-04-03 12:30:00-04:00,23.510000228881836,23.6200008392334,23.440000534057617,23.6200008392334,29509,0.0,0.0
2024-04-03 13:30:00-04:00,23.610000610351562,23.65999984741211,23.510000228881836,23.625,34138,0.0,0.0
2024-04-03 14:30:00-04:00,23.610000610351562,23.6200008392334,23.459999084472656,23.575000762939453,45713,0.0,0.0
2024-04-03 15:30:00-04:00,23.56999969482422,23.610000610351562,23.530000686645508,23.604999542236328,92711,0.0,0.0
2024-04-04 09:30:00-04:00,23.790000915527344,23.969999313354492,23.65999984741211,23.780000686645508,26684,0.0,0.0
2024-04-04 10:30:00-04:00,23.790000915527344,23.8799991607666,23.56999969482422,23.604999542236328,46251,0.0,0.0
2024-04-04 11:30:00-04:00,23.604999542236328,23.6200008392334,23.40999984741211,23.40999984741211,43137,0.0,0.0
2024-04-04 12:30:00-04:00,23.40999984741211,23.489999771118164,23.270000457763672,23.290000915527344,38065,0.0,0.0
2024-04-04 13:30:00-04:00,23.290000915527344,23.3700008392334,23.06999969482422,23.170000076293945,56141,0.0,0.0
2024-04-04 14:30:00-04:00,23.15999984741211,23.170000076293945,22.825000762939453,22.825000762939453,98088,0.0,0.0
2024-04-04 15:30:00-04:00,22.825000762939453,22.940000534057617,22.799999237060547,22.90999984741211,91937,0.0,0.0
2024-04-05 09:30:00-04:00,22.761999130249023,23.200000762939453,22.760000228881836,23.059999465942383,83554,0.0,0.0
2024-04-05 10:30:00-04:00,23.06999969482422,23.079999923706055,22.690000534057617,22.799999237060547,83361,0.0,0.0
2024-04-05 11:30:00-04:00,22.827699661254883,22.969999313354492,22.760000228881836,22.954999923706055,53216,0.0,0.0
2024-04-05 12:30:00-04:00,22.940000534057617,22.959999084472656,22.829999923706055,22.959999084472656,44600,0.0,0.0
2024-04-05 13:30:00-04:00,22.989999771118164,23.0,22.860000610351562,22.920000076293945,54958,0.0,0.0
2024-04-05 14:30:00-04:00,22.920000076293945,22.969999313354492,22.8700008392334,22.959999084472656,74085,0.0,0.0
2024-04-05 15:30:00-04:00,22.959999084472656,22.985000610351562,22.729999542236328,22.760000228881836,164707,0.0,0.0
2024-04-08 09:30:00-04:00,22.760000228881836,22.975000381469727,22.6200008392334,22.950000762939453,70440,0.0,0.0
2024-04-08 10:30:00-04:00,22.959999084472656,23.239999771118164,22.850000381469727,23.225000381469727,48247,0.0,0.0
2024-04-08 11:30:00-04:00,23.200000762939453,23.260000228881836,23.139999389648438,23.139999389648438,32531,0.0,0.0
2024-04-08 12:30:00-04:00,23.139999389648438,23.215999603271484,23.059999465942383,23.209999084472656,22986,0.0,0.0
2024-04-08 13:30:00-04:00,23.209999084472656,23.25,23.079999923706055,23.170000076293945,44995,0.0,0.0
2024-04-08 14:30:00-04:00,23.170000076293945,23.239999771118164,23.1200008392334,23.170000076293945,42301,0.0,0.0
2024-04-08 15:30:00-04:00,23.170000076293945,23.190000534057617,23.079999923706055,23.15999984741211,59707,0.0,0.0
2024-04-09 09:30:00-04:00,23.25,23.290000915527344,23.018400192260742,23.280000686645508,34135,0.0,0.0
2024-04-09 10:30:00-04:00,23.274999618530273,23.459999084472656,23.229999542236328,23.420000076293945,59560,0.0,0.0
2024-04-09 11:30:00-04:00,23.43000030517578,23.5,23.334999084472656,23.43000030517578,39384,0.0,0.0
2024-04-09 12:30:00-04:00,23.43000030517578,23.5,23.280000686645508,23.299999237060547,35283,0.0,0.0
2024-04-09 13:30:00-04:00,23.309999465942383,23.334999084472656,23.190000534057617,23.190000534057617,34562,0.0,0.0
2024-04-09 14:30:00-04:00,23.18000030517578,23.229000091552734,23.094999313354492,23.1299991607666,45841,0.0,0.0
2024-04-09 15:30:00-04:00,23.15999984741211,23.174999237060547,23.059999465942383,23.1299991607666,72878,0.0,0.0
2024-04-10 09:30:00-04:00,22.6299991607666,22.93899917602539,22.31999969482422,22.93899917602539,38492,0.0,0.0
2024-04-10 10:30:00-04:00,22.920000076293945,23.05500030517578,22.920000076293945,23.040000915527344,42091,0.0,0.0
2024-04-10 11:30:00-04:00,23.030000686645508,23.09000015258789,22.940000534057617,23.06999969482422,26156,0.0,0.0
2024-04-10 12:30:00-04:00,23.079999923706055,23.100000381469727,22.770000457763672,22.770000457763672,30416,0.0,0.0
2024-04-10 13:30:00-04:00,22.75,23.0,22.690000534057617,22.8700008392334,53002,0.0,0.0
2024-04-10 14:30:00-04:00,22.860000610351562,23.149999618530273,22.850000381469727,22.93000030517578,42864,0.0,0.0
2024-04-10 15:30:00-04:00,22.93000030517578,23.010000228881836,22.8799991607666,23.0,129584,0.0,0.0
2024-04-11 09:30:00-04:00,23.049999237060547,23.049999237060547,22.719999313354492,22.788999557495117,19241,0.0,0.0
2024-04-11 10:30:00-04:00,22.81999969482422,23.010000228881836,22.799999237060547,22.9950008392334,36755,0.0,0.0
2024-04-11 11:30:00-04:00,23.010000228881836,23.209999084472656,22.969999313354492,23.18000030517578,24995,0.0,0.0
2024-04-11 12:30:00-04:00,23.170000076293945,23.229999542236328,23.1299991607666,23.18000030517578,25471,0.0,0.0
2024-04-11 13:30:00-04:00,23.15999984741211,23.15999984741211,23.06999969482422,23.149999618530273,16309,0.0,0.0
2024-04-11 14:30:00-04:00,23.149999618530273,23.18000030517578,23.09000015258789,23.1200008392334,35083,0.0,0.0
2024-04-11 15:30:00-04:00,23.128999710083008,23.260000228881836,23.1200008392334,23.229999542236328,44252,0.0,0.0
2024-04-12 09:30:00-04:00,23.15999984741211,23.15999984741211,22.899999618530273,23.09000015258789,21599,0.0,0.0
2024-04-12 10:30:00-04:00,23.079999923706055,23.110000610351562,22.920000076293945,23.049999237060547,23712,0.0,0.0
2024-04-12 11:30:00-04:00,23.058000564575195,23.084999084472656,22.969999313354492,23.0,20820,0.0,0.0
2024-04-12 12:30:00-04:00,22.979999542236328,22.979999542236328,22.75,22.78499984741211,20067,0.0,0.0
2024-04-12 13:30:00-04:00,22.770000457763672,22.84000015258789,22.719999313354492,22.78499984741211,21237,0.0,0.0
2024-04-12 14:30:00-04:00,22.780000686645508,22.78499984741211,22.579999923706055,22.6299991607666,31517,0.0,0.0
2024-04-12 15:30:00-04:00,22.61009979248047,22.700000762939453,22.56999969482422,22.56999969482422,60898,0.0,0.0
2024-04-15 09:30:00-04:00,22.579999923706055,22.899999618530273,22.579999923706055,22.7450008392334,19869,0.0,0.0
2024-04-15 10:30:00-04:00,22.729999542236328,22.850000381469727,22.729999542236328,22.849000930786133,32567,0.0,0.0
2024-04-15 11:30:00-04:00,22.850000381469727,22.969999313354492,22.829999923706055,22.8799991607666,30825,0.0,0.0
2024-04-15 12:30:00-04:00,22.8700008392334,22.8700008392334,22.709999084472656,22.725000381469727,41822,0.0,0.0
2024-04-15 13:30:00-04:00,22.725000381469727,22.725000381469727,22.559999465942383,22.59000015258789,35520,0.0,0.0
2024-04-15 14:30:00-04:00,22.579999923706055,22.6200008392334,22.559999465942383,22.6200008392334,46926,0.0,0.0
2024-04-15 15:30:00-04:00,22.6200008392334,22.670000076293945,22.610000610351562,22.670000076293945,81603,0.0,0.0
2024-04-16 09:30:00-04:00,22.719999313354492,22.719999313354492,22.420000076293945,22.56999969482422,33823,0.0,0.0
2024-04-16 10:30:00-04:00,22.579999923706055,22.579999923706055,22.40999984741211,22.510000228881836,36532,0.0,0.0
2024-04-16 11:30:00-04:00,22.5,22.5,22.3700008392334,22.389999389648438,17437,0.0,0.0
2024-04-16 12:30:00-04:00,22.3700008392334,22.3799991607666,22.2450008392334,22.25,26593,0.0,0.0
2024-04-16 13:30:00-04:00,22.209999084472656,22.450000762939453,22.15999984741211,22.219999313354492,46408,0.0,0.0
2024-04-16 14:30:00-04:00,22.18000030517578,22.270000457763672,22.15999984741211,22.260000228881836,37452,0.0,0.0
2024-04-16 15:30:00-04:00,22.260000228881836,22.299999237060547,22.139999389648438,22.15999984741211,73043,0.0,0.0
2024-04-17 09:30:00-04:00,22.219999313354492,22.260000228881836,21.989999771118164,22.020000457763672,18578,0.0,0.0
2024-04-17 10:30:00-04:00,22.014999389648438,22.059999465942383,21.829999923706055,21.829999923706055,25702,0.0,0.0
2024-04-17 11:30:00-04:00,21.81999969482422,21.937999725341797,21.809999465942383,21.92799949645996,28761,0.0,0.0
2024-04-17 12:30:00-04:00,21.92799949645996,22.110000610351562,21.895000457763672,22.079999923706055,23578,0.0,0.0
2024-04-17 13:30:00-04:00,22.079999923706055,22.1299991607666,22.049999237060547,22.1200008392334,24202,0.0,0.0
2024-04-17 14:30:00-04:00,22.104700088500977,22.15999984741211,22.0,22.020000457763672,37562,0.0,0.0
2024-04-17 15:30:00-04:00,22.020000457763672,22.1299991607666,22.020000457763672,22.020000457763672,77915,0.0,0.0
2024-04-18 09:30:00-04:00,22.260000228881836,22.344999313354492,21.899999618530273,21.90999984741211,20152,0.0,0.0
2024-04-18 10:30:00-04:00,21.916000366210938,22.059999465942383,21.899999618530273,21.979999542236328,21106,0.0,0.0
2024-04-18 11:30:00-04:00,21.969999313354492,22.05500030517578,21.924999237060547,22.05500030517578,17012,0.0,0.0
2024-04-18 12:30:00-04:00,22.06999969482422,22.204999923706055,22.040000915527344,22.139999389648438,36949,0.0,0.0
2024-04-18 13:30:00-04:00,22.139999389648438,22.139999389648438,21.979999542236328,22.020000457763672,43014,0.0,0.0
2024-04-18 14:30:00-04:00,22.030000686645508,22.170000076293945,22.0049991607666,22.149999618530273,76430,0.0,0.0
2024-04-18 15:30:00-04:00,22.155000686645508,22.219999313354492,22.1200008392334,22.209999084472656,120474,0.0,0.0
2024-04-19 09:30:00-04:00,22.079999923706055,22.3799991607666,22.079999923706055,22.209999084472656,44516,0.0,0.0
2024-04-19 10:30:00-04:00,22.202999114990234,22.235000610351562,22.049999237060547,22.06999969482422,29351,0.0,0.0
2024-04-19 11:30:00-04:00,22.059999465942383,22.075000762939453,21.915000915527344,21.975000381469727,57116,0.0,0.0
2024-04-19 12:30:00-04:00,21.975000381469727,22.09000015258789,21.84000015258789,21.84000015258789,101145,0.0,0.0
2024-04-19 13:30:00-04:00,21.81999969482422,21.940000534057617,21.809999465942383,21.899999618530273,40516,0.0,0.0
2024-04-19 14:30:00-04:00,21.899999618530273,22.149999618530273,21.889999389648438,22.1299991607666,218925,0.0,0.0
2024-04-19 15:30:00-04:00,22.114999771118164,22.309999465942383,22.079999923706055,22.290000915527344,171941,0.0,0.0
2024-04-22 09:30:00-04:00,22.389999389648438,22.639999389648438,22.229999542236328,22.260000228881836,33150,0.0,0.0
2024-04-22 10:30:00-04:00,22.274999618530273,22.299999237060547,21.889999389648438,21.895000457763672,31408,0.0,0.0
2024-04-22 11:30:00-04:00,21.8799991607666,22.094999313354492,21.860000610351562,21.940000534057617,43676,0.0,0.0
2024-04-22 12:30:00-04:00,21.920000076293945,22.014999389648438,21.850000381469727,22.0,49765,0.0,0.0
2024-04-22 13:30:00-04:00,21.979999542236328,22.149999618530273,21.93000030517578,22.149999618530273,30513,0.0,0.0
2024-04-22 14:30:00-04:00,22.145000457763672,22.239999771118164,22.09000015258789,22.239999771118164,45357,0.0,0.0
2024-04-22 15:30:00-04:00,22.25,22.299999237060547,22.200000762939453,22.290000915527344,101511,0.0,0.0
2024-04-23 09:30:00-04:00,22.350000381469727,22.809999465942383,22.350000381469727,22.799999237060547,21677,0.0,0.0
2024-04-23 10:30:00-04:00,22.799999237060547,22.8700008392334,22.674999237060547,22.780000686645508,29055,0.0,0.0
2024-04-23 11:30:00-04:00,22.760000228881836,22.850000381469727,22.68000030517578,22.739999771118164,29819,0.0,0.0
2024-04-23 12:30:00-04:00,22.7549991607666,22.809999465942383,22.7283992767334,22.780000686645508,22560,0.0,0.0
2024-04-23 13:30:00-04:00,22.799999237060547,22.8700008392334,22.690000534057617,22.75,25884,0.0,0.0
2024-04-23 14:30:00-04:00,22.75,22.829099655151367,22.719999313354492,22.760000228881836,46323,0.0,0.0
2024-04-23 15:30:00-04:00,22.790000915527344,22.790000915527344,22.729999542236328,22.739999771118164,83288,0.0,0.0
2024-04-24 09:30:00-04:00,22.670000076293945,23.1200008392334,22.6299991607666,23.114999771118164,36277,0.0,0.0
2024-04-24 10:30:00-04:00,23.149999618530273,23.200000762939453,22.81999969482422,22.81999969482422,63181,0.0,0.0
2024-04-24 11:30:00-04:00,22.829999923706055,23.030000686645508,22.78499984741211,22.975000381469727,52700,0.0,0.0
2024-04-24 12:30:00-04:00,22.975000381469727,23.040000915527344,22.920000076293945,23.040000915527344,32925,0.0,0.0
2024-04-24 13:30:00-04:00,23.040000915527344,23.135000228881836,23.0,23.0,35754,0.0,0.0
2024-04-24 14:30:00-04:00,23.0,23.059999465942383,22.8700008392334,22.93000030517578,98957,0.0,0.0
2024-04-24 15:30:00-04:00,22.93000030517578,23.09000015258789,22.922500610351562,23.0,169831,0.0,0.0
2024-04-25 09:30:00-04:00,22.799999237060547,22.799999237060547,22.40999984741211,22.5049991607666,57259,0.0,0.0
2024-04-25 10:30:00-04:00,22.5,22.6200008392334,22.459999084472656,22.579999923706055,75256,0.0,0.0
2024-04-25 11:30:00-04:00,22.59000015258789,22.920000076293945,22.579999923706055,22.850000381469727,47511,0.0,0.0
2024-04-25 12:30:00-04:00,22.850000381469727,23.049999237060547,22.850000381469727,23.010000228881836,44571,0.0,0.0
2024-04-25 13:30:00-04:00,23.010000228881836,23.700000762939453,23.0049991607666,23.65999984741211,82891,0.0,0.0
2024-04-25 14:30:00-04:00,23.649999618530273,23.950000762939453,23.639999389648438,23.950000762939453,92922,0.0,0.0
2024-04-25 15:30:00-04:00,23.934999465942383,23.950000762939453,23.5,23.6200008392334,106282,0.0,0.0
2024-04-26 09:30:00-04:00,23.639999389648438,24.209999084472656,23.559999465942383,24.209999084472656,52359,0.0,0.0
2024-04-26 10:30:00-04:00,24.239999771118164,24.3700008392334,24.049999237060547,24.100000381469727,57592,0.0,0.0
2024-04-26 11:30:00-04:00,24.06999969482422,24.34000015258789,24.03619956970215,24.059999465942383,54648,0.0,0.0
2024-04-26 12:30:00-04:00,24.059999465942383,24.110000610351562,23.829999923706055,23.895000457763672,33221,0.0,0.0
2024-04-26 13:30:00-04:00,23.895000457763672,24.0,23.850000381469727,23.90999984741211,32702,0.0,0.0
2024-04-26 14:30:00-04:00,23.924999237060547,23.959999084472656,23.860000610351562,23.860000610351562,36002,0.0,0.0
2024-04-26 15:30:00-04:00,23.815000534057617,23.920000076293945,23.649999618530273,23.65999984741211,92905,0.0,0.0
2024-04-29 09:30:00-04:00,23.799999237060547,24.2450008392334,23.799999237060547,24.229999542236328,48701,0.0,0.0
2024-04-29 10:30:00-04:00,24.260000228881836,24.586700439453125,24.09000015258789,24.56999969482422,129870,0.0,0.0
2024-04-29 11:30:00-04:00,24.579999923706055,24.729999542236328,24.489999771118164,24.729999542236328,55741,0.0,0.0
2024-04-29 12:30:00-04:00,24.709999084472656,24.815000534057617,24.450000762939453,24.579999923706055,64314,0.0,0.0
2024-04-29 13:30:00-04:00,24.549999237060547,24.739999771118164,24.469999313354492,24.579999923706055,67446,0.0,0.0
2024-04-29 14:30:00-04:00,24.584999084472656,24.709999084472656,24.5,24.639999389648438,72725,0.0,0.0
2024-04-29 15:30:00-04:00,24.639999389648438,24.790000915527344,24.5,24.764999389648438,111663,0.0,0.0
2024-04-30 09:30:00-04:00,25.5,25.510000228881836,24.8700008392334,25.059999465942383,158334,0.0,0.0
2024-04-30 10:30:00-04:00,25.09000015258789,25.670000076293945,25.09000015258789,25.56999969482422,68343,0.0,0.0
2024-04-30 11:30:00-04:00,25.530000686645508,25.6299991607666,25.469999313354492,25.56999969482422,44815,0.0,0.0
2024-04-30 12:30:00-04:00,25.549999237060547,25.584999084472656,25.440000534057617,25.5049991607666,55811,0.0,0.0
2024-04-30 13:30:00-04:00,25.5049991607666,25.850000381469727,25.4950008392334,25.760000228881836,66562,0.0,0.0
2024-04-30 14:30:00-04:00,25.68000030517578,25.979999542236328,25.479999542236328,25.75,144646,0.0,0.0
2024-04-30 15:30:00-04:00,25.75,25.920000076293945,25.479999542236328,25.520000457763672,152588,0.0,0.0
2024-05-01 09:30:00-04:00,25.350000381469727,25.549999237060547,24.611000061035156,24.959999084472656,84409,0.0,0.0
2024-05-01 10:30:00-04:00,24.97330093383789,25.239999771118164,24.93000030517578,25.030000686645508,150940,0.0,0.0
2024-05-01 11:30:00-04:00,25.040000915527344,25.06999969482422,24.645000457763672,24.950000762939453,78465,0.0,0.0
2024-05-01 12:30:00-04:00,24.950000762939453,24.969900131225586,24.725000381469727,24.790000915527344,33327,0.0,0.0
2024-05-01 13:30:00-04:00,24.75,24.889999389648438,24.6200008392334,24.889999389648438,34682,0.0,0.0
2024-05-01 14:30:00-04:00,24.905000686645508,25.28499984741211,24.7810001373291,25.155000686645508,62744,0.0,0.0
2024-05-01 15:30:00-04:00,25.1299991607666,25.139999389648438,24.8799991607666,24.940000534057617,142635,0.0,0.0
2024-05-02 09:30:00-04:00,25.25,25.450000762939453,24.760000228881836,25.440000534057617,53918,0.0,0.0
2024-05-02 10:30:00-04:00,25.450000762939453,25.56999969482422,25.270000457763672,25.549999237060547,57479,0.0,0.0
2024-05-02 11:30:00-04:00,25.510000228881836,25.719999313354492,25.290000915527344,25.719999313354492,73196,0.0,0.0
2024-05-02 12:30:00-04:00,25.719999313354492,25.719999313354492,25.28499984741211,25.43000030517578,34378,0.0,0.0
2024-05-02 13:30:00-04:00,25.459999084472656,25.510000228881836,25.389999389648438,25.44499969482422,38278,0.0,0.0
2024-05-02 14:30:00-04:00,25.40999984741211,25.549999237060547,25.1200008392334,25.21500015258789,53043,0.0,0.0
2024-05-02 15:30:00-04:00,25.200000762939453,25.299999237060547,25.1299991607666,25.219999313354492,106966,0.0,0.0
2024-05-03 09:30:00-04:00,25.540000915527344,25.594999313354492,25.200000762939453,25.594999313354492,58131,0.0,0.0
2024-05-03 10:30:00-04:00,25.559999465942383,25.815000534057617,25.420000076293945,25.684999465942383,62856,0.0,0.0
2024-05-03 11:30:00-04:00,25.700000762939453,25.75,25.389999389648438,25.579999923706055,56323,0.0,0.0
2024-05-03 12:30:00-04:00,25.610000610351562,25.610000610351562,25.350000381469727,25.3799991607666,53411,0.0,0.0
2024-05-03 13:30:00-04:00,25.3799991607666,25.6200008392334,25.350000381469727,25.520000457763672,48043,0.0,0.0
2024-05-03 14:30:00-04:00,25.4950008392334,25.520000457763672,25.209999084472656,25.290000915527344,84432,0.0,0.0
2024-05-03 15:30:00-04:00,25.260000228881836,25.260000228881836,24.989999771118164,25.059999465942383,115717,0.0,0.0
2024-05-06 09:30:00-04:00,25.260000228881836,25.6299991607666,25.174999237060547,25.459999084472656,59162,0.0,0.0
2024-05-06 10:30:00-04:00,25.489999771118164,25.489999771118164,24.670000076293945,24.780000686645508,87688,0.0,0.0
2024-05-06 11:30:00-04:00,24.795000076293945,24.889999389648438,24.6299991607666,24.770000457763672,83130,0.0,0.0
2024-05-06 12:30:00-04:00,24.760000228881836,25.0,24.700000762939453,24.700000762939453,63693,0.0,0.0
2024-05-06 13:30:00-04:00,24.719999313354492,24.8700008392334,24.562000274658203,24.780000686645508,98769,0.0,0.0
2024-05-06 14:30:00-04:00,24.780000686645508,24.920000076293945,24.68000030517578,24.825000762939453,107267,0.0,0.0
2024-05-06 15:30:00-04:00,24.84000015258789,25.190000534057617,24.670000076293945,25.1299991607666,225219,0.0,0.0
2024-05-07 09:30:00-04:00,24.270000457763672,24.375,21.040000915527344,21.959999084472656,800833,0.0,0.0
2024-05-07 10:30:00-04:00,21.924999237060547,22.09000015258789,21.6299991607666,22.010000228881836,309945,0.0,0.0
2024-05-07 11:30:00-04:00,22.020000457763672,22.200000762939453,21.600000381469727,21.889999389648438,353228,0.0,0.0
2024-05-07 12:30:00-04:00,21.8799991607666,21.8799991607666,21.510000228881836,21.75,236356,0.0,0.0
2024-05-07 13:30:00-04:00,21.7450008392334,21.774999618530273,20.915000915527344,21.110000610351562,250486,0.0,0.0
2024-05-07 14:30:00-04:00,21.135000228881836,21.440000534057617,20.920000076293945,21.34000015258789,292538,0.0,0.0
2024-05-07 15:30:00-04:00,21.350000381469727,21.520000457763672,21.19499969482422,21.520000457763672,414012,0.0,0.0
2024-05-08 09:30:00-04:00,21.190000534057617,21.530000686645508,20.899999618530273,20.899999618530273,173589,0.0,0.0
2024-05-08 10:30:00-04:00,20.899999618530273,21.239999771118164,20.8700008392334,21.139999389648438,139034,0.0,0.0
2024-05-08 11:30:00-04:00,21.139999389648438,21.924999237060547,21.01020050048828,21.610000610351562,164659,0.0,0.0
2024-05-08 12:30:00-04:00,21.604999542236328,21.6299991607666,21.270000457763672,21.450000762939453,85405,0.0,0.0
2024-05-08 13:30:00-04:00,21.489999771118164,21.704999923706055,21.454999923706055,21.684999465942383,83683,0.0,0.0
2024-05-08 14:30:00-04:00,21.68000030517578,21.850000381469727,21.53499984741211,21.790000915527344,158966,0.0,0.0
2024-05-08 15:30:00-04:00,21.790000915527344,21.8799991607666,21.735000610351562,21.84000015258789,221448,0.0,0.0
2024-05-09 09:30:00-04:00,21.690000534057617,21.719999313354492,21.190000534057617,21.24209976196289,77758,0.0,0.0
2024-05-09 10:30:00-04:00,21.25,21.395000457763672,21.170000076293945,21.325000762939453,82607,0.0,0.0
2024-05-09 11:30:00-04:00,21.329999923706055,21.424999237060547,21.229999542236328,21.299999237060547,56399,0.0,0.0
2024-05-09 12:30:00-04:00,21.299999237060547,21.360000610351562,21.280000686645508,21.344999313354492,67728,0.0,0.0
2024-05-09 13:30:00-04:00,21.344999313354492,21.344999313354492,21.075000762939453,21.149999618530273,77312,0.0,0.0
2024-05-09 14:30:00-04:00,21.149999618530273,21.350000381469727,21.104999542236328,21.145000457763672,95430,0.0,0.0
2024-05-09 15:30:00-04:00,21.1299991607666,21.440000534057617,21.1299991607666,21.280000686645508,172810,0.0,0.0
2024-05-10 09:30:00-04:00,21.290000915527344,21.360000610351562,21.05500030517578,21.190000534057617,115033,0.0,0.0
2024-05-10 10:30:00-04:00,21.18000030517578,21.25,20.950000762939453,21.049999237060547,86870,0.0,0.0
2024-05-10 11:30:00-04:00,21.06999969482422,21.11750030517578,20.790000915527344,20.959999084472656,107948,0.0,0.0
2024-05-10 12:30:00-04:00,20.959999084472656,21.170000076293945,20.889999389648438,21.149999618530273,52360,0.0,0.0
2024-05-10 13:30:00-04:00,21.1200008392334,21.139999389648438,20.799999237060547,20.860000610351562,66095,0.0,0.0
2024-05-10 14:30:00-04:00,20.864999771118164,21.049999237060547,20.809999465942383,21.040000915527344,93459,0.0,0.0
2024-05-10 15:30:00-04:00,21.030000686645508,21.100000381469727,20.940000534057617,20.940000534057617,155258,0.0,0.0
2024-05-13 09:30:00-04:00,21.010000228881836,21.104999542236328,20.700000762939453,20.739999771118164,51229,0.0,0.0
2024-05-13 10:30:00-04:00,20.760000228881836,20.860000610351562,20.40999984741211,20.40999984741211,62778,0.0,0.0
2024-05-13 11:30:00-04:00,20.389999389648438,20.489999771118164,20.239999771118164,20.350000381469727,76389,0.0,0.0
2024-05-13 12:30:00-04:00,20.34000015258789,20.3700008392334,20.079999923706055,20.100000381469727,79495,0.0,0.0
2024-05-13 13:30:00-04:00,20.079999923706055,20.114999771118164,19.774999618530273,19.774999618530273,137155,0.0,0.0
2024-05-13 14:30:00-04:00,19.774999618530273,19.954999923706055,19.665000915527344,19.68000030517578,160129,0.0,0.0
2024-05-13 15:30:00-04:00,19.68000030517578,19.780000686645508,19.610000610351562,19.6299991607666,167347,0.0,0.0
2024-05-14 09:30:00-04:00,19.854999542236328,20.1299991607666,19.719999313354492,19.781999588012695,97877,0.0,0.0
2024-05-14 10:30:00-04:00,19.770999908447266,19.850000381469727,19.59000015258789,19.725000381469727,49236,0.0,0.0
2024-05-14 11:30:00-04:00,19.680099487304688,19.680099487304688,19.470199584960938,19.514999389648438,38834,0.0,0.0
2024-05-14 12:30:00-04:00,19.530000686645508,19.6200008392334,19.43000030517578,19.4950008392334,60314,0.0,0.0
2024-05-14 13:30:00-04:00,19.479999542236328,19.540000915527344,19.440000534057617,19.479999542236328,54164,0.0,0.0
2024-05-14 14:30:00-04:00,19.5,19.56999969482422,19.399999618530273,19.549999237060547,86678,0.0,0.0
2024-05-14 15:30:00-04:00,19.540000915527344,19.559999465942383,19.399999618530273,19.399999618530273,183456,0.0,0.0
2024-05-15 09:30:00-04:00,19.610000610351562,19.649999618530273,19.09000015258789,19.100000381469727,91103,0.0,0.0
2024-05-15 10:30:00-04:00,19.114999771118164,19.350000381469727,19.09000015258789,19.219999313354492,72957,0.0,0.0
2024-05-15 11:30:00-04:00,19.200000762939453,19.25,19.110000610351562,19.161100387573242,84817,0.0,0.0
2024-05-15 12:30:00-04:00,19.15999984741211,19.270000457763672,19.06999969482422,19.110000610351562,61374,0.0,0.0
2024-05-15 13:30:00-04:00,19.110000610351562,19.200000762939453,18.959999084472656,19.049999237060547,132929,0.0,0.0
2024-05-15 14:30:00-04:00,19.049999237060547,19.209999084472656,19.030000686645508,19.149999618530273,101808,0.0,0.0
2024-05-15 15:30:00-04:00,19.149999618530273,19.190000534057617,19.06999969482422,19.139999389648438,174168,0.0,0.0
2024-05-16 09:30:00-04:00,18.75,19.459999084472656,18.75,19.280000686645508,97512,0.0,0.0
2024-05-16 10:30:00-04:00,19.263999938964844,19.524999618530273,19.229999542236328,19.371999740600586,84663,0.0,0.0
2024-05-16 11:30:00-04:00,19.34000015258789,19.584999084472656,19.25,19.582000732421875,117468,0.0,0.0
2024-05-16 12:30:00-04:00,19.559999465942383,19.6299991607666,19.420000076293945,19.618000030517578,72971,0.0,0.0
2024-05-16 13:30:00-04:00,19.600000381469727,19.65399932861328,19.5,19.559999465942383,81640,0.0,0.0
2024-05-16 14:30:00-04:00,19.57990074157715,19.600000381469727,19.389999389648438,19.599899291992188,136995,0.0,0.0
2024-05-16 15:30:00-04:00,19.59000015258789,19.709999084472656,19.229999542236328,19.2549991607666,191664,0.0,0.0
2024-05-17 09:30:00-04:00,19.440000534057617,19.56999969482422,19.079999923706055,19.229999542236328,77910,0.0,0.0
2024-05-17 10:30:00-04:00,19.209999084472656,19.327999114990234,19.06999969482422,19.110000610351562,71320,0.0,0.0
2024-05-17 11:30:00-04:00,19.09000015258789,19.229999542236328,18.950000762939453,19.079999923706055,75664,0.0,0.0
2024-05-17 12:30:00-04:00,19.049999237060547,19.209999084472656,18.8799991607666,18.899999618530273,66828,0.0,0.0
2024-05-17 13:30:00-04:00,18.950000762939453,19.0,18.834999084472656,18.875,64996,0.0,0.0
2024-05-17 14:30:00-04:00,18.8799991607666,19.06999969482422,18.850000381469727,18.950000762939453,72561,0.0,0.0
2024-05-17 15:30:00-04:00,18.94499969482422,19.079999923706055,18.8799991607666,18.8799991607666,159795,0.0,0.0
2024-05-20 09:30:00-04:00,18.770000457763672,18.9950008392334,18.3700008392334,18.889999389648438,156539,0.0,0.0
2024-05-20 10:30:00-04:00,18.829999923706055,19.114999771118164,18.829999923706055,19.114999771118164,63233,0.0,0.0
2024-05-20 11:30:00-04:00,19.1299991607666,19.150999069213867,19.020000457763672,19.065000534057617,59991,0.0,0.0
2024-05-20 12:30:00-04:00,19.06999969482422,19.190000534057617,18.840099334716797,19.104999542236328,250861,0.0,0.0
2024-05-20 13:30:00-04:00,19.110000610351562,19.170000076293945,19.05500030517578,19.1299991607666,70204,0.0,0.0
2024-05-20 14:30:00-04:00,19.1200008392334,19.290000915527344,19.104999542236328,19.280000686645508,178680,0.0,0.0
2024-05-20 15:30:00-04:00,19.280000686645508,19.399999618530273,19.209999084472656,19.31999969482422,173116,0.0,0.0
2024-05-21 09:30:00-04:00,19.31999969482422,19.524999618530273,19.184999465942383,19.3799991607666,84371,0.0,0.0
2024-05-21 10:30:00-04:00,19.3799991607666,19.3799991607666,19.024999618530273,19.155000686645508,44510,0.0,0.0
2024-05-21 11:30:00-04:00,19.125,19.270000457763672,19.09000015258789,19.18000030517578,110759,0.0,0.0
2024-05-21 12:30:00-04:00,19.209999084472656,19.329999923706055,19.204999923706055,19.30500030517578,58465,0.0,0.0
2024-05-21 13:30:00-04:00,19.30500030517578,19.32900047302246,19.100000381469727,19.170000076293945,50277,0.0,0.0
2024-05-21 14:30:00-04:00,19.167999267578125,19.229999542236328,19.1200008392334,19.18000030517578,78501,0.0,0.0
2024-05-21 15:30:00-04:00,19.174999237060547,19.209999084472656,19.094999313354492,19.15999984741211,146758,0.0,0.0
2024-05-22 09:30:00-04:00,19.190000534057617,19.299999237060547,18.989999771118164,19.200000762939453,106426,0.0,0.0
2024-05-22 10:30:00-04:00,19.200000762939453,19.260000228881836,19.100000381469727,19.190000534057617,58220,0.0,0.0
2024-05-22 11:30:00-04:00,19.170000076293945,19.34000015258789,19.170000076293945,19.34000015258789,49058,0.0,0.0
2024-05-22 12:30:00-04:00,19.360000610351562,19.450000762939453,19.200000762939453,19.200000762939453,49687,0.0,0.0
2024-05-22 13:30:00-04:00,19.22369956970215,19.23900032043457,19.149999618530273,19.19499969482422,83174,0.0,0.0
2024-05-22 14:30:00-04:00,19.190000534057617,19.239999771118164,19.104999542236328,19.174999237060547,91464,0.0,0.0
2024-05-22 15:30:00-04:00,19.18000030517578,19.30900001525879,19.18000030517578,19.270000457763672,104055,0.0,0.0
2024-05-23 09:30:00-04:00,19.270000457763672,19.270000457763672,18.829999923706055,18.885000228881836,41194,0.0,0.0
2024-05-23 10:30:00-04:00,18.895000457763672,19.110000610351562,18.8799991607666,18.969999313354492,41841,0.0,0.0
2024-05-23 11:30:00-04:00,18.959999084472656,19.15999984741211,18.959999084472656,19.15999984741211,40295,0.0,0.0
2024-05-23 12:30:00-04:00,19.15999984741211,19.2189998626709,19.110000610351562,19.15999984741211,42958,0.0,0.0
2024-05-23 13:30:00-04:00,19.174999237060547,19.200000762939453,18.97010040283203,19.079999923706055,60755,0.0,0.0
2024-05-23 14:30:00-04:00,19.06999969482422,19.18000030517578,19.040000915527344,19.15999984741211,69681,0.0,0.0
2024-05-23 15:30:00-04:00,19.170000076293945,19.280000686645508,19.149999618530273,19.280000686645508,108558,0.0,0.0
2024-05-24 09:30:00-04:00,19.389999389648438,19.540000915527344,19.045000076293945,19.520000457763672,42412,0.0,0.0
2024-05-24 10:30:00-04:00,19.479999542236328,19.56999969482422,19.40999984741211,19.549999237060547,44938,0.0,0.0
2024-05-24 11:30:00-04:00,19.56999969482422,19.58989906311035,19.479999542236328,19.559999465942383,29733,0.0,0.0
2024-05-24 12:30:00-04:00,19.55500030517578,19.770000457763672,19.540000915527344,19.729999542236328,71226,0.0,0.0
2024-05-24 13:30:00-04:00,19.75,19.760000228881836,19.592500686645508,19.6299991607666,65899,0.0,0.0
2024-05-24 14:30:00-04:00,19.625,19.729999542236328,19.56999969482422,19.674999237060547,105692,0.0,0.0
2024-05-24 15:30:00-04:00,19.670000076293945,19.81999969482422,19.639999389648438,19.809999465942383,114710,0.0,0.0
2024-05-28 09:30:00-04:00,19.940000534057617,20.329999923706055,19.621400833129883,20.299999237060547,88814,0.0,0.0
2024-05-28 10:30:00-04:00,20.299999237060547,20.299999237060547,19.940000534057617,20.079999923706055,134517,0.0,0.0
2024-05-28 11:30:00-04:00,20.110000610351562,20.1299991607666,19.97010040283203,20.110000610351562,74408,0.0,0.0
2024-05-28 12:30:00-04:00,20.104999542236328,20.110000610351562,19.975000381469727,20.040000915527344,65015,0.0,0.0
2024-05-28 13:30:00-04:00,20.049999237060547,20.06999969482422,19.739999771118164,19.739999771118164,101558,0.0,0.0
2024-05-28 14:30:00-04:00,19.75,19.84000015258789,19.719999313354492,19.729999542236328,106293,0.0,0.0
2024-05-28 15:30:00-04:00,19.729999542236328,19.885000228881836,19.68000030517578,19.75,124948,0.0,0.0
2024-05-29 09:30:00-04:00,19.40999984741211,19.440000534057617,19.06999969482422,19.15999984741211,43851,0.0,0.0
2024-05-29 10:30:00-04:00,19.09000015258789,19.1299991607666,19.010000228881836,19.037500381469727,30863,0.0,0.0
2024-05-29 11:30:00-04:00,19.059999465942383,19.31999969482422,19.030000686645508,19.31999969482422,25514,0.0,0.0
2024-05-29 12:30:00-04:00,19.299999237060547,19.309999465942383,19.139999389648438,19.139999389648438,15064,0.0,0.0
2024-05-29 13:30:00-04:00,19.15999984741211,19.209999084472656,19.030000686645508,19.149999618530273,35778,0.0,0.0
2024-05-29 14:30:00-04:00,19.1200008392334,19.299999237060547,19.030000686645508,19.21500015258789,43148,0.0,0.0
2024-05-29 15:30:00-04:00,19.200000762939453,19.270000457763672,19.170000076293945,19.219999313354492,105636,0.0,0.0
2024-05-30 09:30:00-04:00,19.290000915527344,19.290000915527344,18.959999084472656,19.1200008392334,29845,0.0,0.0
2024-05-30 10:30:00-04:00,19.099000930786133,19.149999618530273,19.0,19.010000228881836,34486,0.0,0.0
2024-05-30 11:30:00-04:00,19.020000457763672,19.15999984741211,19.020000457763672,19.149999618530273,26150,0.0,0.0
2024-05-30 12:30:00-04:00,19.1299991607666,19.280000686645508,19.1299991607666,19.274999618530273,25902,0.0,0.0
2024-05-30 13:30:00-04:00,19.274999618530273,19.274999618530273,19.110000610351562,19.231000900268555,35735,0.0,0.0
2024-05-30 14:30:00-04:00,19.23900032043457,19.43000030517578,19.200000762939453,19.3700008392334,69235,0.0,0.0
2024-05-30 15:30:00-04:00,19.389999389648438,19.540000915527344,19.34000015258789,19.479999542236328,113408,0.0,0.0
2024-05-31 09:30:00-04:00,19.600000381469727,19.700000762939453,19.329999923706055,19.329999923706055,26019,0.0,0.0
2024-05-31 10:30:00-04:00,19.290000915527344,19.489999771118164,19.18000030517578,19.434999465942383,42929,0.0,0.0
2024-05-31 11:30:00-04:00,19.450000762939453,19.545000076293945,19.360000610351562,19.440000534057617,33190,0.0,0.0
2024-05-31 12:30:00-04:00,19.469999313354492,19.610000610351562,19.459999084472656,19.610000610351562,28628,0.0,0.0
2024-05-31 13:30:00-04:00,19.609800338745117,19.649999618530273,19.385000228881836,19.385000228881836,30642,0.0,0.0
2024-05-31 14:30:00-04:00,19.389999389648438,19.549999237060547,19.329999923706055,19.450000762939453,46092,0.0,0.0
2024-05-31 15:30:00-04:00,19.43000030517578,19.68000030517578,19.42930030822754,19.68000030517578,77575,0.0,0.0
2024-06-03 09:30:00-04:00,19.700000762939453,19.979999542236328,19.46500015258789,19.520000457763672,54186,0.0,0.0
2024-06-03 10:30:00-04:00,19.540000915527344,19.700000762939453,19.530000686645508,19.584999084472656,29007,0.0,0.0
2024-06-03 11:30:00-04:00,19.559999465942383,19.56999969482422,19.299999237060547,19.385000228881836,27680,0.0,0.0
2024-06-03 12:30:00-04:00,19.385000228881836,19.549999237060547,19.274999618530273,19.549999237060547,30710,0.0,0.0
2024-06-03 13:30:00-04:00,19.559999465942383,19.56999969482422,19.219999313354492,19.219999313354492,137132,0.0,0.0
2024-06-03 14:30:00-04:00,19.224000930786133,19.239999771118164,19.030000686645508,19.079999923706055,67487,0.0,0.0
2024-06-03 15:30:00-04:00,19.09000015258789,19.260000228881836,19.079999923706055,19.09000015258789,103676,0.0,0.0
2024-06-04 09:30:00-04:00,19.040000915527344,19.149999618530273,18.75,18.795000076293945,38868,0.0,0.0
2024-06-04 10:30:00-04:00,18.770000457763672,18.770000457763672,18.190000534057617,18.610000610351562,144483,0.0,0.0
2024-06-04 11:30:00-04:00,18.610000610351562,18.850000381469727,18.579999923706055,18.793399810791016,42723,0.0,0.0
2024-06-04 12:30:00-04:00,18.80500030517578,18.989999771118164,18.79439926147461,18.885000228881836,42343,0.0,0.0
2024-06-04 13:30:00-04:00,18.889999389648438,18.920000076293945,18.84000015258789,18.889999389648438,37837,0.0,0.0
2024-06-04 14:30:00-04:00,18.8799991607666,18.989999771118164,18.860000610351562,18.90999984741211,56450,0.0,0.0
2024-06-04 15:30:00-04:00,18.93000030517578,19.06999969482422,18.93000030517578,18.989999771118164,84311,0.0,0.0
2024-06-05 09:30:00-04:00,18.969999313354492,18.979999542236328,18.709999084472656,18.940000534057617,38521,0.0,0.0
2024-06-05 10:30:00-04:00,18.920000076293945,19.1200008392334,18.920000076293945,19.110000610351562,28629,0.0,0.0
2024-06-05 11:30:00-04:00,19.1299991607666,19.18000030517578,19.020000457763672,19.165000915527344,55631,0.0,0.0
2024-06-05 12:30:00-04:00,19.154699325561523,19.209999084472656,19.030000686645508,19.149999618530273,39502,0.0,0.0
2024-06-05 13:30:00-04:00,19.15999984741211,19.34000015258789,19.145000457763672,19.299999237060547,32780,0.0,0.0
2024-06-05 14:30:00-04:00,19.299999237060547,19.3799991607666,19.1200008392334,19.149999618530273,52683,0.0,0.0
2024-06-05 15:30:00-04:00,19.149999618530273,19.34000015258789,19.139999389648438,19.280000686645508,78610,0.0,0.0
2024-06-06 09:30:00-04:00,19.309999465942383,19.309999465942383,19.030000686645508,19.239999771118164,28444,0.0,0.0
2024-06-06 10:30:00-04:00,19.239999771118164,19.25,19.104999542236328,19.155000686645508,19540,0.0,0.0
2024-06-06 11:30:00-04:00,19.170000076293945,19.18000030517578,18.969999313354492,18.969999313354492,35313,0.0,0.0
2024-06-06 12:30:00-04:00,19.010000228881836,19.040000915527344,18.975000381469727,19.014999389648438,28103,0.0,0.0
2024-06-06 13:30:00-04:00,19.024999618530273,19.045000076293945,18.861299514770508,18.920000076293945,43372,0.0,0.0
2024-06-06 14:30:00-04:00,18.924999237060547,19.040000915527344,18.890100479125977,19.010000228881836,127358,0.0,0.0
2024-06-06 15:30:00-04:00,19.030000686645508,19.040000915527344,18.81999969482422,18.860000610351562,80301,0.0,0.0
2024-06-07 09:30:00-04:00,18.760000228881836,18.90999984741211,18.674999237060547,18.90999984741211,35198,0.0,0.0
2024-06-07 10:30:00-04:00,18.889999389648438,18.889999389648438,18.579999923706055,18.594999313354492,40338,0.0,0.0
2024-06-07 11:30:00-04:00,18.594999313354492,18.700000762939453,18.530000686645508,18.559999465942383,26695,0.0,0.0
2024-06-07 12:30:00-04:00,18.559999465942383,18.584999084472656,18.459999084472656,18.510000228881836,29804,0.0,0.0
2024-06-07 13:30:00-04:00,18.510000228881836,18.579999923706055,18.360000610351562,18.424999237060547,37092,0.0,0.0
2024-06-07 14:30:00-04:00,18.420000076293945,18.510000228881836,18.330299377441406,18.375,94264,0.0,0.0
2024-06-07 15:30:00-04:00,18.375,18.375,18.18000030517578,18.18000030517578,93343,0.0,0.0
2024-06-10 09:30:00-04:00,17.889999389648438,18.190000534057617,17.75,17.90999984741211,132007,0.0,0.0
2024-06-10 10:30:00-04:00,17.90999984741211,18.15999984741211,17.8700008392334,17.950000762939453,48304,0.0,0.0
2024-06-10 11:30:00-04:00,17.959999084472656,18.0,17.899999618530273,17.96500015258789,23920,0.0,0.0
2024-06-10 12:30:00-04:00,17.950000762939453,18.059999465942383,17.860000610351562,18.045000076293945,36853,0.0,0.0
2024-06-10 13:30:00-04:00,18.059999465942383,18.270000457763672,18.059999465942383,18.170000076293945,46342,0.0,0.0
2024-06-10 14:30:00-04:00,18.15999984741211,18.229999542236328,18.020000457763672,18.101999282836914,53956,0.0,0.0
2024-06-10 15:30:00-04:00,18.100000381469727,18.100000381469727,17.979999542236328,18.09000015258789,62246,0.0,0.0
2024-06-11 09:30:00-04:00,17.600000381469727,18.190000534057617,17.600000381469727,18.1200008392334,99138,0.0,0.0
2024-06-11 10:30:00-04:00,18.094999313354492,18.111000061035156,17.885000228881836,17.93000030517578,22866,0.0,0.0
2024-06-11 11:30:00-04:00,17.93000030517578,18.09000015258789,17.850000381469727,18.0,47638,0.0,0.0
2024-06-11 12:30:00-04:00,18.020000457763672,18.170000076293945,18.020000457763672,18.139999389648438,33307,0.0,0.0
2024-06-11 13:30:00-04:00,18.139999389648438,18.295000076293945,18.139999389648438,18.25,33120,0.0,0.0
2024-06-11 14:30:00-04:00,18.260000228881836,18.329999923706055,18.170000076293945,18.25,39980,0.0,0.0
2024-06-11 15:30:00-04:00,18.25,18.31999969482422,18.219999313354492,18.299999237060547,60833,0.0,0.0
2024-06-12 09:30:00-04:00,18.690000534057617,18.690000534057617,18.3799991607666,18.420000076293945,57872,0.0,0.0
2024-06-12 10:30:00-04:00,18.434999465942383,18.5,18.334999084472656,18.334999084472656,35785,0.0,0.0
2024-06-12 11:30:00-04:00,18.334999084472656,18.3700008392334,18.25,18.25,29589,0.0,0.0
2024-06-12 12:30:00-04:00,18.270000457763672,18.325000762939453,18.270000457763672,18.274999618530273,13849,0.0,0.0
2024-06-12 13:30:00-04:00,18.260000228881836,18.309999465942383,18.165000915527344,18.239999771118164,101514,0.0,0.0
2024-06-12 14:30:00-04:00,18.239999771118164,18.389999389648438,18.1299991607666,18.190000534057617,132795,0.0,0.0
2024-06-12 15:30:00-04:00,18.200000762939453,18.229999542236328,18.049999237060547,18.059999465942383,135015,0.0,0.0
2024-06-13 09:30:00-04:00,17.90999984741211,18.110000610351562,17.81999969482422,17.93000030517578,88426,0.0,0.0
2024-06-13 10:30:00-04:00,17.94499969482422,17.950000762939453,17.65999984741211,17.670000076293945,65531,0.0,0.0
2024-06-13 11:30:00-04:00,17.690000534057617,17.770000457763672,17.6299991607666,17.770000457763672,55173,0.0,0.0
2024-06-13 12:30:00-04:00,17.75,18.040000915527344,17.75,18.010000228881836,38807,0.0,0.0
2024-06-13 13:30:00-04:00,18.03499984741211,18.03499984741211,17.93000030517578,17.9950008392334,47352,0.0,0.0
2024-06-13 14:30:00-04:00,18.010000228881836,18.030000686645508,17.969999313354492,18.0,56936,0.0,0.0
2024-06-13 15:30:00-04:00,18.010000228881836,18.149999618530273,18.010000228881836,18.040000915527344,87851,0.0,0.0
2024-06-14 09:30:00-04:00,17.579999923706055,18.049999237060547,17.309999465942383,17.739999771118164,78825,0.0,0.0
2024-06-14 10:30:00-04:00,17.65999984741211,17.790000915527344,17.579999923706055,17.726900100708008,158850,0.0,0.0
2024-06-14 11:30:00-04:00,17.729999542236328,17.79990005493164,17.559999465942383,17.559999465942383,26118,0.0,0.0
2024-06-14 12:30:00-04:00,17.579999923706055,17.6200008392334,17.540000915527344,17.6200008392334,20797,0.0,0.0
2024-06-14 13:30:00-04:00,17.6299991607666,17.700000762939453,17.6200008392334,17.639999389648438,28138,0.0,0.0
2024-06-14 14:30:00-04:00,17.639999389648438,17.65999984741211,17.599300384521484,17.639999389648438,24978,0.0,0.0
2024-06-14 15:30:00-04:00,17.639999389648438,17.860000610351562,17.6200008392334,17.81999969482422,119628,0.0,0.0
2024-06-17 09:30:00-04:00,17.81999969482422,17.969999313354492,17.767900466918945,17.969999313354492,32575,0.0,0.0
2024-06-17 10:30:00-04:00,17.899999618530273,18.040000915527344,17.889999389648438,17.959999084472656,28448,0.0,0.0
2024-06-17 11:30:00-04:00,17.954999923706055,18.190000534057617,17.90999984741211,18.114999771118164,43360,0.0,0.0
2024-06-17 12:30:00-04:00,18.1200008392334,18.229999542236328,18.110000610351562,18.229999542236328,17378,0.0,0.0
2024-06-17 13:30:00-04:00,18.229999542236328,18.40999984741211,18.229999542236328,18.31999969482422,31131,0.0,0.0
2024-06-17 14:30:00-04:00,18.310100555419922,18.360000610351562,18.229999542236328,18.325000762939453,34099,0.0,0.0
2024-06-17 15:30:00-04:00,18.325000762939453,18.360000610351562,18.25,18.280000686645508,44762,0.0,0.0
2024-06-18 09:30:00-04:00,18.43000030517578,18.523300170898438,18.315000534057617,18.399999618530273,18581,0.0,0.0
2024-06-18 10:30:00-04:00,18.3799991607666,18.520000457763672,18.31999969482422,18.520000457763672,32682,0.0,0.0
2024-06-18 11:30:00-04:00,18.5,18.59000015258789,18.5,18.524999618530273,30235,0.0,0.0
2024-06-18 12:30:00-04:00,18.510000228881836,18.6299991607666,18.459999084472656,18.6200008392334,64173,0.0,0.0
2024-06-18 13:30:00-04:00,18.6200008392334,18.729999542236328,18.540000915527344,18.594999313354492,48385,0.0,0.0
2024-06-18 14:30:00-04:00,18.59000015258789,18.809999465942383,18.56999969482422,18.799999237060547,125086,0.0,0.0
2024-06-18 15:30:00-04:00,18.799999237060547,18.860000610351562,18.739999771118164,18.760000228881836,80185,0.0,0.0
2024-06-20 09:30:00-04:00,18.84000015258789,19.040000915527344,18.780000686645508,19.040000915527344,46953,0.0,0.0
2024-06-20 10:30:00-04:00,19.06999969482422,19.170000076293945,18.809999465942383,18.959999084472656,245091,0.0,0.0
2024-06-20 11:30:00-04:00,18.959999084472656,18.959999084472656,18.790000915527344,18.875,42186,0.0,0.0
2024-06-20 12:30:00-04:00,18.875,18.875,18.760000228881836,18.799999237060547,67772,0.0,0.0
2024-06-20 13:30:00-04:00,18.799999237060547,18.90999984741211,18.709999084472656,18.739999771118164,340703,0.0,0.0
2024-06-20 14:30:00-04:00,18.75,18.860000610351562,18.399999618530273,18.43000030517578,81209,0.0,0.0
2024-06-20 15:30:00-04:00,18.420000076293945,18.459999084472656,18.290000915527344,18.31999969482422,101963,0.0,0.0
2024-06-21 09:30:00-04:00,18.639999389648438,18.639999389648438,18.25,18.549999237060547,86946,0.0,0.0
2024-06-21 10:30:00-04:00,18.520000457763672,18.649999618530273,18.520000457763672,18.600000381469727,34579,0.0,0.0
2024-06-21 11:30:00-04:00,18.600000381469727,18.6299991607666,18.459999084472656,18.56999969482422,106082,0.0,0.0
2024-06-21 12:30:00-04:00,18.559999465942383,18.56999969482422,18.514999389648438,18.524999618530273,70093,0.0,0.0
2024-06-21 13:30:00-04:00,18.524999618530273,18.540000915527344,18.18000030517578,18.26799964904785,521625,0.0,0.0
2024-06-21 14:30:00-04:00,18.2549991607666,18.3799991607666,18.209999084472656,18.31999969482422,93684,0.0,0.0
2024-06-21 15:30:00-04:00,18.329999923706055,18.479999542236328,18.1299991607666,18.450000762939453,136178,0.0,0.0
2024-06-24 09:30:00-04:00,18.479999542236328,18.540000915527344,18.209999084472656,18.290000915527344,174123,0.0,0.0
2024-06-24 10:30:00-04:00,18.290000915527344,18.3799991607666,18.200000762939453,18.290000915527344,98316,0.0,0.0
2024-06-24 11:30:00-04:00,18.290000915527344,18.290000915527344,18.09000015258789,18.15999984741211,47512,0.0,0.0
2024-06-24 12:30:00-04:00,18.15999984741211,18.299999237060547,18.15999984741211,18.190000534057617,34123,0.0,0.0
2024-06-24 13:30:00-04:00,18.229999542236328,18.360000610351562,18.200000762939453,18.360000610351562,46216,0.0,0.0
2024-06-24 14:30:00-04:00,18.355100631713867,18.479999542236328,18.309999465942383,18.329999923706055,109804,0.0,0.0
2024-06-24 15:30:00-04:00,18.329999923706055,18.40999984741211,18.2549991607666,18.329999923706055,122935,0.0,0.0
2024-06-25 09:30:00-04:00,18.3700008392334,18.3700008392334,18.1299991607666,18.149999618530273,27312,0.0,0.0
2024-06-25 10:30:00-04:00,18.149999618530273,18.34000015258789,18.149999618530273,18.31999969482422,26069,0.0,0.0
2024-06-25 11:30:00-04:00,18.309999465942383,18.459999084472656,18.309999465942383,18.309999465942383,85514,0.0,0.0
2024-06-25 12:30:00-04:00,18.290000915527344,18.360000610351562,18.09000015258789,18.28499984741211,241501,0.0,0.0
2024-06-25 13:30:00-04:00,18.280000686645508,18.329999923706055,18.209999084472656,18.229999542236328,35972,0.0,0.0
2024-06-25 14:30:00-04:00,18.229999542236328,18.299999237060547,18.139999389648438,18.2450008392334,137211,0.0,0.0
2024-06-25 15:30:00-04:00,18.229999542236328,18.25,18.020000457763672,18.059999465942383,156796,0.0,0.0
2024-06-26 09:30:00-04:00,18.0,18.1299991607666,17.889999389648438,17.985000610351562,84560,0.0,0.0
2024-06-26 10:30:00-04:00,18.0049991607666,18.209999084472656,17.979999542236328,18.184999465942383,100862,0.0,0.0
2024-06-26 11:30:00-04:00,18.184999465942383,18.299999237060547,18.183900833129883,18.299999237060547,68506,0.0,0.0
2024-06-26 12:30:00-04:00,18.299999237060547,18.43000030517578,18.239999771118164,18.40999984741211,117321,0.0,0.0
2024-06-26 13:30:00-04:00,18.40999984741211,18.450000762939453,18.139999389648438,18.28499984741211,31956,0.0,0.0
2024-06-26 14:30:00-04:00,18.309999465942383,18.31999969482422,18.149999618530273,18.16069984436035,55938,0.0,0.0
2024-06-26 15:30:00-04:00,18.170000076293945,18.329999923706055,18.149999618530273,18.219999313354492,145900,0.0,0.0
2024-06-27 09:30:00-04:00,18.34000015258789,18.3700008392334,18.110000610351562,18.19499969482422,36534,0.0,0.0
2024-06-27 10:30:00-04:00,18.190000534057617,18.239999771118164,18.059999465942383,18.09000015258789,83050,0.0,0.0
2024-06-27 11:30:00-04:00,18.09000015258789,18.260000228881836,18.020000457763672,18.219999313354492,86692,0.0,0.0
2024-06-27 12:30:00-04:00,18.219999313354492,18.229999542236328,18.020000457763672,18.024999618530273,102388,0.0,0.0
2024-06-27 13:30:00-04:00,18.020000457763672,18.030000686645508,17.889999389648438,17.899999618530273,31185,0.0,0.0
2024-06-27 14:30:00-04:00,17.899999618530273,17.959999084472656,17.799999237060547,17.86199951171875,79489,0.0,0.0
2024-06-27 15:30:00-04:00,17.857999801635742,17.86199951171875,17.600000381469727,17.604999542236328,147718,0.0,0.0
2024-06-28 09:30:00-04:00,17.780000686645508,18.040000915527344,17.729999542236328,17.940000534057617,185791,0.0,0.0
2024-06-28 10:30:00-04:00,17.959999084472656,18.0,17.860000610351562,17.875,219779,0.0,0.0
2024-06-28 11:30:00-04:00,17.875,17.950000762939453,17.809999465942383,17.875,88336,0.0,0.0
2024-06-28 12:30:00-04:00,17.875,17.875,17.600000381469727,17.600000381469727,126606,0.0,0.0
2024-06-28 13:30:00-04:00,17.600000381469727,17.700000762939453,17.579999923706055,17.600000381469727,100058,0.0,0.0
2024-06-28 14:30:00-04:00,17.59000015258789,17.68000030517578,17.469999313354492,17.479999542236328,188659,0.0,0.0
2024-06-28 15:30:00-04:00,17.479999542236328,17.610000610351562,17.280000686645508,17.579999923706055,380236,0.0,0.0
2024-07-01 09:30:00-04:00,17.649999618530273,17.649999618530273,16.81999969482422,16.860000610351562,168128,0.0,0.0
2024-07-01 10:30:00-04:00,16.860000610351562,16.985000610351562,16.59000015258789,16.59950065612793,114840,0.0,0.0
2024-07-01 11:30:00-04:00,16.600000381469727,16.68000030517578,16.510000228881836,16.510000228881836,56752,0.0,0.0
2024-07-01 12:30:00-04:00,16.5,16.579999923706055,16.420000076293945,16.5,63280,0.0,0.0
2024-07-01 13:30:00-04:00,16.479999542236328,16.670000076293945,16.469999313354492,16.604999542236328,53675,0.0,0.0
2024-07-01 14:30:00-04:00,16.604999542236328,16.80500030517578,16.600000381469727,16.780000686645508,150438,0.0,0.0
2024-07-01 15:30:00-04:00,16.809999465942383,16.954999923706055,16.809999465942383,16.950000762939453,97476,0.0,0.0
2024-07-02 09:30:00-04:00,16.59000015258789,16.65999984741211,16.049999237060547,16.309999465942383,254681,0.0,0.0
2024-07-02 10:30:00-04:00,16.309999465942383,16.350000381469727,16.170000076293945,16.25,164249,0.0,0.0
2024-07-02 11:30:00-04:00,16.25,16.315000534057617,16.079999923706055,16.274999618530273,219967,0.0,0.0
2024-07-02 12:30:00-04:00,16.274999618530273,16.299999237060547,16.1200008392334,16.239999771118164,155529,0.0,0.0
2024-07-02 13:30:00-04:00,16.25,16.309999465942383,16.010000228881836,16.010000228881836,83957,0.0,0.0
2024-07-02 14:30:00-04:00,16.010000228881836,16.049999237060547,15.904999732971191,16.040000915527344,128889,0.0,0.0
2024-07-02 15:30:00-04:00,16.020000457763672,16.260000228881836,16.0,16.229999542236328,262750,0.0,0.0
2024-07-03 09:30:00-04:00,16.3799991607666,16.44499969482422,16.1299991607666,16.2549991607666,63158,0.0,0.0
2024-07-03 10:30:00-04:00,16.239999771118164,16.315000534057617,15.96500015258789,16.0,110107,0.0,0.0
2024-07-03 11:30:00-04:00,15.994999885559082,16.15999984741211,15.954999923706055,16.0049991607666,164468,0.0,0.0
2024-07-05 09:30:00-04:00,16.0,16.020000457763672,15.6850004196167,15.710000038146973,62204,0.0,0.0
2024-07-05 10:30:00-04:00,15.6899995803833,15.75,15.640000343322754,15.71500015258789,57150,0.0,0.0
2024-07-05 11:30:00-04:00,15.710000038146973,15.899999618530273,15.694999694824219,15.71500015258789,131734,0.0,0.0
2024-07-05 12:30:00-04:00,15.71500015258789,15.71500015258789,15.614999771118164,15.667499542236328,86221,0.0,0.0
2024-07-05 13:30:00-04:00,15.664999961853027,15.735099792480469,15.609999656677246,15.609999656677246,54226,0.0,0.0
2024-07-05 14:30:00-04:00,15.600000381469727,15.619999885559082,15.539999961853027,15.550000190734863,69392,0.0,0.0
2024-07-05 15:30:00-04:00,15.545000076293945,15.8125,15.53499984741211,15.800000190734863,133708,0.0,0.0
2024-07-08 09:30:00-04:00,15.890000343322754,16.149999618530273,15.890000343322754,16.100000381469727,78624,0.0,0.0
2024-07-08 10:30:00-04:00,16.100000381469727,16.239999771118164,16.014999389648438,16.235000610351562,91748,0.0,0.0
2024-07-08 11:30:00-04:00,16.232500076293945,16.40999984741211,16.170000076293945,16.360000610351562,81733,0.0,0.0
2024-07-08 12:30:00-04:00,16.364999771118164,16.540000915527344,16.290000915527344,16.540000915527344,76236,0.0,0.0
2024-07-08 13:30:00-04:00,16.540000915527344,16.6200008392334,16.3700008392334,16.454999923706055,152149,0.0,0.0
2024-07-08 14:30:00-04:00,16.454999923706055,16.559999465942383,16.360000610351562,16.559999465942383,133112,0.0,0.0
2024-07-08 15:30:00-04:00,16.56800079345703,16.709999084472656,16.559999465942383,16.709999084472656,251145,0.0,0.0
2024-07-09 09:30:00-04:00,16.65999984741211,16.709999084472656,15.984999656677246,15.984999656677246,90909,0.0,0.0
2024-07-09 10:30:00-04:00,15.979999542236328,16.05500030517578,15.930000305175781,16.0,86222,0.0,0.0
2024-07-09 11:30:00-04:00,16.0,16.020000457763672,15.774999618530273,15.824999809265137,86337,0.0,0.0
2024-07-09 12:30:00-04:00,15.819999694824219,15.920000076293945,15.770000457763672,15.835000038146973,115366,0.0,0.0
2024-07-09 13:30:00-04:00,15.835000038146973,15.904999732971191,15.770000457763672,15.770000457763672,104618,0.0,0.0
2024-07-09 14:30:00-04:00,15.760000228881836,15.800000190734863,15.630000114440918,15.680000305175781,180452,0.0,0.0
2024-07-09 15:30:00-04:00,15.680000305175781,15.729999542236328,15.579999923706055,15.630000114440918,246382,0.0,0.0
2024-07-10 09:30:00-04:00,15.640000343322754,15.640000343322754,15.3100004196167,15.329999923706055,67847,0.0,0.0
2024-07-10 10:30:00-04:00,15.329999923706055,15.399999618530273,15.199999809265137,15.270000457763672,78608,0.0,0.0
2024-07-10 11:30:00-04:00,15.279999732971191,15.29319953918457,15.15999984741211,15.180000305175781,73426,0.0,0.0
2024-07-10 12:30:00-04:00,15.170000076293945,15.21500015258789,15.119999885559082,15.135000228881836,80839,0.0,0.0
2024-07-10 13:30:00-04:00,15.130000114440918,15.180000305175781,15.109999656677246,15.154999732971191,70875,0.0,0.0
2024-07-10 14:30:00-04:00,15.149999618530273,15.229999542236328,15.125,15.125,98335,0.0,0.0
2024-07-10 15:30:00-04:00,15.119999885559082,15.279999732971191,15.104999542236328,15.270000457763672,169509,0.0,0.0
2024-07-11 09:30:00-04:00,15.579999923706055,15.930000305175781,15.430000305175781,15.890000343322754,78747,0.0,0.0
2024-07-11 10:30:00-04:00,15.890000343322754,15.970000267028809,15.755000114440918,15.84000015258789,79020,0.0,0.0
2024-07-11 11:30:00-04:00,15.829999923706055,15.90999984741211,15.6899995803833,15.829999923706055,39735,0.0,0.0
2024-07-11 12:30:00-04:00,15.829999923706055,15.899999618530273,15.800000190734863,15.8149995803833,32855,0.0,0.0
2024-07-11 13:30:00-04:00,15.8100004196167,15.819999694824219,15.640000343322754,15.65999984741211,44811,0.0,0.0
2024-07-11 14:30:00-04:00,15.649999618530273,15.789999961853027,15.649999618530273,15.720000267028809,50485,0.0,0.0
2024-07-11 15:30:00-04:00,15.710000038146973,15.880000114440918,15.710000038146973,15.869999885559082,114295,0.0,0.0
2024-07-12 09:30:00-04:00,16.079999923706055,16.25,15.930000305175781,16.030000686645508,72268,0.0,0.0
2024-07-12 10:30:00-04:00,16.0,16.0,15.789999961853027,15.829999923706055,58189,0.0,0.0
2024-07-12 11:30:00-04:00,15.829999923706055,15.930000305175781,15.779999732971191,15.829999923706055,42026,0.0,0.0
2024-07-12 12:30:00-04:00,15.829999923706055,15.930000305175781,15.789999961853027,15.930000305175781,48863,0.0,0.0
2024-07-12 13:30:00-04:00,15.949999809265137,16.0049991607666,15.9399995803833,16.0049991607666,33770,0.0,0.0
2024-07-12 14:30:00-04:00,16.010000228881836,16.190000534057617,15.989999771118164,16.149999618530273,87559,0.0,0.0
2024-07-12 15:30:00-04:00,16.15999984741211,16.15999984741211,15.970000267028809,15.989999771118164,96776,0.0,0.0
2024-07-15 09:30:00-04:00,15.899999618530273,16.06999969482422,15.771100044250488,15.930000305175781,106212,0.0,0.0
2024-07-15 10:30:00-04:00,15.9399995803833,16.049999237060547,15.789999961853027,16.010000228881836,47210,0.0,0.0
2024-07-15 11:30:00-04:00,15.989999771118164,16.059999465942383,15.859999656677246,15.859999656677246,42700,0.0,0.0
2024-07-15 12:30:00-04:00,15.859999656677246,16.049999237060547,15.84000015258789,16.030000686645508,52727,0.0,0.0
2024-07-15 13:30:00-04:00,16.030000686645508,16.260000228881836,16.030000686645508,16.1299991607666,118649,0.0,0.0
2024-07-15 14:30:00-04:00,16.1299991607666,16.229999542236328,16.09000015258789,16.149999618530273,171702,0.0,0.0
2024-07-15 15:30:00-04:00,16.149999618530273,16.15999984741211,15.930000305175781,15.9399995803833,193555,0.0,0.0
2024-07-16 09:30:00-04:00,16.100000381469727,16.219999313354492,15.960000038146973,15.960000038146973,23910,0.0,0.0
2024-07-16 10:30:00-04:00,15.970000267028809,16.239999771118164,15.9350004196167,16.170000076293945,47980,0.0,0.0
2024-07-16 11:30:00-04:00,16.170000076293945,16.270000457763672,16.149999618530273,16.229999542236328,50067,0.0,0.0
2024-07-16 12:30:00-04:00,16.239999771118164,16.280000686645508,16.190000534057617,16.239999771118164,49442,0.0,0.0
2024-07-16 13:30:00-04:00,16.239999771118164,16.2898006439209,16.15999984741211,16.170000076293945,58411,0.0,0.0
2024-07-16 14:30:00-04:00,16.170000076293945,16.25,16.1200008392334,16.25,83548,0.0,0.0
2024-07-16 15:30:00-04:00,16.229999542236328,16.375,16.229999542236328,16.290000915527344,79948,0.0,0.0
2024-07-17 09:30:00-04:00,16.170000076293945,16.459999084472656,16.149999618530273,16.219999313354492,53022,0.0,0.0
2024-07-17 10:30:00-04:00,16.219999313354492,16.290000915527344,16.190000534057617,16.190000534057617,46715,0.0,0.0
2024-07-17 11:30:00-04:00,16.190000534057617,16.190000534057617,15.880000114440918,15.890000343322754,54378,0.0,0.0
2024-07-17 12:30:00-04:00,15.880000114440918,15.920000076293945,15.789999961853027,15.880000114440918,65838,0.0,0.0
2024-07-17 13:30:00-04:00,15.890000343322754,15.9399995803833,15.84000015258789,15.869999885559082,70462,0.0,0.0
2024-07-17 14:30:00-04:00,15.859999656677246,15.859999656677246,15.729999542236328,15.75,96944,0.0,0.0
2024-07-17 15:30:00-04:00,15.739999771118164,15.75,15.649999618530273,15.720000267028809,98308,0.0,0.0
2024-07-18 09:30:00-04:00,15.600000381469727,16.0,15.515800476074219,15.890000343322754,55683,0.0,0.0
2024-07-18 10:30:00-04:00,15.890000343322754,16.059999465942383,15.880000114440918,16.0,77795,0.0,0.0
2024-07-18 11:30:00-04:00,16.0,16.0049991607666,15.829999923706055,15.869999885559082,53292,0.0,0.0
2024-07-18 12:30:00-04:00,15.869000434875488,16.010000228881836,15.800000190734863,15.8100004196167,65971,0.0,0.0
2024-07-18 13:30:00-04:00,15.8100004196167,15.8100004196167,15.645000457763672,15.6899995803833,62207,0.0,0.0
2024-07-18 14:30:00-04:00,15.680000305175781,15.75,15.630000114440918,15.6899995803833,69696,0.0,0.0
2024-07-18 15:30:00-04:00,15.699999809265137,15.789999961853027,15.699999809265137,15.729999542236328,87394,0.0,0.0
2024-07-19 09:30:00-04:00,15.710000038146973,15.9399995803833,15.649999618530273,15.664999961853027,15027,0.0,0.0
2024-07-19 10:30:00-04:00,15.649999618530273,15.649999618530273,15.539999961853027,15.539999961853027,31383,0.0,0.0
2024-07-19 11:30:00-04:00,15.520000457763672,15.539999961853027,15.399999618530273,15.40999984741211,35437,0.0,0.0
2024-07-19 12:30:00-04:00,15.414999961853027,15.510000228881836,15.390000343322754,15.510000228881836,41173,0.0,0.0
2024-07-19 13:30:00-04:00,15.5,15.574000358581543,15.470000267028809,15.53499984741211,31970,0.0,0.0
2024-07-19 14:30:00-04:00,15.529999732971191,15.6850004196167,15.524999618530273,15.675000190734863,42564,0.0,0.0
2024-07-19 15:30:00-04:00,15.675000190734863,15.6899995803833,15.579999923706055,15.604999542236328,64507,0.0,0.0
2024-07-22 09:30:00-04:00,15.489999771118164,15.550000190734863,15.140000343322754,15.300000190734863,36441,0.0,0.0
2024-07-22 10:30:00-04:00,15.300000190734863,15.34000015258789,15.15999984741211,15.199999809265137,58068,0.0,0.0
2024-07-22 11:30:00-04:00,15.1899995803833,15.260000228881836,15.130000114440918,15.220000267028809,37720,0.0,0.0
2024-07-22 12:30:00-04:00,15.1899995803833,15.4399995803833,15.1899995803833,15.430000305175781,65417,0.0,0.0
2024-07-22 13:30:00-04:00,15.40999984741211,15.430000305175781,15.360099792480469,15.39210033416748,31284,0.0,0.0
2024-07-22 14:30:00-04:00,15.420000076293945,15.539999961853027,15.420000076293945,15.510000228881836,53464,0.0,0.0
2024-07-22 15:30:00-04:00,15.5,15.524999618530273,15.399999618530273,15.40999984741211,97118,0.0,0.0
2024-07-23 09:30:00-04:00,15.380000114440918,15.380000114440918,15.135000228881836,15.15999984741211,89972,0.0,0.0
2024-07-23 10:30:00-04:00,15.15999984741211,15.204999923706055,15.010000228881836,15.109999656677246,55490,0.0,0.0
2024-07-23 11:30:00-04:00,15.100000381469727,15.220000267028809,15.100000381469727,15.210000038146973,36806,0.0,0.0
2024-07-23 12:30:00-04:00,15.210000038146973,15.220000267028809,15.170000076293945,15.180000305175781,31525,0.0,0.0
2024-07-23 13:30:00-04:00,15.170000076293945,15.220000267028809,15.069999694824219,15.100000381469727,33095,0.0,0.0
2024-07-23 14:30:00-04:00,15.100000381469727,15.239999771118164,15.100000381469727,15.229999542236328,62036,0.0,0.0
2024-07-23 15:30:00-04:00,15.220000267028809,15.229999542236328,15.140000343322754,15.15999984741211,97128,0.0,0.0
2024-07-24 09:30:00-04:00,15.199999809265137,15.199999809265137,14.8100004196167,14.829999923706055,49773,0.0,0.0
2024-07-24 10:30:00-04:00,14.843299865722656,14.859999656677246,14.770000457763672,14.800000190734863,35693,0.0,0.0
2024-07-24 11:30:00-04:00,14.800000190734863,14.84000015258789,14.729999542236328,14.774999618530273,40861,0.0,0.0
2024-07-24 12:30:00-04:00,14.779999732971191,14.819999694824219,14.664999961853027,14.760000228881836,37616,0.0,0.0
2024-07-24 13:30:00-04:00,14.75,14.84000015258789,14.710000038146973,14.710000038146973,28198,0.0,0.0
2024-07-24 14:30:00-04:00,14.704999923706055,14.704999923706055,14.59000015258789,14.600000381469727,62239,0.0,0.0
2024-07-24 15:30:00-04:00,14.595000267028809,14.640000343322754,14.5600004196167,14.600000381469727,78955,0.0,0.0
2024-07-25 09:30:00-04:00,14.770000457763672,14.819999694824219,14.600000381469727,14.710000038146973,72696,0.0,0.0
2024-07-25 10:30:00-04:00,14.699999809265137,14.850000381469727,14.569999694824219,14.8100004196167,70329,0.0,0.0
2024-07-25 11:30:00-04:00,14.819999694824219,15.0600004196167,14.819999694824219,15.029999732971191,65367,0.0,0.0
2024-07-25 12:30:00-04:00,15.029999732971191,15.114999771118164,15.0,15.0,50248,0.0,0.0
2024-07-25 13:30:00-04:00,15.005000114440918,15.020000457763672,14.944999694824219,14.979999542236328,46255,0.0,0.0
2024-07-25 14:30:00-04:00,14.989999771118164,15.050000190734863,14.90999984741211,15.039999961853027,76258,0.0,0.0
2024-07-25 15:30:00-04:00,15.039999961853027,15.050000190734863,14.989999771118164,15.029999732971191,170689,0.0,0.0
2024-07-26 09:30:00-04:00,15.229999542236328,15.300000190734863,15.140000343322754,15.204999923706055,39389,0.0,0.0
2024-07-26 10:30:00-04:00,15.180000305175781,15.180000305175781,14.979999542236328,15.109999656677246,207823,0.0,0.0
2024-07-26 11:30:00-04:00,15.130000114440918,15.170000076293945,15.079999923706055,15.130000114440918,44282,0.0,0.0
2024-07-26 12:30:00-04:00,15.130000114440918,15.15999984741211,15.039999961853027,15.140000343322754,200447,0.0,0.0
2024-07-26 13:30:00-04:00,15.135000228881836,15.140000343322754,15.055000305175781,15.079999923706055,44026,0.0,0.0
2024-07-26 14:30:00-04:00,15.079999923706055,15.140000343322754,15.050000190734863,15.100000381469727,109855,0.0,0.0
2024-07-26 15:30:00-04:00,15.100000381469727,15.229999542236328,15.074999809265137,15.199999809265137,193993,0.0,0.0
2024-07-29 09:30:00-04:00,15.329999923706055,15.6850004196167,15.210000038146973,15.625,56428,0.0,0.0
2024-07-29 10:30:00-04:00,15.609999656677246,15.729999542236328,15.520000457763672,15.680000305175781,84461,0.0,0.0
2024-07-29 11:30:00-04:00,15.680000305175781,15.75,15.609999656677246,15.619999885559082,54111,0.0,0.0
2024-07-29 12:30:00-04:00,15.609999656677246,15.628000259399414,15.539999961853027,15.550000190734863,72292,0.0,0.0
2024-07-29 13:30:00-04:00,15.539999961853027,15.545000076293945,15.475299835205078,15.524999618530273,60598,0.0,0.0
2024-07-29 14:30:00-04:00,15.524999618530273,15.720000267028809,15.510000228881836,15.704999923706055,62925,0.0,0.0
2024-07-29 15:30:00-04:00,15.699999809265137,15.704999923706055,15.5600004196167,15.5649995803833,120084,0.0,0.0
2024-07-30 09:30:00-04:00,15.550000190734863,15.680000305175781,15.529999732971191,15.680000305175781,24120,0.0,0.0
2024-07-30 10:30:00-04:00,15.670000076293945,15.710000038146973,15.579999923706055,15.680000305175781,68601,0.0,0.0
2024-07-30 11:30:00-04:00,15.670000076293945,15.699999809265137,15.600000381469727,15.609999656677246,42904,0.0,0.0
2024-07-30 12:30:00-04:00,15.609999656677246,15.699999809265137,15.550000190734863,15.649999618530273,47158,0.0,0.0
2024-07-30 13:30:00-04:00,15.649999618530273,15.979999542236328,15.649999618530273,15.949999809265137,99017,0.0,0.0
2024-07-30 14:30:00-04:00,15.944999694824219,16.010000228881836,15.890000343322754,16.010000228881836,71254,0.0,0.0
2024-07-30 15:30:00-04:00,16.020000457763672,16.030000686645508,15.970000267028809,15.970000267028809,107522,0.0,0.0
2024-07-31 09:30:00-04:00,15.960000038146973,16.1200008392334,15.729999542236328,16.059999465942383,72445,0.0,0.0
2024-07-31 10:30:00-04:00,16.045000076293945,16.25,16.045000076293945,16.139999389648438,56478,0.0,0.0
2024-07-31 11:30:00-04:00,16.1299991607666,16.260000228881836,16.094999313354492,16.219999313354492,68862,0.0,0.0
2024-07-31 12:30:00-04:00,16.229999542236328,16.405000686645508,16.229999542236328,16.3700008392334,67065,0.0,0.0
2024-07-31 13:30:00-04:00,16.34000015258789,16.3700008392334,16.25,16.309999465942383,45023,0.0,0.0
2024-07-31 14:30:00-04:00,16.290000915527344,16.579999923706055,16.290000915527344,16.489999771118164,92628,0.0,0.0
2024-07-31 15:30:00-04:00,16.489999771118164,16.489999771118164,16.239999771118164,16.290000915527344,194001,0.0,0.0
2024-08-01 09:30:00-04:00,16.329999923706055,16.5,15.9399995803833,15.949999809265137,112521,0.0,0.0
2024-08-01 10:30:00-04:00,15.949999809265137,16.049999237060547,15.890000343322754,15.920000076293945,133274,0.0,0.0
2024-08-01 11:30:00-04:00,15.920000076293945,15.949999809265137,15.670000076293945,15.729999542236328,82105,0.0,0.0
2024-08-01 12:30:00-04:00,15.729999542236328,15.75,15.630000114440918,15.729999542236328,68071,0.0,0.0
2024-08-01 13:30:00-04:00,15.729999542236328,15.744999885559082,15.694999694824219,15.725000381469727,163184,0.0,0.0
2024-08-01 14:30:00-04:00,15.720000267028809,15.739999771118164,15.680000305175781,15.699999809265137,130687,0.0,0.0
2024-08-01 15:30:00-04:00,15.694999694824219,15.789999961853027,15.654999732971191,15.680000305175781,147757,0.0,0.0
2024-08-02 09:30:00-04:00,15.338000297546387,15.339900016784668,14.961999893188477,15.079999923706055,120173,0.0,0.0
2024-08-02 10:30:00-04:00,15.09000015258789,15.109999656677246,14.839599609375,14.839599609375,70423,0.0,0.0
2024-08-02 11:30:00-04:00,14.850000381469727,15.0649995803833,14.850000381469727,15.0649995803833,53682,0.0,0.0
2024-08-02 12:30:00-04:00,15.0600004196167,15.0649995803833,14.899999618530273,14.9399995803833,56450,0.0,0.0
2024-08-02 13:30:00-04:00,14.9399995803833,14.960000038146973,14.779999732971191,14.960000038146973,52500,0.0,0.0
2024-08-02 14:30:00-04:00,14.960000038146973,15.010000228881836,14.90999984741211,14.979999542236328,88148,0.0,0.0
2024-08-02 15:30:00-04:00,14.979999542236328,15.029999732971191,14.911999702453613,15.010000228881836,107872,0.0,0.0
2024-08-05 09:30:00-04:00,14.350000381469727,14.630000114440918,14.270000457763672,14.279999732971191,85511,0.0,0.0
2024-08-05 10:30:00-04:00,14.300000190734863,14.555000305175781,14.289999961853027,14.329999923706055,98950,0.0,0.0
2024-08-05 11:30:00-04:00,14.329999923706055,14.59000015258789,14.329999923706055,14.574999809265137,102531,0.0,0.0
2024-08-05 12:30:00-04:00,14.5600004196167,14.5600004196167,14.3149995803833,14.3149995803833,83772,0.0,0.0
2024-08-05 13:30:00-04:00,14.319999694824219,14.550000190734863,14.305000305175781,14.319999694824219,175317,0.0,0.0
2024-08-05 14:30:00-04:00,14.319999694824219,14.319999694824219,14.09000015258789,14.149999618530273,122144,0.0,0.0
2024-08-05 15:30:00-04:00,14.15999984741211,14.300000190734863,14.050000190734863,14.270000457763672,280089,0.0,0.0
2024-08-06 09:30:00-04:00,14.880000114440918,15.999899864196777,14.680000305175781,15.3100004196167,314150,0.0,0.0
2024-08-06 10:30:00-04:00,15.260000228881836,16.049999237060547,15.15999984741211,15.630000114440918,647584,0.0,0.0
2024-08-06 11:30:00-04:00,15.680000305175781,16.065000534057617,15.460000038146973,15.84000015258789,489400,0.0,0.0
2024-08-06 12:30:00-04:00,15.84000015258789,16.350000381469727,15.789999961853027,16.145000457763672,208264,0.0,0.0
2024-08-06 13:30:00-04:00,16.145000457763672,16.639999389648438,16.110000610351562,16.639999389648438,138344,0.0,0.0
2024-08-06 14:30:00-04:00,16.65999984741211,16.65999984741211,16.059999465942383,16.25,162329,0.0,0.0
2024-08-06 15:30:00-04:00,16.25,16.280000686645508,15.75,15.869999885559082,440336,0.0,0.0
2024-08-07 09:30:00-04:00,16.030000686645508,16.270000457763672,15.5600004196167,15.835000038146973,169746,0.0,0.0
2024-08-07 10:30:00-04:00,15.835000038146973,16.1299991607666,15.779999732971191,16.104999542236328,89471,0.0,0.0
2024-08-07 11:30:00-04:00,16.104999542236328,16.139999389648438,15.920000076293945,16.059999465942383,88121,0.0,0.0
2024-08-07 12:30:00-04:00,16.06999969482422,16.184999465942383,15.8100004196167,15.960000038146973,133319,0.0,0.0
2024-08-07 13:30:00-04:00,15.970000267028809,16.100000381469727,15.930000305175781,16.024999618530273,107710,0.0,0.0
2024-08-07 14:30:00-04:00,16.0,16.079999923706055,15.819999694824219,16.020000457763672,188576,0.0,0.0
2024-08-07 15:30:00-04:00,16.040000915527344,16.040000915527344,15.770000457763672,15.850000381469727,211210,0.0,0.0
2024-08-08 09:30:00-04:00,16.110000610351562,16.93000030517578,15.883999824523926,16.780000686645508,98849,0.0,0.0
2024-08-08 10:30:00-04:00,16.799999237060547,16.829999923706055,16.6299991607666,16.69499969482422,75524,0.0,0.0
2024-08-08 11:30:00-04:00,16.69499969482422,16.75,16.579999923706055,16.649999618530273,193120,0.0,0.0
2024-08-08 12:30:00-04:00,16.649999618530273,16.729999542236328,16.559999465942383,16.610000610351562,85472,0.0,0.0
2024-08-08 13:30:00-04:00,16.600000381469727,16.739999771118164,16.545000076293945,16.610000610351562,87263,0.0,0.0
2024-08-08 14:30:00-04:00,16.649999618530273,16.670000076293945,16.540000915527344,16.56999969482422,68676,0.0,0.0
2024-08-08 15:30:00-04:00,16.56999969482422,16.700000762939453,16.545000076293945,16.68000030517578,121005,0.0,0.0
2024-08-09 09:30:00-04:00,16.719999313354492,16.899999618530273,16.520000457763672,16.610000610351562,66899,0.0,0.0
2024-08-09 10:30:00-04:00,16.6200008392334,16.729999542236328,16.420000076293945,16.434999465942383,62069,0.0,0.0
2024-08-09 11:30:00-04:00,16.420000076293945,16.450000762939453,16.149999618530273,16.239999771118164,60722,0.0,0.0
2024-08-09 12:30:00-04:00,16.25,16.3799991607666,16.200000762939453,16.3799991607666,26814,0.0,0.0
2024-08-09 13:30:00-04:00,16.3799991607666,16.399999618530273,16.229999542236328,16.309999465942383,34666,0.0,0.0
2024-08-09 14:30:00-04:00,16.31999969482422,16.350000381469727,16.1299991607666,16.219999313354492,71441,0.0,0.0
2024-08-09 15:30:00-04:00,16.219999313354492,16.302000045776367,16.149999618530273,16.229999542236328,157811,0.0,0.0
2024-08-12 09:30:00-04:00,16.31999969482422,16.350000381469727,16.15999984741211,16.344999313354492,39141,0.0,0.0
2024-08-12 10:30:00-04:00,16.354999542236328,16.450000762939453,16.19499969482422,16.209999084472656,31351,0.0,0.0
2024-08-12 11:30:00-04:00,16.229999542236328,16.328800201416016,16.19499969482422,16.309999465942383,25632,0.0,0.0
2024-08-12 12:30:00-04:00,16.31999969482422,16.368499755859375,16.270000457763672,16.299999237060547,30251,0.0,0.0
2024-08-12 13:30:00-04:00,16.309999465942383,16.3799991607666,16.110000610351562,16.1299991607666,70634,0.0,0.0
2024-08-12 14:30:00-04:00,16.1200008392334,16.149999618530273,16.040000915527344,16.1200008392334,48789,0.0,0.0
2024-08-12 15:30:00-04:00,16.100000381469727,16.219999313354492,16.030000686645508,16.219999313354492,85339,0.0,0.0
2024-08-13 09:30:00-04:00,16.239999771118164,16.40999984741211,16.139999389648438,16.155000686645508,14832,0.0,0.0
2024-08-13 10:30:00-04:00,16.139999389648438,16.329999923706055,16.1200008392334,16.272499084472656,22660,0.0,0.0
2024-08-13 11:30:00-04:00,16.270700454711914,16.479999542236328,16.260000228881836,16.454999923706055,24407,0.0,0.0
2024-08-13 12:30:00-04:00,16.440000534057617,16.5,16.40999984741211,16.447999954223633,21726,0.0,0.0
2024-08-13 13:30:00-04:00,16.46500015258789,16.479999542236328,16.329999923706055,16.34000015258789,29714,0.0,0.0
2024-08-13 14:30:00-04:00,16.350000381469727,16.40999984741211,16.329999923706055,16.399999618530273,33592,0.0,0.0
2024-08-13 15:30:00-04:00,16.399999618530273,16.469999313354492,16.389999389648438,16.450000762939453,49342,0.0,0.0
2024-08-14 09:30:00-04:00,16.440000534057617,16.440000534057617,16.1299991607666,16.190000534057617,31167,0.0,0.0
2024-08-14 10:30:00-04:00,16.18000030517578,16.18000030517578,16.030000686645508,16.040000915527344,25502,0.0,0.0
2024-08-14 11:30:00-04:00,16.059999465942383,16.100000381469727,15.899999618530273,15.914999961853027,24866,0.0,0.0
2024-08-14 12:30:00-04:00,15.899999618530273,16.1200008392334,15.899999618530273,16.09000015258789,31176,0.0,0.0
2024-08-14 13:30:00-04:00,16.079999923706055,16.15999984741211,16.049999237060547,16.08989906311035,18636,0.0,0.0
2024-08-14 14:30:00-04:00,16.09000015258789,16.149999618530273,16.049999237060547,16.06999969482422,29711,0.0,0.0
2024-08-14 15:30:00-04:00,16.059999465942383,16.1299991607666,16.0,16.110000610351562,62338,0.0,0.0
2024-08-15 09:30:00-04:00,16.479999542236328,16.639999389648438,16.479999542236328,16.545000076293945,20694,0.0,0.0
2024-08-15 10:30:00-04:00,16.540000915527344,16.860000610351562,16.53499984741211,16.809999465942383,29221,0.0,0.0
2024-08-15 11:30:00-04:00,16.815000534057617,16.9153995513916,16.815000534057617,16.905000686645508,26519,0.0,0.0
2024-08-15 12:30:00-04:00,16.899999618530273,16.920000076293945,16.799999237060547,16.885000228881836,39307,0.0,0.0
2024-08-15 13:30:00-04:00,16.899999618530273,16.899999618530273,16.760000228881836,16.770000457763672,27810,0.0,0.0
2024-08-15 14:30:00-04:00,16.760000228881836,16.809999465942383,16.709999084472656,16.760000228881836,34449,0.0,0.0
2024-08-15 15:30:00-04:00,16.764999389648438,16.770000457763672,16.645000457763672,16.709999084472656,97906,0.0,0.0
2024-08-16 09:30:00-04:00,16.610000610351562,16.93000030517578,16.610000610351562,16.854999542236328,39700,0.0,0.0
2024-08-16 10:30:00-04:00,16.84000015258789,16.854999542236328,16.639999389648438,16.649999618530273,41004,0.0,0.0
2024-08-16 11:30:00-04:00,16.655000686645508,16.68000030517578,16.575000762939453,16.68000030517578,42150,0.0,0.0
2024-08-16 12:30:00-04:00,16.690000534057617,16.729999542236328,16.639999389648438,16.65999984741211,29320,0.0,0.0
2024-08-16 13:30:00-04:00,16.649999618530273,16.65999984741211,16.559999465942383,16.600000381469727,39594,0.0,0.0
2024-08-16 14:30:00-04:00,16.610000610351562,16.622499465942383,16.559999465942383,16.559999465942383,42973,0.0,0.0
2024-08-16 15:30:00-04:00,16.559999465942383,16.6200008392334,16.440000534057617,16.5,86465,0.0,0.0
2024-08-19 09:30:00-04:00,16.510000228881836,16.6294002532959,16.510000228881836,16.524999618530273,34340,0.0,0.0
2024-08-19 10:30:00-04:00,16.532800674438477,16.6299991607666,16.530000686645508,16.549999237060547,29014,0.0,0.0
2024-08-19 11:30:00-04:00,16.540000915527344,16.540000915527344,16.3799991607666,16.3799991607666,17499,0.0,0.0
2024-08-19 12:30:00-04:00,16.3700008392334,16.3700008392334,16.209999084472656,16.270000457763672,28465,0.0,0.0
2024-08-19 13:30:00-04:00,16.270000457763672,16.354999542236328,16.239999771118164,16.350000381469727,39581,0.0,0.0
2024-08-19 14:30:00-04:00,16.340999603271484,16.385000228881836,16.334999084472656,16.377300262451172,41416,0.0,0.0
2024-08-19 15:30:00-04:00,16.3700008392334,16.3799991607666,16.280000686645508,16.3799991607666,72142,0.0,0.0
2024-08-20 09:30:00-04:00,16.309999465942383,16.45479965209961,16.139999389648438,16.190000534057617,30049,0.0,0.0
2024-08-20 10:30:00-04:00,16.200000762939453,16.469999313354492,16.18000030517578,16.389999389648438,81814,0.0,0.0
2024-08-20 11:30:00-04:00,16.389999389648438,16.479999542236328,16.3799991607666,16.459999084472656,16813,0.0,0.0
2024-08-20 12:30:00-04:00,16.459999084472656,16.579999923706055,16.440000534057617,16.579999923706055,24904,0.0,0.0
2024-08-20 13:30:00-04:00,16.56999969482422,16.700000762939453,16.56999969482422,16.690000534057617,36276,0.0,0.0
2024-08-20 14:30:00-04:00,16.684999465942383,16.739999771118164,16.670000076293945,16.674999237060547,20756,0.0,0.0
2024-08-20 15:30:00-04:00,16.670000076293945,16.809999465942383,16.639999389648438,16.780000686645508,97880,0.0,0.0
2024-08-21 09:30:00-04:00,16.8799991607666,17.170000076293945,16.760000228881836,17.1200008392334,34962,0.0,0.0
2024-08-21 10:30:00-04:00,17.110000610351562,17.149999618530273,17.010000228881836,17.149999618530273,22521,0.0,0.0
2024-08-21 11:30:00-04:00,17.189899444580078,17.190000534057617,17.06999969482422,17.09000015258789,20447,0.0,0.0
2024-08-21 12:30:00-04:00,17.100000381469727,17.239999771118164,17.045000076293945,17.229999542236328,27301,0.0,0.0
2024-08-21 13:30:00-04:00,17.229999542236328,17.350000381469727,17.184999465942383,17.299999237060547,49701,0.0,0.0
2024-08-21 14:30:00-04:00,17.299999237060547,17.34000015258789,17.239999771118164,17.329999923706055,39497,0.0,0.0
2024-08-21 15:30:00-04:00,17.325000762939453,17.420000076293945,17.260000228881836,17.280000686645508,100382,0.0,0.0
2024-08-22 09:30:00-04:00,17.299999237060547,17.485000610351562,17.235000610351562,17.309999465942383,14493,0.0,0.0
2024-08-22 10:30:00-04:00,17.272300720214844,17.31999969482422,17.1200008392334,17.18000030517578,19460,0.0,0.0
2024-08-22 11:30:00-04:00,17.170000076293945,17.280000686645508,17.15999984741211,17.280000686645508,19618,0.0,0.0
2024-08-22 12:30:00-04:00,17.270000457763672,17.270000457763672,17.149999618530273,17.200000762939453,14653,0.0,0.0
2024-08-22 13:30:00-04:00,17.200000762939453,17.219999313354492,17.079999923706055,17.18000030517578,16102,0.0,0.0
2024-08-22 14:30:00-04:00,17.190000534057617,17.239999771118164,17.170000076293945,17.209999084472656,16677,0.0,0.0
2024-08-22 15:30:00-04:00,17.200000762939453,17.209999084472656,16.950000762939453,16.969999313354492,59836,0.0,0.0
2024-08-23 09:30:00-04:00,16.969999313354492,17.459999084472656,16.889999389648438,17.16119956970215,24682,0.0,0.0
2024-08-23 10:30:00-04:00,17.15999984741211,17.600000381469727,17.110000610351562,17.541000366210938,65954,0.0,0.0
2024-08-23 11:30:00-04:00,17.520000457763672,17.690000534057617,17.450000762939453,17.459999084472656,24396,0.0,0.0
2024-08-23 12:30:00-04:00,17.450000762939453,17.459999084472656,17.260000228881836,17.309999465942383,30043,0.0,0.0
2024-08-23 13:30:00-04:00,17.309999465942383,17.389999389648438,17.260000228881836,17.264999389648438,40445,0.0,0.0
2024-08-23 14:30:00-04:00,17.260000228881836,17.270000457763672,17.139999389648438,17.15999984741211,25353,0.0,0.0
2024-08-23 15:30:00-04:00,17.149999618530273,17.209999084472656,17.100000381469727,17.204999923706055,54050,0.0,0.0
2024-08-26 09:30:00-04:00,17.329999923706055,17.469999313354492,17.100000381469727,17.239999771118164,36213,0.0,0.0
2024-08-26 10:30:00-04:00,17.299999237060547,17.31999969482422,17.110000610351562,17.1200008392334,18786,0.0,0.0
2024-08-26 11:30:00-04:00,17.1200008392334,17.165000915527344,17.100000381469727,17.149999618530273,32201,0.0,0.0
2024-08-26 12:30:00-04:00,17.148000717163086,17.190000534057617,17.100000381469727,17.18000030517578,36100,0.0,0.0
2024-08-26 13:30:00-04:00,17.170000076293945,17.170000076293945,17.06999969482422,17.1200008392334,31954,0.0,0.0
2024-08-26 14:30:00-04:00,17.129499435424805,17.184999465942383,17.06999969482422,17.075000762939453,41942,0.0,0.0
2024-08-26 15:30:00-04:00,17.06999969482422,17.100000381469727,17.010000228881836,17.100000381469727,60272,0.0,0.0
2024-08-27 09:30:00-04:00,17.479999542236328,17.479999542236328,16.75659942626953,17.014999389648438,95943,0.0,0.0
2024-08-27 10:30:00-04:00,17.009000778198242,17.075000762939453,16.899999618530273,16.90999984741211,36171,0.0,0.0
2024-08-27 11:30:00-04:00,16.899999618530273,17.020000457763672,16.864999771118164,16.961000442504883,31466,0.0,0.0
2024-08-27 12:30:00-04:00,16.969999313354492,17.084999084472656,16.933000564575195,17.079999923706055,31705,0.0,0.0
2024-08-27 13:30:00-04:00,17.075000762939453,17.204999923706055,17.05500030517578,17.190799713134766,39092,0.0,0.0
2024-08-27 14:30:00-04:00,17.190000534057617,17.290000915527344,17.149999618530273,17.270000457763672,49012,0.0,0.0
2024-08-27 15:30:00-04:00,17.270000457763672,17.309999465942383,17.190000534057617,17.190000534057617,71249,0.0,0.0
2024-08-28 09:30:00-04:00,17.100000381469727,17.2278995513916,17.03499984741211,17.09000015258789,31387,0.0,0.0
2024-08-28 10:30:00-04:00,17.110000610351562,17.139999389648438,16.90999984741211,16.90999984741211,28334,0.0,0.0
2024-08-28 11:30:00-04:00,16.91900062561035,17.014999389648438,16.917999267578125,16.969999313354492,27990,0.0,0.0
2024-08-28 12:30:00-04:00,16.979999542236328,17.09000015258789,16.975000381469727,17.0,21703,0.0,0.0
2024-08-28 13:30:00-04:00,17.0049991607666,17.010000228881836,16.899999618530273,16.899999618530273,32034,0.0,0.0
2024-08-28 14:30:00-04:00,16.889999389648438,17.030000686645508,16.889999389648438,17.020999908447266,45730,0.0,0.0
2024-08-28 15:30:00-04:00,17.024999618530273,17.079999923706055,16.96500015258789,16.979999542236328,104595,0.0,0.0
2024-08-29 09:30:00-04:00,17.030000686645508,17.06760025024414,16.795000076293945,16.959999084472656,19835,0.0,0.0
2024-08-29 10:30:00-04:00,16.959999084472656,16.959999084472656,16.829999923706055,16.8799991607666,12357,0.0,0.0
2024-08-29 11:30:00-04:00,16.94499969482422,16.969999313354492,16.899999618530273,16.955699920654297,12627,0.0,0.0
2024-08-29 12:30:00-04:00,16.969999313354492,16.992900848388672,16.8799991607666,16.899999618530273,15324,0.0,0.0
2024-08-29 13:30:00-04:00,16.899999618530273,16.969999313354492,16.864999771118164,16.905000686645508,22400,0.0,0.0
2024-08-29 14:30:00-04:00,16.905000686645508,17.0049991607666,16.860000610351562,17.0049991607666,29477,0.0,0.0
2024-08-29 15:30:00-04:00,17.0049991607666,17.09000015258789,16.979999542236328,17.049999237060547,84797,0.0,0.0
2024-08-30 09:30:00-04:00,17.1299991607666,17.235000610351562,16.937700271606445,17.059999465942383,36235,0.0,0.0
2024-08-30 10:30:00-04:00,17.079999923706055,17.139999389648438,16.8700008392334,16.8700008392334,21279,0.0,0.0
2024-08-30 11:30:00-04:00,16.81999969482422,16.885000228881836,16.75,16.75,20079,0.0,0.0
2024-08-30 12:30:00-04:00,16.739999771118164,16.899999618530273,16.725000381469727,16.850000381469727,30461,0.0,0.0
2024-08-30 13:30:00-04:00,16.850000381469727,16.889999389648438,16.75,16.764999389648438,49511,0.0,0.0
2024-08-30 14:30:00-04:00,16.7549991607666,16.7549991607666,16.6299991607666,16.670000076293945,48672,0.0,0.0
2024-08-30 15:30:00-04:00,16.674999237060547,16.690000534057617,16.489999771118164,16.520000457763672,106248,0.0,0.0
2024-09-03 09:30:00-04:00,16.290000915527344,16.417999267578125,16.139999389648438,16.239999771118164,37651,0.0,0.0
2024-09-03 10:30:00-04:00,16.253999710083008,16.270000457763672,16.09000015258789,16.1200008392334,21322,0.0,0.0
2024-09-03 11:30:00-04:00,16.149999618530273,16.200000762939453,16.030000686645508,16.040000915527344,32413,0.0,0.0
2024-09-03 12:30:00-04:00,16.024999618530273,16.024999618530273,15.800000190734863,15.84000015258789,27563,0.0,0.0
2024-09-03 13:30:00-04:00,15.829999923706055,15.829999923706055,15.630000114440918,15.649999618530273,31565,0.0,0.0
2024-09-03 14:30:00-04:00,15.65999984741211,15.779999732971191,15.600000381469727,15.729999542236328,42258,0.0,0.0
2024-09-03 15:30:00-04:00,15.729999542236328,15.78499984741211,15.635000228881836,15.680000305175781,118761,0.0,0.0
2024-09-04 09:30:00-04:00,15.579999923706055,15.800000190734863,15.489999771118164,15.800000190734863,30179,0.0,0.0
2024-09-04 10:30:00-04:00,15.833000183105469,16.0,15.819999694824219,15.930000305175781,24971,0.0,0.0
2024-09-04 11:30:00-04:00,15.90999984741211,15.90999984741211,15.730999946594238,15.760000228881836,30845,0.0,0.0
2024-09-04 12:30:00-04:00,15.770000457763672,15.795000076293945,15.649999618530273,15.710000038146973,36655,0.0,0.0
2024-09-04 13:30:00-04:00,15.725000381469727,15.78499984741211,15.6899995803833,15.71500015258789,24815,0.0,0.0
2024-09-04 14:30:00-04:00,15.710000038146973,15.755000114440918,15.6850004196167,15.755000114440918,33107,0.0,0.0
2024-09-04 15:30:00-04:00,15.75,15.899999618530273,15.71500015258789,15.880000114440918,55264,0.0,0.0
2024-09-05 09:30:00-04:00,15.970000267028809,16.139999389648438,15.819999694824219,16.110000610351562,16083,0.0,0.0
2024-09-05 10:30:00-04:00,16.045000076293945,16.09000015258789,15.949999809265137,15.960000038146973,16469,0.0,0.0
2024-09-05 11:30:00-04:00,15.960000038146973,15.989999771118164,15.880000114440918,15.890000343322754,23273,0.0,0.0
2024-09-05 12:30:00-04:00,15.890000343322754,15.890000343322754,15.75,15.75,27900,0.0,0.0
2024-09-05 13:30:00-04:00,15.739999771118164,15.960000038146973,15.734999656677246,15.880000114440918,35398,0.0,0.0
2024-09-05 14:30:00-04:00,15.869999885559082,15.899999618530273,15.734999656677246,15.760000228881836,41280,0.0,0.0
2024-09-05 15:30:00-04:00,15.765000343322754,15.859999656677246,15.755000114440918,15.854999542236328,110652,0.0,0.0
2024-09-06 09:30:00-04:00,15.8100004196167,16.020000457763672,15.8100004196167,15.899999618530273,23034,0.0,0.0
2024-09-06 10:30:00-04:00,15.920000076293945,16.040000915527344,15.725000381469727,15.729999542236328,52809,0.0,0.0
2024-09-06 11:30:00-04:00,15.760000228881836,15.795000076293945,15.720000267028809,15.739999771118164,20485,0.0,0.0
2024-09-06 12:30:00-04:00,15.720000267028809,15.880000114440918,15.710000038146973,15.869999885559082,15718,0.0,0.0
2024-09-06 13:30:00-04:00,15.880000114440918,16.010000228881836,15.880000114440918,16.0,51070,0.0,0.0
2024-09-06 14:30:00-04:00,16.0,16.010000228881836,15.899999618530273,15.979999542236328,66761,0.0,0.0
2024-09-06 15:30:00-04:00,15.960000038146973,16.079999923706055,15.930000305175781,16.079999923706055,94402,0.0,0.0
2024-09-09 09:30:00-04:00,16.165000915527344,16.65999984741211,16.06999969482422,16.610000610351562,48687,0.0,0.0
2024-09-09 10:30:00-04:00,16.600000381469727,16.600000381469727,16.18000030517578,16.290000915527344,43109,0.0,0.0
2024-09-09 11:30:00-04:00,16.295000076293945,16.34000015258789,16.229999542236328,16.229999542236328,31952,0.0,0.0
2024-09-09 12:30:00-04:00,16.239999771118164,16.34000015258789,16.200000762939453,16.280000686645508,80254,0.0,0.0
2024-09-09 13:30:00-04:00,16.280000686645508,16.280000686645508,15.989999771118164,16.010000228881836,70777,0.0,0.0
2024-09-09 14:30:00-04:00,16.020000457763672,16.040000915527344,15.920000076293945,16.010000228881836,49596,0.0,0.0
2024-09-09 15:30:00-04:00,16.0049991607666,16.0049991607666,15.789999961853027,15.789999961853027,118850,0.0,0.0
2024-09-10 09:30:00-04:00,15.789999961853027,16.165000915527344,15.520000457763672,15.600000381469727,29176,0.0,0.0
2024-09-10 10:30:00-04:00,15.600000381469727,15.619999885559082,15.305000305175781,15.354999542236328,47228,0.0,0.0
2024-09-10 11:30:00-04:00,15.364999771118164,15.364999771118164,15.050000190734863,15.0600004196167,39443,0.0,0.0
2024-09-10 12:30:00-04:00,15.050000190734863,15.140000343322754,14.979999542236328,14.979999542236328,66764,0.0,0.0
2024-09-10 13:30:00-04:00,14.970000267028809,15.255000114440918,14.970000267028809,15.210000038146973,67942,0.0,0.0
2024-09-10 14:30:00-04:00,15.210000038146973,15.231599807739258,14.960000038146973,14.989999771118164,220169,0.0,0.0
2024-09-10 15:30:00-04:00,15.0,15.020000457763672,14.899999618530273,14.9399995803833,143570,0.0,0.0
2024-09-11 09:30:00-04:00,15.069999694824219,15.069999694824219,14.8100004196167,14.829999923706055,23973,0.0,0.0
2024-09-11 10:30:00-04:00,14.850000381469727,14.88949966430664,14.710000038146973,14.859999656677246,19769,0.0,0.0
2024-09-11 11:30:00-04:00,14.859999656677246,14.859999656677246,14.710000038146973,14.78499984741211,79076,0.0,0.0
2024-09-11 12:30:00-04:00,14.779999732971191,14.819999694824219,14.720000267028809,14.8100004196167,107564,0.0,0.0
2024-09-11 13:30:00-04:00,14.8100004196167,14.899999618530273,14.779999732971191,14.899999618530273,62312,0.0,0.0
2024-09-11 14:30:00-04:00,14.904999732971191,14.979999542236328,14.779999732971191,14.824999809265137,100906,0.0,0.0
2024-09-11 15:30:00-04:00,14.824999809265137,14.975000381469727,14.789999961853027,14.960000038146973,205855,0.0,0.0
2024-09-12 09:30:00-04:00,14.920000076293945,15.145000457763672,14.920000076293945,15.140000343322754,27914,0.0,0.0
2024-09-12 10:30:00-04:00,15.159899711608887,15.159899711608887,14.989999771118164,15.010000228881836,54448,0.0,0.0
2024-09-12 11:30:00-04:00,15.015000343322754,15.029999732971191,14.935400009155273,14.9399995803833,42060,0.0,0.0
2024-09-12 12:30:00-04:00,14.944999694824219,14.989999771118164,14.930000305175781,14.9399995803833,35710,0.0,0.0
2024-09-12 13:30:00-04:00,14.96500015258789,15.020000457763672,14.949999809265137,14.979999542236328,96932,0.0,0.0
2024-09-12 14:30:00-04:00,14.989999771118164,15.109999656677246,14.970000267028809,15.050000190734863,149652,0.0,0.0
2024-09-12 15:30:00-04:00,15.0600004196167,15.0600004196167,14.979999542236328,14.989999771118164,173027,0.0,0.0
2024-09-13 09:30:00-04:00,14.96150016784668,15.359999656677246,14.96150016784668,15.3100004196167,69210,0.0,0.0
2024-09-13 10:30:00-04:00,15.315999984741211,15.600000381469727,15.279999732971191,15.414999961853027,149830,0.0,0.0
2024-09-13 11:30:00-04:00,15.40999984741211,15.510000228881836,15.327899932861328,15.327899932861328,59200,0.0,0.0
2024-09-13 12:30:00-04:00,15.329999923706055,15.329999923706055,15.109999656677246,15.119999885559082,37692,0.0,0.0
2024-09-13 13:30:00-04:00,15.104999542236328,15.119999885559082,14.989999771118164,15.005000114440918,103496,0.0,0.0
2024-09-13 14:30:00-04:00,15.010000228881836,15.15999984741211,14.979999542236328,15.069999694824219,79946,0.0,0.0
2024-09-13 15:30:00-04:00,15.069999694824219,15.109999656677246,15.0,15.0,178547,0.0,0.0
2024-09-16 09:30:00-04:00,15.0600004196167,15.329999923706055,15.020000457763672,15.020000457763672,80445,0.0,0.0
2024-09-16 10:30:00-04:00,15.039999961853027,15.079999923706055,14.960000038146973,14.989999771118164,280956,0.0,0.0
2024-09-16 11:30:00-04:00,15.0,15.0649995803833,14.960000038146973,15.020000457763672,103906,0.0,0.0
2024-09-16 12:30:00-04:00,15.03499984741211,15.25,15.0,15.239999771118164,71603,0.0,0.0
2024-09-16 13:30:00-04:00,15.25,15.34000015258789,15.1899995803833,15.229999542236328,68173,0.0,0.0
2024-09-16 14:30:00-04:00,15.239999771118164,15.53499984741211,15.239999771118164,15.390000343322754,77357,0.0,0.0
2024-09-16 15:30:00-04:00,15.385000228881836,15.385000228881836,15.260000228881836,15.329999923706055,151561,0.0,0.0
2024-09-17 09:30:00-04:00,15.539999961853027,15.9399995803833,15.520000457763672,15.869999885559082,67632,0.0,0.0
2024-09-17 10:30:00-04:00,15.84000015258789,15.890000343322754,15.670000076293945,15.76990032196045,31963,0.0,0.0
2024-09-17 11:30:00-04:00,15.760000228881836,15.760000228881836,15.670000076293945,15.699999809265137,20593,0.0,0.0
2024-09-17 12:30:00-04:00,15.699999809265137,15.699999809265137,15.442000389099121,15.520000457763672,33089,0.0,0.0
2024-09-17 13:30:00-04:00,15.520000457763672,15.532500267028809,15.40999984741211,15.420000076293945,30451,0.0,0.0
2024-09-17 14:30:00-04:00,15.40999984741211,15.460000038146973,15.350000381469727,15.40999984741211,64586,0.0,0.0
2024-09-17 15:30:00-04:00,15.390000343322754,15.420000076293945,15.3100004196167,15.350000381469727,100251,0.0,0.0
2024-09-18 09:30:00-04:00,15.359999656677246,15.515000343322754,15.125,15.149999618530273,46324,0.0,0.0
2024-09-18 10:30:00-04:00,15.140999794006348,15.140999794006348,15.015000343322754,15.024999618530273,44390,0.0,0.0
2024-09-18 11:30:00-04:00,15.0,15.029899597167969,14.919899940490723,14.925000190734863,33259,0.0,0.0
2024-09-18 12:30:00-04:00,14.920000076293945,15.010000228881836,14.895000457763672,14.970000267028809,85709,0.0,0.0
2024-09-18 13:30:00-04:00,14.979999542236328,15.34000015258789,14.890000343322754,15.130000114440918,96105,0.0,0.0
2024-09-18 14:30:00-04:00,15.125,15.289999961853027,14.960000038146973,15.229999542236328,100298,0.0,0.0
2024-09-18 15:30:00-04:00,15.260000228881836,15.279999732971191,15.100000381469727,15.170000076293945,85416,0.0,0.0
2024-09-19 09:30:00-04:00,15.569999694824219,15.65999984741211,15.199999809265137,15.59000015258789,85624,0.0,0.0
2024-09-19 10:30:00-04:00,15.600000381469727,15.770000457763672,15.5600004196167,15.765000343322754,45210,0.0,0.0
2024-09-19 11:30:00-04:00,15.750300407409668,15.880000114440918,15.694999694824219,15.739999771118164,38237,0.0,0.0
2024-09-19 12:30:00-04:00,15.739999771118164,15.854999542236328,15.65999984741211,15.8100004196167,37782,0.0,0.0
2024-09-19 13:30:00-04:00,15.8100004196167,15.829999923706055,15.699999809265137,15.710000038146973,20270,0.0,0.0
2024-09-19 14:30:00-04:00,15.71500015258789,15.760000228881836,15.649999618530273,15.710000038146973,44617,0.0,0.0
2024-09-19 15:30:00-04:00,15.710000038146973,15.765000343322754,15.670000076293945,15.710000038146973,75287,0.0,0.0
2024-09-20 09:30:00-04:00,15.649999618530273,15.739999771118164,15.574999809265137,15.6850004196167,94219,0.0,0.0
2024-09-20 10:30:00-04:00,15.635000228881836,15.680000305175781,15.5600004196167,15.609999656677246,24815,0.0,0.0
2024-09-20 11:30:00-04:00,15.609999656677246,15.819999694824219,15.59000015258789,15.819999694824219,27225,0.0,0.0
2024-09-20 12:30:00-04:00,15.819999694824219,15.829999923706055,15.654999732971191,15.694999694824219,32622,0.0,0.0
2024-09-20 13:30:00-04:00,15.692000389099121,15.725000381469727,15.619999885559082,15.619999885559082,25290,0.0,0.0
2024-09-20 14:30:00-04:00,15.619999885559082,15.78499984741211,15.609999656677246,15.75,60758,0.0,0.0
2024-09-20 15:30:00-04:00,15.755000114440918,15.79990005493164,15.4399995803833,15.460000038146973,247261,0.0,0.0
2024-09-23 09:30:00-04:00,15.5600004196167,15.699999809265137,15.329999923706055,15.460000038146973,41970,0.0,0.0
2024-09-23 10:30:00-04:00,15.470000267028809,15.579999923706055,15.430000305175781,15.444999694824219,47766,0.0,0.0
2024-09-23 11:30:00-04:00,15.449999809265137,15.484999656677246,15.4399995803833,15.449999809265137,30663,0.0,0.0
2024-09-23 12:30:00-04:00,15.444199562072754,15.649999618530273,15.444199562072754,15.569999694824219,58815,0.0,0.0
2024-09-23 13:30:00-04:00,15.574999809265137,15.580100059509277,15.430000305175781,15.449999809265137,35444,0.0,0.0
2024-09-23 14:30:00-04:00,15.449999809265137,15.460000038146973,15.354999542236328,15.380000114440918,46758,0.0,0.0
2024-09-23 15:30:00-04:00,15.369999885559082,15.470000267028809,15.354999542236328,15.420000076293945,121723,0.0,0.0
2024-09-24 09:30:00-04:00,15.489999771118164,15.5649995803833,15.470000267028809,15.470000267028809,24795,0.0,0.0
2024-09-24 10:30:00-04:00,15.420000076293945,15.59000015258789,15.40999984741211,15.569999694824219,27826,0.0,0.0
2024-09-24 11:30:00-04:00,15.5649995803833,15.569999694824219,15.5,15.550000190734863,10801,0.0,0.0
2024-09-24 12:30:00-04:00,15.539999961853027,15.579999923706055,15.529999732971191,15.5600004196167,17880,0.0,0.0
2024-09-24 13:30:00-04:00,15.555000305175781,15.585000038146973,15.489999771118164,15.545000076293945,30937,0.0,0.0
2024-09-24 14:30:00-04:00,15.529999732971191,15.5600004196167,15.5,15.550000190734863,53718,0.0,0.0
2024-09-24 15:30:00-04:00,15.555000305175781,15.579999923706055,15.520000457763672,15.550000190734863,51583,0.0,0.0
2024-09-25 09:30:00-04:00,15.5600004196167,15.779999732971191,15.484999656677246,15.699999809265137,83524,0.0,0.0
2024-09-25 10:30:00-04:00,15.6899995803833,15.819999694824219,15.680299758911133,15.770000457763672,48482,0.0,0.0
2024-09-25 11:30:00-04:00,15.777999877929688,15.78499984741211,15.550000190734863,15.569999694824219,31578,0.0,0.0
2024-09-25 12:30:00-04:00,15.5600004196167,15.600000381469727,15.529999732971191,15.569999694824219,22462,0.0,0.0
2024-09-25 13:30:00-04:00,15.5600004196167,15.630000114440918,15.550000190734863,15.630000114440918,28388,0.0,0.0
2024-09-25 14:30:00-04:00,15.640000343322754,15.670000076293945,15.619999885559082,15.65999984741211,42531,0.0,0.0
2024-09-25 15:30:00-04:00,15.65999984741211,15.65999984741211,15.555000305175781,15.579999923706055,78483,0.0,0.0
2024-09-26 09:30:00-04:00,15.84000015258789,16.110000610351562,15.729999542236328,15.729999542236328,90129,0.0,0.0
2024-09-26 10:30:00-04:00,15.725000381469727,15.729999542236328,15.539999961853027,15.539999961853027,31287,0.0,0.0
2024-09-26 11:30:00-04:00,15.5600004196167,15.65999984741211,15.5600004196167,15.579999923706055,29659,0.0,0.0
2024-09-26 12:30:00-04:00,15.574999809265137,15.680000305175781,15.555000305175781,15.609999656677246,31610,0.0,0.0
2024-09-26 13:30:00-04:00,15.619999885559082,15.739999771118164,15.59000015258789,15.720000267028809,35117,0.0,0.0
2024-09-26 14:30:00-04:00,15.729499816894531,15.760000228881836,15.649999618530273,15.654999732971191,36385,0.0,0.0
2024-09-26 15:30:00-04:00,15.65999984741211,15.800000190734863,15.60099983215332,15.710000038146973,92663,0.0,0.0
2024-09-27 09:30:00-04:00,15.850000381469727,15.90999984741211,15.800000190734863,15.869999885559082,31737,0.0,0.0
2024-09-27 10:30:00-04:00,15.859999656677246,15.920000076293945,15.819999694824219,15.875,26556,0.0,0.0
2024-09-27 11:30:00-04:00,15.880000114440918,15.890000343322754,15.819999694824219,15.869999885559082,50262,0.0,0.0
2024-09-27 12:30:00-04:00,15.869999885559082,15.869999885559082,15.645000457763672,15.694999694824219,93180,0.0,0.0
2024-09-27 13:30:00-04:00,15.6899995803833,15.739999771118164,15.630000114440918,15.670000076293945,51763,0.0,0.0
2024-09-27 14:30:00-04:00,15.670000076293945,15.75,15.654999732971191,15.6899995803833,40167,0.0,0.0
2024-09-27 15:30:00-04:00,15.6899995803833,15.770000457763672,15.680000305175781,15.729999542236328,59960,0.0,0.0
2024-09-30 09:30:00-04:00,15.729999542236328,15.930000305175781,15.65999984741211,15.664999961853027,63286,0.0,0.0
2024-09-30 10:30:00-04:00,15.668999671936035,15.777000427246094,15.630000114440918,15.699999809265137,128120,0.0,0.0
2024-09-30 11:30:00-04:00,15.699999809265137,15.79699993133545,15.640000343322754,15.729999542236328,64049,0.0,0.0
2024-09-30 12:30:00-04:00,15.739999771118164,15.8100004196167,15.729999542236328,15.744999885559082,30140,0.0,0.0
2024-09-30 13:30:00-04:00,15.744999885559082,15.789999961853027,15.619999885559082,15.694999694824219,68894,0.0,0.0
2024-09-30 14:30:00-04:00,15.6899995803833,15.770000457763672,15.609999656677246,15.649999618530273,92324,0.0,0.0
2024-09-30 15:30:00-04:00,15.630000114440918,15.675000190734863,15.550000190734863,15.59000015258789,137682,0.0,0.0
2024-10-01 09:30:00-04:00,15.6899995803833,15.710000038146973,15.270000457763672,15.285099983215332,43148,0.0,0.0
2024-10-01 10:30:00-04:00,15.300000190734863,15.359999656677246,15.229999542236328,15.279999732971191,38487,0.0,0.0
2024-10-01 11:30:00-04:00,15.279999732971191,15.390000343322754,15.265000343322754,15.3100004196167,34013,0.0,0.0
2024-10-01 12:30:00-04:00,15.319899559020996,15.319899559020996,15.164999961853027,15.170000076293945,34328,0.0,0.0
2024-10-01 13:30:00-04:00,15.15999984741211,15.289999961853027,15.150099754333496,15.289999961853027,25987,0.0,0.0
2024-10-01 14:30:00-04:00,15.300000190734863,15.319999694824219,15.109999656677246,15.140000343322754,37528,0.0,0.0
2024-10-01 15:30:00-04:00,15.130000114440918,15.130000114440918,14.970000267028809,15.020000457763672,61823,0.0,0.0
2024-10-02 09:30:00-04:00,14.9399995803833,15.03499984741211,14.460000038146973,14.600000381469727,38950,0.0,0.0
2024-10-02 10:30:00-04:00,14.599900245666504,14.599900245666504,14.3100004196167,14.369999885559082,53771,0.0,0.0
2024-10-02 11:30:00-04:00,14.369999885559082,14.390000343322754,14.149999618530273,14.260000228881836,73831,0.0,0.0
2024-10-02 12:30:00-04:00,14.239999771118164,14.239999771118164,14.0,14.005000114440918,85163,0.0,0.0
2024-10-02 13:30:00-04:00,14.005000114440918,14.454999923706055,13.989999771118164,14.385000228881836,110744,0.0,0.0
2024-10-02 14:30:00-04:00,14.385000228881836,14.5,14.380000114440918,14.5,52440,0.0,0.0
2024-10-02 15:30:00-04:00,14.494999885559082,14.680000305175781,14.484999656677246,14.600000381469727,133828,0.0,0.0
2024-10-03 09:30:00-04:00,14.4399995803833,14.524999618530273,14.229999542236328,14.3100004196167,20874,0.0,0.0
2024-10-03 10:30:00-04:00,14.329999923706055,14.359999656677246,14.119999885559082,14.175000190734863,41635,0.0,0.0
2024-10-03 11:30:00-04:00,14.180000305175781,14.300000190734863,14.175000190734863,14.229999542236328,21658,0.0,0.0
2024-10-03 12:30:00-04:00,14.220000267028809,14.220000267028809,14.119999885559082,14.154999732971191,32405,0.0,0.0
2024-10-03 13:30:00-04:00,14.140000343322754,14.210000038146973,14.09000015258789,14.180000305175781,38696,0.0,0.0
2024-10-03 14:30:00-04:00,14.1899995803833,14.359999656677246,14.145000457763672,14.319999694824219,45104,0.0,0.0
2024-10-03 15:30:00-04:00,14.305000305175781,14.479999542236328,14.299300193786621,14.40999984741211,85872,0.0,0.0
2024-10-04 09:30:00-04:00,14.5,14.5,14.199999809265137,14.210000038146973,49162,0.0,0.0
2024-10-04 10:30:00-04:00,14.1899995803833,14.365300178527832,14.180000305175781,14.227299690246582,47464,0.0,0.0
2024-10-04 11:30:00-04:00,14.220000267028809,14.380000114440918,14.210000038146973,14.348999977111816,34159,0.0,0.0
2024-10-04 12:30:00-04:00,14.345000267028809,14.609999656677246,14.345000267028809,14.539999961853027,158696,0.0,0.0
2024-10-04 13:30:00-04:00,14.529999732971191,14.639399528503418,14.345000267028809,14.350000381469727,358183,0.0,0.0
2024-10-04 14:30:00-04:00,14.350299835205078,14.449999809265137,14.324999809265137,14.369999885559082,72199,0.0,0.0
2024-10-04 15:30:00-04:00,14.354999542236328,14.510000228881836,14.335000038146973,14.5,119759,0.0,0.0
2024-10-07 09:30:00-04:00,14.510000228881836,14.579999923706055,14.199999809265137,14.199999809265137,70481,0.0,0.0
2024-10-07 10:30:00-04:00,14.199000358581543,14.2431001663208,13.979999542236328,14.005000114440918,52523,0.0,0.0
2024-10-07 11:30:00-04:00,14.005000114440918,14.109999656677246,13.992500305175781,14.085000038146973,59675,0.0,0.0
2024-10-07 12:30:00-04:00,14.085000038146973,14.101400375366211,13.883399963378906,13.890000343322754,112108,0.0,0.0
2024-10-07 13:30:00-04:00,13.892499923706055,13.909099578857422,13.760000228881836,13.789899826049805,41203,0.0,0.0
2024-10-07 14:30:00-04:00,13.770000457763672,13.770000457763672,13.630000114440918,13.675000190734863,61957,0.0,0.0
2024-10-07 15:30:00-04:00,13.675000190734863,13.800000190734863,13.630999565124512,13.729999542236328,64927,0.0,0.0
2024-10-08 09:30:00-04:00,13.619999885559082,13.680000305175781,13.319999694824219,13.5,59029,0.0,0.0
2024-10-08 10:30:00-04:00,13.5,13.640000343322754,13.489999771118164,13.555000305175781,50375,0.0,0.0
2024-10-08 11:30:00-04:00,13.5600004196167,13.75,13.555000305175781,13.680000305175781,28197,0.0,0.0
2024-10-08 12:30:00-04:00,13.680000305175781,13.699999809265137,13.489999771118164,13.5,23615,0.0,0.0
2024-10-08 13:30:00-04:00,13.475000381469727,13.515000343322754,13.404999732971191,13.40999984741211,32883,0.0,0.0
2024-10-08 14:30:00-04:00,13.420000076293945,13.505000114440918,13.409199714660645,13.430000305175781,31957,0.0,0.0
2024-10-08 15:30:00-04:00,13.4350004196167,13.5,13.420000076293945,13.449999809265137,59610,0.0,0.0
2024-10-09 09:30:00-04:00,13.430000305175781,13.5,13.34000015258789,13.359999656677246,30251,0.0,0.0
2024-10-09 10:30:00-04:00,13.34000015258789,13.420000076293945,13.289999961853027,13.414999961853027,27318,0.0,0.0
2024-10-09 11:30:00-04:00,13.399999618530273,13.479999542236328,13.380000114440918,13.470000267028809,19768,0.0,0.0
2024-10-09 12:30:00-04:00,13.460000038146973,13.510000228881836,13.440799713134766,13.470000267028809,28553,0.0,0.0
2024-10-09 13:30:00-04:00,13.479999542236328,13.507499694824219,13.420000076293945,13.425000190734863,21479,0.0,0.0
2024-10-09 14:30:00-04:00,13.425000190734863,13.449999809265137,13.364999771118164,13.420000076293945,37303,0.0,0.0
2024-10-09 15:30:00-04:00,13.420000076293945,13.420000076293945,13.289999961853027,13.289999961853027,49620,0.0,0.0
2024-10-10 09:30:00-04:00,13.1899995803833,13.1899995803833,12.899999618530273,13.164999961853027,70465,0.0,0.0
2024-10-10 10:30:00-04:00,13.168999671936035,13.349900245666504,13.140000343322754,13.300000190734863,38221,0.0,0.0
2024-10-10 11:30:00-04:00,13.279999732971191,13.298399925231934,13.229999542236328,13.298399925231934,21369,0.0,0.0
2024-10-10 12:30:00-04:00,13.289999961853027,13.319999694824219,13.229999542236328,13.289999961853027,21509,0.0,0.0
2024-10-10 13:30:00-04:00,13.270000457763672,13.28499984741211,13.175000190734863,13.217100143432617,17967,0.0,0.0
2024-10-10 14:30:00-04:00,13.225000381469727,13.390000343322754,13.225000381469727,13.295000076293945,102103,0.0,0.0
2024-10-10 15:30:00-04:00,13.279999732971191,13.369999885559082,13.239999771118164,13.34000015258789,133648,0.0,0.0
2024-10-11 09:30:00-04:00,13.350000381469727,13.546099662780762,13.350000381469727,13.5,31043,0.0,0.0
2024-10-11 10:30:00-04:00,13.489999771118164,13.970000267028809,13.484999656677246,13.819999694824219,155920,0.0,0.0
2024-10-11 11:30:00-04:00,13.829999923706055,13.960000038146973,13.740300178527832,13.960000038146973,56738,0.0,0.0
2024-10-11 12:30:00-04:00,13.954999923706055,14.0,13.857999801635742,13.994999885559082,106523,0.0,0.0
2024-10-11 13:30:00-04:00,13.994999885559082,14.09000015258789,13.994999885559082,14.09000015258789,79055,0.0,0.0
2024-10-11 14:30:00-04:00,14.09000015258789,14.234999656677246,14.079999923706055,14.149999618530273,143135,0.0,0.0
2024-10-11 15:30:00-04:00,14.15999984741211,14.170000076293945,13.989999771118164,14.0,160896,0.0,0.0
2024-10-14 09:30:00-04:00,14.0,14.09630012512207,13.850000381469727,13.954999923706055,32031,0.0,0.0
2024-10-14 10:30:00-04:00,13.9350004196167,13.9350004196167,13.859999656677246,13.859999656677246,11935,0.0,0.0
2024-10-14 11:30:00-04:00,13.859999656677246,14.109999656677246,13.840100288391113,14.104999542236328,35397,0.0,0.0
2024-10-14 12:30:00-04:00,14.109999656677246,14.229999542236328,14.100099563598633,14.220000267028809,28124,0.0,0.0
2024-10-14 13:30:00-04:00,14.210000038146973,14.40999984741211,14.1899995803833,14.40999984741211,65959,0.0,0.0
2024-10-14 14:30:00-04:00,14.390000343322754,14.5,14.390000343322754,14.454999923706055,68969,0.0,0.0
2024-10-14 15:30:00-04:00,14.4399995803833,14.4399995803833,14.34000015258789,14.364999771118164,82874,0.0,0.0
2024-10-15 09:30:00-04:00,14.3100004196167,14.691699981689453,14.256999969482422,14.625,44239,0.0,0.0
2024-10-15 10:30:00-04:00,14.619999885559082,14.760000228881836,14.550000190734863,14.75,52650,0.0,0.0
2024-10-15 11:30:00-04:00,14.75,14.890000343322754,14.75,14.854999542236328,39717,0.0,0.0
2024-10-15 12:30:00-04:00,14.850000381469727,14.890000343322754,14.6899995803833,14.710000038146973,55476,0.0,0.0
2024-10-15 13:30:00-04:00,14.739999771118164,14.75,14.630000114440918,14.640000343322754,46041,0.0,0.0
2024-10-15 14:30:00-04:00,14.640000343322754,14.766599655151367,14.614999771118164,14.630000114440918,71845,0.0,0.0
2024-10-15 15:30:00-04:00,14.630000114440918,14.789999961853027,14.619999885559082,14.75,99382,0.0,0.0
2024-10-16 09:30:00-04:00,14.850000381469727,14.979999542236328,14.680000305175781,14.819999694824219,28469,0.0,0.0
2024-10-16 10:30:00-04:00,14.829999923706055,14.899999618530273,14.800000190734863,14.859999656677246,22932,0.0,0.0
2024-10-16 11:30:00-04:00,14.869999885559082,14.869999885559082,14.75,14.789999961853027,24535,0.0,0.0
2024-10-16 12:30:00-04:00,14.779999732971191,14.859999656677246,14.704999923706055,14.845000267028809,45105,0.0,0.0
2024-10-16 13:30:00-04:00,14.845000267028809,14.9399995803833,14.805000305175781,14.90999984741211,32546,0.0,0.0
2024-10-16 14:30:00-04:00,14.890000343322754,14.949999809265137,14.84000015258789,14.869999885559082,45706,0.0,0.0
2024-10-16 15:30:00-04:00,14.869999885559082,14.970000267028809,14.869999885559082,14.970000267028809,63238,0.0,0.0
2024-10-17 09:30:00-04:00,15.079999923706055,15.359999656677246,14.984399795532227,15.331999778747559,41476,0.0,0.0
2024-10-17 10:30:00-04:00,15.327799797058105,15.550000190734863,15.289999961853027,15.399999618530273,102927,0.0,0.0
2024-10-17 11:30:00-04:00,15.390000343322754,15.869999885559082,15.390000343322754,15.850000381469727,104189,0.0,0.0
2024-10-17 12:30:00-04:00,15.859999656677246,15.90999984741211,15.800000190734863,15.906000137329102,45674,0.0,0.0
2024-10-17 13:30:00-04:00,15.930999755859375,16.270000457763672,15.859999656677246,16.182100296020508,153753,0.0,0.0
2024-10-17 14:30:00-04:00,16.17799949645996,16.420000076293945,16.065000534057617,16.3799991607666,107849,0.0,0.0
2024-10-17 15:30:00-04:00,16.360000610351562,16.559999465942383,16.34000015258789,16.530000686645508,166336,0.0,0.0
2024-10-18 09:30:00-04:00,16.56999969482422,16.760000228881836,16.459999084472656,16.670000076293945,61763,0.0,0.0
2024-10-18 10:30:00-04:00,16.670000076293945,16.850000381469727,16.59000015258789,16.799999237060547,79142,0.0,0.0
2024-10-18 11:30:00-04:00,16.795000076293945,16.979999542236328,16.75,16.979999542236328,59080,0.0,0.0
2024-10-18 12:30:00-04:00,16.969999313354492,17.020000457763672,16.75,16.780000686645508,51346,0.0,0.0
2024-10-18 13:30:00-04:00,16.795000076293945,16.8700008392334,16.690000534057617,16.729999542236328,124919,0.0,0.0
2024-10-18 14:30:00-04:00,16.729999542236328,16.829999923706055,16.700000762939453,16.799999237060547,63740,0.0,0.0
2024-10-18 15:30:00-04:00,16.799999237060547,16.90999984741211,16.790000915527344,16.90250015258789,142609,0.0,0.0
2024-10-21 09:30:00-04:00,16.899999618530273,17.09000015258789,16.780000686645508,17.030000686645508,71003,0.0,0.0
2024-10-21 10:30:00-04:00,17.059999465942383,17.125,16.719999313354492,16.875,75223,0.0,0.0
2024-10-21 11:30:00-04:00,16.875,16.975000381469727,16.844999313354492,16.954200744628906,37821,0.0,0.0
2024-10-21 12:30:00-04:00,16.940000534057617,17.030000686645508,16.924999237060547,16.959999084472656,96331,0.0,0.0
2024-10-21 13:30:00-04:00,16.959999084472656,17.06999969482422,16.9158992767334,16.9950008392334,83746,0.0,0.0
2024-10-21 14:30:00-04:00,17.010000228881836,17.1299991607666,16.979999542236328,17.1299991607666,52241,0.0,0.0
2024-10-21 15:30:00-04:00,17.135000228881836,17.389999389648438,17.135000228881836,17.360000610351562,122569,0.0,0.0
2024-10-22 09:30:00-04:00,17.139999389648438,17.354999542236328,17.024999618530273,17.165000915527344,55815,0.0,0.0
2024-10-22 10:30:00-04:00,17.190000534057617,17.260000228881836,17.0,17.155000686645508,110114,0.0,0.0
2024-10-22 11:30:00-04:00,17.145000457763672,17.145000457763672,16.920000076293945,17.059999465942383,55814,0.0,0.0
2024-10-22 12:30:00-04:00,17.059999465942383,17.059999465942383,16.790000915527344,16.989999771118164,210055,0.0,0.0
2024-10-22 13:30:00-04:00,16.989999771118164,17.18000030517578,16.959999084472656,17.059999465942383,71728,0.0,0.0
2024-10-22 14:30:00-04:00,17.059999465942383,17.079999923706055,16.8799991607666,16.930999755859375,167857,0.0,0.0
2024-10-22 15:30:00-04:00,16.93000030517578,17.020000457763672,16.895000457763672,17.0,159489,0.0,0.0
2024-10-23 09:30:00-04:00,16.84000015258789,16.969999313354492,16.799999237060547,16.969999313354492,46019,0.0,0.0
2024-10-23 10:30:00-04:00,16.979999542236328,17.059999465942383,16.93000030517578,17.010000228881836,27607,0.0,0.0
2024-10-23 11:30:00-04:00,17.030000686645508,17.079999923706055,16.850000381469727,16.889999389648438,22910,0.0,0.0
2024-10-23 12:30:00-04:00,16.8799991607666,16.940000534057617,16.81999969482422,16.90999984741211,49074,0.0,0.0
2024-10-23 13:30:00-04:00,16.915000915527344,16.934999465942383,16.815000534057617,16.864999771118164,57829,0.0,0.0
2024-10-23 14:30:00-04:00,16.864999771118164,16.8700008392334,16.799999237060547,16.850000381469727,31960,0.0,0.0
2024-10-23 15:30:00-04:00,16.84000015258789,16.8700008392334,16.7549991607666,16.860000610351562,107699,0.0,0.0
2024-10-24 09:30:00-04:00,17.049999237060547,17.165000915527344,16.889999389648438,17.0,81063,0.0,0.0
2024-10-24 10:30:00-04:00,17.020000457763672,17.06999969482422,16.579999923706055,16.59000015258789,49893,0.0,0.0
2024-10-24 11:30:00-04:00,16.549999237060547,16.600000381469727,16.270000457763672,16.270000457763672,54891,0.0,0.0
2024-10-24 12:30:00-04:00,16.270000457763672,16.399999618530273,16.139999389648438,16.3700008392334,43782,0.0,0.0
2024-10-24 13:30:00-04:00,16.383100509643555,16.5,16.383100509643555,16.440000534057617,75290,0.0,0.0
2024-10-24 14:30:00-04:00,16.440000534057617,16.610000610351562,16.440000534057617,16.600000381469727,71258,0.0,0.0
2024-10-24 15:30:00-04:00,16.6200008392334,16.780000686645508,16.530000686645508,16.530000686645508,151960,0.0,0.0
2024-10-25 09:30:00-04:00,16.600000381469727,17.079999923706055,16.600000381469727,17.079999923706055,85702,0.0,0.0
2024-10-25 10:30:00-04:00,17.04599952697754,17.079999923706055,16.844999313354492,16.950000762939453,63015,0.0,0.0
2024-10-25 11:30:00-04:00,16.920000076293945,16.96500015258789,16.844999313354492,16.950000762939453,46562,0.0,0.0
2024-10-25 12:30:00-04:00,16.94499969482422,16.954999923706055,16.84000015258789,16.860000610351562,26480,0.0,0.0
2024-10-25 13:30:00-04:00,16.850000381469727,16.889999389648438,16.799999237060547,16.889999389648438,86246,0.0,0.0
2024-10-25 14:30:00-04:00,16.895000457763672,16.93000030517578,16.850000381469727,16.889999389648438,32337,0.0,0.0
2024-10-25 15:30:00-04:00,16.89900016784668,16.940000534057617,16.84000015258789,16.924999237060547,63020,0.0,0.0
