Datetime,Open,High,Low,Close,Volume,Dividends,Stock Splits
2022-10-27 09:30:00-04:00,14.479999542236328,14.630000114440918,14.420000076293945,14.585000038146973,84540,0.0,0.0
2022-10-27 10:30:00-04:00,14.579999923706055,14.604999542236328,14.470000267028809,14.505000114440918,67787,0.0,0.0
2022-10-27 11:30:00-04:00,14.5,14.510000228881836,14.40999984741211,14.4399995803833,49762,0.0,0.0
2022-10-27 12:30:00-04:00,14.4350004196167,14.53499984741211,14.4350004196167,14.475000381469727,58433,0.0,0.0
2022-10-27 13:30:00-04:00,14.475000381469727,14.479999542236328,14.420000076293945,14.444999694824219,30693,0.0,0.0
2022-10-27 14:30:00-04:00,14.4399995803833,14.4399995803833,14.34000015258789,14.350000381469727,80935,0.0,0.0
2022-10-27 15:30:00-04:00,14.34000015258789,14.375,14.329999923706055,14.350000381469727,239045,0.0,0.0
2022-10-28 09:30:00-04:00,14.460000038146973,14.524999618530273,14.390000343322754,14.449999809265137,76040,0.0,0.0
2022-10-28 10:30:00-04:00,14.460000038146973,14.520000457763672,14.420000076293945,14.491000175476074,69338,0.0,0.0
2022-10-28 11:30:00-04:00,14.5,14.579999923706055,14.479999542236328,14.5600004196167,72973,0.0,0.0
2022-10-28 12:30:00-04:00,14.569999694824219,14.614999771118164,14.5600004196167,14.59000015258789,50501,0.0,0.0
2022-10-28 13:30:00-04:00,14.59000015258789,14.609999656677246,14.555000305175781,14.604999542236328,44604,0.0,0.0
2022-10-28 14:30:00-04:00,14.600000381469727,14.654999732971191,14.595000267028809,14.635000228881836,98906,0.0,0.0
2022-10-28 15:30:00-04:00,14.630000114440918,14.649999618530273,14.600000381469727,14.609999656677246,83321,0.0,0.0
2022-10-31 09:30:00-04:00,14.5600004196167,14.675000190734863,14.460000038146973,14.600000381469727,70247,0.0,0.0
2022-10-31 10:30:00-04:00,14.595000267028809,14.704999923706055,14.595000267028809,14.694999694824219,45708,0.0,0.0
2022-10-31 11:30:00-04:00,14.6899995803833,14.75,14.680000305175781,14.720000267028809,42075,0.0,0.0
2022-10-31 12:30:00-04:00,14.720000267028809,14.725000381469727,14.65999984741211,14.725000381469727,38426,0.0,0.0
2022-10-31 13:30:00-04:00,14.720000267028809,14.725000381469727,14.675000190734863,14.6850004196167,40262,0.0,0.0
2022-10-31 14:30:00-04:00,14.680000305175781,14.694999694824219,14.59000015258789,14.630000114440918,64577,0.0,0.0
2022-10-31 15:30:00-04:00,14.625,14.625,14.539999961853027,14.579999923706055,193184,0.0,0.0
2022-11-01 09:30:00-04:00,14.670000076293945,14.710000038146973,14.494999885559082,14.529999732971191,52619,0.0,0.0
2022-11-01 10:30:00-04:00,14.520000457763672,14.550000190734863,14.425000190734863,14.479999542236328,45390,0.0,0.0
2022-11-01 11:30:00-04:00,14.489999771118164,14.555000305175781,14.4350004196167,14.46500015258789,40006,0.0,0.0
2022-11-01 12:30:00-04:00,14.460000038146973,14.545000076293945,14.430000305175781,14.545000076293945,43395,0.0,0.0
2022-11-01 13:30:00-04:00,14.539999961853027,14.5600004196167,14.489999771118164,14.505000114440918,48743,0.0,0.0
2022-11-01 14:30:00-04:00,14.510000228881836,14.510000228881836,14.4399995803833,14.451000213623047,66614,0.0,0.0
2022-11-01 15:30:00-04:00,14.454999923706055,14.520000457763672,14.454999923706055,14.510000228881836,116120,0.0,0.0
2022-11-02 09:30:00-04:00,14.460000038146973,14.475000381469727,14.300000190734863,14.305000305175781,62934,0.0,0.0
2022-11-02 10:30:00-04:00,14.3100004196167,14.335000038146973,14.265000343322754,14.279999732971191,42312,0.0,0.0
2022-11-02 11:30:00-04:00,14.279999732971191,14.305000305175781,14.010000228881836,14.03499984741211,153637,0.0,0.0
2022-11-02 12:30:00-04:00,14.029999732971191,14.03499984741211,13.90999984741211,13.925000190734863,81690,0.0,0.0
2022-11-02 13:30:00-04:00,13.925000190734863,14.039999961853027,13.829999923706055,14.029999732971191,337803,0.0,0.0
2022-11-02 14:30:00-04:00,14.029999732971191,14.039999961853027,13.279999732971191,13.300000190734863,366646,0.0,0.0
2022-11-02 15:30:00-04:00,13.295000076293945,13.449999809265137,13.28499984741211,13.350000381469727,448485,0.0,0.0
2022-11-03 09:30:00-04:00,13.1899995803833,13.1899995803833,12.9399995803833,13.029999732971191,228737,0.0,0.0
2022-11-03 10:30:00-04:00,13.039999961853027,13.119999885559082,12.979999542236328,13.020000457763672,137941,0.0,0.0
2022-11-03 11:30:00-04:00,13.020000457763672,13.039999961853027,12.96500015258789,12.994999885559082,152450,0.0,0.0
2022-11-03 12:30:00-04:00,13.0,13.260000228881836,13.0,13.135000228881836,546558,0.0,0.0
2022-11-03 13:30:00-04:00,13.130000114440918,13.140000343322754,12.994999885559082,13.09000015258789,167021,0.0,0.0
2022-11-03 14:30:00-04:00,13.09000015258789,13.09589958190918,13.039999961853027,13.039999961853027,122057,0.0,0.0
2022-11-03 15:30:00-04:00,13.045000076293945,13.0649995803833,12.979999542236328,12.989999771118164,163606,0.0,0.0
2022-11-04 09:30:00-04:00,13.199999809265137,13.260000228881836,13.0649995803833,13.194999694824219,120602,0.0,0.0
2022-11-04 10:30:00-04:00,13.194999694824219,13.210000038146973,13.100000381469727,13.100000381469727,124209,0.0,0.0
2022-11-04 11:30:00-04:00,13.09000015258789,13.100000381469727,12.925000190734863,13.0,81158,0.0,0.0
2022-11-04 12:30:00-04:00,12.984999656677246,13.0,12.90999984741211,12.920000076293945,66405,0.0,0.0
2022-11-04 13:30:00-04:00,12.90999984741211,12.949999809265137,12.845000267028809,12.9399995803833,124629,0.0,0.0
2022-11-04 14:30:00-04:00,12.944999694824219,13.0,12.920000076293945,12.920000076293945,158399,0.0,0.0
2022-11-04 15:30:00-04:00,12.920000076293945,12.970000267028809,12.869999885559082,12.899999618530273,435333,0.0,0.0
2022-11-07 09:30:00-05:00,13.079999923706055,13.3100004196167,13.020000457763672,13.21500015258789,293049,0.0,0.0
2022-11-07 10:30:00-05:00,13.21500015258789,13.260000228881836,13.170000076293945,13.204999923706055,140979,0.0,0.0
2022-11-07 11:30:00-05:00,13.204999923706055,13.229999542236328,13.130000114440918,13.220000267028809,99158,0.0,0.0
2022-11-07 12:30:00-05:00,13.225000381469727,13.289999961853027,13.210000038146973,13.289999961853027,145594,0.0,0.0
2022-11-07 13:30:00-05:00,13.300000190734863,13.430000305175781,13.28499984741211,13.385000228881836,109486,0.0,0.0
2022-11-07 14:30:00-05:00,13.385000228881836,13.475000381469727,13.375,13.470000267028809,106978,0.0,0.0
2022-11-07 15:30:00-05:00,13.475000381469727,13.5,13.399999618530273,13.430000305175781,178336,0.0,0.0
2022-11-08 09:30:00-05:00,13.380000114440918,13.390000343322754,13.114999771118164,13.270000457763672,151755,0.0,0.0
2022-11-08 10:30:00-05:00,13.265000343322754,13.40999984741211,13.265000343322754,13.380000114440918,95952,0.0,0.0
2022-11-08 11:30:00-05:00,13.380000114440918,13.420000076293945,13.3100004196167,13.350000381469727,82778,0.0,0.0
2022-11-08 12:30:00-05:00,13.345000267028809,13.350000381469727,13.239999771118164,13.279999732971191,205990,0.0,0.0
2022-11-08 13:30:00-05:00,13.28499984741211,13.3100004196167,13.109999656677246,13.109999656677246,107708,0.0,0.0
2022-11-08 14:30:00-05:00,13.114999771118164,13.369999885559082,13.104999542236328,13.369999885559082,161384,0.0,0.0
2022-11-08 15:30:00-05:00,13.364999771118164,13.454999923706055,13.324999809265137,13.369999885559082,187048,0.0,0.0
2022-11-09 09:30:00-05:00,13.289999961853027,13.449999809265137,13.199999809265137,13.324999809265137,134699,0.0,0.0
2022-11-09 10:30:00-05:00,13.324999809265137,13.34000015258789,13.260000228881836,13.300000190734863,133315,0.0,0.0
2022-11-09 11:30:00-05:00,13.300000190734863,13.399999618530273,13.295000076293945,13.324999809265137,100589,0.0,0.0
2022-11-09 12:30:00-05:00,13.324999809265137,13.329999923706055,13.25,13.295000076293945,147398,0.0,0.0
2022-11-09 13:30:00-05:00,13.289999961853027,13.305000305175781,13.265000343322754,13.279999732971191,135353,0.0,0.0
2022-11-09 14:30:00-05:00,13.270000457763672,13.274999618530273,13.225000381469727,13.239999771118164,96338,0.0,0.0
2022-11-09 15:30:00-05:00,13.229999542236328,13.319999694824219,13.229999542236328,13.289999961853027,373116,0.0,0.0
2022-11-10 09:30:00-05:00,13.550000190734863,14.390000343322754,13.550000190734863,14.194999694824219,252424,0.0,0.0
2022-11-10 10:30:00-05:00,14.1899995803833,14.470000267028809,14.149999618530273,14.369999885559082,170315,0.0,0.0
2022-11-10 11:30:00-05:00,14.380000114440918,14.399999618530273,14.28499984741211,14.34000015258789,134124,0.0,0.0
2022-11-10 12:30:00-05:00,14.34000015258789,14.34000015258789,14.140000343322754,14.15999984741211,154099,0.0,0.0
2022-11-10 13:30:00-05:00,14.149999618530273,14.239999771118164,14.119999885559082,14.149999618530273,169231,0.0,0.0
2022-11-10 14:30:00-05:00,14.149999618530273,14.354999542236328,14.079999923706055,14.34000015258789,251609,0.0,0.0
2022-11-10 15:30:00-05:00,14.34000015258789,14.420000076293945,14.279999732971191,14.3100004196167,347374,0.0,0.0
2022-11-11 09:30:00-05:00,14.579999923706055,14.670000076293945,14.34000015258789,14.479999542236328,193041,0.0,0.0
2022-11-11 10:30:00-05:00,14.489999771118164,14.510000228881836,14.34000015258789,14.380000114440918,151615,0.0,0.0
2022-11-11 11:30:00-05:00,14.385000228881836,14.40999984741211,14.34000015258789,14.395000457763672,95845,0.0,0.0
2022-11-11 12:30:00-05:00,14.395000457763672,14.404999732971191,14.305000305175781,14.335000038146973,98168,0.0,0.0
2022-11-11 13:30:00-05:00,14.335000038146973,14.34000015258789,14.260000228881836,14.3149995803833,131529,0.0,0.0
2022-11-11 14:30:00-05:00,14.3149995803833,14.625,14.3100004196167,14.449999809265137,277563,0.0,0.0
2022-11-11 15:30:00-05:00,14.449999809265137,14.467499732971191,14.270000457763672,14.289999961853027,658976,0.0,0.0
2022-11-14 09:30:00-05:00,14.34000015258789,14.350000381469727,14.109999656677246,14.109999656677246,167476,0.0,0.0
2022-11-14 10:30:00-05:00,14.114999771118164,14.135000228881836,14.010000228881836,14.050000190734863,108208,0.0,0.0
2022-11-14 11:30:00-05:00,14.050000190734863,14.130000114440918,13.895000457763672,14.130000114440918,175785,0.0,0.0
2022-11-14 12:30:00-05:00,14.119999885559082,14.180000305175781,14.079999923706055,14.154999732971191,95334,0.0,0.0
2022-11-14 13:30:00-05:00,14.149999618530273,14.239999771118164,14.119999885559082,14.140000343322754,89910,0.0,0.0
2022-11-14 14:30:00-05:00,14.140000343322754,14.15999984741211,14.0649995803833,14.09000015258789,137376,0.0,0.0
2022-11-14 15:30:00-05:00,14.09000015258789,14.15999984741211,14.039999961853027,14.069999694824219,222987,0.0,0.0
2022-11-15 09:30:00-05:00,14.260000228881836,14.369999885559082,14.199999809265137,14.324999809265137,106281,0.0,0.0
2022-11-15 10:30:00-05:00,14.319999694824219,14.550000190734863,14.319999694824219,14.545000076293945,107672,0.0,0.0
2022-11-15 11:30:00-05:00,14.550000190734863,14.604999542236328,14.539999961853027,14.545000076293945,73804,0.0,0.0
2022-11-15 12:30:00-05:00,14.550000190734863,14.5600004196167,14.425000190734863,14.4350004196167,73541,0.0,0.0
2022-11-15 13:30:00-05:00,14.430000305175781,14.520000457763672,14.34000015258789,14.5,87442,0.0,0.0
2022-11-15 14:30:00-05:00,14.5,14.505000114440918,14.444999694824219,14.484999656677246,96544,0.0,0.0
2022-11-15 15:30:00-05:00,14.484999656677246,14.489999771118164,14.375,14.399999618530273,139625,0.0,0.0
2022-11-16 09:30:00-05:00,14.390000343322754,14.460000038146973,14.255000114440918,14.289999961853027,0,0.0,0.0
2022-11-16 10:30:00-05:00,14.300000190734863,14.324999809265137,14.21500015258789,14.244999885559082,56110,0.0,0.0
2022-11-16 11:30:00-05:00,14.244999885559082,14.3149995803833,14.210000038146973,14.270000457763672,75456,0.0,0.0
2022-11-16 12:30:00-05:00,14.270000457763672,14.300000190734863,14.220000267028809,14.225000381469727,58815,0.0,0.0
2022-11-16 13:30:00-05:00,14.229999542236328,14.229999542236328,14.104999542236328,14.125,96438,0.0,0.0
2022-11-16 14:30:00-05:00,14.130000114440918,14.229999542236328,14.130000114440918,14.204999923706055,104933,0.0,0.0
2022-11-16 15:30:00-05:00,14.199999809265137,14.229999542236328,14.180000305175781,14.210000038146973,119999,0.0,0.0
2022-11-17 09:30:00-05:00,14.010000228881836,14.204999923706055,13.930000305175781,14.140000343322754,70400,0.0,0.0
2022-11-17 10:30:00-05:00,14.140000343322754,14.140000343322754,14.079999923706055,14.104999542236328,64348,0.0,0.0
2022-11-17 11:30:00-05:00,14.109999656677246,14.170000076293945,14.085000038146973,14.145000457763672,59197,0.0,0.0
2022-11-17 12:30:00-05:00,14.145000457763672,14.199999809265137,14.119999885559082,14.130000114440918,57899,0.0,0.0
2022-11-17 13:30:00-05:00,14.119999885559082,14.149999618530273,14.0649995803833,14.109999656677246,59423,0.0,0.0
2022-11-17 14:30:00-05:00,14.109999656677246,14.21500015258789,14.09000015258789,14.21500015258789,112687,0.0,0.0
2022-11-17 15:30:00-05:00,14.21500015258789,14.265000343322754,14.199999809265137,14.234999656677246,116494,0.0,0.0
2022-11-18 09:30:00-05:00,14.520000457763672,14.529999732971191,14.25,14.329999923706055,179911,0.0,0.0
2022-11-18 10:30:00-05:00,14.329999923706055,14.430000305175781,14.300000190734863,14.420000076293945,100024,0.0,0.0
2022-11-18 11:30:00-05:00,14.425000190734863,14.484999656677246,14.364999771118164,14.460000038146973,58298,0.0,0.0
2022-11-18 12:30:00-05:00,14.470000267028809,14.5600004196167,14.430000305175781,14.5600004196167,112931,0.0,0.0
2022-11-18 13:30:00-05:00,14.5600004196167,14.640000343322754,14.550000190734863,14.635000228881836,50992,0.0,0.0
2022-11-18 14:30:00-05:00,14.635000228881836,14.765000343322754,14.600000381469727,14.720000267028809,122861,0.0,0.0
2022-11-18 15:30:00-05:00,14.71500015258789,14.78499984741211,14.71500015258789,14.760000228881836,126925,0.0,0.0
2022-11-21 09:30:00-05:00,14.84000015258789,15.050000190734863,14.75,15.050000190734863,158618,0.0,0.0
2022-11-21 10:30:00-05:00,15.050000190734863,15.0649995803833,14.944999694824219,15.012800216674805,130510,0.0,0.0
2022-11-21 11:30:00-05:00,15.020000457763672,15.100000381469727,15.020000457763672,15.074999809265137,85505,0.0,0.0
2022-11-21 12:30:00-05:00,15.069999694824219,15.130000114440918,15.069999694824219,15.119999885559082,116191,0.0,0.0
2022-11-21 13:30:00-05:00,15.119999885559082,15.170000076293945,15.039999961853027,15.095000267028809,106673,0.0,0.0
2022-11-21 14:30:00-05:00,15.095000267028809,15.130000114440918,15.0649995803833,15.079999923706055,164702,0.0,0.0
2022-11-21 15:30:00-05:00,15.074999809265137,15.149999618530273,15.050000190734863,15.149999618530273,301175,0.0,0.0
2022-11-22 09:30:00-05:00,15.329999923706055,15.430000305175781,15.199999809265137,15.40999984741211,132960,0.0,0.0
2022-11-22 10:30:00-05:00,15.420000076293945,15.574999809265137,15.399999618530273,15.510000228881836,215255,0.0,0.0
2022-11-22 11:30:00-05:00,15.517499923706055,15.604999542236328,15.494999885559082,15.604999542236328,110040,0.0,0.0
2022-11-22 12:30:00-05:00,15.604999542236328,15.609999656677246,15.489999771118164,15.510000228881836,112255,0.0,0.0
2022-11-22 13:30:00-05:00,15.510000228881836,15.520000457763672,15.460000038146973,15.484999656677246,83887,0.0,0.0
2022-11-22 14:30:00-05:00,15.489999771118164,15.489999771118164,15.390000343322754,15.484999656677246,84219,0.0,0.0
2022-11-22 15:30:00-05:00,15.484999656677246,15.5,15.425000190734863,15.4399995803833,192363,0.0,0.0
2022-11-23 09:30:00-05:00,15.390000343322754,15.4350004196167,15.34000015258789,15.34000015258789,61742,0.0,0.0
2022-11-23 10:30:00-05:00,15.345000267028809,15.375,15.199999809265137,15.199999809265137,42853,0.0,0.0
2022-11-23 11:30:00-05:00,15.210000038146973,15.210000038146973,15.039999961853027,15.114999771118164,58384,0.0,0.0
2022-11-23 12:30:00-05:00,15.104999542236328,15.149999618530273,15.069999694824219,15.145000457763672,52409,0.0,0.0
2022-11-23 13:30:00-05:00,15.149999618530273,15.210000038146973,15.119999885559082,15.130000114440918,106623,0.0,0.0
2022-11-23 14:30:00-05:00,15.135000228881836,15.135000228881836,15.039999961853027,15.050000190734863,74928,0.0,0.0
2022-11-23 15:30:00-05:00,15.055000305175781,15.130000114440918,15.0,15.130000114440918,118142,0.0,0.0
2022-11-25 09:30:00-05:00,15.130000114440918,15.270000457763672,15.100000381469727,15.170000076293945,109756,0.0,0.0
2022-11-25 10:30:00-05:00,15.170000076293945,15.324999809265137,15.170000076293945,15.28499984741211,53996,0.0,0.0
2022-11-25 11:30:00-05:00,15.28499984741211,15.34000015258789,15.28499984741211,15.329999923706055,82054,0.0,0.0
2022-11-28 09:30:00-05:00,15.229999542236328,15.260000228881836,15.100000381469727,15.154999732971191,90272,0.0,0.0
2022-11-28 10:30:00-05:00,15.149999618530273,15.170000076293945,15.09000015258789,15.140000343322754,58597,0.0,0.0
2022-11-28 11:30:00-05:00,15.135000228881836,15.220000267028809,15.09000015258789,15.170000076293945,70006,0.0,0.0
2022-11-28 12:30:00-05:00,15.175000190734863,15.1899995803833,15.125,15.145000457763672,76698,0.0,0.0
2022-11-28 13:30:00-05:00,15.149999618530273,15.149999618530273,15.029999732971191,15.055000305175781,58620,0.0,0.0
2022-11-28 14:30:00-05:00,15.055000305175781,15.100000381469727,15.020000457763672,15.03499984741211,72012,0.0,0.0
2022-11-28 15:30:00-05:00,15.03499984741211,15.079999923706055,15.024999618530273,15.039999961853027,147566,0.0,0.0
2022-11-29 09:30:00-05:00,14.970000267028809,15.09000015258789,14.96500015258789,15.079999923706055,48118,0.0,0.0
2022-11-29 10:30:00-05:00,15.074999809265137,15.130000114440918,15.039999961853027,15.055000305175781,74472,0.0,0.0
2022-11-29 11:30:00-05:00,15.0600004196167,15.145000457763672,15.0600004196167,15.119999885559082,45758,0.0,0.0
2022-11-29 12:30:00-05:00,15.125,15.175000190734863,15.100000381469727,15.109999656677246,52165,0.0,0.0
2022-11-29 13:30:00-05:00,15.114999771118164,15.149999618530273,15.109999656677246,15.114999771118164,57739,0.0,0.0
2022-11-29 14:30:00-05:00,15.109999656677246,15.145000457763672,15.074999809265137,15.135000228881836,63062,0.0,0.0
2022-11-29 15:30:00-05:00,15.135000228881836,15.145000457763672,15.079999923706055,15.079999923706055,108953,0.0,0.0
2022-11-30 09:30:00-05:00,15.130000114440918,15.225000381469727,15.0600004196167,15.100000381469727,266698,0.0,0.0
2022-11-30 10:30:00-05:00,15.100000381469727,15.164999961853027,15.020000457763672,15.055000305175781,170351,0.0,0.0
2022-11-30 11:30:00-05:00,15.0600004196167,15.119999885559082,15.050000190734863,15.079999923706055,78240,0.0,0.0
2022-11-30 12:30:00-05:00,15.079999923706055,15.180000305175781,15.069999694824219,15.170000076293945,76755,0.0,0.0
2022-11-30 13:30:00-05:00,15.15999984741211,15.619999885559082,15.145000457763672,15.604999542236328,183081,0.0,0.0
2022-11-30 14:30:00-05:00,15.600000381469727,15.614999771118164,15.5,15.505000114440918,133025,0.0,0.0
2022-11-30 15:30:00-05:00,15.505000114440918,15.65999984741211,15.5,15.649999618530273,370787,0.0,0.0
2022-12-01 09:30:00-05:00,15.770000457763672,15.90999984741211,15.614999771118164,15.625,148690,0.0,0.0
2022-12-01 10:30:00-05:00,15.625,15.789999961853027,15.604999542236328,15.78499984741211,135889,0.0,0.0
2022-12-01 11:30:00-05:00,15.78499984741211,15.813199996948242,15.720000267028809,15.795000076293945,152454,0.0,0.0
2022-12-01 12:30:00-05:00,15.800000190734863,15.819999694824219,15.729999542236328,15.807499885559082,82659,0.0,0.0
2022-12-01 13:30:00-05:00,15.800000190734863,15.859999656677246,15.789999961853027,15.845000267028809,54910,0.0,0.0
2022-12-01 14:30:00-05:00,15.845000267028809,15.90999984741211,15.84000015258789,15.904999732971191,90110,0.0,0.0
2022-12-01 15:30:00-05:00,15.904999732971191,15.90999984741211,15.859999656677246,15.864999771118164,179983,0.0,0.0
2022-12-02 09:30:00-05:00,15.619999885559082,15.854999542236328,15.449999809265137,15.815799713134766,85122,0.0,0.0
2022-12-02 10:30:00-05:00,15.8100004196167,15.949999809265137,15.805000305175781,15.920000076293945,85575,0.0,0.0
2022-12-02 11:30:00-05:00,15.920000076293945,16.020000457763672,15.914999961853027,16.010000228881836,57771,0.0,0.0
2022-12-02 12:30:00-05:00,16.010000228881836,16.03499984741211,15.984999656677246,16.03499984741211,50340,0.0,0.0
2022-12-02 13:30:00-05:00,16.03499984741211,16.049999237060547,15.979999542236328,16.0,56073,0.0,0.0
2022-12-02 14:30:00-05:00,16.0,16.1200008392334,15.989999771118164,16.094999313354492,86772,0.0,0.0
2022-12-02 15:30:00-05:00,16.100000381469727,16.110000610351562,16.059999465942383,16.09000015258789,174103,0.0,0.0
2022-12-05 09:30:00-05:00,15.90999984741211,16.06999969482422,15.904999732971191,15.989999771118164,145141,0.0,0.0
2022-12-05 10:30:00-05:00,15.994999885559082,16.045000076293945,15.975000381469727,16.014999389648438,53449,0.0,0.0
2022-12-05 11:30:00-05:00,16.014999389648438,16.06999969482422,15.989999771118164,16.049999237060547,86458,0.0,0.0
2022-12-05 12:30:00-05:00,16.049999237060547,16.049999237060547,15.84000015258789,15.90999984741211,90985,0.0,0.0
2022-12-05 13:30:00-05:00,15.920000076293945,15.9399995803833,15.895000457763672,15.90999984741211,94128,0.0,0.0
2022-12-05 14:30:00-05:00,15.899999618530273,15.920000076293945,15.829999923706055,15.895000457763672,125919,0.0,0.0
2022-12-05 15:30:00-05:00,15.895000457763672,15.975000381469727,15.885000228881836,15.949999809265137,110873,0.0,0.0
2022-12-06 09:30:00-05:00,16.030000686645508,16.030000686645508,15.710000038146973,15.710000038146973,79689,0.0,0.0
2022-12-06 10:30:00-05:00,15.6899995803833,15.704999923706055,15.489999771118164,15.5,54165,0.0,0.0
2022-12-06 11:30:00-05:00,15.5,15.510000228881836,15.380000114440918,15.414999961853027,57546,0.0,0.0
2022-12-06 12:30:00-05:00,15.420000076293945,15.484999656677246,15.359999656677246,15.359999656677246,41140,0.0,0.0
2022-12-06 13:30:00-05:00,15.364999771118164,15.380000114440918,15.289999961853027,15.34000015258789,54921,0.0,0.0
2022-12-06 14:30:00-05:00,15.335000038146973,15.399999618530273,15.3100004196167,15.350000381469727,83828,0.0,0.0
2022-12-06 15:30:00-05:00,15.354999542236328,15.40999984741211,15.345000267028809,15.359999656677246,131186,0.0,0.0
2022-12-07 09:30:00-05:00,15.350000381469727,15.460000038146973,15.270000457763672,15.34000015258789,84167,0.0,0.0
2022-12-07 10:30:00-05:00,15.34000015258789,15.395000457763672,15.265000343322754,15.270000457763672,82806,0.0,0.0
2022-12-07 11:30:00-05:00,15.270000457763672,15.319999694824219,15.239999771118164,15.270000457763672,81233,0.0,0.0
2022-12-07 12:30:00-05:00,15.279999732971191,15.289999961853027,15.239999771118164,15.270000457763672,60653,0.0,0.0
2022-12-07 13:30:00-05:00,15.265000343322754,15.270000457763672,15.1850004196167,15.229999542236328,51270,0.0,0.0
2022-12-07 14:30:00-05:00,15.225000381469727,15.239999771118164,15.135000228881836,15.1850004196167,77032,0.0,0.0
2022-12-07 15:30:00-05:00,15.1899995803833,15.265000343322754,15.1899995803833,15.239999771118164,142838,0.0,0.0
2022-12-08 09:30:00-05:00,15.289999961853027,15.3100004196167,15.079999923706055,15.220000267028809,89380,0.0,0.0
2022-12-08 10:30:00-05:00,15.219799995422363,15.300000190734863,15.180000305175781,15.1899995803833,68703,0.0,0.0
2022-12-08 11:30:00-05:00,15.199999809265137,15.25,15.15999984741211,15.15999984741211,71620,0.0,0.0
2022-12-08 12:30:00-05:00,15.154999732971191,15.300000190734863,15.149999618530273,15.289999961853027,53992,0.0,0.0
2022-12-08 13:30:00-05:00,15.295000076293945,15.420000076293945,15.289999961853027,15.400500297546387,77078,0.0,0.0
2022-12-08 14:30:00-05:00,15.399999618530273,15.489999771118164,15.364999771118164,15.479999542236328,70911,0.0,0.0
2022-12-08 15:30:00-05:00,15.475000381469727,15.484999656677246,15.375,15.4399995803833,125590,0.0,0.0
2022-12-09 09:30:00-05:00,15.3100004196167,15.420000076293945,15.300000190734863,15.345000267028809,57336,0.0,0.0
2022-12-09 10:30:00-05:00,15.345000267028809,15.420000076293945,15.3149995803833,15.399999618530273,51807,0.0,0.0
2022-12-09 11:30:00-05:00,15.399999618530273,15.489999771118164,15.399999618530273,15.4350004196167,61786,0.0,0.0
2022-12-09 12:30:00-05:00,15.4399995803833,15.489999771118164,15.390000343322754,15.399999618530273,55821,0.0,0.0
2022-12-09 13:30:00-05:00,15.399999618530273,15.4399995803833,15.3149995803833,15.40999984741211,82527,0.0,0.0
2022-12-09 14:30:00-05:00,15.40999984741211,15.46500015258789,15.395000457763672,15.425000190734863,58637,0.0,0.0
2022-12-09 15:30:00-05:00,15.420000076293945,15.420000076293945,15.3100004196167,15.329999923706055,122216,0.0,0.0
2022-12-12 09:30:00-05:00,15.359999656677246,15.390000343322754,15.300000190734863,15.375,58064,0.0,0.0
2022-12-12 10:30:00-05:00,15.380000114440918,15.454999923706055,15.380000114440918,15.4350004196167,45911,0.0,0.0
2022-12-12 11:30:00-05:00,15.430000305175781,15.460000038146973,15.395000457763672,15.4350004196167,46079,0.0,0.0
2022-12-12 12:30:00-05:00,15.4399995803833,15.460000038146973,15.40999984741211,15.40999984741211,68969,0.0,0.0
2022-12-12 13:30:00-05:00,15.40999984741211,15.40999984741211,15.34000015258789,15.345000267028809,53689,0.0,0.0
2022-12-12 14:30:00-05:00,15.34000015258789,15.4399995803833,15.319999694824219,15.425000190734863,93233,0.0,0.0
2022-12-12 15:30:00-05:00,15.420000076293945,15.444999694824219,15.40999984741211,15.4350004196167,151893,0.0,0.0
2022-12-13 09:30:00-05:00,15.850000381469727,15.850000381469727,15.479999542236328,15.505000114440918,100435,0.0,0.0
2022-12-13 10:30:00-05:00,15.505000114440918,15.550000190734863,15.46500015258789,15.484999656677246,80492,0.0,0.0
2022-12-13 11:30:00-05:00,15.484999656677246,15.520000457763672,15.34000015258789,15.354999542236328,70388,0.0,0.0
2022-12-13 12:30:00-05:00,15.350000381469727,15.420000076293945,15.300000190734863,15.399999618530273,59019,0.0,0.0
2022-12-13 13:30:00-05:00,15.399999618530273,15.600000381469727,15.395000457763672,15.529999732971191,278095,0.0,0.0
2022-12-13 14:30:00-05:00,15.520000457763672,15.710000038146973,15.484999656677246,15.645000457763672,248079,0.0,0.0
2022-12-13 15:30:00-05:00,15.645000457763672,15.725000381469727,15.609999656677246,15.6899995803833,158825,0.0,0.0
2022-12-14 09:30:00-05:00,15.699999809265137,15.8149995803833,15.550000190734863,15.805000305175781,618483,0.0,0.0
2022-12-14 10:30:00-05:00,15.805000305175781,15.90999984741211,15.795000076293945,15.859999656677246,131905,0.0,0.0
2022-12-14 11:30:00-05:00,15.859999656677246,15.885000228881836,15.805000305175781,15.845000267028809,156803,0.0,0.0
2022-12-14 12:30:00-05:00,15.845000267028809,15.859999656677246,15.829999923706055,15.835000038146973,78786,0.0,0.0
2022-12-14 13:30:00-05:00,15.84000015258789,15.920000076293945,15.789999961853027,15.895000457763672,149324,0.0,0.0
2022-12-14 14:30:00-05:00,15.890000343322754,15.975000381469727,15.710000038146973,15.795000076293945,206734,0.0,0.0
2022-12-14 15:30:00-05:00,15.789999961853027,15.859999656677246,15.744999885559082,15.850000381469727,149136,0.0,0.0
2022-12-15 09:30:00-05:00,15.6899995803833,15.6899995803833,15.414999961853027,15.484999656677246,74097,0.0,0.0
2022-12-15 10:30:00-05:00,15.479999542236328,15.494999885559082,15.359999656677246,15.375,91755,0.0,0.0
2022-12-15 11:30:00-05:00,15.375,15.505000114440918,15.364999771118164,15.505000114440918,104550,0.0,0.0
2022-12-15 12:30:00-05:00,15.505000114440918,15.545000076293945,15.489999771118164,15.510000228881836,77746,0.0,0.0
2022-12-15 13:30:00-05:00,15.510000228881836,15.539999961853027,15.5,15.524999618530273,73321,0.0,0.0
2022-12-15 14:30:00-05:00,15.529999732971191,15.619999885559082,15.505000114440918,15.579999923706055,117447,0.0,0.0
2022-12-15 15:30:00-05:00,15.574999809265137,15.579999923706055,15.489999771118164,15.520000457763672,151868,0.0,0.0
2022-12-16 09:30:00-05:00,15.319999694824219,15.5,15.274999618530273,15.289999961853027,327708,0.0,0.0
2022-12-16 10:30:00-05:00,15.289999961853027,15.460000038146973,15.279999732971191,15.414999961853027,65148,0.0,0.0
2022-12-16 11:30:00-05:00,15.420000076293945,15.4350004196167,15.3100004196167,15.335000038146973,53612,0.0,0.0
2022-12-16 12:30:00-05:00,15.335000038146973,15.359999656677246,15.295000076293945,15.319999694824219,41484,0.0,0.0
2022-12-16 13:30:00-05:00,15.3100004196167,15.430000305175781,15.300000190734863,15.369999885559082,99585,0.0,0.0
2022-12-16 14:30:00-05:00,15.359999656677246,15.515000343322754,15.342000007629395,15.484999656677246,117240,0.0,0.0
2022-12-16 15:30:00-05:00,15.489999771118164,15.579999923706055,15.470000267028809,15.550000190734863,227540,0.0,0.0
2022-12-19 09:30:00-05:00,15.489999771118164,15.609999656677246,15.399999618530273,15.550000190734863,89718,0.0,0.0
2022-12-19 10:30:00-05:00,15.550000190734863,15.550000190734863,15.329999923706055,15.375,53780,0.0,0.0
2022-12-19 11:30:00-05:00,15.369999885559082,15.375,15.239999771118164,15.265000343322754,71602,0.0,0.0
2022-12-19 12:30:00-05:00,15.265000343322754,15.335000038146973,15.234999656677246,15.295000076293945,95897,0.0,0.0
2022-12-19 13:30:00-05:00,15.295000076293945,15.305000305175781,15.199999809265137,15.28499984741211,97974,0.0,0.0
2022-12-19 14:30:00-05:00,15.279999732971191,15.28499984741211,15.194999694824219,15.260000228881836,75450,0.0,0.0
2022-12-19 15:30:00-05:00,15.265000343322754,15.305000305175781,15.244999885559082,15.25,180073,0.0,0.0
2022-12-20 09:30:00-05:00,15.289999961853027,15.305000305175781,15.210000038146973,15.279999732971191,38148,0.0,0.0
2022-12-20 10:30:00-05:00,15.28499984741211,15.329999923706055,15.15999984741211,15.164999961853027,28358,0.0,0.0
2022-12-20 11:30:00-05:00,15.164999961853027,15.260000228881836,15.164999961853027,15.229999542236328,31914,0.0,0.0
2022-12-20 12:30:00-05:00,15.229999542236328,15.289999961853027,15.21500015258789,15.28499984741211,25380,0.0,0.0
2022-12-20 13:30:00-05:00,15.28499984741211,15.300000190734863,15.260000228881836,15.28499984741211,19827,0.0,0.0
2022-12-20 14:30:00-05:00,15.279999732971191,15.279999732971191,15.140000343322754,15.194999694824219,259462,0.0,0.0
2022-12-20 15:30:00-05:00,15.194999694824219,15.234999656677246,15.149999618530273,15.180000305175781,171767,0.0,0.0
2022-12-21 09:30:00-05:00,15.319999694824219,15.475000381469727,15.270000457763672,15.475000381469727,49844,0.0,0.0
2022-12-21 10:30:00-05:00,15.475000381469727,15.579999923706055,15.470000267028809,15.579999923706055,55946,0.0,0.0
2022-12-21 11:30:00-05:00,15.59000015258789,15.59000015258789,15.470000267028809,15.470000267028809,34168,0.0,0.0
2022-12-21 12:30:00-05:00,15.479999542236328,15.5,15.449999809265137,15.494999885559082,30778,0.0,0.0
2022-12-21 13:30:00-05:00,15.494999885559082,15.505000114440918,15.470000267028809,15.494999885559082,42885,0.0,0.0
2022-12-21 14:30:00-05:00,15.490099906921387,15.569999694824219,15.479999542236328,15.539999961853027,80666,0.0,0.0
2022-12-21 15:30:00-05:00,15.545000076293945,15.59000015258789,15.529999732971191,15.59000015258789,97118,0.0,0.0
2022-12-22 09:30:00-05:00,15.430000305175781,15.430000305175781,15.34000015258789,15.359999656677246,37234,0.0,0.0
2022-12-22 10:30:00-05:00,15.350000381469727,15.399999618530273,15.34000015258789,15.380000114440918,29664,0.0,0.0
2022-12-22 11:30:00-05:00,15.389900207519531,15.389900207519531,15.274999618530273,15.279999732971191,19731,0.0,0.0
2022-12-22 12:30:00-05:00,15.274999618530273,15.274999618530273,15.204999923706055,15.244999885559082,22790,0.0,0.0
2022-12-22 13:30:00-05:00,15.244999885559082,15.305000305175781,15.210000038146973,15.305000305175781,22304,0.0,0.0
2022-12-22 14:30:00-05:00,15.305000305175781,15.359999656677246,15.28499984741211,15.359999656677246,25992,0.0,0.0
2022-12-22 15:30:00-05:00,15.354999542236328,15.449999809265137,15.335000038146973,15.4399995803833,74040,0.0,0.0
2022-12-23 09:30:00-05:00,15.359999656677246,15.4399995803833,15.319999694824219,15.420000076293945,33614,0.0,0.0
2022-12-23 10:30:00-05:00,15.430000305175781,15.470000267028809,15.399999618530273,15.430000305175781,32405,0.0,0.0
2022-12-23 11:30:00-05:00,15.4350004196167,15.510000228881836,15.430000305175781,15.489999771118164,29597,0.0,0.0
2022-12-23 12:30:00-05:00,15.489999771118164,15.53499984741211,15.470000267028809,15.510000228881836,38550,0.0,0.0
2022-12-23 13:30:00-05:00,15.510000228881836,15.53499984741211,15.479999542236328,15.529999732971191,36914,0.0,0.0
2022-12-23 14:30:00-05:00,15.529999732971191,15.604999542236328,15.529999732971191,15.569999694824219,49818,0.0,0.0
2022-12-23 15:30:00-05:00,15.569999694824219,15.600000381469727,15.539999961853027,15.600000381469727,67207,0.0,0.0
2022-12-27 09:30:00-05:00,15.680000305175781,15.720000267028809,15.539999961853027,15.645000457763672,65260,0.0,0.0
2022-12-27 10:30:00-05:00,15.640000343322754,15.664999961853027,15.569999694824219,15.614999771118164,49989,0.0,0.0
2022-12-27 11:30:00-05:00,15.614999771118164,15.649999618530273,15.585000038146973,15.604999542236328,32889,0.0,0.0
2022-12-27 12:30:00-05:00,15.604999542236328,15.609999656677246,15.5649995803833,15.5649995803833,39720,0.0,0.0
2022-12-27 13:30:00-05:00,15.5649995803833,15.600000381469727,15.539999961853027,15.550000190734863,38237,0.0,0.0
2022-12-27 14:30:00-05:00,15.539999961853027,15.635000228881836,15.53499984741211,15.630000114440918,33545,0.0,0.0
2022-12-27 15:30:00-05:00,15.635000228881836,15.6899995803833,15.630000114440918,15.6899995803833,51528,0.0,0.0
2022-12-28 09:30:00-05:00,15.760000228881836,15.770000457763672,15.609999656677246,15.609999656677246,0,0.0,0.0
2022-12-28 10:30:00-05:00,15.609999656677246,15.635000228881836,15.539999961853027,15.579999923706055,27319,0.0,0.0
2022-12-28 11:30:00-05:00,15.574999809265137,15.579999923706055,15.479999542236328,15.5,24093,0.0,0.0
2022-12-28 12:30:00-05:00,15.5,15.619999885559082,15.5,15.579999923706055,26892,0.0,0.0
2022-12-28 13:30:00-05:00,15.569999694824219,15.585000038146973,15.539999961853027,15.550000190734863,40388,0.0,0.0
2022-12-28 14:30:00-05:00,15.550000190734863,15.609999656677246,15.444999694824219,15.475000381469727,66834,0.0,0.0
2022-12-28 15:30:00-05:00,15.479999542236328,15.489999771118164,15.420000076293945,15.425000190734863,87336,0.0,0.0
2022-12-29 09:30:00-05:00,15.579999923706055,15.640000343322754,15.520000457763672,15.595000267028809,25062,0.0,0.0
2022-12-29 10:30:00-05:00,15.609999656677246,15.649999618530273,15.595000267028809,15.620699882507324,34107,0.0,0.0
2022-12-29 11:30:00-05:00,15.640000343322754,15.805000305175781,15.635000228881836,15.795000076293945,45701,0.0,0.0
2022-12-29 12:30:00-05:00,15.795000076293945,15.800000190734863,15.765000343322754,15.765000343322754,24757,0.0,0.0
2022-12-29 13:30:00-05:00,15.765000343322754,15.779999732971191,15.710000038146973,15.720000267028809,18453,0.0,0.0
2022-12-29 14:30:00-05:00,15.710000038146973,15.729999542236328,15.65999984741211,15.670000076293945,31518,0.0,0.0
2022-12-29 15:30:00-05:00,15.680000305175781,15.710000038146973,15.675000190734863,15.699999809265137,56574,0.0,0.0
2022-12-30 09:30:00-05:00,15.569999694824219,15.630000114440918,15.510000228881836,15.579999923706055,25596,0.0,0.0
2022-12-30 10:30:00-05:00,15.574999809265137,15.630000114440918,15.539999961853027,15.550000190734863,32161,0.0,0.0
2022-12-30 11:30:00-05:00,15.539999961853027,15.579999923706055,15.53499984741211,15.5649995803833,23939,0.0,0.0
2022-12-30 12:30:00-05:00,15.5600004196167,15.579999923706055,15.489999771118164,15.510000228881836,20842,0.0,0.0
2022-12-30 13:30:00-05:00,15.520000457763672,15.5600004196167,15.484999656677246,15.5,28543,0.0,0.0
2022-12-30 14:30:00-05:00,15.505000114440918,15.539999961853027,15.460000038146973,15.505000114440918,30328,0.0,0.0
2022-12-30 15:30:00-05:00,15.505000114440918,15.619999885559082,15.505000114440918,15.550000190734863,108234,0.0,0.0
2023-01-03 09:30:00-05:00,15.550000190734863,15.760000228881836,15.489999771118164,15.555000305175781,81289,0.0,0.0
2023-01-03 10:30:00-05:00,15.550000190734863,15.609999656677246,15.4350004196167,15.479999542236328,61548,0.0,0.0
2023-01-03 11:30:00-05:00,15.484999656677246,15.489999771118164,15.359999656677246,15.395000457763672,61689,0.0,0.0
2023-01-03 12:30:00-05:00,15.390000343322754,15.430000305175781,15.335000038146973,15.420000076293945,69798,0.0,0.0
2023-01-03 13:30:00-05:00,15.420000076293945,15.430000305175781,15.34000015258789,15.350000381469727,64100,0.0,0.0
2023-01-03 14:30:00-05:00,15.350000381469727,15.489999771118164,15.319999694824219,15.470000267028809,65599,0.0,0.0
2023-01-03 15:30:00-05:00,15.470000267028809,15.5,15.444999694824219,15.5,117486,0.0,0.0
2023-01-04 09:30:00-05:00,15.600000381469727,15.829999923706055,15.600000381469727,15.71500015258789,180142,0.0,0.0
2023-01-04 10:30:00-05:00,15.699999809265137,15.789999961853027,15.604999542236328,15.779999732971191,193205,0.0,0.0
2023-01-04 11:30:00-05:00,15.779999732971191,15.795000076293945,15.6899995803833,15.6899995803833,140089,0.0,0.0
2023-01-04 12:30:00-05:00,15.694999694824219,15.755000114440918,15.664999961853027,15.744999885559082,72150,0.0,0.0
2023-01-04 13:30:00-05:00,15.744999885559082,15.789999961853027,15.619999885559082,15.65999984741211,128974,0.0,0.0
2023-01-04 14:30:00-05:00,15.649999618530273,15.755000114440918,15.649999618530273,15.699999809265137,91607,0.0,0.0
2023-01-04 15:30:00-05:00,15.694999694824219,15.729999542236328,15.625,15.720000267028809,138368,0.0,0.0
2023-01-05 09:30:00-05:00,15.579999923706055,15.625,15.470000267028809,15.5,73623,0.0,0.0
2023-01-05 10:30:00-05:00,15.5,15.604999542236328,15.494999885559082,15.555000305175781,41698,0.0,0.0
2023-01-05 11:30:00-05:00,15.5600004196167,15.640000343322754,15.5600004196167,15.579999923706055,46296,0.0,0.0
2023-01-05 12:30:00-05:00,15.600000381469727,15.664999961853027,15.569999694824219,15.640000343322754,54215,0.0,0.0
2023-01-05 13:30:00-05:00,15.640000343322754,15.670000076293945,15.585000038146973,15.59000015258789,73385,0.0,0.0
2023-01-05 14:30:00-05:00,15.600000381469727,15.6850004196167,15.579999923706055,15.619999885559082,87370,0.0,0.0
2023-01-05 15:30:00-05:00,15.609999656677246,15.614999771118164,15.5600004196167,15.59000015258789,79289,0.0,0.0
2023-01-06 09:30:00-05:00,15.8100004196167,15.970000267028809,15.779999732971191,15.90999984741211,89922,0.0,0.0
2023-01-06 10:30:00-05:00,15.904999732971191,15.989999771118164,15.890000343322754,15.890000343322754,74557,0.0,0.0
2023-01-06 11:30:00-05:00,15.885000228881836,16.030000686645508,15.885000228881836,15.944999694824219,95155,0.0,0.0
2023-01-06 12:30:00-05:00,15.944999694824219,15.96500015258789,15.904999732971191,15.944999694824219,38279,0.0,0.0
2023-01-06 13:30:00-05:00,15.944999694824219,15.970000267028809,15.925000190734863,15.930000305175781,40869,0.0,0.0
2023-01-06 14:30:00-05:00,15.9399995803833,16.0,15.914999961853027,15.9350004196167,69236,0.0,0.0
2023-01-06 15:30:00-05:00,15.9399995803833,15.960000038146973,15.850000381469727,15.864999771118164,104932,0.0,0.0
2023-01-09 09:30:00-05:00,15.930000305175781,16.399999618530273,15.930000305175781,15.979999542236328,353880,0.0,0.0
2023-01-09 10:30:00-05:00,15.989999771118164,16.104999542236328,15.869999885559082,15.954999923706055,197786,0.0,0.0
2023-01-09 11:30:00-05:00,15.960000038146973,16.010000228881836,15.859999656677246,15.890000343322754,133982,0.0,0.0
2023-01-09 12:30:00-05:00,15.890000343322754,15.890000343322754,15.824999809265137,15.864999771118164,59825,0.0,0.0
2023-01-09 13:30:00-05:00,15.864999771118164,15.864999771118164,15.774999618530273,15.805000305175781,86702,0.0,0.0
2023-01-09 14:30:00-05:00,15.800200462341309,15.84000015258789,15.729999542236328,15.824999809265137,127565,0.0,0.0
2023-01-09 15:30:00-05:00,15.824999809265137,15.824999809265137,15.770000457763672,15.789999961853027,112941,0.0,0.0
2023-01-10 09:30:00-05:00,15.770000457763672,15.819999694824219,15.614999771118164,15.670000076293945,226851,0.0,0.0
2023-01-10 10:30:00-05:00,15.670000076293945,15.6899995803833,15.520000457763672,15.555000305175781,90901,0.0,0.0
2023-01-10 11:30:00-05:00,15.5600004196167,15.569999694824219,15.425000190734863,15.460000038146973,84448,0.0,0.0
2023-01-10 12:30:00-05:00,15.470000267028809,15.595000267028809,15.470000267028809,15.5649995803833,55287,0.0,0.0
2023-01-10 13:30:00-05:00,15.5649995803833,15.569999694824219,15.479999542236328,15.520000457763672,54682,0.0,0.0
2023-01-10 14:30:00-05:00,15.529999732971191,15.539999961853027,15.475000381469727,15.524999618530273,66331,0.0,0.0
2023-01-10 15:30:00-05:00,15.520000457763672,15.550000190734863,15.5,15.505000114440918,115246,0.0,0.0
2023-01-11 09:30:00-05:00,15.5600004196167,15.630000114440918,15.479999542236328,15.520000457763672,65422,0.0,0.0
2023-01-11 10:30:00-05:00,15.520000457763672,15.524999618530273,15.420000076293945,15.454999923706055,59121,0.0,0.0
2023-01-11 11:30:00-05:00,15.460000038146973,15.5,15.3100004196167,15.345000267028809,105925,0.0,0.0
2023-01-11 12:30:00-05:00,15.345000267028809,15.449999809265137,15.319999694824219,15.430000305175781,127973,0.0,0.0
2023-01-11 13:30:00-05:00,15.430000305175781,15.454999923706055,15.380000114440918,15.4350004196167,89576,0.0,0.0
2023-01-11 14:30:00-05:00,15.449999809265137,15.449999809265137,15.390000343322754,15.395000457763672,108793,0.0,0.0
2023-01-11 15:30:00-05:00,15.395000457763672,15.395000457763672,15.319999694824219,15.350000381469727,157291,0.0,0.0
2023-01-12 09:30:00-05:00,15.460000038146973,15.460000038146973,15.199999809265137,15.300000190734863,118493,0.0,0.0
2023-01-12 10:30:00-05:00,15.300000190734863,15.40999984741211,15.265000343322754,15.354999542236328,81255,0.0,0.0
2023-01-12 11:30:00-05:00,15.354999542236328,15.399999618530273,15.3149995803833,15.399999618530273,51872,0.0,0.0
2023-01-12 12:30:00-05:00,15.395000457763672,15.404999732971191,15.305000305175781,15.3100004196167,87285,0.0,0.0
2023-01-12 13:30:00-05:00,15.3100004196167,15.404999732971191,15.279999732971191,15.364999771118164,139918,0.0,0.0
2023-01-12 14:30:00-05:00,15.359999656677246,15.529999732971191,15.354999542236328,15.484999656677246,166946,0.0,0.0
2023-01-12 15:30:00-05:00,15.484999656677246,15.529999732971191,15.449999809265137,15.460000038146973,176481,0.0,0.0
2023-01-13 09:30:00-05:00,15.270000457763672,15.319999694824219,15.0,15.25,174907,0.0,0.0
2023-01-13 10:30:00-05:00,15.260000228881836,15.354999542236328,15.210000038146973,15.335000038146973,83861,0.0,0.0
2023-01-13 11:30:00-05:00,15.329999923706055,15.420000076293945,15.300000190734863,15.404999732971191,65043,0.0,0.0
2023-01-13 12:30:00-05:00,15.404999732971191,15.430000305175781,15.375,15.414999961853027,82769,0.0,0.0
2023-01-13 13:30:00-05:00,15.414999961853027,15.494999885559082,15.40999984741211,15.432000160217285,71683,0.0,0.0
2023-01-13 14:30:00-05:00,15.4399995803833,15.520000457763672,15.425000190734863,15.5,192895,0.0,0.0
2023-01-13 15:30:00-05:00,15.5,15.600000381469727,15.479999542236328,15.550000190734863,193023,0.0,0.0
2023-01-17 09:30:00-05:00,15.6899995803833,15.729999542236328,15.5,15.600000381469727,156527,0.0,0.0
2023-01-17 10:30:00-05:00,15.609999656677246,15.622200012207031,15.454999923706055,15.520000457763672,97975,0.0,0.0
2023-01-17 11:30:00-05:00,15.510000228881836,15.59000015258789,15.470000267028809,15.489999771118164,62247,0.0,0.0
2023-01-17 12:30:00-05:00,15.489999771118164,15.539999961853027,15.460000038146973,15.470000267028809,39205,0.0,0.0
2023-01-17 13:30:00-05:00,15.470000267028809,15.494999885559082,15.414999961853027,15.449999809265137,77665,0.0,0.0
2023-01-17 14:30:00-05:00,15.454999923706055,15.489999771118164,15.430000305175781,15.460000038146973,68328,0.0,0.0
2023-01-17 15:30:00-05:00,15.460000038146973,15.479999542236328,15.3100004196167,15.34000015258789,243326,0.0,0.0
2023-01-18 09:30:00-05:00,15.329999923706055,15.375,15.220000267028809,15.279999732971191,140051,0.0,0.0
2023-01-18 10:30:00-05:00,15.279999732971191,15.279999732971191,15.104999542236328,15.180000305175781,413484,0.0,0.0
2023-01-18 11:30:00-05:00,15.1899995803833,15.210000038146973,15.085000038146973,15.114999771118164,173928,0.0,0.0
2023-01-18 12:30:00-05:00,15.109999656677246,15.199999809265137,15.079999923706055,15.199999809265137,118837,0.0,0.0
2023-01-18 13:30:00-05:00,15.199999809265137,15.265000343322754,15.1850004196167,15.21500015258789,136086,0.0,0.0
2023-01-18 14:30:00-05:00,15.21500015258789,15.300000190734863,15.21500015258789,15.265000343322754,131009,0.0,0.0
2023-01-18 15:30:00-05:00,15.265000343322754,15.274999618530273,15.229999542236328,15.255000114440918,206188,0.0,0.0
2023-01-19 09:30:00-05:00,15.220000267028809,15.260000228881836,15.010000228881836,15.015000343322754,133290,0.0,0.0
2023-01-19 10:30:00-05:00,15.010000228881836,15.015000343322754,14.875,14.890000343322754,163904,0.0,0.0
2023-01-19 11:30:00-05:00,14.899999618530273,15.020000457763672,14.84000015258789,14.96500015258789,88815,0.0,0.0
2023-01-19 12:30:00-05:00,14.970000267028809,15.039999961853027,14.930000305175781,15.0,98031,0.0,0.0
2023-01-19 13:30:00-05:00,15.010000228881836,15.069999694824219,14.994999885559082,15.010000228881836,127233,0.0,0.0
2023-01-19 14:30:00-05:00,15.0,15.0,14.78499984741211,14.835000038146973,124814,0.0,0.0
2023-01-19 15:30:00-05:00,14.835000038146973,14.84000015258789,14.720000267028809,14.739999771118164,234926,0.0,0.0
2023-01-20 09:30:00-05:00,14.84000015258789,14.869999885559082,14.59000015258789,14.869999885559082,182122,0.0,0.0
2023-01-20 10:30:00-05:00,14.880000114440918,14.895000457763672,14.779899597167969,14.8149995803833,98207,0.0,0.0
2023-01-20 11:30:00-05:00,14.819999694824219,14.824999809265137,14.694999694824219,14.729999542236328,60683,0.0,0.0
2023-01-20 12:30:00-05:00,14.725000381469727,14.739999771118164,14.619999885559082,14.654999732971191,73646,0.0,0.0
2023-01-20 13:30:00-05:00,14.65999984741211,14.734999656677246,14.65999984741211,14.71500015258789,47804,0.0,0.0
2023-01-20 14:30:00-05:00,14.720000267028809,14.819999694824219,14.6899995803833,14.78499984741211,82123,0.0,0.0
2023-01-20 15:30:00-05:00,14.78499984741211,14.8100004196167,14.739999771118164,14.739999771118164,158877,0.0,0.0
2023-01-23 09:30:00-05:00,14.710000038146973,14.859999656677246,14.649999618530273,14.795000076293945,91382,0.0,0.0
2023-01-23 10:30:00-05:00,14.789999961853027,14.789999961853027,14.710000038146973,14.720000267028809,81474,0.0,0.0
2023-01-23 11:30:00-05:00,14.71500015258789,14.800000190734863,14.675000190734863,14.770000457763672,91420,0.0,0.0
2023-01-23 12:30:00-05:00,14.761099815368652,14.899999618530273,14.761099815368652,14.853500366210938,35915,0.0,0.0
2023-01-23 13:30:00-05:00,14.850000381469727,14.859999656677246,14.739999771118164,14.75,72940,0.0,0.0
2023-01-23 14:30:00-05:00,14.744999885559082,14.835000038146973,14.744999885559082,14.8149995803833,65155,0.0,0.0
2023-01-23 15:30:00-05:00,14.8149995803833,14.854999542236328,14.789999961853027,14.829999923706055,138383,0.0,0.0
2023-01-24 09:30:00-05:00,14.970000267028809,15.229999542236328,14.6899995803833,15.1850004196167,216714,0.0,0.0
2023-01-24 10:30:00-05:00,15.1899995803833,15.3100004196167,15.175000190734863,15.260000228881836,125296,0.0,0.0
2023-01-24 11:30:00-05:00,15.255000114440918,15.345000267028809,15.180000305175781,15.34000015258789,114297,0.0,0.0
2023-01-24 12:30:00-05:00,15.329999923706055,15.329999923706055,15.225000381469727,15.265000343322754,39795,0.0,0.0
2023-01-24 13:30:00-05:00,15.270000457763672,15.289600372314453,15.199999809265137,15.21500015258789,43678,0.0,0.0
2023-01-24 14:30:00-05:00,15.21500015258789,15.34000015258789,15.210000038146973,15.3100004196167,87485,0.0,0.0
2023-01-24 15:30:00-05:00,15.3149995803833,15.369999885559082,15.295000076293945,15.34000015258789,187320,0.0,0.0
2023-01-25 09:30:00-05:00,15.1899995803833,15.319999694824219,15.15999984741211,15.28499984741211,132983,0.0,0.0
2023-01-25 10:30:00-05:00,15.289999961853027,15.4350004196167,15.21500015258789,15.35200023651123,151833,0.0,0.0
2023-01-25 11:30:00-05:00,15.354999542236328,15.354999542236328,15.239999771118164,15.265000343322754,62049,0.0,0.0
2023-01-25 12:30:00-05:00,15.270000457763672,15.489999771118164,15.270000457763672,15.4399995803833,161037,0.0,0.0
2023-01-25 13:30:00-05:00,15.444999694824219,15.494999885559082,15.380000114440918,15.4399995803833,195591,0.0,0.0
2023-01-25 14:30:00-05:00,15.444999694824219,15.479999542236328,15.395000457763672,15.470000267028809,125359,0.0,0.0
2023-01-25 15:30:00-05:00,15.470000267028809,15.550000190734863,15.4399995803833,15.479999542236328,176914,0.0,0.0
2023-01-26 09:30:00-05:00,15.510000228881836,15.59000015258789,15.335000038146973,15.354999542236328,139649,0.0,0.0
2023-01-26 10:30:00-05:00,15.350000381469727,15.449999809265137,15.300000190734863,15.419899940490723,88544,0.0,0.0
2023-01-26 11:30:00-05:00,15.414999961853027,15.479999542236328,15.40999984741211,15.430000305175781,39042,0.0,0.0
2023-01-26 12:30:00-05:00,15.4350004196167,15.494999885559082,15.420000076293945,15.46500015258789,61075,0.0,0.0
2023-01-26 13:30:00-05:00,15.470000267028809,15.505000114440918,15.449999809265137,15.494999885559082,58341,0.0,0.0
2023-01-26 14:30:00-05:00,15.489999771118164,15.520000457763672,15.470000267028809,15.494999885559082,55651,0.0,0.0
2023-01-26 15:30:00-05:00,15.494999885559082,15.550000190734863,15.454999923706055,15.545000076293945,152112,0.0,0.0
2023-01-27 09:30:00-05:00,15.569999694824219,15.59000015258789,15.460000038146973,15.505000114440918,109856,0.0,0.0
2023-01-27 10:30:00-05:00,15.503800392150879,15.520000457763672,15.335000038146973,15.449999809265137,252884,0.0,0.0
2023-01-27 11:30:00-05:00,15.449999809265137,15.529999732971191,15.449999809265137,15.515000343322754,41865,0.0,0.0
2023-01-27 12:30:00-05:00,15.510000228881836,15.529999732971191,15.484999656677246,15.524999618530273,31826,0.0,0.0
2023-01-27 13:30:00-05:00,15.524999618530273,15.550000190734863,15.494999885559082,15.515000343322754,50350,0.0,0.0
2023-01-27 14:30:00-05:00,15.515000343322754,15.5600004196167,15.479999542236328,15.5600004196167,52421,0.0,0.0
2023-01-27 15:30:00-05:00,15.555000305175781,15.5600004196167,15.489999771118164,15.529999732971191,93587,0.0,0.0
2023-01-30 09:30:00-05:00,15.4399995803833,15.569999694824219,15.4399995803833,15.550000190734863,40746,0.0,0.0
2023-01-30 10:30:00-05:00,15.5600004196167,15.569999694824219,15.454999923706055,15.489999771118164,155185,0.0,0.0
2023-01-30 11:30:00-05:00,15.489999771118164,15.510000228881836,15.4399995803833,15.444999694824219,127467,0.0,0.0
2023-01-30 12:30:00-05:00,15.449999809265137,15.53499984741211,15.449999809265137,15.520000457763672,47696,0.0,0.0
2023-01-30 13:30:00-05:00,15.515000343322754,15.529999732971191,15.4399995803833,15.510000228881836,74838,0.0,0.0
2023-01-30 14:30:00-05:00,15.505000114440918,15.520000457763672,15.449999809265137,15.454999923706055,70654,0.0,0.0
2023-01-30 15:30:00-05:00,15.454999923706055,15.484999656677246,15.444999694824219,15.479999542236328,148234,0.0,0.0
2023-01-31 09:30:00-05:00,15.579999923706055,15.710000038146973,15.550000190734863,15.579999923706055,98766,0.0,0.0
2023-01-31 10:30:00-05:00,15.577500343322754,15.640000343322754,15.555000305175781,15.600000381469727,56432,0.0,0.0
2023-01-31 11:30:00-05:00,15.600000381469727,15.625,15.569999694824219,15.604999542236328,70555,0.0,0.0
2023-01-31 12:30:00-05:00,15.600000381469727,15.635000228881836,15.59000015258789,15.604999542236328,45337,0.0,0.0
2023-01-31 13:30:00-05:00,15.609999656677246,15.635000228881836,15.569999694824219,15.579999923706055,48510,0.0,0.0
2023-01-31 14:30:00-05:00,15.585000038146973,15.614999771118164,15.569999694824219,15.569999694824219,69373,0.0,0.0
2023-01-31 15:30:00-05:00,15.5600004196167,15.649999618530273,15.5600004196167,15.645000457763672,122392,0.0,0.0
2023-02-01 09:30:00-05:00,15.649999618530273,15.649999618530273,15.484999656677246,15.520000457763672,76974,0.0,0.0
2023-02-01 10:30:00-05:00,15.510000228881836,15.515000343322754,15.414999961853027,15.505000114440918,70306,0.0,0.0
2023-02-01 11:30:00-05:00,15.505000114440918,15.529999732971191,15.475000381469727,15.510000228881836,32512,0.0,0.0
2023-02-01 12:30:00-05:00,15.520000457763672,15.5600004196167,15.449999809265137,15.524999618530273,103275,0.0,0.0
2023-02-01 13:30:00-05:00,15.529999732971191,15.600000381469727,15.479999542236328,15.555000305175781,165593,0.0,0.0
2023-02-01 14:30:00-05:00,15.555000305175781,15.720000267028809,15.470000267028809,15.6899995803833,183548,0.0,0.0
2023-02-01 15:30:00-05:00,15.6899995803833,15.770000457763672,15.640000343322754,15.680000305175781,215161,0.0,0.0
2023-02-02 09:30:00-05:00,15.6899995803833,15.84000015258789,15.680000305175781,15.8149995803833,81544,0.0,0.0
2023-02-02 10:30:00-05:00,15.8100004196167,15.90999984741211,15.760000228881836,15.760000228881836,66403,0.0,0.0
2023-02-02 11:30:00-05:00,15.75,15.774999618530273,15.680000305175781,15.729999542236328,45565,0.0,0.0
2023-02-02 12:30:00-05:00,15.73799991607666,15.779999732971191,15.680000305175781,15.680000305175781,38879,0.0,0.0
2023-02-02 13:30:00-05:00,15.680000305175781,15.760000228881836,15.65999984741211,15.670000076293945,63817,0.0,0.0
2023-02-02 14:30:00-05:00,15.680000305175781,15.6899995803833,15.609999656677246,15.631999969482422,58567,0.0,0.0
2023-02-02 15:30:00-05:00,15.635000228881836,15.645000457763672,15.539999961853027,15.59000015258789,91320,0.0,0.0
2023-02-03 09:30:00-05:00,15.579999923706055,15.600000381469727,15.420000076293945,15.510000228881836,81003,0.0,0.0
2023-02-03 10:30:00-05:00,15.510000228881836,15.5600004196167,15.494999885559082,15.550000190734863,42758,0.0,0.0
2023-02-03 11:30:00-05:00,15.5600004196167,15.6899995803833,15.550000190734863,15.6899995803833,78314,0.0,0.0
2023-02-03 12:30:00-05:00,15.6899995803833,15.710000038146973,15.600000381469727,15.604999542236328,54779,0.0,0.0
2023-02-03 13:30:00-05:00,15.600000381469727,15.680000305175781,15.59000015258789,15.675000190734863,57489,0.0,0.0
2023-02-03 14:30:00-05:00,15.675000190734863,15.704999923706055,15.630000114440918,15.6899995803833,56494,0.0,0.0
2023-02-03 15:30:00-05:00,15.6899995803833,15.710000038146973,15.625,15.710000038146973,123510,0.0,0.0
2023-02-06 09:30:00-05:00,15.729999542236328,15.729999542236328,15.574999809265137,15.59000015258789,55208,0.0,0.0
2023-02-06 10:30:00-05:00,15.569999694824219,15.649999618530273,15.5649995803833,15.614999771118164,35255,0.0,0.0
2023-02-06 11:30:00-05:00,15.614999771118164,15.675000190734863,15.574999809265137,15.664999961853027,55468,0.0,0.0
2023-02-06 12:30:00-05:00,15.670000076293945,15.699999809265137,15.59000015258789,15.600000381469727,37412,0.0,0.0
2023-02-06 13:30:00-05:00,15.595000267028809,15.645000457763672,15.585000038146973,15.614999771118164,36161,0.0,0.0
2023-02-06 14:30:00-05:00,15.609999656677246,15.640000343322754,15.600000381469727,15.61970043182373,47370,0.0,0.0
2023-02-06 15:30:00-05:00,15.609999656677246,15.614999771118164,15.5600004196167,15.59000015258789,88112,0.0,0.0
2023-02-07 09:30:00-05:00,15.470000267028809,15.520000457763672,15.430000305175781,15.444999694824219,93237,0.0,0.0
2023-02-07 10:30:00-05:00,15.444999694824219,15.5649995803833,15.4399995803833,15.555000305175781,128004,0.0,0.0
2023-02-07 11:30:00-05:00,15.5600004196167,15.579999923706055,15.53499984741211,15.569999694824219,46024,0.0,0.0
2023-02-07 12:30:00-05:00,15.569999694824219,15.770000457763672,15.550000190734863,15.725000381469727,140067,0.0,0.0
2023-02-07 13:30:00-05:00,15.710000038146973,15.739999771118164,15.539999961853027,15.670000076293945,81625,0.0,0.0
2023-02-07 14:30:00-05:00,15.675000190734863,15.720000267028809,15.649999618530273,15.710000038146973,69029,0.0,0.0
2023-02-07 15:30:00-05:00,15.704999923706055,15.789999961853027,15.6850004196167,15.770000457763672,172207,0.0,0.0
2023-02-08 09:30:00-05:00,15.899999618530273,16.09000015258789,15.779999732971191,15.914999961853027,365600,0.0,0.0
2023-02-08 10:30:00-05:00,15.90999984741211,16.06999969482422,15.90999984741211,16.0049991607666,217997,0.0,0.0
2023-02-08 11:30:00-05:00,16.010000228881836,16.014999389648438,15.8100004196167,15.880000114440918,210178,0.0,0.0
2023-02-08 12:30:00-05:00,15.875,15.970000267028809,15.824999809265137,15.914999961853027,135264,0.0,0.0
2023-02-08 13:30:00-05:00,15.914999961853027,15.949999809265137,15.800000190734863,15.800000190734863,70138,0.0,0.0
2023-02-08 14:30:00-05:00,15.8100004196167,15.819999694824219,15.739999771118164,15.755000114440918,95151,0.0,0.0
2023-02-08 15:30:00-05:00,15.760000228881836,15.839900016784668,15.760000228881836,15.789999961853027,172161,0.0,0.0
2023-02-09 09:30:00-05:00,15.949999809265137,16.0,15.880000114440918,15.895000457763672,85672,0.0,0.0
2023-02-09 10:30:00-05:00,15.899999618530273,15.960000038146973,15.854999542236328,15.875,84577,0.0,0.0
2023-02-09 11:30:00-05:00,15.869199752807617,15.90999984741211,15.795000076293945,15.800700187683105,54546,0.0,0.0
2023-02-09 12:30:00-05:00,15.800000190734863,15.845000267028809,15.734999656677246,15.824999809265137,73321,0.0,0.0
2023-02-09 13:30:00-05:00,15.824999809265137,15.869999885559082,15.755000114440918,15.789999961853027,62860,0.0,0.0
2023-02-09 14:30:00-05:00,15.78499984741211,15.819999694824219,15.704999923706055,15.704999923706055,81085,0.0,0.0
2023-02-09 15:30:00-05:00,15.704999923706055,15.767900466918945,15.680000305175781,15.725000381469727,131112,0.0,0.0
2023-02-10 09:30:00-05:00,15.729999542236328,15.770000457763672,15.680000305175781,15.760000228881836,74133,0.0,0.0
2023-02-10 10:30:00-05:00,15.760000228881836,15.774999618530273,15.720000267028809,15.765399932861328,59757,0.0,0.0
2023-02-10 11:30:00-05:00,15.765000343322754,15.779999732971191,15.710000038146973,15.755000114440918,74517,0.0,0.0
2023-02-10 12:30:00-05:00,15.755000114440918,15.869999885559082,15.755000114440918,15.850000381469727,59880,0.0,0.0
2023-02-10 13:30:00-05:00,15.845000267028809,15.869999885559082,15.84000015258789,15.864999771118164,67645,0.0,0.0
2023-02-10 14:30:00-05:00,15.864999771118164,15.90999984741211,15.845000267028809,15.899999618530273,102647,0.0,0.0
2023-02-10 15:30:00-05:00,15.89009952545166,15.9350004196167,15.880000114440918,15.890000343322754,111460,0.0,0.0
2023-02-13 09:30:00-05:00,15.899999618530273,15.984999656677246,15.850000381469727,15.979999542236328,49667,0.0,0.0
2023-02-13 10:30:00-05:00,15.989999771118164,16.040000915527344,15.970000267028809,15.984999656677246,63638,0.0,0.0
2023-02-13 11:30:00-05:00,15.984999656677246,16.014999389648438,15.970000267028809,15.984999656677246,59347,0.0,0.0
2023-02-13 12:30:00-05:00,15.979999542236328,16.010000228881836,15.979999542236328,15.989999771118164,52142,0.0,0.0
2023-02-13 13:30:00-05:00,15.994999885559082,16.020000457763672,15.982500076293945,16.010000228881836,79836,0.0,0.0
2023-02-13 14:30:00-05:00,16.010000228881836,16.049999237060547,15.989999771118164,16.010000228881836,109383,0.0,0.0
2023-02-13 15:30:00-05:00,16.0049991607666,16.100000381469727,16.0049991607666,16.100000381469727,130880,0.0,0.0
2023-02-14 09:30:00-05:00,16.040000915527344,16.295000076293945,15.989999771118164,16.15999984741211,111879,0.0,0.0
2023-02-14 10:30:00-05:00,16.149999618530273,16.174999237060547,16.079999923706055,16.1299991607666,112783,0.0,0.0
2023-02-14 11:30:00-05:00,16.1200008392334,16.155000686645508,16.059999465942383,16.1200008392334,63569,0.0,0.0
2023-02-14 12:30:00-05:00,16.1200008392334,16.15999984741211,16.100000381469727,16.114999771118164,86188,0.0,0.0
2023-02-14 13:30:00-05:00,16.119400024414062,16.135000228881836,16.079999923706055,16.125,62988,0.0,0.0
2023-02-14 14:30:00-05:00,16.125,16.174999237060547,16.114999771118164,16.145000457763672,78721,0.0,0.0
2023-02-14 15:30:00-05:00,16.145000457763672,16.18000030517578,16.114999771118164,16.170000076293945,176831,0.0,0.0
2023-02-15 09:30:00-05:00,16.149999618530273,16.170000076293945,15.989999771118164,16.059999465942383,81359,0.0,0.0
2023-02-15 10:30:00-05:00,16.059999465942383,16.079999923706055,16.024999618530273,16.06999969482422,41280,0.0,0.0
2023-02-15 11:30:00-05:00,16.06999969482422,16.100000381469727,16.014999389648438,16.024999618530273,33419,0.0,0.0
2023-02-15 12:30:00-05:00,16.024999618530273,16.12540054321289,16.020099639892578,16.12540054321289,42825,0.0,0.0
2023-02-15 13:30:00-05:00,16.1299991607666,16.170000076293945,16.125,16.170000076293945,39811,0.0,0.0
2023-02-15 14:30:00-05:00,16.165000915527344,16.239999771118164,16.165000915527344,16.200000762939453,74399,0.0,0.0
2023-02-15 15:30:00-05:00,16.209999084472656,16.2549991607666,16.204999923706055,16.219999313354492,158498,0.0,0.0
2023-02-16 09:30:00-05:00,16.079999923706055,16.165000915527344,16.049999237060547,16.1200008392334,84953,0.0,0.0
2023-02-16 10:30:00-05:00,16.1299991607666,16.235000610351562,16.1200008392334,16.235000610351562,46713,0.0,0.0
2023-02-16 11:30:00-05:00,16.239999771118164,16.329999923706055,16.239999771118164,16.309999465942383,49545,0.0,0.0
2023-02-16 12:30:00-05:00,16.30500030517578,16.34000015258789,16.290000915527344,16.295000076293945,41860,0.0,0.0
2023-02-16 13:30:00-05:00,16.290000915527344,16.34000015258789,16.282499313354492,16.31999969482422,42481,0.0,0.0
2023-02-16 14:30:00-05:00,16.31999969482422,16.329999923706055,16.204999923706055,16.21500015258789,75203,0.0,0.0
2023-02-16 15:30:00-05:00,16.209999084472656,16.21500015258789,16.149999618530273,16.170000076293945,163675,0.0,0.0
2023-02-17 09:30:00-05:00,16.260000228881836,16.454999923706055,16.190000534057617,16.424999237060547,146224,0.0,0.0
2023-02-17 10:30:00-05:00,16.40999984741211,16.434999465942383,16.280000686645508,16.30500030517578,43364,0.0,0.0
2023-02-17 11:30:00-05:00,16.30500030517578,16.3799991607666,16.299999237060547,16.354999542236328,51046,0.0,0.0
2023-02-17 12:30:00-05:00,16.350000381469727,16.3799991607666,16.30500030517578,16.375,46306,0.0,0.0
2023-02-17 13:30:00-05:00,16.3799991607666,16.440000534057617,16.370100021362305,16.420000076293945,54887,0.0,0.0
2023-02-17 14:30:00-05:00,16.420000076293945,16.469999313354492,16.3700008392334,16.3700008392334,63776,0.0,0.0
2023-02-17 15:30:00-05:00,16.360000610351562,16.375,16.309999465942383,16.31999969482422,92920,0.0,0.0
2023-02-21 09:30:00-05:00,16.25,16.329999923706055,16.190000534057617,16.280000686645508,115291,0.0,0.0
2023-02-21 10:30:00-05:00,16.280000686645508,16.295000076293945,16.209999084472656,16.225000381469727,56894,0.0,0.0
2023-02-21 11:30:00-05:00,16.229999542236328,16.239999771118164,16.200000762939453,16.200000762939453,54449,0.0,0.0
2023-02-21 12:30:00-05:00,16.202499389648438,16.264999389648438,16.200000762939453,16.21500015258789,81918,0.0,0.0
2023-02-21 13:30:00-05:00,16.209999084472656,16.219999313354492,16.190000534057617,16.200000762939453,78358,0.0,0.0
2023-02-21 14:30:00-05:00,16.204999923706055,16.260000228881836,16.200000762939453,16.225000381469727,62666,0.0,0.0
2023-02-21 15:30:00-05:00,16.229999542236328,16.235000610351562,16.19499969482422,16.229999542236328,147155,0.0,0.0
2023-02-22 09:30:00-05:00,16.31999969482422,16.420000076293945,16.200000762939453,16.360000610351562,130046,0.0,0.0
2023-02-22 10:30:00-05:00,16.360000610351562,16.360000610351562,16.29990005493164,16.299999237060547,91020,0.0,0.0
2023-02-22 11:30:00-05:00,16.309999465942383,16.334999084472656,16.27079963684082,16.309999465942383,55536,0.0,0.0
2023-02-22 12:30:00-05:00,16.309999465942383,16.344999313354492,16.290000915527344,16.315000534057617,45043,0.0,0.0
2023-02-22 13:30:00-05:00,16.315000534057617,16.329999923706055,16.280000686645508,16.295000076293945,65194,0.0,0.0
2023-02-22 14:30:00-05:00,16.290000915527344,16.30500030517578,16.25,16.280000686645508,167373,0.0,0.0
2023-02-22 15:30:00-05:00,16.280000686645508,16.354999542236328,16.260000228881836,16.299999237060547,141047,0.0,0.0
2023-02-23 09:30:00-05:00,16.010000228881836,16.184999465942383,14.9350004196167,15.229999542236328,377416,0.0,0.0
2023-02-23 10:30:00-05:00,15.229999542236328,15.5600004196167,15.180000305175781,15.539999961853027,312177,0.0,0.0
2023-02-23 11:30:00-05:00,15.539999961853027,15.805000305175781,15.529999732971191,15.770000457763672,209230,0.0,0.0
2023-02-23 12:30:00-05:00,15.770000457763672,15.8100004196167,15.675000190734863,15.725000381469727,205920,0.0,0.0
2023-02-23 13:30:00-05:00,15.720000267028809,15.869999885559082,15.699999809265137,15.8100004196167,180893,0.0,0.0
2023-02-23 14:30:00-05:00,15.8100004196167,16.0049991607666,15.770099639892578,15.989999771118164,206728,0.0,0.0
2023-02-23 15:30:00-05:00,15.994999885559082,16.059999465942383,15.989999771118164,16.010000228881836,251209,0.0,0.0
2023-02-24 09:30:00-05:00,15.479999542236328,15.489999771118164,14.789999961853027,14.970000267028809,533353,0.0,0.0
2023-02-24 10:30:00-05:00,14.970000267028809,15.220000267028809,14.9399995803833,15.21500015258789,239602,0.0,0.0
2023-02-24 11:30:00-05:00,15.21500015258789,15.270000457763672,15.170000076293945,15.210000038146973,154700,0.0,0.0
2023-02-24 12:30:00-05:00,15.210000038146973,15.229999542236328,15.1850004196167,15.204999923706055,93292,0.0,0.0
2023-02-24 13:30:00-05:00,15.199999809265137,15.239999771118164,15.119999885559082,15.204999923706055,149052,0.0,0.0
2023-02-24 14:30:00-05:00,15.199999809265137,15.300000190734863,15.1899995803833,15.295000076293945,180443,0.0,0.0
2023-02-24 15:30:00-05:00,15.300000190734863,15.329999923706055,15.170000076293945,15.329999923706055,408285,0.0,0.0
2023-02-27 09:30:00-05:00,15.369999885559082,15.550000190734863,15.34000015258789,15.524999618530273,73439,0.0,0.0
2023-02-27 10:30:00-05:00,15.524999618530273,15.524999618530273,15.454999923706055,15.505000114440918,96402,0.0,0.0
2023-02-27 11:30:00-05:00,15.5,15.510000228881836,15.319999694824219,15.319999694824219,238093,0.0,0.0
2023-02-27 12:30:00-05:00,15.319999694824219,15.329999923706055,15.244999885559082,15.260000228881836,77149,0.0,0.0
2023-02-27 13:30:00-05:00,15.270000457763672,15.34000015258789,15.254899978637695,15.262999534606934,97926,0.0,0.0
2023-02-27 14:30:00-05:00,15.265000343322754,15.289999961853027,15.140000343322754,15.194999694824219,237616,0.0,0.0
2023-02-27 15:30:00-05:00,15.194999694824219,15.279999732971191,15.180000305175781,15.244999885559082,157469,0.0,0.0
2023-02-28 09:30:00-05:00,15.279999732971191,15.40999984741211,15.229999542236328,15.300000190734863,101771,0.0,0.0
2023-02-28 10:30:00-05:00,15.300000190734863,15.470000267028809,15.300000190734863,15.404999732971191,96753,0.0,0.0
2023-02-28 11:30:00-05:00,15.399999618530273,15.4399995803833,15.375,15.4350004196167,83662,0.0,0.0
2023-02-28 12:30:00-05:00,15.4399995803833,15.520000457763672,15.4399995803833,15.494999885559082,192624,0.0,0.0
2023-02-28 13:30:00-05:00,15.5,15.600000381469727,15.479999542236328,15.5649995803833,114728,0.0,0.0
2023-02-28 14:30:00-05:00,15.5649995803833,15.59000015258789,15.484999656677246,15.585000038146973,190592,0.0,0.0
2023-02-28 15:30:00-05:00,15.585000038146973,15.595000267028809,15.479999542236328,15.479999542236328,287901,0.0,0.0
2023-03-01 09:30:00-05:00,15.4399995803833,15.449999809265137,15.130000114440918,15.21500015258789,130376,0.0,0.0
2023-03-01 10:30:00-05:00,15.21500015258789,15.3100004196167,15.15999984741211,15.1850004196167,166390,0.0,0.0
2023-03-01 11:30:00-05:00,15.1850004196167,15.274999618530273,15.1850004196167,15.244999885559082,116261,0.0,0.0
2023-03-01 12:30:00-05:00,15.244999885559082,15.279999732971191,15.135000228881836,15.225000381469727,108554,0.0,0.0
2023-03-01 13:30:00-05:00,15.225000381469727,15.229999542236328,15.100000381469727,15.104999542236328,67545,0.0,0.0
2023-03-01 14:30:00-05:00,15.104999542236328,15.130000114440918,15.09000015258789,15.104999542236328,65198,0.0,0.0
2023-03-01 15:30:00-05:00,15.104999542236328,15.15999984741211,15.095000267028809,15.119999885559082,140482,0.0,0.0
2023-03-02 09:30:00-05:00,15.050000190734863,15.229999542236328,15.0,15.164999961853027,126250,0.0,0.0
2023-03-02 10:30:00-05:00,15.15999984741211,15.21500015258789,15.100000381469727,15.21500015258789,65822,0.0,0.0
2023-03-02 11:30:00-05:00,15.21500015258789,15.260100364685059,15.199999809265137,15.260000228881836,44105,0.0,0.0
2023-03-02 12:30:00-05:00,15.260000228881836,15.289999961853027,15.239999771118164,15.255000114440918,42913,0.0,0.0
2023-03-02 13:30:00-05:00,15.260000228881836,15.319999694824219,15.260000228881836,15.289999961853027,61726,0.0,0.0
2023-03-02 14:30:00-05:00,15.295000076293945,15.319999694824219,15.270000457763672,15.3100004196167,61171,0.0,0.0
2023-03-02 15:30:00-05:00,15.311100006103516,15.34000015258789,15.279999732971191,15.300000190734863,107313,0.0,0.0
2023-03-03 09:30:00-05:00,15.34000015258789,15.34000015258789,15.229999542236328,15.300700187683105,52894,0.0,0.0
2023-03-03 10:30:00-05:00,15.300000190734863,15.329999923706055,15.239999771118164,15.265000343322754,38240,0.0,0.0
2023-03-03 11:30:00-05:00,15.270000457763672,15.3100004196167,15.239999771118164,15.3100004196167,52359,0.0,0.0
2023-03-03 12:30:00-05:00,15.3149995803833,15.354999542236328,15.289999961853027,15.354999542236328,49950,0.0,0.0
2023-03-03 13:30:00-05:00,15.350000381469727,15.380000114440918,15.34000015258789,15.364999771118164,49953,0.0,0.0
2023-03-03 14:30:00-05:00,15.364999771118164,15.430000305175781,15.335000038146973,15.404999732971191,88112,0.0,0.0
2023-03-03 15:30:00-05:00,15.404999732971191,15.404999732971191,15.350000381469727,15.369999885559082,108074,0.0,0.0
2023-03-06 09:30:00-05:00,15.369999885559082,15.505000114440918,15.369999885559082,15.494999885559082,56138,0.0,0.0
2023-03-06 10:30:00-05:00,15.494999885559082,15.505000114440918,15.460000038146973,15.470000267028809,42795,0.0,0.0
2023-03-06 11:30:00-05:00,15.470000267028809,15.5,15.420000076293945,15.489999771118164,51087,0.0,0.0
2023-03-06 12:30:00-05:00,15.494999885559082,15.5,15.34000015258789,15.34000015258789,46451,0.0,0.0
2023-03-06 13:30:00-05:00,15.34000015258789,15.369999885559082,15.3149995803833,15.364999771118164,64413,0.0,0.0
2023-03-06 14:30:00-05:00,15.364999771118164,15.364999771118164,15.265000343322754,15.270000457763672,56755,0.0,0.0
2023-03-06 15:30:00-05:00,15.274999618530273,15.359999656677246,15.265000343322754,15.359999656677246,121348,0.0,0.0
2023-03-07 09:30:00-05:00,15.399999618530273,15.444999694824219,15.3100004196167,15.34000015258789,78472,0.0,0.0
2023-03-07 10:30:00-05:00,15.34000015258789,15.369999885559082,15.229999542236328,15.234999656677246,37779,0.0,0.0
2023-03-07 11:30:00-05:00,15.234999656677246,15.28499984741211,15.210000038146973,15.255000114440918,46591,0.0,0.0
2023-03-07 12:30:00-05:00,15.25,15.265000343322754,15.170000076293945,15.1899995803833,52518,0.0,0.0
2023-03-07 13:30:00-05:00,15.1899995803833,15.220000267028809,15.15999984741211,15.170000076293945,40617,0.0,0.0
2023-03-07 14:30:00-05:00,15.170000076293945,15.234999656677246,15.15999984741211,15.199999809265137,40101,0.0,0.0
2023-03-07 15:30:00-05:00,15.204999923706055,15.239999771118164,15.1899995803833,15.199999809265137,84935,0.0,0.0
2023-03-08 09:30:00-05:00,15.25,15.300000190734863,15.180000305175781,15.270000457763672,57453,0.0,0.0
2023-03-08 10:30:00-05:00,15.260000228881836,15.289999961853027,15.239999771118164,15.28499984741211,36703,0.0,0.0
2023-03-08 11:30:00-05:00,15.289999961853027,15.3100004196167,15.229999542236328,15.229999542236328,44875,0.0,0.0
2023-03-08 12:30:00-05:00,15.229999542236328,15.234999656677246,15.145000457763672,15.145000457763672,49286,0.0,0.0
2023-03-08 13:30:00-05:00,15.145000457763672,15.180000305175781,15.140000343322754,15.164999961853027,49403,0.0,0.0
2023-03-08 14:30:00-05:00,15.164999961853027,15.199999809265137,15.149999618530273,15.199999809265137,56293,0.0,0.0
2023-03-08 15:30:00-05:00,15.199999809265137,15.239999771118164,15.1899995803833,15.220000267028809,124732,0.0,0.0
2023-03-09 09:30:00-05:00,15.180000305175781,15.260000228881836,15.15999984741211,15.15999984741211,54836,0.0,0.0
2023-03-09 10:30:00-05:00,15.149999618530273,15.204999923706055,15.149999618530273,15.1899995803833,36823,0.0,0.0
2023-03-09 11:30:00-05:00,15.1899995803833,15.274999618530273,15.180000305175781,15.274999618530273,43802,0.0,0.0
2023-03-09 12:30:00-05:00,15.274999618530273,15.354999542236328,15.274999618530273,15.335000038146973,48316,0.0,0.0
2023-03-09 13:30:00-05:00,15.335000038146973,15.369999885559082,15.295000076293945,15.295000076293945,41060,0.0,0.0
2023-03-09 14:30:00-05:00,15.289999961853027,15.289999961853027,15.112500190734863,15.149999618530273,64997,0.0,0.0
2023-03-09 15:30:00-05:00,15.149999618530273,15.15999984741211,15.039999961853027,15.039999961853027,146360,0.0,0.0
2023-03-10 09:30:00-05:00,15.0,15.0600004196167,14.854999542236328,14.864999771118164,87537,0.0,0.0
2023-03-10 10:30:00-05:00,14.859999656677246,14.869999885559082,14.720000267028809,14.779999732971191,102658,0.0,0.0
2023-03-10 11:30:00-05:00,14.779999732971191,14.829999923706055,14.649999618530273,14.649999618530273,72039,0.0,0.0
2023-03-10 12:30:00-05:00,14.65999984741211,14.729999542236328,14.5600004196167,14.569999694824219,59130,0.0,0.0
2023-03-10 13:30:00-05:00,14.5649995803833,14.609999656677246,14.479999542236328,14.550000190734863,91743,0.0,0.0
2023-03-10 14:30:00-05:00,14.555000305175781,14.645000457763672,14.550000190734863,14.579999923706055,91673,0.0,0.0
2023-03-10 15:30:00-05:00,14.579999923706055,14.585800170898438,14.5,14.579999923706055,156322,0.0,0.0
2023-03-13 09:30:00-04:00,14.40999984741211,14.670000076293945,14.282999992370605,14.505000114440918,119208,0.0,0.0
2023-03-13 10:30:00-04:00,14.505000114440918,14.630000114440918,14.494999885559082,14.600000381469727,70360,0.0,0.0
2023-03-13 11:30:00-04:00,14.609999656677246,14.609999656677246,14.484999656677246,14.510000228881836,79945,0.0,0.0
2023-03-13 12:30:00-04:00,14.515000343322754,14.520000457763672,14.359999656677246,14.399999618530273,103563,0.0,0.0
2023-03-13 13:30:00-04:00,14.404999732971191,14.46500015258789,14.380000114440918,14.404999732971191,130109,0.0,0.0
2023-03-13 14:30:00-04:00,14.40999984741211,14.520000457763672,14.404999732971191,14.40999984741211,206810,0.0,0.0
2023-03-13 15:30:00-04:00,14.40999984741211,14.5600004196167,14.404999732971191,14.470000267028809,318390,0.0,0.0
2023-03-14 09:30:00-04:00,14.720000267028809,14.800000190734863,14.600000381469727,14.649999618530273,121549,0.0,0.0
2023-03-14 10:30:00-04:00,14.65999984741211,14.680000305175781,14.614999771118164,14.65999984741211,48024,0.0,0.0
2023-03-14 11:30:00-04:00,14.65999984741211,14.670000076293945,14.569999694824219,14.645000457763672,40681,0.0,0.0
2023-03-14 12:30:00-04:00,14.640000343322754,14.649999618530273,14.5,14.529999732971191,133954,0.0,0.0
2023-03-14 13:30:00-04:00,14.524999618530273,14.619999885559082,14.51099967956543,14.619999885559082,63163,0.0,0.0
2023-03-14 14:30:00-04:00,14.614999771118164,14.640000343322754,14.484999656677246,14.550000190734863,160907,0.0,0.0
2023-03-14 15:30:00-04:00,14.550000190734863,14.699999809265137,14.545000076293945,14.675000190734863,203658,0.0,0.0
2023-03-15 09:30:00-04:00,14.4399995803833,14.449999809265137,14.350000381469727,14.369999885559082,98468,0.0,0.0
2023-03-15 10:30:00-04:00,14.369999885559082,14.479999542236328,14.319999694824219,14.449999809265137,73223,0.0,0.0
2023-03-15 11:30:00-04:00,14.449999809265137,14.470000267028809,14.380000114440918,14.420000076293945,96528,0.0,0.0
2023-03-15 12:30:00-04:00,14.430000305175781,14.4399995803833,14.3100004196167,14.425000190734863,69380,0.0,0.0
2023-03-15 13:30:00-04:00,14.420000076293945,14.600000381469727,14.364999771118164,14.574999809265137,65841,0.0,0.0
2023-03-15 14:30:00-04:00,14.579999923706055,14.604999542236328,14.510000228881836,14.539999961853027,104550,0.0,0.0
2023-03-15 15:30:00-04:00,14.529999732971191,14.579999923706055,14.479999542236328,14.579999923706055,144106,0.0,0.0
2023-03-16 09:30:00-04:00,14.520000457763672,14.539999961853027,14.420000076293945,14.46500015258789,48674,0.0,0.0
2023-03-16 10:30:00-04:00,14.470000267028809,14.6899995803833,14.470000267028809,14.664999961853027,73077,0.0,0.0
2023-03-16 11:30:00-04:00,14.670000076293945,14.729999542236328,14.649999618530273,14.710000038146973,65285,0.0,0.0
2023-03-16 12:30:00-04:00,14.71500015258789,14.829999923706055,14.699999809265137,14.789999961853027,74620,0.0,0.0
2023-03-16 13:30:00-04:00,14.789999961853027,14.789999961853027,14.710000038146973,14.729999542236328,49121,0.0,0.0
2023-03-16 14:30:00-04:00,14.734999656677246,14.78499984741211,14.725000381469727,14.744999885559082,93892,0.0,0.0
2023-03-16 15:30:00-04:00,14.739999771118164,14.755000114440918,14.670000076293945,14.739999771118164,145901,0.0,0.0
2023-03-17 09:30:00-04:00,14.640000343322754,14.75,14.550000190734863,14.59000015258789,319396,0.0,0.0
2023-03-17 10:30:00-04:00,14.600000381469727,14.625,14.479999542236328,14.479999542236328,132259,0.0,0.0
2023-03-17 11:30:00-04:00,14.489999771118164,14.529999732971191,14.34000015258789,14.380000114440918,106176,0.0,0.0
2023-03-17 12:30:00-04:00,14.375,14.395000457763672,14.274999618530273,14.300000190734863,55468,0.0,0.0
2023-03-17 13:30:00-04:00,14.295000076293945,14.40999984741211,14.260000228881836,14.261099815368652,175723,0.0,0.0
2023-03-17 14:30:00-04:00,14.267499923706055,14.270000457763672,14.149999618530273,14.25,225842,0.0,0.0
2023-03-17 15:30:00-04:00,14.25,14.25,14.119999885559082,14.210000038146973,415714,0.0,0.0
2023-03-20 09:30:00-04:00,14.25,14.420000076293945,14.119999885559082,14.199999809265137,122274,0.0,0.0
2023-03-20 10:30:00-04:00,14.199999809265137,14.25,14.170000076293945,14.244999885559082,100152,0.0,0.0
2023-03-20 11:30:00-04:00,14.25,14.260000228881836,14.141400337219238,14.194999694824219,126022,0.0,0.0
2023-03-20 12:30:00-04:00,14.199999809265137,14.265000343322754,14.194999694824219,14.234999656677246,94943,0.0,0.0
2023-03-20 13:30:00-04:00,14.239999771118164,14.255000114440918,14.1899995803833,14.225000381469727,65316,0.0,0.0
2023-03-20 14:30:00-04:00,14.225000381469727,14.25,14.170000076293945,14.244999885559082,101911,0.0,0.0
2023-03-20 15:30:00-04:00,14.244999885559082,14.255000114440918,14.1899995803833,14.199999809265137,209373,0.0,0.0
2023-03-21 09:30:00-04:00,14.380000114440918,14.460000038146973,14.29010009765625,14.4399995803833,140951,0.0,0.0
2023-03-21 10:30:00-04:00,14.430000305175781,14.4350004196167,14.380000114440918,14.425000190734863,142017,0.0,0.0
2023-03-21 11:30:00-04:00,14.430000305175781,14.4399995803833,14.319999694824219,14.34000015258789,82724,0.0,0.0
2023-03-21 12:30:00-04:00,14.34000015258789,14.34000015258789,14.255000114440918,14.28499984741211,38158,0.0,0.0
2023-03-21 13:30:00-04:00,14.289999961853027,14.300000190734863,14.270000457763672,14.289999961853027,47562,0.0,0.0
2023-03-21 14:30:00-04:00,14.289999961853027,14.390000343322754,14.279999732971191,14.354999542236328,158189,0.0,0.0
2023-03-21 15:30:00-04:00,14.359999656677246,14.395000457763672,14.305000305175781,14.3100004196167,219546,0.0,0.0
2023-03-22 09:30:00-04:00,14.319999694824219,14.420000076293945,14.260000228881836,14.414999961853027,52614,0.0,0.0
2023-03-22 10:30:00-04:00,14.40999984741211,14.40999984741211,14.359999656677246,14.380000114440918,198903,0.0,0.0
2023-03-22 11:30:00-04:00,14.380000114440918,14.399999618530273,14.380000114440918,14.395000457763672,73499,0.0,0.0
2023-03-22 12:30:00-04:00,14.395000457763672,14.399999618530273,14.359999656677246,14.390000343322754,47713,0.0,0.0
2023-03-22 13:30:00-04:00,14.390000343322754,14.444999694824219,14.354999542236328,14.390000343322754,128525,0.0,0.0
2023-03-22 14:30:00-04:00,14.385000228881836,14.430000305175781,14.28499984741211,14.385000228881836,104274,0.0,0.0
2023-03-22 15:30:00-04:00,14.380000114440918,14.380000114440918,14.170000076293945,14.180000305175781,175752,0.0,0.0
2023-03-23 09:30:00-04:00,14.170000076293945,14.329999923706055,14.170000076293945,14.270000457763672,41440,0.0,0.0
2023-03-23 10:30:00-04:00,14.265000343322754,14.359999656677246,14.265000343322754,14.359999656677246,63799,0.0,0.0
2023-03-23 11:30:00-04:00,14.359999656677246,14.404999732971191,14.34000015258789,14.380000114440918,149573,0.0,0.0
2023-03-23 12:30:00-04:00,14.380000114440918,14.399999618530273,14.359999656677246,14.364999771118164,88277,0.0,0.0
2023-03-23 13:30:00-04:00,14.369999885559082,14.395000457763672,14.260000228881836,14.260000228881836,70145,0.0,0.0
2023-03-23 14:30:00-04:00,14.260000228881836,14.359999656677246,14.232500076293945,14.28499984741211,205485,0.0,0.0
2023-03-23 15:30:00-04:00,14.28499984741211,14.345000267028809,14.260000228881836,14.295000076293945,231335,0.0,0.0
2023-03-24 09:30:00-04:00,14.319999694824219,14.329999923706055,14.199999809265137,14.329999923706055,54473,0.0,0.0
2023-03-24 10:30:00-04:00,14.335000038146973,14.350000381469727,14.239999771118164,14.3149995803833,45474,0.0,0.0
2023-03-24 11:30:00-04:00,14.312000274658203,14.4350004196167,14.300000190734863,14.430000305175781,130136,0.0,0.0
2023-03-24 12:30:00-04:00,14.4399995803833,14.4399995803833,14.359999656677246,14.359999656677246,61888,0.0,0.0
2023-03-24 13:30:00-04:00,14.359999656677246,14.414999961853027,14.350000381469727,14.362500190734863,34659,0.0,0.0
2023-03-24 14:30:00-04:00,14.369999885559082,14.470000267028809,14.369999885559082,14.470000267028809,70025,0.0,0.0
2023-03-24 15:30:00-04:00,14.479999542236328,14.479999542236328,14.430000305175781,14.430000305175781,155800,0.0,0.0
2023-03-27 09:30:00-04:00,14.579999923706055,14.630000114440918,14.489999771118164,14.5600004196167,94475,0.0,0.0
2023-03-27 10:30:00-04:00,14.550000190734863,14.645000457763672,14.53499984741211,14.619999885559082,101826,0.0,0.0
2023-03-27 11:30:00-04:00,14.625,14.630000114440918,14.569999694824219,14.574999809265137,52690,0.0,0.0
2023-03-27 12:30:00-04:00,14.579999923706055,14.579999923706055,14.510000228881836,14.550000190734863,66164,0.0,0.0
2023-03-27 13:30:00-04:00,14.550000190734863,14.569999694824219,14.524999618530273,14.550000190734863,64220,0.0,0.0
2023-03-27 14:30:00-04:00,14.550000190734863,14.600000381469727,14.550000190734863,14.579999923706055,63580,0.0,0.0
2023-03-27 15:30:00-04:00,14.59000015258789,14.600000381469727,14.5600004196167,14.579999923706055,84278,0.0,0.0
2023-03-28 09:30:00-04:00,14.5600004196167,14.649999618530273,14.520000457763672,14.53499984741211,64626,0.0,0.0
2023-03-28 10:30:00-04:00,14.53499984741211,14.630000114440918,14.505000114440918,14.625,46371,0.0,0.0
2023-03-28 11:30:00-04:00,14.619999885559082,14.6899995803833,14.604999542236328,14.649999618530273,40953,0.0,0.0
2023-03-28 12:30:00-04:00,14.654999732971191,14.6899995803833,14.635000228881836,14.6899995803833,43048,0.0,0.0
2023-03-28 13:30:00-04:00,14.6899995803833,14.6899995803833,14.640000343322754,14.649999618530273,40619,0.0,0.0
2023-03-28 14:30:00-04:00,14.654999732971191,14.664999961853027,14.600000381469727,14.600000381469727,40725,0.0,0.0
2023-03-28 15:30:00-04:00,14.604999542236328,14.609999656677246,14.579999923706055,14.59000015258789,68035,0.0,0.0
2023-03-29 09:30:00-04:00,14.699999809265137,14.744999885559082,14.670000076293945,14.694999694824219,47795,0.0,0.0
2023-03-29 10:30:00-04:00,14.699999809265137,14.739999771118164,14.680000305175781,14.708000183105469,56115,0.0,0.0
2023-03-29 11:30:00-04:00,14.710000038146973,14.734999656677246,14.699999809265137,14.699999809265137,39458,0.0,0.0
2023-03-29 12:30:00-04:00,14.704999923706055,14.729999542236328,14.6899995803833,14.710000038146973,37294,0.0,0.0
2023-03-29 13:30:00-04:00,14.699999809265137,14.704999923706055,14.619999885559082,14.639399528503418,41314,0.0,0.0
2023-03-29 14:30:00-04:00,14.640000343322754,14.760000228881836,14.630000114440918,14.760000228881836,279001,0.0,0.0
2023-03-29 15:30:00-04:00,14.760000228881836,14.819999694824219,14.739999771118164,14.819999694824219,172469,0.0,0.0
2023-03-30 09:30:00-04:00,14.829999923706055,14.960000038146973,14.829999923706055,14.949999809265137,43976,0.0,0.0
2023-03-30 10:30:00-04:00,14.954999923706055,14.984999656677246,14.925000190734863,14.96500015258789,51416,0.0,0.0
2023-03-30 11:30:00-04:00,14.96500015258789,14.975000381469727,14.920000076293945,14.9350004196167,35339,0.0,0.0
2023-03-30 12:30:00-04:00,14.930000305175781,14.930000305175781,14.869999885559082,14.880000114440918,25847,0.0,0.0
2023-03-30 13:30:00-04:00,14.880000114440918,14.899999618530273,14.864999771118164,14.890000343322754,25678,0.0,0.0
2023-03-30 14:30:00-04:00,14.885000228881836,14.890000343322754,14.835000038146973,14.864999771118164,45341,0.0,0.0
2023-03-30 15:30:00-04:00,14.864999771118164,14.920000076293945,14.859999656677246,14.920000076293945,108324,0.0,0.0
2023-03-31 09:30:00-04:00,15.0,15.149999618530273,14.960000038146973,15.130000114440918,78774,0.0,0.0
2023-03-31 10:30:00-04:00,15.125,15.199999809265137,15.125,15.194999694824219,55368,0.0,0.0
2023-03-31 11:30:00-04:00,15.194999694824219,15.279999732971191,15.149999618530273,15.194999694824219,156868,0.0,0.0
2023-03-31 12:30:00-04:00,15.1899995803833,15.239999771118164,15.164999961853027,15.225000381469727,56125,0.0,0.0
2023-03-31 13:30:00-04:00,15.229999542236328,15.25,15.199999809265137,15.229999542236328,46452,0.0,0.0
2023-03-31 14:30:00-04:00,15.225000381469727,15.279999732971191,15.220000267028809,15.265000343322754,77205,0.0,0.0
2023-03-31 15:30:00-04:00,15.265000343322754,15.369999885559082,15.265000343322754,15.34000015258789,329892,0.0,0.0
2023-04-03 09:30:00-04:00,15.399999618530273,15.4399995803833,15.180000305175781,15.229999542236328,130265,0.0,0.0
2023-04-03 10:30:00-04:00,15.220000267028809,15.220000267028809,14.930000305175781,14.930000305175781,81930,0.0,0.0
2023-04-03 11:30:00-04:00,14.9350004196167,15.029999732971191,14.885000228881836,15.029999732971191,139849,0.0,0.0
2023-04-03 12:30:00-04:00,15.029999732971191,15.069999694824219,14.949999809265137,14.979999542236328,65119,0.0,0.0
2023-04-03 13:30:00-04:00,14.970000267028809,14.970000267028809,14.885000228881836,14.944999694824219,51667,0.0,0.0
2023-04-03 14:30:00-04:00,14.9399995803833,15.055000305175781,14.9350004196167,15.0,115735,0.0,0.0
2023-04-03 15:30:00-04:00,15.0,15.055000305175781,14.989999771118164,15.029999732971191,292189,0.0,0.0
2023-04-04 09:30:00-04:00,15.0600004196167,15.199999809265137,14.975000381469727,14.975000381469727,67799,0.0,0.0
2023-04-04 10:30:00-04:00,14.979999542236328,15.015000343322754,14.920000076293945,14.925000190734863,54805,0.0,0.0
2023-04-04 11:30:00-04:00,14.920000076293945,14.920000076293945,14.845000267028809,14.880000114440918,39191,0.0,0.0
2023-04-04 12:30:00-04:00,14.880000114440918,14.890000343322754,14.829999923706055,14.890000343322754,32424,0.0,0.0
2023-04-04 13:30:00-04:00,14.890000343322754,14.90999984741211,14.805000305175781,14.805000305175781,62336,0.0,0.0
2023-04-04 14:30:00-04:00,14.805000305175781,14.850000381469727,14.765000343322754,14.765000343322754,91214,0.0,0.0
2023-04-04 15:30:00-04:00,14.765000343322754,14.84000015258789,14.739999771118164,14.84000015258789,125844,0.0,0.0
2023-04-05 09:30:00-04:00,14.850000381469727,15.039999961853027,14.850000381469727,14.947500228881836,88198,0.0,0.0
2023-04-05 10:30:00-04:00,14.949999809265137,14.954999923706055,14.869999885559082,14.880000114440918,56637,0.0,0.0
2023-04-05 11:30:00-04:00,14.880000114440918,14.930000305175781,14.854999542236328,14.885000228881836,58080,0.0,0.0
2023-04-05 12:30:00-04:00,14.880000114440918,14.949999809265137,14.854999542236328,14.9350004196167,147176,0.0,0.0
2023-04-05 13:30:00-04:00,14.944999694824219,14.96500015258789,14.90999984741211,14.949999809265137,59795,0.0,0.0
2023-04-05 14:30:00-04:00,14.9399995803833,15.005000114440918,14.930000305175781,14.994999885559082,86321,0.0,0.0
2023-04-05 15:30:00-04:00,15.0,15.005000114440918,14.949999809265137,14.949999809265137,129438,0.0,0.0
2023-04-06 09:30:00-04:00,15.010000228881836,15.039999961853027,14.9399995803833,14.989999771118164,0,0.0,0.0
2023-04-06 10:30:00-04:00,14.989999771118164,15.020000457763672,14.970000267028809,15.010000228881836,33028,0.0,0.0
2023-04-06 11:30:00-04:00,15.010000228881836,15.024999618530273,14.949999809265137,14.949999809265137,42239,0.0,0.0
2023-04-06 12:30:00-04:00,14.949999809265137,14.975000381469727,14.9399995803833,14.957500457763672,39193,0.0,0.0
2023-04-06 13:30:00-04:00,14.954999923706055,14.970000267028809,14.899999618530273,14.904999732971191,29171,0.0,0.0
2023-04-06 14:30:00-04:00,14.90999984741211,14.920000076293945,14.854999542236328,14.920000076293945,75038,0.0,0.0
2023-04-06 15:30:00-04:00,14.914999961853027,14.970000267028809,14.904999732971191,14.970000267028809,122401,0.0,0.0
2023-04-10 09:30:00-04:00,14.869999885559082,14.920000076293945,14.789999961853027,14.880000114440918,37886,0.0,0.0
2023-04-10 10:30:00-04:00,14.875,14.890000343322754,14.8100004196167,14.8149995803833,23729,0.0,0.0
2023-04-10 11:30:00-04:00,14.819999694824219,14.854999542236328,14.779999732971191,14.854999542236328,58136,0.0,0.0
2023-04-10 12:30:00-04:00,14.854999542236328,14.890000343322754,14.835000038146973,14.890000343322754,24068,0.0,0.0
2023-04-10 13:30:00-04:00,14.890000343322754,14.960000038146973,14.890000343322754,14.9350004196167,45012,0.0,0.0
2023-04-10 14:30:00-04:00,14.9399995803833,15.0,14.932499885559082,14.944999694824219,83886,0.0,0.0
2023-04-10 15:30:00-04:00,14.944999694824219,14.960000038146973,14.920000076293945,14.9399995803833,94244,0.0,0.0
2023-04-11 09:30:00-04:00,14.90999984741211,15.0,14.90999984741211,14.9350004196167,48748,0.0,0.0
2023-04-11 10:30:00-04:00,14.930000305175781,14.930000305175781,14.850000381469727,14.888799667358398,29207,0.0,0.0
2023-04-11 11:30:00-04:00,14.885000228881836,14.885000228881836,14.800000190734863,14.875,74179,0.0,0.0
2023-04-11 12:30:00-04:00,14.875,14.880000114440918,14.835000038146973,14.869999885559082,47397,0.0,0.0
2023-04-11 13:30:00-04:00,14.864999771118164,14.869999885559082,14.829999923706055,14.84000015258789,57886,0.0,0.0
2023-04-11 14:30:00-04:00,14.835000038146973,14.875,14.819999694824219,14.850000381469727,89613,0.0,0.0
2023-04-11 15:30:00-04:00,14.854999542236328,14.880000114440918,14.8100004196167,14.845000267028809,169469,0.0,0.0
2023-04-12 09:30:00-04:00,14.850000381469727,14.970000267028809,14.800000190734863,14.949999809265137,54575,0.0,0.0
2023-04-12 10:30:00-04:00,14.944999694824219,14.944999694824219,14.835000038146973,14.885000228881836,37797,0.0,0.0
2023-04-12 11:30:00-04:00,14.890000343322754,15.010000228881836,14.885000228881836,14.960000038146973,87126,0.0,0.0
2023-04-12 12:30:00-04:00,14.960000038146973,15.0,14.9399995803833,14.994999885559082,61911,0.0,0.0
2023-04-12 13:30:00-04:00,14.994999885559082,15.039999961853027,14.960000038146973,14.960000038146973,92581,0.0,0.0
2023-04-12 14:30:00-04:00,14.960000038146973,14.96500015258789,14.885000228881836,14.904999732971191,94866,0.0,0.0
2023-04-12 15:30:00-04:00,14.904999732971191,14.949999809265137,14.895000457763672,14.9399995803833,120533,0.0,0.0
2023-04-13 09:30:00-04:00,15.020000457763672,15.109999656677246,14.989999771118164,15.079999923706055,67054,0.0,0.0
2023-04-13 10:30:00-04:00,15.085000038146973,15.09000015258789,15.029999732971191,15.03499984741211,75525,0.0,0.0
2023-04-13 11:30:00-04:00,15.03499984741211,15.100000381469727,15.015000343322754,15.0649995803833,102318,0.0,0.0
2023-04-13 12:30:00-04:00,15.0649995803833,15.09000015258789,15.039999961853027,15.085000038146973,66501,0.0,0.0
2023-04-13 13:30:00-04:00,15.079999923706055,15.1899995803833,15.079999923706055,15.140000343322754,95967,0.0,0.0
2023-04-13 14:30:00-04:00,15.140000343322754,15.170000076293945,15.125,15.145000457763672,100217,0.0,0.0
2023-04-13 15:30:00-04:00,15.149999618530273,15.15999984741211,15.029999732971191,15.149999618530273,287426,0.0,0.0
2023-04-14 09:30:00-04:00,15.130000114440918,15.239999771118164,15.079999923706055,15.079999923706055,55622,0.0,0.0
2023-04-14 10:30:00-04:00,15.100000381469727,15.170000076293945,15.0600004196167,15.0600004196167,29325,0.0,0.0
2023-04-14 11:30:00-04:00,15.069999694824219,15.125,15.050000190734863,15.109999656677246,32958,0.0,0.0
2023-04-14 12:30:00-04:00,15.109999656677246,15.119999885559082,15.074999809265137,15.09000015258789,30260,0.0,0.0
2023-04-14 13:30:00-04:00,15.085000038146973,15.09000015258789,15.039999961853027,15.079999923706055,26882,0.0,0.0
2023-04-14 14:30:00-04:00,15.085000038146973,15.085000038146973,15.0,15.029999732971191,42230,0.0,0.0
2023-04-14 15:30:00-04:00,15.03499984741211,15.119999885559082,15.020000457763672,15.100000381469727,67704,0.0,0.0
2023-04-17 09:30:00-04:00,15.140000343322754,15.25,15.109999656677246,15.25,48397,0.0,0.0
2023-04-17 10:30:00-04:00,15.244999885559082,15.270000457763672,15.199999809265137,15.234999656677246,69978,0.0,0.0
2023-04-17 11:30:00-04:00,15.234999656677246,15.260000228881836,15.180000305175781,15.220000267028809,94039,0.0,0.0
2023-04-17 12:30:00-04:00,15.225000381469727,15.260000228881836,15.210000038146973,15.260000228881836,73402,0.0,0.0
2023-04-17 13:30:00-04:00,15.260000228881836,15.265000343322754,15.239999771118164,15.260000228881836,58314,0.0,0.0
2023-04-17 14:30:00-04:00,15.255000114440918,15.289999961853027,15.25,15.279999732971191,107199,0.0,0.0
2023-04-17 15:30:00-04:00,15.270000457763672,15.279999732971191,15.229999542236328,15.279999732971191,126351,0.0,0.0
2023-04-18 09:30:00-04:00,15.3100004196167,15.3100004196167,15.220000267028809,15.220000267028809,49825,0.0,0.0
2023-04-18 10:30:00-04:00,15.220000267028809,15.25,15.140000343322754,15.15999984741211,76555,0.0,0.0
2023-04-18 11:30:00-04:00,15.15999984741211,15.175000190734863,15.125,15.170000076293945,36706,0.0,0.0
2023-04-18 12:30:00-04:00,15.170000076293945,15.170000076293945,15.140000343322754,15.15779972076416,39913,0.0,0.0
2023-04-18 13:30:00-04:00,15.154999732971191,15.199999809265137,15.154999732971191,15.1899995803833,36745,0.0,0.0
2023-04-18 14:30:00-04:00,15.1850004196167,15.194999694824219,15.154999732971191,15.170000076293945,99932,0.0,0.0
2023-04-18 15:30:00-04:00,15.164999961853027,15.210000038146973,15.15999984741211,15.210000038146973,116480,0.0,0.0
2023-04-19 09:30:00-04:00,15.220000267028809,15.255000114440918,15.125,15.229999542236328,65177,0.0,0.0
2023-04-19 10:30:00-04:00,15.229999542236328,15.260000228881836,15.199999809265137,15.244999885559082,46627,0.0,0.0
2023-04-19 11:30:00-04:00,15.239999771118164,15.3100004196167,15.210000038146973,15.305000305175781,39979,0.0,0.0
2023-04-19 12:30:00-04:00,15.3100004196167,15.380000114440918,15.3100004196167,15.345000267028809,120173,0.0,0.0
2023-04-19 13:30:00-04:00,15.350000381469727,15.460000038146973,15.335000038146973,15.460000038146973,141560,0.0,0.0
2023-04-19 14:30:00-04:00,15.460000038146973,15.470000267028809,15.399999618530273,15.420000076293945,107823,0.0,0.0
2023-04-19 15:30:00-04:00,15.414999961853027,15.420000076293945,15.369999885559082,15.399999618530273,131768,0.0,0.0
2023-04-20 09:30:00-04:00,15.359999656677246,15.460000038146973,15.359999656677246,15.4399995803833,62259,0.0,0.0
2023-04-20 10:30:00-04:00,15.4350004196167,15.449999809265137,15.385000228881836,15.390000343322754,80990,0.0,0.0
2023-04-20 11:30:00-04:00,15.385000228881836,15.479999542236328,15.385000228881836,15.46500015258789,29372,0.0,0.0
2023-04-20 12:30:00-04:00,15.460000038146973,15.479999542236328,15.430000305175781,15.454999923706055,50779,0.0,0.0
2023-04-20 13:30:00-04:00,15.454999923706055,15.475000381469727,15.40999984741211,15.420000076293945,47760,0.0,0.0
2023-04-20 14:30:00-04:00,15.414999961853027,15.449999809265137,15.390000343322754,15.399999618530273,129868,0.0,0.0
2023-04-20 15:30:00-04:00,15.404999732971191,15.479999542236328,15.404999732971191,15.479999542236328,105990,0.0,0.0
2023-04-21 09:30:00-04:00,15.579999923706055,15.579999923706055,15.4399995803833,15.479999542236328,0,0.0,0.0
2023-04-21 10:30:00-04:00,15.46500015258789,15.484999656677246,15.404999732971191,15.449999809265137,62593,0.0,0.0
2023-04-21 11:30:00-04:00,15.4399995803833,15.5,15.4399995803833,15.470000267028809,28581,0.0,0.0
2023-04-21 12:30:00-04:00,15.46500015258789,15.510000228881836,15.460000038146973,15.475000381469727,72933,0.0,0.0
2023-04-21 13:30:00-04:00,15.475000381469727,15.489999771118164,15.460000038146973,15.484999656677246,57270,0.0,0.0
2023-04-21 14:30:00-04:00,15.479999542236328,15.489999771118164,15.369999885559082,15.395000457763672,92529,0.0,0.0
2023-04-21 15:30:00-04:00,15.399999618530273,15.430000305175781,15.369999885559082,15.375,178357,0.0,0.0
2023-04-24 09:30:00-04:00,15.40999984741211,15.470000267028809,15.390000343322754,15.449999809265137,72368,0.0,0.0
2023-04-24 10:30:00-04:00,15.46500015258789,15.470000267028809,15.40999984741211,15.40999984741211,51557,0.0,0.0
2023-04-24 11:30:00-04:00,15.40999984741211,15.449999809265137,15.399999618530273,15.430100440979004,46709,0.0,0.0
2023-04-24 12:30:00-04:00,15.4350004196167,15.454999923706055,15.300000190734863,15.369999885559082,104828,0.0,0.0
2023-04-24 13:30:00-04:00,15.364999771118164,15.399999618530273,15.319999694824219,15.324999809265137,60061,0.0,0.0
2023-04-24 14:30:00-04:00,15.324999809265137,15.369999885559082,15.319999694824219,15.345000267028809,85350,0.0,0.0
2023-04-24 15:30:00-04:00,15.345000267028809,15.350000381469727,15.305000305175781,15.324999809265137,148499,0.0,0.0
2023-04-25 09:30:00-04:00,15.220000267028809,15.319999694824219,15.154999732971191,15.210000038146973,196516,0.0,0.0
2023-04-25 10:30:00-04:00,15.199999809265137,15.335000038146973,15.1899995803833,15.3149995803833,65148,0.0,0.0
2023-04-25 11:30:00-04:00,15.319999694824219,15.319999694824219,15.25,15.270000457763672,73981,0.0,0.0
2023-04-25 12:30:00-04:00,15.265000343322754,15.270000457763672,15.125,15.140000343322754,90435,0.0,0.0
2023-04-25 13:30:00-04:00,15.145000457763672,15.15999984741211,15.095000267028809,15.130000114440918,97531,0.0,0.0
2023-04-25 14:30:00-04:00,15.125,15.1899995803833,15.119999885559082,15.1899995803833,76462,0.0,0.0
2023-04-25 15:30:00-04:00,15.1850004196167,15.220000267028809,15.170000076293945,15.175000190734863,102451,0.0,0.0
2023-04-26 09:30:00-04:00,15.050000190734863,15.239999771118164,15.050000190734863,15.140000343322754,54156,0.0,0.0
2023-04-26 10:30:00-04:00,15.140000343322754,15.180999755859375,15.114999771118164,15.170000076293945,46319,0.0,0.0
2023-04-26 11:30:00-04:00,15.175000190734863,15.180000305175781,15.109999656677246,15.114999771118164,40013,0.0,0.0
2023-04-26 12:30:00-04:00,15.119999885559082,15.119999885559082,15.029999732971191,15.0600004196167,50385,0.0,0.0
2023-04-26 13:30:00-04:00,15.0600004196167,15.079999923706055,15.024999618530273,15.0649995803833,43509,0.0,0.0
2023-04-26 14:30:00-04:00,15.069999694824219,15.069999694824219,14.989999771118164,15.0,69080,0.0,0.0
2023-04-26 15:30:00-04:00,15.0,15.0,14.90999984741211,14.949999809265137,93439,0.0,0.0
2023-04-27 09:30:00-04:00,14.970000267028809,15.069999694824219,14.829999923706055,14.854999542236328,76118,0.0,0.0
2023-04-27 10:30:00-04:00,14.854999542236328,14.914999961853027,14.835000038146973,14.90999984741211,63299,0.0,0.0
2023-04-27 11:30:00-04:00,14.920000076293945,14.994999885559082,14.917499542236328,14.944999694824219,59505,0.0,0.0
2023-04-27 12:30:00-04:00,14.944999694824219,15.0,14.944999694824219,14.994999885559082,48920,0.0,0.0
2023-04-27 13:30:00-04:00,14.994999885559082,15.050000190734863,14.994999885559082,15.029999732971191,48784,0.0,0.0
2023-04-27 14:30:00-04:00,15.029999732971191,15.069999694824219,15.005000114440918,15.055000305175781,76437,0.0,0.0
2023-04-27 15:30:00-04:00,15.0600004196167,15.085000038146973,15.055000305175781,15.079999923706055,84681,0.0,0.0
2023-04-28 09:30:00-04:00,15.0,15.194999694824219,15.0,15.170000076293945,46494,0.0,0.0
2023-04-28 10:30:00-04:00,15.180000305175781,15.199999809265137,15.140000343322754,15.1899995803833,36154,0.0,0.0
2023-04-28 11:30:00-04:00,15.1899995803833,15.229999542236328,15.1850004196167,15.210000038146973,33419,0.0,0.0
2023-04-28 12:30:00-04:00,15.210000038146973,15.229999542236328,15.199999809265137,15.210000038146973,26565,0.0,0.0
2023-04-28 13:30:00-04:00,15.220000267028809,15.239999771118164,15.1899995803833,15.194999694824219,47162,0.0,0.0
2023-04-28 14:30:00-04:00,15.199999809265137,15.25,15.1899995803833,15.234999656677246,63786,0.0,0.0
2023-04-28 15:30:00-04:00,15.234999656677246,15.239999771118164,15.1899995803833,15.1899995803833,111999,0.0,0.0
2023-05-01 09:30:00-04:00,15.149999618530273,15.359999656677246,15.145000457763672,15.3100004196167,47428,0.0,0.0
2023-05-01 10:30:00-04:00,15.3100004196167,15.420000076293945,15.3100004196167,15.420000076293945,42371,0.0,0.0
2023-05-01 11:30:00-04:00,15.420000076293945,15.460000038146973,15.40999984741211,15.420000076293945,29797,0.0,0.0
2023-05-01 12:30:00-04:00,15.420000076293945,15.430000305175781,15.380000114440918,15.385000228881836,41530,0.0,0.0
2023-05-01 13:30:00-04:00,15.380000114440918,15.46500015258789,15.380000114440918,15.425000190734863,44730,0.0,0.0
2023-05-01 14:30:00-04:00,15.420000076293945,15.425000190734863,15.380000114440918,15.399999618530273,59476,0.0,0.0
2023-05-01 15:30:00-04:00,15.395000457763672,15.430000305175781,15.380000114440918,15.40999984741211,110644,0.0,0.0
2023-05-02 09:30:00-04:00,15.319999694824219,15.319999694824219,15.130000114440918,15.130000114440918,79231,0.0,0.0
2023-05-02 10:30:00-04:00,15.119999885559082,15.119999885559082,15.0,15.020000457763672,73300,0.0,0.0
2023-05-02 11:30:00-04:00,15.010000228881836,15.125,14.989999771118164,15.109999656677246,44616,0.0,0.0
2023-05-02 12:30:00-04:00,15.109999656677246,15.170000076293945,15.100000381469727,15.104999542236328,67537,0.0,0.0
2023-05-02 13:30:00-04:00,15.100000381469727,15.119999885559082,15.074999809265137,15.074999809265137,69096,0.0,0.0
2023-05-02 14:30:00-04:00,15.074999809265137,15.1850004196167,15.069999694824219,15.1850004196167,50289,0.0,0.0
2023-05-02 15:30:00-04:00,15.1850004196167,15.1850004196167,15.119999885559082,15.125,132452,0.0,0.0
2023-05-03 09:30:00-04:00,15.15999984741211,15.4399995803833,15.15999984741211,15.390000343322754,52515,0.0,0.0
2023-05-03 10:30:00-04:00,15.399999618530273,15.40999984741211,15.289999961853027,15.3149995803833,64090,0.0,0.0
2023-05-03 11:30:00-04:00,15.3100004196167,15.380000114440918,15.289999961853027,15.364999771118164,75081,0.0,0.0
2023-05-03 12:30:00-04:00,15.369999885559082,15.40999984741211,15.359999656677246,15.404999732971191,35507,0.0,0.0
2023-05-03 13:30:00-04:00,15.404999732971191,15.4399995803833,15.369999885559082,15.4399995803833,62014,0.0,0.0
2023-05-03 14:30:00-04:00,15.4350004196167,15.468999862670898,15.345000267028809,15.350000381469727,101456,0.0,0.0
2023-05-03 15:30:00-04:00,15.350000381469727,15.354999542236328,15.239999771118164,15.239999771118164,146240,0.0,0.0
2023-05-04 09:30:00-04:00,14.819999694824219,15.390000343322754,14.039999961853027,14.1899995803833,146960,0.0,0.0
2023-05-04 10:30:00-04:00,14.199999809265137,14.279999732971191,14.0600004196167,14.109999656677246,154596,0.0,0.0
2023-05-04 11:30:00-04:00,14.109999656677246,14.609999656677246,14.109999656677246,14.609999656677246,142681,0.0,0.0
2023-05-04 12:30:00-04:00,14.604999542236328,14.604999542236328,14.350099563598633,14.399999618530273,139176,0.0,0.0
2023-05-04 13:30:00-04:00,14.420000076293945,14.4399995803833,14.305000305175781,14.319999694824219,53897,0.0,0.0
2023-05-04 14:30:00-04:00,14.319999694824219,14.390000343322754,14.28499984741211,14.390000343322754,174034,0.0,0.0
2023-05-04 15:30:00-04:00,14.390000343322754,14.479999542236328,14.380000114440918,14.479999542236328,259514,0.0,0.0
2023-05-05 09:30:00-04:00,14.59000015258789,14.59000015258789,14.220000267028809,14.220000267028809,197498,0.0,0.0
2023-05-05 10:30:00-04:00,14.220000267028809,14.300000190734863,14.140000343322754,14.239999771118164,147170,0.0,0.0
2023-05-05 11:30:00-04:00,14.229999542236328,14.319999694824219,14.229999542236328,14.305000305175781,74668,0.0,0.0
2023-05-05 12:30:00-04:00,14.305000305175781,14.3100004196167,14.25,14.28499984741211,67520,0.0,0.0
2023-05-05 13:30:00-04:00,14.279999732971191,14.300000190734863,14.25,14.28499984741211,84034,0.0,0.0
2023-05-05 14:30:00-04:00,14.28499984741211,14.359999656677246,14.28499984741211,14.345000267028809,93900,0.0,0.0
2023-05-05 15:30:00-04:00,14.350000381469727,14.364999771118164,14.279999732971191,14.34000015258789,151266,0.0,0.0
2023-05-08 09:30:00-04:00,14.289999961853027,14.319999694824219,14.09000015258789,14.114999771118164,121402,0.0,0.0
2023-05-08 10:30:00-04:00,14.119999885559082,14.170000076293945,14.085000038146973,14.114999771118164,62783,0.0,0.0
2023-05-08 11:30:00-04:00,14.109999656677246,14.135000228881836,14.085000038146973,14.135000228881836,53716,0.0,0.0
2023-05-08 12:30:00-04:00,14.135000228881836,14.180000305175781,14.130000114440918,14.130000114440918,42164,0.0,0.0
2023-05-08 13:30:00-04:00,14.140000343322754,14.149999618530273,14.079999923706055,14.104999542236328,55962,0.0,0.0
2023-05-08 14:30:00-04:00,14.104999542236328,14.210000038146973,14.079999923706055,14.199999809265137,206550,0.0,0.0
2023-05-08 15:30:00-04:00,14.210000038146973,14.25,14.180000305175781,14.244999885559082,122072,0.0,0.0
2023-05-09 09:30:00-04:00,14.119999885559082,14.149999618530273,13.850000381469727,13.899999618530273,176875,0.0,0.0
2023-05-09 10:30:00-04:00,13.899999618530273,13.979999542236328,13.880000114440918,13.885000228881836,83975,0.0,0.0
2023-05-09 11:30:00-04:00,13.880000114440918,13.930000305175781,13.789999961853027,13.829999923706055,81323,0.0,0.0
2023-05-09 12:30:00-04:00,13.829999923706055,13.835000038146973,13.779999732971191,13.8149995803833,66111,0.0,0.0
2023-05-09 13:30:00-04:00,13.8149995803833,13.819999694824219,13.789999961853027,13.795000076293945,85687,0.0,0.0
2023-05-09 14:30:00-04:00,13.795000076293945,13.835000038146973,13.755000114440918,13.819999694824219,100976,0.0,0.0
2023-05-09 15:30:00-04:00,13.8149995803833,13.864999771118164,13.8100004196167,13.829999923706055,194470,0.0,0.0
2023-05-10 09:30:00-04:00,14.020000457763672,14.050000190734863,13.875,13.875,98483,0.0,0.0
2023-05-10 10:30:00-04:00,13.890000343322754,13.90999984741211,13.850000381469727,13.869999885559082,60523,0.0,0.0
2023-05-10 11:30:00-04:00,13.869999885559082,13.989999771118164,13.869999885559082,13.895000457763672,77534,0.0,0.0
2023-05-10 12:30:00-04:00,13.895000457763672,13.895000457763672,13.774999618530273,13.835000038146973,105859,0.0,0.0
2023-05-10 13:30:00-04:00,13.835000038146973,13.899999618530273,13.829999923706055,13.864999771118164,66562,0.0,0.0
2023-05-10 14:30:00-04:00,13.864999771118164,13.949999809265137,13.859999656677246,13.944999694824219,101126,0.0,0.0
2023-05-10 15:30:00-04:00,13.944999694824219,14.0,13.920000076293945,13.979999542236328,204930,0.0,0.0
2023-05-11 09:30:00-04:00,13.9399995803833,14.0600004196167,13.9350004196167,14.029999732971191,106217,0.0,0.0
2023-05-11 10:30:00-04:00,14.039999961853027,14.109999656677246,14.029999732971191,14.09000015258789,69853,0.0,0.0
2023-05-11 11:30:00-04:00,14.085000038146973,14.180000305175781,14.085000038146973,14.164999961853027,109068,0.0,0.0
2023-05-11 12:30:00-04:00,14.164999961853027,14.180000305175781,14.069999694824219,14.09000015258789,46489,0.0,0.0
2023-05-11 13:30:00-04:00,14.079999923706055,14.109999656677246,14.039999961853027,14.109999656677246,50624,0.0,0.0
2023-05-11 14:30:00-04:00,14.109999656677246,14.260000228881836,14.104999542236328,14.234999656677246,147293,0.0,0.0
2023-05-11 15:30:00-04:00,14.239999771118164,14.3100004196167,14.220000267028809,14.3100004196167,186545,0.0,0.0
2023-05-12 09:30:00-04:00,14.350000381469727,14.380000114440918,14.210000038146973,14.210000038146973,59368,0.0,0.0
2023-05-12 10:30:00-04:00,14.210000038146973,14.229999542236328,14.140000343322754,14.15999984741211,45223,0.0,0.0
2023-05-12 11:30:00-04:00,14.15999984741211,14.220000267028809,14.15999984741211,14.220000267028809,50347,0.0,0.0
2023-05-12 12:30:00-04:00,14.21500015258789,14.229999542236328,14.154999732971191,14.1850004196167,32416,0.0,0.0
2023-05-12 13:30:00-04:00,14.1899995803833,14.199999809265137,14.154999732971191,14.199999809265137,39997,0.0,0.0
2023-05-12 14:30:00-04:00,14.199999809265137,14.25,14.180000305175781,14.225000381469727,55100,0.0,0.0
2023-05-12 15:30:00-04:00,14.225000381469727,14.3149995803833,14.225000381469727,14.3149995803833,89203,0.0,0.0
2023-05-15 09:30:00-04:00,14.329999923706055,14.364999771118164,14.170000076293945,14.1899995803833,52220,0.0,0.0
2023-05-15 10:30:00-04:00,14.1899995803833,14.229999542236328,14.15999984741211,14.178000450134277,67381,0.0,0.0
2023-05-15 11:30:00-04:00,14.175000190734863,14.180000305175781,14.100000381469727,14.125,33086,0.0,0.0
2023-05-15 12:30:00-04:00,14.129899978637695,14.324999809265137,14.129899978637695,14.274999618530273,145745,0.0,0.0
2023-05-15 13:30:00-04:00,14.274999618530273,14.319999694824219,14.274999618530273,14.295000076293945,56085,0.0,0.0
2023-05-15 14:30:00-04:00,14.295000076293945,14.300000190734863,14.260000228881836,14.28499984741211,68454,0.0,0.0
2023-05-15 15:30:00-04:00,14.28499984741211,14.3100004196167,14.260000228881836,14.279999732971191,113789,0.0,0.0
2023-05-16 09:30:00-04:00,14.180000305175781,14.279999732971191,14.109999656677246,14.244999885559082,64823,0.0,0.0
2023-05-16 10:30:00-04:00,14.25,14.260000228881836,14.170000076293945,14.204999923706055,45440,0.0,0.0
2023-05-16 11:30:00-04:00,14.199999809265137,14.21500015258789,14.100000381469727,14.135000228881836,152885,0.0,0.0
2023-05-16 12:30:00-04:00,14.135000228881836,14.135000228881836,14.081500053405762,14.085000038146973,23673,0.0,0.0
2023-05-16 13:30:00-04:00,14.079999923706055,14.079999923706055,14.005000114440918,14.005999565124512,40131,0.0,0.0
2023-05-16 14:30:00-04:00,14.0,14.0649995803833,14.0,14.045000076293945,63240,0.0,0.0
2023-05-16 15:30:00-04:00,14.045000076293945,14.050000190734863,13.979999542236328,14.010000228881836,194349,0.0,0.0
2023-05-17 09:30:00-04:00,14.119999885559082,14.119999885559082,13.890000343322754,13.96500015258789,70310,0.0,0.0
2023-05-17 10:30:00-04:00,13.96500015258789,14.020000457763672,13.9399995803833,13.970000267028809,123724,0.0,0.0
2023-05-17 11:30:00-04:00,13.970000267028809,14.03499984741211,13.930000305175781,14.020000457763672,210522,0.0,0.0
2023-05-17 12:30:00-04:00,14.020000457763672,14.0600004196167,14.010000228881836,14.024999618530273,65987,0.0,0.0
2023-05-17 13:30:00-04:00,14.024999618530273,14.09000015258789,14.010000228881836,14.010000228881836,105328,0.0,0.0
2023-05-17 14:30:00-04:00,14.015000343322754,14.039999961853027,13.979999542236328,13.984999656677246,81190,0.0,0.0
2023-05-17 15:30:00-04:00,13.989999771118164,14.029999732971191,13.960000038146973,13.970000267028809,171314,0.0,0.0
2023-05-18 09:30:00-04:00,13.979999542236328,13.979999542236328,13.819999694824219,13.925000190734863,97794,0.0,0.0
2023-05-18 10:30:00-04:00,13.925000190734863,13.970000267028809,13.850000381469727,13.869999885559082,210295,0.0,0.0
2023-05-18 11:30:00-04:00,13.880000114440918,13.984999656677246,13.800000190734863,13.8100004196167,151543,0.0,0.0
2023-05-18 12:30:00-04:00,13.8100004196167,13.859999656677246,13.729999542236328,13.800000190734863,174609,0.0,0.0
2023-05-18 13:30:00-04:00,13.800000190734863,13.84000015258789,13.744999885559082,13.774999618530273,89455,0.0,0.0
2023-05-18 14:30:00-04:00,13.779999732971191,13.869999885559082,13.770000457763672,13.84000015258789,123870,0.0,0.0
2023-05-18 15:30:00-04:00,13.835000038146973,13.920000076293945,13.819999694824219,13.890000343322754,205496,0.0,0.0
2023-05-19 09:30:00-04:00,14.020000457763672,14.020000457763672,13.789999961853027,13.854999542236328,129113,0.0,0.0
2023-05-19 10:30:00-04:00,13.864999771118164,13.864999771118164,13.6899995803833,13.729999542236328,126363,0.0,0.0
2023-05-19 11:30:00-04:00,13.729999542236328,13.760000228881836,13.680000305175781,13.6899995803833,66497,0.0,0.0
2023-05-19 12:30:00-04:00,13.6899995803833,13.720000267028809,13.645000457763672,13.71500015258789,59677,0.0,0.0
2023-05-19 13:30:00-04:00,13.71500015258789,13.75,13.6899995803833,13.75,83882,0.0,0.0
2023-05-19 14:30:00-04:00,13.75,13.770000457763672,13.739999771118164,13.760000228881836,82311,0.0,0.0
2023-05-19 15:30:00-04:00,13.765000343322754,13.779999732971191,13.6899995803833,13.734999656677246,146436,0.0,0.0
2023-05-22 09:30:00-04:00,13.800000190734863,13.859999656677246,13.619999885559082,13.694999694824219,63557,0.0,0.0
2023-05-22 10:30:00-04:00,13.6899995803833,13.787099838256836,13.675000190734863,13.774999618530273,43710,0.0,0.0
2023-05-22 11:30:00-04:00,13.770000457763672,13.859999656677246,13.760000228881836,13.850000381469727,47342,0.0,0.0
2023-05-22 12:30:00-04:00,13.850000381469727,13.850000381469727,13.789999961853027,13.829999923706055,45253,0.0,0.0
2023-05-22 13:30:00-04:00,13.819999694824219,13.84000015258789,13.8100004196167,13.84000015258789,32018,0.0,0.0
2023-05-22 14:30:00-04:00,13.850000381469727,13.869999885559082,13.8149995803833,13.829999923706055,34620,0.0,0.0
2023-05-22 15:30:00-04:00,13.829999923706055,13.850000381469727,13.800000190734863,13.829999923706055,123811,0.0,0.0
2023-05-23 09:30:00-04:00,13.800000190734863,13.84000015258789,13.730999946594238,13.8100004196167,55081,0.0,0.0
2023-05-23 10:30:00-04:00,13.819999694824219,13.949999809265137,13.819999694824219,13.890000343322754,53877,0.0,0.0
2023-05-23 11:30:00-04:00,13.885000228881836,13.970000267028809,13.859999656677246,13.885000228881836,92792,0.0,0.0
2023-05-23 12:30:00-04:00,13.890000343322754,13.90999984741211,13.850000381469727,13.850000381469727,78624,0.0,0.0
2023-05-23 13:30:00-04:00,13.850000381469727,13.885000228881836,13.805000305175781,13.819999694824219,73910,0.0,0.0
2023-05-23 14:30:00-04:00,13.8100004196167,13.829999923706055,13.770000457763672,13.789999961853027,99908,0.0,0.0
2023-05-23 15:30:00-04:00,13.78499984741211,13.829999923706055,13.779999732971191,13.8149995803833,167268,0.0,0.0
2023-05-24 09:30:00-04:00,13.710000038146973,13.734999656677246,13.550000190734863,13.609999656677246,84153,0.0,0.0
2023-05-24 10:30:00-04:00,13.619999885559082,13.640000343322754,13.550000190734863,13.5649995803833,53755,0.0,0.0
2023-05-24 11:30:00-04:00,13.5600004196167,13.5600004196167,13.510000228881836,13.524999618530273,66943,0.0,0.0
2023-05-24 12:30:00-04:00,13.520000457763672,13.559900283813477,13.510000228881836,13.550000190734863,56063,0.0,0.0
2023-05-24 13:30:00-04:00,13.550000190734863,13.630000114440918,13.550000190734863,13.619999885559082,65046,0.0,0.0
2023-05-24 14:30:00-04:00,13.609999656677246,13.699999809265137,13.595000267028809,13.670000076293945,139934,0.0,0.0
2023-05-24 15:30:00-04:00,13.675000190734863,13.720000267028809,13.65999984741211,13.699999809265137,231829,0.0,0.0
2023-05-25 09:30:00-04:00,13.59000015258789,13.59000015258789,13.444999694824219,13.494999885559082,106455,0.0,0.0
2023-05-25 10:30:00-04:00,13.489999771118164,13.489999771118164,13.295000076293945,13.300000190734863,191202,0.0,0.0
2023-05-25 11:30:00-04:00,13.289999961853027,13.300000190734863,13.204999923706055,13.244999885559082,109897,0.0,0.0
2023-05-25 12:30:00-04:00,13.25,13.319999694824219,13.234999656677246,13.319999694824219,40335,0.0,0.0
2023-05-25 13:30:00-04:00,13.319999694824219,13.34000015258789,13.289999961853027,13.295000076293945,47482,0.0,0.0
2023-05-25 14:30:00-04:00,13.295000076293945,13.295000076293945,13.175000190734863,13.210000038146973,113249,0.0,0.0
2023-05-25 15:30:00-04:00,13.204999923706055,13.220999717712402,13.119999885559082,13.135000228881836,220065,0.0,0.0
2023-05-26 09:30:00-04:00,13.130000114440918,13.289999961853027,13.104999542236328,13.279999732971191,77608,0.0,0.0
2023-05-26 10:30:00-04:00,13.274999618530273,13.3149995803833,13.204999923706055,13.204999923706055,93618,0.0,0.0
2023-05-26 11:30:00-04:00,13.210000038146973,13.279999732971191,13.204999923706055,13.255000114440918,107965,0.0,0.0
2023-05-26 12:30:00-04:00,13.255000114440918,13.265000343322754,13.21500015258789,13.260000228881836,82773,0.0,0.0
2023-05-26 13:30:00-04:00,13.260000228881836,13.319999694824219,13.244999885559082,13.289999961853027,83085,0.0,0.0
2023-05-26 14:30:00-04:00,13.289999961853027,13.324999809265137,13.279999732971191,13.295000076293945,101293,0.0,0.0
2023-05-26 15:30:00-04:00,13.295000076293945,13.319999694824219,13.289999961853027,13.300000190734863,184173,0.0,0.0
2023-05-30 09:30:00-04:00,13.210000038146973,13.229999542236328,13.140000343322754,13.1850004196167,87598,0.0,0.0
2023-05-30 10:30:00-04:00,13.1850004196167,13.204999923706055,13.09000015258789,13.119999885559082,65842,0.0,0.0
2023-05-30 11:30:00-04:00,13.119999885559082,13.154999732971191,13.09000015258789,13.095000267028809,115818,0.0,0.0
2023-05-30 12:30:00-04:00,13.095000267028809,13.119999885559082,13.052499771118164,13.052499771118164,73221,0.0,0.0
2023-05-30 13:30:00-04:00,13.055000305175781,13.085000038146973,13.045000076293945,13.085000038146973,64588,0.0,0.0
2023-05-30 14:30:00-04:00,13.085000038146973,13.085000038146973,12.970000267028809,12.984999656677246,101477,0.0,0.0
2023-05-30 15:30:00-04:00,12.984999656677246,13.015000343322754,12.960000038146973,13.005000114440918,261333,0.0,0.0
2023-05-31 09:30:00-04:00,12.949999809265137,13.0,12.869999885559082,12.949999809265137,172322,0.0,0.0
2023-05-31 10:30:00-04:00,12.954999923706055,13.0,12.90999984741211,12.9350004196167,293985,0.0,0.0
2023-05-31 11:30:00-04:00,12.930000305175781,12.975000381469727,12.859999656677246,12.920000076293945,160901,0.0,0.0
2023-05-31 12:30:00-04:00,12.925000190734863,12.9399995803833,12.864999771118164,12.90999984741211,97402,0.0,0.0
2023-05-31 13:30:00-04:00,12.920000076293945,12.970000267028809,12.895000457763672,12.930000305175781,166007,0.0,0.0
2023-05-31 14:30:00-04:00,12.930000305175781,12.949999809265137,12.895000457763672,12.925000190734863,119844,0.0,0.0
2023-05-31 15:30:00-04:00,12.920000076293945,13.0,12.869999885559082,12.869999885559082,615363,0.0,0.0
2023-06-01 09:30:00-04:00,12.84000015258789,13.020000457763672,12.760000228881836,12.960000038146973,103559,0.0,0.0
2023-06-01 10:30:00-04:00,12.96500015258789,13.020000457763672,12.96500015258789,12.979999542236328,214643,0.0,0.0
2023-06-01 11:30:00-04:00,12.979999542236328,13.020000457763672,12.970000267028809,12.989999771118164,159002,0.0,0.0
2023-06-01 12:30:00-04:00,12.994999885559082,13.0,12.975000381469727,12.994999885559082,104246,0.0,0.0
2023-06-01 13:30:00-04:00,13.0,13.0,12.979999542236328,13.0,97773,0.0,0.0
2023-06-01 14:30:00-04:00,12.989999771118164,13.010000228881836,12.970000267028809,12.970000267028809,118635,0.0,0.0
2023-06-01 15:30:00-04:00,12.970000267028809,12.975000381469727,12.930000305175781,12.949999809265137,197364,0.0,0.0
2023-06-02 09:30:00-04:00,13.130000114440918,13.140000343322754,13.029999732971191,13.039999961853027,130577,0.0,0.0
2023-06-02 10:30:00-04:00,13.039999961853027,13.104999542236328,13.010000228881836,13.010000228881836,109232,0.0,0.0
2023-06-02 11:30:00-04:00,13.010000228881836,13.020000457763672,12.949999809265137,13.01200008392334,73691,0.0,0.0
2023-06-02 12:30:00-04:00,13.010000228881836,13.03499984741211,12.979999542236328,13.010000228881836,118192,0.0,0.0
2023-06-02 13:30:00-04:00,13.020000457763672,13.09000015258789,13.0,13.005000114440918,114648,0.0,0.0
2023-06-02 14:30:00-04:00,13.005000114440918,13.03499984741211,12.994999885559082,12.994999885559082,131184,0.0,0.0
2023-06-02 15:30:00-04:00,13.0,13.020000457763672,12.989999771118164,13.005000114440918,203444,0.0,0.0
2023-06-05 09:30:00-04:00,12.960000038146973,13.180000305175781,12.949999809265137,13.079999923706055,113285,0.0,0.0
2023-06-05 10:30:00-04:00,13.079999923706055,13.079999923706055,12.989999771118164,13.015000343322754,61166,0.0,0.0
2023-06-05 11:30:00-04:00,13.015000343322754,13.020000457763672,12.970000267028809,13.0,63335,0.0,0.0
2023-06-05 12:30:00-04:00,13.0,13.09000015258789,12.989999771118164,13.024999618530273,95312,0.0,0.0
2023-06-05 13:30:00-04:00,13.020000457763672,13.069999694824219,13.010000228881836,13.015000343322754,73292,0.0,0.0
2023-06-05 14:30:00-04:00,13.015000343322754,13.0649995803833,12.989999771118164,13.045000076293945,159424,0.0,0.0
2023-06-05 15:30:00-04:00,13.039999961853027,13.045000076293945,12.989999771118164,13.005000114440918,259766,0.0,0.0
2023-06-06 09:30:00-04:00,13.029999732971191,13.135000228881836,13.015000343322754,13.125,162446,0.0,0.0
2023-06-06 10:30:00-04:00,13.125,13.270000457763672,13.119999885559082,13.25,283117,0.0,0.0
2023-06-06 11:30:00-04:00,13.239999771118164,13.28499984741211,13.210000038146973,13.260000228881836,180829,0.0,0.0
2023-06-06 12:30:00-04:00,13.255000114440918,13.260000228881836,13.145000457763672,13.170000076293945,196450,0.0,0.0
2023-06-06 13:30:00-04:00,13.175000190734863,13.329999923706055,13.164999961853027,13.329999923706055,176451,0.0,0.0
2023-06-06 14:30:00-04:00,13.324999809265137,13.34000015258789,13.274999618530273,13.300000190734863,146900,0.0,0.0
2023-06-06 15:30:00-04:00,13.300000190734863,13.350000381469727,13.279999732971191,13.324999809265137,353574,0.0,0.0
2023-06-07 09:30:00-04:00,13.40999984741211,13.479999542236328,13.300000190734863,13.324999809265137,166577,0.0,0.0
2023-06-07 10:30:00-04:00,13.324999809265137,13.380000114440918,13.244999885559082,13.28499984741211,158629,0.0,0.0
2023-06-07 11:30:00-04:00,13.28499984741211,13.289999961853027,13.149999618530273,13.225000381469727,102565,0.0,0.0
2023-06-07 12:30:00-04:00,13.229999542236328,13.239999771118164,13.1899995803833,13.210000038146973,74411,0.0,0.0
2023-06-07 13:30:00-04:00,13.204999923706055,13.234999656677246,13.170000076293945,13.204999923706055,86037,0.0,0.0
2023-06-07 14:30:00-04:00,13.210000038146973,13.260000228881836,13.1850004196167,13.225000381469727,182703,0.0,0.0
2023-06-07 15:30:00-04:00,13.225000381469727,13.25,13.210000038146973,13.239999771118164,206684,0.0,0.0
2023-06-08 09:30:00-04:00,13.25,13.25,13.104999542236328,13.1899995803833,67860,0.0,0.0
2023-06-08 10:30:00-04:00,13.194999694824219,13.220000267028809,13.135000228881836,13.180000305175781,55332,0.0,0.0
2023-06-08 11:30:00-04:00,13.175000190734863,13.210000038146973,13.15999984741211,13.204999923706055,45735,0.0,0.0
2023-06-08 12:30:00-04:00,13.210000038146973,13.229999542236328,13.180000305175781,13.220000267028809,50678,0.0,0.0
2023-06-08 13:30:00-04:00,13.225000381469727,13.229999542236328,13.194999694824219,13.204999923706055,56460,0.0,0.0
2023-06-08 14:30:00-04:00,13.204999923706055,13.220000267028809,13.170000076293945,13.175000190734863,52460,0.0,0.0
2023-06-08 15:30:00-04:00,13.175000190734863,13.199999809265137,13.164999961853027,13.199999809265137,127443,0.0,0.0
2023-06-09 09:30:00-04:00,13.140000343322754,13.199999809265137,13.09000015258789,13.145000457763672,64397,0.0,0.0
2023-06-09 10:30:00-04:00,13.140000343322754,13.180000305175781,13.100000381469727,13.104999542236328,78364,0.0,0.0
2023-06-09 11:30:00-04:00,13.100000381469727,13.109999656677246,13.050000190734863,13.055000305175781,58760,0.0,0.0
2023-06-09 12:30:00-04:00,13.0600004196167,13.100000381469727,13.029999732971191,13.050000190734863,91698,0.0,0.0
2023-06-09 13:30:00-04:00,13.055000305175781,13.09000015258789,13.050000190734863,13.055000305175781,50848,0.0,0.0
2023-06-09 14:30:00-04:00,13.055000305175781,13.0600004196167,13.0,13.010000228881836,81073,0.0,0.0
2023-06-09 15:30:00-04:00,13.005000114440918,13.010000228881836,12.975000381469727,12.989999771118164,125861,0.0,0.0
2023-06-12 09:30:00-04:00,13.020000457763672,13.020000457763672,12.899999618530273,12.9399995803833,71775,0.0,0.0
2023-06-12 10:30:00-04:00,12.930000305175781,12.960000038146973,12.880000114440918,12.920000076293945,115014,0.0,0.0
2023-06-12 11:30:00-04:00,12.930000305175781,12.930000305175781,12.845000267028809,12.890000343322754,84949,0.0,0.0
2023-06-12 12:30:00-04:00,12.895000457763672,12.899900436401367,12.8149995803833,12.8149995803833,39951,0.0,0.0
2023-06-12 13:30:00-04:00,12.8100004196167,12.864999771118164,12.802800178527832,12.845000267028809,66936,0.0,0.0
2023-06-12 14:30:00-04:00,12.850000381469727,12.880000114440918,12.819999694824219,12.819999694824219,127293,0.0,0.0
2023-06-12 15:30:00-04:00,12.819999694824219,12.824999809265137,12.789999961853027,12.8100004196167,217136,0.0,0.0
2023-06-13 09:30:00-04:00,12.819999694824219,13.029999732971191,12.789999961853027,12.970000267028809,1117801,0.0,0.0
2023-06-13 10:30:00-04:00,12.96500015258789,13.0649995803833,12.944999694824219,13.024999618530273,441172,0.0,0.0
2023-06-13 11:30:00-04:00,13.029999732971191,13.050000190734863,13.0,13.03499984741211,347210,0.0,0.0
2023-06-13 12:30:00-04:00,13.03499984741211,13.180000305175781,13.020000457763672,13.15999984741211,546889,0.0,0.0
2023-06-13 13:30:00-04:00,13.164999961853027,13.164999961853027,13.079999923706055,13.079999923706055,227499,0.0,0.0
2023-06-13 14:30:00-04:00,13.085000038146973,13.119999885559082,13.039999961853027,13.119999885559082,204286,0.0,0.0
2023-06-13 15:30:00-04:00,13.114999771118164,13.119999885559082,13.079999923706055,13.085000038146973,340652,0.0,0.0
2023-06-14 09:30:00-04:00,13.15999984741211,13.220000267028809,13.069999694824219,13.069999694824219,206647,0.0,0.0
2023-06-14 10:30:00-04:00,13.079999923706055,13.100000381469727,13.039999961853027,13.069999694824219,65848,0.0,0.0
2023-06-14 11:30:00-04:00,13.074999809265137,13.09000015258789,13.03499984741211,13.045000076293945,78884,0.0,0.0
2023-06-14 12:30:00-04:00,13.045000076293945,13.050000190734863,13.0,13.005000114440918,39591,0.0,0.0
2023-06-14 13:30:00-04:00,13.0,13.029999732971191,12.885000228881836,12.895000457763672,205899,0.0,0.0
2023-06-14 14:30:00-04:00,12.895000457763672,13.010000228881836,12.895000457763672,12.975000381469727,130063,0.0,0.0
2023-06-14 15:30:00-04:00,12.975000381469727,12.989999771118164,12.920000076293945,12.949999809265137,187371,0.0,0.0
2023-06-15 09:30:00-04:00,12.970000267028809,13.050000190734863,12.899999618530273,13.050000190734863,74801,0.0,0.0
2023-06-15 10:30:00-04:00,13.045000076293945,13.055000305175781,12.994999885559082,13.050000190734863,175407,0.0,0.0
2023-06-15 11:30:00-04:00,13.050000190734863,13.09000015258789,13.029999732971191,13.050000190734863,94626,0.0,0.0
2023-06-15 12:30:00-04:00,13.050600051879883,13.069999694824219,13.029999732971191,13.055000305175781,59305,0.0,0.0
2023-06-15 13:30:00-04:00,13.0600004196167,13.074999809265137,13.045000076293945,13.055000305175781,86605,0.0,0.0
2023-06-15 14:30:00-04:00,13.055000305175781,13.100000381469727,13.055000305175781,13.09000015258789,151604,0.0,0.0
2023-06-15 15:30:00-04:00,13.095000267028809,13.095000267028809,13.039999961853027,13.050000190734863,176028,0.0,0.0
2023-06-16 09:30:00-04:00,13.1899995803833,13.1899995803833,13.0600004196167,13.145000457763672,318468,0.0,0.0
2023-06-16 10:30:00-04:00,13.149999618530273,13.170000076293945,13.09000015258789,13.100000381469727,75096,0.0,0.0
2023-06-16 11:30:00-04:00,13.109999656677246,13.21500015258789,13.100000381469727,13.199999809265137,95150,0.0,0.0
2023-06-16 12:30:00-04:00,13.199999809265137,13.239999771118164,13.194999694824219,13.234999656677246,76077,0.0,0.0
2023-06-16 13:30:00-04:00,13.234999656677246,13.25,13.194999694824219,13.225000381469727,99424,0.0,0.0
2023-06-16 14:30:00-04:00,13.225000381469727,13.229999542236328,13.1850004196167,13.194999694824219,146756,0.0,0.0
2023-06-16 15:30:00-04:00,13.194999694824219,13.225000381469727,13.180000305175781,13.199999809265137,281779,0.0,0.0
2023-06-20 09:30:00-04:00,13.149999618530273,13.210000038146973,13.050000190734863,13.085000038146973,49340,0.0,0.0
2023-06-20 10:30:00-04:00,13.089400291442871,13.137499809265137,13.085000038146973,13.107500076293945,51370,0.0,0.0
2023-06-20 11:30:00-04:00,13.104999542236328,13.175000190734863,13.104999542236328,13.167499542236328,31596,0.0,0.0
2023-06-20 12:30:00-04:00,13.164999961853027,13.199999809265137,13.149999618530273,13.170000076293945,41435,0.0,0.0
2023-06-20 13:30:00-04:00,13.170000076293945,13.180000305175781,13.114999771118164,13.149999618530273,75061,0.0,0.0
2023-06-20 14:30:00-04:00,13.145000457763672,13.15999984741211,13.109999656677246,13.114999771118164,44145,0.0,0.0
2023-06-20 15:30:00-04:00,13.109999656677246,13.119999885559082,13.09000015258789,13.095000267028809,106020,0.0,0.0
2023-06-21 09:30:00-04:00,13.0600004196167,13.149999618530273,13.010000228881836,13.095000267028809,89895,0.0,0.0
2023-06-21 10:30:00-04:00,13.095000267028809,13.130000114440918,13.039999961853027,13.109999656677246,102152,0.0,0.0
2023-06-21 11:30:00-04:00,13.119999885559082,13.180000305175781,13.100000381469727,13.175000190734863,80084,0.0,0.0
2023-06-21 12:30:00-04:00,13.175000190734863,13.21500015258789,13.149999618530273,13.1850004196167,118874,0.0,0.0
2023-06-21 13:30:00-04:00,13.1850004196167,13.229999542236328,13.15999984741211,13.21500015258789,441174,0.0,0.0
2023-06-21 14:30:00-04:00,13.220000267028809,13.239999771118164,13.130000114440918,13.135000228881836,81195,0.0,0.0
2023-06-21 15:30:00-04:00,13.135000228881836,13.170000076293945,13.130000114440918,13.170000076293945,167564,0.0,0.0
2023-06-22 09:30:00-04:00,13.220000267028809,13.220000267028809,12.930000305175781,12.970000267028809,66971,0.0,0.0
2023-06-22 10:30:00-04:00,12.970000267028809,12.984999656677246,12.9399995803833,12.944999694824219,111503,0.0,0.0
2023-06-22 11:30:00-04:00,12.949999809265137,12.954999923706055,12.805000305175781,12.805000305175781,85513,0.0,0.0
2023-06-22 12:30:00-04:00,12.808799743652344,12.850000381469727,12.765000343322754,12.84000015258789,99241,0.0,0.0
2023-06-22 13:30:00-04:00,12.84000015258789,12.859999656677246,12.835000038146973,12.850000381469727,58253,0.0,0.0
2023-06-22 14:30:00-04:00,12.845000267028809,12.890000343322754,12.829999923706055,12.875,141332,0.0,0.0
2023-06-22 15:30:00-04:00,12.875,12.875,12.819999694824219,12.84000015258789,156816,0.0,0.0
2023-06-23 09:30:00-04:00,12.75,12.885000228881836,12.65999984741211,12.805000305175781,102013,0.0,0.0
2023-06-23 10:30:00-04:00,12.805000305175781,12.8100004196167,12.680000305175781,12.694999694824219,117099,0.0,0.0
2023-06-23 11:30:00-04:00,12.694999694824219,12.739999771118164,12.65999984741211,12.694999694824219,133420,0.0,0.0
2023-06-23 12:30:00-04:00,12.694999694824219,12.739999771118164,12.6899995803833,12.71500015258789,75507,0.0,0.0
2023-06-23 13:30:00-04:00,12.720000267028809,12.75,12.65999984741211,12.664999961853027,130765,0.0,0.0
2023-06-23 14:30:00-04:00,12.65999984741211,12.664999961853027,12.539999961853027,12.539999961853027,205877,0.0,0.0
2023-06-23 15:30:00-04:00,12.539999961853027,12.595000267028809,12.529999732971191,12.569999694824219,512434,0.0,0.0
2023-06-26 09:30:00-04:00,12.569999694824219,12.760000228881836,12.5600004196167,12.725000381469727,114687,0.0,0.0
2023-06-26 10:30:00-04:00,12.720000267028809,12.75,12.664999961853027,12.680000305175781,100776,0.0,0.0
2023-06-26 11:30:00-04:00,12.6850004196167,12.805000305175781,12.680000305175781,12.78499984741211,146218,0.0,0.0
2023-06-26 12:30:00-04:00,12.789999961853027,12.824999809265137,12.771400451660156,12.8149995803833,70353,0.0,0.0
2023-06-26 13:30:00-04:00,12.815899848937988,12.824999809265137,12.765000343322754,12.774999618530273,172187,0.0,0.0
2023-06-26 14:30:00-04:00,12.779999732971191,12.789999961853027,12.760000228881836,12.767499923706055,143247,0.0,0.0
2023-06-26 15:30:00-04:00,12.765000343322754,12.779999732971191,12.670000076293945,12.680000305175781,212993,0.0,0.0
2023-06-27 09:30:00-04:00,12.729999542236328,12.734999656677246,12.65999984741211,12.6899995803833,71880,0.0,0.0
2023-06-27 10:30:00-04:00,12.6850004196167,12.720000267028809,12.630000114440918,12.664999961853027,109700,0.0,0.0
2023-06-27 11:30:00-04:00,12.65999984741211,12.670000076293945,12.609999656677246,12.640000343322754,82484,0.0,0.0
2023-06-27 12:30:00-04:00,12.640000343322754,12.765000343322754,12.630000114440918,12.744999885559082,233053,0.0,0.0
2023-06-27 13:30:00-04:00,12.75,12.760000228881836,12.6899995803833,12.6899995803833,75612,0.0,0.0
2023-06-27 14:30:00-04:00,12.699999809265137,12.720000267028809,12.630000114440918,12.645000457763672,182964,0.0,0.0
2023-06-27 15:30:00-04:00,12.645000457763672,12.710000038146973,12.640000343322754,12.680000305175781,266608,0.0,0.0
2023-06-28 09:30:00-04:00,12.6899995803833,12.6899995803833,12.5649995803833,12.595000267028809,117042,0.0,0.0
2023-06-28 10:30:00-04:00,12.595000267028809,12.619999885559082,12.539999961853027,12.600000381469727,92126,0.0,0.0
2023-06-28 11:30:00-04:00,12.604999542236328,12.640000343322754,12.539999961853027,12.604999542236328,185561,0.0,0.0
2023-06-28 12:30:00-04:00,12.604999542236328,12.619999885559082,12.550000190734863,12.614999771118164,179993,0.0,0.0
2023-06-28 13:30:00-04:00,12.619999885559082,12.619999885559082,12.569999694824219,12.600000381469727,73692,0.0,0.0
2023-06-28 14:30:00-04:00,12.600000381469727,12.619999885559082,12.579999923706055,12.619999885559082,88879,0.0,0.0
2023-06-28 15:30:00-04:00,12.609999656677246,12.670000076293945,12.609999656677246,12.619999885559082,215704,0.0,0.0
2023-06-29 09:30:00-04:00,12.609999656677246,12.8100004196167,12.569999694824219,12.800000190734863,87064,0.0,0.0
2023-06-29 10:30:00-04:00,12.789999961853027,12.84000015258789,12.774999618530273,12.8100004196167,55206,0.0,0.0
2023-06-29 11:30:00-04:00,12.8100004196167,12.859999656677246,12.805000305175781,12.829999923706055,99200,0.0,0.0
2023-06-29 12:30:00-04:00,12.829999923706055,12.869999885559082,12.774999618530273,12.869999885559082,145361,0.0,0.0
2023-06-29 13:30:00-04:00,12.880000114440918,12.899999618530273,12.819999694824219,12.854999542236328,115859,0.0,0.0
2023-06-29 14:30:00-04:00,12.850000381469727,12.875,12.770000457763672,12.770000457763672,110994,0.0,0.0
2023-06-29 15:30:00-04:00,12.774999618530273,12.800000190734863,12.734999656677246,12.779999732971191,387686,0.0,0.0
2023-06-30 09:30:00-04:00,12.819999694824219,12.859999656677246,12.675000190734863,12.675000190734863,94830,0.0,0.0
2023-06-30 10:30:00-04:00,12.680000305175781,12.710000038146973,12.595000267028809,12.595000267028809,112959,0.0,0.0
2023-06-30 11:30:00-04:00,12.595000267028809,12.625,12.585000038146973,12.625,74516,0.0,0.0
2023-06-30 12:30:00-04:00,12.619999885559082,12.635000228881836,12.59000015258789,12.59000015258789,80872,0.0,0.0
2023-06-30 13:30:00-04:00,12.59000015258789,12.630000114440918,12.520000457763672,12.614999771118164,131243,0.0,0.0
2023-06-30 14:30:00-04:00,12.614999771118164,12.640000343322754,12.550000190734863,12.630000114440918,267335,0.0,0.0
2023-06-30 15:30:00-04:00,12.630000114440918,12.640000343322754,12.520000457763672,12.529999732971191,339983,0.0,0.0
2023-07-03 09:30:00-04:00,12.5,12.65999984741211,12.5,12.555000305175781,147827,0.0,0.0
2023-07-03 10:30:00-04:00,12.555000305175781,12.59000015258789,12.489999771118164,12.505000114440918,123648,0.0,0.0
2023-07-03 11:30:00-04:00,12.5,12.524999618530273,12.470000267028809,12.475000381469727,84052,0.0,0.0
2023-07-05 09:30:00-04:00,12.5,12.520000457763672,12.265000343322754,12.324999809265137,364031,0.0,0.0
2023-07-05 10:30:00-04:00,12.329999923706055,12.479999542236328,12.324999809265137,12.454999923706055,345772,0.0,0.0
2023-07-05 11:30:00-04:00,12.449999809265137,12.470000267028809,12.395000457763672,12.404999732971191,102921,0.0,0.0
2023-07-05 12:30:00-04:00,12.399999618530273,12.4399995803833,12.399999618530273,12.430000305175781,140005,0.0,0.0
2023-07-05 13:30:00-04:00,12.430000305175781,12.489999771118164,12.380000114440918,12.390000343322754,293543,0.0,0.0
2023-07-05 14:30:00-04:00,12.385000228881836,12.470000267028809,12.385000228881836,12.460000038146973,282119,0.0,0.0
2023-07-05 15:30:00-04:00,12.449999809265137,12.449999809265137,12.414999961853027,12.430000305175781,243093,0.0,0.0
2023-07-06 09:30:00-04:00,12.479999542236328,12.670000076293945,12.399999618530273,12.569999694824219,290367,0.0,0.0
2023-07-06 10:30:00-04:00,12.5649995803833,12.619999885559082,12.520000457763672,12.600000381469727,173823,0.0,0.0
2023-07-06 11:30:00-04:00,12.600000381469727,12.664999961853027,12.585000038146973,12.654999732971191,474255,0.0,0.0
2023-07-06 12:30:00-04:00,12.654999732971191,12.710000038146973,12.574999809265137,12.640000343322754,891975,0.0,0.0
2023-07-06 13:30:00-04:00,12.640000343322754,12.649999618530273,12.579999923706055,12.609999656677246,59339,0.0,0.0
2023-07-06 14:30:00-04:00,12.609999656677246,12.654999732971191,12.604999542236328,12.649999618530273,87152,0.0,0.0
2023-07-06 15:30:00-04:00,12.645000457763672,12.699999809265137,12.630000114440918,12.645000457763672,869104,0.0,0.0
2023-07-07 09:30:00-04:00,12.680000305175781,12.899999618530273,12.680000305175781,12.899999618530273,506482,0.0,0.0
2023-07-07 10:30:00-04:00,12.899999618530273,13.119999885559082,12.850000381469727,13.095000267028809,220284,0.0,0.0
2023-07-07 11:30:00-04:00,13.095000267028809,13.119999885559082,12.994999885559082,13.104999542236328,261785,0.0,0.0
2023-07-07 12:30:00-04:00,13.109999656677246,13.15999984741211,13.069999694824219,13.100000381469727,120733,0.0,0.0
2023-07-07 13:30:00-04:00,13.100000381469727,13.149999618530273,13.050000190734863,13.129300117492676,170181,0.0,0.0
2023-07-07 14:30:00-04:00,13.125,13.15999984741211,13.109999656677246,13.154999732971191,131049,0.0,0.0
2023-07-07 15:30:00-04:00,13.154999732971191,13.1899995803833,13.074999809265137,13.100000381469727,250016,0.0,0.0
2023-07-10 09:30:00-04:00,13.050000190734863,13.229999542236328,13.050000190734863,13.15999984741211,133037,0.0,0.0
2023-07-10 10:30:00-04:00,13.15999984741211,13.15999984741211,13.045000076293945,13.095000267028809,137369,0.0,0.0
2023-07-10 11:30:00-04:00,13.100000381469727,13.119999885559082,13.024999618530273,13.045000076293945,105854,0.0,0.0
2023-07-10 12:30:00-04:00,13.045000076293945,13.050000190734863,12.979999542236328,12.984999656677246,88291,0.0,0.0
2023-07-10 13:30:00-04:00,12.989999771118164,12.989999771118164,12.890000343322754,12.914999961853027,100015,0.0,0.0
2023-07-10 14:30:00-04:00,12.914999961853027,12.9399995803833,12.850000381469727,12.895000457763672,135620,0.0,0.0
2023-07-10 15:30:00-04:00,12.899999618530273,12.930000305175781,12.859999656677246,12.869999885559082,226536,0.0,0.0
2023-07-11 09:30:00-04:00,12.899999618530273,12.920000076293945,12.765000343322754,12.8149995803833,79239,0.0,0.0
2023-07-11 10:30:00-04:00,12.8100004196167,12.8100004196167,12.710000038146973,12.71500015258789,62056,0.0,0.0
2023-07-11 11:30:00-04:00,12.710000038146973,12.779999732971191,12.6899995803833,12.774999618530273,74603,0.0,0.0
2023-07-11 12:30:00-04:00,12.779999732971191,12.800000190734863,12.770000457763672,12.78499984741211,42324,0.0,0.0
2023-07-11 13:30:00-04:00,12.78499984741211,12.789999961853027,12.725000381469727,12.744999885559082,50301,0.0,0.0
2023-07-11 14:30:00-04:00,12.744999885559082,12.770000457763672,12.6899995803833,12.760000228881836,114625,0.0,0.0
2023-07-11 15:30:00-04:00,12.765000343322754,12.859999656677246,12.760000228881836,12.850000381469727,220440,0.0,0.0
2023-07-12 09:30:00-04:00,13.0,13.100000381469727,12.829999923706055,12.85200023651123,98732,0.0,0.0
2023-07-12 10:30:00-04:00,12.864999771118164,12.90999984741211,12.819999694824219,12.854999542236328,69606,0.0,0.0
2023-07-12 11:30:00-04:00,12.854999542236328,12.899999618530273,12.84000015258789,12.875,51726,0.0,0.0
2023-07-12 12:30:00-04:00,12.875,12.904999732971191,12.859999656677246,12.875,50970,0.0,0.0
2023-07-12 13:30:00-04:00,12.869999885559082,12.899999618530273,12.835000038146973,12.84000015258789,54041,0.0,0.0
2023-07-12 14:30:00-04:00,12.845000267028809,12.845000267028809,12.789999961853027,12.795000076293945,117871,0.0,0.0
2023-07-12 15:30:00-04:00,12.789999961853027,12.84000015258789,12.779999732971191,12.800000190734863,119340,0.0,0.0
2023-07-13 09:30:00-04:00,12.819999694824219,12.9399995803833,12.78499984741211,12.9399995803833,141105,0.0,0.0
2023-07-13 10:30:00-04:00,12.9399995803833,12.970000267028809,12.914999961853027,12.96500015258789,90657,0.0,0.0
2023-07-13 11:30:00-04:00,12.970000267028809,13.0,12.930000305175781,12.989999771118164,94238,0.0,0.0
2023-07-13 12:30:00-04:00,12.994999885559082,13.039999961853027,12.979999542236328,13.03499984741211,72953,0.0,0.0
2023-07-13 13:30:00-04:00,13.039999961853027,13.039999961853027,12.975000381469727,12.994999885559082,100211,0.0,0.0
2023-07-13 14:30:00-04:00,12.994999885559082,13.010000228881836,12.970000267028809,12.994999885559082,80094,0.0,0.0
2023-07-13 15:30:00-04:00,12.994999885559082,13.010000228881836,12.930000305175781,12.9350004196167,230749,0.0,0.0
2023-07-14 09:30:00-04:00,12.899999618530273,12.899999618530273,12.734999656677246,12.744999885559082,98129,0.0,0.0
2023-07-14 10:30:00-04:00,12.744999885559082,13.050000190734863,12.720000267028809,13.015000343322754,198037,0.0,0.0
2023-07-14 11:30:00-04:00,13.020000457763672,13.119999885559082,13.020000457763672,13.114999771118164,138826,0.0,0.0
2023-07-14 12:30:00-04:00,13.119999885559082,13.204999923706055,13.114999771118164,13.1850004196167,161499,0.0,0.0
2023-07-14 13:30:00-04:00,13.1850004196167,13.210000038146973,13.15999984741211,13.170000076293945,118945,0.0,0.0
2023-07-14 14:30:00-04:00,13.175000190734863,13.25,13.15999984741211,13.204999923706055,192159,0.0,0.0
2023-07-14 15:30:00-04:00,13.210000038146973,13.239999771118164,13.1850004196167,13.239999771118164,297855,0.0,0.0
2023-07-17 09:30:00-04:00,13.279999732971191,13.5600004196167,13.260000228881836,13.524999618530273,298003,0.0,0.0
2023-07-17 10:30:00-04:00,13.524999618530273,13.609999656677246,13.489999771118164,13.59000015258789,183758,0.0,0.0
2023-07-17 11:30:00-04:00,13.582500457763672,13.609999656677246,13.520099639892578,13.53499984741211,125461,0.0,0.0
2023-07-17 12:30:00-04:00,13.539999961853027,13.5649995803833,13.5,13.53499984741211,126353,0.0,0.0
2023-07-17 13:30:00-04:00,13.53499984741211,13.585000038146973,13.489999771118164,13.569999694824219,161232,0.0,0.0
2023-07-17 14:30:00-04:00,13.574999809265137,13.609999656677246,13.539999961853027,13.57800006866455,310081,0.0,0.0
2023-07-17 15:30:00-04:00,13.574999809265137,13.579999923706055,13.539999961853027,13.5600004196167,273183,0.0,0.0
2023-07-18 09:30:00-04:00,13.579999923706055,13.630000114440918,13.460000038146973,13.5600004196167,143718,0.0,0.0
2023-07-18 10:30:00-04:00,13.5600004196167,13.579999923706055,13.46500015258789,13.484999656677246,103440,0.0,0.0
2023-07-18 11:30:00-04:00,13.479999542236328,13.510000228881836,13.390000343322754,13.420000076293945,246157,0.0,0.0
2023-07-18 12:30:00-04:00,13.40999984741211,13.40999984741211,13.329999923706055,13.329999923706055,242733,0.0,0.0
2023-07-18 13:30:00-04:00,13.324999809265137,13.420000076293945,13.300000190734863,13.420000076293945,68718,0.0,0.0
2023-07-18 14:30:00-04:00,13.425000190734863,13.430000305175781,13.369999885559082,13.390000343322754,94862,0.0,0.0
2023-07-18 15:30:00-04:00,13.390000343322754,13.390000343322754,13.3100004196167,13.34000015258789,258188,0.0,0.0
2023-07-19 09:30:00-04:00,13.390000343322754,13.479999542236328,13.354999542236328,13.470000267028809,93633,0.0,0.0
2023-07-19 10:30:00-04:00,13.460000038146973,13.479999542236328,13.430000305175781,13.462499618530273,146181,0.0,0.0
2023-07-19 11:30:00-04:00,13.468500137329102,13.619999885559082,13.468500137329102,13.579999923706055,115672,0.0,0.0
2023-07-19 12:30:00-04:00,13.579999923706055,13.670000076293945,13.579999923706055,13.670000076293945,99902,0.0,0.0
2023-07-19 13:30:00-04:00,13.670000076293945,13.720000267028809,13.654999732971191,13.720000267028809,89765,0.0,0.0
2023-07-19 14:30:00-04:00,13.720000267028809,13.729999542236328,13.675000190734863,13.6850004196167,105327,0.0,0.0
2023-07-19 15:30:00-04:00,13.680000305175781,13.779999732971191,13.680000305175781,13.779999732971191,313774,0.0,0.0
2023-07-20 09:30:00-04:00,13.850000381469727,14.010000228881836,13.8100004196167,13.899999618530273,245538,0.0,0.0
2023-07-20 10:30:00-04:00,13.895000457763672,14.005000114440918,13.890000343322754,14.005000114440918,227000,0.0,0.0
2023-07-20 11:30:00-04:00,14.000499725341797,14.015000343322754,13.90999984741211,13.954999923706055,165432,0.0,0.0
2023-07-20 12:30:00-04:00,13.949999809265137,14.005000114440918,13.9350004196167,14.0,111597,0.0,0.0
2023-07-20 13:30:00-04:00,13.994999885559082,14.010000228881836,13.9399995803833,13.989999771118164,150717,0.0,0.0
2023-07-20 14:30:00-04:00,13.989999771118164,14.029999732971191,13.954999923706055,14.0,211569,0.0,0.0
2023-07-20 15:30:00-04:00,14.0,14.050000190734863,13.992500305175781,14.024999618530273,260537,0.0,0.0
2023-07-21 09:30:00-04:00,14.079999923706055,14.15999984741211,14.0,14.0600004196167,235152,0.0,0.0
2023-07-21 10:30:00-04:00,14.0600004196167,14.079999923706055,13.930000305175781,13.930000305175781,114314,0.0,0.0
2023-07-21 11:30:00-04:00,13.930000305175781,13.984999656677246,13.880000114440918,13.9399995803833,149405,0.0,0.0
2023-07-21 12:30:00-04:00,13.9399995803833,13.96500015258789,13.920000076293945,13.944999694824219,93095,0.0,0.0
2023-07-21 13:30:00-04:00,13.944999694824219,13.96500015258789,13.930000305175781,13.944999694824219,86061,0.0,0.0
2023-07-21 14:30:00-04:00,13.944999694824219,13.979999542236328,13.9350004196167,13.954999923706055,177944,0.0,0.0
2023-07-21 15:30:00-04:00,13.954999923706055,13.979999542236328,13.930000305175781,13.930000305175781,185900,0.0,0.0
2023-07-24 09:30:00-04:00,13.9399995803833,13.960000038146973,13.84000015258789,13.875,182688,0.0,0.0
2023-07-24 10:30:00-04:00,13.880000114440918,13.960000038146973,13.869999885559082,13.954999923706055,200055,0.0,0.0
2023-07-24 11:30:00-04:00,13.954999923706055,13.989999771118164,13.9399995803833,13.984999656677246,70978,0.0,0.0
2023-07-24 12:30:00-04:00,13.984999656677246,14.029999732971191,13.960000038146973,13.979999542236328,125945,0.0,0.0
2023-07-24 13:30:00-04:00,13.984999656677246,14.020000457763672,13.96500015258789,14.015000343322754,143872,0.0,0.0
2023-07-24 14:30:00-04:00,14.015000343322754,14.029999732971191,13.970000267028809,14.0,245187,0.0,0.0
2023-07-24 15:30:00-04:00,14.005000114440918,14.039999961853027,14.0,14.020000457763672,175579,0.0,0.0
2023-07-25 09:30:00-04:00,13.960000038146973,14.039999961853027,13.930000305175781,14.020000457763672,102250,0.0,0.0
2023-07-25 10:30:00-04:00,14.015000343322754,14.069999694824219,14.005000114440918,14.024999618530273,167747,0.0,0.0
2023-07-25 11:30:00-04:00,14.029999732971191,14.079999923706055,14.010000228881836,14.015000343322754,102927,0.0,0.0
2023-07-25 12:30:00-04:00,14.020000457763672,14.039999961853027,14.005000114440918,14.03499984741211,60984,0.0,0.0
2023-07-25 13:30:00-04:00,14.03499984741211,14.125,14.029999732971191,14.119999885559082,61606,0.0,0.0
2023-07-25 14:30:00-04:00,14.125,14.180000305175781,14.109999656677246,14.164999961853027,80471,0.0,0.0
2023-07-25 15:30:00-04:00,14.170000076293945,14.199999809265137,14.149999618530273,14.199999809265137,142706,0.0,0.0
2023-07-26 09:30:00-04:00,14.170000076293945,14.319999694824219,14.170000076293945,14.234999656677246,65795,0.0,0.0
2023-07-26 10:30:00-04:00,14.234999656677246,14.307499885559082,14.210000038146973,14.239999771118164,37616,0.0,0.0
2023-07-26 11:30:00-04:00,14.244999885559082,14.289999961853027,14.229999542236328,14.239999771118164,59433,0.0,0.0
2023-07-26 12:30:00-04:00,14.244999885559082,14.25,14.210000038146973,14.210000038146973,42638,0.0,0.0
2023-07-26 13:30:00-04:00,14.204999923706055,14.220000267028809,14.180000305175781,14.194999694824219,43171,0.0,0.0
2023-07-26 14:30:00-04:00,14.199999809265137,14.28499984741211,14.180000305175781,14.244999885559082,99155,0.0,0.0
2023-07-26 15:30:00-04:00,14.244999885559082,14.28499984741211,14.229999542236328,14.274999618530273,167696,0.0,0.0
2023-07-27 09:30:00-04:00,14.359999656677246,14.460000038146973,14.289999961853027,14.345000267028809,88045,0.0,0.0
2023-07-27 10:30:00-04:00,14.34000015258789,14.369999885559082,14.305000305175781,14.350000381469727,66753,0.0,0.0
2023-07-27 11:30:00-04:00,14.34000015258789,14.359999656677246,14.3100004196167,14.324999809265137,156109,0.0,0.0
2023-07-27 12:30:00-04:00,14.324999809265137,14.331000328063965,14.28499984741211,14.295000076293945,90968,0.0,0.0
2023-07-27 13:30:00-04:00,14.300000190734863,14.300000190734863,14.225000381469727,14.255000114440918,94705,0.0,0.0
2023-07-27 14:30:00-04:00,14.25,14.265000343322754,14.180000305175781,14.204999923706055,240545,0.0,0.0
2023-07-27 15:30:00-04:00,14.199999809265137,14.220000267028809,14.175000190734863,14.210000038146973,260536,0.0,0.0
2023-07-28 09:30:00-04:00,14.25,14.34000015258789,14.220000267028809,14.300000190734863,81008,0.0,0.0
2023-07-28 10:30:00-04:00,14.305000305175781,14.359999656677246,14.279999732971191,14.345000267028809,48303,0.0,0.0
2023-07-28 11:30:00-04:00,14.350000381469727,14.359999656677246,14.3100004196167,14.345000267028809,44781,0.0,0.0
2023-07-28 12:30:00-04:00,14.345000267028809,14.359999656677246,14.239999771118164,14.25,43533,0.0,0.0
2023-07-28 13:30:00-04:00,14.25,14.354999542236328,14.225000381469727,14.345000267028809,139745,0.0,0.0
2023-07-28 14:30:00-04:00,14.345000267028809,14.380000114440918,14.34000015258789,14.364999771118164,73513,0.0,0.0
2023-07-28 15:30:00-04:00,14.364999771118164,14.369999885559082,14.3100004196167,14.329999923706055,152319,0.0,0.0
2023-07-31 09:30:00-04:00,14.3100004196167,14.329999923706055,14.210000038146973,14.221099853515625,117673,0.0,0.0
2023-07-31 10:30:00-04:00,14.220000267028809,14.25,14.180000305175781,14.199999809265137,65035,0.0,0.0
2023-07-31 11:30:00-04:00,14.204999923706055,14.204999923706055,14.15999984741211,14.15999984741211,62782,0.0,0.0
2023-07-31 12:30:00-04:00,14.15999984741211,14.169899940490723,14.09000015258789,14.15999984741211,88454,0.0,0.0
2023-07-31 13:30:00-04:00,14.149999618530273,14.270000457763672,14.149999618530273,14.25,72760,0.0,0.0
2023-07-31 14:30:00-04:00,14.25,14.279999732971191,14.21500015258789,14.225000381469727,155858,0.0,0.0
2023-07-31 15:30:00-04:00,14.22249984741211,14.229999542236328,14.154999732971191,14.170000076293945,189386,0.0,0.0
2023-08-01 09:30:00-04:00,14.100000381469727,14.1899995803833,13.920000076293945,13.920000076293945,77848,0.0,0.0
2023-08-01 10:30:00-04:00,13.899999618530273,13.90999984741211,13.84000015258789,13.859999656677246,72614,0.0,0.0
2023-08-01 11:30:00-04:00,13.864999771118164,13.930000305175781,13.765000343322754,13.90999984741211,219123,0.0,0.0
2023-08-01 12:30:00-04:00,13.90999984741211,13.949999809265137,13.899999618530273,13.9350004196167,49262,0.0,0.0
2023-08-01 13:30:00-04:00,13.930000305175781,13.970000267028809,13.90999984741211,13.96500015258789,42542,0.0,0.0
2023-08-01 14:30:00-04:00,13.96500015258789,13.970000267028809,13.914999961853027,13.960000038146973,101305,0.0,0.0
2023-08-01 15:30:00-04:00,13.954999923706055,13.989999771118164,13.949999809265137,13.989999771118164,147189,0.0,0.0
2023-08-02 09:30:00-04:00,13.9399995803833,14.015000343322754,13.930000305175781,13.979999542236328,45403,0.0,0.0
2023-08-02 10:30:00-04:00,13.989999771118164,14.050000190734863,13.970000267028809,14.050000190734863,51431,0.0,0.0
2023-08-02 11:30:00-04:00,14.0600004196167,14.09000015258789,14.029999732971191,14.085000038146973,42795,0.0,0.0
2023-08-02 12:30:00-04:00,14.085000038146973,14.119999885559082,14.045000076293945,14.0600004196167,62734,0.0,0.0
2023-08-02 13:30:00-04:00,14.0600004196167,14.079999923706055,14.015000343322754,14.078800201416016,86486,0.0,0.0
2023-08-02 14:30:00-04:00,14.074999809265137,14.180000305175781,14.069999694824219,14.180000305175781,207920,0.0,0.0
2023-08-02 15:30:00-04:00,14.175000190734863,14.210000038146973,14.170000076293945,14.170000076293945,261266,0.0,0.0
2023-08-03 09:30:00-04:00,14.140000343322754,14.140000343322754,14.0,14.045000076293945,66527,0.0,0.0
2023-08-03 10:30:00-04:00,14.039999961853027,14.100000381469727,14.020000457763672,14.0649995803833,102074,0.0,0.0
2023-08-03 11:30:00-04:00,14.061300277709961,14.119099617004395,14.03499984741211,14.119099617004395,63402,0.0,0.0
2023-08-03 12:30:00-04:00,14.119999885559082,14.149999618530273,14.09000015258789,14.109999656677246,38496,0.0,0.0
2023-08-03 13:30:00-04:00,14.109999656677246,14.130000114440918,14.039999961853027,14.125,125477,0.0,0.0
2023-08-03 14:30:00-04:00,14.130000114440918,14.135000228881836,14.09000015258789,14.119999885559082,85648,0.0,0.0
2023-08-03 15:30:00-04:00,14.119999885559082,14.125,14.0600004196167,14.0600004196167,170855,0.0,0.0
2023-08-04 09:30:00-04:00,13.979999542236328,14.09000015258789,13.970000267028809,14.0649995803833,168516,0.0,0.0
2023-08-04 10:30:00-04:00,14.0649995803833,14.169400215148926,14.0649995803833,14.119999885559082,119864,0.0,0.0
2023-08-04 11:30:00-04:00,14.119999885559082,14.154999732971191,14.095000267028809,14.154999732971191,94396,0.0,0.0
2023-08-04 12:30:00-04:00,14.149999618530273,14.15999984741211,14.125,14.149999618530273,71067,0.0,0.0
2023-08-04 13:30:00-04:00,14.149999618530273,14.170000076293945,14.130000114440918,14.145000457763672,218482,0.0,0.0
2023-08-04 14:30:00-04:00,14.145000457763672,14.149999618530273,13.90999984741211,14.005000114440918,220799,0.0,0.0
2023-08-04 15:30:00-04:00,14.005000114440918,14.050000190734863,13.96500015258789,14.029999732971191,529575,0.0,0.0
2023-08-07 09:30:00-04:00,14.050000190734863,14.100000381469727,13.994999885559082,14.0600004196167,41975,0.0,0.0
2023-08-07 10:30:00-04:00,14.069999694824219,14.100000381469727,14.055000305175781,14.069999694824219,32493,0.0,0.0
2023-08-07 11:30:00-04:00,14.069999694824219,14.069999694824219,14.050000190734863,14.055500030517578,15820,0.0,0.0
2023-08-07 12:30:00-04:00,14.050000190734863,14.050000190734863,13.970000267028809,14.015000343322754,60815,0.0,0.0
2023-08-07 13:30:00-04:00,14.020000457763672,14.024999618530273,13.970000267028809,13.979999542236328,29109,0.0,0.0
2023-08-07 14:30:00-04:00,13.975000381469727,14.020000457763672,13.960000038146973,14.015000343322754,53035,0.0,0.0
2023-08-07 15:30:00-04:00,14.020000457763672,14.03499984741211,13.960000038146973,13.975000381469727,185747,0.0,0.0
2023-08-08 09:30:00-04:00,13.880000114440918,13.890000343322754,13.699999809265137,13.702500343322754,55725,0.0,0.0
2023-08-08 10:30:00-04:00,13.699999809265137,13.704999923706055,13.600000381469727,13.600000381469727,53043,0.0,0.0
2023-08-08 11:30:00-04:00,13.600000381469727,13.65999984741211,13.579999923706055,13.645000457763672,56083,0.0,0.0
2023-08-08 12:30:00-04:00,13.640000343322754,13.710000038146973,13.630000114440918,13.6850004196167,82758,0.0,0.0
2023-08-08 13:30:00-04:00,13.6850004196167,13.717900276184082,13.670000076293945,13.704999923706055,52384,0.0,0.0
2023-08-08 14:30:00-04:00,13.710000038146973,13.725000381469727,13.65999984741211,13.6899995803833,210803,0.0,0.0
2023-08-08 15:30:00-04:00,13.680000305175781,13.6850004196167,13.640000343322754,13.65999984741211,283841,0.0,0.0
2023-08-09 09:30:00-04:00,13.680000305175781,13.864999771118164,13.680000305175781,13.859999656677246,73372,0.0,0.0
2023-08-09 10:30:00-04:00,13.859999656677246,14.0,13.850000381469727,13.954999923706055,100762,0.0,0.0
2023-08-09 11:30:00-04:00,13.949999809265137,13.960000038146973,13.864999771118164,13.895000457763672,76106,0.0,0.0
2023-08-09 12:30:00-04:00,13.899999618530273,13.930000305175781,13.869999885559082,13.885000228881836,70997,0.0,0.0
2023-08-09 13:30:00-04:00,13.885000228881836,13.899999618530273,13.859999656677246,13.899999618530273,85705,0.0,0.0
2023-08-09 14:30:00-04:00,13.895000457763672,13.920000076293945,13.850000381469727,13.899999618530273,111119,0.0,0.0
2023-08-09 15:30:00-04:00,13.904999732971191,13.9350004196167,13.829999923706055,13.850000381469727,183038,0.0,0.0
2023-08-10 09:30:00-04:00,15.380000114440918,15.510000228881836,15.029999732971191,15.367500305175781,912370,0.0,0.0
2023-08-10 10:30:00-04:00,15.359999656677246,15.5,15.300000190734863,15.489999771118164,217419,0.0,0.0
2023-08-10 11:30:00-04:00,15.494999885559082,15.494999885559082,15.130000114440918,15.25,332820,0.0,0.0
2023-08-10 12:30:00-04:00,15.25,15.260000228881836,15.130000114440918,15.210000038146973,190164,0.0,0.0
2023-08-10 13:30:00-04:00,15.204999923706055,15.390000343322754,14.989999771118164,15.0,269701,0.0,0.0
2023-08-10 14:30:00-04:00,15.005000114440918,15.199999809265137,15.0,15.164999961853027,269162,0.0,0.0
2023-08-10 15:30:00-04:00,15.15999984741211,15.225000381469727,15.074999809265137,15.145000457763672,640167,0.0,0.0
2023-08-11 09:30:00-04:00,15.0600004196167,15.229999542236328,14.975000381469727,15.039999961853027,282422,0.0,0.0
2023-08-11 10:30:00-04:00,15.045000076293945,15.079999923706055,15.0,15.020000457763672,104118,0.0,0.0
2023-08-11 11:30:00-04:00,15.015000343322754,15.0600004196167,15.005000114440918,15.0600004196167,77723,0.0,0.0
2023-08-11 12:30:00-04:00,15.0600004196167,15.119999885559082,15.0,15.024999618530273,359038,0.0,0.0
2023-08-11 13:30:00-04:00,15.024999618530273,15.024999618530273,14.9399995803833,15.015000343322754,158633,0.0,0.0
2023-08-11 14:30:00-04:00,15.010000228881836,15.140000343322754,15.0,15.125,112702,0.0,0.0
2023-08-11 15:30:00-04:00,15.125,15.15999984741211,15.079999923706055,15.15999984741211,181923,0.0,0.0
2023-08-14 09:30:00-04:00,15.170000076293945,15.395000457763672,15.130000114440918,15.385000228881836,147369,0.0,0.0
2023-08-14 10:30:00-04:00,15.385000228881836,15.46500015258789,15.274999618530273,15.335000038146973,109984,0.0,0.0
2023-08-14 11:30:00-04:00,15.34000015258789,15.46500015258789,15.3100004196167,15.390000343322754,192504,0.0,0.0
2023-08-14 12:30:00-04:00,15.380000114440918,15.4399995803833,15.350000381469727,15.375,57242,0.0,0.0
2023-08-14 13:30:00-04:00,15.380000114440918,15.390000343322754,15.295000076293945,15.380000114440918,74834,0.0,0.0
2023-08-14 14:30:00-04:00,15.380000114440918,15.414999961853027,15.369999885559082,15.385000228881836,129514,0.0,0.0
2023-08-14 15:30:00-04:00,15.385000228881836,15.430000305175781,15.380000114440918,15.399999618530273,195929,0.0,0.0
2023-08-15 09:30:00-04:00,15.25,15.350000381469727,15.210000038146973,15.3100004196167,109882,0.0,0.0
2023-08-15 10:30:00-04:00,15.3100004196167,15.385000228881836,15.3100004196167,15.380000114440918,73926,0.0,0.0
2023-08-15 11:30:00-04:00,15.380000114440918,15.390000343322754,15.3100004196167,15.345000267028809,56182,0.0,0.0
2023-08-15 12:30:00-04:00,15.34119987487793,15.380000114440918,15.3100004196167,15.362500190734863,116068,0.0,0.0
2023-08-15 13:30:00-04:00,15.364999771118164,15.404999732971191,15.265000343322754,15.270000457763672,131012,0.0,0.0
2023-08-15 14:30:00-04:00,15.279999732971191,15.34000015258789,15.260000228881836,15.319999694824219,131302,0.0,0.0
2023-08-15 15:30:00-04:00,15.3149995803833,15.345000267028809,15.270000457763672,15.270000457763672,134960,0.0,0.0
2023-08-16 09:30:00-04:00,15.289999961853027,15.510000228881836,15.289999961853027,15.460000038146973,162066,0.0,0.0
2023-08-16 10:30:00-04:00,15.46500015258789,15.470000267028809,15.399999618530273,15.4399995803833,182160,0.0,0.0
2023-08-16 11:30:00-04:00,15.444999694824219,15.505000114440918,15.399999618530273,15.420000076293945,59533,0.0,0.0
2023-08-16 12:30:00-04:00,15.420000076293945,15.449999809265137,15.350000381469727,15.359999656677246,43797,0.0,0.0
2023-08-16 13:30:00-04:00,15.359999656677246,15.454999923706055,15.350000381469727,15.454999923706055,78724,0.0,0.0
2023-08-16 14:30:00-04:00,15.454999923706055,15.470000267028809,15.399999618530273,15.399999618530273,72604,0.0,0.0
2023-08-16 15:30:00-04:00,15.404999732971191,15.449999809265137,15.399999618530273,15.399999618530273,144756,0.0,0.0
2023-08-17 09:30:00-04:00,15.319999694824219,15.425000190734863,15.119999885559082,15.119999885559082,128556,0.0,0.0
2023-08-17 10:30:00-04:00,15.125,15.125,14.949999809265137,15.005000114440918,163598,0.0,0.0
2023-08-17 11:30:00-04:00,15.005000114440918,15.079999923706055,14.994999885559082,15.074999809265137,148763,0.0,0.0
2023-08-17 12:30:00-04:00,15.069999694824219,15.135000228881836,14.989999771118164,15.069999694824219,197442,0.0,0.0
2023-08-17 13:30:00-04:00,15.074999809265137,15.100000381469727,14.984999656677246,15.015000343322754,115105,0.0,0.0
2023-08-17 14:30:00-04:00,15.015000343322754,15.050000190734863,14.970000267028809,15.005000114440918,233841,0.0,0.0
2023-08-17 15:30:00-04:00,15.005000114440918,15.045000076293945,14.970000267028809,15.005000114440918,213864,0.0,0.0
2023-08-18 09:30:00-04:00,14.920000076293945,15.244999885559082,14.914999961853027,15.164999961853027,129928,0.0,0.0
2023-08-18 10:30:00-04:00,15.15999984741211,15.15999984741211,15.09000015258789,15.145000457763672,60431,0.0,0.0
2023-08-18 11:30:00-04:00,15.145000457763672,15.229999542236328,15.145000457763672,15.210000038146973,72509,0.0,0.0
2023-08-18 12:30:00-04:00,15.204999923706055,15.229999542236328,15.119999885559082,15.135000228881836,74479,0.0,0.0
2023-08-18 13:30:00-04:00,15.140000343322754,15.210000038146973,15.140000343322754,15.194999694824219,80813,0.0,0.0
2023-08-18 14:30:00-04:00,15.199999809265137,15.220000267028809,15.15999984741211,15.194999694824219,81585,0.0,0.0
2023-08-18 15:30:00-04:00,15.194999694824219,15.220000267028809,15.1899995803833,15.220000267028809,185634,0.0,0.0
2023-08-21 09:30:00-04:00,15.1899995803833,15.1899995803833,14.979999542236328,14.984999656677246,52434,0.0,0.0
2023-08-21 10:30:00-04:00,14.984999656677246,14.984999656677246,14.920000076293945,14.920000076293945,40350,0.0,0.0
2023-08-21 11:30:00-04:00,14.925000190734863,14.949999809265137,14.824999809265137,14.9399995803833,156192,0.0,0.0
2023-08-21 12:30:00-04:00,14.9350004196167,14.979999542236328,14.899999618530273,14.954999923706055,166649,0.0,0.0
2023-08-21 13:30:00-04:00,14.960000038146973,15.0,14.930000305175781,14.944999694824219,51338,0.0,0.0
2023-08-21 14:30:00-04:00,14.944999694824219,15.039999961853027,14.930000305175781,15.03499984741211,186497,0.0,0.0
2023-08-21 15:30:00-04:00,15.029999732971191,15.029999732971191,14.970000267028809,14.989999771118164,90320,0.0,0.0
2023-08-22 09:30:00-04:00,14.960000038146973,15.0600004196167,14.920000076293945,14.96500015258789,123802,0.0,0.0
2023-08-22 10:30:00-04:00,14.970000267028809,14.989999771118164,14.90999984741211,14.970000267028809,67298,0.0,0.0
2023-08-22 11:30:00-04:00,14.96500015258789,15.0,14.920000076293945,14.970000267028809,79425,0.0,0.0
2023-08-22 12:30:00-04:00,14.979999542236328,15.0,14.9399995803833,14.989999771118164,60419,0.0,0.0
2023-08-22 13:30:00-04:00,15.0,15.015000343322754,14.9350004196167,14.9350004196167,48616,0.0,0.0
2023-08-22 14:30:00-04:00,14.9399995803833,14.970000267028809,14.920000076293945,14.949999809265137,61983,0.0,0.0
2023-08-22 15:30:00-04:00,14.944999694824219,14.960000038146973,14.904999732971191,14.930000305175781,197693,0.0,0.0
2023-08-23 09:30:00-04:00,14.90999984741211,15.09000015258789,14.90999984741211,15.069999694824219,71132,0.0,0.0
2023-08-23 10:30:00-04:00,15.0649995803833,15.079999923706055,14.994999885559082,15.020000457763672,73859,0.0,0.0
2023-08-23 11:30:00-04:00,15.024999618530273,15.050000190734863,14.989999771118164,15.010000228881836,48049,0.0,0.0
2023-08-23 12:30:00-04:00,15.0,15.09000015258789,15.0,15.085000038146973,40055,0.0,0.0
2023-08-23 13:30:00-04:00,15.085000038146973,15.09000015258789,15.029999732971191,15.045000076293945,40865,0.0,0.0
2023-08-23 14:30:00-04:00,15.045000076293945,15.050000190734863,14.989999771118164,14.989999771118164,43455,0.0,0.0
2023-08-23 15:30:00-04:00,14.989999771118164,15.005000114440918,14.970000267028809,14.970000267028809,100457,0.0,0.0
2023-08-24 09:30:00-04:00,14.949999809265137,15.079999923706055,14.944999694824219,14.970000267028809,49653,0.0,0.0
2023-08-24 10:30:00-04:00,14.970000267028809,14.984999656677246,14.890000343322754,14.949999809265137,40317,0.0,0.0
2023-08-24 11:30:00-04:00,14.954999923706055,14.954999923706055,14.90999984741211,14.90999984741211,31434,0.0,0.0
2023-08-24 12:30:00-04:00,14.913999557495117,14.930000305175781,14.859999656677246,14.859999656677246,26207,0.0,0.0
2023-08-24 13:30:00-04:00,14.859999656677246,14.90999984741211,14.845000267028809,14.885000228881836,57363,0.0,0.0
2023-08-24 14:30:00-04:00,14.890000343322754,14.930000305175781,14.880000114440918,14.925000190734863,39572,0.0,0.0
2023-08-24 15:30:00-04:00,14.920000076293945,14.970000267028809,14.899999618530273,14.930000305175781,121789,0.0,0.0
2023-08-25 09:30:00-04:00,14.960000038146973,15.050000190734863,14.899999618530273,14.9350004196167,76652,0.0,0.0
2023-08-25 10:30:00-04:00,14.9399995803833,14.960000038146973,14.899999618530273,14.960000038146973,41891,0.0,0.0
2023-08-25 11:30:00-04:00,14.960000038146973,15.010000228881836,14.939399719238281,15.005000114440918,45404,0.0,0.0
2023-08-25 12:30:00-04:00,15.005000114440918,15.09000015258789,15.005000114440918,15.024999618530273,48634,0.0,0.0
2023-08-25 13:30:00-04:00,15.020000457763672,15.0600004196167,15.0,15.0600004196167,36668,0.0,0.0
2023-08-25 14:30:00-04:00,15.0649995803833,15.100000381469727,15.055000305175781,15.09000015258789,35715,0.0,0.0
2023-08-25 15:30:00-04:00,15.09000015258789,15.09000015258789,15.010000228881836,15.029999732971191,92420,0.0,0.0
2023-08-28 09:30:00-04:00,15.010000228881836,15.145000457763672,15.010000228881836,15.119999885559082,64986,0.0,0.0
2023-08-28 10:30:00-04:00,15.130000114440918,15.140000343322754,14.989999771118164,15.0024995803833,66566,0.0,0.0
2023-08-28 11:30:00-04:00,15.005000114440918,15.095000267028809,15.005000114440918,15.085000038146973,62645,0.0,0.0
2023-08-28 12:30:00-04:00,15.085000038146973,15.135000228881836,15.069999694824219,15.114999771118164,40690,0.0,0.0
2023-08-28 13:30:00-04:00,15.114999771118164,15.125,15.055000305175781,15.074999809265137,52658,0.0,0.0
2023-08-28 14:30:00-04:00,15.074999809265137,15.15999984741211,15.069999694824219,15.15999984741211,84818,0.0,0.0
2023-08-28 15:30:00-04:00,15.15999984741211,15.164999961853027,15.130000114440918,15.130000114440918,148050,0.0,0.0
2023-08-29 09:30:00-04:00,15.15999984741211,15.21500015258789,15.079999923706055,15.175000190734863,38982,0.0,0.0
2023-08-29 10:30:00-04:00,15.180000305175781,15.210000038146973,15.119999885559082,15.15999984741211,50242,0.0,0.0
2023-08-29 11:30:00-04:00,15.170000076293945,15.260000228881836,15.170000076293945,15.229999542236328,71602,0.0,0.0
2023-08-29 12:30:00-04:00,15.229999542236328,15.270000457763672,15.229999542236328,15.244999885559082,51901,0.0,0.0
2023-08-29 13:30:00-04:00,15.244999885559082,15.260000228881836,15.21500015258789,15.234999656677246,55120,0.0,0.0
2023-08-29 14:30:00-04:00,15.239999771118164,15.270000457763672,15.229999542236328,15.244999885559082,105483,0.0,0.0
2023-08-29 15:30:00-04:00,15.244999885559082,15.295000076293945,15.24489974975586,15.260000228881836,99249,0.0,0.0
2023-08-30 09:30:00-04:00,15.210000038146973,15.3100004196167,15.210000038146973,15.270000457763672,38240,0.0,0.0
2023-08-30 10:30:00-04:00,15.260000228881836,15.319999694824219,15.255000114440918,15.255000114440918,39580,0.0,0.0
2023-08-30 11:30:00-04:00,15.260000228881836,15.34000015258789,15.229999542236328,15.335000038146973,43524,0.0,0.0
2023-08-30 12:30:00-04:00,15.34000015258789,15.345000267028809,15.295000076293945,15.305000305175781,35347,0.0,0.0
2023-08-30 13:30:00-04:00,15.3100004196167,15.345000267028809,15.300000190734863,15.319999694824219,53795,0.0,0.0
2023-08-30 14:30:00-04:00,15.319999694824219,15.369999885559082,15.3100004196167,15.364999771118164,47858,0.0,0.0
2023-08-30 15:30:00-04:00,15.364999771118164,15.395000457763672,15.34000015258789,15.350000381469727,123730,0.0,0.0
2023-08-31 09:30:00-04:00,15.319999694824219,15.380000114440918,15.279999732971191,15.319999694824219,73826,0.0,0.0
2023-08-31 10:30:00-04:00,15.319999694824219,15.324999809265137,15.255000114440918,15.289999961853027,86718,0.0,0.0
2023-08-31 11:30:00-04:00,15.28499984741211,15.34000015258789,15.282500267028809,15.300000190734863,59215,0.0,0.0
2023-08-31 12:30:00-04:00,15.300000190734863,15.3100004196167,15.25,15.279999732971191,130015,0.0,0.0
2023-08-31 13:30:00-04:00,15.279999732971191,15.420000076293945,15.265000343322754,15.399999618530273,319979,0.0,0.0
2023-08-31 14:30:00-04:00,15.395000457763672,15.420000076293945,15.300000190734863,15.354999542236328,364391,0.0,0.0
2023-08-31 15:30:00-04:00,15.359999656677246,15.369000434875488,15.229999542236328,15.25,364814,0.0,0.0
2023-09-01 09:30:00-04:00,15.359999656677246,15.489999771118164,15.239999771118164,15.34000015258789,46748,0.0,0.0
2023-09-01 10:30:00-04:00,15.329999923706055,15.4399995803833,15.329999923706055,15.380000114440918,370847,0.0,0.0
2023-09-01 11:30:00-04:00,15.380000114440918,15.380000114440918,15.300000190734863,15.300000190734863,52969,0.0,0.0
2023-09-01 12:30:00-04:00,15.300000190734863,15.3100004196167,15.180000305175781,15.1850004196167,165459,0.0,0.0
2023-09-01 13:30:00-04:00,15.180000305175781,15.244999885559082,15.180000305175781,15.234999656677246,54153,0.0,0.0
2023-09-01 14:30:00-04:00,15.234999656677246,15.239999771118164,15.194999694824219,15.21500015258789,78351,0.0,0.0
2023-09-01 15:30:00-04:00,15.21500015258789,15.25,15.1899995803833,15.194999694824219,186303,0.0,0.0
2023-09-05 09:30:00-04:00,15.100000381469727,15.140000343322754,14.960000038146973,14.96500015258789,60301,0.0,0.0
2023-09-05 10:30:00-04:00,14.960000038146973,14.984999656677246,14.930000305175781,14.9399995803833,84408,0.0,0.0
2023-09-05 11:30:00-04:00,14.9399995803833,15.010000228881836,14.9399995803833,14.979999542236328,83526,0.0,0.0
2023-09-05 12:30:00-04:00,14.989999771118164,15.0,14.932499885559082,14.949999809265137,60169,0.0,0.0
2023-09-05 13:30:00-04:00,14.944999694824219,14.970000267028809,14.90999984741211,14.949999809265137,57388,0.0,0.0
2023-09-05 14:30:00-04:00,14.949999809265137,14.979999542236328,14.9399995803833,14.960000038146973,65225,0.0,0.0
2023-09-05 15:30:00-04:00,14.960000038146973,14.977499961853027,14.920000076293945,14.920000076293945,160109,0.0,0.0
2023-09-06 09:30:00-04:00,15.029999732971191,15.15999984741211,14.930000305175781,15.045000076293945,324731,0.0,0.0
2023-09-06 10:30:00-04:00,15.045000076293945,15.0600004196167,15.010000228881836,15.029999732971191,67111,0.0,0.0
2023-09-06 11:30:00-04:00,15.020000457763672,15.069999694824219,15.0,15.0,62956,0.0,0.0
2023-09-06 12:30:00-04:00,15.0,15.03499984741211,15.0,15.024999618530273,76034,0.0,0.0
2023-09-06 13:30:00-04:00,15.020000457763672,15.045000076293945,15.010000228881836,15.029999732971191,45533,0.0,0.0
2023-09-06 14:30:00-04:00,15.020000457763672,15.047499656677246,15.0,15.045000076293945,71986,0.0,0.0
2023-09-06 15:30:00-04:00,15.039999961853027,15.109999656677246,15.039999961853027,15.109999656677246,112260,0.0,0.0
2023-09-07 09:30:00-04:00,15.170000076293945,15.180000305175781,14.920000076293945,14.960000038146973,95727,0.0,0.0
2023-09-07 10:30:00-04:00,14.960000038146973,15.0,14.880000114440918,14.880000114440918,71727,0.0,0.0
2023-09-07 11:30:00-04:00,14.880000114440918,14.95989990234375,14.875,14.920000076293945,50110,0.0,0.0
2023-09-07 12:30:00-04:00,14.90999984741211,14.970000267028809,14.90999984741211,14.960000038146973,56435,0.0,0.0
2023-09-07 13:30:00-04:00,14.970000267028809,14.989999771118164,14.949999809265137,14.984999656677246,36096,0.0,0.0
2023-09-07 14:30:00-04:00,14.984999656677246,15.0,14.970000267028809,14.979999542236328,39733,0.0,0.0
2023-09-07 15:30:00-04:00,14.979999542236328,15.005000114440918,14.975000381469727,15.0,127383,0.0,0.0
2023-09-08 09:30:00-04:00,14.979999542236328,15.09000015258789,14.779999732971191,14.8100004196167,68481,0.0,0.0
2023-09-08 10:30:00-04:00,14.800000190734863,14.819999694824219,14.770000457763672,14.8149995803833,39180,0.0,0.0
2023-09-08 11:30:00-04:00,14.8100004196167,14.824999809265137,14.739999771118164,14.765000343322754,49095,0.0,0.0
2023-09-08 12:30:00-04:00,14.765000343322754,14.789999961853027,14.755000114440918,14.779999732971191,55047,0.0,0.0
2023-09-08 13:30:00-04:00,14.774999618530273,14.895000457763672,14.774999618530273,14.885000228881836,74327,0.0,0.0
2023-09-08 14:30:00-04:00,14.885000228881836,14.890000343322754,14.850000381469727,14.854999542236328,96297,0.0,0.0
2023-09-08 15:30:00-04:00,14.854999542236328,14.899999618530273,14.829999923706055,14.869999885559082,197124,0.0,0.0
2023-09-11 09:30:00-04:00,14.850000381469727,15.050000190734863,14.850000381469727,15.029999732971191,197729,0.0,0.0
2023-09-11 10:30:00-04:00,15.024999618530273,15.037500381469727,14.960000038146973,14.994999885559082,97286,0.0,0.0
2023-09-11 11:30:00-04:00,14.994999885559082,15.0,14.9399995803833,14.975000381469727,108713,0.0,0.0
2023-09-11 12:30:00-04:00,14.970000267028809,15.010000228881836,14.960000038146973,14.989999771118164,76468,0.0,0.0
2023-09-11 13:30:00-04:00,14.989999771118164,14.989999771118164,14.9399995803833,14.970000267028809,71999,0.0,0.0
2023-09-11 14:30:00-04:00,14.970000267028809,14.975000381469727,14.880000114440918,14.892000198364258,79852,0.0,0.0
2023-09-11 15:30:00-04:00,14.890000343322754,14.90999984741211,14.850000381469727,14.880000114440918,189557,0.0,0.0
2023-09-12 09:30:00-04:00,14.899999618530273,14.960000038146973,14.829999923706055,14.954999923706055,70603,0.0,0.0
2023-09-12 10:30:00-04:00,14.954999923706055,14.954999923706055,14.75,14.755000114440918,77135,0.0,0.0
2023-09-12 11:30:00-04:00,14.760000228881836,14.769000053405762,14.725000381469727,14.739999771118164,60103,0.0,0.0
2023-09-12 12:30:00-04:00,14.729999542236328,14.744999885559082,14.701000213623047,14.71500015258789,47520,0.0,0.0
2023-09-12 13:30:00-04:00,14.71500015258789,14.719900131225586,14.630000114440918,14.635000228881836,57103,0.0,0.0
2023-09-12 14:30:00-04:00,14.630000114440918,14.640000343322754,14.489999771118164,14.545000076293945,124562,0.0,0.0
2023-09-12 15:30:00-04:00,14.550000190734863,14.595000267028809,14.529999732971191,14.59000015258789,156757,0.0,0.0
2023-09-13 09:30:00-04:00,14.550000190734863,14.675000190734863,14.550000190734863,14.619999885559082,59278,0.0,0.0
2023-09-13 10:30:00-04:00,14.609999656677246,14.699999809265137,14.520000457763672,14.6899995803833,78478,0.0,0.0
2023-09-13 11:30:00-04:00,14.6899995803833,14.6899995803833,14.614999771118164,14.649999618530273,32120,0.0,0.0
2023-09-13 12:30:00-04:00,14.65999984741211,14.680000305175781,14.625,14.630000114440918,35882,0.0,0.0
2023-09-13 13:30:00-04:00,14.635000228881836,14.699999809265137,14.630000114440918,14.694999694824219,100936,0.0,0.0
2023-09-13 14:30:00-04:00,14.694999694824219,14.720000267028809,14.65999984741211,14.694999694824219,169201,0.0,0.0
2023-09-13 15:30:00-04:00,14.699999809265137,14.774999618530273,14.699899673461914,14.739999771118164,147969,0.0,0.0
2023-09-14 09:30:00-04:00,14.8100004196167,14.994999885559082,14.734999656677246,14.78499984741211,77705,0.0,0.0
2023-09-14 10:30:00-04:00,14.800000190734863,14.850000381469727,14.789999961853027,14.835000038146973,41594,0.0,0.0
2023-09-14 11:30:00-04:00,14.84000015258789,14.859999656677246,14.755000114440918,14.774999618530273,57414,0.0,0.0
2023-09-14 12:30:00-04:00,14.774999618530273,14.8100004196167,14.760000228881836,14.78499984741211,45891,0.0,0.0
2023-09-14 13:30:00-04:00,14.789999961853027,14.829999923706055,14.760000228881836,14.800000190734863,42936,0.0,0.0
2023-09-14 14:30:00-04:00,14.805000305175781,14.850000381469727,14.800000190734863,14.835000038146973,83554,0.0,0.0
2023-09-14 15:30:00-04:00,14.835000038146973,14.835000038146973,14.78499984741211,14.824999809265137,147422,0.0,0.0
2023-09-15 09:30:00-04:00,14.800000190734863,14.930000305175781,14.779999732971191,14.826899528503418,283623,0.0,0.0
2023-09-15 10:30:00-04:00,14.819999694824219,14.824999809265137,14.664999961853027,14.734999656677246,59469,0.0,0.0
2023-09-15 11:30:00-04:00,14.734999656677246,14.824999809265137,14.734999656677246,14.805000305175781,32793,0.0,0.0
2023-09-15 12:30:00-04:00,14.805000305175781,14.835000038146973,14.78499984741211,14.8100004196167,41742,0.0,0.0
2023-09-15 13:30:00-04:00,14.805000305175781,14.850000381469727,14.699999809265137,14.712499618530273,141464,0.0,0.0
2023-09-15 14:30:00-04:00,14.710000038146973,14.78499984741211,14.6899995803833,14.755000114440918,228090,0.0,0.0
2023-09-15 15:30:00-04:00,14.755000114440918,14.774999618530273,14.710000038146973,14.75,249315,0.0,0.0
2023-09-18 09:30:00-04:00,14.800000190734863,14.890000343322754,14.71500015258789,14.875,63334,0.0,0.0
2023-09-18 10:30:00-04:00,14.871999740600586,14.920000076293945,14.859999656677246,14.859999656677246,53515,0.0,0.0
2023-09-18 11:30:00-04:00,14.859999656677246,14.885000228881836,14.829999923706055,14.859999656677246,104725,0.0,0.0
2023-09-18 12:30:00-04:00,14.864999771118164,14.9350004196167,14.850899696350098,14.890000343322754,290517,0.0,0.0
2023-09-18 13:30:00-04:00,14.890000343322754,14.90999984741211,14.869999885559082,14.899999618530273,76482,0.0,0.0
2023-09-18 14:30:00-04:00,14.904999732971191,14.90999984741211,14.789999961853027,14.795000076293945,132538,0.0,0.0
2023-09-18 15:30:00-04:00,14.795000076293945,14.8100004196167,14.699999809265137,14.710000038146973,307696,0.0,0.0
2023-09-19 09:30:00-04:00,14.710000038146973,14.850000381469727,14.640000343322754,14.6850004196167,181505,0.0,0.0
2023-09-19 10:30:00-04:00,14.6899995803833,14.774999618530273,14.6899995803833,14.774999618530273,48485,0.0,0.0
2023-09-19 11:30:00-04:00,14.770000457763672,14.800000190734863,14.725000381469727,14.734999656677246,51939,0.0,0.0
2023-09-19 12:30:00-04:00,14.729999542236328,14.760000228881836,14.699999809265137,14.744999885559082,66919,0.0,0.0
2023-09-19 13:30:00-04:00,14.744999885559082,14.75,14.729999542236328,14.734999656677246,81833,0.0,0.0
2023-09-19 14:30:00-04:00,14.729999542236328,14.755000114440918,14.6899995803833,14.744999885559082,67808,0.0,0.0
2023-09-19 15:30:00-04:00,14.739999771118164,14.760000228881836,14.680000305175781,14.6899995803833,224986,0.0,0.0
2023-09-20 09:30:00-04:00,14.75,14.773900032043457,14.630000114440918,14.704999923706055,173944,0.0,0.0
2023-09-20 10:30:00-04:00,14.702500343322754,14.710000038146973,14.635000228881836,14.635000228881836,82077,0.0,0.0
2023-09-20 11:30:00-04:00,14.630000114440918,14.680000305175781,14.614999771118164,14.630000114440918,41865,0.0,0.0
2023-09-20 12:30:00-04:00,14.635000228881836,14.675000190734863,14.619999885559082,14.619999885559082,94162,0.0,0.0
2023-09-20 13:30:00-04:00,14.619999885559082,14.65999984741211,14.619999885559082,14.635000228881836,47810,0.0,0.0
2023-09-20 14:30:00-04:00,14.625,14.625,14.479999542236328,14.489999771118164,180319,0.0,0.0
2023-09-20 15:30:00-04:00,14.489999771118164,14.494999885559082,14.420000076293945,14.430000305175781,178268,0.0,0.0
2023-09-21 09:30:00-04:00,14.369999885559082,14.369999885559082,14.244999885559082,14.319999694824219,181110,0.0,0.0
2023-09-21 10:30:00-04:00,14.319999694824219,14.354999542236328,14.239999771118164,14.255000114440918,65448,0.0,0.0
2023-09-21 11:30:00-04:00,14.255000114440918,14.3100004196167,14.255000114440918,14.270000457763672,65122,0.0,0.0
2023-09-21 12:30:00-04:00,14.274999618530273,14.305000305175781,14.244999885559082,14.300000190734863,161995,0.0,0.0
2023-09-21 13:30:00-04:00,14.295000076293945,14.319999694824219,14.244999885559082,14.319999694824219,210546,0.0,0.0
2023-09-21 14:30:00-04:00,14.3149995803833,14.319999694824219,14.225000381469727,14.260000228881836,371998,0.0,0.0
2023-09-21 15:30:00-04:00,14.260000228881836,14.28499984741211,14.229999542236328,14.229999542236328,143097,0.0,0.0
2023-09-22 09:30:00-04:00,14.25,14.34000015258789,14.170000076293945,14.244999885559082,92981,0.0,0.0
2023-09-22 10:30:00-04:00,14.239999771118164,14.279999732971191,14.164999961853027,14.1850004196167,67077,0.0,0.0
2023-09-22 11:30:00-04:00,14.186599731445312,14.1899995803833,14.135000228881836,14.15999984741211,35590,0.0,0.0
2023-09-22 12:30:00-04:00,14.154999732971191,14.239999771118164,14.140000343322754,14.155400276184082,78355,0.0,0.0
2023-09-22 13:30:00-04:00,14.154999732971191,14.15999984741211,14.09000015258789,14.130000114440918,51034,0.0,0.0
2023-09-22 14:30:00-04:00,14.130000114440918,14.164999961853027,14.104999542236328,14.145000457763672,53646,0.0,0.0
2023-09-22 15:30:00-04:00,14.145000457763672,14.15999984741211,14.09000015258789,14.100000381469727,186998,0.0,0.0
2023-09-25 09:30:00-04:00,14.029999732971191,14.289999961853027,14.029999732971191,14.274999618530273,134633,0.0,0.0
2023-09-25 10:30:00-04:00,14.270000457763672,14.329999923706055,14.210000038146973,14.295000076293945,170962,0.0,0.0
2023-09-25 11:30:00-04:00,14.289999961853027,14.319999694824219,14.274999618530273,14.3149995803833,65188,0.0,0.0
2023-09-25 12:30:00-04:00,14.3149995803833,14.3149995803833,14.279999732971191,14.279999732971191,44697,0.0,0.0
2023-09-25 13:30:00-04:00,14.28499984741211,14.300000190734863,14.260000228881836,14.274999618530273,28885,0.0,0.0
2023-09-25 14:30:00-04:00,14.270700454711914,14.279999732971191,14.244999885559082,14.255000114440918,144352,0.0,0.0
2023-09-25 15:30:00-04:00,14.255000114440918,14.279999732971191,14.239999771118164,14.25,457614,0.0,0.0
2023-09-26 09:30:00-04:00,14.149999618530273,14.25,13.975000381469727,14.0,118309,0.0,0.0
2023-09-26 10:30:00-04:00,14.0,14.0,13.8100004196167,13.8149995803833,80459,0.0,0.0
2023-09-26 11:30:00-04:00,13.8149995803833,14.010000228881836,13.8100004196167,14.005000114440918,102951,0.0,0.0
2023-09-26 12:30:00-04:00,14.0,14.039999961853027,13.989999771118164,14.005000114440918,58002,0.0,0.0
2023-09-26 13:30:00-04:00,14.005000114440918,14.039999961853027,13.979999542236328,14.029999732971191,114240,0.0,0.0
2023-09-26 14:30:00-04:00,14.020000457763672,14.09000015258789,13.979999542236328,13.991000175476074,161538,0.0,0.0
2023-09-26 15:30:00-04:00,13.989999771118164,14.020000457763672,13.984999656677246,13.994999885559082,301006,0.0,0.0
2023-09-27 09:30:00-04:00,13.989999771118164,14.100000381469727,13.970000267028809,14.005000114440918,162090,0.0,0.0
2023-09-27 10:30:00-04:00,14.0,14.0,13.859999656677246,13.914999961853027,106140,0.0,0.0
2023-09-27 11:30:00-04:00,13.914999961853027,13.920000076293945,13.84000015258789,13.885000228881836,108788,0.0,0.0
2023-09-27 12:30:00-04:00,13.890000343322754,13.960000038146973,13.869999885559082,13.875,112913,0.0,0.0
2023-09-27 13:30:00-04:00,13.869999885559082,14.029999732971191,13.869999885559082,14.024999618530273,469810,0.0,0.0
2023-09-27 14:30:00-04:00,14.029999732971191,14.050000190734863,13.899999618530273,13.930000305175781,185065,0.0,0.0
2023-09-27 15:30:00-04:00,13.920000076293945,13.954999923706055,13.864999771118164,13.90999984741211,272484,0.0,0.0
2023-09-28 09:30:00-04:00,14.010000228881836,14.010000228881836,13.8149995803833,13.829999923706055,48821,0.0,0.0
2023-09-28 10:30:00-04:00,13.8149995803833,13.904999732971191,13.789999961853027,13.904999732971191,58501,0.0,0.0
2023-09-28 11:30:00-04:00,13.904999732971191,13.949999809265137,13.899999618530273,13.930000305175781,55427,0.0,0.0
2023-09-28 12:30:00-04:00,13.930000305175781,13.93690013885498,13.880000114440918,13.880000114440918,49924,0.0,0.0
2023-09-28 13:30:00-04:00,13.890000343322754,13.930000305175781,13.880000114440918,13.90999984741211,59062,0.0,0.0
2023-09-28 14:30:00-04:00,13.90999984741211,13.949999809265137,13.890000343322754,13.9350004196167,105433,0.0,0.0
2023-09-28 15:30:00-04:00,13.9350004196167,13.954999923706055,13.859999656677246,13.869999885559082,211228,0.0,0.0
2023-09-29 09:30:00-04:00,13.930000305175781,14.0600004196167,13.930000305175781,13.96500015258789,81211,0.0,0.0
2023-09-29 10:30:00-04:00,13.96500015258789,14.09000015258789,13.960000038146973,14.050000190734863,120933,0.0,0.0
2023-09-29 11:30:00-04:00,14.039999961853027,14.039999961853027,13.954999923706055,13.970000267028809,60528,0.0,0.0
2023-09-29 12:30:00-04:00,13.975000381469727,13.984999656677246,13.859999656677246,13.880000114440918,68287,0.0,0.0
2023-09-29 13:30:00-04:00,13.869999885559082,13.890000343322754,13.829999923706055,13.850000381469727,75260,0.0,0.0
2023-09-29 14:30:00-04:00,13.854999542236328,13.885000228881836,13.8100004196167,13.875,185323,0.0,0.0
2023-09-29 15:30:00-04:00,13.880000114440918,13.895000457763672,13.789999961853027,13.8100004196167,564374,0.0,0.0
2023-10-02 09:30:00-04:00,13.75,13.760000228881836,13.475000381469727,13.520000457763672,89730,0.0,0.0
2023-10-02 10:30:00-04:00,13.520000457763672,13.550000190734863,13.454999923706055,13.510000228881836,71471,0.0,0.0
2023-10-02 11:30:00-04:00,13.510000228881836,13.520000457763672,13.40999984741211,13.420000076293945,45096,0.0,0.0
2023-10-02 12:30:00-04:00,13.425000190734863,13.454999923706055,13.390000343322754,13.449999809265137,54835,0.0,0.0
2023-10-02 13:30:00-04:00,13.449999809265137,13.460000038146973,13.359999656677246,13.367500305175781,74727,0.0,0.0
2023-10-02 14:30:00-04:00,13.359999656677246,13.385000228881836,13.329999923706055,13.354999542236328,95127,0.0,0.0
2023-10-02 15:30:00-04:00,13.354999542236328,13.407500267028809,13.345000267028809,13.390000343322754,235044,0.0,0.0
2023-10-03 09:30:00-04:00,13.359999656677246,13.425000190734863,13.270000457763672,13.289999961853027,55835,0.0,0.0
2023-10-03 10:30:00-04:00,13.279999732971191,13.3149995803833,13.204999923706055,13.260000228881836,62414,0.0,0.0
2023-10-03 11:30:00-04:00,13.265000343322754,13.289999961853027,13.199999809265137,13.289999961853027,79939,0.0,0.0
2023-10-03 12:30:00-04:00,13.300000190734863,13.390000343322754,13.300000190734863,13.350000381469727,105740,0.0,0.0
2023-10-03 13:30:00-04:00,13.354999542236328,13.380000114440918,13.345000267028809,13.354999542236328,70729,0.0,0.0
2023-10-03 14:30:00-04:00,13.359999656677246,13.390000343322754,13.335000038146973,13.369999885559082,91608,0.0,0.0
2023-10-03 15:30:00-04:00,13.369999885559082,13.414999961853027,13.348999977111816,13.40999984741211,148553,0.0,0.0
2023-10-04 09:30:00-04:00,13.420000076293945,13.470000267028809,13.380000114440918,13.395000457763672,51152,0.0,0.0
2023-10-04 10:30:00-04:00,13.399999618530273,13.609999656677246,13.364999771118164,13.595000267028809,154968,0.0,0.0
2023-10-04 11:30:00-04:00,13.595000267028809,13.704999923706055,13.5649995803833,13.699999809265137,72766,0.0,0.0
2023-10-04 12:30:00-04:00,13.694999694824219,13.710000038146973,13.625,13.635000228881836,56426,0.0,0.0
2023-10-04 13:30:00-04:00,13.640000343322754,13.739999771118164,13.625,13.734999656677246,107324,0.0,0.0
2023-10-04 14:30:00-04:00,13.739999771118164,13.84000015258789,13.725000381469727,13.800000190734863,352128,0.0,0.0
2023-10-04 15:30:00-04:00,13.8100004196167,13.960000038146973,13.8100004196167,13.869999885559082,865750,0.0,0.0
2023-10-05 09:30:00-04:00,13.800000190734863,13.850000381469727,13.595000267028809,13.6899995803833,76803,0.0,0.0
2023-10-05 10:30:00-04:00,13.680000305175781,13.729999542236328,13.600000381469727,13.699999809265137,134352,0.0,0.0
2023-10-05 11:30:00-04:00,13.710000038146973,13.729999542236328,13.609999656677246,13.625,45926,0.0,0.0
2023-10-05 12:30:00-04:00,13.630000114440918,13.635000228881836,13.5,13.550000190734863,83114,0.0,0.0
2023-10-05 13:30:00-04:00,13.550000190734863,13.625,13.529999732971191,13.574999809265137,103836,0.0,0.0
2023-10-05 14:30:00-04:00,13.579999923706055,13.604999542236328,13.53499984741211,13.53499984741211,131823,0.0,0.0
2023-10-05 15:30:00-04:00,13.53499984741211,13.569999694824219,13.5,13.5600004196167,226476,0.0,0.0
2023-10-06 09:30:00-04:00,13.510000228881836,13.5600004196167,13.3149995803833,13.369999885559082,54237,0.0,0.0
2023-10-06 10:30:00-04:00,13.380000114440918,13.489999771118164,13.375,13.484999656677246,55583,0.0,0.0
2023-10-06 11:30:00-04:00,13.484999656677246,13.649999618530273,13.484999656677246,13.524999618530273,95779,0.0,0.0
2023-10-06 12:30:00-04:00,13.524999618530273,13.609999656677246,13.5,13.585000038146973,82525,0.0,0.0
2023-10-06 13:30:00-04:00,13.595000267028809,13.600000381469727,13.529999732971191,13.574999809265137,96183,0.0,0.0
2023-10-06 14:30:00-04:00,13.574999809265137,13.625,13.5600004196167,13.5649995803833,62280,0.0,0.0
2023-10-06 15:30:00-04:00,13.5649995803833,13.619999885559082,13.5649995803833,13.579999923706055,151974,0.0,0.0
2023-10-09 09:30:00-04:00,13.539999961853027,13.579999923706055,13.40999984741211,13.460000038146973,42029,0.0,0.0
2023-10-09 10:30:00-04:00,13.46500015258789,13.479999542236328,13.414999961853027,13.46500015258789,63533,0.0,0.0
2023-10-09 11:30:00-04:00,13.46500015258789,13.489999771118164,13.444999694824219,13.444999694824219,44134,0.0,0.0
2023-10-09 12:30:00-04:00,13.444999694824219,13.479999542236328,13.425000190734863,13.4399995803833,37223,0.0,0.0
2023-10-09 13:30:00-04:00,13.449999809265137,13.539999961853027,13.449999809265137,13.524999618530273,44353,0.0,0.0
2023-10-09 14:30:00-04:00,13.524999618530273,13.524999618530273,13.475000381469727,13.489999771118164,62395,0.0,0.0
2023-10-09 15:30:00-04:00,13.489999771118164,13.494999885559082,13.420000076293945,13.420000076293945,149657,0.0,0.0
2023-10-10 09:30:00-04:00,13.529999732971191,13.550000190734863,13.4399995803833,13.520000457763672,55370,0.0,0.0
2023-10-10 10:30:00-04:00,13.520000457763672,13.569999694824219,13.470000267028809,13.494999885559082,124100,0.0,0.0
2023-10-10 11:30:00-04:00,13.494999885559082,13.520000457763672,13.470000267028809,13.470000267028809,57942,0.0,0.0
2023-10-10 12:30:00-04:00,13.470000267028809,13.479999542236328,13.425000190734863,13.444999694824219,85902,0.0,0.0
2023-10-10 13:30:00-04:00,13.449999809265137,13.460000038146973,13.420000076293945,13.460000038146973,69837,0.0,0.0
2023-10-10 14:30:00-04:00,13.454999923706055,13.489999771118164,13.4399995803833,13.4399995803833,127460,0.0,0.0
2023-10-10 15:30:00-04:00,13.4399995803833,13.479999542236328,13.430000305175781,13.460000038146973,326239,0.0,0.0
2023-10-11 09:30:00-04:00,13.5,13.550000190734863,13.380000114440918,13.4399995803833,103079,0.0,0.0
2023-10-11 10:30:00-04:00,13.449999809265137,13.460000038146973,13.345000267028809,13.380000114440918,60205,0.0,0.0
2023-10-11 11:30:00-04:00,13.380000114440918,13.404999732971191,13.345000267028809,13.369999885559082,77583,0.0,0.0
2023-10-11 12:30:00-04:00,13.369999885559082,13.399999618530273,13.369999885559082,13.395000457763672,33104,0.0,0.0
2023-10-11 13:30:00-04:00,13.395000457763672,13.399999618530273,13.329999923706055,13.390000343322754,139375,0.0,0.0
2023-10-11 14:30:00-04:00,13.395000457763672,13.454999923706055,13.380000114440918,13.449999809265137,117424,0.0,0.0
2023-10-11 15:30:00-04:00,13.449999809265137,13.475000381469727,13.40999984741211,13.470000267028809,283208,0.0,0.0
2023-10-12 09:30:00-04:00,13.460000038146973,13.460000038146973,13.180000305175781,13.239999771118164,80207,0.0,0.0
2023-10-12 10:30:00-04:00,13.234999656677246,13.279999732971191,13.180000305175781,13.255000114440918,112954,0.0,0.0
2023-10-12 11:30:00-04:00,13.25,13.375,13.244999885559082,13.335000038146973,98524,0.0,0.0
2023-10-12 12:30:00-04:00,13.335000038146973,13.350000381469727,13.255000114440918,13.255000114440918,162174,0.0,0.0
2023-10-12 13:30:00-04:00,13.25,13.279999732971191,13.24209976196289,13.270000457763672,113872,0.0,0.0
2023-10-12 14:30:00-04:00,13.270000457763672,13.3149995803833,13.260000228881836,13.289999961853027,163293,0.0,0.0
2023-10-12 15:30:00-04:00,13.289999961853027,13.324999809265137,13.289999961853027,13.289999961853027,187110,0.0,0.0
2023-10-13 09:30:00-04:00,13.300000190734863,13.329999923706055,13.239999771118164,13.300100326538086,194308,0.0,0.0
2023-10-13 10:30:00-04:00,13.3100004196167,13.390000343322754,13.3100004196167,13.380000114440918,123661,0.0,0.0
2023-10-13 11:30:00-04:00,13.385000228881836,13.399999618530273,13.34000015258789,13.354999542236328,144383,0.0,0.0
2023-10-13 12:30:00-04:00,13.350000381469727,13.380000114440918,13.3149995803833,13.3149995803833,81728,0.0,0.0
2023-10-13 13:30:00-04:00,13.319999694824219,13.324999809265137,13.265000343322754,13.300000190734863,85284,0.0,0.0
2023-10-13 14:30:00-04:00,13.300000190734863,13.350000381469727,13.28499984741211,13.3100004196167,149971,0.0,0.0
2023-10-13 15:30:00-04:00,13.3100004196167,13.359999656677246,13.281200408935547,13.350000381469727,241686,0.0,0.0
2023-10-16 09:30:00-04:00,13.420000076293945,13.479999542236328,13.329999923706055,13.430000305175781,250875,0.0,0.0
2023-10-16 10:30:00-04:00,13.430000305175781,13.460000038146973,13.329999923706055,13.329999923706055,100983,0.0,0.0
2023-10-16 11:30:00-04:00,13.319999694824219,13.319999694824219,13.229999542236328,13.25,69939,0.0,0.0
2023-10-16 12:30:00-04:00,13.25,13.255000114440918,13.170000076293945,13.234999656677246,160640,0.0,0.0
2023-10-16 13:30:00-04:00,13.260000228881836,13.319999694824219,13.210000038146973,13.279999732971191,181797,0.0,0.0
2023-10-16 14:30:00-04:00,13.279999732971191,13.335000038146973,13.274999618530273,13.28499984741211,231404,0.0,0.0
2023-10-16 15:30:00-04:00,13.28499984741211,13.300000190734863,13.25,13.300000190734863,240381,0.0,0.0
2023-10-17 09:30:00-04:00,13.239999771118164,13.664999961853027,13.130000114440918,13.59000015258789,70953,0.0,0.0
2023-10-17 10:30:00-04:00,13.59000015258789,13.765000343322754,13.579999923706055,13.75,229917,0.0,0.0
2023-10-17 11:30:00-04:00,13.75,13.819999694824219,13.729999542236328,13.8149995803833,95166,0.0,0.0
2023-10-17 12:30:00-04:00,13.8149995803833,13.8149995803833,13.734999656677246,13.789999961853027,162210,0.0,0.0
2023-10-17 13:30:00-04:00,13.795000076293945,13.795000076293945,13.720000267028809,13.774999618530273,90072,0.0,0.0
2023-10-17 14:30:00-04:00,13.770000457763672,13.805000305175781,13.725000381469727,13.795000076293945,125847,0.0,0.0
2023-10-17 15:30:00-04:00,13.800000190734863,13.800000190734863,13.75,13.774999618530273,171700,0.0,0.0
2023-10-18 09:30:00-04:00,13.649999618530273,13.6899995803833,13.550000190734863,13.675000190734863,94604,0.0,0.0
2023-10-18 10:30:00-04:00,13.670000076293945,13.675000190734863,13.479999542236328,13.50510025024414,74902,0.0,0.0
2023-10-18 11:30:00-04:00,13.5,13.550000190734863,13.470000267028809,13.470000267028809,99794,0.0,0.0
2023-10-18 12:30:00-04:00,13.479900360107422,13.569999694824219,13.475000381469727,13.545000076293945,81465,0.0,0.0
2023-10-18 13:30:00-04:00,13.550000190734863,13.59000015258789,13.520000457763672,13.574999809265137,74066,0.0,0.0
2023-10-18 14:30:00-04:00,13.574999809265137,13.59000015258789,13.529999732971191,13.539999961853027,86344,0.0,0.0
2023-10-18 15:30:00-04:00,13.529999732971191,13.5600004196167,13.5,13.5,131667,0.0,0.0
2023-10-19 09:30:00-04:00,13.489999771118164,13.515000343322754,13.420000076293945,13.5,33609,0.0,0.0
2023-10-19 10:30:00-04:00,13.489999771118164,13.515000343322754,13.470000267028809,13.505000114440918,48251,0.0,0.0
2023-10-19 11:30:00-04:00,13.5,13.640000343322754,13.489999771118164,13.539999961853027,72658,0.0,0.0
2023-10-19 12:30:00-04:00,13.539999961853027,13.619999885559082,13.510000228881836,13.595000267028809,45644,0.0,0.0
2023-10-19 13:30:00-04:00,13.619999885559082,13.619999885559082,13.5,13.5,61175,0.0,0.0
2023-10-19 14:30:00-04:00,13.5,13.5,13.40999984741211,13.414999961853027,88100,0.0,0.0
2023-10-19 15:30:00-04:00,13.414999961853027,13.4350004196167,13.362500190734863,13.414999961853027,107601,0.0,0.0
2023-10-20 09:30:00-04:00,13.430000305175781,13.460000038146973,13.3149995803833,13.3149995803833,112685,0.0,0.0
2023-10-20 10:30:00-04:00,13.319999694824219,13.470000267028809,13.319999694824219,13.40999984741211,70830,0.0,0.0
2023-10-20 11:30:00-04:00,13.399999618530273,13.420000076293945,13.354999542236328,13.399999618530273,68920,0.0,0.0
2023-10-20 12:30:00-04:00,13.40999984741211,13.449999809265137,13.354999542236328,13.380000114440918,84987,0.0,0.0
2023-10-20 13:30:00-04:00,13.364999771118164,13.390000343322754,13.3100004196167,13.319999694824219,52590,0.0,0.0
2023-10-20 14:30:00-04:00,13.319999694824219,13.369999885559082,13.289999961853027,13.3100004196167,75872,0.0,0.0
2023-10-20 15:30:00-04:00,13.3100004196167,13.3149995803833,13.239999771118164,13.270000457763672,105382,0.0,0.0
2023-10-23 09:30:00-04:00,13.180000305175781,13.34000015258789,13.114999771118164,13.279999732971191,115649,0.0,0.0
2023-10-23 10:30:00-04:00,13.279999732971191,13.354999542236328,13.279999732971191,13.329999923706055,58013,0.0,0.0
2023-10-23 11:30:00-04:00,13.324999809265137,13.430000305175781,13.324999809265137,13.385000228881836,115572,0.0,0.0
2023-10-23 12:30:00-04:00,13.395000457763672,13.4399995803833,13.369999885559082,13.385000228881836,59728,0.0,0.0
2023-10-23 13:30:00-04:00,13.380000114440918,13.40999984741211,13.3149995803833,13.34939956665039,63865,0.0,0.0
2023-10-23 14:30:00-04:00,13.345000267028809,13.359999656677246,13.279999732971191,13.28499984741211,112687,0.0,0.0
2023-10-23 15:30:00-04:00,13.279999732971191,13.295000076293945,13.229999542236328,13.260000228881836,176725,0.0,0.0
2023-10-24 09:30:00-04:00,13.289999961853027,13.40999984741211,13.260000228881836,13.375,44452,0.0,0.0
2023-10-24 10:30:00-04:00,13.369999885559082,13.40999984741211,13.359999656677246,13.364999771118164,36318,0.0,0.0
2023-10-24 11:30:00-04:00,13.369999885559082,13.375,13.279999732971191,13.289999961853027,67986,0.0,0.0
2023-10-24 12:30:00-04:00,13.295000076293945,13.300000190734863,13.260000228881836,13.28499984741211,26250,0.0,0.0
2023-10-24 13:30:00-04:00,13.289999961853027,13.300000190734863,13.270000457763672,13.295000076293945,38215,0.0,0.0
2023-10-24 14:30:00-04:00,13.295000076293945,13.335000038146973,13.295000076293945,13.324999809265137,91691,0.0,0.0
2023-10-24 15:30:00-04:00,13.329999923706055,13.390000343322754,13.319999694824219,13.380000114440918,130834,0.0,0.0
2023-10-25 09:30:00-04:00,13.300000190734863,13.335000038146973,13.239999771118164,13.324999809265137,42273,0.0,0.0
2023-10-25 10:30:00-04:00,13.319999694824219,13.40999984741211,13.319999694824219,13.395000457763672,55457,0.0,0.0
2023-10-25 11:30:00-04:00,13.395000457763672,13.399999618530273,13.364999771118164,13.380000114440918,37960,0.0,0.0
2023-10-25 12:30:00-04:00,13.375,13.404999732971191,13.34000015258789,13.345000267028809,33299,0.0,0.0
2023-10-25 13:30:00-04:00,13.34000015258789,13.369999885559082,13.329999923706055,13.329999923706055,27709,0.0,0.0
2023-10-25 14:30:00-04:00,13.329999923706055,13.329999923706055,13.274999618530273,13.28499984741211,50626,0.0,0.0
2023-10-25 15:30:00-04:00,13.28499984741211,13.300000190734863,13.25,13.279999732971191,84961,0.0,0.0
2023-10-26 09:30:00-04:00,13.279999732971191,13.350000381469727,13.25,13.335000038146973,59578,0.0,0.0
2023-10-26 10:30:00-04:00,13.335000038146973,13.40999984741211,13.295000076293945,13.390000343322754,60820,0.0,0.0
2023-10-26 11:30:00-04:00,13.395000457763672,13.40999984741211,13.335000038146973,13.345000267028809,52601,0.0,0.0
2023-10-26 12:30:00-04:00,13.354999542236328,13.385000228881836,13.234999656677246,13.234999656677246,39335,0.0,0.0
2023-10-26 13:30:00-04:00,13.229999542236328,13.26200008392334,13.210000038146973,13.229999542236328,54441,0.0,0.0
2023-10-26 14:30:00-04:00,13.234999656677246,13.279999732971191,13.1899995803833,13.1899995803833,43131,0.0,0.0
2023-10-26 15:30:00-04:00,13.1899995803833,13.210000038146973,13.149999618530273,13.15999984741211,123133,0.0,0.0
2023-10-27 09:30:00-04:00,13.0600004196167,13.15999984741211,13.050000190734863,13.081000328063965,44097,0.0,0.0
2023-10-27 10:30:00-04:00,13.095000267028809,13.154999732971191,13.079999923706055,13.09000015258789,46697,0.0,0.0
2023-10-27 11:30:00-04:00,13.09000015258789,13.09000015258789,13.010000228881836,13.010000228881836,33004,0.0,0.0
2023-10-27 12:30:00-04:00,13.010000228881836,13.039999961853027,12.9350004196167,12.9399995803833,63089,0.0,0.0
2023-10-27 13:30:00-04:00,12.944999694824219,12.989999771118164,12.925000190734863,12.975000381469727,60037,0.0,0.0
2023-10-27 14:30:00-04:00,12.975000381469727,13.020000457763672,12.920000076293945,12.96500015258789,129974,0.0,0.0
2023-10-27 15:30:00-04:00,12.96500015258789,12.989999771118164,12.9399995803833,12.979999542236328,138476,0.0,0.0
2023-10-30 09:30:00-04:00,13.109999656677246,13.199999809265137,13.020000457763672,13.125,70597,0.0,0.0
2023-10-30 10:30:00-04:00,13.119999885559082,13.130000114440918,13.069999694824219,13.125,45662,0.0,0.0
2023-10-30 11:30:00-04:00,13.125,13.170000076293945,13.09000015258789,13.104999542236328,56197,0.0,0.0
2023-10-30 12:30:00-04:00,13.100000381469727,13.104999542236328,13.050000190734863,13.069999694824219,87761,0.0,0.0
2023-10-30 13:30:00-04:00,13.0649995803833,13.130000114440918,13.050000190734863,13.104999542236328,107404,0.0,0.0
2023-10-30 14:30:00-04:00,13.104999542236328,13.149999618530273,13.100000381469727,13.135000228881836,96301,0.0,0.0
2023-10-30 15:30:00-04:00,13.135000228881836,13.135000228881836,13.069999694824219,13.104999542236328,157540,0.0,0.0
2023-10-31 09:30:00-04:00,13.0600004196167,13.140000343322754,13.010000228881836,13.048999786376953,63741,0.0,0.0
2023-10-31 10:30:00-04:00,13.055000305175781,13.199999809265137,13.029000282287598,13.18910026550293,56657,0.0,0.0
2023-10-31 11:30:00-04:00,13.1899995803833,13.1899995803833,13.149999618530273,13.160099983215332,52410,0.0,0.0
2023-10-31 12:30:00-04:00,13.16349983215332,13.1850004196167,13.050000190734863,13.050000190734863,86737,0.0,0.0
2023-10-31 13:30:00-04:00,13.050000190734863,13.135000228881836,13.050000190734863,13.055000305175781,134065,0.0,0.0
2023-10-31 14:30:00-04:00,13.0600004196167,13.095000267028809,13.029999732971191,13.039999961853027,138374,0.0,0.0
2023-10-31 15:30:00-04:00,13.050000190734863,13.0600004196167,13.0,13.0600004196167,221898,0.0,0.0
2023-11-01 09:30:00-04:00,13.029999732971191,13.140000343322754,12.970000267028809,13.125,69322,0.0,0.0
2023-11-01 10:30:00-04:00,13.130000114440918,13.149999618530273,13.102499961853027,13.114999771118164,68415,0.0,0.0
2023-11-01 11:30:00-04:00,13.114999771118164,13.130000114440918,13.079999923706055,13.095000267028809,74241,0.0,0.0
2023-11-01 12:30:00-04:00,13.09000015258789,13.170000076293945,13.09000015258789,13.135000228881836,113220,0.0,0.0
2023-11-01 13:30:00-04:00,13.135000228881836,13.140000343322754,13.069999694824219,13.095000267028809,185647,0.0,0.0
2023-11-01 14:30:00-04:00,13.095000267028809,13.1899995803833,13.020000457763672,13.1850004196167,451764,0.0,0.0
2023-11-01 15:30:00-04:00,13.1850004196167,13.229999542236328,13.170000076293945,13.170000076293945,288115,0.0,0.0
2023-11-02 09:30:00-04:00,13.8100004196167,14.625,13.569999694824219,14.625,578388,0.0,0.0
2023-11-02 10:30:00-04:00,14.630000114440918,14.654999732971191,14.470000267028809,14.53499984741211,349216,0.0,0.0
2023-11-02 11:30:00-04:00,14.529999732971191,14.619999885559082,14.470000267028809,14.585000038146973,535797,0.0,0.0
2023-11-02 12:30:00-04:00,14.585000038146973,14.59000015258789,14.404999732971191,14.430000305175781,239448,0.0,0.0
2023-11-02 13:30:00-04:00,14.4399995803833,14.649999618530273,14.4350004196167,14.595000267028809,434164,0.0,0.0
2023-11-02 14:30:00-04:00,14.595000267028809,14.614999771118164,14.510000228881836,14.520000457763672,209925,0.0,0.0
2023-11-02 15:30:00-04:00,14.515000343322754,14.619999885559082,14.4399995803833,14.5,1104476,0.0,0.0
2023-11-03 09:30:00-04:00,14.710000038146973,14.949999809265137,14.399999618530273,14.895000457763672,419486,0.0,0.0
2023-11-03 10:30:00-04:00,14.895000457763672,14.944999694824219,14.789999961853027,14.914999961853027,228287,0.0,0.0
2023-11-03 11:30:00-04:00,14.914999961853027,14.970000267028809,14.84000015258789,14.859999656677246,131553,0.0,0.0
2023-11-03 12:30:00-04:00,14.854999542236328,14.899999618530273,14.829999923706055,14.864999771118164,232278,0.0,0.0
2023-11-03 13:30:00-04:00,14.869999885559082,15.0,14.869999885559082,14.96500015258789,114304,0.0,0.0
2023-11-03 14:30:00-04:00,14.970000267028809,15.069999694824219,14.930000305175781,14.930000305175781,329697,0.0,0.0
2023-11-03 15:30:00-04:00,14.9350004196167,14.9399995803833,14.75,14.75,675744,0.0,0.0
2023-11-06 09:30:00-05:00,14.75,14.920000076293945,14.710000038146973,14.850000381469727,243694,0.0,0.0
2023-11-06 10:30:00-05:00,14.850000381469727,14.920000076293945,14.84000015258789,14.904999732971191,68768,0.0,0.0
2023-11-06 11:30:00-05:00,14.899999618530273,14.920000076293945,14.864999771118164,14.875,69425,0.0,0.0
2023-11-06 12:30:00-05:00,14.880000114440918,14.890000343322754,14.8100004196167,14.845000267028809,78073,0.0,0.0
2023-11-06 13:30:00-05:00,14.845000267028809,14.849900245666504,14.729999542236328,14.75,72190,0.0,0.0
2023-11-06 14:30:00-05:00,14.752300262451172,14.78499984741211,14.739999771118164,14.774999618530273,134664,0.0,0.0
2023-11-06 15:30:00-05:00,14.770000457763672,14.789999961853027,14.720000267028809,14.760000228881836,439136,0.0,0.0
2023-11-07 09:30:00-05:00,14.739999771118164,14.914999961853027,14.6899995803833,14.899999618530273,74985,0.0,0.0
2023-11-07 10:30:00-05:00,14.890000343322754,14.960000038146973,14.869000434875488,14.880000114440918,71861,0.0,0.0
2023-11-07 11:30:00-05:00,14.880000114440918,14.904999732971191,14.84000015258789,14.864999771118164,95153,0.0,0.0
2023-11-07 12:30:00-05:00,14.859999656677246,14.875,14.835000038146973,14.845199584960938,48584,0.0,0.0
2023-11-07 13:30:00-05:00,14.845000267028809,14.869999885559082,14.829999923706055,14.835000038146973,44997,0.0,0.0
2023-11-07 14:30:00-05:00,14.835000038146973,14.869999885559082,14.8100004196167,14.864999771118164,97459,0.0,0.0
2023-11-07 15:30:00-05:00,14.859999656677246,14.890000343322754,14.829999923706055,14.890000343322754,245834,0.0,0.0
2023-11-08 09:30:00-05:00,14.84000015258789,14.859999656677246,14.760000228881836,14.78499984741211,67970,0.0,0.0
2023-11-08 10:30:00-05:00,14.779999732971191,14.779999732971191,14.6899995803833,14.720000267028809,69251,0.0,0.0
2023-11-08 11:30:00-05:00,14.720000267028809,14.75,14.699999809265137,14.71500015258789,66456,0.0,0.0
2023-11-08 12:30:00-05:00,14.71500015258789,14.789999961853027,14.710000038146973,14.755000114440918,66162,0.0,0.0
2023-11-08 13:30:00-05:00,14.755000114440918,14.819999694824219,14.739999771118164,14.800000190734863,106729,0.0,0.0
2023-11-08 14:30:00-05:00,14.805000305175781,14.869999885559082,14.770000457763672,14.859999656677246,348095,0.0,0.0
2023-11-08 15:30:00-05:00,14.859999656677246,14.880000114440918,14.789999961853027,14.789999961853027,329125,0.0,0.0
2023-11-09 09:30:00-05:00,14.90999984741211,15.050000190734863,14.819999694824219,15.020000457763672,102935,0.0,0.0
2023-11-09 10:30:00-05:00,15.010000228881836,15.100000381469727,14.989999771118164,15.0649995803833,141845,0.0,0.0
2023-11-09 11:30:00-05:00,15.0649995803833,15.0649995803833,14.970000267028809,15.024999618530273,90848,0.0,0.0
2023-11-09 12:30:00-05:00,15.024999618530273,15.03499984741211,14.914999961853027,15.005000114440918,113137,0.0,0.0
2023-11-09 13:30:00-05:00,15.0,15.007499694824219,14.930000305175781,14.960000038146973,72295,0.0,0.0
2023-11-09 14:30:00-05:00,14.954999923706055,14.970000267028809,14.90999984741211,14.914999961853027,105370,0.0,0.0
2023-11-09 15:30:00-05:00,14.914999961853027,14.930000305175781,14.84000015258789,14.84000015258789,273169,0.0,0.0
2023-11-10 09:30:00-05:00,14.770000457763672,14.800000190734863,14.510000228881836,14.510000228881836,110906,0.0,0.0
2023-11-10 10:30:00-05:00,14.520000457763672,14.65999984741211,14.510000228881836,14.585000038146973,64120,0.0,0.0
2023-11-10 11:30:00-05:00,14.579999923706055,14.619999885559082,14.5600004196167,14.569999694824219,62129,0.0,0.0
2023-11-10 12:30:00-05:00,14.5600004196167,14.6899995803833,14.5600004196167,14.680000305175781,53538,0.0,0.0
2023-11-10 13:30:00-05:00,14.680000305175781,14.6899995803833,14.649999618530273,14.6899995803833,62868,0.0,0.0
2023-11-10 14:30:00-05:00,14.6899995803833,14.710000038146973,14.670000076293945,14.6850004196167,64185,0.0,0.0
2023-11-10 15:30:00-05:00,14.6899995803833,14.720000267028809,14.670000076293945,14.6899995803833,134258,0.0,0.0
2023-11-13 09:30:00-05:00,14.680000305175781,14.739999771118164,14.581999778747559,14.625,75610,0.0,0.0
2023-11-13 10:30:00-05:00,14.629899978637695,14.654999732971191,14.585000038146973,14.654999732971191,88350,0.0,0.0
2023-11-13 11:30:00-05:00,14.654999732971191,14.694999694824219,14.630000114440918,14.654999732971191,68992,0.0,0.0
2023-11-13 12:30:00-05:00,14.654999732971191,14.6850004196167,14.630000114440918,14.649999618530273,59121,0.0,0.0
2023-11-13 13:30:00-05:00,14.640000343322754,14.710000038146973,14.635000228881836,14.704999923706055,73952,0.0,0.0
2023-11-13 14:30:00-05:00,14.704999923706055,14.739999771118164,14.65999984741211,14.675000190734863,71557,0.0,0.0
2023-11-13 15:30:00-05:00,14.675000190734863,14.6899995803833,14.619999885559082,14.649999618530273,166767,0.0,0.0
2023-11-14 09:30:00-05:00,14.890000343322754,14.949999809265137,14.675000190734863,14.720000267028809,145817,0.0,0.0
2023-11-14 10:30:00-05:00,14.720000267028809,14.805000305175781,14.720000267028809,14.78499984741211,111473,0.0,0.0
2023-11-14 11:30:00-05:00,14.789999961853027,14.789999961853027,14.739999771118164,14.739999771118164,57687,0.0,0.0
2023-11-14 12:30:00-05:00,14.739999771118164,14.805000305175781,14.720000267028809,14.779999732971191,106093,0.0,0.0
2023-11-14 13:30:00-05:00,14.779999732971191,14.800000190734863,14.765000343322754,14.78499984741211,72474,0.0,0.0
2023-11-14 14:30:00-05:00,14.78499984741211,14.854999542236328,14.779999732971191,14.850000381469727,185146,0.0,0.0
2023-11-14 15:30:00-05:00,14.854999542236328,14.859999656677246,14.800000190734863,14.84000015258789,307736,0.0,0.0
2023-11-15 09:30:00-05:00,14.850000381469727,14.949999809265137,14.779999732971191,14.869999885559082,54972,0.0,0.0
2023-11-15 10:30:00-05:00,14.875,14.880000114440918,14.835000038146973,14.859999656677246,138816,0.0,0.0
2023-11-15 11:30:00-05:00,14.859999656677246,14.895000457763672,14.835000038146973,14.875,74524,0.0,0.0
2023-11-15 12:30:00-05:00,14.880000114440918,14.895000457763672,14.829999923706055,14.854000091552734,50567,0.0,0.0
2023-11-15 13:30:00-05:00,14.859999656677246,14.875,14.8149995803833,14.854999542236328,53264,0.0,0.0
2023-11-15 14:30:00-05:00,14.859999656677246,14.869999885559082,14.795000076293945,14.805000305175781,54345,0.0,0.0
2023-11-15 15:30:00-05:00,14.805000305175781,14.805000305175781,14.670000076293945,14.670000076293945,379622,0.0,0.0
2023-11-16 09:30:00-05:00,14.59000015258789,14.789999961853027,14.34000015258789,14.34000015258789,157738,0.0,0.0
2023-11-16 10:30:00-05:00,14.34000015258789,14.369999885559082,14.170000076293945,14.170000076293945,129000,0.0,0.0
2023-11-16 11:30:00-05:00,14.175000190734863,14.204999923706055,14.125,14.145000457763672,73601,0.0,0.0
2023-11-16 12:30:00-05:00,14.149999618530273,14.210000038146973,14.149999618530273,14.1850004196167,173942,0.0,0.0
2023-11-16 13:30:00-05:00,14.180000305175781,14.270000457763672,14.180000305175781,14.255000114440918,165409,0.0,0.0
2023-11-16 14:30:00-05:00,14.255000114440918,14.3100004196167,14.225000381469727,14.255000114440918,163692,0.0,0.0
2023-11-16 15:30:00-05:00,14.255000114440918,14.260000228881836,14.15999984741211,14.170000076293945,237146,0.0,0.0
2023-11-17 09:30:00-05:00,14.229999542236328,14.359999656677246,14.229999542236328,14.300000190734863,157718,0.0,0.0
2023-11-17 10:30:00-05:00,14.295000076293945,14.295000076293945,14.180000305175781,14.199999809265137,44076,0.0,0.0
2023-11-17 11:30:00-05:00,14.199999809265137,14.234999656677246,14.1899995803833,14.229999542236328,40989,0.0,0.0
2023-11-17 12:30:00-05:00,14.229999542236328,14.270000457763672,14.221500396728516,14.270000457763672,39580,0.0,0.0
2023-11-17 13:30:00-05:00,14.270000457763672,14.289999961853027,14.25,14.28499984741211,49501,0.0,0.0
2023-11-17 14:30:00-05:00,14.279999732971191,14.300000190734863,14.270000457763672,14.279999732971191,55716,0.0,0.0
2023-11-17 15:30:00-05:00,14.274999618530273,14.289999961853027,14.25,14.270000457763672,125637,0.0,0.0
2023-11-20 09:30:00-05:00,14.260000228881836,14.40999984741211,14.1899995803833,14.404999732971191,55484,0.0,0.0
2023-11-20 10:30:00-05:00,14.399999618530273,14.404999732971191,14.305000305175781,14.329999923706055,56960,0.0,0.0
2023-11-20 11:30:00-05:00,14.335000038146973,14.369999885559082,14.294500350952148,14.300000190734863,51307,0.0,0.0
2023-11-20 12:30:00-05:00,14.295000076293945,14.350000381469727,14.28499984741211,14.3149995803833,40209,0.0,0.0
2023-11-20 13:30:00-05:00,14.3100004196167,14.369999885559082,14.3100004196167,14.359999656677246,58674,0.0,0.0
2023-11-20 14:30:00-05:00,14.359999656677246,14.399999618530273,14.354999542236328,14.395000457763672,104761,0.0,0.0
2023-11-20 15:30:00-05:00,14.395000457763672,14.399999618530273,14.319999694824219,14.34000015258789,135647,0.0,0.0
2023-11-21 09:30:00-05:00,14.300000190734863,14.350000381469727,14.199999809265137,14.329999923706055,51015,0.0,0.0
2023-11-21 10:30:00-05:00,14.335000038146973,14.336000442504883,14.270999908447266,14.295000076293945,41650,0.0,0.0
2023-11-21 11:30:00-05:00,14.295000076293945,14.4399995803833,14.289999961853027,14.4350004196167,102384,0.0,0.0
2023-11-21 12:30:00-05:00,14.4399995803833,14.470000267028809,14.420000076293945,14.4399995803833,61222,0.0,0.0
2023-11-21 13:30:00-05:00,14.4399995803833,14.475000381469727,14.430000305175781,14.4399995803833,67810,0.0,0.0
2023-11-21 14:30:00-05:00,14.444999694824219,14.446000099182129,14.34000015258789,14.345000267028809,69056,0.0,0.0
2023-11-21 15:30:00-05:00,14.345000267028809,14.359999656677246,14.300000190734863,14.324999809265137,108240,0.0,0.0
2023-11-22 09:30:00-05:00,14.390000343322754,14.460000038146973,14.329999923706055,14.380000114440918,50649,0.0,0.0
2023-11-22 10:30:00-05:00,14.385000228881836,14.397500038146973,14.335000038146973,14.395000457763672,35946,0.0,0.0
2023-11-22 11:30:00-05:00,14.395000457763672,14.449999809265137,14.395000457763672,14.430000305175781,54523,0.0,0.0
2023-11-22 12:30:00-05:00,14.430000305175781,14.46500015258789,14.414999961853027,14.46500015258789,35704,0.0,0.0
2023-11-22 13:30:00-05:00,14.46500015258789,14.524999618530273,14.4399995803833,14.505000114440918,57667,0.0,0.0
2023-11-22 14:30:00-05:00,14.505000114440918,14.515000343322754,14.460000038146973,14.510000228881836,89642,0.0,0.0
2023-11-22 15:30:00-05:00,14.505000114440918,14.515000343322754,14.479999542236328,14.489999771118164,145330,0.0,0.0
2023-11-24 09:30:00-05:00,14.460000038146973,14.649999618530273,14.460000038146973,14.640000343322754,53081,0.0,0.0
2023-11-24 10:30:00-05:00,14.640000343322754,14.670000076293945,14.59000015258789,14.609999656677246,35079,0.0,0.0
2023-11-24 11:30:00-05:00,14.619999885559082,14.630000114440918,14.550000190734863,14.5600004196167,61915,0.0,0.0
2023-11-27 09:30:00-05:00,14.489999771118164,14.489999771118164,14.369999885559082,14.404999732971191,50605,0.0,0.0
2023-11-27 10:30:00-05:00,14.404999732971191,14.430000305175781,14.380000114440918,14.414999961853027,38689,0.0,0.0
2023-11-27 11:30:00-05:00,14.414999961853027,14.420000076293945,14.385000228881836,14.399999618530273,29344,0.0,0.0
2023-11-27 12:30:00-05:00,14.399999618530273,14.414999961853027,14.369999885559082,14.40999984741211,37529,0.0,0.0
2023-11-27 13:30:00-05:00,14.40999984741211,14.420000076293945,14.399999618530273,14.414999961853027,29845,0.0,0.0
2023-11-27 14:30:00-05:00,14.414999961853027,14.4399995803833,14.345000267028809,14.380000114440918,65535,0.0,0.0
2023-11-27 15:30:00-05:00,14.380000114440918,14.420000076293945,14.329999923706055,14.380000114440918,215900,0.0,0.0
2023-11-28 09:30:00-05:00,14.40999984741211,14.550000190734863,14.359999656677246,14.505000114440918,111983,0.0,0.0
2023-11-28 10:30:00-05:00,14.5,14.539999961853027,14.484999656677246,14.539999961853027,63599,0.0,0.0
2023-11-28 11:30:00-05:00,14.53499984741211,14.5600004196167,14.470000267028809,14.50790023803711,89967,0.0,0.0
2023-11-28 12:30:00-05:00,14.5,14.539999961853027,14.489999771118164,14.520000457763672,47563,0.0,0.0
2023-11-28 13:30:00-05:00,14.515000343322754,14.539999961853027,14.505000114440918,14.529999732971191,53013,0.0,0.0
2023-11-28 14:30:00-05:00,14.53499984741211,14.604999542236328,14.529999732971191,14.5649995803833,89341,0.0,0.0
2023-11-28 15:30:00-05:00,14.5649995803833,14.569999694824219,14.520000457763672,14.5600004196167,177962,0.0,0.0
2023-11-29 09:30:00-05:00,14.600000381469727,14.699999809265137,14.46500015258789,14.475000381469727,59353,0.0,0.0
2023-11-29 10:30:00-05:00,14.486000061035156,14.494999885559082,14.449999809265137,14.475000381469727,117672,0.0,0.0
2023-11-29 11:30:00-05:00,14.475000381469727,14.510000228881836,14.460000038146973,14.505000114440918,60277,0.0,0.0
2023-11-29 12:30:00-05:00,14.505000114440918,14.524999618530273,14.479999542236328,14.484999656677246,26858,0.0,0.0
2023-11-29 13:30:00-05:00,14.484999656677246,14.484999656677246,14.430000305175781,14.4350004196167,30972,0.0,0.0
2023-11-29 14:30:00-05:00,14.4350004196167,14.4350004196167,14.375,14.399999618530273,79996,0.0,0.0
2023-11-29 15:30:00-05:00,14.399999618530273,14.404999732971191,14.34000015258789,14.350000381469727,103148,0.0,0.0
2023-11-30 09:30:00-05:00,14.390000343322754,14.390000343322754,14.159299850463867,14.319999694824219,56873,0.0,0.0
2023-11-30 10:30:00-05:00,14.324999809265137,14.375,14.300000190734863,14.369999885559082,57927,0.0,0.0
2023-11-30 11:30:00-05:00,14.350000381469727,14.395000457763672,14.345000267028809,14.364999771118164,61152,0.0,0.0
2023-11-30 12:30:00-05:00,14.364999771118164,14.385000228881836,14.350000381469727,14.359999656677246,61946,0.0,0.0
2023-11-30 13:30:00-05:00,14.364999771118164,14.380000114440918,14.319999694824219,14.319999694824219,61605,0.0,0.0
2023-11-30 14:30:00-05:00,14.319999694824219,14.369999885559082,14.3100004196167,14.324999809265137,74043,0.0,0.0
2023-11-30 15:30:00-05:00,14.319999694824219,14.390000343322754,14.3100004196167,14.380000114440918,149391,0.0,0.0
2023-12-01 09:30:00-05:00,14.34000015258789,14.470000267028809,14.300000190734863,14.454999923706055,88880,0.0,0.0
2023-12-01 10:30:00-05:00,14.449999809265137,14.5,14.399999618530273,14.494999885559082,153023,0.0,0.0
2023-12-01 11:30:00-05:00,14.494999885559082,14.529999732971191,14.475000381469727,14.475000381469727,85889,0.0,0.0
2023-12-01 12:30:00-05:00,14.470000267028809,14.5600004196167,14.46500015258789,14.475000381469727,75705,0.0,0.0
2023-12-01 13:30:00-05:00,14.4798002243042,14.489999771118164,14.460000038146973,14.460000038146973,52488,0.0,0.0
2023-12-01 14:30:00-05:00,14.470000267028809,14.489999771118164,14.460000038146973,14.479999542236328,67960,0.0,0.0
2023-12-01 15:30:00-05:00,14.479999542236328,14.600000381469727,14.470000267028809,14.59000015258789,168720,0.0,0.0
2023-12-04 09:30:00-05:00,14.569999694824219,14.760000228881836,14.569999694824219,14.595000267028809,54480,0.0,0.0
2023-12-04 10:30:00-05:00,14.59000015258789,14.630000114440918,14.57800006866455,14.614999771118164,65981,0.0,0.0
2023-12-04 11:30:00-05:00,14.609999656677246,14.75,14.59000015258789,14.734999656677246,46232,0.0,0.0
2023-12-04 12:30:00-05:00,14.739999771118164,14.800000190734863,14.720000267028809,14.725000381469727,42189,0.0,0.0
2023-12-04 13:30:00-05:00,14.720000267028809,14.739999771118164,14.694999694824219,14.725000381469727,45074,0.0,0.0
2023-12-04 14:30:00-05:00,14.725000381469727,14.729999542236328,14.6850004196167,14.694999694824219,49923,0.0,0.0
2023-12-04 15:30:00-05:00,14.694999694824219,14.729999542236328,14.670000076293945,14.720000267028809,118447,0.0,0.0
2023-12-05 09:30:00-05:00,14.6899995803833,14.711999893188477,14.630000114440918,14.664999961853027,46882,0.0,0.0
2023-12-05 10:30:00-05:00,14.666799545288086,14.6899995803833,14.630000114440918,14.6850004196167,56754,0.0,0.0
2023-12-05 11:30:00-05:00,14.694999694824219,14.71500015258789,14.664999961853027,14.699999809265137,33124,0.0,0.0
2023-12-05 12:30:00-05:00,14.699999809265137,14.71500015258789,14.65999984741211,14.694999694824219,30638,0.0,0.0
2023-12-05 13:30:00-05:00,14.6899995803833,14.739999771118164,14.649999618530273,14.725000381469727,77542,0.0,0.0
2023-12-05 14:30:00-05:00,14.725000381469727,14.774999618530273,14.710000038146973,14.770000457763672,61333,0.0,0.0
2023-12-05 15:30:00-05:00,14.765000343322754,14.789999961853027,14.760000228881836,14.770000457763672,102951,0.0,0.0
2023-12-06 09:30:00-05:00,14.800000190734863,14.899999618530273,14.694999694824219,14.710000038146973,77980,0.0,0.0
2023-12-06 10:30:00-05:00,14.704999923706055,14.739999771118164,14.6899995803833,14.720000267028809,40919,0.0,0.0
2023-12-06 11:30:00-05:00,14.720000267028809,14.729999542236328,14.670000076293945,14.710000038146973,41180,0.0,0.0
2023-12-06 12:30:00-05:00,14.699999809265137,14.739999771118164,14.6899995803833,14.739999771118164,29792,0.0,0.0
2023-12-06 13:30:00-05:00,14.739999771118164,14.770000457763672,14.680000305175781,14.6899995803833,92701,0.0,0.0
2023-12-06 14:30:00-05:00,14.6899995803833,14.720000267028809,14.625,14.630000114440918,57831,0.0,0.0
2023-12-06 15:30:00-05:00,14.635000228881836,14.65999984741211,14.59000015258789,14.600000381469727,209630,0.0,0.0
2023-12-07 09:30:00-05:00,14.600000381469727,14.635000228881836,14.395000457763672,14.454999923706055,47029,0.0,0.0
2023-12-07 10:30:00-05:00,14.454999923706055,14.470000267028809,14.399999618530273,14.420000076293945,44886,0.0,0.0
2023-12-07 11:30:00-05:00,14.420000076293945,14.430000305175781,14.390000343322754,14.395000457763672,28496,0.0,0.0
2023-12-07 12:30:00-05:00,14.395000457763672,14.425000190734863,14.390000343322754,14.40999984741211,47393,0.0,0.0
2023-12-07 13:30:00-05:00,14.404999732971191,14.579999923706055,14.399999618530273,14.579999923706055,78904,0.0,0.0
2023-12-07 14:30:00-05:00,14.579999923706055,14.625,14.550000190734863,14.619999885559082,114108,0.0,0.0
2023-12-07 15:30:00-05:00,14.619999885559082,14.649999618530273,14.579999923706055,14.649999618530273,135023,0.0,0.0
2023-12-08 09:30:00-05:00,14.65999984741211,14.739999771118164,14.550000190734863,14.71500015258789,58170,0.0,0.0
2023-12-08 10:30:00-05:00,14.710000038146973,14.760000228881836,14.675000190734863,14.739999771118164,80278,0.0,0.0
2023-12-08 11:30:00-05:00,14.74940013885498,14.765000343322754,14.645000457763672,14.664999961853027,26157,0.0,0.0
2023-12-08 12:30:00-05:00,14.664999961853027,14.6899995803833,14.649999618530273,14.6899995803833,32568,0.0,0.0
2023-12-08 13:30:00-05:00,14.680000305175781,14.739999771118164,14.680000305175781,14.739999771118164,35817,0.0,0.0
2023-12-08 14:30:00-05:00,14.739999771118164,14.739999771118164,14.699999809265137,14.729999542236328,98124,0.0,0.0
2023-12-08 15:30:00-05:00,14.720000267028809,14.75,14.699999809265137,14.699999809265137,117700,0.0,0.0
2023-12-11 09:30:00-05:00,14.579999923706055,14.850000381469727,14.579999923706055,14.765000343322754,91959,0.0,0.0
2023-12-11 10:30:00-05:00,14.770000457763672,14.819999694824219,14.739999771118164,14.765000343322754,106161,0.0,0.0
2023-12-11 11:30:00-05:00,14.770000457763672,14.829999923706055,14.729999542236328,14.824999809265137,82878,0.0,0.0
2023-12-11 12:30:00-05:00,14.824999809265137,14.880000114440918,14.805000305175781,14.880000114440918,62005,0.0,0.0
2023-12-11 13:30:00-05:00,14.880000114440918,14.9399995803833,14.864999771118164,14.9350004196167,52747,0.0,0.0
2023-12-11 14:30:00-05:00,14.9399995803833,14.954999923706055,14.890000343322754,14.925000190734863,74515,0.0,0.0
2023-12-11 15:30:00-05:00,14.925000190734863,14.9399995803833,14.90999984741211,14.930000305175781,105172,0.0,0.0
2023-12-12 09:30:00-05:00,14.970000267028809,15.039999961853027,14.84000015258789,14.979999542236328,80633,0.0,0.0
2023-12-12 10:30:00-05:00,14.979999542236328,15.03499984741211,14.970000267028809,15.010000228881836,47083,0.0,0.0
2023-12-12 11:30:00-05:00,15.005000114440918,15.015000343322754,14.9399995803833,14.984999656677246,41727,0.0,0.0
2023-12-12 12:30:00-05:00,14.984999656677246,15.005000114440918,14.925000190734863,14.925000190734863,65279,0.0,0.0
2023-12-12 13:30:00-05:00,14.925000190734863,14.970000267028809,14.914999961853027,14.949999809265137,55676,0.0,0.0
2023-12-12 14:30:00-05:00,14.949999809265137,15.069999694824219,14.9399995803833,15.0600004196167,59805,0.0,0.0
2023-12-12 15:30:00-05:00,15.0600004196167,15.069999694824219,15.024999618530273,15.069999694824219,96121,0.0,0.0
2023-12-13 09:30:00-05:00,15.0600004196167,15.107999801635742,15.020000457763672,15.085000038146973,51438,0.0,0.0
2023-12-13 10:30:00-05:00,15.079999923706055,15.15999984741211,15.074999809265137,15.130000114440918,45824,0.0,0.0
2023-12-13 11:30:00-05:00,15.120100021362305,15.154999732971191,15.09000015258789,15.114999771118164,56048,0.0,0.0
2023-12-13 12:30:00-05:00,15.109999656677246,15.125,15.079999923706055,15.095000267028809,35321,0.0,0.0
2023-12-13 13:30:00-05:00,15.100000381469727,15.34000015258789,15.100000381469727,15.329999923706055,119483,0.0,0.0
2023-12-13 14:30:00-05:00,15.335000038146973,15.5,15.324999809265137,15.385000228881836,141311,0.0,0.0
2023-12-13 15:30:00-05:00,15.390000343322754,15.510000228881836,15.390000343322754,15.5,224452,0.0,0.0
2023-12-14 09:30:00-05:00,15.6899995803833,15.760000228881836,15.470000267028809,15.529999732971191,79665,0.0,0.0
2023-12-14 10:30:00-05:00,15.520000457763672,15.635000228881836,15.505000114440918,15.581399917602539,60403,0.0,0.0
2023-12-14 11:30:00-05:00,15.585000038146973,15.664999961853027,15.584799766540527,15.604999542236328,62853,0.0,0.0
2023-12-14 12:30:00-05:00,15.604999542236328,15.604999542236328,15.420000076293945,15.425000190734863,47602,0.0,0.0
2023-12-14 13:30:00-05:00,15.420000076293945,15.420000076293945,15.329999923706055,15.385000228881836,67346,0.0,0.0
2023-12-14 14:30:00-05:00,15.385000228881836,15.54990005493164,15.375,15.539999961853027,195638,0.0,0.0
2023-12-14 15:30:00-05:00,15.539999961853027,15.5600004196167,15.4399995803833,15.489999771118164,308009,0.0,0.0
2023-12-15 09:30:00-05:00,15.489999771118164,15.53499984741211,15.270000457763672,15.390000343322754,434672,0.0,0.0
2023-12-15 10:30:00-05:00,15.390000343322754,15.454999923706055,15.329999923706055,15.359999656677246,62897,0.0,0.0
2023-12-15 11:30:00-05:00,15.354999542236328,15.4399995803833,15.335000038146973,15.40999984741211,82326,0.0,0.0
2023-12-15 12:30:00-05:00,15.414999961853027,15.454999923706055,15.324999809265137,15.345000267028809,103741,0.0,0.0
2023-12-15 13:30:00-05:00,15.345000267028809,15.359999656677246,15.220000267028809,15.300000190734863,115879,0.0,0.0
2023-12-15 14:30:00-05:00,15.305000305175781,15.305000305175781,15.220000267028809,15.260000228881836,114872,0.0,0.0
2023-12-15 15:30:00-05:00,15.25,15.255000114440918,15.149999618530273,15.149999618530273,210914,0.0,0.0
2023-12-18 09:30:00-05:00,15.25,15.289999961853027,15.100000381469727,15.180000305175781,71074,0.0,0.0
2023-12-18 10:30:00-05:00,15.180000305175781,15.270000457763672,15.154000282287598,15.255000114440918,132201,0.0,0.0
2023-12-18 11:30:00-05:00,15.255000114440918,15.279999732971191,15.194000244140625,15.260000228881836,137308,0.0,0.0
2023-12-18 12:30:00-05:00,15.25,15.260000228881836,15.210000038146973,15.210000038146973,28158,0.0,0.0
2023-12-18 13:30:00-05:00,15.21500015258789,15.260000228881836,15.1850004196167,15.1899995803833,61129,0.0,0.0
2023-12-18 14:30:00-05:00,15.1899995803833,15.1899995803833,15.149999618530273,15.16100025177002,49820,0.0,0.0
2023-12-18 15:30:00-05:00,15.164999961853027,15.180000305175781,15.149999618530273,15.15999984741211,142656,0.0,0.0
2023-12-19 09:30:00-05:00,15.270000457763672,15.59000015258789,15.210000038146973,15.449999809265137,101155,0.0,0.0
2023-12-19 10:30:00-05:00,15.449999809265137,15.5600004196167,15.444999694824219,15.545000076293945,100655,0.0,0.0
2023-12-19 11:30:00-05:00,15.539999961853027,15.545000076293945,15.439000129699707,15.470000267028809,37702,0.0,0.0
2023-12-19 12:30:00-05:00,15.470000267028809,15.515000343322754,15.470000267028809,15.510000228881836,29526,0.0,0.0
2023-12-19 13:30:00-05:00,15.510000228881836,15.600000381469727,15.505000114440918,15.600000381469727,56978,0.0,0.0
2023-12-19 14:30:00-05:00,15.600000381469727,15.609999656677246,15.529999732971191,15.5600004196167,68720,0.0,0.0
2023-12-19 15:30:00-05:00,15.555000305175781,15.579999923706055,15.529999732971191,15.529999732971191,200326,0.0,0.0
2023-12-20 09:30:00-05:00,15.539999961853027,15.539999961853027,15.270000457763672,15.335000038146973,63850,0.0,0.0
2023-12-20 10:30:00-05:00,15.335000038146973,15.45009994506836,15.335000038146973,15.40999984741211,74778,0.0,0.0
2023-12-20 11:30:00-05:00,15.40999984741211,15.40999984741211,15.329999923706055,15.380000114440918,72041,0.0,0.0
2023-12-20 12:30:00-05:00,15.380000114440918,15.4399995803833,15.380000114440918,15.399999618530273,42647,0.0,0.0
2023-12-20 13:30:00-05:00,15.399999618530273,15.40999984741211,15.34000015258789,15.359999656677246,53621,0.0,0.0
2023-12-20 14:30:00-05:00,15.354999542236328,15.354999542236328,15.109999656677246,15.140000343322754,111351,0.0,0.0
2023-12-20 15:30:00-05:00,15.140000343322754,15.140000343322754,15.050000190734863,15.074999809265137,181796,0.0,0.0
2023-12-21 09:30:00-05:00,15.220000267028809,15.239999771118164,15.079999923706055,15.090499877929688,40057,0.0,0.0
2023-12-21 10:30:00-05:00,15.090100288391113,15.149999618530273,15.039999961853027,15.045000076293945,63413,0.0,0.0
2023-12-21 11:30:00-05:00,15.039999961853027,15.0600004196167,14.944999694824219,14.954999923706055,58888,0.0,0.0
2023-12-21 12:30:00-05:00,14.954999923706055,14.960000038146973,14.869999885559082,14.895000457763672,90812,0.0,0.0
2023-12-21 13:30:00-05:00,14.895000457763672,14.96500015258789,14.895000457763672,14.954999923706055,41437,0.0,0.0
2023-12-21 14:30:00-05:00,14.954999923706055,14.96500015258789,14.90999984741211,14.925000190734863,88487,0.0,0.0
2023-12-21 15:30:00-05:00,14.920000076293945,15.09000015258789,14.920000076293945,15.069999694824219,119104,0.0,0.0
2023-12-22 09:30:00-05:00,15.199999809265137,15.350000381469727,15.100000381469727,15.350000381469727,65107,0.0,0.0
2023-12-22 10:30:00-05:00,15.350000381469727,15.369999885559082,15.289999961853027,15.300000190734863,53184,0.0,0.0
2023-12-22 11:30:00-05:00,15.300000190734863,15.319999694824219,15.279999732971191,15.295000076293945,24965,0.0,0.0
2023-12-22 12:30:00-05:00,15.295000076293945,15.369999885559082,15.289999961853027,15.359999656677246,25589,0.0,0.0
2023-12-22 13:30:00-05:00,15.359999656677246,15.359999656677246,15.225000381469727,15.229999542236328,42993,0.0,0.0
2023-12-22 14:30:00-05:00,15.220000267028809,15.260000228881836,15.1899995803833,15.229999542236328,63353,0.0,0.0
2023-12-22 15:30:00-05:00,15.229999542236328,15.239999771118164,15.1899995803833,15.1899995803833,98861,0.0,0.0
2023-12-26 09:30:00-05:00,15.1899995803833,15.239999771118164,15.09000015258789,15.225000381469727,27941,0.0,0.0
2023-12-26 10:30:00-05:00,15.225000381469727,15.260000228881836,15.1899995803833,15.255000114440918,23408,0.0,0.0
2023-12-26 11:30:00-05:00,15.260000228881836,15.3100004196167,15.204999923706055,15.3100004196167,47963,0.0,0.0
2023-12-26 12:30:00-05:00,15.305000305175781,15.335000038146973,15.28499984741211,15.335000038146973,20880,0.0,0.0
2023-12-26 13:30:00-05:00,15.329999923706055,15.350000381469727,15.279999732971191,15.34000015258789,36966,0.0,0.0
2023-12-26 14:30:00-05:00,15.34000015258789,15.364999771118164,15.34000015258789,15.354999542236328,25058,0.0,0.0
2023-12-26 15:30:00-05:00,15.354999542236328,15.354999542236328,15.295000076293945,15.3100004196167,68548,0.0,0.0
2023-12-27 09:30:00-05:00,15.350000381469727,15.350000381469727,15.225000381469727,15.244999885559082,45780,0.0,0.0
2023-12-27 10:30:00-05:00,15.25,15.25,15.125,15.180000305175781,41386,0.0,0.0
2023-12-27 11:30:00-05:00,15.175000190734863,15.239999771118164,15.170000076293945,15.239999771118164,25951,0.0,0.0
2023-12-27 12:30:00-05:00,15.239999771118164,15.3100004196167,15.220000267028809,15.270000457763672,29662,0.0,0.0
2023-12-27 13:30:00-05:00,15.270000457763672,15.279999732971191,15.194999694824219,15.255000114440918,34159,0.0,0.0
2023-12-27 14:30:00-05:00,15.25,15.270000457763672,15.220000267028809,15.229999542236328,52846,0.0,0.0
2023-12-27 15:30:00-05:00,15.229999542236328,15.239999771118164,15.194999694824219,15.239999771118164,80478,0.0,0.0
2023-12-28 09:30:00-05:00,15.149999618530273,15.3100004196167,15.149999618530273,15.234999656677246,37412,0.0,0.0
2023-12-28 10:30:00-05:00,15.229999542236328,15.236000061035156,15.180000305175781,15.210000038146973,29750,0.0,0.0
2023-12-28 11:30:00-05:00,15.210000038146973,15.225000381469727,15.170000076293945,15.180000305175781,22794,0.0,0.0
2023-12-28 12:30:00-05:00,15.180000305175781,15.1850004196167,15.114999771118164,15.15999984741211,43850,0.0,0.0
2023-12-28 13:30:00-05:00,15.154999732971191,15.234999656677246,15.130000114440918,15.234999656677246,53756,0.0,0.0
2023-12-28 14:30:00-05:00,15.234999656677246,15.25,15.1850004196167,15.1899995803833,59094,0.0,0.0
2023-12-28 15:30:00-05:00,15.1850004196167,15.204999923706055,15.170000076293945,15.1899995803833,74422,0.0,0.0
2023-12-29 09:30:00-05:00,15.119999885559082,15.170000076293945,15.090100288391113,15.119999885559082,38569,0.0,0.0
2023-12-29 10:30:00-05:00,15.109999656677246,15.119999885559082,15.069999694824219,15.079999923706055,43133,0.0,0.0
2023-12-29 11:30:00-05:00,15.079999923706055,15.088000297546387,15.029999732971191,15.069999694824219,32165,0.0,0.0
2023-12-29 12:30:00-05:00,15.069999694824219,15.109999656677246,15.069999694824219,15.069999694824219,27994,0.0,0.0
2023-12-29 13:30:00-05:00,15.074999809265137,15.085000038146973,15.050000190734863,15.055000305175781,51857,0.0,0.0
2023-12-29 14:30:00-05:00,15.055000305175781,15.09000015258789,15.039999961853027,15.09000015258789,51524,0.0,0.0
2023-12-29 15:30:00-05:00,15.09000015258789,15.119999885559082,15.039999961853027,15.039999961853027,114760,0.0,0.0
2024-01-02 09:30:00-05:00,15.039999961853027,15.1899995803833,14.979999542236328,15.069999694824219,103812,0.0,0.0
2024-01-02 10:30:00-05:00,15.0600004196167,15.100000381469727,15.029999732971191,15.0600004196167,79948,0.0,0.0
2024-01-02 11:30:00-05:00,15.050000190734863,15.239999771118164,15.024999618530273,15.239999771118164,63262,0.0,0.0
2024-01-02 12:30:00-05:00,15.239999771118164,15.295000076293945,15.199999809265137,15.220000267028809,57810,0.0,0.0
2024-01-02 13:30:00-05:00,15.210000038146973,15.220000267028809,15.135000228881836,15.220000267028809,58296,0.0,0.0
2024-01-02 14:30:00-05:00,15.21500015258789,15.369999885559082,15.204999923706055,15.359999656677246,149018,0.0,0.0
2024-01-02 15:30:00-05:00,15.350000381469727,15.380000114440918,15.279999732971191,15.364999771118164,157114,0.0,0.0
2024-01-03 09:30:00-05:00,15.479999542236328,15.479999542236328,15.229999542236328,15.430000305175781,93750,0.0,0.0
2024-01-03 10:30:00-05:00,15.420000076293945,15.430000305175781,15.1899995803833,15.220000267028809,64925,0.0,0.0
2024-01-03 11:30:00-05:00,15.21500015258789,15.21500015258789,15.074999809265137,15.130000114440918,48638,0.0,0.0
2024-01-03 12:30:00-05:00,15.130000114440918,15.15999984741211,15.109999656677246,15.130000114440918,39126,0.0,0.0
2024-01-03 13:30:00-05:00,15.131999969482422,15.131999969482422,14.979999542236328,15.074999809265137,84498,0.0,0.0
2024-01-03 14:30:00-05:00,15.074999809265137,15.085000038146973,14.920000076293945,14.960000038146973,120954,0.0,0.0
2024-01-03 15:30:00-05:00,14.96500015258789,15.010000228881836,14.949999809265137,14.949999809265137,204628,0.0,0.0
2024-01-04 09:30:00-05:00,14.989999771118164,14.989999771118164,14.84000015258789,14.864999771118164,69244,0.0,0.0
2024-01-04 10:30:00-05:00,14.859999656677246,14.970000267028809,14.845000267028809,14.960000038146973,61841,0.0,0.0
2024-01-04 11:30:00-05:00,14.949999809265137,14.949999809265137,14.864999771118164,14.904999732971191,76108,0.0,0.0
2024-01-04 12:30:00-05:00,14.904999732971191,14.9399995803833,14.880000114440918,14.890000343322754,42122,0.0,0.0
2024-01-04 13:30:00-05:00,14.895000457763672,14.944999694824219,14.875,14.885000228881836,47809,0.0,0.0
2024-01-04 14:30:00-05:00,14.885000228881836,14.890000343322754,14.850000381469727,14.850000381469727,57899,0.0,0.0
2024-01-04 15:30:00-05:00,14.854999542236328,14.869999885559082,14.8149995803833,14.819999694824219,212979,0.0,0.0
2024-01-05 09:30:00-05:00,14.710000038146973,14.970000267028809,14.710000038146973,14.949999809265137,41512,0.0,0.0
2024-01-05 10:30:00-05:00,14.944999694824219,14.994999885559082,14.904999732971191,14.90999984741211,58399,0.0,0.0
2024-01-05 11:30:00-05:00,14.920000076293945,14.930000305175781,14.875,14.895000457763672,66760,0.0,0.0
2024-01-05 12:30:00-05:00,14.899999618530273,14.904999732971191,14.824999809265137,14.895000457763672,51139,0.0,0.0
2024-01-05 13:30:00-05:00,14.899999618530273,15.005000114440918,14.899999618530273,14.970000267028809,50298,0.0,0.0
2024-01-05 14:30:00-05:00,14.96500015258789,14.969900131225586,14.850000381469727,14.864999771118164,89545,0.0,0.0
2024-01-05 15:30:00-05:00,14.864999771118164,14.880000114440918,14.800000190734863,14.800000190734863,145167,0.0,0.0
2024-01-08 09:30:00-05:00,14.850000381469727,14.944999694824219,14.8149995803833,14.90999984741211,56765,0.0,0.0
2024-01-08 10:30:00-05:00,14.914999961853027,15.0,14.914999961853027,14.989999771118164,49453,0.0,0.0
2024-01-08 11:30:00-05:00,15.0,15.039999961853027,14.960000038146973,14.975000381469727,54333,0.0,0.0
2024-01-08 12:30:00-05:00,14.975000381469727,15.010000228881836,14.954999923706055,15.0,46476,0.0,0.0
2024-01-08 13:30:00-05:00,14.994999885559082,15.010000228881836,14.960000038146973,14.979999542236328,117556,0.0,0.0
2024-01-08 14:30:00-05:00,14.984999656677246,15.039999961853027,14.96500015258789,15.010000228881836,103969,0.0,0.0
2024-01-08 15:30:00-05:00,15.010000228881836,15.020000457763672,14.979999542236328,15.015000343322754,117648,0.0,0.0
2024-01-09 09:30:00-05:00,14.829999923706055,14.979999542236328,14.774999618530273,14.930000305175781,83620,0.0,0.0
2024-01-09 10:30:00-05:00,14.925000190734863,14.979999542236328,14.90779972076416,14.96500015258789,60132,0.0,0.0
2024-01-09 11:30:00-05:00,14.970000267028809,14.979999542236328,14.954999923706055,14.975000381469727,50406,0.0,0.0
2024-01-09 12:30:00-05:00,14.979999542236328,14.979999542236328,14.90999984741211,14.920000076293945,67100,0.0,0.0
2024-01-09 13:30:00-05:00,14.920000076293945,14.994999885559082,14.914999961853027,14.949999809265137,85128,0.0,0.0
2024-01-09 14:30:00-05:00,14.949999809265137,14.967499732971191,14.914999961853027,14.9350004196167,201750,0.0,0.0
2024-01-09 15:30:00-05:00,14.9350004196167,14.9399995803833,14.880000114440918,14.890000343322754,151487,0.0,0.0
2024-01-10 09:30:00-05:00,14.850000381469727,15.010299682617188,14.829999923706055,14.920000076293945,61655,0.0,0.0
2024-01-10 10:30:00-05:00,14.920000076293945,14.935999870300293,14.850000381469727,14.875,56847,0.0,0.0
2024-01-10 11:30:00-05:00,14.875,14.930000305175781,14.850000381469727,14.890000343322754,53656,0.0,0.0
2024-01-10 12:30:00-05:00,14.895000457763672,14.90999984741211,14.869999885559082,14.875,40844,0.0,0.0
2024-01-10 13:30:00-05:00,14.875,14.90999984741211,14.859999656677246,14.895000457763672,110476,0.0,0.0
2024-01-10 14:30:00-05:00,14.895000457763672,14.9399995803833,14.875,14.875,82514,0.0,0.0
2024-01-10 15:30:00-05:00,14.875,14.880000114440918,14.789999961853027,14.789999961853027,166708,0.0,0.0
2024-01-11 09:30:00-05:00,14.800000190734863,14.800000190734863,14.630000114440918,14.670000076293945,117290,0.0,0.0
2024-01-11 10:30:00-05:00,14.670000076293945,14.729999542236328,14.65999984741211,14.729999542236328,48972,0.0,0.0
2024-01-11 11:30:00-05:00,14.725000381469727,14.774999618530273,14.699999809265137,14.75,40805,0.0,0.0
2024-01-11 12:30:00-05:00,14.75,14.8100004196167,14.75,14.800000190734863,32821,0.0,0.0
2024-01-11 13:30:00-05:00,14.805000305175781,14.84000015258789,14.779999732971191,14.8100004196167,37777,0.0,0.0
2024-01-11 14:30:00-05:00,14.8149995803833,14.8149995803833,14.760000228881836,14.789999961853027,64733,0.0,0.0
2024-01-11 15:30:00-05:00,14.789999961853027,14.84000015258789,14.770000457763672,14.829999923706055,135618,0.0,0.0
2024-01-12 09:30:00-05:00,15.0600004196167,15.069999694824219,14.850000381469727,14.850000381469727,84169,0.0,0.0
2024-01-12 10:30:00-05:00,14.850000381469727,14.859999656677246,14.770000457763672,14.845000267028809,48529,0.0,0.0
2024-01-12 11:30:00-05:00,14.850000381469727,14.850000381469727,14.795000076293945,14.819999694824219,32616,0.0,0.0
2024-01-12 12:30:00-05:00,14.829999923706055,14.875,14.805000305175781,14.854999542236328,49625,0.0,0.0
2024-01-12 13:30:00-05:00,14.857500076293945,14.864999771118164,14.824999809265137,14.84000015258789,45852,0.0,0.0
2024-01-12 14:30:00-05:00,14.84000015258789,14.850000381469727,14.789999961853027,14.805000305175781,67936,0.0,0.0
2024-01-12 15:30:00-05:00,14.805000305175781,14.819999694824219,14.78499984741211,14.789999961853027,131537,0.0,0.0
2024-01-16 09:30:00-05:00,14.609999656677246,14.680000305175781,14.505000114440918,14.529999732971191,176432,0.0,0.0
2024-01-16 10:30:00-05:00,14.524999618530273,14.59000015258789,14.4350004196167,14.449999809265137,165117,0.0,0.0
2024-01-16 11:30:00-05:00,14.454999923706055,14.5649995803833,14.40999984741211,14.40999984741211,147865,0.0,0.0
2024-01-16 12:30:00-05:00,14.404999732971191,14.475000381469727,14.404999732971191,14.4399995803833,52803,0.0,0.0
2024-01-16 13:30:00-05:00,14.444999694824219,14.449999809265137,14.380000114440918,14.395000457763672,35492,0.0,0.0
2024-01-16 14:30:00-05:00,14.390000343322754,14.430000305175781,14.34000015258789,14.345000267028809,77951,0.0,0.0
2024-01-16 15:30:00-05:00,14.344499588012695,14.359999656677246,14.279999732971191,14.279999732971191,227856,0.0,0.0
2024-01-17 09:30:00-05:00,14.109999656677246,14.3100004196167,14.0600004196167,14.255000114440918,93329,0.0,0.0
2024-01-17 10:30:00-05:00,14.25,14.335000038146973,14.21500015258789,14.3149995803833,71810,0.0,0.0
2024-01-17 11:30:00-05:00,14.3100004196167,14.364999771118164,14.291000366210938,14.319999694824219,154932,0.0,0.0
2024-01-17 12:30:00-05:00,14.3149995803833,14.329999923706055,14.295000076293945,14.329999923706055,59489,0.0,0.0
2024-01-17 13:30:00-05:00,14.324999809265137,14.369999885559082,14.295000076293945,14.350000381469727,111827,0.0,0.0
2024-01-17 14:30:00-05:00,14.350000381469727,14.369999885559082,14.329999923706055,14.364999771118164,109912,0.0,0.0
2024-01-17 15:30:00-05:00,14.364999771118164,14.430000305175781,14.354999542236328,14.395000457763672,239570,0.0,0.0
2024-01-18 09:30:00-05:00,14.399999618530273,14.40999984741211,14.149999618530273,14.1850004196167,321071,0.0,0.0
2024-01-18 10:30:00-05:00,14.1899995803833,14.255000114440918,14.170000076293945,14.210000038146973,136055,0.0,0.0
2024-01-18 11:30:00-05:00,14.204999923706055,14.234999656677246,14.180000305175781,14.199999809265137,96798,0.0,0.0
2024-01-18 12:30:00-05:00,14.199999809265137,14.210000038146973,14.1899995803833,14.199999809265137,156675,0.0,0.0
2024-01-18 13:30:00-05:00,14.199999809265137,14.239999771118164,14.194999694824219,14.21500015258789,102873,0.0,0.0
2024-01-18 14:30:00-05:00,14.220000267028809,14.279999732971191,14.194999694824219,14.255000114440918,103652,0.0,0.0
2024-01-18 15:30:00-05:00,14.25,14.329999923706055,14.234999656677246,14.3100004196167,235150,0.0,0.0
2024-01-19 09:30:00-05:00,14.350000381469727,14.354999542236328,14.170000076293945,14.265000343322754,109265,0.0,0.0
2024-01-19 10:30:00-05:00,14.260000228881836,14.319999694824219,14.25,14.295000076293945,98393,0.0,0.0
2024-01-19 11:30:00-05:00,14.300000190734863,14.34000015258789,14.279999732971191,14.335000038146973,95414,0.0,0.0
2024-01-19 12:30:00-05:00,14.335000038146973,14.390000343322754,14.319999694824219,14.390000343322754,57335,0.0,0.0
2024-01-19 13:30:00-05:00,14.385000228881836,14.420000076293945,14.380000114440918,14.399999618530273,79047,0.0,0.0
2024-01-19 14:30:00-05:00,14.395000457763672,14.449999809265137,14.359999656677246,14.375,111422,0.0,0.0
2024-01-19 15:30:00-05:00,14.375,14.4399995803833,14.369999885559082,14.40999984741211,294239,0.0,0.0
2024-01-22 09:30:00-05:00,14.489999771118164,14.609999656677246,14.460000038146973,14.609999656677246,103231,0.0,0.0
2024-01-22 10:30:00-05:00,14.609999656677246,14.609999656677246,14.545000076293945,14.59000015258789,76571,0.0,0.0
2024-01-22 11:30:00-05:00,14.600000381469727,14.619999885559082,14.539999961853027,14.5649995803833,80090,0.0,0.0
2024-01-22 12:30:00-05:00,14.569999694824219,14.569999694824219,14.494999885559082,14.520000457763672,64528,0.0,0.0
2024-01-22 13:30:00-05:00,14.515000343322754,14.5649995803833,14.510000228881836,14.5649995803833,66095,0.0,0.0
2024-01-22 14:30:00-05:00,14.5649995803833,14.619999885559082,14.5649995803833,14.604999542236328,104272,0.0,0.0
2024-01-22 15:30:00-05:00,14.609999656677246,14.670000076293945,14.604999542236328,14.640000343322754,202672,0.0,0.0
2024-01-23 09:30:00-05:00,14.760000228881836,14.789999961853027,14.65999984741211,14.6899995803833,105123,0.0,0.0
2024-01-23 10:30:00-05:00,14.6899995803833,14.6899995803833,14.604999542236328,14.645000457763672,82322,0.0,0.0
2024-01-23 11:30:00-05:00,14.649999618530273,14.670000076293945,14.619999885559082,14.654999732971191,51972,0.0,0.0
2024-01-23 12:30:00-05:00,14.65999984741211,14.720000267028809,14.649999618530273,14.694999694824219,59873,0.0,0.0
2024-01-23 13:30:00-05:00,14.699999809265137,14.800000190734863,14.694999694824219,14.789999961853027,86608,0.0,0.0
2024-01-23 14:30:00-05:00,14.795000076293945,14.850000381469727,14.789999961853027,14.805000305175781,87240,0.0,0.0
2024-01-23 15:30:00-05:00,14.8100004196167,14.8100004196167,14.774999618530273,14.779999732971191,154614,0.0,0.0
2024-01-24 09:30:00-05:00,14.880000114440918,14.880000114440918,14.604999542236328,14.670000076293945,63822,0.0,0.0
2024-01-24 10:30:00-05:00,14.65999984741211,14.694999694824219,14.569999694824219,14.6850004196167,90343,0.0,0.0
2024-01-24 11:30:00-05:00,14.680000305175781,14.6850004196167,14.524999618530273,14.555000305175781,97937,0.0,0.0
2024-01-24 12:30:00-05:00,14.555000305175781,14.569999694824219,14.539999961853027,14.545000076293945,62779,0.0,0.0
2024-01-24 13:30:00-05:00,14.545000076293945,14.555000305175781,14.479999542236328,14.5,68074,0.0,0.0
2024-01-24 14:30:00-05:00,14.510000228881836,14.510000228881836,14.420000076293945,14.489999771118164,111241,0.0,0.0
2024-01-24 15:30:00-05:00,14.489999771118164,14.579999923706055,14.489999771118164,14.520000457763672,230673,0.0,0.0
2024-01-25 09:30:00-05:00,14.630000114440918,14.8100004196167,14.609999656677246,14.800000190734863,98365,0.0,0.0
2024-01-25 10:30:00-05:00,14.795000076293945,14.819999694824219,14.739999771118164,14.805000305175781,74659,0.0,0.0
2024-01-25 11:30:00-05:00,14.800000190734863,14.885000228881836,14.800000190734863,14.861000061035156,68332,0.0,0.0
2024-01-25 12:30:00-05:00,14.859999656677246,14.859999656677246,14.800000190734863,14.850000381469727,45571,0.0,0.0
2024-01-25 13:30:00-05:00,14.854999542236328,14.859999656677246,14.800000190734863,14.850000381469727,66634,0.0,0.0
2024-01-25 14:30:00-05:00,14.850000381469727,14.854999542236328,14.789999961853027,14.789999961853027,70645,0.0,0.0
2024-01-25 15:30:00-05:00,14.779999732971191,14.8100004196167,14.751199722290039,14.800000190734863,145383,0.0,0.0
2024-01-26 09:30:00-05:00,14.9399995803833,14.9399995803833,14.817999839782715,14.845000267028809,92502,0.0,0.0
2024-01-26 10:30:00-05:00,14.850000381469727,14.930000305175781,14.84000015258789,14.925000190734863,75909,0.0,0.0
2024-01-26 11:30:00-05:00,14.930000305175781,14.979999542236328,14.899999618530273,14.90999984741211,63895,0.0,0.0
2024-01-26 12:30:00-05:00,14.90999984741211,14.914999961853027,14.8149995803833,14.824999809265137,65917,0.0,0.0
2024-01-26 13:30:00-05:00,14.829999923706055,14.850000381469727,14.805000305175781,14.8100004196167,77794,0.0,0.0
2024-01-26 14:30:00-05:00,14.8100004196167,14.835000038146973,14.8100004196167,14.824999809265137,77992,0.0,0.0
2024-01-26 15:30:00-05:00,14.824999809265137,14.84000015258789,14.8100004196167,14.8149995803833,123541,0.0,0.0
2024-01-29 09:30:00-05:00,14.829999923706055,14.869999885559082,14.770000457763672,14.84000015258789,35649,0.0,0.0
2024-01-29 10:30:00-05:00,14.84000015258789,14.859999656677246,14.782500267028809,14.850000381469727,38920,0.0,0.0
2024-01-29 11:30:00-05:00,14.84000015258789,14.90999984741211,14.829999923706055,14.899999618530273,44821,0.0,0.0
2024-01-29 12:30:00-05:00,14.90999984741211,14.970000267028809,14.904999732971191,14.970000267028809,48318,0.0,0.0
2024-01-29 13:30:00-05:00,14.970000267028809,14.970000267028809,14.912500381469727,14.914999961853027,75045,0.0,0.0
2024-01-29 14:30:00-05:00,14.920000076293945,15.0,14.90999984741211,14.975000381469727,161458,0.0,0.0
2024-01-29 15:30:00-05:00,14.975000381469727,14.979999542236328,14.890000343322754,14.960000038146973,194005,0.0,0.0
2024-01-30 09:30:00-05:00,14.869999885559082,14.970000267028809,14.835000038146973,14.850000381469727,115755,0.0,0.0
2024-01-30 10:30:00-05:00,14.854999542236328,14.970000267028809,14.854999542236328,14.949999809265137,88362,0.0,0.0
2024-01-30 11:30:00-05:00,14.960000038146973,15.0,14.920000076293945,14.930000305175781,88606,0.0,0.0
2024-01-30 12:30:00-05:00,14.922499656677246,14.944999694824219,14.899999618530273,14.9350004196167,37870,0.0,0.0
2024-01-30 13:30:00-05:00,14.9350004196167,14.979999542236328,14.920000076293945,14.975000381469727,53557,0.0,0.0
2024-01-30 14:30:00-05:00,14.979999542236328,14.979999542236328,14.920000076293945,14.9350004196167,86370,0.0,0.0
2024-01-30 15:30:00-05:00,14.9350004196167,14.970000267028809,14.930000305175781,14.949999809265137,163622,0.0,0.0
2024-01-31 09:30:00-05:00,14.989999771118164,15.0,14.914999961853027,14.920000076293945,61153,0.0,0.0
2024-01-31 10:30:00-05:00,14.920000076293945,14.9350004196167,14.845000267028809,14.845000267028809,52111,0.0,0.0
2024-01-31 11:30:00-05:00,14.850000381469727,14.875,14.805000305175781,14.875,31594,0.0,0.0
2024-01-31 12:30:00-05:00,14.875,14.880000114440918,14.819999694824219,14.819999694824219,21807,0.0,0.0
2024-01-31 13:30:00-05:00,14.824999809265137,14.829999923706055,14.6899995803833,14.710000038146973,56420,0.0,0.0
2024-01-31 14:30:00-05:00,14.71500015258789,14.850000381469727,14.5600004196167,14.640000343322754,143729,0.0,0.0
2024-01-31 15:30:00-05:00,14.649999618530273,14.654999732971191,14.569999694824219,14.569999694824219,170715,0.0,0.0
2024-02-01 09:30:00-05:00,14.579999923706055,14.859999656677246,14.579999923706055,14.854999542236328,128870,0.0,0.0
2024-02-01 10:30:00-05:00,14.850000381469727,14.850000381469727,14.739999771118164,14.75,57896,0.0,0.0
2024-02-01 11:30:00-05:00,14.760000228881836,14.819999694824219,14.75,14.755000114440918,44414,0.0,0.0
2024-02-01 12:30:00-05:00,14.760000228881836,14.824999809265137,14.75,14.800000190734863,96492,0.0,0.0
2024-02-01 13:30:00-05:00,14.8100004196167,14.829999923706055,14.779999732971191,14.800000190734863,44563,0.0,0.0
2024-02-01 14:30:00-05:00,14.795000076293945,14.819999694824219,14.75,14.789999961853027,76375,0.0,0.0
2024-02-01 15:30:00-05:00,14.78499984741211,14.859999656677246,14.779999732971191,14.859999656677246,192582,0.0,0.0
2024-02-02 09:30:00-05:00,14.720000267028809,14.850000381469727,14.680000305175781,14.725000381469727,71750,0.0,0.0
2024-02-02 10:30:00-05:00,14.729999542236328,14.770000457763672,14.710000038146973,14.755000114440918,74351,0.0,0.0
2024-02-02 11:30:00-05:00,14.755000114440918,14.774999618530273,14.704999923706055,14.729999542236328,67763,0.0,0.0
2024-02-02 12:30:00-05:00,14.734999656677246,14.829999923706055,14.6899995803833,14.8100004196167,102598,0.0,0.0
2024-02-02 13:30:00-05:00,14.800000190734863,14.864999771118164,14.789999961853027,14.845000267028809,45241,0.0,0.0
2024-02-02 14:30:00-05:00,14.850000381469727,14.90999984741211,14.819999694824219,14.854999542236328,83154,0.0,0.0
2024-02-02 15:30:00-05:00,14.850000381469727,14.854999542236328,14.779999732971191,14.789999961853027,141090,0.0,0.0
2024-02-05 09:30:00-05:00,14.619999885559082,14.619999885559082,14.34000015258789,14.34000015258789,59201,0.0,0.0
2024-02-05 10:30:00-05:00,14.34000015258789,14.40999984741211,14.329999923706055,14.399999618530273,37574,0.0,0.0
2024-02-05 11:30:00-05:00,14.414999961853027,14.529999732971191,14.414999961853027,14.489999771118164,48774,0.0,0.0
2024-02-05 12:30:00-05:00,14.489999771118164,14.510000228881836,14.460000038146973,14.479999542236328,49089,0.0,0.0
2024-02-05 13:30:00-05:00,14.475000381469727,14.489999771118164,14.414999961853027,14.420000076293945,40692,0.0,0.0
2024-02-05 14:30:00-05:00,14.42199993133545,14.4399995803833,14.37090015411377,14.40999984741211,61890,0.0,0.0
2024-02-05 15:30:00-05:00,14.40999984741211,14.430000305175781,14.350000381469727,14.350000381469727,133144,0.0,0.0
2024-02-06 09:30:00-05:00,14.369999885559082,14.600000381469727,14.359999656677246,14.579999923706055,152628,0.0,0.0
2024-02-06 10:30:00-05:00,14.579999923706055,14.635000228881836,14.510000228881836,14.5625,56565,0.0,0.0
2024-02-06 11:30:00-05:00,14.569999694824219,14.59000015258789,14.510000228881836,14.579999923706055,53582,0.0,0.0
2024-02-06 12:30:00-05:00,14.579999923706055,14.640000343322754,14.569999694824219,14.609999656677246,60436,0.0,0.0
2024-02-06 13:30:00-05:00,14.609999656677246,14.640000343322754,14.595000267028809,14.600000381469727,46977,0.0,0.0
2024-02-06 14:30:00-05:00,14.595000267028809,14.6899995803833,14.595000267028809,14.6899995803833,85603,0.0,0.0
2024-02-06 15:30:00-05:00,14.680000305175781,14.760000228881836,14.670000076293945,14.734999656677246,170394,0.0,0.0
2024-02-07 09:30:00-05:00,14.770000457763672,14.770000457763672,14.619999885559082,14.654999732971191,57122,0.0,0.0
2024-02-07 10:30:00-05:00,14.654999732971191,14.6850004196167,14.614999771118164,14.619999885559082,80138,0.0,0.0
2024-02-07 11:30:00-05:00,14.625,14.670000076293945,14.5600004196167,14.670000076293945,56612,0.0,0.0
2024-02-07 12:30:00-05:00,14.65999984741211,14.65999984741211,14.609999656677246,14.649999618530273,29276,0.0,0.0
2024-02-07 13:30:00-05:00,14.65999984741211,14.680000305175781,14.595000267028809,14.65999984741211,49524,0.0,0.0
2024-02-07 14:30:00-05:00,14.654999732971191,14.779999732971191,14.654999732971191,14.734999656677246,103516,0.0,0.0
2024-02-07 15:30:00-05:00,14.739999771118164,14.75,14.630000114440918,14.630000114440918,181649,0.0,0.0
2024-02-08 09:30:00-05:00,14.609999656677246,14.649999618530273,14.510000228881836,14.569999694824219,112972,0.0,0.0
2024-02-08 10:30:00-05:00,14.569999694824219,14.600000381469727,14.524999618530273,14.539999961853027,71088,0.0,0.0
2024-02-08 11:30:00-05:00,14.539999961853027,14.635000228881836,14.539999961853027,14.609999656677246,81415,0.0,0.0
2024-02-08 12:30:00-05:00,14.609999656677246,14.699999809265137,14.59000015258789,14.699999809265137,72095,0.0,0.0
2024-02-08 13:30:00-05:00,14.699999809265137,14.720000267028809,14.630000114440918,14.640000343322754,46741,0.0,0.0
2024-02-08 14:30:00-05:00,14.640000343322754,14.699999809265137,14.640000343322754,14.694999694824219,77509,0.0,0.0
2024-02-08 15:30:00-05:00,14.694999694824219,14.770000457763672,14.694999694824219,14.729999542236328,165619,0.0,0.0
2024-02-09 09:30:00-05:00,14.6899995803833,14.729999542236328,14.550000190734863,14.569999694824219,49738,0.0,0.0
2024-02-09 10:30:00-05:00,14.5600004196167,14.579999923706055,14.529999732971191,14.545000076293945,65484,0.0,0.0
2024-02-09 11:30:00-05:00,14.539999961853027,14.630000114440918,14.515000343322754,14.625,44831,0.0,0.0
2024-02-09 12:30:00-05:00,14.630000114440918,14.675000190734863,14.604999542236328,14.670000076293945,47463,0.0,0.0
2024-02-09 13:30:00-05:00,14.65999984741211,14.680000305175781,14.635000228881836,14.675000190734863,38563,0.0,0.0
2024-02-09 14:30:00-05:00,14.680000305175781,14.699999809265137,14.635000228881836,14.65999984741211,70513,0.0,0.0
2024-02-09 15:30:00-05:00,14.654999732971191,14.670000076293945,14.625,14.630000114440918,173251,0.0,0.0
2024-02-12 09:30:00-05:00,14.649999618530273,14.770000457763672,14.649999618530273,14.699999809265137,90845,0.0,0.0
2024-02-12 10:30:00-05:00,14.704999923706055,14.770000457763672,14.670000076293945,14.765000343322754,109427,0.0,0.0
2024-02-12 11:30:00-05:00,14.770000457763672,14.84000015258789,14.75,14.8100004196167,158278,0.0,0.0
2024-02-12 12:30:00-05:00,14.8100004196167,14.859999656677246,14.795000076293945,14.824999809265137,100990,0.0,0.0
2024-02-12 13:30:00-05:00,14.824999809265137,14.899999618530273,14.819999694824219,14.890000343322754,107271,0.0,0.0
2024-02-12 14:30:00-05:00,14.880000114440918,14.979999542236328,14.84000015258789,14.944999694824219,173504,0.0,0.0
2024-02-12 15:30:00-05:00,14.944999694824219,15.069999694824219,14.925000190734863,14.960000038146973,313252,0.0,0.0
2024-02-13 09:30:00-05:00,14.6899995803833,14.729999542236328,14.324999809265137,14.385000228881836,127730,0.0,0.0
2024-02-13 10:30:00-05:00,14.380000114440918,14.675000190734863,14.3100004196167,14.645000457763672,263071,0.0,0.0
2024-02-13 11:30:00-05:00,14.640000343322754,14.654999732971191,14.5600004196167,14.600000381469727,122534,0.0,0.0
2024-02-13 12:30:00-05:00,14.600000381469727,14.645000457763672,14.5600004196167,14.574999809265137,116655,0.0,0.0
2024-02-13 13:30:00-05:00,14.579999923706055,14.649999618530273,14.5600004196167,14.595000267028809,174344,0.0,0.0
2024-02-13 14:30:00-05:00,14.59000015258789,14.609999656677246,14.479999542236328,14.545000076293945,239844,0.0,0.0
2024-02-13 15:30:00-05:00,14.539999961853027,14.619999885559082,14.520000457763672,14.579999923706055,274746,0.0,0.0
2024-02-14 09:30:00-05:00,14.520000457763672,14.680000305175781,14.520000457763672,14.5649995803833,62303,0.0,0.0
2024-02-14 10:30:00-05:00,14.5600004196167,14.604999542236328,14.510000228881836,14.595000267028809,64072,0.0,0.0
2024-02-14 11:30:00-05:00,14.595000267028809,14.654999732971191,14.569999694824219,14.645000457763672,55268,0.0,0.0
2024-02-14 12:30:00-05:00,14.649999618530273,14.6899995803833,14.645000457763672,14.65999984741211,20283,0.0,0.0
2024-02-14 13:30:00-05:00,14.65999984741211,14.845000267028809,14.65999984741211,14.805000305175781,89657,0.0,0.0
2024-02-14 14:30:00-05:00,14.805000305175781,14.899999618530273,14.795000076293945,14.895000457763672,97251,0.0,0.0
2024-02-14 15:30:00-05:00,14.885000228881836,14.885000228881836,14.829999923706055,14.84000015258789,132707,0.0,0.0
2024-02-15 09:30:00-05:00,14.970000267028809,15.050000190734863,14.920000076293945,14.9399995803833,50891,0.0,0.0
2024-02-15 10:30:00-05:00,14.9399995803833,15.029999732971191,14.880000114440918,15.029999732971191,58512,0.0,0.0
2024-02-15 11:30:00-05:00,15.020000457763672,15.079999923706055,15.0,15.055000305175781,68783,0.0,0.0
2024-02-15 12:30:00-05:00,15.0600004196167,15.164999961853027,15.0600004196167,15.164999961853027,62666,0.0,0.0
2024-02-15 13:30:00-05:00,15.170000076293945,15.265000343322754,15.149999618530273,15.25,97103,0.0,0.0
2024-02-15 14:30:00-05:00,15.244999885559082,15.319999694824219,15.225000381469727,15.319999694824219,124596,0.0,0.0
2024-02-15 15:30:00-05:00,15.3100004196167,15.350000381469727,15.279999732971191,15.350000381469727,277496,0.0,0.0
2024-02-16 09:30:00-05:00,15.180000305175781,15.300000190734863,15.069999694824219,15.244999885559082,161598,0.0,0.0
2024-02-16 10:30:00-05:00,15.239999771118164,15.28499984741211,15.199999809265137,15.274999618530273,72096,0.0,0.0
2024-02-16 11:30:00-05:00,15.274999618530273,15.329999923706055,15.229999542236328,15.300000190734863,68037,0.0,0.0
2024-02-16 12:30:00-05:00,15.300000190734863,15.350000381469727,15.274999618530273,15.34000015258789,74057,0.0,0.0
2024-02-16 13:30:00-05:00,15.34000015258789,15.390000343322754,15.335000038146973,15.369999885559082,73007,0.0,0.0
2024-02-16 14:30:00-05:00,15.369999885559082,15.369999885559082,15.3100004196167,15.359999656677246,89650,0.0,0.0
2024-02-16 15:30:00-05:00,15.354999542236328,15.364999771118164,15.260000228881836,15.260000228881836,209463,0.0,0.0
2024-02-20 09:30:00-05:00,15.170000076293945,15.289999961853027,14.979999542236328,15.28499984741211,235138,0.0,0.0
2024-02-20 10:30:00-05:00,15.3100004196167,15.329999923706055,15.1899995803833,15.210000038146973,97775,0.0,0.0
2024-02-20 11:30:00-05:00,15.220000267028809,15.255000114440918,15.180000305175781,15.225000381469727,60281,0.0,0.0
2024-02-20 12:30:00-05:00,15.225000381469727,15.25,15.154999732971191,15.1899995803833,82418,0.0,0.0
2024-02-20 13:30:00-05:00,15.1899995803833,15.194999694824219,15.114999771118164,15.135000228881836,56981,0.0,0.0
2024-02-20 14:30:00-05:00,15.130000114440918,15.135000228881836,15.0600004196167,15.085000038146973,82066,0.0,0.0
2024-02-20 15:30:00-05:00,15.09000015258789,15.109999656677246,14.994999885559082,15.109999656677246,248715,0.0,0.0
2024-02-21 09:30:00-05:00,15.119999885559082,15.279999732971191,15.09000015258789,15.204999923706055,64722,0.0,0.0
2024-02-21 10:30:00-05:00,15.199999809265137,15.3100004196167,15.164999961853027,15.244999885559082,114135,0.0,0.0
2024-02-21 11:30:00-05:00,15.244999885559082,15.260000228881836,15.194999694824219,15.199999809265137,81272,0.0,0.0
2024-02-21 12:30:00-05:00,15.199999809265137,15.220000267028809,15.149999618530273,15.1850004196167,89523,0.0,0.0
2024-02-21 13:30:00-05:00,15.1875,15.220000267028809,15.145000457763672,15.164999961853027,93734,0.0,0.0
2024-02-21 14:30:00-05:00,15.164999961853027,15.180000305175781,15.045000076293945,15.095000267028809,130692,0.0,0.0
2024-02-21 15:30:00-05:00,15.095000267028809,15.229999542236328,15.09000015258789,15.199999809265137,246383,0.0,0.0
2024-02-22 09:30:00-05:00,14.359999656677246,15.65999984741211,14.100000381469727,14.960000038146973,840860,0.0,0.0
2024-02-22 10:30:00-05:00,14.960000038146973,15.265000343322754,14.944999694824219,15.0649995803833,253846,0.0,0.0
2024-02-22 11:30:00-05:00,15.0649995803833,15.257499694824219,15.050000190734863,15.145000457763672,162790,0.0,0.0
2024-02-22 12:30:00-05:00,15.145000457763672,15.145000457763672,14.9399995803833,15.010000228881836,141490,0.0,0.0
2024-02-22 13:30:00-05:00,15.010000228881836,15.234999656677246,15.009300231933594,15.204999923706055,242503,0.0,0.0
2024-02-22 14:30:00-05:00,15.204999923706055,15.204999923706055,15.100000381469727,15.194999694824219,242425,0.0,0.0
2024-02-22 15:30:00-05:00,15.194999694824219,15.335000038146973,15.15999984741211,15.279999732971191,562839,0.0,0.0
2024-02-23 09:30:00-05:00,15.369999885559082,15.75,15.3100004196167,15.614999771118164,240257,0.0,0.0
2024-02-23 10:30:00-05:00,15.614999771118164,15.630000114440918,15.5649995803833,15.585000038146973,200050,0.0,0.0
2024-02-23 11:30:00-05:00,15.579999923706055,15.704999923706055,15.569999694824219,15.704999923706055,106114,0.0,0.0
2024-02-23 12:30:00-05:00,15.699999809265137,15.845000267028809,15.694999694824219,15.845000267028809,124856,0.0,0.0
2024-02-23 13:30:00-05:00,15.845000267028809,15.90999984741211,15.845000267028809,15.885000228881836,104937,0.0,0.0
2024-02-23 14:30:00-05:00,15.885000228881836,15.90999984741211,15.805000305175781,15.904999732971191,154750,0.0,0.0
2024-02-23 15:30:00-05:00,15.904999732971191,15.9399995803833,15.729999542236328,15.75,670680,0.0,0.0
2024-02-26 09:30:00-05:00,15.680000305175781,15.725000381469727,15.515000343322754,15.524999618530273,105802,0.0,0.0
2024-02-26 10:30:00-05:00,15.524999618530273,15.550000190734863,15.444999694824219,15.53499984741211,73675,0.0,0.0
2024-02-26 11:30:00-05:00,15.53499984741211,15.675000190734863,15.520000457763672,15.675000190734863,153281,0.0,0.0
2024-02-26 12:30:00-05:00,15.675000190734863,15.720000267028809,15.635000228881836,15.67199993133545,102794,0.0,0.0
2024-02-26 13:30:00-05:00,15.664999961853027,15.8100004196167,15.664999961853027,15.805000305175781,247731,0.0,0.0
2024-02-26 14:30:00-05:00,15.805000305175781,15.9399995803833,15.789999961853027,15.925000190734863,218854,0.0,0.0
2024-02-26 15:30:00-05:00,15.930000305175781,16.030000686645508,15.930000305175781,15.970000267028809,377055,0.0,0.0
2024-02-27 09:30:00-05:00,16.1200008392334,16.229999542236328,16.020000457763672,16.149999618530273,244280,0.0,0.0
2024-02-27 10:30:00-05:00,16.156400680541992,16.18000030517578,16.079999923706055,16.114999771118164,102253,0.0,0.0
2024-02-27 11:30:00-05:00,16.115999221801758,16.260000228881836,16.110000610351562,16.209999084472656,90287,0.0,0.0
2024-02-27 12:30:00-05:00,16.209999084472656,16.21500015258789,16.059999465942383,16.114999771118164,88200,0.0,0.0
2024-02-27 13:30:00-05:00,16.110000610351562,16.200000762939453,16.094999313354492,16.145000457763672,99903,0.0,0.0
2024-02-27 14:30:00-05:00,16.145000457763672,16.200000762939453,16.094999313354492,16.174999237060547,139329,0.0,0.0
2024-02-27 15:30:00-05:00,16.18000030517578,16.280000686645508,16.174999237060547,16.25,222441,0.0,0.0
2024-02-28 09:30:00-05:00,16.139999389648438,16.239999771118164,16.049999237060547,16.139999389648438,78500,0.0,0.0
2024-02-28 10:30:00-05:00,16.149999618530273,16.184999465942383,16.059999465942383,16.06999969482422,110623,0.0,0.0
2024-02-28 11:30:00-05:00,16.059999465942383,16.100000381469727,16.030000686645508,16.09000015258789,35656,0.0,0.0
2024-02-28 12:30:00-05:00,16.09000015258789,16.200000762939453,16.075000762939453,16.190000534057617,59696,0.0,0.0
2024-02-28 13:30:00-05:00,16.190000534057617,16.2549991607666,16.18000030517578,16.225000381469727,80321,0.0,0.0
2024-02-28 14:30:00-05:00,16.219999313354492,16.280000686645508,16.19499969482422,16.280000686645508,82792,0.0,0.0
2024-02-28 15:30:00-05:00,16.280000686645508,16.309999465942383,16.250699996948242,16.280000686645508,172630,0.0,0.0
2024-02-29 09:30:00-05:00,16.360000610351562,16.424999237060547,16.239999771118164,16.260000228881836,69790,0.0,0.0
2024-02-29 10:30:00-05:00,16.264999389648438,16.30500030517578,16.170000076293945,16.21500015258789,58545,0.0,0.0
2024-02-29 11:30:00-05:00,16.209999084472656,16.2549991607666,16.135000228881836,16.165000915527344,89235,0.0,0.0
2024-02-29 12:30:00-05:00,16.165000915527344,16.229999542236328,16.155000686645508,16.225000381469727,56856,0.0,0.0
2024-02-29 13:30:00-05:00,16.219999313354492,16.229999542236328,16.15999984741211,16.15999984741211,64276,0.0,0.0
2024-02-29 14:30:00-05:00,16.15999984741211,16.219999313354492,16.1299991607666,16.165000915527344,156548,0.0,0.0
2024-02-29 15:30:00-05:00,16.165000915527344,16.270000457763672,16.15999984741211,16.200000762939453,304321,0.0,0.0
2024-03-01 09:30:00-05:00,16.149999618530273,16.299999237060547,16.1200008392334,16.235000610351562,129913,0.0,0.0
2024-03-01 10:30:00-05:00,16.239999771118164,16.239999771118164,16.104999542236328,16.125,59996,0.0,0.0
2024-03-01 11:30:00-05:00,16.1200008392334,16.209999084472656,16.1200008392334,16.19499969482422,48783,0.0,0.0
2024-03-01 12:30:00-05:00,16.190000534057617,16.219999313354492,16.149999618530273,16.149999618530273,51824,0.0,0.0
2024-03-01 13:30:00-05:00,16.149999618530273,16.18000030517578,16.139999389648438,16.15999984741211,51416,0.0,0.0
2024-03-01 14:30:00-05:00,16.15999984741211,16.204999923706055,16.149999618530273,16.190000534057617,77942,0.0,0.0
2024-03-01 15:30:00-05:00,16.190000534057617,16.209999084472656,16.149999618530273,16.149999618530273,139579,0.0,0.0
2024-03-04 09:30:00-05:00,16.1299991607666,16.260000228881836,16.1200008392334,16.209999084472656,86489,0.0,0.0
2024-03-04 10:30:00-05:00,16.21500015258789,16.225000381469727,16.149999618530273,16.19499969482422,42149,0.0,0.0
2024-03-04 11:30:00-05:00,16.19499969482422,16.2450008392334,16.190000534057617,16.239999771118164,94639,0.0,0.0
2024-03-04 12:30:00-05:00,16.235000610351562,16.235000610351562,16.18000030517578,16.209999084472656,111176,0.0,0.0
2024-03-04 13:30:00-05:00,16.204999923706055,16.219999313354492,16.139999389648438,16.209999084472656,55391,0.0,0.0
2024-03-04 14:30:00-05:00,16.209999084472656,16.209999084472656,16.170000076293945,16.18000030517578,100131,0.0,0.0
2024-03-04 15:30:00-05:00,16.18000030517578,16.229999542236328,16.149999618530273,16.209999084472656,206351,0.0,0.0
2024-03-05 09:30:00-05:00,16.139999389648438,16.274999618530273,16.1200008392334,16.22010040283203,156634,0.0,0.0
2024-03-05 10:30:00-05:00,16.229999542236328,16.229999542236328,16.125,16.155000686645508,92288,0.0,0.0
2024-03-05 11:30:00-05:00,16.155000686645508,16.235000610351562,16.155000686645508,16.204999923706055,80387,0.0,0.0
2024-03-05 12:30:00-05:00,16.204999923706055,16.260000228881836,16.190000534057617,16.2450008392334,46826,0.0,0.0
2024-03-05 13:30:00-05:00,16.2450008392334,16.2450008392334,16.125,16.207500457763672,68407,0.0,0.0
2024-03-05 14:30:00-05:00,16.200000762939453,16.200000762939453,16.09000015258789,16.149999618530273,159526,0.0,0.0
2024-03-05 15:30:00-05:00,16.149999618530273,16.239999771118164,16.1200008392334,16.239999771118164,309117,0.0,0.0
2024-03-06 09:30:00-05:00,16.280000686645508,16.440000534057617,16.239999771118164,16.315000534057617,85616,0.0,0.0
2024-03-06 10:30:00-05:00,16.30500030517578,16.364999771118164,16.270000457763672,16.350000381469727,68550,0.0,0.0
2024-03-06 11:30:00-05:00,16.344999313354492,16.389999389648438,16.239999771118164,16.274999618530273,109581,0.0,0.0
2024-03-06 12:30:00-05:00,16.270000457763672,16.290000915527344,16.145000457763672,16.200000762939453,73720,0.0,0.0
2024-03-06 13:30:00-05:00,16.204999923706055,16.21500015258789,16.100000381469727,16.1299991607666,227279,0.0,0.0
2024-03-06 14:30:00-05:00,16.139999389648438,16.155000686645508,16.104999542236328,16.1299991607666,123745,0.0,0.0
2024-03-06 15:30:00-05:00,16.1299991607666,16.209999084472656,16.1200008392334,16.209999084472656,232751,0.0,0.0
2024-03-07 09:30:00-05:00,16.25,16.3700008392334,16.190000534057617,16.31999969482422,103472,0.0,0.0
2024-03-07 10:30:00-05:00,16.31999969482422,16.360000610351562,16.270000457763672,16.299999237060547,93936,0.0,0.0
2024-03-07 11:30:00-05:00,16.299999237060547,16.334999084472656,16.239999771118164,16.274999618530273,58683,0.0,0.0
2024-03-07 12:30:00-05:00,16.274999618530273,16.350000381469727,16.264999389648438,16.350000381469727,80422,0.0,0.0
2024-03-07 13:30:00-05:00,16.357500076293945,16.405000686645508,16.350000381469727,16.360000610351562,87470,0.0,0.0
2024-03-07 14:30:00-05:00,16.354999542236328,16.3700008392334,16.329999923706055,16.344999313354492,106100,0.0,0.0
2024-03-07 15:30:00-05:00,16.344999313354492,16.40999984741211,16.334999084472656,16.399999618530273,255718,0.0,0.0
2024-03-08 09:30:00-05:00,16.440000534057617,16.559999465942383,16.40999984741211,16.440000534057617,91019,0.0,0.0
2024-03-08 10:30:00-05:00,16.43000030517578,16.469999313354492,16.405000686645508,16.43000030517578,54795,0.0,0.0
2024-03-08 11:30:00-05:00,16.42329978942871,16.454999923706055,16.38010025024414,16.395000457763672,44014,0.0,0.0
2024-03-08 12:30:00-05:00,16.399999618530273,16.40999984741211,16.360000610351562,16.405000686645508,92022,0.0,0.0
2024-03-08 13:30:00-05:00,16.399999618530273,16.489999771118164,16.3700008392334,16.485000610351562,61207,0.0,0.0
2024-03-08 14:30:00-05:00,16.485000610351562,16.540000915527344,16.485000610351562,16.4950008392334,131599,0.0,0.0
2024-03-08 15:30:00-05:00,16.4950008392334,16.520000457763672,16.469999313354492,16.510000228881836,166346,0.0,0.0
2024-03-11 09:30:00-04:00,16.5,16.68000030517578,16.459999084472656,16.670000076293945,68586,0.0,0.0
2024-03-11 10:30:00-04:00,16.665000915527344,16.674999237060547,16.475000381469727,16.489999771118164,341922,0.0,0.0
2024-03-11 11:30:00-04:00,16.4950008392334,16.4950008392334,16.450000762939453,16.454999923706055,58856,0.0,0.0
2024-03-11 12:30:00-04:00,16.459999084472656,16.55500030517578,16.450000762939453,16.549999237060547,61868,0.0,0.0
2024-03-11 13:30:00-04:00,16.549999237060547,16.55500030517578,16.44499969482422,16.46500015258789,67359,0.0,0.0
2024-03-11 14:30:00-04:00,16.469999313354492,16.55500030517578,16.4689998626709,16.549999237060547,68390,0.0,0.0
2024-03-11 15:30:00-04:00,16.549999237060547,16.56999969482422,16.489999771118164,16.56999969482422,210786,0.0,0.0
2024-03-12 09:30:00-04:00,16.530000686645508,16.69499969482422,16.510000228881836,16.674999237060547,196584,0.0,0.0
2024-03-12 10:30:00-04:00,16.68000030517578,16.729999542236328,16.6299991607666,16.700000762939453,75069,0.0,0.0
2024-03-12 11:30:00-04:00,16.700000762939453,16.7549991607666,16.68000030517578,16.69499969482422,71490,0.0,0.0
2024-03-12 12:30:00-04:00,16.700000762939453,16.795000076293945,16.700000762939453,16.774999618530273,71259,0.0,0.0
2024-03-12 13:30:00-04:00,16.774999618530273,16.954999923706055,16.764999389648438,16.954999923706055,86072,0.0,0.0
2024-03-12 14:30:00-04:00,16.959999084472656,17.079999923706055,16.922500610351562,17.05500030517578,371835,0.0,0.0
2024-03-12 15:30:00-04:00,17.05500030517578,17.139999389648438,17.040000915527344,17.084999084472656,251025,0.0,0.0
2024-03-13 09:30:00-04:00,17.1200008392334,17.31999969482422,17.059999465942383,17.190000534057617,299660,0.0,0.0
2024-03-13 10:30:00-04:00,17.184999465942383,17.34000015258789,17.084999084472656,17.32990074157715,371454,0.0,0.0
2024-03-13 11:30:00-04:00,17.31999969482422,17.415000915527344,17.31999969482422,17.405000686645508,233800,0.0,0.0
2024-03-13 12:30:00-04:00,17.405000686645508,17.526100158691406,17.399999618530273,17.4950008392334,101240,0.0,0.0
2024-03-13 13:30:00-04:00,17.4950008392334,17.6200008392334,17.489999771118164,17.59000015258789,258313,0.0,0.0
2024-03-13 14:30:00-04:00,17.594999313354492,17.639999389648438,17.510000228881836,17.549999237060547,325549,0.0,0.0
2024-03-13 15:30:00-04:00,17.559999465942383,17.614999771118164,17.524999618530273,17.579999923706055,436354,0.0,0.0
2024-03-14 09:30:00-04:00,17.540000915527344,17.690000534057617,17.52079963684082,17.559799194335938,108515,0.0,0.0
2024-03-14 10:30:00-04:00,17.55500030517578,17.6200008392334,17.469999313354492,17.4950008392334,70644,0.0,0.0
2024-03-14 11:30:00-04:00,17.4950008392334,17.5,17.375,17.375,61116,0.0,0.0
2024-03-14 12:30:00-04:00,17.3700008392334,17.3799991607666,17.270000457763672,17.31999969482422,43573,0.0,0.0
2024-03-14 13:30:00-04:00,17.31999969482422,17.385000228881836,17.264999389648438,17.274999618530273,43409,0.0,0.0
2024-03-14 14:30:00-04:00,17.274999618530273,17.360000610351562,17.270000457763672,17.344999313354492,263492,0.0,0.0
2024-03-14 15:30:00-04:00,17.344999313354492,17.440000534057617,17.334999084472656,17.43950080871582,221317,0.0,0.0
2024-03-15 09:30:00-04:00,17.31999969482422,17.610000610351562,17.31999969482422,17.450000762939453,311524,0.0,0.0
2024-03-15 10:30:00-04:00,17.454999923706055,17.479999542236328,17.34000015258789,17.43000030517578,107327,0.0,0.0
2024-03-15 11:30:00-04:00,17.43000030517578,17.520000457763672,17.399999618530273,17.4950008392334,82474,0.0,0.0
2024-03-15 12:30:00-04:00,17.49519920349121,17.524999618530273,17.450000762939453,17.5049991607666,93429,0.0,0.0
2024-03-15 13:30:00-04:00,17.5,17.540000915527344,17.424999237060547,17.450000762939453,77011,0.0,0.0
2024-03-15 14:30:00-04:00,17.44499969482422,17.469999313354492,17.3700008392334,17.399999618530273,303064,0.0,0.0
2024-03-15 15:30:00-04:00,17.40999984741211,17.43000030517578,17.371000289916992,17.381000518798828,335535,0.0,0.0
2024-03-18 09:30:00-04:00,17.360000610351562,17.674999237060547,17.350000381469727,17.635000228881836,93082,0.0,0.0
2024-03-18 10:30:00-04:00,17.635000228881836,17.774999618530273,17.6299991607666,17.75,133977,0.0,0.0
2024-03-18 11:30:00-04:00,17.7549991607666,17.780000686645508,17.625,17.739999771118164,160404,0.0,0.0
2024-03-18 12:30:00-04:00,17.739999771118164,17.770000457763672,17.684999465942383,17.735000610351562,104135,0.0,0.0
2024-03-18 13:30:00-04:00,17.735000610351562,17.75,17.670000076293945,17.739999771118164,160127,0.0,0.0
2024-03-18 14:30:00-04:00,17.739999771118164,17.790000915527344,17.709999084472656,17.735000610351562,170933,0.0,0.0
2024-03-18 15:30:00-04:00,17.739999771118164,17.790000915527344,17.719999313354492,17.760000228881836,219933,0.0,0.0
2024-03-19 09:30:00-04:00,17.770000457763672,17.93000030517578,17.719999313354492,17.73259925842285,216396,0.0,0.0
2024-03-19 10:30:00-04:00,17.739999771118164,17.834999084472656,17.729999542236328,17.735000610351562,125794,0.0,0.0
2024-03-19 11:30:00-04:00,17.739999771118164,17.829999923706055,17.719999313354492,17.829999923706055,85189,0.0,0.0
2024-03-19 12:30:00-04:00,17.825000762939453,17.924999237060547,17.81999969482422,17.875,118993,0.0,0.0
2024-03-19 13:30:00-04:00,17.8700008392334,17.940000534057617,17.829999923706055,17.920000076293945,102289,0.0,0.0
2024-03-19 14:30:00-04:00,17.924999237060547,17.924999237060547,17.84000015258789,17.84000015258789,120064,0.0,0.0
2024-03-19 15:30:00-04:00,17.844999313354492,17.93000030517578,17.81999969482422,17.81999969482422,449635,0.0,0.0
2024-03-20 09:30:00-04:00,17.860000610351562,17.889999389648438,17.80500030517578,17.885000228881836,87614,0.0,0.0
2024-03-20 10:30:00-04:00,17.889999389648438,17.979999542236328,17.889999389648438,17.950000762939453,80769,0.0,0.0
2024-03-20 11:30:00-04:00,17.94499969482422,18.020000457763672,17.860000610351562,18.014999389648438,68767,0.0,0.0
2024-03-20 12:30:00-04:00,18.010000228881836,18.049999237060547,17.989999771118164,18.024999618530273,41998,0.0,0.0
2024-03-20 13:30:00-04:00,18.020000457763672,18.149999618530273,17.989999771118164,18.079999923706055,152255,0.0,0.0
2024-03-20 14:30:00-04:00,18.079999923706055,18.139999389648438,17.969999313354492,18.084999084472656,455863,0.0,0.0
2024-03-20 15:30:00-04:00,18.09000015258789,18.125,18.030000686645508,18.030000686645508,185602,0.0,0.0
2024-03-21 09:30:00-04:00,18.049999237060547,18.135000228881836,17.981000900268555,18.125,156024,0.0,0.0
2024-03-21 10:30:00-04:00,18.125,18.2549991607666,18.100000381469727,18.229999542236328,337622,0.0,0.0
2024-03-21 11:30:00-04:00,18.229999542236328,18.295000076293945,18.204999923706055,18.295000076293945,123727,0.0,0.0
2024-03-21 12:30:00-04:00,18.290000915527344,18.30500030517578,18.2450008392334,18.264999389648438,197600,0.0,0.0
2024-03-21 13:30:00-04:00,18.260000228881836,18.264999389648438,18.225000381469727,18.2450008392334,124746,0.0,0.0
2024-03-21 14:30:00-04:00,18.2450008392334,18.290000915527344,18.21500015258789,18.290000915527344,159642,0.0,0.0
2024-03-21 15:30:00-04:00,18.28499984741211,18.30500030517578,18.200000762939453,18.200000762939453,642535,0.0,0.0
2024-03-22 09:30:00-04:00,18.239999771118164,18.489999771118164,18.239999771118164,18.479999542236328,203869,0.0,0.0
2024-03-22 10:30:00-04:00,18.489999771118164,18.489999771118164,18.25,18.354999542236328,335649,0.0,0.0
2024-03-22 11:30:00-04:00,18.350000381469727,18.385000228881836,18.295000076293945,18.350000381469727,119147,0.0,0.0
2024-03-22 12:30:00-04:00,18.360000610351562,18.43000030517578,18.34000015258789,18.350000381469727,53286,0.0,0.0
2024-03-22 13:30:00-04:00,18.350000381469727,18.375,18.2450008392334,18.325000762939453,141108,0.0,0.0
2024-03-22 14:30:00-04:00,18.325000762939453,18.329999923706055,18.2450008392334,18.295000076293945,112505,0.0,0.0
2024-03-22 15:30:00-04:00,18.295000076293945,18.295000076293945,18.170000076293945,18.18000030517578,329400,0.0,0.0
2024-03-25 09:30:00-04:00,18.25,18.385000228881836,18.170000076293945,18.260000228881836,249188,0.0,0.0
2024-03-25 10:30:00-04:00,18.260000228881836,18.31999969482422,18.209999084472656,18.2549991607666,141681,0.0,0.0
2024-03-25 11:30:00-04:00,18.2549991607666,18.385000228881836,18.25,18.260000228881836,470767,0.0,0.0
2024-03-25 12:30:00-04:00,18.2549991607666,18.31999969482422,18.2549991607666,18.315000534057617,71172,0.0,0.0
2024-03-25 13:30:00-04:00,18.315000534057617,18.329999923706055,18.270000457763672,18.325000762939453,59435,0.0,0.0
2024-03-25 14:30:00-04:00,18.325000762939453,18.350000381469727,18.309999465942383,18.325000762939453,203023,0.0,0.0
2024-03-25 15:30:00-04:00,18.31999969482422,18.360000610351562,18.309999465942383,18.350000381469727,277742,0.0,0.0
2024-03-26 09:30:00-04:00,18.459999084472656,18.459999084472656,18.325000762939453,18.334999084472656,83533,0.0,0.0
2024-03-26 10:30:00-04:00,18.329999923706055,18.360000610351562,18.295000076293945,18.350000381469727,84382,0.0,0.0
2024-03-26 11:30:00-04:00,18.350000381469727,18.350000381469727,18.251399993896484,18.264999389648438,82176,0.0,0.0
2024-03-26 12:30:00-04:00,18.264999389648438,18.270000457763672,18.2450008392334,18.270000457763672,87745,0.0,0.0
2024-03-26 13:30:00-04:00,18.270000457763672,18.34000015258789,18.239999771118164,18.28499984741211,118514,0.0,0.0
2024-03-26 14:30:00-04:00,18.28499984741211,18.290000915527344,18.200000762939453,18.225000381469727,95936,0.0,0.0
2024-03-26 15:30:00-04:00,18.225000381469727,18.2450008392334,18.145000457763672,18.149999618530273,306946,0.0,0.0
2024-03-27 09:30:00-04:00,18.229999542236328,18.329999923706055,18.229999542236328,18.309999465942383,86532,0.0,0.0
2024-03-27 10:30:00-04:00,18.315000534057617,18.34000015258789,18.225000381469727,18.235000610351562,89666,0.0,0.0
2024-03-27 11:30:00-04:00,18.229999542236328,18.235000610351562,18.15999984741211,18.165000915527344,74455,0.0,0.0
2024-03-27 12:30:00-04:00,18.170000076293945,18.200000762939453,18.145000457763672,18.184999465942383,86399,0.0,0.0
2024-03-27 13:30:00-04:00,18.188600540161133,18.280000686645508,18.18000030517578,18.280000686645508,69409,0.0,0.0
2024-03-27 14:30:00-04:00,18.280000686645508,18.295000076293945,18.174999237060547,18.21500015258789,113610,0.0,0.0
2024-03-27 15:30:00-04:00,18.21500015258789,18.229999542236328,18.18000030517578,18.190000534057617,268411,0.0,0.0
2024-03-28 09:30:00-04:00,18.190000534057617,18.354999542236328,18.110000610351562,18.315000534057617,142884,0.0,0.0
2024-03-28 10:30:00-04:00,18.31599998474121,18.3700008392334,18.280000686645508,18.354999542236328,64148,0.0,0.0
2024-03-28 11:30:00-04:00,18.350000381469727,18.3799991607666,18.329999923706055,18.344999313354492,68547,0.0,0.0
2024-03-28 12:30:00-04:00,18.34600067138672,18.350000381469727,18.309999465942383,18.325000762939453,43105,0.0,0.0
2024-03-28 13:30:00-04:00,18.325000762939453,18.329999923706055,18.274999618530273,18.28499984741211,53917,0.0,0.0
2024-03-28 14:30:00-04:00,18.280000686645508,18.31999969482422,18.25,18.315000534057617,89024,0.0,0.0
2024-03-28 15:30:00-04:00,18.309999465942383,18.31999969482422,18.198999404907227,18.209999084472656,189698,0.0,0.0
2024-04-01 09:30:00-04:00,18.280000686645508,18.299999237060547,18.170000076293945,18.170000076293945,66039,0.0,0.0
2024-04-01 10:30:00-04:00,18.170000076293945,18.18000030517578,18.094999313354492,18.104999542236328,65115,0.0,0.0
2024-04-01 11:30:00-04:00,18.09000015258789,18.239999771118164,18.045000076293945,18.239999771118164,132530,0.0,0.0
2024-04-01 12:30:00-04:00,18.235000610351562,18.290000915527344,18.229999542236328,18.260000228881836,80323,0.0,0.0
2024-04-01 13:30:00-04:00,18.264999389648438,18.28499984741211,18.219999313354492,18.25,64902,0.0,0.0
2024-04-01 14:30:00-04:00,18.2450008392334,18.2450008392334,18.165000915527344,18.170000076293945,56992,0.0,0.0
2024-04-01 15:30:00-04:00,18.174999237060547,18.2450008392334,18.15999984741211,18.209999084472656,139919,0.0,0.0
2024-04-02 09:30:00-04:00,18.040000915527344,18.174999237060547,18.030000686645508,18.155000686645508,150760,0.0,0.0
2024-04-02 10:30:00-04:00,18.155000686645508,18.290000915527344,18.155000686645508,18.204999923706055,99538,0.0,0.0
2024-04-02 11:30:00-04:00,18.209999084472656,18.209999084472656,18.139999389648438,18.165000915527344,65996,0.0,0.0
2024-04-02 12:30:00-04:00,18.15999984741211,18.18000030517578,18.079999923706055,18.114999771118164,49539,0.0,0.0
2024-04-02 13:30:00-04:00,18.110000610351562,18.110000610351562,18.020000457763672,18.065000534057617,68991,0.0,0.0
2024-04-02 14:30:00-04:00,18.065000534057617,18.200000762939453,18.059999465942383,18.197500228881836,118670,0.0,0.0
2024-04-02 15:30:00-04:00,18.190000534057617,18.260000228881836,18.174999237060547,18.209999084472656,210884,0.0,0.0
2024-04-03 09:30:00-04:00,17.889999389648438,18.1200008392334,17.75,18.100000381469727,235794,0.0,0.0
2024-04-03 10:30:00-04:00,18.100000381469727,18.177499771118164,18.06999969482422,18.139999389648438,147508,0.0,0.0
2024-04-03 11:30:00-04:00,18.139999389648438,18.139999389648438,17.959999084472656,18.047500610351562,157963,0.0,0.0
2024-04-03 12:30:00-04:00,18.045000076293945,18.059999465942383,17.979999542236328,18.03499984741211,118125,0.0,0.0
2024-04-03 13:30:00-04:00,18.03499984741211,18.09000015258789,18.0,18.084999084472656,185009,0.0,0.0
2024-04-03 14:30:00-04:00,18.084999084472656,18.149999618530273,18.049999237060547,18.05500030517578,123264,0.0,0.0
2024-04-03 15:30:00-04:00,18.059999465942383,18.06999969482422,18.020000457763672,18.059999465942383,161546,0.0,0.0
2024-04-04 09:30:00-04:00,18.229999542236328,18.280000686645508,18.131000518798828,18.184999465942383,46692,0.0,0.0
2024-04-04 10:30:00-04:00,18.190000534057617,18.219999313354492,18.149999618530273,18.18000030517578,82247,0.0,0.0
2024-04-04 11:30:00-04:00,18.174999237060547,18.18000030517578,18.06999969482422,18.100000381469727,104882,0.0,0.0
2024-04-04 12:30:00-04:00,18.09000015258789,18.110000610351562,18.06999969482422,18.110000610351562,39497,0.0,0.0
2024-04-04 13:30:00-04:00,18.100000381469727,18.1299991607666,18.010000228881836,18.014999389648438,83353,0.0,0.0
2024-04-04 14:30:00-04:00,18.010000228881836,18.010000228881836,17.860000610351562,17.860000610351562,107052,0.0,0.0
2024-04-04 15:30:00-04:00,17.860000610351562,17.979999542236328,17.795000076293945,17.950000762939453,236518,0.0,0.0
2024-04-05 09:30:00-04:00,17.899999618530273,17.899999618530273,17.719999313354492,17.729999542236328,80758,0.0,0.0
2024-04-05 10:30:00-04:00,17.725000381469727,17.829999923706055,17.700000762939453,17.815000534057617,117715,0.0,0.0
2024-04-05 11:30:00-04:00,17.815000534057617,18.014999389648438,17.80500030517578,17.969999313354492,72039,0.0,0.0
2024-04-05 12:30:00-04:00,17.96500015258789,17.96500015258789,17.829999923706055,17.860000610351562,63626,0.0,0.0
2024-04-05 13:30:00-04:00,17.860000610351562,17.90999984741211,17.815000534057617,17.829999923706055,83799,0.0,0.0
2024-04-05 14:30:00-04:00,17.834999084472656,18.014999389648438,17.825000762939453,17.934999465942383,122559,0.0,0.0
2024-04-05 15:30:00-04:00,17.93000030517578,17.954999923706055,17.895000457763672,17.920000076293945,104963,0.0,0.0
2024-04-08 09:30:00-04:00,17.850000381469727,17.989999771118164,17.829999923706055,17.954999923706055,61998,0.0,0.0
2024-04-08 10:30:00-04:00,17.95599937438965,18.0,17.920000076293945,17.959999084472656,88156,0.0,0.0
2024-04-08 11:30:00-04:00,17.959999084472656,17.985000610351562,17.940000534057617,17.979999542236328,29265,0.0,0.0
2024-04-08 12:30:00-04:00,17.969999313354492,17.9950008392334,17.954999923706055,17.985000610351562,34323,0.0,0.0
2024-04-08 13:30:00-04:00,17.989999771118164,17.989999771118164,17.93000030517578,17.940000534057617,36608,0.0,0.0
2024-04-08 14:30:00-04:00,17.94499969482422,17.94499969482422,17.920000076293945,17.924999237060547,34982,0.0,0.0
2024-04-08 15:30:00-04:00,17.920000076293945,17.969999313354492,17.899999618530273,17.969999313354492,140448,0.0,0.0
2024-04-09 09:30:00-04:00,18.049999237060547,18.049999237060547,17.825000762939453,17.829999923706055,35112,0.0,0.0
2024-04-09 10:30:00-04:00,17.825000762939453,17.86750030517578,17.709999084472656,17.854999542236328,219233,0.0,0.0
2024-04-09 11:30:00-04:00,17.860000610351562,17.90999984741211,17.815000534057617,17.895000457763672,51036,0.0,0.0
2024-04-09 12:30:00-04:00,17.889999389648438,17.90999984741211,17.850000381469727,17.889999389648438,143325,0.0,0.0
2024-04-09 13:30:00-04:00,17.889999389648438,17.950000762939453,17.875,17.93000030517578,47861,0.0,0.0
2024-04-09 14:30:00-04:00,17.924999237060547,17.979999542236328,17.90999984741211,17.979999542236328,69901,0.0,0.0
2024-04-09 15:30:00-04:00,17.985000610351562,17.9950008392334,17.8799991607666,17.90999984741211,115205,0.0,0.0
2024-04-10 09:30:00-04:00,17.56999969482422,17.770000457763672,17.5,17.75,64903,0.0,0.0
2024-04-10 10:30:00-04:00,17.75,17.780000686645508,17.670000076293945,17.709999084472656,138198,0.0,0.0
2024-04-10 11:30:00-04:00,17.71500015258789,17.739999771118164,17.68000030517578,17.719999313354492,139006,0.0,0.0
2024-04-10 12:30:00-04:00,17.709999084472656,17.795000076293945,17.700000762939453,17.75,53116,0.0,0.0
2024-04-10 13:30:00-04:00,17.739999771118164,17.7549991607666,17.690000534057617,17.704999923706055,50963,0.0,0.0
2024-04-10 14:30:00-04:00,17.700000762939453,17.774999618530273,17.690000534057617,17.770000457763672,52761,0.0,0.0
2024-04-10 15:30:00-04:00,17.770000457763672,17.770000457763672,17.709999084472656,17.739999771118164,118126,0.0,0.0
2024-04-11 09:30:00-04:00,17.729999542236328,17.829999923706055,17.709999084472656,17.709999084472656,45186,0.0,0.0
2024-04-11 10:30:00-04:00,17.719999313354492,17.73900032043457,17.6299991607666,17.645000457763672,43670,0.0,0.0
2024-04-11 11:30:00-04:00,17.645000457763672,17.7450008392334,17.639999389648438,17.709999084472656,42944,0.0,0.0
2024-04-11 12:30:00-04:00,17.698999404907227,17.780000686645508,17.68000030517578,17.760000228881836,39222,0.0,0.0
2024-04-11 13:30:00-04:00,17.7549991607666,17.84000015258789,17.719999313354492,17.825000762939453,74343,0.0,0.0
2024-04-11 14:30:00-04:00,17.825000762939453,17.825000762939453,17.78499984741211,17.795000076293945,40967,0.0,0.0
2024-04-11 15:30:00-04:00,17.790000915527344,17.799999237060547,17.735000610351562,17.760000228881836,133680,0.0,0.0
2024-04-12 09:30:00-04:00,17.68000030517578,17.75,17.610000610351562,17.614999771118164,54332,0.0,0.0
2024-04-12 10:30:00-04:00,17.6200008392334,17.700000762939453,17.600000381469727,17.69499969482422,40822,0.0,0.0
2024-04-12 11:30:00-04:00,17.700000762939453,17.729999542236328,17.653900146484375,17.69499969482422,64435,0.0,0.0
2024-04-12 12:30:00-04:00,17.69499969482422,17.697500228881836,17.530000686645508,17.53499984741211,36318,0.0,0.0
2024-04-12 13:30:00-04:00,17.53499984741211,17.53499984741211,17.424999237060547,17.424999237060547,88691,0.0,0.0
2024-04-12 14:30:00-04:00,17.424999237060547,17.56999969482422,17.405000686645508,17.549999237060547,196128,0.0,0.0
2024-04-12 15:30:00-04:00,17.549999237060547,17.610000610351562,17.549999237060547,17.56999969482422,170454,0.0,0.0
2024-04-15 09:30:00-04:00,17.6200008392334,17.690000534057617,17.4950008392334,17.5,65140,0.0,0.0
2024-04-15 10:30:00-04:00,17.5,17.5575008392334,17.4950008392334,17.53499984741211,74415,0.0,0.0
2024-04-15 11:30:00-04:00,17.530000686645508,17.594999313354492,17.530000686645508,17.55500030517578,61292,0.0,0.0
2024-04-15 12:30:00-04:00,17.549999237060547,17.584999084472656,17.530000686645508,17.530000686645508,82705,0.0,0.0
2024-04-15 13:30:00-04:00,17.514999389648438,17.517499923706055,17.415000915527344,17.415000915527344,97132,0.0,0.0
2024-04-15 14:30:00-04:00,17.40999984741211,17.485000610351562,17.389999389648438,17.469999313354492,170572,0.0,0.0
2024-04-15 15:30:00-04:00,17.469999313354492,17.514999389648438,17.459999084472656,17.510000228881836,182702,0.0,0.0
2024-04-16 09:30:00-04:00,17.420000076293945,17.459999084472656,17.274999618530273,17.40999984741211,197835,0.0,0.0
2024-04-16 10:30:00-04:00,17.399999618530273,17.427499771118164,17.350000381469727,17.40999984741211,112633,0.0,0.0
2024-04-16 11:30:00-04:00,17.40999984741211,17.469999313354492,17.399999618530273,17.454999923706055,106503,0.0,0.0
2024-04-16 12:30:00-04:00,17.459999084472656,17.469999313354492,17.395000457763672,17.43000030517578,62997,0.0,0.0
2024-04-16 13:30:00-04:00,17.420000076293945,17.5,17.3700008392334,17.415000915527344,114670,0.0,0.0
2024-04-16 14:30:00-04:00,17.420000076293945,17.549999237060547,17.415000915527344,17.549999237060547,136492,0.0,0.0
2024-04-16 15:30:00-04:00,17.549999237060547,17.565000534057617,17.510000228881836,17.549999237060547,355235,0.0,0.0
2024-04-17 09:30:00-04:00,17.65999984741211,17.739999771118164,17.639999389648438,17.65250015258789,38358,0.0,0.0
2024-04-17 10:30:00-04:00,17.649999618530273,17.709999084472656,17.600000381469727,17.65999984741211,91383,0.0,0.0
2024-04-17 11:30:00-04:00,17.655000686645508,17.690000534057617,17.604999542236328,17.655000686645508,110726,0.0,0.0
2024-04-17 12:30:00-04:00,17.655000686645508,17.739999771118164,17.625,17.739999771118164,53811,0.0,0.0
2024-04-17 13:30:00-04:00,17.729999542236328,17.850000381469727,17.729999542236328,17.815000534057617,314921,0.0,0.0
2024-04-17 14:30:00-04:00,17.815000534057617,17.844999313354492,17.795000076293945,17.80500030517578,131430,0.0,0.0
2024-04-17 15:30:00-04:00,17.809999465942383,17.860000610351562,17.799999237060547,17.809999465942383,235449,0.0,0.0
2024-04-18 09:30:00-04:00,17.850000381469727,18.084999084472656,17.817899703979492,18.079999923706055,184291,0.0,0.0
2024-04-18 10:30:00-04:00,18.079999923706055,18.125,17.979999542236328,18.110000610351562,125835,0.0,0.0
2024-04-18 11:30:00-04:00,18.104999542236328,18.145000457763672,18.079999923706055,18.114999771118164,105166,0.0,0.0
2024-04-18 12:30:00-04:00,18.114999771118164,18.139999389648438,18.020000457763672,18.03499984741211,128749,0.0,0.0
2024-04-18 13:30:00-04:00,18.03499984741211,18.114999771118164,18.03499984741211,18.100000381469727,107753,0.0,0.0
2024-04-18 14:30:00-04:00,18.100000381469727,18.15999984741211,18.079999923706055,18.155000686645508,149438,0.0,0.0
2024-04-18 15:30:00-04:00,18.155000686645508,18.170000076293945,18.09000015258789,18.110000610351562,336679,0.0,0.0
2024-04-19 09:30:00-04:00,18.09000015258789,18.329999923706055,18.030000686645508,18.329999923706055,114996,0.0,0.0
2024-04-19 10:30:00-04:00,18.329999923706055,18.399999618530273,18.260000228881836,18.389999389648438,76978,0.0,0.0
2024-04-19 11:30:00-04:00,18.395000457763672,18.454999923706055,18.329999923706055,18.334999084472656,44628,0.0,0.0
2024-04-19 12:30:00-04:00,18.334999084472656,18.389999389648438,18.280000686645508,18.389999389648438,85598,0.0,0.0
2024-04-19 13:30:00-04:00,18.385000228881836,18.469999313354492,18.385000228881836,18.43000030517578,70141,0.0,0.0
2024-04-19 14:30:00-04:00,18.424999237060547,18.450000762939453,18.364999771118164,18.440000534057617,102092,0.0,0.0
2024-04-19 15:30:00-04:00,18.43000030517578,18.450000762939453,18.389999389648438,18.43000030517578,161065,0.0,0.0
2024-04-22 09:30:00-04:00,18.459999084472656,18.600000381469727,18.395000457763672,18.5802001953125,122357,0.0,0.0
2024-04-22 10:30:00-04:00,18.579999923706055,18.579999923706055,18.420000076293945,18.454999923706055,401687,0.0,0.0
2024-04-22 11:30:00-04:00,18.450000762939453,18.59000015258789,18.41010093688965,18.540000915527344,82314,0.0,0.0
2024-04-22 12:30:00-04:00,18.545000076293945,18.610000610351562,18.53499984741211,18.575000762939453,59268,0.0,0.0
2024-04-22 13:30:00-04:00,18.579999923706055,18.639999389648438,18.565000534057617,18.639999389648438,61623,0.0,0.0
2024-04-22 14:30:00-04:00,18.635000228881836,18.635000228881836,18.520000457763672,18.530000686645508,147778,0.0,0.0
2024-04-22 15:30:00-04:00,18.530000686645508,18.6299991607666,18.514999389648438,18.6299991607666,249949,0.0,0.0
2024-04-23 09:30:00-04:00,18.600000381469727,18.809999465942383,18.559999465942383,18.78499984741211,153574,0.0,0.0
2024-04-23 10:30:00-04:00,18.78499984741211,18.850000381469727,18.760000228881836,18.844999313354492,132800,0.0,0.0
2024-04-23 11:30:00-04:00,18.84000015258789,18.850000381469727,18.725000381469727,18.75,89133,0.0,0.0
2024-04-23 12:30:00-04:00,18.75,18.767499923706055,18.684999465942383,18.725000381469727,139359,0.0,0.0
2024-04-23 13:30:00-04:00,18.725000381469727,18.860000610351562,18.709999084472656,18.81999969482422,90708,0.0,0.0
2024-04-23 14:30:00-04:00,18.815000534057617,18.84000015258789,18.7549991607666,18.760000228881836,98860,0.0,0.0
2024-04-23 15:30:00-04:00,18.760000228881836,18.799999237060547,18.729999542236328,18.729999542236328,263447,0.0,0.0
2024-04-24 09:30:00-04:00,18.639999389648438,18.8700008392334,18.520000457763672,18.78499984741211,99405,0.0,0.0
2024-04-24 10:30:00-04:00,18.78499984741211,18.81999969482422,18.71500015258789,18.719999313354492,65110,0.0,0.0
2024-04-24 11:30:00-04:00,18.725000381469727,18.81999969482422,18.725000381469727,18.81999969482422,42068,0.0,0.0
2024-04-24 12:30:00-04:00,18.809999465942383,18.889999389648438,18.780000686645508,18.885000228881836,44130,0.0,0.0
2024-04-24 13:30:00-04:00,18.889999389648438,18.950000762939453,18.860000610351562,18.950000762939453,110555,0.0,0.0
2024-04-24 14:30:00-04:00,18.94499969482422,19.014999389648438,18.850000381469727,18.899999618530273,400257,0.0,0.0
2024-04-24 15:30:00-04:00,18.905000686645508,18.90999984741211,18.850000381469727,18.850000381469727,144730,0.0,0.0
2024-04-25 09:30:00-04:00,18.75,18.889999389648438,18.739999771118164,18.7450008392334,68150,0.0,0.0
2024-04-25 10:30:00-04:00,18.739999771118164,18.764999389648438,18.68000030517578,18.700000762939453,45453,0.0,0.0
2024-04-25 11:30:00-04:00,18.69499969482422,18.860000610351562,18.65999984741211,18.822200775146484,66664,0.0,0.0
2024-04-25 12:30:00-04:00,18.825000762939453,18.84000015258789,18.770000457763672,18.809999465942383,56849,0.0,0.0
2024-04-25 13:30:00-04:00,18.815000534057617,18.924999237060547,18.815000534057617,18.84000015258789,156780,0.0,0.0
2024-04-25 14:30:00-04:00,18.84000015258789,18.920000076293945,18.829999923706055,18.889999389648438,107277,0.0,0.0
2024-04-25 15:30:00-04:00,18.8799991607666,18.915000915527344,18.84000015258789,18.84000015258789,179634,0.0,0.0
2024-04-26 09:30:00-04:00,18.829999923706055,19.010000228881836,18.809999465942383,18.950000762939453,63228,0.0,0.0
2024-04-26 10:30:00-04:00,18.950000762939453,18.97249984741211,18.854999542236328,18.864999771118164,76522,0.0,0.0
2024-04-26 11:30:00-04:00,18.864999771118164,18.934999465942383,18.864999771118164,18.934999465942383,30304,0.0,0.0
2024-04-26 12:30:00-04:00,18.934999465942383,18.979999542236328,18.905000686645508,18.93000030517578,41213,0.0,0.0
2024-04-26 13:30:00-04:00,18.924999237060547,18.968799591064453,18.905000686645508,18.959999084472656,42145,0.0,0.0
2024-04-26 14:30:00-04:00,18.959999084472656,18.969999313354492,18.940000534057617,18.954999923706055,48879,0.0,0.0
2024-04-26 15:30:00-04:00,18.950000762939453,18.979999542236328,18.940000534057617,18.940000534057617,114478,0.0,0.0
2024-04-29 09:30:00-04:00,18.940000534057617,18.959999084472656,18.81999969482422,18.895000457763672,131845,0.0,0.0
2024-04-29 10:30:00-04:00,18.895000457763672,19.010000228881836,18.875,18.90999984741211,345880,0.0,0.0
2024-04-29 11:30:00-04:00,18.899999618530273,18.985000610351562,18.899999618530273,18.954999923706055,55563,0.0,0.0
2024-04-29 12:30:00-04:00,18.959999084472656,18.997499465942383,18.954999923706055,18.959999084472656,41218,0.0,0.0
2024-04-29 13:30:00-04:00,18.959999084472656,18.975000381469727,18.924999237060547,18.934999465942383,70970,0.0,0.0
2024-04-29 14:30:00-04:00,18.934999465942383,18.96500015258789,18.920000076293945,18.950000762939453,77529,0.0,0.0
2024-04-29 15:30:00-04:00,18.950000762939453,18.989999771118164,18.899999618530273,18.989999771118164,228662,0.0,0.0
2024-04-30 09:30:00-04:00,18.920000076293945,18.954999923706055,18.809999465942383,18.8799991607666,104915,0.0,0.0
2024-04-30 10:30:00-04:00,18.8799991607666,18.940000534057617,18.8799991607666,18.905000686645508,86877,0.0,0.0
2024-04-30 11:30:00-04:00,18.905000686645508,19.0,18.889999389648438,18.93000030517578,112821,0.0,0.0
2024-04-30 12:30:00-04:00,18.934999465942383,18.954999923706055,18.899999618530273,18.934999465942383,62421,0.0,0.0
2024-04-30 13:30:00-04:00,18.934999465942383,18.979999542236328,18.920000076293945,18.950000762939453,59620,0.0,0.0
2024-04-30 14:30:00-04:00,18.954999923706055,19.0049991607666,18.954999923706055,18.975000381469727,256446,0.0,0.0
2024-04-30 15:30:00-04:00,18.975000381469727,19.0,18.8700008392334,18.8700008392334,216971,0.0,0.0
2024-05-01 09:30:00-04:00,18.889999389648438,19.010000228881836,18.850000381469727,18.969999313354492,357853,0.0,0.0
2024-05-01 10:30:00-04:00,18.975000381469727,18.985000610351562,18.834999084472656,18.875,164941,0.0,0.0
2024-05-01 11:30:00-04:00,18.875,18.920000076293945,18.860000610351562,18.899999618530273,87452,0.0,0.0
2024-05-01 12:30:00-04:00,18.889999389648438,18.905000686645508,18.864999771118164,18.905000686645508,43394,0.0,0.0
2024-05-01 13:30:00-04:00,18.905000686645508,19.010000228881836,18.885000228881836,19.010000228881836,169890,0.0,0.0
2024-05-01 14:30:00-04:00,19.0049991607666,19.149999618530273,18.934999465942383,19.05500030517578,183493,0.0,0.0
2024-05-01 15:30:00-04:00,19.049999237060547,19.06999969482422,18.969999313354492,18.989999771118164,251101,0.0,0.0
2024-05-02 09:30:00-04:00,19.079999923706055,19.329999923706055,19.079999923706055,19.264999389648438,52375,0.0,0.0
2024-05-02 10:30:00-04:00,19.264999389648438,19.40999984741211,19.219999313354492,19.385000228881836,50586,0.0,0.0
2024-05-02 11:30:00-04:00,19.385000228881836,19.6200008392334,19.364999771118164,19.610000610351562,225696,0.0,0.0
2024-05-02 12:30:00-04:00,19.600000381469727,19.65999984741211,19.559999465942383,19.649999618530273,229034,0.0,0.0
2024-05-02 13:30:00-04:00,19.649999618530273,19.655000686645508,19.434999465942383,19.450000762939453,169421,0.0,0.0
2024-05-02 14:30:00-04:00,19.44499969482422,19.610000610351562,19.44499969482422,19.610000610351562,113863,0.0,0.0
2024-05-02 15:30:00-04:00,19.610000610351562,19.68000030517578,19.549999237060547,19.670000076293945,311397,0.0,0.0
2024-05-03 09:30:00-04:00,19.780000686645508,19.829999923706055,19.639999389648438,19.780000686645508,113996,0.0,0.0
2024-05-03 10:30:00-04:00,19.780000686645508,19.864999771118164,19.729999542236328,19.829999923706055,70540,0.0,0.0
2024-05-03 11:30:00-04:00,19.834999084472656,19.93000030517578,19.799999237060547,19.834999084472656,87068,0.0,0.0
2024-05-03 12:30:00-04:00,19.834999084472656,19.860000610351562,19.799999237060547,19.854999542236328,74425,0.0,0.0
2024-05-03 13:30:00-04:00,19.850000381469727,19.90999984741211,19.815000534057617,19.850000381469727,72252,0.0,0.0
2024-05-03 14:30:00-04:00,19.850000381469727,19.899999618530273,19.834999084472656,19.889999389648438,101831,0.0,0.0
2024-05-03 15:30:00-04:00,19.889999389648438,19.93000030517578,19.809999465942383,19.8799991607666,385013,0.0,0.0
2024-05-06 09:30:00-04:00,20.0,20.170000076293945,19.969999313354492,20.084999084472656,180823,0.0,0.0
2024-05-06 10:30:00-04:00,20.084999084472656,20.125,19.989999771118164,20.03499984741211,101467,0.0,0.0
2024-05-06 11:30:00-04:00,20.030000686645508,20.06999969482422,20.0,20.020000457763672,189136,0.0,0.0
2024-05-06 12:30:00-04:00,20.024999618530273,20.05500030517578,19.8700008392334,20.010000228881836,317081,0.0,0.0
2024-05-06 13:30:00-04:00,20.010000228881836,20.030000686645508,19.989999771118164,20.0,78346,0.0,0.0
2024-05-06 14:30:00-04:00,20.0049991607666,20.020000457763672,19.8799991607666,19.915000915527344,153176,0.0,0.0
2024-05-06 15:30:00-04:00,19.915000915527344,19.950000762939453,19.8799991607666,19.889999389648438,278992,0.0,0.0
2024-05-07 09:30:00-04:00,19.940000534057617,20.264999389648438,19.81999969482422,20.23900032043457,243344,0.0,0.0
2024-05-07 10:30:00-04:00,20.239999771118164,20.31999969482422,20.184999465942383,20.274999618530273,131097,0.0,0.0
2024-05-07 11:30:00-04:00,20.274999618530273,20.364999771118164,20.2549991607666,20.2549991607666,208101,0.0,0.0
2024-05-07 12:30:00-04:00,20.2549991607666,20.264999389648438,20.139999389648438,20.149999618530273,113713,0.0,0.0
2024-05-07 13:30:00-04:00,20.142099380493164,20.149999618530273,20.0,20.06999969482422,524800,0.0,0.0
2024-05-07 14:30:00-04:00,20.06999969482422,20.18000030517578,20.0,20.155000686645508,178401,0.0,0.0
2024-05-07 15:30:00-04:00,20.155000686645508,20.229999542236328,20.1299991607666,20.1299991607666,292386,0.0,0.0
2024-05-08 09:30:00-04:00,20.040000915527344,20.190000534057617,20.040000915527344,20.1299991607666,185544,0.0,0.0
2024-05-08 10:30:00-04:00,20.1200008392334,20.19499969482422,20.09000015258789,20.165000915527344,92649,0.0,0.0
2024-05-08 11:30:00-04:00,20.165000915527344,20.290000915527344,20.15999984741211,20.174999237060547,154136,0.0,0.0
2024-05-08 12:30:00-04:00,20.174999237060547,20.229999542236328,20.149999618530273,20.165000915527344,133328,0.0,0.0
2024-05-08 13:30:00-04:00,20.15999984741211,20.209999084472656,20.1299991607666,20.184999465942383,156392,0.0,0.0
2024-05-08 14:30:00-04:00,20.184999465942383,20.225000381469727,20.165000915527344,20.184999465942383,232289,0.0,0.0
2024-05-08 15:30:00-04:00,20.18000030517578,20.204999923706055,20.079999923706055,20.110000610351562,502918,0.0,0.0
2024-05-09 09:30:00-04:00,20.43000030517578,23.110000610351562,20.40999984741211,21.68000030517578,2370116,0.0,0.0
2024-05-09 10:30:00-04:00,21.670000076293945,21.920000076293945,21.170000076293945,21.31999969482422,675589,0.0,0.0
2024-05-09 11:30:00-04:00,21.309999465942383,21.6299991607666,21.290000915527344,21.545000076293945,487294,0.0,0.0
2024-05-09 12:30:00-04:00,21.549999237060547,21.579999923706055,21.280000686645508,21.30500030517578,299329,0.0,0.0
2024-05-09 13:30:00-04:00,21.299999237060547,21.399999618530273,21.165000915527344,21.280000686645508,207796,0.0,0.0
2024-05-09 14:30:00-04:00,21.290000915527344,21.360000610351562,20.94499969482422,20.96500015258789,442334,0.0,0.0
2024-05-09 15:30:00-04:00,20.959999084472656,21.100000381469727,20.889999389648438,20.989999771118164,716178,0.0,0.0
2024-05-10 09:30:00-04:00,21.209999084472656,21.690000534057617,21.18000030517578,21.44499969482422,711782,0.0,0.0
2024-05-10 10:30:00-04:00,21.450000762939453,21.604999542236328,21.389999389648438,21.540000915527344,314931,0.0,0.0
2024-05-10 11:30:00-04:00,21.530000686645508,21.59000015258789,21.469999313354492,21.479999542236328,232262,0.0,0.0
2024-05-10 12:30:00-04:00,21.47010040283203,21.5,21.309999465942383,21.360000610351562,115658,0.0,0.0
2024-05-10 13:30:00-04:00,21.360000610351562,21.420000076293945,21.34000015258789,21.344999313354492,121053,0.0,0.0
2024-05-10 14:30:00-04:00,21.344999313354492,21.350000381469727,21.229999542236328,21.25,185459,0.0,0.0
2024-05-10 15:30:00-04:00,21.25,21.30500030517578,21.170000076293945,21.18000030517578,543016,0.0,0.0
2024-05-13 09:30:00-04:00,21.350000381469727,21.459999084472656,21.229999542236328,21.434999465942383,238192,0.0,0.0
2024-05-13 10:30:00-04:00,21.434999465942383,21.4950008392334,21.375,21.389999389648438,391524,0.0,0.0
2024-05-13 11:30:00-04:00,21.395000457763672,21.46500015258789,21.378400802612305,21.3799991607666,115364,0.0,0.0
2024-05-13 12:30:00-04:00,21.389799118041992,21.415000915527344,21.309999465942383,21.309999465942383,77629,0.0,0.0
2024-05-13 13:30:00-04:00,21.31999969482422,21.325000762939453,21.24250030517578,21.270000457763672,119600,0.0,0.0
2024-05-13 14:30:00-04:00,21.270000457763672,21.274999618530273,21.145000457763672,21.155000686645508,128826,0.0,0.0
2024-05-13 15:30:00-04:00,21.149999618530273,21.19499969482422,21.09000015258789,21.09000015258789,453302,0.0,0.0
2024-05-14 09:30:00-04:00,21.229999542236328,21.399999618530273,21.209999084472656,21.2450008392334,182498,0.0,0.0
2024-05-14 10:30:00-04:00,21.239999771118164,21.280000686645508,21.18000030517578,21.25,85743,0.0,0.0
2024-05-14 11:30:00-04:00,21.25,21.2549991607666,21.09000015258789,21.100000381469727,214434,0.0,0.0
2024-05-14 12:30:00-04:00,21.100000381469727,21.1200008392334,21.059999465942383,21.094999313354492,94216,0.0,0.0
2024-05-14 13:30:00-04:00,21.097299575805664,21.155000686645508,21.059999465942383,21.100000381469727,321802,0.0,0.0
2024-05-14 14:30:00-04:00,21.100000381469727,21.110000610351562,20.985000610351562,21.014999389648438,215576,0.0,0.0
2024-05-14 15:30:00-04:00,21.014999389648438,21.219999313354492,20.979999542236328,21.209999084472656,340076,0.0,0.0
2024-05-15 09:30:00-04:00,21.260000228881836,21.360000610351562,21.139999389648438,21.219999313354492,75754,0.0,0.0
2024-05-15 10:30:00-04:00,21.229999542236328,21.364999771118164,21.229999542236328,21.34000015258789,89485,0.0,0.0
2024-05-15 11:30:00-04:00,21.34000015258789,21.440000534057617,21.34000015258789,21.350000381469727,73798,0.0,0.0
2024-05-15 12:30:00-04:00,21.350000381469727,21.3700008392334,21.30500030517578,21.325000762939453,66861,0.0,0.0
2024-05-15 13:30:00-04:00,21.31999969482422,21.459999084472656,21.290000915527344,21.44499969482422,137690,0.0,0.0
2024-05-15 14:30:00-04:00,21.44499969482422,21.450000762939453,21.354999542236328,21.354999542236328,80235,0.0,0.0
2024-05-15 15:30:00-04:00,21.360000610351562,21.420000076293945,21.344999313354492,21.360000610351562,144319,0.0,0.0
2024-05-16 09:30:00-04:00,21.360000610351562,21.389999389648438,21.280000686645508,21.290000915527344,41809,0.0,0.0
2024-05-16 10:30:00-04:00,21.280000686645508,21.290000915527344,21.19499969482422,21.264999389648438,102653,0.0,0.0
2024-05-16 11:30:00-04:00,21.260000228881836,21.270000457763672,21.209999084472656,21.260000228881836,51129,0.0,0.0
2024-05-16 12:30:00-04:00,21.260000228881836,21.299999237060547,21.229999542236328,21.2549991607666,254714,0.0,0.0
2024-05-16 13:30:00-04:00,21.260000228881836,21.28499984741211,21.19499969482422,21.19499969482422,394679,0.0,0.0
2024-05-16 14:30:00-04:00,21.200000762939453,21.270000457763672,21.094999313354492,21.260000228881836,275052,0.0,0.0
2024-05-16 15:30:00-04:00,21.260000228881836,21.260000228881836,21.1914005279541,21.239999771118164,332299,0.0,0.0
2024-05-17 09:30:00-04:00,21.40999984741211,21.559999465942383,21.200000762939453,21.34000015258789,169211,0.0,0.0
2024-05-17 10:30:00-04:00,21.349899291992188,21.405000686645508,21.334999084472656,21.3799991607666,164510,0.0,0.0
2024-05-17 11:30:00-04:00,21.385000228881836,21.479999542236328,21.34000015258789,21.405000686645508,87132,0.0,0.0
2024-05-17 12:30:00-04:00,21.399999618530273,21.420000076293945,21.360000610351562,21.3700008392334,65132,0.0,0.0
2024-05-17 13:30:00-04:00,21.364999771118164,21.434999465942383,21.350000381469727,21.3799991607666,111065,0.0,0.0
2024-05-17 14:30:00-04:00,21.385000228881836,21.5049991607666,21.385000228881836,21.473100662231445,162870,0.0,0.0
2024-05-17 15:30:00-04:00,21.475000381469727,21.520000457763672,21.420000076293945,21.520000457763672,272007,0.0,0.0
2024-05-20 09:30:00-04:00,22.0,22.260000228881836,21.969999313354492,22.09000015258789,302028,0.0,0.0
2024-05-20 10:30:00-04:00,22.094999313354492,22.110000610351562,21.989999771118164,22.020000457763672,69170,0.0,0.0
2024-05-20 11:30:00-04:00,22.014999389648438,22.059999465942383,21.889999389648438,21.905000686645508,109294,0.0,0.0
2024-05-20 12:30:00-04:00,21.905000686645508,21.934999465942383,21.851499557495117,21.864999771118164,52392,0.0,0.0
2024-05-20 13:30:00-04:00,21.864999771118164,21.889999389648438,21.80500030517578,21.81999969482422,79413,0.0,0.0
2024-05-20 14:30:00-04:00,21.815000534057617,21.8700008392334,21.809999465942383,21.844999313354492,93676,0.0,0.0
2024-05-20 15:30:00-04:00,21.844999313354492,21.850000381469727,21.75,21.780000686645508,222085,0.0,0.0
2024-05-21 09:30:00-04:00,21.719999313354492,21.809999465942383,21.624000549316406,21.739999771118164,42962,0.0,0.0
2024-05-21 10:30:00-04:00,21.739999771118164,21.829999923706055,21.690000534057617,21.799999237060547,976515,0.0,0.0
2024-05-21 11:30:00-04:00,21.799999237060547,21.81999969482422,21.71500015258789,21.809999465942383,112190,0.0,0.0
2024-05-21 12:30:00-04:00,21.805200576782227,21.9950008392334,21.799999237060547,21.9950008392334,180414,0.0,0.0
2024-05-21 13:30:00-04:00,22.0,22.0,21.84000015258789,21.850000381469727,117371,0.0,0.0
2024-05-21 14:30:00-04:00,21.850000381469727,22.0,21.850000381469727,21.975000381469727,130355,0.0,0.0
2024-05-21 15:30:00-04:00,21.975000381469727,22.149999618530273,21.975000381469727,22.149999618530273,273210,0.0,0.0
2024-05-22 09:30:00-04:00,22.0,22.079999923706055,21.93000030517578,21.9950008392334,95557,0.0,0.0
2024-05-22 10:30:00-04:00,21.975000381469727,22.1299991607666,21.920000076293945,22.059999465942383,115150,0.0,0.0
2024-05-22 11:30:00-04:00,22.065000534057617,22.15999984741211,22.049999237060547,22.15999984741211,47536,0.0,0.0
2024-05-22 12:30:00-04:00,22.15999984741211,22.219999313354492,22.1299991607666,22.209999084472656,50325,0.0,0.0
2024-05-22 13:30:00-04:00,22.209999084472656,22.25,22.104999542236328,22.104999542236328,67491,0.0,0.0
2024-05-22 14:30:00-04:00,22.104999542236328,22.200000762939453,22.084999084472656,22.18000030517578,78618,0.0,0.0
2024-05-22 15:30:00-04:00,22.18000030517578,22.260000228881836,22.149999618530273,22.239999771118164,281068,0.0,0.0
2024-05-23 09:30:00-04:00,22.209999084472656,22.31999969482422,22.0,22.110000610351562,89813,0.0,0.0
2024-05-23 10:30:00-04:00,22.110000610351562,22.1299991607666,21.950000762939453,21.979999542236328,86961,0.0,0.0
2024-05-23 11:30:00-04:00,21.979999542236328,22.079999923706055,21.96500015258789,22.079999923706055,80719,0.0,0.0
2024-05-23 12:30:00-04:00,22.06999969482422,22.155000686645508,22.024999618530273,22.155000686645508,90144,0.0,0.0
2024-05-23 13:30:00-04:00,22.149999618530273,22.155000686645508,22.0049991607666,22.020000457763672,164934,0.0,0.0
2024-05-23 14:30:00-04:00,22.024999618530273,22.100000381469727,21.989999771118164,22.094999313354492,107221,0.0,0.0
2024-05-23 15:30:00-04:00,22.094999313354492,22.15999984741211,22.049999237060547,22.15999984741211,350116,0.0,0.0
2024-05-24 09:30:00-04:00,22.239999771118164,22.280000686645508,22.09000015258789,22.270000457763672,61907,0.0,0.0
2024-05-24 10:30:00-04:00,22.270000457763672,22.469999313354492,22.229999542236328,22.440000534057617,61160,0.0,0.0
2024-05-24 11:30:00-04:00,22.440000534057617,22.600000381469727,22.389999389648438,22.56999969482422,119218,0.0,0.0
2024-05-24 12:30:00-04:00,22.575000762939453,22.600000381469727,22.530000686645508,22.579999923706055,59925,0.0,0.0
2024-05-24 13:30:00-04:00,22.579999923706055,22.700000762939453,22.549999237060547,22.645000457763672,201859,0.0,0.0
2024-05-24 14:30:00-04:00,22.639999389648438,22.719999313354492,22.639999389648438,22.71500015258789,85911,0.0,0.0
2024-05-24 15:30:00-04:00,22.719999313354492,22.75,22.639999389648438,22.65999984741211,283565,0.0,0.0
2024-05-28 09:30:00-04:00,22.950000762939453,22.950000762939453,22.700000762939453,22.84000015258789,287998,0.0,0.0
2024-05-28 10:30:00-04:00,22.84000015258789,22.899999618530273,22.68000030517578,22.760000228881836,132308,0.0,0.0
2024-05-28 11:30:00-04:00,22.760000228881836,22.760000228881836,22.584999084472656,22.649999618530273,81346,0.0,0.0
2024-05-28 12:30:00-04:00,22.649999618530273,22.655000686645508,22.44499969482422,22.53499984741211,110668,0.0,0.0
2024-05-28 13:30:00-04:00,22.530000686645508,22.649999618530273,22.489999771118164,22.600000381469727,60394,0.0,0.0
2024-05-28 14:30:00-04:00,22.594999313354492,22.594999313354492,22.524999618530273,22.56999969482422,71838,0.0,0.0
2024-05-28 15:30:00-04:00,22.56999969482422,22.6299991607666,22.540000915527344,22.6200008392334,213676,0.0,0.0
2024-05-29 09:30:00-04:00,22.459999084472656,22.639999389648438,22.3700008392334,22.575000762939453,168762,0.0,0.0
2024-05-29 10:30:00-04:00,22.610000610351562,22.719999313354492,22.43000030517578,22.450000762939453,179243,0.0,0.0
2024-05-29 11:30:00-04:00,22.454999923706055,22.5,22.3700008392334,22.489999771118164,59751,0.0,0.0
2024-05-29 12:30:00-04:00,22.489999771118164,22.5,22.40999984741211,22.4950008392334,42674,0.0,0.0
2024-05-29 13:30:00-04:00,22.4950008392334,22.520000457763672,22.415000915527344,22.440000534057617,205295,0.0,0.0
2024-05-29 14:30:00-04:00,22.440000534057617,22.440000534057617,22.200000762939453,22.200000762939453,107925,0.0,0.0
2024-05-29 15:30:00-04:00,22.204999923706055,22.239999771118164,22.1299991607666,22.15999984741211,257088,0.0,0.0
2024-05-30 09:30:00-04:00,22.200000762939453,22.40999984741211,22.200000762939453,22.3799991607666,67331,0.0,0.0
2024-05-30 10:30:00-04:00,22.3799991607666,22.440000534057617,22.290000915527344,22.399999618530273,64752,0.0,0.0
2024-05-30 11:30:00-04:00,22.399999618530273,22.420000076293945,22.31999969482422,22.375,48803,0.0,0.0
2024-05-30 12:30:00-04:00,22.375,22.479999542236328,22.360000610351562,22.43000030517578,41726,0.0,0.0
2024-05-30 13:30:00-04:00,22.43000030517578,22.46500015258789,22.3799991607666,22.420000076293945,43135,0.0,0.0
2024-05-30 14:30:00-04:00,22.420000076293945,22.459999084472656,22.3799991607666,22.395000457763672,96407,0.0,0.0
2024-05-30 15:30:00-04:00,22.399999618530273,22.420000076293945,22.295000076293945,22.3700008392334,203992,0.0,0.0
2024-05-31 09:30:00-04:00,22.5,22.700000762939453,22.40999984741211,22.510000228881836,75918,0.0,0.0
2024-05-31 10:30:00-04:00,22.510000228881836,22.600000381469727,22.499000549316406,22.600000381469727,90578,0.0,0.0
2024-05-31 11:30:00-04:00,22.584999084472656,22.700000762939453,22.549999237060547,22.690000534057617,157526,0.0,0.0
2024-05-31 12:30:00-04:00,22.68000030517578,22.709999084472656,22.625,22.655000686645508,169389,0.0,0.0
2024-05-31 13:30:00-04:00,22.655000686645508,22.65999984741211,22.469999313354492,22.559999465942383,88583,0.0,0.0
2024-05-31 14:30:00-04:00,22.565000534057617,22.6299991607666,22.55500030517578,22.559999465942383,83221,0.0,0.0
2024-05-31 15:30:00-04:00,22.549999237060547,22.579999923706055,22.520000457763672,22.56999969482422,259878,0.0,0.0
2024-06-03 09:30:00-04:00,22.6299991607666,22.790000915527344,22.290000915527344,22.309999465942383,104347,0.0,0.0
2024-06-03 10:30:00-04:00,22.309999465942383,22.459999084472656,22.264999389648438,22.459999084472656,41940,0.0,0.0
2024-06-03 11:30:00-04:00,22.450000762939453,22.510000228881836,22.43000030517578,22.489999771118164,39493,0.0,0.0
2024-06-03 12:30:00-04:00,22.479999542236328,22.5049991607666,22.350000381469727,22.440000534057617,59352,0.0,0.0
2024-06-03 13:30:00-04:00,22.44499969482422,22.530000686645508,22.424999237060547,22.520000457763672,57402,0.0,0.0
2024-06-03 14:30:00-04:00,22.524999618530273,22.610000610351562,22.479999542236328,22.575000762939453,79124,0.0,0.0
2024-06-03 15:30:00-04:00,22.575000762939453,22.670000076293945,22.559999465942383,22.670000076293945,138578,0.0,0.0
2024-06-04 09:30:00-04:00,22.6299991607666,23.0,22.47130012512207,22.920000076293945,195203,0.0,0.0
2024-06-04 10:30:00-04:00,22.889999389648438,22.979999542236328,22.790000915527344,22.959999084472656,176331,0.0,0.0
2024-06-04 11:30:00-04:00,22.969999313354492,22.989999771118164,22.860000610351562,22.924999237060547,151044,0.0,0.0
2024-06-04 12:30:00-04:00,22.93000030517578,22.934999465942383,22.875,22.924999237060547,63831,0.0,0.0
2024-06-04 13:30:00-04:00,22.93000030517578,22.934999465942383,22.670000076293945,22.674999237060547,108219,0.0,0.0
2024-06-04 14:30:00-04:00,22.670000076293945,22.739999771118164,22.600000381469727,22.700000762939453,104640,0.0,0.0
2024-06-04 15:30:00-04:00,22.700000762939453,22.780000686645508,22.690000534057617,22.780000686645508,287890,0.0,0.0
2024-06-05 09:30:00-04:00,22.850000381469727,22.924999237060547,22.739999771118164,22.8799991607666,358470,0.0,0.0
2024-06-05 10:30:00-04:00,22.885000228881836,23.010000228881836,22.8700008392334,22.96500015258789,130593,0.0,0.0
2024-06-05 11:30:00-04:00,22.96500015258789,22.969999313354492,22.799999237060547,22.829999923706055,157528,0.0,0.0
2024-06-05 12:30:00-04:00,22.825000762939453,22.969999313354492,22.825000762939453,22.889999389648438,80897,0.0,0.0
2024-06-05 13:30:00-04:00,22.883399963378906,22.920000076293945,22.829999923706055,22.850000381469727,95989,0.0,0.0
2024-06-05 14:30:00-04:00,22.860000610351562,22.8799991607666,22.79010009765625,22.80500030517578,103058,0.0,0.0
2024-06-05 15:30:00-04:00,22.809999465942383,22.94499969482422,22.780000686645508,22.8799991607666,295352,0.0,0.0
2024-06-06 09:30:00-04:00,22.780000686645508,23.059999465942383,22.780000686645508,23.020000457763672,106186,0.0,0.0
2024-06-06 10:30:00-04:00,23.020000457763672,23.059999465942383,22.854999542236328,22.93000030517578,178616,0.0,0.0
2024-06-06 11:30:00-04:00,22.940000534057617,22.959999084472656,22.860000610351562,22.93000030517578,69215,0.0,0.0
2024-06-06 12:30:00-04:00,22.920000076293945,23.0049991607666,22.780000686645508,22.829999923706055,72191,0.0,0.0
2024-06-06 13:30:00-04:00,22.834999084472656,22.834999084472656,22.635000228881836,22.65999984741211,131858,0.0,0.0
2024-06-06 14:30:00-04:00,22.65999984741211,22.84000015258789,22.610000610351562,22.809999465942383,130539,0.0,0.0
2024-06-06 15:30:00-04:00,22.809999465942383,22.860000610351562,22.7450008392334,22.829999923706055,305568,0.0,0.0
2024-06-07 09:30:00-04:00,22.639999389648438,22.700000762939453,22.459999084472656,22.610000610351562,75746,0.0,0.0
2024-06-07 10:30:00-04:00,22.600000381469727,22.655000686645508,22.530000686645508,22.611600875854492,54895,0.0,0.0
2024-06-07 11:30:00-04:00,22.6299991607666,22.639999389648438,22.510000228881836,22.56999969482422,43530,0.0,0.0
2024-06-07 12:30:00-04:00,22.559999465942383,22.655000686645508,22.559999465942383,22.635000228881836,38472,0.0,0.0
2024-06-07 13:30:00-04:00,22.6299991607666,22.760000228881836,22.600000381469727,22.7549991607666,78612,0.0,0.0
2024-06-07 14:30:00-04:00,22.7549991607666,22.889999389648438,22.7549991607666,22.860000610351562,119906,0.0,0.0
2024-06-07 15:30:00-04:00,22.860000610351562,22.959999084472656,22.844999313354492,22.889999389648438,488838,0.0,0.0
2024-06-10 09:30:00-04:00,22.760000228881836,22.899999618530273,22.719999313354492,22.795000076293945,121480,0.0,0.0
2024-06-10 10:30:00-04:00,22.795000076293945,22.875,22.760000228881836,22.809999465942383,79860,0.0,0.0
2024-06-10 11:30:00-04:00,22.809999465942383,22.860000610351562,22.7450008392334,22.799999237060547,52155,0.0,0.0
2024-06-10 12:30:00-04:00,22.799999237060547,22.8700008392334,22.799999237060547,22.834999084472656,46302,0.0,0.0
2024-06-10 13:30:00-04:00,22.834999084472656,22.90999984741211,22.81999969482422,22.8799991607666,63109,0.0,0.0
2024-06-10 14:30:00-04:00,22.885000228881836,22.90999984741211,22.84000015258789,22.860000610351562,185276,0.0,0.0
2024-06-10 15:30:00-04:00,22.850000381469727,22.850000381469727,22.750999450683594,22.84000015258789,182208,0.0,0.0
2024-06-11 09:30:00-04:00,22.700000762939453,22.809999465942383,22.610000610351562,22.795000076293945,120475,0.0,0.0
2024-06-11 10:30:00-04:00,22.790000915527344,22.93000030517578,22.790000915527344,22.875,97329,0.0,0.0
2024-06-11 11:30:00-04:00,22.875,22.920000076293945,22.790000915527344,22.850000381469727,168202,0.0,0.0
2024-06-11 12:30:00-04:00,22.860000610351562,23.040000915527344,22.84000015258789,23.0,120920,0.0,0.0
2024-06-11 13:30:00-04:00,22.9950008392334,23.06999969482422,22.96500015258789,23.040000915527344,159371,0.0,0.0
2024-06-11 14:30:00-04:00,23.049999237060547,23.049999237060547,22.850000381469727,22.889999389648438,86133,0.0,0.0
2024-06-11 15:30:00-04:00,22.8799991607666,22.885000228881836,22.799999237060547,22.84000015258789,211078,0.0,0.0
2024-06-12 09:30:00-04:00,23.350000381469727,23.350000381469727,22.979999542236328,23.21500015258789,133411,0.0,0.0
2024-06-12 10:30:00-04:00,23.21500015258789,23.295000076293945,23.170000076293945,23.18000030517578,111283,0.0,0.0
2024-06-12 11:30:00-04:00,23.170000076293945,23.18000030517578,22.961999893188477,22.961999893188477,94647,0.0,0.0
2024-06-12 12:30:00-04:00,22.96500015258789,23.020000457763672,22.90999984741211,22.969999313354492,166867,0.0,0.0
2024-06-12 13:30:00-04:00,22.979999542236328,23.0049991607666,22.850000381469727,22.899999618530273,106062,0.0,0.0
2024-06-12 14:30:00-04:00,22.899999618530273,23.030000686645508,22.8700008392334,22.8799991607666,130707,0.0,0.0
2024-06-12 15:30:00-04:00,22.8799991607666,22.959999084472656,22.860000610351562,22.8700008392334,264472,0.0,0.0
2024-06-13 09:30:00-04:00,22.760000228881836,22.8799991607666,22.450000762939453,22.579999923706055,132625,0.0,0.0
2024-06-13 10:30:00-04:00,22.579999923706055,22.59000015258789,22.3700008392334,22.375,102416,0.0,0.0
2024-06-13 11:30:00-04:00,22.375,22.450000762939453,22.31999969482422,22.375,98281,0.0,0.0
2024-06-13 12:30:00-04:00,22.3700008392334,22.600000381469727,22.3700008392334,22.59000015258789,65807,0.0,0.0
2024-06-13 13:30:00-04:00,22.579999923706055,22.655000686645508,22.559999465942383,22.639999389648438,65902,0.0,0.0
2024-06-13 14:30:00-04:00,22.649999618530273,22.690000534057617,22.614999771118164,22.690000534057617,66015,0.0,0.0
2024-06-13 15:30:00-04:00,22.684999465942383,22.799999237060547,22.635000228881836,22.719999313354492,213990,0.0,0.0
2024-06-14 09:30:00-04:00,22.459999084472656,22.56999969482422,22.174999237060547,22.2450008392334,82294,0.0,0.0
2024-06-14 10:30:00-04:00,22.25,22.325000762939453,22.204999923706055,22.31999969482422,59955,0.0,0.0
2024-06-14 11:30:00-04:00,22.31999969482422,22.34000015258789,22.200000762939453,22.204999923706055,55007,0.0,0.0
2024-06-14 12:30:00-04:00,22.200000762939453,22.389999389648438,22.19499969482422,22.350000381469727,66016,0.0,0.0
2024-06-14 13:30:00-04:00,22.350000381469727,22.40999984741211,22.344999313354492,22.395000457763672,86239,0.0,0.0
2024-06-14 14:30:00-04:00,22.395000457763672,22.415000915527344,22.329999923706055,22.350000381469727,80304,0.0,0.0
2024-06-14 15:30:00-04:00,22.350000381469727,22.354999542236328,22.229999542236328,22.329999923706055,184134,0.0,0.0
2024-06-17 09:30:00-04:00,24.729999542236328,25.604999542236328,23.440000534057617,23.69499969482422,3668062,0.0,0.0
2024-06-17 10:30:00-04:00,23.68000030517578,23.795000076293945,22.920000076293945,23.200000762939453,706122,0.0,0.0
2024-06-17 11:30:00-04:00,23.18000030517578,23.219999313354492,22.8700008392334,23.100000381469727,414179,0.0,0.0
2024-06-17 12:30:00-04:00,23.100000381469727,23.15999984741211,22.850000381469727,22.885000228881836,375816,0.0,0.0
2024-06-17 13:30:00-04:00,22.8799991607666,22.969999313354492,22.43000030517578,22.610000610351562,676054,0.0,0.0
2024-06-17 14:30:00-04:00,22.600000381469727,22.709999084472656,22.350000381469727,22.65999984741211,359011,0.0,0.0
2024-06-17 15:30:00-04:00,22.655000686645508,22.799999237060547,22.530000686645508,22.780000686645508,807463,0.0,0.0
2024-06-18 09:30:00-04:00,22.899999618530273,23.36520004272461,22.850000381469727,22.850000381469727,270242,0.0,0.0
2024-06-18 10:30:00-04:00,22.875,22.940000534057617,22.625,22.895000457763672,222250,0.0,0.0
2024-06-18 11:30:00-04:00,22.889999389648438,22.889999389648438,22.68000030517578,22.799999237060547,170834,0.0,0.0
2024-06-18 12:30:00-04:00,22.799999237060547,22.860000610351562,22.520000457763672,22.600000381469727,306604,0.0,0.0
2024-06-18 13:30:00-04:00,22.600000381469727,22.6299991607666,22.329999923706055,22.399999618530273,206400,0.0,0.0
2024-06-18 14:30:00-04:00,22.389999389648438,22.510000228881836,22.239999771118164,22.360000610351562,541463,0.0,0.0
2024-06-18 15:30:00-04:00,22.360000610351562,22.40999984741211,22.174999237060547,22.200000762939453,627694,0.0,0.0
2024-06-20 09:30:00-04:00,22.309999465942383,22.399999618530273,22.030000686645508,22.059999465942383,261451,0.0,0.0
2024-06-20 10:30:00-04:00,22.049999237060547,22.059999465942383,21.829999923706055,21.90999984741211,214807,0.0,0.0
2024-06-20 11:30:00-04:00,21.905000686645508,22.010000228881836,21.905000686645508,22.010000228881836,121730,0.0,0.0
2024-06-20 12:30:00-04:00,22.0049991607666,22.059999465942383,21.979999542236328,22.0,379036,0.0,0.0
2024-06-20 13:30:00-04:00,22.0,22.030000686645508,21.920000076293945,22.0049991607666,175947,0.0,0.0
2024-06-20 14:30:00-04:00,22.010000228881836,22.010000228881836,21.920000076293945,21.924999237060547,175137,0.0,0.0
2024-06-20 15:30:00-04:00,21.920000076293945,22.020000457763672,21.885000228881836,22.0,447034,0.0,0.0
2024-06-21 09:30:00-04:00,21.969999313354492,22.260000228881836,21.799999237060547,22.200000762939453,450420,0.0,0.0
2024-06-21 10:30:00-04:00,22.200000762939453,22.209999084472656,22.094999313354492,22.200000762939453,132660,0.0,0.0
2024-06-21 11:30:00-04:00,22.200000762939453,22.219999313354492,22.079999923706055,22.21500015258789,92776,0.0,0.0
2024-06-21 12:30:00-04:00,22.21500015258789,22.259000778198242,22.139999389648438,22.165000915527344,83421,0.0,0.0
2024-06-21 13:30:00-04:00,22.15999984741211,22.21500015258789,22.1200008392334,22.21500015258789,115696,0.0,0.0
2024-06-21 14:30:00-04:00,22.21500015258789,22.239999771118164,22.059999465942383,22.135000228881836,138884,0.0,0.0
2024-06-21 15:30:00-04:00,22.135000228881836,22.200000762939453,22.079999923706055,22.139999389648438,489839,0.0,0.0
2024-06-24 09:30:00-04:00,22.06999969482422,22.31999969482422,22.049999237060547,22.19499969482422,174277,0.0,0.0
2024-06-24 10:30:00-04:00,22.204999923706055,22.290000915527344,22.1299991607666,22.219999313354492,88693,0.0,0.0
2024-06-24 11:30:00-04:00,22.219999313354492,22.31999969482422,22.190000534057617,22.2549991607666,82763,0.0,0.0
2024-06-24 12:30:00-04:00,22.260000228881836,22.290000915527344,22.170000076293945,22.18000030517578,177578,0.0,0.0
2024-06-24 13:30:00-04:00,22.18000030517578,22.18000030517578,22.045000076293945,22.079999923706055,401897,0.0,0.0
2024-06-24 14:30:00-04:00,22.079999923706055,22.209999084472656,21.979999542236328,22.010000228881836,217638,0.0,0.0
2024-06-24 15:30:00-04:00,22.010000228881836,22.010000228881836,21.8799991607666,21.891000747680664,502065,0.0,0.0
2024-06-25 09:30:00-04:00,21.959999084472656,22.209999084472656,21.850000381469727,22.079999923706055,444253,0.0,0.0
2024-06-25 10:30:00-04:00,22.079999923706055,22.1299991607666,21.989999771118164,22.06999969482422,185211,0.0,0.0
2024-06-25 11:30:00-04:00,22.059999465942383,22.114999771118164,21.959999084472656,21.989999771118164,90639,0.0,0.0
2024-06-25 12:30:00-04:00,21.989999771118164,22.030000686645508,21.950000762939453,22.020000457763672,87354,0.0,0.0
2024-06-25 13:30:00-04:00,22.030000686645508,22.079999923706055,22.0049991607666,22.040000915527344,96030,0.0,0.0
2024-06-25 14:30:00-04:00,22.031999588012695,22.219999313354492,22.0,22.209999084472656,461770,0.0,0.0
2024-06-25 15:30:00-04:00,22.204999923706055,22.219999313354492,22.139999389648438,22.170000076293945,366038,0.0,0.0
2024-06-26 09:30:00-04:00,22.0,22.204999923706055,21.93000030517578,22.18000030517578,69614,0.0,0.0
2024-06-26 10:30:00-04:00,22.149999618530273,22.242399215698242,22.115299224853516,22.149999618530273,61998,0.0,0.0
2024-06-26 11:30:00-04:00,22.149999618530273,22.2450008392334,22.145000457763672,22.15999984741211,67941,0.0,0.0
2024-06-26 12:30:00-04:00,22.163000106811523,22.163000106811523,22.048900604248047,22.084999084472656,85097,0.0,0.0
2024-06-26 13:30:00-04:00,22.079999923706055,22.09000015258789,21.985000610351562,22.06999969482422,69683,0.0,0.0
2024-06-26 14:30:00-04:00,22.06999969482422,22.079999923706055,22.020000457763672,22.020000457763672,95245,0.0,0.0
2024-06-26 15:30:00-04:00,22.010000228881836,22.040000915527344,21.920000076293945,21.979999542236328,250162,0.0,0.0
2024-06-27 09:30:00-04:00,22.079999923706055,22.09000015258789,21.950000762939453,22.040000915527344,36662,0.0,0.0
2024-06-27 10:30:00-04:00,22.049999237060547,22.084999084472656,21.96500015258789,22.040000915527344,98086,0.0,0.0
2024-06-27 11:30:00-04:00,22.049999237060547,22.139999389648438,22.0,22.135000228881836,76622,0.0,0.0
2024-06-27 12:30:00-04:00,22.139999389648438,22.170000076293945,22.079999923706055,22.1200008392334,81509,0.0,0.0
2024-06-27 13:30:00-04:00,22.110000610351562,22.174999237060547,22.059999465942383,22.065000534057617,97639,0.0,0.0
2024-06-27 14:30:00-04:00,22.062299728393555,22.190000534057617,22.03499984741211,22.184999465942383,175745,0.0,0.0
2024-06-27 15:30:00-04:00,22.184999465942383,22.219999313354492,22.139999389648438,22.15999984741211,247299,0.0,0.0
2024-06-28 09:30:00-04:00,22.299999237060547,22.31999969482422,21.959999084472656,22.110000610351562,93692,0.0,0.0
2024-06-28 10:30:00-04:00,22.114999771118164,22.135000228881836,21.969999313354492,22.014999389648438,80995,0.0,0.0
2024-06-28 11:30:00-04:00,22.020000457763672,22.079999923706055,21.975000381469727,22.040000915527344,70944,0.0,0.0
2024-06-28 12:30:00-04:00,22.040000915527344,22.059999465942383,21.889999389648438,21.889999389648438,83940,0.0,0.0
2024-06-28 13:30:00-04:00,21.8799991607666,21.920000076293945,21.81999969482422,21.899999618530273,231634,0.0,0.0
2024-06-28 14:30:00-04:00,21.889999389648438,21.979999542236328,21.889999389648438,21.934999465942383,114138,0.0,0.0
2024-06-28 15:30:00-04:00,21.924999237060547,21.979999542236328,21.829999923706055,21.84000015258789,410201,0.0,0.0
2024-07-01 09:30:00-04:00,21.8799991607666,21.8799991607666,21.280000686645508,21.34000015258789,102373,0.0,0.0
2024-07-01 10:30:00-04:00,21.31999969482422,21.31999969482422,21.1299991607666,21.19499969482422,143772,0.0,0.0
2024-07-01 11:30:00-04:00,21.200000762939453,21.31999969482422,21.110000610351562,21.235000610351562,176506,0.0,0.0
2024-07-01 12:30:00-04:00,21.235000610351562,21.329999923706055,21.104999542236328,21.290000915527344,378296,0.0,0.0
2024-07-01 13:30:00-04:00,21.290000915527344,21.329999923706055,21.219999313354492,21.280000686645508,133420,0.0,0.0
2024-07-01 14:30:00-04:00,21.280000686645508,21.3799991607666,21.270000457763672,21.329999923706055,192141,0.0,0.0
2024-07-01 15:30:00-04:00,21.31999969482422,21.360000610351562,21.184999465942383,21.229999542236328,363293,0.0,0.0
2024-07-02 09:30:00-04:00,21.299999237060547,21.43000030517578,21.209999084472656,21.360000610351562,139408,0.0,0.0
2024-07-02 10:30:00-04:00,21.350000381469727,21.389999389648438,21.25,21.3700008392334,116510,0.0,0.0
2024-07-02 11:30:00-04:00,21.3700008392334,21.479999542236328,21.364999771118164,21.389999389648438,122509,0.0,0.0
2024-07-02 12:30:00-04:00,21.395000457763672,21.397499084472656,21.229999542236328,21.260000228881836,87392,0.0,0.0
2024-07-02 13:30:00-04:00,21.260000228881836,21.270000457763672,21.06999969482422,21.100000381469727,178970,0.0,0.0
2024-07-02 14:30:00-04:00,21.100000381469727,21.170000076293945,21.049999237060547,21.139999389648438,210309,0.0,0.0
2024-07-02 15:30:00-04:00,21.139999389648438,21.149999618530273,21.049999237060547,21.059999465942383,484462,0.0,0.0
2024-07-03 09:30:00-04:00,21.260000228881836,21.31999969482422,21.06999969482422,21.28499984741211,80251,0.0,0.0
2024-07-03 10:30:00-04:00,21.28499984741211,21.350000381469727,21.190000534057617,21.209999084472656,100881,0.0,0.0
2024-07-03 11:30:00-04:00,21.204999923706055,21.219999313354492,21.030000686645508,21.045000076293945,124540,0.0,0.0
2024-07-05 09:30:00-04:00,21.229999542236328,21.360000610351562,21.044300079345703,21.06999969482422,214947,0.0,0.0
2024-07-05 10:30:00-04:00,21.079999923706055,21.170000076293945,21.030000686645508,21.145000457763672,95260,0.0,0.0
2024-07-05 11:30:00-04:00,21.1299991607666,21.229999542236328,21.1299991607666,21.190000534057617,99931,0.0,0.0
2024-07-05 12:30:00-04:00,21.18000030517578,21.200000762939453,21.1299991607666,21.190000534057617,53309,0.0,0.0
2024-07-05 13:30:00-04:00,21.190000534057617,21.270000457763672,21.15999984741211,21.219999313354492,137009,0.0,0.0
2024-07-05 14:30:00-04:00,21.219999313354492,21.309999465942383,21.18000030517578,21.18000030517578,126216,0.0,0.0
2024-07-05 15:30:00-04:00,21.18000030517578,21.25,21.139999389648438,21.139999389648438,339242,0.0,0.0
2024-07-08 09:30:00-04:00,21.290000915527344,21.290000915527344,21.149999618530273,21.25,77846,0.0,0.0
2024-07-08 10:30:00-04:00,21.25,21.358999252319336,21.22100067138672,21.299999237060547,81982,0.0,0.0
2024-07-08 11:30:00-04:00,21.299999237060547,21.329999923706055,21.18000030517578,21.309999465942383,64002,0.0,0.0
2024-07-08 12:30:00-04:00,21.299999237060547,21.31999969482422,21.09000015258789,21.139999389648438,186613,0.0,0.0
2024-07-08 13:30:00-04:00,21.139999389648438,21.290000915527344,21.135000228881836,21.184999465942383,87191,0.0,0.0
2024-07-08 14:30:00-04:00,21.18000030517578,21.219999313354492,21.1299991607666,21.165000915527344,78440,0.0,0.0
2024-07-08 15:30:00-04:00,21.165000915527344,21.170000076293945,20.969999313354492,20.979999542236328,492558,0.0,0.0
2024-07-09 09:30:00-04:00,21.040000915527344,21.05500030517578,20.899999618530273,20.959999084472656,111088,0.0,0.0
2024-07-09 10:30:00-04:00,20.96500015258789,21.020000457763672,20.920000076293945,20.920000076293945,62122,0.0,0.0
2024-07-09 11:30:00-04:00,20.920000076293945,21.010000228881836,20.90999984741211,20.979999542236328,57204,0.0,0.0
2024-07-09 12:30:00-04:00,20.969999313354492,21.110000610351562,20.969999313354492,21.059999465942383,57873,0.0,0.0
2024-07-09 13:30:00-04:00,21.059999465942383,21.1200008392334,21.030000686645508,21.05500030517578,80812,0.0,0.0
2024-07-09 14:30:00-04:00,21.049999237060547,21.06999969482422,20.940000534057617,20.969999313354492,119098,0.0,0.0
2024-07-09 15:30:00-04:00,20.969999313354492,20.979999542236328,20.790000915527344,20.799999237060547,350508,0.0,0.0
2024-07-10 09:30:00-04:00,20.940000534057617,21.198999404907227,20.829999923706055,21.18000030517578,101095,0.0,0.0
2024-07-10 10:30:00-04:00,21.18000030517578,21.299999237060547,21.18000030517578,21.290000915527344,70120,0.0,0.0
2024-07-10 11:30:00-04:00,21.290000915527344,21.290000915527344,21.19499969482422,21.200000762939453,55066,0.0,0.0
2024-07-10 12:30:00-04:00,21.208999633789062,21.219999313354492,21.079999923706055,21.09000015258789,53916,0.0,0.0
2024-07-10 13:30:00-04:00,21.079999923706055,21.1299991607666,21.059999465942383,21.125,53385,0.0,0.0
2024-07-10 14:30:00-04:00,21.1200008392334,21.15999984741211,21.100000381469727,21.1299991607666,63439,0.0,0.0
2024-07-10 15:30:00-04:00,21.1299991607666,21.1299991607666,21.040000915527344,21.059999465942383,271763,0.0,0.0
2024-07-11 09:30:00-04:00,21.229999542236328,21.290000915527344,20.979999542236328,21.020000457763672,78370,0.0,0.0
2024-07-11 10:30:00-04:00,21.010000228881836,21.1299991607666,20.969999313354492,21.110000610351562,105356,0.0,0.0
2024-07-11 11:30:00-04:00,21.1200008392334,21.25,21.110000610351562,21.110000610351562,121822,0.0,0.0
2024-07-11 12:30:00-04:00,21.1200008392334,21.280000686645508,21.100000381469727,21.25,180068,0.0,0.0
2024-07-11 13:30:00-04:00,21.25,21.31999969482422,21.15999984741211,21.31999969482422,93077,0.0,0.0
2024-07-11 14:30:00-04:00,21.329999923706055,21.34000015258789,20.989999771118164,21.010000228881836,664859,0.0,0.0
2024-07-11 15:30:00-04:00,21.020000457763672,21.25,21.0,21.18000030517578,676512,0.0,0.0
2024-07-12 09:30:00-04:00,21.309999465942383,21.420000076293945,21.1299991607666,21.31999969482422,315311,0.0,0.0
2024-07-12 10:30:00-04:00,21.329999923706055,21.389999389648438,21.280000686645508,21.34000015258789,142280,0.0,0.0
2024-07-12 11:30:00-04:00,21.334999084472656,21.349899291992188,21.094999313354492,21.1299991607666,134496,0.0,0.0
2024-07-12 12:30:00-04:00,21.1200008392334,21.139999389648438,20.979999542236328,20.985000610351562,53813,0.0,0.0
2024-07-12 13:30:00-04:00,20.979999542236328,20.985000610351562,20.829999923706055,20.834999084472656,113304,0.0,0.0
2024-07-12 14:30:00-04:00,20.84000015258789,20.90999984741211,20.780000686645508,20.809999465942383,147145,0.0,0.0
2024-07-12 15:30:00-04:00,20.809999465942383,20.844999313354492,20.724000930786133,20.80500030517578,293812,0.0,0.0
2024-07-15 09:30:00-04:00,20.90999984741211,20.979999542236328,20.780000686645508,20.799999237060547,70303,0.0,0.0
2024-07-15 10:30:00-04:00,20.809999465942383,20.809999465942383,20.579999923706055,20.6299991607666,85325,0.0,0.0
2024-07-15 11:30:00-04:00,20.6299991607666,20.68000030517578,20.479999542236328,20.479999542236328,77005,0.0,0.0
2024-07-15 12:30:00-04:00,20.489999771118164,20.520000457763672,20.350000381469727,20.360000610351562,74285,0.0,0.0
2024-07-15 13:30:00-04:00,20.350000381469727,20.458799362182617,20.299999237060547,20.3799991607666,77448,0.0,0.0
2024-07-15 14:30:00-04:00,20.389999389648438,20.610000610351562,20.3799991607666,20.540000915527344,86485,0.0,0.0
2024-07-15 15:30:00-04:00,20.530000686645508,20.559999465942383,20.475000381469727,20.549999237060547,195897,0.0,0.0
2024-07-16 09:30:00-04:00,20.709999084472656,21.03499984741211,20.510000228881836,20.780000686645508,126187,0.0,0.0
2024-07-16 10:30:00-04:00,20.774999618530273,20.920000076293945,20.69499969482422,20.920000076293945,79650,0.0,0.0
2024-07-16 11:30:00-04:00,20.920000076293945,20.989999771118164,20.84000015258789,20.93000030517578,74887,0.0,0.0
2024-07-16 12:30:00-04:00,20.93000030517578,20.959999084472656,20.815000534057617,20.84000015258789,62139,0.0,0.0
2024-07-16 13:30:00-04:00,20.84000015258789,20.940000534057617,20.81999969482422,20.860000610351562,98176,0.0,0.0
2024-07-16 14:30:00-04:00,20.854999542236328,21.06999969482422,20.850000381469727,21.049999237060547,116034,0.0,0.0
2024-07-16 15:30:00-04:00,21.049999237060547,21.049999237060547,20.8700008392334,20.989999771118164,449872,0.0,0.0
2024-07-17 09:30:00-04:00,20.8799991607666,21.059999465942383,20.850000381469727,20.850000381469727,65550,0.0,0.0
2024-07-17 10:30:00-04:00,20.84000015258789,20.8799991607666,20.770000457763672,20.84000015258789,51355,0.0,0.0
2024-07-17 11:30:00-04:00,20.81999969482422,20.8700008392334,20.719999313354492,20.729999542236328,63194,0.0,0.0
2024-07-17 12:30:00-04:00,20.729999542236328,20.850000381469727,20.719999313354492,20.81999969482422,161877,0.0,0.0
2024-07-17 13:30:00-04:00,20.829999923706055,20.84000015258789,20.729999542236328,20.780000686645508,116673,0.0,0.0
2024-07-17 14:30:00-04:00,20.774999618530273,20.850000381469727,20.75,20.81999969482422,122707,0.0,0.0
2024-07-17 15:30:00-04:00,20.809999465942383,20.829999923706055,20.649999618530273,20.68000030517578,339033,0.0,0.0
2024-07-18 09:30:00-04:00,20.59000015258789,20.69499969482422,20.540000915527344,20.6200008392334,75339,0.0,0.0
2024-07-18 10:30:00-04:00,20.610000610351562,20.649999618530273,20.479999542236328,20.530000686645508,85817,0.0,0.0
2024-07-18 11:30:00-04:00,20.530000686645508,20.59000015258789,20.479999542236328,20.540000915527344,69757,0.0,0.0
2024-07-18 12:30:00-04:00,20.540000915527344,20.56999969482422,20.450000762939453,20.4950008392334,140718,0.0,0.0
2024-07-18 13:30:00-04:00,20.4950008392334,20.4950008392334,20.389999389648438,20.389999389648438,77714,0.0,0.0
2024-07-18 14:30:00-04:00,20.385000228881836,20.40999984741211,20.31999969482422,20.375,100205,0.0,0.0
2024-07-18 15:30:00-04:00,20.3799991607666,20.469999313354492,20.350000381469727,20.389999389648438,219824,0.0,0.0
2024-07-19 09:30:00-04:00,20.469999313354492,20.469999313354492,20.31999969482422,20.420000076293945,87169,0.0,0.0
2024-07-19 10:30:00-04:00,20.43000030517578,20.459999084472656,20.3799991607666,20.440000534057617,39581,0.0,0.0
2024-07-19 11:30:00-04:00,20.440000534057617,20.549999237060547,20.40999984741211,20.5,58573,0.0,0.0
2024-07-19 12:30:00-04:00,20.489999771118164,20.56999969482422,20.489999771118164,20.520000457763672,42576,0.0,0.0
2024-07-19 13:30:00-04:00,20.510000228881836,20.600000381469727,20.450000762939453,20.450000762939453,51659,0.0,0.0
2024-07-19 14:30:00-04:00,20.450000762939453,20.510000228881836,20.450000762939453,20.450000762939453,67367,0.0,0.0
2024-07-19 15:30:00-04:00,20.450000762939453,20.489999771118164,20.395000457763672,20.459999084472656,226312,0.0,0.0
2024-07-22 09:30:00-04:00,20.790000915527344,20.799999237060547,20.600000381469727,20.690000534057617,167952,0.0,0.0
2024-07-22 10:30:00-04:00,20.68000030517578,20.899999618530273,20.670000076293945,20.81999969482422,94714,0.0,0.0
2024-07-22 11:30:00-04:00,20.81999969482422,20.90999984741211,20.799999237060547,20.854999542236328,41953,0.0,0.0
2024-07-22 12:30:00-04:00,20.860000610351562,21.010000228881836,20.84000015258789,21.010000228881836,56509,0.0,0.0
2024-07-22 13:30:00-04:00,21.010000228881836,21.020000457763672,20.790000915527344,20.885000228881836,88920,0.0,0.0
2024-07-22 14:30:00-04:00,20.889999389648438,20.959999084472656,20.84000015258789,20.86199951171875,116043,0.0,0.0
2024-07-22 15:30:00-04:00,20.8700008392334,20.93000030517578,20.850000381469727,20.860000610351562,117863,0.0,0.0
2024-07-23 09:30:00-04:00,20.84000015258789,21.100000381469727,20.729999542236328,21.09000015258789,59408,0.0,0.0
2024-07-23 10:30:00-04:00,21.09000015258789,21.1299991607666,20.959999084472656,20.979999542236328,96389,0.0,0.0
2024-07-23 11:30:00-04:00,20.989999771118164,21.010000228881836,20.889999389648438,20.90999984741211,80863,0.0,0.0
2024-07-23 12:30:00-04:00,20.899999618530273,21.135000228881836,20.860000610351562,21.06999969482422,169999,0.0,0.0
2024-07-23 13:30:00-04:00,21.06999969482422,21.100000381469727,21.010000228881836,21.059999465942383,89549,0.0,0.0
2024-07-23 14:30:00-04:00,21.059999465942383,21.149999618530273,20.9950008392334,21.030000686645508,134758,0.0,0.0
2024-07-23 15:30:00-04:00,21.030000686645508,21.084999084472656,20.989999771118164,21.010000228881836,211254,0.0,0.0
2024-07-24 09:30:00-04:00,20.969999313354492,21.309999465942383,20.899999618530273,21.260000228881836,120536,0.0,0.0
2024-07-24 10:30:00-04:00,21.270000457763672,21.360000610351562,21.170000076293945,21.209999084472656,254482,0.0,0.0
2024-07-24 11:30:00-04:00,21.229999542236328,21.280000686645508,21.059999465942383,21.170000076293945,246878,0.0,0.0
2024-07-24 12:30:00-04:00,21.18000030517578,21.199899673461914,21.09000015258789,21.149999618530273,89958,0.0,0.0
2024-07-24 13:30:00-04:00,21.1299991607666,21.170000076293945,21.100000381469727,21.114999771118164,61846,0.0,0.0
2024-07-24 14:30:00-04:00,21.114999771118164,21.18000030517578,21.049999237060547,21.155000686645508,133898,0.0,0.0
2024-07-24 15:30:00-04:00,21.149999618530273,21.165000915527344,21.059999465942383,21.059999465942383,295715,0.0,0.0
2024-07-25 09:30:00-04:00,21.15999984741211,21.25,21.06999969482422,21.200000762939453,117622,0.0,0.0
2024-07-25 10:30:00-04:00,21.190000534057617,21.290000915527344,21.09000015258789,21.290000915527344,153760,0.0,0.0
2024-07-25 11:30:00-04:00,21.290000915527344,21.440000534057617,21.280000686645508,21.43000030517578,110034,0.0,0.0
2024-07-25 12:30:00-04:00,21.420000076293945,21.5,21.360000610351562,21.459999084472656,93102,0.0,0.0
2024-07-25 13:30:00-04:00,21.459999084472656,21.56999969482422,21.239999771118164,21.3700008392334,372495,0.0,0.0
2024-07-25 14:30:00-04:00,21.3700008392334,21.389999389648438,21.209999084472656,21.385000228881836,136756,0.0,0.0
2024-07-25 15:30:00-04:00,21.389999389648438,21.389999389648438,21.290000915527344,21.360000610351562,324128,0.0,0.0
2024-07-26 09:30:00-04:00,21.469999313354492,21.65999984741211,21.450000762939453,21.530000686645508,77837,0.0,0.0
2024-07-26 10:30:00-04:00,21.514999389648438,21.540000915527344,21.34000015258789,21.360000610351562,60021,0.0,0.0
2024-07-26 11:30:00-04:00,21.385000228881836,21.600000381469727,21.3799991607666,21.584999084472656,75037,0.0,0.0
2024-07-26 12:30:00-04:00,21.56999969482422,21.59000015258789,21.489999771118164,21.540000915527344,72319,0.0,0.0
2024-07-26 13:30:00-04:00,21.540000915527344,21.559999465942383,21.479999542236328,21.520000457763672,70106,0.0,0.0
2024-07-26 14:30:00-04:00,21.514999389648438,21.59000015258789,21.459999084472656,21.579999923706055,86464,0.0,0.0
2024-07-26 15:30:00-04:00,21.56999969482422,21.610000610351562,21.489999771118164,21.600000381469727,244249,0.0,0.0
2024-07-29 09:30:00-04:00,21.479999542236328,21.670000076293945,21.420000076293945,21.450000762939453,75432,0.0,0.0
2024-07-29 10:30:00-04:00,21.44499969482422,21.44499969482422,21.170000076293945,21.28510093688965,227144,0.0,0.0
2024-07-29 11:30:00-04:00,21.28499984741211,21.350000381469727,21.219999313354492,21.270000457763672,182854,0.0,0.0
2024-07-29 12:30:00-04:00,21.280000686645508,21.3700008392334,21.280000686645508,21.290000915527344,62789,0.0,0.0
2024-07-29 13:30:00-04:00,21.280000686645508,21.399999618530273,21.280000686645508,21.350000381469727,114040,0.0,0.0
2024-07-29 14:30:00-04:00,21.34000015258789,21.43000030517578,21.31999969482422,21.329999923706055,86935,0.0,0.0
2024-07-29 15:30:00-04:00,21.31999969482422,21.43000030517578,21.31999969482422,21.389999389648438,344702,0.0,0.0
2024-07-30 09:30:00-04:00,21.5,21.649999618530273,21.290000915527344,21.56999969482422,108870,0.0,0.0
2024-07-30 10:30:00-04:00,21.57900047302246,21.71500015258789,21.549999237060547,21.684999465942383,101643,0.0,0.0
2024-07-30 11:30:00-04:00,21.670000076293945,21.709999084472656,21.639999389648438,21.709999084472656,38898,0.0,0.0
2024-07-30 12:30:00-04:00,21.71500015258789,21.780000686645508,21.68000030517578,21.68000030517578,42922,0.0,0.0
2024-07-30 13:30:00-04:00,21.674999237060547,21.790000915527344,21.649999618530273,21.779399871826172,105912,0.0,0.0
2024-07-30 14:30:00-04:00,21.770000457763672,21.860000610351562,21.739999771118164,21.829999923706055,66359,0.0,0.0
2024-07-30 15:30:00-04:00,21.81999969482422,21.8799991607666,21.790000915527344,21.84000015258789,220806,0.0,0.0
2024-07-31 09:30:00-04:00,21.8799991607666,21.969999313354492,21.610000610351562,21.889999389648438,98273,0.0,0.0
2024-07-31 10:30:00-04:00,21.90999984741211,21.989999771118164,21.850000381469727,21.8700008392334,133748,0.0,0.0
2024-07-31 11:30:00-04:00,21.850000381469727,21.850000381469727,21.75,21.795000076293945,120499,0.0,0.0
2024-07-31 12:30:00-04:00,21.799999237060547,21.875,21.799999237060547,21.8700008392334,47944,0.0,0.0
2024-07-31 13:30:00-04:00,21.864999771118164,21.940000534057617,21.701400756835938,21.899999618530273,68012,0.0,0.0
2024-07-31 14:30:00-04:00,21.90049934387207,22.125,21.899999618530273,21.959999084472656,230089,0.0,0.0
2024-07-31 15:30:00-04:00,21.940000534057617,22.049999237060547,21.899999618530273,21.951000213623047,561473,0.0,0.0
2024-08-01 09:30:00-04:00,22.079999923706055,22.149999618530273,21.950000762939453,22.0,86706,0.0,0.0
2024-08-01 10:30:00-04:00,22.0,22.06999969482422,22.0,22.049999237060547,133279,0.0,0.0
2024-08-01 11:30:00-04:00,22.059999465942383,22.100000381469727,22.010000228881836,22.06999969482422,60363,0.0,0.0
2024-08-01 12:30:00-04:00,22.059999465942383,22.059999465942383,21.899999618530273,21.940000534057617,61056,0.0,0.0
2024-08-01 13:30:00-04:00,21.940000534057617,22.010000228881836,21.889999389648438,21.975000381469727,85119,0.0,0.0
2024-08-01 14:30:00-04:00,21.959999084472656,22.149999618530273,21.950000762939453,22.149999618530273,81321,0.0,0.0
2024-08-01 15:30:00-04:00,22.139999389648438,22.2450008392334,22.1299991607666,22.18000030517578,258166,0.0,0.0
2024-08-02 09:30:00-04:00,21.84000015258789,22.079999923706055,21.614999771118164,21.709999084472656,94521,0.0,0.0
2024-08-02 10:30:00-04:00,21.709999084472656,21.709999084472656,21.614999771118164,21.645000457763672,66943,0.0,0.0
2024-08-02 11:30:00-04:00,21.649999618530273,21.90999984741211,21.649999618530273,21.889999389648438,59749,0.0,0.0
2024-08-02 12:30:00-04:00,21.889999389648438,22.03499984741211,21.84000015258789,21.989999771118164,88550,0.0,0.0
2024-08-02 13:30:00-04:00,21.989999771118164,22.040000915527344,21.920000076293945,22.010000228881836,96449,0.0,0.0
2024-08-02 14:30:00-04:00,21.9950008392334,22.18899917602539,21.969999313354492,22.170000076293945,172567,0.0,0.0
2024-08-02 15:30:00-04:00,22.18000030517578,22.209999084472656,21.969999313354492,22.149999618530273,624543,0.0,0.0
2024-08-05 09:30:00-04:00,21.5,21.645000457763672,21.27239990234375,21.399999618530273,120643,0.0,0.0
2024-08-05 10:30:00-04:00,21.40999984741211,21.489999771118164,21.360000610351562,21.459999084472656,100327,0.0,0.0
2024-08-05 11:30:00-04:00,21.469999313354492,21.579999923706055,21.44499969482422,21.559999465942383,56489,0.0,0.0
2024-08-05 12:30:00-04:00,21.559999465942383,21.56999969482422,21.3799991607666,21.440000534057617,58394,0.0,0.0
2024-08-05 13:30:00-04:00,21.43000030517578,21.489999771118164,21.375,21.479999542236328,70573,0.0,0.0
2024-08-05 14:30:00-04:00,21.469999313354492,21.5049991607666,21.420000076293945,21.469999313354492,87732,0.0,0.0
2024-08-05 15:30:00-04:00,21.469999313354492,21.549999237060547,21.43000030517578,21.520000457763672,242550,0.0,0.0
2024-08-06 09:30:00-04:00,21.549999237060547,21.93000030517578,21.329999923706055,21.860000610351562,99602,0.0,0.0
2024-08-06 10:30:00-04:00,21.8700008392334,21.950000762939453,21.799999237060547,21.829999923706055,74675,0.0,0.0
2024-08-06 11:30:00-04:00,21.80500030517578,22.03499984741211,21.799999237060547,22.0,77820,0.0,0.0
2024-08-06 12:30:00-04:00,22.0049991607666,22.110000610351562,21.979999542236328,22.0,73226,0.0,0.0
2024-08-06 13:30:00-04:00,22.010000228881836,22.030000686645508,21.93000030517578,22.030000686645508,58659,0.0,0.0
2024-08-06 14:30:00-04:00,22.040000915527344,22.040000915527344,21.854999542236328,21.8700008392334,91656,0.0,0.0
2024-08-06 15:30:00-04:00,21.8700008392334,21.920000076293945,21.809999465942383,21.850000381469727,395914,0.0,0.0
2024-08-07 09:30:00-04:00,21.90999984741211,22.06999969482422,21.729999542236328,21.979999542236328,59291,0.0,0.0
2024-08-07 10:30:00-04:00,21.948999404907227,22.06999969482422,21.93000030517578,22.059999465942383,158598,0.0,0.0
2024-08-07 11:30:00-04:00,22.05500030517578,22.110000610351562,22.010000228881836,22.064899444580078,98474,0.0,0.0
2024-08-07 12:30:00-04:00,22.049999237060547,22.09000015258789,21.8799991607666,21.90999984741211,80018,0.0,0.0
2024-08-07 13:30:00-04:00,21.889999389648438,21.940000534057617,21.841999053955078,21.885000228881836,100050,0.0,0.0
2024-08-07 14:30:00-04:00,21.8799991607666,21.979999542236328,21.850000381469727,21.895000457763672,122079,0.0,0.0
2024-08-07 15:30:00-04:00,21.889999389648438,21.91900062561035,21.770000457763672,21.799999237060547,239131,0.0,0.0
2024-08-08 09:30:00-04:00,21.190000534057617,21.739999771118164,20.15999984741211,21.690000534057617,313786,0.0,0.0
2024-08-08 10:30:00-04:00,21.690000534057617,21.690000534057617,21.280000686645508,21.40999984741211,144335,0.0,0.0
2024-08-08 11:30:00-04:00,21.40999984741211,21.469999313354492,21.239999771118164,21.25,56861,0.0,0.0
2024-08-08 12:30:00-04:00,21.239999771118164,21.270000457763672,21.1200008392334,21.190000534057617,102502,0.0,0.0
2024-08-08 13:30:00-04:00,21.200000762939453,21.440000534057617,21.200000762939453,21.270000457763672,152778,0.0,0.0
2024-08-08 14:30:00-04:00,21.280000686645508,21.41900062561035,21.239999771118164,21.41900062561035,119735,0.0,0.0
2024-08-08 15:30:00-04:00,21.40999984741211,21.420000076293945,21.290000915527344,21.399999618530273,329967,0.0,0.0
2024-08-09 09:30:00-04:00,21.530000686645508,21.649999618530273,21.3799991607666,21.649999618530273,64895,0.0,0.0
2024-08-09 10:30:00-04:00,21.649999618530273,21.799999237060547,21.639999389648438,21.670000076293945,58515,0.0,0.0
2024-08-09 11:30:00-04:00,21.670000076293945,21.68000030517578,21.469999313354492,21.469999313354492,51665,0.0,0.0
2024-08-09 12:30:00-04:00,21.479999542236328,21.530000686645508,21.440000534057617,21.469999313354492,42763,0.0,0.0
2024-08-09 13:30:00-04:00,21.469999313354492,21.520000457763672,21.375,21.395000457763672,67506,0.0,0.0
2024-08-09 14:30:00-04:00,21.399999618530273,21.47909927368164,21.389999389648438,21.459999084472656,70690,0.0,0.0
2024-08-09 15:30:00-04:00,21.459999084472656,21.549999237060547,21.399999618530273,21.549999237060547,234820,0.0,0.0
2024-08-12 09:30:00-04:00,21.649999618530273,21.700000762939453,21.440000534057617,21.59000015258789,71602,0.0,0.0
2024-08-12 10:30:00-04:00,21.6200008392334,21.780000686645508,21.551000595092773,21.55500030517578,60680,0.0,0.0
2024-08-12 11:30:00-04:00,21.559999465942383,21.56999969482422,21.450000762939453,21.450000762939453,50894,0.0,0.0
2024-08-12 12:30:00-04:00,21.454999923706055,21.469999313354492,21.3799991607666,21.424999237060547,56716,0.0,0.0
2024-08-12 13:30:00-04:00,21.424999237060547,21.469999313354492,21.40999984741211,21.40999984741211,84039,0.0,0.0
2024-08-12 14:30:00-04:00,21.415000915527344,21.459999084472656,21.360000610351562,21.454999923706055,68427,0.0,0.0
2024-08-12 15:30:00-04:00,21.450000762939453,21.514999389648438,21.3700008392334,21.510000228881836,278506,0.0,0.0
2024-08-13 09:30:00-04:00,21.56999969482422,21.56999969482422,21.390100479125977,21.530000686645508,74245,0.0,0.0
2024-08-13 10:30:00-04:00,21.530000686645508,21.65999984741211,21.440000534057617,21.6200008392334,63663,0.0,0.0
2024-08-13 11:30:00-04:00,21.610000610351562,21.649999618530273,21.600000381469727,21.610000610351562,40783,0.0,0.0
2024-08-13 12:30:00-04:00,21.6200008392334,21.649999618530273,21.600000381469727,21.610000610351562,61834,0.0,0.0
2024-08-13 13:30:00-04:00,21.614999771118164,21.670000076293945,21.600000381469727,21.645000457763672,52257,0.0,0.0
2024-08-13 14:30:00-04:00,21.639999389648438,21.649999618530273,21.59000015258789,21.6200008392334,64511,0.0,0.0
2024-08-13 15:30:00-04:00,21.6200008392334,21.704999923706055,21.600000381469727,21.690000534057617,165051,0.0,0.0
2024-08-14 09:30:00-04:00,21.700000762939453,21.878999710083008,21.59000015258789,21.719999313354492,54453,0.0,0.0
2024-08-14 10:30:00-04:00,21.709999084472656,21.760000228881836,21.6200008392334,21.6299991607666,61920,0.0,0.0
2024-08-14 11:30:00-04:00,21.639999389648438,21.7450008392334,21.639999389648438,21.68000030517578,36301,0.0,0.0
2024-08-14 12:30:00-04:00,21.68000030517578,21.709999084472656,21.639999389648438,21.700000762939453,39294,0.0,0.0
2024-08-14 13:30:00-04:00,21.690000534057617,21.790000915527344,21.65999984741211,21.760000228881836,47129,0.0,0.0
2024-08-14 14:30:00-04:00,21.750099182128906,21.834999084472656,21.75,21.825000762939453,49350,0.0,0.0
2024-08-14 15:30:00-04:00,21.829999923706055,21.8799991607666,21.81999969482422,21.8799991607666,224277,0.0,0.0
2024-08-15 09:30:00-04:00,22.18000030517578,22.24799919128418,21.899999618530273,21.989999771118164,77985,0.0,0.0
2024-08-15 10:30:00-04:00,22.0,22.08799934387207,21.940000534057617,22.010000228881836,50099,0.0,0.0
2024-08-15 11:30:00-04:00,22.010000228881836,22.06999969482422,21.93000030517578,22.010000228881836,41167,0.0,0.0
2024-08-15 12:30:00-04:00,22.0,22.100000381469727,21.969999313354492,22.059999465942383,37789,0.0,0.0
2024-08-15 13:30:00-04:00,22.059999465942383,22.110000610351562,22.020000457763672,22.040000915527344,39627,0.0,0.0
2024-08-15 14:30:00-04:00,22.049999237060547,22.084999084472656,21.969999313354492,21.989999771118164,51641,0.0,0.0
2024-08-15 15:30:00-04:00,21.979999542236328,22.0,21.905000686645508,21.93000030517578,121288,0.0,0.0
2024-08-16 09:30:00-04:00,21.8799991607666,22.040000915527344,21.825000762939453,22.0049991607666,91050,0.0,0.0
2024-08-16 10:30:00-04:00,22.0,22.014999389648438,21.920000076293945,21.975000381469727,90757,0.0,0.0
2024-08-16 11:30:00-04:00,21.979999542236328,22.18000030517578,21.969999313354492,22.1299991607666,175593,0.0,0.0
2024-08-16 12:30:00-04:00,22.1200008392334,22.149999618530273,22.020000457763672,22.040000915527344,45805,0.0,0.0
2024-08-16 13:30:00-04:00,22.045000076293945,22.104999542236328,22.010000228881836,22.09000015258789,44478,0.0,0.0
2024-08-16 14:30:00-04:00,22.09000015258789,22.190000534057617,22.079999923706055,22.125,85405,0.0,0.0
2024-08-16 15:30:00-04:00,22.1200008392334,22.155000686645508,22.079999923706055,22.100000381469727,250609,0.0,0.0
2024-08-19 09:30:00-04:00,22.1299991607666,22.194000244140625,21.989999771118164,22.0,36930,0.0,0.0
2024-08-19 10:30:00-04:00,22.0,22.094999313354492,21.979999542236328,22.030000686645508,56976,0.0,0.0
2024-08-19 11:30:00-04:00,22.020000457763672,22.079999923706055,21.989999771118164,22.045000076293945,32421,0.0,0.0
2024-08-19 12:30:00-04:00,22.043399810791016,22.049999237060547,21.969999313354492,22.0,40439,0.0,0.0
2024-08-19 13:30:00-04:00,22.010000228881836,22.06999969482422,22.010000228881836,22.059999465942383,29010,0.0,0.0
2024-08-19 14:30:00-04:00,22.065000534057617,22.079999923706055,22.010000228881836,22.040000915527344,87205,0.0,0.0
2024-08-19 15:30:00-04:00,22.040000915527344,22.149999618530273,22.030000686645508,22.139999389648438,142129,0.0,0.0
2024-08-20 09:30:00-04:00,22.100000381469727,22.1200008392334,21.860000610351562,21.885000228881836,87117,0.0,0.0
2024-08-20 10:30:00-04:00,21.885000228881836,21.93000030517578,21.870100021362305,21.929000854492188,77819,0.0,0.0
2024-08-20 11:30:00-04:00,21.924999237060547,22.010000228881836,21.920000076293945,21.9950008392334,49240,0.0,0.0
2024-08-20 12:30:00-04:00,21.9950008392334,22.0049991607666,21.92020034790039,21.96500015258789,81902,0.0,0.0
2024-08-20 13:30:00-04:00,21.96500015258789,22.100000381469727,21.94499969482422,22.06999969482422,141927,0.0,0.0
2024-08-20 14:30:00-04:00,22.06999969482422,22.06999969482422,22.0,22.040000915527344,56444,0.0,0.0
2024-08-20 15:30:00-04:00,22.040000915527344,22.114999771118164,22.010000228881836,22.06999969482422,161171,0.0,0.0
2024-08-21 09:30:00-04:00,22.110000610351562,22.139999389648438,22.020000457763672,22.104999542236328,42579,0.0,0.0
2024-08-21 10:30:00-04:00,22.1200008392334,22.18000030517578,22.030000686645508,22.100000381469727,49895,0.0,0.0
2024-08-21 11:30:00-04:00,22.100000381469727,22.114999771118164,22.010000228881836,22.020000457763672,44566,0.0,0.0
2024-08-21 12:30:00-04:00,22.020000457763672,22.079999923706055,22.020000457763672,22.049999237060547,46164,0.0,0.0
2024-08-21 13:30:00-04:00,22.059999465942383,22.065000534057617,22.020000457763672,22.024999618530273,48242,0.0,0.0
2024-08-21 14:30:00-04:00,22.03499984741211,22.114999771118164,22.030000686645508,22.094999313354492,71201,0.0,0.0
2024-08-21 15:30:00-04:00,22.09000015258789,22.1200008392334,22.06999969482422,22.079999923706055,164688,0.0,0.0
2024-08-22 09:30:00-04:00,22.06999969482422,22.09000015258789,21.889999389648438,22.024999618530273,32168,0.0,0.0
2024-08-22 10:30:00-04:00,22.020000457763672,22.079999923706055,21.975000381469727,21.985000610351562,43807,0.0,0.0
2024-08-22 11:30:00-04:00,21.97010040283203,22.1299991607666,21.940000534057617,22.079999923706055,31344,0.0,0.0
2024-08-22 12:30:00-04:00,22.075000762939453,22.079999923706055,21.979999542236328,21.979999542236328,33517,0.0,0.0
2024-08-22 13:30:00-04:00,21.93000030517578,22.040000915527344,21.920000076293945,22.030000686645508,46140,0.0,0.0
2024-08-22 14:30:00-04:00,22.020000457763672,22.065000534057617,21.969999313354492,22.020000457763672,80547,0.0,0.0
2024-08-22 15:30:00-04:00,22.020000457763672,22.049999237060547,21.979999542236328,22.049999237060547,275391,0.0,0.0
2024-08-23 09:30:00-04:00,22.229999542236328,22.239999771118164,21.979999542236328,22.139999389648438,98321,0.0,0.0
2024-08-23 10:30:00-04:00,22.1299991607666,22.15999984741211,22.010000228881836,22.040000915527344,645237,0.0,0.0
2024-08-23 11:30:00-04:00,22.049999237060547,22.09000015258789,21.950000762939453,22.039499282836914,189043,0.0,0.0
2024-08-23 12:30:00-04:00,22.040000915527344,22.059999465942383,21.790000915527344,21.850000381469727,225662,0.0,0.0
2024-08-23 13:30:00-04:00,21.809999465942383,21.81999969482422,21.540000915527344,21.68000030517578,737651,0.0,0.0
2024-08-23 14:30:00-04:00,21.690000534057617,21.8799991607666,21.670000076293945,21.81999969482422,422129,0.0,0.0
2024-08-23 15:30:00-04:00,21.81999969482422,21.940000534057617,21.700000762939453,21.940000534057617,376955,0.0,0.0
2024-08-26 09:30:00-04:00,22.139999389648438,22.15999984741211,21.969999313354492,22.09000015258789,72591,0.0,0.0
2024-08-26 10:30:00-04:00,22.079999923706055,22.139999389648438,22.0,22.020999908447266,38370,0.0,0.0
2024-08-26 11:30:00-04:00,22.020000457763672,22.100000381469727,21.969999313354492,22.06999969482422,130678,0.0,0.0
2024-08-26 12:30:00-04:00,22.09000015258789,22.09000015258789,22.020000457763672,22.059999465942383,56852,0.0,0.0
2024-08-26 13:30:00-04:00,22.059999465942383,22.06999969482422,21.940000534057617,21.9950008392334,55460,0.0,0.0
2024-08-26 14:30:00-04:00,21.992000579833984,22.0,21.919300079345703,21.93000030517578,92607,0.0,0.0
2024-08-26 15:30:00-04:00,21.93000030517578,22.030000686645508,21.920000076293945,21.950000762939453,231755,0.0,0.0
2024-08-27 09:30:00-04:00,22.049999237060547,22.200000762939453,21.799999237060547,22.200000762939453,166229,0.0,0.0
2024-08-27 10:30:00-04:00,22.190000534057617,22.299999237060547,21.969999313354492,22.049999237060547,326306,0.0,0.0
2024-08-27 11:30:00-04:00,22.030000686645508,22.1200008392334,22.020000457763672,22.1200008392334,39310,0.0,0.0
2024-08-27 12:30:00-04:00,22.1200008392334,22.149999618530273,22.06999969482422,22.1200008392334,60236,0.0,0.0
2024-08-27 13:30:00-04:00,22.1299991607666,22.149999618530273,22.079999923706055,22.110000610351562,41907,0.0,0.0
2024-08-27 14:30:00-04:00,22.110000610351562,22.190000534057617,22.100000381469727,22.114999771118164,82550,0.0,0.0
2024-08-27 15:30:00-04:00,22.1200008392334,22.1200008392334,22.014999389648438,22.059999465942383,166406,0.0,0.0
2024-08-28 09:30:00-04:00,22.139999389648438,22.139999389648438,22.0,22.065000534057617,52591,0.0,0.0
2024-08-28 10:30:00-04:00,22.059999465942383,22.110000610351562,22.030000686645508,22.059999465942383,52940,0.0,0.0
2024-08-28 11:30:00-04:00,22.040000915527344,22.040000915527344,21.93000030517578,21.96500015258789,51354,0.0,0.0
2024-08-28 12:30:00-04:00,21.969999313354492,22.024999618530273,21.940000534057617,21.950000762939453,33564,0.0,0.0
2024-08-28 13:30:00-04:00,21.959999084472656,21.959999084472656,21.850000381469727,21.8700008392334,60554,0.0,0.0
2024-08-28 14:30:00-04:00,21.8700008392334,22.0,21.8700008392334,22.0,77314,0.0,0.0
2024-08-28 15:30:00-04:00,21.989999771118164,22.030000686645508,21.950000762939453,21.959999084472656,196048,0.0,0.0
2024-08-29 09:30:00-04:00,22.100000381469727,22.100000381469727,21.899999618530273,22.010000228881836,35450,0.0,0.0
2024-08-29 10:30:00-04:00,22.020000457763672,22.100000381469727,21.979999542236328,22.09000015258789,40773,0.0,0.0
2024-08-29 11:30:00-04:00,22.094999313354492,22.149999618530273,22.09000015258789,22.114999771118164,46099,0.0,0.0
2024-08-29 12:30:00-04:00,22.114999771118164,22.15250015258789,22.110000610351562,22.125,39185,0.0,0.0
2024-08-29 13:30:00-04:00,22.125,22.165000915527344,22.09000015258789,22.100000381469727,59043,0.0,0.0
2024-08-29 14:30:00-04:00,22.09000015258789,22.110000610351562,22.024999618530273,22.110000610351562,62409,0.0,0.0
2024-08-29 15:30:00-04:00,22.110000610351562,22.110000610351562,21.99799919128418,22.0,179773,0.0,0.0
2024-08-30 09:30:00-04:00,22.110000610351562,22.114999771118164,22.030000686645508,22.09000015258789,24404,0.0,0.0
2024-08-30 10:30:00-04:00,22.09000015258789,22.100000381469727,21.899999618530273,21.899999618530273,29194,0.0,0.0
2024-08-30 11:30:00-04:00,21.899999618530273,21.899999618530273,21.735000610351562,21.739999771118164,28660,0.0,0.0
2024-08-30 12:30:00-04:00,21.729999542236328,21.809999465942383,21.670000076293945,21.795000076293945,38189,0.0,0.0
2024-08-30 13:30:00-04:00,21.795000076293945,21.93000030517578,21.770999908447266,21.90999984741211,56176,0.0,0.0
2024-08-30 14:30:00-04:00,21.90999984741211,21.950000762939453,21.864999771118164,21.940000534057617,45420,0.0,0.0
2024-08-30 15:30:00-04:00,21.950000762939453,22.15999984741211,21.920000076293945,22.100000381469727,187105,0.0,0.0
2024-09-03 09:30:00-04:00,21.959999084472656,22.1200008392334,21.910200119018555,22.079999923706055,58274,0.0,0.0
2024-09-03 10:30:00-04:00,22.093000411987305,22.100000381469727,21.96500015258789,22.020000457763672,47796,0.0,0.0
2024-09-03 11:30:00-04:00,22.020000457763672,22.15999984741211,22.010000228881836,22.110000610351562,48583,0.0,0.0
2024-09-03 12:30:00-04:00,22.1200008392334,22.1299991607666,22.010000228881836,22.06570053100586,55853,0.0,0.0
2024-09-03 13:30:00-04:00,22.06999969482422,22.139999389648438,22.05500030517578,22.1299991607666,55862,0.0,0.0
2024-09-03 14:30:00-04:00,22.1200008392334,22.209999084472656,22.1200008392334,22.149999618530273,108122,0.0,0.0
2024-09-03 15:30:00-04:00,22.15999984741211,22.190000534057617,22.100000381469727,22.149999618530273,205995,0.0,0.0
2024-09-04 09:30:00-04:00,22.09000015258789,22.104999542236328,21.90999984741211,21.989999771118164,67351,0.0,0.0
2024-09-04 10:30:00-04:00,22.0,22.18000030517578,21.989999771118164,22.149999618530273,78081,0.0,0.0
2024-09-04 11:30:00-04:00,22.149999618530273,22.200000762939453,22.020000457763672,22.06999969482422,160646,0.0,0.0
2024-09-04 12:30:00-04:00,22.06999969482422,22.139999389648438,22.010000228881836,22.010000228881836,99834,0.0,0.0
2024-09-04 13:30:00-04:00,22.020000457763672,22.03499984741211,21.969999313354492,22.030000686645508,71424,0.0,0.0
2024-09-04 14:30:00-04:00,22.030000686645508,22.040000915527344,21.920000076293945,21.934999465942383,115425,0.0,0.0
2024-09-04 15:30:00-04:00,21.93000030517578,21.950000762939453,21.84000015258789,21.860000610351562,301971,0.0,0.0
2024-09-05 09:30:00-04:00,22.040000915527344,23.829999923706055,22.024999618530273,23.829999923706055,768845,0.0,0.0
2024-09-05 10:30:00-04:00,23.850000381469727,24.170000076293945,23.770000457763672,23.899999618530273,481788,0.0,0.0
2024-09-05 11:30:00-04:00,23.8700008392334,24.030000686645508,23.780000686645508,23.915000915527344,191058,0.0,0.0
2024-09-05 12:30:00-04:00,23.899999618530273,24.010000228881836,23.8799991607666,23.920000076293945,112065,0.0,0.0
2024-09-05 13:30:00-04:00,23.90999984741211,23.950000762939453,23.780000686645508,23.860000610351562,144636,0.0,0.0
2024-09-05 14:30:00-04:00,23.854999542236328,23.90999984741211,23.729999542236328,23.799999237060547,172841,0.0,0.0
2024-09-05 15:30:00-04:00,23.799999237060547,23.8799991607666,23.735000610351562,23.84000015258789,349731,0.0,0.0
2024-09-06 09:30:00-04:00,23.709999084472656,23.850000381469727,23.3700008392334,23.405000686645508,125290,0.0,0.0
2024-09-06 10:30:00-04:00,23.40999984741211,23.565000534057617,23.31999969482422,23.44499969482422,198554,0.0,0.0
2024-09-06 11:30:00-04:00,23.44499969482422,23.5049991607666,23.420000076293945,23.4950008392334,81461,0.0,0.0
2024-09-06 12:30:00-04:00,23.479999542236328,23.4950008392334,23.3799991607666,23.399999618530273,81124,0.0,0.0
2024-09-06 13:30:00-04:00,23.399999618530273,23.454999923706055,23.360000610351562,23.450000762939453,71527,0.0,0.0
2024-09-06 14:30:00-04:00,23.448999404907227,23.450000762939453,23.25,23.28499984741211,94687,0.0,0.0
2024-09-06 15:30:00-04:00,23.280000686645508,23.329999923706055,23.18000030517578,23.270000457763672,345247,0.0,0.0
2024-09-09 09:30:00-04:00,23.5,23.969999313354492,23.360000610351562,23.81999969482422,116883,0.0,0.0
2024-09-09 10:30:00-04:00,23.81999969482422,23.860000610351562,23.709999084472656,23.709999084472656,100463,0.0,0.0
2024-09-09 11:30:00-04:00,23.70009994506836,23.780000686645508,23.670000076293945,23.670000076293945,63458,0.0,0.0
2024-09-09 12:30:00-04:00,23.65999984741211,23.719999313354492,23.639999389648438,23.686599731445312,65721,0.0,0.0
2024-09-09 13:30:00-04:00,23.68000030517578,23.68000030517578,23.6299991607666,23.645000457763672,60987,0.0,0.0
2024-09-09 14:30:00-04:00,23.645000457763672,23.725000381469727,23.610000610351562,23.709999084472656,90649,0.0,0.0
2024-09-09 15:30:00-04:00,23.71500015258789,23.719999313354492,23.579999923706055,23.59000015258789,244491,0.0,0.0
2024-09-10 09:30:00-04:00,23.579999923706055,23.65999984741211,23.469999313354492,23.520000457763672,54513,0.0,0.0
2024-09-10 10:30:00-04:00,23.500999450683594,23.510000228881836,23.270000457763672,23.43000030517578,142327,0.0,0.0
2024-09-10 11:30:00-04:00,23.43000030517578,23.5049991607666,23.31999969482422,23.375,85107,0.0,0.0
2024-09-10 12:30:00-04:00,23.375,23.43000030517578,23.219999313354492,23.235000610351562,55709,0.0,0.0
2024-09-10 13:30:00-04:00,23.235000610351562,23.34000015258789,23.219999313354492,23.309999465942383,44247,0.0,0.0
2024-09-10 14:30:00-04:00,23.315000534057617,23.375,23.274999618530273,23.360000610351562,82209,0.0,0.0
2024-09-10 15:30:00-04:00,23.360000610351562,23.389999389648438,23.25,23.344999313354492,169247,0.0,0.0
2024-09-11 09:30:00-04:00,23.219999313354492,23.28499984741211,22.68000030517578,22.760000228881836,92251,0.0,0.0
2024-09-11 10:30:00-04:00,22.760000228881836,23.010000228881836,22.7450008392334,22.950000762939453,119486,0.0,0.0
2024-09-11 11:30:00-04:00,22.950000762939453,23.049999237060547,22.934999465942383,23.049999237060547,80301,0.0,0.0
2024-09-11 12:30:00-04:00,23.059999465942383,23.06999969482422,22.979999542236328,23.0049991607666,39899,0.0,0.0
2024-09-11 13:30:00-04:00,23.010000228881836,23.05500030517578,22.940000534057617,22.979999542236328,76416,0.0,0.0
2024-09-11 14:30:00-04:00,22.979999542236328,23.079999923706055,22.940000534057617,23.079999923706055,84411,0.0,0.0
2024-09-11 15:30:00-04:00,23.06999969482422,23.270000457763672,22.9950008392334,23.229999542236328,430575,0.0,0.0
2024-09-12 09:30:00-04:00,23.139999389648438,23.375,23.1299991607666,23.360000610351562,112393,0.0,0.0
2024-09-12 10:30:00-04:00,23.360000610351562,23.520000457763672,23.309999465942383,23.520000457763672,79194,0.0,0.0
2024-09-12 11:30:00-04:00,23.510000228881836,23.549999237060547,23.309999465942383,23.420000076293945,176697,0.0,0.0
2024-09-12 12:30:00-04:00,23.420000076293945,23.600000381469727,23.420000076293945,23.479999542236328,58035,0.0,0.0
2024-09-12 13:30:00-04:00,23.479999542236328,23.549999237060547,23.389999389648438,23.459999084472656,346227,0.0,0.0
2024-09-12 14:30:00-04:00,23.459999084472656,23.5,23.389999389648438,23.469999313354492,75088,0.0,0.0
2024-09-12 15:30:00-04:00,23.479999542236328,23.579999923706055,23.44499969482422,23.579999923706055,269251,0.0,0.0
2024-09-13 09:30:00-04:00,23.729999542236328,23.93000030517578,23.729999542236328,23.844999313354492,117791,0.0,0.0
2024-09-13 10:30:00-04:00,23.84000015258789,24.040000915527344,23.790000915527344,23.950000762939453,660715,0.0,0.0
2024-09-13 11:30:00-04:00,23.950000762939453,23.969999313354492,23.889999389648438,23.940000534057617,84383,0.0,0.0
2024-09-13 12:30:00-04:00,23.940000534057617,24.010000228881836,23.920000076293945,23.9950008392334,48174,0.0,0.0
2024-09-13 13:30:00-04:00,23.989999771118164,24.030000686645508,23.905000686645508,23.905000686645508,143867,0.0,0.0
2024-09-13 14:30:00-04:00,23.889999389648438,24.084999084472656,23.875,24.049999237060547,127400,0.0,0.0
2024-09-13 15:30:00-04:00,24.045000076293945,24.049999237060547,23.8799991607666,23.989999771118164,469511,0.0,0.0
2024-09-16 09:30:00-04:00,23.989999771118164,24.260000228881836,23.915000915527344,24.170000076293945,314208,0.0,0.0
2024-09-16 10:30:00-04:00,24.15999984741211,24.219999313354492,24.040000915527344,24.110000610351562,211016,0.0,0.0
2024-09-16 11:30:00-04:00,24.11989974975586,24.229999542236328,24.049999237060547,24.229999542236328,74024,0.0,0.0
2024-09-16 12:30:00-04:00,24.229999542236328,24.229999542236328,24.110000610351562,24.15999984741211,57736,0.0,0.0
2024-09-16 13:30:00-04:00,24.15999984741211,24.229999542236328,24.09000015258789,24.209999084472656,63019,0.0,0.0
2024-09-16 14:30:00-04:00,24.200000762939453,24.28499984741211,24.149999618530273,24.229999542236328,164599,0.0,0.0
2024-09-16 15:30:00-04:00,24.229999542236328,24.290000915527344,24.190000534057617,24.2450008392334,295174,0.0,0.0
2024-09-17 09:30:00-04:00,24.309999465942383,24.709999084472656,24.239999771118164,24.6200008392334,152791,0.0,0.0
2024-09-17 10:30:00-04:00,24.610000610351562,24.739999771118164,24.5049991607666,24.639999389648438,234685,0.0,0.0
2024-09-17 11:30:00-04:00,24.649999618530273,24.770000457763672,24.639999389648438,24.725000381469727,143344,0.0,0.0
2024-09-17 12:30:00-04:00,24.729999542236328,24.829999923706055,24.68000030517578,24.774999618530273,276017,0.0,0.0
2024-09-17 13:30:00-04:00,24.774999618530273,24.790000915527344,24.670000076293945,24.740999221801758,150162,0.0,0.0
2024-09-17 14:30:00-04:00,24.75,24.8700008392334,24.729999542236328,24.834999084472656,335837,0.0,0.0
2024-09-17 15:30:00-04:00,24.829999923706055,24.8700008392334,24.770000457763672,24.850000381469727,498957,0.0,0.0
2024-09-18 09:30:00-04:00,24.889999389648438,25.25,24.780000686645508,24.899999618530273,148288,0.0,0.0
2024-09-18 10:30:00-04:00,24.889999389648438,24.905000686645508,24.719999313354492,24.860000610351562,187208,0.0,0.0
2024-09-18 11:30:00-04:00,24.860000610351562,24.989999771118164,24.829999923706055,24.920000076293945,77996,0.0,0.0
2024-09-18 12:30:00-04:00,24.93400001525879,25.024999618530273,24.90999984741211,24.969999313354492,96497,0.0,0.0
2024-09-18 13:30:00-04:00,24.96500015258789,25.280000686645508,24.940000534057617,25.280000686645508,190778,0.0,0.0
2024-09-18 14:30:00-04:00,25.280000686645508,25.44499969482422,25.149999618530273,25.299999237060547,624561,0.0,0.0
2024-09-18 15:30:00-04:00,25.30500030517578,25.350000381469727,25.190000534057617,25.280000686645508,715665,0.0,0.0
2024-09-19 09:30:00-04:00,25.530000686645508,25.579999923706055,25.184999465942383,25.450000762939453,137133,0.0,0.0
2024-09-19 10:30:00-04:00,25.459999084472656,25.479999542236328,25.250999450683594,25.290000915527344,103480,0.0,0.0
2024-09-19 11:30:00-04:00,25.290000915527344,25.375,25.239999771118164,25.375,276342,0.0,0.0
2024-09-19 12:30:00-04:00,25.3700008392334,25.40999984741211,25.309999465942383,25.34000015258789,74473,0.0,0.0
2024-09-19 13:30:00-04:00,25.344999313354492,25.399999618530273,25.27899932861328,25.299999237060547,83163,0.0,0.0
2024-09-19 14:30:00-04:00,25.30500030517578,25.329999923706055,25.270000457763672,25.280000686645508,79319,0.0,0.0
2024-09-19 15:30:00-04:00,25.280000686645508,25.334999084472656,25.264999389648438,25.290000915527344,358174,0.0,0.0
2024-09-20 09:30:00-04:00,25.1299991607666,25.290000915527344,25.110000610351562,25.280000686645508,423183,0.0,0.0
2024-09-20 10:30:00-04:00,25.280000686645508,25.329999923706055,25.0,25.020000457763672,428328,0.0,0.0
2024-09-20 11:30:00-04:00,25.010000228881836,25.100000381469727,24.979999542236328,25.09000015258789,125090,0.0,0.0
2024-09-20 12:30:00-04:00,25.09000015258789,25.139999389648438,25.039499282836914,25.110000610351562,91632,0.0,0.0
2024-09-20 13:30:00-04:00,25.1200008392334,25.28499984741211,25.110000610351562,25.28499984741211,100639,0.0,0.0
2024-09-20 14:30:00-04:00,25.28499984741211,25.31999969482422,25.149999618530273,25.204999923706055,482221,0.0,0.0
2024-09-20 15:30:00-04:00,25.200000762939453,25.290000915527344,25.149999618530273,25.239999771118164,494239,0.0,0.0
2024-09-23 09:30:00-04:00,25.309999465942383,25.520000457763672,25.15089988708496,25.190000534057617,192323,0.0,0.0
2024-09-23 10:30:00-04:00,25.190000534057617,25.270000457763672,25.06999969482422,25.209999084472656,301259,0.0,0.0
2024-09-23 11:30:00-04:00,25.209999084472656,25.299999237060547,25.1200008392334,25.290000915527344,140058,0.0,0.0
2024-09-23 12:30:00-04:00,25.280000686645508,25.31999969482422,25.209999084472656,25.31999969482422,118028,0.0,0.0
2024-09-23 13:30:00-04:00,25.31999969482422,25.5,25.299999237060547,25.395000457763672,171318,0.0,0.0
2024-09-23 14:30:00-04:00,25.389999389648438,25.459999084472656,25.309999465942383,25.31999969482422,300551,0.0,0.0
2024-09-23 15:30:00-04:00,25.31999969482422,25.40999984741211,25.30500030517578,25.399999618530273,283562,0.0,0.0
2024-09-24 09:30:00-04:00,25.34000015258789,25.44499969482422,25.229999542236328,25.405000686645508,306289,0.0,0.0
2024-09-24 10:30:00-04:00,25.405000686645508,25.40999984741211,25.260000228881836,25.299999237060547,134117,0.0,0.0
2024-09-24 11:30:00-04:00,25.299999237060547,25.3700008392334,25.270000457763672,25.354999542236328,65978,0.0,0.0
2024-09-24 12:30:00-04:00,25.354999542236328,25.399999618530273,25.31999969482422,25.354999542236328,41353,0.0,0.0
2024-09-24 13:30:00-04:00,25.354999542236328,25.43000030517578,25.309999465942383,25.399999618530273,64808,0.0,0.0
2024-09-24 14:30:00-04:00,25.389999389648438,25.43000030517578,25.334999084472656,25.399999618530273,88565,0.0,0.0
2024-09-24 15:30:00-04:00,25.399999618530273,25.489999771118164,25.395000457763672,25.469999313354492,427753,0.0,0.0
2024-09-25 09:30:00-04:00,25.360000610351562,25.399999618530273,25.25,25.290000915527344,241932,0.0,0.0
2024-09-25 10:30:00-04:00,25.290000915527344,25.364999771118164,25.270000457763672,25.280000686645508,57163,0.0,0.0
2024-09-25 11:30:00-04:00,25.280000686645508,25.389999389648438,25.25,25.34000015258789,65904,0.0,0.0
2024-09-25 12:30:00-04:00,25.329999923706055,25.34000015258789,25.239999771118164,25.280000686645508,68322,0.0,0.0
2024-09-25 13:30:00-04:00,25.270000457763672,25.299999237060547,25.209999084472656,25.260000228881836,81461,0.0,0.0
2024-09-25 14:30:00-04:00,25.260000228881836,25.3700008392334,25.260000228881836,25.280000686645508,112502,0.0,0.0
2024-09-25 15:30:00-04:00,25.270000457763672,25.270000457763672,25.170000076293945,25.170000076293945,178603,0.0,0.0
2024-09-26 09:30:00-04:00,25.139999389648438,25.290000915527344,24.719999313354492,24.799999237060547,95654,0.0,0.0
2024-09-26 10:30:00-04:00,24.799999237060547,24.8799991607666,24.485000610351562,24.610000610351562,155661,0.0,0.0
2024-09-26 11:30:00-04:00,24.594999313354492,24.610000610351562,24.219999313354492,24.34000015258789,138714,0.0,0.0
2024-09-26 12:30:00-04:00,24.350000381469727,24.420000076293945,24.260000228881836,24.325000762939453,122868,0.0,0.0
2024-09-26 13:30:00-04:00,24.325000762939453,24.389999389648438,24.18000030517578,24.18000030517578,53434,0.0,0.0
2024-09-26 14:30:00-04:00,24.18000030517578,24.299999237060547,24.1200008392334,24.280000686645508,166407,0.0,0.0
2024-09-26 15:30:00-04:00,24.270000457763672,24.3700008392334,24.25,24.2549991607666,301383,0.0,0.0
2024-09-27 09:30:00-04:00,24.59000015258789,25.2549991607666,24.549999237060547,25.239999771118164,158196,0.0,0.0
2024-09-27 10:30:00-04:00,25.25,25.329999923706055,25.1200008392334,25.260000228881836,126005,0.0,0.0
2024-09-27 11:30:00-04:00,25.260000228881836,25.31999969482422,25.03499984741211,25.040000915527344,61579,0.0,0.0
2024-09-27 12:30:00-04:00,25.030000686645508,25.1289005279541,25.0,25.12660026550293,54186,0.0,0.0
2024-09-27 13:30:00-04:00,25.1200008392334,25.145000457763672,24.959999084472656,24.959999084472656,64096,0.0,0.0
2024-09-27 14:30:00-04:00,24.959999084472656,25.049999237060547,24.950000762939453,24.975000381469727,85318,0.0,0.0
2024-09-27 15:30:00-04:00,24.975000381469727,25.059999465942383,24.920000076293945,24.989999771118164,228520,0.0,0.0
2024-09-30 09:30:00-04:00,24.969999313354492,25.15999984741211,24.83639907836914,25.06999969482422,55454,0.0,0.0
2024-09-30 10:30:00-04:00,25.06999969482422,25.09000015258789,24.93000030517578,24.93000030517578,55270,0.0,0.0
2024-09-30 11:30:00-04:00,24.90999984741211,25.0,24.889999389648438,24.989999771118164,58405,0.0,0.0
2024-09-30 12:30:00-04:00,25.0,25.0049991607666,24.940000534057617,24.966999053955078,34735,0.0,0.0
2024-09-30 13:30:00-04:00,24.95009994506836,25.045000076293945,24.829999923706055,24.8799991607666,77607,0.0,0.0
2024-09-30 14:30:00-04:00,24.889999389648438,25.0,24.8700008392334,24.9950008392334,70599,0.0,0.0
2024-09-30 15:30:00-04:00,24.9950008392334,25.25,24.985000610351562,25.25,274543,0.0,0.0
2024-10-01 09:30:00-04:00,25.34000015258789,25.670000076293945,25.239999771118164,25.540000915527344,152967,0.0,0.0
2024-10-01 10:30:00-04:00,25.540000915527344,25.579999923706055,25.2549991607666,25.270000457763672,97600,0.0,0.0
2024-10-01 11:30:00-04:00,25.270000457763672,25.364999771118164,25.110000610351562,25.135000228881836,79313,0.0,0.0
2024-10-01 12:30:00-04:00,25.1299991607666,25.139999389648438,24.90999984741211,24.93000030517578,89139,0.0,0.0
2024-10-01 13:30:00-04:00,24.93000030517578,25.114999771118164,24.915000915527344,25.030000686645508,131265,0.0,0.0
2024-10-01 14:30:00-04:00,25.030000686645508,25.049999237060547,24.920000076293945,25.030000686645508,109823,0.0,0.0
2024-10-01 15:30:00-04:00,25.030000686645508,25.114999771118164,24.93000030517578,24.940000534057617,247771,0.0,0.0
2024-10-02 09:30:00-04:00,24.760000228881836,24.899999618530273,24.399999618530273,24.514999389648438,85021,0.0,0.0
2024-10-02 10:30:00-04:00,24.510000228881836,24.670000076293945,24.510000228881836,24.594999313354492,56046,0.0,0.0
2024-10-02 11:30:00-04:00,24.600000381469727,24.670000076293945,24.56999969482422,24.649999618530273,52236,0.0,0.0
2024-10-02 12:30:00-04:00,24.649999618530273,24.709999084472656,24.6200008392334,24.700000762939453,45415,0.0,0.0
2024-10-02 13:30:00-04:00,24.700000762939453,24.739999771118164,24.670000076293945,24.700000762939453,65526,0.0,0.0
2024-10-02 14:30:00-04:00,24.704999923706055,24.790000915527344,24.68000030517578,24.72249984741211,83392,0.0,0.0
2024-10-02 15:30:00-04:00,24.725000381469727,24.780000686645508,24.709999084472656,24.760000228881836,240923,0.0,0.0
2024-10-03 09:30:00-04:00,25.0,25.0,24.59000015258789,24.899999618530273,99429,0.0,0.0
2024-10-03 10:30:00-04:00,24.889999389648438,25.010000228881836,24.850000381469727,24.850000381469727,152376,0.0,0.0
2024-10-03 11:30:00-04:00,24.834999084472656,25.040000915527344,24.770000457763672,24.979999542236328,125172,0.0,0.0
2024-10-03 12:30:00-04:00,24.979999542236328,25.020000457763672,24.8799991607666,24.920000076293945,148067,0.0,0.0
2024-10-03 13:30:00-04:00,24.90999984741211,25.010000228881836,24.8799991607666,24.979999542236328,83983,0.0,0.0
2024-10-03 14:30:00-04:00,24.969999313354492,25.010000228881836,24.90999984741211,24.985000610351562,132079,0.0,0.0
2024-10-03 15:30:00-04:00,24.979999542236328,25.100000381469727,24.915000915527344,24.979999542236328,342827,0.0,0.0
2024-10-04 09:30:00-04:00,25.0,25.059999465942383,24.790000915527344,24.875,41420,0.0,0.0
2024-10-04 10:30:00-04:00,24.889999389648438,24.920000076293945,24.75,24.829999923706055,51485,0.0,0.0
2024-10-04 11:30:00-04:00,24.829999923706055,25.0,24.829999923706055,24.90999984741211,60885,0.0,0.0
2024-10-04 12:30:00-04:00,24.899999618530273,24.979999542236328,24.8700008392334,24.885000228881836,38777,0.0,0.0
2024-10-04 13:30:00-04:00,24.875,25.149999618530273,24.8700008392334,25.09000015258789,68415,0.0,0.0
2024-10-04 14:30:00-04:00,25.089000701904297,25.190000534057617,25.040000915527344,25.18000030517578,124371,0.0,0.0
2024-10-04 15:30:00-04:00,25.18000030517578,25.290000915527344,25.079999923706055,25.200000762939453,271826,0.0,0.0
2024-10-07 09:30:00-04:00,25.1299991607666,25.290000915527344,24.969999313354492,25.170000076293945,52137,0.0,0.0
2024-10-07 10:30:00-04:00,25.18000030517578,25.360000610351562,25.18000030517578,25.290000915527344,76903,0.0,0.0
2024-10-07 11:30:00-04:00,25.28499984741211,25.290000915527344,25.15999984741211,25.229999542236328,86167,0.0,0.0
2024-10-07 12:30:00-04:00,25.229999542236328,25.260000228881836,25.132200241088867,25.225000381469727,60349,0.0,0.0
2024-10-07 13:30:00-04:00,25.219999313354492,25.219999313354492,25.059999465942383,25.059999465942383,42176,0.0,0.0
2024-10-07 14:30:00-04:00,25.059999465942383,25.19499969482422,25.010000228881836,25.190000534057617,118940,0.0,0.0
2024-10-07 15:30:00-04:00,25.190000534057617,25.325000762939453,25.149999618530273,25.229999542236328,332347,0.0,0.0
2024-10-08 09:30:00-04:00,25.360000610351562,25.360000610351562,25.09000015258789,25.12190055847168,67759,0.0,0.0
2024-10-08 10:30:00-04:00,25.1200008392334,25.139999389648438,25.0,25.110000610351562,61022,0.0,0.0
2024-10-08 11:30:00-04:00,25.110000610351562,25.139999389648438,25.049999237060547,25.075000762939453,54819,0.0,0.0
2024-10-08 12:30:00-04:00,25.06999969482422,25.139999389648438,25.040000915527344,25.139999389648438,53512,0.0,0.0
2024-10-08 13:30:00-04:00,25.139999389648438,25.360000610351562,25.1200008392334,25.34000015258789,64014,0.0,0.0
2024-10-08 14:30:00-04:00,25.34000015258789,25.469999313354492,25.34000015258789,25.469999313354492,98200,0.0,0.0
2024-10-08 15:30:00-04:00,25.469999313354492,25.489999771118164,25.3799991607666,25.420000076293945,186351,0.0,0.0
2024-10-09 09:30:00-04:00,25.479999542236328,25.84000015258789,25.450000762939453,25.7450008392334,581816,0.0,0.0
2024-10-09 10:30:00-04:00,25.729999542236328,26.065000534057617,25.719999313354492,26.0,335329,0.0,0.0
2024-10-09 11:30:00-04:00,25.979999542236328,26.020000457763672,25.90999984741211,25.940000534057617,98540,0.0,0.0
2024-10-09 12:30:00-04:00,25.939699172973633,25.954999923706055,25.8799991607666,25.950000762939453,76777,0.0,0.0
2024-10-09 13:30:00-04:00,25.950000762939453,26.0,25.94499969482422,25.985000610351562,91222,0.0,0.0
2024-10-09 14:30:00-04:00,25.985000610351562,25.985000610351562,25.729999542236328,25.780000686645508,263162,0.0,0.0
2024-10-09 15:30:00-04:00,25.780000686645508,25.790000915527344,25.6299991607666,25.75,350565,0.0,0.0
2024-10-10 09:30:00-04:00,25.610000610351562,25.700000762939453,25.229999542236328,25.420000076293945,754915,0.0,0.0
2024-10-10 10:30:00-04:00,25.420000076293945,25.420000076293945,25.15999984741211,25.31999969482422,92670,0.0,0.0
2024-10-10 11:30:00-04:00,25.31999969482422,25.31999969482422,25.170000076293945,25.170000076293945,61215,0.0,0.0
2024-10-10 12:30:00-04:00,25.174999237060547,25.18000030517578,25.020000457763672,25.065000534057617,64305,0.0,0.0
2024-10-10 13:30:00-04:00,25.06999969482422,25.174999237060547,25.040000915527344,25.15999984741211,84477,0.0,0.0
2024-10-10 14:30:00-04:00,25.155000686645508,25.290000915527344,25.135000228881836,25.290000915527344,122785,0.0,0.0
2024-10-10 15:30:00-04:00,25.28499984741211,25.360000610351562,25.15999984741211,25.15999984741211,523545,0.0,0.0
2024-10-11 09:30:00-04:00,25.170000076293945,25.579999923706055,25.170000076293945,25.530000686645508,107447,0.0,0.0
2024-10-11 10:30:00-04:00,25.540000915527344,25.56999969482422,25.420000076293945,25.530000686645508,68547,0.0,0.0
2024-10-11 11:30:00-04:00,25.530000686645508,25.600000381469727,25.479999542236328,25.520000457763672,61459,0.0,0.0
2024-10-11 12:30:00-04:00,25.520000457763672,25.610000610351562,25.514999389648438,25.584999084472656,82603,0.0,0.0
2024-10-11 13:30:00-04:00,25.59000015258789,25.645000457763672,25.549999237060547,25.59000015258789,58842,0.0,0.0
2024-10-11 14:30:00-04:00,25.59000015258789,25.764999389648438,25.545000076293945,25.75,301134,0.0,0.0
2024-10-11 15:30:00-04:00,25.75,25.889999389648438,25.704999923706055,25.850000381469727,237976,0.0,0.0
2024-10-14 09:30:00-04:00,25.850000381469727,25.96500015258789,25.700000762939453,25.940000534057617,92463,0.0,0.0
2024-10-14 10:30:00-04:00,25.940000534057617,26.020000457763672,25.90999984741211,25.96500015258789,56666,0.0,0.0
2024-10-14 11:30:00-04:00,25.959999084472656,26.06999969482422,25.950000762939453,26.059999465942383,40992,0.0,0.0
2024-10-14 12:30:00-04:00,26.049999237060547,26.149999618530273,26.045000076293945,26.110000610351562,40678,0.0,0.0
2024-10-14 13:30:00-04:00,26.094999313354492,26.149999618530273,26.0,26.1299991607666,29679,0.0,0.0
2024-10-14 14:30:00-04:00,26.139999389648438,26.190000534057617,26.1200008392334,26.190000534057617,74500,0.0,0.0
2024-10-14 15:30:00-04:00,26.18000030517578,26.354999542236328,26.170000076293945,26.270000457763672,230043,0.0,0.0
2024-10-15 09:30:00-04:00,26.600000381469727,26.780000686645508,26.31999969482422,26.719999313354492,76018,0.0,0.0
2024-10-15 10:30:00-04:00,26.709999084472656,26.790000915527344,26.649999618530273,26.670000076293945,131163,0.0,0.0
2024-10-15 11:30:00-04:00,26.670000076293945,26.834999084472656,26.649999618530273,26.829999923706055,67216,0.0,0.0
2024-10-15 12:30:00-04:00,26.834999084472656,26.860000610351562,26.700000762939453,26.700000762939453,70513,0.0,0.0
2024-10-15 13:30:00-04:00,26.709999084472656,26.834999084472656,26.690000534057617,26.81999969482422,57806,0.0,0.0
2024-10-15 14:30:00-04:00,26.829999923706055,26.850000381469727,26.710100173950195,26.7450008392334,144544,0.0,0.0
2024-10-15 15:30:00-04:00,26.7450008392334,26.780000686645508,26.600000381469727,26.600000381469727,376918,0.0,0.0
2024-10-16 09:30:00-04:00,26.860000610351562,27.299999237060547,26.815000534057617,27.1299991607666,96191,0.0,0.0
2024-10-16 10:30:00-04:00,27.125,27.239999771118164,27.059999465942383,27.190000534057617,178931,0.0,0.0
2024-10-16 11:30:00-04:00,27.19499969482422,27.290000915527344,27.15999984741211,27.219999313354492,92465,0.0,0.0
2024-10-16 12:30:00-04:00,27.209999084472656,27.219999313354492,27.149999618530273,27.149999618530273,36094,0.0,0.0
2024-10-16 13:30:00-04:00,27.155000686645508,27.2549991607666,27.110000610351562,27.139999389648438,105792,0.0,0.0
2024-10-16 14:30:00-04:00,27.135000228881836,27.139999389648438,26.989999771118164,26.9950008392334,83019,0.0,0.0
2024-10-16 15:30:00-04:00,26.9950008392334,27.084999084472656,26.84000015258789,26.90999984741211,236310,0.0,0.0
2024-10-17 09:30:00-04:00,26.93000030517578,27.211299896240234,26.93000030517578,27.211299896240234,53910,0.0,0.0
2024-10-17 10:30:00-04:00,27.219999313354492,27.25,27.03499984741211,27.104999542236328,70328,0.0,0.0
2024-10-17 11:30:00-04:00,27.1200008392334,27.209999084472656,27.059999465942383,27.200000762939453,211101,0.0,0.0
2024-10-17 12:30:00-04:00,27.200000762939453,27.280000686645508,27.149999618530273,27.270000457763672,99863,0.0,0.0
2024-10-17 13:30:00-04:00,27.269899368286133,27.280000686645508,27.170000076293945,27.20989990234375,231680,0.0,0.0
2024-10-17 14:30:00-04:00,27.200000762939453,27.309999465942383,27.19499969482422,27.309999465942383,64346,0.0,0.0
2024-10-17 15:30:00-04:00,27.30500030517578,27.360000610351562,27.219999313354492,27.25,253931,0.0,0.0
2024-10-18 09:30:00-04:00,27.290000915527344,27.40999984741211,27.1299991607666,27.25,70611,0.0,0.0
2024-10-18 10:30:00-04:00,27.25,27.5,27.239999771118164,27.475000381469727,112051,0.0,0.0
2024-10-18 11:30:00-04:00,27.469999313354492,27.56999969482422,27.450000762939453,27.56999969482422,84725,0.0,0.0
2024-10-18 12:30:00-04:00,27.565000534057617,27.75,27.559999465942383,27.725000381469727,98922,0.0,0.0
2024-10-18 13:30:00-04:00,27.719999313354492,27.809999465942383,27.670000076293945,27.69499969482422,133702,0.0,0.0
2024-10-18 14:30:00-04:00,27.690000534057617,27.71500015258789,27.6200008392334,27.665000915527344,142163,0.0,0.0
2024-10-18 15:30:00-04:00,27.65999984741211,27.670000076293945,27.56999969482422,27.649999618530273,244734,0.0,0.0
2024-10-21 09:30:00-04:00,27.780000686645508,27.80500030517578,27.395000457763672,27.454999923706055,61733,0.0,0.0
2024-10-21 10:30:00-04:00,27.450000762939453,27.530000686645508,27.424999237060547,27.510000228881836,57409,0.0,0.0
2024-10-21 11:30:00-04:00,27.5,27.540000915527344,27.450000762939453,27.479999542236328,51329,0.0,0.0
2024-10-21 12:30:00-04:00,27.479999542236328,27.6299991607666,27.454999923706055,27.614999771118164,74354,0.0,0.0
2024-10-21 13:30:00-04:00,27.610000610351562,27.614999771118164,27.530000686645508,27.56999969482422,52772,0.0,0.0
2024-10-21 14:30:00-04:00,27.56999969482422,27.579999923706055,27.5,27.545000076293945,99606,0.0,0.0
2024-10-21 15:30:00-04:00,27.540000915527344,27.559999465942383,27.489999771118164,27.520000457763672,201274,0.0,0.0
2024-10-22 09:30:00-04:00,27.520000457763672,27.829999923706055,27.459999084472656,27.770000457763672,53169,0.0,0.0
2024-10-22 10:30:00-04:00,27.760000228881836,27.920000076293945,27.760000228881836,27.889999389648438,56193,0.0,0.0
2024-10-22 11:30:00-04:00,27.889999389648438,27.889999389648438,27.78499984741211,27.860000610351562,149154,0.0,0.0
2024-10-22 12:30:00-04:00,27.860000610351562,27.8799991607666,27.799999237060547,27.864999771118164,41157,0.0,0.0
2024-10-22 13:30:00-04:00,27.864999771118164,27.959999084472656,27.860000610351562,27.950000762939453,65190,0.0,0.0
2024-10-22 14:30:00-04:00,27.950000762939453,27.969999313354492,27.889999389648438,27.969999313354492,59777,0.0,0.0
2024-10-22 15:30:00-04:00,27.979999542236328,28.059999465942383,27.90999984741211,27.94499969482422,195507,0.0,0.0
2024-10-23 09:30:00-04:00,27.639999389648438,27.809999465942383,27.639999389648438,27.809999465942383,39645,0.0,0.0
2024-10-23 10:30:00-04:00,27.809999465942383,27.860000610351562,27.520000457763672,27.540000915527344,60781,0.0,0.0
2024-10-23 11:30:00-04:00,27.540000915527344,27.68000030517578,27.540000915527344,27.56999969482422,46301,0.0,0.0
2024-10-23 12:30:00-04:00,27.559999465942383,27.6299991607666,27.489999771118164,27.610000610351562,54179,0.0,0.0
2024-10-23 13:30:00-04:00,27.610000610351562,27.6200008392334,27.40999984741211,27.450000762939453,56986,0.0,0.0
2024-10-23 14:30:00-04:00,27.459999084472656,27.59000015258789,27.459999084472656,27.579999923706055,86446,0.0,0.0
2024-10-23 15:30:00-04:00,27.579999923706055,27.68000030517578,27.5,27.65999984741211,247812,0.0,0.0
2024-10-24 09:30:00-04:00,27.829999923706055,27.829999923706055,27.459999084472656,27.5,65417,0.0,0.0
2024-10-24 10:30:00-04:00,27.469999313354492,27.579999923706055,27.420000076293945,27.549999237060547,74694,0.0,0.0
2024-10-24 11:30:00-04:00,27.549999237060547,27.579999923706055,27.360000610351562,27.440000534057617,81498,0.0,0.0
2024-10-24 12:30:00-04:00,27.440000534057617,27.6200008392334,27.440000534057617,27.579999923706055,43916,0.0,0.0
2024-10-24 13:30:00-04:00,27.579999923706055,27.59000015258789,27.450000762939453,27.549999237060547,50501,0.0,0.0
2024-10-24 14:30:00-04:00,27.549999237060547,27.549999237060547,27.479999542236328,27.5049991607666,64941,0.0,0.0
2024-10-24 15:30:00-04:00,27.510000228881836,27.65999984741211,27.5,27.5,216742,0.0,0.0
2024-10-25 09:30:00-04:00,27.690000534057617,27.8700008392334,27.559999465942383,27.850000381469727,78176,0.0,0.0
2024-10-25 10:30:00-04:00,27.84600067138672,27.969999313354492,27.760000228881836,27.78499984741211,59773,0.0,0.0
2024-10-25 11:30:00-04:00,27.790000915527344,27.860000610351562,27.729999542236328,27.809999465942383,49980,0.0,0.0
2024-10-25 12:30:00-04:00,27.799999237060547,27.8700008392334,27.65999984741211,27.684999465942383,39161,0.0,0.0
2024-10-25 13:30:00-04:00,27.684999465942383,27.729999542236328,27.575000762939453,27.65999984741211,125098,0.0,0.0
2024-10-25 14:30:00-04:00,27.649999618530273,27.69499969482422,27.649999618530273,27.665000915527344,60374,0.0,0.0
2024-10-25 15:30:00-04:00,27.665000915527344,27.665000915527344,27.559999465942383,27.59000015258789,147364,0.0,0.0
