Datetime,Open,High,Low,Close,Volume,Dividends,Stock Splits,Capital Gains
2022-10-27 09:30:00-04:00,64.5999984741211,64.96990203857422,64.4000015258789,64.94999694824219,0,0.0,0.0,0.0
2022-10-27 10:30:00-04:00,64.93800354003906,65.0,64.6449966430664,64.72799682617188,52896,0.0,0.0,0.0
2022-10-27 11:30:00-04:00,64.70999908447266,64.73999786376953,64.33999633789062,64.33999633789062,76871,0.0,0.0,0.0
2022-10-27 12:30:00-04:00,64.33000183105469,64.6500015258789,64.33000183105469,64.55500030517578,46710,0.0,0.0,0.0
2022-10-27 13:30:00-04:00,64.54000091552734,64.54869842529297,64.33000183105469,64.36000061035156,38552,0.0,0.0,0.0
2022-10-27 14:30:00-04:00,64.31999969482422,64.37000274658203,64.20999908447266,64.3363037109375,36954,0.0,0.0,0.0
2022-10-27 15:30:00-04:00,64.3499984741211,64.38999938964844,64.16999816894531,64.20999908447266,43655,0.0,0.0,0.0
2022-10-28 09:30:00-04:00,64.11000061035156,64.43000030517578,64.02999877929688,64.33999633789062,66987,0.0,0.0,0.0
2022-10-28 10:30:00-04:00,64.39649963378906,64.44999694824219,64.2699966430664,64.37999725341797,63080,0.0,0.0,0.0
2022-10-28 11:30:00-04:00,64.38500213623047,64.48500061035156,64.30999755859375,64.47000122070312,56834,0.0,0.0,0.0
2022-10-28 12:30:00-04:00,64.47000122070312,64.5999984741211,64.44000244140625,64.52999877929688,64436,0.0,0.0,0.0
2022-10-28 13:30:00-04:00,64.56990051269531,64.63999938964844,64.52999877929688,64.61000061035156,157121,0.0,0.0,0.0
2022-10-28 14:30:00-04:00,64.5999984741211,64.7300033569336,64.58999633789062,64.72650146484375,92739,0.0,0.0,0.0
2022-10-28 15:30:00-04:00,64.69999694824219,64.80000305175781,64.69999694824219,64.80000305175781,38974,0.0,0.0,0.0
2022-10-31 09:30:00-04:00,64.2699966430664,64.3499984741211,64.13999938964844,64.22599792480469,54496,0.0,0.0,0.0
2022-10-31 10:30:00-04:00,64.22000122070312,64.41999816894531,64.17990112304688,64.40959930419922,32932,0.0,0.0,0.0
2022-10-31 11:30:00-04:00,64.38169860839844,64.47000122070312,64.2750015258789,64.3499984741211,26792,0.0,0.0,0.0
2022-10-31 12:30:00-04:00,64.36000061035156,64.36000061035156,64.22930145263672,64.33999633789062,18982,0.0,0.0,0.0
2022-10-31 13:30:00-04:00,64.3499984741211,64.41000366210938,64.27179718017578,64.36000061035156,56813,0.0,0.0,0.0
2022-10-31 14:30:00-04:00,64.35710144042969,64.41100311279297,64.21859741210938,64.29000091552734,187047,0.0,0.0,0.0
2022-10-31 15:30:00-04:00,64.29000091552734,64.37999725341797,64.2750015258789,64.33000183105469,0,0.0,0.0,0.0
2022-11-01 09:30:00-04:00,65.38999938964844,65.45999908447266,64.79000091552734,64.91999816894531,106493,0.0,0.0,0.0
2022-11-01 10:30:00-04:00,64.93000030517578,65.01000213623047,64.43000030517578,64.54000091552734,76870,0.0,0.0,0.0
2022-11-01 11:30:00-04:00,64.56999969482422,64.80000305175781,64.38999938964844,64.5,50581,0.0,0.0,0.0
2022-11-01 12:30:00-04:00,64.51000213623047,64.66000366210938,64.39900207519531,64.5999984741211,103805,0.0,0.0,0.0
2022-11-01 13:30:00-04:00,64.58999633789062,64.69000244140625,64.53700256347656,64.66899871826172,58619,0.0,0.0,0.0
2022-11-01 14:30:00-04:00,64.66999816894531,64.69999694824219,64.55999755859375,64.58000183105469,239910,0.0,0.0,0.0
2022-11-01 15:30:00-04:00,64.5999984741211,64.6500015258789,64.55999755859375,64.6500015258789,30161,0.0,0.0,0.0
2022-11-02 09:30:00-04:00,64.91999816894531,64.91999816894531,64.76249694824219,64.76249694824219,33472,0.0,0.0,0.0
2022-11-02 10:30:00-04:00,64.80000305175781,64.82379913330078,64.72000122070312,64.74099731445312,44884,0.0,0.0,0.0
2022-11-02 11:30:00-04:00,64.73999786376953,64.83380126953125,64.70999908447266,64.7300033569336,42591,0.0,0.0,0.0
2022-11-02 12:30:00-04:00,64.73999786376953,64.81500244140625,64.65840148925781,64.7699966430664,42206,0.0,0.0,0.0
2022-11-02 13:30:00-04:00,64.76930236816406,65.73739624023438,64.76930236816406,65.45999908447266,79185,0.0,0.0,0.0
2022-11-02 14:30:00-04:00,65.48729705810547,65.70999908447266,64.05999755859375,64.05999755859375,76159,0.0,0.0,0.0
2022-11-02 15:30:00-04:00,64.11499786376953,64.2300033569336,63.970001220703125,64.01000213623047,93730,0.0,0.0,0.0
2022-11-03 09:30:00-04:00,63.150001525878906,63.644798278808594,63.08000183105469,63.63479995727539,49768,0.0,0.0,0.0
2022-11-03 10:30:00-04:00,63.604801177978516,63.77000045776367,63.45000076293945,63.61000061035156,38984,0.0,0.0,0.0
2022-11-03 11:30:00-04:00,63.57099914550781,63.70000076293945,63.494998931884766,63.62799835205078,25416,0.0,0.0,0.0
2022-11-03 12:30:00-04:00,63.650001525878906,63.790000915527344,63.56999969482422,63.709999084472656,31709,0.0,0.0,0.0
2022-11-03 13:30:00-04:00,63.71500015258789,63.7400016784668,63.59230041503906,63.72999954223633,33774,0.0,0.0,0.0
2022-11-03 14:30:00-04:00,63.720001220703125,63.7599983215332,63.67100143432617,63.72999954223633,131325,0.0,0.0,0.0
2022-11-03 15:30:00-04:00,63.72999954223633,63.7599983215332,63.52000045776367,63.560001373291016,38218,0.0,0.0,0.0
2022-11-04 09:30:00-04:00,65.30000305175781,65.47989654541016,64.68000030517578,65.45999908447266,54728,0.0,0.0,0.0
2022-11-04 10:30:00-04:00,65.41999816894531,65.58999633789062,65.1272964477539,65.1417007446289,35099,0.0,0.0,0.0
2022-11-04 11:30:00-04:00,65.08999633789062,65.19999694824219,64.72000122070312,65.08000183105469,37500,0.0,0.0,0.0
2022-11-04 12:30:00-04:00,65.08000183105469,65.08999633789062,64.8499984741211,64.93000030517578,38554,0.0,0.0,0.0
2022-11-04 13:30:00-04:00,64.93499755859375,65.0199966430664,64.78399658203125,65.00499725341797,106540,0.0,0.0,0.0
2022-11-04 14:30:00-04:00,65.05999755859375,65.38500213623047,65.05999755859375,65.31999969482422,28237,0.0,0.0,0.0
2022-11-04 15:30:00-04:00,65.30259704589844,65.5,65.30259704589844,65.48999786376953,17788,0.0,0.0,0.0
2022-11-07 09:30:00-05:00,65.68000030517578,65.7300033569336,65.40170288085938,65.45999908447266,51872,0.0,0.0,0.0
2022-11-07 10:30:00-05:00,65.47000122070312,65.6500015258789,65.41500091552734,65.6239013671875,72449,0.0,0.0,0.0
2022-11-07 11:30:00-05:00,65.6405029296875,65.68890380859375,65.43499755859375,65.62999725341797,26744,0.0,0.0,0.0
2022-11-07 12:30:00-05:00,65.66999816894531,65.69999694824219,65.58499908447266,65.66799926757812,24200,0.0,0.0,0.0
2022-11-07 13:30:00-05:00,65.71399688720703,65.84500122070312,65.65750122070312,65.83999633789062,27950,0.0,0.0,0.0
2022-11-07 14:30:00-05:00,65.83000183105469,65.9000015258789,65.80000305175781,65.8499984741211,47861,0.0,0.0,0.0
2022-11-07 15:30:00-05:00,65.87000274658203,65.89990234375,65.69999694824219,65.69999694824219,29934,0.0,0.0,0.0
2022-11-08 09:30:00-05:00,66.06999969482422,66.5199966430664,66.0,66.5199966430664,38110,0.0,0.0,0.0
2022-11-08 10:30:00-05:00,66.44770050048828,66.77999877929688,66.44770050048828,66.77999877929688,19652,0.0,0.0,0.0
2022-11-08 11:30:00-05:00,66.7699966430664,66.9000015258789,66.73999786376953,66.73999786376953,29287,0.0,0.0,0.0
2022-11-08 12:30:00-05:00,66.73500061035156,66.83999633789062,66.37000274658203,66.37000274658203,35231,0.0,0.0,0.0
2022-11-08 13:30:00-05:00,66.33999633789062,66.56600189208984,66.0801010131836,66.08999633789062,52339,0.0,0.0,0.0
2022-11-08 14:30:00-05:00,66.08910369873047,66.5886001586914,66.02999877929688,66.55000305175781,44750,0.0,0.0,0.0
2022-11-08 15:30:00-05:00,66.58999633789062,66.70999908447266,66.43000030517578,66.44999694824219,68055,0.0,0.0,0.0
2022-11-09 09:30:00-05:00,66.19000244140625,66.4800033569336,65.9800033569336,66.29000091552734,45655,0.0,0.0,0.0
2022-11-09 10:30:00-05:00,66.28500366210938,66.36000061035156,66.0199966430664,66.36000061035156,25085,0.0,0.0,0.0
2022-11-09 11:30:00-05:00,66.33999633789062,66.38500213623047,66.15499877929688,66.19339752197266,33725,0.0,0.0,0.0
2022-11-09 12:30:00-05:00,66.19999694824219,66.2699966430664,66.04499816894531,66.05999755859375,21088,0.0,0.0,0.0
2022-11-09 13:30:00-05:00,65.94999694824219,65.94999694824219,65.81999969482422,65.91999816894531,50927,0.0,0.0,0.0
2022-11-09 14:30:00-05:00,65.88099670410156,65.9000015258789,65.69999694824219,65.85189819335938,34609,0.0,0.0,0.0
2022-11-09 15:30:00-05:00,65.83999633789062,65.87999725341797,65.7300033569336,65.76000213623047,26396,0.0,0.0,0.0
2022-11-10 09:30:00-05:00,68.3499984741211,68.86000061035156,68.0999984741211,68.85050201416016,62496,0.0,0.0,0.0
2022-11-10 10:30:00-05:00,68.74949645996094,68.93000030517578,68.69000244140625,68.82499694824219,33255,0.0,0.0,0.0
2022-11-10 11:30:00-05:00,68.8499984741211,68.93000030517578,68.68000030517578,68.68000030517578,59128,0.0,0.0,0.0
2022-11-10 12:30:00-05:00,68.72000122070312,68.72000122070312,68.4800033569336,68.62000274658203,23109,0.0,0.0,0.0
2022-11-10 13:30:00-05:00,68.69000244140625,68.7699966430664,68.58000183105469,68.75,27783,0.0,0.0,0.0
2022-11-10 14:30:00-05:00,68.75,69.02999877929688,68.73500061035156,68.98999786376953,107290,0.0,0.0,0.0
2022-11-10 15:30:00-05:00,69.02999877929688,69.23999786376953,68.98999786376953,69.19999694824219,58541,0.0,0.0,0.0
2022-11-11 09:30:00-05:00,69.55999755859375,69.74500274658203,69.24199676513672,69.72000122070312,55816,0.0,0.0,0.0
2022-11-11 10:30:00-05:00,69.76000213623047,69.8499984741211,69.6281967163086,69.75,26879,0.0,0.0,0.0
2022-11-11 11:30:00-05:00,69.606201171875,69.802001953125,69.58499908447266,69.802001953125,33456,0.0,0.0,0.0
2022-11-11 12:30:00-05:00,69.80000305175781,70.0,69.76499938964844,70.0,22419,0.0,0.0,0.0
2022-11-11 13:30:00-05:00,70.02400207519531,70.05989837646484,69.93000030517578,70.04000091552734,24192,0.0,0.0,0.0
2022-11-11 14:30:00-05:00,70.08999633789062,70.12000274658203,69.9000015258789,70.0199966430664,239793,0.0,0.0,0.0
2022-11-11 15:30:00-05:00,69.98999786376953,70.0979995727539,69.94999694824219,70.04000091552734,33389,0.0,0.0,0.0
2022-11-14 09:30:00-05:00,69.69999694824219,69.87999725341797,69.38999938964844,69.66500091552734,87173,0.0,0.0,0.0
2022-11-14 10:30:00-05:00,69.69999694824219,69.70999908447266,69.43000030517578,69.53500366210938,28600,0.0,0.0,0.0
2022-11-14 11:30:00-05:00,69.51000213623047,69.68000030517578,69.48999786376953,69.62000274658203,209818,0.0,0.0,0.0
2022-11-14 12:30:00-05:00,69.66000366210938,69.83999633789062,69.58000183105469,69.83000183105469,25749,0.0,0.0,0.0
2022-11-14 13:30:00-05:00,69.83000183105469,69.91000366210938,69.80000305175781,69.82499694824219,32873,0.0,0.0,0.0
2022-11-14 14:30:00-05:00,69.8499984741211,69.8499984741211,69.62000274658203,69.68000030517578,31788,0.0,0.0,0.0
2022-11-14 15:30:00-05:00,69.62999725341797,69.68000030517578,69.30000305175781,69.33000183105469,30107,0.0,0.0,0.0
2022-11-15 09:30:00-05:00,70.30999755859375,70.47000122070312,69.97000122070312,70.16000366210938,42217,0.0,0.0,0.0
2022-11-15 10:30:00-05:00,70.1500015258789,70.23500061035156,69.97599792480469,70.16000366210938,41433,0.0,0.0,0.0
2022-11-15 11:30:00-05:00,70.2300033569336,70.31999969482422,70.08000183105469,70.14769744873047,34125,0.0,0.0,0.0
2022-11-15 12:30:00-05:00,70.12000274658203,70.18499755859375,69.45999908447266,69.52960205078125,78449,0.0,0.0,0.0
2022-11-15 13:30:00-05:00,69.5199966430664,69.87999725341797,69.19499969482422,69.75499725341797,77300,0.0,0.0,0.0
2022-11-15 14:30:00-05:00,69.77999877929688,69.9800033569336,69.6500015258789,69.91999816894531,38294,0.0,0.0,0.0
2022-11-15 15:30:00-05:00,69.91000366210938,69.94000244140625,69.69000244140625,69.7300033569336,31522,0.0,0.0,0.0
2022-11-16 09:30:00-05:00,69.83999633789062,69.95999908447266,69.52539825439453,69.5999984741211,122501,0.0,0.0,0.0
2022-11-16 10:30:00-05:00,69.59660339355469,69.69750213623047,69.52999877929688,69.66999816894531,86629,0.0,0.0,0.0
2022-11-16 11:30:00-05:00,69.66000366210938,69.69000244140625,69.44000244140625,69.5250015258789,37478,0.0,0.0,0.0
2022-11-16 12:30:00-05:00,69.52999877929688,69.74240112304688,69.5199966430664,69.54000091552734,25767,0.0,0.0,0.0
2022-11-16 13:30:00-05:00,69.56999969482422,69.56999969482422,69.4175033569336,69.5199966430664,30303,0.0,0.0,0.0
2022-11-16 14:30:00-05:00,69.52249908447266,69.62000274658203,69.47000122070312,69.5999984741211,59750,0.0,0.0,0.0
2022-11-16 15:30:00-05:00,69.5999984741211,69.67900085449219,69.56500244140625,69.5999984741211,52034,0.0,0.0,0.0
2022-11-17 09:30:00-05:00,68.79000091552734,69.23999786376953,68.79000091552734,69.22000122070312,46640,0.0,0.0,0.0
2022-11-17 10:30:00-05:00,69.19000244140625,69.19000244140625,68.95349884033203,69.02999877929688,30331,0.0,0.0,0.0
2022-11-17 11:30:00-05:00,69.05999755859375,69.38999938964844,69.01499938964844,69.32270050048828,64163,0.0,0.0,0.0
2022-11-17 12:30:00-05:00,69.31500244140625,69.55000305175781,69.28500366210938,69.51000213623047,30994,0.0,0.0,0.0
2022-11-17 13:30:00-05:00,69.4800033569336,69.58869934082031,69.37129974365234,69.41500091552734,44626,0.0,0.0,0.0
2022-11-17 14:30:00-05:00,69.41000366210938,69.48999786376953,69.3147964477539,69.33999633789062,73984,0.0,0.0,0.0
2022-11-17 15:30:00-05:00,69.35710144042969,69.53900146484375,69.35710144042969,69.48999786376953,47687,0.0,0.0,0.0
2022-11-18 09:30:00-05:00,69.66000366210938,69.7300033569336,69.44000244140625,69.55999755859375,38356,0.0,0.0,0.0
2022-11-18 10:30:00-05:00,69.6104965209961,69.72989654541016,69.54940032958984,69.67500305175781,12218,0.0,0.0,0.0
2022-11-18 11:30:00-05:00,69.69999694824219,69.70999908447266,69.33499908447266,69.43000030517578,25162,0.0,0.0,0.0
2022-11-18 12:30:00-05:00,69.41999816894531,69.52999877929688,69.36479949951172,69.52999877929688,35522,0.0,0.0,0.0
2022-11-18 13:30:00-05:00,69.5199966430664,69.55000305175781,69.37999725341797,69.45999908447266,26772,0.0,0.0,0.0
2022-11-18 14:30:00-05:00,69.4800033569336,69.62999725341797,69.4186019897461,69.625,40773,0.0,0.0,0.0
2022-11-18 15:30:00-05:00,69.62999725341797,69.68000030517578,69.55500030517578,69.5999984741211,54710,0.0,0.0,0.0
2022-11-21 09:30:00-05:00,69.25,69.37999725341797,69.05000305175781,69.0999984741211,58051,0.0,0.0,0.0
2022-11-21 10:30:00-05:00,69.0999984741211,69.16999816894531,68.9800033569336,69.0199966430664,45541,0.0,0.0,0.0
2022-11-21 11:30:00-05:00,69.02999877929688,69.0999984741211,68.93000030517578,69.0199966430664,32115,0.0,0.0,0.0
2022-11-21 12:30:00-05:00,69.04000091552734,69.2699966430664,69.02999877929688,69.22000122070312,13372,0.0,0.0,0.0
2022-11-21 13:30:00-05:00,69.2249984741211,69.2699966430664,69.16000366210938,69.21440124511719,25651,0.0,0.0,0.0
2022-11-21 14:30:00-05:00,69.2499008178711,69.2499008178711,69.1500015258789,69.15650177001953,43773,0.0,0.0,0.0
2022-11-21 15:30:00-05:00,69.18000030517578,69.29450225830078,69.18000030517578,69.2300033569336,37370,0.0,0.0,0.0
2022-11-22 09:30:00-05:00,69.62999725341797,69.82240295410156,69.4800033569336,69.82240295410156,69445,0.0,0.0,0.0
2022-11-22 10:30:00-05:00,69.81999969482422,69.87000274658203,69.7300033569336,69.7699966430664,11285,0.0,0.0,0.0
2022-11-22 11:30:00-05:00,69.75,69.80999755859375,69.69010162353516,69.7437973022461,32993,0.0,0.0,0.0
2022-11-22 12:30:00-05:00,69.77300262451172,69.95999908447266,69.77300262451172,69.91539764404297,35964,0.0,0.0,0.0
2022-11-22 13:30:00-05:00,69.95999908447266,69.9800033569336,69.86000061035156,69.93199920654297,25980,0.0,0.0,0.0
2022-11-22 14:30:00-05:00,69.90499877929688,70.01000213623047,69.87000274658203,69.98999786376953,195605,0.0,0.0,0.0
2022-11-22 15:30:00-05:00,70.0199966430664,70.08999633789062,70.01499938964844,70.08000183105469,31619,0.0,0.0,0.0
2022-11-23 09:30:00-05:00,70.19000244140625,70.61000061035156,70.19000244140625,70.4468994140625,43574,0.0,0.0,0.0
2022-11-23 10:30:00-05:00,70.48789978027344,70.67579650878906,70.46289825439453,70.625,24493,0.0,0.0,0.0
2022-11-23 11:30:00-05:00,70.63860321044922,70.66000366210938,70.33999633789062,70.48999786376953,22083,0.0,0.0,0.0
2022-11-23 12:30:00-05:00,70.43499755859375,70.51000213623047,70.30000305175781,70.44999694824219,16446,0.0,0.0,0.0
2022-11-23 13:30:00-05:00,70.4552001953125,70.8125,70.4552001953125,70.77999877929688,25490,0.0,0.0,0.0
2022-11-23 14:30:00-05:00,70.69999694824219,70.76000213623047,70.5999984741211,70.75,41282,0.0,0.0,0.0
2022-11-23 15:30:00-05:00,70.72000122070312,70.75,70.6624984741211,70.75,17778,0.0,0.0,0.0
2022-11-25 09:30:00-05:00,70.80000305175781,70.94000244140625,70.73999786376953,70.9000015258789,55905,0.0,0.0,0.0
2022-11-25 10:30:00-05:00,70.91999816894531,71.05000305175781,70.87000274658203,71.03929901123047,11157,0.0,0.0,0.0
2022-11-25 11:30:00-05:00,71.01100158691406,71.10810089111328,71.00499725341797,71.08999633789062,76125,0.0,0.0,0.0
2022-11-25 12:30:00-05:00,71.08999633789062,71.08999633789062,71.0199966430664,71.0199966430664,0,0.0,0.0,0.0
2022-11-28 09:30:00-05:00,70.80000305175781,71.25,70.80000305175781,71.09639739990234,63056,0.0,0.0,0.0
2022-11-28 10:30:00-05:00,71.11799621582031,71.1500015258789,70.81500244140625,70.83000183105469,24516,0.0,0.0,0.0
2022-11-28 11:30:00-05:00,70.83000183105469,70.91999816894531,70.67680358886719,70.83000183105469,35276,0.0,0.0,0.0
2022-11-28 12:30:00-05:00,70.83999633789062,70.87000274658203,70.61000061035156,70.61000061035156,28490,0.0,0.0,0.0
2022-11-28 13:30:00-05:00,70.62999725341797,70.69999694824219,70.46009826660156,70.46009826660156,43028,0.0,0.0,0.0
2022-11-28 14:30:00-05:00,70.44499969482422,70.5,70.36000061035156,70.37999725341797,38461,0.0,0.0,0.0
2022-11-28 15:30:00-05:00,70.37999725341797,70.47000122070312,70.36000061035156,70.44000244140625,20667,0.0,0.0,0.0
2022-11-29 09:30:00-05:00,70.5199966430664,70.68000030517578,70.38300323486328,70.66999816894531,71661,0.0,0.0,0.0
2022-11-29 10:30:00-05:00,70.67500305175781,70.67500305175781,70.13999938964844,70.19000244140625,39274,0.0,0.0,0.0
2022-11-29 11:30:00-05:00,70.20500183105469,70.3489990234375,70.20500183105469,70.25,36417,0.0,0.0,0.0
2022-11-29 12:30:00-05:00,70.23300170898438,70.37000274658203,70.23300170898438,70.25,22461,0.0,0.0,0.0
2022-11-29 13:30:00-05:00,70.23999786376953,70.45999908447266,70.2300033569336,70.30000305175781,67273,0.0,0.0,0.0
2022-11-29 14:30:00-05:00,70.30000305175781,70.33000183105469,70.23999786376953,70.28009796142578,41607,0.0,0.0,0.0
2022-11-29 15:30:00-05:00,70.30480194091797,70.36000061035156,70.2300033569336,70.26000213623047,33463,0.0,0.0,0.0
2022-11-30 09:30:00-05:00,71.02999877929688,71.02999877929688,70.58999633789062,70.62999725341797,28124,0.0,0.0,0.0
2022-11-30 10:30:00-05:00,70.56449890136719,70.6500015258789,70.44999694824219,70.59989929199219,19289,0.0,0.0,0.0
2022-11-30 11:30:00-05:00,70.625,70.64990234375,70.38500213623047,70.48999786376953,24078,0.0,0.0,0.0
2022-11-30 12:30:00-05:00,70.47000122070312,70.51000213623047,70.31999969482422,70.44200134277344,32347,0.0,0.0,0.0
2022-11-30 13:30:00-05:00,70.38999938964844,71.58000183105469,70.38999938964844,71.49949645996094,55430,0.0,0.0,0.0
2022-11-30 14:30:00-05:00,71.44999694824219,71.80000305175781,71.4229965209961,71.80000305175781,32891,0.0,0.0,0.0
2022-11-30 15:30:00-05:00,71.73999786376953,71.80789947509766,71.61000061035156,71.61000061035156,64309,0.0,0.0,0.0
2022-12-01 09:30:00-05:00,72.4800033569336,72.62000274658203,72.125,72.19999694824219,53977,0.0,0.0,0.0
2022-12-01 10:30:00-05:00,72.095703125,72.30750274658203,72.02439880371094,72.18199920654297,16198,0.0,0.0,0.0
2022-12-01 11:30:00-05:00,72.22000122070312,72.36000061035156,72.04000091552734,72.30000305175781,33025,0.0,0.0,0.0
2022-12-01 12:30:00-05:00,72.29000091552734,72.42559814453125,72.24009704589844,72.26499938964844,127098,0.0,0.0,0.0
2022-12-01 13:30:00-05:00,72.2771987915039,72.35600280761719,72.2300033569336,72.33000183105469,21445,0.0,0.0,0.0
2022-12-01 14:30:00-05:00,72.33000183105469,72.44499969482422,72.2699966430664,72.3219985961914,44405,0.0,0.0,0.0
2022-12-01 15:30:00-05:00,72.34760284423828,72.42900085449219,72.29000091552734,72.33000183105469,19129,0.0,0.0,0.0
2022-12-02 09:30:00-05:00,71.72000122070312,72.01499938964844,71.63999938964844,71.79499816894531,42807,0.0,0.0,0.0
2022-12-02 10:30:00-05:00,72.0,72.08000183105469,71.92500305175781,72.06999969482422,15624,0.0,0.0,0.0
2022-12-02 11:30:00-05:00,72.1552963256836,72.41999816894531,72.1552963256836,72.35389709472656,11844,0.0,0.0,0.0
2022-12-02 12:30:00-05:00,72.31490325927734,72.37000274658203,72.21499633789062,72.26280212402344,52745,0.0,0.0,0.0
2022-12-02 13:30:00-05:00,72.30000305175781,72.30999755859375,72.18399810791016,72.27960205078125,38895,0.0,0.0,0.0
2022-12-02 14:30:00-05:00,72.26000213623047,72.55999755859375,72.26000213623047,72.44999694824219,24283,0.0,0.0,0.0
2022-12-02 15:30:00-05:00,72.47530364990234,72.5,72.30999755859375,72.30999755859375,29897,0.0,0.0,0.0
2022-12-05 09:30:00-05:00,72.01000213623047,72.05999755859375,71.61000061035156,71.64700317382812,47288,0.0,0.0,0.0
2022-12-05 10:30:00-05:00,71.69000244140625,71.81999969482422,71.55999755859375,71.5967025756836,37964,0.0,0.0,0.0
2022-12-05 11:30:00-05:00,71.58000183105469,71.61000061035156,71.3853988647461,71.51000213623047,21813,0.0,0.0,0.0
2022-12-05 12:30:00-05:00,71.5,71.5,71.3301010131836,71.375,45156,0.0,0.0,0.0
2022-12-05 13:30:00-05:00,71.40149688720703,71.44499969482422,71.20999908447266,71.22000122070312,61633,0.0,0.0,0.0
2022-12-05 14:30:00-05:00,71.20999908447266,71.29499816894531,71.11000061035156,71.19000244140625,54169,0.0,0.0,0.0
2022-12-05 15:30:00-05:00,71.19000244140625,71.3499984741211,71.19000244140625,71.30999755859375,23346,0.0,0.0,0.0
2022-12-06 09:30:00-05:00,71.36000061035156,71.43199920654297,70.98999786376953,71.01000213623047,37252,0.0,0.0,0.0
2022-12-06 10:30:00-05:00,70.98999786376953,71.25,70.86000061035156,71.12999725341797,19301,0.0,0.0,0.0
2022-12-06 11:30:00-05:00,71.15149688720703,71.21499633789062,70.83999633789062,70.91999816894531,293983,0.0,0.0,0.0
2022-12-06 12:30:00-05:00,70.91000366210938,70.93000030517578,70.66999816894531,70.66999816894531,22097,0.0,0.0,0.0
2022-12-06 13:30:00-05:00,70.66739654541016,70.94999694824219,70.63500213623047,70.91000366210938,48454,0.0,0.0,0.0
2022-12-06 14:30:00-05:00,70.91000366210938,71.0,70.75,70.91000366210938,74048,0.0,0.0,0.0
2022-12-06 15:30:00-05:00,70.9489974975586,71.07099914550781,70.93000030517578,70.97000122070312,28283,0.0,0.0,0.0
2022-12-07 09:30:00-05:00,70.81999969482422,71.05999755859375,70.72000122070312,71.05999755859375,32055,0.0,0.0,0.0
2022-12-07 10:30:00-05:00,71.06999969482422,71.0999984741211,70.70999908447266,70.70999908447266,16129,0.0,0.0,0.0
2022-12-07 11:30:00-05:00,70.69000244140625,70.8499984741211,70.63999938964844,70.82499694824219,23201,0.0,0.0,0.0
2022-12-07 12:30:00-05:00,70.80999755859375,71.08000183105469,70.79049682617188,71.0199966430664,65169,0.0,0.0,0.0
2022-12-07 13:30:00-05:00,71.0199966430664,71.0199966430664,70.81999969482422,70.93930053710938,271878,0.0,0.0,0.0
2022-12-07 14:30:00-05:00,70.94000244140625,70.9800033569336,70.80000305175781,70.87000274658203,62485,0.0,0.0,0.0
2022-12-07 15:30:00-05:00,70.9000015258789,70.9529037475586,70.85449981689453,70.88999938964844,52154,0.0,0.0,0.0
2022-12-08 09:30:00-05:00,70.91999816894531,71.33999633789062,70.75,71.28009796142578,32729,0.0,0.0,0.0
2022-12-08 10:30:00-05:00,71.27999877929688,71.30999755859375,71.0999984741211,71.15239715576172,15667,0.0,0.0,0.0
2022-12-08 11:30:00-05:00,71.20600128173828,71.2760009765625,71.16000366210938,71.18289947509766,19258,0.0,0.0,0.0
2022-12-08 12:30:00-05:00,71.16100311279297,71.31999969482422,71.16000366210938,71.31999969482422,42032,0.0,0.0,0.0
2022-12-08 13:30:00-05:00,71.35379791259766,71.44999694824219,71.19999694824219,71.2699966430664,34154,0.0,0.0,0.0
2022-12-08 14:30:00-05:00,71.25,71.3644027709961,71.22000122070312,71.36000061035156,51950,0.0,0.0,0.0
2022-12-08 15:30:00-05:00,71.38999938964844,71.38999938964844,71.26899719238281,71.3499984741211,50264,0.0,0.0,0.0
2022-12-09 09:30:00-05:00,71.4000015258789,71.62999725341797,71.31999969482422,71.31999969482422,46044,0.0,0.0,0.0
2022-12-09 10:30:00-05:00,71.46269989013672,71.62000274658203,71.39420318603516,71.61979675292969,28873,0.0,0.0,0.0
2022-12-09 11:30:00-05:00,71.61499786376953,71.75,71.58000183105469,71.58000183105469,36961,0.0,0.0,0.0
2022-12-09 12:30:00-05:00,71.5999984741211,71.63999938964844,71.44000244140625,71.48500061035156,26697,0.0,0.0,0.0
2022-12-09 13:30:00-05:00,71.54830169677734,71.54830169677734,71.43599700927734,71.54329681396484,26275,0.0,0.0,0.0
2022-12-09 14:30:00-05:00,71.52999877929688,71.55999755859375,71.43499755859375,71.45320129394531,30987,0.0,0.0,0.0
2022-12-09 15:30:00-05:00,71.44000244140625,71.44940185546875,71.18000030517578,71.19999694824219,17741,0.0,0.0,0.0
2022-12-12 09:30:00-05:00,71.2699966430664,71.2699966430664,71.03389739990234,71.11000061035156,44485,0.0,0.0,0.0
2022-12-12 10:30:00-05:00,71.11000061035156,71.11000061035156,70.95999908447266,71.02999877929688,19077,0.0,0.0,0.0
2022-12-12 11:30:00-05:00,71.02400207519531,71.14929962158203,71.0,71.05000305175781,34664,0.0,0.0,0.0
2022-12-12 12:30:00-05:00,71.05000305175781,71.14679718017578,71.01499938964844,71.04769897460938,21857,0.0,0.0,0.0
2022-12-12 13:30:00-05:00,71.02870178222656,71.10870361328125,70.97000122070312,71.06269836425781,21211,0.0,0.0,0.0
2022-12-12 14:30:00-05:00,71.03990173339844,71.33999633789062,70.99500274658203,71.31999969482422,45369,0.0,0.0,0.0
2022-12-12 15:30:00-05:00,71.33000183105469,71.44999694824219,71.27999877929688,71.38580322265625,243303,0.0,0.0,0.0
2022-12-13 09:30:00-05:00,73.19000244140625,73.26000213623047,72.7300033569336,72.7300033569336,30337,0.0,0.0,0.0
2022-12-13 10:30:00-05:00,72.7074966430664,72.85150146484375,72.50499725341797,72.57150268554688,34724,0.0,0.0,0.0
2022-12-13 11:30:00-05:00,72.63390350341797,72.71499633789062,72.1500015258789,72.19270324707031,79488,0.0,0.0,0.0
2022-12-13 12:30:00-05:00,72.16000366210938,72.3489990234375,72.01000213623047,72.30000305175781,25663,0.0,0.0,0.0
2022-12-13 13:30:00-05:00,72.2699966430664,72.36000061035156,72.16000366210938,72.22000122070312,20921,0.0,0.0,0.0
2022-12-13 14:30:00-05:00,72.24079895019531,72.41120147705078,72.0801010131836,72.28189849853516,22607,0.0,0.0,0.0
2022-12-13 15:30:00-05:00,72.31999969482422,72.37750244140625,72.2300033569336,72.23999786376953,21049,0.0,0.0,0.0
2022-12-14 09:30:00-05:00,72.38999938964844,72.58999633789062,72.27999877929688,72.55999755859375,43747,0.0,0.0,0.0
2022-12-14 10:30:00-05:00,72.56710052490234,72.66000366210938,72.52799987792969,72.66000366210938,30231,0.0,0.0,0.0
2022-12-14 11:30:00-05:00,72.68000030517578,72.69999694824219,72.53350067138672,72.55000305175781,91517,0.0,0.0,0.0
2022-12-14 12:30:00-05:00,72.55999755859375,72.69999694824219,72.55000305175781,72.66000366210938,20795,0.0,0.0,0.0
2022-12-14 13:30:00-05:00,72.70999908447266,72.83000183105469,72.01000213623047,72.30000305175781,61059,0.0,0.0,0.0
2022-12-14 14:30:00-05:00,72.20999908447266,72.73999786376953,71.87059783935547,72.37000274658203,57499,0.0,0.0,0.0
2022-12-14 15:30:00-05:00,72.19000244140625,72.39959716796875,72.125,72.27999877929688,25765,0.0,0.0,0.0
2022-12-15 09:30:00-05:00,71.43000030517578,71.47000122070312,70.70999908447266,70.74849700927734,90922,0.0,0.0,0.0
2022-12-15 10:30:00-05:00,70.6707992553711,70.81990051269531,70.41999816894531,70.44000244140625,27266,0.0,0.0,0.0
2022-12-15 11:30:00-05:00,70.44499969482422,70.53690338134766,70.37359619140625,70.44499969482422,22174,0.0,0.0,0.0
2022-12-15 12:30:00-05:00,70.48500061035156,70.5199966430664,70.2572021484375,70.3499984741211,58886,0.0,0.0,0.0
2022-12-15 13:30:00-05:00,70.3115005493164,70.44999694824219,70.3115005493164,70.37999725341797,15503,0.0,0.0,0.0
2022-12-15 14:30:00-05:00,70.4208984375,70.64929962158203,70.40650177001953,70.55000305175781,187382,0.0,0.0,0.0
2022-12-15 15:30:00-05:00,70.58000183105469,70.59500122070312,70.43000030517578,70.44999694824219,71448,0.0,0.0,0.0
2022-12-16 09:30:00-05:00,70.0,70.29000091552734,69.83000183105469,69.8499984741211,34526,0.0,0.0,0.0
2022-12-16 10:30:00-05:00,69.87000274658203,70.03900146484375,69.73500061035156,69.87259674072266,52941,0.0,0.0,0.0
2022-12-16 11:30:00-05:00,69.8949966430664,69.96730041503906,69.80699920654297,69.87999725341797,45449,0.0,0.0,0.0
2022-12-16 12:30:00-05:00,69.88999938964844,69.96099853515625,69.73999786376953,69.79000091552734,443918,0.0,0.0,0.0
2022-12-16 13:30:00-05:00,69.77999877929688,69.88829803466797,69.76000213623047,69.81999969482422,74036,0.0,0.0,0.0
2022-12-16 14:30:00-05:00,69.79000091552734,70.01000213623047,69.72000122070312,69.98500061035156,68792,0.0,0.0,0.0
2022-12-16 15:30:00-05:00,70.0,70.06999969482422,69.8499984741211,69.87999725341797,57828,0.0,0.0,0.0
2022-12-19 09:30:00-05:00,69.58000183105469,69.73500061035156,69.4718017578125,69.69139862060547,43962,0.0,0.0,0.0
2022-12-19 10:30:00-05:00,69.69999694824219,69.69999694824219,69.33300018310547,69.44000244140625,27455,0.0,0.0,0.0
2022-12-19 11:30:00-05:00,69.48400115966797,69.4927978515625,69.33000183105469,69.44000244140625,33167,0.0,0.0,0.0
2022-12-19 12:30:00-05:00,69.46910095214844,69.54000091552734,69.41000366210938,69.45780181884766,24376,0.0,0.0,0.0
2022-12-19 13:30:00-05:00,69.44329833984375,69.44499969482422,69.18000030517578,69.18000030517578,28125,0.0,0.0,0.0
2022-12-19 14:30:00-05:00,69.1769027709961,69.23999786376953,69.0999984741211,69.18000030517578,31357,0.0,0.0,0.0
2022-12-19 15:30:00-05:00,69.18000030517578,69.32990264892578,69.18000030517578,69.2750015258789,41046,0.0,0.0,0.0
2022-12-20 09:30:00-05:00,69.38999938964844,69.66200256347656,69.2334976196289,69.62000274658203,92005,0.0,0.0,0.0
2022-12-20 10:30:00-05:00,69.63999938964844,69.68499755859375,69.29000091552734,69.3114013671875,25858,0.0,0.0,0.0
2022-12-20 11:30:00-05:00,69.31289672851562,69.58999633789062,69.31289672851562,69.5199966430664,40542,0.0,0.0,0.0
2022-12-20 12:30:00-05:00,69.46170043945312,69.5698013305664,69.43000030517578,69.5115966796875,67530,0.0,0.0,0.0
2022-12-20 13:30:00-05:00,69.55999755859375,69.62000274658203,69.49009704589844,69.51969909667969,88560,0.0,0.0,0.0
2022-12-20 14:30:00-05:00,69.51000213623047,69.55999755859375,69.42030334472656,69.51319885253906,95049,0.0,0.0,0.0
2022-12-20 15:30:00-05:00,69.5,69.56999969482422,69.38999938964844,69.38999938964844,0,0.0,0.0,0.0
2022-12-21 09:30:00-05:00,69.70999908447266,69.9760971069336,69.59500122070312,69.94499969482422,109482,0.0,0.0,0.0
2022-12-21 10:30:00-05:00,69.94999694824219,70.1489028930664,69.94999694824219,70.05000305175781,42259,0.0,0.0,0.0
2022-12-21 11:30:00-05:00,70.04180145263672,70.08999633789062,69.8313980102539,69.85030364990234,47729,0.0,0.0,0.0
2022-12-21 12:30:00-05:00,69.87000274658203,70.02999877929688,69.87000274658203,69.91999816894531,65394,0.0,0.0,0.0
2022-12-21 13:30:00-05:00,69.91349792480469,70.16999816894531,69.91349792480469,70.08499908447266,71485,0.0,0.0,0.0
2022-12-21 14:30:00-05:00,70.06999969482422,70.13249969482422,69.9800033569336,69.99819946289062,48882,0.0,0.0,0.0
2022-12-21 15:30:00-05:00,69.98999786376953,70.06529998779297,69.97000122070312,70.0,36535,0.0,0.0,0.0
2022-12-22 09:30:00-05:00,69.72000122070312,69.72000122070312,69.26000213623047,69.30989837646484,84351,0.0,0.0,0.0
2022-12-22 10:30:00-05:00,69.21499633789062,69.33999633789062,69.19999694824219,69.24500274658203,67596,0.0,0.0,0.0
2022-12-22 11:30:00-05:00,69.26000213623047,69.28569793701172,68.94999694824219,68.94999694824219,51012,0.0,0.0,0.0
2022-12-22 12:30:00-05:00,68.97000122070312,68.98999786376953,68.84010314941406,68.85800170898438,39250,0.0,0.0,0.0
2022-12-22 13:30:00-05:00,68.83000183105469,69.01000213623047,68.7947998046875,68.9800033569336,33364,0.0,0.0,0.0
2022-12-22 14:30:00-05:00,69.0,69.36000061035156,68.97229766845703,69.36000061035156,78900,0.0,0.0,0.0
2022-12-22 15:30:00-05:00,69.34500122070312,69.41999816894531,69.2249984741211,69.41999816894531,0,0.0,0.0,0.0
2022-12-23 09:30:00-05:00,69.4000015258789,69.55960083007812,69.1531982421875,69.48200225830078,33321,0.0,0.0,0.0
2022-12-23 10:30:00-05:00,69.56999969482422,69.7300033569336,69.44999694824219,69.51789855957031,39820,0.0,0.0,0.0
2022-12-23 11:30:00-05:00,69.5199966430664,69.6500015258789,69.5199966430664,69.62039947509766,49152,0.0,0.0,0.0
2022-12-23 12:30:00-05:00,69.62999725341797,69.7300033569336,69.54000091552734,69.58999633789062,31765,0.0,0.0,0.0
2022-12-23 13:30:00-05:00,69.58689880371094,69.5999984741211,69.45999908447266,69.52999877929688,19732,0.0,0.0,0.0
2022-12-23 14:30:00-05:00,69.5199966430664,69.66000366210938,69.5199966430664,69.58000183105469,39900,0.0,0.0,0.0
2022-12-23 15:30:00-05:00,69.56999969482422,69.69999694824219,69.510498046875,69.69999694824219,27238,0.0,0.0,0.0
2022-12-27 09:30:00-05:00,69.8499984741211,70.1531982421875,69.72599792480469,70.091796875,93273,0.0,0.0,0.0
2022-12-27 10:30:00-05:00,70.11000061035156,70.19000244140625,69.91000366210938,69.98719787597656,13297,0.0,0.0,0.0
2022-12-27 11:30:00-05:00,69.96499633789062,70.06060028076172,69.94000244140625,69.9749984741211,224465,0.0,0.0,0.0
2022-12-27 12:30:00-05:00,69.96700286865234,70.0,69.86910247802734,69.97000122070312,25013,0.0,0.0,0.0
2022-12-27 13:30:00-05:00,69.95999908447266,70.01000213623047,69.8489990234375,69.8499984741211,45061,0.0,0.0,0.0
2022-12-27 14:30:00-05:00,69.84010314941406,69.97000122070312,69.80400085449219,69.97000122070312,69645,0.0,0.0,0.0
2022-12-27 15:30:00-05:00,69.9800033569336,70.0199966430664,69.87999725341797,69.88999938964844,68293,0.0,0.0,0.0
2022-12-28 09:30:00-05:00,70.08000183105469,70.18000030517578,69.7699966430664,69.78630065917969,63224,0.0,0.0,0.0
2022-12-28 10:30:00-05:00,69.79000091552734,69.80999755859375,69.47799682617188,69.52999877929688,170885,0.0,0.0,0.0
2022-12-28 11:30:00-05:00,69.56500244140625,69.56500244140625,69.3949966430664,69.48500061035156,29833,0.0,0.0,0.0
2022-12-28 12:30:00-05:00,69.4800033569336,69.77749633789062,69.4800033569336,69.63500213623047,30503,0.0,0.0,0.0
2022-12-28 13:30:00-05:00,69.64600372314453,69.6500015258789,69.41999816894531,69.4655990600586,28604,0.0,0.0,0.0
2022-12-28 14:30:00-05:00,69.45010375976562,69.5199966430664,69.26309967041016,69.31649780273438,61541,0.0,0.0,0.0
2022-12-28 15:30:00-05:00,69.31999969482422,69.36000061035156,69.2300033569336,69.2300033569336,38703,0.0,0.0,0.0
2022-12-29 09:30:00-05:00,70.02999877929688,70.26000213623047,70.0199966430664,70.22000122070312,0,0.0,0.0,0.0
2022-12-29 10:30:00-05:00,70.23770141601562,70.37760162353516,70.22830200195312,70.29679870605469,35154,0.0,0.0,0.0
2022-12-29 11:30:00-05:00,70.32499694824219,70.4791030883789,70.32499694824219,70.42500305175781,56898,0.0,0.0,0.0
2022-12-29 12:30:00-05:00,70.44000244140625,70.48999786376953,70.40499877929688,70.42500305175781,35059,0.0,0.0,0.0
2022-12-29 13:30:00-05:00,70.41999816894531,70.50460052490234,70.38999938964844,70.43000030517578,36986,0.0,0.0,0.0
2022-12-29 14:30:00-05:00,70.4271011352539,70.5,70.33999633789062,70.4000015258789,94230,0.0,0.0,0.0
2022-12-29 15:30:00-05:00,70.37999725341797,70.42559814453125,70.31999969482422,70.33000183105469,52782,0.0,0.0,0.0
2022-12-30 09:30:00-05:00,70.02999877929688,70.16999816894531,69.76000213623047,69.83399963378906,33508,0.0,0.0,0.0
2022-12-30 10:30:00-05:00,69.79499816894531,69.87000274658203,69.66999816894531,69.68000030517578,52840,0.0,0.0,0.0
2022-12-30 11:30:00-05:00,69.66000366210938,69.72000122070312,69.59750366210938,69.72000122070312,46987,0.0,0.0,0.0
2022-12-30 12:30:00-05:00,69.73100280761719,69.77999877929688,69.51000213623047,69.55329895019531,30160,0.0,0.0,0.0
2022-12-30 13:30:00-05:00,69.61000061035156,69.66999816894531,69.46499633789062,69.53720092773438,57687,0.0,0.0,0.0
2022-12-30 14:30:00-05:00,69.5199966430664,69.72000122070312,69.5,69.66000366210938,134398,0.0,0.0,0.0
2022-12-30 15:30:00-05:00,69.69000244140625,69.79000091552734,69.58999633789062,69.58999633789062,55719,0.0,0.0,0.0
2023-01-03 09:30:00-05:00,70.19999694824219,70.6500015258789,70.08999633789062,70.1259994506836,29557,0.0,0.0,0.0
2023-01-03 10:30:00-05:00,70.04000091552734,70.32140350341797,69.9800033569336,70.06500244140625,20464,0.0,0.0,0.0
2023-01-03 11:30:00-05:00,70.0,70.0,69.83000183105469,69.87000274658203,16918,0.0,0.0,0.0
2023-01-03 12:30:00-05:00,69.85299682617188,69.98999786376953,69.76010131835938,69.98999786376953,83202,0.0,0.0,0.0
2023-01-03 13:30:00-05:00,69.98500061035156,70.05000305175781,69.88500213623047,69.9000015258789,21832,0.0,0.0,0.0
2023-01-03 14:30:00-05:00,69.87999725341797,70.13500213623047,69.83000183105469,70.002197265625,37432,0.0,0.0,0.0
2023-01-03 15:30:00-05:00,70.02999877929688,70.0999984741211,70.01000213623047,70.08000183105469,0,0.0,0.0,0.0
2023-01-04 09:30:00-05:00,71.12000274658203,71.1500015258789,70.6259994506836,70.75420379638672,23779,0.0,0.0,0.0
2023-01-04 10:30:00-05:00,70.75,71.05989837646484,70.75,71.05989837646484,28340,0.0,0.0,0.0
2023-01-04 11:30:00-05:00,71.12000274658203,71.2699966430664,71.12000274658203,71.18579864501953,21825,0.0,0.0,0.0
2023-01-04 12:30:00-05:00,71.25800323486328,71.30000305175781,71.1500015258789,71.16799926757812,9023,0.0,0.0,0.0
2023-01-04 13:30:00-05:00,71.19999694824219,71.20999908447266,70.85040283203125,70.85040283203125,20294,0.0,0.0,0.0
2023-01-04 14:30:00-05:00,70.87000274658203,71.19000244140625,70.87000274658203,71.14900207519531,34999,0.0,0.0,0.0
2023-01-04 15:30:00-05:00,71.08499908447266,71.1500015258789,70.94000244140625,71.11000061035156,16754,0.0,0.0,0.0
2023-01-05 09:30:00-05:00,70.19999694824219,70.30000305175781,69.9800033569336,70.05729675292969,39031,0.0,0.0,0.0
2023-01-05 10:30:00-05:00,70.02999877929688,70.0999984741211,69.89009857177734,69.94999694824219,22282,0.0,0.0,0.0
2023-01-05 11:30:00-05:00,70.01499938964844,70.12000274658203,69.94999694824219,70.0999984741211,24888,0.0,0.0,0.0
2023-01-05 12:30:00-05:00,70.1050033569336,70.2699966430664,70.03279876708984,70.2699966430664,19823,0.0,0.0,0.0
2023-01-05 13:30:00-05:00,70.24749755859375,70.27999877929688,70.08999633789062,70.08999633789062,29348,0.0,0.0,0.0
2023-01-05 14:30:00-05:00,70.11499786376953,70.25,70.02999877929688,70.05000305175781,20465,0.0,0.0,0.0
2023-01-05 15:30:00-05:00,70.05000305175781,70.06999969482422,70.0,70.02999877929688,0,0.0,0.0,0.0
2023-01-06 09:30:00-05:00,70.45999908447266,70.73930358886719,69.95999908447266,70.68000030517578,28697,0.0,0.0,0.0
2023-01-06 10:30:00-05:00,70.66999816894531,71.18000030517578,70.66999816894531,71.13999938964844,29832,0.0,0.0,0.0
2023-01-06 11:30:00-05:00,71.12999725341797,71.33719635009766,71.10900115966797,71.19000244140625,24381,0.0,0.0,0.0
2023-01-06 12:30:00-05:00,71.24500274658203,71.33999633789062,71.21610260009766,71.33999633789062,15019,0.0,0.0,0.0
2023-01-06 13:30:00-05:00,71.35350036621094,71.55000305175781,71.35350036621094,71.54499816894531,16073,0.0,0.0,0.0
2023-01-06 14:30:00-05:00,71.5386962890625,71.5999984741211,71.52429962158203,71.54000091552734,30065,0.0,0.0,0.0
2023-01-06 15:30:00-05:00,71.54499816894531,71.58999633789062,71.52010345458984,71.58000183105469,15084,0.0,0.0,0.0
2023-01-09 09:30:00-05:00,72.1500015258789,72.30999755859375,72.0199966430664,72.26499938964844,45022,0.0,0.0,0.0
2023-01-09 10:30:00-05:00,72.27999877929688,72.5,72.27999877929688,72.4800033569336,33534,0.0,0.0,0.0
2023-01-09 11:30:00-05:00,72.44000244140625,72.44000244140625,72.20999908447266,72.26519775390625,81822,0.0,0.0,0.0
2023-01-09 12:30:00-05:00,72.22000122070312,72.26000213623047,72.12999725341797,72.22000122070312,558816,0.0,0.0,0.0
2023-01-09 13:30:00-05:00,72.23999786376953,72.23999786376953,71.95999908447266,72.1500015258789,22285,0.0,0.0,0.0
2023-01-09 14:30:00-05:00,72.13999938964844,72.13999938964844,71.8541030883789,71.87999725341797,34608,0.0,0.0,0.0
2023-01-09 15:30:00-05:00,71.83499908447266,71.86270141601562,71.72000122070312,71.7300033569336,27459,0.0,0.0,0.0
2023-01-10 09:30:00-05:00,71.58000183105469,71.79000091552734,71.54000091552734,71.69999694824219,47878,0.0,0.0,0.0
2023-01-10 10:30:00-05:00,71.59590148925781,71.68499755859375,71.40149688720703,71.55999755859375,22898,0.0,0.0,0.0
2023-01-10 11:30:00-05:00,71.63999938964844,71.6500015258789,71.47000122070312,71.63800048828125,48079,0.0,0.0,0.0
2023-01-10 12:30:00-05:00,71.6500015258789,71.72000122070312,71.5999984741211,71.66000366210938,11521,0.0,0.0,0.0
2023-01-10 13:30:00-05:00,71.63999938964844,71.83000183105469,71.63999938964844,71.81999969482422,21251,0.0,0.0,0.0
2023-01-10 14:30:00-05:00,71.80500030517578,71.83999633789062,71.71710205078125,71.77999877929688,32700,0.0,0.0,0.0
2023-01-10 15:30:00-05:00,71.79000091552734,71.87000274658203,71.75,71.87000274658203,0,0.0,0.0,0.0
2023-01-11 09:30:00-05:00,72.12000274658203,72.27999877929688,72.07959747314453,72.16000366210938,45627,0.0,0.0,0.0
2023-01-11 10:30:00-05:00,72.12999725341797,72.12999725341797,71.9103012084961,72.0,16586,0.0,0.0,0.0
2023-01-11 11:30:00-05:00,72.01000213623047,72.0999984741211,72.01000213623047,72.08000183105469,34715,0.0,0.0,0.0
2023-01-11 12:30:00-05:00,72.06500244140625,72.18000030517578,72.0,72.08000183105469,22118,0.0,0.0,0.0
2023-01-11 13:30:00-05:00,72.1050033569336,72.19000244140625,72.1050033569336,72.18689727783203,25017,0.0,0.0,0.0
2023-01-11 14:30:00-05:00,72.19000244140625,72.30999755859375,72.19000244140625,72.28199768066406,40994,0.0,0.0,0.0
2023-01-11 15:30:00-05:00,72.26000213623047,72.33999633789062,72.19000244140625,72.33999633789062,93920,0.0,0.0,0.0
2023-01-12 09:30:00-05:00,72.41000366210938,72.49199676513672,71.76000213623047,72.44000244140625,137701,0.0,0.0,0.0
2023-01-12 10:30:00-05:00,72.43000030517578,72.61599731445312,72.36000061035156,72.52999877929688,40070,0.0,0.0,0.0
2023-01-12 11:30:00-05:00,72.52999877929688,72.83000183105469,72.4000015258789,72.81999969482422,76448,0.0,0.0,0.0
2023-01-12 12:30:00-05:00,72.80000305175781,73.0280990600586,72.73999786376953,72.73999786376953,84715,0.0,0.0,0.0
2023-01-12 13:30:00-05:00,72.73999786376953,73.0,72.73999786376953,72.8499984741211,42768,0.0,0.0,0.0
2023-01-12 14:30:00-05:00,72.83499908447266,72.91000366210938,72.7300033569336,72.80000305175781,64981,0.0,0.0,0.0
2023-01-12 15:30:00-05:00,72.80999755859375,72.91000366210938,72.73999786376953,72.91000366210938,32404,0.0,0.0,0.0
2023-01-13 09:30:00-05:00,72.61000061035156,73.10990142822266,72.61000061035156,73.10990142822266,86905,0.0,0.0,0.0
2023-01-13 10:30:00-05:00,73.08000183105469,73.16999816894531,72.9489974975586,73.04000091552734,31616,0.0,0.0,0.0
2023-01-13 11:30:00-05:00,73.01000213623047,73.13999938964844,72.91999816894531,73.12999725341797,26576,0.0,0.0,0.0
2023-01-13 12:30:00-05:00,73.11000061035156,73.1500015258789,73.06999969482422,73.08999633789062,28234,0.0,0.0,0.0
2023-01-13 13:30:00-05:00,73.11000061035156,73.23999786376953,73.10900115966797,73.19000244140625,60282,0.0,0.0,0.0
2023-01-13 14:30:00-05:00,73.19000244140625,73.22000122070312,73.13990020751953,73.22000122070312,41227,0.0,0.0,0.0
2023-01-13 15:30:00-05:00,73.2249984741211,73.31400299072266,73.21199798583984,73.30000305175781,57115,0.0,0.0,0.0
2023-01-17 09:30:00-05:00,73.91000366210938,74.08000183105469,73.7396011352539,73.87999725341797,52887,0.0,0.0,0.0
2023-01-17 10:30:00-05:00,73.8832015991211,73.8832015991211,73.68000030517578,73.77999877929688,193741,0.0,0.0,0.0
2023-01-17 11:30:00-05:00,73.87000274658203,73.88999938964844,73.7300033569336,73.73999786376953,62945,0.0,0.0,0.0
2023-01-17 12:30:00-05:00,73.75399780273438,73.91999816894531,73.70999908447266,73.83999633789062,391637,0.0,0.0,0.0
2023-01-17 13:30:00-05:00,73.83619689941406,73.87999725341797,73.7699966430664,73.87120056152344,55898,0.0,0.0,0.0
2023-01-17 14:30:00-05:00,73.87000274658203,73.95999908447266,73.83999633789062,73.87000274658203,182914,0.0,0.0,0.0
2023-01-17 15:30:00-05:00,73.87000274658203,73.9000015258789,73.80999755859375,73.88999938964844,0,0.0,0.0,0.0
2023-01-18 09:30:00-05:00,74.69999694824219,74.69999694824219,74.37999725341797,74.5,73415,0.0,0.0,0.0
2023-01-18 10:30:00-05:00,74.44000244140625,74.44000244140625,74.0,74.06999969482422,34144,0.0,0.0,0.0
2023-01-18 11:30:00-05:00,74.06999969482422,74.06999969482422,73.72000122070312,73.7300033569336,39847,0.0,0.0,0.0
2023-01-18 12:30:00-05:00,73.73999786376953,73.80000305175781,73.66999816894531,73.73899841308594,38670,0.0,0.0,0.0
2023-01-18 13:30:00-05:00,73.7300033569336,73.83000183105469,73.68000030517578,73.83000183105469,53291,0.0,0.0,0.0
2023-01-18 14:30:00-05:00,73.83000183105469,73.8499984741211,73.7300033569336,73.7750015258789,72894,0.0,0.0,0.0
2023-01-18 15:30:00-05:00,73.77999877929688,73.77999877929688,73.5999984741211,73.61000061035156,91347,0.0,0.0,0.0
2023-01-19 09:30:00-05:00,73.66999816894531,73.76000213623047,73.47000122070312,73.56600189208984,34104,0.0,0.0,0.0
2023-01-19 10:30:00-05:00,73.54570007324219,73.58999633789062,73.44000244140625,73.44000244140625,24822,0.0,0.0,0.0
2023-01-19 11:30:00-05:00,73.44000244140625,73.62999725341797,73.39309692382812,73.5,25965,0.0,0.0,0.0
2023-01-19 12:30:00-05:00,73.51000213623047,73.63899993896484,73.4354019165039,73.61000061035156,26088,0.0,0.0,0.0
2023-01-19 13:30:00-05:00,73.60579681396484,73.79499816894531,73.60579681396484,73.79499816894531,172499,0.0,0.0,0.0
2023-01-19 14:30:00-05:00,73.77999877929688,73.86000061035156,73.76000213623047,73.80999755859375,57586,0.0,0.0,0.0
2023-01-19 15:30:00-05:00,73.80999755859375,73.80999755859375,73.62999725341797,73.62999725341797,58197,0.0,0.0,0.0
2023-01-20 09:30:00-05:00,73.58000183105469,73.79900360107422,73.37999725341797,73.7748031616211,57285,0.0,0.0,0.0
2023-01-20 10:30:00-05:00,73.87159729003906,73.87999725341797,73.71499633789062,73.83979797363281,33678,0.0,0.0,0.0
2023-01-20 11:30:00-05:00,73.85279846191406,73.86799621582031,73.72000122070312,73.80999755859375,19786,0.0,0.0,0.0
2023-01-20 12:30:00-05:00,73.80000305175781,73.86000061035156,73.69000244140625,73.79000091552734,51514,0.0,0.0,0.0
2023-01-20 13:30:00-05:00,73.80500030517578,74.01499938964844,73.80000305175781,73.99500274658203,38320,0.0,0.0,0.0
2023-01-20 14:30:00-05:00,74.0,74.14219665527344,74.0,74.07499694824219,30812,0.0,0.0,0.0
2023-01-20 15:30:00-05:00,74.08000183105469,74.17500305175781,74.04070281982422,74.16999816894531,33803,0.0,0.0,0.0
2023-01-23 09:30:00-05:00,74.08999633789062,74.22000122070312,73.87999725341797,74.21900177001953,56648,0.0,0.0,0.0
2023-01-23 10:30:00-05:00,74.26000213623047,74.47640228271484,74.2249984741211,74.37999725341797,39471,0.0,0.0,0.0
2023-01-23 11:30:00-05:00,74.36000061035156,74.37200164794922,74.20999908447266,74.28500366210938,56631,0.0,0.0,0.0
2023-01-23 12:30:00-05:00,74.28500366210938,74.42500305175781,74.2699966430664,74.41000366210938,81262,0.0,0.0,0.0
2023-01-23 13:30:00-05:00,74.43000030517578,74.51499938964844,74.31999969482422,74.33999633789062,75061,0.0,0.0,0.0
2023-01-23 14:30:00-05:00,74.33999633789062,74.36000061035156,74.11000061035156,74.27999877929688,75731,0.0,0.0,0.0
2023-01-23 15:30:00-05:00,74.2699966430664,74.43000030517578,74.22000122070312,74.43000030517578,0,0.0,0.0,0.0
2023-01-24 09:30:00-05:00,74.04000091552734,74.1500015258789,73.81109619140625,74.04280090332031,57200,0.0,0.0,0.0
2023-01-24 10:30:00-05:00,74.11000061035156,74.3136978149414,74.02999877929688,74.29199981689453,24689,0.0,0.0,0.0
2023-01-24 11:30:00-05:00,74.31999969482422,74.33000183105469,74.19999694824219,74.32540130615234,34061,0.0,0.0,0.0
2023-01-24 12:30:00-05:00,74.33899688720703,74.33899688720703,74.24500274658203,74.31999969482422,35843,0.0,0.0,0.0
2023-01-24 13:30:00-05:00,74.33999633789062,74.34989929199219,74.19999694824219,74.25,57523,0.0,0.0,0.0
2023-01-24 14:30:00-05:00,74.25,74.34609985351562,74.23999786376953,74.30000305175781,56345,0.0,0.0,0.0
2023-01-24 15:30:00-05:00,74.29499816894531,74.29499816894531,74.16999816894531,74.2300033569336,0,0.0,0.0,0.0
2023-01-25 09:30:00-05:00,73.93000030517578,73.98999786376953,73.69999694824219,73.80799865722656,59803,0.0,0.0,0.0
2023-01-25 10:30:00-05:00,73.79000091552734,73.98609924316406,73.63999938964844,73.9800033569336,29603,0.0,0.0,0.0
2023-01-25 11:30:00-05:00,73.94999694824219,74.09020233154297,73.93009948730469,74.00499725341797,20503,0.0,0.0,0.0
2023-01-25 12:30:00-05:00,74.05999755859375,74.3104019165039,74.04429626464844,74.30500030517578,105110,0.0,0.0,0.0
2023-01-25 13:30:00-05:00,74.31500244140625,74.4000015258789,74.26000213623047,74.30000305175781,44285,0.0,0.0,0.0
2023-01-25 14:30:00-05:00,74.31999969482422,74.43000030517578,74.2699966430664,74.3102035522461,26975,0.0,0.0,0.0
2023-01-25 15:30:00-05:00,74.33999633789062,74.37999725341797,74.28800201416016,74.37000274658203,0,0.0,0.0,0.0
2023-01-26 09:30:00-05:00,74.30999755859375,74.4000015258789,73.9800033569336,74.0999984741211,55118,0.0,0.0,0.0
2023-01-26 10:30:00-05:00,74.08499908447266,74.12000274658203,73.7699966430664,73.8499984741211,65907,0.0,0.0,0.0
2023-01-26 11:30:00-05:00,73.87000274658203,73.98970031738281,73.83000183105469,73.95500183105469,56124,0.0,0.0,0.0
2023-01-26 12:30:00-05:00,73.93000030517578,73.9800033569336,73.87000274658203,73.94999694824219,15435,0.0,0.0,0.0
2023-01-26 13:30:00-05:00,73.95500183105469,74.12999725341797,73.95500183105469,74.03839874267578,34315,0.0,0.0,0.0
2023-01-26 14:30:00-05:00,74.05000305175781,74.22000122070312,74.05000305175781,74.18000030517578,43858,0.0,0.0,0.0
2023-01-26 15:30:00-05:00,74.16179656982422,74.23999786376953,74.1500015258789,74.22000122070312,0,0.0,0.0,0.0
2023-01-27 09:30:00-05:00,73.83999633789062,74.2260971069336,73.76000213623047,74.01940155029297,34010,0.0,0.0,0.0
2023-01-27 10:30:00-05:00,74.0,74.05400085449219,73.7750015258789,74.03500366210938,19640,0.0,0.0,0.0
2023-01-27 11:30:00-05:00,74.0199966430664,74.15609741210938,74.0199966430664,74.10990142822266,41979,0.0,0.0,0.0
2023-01-27 12:30:00-05:00,74.1500015258789,74.21720123291016,74.12000274658203,74.13500213623047,19308,0.0,0.0,0.0
2023-01-27 13:30:00-05:00,74.16000366210938,74.20999908447266,74.13999938964844,74.2052993774414,45352,0.0,0.0,0.0
2023-01-27 14:30:00-05:00,74.19999694824219,74.30500030517578,74.19000244140625,74.25,29707,0.0,0.0,0.0
2023-01-27 15:30:00-05:00,74.25499725341797,74.2699966430664,74.1010971069336,74.13999938964844,42210,0.0,0.0,0.0
2023-01-30 09:30:00-05:00,73.98999786376953,74.2699966430664,73.87000274658203,74.0426025390625,70194,0.0,0.0,0.0
2023-01-30 10:30:00-05:00,74.08000183105469,74.12000274658203,73.97000122070312,74.01909637451172,20749,0.0,0.0,0.0
2023-01-30 11:30:00-05:00,74.02420043945312,74.02870178222656,73.91999816894531,73.94999694824219,34004,0.0,0.0,0.0
2023-01-30 12:30:00-05:00,73.94000244140625,73.9800033569336,73.84989929199219,73.92500305175781,94340,0.0,0.0,0.0
2023-01-30 13:30:00-05:00,73.91999816894531,73.91999816894531,73.78500366210938,73.79000091552734,121602,0.0,0.0,0.0
2023-01-30 14:30:00-05:00,73.79000091552734,73.81999969482422,73.7300033569336,73.73999786376953,38366,0.0,0.0,0.0
2023-01-30 15:30:00-05:00,73.7300033569336,73.83999633789062,73.70500183105469,73.70999908447266,43154,0.0,0.0,0.0
2023-01-31 09:30:00-05:00,73.68000030517578,73.68000030517578,73.41010284423828,73.52999877929688,36382,0.0,0.0,0.0
2023-01-31 10:30:00-05:00,73.61000061035156,73.875,73.61000061035156,73.84400177001953,24764,0.0,0.0,0.0
2023-01-31 11:30:00-05:00,73.83999633789062,73.91999816894531,73.80999755859375,73.90989685058594,163112,0.0,0.0,0.0
2023-01-31 12:30:00-05:00,73.9000015258789,73.97000122070312,73.87999725341797,73.95999908447266,73988,0.0,0.0,0.0
2023-01-31 13:30:00-05:00,73.97000122070312,74.05999755859375,73.94999694824219,74.05000305175781,72376,0.0,0.0,0.0
2023-01-31 14:30:00-05:00,74.05000305175781,74.08999633789062,73.9800033569336,73.99500274658203,61093,0.0,0.0,0.0
2023-01-31 15:30:00-05:00,73.99500274658203,74.2300033569336,73.99500274658203,74.20999908447266,50634,0.0,0.0,0.0
2023-02-01 09:30:00-05:00,74.20999908447266,74.2300033569336,73.80999755859375,73.87000274658203,52915,0.0,0.0,0.0
2023-02-01 10:30:00-05:00,73.91000366210938,73.94000244140625,73.78279876708984,73.93000030517578,42322,0.0,0.0,0.0
2023-02-01 11:30:00-05:00,73.91999816894531,73.97930145263672,73.66500091552734,73.69000244140625,68276,0.0,0.0,0.0
2023-02-01 12:30:00-05:00,73.68900299072266,73.72000122070312,73.5999984741211,73.69499969482422,34241,0.0,0.0,0.0
2023-02-01 13:30:00-05:00,73.69999694824219,73.8499984741211,73.55999755859375,73.71499633789062,129613,0.0,0.0,0.0
2023-02-01 14:30:00-05:00,73.69999694824219,74.62999725341797,73.44000244140625,74.61000061035156,134493,0.0,0.0,0.0
2023-02-01 15:30:00-05:00,74.62999725341797,74.82499694824219,74.4583969116211,74.55999755859375,0,0.0,0.0,0.0
2023-02-02 09:30:00-05:00,74.70999908447266,74.70999908447266,73.8301010131836,74.0999984741211,85365,0.0,0.0,0.0
2023-02-02 10:30:00-05:00,74.06999969482422,74.44999694824219,74.06999969482422,74.38999938964844,31883,0.0,0.0,0.0
2023-02-02 11:30:00-05:00,74.31999969482422,74.3499984741211,74.12999725341797,74.27529907226562,109529,0.0,0.0,0.0
2023-02-02 12:30:00-05:00,74.27999877929688,74.29000091552734,74.13500213623047,74.2300033569336,30229,0.0,0.0,0.0
2023-02-02 13:30:00-05:00,74.22000122070312,74.39399719238281,74.13500213623047,74.13500213623047,48650,0.0,0.0,0.0
2023-02-02 14:30:00-05:00,74.16000366210938,74.16000366210938,73.94000244140625,74.10569763183594,127819,0.0,0.0,0.0
2023-02-02 15:30:00-05:00,74.13999938964844,74.25,74.0999984741211,74.25,0,0.0,0.0,0.0
2023-02-03 09:30:00-05:00,73.73999786376953,74.17500305175781,73.58999633789062,74.08999633789062,86988,0.0,0.0,0.0
2023-02-03 10:30:00-05:00,74.0199966430664,74.23999786376953,74.0,74.09500122070312,28901,0.0,0.0,0.0
2023-02-03 11:30:00-05:00,74.12000274658203,74.13999938964844,73.94000244140625,74.06999969482422,225004,0.0,0.0,0.0
2023-02-03 12:30:00-05:00,74.05999755859375,74.12000274658203,73.80000305175781,73.80000305175781,43966,0.0,0.0,0.0
2023-02-03 13:30:00-05:00,73.76100158691406,73.83000183105469,73.6864013671875,73.72000122070312,28836,0.0,0.0,0.0
2023-02-03 14:30:00-05:00,73.70999908447266,73.82499694824219,73.68000030517578,73.7865982055664,51466,0.0,0.0,0.0
2023-02-03 15:30:00-05:00,73.79519653320312,73.83000183105469,73.70999908447266,73.81999969482422,39754,0.0,0.0,0.0
2023-02-06 09:30:00-05:00,73.26000213623047,73.31600189208984,72.9000015258789,72.93000030517578,56738,0.0,0.0,0.0
2023-02-06 10:30:00-05:00,72.9000015258789,73.25,72.87000274658203,73.2300033569336,24952,0.0,0.0,0.0
2023-02-06 11:30:00-05:00,73.25,73.25,73.08999633789062,73.0999984741211,20278,0.0,0.0,0.0
2023-02-06 12:30:00-05:00,73.11000061035156,73.19499969482422,73.06500244140625,73.16000366210938,15145,0.0,0.0,0.0
2023-02-06 13:30:00-05:00,73.13999938964844,73.38999938964844,73.13999938964844,73.32849884033203,19865,0.0,0.0,0.0
2023-02-06 14:30:00-05:00,73.3290023803711,73.3290023803711,73.1500015258789,73.16999816894531,17736,0.0,0.0,0.0
2023-02-06 15:30:00-05:00,73.1500015258789,73.2699966430664,73.11000061035156,73.2300033569336,41509,0.0,0.0,0.0
2023-02-07 09:30:00-05:00,72.9800033569336,72.9800033569336,72.70999908447266,72.83999633789062,78174,0.0,0.0,0.0
2023-02-07 10:30:00-05:00,72.78910064697266,73.08000183105469,72.77359771728516,73.04499816894531,23215,0.0,0.0,0.0
2023-02-07 11:30:00-05:00,73.08000183105469,73.1500015258789,73.01499938964844,73.01499938964844,17589,0.0,0.0,0.0
2023-02-07 12:30:00-05:00,73.02999877929688,73.80000305175781,72.97200012207031,73.15989685058594,38636,0.0,0.0,0.0
2023-02-07 13:30:00-05:00,73.05999755859375,73.3499984741211,72.80000305175781,73.339599609375,26374,0.0,0.0,0.0
2023-02-07 14:30:00-05:00,73.4000015258789,73.55999755859375,73.34919738769531,73.55999755859375,36407,0.0,0.0,0.0
2023-02-07 15:30:00-05:00,73.55030059814453,73.75,73.5199966430664,73.69000244140625,22207,0.0,0.0,0.0
2023-02-08 09:30:00-05:00,73.66000366210938,73.80999755859375,73.5,73.55999755859375,35001,0.0,0.0,0.0
2023-02-08 10:30:00-05:00,73.53500366210938,73.53500366210938,73.25599670410156,73.25599670410156,24455,0.0,0.0,0.0
2023-02-08 11:30:00-05:00,73.2699966430664,73.4800033569336,73.20999908447266,73.45500183105469,40866,0.0,0.0,0.0
2023-02-08 12:30:00-05:00,73.47000122070312,73.58999633789062,73.35800170898438,73.51499938964844,15649,0.0,0.0,0.0
2023-02-08 13:30:00-05:00,73.47000122070312,73.55000305175781,73.41999816894531,73.44000244140625,30029,0.0,0.0,0.0
2023-02-08 14:30:00-05:00,73.43000030517578,73.47000122070312,73.28500366210938,73.33280181884766,26866,0.0,0.0,0.0
2023-02-08 15:30:00-05:00,73.33999633789062,73.44000244140625,73.31999969482422,73.41999816894531,0,0.0,0.0,0.0
2023-02-09 09:30:00-05:00,74.4000015258789,74.41000366210938,74.04000091552734,74.08180236816406,23779,0.0,0.0,0.0
2023-02-09 10:30:00-05:00,74.052001953125,74.1187973022461,73.88739776611328,73.91999816894531,32478,0.0,0.0,0.0
2023-02-09 11:30:00-05:00,73.88999938964844,73.97899627685547,73.83999633789062,73.93890380859375,41780,0.0,0.0,0.0
2023-02-09 12:30:00-05:00,73.9000015258789,73.9000015258789,73.61750030517578,73.69999694824219,24164,0.0,0.0,0.0
2023-02-09 13:30:00-05:00,73.67780303955078,73.76000213623047,73.5199966430664,73.5199966430664,30594,0.0,0.0,0.0
2023-02-09 14:30:00-05:00,73.53500366210938,73.55999755859375,73.37000274658203,73.37000274658203,172681,0.0,0.0,0.0
2023-02-09 15:30:00-05:00,73.375,73.49040222167969,73.27999877929688,73.47000122070312,0,0.0,0.0,0.0
2023-02-10 09:30:00-05:00,73.29000091552734,73.30999755859375,72.9800033569336,73.18499755859375,39273,0.0,0.0,0.0
2023-02-10 10:30:00-05:00,73.2300033569336,73.2699966430664,72.9749984741211,73.05999755859375,17320,0.0,0.0,0.0
2023-02-10 11:30:00-05:00,73.08000183105469,73.12999725341797,72.94999694824219,72.98999786376953,49163,0.0,0.0,0.0
2023-02-10 12:30:00-05:00,73.01899719238281,73.22000122070312,73.00640106201172,73.1760025024414,8436,0.0,0.0,0.0
2023-02-10 13:30:00-05:00,73.16280364990234,73.18000030517578,73.0199966430664,73.06680297851562,17725,0.0,0.0,0.0
2023-02-10 14:30:00-05:00,73.06900024414062,73.16000366210938,73.06900024414062,73.12000274658203,38884,0.0,0.0,0.0
2023-02-10 15:30:00-05:00,73.12000274658203,73.23999786376953,73.12000274658203,73.22000122070312,24508,0.0,0.0,0.0
2023-02-13 09:30:00-05:00,73.33999633789062,73.68409729003906,73.2853012084961,73.68409729003906,28616,0.0,0.0,0.0
2023-02-13 10:30:00-05:00,73.66999816894531,73.78500366210938,73.66500091552734,73.75630187988281,17408,0.0,0.0,0.0
2023-02-13 11:30:00-05:00,73.75,73.86820220947266,73.69999694824219,73.80000305175781,23743,0.0,0.0,0.0
2023-02-13 12:30:00-05:00,73.77010345458984,73.88999938964844,73.7699966430664,73.86799621582031,17269,0.0,0.0,0.0
2023-02-13 13:30:00-05:00,73.87999725341797,73.95999908447266,73.87999725341797,73.88999938964844,33926,0.0,0.0,0.0
2023-02-13 14:30:00-05:00,73.875,73.87999725341797,73.80000305175781,73.87000274658203,48215,0.0,0.0,0.0
2023-02-13 15:30:00-05:00,73.9000015258789,73.95999908447266,73.87999725341797,73.95999908447266,0,0.0,0.0,0.0
2023-02-14 09:30:00-05:00,73.58999633789062,74.25,73.46199798583984,74.04000091552734,44605,0.0,0.0,0.0
2023-02-14 10:30:00-05:00,74.02999877929688,74.03250122070312,73.4800033569336,73.66000366210938,41557,0.0,0.0,0.0
2023-02-14 11:30:00-05:00,73.48040008544922,73.62000274658203,73.37999725341797,73.58999633789062,18991,0.0,0.0,0.0
2023-02-14 12:30:00-05:00,73.58999633789062,73.88999938964844,73.52999877929688,73.77320098876953,61248,0.0,0.0,0.0
2023-02-14 13:30:00-05:00,73.80000305175781,73.80999755859375,73.61000061035156,73.73999786376953,35531,0.0,0.0,0.0
2023-02-14 14:30:00-05:00,73.74500274658203,73.87000274658203,73.74500274658203,73.83999633789062,45997,0.0,0.0,0.0
2023-02-14 15:30:00-05:00,73.83999633789062,73.93000030517578,73.83000183105469,73.86000061035156,0,0.0,0.0,0.0
2023-02-15 09:30:00-05:00,73.0999984741211,73.21600341796875,72.97000122070312,73.08390045166016,44041,0.0,0.0,0.0
2023-02-15 10:30:00-05:00,73.16819763183594,73.30999755859375,73.08999633789062,73.22000122070312,260443,0.0,0.0,0.0
2023-02-15 11:30:00-05:00,73.28140258789062,73.41819763183594,73.16999816894531,73.20989990234375,46137,0.0,0.0,0.0
2023-02-15 12:30:00-05:00,73.14990234375,73.32640075683594,73.13670349121094,73.3196029663086,18085,0.0,0.0,0.0
2023-02-15 13:30:00-05:00,73.33999633789062,73.48999786376953,73.30049896240234,73.44999694824219,21965,0.0,0.0,0.0
2023-02-15 14:30:00-05:00,73.46289825439453,73.48500061035156,73.37999725341797,73.41999816894531,290743,0.0,0.0,0.0
2023-02-15 15:30:00-05:00,73.43000030517578,73.55999755859375,73.43000030517578,73.5199966430664,0,0.0,0.0,0.0
2023-02-16 09:30:00-05:00,72.91000366210938,73.01840209960938,72.6884994506836,73.0,53834,0.0,0.0,0.0
2023-02-16 10:30:00-05:00,73.04000091552734,73.19000244140625,73.04000091552734,73.16999816894531,24644,0.0,0.0,0.0
2023-02-16 11:30:00-05:00,73.19999694824219,73.31999969482422,73.11419677734375,73.30999755859375,51099,0.0,0.0,0.0
2023-02-16 12:30:00-05:00,73.29000091552734,73.39309692382812,73.26799774169922,73.29000091552734,32280,0.0,0.0,0.0
2023-02-16 13:30:00-05:00,73.24960327148438,73.44999694824219,73.24960327148438,73.44000244140625,42366,0.0,0.0,0.0
2023-02-16 14:30:00-05:00,73.41999816894531,73.44000244140625,73.06500244140625,73.06500244140625,98904,0.0,0.0,0.0
2023-02-16 15:30:00-05:00,73.05999755859375,73.06999969482422,72.95999908447266,72.97000122070312,0,0.0,0.0,0.0
2023-02-17 09:30:00-05:00,72.73999786376953,73.07099914550781,72.58000183105469,72.93000030517578,39779,0.0,0.0,0.0
2023-02-17 10:30:00-05:00,72.92949676513672,73.05500030517578,72.75,72.76000213623047,17081,0.0,0.0,0.0
2023-02-17 11:30:00-05:00,72.73690032958984,73.02999877929688,72.72000122070312,72.9999008178711,47329,0.0,0.0,0.0
2023-02-17 12:30:00-05:00,72.97000122070312,73.01000213623047,72.8499984741211,72.93000030517578,13204,0.0,0.0,0.0
2023-02-17 13:30:00-05:00,72.90499877929688,73.0999984741211,72.90499877929688,73.08000183105469,18254,0.0,0.0,0.0
2023-02-17 14:30:00-05:00,73.07740020751953,73.19999694824219,73.05999755859375,73.11000061035156,23873,0.0,0.0,0.0
2023-02-17 15:30:00-05:00,73.09649658203125,73.22000122070312,73.09649658203125,73.13999938964844,15888,0.0,0.0,0.0
2023-02-21 09:30:00-05:00,72.69000244140625,72.69999694824219,72.38999938964844,72.43000030517578,39920,0.0,0.0,0.0
2023-02-21 10:30:00-05:00,72.5,72.65499877929688,72.4800033569336,72.48690032958984,13843,0.0,0.0,0.0
2023-02-21 11:30:00-05:00,72.52999877929688,72.52999877929688,72.35099792480469,72.36009979248047,20562,0.0,0.0,0.0
2023-02-21 12:30:00-05:00,72.38999938964844,72.48809814453125,72.33000183105469,72.33000183105469,13538,0.0,0.0,0.0
2023-02-21 13:30:00-05:00,72.31999969482422,72.3270034790039,72.20919799804688,72.27999877929688,16147,0.0,0.0,0.0
2023-02-21 14:30:00-05:00,72.28990173339844,72.36000061035156,72.2572021484375,72.31999969482422,34864,0.0,0.0,0.0
2023-02-21 15:30:00-05:00,72.30999755859375,72.3552017211914,72.22000122070312,72.22000122070312,0,0.0,0.0,0.0
2023-02-22 09:30:00-05:00,72.38999938964844,72.41290283203125,72.01000213623047,72.18820190429688,38973,0.0,0.0,0.0
2023-02-22 10:30:00-05:00,72.0250015258789,72.2699966430664,72.0,72.20999908447266,278235,0.0,0.0,0.0
2023-02-22 11:30:00-05:00,72.18000030517578,72.27999877929688,72.08999633789062,72.27999877929688,19554,0.0,0.0,0.0
2023-02-22 12:30:00-05:00,72.25279998779297,72.34819793701172,72.23999786376953,72.33999633789062,9810,0.0,0.0,0.0
2023-02-22 13:30:00-05:00,72.31500244140625,72.3853988647461,72.02999877929688,72.13680267333984,31112,0.0,0.0,0.0
2023-02-22 14:30:00-05:00,72.12650299072266,72.1355972290039,71.8949966430664,71.9800033569336,74940,0.0,0.0,0.0
2023-02-22 15:30:00-05:00,71.95259857177734,72.08000183105469,71.9000015258789,72.08000183105469,0,0.0,0.0,0.0
2023-02-23 09:30:00-05:00,72.25,72.30000305175781,72.02999877929688,72.22000122070312,38378,0.0,0.0,0.0
2023-02-23 10:30:00-05:00,72.16000366210938,72.16000366210938,71.79499816894531,71.80500030517578,20495,0.0,0.0,0.0
2023-02-23 11:30:00-05:00,71.78500366210938,71.79989624023438,71.52999877929688,71.62000274658203,22304,0.0,0.0,0.0
2023-02-23 12:30:00-05:00,71.5999984741211,71.73999786376953,71.5999984741211,71.69000244140625,29437,0.0,0.0,0.0
2023-02-23 13:30:00-05:00,71.66130065917969,71.95999908447266,71.6500015258789,71.94999694824219,24672,0.0,0.0,0.0
2023-02-23 14:30:00-05:00,71.95999908447266,72.12300109863281,71.95999908447266,72.0999984741211,30914,0.0,0.0,0.0
2023-02-23 15:30:00-05:00,72.1050033569336,72.1449966430664,72.06999969482422,72.12999725341797,0,0.0,0.0,0.0
2023-02-24 09:30:00-05:00,71.13999938964844,71.32530212402344,70.9000015258789,70.97779846191406,54180,0.0,0.0,0.0
2023-02-24 10:30:00-05:00,70.95999908447266,71.11499786376953,70.87899780273438,71.0999984741211,28083,0.0,0.0,0.0
2023-02-24 11:30:00-05:00,71.05000305175781,71.0999984741211,70.91999816894531,71.03479766845703,18915,0.0,0.0,0.0
2023-02-24 12:30:00-05:00,71.05000305175781,71.08000183105469,70.8499984741211,71.02999877929688,23256,0.0,0.0,0.0
2023-02-24 13:30:00-05:00,71.00499725341797,71.0999984741211,70.95870208740234,71.08000183105469,26377,0.0,0.0,0.0
2023-02-24 14:30:00-05:00,71.08000183105469,71.22000122070312,71.01000213623047,71.15740203857422,47842,0.0,0.0,0.0
2023-02-24 15:30:00-05:00,71.13739776611328,71.2300033569336,71.08999633789062,71.19999694824219,67346,0.0,0.0,0.0
2023-02-27 09:30:00-05:00,71.86000061035156,72.06230163574219,71.75,72.04000091552734,52332,0.0,0.0,0.0
2023-02-27 10:30:00-05:00,72.0199966430664,72.0250015258789,71.73999786376953,71.74839782714844,19203,0.0,0.0,0.0
2023-02-27 11:30:00-05:00,71.7300033569336,71.77999877929688,71.66000366210938,71.73999786376953,15968,0.0,0.0,0.0
2023-02-27 12:30:00-05:00,71.77999877929688,71.9092025756836,71.77999877929688,71.87999725341797,22043,0.0,0.0,0.0
2023-02-27 13:30:00-05:00,71.88999938964844,72.0,71.8499984741211,71.94000244140625,30743,0.0,0.0,0.0
2023-02-27 14:30:00-05:00,71.91999816894531,71.93440246582031,71.7699966430664,71.80999755859375,66102,0.0,0.0,0.0
2023-02-27 15:30:00-05:00,71.80000305175781,71.83999633789062,71.7300033569336,71.80999755859375,14626,0.0,0.0,0.0
2023-02-28 09:30:00-05:00,71.37000274658203,71.44599914550781,71.2300033569336,71.36000061035156,31590,0.0,0.0,0.0
2023-02-28 10:30:00-05:00,71.36280059814453,71.42279815673828,71.23919677734375,71.33000183105469,20122,0.0,0.0,0.0
2023-02-28 11:30:00-05:00,71.2699966430664,71.27999877929688,71.11000061035156,71.21289825439453,22573,0.0,0.0,0.0
2023-02-28 12:30:00-05:00,71.2300033569336,71.37000274658203,71.19000244140625,71.23999786376953,63468,0.0,0.0,0.0
2023-02-28 13:30:00-05:00,71.26000213623047,71.27960205078125,71.13999938964844,71.13999938964844,20795,0.0,0.0,0.0
2023-02-28 14:30:00-05:00,71.16500091552734,71.18000030517578,71.05000305175781,71.05000305175781,36844,0.0,0.0,0.0
2023-02-28 15:30:00-05:00,71.08000183105469,71.08000183105469,71.0,71.0,0,0.0,0.0,0.0
2023-03-01 09:30:00-05:00,71.66000366210938,71.72000122070312,71.3499984741211,71.41999816894531,26830,0.0,0.0,0.0
2023-03-01 10:30:00-05:00,71.36000061035156,71.63710021972656,71.26000213623047,71.38990020751953,20184,0.0,0.0,0.0
2023-03-01 11:30:00-05:00,71.4186019897461,71.68000030517578,71.36000061035156,71.60769653320312,19708,0.0,0.0,0.0
2023-03-01 12:30:00-05:00,71.58999633789062,71.6229019165039,71.43080139160156,71.43080139160156,23206,0.0,0.0,0.0
2023-03-01 13:30:00-05:00,71.41999816894531,71.43000030517578,71.32499694824219,71.32499694824219,39994,0.0,0.0,0.0
2023-03-01 14:30:00-05:00,71.30999755859375,71.5,71.27739715576172,71.43000030517578,40817,0.0,0.0,0.0
2023-03-01 15:30:00-05:00,71.43000030517578,71.52999877929688,71.4000015258789,71.48999786376953,0,0.0,0.0,0.0
2023-03-02 09:30:00-05:00,71.33000183105469,71.64990234375,71.2300033569336,71.57830047607422,32590,0.0,0.0,0.0
2023-03-02 10:30:00-05:00,71.58000183105469,71.66500091552734,71.51000213623047,71.57039642333984,29504,0.0,0.0,0.0
2023-03-02 11:30:00-05:00,71.58999633789062,71.62999725341797,71.48999786376953,71.53199768066406,15526,0.0,0.0,0.0
2023-03-02 12:30:00-05:00,71.556396484375,71.58000183105469,71.48490142822266,71.50399780273438,17409,0.0,0.0,0.0
2023-03-02 13:30:00-05:00,71.50279998779297,71.8499984741211,71.50279998779297,71.8499984741211,31795,0.0,0.0,0.0
2023-03-02 14:30:00-05:00,71.84750366210938,71.86000061035156,71.73999786376953,71.86000061035156,39773,0.0,0.0,0.0
2023-03-02 15:30:00-05:00,71.9000015258789,71.94999694824219,71.86000061035156,71.93000030517578,0,0.0,0.0,0.0
2023-03-03 09:30:00-05:00,72.16000366210938,72.31999969482422,72.01000213623047,72.2699966430664,31535,0.0,0.0,0.0
2023-03-03 10:30:00-05:00,72.26000213623047,72.27279663085938,72.12000274658203,72.24500274658203,16855,0.0,0.0,0.0
2023-03-03 11:30:00-05:00,72.27999877929688,72.45220184326172,72.23999786376953,72.41999816894531,28781,0.0,0.0,0.0
2023-03-03 12:30:00-05:00,72.42009735107422,72.55259704589844,72.41999816894531,72.51000213623047,22429,0.0,0.0,0.0
2023-03-03 13:30:00-05:00,72.5199966430664,72.5999984741211,72.44999694824219,72.5999984741211,20889,0.0,0.0,0.0
2023-03-03 14:30:00-05:00,72.58999633789062,72.70999908447266,72.58999633789062,72.6500015258789,27448,0.0,0.0,0.0
2023-03-03 15:30:00-05:00,72.63999938964844,72.66999816894531,72.59010314941406,72.66999816894531,16266,0.0,0.0,0.0
2023-03-06 09:30:00-05:00,72.56999969482422,72.64990234375,72.3499984741211,72.58499908447266,26650,0.0,0.0,0.0
2023-03-06 10:30:00-05:00,72.55500030517578,72.63079833984375,72.48739624023438,72.48739624023438,15814,0.0,0.0,0.0
2023-03-06 11:30:00-05:00,72.50499725341797,72.68000030517578,72.49549865722656,72.62999725341797,29716,0.0,0.0,0.0
2023-03-06 12:30:00-05:00,72.62999725341797,72.62999725341797,72.45999908447266,72.49810028076172,19781,0.0,0.0,0.0
2023-03-06 13:30:00-05:00,72.5,72.5,72.36000061035156,72.36000061035156,15796,0.0,0.0,0.0
2023-03-06 14:30:00-05:00,72.37999725341797,72.41999816894531,72.29000091552734,72.33000183105469,23510,0.0,0.0,0.0
2023-03-06 15:30:00-05:00,72.30999755859375,72.37000274658203,72.29000091552734,72.37000274658203,42348,0.0,0.0,0.0
2023-03-07 09:30:00-05:00,72.30999755859375,72.30999755859375,71.47000122070312,71.65670013427734,52381,0.0,0.0,0.0
2023-03-07 10:30:00-05:00,71.70800018310547,71.8499984741211,71.45999908447266,71.45999908447266,22589,0.0,0.0,0.0
2023-03-07 11:30:00-05:00,71.4800033569336,71.68000030517578,71.43000030517578,71.5999984741211,44519,0.0,0.0,0.0
2023-03-07 12:30:00-05:00,71.58000183105469,71.58999633789062,71.34500122070312,71.36000061035156,15665,0.0,0.0,0.0
2023-03-07 13:30:00-05:00,71.36000061035156,71.38999938964844,71.18000030517578,71.20999908447266,37522,0.0,0.0,0.0
2023-03-07 14:30:00-05:00,71.18890380859375,71.2699966430664,71.11000061035156,71.18000030517578,26090,0.0,0.0,0.0
2023-03-07 15:30:00-05:00,71.18329620361328,71.29000091552734,71.16000366210938,71.19000244140625,41627,0.0,0.0,0.0
2023-03-08 09:30:00-05:00,71.22000122070312,71.33000183105469,71.06999969482422,71.31999969482422,70796,0.0,0.0,0.0
2023-03-08 10:30:00-05:00,71.30000305175781,71.50540161132812,71.29000091552734,71.36000061035156,31330,0.0,0.0,0.0
2023-03-08 11:30:00-05:00,71.36000061035156,71.46499633789062,71.27999877929688,71.31999969482422,23741,0.0,0.0,0.0
2023-03-08 12:30:00-05:00,71.29000091552734,71.33989715576172,71.16390228271484,71.16500091552734,92021,0.0,0.0,0.0
2023-03-08 13:30:00-05:00,71.125,71.19999694824219,71.08999633789062,71.19300079345703,13019,0.0,0.0,0.0
2023-03-08 14:30:00-05:00,71.2300033569336,71.2300033569336,71.14800262451172,71.16000366210938,43018,0.0,0.0,0.0
2023-03-08 15:30:00-05:00,71.16999816894531,71.30999755859375,71.16519927978516,71.27999877929688,52654,0.0,0.0,0.0
2023-03-09 09:30:00-05:00,71.4800033569336,71.62999725341797,71.36000061035156,71.4218978881836,68964,0.0,0.0,0.0
2023-03-09 10:30:00-05:00,71.55439758300781,71.55439758300781,71.36000061035156,71.38839721679688,16375,0.0,0.0,0.0
2023-03-09 11:30:00-05:00,71.4031982421875,71.44000244140625,71.30000305175781,71.38999938964844,48499,0.0,0.0,0.0
2023-03-09 12:30:00-05:00,71.40979766845703,71.41280364990234,71.18000030517578,71.22959899902344,24372,0.0,0.0,0.0
2023-03-09 13:30:00-05:00,71.19999694824219,71.22000122070312,71.07009887695312,71.0824966430664,20769,0.0,0.0,0.0
2023-03-09 14:30:00-05:00,71.05000305175781,71.08000183105469,70.63259887695312,70.69000244140625,72460,0.0,0.0,0.0
2023-03-09 15:30:00-05:00,70.66000366210938,70.80000305175781,70.66000366210938,70.73999786376953,0,0.0,0.0,0.0
2023-03-10 09:30:00-05:00,70.95999908447266,71.05999755859375,70.6050033569336,70.83000183105469,38516,0.0,0.0,0.0
2023-03-10 10:30:00-05:00,70.875,70.94499969482422,70.7300033569336,70.88500213623047,25144,0.0,0.0,0.0
2023-03-10 11:30:00-05:00,70.91999816894531,70.97000122070312,70.47000122070312,70.54000091552734,63182,0.0,0.0,0.0
2023-03-10 12:30:00-05:00,70.58000183105469,70.689697265625,70.22000122070312,70.22000122070312,56177,0.0,0.0,0.0
2023-03-10 13:30:00-05:00,70.22000122070312,70.33000183105469,70.05999755859375,70.14099884033203,50606,0.0,0.0,0.0
2023-03-10 14:30:00-05:00,70.19999694824219,70.41000366210938,70.18000030517578,70.2249984741211,146297,0.0,0.0,0.0
2023-03-10 15:30:00-05:00,70.19999694824219,70.23500061035156,70.04119873046875,70.11000061035156,57914,0.0,0.0,0.0
2023-03-13 09:30:00-04:00,70.08999633789062,70.6500015258789,70.0,70.14800262451172,86193,0.0,0.0,0.0
2023-03-13 10:30:00-04:00,70.19989776611328,70.77999877929688,70.19989776611328,70.7699966430664,46977,0.0,0.0,0.0
2023-03-13 11:30:00-04:00,70.77999877929688,70.77999877929688,70.33999633789062,70.37999725341797,37525,0.0,0.0,0.0
2023-03-13 12:30:00-04:00,70.4800033569336,70.54000091552734,70.19000244140625,70.3499984741211,32803,0.0,0.0,0.0
2023-03-13 13:30:00-04:00,70.3104019165039,70.58000183105469,70.2853012084961,70.53500366210938,38070,0.0,0.0,0.0
2023-03-13 14:30:00-04:00,70.55999755859375,70.64420318603516,70.30000305175781,70.32640075683594,107471,0.0,0.0,0.0
2023-03-13 15:30:00-04:00,70.36000061035156,70.48999786376953,70.2300033569336,70.26000213623047,27748,0.0,0.0,0.0
2023-03-14 09:30:00-04:00,70.73999786376953,70.79550170898438,70.55000305175781,70.77999877929688,26435,0.0,0.0,0.0
2023-03-14 10:30:00-04:00,70.80999755859375,70.91000366210938,70.66000366210938,70.86000061035156,31997,0.0,0.0,0.0
2023-03-14 11:30:00-04:00,70.91580200195312,70.91580200195312,70.68000030517578,70.72000122070312,15276,0.0,0.0,0.0
2023-03-14 12:30:00-04:00,70.7699966430664,70.79889678955078,70.44999694824219,70.55999755859375,23011,0.0,0.0,0.0
2023-03-14 13:30:00-04:00,70.58000183105469,70.68000030517578,70.4656982421875,70.66000366210938,40447,0.0,0.0,0.0
2023-03-14 14:30:00-04:00,70.63999938964844,70.69000244140625,70.41390228271484,70.54000091552734,48145,0.0,0.0,0.0
2023-03-14 15:30:00-04:00,70.58989715576172,70.90499877929688,70.58989715576172,70.9000015258789,0,0.0,0.0,0.0
2023-03-15 09:30:00-04:00,69.13999938964844,69.37000274658203,69.05000305175781,69.18000030517578,54102,0.0,0.0,0.0
2023-03-15 10:30:00-04:00,69.10099792480469,69.25,68.86000061035156,69.13990020751953,33058,0.0,0.0,0.0
2023-03-15 11:30:00-04:00,69.12999725341797,69.17500305175781,68.80999755859375,68.83000183105469,30872,0.0,0.0,0.0
2023-03-15 12:30:00-04:00,68.87249755859375,69.11000061035156,68.77999877929688,69.08930206298828,20859,0.0,0.0,0.0
2023-03-15 13:30:00-04:00,69.08999633789062,69.4000015258789,68.93000030517578,69.3499984741211,24795,0.0,0.0,0.0
2023-03-15 14:30:00-04:00,69.33000183105469,69.51000213623047,69.27349853515625,69.44000244140625,30759,0.0,0.0,0.0
2023-03-15 15:30:00-04:00,69.43000030517578,69.47000122070312,69.2146987915039,69.47000122070312,0,0.0,0.0,0.0
2023-03-16 09:30:00-04:00,69.4000015258789,69.57039642333984,69.2300033569336,69.38999938964844,31232,0.0,0.0,0.0
2023-03-16 10:30:00-04:00,69.45500183105469,70.0553970336914,69.43000030517578,70.0553970336914,19392,0.0,0.0,0.0
2023-03-16 11:30:00-04:00,70.06999969482422,70.2822036743164,69.9800033569336,70.21499633789062,31459,0.0,0.0,0.0
2023-03-16 12:30:00-04:00,70.20999908447266,70.41000366210938,70.12249755859375,70.32160186767578,33263,0.0,0.0,0.0
2023-03-16 13:30:00-04:00,70.30000305175781,70.30000305175781,70.12000274658203,70.19499969482422,18227,0.0,0.0,0.0
2023-03-16 14:30:00-04:00,70.20999908447266,70.44000244140625,70.13500213623047,70.44000244140625,30505,0.0,0.0,0.0
2023-03-16 15:30:00-04:00,70.43240356445312,70.48999786376953,70.3499984741211,70.47000122070312,0,0.0,0.0,0.0
2023-03-17 09:30:00-04:00,70.01000213623047,70.11000061035156,69.80000305175781,69.8052978515625,25900,0.0,0.0,0.0
2023-03-17 10:30:00-04:00,69.87000274658203,69.87989807128906,69.67980194091797,69.69010162353516,24765,0.0,0.0,0.0
2023-03-17 11:30:00-04:00,69.71009826660156,69.97000122070312,69.63999938964844,69.97000122070312,17134,0.0,0.0,0.0
2023-03-17 12:30:00-04:00,69.9800033569336,70.0250015258789,69.82009887695312,69.9010009765625,9985,0.0,0.0,0.0
2023-03-17 13:30:00-04:00,69.93000030517578,70.05000305175781,69.82009887695312,69.84449768066406,26166,0.0,0.0,0.0
2023-03-17 14:30:00-04:00,69.84230041503906,70.05999755859375,69.81999969482422,69.99099731445312,22253,0.0,0.0,0.0
2023-03-17 15:30:00-04:00,70.03790283203125,70.03790283203125,69.86000061035156,69.88999938964844,15550,0.0,0.0,0.0
2023-03-20 09:30:00-04:00,70.0,70.31999969482422,69.97840118408203,70.25499725341797,33334,0.0,0.0,0.0
2023-03-20 10:30:00-04:00,70.2699966430664,70.42669677734375,70.19000244140625,70.4198989868164,18389,0.0,0.0,0.0
2023-03-20 11:30:00-04:00,70.3499984741211,70.38999938964844,70.09500122070312,70.19000244140625,29698,0.0,0.0,0.0
2023-03-20 12:30:00-04:00,70.21900177001953,70.47579956054688,70.18560028076172,70.36000061035156,17581,0.0,0.0,0.0
2023-03-20 13:30:00-04:00,70.35980224609375,70.39600372314453,70.29750061035156,70.38999938964844,18223,0.0,0.0,0.0
2023-03-20 14:30:00-04:00,70.36000061035156,70.39949798583984,70.2699966430664,70.38999938964844,29727,0.0,0.0,0.0
2023-03-20 15:30:00-04:00,70.36000061035156,70.44000244140625,70.3499984741211,70.39199829101562,31476,0.0,0.0,0.0
2023-03-21 09:30:00-04:00,71.01000213623047,71.05999755859375,70.70999908447266,70.76000213623047,0,0.0,0.0,0.0
2023-03-21 10:30:00-04:00,70.78140258789062,70.87999725341797,70.72000122070312,70.7300033569336,22684,0.0,0.0,0.0
2023-03-21 11:30:00-04:00,70.73999786376953,70.80000305175781,70.62999725341797,70.72000122070312,19884,0.0,0.0,0.0
2023-03-21 12:30:00-04:00,70.72000122070312,70.73999786376953,70.65950012207031,70.7300033569336,18842,0.0,0.0,0.0
2023-03-21 13:30:00-04:00,70.7499008178711,70.7699966430664,70.66999816894531,70.75499725341797,25074,0.0,0.0,0.0
2023-03-21 14:30:00-04:00,70.73999786376953,70.93000030517578,70.73999786376953,70.90550231933594,25559,0.0,0.0,0.0
2023-03-21 15:30:00-04:00,70.91999816894531,71.04000091552734,70.9000015258789,71.01000213623047,0,0.0,0.0,0.0
2023-03-22 09:30:00-04:00,71.06999969482422,71.22000122070312,70.97989654541016,71.20500183105469,34637,0.0,0.0,0.0
2023-03-22 10:30:00-04:00,71.23999786376953,71.33000183105469,71.13999938964844,71.1531982421875,20575,0.0,0.0,0.0
2023-03-22 11:30:00-04:00,71.16999816894531,71.16999816894531,71.04219818115234,71.08999633789062,21683,0.0,0.0,0.0
2023-03-22 12:30:00-04:00,71.08000183105469,71.08000183105469,70.97560119628906,71.05000305175781,16719,0.0,0.0,0.0
2023-03-22 13:30:00-04:00,71.05400085449219,71.58999633789062,71.05000305175781,71.47000122070312,26563,0.0,0.0,0.0
2023-03-22 14:30:00-04:00,71.4800033569336,71.87999725341797,71.0250015258789,71.4800033569336,50187,0.0,0.0,0.0
2023-03-22 15:30:00-04:00,71.4800033569336,71.4800033569336,70.75,70.77999877929688,33541,0.0,0.0,0.0
2023-03-23 09:30:00-04:00,71.54000091552734,71.6500015258789,71.4000015258789,71.60369873046875,40996,0.0,0.0,0.0
2023-03-23 10:30:00-04:00,71.5999984741211,71.81999969482422,71.57279968261719,71.80000305175781,15324,0.0,0.0,0.0
2023-03-23 11:30:00-04:00,71.80500030517578,71.83999633789062,71.76000213623047,71.77999877929688,19353,0.0,0.0,0.0
2023-03-23 12:30:00-04:00,71.75,71.75,71.33000183105469,71.36000061035156,16817,0.0,0.0,0.0
2023-03-23 13:30:00-04:00,71.35700225830078,71.47000122070312,71.12000274658203,71.12000274658203,22716,0.0,0.0,0.0
2023-03-23 14:30:00-04:00,71.12000274658203,71.16000366210938,70.7699966430664,71.01509857177734,47338,0.0,0.0,0.0
2023-03-23 15:30:00-04:00,70.93000030517578,71.20999908447266,70.9000015258789,71.08000183105469,0,0.0,0.0,0.0
2023-03-24 09:30:00-04:00,70.94000244140625,70.94000244140625,70.62999725341797,70.86000061035156,76494,0.0,0.0,0.0
2023-03-24 10:30:00-04:00,70.8499984741211,70.87999725341797,70.66500091552734,70.72000122070312,16206,0.0,0.0,0.0
2023-03-24 11:30:00-04:00,70.70999908447266,70.98999786376953,70.70999908447266,70.86000061035156,30043,0.0,0.0,0.0
2023-03-24 12:30:00-04:00,70.86000061035156,71.08000183105469,70.77999877929688,71.02259826660156,232006,0.0,0.0,0.0
2023-03-24 13:30:00-04:00,71.05999755859375,71.12000274658203,70.94999694824219,71.08000183105469,23176,0.0,0.0,0.0
2023-03-24 14:30:00-04:00,71.0999984741211,71.2490005493164,71.05979919433594,71.24449920654297,48525,0.0,0.0,0.0
2023-03-24 15:30:00-04:00,71.2300033569336,71.23780059814453,71.06999969482422,71.19000244140625,95792,0.0,0.0,0.0
2023-03-27 09:30:00-04:00,71.66000366210938,71.73999786376953,71.58000183105469,71.65499877929688,71937,0.0,0.0,0.0
2023-03-27 10:30:00-04:00,71.58999633789062,71.67539978027344,71.51080322265625,71.58999633789062,11874,0.0,0.0,0.0
2023-03-27 11:30:00-04:00,71.5884017944336,71.69999694824219,71.52999877929688,71.69999694824219,18576,0.0,0.0,0.0
2023-03-27 12:30:00-04:00,71.67269897460938,71.78309631347656,71.62999725341797,71.78309631347656,9138,0.0,0.0,0.0
2023-03-27 13:30:00-04:00,71.77999877929688,71.83000183105469,71.67009735107422,71.79499816894531,32678,0.0,0.0,0.0
2023-03-27 14:30:00-04:00,71.80000305175781,71.93000030517578,71.80000305175781,71.87660217285156,23627,0.0,0.0,0.0
2023-03-27 15:30:00-04:00,71.86499786376953,71.87999725341797,71.7750015258789,71.87999725341797,0,0.0,0.0,0.0
2023-03-28 09:30:00-04:00,71.86000061035156,71.91999816894531,71.79000091552734,71.9000015258789,22822,0.0,0.0,0.0
2023-03-28 10:30:00-04:00,71.87920379638672,71.97000122070312,71.7300033569336,71.97000122070312,64405,0.0,0.0,0.0
2023-03-28 11:30:00-04:00,72.0,72.00350189208984,71.87200164794922,71.91999816894531,26281,0.0,0.0,0.0
2023-03-28 12:30:00-04:00,71.9000015258789,71.9800033569336,71.9000015258789,71.9280014038086,44600,0.0,0.0,0.0
2023-03-28 13:30:00-04:00,71.93000030517578,71.93000030517578,71.76260375976562,71.7926025390625,14198,0.0,0.0,0.0
2023-03-28 14:30:00-04:00,71.79000091552734,71.91120147705078,71.76499938964844,71.8499984741211,20282,0.0,0.0,0.0
2023-03-28 15:30:00-04:00,71.86000061035156,72.0,71.84500122070312,71.98999786376953,0,0.0,0.0,0.0
2023-03-29 09:30:00-04:00,72.48999786376953,72.55000305175781,72.3499984741211,72.4999008178711,46395,0.0,0.0,0.0
2023-03-29 10:30:00-04:00,72.5020980834961,72.50569915771484,72.3499984741211,72.44999694824219,10229,0.0,0.0,0.0
2023-03-29 11:30:00-04:00,72.44999694824219,72.53880310058594,72.44999694824219,72.4896011352539,79630,0.0,0.0,0.0
2023-03-29 12:30:00-04:00,72.48999786376953,72.54000091552734,72.41999816894531,72.52999877929688,35706,0.0,0.0,0.0
2023-03-29 13:30:00-04:00,72.52899932861328,72.52899932861328,72.43000030517578,72.47959899902344,42323,0.0,0.0,0.0
2023-03-29 14:30:00-04:00,72.47000122070312,72.5999984741211,72.47000122070312,72.54000091552734,104222,0.0,0.0,0.0
2023-03-29 15:30:00-04:00,72.55999755859375,72.63999938964844,72.4802017211914,72.63999938964844,17923,0.0,0.0,0.0
2023-03-30 09:30:00-04:00,73.1500015258789,73.16000366210938,72.95999908447266,73.05999755859375,26663,0.0,0.0,0.0
2023-03-30 10:30:00-04:00,73.0719985961914,73.19999694824219,73.0719985961914,73.15180206298828,20598,0.0,0.0,0.0
2023-03-30 11:30:00-04:00,73.12000274658203,73.16999816894531,73.06620025634766,73.12999725341797,22321,0.0,0.0,0.0
2023-03-30 12:30:00-04:00,73.12999725341797,73.13999938964844,73.04000091552734,73.0719985961914,54683,0.0,0.0,0.0
2023-03-30 13:30:00-04:00,73.07980346679688,73.13999938964844,73.00080108642578,73.13999938964844,13580,0.0,0.0,0.0
2023-03-30 14:30:00-04:00,73.13999938964844,73.16000366210938,73.07389831542969,73.12999725341797,29795,0.0,0.0,0.0
2023-03-30 15:30:00-04:00,73.12999725341797,73.19999694824219,73.12999725341797,73.19999694824219,0,0.0,0.0,0.0
2023-03-31 09:30:00-04:00,73.41000366210938,73.7300033569336,73.38999938964844,73.66329956054688,33790,0.0,0.0,0.0
2023-03-31 10:30:00-04:00,73.69000244140625,73.7300033569336,73.58000183105469,73.68000030517578,15671,0.0,0.0,0.0
2023-03-31 11:30:00-04:00,73.68990325927734,73.72000122070312,73.6259994506836,73.69000244140625,16427,0.0,0.0,0.0
2023-03-31 12:30:00-04:00,73.68499755859375,73.68499755859375,73.58000183105469,73.58000183105469,19441,0.0,0.0,0.0
2023-03-31 13:30:00-04:00,73.57080078125,73.58999633789062,73.47679901123047,73.55000305175781,16148,0.0,0.0,0.0
2023-03-31 14:30:00-04:00,73.54000091552734,73.68000030517578,73.52559661865234,73.6780014038086,23333,0.0,0.0,0.0
2023-03-31 15:30:00-04:00,73.67500305175781,73.69000244140625,73.56999969482422,73.6500015258789,36611,0.0,0.0,0.0
2023-04-03 09:30:00-04:00,73.62000274658203,73.94000244140625,73.54080200195312,73.9395980834961,51674,0.0,0.0,0.0
2023-04-03 10:30:00-04:00,73.91999816894531,73.94180297851562,73.61000061035156,73.69499969482422,24224,0.0,0.0,0.0
2023-04-03 11:30:00-04:00,73.68000030517578,73.87999725341797,73.66999816894531,73.86669921875,26320,0.0,0.0,0.0
2023-04-03 12:30:00-04:00,73.86000061035156,73.86000061035156,73.73999786376953,73.80500030517578,15665,0.0,0.0,0.0
2023-04-03 13:30:00-04:00,73.80000305175781,73.9000015258789,73.77120208740234,73.9000015258789,21321,0.0,0.0,0.0
2023-04-03 14:30:00-04:00,73.87000274658203,74.02999877929688,73.87000274658203,74.01000213623047,109344,0.0,0.0,0.0
2023-04-03 15:30:00-04:00,74.01000213623047,74.12999725341797,73.9800033569336,74.11000061035156,0,0.0,0.0,0.0
2023-04-04 09:30:00-04:00,74.01000213623047,74.30999755859375,73.97000122070312,74.2562026977539,50675,0.0,0.0,0.0
2023-04-04 10:30:00-04:00,74.27999877929688,74.27999877929688,74.01000213623047,74.033203125,17497,0.0,0.0,0.0
2023-04-04 11:30:00-04:00,74.04000091552734,74.10320281982422,73.92009735107422,73.97840118408203,16962,0.0,0.0,0.0
2023-04-04 12:30:00-04:00,74.0,74.08999633789062,73.9540023803711,74.08999633789062,63917,0.0,0.0,0.0
2023-04-04 13:30:00-04:00,74.07599639892578,74.11000061035156,74.01000213623047,74.0199966430664,25256,0.0,0.0,0.0
2023-04-04 14:30:00-04:00,73.95999908447266,74.04499816894531,73.95999908447266,73.98999786376953,24699,0.0,0.0,0.0
2023-04-04 15:30:00-04:00,73.99199676513672,74.12000274658203,73.95500183105469,74.12000274658203,0,0.0,0.0,0.0
2023-04-05 09:30:00-04:00,73.94000244140625,74.04499816894531,73.75,73.79450225830078,34372,0.0,0.0,0.0
2023-04-05 10:30:00-04:00,73.77999877929688,73.80000305175781,73.56600189208984,73.65899658203125,11386,0.0,0.0,0.0
2023-04-05 11:30:00-04:00,73.63999938964844,73.77999877929688,73.60040283203125,73.60040283203125,44632,0.0,0.0,0.0
2023-04-05 12:30:00-04:00,73.63500213623047,73.69000244140625,73.55000305175781,73.65350341796875,19145,0.0,0.0,0.0
2023-04-05 13:30:00-04:00,73.63249969482422,73.72000122070312,73.58999633789062,73.68000030517578,15031,0.0,0.0,0.0
2023-04-05 14:30:00-04:00,73.69999694824219,73.77999877929688,73.68000030517578,73.72000122070312,304182,0.0,0.0,0.0
2023-04-05 15:30:00-04:00,73.7300033569336,73.7699966430664,73.70999908447266,73.70999908447266,28257,0.0,0.0,0.0
2023-04-06 09:30:00-04:00,73.86000061035156,74.05999755859375,73.80480194091797,74.0,21648,0.0,0.0,0.0
2023-04-06 10:30:00-04:00,74.00890350341797,74.0999984741211,73.93000030517578,74.05000305175781,33304,0.0,0.0,0.0
2023-04-06 11:30:00-04:00,74.05000305175781,74.30000305175781,74.04940032958984,74.25499725341797,21580,0.0,0.0,0.0
2023-04-06 12:30:00-04:00,74.28410339355469,74.33499908447266,74.26000213623047,74.26280212402344,11691,0.0,0.0,0.0
2023-04-06 13:30:00-04:00,74.26010131835938,74.31999969482422,74.23999786376953,74.29000091552734,20716,0.0,0.0,0.0
2023-04-06 14:30:00-04:00,74.31999969482422,74.31999969482422,74.18399810791016,74.19539642333984,32218,0.0,0.0,0.0
2023-04-06 15:30:00-04:00,74.2249984741211,74.23999786376953,74.18260192871094,74.20999908447266,14914,0.0,0.0,0.0
2023-04-10 09:30:00-04:00,73.63999938964844,73.75,73.54000091552734,73.54000091552734,43775,0.0,0.0,0.0
2023-04-10 10:30:00-04:00,73.6052017211914,73.81900024414062,73.59500122070312,73.77999877929688,11525,0.0,0.0,0.0
2023-04-10 11:30:00-04:00,73.80999755859375,73.80999755859375,73.62200164794922,73.7300033569336,27199,0.0,0.0,0.0
2023-04-10 12:30:00-04:00,73.72000122070312,73.9000015258789,73.72000122070312,73.87999725341797,24722,0.0,0.0,0.0
2023-04-10 13:30:00-04:00,73.87999725341797,73.91000366210938,73.80770111083984,73.87999725341797,16859,0.0,0.0,0.0
2023-04-10 14:30:00-04:00,73.88999938964844,73.98930358886719,73.86900329589844,73.91999816894531,44943,0.0,0.0,0.0
2023-04-10 15:30:00-04:00,73.91999816894531,74.05000305175781,73.91000366210938,74.05000305175781,0,0.0,0.0,0.0
2023-04-11 09:30:00-04:00,74.06999969482422,74.2300033569336,74.01000213623047,74.19670104980469,62644,0.0,0.0,0.0
2023-04-11 10:30:00-04:00,74.19000244140625,74.23989868164062,74.05999755859375,74.13999938964844,31229,0.0,0.0,0.0
2023-04-11 11:30:00-04:00,74.13999938964844,74.16999816894531,74.08999633789062,74.12000274658203,42961,0.0,0.0,0.0
2023-04-11 12:30:00-04:00,74.12999725341797,74.18800354003906,74.08999633789062,74.12999725341797,38635,0.0,0.0,0.0
2023-04-11 13:30:00-04:00,74.13999938964844,74.25,74.13999938964844,74.23999786376953,38591,0.0,0.0,0.0
2023-04-11 14:30:00-04:00,74.25499725341797,74.29000091552734,74.19000244140625,74.23999786376953,67974,0.0,0.0,0.0
2023-04-11 15:30:00-04:00,74.25,74.2615966796875,74.0999984741211,74.12999725341797,60691,0.0,0.0,0.0
2023-04-12 09:30:00-04:00,74.94000244140625,75.04000091552734,74.69999694824219,74.96330261230469,38167,0.0,0.0,0.0
2023-04-12 10:30:00-04:00,74.9800033569336,74.9800033569336,74.56999969482422,74.7699966430664,24856,0.0,0.0,0.0
2023-04-12 11:30:00-04:00,74.75,74.97000122070312,74.71800231933594,74.95770263671875,24067,0.0,0.0,0.0
2023-04-12 12:30:00-04:00,74.95999908447266,75.01000213623047,74.87000274658203,75.00270080566406,22259,0.0,0.0,0.0
2023-04-12 13:30:00-04:00,75.00240325927734,75.08999633789062,74.94999694824219,74.94999694824219,17668,0.0,0.0,0.0
2023-04-12 14:30:00-04:00,74.87000274658203,74.91000366210938,74.70999908447266,74.71499633789062,26053,0.0,0.0,0.0
2023-04-12 15:30:00-04:00,74.71880340576172,74.7699966430664,74.66000366210938,74.76000213623047,34261,0.0,0.0,0.0
2023-04-13 09:30:00-04:00,75.33999633789062,75.4000015258789,75.21389770507812,75.33000183105469,100885,0.0,0.0,0.0
2023-04-13 10:30:00-04:00,75.31999969482422,75.4386978149414,75.23999786376953,75.4386978149414,211426,0.0,0.0,0.0
2023-04-13 11:30:00-04:00,75.42990112304688,75.48999786376953,75.38719940185547,75.4800033569336,30375,0.0,0.0,0.0
2023-04-13 12:30:00-04:00,75.48660278320312,75.58999633789062,75.44999694824219,75.54499816894531,20241,0.0,0.0,0.0
2023-04-13 13:30:00-04:00,75.55999755859375,75.66999816894531,75.55500030517578,75.61260223388672,13531,0.0,0.0,0.0
2023-04-13 14:30:00-04:00,75.5999984741211,75.6500015258789,75.5999984741211,75.62999725341797,21023,0.0,0.0,0.0
2023-04-13 15:30:00-04:00,75.62239837646484,75.66000366210938,75.5999984741211,75.5999984741211,21497,0.0,0.0,0.0
2023-04-14 09:30:00-04:00,75.56999969482422,75.65740203857422,75.30999755859375,75.34989929199219,32554,0.0,0.0,0.0
2023-04-14 10:30:00-04:00,75.36979675292969,75.36979675292969,75.13999938964844,75.13999938964844,42190,0.0,0.0,0.0
2023-04-14 11:30:00-04:00,75.16999816894531,75.19200134277344,75.05000305175781,75.0999984741211,28780,0.0,0.0,0.0
2023-04-14 12:30:00-04:00,75.08000183105469,75.18000030517578,74.9751968383789,75.12000274658203,26276,0.0,0.0,0.0
2023-04-14 13:30:00-04:00,75.0999984741211,75.20999908447266,75.0250015258789,75.20999908447266,19857,0.0,0.0,0.0
2023-04-14 14:30:00-04:00,75.25,75.26000213623047,75.12999725341797,75.20999908447266,23522,0.0,0.0,0.0
2023-04-14 15:30:00-04:00,75.2300033569336,75.30999755859375,75.22000122070312,75.26000213623047,17104,0.0,0.0,0.0
2023-04-17 09:30:00-04:00,75.27999877929688,75.33760070800781,75.16999816894531,75.16999816894531,44075,0.0,0.0,0.0
2023-04-17 10:30:00-04:00,75.18000030517578,75.18000030517578,75.05000305175781,75.06999969482422,12673,0.0,0.0,0.0
2023-04-17 11:30:00-04:00,75.06999969482422,75.11000061035156,74.9999008178711,75.0999984741211,29130,0.0,0.0,0.0
2023-04-17 12:30:00-04:00,75.08999633789062,75.19000244140625,75.08000183105469,75.15950012207031,34525,0.0,0.0,0.0
2023-04-17 13:30:00-04:00,75.17980194091797,75.19999694824219,75.08000183105469,75.12999725341797,22388,0.0,0.0,0.0
2023-04-17 14:30:00-04:00,75.12000274658203,75.29000091552734,75.11000061035156,75.26499938964844,29973,0.0,0.0,0.0
2023-04-17 15:30:00-04:00,75.2760009765625,75.33999633789062,75.22000122070312,75.33000183105469,0,0.0,0.0,0.0
2023-04-18 09:30:00-04:00,75.62000274658203,75.65989685058594,75.47000122070312,75.4800033569336,28480,0.0,0.0,0.0
2023-04-18 10:30:00-04:00,75.47000122070312,75.48999786376953,75.40010070800781,75.42009735107422,12840,0.0,0.0,0.0
2023-04-18 11:30:00-04:00,75.44000244140625,75.48899841308594,75.34040069580078,75.45999908447266,11508,0.0,0.0,0.0
2023-04-18 12:30:00-04:00,75.46920013427734,75.48359680175781,75.4000015258789,75.43800354003906,78437,0.0,0.0,0.0
2023-04-18 13:30:00-04:00,75.45999908447266,75.51000213623047,75.42500305175781,75.49259948730469,24634,0.0,0.0,0.0
2023-04-18 14:30:00-04:00,75.50990295410156,75.51000213623047,75.41000366210938,75.45500183105469,27236,0.0,0.0,0.0
2023-04-18 15:30:00-04:00,75.44999694824219,75.54000091552734,75.44999694824219,75.5199966430664,0,0.0,0.0,0.0
2023-04-19 09:30:00-04:00,75.12999725341797,75.29000091552734,75.11000061035156,75.25900268554688,48130,0.0,0.0,0.0
2023-04-19 10:30:00-04:00,75.27100372314453,75.30729675292969,75.16320037841797,75.19850158691406,41364,0.0,0.0,0.0
2023-04-19 11:30:00-04:00,75.19000244140625,75.2300033569336,75.18000030517578,75.20500183105469,19788,0.0,0.0,0.0
2023-04-19 12:30:00-04:00,75.20999908447266,75.2938003540039,75.20999908447266,75.22000122070312,17460,0.0,0.0,0.0
2023-04-19 13:30:00-04:00,75.26000213623047,75.29560089111328,75.20999908447266,75.25,23685,0.0,0.0,0.0
2023-04-19 14:30:00-04:00,75.2300033569336,75.25,75.18000030517578,75.19499969482422,47335,0.0,0.0,0.0
2023-04-19 15:30:00-04:00,75.18000030517578,75.2300033569336,75.1500015258789,75.18000030517578,50825,0.0,0.0,0.0
2023-04-20 09:30:00-04:00,75.1500015258789,75.50540161132812,75.1500015258789,75.47000122070312,22471,0.0,0.0,0.0
2023-04-20 10:30:00-04:00,75.47000122070312,75.5199966430664,75.35260009765625,75.37999725341797,15930,0.0,0.0,0.0
2023-04-20 11:30:00-04:00,75.38999938964844,75.44000244140625,75.3499984741211,75.41500091552734,40699,0.0,0.0,0.0
2023-04-20 12:30:00-04:00,75.41999816894531,75.54570007324219,75.41999816894531,75.52999877929688,13359,0.0,0.0,0.0
2023-04-20 13:30:00-04:00,75.55999755859375,75.55999755859375,75.37000274658203,75.38999938964844,21351,0.0,0.0,0.0
2023-04-20 14:30:00-04:00,75.37000274658203,75.37999725341797,75.20500183105469,75.2300033569336,31730,0.0,0.0,0.0
2023-04-20 15:30:00-04:00,75.19999694824219,75.36000061035156,75.19000244140625,75.36000061035156,19966,0.0,0.0,0.0
2023-04-21 09:30:00-04:00,75.70999908447266,75.87999725341797,75.55000305175781,75.86990356445312,37249,0.0,0.0,0.0
2023-04-21 10:30:00-04:00,75.82009887695312,75.87000274658203,75.6552963256836,75.83999633789062,14097,0.0,0.0,0.0
2023-04-21 11:30:00-04:00,75.87799835205078,76.0,75.85800170898438,75.94999694824219,37388,0.0,0.0,0.0
2023-04-21 12:30:00-04:00,75.94999694824219,76.02999877929688,75.93240356445312,75.9800033569336,12828,0.0,0.0,0.0
2023-04-21 13:30:00-04:00,75.97740173339844,76.10990142822266,75.97119903564453,76.10990142822266,14007,0.0,0.0,0.0
2023-04-21 14:30:00-04:00,76.0999984741211,76.0999984741211,75.9800033569336,76.02010345458984,32501,0.0,0.0,0.0
2023-04-21 15:30:00-04:00,76.05000305175781,76.13999938964844,76.02999877929688,76.11499786376953,27221,0.0,0.0,0.0
2023-04-24 09:30:00-04:00,76.02999877929688,76.16000366210938,76.0,76.11190032958984,31701,0.0,0.0,0.0
2023-04-24 10:30:00-04:00,76.15850067138672,76.15850067138672,76.0199966430664,76.0199966430664,50520,0.0,0.0,0.0
2023-04-24 11:30:00-04:00,76.02760314941406,76.08000183105469,75.98999786376953,76.05999755859375,28719,0.0,0.0,0.0
2023-04-24 12:30:00-04:00,76.05999755859375,76.0999984741211,76.03800201416016,76.09500122070312,15271,0.0,0.0,0.0
2023-04-24 13:30:00-04:00,76.12999725341797,76.1500015258789,76.06999969482422,76.1050033569336,17048,0.0,0.0,0.0
2023-04-24 14:30:00-04:00,76.11499786376953,76.12899780273438,76.0730972290039,76.0999984741211,24417,0.0,0.0,0.0
2023-04-24 15:30:00-04:00,76.10320281982422,76.18000030517578,76.0999984741211,76.1500015258789,17457,0.0,0.0,0.0
2023-04-25 09:30:00-04:00,76.16000366210938,76.19999694824219,75.88400268554688,75.92990112304688,32743,0.0,0.0,0.0
2023-04-25 10:30:00-04:00,75.93000030517578,76.11000061035156,75.9103012084961,76.02999877929688,262149,0.0,0.0,0.0
2023-04-25 11:30:00-04:00,76.01110076904297,76.01110076904297,75.83000183105469,75.83999633789062,16209,0.0,0.0,0.0
2023-04-25 12:30:00-04:00,75.83999633789062,75.87000274658203,75.62999725341797,75.69000244140625,12300,0.0,0.0,0.0
2023-04-25 13:30:00-04:00,75.6500015258789,75.70999908447266,75.58000183105469,75.63999938964844,22723,0.0,0.0,0.0
2023-04-25 14:30:00-04:00,75.64929962158203,75.69000244140625,75.56999969482422,75.62000274658203,29924,0.0,0.0,0.0
2023-04-25 15:30:00-04:00,75.63600158691406,75.69000244140625,75.55000305175781,75.55249786376953,26938,0.0,0.0,0.0
2023-04-26 09:30:00-04:00,75.80000305175781,75.80000305175781,75.41000366210938,75.41000366210938,45348,0.0,0.0,0.0
2023-04-26 10:30:00-04:00,75.4751968383789,75.56999969482422,75.41999816894531,75.48999786376953,16103,0.0,0.0,0.0
2023-04-26 11:30:00-04:00,75.52449798583984,75.62000274658203,75.46009826660156,75.46009826660156,48513,0.0,0.0,0.0
2023-04-26 12:30:00-04:00,75.4800033569336,75.51000213623047,75.43000030517578,75.4352035522461,38429,0.0,0.0,0.0
2023-04-26 13:30:00-04:00,75.47989654541016,75.47989654541016,75.2698974609375,75.29399871826172,27714,0.0,0.0,0.0
2023-04-26 14:30:00-04:00,75.31999969482422,75.31999969482422,75.16300201416016,75.2300033569336,41434,0.0,0.0,0.0
2023-04-26 15:30:00-04:00,75.20999908447266,75.2699966430664,75.16999816894531,75.25,0,0.0,0.0,0.0
2023-04-27 09:30:00-04:00,75.41000366210938,75.66999816894531,75.33000183105469,75.48100280761719,39139,0.0,0.0,0.0
2023-04-27 10:30:00-04:00,75.50499725341797,75.66000366210938,75.46369934082031,75.66000366210938,83258,0.0,0.0,0.0
2023-04-27 11:30:00-04:00,75.70999908447266,75.71499633789062,75.61419677734375,75.68099975585938,18805,0.0,0.0,0.0
2023-04-27 12:30:00-04:00,75.68000030517578,75.7699966430664,75.66000366210938,75.76000213623047,21865,0.0,0.0,0.0
2023-04-27 13:30:00-04:00,75.77999877929688,75.90989685058594,75.76000213623047,75.9000015258789,14778,0.0,0.0,0.0
2023-04-27 14:30:00-04:00,75.91639709472656,76.0,75.88999938964844,75.98999786376953,21212,0.0,0.0,0.0
2023-04-27 15:30:00-04:00,75.9749984741211,76.02999877929688,75.94000244140625,75.97000122070312,70903,0.0,0.0,0.0
2023-04-28 09:30:00-04:00,75.6500015258789,75.80899810791016,75.52999877929688,75.80899810791016,46892,0.0,0.0,0.0
2023-04-28 10:30:00-04:00,75.73999786376953,75.9749984741211,75.73999786376953,75.91000366210938,15670,0.0,0.0,0.0
2023-04-28 11:30:00-04:00,75.9800033569336,76.06819915771484,75.94999694824219,75.94999694824219,15152,0.0,0.0,0.0
2023-04-28 12:30:00-04:00,75.97630310058594,76.04000091552734,75.95999908447266,75.98999786376953,20176,0.0,0.0,0.0
2023-04-28 13:30:00-04:00,76.05439758300781,76.05439758300781,75.95480346679688,75.95480346679688,13346,0.0,0.0,0.0
2023-04-28 14:30:00-04:00,75.94660186767578,75.9719009399414,75.86250305175781,75.93470001220703,61358,0.0,0.0,0.0
2023-04-28 15:30:00-04:00,75.91000366210938,75.99980163574219,75.87000274658203,75.97000122070312,80163,0.0,0.0,0.0
2023-05-01 09:30:00-04:00,76.01000213623047,76.23999786376953,75.98999786376953,76.01699829101562,24447,0.0,0.0,0.0
2023-05-01 10:30:00-04:00,76.12000274658203,76.12000274658203,75.92050170898438,75.97000122070312,13575,0.0,0.0,0.0
2023-05-01 11:30:00-04:00,75.97959899902344,76.06999969482422,75.93379974365234,76.06999969482422,29596,0.0,0.0,0.0
2023-05-01 12:30:00-04:00,76.08100128173828,76.1500015258789,76.08000183105469,76.1500015258789,13208,0.0,0.0,0.0
2023-05-01 13:30:00-04:00,76.11000061035156,76.19000244140625,76.0958023071289,76.13999938964844,21257,0.0,0.0,0.0
2023-05-01 14:30:00-04:00,76.12999725341797,76.14949798583984,75.95999908447266,75.98999786376953,26718,0.0,0.0,0.0
2023-05-01 15:30:00-04:00,75.97000122070312,76.01499938964844,75.92130279541016,75.97000122070312,35533,0.0,0.0,0.0
2023-05-02 09:30:00-04:00,75.30000305175781,75.35990142822266,75.0999984741211,75.0999984741211,41378,0.0,0.0,0.0
2023-05-02 10:30:00-04:00,75.12000274658203,75.23999786376953,75.02999877929688,75.03009796142578,20526,0.0,0.0,0.0
2023-05-02 11:30:00-04:00,75.04000091552734,75.22000122070312,74.98570251464844,75.21929931640625,24917,0.0,0.0,0.0
2023-05-02 12:30:00-04:00,75.19999694824219,75.31999969482422,75.18009948730469,75.31279754638672,23300,0.0,0.0,0.0
2023-05-02 13:30:00-04:00,75.27999877929688,75.41000366210938,75.2699966430664,75.30000305175781,32251,0.0,0.0,0.0
2023-05-02 14:30:00-04:00,75.3499984741211,75.44000244140625,75.30999755859375,75.43000030517578,150279,0.0,0.0,0.0
2023-05-02 15:30:00-04:00,75.43000030517578,75.47000122070312,75.37999725341797,75.44000244140625,0,0.0,0.0,0.0
2023-05-03 09:30:00-04:00,75.77999877929688,75.79000091552734,75.66999816894531,75.7531967163086,33852,0.0,0.0,0.0
2023-05-03 10:30:00-04:00,75.7311019897461,75.86000061035156,75.72000122070312,75.80999755859375,20558,0.0,0.0,0.0
2023-05-03 11:30:00-04:00,75.82879638671875,76.0,75.80999755859375,76.0,27455,0.0,0.0,0.0
2023-05-03 12:30:00-04:00,75.9988021850586,76.05000305175781,75.95999908447266,76.03929901123047,10726,0.0,0.0,0.0
2023-05-03 13:30:00-04:00,76.02999877929688,76.22200012207031,75.95500183105469,76.16999816894531,13883,0.0,0.0,0.0
2023-05-03 14:30:00-04:00,76.1500015258789,76.22000122070312,75.83000183105469,75.87000274658203,41972,0.0,0.0,0.0
2023-05-03 15:30:00-04:00,75.81999969482422,75.82740020751953,75.72000122070312,75.76000213623047,0,0.0,0.0,0.0
2023-05-04 09:30:00-04:00,75.66000366210938,75.70999908447266,75.49140167236328,75.69000244140625,25624,0.0,0.0,0.0
2023-05-04 10:30:00-04:00,75.58999633789062,75.74839782714844,75.58999633789062,75.66809844970703,18315,0.0,0.0,0.0
2023-05-04 11:30:00-04:00,75.66000366210938,75.73999786376953,75.58000183105469,75.7300033569336,24958,0.0,0.0,0.0
2023-05-04 12:30:00-04:00,75.71900177001953,75.93000030517578,75.70999908447266,75.88999938964844,17762,0.0,0.0,0.0
2023-05-04 13:30:00-04:00,75.8949966430664,75.93000030517578,75.66500091552734,75.66500091552734,14380,0.0,0.0,0.0
2023-05-04 14:30:00-04:00,75.63999938964844,75.7499008178711,75.58000183105469,75.6572036743164,39881,0.0,0.0,0.0
2023-05-04 15:30:00-04:00,75.66010284423828,75.77999877929688,75.62999725341797,75.69000244140625,0,0.0,0.0,0.0
2023-05-05 09:30:00-04:00,75.87000274658203,76.08000183105469,75.71099853515625,76.06279754638672,19633,0.0,0.0,0.0
2023-05-05 10:30:00-04:00,76.10169982910156,76.31999969482422,76.07160186767578,76.31999969482422,25108,0.0,0.0,0.0
2023-05-05 11:30:00-04:00,76.29000091552734,76.36000061035156,76.2780990600586,76.33989715576172,27963,0.0,0.0,0.0
2023-05-05 12:30:00-04:00,76.3489990234375,76.4280014038086,76.28340148925781,76.4000015258789,6817,0.0,0.0,0.0
2023-05-05 13:30:00-04:00,76.3949966430664,76.45880126953125,76.36399841308594,76.45880126953125,17838,0.0,0.0,0.0
2023-05-05 14:30:00-04:00,76.4800033569336,76.61540222167969,76.46009826660156,76.56999969482422,46151,0.0,0.0,0.0
2023-05-05 15:30:00-04:00,76.56500244140625,76.56999969482422,76.48999786376953,76.52999877929688,0,0.0,0.0,0.0
2023-05-08 09:30:00-04:00,76.76000213623047,76.76000213623047,76.6050033569336,76.63150024414062,23200,0.0,0.0,0.0
2023-05-08 10:30:00-04:00,76.63999938964844,76.66300201416016,76.55999755859375,76.58999633789062,17325,0.0,0.0,0.0
2023-05-08 11:30:00-04:00,76.60260009765625,76.66999816894531,76.59339904785156,76.65959930419922,70601,0.0,0.0,0.0
2023-05-08 12:30:00-04:00,76.64800262451172,76.66999816894531,76.62000274658203,76.63999938964844,17670,0.0,0.0,0.0
2023-05-08 13:30:00-04:00,76.6500015258789,76.66000366210938,76.41000366210938,76.52999877929688,27676,0.0,0.0,0.0
2023-05-08 14:30:00-04:00,76.55000305175781,76.58000183105469,76.49199676513672,76.49199676513672,17074,0.0,0.0,0.0
2023-05-08 15:30:00-04:00,76.50499725341797,76.58000183105469,76.50140380859375,76.52999877929688,27774,0.0,0.0,0.0
2023-05-09 09:30:00-04:00,76.08999633789062,76.22000122070312,76.01000213623047,76.19000244140625,23522,0.0,0.0,0.0
2023-05-09 10:30:00-04:00,76.16999816894531,76.33999633789062,76.16999816894531,76.25,17777,0.0,0.0,0.0
2023-05-09 11:30:00-04:00,76.26000213623047,76.32160186767578,76.23999786376953,76.32160186767578,231310,0.0,0.0,0.0
2023-05-09 12:30:00-04:00,76.32720184326172,76.36000061035156,76.25,76.34320068359375,23310,0.0,0.0,0.0
2023-05-09 13:30:00-04:00,76.36000061035156,76.44000244140625,76.34200286865234,76.43990325927734,15983,0.0,0.0,0.0
2023-05-09 14:30:00-04:00,76.44000244140625,76.44999694824219,76.38990020751953,76.41999816894531,31931,0.0,0.0,0.0
2023-05-09 15:30:00-04:00,76.40049743652344,76.44999694824219,76.37999725341797,76.41000366210938,0,0.0,0.0,0.0
2023-05-10 09:30:00-04:00,76.41999816894531,76.41999816894531,76.06999969482422,76.25,45141,0.0,0.0,0.0
2023-05-10 10:30:00-04:00,76.23999786376953,76.2593994140625,76.04000091552734,76.12999725341797,13160,0.0,0.0,0.0
2023-05-10 11:30:00-04:00,76.16000366210938,76.19000244140625,76.06009674072266,76.13690185546875,20809,0.0,0.0,0.0
2023-05-10 12:30:00-04:00,76.15859985351562,76.15859985351562,75.83000183105469,75.86000061035156,16656,0.0,0.0,0.0
2023-05-10 13:30:00-04:00,75.86979675292969,76.12000274658203,75.81999969482422,76.11000061035156,19474,0.0,0.0,0.0
2023-05-10 14:30:00-04:00,76.0999984741211,76.34500122070312,76.0999984741211,76.34500122070312,32261,0.0,0.0,0.0
2023-05-10 15:30:00-04:00,76.33000183105469,76.37989807128906,76.26000213623047,76.31999969482422,34652,0.0,0.0,0.0
2023-05-11 09:30:00-04:00,76.06999969482422,76.06999969482422,75.62010192871094,75.7300033569336,24560,0.0,0.0,0.0
2023-05-11 10:30:00-04:00,75.73999786376953,75.93000030517578,75.69000244140625,75.90399932861328,26008,0.0,0.0,0.0
2023-05-11 11:30:00-04:00,75.93800354003906,75.98999786376953,75.86499786376953,75.94999694824219,31688,0.0,0.0,0.0
2023-05-11 12:30:00-04:00,75.97959899902344,76.0199966430664,75.94999694824219,75.97000122070312,16248,0.0,0.0,0.0
2023-05-11 13:30:00-04:00,75.97000122070312,76.0,75.8550033569336,75.96739959716797,19514,0.0,0.0,0.0
2023-05-11 14:30:00-04:00,75.97969818115234,76.06999969482422,75.97000122070312,76.04000091552734,47640,0.0,0.0,0.0
2023-05-11 15:30:00-04:00,76.04000091552734,76.06990051269531,76.00499725341797,76.04000091552734,13962,0.0,0.0,0.0
2023-05-12 09:30:00-04:00,76.16999816894531,76.19999694824219,76.02999877929688,76.02999877929688,0,0.0,0.0,0.0
2023-05-12 10:30:00-04:00,76.0,76.0,75.79740142822266,75.80000305175781,31514,0.0,0.0,0.0
2023-05-12 11:30:00-04:00,75.80999755859375,75.8499984741211,75.70999908447266,75.70999908447266,17325,0.0,0.0,0.0
2023-05-12 12:30:00-04:00,75.69010162353516,75.8219985961914,75.66000366210938,75.81950378417969,26203,0.0,0.0,0.0
2023-05-12 13:30:00-04:00,75.82160186767578,75.82160186767578,75.65010070800781,75.69999694824219,20673,0.0,0.0,0.0
2023-05-12 14:30:00-04:00,75.69969940185547,75.75,75.6500015258789,75.73999786376953,86236,0.0,0.0,0.0
2023-05-12 15:30:00-04:00,75.76000213623047,75.88999938964844,75.7509994506836,75.88999938964844,20613,0.0,0.0,0.0
2023-05-15 09:30:00-04:00,76.20999908447266,76.20999908447266,76.05999755859375,76.15350341796875,31018,0.0,0.0,0.0
2023-05-15 10:30:00-04:00,76.16999816894531,76.25,76.13999938964844,76.2249984741211,13910,0.0,0.0,0.0
2023-05-15 11:30:00-04:00,76.2249984741211,76.2699966430664,76.18000030517578,76.25,59833,0.0,0.0,0.0
2023-05-15 12:30:00-04:00,76.25,76.41919708251953,76.2499008178711,76.31999969482422,23658,0.0,0.0,0.0
2023-05-15 13:30:00-04:00,76.29000091552734,76.37000274658203,76.25,76.34500122070312,18624,0.0,0.0,0.0
2023-05-15 14:30:00-04:00,76.35990142822266,76.4092025756836,76.34010314941406,76.37000274658203,30932,0.0,0.0,0.0
2023-05-15 15:30:00-04:00,76.37000274658203,76.41000366210938,76.36000061035156,76.41000366210938,0,0.0,0.0,0.0
2023-05-16 09:30:00-04:00,76.11000061035156,76.11000061035156,75.79000091552734,75.82050323486328,30081,0.0,0.0,0.0
2023-05-16 10:30:00-04:00,75.9219970703125,75.92500305175781,75.77770233154297,75.88999938964844,15981,0.0,0.0,0.0
2023-05-16 11:30:00-04:00,75.88500213623047,75.9800033569336,75.73380279541016,75.87920379638672,25746,0.0,0.0,0.0
2023-05-16 12:30:00-04:00,75.89990234375,75.939697265625,75.86000061035156,75.89990234375,15093,0.0,0.0,0.0
2023-05-16 13:30:00-04:00,75.86799621582031,75.87999725341797,75.80000305175781,75.82499694824219,11117,0.0,0.0,0.0
2023-05-16 14:30:00-04:00,75.83000183105469,75.87999725341797,75.80999755859375,75.83000183105469,23699,0.0,0.0,0.0
2023-05-16 15:30:00-04:00,75.83000183105469,75.85759735107422,75.69000244140625,75.7300033569336,20970,0.0,0.0,0.0
2023-05-17 09:30:00-04:00,75.79000091552734,75.79000091552734,75.2771987915039,75.44999694824219,31078,0.0,0.0,0.0
2023-05-17 10:30:00-04:00,75.45899963378906,75.46980285644531,75.31999969482422,75.37999725341797,23535,0.0,0.0,0.0
2023-05-17 11:30:00-04:00,75.39730072021484,75.51000213623047,75.35179901123047,75.51000213623047,19717,0.0,0.0,0.0
2023-05-17 12:30:00-04:00,75.52459716796875,75.7300033569336,75.5155029296875,75.7300033569336,54517,0.0,0.0,0.0
2023-05-17 13:30:00-04:00,75.72260284423828,75.7699966430664,75.69180297851562,75.69180297851562,35541,0.0,0.0,0.0
2023-05-17 14:30:00-04:00,75.72000122070312,75.72989654541016,75.63999938964844,75.66999816894531,108908,0.0,0.0,0.0
2023-05-17 15:30:00-04:00,75.67980194091797,75.78990173339844,75.66999816894531,75.76000213623047,41185,0.0,0.0,0.0
2023-05-18 09:30:00-04:00,75.75,75.75,75.4749984741211,75.55999755859375,28653,0.0,0.0,0.0
2023-05-18 10:30:00-04:00,75.55999755859375,75.5999984741211,75.46170043945312,75.54540252685547,20469,0.0,0.0,0.0
2023-05-18 11:30:00-04:00,75.52999877929688,75.61000061035156,75.36000061035156,75.36000061035156,30719,0.0,0.0,0.0
2023-05-18 12:30:00-04:00,75.38960266113281,75.43000030517578,75.37000274658203,75.37999725341797,24580,0.0,0.0,0.0
2023-05-18 13:30:00-04:00,75.38999938964844,75.44999694824219,75.33000183105469,75.44889831542969,15724,0.0,0.0,0.0
2023-05-18 14:30:00-04:00,75.4490966796875,75.55049896240234,75.44000244140625,75.54000091552734,25450,0.0,0.0,0.0
2023-05-18 15:30:00-04:00,75.55000305175781,75.73999786376953,75.55000305175781,75.73999786376953,0,0.0,0.0,0.0
2023-05-19 09:30:00-04:00,76.06999969482422,76.20500183105469,75.97000122070312,76.1698989868164,40691,0.0,0.0,0.0
2023-05-19 10:30:00-04:00,76.1500015258789,76.33000183105469,76.08999633789062,76.2249984741211,59444,0.0,0.0,0.0
2023-05-19 11:30:00-04:00,76.16999816894531,76.20999908447266,76.07350158691406,76.1500015258789,29190,0.0,0.0,0.0
2023-05-19 12:30:00-04:00,76.14179992675781,76.30000305175781,76.07540130615234,76.2300033569336,13795,0.0,0.0,0.0
2023-05-19 13:30:00-04:00,76.23580169677734,76.26000213623047,76.16000366210938,76.18000030517578,462039,0.0,0.0,0.0
2023-05-19 14:30:00-04:00,76.14009857177734,76.22000122070312,76.13999938964844,76.16999816894531,36052,0.0,0.0,0.0
2023-05-19 15:30:00-04:00,76.16500091552734,76.2750015258789,76.12000274658203,76.25,36463,0.0,0.0,0.0
2023-05-22 09:30:00-04:00,76.27999877929688,76.43160247802734,76.22000122070312,76.24479675292969,37751,0.0,0.0,0.0
2023-05-22 10:30:00-04:00,76.2699966430664,76.31990051269531,76.16000366210938,76.24919891357422,26932,0.0,0.0,0.0
2023-05-22 11:30:00-04:00,76.25,76.31169891357422,76.18000030517578,76.2699966430664,15964,0.0,0.0,0.0
2023-05-22 12:30:00-04:00,76.27999877929688,76.31999969482422,76.2531967163086,76.31999969482422,29137,0.0,0.0,0.0
2023-05-22 13:30:00-04:00,76.31500244140625,76.4000015258789,76.30229949951172,76.37999725341797,19108,0.0,0.0,0.0
2023-05-22 14:30:00-04:00,76.36859893798828,76.41000366210938,76.2489013671875,76.25,54022,0.0,0.0,0.0
2023-05-22 15:30:00-04:00,76.24500274658203,76.26000213623047,76.20999908447266,76.23999786376953,11677,0.0,0.0,0.0
2023-05-23 09:30:00-04:00,75.80000305175781,75.80000305175781,75.62999725341797,75.72460174560547,33676,0.0,0.0,0.0
2023-05-23 10:30:00-04:00,75.73999786376953,75.73999786376953,75.56999969482422,75.58000183105469,16537,0.0,0.0,0.0
2023-05-23 11:30:00-04:00,75.56999969482422,75.66000366210938,75.5,75.51000213623047,24954,0.0,0.0,0.0
2023-05-23 12:30:00-04:00,75.50920104980469,75.5199966430664,75.4000015258789,75.4000015258789,21695,0.0,0.0,0.0
2023-05-23 13:30:00-04:00,75.4000015258789,75.45899963378906,75.18000030517578,75.22000122070312,39956,0.0,0.0,0.0
2023-05-23 14:30:00-04:00,75.30000305175781,75.33000183105469,75.23999786376953,75.30000305175781,36824,0.0,0.0,0.0
2023-05-23 15:30:00-04:00,75.29000091552734,75.31999969482422,75.22000122070312,75.22000122070312,0,0.0,0.0,0.0
2023-05-24 09:30:00-04:00,74.7300033569336,74.7300033569336,74.27999877929688,74.33000183105469,30603,0.0,0.0,0.0
2023-05-24 10:30:00-04:00,74.33180236816406,74.44740295410156,74.30000305175781,74.44000244140625,11076,0.0,0.0,0.0
2023-05-24 11:30:00-04:00,74.3916015625,74.42479705810547,74.26260375976562,74.28500366210938,19653,0.0,0.0,0.0
2023-05-24 12:30:00-04:00,74.27999877929688,74.43000030517578,74.27660369873047,74.35050201416016,23305,0.0,0.0,0.0
2023-05-24 13:30:00-04:00,74.41000366210938,74.48999786376953,74.33000183105469,74.37000274658203,59791,0.0,0.0,0.0
2023-05-24 14:30:00-04:00,74.33999633789062,74.44539642333984,74.27010345458984,74.41960144042969,21480,0.0,0.0,0.0
2023-05-24 15:30:00-04:00,74.42500305175781,74.45999908447266,74.2699966430664,74.31500244140625,45378,0.0,0.0,0.0
2023-05-25 09:30:00-04:00,74.4000015258789,74.4000015258789,73.96900177001953,74.0,0,0.0,0.0,0.0
2023-05-25 10:30:00-04:00,74.01000213623047,74.08999633789062,73.9186019897461,73.9186019897461,80100,0.0,0.0,0.0
2023-05-25 11:30:00-04:00,73.91000366210938,73.95989990234375,73.79000091552734,73.93499755859375,37582,0.0,0.0,0.0
2023-05-25 12:30:00-04:00,73.93499755859375,74.06400299072266,73.84010314941406,74.06400299072266,55798,0.0,0.0,0.0
2023-05-25 13:30:00-04:00,74.09500122070312,74.20899963378906,74.08999633789062,74.1500015258789,19718,0.0,0.0,0.0
2023-05-25 14:30:00-04:00,74.15760040283203,74.15760040283203,74.0,74.10160064697266,16205,0.0,0.0,0.0
2023-05-25 15:30:00-04:00,74.12989807128906,74.13999938964844,74.05000305175781,74.08000183105469,0,0.0,0.0,0.0
2023-05-26 09:30:00-04:00,74.45999908447266,74.80000305175781,74.3949966430664,74.79000091552734,26101,0.0,0.0,0.0
2023-05-26 10:30:00-04:00,74.80000305175781,74.80000305175781,74.56210327148438,74.58000183105469,15564,0.0,0.0,0.0
2023-05-26 11:30:00-04:00,74.5968017578125,74.69999694824219,74.56999969482422,74.69000244140625,20819,0.0,0.0,0.0
2023-05-26 12:30:00-04:00,74.7145004272461,74.72989654541016,74.66000366210938,74.68000030517578,12647,0.0,0.0,0.0
2023-05-26 13:30:00-04:00,74.66500091552734,74.70999908447266,74.62200164794922,74.70999908447266,12268,0.0,0.0,0.0
2023-05-26 14:30:00-04:00,74.72000122070312,74.80999755859375,74.69000244140625,74.69999694824219,72944,0.0,0.0,0.0
2023-05-26 15:30:00-04:00,74.69999694824219,74.74449920654297,74.6500015258789,74.69000244140625,17446,0.0,0.0,0.0
2023-05-30 09:30:00-04:00,74.43000030517578,74.43000030517578,74.01080322265625,74.01080322265625,17883,0.0,0.0,0.0
2023-05-30 10:30:00-04:00,74.0479965209961,74.12000274658203,73.83699798583984,73.88159942626953,18981,0.0,0.0,0.0
2023-05-30 11:30:00-04:00,73.87999725341797,73.95449829101562,73.86000061035156,73.90550231933594,40192,0.0,0.0,0.0
2023-05-30 12:30:00-04:00,73.8949966430664,73.91000366210938,73.7654037475586,73.7654037475586,14076,0.0,0.0,0.0
2023-05-30 13:30:00-04:00,73.76000213623047,73.8499984741211,73.7300033569336,73.83000183105469,22825,0.0,0.0,0.0
2023-05-30 14:30:00-04:00,73.80999755859375,73.9000015258789,73.80999755859375,73.87999725341797,22645,0.0,0.0,0.0
2023-05-30 15:30:00-04:00,73.9000015258789,73.93000030517578,73.81890106201172,73.8499984741211,0,0.0,0.0,0.0
2023-05-31 09:30:00-04:00,73.56999969482422,73.56999969482422,73.11170196533203,73.11170196533203,39089,0.0,0.0,0.0
2023-05-31 10:30:00-04:00,73.12999725341797,73.16999816894531,73.02999877929688,73.04740142822266,40683,0.0,0.0,0.0
2023-05-31 11:30:00-04:00,73.05999755859375,73.23999786376953,73.05999755859375,73.13819885253906,17406,0.0,0.0,0.0
2023-05-31 12:30:00-04:00,73.12000274658203,73.26000213623047,73.09500122070312,73.26000213623047,23691,0.0,0.0,0.0
2023-05-31 13:30:00-04:00,73.26599884033203,73.54000091552734,73.26599884033203,73.54000091552734,15660,0.0,0.0,0.0
2023-05-31 14:30:00-04:00,73.53500366210938,73.552001953125,73.41999816894531,73.5083999633789,13662,0.0,0.0,0.0
2023-05-31 15:30:00-04:00,73.49099731445312,73.58799743652344,73.49099731445312,73.5,18045,0.0,0.0,0.0
2023-06-01 09:30:00-04:00,73.9000015258789,74.08000183105469,73.82099914550781,74.0199966430664,29074,0.0,0.0,0.0
2023-06-01 10:30:00-04:00,74.05680084228516,74.31800079345703,74.03610229492188,74.29499816894531,27350,0.0,0.0,0.0
2023-06-01 11:30:00-04:00,74.30480194091797,74.45999908447266,74.30480194091797,74.43699645996094,25068,0.0,0.0,0.0
2023-06-01 12:30:00-04:00,74.4489974975586,74.5,74.41000366210938,74.48500061035156,20449,0.0,0.0,0.0
2023-06-01 13:30:00-04:00,74.45999908447266,74.55940246582031,74.45999908447266,74.55940246582031,14265,0.0,0.0,0.0
2023-06-01 14:30:00-04:00,74.52999877929688,74.55999755859375,74.5,74.55000305175781,143918,0.0,0.0,0.0
2023-06-01 15:30:00-04:00,74.55000305175781,74.55560302734375,74.43000030517578,74.47000122070312,49652,0.0,0.0,0.0
2023-06-02 09:30:00-04:00,75.18000030517578,75.26000213623047,75.0199966430664,75.05010223388672,33804,0.0,0.0,0.0
2023-06-02 10:30:00-04:00,75.08989715576172,75.2699966430664,75.02999877929688,75.2698974609375,35461,0.0,0.0,0.0
2023-06-02 11:30:00-04:00,75.2300033569336,75.23999786376953,75.12000274658203,75.16999816894531,40847,0.0,0.0,0.0
2023-06-02 12:30:00-04:00,75.19000244140625,75.27999877929688,75.19000244140625,75.27999877929688,25943,0.0,0.0,0.0
2023-06-02 13:30:00-04:00,75.28500366210938,75.28500366210938,75.20989990234375,75.25499725341797,32928,0.0,0.0,0.0
2023-06-02 14:30:00-04:00,75.30999755859375,75.3499984741211,75.27780151367188,75.28410339355469,20616,0.0,0.0,0.0
2023-06-02 15:30:00-04:00,75.29000091552734,75.36000061035156,75.28500366210938,75.33000183105469,22203,0.0,0.0,0.0
2023-06-05 09:30:00-04:00,75.0999984741211,75.34989929199219,75.02999877929688,75.0999984741211,35645,0.0,0.0,0.0
2023-06-05 10:30:00-04:00,75.10549926757812,75.18000030517578,75.02999877929688,75.08989715576172,31629,0.0,0.0,0.0
2023-06-05 11:30:00-04:00,75.08000183105469,75.2698974609375,75.03500366210938,75.2300033569336,35185,0.0,0.0,0.0
2023-06-05 12:30:00-04:00,75.22000122070312,75.25,75.10209655761719,75.10209655761719,24466,0.0,0.0,0.0
2023-06-05 13:30:00-04:00,75.11499786376953,75.16999816894531,75.08999633789062,75.12999725341797,27965,0.0,0.0,0.0
2023-06-05 14:30:00-04:00,75.12840270996094,75.12840270996094,74.98999786376953,75.02680206298828,22361,0.0,0.0,0.0
2023-06-05 15:30:00-04:00,75.05999755859375,75.08000183105469,75.0,75.01000213623047,20403,0.0,0.0,0.0
2023-06-06 09:30:00-04:00,75.29000091552734,75.42500305175781,75.22000122070312,75.33000183105469,34404,0.0,0.0,0.0
2023-06-06 10:30:00-04:00,75.38500213623047,75.48030090332031,75.3499984741211,75.39219665527344,39943,0.0,0.0,0.0
2023-06-06 11:30:00-04:00,75.43000030517578,75.55999755859375,75.4209976196289,75.45999908447266,47561,0.0,0.0,0.0
2023-06-06 12:30:00-04:00,75.49330139160156,75.52660369873047,75.38839721679688,75.44000244140625,17110,0.0,0.0,0.0
2023-06-06 13:30:00-04:00,75.44999694824219,75.49949645996094,75.3749008178711,75.47329711914062,17163,0.0,0.0,0.0
2023-06-06 14:30:00-04:00,75.51499938964844,75.58000183105469,75.45999908447266,75.54499816894531,27485,0.0,0.0,0.0
2023-06-06 15:30:00-04:00,75.55500030517578,75.5999984741211,75.48999786376953,75.56999969482422,0,0.0,0.0,0.0
2023-06-07 09:30:00-04:00,75.44999694824219,75.55989837646484,75.19000244140625,75.19139862060547,36301,0.0,0.0,0.0
2023-06-07 10:30:00-04:00,75.21309661865234,75.22319793701172,74.97139739990234,75.08499908447266,21013,0.0,0.0,0.0
2023-06-07 11:30:00-04:00,75.1135025024414,75.12809753417969,74.9000015258789,74.9000015258789,21700,0.0,0.0,0.0
2023-06-07 12:30:00-04:00,74.89849853515625,74.9800033569336,74.80000305175781,74.83000183105469,32615,0.0,0.0,0.0
2023-06-07 13:30:00-04:00,74.80000305175781,74.96959686279297,74.79010009765625,74.93499755859375,21413,0.0,0.0,0.0
2023-06-07 14:30:00-04:00,74.93900299072266,74.993896484375,74.88099670410156,74.97000122070312,29512,0.0,0.0,0.0
2023-06-07 15:30:00-04:00,74.95500183105469,74.98999786376953,74.83000183105469,74.87000274658203,0,0.0,0.0,0.0
2023-06-08 09:30:00-04:00,75.02999877929688,75.17320251464844,74.93000030517578,75.17320251464844,31449,0.0,0.0,0.0
2023-06-08 10:30:00-04:00,75.19999694824219,75.26000213623047,75.1500015258789,75.26000213623047,23403,0.0,0.0,0.0
2023-06-08 11:30:00-04:00,75.2699966430664,75.4198989868164,75.19000244140625,75.36000061035156,22824,0.0,0.0,0.0
2023-06-08 12:30:00-04:00,75.3499984741211,75.37000274658203,75.29000091552734,75.29000091552734,14309,0.0,0.0,0.0
2023-06-08 13:30:00-04:00,75.31320190429688,75.36000061035156,75.26000213623047,75.3499984741211,15249,0.0,0.0,0.0
2023-06-08 14:30:00-04:00,75.36000061035156,75.4166030883789,75.3499984741211,75.37999725341797,39754,0.0,0.0,0.0
2023-06-08 15:30:00-04:00,75.39600372314453,75.45220184326172,75.3823013305664,75.41999816894531,14545,0.0,0.0,0.0
2023-06-09 09:30:00-04:00,75.33000183105469,75.33000183105469,75.13999938964844,75.23999786376953,0,0.0,0.0,0.0
2023-06-09 10:30:00-04:00,75.2333984375,75.26000213623047,75.08999633789062,75.08999633789062,22088,0.0,0.0,0.0
2023-06-09 11:30:00-04:00,75.06999969482422,75.10990142822266,74.9800033569336,75.0199966430664,47447,0.0,0.0,0.0
2023-06-09 12:30:00-04:00,75.01499938964844,75.12000274658203,75.00499725341797,75.0999984741211,19734,0.0,0.0,0.0
2023-06-09 13:30:00-04:00,75.12999725341797,75.22000122070312,75.11380004882812,75.16999816894531,21631,0.0,0.0,0.0
2023-06-09 14:30:00-04:00,75.1500015258789,75.16999816894531,75.0999984741211,75.13500213623047,35310,0.0,0.0,0.0
2023-06-09 15:30:00-04:00,75.13999938964844,75.16999816894531,75.08999633789062,75.12999725341797,36487,0.0,0.0,0.0
2023-06-12 09:30:00-04:00,75.41000366210938,75.41000366210938,75.15290069580078,75.19989776611328,21299,0.0,0.0,0.0
2023-06-12 10:30:00-04:00,75.16999816894531,75.2300033569336,75.12999725341797,75.18000030517578,30476,0.0,0.0,0.0
2023-06-12 11:30:00-04:00,75.18000030517578,75.23999786376953,75.13999938964844,75.18000030517578,28094,0.0,0.0,0.0
2023-06-12 12:30:00-04:00,75.18000030517578,75.20999908447266,75.16000366210938,75.17500305175781,30776,0.0,0.0,0.0
2023-06-12 13:30:00-04:00,75.18000030517578,75.24759674072266,75.13999938964844,75.22000122070312,31761,0.0,0.0,0.0
2023-06-12 14:30:00-04:00,75.22460174560547,75.4000015258789,75.20999908447266,75.3499984741211,33303,0.0,0.0,0.0
2023-06-12 15:30:00-04:00,75.37000274658203,75.41999816894531,75.3499984741211,75.37999725341797,17272,0.0,0.0,0.0
2023-06-13 09:30:00-04:00,76.06999969482422,76.12999725341797,75.91000366210938,76.08999633789062,58509,0.0,0.0,0.0
2023-06-13 10:30:00-04:00,76.08999633789062,76.16999816894531,76.05000305175781,76.05000305175781,40387,0.0,0.0,0.0
2023-06-13 11:30:00-04:00,76.05249786376953,76.06999969482422,75.91000366210938,76.06999969482422,29719,0.0,0.0,0.0
2023-06-13 12:30:00-04:00,76.06500244140625,76.11000061035156,76.03500366210938,76.05999755859375,19632,0.0,0.0,0.0
2023-06-13 13:30:00-04:00,76.0416030883789,76.0416030883789,75.9000015258789,75.9000015258789,19369,0.0,0.0,0.0
2023-06-13 14:30:00-04:00,75.91999816894531,75.9800033569336,75.85050201416016,75.94000244140625,28516,0.0,0.0,0.0
2023-06-13 15:30:00-04:00,75.94999694824219,76.0,75.93900299072266,75.9800033569336,0,0.0,0.0,0.0
2023-06-14 09:30:00-04:00,76.05999755859375,76.16999816894531,76.01000213623047,76.13999938964844,47222,0.0,0.0,0.0
2023-06-14 10:30:00-04:00,76.14320373535156,76.28939819335938,76.125,76.27999877929688,34200,0.0,0.0,0.0
2023-06-14 11:30:00-04:00,76.29000091552734,76.30999755859375,76.1720962524414,76.30000305175781,17786,0.0,0.0,0.0
2023-06-14 12:30:00-04:00,76.30000305175781,76.30000305175781,76.1500015258789,76.1500015258789,19942,0.0,0.0,0.0
2023-06-14 13:30:00-04:00,76.15869903564453,76.16999816894531,75.58999633789062,75.70999908447266,27242,0.0,0.0,0.0
2023-06-14 14:30:00-04:00,75.69889831542969,76.1449966430664,75.6510009765625,76.04000091552734,36918,0.0,0.0,0.0
2023-06-14 15:30:00-04:00,75.90239715576172,76.02989959716797,75.81999969482422,75.97000122070312,0,0.0,0.0,0.0
2023-06-15 09:30:00-04:00,75.91000366210938,76.20999908447266,75.75,76.16000366210938,44172,0.0,0.0,0.0
2023-06-15 10:30:00-04:00,76.19000244140625,76.29940032958984,76.12999725341797,76.2750015258789,12027,0.0,0.0,0.0
2023-06-15 11:30:00-04:00,76.29499816894531,76.40959930419922,76.25499725341797,76.40160369873047,41205,0.0,0.0,0.0
2023-06-15 12:30:00-04:00,76.40160369873047,76.43000030517578,76.34490203857422,76.40969848632812,12968,0.0,0.0,0.0
2023-06-15 13:30:00-04:00,76.38999938964844,76.47679901123047,76.37000274658203,76.45999908447266,22856,0.0,0.0,0.0
2023-06-15 14:30:00-04:00,76.46600341796875,76.58999633789062,76.45999908447266,76.54000091552734,30992,0.0,0.0,0.0
2023-06-15 15:30:00-04:00,76.58000183105469,76.58999633789062,76.48999786376953,76.54000091552734,26080,0.0,0.0,0.0
2023-06-16 09:30:00-04:00,76.9800033569336,77.0,76.76000213623047,76.83000183105469,30353,0.0,0.0,0.0
2023-06-16 10:30:00-04:00,76.83000183105469,76.86499786376953,76.63999938964844,76.66999816894531,31060,0.0,0.0,0.0
2023-06-16 11:30:00-04:00,76.66999816894531,76.68499755859375,76.55999755859375,76.67310333251953,45747,0.0,0.0,0.0
2023-06-16 12:30:00-04:00,76.66999816894531,76.76000213623047,76.66000366210938,76.69000244140625,32797,0.0,0.0,0.0
2023-06-16 13:30:00-04:00,76.70999908447266,76.70999908447266,76.63999938964844,76.6500015258789,22230,0.0,0.0,0.0
2023-06-16 14:30:00-04:00,76.66500091552734,76.66500091552734,76.4800033569336,76.5199966430664,43418,0.0,0.0,0.0
2023-06-16 15:30:00-04:00,76.5199966430664,76.55000305175781,76.43000030517578,76.45999908447266,31982,0.0,0.0,0.0
2023-06-20 09:30:00-04:00,75.12000274658203,75.12000274658203,74.69000244140625,74.7083969116211,55612,0.0,0.0,0.0
2023-06-20 10:30:00-04:00,74.69239807128906,74.80400085449219,74.68000030517578,74.73259735107422,24070,0.0,0.0,0.0
2023-06-20 11:30:00-04:00,74.69999694824219,74.86119842529297,74.69000244140625,74.83999633789062,25423,0.0,0.0,0.0
2023-06-20 12:30:00-04:00,74.87999725341797,74.98999786376953,74.87680053710938,74.96499633789062,22717,0.0,0.0,0.0
2023-06-20 13:30:00-04:00,74.97160339355469,74.98799896240234,74.9000015258789,74.95999908447266,34996,0.0,0.0,0.0
2023-06-20 14:30:00-04:00,74.94999694824219,74.95970153808594,74.87999725341797,74.9000015258789,42556,0.0,0.0,0.0
2023-06-20 15:30:00-04:00,74.9000015258789,74.91999816894531,74.80999755859375,74.80999755859375,0,0.0,0.0,0.0
2023-06-21 09:30:00-04:00,74.6500015258789,74.69999694824219,74.5,74.69999694824219,28721,0.0,0.0,0.0
2023-06-21 10:30:00-04:00,74.73999786376953,74.7699966430664,74.55999755859375,74.63999938964844,19503,0.0,0.0,0.0
2023-06-21 11:30:00-04:00,74.68499755859375,74.81500244140625,74.67440032958984,74.80999755859375,21752,0.0,0.0,0.0
2023-06-21 12:30:00-04:00,74.83989715576172,74.84960174560547,74.75,74.77999877929688,26036,0.0,0.0,0.0
2023-06-21 13:30:00-04:00,74.77999877929688,74.9800033569336,74.77999877929688,74.97000122070312,15779,0.0,0.0,0.0
2023-06-21 14:30:00-04:00,74.98500061035156,74.9999008178711,74.88480377197266,74.88480377197266,27104,0.0,0.0,0.0
2023-06-21 15:30:00-04:00,74.89990234375,74.89990234375,74.80000305175781,74.80999755859375,30694,0.0,0.0,0.0
2023-06-22 09:30:00-04:00,74.31999969482422,74.48909759521484,74.27999877929688,74.44999694824219,57973,0.0,0.0,0.0
2023-06-22 10:30:00-04:00,74.44999694824219,74.44999694824219,74.30000305175781,74.33000183105469,36270,0.0,0.0,0.0
2023-06-22 11:30:00-04:00,74.31999969482422,74.48979949951172,74.31999969482422,74.40239715576172,33821,0.0,0.0,0.0
2023-06-22 12:30:00-04:00,74.41000366210938,74.44000244140625,74.3499984741211,74.37999725341797,17971,0.0,0.0,0.0
2023-06-22 13:30:00-04:00,74.375,74.49500274658203,74.36399841308594,74.48999786376953,35623,0.0,0.0,0.0
2023-06-22 14:30:00-04:00,74.4800033569336,74.52999877929688,74.43000030517578,74.44999694824219,48899,0.0,0.0,0.0
2023-06-22 15:30:00-04:00,74.41999816894531,74.48999786376953,74.3949966430664,74.47000122070312,72629,0.0,0.0,0.0
2023-06-23 09:30:00-04:00,73.68000030517578,73.80999755859375,73.51000213623047,73.80000305175781,121640,0.0,0.0,0.0
2023-06-23 10:30:00-04:00,73.7959976196289,73.87000274658203,73.62000274658203,73.63990020751953,17752,0.0,0.0,0.0
2023-06-23 11:30:00-04:00,73.66999816894531,73.81999969482422,73.66000366210938,73.78500366210938,19394,0.0,0.0,0.0
2023-06-23 12:30:00-04:00,73.80999755859375,73.8499984741211,73.75,73.8499984741211,19485,0.0,0.0,0.0
2023-06-23 13:30:00-04:00,73.85780334472656,73.88999938964844,73.75630187988281,73.7750015258789,21271,0.0,0.0,0.0
2023-06-23 14:30:00-04:00,73.77629852294922,73.77999877929688,73.625,73.68000030517578,23466,0.0,0.0,0.0
2023-06-23 15:30:00-04:00,73.69000244140625,73.73999786376953,73.6500015258789,73.7300033569336,35757,0.0,0.0,0.0
2023-06-26 09:30:00-04:00,73.76000213623047,73.7698974609375,73.62999725341797,73.69999694824219,29512,0.0,0.0,0.0
2023-06-26 10:30:00-04:00,73.70500183105469,73.7385025024414,73.63999938964844,73.69000244140625,69266,0.0,0.0,0.0
2023-06-26 11:30:00-04:00,73.69999694824219,73.75990295410156,73.66999816894531,73.70999908447266,42772,0.0,0.0,0.0
2023-06-26 12:30:00-04:00,73.7040023803711,73.77999877929688,73.68000030517578,73.75,21236,0.0,0.0,0.0
2023-06-26 13:30:00-04:00,73.77999877929688,73.81999969482422,73.71420288085938,73.73999786376953,28630,0.0,0.0,0.0
2023-06-26 14:30:00-04:00,73.77999877929688,73.83000183105469,73.7300033569336,73.79000091552734,32370,0.0,0.0,0.0
2023-06-26 15:30:00-04:00,73.77999877929688,73.80760192871094,73.69000244140625,73.7300033569336,0,0.0,0.0,0.0
2023-06-27 09:30:00-04:00,73.75,73.8333969116211,73.5521011352539,73.69499969482422,90058,0.0,0.0,0.0
2023-06-27 10:30:00-04:00,73.70570373535156,73.80999755859375,73.68199920654297,73.80999755859375,17247,0.0,0.0,0.0
2023-06-27 11:30:00-04:00,73.81999969482422,73.86969757080078,73.77999877929688,73.8550033569336,31120,0.0,0.0,0.0
2023-06-27 12:30:00-04:00,73.8499984741211,73.989501953125,73.83499908447266,73.96160125732422,21921,0.0,0.0,0.0
2023-06-27 13:30:00-04:00,73.97000122070312,74.04000091552734,73.95999908447266,74.0199966430664,47048,0.0,0.0,0.0
2023-06-27 14:30:00-04:00,74.02030181884766,74.19760131835938,74.0199966430664,74.1417007446289,36277,0.0,0.0,0.0
2023-06-27 15:30:00-04:00,74.15270233154297,74.18000030517578,74.11000061035156,74.13999938964844,34315,0.0,0.0,0.0
2023-06-28 09:30:00-04:00,74.19999694824219,74.26000213623047,74.1050033569336,74.21690368652344,26777,0.0,0.0,0.0
2023-06-28 10:30:00-04:00,74.23999786376953,74.30000305175781,74.05000305175781,74.29000091552734,20033,0.0,0.0,0.0
2023-06-28 11:30:00-04:00,74.27259826660156,74.38999938964844,74.23999786376953,74.37000274658203,19833,0.0,0.0,0.0
2023-06-28 12:30:00-04:00,74.36000061035156,74.36000061035156,74.19999694824219,74.33499908447266,19648,0.0,0.0,0.0
2023-06-28 13:30:00-04:00,74.3479995727539,74.37000274658203,74.23999786376953,74.34500122070312,19520,0.0,0.0,0.0
2023-06-28 14:30:00-04:00,74.3499984741211,74.36720275878906,74.26000213623047,74.27069854736328,43746,0.0,0.0,0.0
2023-06-28 15:30:00-04:00,74.26000213623047,74.31999969482422,74.26000213623047,74.30999755859375,0,0.0,0.0,0.0
2023-06-29 09:30:00-04:00,73.91999816894531,74.05999755859375,73.8499984741211,74.05000305175781,29708,0.0,0.0,0.0
2023-06-29 10:30:00-04:00,74.02999877929688,74.07990264892578,73.94499969482422,74.05000305175781,14387,0.0,0.0,0.0
2023-06-29 11:30:00-04:00,74.05480194091797,74.1050033569336,74.0062026977539,74.1050033569336,24128,0.0,0.0,0.0
2023-06-29 12:30:00-04:00,74.08999633789062,74.11000061035156,74.0,74.04859924316406,17690,0.0,0.0,0.0
2023-06-29 13:30:00-04:00,74.05999755859375,74.05999755859375,73.93499755859375,74.02999877929688,36041,0.0,0.0,0.0
2023-06-29 14:30:00-04:00,74.0199966430664,74.11000061035156,74.0,74.08499908447266,34453,0.0,0.0,0.0
2023-06-29 15:30:00-04:00,74.08499908447266,74.12999725341797,74.0199966430664,74.12999725341797,0,0.0,0.0,0.0
2023-06-30 09:30:00-04:00,74.80000305175781,75.0999984741211,74.75,75.06590270996094,63254,0.0,0.0,0.0
2023-06-30 10:30:00-04:00,75.05999755859375,75.05999755859375,74.91000366210938,74.91000366210938,13059,0.0,0.0,0.0
2023-06-30 11:30:00-04:00,74.9092025756836,75.0199966430664,74.9000015258789,75.0199966430664,19408,0.0,0.0,0.0
2023-06-30 12:30:00-04:00,75.04000091552734,75.16999816894531,75.03009796142578,75.13800048828125,51814,0.0,0.0,0.0
2023-06-30 13:30:00-04:00,75.13999938964844,75.16999816894531,75.08000183105469,75.16999816894531,12750,0.0,0.0,0.0
2023-06-30 14:30:00-04:00,75.14199829101562,75.17990112304688,75.08660125732422,75.12000274658203,23252,0.0,0.0,0.0
2023-06-30 15:30:00-04:00,75.13899993896484,75.14700317382812,75.0625991821289,75.08999633789062,20680,0.0,0.0,0.0
2023-07-03 09:30:00-04:00,75.08999633789062,75.12000274658203,74.91000366210938,74.9854965209961,57136,0.0,0.0,0.0
2023-07-03 10:30:00-04:00,75.0199966430664,75.05000305175781,74.88999938964844,74.91999816894531,23167,0.0,0.0,0.0
2023-07-03 11:30:00-04:00,74.91999816894531,75.01000213623047,74.87000274658203,75.0,35158,0.0,0.0,0.0
2023-07-05 09:30:00-04:00,74.55999755859375,74.55999755859375,74.41179656982422,74.45919799804688,46827,0.0,0.0,0.0
2023-07-05 10:30:00-04:00,74.44000244140625,74.47000122070312,74.3489990234375,74.43879699707031,17959,0.0,0.0,0.0
2023-07-05 11:30:00-04:00,74.45480346679688,74.49929809570312,74.3511962890625,74.37000274658203,21393,0.0,0.0,0.0
2023-07-05 12:30:00-04:00,74.38999938964844,74.39739990234375,74.3384017944336,74.37999725341797,13620,0.0,0.0,0.0
2023-07-05 13:30:00-04:00,74.37999725341797,74.42759704589844,74.2750015258789,74.2916030883789,23558,0.0,0.0,0.0
2023-07-05 14:30:00-04:00,74.30979919433594,74.37999725341797,74.30000305175781,74.33429718017578,35244,0.0,0.0,0.0
2023-07-05 15:30:00-04:00,74.3499984741211,74.38520050048828,74.33000183105469,74.37000274658203,0,0.0,0.0,0.0
2023-07-06 09:30:00-04:00,73.54000091552734,73.54000091552734,73.0,73.0,34042,0.0,0.0,0.0
2023-07-06 10:30:00-04:00,72.9740982055664,73.05940246582031,72.91999816894531,72.99960327148438,32284,0.0,0.0,0.0
2023-07-06 11:30:00-04:00,73.0,73.20999908447266,73.0,73.1500015258789,22692,0.0,0.0,0.0
2023-07-06 12:30:00-04:00,73.1500015258789,73.26000213623047,73.11000061035156,73.2300033569336,21026,0.0,0.0,0.0
2023-07-06 13:30:00-04:00,73.2300033569336,73.27490234375,73.17680358886719,73.19779968261719,31919,0.0,0.0,0.0
2023-07-06 14:30:00-04:00,73.19999694824219,73.27999877929688,73.18000030517578,73.18000030517578,58646,0.0,0.0,0.0
2023-07-06 15:30:00-04:00,73.18000030517578,73.2699966430664,73.16999816894531,73.2300033569336,0,0.0,0.0,0.0
2023-07-07 09:30:00-04:00,73.19000244140625,73.3499984741211,73.11000061035156,73.31999969482422,43371,0.0,0.0,0.0
2023-07-07 10:30:00-04:00,73.27999877929688,73.50900268554688,73.27999877929688,73.36900329589844,35124,0.0,0.0,0.0
2023-07-07 11:30:00-04:00,73.37000274658203,73.52999877929688,73.35209655761719,73.52999877929688,45566,0.0,0.0,0.0
2023-07-07 12:30:00-04:00,73.54000091552734,73.69999694824219,73.52999877929688,73.69000244140625,28482,0.0,0.0,0.0
2023-07-07 13:30:00-04:00,73.66999816894531,73.68160247802734,73.54000091552734,73.6072998046875,24445,0.0,0.0,0.0
2023-07-07 14:30:00-04:00,73.59500122070312,73.62000274658203,73.44999694824219,73.48899841308594,15175,0.0,0.0,0.0
2023-07-07 15:30:00-04:00,73.4800033569336,73.5,73.33000183105469,73.33000183105469,37356,0.0,0.0,0.0
2023-07-10 09:30:00-04:00,73.37000274658203,73.72000122070312,73.37000274658203,73.5999984741211,31504,0.0,0.0,0.0
2023-07-10 10:30:00-04:00,73.60199737548828,73.62000274658203,73.51000213623047,73.5999984741211,27630,0.0,0.0,0.0
2023-07-10 11:30:00-04:00,73.58000183105469,73.63809967041016,73.51499938964844,73.62999725341797,81970,0.0,0.0,0.0
2023-07-10 12:30:00-04:00,73.62999725341797,73.69000244140625,73.58679962158203,73.69000244140625,22061,0.0,0.0,0.0
2023-07-10 13:30:00-04:00,73.69999694824219,73.72000122070312,73.65249633789062,73.70980072021484,22279,0.0,0.0,0.0
2023-07-10 14:30:00-04:00,73.72000122070312,73.72000122070312,73.68000030517578,73.69000244140625,17343,0.0,0.0,0.0
2023-07-10 15:30:00-04:00,73.70989990234375,73.70999908447266,73.66000366210938,73.70999908447266,0,0.0,0.0,0.0
2023-07-11 09:30:00-04:00,74.01000213623047,74.01000213623047,73.75,73.86289978027344,38623,0.0,0.0,0.0
2023-07-11 10:30:00-04:00,73.84960174560547,73.93000030517578,73.78939819335938,73.88500213623047,19494,0.0,0.0,0.0
2023-07-11 11:30:00-04:00,73.88500213623047,73.97000122070312,73.86509704589844,73.93000030517578,20710,0.0,0.0,0.0
2023-07-11 12:30:00-04:00,73.90399932861328,73.99960327148438,73.87220001220703,73.9749984741211,17607,0.0,0.0,0.0
2023-07-11 13:30:00-04:00,73.9749984741211,74.0,73.9000015258789,73.93000030517578,28492,0.0,0.0,0.0
2023-07-11 14:30:00-04:00,73.94999694824219,74.06420135498047,73.92009735107422,74.06420135498047,21115,0.0,0.0,0.0
2023-07-11 15:30:00-04:00,74.05740356445312,74.16000366210938,74.01000213623047,74.13999938964844,21428,0.0,0.0,0.0
2023-07-12 09:30:00-04:00,74.68000030517578,75.0,74.62999725341797,74.99320220947266,62621,0.0,0.0,0.0
2023-07-12 10:30:00-04:00,75.05000305175781,75.24800109863281,75.02999877929688,75.23999786376953,14225,0.0,0.0,0.0
2023-07-12 11:30:00-04:00,75.2427978515625,75.2490005493164,75.05999755859375,75.1449966430664,24048,0.0,0.0,0.0
2023-07-12 12:30:00-04:00,75.1500015258789,75.24259948730469,75.14080047607422,75.22000122070312,25212,0.0,0.0,0.0
2023-07-12 13:30:00-04:00,75.23999786376953,75.29290008544922,75.20369720458984,75.29129791259766,18436,0.0,0.0,0.0
2023-07-12 14:30:00-04:00,75.29039764404297,75.31999969482422,74.9000015258789,75.11000061035156,400503,0.0,0.0,0.0
2023-07-12 15:30:00-04:00,75.12999725341797,75.19999694824219,75.12000274658203,75.19000244140625,16863,0.0,0.0,0.0
2023-07-13 09:30:00-04:00,75.86000061035156,76.03399658203125,75.81999969482422,75.94999694824219,21264,0.0,0.0,0.0
2023-07-13 10:30:00-04:00,75.93499755859375,76.08499908447266,75.93499755859375,76.00499725341797,17537,0.0,0.0,0.0
2023-07-13 11:30:00-04:00,76.0,76.08999633789062,75.95999908447266,76.07499694824219,33861,0.0,0.0,0.0
2023-07-13 12:30:00-04:00,76.08499908447266,76.12999725341797,76.05000305175781,76.12999725341797,46969,0.0,0.0,0.0
2023-07-13 13:30:00-04:00,76.10009765625,76.19999694824219,76.08999633789062,76.13999938964844,41166,0.0,0.0,0.0
2023-07-13 14:30:00-04:00,76.16000366210938,76.25,76.1500015258789,76.20999908447266,55321,0.0,0.0,0.0
2023-07-13 15:30:00-04:00,76.20999908447266,76.25,76.15699768066406,76.18000030517578,43422,0.0,0.0,0.0
2023-07-14 09:30:00-04:00,76.26000213623047,76.3644027709961,76.18000030517578,76.20999908447266,47849,0.0,0.0,0.0
2023-07-14 10:30:00-04:00,76.2300033569336,76.31999969482422,76.20500183105469,76.30139923095703,15692,0.0,0.0,0.0
2023-07-14 11:30:00-04:00,76.30999755859375,76.30999755859375,76.1500015258789,76.18000030517578,17783,0.0,0.0,0.0
2023-07-14 12:30:00-04:00,76.14360046386719,76.19999694824219,76.12000274658203,76.18229675292969,16041,0.0,0.0,0.0
2023-07-14 13:30:00-04:00,76.19999694824219,76.23999786376953,76.15879821777344,76.19000244140625,66986,0.0,0.0,0.0
2023-07-14 14:30:00-04:00,76.1989974975586,76.22000122070312,76.11499786376953,76.1500015258789,19548,0.0,0.0,0.0
2023-07-14 15:30:00-04:00,76.1500015258789,76.18000030517578,76.08070373535156,76.13999938964844,48806,0.0,0.0,0.0
2023-07-17 09:30:00-04:00,75.9800033569336,76.12999725341797,75.80999755859375,76.06999969482422,29790,0.0,0.0,0.0
2023-07-17 10:30:00-04:00,76.08000183105469,76.13999938964844,76.02760314941406,76.11000061035156,16287,0.0,0.0,0.0
2023-07-17 11:30:00-04:00,76.0999984741211,76.16000366210938,76.08000183105469,76.11499786376953,32556,0.0,0.0,0.0
2023-07-17 12:30:00-04:00,76.13999938964844,76.16439819335938,76.10189819335938,76.10189819335938,10627,0.0,0.0,0.0
2023-07-17 13:30:00-04:00,76.1050033569336,76.16999816894531,76.0801010131836,76.12999725341797,16742,0.0,0.0,0.0
2023-07-17 14:30:00-04:00,76.1500015258789,76.23999786376953,76.12010192871094,76.20600128173828,23097,0.0,0.0,0.0
2023-07-17 15:30:00-04:00,76.20860290527344,76.22560119628906,76.13999938964844,76.16000366210938,0,0.0,0.0,0.0
2023-07-18 09:30:00-04:00,76.43000030517578,76.68550109863281,76.40039825439453,76.68550109863281,26633,0.0,0.0,0.0
2023-07-18 10:30:00-04:00,76.71430206298828,76.88269805908203,76.69499969482422,76.79000091552734,9818,0.0,0.0,0.0
2023-07-18 11:30:00-04:00,76.73999786376953,76.785400390625,76.69000244140625,76.73999786376953,46095,0.0,0.0,0.0
2023-07-18 12:30:00-04:00,76.71009826660156,76.72000122070312,76.59190368652344,76.63800048828125,12821,0.0,0.0,0.0
2023-07-18 13:30:00-04:00,76.64669799804688,76.7654037475586,76.62000274658203,76.75,34441,0.0,0.0,0.0
2023-07-18 14:30:00-04:00,76.75499725341797,76.81999969482422,76.7300033569336,76.79000091552734,34260,0.0,0.0,0.0
2023-07-18 15:30:00-04:00,76.80000305175781,76.83000183105469,76.76000213623047,76.80999755859375,0,0.0,0.0,0.0
2023-07-19 09:30:00-04:00,76.88999938964844,77.05999755859375,76.77420043945312,76.77420043945312,33481,0.0,0.0,0.0
2023-07-19 10:30:00-04:00,76.75,76.77999877929688,76.6500015258789,76.7300033569336,17159,0.0,0.0,0.0
2023-07-19 11:30:00-04:00,76.72000122070312,76.72000122070312,76.37999725341797,76.62999725341797,36583,0.0,0.0,0.0
2023-07-19 12:30:00-04:00,76.62000274658203,76.70960235595703,76.58999633789062,76.70960235595703,86115,0.0,0.0,0.0
2023-07-19 13:30:00-04:00,76.72989654541016,76.72989654541016,76.6500015258789,76.68000030517578,37670,0.0,0.0,0.0
2023-07-19 14:30:00-04:00,76.68000030517578,76.83000183105469,76.68000030517578,76.80000305175781,32991,0.0,0.0,0.0
2023-07-19 15:30:00-04:00,76.80000305175781,76.80000305175781,76.70999908447266,76.77999877929688,0,0.0,0.0,0.0
2023-07-20 09:30:00-04:00,76.62000274658203,76.62000274658203,76.2300033569336,76.24500274658203,30482,0.0,0.0,0.0
2023-07-20 10:30:00-04:00,76.23999786376953,76.4301986694336,76.22000122070312,76.4072036743164,25513,0.0,0.0,0.0
2023-07-20 11:30:00-04:00,76.33999633789062,76.36900329589844,76.1863021850586,76.20999908447266,62396,0.0,0.0,0.0
2023-07-20 12:30:00-04:00,76.17500305175781,76.30269622802734,76.11499786376953,76.29000091552734,39041,0.0,0.0,0.0
2023-07-20 13:30:00-04:00,76.29640197753906,76.31999969482422,76.13169860839844,76.13500213623047,61463,0.0,0.0,0.0
2023-07-20 14:30:00-04:00,76.11000061035156,76.19499969482422,76.05999755859375,76.06829833984375,27246,0.0,0.0,0.0
2023-07-20 15:30:00-04:00,76.08999633789062,76.16999816894531,76.06999969482422,76.16999816894531,0,0.0,0.0,0.0
2023-07-21 09:30:00-04:00,76.30000305175781,76.3499984741211,76.1500015258789,76.20999908447266,25455,0.0,0.0,0.0
2023-07-21 10:30:00-04:00,76.22000122070312,76.37860107421875,76.22000122070312,76.33000183105469,17013,0.0,0.0,0.0
2023-07-21 11:30:00-04:00,76.33999633789062,76.3550033569336,76.2699966430664,76.31500244140625,21455,0.0,0.0,0.0
2023-07-21 12:30:00-04:00,76.30850219726562,76.37999725341797,76.25,76.36319732666016,24050,0.0,0.0,0.0
2023-07-21 13:30:00-04:00,76.33999633789062,76.40989685058594,76.33999633789062,76.3499984741211,24900,0.0,0.0,0.0
2023-07-21 14:30:00-04:00,76.35070037841797,76.38999938964844,76.23999786376953,76.25,25824,0.0,0.0,0.0
2023-07-21 15:30:00-04:00,76.30000305175781,76.33000183105469,76.25,76.2699966430664,9918,0.0,0.0,0.0
2023-07-24 09:30:00-04:00,76.11000061035156,76.17130279541016,75.9749984741211,76.04000091552734,28190,0.0,0.0,0.0
2023-07-24 10:30:00-04:00,76.04000091552734,76.20999908447266,76.04000091552734,76.16000366210938,19087,0.0,0.0,0.0
2023-07-24 11:30:00-04:00,76.1885986328125,76.22000122070312,76.12999725341797,76.16999816894531,39376,0.0,0.0,0.0
2023-07-24 12:30:00-04:00,76.16999816894531,76.20760345458984,76.16000366210938,76.16999816894531,18269,0.0,0.0,0.0
2023-07-24 13:30:00-04:00,76.16999816894531,76.17220306396484,76.0999984741211,76.12000274658203,11634,0.0,0.0,0.0
2023-07-24 14:30:00-04:00,76.1322021484375,76.1322021484375,76.03260040283203,76.03260040283203,27769,0.0,0.0,0.0
2023-07-24 15:30:00-04:00,76.01580047607422,76.06449890136719,76.01000213623047,76.05999755859375,0,0.0,0.0,0.0
2023-07-25 09:30:00-04:00,75.86000061035156,76.08999633789062,75.83999633789062,76.05680084228516,33923,0.0,0.0,0.0
2023-07-25 10:30:00-04:00,76.04499816894531,76.16000366210938,75.9800033569336,76.12999725341797,17709,0.0,0.0,0.0
2023-07-25 11:30:00-04:00,76.13999938964844,76.2300033569336,76.12999725341797,76.18000030517578,24174,0.0,0.0,0.0
2023-07-25 12:30:00-04:00,76.16999816894531,76.16999816894531,76.114501953125,76.15290069580078,27214,0.0,0.0,0.0
2023-07-25 13:30:00-04:00,76.1760025024414,76.20999908447266,76.15280151367188,76.18229675292969,27822,0.0,0.0,0.0
2023-07-25 14:30:00-04:00,76.21479797363281,76.26499938964844,76.19499969482422,76.23899841308594,32597,0.0,0.0,0.0
2023-07-25 15:30:00-04:00,76.22200012207031,76.25650024414062,76.18589782714844,76.20999908447266,35546,0.0,0.0,0.0
2023-07-26 09:30:00-04:00,75.81999969482422,75.93499755859375,75.73999786376953,75.86199951171875,23755,0.0,0.0,0.0
2023-07-26 10:30:00-04:00,75.9000015258789,76.02989959716797,75.83999633789062,75.98500061035156,9318,0.0,0.0,0.0
2023-07-26 11:30:00-04:00,76.0198974609375,76.06780242919922,75.9739990234375,76.03990173339844,23466,0.0,0.0,0.0
2023-07-26 12:30:00-04:00,76.00389862060547,76.05999755859375,75.95999908447266,75.98780059814453,11623,0.0,0.0,0.0
2023-07-26 13:30:00-04:00,75.98500061035156,76.05999755859375,75.93009948730469,75.95999908447266,16415,0.0,0.0,0.0
2023-07-26 14:30:00-04:00,75.97989654541016,76.36000061035156,75.97989654541016,76.08000183105469,21736,0.0,0.0,0.0
2023-07-26 15:30:00-04:00,76.10900115966797,76.20999908447266,76.08000183105469,76.19000244140625,0,0.0,0.0,0.0
2023-07-27 09:30:00-04:00,76.8499984741211,76.8499984741211,76.59310150146484,76.59310150146484,34548,0.0,0.0,0.0
2023-07-27 10:30:00-04:00,76.6050033569336,76.62889862060547,76.51010131835938,76.58000183105469,20680,0.0,0.0,0.0
2023-07-27 11:30:00-04:00,76.5999984741211,76.69999694824219,76.58799743652344,76.68000030517578,63158,0.0,0.0,0.0
2023-07-27 12:30:00-04:00,76.69000244140625,76.72989654541016,76.54000091552734,76.54840087890625,16599,0.0,0.0,0.0
2023-07-27 13:30:00-04:00,76.52999877929688,76.55000305175781,76.27850341796875,76.27999877929688,30199,0.0,0.0,0.0
2023-07-27 14:30:00-04:00,76.2699966430664,76.27999877929688,76.08290100097656,76.08290100097656,25930,0.0,0.0,0.0
2023-07-27 15:30:00-04:00,76.11000061035156,76.13999938964844,75.98999786376953,76.04000091552734,0,0.0,0.0,0.0
2023-07-28 09:30:00-04:00,76.3499984741211,76.55999755859375,76.2300033569336,76.42500305175781,28352,0.0,0.0,0.0
2023-07-28 10:30:00-04:00,76.42269897460938,76.55989837646484,76.38999938964844,76.55000305175781,16115,0.0,0.0,0.0
2023-07-28 11:30:00-04:00,76.5199966430664,76.5199966430664,76.41190338134766,76.43009948730469,20663,0.0,0.0,0.0
2023-07-28 12:30:00-04:00,76.44000244140625,76.44999694824219,76.2699966430664,76.30000305175781,14163,0.0,0.0,0.0
2023-07-28 13:30:00-04:00,76.29000091552734,76.34380340576172,76.20999908447266,76.33999633789062,18016,0.0,0.0,0.0
2023-07-28 14:30:00-04:00,76.33000183105469,76.41000366210938,76.30999755859375,76.33000183105469,20427,0.0,0.0,0.0
2023-07-28 15:30:00-04:00,76.37899780273438,76.38999938964844,76.30999755859375,76.33999633789062,39508,0.0,0.0,0.0
2023-07-31 09:30:00-04:00,76.5199966430664,76.73930358886719,76.48999786376953,76.68000030517578,41698,0.0,0.0,0.0
2023-07-31 10:30:00-04:00,76.73999786376953,76.79000091552734,76.6500015258789,76.7300033569336,13594,0.0,0.0,0.0
2023-07-31 11:30:00-04:00,76.71499633789062,76.72000122070312,76.60569763183594,76.65989685058594,27202,0.0,0.0,0.0
2023-07-31 12:30:00-04:00,76.6500015258789,76.6500015258789,76.58319854736328,76.6050033569336,39787,0.0,0.0,0.0
2023-07-31 13:30:00-04:00,76.61160278320312,76.63999938964844,76.52999877929688,76.57969665527344,16569,0.0,0.0,0.0
2023-07-31 14:30:00-04:00,76.58000183105469,76.58830261230469,76.49500274658203,76.51000213623047,12926,0.0,0.0,0.0
2023-07-31 15:30:00-04:00,76.5199966430664,76.5250015258789,76.44999694824219,76.5250015258789,29104,0.0,0.0,0.0
2023-08-01 09:30:00-04:00,75.9000015258789,76.04000091552734,75.77999877929688,75.83899688720703,44404,0.0,0.0,0.0
2023-08-01 10:30:00-04:00,75.82499694824219,75.88999938964844,75.60009765625,75.66580200195312,39690,0.0,0.0,0.0
2023-08-01 11:30:00-04:00,75.63999938964844,75.67680358886719,75.56999969482422,75.62000274658203,43371,0.0,0.0,0.0
2023-08-01 12:30:00-04:00,75.60820007324219,75.69159698486328,75.60820007324219,75.6449966430664,12788,0.0,0.0,0.0
2023-08-01 13:30:00-04:00,75.65499877929688,75.73999786376953,75.63999938964844,75.69319915771484,25841,0.0,0.0,0.0
2023-08-01 14:30:00-04:00,75.70999908447266,75.73999786376953,75.67430114746094,75.72000122070312,81729,0.0,0.0,0.0
2023-08-01 15:30:00-04:00,75.73899841308594,75.79000091552734,75.70999908447266,75.7699966430664,54844,0.0,0.0,0.0
2023-08-02 09:30:00-04:00,75.16000366210938,75.19999694824219,74.8031997680664,74.83000183105469,33934,0.0,0.0,0.0
2023-08-02 10:30:00-04:00,74.80500030517578,74.8499984741211,74.63999938964844,74.76000213623047,339741,0.0,0.0,0.0
2023-08-02 11:30:00-04:00,74.77410125732422,74.83999633789062,74.68000030517578,74.75,49216,0.0,0.0,0.0
2023-08-02 12:30:00-04:00,74.75,74.87830352783203,74.75,74.81999969482422,34288,0.0,0.0,0.0
2023-08-02 13:30:00-04:00,74.85549926757812,74.87000274658203,74.72000122070312,74.73999786376953,21177,0.0,0.0,0.0
2023-08-02 14:30:00-04:00,74.73999786376953,74.75,74.61000061035156,74.61000061035156,21904,0.0,0.0,0.0
2023-08-02 15:30:00-04:00,74.59980010986328,74.7300033569336,74.58000183105469,74.66999816894531,0,0.0,0.0,0.0
2023-08-03 09:30:00-04:00,74.19000244140625,74.25,73.98999786376953,74.16999816894531,36036,0.0,0.0,0.0
2023-08-03 10:30:00-04:00,74.12000274658203,74.33899688720703,74.11000061035156,74.33899688720703,11792,0.0,0.0,0.0
2023-08-03 11:30:00-04:00,74.3489990234375,74.45369720458984,74.31009674072266,74.45369720458984,24013,0.0,0.0,0.0
2023-08-03 12:30:00-04:00,74.47000122070312,74.55829620361328,74.43000030517578,74.44999694824219,10309,0.0,0.0,0.0
2023-08-03 13:30:00-04:00,74.45999908447266,74.45999908447266,74.33000183105469,74.39990234375,10181,0.0,0.0,0.0
2023-08-03 14:30:00-04:00,74.38500213623047,74.4000015258789,74.23500061035156,74.31500244140625,41874,0.0,0.0,0.0
2023-08-03 15:30:00-04:00,74.31500244140625,74.4000015258789,74.27999877929688,74.37999725341797,24238,0.0,0.0,0.0
2023-08-04 09:30:00-04:00,74.58000183105469,74.81999969482422,74.43009948730469,74.80120086669922,32069,0.0,0.0,0.0
2023-08-04 10:30:00-04:00,74.87000274658203,74.92500305175781,74.83000183105469,74.92500305175781,6798,0.0,0.0,0.0
2023-08-04 11:30:00-04:00,74.96880340576172,75.07250213623047,74.94000244140625,75.07250213623047,28992,0.0,0.0,0.0
2023-08-04 12:30:00-04:00,75.05999755859375,75.12000274658203,75.01000213623047,75.01000213623047,83406,0.0,0.0,0.0
2023-08-04 13:30:00-04:00,75.0199966430664,75.04869842529297,74.66560363769531,74.66560363769531,24144,0.0,0.0,0.0
2023-08-04 14:30:00-04:00,74.66400146484375,74.68000030517578,74.5,74.51000213623047,43912,0.0,0.0,0.0
2023-08-04 15:30:00-04:00,74.56340026855469,74.56590270996094,74.44000244140625,74.5199966430664,17046,0.0,0.0,0.0
2023-08-07 09:30:00-04:00,75.05999755859375,75.12999725341797,74.75,74.96099853515625,52737,0.0,0.0,0.0
2023-08-07 10:30:00-04:00,74.9990005493164,75.04000091552734,74.9364013671875,74.99500274658203,30354,0.0,0.0,0.0
2023-08-07 11:30:00-04:00,74.95999908447266,75.06999969482422,74.93000030517578,75.02999877929688,25303,0.0,0.0,0.0
2023-08-07 12:30:00-04:00,75.04000091552734,75.06559753417969,74.97000122070312,75.02010345458984,19049,0.0,0.0,0.0
2023-08-07 13:30:00-04:00,75.0199966430664,75.16500091552734,75.0199966430664,75.07499694824219,14118,0.0,0.0,0.0
2023-08-07 14:30:00-04:00,75.0999984741211,75.1500015258789,75.08000183105469,75.09500122070312,30952,0.0,0.0,0.0
2023-08-07 15:30:00-04:00,75.08080291748047,75.14990234375,75.08080291748047,75.13999938964844,0,0.0,0.0,0.0
2023-08-08 09:30:00-04:00,74.93000030517578,74.93000030517578,74.69999694824219,74.69999694824219,29824,0.0,0.0,0.0
2023-08-08 10:30:00-04:00,74.80999755859375,74.8949966430664,74.75479888916016,74.8949966430664,26860,0.0,0.0,0.0
2023-08-08 11:30:00-04:00,74.9000015258789,75.0,74.9000015258789,74.9999008178711,25538,0.0,0.0,0.0
2023-08-08 12:30:00-04:00,74.98999786376953,75.03600311279297,74.8949966430664,74.97979736328125,15642,0.0,0.0,0.0
2023-08-08 13:30:00-04:00,75.01000213623047,75.08999633789062,74.93479919433594,75.03399658203125,42788,0.0,0.0,0.0
2023-08-08 14:30:00-04:00,75.05899810791016,75.20999908447266,75.0199966430664,75.20390319824219,21910,0.0,0.0,0.0
2023-08-08 15:30:00-04:00,75.19999694824219,75.25,75.16000366210938,75.2300033569336,0,0.0,0.0,0.0
2023-08-09 09:30:00-04:00,75.2300033569336,75.24800109863281,75.12999725341797,75.18990325927734,37657,0.0,0.0,0.0
2023-08-09 10:30:00-04:00,75.16999816894531,75.20899963378906,74.97000122070312,74.9749984741211,45362,0.0,0.0,0.0
2023-08-09 11:30:00-04:00,74.97989654541016,75.0999984741211,74.94999694824219,75.02999877929688,20887,0.0,0.0,0.0
2023-08-09 12:30:00-04:00,75.01000213623047,75.22679901123047,74.97000122070312,75.16000366210938,18519,0.0,0.0,0.0
2023-08-09 13:30:00-04:00,75.19400024414062,75.27989959716797,75.16000366210938,75.26000213623047,22945,0.0,0.0,0.0
2023-08-09 14:30:00-04:00,75.26000213623047,75.2699966430664,75.17009735107422,75.24500274658203,17694,0.0,0.0,0.0
2023-08-09 15:30:00-04:00,75.25900268554688,75.26000213623047,75.10769653320312,75.13999938964844,0,0.0,0.0,0.0
2023-08-10 09:30:00-04:00,75.63999938964844,76.0198974609375,75.41999816894531,75.88009643554688,72336,0.0,0.0,0.0
2023-08-10 10:30:00-04:00,75.91999816894531,75.98500061035156,75.66000366210938,75.75,16035,0.0,0.0,0.0
2023-08-10 11:30:00-04:00,75.75,75.81999969482422,75.50499725341797,75.55000305175781,33192,0.0,0.0,0.0
2023-08-10 12:30:00-04:00,75.58540344238281,75.67160034179688,75.37999725341797,75.37999725341797,14564,0.0,0.0,0.0
2023-08-10 13:30:00-04:00,75.3499984741211,75.38970184326172,75.19499969482422,75.36000061035156,28387,0.0,0.0,0.0
2023-08-10 14:30:00-04:00,75.3550033569336,75.43890380859375,75.28600311279297,75.28600311279297,23067,0.0,0.0,0.0
2023-08-10 15:30:00-04:00,75.29000091552734,75.29000091552734,75.20500183105469,75.2750015258789,0,0.0,0.0,0.0
2023-08-11 09:30:00-04:00,74.91999816894531,75.12999725341797,74.80999755859375,75.06999969482422,17785,0.0,0.0,0.0
2023-08-11 10:30:00-04:00,75.05359649658203,75.1865005493164,74.91999816894531,74.94999694824219,15042,0.0,0.0,0.0
2023-08-11 11:30:00-04:00,74.91999816894531,75.00900268554688,74.868896484375,74.97209930419922,35203,0.0,0.0,0.0
2023-08-11 12:30:00-04:00,74.94999694824219,74.9800033569336,74.8759994506836,74.9800033569336,10561,0.0,0.0,0.0
2023-08-11 13:30:00-04:00,74.96900177001953,74.9800033569336,74.84010314941406,74.97000122070312,27645,0.0,0.0,0.0
2023-08-11 14:30:00-04:00,74.98999786376953,75.02999877929688,74.94979858398438,74.99099731445312,30299,0.0,0.0,0.0
2023-08-11 15:30:00-04:00,75.01000213623047,75.02999877929688,74.95999908447266,75.02999877929688,15205,0.0,0.0,0.0
2023-08-14 09:30:00-04:00,74.54000091552734,74.72480010986328,74.31680297851562,74.68000030517578,24629,0.0,0.0,0.0
2023-08-14 10:30:00-04:00,74.66200256347656,74.85230255126953,74.66200256347656,74.83999633789062,13088,0.0,0.0,0.0
2023-08-14 11:30:00-04:00,74.8479995727539,74.90899658203125,74.78679656982422,74.80000305175781,27541,0.0,0.0,0.0
2023-08-14 12:30:00-04:00,74.83000183105469,74.88990020751953,74.77780151367188,74.83499908447266,20766,0.0,0.0,0.0
2023-08-14 13:30:00-04:00,74.83180236816406,74.83830261230469,74.73210144042969,74.76000213623047,30045,0.0,0.0,0.0
2023-08-14 14:30:00-04:00,74.75,74.7698974609375,74.68009948730469,74.74839782714844,23287,0.0,0.0,0.0
2023-08-14 15:30:00-04:00,74.7301025390625,74.81999969482422,74.7301025390625,74.81999969482422,60759,0.0,0.0,0.0
2023-08-15 09:30:00-04:00,74.56999969482422,74.66999816894531,74.1050033569336,74.1500015258789,59272,0.0,0.0,0.0
2023-08-15 10:30:00-04:00,74.16999816894531,74.30000305175781,74.10389709472656,74.2249984741211,17134,0.0,0.0,0.0
2023-08-15 11:30:00-04:00,74.23500061035156,74.26000213623047,74.11000061035156,74.11000061035156,19741,0.0,0.0,0.0
2023-08-15 12:30:00-04:00,74.06999969482422,74.12999725341797,74.02999877929688,74.12000274658203,19828,0.0,0.0,0.0
2023-08-15 13:30:00-04:00,74.12000274658203,74.16000366210938,74.08879852294922,74.12000274658203,17090,0.0,0.0,0.0
2023-08-15 14:30:00-04:00,74.1010971069336,74.18000030517578,74.0,74.0,21778,0.0,0.0,0.0
2023-08-15 15:30:00-04:00,73.97000122070312,74.06999969482422,73.94000244140625,74.02999877929688,20912,0.0,0.0,0.0
2023-08-16 09:30:00-04:00,73.9800033569336,74.21910095214844,73.9800033569336,74.12000274658203,27011,0.0,0.0,0.0
2023-08-16 10:30:00-04:00,74.10990142822266,74.18419647216797,74.06999969482422,74.07009887695312,13612,0.0,0.0,0.0
2023-08-16 11:30:00-04:00,74.08999633789062,74.12999725341797,73.91500091552734,73.93000030517578,26069,0.0,0.0,0.0
2023-08-16 12:30:00-04:00,73.95899963378906,73.98899841308594,73.80999755859375,73.84989929199219,34772,0.0,0.0,0.0
2023-08-16 13:30:00-04:00,73.82389831542969,74.01899719238281,73.77490234375,73.95999908447266,22694,0.0,0.0,0.0
2023-08-16 14:30:00-04:00,73.98999786376953,74.01000213623047,73.6500015258789,73.67720031738281,27915,0.0,0.0,0.0
2023-08-16 15:30:00-04:00,73.69000244140625,73.76000213623047,73.66439819335938,73.68000030517578,0,0.0,0.0,0.0
2023-08-17 09:30:00-04:00,73.9000015258789,73.94999694824219,73.63009643554688,73.69989776611328,29301,0.0,0.0,0.0
2023-08-17 10:30:00-04:00,73.5199966430664,73.69180297851562,73.41999816894531,73.41999816894531,19199,0.0,0.0,0.0
2023-08-17 11:30:00-04:00,73.47000122070312,73.58000183105469,73.4000015258789,73.56549835205078,25219,0.0,0.0,0.0
2023-08-17 12:30:00-04:00,73.5780029296875,73.58000183105469,73.4198989868164,73.4198989868164,19781,0.0,0.0,0.0
2023-08-17 13:30:00-04:00,73.40399932861328,73.40399932861328,73.2665023803711,73.31999969482422,13074,0.0,0.0,0.0
2023-08-17 14:30:00-04:00,73.30000305175781,73.30000305175781,73.106201171875,73.19000244140625,49493,0.0,0.0,0.0
2023-08-17 15:30:00-04:00,73.17659759521484,73.25,73.1272964477539,73.16999816894531,0,0.0,0.0,0.0
2023-08-18 09:30:00-04:00,72.86000061035156,73.00379943847656,72.7699966430664,72.9280014038086,45051,0.0,0.0,0.0
2023-08-18 10:30:00-04:00,72.93000030517578,73.22989654541016,72.93000030517578,73.20999908447266,11745,0.0,0.0,0.0
2023-08-18 11:30:00-04:00,73.19000244140625,73.23999786376953,73.08679962158203,73.18479919433594,26090,0.0,0.0,0.0
2023-08-18 12:30:00-04:00,73.17479705810547,73.25,73.09500122070312,73.16000366210938,11907,0.0,0.0,0.0
2023-08-18 13:30:00-04:00,73.17320251464844,73.23999786376953,73.15570068359375,73.23999786376953,26134,0.0,0.0,0.0
2023-08-18 14:30:00-04:00,73.22689819335938,73.30899810791016,73.1500015258789,73.2063980102539,25684,0.0,0.0,0.0
2023-08-18 15:30:00-04:00,73.23739624023438,73.31999969482422,73.18000030517578,73.19999694824219,18246,0.0,0.0,0.0
2023-08-21 09:30:00-04:00,73.38999938964844,73.44000244140625,73.11000061035156,73.11000061035156,43567,0.0,0.0,0.0
2023-08-21 10:30:00-04:00,73.0999984741211,73.13500213623047,73.02169799804688,73.05000305175781,27959,0.0,0.0,0.0
2023-08-21 11:30:00-04:00,73.06999969482422,73.18000030517578,72.9801025390625,73.18000030517578,18667,0.0,0.0,0.0
2023-08-21 12:30:00-04:00,73.18000030517578,73.30999755859375,73.16000366210938,73.30940246582031,31538,0.0,0.0,0.0
2023-08-21 13:30:00-04:00,73.30709838867188,73.34500122070312,73.26899719238281,73.30000305175781,38312,0.0,0.0,0.0
2023-08-21 14:30:00-04:00,73.3021011352539,73.40899658203125,73.27999877929688,73.38999938964844,267208,0.0,0.0,0.0
2023-08-21 15:30:00-04:00,73.3998031616211,73.42890167236328,73.33999633789062,73.33999633789062,22242,0.0,0.0,0.0
2023-08-22 09:30:00-04:00,73.58000183105469,73.58000183105469,73.2699966430664,73.33000183105469,21867,0.0,0.0,0.0
2023-08-22 10:30:00-04:00,73.19000244140625,73.33360290527344,73.18000030517578,73.29049682617188,13508,0.0,0.0,0.0
2023-08-22 11:30:00-04:00,73.27999877929688,73.32990264892578,73.13999938964844,73.22000122070312,31018,0.0,0.0,0.0
2023-08-22 12:30:00-04:00,73.22000122070312,73.2699966430664,73.11000061035156,73.18499755859375,40362,0.0,0.0,0.0
2023-08-22 13:30:00-04:00,73.1801986694336,73.19999694824219,73.0999984741211,73.1500015258789,64042,0.0,0.0,0.0
2023-08-22 14:30:00-04:00,73.22000122070312,73.24079895019531,73.1500015258789,73.19000244140625,19779,0.0,0.0,0.0
2023-08-22 15:30:00-04:00,73.1500015258789,73.16999816894531,73.09980010986328,73.16000366210938,18711,0.0,0.0,0.0
2023-08-23 09:30:00-04:00,73.56999969482422,73.87000274658203,73.52999877929688,73.87000274658203,51512,0.0,0.0,0.0
2023-08-23 10:30:00-04:00,73.84500122070312,73.98999786376953,73.77999877929688,73.98999786376953,46184,0.0,0.0,0.0
2023-08-23 11:30:00-04:00,73.98999786376953,74.02999877929688,73.94969940185547,74.02629852294922,34120,0.0,0.0,0.0
2023-08-23 12:30:00-04:00,74.04000091552734,74.16000366210938,74.01789855957031,74.16000366210938,13849,0.0,0.0,0.0
2023-08-23 13:30:00-04:00,74.1541976928711,74.19000244140625,74.02749633789062,74.06999969482422,14094,0.0,0.0,0.0
2023-08-23 14:30:00-04:00,74.04149627685547,74.08999633789062,74.0,74.06500244140625,25432,0.0,0.0,0.0
2023-08-23 15:30:00-04:00,74.08000183105469,74.09500122070312,74.01460266113281,74.05999755859375,0,0.0,0.0,0.0
2023-08-24 09:30:00-04:00,73.62000274658203,73.7197036743164,73.30999755859375,73.43000030517578,67079,0.0,0.0,0.0
2023-08-24 10:30:00-04:00,73.38169860839844,73.45999908447266,73.27739715576172,73.30000305175781,32643,0.0,0.0,0.0
2023-08-24 11:30:00-04:00,73.30000305175781,73.31500244140625,73.17980194091797,73.2750015258789,28183,0.0,0.0,0.0
2023-08-24 12:30:00-04:00,73.28199768066406,73.37000274658203,73.1895980834961,73.2300033569336,16984,0.0,0.0,0.0
2023-08-24 13:30:00-04:00,73.2300033569336,73.27880096435547,73.15619659423828,73.16999816894531,22092,0.0,0.0,0.0
2023-08-24 14:30:00-04:00,73.17469787597656,73.2300033569336,73.09709930419922,73.09709930419922,13612,0.0,0.0,0.0
2023-08-24 15:30:00-04:00,73.1272964477539,73.1500015258789,72.94999694824219,72.9800033569336,16649,0.0,0.0,0.0
2023-08-25 09:30:00-04:00,73.36000061035156,73.52999877929688,73.05000305175781,73.05000305175781,36924,0.0,0.0,0.0
2023-08-25 10:30:00-04:00,73.05290222167969,73.05290222167969,72.76000213623047,73.02799987792969,15011,0.0,0.0,0.0
2023-08-25 11:30:00-04:00,73.0250015258789,73.1843032836914,72.98999786376953,73.16500091552734,26963,0.0,0.0,0.0
2023-08-25 12:30:00-04:00,73.21610260009766,73.26000213623047,73.14579772949219,73.14579772949219,9676,0.0,0.0,0.0
2023-08-25 13:30:00-04:00,73.13500213623047,73.41400146484375,73.11000061035156,73.41000366210938,15365,0.0,0.0,0.0
2023-08-25 14:30:00-04:00,73.45999908447266,73.5,73.41000366210938,73.4800033569336,28127,0.0,0.0,0.0
2023-08-25 15:30:00-04:00,73.45999908447266,73.50920104980469,73.3499984741211,73.4000015258789,17717,0.0,0.0,0.0
2023-08-28 09:30:00-04:00,73.68000030517578,73.91999816894531,73.68000030517578,73.8949966430664,0,0.0,0.0,0.0
2023-08-28 10:30:00-04:00,73.9198989868164,73.97000122070312,73.7780990600586,73.81500244140625,17556,0.0,0.0,0.0
2023-08-28 11:30:00-04:00,73.80999755859375,73.91000366210938,73.78919982910156,73.78919982910156,22201,0.0,0.0,0.0
2023-08-28 12:30:00-04:00,73.8499984741211,73.94000244140625,73.8145980834961,73.88999938964844,15246,0.0,0.0,0.0
2023-08-28 13:30:00-04:00,73.943603515625,73.943603515625,73.75360107421875,73.7699966430664,15310,0.0,0.0,0.0
2023-08-28 14:30:00-04:00,73.78469848632812,73.87319946289062,73.7750015258789,73.84100341796875,16372,0.0,0.0,0.0
2023-08-28 15:30:00-04:00,73.82170104980469,73.95999908447266,73.82170104980469,73.88999938964844,28480,0.0,0.0,0.0
2023-08-29 09:30:00-04:00,73.81999969482422,74.37999725341797,73.72000122070312,74.37999725341797,29852,0.0,0.0,0.0
2023-08-29 10:30:00-04:00,74.3655014038086,74.5,74.25160217285156,74.5,14824,0.0,0.0,0.0
2023-08-29 11:30:00-04:00,74.4800033569336,74.60900115966797,74.4800033569336,74.58499908447266,19456,0.0,0.0,0.0
2023-08-29 12:30:00-04:00,74.59500122070312,74.73989868164062,74.56999969482422,74.69999694824219,8899,0.0,0.0,0.0
2023-08-29 13:30:00-04:00,74.69999694824219,74.79000091552734,74.67009735107422,74.70500183105469,13134,0.0,0.0,0.0
2023-08-29 14:30:00-04:00,74.68000030517578,74.87000274658203,74.68000030517578,74.85890197753906,27309,0.0,0.0,0.0
2023-08-29 15:30:00-04:00,74.8499984741211,74.86759948730469,74.81999969482422,74.8499984741211,0,0.0,0.0,0.0
2023-08-30 09:30:00-04:00,74.93000030517578,75.12999725341797,74.83999633789062,74.8499984741211,22039,0.0,0.0,0.0
2023-08-30 10:30:00-04:00,74.83999633789062,74.97989654541016,74.83769989013672,74.9176025390625,19463,0.0,0.0,0.0
2023-08-30 11:30:00-04:00,74.9749984741211,74.9999008178711,74.9000015258789,74.9520034790039,14550,0.0,0.0,0.0
2023-08-30 12:30:00-04:00,74.96990203857422,74.96990203857422,74.89559936523438,74.92500305175781,15448,0.0,0.0,0.0
2023-08-30 13:30:00-04:00,74.91259765625,74.94999694824219,74.7750015258789,74.79000091552734,21119,0.0,0.0,0.0
2023-08-30 14:30:00-04:00,74.78009796142578,74.93000030517578,74.78009796142578,74.85009765625,18140,0.0,0.0,0.0
2023-08-30 15:30:00-04:00,74.86519622802734,74.87999725341797,74.80999755859375,74.87999725341797,0,0.0,0.0,0.0
2023-08-31 09:30:00-04:00,74.91000366210938,74.91000366210938,74.7249984741211,74.77539825439453,19072,0.0,0.0,0.0
2023-08-31 10:30:00-04:00,74.7699966430664,74.7699966430664,74.54000091552734,74.55999755859375,20353,0.0,0.0,0.0
2023-08-31 11:30:00-04:00,74.52999877929688,74.52999877929688,74.37999725341797,74.41000366210938,20282,0.0,0.0,0.0
2023-08-31 12:30:00-04:00,74.40499877929688,74.54000091552734,74.33999633789062,74.51000213623047,19532,0.0,0.0,0.0
2023-08-31 13:30:00-04:00,74.51499938964844,74.60189819335938,74.47209930419922,74.5999984741211,25305,0.0,0.0,0.0
2023-08-31 14:30:00-04:00,74.5687026977539,74.58360290527344,74.42009735107422,74.4800033569336,15371,0.0,0.0,0.0
2023-08-31 15:30:00-04:00,74.51000213623047,74.58000183105469,74.47000122070312,74.47000122070312,25140,0.0,0.0,0.0
2023-09-01 09:30:00-04:00,75.05000305175781,75.08000183105469,74.62010192871094,74.7699966430664,32074,0.0,0.0,0.0
2023-09-01 10:30:00-04:00,74.71040344238281,74.72000122070312,74.4800033569336,74.4800033569336,18543,0.0,0.0,0.0
2023-09-01 11:30:00-04:00,74.48999786376953,74.55999755859375,74.38700103759766,74.52010345458984,19184,0.0,0.0,0.0
2023-09-01 12:30:00-04:00,74.54499816894531,74.55249786376953,74.44960021972656,74.52999877929688,14824,0.0,0.0,0.0
2023-09-01 13:30:00-04:00,74.53949737548828,74.58000183105469,74.4761962890625,74.49539947509766,19029,0.0,0.0,0.0
2023-09-01 14:30:00-04:00,74.51000213623047,74.56999969482422,74.48500061035156,74.55419921875,15092,0.0,0.0,0.0
2023-09-01 15:30:00-04:00,74.55999755859375,74.56999969482422,74.5,74.55999755859375,16057,0.0,0.0,0.0
2023-09-05 09:30:00-04:00,74.29000091552734,74.29000091552734,73.93000030517578,74.05000305175781,59609,0.0,0.0,0.0
2023-09-05 10:30:00-04:00,74.02999877929688,74.05999755859375,73.94999694824219,74.00969696044922,13595,0.0,0.0,0.0
2023-09-05 11:30:00-04:00,73.9749984741211,74.08000183105469,73.9749984741211,74.0790023803711,14371,0.0,0.0,0.0
2023-09-05 12:30:00-04:00,74.04460144042969,74.04460144042969,73.9000015258789,73.91000366210938,24571,0.0,0.0,0.0
2023-09-05 13:30:00-04:00,73.90499877929688,73.94999694824219,73.8667984008789,73.92500305175781,17370,0.0,0.0,0.0
2023-09-05 14:30:00-04:00,73.92009735107422,73.94999694824219,73.82119750976562,73.83000183105469,25935,0.0,0.0,0.0
2023-09-05 15:30:00-04:00,73.87319946289062,73.93000030517578,73.81449890136719,73.83999633789062,12116,0.0,0.0,0.0
2023-09-06 09:30:00-04:00,73.91999816894531,74.00499725341797,73.70999908447266,73.70999908447266,32468,0.0,0.0,0.0
2023-09-06 10:30:00-04:00,73.7300033569336,73.73999786376953,73.62570190429688,73.697998046875,20088,0.0,0.0,0.0
2023-09-06 11:30:00-04:00,73.66999816894531,73.70999908447266,73.5999984741211,73.62670135498047,41390,0.0,0.0,0.0
2023-09-06 12:30:00-04:00,73.58000183105469,73.60990142822266,73.5,73.5999984741211,26898,0.0,0.0,0.0
2023-09-06 13:30:00-04:00,73.58920288085938,73.68000030517578,73.55999755859375,73.6344985961914,31015,0.0,0.0,0.0
2023-09-06 14:30:00-04:00,73.66999816894531,73.72000122070312,73.63999938964844,73.68099975585938,18142,0.0,0.0,0.0
2023-09-06 15:30:00-04:00,73.67919921875,73.7300033569336,73.66300201416016,73.72000122070312,0,0.0,0.0,0.0
2023-09-07 09:30:00-04:00,73.70999908447266,73.82389831542969,73.61000061035156,73.64520263671875,27019,0.0,0.0,0.0
2023-09-07 10:30:00-04:00,73.63999938964844,73.81999969482422,73.56999969482422,73.75,24203,0.0,0.0,0.0
2023-09-07 11:30:00-04:00,73.76899719238281,73.88899993896484,73.75,73.86000061035156,85759,0.0,0.0,0.0
2023-09-07 12:30:00-04:00,73.84549713134766,73.88999938964844,73.77010345458984,73.83789825439453,17322,0.0,0.0,0.0
2023-09-07 13:30:00-04:00,73.8833999633789,73.88529968261719,73.75,73.76000213623047,14348,0.0,0.0,0.0
2023-09-07 14:30:00-04:00,73.75499725341797,73.79499816894531,73.69000244140625,73.75,33090,0.0,0.0,0.0
2023-09-07 15:30:00-04:00,73.75,73.81999969482422,73.7156982421875,73.76000213623047,21055,0.0,0.0,0.0
2023-09-08 09:30:00-04:00,73.81999969482422,73.97000122070312,73.72160339355469,73.93000030517578,27154,0.0,0.0,0.0
2023-09-08 10:30:00-04:00,73.93399810791016,73.93399810791016,73.82499694824219,73.86419677734375,27432,0.0,0.0,0.0
2023-09-08 11:30:00-04:00,73.9000015258789,73.9000015258789,73.7699966430664,73.83999633789062,19835,0.0,0.0,0.0
2023-09-08 12:30:00-04:00,73.77950286865234,73.83999633789062,73.7750015258789,73.81999969482422,8659,0.0,0.0,0.0
2023-09-08 13:30:00-04:00,73.77539825439453,73.82499694824219,73.69999694824219,73.69999694824219,22852,0.0,0.0,0.0
2023-09-08 14:30:00-04:00,73.69499969482422,73.73999786376953,73.62000274658203,73.62640380859375,20977,0.0,0.0,0.0
2023-09-08 15:30:00-04:00,73.62999725341797,73.7300033569336,73.62999725341797,73.7300033569336,16520,0.0,0.0,0.0
2023-09-11 09:30:00-04:00,74.12000274658203,74.19999694824219,73.87999725341797,74.19999694824219,0,0.0,0.0,0.0
2023-09-11 10:30:00-04:00,74.19999694824219,74.2699966430664,74.08000183105469,74.17720031738281,8254,0.0,0.0,0.0
2023-09-11 11:30:00-04:00,74.14299774169922,74.33999633789062,74.12000274658203,74.31999969482422,24032,0.0,0.0,0.0
2023-09-11 12:30:00-04:00,74.33499908447266,74.35990142822266,74.25460052490234,74.34130096435547,15610,0.0,0.0,0.0
2023-09-11 13:30:00-04:00,74.35900115966797,74.35900115966797,74.23680114746094,74.26920318603516,26967,0.0,0.0,0.0
2023-09-11 14:30:00-04:00,74.2926025390625,74.29900360107422,74.1852035522461,74.23999786376953,86103,0.0,0.0,0.0
2023-09-11 15:30:00-04:00,74.27899932861328,74.29940032958984,74.19999694824219,74.2699966430664,16543,0.0,0.0,0.0
2023-09-12 09:30:00-04:00,74.0,74.118896484375,73.91999816894531,73.93000030517578,22981,0.0,0.0,0.0
2023-09-12 10:30:00-04:00,73.89700317382812,74.0199966430664,73.8949966430664,73.98500061035156,18495,0.0,0.0,0.0
2023-09-12 11:30:00-04:00,74.00499725341797,74.12999725341797,73.97000122070312,74.08999633789062,39739,0.0,0.0,0.0
2023-09-12 12:30:00-04:00,74.08999633789062,74.19000244140625,74.03459930419922,74.16500091552734,24605,0.0,0.0,0.0
2023-09-12 13:30:00-04:00,74.16500091552734,74.18000030517578,74.05000305175781,74.12000274658203,19669,0.0,0.0,0.0
2023-09-12 14:30:00-04:00,74.11000061035156,74.13999938964844,73.9800033569336,74.01000213623047,24472,0.0,0.0,0.0
2023-09-12 15:30:00-04:00,74.02999877929688,74.05000305175781,73.97000122070312,74.0,17085,0.0,0.0,0.0
2023-09-13 09:30:00-04:00,73.83000183105469,73.97000122070312,73.7249984741211,73.81539916992188,27933,0.0,0.0,0.0
2023-09-13 10:30:00-04:00,73.81500244140625,74.0344009399414,73.81500244140625,74.01000213623047,9726,0.0,0.0,0.0
2023-09-13 11:30:00-04:00,74.03389739990234,74.03389739990234,73.90299987792969,73.9916000366211,21519,0.0,0.0,0.0
2023-09-13 12:30:00-04:00,73.97000122070312,74.0,73.91000366210938,73.93499755859375,15690,0.0,0.0,0.0
2023-09-13 13:30:00-04:00,73.94999694824219,73.97370147705078,73.88590240478516,73.88590240478516,32762,0.0,0.0,0.0
2023-09-13 14:30:00-04:00,73.9280014038086,73.9280014038086,73.7300033569336,73.78780364990234,24420,0.0,0.0,0.0
2023-09-13 15:30:00-04:00,73.79000091552734,73.87999725341797,73.5999984741211,73.87999725341797,0,0.0,0.0,0.0
2023-09-14 09:30:00-04:00,74.20999908447266,74.41000366210938,74.16429901123047,74.29000091552734,17219,0.0,0.0,0.0
2023-09-14 10:30:00-04:00,74.4000015258789,74.5999984741211,74.4000015258789,74.51000213623047,14145,0.0,0.0,0.0
2023-09-14 11:30:00-04:00,74.51000213623047,74.56999969482422,74.43000030517578,74.5199966430664,35091,0.0,0.0,0.0
2023-09-14 12:30:00-04:00,74.55999755859375,74.61000061035156,74.51000213623047,74.54499816894531,21213,0.0,0.0,0.0
2023-09-14 13:30:00-04:00,74.55000305175781,74.58899688720703,74.48999786376953,74.52999877929688,15872,0.0,0.0,0.0
2023-09-14 14:30:00-04:00,74.5199966430664,74.5999984741211,74.5199966430664,74.55899810791016,20934,0.0,0.0,0.0
2023-09-14 15:30:00-04:00,74.52860260009766,74.58000183105469,74.51000213623047,74.54000091552734,33634,0.0,0.0,0.0
2023-09-15 09:30:00-04:00,74.62999725341797,74.82109832763672,74.60050201416016,74.71499633789062,32042,0.0,0.0,0.0
2023-09-15 10:30:00-04:00,74.69999694824219,74.69999694824219,74.4800033569336,74.56909942626953,23584,0.0,0.0,0.0
2023-09-15 11:30:00-04:00,74.58000183105469,74.61000061035156,74.5,74.55000305175781,41032,0.0,0.0,0.0
2023-09-15 12:30:00-04:00,74.55999755859375,74.63999938964844,74.41500091552734,74.42479705810547,63306,0.0,0.0,0.0
2023-09-15 13:30:00-04:00,74.41000366210938,74.5199966430664,74.40699768066406,74.41000366210938,20287,0.0,0.0,0.0
2023-09-15 14:30:00-04:00,74.41500091552734,74.47440338134766,74.38999938964844,74.41999816894531,40087,0.0,0.0,0.0
2023-09-15 15:30:00-04:00,74.41999816894531,74.43000030517578,74.33000183105469,74.41000366210938,30281,0.0,0.0,0.0
2023-09-18 09:30:00-04:00,74.0,74.0,73.66000366210938,73.7699966430664,44940,0.0,0.0,0.0
2023-09-18 10:30:00-04:00,73.80000305175781,73.90499877929688,73.7699966430664,73.9000015258789,11163,0.0,0.0,0.0
2023-09-18 11:30:00-04:00,73.94999694824219,74.0999984741211,73.94499969482422,74.05000305175781,17971,0.0,0.0,0.0
2023-09-18 12:30:00-04:00,74.10900115966797,74.10980224609375,74.02999877929688,74.06999969482422,18512,0.0,0.0,0.0
2023-09-18 13:30:00-04:00,74.08000183105469,74.0999984741211,73.96759796142578,73.98999786376953,20685,0.0,0.0,0.0
2023-09-18 14:30:00-04:00,73.97000122070312,74.0,73.91000366210938,73.94999694824219,14786,0.0,0.0,0.0
2023-09-18 15:30:00-04:00,73.94499969482422,74.04000091552734,73.91000366210938,74.01000213623047,0,0.0,0.0,0.0
2023-09-19 09:30:00-04:00,74.01000213623047,74.08999633789062,73.80999755859375,73.83699798583984,51681,0.0,0.0,0.0
2023-09-19 10:30:00-04:00,73.80999755859375,73.84929656982422,73.68000030517578,73.79000091552734,17854,0.0,0.0,0.0
2023-09-19 11:30:00-04:00,73.76000213623047,73.83000183105469,73.7300033569336,73.75499725341797,45487,0.0,0.0,0.0
2023-09-19 12:30:00-04:00,73.75499725341797,73.78040313720703,73.66999816894531,73.77999877929688,23696,0.0,0.0,0.0
2023-09-19 13:30:00-04:00,73.79000091552734,73.87000274658203,73.77999877929688,73.81999969482422,22238,0.0,0.0,0.0
2023-09-19 14:30:00-04:00,73.8499984741211,73.93000030517578,73.77999877929688,73.84649658203125,55630,0.0,0.0,0.0
2023-09-19 15:30:00-04:00,73.83920288085938,73.91000366210938,73.83920288085938,73.86000061035156,16551,0.0,0.0,0.0
2023-09-20 09:30:00-04:00,74.16999816894531,74.44000244140625,74.12999725341797,74.38999938964844,39030,0.0,0.0,0.0
2023-09-20 10:30:00-04:00,74.38999938964844,74.44000244140625,74.31999969482422,74.38899993896484,275686,0.0,0.0,0.0
2023-09-20 11:30:00-04:00,74.37349700927734,74.44999694824219,74.33999633789062,74.44999694824219,23457,0.0,0.0,0.0
2023-09-20 12:30:00-04:00,74.44999694824219,74.5,74.41999816894531,74.44999694824219,11218,0.0,0.0,0.0
2023-09-20 13:30:00-04:00,74.44999694824219,74.45989990234375,74.02999877929688,74.23999786376953,33974,0.0,0.0,0.0
2023-09-20 14:30:00-04:00,74.2228012084961,74.33619689941406,73.87010192871094,73.94000244140625,28961,0.0,0.0,0.0
2023-09-20 15:30:00-04:00,73.95999908447266,73.95999908447266,73.70999908447266,73.73999786376953,48017,0.0,0.0,0.0
2023-09-21 09:30:00-04:00,73.13999938964844,73.13999938964844,72.80000305175781,72.97000122070312,43634,0.0,0.0,0.0
2023-09-21 10:30:00-04:00,73.00499725341797,73.0199966430664,72.73999786376953,72.76119995117188,19322,0.0,0.0,0.0
2023-09-21 11:30:00-04:00,72.69010162353516,72.73999786376953,72.61000061035156,72.62999725341797,33600,0.0,0.0,0.0
2023-09-21 12:30:00-04:00,72.6500015258789,72.75,72.61000061035156,72.75,14830,0.0,0.0,0.0
2023-09-21 13:30:00-04:00,72.7311019897461,72.77999877929688,72.62999725341797,72.62999725341797,19875,0.0,0.0,0.0
2023-09-21 14:30:00-04:00,72.5999984741211,72.64939880371094,72.50920104980469,72.51000213623047,40617,0.0,0.0,0.0
2023-09-21 15:30:00-04:00,72.5,72.52999877929688,72.38999938964844,72.41000366210938,0,0.0,0.0,0.0
2023-09-22 09:30:00-04:00,72.62000274658203,72.7780990600586,72.47000122070312,72.75,53715,0.0,0.0,0.0
2023-09-22 10:30:00-04:00,72.72000122070312,72.83000183105469,72.52999877929688,72.62999725341797,26862,0.0,0.0,0.0
2023-09-22 11:30:00-04:00,72.62000274658203,72.6500015258789,72.44999694824219,72.5,32693,0.0,0.0,0.0
2023-09-22 12:30:00-04:00,72.51499938964844,72.58999633789062,72.41000366210938,72.44999694824219,22207,0.0,0.0,0.0
2023-09-22 13:30:00-04:00,72.44000244140625,72.44000244140625,72.27999877929688,72.3499984741211,35337,0.0,0.0,0.0
2023-09-22 14:30:00-04:00,72.36000061035156,72.55000305175781,72.2699966430664,72.5062026977539,33417,0.0,0.0,0.0
2023-09-22 15:30:00-04:00,72.48999786376953,72.51860046386719,72.27999877929688,72.3499984741211,22427,0.0,0.0,0.0
2023-09-25 09:30:00-04:00,72.02999877929688,72.125,71.86499786376953,71.9800033569336,48945,0.0,0.0,0.0
2023-09-25 10:30:00-04:00,71.93379974365234,72.25,71.88999938964844,72.20999908447266,34562,0.0,0.0,0.0
2023-09-25 11:30:00-04:00,72.22000122070312,72.32569885253906,72.18000030517578,72.32250213623047,21909,0.0,0.0,0.0
2023-09-25 12:30:00-04:00,72.29000091552734,72.29000091552734,72.16999816894531,72.19000244140625,26035,0.0,0.0,0.0
2023-09-25 13:30:00-04:00,72.17400360107422,72.2615966796875,72.13580322265625,72.20999908447266,67059,0.0,0.0,0.0
2023-09-25 14:30:00-04:00,72.2155990600586,72.26000213623047,72.06999969482422,72.16000366210938,74346,0.0,0.0,0.0
2023-09-25 15:30:00-04:00,72.19000244140625,72.30500030517578,72.16000366210938,72.27999877929688,28922,0.0,0.0,0.0
2023-09-26 09:30:00-04:00,71.88999938964844,71.9573974609375,71.58999633789062,71.76110076904297,44124,0.0,0.0,0.0
2023-09-26 10:30:00-04:00,71.73999786376953,71.89990234375,71.63999938964844,71.65889739990234,21521,0.0,0.0,0.0
2023-09-26 11:30:00-04:00,71.58000183105469,71.64849853515625,71.54109954833984,71.5999984741211,27444,0.0,0.0,0.0
2023-09-26 12:30:00-04:00,71.62999725341797,71.65989685058594,71.58999633789062,71.58999633789062,14762,0.0,0.0,0.0
2023-09-26 13:30:00-04:00,71.57630157470703,71.60980224609375,71.45999908447266,71.47000122070312,20516,0.0,0.0,0.0
2023-09-26 14:30:00-04:00,71.5,71.50499725341797,71.4115982055664,71.42019653320312,19736,0.0,0.0,0.0
2023-09-26 15:30:00-04:00,71.44000244140625,71.51000213623047,71.4000015258789,71.47000122070312,24062,0.0,0.0,0.0
2023-09-27 09:30:00-04:00,71.76000213623047,71.81999969482422,71.44499969482422,71.55999755859375,52511,0.0,0.0,0.0
2023-09-27 10:30:00-04:00,71.4749984741211,71.48799896240234,71.29000091552734,71.41899871826172,24168,0.0,0.0,0.0
2023-09-27 11:30:00-04:00,71.41899871826172,71.41899871826172,71.10459899902344,71.12000274658203,27404,0.0,0.0,0.0
2023-09-27 12:30:00-04:00,71.13990020751953,71.23999786376953,70.89540100097656,70.93990325927734,26079,0.0,0.0,0.0
2023-09-27 13:30:00-04:00,70.93910217285156,71.07499694824219,70.872802734375,71.05000305175781,26571,0.0,0.0,0.0
2023-09-27 14:30:00-04:00,71.1227035522461,71.44999694824219,71.1227035522461,71.31580352783203,29045,0.0,0.0,0.0
2023-09-27 15:30:00-04:00,71.34190368652344,71.34190368652344,71.16919708251953,71.30000305175781,0,0.0,0.0,0.0
2023-09-28 09:30:00-04:00,71.30000305175781,71.41500091552734,71.08000183105469,71.38459777832031,23605,0.0,0.0,0.0
2023-09-28 10:30:00-04:00,71.31999969482422,71.56999969482422,71.29519653320312,71.55999755859375,35652,0.0,0.0,0.0
2023-09-28 11:30:00-04:00,71.61000061035156,71.80000305175781,71.61000061035156,71.80000305175781,23217,0.0,0.0,0.0
2023-09-28 12:30:00-04:00,71.81999969482422,71.81999969482422,71.55999755859375,71.63980102539062,18770,0.0,0.0,0.0
2023-09-28 13:30:00-04:00,71.54399871826172,71.62889862060547,71.45500183105469,71.61000061035156,15691,0.0,0.0,0.0
2023-09-28 14:30:00-04:00,71.59609985351562,71.65840148925781,71.48999786376953,71.65840148925781,61141,0.0,0.0,0.0
2023-09-28 15:30:00-04:00,71.63999938964844,71.65360260009766,71.54000091552734,71.6500015258789,21267,0.0,0.0,0.0
2023-09-29 09:30:00-04:00,72.31999969482422,72.31999969482422,71.76000213623047,71.77549743652344,36400,0.0,0.0,0.0
2023-09-29 10:30:00-04:00,71.81999969482422,71.91000366210938,71.66999816894531,71.69999694824219,10104,0.0,0.0,0.0
2023-09-29 11:30:00-04:00,71.66999816894531,71.70369720458984,71.49710083007812,71.61000061035156,22198,0.0,0.0,0.0
2023-09-29 12:30:00-04:00,71.62989807128906,71.65899658203125,71.31999969482422,71.41500091552734,44098,0.0,0.0,0.0
2023-09-29 13:30:00-04:00,71.44000244140625,71.44000244140625,71.2699966430664,71.29499816894531,33034,0.0,0.0,0.0
2023-09-29 14:30:00-04:00,71.27999877929688,71.5199966430664,71.2750015258789,71.41500091552734,18103,0.0,0.0,0.0
2023-09-29 15:30:00-04:00,71.38780212402344,71.47000122070312,71.31999969482422,71.36000061035156,25498,0.0,0.0,0.0
2023-10-02 09:30:00-04:00,70.9800033569336,71.02999877929688,70.43479919433594,70.48760223388672,57572,0.0,0.0,0.0
2023-10-02 10:30:00-04:00,70.41000366210938,70.66000366210938,70.31009674072266,70.6500015258789,90649,0.0,0.0,0.0
2023-10-02 11:30:00-04:00,70.66000366210938,70.6759033203125,70.3208999633789,70.38379669189453,49205,0.0,0.0,0.0
2023-10-02 12:30:00-04:00,70.36000061035156,70.40499877929688,70.27359771728516,70.4010009765625,17331,0.0,0.0,0.0
2023-10-02 13:30:00-04:00,70.41000366210938,70.43499755859375,70.33000183105469,70.3812026977539,8784,0.0,0.0,0.0
2023-10-02 14:30:00-04:00,70.36910247802734,70.52989959716797,70.29000091552734,70.45359802246094,46731,0.0,0.0,0.0
2023-10-02 15:30:00-04:00,70.45999908447266,70.55999755859375,70.44000244140625,70.55000305175781,0,0.0,0.0,0.0
2023-10-03 09:30:00-04:00,70.12000274658203,70.2842025756836,69.77999877929688,69.86000061035156,55426,0.0,0.0,0.0
2023-10-03 10:30:00-04:00,69.9000015258789,70.0199966430664,69.70500183105469,69.75499725341797,34014,0.0,0.0,0.0
2023-10-03 11:30:00-04:00,69.75499725341797,69.94499969482422,69.69000244140625,69.94499969482422,41164,0.0,0.0,0.0
2023-10-03 12:30:00-04:00,69.95999908447266,70.0,69.87000274658203,69.87999725341797,47295,0.0,0.0,0.0
2023-10-03 13:30:00-04:00,69.9000015258789,69.91000366210938,69.66010284423828,69.70999908447266,36049,0.0,0.0,0.0
2023-10-03 14:30:00-04:00,69.71009826660156,69.86990356445312,69.71009826660156,69.79000091552734,45736,0.0,0.0,0.0
2023-10-03 15:30:00-04:00,69.79000091552734,69.93509674072266,69.77999877929688,69.87999725341797,45941,0.0,0.0,0.0
2023-10-04 09:30:00-04:00,70.4000015258789,70.44999694824219,69.82499694824219,69.82499694824219,23487,0.0,0.0,0.0
2023-10-04 10:30:00-04:00,70.03500366210938,70.19999694824219,69.79979705810547,70.19999694824219,17627,0.0,0.0,0.0
2023-10-04 11:30:00-04:00,70.16999816894531,70.4000015258789,70.11000061035156,70.4000015258789,25356,0.0,0.0,0.0
2023-10-04 12:30:00-04:00,70.41000366210938,70.45549774169922,70.2229995727539,70.25409698486328,27549,0.0,0.0,0.0
2023-10-04 13:30:00-04:00,70.1500015258789,70.2135009765625,70.0999984741211,70.15879821777344,12389,0.0,0.0,0.0
2023-10-04 14:30:00-04:00,70.16000366210938,70.37999725341797,70.13009643554688,70.33999633789062,92516,0.0,0.0,0.0
2023-10-04 15:30:00-04:00,70.41560363769531,70.43340301513672,70.31999969482422,70.37979888916016,22003,0.0,0.0,0.0
2023-10-05 09:30:00-04:00,70.62000274658203,70.87000274658203,70.50199890136719,70.85549926757812,31237,0.0,0.0,0.0
2023-10-05 10:30:00-04:00,70.77999877929688,70.77999877929688,70.4083023071289,70.61000061035156,30192,0.0,0.0,0.0
2023-10-05 11:30:00-04:00,70.57599639892578,70.76000213623047,70.55999755859375,70.76000213623047,23375,0.0,0.0,0.0
2023-10-05 12:30:00-04:00,70.73999786376953,70.80819702148438,70.62480163574219,70.70999908447266,20981,0.0,0.0,0.0
2023-10-05 13:30:00-04:00,70.69000244140625,70.91639709472656,70.69000244140625,70.83999633789062,22961,0.0,0.0,0.0
2023-10-05 14:30:00-04:00,70.91999816894531,70.98999786376953,70.84500122070312,70.87149810791016,23227,0.0,0.0,0.0
2023-10-05 15:30:00-04:00,70.91000366210938,70.95999908447266,70.86000061035156,70.91999816894531,16563,0.0,0.0,0.0
2023-10-06 09:30:00-04:00,70.7699966430664,70.7699966430664,70.33000183105469,70.53500366210938,33390,0.0,0.0,0.0
2023-10-06 10:30:00-04:00,70.69000244140625,71.23999786376953,70.62999725341797,71.23999786376953,24161,0.0,0.0,0.0
2023-10-06 11:30:00-04:00,71.20010375976562,71.55899810791016,71.20010375976562,71.36399841308594,75093,0.0,0.0,0.0
2023-10-06 12:30:00-04:00,71.37799835205078,71.5250015258789,71.31999969482422,71.5250015258789,14871,0.0,0.0,0.0
2023-10-06 13:30:00-04:00,71.5364990234375,71.55899810791016,71.47000122070312,71.55000305175781,24417,0.0,0.0,0.0
2023-10-06 14:30:00-04:00,71.56999969482422,71.64749908447266,71.55000305175781,71.5999984741211,30983,0.0,0.0,0.0
2023-10-06 15:30:00-04:00,71.62000274658203,71.62000274658203,71.47000122070312,71.47000122070312,16689,0.0,0.0,0.0
2023-10-09 09:30:00-04:00,71.01000213623047,71.30999755859375,71.01000213623047,71.16000366210938,45261,0.0,0.0,0.0
2023-10-09 10:30:00-04:00,71.16000366210938,71.19999694824219,71.04000091552734,71.19999694824219,15598,0.0,0.0,0.0
2023-10-09 11:30:00-04:00,71.21739959716797,71.26380157470703,71.1500015258789,71.26380157470703,14786,0.0,0.0,0.0
2023-10-09 12:30:00-04:00,71.1500015258789,71.28500366210938,71.12000274658203,71.2750015258789,18823,0.0,0.0,0.0
2023-10-09 13:30:00-04:00,71.30000305175781,71.62999725341797,71.30000305175781,71.62560272216797,12937,0.0,0.0,0.0
2023-10-09 14:30:00-04:00,71.61579895019531,71.71990203857422,71.58110046386719,71.61000061035156,33396,0.0,0.0,0.0
2023-10-09 15:30:00-04:00,71.62999725341797,71.6500015258789,71.58000183105469,71.6500015258789,0,0.0,0.0,0.0
2023-10-10 09:30:00-04:00,72.08999633789062,72.4000015258789,72.02359771728516,72.4000015258789,36523,0.0,0.0,0.0
2023-10-10 10:30:00-04:00,72.37000274658203,72.53990173339844,72.33499908447266,72.47380065917969,7112,0.0,0.0,0.0
2023-10-10 11:30:00-04:00,72.49949645996094,72.63670349121094,72.49949645996094,72.63670349121094,12218,0.0,0.0,0.0
2023-10-10 12:30:00-04:00,72.62000274658203,72.6593017578125,72.35649871826172,72.41000366210938,25240,0.0,0.0,0.0
2023-10-10 13:30:00-04:00,72.37999725341797,72.4800033569336,72.29509735107422,72.33999633789062,21814,0.0,0.0,0.0
2023-10-10 14:30:00-04:00,72.37000274658203,72.49400329589844,72.33499908447266,72.40499877929688,15471,0.0,0.0,0.0
2023-10-10 15:30:00-04:00,72.41999816894531,72.45999908447266,72.38999938964844,72.38999938964844,22524,0.0,0.0,0.0
2023-10-11 09:30:00-04:00,72.88999938964844,72.9749984741211,72.75,72.80999755859375,42756,0.0,0.0,0.0
2023-10-11 10:30:00-04:00,72.83499908447266,72.95999908447266,72.78520202636719,72.83499908447266,25847,0.0,0.0,0.0
2023-10-11 11:30:00-04:00,72.8499984741211,72.88999938964844,72.77999877929688,72.80879974365234,22499,0.0,0.0,0.0
2023-10-11 12:30:00-04:00,72.83999633789062,72.85990142822266,72.66500091552734,72.70899963378906,16108,0.0,0.0,0.0
2023-10-11 13:30:00-04:00,72.65160369873047,72.80999755859375,72.58000183105469,72.7699966430664,17362,0.0,0.0,0.0
2023-10-11 14:30:00-04:00,72.79000091552734,72.95999908447266,72.75,72.95999908447266,22100,0.0,0.0,0.0
2023-10-11 15:30:00-04:00,72.91999816894531,73.04000091552734,72.91999816894531,73.0199966430664,18916,0.0,0.0,0.0
2023-10-12 09:30:00-04:00,72.98999786376953,72.98999786376953,72.58999633789062,72.70999908447266,27969,0.0,0.0,0.0
2023-10-12 10:30:00-04:00,72.6500015258789,72.6500015258789,72.48999786376953,72.52999877929688,49419,0.0,0.0,0.0
2023-10-12 11:30:00-04:00,72.50800323486328,72.66000366210938,72.45999908447266,72.59500122070312,16570,0.0,0.0,0.0
2023-10-12 12:30:00-04:00,72.63929748535156,72.63929748535156,72.25499725341797,72.2750015258789,68983,0.0,0.0,0.0
2023-10-12 13:30:00-04:00,72.2760009765625,72.29000091552734,72.02999877929688,72.21499633789062,15349,0.0,0.0,0.0
2023-10-12 14:30:00-04:00,72.22000122070312,72.31819915771484,72.1864013671875,72.23500061035156,632078,0.0,0.0,0.0
2023-10-12 15:30:00-04:00,72.2300033569336,72.33000183105469,72.2300033569336,72.28500366210938,24887,0.0,0.0,0.0
2023-10-13 09:30:00-04:00,72.3499984741211,72.45999908447266,72.0509033203125,72.07499694824219,188525,0.0,0.0,0.0
2023-10-13 10:30:00-04:00,72.07769775390625,72.18000030517578,71.7699966430664,71.7699966430664,22504,0.0,0.0,0.0
2023-10-13 11:30:00-04:00,71.82740020751953,72.04170227050781,71.81320190429688,72.03500366210938,49737,0.0,0.0,0.0
2023-10-13 12:30:00-04:00,72.0250015258789,72.05950164794922,71.80999755859375,71.80999755859375,156879,0.0,0.0,0.0
2023-10-13 13:30:00-04:00,71.76010131835938,72.0,71.76010131835938,71.94999694824219,20157,0.0,0.0,0.0
2023-10-13 14:30:00-04:00,71.98999786376953,72.00399780273438,71.86720275878906,71.91000366210938,15491,0.0,0.0,0.0
2023-10-13 15:30:00-04:00,71.97000122070312,72.0022964477539,71.85060119628906,71.91000366210938,19008,0.0,0.0,0.0
2023-10-16 09:30:00-04:00,71.83999633789062,72.08000183105469,71.75,72.08000183105469,33913,0.0,0.0,0.0
2023-10-16 10:30:00-04:00,72.1083984375,72.214599609375,72.1083984375,72.12000274658203,28479,0.0,0.0,0.0
2023-10-16 11:30:00-04:00,72.14700317382812,72.1781005859375,72.0530014038086,72.16999816894531,15886,0.0,0.0,0.0
2023-10-16 12:30:00-04:00,72.17500305175781,72.2699966430664,72.02899932861328,72.12000274658203,19450,0.0,0.0,0.0
2023-10-16 13:30:00-04:00,72.16000366210938,72.27749633789062,72.13999938964844,72.20279693603516,19049,0.0,0.0,0.0
2023-10-16 14:30:00-04:00,72.19219970703125,72.29000091552734,72.16999816894531,72.29000091552734,14893,0.0,0.0,0.0
2023-10-16 15:30:00-04:00,72.30899810791016,72.31999969482422,72.22139739990234,72.29000091552734,210815,0.0,0.0,0.0
2023-10-17 09:30:00-04:00,71.77999877929688,72.12200164794922,71.69000244140625,72.08000183105469,38370,0.0,0.0,0.0
2023-10-17 10:30:00-04:00,72.0698013305664,72.22000122070312,72.0698013305664,72.15499877929688,33756,0.0,0.0,0.0
2023-10-17 11:30:00-04:00,72.19000244140625,72.43000030517578,72.16999816894531,72.43000030517578,38683,0.0,0.0,0.0
2023-10-17 12:30:00-04:00,72.41999816894531,72.41999816894531,72.15979766845703,72.16500091552734,21071,0.0,0.0,0.0
2023-10-17 13:30:00-04:00,72.1500015258789,72.18990325927734,71.95999908447266,72.05879974365234,39047,0.0,0.0,0.0
2023-10-17 14:30:00-04:00,72.0199966430664,72.08000183105469,71.91999816894531,72.04570007324219,17910,0.0,0.0,0.0
2023-10-17 15:30:00-04:00,72.06500244140625,72.13999938964844,72.0,72.13999938964844,0,0.0,0.0,0.0
2023-10-18 09:30:00-04:00,71.63999938964844,71.63999938964844,71.3499984741211,71.37000274658203,26872,0.0,0.0,0.0
2023-10-18 10:30:00-04:00,71.3499984741211,71.35900115966797,71.19000244140625,71.27999877929688,307067,0.0,0.0,0.0
2023-10-18 11:30:00-04:00,71.2300033569336,71.25900268554688,71.06999969482422,71.09989929199219,13356,0.0,0.0,0.0
2023-10-18 12:30:00-04:00,71.0999984741211,71.29550170898438,71.05490112304688,71.21800231933594,36145,0.0,0.0,0.0
2023-10-18 13:30:00-04:00,71.2300033569336,71.25,71.05999755859375,71.12000274658203,15036,0.0,0.0,0.0
2023-10-18 14:30:00-04:00,71.16000366210938,71.16000366210938,70.88619995117188,70.91000366210938,42099,0.0,0.0,0.0
2023-10-18 15:30:00-04:00,70.93000030517578,70.9800033569336,70.86000061035156,70.91000366210938,42976,0.0,0.0,0.0
2023-10-19 09:30:00-04:00,70.66999816894531,70.80999755859375,70.6156997680664,70.6156997680664,54546,0.0,0.0,0.0
2023-10-19 10:30:00-04:00,70.56999969482422,70.65499877929688,70.4800033569336,70.62999725341797,35678,0.0,0.0,0.0
2023-10-19 11:30:00-04:00,70.6240005493164,70.95999908447266,70.5199966430664,70.7300033569336,25947,0.0,0.0,0.0
2023-10-19 12:30:00-04:00,70.69999694824219,70.9800033569336,70.37000274658203,70.91600036621094,27675,0.0,0.0,0.0
2023-10-19 13:30:00-04:00,70.8949966430664,70.9000015258789,70.62999725341797,70.65899658203125,643968,0.0,0.0,0.0
2023-10-19 14:30:00-04:00,70.61000061035156,70.61000061035156,70.36000061035156,70.37000274658203,48967,0.0,0.0,0.0
2023-10-19 15:30:00-04:00,70.4000015258789,70.45999908447266,70.27999877929688,70.37999725341797,37420,0.0,0.0,0.0
2023-10-20 09:30:00-04:00,70.33999633789062,70.44000244140625,70.08999633789062,70.08999633789062,45234,0.0,0.0,0.0
2023-10-20 10:30:00-04:00,70.05000305175781,70.19999694824219,70.02899932861328,70.1050033569336,58638,0.0,0.0,0.0
2023-10-20 11:30:00-04:00,70.05000305175781,70.14469909667969,69.9800033569336,70.09500122070312,40393,0.0,0.0,0.0
2023-10-20 12:30:00-04:00,70.10530090332031,70.27999877929688,70.06009674072266,70.19499969482422,145185,0.0,0.0,0.0
2023-10-20 13:30:00-04:00,70.20500183105469,70.22000122070312,70.0000991821289,70.04000091552734,18532,0.0,0.0,0.0
2023-10-20 14:30:00-04:00,70.0199966430664,70.13999938964844,69.96620178222656,69.97840118408203,46282,0.0,0.0,0.0
2023-10-20 15:30:00-04:00,70.01000213623047,70.0270004272461,69.9000015258789,69.91999816894531,23714,0.0,0.0,0.0
2023-10-23 09:30:00-04:00,69.70999908447266,69.98480224609375,69.47000122070312,69.96759796142578,31098,0.0,0.0,0.0
2023-10-23 10:30:00-04:00,69.96150207519531,70.13569641113281,69.83999633789062,70.0947036743164,123660,0.0,0.0,0.0
2023-10-23 11:30:00-04:00,70.08000183105469,70.20989990234375,70.05999755859375,70.13500213623047,26913,0.0,0.0,0.0
2023-10-23 12:30:00-04:00,70.16899871826172,70.36630249023438,70.12999725341797,70.20379638671875,19780,0.0,0.0,0.0
2023-10-23 13:30:00-04:00,70.20999908447266,70.2863998413086,70.0801010131836,70.12000274658203,64937,0.0,0.0,0.0
2023-10-23 14:30:00-04:00,70.11589813232422,70.22000122070312,69.94999694824219,69.94999694824219,32835,0.0,0.0,0.0
2023-10-23 15:30:00-04:00,69.95999908447266,69.98999786376953,69.90059661865234,69.95999908447266,25083,0.0,0.0,0.0
2023-10-24 09:30:00-04:00,69.95999908447266,70.10639953613281,69.87999725341797,70.04000091552734,26423,0.0,0.0,0.0
2023-10-24 10:30:00-04:00,70.20989990234375,70.20989990234375,69.99729919433594,70.02999877929688,27026,0.0,0.0,0.0
2023-10-24 11:30:00-04:00,70.02999877929688,70.08999633789062,69.90489959716797,69.90489959716797,21876,0.0,0.0,0.0
2023-10-24 12:30:00-04:00,69.92009735107422,69.95999908447266,69.80000305175781,69.94999694824219,23435,0.0,0.0,0.0
2023-10-24 13:30:00-04:00,69.98999786376953,70.02140045166016,69.9208984375,70.01100158691406,37726,0.0,0.0,0.0
2023-10-24 14:30:00-04:00,70.0969009399414,70.11000061035156,70.02999877929688,70.07009887695312,27035,0.0,0.0,0.0
2023-10-24 15:30:00-04:00,70.08499908447266,70.13999938964844,70.06500244140625,70.12000274658203,56711,0.0,0.0,0.0
2023-10-25 09:30:00-04:00,70.01000213623047,70.01000213623047,69.56929779052734,69.73500061035156,38189,0.0,0.0,0.0
2023-10-25 10:30:00-04:00,69.82499694824219,70.2300033569336,69.81999969482422,70.13999938964844,32009,0.0,0.0,0.0
2023-10-25 11:30:00-04:00,70.12000274658203,70.15889739990234,69.9197998046875,69.9489974975586,25024,0.0,0.0,0.0
2023-10-25 12:30:00-04:00,69.94490051269531,69.9614028930664,69.79000091552734,69.79000091552734,18814,0.0,0.0,0.0
2023-10-25 13:30:00-04:00,69.7802963256836,69.80999755859375,69.66000366210938,69.71649932861328,25467,0.0,0.0,0.0
2023-10-25 14:30:00-04:00,69.72010040283203,69.78109741210938,69.64360046386719,69.70500183105469,24538,0.0,0.0,0.0
2023-10-25 15:30:00-04:00,69.73519897460938,69.79450225830078,69.66000366210938,69.66000366210938,24629,0.0,0.0,0.0
2023-10-26 09:30:00-04:00,69.62000274658203,69.69499969482422,69.29000091552734,69.44000244140625,36137,0.0,0.0,0.0
2023-10-26 10:30:00-04:00,69.44000244140625,69.6989974975586,69.36000061035156,69.41200256347656,21109,0.0,0.0,0.0
2023-10-26 11:30:00-04:00,69.37000274658203,69.43000030517578,69.12909698486328,69.1897964477539,34183,0.0,0.0,0.0
2023-10-26 12:30:00-04:00,69.21479797363281,69.26329803466797,69.08499908447266,69.13999938964844,42640,0.0,0.0,0.0
2023-10-26 13:30:00-04:00,69.12000274658203,69.38999938964844,69.10369873046875,69.33999633789062,24110,0.0,0.0,0.0
2023-10-26 14:30:00-04:00,69.37000274658203,69.54000091552734,69.36000061035156,69.38999938964844,30818,0.0,0.0,0.0
2023-10-26 15:30:00-04:00,69.39140319824219,69.39140319824219,69.22000122070312,69.31999969482422,0,0.0,0.0,0.0
2023-10-27 09:30:00-04:00,69.19000244140625,69.26000213623047,68.87999725341797,68.87999725341797,28446,0.0,0.0,0.0
2023-10-27 10:30:00-04:00,68.82080078125,68.94499969482422,68.65499877929688,68.91999816894531,39418,0.0,0.0,0.0
2023-10-27 11:30:00-04:00,68.84500122070312,68.8844985961914,68.73320007324219,68.75,120495,0.0,0.0,0.0
2023-10-27 12:30:00-04:00,68.75,68.77999877929688,68.5199966430664,68.56009674072266,31004,0.0,0.0,0.0
2023-10-27 13:30:00-04:00,68.5199966430664,68.62999725341797,68.5,68.5271987915039,41615,0.0,0.0,0.0
2023-10-27 14:30:00-04:00,68.52010345458984,68.62000274658203,68.47209930419922,68.5250015258789,48440,0.0,0.0,0.0
2023-10-27 15:30:00-04:00,68.54399871826172,68.62999725341797,68.44999694824219,68.61000061035156,68824,0.0,0.0,0.0
2023-10-30 09:30:00-04:00,69.52999877929688,69.70999908447266,69.36000061035156,69.38999938964844,54974,0.0,0.0,0.0
2023-10-30 10:30:00-04:00,69.39990234375,69.63999938964844,69.33989715576172,69.56990051269531,34013,0.0,0.0,0.0
2023-10-30 11:30:00-04:00,69.55500030517578,69.61900329589844,69.48500061035156,69.48500061035156,19081,0.0,0.0,0.0
2023-10-30 12:30:00-04:00,69.51490020751953,69.5968017578125,69.42420196533203,69.5968017578125,25262,0.0,0.0,0.0
2023-10-30 13:30:00-04:00,69.62999725341797,69.73480224609375,69.6073989868164,69.66329956054688,28402,0.0,0.0,0.0
2023-10-30 14:30:00-04:00,69.67359924316406,69.79499816894531,69.66889953613281,69.75540161132812,36007,0.0,0.0,0.0
2023-10-30 15:30:00-04:00,69.74340057373047,69.7699966430664,69.68000030517578,69.70999908447266,0,0.0,0.0,0.0
2023-10-31 09:30:00-04:00,69.80999755859375,69.80999755859375,69.45500183105469,69.6500015258789,50616,0.0,0.0,0.0
2023-10-31 10:30:00-04:00,69.71499633789062,69.71499633789062,69.55000305175781,69.56999969482422,30927,0.0,0.0,0.0
2023-10-31 11:30:00-04:00,69.58159637451172,69.59359741210938,69.4103012084961,69.44000244140625,52979,0.0,0.0,0.0
2023-10-31 12:30:00-04:00,69.45999908447266,69.69999694824219,69.41999816894531,69.58499908447266,61321,0.0,0.0,0.0
2023-10-31 13:30:00-04:00,69.62999725341797,69.73999786376953,69.58999633789062,69.66999816894531,98957,0.0,0.0,0.0
2023-10-31 14:30:00-04:00,69.66999816894531,69.84500122070312,69.6500015258789,69.79000091552734,105377,0.0,0.0,0.0
2023-10-31 15:30:00-04:00,69.79000091552734,69.8499984741211,69.72010040283203,69.79000091552734,39732,0.0,0.0,0.0
2023-11-01 09:30:00-04:00,70.0,70.30000305175781,69.94000244140625,70.2750015258789,104569,0.0,0.0,0.0
2023-11-01 10:30:00-04:00,70.29000091552734,70.37999725341797,70.05000305175781,70.08000183105469,152955,0.0,0.0,0.0
2023-11-01 11:30:00-04:00,70.0999984741211,70.19200134277344,70.0155029296875,70.0155029296875,130812,0.0,0.0,0.0
2023-11-01 12:30:00-04:00,70.05999755859375,70.12000274658203,70.0,70.03359985351562,22629,0.0,0.0,0.0
2023-11-01 13:30:00-04:00,70.0999984741211,70.26419830322266,70.02999877929688,70.12999725341797,36747,0.0,0.0,0.0
2023-11-01 14:30:00-04:00,70.1093978881836,70.51959991455078,69.92620086669922,70.45999908447266,60626,0.0,0.0,0.0
2023-11-01 15:30:00-04:00,70.48999786376953,70.56990051269531,70.47109985351562,70.55999755859375,0,0.0,0.0,0.0
2023-11-02 09:30:00-04:00,71.69000244140625,71.78630065917969,71.48300170898438,71.57499694824219,38022,0.0,0.0,0.0
2023-11-02 10:30:00-04:00,71.63670349121094,71.80899810791016,71.62000274658203,71.69940185546875,17880,0.0,0.0,0.0
2023-11-02 11:30:00-04:00,71.66999816894531,71.7499008178711,71.51000213623047,71.55940246582031,38304,0.0,0.0,0.0
2023-11-02 12:30:00-04:00,71.6500015258789,71.83899688720703,71.6500015258789,71.83529663085938,17216,0.0,0.0,0.0
2023-11-02 13:30:00-04:00,71.87989807128906,71.90959930419922,71.85710144042969,71.8949966430664,19295,0.0,0.0,0.0
2023-11-02 14:30:00-04:00,71.87999725341797,71.91999816894531,71.83999633789062,71.87999725341797,95463,0.0,0.0,0.0
2023-11-02 15:30:00-04:00,71.87999725341797,71.97000122070312,71.85780334472656,71.95999908447266,0,0.0,0.0,0.0
2023-11-03 09:30:00-04:00,72.3499984741211,72.6500015258789,72.31500244140625,72.33000183105469,44995,0.0,0.0,0.0
2023-11-03 10:30:00-04:00,72.33000183105469,72.5552978515625,72.33000183105469,72.5552978515625,35670,0.0,0.0,0.0
2023-11-03 11:30:00-04:00,72.54000091552734,72.6500015258789,72.51080322265625,72.61009979248047,47919,0.0,0.0,0.0
2023-11-03 12:30:00-04:00,72.61000061035156,72.6875,72.50499725341797,72.5199966430664,20950,0.0,0.0,0.0
2023-11-03 13:30:00-04:00,72.56999969482422,72.66000366210938,72.55280303955078,72.64749908447266,20834,0.0,0.0,0.0
2023-11-03 14:30:00-04:00,72.6510009765625,72.7300033569336,72.63500213623047,72.63619995117188,20286,0.0,0.0,0.0
2023-11-03 15:30:00-04:00,72.5999984741211,72.625,72.52999877929688,72.55000305175781,22619,0.0,0.0,0.0
2023-11-06 09:30:00-05:00,72.47000122070312,72.51000213623047,72.30000305175781,72.3239974975586,50131,0.0,0.0,0.0
2023-11-06 10:30:00-05:00,72.30999755859375,72.52890014648438,72.30999755859375,72.46499633789062,34676,0.0,0.0,0.0
2023-11-06 11:30:00-05:00,72.49839782714844,72.51499938964844,72.40460205078125,72.44000244140625,38593,0.0,0.0,0.0
2023-11-06 12:30:00-05:00,72.43499755859375,72.43499755859375,72.22000122070312,72.22669982910156,21103,0.0,0.0,0.0
2023-11-06 13:30:00-05:00,72.25,72.31900024414062,72.16000366210938,72.21499633789062,22342,0.0,0.0,0.0
2023-11-06 14:30:00-05:00,72.22480010986328,72.33000183105469,72.21219635009766,72.30999755859375,88958,0.0,0.0,0.0
2023-11-06 15:30:00-05:00,72.32350158691406,72.3499984741211,72.2699966430664,72.33999633789062,23990,0.0,0.0,0.0
2023-11-07 09:30:00-05:00,72.05000305175781,72.08999633789062,71.82839965820312,72.08999633789062,31496,0.0,0.0,0.0
2023-11-07 10:30:00-05:00,72.11000061035156,72.19830322265625,72.05999755859375,72.06500244140625,18794,0.0,0.0,0.0
2023-11-07 11:30:00-05:00,72.03359985351562,72.12000274658203,71.92500305175781,71.93000030517578,24525,0.0,0.0,0.0
2023-11-07 12:30:00-05:00,71.88500213623047,72.06999969482422,71.87419891357422,72.0698013305664,22635,0.0,0.0,0.0
2023-11-07 13:30:00-05:00,72.0999984741211,72.16999816894531,72.06999969482422,72.15270233154297,15050,0.0,0.0,0.0
2023-11-07 14:30:00-05:00,72.16000366210938,72.18800354003906,72.07499694824219,72.11869812011719,51484,0.0,0.0,0.0
2023-11-07 15:30:00-05:00,72.14659881591797,72.19999694824219,72.08499908447266,72.11000061035156,0,0.0,0.0,0.0
2023-11-08 09:30:00-05:00,72.08000183105469,72.38999938964844,72.08000183105469,72.1865005493164,47723,0.0,0.0,0.0
2023-11-08 10:30:00-05:00,72.21800231933594,72.21800231933594,72.08370208740234,72.18830108642578,11521,0.0,0.0,0.0
2023-11-08 11:30:00-05:00,72.1448974609375,72.1958999633789,71.97949981689453,71.9800033569336,32788,0.0,0.0,0.0
2023-11-08 12:30:00-05:00,71.95999908447266,72.02999877929688,71.9000015258789,72.02999877929688,33626,0.0,0.0,0.0
2023-11-08 13:30:00-05:00,71.99400329589844,72.08999633789062,71.99099731445312,72.06999969482422,48364,0.0,0.0,0.0
2023-11-08 14:30:00-05:00,72.08000183105469,72.08000183105469,71.9800033569336,72.05999755859375,31221,0.0,0.0,0.0
2023-11-08 15:30:00-05:00,72.04000091552734,72.15979766845703,72.0155029296875,72.0999984741211,0,0.0,0.0,0.0
2023-11-09 09:30:00-05:00,72.55000305175781,72.72000122070312,72.51000213623047,72.543701171875,63137,0.0,0.0,0.0
2023-11-09 10:30:00-05:00,72.4800033569336,72.69979858398438,72.44999694824219,72.6500015258789,20269,0.0,0.0,0.0
2023-11-09 11:30:00-05:00,72.64009857177734,72.69000244140625,72.58000183105469,72.58499908447266,37173,0.0,0.0,0.0
2023-11-09 12:30:00-05:00,72.52999877929688,72.61609649658203,72.2300033569336,72.49310302734375,19022,0.0,0.0,0.0
2023-11-09 13:30:00-05:00,72.49500274658203,72.51000213623047,72.0999984741211,72.21829986572266,22970,0.0,0.0,0.0
2023-11-09 14:30:00-05:00,72.19000244140625,72.19539642333984,72.02999877929688,72.08000183105469,19449,0.0,0.0,0.0
2023-11-09 15:30:00-05:00,72.05000305175781,72.08999633789062,72.0,72.06999969482422,0,0.0,0.0,0.0
2023-11-10 09:30:00-05:00,72.04000091552734,72.04000091552734,71.48999786376953,71.54499816894531,34494,0.0,0.0,0.0
2023-11-10 10:30:00-05:00,71.55999755859375,71.83999633789062,71.47000122070312,71.81999969482422,23495,0.0,0.0,0.0
2023-11-10 11:30:00-05:00,71.78990173339844,71.93000030517578,71.76300048828125,71.90959930419922,36279,0.0,0.0,0.0
2023-11-10 12:30:00-05:00,71.93000030517578,72.13999938964844,71.93000030517578,72.12000274658203,30384,0.0,0.0,0.0
2023-11-10 13:30:00-05:00,72.11479949951172,72.24569702148438,72.11479949951172,72.2261962890625,46919,0.0,0.0,0.0
2023-11-10 14:30:00-05:00,72.2249984741211,72.29679870605469,72.18260192871094,72.29299926757812,20481,0.0,0.0,0.0
2023-11-10 15:30:00-05:00,72.29499816894531,72.3499984741211,72.27010345458984,72.30000305175781,24263,0.0,0.0,0.0
2023-11-13 09:30:00-05:00,71.94999694824219,72.04000091552734,71.75299835205078,72.00499725341797,52403,0.0,0.0,0.0
2023-11-13 10:30:00-05:00,72.06999969482422,72.3042984008789,71.98999786376953,72.3042984008789,19290,0.0,0.0,0.0
2023-11-13 11:30:00-05:00,72.30500030517578,72.46839904785156,72.30500030517578,72.42500305175781,66525,0.0,0.0,0.0
2023-11-13 12:30:00-05:00,72.4000015258789,72.44999694824219,72.32499694824219,72.33999633789062,24123,0.0,0.0,0.0
2023-11-13 13:30:00-05:00,72.3499984741211,72.47000122070312,72.33999633789062,72.4000015258789,22538,0.0,0.0,0.0
2023-11-13 14:30:00-05:00,72.42500305175781,72.4800033569336,72.37039947509766,72.43000030517578,39276,0.0,0.0,0.0
2023-11-13 15:30:00-05:00,72.43000030517578,72.44989776611328,72.36000061035156,72.38999938964844,0,0.0,0.0,0.0
2023-11-14 09:30:00-05:00,73.43000030517578,73.63999938964844,73.20999908447266,73.63999938964844,47492,0.0,0.0,0.0
2023-11-14 10:30:00-05:00,73.63999938964844,73.7300033569336,73.44339752197266,73.68240356445312,23085,0.0,0.0,0.0
2023-11-14 11:30:00-05:00,73.69999694824219,73.70999908447266,73.54440307617188,73.58000183105469,31035,0.0,0.0,0.0
2023-11-14 12:30:00-05:00,73.56500244140625,73.73999786376953,73.56500244140625,73.71499633789062,233141,0.0,0.0,0.0
2023-11-14 13:30:00-05:00,73.72000122070312,73.75,73.64070129394531,73.7300033569336,64314,0.0,0.0,0.0
2023-11-14 14:30:00-05:00,73.74749755859375,73.9000015258789,73.73899841308594,73.9000015258789,47902,0.0,0.0,0.0
2023-11-14 15:30:00-05:00,73.88500213623047,73.91999816894531,73.76000213623047,73.80000305175781,52452,0.0,0.0,0.0
2023-11-15 09:30:00-05:00,73.9800033569336,74.05999755859375,73.76499938964844,73.97489929199219,45431,0.0,0.0,0.0
2023-11-15 10:30:00-05:00,73.893798828125,74.08999633789062,73.893798828125,73.98999786376953,28606,0.0,0.0,0.0
2023-11-15 11:30:00-05:00,73.98989868164062,73.98989868164062,73.77999877929688,73.83000183105469,19605,0.0,0.0,0.0
2023-11-15 12:30:00-05:00,73.83000183105469,73.86419677734375,73.66000366210938,73.74009704589844,48700,0.0,0.0,0.0
2023-11-15 13:30:00-05:00,73.7135009765625,73.77999877929688,73.67030334472656,73.7750015258789,59381,0.0,0.0,0.0
2023-11-15 14:30:00-05:00,73.77999877929688,73.81999969482422,73.69029998779297,73.70999908447266,33029,0.0,0.0,0.0
2023-11-15 15:30:00-05:00,73.73999786376953,73.76020050048828,73.66000366210938,73.72000122070312,0,0.0,0.0,0.0
2023-11-16 09:30:00-05:00,73.58999633789062,73.79000091552734,73.52999877929688,73.79000091552734,67345,0.0,0.0,0.0
2023-11-16 10:30:00-05:00,73.82869720458984,73.82869720458984,73.38999938964844,73.41999816894531,51031,0.0,0.0,0.0
2023-11-16 11:30:00-05:00,73.41000366210938,73.54000091552734,73.37000274658203,73.53500366210938,29738,0.0,0.0,0.0
2023-11-16 12:30:00-05:00,73.53079986572266,73.58910369873047,73.47090148925781,73.5199966430664,25114,0.0,0.0,0.0
2023-11-16 13:30:00-05:00,73.54000091552734,73.56999969482422,73.4800033569336,73.52999877929688,34242,0.0,0.0,0.0
2023-11-16 14:30:00-05:00,73.58999633789062,73.6094970703125,73.53569793701172,73.54499816894531,30288,0.0,0.0,0.0
2023-11-16 15:30:00-05:00,73.55000305175781,73.63619995117188,73.54000091552734,73.5999984741211,32906,0.0,0.0,0.0
2023-11-17 09:30:00-05:00,74.25,74.26000213623047,74.05999755859375,74.2061996459961,49856,0.0,0.0,0.0
2023-11-17 10:30:00-05:00,74.19999694824219,74.26480102539062,74.15149688720703,74.15149688720703,18666,0.0,0.0,0.0
2023-11-17 11:30:00-05:00,74.1500015258789,74.26499938964844,74.1050033569336,74.19979858398438,77371,0.0,0.0,0.0
2023-11-17 12:30:00-05:00,74.22679901123047,74.28579711914062,74.21009826660156,74.2699966430664,18082,0.0,0.0,0.0
2023-11-17 13:30:00-05:00,74.29000091552734,74.33999633789062,74.28410339355469,74.29979705810547,49399,0.0,0.0,0.0
2023-11-17 14:30:00-05:00,74.30000305175781,74.35990142822266,74.27069854736328,74.3499984741211,31092,0.0,0.0,0.0
2023-11-17 15:30:00-05:00,74.33499908447266,74.36000061035156,74.27999877929688,74.36000061035156,32692,0.0,0.0,0.0
2023-11-20 09:30:00-05:00,74.33999633789062,74.48999786376953,74.25,74.45999908447266,143695,0.0,0.0,0.0
2023-11-20 10:30:00-05:00,74.47000122070312,74.53900146484375,74.41999816894531,74.5,46483,0.0,0.0,0.0
2023-11-20 11:30:00-05:00,74.5199966430664,74.58000183105469,74.4697036743164,74.54000091552734,37589,0.0,0.0,0.0
2023-11-20 12:30:00-05:00,74.51000213623047,74.62000274658203,74.43499755859375,74.5999984741211,27192,0.0,0.0,0.0
2023-11-20 13:30:00-05:00,74.61000061035156,74.61000061035156,74.54219818115234,74.57499694824219,24990,0.0,0.0,0.0
2023-11-20 14:30:00-05:00,74.58999633789062,74.72000122070312,74.58999633789062,74.69999694824219,54711,0.0,0.0,0.0
2023-11-20 15:30:00-05:00,74.69999694824219,74.72000122070312,74.60900115966797,74.63999938964844,0,0.0,0.0,0.0
2023-11-21 09:30:00-05:00,74.75,74.81639862060547,74.6094970703125,74.6094970703125,74560,0.0,0.0,0.0
2023-11-21 10:30:00-05:00,74.60780334472656,74.64640045166016,74.55249786376953,74.57479858398438,24048,0.0,0.0,0.0
2023-11-21 11:30:00-05:00,74.5780029296875,74.65160369873047,74.56999969482422,74.5999984741211,35167,0.0,0.0,0.0
2023-11-21 12:30:00-05:00,74.62000274658203,74.6500015258789,74.44999694824219,74.48999786376953,24986,0.0,0.0,0.0
2023-11-21 13:30:00-05:00,74.48380279541016,74.55999755859375,74.44999694824219,74.52999877929688,23378,0.0,0.0,0.0
2023-11-21 14:30:00-05:00,74.5199966430664,74.55999755859375,74.48500061035156,74.51010131835938,220125,0.0,0.0,0.0
2023-11-21 15:30:00-05:00,74.51000213623047,74.53990173339844,74.47000122070312,74.47000122070312,0,0.0,0.0,0.0
2023-11-22 09:30:00-05:00,74.76000213623047,74.8407974243164,74.45999908447266,74.58000183105469,57317,0.0,0.0,0.0
2023-11-22 10:30:00-05:00,74.60759735107422,74.70989990234375,74.58000183105469,74.66000366210938,22938,0.0,0.0,0.0
2023-11-22 11:30:00-05:00,74.69999694824219,74.80500030517578,74.69860076904297,74.79000091552734,22191,0.0,0.0,0.0
2023-11-22 12:30:00-05:00,74.78720092773438,74.80000305175781,74.65499877929688,74.79000091552734,56975,0.0,0.0,0.0
2023-11-22 13:30:00-05:00,74.79989624023438,74.83999633789062,74.73660278320312,74.80000305175781,25578,0.0,0.0,0.0
2023-11-22 14:30:00-05:00,74.77999877929688,74.80999755859375,74.66999816894531,74.80000305175781,18977,0.0,0.0,0.0
2023-11-22 15:30:00-05:00,74.81999969482422,74.83999633789062,74.80000305175781,74.80000305175781,24904,0.0,0.0,0.0
2023-11-24 09:30:00-05:00,75.0199966430664,75.30000305175781,74.98999786376953,75.23999786376953,41643,0.0,0.0,0.0
2023-11-24 10:30:00-05:00,75.2300033569336,75.27999877929688,75.20179748535156,75.25,20382,0.0,0.0,0.0
2023-11-24 11:30:00-05:00,75.26000213623047,75.2699966430664,75.17009735107422,75.19100189208984,10739,0.0,0.0,0.0
2023-11-27 09:30:00-05:00,75.19999694824219,75.19999694824219,75.0199966430664,75.10870361328125,30792,0.0,0.0,0.0
2023-11-27 10:30:00-05:00,75.12860107421875,75.1353988647461,74.95999908447266,74.9800033569336,18244,0.0,0.0,0.0
2023-11-27 11:30:00-05:00,75.03189849853516,75.03189849853516,74.92009735107422,74.9719009399414,523559,0.0,0.0,0.0
2023-11-27 12:30:00-05:00,74.95989990234375,75.06999969482422,74.94000244140625,75.02999877929688,30093,0.0,0.0,0.0
2023-11-27 13:30:00-05:00,75.05999755859375,75.08999633789062,75.0199966430664,75.06189727783203,33105,0.0,0.0,0.0
2023-11-27 14:30:00-05:00,75.06999969482422,75.1050033569336,75.0199966430664,75.05000305175781,40708,0.0,0.0,0.0
2023-11-27 15:30:00-05:00,75.05500030517578,75.08989715576172,75.0199966430664,75.02999877929688,0,0.0,0.0,0.0
2023-11-28 09:30:00-05:00,74.83000183105469,74.89849853515625,74.70999908447266,74.8499984741211,52031,0.0,0.0,0.0
2023-11-28 10:30:00-05:00,74.8853988647461,75.18669891357422,74.84600067138672,75.1500015258789,26153,0.0,0.0,0.0
2023-11-28 11:30:00-05:00,75.13999938964844,75.2301025390625,75.13999938964844,75.189697265625,50696,0.0,0.0,0.0
2023-11-28 12:30:00-05:00,75.16000366210938,75.16000366210938,74.9000015258789,74.98999786376953,15394,0.0,0.0,0.0
2023-11-28 13:30:00-05:00,74.99500274658203,75.05999755859375,74.94419860839844,75.02999877929688,34517,0.0,0.0,0.0
2023-11-28 14:30:00-05:00,75.01000213623047,75.11000061035156,74.9800033569336,75.06999969482422,36981,0.0,0.0,0.0
2023-11-28 15:30:00-05:00,75.06420135498047,75.11000061035156,75.04000091552734,75.08000183105469,0,0.0,0.0,0.0
2023-11-29 09:30:00-05:00,75.23999786376953,75.26000213623047,74.95999908447266,75.0199966430664,79921,0.0,0.0,0.0
2023-11-29 10:30:00-05:00,75.05999755859375,75.22000122070312,75.0,75.05999755859375,31145,0.0,0.0,0.0
2023-11-29 11:30:00-05:00,75.06919860839844,75.26000213623047,75.05770111083984,75.25,53898,0.0,0.0,0.0
2023-11-29 12:30:00-05:00,75.25,75.31999969482422,75.24479675292969,75.2979965209961,45313,0.0,0.0,0.0
2023-11-29 13:30:00-05:00,75.31999969482422,75.43000030517578,75.25,75.34500122070312,22625,0.0,0.0,0.0
2023-11-29 14:30:00-05:00,75.33999633789062,75.33999633789062,75.1500015258789,75.16999816894531,48817,0.0,0.0,0.0
2023-11-29 15:30:00-05:00,75.16999816894531,75.20999908447266,75.13999938964844,75.20999908447266,0,0.0,0.0,0.0
2023-11-30 09:30:00-05:00,75.19999694824219,75.19999694824219,74.79000091552734,75.05999755859375,46753,0.0,0.0,0.0
2023-11-30 10:30:00-05:00,75.08999633789062,75.2697982788086,75.03500366210938,75.16500091552734,23213,0.0,0.0,0.0
2023-11-30 11:30:00-05:00,75.1500015258789,75.16000366210938,75.05500030517578,75.0884017944336,33495,0.0,0.0,0.0
2023-11-30 12:30:00-05:00,75.08999633789062,75.16999816894531,75.05999755859375,75.106201171875,20906,0.0,0.0,0.0
2023-11-30 13:30:00-05:00,75.11000061035156,75.19000244140625,75.04000091552734,75.16000366210938,21354,0.0,0.0,0.0
2023-11-30 14:30:00-05:00,75.15059661865234,75.25,75.05000305175781,75.05999755859375,25891,0.0,0.0,0.0
2023-11-30 15:30:00-05:00,75.07749938964844,75.23999786376953,75.0645980834961,75.23999786376953,19716,0.0,0.0,0.0
2023-12-01 09:30:00-05:00,75.16999816894531,75.48500061035156,75.08000183105469,75.37000274658203,104248,0.0,0.0,0.0
2023-12-01 10:30:00-05:00,75.36000061035156,75.6500015258789,75.31500244140625,75.62999725341797,26792,0.0,0.0,0.0
2023-12-01 11:30:00-05:00,75.62000274658203,75.81999969482422,75.58999633789062,75.77999877929688,53963,0.0,0.0,0.0
2023-12-01 12:30:00-05:00,75.77999877929688,75.8949966430664,75.77999877929688,75.87000274658203,44063,0.0,0.0,0.0
2023-12-01 13:30:00-05:00,75.86000061035156,75.93000030517578,75.86000061035156,75.89520263671875,20752,0.0,0.0,0.0
2023-12-01 14:30:00-05:00,75.87999725341797,75.9197998046875,75.83460235595703,75.91000366210938,38012,0.0,0.0,0.0
2023-12-01 15:30:00-05:00,75.91999816894531,75.94080352783203,75.87139892578125,75.91999816894531,16673,0.0,0.0,0.0
2023-12-04 09:30:00-05:00,75.51000213623047,75.7594985961914,75.44000244140625,75.4823989868164,62032,0.0,0.0,0.0
2023-12-04 10:30:00-05:00,75.46170043945312,75.4625015258789,75.3218994140625,75.44999694824219,23727,0.0,0.0,0.0
2023-12-04 11:30:00-05:00,75.44000244140625,75.5999984741211,75.41999816894531,75.55999755859375,28823,0.0,0.0,0.0
2023-12-04 12:30:00-05:00,75.55010223388672,75.60079956054688,75.45999908447266,75.46990203857422,22438,0.0,0.0,0.0
2023-12-04 13:30:00-05:00,75.44999694824219,75.5198974609375,75.44999694824219,75.50849914550781,31524,0.0,0.0,0.0
2023-12-04 14:30:00-05:00,75.5199966430664,75.56990051269531,75.4800033569336,75.52999877929688,39815,0.0,0.0,0.0
2023-12-04 15:30:00-05:00,75.52999877929688,75.62999725341797,75.5199966430664,75.56999969482422,31502,0.0,0.0,0.0
2023-12-05 09:30:00-05:00,75.2699966430664,75.46499633789062,75.13999938964844,75.34269714355469,44329,0.0,0.0,0.0
2023-12-05 10:30:00-05:00,75.36360168457031,75.47000122070312,75.2300033569336,75.31800079345703,28966,0.0,0.0,0.0
2023-12-05 11:30:00-05:00,75.3499984741211,75.38999938964844,75.20999908447266,75.37000274658203,39720,0.0,0.0,0.0
2023-12-05 12:30:00-05:00,75.39859771728516,75.39859771728516,75.25279998779297,75.36219787597656,13911,0.0,0.0,0.0
2023-12-05 13:30:00-05:00,75.31999969482422,75.36000061035156,75.2791976928711,75.30500030517578,87724,0.0,0.0,0.0
2023-12-05 14:30:00-05:00,75.27899932861328,75.33000183105469,75.26000213623047,75.30000305175781,63202,0.0,0.0,0.0
2023-12-05 15:30:00-05:00,75.29499816894531,75.30000305175781,75.26000213623047,75.27999877929688,40383,0.0,0.0,0.0
2023-12-06 09:30:00-05:00,75.8499984741211,75.91000366210938,75.72979736328125,75.81620025634766,37999,0.0,0.0,0.0
2023-12-06 10:30:00-05:00,75.80000305175781,75.91999816894531,75.7300033569336,75.7300033569336,25122,0.0,0.0,0.0
2023-12-06 11:30:00-05:00,75.69499969482422,75.72000122070312,75.6050033569336,75.60600280761719,30515,0.0,0.0,0.0
2023-12-06 12:30:00-05:00,75.61000061035156,75.6698989868164,75.55000305175781,75.62999725341797,58880,0.0,0.0,0.0
2023-12-06 13:30:00-05:00,75.62999725341797,75.69999694824219,75.57009887695312,75.58499908447266,23849,0.0,0.0,0.0
2023-12-06 14:30:00-05:00,75.61000061035156,75.62000274658203,75.4198989868164,75.41999816894531,20374,0.0,0.0,0.0
2023-12-06 15:30:00-05:00,75.41999816894531,75.44999694824219,75.375,75.38999938964844,0,0.0,0.0,0.0
2023-12-07 09:30:00-05:00,75.5,75.5,75.05000305175781,75.30960083007812,27455,0.0,0.0,0.0
2023-12-07 10:30:00-05:00,75.33529663085938,75.44000244140625,75.26000213623047,75.33999633789062,37454,0.0,0.0,0.0
2023-12-07 11:30:00-05:00,75.34200286865234,75.4478988647461,75.30999755859375,75.41200256347656,24726,0.0,0.0,0.0
2023-12-07 12:30:00-05:00,75.42500305175781,75.66999816894531,75.42500305175781,75.4937973022461,28552,0.0,0.0,0.0
2023-12-07 13:30:00-05:00,75.51499938964844,75.55999755859375,75.48650360107422,75.5197982788086,26236,0.0,0.0,0.0
2023-12-07 14:30:00-05:00,75.52159881591797,75.55000305175781,75.4800033569336,75.54499816894531,202769,0.0,0.0,0.0
2023-12-07 15:30:00-05:00,75.55000305175781,75.58000183105469,75.48999786376953,75.48999786376953,0,0.0,0.0,0.0
2023-12-08 09:30:00-05:00,75.41000366210938,75.80000305175781,75.3499984741211,75.77999877929688,34325,0.0,0.0,0.0
2023-12-08 10:30:00-05:00,75.77999877929688,75.77999877929688,75.47000122070312,75.50990295410156,35207,0.0,0.0,0.0
2023-12-08 11:30:00-05:00,75.56939697265625,75.56939697265625,75.3499984741211,75.51190185546875,28218,0.0,0.0,0.0
2023-12-08 12:30:00-05:00,75.51139831542969,75.62000274658203,75.50340270996094,75.58000183105469,124090,0.0,0.0,0.0
2023-12-08 13:30:00-05:00,75.63999938964844,75.69000244140625,75.6050033569336,75.69000244140625,14016,0.0,0.0,0.0
2023-12-08 14:30:00-05:00,75.69000244140625,75.70909881591797,75.63999938964844,75.69000244140625,67695,0.0,0.0,0.0
2023-12-08 15:30:00-05:00,75.68499755859375,75.7300033569336,75.65499877929688,75.69999694824219,264074,0.0,0.0,0.0
2023-12-11 09:30:00-05:00,75.66999816894531,75.8499984741211,75.58000183105469,75.7699966430664,35856,0.0,0.0,0.0
2023-12-11 10:30:00-05:00,75.77999877929688,75.87249755859375,75.7699966430664,75.77999877929688,62342,0.0,0.0,0.0
2023-12-11 11:30:00-05:00,75.77999877929688,75.79000091552734,75.69000244140625,75.79000091552734,44827,0.0,0.0,0.0
2023-12-11 12:30:00-05:00,75.77999877929688,75.86499786376953,75.73999786376953,75.8499984741211,37052,0.0,0.0,0.0
2023-12-11 13:30:00-05:00,75.86000061035156,75.93000030517578,75.8499984741211,75.91999816894531,111031,0.0,0.0,0.0
2023-12-11 14:30:00-05:00,75.91999816894531,75.92500305175781,75.86019897460938,75.9000015258789,71538,0.0,0.0,0.0
2023-12-11 15:30:00-05:00,75.89800262451172,75.97000122070312,75.89080047607422,75.97000122070312,63988,0.0,0.0,0.0
2023-12-12 09:30:00-05:00,75.83999633789062,75.86000061035156,75.54000091552734,75.75,76869,0.0,0.0,0.0
2023-12-12 10:30:00-05:00,75.73799896240234,75.83000183105469,75.7249984741211,75.75,39544,0.0,0.0,0.0
2023-12-12 11:30:00-05:00,75.74800109863281,75.79499816894531,75.69080352783203,75.77999877929688,32207,0.0,0.0,0.0
2023-12-12 12:30:00-05:00,75.77999877929688,75.83830261230469,75.72000122070312,75.81500244140625,29013,0.0,0.0,0.0
2023-12-12 13:30:00-05:00,75.80000305175781,75.88999938964844,75.80000305175781,75.87000274658203,43305,0.0,0.0,0.0
2023-12-12 14:30:00-05:00,75.87999725341797,75.9800033569336,75.86499786376953,75.97000122070312,60301,0.0,0.0,0.0
2023-12-12 15:30:00-05:00,75.97000122070312,76.0,75.91500091552734,75.99009704589844,57127,0.0,0.0,0.0
2023-12-13 09:30:00-05:00,76.11000061035156,76.16000366210938,75.881103515625,75.95999908447266,53076,0.0,0.0,0.0
2023-12-13 10:30:00-05:00,75.98999786376953,76.11000061035156,75.94000244140625,75.94219970703125,37390,0.0,0.0,0.0
2023-12-13 11:30:00-05:00,75.94000244140625,75.99980163574219,75.91999816894531,75.9489974975586,33579,0.0,0.0,0.0
2023-12-13 12:30:00-05:00,75.94499969482422,75.94499969482422,75.82230377197266,75.84619903564453,13339,0.0,0.0,0.0
2023-12-13 13:30:00-05:00,75.82820129394531,76.63999938964844,75.81500244140625,76.5636978149414,39084,0.0,0.0,0.0
2023-12-13 14:30:00-05:00,76.60389709472656,77.17400360107422,76.55000305175781,76.94999694824219,91277,0.0,0.0,0.0
2023-12-13 15:30:00-05:00,76.94539642333984,77.20999908447266,76.90969848632812,77.20999908447266,0,0.0,0.0,0.0
2023-12-14 09:30:00-05:00,77.55999755859375,77.76000213623047,77.51000213623047,77.52020263671875,60868,0.0,0.0,0.0
2023-12-14 10:30:00-05:00,77.55000305175781,77.88999938964844,77.46379852294922,77.87999725341797,35356,0.0,0.0,0.0
2023-12-14 11:30:00-05:00,77.87999725341797,78.0,77.80000305175781,77.9800033569336,52343,0.0,0.0,0.0
2023-12-14 12:30:00-05:00,77.9800033569336,78.01899719238281,77.68000030517578,77.68000030517578,52444,0.0,0.0,0.0
2023-12-14 13:30:00-05:00,77.69999694824219,77.7300033569336,77.55000305175781,77.70960235595703,77914,0.0,0.0,0.0
2023-12-14 14:30:00-05:00,77.70999908447266,77.77999877929688,77.66000366210938,77.73999786376953,76494,0.0,0.0,0.0
2023-12-14 15:30:00-05:00,77.75630187988281,77.80000305175781,77.73999786376953,77.7699966430664,68686,0.0,0.0,0.0
2023-12-15 09:30:00-05:00,77.63999938964844,77.6500015258789,77.4000015258789,77.62000274658203,56052,0.0,0.0,0.0
2023-12-15 10:30:00-05:00,77.5999984741211,77.66000366210938,77.52960205078125,77.65899658203125,45976,0.0,0.0,0.0
2023-12-15 11:30:00-05:00,77.62000274658203,77.63999938964844,77.45999908447266,77.56999969482422,49807,0.0,0.0,0.0
2023-12-15 12:30:00-05:00,77.543701171875,77.55000305175781,77.37979888916016,77.37979888916016,13112,0.0,0.0,0.0
2023-12-15 13:30:00-05:00,77.4000015258789,77.43000030517578,77.2300033569336,77.2300033569336,42324,0.0,0.0,0.0
2023-12-15 14:30:00-05:00,77.2300033569336,77.30999755859375,77.21089935302734,77.26000213623047,41461,0.0,0.0,0.0
2023-12-15 15:30:00-05:00,77.27999877929688,77.27999877929688,77.12999725341797,77.12999725341797,39541,0.0,0.0,0.0
2023-12-18 09:30:00-05:00,77.20999908447266,77.27999877929688,76.91000366210938,77.0115966796875,37085,0.0,0.0,0.0
2023-12-18 10:30:00-05:00,77.01969909667969,77.05000305175781,76.88259887695312,77.0199966430664,46409,0.0,0.0,0.0
2023-12-18 11:30:00-05:00,77.0199966430664,77.06999969482422,76.96980285644531,77.05500030517578,36967,0.0,0.0,0.0
2023-12-18 12:30:00-05:00,77.05999755859375,77.0792007446289,77.0199966430664,77.05999755859375,59163,0.0,0.0,0.0
2023-12-18 13:30:00-05:00,77.06999969482422,77.08080291748047,77.0,77.0103988647461,59482,0.0,0.0,0.0
2023-12-18 14:30:00-05:00,77.01000213623047,77.16000366210938,76.98999786376953,77.16000366210938,204294,0.0,0.0,0.0
2023-12-18 15:30:00-05:00,77.13760375976562,77.1500015258789,77.05000305175781,77.12000274658203,0,0.0,0.0,0.0
2023-12-19 09:30:00-05:00,77.41999816894531,77.72000122070312,77.41999816894531,77.72000122070312,36413,0.0,0.0,0.0
2023-12-19 10:30:00-05:00,77.72000122070312,77.75,77.69000244140625,77.7300033569336,17090,0.0,0.0,0.0
2023-12-19 11:30:00-05:00,77.70999908447266,77.73909759521484,77.63330078125,77.66999816894531,52441,0.0,0.0,0.0
2023-12-19 12:30:00-05:00,77.66000366210938,77.71829986572266,77.60980224609375,77.62999725341797,24933,0.0,0.0,0.0
2023-12-19 13:30:00-05:00,77.62999725341797,77.68800354003906,77.62999725341797,77.66999816894531,44449,0.0,0.0,0.0
2023-12-19 14:30:00-05:00,77.67479705810547,77.70999908447266,77.63999938964844,77.65139770507812,23554,0.0,0.0,0.0
2023-12-19 15:30:00-05:00,77.66999816894531,77.76000213623047,77.66840362548828,77.73999786376953,0,0.0,0.0,0.0
2023-12-20 09:30:00-05:00,77.83000183105469,77.83999633789062,77.6500015258789,77.72840118408203,69337,0.0,0.0,0.0
2023-12-20 10:30:00-05:00,77.7699966430664,77.88970184326172,77.74500274658203,77.86000061035156,19482,0.0,0.0,0.0
2023-12-20 11:30:00-05:00,77.87519836425781,77.87519836425781,77.7947998046875,77.84200286865234,39449,0.0,0.0,0.0
2023-12-20 12:30:00-05:00,77.86509704589844,77.89820098876953,77.83000183105469,77.85299682617188,18441,0.0,0.0,0.0
2023-12-20 13:30:00-05:00,77.87000274658203,77.9000015258789,77.76110076904297,77.76339721679688,27300,0.0,0.0,0.0
2023-12-20 14:30:00-05:00,77.77970123291016,77.77970123291016,77.11000061035156,77.18730163574219,63739,0.0,0.0,0.0
2023-12-20 15:30:00-05:00,77.18000030517578,77.1978988647461,76.87000274658203,76.88999938964844,35842,0.0,0.0,0.0
2023-12-21 09:30:00-05:00,77.81999969482422,77.91999816894531,77.66000366210938,77.83999633789062,86094,0.0,0.0,0.0
2023-12-21 10:30:00-05:00,77.83999633789062,77.94999694824219,77.80000305175781,77.94999694824219,64567,0.0,0.0,0.0
2023-12-21 11:30:00-05:00,77.95999908447266,77.95999908447266,77.69999694824219,77.69999694824219,41988,0.0,0.0,0.0
2023-12-21 12:30:00-05:00,77.72000122070312,77.80999755859375,77.62999725341797,77.73999786376953,35928,0.0,0.0,0.0
2023-12-21 13:30:00-05:00,77.77999877929688,77.87950134277344,77.72000122070312,77.86499786376953,58666,0.0,0.0,0.0
2023-12-21 14:30:00-05:00,77.86499786376953,78.04000091552734,77.8550033569336,78.04000091552734,36878,0.0,0.0,0.0
2023-12-21 15:30:00-05:00,78.05000305175781,78.16000366210938,78.0199966430664,78.11000061035156,70136,0.0,0.0,0.0
2023-12-22 09:30:00-05:00,78.43000030517578,78.6500015258789,78.43000030517578,78.58540344238281,40991,0.0,0.0,0.0
2023-12-22 10:30:00-05:00,78.55010223388672,78.58000183105469,78.4031982421875,78.52970123291016,71860,0.0,0.0,0.0
2023-12-22 11:30:00-05:00,78.54499816894531,78.54499816894531,78.41000366210938,78.4749984741211,25068,0.0,0.0,0.0
2023-12-22 12:30:00-05:00,78.47630310058594,78.56999969482422,78.44999694824219,78.55999755859375,21237,0.0,0.0,0.0
2023-12-22 13:30:00-05:00,78.56999969482422,78.56999969482422,78.23999786376953,78.23999786376953,39312,0.0,0.0,0.0
2023-12-22 14:30:00-05:00,78.23500061035156,78.4800033569336,78.21499633789062,78.46499633789062,40902,0.0,0.0,0.0
2023-12-22 15:30:00-05:00,78.45999908447266,78.46990203857422,78.37000274658203,78.45500183105469,34301,0.0,0.0,0.0
2023-12-26 09:30:00-05:00,78.4800033569336,78.69000244140625,78.4800033569336,78.62000274658203,54230,0.0,0.0,0.0
2023-12-26 10:30:00-05:00,78.6500015258789,78.6781005859375,78.56999969482422,78.61000061035156,17688,0.0,0.0,0.0
2023-12-26 11:30:00-05:00,78.6227035522461,78.72000122070312,78.62010192871094,78.68000030517578,21852,0.0,0.0,0.0
2023-12-26 12:30:00-05:00,78.67009735107422,78.7499008178711,78.65339660644531,78.73999786376953,73057,0.0,0.0,0.0
2023-12-26 13:30:00-05:00,78.74500274658203,78.80999755859375,78.70719909667969,78.79010009765625,20147,0.0,0.0,0.0
2023-12-26 14:30:00-05:00,78.80000305175781,78.91999816894531,78.80000305175781,78.9000015258789,25151,0.0,0.0,0.0
2023-12-26 15:30:00-05:00,78.87300109863281,78.93000030517578,78.81999969482422,78.86000061035156,0,0.0,0.0,0.0
2023-12-27 09:30:00-05:00,78.91999816894531,79.06999969482422,78.91000366210938,79.06999969482422,40151,0.0,0.0,0.0
2023-12-27 10:30:00-05:00,79.08709716796875,79.22899627685547,78.98999786376953,79.20559692382812,19337,0.0,0.0,0.0
2023-12-27 11:30:00-05:00,79.222900390625,79.30950164794922,79.20999908447266,79.2572021484375,110613,0.0,0.0,0.0
2023-12-27 12:30:00-05:00,79.24800109863281,79.35990142822266,79.18099975585938,79.32969665527344,21022,0.0,0.0,0.0
2023-12-27 13:30:00-05:00,79.30560302734375,79.30560302734375,79.1500015258789,79.22989654541016,17354,0.0,0.0,0.0
2023-12-27 14:30:00-05:00,79.2396011352539,79.27339935302734,79.16999816894531,79.2300033569336,27049,0.0,0.0,0.0
2023-12-27 15:30:00-05:00,79.2300033569336,79.27999877929688,79.20999908447266,79.27999877929688,12268,0.0,0.0,0.0
2023-12-28 09:30:00-05:00,79.52999877929688,79.697998046875,79.50499725341797,79.68000030517578,25833,0.0,0.0,0.0
2023-12-28 10:30:00-05:00,79.66999816894531,79.66999816894531,79.36000061035156,79.39959716796875,18885,0.0,0.0,0.0
2023-12-28 11:30:00-05:00,79.39559936523438,79.41239929199219,79.3416976928711,79.3499984741211,22979,0.0,0.0,0.0
2023-12-28 12:30:00-05:00,79.35199737548828,79.38999938964844,79.2300033569336,79.27799987792969,17534,0.0,0.0,0.0
2023-12-28 13:30:00-05:00,79.27999877929688,79.30909729003906,79.22760009765625,79.2531967163086,19153,0.0,0.0,0.0
2023-12-28 14:30:00-05:00,79.24500274658203,79.26899719238281,79.20179748535156,79.2396011352539,40914,0.0,0.0,0.0
2023-12-28 15:30:00-05:00,79.26000213623047,79.30000305175781,79.16999816894531,79.20999908447266,31918,0.0,0.0,0.0
2023-12-29 09:30:00-05:00,79.30000305175781,79.53350067138672,79.25,79.53350067138672,34141,0.0,0.0,0.0
2023-12-29 10:30:00-05:00,79.5,79.52649688720703,79.12000274658203,79.1500015258789,31884,0.0,0.0,0.0
2023-12-29 11:30:00-05:00,79.13500213623047,79.30000305175781,79.13500213623047,79.23600006103516,30243,0.0,0.0,0.0
2023-12-29 12:30:00-05:00,79.2699966430664,79.37999725341797,79.2300033569336,79.29000091552734,16777,0.0,0.0,0.0
2023-12-29 13:30:00-05:00,79.3364028930664,79.41000366210938,79.30000305175781,79.30000305175781,40168,0.0,0.0,0.0
2023-12-29 14:30:00-05:00,79.30000305175781,79.41919708251953,79.29000091552734,79.41480255126953,28637,0.0,0.0,0.0
2023-12-29 15:30:00-05:00,79.4000015258789,79.4000015258789,79.2699966430664,79.33999633789062,16659,0.0,0.0,0.0
2024-01-02 09:30:00-05:00,78.45999908447266,78.59970092773438,78.30999755859375,78.44989776611328,82646,0.0,0.0,0.0
2024-01-02 10:30:00-05:00,78.34500122070312,78.57769775390625,78.29000091552734,78.47000122070312,18700,0.0,0.0,0.0
2024-01-02 11:30:00-05:00,78.4800033569336,78.62999725341797,78.45500183105469,78.61000061035156,36950,0.0,0.0,0.0
2024-01-02 12:30:00-05:00,78.5999984741211,78.68000030517578,78.5,78.5199966430664,60030,0.0,0.0,0.0
2024-01-02 13:30:00-05:00,78.52989959716797,78.55000305175781,78.38999938964844,78.43499755859375,191262,0.0,0.0,0.0
2024-01-02 14:30:00-05:00,78.44999694824219,78.45790100097656,78.30999755859375,78.33000183105469,63182,0.0,0.0,0.0
2024-01-02 15:30:00-05:00,78.31539916992188,78.3499984741211,78.23999786376953,78.3499984741211,67243,0.0,0.0,0.0
2024-01-03 09:30:00-05:00,77.9000015258789,78.0999984741211,77.73770141601562,77.87989807128906,44433,0.0,0.0,0.0
2024-01-03 10:30:00-05:00,77.81999969482422,77.94740295410156,77.6615982055664,77.92009735107422,22479,0.0,0.0,0.0
2024-01-03 11:30:00-05:00,77.96880340576172,78.00499725341797,77.91500091552734,77.99099731445312,53559,0.0,0.0,0.0
2024-01-03 12:30:00-05:00,77.98500061035156,78.1500015258789,77.98500061035156,78.13999938964844,14854,0.0,0.0,0.0
2024-01-03 13:30:00-05:00,78.11000061035156,78.25499725341797,77.94000244140625,78.25499725341797,34775,0.0,0.0,0.0
2024-01-03 14:30:00-05:00,78.2874984741211,78.29499816894531,78.05000305175781,78.0739974975586,33030,0.0,0.0,0.0
2024-01-03 15:30:00-05:00,78.0907974243164,78.16000366210938,78.05000305175781,78.08999633789062,40444,0.0,0.0,0.0
2024-01-04 09:30:00-05:00,78.06999969482422,78.4197998046875,78.05999755859375,78.4197998046875,27307,0.0,0.0,0.0
2024-01-04 10:30:00-05:00,78.44999694824219,78.5999984741211,78.3949966430664,78.58000183105469,21896,0.0,0.0,0.0
2024-01-04 11:30:00-05:00,78.54000091552734,78.61000061035156,78.4000015258789,78.44999694824219,25399,0.0,0.0,0.0
2024-01-04 12:30:00-05:00,78.41380310058594,78.43000030517578,78.31999969482422,78.4000015258789,55346,0.0,0.0,0.0
2024-01-04 13:30:00-05:00,78.42500305175781,78.42500305175781,78.33000183105469,78.3499984741211,34123,0.0,0.0,0.0
2024-01-04 14:30:00-05:00,78.31500244140625,78.3895034790039,78.27999877929688,78.33000183105469,35613,0.0,0.0,0.0
2024-01-04 15:30:00-05:00,78.33000183105469,78.39620208740234,78.29000091552734,78.34249877929688,30049,0.0,0.0,0.0
2024-01-05 09:30:00-05:00,78.18000030517578,78.82499694824219,78.04499816894531,78.76499938964844,54373,0.0,0.0,0.0
2024-01-05 10:30:00-05:00,78.66999816894531,78.78500366210938,78.5199966430664,78.5199966430664,23135,0.0,0.0,0.0
2024-01-05 11:30:00-05:00,78.52999877929688,78.56999969482422,78.26000213623047,78.2699966430664,48674,0.0,0.0,0.0
2024-01-05 12:30:00-05:00,78.29000091552734,78.3292007446289,78.1498031616211,78.23999786376953,13234,0.0,0.0,0.0
2024-01-05 13:30:00-05:00,78.33000183105469,78.44999694824219,78.33000183105469,78.37999725341797,57868,0.0,0.0,0.0
2024-01-05 14:30:00-05:00,78.375,78.39420318603516,78.16000366210938,78.18000030517578,42605,0.0,0.0,0.0
2024-01-05 15:30:00-05:00,78.19000244140625,78.25080108642578,78.16519927978516,78.20500183105469,44995,0.0,0.0,0.0
2024-01-08 09:30:00-05:00,78.33000183105469,78.51000213623047,78.28679656982422,78.51000213623047,37320,0.0,0.0,0.0
2024-01-08 10:30:00-05:00,78.55889892578125,78.68820190429688,78.53389739990234,78.66000366210938,11989,0.0,0.0,0.0
2024-01-08 11:30:00-05:00,78.66999816894531,78.77999877929688,78.66000366210938,78.70989990234375,490791,0.0,0.0,0.0
2024-01-08 12:30:00-05:00,78.69000244140625,78.76000213623047,78.63999938964844,78.63999938964844,22192,0.0,0.0,0.0
2024-01-08 13:30:00-05:00,78.63999938964844,78.79000091552734,78.61499786376953,78.79000091552734,44970,0.0,0.0,0.0
2024-01-08 14:30:00-05:00,78.79570007324219,78.87999725341797,78.79570007324219,78.83999633789062,194288,0.0,0.0,0.0
2024-01-08 15:30:00-05:00,78.83999633789062,78.92900085449219,78.8042984008789,78.91999816894531,0,0.0,0.0,0.0
2024-01-09 09:30:00-05:00,78.47000122070312,78.48999786376953,78.2699966430664,78.43000030517578,49505,0.0,0.0,0.0
2024-01-09 10:30:00-05:00,78.42939758300781,78.44000244140625,78.29000091552734,78.41999816894531,134858,0.0,0.0,0.0
2024-01-09 11:30:00-05:00,78.4000015258789,78.4800033569336,78.37000274658203,78.4800033569336,50712,0.0,0.0,0.0
2024-01-09 12:30:00-05:00,78.4800033569336,78.55999755859375,78.37999725341797,78.38990020751953,90712,0.0,0.0,0.0
2024-01-09 13:30:00-05:00,78.33999633789062,78.44999694824219,78.29000091552734,78.3550033569336,55694,0.0,0.0,0.0
2024-01-09 14:30:00-05:00,78.36000061035156,78.47470092773438,78.3416976928711,78.40540313720703,35431,0.0,0.0,0.0
2024-01-09 15:30:00-05:00,78.41999816894531,78.41999816894531,78.36000061035156,78.41000366210938,0,0.0,0.0,0.0
2024-01-10 09:30:00-05:00,78.83000183105469,78.91999816894531,78.77999877929688,78.87000274658203,28285,0.0,0.0,0.0
2024-01-10 10:30:00-05:00,78.91000366210938,79.02999877929688,78.9000015258789,78.94999694824219,24937,0.0,0.0,0.0
2024-01-10 11:30:00-05:00,78.89240264892578,78.95989990234375,78.88089752197266,78.90380096435547,21919,0.0,0.0,0.0
2024-01-10 12:30:00-05:00,78.91000366210938,79.01000213623047,78.9000015258789,78.94100189208984,26941,0.0,0.0,0.0
2024-01-10 13:30:00-05:00,78.95500183105469,79.08000183105469,78.94000244140625,79.0719985961914,46862,0.0,0.0,0.0
2024-01-10 14:30:00-05:00,79.06999969482422,79.1500015258789,78.98999786376953,79.02010345458984,46195,0.0,0.0,0.0
2024-01-10 15:30:00-05:00,79.04989624023438,79.08000183105469,78.9800033569336,79.05000305175781,0,0.0,0.0,0.0
2024-01-11 09:30:00-05:00,79.22000122070312,79.25,78.44999694824219,78.72830200195312,65214,0.0,0.0,0.0
2024-01-11 10:30:00-05:00,78.72570037841797,78.74500274658203,78.41999816894531,78.41999816894531,26223,0.0,0.0,0.0
2024-01-11 11:30:00-05:00,78.43000030517578,78.52999877929688,78.31999969482422,78.4800033569336,24864,0.0,0.0,0.0
2024-01-11 12:30:00-05:00,78.47000122070312,78.71959686279297,78.44499969482422,78.68720245361328,64230,0.0,0.0,0.0
2024-01-11 13:30:00-05:00,78.70999908447266,78.91000366210938,78.65499877929688,78.91000366210938,25832,0.0,0.0,0.0
2024-01-11 14:30:00-05:00,78.93000030517578,79.03600311279297,78.82499694824219,78.94499969482422,23642,0.0,0.0,0.0
2024-01-11 15:30:00-05:00,78.91000366210938,79.0199966430664,78.8998031616211,78.9800033569336,71175,0.0,0.0,0.0
2024-01-12 09:30:00-05:00,79.83000183105469,80.07499694824219,79.70999908447266,79.79000091552734,53489,0.0,0.0,0.0
2024-01-12 10:30:00-05:00,79.8499984741211,79.875,79.59010314941406,79.70999908447266,19573,0.0,0.0,0.0
2024-01-12 11:30:00-05:00,79.73290252685547,79.73290252685547,79.51000213623047,79.51000213623047,65076,0.0,0.0,0.0
2024-01-12 12:30:00-05:00,79.55999755859375,79.61000061035156,79.4800033569336,79.5801010131836,29141,0.0,0.0,0.0
2024-01-12 13:30:00-05:00,79.61000061035156,79.69999694824219,79.58209991455078,79.66000366210938,56349,0.0,0.0,0.0
2024-01-12 14:30:00-05:00,79.66000366210938,79.66000366210938,79.5,79.55000305175781,123748,0.0,0.0,0.0
2024-01-12 15:30:00-05:00,79.53900146484375,79.61000061035156,79.53900146484375,79.58499908447266,25545,0.0,0.0,0.0
2024-01-16 09:30:00-05:00,78.91000366210938,78.94999694824219,78.5999984741211,78.88169860839844,54246,0.0,0.0,0.0
2024-01-16 10:30:00-05:00,78.85990142822266,78.98490142822266,78.66999816894531,78.84010314941406,32721,0.0,0.0,0.0
2024-01-16 11:30:00-05:00,78.84230041503906,78.91000366210938,78.51000213623047,78.51000213623047,28131,0.0,0.0,0.0
2024-01-16 12:30:00-05:00,78.51000213623047,78.62999725341797,78.48999786376953,78.62999725341797,37830,0.0,0.0,0.0
2024-01-16 13:30:00-05:00,78.64080047607422,78.64080047607422,78.41519927978516,78.51000213623047,82853,0.0,0.0,0.0
2024-01-16 14:30:00-05:00,78.43000030517578,78.56999969482422,78.43000030517578,78.4999008178711,41454,0.0,0.0,0.0
2024-01-16 15:30:00-05:00,78.4800033569336,78.55500030517578,78.4623031616211,78.54000091552734,39327,0.0,0.0,0.0
2024-01-17 09:30:00-05:00,77.55000305175781,77.73999786376953,77.41000366210938,77.59989929199219,50184,0.0,0.0,0.0
2024-01-17 10:30:00-05:00,77.56500244140625,77.7300033569336,77.53990173339844,77.66999816894531,55297,0.0,0.0,0.0
2024-01-17 11:30:00-05:00,77.63999938964844,77.73999786376953,77.625,77.63500213623047,44451,0.0,0.0,0.0
2024-01-17 12:30:00-05:00,77.61000061035156,77.72899627685547,77.55999755859375,77.56999969482422,38114,0.0,0.0,0.0
2024-01-17 13:30:00-05:00,77.58699798583984,77.7854995727539,77.55500030517578,77.7699966430664,33788,0.0,0.0,0.0
2024-01-17 14:30:00-05:00,77.77359771728516,77.83999633789062,77.70680236816406,77.73500061035156,38378,0.0,0.0,0.0
2024-01-17 15:30:00-05:00,77.7562026977539,77.91999816894531,77.75,77.8499984741211,38063,0.0,0.0,0.0
2024-01-18 09:30:00-05:00,77.9000015258789,77.95999908447266,77.75,77.91230010986328,33819,0.0,0.0,0.0
2024-01-18 10:30:00-05:00,77.91439819335938,78.02999877929688,77.80609893798828,78.00080108642578,16994,0.0,0.0,0.0
2024-01-18 11:30:00-05:00,78.0,78.02999877929688,77.79499816894531,77.90799713134766,16591,0.0,0.0,0.0
2024-01-18 12:30:00-05:00,77.8949966430664,77.91999816894531,77.79000091552734,77.81999969482422,21672,0.0,0.0,0.0
2024-01-18 13:30:00-05:00,77.85299682617188,78.12999725341797,77.85299682617188,78.11499786376953,33921,0.0,0.0,0.0
2024-01-18 14:30:00-05:00,78.12999725341797,78.20500183105469,78.0250015258789,78.20500183105469,25848,0.0,0.0,0.0
2024-01-18 15:30:00-05:00,78.21420288085938,78.2699966430664,78.18000030517578,78.26000213623047,0,0.0,0.0,0.0
2024-01-19 09:30:00-05:00,78.13999938964844,78.19999694824219,77.92389678955078,77.9761962890625,39320,0.0,0.0,0.0
2024-01-19 10:30:00-05:00,77.96009826660156,78.22000122070312,77.96009826660156,78.19000244140625,17314,0.0,0.0,0.0
2024-01-19 11:30:00-05:00,78.16000366210938,78.20999908447266,78.05999755859375,78.19999694824219,40362,0.0,0.0,0.0
2024-01-19 12:30:00-05:00,78.26000213623047,78.375,78.24449920654297,78.375,23181,0.0,0.0,0.0
2024-01-19 13:30:00-05:00,78.375,78.52999877929688,78.37419891357422,78.50499725341797,40520,0.0,0.0,0.0
2024-01-19 14:30:00-05:00,78.47000122070312,78.52970123291016,78.42500305175781,78.5,44293,0.0,0.0,0.0
2024-01-19 15:30:00-05:00,78.5,78.55000305175781,78.49600219726562,78.55000305175781,30614,0.0,0.0,0.0
2024-01-22 09:30:00-05:00,78.72000122070312,78.9000015258789,78.62000274658203,78.86000061035156,46030,0.0,0.0,0.0
2024-01-22 10:30:00-05:00,78.81999969482422,78.8499984741211,78.67500305175781,78.73999786376953,31211,0.0,0.0,0.0
2024-01-22 11:30:00-05:00,78.73999786376953,78.75,78.63999938964844,78.70999908447266,48546,0.0,0.0,0.0
2024-01-22 12:30:00-05:00,78.72000122070312,78.72699737548828,78.5999984741211,78.5999984741211,22191,0.0,0.0,0.0
2024-01-22 13:30:00-05:00,78.55999755859375,78.66000366210938,78.5250015258789,78.55999755859375,31045,0.0,0.0,0.0
2024-01-22 14:30:00-05:00,78.55789947509766,78.66819763183594,78.5530014038086,78.6510009765625,43903,0.0,0.0,0.0
2024-01-22 15:30:00-05:00,78.66000366210938,78.68190002441406,78.61000061035156,78.62000274658203,0,0.0,0.0,0.0
2024-01-23 09:30:00-05:00,78.20999908447266,78.26000213623047,78.0999984741211,78.22000122070312,29476,0.0,0.0,0.0
2024-01-23 10:30:00-05:00,78.20500183105469,78.20500183105469,78.02010345458984,78.0438003540039,34393,0.0,0.0,0.0
2024-01-23 11:30:00-05:00,78.02429962158203,78.10990142822266,78.0,78.06999969482422,30562,0.0,0.0,0.0
2024-01-23 12:30:00-05:00,78.06999969482422,78.1852035522461,78.05560302734375,78.17459869384766,19150,0.0,0.0,0.0
2024-01-23 13:30:00-05:00,78.17500305175781,78.21499633789062,78.1500015258789,78.1812973022461,35941,0.0,0.0,0.0
2024-01-23 14:30:00-05:00,78.21499633789062,78.34919738769531,78.21499633789062,78.30999755859375,38881,0.0,0.0,0.0
2024-01-23 15:30:00-05:00,78.30999755859375,78.37999725341797,78.26840209960938,78.37999725341797,21258,0.0,0.0,0.0
2024-01-24 09:30:00-05:00,79.30000305175781,79.30000305175781,78.87999725341797,78.98059844970703,0,0.0,0.0,0.0
2024-01-24 10:30:00-05:00,78.98999786376953,79.05000305175781,78.91000366210938,79.04000091552734,27019,0.0,0.0,0.0
2024-01-24 11:30:00-05:00,79.03990173339844,79.08000183105469,78.95999908447266,79.06999969482422,32532,0.0,0.0,0.0
2024-01-24 12:30:00-05:00,79.06999969482422,79.13990020751953,78.9000015258789,78.95999908447266,22366,0.0,0.0,0.0
2024-01-24 13:30:00-05:00,78.93000030517578,78.93000030517578,78.72899627685547,78.72899627685547,26689,0.0,0.0,0.0
2024-01-24 14:30:00-05:00,78.75900268554688,78.83999633789062,78.67949676513672,78.70999908447266,38443,0.0,0.0,0.0
2024-01-24 15:30:00-05:00,78.67900085449219,78.77999877929688,78.63999938964844,78.69000244140625,0,0.0,0.0,0.0
2024-01-25 09:30:00-05:00,78.95999908447266,78.95999908447266,78.69999694824219,78.81099700927734,79400,0.0,0.0,0.0
2024-01-25 10:30:00-05:00,78.7699966430664,78.80000305175781,78.63999938964844,78.78970336914062,41430,0.0,0.0,0.0
2024-01-25 11:30:00-05:00,78.79920196533203,78.83000183105469,78.70159912109375,78.80000305175781,61577,0.0,0.0,0.0
2024-01-25 12:30:00-05:00,78.80000305175781,78.86000061035156,78.70999908447266,78.77999877929688,40466,0.0,0.0,0.0
2024-01-25 13:30:00-05:00,78.77239990234375,78.8385009765625,78.65049743652344,78.77999877929688,35950,0.0,0.0,0.0
2024-01-25 14:30:00-05:00,78.77999877929688,78.87000274658203,78.77110290527344,78.83000183105469,56014,0.0,0.0,0.0
2024-01-25 15:30:00-05:00,78.83499908447266,78.94000244140625,78.83000183105469,78.93000030517578,44350,0.0,0.0,0.0
2024-01-26 09:30:00-05:00,79.31999969482422,79.33760070800781,79.08999633789062,79.11979675292969,39197,0.0,0.0,0.0
2024-01-26 10:30:00-05:00,79.10679626464844,79.25,79.10679626464844,79.18990325927734,46650,0.0,0.0,0.0
2024-01-26 11:30:00-05:00,79.22000122070312,79.29000091552734,79.16500091552734,79.2300033569336,21682,0.0,0.0,0.0
2024-01-26 12:30:00-05:00,79.16500091552734,79.19000244140625,79.07859802246094,79.19000244140625,31518,0.0,0.0,0.0
2024-01-26 13:30:00-05:00,79.14969635009766,79.15699768066406,79.04499816894531,79.125,30217,0.0,0.0,0.0
2024-01-26 14:30:00-05:00,79.11150360107422,79.20999908447266,79.0927963256836,79.13500213623047,43979,0.0,0.0,0.0
2024-01-26 15:30:00-05:00,79.1449966430664,79.16999816894531,79.11000061035156,79.12000274658203,23534,0.0,0.0,0.0
2024-01-29 09:30:00-05:00,79.3499984741211,79.43000030517578,79.19999694824219,79.2300033569336,50091,0.0,0.0,0.0
2024-01-29 10:30:00-05:00,79.2300033569336,79.26000213623047,79.18000030517578,79.2300033569336,31184,0.0,0.0,0.0
2024-01-29 11:30:00-05:00,79.2300033569336,79.3550033569336,79.2300033569336,79.33000183105469,33248,0.0,0.0,0.0
2024-01-29 12:30:00-05:00,79.3499984741211,79.36000061035156,79.2699966430664,79.30000305175781,10990,0.0,0.0,0.0
2024-01-29 13:30:00-05:00,79.33000183105469,79.41999816894531,79.29000091552734,79.41999816894531,47740,0.0,0.0,0.0
2024-01-29 14:30:00-05:00,79.43000030517578,79.80000305175781,79.42269897460938,79.73799896240234,80591,0.0,0.0,0.0
2024-01-29 15:30:00-05:00,79.75,79.7699966430664,79.68000030517578,79.75,0,0.0,0.0,0.0
2024-01-30 09:30:00-05:00,79.5999984741211,79.66999816894531,79.29000091552734,79.32990264892578,39204,0.0,0.0,0.0
2024-01-30 10:30:00-05:00,79.30999755859375,79.43990325927734,79.30000305175781,79.43910217285156,21361,0.0,0.0,0.0
2024-01-30 11:30:00-05:00,79.45999908447266,79.55999755859375,79.44499969482422,79.5,36568,0.0,0.0,0.0
2024-01-30 12:30:00-05:00,79.45999908447266,79.4800033569336,79.41500091552734,79.4614028930664,26900,0.0,0.0,0.0
2024-01-30 13:30:00-05:00,79.50990295410156,79.55999755859375,79.46990203857422,79.55000305175781,38326,0.0,0.0,0.0
2024-01-30 14:30:00-05:00,79.55999755859375,79.63999938964844,79.55999755859375,79.62999725341797,39428,0.0,0.0,0.0
2024-01-30 15:30:00-05:00,79.62999725341797,79.62999725341797,79.56999969482422,79.61000061035156,47280,0.0,0.0,0.0
2024-01-31 09:30:00-05:00,80.0,80.20999908447266,79.81999969482422,79.95999908447266,81921,0.0,0.0,0.0
2024-01-31 10:30:00-05:00,79.94999694824219,79.94999694824219,79.80000305175781,79.8136978149414,89859,0.0,0.0,0.0
2024-01-31 11:30:00-05:00,79.81999969482422,79.87000274658203,79.73999786376953,79.85800170898438,29897,0.0,0.0,0.0
2024-01-31 12:30:00-05:00,79.87000274658203,79.91000366210938,79.7499008178711,79.83000183105469,280883,0.0,0.0,0.0
2024-01-31 13:30:00-05:00,79.82499694824219,79.88999938964844,79.62989807128906,79.64250183105469,24913,0.0,0.0,0.0
2024-01-31 14:30:00-05:00,79.6698989868164,80.11000061035156,79.16000366210938,79.35859680175781,43892,0.0,0.0,0.0
2024-01-31 15:30:00-05:00,79.33999633789062,79.33999633789062,79.20999908447266,79.27999877929688,48543,0.0,0.0,0.0
2024-02-01 09:30:00-05:00,79.43000030517578,79.62000274658203,79.41000366210938,79.54969787597656,0,0.0,0.0,0.0
2024-02-01 10:30:00-05:00,79.57849884033203,79.5999984741211,79.38999938964844,79.5,30590,0.0,0.0,0.0
2024-02-01 11:30:00-05:00,79.5199966430664,79.94000244140625,79.5199966430664,79.80999755859375,153767,0.0,0.0,0.0
2024-02-01 12:30:00-05:00,79.80509948730469,79.98999786376953,79.80509948730469,79.8499984741211,21204,0.0,0.0,0.0
2024-02-01 13:30:00-05:00,79.87989807128906,80.0,79.8479995727539,79.93049621582031,37882,0.0,0.0,0.0
2024-02-01 14:30:00-05:00,79.91000366210938,80.05999755859375,79.87000274658203,80.01000213623047,124157,0.0,0.0,0.0
2024-02-01 15:30:00-05:00,80.02970123291016,80.08000183105469,80.01519775390625,80.05999755859375,48316,0.0,0.0,0.0
2024-02-02 09:30:00-05:00,79.4000015258789,79.4000015258789,79.11000061035156,79.19519805908203,60170,0.0,0.0,0.0
2024-02-02 10:30:00-05:00,79.16000366210938,79.33799743652344,79.08300018310547,79.16999816894531,32495,0.0,0.0,0.0
2024-02-02 11:30:00-05:00,79.18000030517578,79.19860076904297,79.08499908447266,79.19860076904297,27377,0.0,0.0,0.0
2024-02-02 12:30:00-05:00,79.22820281982422,79.2300033569336,79.01000213623047,79.16999816894531,31082,0.0,0.0,0.0
2024-02-02 13:30:00-05:00,79.19999694824219,79.31390380859375,79.18000030517578,79.29969787597656,23388,0.0,0.0,0.0
2024-02-02 14:30:00-05:00,79.30000305175781,79.41999816894531,79.28500366210938,79.4186019897461,30837,0.0,0.0,0.0
2024-02-02 15:30:00-05:00,79.41000366210938,79.41000366210938,79.31999969482422,79.36000061035156,34770,0.0,0.0,0.0
2024-02-05 09:30:00-05:00,79.05000305175781,79.08000183105469,78.65660095214844,78.69999694824219,50986,0.0,0.0,0.0
2024-02-05 10:30:00-05:00,78.79000091552734,78.81999969482422,78.64009857177734,78.69010162353516,22054,0.0,0.0,0.0
2024-02-05 11:30:00-05:00,78.74500274658203,78.92220306396484,78.74500274658203,78.91010284423828,28649,0.0,0.0,0.0
2024-02-05 12:30:00-05:00,78.95010375976562,79.05970001220703,78.95010375976562,79.0,14844,0.0,0.0,0.0
2024-02-05 13:30:00-05:00,78.99939727783203,79.09329986572266,78.99939727783203,79.08000183105469,23317,0.0,0.0,0.0
2024-02-05 14:30:00-05:00,79.08000183105469,79.12999725341797,78.94000244140625,79.02999877929688,32795,0.0,0.0,0.0
2024-02-05 15:30:00-05:00,79.02999877929688,79.06189727783203,78.94999694824219,78.94999694824219,0,0.0,0.0,0.0
2024-02-06 09:30:00-05:00,79.0,79.12969970703125,78.8949966430664,79.0999984741211,51225,0.0,0.0,0.0
2024-02-06 10:30:00-05:00,79.08999633789062,79.22000122070312,79.04000091552734,79.1864013671875,42507,0.0,0.0,0.0
2024-02-06 11:30:00-05:00,79.20210266113281,79.20999908447266,79.06009674072266,79.1895980834961,21029,0.0,0.0,0.0
2024-02-06 12:30:00-05:00,79.17990112304688,79.27999877929688,79.17009735107422,79.19499969482422,14113,0.0,0.0,0.0
2024-02-06 13:30:00-05:00,79.25,79.34359741210938,79.1729965209961,79.23979949951172,21608,0.0,0.0,0.0
2024-02-06 14:30:00-05:00,79.25,79.37999725341797,79.2040023803711,79.33999633789062,111449,0.0,0.0,0.0
2024-02-06 15:30:00-05:00,79.3156967163086,79.447998046875,79.28990173339844,79.4000015258789,37632,0.0,0.0,0.0
2024-02-07 09:30:00-05:00,79.52999877929688,79.68000030517578,79.44999694824219,79.67990112304688,64723,0.0,0.0,0.0
2024-02-07 10:30:00-05:00,79.69989776611328,79.69989776611328,79.43990325927734,79.4800033569336,54110,0.0,0.0,0.0
2024-02-07 11:30:00-05:00,79.48999786376953,79.5199966430664,79.44999694824219,79.47989654541016,58436,0.0,0.0,0.0
2024-02-07 12:30:00-05:00,79.45999908447266,79.58999633789062,79.44190216064453,79.55000305175781,40088,0.0,0.0,0.0
2024-02-07 13:30:00-05:00,79.55999755859375,79.56999969482422,79.4561996459961,79.5199966430664,40844,0.0,0.0,0.0
2024-02-07 14:30:00-05:00,79.53500366210938,79.58000183105469,79.50990295410156,79.529296875,40409,0.0,0.0,0.0
2024-02-07 15:30:00-05:00,79.5250015258789,79.54000091552734,79.46399688720703,79.48999786376953,30555,0.0,0.0,0.0
2024-02-08 09:30:00-05:00,79.30999755859375,79.30999755859375,79.06009674072266,79.11000061035156,65097,0.0,0.0,0.0
2024-02-08 10:30:00-05:00,79.11000061035156,79.1249008178711,78.93000030517578,78.93000030517578,37679,0.0,0.0,0.0
2024-02-08 11:30:00-05:00,78.93000030517578,79.0999984741211,78.9197006225586,79.08999633789062,37887,0.0,0.0,0.0
2024-02-08 12:30:00-05:00,79.08000183105469,79.2300033569336,79.06999969482422,79.18000030517578,52010,0.0,0.0,0.0
2024-02-08 13:30:00-05:00,79.18000030517578,79.20999908447266,79.12999725341797,79.15499877929688,53594,0.0,0.0,0.0
2024-02-08 14:30:00-05:00,79.16000366210938,79.20999908447266,79.11000061035156,79.19999694824219,33817,0.0,0.0,0.0
2024-02-08 15:30:00-05:00,79.21990203857422,79.2699966430664,79.18009948730469,79.20999908447266,0,0.0,0.0,0.0
2024-02-09 09:30:00-05:00,79.3499984741211,79.3499984741211,79.09500122070312,79.13749694824219,60247,0.0,0.0,0.0
2024-02-09 10:30:00-05:00,79.11640167236328,79.27999877929688,79.11499786376953,79.25,20654,0.0,0.0,0.0
2024-02-09 11:30:00-05:00,79.2699966430664,79.2699966430664,79.1500015258789,79.26000213623047,111976,0.0,0.0,0.0
2024-02-09 12:30:00-05:00,79.25,79.43710327148438,79.23040008544922,79.43710327148438,100654,0.0,0.0,0.0
2024-02-09 13:30:00-05:00,79.43000030517578,79.55860137939453,79.4186019897461,79.55860137939453,29873,0.0,0.0,0.0
2024-02-09 14:30:00-05:00,79.55000305175781,79.55000305175781,79.41500091552734,79.47840118408203,34305,0.0,0.0,0.0
2024-02-09 15:30:00-05:00,79.48200225830078,79.51000213623047,79.44000244140625,79.47000122070312,33401,0.0,0.0,0.0
2024-02-12 09:30:00-05:00,79.3499984741211,79.44000244140625,79.26000213623047,79.41000366210938,91331,0.0,0.0,0.0
2024-02-12 10:30:00-05:00,79.43900299072266,79.58999633789062,79.43000030517578,79.58999633789062,30870,0.0,0.0,0.0
2024-02-12 11:30:00-05:00,79.5999984741211,79.62999725341797,79.54000091552734,79.55999755859375,41908,0.0,0.0,0.0
2024-02-12 12:30:00-05:00,79.55999755859375,79.68000030517578,79.55570220947266,79.58999633789062,36041,0.0,0.0,0.0
2024-02-12 13:30:00-05:00,79.58000183105469,79.5813980102539,79.3740005493164,79.43000030517578,24661,0.0,0.0,0.0
2024-02-12 14:30:00-05:00,79.44000244140625,79.44000244140625,79.37000274658203,79.41999816894531,12550,0.0,0.0,0.0
2024-02-12 15:30:00-05:00,79.44499969482422,79.4800033569336,79.43000030517578,79.45999908447266,20170,0.0,0.0,0.0
2024-02-13 09:30:00-05:00,78.47000122070312,78.5250015258789,78.0999984741211,78.36990356445312,63037,0.0,0.0,0.0
2024-02-13 10:30:00-05:00,78.36589813232422,78.43000030517578,78.2655029296875,78.34500122070312,17780,0.0,0.0,0.0
2024-02-13 11:30:00-05:00,78.33999633789062,78.41909790039062,78.20999908447266,78.20999908447266,39192,0.0,0.0,0.0
2024-02-13 12:30:00-05:00,78.20999908447266,78.30000305175781,78.13999938964844,78.16000366210938,28116,0.0,0.0,0.0
2024-02-13 13:30:00-05:00,78.16000366210938,78.16000366210938,77.9000015258789,77.9000015258789,38815,0.0,0.0,0.0
2024-02-13 14:30:00-05:00,77.94000244140625,78.0,77.78980255126953,77.87000274658203,85190,0.0,0.0,0.0
2024-02-13 15:30:00-05:00,77.8949966430664,78.08999633789062,77.87000274658203,78.08999633789062,0,0.0,0.0,0.0
2024-02-14 09:30:00-05:00,78.77999877929688,78.81600189208984,78.55999755859375,78.79000091552734,66237,0.0,0.0,0.0
2024-02-14 10:30:00-05:00,78.76499938964844,78.81999969482422,78.70999908447266,78.81999969482422,57258,0.0,0.0,0.0
2024-02-14 11:30:00-05:00,78.81999969482422,78.87999725341797,78.68000030517578,78.8239974975586,29315,0.0,0.0,0.0
2024-02-14 12:30:00-05:00,78.86499786376953,78.94960021972656,78.83999633789062,78.87000274658203,31548,0.0,0.0,0.0
2024-02-14 13:30:00-05:00,78.88899993896484,78.98500061035156,78.81999969482422,78.94999694824219,30756,0.0,0.0,0.0
2024-02-14 14:30:00-05:00,78.97000122070312,79.16999816894531,78.94000244140625,79.12999725341797,73487,0.0,0.0,0.0
2024-02-14 15:30:00-05:00,79.1500015258789,79.25,79.07160186767578,79.1500015258789,204211,0.0,0.0,0.0
2024-02-15 09:30:00-05:00,79.5199966430664,79.79000091552734,79.48999786376953,79.75,0,0.0,0.0,0.0
2024-02-15 10:30:00-05:00,79.68000030517578,79.6989974975586,79.45999908447266,79.4800033569336,23122,0.0,0.0,0.0
2024-02-15 11:30:00-05:00,79.4800033569336,79.625,79.4800033569336,79.61000061035156,28629,0.0,0.0,0.0
2024-02-15 12:30:00-05:00,79.61000061035156,79.68990325927734,79.5801010131836,79.68990325927734,28740,0.0,0.0,0.0
2024-02-15 13:30:00-05:00,79.70999908447266,79.77999877929688,79.66000366210938,79.73500061035156,33043,0.0,0.0,0.0
2024-02-15 14:30:00-05:00,79.7699966430664,79.80999755859375,79.73999786376953,79.79000091552734,44236,0.0,0.0,0.0
2024-02-15 15:30:00-05:00,79.80999755859375,79.87000274658203,79.80000305175781,79.86000061035156,47196,0.0,0.0,0.0
2024-02-16 09:30:00-05:00,79.72000122070312,79.87999725341797,79.6050033569336,79.8240966796875,33004,0.0,0.0,0.0
2024-02-16 10:30:00-05:00,79.83000183105469,80.06990051269531,79.80000305175781,80.04080200195312,32731,0.0,0.0,0.0
2024-02-16 11:30:00-05:00,80.05680084228516,80.12999725341797,80.04499816894531,80.07099914550781,30451,0.0,0.0,0.0
2024-02-16 12:30:00-05:00,80.09600067138672,80.1449966430664,80.02960205078125,80.125,22146,0.0,0.0,0.0
2024-02-16 13:30:00-05:00,80.11499786376953,80.22679901123047,80.11499786376953,80.19999694824219,17341,0.0,0.0,0.0
2024-02-16 14:30:00-05:00,80.16000366210938,80.16000366210938,79.91999816894531,79.98999786376953,24638,0.0,0.0,0.0
2024-02-16 15:30:00-05:00,80.0,80.01000213623047,79.88999938964844,79.93000030517578,41435,0.0,0.0,0.0
2024-02-20 09:30:00-05:00,80.4800033569336,80.5,80.25,80.36000061035156,48446,0.0,0.0,0.0
2024-02-20 10:30:00-05:00,80.33000183105469,80.39399719238281,80.22000122070312,80.29000091552734,20357,0.0,0.0,0.0
2024-02-20 11:30:00-05:00,80.27050018310547,80.27200317382812,80.06999969482422,80.06999969482422,16126,0.0,0.0,0.0
2024-02-20 12:30:00-05:00,80.08000183105469,80.1500015258789,80.01000213623047,80.07990264892578,31596,0.0,0.0,0.0
2024-02-20 13:30:00-05:00,80.08000183105469,80.1500015258789,80.04350280761719,80.11990356445312,24155,0.0,0.0,0.0
2024-02-20 14:30:00-05:00,80.12000274658203,80.17980194091797,80.08999633789062,80.16649627685547,24448,0.0,0.0,0.0
2024-02-20 15:30:00-05:00,80.16999816894531,80.19999694824219,80.05999755859375,80.19999694824219,63757,0.0,0.0,0.0
2024-02-21 09:30:00-05:00,80.12000274658203,80.16999816894531,79.97000122070312,80.05000305175781,34397,0.0,0.0,0.0
2024-02-21 10:30:00-05:00,80.02120208740234,80.12000274658203,79.97879791259766,80.1050033569336,37809,0.0,0.0,0.0
2024-02-21 11:30:00-05:00,80.08000183105469,80.11000061035156,80.00499725341797,80.01570129394531,30832,0.0,0.0,0.0
2024-02-21 12:30:00-05:00,80.01679992675781,80.04299926757812,79.9198989868164,80.0,25595,0.0,0.0,0.0
2024-02-21 13:30:00-05:00,80.00499725341797,80.0999984741211,79.93000030517578,80.02999877929688,57792,0.0,0.0,0.0
2024-02-21 14:30:00-05:00,80.0199966430664,80.04000091552734,79.87000274658203,79.95570373535156,42813,0.0,0.0,0.0
2024-02-21 15:30:00-05:00,79.9800033569336,80.25,79.97989654541016,80.2300033569336,22812,0.0,0.0,0.0
2024-02-22 09:30:00-05:00,80.62000274658203,80.79000091552734,80.47000122070312,80.64679718017578,44391,0.0,0.0,0.0
2024-02-22 10:30:00-05:00,80.68000030517578,80.70999908447266,80.56500244140625,80.67990112304688,32496,0.0,0.0,0.0
2024-02-22 11:30:00-05:00,80.67009735107422,80.75,80.61000061035156,80.73999786376953,33620,0.0,0.0,0.0
2024-02-22 12:30:00-05:00,80.7699966430664,80.79000091552734,80.71009826660156,80.78109741210938,16698,0.0,0.0,0.0
2024-02-22 13:30:00-05:00,80.79000091552734,80.98999786376953,80.79000091552734,80.98680114746094,248290,0.0,0.0,0.0
2024-02-22 14:30:00-05:00,80.98999786376953,80.98999786376953,80.87999725341797,80.96499633789062,161501,0.0,0.0,0.0
2024-02-22 15:30:00-05:00,80.95500183105469,81.02999877929688,80.91999816894531,81.02999877929688,517136,0.0,0.0,0.0
2024-02-23 09:30:00-05:00,81.19999694824219,81.2698974609375,81.14009857177734,81.2300033569336,35644,0.0,0.0,0.0
2024-02-23 10:30:00-05:00,81.20999908447266,81.26679992675781,81.07499694824219,81.20989990234375,13123,0.0,0.0,0.0
2024-02-23 11:30:00-05:00,81.19499969482422,81.33999633789062,81.19499969482422,81.28579711914062,25186,0.0,0.0,0.0
2024-02-23 12:30:00-05:00,81.27999877929688,81.32749938964844,81.24500274658203,81.32080078125,19590,0.0,0.0,0.0
2024-02-23 13:30:00-05:00,81.31999969482422,81.3499984741211,81.18499755859375,81.19670104980469,14174,0.0,0.0,0.0
2024-02-23 14:30:00-05:00,81.17500305175781,81.29000091552734,81.17500305175781,81.2300033569336,24339,0.0,0.0,0.0
2024-02-23 15:30:00-05:00,81.2300033569336,81.30999755859375,81.20999908447266,81.2699966430664,33918,0.0,0.0,0.0
2024-02-26 09:30:00-05:00,81.30000305175781,81.30000305175781,81.08999633789062,81.13500213623047,53759,0.0,0.0,0.0
2024-02-26 10:30:00-05:00,81.1050033569336,81.16999816894531,81.02999877929688,81.05000305175781,20447,0.0,0.0,0.0
2024-02-26 11:30:00-05:00,81.04859924316406,81.08989715576172,81.03500366210938,81.07499694824219,25957,0.0,0.0,0.0
2024-02-26 12:30:00-05:00,81.08000183105469,81.08000183105469,80.95500183105469,80.96499633789062,18159,0.0,0.0,0.0
2024-02-26 13:30:00-05:00,80.95999908447266,81.05000305175781,80.91000366210938,81.04900360107422,18515,0.0,0.0,0.0
2024-02-26 14:30:00-05:00,81.05999755859375,81.11669921875,81.01399993896484,81.11669921875,39464,0.0,0.0,0.0
2024-02-26 15:30:00-05:00,81.10600280761719,81.12999725341797,81.04000091552734,81.04850006103516,35595,0.0,0.0,0.0
2024-02-27 09:30:00-05:00,80.87999725341797,80.95919799804688,80.76799774169922,80.87999725341797,70018,0.0,0.0,0.0
2024-02-27 10:30:00-05:00,80.91999816894531,80.96939849853516,80.8281021118164,80.93000030517578,16391,0.0,0.0,0.0
2024-02-27 11:30:00-05:00,80.93000030517578,80.93679809570312,80.83000183105469,80.8552017211914,31682,0.0,0.0,0.0
2024-02-27 12:30:00-05:00,80.8499984741211,80.94000244140625,80.8499984741211,80.91000366210938,17686,0.0,0.0,0.0
2024-02-27 13:30:00-05:00,80.87879943847656,80.94000244140625,80.87000274658203,80.9000015258789,28379,0.0,0.0,0.0
2024-02-27 14:30:00-05:00,80.9092025756836,80.93000030517578,80.81999969482422,80.91999816894531,23268,0.0,0.0,0.0
2024-02-27 15:30:00-05:00,80.92990112304688,80.98500061035156,80.8949966430664,80.97000122070312,39662,0.0,0.0,0.0
2024-02-28 09:30:00-05:00,80.47000122070312,80.47000122070312,80.31999969482422,80.36859893798828,58711,0.0,0.0,0.0
2024-02-28 10:30:00-05:00,80.4000015258789,80.44999694824219,80.375,80.37999725341797,19497,0.0,0.0,0.0
2024-02-28 11:30:00-05:00,80.4000015258789,80.48999786376953,80.34010314941406,80.44999694824219,30047,0.0,0.0,0.0
2024-02-28 12:30:00-05:00,80.44499969482422,80.5,80.37799835205078,80.48999786376953,26279,0.0,0.0,0.0
2024-02-28 13:30:00-05:00,80.51000213623047,80.51000213623047,80.36000061035156,80.41000366210938,40226,0.0,0.0,0.0
2024-02-28 14:30:00-05:00,80.37000274658203,80.46499633789062,80.31999969482422,80.46499633789062,44855,0.0,0.0,0.0
2024-02-28 15:30:00-05:00,80.47000122070312,80.47000122070312,80.4000015258789,80.41000366210938,60723,0.0,0.0,0.0
2024-02-29 09:30:00-05:00,80.86000061035156,80.97879791259766,80.78150177001953,80.79149627685547,44551,0.0,0.0,0.0
2024-02-29 10:30:00-05:00,80.8196029663086,80.8196029663086,80.56999969482422,80.5792007446289,32161,0.0,0.0,0.0
2024-02-29 11:30:00-05:00,80.55000305175781,80.55000305175781,80.4000015258789,80.41899871826172,31155,0.0,0.0,0.0
2024-02-29 12:30:00-05:00,80.4000015258789,80.5999984741211,80.4000015258789,80.5999984741211,29313,0.0,0.0,0.0
2024-02-29 13:30:00-05:00,80.58989715576172,80.66000366210938,80.58000183105469,80.61000061035156,25685,0.0,0.0,0.0
2024-02-29 14:30:00-05:00,80.62999725341797,80.62999725341797,80.52999877929688,80.62149810791016,23521,0.0,0.0,0.0
2024-02-29 15:30:00-05:00,80.62999725341797,80.73999786376953,80.62000274658203,80.6500015258789,48323,0.0,0.0,0.0
2024-03-01 09:30:00-05:00,80.9000015258789,81.13999938964844,80.63999938964844,81.11389923095703,31922,0.0,0.0,0.0
2024-03-01 10:30:00-05:00,81.12999725341797,81.29499816894531,81.11219787597656,81.18000030517578,33487,0.0,0.0,0.0
2024-03-01 11:30:00-05:00,81.17500305175781,81.30989837646484,81.1500015258789,81.29000091552734,49927,0.0,0.0,0.0
2024-03-01 12:30:00-05:00,81.28820037841797,81.31999969482422,81.25,81.30000305175781,23711,0.0,0.0,0.0
2024-03-01 13:30:00-05:00,81.30000305175781,81.33999633789062,81.27200317382812,81.31999969482422,39100,0.0,0.0,0.0
2024-03-01 14:30:00-05:00,81.31999969482422,81.33000183105469,81.2300033569336,81.25980377197266,113677,0.0,0.0,0.0
2024-03-01 15:30:00-05:00,81.25,81.31900024414062,81.23999786376953,81.30999755859375,32231,0.0,0.0,0.0
2024-03-04 09:30:00-05:00,81.16999816894531,81.25,81.08999633789062,81.12999725341797,89313,0.0,0.0,0.0
2024-03-04 10:30:00-05:00,81.1500015258789,81.30000305175781,81.14900207519531,81.26000213623047,0,0.0,0.0,0.0
2024-03-04 11:30:00-05:00,81.27989959716797,81.40899658203125,81.27400207519531,81.4000015258789,19423,0.0,0.0,0.0
2024-03-04 12:30:00-05:00,81.43000030517578,81.43000030517578,81.25,81.2699966430664,20159,0.0,0.0,0.0
2024-03-04 13:30:00-05:00,81.25420379638672,81.28500366210938,81.2426986694336,81.26000213623047,12967,0.0,0.0,0.0
2024-03-04 14:30:00-05:00,81.2750015258789,81.37000274658203,81.27439880371094,81.33999633789062,17319,0.0,0.0,0.0
2024-03-04 15:30:00-05:00,81.3550033569336,81.3550033569336,81.20539855957031,81.25,87582,0.0,0.0,0.0
2024-03-05 09:30:00-05:00,81.08999633789062,81.25,80.95999908447266,81.0199966430664,50174,0.0,0.0,0.0
2024-03-05 10:30:00-05:00,80.98999786376953,80.9999008178711,80.86000061035156,80.88140106201172,42080,0.0,0.0,0.0
2024-03-05 11:30:00-05:00,80.9207992553711,80.9207992553711,80.77999877929688,80.9000015258789,47099,0.0,0.0,0.0
2024-03-05 12:30:00-05:00,80.89299774169922,80.91699981689453,80.79239654541016,80.82499694824219,15773,0.0,0.0,0.0
2024-03-05 13:30:00-05:00,80.84500122070312,80.87000274658203,80.70500183105469,80.78710174560547,23590,0.0,0.0,0.0
2024-03-05 14:30:00-05:00,80.72000122070312,80.7249984741211,80.54010009765625,80.55999755859375,22222,0.0,0.0,0.0
2024-03-05 15:30:00-05:00,80.59049987792969,80.76329803466797,80.59049987792969,80.7300033569336,89968,0.0,0.0,0.0
2024-03-06 09:30:00-05:00,81.41000366210938,81.5199966430664,81.33000183105469,81.37000274658203,40452,0.0,0.0,0.0
2024-03-06 10:30:00-05:00,81.33000183105469,81.56999969482422,81.31999969482422,81.56999969482422,25826,0.0,0.0,0.0
2024-03-06 11:30:00-05:00,81.58989715576172,81.72000122070312,81.56999969482422,81.70999908447266,18523,0.0,0.0,0.0
2024-03-06 12:30:00-05:00,81.70999908447266,81.72000122070312,81.61009979248047,81.72000122070312,16558,0.0,0.0,0.0
2024-03-06 13:30:00-05:00,81.70999908447266,81.70999908447266,81.38359832763672,81.55999755859375,24611,0.0,0.0,0.0
2024-03-06 14:30:00-05:00,81.54769897460938,81.54769897460938,81.39510345458984,81.41999816894531,23079,0.0,0.0,0.0
2024-03-06 15:30:00-05:00,81.4749984741211,81.5199966430664,81.41000366210938,81.5199966430664,67135,0.0,0.0,0.0
2024-03-07 09:30:00-05:00,82.33000183105469,82.44999694824219,82.26000213623047,82.36000061035156,59063,0.0,0.0,0.0
2024-03-07 10:30:00-05:00,82.37660217285156,82.61000061035156,82.3550033569336,82.5999984741211,21028,0.0,0.0,0.0
2024-03-07 11:30:00-05:00,82.54000091552734,82.6500015258789,82.51580047607422,82.56999969482422,38130,0.0,0.0,0.0
2024-03-07 12:30:00-05:00,82.58999633789062,82.6500015258789,82.4800033569336,82.61000061035156,25194,0.0,0.0,0.0
2024-03-07 13:30:00-05:00,82.63999938964844,82.72000122070312,82.61499786376953,82.63169860839844,49262,0.0,0.0,0.0
2024-03-07 14:30:00-05:00,82.63999938964844,82.66000366210938,82.52999877929688,82.5999984741211,64316,0.0,0.0,0.0
2024-03-07 15:30:00-05:00,82.58999633789062,82.66790008544922,82.58999633789062,82.62999725341797,42845,0.0,0.0,0.0
2024-03-08 09:30:00-05:00,82.91000366210938,82.94999694824219,82.69999694824219,82.7699966430664,36795,0.0,0.0,0.0
2024-03-08 10:30:00-05:00,82.7750015258789,82.91000366210938,82.59290313720703,82.59290313720703,25197,0.0,0.0,0.0
2024-03-08 11:30:00-05:00,82.59709930419922,82.66000366210938,82.54010009765625,82.62999725341797,31458,0.0,0.0,0.0
2024-03-08 12:30:00-05:00,82.6449966430664,82.66999816894531,82.36000061035156,82.41999816894531,22043,0.0,0.0,0.0
2024-03-08 13:30:00-05:00,82.37999725341797,82.54000091552734,82.29010009765625,82.51000213623047,32900,0.0,0.0,0.0
2024-03-08 14:30:00-05:00,82.54000091552734,82.62000274658203,82.45330047607422,82.45999908447266,43793,0.0,0.0,0.0
2024-03-08 15:30:00-05:00,82.44100189208984,82.48999786376953,82.41999816894531,82.41999816894531,18584,0.0,0.0,0.0
2024-03-11 09:30:00-04:00,82.07499694824219,82.1449966430664,81.86000061035156,81.87999725341797,30928,0.0,0.0,0.0
2024-03-11 10:30:00-04:00,81.9000015258789,81.9800033569336,81.83499908447266,81.88999938964844,18473,0.0,0.0,0.0
2024-03-11 11:30:00-04:00,81.87999725341797,82.07499694824219,81.86009979248047,82.07499694824219,23612,0.0,0.0,0.0
2024-03-11 12:30:00-04:00,82.08000183105469,82.20960235595703,82.05500030517578,82.17949676513672,21230,0.0,0.0,0.0
2024-03-11 13:30:00-04:00,82.17500305175781,82.19000244140625,82.11000061035156,82.17500305175781,15030,0.0,0.0,0.0
2024-03-11 14:30:00-04:00,82.16010284423828,82.24970245361328,82.12999725341797,82.19999694824219,58848,0.0,0.0,0.0
2024-03-11 15:30:00-04:00,82.22000122070312,82.2300033569336,82.1500015258789,82.19999694824219,26179,0.0,0.0,0.0
2024-03-12 09:30:00-04:00,82.33000183105469,82.4000015258789,82.04000091552734,82.37000274658203,37362,0.0,0.0,0.0
2024-03-12 10:30:00-04:00,82.4800033569336,82.66000366210938,82.42009735107422,82.62000274658203,22260,0.0,0.0,0.0
2024-03-12 11:30:00-04:00,82.61000061035156,82.7300033569336,82.60990142822266,82.6500015258789,35373,0.0,0.0,0.0
2024-03-12 12:30:00-04:00,82.6449966430664,82.6449966430664,82.48799896240234,82.5990982055664,110748,0.0,0.0,0.0
2024-03-12 13:30:00-04:00,82.61000061035156,82.72509765625,82.58999633789062,82.72509765625,33175,0.0,0.0,0.0
2024-03-12 14:30:00-04:00,82.73999786376953,82.80500030517578,82.69860076904297,82.79010009765625,26129,0.0,0.0,0.0
2024-03-12 15:30:00-04:00,82.80000305175781,82.8499984741211,82.76730346679688,82.80999755859375,29306,0.0,0.0,0.0
2024-03-13 09:30:00-04:00,82.66000366210938,82.7300033569336,82.55709838867188,82.6500015258789,47130,0.0,0.0,0.0
2024-03-13 10:30:00-04:00,82.61499786376953,82.66000366210938,82.55979919433594,82.6050033569336,19540,0.0,0.0,0.0
2024-03-13 11:30:00-04:00,82.5999984741211,82.63500213623047,82.56310272216797,82.59190368652344,29459,0.0,0.0,0.0
2024-03-13 12:30:00-04:00,82.60990142822266,82.7249984741211,82.57160186767578,82.69969940185547,60007,0.0,0.0,0.0
2024-03-13 13:30:00-04:00,82.69999694824219,82.69999694824219,82.64859771728516,82.6500015258789,29364,0.0,0.0,0.0
2024-03-13 14:30:00-04:00,82.6592025756836,82.67980194091797,82.4749984741211,82.52999877929688,36577,0.0,0.0,0.0
2024-03-13 15:30:00-04:00,82.53510284423828,82.625,82.52210235595703,82.61000061035156,24512,0.0,0.0,0.0
2024-03-14 09:30:00-04:00,82.69999694824219,82.69999694824219,82.19999694824219,82.22740173339844,43528,0.0,0.0,0.0
2024-03-14 10:30:00-04:00,82.23999786376953,82.29000091552734,81.94999694824219,81.97000122070312,28259,0.0,0.0,0.0
2024-03-14 11:30:00-04:00,82.0,82.13999938964844,82.0,82.13999938964844,10189,0.0,0.0,0.0
2024-03-14 12:30:00-04:00,82.16480255126953,82.19999694824219,81.99500274658203,82.01000213623047,21432,0.0,0.0,0.0
2024-03-14 13:30:00-04:00,81.95999908447266,82.11000061035156,81.9114990234375,82.06999969482422,21117,0.0,0.0,0.0
2024-03-14 14:30:00-04:00,82.02999877929688,82.08000183105469,81.85399627685547,81.91000366210938,49255,0.0,0.0,0.0
2024-03-14 15:30:00-04:00,81.88500213623047,82.06999969482422,81.80500030517578,82.05000305175781,68959,0.0,0.0,0.0
2024-03-15 09:30:00-04:00,81.73999786376953,81.73999786376953,81.44000244140625,81.58999633789062,57581,0.0,0.0,0.0
2024-03-15 10:30:00-04:00,81.58999633789062,81.66999816894531,81.57499694824219,81.5999984741211,17531,0.0,0.0,0.0
2024-03-15 11:30:00-04:00,81.6261978149414,81.6261978149414,81.37999725341797,81.4000015258789,44670,0.0,0.0,0.0
2024-03-15 12:30:00-04:00,81.40589904785156,81.40589904785156,81.24169921875,81.38999938964844,27109,0.0,0.0,0.0
2024-03-15 13:30:00-04:00,81.375,81.44999694824219,81.36000061035156,81.41510009765625,15789,0.0,0.0,0.0
2024-03-15 14:30:00-04:00,81.45500183105469,81.52570343017578,81.44000244140625,81.51000213623047,21093,0.0,0.0,0.0
2024-03-15 15:30:00-04:00,81.50499725341797,81.50499725341797,81.42769622802734,81.4800033569336,157934,0.0,0.0,0.0
2024-03-18 09:30:00-04:00,81.58999633789062,81.58999633789062,81.38999938964844,81.48999786376953,60730,0.0,0.0,0.0
2024-03-18 10:30:00-04:00,81.48999786376953,81.48999786376953,81.4000015258789,81.45500183105469,23922,0.0,0.0,0.0
2024-03-18 11:30:00-04:00,81.47000122070312,81.4800033569336,81.41999816894531,81.44999694824219,40004,0.0,0.0,0.0
2024-03-18 12:30:00-04:00,81.41500091552734,81.45999908447266,81.35530090332031,81.44210052490234,20091,0.0,0.0,0.0
2024-03-18 13:30:00-04:00,81.47000122070312,81.47000122070312,81.36000061035156,81.44750213623047,20318,0.0,0.0,0.0
2024-03-18 14:30:00-04:00,81.48999786376953,81.48999786376953,81.37000274658203,81.42279815673828,28113,0.0,0.0,0.0
2024-03-18 15:30:00-04:00,81.42500305175781,81.43810272216797,81.30000305175781,81.31999969482422,35720,0.0,0.0,0.0
2024-03-19 09:30:00-04:00,81.1500015258789,81.1500015258789,80.98500061035156,81.01000213623047,55078,0.0,0.0,0.0
2024-03-19 10:30:00-04:00,81.02890014648438,81.12999725341797,81.02010345458984,81.06999969482422,27614,0.0,0.0,0.0
2024-03-19 11:30:00-04:00,81.12000274658203,81.30000305175781,81.12000274658203,81.30000305175781,25658,0.0,0.0,0.0
2024-03-19 12:30:00-04:00,81.30999755859375,81.4000015258789,81.29000091552734,81.34940338134766,37545,0.0,0.0,0.0
2024-03-19 13:30:00-04:00,81.33999633789062,81.35250091552734,81.27999877929688,81.30000305175781,43057,0.0,0.0,0.0
2024-03-19 14:30:00-04:00,81.30999755859375,81.3499984741211,81.26399993896484,81.29000091552734,42740,0.0,0.0,0.0
2024-03-19 15:30:00-04:00,81.27999877929688,81.3499984741211,81.27999877929688,81.27999877929688,23630,0.0,0.0,0.0
2024-03-20 09:30:00-04:00,81.36000061035156,81.36499786376953,81.23999786376953,81.34989929199219,69454,0.0,0.0,0.0
2024-03-20 10:30:00-04:00,81.33999633789062,81.4397964477539,81.30110168457031,81.40499877929688,27793,0.0,0.0,0.0
2024-03-20 11:30:00-04:00,81.37989807128906,81.3949966430664,81.33000183105469,81.3593978881836,49150,0.0,0.0,0.0
2024-03-20 12:30:00-04:00,81.3324966430664,81.38009643554688,81.3115005493164,81.36000061035156,18248,0.0,0.0,0.0
2024-03-20 13:30:00-04:00,81.33989715576172,81.68499755859375,81.31999969482422,81.51000213623047,22835,0.0,0.0,0.0
2024-03-20 14:30:00-04:00,81.53839874267578,82.0,81.33619689941406,82.0,69783,0.0,0.0,0.0
2024-03-20 15:30:00-04:00,82.0250015258789,82.0250015258789,81.91999816894531,81.9800033569336,16588,0.0,0.0,0.0
2024-03-21 09:30:00-04:00,81.87000274658203,81.8947982788086,81.71320343017578,81.7750015258789,32922,0.0,0.0,0.0
2024-03-21 10:30:00-04:00,81.7249984741211,81.91999816894531,81.7249984741211,81.8550033569336,40032,0.0,0.0,0.0
2024-03-21 11:30:00-04:00,81.86509704589844,81.94999694824219,81.86509704589844,81.94000244140625,34962,0.0,0.0,0.0
2024-03-21 12:30:00-04:00,81.91999816894531,81.98999786376953,81.9011001586914,81.94000244140625,24433,0.0,0.0,0.0
2024-03-21 13:30:00-04:00,81.92520141601562,81.94000244140625,81.87239837646484,81.93499755859375,25344,0.0,0.0,0.0
2024-03-21 14:30:00-04:00,81.93000030517578,81.93000030517578,81.83999633789062,81.88999938964844,32870,0.0,0.0,0.0
2024-03-21 15:30:00-04:00,81.90499877929688,81.92330169677734,81.80000305175781,81.80000305175781,37523,0.0,0.0,0.0
2024-03-22 09:30:00-04:00,81.87000274658203,81.88999938964844,81.51000213623047,81.51000213623047,32104,0.0,0.0,0.0
2024-03-22 10:30:00-04:00,81.58999633789062,81.61799621582031,81.55000305175781,81.61499786376953,16457,0.0,0.0,0.0
2024-03-22 11:30:00-04:00,81.61499786376953,81.61499786376953,81.51280212402344,81.54000091552734,12853,0.0,0.0,0.0
2024-03-22 12:30:00-04:00,81.53500366210938,81.61029815673828,81.51909637451172,81.5823974609375,17082,0.0,0.0,0.0
2024-03-22 13:30:00-04:00,81.58999633789062,81.6500015258789,81.56999969482422,81.63500213623047,15894,0.0,0.0,0.0
2024-03-22 14:30:00-04:00,81.63899993896484,81.63960266113281,81.50749969482422,81.54499816894531,26009,0.0,0.0,0.0
2024-03-22 15:30:00-04:00,81.55000305175781,81.61499786376953,81.52999877929688,81.5999984741211,29242,0.0,0.0,0.0
2024-03-25 09:30:00-04:00,81.29000091552734,81.48079681396484,81.23999786376953,81.48079681396484,39742,0.0,0.0,0.0
2024-03-25 10:30:00-04:00,81.45999908447266,81.47000122070312,81.39009857177734,81.44660186767578,14647,0.0,0.0,0.0
2024-03-25 11:30:00-04:00,81.45929718017578,81.47000122070312,81.38050079345703,81.4000015258789,53012,0.0,0.0,0.0
2024-03-25 12:30:00-04:00,81.41000366210938,81.41000366210938,81.33999633789062,81.37999725341797,16855,0.0,0.0,0.0
2024-03-25 13:30:00-04:00,81.37999725341797,81.44609832763672,81.37000274658203,81.43499755859375,43190,0.0,0.0,0.0
2024-03-25 14:30:00-04:00,81.43499755859375,81.43499755859375,81.30000305175781,81.32959747314453,39934,0.0,0.0,0.0
2024-03-25 15:30:00-04:00,81.33999633789062,81.3550033569336,81.23500061035156,81.2699966430664,45023,0.0,0.0,0.0
2024-03-26 09:30:00-04:00,81.55999755859375,81.55999755859375,81.41500091552734,81.4749984741211,39006,0.0,0.0,0.0
2024-03-26 10:30:00-04:00,81.47000122070312,81.55000305175781,81.45999908447266,81.55000305175781,16471,0.0,0.0,0.0
2024-03-26 11:30:00-04:00,81.52999877929688,81.59500122070312,81.5,81.59500122070312,40715,0.0,0.0,0.0
2024-03-26 12:30:00-04:00,81.58000183105469,81.5999984741211,81.55000305175781,81.58989715576172,25903,0.0,0.0,0.0
2024-03-26 13:30:00-04:00,81.58580017089844,81.59420013427734,81.5250015258789,81.58499908447266,37610,0.0,0.0,0.0
2024-03-26 14:30:00-04:00,81.58999633789062,81.5999984741211,81.51000213623047,81.51000213623047,21102,0.0,0.0,0.0
2024-03-26 15:30:00-04:00,81.48999786376953,81.5,81.33000183105469,81.33000183105469,22899,0.0,0.0,0.0
2024-03-27 09:30:00-04:00,81.55999755859375,81.56999969482422,81.38500213623047,81.44989776611328,28711,0.0,0.0,0.0
2024-03-27 10:30:00-04:00,81.48989868164062,81.48999786376953,81.4000015258789,81.45500183105469,27309,0.0,0.0,0.0
2024-03-27 11:30:00-04:00,81.44999694824219,81.5,81.37000274658203,81.40950012207031,41233,0.0,0.0,0.0
2024-03-27 12:30:00-04:00,81.43499755859375,81.5199966430664,81.42500305175781,81.47989654541016,58549,0.0,0.0,0.0
2024-03-27 13:30:00-04:00,81.45999908447266,81.51000213623047,81.38999938964844,81.51000213623047,37807,0.0,0.0,0.0
2024-03-27 14:30:00-04:00,81.5,81.51969909667969,81.43499755859375,81.51000213623047,31679,0.0,0.0,0.0
2024-03-27 15:30:00-04:00,81.50499725341797,81.6500015258789,81.5,81.62000274658203,36957,0.0,0.0,0.0
2024-03-28 09:30:00-04:00,81.47000122070312,81.62200164794922,81.41000366210938,81.54000091552734,71411,0.0,0.0,0.0
2024-03-28 10:30:00-04:00,81.55999755859375,81.67900085449219,81.5531005859375,81.65499877929688,22552,0.0,0.0,0.0
2024-03-28 11:30:00-04:00,81.66000366210938,81.66000366210938,81.58999633789062,81.64070129394531,30326,0.0,0.0,0.0
2024-03-28 12:30:00-04:00,81.6050033569336,81.64990234375,81.5250015258789,81.5250015258789,14341,0.0,0.0,0.0
2024-03-28 13:30:00-04:00,81.5199966430664,81.54499816894531,81.4635009765625,81.48899841308594,28642,0.0,0.0,0.0
2024-03-28 14:30:00-04:00,81.48999786376953,81.56999969482422,81.45159912109375,81.56500244140625,36552,0.0,0.0,0.0
2024-03-28 15:30:00-04:00,81.56999969482422,81.58000183105469,81.51000213623047,81.51000213623047,35699,0.0,0.0,0.0
2024-04-01 09:30:00-04:00,81.41999816894531,81.41999816894531,81.0999984741211,81.1010971069336,95823,0.0,0.0,0.0
2024-04-01 10:30:00-04:00,81.10990142822266,81.10990142822266,80.95970153808594,80.98500061035156,52703,0.0,0.0,0.0
2024-04-01 11:30:00-04:00,80.9884033203125,80.98999786376953,80.86380004882812,80.97260284423828,40036,0.0,0.0,0.0
2024-04-01 12:30:00-04:00,80.99600219726562,81.02300262451172,80.93000030517578,80.96499633789062,32934,0.0,0.0,0.0
2024-04-01 13:30:00-04:00,80.97989654541016,81.02420043945312,80.95349884033203,81.0199966430664,48353,0.0,0.0,0.0
2024-04-01 14:30:00-04:00,81.01499938964844,81.04000091552734,80.95999908447266,80.99500274658203,22737,0.0,0.0,0.0
2024-04-01 15:30:00-04:00,80.99500274658203,81.05000305175781,80.94999694824219,81.02999877929688,48655,0.0,0.0,0.0
2024-04-02 09:30:00-04:00,80.43000030517578,80.43000030517578,80.17500305175781,80.29000091552734,41415,0.0,0.0,0.0
2024-04-02 10:30:00-04:00,80.28340148925781,80.31539916992188,80.13600158691406,80.21499633789062,24849,0.0,0.0,0.0
2024-04-02 11:30:00-04:00,80.21929931640625,80.22000122070312,80.12999725341797,80.19000244140625,35810,0.0,0.0,0.0
2024-04-02 12:30:00-04:00,80.21440124511719,80.2699966430664,80.20999908447266,80.22989654541016,10933,0.0,0.0,0.0
2024-04-02 13:30:00-04:00,80.19000244140625,80.25,80.16999816894531,80.22460174560547,16861,0.0,0.0,0.0
2024-04-02 14:30:00-04:00,80.23500061035156,80.28990173339844,80.22000122070312,80.2699966430664,30835,0.0,0.0,0.0
2024-04-02 15:30:00-04:00,80.27690124511719,80.36990356445312,80.27690124511719,80.33000183105469,17346,0.0,0.0,0.0
2024-04-03 09:30:00-04:00,80.05000305175781,80.48999786376953,80.05000305175781,80.44999694824219,34252,0.0,0.0,0.0
2024-04-03 10:30:00-04:00,80.40499877929688,80.66000366210938,80.3949966430664,80.64900207519531,52418,0.0,0.0,0.0
2024-04-03 11:30:00-04:00,80.6500015258789,80.69000244140625,80.51010131835938,80.62999725341797,37601,0.0,0.0,0.0
2024-04-03 12:30:00-04:00,80.65499877929688,80.69000244140625,80.51000213623047,80.6449966430664,23468,0.0,0.0,0.0
2024-04-03 13:30:00-04:00,80.6500015258789,80.70989990234375,80.625,80.63899993896484,38797,0.0,0.0,0.0
2024-04-03 14:30:00-04:00,80.61000061035156,80.66500091552734,80.44999694824219,80.4990005493164,30729,0.0,0.0,0.0
2024-04-03 15:30:00-04:00,80.4800033569336,80.57499694824219,80.4800033569336,80.55999755859375,31441,0.0,0.0,0.0
2024-04-04 09:30:00-04:00,81.06999969482422,81.06999969482422,80.92500305175781,80.97000122070312,38598,0.0,0.0,0.0
2024-04-04 10:30:00-04:00,80.95010375976562,81.0199966430664,80.9000015258789,80.92900085449219,27211,0.0,0.0,0.0
2024-04-04 11:30:00-04:00,80.93000030517578,80.98979949951172,80.92240142822266,80.9749984741211,37453,0.0,0.0,0.0
2024-04-04 12:30:00-04:00,80.97969818115234,80.9800033569336,80.90989685058594,80.90989685058594,15528,0.0,0.0,0.0
2024-04-04 13:30:00-04:00,80.91500091552734,80.91500091552734,80.44000244140625,80.44000244140625,41951,0.0,0.0,0.0
2024-04-04 14:30:00-04:00,80.44000244140625,80.44000244140625,80.0468978881836,80.0468978881836,81050,0.0,0.0,0.0
2024-04-04 15:30:00-04:00,80.06999969482422,80.13619995117188,79.96209716796875,80.07499694824219,57794,0.0,0.0,0.0
2024-04-05 09:30:00-04:00,80.04000091552734,80.1500015258789,79.91000366210938,80.08000183105469,47245,0.0,0.0,0.0
2024-04-05 10:30:00-04:00,80.09639739990234,80.28800201416016,80.08000183105469,80.28800201416016,106710,0.0,0.0,0.0
2024-04-05 11:30:00-04:00,80.30999755859375,80.45999908447266,80.26679992675781,80.44000244140625,45465,0.0,0.0,0.0
2024-04-05 12:30:00-04:00,80.4395980834961,80.48999786376953,80.37999725341797,80.41999816894531,28414,0.0,0.0,0.0
2024-04-05 13:30:00-04:00,80.44000244140625,80.44599914550781,80.21040344238281,80.375,41287,0.0,0.0,0.0
2024-04-05 14:30:00-04:00,80.3499984741211,80.375,80.26580047607422,80.30999755859375,54032,0.0,0.0,0.0
2024-04-05 15:30:00-04:00,80.30139923095703,80.37000274658203,80.2699966430664,80.31999969482422,27891,0.0,0.0,0.0
2024-04-08 09:30:00-04:00,80.62999725341797,80.62999725341797,80.36009979248047,80.44499969482422,47535,0.0,0.0,0.0
2024-04-08 10:30:00-04:00,80.52999877929688,80.58499908447266,80.48999786376953,80.55500030517578,21573,0.0,0.0,0.0
2024-04-08 11:30:00-04:00,80.55000305175781,80.56829833984375,80.38999938964844,80.43599700927734,69076,0.0,0.0,0.0
2024-04-08 12:30:00-04:00,80.42620086669922,80.54000091552734,80.42420196533203,80.52909851074219,26136,0.0,0.0,0.0
2024-04-08 13:30:00-04:00,80.55000305175781,80.59500122070312,80.52519989013672,80.58999633789062,62444,0.0,0.0,0.0
2024-04-08 14:30:00-04:00,80.58000183105469,80.58000183105469,80.50499725341797,80.55999755859375,32127,0.0,0.0,0.0
2024-04-08 15:30:00-04:00,80.56999969482422,80.58000183105469,80.44190216064453,80.47000122070312,24447,0.0,0.0,0.0
2024-04-09 09:30:00-04:00,80.83000183105469,80.87000274658203,80.5199966430664,80.5199966430664,117144,0.0,0.0,0.0
2024-04-09 10:30:00-04:00,80.47000122070312,80.47000122070312,80.18000030517578,80.30000305175781,35541,0.0,0.0,0.0
2024-04-09 11:30:00-04:00,80.31999969482422,80.44000244140625,80.29519653320312,80.41999816894531,32043,0.0,0.0,0.0
2024-04-09 12:30:00-04:00,80.43990325927734,80.46990203857422,80.3499984741211,80.35420227050781,42990,0.0,0.0,0.0
2024-04-09 13:30:00-04:00,80.37000274658203,80.40989685058594,80.27279663085938,80.34500122070312,22757,0.0,0.0,0.0
2024-04-09 14:30:00-04:00,80.31999969482422,80.51020050048828,80.24009704589844,80.51000213623047,34342,0.0,0.0,0.0
2024-04-09 15:30:00-04:00,80.51000213623047,80.55000305175781,80.44000244140625,80.55000305175781,32457,0.0,0.0,0.0
2024-04-10 09:30:00-04:00,79.45999908447266,79.62999725341797,79.30500030517578,79.59010314941406,33024,0.0,0.0,0.0
2024-04-10 10:30:00-04:00,79.6050033569336,79.73989868164062,79.51000213623047,79.56999969482422,19035,0.0,0.0,0.0
2024-04-10 11:30:00-04:00,79.58000183105469,79.58000183105469,79.38960266113281,79.41000366210938,36297,0.0,0.0,0.0
2024-04-10 12:30:00-04:00,79.37999725341797,79.56999969482422,79.28500366210938,79.54000091552734,37232,0.0,0.0,0.0
2024-04-10 13:30:00-04:00,79.48989868164062,79.56999969482422,79.33000183105469,79.39739990234375,35332,0.0,0.0,0.0
2024-04-10 14:30:00-04:00,79.40239715576172,80.55000305175781,79.30999755859375,79.5,29687,0.0,0.0,0.0
2024-04-10 15:30:00-04:00,79.47000122070312,79.55500030517578,79.41899871826172,79.5,70136,0.0,0.0,0.0
2024-04-11 09:30:00-04:00,80.02249908447266,80.02870178222656,79.22000122070312,79.22000122070312,43229,0.0,0.0,0.0
2024-04-11 10:30:00-04:00,79.23300170898438,79.44999694824219,79.18350219726562,79.38500213623047,21979,0.0,0.0,0.0
2024-04-11 11:30:00-04:00,79.38500213623047,79.6500015258789,79.37899780273438,79.61499786376953,17828,0.0,0.0,0.0
2024-04-11 12:30:00-04:00,79.61499786376953,79.87000274658203,79.57350158691406,79.83499908447266,31792,0.0,0.0,0.0
2024-04-11 13:30:00-04:00,79.83999633789062,80.04000091552734,79.80999755859375,79.9884033203125,24942,0.0,0.0,0.0
2024-04-11 14:30:00-04:00,79.97760009765625,80.01000213623047,79.91999816894531,79.95999908447266,22407,0.0,0.0,0.0
2024-04-11 15:30:00-04:00,79.94999694824219,79.98500061035156,79.9000015258789,79.90499877929688,27056,0.0,0.0,0.0
2024-04-12 09:30:00-04:00,79.29000091552734,79.41999816894531,79.03199768066406,79.07019805908203,31283,0.0,0.0,0.0
2024-04-12 10:30:00-04:00,79.06500244140625,79.12000274658203,78.93160247802734,79.02580261230469,28648,0.0,0.0,0.0
2024-04-12 11:30:00-04:00,79.0698013305664,79.16000366210938,78.97000122070312,78.97000122070312,32888,0.0,0.0,0.0
2024-04-12 12:30:00-04:00,78.92990112304688,78.92990112304688,78.71009826660156,78.71009826660156,13542,0.0,0.0,0.0
2024-04-12 13:30:00-04:00,78.69259643554688,78.87999725341797,78.66999816894531,78.7499008178711,36334,0.0,0.0,0.0
2024-04-12 14:30:00-04:00,78.72000122070312,78.72000122070312,78.59010314941406,78.63999938964844,31301,0.0,0.0,0.0
2024-04-12 15:30:00-04:00,78.62000274658203,78.73500061035156,78.62000274658203,78.69000244140625,25489,0.0,0.0,0.0
2024-04-15 09:30:00-04:00,79.37999725341797,79.47000122070312,79.0,79.01000213623047,45730,0.0,0.0,0.0
2024-04-15 10:30:00-04:00,78.98999786376953,79.11000061035156,78.83999633789062,78.94100189208984,50035,0.0,0.0,0.0
2024-04-15 11:30:00-04:00,78.97000122070312,79.10099792480469,78.87030029296875,78.87030029296875,46238,0.0,0.0,0.0
2024-04-15 12:30:00-04:00,78.86000061035156,78.88999938964844,78.58000183105469,78.58000183105469,35251,0.0,0.0,0.0
2024-04-15 13:30:00-04:00,78.55999755859375,78.55999755859375,78.38999938964844,78.45999908447266,40126,0.0,0.0,0.0
2024-04-15 14:30:00-04:00,78.41999816894531,78.52660369873047,78.27999877929688,78.33000183105469,54157,0.0,0.0,0.0
2024-04-15 15:30:00-04:00,78.37000274658203,78.45500183105469,78.3499984741211,78.42559814453125,36826,0.0,0.0,0.0
2024-04-16 09:30:00-04:00,77.91999816894531,77.91999816894531,77.57420349121094,77.67009735107422,54440,0.0,0.0,0.0
2024-04-16 10:30:00-04:00,77.67500305175781,77.82499694824219,77.65499877929688,77.76719665527344,30922,0.0,0.0,0.0
2024-04-16 11:30:00-04:00,77.7699966430664,77.91999816894531,77.74500274658203,77.81999969482422,33698,0.0,0.0,0.0
2024-04-16 12:30:00-04:00,77.83000183105469,77.86979675292969,77.76000213623047,77.81999969482422,47222,0.0,0.0,0.0
2024-04-16 13:30:00-04:00,77.58000183105469,78.05999755859375,77.55999755859375,77.75,41275,0.0,0.0,0.0
2024-04-16 14:30:00-04:00,77.74960327148438,77.97000122070312,77.7300033569336,77.93499755859375,28052,0.0,0.0,0.0
2024-04-16 15:30:00-04:00,77.86000061035156,77.86990356445312,77.69000244140625,77.69000244140625,27599,0.0,0.0,0.0
2024-04-17 09:30:00-04:00,78.12000274658203,78.12000274658203,77.64559936523438,77.79000091552734,28092,0.0,0.0,0.0
2024-04-17 10:30:00-04:00,77.7699966430664,77.7750015258789,77.59500122070312,77.66500091552734,44775,0.0,0.0,0.0
2024-04-17 11:30:00-04:00,77.55999755859375,77.64969635009766,77.45999908447266,77.58799743652344,79390,0.0,0.0,0.0
2024-04-17 12:30:00-04:00,77.56999969482422,77.7063980102539,77.43499755859375,77.7063980102539,41016,0.0,0.0,0.0
2024-04-17 13:30:00-04:00,77.70999908447266,77.868896484375,77.66500091552734,77.79000091552734,37279,0.0,0.0,0.0
2024-04-17 14:30:00-04:00,77.7750015258789,77.97429656982422,77.64009857177734,77.67739868164062,34591,0.0,0.0,0.0
2024-04-17 15:30:00-04:00,77.66000366210938,77.81999969482422,77.66000366210938,77.70999908447266,36132,0.0,0.0,0.0
2024-04-18 09:30:00-04:00,77.69999694824219,77.7698974609375,77.45999908447266,77.68499755859375,0,0.0,0.0,0.0
2024-04-18 10:30:00-04:00,77.75499725341797,77.91000366210938,77.74500274658203,77.83439636230469,17863,0.0,0.0,0.0
2024-04-18 11:30:00-04:00,77.83000183105469,77.86000061035156,77.69439697265625,77.7300033569336,29463,0.0,0.0,0.0
2024-04-18 12:30:00-04:00,77.7300033569336,77.7384033203125,77.33000183105469,77.37999725341797,32746,0.0,0.0,0.0
2024-04-18 13:30:00-04:00,77.40499877929688,77.44999694824219,77.27999877929688,77.44499969482422,28131,0.0,0.0,0.0
2024-04-18 14:30:00-04:00,77.37000274658203,77.43000030517578,77.27999877929688,77.40989685058594,30484,0.0,0.0,0.0
2024-04-18 15:30:00-04:00,77.41310119628906,77.51000213623047,77.4000015258789,77.44999694824219,39012,0.0,0.0,0.0
2024-04-19 09:30:00-04:00,77.5999984741211,77.81999969482422,77.58599853515625,77.68000030517578,46350,0.0,0.0,0.0
2024-04-19 10:30:00-04:00,77.80000305175781,77.81999969482422,77.66000366210938,77.73999786376953,27899,0.0,0.0,0.0
2024-04-19 11:30:00-04:00,77.75,77.77200317382812,77.4749984741211,77.4843978881836,24871,0.0,0.0,0.0
2024-04-19 12:30:00-04:00,77.46749877929688,77.71150207519531,77.45999908447266,77.62999725341797,48291,0.0,0.0,0.0
2024-04-19 13:30:00-04:00,77.63040161132812,77.7300033569336,77.5199966430664,77.5199966430664,18964,0.0,0.0,0.0
2024-04-19 14:30:00-04:00,77.52999877929688,77.56999969482422,77.38999938964844,77.56999969482422,23535,0.0,0.0,0.0
2024-04-19 15:30:00-04:00,77.55000305175781,77.61000061035156,77.46499633789062,77.55999755859375,29664,0.0,0.0,0.0
2024-04-22 09:30:00-04:00,77.91000366210938,78.06500244140625,77.80000305175781,78.02999877929688,0,0.0,0.0,0.0
2024-04-22 10:30:00-04:00,78.0250015258789,78.19499969482422,77.55999755859375,78.01000213623047,21282,0.0,0.0,0.0
2024-04-22 11:30:00-04:00,78.05000305175781,78.26000213623047,78.04000091552734,78.2249984741211,17252,0.0,0.0,0.0
2024-04-22 12:30:00-04:00,78.22000122070312,78.3738021850586,78.1969985961914,78.3738021850586,13160,0.0,0.0,0.0
2024-04-22 13:30:00-04:00,78.42990112304688,78.61499786376953,78.4000015258789,78.614501953125,76106,0.0,0.0,0.0
2024-04-22 14:30:00-04:00,78.61979675292969,78.61979675292969,78.41220092773438,78.42500305175781,24611,0.0,0.0,0.0
2024-04-22 15:30:00-04:00,78.40799713134766,78.42500305175781,78.31500244140625,78.4000015258789,19193,0.0,0.0,0.0
2024-04-23 09:30:00-04:00,78.58999633789062,79.12000274658203,78.58999633789062,79.05259704589844,44238,0.0,0.0,0.0
2024-04-23 10:30:00-04:00,79.10859680175781,79.19200134277344,79.05999755859375,79.19000244140625,26779,0.0,0.0,0.0
2024-04-23 11:30:00-04:00,79.17140197753906,79.20259857177734,79.06099700927734,79.20259857177734,41801,0.0,0.0,0.0
2024-04-23 12:30:00-04:00,79.21499633789062,79.27680206298828,79.19000244140625,79.23999786376953,21501,0.0,0.0,0.0
2024-04-23 13:30:00-04:00,79.25050354003906,79.27999877929688,79.23930358886719,79.27359771728516,21621,0.0,0.0,0.0
2024-04-23 14:30:00-04:00,79.27999877929688,79.27999877929688,79.19000244140625,79.22000122070312,57528,0.0,0.0,0.0
2024-04-23 15:30:00-04:00,79.20500183105469,79.29000091552734,79.18000030517578,79.18009948730469,24898,0.0,0.0,0.0
2024-04-24 09:30:00-04:00,78.98999786376953,79.16000366210938,78.93000030517578,78.93000030517578,61002,0.0,0.0,0.0
2024-04-24 10:30:00-04:00,78.94000244140625,78.95600128173828,78.6500015258789,78.69989776611328,40906,0.0,0.0,0.0
2024-04-24 11:30:00-04:00,78.68000030517578,78.7300033569336,78.55999755859375,78.5999984741211,702781,0.0,0.0,0.0
2024-04-24 12:30:00-04:00,78.56500244140625,78.7593002319336,78.51499938964844,78.7300033569336,23437,0.0,0.0,0.0
2024-04-24 13:30:00-04:00,78.76499938964844,78.85990142822266,78.73280334472656,78.74720001220703,25478,0.0,0.0,0.0
2024-04-24 14:30:00-04:00,78.73999786376953,78.87999725341797,78.69499969482422,78.83499908447266,58740,0.0,0.0,0.0
2024-04-24 15:30:00-04:00,78.83999633789062,78.87000274658203,78.80999755859375,78.83999633789062,70660,0.0,0.0,0.0
2024-04-25 09:30:00-04:00,77.73999786376953,77.94999694824219,77.55000305175781,77.94999694824219,31730,0.0,0.0,0.0
2024-04-25 10:30:00-04:00,77.94999694824219,78.08000183105469,77.86000061035156,78.08000183105469,27035,0.0,0.0,0.0
2024-04-25 11:30:00-04:00,78.10679626464844,78.21990203857422,78.05999755859375,78.19499969482422,30554,0.0,0.0,0.0
2024-04-25 12:30:00-04:00,78.19999694824219,78.35009765625,78.19999694824219,78.27999877929688,22936,0.0,0.0,0.0
2024-04-25 13:30:00-04:00,78.30249786376953,78.51599884033203,78.30249786376953,78.44000244140625,49076,0.0,0.0,0.0
2024-04-25 14:30:00-04:00,78.40059661865234,78.54000091552734,78.36000061035156,78.54000091552734,22297,0.0,0.0,0.0
2024-04-25 15:30:00-04:00,78.49009704589844,78.49919891357422,78.40699768066406,78.42880249023438,18342,0.0,0.0,0.0
2024-04-26 09:30:00-04:00,78.68000030517578,78.93499755859375,78.61000061035156,78.87999725341797,68751,0.0,0.0,0.0
2024-04-26 10:30:00-04:00,78.88999938964844,78.91000366210938,78.69000244140625,78.72540283203125,80169,0.0,0.0,0.0
2024-04-26 11:30:00-04:00,78.71499633789062,78.86209869384766,78.70999908447266,78.86209869384766,22187,0.0,0.0,0.0
2024-04-26 12:30:00-04:00,78.87190246582031,78.94000244140625,78.87190246582031,78.94000244140625,18076,0.0,0.0,0.0
2024-04-26 13:30:00-04:00,78.92729949951172,78.97000122070312,78.9000015258789,78.91999816894531,32987,0.0,0.0,0.0
2024-04-26 14:30:00-04:00,78.93000030517578,79.0,78.9000015258789,78.9447021484375,20808,0.0,0.0,0.0
2024-04-26 15:30:00-04:00,78.94000244140625,78.94000244140625,78.87000274658203,78.91000366210938,26551,0.0,0.0,0.0
2024-04-29 09:30:00-04:00,79.22000122070312,79.27999877929688,79.08519744873047,79.21499633789062,24558,0.0,0.0,0.0
2024-04-29 10:30:00-04:00,79.21309661865234,79.24500274658203,79.1500015258789,79.18990325927734,23780,0.0,0.0,0.0
2024-04-29 11:30:00-04:00,79.18499755859375,79.26000213623047,79.12999725341797,79.25,49878,0.0,0.0,0.0
2024-04-29 12:30:00-04:00,79.23149871826172,79.37010192871094,79.23149871826172,79.32749938964844,11381,0.0,0.0,0.0
2024-04-29 13:30:00-04:00,79.33000183105469,79.33000183105469,79.2123031616211,79.2123031616211,30223,0.0,0.0,0.0
2024-04-29 14:30:00-04:00,79.19770050048828,79.2300033569336,79.04000091552734,79.13009643554688,17875,0.0,0.0,0.0
2024-04-29 15:30:00-04:00,79.1449966430664,79.26000213623047,79.12000274658203,79.23999786376953,25918,0.0,0.0,0.0
2024-04-30 09:30:00-04:00,79.08999633789062,79.29000091552734,78.98999786376953,79.19300079345703,43380,0.0,0.0,0.0
2024-04-30 10:30:00-04:00,79.22989654541016,79.22989654541016,78.77999877929688,78.80000305175781,20576,0.0,0.0,0.0
2024-04-30 11:30:00-04:00,78.73999786376953,78.80999755859375,78.71009826660156,78.75499725341797,23823,0.0,0.0,0.0
2024-04-30 12:30:00-04:00,78.75,78.75,78.63680267333984,78.6948013305664,18098,0.0,0.0,0.0
2024-04-30 13:30:00-04:00,78.69000244140625,78.80000305175781,78.67009735107422,78.6980972290039,15502,0.0,0.0,0.0
2024-04-30 14:30:00-04:00,78.66999816894531,78.72840118408203,78.56999969482422,78.59989929199219,27694,0.0,0.0,0.0
2024-04-30 15:30:00-04:00,78.61479949951172,78.62989807128906,78.4000015258789,78.43000030517578,42304,0.0,0.0,0.0
2024-05-01 09:30:00-04:00,78.31999969482422,78.41000366210938,78.19650268554688,78.2699966430664,49342,0.0,0.0,0.0
2024-05-01 10:30:00-04:00,78.3031997680664,78.3499984741211,78.2300033569336,78.30999755859375,11020,0.0,0.0,0.0
2024-05-01 11:30:00-04:00,78.31999969482422,78.3499984741211,78.22599792480469,78.31999969482422,41948,0.0,0.0,0.0
2024-05-01 12:30:00-04:00,78.31990051269531,78.31990051269531,78.18460083007812,78.2750015258789,11527,0.0,0.0,0.0
2024-05-01 13:30:00-04:00,78.29000091552734,78.61940002441406,78.2699966430664,78.61940002441406,29532,0.0,0.0,0.0
2024-05-01 14:30:00-04:00,78.42500305175781,79.16000366210938,78.36000061035156,78.93499755859375,50534,0.0,0.0,0.0
2024-05-01 15:30:00-04:00,78.87999725341797,78.87999725341797,78.38500213623047,78.38500213623047,16064,0.0,0.0,0.0
2024-05-02 09:30:00-04:00,78.94999694824219,78.94999694824219,78.55000305175781,78.73500061035156,42264,0.0,0.0,0.0
2024-05-02 10:30:00-04:00,78.7699966430664,78.80999755859375,78.59500122070312,78.7750015258789,57423,0.0,0.0,0.0
2024-05-02 11:30:00-04:00,78.71219635009766,78.8998031616211,78.70999908447266,78.8499984741211,32040,0.0,0.0,0.0
2024-05-02 12:30:00-04:00,78.83999633789062,78.98159790039062,78.79570007324219,78.98159790039062,24159,0.0,0.0,0.0
2024-05-02 13:30:00-04:00,79.0,79.12989807128906,78.91000366210938,79.05999755859375,42562,0.0,0.0,0.0
2024-05-02 14:30:00-04:00,79.08709716796875,79.21959686279297,79.08709716796875,79.15989685058594,33266,0.0,0.0,0.0
2024-05-02 15:30:00-04:00,79.12000274658203,79.12999725341797,79.01000213623047,79.06999969482422,13294,0.0,0.0,0.0
2024-05-03 09:30:00-04:00,79.77999877929688,79.94000244140625,79.33000183105469,79.44999694824219,62906,0.0,0.0,0.0
2024-05-03 10:30:00-04:00,79.47799682617188,79.58370208740234,79.44000244140625,79.55000305175781,20123,0.0,0.0,0.0
2024-05-03 11:30:00-04:00,79.55999755859375,79.69000244140625,79.55999755859375,79.66999816894531,30157,0.0,0.0,0.0
2024-05-03 12:30:00-04:00,79.66500091552734,79.69999694824219,79.60559844970703,79.6449966430664,22511,0.0,0.0,0.0
2024-05-03 13:30:00-04:00,79.62000274658203,79.75,79.62000274658203,79.75,21284,0.0,0.0,0.0
2024-05-03 14:30:00-04:00,79.71099853515625,79.73999786376953,79.67500305175781,79.72000122070312,27070,0.0,0.0,0.0
2024-05-03 15:30:00-04:00,79.71990203857422,79.75,79.69000244140625,79.69000244140625,20446,0.0,0.0,0.0
2024-05-06 09:30:00-04:00,79.93000030517578,80.09359741210938,79.93000030517578,80.04989624023438,62989,0.0,0.0,0.0
2024-05-06 10:30:00-04:00,80.0199966430664,80.06999969482422,79.7300033569336,79.94000244140625,33921,0.0,0.0,0.0
2024-05-06 11:30:00-04:00,79.94000244140625,79.9800033569336,79.9000015258789,79.92960357666016,50784,0.0,0.0,0.0
2024-05-06 12:30:00-04:00,79.93579864501953,80.02999877929688,79.93579864501953,80.01010131835938,22595,0.0,0.0,0.0
2024-05-06 13:30:00-04:00,80.0176010131836,80.16999816894531,80.0176010131836,80.16010284423828,19704,0.0,0.0,0.0
2024-05-06 14:30:00-04:00,80.15499877929688,80.15499877929688,80.04499816894531,80.04499816894531,36763,0.0,0.0,0.0
2024-05-06 15:30:00-04:00,80.03399658203125,80.19000244140625,80.02999877929688,80.16999816894531,34899,0.0,0.0,0.0
2024-05-07 09:30:00-04:00,80.20999908447266,80.20999908447266,80.08999633789062,80.12000274658203,27099,0.0,0.0,0.0
2024-05-07 10:30:00-04:00,80.1698989868164,80.2698974609375,80.11000061035156,80.2300033569336,30571,0.0,0.0,0.0
2024-05-07 11:30:00-04:00,80.23500061035156,80.28410339355469,80.20500183105469,80.22000122070312,16844,0.0,0.0,0.0
2024-05-07 12:30:00-04:00,80.2249984741211,80.22509765625,80.1449966430664,80.17949676513672,12847,0.0,0.0,0.0
2024-05-07 13:30:00-04:00,80.20850372314453,80.2354965209961,80.0199966430664,80.03279876708984,19669,0.0,0.0,0.0
2024-05-07 14:30:00-04:00,80.01000213623047,80.09639739990234,80.01000213623047,80.08499908447266,30014,0.0,0.0,0.0
2024-05-07 15:30:00-04:00,80.08499908447266,80.1500015258789,80.06999969482422,80.12999725341797,58445,0.0,0.0,0.0
2024-05-08 09:30:00-04:00,79.76000213623047,79.96890258789062,79.72000122070312,79.96890258789062,56536,0.0,0.0,0.0
2024-05-08 10:30:00-04:00,79.95999908447266,79.97000122070312,79.79000091552734,79.87000274658203,44060,0.0,0.0,0.0
2024-05-08 11:30:00-04:00,79.89959716796875,79.9480972290039,79.88500213623047,79.91000366210938,23392,0.0,0.0,0.0
2024-05-08 12:30:00-04:00,79.92220306396484,79.97000122070312,79.86499786376953,79.91210174560547,12962,0.0,0.0,0.0
2024-05-08 13:30:00-04:00,79.9197006225586,79.95999908447266,79.91010284423828,79.94100189208984,11648,0.0,0.0,0.0
2024-05-08 14:30:00-04:00,79.97000122070312,79.97000122070312,79.88999938964844,79.94499969482422,24073,0.0,0.0,0.0
2024-05-08 15:30:00-04:00,79.94999694824219,79.97219848632812,79.91000366210938,79.94999694824219,68737,0.0,0.0,0.0
2024-05-09 09:30:00-04:00,80.08999633789062,80.29650115966797,80.0199966430664,80.29000091552734,53946,0.0,0.0,0.0
2024-05-09 10:30:00-04:00,80.32009887695312,80.37889862060547,80.29000091552734,80.30999755859375,46368,0.0,0.0,0.0
2024-05-09 11:30:00-04:00,80.30999755859375,80.33509826660156,80.23999786376953,80.32499694824219,18257,0.0,0.0,0.0
2024-05-09 12:30:00-04:00,80.31510162353516,80.42790222167969,80.30290222167969,80.36370086669922,11766,0.0,0.0,0.0
2024-05-09 13:30:00-04:00,80.3949966430664,80.4198989868164,80.35700225830078,80.38999938964844,17760,0.0,0.0,0.0
2024-05-09 14:30:00-04:00,80.4166030883789,80.4990005493164,80.40799713134766,80.4800033569336,15549,0.0,0.0,0.0
2024-05-09 15:30:00-04:00,80.46859741210938,80.51000213623047,80.45999908447266,80.51000213623047,12838,0.0,0.0,0.0
2024-05-10 09:30:00-04:00,80.7300033569336,80.7300033569336,80.5198974609375,80.5198974609375,58583,0.0,0.0,0.0
2024-05-10 10:30:00-04:00,80.502197265625,80.58000183105469,80.47010040283203,80.55999755859375,35353,0.0,0.0,0.0
2024-05-10 11:30:00-04:00,80.56999969482422,80.58999633789062,80.51119995117188,80.56500244140625,37394,0.0,0.0,0.0
2024-05-10 12:30:00-04:00,80.5790023803711,80.58000183105469,80.4999008178711,80.50859832763672,13859,0.0,0.0,0.0
2024-05-10 13:30:00-04:00,80.51000213623047,80.55999755859375,80.48999786376953,80.49140167236328,14350,0.0,0.0,0.0
2024-05-10 14:30:00-04:00,80.4800033569336,80.55999755859375,80.46499633789062,80.55999755859375,26951,0.0,0.0,0.0
2024-05-10 15:30:00-04:00,80.55899810791016,80.58000183105469,80.53009796142578,80.54000091552734,20210,0.0,0.0,0.0
2024-05-13 09:30:00-04:00,80.80999755859375,80.80999755859375,80.66999816894531,80.75,53235,0.0,0.0,0.0
2024-05-13 10:30:00-04:00,80.75,80.7699966430664,80.59359741210938,80.59500122070312,20292,0.0,0.0,0.0
2024-05-13 11:30:00-04:00,80.59120178222656,80.63999938964844,80.55110168457031,80.55999755859375,75626,0.0,0.0,0.0
2024-05-13 12:30:00-04:00,80.56500244140625,80.56500244140625,80.44999694824219,80.472900390625,18526,0.0,0.0,0.0
2024-05-13 13:30:00-04:00,80.48999786376953,80.5,80.43000030517578,80.47000122070312,31359,0.0,0.0,0.0
2024-05-13 14:30:00-04:00,80.47000122070312,80.51499938964844,80.47000122070312,80.48989868164062,25209,0.0,0.0,0.0
2024-05-13 15:30:00-04:00,80.48999786376953,80.51000213623047,80.44999694824219,80.4800033569336,12711,0.0,0.0,0.0
2024-05-14 09:30:00-04:00,80.68000030517578,80.7300033569336,80.62439727783203,80.69999694824219,23748,0.0,0.0,0.0
2024-05-14 10:30:00-04:00,80.67530059814453,80.71189880371094,80.62000274658203,80.70999908447266,13898,0.0,0.0,0.0
2024-05-14 11:30:00-04:00,80.69000244140625,80.69989776611328,80.60359954833984,80.62000274658203,26282,0.0,0.0,0.0
2024-05-14 12:30:00-04:00,80.62000274658203,80.63999938964844,80.58999633789062,80.62999725341797,22239,0.0,0.0,0.0
2024-05-14 13:30:00-04:00,80.63189697265625,80.7699966430664,80.625,80.75129699707031,52526,0.0,0.0,0.0
2024-05-14 14:30:00-04:00,80.76000213623047,80.86000061035156,80.75499725341797,80.82369995117188,93035,0.0,0.0,0.0
2024-05-14 15:30:00-04:00,80.83989715576172,80.88909912109375,80.81999969482422,80.87000274658203,19041,0.0,0.0,0.0
2024-05-15 09:30:00-04:00,81.12999725341797,81.25,81.07140350341797,81.1449966430664,39949,0.0,0.0,0.0
2024-05-15 10:30:00-04:00,81.11499786376953,81.44349670410156,81.11499786376953,81.44349670410156,16079,0.0,0.0,0.0
2024-05-15 11:30:00-04:00,81.4800033569336,81.5,81.34010314941406,81.44499969482422,23855,0.0,0.0,0.0
2024-05-15 12:30:00-04:00,81.47000122070312,81.58000183105469,81.45099639892578,81.54499816894531,26455,0.0,0.0,0.0
2024-05-15 13:30:00-04:00,81.55850219726562,81.58000183105469,81.46389770507812,81.4843978881836,24317,0.0,0.0,0.0
2024-05-15 14:30:00-04:00,81.49240112304688,81.51499938964844,81.44999694824219,81.50900268554688,45448,0.0,0.0,0.0
2024-05-15 15:30:00-04:00,81.5093002319336,81.57499694824219,81.5,81.54000091552734,31280,0.0,0.0,0.0
2024-05-16 09:30:00-04:00,81.56999969482422,81.62000274658203,81.3550033569336,81.49500274658203,29542,0.0,0.0,0.0
2024-05-16 10:30:00-04:00,81.49500274658203,81.5199966430664,81.3499984741211,81.37999725341797,13335,0.0,0.0,0.0
2024-05-16 11:30:00-04:00,81.39739990234375,81.44049835205078,81.37000274658203,81.41000366210938,24122,0.0,0.0,0.0
2024-05-16 12:30:00-04:00,81.375,81.43000030517578,81.33499908447266,81.33499908447266,23136,0.0,0.0,0.0
2024-05-16 13:30:00-04:00,81.34149932861328,81.37000274658203,81.2300033569336,81.29350280761719,23418,0.0,0.0,0.0
2024-05-16 14:30:00-04:00,81.30999755859375,81.38200378417969,81.30999755859375,81.34249877929688,29296,0.0,0.0,0.0
2024-05-16 15:30:00-04:00,81.3396987915039,81.3499984741211,81.26499938964844,81.29000091552734,35827,0.0,0.0,0.0
2024-05-17 09:30:00-04:00,81.37999725341797,81.41000366210938,81.19000244140625,81.41000366210938,38139,0.0,0.0,0.0
2024-05-17 10:30:00-04:00,81.41799926757812,81.48999786376953,81.38240051269531,81.38240051269531,24653,0.0,0.0,0.0
2024-05-17 11:30:00-04:00,81.33000183105469,81.44000244140625,81.32499694824219,81.40270233154297,15970,0.0,0.0,0.0
2024-05-17 12:30:00-04:00,81.39810180664062,81.48999786376953,81.39810180664062,81.4800033569336,19150,0.0,0.0,0.0
2024-05-17 13:30:00-04:00,81.5,81.5,81.37100219726562,81.40899658203125,15511,0.0,0.0,0.0
2024-05-17 14:30:00-04:00,81.41999816894531,81.51969909667969,81.4000015258789,81.5,23768,0.0,0.0,0.0
2024-05-17 15:30:00-04:00,81.5,81.52999877929688,81.4800033569336,81.48999786376953,14685,0.0,0.0,0.0
2024-05-20 09:30:00-04:00,81.66999816894531,81.7699966430664,81.5999984741211,81.73999786376953,71662,0.0,0.0,0.0
2024-05-20 10:30:00-04:00,81.75,81.80000305175781,81.7300033569336,81.80000305175781,27945,0.0,0.0,0.0
2024-05-20 11:30:00-04:00,81.79519653320312,81.80999755859375,81.75,81.78240203857422,18985,0.0,0.0,0.0
2024-05-20 12:30:00-04:00,81.78199768066406,81.8499984741211,81.73999786376953,81.74199676513672,18048,0.0,0.0,0.0
2024-05-20 13:30:00-04:00,81.76499938964844,81.78359985351562,81.65380096435547,81.73500061035156,14575,0.0,0.0,0.0
2024-05-20 14:30:00-04:00,81.7300033569336,81.75,81.68009948730469,81.70999908447266,29087,0.0,0.0,0.0
2024-05-20 15:30:00-04:00,81.69499969482422,81.70999908447266,81.63999938964844,81.6500015258789,42661,0.0,0.0,0.0
2024-05-21 09:30:00-04:00,81.5199966430664,81.5199966430664,81.3499984741211,81.44000244140625,46372,0.0,0.0,0.0
2024-05-21 10:30:00-04:00,81.45999908447266,81.52989959716797,81.40039825439453,81.40039825439453,45077,0.0,0.0,0.0
2024-05-21 11:30:00-04:00,81.39749908447266,81.4030990600586,81.33399963378906,81.33450317382812,19817,0.0,0.0,0.0
2024-05-21 12:30:00-04:00,81.3499984741211,81.3550033569336,81.25,81.30000305175781,27192,0.0,0.0,0.0
2024-05-21 13:30:00-04:00,81.34500122070312,81.40899658203125,81.33999633789062,81.3499984741211,13824,0.0,0.0,0.0
2024-05-21 14:30:00-04:00,81.35990142822266,81.39849853515625,81.31999969482422,81.37069702148438,20076,0.0,0.0,0.0
2024-05-21 15:30:00-04:00,81.37989807128906,81.41999816894531,81.37000274658203,81.41000366210938,18330,0.0,0.0,0.0
2024-05-22 09:30:00-04:00,81.01000213623047,81.02999877929688,80.77999877929688,80.85199737548828,33414,0.0,0.0,0.0
2024-05-22 10:30:00-04:00,80.87000274658203,81.02999877929688,80.83390045166016,80.98999786376953,25031,0.0,0.0,0.0
2024-05-22 11:30:00-04:00,80.98999786376953,81.08000183105469,80.9000015258789,81.07939910888672,17738,0.0,0.0,0.0
2024-05-22 12:30:00-04:00,81.06800079345703,81.08999633789062,81.03250122070312,81.03250122070312,18539,0.0,0.0,0.0
2024-05-22 13:30:00-04:00,81.03500366210938,81.04499816894531,80.76000213623047,80.77050018310547,60028,0.0,0.0,0.0
2024-05-22 14:30:00-04:00,80.76499938964844,80.8510971069336,80.74009704589844,80.83000183105469,18692,0.0,0.0,0.0
2024-05-22 15:30:00-04:00,80.8499984741211,80.95999908447266,80.82620239257812,80.93000030517578,32419,0.0,0.0,0.0
2024-05-23 09:30:00-04:00,81.56999969482422,81.56999969482422,81.01000213623047,81.05570220947266,42507,0.0,0.0,0.0
2024-05-23 10:30:00-04:00,81.02999877929688,81.06999969482422,80.8656005859375,81.0083999633789,11779,0.0,0.0,0.0
2024-05-23 11:30:00-04:00,81.0250015258789,81.1259994506836,81.0,81.11900329589844,14029,0.0,0.0,0.0
2024-05-23 12:30:00-04:00,81.12999725341797,81.13960266113281,80.9000015258789,80.92900085449219,19028,0.0,0.0,0.0
2024-05-23 13:30:00-04:00,80.9259033203125,80.93990325927734,80.55999755859375,80.56009674072266,28825,0.0,0.0,0.0
2024-05-23 14:30:00-04:00,80.55000305175781,80.61000061035156,80.46009826660156,80.54000091552734,25704,0.0,0.0,0.0
2024-05-23 15:30:00-04:00,80.55000305175781,80.6500015258789,80.55000305175781,80.62000274658203,16516,0.0,0.0,0.0
2024-05-24 09:30:00-04:00,80.76000213623047,81.07550048828125,80.76000213623047,81.01499938964844,76154,0.0,0.0,0.0
2024-05-24 10:30:00-04:00,81.04000091552734,81.19999694824219,80.9800033569336,81.1500015258789,14836,0.0,0.0,0.0
2024-05-24 11:30:00-04:00,81.12999725341797,81.2300033569336,81.0199966430664,81.19499969482422,40240,0.0,0.0,0.0
2024-05-24 12:30:00-04:00,81.19000244140625,81.1980972290039,81.12999725341797,81.1781997680664,18340,0.0,0.0,0.0
2024-05-24 13:30:00-04:00,81.13999938964844,81.19969940185547,81.12000274658203,81.12259674072266,21574,0.0,0.0,0.0
2024-05-24 14:30:00-04:00,81.125,81.1500015258789,81.04989624023438,81.07939910888672,27558,0.0,0.0,0.0
2024-05-24 15:30:00-04:00,81.06999969482422,81.1500015258789,81.05999755859375,81.1500015258789,25036,0.0,0.0,0.0
2024-05-28 09:30:00-04:00,81.29000091552734,81.29000091552734,80.74009704589844,80.78500366210938,0,0.0,0.0,0.0
2024-05-28 10:30:00-04:00,80.79660034179688,80.88999938964844,80.71980285644531,80.87999725341797,19689,0.0,0.0,0.0
2024-05-28 11:30:00-04:00,80.86599731445312,80.92680358886719,80.82099914550781,80.85769653320312,66861,0.0,0.0,0.0
2024-05-28 12:30:00-04:00,80.85820007324219,80.9000015258789,80.7509994506836,80.7750015258789,10498,0.0,0.0,0.0
2024-05-28 13:30:00-04:00,80.7842025756836,80.79830169677734,80.58809661865234,80.58809661865234,33882,0.0,0.0,0.0
2024-05-28 14:30:00-04:00,80.54000091552734,80.6364974975586,80.50980377197266,80.5801010131836,29404,0.0,0.0,0.0
2024-05-28 15:30:00-04:00,80.59010314941406,80.70999908447266,80.58999633789062,80.70999908447266,63034,0.0,0.0,0.0
2024-05-29 09:30:00-04:00,79.93000030517578,79.93009948730469,79.69999694824219,79.80149841308594,37727,0.0,0.0,0.0
2024-05-29 10:30:00-04:00,79.80000305175781,79.83999633789062,79.58999633789062,79.64109802246094,27621,0.0,0.0,0.0
2024-05-29 11:30:00-04:00,79.58000183105469,79.68589782714844,79.56999969482422,79.68000030517578,18230,0.0,0.0,0.0
2024-05-29 12:30:00-04:00,79.66999816894531,79.69999694824219,79.59500122070312,79.66999816894531,8502,0.0,0.0,0.0
2024-05-29 13:30:00-04:00,79.67900085449219,79.69889831542969,79.5999984741211,79.62999725341797,16864,0.0,0.0,0.0
2024-05-29 14:30:00-04:00,79.61499786376953,79.66999816894531,79.56999969482422,79.66999816894531,26056,0.0,0.0,0.0
2024-05-29 15:30:00-04:00,79.64800262451172,79.64800262451172,79.52999877929688,79.56999969482422,16042,0.0,0.0,0.0
2024-05-30 09:30:00-04:00,80.02999877929688,80.1884994506836,79.89800262451172,80.13999938964844,30187,0.0,0.0,0.0
2024-05-30 10:30:00-04:00,80.12999725341797,80.17970275878906,80.04329681396484,80.16500091552734,13869,0.0,0.0,0.0
2024-05-30 11:30:00-04:00,80.18009948730469,80.25990295410156,80.14250183105469,80.22000122070312,22982,0.0,0.0,0.0
2024-05-30 12:30:00-04:00,80.21499633789062,80.30000305175781,80.19010162353516,80.2572021484375,23702,0.0,0.0,0.0
2024-05-30 13:30:00-04:00,80.23999786376953,80.24520111083984,80.11399841308594,80.1592025756836,28860,0.0,0.0,0.0
2024-05-30 14:30:00-04:00,80.20999908447266,80.20999908447266,80.06770324707031,80.09770202636719,31934,0.0,0.0,0.0
2024-05-30 15:30:00-04:00,80.09639739990234,80.12000274658203,79.92659759521484,80.11000061035156,20942,0.0,0.0,0.0
2024-05-31 09:30:00-04:00,80.79000091552734,80.84500122070312,80.58999633789062,80.60379791259766,28480,0.0,0.0,0.0
2024-05-31 10:30:00-04:00,80.5250015258789,80.62999725341797,80.48999786376953,80.49500274658203,17162,0.0,0.0,0.0
2024-05-31 11:30:00-04:00,80.45790100097656,80.5614013671875,80.39640045166016,80.41680145263672,39416,0.0,0.0,0.0
2024-05-31 12:30:00-04:00,80.44000244140625,80.61000061035156,80.38999938964844,80.61000061035156,14142,0.0,0.0,0.0
2024-05-31 13:30:00-04:00,80.58300018310547,80.62000274658203,80.48750305175781,80.58000183105469,12259,0.0,0.0,0.0
2024-05-31 14:30:00-04:00,80.58499908447266,80.66000366210938,80.55000305175781,80.64399719238281,13361,0.0,0.0,0.0
2024-05-31 15:30:00-04:00,80.61000061035156,81.05000305175781,80.58000183105469,81.05000305175781,19913,0.0,0.0,0.0
2024-06-03 09:30:00-04:00,81.52999877929688,81.58000183105469,81.25,81.47000122070312,23403,0.0,0.0,0.0
2024-06-03 10:30:00-04:00,81.4800033569336,81.48999786376953,81.2699966430664,81.46990203857422,31558,0.0,0.0,0.0
2024-06-03 11:30:00-04:00,81.46150207519531,81.4800033569336,81.14849853515625,81.18000030517578,24279,0.0,0.0,0.0
2024-06-03 12:30:00-04:00,81.1449966430664,81.2300033569336,81.08000183105469,81.2300033569336,12181,0.0,0.0,0.0
2024-06-03 13:30:00-04:00,81.2699966430664,81.33309936523438,81.20649719238281,81.26010131835938,29190,0.0,0.0,0.0
2024-06-03 14:30:00-04:00,81.30000305175781,81.4000015258789,81.26000213623047,81.36499786376953,24635,0.0,0.0,0.0
2024-06-03 15:30:00-04:00,81.34500122070312,81.41999816894531,81.31999969482422,81.36000061035156,25558,0.0,0.0,0.0
2024-06-04 09:30:00-04:00,81.4000015258789,81.54000091552734,81.2300033569336,81.30000305175781,28346,0.0,0.0,0.0
2024-06-04 10:30:00-04:00,81.33000183105469,81.37000274658203,81.19499969482422,81.29499816894531,223115,0.0,0.0,0.0
2024-06-04 11:30:00-04:00,81.27999877929688,81.27999877929688,81.16999816894531,81.27999877929688,24477,0.0,0.0,0.0
2024-06-04 12:30:00-04:00,81.2699966430664,81.4000015258789,81.23500061035156,81.38999938964844,28154,0.0,0.0,0.0
2024-06-04 13:30:00-04:00,81.42310333251953,81.5968017578125,81.37999725341797,81.56999969482422,32953,0.0,0.0,0.0
2024-06-04 14:30:00-04:00,81.56500244140625,81.59989929199219,81.35540008544922,81.45999908447266,27885,0.0,0.0,0.0
2024-06-04 15:30:00-04:00,81.45980072021484,81.55000305175781,81.41999816894531,81.55000305175781,21069,0.0,0.0,0.0
2024-06-05 09:30:00-04:00,81.80999755859375,81.87000274658203,81.51000213623047,81.67500305175781,42754,0.0,0.0,0.0
2024-06-05 10:30:00-04:00,81.66000366210938,81.87999725341797,81.66000366210938,81.84500122070312,23565,0.0,0.0,0.0
2024-06-05 11:30:00-04:00,81.8489990234375,81.8915023803711,81.78520202636719,81.86000061035156,27804,0.0,0.0,0.0
2024-06-05 12:30:00-04:00,81.875,81.9198989868164,81.80259704589844,81.83000183105469,14004,0.0,0.0,0.0
2024-06-05 13:30:00-04:00,81.81009674072266,81.92839813232422,81.80490112304688,81.9000015258789,30870,0.0,0.0,0.0
2024-06-05 14:30:00-04:00,81.93000030517578,82.03990173339844,81.93000030517578,82.0,32657,0.0,0.0,0.0
2024-06-05 15:30:00-04:00,81.97000122070312,82.07499694824219,81.97000122070312,82.07499694824219,20420,0.0,0.0,0.0
2024-06-06 09:30:00-04:00,82.38999938964844,82.41999816894531,82.2583999633789,82.33999633789062,118599,0.0,0.0,0.0
2024-06-06 10:30:00-04:00,82.33000183105469,82.41999816894531,82.30000305175781,82.4000015258789,107438,0.0,0.0,0.0
2024-06-06 11:30:00-04:00,82.4458999633789,82.48999786376953,82.36250305175781,82.4000015258789,43452,0.0,0.0,0.0
2024-06-06 12:30:00-04:00,82.41899871826172,82.47000122070312,82.34349822998047,82.45249938964844,26682,0.0,0.0,0.0
2024-06-06 13:30:00-04:00,82.45469665527344,82.5199966430664,82.3239974975586,82.3949966430664,23114,0.0,0.0,0.0
2024-06-06 14:30:00-04:00,82.37999725341797,82.51000213623047,82.375,82.43240356445312,22693,0.0,0.0,0.0
2024-06-06 15:30:00-04:00,82.46009826660156,82.54000091552734,82.42389678955078,82.54000091552734,23076,0.0,0.0,0.0
2024-06-07 09:30:00-04:00,82.0199966430664,82.18820190429688,81.75,82.13600158691406,45204,0.0,0.0,0.0
2024-06-07 10:30:00-04:00,82.15879821777344,82.23999786376953,82.04000091552734,82.05000305175781,22431,0.0,0.0,0.0
2024-06-07 11:30:00-04:00,82.06999969482422,82.13929748535156,82.01010131835938,82.13929748535156,32626,0.0,0.0,0.0
2024-06-07 12:30:00-04:00,82.13500213623047,82.13500213623047,82.0,82.01940155029297,12202,0.0,0.0,0.0
2024-06-07 13:30:00-04:00,82.0199966430664,82.04000091552734,81.80000305175781,81.91889953613281,13505,0.0,0.0,0.0
2024-06-07 14:30:00-04:00,81.875,81.93000030517578,81.83000183105469,81.8550033569336,7698,0.0,0.0,0.0
2024-06-07 15:30:00-04:00,81.88359832763672,81.91000366210938,81.8031005859375,81.8499984741211,15228,0.0,0.0,0.0
2024-06-10 09:30:00-04:00,81.62999725341797,81.66000366210938,81.56009674072266,81.6449966430664,22038,0.0,0.0,0.0
2024-06-10 10:30:00-04:00,81.64939880371094,81.8499984741211,81.61309814453125,81.82360076904297,13283,0.0,0.0,0.0
2024-06-10 11:30:00-04:00,81.86499786376953,81.9800033569336,81.86499786376953,81.9114990234375,13425,0.0,0.0,0.0
2024-06-10 12:30:00-04:00,81.91639709472656,81.93990325927734,81.83429718017578,81.86000061035156,12201,0.0,0.0,0.0
2024-06-10 13:30:00-04:00,81.88500213623047,82.0,81.85009765625,81.9198989868164,13362,0.0,0.0,0.0
2024-06-10 14:30:00-04:00,81.91999816894531,82.01820373535156,81.91999816894531,82.01820373535156,7274,0.0,0.0,0.0
2024-06-10 15:30:00-04:00,81.9800033569336,81.98999786376953,81.91999816894531,81.97000122070312,14565,0.0,0.0,0.0
2024-06-11 09:30:00-04:00,81.26000213623047,81.26000213623047,80.86499786376953,81.07659912109375,32503,0.0,0.0,0.0
2024-06-11 10:30:00-04:00,81.10359954833984,81.2499008178711,81.10359954833984,81.16719818115234,12339,0.0,0.0,0.0
2024-06-11 11:30:00-04:00,81.18499755859375,81.18499755859375,81.043701171875,81.043701171875,18140,0.0,0.0,0.0
2024-06-11 12:30:00-04:00,81.09500122070312,81.19999694824219,81.09500122070312,81.13999938964844,35977,0.0,0.0,0.0
2024-06-11 13:30:00-04:00,81.17990112304688,81.38639831542969,81.16999816894531,81.38639831542969,20369,0.0,0.0,0.0
2024-06-11 14:30:00-04:00,81.41000366210938,81.43000030517578,81.33999633789062,81.33999633789062,11130,0.0,0.0,0.0
2024-06-11 15:30:00-04:00,81.32430267333984,81.32640075683594,81.17469787597656,81.30999755859375,20004,0.0,0.0,0.0
2024-06-12 09:30:00-04:00,82.44000244140625,82.69000244140625,82.36000061035156,82.68000030517578,19250,0.0,0.0,0.0
2024-06-12 10:30:00-04:00,82.66999816894531,82.68499755859375,82.5,82.552001953125,18957,0.0,0.0,0.0
2024-06-12 11:30:00-04:00,82.54499816894531,82.58999633789062,82.46009826660156,82.55999755859375,18579,0.0,0.0,0.0
2024-06-12 12:30:00-04:00,82.54000091552734,82.61990356445312,82.54000091552734,82.58200073242188,18037,0.0,0.0,0.0
2024-06-12 13:30:00-04:00,82.55000305175781,82.57949829101562,82.2300033569336,82.39209747314453,32425,0.0,0.0,0.0
2024-06-12 14:30:00-04:00,82.43000030517578,82.45719909667969,82.05500030517578,82.05500030517578,16644,0.0,0.0,0.0
2024-06-12 15:30:00-04:00,82.06999969482422,82.16999816894531,82.0199966430664,82.12999725341797,11275,0.0,0.0,0.0
2024-06-13 09:30:00-04:00,81.70999908447266,81.79000091552734,81.13500213623047,81.13500213623047,24806,0.0,0.0,0.0
2024-06-13 10:30:00-04:00,81.18000030517578,81.20999908447266,81.0739974975586,81.15499877929688,11110,0.0,0.0,0.0
2024-06-13 11:30:00-04:00,81.16999816894531,81.19860076904297,80.98999786376953,81.01000213623047,24096,0.0,0.0,0.0
2024-06-13 12:30:00-04:00,80.98609924316406,81.20999908447266,80.98609924316406,81.16089630126953,31829,0.0,0.0,0.0
2024-06-13 13:30:00-04:00,81.20999908447266,81.27429962158203,81.16999816894531,81.27429962158203,23132,0.0,0.0,0.0
2024-06-13 14:30:00-04:00,81.2593002319336,81.3551025390625,81.20010375976562,81.29000091552734,16558,0.0,0.0,0.0
2024-06-13 15:30:00-04:00,81.28410339355469,81.31999969482422,81.25,81.31999969482422,11614,0.0,0.0,0.0
2024-06-14 09:30:00-04:00,80.69999694824219,80.85440063476562,80.44960021972656,80.50890350341797,57729,0.0,0.0,0.0
2024-06-14 10:30:00-04:00,80.48999786376953,80.69000244140625,80.38200378417969,80.69000244140625,20223,0.0,0.0,0.0
2024-06-14 11:30:00-04:00,80.68000030517578,80.69000244140625,80.54499816894531,80.62789916992188,50694,0.0,0.0,0.0
2024-06-14 12:30:00-04:00,80.61499786376953,80.83000183105469,80.61499786376953,80.75199890136719,16239,0.0,0.0,0.0
2024-06-14 13:30:00-04:00,80.74500274658203,80.7699966430664,80.55999755859375,80.6449966430664,22267,0.0,0.0,0.0
2024-06-14 14:30:00-04:00,80.61920166015625,80.7300033569336,80.61920166015625,80.69999694824219,15053,0.0,0.0,0.0
2024-06-14 15:30:00-04:00,80.71009826660156,80.81999969482422,80.66600036621094,80.81999969482422,13335,0.0,0.0,0.0
2024-06-17 09:30:00-04:00,80.44000244140625,80.44000244140625,80.18450164794922,80.31500244140625,35484,0.0,0.0,0.0
2024-06-17 10:30:00-04:00,80.29499816894531,80.44429779052734,80.29499816894531,80.44429779052734,9952,0.0,0.0,0.0
2024-06-17 11:30:00-04:00,80.43240356445312,80.57550048828125,80.38500213623047,80.57550048828125,19564,0.0,0.0,0.0
2024-06-17 12:30:00-04:00,80.58499908447266,80.69000244140625,80.57499694824219,80.65499877929688,9814,0.0,0.0,0.0
2024-06-17 13:30:00-04:00,80.65499877929688,80.8499984741211,80.65499877929688,80.79499816894531,21598,0.0,0.0,0.0
2024-06-17 14:30:00-04:00,80.79340362548828,80.87999725341797,80.79000091552734,80.84500122070312,53933,0.0,0.0,0.0
2024-06-17 15:30:00-04:00,80.8550033569336,80.87999725341797,80.80999755859375,80.8550033569336,16037,0.0,0.0,0.0
2024-06-18 09:30:00-04:00,80.87999725341797,81.04920196533203,80.83999633789062,80.96199798583984,27139,0.0,0.0,0.0
2024-06-18 10:30:00-04:00,81.02999877929688,81.03990173339844,80.86589813232422,80.93990325927734,11848,0.0,0.0,0.0
2024-06-18 11:30:00-04:00,80.95439910888672,81.118896484375,80.94049835205078,81.08000183105469,25049,0.0,0.0,0.0
2024-06-18 12:30:00-04:00,81.035400390625,81.09500122070312,81.01000213623047,81.04000091552734,14502,0.0,0.0,0.0
2024-06-18 13:30:00-04:00,81.0199966430664,81.06990051269531,80.95500183105469,80.98500061035156,32160,0.0,0.0,0.0
2024-06-18 14:30:00-04:00,80.98639678955078,81.01000213623047,80.9000015258789,80.9000015258789,20966,0.0,0.0,0.0
2024-06-18 15:30:00-04:00,80.94400024414062,81.01000213623047,80.94000244140625,81.01000213623047,20983,0.0,0.0,0.0
2024-06-20 09:30:00-04:00,80.87999725341797,81.00689697265625,80.74420166015625,81.00330352783203,32978,0.0,0.0,0.0
2024-06-20 10:30:00-04:00,80.98999786376953,81.06320190429688,80.94999694824219,81.0270004272461,10118,0.0,0.0,0.0
2024-06-20 11:30:00-04:00,81.02999877929688,81.08999633789062,80.87999725341797,80.87999725341797,33998,0.0,0.0,0.0
2024-06-20 12:30:00-04:00,80.87000274658203,80.96990203857422,80.7699966430664,80.79000091552734,17966,0.0,0.0,0.0
2024-06-20 13:30:00-04:00,80.78600311279297,81.01000213623047,80.70999908447266,81.01000213623047,21348,0.0,0.0,0.0
2024-06-20 14:30:00-04:00,81.01499938964844,81.01499938964844,80.85659790039062,80.9219970703125,20344,0.0,0.0,0.0
2024-06-20 15:30:00-04:00,80.90450286865234,81.00569915771484,80.89600372314453,80.9800033569336,21938,0.0,0.0,0.0
2024-06-21 09:30:00-04:00,80.13999938964844,80.18990325927734,79.91999816894531,80.1229019165039,27686,0.0,0.0,0.0
2024-06-21 10:30:00-04:00,80.11000061035156,80.19989776611328,80.01000213623047,80.01000213623047,16530,0.0,0.0,0.0
2024-06-21 11:30:00-04:00,80.01000213623047,80.15989685058594,79.94999694824219,80.11499786376953,20990,0.0,0.0,0.0
2024-06-21 12:30:00-04:00,80.10820007324219,80.13999938964844,80.03500366210938,80.03500366210938,11401,0.0,0.0,0.0
2024-06-21 13:30:00-04:00,80.06500244140625,80.19000244140625,80.04010009765625,80.19000244140625,20328,0.0,0.0,0.0
2024-06-21 14:30:00-04:00,80.16500091552734,80.19100189208984,80.12000274658203,80.16899871826172,27658,0.0,0.0,0.0
2024-06-21 15:30:00-04:00,80.16000366210938,80.18939971923828,80.08999633789062,80.13999938964844,17649,0.0,0.0,0.0
2024-06-24 09:30:00-04:00,80.5,81.0199966430664,80.43009948730469,80.93000030517578,67377,0.0,0.0,0.0
2024-06-24 10:30:00-04:00,80.91999816894531,81.0,80.87999725341797,80.91999816894531,32464,0.0,0.0,0.0
2024-06-24 11:30:00-04:00,80.93199920654297,80.93199920654297,80.80000305175781,80.82499694824219,17363,0.0,0.0,0.0
2024-06-24 12:30:00-04:00,80.80999755859375,80.84989929199219,80.66000366210938,80.69000244140625,26957,0.0,0.0,0.0
2024-06-24 13:30:00-04:00,80.68499755859375,80.75,80.63999938964844,80.7499008178711,18320,0.0,0.0,0.0
2024-06-24 14:30:00-04:00,80.71829986572266,80.87000274658203,80.71829986572266,80.81819915771484,21223,0.0,0.0,0.0
2024-06-24 15:30:00-04:00,80.78500366210938,80.83000183105469,80.7699966430664,80.77999877929688,17019,0.0,0.0,0.0
2024-06-25 09:30:00-04:00,80.92980194091797,81.05000305175781,80.82450103759766,80.93000030517578,108699,0.0,0.0,0.0
2024-06-25 10:30:00-04:00,80.94000244140625,80.98999786376953,80.91000366210938,80.98600006103516,29290,0.0,0.0,0.0
2024-06-25 11:30:00-04:00,81.0199966430664,81.02999877929688,80.93000030517578,80.93000030517578,25110,0.0,0.0,0.0
2024-06-25 12:30:00-04:00,80.9000015258789,81.05000305175781,80.87049865722656,81.05000305175781,14932,0.0,0.0,0.0
2024-06-25 13:30:00-04:00,81.07990264892578,81.19999694824219,81.05999755859375,81.18000030517578,43724,0.0,0.0,0.0
2024-06-25 14:30:00-04:00,81.16999816894531,81.27999877929688,81.12000274658203,81.26499938964844,29464,0.0,0.0,0.0
2024-06-25 15:30:00-04:00,81.26499938964844,81.28990173339844,81.20999908447266,81.22000122070312,24123,0.0,0.0,0.0
2024-06-26 09:30:00-04:00,80.70999908447266,80.7699966430664,80.5,80.7229995727539,30914,0.0,0.0,0.0
2024-06-26 10:30:00-04:00,80.70469665527344,80.77999877929688,80.625,80.70500183105469,17114,0.0,0.0,0.0
2024-06-26 11:30:00-04:00,80.6688003540039,80.86000061035156,80.66000366210938,80.8499984741211,11887,0.0,0.0,0.0
2024-06-26 12:30:00-04:00,80.79280090332031,80.83000183105469,80.70539855957031,80.75080108642578,14885,0.0,0.0,0.0
2024-06-26 13:30:00-04:00,80.7300033569336,80.7699966430664,80.70020294189453,80.7249984741211,28109,0.0,0.0,0.0
2024-06-26 14:30:00-04:00,80.74539947509766,80.76000213623047,80.6500015258789,80.69999694824219,34489,0.0,0.0,0.0
2024-06-26 15:30:00-04:00,80.68000030517578,80.79000091552734,80.66000366210938,80.69999694824219,30043,0.0,0.0,0.0
2024-06-27 09:30:00-04:00,81.1500015258789,81.31999969482422,81.04199981689453,81.2854995727539,23932,0.0,0.0,0.0
2024-06-27 10:30:00-04:00,81.25499725341797,81.31800079345703,81.04010009765625,81.06999969482422,24400,0.0,0.0,0.0
2024-06-27 11:30:00-04:00,81.05999755859375,81.19000244140625,81.02999877929688,81.16999816894531,31247,0.0,0.0,0.0
2024-06-27 12:30:00-04:00,81.18000030517578,81.20999908447266,81.1603012084961,81.20999908447266,6691,0.0,0.0,0.0
2024-06-27 13:30:00-04:00,81.19499969482422,81.22000122070312,81.04000091552734,81.04000091552734,15168,0.0,0.0,0.0
2024-06-27 14:30:00-04:00,81.0199966430664,81.16000366210938,81.01360321044922,81.13999938964844,19878,0.0,0.0,0.0
2024-06-27 15:30:00-04:00,81.13999938964844,81.19999694824219,81.11000061035156,81.16999816894531,40323,0.0,0.0,0.0
2024-06-28 09:30:00-04:00,81.19999694824219,81.48999786376953,81.19999694824219,81.4800033569336,29046,0.0,0.0,0.0
2024-06-28 10:30:00-04:00,81.5,81.5,81.26000213623047,81.32499694824219,11965,0.0,0.0,0.0
2024-06-28 11:30:00-04:00,81.3405990600586,81.41999816894531,81.26010131835938,81.29000091552734,36799,0.0,0.0,0.0
2024-06-28 12:30:00-04:00,81.30999755859375,81.36499786376953,81.19999694824219,81.3550033569336,12273,0.0,0.0,0.0
2024-06-28 13:30:00-04:00,81.30000305175781,81.30000305175781,81.17350006103516,81.17350006103516,12572,0.0,0.0,0.0
2024-06-28 14:30:00-04:00,81.19349670410156,81.2238998413086,81.07009887695312,81.0999984741211,20040,0.0,0.0,0.0
2024-06-28 15:30:00-04:00,81.02010345458984,81.26000213623047,80.97589874267578,81.23999786376953,17783,0.0,0.0,0.0
2024-07-01 09:30:00-04:00,81.3499984741211,81.62000274658203,81.16999816894531,81.20999908447266,57468,0.0,0.0,0.0
2024-07-01 10:30:00-04:00,81.16210174560547,81.16210174560547,80.9645004272461,81.08999633789062,22911,0.0,0.0,0.0
2024-07-01 11:30:00-04:00,81.05999755859375,81.12999725341797,80.95500183105469,81.12999725341797,18426,0.0,0.0,0.0
2024-07-01 12:30:00-04:00,81.125,81.16999816894531,81.0875015258789,81.13999938964844,26073,0.0,0.0,0.0
2024-07-01 13:30:00-04:00,81.11000061035156,81.12999725341797,80.98799896240234,80.98799896240234,31478,0.0,0.0,0.0
2024-07-01 14:30:00-04:00,81.00569915771484,81.06990051269531,80.9800033569336,80.99500274658203,79155,0.0,0.0,0.0
2024-07-01 15:30:00-04:00,80.99800109863281,81.08000183105469,80.99800109863281,81.08000183105469,12508,0.0,0.0,0.0
2024-07-02 09:30:00-04:00,81.0,81.08999633789062,80.9000015258789,80.99440002441406,44396,0.0,0.0,0.0
2024-07-02 10:30:00-04:00,81.09500122070312,81.25,81.04499816894531,81.25,16119,0.0,0.0,0.0
2024-07-02 11:30:00-04:00,81.2300033569336,81.25,81.0999984741211,81.17310333251953,41070,0.0,0.0,0.0
2024-07-02 12:30:00-04:00,81.19000244140625,81.27999877929688,81.13500213623047,81.26260375976562,19683,0.0,0.0,0.0
2024-07-02 13:30:00-04:00,81.25900268554688,81.36000061035156,81.2300033569336,81.31999969482422,30105,0.0,0.0,0.0
2024-07-02 14:30:00-04:00,81.33999633789062,81.43000030517578,81.33999633789062,81.43000030517578,17192,0.0,0.0,0.0
2024-07-02 15:30:00-04:00,81.44999694824219,81.47000122070312,81.42500305175781,81.47000122070312,48825,0.0,0.0,0.0
2024-07-03 09:30:00-04:00,81.75,82.19529724121094,81.75,82.04000091552734,40654,0.0,0.0,0.0
2024-07-03 10:30:00-04:00,82.05599975585938,82.14099884033203,81.93000030517578,81.98999786376953,19116,0.0,0.0,0.0
2024-07-03 11:30:00-04:00,81.96900177001953,82.05989837646484,81.93000030517578,82.05000305175781,50810,0.0,0.0,0.0
2024-07-05 09:30:00-04:00,82.63999938964844,82.63999938964844,81.97000122070312,82.01499938964844,59878,0.0,0.0,0.0
2024-07-05 10:30:00-04:00,82.0999984741211,82.26000213623047,82.04000091552734,82.25,19393,0.0,0.0,0.0
2024-07-05 11:30:00-04:00,82.2699966430664,82.3010025024414,82.23999786376953,82.27999877929688,51149,0.0,0.0,0.0
2024-07-05 12:30:00-04:00,82.24500274658203,82.29000091552734,82.20330047607422,82.29000091552734,11847,0.0,0.0,0.0
2024-07-05 13:30:00-04:00,82.30000305175781,82.37059783935547,82.30000305175781,82.37059783935547,13850,0.0,0.0,0.0
2024-07-05 14:30:00-04:00,82.35310363769531,82.44999694824219,82.35310363769531,82.42500305175781,17290,0.0,0.0,0.0
2024-07-05 15:30:00-04:00,82.42980194091797,82.45999908447266,82.41220092773438,82.44000244140625,13694,0.0,0.0,0.0
2024-07-08 09:30:00-04:00,82.48999786376953,82.58000183105469,82.43000030517578,82.44709777832031,17010,0.0,0.0,0.0
2024-07-08 10:30:00-04:00,82.41999816894531,82.41999816894531,82.27100372314453,82.29499816894531,14250,0.0,0.0,0.0
2024-07-08 11:30:00-04:00,82.29499816894531,82.29499816894531,82.14119720458984,82.20989990234375,21814,0.0,0.0,0.0
2024-07-08 12:30:00-04:00,82.19999694824219,82.27999877929688,82.19999694824219,82.22440338134766,13529,0.0,0.0,0.0
2024-07-08 13:30:00-04:00,82.23999786376953,82.30000305175781,82.23999786376953,82.28500366210938,32065,0.0,0.0,0.0
2024-07-08 14:30:00-04:00,82.28500366210938,82.30000305175781,82.21499633789062,82.23999786376953,14632,0.0,0.0,0.0
2024-07-08 15:30:00-04:00,82.2300033569336,82.29000091552734,82.19999694824219,82.19999694824219,104314,0.0,0.0,0.0
2024-07-09 09:30:00-04:00,82.41000366210938,82.41000366210938,82.18419647216797,82.18920135498047,53377,0.0,0.0,0.0
2024-07-09 10:30:00-04:00,82.15689849853516,82.29000091552734,82.02999877929688,82.02999877929688,39649,0.0,0.0,0.0
2024-07-09 11:30:00-04:00,82.05000305175781,82.25,82.05000305175781,82.22000122070312,18329,0.0,0.0,0.0
2024-07-09 12:30:00-04:00,82.23999786376953,82.37999725341797,82.20010375976562,82.27999877929688,16130,0.0,0.0,0.0
2024-07-09 13:30:00-04:00,82.2750015258789,82.31999969482422,82.26000213623047,82.2699966430664,34839,0.0,0.0,0.0
2024-07-09 14:30:00-04:00,82.22689819335938,82.29000091552734,82.22689819335938,82.2593994140625,53627,0.0,0.0,0.0
2024-07-09 15:30:00-04:00,82.2301025390625,82.27999877929688,82.2300033569336,82.26000213623047,17351,0.0,0.0,0.0
2024-07-10 09:30:00-04:00,82.63999938964844,82.9749984741211,82.63999938964844,82.9749984741211,31892,0.0,0.0,0.0
2024-07-10 10:30:00-04:00,83.0,83.16000366210938,82.97309875488281,83.16000366210938,20368,0.0,0.0,0.0
2024-07-10 11:30:00-04:00,83.17900085449219,83.28990173339844,83.1500015258789,83.28990173339844,29920,0.0,0.0,0.0
2024-07-10 12:30:00-04:00,83.27999877929688,83.34500122070312,83.2302017211914,83.25,19960,0.0,0.0,0.0
2024-07-10 13:30:00-04:00,83.23999786376953,83.2699966430664,83.19999694824219,83.22000122070312,37096,0.0,0.0,0.0
2024-07-10 14:30:00-04:00,83.24500274658203,83.33999633789062,83.24500274658203,83.33290100097656,20571,0.0,0.0,0.0
2024-07-10 15:30:00-04:00,83.36000061035156,83.44999694824219,83.30239868164062,83.41000366210938,40950,0.0,0.0,0.0
2024-07-11 09:30:00-04:00,83.8499984741211,84.12999725341797,83.8499984741211,83.91000366210938,57493,0.0,0.0,0.0
2024-07-11 10:30:00-04:00,83.94999694824219,84.04080200195312,83.84420013427734,83.88990020751953,19269,0.0,0.0,0.0
2024-07-11 11:30:00-04:00,83.83999633789062,83.89179992675781,83.70429992675781,83.75,24479,0.0,0.0,0.0
2024-07-11 12:30:00-04:00,83.78679656982422,83.83000183105469,83.70500183105469,83.80000305175781,19563,0.0,0.0,0.0
2024-07-11 13:30:00-04:00,83.72470092773438,83.77999877929688,83.66999816894531,83.69999694824219,27028,0.0,0.0,0.0
2024-07-11 14:30:00-04:00,83.78990173339844,83.7959976196289,83.70800018310547,83.70999908447266,31287,0.0,0.0,0.0
2024-07-11 15:30:00-04:00,83.70999908447266,83.77999877929688,83.70999908447266,83.72000122070312,13261,0.0,0.0,0.0
2024-07-12 09:30:00-04:00,84.19000244140625,84.6500015258789,84.19000244140625,84.62999725341797,39353,0.0,0.0,0.0
2024-07-12 10:30:00-04:00,84.66000366210938,84.73999786376953,84.62779998779297,84.70999908447266,18367,0.0,0.0,0.0
2024-07-12 11:30:00-04:00,84.70999908447266,84.70999908447266,84.54000091552734,84.58000183105469,28862,0.0,0.0,0.0
2024-07-12 12:30:00-04:00,84.58280181884766,84.66000366210938,84.57009887695312,84.6449966430664,13607,0.0,0.0,0.0
2024-07-12 13:30:00-04:00,84.68000030517578,84.7699966430664,84.65499877929688,84.65499877929688,23820,0.0,0.0,0.0
2024-07-12 14:30:00-04:00,84.66000366210938,84.70999908447266,84.62999725341797,84.64129638671875,19494,0.0,0.0,0.0
2024-07-12 15:30:00-04:00,84.61000061035156,84.65499877929688,84.4800033569336,84.5199966430664,23560,0.0,0.0,0.0
2024-07-15 09:30:00-04:00,84.5,84.5,84.25,84.26010131835938,59150,0.0,0.0,0.0
2024-07-15 10:30:00-04:00,84.30999755859375,84.33999633789062,84.22000122070312,84.22000122070312,12743,0.0,0.0,0.0
2024-07-15 11:30:00-04:00,84.1626968383789,84.25,84.0,84.13500213623047,34405,0.0,0.0,0.0
2024-07-15 12:30:00-04:00,84.13999938964844,84.2136001586914,83.9800033569336,83.9800033569336,14874,0.0,0.0,0.0
2024-07-15 13:30:00-04:00,83.98999786376953,84.02999877929688,83.93000030517578,84.02999877929688,16348,0.0,0.0,0.0
2024-07-15 14:30:00-04:00,84.05799865722656,84.13999938964844,84.05799865722656,84.07499694824219,29497,0.0,0.0,0.0
2024-07-15 15:30:00-04:00,84.09500122070312,84.0990982055664,83.91400146484375,83.96929931640625,122378,0.0,0.0,0.0
2024-07-16 09:30:00-04:00,84.02999877929688,84.27999877929688,83.91999816894531,84.25,28223,0.0,0.0,0.0
2024-07-16 10:30:00-04:00,84.23999786376953,84.33899688720703,84.23670196533203,84.31500244140625,21116,0.0,0.0,0.0
2024-07-16 11:30:00-04:00,84.27239990234375,84.38999938964844,84.2699966430664,84.35389709472656,23589,0.0,0.0,0.0
2024-07-16 12:30:00-04:00,84.33499908447266,84.4198989868164,84.30500030517578,84.3499984741211,10373,0.0,0.0,0.0
2024-07-16 13:30:00-04:00,84.37000274658203,84.47000122070312,84.3499984741211,84.45999908447266,54219,0.0,0.0,0.0
2024-07-16 14:30:00-04:00,84.45600128173828,84.55000305175781,84.45600128173828,84.54499816894531,26168,0.0,0.0,0.0
2024-07-16 15:30:00-04:00,84.55500030517578,84.64029693603516,84.5154037475586,84.61000061035156,24972,0.0,0.0,0.0
2024-07-17 09:30:00-04:00,84.47000122070312,84.72000122070312,84.41000366210938,84.68000030517578,28653,0.0,0.0,0.0
2024-07-17 10:30:00-04:00,84.66000366210938,84.66000366210938,84.38999938964844,84.5199966430664,17729,0.0,0.0,0.0
2024-07-17 11:30:00-04:00,84.5,84.5199966430664,84.37000274658203,84.40280151367188,25842,0.0,0.0,0.0
2024-07-17 12:30:00-04:00,84.38009643554688,84.4749984741211,84.38009643554688,84.42990112304688,39863,0.0,0.0,0.0
2024-07-17 13:30:00-04:00,84.45999908447266,84.52950286865234,84.3855972290039,84.52950286865234,20225,0.0,0.0,0.0
2024-07-17 14:30:00-04:00,84.5250015258789,84.58000183105469,84.46289825439453,84.56999969482422,26097,0.0,0.0,0.0
2024-07-17 15:30:00-04:00,84.54000091552734,84.5696029663086,84.45999908447266,84.51000213623047,13360,0.0,0.0,0.0
2024-07-18 09:30:00-04:00,84.51000213623047,84.6500015258789,84.44999694824219,84.52999877929688,34204,0.0,0.0,0.0
2024-07-18 10:30:00-04:00,84.51499938964844,84.51499938964844,84.02999877929688,84.02999877929688,18575,0.0,0.0,0.0
2024-07-18 11:30:00-04:00,84.04000091552734,84.08000183105469,83.86000061035156,83.93000030517578,27660,0.0,0.0,0.0
2024-07-18 12:30:00-04:00,83.88999938964844,84.06999969482422,83.88999938964844,84.04000091552734,23190,0.0,0.0,0.0
2024-07-18 13:30:00-04:00,84.05500030517578,84.08000183105469,83.83999633789062,83.83999633789062,25469,0.0,0.0,0.0
2024-07-18 14:30:00-04:00,83.79779815673828,83.83999633789062,83.5999984741211,83.65290069580078,19371,0.0,0.0,0.0
2024-07-18 15:30:00-04:00,83.66000366210938,83.83999633789062,83.66000366210938,83.7699966430664,35515,0.0,0.0,0.0
2024-07-19 09:30:00-04:00,83.62999725341797,83.6500015258789,83.5,83.5,41666,0.0,0.0,0.0
2024-07-19 10:30:00-04:00,83.5199966430664,83.58999633789062,83.4000015258789,83.41999816894531,20241,0.0,0.0,0.0
2024-07-19 11:30:00-04:00,83.375,83.66000366210938,83.35250091552734,83.6500015258789,7248,0.0,0.0,0.0
2024-07-19 12:30:00-04:00,83.55999755859375,83.55999755859375,83.38520050048828,83.4406967163086,9798,0.0,0.0,0.0
2024-07-19 13:30:00-04:00,83.43579864501953,83.51799774169922,83.43579864501953,83.44000244140625,9164,0.0,0.0,0.0
2024-07-19 14:30:00-04:00,83.41999816894531,83.55989837646484,83.3499984741211,83.51010131835938,46879,0.0,0.0,0.0
2024-07-19 15:30:00-04:00,83.48999786376953,83.50499725341797,83.38999938964844,83.47000122070312,46532,0.0,0.0,0.0
2024-07-22 09:30:00-04:00,83.94000244140625,84.05000305175781,83.69999694824219,83.79499816894531,27974,0.0,0.0,0.0
2024-07-22 10:30:00-04:00,83.80690002441406,83.9800033569336,83.79000091552734,83.8499984741211,16745,0.0,0.0,0.0
2024-07-22 11:30:00-04:00,83.78500366210938,83.86000061035156,83.7301025390625,83.80899810791016,28904,0.0,0.0,0.0
2024-07-22 12:30:00-04:00,83.76000213623047,83.9800033569336,83.76000213623047,83.94999694824219,14683,0.0,0.0,0.0
2024-07-22 13:30:00-04:00,83.98999786376953,84.02999877929688,83.95349884033203,84.02989959716797,14458,0.0,0.0,0.0
2024-07-22 14:30:00-04:00,84.00959777832031,84.06999969482422,83.97000122070312,84.01000213623047,41250,0.0,0.0,0.0
2024-07-22 15:30:00-04:00,84.0199966430664,84.11000061035156,84.01110076904297,84.08000183105469,26602,0.0,0.0,0.0
2024-07-23 09:30:00-04:00,83.98999786376953,83.98999786376953,83.54000091552734,83.83200073242188,42375,0.0,0.0,0.0
2024-07-23 10:30:00-04:00,83.82499694824219,83.94989776611328,83.75499725341797,83.90899658203125,22113,0.0,0.0,0.0
2024-07-23 11:30:00-04:00,83.90499877929688,83.97000122070312,83.80010223388672,83.82499694824219,19878,0.0,0.0,0.0
2024-07-23 12:30:00-04:00,83.83000183105469,83.90989685058594,83.80999755859375,83.87000274658203,16605,0.0,0.0,0.0
2024-07-23 13:30:00-04:00,83.86000061035156,83.95999908447266,83.81999969482422,83.89900207519531,17312,0.0,0.0,0.0
2024-07-23 14:30:00-04:00,83.88999938964844,83.94000244140625,83.8499984741211,83.91000366210938,67205,0.0,0.0,0.0
2024-07-23 15:30:00-04:00,83.87000274658203,83.88999938964844,83.75,83.80999755859375,28811,0.0,0.0,0.0
2024-07-24 09:30:00-04:00,83.61000061035156,83.68000030517578,83.4530029296875,83.49500274658203,22261,0.0,0.0,0.0
2024-07-24 10:30:00-04:00,83.53179931640625,83.54810333251953,83.38279724121094,83.40499877929688,19233,0.0,0.0,0.0
2024-07-24 11:30:00-04:00,83.41999816894531,83.47000122070312,83.34010314941406,83.41999816894531,26319,0.0,0.0,0.0
2024-07-24 12:30:00-04:00,83.41500091552734,83.45999908447266,83.33999633789062,83.3550033569336,34168,0.0,0.0,0.0
2024-07-24 13:30:00-04:00,83.3499984741211,83.4000015258789,83.15499877929688,83.16000366210938,26517,0.0,0.0,0.0
2024-07-24 14:30:00-04:00,83.19989776611328,83.19989776611328,82.99420166015625,83.02999877929688,51068,0.0,0.0,0.0
2024-07-24 15:30:00-04:00,83.05000305175781,83.15499877929688,82.97000122070312,83.0,35252,0.0,0.0,0.0
2024-07-25 09:30:00-04:00,82.38999938964844,82.5999984741211,82.22000122070312,82.5250015258789,41872,0.0,0.0,0.0
2024-07-25 10:30:00-04:00,82.57109832763672,82.80999755859375,82.50379943847656,82.70999908447266,20490,0.0,0.0,0.0
2024-07-25 11:30:00-04:00,82.6531982421875,82.98999786376953,82.6531982421875,82.98999786376953,20254,0.0,0.0,0.0
2024-07-25 12:30:00-04:00,82.9540023803711,83.14710235595703,82.91000366210938,82.95999908447266,14492,0.0,0.0,0.0
2024-07-25 13:30:00-04:00,82.87999725341797,82.93990325927734,82.80860137939453,82.8490982055664,9822,0.0,0.0,0.0
2024-07-25 14:30:00-04:00,82.88999938964844,82.88999938964844,82.625,82.81999969482422,45781,0.0,0.0,0.0
2024-07-25 15:30:00-04:00,82.80000305175781,82.80000305175781,82.48999786376953,82.48999786376953,23090,0.0,0.0,0.0
2024-07-26 09:30:00-04:00,83.16000366210938,83.43000030517578,83.0999984741211,83.42009735107422,0,0.0,0.0,0.0
2024-07-26 10:30:00-04:00,83.35009765625,83.43000030517578,83.27999877929688,83.41500091552734,61496,0.0,0.0,0.0
2024-07-26 11:30:00-04:00,83.41999816894531,83.66000366210938,83.38999938964844,83.6500015258789,31579,0.0,0.0,0.0
2024-07-26 12:30:00-04:00,83.6500015258789,83.73500061035156,83.61000061035156,83.67459869384766,11003,0.0,0.0,0.0
2024-07-26 13:30:00-04:00,83.66999816894531,83.69059753417969,83.47019958496094,83.58999633789062,15847,0.0,0.0,0.0
2024-07-26 14:30:00-04:00,83.54609680175781,83.62000274658203,83.44000244140625,83.62000274658203,53219,0.0,0.0,0.0
2024-07-26 15:30:00-04:00,83.55999755859375,83.58999633789062,83.47000122070312,83.56999969482422,39551,0.0,0.0,0.0
2024-07-29 09:30:00-04:00,83.62000274658203,83.6500015258789,83.3949966430664,83.3949966430664,28080,0.0,0.0,0.0
2024-07-29 10:30:00-04:00,83.30000305175781,83.34420013427734,83.22920227050781,83.29499816894531,12225,0.0,0.0,0.0
2024-07-29 11:30:00-04:00,83.2300033569336,83.5199966430664,83.20999908447266,83.48500061035156,33352,0.0,0.0,0.0
2024-07-29 12:30:00-04:00,83.48500061035156,83.55000305175781,83.4020004272461,83.4020004272461,11196,0.0,0.0,0.0
2024-07-29 13:30:00-04:00,83.3949966430664,83.47000122070312,83.37000274658203,83.43499755859375,32980,0.0,0.0,0.0
2024-07-29 14:30:00-04:00,83.43990325927734,83.5199966430664,83.36000061035156,83.48300170898438,46104,0.0,0.0,0.0
2024-07-29 15:30:00-04:00,83.5,83.58999633789062,83.44999694824219,83.47000122070312,19564,0.0,0.0,0.0
2024-07-30 09:30:00-04:00,83.61000061035156,83.72000122070312,83.55999755859375,83.59049987792969,25889,0.0,0.0,0.0
2024-07-30 10:30:00-04:00,83.58000183105469,83.62000274658203,83.40440368652344,83.49919891357422,12572,0.0,0.0,0.0
2024-07-30 11:30:00-04:00,83.47979736328125,83.48979949951172,83.37889862060547,83.44010162353516,18784,0.0,0.0,0.0
2024-07-30 12:30:00-04:00,83.45390319824219,83.55000305175781,83.3499984741211,83.46499633789062,22978,0.0,0.0,0.0
2024-07-30 13:30:00-04:00,83.46499633789062,83.62000274658203,83.45999908447266,83.58000183105469,15302,0.0,0.0,0.0
2024-07-30 14:30:00-04:00,83.58000183105469,83.62000274658203,83.4845962524414,83.62000274658203,23983,0.0,0.0,0.0
2024-07-30 15:30:00-04:00,83.58000183105469,83.7300033569336,83.53009796142578,83.62999725341797,19954,0.0,0.0,0.0
2024-07-31 09:30:00-04:00,84.80999755859375,84.83000183105469,84.55000305175781,84.83000183105469,28906,0.0,0.0,0.0
2024-07-31 10:30:00-04:00,84.81719970703125,84.84500122070312,84.60099792480469,84.70010375976562,26618,0.0,0.0,0.0
2024-07-31 11:30:00-04:00,84.70999908447266,84.79000091552734,84.68080139160156,84.70500183105469,35962,0.0,0.0,0.0
2024-07-31 12:30:00-04:00,84.70030212402344,84.73999786376953,84.65499877929688,84.65499877929688,11861,0.0,0.0,0.0
2024-07-31 13:30:00-04:00,84.62000274658203,84.73999786376953,84.49500274658203,84.72000122070312,22068,0.0,0.0,0.0
2024-07-31 14:30:00-04:00,84.76000213623047,85.09390258789062,84.73500061035156,84.74479675292969,30221,0.0,0.0,0.0
2024-07-31 15:30:00-04:00,84.71150207519531,84.95500183105469,84.71150207519531,84.80000305175781,66303,0.0,0.0,0.0
2024-08-01 09:30:00-04:00,83.91000366210938,84.22000122070312,83.61499786376953,83.61869812011719,32534,0.0,0.0,0.0
2024-08-01 10:30:00-04:00,83.58999633789062,83.61000061035156,83.23999786376953,83.29000091552734,25824,0.0,0.0,0.0
2024-08-01 11:30:00-04:00,83.19999694824219,83.23999786376953,83.1050033569336,83.16000366210938,24199,0.0,0.0,0.0
2024-08-01 12:30:00-04:00,83.16000366210938,83.1989974975586,82.91999816894531,82.95989990234375,20239,0.0,0.0,0.0
2024-08-01 13:30:00-04:00,82.91000366210938,82.93499755859375,82.70999908447266,82.77999877929688,33121,0.0,0.0,0.0
2024-08-01 14:30:00-04:00,82.74299621582031,83.04000091552734,82.72000122070312,82.98799896240234,24877,0.0,0.0,0.0
2024-08-01 15:30:00-04:00,83.05000305175781,83.16999816894531,82.97000122070312,83.04000091552734,27845,0.0,0.0,0.0
2024-08-02 09:30:00-04:00,81.91000366210938,82.03379821777344,81.43499755859375,81.45999908447266,104156,0.0,0.0,0.0
2024-08-02 10:30:00-04:00,81.33999633789062,81.43499755859375,81.01000213623047,81.08999633789062,43866,0.0,0.0,0.0
2024-08-02 11:30:00-04:00,81.12999725341797,81.45999908447266,81.12999725341797,81.43460083007812,25104,0.0,0.0,0.0
2024-08-02 12:30:00-04:00,81.43000030517578,81.47000122070312,81.24369812011719,81.38500213623047,27936,0.0,0.0,0.0
2024-08-02 13:30:00-04:00,81.4000015258789,81.4800033569336,81.16010284423828,81.47000122070312,26410,0.0,0.0,0.0
2024-08-02 14:30:00-04:00,81.51000213623047,81.62000274658203,81.41000366210938,81.58999633789062,16666,0.0,0.0,0.0
2024-08-02 15:30:00-04:00,81.58999633789062,81.68000030517578,81.44000244140625,81.61009979248047,12116,0.0,0.0,0.0
2024-08-05 09:30:00-04:00,79.0,79.9000015258789,78.99919891357422,79.58000183105469,90248,0.0,0.0,0.0
2024-08-05 10:30:00-04:00,79.54000091552734,80.16000366210938,79.54000091552734,79.94999694824219,54600,0.0,0.0,0.0
2024-08-05 11:30:00-04:00,79.94000244140625,80.52999877929688,79.91999816894531,80.51370239257812,60346,0.0,0.0,0.0
2024-08-05 12:30:00-04:00,80.43000030517578,80.43000030517578,79.91999816894531,80.16500091552734,44450,0.0,0.0,0.0
2024-08-05 13:30:00-04:00,80.11419677734375,80.33999633789062,80.09159851074219,80.30999755859375,42799,0.0,0.0,0.0
2024-08-05 14:30:00-04:00,80.33999633789062,80.33999633789062,79.84010314941406,79.95999908447266,43317,0.0,0.0,0.0
2024-08-05 15:30:00-04:00,79.95999908447266,80.16000366210938,79.92340087890625,80.12000274658203,52780,0.0,0.0,0.0
2024-08-06 09:30:00-04:00,79.63999938964844,80.0999984741211,79.41000366210938,79.94999694824219,67353,0.0,0.0,0.0
2024-08-06 10:30:00-04:00,79.86499786376953,80.29000091552734,79.81999969482422,79.81999969482422,63159,0.0,0.0,0.0
2024-08-06 11:30:00-04:00,79.86499786376953,80.2699966430664,79.83390045166016,80.16500091552734,42568,0.0,0.0,0.0
2024-08-06 12:30:00-04:00,80.18000030517578,80.46540069580078,80.11000061035156,80.38240051269531,99420,0.0,0.0,0.0
2024-08-06 13:30:00-04:00,80.49729919433594,80.70999908447266,80.37999725341797,80.66000366210938,64017,0.0,0.0,0.0
2024-08-06 14:30:00-04:00,80.66999816894531,80.7688980102539,80.27999877929688,80.48989868164062,37605,0.0,0.0,0.0
2024-08-06 15:30:00-04:00,80.5,80.54000091552734,80.29000091552734,80.29000091552734,25662,0.0,0.0,0.0
2024-08-07 09:30:00-04:00,81.69999694824219,81.72000122070312,81.44999694824219,81.5999984741211,28415,0.0,0.0,0.0
2024-08-07 10:30:00-04:00,81.51000213623047,81.74500274658203,81.41179656982422,81.47360229492188,25011,0.0,0.0,0.0
2024-08-07 11:30:00-04:00,81.4977035522461,81.55000305175781,81.30000305175781,81.5199966430664,18127,0.0,0.0,0.0
2024-08-07 12:30:00-04:00,81.5,81.55000305175781,81.06999969482422,81.08000183105469,12126,0.0,0.0,0.0
2024-08-07 13:30:00-04:00,81.1698989868164,81.26000213623047,80.6436996459961,80.76000213623047,17013,0.0,0.0,0.0
2024-08-07 14:30:00-04:00,80.63999938964844,80.88500213623047,80.58999633789062,80.78500366210938,19091,0.0,0.0,0.0
2024-08-07 15:30:00-04:00,80.7750015258789,80.81999969482422,80.52999877929688,80.58999633789062,27210,0.0,0.0,0.0
2024-08-08 09:30:00-04:00,81.18000030517578,81.41500091552734,80.90959930419922,81.41500091552734,0,0.0,0.0,0.0
2024-08-08 10:30:00-04:00,81.45800018310547,81.55000305175781,81.36070251464844,81.54499816894531,16995,0.0,0.0,0.0
2024-08-08 11:30:00-04:00,81.53500366210938,81.69999694824219,81.5199966430664,81.63500213623047,19098,0.0,0.0,0.0
2024-08-08 12:30:00-04:00,81.56500244140625,81.6449966430664,81.45999908447266,81.6449966430664,17986,0.0,0.0,0.0
2024-08-08 13:30:00-04:00,81.68379974365234,81.8499984741211,81.65450286865234,81.80999755859375,13529,0.0,0.0,0.0
2024-08-08 14:30:00-04:00,81.86949920654297,81.88700103759766,81.74009704589844,81.83999633789062,32948,0.0,0.0,0.0
2024-08-08 15:30:00-04:00,81.81999969482422,81.87999725341797,81.73999786376953,81.86000061035156,16347,0.0,0.0,0.0
2024-08-09 09:30:00-04:00,81.69999694824219,81.96499633789062,81.65360260009766,81.93000030517578,30407,0.0,0.0,0.0
2024-08-09 10:30:00-04:00,81.87920379638672,82.13999938964844,81.81999969482422,82.0,16107,0.0,0.0,0.0
2024-08-09 11:30:00-04:00,81.97260284423828,82.08000183105469,81.8427963256836,81.90499877929688,85028,0.0,0.0,0.0
2024-08-09 12:30:00-04:00,81.88009643554688,82.25,81.87999725341797,82.25,36321,0.0,0.0,0.0
2024-08-09 13:30:00-04:00,82.27189636230469,82.29199981689453,82.06780242919922,82.08499908447266,17011,0.0,0.0,0.0
2024-08-09 14:30:00-04:00,82.06999969482422,82.2197036743164,82.02999877929688,82.17500305175781,9975,0.0,0.0,0.0
2024-08-09 15:30:00-04:00,82.19190216064453,82.33999633789062,82.19000244140625,82.29499816894531,23346,0.0,0.0,0.0
2024-08-12 09:30:00-04:00,82.13999938964844,82.19999694824219,81.87999725341797,82.1449966430664,57187,0.0,0.0,0.0
2024-08-12 10:30:00-04:00,82.1449966430664,82.36990356445312,82.06999969482422,82.12999725341797,41271,0.0,0.0,0.0
2024-08-12 11:30:00-04:00,82.13999938964844,82.33999633789062,82.09010314941406,82.25,18571,0.0,0.0,0.0
2024-08-12 12:30:00-04:00,82.29000091552734,82.33000183105469,82.12010192871094,82.29000091552734,48331,0.0,0.0,0.0
2024-08-12 13:30:00-04:00,82.30000305175781,82.30999755859375,82.16010284423828,82.16010284423828,18038,0.0,0.0,0.0
2024-08-12 14:30:00-04:00,82.1500015258789,82.21990203857422,82.13500213623047,82.19000244140625,15706,0.0,0.0,0.0
2024-08-12 15:30:00-04:00,82.19999694824219,82.20999908447266,82.08999633789062,82.19000244140625,13188,0.0,0.0,0.0
2024-08-13 09:30:00-04:00,82.97109985351562,83.2300033569336,82.95999908447266,83.16999816894531,55835,0.0,0.0,0.0
2024-08-13 10:30:00-04:00,83.19000244140625,83.37529754638672,83.11000061035156,83.37529754638672,14657,0.0,0.0,0.0
2024-08-13 11:30:00-04:00,83.37999725341797,83.48989868164062,83.31999969482422,83.44599914550781,24760,0.0,0.0,0.0
2024-08-13 12:30:00-04:00,83.43000030517578,83.5999984741211,83.43000030517578,83.53600311279297,7981,0.0,0.0,0.0
2024-08-13 13:30:00-04:00,83.5250015258789,83.56999969482422,83.38400268554688,83.54540252685547,22022,0.0,0.0,0.0
2024-08-13 14:30:00-04:00,83.57160186767578,83.76000213623047,83.57160186767578,83.7249984741211,13637,0.0,0.0,0.0
2024-08-13 15:30:00-04:00,83.73999786376953,83.80999755859375,83.69010162353516,83.80999755859375,12497,0.0,0.0,0.0
2024-08-14 09:30:00-04:00,83.62999725341797,83.67960357666016,83.52320098876953,83.63899993896484,26958,0.0,0.0,0.0
2024-08-14 10:30:00-04:00,83.6500015258789,83.7936019897461,83.56500244140625,83.7936019897461,15252,0.0,0.0,0.0
2024-08-14 11:30:00-04:00,83.79239654541016,83.90969848632812,83.68000030517578,83.68000030517578,38355,0.0,0.0,0.0
2024-08-14 12:30:00-04:00,83.70999908447266,83.80999755859375,83.68000030517578,83.72000122070312,15058,0.0,0.0,0.0
2024-08-14 13:30:00-04:00,83.70500183105469,83.79000091552734,83.67330169677734,83.72000122070312,13341,0.0,0.0,0.0
2024-08-14 14:30:00-04:00,83.71070098876953,83.91000366210938,83.71070098876953,83.79000091552734,29349,0.0,0.0,0.0
2024-08-14 15:30:00-04:00,83.80500030517578,83.94999694824219,83.79229736328125,83.91000366210938,14276,0.0,0.0,0.0
2024-08-15 09:30:00-04:00,84.30999755859375,84.4800033569336,84.25,84.43499755859375,36423,0.0,0.0,0.0
2024-08-15 10:30:00-04:00,84.51000213623047,84.5999984741211,84.49040222167969,84.52999877929688,55933,0.0,0.0,0.0
2024-08-15 11:30:00-04:00,84.52999877929688,84.73999786376953,84.5,84.73989868164062,27456,0.0,0.0,0.0
2024-08-15 12:30:00-04:00,84.72560119628906,84.72560119628906,84.55999755859375,84.63839721679688,14973,0.0,0.0,0.0
2024-08-15 13:30:00-04:00,84.62000274658203,84.66999816894531,84.57230377197266,84.61000061035156,16706,0.0,0.0,0.0
2024-08-15 14:30:00-04:00,84.63999938964844,84.68810272216797,84.55000305175781,84.62000274658203,31802,0.0,0.0,0.0
2024-08-15 15:30:00-04:00,84.63999938964844,84.66799926757812,84.52799987792969,84.57009887695312,19243,0.0,0.0,0.0
2024-08-16 09:30:00-04:00,84.7699966430664,84.89959716796875,84.73500061035156,84.75,48509,0.0,0.0,0.0
2024-08-16 10:30:00-04:00,84.70099639892578,84.83000183105469,84.62999725341797,84.80940246582031,20770,0.0,0.0,0.0
2024-08-16 11:30:00-04:00,84.79000091552734,84.90840148925781,84.79000091552734,84.87760162353516,13277,0.0,0.0,0.0
2024-08-16 12:30:00-04:00,84.90840148925781,85.0,84.87100219726562,84.99549865722656,14751,0.0,0.0,0.0
2024-08-16 13:30:00-04:00,84.9800033569336,85.01000213623047,84.94879913330078,84.94999694824219,16858,0.0,0.0,0.0
2024-08-16 14:30:00-04:00,84.9800033569336,85.07990264892578,84.97000122070312,84.9800033569336,13899,0.0,0.0,0.0
2024-08-16 15:30:00-04:00,84.98999786376953,85.01349639892578,84.93450164794922,84.97010040283203,26225,0.0,0.0,0.0
2024-08-19 09:30:00-04:00,85.30999755859375,85.83999633789062,85.30999755859375,85.81500244140625,0,0.0,0.0,0.0
2024-08-19 10:30:00-04:00,85.81500244140625,85.96939849853516,85.81500244140625,85.93000030517578,14045,0.0,0.0,0.0
2024-08-19 11:30:00-04:00,85.90270233154297,85.95919799804688,85.8051986694336,85.87850189208984,20629,0.0,0.0,0.0
2024-08-19 12:30:00-04:00,85.87999725341797,85.94840240478516,85.84420013427734,85.88999938964844,24308,0.0,0.0,0.0
2024-08-19 13:30:00-04:00,85.8772964477539,85.9729995727539,85.86000061035156,85.94999694824219,19710,0.0,0.0,0.0
2024-08-19 14:30:00-04:00,85.947998046875,86.01000213623047,85.93000030517578,85.93289947509766,51608,0.0,0.0,0.0
2024-08-19 15:30:00-04:00,85.94000244140625,85.98750305175781,85.8499984741211,85.94000244140625,19683,0.0,0.0,0.0
2024-08-20 09:30:00-04:00,85.76000213623047,85.98999786376953,85.72000122070312,85.80000305175781,42465,0.0,0.0,0.0
2024-08-20 10:30:00-04:00,85.80000305175781,85.88999938964844,85.66000366210938,85.68000030517578,24007,0.0,0.0,0.0
2024-08-20 11:30:00-04:00,85.68000030517578,85.7699966430664,85.62190246582031,85.7249984741211,26700,0.0,0.0,0.0
2024-08-20 12:30:00-04:00,85.7699966430664,85.7699966430664,85.61000061035156,85.62190246582031,21697,0.0,0.0,0.0
2024-08-20 13:30:00-04:00,85.66999816894531,85.8499984741211,85.63999938964844,85.79499816894531,22484,0.0,0.0,0.0
2024-08-20 14:30:00-04:00,85.77999877929688,85.85990142822266,85.77999877929688,85.79000091552734,16024,0.0,0.0,0.0
2024-08-20 15:30:00-04:00,85.80500030517578,85.81999969482422,85.7300033569336,85.74500274658203,18252,0.0,0.0,0.0
2024-08-21 09:30:00-04:00,86.2300033569336,86.2300033569336,86.02619934082031,86.09929656982422,34784,0.0,0.0,0.0
2024-08-21 10:30:00-04:00,86.08650207519531,86.27790069580078,86.02999877929688,86.26000213623047,19051,0.0,0.0,0.0
2024-08-21 11:30:00-04:00,86.25759887695312,86.30500030517578,86.1802978515625,86.23999786376953,15019,0.0,0.0,0.0
2024-08-21 12:30:00-04:00,86.23999786376953,86.30500030517578,86.22000122070312,86.26000213623047,9172,0.0,0.0,0.0
2024-08-21 13:30:00-04:00,86.28900146484375,86.4749984741211,86.25499725341797,86.4749984741211,11643,0.0,0.0,0.0
2024-08-21 14:30:00-04:00,86.4926986694336,86.53269958496094,86.29810333251953,86.3739013671875,24388,0.0,0.0,0.0
2024-08-21 15:30:00-04:00,86.34329986572266,86.41999816894531,86.32479858398438,86.40499877929688,13907,0.0,0.0,0.0
2024-08-22 09:30:00-04:00,86.76490020751953,86.78500366210938,86.38500213623047,86.45500183105469,23997,0.0,0.0,0.0
2024-08-22 10:30:00-04:00,86.4749984741211,86.5,86.3125,86.36499786376953,11653,0.0,0.0,0.0
2024-08-22 11:30:00-04:00,86.37000274658203,86.44499969482422,86.23500061035156,86.44499969482422,21800,0.0,0.0,0.0
2024-08-22 12:30:00-04:00,86.42459869384766,86.4573974609375,86.19999694824219,86.22000122070312,12059,0.0,0.0,0.0
2024-08-22 13:30:00-04:00,86.12000274658203,86.2249984741211,86.0199966430664,86.19499969482422,12913,0.0,0.0,0.0
2024-08-22 14:30:00-04:00,86.19000244140625,86.19999694824219,86.02960205078125,86.02960205078125,20341,0.0,0.0,0.0
2024-08-22 15:30:00-04:00,86.05000305175781,86.05889892578125,85.95999908447266,86.0,20692,0.0,0.0,0.0
2024-08-23 09:30:00-04:00,86.55999755859375,87.30000305175781,86.51920318603516,87.2699966430664,37795,0.0,0.0,0.0
2024-08-23 10:30:00-04:00,87.2699966430664,87.41000366210938,86.98999786376953,87.4000015258789,18829,0.0,0.0,0.0
2024-08-23 11:30:00-04:00,87.34500122070312,87.38899993896484,86.8550033569336,86.92500305175781,24124,0.0,0.0,0.0
2024-08-23 12:30:00-04:00,87.0,87.16500091552734,86.8949966430664,87.16500091552734,18244,0.0,0.0,0.0
2024-08-23 13:30:00-04:00,87.20999908447266,87.25900268554688,87.12000274658203,87.2249984741211,19800,0.0,0.0,0.0
2024-08-23 14:30:00-04:00,87.19000244140625,87.375,87.18000030517578,87.375,18359,0.0,0.0,0.0
2024-08-23 15:30:00-04:00,87.37000274658203,87.43000030517578,87.33000183105469,87.4000015258789,18142,0.0,0.0,0.0
2024-08-26 09:30:00-04:00,87.33999633789062,87.45999908447266,87.25,87.41999816894531,27393,0.0,0.0,0.0
2024-08-26 10:30:00-04:00,87.41000366210938,87.41999816894531,87.2300033569336,87.2300033569336,14271,0.0,0.0,0.0
2024-08-26 11:30:00-04:00,87.23999786376953,87.3499984741211,87.16239929199219,87.3499984741211,21464,0.0,0.0,0.0
2024-08-26 12:30:00-04:00,87.33000183105469,87.3904037475586,87.29000091552734,87.3904037475586,9932,0.0,0.0,0.0
2024-08-26 13:30:00-04:00,87.36000061035156,87.36499786376953,87.1541976928711,87.26339721679688,22048,0.0,0.0,0.0
2024-08-26 14:30:00-04:00,87.27200317382812,87.30999755859375,87.2300033569336,87.30500030517578,16071,0.0,0.0,0.0
2024-08-26 15:30:00-04:00,87.2300033569336,87.27999877929688,87.18329620361328,87.27999877929688,28317,0.0,0.0,0.0
2024-08-27 09:30:00-04:00,87.05999755859375,87.44999694824219,87.05999755859375,87.44999694824219,32252,0.0,0.0,0.0
2024-08-27 10:30:00-04:00,87.51000213623047,87.55840301513672,87.4209976196289,87.44000244140625,19303,0.0,0.0,0.0
2024-08-27 11:30:00-04:00,87.44020080566406,87.51930236816406,87.36100006103516,87.47440338134766,21200,0.0,0.0,0.0
2024-08-27 12:30:00-04:00,87.48999786376953,87.63500213623047,87.44000244140625,87.62999725341797,9035,0.0,0.0,0.0
2024-08-27 13:30:00-04:00,87.66439819335938,87.68990325927734,87.60009765625,87.66999816894531,22969,0.0,0.0,0.0
2024-08-27 14:30:00-04:00,87.66000366210938,87.67559814453125,87.5801010131836,87.61000061035156,25095,0.0,0.0,0.0
2024-08-27 15:30:00-04:00,87.61000061035156,87.61000061035156,87.26000213623047,87.41000366210938,26971,0.0,0.0,0.0
2024-08-28 09:30:00-04:00,87.62999725341797,87.86000061035156,87.62999725341797,87.81500244140625,41607,0.0,0.0,0.0
2024-08-28 10:30:00-04:00,87.83000183105469,87.83000183105469,87.63400268554688,87.6698989868164,15770,0.0,0.0,0.0
2024-08-28 11:30:00-04:00,87.63999938964844,87.67500305175781,87.41999816894531,87.45500183105469,25047,0.0,0.0,0.0
2024-08-28 12:30:00-04:00,87.45500183105469,87.54989624023438,87.40010070800781,87.41500091552734,12337,0.0,0.0,0.0
2024-08-28 13:30:00-04:00,87.47000122070312,87.47000122070312,87.12999725341797,87.1812973022461,18206,0.0,0.0,0.0
2024-08-28 14:30:00-04:00,87.193603515625,87.47000122070312,87.1511001586914,87.40879821777344,20819,0.0,0.0,0.0
2024-08-28 15:30:00-04:00,87.43000030517578,87.44999694824219,87.33999633789062,87.36000061035156,16513,0.0,0.0,0.0
2024-08-29 09:30:00-04:00,87.87999725341797,87.91500091552734,87.70500183105469,87.91500091552734,32878,0.0,0.0,0.0
2024-08-29 10:30:00-04:00,87.8656997680664,87.9800033569336,87.8019027709961,87.94999694824219,10616,0.0,0.0,0.0
2024-08-29 11:30:00-04:00,88.01000213623047,88.30999755859375,88.0,88.28990173339844,17258,0.0,0.0,0.0
2024-08-29 12:30:00-04:00,88.27999877929688,88.29000091552734,88.13999938964844,88.16010284423828,11542,0.0,0.0,0.0
2024-08-29 13:30:00-04:00,88.1500015258789,88.20999908447266,88.06999969482422,88.06999969482422,21741,0.0,0.0,0.0
2024-08-29 14:30:00-04:00,88.05000305175781,88.06950378417969,87.7699966430664,87.94999694824219,22532,0.0,0.0,0.0
2024-08-29 15:30:00-04:00,87.93499755859375,87.97769927978516,87.79000091552734,87.80999755859375,25568,0.0,0.0,0.0
2024-08-30 09:30:00-04:00,88.0999984741211,88.19000244140625,87.98999786376953,88.10600280761719,0,0.0,0.0,0.0
2024-08-30 10:30:00-04:00,88.05999755859375,88.13999938964844,87.82499694824219,87.82499694824219,19574,0.0,0.0,0.0
2024-08-30 11:30:00-04:00,87.71600341796875,87.83000183105469,87.71600341796875,87.7699966430664,18783,0.0,0.0,0.0
2024-08-30 12:30:00-04:00,87.57499694824219,87.7300033569336,87.51470184326172,87.67500305175781,12513,0.0,0.0,0.0
2024-08-30 13:30:00-04:00,87.67500305175781,87.78980255126953,87.66010284423828,87.75,18903,0.0,0.0,0.0
2024-08-30 14:30:00-04:00,87.74929809570312,87.88999938964844,87.74929809570312,87.86990356445312,15586,0.0,0.0,0.0
2024-08-30 15:30:00-04:00,87.88999938964844,88.02999877929688,87.80439758300781,88.02999877929688,11408,0.0,0.0,0.0
2024-09-03 09:30:00-04:00,87.7300033569336,87.75499725341797,87.30000305175781,87.37999725341797,31267,0.0,0.0,0.0
2024-09-03 10:30:00-04:00,87.3499984741211,87.36000061035156,87.18000030517578,87.25,28063,0.0,0.0,0.0
2024-09-03 11:30:00-04:00,87.27999877929688,87.36940002441406,87.21499633789062,87.31990051269531,37055,0.0,0.0,0.0
2024-09-03 12:30:00-04:00,87.29000091552734,87.29989624023438,87.16000366210938,87.2699966430664,22679,0.0,0.0,0.0
2024-09-03 13:30:00-04:00,87.2300033569336,87.2300033569336,86.9749984741211,86.9749984741211,14568,0.0,0.0,0.0
2024-09-03 14:30:00-04:00,86.98999786376953,87.04979705810547,86.91000366210938,86.99500274658203,106106,0.0,0.0,0.0
2024-09-03 15:30:00-04:00,87.01000213623047,87.0199966430664,86.7249984741211,86.91999816894531,18080,0.0,0.0,0.0
2024-09-04 09:30:00-04:00,86.4000015258789,86.72599792480469,86.16500091552734,86.70379638671875,43710,0.0,0.0,0.0
2024-09-04 10:30:00-04:00,86.79000091552734,87.01000213623047,86.72000122070312,86.72000122070312,90597,0.0,0.0,0.0
2024-09-04 11:30:00-04:00,86.66500091552734,86.7699966430664,86.61000061035156,86.69999694824219,44063,0.0,0.0,0.0
2024-09-04 12:30:00-04:00,86.73500061035156,86.86000061035156,86.63999938964844,86.63999938964844,28598,0.0,0.0,0.0
2024-09-04 13:30:00-04:00,86.618896484375,86.69950103759766,86.55500030517578,86.625,22232,0.0,0.0,0.0
2024-09-04 14:30:00-04:00,86.62999725341797,86.67500305175781,86.5,86.61329650878906,24427,0.0,0.0,0.0
2024-09-04 15:30:00-04:00,86.61000061035156,86.73999786376953,86.5469970703125,86.68000030517578,18979,0.0,0.0,0.0
2024-09-05 09:30:00-04:00,86.43000030517578,86.59410095214844,86.29460144042969,86.53970336914062,39539,0.0,0.0,0.0
2024-09-05 10:30:00-04:00,86.5250015258789,86.56300354003906,86.20500183105469,86.2300033569336,22482,0.0,0.0,0.0
2024-09-05 11:30:00-04:00,86.13500213623047,86.19989776611328,86.05500030517578,86.19989776611328,17071,0.0,0.0,0.0
2024-09-05 12:30:00-04:00,86.16999816894531,86.2313003540039,86.12000274658203,86.12940216064453,20350,0.0,0.0,0.0
2024-09-05 13:30:00-04:00,86.22899627685547,86.44999694824219,86.21320343017578,86.375,22001,0.0,0.0,0.0
2024-09-05 14:30:00-04:00,86.41999816894531,86.48660278320312,86.28829956054688,86.30999755859375,40523,0.0,0.0,0.0
2024-09-05 15:30:00-04:00,86.30999755859375,86.38999938964844,86.21499633789062,86.33999633789062,24482,0.0,0.0,0.0
2024-09-06 09:30:00-04:00,86.30000305175781,86.43000030517578,85.84439849853516,85.84439849853516,27010,0.0,0.0,0.0
2024-09-06 10:30:00-04:00,85.73999786376953,85.79000091552734,85.17990112304688,85.24559783935547,21045,0.0,0.0,0.0
2024-09-06 11:30:00-04:00,85.19000244140625,85.27059936523438,85.04499816894531,85.04499816894531,16891,0.0,0.0,0.0
2024-09-06 12:30:00-04:00,85.01000213623047,85.20500183105469,84.92009735107422,85.20500183105469,35598,0.0,0.0,0.0
2024-09-06 13:30:00-04:00,85.13999938964844,85.14990234375,84.9800033569336,85.00499725341797,24885,0.0,0.0,0.0
2024-09-06 14:30:00-04:00,85.0,85.1449966430664,84.94000244140625,85.12999725341797,79025,0.0,0.0,0.0
2024-09-06 15:30:00-04:00,85.08499908447266,85.15499877929688,85.0093002319336,85.02999877929688,16534,0.0,0.0,0.0
2024-09-09 09:30:00-04:00,85.5999984741211,85.95880126953125,85.5999984741211,85.79000091552734,28561,0.0,0.0,0.0
2024-09-09 10:30:00-04:00,85.7698974609375,85.83000183105469,85.66390228271484,85.75900268554688,15841,0.0,0.0,0.0
2024-09-09 11:30:00-04:00,85.83499908447266,86.04000091552734,85.83000183105469,86.01000213623047,23232,0.0,0.0,0.0
2024-09-09 12:30:00-04:00,86.08000183105469,86.1500015258789,86.03359985351562,86.0999984741211,12034,0.0,0.0,0.0
2024-09-09 13:30:00-04:00,86.06999969482422,86.06999969482422,85.80500030517578,85.88619995117188,12608,0.0,0.0,0.0
2024-09-09 14:30:00-04:00,85.86000061035156,85.9000015258789,85.7302017211914,85.7302017211914,27155,0.0,0.0,0.0
2024-09-09 15:30:00-04:00,85.8550033569336,85.90509796142578,85.80000305175781,85.86000061035156,23652,0.0,0.0,0.0
2024-09-10 09:30:00-04:00,85.7699966430664,85.7699966430664,85.18009948730469,85.30000305175781,40950,0.0,0.0,0.0
2024-09-10 10:30:00-04:00,85.30500030517578,85.46990203857422,85.23999786376953,85.46990203857422,13545,0.0,0.0,0.0
2024-09-10 11:30:00-04:00,85.43000030517578,85.45999908447266,85.0250015258789,85.13909912109375,18443,0.0,0.0,0.0
2024-09-10 12:30:00-04:00,85.2300033569336,85.38999938964844,85.18009948730469,85.37169647216797,34130,0.0,0.0,0.0
2024-09-10 13:30:00-04:00,85.39949798583984,85.5447006225586,85.36499786376953,85.54000091552734,21555,0.0,0.0,0.0
2024-09-10 14:30:00-04:00,85.55000305175781,85.70999908447266,85.55000305175781,85.70999908447266,20228,0.0,0.0,0.0
2024-09-10 15:30:00-04:00,85.69999694824219,85.73999786376953,85.62999725341797,85.73999786376953,11155,0.0,0.0,0.0
2024-09-11 09:30:00-04:00,85.80000305175781,85.80000305175781,84.99690246582031,85.01000213623047,21321,0.0,0.0,0.0
2024-09-11 10:30:00-04:00,84.93000030517578,85.2698974609375,84.8499984741211,85.16999816894531,14463,0.0,0.0,0.0
2024-09-11 11:30:00-04:00,85.19000244140625,85.4198989868164,85.11650085449219,85.3949966430664,54241,0.0,0.0,0.0
2024-09-11 12:30:00-04:00,85.40499877929688,85.67900085449219,85.40499877929688,85.57460021972656,13173,0.0,0.0,0.0
2024-09-11 13:30:00-04:00,85.62999725341797,85.83000183105469,85.61000061035156,85.81500244140625,21763,0.0,0.0,0.0
2024-09-11 14:30:00-04:00,85.81999969482422,85.93000030517578,85.76000213623047,85.92990112304688,16480,0.0,0.0,0.0
2024-09-11 15:30:00-04:00,85.90989685058594,86.01000213623047,85.77439880371094,85.94000244140625,19315,0.0,0.0,0.0
2024-09-12 09:30:00-04:00,86.29000091552734,86.45999908447266,86.16500091552734,86.40499877929688,25721,0.0,0.0,0.0
2024-09-12 10:30:00-04:00,86.41000366210938,86.54000091552734,86.30000305175781,86.43499755859375,16351,0.0,0.0,0.0
2024-09-12 11:30:00-04:00,86.41500091552734,86.56990051269531,86.41500091552734,86.54499816894531,83458,0.0,0.0,0.0
2024-09-12 12:30:00-04:00,86.53500366210938,86.79499816894531,86.51000213623047,86.77999877929688,14036,0.0,0.0,0.0
2024-09-12 13:30:00-04:00,86.80999755859375,86.98899841308594,86.80999755859375,86.98500061035156,24815,0.0,0.0,0.0
2024-09-12 14:30:00-04:00,86.94999694824219,86.98999786376953,86.7699966430664,86.94000244140625,20054,0.0,0.0,0.0
2024-09-12 15:30:00-04:00,86.97000122070312,87.12000274658203,86.97000122070312,87.12000274658203,15825,0.0,0.0,0.0
2024-09-13 09:30:00-04:00,87.05999755859375,87.31999969482422,87.05999755859375,87.19499969482422,36259,0.0,0.0,0.0
2024-09-13 10:30:00-04:00,87.20989990234375,87.2750015258789,87.07579803466797,87.125,25791,0.0,0.0,0.0
2024-09-13 11:30:00-04:00,87.11000061035156,87.18930053710938,87.01000213623047,87.01000213623047,23209,0.0,0.0,0.0
2024-09-13 12:30:00-04:00,86.9800033569336,87.06999969482422,86.94999694824219,87.04810333251953,9235,0.0,0.0,0.0
2024-09-13 13:30:00-04:00,87.01499938964844,87.0531997680664,86.94000244140625,87.00499725341797,22242,0.0,0.0,0.0
2024-09-13 14:30:00-04:00,86.9000015258789,86.9800033569336,86.86009979248047,86.93000030517578,16137,0.0,0.0,0.0
2024-09-13 15:30:00-04:00,86.97000122070312,87.05000305175781,86.94499969482422,87.05000305175781,20059,0.0,0.0,0.0
2024-09-16 09:30:00-04:00,87.26000213623047,87.37000274658203,87.18000030517578,87.21499633789062,37760,0.0,0.0,0.0
2024-09-16 10:30:00-04:00,87.24749755859375,87.2699966430664,87.11000061035156,87.18000030517578,11698,0.0,0.0,0.0
2024-09-16 11:30:00-04:00,87.13390350341797,87.25,87.11000061035156,87.15989685058594,19221,0.0,0.0,0.0
2024-09-16 12:30:00-04:00,87.2300033569336,87.32990264892578,87.18499755859375,87.29000091552734,11680,0.0,0.0,0.0
2024-09-16 13:30:00-04:00,87.29989624023438,87.43000030517578,87.24019622802734,87.39759826660156,51357,0.0,0.0,0.0
2024-09-16 14:30:00-04:00,87.41999816894531,87.45999908447266,87.37000274658203,87.41000366210938,23691,0.0,0.0,0.0
2024-09-16 15:30:00-04:00,87.4000015258789,87.66999816894531,87.4000015258789,87.55000305175781,27647,0.0,0.0,0.0
2024-09-17 09:30:00-04:00,87.37999725341797,87.4198989868164,87.1500015258789,87.37999725341797,30665,0.0,0.0,0.0
2024-09-17 10:30:00-04:00,87.3656005859375,87.39459991455078,87.13999938964844,87.14019775390625,19125,0.0,0.0,0.0
2024-09-17 11:30:00-04:00,87.12239837646484,87.16000366210938,86.94000244140625,86.97000122070312,38097,0.0,0.0,0.0
2024-09-17 12:30:00-04:00,86.98999786376953,87.01000213623047,86.76000213623047,86.93499755859375,43081,0.0,0.0,0.0
2024-09-17 13:30:00-04:00,86.87000274658203,86.92500305175781,86.7300033569336,86.86000061035156,16789,0.0,0.0,0.0
2024-09-17 14:30:00-04:00,86.88500213623047,86.94000244140625,86.79000091552734,86.80500030517578,17929,0.0,0.0,0.0
2024-09-17 15:30:00-04:00,86.87000274658203,86.97000122070312,86.81999969482422,86.91000366210938,26077,0.0,0.0,0.0
2024-09-18 09:30:00-04:00,86.76000213623047,86.79000091552734,86.5009994506836,86.55999755859375,30295,0.0,0.0,0.0
2024-09-18 10:30:00-04:00,86.46980285644531,86.54640197753906,86.42070007324219,86.43000030517578,16435,0.0,0.0,0.0
2024-09-18 11:30:00-04:00,86.44000244140625,86.56659698486328,86.36399841308594,86.56659698486328,19055,0.0,0.0,0.0
2024-09-18 12:30:00-04:00,86.55000305175781,86.625,86.51249694824219,86.6146011352539,14950,0.0,0.0,0.0
2024-09-18 13:30:00-04:00,86.64540100097656,87.34539794921875,86.59500122070312,87.23999786376953,29756,0.0,0.0,0.0
2024-09-18 14:30:00-04:00,87.27870178222656,87.43000030517578,86.5999984741211,86.87999725341797,28987,0.0,0.0,0.0
2024-09-18 15:30:00-04:00,86.86000061035156,86.87989807128906,86.44499969482422,86.5199966430664,25468,0.0,0.0,0.0
2024-09-19 09:30:00-04:00,87.79000091552734,87.93000030517578,87.49909973144531,87.74500274658203,34738,0.0,0.0,0.0
2024-09-19 10:30:00-04:00,87.75810241699219,87.82990264892578,87.62010192871094,87.82990264892578,17245,0.0,0.0,0.0
2024-09-19 11:30:00-04:00,87.86430358886719,88.03500366210938,87.86430358886719,88.02999877929688,22549,0.0,0.0,0.0
2024-09-19 12:30:00-04:00,88.04000091552734,88.04000091552734,87.97000122070312,88.04000091552734,18614,0.0,0.0,0.0
2024-09-19 13:30:00-04:00,88.05000305175781,88.21499633789062,88.05000305175781,88.19499969482422,38403,0.0,0.0,0.0
2024-09-19 14:30:00-04:00,88.22969818115234,88.23999786376953,88.05000305175781,88.0989990234375,24138,0.0,0.0,0.0
2024-09-19 15:30:00-04:00,88.06999969482422,88.16000366210938,88.04409790039062,88.13999938964844,32227,0.0,0.0,0.0
2024-09-20 09:30:00-04:00,87.45999908447266,87.47000122070312,86.84500122070312,87.0,28374,0.0,0.0,0.0
2024-09-20 10:30:00-04:00,86.98999786376953,87.08999633789062,86.88500213623047,86.88500213623047,19805,0.0,0.0,0.0
2024-09-20 11:30:00-04:00,86.92500305175781,87.19499969482422,86.91000366210938,87.18499755859375,28911,0.0,0.0,0.0
2024-09-20 12:30:00-04:00,87.19000244140625,87.26000213623047,87.11499786376953,87.14800262451172,38419,0.0,0.0,0.0
2024-09-20 13:30:00-04:00,87.16429901123047,87.19000244140625,87.02999877929688,87.03500366210938,24269,0.0,0.0,0.0
2024-09-20 14:30:00-04:00,87.0250015258789,87.22000122070312,87.0250015258789,87.18499755859375,9117,0.0,0.0,0.0
2024-09-20 15:30:00-04:00,87.2300033569336,87.29000091552734,87.15499877929688,87.16000366210938,18089,0.0,0.0,0.0
2024-09-23 09:30:00-04:00,87.41999816894531,87.6500015258789,87.31900024414062,87.62000274658203,59035,0.0,0.0,0.0
2024-09-23 10:30:00-04:00,87.61000061035156,87.62999725341797,87.46009826660156,87.54499816894531,35629,0.0,0.0,0.0
2024-09-23 11:30:00-04:00,87.60299682617188,87.66000366210938,87.44000244140625,87.50499725341797,24036,0.0,0.0,0.0
2024-09-23 12:30:00-04:00,87.50499725341797,87.62000274658203,87.48999786376953,87.61499786376953,11844,0.0,0.0,0.0
2024-09-23 13:30:00-04:00,87.63999938964844,87.72000122070312,87.5999984741211,87.70500183105469,21612,0.0,0.0,0.0
2024-09-23 14:30:00-04:00,87.7300033569336,87.73999786376953,87.66000366210938,87.67990112304688,20106,0.0,0.0,0.0
2024-09-23 15:30:00-04:00,87.66000366210938,87.70989990234375,87.62999725341797,87.6500015258789,24133,0.0,0.0,0.0
2024-09-24 09:30:00-04:00,87.806396484375,87.83000183105469,87.53070068359375,87.73500061035156,67967,0.0,0.0,0.0
2024-09-24 10:30:00-04:00,87.76000213623047,88.00990295410156,87.68000030517578,87.96499633789062,14086,0.0,0.0,0.0
2024-09-24 11:30:00-04:00,87.9749984741211,88.06990051269531,87.93000030517578,88.0,30870,0.0,0.0,0.0
2024-09-24 12:30:00-04:00,87.98739624023438,88.08940124511719,87.95010375976562,88.0,20418,0.0,0.0,0.0
2024-09-24 13:30:00-04:00,87.98999786376953,88.01480102539062,87.94000244140625,87.9999008178711,27614,0.0,0.0,0.0
2024-09-24 14:30:00-04:00,87.97000122070312,88.1500015258789,87.93000030517578,88.13999938964844,25178,0.0,0.0,0.0
2024-09-24 15:30:00-04:00,88.11000061035156,88.13990020751953,88.08000183105469,88.08999633789062,29454,0.0,0.0,0.0
2024-09-25 09:30:00-04:00,88.11000061035156,88.14839935302734,87.82499694824219,87.86000061035156,32107,0.0,0.0,0.0
2024-09-25 10:30:00-04:00,87.87989807128906,87.93000030517578,87.78240203857422,87.78240203857422,14058,0.0,0.0,0.0
2024-09-25 11:30:00-04:00,87.79499816894531,87.83989715576172,87.69010162353516,87.73999786376953,20620,0.0,0.0,0.0
2024-09-25 12:30:00-04:00,87.73500061035156,87.75,87.60389709472656,87.66000366210938,14648,0.0,0.0,0.0
2024-09-25 13:30:00-04:00,87.65499877929688,87.69999694824219,87.56199645996094,87.63999938964844,24367,0.0,0.0,0.0
2024-09-25 14:30:00-04:00,87.69000244140625,87.69000244140625,87.61499786376953,87.62000274658203,22920,0.0,0.0,0.0
2024-09-25 15:30:00-04:00,87.6050033569336,87.62000274658203,87.54440307617188,87.61000061035156,23149,0.0,0.0,0.0
2024-09-26 09:30:00-04:00,88.91999816894531,88.91999816894531,88.5459976196289,88.5459976196289,37485,0.0,0.0,0.0
2024-09-26 10:30:00-04:00,88.55500030517578,88.7300033569336,88.51000213623047,88.70929718017578,23295,0.0,0.0,0.0
2024-09-26 11:30:00-04:00,88.72000122070312,89.0199966430664,88.72000122070312,88.87999725341797,31275,0.0,0.0,0.0
2024-09-26 12:30:00-04:00,88.86930084228516,88.91899871826172,88.75,88.87999725341797,25021,0.0,0.0,0.0
2024-09-26 13:30:00-04:00,88.91999816894531,89.05000305175781,88.88999938964844,89.01000213623047,31643,0.0,0.0,0.0
2024-09-26 14:30:00-04:00,89.0,89.03900146484375,88.93000030517578,88.94989776611328,22874,0.0,0.0,0.0
2024-09-26 15:30:00-04:00,88.95030212402344,89.00900268554688,88.89009857177734,88.93000030517578,22983,0.0,0.0,0.0
2024-09-27 09:30:00-04:00,88.76000213623047,89.08999633789062,88.55000305175781,89.06999969482422,39253,0.0,0.0,0.0
2024-09-27 10:30:00-04:00,89.05000305175781,89.06999969482422,88.7699966430664,88.87000274658203,37148,0.0,0.0,0.0
2024-09-27 11:30:00-04:00,88.8511962890625,88.8511962890625,88.55000305175781,88.58999633789062,23202,0.0,0.0,0.0
2024-09-27 12:30:00-04:00,88.70989990234375,88.70989990234375,88.50530242919922,88.56500244140625,30125,0.0,0.0,0.0
2024-09-27 13:30:00-04:00,88.5343017578125,88.55989837646484,88.41000366210938,88.41000366210938,23020,0.0,0.0,0.0
2024-09-27 14:30:00-04:00,88.34750366210938,88.52999877929688,88.31500244140625,88.45339965820312,26951,0.0,0.0,0.0
2024-09-27 15:30:00-04:00,88.4749984741211,88.50499725341797,88.3499984741211,88.3499984741211,34829,0.0,0.0,0.0
2024-09-30 09:30:00-04:00,88.5,88.5,88.25129699707031,88.26679992675781,33148,0.0,0.0,0.0
2024-09-30 10:30:00-04:00,88.2699966430664,88.40910339355469,88.18499755859375,88.18499755859375,16441,0.0,0.0,0.0
2024-09-30 11:30:00-04:00,88.17749786376953,88.21990203857422,88.06559753417969,88.17479705810547,28871,0.0,0.0,0.0
2024-09-30 12:30:00-04:00,88.20110321044922,88.25,88.17289733886719,88.21150207519531,13489,0.0,0.0,0.0
2024-09-30 13:30:00-04:00,88.19999694824219,88.25,87.79000091552734,87.83599853515625,22158,0.0,0.0,0.0
2024-09-30 14:30:00-04:00,87.87000274658203,88.1050033569336,87.84500122070312,88.03500366210938,31024,0.0,0.0,0.0
2024-09-30 15:30:00-04:00,88.03500366210938,88.27999877929688,87.98290252685547,88.22000122070312,22614,0.0,0.0,0.0
2024-10-01 09:30:00-04:00,88.54000091552734,88.54000091552734,87.80000305175781,87.83999633789062,32358,0.0,0.0,0.0
2024-10-01 10:30:00-04:00,87.84940338134766,88.04499816894531,87.72799682617188,87.97000122070312,15762,0.0,0.0,0.0
2024-10-01 11:30:00-04:00,87.96499633789062,88.05999755859375,87.83999633789062,87.9000015258789,47866,0.0,0.0,0.0
2024-10-01 12:30:00-04:00,87.8949966430664,87.8949966430664,87.5999984741211,87.64900207519531,36810,0.0,0.0,0.0
2024-10-01 13:30:00-04:00,87.63349914550781,88.21330261230469,87.63349914550781,88.19999694824219,19898,0.0,0.0,0.0
2024-10-01 14:30:00-04:00,88.26000213623047,88.27999877929688,88.1500015258789,88.23999786376953,82853,0.0,0.0,0.0
2024-10-01 15:30:00-04:00,88.22000122070312,88.22000122070312,88.02999877929688,88.05999755859375,20694,0.0,0.0,0.0
2024-10-02 09:30:00-04:00,87.70999908447266,87.70999908447266,87.29499816894531,87.57620239257812,35224,0.0,0.0,0.0
2024-10-02 10:30:00-04:00,87.54000091552734,87.63390350341797,87.47000122070312,87.58899688720703,26520,0.0,0.0,0.0
2024-10-02 11:30:00-04:00,87.6449966430664,87.81999969482422,87.6449966430664,87.73999786376953,30449,0.0,0.0,0.0
2024-10-02 12:30:00-04:00,87.69000244140625,87.69940185546875,87.5531997680664,87.6259994506836,26740,0.0,0.0,0.0
2024-10-02 13:30:00-04:00,87.64720153808594,87.74369812011719,87.55000305175781,87.5791015625,18793,0.0,0.0,0.0
2024-10-02 14:30:00-04:00,87.58999633789062,87.69999694824219,87.58999633789062,87.6500015258789,25374,0.0,0.0,0.0
2024-10-02 15:30:00-04:00,87.6449966430664,87.72000122070312,87.61009979248047,87.68000030517578,24595,0.0,0.0,0.0
2024-10-03 09:30:00-04:00,86.83999633789062,86.94999694824219,86.61190032958984,86.6511001586914,27126,0.0,0.0,0.0
2024-10-03 10:30:00-04:00,86.58000183105469,86.70999908447266,86.53939819335938,86.625,17510,0.0,0.0,0.0
2024-10-03 11:30:00-04:00,86.70179748535156,86.96620178222656,86.70179748535156,86.94000244140625,15802,0.0,0.0,0.0
2024-10-03 12:30:00-04:00,86.91999816894531,86.91999816894531,86.68000030517578,86.68000030517578,18813,0.0,0.0,0.0
2024-10-03 13:30:00-04:00,86.68000030517578,86.81500244140625,86.66999816894531,86.77010345458984,23986,0.0,0.0,0.0
2024-10-03 14:30:00-04:00,86.79399871826172,86.83000183105469,86.69499969482422,86.76000213623047,47138,0.0,0.0,0.0
2024-10-03 15:30:00-04:00,86.75499725341797,86.81999969482422,86.71009826660156,86.81999969482422,21171,0.0,0.0,0.0
2024-10-04 09:30:00-04:00,86.75,86.98999786376953,86.75,86.77999877929688,47902,0.0,0.0,0.0
2024-10-04 10:30:00-04:00,86.7300033569336,86.90499877929688,86.67009735107422,86.67009735107422,17630,0.0,0.0,0.0
2024-10-04 11:30:00-04:00,86.66000366210938,86.92739868164062,86.66000366210938,86.77999877929688,26600,0.0,0.0,0.0
2024-10-04 12:30:00-04:00,86.77999877929688,86.98999786376953,86.77999877929688,86.95999908447266,25261,0.0,0.0,0.0
2024-10-04 13:30:00-04:00,86.95500183105469,86.9885025024414,86.81999969482422,86.8833999633789,41903,0.0,0.0,0.0
2024-10-04 14:30:00-04:00,86.91000366210938,86.99500274658203,86.88150024414062,86.99500274658203,25555,0.0,0.0,0.0
2024-10-04 15:30:00-04:00,86.9800033569336,87.13999938964844,86.96289825439453,87.12000274658203,16606,0.0,0.0,0.0
2024-10-07 09:30:00-04:00,86.80999755859375,86.9198989868164,86.73999786376953,86.83000183105469,24690,0.0,0.0,0.0
2024-10-07 10:30:00-04:00,86.77799987792969,86.82479858398438,86.66000366210938,86.73999786376953,46804,0.0,0.0,0.0
2024-10-07 11:30:00-04:00,86.7698974609375,86.80999755859375,86.66999816894531,86.70999908447266,20855,0.0,0.0,0.0
2024-10-07 12:30:00-04:00,86.70999908447266,86.8687973022461,86.69999694824219,86.82499694824219,9204,0.0,0.0,0.0
2024-10-07 13:30:00-04:00,86.83000183105469,86.83499908447266,86.62000274658203,86.64330291748047,17217,0.0,0.0,0.0
2024-10-07 14:30:00-04:00,86.58000183105469,86.58999633789062,86.33000183105469,86.47000122070312,27455,0.0,0.0,0.0
2024-10-07 15:30:00-04:00,86.47000122070312,86.67980194091797,86.42500305175781,86.62000274658203,24374,0.0,0.0,0.0
2024-10-08 09:30:00-04:00,86.77169799804688,86.77169799804688,86.5343017578125,86.5343017578125,27383,0.0,0.0,0.0
2024-10-08 10:30:00-04:00,86.50499725341797,86.6500015258789,86.48290252685547,86.55000305175781,18380,0.0,0.0,0.0
2024-10-08 11:30:00-04:00,86.53160095214844,86.7300033569336,86.48500061035156,86.7300033569336,21265,0.0,0.0,0.0
2024-10-08 12:30:00-04:00,86.72000122070312,86.75,86.5250015258789,86.59500122070312,20814,0.0,0.0,0.0
2024-10-08 13:30:00-04:00,86.58000183105469,86.69000244140625,86.58000183105469,86.6272964477539,14609,0.0,0.0,0.0
2024-10-08 14:30:00-04:00,86.625,86.69999694824219,86.57530212402344,86.63500213623047,18396,0.0,0.0,0.0
2024-10-08 15:30:00-04:00,86.62999725341797,86.7750015258789,86.62000274658203,86.7300033569336,14772,0.0,0.0,0.0
2024-10-09 09:30:00-04:00,86.2699966430664,86.62999725341797,86.2699966430664,86.54000091552734,61225,0.0,0.0,0.0
2024-10-09 10:30:00-04:00,86.55000305175781,86.83799743652344,86.51509857177734,86.82099914550781,17114,0.0,0.0,0.0
2024-10-09 11:30:00-04:00,86.83999633789062,86.88349914550781,86.77999877929688,86.82019805908203,22013,0.0,0.0,0.0
2024-10-09 12:30:00-04:00,86.81999969482422,86.87000274658203,86.7603988647461,86.83999633789062,71758,0.0,0.0,0.0
2024-10-09 13:30:00-04:00,86.83999633789062,86.86669921875,86.74500274658203,86.84500122070312,15436,0.0,0.0,0.0
2024-10-09 14:30:00-04:00,86.83999633789062,86.88800048828125,86.79000091552734,86.87000274658203,26094,0.0,0.0,0.0
2024-10-09 15:30:00-04:00,86.87000274658203,86.9000015258789,86.81999969482422,86.86000061035156,20275,0.0,0.0,0.0
2024-10-10 09:30:00-04:00,86.47000122070312,86.4800033569336,86.16500091552734,86.36499786376953,28857,0.0,0.0,0.0
2024-10-10 10:30:00-04:00,86.36000061035156,86.47000122070312,86.29429626464844,86.45999908447266,11494,0.0,0.0,0.0
2024-10-10 11:30:00-04:00,86.44000244140625,86.6155014038086,86.44000244140625,86.55999755859375,19285,0.0,0.0,0.0
2024-10-10 12:30:00-04:00,86.58000183105469,86.5873031616211,86.3550033569336,86.50499725341797,25208,0.0,0.0,0.0
2024-10-10 13:30:00-04:00,86.5199966430664,86.5999984741211,86.4749984741211,86.51000213623047,49077,0.0,0.0,0.0
2024-10-10 14:30:00-04:00,86.51899719238281,86.52999877929688,86.44499969482422,86.51000213623047,19122,0.0,0.0,0.0
2024-10-10 15:30:00-04:00,86.51000213623047,86.72000122070312,86.51000213623047,86.66000366210938,40466,0.0,0.0,0.0
2024-10-11 09:30:00-04:00,86.69999694824219,87.22000122070312,86.69999694824219,87.19499969482422,30644,0.0,0.0,0.0
2024-10-11 10:30:00-04:00,87.16000366210938,87.20040130615234,87.0199966430664,87.18000030517578,24815,0.0,0.0,0.0
2024-10-11 11:30:00-04:00,87.20500183105469,87.23999786376953,87.05999755859375,87.10250091552734,25999,0.0,0.0,0.0
2024-10-11 12:30:00-04:00,87.08000183105469,87.12989807128906,86.9800033569336,87.0199966430664,15425,0.0,0.0,0.0
2024-10-11 13:30:00-04:00,87.02999877929688,87.15989685058594,87.02999877929688,87.12100219726562,11375,0.0,0.0,0.0
2024-10-11 14:30:00-04:00,87.11100006103516,87.13999938964844,87.05999755859375,87.09500122070312,42469,0.0,0.0,0.0
2024-10-11 15:30:00-04:00,87.08999633789062,87.11000061035156,87.01000213623047,87.02999877929688,30411,0.0,0.0,0.0
2024-10-14 09:30:00-04:00,86.94000244140625,87.15989685058594,86.79000091552734,87.06500244140625,0,0.0,0.0,0.0
2024-10-14 10:30:00-04:00,87.05999755859375,87.13839721679688,87.0,87.08999633789062,44423,0.0,0.0,0.0
2024-10-14 11:30:00-04:00,87.08999633789062,87.19999694824219,87.05999755859375,87.17500305175781,117101,0.0,0.0,0.0
2024-10-14 12:30:00-04:00,87.19000244140625,87.22899627685547,87.16000366210938,87.16500091552734,58433,0.0,0.0,0.0
2024-10-14 13:30:00-04:00,87.16999816894531,87.2300033569336,87.13999938964844,87.20500183105469,41788,0.0,0.0,0.0
2024-10-14 14:30:00-04:00,87.19999694824219,87.29989624023438,87.16999816894531,87.29000091552734,35694,0.0,0.0,0.0
2024-10-14 15:30:00-04:00,87.27999877929688,87.27999877929688,87.22010040283203,87.2300033569336,28154,0.0,0.0,0.0
2024-10-15 09:30:00-04:00,87.0,87.0,86.83999633789062,86.83999633789062,31565,0.0,0.0,0.0
2024-10-15 10:30:00-04:00,86.69999694824219,86.79499816894531,86.5552978515625,86.72000122070312,24115,0.0,0.0,0.0
2024-10-15 11:30:00-04:00,86.72000122070312,86.72000122070312,86.40440368652344,86.54000091552734,59698,0.0,0.0,0.0
2024-10-15 12:30:00-04:00,86.54499816894531,86.5999984741211,86.36000061035156,86.36000061035156,18513,0.0,0.0,0.0
2024-10-15 13:30:00-04:00,86.37480163574219,86.47000122070312,86.33999633789062,86.41000366210938,16026,0.0,0.0,0.0
2024-10-15 14:30:00-04:00,86.37359619140625,86.43000030517578,86.25360107421875,86.3550033569336,12517,0.0,0.0,0.0
2024-10-15 15:30:00-04:00,86.36990356445312,86.36990356445312,86.26000213623047,86.31999969482422,20429,0.0,0.0,0.0
2024-10-16 09:30:00-04:00,86.44000244140625,86.55500030517578,86.3958969116211,86.5,27426,0.0,0.0,0.0
2024-10-16 10:30:00-04:00,86.5009994506836,86.5009994506836,86.3499984741211,86.44499969482422,21988,0.0,0.0,0.0
2024-10-16 11:30:00-04:00,86.43000030517578,86.47000122070312,86.3499984741211,86.45999908447266,19846,0.0,0.0,0.0
2024-10-16 12:30:00-04:00,86.44000244140625,86.51000213623047,86.41000366210938,86.47989654541016,31183,0.0,0.0,0.0
2024-10-16 13:30:00-04:00,86.45099639892578,86.60980224609375,86.44999694824219,86.58000183105469,24319,0.0,0.0,0.0
2024-10-16 14:30:00-04:00,86.58999633789062,86.60990142822266,86.4800033569336,86.4800033569336,19179,0.0,0.0,0.0
2024-10-16 15:30:00-04:00,86.4800033569336,86.55999755859375,86.4800033569336,86.54000091552734,16379,0.0,0.0,0.0
2024-10-17 09:30:00-04:00,86.80000305175781,86.80000305175781,86.52010345458984,86.55000305175781,31487,0.0,0.0,0.0
2024-10-17 10:30:00-04:00,86.55999755859375,86.68000030517578,86.52999877929688,86.68000030517578,8029,0.0,0.0,0.0
2024-10-17 11:30:00-04:00,86.71900177001953,86.74800109863281,86.60870361328125,86.63999938964844,22902,0.0,0.0,0.0
2024-10-17 12:30:00-04:00,86.61180114746094,86.69999694824219,86.55449676513672,86.59500122070312,22116,0.0,0.0,0.0
2024-10-17 13:30:00-04:00,86.58879852294922,86.63999938964844,86.5199966430664,86.54000091552734,18618,0.0,0.0,0.0
2024-10-17 14:30:00-04:00,86.53250122070312,86.58000183105469,86.50520324707031,86.55500030517578,18783,0.0,0.0,0.0
2024-10-17 15:30:00-04:00,86.55000305175781,86.58999633789062,86.5199966430664,86.58999633789062,14451,0.0,0.0,0.0
2024-10-18 09:30:00-04:00,86.81999969482422,86.81999969482422,86.60050201416016,86.70999908447266,24215,0.0,0.0,0.0
2024-10-18 10:30:00-04:00,86.70359802246094,86.87000274658203,86.70359802246094,86.83999633789062,33509,0.0,0.0,0.0
2024-10-18 11:30:00-04:00,86.87999725341797,86.9000015258789,86.80000305175781,86.9000015258789,22187,0.0,0.0,0.0
2024-10-18 12:30:00-04:00,86.88999938964844,86.9749984741211,86.86000061035156,86.9541015625,11059,0.0,0.0,0.0
2024-10-18 13:30:00-04:00,86.93499755859375,86.9800033569336,86.87999725341797,86.9800033569336,14726,0.0,0.0,0.0
2024-10-18 14:30:00-04:00,86.95010375976562,86.9800033569336,86.8499984741211,86.94000244140625,19518,0.0,0.0,0.0
2024-10-18 15:30:00-04:00,86.92500305175781,86.97000122070312,86.9010009765625,86.95999908447266,17486,0.0,0.0,0.0
2024-10-21 09:30:00-04:00,86.45999908447266,86.56839752197266,86.2300033569336,86.2300033569336,23315,0.0,0.0,0.0
2024-10-21 10:30:00-04:00,86.2697982788086,86.2697982788086,85.91999816894531,85.91999816894531,24035,0.0,0.0,0.0
2024-10-21 11:30:00-04:00,85.89299774169922,86.07990264892578,85.89299774169922,85.99500274658203,22592,0.0,0.0,0.0
2024-10-21 12:30:00-04:00,86.02999877929688,86.15989685058594,86.0000991821289,86.125,14889,0.0,0.0,0.0
2024-10-21 13:30:00-04:00,86.11119842529297,86.12809753417969,86.01000213623047,86.01000213623047,18414,0.0,0.0,0.0
2024-10-21 14:30:00-04:00,86.01000213623047,86.04000091552734,85.94319915771484,86.0198974609375,13700,0.0,0.0,0.0
2024-10-21 15:30:00-04:00,85.98999786376953,86.04000091552734,85.9457015991211,86.04000091552734,20437,0.0,0.0,0.0
2024-10-22 09:30:00-04:00,85.39109802246094,85.4999008178711,85.3301010131836,85.36990356445312,27205,0.0,0.0,0.0
2024-10-22 10:30:00-04:00,85.3552017211914,85.38999938964844,85.29000091552734,85.30999755859375,21454,0.0,0.0,0.0
2024-10-22 11:30:00-04:00,85.33499908447266,85.37000274658203,85.19999694824219,85.21499633789062,27121,0.0,0.0,0.0
2024-10-22 12:30:00-04:00,85.22000122070312,85.33999633789062,85.22000122070312,85.29959869384766,27856,0.0,0.0,0.0
2024-10-22 13:30:00-04:00,85.3135986328125,85.4999008178711,85.3042984008789,85.41500091552734,30487,0.0,0.0,0.0
2024-10-22 14:30:00-04:00,85.40499877929688,85.43000030517578,85.33000183105469,85.40679931640625,24170,0.0,0.0,0.0
2024-10-22 15:30:00-04:00,85.40499877929688,85.47000122070312,85.37999725341797,85.37999725341797,30349,0.0,0.0,0.0
2024-10-23 09:30:00-04:00,84.81999969482422,84.96990203857422,84.75,84.84349822998047,37536,0.0,0.0,0.0
2024-10-23 10:30:00-04:00,84.94149780273438,84.94149780273438,84.66380310058594,84.67500305175781,11812,0.0,0.0,0.0
2024-10-23 11:30:00-04:00,84.67500305175781,84.86000061035156,84.6500015258789,84.7249984741211,27948,0.0,0.0,0.0
2024-10-23 12:30:00-04:00,84.70500183105469,84.80760192871094,84.55999755859375,84.58999633789062,26056,0.0,0.0,0.0
2024-10-23 13:30:00-04:00,84.57499694824219,84.61000061035156,84.38200378417969,84.4800033569336,52584,0.0,0.0,0.0
2024-10-23 14:30:00-04:00,84.54499816894531,84.66000366210938,84.52010345458984,84.6500015258789,20110,0.0,0.0,0.0
2024-10-23 15:30:00-04:00,84.62999725341797,84.72720336914062,84.61000061035156,84.69000244140625,19168,0.0,0.0,0.0
2024-10-24 09:30:00-04:00,85.19999694824219,85.23819732666016,85.02749633789062,85.02749633789062,36241,0.0,0.0,0.0
2024-10-24 10:30:00-04:00,85.0199966430664,85.07499694824219,84.875,84.88999938964844,11556,0.0,0.0,0.0
2024-10-24 11:30:00-04:00,84.8499984741211,84.87000274658203,84.7249984741211,84.87000274658203,25926,0.0,0.0,0.0
2024-10-24 12:30:00-04:00,84.87000274658203,85.06999969482422,84.86000061035156,85.06999969482422,14411,0.0,0.0,0.0
2024-10-24 13:30:00-04:00,85.04499816894531,85.0698013305664,84.91999816894531,84.95999908447266,17104,0.0,0.0,0.0
2024-10-24 14:30:00-04:00,84.95500183105469,85.03700256347656,84.91500091552734,85.01599884033203,21503,0.0,0.0,0.0
2024-10-24 15:30:00-04:00,85.0199966430664,85.06999969482422,84.98999786376953,85.02999877929688,26399,0.0,0.0,0.0
2024-10-25 09:30:00-04:00,85.3499984741211,85.51000213623047,85.18000030517578,85.48500061035156,35818,0.0,0.0,0.0
2024-10-25 10:30:00-04:00,85.47000122070312,85.5,85.1718978881836,85.1718978881836,16305,0.0,0.0,0.0
2024-10-25 11:30:00-04:00,85.20989990234375,85.2499008178711,85.11000061035156,85.24500274658203,23618,0.0,0.0,0.0
2024-10-25 12:30:00-04:00,85.24120330810547,85.26000213623047,85.0,85.0250015258789,13743,0.0,0.0,0.0
2024-10-25 13:30:00-04:00,84.9800033569336,85.05999755859375,84.85009765625,85.02989959716797,19101,0.0,0.0,0.0
2024-10-25 14:30:00-04:00,85.00990295410156,85.05000305175781,84.9000015258789,84.91999816894531,25956,0.0,0.0,0.0
2024-10-25 15:30:00-04:00,84.92500305175781,85.01000213623047,84.9000015258789,85.0,30841,0.0,0.0,0.0
